step_arrived;step_collisions;step_duration;step_ended;step_halting;step_inserted;step_loaded;step_meanSpeed;step_meanSpeedRelative;step_meanTravelTime;step_meanWaitingTime;step_running;step_teleports;step_time;step_waiting
0;0;625648502;0;1;89;245;16.08;1.13;-1.00;0.00;89;0;0.00;156
0;0;625648533;0;0;103;245;15.13;1.04;-1.00;0.14;103;0;1.00;142
0;0;625648535;0;2;123;245;14.46;0.98;-1.00;0.44;123;0;2.00;122
0;0;625648536;0;3;140;245;13.27;0.89;-1.00;0.75;140;0;3.00;105
0;0;625648538;0;3;149;245;12.47;0.84;-1.00;0.95;149;0;4.00;96
0;0;625648540;0;7;160;245;11.50;0.77;-1.00;1.23;160;0;5.00;85
0;0;625648542;0;9;167;245;10.97;0.73;-1.00;1.43;167;0;6.00;78
0;0;625648543;0;14;174;245;10.34;0.69;-1.00;1.65;174;0;7.00;71
0;0;625648545;0;18;180;246;10.09;0.67;-1.00;1.86;180;0;8.00;66
0;0;625648549;0;18;184;247;9.82;0.65;-1.00;2.02;184;0;9.00;63
0;0;625648552;0;21;192;247;9.67;0.64;-1.00;2.31;192;0;10.00;55
0;0;625648554;0;24;194;248;9.56;0.63;-1.00;2.35;194;0;11.00;54
1;0;625648557;1;30;198;248;9.38;0.61;12.00;2.55;197;0;12.00;50
1;0;625648561;1;33;205;248;9.19;0.60;12.00;2.90;204;0;13.00;43
1;0;625648563;1;37;209;248;9.21;0.60;12.00;3.11;208;0;14.00;39
1;0;625648566;1;40;214;252;9.13;0.59;12.00;3.22;213;0;15.00;38
1;0;625648570;1;46;218;252;8.88;0.57;12.00;3.45;217;0;16.00;34
1;0;625648573;1;47;220;252;8.73;0.56;12.00;3.58;219;0;17.00;32
1;0;625648576;1;48;224;255;8.80;0.56;12.00;3.67;223;0;18.00;31
1;0;625648581;1;55;228;255;8.83;0.56;12.00;3.94;227;0;19.00;27
2;0;625648585;2;59;229;255;8.94;0.57;16.00;4.01;227;0;20.00;26
3;0;625648588;3;60;235;259;9.11;0.58;17.67;4.11;232;0;21.00;24
4;0;625648592;4;65;238;260;9.04;0.57;18.75;4.24;234;0;22.00;22
4;0;625648608;4;68;241;260;8.93;0.56;18.75;4.48;237;0;23.00;19
5;0;625648611;5;76;247;264;8.83;0.55;19.40;4.66;242;0;24.00;17
6;0;625648615;6;79;247;264;8.82;0.55;20.33;4.66;241;0;25.00;17
6;0;625648619;6;83;249;264;8.82;0.55;20.33;4.83;243;0;26.00;15
6;0;625648622;6;86;251;265;8.79;0.55;20.33;4.90;245;0;27.00;14
6;0;625648625;6;87;251;265;8.75;0.54;20.33;4.90;245;0;28.00;14
6;0;625648628;6;90;257;271;8.60;0.53;20.33;5.03;251;0;29.00;14
6;0;625648634;6;94;258;271;8.54;0.53;20.33;5.12;252;0;30.00;13
7;0;625648638;7;96;260;272;8.40;0.52;21.43;5.21;253;0;31.00;12
8;0;625648641;8;99;261;272;8.46;0.52;22.75;5.31;253;0;32.00;11
8;0;625648645;8;103;261;272;8.53;0.53;22.75;5.31;253;0;33.00;11
8;0;625648648;8;109;263;272;8.50;0.53;22.75;5.44;255;0;34.00;9
9;0;625648652;9;112;264;272;8.40;0.52;23.56;5.50;255;0;35.00;8
11;0;625648656;11;114;275;284;8.53;0.53;25.45;5.36;264;0;36.00;9
11;0;625648663;11;120;276;284;8.51;0.53;25.45;5.41;265;0;37.00;8
12;0;625648668;12;119;277;284;8.40;0.52;26.25;5.39;265;0;38.00;7
13;0;625648673;13;122;278;284;8.21;0.51;26.85;5.41;265;0;39.00;6
13;0;625648677;13;125;278;284;8.11;0.50;26.85;5.41;265;0;40.00;6
14;0;625648681;14;127;278;284;8.01;0.50;27.71;5.41;264;0;41.00;6
14;0;625648685;14;130;283;288;7.99;0.49;27.71;5.38;269;0;42.00;5
14;0;625648693;14;132;284;288;7.92;0.49;27.71;5.39;270;0;43.00;4
14;0;625648697;14;135;287;292;7.94;0.49;27.71;5.34;273;0;44.00;5
16;0;625648702;16;137;290;294;7.81;0.48;29.31;5.29;274;0;45.00;4
17;0;625648706;17;140;290;294;7.62;0.47;29.06;5.29;273;0;46.00;4
18;0;625648709;18;140;290;294;7.51;0.46;29.67;5.29;272;0;47.00;4
18;0;625648714;18;144;301;307;7.75;0.48;29.67;5.10;283;0;48.00;6
18;0;625648719;18;144;302;307;7.65;0.47;29.67;5.09;284;0;49.00;5
18;0;625648723;18;148;302;307;7.56;0.47;29.67;5.09;284;0;50.00;5
18;0;625648727;18;150;303;308;7.46;0.46;29.67;5.07;285;0;51.00;5
18;0;625648730;18;152;304;309;7.36;0.46;29.67;5.06;286;0;52.00;5
18;0;625648733;18;154;304;309;7.32;0.46;29.67;5.06;286;0;53.00;5
18;0;625648737;18;156;306;312;7.35;0.46;29.67;5.03;288;0;54.00;6
21;0;625648742;21;159;306;312;7.20;0.45;31.52;5.03;285;0;55.00;6
23;0;625648745;23;148;307;312;7.19;0.45;32.65;5.02;284;0;56.00;5
23;0;625648749;23;143;307;312;7.21;0.45;32.65;5.02;284;0;57.00;5
23;0;625648752;23;142;312;318;7.24;0.45;32.65;4.95;289;0;58.00;6
23;0;625648757;23;140;312;318;7.21;0.45;32.65;4.95;289;0;59.00;6
24;0;625648763;24;145;313;318;7.31;0.45;33.71;4.95;289;0;60.00;5
25;0;625648768;25;148;313;318;7.32;0.45;33.60;4.95;288;0;61.00;5
27;0;625648773;27;149;317;322;7.30;0.45;35.48;4.90;290;0;62.00;5
28;0;625648778;28;153;318;323;7.43;0.45;36.46;4.88;290;0;63.00;5
30;0;625648782;30;155;318;323;7.43;0.45;36.90;4.88;288;0;64.00;5
30;0;625648786;30;157;319;324;7.58;0.46;36.90;4.87;289;0;65.00;5
30;0;625648791;30;159;319;324;7.63;0.47;36.90;4.87;289;0;66.00;5
30;0;625648794;30;146;319;324;7.79;0.48;36.90;4.87;289;0;67.00;5
31;0;625648800;31;140;319;324;7.97;0.49;37.90;4.87;288;0;68.00;5
31;0;625648805;31;137;319;324;8.08;0.49;37.90;4.87;288;0;69.00;5
32;1;625648808;32;131;319;324;8.25;0.50;38.72;4.87;287;1;70.00;5
32;1;625648830;32;128;319;324;8.37;0.51;38.72;4.87;287;1;71.00;5
33;1;625648835;33;135;356;394;8.57;0.53;39.73;4.36;323;1;72.00;38
33;2;625648852;33;125;357;395;8.71;0.53;39.73;4.35;324;2;73.00;38
34;2;625648885;34;120;363;395;9.08;0.56;40.74;4.31;329;2;74.00;32
35;2;625648891;35;116;368;395;9.36;0.57;41.49;4.30;333;2;75.00;27
35;2;625648896;35;113;373;395;9.58;0.59;41.49;4.29;338;2;76.00;22
36;2;625648919;36;110;376;395;9.65;0.59;41.89;4.30;340;2;77.00;19
37;2;625648924;37;111;378;395;9.75;0.59;42.86;4.31;341;2;78.00;17
38;2;625648929;38;110;378;395;9.75;0.59;43.37;4.31;340;2;79.00;17
38;2;625648934;38;109;380;396;9.76;0.59;43.37;4.31;342;2;80.00;16
38;2;625648947;38;114;381;397;9.74;0.59;43.37;4.30;343;2;81.00;16
38;2;625648952;38;118;382;397;9.73;0.59;43.37;4.31;344;2;82.00;15
38;2;625648957;38;121;386;401;9.54;0.58;43.37;4.28;348;2;83.00;15
39;2;625648962;39;122;386;401;9.49;0.58;44.41;4.28;347;2;84.00;15
41;2;625648969;41;123;386;401;9.43;0.57;46.39;4.28;345;2;85.00;15
41;2;625648974;41;124;386;401;9.24;0.56;46.39;4.28;345;2;86.00;15
42;2;625648979;42;125;390;407;9.11;0.55;47.36;4.24;348;2;87.00;17
42;2;625648986;42;132;390;407;8.99;0.55;47.36;4.24;348;2;88.00;17
43;2;625648990;43;134;391;407;8.90;0.54;48.33;4.24;348;2;89.00;16
44;2;625648998;44;134;394;413;8.82;0.54;49.27;4.21;350;2;90.00;19
46;2;625649003;46;134;395;413;8.76;0.53;51.09;4.20;349;2;91.00;18
47;2;625649008;47;134;395;413;8.72;0.53;51.96;4.20;348;2;92.00;18
50;2;625649014;50;137;397;414;8.74;0.53;54.22;4.19;347;2;93.00;17
50;2;625649018;50;138;398;415;8.84;0.54;54.22;4.18;348;2;94.00;17
50;2;625649023;50;138;399;415;8.90;0.54;54.22;4.18;349;2;95.00;16
51;2;625649035;51;141;409;428;8.80;0.54;55.04;4.08;358;2;96.00;19
54;2;625649042;54;140;410;428;8.85;0.54;56.04;4.07;356;2;97.00;18
56;2;625649048;56;140;410;428;8.83;0.54;57.52;4.07;354;2;98.00;18
59;2;625649053;59;135;411;429;8.87;0.54;59.53;4.06;352;2;99.00;18
60;2;625649060;60;129;411;429;8.89;0.54;59.85;4.06;351;2;100.00;18
62;2;625649073;62;126;413;433;9.07;0.55;61.16;4.05;351;2;101.00;20
62;2;625649079;62;121;413;433;9.15;0.56;61.16;4.05;351;2;102.00;20
63;2;625649084;63;118;418;437;9.18;0.56;61.67;4.02;355;2;103.00;19
64;2;625649090;64;111;418;437;9.29;0.57;62.33;4.02;354;2;104.00;19
64;2;625649097;64;107;418;437;9.50;0.58;62.33;4.02;354;2;105.00;19
66;2;625649104;66;101;418;437;9.62;0.58;63.62;4.02;352;2;106.00;19
66;2;625649113;66;98;418;437;9.81;0.60;63.62;4.02;352;2;107.00;19
68;2;625649120;68;92;429;449;9.93;0.61;64.88;3.91;361;2;108.00;20
68;2;625649128;68;84;430;449;10.08;0.62;64.88;3.91;362;2;109.00;19
68;2;625649134;68;81;430;449;10.22;0.62;64.88;3.91;362;2;110.00;19
69;2;625649140;69;80;430;449;10.43;0.64;65.52;3.91;361;2;111.00;19
69;2;625649147;69;77;430;449;10.60;0.65;65.52;3.91;361;2;112.00;19
69;2;625649153;69;76;430;449;10.77;0.66;65.52;3.91;361;2;113.00;19
69;2;625649160;69;74;431;450;10.93;0.67;65.52;3.90;362;2;114.00;19
70;2;625649168;70;75;431;450;11.05;0.68;66.23;3.90;361;2;115.00;19
71;2;625649176;71;72;435;456;11.24;0.69;66.25;3.87;364;2;116.00;21
73;2;625649186;73;70;438;457;11.34;0.69;67.52;4.12;365;2;117.00;19
73;2;625649194;73;73;438;457;11.40;0.69;67.52;4.12;365;2;118.00;19
73;2;625649208;73;72;441;457;11.38;0.69;67.52;4.57;368;2;119.00;16
73;2;625649223;73;74;445;462;11.59;0.71;67.52;4.53;372;2;120.00;17
74;2;625649233;74;76;445;462;11.67;0.71;68.23;4.53;371;2;121.00;17
75;2;625649241;75;76;446;462;11.66;0.71;68.95;4.80;371;2;122.00;16
75;2;625649249;75;76;449;463;11.71;0.72;68.95;4.99;374;2;123.00;14
76;2;625649259;76;76;453;467;11.71;0.72;69.64;4.96;377;2;124.00;14
79;2;625649278;79;79;454;467;11.72;0.71;71.41;5.22;375;2;125.00;13
79;2;625649288;79;84;458;470;11.77;0.72;71.41;5.41;379;2;126.00;12
80;2;625649296;80;86;460;470;11.91;0.73;71.78;5.56;380;2;127.00;10
81;2;625649304;81;89;462;470;11.93;0.73;72.47;5.78;381;2;128.00;8
83;2;625649323;83;91;462;470;11.97;0.73;73.39;5.78;379;2;129.00;8
83;2;625649335;83;92;467;474;12.04;0.74;73.39;6.01;384;2;130.00;7
84;2;625649345;84;92;467;474;11.98;0.73;73.21;6.01;383;2;131.00;7
88;2;625649354;88;90;468;474;11.99;0.73;75.53;6.00;380;2;132.00;6
91;2;625649366;91;90;469;474;11.99;0.73;77.16;6.12;378;2;133.00;5
91;2;625649377;91;91;472;475;12.01;0.73;77.16;6.13;381;2;134.00;3
93;2;625649390;93;92;475;477;11.92;0.73;77.25;6.17;382;2;135.00;2
94;2;625649404;94;92;475;477;11.93;0.73;77.87;6.17;381;2;136.00;2
95;2;625649421;95;94;476;478;11.99;0.74;78.08;6.16;381;2;137.00;2
96;2;625649431;96;98;477;478;12.02;0.74;78.71;6.24;381;2;138.00;1
100;2;625649441;100;100;477;478;11.92;0.73;79.69;6.24;377;2;139.00;1
101;2;625649452;101;102;477;478;11.90;0.73;80.29;6.24;376;2;140.00;1
102;2;625649460;102;104;478;478;11.85;0.73;80.45;6.27;376;2;141.00;0
105;2;625649469;105;106;478;478;11.67;0.72;81.97;6.27;373;2;142.00;0
109;2;625649477;109;108;478;478;11.45;0.71;83.07;6.27;369;2;143.00;0
111;2;625649486;111;129;551;605;10.95;0.69;84.17;5.44;440;2;144.00;54
114;2;625649506;114;123;556;606;10.78;0.68;84.28;5.40;442;2;145.00;50
116;2;625649514;116;118;562;606;10.76;0.68;84.78;5.37;446;2;146.00;44
116;2;625649522;116;121;569;606;10.64;0.67;84.78;5.34;453;2;147.00;37
117;2;625649529;117;122;575;606;10.61;0.67;85.30;5.33;458;2;148.00;31
118;2;625649538;118;126;579;606;10.64;0.67;85.82;5.32;461;2;149.00;27
119;2;625649549;119;123;584;611;10.76;0.67;86.32;5.33;465;2;150.00;27
120;2;625649560;120;123;589;611;10.86;0.68;86.76;5.34;469;2;151.00;22
123;2;625649569;123;125;593;612;10.93;0.68;87.11;5.35;470;2;152.00;19
125;2;625649578;125;125;594;613;10.96;0.68;87.01;5.36;469;2;153.00;19
127;2;625649588;127;127;597;613;10.98;0.68;87.50;5.38;470;2;154.00;16
129;2;625649597;129;126;599;614;10.86;0.67;88.48;5.38;470;2;155.00;15
130;2;625649606;130;128;601;614;10.79;0.67;89.00;5.40;471;2;156.00;13
131;2;625649614;131;131;602;614;10.75;0.67;89.50;5.42;471;2;157.00;12
131;2;625649623;131;137;605;614;10.73;0.67;89.50;5.45;474;2;158.00;9
132;2;625649632;132;142;608;618;10.72;0.67;89.80;5.43;476;2;159.00;10
132;2;625649642;132;146;609;618;10.62;0.66;89.80;5.45;477;2;160.00;9
135;2;625649649;135;147;609;618;10.47;0.65;90.64;5.45;474;2;161.00;9
137;2;625649658;137;149;612;621;10.32;0.64;91.68;5.45;475;2;162.00;9
139;2;625649667;139;148;612;621;10.13;0.63;92.63;5.45;473;2;163.00;9
141;2;625649675;141;151;614;621;9.92;0.62;93.62;5.48;473;2;164.00;7
143;2;625649696;143;148;617;625;9.80;0.61;93.10;5.46;474;2;165.00;8
144;2;625649704;144;147;618;626;9.85;0.61;92.78;5.45;474;2;166.00;8
147;2;625649712;147;149;618;626;9.80;0.61;94.04;5.45;471;2;167.00;8
148;2;625649719;148;151;624;630;9.70;0.60;94.38;5.45;476;2;168.00;6
151;2;625649735;151;155;625;630;9.52;0.59;95.46;5.47;474;2;169.00;5
152;2;625649744;152;140;625;630;9.47;0.59;95.47;5.47;473;2;170.00;5
156;2;625649752;156;138;627;631;9.37;0.58;96.92;5.49;471;2;171.00;4
157;2;625649760;157;129;628;631;9.40;0.58;97.26;5.51;471;2;172.00;3
159;2;625649768;159;123;633;637;9.52;0.58;97.61;5.49;474;2;173.00;4
161;2;625649777;161;123;634;637;9.56;0.59;97.98;5.50;473;2;174.00;3
161;2;625649788;161;126;636;638;9.56;0.59;97.98;5.49;475;2;175.00;2
162;2;625649796;162;128;637;638;9.56;0.59;97.73;5.52;475;2;176.00;1
163;2;625649808;163;129;638;638;9.64;0.59;98.21;5.52;475;2;177.00;0
165;2;625649817;165;127;638;638;9.77;0.60;98.21;5.52;473;2;178.00;0
165;2;625649829;165;124;638;638;9.92;0.61;98.21;5.52;473;2;179.00;0
165;2;625649840;165;121;669;672;9.95;0.62;98.21;5.27;504;2;180.00;3
165;2;625649852;165;118;669;672;9.94;0.62;98.21;5.27;504;2;181.00;3
167;2;625649861;167;119;669;672;10.02;0.62;99.16;5.27;502;2;182.00;3
168;2;625649869;168;122;669;672;10.03;0.62;99.65;5.27;501;2;183.00;3
169;2;625649879;169;128;671;672;10.06;0.62;99.78;5.26;502;2;184.00;1
171;2;625649888;171;133;672;672;10.07;0.62;100.48;5.26;501;2;185.00;0
172;2;625649906;172;138;676;676;10.09;0.62;100.56;5.24;504;2;186.00;0
173;2;625649918;173;138;676;676;10.10;0.63;100.58;5.24;503;2;187.00;0
175;2;625649928;175;145;679;680;10.09;0.63;101.01;5.22;504;2;188.00;1
179;2;625649939;179;147;680;681;9.98;0.62;101.02;5.21;501;2;189.00;1
181;2;625649949;181;154;681;681;9.81;0.61;101.60;5.21;500;2;190.00;0
183;2;625649957;183;161;681;681;9.68;0.60;102.14;5.21;498;2;191.00;0
184;2;625649975;184;170;693;694;9.61;0.59;101.90;5.12;509;2;192.00;1
188;2;625649985;188;175;693;694;9.46;0.58;102.47;5.12;505;2;193.00;1
191;2;625649996;191;178;694;694;9.36;0.58;101.83;5.11;503;2;194.00;0
195;2;625650014;195;183;695;695;9.24;0.57;101.89;5.11;500;2;195.00;0
197;2;625650034;197;189;696;696;9.04;0.56;101.95;5.10;499;2;196.00;0
202;2;625650042;202;193;696;696;8.84;0.54;101.72;5.10;494;2;197.00;0
205;2;625650050;205;194;698;699;8.75;0.54;101.36;5.09;493;2;198.00;1
205;2;625650060;205;199;699;699;8.77;0.54;101.36;5.08;494;2;199.00;0
211;2;625650070;211;201;699;699;8.55;0.52;101.58;5.08;488;2;200.00;0
212;2;625650086;212;205;699;699;8.45;0.52;101.25;5.08;487;2;201.00;0
213;2;625650094;213;208;704;705;8.37;0.51;101.67;5.05;491;2;202.00;1
213;2;625650100;213;211;704;705;8.26;0.51;101.67;5.05;491;2;203.00;1
215;2;625650106;215;216;705;705;8.06;0.49;102.60;5.05;490;2;204.00;0
216;2;625650112;216;221;705;705;7.87;0.48;102.24;5.05;489;2;205.00;0
216;2;625650119;216;223;709;709;7.77;0.48;102.24;5.03;493;2;206.00;0
219;2;625650125;219;231;710;710;7.64;0.47;102.23;5.02;491;2;207.00;0
220;2;625650131;220;234;710;710;7.51;0.46;102.71;5.02;490;2;208.00;0
220;2;625650137;220;240;711;711;7.43;0.45;102.71;5.01;491;2;209.00;0
222;2;625650145;222;242;711;711;7.38;0.45;102.89;5.01;489;2;210.00;0
223;2;625650151;223;248;711;711;7.37;0.45;102.73;5.01;488;2;211.00;0
224;2;625650157;224;258;711;711;7.30;0.45;102.36;5.01;487;2;212.00;0
226;2;625650163;226;255;711;711;7.24;0.44;101.88;5.01;485;2;213.00;0
226;2;625650169;226;254;711;711;7.33;0.45;101.88;5.01;485;2;214.00;0
226;2;625650175;226;255;711;711;7.27;0.45;101.88;5.01;485;2;215.00;0
227;2;625650181;227;266;754;781;7.42;0.46;102.19;4.73;527;2;216.00;27
228;2;625650193;228;257;756;782;7.40;0.46;102.30;4.72;528;2;217.00;26
228;2;625650199;228;249;764;782;7.61;0.47;102.30;4.69;536;2;218.00;18
228;2;625650206;228;232;766;782;7.74;0.48;102.30;4.69;538;2;219.00;16
229;2;625650212;229;219;771;782;8.00;0.49;102.54;4.68;542;2;220.00;11
230;2;625650219;230;212;775;782;8.23;0.51;103.04;4.68;545;2;221.00;7
232;2;625650226;232;205;780;782;8.43;0.52;104.04;4.69;548;2;222.00;2
232;2;625650234;232;202;780;782;8.54;0.52;104.04;4.69;548;2;223.00;2
234;2;625650241;234;193;782;783;8.60;0.53;104.71;4.69;548;2;224.00;1
235;2;625650249;235;190;784;785;8.59;0.53;104.60;4.68;549;2;225.00;1
237;2;625650263;237;176;785;785;8.70;0.53;105.18;4.69;548;2;226.00;0
239;2;625650271;239;160;789;789;8.76;0.54;105.59;4.67;550;2;227.00;0
239;2;625650279;239;152;789;789;8.91;0.55;105.59;4.67;550;2;228.00;0
240;2;625650287;240;141;789;789;9.05;0.56;106.09;4.67;549;2;229.00;0
242;2;625650295;242;131;789;789;9.20;0.56;106.40;4.67;547;2;230.00;0
242;2;625650302;242;129;794;795;9.38;0.58;106.40;4.64;552;2;231.00;1
244;2;625650311;244;121;794;795;9.51;0.58;106.69;4.64;550;2;232.00;1
247;2;625650319;247;116;795;795;9.63;0.59;107.23;4.64;548;2;233.00;0
248;2;625650329;248;113;797;798;9.78;0.60;107.72;4.63;549;2;234.00;1
250;2;625650343;250;114;798;798;9.95;0.61;107.34;4.63;548;2;235.00;0
250;2;625650351;250;116;798;798;10.08;0.62;107.34;4.63;548;2;236.00;0
253;2;625650359;253;107;799;799;10.15;0.62;107.18;4.62;546;2;237.00;0
254;2;625650368;254;102;800;800;10.27;0.63;107.69;4.62;546;2;238.00;0
254;2;625650375;254;98;800;800;10.36;0.63;107.69;4.62;546;2;239.00;0
259;2;625650384;259;101;824;826;10.22;0.62;109.43;4.48;565;2;240.00;2
261;2;625650394;261;98;825;826;10.30;0.63;110.16;4.48;564;2;241.00;1
266;2;625650401;266;94;826;826;10.33;0.63;111.84;4.47;560;2;242.00;0
266;2;625650409;266;98;827;827;10.42;0.64;111.84;4.47;561;2;243.00;0
267;2;625650417;267;104;827;827;10.39;0.63;112.06;4.47;560;2;244.00;0
270;2;625650424;270;108;830;831;10.37;0.63;113.29;4.46;560;2;245.00;1
273;2;625650433;273;111;830;831;10.33;0.63;113.89;4.46;557;2;246.00;1
274;2;625650440;274;117;835;835;10.25;0.62;114.37;4.44;561;2;247.00;0
275;3;625650448;275;125;835;835;10.27;0.63;114.41;4.44;560;3;248.00;0
277;3;625650469;277;130;835;835;10.31;0.63;115.35;4.44;558;3;249.00;0
278;3;625650476;278;139;835;835;10.34;0.63;115.54;4.44;557;3;250.00;0
280;3;625650483;280;143;835;835;10.30;0.63;115.97;4.44;555;3;251.00;0
283;3;625650490;283;147;846;847;10.23;0.62;116.02;4.38;563;3;252.00;1
284;3;625650497;284;150;846;847;10.13;0.62;116.42;4.38;562;3;253.00;1
287;3;625650504;287;153;847;847;10.07;0.61;117.00;4.38;560;3;254.00;0
287;3;625650511;287;157;847;847;10.08;0.62;117.00;4.38;560;3;255.00;0
291;3;625650517;291;164;847;847;10.02;0.61;118.06;4.38;556;3;256.00;0
294;3;625650525;294;168;847;847;9.97;0.61;118.38;4.38;553;3;257.00;0
294;3;625650532;294;166;848;848;9.92;0.60;118.38;4.37;554;3;258.00;0
297;3;625650544;297;169;848;848;9.85;0.60;118.59;4.37;551;3;259.00;0
298;3;625650550;298;166;853;854;9.88;0.60;118.58;4.35;555;3;260.00;1
300;3;625650563;300;166;854;855;9.93;0.60;119.02;4.35;554;3;261.00;1
302;3;625650570;302;161;855;855;9.96;0.60;118.89;4.35;553;3;262.00;0
302;3;625650577;302;157;855;855;9.97;0.60;118.89;4.35;553;3;263.00;0
303;3;625650584;303;155;859;859;10.01;0.61;118.89;4.33;556;3;264.00;0
305;3;625650591;305;149;859;859;10.01;0.61;118.84;4.33;554;3;265.00;0
306;3;625650599;306;145;859;859;10.05;0.61;119.32;4.33;553;3;266.00;0
308;3;625650605;308;144;860;860;10.12;0.61;119.19;4.32;552;3;267.00;0
310;3;625650612;310;146;864;864;10.08;0.61;119.55;4.31;554;3;268.00;0
314;3;625650619;314;137;864;864;10.17;0.61;120.53;4.31;550;3;269.00;0
315;3;625650627;315;132;867;870;10.27;0.62;120.77;4.29;552;3;270.00;3
316;3;625650634;316;125;867;870;10.37;0.63;120.91;4.29;551;3;271.00;3
319;3;625650642;319;114;868;870;10.56;0.64;121.61;4.29;549;3;272.00;2
321;3;625650649;321;109;868;870;10.72;0.65;121.47;4.29;547;3;273.00;2
323;4;625650656;323;105;871;874;10.81;0.65;121.75;4.28;548;4;274.00;3
325;4;625650671;325;102;871;874;10.89;0.66;121.83;4.28;546;4;275.00;3
328;4;625650678;328;98;872;874;11.04;0.67;122.45;4.28;544;4;276.00;2
330;4;625650689;330;94;872;874;11.16;0.68;122.86;4.28;542;4;277.00;2
334;4;625650696;334;89;874;875;11.24;0.68;123.07;4.28;540;4;278.00;1
336;4;625650704;336;86;875;876;11.28;0.68;123.14;4.28;539;4;279.00;1
338;5;625650711;338;85;876;876;11.25;0.68;122.89;4.28;538;5;280.00;0
338;5;625650725;338;82;877;877;11.27;0.68;122.89;4.28;539;5;281.00;0
340;5;625650733;340;83;877;877;11.29;0.69;122.97;4.28;537;5;282.00;0
341;5;625650744;341;80;877;877;11.32;0.69;123.01;4.28;536;5;283.00;0
345;5;625650752;345;82;877;877;11.35;0.69;123.10;4.28;532;5;284.00;0
346;5;625650760;346;82;877;877;11.46;0.70;123.41;4.28;531;5;285.00;0
347;5;625650767;347;82;877;877;11.58;0.70;123.67;4.28;530;5;286.00;0
351;5;625650775;351;82;877;877;11.69;0.71;123.92;4.28;526;5;287.00;0
352;5;625650782;352;96;947;1004;11.32;0.70;124.38;3.96;595;5;288.00;57
353;5;625650800;353;86;949;1005;11.39;0.70;124.75;3.96;596;5;289.00;56
353;5;625650808;353;83;955;1005;11.45;0.71;124.75;3.94;602;5;290.00;50
356;5;625650816;356;88;960;1005;11.49;0.71;125.59;3.94;604;5;291.00;45
357;5;625650825;357;87;966;1005;11.48;0.71;126.05;3.94;609;5;292.00;39
358;5;625650832;358;87;971;1005;11.54;0.71;126.45;3.95;613;5;293.00;34
358;5;625650841;358;86;976;1005;11.62;0.71;126.45;3.96;618;5;294.00;29
360;5;625650849;360;84;980;1005;11.69;0.72;127.19;3.97;620;5;295.00;25
362;5;625650857;362;82;985;1006;11.77;0.72;126.83;3.99;623;5;296.00;21
365;5;625650866;365;83;988;1007;11.87;0.73;127.04;4.00;623;5;297.00;19
366;5;625650875;366;83;989;1007;11.94;0.73;126.85;4.00;623;5;298.00;18
368;5;625650885;368;88;991;1008;12.00;0.74;127.59;4.02;623;5;299.00;17
370;5;625650897;370;90;995;1014;11.91;0.73;128.05;4.04;625;5;300.00;19
373;5;625650911;373;93;997;1014;11.92;0.73;128.26;4.06;624;5;301.00;17
376;5;625650921;376;103;998;1014;11.90;0.73;128.84;4.07;622;5;302.00;16
378;5;625650931;378;107;1004;1018;11.84;0.73;129.34;4.09;626;5;303.00;14
380;5;625650942;380;118;1005;1018;11.76;0.72;129.78;4.11;625;5;304.00;13
381;5;625650954;381;124;1006;1018;11.63;0.71;129.74;4.11;625;5;305.00;12
381;5;625650963;381;131;1010;1021;11.59;0.71;129.74;4.12;629;5;306.00;11
384;5;625650973;384;134;1010;1021;11.51;0.71;130.37;4.12;626;5;307.00;11
387;5;625650983;387;144;1011;1021;11.39;0.70;131.11;4.13;624;5;308.00;10
387;5;625650993;387;147;1015;1025;11.25;0.69;131.11;4.13;628;5;309.00;10
387;5;625651002;387;149;1016;1026;11.12;0.69;131.11;4.12;629;5;310.00;10
390;5;625651012;390;152;1016;1026;10.95;0.67;131.08;4.12;626;5;311.00;10
393;5;625651021;393;161;1021;1030;10.81;0.67;130.97;4.12;628;5;312.00;9
399;5;625651030;399;160;1021;1030;10.63;0.65;132.42;4.12;622;5;313.00;9
400;5;625651039;400;167;1022;1030;10.53;0.65;132.34;4.13;622;5;314.00;8
403;5;625651047;403;171;1024;1032;10.40;0.64;133.12;4.12;621;5;315.00;8
405;5;625651056;405;175;1024;1032;10.25;0.63;133.22;4.12;619;5;316.00;8
405;5;625651064;405;180;1028;1038;10.16;0.63;133.22;4.11;623;5;317.00;10
405;5;625651073;405;178;1028;1038;10.02;0.62;133.22;4.11;623;5;318.00;10
407;5;625651081;407;184;1029;1039;9.95;0.61;133.33;4.10;622;5;319.00;10
410;5;625651089;410;189;1032;1039;9.89;0.61;133.79;4.15;622;5;320.00;7
413;5;625651097;413;189;1032;1039;9.88;0.61;134.25;4.15;619;5;321.00;7
417;6;625651106;417;190;1032;1039;9.85;0.60;134.49;4.15;615;6;322.00;7
420;6;625651124;420;190;1035;1039;9.79;0.60;134.99;4.21;615;6;323.00;4
423;6;625651132;423;195;1047;1051;9.81;0.60;135.64;4.18;624;6;324.00;4
427;6;625651142;427;197;1048;1051;9.86;0.60;136.16;4.19;621;6;325.00;3
427;6;625651150;427;197;1050;1051;9.86;0.60;136.16;4.23;623;6;326.00;1
429;6;625651157;429;201;1050;1051;9.85;0.60;136.33;4.23;621;6;327.00;1
430;6;625651171;430;202;1050;1051;9.89;0.60;136.11;4.23;620;6;328.00;1
434;6;625651178;434;202;1051;1051;9.85;0.60;136.90;4.23;617;6;329.00;0
434;6;625651187;434;206;1055;1055;9.80;0.60;136.90;4.21;621;6;330.00;0
435;6;625651195;435;207;1055;1055;9.69;0.59;136.96;4.21;620;6;331.00;0
437;6;625651202;437;212;1058;1059;9.61;0.59;136.86;4.21;621;6;332.00;1
439;6;625651209;439;217;1059;1060;9.50;0.58;137.47;4.20;620;6;333.00;1
443;6;625651216;443;222;1060;1060;9.37;0.57;137.88;4.20;617;6;334.00;0
446;6;625651224;446;223;1060;1060;9.28;0.57;138.86;4.20;614;6;335.00;0
448;6;625651231;448;227;1071;1073;9.06;0.55;139.45;4.16;623;6;336.00;2
452;6;625651238;452;228;1071;1073;8.93;0.55;140.20;4.16;619;6;337.00;2
455;6;625651246;455;235;1073;1073;8.82;0.54;140.97;4.15;618;6;338.00;0
458;6;625651252;458;238;1074;1074;8.65;0.53;141.47;4.15;616;6;339.00;0
463;6;625651258;463;225;1075;1075;8.48;0.52;141.52;4.15;612;6;340.00;0
467;6;625651266;467;226;1075;1075;8.40;0.52;143.19;4.15;608;6;341.00;0
473;6;625651272;473;222;1077;1078;8.32;0.51;143.50;4.14;604;6;342.00;1
477;6;625651279;477;222;1078;1078;8.27;0.51;144.26;4.14;601;6;343.00;0
479;6;625651286;479;223;1078;1078;8.22;0.51;144.47;4.14;599;6;344.00;0
481;6;625651292;481;219;1078;1078;8.12;0.50;145.27;4.14;597;6;345.00;0
486;6;625651298;486;217;1083;1084;8.13;0.50;145.53;4.12;597;6;346.00;1
489;6;625651305;489;215;1083;1084;8.08;0.50;146.02;4.12;594;6;347.00;1
490;6;625651312;490;214;1084;1084;8.10;0.50;146.42;4.12;594;6;348.00;0
493;6;625651319;493;216;1084;1084;8.06;0.49;146.51;4.12;591;6;349.00;0
494;6;625651325;494;219;1088;1088;8.06;0.49;146.27;4.11;594;6;350.00;0
497;6;625651336;497;222;1089;1089;7.96;0.49;145.98;4.11;592;6;351.00;0
498;6;625651346;498;218;1089;1089;7.90;0.48;146.30;4.11;591;6;352.00;0
502;6;625651358;502;220;1090;1090;7.83;0.48;146.23;4.10;588;6;353.00;0
504;6;625651370;504;222;1090;1090;7.75;0.48;146.29;4.10;586;6;354.00;0
511;6;625651382;511;225;1090;1090;7.67;0.47;146.27;4.10;579;6;355.00;0
513;6;625651395;513;232;1090;1090;7.68;0.47;146.03;4.10;577;6;356.00;0
514;6;625651406;514;234;1090;1090;7.72;0.47;146.43;4.10;576;6;357.00;0
516;6;625651415;516;231;1090;1090;7.72;0.47;146.47;4.10;574;6;358.00;0
520;6;625651426;520;230;1090;1090;7.71;0.47;146.53;4.10;570;6;359.00;0
521;6;625651439;521;239;1149;1215;8.12;0.51;146.69;3.89;628;6;360.00;66
526;6;625651460;526;247;1162;1216;7.99;0.50;147.49;3.86;636;6;361.00;54
528;6;625651470;528;239;1172;1216;8.05;0.50;147.48;3.84;644;6;362.00;44
532;6;625651478;532;234;1179;1216;8.04;0.50;147.72;3.84;647;6;363.00;37
533;6;625651487;533;231;1188;1216;8.05;0.50;147.79;3.84;655;6;364.00;28
535;6;625651494;535;236;1191;1216;7.99;0.50;147.93;3.84;656;6;365.00;25
536;6;625651503;536;239;1195;1216;7.95;0.49;148.20;3.85;659;6;366.00;21
539;6;625651511;539;241;1197;1216;7.82;0.48;148.37;3.86;658;6;367.00;19
540;6;625651520;540;248;1200;1217;7.72;0.48;148.43;3.87;660;6;368.00;17
543;6;625651536;543;254;1203;1218;7.57;0.47;148.48;3.88;660;6;369.00;15
544;6;625651544;544;263;1206;1218;7.46;0.46;148.82;3.89;662;6;370.00;12
547;6;625651553;547;257;1215;1222;7.42;0.46;148.67;3.91;668;6;371.00;7
549;6;625651562;549;248;1217;1222;7.38;0.46;149.02;3.91;668;6;372.00;5
552;6;625651570;552;249;1218;1222;7.30;0.45;148.47;3.92;666;6;373.00;4
553;6;625651580;553;247;1219;1222;7.35;0.45;148.68;3.93;666;6;374.00;3
553;6;625651588;553;245;1224;1228;7.44;0.46;148.68;3.93;671;6;375.00;4
555;6;625651607;555;244;1225;1228;7.56;0.47;148.59;3.93;670;6;376.00;3
558;6;625651617;558;242;1225;1228;7.67;0.47;149.01;3.93;667;6;377.00;3
561;6;625651642;561;244;1230;1231;7.77;0.48;148.88;3.94;669;6;378.00;1
562;6;625651651;562;237;1230;1231;7.92;0.49;149.23;3.94;668;6;379.00;1
564;6;625651660;564;235;1231;1231;7.99;0.49;148.98;3.94;667;6;380.00;0
565;6;625651675;565;226;1232;1232;8.11;0.50;149.13;3.94;667;6;381.00;0
567;6;625651684;567;226;1233;1233;8.16;0.50;149.06;3.94;666;6;382.00;0
569;6;625651702;569;224;1233;1233;8.17;0.50;149.11;3.94;664;6;383.00;0
570;6;625651711;570;225;1246;1246;8.30;0.51;149.16;3.90;676;6;384.00;0
573;6;625651722;573;225;1246;1246;8.31;0.51;149.06;3.90;673;6;385.00;0
573;6;625651731;573;229;1246;1246;8.36;0.51;149.06;3.90;673;6;386.00;0
574;6;625651740;574;222;1247;1247;8.47;0.52;149.29;3.89;673;6;387.00;0
576;6;625651750;576;217;1247;1247;8.56;0.52;149.60;3.89;671;6;388.00;0
578;6;625651760;578;213;1250;1251;8.64;0.53;149.77;3.89;672;6;389.00;1
578;6;625651772;578;214;1251;1251;8.72;0.53;149.77;3.88;673;6;390.00;0
579;6;625651782;579;220;1255;1255;8.82;0.54;149.57;3.88;676;6;391.00;0
583;6;625651792;583;216;1255;1255;8.88;0.54;150.08;3.88;672;6;392.00;0
585;6;625651802;585;212;1255;1255;8.95;0.54;150.43;3.88;670;6;393.00;0
585;6;625651812;585;210;1255;1255;9.03;0.55;150.43;3.88;670;6;394.00;0
587;6;625651821;587;211;1255;1255;9.06;0.55;150.58;3.88;668;6;395.00;0
588;6;625651839;588;200;1265;1267;9.11;0.56;150.75;3.85;677;6;396.00;2
590;6;625651850;590;188;1265;1267;9.15;0.56;150.95;3.85;675;6;397.00;2
594;6;625651859;594;179;1267;1267;9.27;0.57;151.18;3.84;673;6;398.00;0
598;6;625651870;598;172;1267;1267;9.34;0.57;151.47;3.84;669;6;399.00;0
599;6;625651881;599;164;1267;1267;9.35;0.57;151.89;3.84;668;6;400.00;0
601;6;625651895;601;166;1267;1267;9.37;0.57;152.54;3.84;666;6;401.00;0
602;6;625651907;602;165;1268;1268;9.44;0.58;152.58;3.84;666;6;402.00;0
607;6;625651916;607;170;1268;1268;9.49;0.58;153.54;3.84;661;6;403.00;0
612;6;625651926;612;171;1273;1274;9.53;0.58;154.21;3.83;661;6;404.00;1
612;6;625651938;612;174;1276;1276;9.66;0.59;154.21;3.82;664;6;405.00;0
614;6;625651948;614;177;1276;1276;9.67;0.59;154.39;3.82;662;6;406.00;0
614;7;625651958;614;174;1276;1276;9.76;0.60;154.39;3.82;662;7;407.00;0
619;7;625651979;619;172;1280;1280;9.76;0.60;155.70;3.81;661;7;408.00;0
622;7;625651989;622;168;1280;1280;9.80;0.60;156.83;3.81;658;7;409.00;0
625;7;625651999;625;166;1280;1280;9.84;0.60;157.33;3.81;655;7;410.00;0
628;7;625652016;628;165;1281;1281;9.88;0.61;157.82;3.81;653;7;411.00;0
633;7;625652025;633;166;1285;1285;9.86;0.60;158.52;3.80;652;7;412.00;0
634;7;625652035;634;167;1285;1285;9.98;0.61;158.58;3.80;651;7;413.00;0
639;7;625652045;639;165;1287;1288;10.11;0.62;159.34;3.79;648;7;414.00;1
642;7;625652055;642;162;1287;1288;10.17;0.62;160.14;3.79;645;7;415.00;1
646;7;625652064;646;161;1288;1288;10.23;0.62;160.42;3.79;642;7;416.00;0
650;7;625652073;650;160;1288;1288;10.29;0.63;160.60;3.79;638;7;417.00;0
654;8;625652089;654;156;1291;1292;10.27;0.62;160.88;3.78;637;8;418.00;1
658;8;625652106;658;159;1291;1292;10.37;0.63;161.24;3.78;633;8;419.00;1
659;8;625652117;659;160;1292;1292;10.42;0.64;161.51;3.78;633;8;420.00;0
660;8;625652126;660;161;1292;1292;10.43;0.64;161.63;3.78;632;8;421.00;0
663;8;625652135;663;162;1293;1293;10.42;0.64;161.79;3.78;630;8;422.00;0
666;8;625652144;666;163;1294;1294;10.43;0.64;161.80;3.78;628;8;423.00;0
669;8;625652153;669;166;1294;1294;10.39;0.63;162.22;3.78;625;8;424.00;0
673;8;625652166;673;169;1295;1295;10.41;0.63;162.98;3.78;622;8;425.00;0
674;8;625652174;674;176;1295;1295;10.47;0.64;163.26;3.78;621;8;426.00;0
677;8;625652183;677;180;1295;1295;10.46;0.64;163.97;3.78;618;8;427.00;0
680;8;625652193;680;179;1295;1295;10.42;0.63;164.23;3.78;615;8;428.00;0
683;8;625652202;683;180;1295;1295;10.41;0.63;164.23;3.78;612;8;429.00;0
684;8;625652211;684;174;1295;1295;10.35;0.63;164.23;3.78;611;8;430.00;0
685;8;625652219;685;169;1295;1295;10.34;0.63;164.55;3.78;610;8;431.00;0
686;8;625652227;686;197;1374;1422;9.83;0.61;164.52;3.56;688;8;432.00;48
687;8;625652245;687;177;1374;1423;9.86;0.61;164.42;3.56;687;8;433.00;49
688;8;625652253;688;160;1380;1423;10.01;0.62;164.80;3.56;692;8;434.00;43
690;8;625652262;690;153;1381;1423;10.07;0.62;165.04;3.55;691;8;435.00;42
692;8;625652271;692;151;1387;1423;10.21;0.63;165.10;3.56;695;8;436.00;36
698;8;625652280;698;147;1389;1423;10.25;0.63;165.80;3.56;691;8;437.00;34
701;8;625652289;701;149;1395;1423;10.29;0.63;165.80;3.57;694;8;438.00;28
702;8;625652298;702;148;1396;1423;10.39;0.64;165.93;3.57;694;8;439.00;27
706;8;625652307;706;140;1400;1424;10.48;0.64;166.35;3.58;694;8;440.00;24
710;8;625652316;710;138;1403;1425;10.52;0.64;166.98;3.60;693;8;441.00;22
714;8;625652332;714;134;1406;1425;10.55;0.64;167.41;3.61;692;8;442.00;19
716;8;625652345;716;132;1410;1426;10.57;0.65;167.46;3.63;694;8;443.00;16
721;8;625652353;721;123;1412;1426;10.51;0.64;168.50;3.64;691;8;444.00;14
726;8;625652363;726;124;1415;1426;10.39;0.64;169.46;3.66;689;8;445.00;11
727;8;625652372;727;116;1417;1426;10.33;0.63;169.44;3.67;690;8;446.00;9
731;8;625652382;731;120;1419;1430;10.26;0.63;169.54;3.68;688;8;447.00;11
734;8;625652391;734;119;1420;1430;10.24;0.63;169.83;3.69;686;8;448.00;10
735;8;625652401;735;116;1421;1430;10.24;0.63;169.72;3.70;686;8;449.00;9
737;8;625652411;737;116;1425;1436;10.27;0.63;169.87;3.69;688;8;450.00;11
742;8;625652421;742;114;1426;1436;10.25;0.63;170.69;3.69;684;8;451.00;10
744;8;625652431;744;116;1427;1436;10.27;0.63;170.73;3.69;683;8;452.00;9
747;8;625652440;747;124;1430;1440;10.25;0.63;170.40;3.69;683;8;453.00;10
749;8;625652450;749;122;1432;1441;10.36;0.63;170.49;3.69;683;8;454.00;9
752;8;625652461;752;123;1432;1441;10.42;0.63;170.42;3.69;680;8;455.00;9
755;8;625652470;755;119;1435;1445;10.52;0.64;170.50;3.68;680;8;456.00;10
757;8;625652480;757;117;1437;1445;10.53;0.64;170.66;3.71;680;8;457.00;8
758;8;625652490;758;119;1439;1445;10.60;0.65;170.57;3.72;681;8;458.00;6
759;8;625652499;759;123;1440;1446;10.73;0.65;170.46;3.72;681;8;459.00;6
760;8;625652508;760;125;1441;1446;10.77;0.66;170.51;3.74;681;8;460.00;5
762;8;625652518;762;128;1444;1452;10.85;0.66;170.73;3.73;682;8;461.00;8
767;8;625652528;767;131;1446;1452;10.79;0.66;170.72;3.73;679;8;462.00;6
770;8;625652538;770;129;1447;1453;10.71;0.65;170.85;3.75;677;8;463.00;6
773;8;625652547;773;130;1447;1453;10.58;0.64;170.69;3.75;674;8;464.00;6
775;8;625652557;775;133;1448;1453;10.48;0.64;170.92;3.75;673;8;465.00;5
776;8;625652566;776;133;1448;1453;10.49;0.64;171.02;3.75;672;8;466.00;5
778;8;625652575;778;129;1448;1453;10.57;0.64;170.94;3.75;670;8;467.00;5
779;8;625652584;779;131;1457;1465;10.65;0.65;171.05;3.73;678;8;468.00;8
782;8;625652594;782;127;1458;1465;10.71;0.65;171.54;3.73;676;8;469.00;7
784;8;625652604;784;135;1461;1465;10.76;0.66;171.57;3.75;677;8;470.00;4
786;8;625652614;786;137;1461;1465;10.85;0.66;171.57;3.75;675;8;471.00;4
788;8;625652623;788;139;1461;1465;10.89;0.66;171.50;3.75;673;8;472.00;4
789;8;625652633;789;141;1462;1465;10.95;0.67;171.52;3.76;673;8;473.00;3
792;8;625652643;792;148;1466;1469;10.92;0.67;171.75;3.76;674;8;474.00;3
796;8;625652653;796;150;1467;1469;10.94;0.67;171.70;3.77;671;8;475.00;2
799;8;625652663;799;150;1471;1473;11.00;0.67;171.64;3.76;672;8;476.00;2
804;8;625652672;804;156;1473;1474;11.04;0.67;171.69;3.76;669;8;477.00;1
805;8;625652683;805;160;1474;1474;11.04;0.67;171.71;3.76;669;8;478.00;0
807;8;625652692;807;163;1474;1474;10.97;0.67;171.44;3.76;667;8;479.00;0
809;8;625652703;809;169;1494;1500;10.82;0.66;171.43;3.71;685;8;480.00;6
809;8;625652714;809;170;1494;1500;10.70;0.65;171.43;3.71;685;8;481.00;6
810;8;625652723;810;178;1497;1500;10.65;0.65;171.37;3.71;687;8;482.00;3
810;8;625652732;810;182;1500;1501;10.61;0.65;171.37;3.71;690;8;483.00;1
811;8;625652741;811;190;1502;1502;10.50;0.64;171.49;3.70;691;8;484.00;0
811;8;625652750;811;191;1502;1502;10.35;0.64;171.49;3.70;691;8;485.00;0
815;8;625652758;815;202;1504;1505;10.22;0.63;171.38;3.70;689;8;486.00;1
816;8;625652768;816;207;1504;1505;10.12;0.62;171.58;3.70;688;8;487.00;1
820;8;625652776;820;212;1505;1505;9.98;0.61;171.36;3.70;685;8;488.00;0
823;8;625652785;823;213;1505;1505;9.93;0.61;171.05;3.70;682;8;489.00;0
825;8;625652794;825;212;1510;1511;9.95;0.61;170.95;3.69;685;8;490.00;1
827;8;625652803;827;209;1510;1511;9.96;0.61;170.81;3.69;683;8;491.00;1
830;8;625652812;830;211;1511;1511;9.95;0.61;170.86;3.69;681;8;492.00;0
831;8;625652821;831;213;1511;1511;9.90;0.61;170.72;3.69;680;8;493.00;0
832;8;625652829;832;214;1515;1515;9.85;0.60;170.90;3.68;683;8;494.00;0
834;8;625652838;834;220;1517;1517;9.77;0.60;171.13;3.68;683;8;495.00;0
839;8;625652852;839;217;1517;1517;9.72;0.59;171.22;3.68;678;8;496.00;0
841;8;625652861;841;220;1518;1518;9.66;0.59;171.27;3.67;677;8;497.00;0
842;8;625652869;842;225;1518;1518;9.64;0.59;171.15;3.67;676;8;498.00;0
847;8;625652877;847;225;1518;1518;9.59;0.59;170.86;3.67;671;8;499.00;0
847;8;625652886;847;229;1518;1518;9.54;0.58;170.86;3.67;671;8;500.00;0
849;8;625652898;849;227;1518;1518;9.42;0.58;170.71;3.67;669;8;501.00;0
852;8;625652906;852;230;1518;1518;9.28;0.57;170.52;3.67;666;8;502.00;0
856;8;625652913;856;231;1518;1518;9.10;0.55;170.42;3.67;662;8;503.00;0
858;8;625652921;858;240;1557;1588;9.20;0.56;170.44;3.58;699;8;504.00;31
862;8;625652934;862;244;1561;1589;9.05;0.55;171.00;3.58;699;8;505.00;28
865;8;625652943;865;251;1571;1589;8.94;0.55;171.02;3.57;706;8;506.00;18
869;8;625652950;869;250;1572;1589;8.68;0.53;171.35;3.57;703;8;507.00;17
871;8;625652957;871;256;1577;1589;8.52;0.52;171.60;3.57;706;8;508.00;12
874;8;625652964;874;261;1578;1589;8.36;0.51;172.05;3.57;704;8;509.00;11
877;8;625652973;877;254;1582;1589;8.23;0.50;172.93;3.57;705;8;510.00;7
878;8;625652981;878;248;1584;1589;8.17;0.50;172.77;3.58;706;8;511.00;5
881;8;625652988;881;252;1587;1590;8.15;0.50;172.90;3.59;706;8;512.00;3
882;8;625652996;882;252;1590;1591;8.18;0.50;173.20;3.59;708;8;513.00;1
884;8;625653004;884;250;1591;1591;8.17;0.50;173.54;3.59;707;8;514.00;0
890;8;625653012;890;255;1595;1595;8.13;0.50;173.55;3.58;705;8;515.00;0
893;8;625653021;893;257;1595;1595;8.15;0.50;173.99;3.58;702;8;516.00;0
894;8;625653029;894;258;1595;1595;8.27;0.50;173.88;3.58;701;8;517.00;0
898;8;625653037;898;255;1595;1595;8.32;0.51;174.70;3.58;697;8;518.00;0
900;8;625653046;900;252;1600;1601;8.43;0.51;174.98;3.58;700;8;519.00;1
902;8;625653055;902;250;1601;1601;8.46;0.52;175.37;3.58;699;8;520.00;0
905;8;625653063;905;249;1601;1601;8.45;0.52;175.83;3.58;696;8;521.00;0
908;8;625653071;908;248;1604;1604;8.48;0.52;176.01;3.57;696;8;522.00;0
912;8;625653080;912;232;1604;1604;8.49;0.52;176.75;3.57;692;8;523.00;0
913;8;625653089;913;222;1604;1604;8.56;0.52;176.97;3.57;691;8;524.00;0
915;8;625653098;915;215;1605;1605;8.67;0.53;176.89;3.57;690;8;525.00;0
919;8;625653107;919;212;1606;1606;8.74;0.53;176.49;3.57;687;8;526.00;0
920;8;625653117;920;206;1606;1606;8.83;0.54;176.40;3.57;686;8;527.00;0
920;8;625653126;920;203;1619;1619;8.95;0.55;176.40;3.54;699;8;528.00;0
924;8;625653134;924;195;1619;1619;8.92;0.54;176.45;3.54;695;8;529.00;0
927;8;625653153;927;188;1619;1619;8.97;0.55;176.33;3.54;692;8;530.00;0
929;8;625653163;929;185;1620;1620;8.99;0.55;176.79;3.53;691;8;531.00;0
930;8;625653172;930;186;1620;1620;9.00;0.55;177.04;3.53;690;8;532.00;0
937;8;625653186;937;178;1623;1624;9.01;0.55;177.21;3.53;686;8;533.00;1
941;8;625653196;941;179;1623;1624;9.08;0.56;177.38;3.53;682;8;534.00;1
945;8;625653212;945;178;1628;1628;9.14;0.56;177.75;3.52;683;8;535.00;0
949;8;625653228;949;177;1628;1628;9.08;0.55;177.97;3.52;679;8;536.00;0
953;8;625653238;953;177;1628;1628;9.03;0.55;178.25;3.52;675;8;537.00;0
957;8;625653248;957;178;1628;1628;8.98;0.55;178.29;3.52;671;8;538.00;0
960;8;625653257;960;182;1628;1628;8.94;0.55;178.76;3.52;668;8;539.00;0
964;8;625653269;964;186;1657;1662;8.99;0.55;178.97;3.46;693;8;540.00;5
967;8;625653281;967;189;1657;1662;9.01;0.55;179.36;3.46;690;8;541.00;5
970;8;625653291;970;190;1659;1662;9.03;0.55;179.40;3.46;689;8;542.00;3
973;8;625653301;973;192;1659;1662;9.10;0.56;179.53;3.46;686;8;543.00;3
978;8;625653310;978;194;1660;1662;9.12;0.56;179.33;3.46;682;8;544.00;2
981;8;625653325;981;191;1660;1662;9.15;0.56;179.12;3.46;679;8;545.00;2
985;8;625653337;985;192;1661;1663;9.21;0.56;179.23;3.46;676;8;546.00;2
987;8;625653351;987;193;1661;1663;9.19;0.56;179.42;3.46;674;8;547.00;2
993;8;625653367;993;194;1667;1669;9.13;0.56;179.87;3.46;674;8;548.00;2
996;8;625653382;996;201;1668;1670;9.11;0.56;179.84;3.46;672;8;549.00;2
996;8;625653398;996;202;1669;1670;9.19;0.56;179.84;3.46;673;8;550.00;1
998;8;625653412;998;207;1669;1670;9.14;0.56;179.79;3.46;671;8;551.00;1
1000;8;625653426;1000;204;1674;1674;9.14;0.56;179.88;3.45;674;8;552.00;0
1002;8;625653445;1002;211;1674;1674;9.08;0.56;180.13;3.45;672;8;553.00;0
1006;8;625653467;1006;217;1674;1674;8.98;0.55;180.28;3.45;668;8;554.00;0
1011;8;625653484;1011;224;1675;1675;8.93;0.55;180.77;3.45;664;8;555.00;0
1014;8;625653494;1014;229;1679;1679;8.88;0.54;181.17;3.44;665;8;556.00;0
1017;8;625653505;1017;213;1679;1679;8.87;0.54;181.59;3.44;662;8;557.00;0
1019;8;625653515;1019;215;1681;1682;8.91;0.54;181.96;3.44;662;8;558.00;1
1023;8;625653526;1023;208;1681;1682;8.88;0.54;182.27;3.44;658;8;559.00;1
1025;9;625653537;1025;205;1682;1682;8.89;0.54;182.06;3.44;657;9;560.00;0
1030;9;625653558;1030;203;1682;1682;8.96;0.54;182.39;3.44;652;9;561.00;0
1032;9;625653573;1032;201;1685;1686;9.03;0.55;182.85;3.43;653;9;562.00;1
1035;9;625653585;1035;205;1685;1686;9.02;0.55;182.78;3.43;650;9;563.00;1
1039;9;625653596;1039;204;1686;1686;9.02;0.55;182.99;3.43;647;9;564.00;0
1041;9;625653606;1041;203;1686;1686;8.98;0.54;183.40;3.43;645;9;565.00;0
1042;9;625653616;1042;185;1687;1687;9.03;0.55;183.49;3.43;645;9;566.00;0
1046;9;625653627;1046;175;1688;1688;9.10;0.55;184.12;3.43;642;9;567.00;0
1048;9;625653637;1048;165;1688;1688;9.16;0.56;184.53;3.43;640;9;568.00;0
1049;9;625653648;1049;159;1689;1689;9.26;0.56;184.70;3.43;640;9;569.00;0
1053;9;625653659;1053;158;1689;1689;9.30;0.56;185.19;3.43;636;9;570.00;0
1053;9;625653670;1053;155;1689;1689;9.43;0.57;185.19;3.43;636;9;571.00;0
1055;9;625653680;1055;150;1689;1689;9.61;0.59;185.38;3.43;634;9;572.00;0
1059;9;625653691;1059;151;1689;1689;9.69;0.59;186.07;3.43;630;9;573.00;0
1062;9;625653701;1062;154;1689;1689;9.87;0.60;186.17;3.43;627;9;574.00;0
1065;9;625653711;1065;155;1689;1689;9.97;0.61;186.68;3.43;624;9;575.00;0
1067;9;625653721;1067;182;1772;1816;9.91;0.61;186.80;3.27;705;9;576.00;44
1069;9;625653741;1069;174;1775;1817;9.95;0.62;186.96;3.26;706;9;577.00;42
1072;9;625653752;1072;155;1782;1817;10.10;0.63;187.40;3.26;710;9;578.00;35
1074;9;625653762;1074;150;1787;1817;10.20;0.63;187.48;3.26;713;9;579.00;30
1076;9;625653773;1076;147;1792;1817;10.25;0.64;187.44;3.26;716;9;580.00;25
1081;9;625653783;1081;143;1796;1817;10.28;0.64;187.59;3.26;715;9;581.00;21
1086;9;625653793;1086;140;1800;1817;10.28;0.64;187.99;3.27;714;9;582.00;17
1088;9;625653804;1088;138;1803;1817;10.21;0.63;188.23;3.28;715;9;583.00;14
1090;9;625653822;1090;144;1806;1818;10.17;0.63;188.17;3.28;716;9;584.00;12
1093;9;625653833;1093;148;1807;1820;10.16;0.63;188.17;3.28;714;9;585.00;13
1096;9;625653844;1096;158;1809;1820;10.16;0.63;188.00;3.29;713;9;586.00;11
1098;9;625653854;1098;165;1811;1821;10.17;0.63;188.19;3.29;713;9;587.00;10
1101;9;625653864;1101;174;1813;1821;10.17;0.63;188.28;3.30;712;9;588.00;8
1105;9;625653875;1105;174;1814;1821;10.21;0.63;188.38;3.30;709;9;589.00;7
1109;9;625653885;1109;176;1815;1821;10.26;0.63;188.42;3.31;706;9;590.00;6
1111;9;625653905;1111;176;1818;1825;10.31;0.63;188.47;3.31;707;9;591.00;7
1115;9;625653915;1115;177;1820;1825;10.35;0.63;188.78;3.33;705;9;592.00;5
1116;9;625653926;1116;177;1821;1825;10.38;0.63;188.76;3.34;705;9;593.00;4
1118;9;625653936;1118;188;1824;1828;10.38;0.63;188.86;3.34;706;9;594.00;4
1120;9;625653946;1120;185;1825;1828;10.41;0.63;188.82;3.34;705;9;595.00;3
1121;9;625653956;1121;185;1826;1828;10.46;0.64;188.75;3.35;705;9;596.00;2
1123;9;625653965;1123;192;1830;1832;10.48;0.64;188.64;3.34;707;9;597.00;2
1125;9;625653976;1125;187;1832;1833;10.56;0.64;188.97;3.34;707;9;598.00;1
1126;9;625653993;1126;191;1832;1833;10.55;0.64;189.01;3.34;706;9;599.00;1
1130;9;625654006;1130;194;1844;1859;10.44;0.63;189.33;3.32;714;9;600.00;15
1133;9;625654026;1133;184;1844;1859;10.39;0.63;189.21;3.32;711;9;601.00;15
1134;9;625654036;1134;181;1845;1859;10.34;0.63;189.44;3.32;711;9;602.00;14
1134;9;625654046;1134;183;1847;1860;10.41;0.63;189.44;3.32;713;9;603.00;13
1136;9;625654056;1136;181;1848;1860;10.42;0.63;189.64;3.32;712;9;604.00;12
1136;10;625654074;1136;178;1853;1866;10.46;0.64;189.64;3.32;717;10;605.00;13
1139;10;625654093;1139;172;1853;1866;10.47;0.64;189.55;3.32;714;10;606.00;13
1143;10;625654108;1143;171;1854;1867;10.49;0.64;190.12;3.31;711;10;607.00;13
1146;10;625654124;1146;174;1856;1867;10.45;0.63;190.46;3.32;710;10;608.00;11
1149;10;625654134;1149;168;1856;1867;10.38;0.63;190.79;3.32;707;10;609.00;11
1152;10;625654149;1152;166;1856;1867;10.35;0.63;191.22;3.32;704;10;610.00;11
1156;10;625654170;1156;163;1859;1867;10.33;0.63;191.70;3.33;703;10;611.00;8
1158;11;625654179;1158;149;1868;1879;10.35;0.63;191.75;3.31;710;11;612.00;11
1161;11;625654201;1161;143;1870;1879;10.38;0.63;191.76;3.32;709;11;613.00;9
1167;11;625654211;1167;132;1870;1879;10.43;0.63;191.84;3.32;703;11;614.00;9
1169;11;625654226;1169;128;1871;1879;10.49;0.64;192.13;3.32;702;11;615.00;8
1174;11;625654236;1174;124;1872;1879;10.56;0.64;192.14;3.32;698;11;616.00;7
1177;11;625654246;1177;112;1872;1879;10.76;0.65;192.22;3.32;695;11;617.00;7
1182;11;625654256;1182;101;1876;1883;10.83;0.65;192.50;3.32;694;11;618.00;7
1185;11;625654267;1185;98;1876;1883;10.95;0.66;192.66;3.32;691;11;619.00;7
1186;11;625654276;1186;92;1879;1887;11.05;0.67;192.89;3.31;693;11;620.00;8
1190;11;625654288;1190;89;1881;1888;11.14;0.67;193.00;3.31;691;11;621.00;7
1191;11;625654299;1191;90;1882;1888;11.17;0.68;192.90;3.32;691;11;622.00;6
1192;11;625654309;1192;93;1882;1888;11.30;0.68;193.19;3.32;690;11;623.00;6
1196;11;625654320;1196;97;1890;1901;11.32;0.69;193.60;3.31;694;11;624.00;11
1197;11;625654331;1197;97;1890;1901;11.38;0.69;193.84;3.31;693;11;625.00;11
1199;11;625654343;1199;98;1890;1901;11.45;0.69;194.13;3.31;691;11;626.00;11
1205;11;625654355;1205;99;1891;1902;11.49;0.70;194.45;3.31;686;11;627.00;11
1207;11;625654365;1207;107;1893;1903;11.55;0.70;194.56;3.33;686;11;628.00;10
1210;11;625654376;1210;107;1894;1903;11.52;0.70;194.83;3.34;684;11;629.00;9
1212;11;625654388;1212;108;1898;1909;11.52;0.70;194.75;3.34;686;11;630.00;11
1214;11;625654398;1214;114;1899;1909;11.46;0.69;195.09;3.33;685;11;631.00;10
1215;11;625654408;1215;122;1900;1909;11.49;0.70;194.95;3.33;685;11;632.00;9
1216;11;625654417;1216;126;1900;1909;11.48;0.70;195.01;3.33;684;11;633.00;9
1219;11;625654427;1219;130;1904;1915;11.46;0.69;195.26;3.33;685;11;634.00;11
1222;12;625654437;1222;135;1905;1915;11.45;0.69;195.08;3.35;683;12;635.00;10
1225;12;625654458;1225;134;1906;1915;11.41;0.69;195.48;3.35;681;12;636.00;9
1227;12;625654469;1227;135;1907;1915;11.34;0.69;195.65;3.35;680;12;637.00;8
1229;12;625654478;1229;138;1910;1919;11.25;0.68;195.60;3.34;681;12;638.00;9
1229;12;625654488;1229;146;1911;1920;11.23;0.68;195.60;3.34;682;12;639.00;9
1230;12;625654497;1230;155;1914;1920;11.12;0.68;195.67;3.37;684;12;640.00;6
1232;12;625654507;1232;157;1915;1921;11.05;0.67;195.46;3.37;683;12;641.00;6
1236;12;625654517;1236;162;1915;1921;10.93;0.66;195.39;3.37;679;12;642.00;6
1237;12;625654526;1237;166;1917;1921;10.69;0.65;195.51;3.38;680;12;643.00;4
1240;12;625654535;1240;173;1917;1921;10.54;0.64;195.42;3.38;677;12;644.00;4
1241;12;625654544;1241;176;1918;1921;10.41;0.63;195.32;3.39;677;12;645.00;3
1242;12;625654553;1242;185;1920;1921;10.30;0.63;195.22;3.42;678;12;646.00;1
1242;12;625654562;1242;188;1920;1921;10.21;0.62;195.22;3.42;678;12;647.00;1
1248;12;625654570;1248;199;1957;1991;10.22;0.62;194.78;3.36;709;12;648.00;34
1250;12;625654585;1250;199;1959;1992;10.10;0.62;194.78;3.36;709;12;649.00;33
1252;12;625654595;1252;199;1968;1992;10.08;0.62;194.85;3.36;716;12;650.00;24
1257;12;625654604;1257;200;1973;1992;10.00;0.61;194.63;3.36;716;12;651.00;19
1258;12;625654613;1258;206;1980;1992;9.96;0.61;194.54;3.36;722;12;652.00;12
1259;12;625654622;1259;210;1981;1992;9.82;0.60;194.52;3.36;722;12;653.00;11
1260;12;625654630;1260;217;1986;1992;9.74;0.60;194.60;3.37;726;12;654.00;6
1260;12;625654638;1260;217;1986;1992;9.62;0.59;194.60;3.37;726;12;655.00;6
1260;12;625654647;1260;221;1990;1993;9.51;0.58;194.60;3.37;730;12;656.00;3
1263;12;625654656;1263;227;1993;1994;9.36;0.57;194.33;3.37;730;12;657.00;1
1263;12;625654669;1263;233;1994;1994;9.17;0.56;194.33;3.38;731;12;658.00;0
1264;12;625654678;1264;238;1998;1998;9.03;0.55;194.27;3.37;734;12;659.00;0
1266;12;625654688;1266;241;1998;1998;8.94;0.55;194.20;3.37;732;12;660.00;0
1268;12;625654697;1268;248;1998;1998;8.81;0.54;194.00;3.37;730;12;661.00;0
1272;12;625654705;1272;254;1998;1998;8.66;0.53;194.14;3.37;726;12;662.00;0
1273;12;625654714;1273;261;2003;2004;8.63;0.53;194.08;3.37;730;12;663.00;1
1273;12;625654723;1273;269;2003;2004;8.60;0.53;194.08;3.37;730;12;664.00;1
1274;12;625654731;1274;274;2004;2004;8.55;0.52;193.95;3.37;730;12;665.00;0
1276;12;625654739;1276;274;2006;2007;8.51;0.52;193.88;3.36;730;12;666.00;1
1277;12;625654748;1277;284;2006;2007;8.48;0.52;193.83;3.36;729;12;667.00;1
1278;12;625654756;1278;290;2007;2007;8.40;0.51;193.69;3.36;729;12;668.00;0
1281;12;625654764;1281;292;2008;2008;8.27;0.51;193.72;3.36;727;12;669.00;0
1284;12;625654772;1284;296;2009;2009;8.17;0.50;193.73;3.36;725;12;670.00;0
1286;12;625654780;1286;302;2009;2009;8.04;0.49;193.79;3.36;723;12;671.00;0
1288;12;625654788;1288;305;2022;2022;7.92;0.48;193.58;3.34;734;12;672.00;0
1290;12;625654798;1290;311;2022;2022;7.85;0.48;193.54;3.34;732;12;673.00;0
1293;12;625654805;1293;311;2022;2022;7.72;0.47;193.49;3.34;729;12;674.00;0
1299;12;625654813;1299;295;2024;2024;7.61;0.46;193.60;3.34;725;12;675.00;0
1301;12;625654822;1301;282;2024;2024;7.58;0.46;193.73;3.34;723;12;676.00;0
1304;12;625654830;1304;277;2027;2028;7.52;0.46;194.04;3.33;723;12;677.00;1
1307;12;625654838;1307;274;2027;2028;7.43;0.45;194.26;3.33;720;12;678.00;1
1309;12;625654846;1309;271;2032;2032;7.31;0.44;194.40;3.33;723;12;679.00;0
1312;12;625654855;1312;255;2032;2032;7.25;0.44;194.68;3.33;720;12;680.00;0
1314;12;625654863;1314;242;2032;2032;7.25;0.44;194.99;3.33;718;12;681.00;0
1318;12;625654871;1318;233;2032;2032;7.24;0.44;195.05;3.33;714;12;682.00;0
1320;12;625654879;1320;225;2032;2032;7.29;0.44;195.15;3.33;712;12;683.00;0
1324;12;625654887;1324;223;2043;2044;7.44;0.45;195.63;3.31;719;12;684.00;1
1326;12;625654902;1326;226;2044;2044;7.54;0.46;195.94;3.31;718;12;685.00;0
1326;12;625654911;1326;224;2044;2044;7.64;0.47;195.94;3.31;718;12;686.00;0
1328;12;625654919;1328;210;2044;2044;7.70;0.47;196.30;3.31;716;12;687.00;0
1329;12;625654928;1329;203;2044;2044;7.79;0.48;196.49;3.31;715;12;688.00;0
1333;12;625654937;1333;199;2044;2044;7.86;0.48;196.92;3.31;711;12;689.00;0
1335;12;625654948;1335;203;2045;2045;7.96;0.49;197.24;3.31;710;12;690.00;0
1336;12;625654956;1336;203;2045;2045;8.06;0.49;197.25;3.31;709;12;691.00;0
1338;12;625654965;1338;201;2050;2051;8.19;0.50;197.34;3.30;712;12;692.00;1
1339;12;625654975;1339;196;2052;2052;8.34;0.51;197.39;3.30;713;12;693.00;0
1340;12;625654984;1340;196;2052;2052;8.44;0.52;197.36;3.30;712;12;694.00;0
1343;12;625654994;1343;196;2052;2052;8.53;0.52;197.45;3.30;709;12;695.00;0
1347;12;625655003;1347;192;2056;2056;8.58;0.52;197.85;3.29;709;12;696.00;0
1351;12;625655013;1351;184;2056;2056;8.67;0.53;198.07;3.29;705;12;697.00;0
1353;12;625655023;1353;184;2056;2056;8.77;0.53;198.17;3.29;703;12;698.00;0
1357;12;625655032;1357;173;2057;2057;8.86;0.54;198.04;3.29;700;12;699.00;0
1360;12;625655043;1360;166;2061;2061;8.87;0.54;198.30;3.29;701;12;700.00;0
1364;12;625655059;1364;164;2061;2061;8.92;0.54;198.30;3.29;697;12;701.00;0
1370;12;625655069;1370;167;2063;2064;8.96;0.55;198.50;3.28;693;12;702.00;1
1377;12;625655085;1377;164;2063;2064;8.95;0.55;198.59;3.28;686;12;703.00;1
1379;12;625655096;1379;158;2064;2064;8.98;0.55;198.72;3.28;685;12;704.00;0
1386;12;625655106;1386;155;2064;2064;8.95;0.55;199.33;3.28;678;12;705.00;0
1390;12;625655118;1390;155;2067;2068;9.05;0.55;199.07;3.28;677;12;706.00;1
1394;12;625655128;1394;159;2067;2068;9.12;0.56;199.29;3.28;673;12;707.00;1
1399;12;625655139;1399;162;2068;2068;9.22;0.56;199.40;3.28;669;12;708.00;0
1406;12;625655148;1406;158;2068;2068;9.29;0.57;199.47;3.28;662;12;709.00;0
1410;12;625655158;1410;158;2069;2069;9.32;0.57;199.54;3.28;659;12;710.00;0
1415;12;625655168;1415;156;2070;2070;9.40;0.57;199.63;3.28;655;12;711.00;0
1422;12;625655178;1422;156;2070;2070;9.42;0.57;199.80;3.28;648;12;712.00;0
1427;12;625655188;1427;158;2071;2071;9.49;0.58;200.08;3.28;644;12;713.00;0
1430;12;625655203;1430;154;2071;2071;9.52;0.58;200.20;3.28;641;12;714.00;0
1432;12;625655213;1432;156;2071;2071;9.61;0.58;200.13;3.28;639;12;715.00;0
1433;12;625655223;1433;155;2071;2071;9.62;0.58;200.19;3.28;638;12;716.00;0
1437;12;625655233;1437;152;2071;2071;9.68;0.59;200.45;3.28;634;12;717.00;0
1438;12;625655243;1438;148;2071;2071;9.74;0.59;200.49;3.28;633;12;718.00;0
1443;12;625655253;1443;149;2071;2071;9.76;0.59;200.58;3.28;628;12;719.00;0
1447;12;625655284;1447;184;2193;2301;9.82;0.62;200.77;3.10;746;12;720.00;108
1448;12;625655314;1448;182;2203;2302;9.84;0.62;200.77;3.09;755;12;721.00;99
1453;12;625655325;1453;161;2215;2302;9.87;0.62;200.84;3.08;762;12;722.00;87
1457;12;625655338;1457;164;2225;2302;9.86;0.62;201.21;3.08;768;12;723.00;77
1459;12;625655354;1459;163;2231;2302;9.81;0.61;201.25;3.08;772;12;724.00;71
1463;12;625655372;1463;169;2237;2302;9.75;0.61;201.56;3.09;774;12;725.00;65
1466;12;625655389;1466;175;2244;2302;9.65;0.60;201.97;3.10;778;12;726.00;58
1467;12;625655406;1467;174;2249;2302;9.62;0.60;201.93;3.11;782;12;727.00;53
1471;12;625655423;1471;174;2254;2303;9.60;0.60;202.35;3.12;783;12;728.00;49
1475;12;625655440;1475;177;2258;2304;9.57;0.60;202.62;3.13;783;12;729.00;46
1479;12;625655456;1479;178;2261;2304;9.59;0.60;202.71;3.14;782;12;730.00;43
1484;12;625655469;1484;183;2267;2305;9.61;0.60;203.07;3.15;783;12;731.00;38
1491;12;625655483;1491;186;2269;2305;9.52;0.59;203.14;3.16;778;12;732.00;36
1491;12;625655496;1491;196;2272;2305;9.48;0.59;203.14;3.17;781;12;733.00;33
1494;12;625655508;1494;197;2275;2305;9.47;0.59;203.40;3.18;781;12;734.00;30
1495;12;625655521;1495;209;2281;2309;9.40;0.58;203.55;3.20;786;12;735.00;28
1498;12;625655544;1498;198;2285;2309;9.43;0.58;203.69;3.23;787;12;736.00;24
1502;12;625655557;1502;190;2288;2309;9.47;0.58;203.95;3.24;786;12;737.00;21
1505;12;625655578;1505;188;2292;2312;9.50;0.59;204.05;3.26;787;12;738.00;20
1512;12;625655599;1512;187;2294;2312;9.51;0.58;204.12;3.27;782;12;739.00;18
1515;12;625655621;1515;185;2295;2312;9.52;0.58;204.23;3.28;780;12;740.00;17
1517;12;625655641;1517;192;2301;2316;9.55;0.59;204.46;3.29;784;12;741.00;15
1519;12;625655662;1519;193;2305;2317;9.58;0.59;204.56;3.31;786;12;742.00;12
1521;12;625655675;1521;201;2306;2317;9.64;0.59;204.77;3.31;785;12;743.00;11
1523;13;625655688;1523;207;2311;2321;9.65;0.59;204.92;3.31;788;13;744.00;10
1526;13;625655711;1526;210;2311;2321;9.68;0.59;205.15;3.31;785;13;745.00;10
1529;13;625655723;1529;208;2312;2321;9.72;0.60;205.22;3.31;783;13;746.00;9
1533;13;625655735;1533;207;2314;2322;9.73;0.60;205.35;3.32;781;13;747.00;8
1536;13;625655748;1536;208;2314;2322;9.77;0.60;205.33;3.32;778;13;748.00;8
1536;13;625655760;1536;208;2318;2328;9.80;0.60;205.33;3.31;782;13;749.00;10
1537;13;625655775;1537;211;2318;2328;9.86;0.60;205.28;3.31;781;13;750.00;10
1540;13;625655794;1540;208;2321;2329;9.87;0.60;205.62;3.31;781;13;751.00;8
1542;13;625655807;1542;203;2321;2329;9.87;0.61;205.60;3.31;779;13;752.00;8
1542;13;625655819;1542;199;2321;2329;9.89;0.61;205.60;3.31;779;13;753.00;8
1546;13;625655831;1546;198;2321;2329;9.83;0.60;205.81;3.31;775;13;754.00;8
1548;13;625655843;1548;204;2321;2329;9.84;0.60;205.90;3.31;773;13;755.00;8
1551;13;625655854;1551;206;2332;2341;9.85;0.60;205.82;3.30;781;13;756.00;9
1556;13;625655867;1556;206;2332;2341;9.83;0.60;206.01;3.30;776;13;757.00;9
1557;13;625655880;1557;207;2333;2341;9.90;0.61;206.06;3.29;776;13;758.00;8
1559;13;625655892;1559;211;2333;2341;9.90;0.61;206.31;3.29;774;13;759.00;8
1563;14;625655903;1563;220;2333;2341;9.93;0.61;206.33;3.29;770;14;760.00;8
1565;14;625655927;1565;220;2333;2341;9.98;0.61;206.20;3.29;768;14;761.00;8
1568;14;625655938;1568;224;2337;2345;10.01;0.61;206.11;3.29;769;14;762.00;8
1571;14;625655951;1571;223;2337;2345;10.08;0.62;206.12;3.29;766;14;763.00;8
1575;14;625655961;1575;225;2340;2349;10.13;0.62;206.33;3.29;765;14;764.00;9
1576;14;625655981;1576;231;2342;2351;10.11;0.62;206.23;3.28;766;14;765.00;9
1576;14;625655993;1576;232;2343;2351;10.12;0.62;206.23;3.28;767;14;766.00;8
1577;14;625656003;1577;234;2343;2351;10.08;0.62;206.30;3.28;766;14;767.00;8
1579;14;625656015;1579;236;2354;2364;9.94;0.61;206.35;3.27;775;14;768.00;10
1581;14;625656040;1581;237;2354;2364;9.91;0.60;206.31;3.27;773;14;769.00;10
1581;14;625656051;1581;229;2355;2364;9.91;0.60;206.31;3.27;774;14;770.00;9
1584;14;625656063;1584;229;2356;2365;9.81;0.60;206.33;3.27;772;14;771.00;9
1586;14;625656074;1586;225;2356;2366;9.74;0.59;206.53;3.27;770;14;772.00;10
1588;14;625656085;1588;220;2356;2366;9.67;0.59;206.43;3.27;768;14;773.00;10
1591;14;625656097;1591;215;2358;2369;9.63;0.59;206.32;3.27;767;14;774.00;11
1592;14;625656107;1592;209;2358;2369;9.58;0.58;206.43;3.27;766;14;775.00;11
1594;14;625656118;1594;211;2359;2369;9.53;0.58;206.33;3.26;765;14;776.00;10
1597;14;625656127;1597;215;2359;2369;9.46;0.58;206.60;3.26;762;14;777.00;10
1602;14;625656137;1602;217;2363;2375;9.38;0.57;206.84;3.26;761;14;778.00;12
1604;15;625656148;1604;212;2363;2375;9.37;0.57;206.92;3.26;759;15;779.00;12
1606;15;625656170;1606;219;2364;2375;9.36;0.57;207.01;3.26;758;15;780.00;11
1608;15;625656181;1608;214;2364;2375;9.31;0.57;207.03;3.26;756;15;781.00;11
1613;15;625656197;1613;209;2367;2379;9.26;0.57;206.93;3.26;754;15;782.00;12
1617;15;625656208;1617;212;2368;2380;9.28;0.57;207.24;3.26;751;15;783.00;12
1620;15;625656218;1620;210;2368;2380;9.28;0.57;207.14;3.26;748;15;784.00;12
1623;15;625656228;1623;207;2370;2381;9.32;0.57;207.22;3.26;747;15;785.00;11
1627;15;625656244;1627;201;2370;2381;9.29;0.56;207.20;3.26;743;15;786.00;11
1631;15;625656255;1631;192;2370;2381;9.27;0.56;207.39;3.26;739;15;787.00;11
1635;15;625656265;1635;185;2370;2381;9.23;0.56;207.33;3.26;735;15;788.00;11
1637;15;625656274;1637;177;2370;2381;9.27;0.56;207.19;3.26;733;15;789.00;11
1641;15;625656284;1641;176;2370;2381;9.22;0.56;207.06;3.26;729;15;790.00;11
1643;15;625656293;1643;172;2370;2381;9.24;0.56;206.98;3.26;727;15;791.00;11
1643;15;625656303;1643;176;2401;2451;9.34;0.57;206.98;3.22;758;15;792.00;50
1644;15;625656319;1644;172;2401;2452;9.35;0.57;206.92;3.22;757;15;793.00;51
1646;15;625656330;1646;172;2409;2452;9.47;0.58;206.85;3.21;763;15;794.00;43
1648;15;625656341;1648;174;2411;2452;9.52;0.58;206.72;3.21;763;15;795.00;41
1649;15;625656352;1649;174;2416;2452;9.58;0.59;206.64;3.22;767;15;796.00;36
1649;15;625656362;1649;168;2421;2452;9.67;0.59;206.64;3.25;772;15;797.00;31
1651;15;625656371;1651;169;2424;2452;9.66;0.59;206.53;3.25;773;15;798.00;28
1654;15;625656382;1654;170;2429;2452;9.66;0.59;206.36;3.29;775;15;799.00;23
1657;15;625656393;1657;174;2432;2453;9.58;0.58;206.17;3.29;775;15;800.00;21
1660;15;625656407;1660;179;2435;2454;9.53;0.58;206.03;3.33;775;15;801.00;19
1662;15;625656417;1662;182;2436;2454;9.45;0.58;205.94;3.33;774;15;802.00;18
1666;15;625656427;1666;187;2442;2458;9.38;0.57;205.68;3.36;776;15;803.00;16
1668;15;625656438;1668;193;2442;2458;9.33;0.57;205.56;3.36;774;15;804.00;16
1668;15;625656448;1668;199;2443;2458;9.30;0.57;205.56;3.37;775;15;805.00;15
1671;15;625656458;1671;205;2445;2458;9.17;0.56;205.60;3.41;774;15;806.00;13
1673;15;625656468;1673;217;2448;2464;9.12;0.56;205.56;3.40;775;15;807.00;16
1676;15;625656479;1676;223;2451;2464;9.09;0.55;205.50;3.44;775;15;808.00;13
1677;15;625656488;1677;231;2451;2464;9.09;0.55;205.43;3.44;774;15;809.00;13
1679;15;625656500;1679;244;2458;2470;9.04;0.55;205.40;3.49;779;15;810.00;12
1683;15;625656511;1683;249;2459;2470;8.98;0.55;205.27;3.52;776;15;811.00;11
1684;15;625656521;1684;251;2460;2470;9.00;0.55;205.20;3.52;776;15;812.00;10
1687;15;625656531;1687;258;2463;2471;8.89;0.54;205.11;3.55;776;15;813.00;8
1689;15;625656541;1689;262;2465;2472;8.82;0.54;204.98;3.55;776;15;814.00;7
1692;15;625656551;1692;264;2467;2472;8.75;0.53;204.91;3.56;775;15;815.00;5
1694;15;625656561;1694;272;2478;2485;8.71;0.53;204.87;3.57;784;15;816.00;7
1698;16;625656572;1698;275;2478;2485;8.68;0.53;204.74;3.57;780;16;817.00;7
1702;16;625656591;1702;283;2480;2485;8.63;0.52;204.55;3.57;778;16;818.00;5
1704;16;625656601;1704;291;2482;2486;8.63;0.53;204.44;3.57;778;16;819.00;4
1704;16;625656611;1704;293;2482;2486;8.63;0.53;204.44;3.57;778;16;820.00;4
1704;16;625656621;1704;299;2487;2490;8.62;0.53;204.44;3.58;783;16;821.00;3
1705;16;625656631;1705;305;2488;2490;8.54;0.52;204.42;3.58;783;16;822.00;2
1706;16;625656641;1706;308;2493;2494;8.53;0.52;204.40;3.58;787;16;823.00;1
1709;16;625656651;1709;316;2494;2494;8.48;0.52;204.32;3.58;785;16;824.00;0
1710;17;625656661;1710;320;2494;2494;8.35;0.51;204.22;3.58;784;17;825.00;0
1711;17;625656678;1711;326;2494;2494;8.18;0.50;204.16;3.58;783;17;826.00;0
1714;17;625656691;1714;316;2494;2494;8.03;0.49;203.96;3.58;780;17;827.00;0
1716;17;625656701;1716;304;2504;2506;8.01;0.49;203.89;3.56;788;17;828.00;2
1716;17;625656711;1716;299;2505;2506;8.05;0.49;203.89;3.56;789;17;829.00;1
1717;17;625656720;1717;297;2506;2506;8.12;0.50;203.94;3.56;789;17;830.00;0
1718;17;625656729;1718;290;2506;2506;8.16;0.50;203.97;3.56;788;17;831.00;0
1719;17;625656739;1719;284;2506;2506;8.18;0.50;203.97;3.56;787;17;832.00;0
1720;17;625656748;1720;282;2506;2506;8.25;0.51;204.00;3.56;786;17;833.00;0
1720;17;625656764;1720;279;2507;2507;8.32;0.51;204.00;3.56;787;17;834.00;0
1722;17;625656774;1722;281;2507;2507;8.43;0.52;203.98;3.56;785;17;835.00;0
1724;17;625656784;1724;277;2512;2513;8.52;0.52;204.10;3.56;788;17;836.00;1
1724;17;625656799;1724;275;2513;2514;8.62;0.53;204.10;3.55;789;17;837.00;1
1724;17;625656810;1724;275;2514;2514;8.68;0.53;204.10;3.55;790;17;838.00;0
1725;17;625656820;1725;273;2514;2514;8.71;0.53;203.99;3.55;789;17;839.00;0
1726;17;625656837;1726;278;2519;2519;8.72;0.53;203.94;3.55;793;17;840.00;0
1727;17;625656846;1727;278;2519;2519;8.66;0.53;203.94;3.55;792;17;841.00;0
1728;17;625656856;1728;276;2519;2519;8.58;0.52;203.94;3.55;791;17;842.00;0
1730;17;625656865;1730;279;2520;2520;8.49;0.52;204.11;3.55;790;17;843.00;0
1733;17;625656875;1733;278;2524;2524;8.35;0.51;204.05;3.54;791;17;844.00;0
1738;17;625656885;1738;279;2524;2524;8.26;0.50;204.19;3.54;786;17;845.00;0
1740;17;625656894;1740;284;2526;2527;8.25;0.50;204.26;3.54;786;17;846.00;1
1741;17;625656904;1741;281;2527;2527;8.20;0.50;204.22;3.54;786;17;847.00;0
1745;17;625656913;1745;296;2527;2527;8.11;0.50;204.66;3.54;782;17;848.00;0
1747;17;625656921;1747;299;2527;2527;8.04;0.49;204.97;3.54;780;17;849.00;0
1752;17;625656930;1752;286;2530;2531;7.98;0.49;205.09;3.54;778;17;850.00;1
1755;17;625656940;1755;278;2530;2531;7.92;0.48;205.29;3.54;775;17;851.00;1
1759;17;625656949;1759;277;2531;2531;7.89;0.48;205.49;3.53;772;17;852.00;0
1762;17;625656958;1762;271;2531;2531;7.83;0.48;205.66;3.53;769;17;853.00;0
1765;17;625656967;1765;261;2532;2532;7.83;0.48;205.99;3.53;767;17;854.00;0
1768;17;625656977;1768;262;2534;2534;7.88;0.48;206.38;3.53;766;17;855.00;0
1774;17;625656986;1774;259;2534;2534;7.97;0.49;206.47;3.53;760;17;856.00;0
1781;17;625656996;1781;252;2535;2535;8.03;0.49;207.12;3.53;754;17;857.00;0
1787;17;625657005;1787;241;2535;2535;8.09;0.49;207.59;3.53;748;17;858.00;0
1789;17;625657015;1789;229;2535;2535;8.16;0.50;207.88;3.53;746;17;859.00;0
1794;17;625657024;1794;219;2535;2535;8.20;0.50;208.34;3.53;741;17;860.00;0
1794;17;625657033;1794;214;2535;2535;8.33;0.51;208.34;3.53;741;17;861.00;0
1799;17;625657043;1799;206;2535;2535;8.39;0.51;208.98;3.53;736;17;862.00;0
1802;17;625657053;1802;199;2535;2535;8.50;0.52;209.25;3.53;733;17;863.00;0
1808;17;625657063;1808;206;2615;2662;8.77;0.54;209.33;3.42;807;17;864.00;47
1811;17;625657084;1811;205;2620;2663;8.83;0.55;209.35;3.42;809;17;865.00;43
1815;17;625657095;1815;197;2626;2663;9.03;0.56;209.85;3.42;811;17;866.00;37
1820;17;625657105;1820;200;2629;2663;9.11;0.56;210.20;3.41;809;17;867.00;34
1822;17;625657116;1822;196;2635;2663;9.19;0.57;210.17;3.42;813;17;868.00;28
1828;17;625657127;1828;193;2638;2663;9.28;0.57;210.41;3.42;810;17;869.00;25
1833;17;625657140;1833;191;2643;2663;9.36;0.58;210.52;3.42;810;17;870.00;20
1837;17;625657152;1837;192;2647;2663;9.38;0.58;210.62;3.43;810;17;871.00;16
1843;17;625657163;1843;195;2652;2664;9.39;0.58;210.79;3.44;809;17;872.00;12
1845;17;625657174;1845;195;2654;2665;9.41;0.58;211.09;3.44;809;17;873.00;11
1850;18;625657186;1850;202;2656;2665;9.40;0.58;210.93;3.44;806;18;874.00;9
1857;18;625657216;1857;205;2657;2666;9.29;0.57;211.32;3.45;800;18;875.00;9
1862;18;625657234;1862;216;2658;2666;9.23;0.57;211.49;3.45;796;18;876.00;8
1868;18;625657245;1868;221;2660;2666;9.20;0.56;211.64;3.46;792;18;877.00;6
1875;18;625657257;1875;221;2662;2666;9.13;0.56;212.03;3.46;787;18;878.00;4
1881;18;625657269;1881;225;2666;2670;9.14;0.56;212.47;3.46;785;18;879.00;4
1883;18;625657286;1883;231;2667;2670;9.15;0.56;212.56;3.47;784;18;880.00;3
1887;18;625657302;1887;235;2667;2670;9.14;0.56;212.75;3.47;780;18;881.00;3
1890;18;625657314;1890;233;2670;2673;9.17;0.56;212.78;3.47;780;18;882.00;3
1894;18;625657326;1894;230;2670;2673;9.17;0.56;213.05;3.47;776;18;883.00;3
1896;18;625657340;1896;231;2671;2673;9.25;0.56;213.21;3.47;775;18;884.00;2
1897;18;625657358;1897;229;2675;2677;9.38;0.57;213.23;3.47;778;18;885.00;2
1899;18;625657376;1899;223;2677;2678;9.51;0.58;213.24;3.47;778;18;886.00;1
1903;18;625657402;1903;224;2677;2678;9.56;0.58;213.11;3.47;774;18;887.00;1
1907;18;625657419;1907;220;2682;2682;9.65;0.59;213.02;3.47;775;18;888.00;0
1910;18;625657437;1910;219;2682;2682;9.76;0.59;212.97;3.47;772;18;889.00;0
1913;18;625657456;1913;219;2682;2682;9.78;0.60;213.20;3.47;769;18;890.00;0
1920;18;625657471;1920;214;2683;2683;9.79;0.60;213.28;3.46;763;18;891.00;0
1925;18;625657492;1925;217;2683;2683;9.85;0.60;213.16;3.46;758;18;892.00;0
1929;18;625657505;1929;221;2688;2689;9.79;0.60;213.12;3.46;759;18;893.00;1
1934;18;625657520;1934;225;2688;2689;9.76;0.59;213.37;3.46;754;18;894.00;1
1937;18;625657533;1937;233;2690;2690;9.70;0.59;213.63;3.46;753;18;895.00;0
1942;18;625657546;1942;236;2690;2690;9.55;0.58;213.95;3.46;748;18;896.00;0
1945;18;625657559;1945;223;2690;2690;9.48;0.58;214.19;3.46;745;18;897.00;0
1948;18;625657571;1948;214;2690;2690;9.40;0.57;214.33;3.46;742;18;898.00;0
1951;18;625657583;1951;211;2690;2690;9.31;0.57;214.45;3.46;739;18;899.00;0
1953;18;625657599;1953;220;2719;2736;9.16;0.56;214.65;3.42;766;18;900.00;17
1956;18;625657623;1956;209;2719;2736;9.17;0.56;214.99;3.42;763;18;901.00;17
1958;18;625657637;1958;204;2721;2736;9.26;0.57;215.02;3.42;763;18;902.00;15
1963;18;625657649;1963;201;2721;2736;9.31;0.57;215.43;3.42;758;18;903.00;15
1965;18;625657662;1965;206;2723;2736;9.35;0.57;215.39;3.42;758;18;904.00;13
1968;19;625657685;1968;209;2724;2736;9.32;0.57;215.73;3.42;756;19;905.00;12
1973;19;625657710;1973;200;2729;2740;9.30;0.57;215.89;3.42;756;19;906.00;11
1975;19;625657728;1975;190;2730;2740;9.35;0.57;215.86;3.42;755;19;907.00;10
1979;19;625657746;1979;188;2733;2744;9.31;0.57;216.04;3.42;754;19;908.00;11
1982;19;625657758;1982;184;2735;2745;9.29;0.57;216.26;3.42;753;19;909.00;10
1985;19;625657770;1985;182;2736;2745;9.21;0.56;216.24;3.42;751;19;910.00;9
1990;19;625657783;1990;179;2736;2745;9.14;0.56;216.26;3.42;746;19;911.00;9
1993;19;625657794;1993;180;2745;2758;9.17;0.56;216.40;3.41;752;19;912.00;13
1995;19;625657807;1995;187;2745;2758;9.18;0.56;216.55;3.41;750;19;913.00;13
1999;20;625657824;1999;189;2745;2758;9.20;0.56;216.73;3.41;746;20;914.00;13
2002;20;625657848;2002;192;2747;2759;9.26;0.56;216.65;3.42;745;20;915.00;12
2004;20;625657860;2004;192;2749;2760;9.32;0.57;216.60;3.42;745;20;916.00;11
2008;20;625657871;2008;186;2749;2760;9.34;0.57;216.72;3.42;741;20;917.00;11
2010;21;625657884;2010;183;2751;2763;9.38;0.57;216.70;3.42;741;21;918.00;12
2012;21;625657914;2012;175;2751;2763;9.37;0.57;216.78;3.42;739;21;919.00;12
2015;21;625657925;2015;173;2752;2763;9.36;0.57;216.78;3.42;737;21;920.00;11
2017;21;625657938;2017;162;2752;2763;9.34;0.57;216.82;3.42;735;21;921.00;11
2017;21;625657949;2017;158;2757;2769;9.34;0.57;216.82;3.43;740;21;922.00;12
2018;21;625657961;2018;154;2757;2769;9.41;0.57;216.87;3.43;739;21;923.00;12
2021;21;625657973;2021;151;2757;2769;9.51;0.58;216.95;3.43;736;21;924.00;12
2022;21;625657985;2022;149;2757;2769;9.61;0.58;216.95;3.43;735;21;925.00;12
2024;21;625657996;2024;151;2762;2773;9.65;0.59;216.92;3.43;738;21;926.00;11
2026;21;625658007;2026;161;2765;2774;9.69;0.59;216.94;3.44;739;21;927.00;9
2028;22;625658018;2028;167;2765;2774;9.72;0.59;216.86;3.44;737;22;928.00;9
2033;22;625658042;2033;170;2768;2775;9.70;0.59;216.82;3.45;735;22;929.00;7
2033;22;625658056;2033;175;2768;2775;9.70;0.59;216.82;3.45;735;22;930.00;7
2035;22;625658066;2035;177;2769;2775;9.64;0.59;216.80;3.46;734;22;931.00;6
2036;22;625658077;2036;185;2770;2775;9.55;0.58;216.79;3.46;734;22;932.00;5
2038;22;625658087;2038;194;2770;2775;9.42;0.57;216.77;3.46;732;22;933.00;5
2041;22;625658097;2041;197;2771;2775;9.28;0.56;216.69;3.47;730;22;934.00;4
2042;22;625658108;2042;206;2772;2775;9.29;0.57;216.76;3.47;730;22;935.00;3
2045;22;625658118;2045;226;2812;2845;9.06;0.55;216.89;3.42;767;22;936.00;33
2046;22;625658134;2046;224;2815;2846;9.06;0.55;216.89;3.43;769;22;937.00;31
2047;22;625658144;2047;226;2820;2846;9.05;0.55;216.85;3.43;773;22;938.00;26
2047;22;625658153;2047;227;2823;2846;9.01;0.55;216.85;3.43;776;22;939.00;23
2049;22;625658163;2049;222;2828;2846;9.01;0.55;216.92;3.43;779;22;940.00;18
2050;22;625658173;2050;223;2830;2846;9.00;0.55;216.92;3.43;780;22;941.00;16
2054;22;625658184;2054;225;2834;2846;8.96;0.55;217.03;3.43;780;22;942.00;12
2056;22;625658194;2056;223;2837;2846;9.02;0.55;217.01;3.43;781;22;943.00;9
2058;22;625658205;2058;225;2840;2847;9.07;0.56;217.19;3.44;782;22;944.00;7
2059;22;625658215;2059;222;2843;2849;9.12;0.56;217.30;3.44;784;22;945.00;6
2062;22;625658225;2062;220;2843;2849;9.12;0.56;217.50;3.44;781;22;946.00;6
2068;22;625658235;2068;218;2846;2853;9.12;0.56;217.53;3.43;778;22;947.00;7
2070;22;625658246;2070;219;2846;2853;9.11;0.56;217.40;3.43;776;22;948.00;7
2076;22;625658256;2076;214;2846;2853;9.06;0.55;217.53;3.43;770;22;949.00;7
2079;22;625658267;2079;207;2846;2853;8.95;0.55;217.43;3.43;767;22;950.00;7
2081;22;625658276;2081;203;2849;2859;8.85;0.54;217.49;3.43;768;22;951.00;10
2084;22;625658287;2084;197;2850;2859;8.78;0.54;217.48;3.43;766;22;952.00;9
2087;22;625658297;2087;198;2851;2859;8.71;0.53;217.56;3.44;764;22;953.00;8
2093;22;625658307;2093;193;2854;2862;8.65;0.53;217.51;3.44;761;22;954.00;8
2098;22;625658317;2098;193;2856;2862;8.56;0.52;217.30;3.45;758;22;955.00;6
2102;22;625658327;2102;196;2856;2862;8.50;0.52;217.19;3.45;754;22;956.00;6
2105;22;625658340;2105;195;2856;2863;8.51;0.52;217.17;3.45;751;22;957.00;7
2113;22;625658350;2113;194;2857;2864;8.50;0.52;217.30;3.45;744;22;958.00;7
2115;22;625658359;2115;192;2857;2864;8.55;0.52;217.25;3.45;742;22;959.00;7
2115;22;625658371;2115;194;2874;2890;8.64;0.53;217.25;3.43;759;22;960.00;16
2115;22;625658381;2115;193;2875;2890;8.70;0.53;217.25;3.43;760;22;961.00;15
2117;22;625658393;2117;196;2877;2890;8.76;0.54;217.08;3.43;760;22;962.00;13
2120;22;625658402;2120;192;2878;2891;8.79;0.54;216.91;3.43;758;22;963.00;13
2123;22;625658412;2123;193;2878;2891;8.82;0.54;216.80;3.43;755;22;964.00;13
2125;22;625658421;2125;194;2880;2895;8.91;0.54;216.62;3.43;755;22;965.00;15
2128;22;625658431;2128;194;2880;2895;9.00;0.55;216.58;3.43;752;22;966.00;15
2129;22;625658440;2129;202;2884;2899;9.05;0.55;216.59;3.42;755;22;967.00;15
2132;22;625658449;2132;199;2884;2899;9.16;0.56;216.52;3.42;752;22;968.00;15
2134;23;625658459;2134;207;2884;2899;9.23;0.56;216.56;3.42;750;23;969.00;15
2136;24;625658480;2136;208;2886;2899;9.21;0.56;216.51;3.45;750;24;970.00;13
2137;24;625658496;2137;211;2887;2899;9.16;0.56;216.42;3.45;750;24;971.00;12
2138;24;625658505;2138;218;2899;2911;9.10;0.55;216.33;3.46;761;24;972.00;12
2142;25;625658520;2142;222;2900;2911;8.99;0.55;216.24;3.46;758;25;973.00;11
2143;25;625658546;2143;222;2900;2911;8.90;0.54;216.25;3.46;757;25;974.00;11
2144;25;625658555;2144;232;2902;2911;8.80;0.54;216.26;3.47;758;25;975.00;9
2144;25;625658564;2144;236;2902;2911;8.76;0.53;216.26;3.47;758;25;976.00;9
2146;25;625658573;2146;235;2902;2911;8.72;0.53;216.20;3.47;756;25;977.00;9
2146;25;625658582;2146;240;2903;2912;8.66;0.53;216.20;3.48;757;25;978.00;9
2147;25;625658591;2147;237;2904;2912;8.59;0.52;216.22;3.48;757;25;979.00;8
2148;25;625658600;2148;228;2909;2918;8.62;0.53;216.24;3.49;761;25;980.00;9
2148;25;625658611;2148;225;2912;2919;8.69;0.53;216.24;3.50;764;25;981.00;7
2149;25;625658621;2149;223;2913;2919;8.75;0.53;216.26;3.50;764;25;982.00;6
2152;25;625658631;2152;217;2914;2919;8.79;0.54;216.20;3.51;762;25;983.00;5
2155;25;625658641;2155;215;2917;2923;8.85;0.54;216.13;3.51;762;25;984.00;6
2157;25;625658651;2157;213;2918;2923;8.90;0.54;216.10;3.51;761;25;985.00;5
2158;25;625658662;2158;210;2919;2923;8.96;0.55;216.01;3.51;761;25;986.00;4
2162;25;625658672;2162;210;2920;2924;9.02;0.55;216.00;3.51;758;25;987.00;4
2163;25;625658682;2163;208;2924;2928;9.08;0.55;216.05;3.52;761;25;988.00;4
2165;25;625658698;2165;212;2924;2928;9.11;0.55;215.88;3.52;759;25;989.00;4
2166;25;625658710;2166;212;2927;2934;9.17;0.56;215.87;3.51;761;25;990.00;7
2167;25;625658720;2167;208;2929;2934;9.24;0.56;215.86;3.52;762;25;991.00;5
2169;25;625658730;2169;210;2930;2934;9.24;0.56;215.81;3.52;761;25;992.00;4
2170;25;625658739;2170;210;2932;2934;9.28;0.57;215.90;3.52;762;25;993.00;2
2171;25;625658749;2171;215;2936;2938;9.38;0.57;215.93;3.52;765;25;994.00;2
2172;25;625658758;2172;222;2936;2938;9.30;0.57;215.90;3.52;764;25;995.00;2
2172;25;625658768;2172;223;2937;2938;9.24;0.56;215.90;3.52;765;25;996.00;1
2174;25;625658778;2174;223;2938;2938;9.14;0.56;215.82;3.52;764;25;997.00;0
2174;25;625658787;2174;228;2939;2939;9.00;0.55;215.82;3.52;765;25;998.00;0
2176;25;625658796;2176;231;2940;2940;8.87;0.54;215.75;3.52;764;25;999.00;0
2178;25;625658811;2178;224;2940;2940;8.79;0.54;215.80;3.52;762;25;1000.00;0
2180;25;625658829;2180;224;2941;2941;8.72;0.53;215.72;3.52;761;25;1001.00;0
2184;25;625658839;2184;221;2941;2941;8.64;0.53;215.71;3.52;757;25;1002.00;0
2187;25;625658849;2187;220;2941;2941;8.59;0.52;215.75;3.52;754;25;1003.00;0
2190;25;625658858;2190;217;2941;2941;8.57;0.52;215.98;3.52;751;25;1004.00;0
2192;25;625658867;2192;225;2941;2941;8.53;0.52;216.19;3.52;749;25;1005.00;0
2196;25;625658876;2196;233;2941;2941;8.55;0.52;216.44;3.52;745;25;1006.00;0
2197;25;625658885;2197;230;2941;2941;8.58;0.52;216.57;3.52;744;25;1007.00;0
2201;25;625658894;2201;256;3013;3068;8.70;0.54;216.73;3.44;812;25;1008.00;55
2203;25;625658914;2203;241;3015;3069;8.71;0.54;216.81;3.44;812;25;1009.00;54
2207;25;625658924;2207;237;3024;3069;8.86;0.55;217.01;3.43;817;25;1010.00;45
2209;25;625658934;2209;233;3031;3069;8.92;0.55;217.18;3.43;822;25;1011.00;38
2213;25;625658944;2213;231;3036;3069;8.91;0.55;217.37;3.43;823;25;1012.00;33
2214;25;625658954;2214;234;3041;3069;8.94;0.55;217.31;3.43;827;25;1013.00;28
2218;25;625658963;2218;231;3047;3069;8.89;0.55;217.25;3.44;829;25;1014.00;22
2224;25;625658974;2224;232;3049;3069;8.89;0.54;217.24;3.44;825;25;1015.00;20
2231;25;625658984;2231;240;3053;3070;8.85;0.54;217.13;3.45;822;25;1016.00;17
2234;25;625658994;2234;244;3057;3071;8.85;0.54;217.34;3.46;823;25;1017.00;14
2238;25;625659004;2238;248;3060;3071;8.70;0.53;217.57;3.46;822;25;1018.00;11
2241;25;625659014;2241;255;3061;3072;8.48;0.52;217.91;3.46;820;25;1019.00;11
2245;25;625659026;2245;251;3062;3072;8.27;0.51;218.24;3.46;817;25;1020.00;10
2247;25;625659035;2247;249;3064;3072;8.13;0.50;218.50;3.47;817;25;1021.00;8
2250;25;625659045;2250;246;3065;3072;7.95;0.49;218.73;3.47;815;25;1022.00;7
2253;25;625659056;2253;248;3068;3076;7.92;0.49;218.87;3.47;815;25;1023.00;8
2255;25;625659066;2255;248;3069;3076;7.92;0.49;219.01;3.48;814;25;1024.00;7
2258;25;625659077;2258;248;3070;3076;7.99;0.49;219.34;3.48;812;25;1025.00;6
2261;25;625659092;2261;248;3073;3079;8.05;0.49;219.50;3.49;812;25;1026.00;6
2266;25;625659103;2266;243;3075;3079;8.06;0.49;219.67;3.50;809;25;1027.00;4
2269;25;625659120;2269;244;3077;3079;8.09;0.50;219.85;3.50;808;25;1028.00;2
2273;25;625659131;2273;239;3082;3083;8.06;0.49;220.08;3.50;809;25;1029.00;1
2275;25;625659143;2275;237;3084;3084;8.10;0.50;220.17;3.49;809;25;1030.00;0
2278;25;625659156;2278;223;3084;3084;8.20;0.50;220.39;3.49;806;25;1031.00;0
2281;25;625659167;2281;215;3088;3088;8.29;0.51;220.61;3.49;807;25;1032.00;0
2286;25;625659179;2286;208;3088;3088;8.33;0.51;220.77;3.49;802;25;1033.00;0
2289;25;625659191;2289;203;3088;3088;8.35;0.51;220.90;3.49;799;25;1034.00;0
2291;25;625659207;2291;202;3090;3090;8.40;0.51;220.94;3.49;799;25;1035.00;0
2294;25;625659220;2294;201;3090;3090;8.41;0.51;220.87;3.49;796;25;1036.00;0
2298;25;625659231;2298;195;3095;3096;8.53;0.52;220.97;3.48;797;25;1037.00;1
2303;25;625659243;2303;193;3095;3096;8.58;0.52;221.27;3.48;792;25;1038.00;1
2307;25;625659254;2307;196;3097;3097;8.64;0.53;221.37;3.48;790;25;1039.00;0
2312;25;625659266;2312;197;3097;3097;8.74;0.53;221.89;3.48;785;25;1040.00;0
2317;25;625659282;2317;202;3097;3097;8.82;0.54;221.95;3.48;780;25;1041.00;0
2321;25;625659299;2321;201;3097;3097;8.91;0.54;222.03;3.48;776;25;1042.00;0
2326;26;625659311;2326;198;3097;3097;9.04;0.55;222.17;3.48;771;26;1043.00;0
2329;26;625659334;2329;198;3107;3109;9.22;0.56;222.38;3.47;778;26;1044.00;2
2331;26;625659351;2331;191;3108;3109;9.36;0.57;222.41;3.47;777;26;1045.00;1
2336;26;625659369;2336;189;3109;3109;9.44;0.58;222.82;3.47;773;26;1046.00;0
2338;26;625659386;2338;191;3109;3109;9.47;0.58;222.87;3.47;771;26;1047.00;0
2344;26;625659411;2344;190;3109;3109;9.51;0.58;223.00;3.47;765;26;1048.00;0
2348;26;625659429;2348;185;3109;3109;9.55;0.58;223.38;3.47;761;26;1049.00;0
2351;26;625659448;2351;183;3115;3115;9.64;0.59;223.53;3.46;764;26;1050.00;0
2359;26;625659463;2359;179;3115;3115;9.65;0.59;223.72;3.46;756;26;1051.00;0
2364;26;625659477;2364;178;3118;3119;9.70;0.59;223.78;3.46;754;26;1052.00;1
2367;26;625659499;2367;174;3120;3120;9.76;0.59;223.92;3.46;753;26;1053.00;0
2372;26;625659512;2372;171;3120;3120;9.82;0.60;224.10;3.46;748;26;1054.00;0
2375;26;625659524;2375;171;3120;3120;9.81;0.60;224.28;3.46;745;26;1055.00;0
2380;26;625659537;2380;172;3133;3133;9.85;0.60;224.49;3.45;753;26;1056.00;0
2385;26;625659551;2385;171;3133;3133;9.84;0.60;224.57;3.45;748;26;1057.00;0
2389;26;625659564;2389;178;3133;3133;9.83;0.60;224.82;3.45;744;26;1058.00;0
2396;26;625659577;2396;179;3134;3134;9.73;0.59;224.88;3.45;738;26;1059.00;0
2401;26;625659590;2401;178;3135;3135;9.70;0.59;224.87;3.44;734;26;1060.00;0
2404;26;625659602;2404;183;3135;3135;9.69;0.59;225.00;3.44;731;26;1061.00;0
2407;26;625659614;2407;190;3137;3138;9.62;0.58;225.10;3.44;730;26;1062.00;1
2413;26;625659626;2413;197;3137;3138;9.52;0.58;225.29;3.44;724;26;1063.00;1
2417;26;625659638;2417;197;3138;3138;9.47;0.57;225.21;3.44;721;26;1064.00;0
2422;26;625659651;2422;201;3138;3138;9.37;0.57;225.33;3.44;716;26;1065.00;0
2424;26;625659663;2424;207;3143;3144;9.30;0.57;225.40;3.44;719;26;1066.00;1
2425;26;625659676;2425;201;3143;3144;9.33;0.57;225.37;3.44;718;26;1067.00;1
2432;26;625659688;2432;206;3144;3144;9.29;0.56;225.31;3.44;712;26;1068.00;0
2435;26;625659708;2435;197;3144;3144;9.29;0.56;225.29;3.44;709;26;1069.00;0
2439;26;625659721;2439;194;3148;3148;9.33;0.57;225.54;3.44;709;26;1070.00;0
2440;26;625659734;2440;194;3149;3149;9.37;0.57;225.59;3.43;709;26;1071.00;0
2447;26;625659746;2447;193;3149;3149;9.32;0.56;225.73;3.43;702;26;1072.00;0
2447;26;625659765;2447;201;3150;3150;9.35;0.57;225.73;3.43;703;26;1073.00;0
2449;26;625659776;2449;203;3150;3150;9.36;0.57;225.73;3.43;701;26;1074.00;0
2451;26;625659788;2451;203;3150;3150;9.33;0.57;225.83;3.43;699;26;1075.00;0
2454;26;625659809;2454;184;3150;3150;9.37;0.57;225.73;3.43;696;26;1076.00;0
2457;26;625659820;2457;175;3150;3150;9.44;0.57;225.83;3.43;693;26;1077.00;0
2460;26;625659832;2460;165;3150;3150;9.47;0.58;225.91;3.43;690;26;1078.00;0
2462;26;625659843;2462;159;3150;3150;9.48;0.58;226.09;3.43;688;26;1079.00;0
2464;26;625659856;2464;197;3236;3275;9.14;0.56;226.05;3.34;772;26;1080.00;39
2468;26;625659886;2468;179;3241;3276;9.15;0.56;226.22;3.34;773;26;1081.00;35
2470;26;625659898;2470;166;3246;3276;9.31;0.57;226.18;3.34;776;26;1082.00;30
2474;26;625659910;2474;162;3250;3276;9.37;0.57;226.20;3.34;776;26;1083.00;26
2476;26;625659922;2476;168;3255;3276;9.41;0.58;226.21;3.34;779;26;1084.00;21
2479;26;625659940;2479;170;3259;3276;9.43;0.58;226.25;3.34;780;26;1085.00;17
2481;26;625659951;2481;171;3263;3276;9.44;0.58;226.23;3.34;782;26;1086.00;13
2488;26;625659963;2488;163;3264;3276;9.39;0.58;226.22;3.34;776;26;1087.00;12
2488;26;625659976;2488;165;3268;3277;9.35;0.58;226.22;3.35;780;26;1088.00;9
2491;26;625659988;2491;166;3269;3278;9.30;0.57;226.26;3.35;778;26;1089.00;9
2493;26;625660000;2493;174;3271;3278;9.25;0.57;226.30;3.35;778;26;1090.00;7
2495;26;625660012;2495;177;3277;3282;9.19;0.57;226.30;3.35;782;26;1091.00;5
2496;26;625660023;2496;176;3278;3282;9.17;0.56;226.33;3.35;782;26;1092.00;4
2497;26;625660035;2497;179;3278;3282;9.13;0.56;226.28;3.35;781;26;1093.00;4
2497;26;625660046;2497;182;3279;3282;9.11;0.56;226.28;3.36;782;26;1094.00;3
2499;26;625660058;2499;188;3283;3288;9.07;0.56;226.28;3.36;784;26;1095.00;5
2500;26;625660070;2500;190;3283;3288;9.09;0.56;226.23;3.36;783;26;1096.00;5
2500;26;625660081;2500;197;3284;3288;9.08;0.56;226.23;3.36;784;26;1097.00;4
2501;26;625660098;2501;211;3287;3291;9.08;0.56;226.17;3.36;786;26;1098.00;4
2504;27;625660116;2504;207;3287;3291;9.02;0.55;226.21;3.36;783;27;1099.00;4
2506;27;625660144;2506;214;3288;3291;8.97;0.55;226.21;3.36;782;27;1100.00;3
2509;27;625660159;2509;217;3288;3292;8.88;0.55;226.20;3.36;779;27;1101.00;4
2512;27;625660177;2512;227;3289;3293;8.79;0.54;226.08;3.36;777;27;1102.00;4
2516;27;625660187;2516;227;3289;3293;8.75;0.54;226.21;3.36;773;27;1103.00;4
2517;27;625660198;2517;232;3299;3306;8.65;0.53;226.27;3.35;782;27;1104.00;7
2520;27;625660210;2520;235;3299;3306;8.60;0.53;226.12;3.35;779;27;1105.00;7
2521;27;625660221;2521;243;3299;3306;8.58;0.53;226.08;3.35;778;27;1106.00;7
2524;27;625660231;2524;248;3300;3307;8.57;0.53;226.05;3.34;776;27;1107.00;7
2527;27;625660241;2527;252;3301;3307;8.61;0.53;226.06;3.35;774;27;1108.00;6
2531;27;625660252;2531;264;3304;3311;8.59;0.53;225.97;3.35;773;27;1109.00;7
2536;27;625660265;2536;261;3304;3311;8.59;0.53;225.99;3.35;768;27;1110.00;7
2538;27;625660275;2538;262;3308;3315;8.60;0.53;225.98;3.35;770;27;1111.00;7
2539;27;625660285;2539;257;3308;3315;8.62;0.53;225.95;3.35;769;27;1112.00;7
2542;27;625660295;2542;255;3308;3315;8.62;0.53;225.97;3.35;766;27;1113.00;7
2544;27;625660306;2544;253;3308;3315;8.63;0.53;225.96;3.35;764;27;1114.00;7
2548;27;625660316;2548;248;3308;3315;8.58;0.53;225.74;3.35;760;27;1115.00;7
2549;27;625660326;2549;248;3318;3327;8.59;0.53;225.75;3.34;769;27;1116.00;9
2554;27;625660337;2554;239;3318;3327;8.53;0.52;225.66;3.34;764;27;1117.00;9
2556;27;625660348;2556;244;3319;3327;8.55;0.52;225.63;3.34;763;27;1118.00;8
2560;27;625660358;2560;243;3319;3327;8.52;0.52;225.62;3.34;759;27;1119.00;8
2562;27;625660368;2562;240;3319;3327;8.44;0.52;225.64;3.34;757;27;1120.00;8
2565;27;625660378;2565;235;3319;3327;8.38;0.51;225.65;3.34;754;27;1121.00;8
2566;27;625660388;2566;240;3319;3328;8.31;0.51;225.66;3.34;753;27;1122.00;9
2568;27;625660397;2568;235;3319;3328;8.31;0.51;225.56;3.34;751;27;1123.00;9
2569;27;625660405;2569;229;3323;3334;8.33;0.51;225.55;3.33;754;27;1124.00;11
2574;27;625660415;2574;233;3328;3336;8.26;0.50;225.51;3.35;754;27;1125.00;8
2576;27;625660424;2576;225;3328;3336;8.29;0.50;225.51;3.35;752;27;1126.00;8
2579;27;625660433;2579;228;3328;3336;8.28;0.50;225.48;3.35;749;27;1127.00;8
2582;27;625660441;2582;229;3330;3340;8.32;0.50;225.49;3.35;748;27;1128.00;10
2582;27;625660450;2582;226;3330;3340;8.33;0.51;225.49;3.35;748;27;1129.00;10
2583;27;625660459;2583;223;3330;3340;8.35;0.51;225.44;3.35;747;27;1130.00;10
2588;27;625660473;2588;207;3331;3341;8.41;0.51;225.26;3.34;743;27;1131.00;10
2588;27;625660482;2588;197;3334;3345;8.49;0.51;225.26;3.34;746;27;1132.00;11
2591;27;625660492;2591;185;3334;3345;8.60;0.52;225.18;3.34;743;27;1133.00;11
2593;27;625660501;2593;179;3336;3348;8.71;0.53;225.18;3.34;743;27;1134.00;12
2594;27;625660510;2594;176;3337;3348;8.82;0.53;225.17;3.34;743;27;1135.00;11
2594;27;625660519;2594;168;3337;3348;8.90;0.54;225.17;3.34;743;27;1136.00;11
2594;27;625660529;2594;167;3338;3348;8.97;0.54;225.17;3.36;744;27;1137.00;10
2596;27;625660538;2596;157;3341;3352;9.08;0.55;225.01;3.35;745;27;1138.00;11
2597;27;625660548;2597;157;3342;3352;9.22;0.56;225.01;3.36;745;27;1139.00;10
2598;27;625660570;2598;153;3343;3352;9.40;0.57;225.02;3.36;745;27;1140.00;9
2600;27;625660580;2600;151;3344;3352;9.52;0.58;225.04;3.37;744;27;1141.00;8
2601;27;625660590;2601;151;3344;3353;9.59;0.58;224.99;3.37;743;27;1142.00;9
2602;27;625660600;2602;147;3345;3354;9.65;0.59;224.93;3.36;743;27;1143.00;9
2603;27;625660610;2603;146;3345;3354;9.71;0.59;224.90;3.36;742;27;1144.00;9
2604;27;625660620;2604;143;3346;3355;9.75;0.59;224.92;3.36;742;27;1145.00;9
2604;27;625660635;2604;144;3346;3355;9.82;0.60;224.92;3.36;742;27;1146.00;9
2606;27;625660645;2606;149;3346;3355;9.91;0.60;224.86;3.36;740;27;1147.00;9
2607;27;625660655;2607;155;3346;3355;10.00;0.61;224.83;3.36;739;27;1148.00;9
2608;27;625660665;2608;158;3347;3355;10.01;0.61;224.79;3.38;739;27;1149.00;8
2610;27;625660675;2610;152;3348;3355;10.06;0.61;224.87;3.39;738;27;1150.00;7
2610;27;625660685;2610;155;3348;3355;10.07;0.61;224.87;3.39;738;27;1151.00;7
2610;27;625660694;2610;174;3414;3482;9.99;0.61;224.87;3.32;804;27;1152.00;68
2613;27;625660715;2613;162;3418;3483;9.92;0.61;224.83;3.34;805;27;1153.00;65
2614;27;625660726;2614;167;3425;3483;9.97;0.61;224.80;3.34;811;27;1154.00;58
2617;27;625660736;2617;164;3433;3483;10.00;0.62;224.89;3.35;816;27;1155.00;50
2619;27;625660747;2619;163;3439;3483;10.03;0.62;224.94;3.36;820;27;1156.00;44
2621;27;625660757;2621;160;3443;3483;10.11;0.62;224.93;3.36;822;27;1157.00;40
2627;27;625660767;2627;163;3446;3483;10.08;0.62;225.26;3.37;819;27;1158.00;37
2629;27;625660778;2629;161;3449;3483;10.04;0.62;225.36;3.37;820;27;1159.00;34
2633;27;625660788;2633;167;3453;3484;10.01;0.62;225.35;3.38;820;27;1160.00;31
2636;27;625660804;2636;172;3455;3485;9.93;0.61;225.49;3.38;819;27;1161.00;30
2641;27;625660815;2641;175;3460;3485;9.86;0.61;225.57;3.40;819;27;1162.00;25
2642;27;625660827;2642;178;3462;3486;9.83;0.60;225.53;3.40;820;27;1163.00;24
2643;27;625660837;2643;181;3465;3486;9.72;0.60;225.60;3.41;822;27;1164.00;21
2647;27;625660847;2647;196;3469;3486;9.60;0.59;225.74;3.42;822;27;1165.00;17
2652;27;625660857;2652;203;3473;3486;9.41;0.58;225.81;3.44;821;27;1166.00;13
2654;27;625660868;2654;208;3479;3490;9.27;0.57;225.83;3.45;825;27;1167.00;11
2660;27;625660879;2660;216;3485;3490;9.15;0.56;225.97;3.47;825;27;1168.00;5
2661;27;625660890;2661;222;3486;3490;9.06;0.55;226.04;3.47;825;27;1169.00;4
2664;27;625660901;2664;225;3490;3496;8.93;0.55;226.18;3.47;826;27;1170.00;6
2667;27;625660913;2667;228;3491;3496;8.84;0.54;226.27;3.47;824;27;1171.00;5
2669;27;625660923;2669;231;3492;3496;8.77;0.54;226.30;3.47;823;27;1172.00;4
2672;27;625660934;2672;234;3497;3500;8.63;0.53;226.40;3.47;825;27;1173.00;3
2674;27;625660945;2674;235;3498;3501;8.57;0.53;226.46;3.47;824;27;1174.00;3
2676;27;625660956;2676;237;3499;3501;8.54;0.52;226.64;3.47;823;27;1175.00;2
2677;27;625660966;2677;238;3503;3505;8.59;0.53;226.75;3.47;826;27;1176.00;2
2678;27;625660977;2678;239;3504;3505;8.60;0.53;226.81;3.47;826;27;1177.00;1
2679;27;625660988;2679;244;3505;3505;8.63;0.53;226.92;3.47;826;27;1178.00;0
2680;27;625660998;2680;242;3506;3506;8.65;0.53;227.04;3.47;826;27;1179.00;0
2681;27;625661008;2681;237;3506;3506;8.61;0.53;227.13;3.47;825;27;1180.00;0
2683;27;625661019;2683;239;3511;3512;8.55;0.52;227.19;3.46;828;27;1181.00;1
2687;27;625661030;2687;243;3512;3512;8.44;0.52;227.27;3.46;825;27;1182.00;0
2690;27;625661045;2690;245;3513;3513;8.31;0.51;227.31;3.46;823;27;1183.00;0
2694;28;625661055;2694;248;3513;3513;8.26;0.51;227.42;3.46;819;28;1184.00;0
2701;28;625661081;2701;247;3513;3513;8.16;0.50;227.33;3.46;812;28;1185.00;0
2706;28;625661091;2706;252;3513;3513;8.12;0.50;227.39;3.46;807;28;1186.00;0
2711;28;625661101;2711;253;3513;3513;8.02;0.49;227.72;3.46;802;28;1187.00;0
2716;28;625661111;2716;251;3524;3525;8.03;0.49;228.05;3.45;808;28;1188.00;1
2721;28;625661122;2721;254;3524;3525;7.92;0.48;228.20;3.45;803;28;1189.00;1
2724;28;625661132;2724;240;3525;3525;7.86;0.48;228.22;3.45;801;28;1190.00;0
2728;28;625661143;2728;233;3525;3525;7.83;0.48;228.25;3.45;797;28;1191.00;0
2733;28;625661152;2733;234;3525;3525;7.87;0.48;228.48;3.45;792;28;1192.00;0
2737;28;625661162;2737;235;3525;3525;7.92;0.49;228.60;3.45;788;28;1193.00;0
2738;28;625661172;2738;233;3529;3529;7.99;0.49;228.61;3.45;791;28;1194.00;0
2743;28;625661182;2743;231;3529;3529;8.03;0.49;228.70;3.45;786;28;1195.00;0
2749;28;625661192;2749;229;3532;3533;8.05;0.49;228.78;3.45;783;28;1196.00;1
2752;28;625661203;2752;221;3533;3534;8.09;0.50;228.99;3.45;781;28;1197.00;1
2754;28;625661214;2754;212;3534;3534;8.16;0.50;229.02;3.45;780;28;1198.00;0
2758;28;625661224;2758;202;3534;3534;8.21;0.50;229.14;3.45;776;28;1199.00;0
2760;28;625661237;2760;204;3557;3575;8.22;0.51;229.27;3.42;797;28;1200.00;18
2761;28;625661256;2761;197;3559;3575;8.34;0.51;229.42;3.42;798;28;1201.00;16
2764;28;625661267;2764;199;3562;3575;8.38;0.52;229.48;3.42;798;28;1202.00;13
2769;28;625661277;2769;190;3564;3576;8.42;0.52;229.62;3.42;795;28;1203.00;12
2769;28;625661288;2769;191;3567;3577;8.53;0.53;229.62;3.42;798;28;1204.00;10
2777;28;625661299;2777;184;3569;3577;8.61;0.53;229.80;3.42;792;28;1205.00;8
2779;28;625661309;2779;186;3571;3580;8.78;0.54;229.72;3.42;792;28;1206.00;9
2783;28;625661320;2783;180;3572;3580;8.86;0.54;229.72;3.42;789;28;1207.00;8
2789;28;625661330;2789;180;3574;3580;8.85;0.54;229.71;3.42;785;28;1208.00;6
2792;28;625661341;2792;179;3574;3580;8.86;0.54;229.77;3.42;782;28;1209.00;6
2798;28;625661357;2798;183;3580;3586;8.87;0.54;230.22;3.42;782;28;1210.00;6
2801;28;625661379;2801;183;3580;3586;8.86;0.54;230.30;3.42;779;28;1211.00;6
2804;28;625661397;2804;189;3582;3586;8.84;0.54;230.55;3.42;778;28;1212.00;4
2810;28;625661422;2810;180;3582;3586;8.83;0.54;230.63;3.42;772;28;1213.00;4
2813;28;625661439;2813;184;3586;3590;8.89;0.54;230.75;3.42;773;28;1214.00;4
2822;28;625661455;2822;178;3588;3592;8.89;0.54;230.90;3.42;766;28;1215.00;4
2823;28;625661470;2823;186;3588;3592;8.90;0.54;230.91;3.42;765;28;1216.00;4
2828;28;625661482;2828;185;3590;3593;8.87;0.54;230.96;3.42;762;28;1217.00;3
2831;28;625661495;2831;180;3590;3593;8.86;0.54;231.14;3.42;759;28;1218.00;3
2834;28;625661506;2834;183;3590;3593;8.89;0.54;231.22;3.42;756;28;1219.00;3
2839;28;625661519;2839;188;3590;3593;8.87;0.54;231.16;3.42;751;28;1220.00;3
2845;28;625661531;2845;193;3590;3593;8.86;0.54;231.19;3.42;745;28;1221.00;3
2849;28;625661542;2849;199;3590;3593;8.83;0.54;231.21;3.42;741;28;1222.00;3
2854;28;625661555;2854;203;3591;3593;8.75;0.53;231.25;3.43;737;28;1223.00;2
2861;28;625661567;2861;220;3632;3663;8.57;0.52;231.36;3.39;771;28;1224.00;31
2866;28;625661585;2866;217;3633;3664;8.51;0.52;231.52;3.39;767;28;1225.00;31
2871;28;625661598;2871;214;3638;3664;8.55;0.52;231.52;3.38;767;28;1226.00;26
2877;28;625661609;2877;224;3638;3664;8.54;0.52;231.85;3.38;761;28;1227.00;26
2880;28;625661621;2880;225;3643;3666;8.64;0.53;231.89;3.39;763;28;1228.00;23
2885;28;625661633;2885;226;3643;3666;8.62;0.53;231.99;3.39;758;28;1229.00;23
2888;28;625661646;2888;230;3646;3666;8.65;0.53;232.04;3.39;758;28;1230.00;20
2889;28;625661658;2889;234;3648;3666;8.57;0.52;231.99;3.40;759;28;1231.00;18
2895;28;625661669;2895;238;3649;3667;8.44;0.51;232.28;3.40;754;28;1232.00;18
2899;28;625661680;2899;246;3653;3668;8.37;0.51;232.46;3.40;754;28;1233.00;15
2903;29;625661692;2903;258;3656;3668;8.24;0.50;232.46;3.41;753;29;1234.00;12
2905;29;625661713;2905;268;3663;3672;8.07;0.49;232.67;3.42;758;29;1235.00;9
2909;29;625661726;2909;277;3666;3672;7.96;0.49;232.85;3.42;757;29;1236.00;6
2910;29;625661744;2910;274;3668;3672;7.96;0.49;232.95;3.43;758;29;1237.00;4
2915;29;625661760;2915;269;3671;3672;7.96;0.49;233.19;3.43;756;29;1238.00;1
2915;29;625661772;2915;275;3677;3678;7.98;0.49;233.19;3.43;762;29;1239.00;1
2919;29;625661783;2919;278;3678;3678;8.00;0.49;233.17;3.43;759;29;1240.00;0
2923;29;625661802;2923;275;3678;3678;8.03;0.49;233.14;3.43;755;29;1241.00;0
2925;29;625661814;2925;274;3681;3681;8.13;0.49;233.17;3.43;756;29;1242.00;0
2926;29;625661825;2926;270;3681;3681;8.18;0.50;233.17;3.43;755;29;1243.00;0
2928;29;625661842;2928;267;3681;3681;8.17;0.50;233.15;3.43;753;29;1244.00;0
2929;29;625661853;2929;268;3682;3682;8.17;0.50;233.07;3.43;753;29;1245.00;0
2932;29;625661864;2932;256;3683;3683;8.17;0.50;232.99;3.43;751;29;1246.00;0
2936;29;625661876;2936;252;3683;3683;8.17;0.50;232.88;3.43;747;29;1247.00;0
2939;29;625661888;2939;245;3696;3696;8.33;0.51;232.86;3.42;757;29;1248.00;0
2940;29;625661902;2940;237;3696;3696;8.42;0.51;232.82;3.42;756;29;1249.00;0
2941;29;625661913;2941;234;3696;3696;8.48;0.52;232.79;3.42;755;29;1250.00;0
2943;29;625661924;2943;236;3697;3697;8.53;0.52;233.09;3.42;754;29;1251.00;0
2947;29;625661937;2947;233;3697;3697;8.55;0.52;233.24;3.42;750;29;1252.00;0
2949;29;625661950;2949;236;3700;3701;8.53;0.52;233.17;3.41;751;29;1253.00;1
2950;29;625661962;2950;236;3700;3701;8.59;0.52;233.12;3.41;750;29;1254.00;1
2953;29;625661973;2953;235;3705;3705;8.53;0.52;233.18;3.41;752;29;1255.00;0
2956;29;625661985;2956;238;3705;3705;8.46;0.51;233.12;3.41;749;29;1256.00;0
2957;29;625661996;2957;229;3705;3705;8.42;0.51;233.07;3.41;748;29;1257.00;0
2960;29;625662007;2960;229;3705;3705;8.37;0.51;232.92;3.41;745;29;1258.00;0
2961;29;625662018;2961;224;3705;3705;8.39;0.51;233.00;3.41;744;29;1259.00;0
2964;29;625662030;2964;226;3730;3739;8.41;0.51;232.95;3.39;766;29;1260.00;9
2966;29;625662044;2966;228;3730;3739;8.47;0.52;232.83;3.39;764;29;1261.00;9
2968;29;625662054;2968;230;3731;3739;8.44;0.52;233.01;3.39;763;29;1262.00;8
2970;29;625662065;2970;232;3731;3739;8.39;0.51;232.90;3.39;761;29;1263.00;8
2974;29;625662076;2974;228;3732;3739;8.34;0.51;232.92;3.39;758;29;1264.00;7
2975;29;625662087;2975;233;3732;3739;8.29;0.51;232.90;3.39;757;29;1265.00;7
2976;29;625662098;2976;237;3733;3740;8.31;0.51;232.86;3.39;757;29;1266.00;7
2977;29;625662109;2977;236;3733;3740;8.27;0.51;232.86;3.39;756;29;1267.00;7
2979;29;625662119;2979;241;3737;3746;8.21;0.50;232.79;3.39;758;29;1268.00;9
2980;29;625662129;2980;248;3738;3747;8.14;0.50;232.78;3.39;758;29;1269.00;9
2983;29;625662139;2983;247;3739;3747;8.12;0.50;232.74;3.39;756;29;1270.00;8
2984;29;625662148;2984;254;3739;3747;8.08;0.49;232.67;3.39;755;29;1271.00;8
2986;29;625662158;2986;269;3742;3751;8.05;0.49;232.67;3.39;756;29;1272.00;9
2987;29;625662169;2987;271;3742;3751;7.98;0.49;232.61;3.39;755;29;1273.00;9
2990;29;625662178;2990;279;3742;3751;7.86;0.48;232.72;3.39;752;29;1274.00;9
2992;29;625662188;2992;284;3743;3752;7.78;0.48;232.70;3.39;751;29;1275.00;9
2992;29;625662198;2992;293;3746;3756;7.73;0.47;232.70;3.38;754;29;1276.00;10
2993;29;625662218;2993;295;3746;3756;7.68;0.47;232.63;3.38;753;29;1277.00;10
2993;29;625662227;2993;303;3748;3759;7.70;0.47;232.63;3.38;755;29;1278.00;11
2993;29;625662236;2993;304;3748;3759;7.65;0.47;232.63;3.38;755;29;1279.00;11
2995;29;625662246;2995;304;3749;3759;7.60;0.47;232.60;3.38;754;29;1280.00;10
2998;29;625662256;2998;298;3749;3759;7.57;0.46;232.68;3.38;751;29;1281.00;10
3000;29;625662265;3000;299;3752;3763;7.61;0.46;232.64;3.38;752;29;1282.00;11
3001;29;625662276;3001;286;3752;3763;7.63;0.47;232.65;3.38;751;29;1283.00;11
3002;29;625662287;3002;269;3753;3763;7.68;0.47;232.63;3.38;751;29;1284.00;10
3003;29;625662298;3003;257;3753;3763;7.70;0.47;232.61;3.38;750;29;1285.00;10
3004;29;625662307;3004;245;3753;3764;7.77;0.48;232.60;3.38;749;29;1286.00;11
3007;29;625662317;3007;241;3754;3765;7.81;0.48;232.67;3.38;747;29;1287.00;11
3012;29;625662327;3012;236;3754;3765;7.87;0.48;232.70;3.38;742;29;1288.00;11
3012;29;625662338;3012;221;3755;3766;7.93;0.48;232.70;3.38;743;29;1289.00;11
3015;29;625662363;3015;209;3755;3766;7.97;0.49;232.76;3.38;740;29;1290.00;11
3016;29;625662373;3016;201;3755;3766;8.04;0.49;232.75;3.38;739;29;1291.00;11
3017;29;625662383;3017;190;3755;3766;8.14;0.50;232.72;3.38;738;29;1292.00;11
3020;29;625662393;3020;183;3755;3766;8.24;0.50;232.66;3.38;735;29;1293.00;11
3021;29;625662401;3021;169;3756;3766;8.42;0.51;232.64;3.39;735;29;1294.00;10
3022;29;625662410;3022;159;3757;3766;8.51;0.52;232.62;3.39;735;29;1295.00;9
3025;29;625662419;3025;170;3825;3893;8.62;0.53;232.49;3.33;800;29;1296.00;68
3028;29;625662444;3028;165;3825;3894;8.69;0.54;232.42;3.33;797;29;1297.00;69
3031;29;625662454;3031;148;3832;3894;8.83;0.54;232.41;3.34;801;29;1298.00;62
3034;29;625662464;3034;143;3838;3894;8.89;0.55;232.33;3.34;804;29;1299.00;56
3036;29;625662475;3036;137;3842;3894;9.02;0.55;232.43;3.34;806;29;1300.00;52
3037;29;625662488;3037;134;3846;3894;9.10;0.56;232.44;3.34;809;29;1301.00;48
3037;29;625662498;3037;137;3850;3894;9.28;0.57;232.44;3.35;813;29;1302.00;44
3038;29;625662508;3038;133;3854;3894;9.32;0.57;232.53;3.36;816;29;1303.00;40
3041;29;625662518;3041;138;3858;3895;9.45;0.58;232.52;3.36;817;29;1304.00;37
3044;29;625662529;3044;139;3861;3897;9.52;0.58;232.49;3.37;817;29;1305.00;36
3045;29;625662540;3045;141;3865;3897;9.57;0.59;232.45;3.38;820;29;1306.00;32
3048;29;625662551;3048;145;3867;3898;9.54;0.58;232.58;3.38;819;29;1307.00;31
3052;29;625662561;3052;142;3870;3898;9.52;0.58;232.57;3.39;818;29;1308.00;28
3057;29;625662572;3057;141;3871;3898;9.51;0.58;232.40;3.39;814;29;1309.00;27
3059;29;625662584;3059;143;3873;3898;9.45;0.58;232.45;3.40;814;29;1310.00;25
3063;29;625662595;3063;149;3877;3902;9.39;0.57;232.51;3.41;814;29;1311.00;25
3068;29;625662611;3068;153;3879;3902;9.36;0.57;232.48;3.42;811;29;1312.00;23
3071;29;625662622;3071;153;3880;3902;9.33;0.57;232.63;3.42;809;29;1313.00;22
3074;29;625662633;3074;157;3885;3905;9.35;0.57;232.76;3.44;811;29;1314.00;20
3075;29;625662644;3075;162;3886;3905;9.31;0.57;232.76;3.44;811;29;1315.00;19
3078;29;625662655;3078;160;3887;3905;9.28;0.56;232.86;3.44;809;29;1316.00;18
3080;29;625662667;3080;166;3892;3909;9.16;0.56;232.94;3.45;812;29;1317.00;17
3081;29;625662679;3081;169;3895;3910;9.17;0.56;232.94;3.46;814;29;1318.00;15
3085;29;625662690;3085;182;3896;3910;9.14;0.56;233.04;3.47;811;29;1319.00;14
3089;29;625662703;3089;181;3902;3915;9.19;0.56;233.00;3.48;813;29;1320.00;13
3092;29;625662714;3092;185;3903;3915;9.22;0.56;233.13;3.49;811;29;1321.00;12
3094;29;625662725;3094;185;3903;3915;9.24;0.56;233.11;3.49;809;29;1322.00;12
3096;29;625662736;3096;186;3907;3916;9.24;0.56;233.14;3.50;811;29;1323.00;9
3098;29;625662748;3098;189;3907;3916;9.28;0.56;233.32;3.50;809;29;1324.00;9
3100;29;625662759;3100;195;3911;3922;9.36;0.57;233.45;3.50;811;29;1325.00;11
3102;29;625662771;3102;195;3912;3922;9.30;0.56;233.56;3.50;810;29;1326.00;10
3106;29;625662788;3106;199;3915;3923;9.29;0.56;233.66;3.52;809;29;1327.00;8
3110;29;625662800;3110;197;3915;3923;9.21;0.56;233.69;3.52;805;29;1328.00;8
3111;29;625662812;3111;199;3916;3923;9.18;0.56;233.75;3.52;805;29;1329.00;7
3115;29;625662823;3115;201;3916;3923;9.13;0.55;233.87;3.52;801;29;1330.00;7
3116;29;625662834;3116;201;3917;3923;9.13;0.56;233.96;3.53;801;29;1331.00;6
3118;29;625662844;3118;202;3929;3935;9.20;0.56;234.00;3.54;811;29;1332.00;6
3122;29;625662856;3122;200;3929;3935;9.20;0.56;234.15;3.54;807;29;1333.00;6
3123;29;625662867;3123;207;3931;3935;9.21;0.56;234.17;3.54;808;29;1334.00;4
3127;29;625662878;3127;210;3931;3935;9.27;0.56;234.26;3.54;804;29;1335.00;4
3130;29;625662890;3130;210;3932;3935;9.28;0.56;234.41;3.55;802;29;1336.00;3
3132;29;625662901;3132;217;3935;3935;9.24;0.56;234.56;3.55;803;29;1337.00;0
3133;29;625662911;3133;222;3938;3939;9.14;0.56;234.65;3.55;805;29;1338.00;1
3135;29;625662922;3135;217;3939;3939;9.01;0.55;234.82;3.55;804;29;1339.00;0
3137;29;625662932;3137;216;3942;3943;9.00;0.55;234.95;3.55;805;29;1340.00;1
3139;29;625662948;3139;216;3943;3944;8.96;0.55;234.99;3.55;804;29;1341.00;1
3145;29;625662959;3145;218;3944;3944;8.92;0.54;235.25;3.55;799;29;1342.00;0
3149;29;625662970;3149;216;3944;3944;8.88;0.54;235.31;3.55;795;29;1343.00;0
3151;29;625662981;3151;223;3957;3957;8.83;0.54;235.43;3.54;806;29;1344.00;0
3155;29;625662993;3155;222;3957;3957;8.88;0.54;235.60;3.54;802;29;1345.00;0
3157;29;625663003;3157;224;3957;3957;8.90;0.54;235.58;3.54;800;29;1346.00;0
3158;29;625663014;3158;224;3958;3958;8.90;0.54;235.63;3.54;800;29;1347.00;0
3159;29;625663024;3159;223;3959;3959;8.91;0.54;235.68;3.54;800;29;1348.00;0
3159;29;625663035;3159;223;3959;3959;8.96;0.55;235.68;3.54;800;29;1349.00;0
3163;29;625663047;3163;220;3962;3968;8.98;0.55;235.75;3.53;799;29;1350.00;6
3167;29;625663061;3167;224;3962;3968;8.91;0.54;235.83;3.53;795;29;1351.00;6
3171;29;625663072;3171;229;3964;3968;8.82;0.54;235.78;3.53;793;29;1352.00;4
3174;29;625663082;3174;227;3964;3968;8.70;0.53;235.75;3.53;790;29;1353.00;4
3177;29;625663093;3177;222;3969;3974;8.64;0.53;235.84;3.53;792;29;1354.00;5
3181;29;625663103;3181;229;3969;3974;8.53;0.52;235.90;3.53;788;29;1355.00;5
3184;29;625663113;3184;236;3970;3974;8.41;0.52;235.91;3.53;786;29;1356.00;4
3188;29;625663123;3188;233;3972;3974;8.24;0.51;236.10;3.53;784;29;1357.00;2
3191;29;625663132;3191;236;3976;3978;8.08;0.50;236.23;3.53;785;29;1358.00;2
3194;29;625663142;3194;240;3978;3979;7.98;0.49;236.44;3.53;784;29;1359.00;1
3201;29;625663152;3201;234;3978;3979;7.83;0.48;236.65;3.53;777;29;1360.00;1
3205;29;625663162;3205;231;3979;3980;7.76;0.48;236.68;3.53;774;29;1361.00;1
3209;29;625663171;3209;233;3979;3980;7.71;0.47;236.77;3.53;770;29;1362.00;1
3212;29;625663180;3212;231;3979;3980;7.72;0.47;236.83;3.53;767;29;1363.00;1
3220;29;625663189;3220;235;3979;3980;7.71;0.47;237.00;3.53;759;29;1364.00;1
3222;29;625663199;3222;240;3979;3980;7.70;0.47;236.93;3.53;757;29;1365.00;1
3225;29;625663210;3225;236;3979;3980;7.82;0.48;237.05;3.53;754;29;1366.00;1
3227;29;625663219;3227;231;3979;3980;7.95;0.49;237.01;3.53;752;29;1367.00;1
3233;29;625663229;3233;224;4022;4050;8.08;0.50;237.19;3.49;789;29;1368.00;28
3238;29;625663252;3238;217;4027;4051;8.19;0.50;237.09;3.49;789;29;1369.00;24
3241;29;625663265;3241;211;4031;4051;8.34;0.51;237.24;3.49;790;29;1370.00;20
3245;29;625663276;3245;212;4033;4051;8.41;0.52;237.32;3.49;788;29;1371.00;18
3247;29;625663286;3247;211;4035;4051;8.51;0.52;237.28;3.49;788;29;1372.00;16
3252;29;625663296;3252;216;4037;4051;8.47;0.52;237.57;3.49;785;29;1373.00;14
3259;29;625663306;3259;216;4040;4051;8.47;0.52;237.51;3.49;781;29;1374.00;11
3262;29;625663319;3262;218;4041;4051;8.44;0.52;237.47;3.49;779;29;1375.00;10
3268;29;625663329;3268;225;4046;4052;8.42;0.51;237.63;3.50;778;29;1376.00;6
3270;29;625663340;3270;222;4047;4053;8.35;0.51;237.62;3.49;777;29;1377.00;6
3276;29;625663356;3276;227;4051;4053;8.34;0.51;237.70;3.50;775;29;1378.00;2
3282;29;625663372;3282;226;4054;4057;8.30;0.50;237.82;3.50;772;29;1379.00;3
3283;29;625663392;3283;228;4054;4057;8.37;0.51;237.82;3.50;771;29;1380.00;3
3288;29;625663417;3288;226;4054;4057;8.45;0.51;237.99;3.50;766;29;1381.00;3
3290;29;625663433;3290;220;4054;4057;8.49;0.52;237.95;3.50;764;29;1382.00;3
3293;29;625663459;3293;216;4059;4063;8.53;0.52;237.89;3.49;766;29;1383.00;4
3297;29;625663474;3297;212;4059;4063;8.57;0.52;237.92;3.49;762;29;1384.00;4
3300;29;625663485;3300;211;4060;4063;8.62;0.53;237.85;3.49;760;29;1385.00;3
3302;29;625663496;3302;217;4063;4066;8.60;0.53;237.93;3.49;761;29;1386.00;3
3307;29;625663508;3307;220;4065;4066;8.56;0.52;237.97;3.50;758;29;1387.00;1
3313;29;625663520;3313;227;4065;4066;8.53;0.52;238.16;3.50;752;29;1388.00;1
3316;29;625663532;3316;233;4067;4067;8.47;0.52;238.16;3.50;751;29;1389.00;0
3322;29;625663543;3322;237;4068;4068;8.42;0.51;238.12;3.50;746;29;1390.00;0
3328;29;625663555;3328;241;4068;4068;8.35;0.51;238.29;3.50;740;29;1391.00;0
3331;29;625663567;3331;247;4081;4081;8.42;0.51;238.36;3.49;750;29;1392.00;0
3334;29;625663579;3334;250;4081;4081;8.36;0.51;238.43;3.49;747;29;1393.00;0
3338;29;625663589;3338;250;4081;4081;8.27;0.50;238.39;3.49;743;29;1394.00;0
3340;29;625663600;3340;256;4083;4083;8.22;0.50;238.47;3.49;743;29;1395.00;0
3342;29;625663616;3342;263;4083;4083;8.14;0.49;238.49;3.49;741;29;1396.00;0
3345;29;625663627;3345;266;4086;4087;8.09;0.49;238.59;3.49;741;29;1397.00;1
3348;29;625663638;3348;276;4086;4087;7.99;0.49;238.74;3.49;738;29;1398.00;1
3352;29;625663649;3352;281;4091;4091;7.97;0.48;238.80;3.49;739;29;1399.00;0
3353;29;625663661;3353;288;4091;4091;7.96;0.48;238.81;3.49;738;29;1400.00;0
3356;29;625663675;3356;292;4091;4091;7.87;0.48;238.86;3.49;735;29;1401.00;0
3356;29;625663685;3356;300;4091;4091;7.83;0.48;238.86;3.49;735;29;1402.00;0
3363;30;625663695;3363;303;4091;4091;7.70;0.47;238.65;3.49;728;30;1403.00;0
3364;30;625663716;3364;310;4101;4103;7.70;0.47;238.66;3.48;737;30;1404.00;2
3365;30;625663727;3365;321;4101;4103;7.67;0.47;238.61;3.48;736;30;1405.00;2
3365;30;625663737;3365;325;4103;4103;7.68;0.47;238.61;3.48;738;30;1406.00;0
3368;30;625663746;3368;321;4103;4103;7.61;0.46;238.51;3.48;735;30;1407.00;0
3369;30;625663757;3369;323;4103;4103;7.56;0.46;238.51;3.48;734;30;1408.00;0
3370;30;625663767;3370;323;4103;4103;7.50;0.46;238.56;3.48;733;30;1409.00;0
3371;30;625663778;3371;321;4104;4104;7.46;0.46;238.56;3.48;733;30;1410.00;0
3374;30;625663789;3374;323;4104;4104;7.38;0.45;238.37;3.48;730;30;1411.00;0
3378;30;625663800;3378;324;4109;4110;7.36;0.45;238.28;3.47;731;30;1412.00;1
3382;30;625663811;3382;328;4110;4111;7.33;0.45;238.14;3.47;728;30;1413.00;1
3384;30;625663821;3384;326;4111;4111;7.34;0.45;238.13;3.47;727;30;1414.00;0
3386;30;625663832;3386;324;4111;4111;7.30;0.45;238.18;3.47;725;30;1415.00;0
3390;30;625663842;3390;311;4115;4115;7.33;0.45;238.10;3.47;725;30;1416.00;0
3390;30;625663854;3390;303;4115;4115;7.35;0.45;238.10;3.47;725;30;1417.00;0
3391;30;625663864;3391;290;4115;4115;7.36;0.45;238.08;3.47;724;30;1418.00;0
3391;30;625663874;3391;285;4116;4116;7.41;0.45;238.08;3.47;725;30;1419.00;0
3393;30;625663892;3393;278;4120;4120;7.44;0.46;238.09;3.47;727;30;1420.00;0
3394;30;625663903;3394;273;4120;4120;7.52;0.46;238.09;3.47;726;30;1421.00;0
3398;30;625663914;3398;268;4122;4123;7.64;0.47;238.05;3.46;724;30;1422.00;1
3399;30;625663925;3399;261;4122;4123;7.78;0.48;238.00;3.46;723;30;1423.00;1
3400;30;625663936;3400;257;4123;4123;7.88;0.48;237.97;3.46;723;30;1424.00;0
3401;30;625663946;3401;251;4123;4123;7.95;0.49;237.96;3.46;722;30;1425.00;0
3403;30;625663957;3403;253;4126;4127;8.02;0.49;237.90;3.46;723;30;1426.00;1
3403;30;625663968;3403;254;4126;4127;8.06;0.49;237.90;3.46;723;30;1427.00;1
3405;30;625663978;3405;253;4127;4127;8.08;0.49;237.87;3.46;722;30;1428.00;0
3408;30;625663989;3408;255;4127;4127;8.06;0.49;237.79;3.46;719;30;1429.00;0
3410;30;625663999;3410;252;4128;4128;8.05;0.49;237.79;3.46;718;30;1430.00;0
3411;30;625664009;3411;252;4129;4129;8.06;0.49;237.79;3.46;718;30;1431.00;0
3414;30;625664019;3414;257;4129;4129;8.02;0.49;237.82;3.46;715;30;1432.00;0
3414;30;625664028;3414;258;4130;4130;8.00;0.49;237.82;3.46;716;30;1433.00;0
3415;30;625664038;3415;263;4130;4130;8.01;0.49;237.78;3.46;715;30;1434.00;0
3418;30;625664047;3418;255;4130;4130;8.03;0.49;237.74;3.46;712;30;1435.00;0
3418;30;625664059;3418;247;4130;4130;8.11;0.49;237.74;3.46;712;30;1436.00;0
3422;30;625664069;3422;240;4130;4130;8.18;0.50;237.70;3.46;708;30;1437.00;0
3423;30;625664079;3423;237;4130;4130;8.24;0.50;237.68;3.46;707;30;1438.00;0
3424;30;625664089;3424;235;4130;4130;8.28;0.50;237.68;3.46;706;30;1439.00;0
3425;30;625664108;3425;286;4251;4360;8.19;0.51;237.65;3.36;826;30;1440.00;109
3426;30;625664140;3426;270;4252;4361;8.27;0.52;237.67;3.36;826;30;1441.00;109
3429;30;625664152;3429;257;4261;4361;8.44;0.53;237.59;3.36;832;30;1442.00;100
3431;30;625664163;3431;248;4266;4361;8.49;0.53;237.59;3.36;835;30;1443.00;95
3433;30;625664174;3433;245;4272;4361;8.53;0.53;237.59;3.36;839;30;1444.00;89
3435;31;625664185;3435;245;4277;4361;8.54;0.53;237.60;3.36;842;31;1445.00;84
3435;31;625664210;3435;250;4281;4361;8.58;0.53;237.60;3.36;846;31;1446.00;80
3436;31;625664222;3436;256;4286;4361;8.58;0.53;237.59;3.37;850;31;1447.00;75
3437;31;625664232;3437;258;4290;4362;8.64;0.54;237.56;3.37;853;31;1448.00;72
3438;31;625664243;3438;261;4293;4363;8.65;0.54;237.54;3.38;855;31;1449.00;70
3441;31;625664255;3441;257;4298;4363;8.65;0.54;237.49;3.38;857;31;1450.00;65
3444;31;625664269;3444;253;4302;4364;8.66;0.54;237.45;3.39;858;31;1451.00;62
3446;31;625664281;3446;255;4306;4364;8.70;0.54;237.48;3.40;860;31;1452.00;58
3449;31;625664293;3449;254;4310;4364;8.65;0.53;237.41;3.41;861;31;1453.00;54
3451;31;625664310;3451;255;4314;4364;8.63;0.53;237.41;3.42;863;31;1454.00;50
3451;31;625664321;3451;254;4318;4368;8.65;0.53;237.41;3.43;867;31;1455.00;50
3454;31;625664347;3454;259;4321;4368;8.62;0.53;237.47;3.43;867;31;1456.00;47
3456;31;625664359;3456;258;4324;4368;8.64;0.53;237.41;3.44;868;31;1457.00;44
3456;31;625664371;3456;257;4326;4371;8.72;0.54;237.41;3.45;870;31;1458.00;45
3459;31;625664382;3459;251;4328;4371;8.76;0.54;237.49;3.45;869;31;1459.00;43
3463;31;625664394;3463;252;4331;4371;8.75;0.54;237.49;3.46;868;31;1460.00;40
3466;31;625664406;3466;250;4338;4375;8.74;0.54;237.59;3.46;872;31;1461.00;37
3468;31;625664417;3468;240;4341;4376;8.82;0.54;237.63;3.47;873;31;1462.00;35
3472;31;625664434;3472;236;4341;4376;8.77;0.54;237.60;3.47;869;31;1463.00;35
3476;31;625664445;3476;231;4344;4380;8.77;0.54;237.73;3.48;868;31;1464.00;36
3483;31;625664461;3483;231;4348;4380;8.76;0.53;237.89;3.49;865;31;1465.00;32
3485;31;625664474;3485;228;4348;4380;8.80;0.54;237.89;3.49;863;31;1466.00;32
3489;31;625664485;3489;222;4351;4381;8.86;0.54;238.11;3.51;862;31;1467.00;30
3493;31;625664496;3493;217;4352;4381;8.93;0.54;238.21;3.51;859;31;1468.00;29
3497;31;625664507;3497;208;4355;4387;8.93;0.54;238.23;3.51;858;31;1469.00;32
3499;31;625664520;3499;201;4356;4387;8.96;0.54;238.35;3.51;857;31;1470.00;31
3501;31;625664531;3501;201;4356;4388;9.00;0.55;238.37;3.51;855;31;1471.00;32
3504;31;625664543;3504;198;4357;4388;9.00;0.55;238.39;3.51;853;31;1472.00;31
3507;31;625664554;3507;196;4357;4388;8.99;0.55;238.47;3.51;850;31;1473.00;31
3509;31;625664565;3509;190;4357;4388;8.99;0.55;238.54;3.51;848;31;1474.00;31
3511;31;625664577;3511;192;4357;4388;9.03;0.55;238.63;3.51;846;31;1475.00;31
3515;31;625664588;3515;195;4368;4400;9.13;0.55;238.66;3.50;853;31;1476.00;32
3516;31;625664600;3516;195;4369;4400;9.27;0.56;238.76;3.51;853;31;1477.00;31
3522;31;625664612;3522;198;4369;4400;9.30;0.56;238.84;3.51;847;31;1478.00;31
3525;31;625664624;3525;195;4371;4400;9.33;0.57;238.86;3.52;846;31;1479.00;29
3527;31;625664635;3527;199;4371;4400;9.40;0.57;238.87;3.52;844;31;1480.00;29
3530;31;625664647;3530;203;4371;4400;9.45;0.57;238.95;3.52;841;31;1481.00;29
3532;31;625664659;3532;204;4374;4404;9.46;0.58;239.06;3.52;842;31;1482.00;30
3534;31;625664671;3534;208;4375;4404;9.51;0.58;239.04;3.52;841;31;1483.00;29
3538;31;625664682;3538;203;4378;4408;9.59;0.58;239.10;3.52;840;31;1484.00;30
3540;31;625664700;3540;202;4381;4410;9.59;0.58;239.03;3.53;841;31;1485.00;29
3543;31;625664712;3543;201;4382;4410;9.62;0.58;239.22;3.53;839;31;1486.00;28
3547;31;625664724;3547;209;4383;4410;9.58;0.58;239.36;3.54;836;31;1487.00;27
3548;31;625664741;3548;209;4392;4423;9.57;0.58;239.39;3.54;844;31;1488.00;31
3550;31;625664754;3550;206;4392;4423;9.57;0.58;239.53;3.54;842;31;1489.00;31
3551;31;625664765;3551;213;4394;4423;9.63;0.59;239.51;3.55;843;31;1490.00;29
3555;31;625664776;3555;218;4397;4424;9.64;0.59;239.65;3.58;842;31;1491.00;27
3558;31;625664793;3558;217;4397;4425;9.66;0.59;239.74;3.58;839;31;1492.00;28
3560;31;625664805;3560;222;4398;4425;9.66;0.59;239.68;3.59;838;31;1493.00;27
3561;31;625664817;3561;223;4400;4428;9.63;0.59;239.69;3.59;839;31;1494.00;28
3564;31;625664829;3564;227;4403;4428;9.59;0.58;239.63;3.62;839;31;1495.00;25
3566;31;625664841;3566;237;4406;4428;9.59;0.58;239.76;3.64;840;31;1496.00;22
3569;31;625664853;3569;239;4407;4428;9.61;0.59;239.75;3.65;838;31;1497.00;21
3574;31;625664864;3574;240;4413;4434;9.59;0.58;239.68;3.68;839;31;1498.00;21
3576;31;625664877;3576;245;4414;4434;9.53;0.58;239.75;3.68;838;31;1499.00;20
3578;31;625664891;3578;254;4421;4453;9.43;0.57;239.79;3.71;843;31;1500.00;32
3580;31;625664911;3580;253;4422;4453;9.37;0.57;239.93;3.71;842;31;1501.00;31
3583;31;625664922;3583;254;4427;4457;9.27;0.56;240.01;3.71;844;31;1502.00;30
3584;31;625664934;3584;257;4432;4458;9.16;0.56;240.09;3.76;848;31;1503.00;26
3589;31;625664946;3589;254;4434;4458;9.08;0.55;240.35;3.76;845;31;1504.00;24
3594;31;625664957;3594;262;4437;4459;8.98;0.55;240.44;3.78;843;31;1505.00;22
3594;31;625664969;3594;268;4437;4459;8.90;0.54;240.44;3.78;843;31;1506.00;22
3597;31;625664979;3597;273;4438;4459;8.80;0.54;240.54;3.78;841;31;1507.00;21
3599;31;625664990;3599;276;4440;4459;8.76;0.53;240.51;3.80;841;31;1508.00;19
3601;31;625665001;3601;266;4440;4459;8.75;0.53;240.56;3.80;839;31;1509.00;19
3607;31;625665012;3607;264;4444;4459;8.73;0.53;240.62;3.82;837;31;1510.00;15
3610;31;625665023;3610;256;4445;4459;8.71;0.53;240.60;3.83;835;31;1511.00;14
3614;31;625665034;3614;255;4475;4529;8.65;0.53;240.57;3.80;861;31;1512.00;54
3618;31;625665050;3618;250;4478;4530;8.55;0.52;240.57;3.81;860;31;1513.00;52
3621;31;625665062;3621;250;4488;4530;8.55;0.52;240.59;3.81;867;31;1514.00;42
3622;31;625665073;3622;246;4492;4530;8.57;0.53;240.66;3.81;870;31;1515.00;38
3623;31;625665084;3623;252;4497;4530;8.65;0.53;240.71;3.81;874;31;1516.00;33
3624;31;625665095;3624;249;4500;4530;8.70;0.53;240.72;3.81;876;31;1517.00;30
3626;32;625665106;3626;251;4503;4530;8.71;0.53;240.74;3.82;877;32;1518.00;27
3632;32;625665127;3632;258;4504;4530;8.73;0.53;240.76;3.82;872;32;1519.00;26
3633;32;625665139;3633;260;4505;4531;8.75;0.53;240.74;3.82;872;32;1520.00;26
3636;32;625665150;3636;259;4507;4532;8.68;0.53;241.04;3.82;871;32;1521.00;25
3641;32;625665161;3641;267;4509;4532;8.67;0.53;241.02;3.82;868;32;1522.00;23
3644;32;625665173;3644;269;4515;4536;8.53;0.52;241.03;3.83;871;32;1523.00;21
3650;32;625665184;3650;276;4519;4536;8.41;0.51;241.09;3.84;869;32;1524.00;17
3652;32;625665195;3652;282;4519;4536;8.36;0.51;241.04;3.84;867;32;1525.00;17
3659;32;625665205;3659;288;4519;4536;8.15;0.50;241.11;3.84;860;32;1526.00;17
3661;32;625665216;3661;296;4523;4542;8.06;0.49;241.14;3.83;862;32;1527.00;19
3667;32;625665227;3667;303;4523;4542;7.88;0.48;241.13;3.83;856;32;1528.00;19
3670;32;625665238;3670;301;4524;4542;7.67;0.47;241.17;3.84;854;32;1529.00;18
3673;32;625665252;3673;296;4527;4548;7.54;0.46;241.18;3.84;854;32;1530.00;21
3678;32;625665270;3678;285;4528;4548;7.44;0.46;241.20;3.84;850;32;1531.00;20
3680;32;625665281;3680;283;4528;4548;7.41;0.45;241.31;3.84;848;32;1532.00;20
3684;32;625665292;3684;284;4529;4549;7.31;0.45;241.19;3.84;845;32;1533.00;20
3687;32;625665303;3687;281;4530;4550;7.36;0.45;241.36;3.84;843;32;1534.00;20
3690;32;625665314;3690;278;4531;4550;7.38;0.45;241.41;3.85;841;32;1535.00;19
3692;32;625665324;3692;276;4544;4563;7.44;0.46;241.43;3.86;852;32;1536.00;19
3696;32;625665336;3696;271;4545;4563;7.49;0.46;241.56;3.86;849;32;1537.00;18
3698;32;625665347;3698;270;4545;4563;7.57;0.46;241.59;3.86;847;32;1538.00;18
3704;32;625665365;3704;265;4548;4564;7.57;0.46;241.61;3.86;844;32;1539.00;16
3707;32;625665383;3707;256;4548;4564;7.62;0.47;241.72;3.86;841;32;1540.00;16
3712;32;625665402;3712;255;4552;4568;7.70;0.47;241.76;3.88;840;32;1541.00;16
3714;32;625665425;3714;249;4553;4568;7.74;0.47;241.72;3.88;839;32;1542.00;15
3717;32;625665440;3717;246;4558;4572;7.78;0.48;241.74;3.88;841;32;1543.00;14
3719;32;625665458;3719;242;4558;4572;7.83;0.48;241.69;3.88;839;32;1544.00;14
3724;32;625665473;3724;242;4559;4572;7.86;0.48;241.87;3.89;835;32;1545.00;13
3729;32;625665485;3729;246;4560;4572;7.86;0.48;241.78;3.89;831;32;1546.00;12
3734;32;625665497;3734;244;4561;4572;7.82;0.48;241.80;3.90;827;32;1547.00;11
3737;32;625665509;3737;255;4573;4584;7.80;0.48;241.85;3.90;836;32;1548.00;11
3740;32;625665523;3740;259;4573;4584;7.78;0.47;241.99;3.90;833;32;1549.00;11
3743;32;625665535;3743;260;4574;4584;7.74;0.47;241.94;3.91;831;32;1550.00;10
3748;32;625665546;3748;272;4574;4584;7.67;0.47;242.13;3.91;826;32;1551.00;10
3750;32;625665557;3750;282;4575;4584;7.69;0.47;242.26;3.91;825;32;1552.00;9
3756;32;625665569;3756;288;4575;4584;7.61;0.46;242.44;3.91;819;32;1553.00;9
3759;32;625665582;3759;293;4576;4585;7.59;0.46;242.53;3.91;817;32;1554.00;9
3762;32;625665594;3762;301;4578;4587;7.57;0.46;242.64;3.92;816;32;1555.00;9
3769;32;625665605;3769;301;4583;4593;7.48;0.46;242.75;3.92;814;32;1556.00;10
3772;32;625665618;3772;310;4585;4594;7.44;0.45;242.88;3.93;813;32;1557.00;9
3777;32;625665629;3777;314;4586;4594;7.31;0.45;242.99;3.93;809;32;1558.00;8
3785;32;625665641;3785;317;4587;4594;7.13;0.43;242.84;3.94;802;32;1559.00;7
3787;32;625665654;3787;322;4594;4599;7.11;0.43;242.76;3.94;807;32;1560.00;5
3792;32;625665666;3792;328;4594;4599;7.05;0.43;242.66;3.94;802;32;1561.00;5
3795;32;625665679;3795;333;4595;4599;7.03;0.43;242.64;3.94;800;32;1562.00;4
3798;32;625665690;3798;338;4597;4600;6.95;0.43;242.54;3.95;799;32;1563.00;3
3802;32;625665700;3802;339;4601;4604;6.93;0.42;242.55;3.94;799;32;1564.00;3
3805;32;625665712;3805;348;4601;4604;6.92;0.42;242.60;3.94;796;32;1565.00;3
3807;32;625665723;3807;354;4603;4607;6.91;0.42;242.53;3.94;796;32;1566.00;4
3808;32;625665734;3808;358;4604;4607;6.86;0.42;242.50;3.94;796;32;1567.00;3
3810;32;625665744;3810;361;4604;4607;6.82;0.42;242.45;3.94;794;32;1568.00;3
3812;32;625665755;3812;363;4605;4607;6.75;0.41;242.37;3.95;793;32;1569.00;2
3818;32;625665764;3818;371;4608;4611;6.71;0.41;242.27;3.95;790;32;1570.00;3
3821;32;625665775;3821;383;4609;4611;6.69;0.41;242.17;3.95;788;32;1571.00;2
3822;32;625665786;3822;390;4609;4611;6.68;0.41;242.24;3.95;787;32;1572.00;2
3829;32;625665795;3829;397;4610;4611;6.54;0.40;242.15;3.95;781;32;1573.00;1
3830;32;625665812;3830;401;4611;4612;6.47;0.39;242.14;3.95;781;32;1574.00;1
3832;32;625665823;3832;404;4614;4614;6.36;0.39;242.15;3.95;782;32;1575.00;0
3833;32;625665834;3833;411;4614;4614;6.27;0.38;242.16;3.95;781;32;1576.00;0
3833;32;625665843;3833;401;4615;4615;6.27;0.38;242.16;3.94;782;32;1577.00;0
3835;32;625665854;3835;394;4615;4615;6.21;0.38;242.20;3.94;780;32;1578.00;0
3838;32;625665864;3838;387;4615;4615;6.22;0.38;242.09;3.94;777;32;1579.00;0
3839;32;625665876;3839;381;4615;4615;6.20;0.38;242.07;3.94;776;32;1580.00;0
3844;32;625665888;3844;378;4615;4615;6.22;0.38;242.28;3.94;771;32;1581.00;0
3845;32;625665900;3845;381;4615;4615;6.35;0.39;242.23;3.94;770;32;1582.00;0
3847;32;625665910;3847;379;4615;4615;6.42;0.39;242.23;3.94;768;32;1583.00;0
3848;32;625665920;3848;398;4687;4742;6.76;0.42;242.29;3.88;839;32;1584.00;55
3850;32;625665943;3850;386;4689;4743;6.82;0.42;242.24;3.88;839;32;1585.00;54
3853;32;625665954;3853;364;4698;4743;6.96;0.43;242.17;3.88;845;32;1586.00;45
3855;32;625665966;3855;334;4702;4743;7.05;0.43;242.12;3.88;847;32;1587.00;41
3855;32;625665978;3855;319;4708;4743;7.20;0.44;242.12;3.88;853;32;1588.00;35
3855;32;625665989;3855;300;4713;4743;7.36;0.45;242.12;3.88;858;32;1589.00;30
3857;32;625666003;3857;297;4718;4743;7.46;0.46;242.07;3.88;861;32;1590.00;25
3857;32;625666015;3857;282;4722;4743;7.57;0.47;242.07;3.89;865;32;1591.00;21
3857;33;625666027;3857;275;4727;4744;7.68;0.47;242.07;3.89;870;33;1592.00;17
3859;33;625666051;3859;265;4730;4745;7.80;0.48;242.03;3.89;871;33;1593.00;15
3859;33;625666070;3859;263;4732;4745;7.92;0.49;242.03;3.89;873;33;1594.00;13
3860;34;625666085;3860;256;4732;4746;8.07;0.50;242.01;3.89;872;34;1595.00;14
3861;34;625666116;3861;252;4733;4746;8.17;0.50;242.06;3.90;872;34;1596.00;13
3862;34;625666129;3862;251;4734;4746;8.30;0.51;242.07;3.90;872;34;1597.00;12
3863;34;625666142;3863;250;4735;4746;8.39;0.51;242.05;3.90;872;34;1598.00;11
3865;34;625666155;3865;248;4739;4750;8.42;0.52;242.05;3.90;874;34;1599.00;11
3867;34;625666177;3867;249;4740;4750;8.52;0.52;242.04;3.91;873;34;1600.00;10
3871;34;625666194;3871;245;4741;4750;8.51;0.52;242.04;3.91;870;34;1601.00;9
3873;34;625666208;3873;245;4743;4753;8.59;0.53;242.15;3.91;870;34;1602.00;10
3875;34;625666221;3875;244;4745;4753;8.66;0.53;242.10;3.91;870;34;1603.00;8
3876;34;625666233;3876;246;4747;4753;8.73;0.53;242.08;3.91;871;34;1604.00;6
3879;35;625666246;3879;246;4751;4757;8.74;0.53;242.01;3.91;872;35;1605.00;6
3880;35;625666271;3880;244;4752;4758;8.82;0.54;242.03;3.91;872;35;1606.00;6
3882;35;625666294;3882;236;4752;4758;8.86;0.54;242.01;3.91;870;35;1607.00;6
3884;35;625666308;3884;232;4755;4762;8.93;0.54;241.98;3.91;871;35;1608.00;7
3886;35;625666321;3886;235;4755;4762;8.93;0.54;242.00;3.91;869;35;1609.00;7
3889;36;625666333;3889;239;4755;4762;8.96;0.54;242.02;3.91;866;36;1610.00;7
3895;36;625666373;3895;238;4756;4763;8.97;0.54;242.10;3.91;861;36;1611.00;7
3896;36;625666387;3896;242;4756;4763;8.97;0.54;242.18;3.91;860;36;1612.00;7
3898;36;625666399;3898;244;4760;4769;9.01;0.55;242.16;3.90;862;36;1613.00;9
3902;36;625666412;3902;250;4761;4769;9.00;0.55;242.17;3.90;859;36;1614.00;8
3904;36;625666424;3904;256;4761;4770;9.01;0.55;242.24;3.90;857;36;1615.00;9
3908;36;625666440;3908;258;4761;4770;8.95;0.54;242.34;3.90;853;36;1616.00;9
3911;36;625666452;3911;264;4761;4770;8.92;0.54;242.51;3.90;850;36;1617.00;9
3912;36;625666463;3912;266;4761;4770;8.90;0.54;242.49;3.90;849;36;1618.00;9
3915;36;625666474;3915;261;4761;4770;8.81;0.54;242.68;3.90;846;36;1619.00;9
3917;36;625666487;3917;253;4784;4806;8.72;0.53;242.72;3.88;867;36;1620.00;22
3920;36;625666501;3920;248;4785;4806;8.68;0.53;242.78;3.88;865;36;1621.00;21
3924;36;625666513;3924;243;4786;4806;8.65;0.53;242.85;3.88;862;36;1622.00;20
3928;36;625666523;3928;229;4787;4806;8.62;0.53;242.84;3.88;859;36;1623.00;19
3930;36;625666534;3930;232;4788;4806;8.69;0.53;242.85;3.88;858;36;1624.00;18
3934;36;625666544;3934;229;4788;4806;8.73;0.53;242.89;3.88;854;36;1625.00;18
3937;36;625666561;3937;222;4792;4810;8.81;0.54;242.93;3.88;855;36;1626.00;18
3941;36;625666572;3941;220;4793;4810;8.81;0.54;243.02;3.88;852;36;1627.00;17
3945;36;625666583;3945;211;4796;4814;8.90;0.54;243.19;3.88;851;36;1628.00;18
3949;36;625666595;3949;203;4797;4815;8.98;0.55;243.35;3.88;848;36;1629.00;18
3952;36;625666606;3952;200;4798;4815;9.00;0.55;243.40;3.88;846;36;1630.00;17
3957;36;625666617;3957;197;4798;4815;9.01;0.55;243.56;3.88;841;36;1631.00;17
3961;36;625666627;3961;189;4807;4828;9.04;0.55;243.54;3.87;846;36;1632.00;21
3965;36;625666644;3965;184;4807;4828;9.09;0.55;243.70;3.87;842;36;1633.00;21
3969;36;625666659;3969;178;4807;4828;9.14;0.56;243.81;3.87;838;36;1634.00;21
3973;36;625666671;3973;175;4809;4829;9.18;0.56;244.00;3.88;836;36;1635.00;20
3977;36;625666688;3977;172;4809;4830;9.21;0.56;244.14;3.88;832;36;1636.00;21
3982;36;625666698;3982;167;4809;4830;9.26;0.56;244.08;3.88;827;36;1637.00;21
3986;36;625666710;3986;162;4811;4833;9.39;0.57;244.18;3.88;825;36;1638.00;22
3989;36;625666721;3989;153;4811;4833;9.44;0.58;244.20;3.88;822;36;1639.00;22
3993;36;625666731;3993;147;4812;4833;9.54;0.58;244.21;3.88;819;36;1640.00;21
3996;36;625666742;3996;142;4812;4833;9.62;0.58;244.18;3.88;816;36;1641.00;21
4001;36;625666753;4001;135;4817;4839;9.68;0.59;244.29;3.88;816;36;1642.00;22
4003;36;625666764;4003;134;4817;4839;9.71;0.59;244.36;3.88;814;36;1643.00;22
4004;36;625666775;4004;133;4818;4839;9.73;0.59;244.41;3.88;814;36;1644.00;21
4007;36;625666786;4007;133;4818;4839;9.77;0.60;244.40;3.88;811;36;1645.00;21
4010;36;625666797;4010;130;4821;4843;9.73;0.59;244.45;3.88;811;36;1646.00;22
4013;36;625666808;4013;132;4823;4844;9.86;0.60;244.45;3.88;810;36;1647.00;21
4017;36;625666819;4017;129;4823;4844;9.91;0.60;244.48;3.88;806;36;1648.00;21
4019;36;625666830;4019;131;4825;4845;9.96;0.61;244.53;3.89;806;36;1649.00;20
4024;36;625666843;4024;130;4826;4845;9.98;0.61;244.52;3.89;802;36;1650.00;19
4028;36;625666854;4028;129;4826;4845;10.02;0.61;244.58;3.89;798;36;1651.00;19
4029;36;625666866;4029;130;4827;4845;10.10;0.61;244.61;3.90;798;36;1652.00;18
4032;37;625666882;4032;132;4827;4845;10.19;0.62;244.72;3.90;795;37;1653.00;18
4037;37;625666910;4037;135;4829;4845;10.26;0.62;244.92;3.91;792;37;1654.00;16
4038;37;625666922;4038;138;4829;4845;10.31;0.63;244.98;3.91;791;37;1655.00;16
4041;37;625666933;4041;148;4865;4915;10.29;0.63;245.07;3.89;824;37;1656.00;50
4043;37;625666950;4043;141;4869;4916;10.28;0.63;245.12;3.89;826;37;1657.00;47
4045;37;625666961;4045;142;4877;4916;10.33;0.63;245.19;3.89;832;37;1658.00;39
4046;37;625666973;4046;145;4880;4916;10.36;0.63;245.25;3.89;834;37;1659.00;36
4051;37;625666984;4051;151;4889;4916;10.38;0.63;245.32;3.91;838;37;1660.00;27
4054;37;625666996;4054;156;4892;4916;10.37;0.63;245.33;3.91;838;37;1661.00;24
4058;37;625667007;4058;156;4896;4916;10.35;0.63;245.35;3.91;838;37;1662.00;20
4061;37;625667019;4061;162;4898;4916;10.29;0.63;245.50;3.94;837;37;1663.00;18
4067;37;625667031;4067;165;4901;4917;10.27;0.62;245.49;3.95;834;37;1664.00;16
4068;37;625667042;4068;165;4904;4919;10.26;0.62;245.48;3.95;836;37;1665.00;15
4069;37;625667054;4069;169;4906;4919;10.22;0.62;245.52;3.97;837;37;1666.00;13
4075;37;625667065;4075;169;4908;4923;10.11;0.62;245.49;3.97;833;37;1667.00;15
4077;37;625667078;4077;167;4908;4923;10.04;0.61;245.54;3.97;831;37;1668.00;15
4080;37;625667090;4080;167;4909;4923;9.98;0.61;245.52;3.97;829;37;1669.00;14
4081;37;625667101;4081;175;4910;4923;9.89;0.60;245.52;3.98;829;37;1670.00;13
4084;37;625667112;4084;179;4914;4929;9.85;0.60;245.58;3.98;830;37;1671.00;15
4085;37;625667124;4085;186;4916;4929;9.78;0.60;245.57;4.00;831;37;1672.00;13
4086;37;625667135;4086;188;4917;4929;9.71;0.59;245.64;4.00;831;37;1673.00;12
4089;37;625667146;4089;194;4920;4932;9.66;0.59;245.64;4.01;831;37;1674.00;12
4091;37;625667157;4091;202;4922;4932;9.55;0.58;245.59;4.02;831;37;1675.00;10
4093;37;625667169;4093;207;4923;4932;9.44;0.58;245.65;4.02;830;37;1676.00;9
4095;37;625667180;4095;214;4925;4933;9.34;0.57;245.63;4.03;830;37;1677.00;8
4100;37;625667196;4100;218;4926;4934;9.16;0.56;245.84;4.03;826;37;1678.00;8
4103;37;625667207;4103;216;4928;4934;9.00;0.55;245.77;4.04;825;37;1679.00;6
4110;37;625667219;4110;225;4946;4960;8.78;0.54;245.82;4.02;836;37;1680.00;14
4110;37;625667232;4110;220;4947;4960;8.73;0.53;245.82;4.02;837;37;1681.00;13
4114;37;625667242;4114;227;4951;4960;8.60;0.53;245.88;4.03;837;37;1682.00;9
4116;37;625667253;4116;226;4953;4961;8.53;0.52;245.88;4.03;837;37;1683.00;8
4119;37;625667263;4119;233;4954;4961;8.47;0.52;245.90;4.03;835;37;1684.00;7
4122;37;625667273;4122;239;4958;4965;8.47;0.52;245.90;4.03;836;37;1685.00;7
4125;37;625667283;4125;246;4960;4965;8.50;0.52;245.91;4.03;835;37;1686.00;5
4129;37;625667298;4129;247;4963;4969;8.52;0.52;245.84;4.03;834;37;1687.00;6
4135;37;625667309;4135;248;4964;4969;8.53;0.52;245.93;4.04;829;37;1688.00;5
4138;37;625667319;4138;249;4965;4969;8.54;0.52;245.89;4.04;827;37;1689.00;4
4139;37;625667335;4139;257;4966;4969;8.51;0.52;245.97;4.04;827;37;1690.00;3
4141;37;625667347;4141;255;4967;4969;8.46;0.52;245.96;4.04;826;37;1691.00;2
4144;37;625667360;4144;266;4978;4981;8.40;0.51;246.07;4.03;834;37;1692.00;3
4147;37;625667376;4147;270;4978;4981;8.29;0.51;246.09;4.03;831;37;1693.00;3
4152;37;625667396;4152;277;4981;4981;8.20;0.50;246.02;4.03;829;37;1694.00;0
4157;37;625667414;4157;283;4981;4981;8.02;0.49;246.23;4.03;824;37;1695.00;0
4160;37;625667429;4160;290;4981;4981;7.82;0.48;246.31;4.03;821;37;1696.00;0
4165;37;625667444;4165;296;4981;4981;7.61;0.47;246.38;4.03;816;37;1697.00;0
4169;37;625667459;4169;302;4982;4982;7.37;0.45;246.44;4.03;813;37;1698.00;0
4172;37;625667472;4172;303;4982;4982;7.15;0.44;246.50;4.03;810;37;1699.00;0
4177;37;625667483;4177;296;4987;4988;7.04;0.43;246.55;4.03;810;37;1700.00;1
4182;37;625667499;4182;300;4988;4989;6.95;0.43;246.54;4.03;806;37;1701.00;1
4184;37;625667509;4184;302;4989;4989;6.89;0.42;246.56;4.03;805;37;1702.00;0
4188;37;625667520;4188;298;4989;4989;6.81;0.42;246.50;4.03;801;37;1703.00;0
4191;37;625667530;4191;299;4993;4993;6.77;0.41;246.65;4.03;802;37;1704.00;0
4193;37;625667540;4193;305;4993;4993;6.75;0.41;246.73;4.03;800;37;1705.00;0
4198;37;625667550;4198;304;4993;4993;6.76;0.41;246.74;4.03;795;37;1706.00;0
4201;37;625667560;4201;308;4994;4994;6.77;0.41;246.81;4.03;793;37;1707.00;0
4208;37;625667570;4208;300;4998;4998;6.75;0.41;246.85;4.02;790;37;1708.00;0
4209;37;625667581;4209;301;4998;4998;6.74;0.41;246.89;4.02;789;37;1709.00;0
4211;37;625667593;4211;302;5001;5004;6.82;0.42;247.01;4.02;790;37;1710.00;3
4214;37;625667603;4214;302;5001;5004;6.82;0.42;247.05;4.02;787;37;1711.00;3
4216;37;625667613;4216;305;5002;5004;6.83;0.42;246.98;4.02;786;37;1712.00;2
4220;37;625667622;4220;300;5002;5004;6.81;0.41;246.88;4.02;782;37;1713.00;2
4224;37;625667632;4224;303;5005;5008;6.82;0.41;246.80;4.02;781;37;1714.00;3
4227;37;625667643;4227;303;5006;5008;6.79;0.41;246.76;4.02;779;37;1715.00;2
4232;37;625667653;4232;309;5006;5008;6.78;0.41;246.69;4.02;774;37;1716.00;2
4234;37;625667663;4234;312;5007;5008;6.83;0.41;246.64;4.02;773;37;1717.00;1
4237;37;625667672;4237;310;5008;5009;6.76;0.41;246.65;4.02;771;37;1718.00;1
4241;37;625667681;4241;315;5010;5010;6.79;0.42;246.58;4.02;769;37;1719.00;0
4243;37;625667692;4243;319;5010;5010;6.81;0.42;246.67;4.02;767;37;1720.00;0
4246;37;625667701;4246;319;5011;5011;6.76;0.41;246.60;4.02;765;37;1721.00;0
4250;37;625667711;4250;326;5011;5011;6.70;0.41;246.61;4.02;761;37;1722.00;0
4252;37;625667720;4252;331;5011;5011;6.67;0.41;246.57;4.02;759;37;1723.00;0
4256;37;625667730;4256;331;5011;5011;6.62;0.41;246.53;4.02;755;37;1724.00;0
4258;37;625667746;4258;327;5011;5011;6.63;0.41;246.54;4.02;753;37;1725.00;0
4260;37;625667756;4260;332;5011;5011;6.64;0.41;246.46;4.02;751;37;1726.00;0
4265;37;625667765;4265;333;5011;5011;6.62;0.41;246.44;4.02;746;37;1727.00;0
4268;37;625667775;4268;345;5085;5138;6.96;0.43;246.51;3.96;817;37;1728.00;53
4271;37;625667795;4271;344;5088;5139;6.89;0.43;246.43;3.96;817;37;1729.00;51
4272;37;625667805;4272;341;5098;5139;6.93;0.43;246.41;3.95;826;37;1730.00;41
4276;37;625667821;4276;352;5101;5139;6.91;0.43;246.36;3.95;825;37;1731.00;38
4280;37;625667831;4280;347;5105;5139;6.95;0.43;246.37;3.95;825;37;1732.00;34
4282;37;625667842;4282;350;5108;5139;7.02;0.43;246.37;3.95;826;37;1733.00;31
4283;37;625667852;4283;354;5111;5139;7.09;0.44;246.34;3.96;828;37;1734.00;28
4286;37;625667862;4286;357;5116;5139;7.12;0.44;246.30;3.96;830;37;1735.00;23
4287;37;625667873;4287;358;5117;5140;7.12;0.44;246.26;3.96;830;37;1736.00;23
4289;37;625667884;4289;364;5122;5141;7.13;0.44;246.25;3.96;833;37;1737.00;19
4293;37;625667896;4293;368;5126;5141;7.08;0.44;246.17;3.97;833;37;1738.00;15
4296;37;625667908;4296;358;5130;5142;7.00;0.43;246.23;3.97;834;37;1739.00;12
4297;37;625667921;4297;352;5133;5142;7.01;0.43;246.23;3.98;836;37;1740.00;9
4299;37;625667933;4299;346;5136;5142;7.09;0.44;246.29;3.98;837;37;1741.00;6
4300;37;625667945;4300;340;5137;5142;7.16;0.44;246.28;3.98;837;37;1742.00;5
4302;37;625667956;4302;344;5140;5146;7.25;0.45;246.23;3.98;838;37;1743.00;6
4305;38;625667968;4305;346;5142;5146;7.33;0.45;246.23;3.99;837;38;1744.00;4
4309;38;625667992;4309;341;5143;5146;7.40;0.46;246.26;3.99;834;38;1745.00;3
4310;38;625668009;4310;339;5146;5149;7.47;0.46;246.29;3.99;836;38;1746.00;3
4313;38;625668027;4313;326;5146;5149;7.52;0.46;246.38;3.99;833;38;1747.00;3
4313;38;625668039;4313;318;5147;5149;7.63;0.47;246.38;3.99;834;38;1748.00;2
4314;38;625668051;4314;315;5151;5153;7.70;0.47;246.36;3.99;837;38;1749.00;2
4316;38;625668063;4316;312;5153;5154;7.76;0.48;246.36;3.99;837;38;1750.00;1
4318;38;625668081;4318;304;5153;5154;7.86;0.48;246.48;3.99;835;38;1751.00;1
4322;38;625668094;4322;302;5158;5158;7.97;0.49;246.41;3.99;836;38;1752.00;0
4325;38;625668107;4325;297;5158;5158;8.05;0.49;246.50;3.99;833;38;1753.00;0
4329;38;625668119;4329;294;5158;5158;8.10;0.49;246.40;3.99;829;38;1754.00;0
4331;38;625668132;4331;297;5160;5160;8.11;0.49;246.36;3.98;829;38;1755.00;0
4336;38;625668152;4336;283;5160;5160;8.15;0.49;246.35;3.98;824;38;1756.00;0
4338;38;625668165;4338;266;5164;5166;8.22;0.50;246.30;3.98;826;38;1757.00;2
4339;38;625668178;4339;259;5165;5166;8.32;0.50;246.28;3.98;826;38;1758.00;1
4343;38;625668190;4343;252;5165;5167;8.33;0.50;246.29;3.98;822;38;1759.00;2
4344;38;625668204;4344;250;5165;5167;8.44;0.51;246.31;3.98;821;38;1760.00;2
4346;38;625668218;4346;250;5165;5167;8.52;0.52;246.26;3.98;819;38;1761.00;2
4347;38;625668231;4347;247;5165;5167;8.66;0.52;246.38;3.98;818;38;1762.00;2
4350;38;625668244;4350;248;5165;5167;8.78;0.53;246.36;3.98;815;38;1763.00;2
4354;38;625668256;4354;254;5175;5179;8.95;0.54;246.46;3.97;821;38;1764.00;4
4356;38;625668270;4356;263;5176;5179;8.99;0.54;246.46;3.97;820;38;1765.00;3
4358;38;625668284;4358;262;5176;5179;8.99;0.54;246.45;3.97;818;38;1766.00;3
4362;38;625668296;4362;255;5176;5179;9.00;0.54;246.51;3.97;814;38;1767.00;3
4365;38;625668309;4365;254;5176;5179;9.06;0.55;246.53;3.97;811;38;1768.00;3
4368;38;625668323;4368;248;5176;5179;9.10;0.55;246.50;3.97;808;38;1769.00;3
4370;38;625668338;4370;238;5179;5183;9.09;0.55;246.50;3.97;809;38;1770.00;4
4371;38;625668352;4371;232;5179;5183;9.11;0.55;246.50;3.97;808;38;1771.00;4
4375;38;625668365;4375;225;5182;5187;9.13;0.55;246.59;3.97;807;38;1772.00;5
4375;38;625668378;4375;228;5184;5188;9.22;0.56;246.59;3.97;809;38;1773.00;4
4377;38;625668391;4377;227;5184;5188;9.26;0.56;246.61;3.97;807;38;1774.00;4
4380;38;625668409;4380;232;5184;5188;9.25;0.56;246.66;3.97;804;38;1775.00;4
4382;38;625668420;4382;233;5195;5201;9.26;0.56;246.67;3.96;813;38;1776.00;6
4385;38;625668432;4385;232;5195;5201;9.22;0.56;246.76;3.96;810;38;1777.00;6
4387;38;625668442;4387;235;5195;5201;9.22;0.56;246.75;3.96;808;38;1778.00;6
4389;38;625668453;4389;234;5196;5202;9.29;0.56;246.86;3.96;807;38;1779.00;6
4391;38;625668464;4391;232;5196;5203;9.31;0.56;246.85;3.96;805;38;1780.00;7
4394;38;625668475;4394;234;5196;5203;9.32;0.56;247.05;3.96;802;38;1781.00;7
4394;38;625668485;4394;235;5198;5206;9.34;0.57;247.05;3.96;804;38;1782.00;8
4396;38;625668496;4396;236;5198;5206;9.35;0.57;247.14;3.96;802;38;1783.00;8
4401;38;625668507;4401;234;5199;5206;9.38;0.57;247.21;3.96;798;38;1784.00;7
4404;38;625668517;4404;241;5199;5206;9.32;0.57;247.19;3.96;795;38;1785.00;7
4407;38;625668528;4407;247;5203;5212;9.36;0.57;247.37;3.96;796;38;1786.00;9
4410;38;625668539;4410;245;5203;5212;9.38;0.57;247.50;3.96;793;38;1787.00;9
4412;38;625668549;4412;244;5204;5212;9.41;0.57;247.49;3.96;792;38;1788.00;8
4414;38;625668560;4414;245;5204;5212;9.46;0.57;247.59;3.96;790;38;1789.00;8
4418;38;625668570;4418;238;5207;5216;9.40;0.57;247.52;3.95;789;38;1790.00;9
4418;38;625668581;4418;224;5208;5217;9.40;0.57;247.52;3.95;790;38;1791.00;9
4420;38;625668592;4420;219;5208;5217;9.48;0.58;247.52;3.95;788;38;1792.00;9
4422;38;625668604;4422;220;5209;5218;9.51;0.58;247.49;3.95;787;38;1793.00;9
4424;38;625668614;4424;213;5209;5218;9.55;0.58;247.50;3.95;785;38;1794.00;9
4427;38;625668625;4427;209;5209;5218;9.55;0.58;247.55;3.95;782;38;1795.00;9
4429;38;625668636;4429;204;5209;5218;9.61;0.58;247.57;3.95;780;38;1796.00;9
4431;38;625668647;4431;201;5209;5218;9.62;0.59;247.64;3.95;778;38;1797.00;9
4433;38;625668657;4433;192;5209;5218;9.64;0.59;247.60;3.95;776;38;1798.00;9
4437;38;625668668;4437;186;5209;5218;9.64;0.59;247.62;3.95;772;38;1799.00;9
4438;38;625668681;4438;202;5273;5356;9.44;0.58;247.65;3.90;835;38;1800.00;83
4442;38;625668706;4442;184;5273;5357;9.37;0.58;247.79;3.90;831;38;1801.00;84
4445;38;625668718;4445;167;5282;5357;9.40;0.58;247.88;3.90;837;38;1802.00;75
4447;38;625668729;4447;162;5290;5357;9.43;0.58;247.89;3.90;843;38;1803.00;67
4453;38;625668739;4453;153;5294;5357;9.45;0.58;248.03;3.90;841;38;1804.00;63
4460;38;625668751;4460;150;5302;5357;9.36;0.57;248.20;3.92;842;38;1805.00;55
4462;38;625668767;4462;149;5305;5357;9.37;0.58;248.31;3.92;843;38;1806.00;52
4464;38;625668778;4464;143;5307;5357;9.37;0.58;248.34;3.92;843;38;1807.00;50
4467;38;625668790;4467;140;5310;5358;9.41;0.58;248.40;3.92;843;38;1808.00;48
4470;38;625668801;4470;137;5311;5359;9.42;0.58;248.43;3.92;841;38;1809.00;48
4474;38;625668812;4474;142;5314;5359;9.40;0.58;248.49;3.92;840;38;1810.00;45
4477;38;625668823;4477;143;5318;5363;9.41;0.58;248.52;3.92;841;38;1811.00;45
4483;38;625668835;4483;140;5319;5363;9.36;0.58;248.51;3.93;836;38;1812.00;44
4485;38;625668847;4485;129;5321;5363;9.29;0.57;248.51;3.93;836;38;1813.00;42
4489;38;625668858;4489;129;5321;5363;9.27;0.57;248.60;3.93;832;38;1814.00;42
4494;38;625668870;4494;129;5323;5369;9.26;0.57;248.59;3.93;829;38;1815.00;46
4497;38;625668882;4497;132;5324;5369;9.29;0.57;248.57;3.93;827;38;1816.00;45
4503;38;625668899;4503;134;5326;5369;9.27;0.57;248.61;3.93;823;38;1817.00;43
4505;38;625668911;4505;141;5329;5372;9.35;0.57;248.66;3.94;824;38;1818.00;43
4506;38;625668922;4506;140;5329;5372;9.38;0.57;248.64;3.94;823;38;1819.00;43
4509;38;625668940;4509;149;5330;5372;9.40;0.57;248.71;3.94;821;38;1820.00;42
4512;38;625668951;4512;153;5331;5373;9.43;0.58;248.74;3.94;819;38;1821.00;42
4513;38;625668963;4513;157;5335;5374;9.49;0.58;248.78;3.95;822;38;1822.00;39
4517;38;625668974;4517;156;5336;5374;9.46;0.58;248.87;3.95;819;38;1823.00;38
4517;38;625668990;4517;154;5342;5387;9.48;0.58;248.87;3.95;825;38;1824.00;45
4520;38;625669003;4520;159;5345;5387;9.56;0.59;248.83;3.96;825;38;1825.00;42
4524;38;625669014;4524;164;5346;5387;9.58;0.59;248.79;3.96;822;38;1826.00;41
4525;38;625669025;4525;165;5350;5388;9.62;0.59;248.76;3.96;825;38;1827.00;38
4530;38;625669036;4530;174;5352;5388;9.62;0.59;248.98;3.97;822;38;1828.00;36
4535;38;625669048;4535;172;5356;5392;9.62;0.59;248.86;3.97;821;38;1829.00;36
4538;38;625669062;4538;176;5358;5392;9.64;0.59;248.91;3.99;820;38;1830.00;34
4542;38;625669073;4542;188;5361;5396;9.54;0.58;248.99;3.99;819;38;1831.00;35
4546;38;625669089;4546;192;5364;5396;9.49;0.58;249.10;4.00;818;38;1832.00;32
4547;38;625669107;4547;191;5366;5396;9.48;0.58;249.11;4.02;819;38;1833.00;30
4550;38;625669118;4550;194;5366;5396;9.46;0.58;249.24;4.02;816;38;1834.00;30
4555;38;625669130;4555;190;5367;5396;9.49;0.58;249.30;4.02;812;38;1835.00;29
4558;38;625669143;4558;194;5379;5408;9.55;0.59;249.34;4.02;821;38;1836.00;29
4562;38;625669155;4562;193;5380;5408;9.63;0.59;249.36;4.03;818;38;1837.00;28
4564;38;625669166;4564;200;5383;5408;9.68;0.59;249.40;4.05;819;38;1838.00;25
4568;38;625669178;4568;204;5383;5408;9.73;0.60;249.47;4.05;815;38;1839.00;25
4571;38;625669189;4571;209;5385;5408;9.71;0.59;249.45;4.06;814;38;1840.00;23
4574;38;625669200;4574;212;5386;5408;9.67;0.59;249.48;4.07;812;38;1841.00;22
4575;38;625669211;4575;214;5388;5409;9.61;0.59;249.50;4.08;813;38;1842.00;21
4577;38;625669221;4577;218;5389;5409;9.59;0.59;249.55;4.09;812;38;1843.00;20
4579;38;625669232;4579;225;5394;5415;9.59;0.59;249.55;4.09;815;38;1844.00;21
4582;38;625669243;4582;233;5397;5417;9.54;0.58;249.61;4.09;815;38;1845.00;20
4583;38;625669254;4583;240;5398;5417;9.43;0.58;249.58;4.10;815;38;1846.00;19
4587;39;625669270;4587;243;5398;5417;9.28;0.57;249.54;4.10;811;39;1847.00;19
4590;39;625669286;4590;248;5403;5421;9.21;0.56;249.48;4.11;813;39;1848.00;18
4592;39;625669297;4592;244;5403;5421;9.10;0.56;249.59;4.11;811;39;1849.00;18
4594;39;625669312;4594;245;5406;5421;9.00;0.55;249.52;4.12;812;39;1850.00;15
4596;39;625669322;4596;244;5407;5422;9.02;0.55;249.49;4.12;811;39;1851.00;15
4600;39;625669332;4600;246;5412;5426;8.95;0.55;249.54;4.13;812;39;1852.00;14
4601;39;625669349;4601;246;5412;5426;8.86;0.54;249.59;4.13;811;39;1853.00;14
4603;39;625669366;4603;249;5414;5429;8.81;0.54;249.60;4.13;811;39;1854.00;15
4605;39;625669388;4605;248;5415;5429;8.74;0.53;249.59;4.13;810;39;1855.00;14
4608;39;625669406;4608;249;5416;5429;8.70;0.53;249.65;4.13;808;39;1856.00;13
4611;39;625669435;4611;252;5416;5429;8.64;0.53;249.58;4.13;805;39;1857.00;13
4613;39;625669453;4613;254;5420;5433;8.63;0.52;249.58;4.13;807;39;1858.00;13
4615;39;625669481;4615;255;5420;5433;8.56;0.52;249.56;4.13;805;39;1859.00;13
4617;39;625669502;4617;258;5424;5433;8.41;0.51;249.59;4.14;807;39;1860.00;9
4619;39;625669533;4619;263;5424;5433;8.24;0.50;249.65;4.14;805;39;1861.00;9
4623;39;625669551;4623;269;5425;5434;8.05;0.49;249.68;4.14;802;39;1862.00;9
4625;39;625669567;4625;272;5426;5435;7.85;0.48;249.61;4.13;801;39;1863.00;9
4629;39;625669582;4629;278;5426;5435;7.68;0.47;249.61;4.13;797;39;1864.00;9
4631;39;625669596;4631;285;5427;5436;7.61;0.47;249.54;4.13;796;39;1865.00;9
4636;39;625669608;4636;286;5427;5436;7.46;0.46;249.55;4.13;791;39;1866.00;9
4637;39;625669619;4637;300;5427;5436;7.33;0.45;249.51;4.13;790;39;1867.00;9
4639;39;625669628;4639;301;5427;5436;7.14;0.44;249.49;4.13;788;39;1868.00;9
4641;39;625669638;4641;305;5427;5436;7.02;0.43;249.51;4.13;786;39;1869.00;9
4643;39;625669647;4643;298;5427;5436;6.91;0.43;249.48;4.13;784;39;1870.00;9
4647;39;625669657;4647;291;5427;5436;6.78;0.42;249.48;4.13;780;39;1871.00;9
4649;39;625669666;4649;312;5497;5563;6.97;0.44;249.48;4.08;848;39;1872.00;66
4652;39;625669686;4652;313;5502;5564;6.89;0.43;249.48;4.08;850;39;1873.00;62
4655;39;625669698;4655;311;5512;5564;6.98;0.44;249.55;4.08;857;39;1874.00;52
4658;39;625669709;4658;318;5517;5564;6.91;0.43;249.61;4.07;859;39;1875.00;47
4663;39;625669719;4663;317;5520;5564;6.85;0.43;249.55;4.07;857;39;1876.00;44
4663;39;625669728;4663;315;5523;5564;6.84;0.43;249.55;4.07;860;39;1877.00;41
4666;39;625669738;4666;318;5529;5564;6.88;0.43;249.59;4.08;863;39;1878.00;35
4671;39;625669749;4671;316;5529;5564;6.80;0.42;249.61;4.08;858;39;1879.00;35
4673;39;625669761;4673;314;5534;5565;6.87;0.43;249.66;4.08;861;39;1880.00;31
4674;39;625669773;4674;318;5535;5566;6.93;0.43;249.70;4.08;861;39;1881.00;31
4676;39;625669784;4676;323;5538;5568;7.00;0.43;249.63;4.08;862;39;1882.00;30
4679;39;625669794;4679;327;5541;5569;7.01;0.43;249.62;4.09;862;39;1883.00;28
4682;39;625669806;4682;324;5545;5569;7.03;0.43;249.69;4.09;863;39;1884.00;24
4685;39;625669818;4685;330;5548;5569;7.03;0.43;249.68;4.10;863;39;1885.00;21
4689;39;625669830;4689;329;5551;5569;7.02;0.43;249.60;4.10;862;39;1886.00;18
4690;39;625669842;4690;334;5553;5573;6.99;0.43;249.63;4.10;863;39;1887.00;20
4692;39;625669852;4692;333;5556;5573;6.97;0.43;249.68;4.10;864;39;1888.00;17
4693;39;625669864;4693;334;5557;5573;6.89;0.42;249.70;4.11;864;39;1889.00;16
4695;39;625669877;4695;335;5560;5579;6.89;0.42;249.68;4.11;865;39;1890.00;19
4702;39;625669898;4702;324;5561;5579;6.86;0.42;249.66;4.11;859;39;1891.00;18
4705;39;625669918;4705;322;5563;5579;6.86;0.42;249.62;4.11;858;39;1892.00;16
4708;39;625669934;4708;321;5568;5583;6.89;0.42;249.64;4.11;860;39;1893.00;15
4711;39;625669955;4711;318;5571;5584;6.94;0.42;249.64;4.11;860;39;1894.00;13
4714;39;625669972;4714;318;5571;5584;7.03;0.43;249.57;4.11;857;39;1895.00;13
4716;39;625669990;4716;322;5576;5588;7.10;0.43;249.54;4.11;860;39;1896.00;12
4721;39;625670019;4721;318;5577;5588;7.11;0.43;249.68;4.11;856;39;1897.00;11
4724;39;625670038;4724;320;5577;5588;7.11;0.43;249.65;4.11;853;39;1898.00;11
4727;39;625670052;4727;327;5578;5589;7.15;0.44;249.68;4.11;851;39;1899.00;11
4731;39;625670067;4731;330;5578;5589;7.15;0.43;249.61;4.11;847;39;1900.00;11
4733;39;625670086;4733;331;5582;5595;7.10;0.43;249.67;4.10;849;39;1901.00;13
4735;39;625670101;4735;332;5582;5595;7.15;0.44;249.67;4.10;847;39;1902.00;13
4739;39;625670121;4739;328;5584;5596;7.18;0.44;249.65;4.10;845;39;1903.00;12
4742;39;625670135;4742;323;5584;5596;7.22;0.44;249.65;4.10;842;39;1904.00;12
4745;39;625670148;4745;321;5584;5596;7.25;0.44;249.70;4.10;839;39;1905.00;12
4747;39;625670162;4747;327;5584;5596;7.29;0.44;249.75;4.10;837;39;1906.00;12
4750;39;625670175;4750;331;5585;5596;7.32;0.44;249.71;4.12;835;39;1907.00;11
4752;39;625670189;4752;329;5595;5608;7.47;0.45;249.68;4.11;843;39;1908.00;13
4753;39;625670211;4753;325;5596;5608;7.57;0.46;249.70;4.11;843;39;1909.00;12
4754;39;625670224;4754;326;5596;5608;7.59;0.46;249.75;4.11;842;39;1910.00;12
4758;39;625670237;4758;325;5596;5608;7.56;0.46;249.72;4.11;838;39;1911.00;12
4761;39;625670251;4761;327;5596;5608;7.53;0.46;249.74;4.11;835;39;1912.00;12
4763;39;625670274;4763;328;5596;5608;7.47;0.45;249.80;4.11;833;39;1913.00;12
4769;39;625670287;4769;330;5599;5612;7.45;0.45;249.85;4.11;830;39;1914.00;13
4772;39;625670301;4772;341;5599;5612;7.46;0.45;249.94;4.11;827;39;1915.00;13
4776;39;625670315;4776;342;5602;5616;7.41;0.45;250.05;4.11;826;39;1916.00;14
4777;39;625670329;4777;336;5603;5617;7.46;0.45;250.06;4.11;826;39;1917.00;14
4782;39;625670342;4782;328;5604;5617;7.43;0.45;250.10;4.11;822;39;1918.00;13
4784;39;625670358;4784;332;5604;5617;7.46;0.46;250.15;4.11;820;39;1919.00;13
4787;39;625670375;4787;332;5626;5646;7.66;0.47;250.35;4.09;839;39;1920.00;20
4789;39;625670392;4789;329;5626;5646;7.74;0.47;250.31;4.09;837;39;1921.00;20
4791;39;625670407;4791;321;5628;5646;7.84;0.48;250.35;4.09;837;39;1922.00;18
4796;39;625670421;4796;321;5630;5647;7.87;0.48;250.38;4.09;834;39;1923.00;17
4803;39;625670436;4803;320;5630;5648;7.84;0.48;250.51;4.09;827;39;1924.00;18
4805;39;625670450;4805;325;5630;5648;7.90;0.48;250.70;4.09;825;39;1925.00;18
4810;39;625670463;4810;315;5633;5651;7.90;0.48;250.68;4.09;823;39;1926.00;18
4813;39;625670478;4813;301;5633;5651;7.88;0.48;250.63;4.09;820;39;1927.00;18
4817;39;625670492;4817;293;5633;5651;7.90;0.48;250.74;4.09;816;39;1928.00;18
4820;39;625670506;4820;291;5633;5651;7.98;0.48;250.72;4.09;813;39;1929.00;18
4822;39;625670520;4822;287;5637;5657;8.01;0.49;250.71;4.09;815;39;1930.00;20
4823;39;625670534;4823;287;5637;5657;8.12;0.50;250.76;4.09;814;39;1931.00;20
4824;39;625670548;4824;291;5638;5657;8.16;0.50;250.78;4.09;814;39;1932.00;19
4829;39;625670568;4829;297;5638;5657;8.15;0.50;250.81;4.09;809;39;1933.00;19
4833;39;625670587;4833;296;5641;5661;8.13;0.50;250.83;4.09;808;39;1934.00;20
4835;39;625670615;4835;289;5643;5663;8.18;0.50;250.77;4.08;808;39;1935.00;20
4837;39;625670628;4837;285;5643;5663;8.21;0.50;250.80;4.08;806;39;1936.00;20
4843;39;625670642;4843;277;5644;5664;8.22;0.50;250.74;4.08;801;39;1937.00;20
4845;39;625670655;4845;272;5644;5664;8.19;0.50;250.71;4.08;799;39;1938.00;20
4846;39;625670667;4846;266;5644;5664;8.17;0.50;250.71;4.08;798;39;1939.00;20
4848;39;625670679;4848;260;5645;5664;8.16;0.50;250.71;4.11;797;39;1940.00;19
4850;39;625670691;4850;258;5645;5664;8.18;0.50;250.78;4.11;795;39;1941.00;19
4855;39;625670702;4855;255;5645;5664;8.16;0.50;250.83;4.11;790;39;1942.00;19
4858;39;625670713;4858;250;5645;5664;8.20;0.50;250.93;4.11;787;39;1943.00;19
4861;39;625670725;4861;263;5687;5734;8.04;0.49;250.88;4.08;826;39;1944.00;47
4863;39;625670743;4863;258;5687;5735;8.20;0.50;250.89;4.08;824;39;1945.00;48
4866;39;625670754;4866;253;5692;5735;8.32;0.51;250.86;4.08;826;39;1946.00;43
4867;39;625670771;4867;250;5692;5735;8.43;0.51;250.84;4.08;825;39;1947.00;43
4872;39;625670782;4872;252;5695;5735;8.52;0.52;250.85;4.08;823;39;1948.00;40
4875;39;625670800;4875;254;5698;5735;8.64;0.53;250.98;4.08;823;39;1949.00;37
4876;39;625670814;4876;256;5700;5737;8.73;0.53;250.94;4.08;824;39;1950.00;37
4879;40;625670826;4879;263;5702;5737;8.81;0.54;251.01;4.08;823;40;1951.00;35
4881;40;625670845;4881;255;5704;5738;8.85;0.54;250.95;4.08;823;40;1952.00;34
4883;40;625670862;4883;262;5705;5739;8.90;0.54;250.94;4.08;822;40;1953.00;34
4885;40;625670873;4885;258;5708;5739;8.90;0.54;250.93;4.08;823;40;1954.00;31
4890;40;625670884;4890;261;5711;5743;8.86;0.54;250.92;4.08;821;40;1955.00;32
4892;40;625670906;4892;261;5714;5743;8.80;0.53;250.93;4.08;822;40;1956.00;29
4894;40;625670919;4894;262;5716;5743;8.78;0.53;250.94;4.08;822;40;1957.00;27
4895;40;625670931;4895;270;5718;5743;8.78;0.53;250.94;4.09;823;40;1958.00;25
4898;40;625670941;4898;270;5723;5749;8.80;0.53;250.94;4.08;825;40;1959.00;26
4899;40;625670959;4899;266;5723;5749;8.77;0.53;250.93;4.08;824;40;1960.00;26
4899;40;625670972;4899;255;5723;5749;8.76;0.53;250.93;4.08;824;40;1961.00;26
4900;40;625670989;4900;256;5726;5752;8.74;0.53;250.93;4.08;826;40;1962.00;26
4900;40;625671000;4900;252;5726;5752;8.69;0.53;250.93;4.08;826;40;1963.00;26
4902;40;625671011;4902;249;5726;5752;8.74;0.53;250.96;4.08;824;40;1964.00;26
4904;40;625671021;4904;247;5727;5753;8.74;0.53;250.92;4.11;823;40;1965.00;26
4908;40;625671032;4908;240;5728;5754;8.76;0.53;250.93;4.11;820;40;1966.00;26
4910;40;625671043;4910;238;5728;5754;8.77;0.54;250.92;4.11;818;40;1967.00;26
4912;40;625671055;4912;235;5738;5767;8.81;0.54;250.91;4.13;826;40;1968.00;29
4917;40;625671068;4917;235;5738;5767;8.80;0.53;250.95;4.13;821;40;1969.00;29
4920;40;625671084;4920;230;5738;5767;8.81;0.54;251.05;4.13;818;40;1970.00;29
4924;40;625671095;4924;218;5739;5768;8.82;0.54;251.17;4.13;815;40;1971.00;29
4927;40;625671106;4927;213;5739;5768;8.84;0.54;251.29;4.13;812;40;1972.00;29
4932;40;625671116;4932;201;5743;5772;8.81;0.53;251.29;4.16;811;40;1973.00;29
4935;40;625671127;4935;195;5744;5772;8.81;0.53;251.37;4.16;809;40;1974.00;28
4939;40;625671139;4939;189;5747;5776;8.79;0.53;251.48;4.16;808;40;1975.00;29
4944;40;625671149;4944;182;5748;5776;8.81;0.53;251.55;4.17;804;40;1976.00;28
4949;40;625671160;4949;174;5749;5776;8.82;0.53;251.66;4.18;800;40;1977.00;27
4951;40;625671170;4951;167;5749;5776;8.89;0.54;251.71;4.18;798;40;1978.00;27
4956;40;625671181;4956;161;5749;5776;8.95;0.54;251.71;4.18;793;40;1979.00;27
4957;40;625671194;4957;155;5770;5810;9.05;0.55;251.77;4.20;813;40;1980.00;40
4958;40;625671208;4958;153;5771;5810;9.09;0.55;251.83;4.20;813;40;1981.00;39
4961;40;625671218;4961;157;5772;5810;9.12;0.55;251.80;4.20;811;40;1982.00;38
4963;40;625671229;4963;153;5772;5810;9.13;0.55;251.85;4.20;809;40;1983.00;38
4963;40;625671240;4963;153;5773;5810;9.17;0.56;251.85;4.20;810;40;1984.00;37
4964;40;625671252;4964;154;5773;5810;9.21;0.56;251.84;4.20;809;40;1985.00;37
4967;40;625671263;4967;154;5774;5811;9.24;0.56;251.90;4.20;807;40;1986.00;37
4972;40;625671274;4972;156;5776;5811;9.27;0.56;252.14;4.20;804;40;1987.00;35
4974;40;625671286;4974;156;5779;5817;9.36;0.57;252.11;4.20;805;40;1988.00;38
4979;40;625671297;4979;160;5780;5818;9.40;0.57;252.22;4.20;801;40;1989.00;38
4983;40;625671309;4983;158;5783;5818;9.42;0.57;252.28;4.21;800;40;1990.00;35
4985;40;625671320;4985;166;5784;5818;9.41;0.57;252.24;4.21;799;40;1991.00;34
4987;40;625671331;4987;164;5787;5822;9.40;0.57;252.25;4.21;800;40;1992.00;35
4988;40;625671343;4988;165;5787;5822;9.32;0.56;252.30;4.21;799;40;1993.00;35
4991;40;625671355;4991;175;5788;5822;9.23;0.56;252.30;4.21;797;40;1994.00;34
4994;40;625671366;4994;181;5789;5823;9.19;0.56;252.41;4.21;795;40;1995.00;34
4998;40;625671378;4998;191;5793;5827;9.07;0.55;252.41;4.21;795;40;1996.00;34
5001;40;625671390;5001;191;5794;5827;9.02;0.55;252.48;4.22;793;40;1997.00;33
5002;40;625671403;5002;198;5797;5830;9.05;0.55;252.51;4.22;795;40;1998.00;33
5005;40;625671416;5005;197;5798;5830;9.06;0.55;252.67;4.22;793;40;1999.00;32
5007;40;625671431;5007;197;5800;5830;9.05;0.55;252.71;4.23;793;40;2000.00;30
5007;40;625671448;5007;197;5801;5830;9.02;0.55;252.71;4.25;794;40;2001.00;29
5009;40;625671459;5009;206;5804;5834;9.09;0.55;252.70;4.25;795;40;2002.00;30
5010;40;625671471;5010;211;5807;5834;9.07;0.55;252.70;4.27;797;40;2003.00;27
5011;40;625671485;5011;209;5807;5834;9.02;0.55;252.72;4.27;796;40;2004.00;27
5014;40;625671503;5014;207;5808;5834;8.96;0.54;252.75;4.27;794;40;2005.00;26
5016;40;625671514;5016;211;5809;5835;8.88;0.54;252.74;4.29;793;40;2006.00;26
5017;40;625671526;5017;211;5812;5836;8.87;0.54;252.72;4.29;795;40;2007.00;24
5019;40;625671537;5019;222;5813;5836;8.83;0.54;252.70;4.30;794;40;2008.00;23
5020;40;625671549;5020;227;5815;5837;8.82;0.54;252.72;4.31;795;40;2009.00;22
5022;40;625671561;5022;232;5815;5837;8.76;0.53;252.90;4.31;793;40;2010.00;22
5023;40;625671571;5023;240;5816;5837;8.70;0.53;252.87;4.32;793;40;2011.00;21
5024;40;625671581;5024;244;5816;5837;8.62;0.53;252.87;4.32;792;40;2012.00;21
5024;40;625671591;5024;249;5816;5837;8.55;0.52;252.87;4.32;792;40;2013.00;21
5025;40;625671601;5025;259;5819;5837;8.46;0.52;252.84;4.35;794;40;2014.00;18
5028;40;625671610;5028;261;5819;5837;8.40;0.52;252.78;4.35;791;40;2015.00;18
5032;40;625671621;5032;282;5885;5964;8.56;0.53;252.79;4.30;853;40;2016.00;79
5035;40;625671642;5035;285;5890;5965;8.51;0.53;252.72;4.31;855;40;2017.00;75
5039;40;625671652;5039;282;5902;5965;8.53;0.53;252.65;4.31;863;40;2018.00;63
5039;40;625671662;5039;275;5906;5965;8.42;0.52;252.65;4.31;867;40;2019.00;59
5042;40;625671672;5042;278;5914;5965;8.31;0.52;252.56;4.32;872;40;2020.00;51
5045;40;625671682;5045;278;5918;5965;8.19;0.51;252.52;4.32;873;40;2021.00;47
5046;40;625671693;5046;278;5922;5965;8.17;0.51;252.50;4.32;876;40;2022.00;43
5048;40;625671703;5048;276;5925;5965;8.10;0.50;252.43;4.33;877;40;2023.00;40
5051;40;625671719;5051;272;5930;5966;8.09;0.50;252.40;4.33;879;40;2024.00;36
5054;40;625671729;5054;279;5935;5968;8.05;0.50;252.33;4.33;881;40;2025.00;33
5057;40;625671740;5057;278;5940;5968;8.02;0.50;252.24;4.35;883;40;2026.00;28
5060;40;625671750;5060;283;5941;5969;7.97;0.49;252.18;4.35;881;40;2027.00;28
5062;40;625671761;5062;287;5944;5969;7.95;0.49;252.17;4.35;882;40;2028.00;25
5066;40;625671771;5066;291;5944;5969;7.86;0.49;252.19;4.35;878;40;2029.00;25
5066;40;625671781;5066;302;5946;5969;7.80;0.48;252.19;4.36;880;40;2030.00;23
5069;40;625671791;5069;311;5952;5973;7.69;0.47;252.14;4.36;883;40;2031.00;21
5073;40;625671801;5073;319;5953;5973;7.55;0.47;252.07;4.37;880;40;2032.00;20
5075;40;625671816;5075;333;5955;5973;7.42;0.46;252.15;4.37;880;40;2033.00;18
5078;40;625671826;5078;340;5958;5976;7.29;0.45;252.12;4.37;880;40;2034.00;18
5081;40;625671836;5081;350;5960;5976;7.11;0.44;252.14;4.38;879;40;2035.00;16
5083;40;625671846;5083;355;5962;5976;6.98;0.43;252.15;4.38;879;40;2036.00;14
5087;40;625671855;5087;361;5966;5980;6.79;0.42;252.11;4.37;879;40;2037.00;14
5094;40;625671864;5094;360;5968;5981;6.57;0.40;252.05;4.37;874;40;2038.00;13
5097;40;625671874;5097;369;5969;5981;6.35;0.39;252.03;4.37;872;40;2039.00;12
5101;40;625671884;5101;364;5974;5986;6.26;0.39;252.06;4.37;873;40;2040.00;12
5103;40;625671894;5103;357;5974;5986;6.15;0.38;252.05;4.37;871;40;2041.00;12
5106;40;625671903;5106;360;5974;5986;6.10;0.38;252.01;4.37;868;40;2042.00;12
5110;40;625671912;5110;355;5975;5987;6.12;0.38;252.01;4.37;865;40;2043.00;12
5110;40;625671922;5110;353;5975;5987;6.18;0.38;252.01;4.37;865;40;2044.00;12
5113;40;625671931;5113;341;5980;5993;6.31;0.39;252.05;4.37;867;40;2045.00;13
5116;40;625671941;5116;339;5980;5993;6.38;0.39;252.02;4.37;864;40;2046.00;13
5119;40;625671951;5119;331;5982;5994;6.48;0.40;251.96;4.37;863;40;2047.00;12
5121;40;625671961;5121;325;5982;5994;6.59;0.40;252.01;4.37;861;40;2048.00;12
5125;40;625671972;5125;314;5982;5994;6.63;0.40;252.00;4.37;857;40;2049.00;12
5126;40;625671988;5126;305;5982;5994;6.73;0.41;252.03;4.37;856;40;2050.00;12
5127;40;625671998;5127;304;5982;5994;6.86;0.42;252.05;4.37;855;40;2051.00;12
5132;40;625672009;5132;304;5993;6006;6.98;0.43;252.11;4.36;861;40;2052.00;13
5135;40;625672022;5135;297;5993;6006;7.07;0.43;252.08;4.36;858;40;2053.00;13
5137;40;625672033;5137;291;5994;6006;7.18;0.44;252.07;4.36;857;40;2054.00;12
5140;40;625672044;5140;286;5994;6006;7.27;0.44;252.06;4.36;854;40;2055.00;12
5144;40;625672055;5144;278;5994;6006;7.37;0.45;252.16;4.36;850;40;2056.00;12
5146;40;625672066;5146;275;5994;6006;7.37;0.45;252.15;4.36;848;40;2057.00;12
5149;40;625672077;5149;275;5998;6010;7.36;0.45;252.19;4.35;849;40;2058.00;12
5151;40;625672088;5151;270;5998;6010;7.40;0.45;252.19;4.35;847;40;2059.00;12
5154;40;625672100;5154;270;6001;6014;7.53;0.46;252.16;4.35;847;40;2060.00;13
5157;41;625672111;5157;264;6002;6015;7.62;0.46;252.20;4.35;845;41;2061.00;13
5158;41;625672139;5158;265;6003;6015;7.70;0.47;252.18;4.35;845;41;2062.00;12
5159;41;625672150;5159;262;6003;6015;7.74;0.47;252.20;4.35;844;41;2063.00;12
5161;41;625672162;5161;266;6017;6028;7.88;0.48;252.14;4.39;856;41;2064.00;11
5165;41;625672174;5165;264;6017;6028;7.92;0.48;252.27;4.39;852;41;2065.00;11
5167;41;625672186;5167;264;6017;6028;7.95;0.49;252.28;4.39;850;41;2066.00;11
5170;41;625672197;5170;264;6018;6029;7.95;0.49;252.33;4.39;848;41;2067.00;11
5174;41;625672208;5174;261;6019;6030;7.91;0.48;252.45;4.38;845;41;2068.00;11
5176;41;625672219;5176;261;6019;6030;7.93;0.49;252.46;4.38;843;41;2069.00;11
5180;41;625672232;5180;264;6022;6036;7.93;0.49;252.53;4.38;842;41;2070.00;14
5185;41;625672250;5185;266;6022;6036;7.86;0.48;252.56;4.38;837;41;2071.00;14
5190;41;625672261;5190;267;6023;6036;7.85;0.48;252.76;4.38;833;41;2072.00;13
5196;41;625672278;5196;268;6023;6036;7.82;0.48;252.90;4.38;827;41;2073.00;13
5199;41;625672289;5199;272;6027;6042;7.89;0.48;252.98;4.38;828;41;2074.00;15
5208;41;625672301;5208;272;6027;6042;7.83;0.48;252.93;4.38;819;41;2075.00;15
5212;41;625672313;5212;272;6028;6042;7.78;0.48;253.03;4.38;816;41;2076.00;14
5215;41;625672324;5215;272;6028;6042;7.78;0.48;252.93;4.38;813;41;2077.00;14
5217;41;625672335;5217;277;6033;6046;7.81;0.48;253.03;4.38;816;41;2078.00;13
5221;41;625672347;5221;281;6034;6047;7.82;0.48;253.13;4.38;813;41;2079.00;13
5224;41;625672362;5224;280;6035;6047;7.81;0.48;253.13;4.38;811;41;2080.00;12
5231;41;625672378;5231;286;6036;6048;7.75;0.47;253.30;4.38;805;41;2081.00;12
5235;41;625672396;5235;288;6036;6048;7.71;0.47;253.42;4.38;801;41;2082.00;12
5238;41;625672413;5238;291;6036;6048;7.74;0.47;253.48;4.38;798;41;2083.00;12
5239;41;625672430;5239;295;6036;6048;7.73;0.47;253.53;4.38;797;41;2084.00;12
5244;41;625672445;5244;299;6036;6048;7.67;0.47;253.57;4.38;792;41;2085.00;12
5249;41;625672464;5249;300;6036;6048;7.62;0.46;253.64;4.38;787;41;2086.00;12
5250;41;625672478;5250;294;6036;6048;7.65;0.47;253.69;4.38;786;41;2087.00;12
5255;41;625672494;5255;302;6078;6118;7.68;0.47;253.82;4.35;823;41;2088.00;40
5258;41;625672514;5258;296;6079;6119;7.74;0.47;253.98;4.35;821;41;2089.00;40
5262;41;625672527;5262;288;6085;6119;7.91;0.48;254.07;4.34;823;41;2090.00;34
5266;41;625672541;5266;289;6087;6119;8.00;0.49;254.14;4.34;821;41;2091.00;32
5270;41;625672553;5270;290;6091;6119;8.13;0.50;254.20;4.34;821;41;2092.00;28
5275;41;625672567;5275;284;6093;6119;8.24;0.50;254.32;4.34;818;41;2093.00;26
5280;41;625672581;5280;284;6095;6119;8.28;0.50;254.42;4.34;815;41;2094.00;24
5285;41;625672594;5285;289;6098;6119;8.24;0.50;254.50;4.35;813;41;2095.00;21
5288;41;625672606;5288;277;6099;6120;8.26;0.50;254.55;4.35;811;41;2096.00;21
5290;41;625672619;5290;264;6102;6121;8.33;0.51;254.56;4.35;812;41;2097.00;19
5293;41;625672632;5293;260;6104;6121;8.42;0.51;254.60;4.35;811;41;2098.00;17
5295;41;625672651;5295;264;6107;6125;8.40;0.51;254.59;4.35;812;41;2099.00;18
5299;41;625672672;5299;265;6111;6140;8.41;0.51;254.66;4.34;812;41;2100.00;29
5299;41;625672693;5299;257;6111;6140;8.53;0.52;254.66;4.34;812;41;2101.00;29
5302;41;625672706;5302;251;6111;6140;8.59;0.52;254.74;4.34;809;41;2102.00;29
5302;41;625672719;5302;253;6114;6146;8.70;0.53;254.74;4.34;812;41;2103.00;32
5304;41;625672732;5304;252;6114;6146;8.80;0.53;254.76;4.34;810;41;2104.00;32
5308;41;625672745;5308;244;6115;6146;8.88;0.54;254.78;4.34;807;41;2105.00;31
5308;41;625672757;5308;241;6118;6149;9.01;0.55;254.78;4.34;810;41;2106.00;31
5313;41;625672769;5313;234;6118;6149;9.01;0.55;254.76;4.34;805;41;2107.00;31
5315;41;625672782;5315;227;6118;6149;9.01;0.55;254.76;4.34;803;41;2108.00;31
5317;41;625672794;5317;223;6118;6150;9.03;0.55;254.71;4.34;801;41;2109.00;32
5322;41;625672806;5322;223;6119;6151;9.00;0.55;254.75;4.34;797;41;2110.00;32
5325;41;625672819;5325;224;6120;6151;8.97;0.54;254.77;4.34;795;41;2111.00;31
5326;41;625672831;5326;221;6129;6164;8.93;0.54;254.76;4.34;803;41;2112.00;35
5330;41;625672844;5330;213;6130;6164;8.97;0.54;254.75;4.34;800;41;2113.00;34
5331;41;625672856;5331;212;6130;6164;9.01;0.55;254.72;4.34;799;41;2114.00;34
5332;41;625672868;5332;208;6132;6166;9.07;0.55;254.74;4.34;800;41;2115.00;34
5334;41;625672880;5334;212;6133;6166;9.07;0.55;254.70;4.34;799;41;2116.00;33
5334;41;625672892;5334;210;6136;6170;9.07;0.55;254.70;4.34;802;41;2117.00;34
5336;41;625672904;5336;210;6136;6170;9.08;0.55;254.67;4.34;800;41;2118.00;34
5337;41;625672916;5337;217;6139;6174;9.10;0.55;254.66;4.34;802;41;2119.00;35
5337;41;625672927;5337;215;6139;6174;9.15;0.56;254.66;4.34;802;41;2120.00;35
5338;41;625672939;5338;216;6139;6174;9.21;0.56;254.66;4.34;801;41;2121.00;35
5342;42;625672952;5342;222;6140;6174;9.25;0.56;254.81;4.34;798;42;2122.00;34
5344;42;625672976;5344;220;6141;6174;9.31;0.57;254.79;4.34;797;42;2123.00;33
5349;42;625672988;5349;219;6149;6186;9.32;0.57;254.80;4.34;800;42;2124.00;37
5350;42;625673001;5350;224;6151;6186;9.33;0.57;254.79;4.34;801;42;2125.00;35
5352;42;625673013;5352;218;6152;6186;9.35;0.57;254.86;4.34;800;42;2126.00;34
5352;42;625673025;5352;212;6152;6186;9.35;0.57;254.86;4.34;800;42;2127.00;34
5355;42;625673043;5355;211;6155;6186;9.30;0.56;254.82;4.35;800;42;2128.00;31
5357;42;625673055;5357;216;6157;6186;9.27;0.56;254.86;4.41;800;42;2129.00;29
5359;42;625673068;5359;209;6158;6187;9.23;0.56;254.83;4.41;799;42;2130.00;29
5359;42;625673080;5359;210;6159;6187;9.25;0.56;254.83;4.41;800;42;2131.00;28
5359;42;625673091;5359;203;6162;6193;9.21;0.56;254.83;4.41;803;42;2132.00;31
5363;42;625673103;5363;203;6163;6194;9.21;0.56;254.81;4.41;800;42;2133.00;31
5366;42;625673115;5366;197;6164;6194;9.15;0.56;254.80;4.41;798;42;2134.00;30
5368;42;625673127;5368;191;6165;6194;9.09;0.55;254.79;4.41;797;42;2135.00;29
5371;42;625673139;5371;185;6169;6198;8.99;0.55;254.73;4.41;798;42;2136.00;29
5373;42;625673151;5373;184;6169;6198;8.90;0.54;254.77;4.41;796;42;2137.00;29
5376;42;625673162;5376;187;6170;6198;8.82;0.54;254.80;4.41;794;42;2138.00;28
5377;42;625673173;5377;184;6171;6199;8.82;0.54;254.80;4.41;794;42;2139.00;28
5379;42;625673184;5379;183;6174;6203;8.74;0.53;254.80;4.40;795;42;2140.00;29
5382;42;625673196;5382;177;6174;6203;8.68;0.53;254.78;4.40;792;42;2141.00;29
5387;42;625673206;5387;175;6176;6206;8.66;0.53;254.89;4.40;789;42;2142.00;30
5395;42;625673218;5395;174;6176;6206;8.58;0.52;254.83;4.40;781;42;2143.00;30
5398;42;625673234;5398;169;6177;6206;8.67;0.53;254.81;4.40;779;42;2144.00;29
5401;42;625673245;5401;167;6179;6206;8.69;0.53;254.79;4.42;778;42;2145.00;27
5405;43;625673256;5405;163;6182;6210;8.75;0.53;254.82;4.42;777;43;2146.00;28
5406;43;625673281;5406;166;6182;6210;8.79;0.53;254.81;4.42;776;43;2147.00;28
5409;43;625673291;5409;167;6183;6210;8.85;0.54;254.84;4.42;774;43;2148.00;27
5412;43;625673302;5412;164;6184;6210;8.80;0.54;254.92;4.48;772;43;2149.00;26
5415;43;625673318;5415;162;6184;6211;8.76;0.53;254.85;4.48;769;43;2150.00;27
5418;44;625673329;5418;163;6186;6212;8.71;0.53;254.89;4.52;768;44;2151.00;26
5419;44;625673351;5419;158;6186;6212;8.68;0.53;254.85;4.52;767;44;2152.00;26
5420;44;625673362;5420;169;6187;6213;8.64;0.53;254.81;4.52;767;44;2153.00;26
5422;44;625673372;5422;165;6187;6213;8.58;0.52;254.84;4.52;765;44;2154.00;26
5424;44;625673389;5424;169;6188;6213;8.58;0.52;254.87;4.56;764;44;2155.00;25
5426;44;625673399;5426;170;6188;6213;8.54;0.52;254.82;4.56;762;44;2156.00;25
5431;44;625673410;5431;176;6188;6213;8.47;0.52;254.85;4.56;757;44;2157.00;25
5435;44;625673419;5435;175;6188;6213;8.44;0.51;254.84;4.56;753;44;2158.00;25
5437;44;625673430;5437;177;6188;6213;8.45;0.51;254.85;4.56;751;44;2159.00;25
5440;44;625673440;5440;212;6285;6443;8.60;0.54;254.81;4.49;845;44;2160.00;158
5442;44;625673469;5442;207;6289;6444;8.57;0.53;254.77;4.49;847;44;2161.00;155
5445;44;625673480;5445;203;6300;6444;8.66;0.54;254.73;4.49;855;44;2162.00;144
5449;44;625673491;5449;200;6307;6444;8.61;0.53;254.64;4.50;858;44;2163.00;137
5451;44;625673502;5451;198;6314;6444;8.57;0.53;254.69;4.50;863;44;2164.00;130
5453;44;625673513;5453;197;6320;6444;8.57;0.53;254.74;4.50;867;44;2165.00;124
5453;44;625673523;5453;201;6327;6444;8.59;0.53;254.74;4.50;874;44;2166.00;117
5454;44;625673533;5454;203;6331;6444;8.60;0.53;254.70;4.50;877;44;2167.00;113
5457;44;625673543;5457;213;6337;6445;8.66;0.54;254.63;4.50;880;44;2168.00;108
5460;44;625673560;5460;220;6342;6446;8.73;0.54;254.54;4.51;882;44;2169.00;104
5462;44;625673571;5462;225;6346;6446;8.77;0.54;254.51;4.52;884;44;2170.00;100
5462;44;625673582;5462;228;6350;6447;8.82;0.55;254.51;4.53;888;44;2171.00;97
5463;44;625673593;5463;232;6355;6447;8.85;0.55;254.51;4.55;892;44;2172.00;92
5464;44;625673605;5464;233;6358;6447;8.81;0.54;254.50;4.56;894;44;2173.00;89
5467;44;625673618;5467;241;6360;6447;8.76;0.54;254.40;4.56;893;44;2174.00;87
5467;44;625673633;5467;240;6367;6451;8.75;0.54;254.40;4.58;900;44;2175.00;84
5468;44;625673663;5468;245;6369;6451;8.65;0.53;254.39;4.59;901;44;2176.00;82
5469;44;625673681;5469;248;6374;6451;8.54;0.53;254.36;4.60;905;44;2177.00;77
5471;44;625673698;5471;254;6376;6454;8.47;0.52;254.37;4.61;905;44;2178.00;78
5474;44;625673715;5474;260;6379;6454;8.34;0.51;254.37;4.61;905;44;2179.00;75
5475;44;625673740;5475;271;6386;6454;8.25;0.51;254.34;4.66;911;44;2180.00;68
5476;44;625673752;5476;277;6390;6458;8.16;0.50;254.30;4.66;914;44;2181.00;68
5478;44;625673764;5478;286;6393;6459;8.06;0.50;254.22;4.67;915;44;2182.00;66
5480;44;625673776;5480;297;6400;6459;7.96;0.49;254.17;4.70;920;44;2183.00;59
5482;44;625673788;5482;304;6403;6463;7.94;0.49;254.14;4.70;921;44;2184.00;60
5483;44;625673800;5483;315;6408;6463;7.80;0.48;254.11;4.72;925;44;2185.00;55
5484;44;625673812;5484;324;6410;6463;7.69;0.47;254.10;4.72;926;44;2186.00;53
5486;44;625673824;5486;332;6413;6464;7.56;0.46;254.25;4.73;927;44;2187.00;51
5490;44;625673836;5490;341;6415;6464;7.37;0.45;254.20;4.74;925;44;2188.00;49
5491;44;625673848;5491;342;6420;6470;7.32;0.45;254.21;4.75;929;44;2189.00;50
5495;44;625673860;5495;348;6422;6470;7.19;0.44;254.11;4.75;927;44;2190.00;48
5498;44;625673871;5498;350;6425;6471;7.06;0.43;254.04;4.77;927;44;2191.00;46
5501;44;625673882;5501;361;6427;6471;6.99;0.43;254.05;4.77;926;44;2192.00;44
5502;44;625673894;5502;367;6430;6471;6.91;0.42;254.03;4.78;928;44;2193.00;41
5503;44;625673904;5503;370;6431;6471;6.87;0.42;253.99;4.78;928;44;2194.00;40
5504;44;625673921;5504;365;6434;6471;6.80;0.42;253.98;4.80;930;44;2195.00;37
5506;44;625673932;5506;362;6446;6483;6.84;0.42;253.92;4.79;940;44;2196.00;37
5507;44;625673946;5507;364;6447;6483;6.84;0.42;253.88;4.80;940;44;2197.00;36
5507;44;625673958;5507;358;6449;6483;6.89;0.42;253.88;4.80;942;44;2198.00;34
5508;44;625673969;5508;358;6449;6483;6.89;0.42;253.88;4.80;941;44;2199.00;34
5508;44;625673988;5508;354;6451;6483;6.89;0.42;253.88;4.81;943;44;2200.00;32
5512;44;625674004;5512;356;6451;6483;6.78;0.41;253.78;4.81;939;44;2201.00;32
5513;44;625674016;5513;353;6457;6487;6.78;0.41;253.78;4.83;944;44;2202.00;30
5514;44;625674027;5514;350;6457;6487;6.74;0.41;253.74;4.83;943;44;2203.00;30
5518;45;625674039;5518;345;6463;6491;6.67;0.41;253.68;4.83;945;45;2204.00;28
5522;45;625674070;5522;349;6466;6493;6.62;0.40;253.71;4.83;944;45;2205.00;27
5523;45;625674081;5523;357;6466;6493;6.54;0.40;253.70;4.83;943;45;2206.00;27
5526;45;625674092;5526;362;6466;6493;6.47;0.40;253.72;4.83;940;45;2207.00;27
5530;46;625674103;5530;364;6478;6506;6.38;0.39;253.71;4.83;948;46;2208.00;28
5530;46;625674133;5530;364;6478;6506;6.38;0.39;253.71;4.83;948;46;2209.00;28
5532;46;625674144;5532;354;6479;6508;6.38;0.39;253.77;4.83;947;46;2210.00;29
5535;46;625674157;5535;351;6481;6509;6.40;0.39;253.84;4.83;946;46;2211.00;28
5537;46;625674168;5537;346;6484;6510;6.42;0.39;253.84;4.83;947;46;2212.00;26
5538;47;625674180;5538;340;6485;6510;6.42;0.39;253.88;4.83;947;47;2213.00;25
5539;47;625674209;5539;337;6487;6513;6.50;0.40;253.90;4.82;948;47;2214.00;26
5542;47;625674221;5542;334;6487;6513;6.60;0.41;253.97;4.82;945;47;2215.00;26
5546;47;625674238;5546;338;6488;6513;6.65;0.41;254.02;4.83;942;47;2216.00;25
5547;47;625674259;5547;336;6488;6513;6.71;0.41;254.05;4.83;941;47;2217.00;25
5549;47;625674270;5549;325;6491;6519;6.83;0.42;254.12;4.82;942;47;2218.00;28
5553;47;625674282;5553;319;6491;6519;6.88;0.42;254.32;4.82;938;47;2219.00;28
5555;47;625674297;5555;312;6492;6519;6.97;0.43;254.39;4.82;937;47;2220.00;27
5559;47;625674309;5559;301;6493;6519;7.02;0.43;254.42;4.82;934;47;2221.00;26
5563;47;625674321;5563;291;6498;6523;7.07;0.43;254.56;4.87;935;47;2222.00;25
5570;47;625674335;5570;285;6500;6524;7.08;0.43;254.63;4.87;930;47;2223.00;24
5573;47;625674349;5573;268;6500;6524;7.20;0.44;254.59;4.87;927;47;2224.00;24
5579;47;625674362;5579;261;6501;6525;7.33;0.45;254.71;4.87;922;47;2225.00;24
5583;47;625674374;5583;264;6501;6525;7.40;0.45;254.64;4.87;918;47;2226.00;24
5587;47;625674388;5587;268;6501;6525;7.45;0.45;254.78;4.87;914;47;2227.00;24
5591;47;625674401;5591;268;6501;6525;7.48;0.46;254.85;4.87;910;47;2228.00;24
5595;47;625674418;5595;269;6501;6525;7.50;0.46;254.84;4.87;906;47;2229.00;24
5598;47;625674433;5598;264;6501;6525;7.54;0.46;255.02;4.87;903;47;2230.00;24
5604;47;625674453;5604;271;6501;6525;7.54;0.46;255.10;4.87;897;47;2231.00;24
5609;47;625674471;5609;274;6539;6595;7.59;0.47;255.09;4.84;930;47;2232.00;56
5612;47;625674505;5612;264;6541;6596;7.61;0.47;255.13;4.84;929;47;2233.00;55
5615;47;625674523;5615;266;6550;6596;7.67;0.47;255.23;4.83;935;47;2234.00;46
5618;47;625674540;5618;263;6551;6596;7.70;0.47;255.21;4.83;933;47;2235.00;45
5623;47;625674555;5623;265;6554;6596;7.72;0.47;255.37;4.83;931;47;2236.00;42
5629;47;625674570;5629;268;6557;6596;7.76;0.48;255.36;4.83;928;47;2237.00;39
5635;47;625674584;5635;271;6559;6596;7.79;0.48;255.37;4.83;924;47;2238.00;37
5638;47;625674600;5638;280;6563;6596;7.84;0.48;255.45;4.83;925;47;2239.00;33
5644;47;625674614;5644;284;6563;6597;7.86;0.48;255.48;4.83;919;47;2240.00;34
5646;47;625674629;5646;287;6567;6598;7.96;0.49;255.55;4.84;921;47;2241.00;31
5651;47;625674643;5651;286;6568;6598;8.05;0.49;255.65;4.84;917;47;2242.00;30
5656;47;625674657;5656;289;6572;6602;8.07;0.49;255.75;4.83;916;47;2243.00;30
5660;47;625674673;5660;291;6572;6602;8.11;0.50;255.77;4.83;912;47;2244.00;30
5667;47;625674687;5667;290;6572;6602;8.11;0.50;255.89;4.83;905;47;2245.00;30
5672;47;625674701;5672;283;6572;6602;8.08;0.49;255.94;4.83;900;47;2246.00;30
5675;47;625674714;5675;280;6576;6608;8.10;0.50;256.03;4.83;901;47;2247.00;32
5678;47;625674728;5678;283;6578;6608;8.12;0.50;256.14;4.88;900;47;2248.00;30
5680;47;625674740;5680;281;6578;6608;8.19;0.50;256.18;4.88;898;47;2249.00;30
5685;47;625674756;5685;285;6581;6614;8.23;0.50;256.20;4.88;896;47;2250.00;33
5686;47;625674770;5686;290;6581;6614;8.24;0.50;256.24;4.88;895;47;2251.00;33
5693;47;625674783;5693;289;6582;6614;8.22;0.50;256.25;4.88;889;47;2252.00;32
5697;47;625674796;5697;290;6583;6615;8.20;0.50;256.37;4.88;886;47;2253.00;32
5701;47;625674809;5701;301;6585;6616;8.15;0.50;256.34;4.88;884;47;2254.00;31
5703;47;625674829;5703;306;6585;6616;8.17;0.50;256.30;4.88;882;47;2255.00;31
5707;47;625674842;5707;314;6596;6629;8.21;0.50;256.43;4.87;889;47;2256.00;33
5710;47;625674856;5710;301;6596;6629;8.20;0.50;256.48;4.87;886;47;2257.00;33
5713;47;625674870;5713;298;6596;6629;8.20;0.50;256.48;4.87;883;47;2258.00;33
5718;47;625674890;5718;293;6597;6630;8.21;0.50;256.58;4.87;879;47;2259.00;33
5722;47;625674903;5722;294;6597;6630;8.24;0.50;256.53;4.87;875;47;2260.00;33
5725;47;625674918;5725;290;6600;6634;8.23;0.50;256.71;4.87;875;47;2261.00;34
5729;47;625674932;5729;290;6600;6634;8.20;0.50;256.91;4.87;871;47;2262.00;34
5731;47;625674946;5731;288;6604;6638;8.26;0.50;256.87;4.86;873;47;2263.00;34
5737;47;625674960;5737;286;6604;6638;8.23;0.50;257.07;4.86;867;47;2264.00;34
5743;47;625674979;5743;295;6604;6638;8.19;0.50;257.11;4.86;861;47;2265.00;34
5744;47;625674993;5744;280;6605;6638;8.17;0.50;257.11;4.91;861;47;2266.00;33
5749;47;625675011;5749;266;6605;6638;8.12;0.50;257.23;4.91;856;47;2267.00;33
5749;47;625675025;5749;257;6615;6650;8.21;0.50;257.23;4.90;866;47;2268.00;35
5752;47;625675039;5752;253;6616;6650;8.29;0.51;257.26;4.90;864;47;2269.00;34
5756;47;625675053;5756;249;6616;6650;8.33;0.51;257.24;4.90;860;47;2270.00;34
5758;47;625675067;5758;251;6616;6650;8.39;0.51;257.23;4.90;858;47;2271.00;34
5760;47;625675081;5760;242;6616;6650;8.46;0.52;257.30;4.90;856;47;2272.00;34
5765;47;625675095;5765;242;6616;6650;8.49;0.52;257.28;4.90;851;47;2273.00;34
5766;48;625675108;5766;240;6616;6651;8.55;0.52;257.35;4.90;850;48;2274.00;35
5770;48;625675128;5770;245;6616;6651;8.55;0.52;257.39;4.90;846;48;2275.00;35
5773;49;625675142;5773;244;6620;6657;8.54;0.52;257.48;4.90;847;49;2276.00;37
5778;49;625675166;5778;241;6621;6658;8.55;0.52;257.52;4.90;843;49;2277.00;37
5783;49;625675181;5783;238;6622;6658;8.68;0.53;257.61;4.90;839;49;2278.00;36
5788;49;625675195;5788;233;6622;6658;8.69;0.53;257.59;4.90;834;49;2279.00;36
5792;49;625675210;5792;229;6626;6663;8.71;0.53;257.72;4.90;834;49;2280.00;37
5793;50;625675223;5793;224;6626;6663;8.79;0.53;257.80;4.90;833;50;2281.00;37
5795;50;625675253;5795;215;6626;6663;8.91;0.54;257.88;4.90;831;50;2282.00;37
5800;50;625675270;5800;215;6627;6664;8.96;0.55;258.01;4.90;827;50;2283.00;37
5800;50;625675284;5800;214;6630;6668;8.96;0.55;258.01;4.89;830;50;2284.00;38
5804;50;625675297;5804;212;6630;6668;8.94;0.55;258.18;4.89;826;50;2285.00;38
5806;50;625675309;5806;209;6632;6671;8.98;0.55;258.21;4.89;826;50;2286.00;39
5807;50;625675323;5807;207;6633;6671;8.95;0.55;258.20;4.89;826;50;2287.00;38
5812;50;625675337;5812;209;6633;6671;8.92;0.54;258.23;4.89;821;50;2288.00;38
5814;50;625675351;5814;201;6633;6671;8.91;0.54;258.28;4.89;819;50;2289.00;38
5816;50;625675366;5816;199;6636;6675;8.93;0.54;258.27;4.89;820;50;2290.00;39
5819;50;625675378;5819;198;6637;6675;8.86;0.54;258.36;4.94;818;50;2291.00;38
5820;50;625675397;5820;195;6638;6675;8.87;0.54;258.34;4.94;818;50;2292.00;37
5821;50;625675408;5821;194;6638;6675;8.87;0.54;258.32;4.94;817;50;2293.00;37
5822;50;625675421;5822;196;6638;6676;8.86;0.54;258.33;4.94;816;50;2294.00;38
5824;50;625675433;5824;197;6640;6678;8.84;0.54;258.31;4.94;816;50;2295.00;38
5826;50;625675446;5826;200;6640;6678;8.77;0.53;258.27;4.94;814;50;2296.00;38
5828;50;625675457;5828;203;6641;6679;8.69;0.53;258.29;4.93;813;50;2297.00;38
5831;50;625675468;5831;210;6641;6679;8.57;0.52;258.27;4.93;810;50;2298.00;38
5833;50;625675480;5833;205;6641;6679;8.50;0.52;258.30;4.93;808;50;2299.00;38
5836;50;625675492;5836;203;6641;6679;8.45;0.51;258.31;4.93;805;50;2300.00;38
5841;50;625675507;5841;203;6641;6679;8.38;0.51;258.30;4.93;800;50;2301.00;38
5841;50;625675519;5841;202;6641;6679;8.41;0.51;258.30;4.93;800;50;2302.00;38
5843;50;625675530;5843;201;6641;6679;8.42;0.51;258.34;4.93;798;50;2303.00;38
5846;50;625675552;5846;227;6711;6806;8.25;0.51;258.37;4.88;865;50;2304.00;95
5846;50;625675575;5846;215;6712;6807;8.19;0.50;258.37;4.93;866;50;2305.00;95
5850;50;625675590;5850;205;6719;6807;8.24;0.51;258.35;4.93;869;50;2306.00;88
5851;50;625675603;5851;195;6721;6807;8.22;0.51;258.34;4.93;870;50;2307.00;86
5851;50;625675614;5851;192;6727;6807;8.25;0.51;258.34;4.97;876;50;2308.00;80
5852;50;625675626;5852;194;6731;6807;8.31;0.51;258.33;4.97;879;50;2309.00;76
5856;50;625675641;5856;190;6737;6807;8.32;0.51;258.32;4.97;881;50;2310.00;70
5858;51;625675654;5858;188;6741;6807;8.26;0.51;258.31;5.01;883;51;2311.00;66
5860;51;625675679;5860;191;6743;6808;8.26;0.51;258.28;5.02;883;51;2312.00;65
5863;51;625675691;5863;188;6748;6809;8.21;0.50;258.33;5.05;885;51;2313.00;61
5864;51;625675702;5864;185;6753;6809;8.19;0.50;258.32;5.07;889;51;2314.00;56
5868;52;625675714;5868;190;6756;6810;8.07;0.49;258.31;5.08;888;52;2315.00;54
5872;52;625675736;5872;191;6760;6810;8.00;0.49;258.34;5.10;888;52;2316.00;50
5876;52;625675748;5876;193;6760;6810;7.85;0.48;258.28;5.10;884;52;2317.00;50
5881;52;625675764;5881;193;6762;6810;7.74;0.47;258.26;5.11;881;52;2318.00;48
5884;52;625675774;5884;198;6765;6814;7.72;0.47;258.24;5.11;881;52;2319.00;49
5886;52;625675786;5886;204;6768;6814;7.67;0.47;258.21;5.14;882;52;2320.00;46
5887;52;625675797;5887;203;6769;6814;7.67;0.47;258.19;5.15;882;52;2321.00;45
5891;52;625675808;5891;206;6772;6817;7.69;0.47;258.13;5.15;881;52;2322.00;45
5893;52;625675819;5893;207;6773;6817;7.72;0.47;258.07;5.15;880;52;2323.00;44
5893;52;625675830;5893;214;6774;6817;7.68;0.47;258.07;5.15;881;52;2324.00;43
5896;52;625675840;5896;212;6777;6821;7.57;0.46;258.00;5.15;881;52;2325.00;44
5897;52;625675851;5897;215;6779;6822;7.56;0.46;257.98;5.15;882;52;2326.00;43
5897;52;625675862;5897;217;6780;6822;7.57;0.46;257.98;5.15;883;52;2327.00;42
5899;52;625675872;5899;220;6783;6826;7.59;0.46;257.92;5.15;884;52;2328.00;43
5903;52;625675883;5903;226;6784;6826;7.55;0.46;257.86;5.15;881;52;2329.00;42
5904;52;625675894;5904;224;6784;6826;7.55;0.46;257.82;5.15;880;52;2330.00;42
5906;52;625675905;5906;225;6785;6827;7.48;0.46;257.74;5.15;879;52;2331.00;42
5907;52;625675915;5907;227;6785;6827;7.45;0.45;257.75;5.15;878;52;2332.00;42
5908;52;625675926;5908;234;6789;6833;7.46;0.45;257.84;5.14;881;52;2333.00;44
5911;52;625675938;5911;237;6789;6833;7.39;0.45;257.77;5.14;878;52;2334.00;44
5912;52;625675949;5912;245;6790;6834;7.37;0.45;257.76;5.14;878;52;2335.00;44
5913;52;625675960;5913;254;6791;6834;7.36;0.45;257.72;5.15;878;52;2336.00;43
5916;52;625675970;5916;261;6791;6834;7.38;0.45;257.69;5.15;875;52;2337.00;43
5918;52;625675981;5918;265;6791;6834;7.36;0.45;257.73;5.15;873;52;2338.00;43
5919;52;625675993;5919;269;6792;6834;7.38;0.45;257.72;5.17;873;52;2339.00;42
5922;52;625676005;5922;280;6814;6870;7.42;0.45;257.65;5.17;892;52;2340.00;56
5922;52;625676019;5922;282;6815;6870;7.39;0.45;257.65;5.16;893;52;2341.00;55
5925;52;625676030;5925;288;6819;6870;7.39;0.45;257.64;5.19;894;52;2342.00;51
5926;52;625676040;5926;295;6822;6870;7.36;0.45;257.62;5.19;896;52;2343.00;48
5926;52;625676051;5926;296;6823;6870;7.34;0.45;257.62;5.19;897;52;2344.00;47
5926;52;625676062;5926;300;6825;6870;7.26;0.44;257.62;5.19;899;52;2345.00;45
5928;52;625676072;5928;303;6830;6874;7.17;0.44;257.59;5.21;902;52;2346.00;44
5929;52;625676082;5929;292;6830;6874;7.14;0.44;257.58;5.21;901;52;2347.00;44
5931;52;625676093;5931;286;6835;6878;7.09;0.43;257.56;5.22;904;52;2348.00;43
5931;52;625676104;5931;285;6837;6879;7.08;0.43;257.56;5.22;906;52;2349.00;42
5932;52;625676114;5932;279;6839;6879;7.02;0.43;257.57;5.23;907;52;2350.00;40
5933;52;625676125;5933;276;6840;6879;6.98;0.43;257.56;5.24;907;52;2351.00;39
5935;52;625676135;5935;274;6852;6892;6.96;0.43;257.49;5.24;917;52;2352.00;40
5937;52;625676146;5937;277;6852;6892;6.93;0.43;257.46;5.24;915;52;2353.00;40
5939;52;625676157;5939;279;6855;6892;6.99;0.43;257.43;5.28;916;52;2354.00;37
5940;52;625676168;5940;279;6856;6893;7.04;0.43;257.41;5.28;916;52;2355.00;37
5942;52;625676178;5942;280;6857;6894;7.08;0.43;257.42;5.28;915;52;2356.00;37
5943;52;625676196;5943;286;6858;6894;7.07;0.43;257.39;5.29;915;52;2357.00;36
5946;52;625676207;5946;290;6861;6897;7.11;0.44;257.32;5.29;915;52;2358.00;36
5947;52;625676219;5947;290;6862;6897;7.14;0.44;257.34;5.29;915;52;2359.00;35
5948;52;625676230;5948;293;6863;6897;7.16;0.44;257.31;5.30;915;52;2360.00;34
5949;52;625676240;5949;291;6864;6897;7.17;0.44;257.30;5.30;915;52;2361.00;33
5950;52;625676250;5950;288;6869;6903;7.17;0.44;257.32;5.31;919;52;2362.00;34
5951;52;625676266;5951;289;6871;6903;7.21;0.44;257.30;5.31;920;52;2363.00;32
5953;52;625676277;5953;293;6873;6903;7.20;0.44;257.26;5.31;920;52;2364.00;30
5953;52;625676287;5953;292;6873;6903;7.22;0.44;257.26;5.31;920;52;2365.00;30
5955;52;625676297;5955;288;6877;6907;7.24;0.44;257.22;5.32;922;52;2366.00;30
5955;52;625676308;5955;288;6878;6908;7.33;0.45;257.22;5.32;923;52;2367.00;30
5957;52;625676319;5957;290;6878;6908;7.34;0.45;257.17;5.32;921;52;2368.00;30
5959;52;625676329;5959;291;6882;6909;7.34;0.45;257.12;5.34;923;52;2369.00;27
5961;52;625676346;5961;295;6882;6909;7.30;0.45;257.10;5.34;921;52;2370.00;27
5964;52;625676357;5964;293;6882;6909;7.30;0.45;257.13;5.34;918;52;2371.00;27
5967;52;625676368;5967;296;6883;6909;7.29;0.45;257.15;5.35;916;52;2372.00;26
5971;52;625676377;5971;295;6883;6909;7.32;0.45;257.11;5.35;912;52;2373.00;26
5972;52;625676387;5972;293;6886;6909;7.29;0.45;257.11;5.36;914;52;2374.00;23
5975;52;625676397;5975;297;6886;6909;7.23;0.44;257.16;5.36;911;52;2375.00;23
5979;52;625676407;5979;308;6923;6979;7.31;0.45;257.19;5.34;944;52;2376.00;56
5985;52;625676430;5985;304;6924;6980;7.25;0.44;257.21;5.34;939;52;2377.00;56
5993;52;625676448;5993;307;6934;6980;7.24;0.44;257.31;5.34;941;52;2378.00;46
5996;52;625676465;5996;306;6937;6980;7.24;0.44;257.33;5.33;941;52;2379.00;43
5998;52;625676482;5998;297;6944;6980;7.28;0.45;257.39;5.34;946;52;2380.00;36
6002;52;625676508;6002;295;6946;6980;7.28;0.45;257.46;5.34;944;52;2381.00;34
6006;52;625676525;6006;289;6953;6980;7.20;0.44;257.55;5.34;947;52;2382.00;27
6011;52;625676544;6011;288;6955;6980;7.16;0.44;257.59;5.34;944;52;2383.00;25
6015;52;625676557;6015;291;6957;6981;7.08;0.43;257.58;5.34;942;52;2384.00;24
6018;52;625676570;6018;290;6961;6983;7.07;0.44;257.65;5.34;943;52;2385.00;22
6022;52;625676584;6022;297;6962;6983;7.00;0.43;257.76;5.34;940;52;2386.00;21
6025;52;625676601;6025;301;6965;6987;6.99;0.43;257.80;5.34;940;52;2387.00;22
6027;52;625676614;6027;303;6967;6987;7.01;0.43;257.86;5.34;940;52;2388.00;20
6031;52;625676626;6031;304;6967;6987;7.09;0.44;258.01;5.34;936;52;2389.00;20
6036;52;625676638;6036;303;6967;6987;7.16;0.44;257.99;5.34;931;52;2390.00;20
6039;52;625676652;6039;307;6972;6993;7.21;0.44;258.11;5.34;933;52;2391.00;21
6044;52;625676665;6044;304;6972;6993;7.23;0.44;258.25;5.34;928;52;2392.00;21
6049;52;625676677;6049;306;6973;6993;7.23;0.44;258.23;5.34;924;52;2393.00;20
6055;52;625676690;6055;304;6975;6996;7.29;0.45;258.28;5.34;920;52;2394.00;21
6058;52;625676703;6058;306;6976;6996;7.43;0.45;258.34;5.33;918;52;2395.00;20
6064;52;625676715;6064;299;6976;6996;7.48;0.46;258.44;5.33;912;52;2396.00;20
6070;52;625676728;6070;292;6977;6997;7.52;0.46;258.46;5.33;907;52;2397.00;20
6074;52;625676740;6074;288;6978;6998;7.48;0.45;258.51;5.33;904;52;2398.00;20
6080;52;625676753;6080;285;6978;6998;7.43;0.45;258.57;5.33;898;52;2399.00;20
6083;52;625676768;6083;285;7002;7057;7.52;0.46;258.62;5.32;919;52;2400.00;55
6089;52;625676792;6089;279;7004;7057;7.56;0.46;258.70;5.35;915;52;2401.00;53
6090;52;625676805;6090;278;7007;7057;7.62;0.46;258.75;5.35;917;52;2402.00;50
6094;52;625676817;6094;273;7008;7058;7.68;0.46;258.74;5.35;914;52;2403.00;50
6097;53;625676830;6097;279;7010;7058;7.65;0.46;258.90;5.35;913;53;2404.00;48
6101;53;625676851;6101;282;7013;7062;7.66;0.46;258.95;5.34;912;53;2405.00;49
6104;53;625676877;6104;286;7014;7062;7.65;0.46;259.02;5.34;910;53;2406.00;48
6107;53;625676891;6107;285;7017;7066;7.72;0.47;259.13;5.34;910;53;2407.00;49
6110;53;625676903;6110;290;7019;7066;7.72;0.47;259.17;5.34;909;53;2408.00;47
6112;53;625676916;6112;290;7019;7066;7.76;0.47;259.25;5.34;907;53;2409.00;47
6117;53;625676929;6117;296;7020;7066;7.72;0.47;259.31;5.34;903;53;2410.00;46
6120;53;625676942;6120;297;7021;7066;7.73;0.47;259.32;5.34;901;53;2411.00;45
6124;53;625676957;6124;298;7029;7078;7.79;0.47;259.35;5.34;905;53;2412.00;49
6126;53;625676971;6126;309;7030;7078;7.81;0.48;259.41;5.34;904;53;2413.00;48
6130;53;625676984;6130;312;7031;7078;7.79;0.47;259.50;5.34;901;53;2414.00;47
6134;53;625676997;6134;316;7033;7078;7.75;0.47;259.60;5.38;899;53;2415.00;45
6138;53;625677010;6138;317;7033;7078;7.76;0.47;259.70;5.38;895;53;2416.00;45
6141;53;625677023;6141;322;7033;7078;7.76;0.47;259.74;5.38;892;53;2417.00;45
6144;53;625677035;6144;326;7033;7079;7.74;0.47;259.75;5.38;889;53;2418.00;46
6148;53;625677048;6148;332;7035;7079;7.66;0.47;259.84;5.38;887;53;2419.00;44
6153;53;625677060;6153;334;7039;7085;7.64;0.46;259.82;5.38;886;53;2420.00;46
6159;53;625677074;6159;333;7041;7086;7.54;0.46;259.90;5.38;882;53;2421.00;45
6162;53;625677088;6162;326;7041;7086;7.53;0.46;259.94;5.38;879;53;2422.00;45
6165;53;625677100;6165;326;7041;7086;7.45;0.45;259.98;5.38;876;53;2423.00;45
6167;53;625677112;6167;331;7043;7090;7.38;0.45;260.04;5.38;876;53;2424.00;47
6171;53;625677124;6171;335;7043;7090;7.29;0.44;260.19;5.38;872;53;2425.00;47
6175;53;625677135;6175;342;7044;7090;7.20;0.44;260.33;5.38;869;53;2426.00;46
6178;53;625677147;6178;329;7047;7091;7.08;0.43;260.41;5.42;869;53;2427.00;44
6182;53;625677160;6182;314;7050;7095;7.00;0.43;260.51;5.42;868;53;2428.00;45
6184;53;625677172;6184;311;7052;7095;7.01;0.43;260.51;5.43;868;53;2429.00;43
6187;53;625677186;6187;315;7056;7101;7.04;0.43;260.59;5.43;869;53;2430.00;45
6190;53;625677199;6190;320;7057;7101;7.10;0.43;260.72;5.43;867;53;2431.00;44
6192;53;625677211;6192;316;7058;7101;7.16;0.44;260.79;5.43;866;53;2432.00;43
6194;53;625677225;6194;312;7058;7101;7.18;0.44;260.85;5.43;864;53;2433.00;43
6197;53;625677244;6197;311;7061;7105;7.21;0.44;260.86;5.43;864;53;2434.00;44
6200;53;625677258;6200;310;7062;7105;7.24;0.44;260.99;5.43;862;53;2435.00;43
6204;53;625677278;6204;292;7063;7105;7.31;0.44;261.00;5.43;859;53;2436.00;42
6206;53;625677291;6206;276;7063;7105;7.38;0.45;261.03;5.43;857;53;2437.00;42
6209;53;625677304;6209;268;7065;7106;7.46;0.45;261.06;5.44;856;53;2438.00;41
6212;53;625677323;6212;263;7066;7107;7.51;0.46;261.15;5.44;854;53;2439.00;41
6214;53;625677336;6214;249;7067;7107;7.60;0.46;261.14;5.44;853;53;2440.00;40
6216;53;625677350;6216;232;7069;7108;7.71;0.47;261.18;5.43;853;53;2441.00;39
6218;53;625677370;6218;228;7069;7108;7.81;0.48;261.19;5.43;851;53;2442.00;39
6222;53;625677391;6222;231;7070;7108;7.91;0.48;261.22;5.44;848;53;2443.00;38
6223;53;625677403;6223;224;7071;7108;8.07;0.49;261.27;5.48;848;53;2444.00;37
6227;53;625677416;6227;220;7071;7108;8.14;0.49;261.36;5.48;844;53;2445.00;37
6229;54;625677428;6229;227;7071;7108;8.20;0.50;261.37;5.48;842;54;2446.00;37
6231;54;625677453;6231;210;7071;7108;8.32;0.51;261.34;5.48;840;54;2447.00;37
6233;54;625677466;6233;218;7132;7235;8.56;0.53;261.34;5.43;899;54;2448.00;103
6235;54;625677489;6235;209;7138;7236;8.60;0.53;261.40;5.44;903;54;2449.00;98
6238;54;625677502;6238;199;7145;7236;8.71;0.54;261.42;5.44;907;54;2450.00;91
6238;54;625677515;6238;197;7148;7236;8.79;0.54;261.42;5.48;910;54;2451.00;88
6242;55;625677527;6242;192;7154;7236;8.83;0.54;261.45;5.47;912;55;2452.00;82
6243;55;625677546;6243;189;7156;7236;8.93;0.55;261.50;5.47;913;55;2453.00;80
6248;55;625677558;6248;192;7159;7236;8.99;0.55;261.59;5.47;911;55;2454.00;77
6250;55;625677574;6250;199;7162;7236;9.06;0.56;261.65;5.48;912;55;2455.00;74
6252;55;625677586;6252;195;7164;7237;9.12;0.56;261.65;5.48;912;55;2456.00;73
6254;55;625677599;6254;199;7166;7238;9.12;0.56;261.76;5.48;912;55;2457.00;72
6259;55;625677611;6259;204;7169;7238;9.08;0.56;261.76;5.53;910;55;2458.00;69
6261;55;625677625;6261;216;7171;7239;9.05;0.56;261.73;5.53;910;55;2459.00;68
6265;55;625677643;6265;220;7174;7239;8.99;0.55;261.85;5.53;909;55;2460.00;65
6270;55;625677655;6270;227;7178;7239;8.88;0.55;261.93;5.58;908;55;2461.00;61
6272;55;625677673;6272;240;7180;7239;8.78;0.54;261.94;5.58;908;55;2462.00;59
6274;55;625677693;6274;245;7183;7243;8.71;0.53;262.02;5.58;909;55;2463.00;60
6277;55;625677711;6277;252;7186;7243;8.67;0.53;262.10;5.63;909;55;2464.00;57
6281;55;625677725;6281;257;7189;7243;8.59;0.53;262.18;5.63;908;55;2465.00;54
6283;55;625677739;6283;261;7191;7246;8.51;0.52;262.17;5.64;908;55;2466.00;55
6285;55;625677752;6285;270;7196;7246;8.43;0.52;262.17;5.65;911;55;2467.00;50
6288;55;625677763;6288;274;7198;7246;8.36;0.51;262.10;5.66;910;55;2468.00;48
6290;55;625677778;6290;277;7204;7250;8.31;0.51;262.08;5.70;914;55;2469.00;46
6291;55;625677797;6291;277;7207;7251;8.24;0.50;262.05;5.70;916;55;2470.00;44
6293;55;625677815;6293;268;7209;7251;8.16;0.50;262.07;5.74;916;55;2471.00;42
6298;55;625677830;6298;273;7212;7255;8.04;0.49;262.08;5.74;914;55;2472.00;43
6302;55;625677841;6302;270;7212;7255;7.97;0.49;262.03;5.74;910;55;2473.00;43
6304;55;625677853;6304;269;7213;7255;7.89;0.48;261.98;5.78;909;55;2474.00;42
6305;55;625677864;6305;265;7215;7257;7.86;0.48;261.95;5.78;910;55;2475.00;42
6309;55;625677875;6309;264;7215;7257;7.79;0.48;261.85;5.78;906;55;2476.00;42
6312;55;625677887;6312;265;7219;7263;7.74;0.47;261.80;5.78;907;55;2477.00;44
6319;55;625677900;6319;271;7221;7263;7.65;0.47;261.78;5.82;902;55;2478.00;42
6321;55;625677916;6321;271;7222;7264;7.60;0.46;261.75;5.87;901;55;2479.00;42
6326;55;625677927;6326;260;7222;7264;7.51;0.46;261.71;5.87;896;55;2480.00;42
6327;55;625677939;6327;262;7223;7264;7.44;0.45;261.72;5.91;896;55;2481.00;41
6331;55;625677950;6331;254;7223;7264;7.33;0.45;261.73;5.91;892;55;2482.00;41
6333;55;625677961;6333;251;7224;7264;7.19;0.44;261.73;5.94;891;55;2483.00;40
6337;55;625677978;6337;249;7233;7276;7.06;0.43;261.69;5.94;896;55;2484.00;43
6340;55;625677989;6340;250;7236;7276;6.95;0.42;261.78;5.98;896;55;2485.00;40
6343;55;625678000;6343;247;7238;7276;6.93;0.42;261.80;5.98;895;55;2486.00;38
6345;55;625678010;6345;251;7239;7276;6.84;0.42;261.81;6.01;894;55;2487.00;37
6346;55;625678020;6346;249;7239;7276;6.85;0.42;261.77;6.01;893;55;2488.00;37
6348;55;625678029;6348;249;7239;7276;6.86;0.42;261.76;6.01;891;55;2489.00;37
6351;55;625678041;6351;251;7242;7280;6.78;0.41;261.70;6.00;891;55;2490.00;38
6352;55;625678051;6352;252;7242;7280;6.76;0.41;261.81;6.00;890;55;2491.00;38
6354;55;625678061;6354;248;7246;7284;6.70;0.41;261.78;6.04;892;55;2492.00;38
6354;55;625678072;6354;248;7249;7285;6.72;0.41;261.78;6.04;895;55;2493.00;36
6357;55;625678083;6357;249;7249;7285;6.72;0.41;261.71;6.04;892;55;2494.00;36
6357;55;625678093;6357;252;7250;7285;6.67;0.40;261.71;6.06;893;55;2495.00;35
6359;55;625678103;6359;252;7259;7298;6.70;0.41;261.69;6.05;900;55;2496.00;39
6361;55;625678114;6361;258;7260;7298;6.67;0.40;261.65;6.06;899;55;2497.00;38
6362;55;625678124;6362;259;7260;7298;6.69;0.41;261.63;6.06;898;55;2498.00;38
6365;55;625678134;6365;244;7261;7299;6.69;0.41;261.57;6.06;896;55;2499.00;38
6365;55;625678147;6365;239;7261;7300;6.77;0.41;261.57;6.06;896;55;2500.00;39
6367;55;625678161;6367;237;7261;7300;6.84;0.42;261.55;6.06;894;55;2501.00;39
6369;55;625678172;6369;231;7264;7303;6.94;0.42;261.50;6.07;895;55;2502.00;39
6370;55;625678189;6370;226;7265;7303;7.05;0.43;261.48;6.07;895;55;2503.00;38
6373;55;625678202;6373;221;7265;7303;7.11;0.43;261.45;6.07;892;55;2504.00;38
6374;55;625678215;6374;215;7266;7303;7.21;0.44;261.42;6.08;892;55;2505.00;37
6376;55;625678242;6376;210;7270;7309;7.33;0.44;261.43;6.08;894;55;2506.00;39
6376;56;625678258;6376;208;7272;7309;7.36;0.45;261.43;6.10;896;56;2507.00;37
6376;56;625678282;6376;207;7273;7309;7.41;0.45;261.43;6.10;897;56;2508.00;36
6377;56;625678293;6377;206;7274;7309;7.45;0.45;261.40;6.11;897;56;2509.00;35
6378;56;625678305;6378;207;7277;7313;7.52;0.46;261.41;6.11;899;56;2510.00;36
6378;56;625678317;6378;207;7280;7314;7.57;0.46;261.41;6.13;902;56;2511.00;34
6380;56;625678329;6380;207;7281;7314;7.59;0.46;261.36;6.14;901;56;2512.00;33
6381;56;625678340;6381;210;7285;7315;7.63;0.46;261.35;6.17;904;56;2513.00;30
6382;56;625678353;6382;206;7286;7315;7.63;0.46;261.34;6.18;904;56;2514.00;29
6384;56;625678365;6384;214;7288;7315;7.66;0.46;261.33;6.19;904;56;2515.00;27
6384;56;625678377;6384;215;7289;7315;7.69;0.47;261.33;6.20;905;56;2516.00;26
6385;56;625678389;6385;220;7289;7315;7.76;0.47;261.32;6.20;904;56;2517.00;26
6386;56;625678400;6386;219;7290;7315;7.75;0.47;261.32;6.21;904;56;2518.00;25
6387;56;625678419;6387;222;7292;7315;7.78;0.47;261.29;6.23;905;56;2519.00;23
6391;56;625678439;6391;229;7345;7440;7.92;0.49;261.20;6.20;954;56;2520.00;95
6393;56;625678473;6393;226;7349;7441;7.89;0.48;261.17;6.22;956;56;2521.00;92
6393;56;625678489;6393;222;7361;7441;7.89;0.48;261.17;6.21;968;56;2522.00;80
6395;56;625678505;6395;219;7372;7441;7.87;0.48;261.21;6.22;977;56;2523.00;69
6398;56;625678523;6398;225;7379;7441;7.86;0.48;261.24;6.23;981;56;2524.00;62
6399;56;625678538;6399;230;7384;7441;7.83;0.48;261.25;6.23;985;56;2525.00;57
6402;56;625678551;6402;232;7390;7441;7.71;0.47;261.28;6.23;988;56;2526.00;51
6407;56;625678563;6407;243;7394;7441;7.61;0.47;261.31;6.24;987;56;2527.00;47
6411;56;625678577;6411;252;7397;7442;7.55;0.46;261.28;6.24;986;56;2528.00;45
6413;56;625678591;6413;257;7402;7443;7.53;0.46;261.30;6.25;989;56;2529.00;41
6415;56;625678606;6415;261;7403;7443;7.49;0.46;261.26;6.25;988;56;2530.00;40
6417;56;625678622;6417;261;7409;7447;7.46;0.46;261.31;6.26;992;56;2531.00;38
6421;56;625678637;6421;262;7411;7447;7.43;0.45;261.26;6.26;990;56;2532.00;36
6424;56;625678651;6424;262;7413;7447;7.44;0.45;261.30;6.27;989;56;2533.00;34
6426;56;625678665;6426;261;7415;7447;7.40;0.45;261.32;6.27;989;56;2534.00;32
6427;56;625678678;6427;267;7418;7453;7.47;0.46;261.35;6.27;991;56;2535.00;35
6428;56;625678693;6428;274;7422;7453;7.48;0.46;261.36;6.28;994;56;2536.00;31
6431;56;625678712;6431;277;7424;7455;7.47;0.46;261.45;6.28;993;56;2537.00;31
6435;56;625678728;6435;272;7428;7458;7.46;0.46;261.49;6.28;993;56;2538.00;30
6436;56;625678742;6436;271;7430;7458;7.45;0.45;261.47;6.29;994;56;2539.00;28
6439;56;625678756;6439;278;7430;7458;7.46;0.46;261.48;6.29;991;56;2540.00;28
6440;56;625678778;6440;276;7430;7459;7.46;0.46;261.50;6.29;990;56;2541.00;29
6445;56;625678792;6445;281;7432;7460;7.38;0.45;261.53;6.30;987;56;2542.00;28
6449;56;625678807;6449;288;7433;7460;7.32;0.45;261.60;6.30;984;56;2543.00;27
6451;56;625678821;6451;289;7444;7473;7.29;0.45;261.59;6.29;993;56;2544.00;29
6456;56;625678838;6456;292;7446;7473;7.26;0.45;261.66;6.30;990;56;2545.00;27
6463;56;625678853;6463;290;7446;7473;7.18;0.44;261.73;6.30;983;56;2546.00;27
6466;56;625678868;6466;290;7449;7474;7.14;0.44;261.79;6.31;983;56;2547.00;25
6471;56;625678881;6471;298;7449;7474;7.10;0.44;261.82;6.31;978;56;2548.00;25
6476;56;625678896;6476;300;7454;7478;7.01;0.43;261.91;6.32;978;56;2549.00;24
6477;56;625678913;6477;288;7458;7481;6.94;0.43;261.94;6.32;981;56;2550.00;23
6481;56;625678928;6481;281;7462;7485;6.89;0.42;261.93;6.31;981;56;2551.00;23
6487;56;625678943;6487;271;7462;7485;6.88;0.42;262.03;6.31;975;56;2552.00;23
6491;56;625678958;6491;272;7463;7485;6.88;0.42;262.01;6.32;972;56;2553.00;22
6495;56;625678972;6495;270;7465;7485;6.83;0.42;261.99;6.32;970;56;2554.00;20
6499;56;625678986;6499;272;7467;7485;6.81;0.42;262.13;6.32;968;56;2555.00;18
6502;56;625678999;6502;275;7478;7497;6.86;0.42;262.22;6.31;976;56;2556.00;19
6505;56;625679015;6505;272;7478;7497;6.89;0.42;262.31;6.31;973;56;2557.00;19
6508;56;625679030;6508;265;7478;7497;6.95;0.43;262.37;6.31;970;56;2558.00;19
6516;56;625679044;6516;270;7478;7497;6.96;0.43;262.47;6.31;962;56;2559.00;19
6518;56;625679060;6518;268;7478;7497;7.01;0.43;262.56;6.31;960;56;2560.00;19
6523;56;625679077;6523;259;7478;7497;7.06;0.43;262.60;6.31;955;56;2561.00;19
6526;57;625679100;6526;258;7478;7498;7.10;0.44;262.69;6.31;952;57;2562.00;20
6528;57;625679141;6528;257;7478;7498;7.17;0.44;262.74;6.31;950;57;2563.00;20
6533;57;625679157;6533;259;7483;7504;7.22;0.44;262.90;6.31;950;57;2564.00;21
6539;57;625679183;6539;256;7485;7506;7.29;0.45;262.94;6.31;946;57;2565.00;21
6541;57;625679201;6541;255;7485;7506;7.34;0.45;263.01;6.31;944;57;2566.00;21
6548;57;625679219;6548;260;7485;7506;7.32;0.45;263.07;6.31;937;57;2567.00;21
6552;57;625679236;6552;258;7488;7510;7.40;0.46;263.20;6.31;936;57;2568.00;22
6559;57;625679251;6559;263;7488;7510;7.46;0.46;263.24;6.31;929;57;2569.00;22
6565;57;625679267;6565;255;7488;7510;7.54;0.46;263.28;6.31;923;57;2570.00;22
6568;57;625679281;6568;257;7489;7511;7.64;0.47;263.26;6.31;921;57;2571.00;22
6576;57;625679295;6576;258;7492;7515;7.63;0.47;263.27;6.30;916;57;2572.00;23
6583;57;625679316;6583;254;7492;7515;7.68;0.47;263.22;6.30;909;57;2573.00;23
6584;57;625679330;6584;253;7494;7518;7.86;0.48;263.27;6.30;910;57;2574.00;24
6589;57;625679345;6589;250;7495;7518;7.90;0.48;263.32;6.30;906;57;2575.00;23
6594;57;625679358;6594;245;7495;7518;7.95;0.48;263.44;6.30;901;57;2576.00;23
6598;57;625679371;6598;243;7495;7518;8.02;0.49;263.51;6.30;897;57;2577.00;23
6602;57;625679383;6602;244;7498;7522;8.13;0.50;263.49;6.30;896;57;2578.00;24
6606;57;625679398;6606;248;7499;7522;8.17;0.50;263.54;6.30;893;57;2579.00;23
6611;57;625679424;6611;245;7499;7522;8.18;0.50;263.62;6.30;888;57;2580.00;23
6616;57;625679442;6616;243;7499;7522;8.13;0.49;263.66;6.30;883;57;2581.00;23
6620;57;625679461;6620;239;7499;7523;8.13;0.49;263.72;6.30;879;57;2582.00;24
6622;57;625679477;6622;236;7500;7524;8.10;0.49;263.79;6.30;878;57;2583.00;24
6624;57;625679489;6624;237;7500;7524;8.12;0.49;263.84;6.30;876;57;2584.00;24
6628;57;625679502;6628;239;7501;7525;8.10;0.49;263.82;6.30;873;57;2585.00;24
6631;57;625679515;6631;241;7501;7525;8.10;0.49;263.88;6.30;870;57;2586.00;24
6635;57;625679527;6635;246;7501;7525;8.08;0.49;263.96;6.30;866;57;2587.00;24
6641;57;625679547;6641;247;7501;7525;8.04;0.49;264.18;6.30;860;57;2588.00;24
6644;57;625679559;6644;248;7501;7525;8.01;0.49;264.26;6.30;857;57;2589.00;24
6647;57;625679571;6647;254;7501;7525;7.91;0.48;264.24;6.30;854;57;2590.00;24
6649;57;625679583;6649;249;7501;7525;7.79;0.47;264.26;6.30;852;57;2591.00;24
6651;57;625679595;6651;276;7567;7652;7.93;0.49;264.26;6.24;916;57;2592.00;85
6655;57;625679618;6655;273;7570;7653;7.79;0.48;264.22;6.24;915;57;2593.00;83
6658;57;625679630;6658;277;7577;7653;7.78;0.48;264.22;6.24;919;57;2594.00;76
6662;57;625679642;6662;281;7582;7653;7.72;0.48;264.21;6.23;920;57;2595.00;71
6665;57;625679654;6665;294;7587;7653;7.70;0.48;264.22;6.23;922;57;2596.00;66
6670;57;625679667;6670;282;7591;7653;7.69;0.48;264.28;6.23;921;57;2597.00;62
6673;57;625679680;6673;281;7596;7653;7.67;0.48;264.33;6.23;923;57;2598.00;57
6675;57;625679694;6675;277;7601;7653;7.69;0.48;264.38;6.23;926;57;2599.00;52
6678;57;625679708;6678;273;7606;7654;7.70;0.48;264.40;6.23;928;57;2600.00;48
6679;57;625679731;6679;272;7609;7655;7.73;0.48;264.41;6.23;930;57;2601.00;46
6682;57;625679745;6682;271;7611;7655;7.73;0.48;264.43;6.24;929;57;2602.00;44
6683;57;625679763;6683;266;7613;7656;7.74;0.48;264.40;6.24;930;57;2603.00;43
6687;57;625679776;6687;266;7615;7656;7.70;0.48;264.51;6.24;928;57;2604.00;41
6690;57;625679790;6690;267;7616;7656;7.72;0.48;264.53;6.24;926;57;2605.00;40
6695;57;625679817;6695;254;7618;7656;7.79;0.48;264.52;6.24;923;57;2606.00;38
6702;57;625679832;6702;247;7621;7660;7.83;0.48;264.51;6.24;919;57;2607.00;39
6705;57;625679847;6705;242;7622;7660;7.88;0.48;264.44;6.24;917;57;2608.00;38
6709;57;625679863;6709;233;7622;7660;7.91;0.48;264.48;6.24;913;57;2609.00;38
6712;57;625679885;6712;231;7626;7666;7.93;0.48;264.55;6.24;914;57;2610.00;40
6715;57;625679908;6715;227;7626;7666;7.94;0.48;264.55;6.24;911;57;2611.00;40
6716;57;625679922;6716;225;7627;7666;7.97;0.49;264.54;6.24;911;57;2612.00;39
6717;57;625679936;6717;224;7630;7670;7.97;0.49;264.61;6.24;913;57;2613.00;40
6718;57;625679950;6718;230;7632;7671;8.02;0.49;264.58;6.24;914;57;2614.00;39
6720;57;625679972;6720;230;7632;7671;8.02;0.49;264.53;6.24;912;57;2615.00;39
6723;57;625679987;6723;229;7636;7675;8.10;0.49;264.53;6.24;913;57;2616.00;39
6726;57;625680005;6726;230;7636;7675;8.11;0.49;264.68;6.24;910;57;2617.00;39
6728;57;625680034;6728;232;7637;7675;8.19;0.50;264.67;6.24;909;57;2618.00;38
6730;57;625680055;6730;237;7638;7676;8.23;0.50;264.73;6.23;908;57;2619.00;38
6732;57;625680074;6732;236;7639;7676;8.28;0.50;264.70;6.23;907;57;2620.00;37
6733;57;625680088;6733;234;7642;7682;8.30;0.51;264.67;6.23;909;57;2621.00;40
6736;57;625680101;6736;235;7643;7682;8.29;0.51;264.64;6.23;907;57;2622.00;39
6738;57;625680114;6738;239;7643;7683;8.29;0.50;264.63;6.23;905;57;2623.00;40
6742;57;625680127;6742;240;7644;7683;8.28;0.50;264.62;6.23;902;57;2624.00;39
6745;57;625680141;6745;247;7644;7683;8.26;0.50;264.62;6.23;899;57;2625.00;39
6745;57;625680154;6745;246;7644;7683;8.23;0.50;264.62;6.23;899;57;2626.00;39
6748;57;625680169;6748;249;7644;7683;8.17;0.50;264.61;6.23;896;57;2627.00;39
6749;57;625680185;6749;253;7654;7695;8.13;0.50;264.60;6.22;905;57;2628.00;41
6752;57;625680198;6752;257;7655;7695;8.11;0.49;264.54;6.22;903;57;2629.00;40
6754;57;625680212;6754;263;7655;7695;8.04;0.49;264.50;6.22;901;57;2630.00;40
6756;57;625680226;6756;268;7655;7695;7.94;0.48;264.49;6.22;899;57;2631.00;40
6760;57;625680240;6760;276;7655;7695;7.86;0.48;264.40;6.22;895;57;2632.00;40
6760;57;625680252;6760;278;7655;7695;7.81;0.48;264.40;6.22;895;57;2633.00;40
6763;57;625680264;6763;275;7658;7699;7.74;0.47;264.51;6.22;895;57;2634.00;41
6765;57;625680276;6765;279;7658;7699;7.64;0.46;264.54;6.22;893;57;2635.00;41
6768;57;625680289;6768;279;7661;7703;7.55;0.46;264.48;6.22;893;57;2636.00;42
6770;57;625680309;6770;283;7662;7704;7.44;0.45;264.46;6.22;892;57;2637.00;42
6772;57;625680321;6772;291;7663;7704;7.36;0.45;264.42;6.22;891;57;2638.00;41
6772;57;625680333;6772;291;7663;7704;7.27;0.44;264.42;6.22;891;57;2639.00;41
6772;57;625680348;6772;297;7683;7733;7.23;0.44;264.42;6.20;911;57;2640.00;50
6776;57;625680364;6776;292;7684;7733;7.12;0.43;264.56;6.20;908;57;2641.00;49
6779;57;625680377;6779;293;7687;7733;7.11;0.43;264.57;6.20;908;57;2642.00;46
6781;57;625680391;6781;290;7689;7734;7.16;0.44;264.56;6.20;908;57;2643.00;45
6782;57;625680404;6782;289;7689;7735;7.13;0.43;264.57;6.20;907;57;2644.00;46
6785;57;625680415;6785;293;7689;7735;7.09;0.43;264.52;6.20;904;57;2645.00;46
6787;57;625680436;6787;298;7692;7738;7.10;0.43;264.57;6.20;905;57;2646.00;46
6788;57;625680454;6788;304;7692;7738;7.05;0.43;264.59;6.20;904;57;2647.00;46
6790;57;625680470;6790;302;7692;7738;7.01;0.43;264.59;6.20;902;57;2648.00;46
6795;57;625680495;6795;303;7692;7738;6.89;0.42;264.62;6.20;897;57;2649.00;46
6798;57;625680511;6798;302;7696;7744;6.82;0.42;264.60;6.19;898;57;2650.00;48
6799;57;625680527;6799;287;7696;7744;6.73;0.41;264.59;6.19;897;57;2651.00;48
6801;57;625680543;6801;267;7697;7744;6.71;0.41;264.64;6.19;896;57;2652.00;47
6804;57;625680557;6804;257;7697;7744;6.67;0.41;264.64;6.19;893;57;2653.00;47
6807;57;625680573;6807;251;7700;7748;6.69;0.41;264.61;6.19;893;57;2654.00;48
6809;57;625680596;6809;241;7703;7750;6.73;0.41;264.63;6.20;894;57;2655.00;47
6809;57;625680610;6809;227;7703;7750;6.82;0.42;264.63;6.20;894;57;2656.00;47
6815;57;625680622;6815;220;7704;7751;6.90;0.42;264.68;6.20;889;57;2657.00;47
6818;57;625680643;6818;213;7704;7751;7.00;0.43;264.65;6.20;886;57;2658.00;47
6822;57;625680655;6822;204;7704;7751;7.12;0.43;264.63;6.20;882;57;2659.00;47
6824;57;625680668;6824;193;7704;7751;7.23;0.44;264.67;6.20;880;57;2660.00;47
6827;57;625680681;6827;181;7704;7751;7.30;0.44;264.63;6.20;877;57;2661.00;47
6828;57;625680693;6828;183;7704;7751;7.39;0.45;264.60;6.20;876;57;2662.00;47
6830;57;625680710;6830;184;7704;7751;7.43;0.45;264.57;6.20;874;57;2663.00;47
6831;57;625680722;6831;189;7740;7821;7.66;0.47;264.54;6.17;909;57;2664.00;81
6834;57;625680741;6834;184;7741;7822;7.67;0.47;264.52;6.17;907;57;2665.00;81
6837;57;625680759;6837;186;7746;7822;7.70;0.47;264.43;6.17;909;57;2666.00;76
6838;57;625680771;6838;190;7749;7822;7.74;0.47;264.45;6.17;911;57;2667.00;73
6840;57;625680783;6840;191;7758;7822;7.78;0.47;264.45;6.17;918;57;2668.00;64
6842;57;625680795;6842;190;7760;7822;7.80;0.47;264.44;6.20;918;57;2669.00;62
6843;57;625680813;6843;188;7765;7822;7.87;0.48;264.41;6.20;922;57;2670.00;57
6846;57;625680833;6846;194;7768;7822;7.91;0.48;264.39;6.20;922;57;2671.00;54
6847;58;625680846;6847;190;7771;7823;7.92;0.48;264.35;6.20;924;58;2672.00;52
6850;58;625680871;6850;188;7773;7824;7.96;0.48;264.45;6.20;923;58;2673.00;51
6853;58;625680884;6853;193;7773;7824;7.98;0.48;264.37;6.20;920;58;2674.00;51
6854;58;625680903;6854;190;7776;7828;8.01;0.49;264.38;6.20;922;58;2675.00;52
6857;58;625680917;6857;195;7777;7828;7.99;0.49;264.36;6.21;920;58;2676.00;51
6859;58;625680931;6859;191;7777;7828;8.03;0.49;264.41;6.21;918;58;2677.00;51
6860;58;625680943;6860;190;7777;7828;8.06;0.49;264.41;6.21;917;58;2678.00;51
6862;58;625680958;6862;200;7781;7834;8.11;0.49;264.47;6.21;919;58;2679.00;53
6863;58;625680973;6863;202;7783;7834;8.09;0.49;264.47;6.22;920;58;2680.00;51
6867;58;625680986;6867;202;7783;7834;8.10;0.49;264.48;6.22;916;58;2681.00;51
6869;58;625680999;6869;205;7785;7837;8.13;0.49;264.53;6.22;916;58;2682.00;52
6875;58;625681012;6875;204;7787;7837;8.16;0.50;264.42;6.25;912;58;2683.00;50
6877;58;625681025;6877;212;7789;7837;8.24;0.50;264.43;6.26;912;58;2684.00;48
6880;58;625681038;6880;215;7790;7838;8.27;0.50;264.37;6.27;910;58;2685.00;48
6882;58;625681050;6882;210;7792;7839;8.28;0.50;264.40;6.28;910;58;2686.00;47
6886;58;625681063;6886;216;7793;7839;8.22;0.50;264.45;6.29;907;58;2687.00;46
6887;58;625681076;6887;214;7804;7852;8.23;0.50;264.47;6.28;917;58;2688.00;48
6890;58;625681090;6890;209;7806;7852;8.16;0.50;264.47;6.30;916;58;2689.00;46
6891;58;625681103;6891;215;7806;7852;8.11;0.49;264.48;6.30;915;58;2690.00;46
6894;58;625681121;6894;220;7809;7853;8.13;0.50;264.48;6.32;915;58;2691.00;44
6896;58;625681134;6896;222;7809;7853;8.10;0.49;264.59;6.32;913;58;2692.00;44
6899;58;625681147;6899;218;7814;7857;8.02;0.49;264.67;6.34;915;58;2693.00;43
6899;58;625681160;6899;220;7815;7857;7.98;0.49;264.67;6.34;916;58;2694.00;42
6901;58;625681172;6901;221;7820;7861;7.94;0.49;264.75;6.35;919;58;2695.00;41
6902;58;625681187;6902;224;7820;7861;7.91;0.49;264.75;6.35;918;58;2696.00;41
6903;58;625681199;6903;230;7822;7861;7.85;0.48;264.76;6.36;919;58;2697.00;39
6907;58;625681211;6907;236;7822;7861;7.78;0.48;264.79;6.36;915;58;2698.00;39
6911;58;625681223;6911;234;7823;7861;7.72;0.47;264.80;6.37;912;58;2699.00;38
6914;58;625681238;6914;232;7846;7910;7.76;0.48;264.84;6.35;932;58;2700.00;64
6918;58;625681260;6918;225;7849;7910;7.72;0.48;264.96;6.38;931;58;2701.00;61
6919;58;625681272;6919;227;7852;7910;7.74;0.48;265.02;6.39;933;58;2702.00;58
6924;58;625681284;6924;225;7854;7910;7.74;0.48;265.07;6.39;930;58;2703.00;56
6928;58;625681295;6928;226;7859;7910;7.66;0.47;265.16;6.41;931;58;2704.00;51
6929;58;625681308;6929;226;7859;7910;7.63;0.47;265.15;6.41;930;58;2705.00;51
6932;58;625681325;6932;221;7861;7911;7.62;0.47;265.28;6.41;929;58;2706.00;50
6937;58;625681337;6937;217;7864;7911;7.60;0.47;265.35;6.43;927;58;2707.00;47
6937;58;625681349;6937;219;7868;7917;7.66;0.47;265.35;6.43;931;58;2708.00;49
6941;58;625681361;6941;220;7870;7918;7.60;0.47;265.43;6.43;929;58;2709.00;48
6943;58;625681374;6943;228;7871;7918;7.60;0.47;265.45;6.44;928;58;2710.00;47
6950;58;625681385;6950;238;7872;7918;7.54;0.46;265.48;6.44;922;58;2711.00;46
6954;58;625681398;6954;242;7877;7922;7.48;0.46;265.48;6.45;923;58;2712.00;45
6958;58;625681409;6958;250;7879;7922;7.41;0.45;265.54;6.45;921;58;2713.00;43
6962;58;625681421;6962;255;7880;7922;7.38;0.45;265.64;6.45;918;58;2714.00;42
6965;58;625681433;6965;261;7882;7923;7.36;0.45;265.71;6.46;917;58;2715.00;41
6968;58;625681444;6968;266;7885;7927;7.24;0.44;265.72;6.46;917;58;2716.00;42
6975;58;625681456;6975;263;7885;7927;7.13;0.43;265.84;6.46;910;58;2717.00;42
6979;58;625681468;6979;272;7887;7930;7.06;0.43;265.92;6.46;908;58;2718.00;43
6984;58;625681479;6984;276;7893;7930;6.96;0.42;265.95;6.48;909;58;2719.00;37
6989;58;625681490;6989;267;7893;7930;6.95;0.42;266.04;6.48;904;58;2720.00;37
6990;58;625681501;6990;264;7895;7930;6.99;0.43;266.06;6.49;905;58;2721.00;35
6996;58;625681512;6996;258;7897;7934;6.99;0.43;266.20;6.49;901;58;2722.00;37
7000;58;625681523;7000;256;7897;7934;6.98;0.43;266.24;6.49;897;58;2723.00;37
7002;58;625681533;7002;256;7899;7934;6.96;0.42;266.28;6.49;897;58;2724.00;35
7006;58;625681544;7006;266;7901;7934;6.92;0.42;266.43;6.50;895;58;2725.00;33
7010;58;625681555;7010;254;7903;7935;6.94;0.42;266.42;6.50;893;58;2726.00;32
7012;58;625681566;7012;246;7904;7936;6.97;0.42;266.46;6.50;892;58;2727.00;32
7015;58;625681577;7015;240;7904;7936;7.03;0.43;266.52;6.50;889;58;2728.00;32
7018;58;625681589;7018;236;7905;7937;7.12;0.43;266.55;6.50;887;58;2729.00;32
7024;58;625681601;7024;223;7905;7937;7.13;0.43;266.68;6.50;881;58;2730.00;32
7027;58;625681613;7027;229;7908;7937;7.19;0.44;266.70;6.54;881;58;2731.00;29
7029;58;625681625;7029;221;7908;7937;7.28;0.45;266.72;6.54;879;58;2732.00;29
7033;58;625681636;7033;228;7909;7937;7.38;0.45;266.81;6.54;876;58;2733.00;28
7037;58;625681647;7037;227;7910;7937;7.48;0.46;266.91;6.54;873;58;2734.00;27
7044;58;625681658;7044;228;7910;7937;7.49;0.46;266.89;6.54;866;58;2735.00;27
7048;58;625681669;7048;234;7980;8064;7.70;0.48;266.96;6.49;932;58;2736.00;84
7051;58;625681691;7051;226;7984;8065;7.80;0.48;266.99;6.49;933;58;2737.00;81
7054;58;625681702;7054;230;7990;8065;7.81;0.48;267.00;6.49;936;58;2738.00;75
7059;58;625681714;7059;231;7993;8065;7.78;0.48;267.06;6.49;934;58;2739.00;72
7063;58;625681726;7063;227;7996;8065;7.85;0.49;267.06;6.49;933;58;2740.00;69
7069;58;625681738;7069;232;7998;8065;7.79;0.48;267.13;6.49;929;58;2741.00;67
7073;58;625681750;7073;235;8000;8065;7.71;0.48;267.20;6.49;927;58;2742.00;65
7077;58;625681767;7077;232;8005;8065;7.64;0.47;267.41;6.49;928;58;2743.00;60
7079;58;625681779;7079;240;8008;8066;7.63;0.47;267.41;6.49;929;58;2744.00;58
7083;58;625681792;7083;241;8012;8068;7.64;0.47;267.36;6.49;929;58;2745.00;56
7089;58;625681804;7089;247;8014;8068;7.62;0.47;267.39;6.49;925;58;2746.00;54
7091;58;625681817;7091;252;8017;8069;7.62;0.47;267.38;6.49;926;58;2747.00;52
7096;58;625681829;7096;257;8021;8069;7.58;0.47;267.35;6.50;925;58;2748.00;48
7100;58;625681841;7100;263;8025;8069;7.53;0.46;267.45;6.50;925;58;2749.00;44
7102;58;625681853;7102;266;8027;8069;7.51;0.46;267.49;6.50;925;58;2750.00;42
7107;58;625681864;7107;268;8031;8073;7.48;0.46;267.53;6.50;924;58;2751.00;42
7110;58;625681877;7110;261;8032;8073;7.48;0.46;267.58;6.50;922;58;2752.00;41
7115;58;625681889;7115;266;8033;8073;7.44;0.46;267.55;6.50;918;58;2753.00;40
7123;58;625681906;7123;276;8036;8076;7.38;0.45;267.63;6.50;913;58;2754.00;40
7129;58;625681919;7129;282;8036;8076;7.31;0.45;267.51;6.50;907;58;2755.00;40
7132;58;625681931;7132;288;8037;8076;7.28;0.45;267.49;6.50;905;58;2756.00;39
7137;58;625681943;7137;293;8042;8080;7.28;0.45;267.50;6.50;905;58;2757.00;38
7141;58;625681955;7141;294;8044;8081;7.24;0.44;267.56;6.50;903;58;2758.00;37
7144;58;625681967;7144;297;8045;8081;7.18;0.44;267.56;6.50;901;58;2759.00;36
7147;58;625681981;7147;297;8050;8086;7.14;0.44;267.47;6.50;903;58;2760.00;36
7150;58;625681992;7150;300;8050;8086;7.07;0.43;267.51;6.50;900;58;2761.00;36
7152;58;625682004;7152;306;8050;8086;7.01;0.43;267.53;6.50;898;58;2762.00;36
7156;58;625682016;7156;314;8051;8087;7.02;0.43;267.54;6.50;895;58;2763.00;36
7159;58;625682028;7159;321;8051;8087;6.94;0.43;267.56;6.50;892;58;2764.00;36
7161;58;625682040;7161;327;8055;8093;6.93;0.43;267.55;6.50;894;58;2765.00;38
7165;58;625682053;7165;331;8055;8093;6.90;0.42;267.74;6.50;890;58;2766.00;38
7167;58;625682064;7167;324;8056;8094;6.93;0.43;267.75;6.50;889;58;2767.00;38
7170;58;625682082;7170;320;8056;8094;6.93;0.42;267.74;6.50;886;58;2768.00;38
7174;58;625682094;7174;315;8056;8094;6.94;0.42;267.87;6.50;882;58;2769.00;38
7177;58;625682106;7177;312;8057;8094;6.99;0.43;267.83;6.54;880;58;2770.00;37
7178;58;625682118;7178;310;8057;8094;7.01;0.43;267.87;6.54;879;58;2771.00;37
7180;58;625682130;7180;319;8067;8106;7.14;0.43;267.85;6.53;887;58;2772.00;39
7182;58;625682148;7182;329;8067;8106;7.10;0.43;267.83;6.53;885;58;2773.00;39
7183;58;625682161;7183;324;8068;8106;7.17;0.44;267.81;6.53;885;58;2774.00;38
7185;58;625682173;7185;323;8068;8106;7.23;0.44;267.82;6.53;883;58;2775.00;38
7190;58;625682192;7190;307;8068;8106;7.24;0.44;267.76;6.53;878;58;2776.00;38
7195;58;625682204;7195;294;8068;8106;7.26;0.44;267.77;6.53;873;58;2777.00;38
7199;58;625682216;7199;281;8071;8110;7.28;0.44;267.81;6.53;872;58;2778.00;39
7202;58;625682229;7202;276;8071;8110;7.33;0.45;267.76;6.53;869;58;2779.00;39
7205;58;625682240;7205;269;8074;8114;7.38;0.45;267.72;6.52;869;58;2780.00;40
7206;58;625682253;7206;265;8076;8115;7.47;0.45;267.69;6.52;870;58;2781.00;39
7206;58;625682265;7206;265;8076;8115;7.59;0.46;267.69;6.52;870;58;2782.00;39
7208;58;625682277;7208;265;8076;8115;7.64;0.46;267.70;6.52;868;58;2783.00;39
7208;58;625682289;7208;265;8086;8128;7.77;0.47;267.70;6.51;878;58;2784.00;42
7210;58;625682302;7210;269;8086;8128;7.78;0.47;267.66;6.51;876;58;2785.00;42
7210;58;625682314;7210;270;8088;8128;7.80;0.47;267.66;6.55;878;58;2786.00;40
7211;58;625682325;7211;270;8089;8129;7.78;0.47;267.63;6.55;878;58;2787.00;40
7213;58;625682336;7213;264;8089;8130;7.76;0.47;267.60;6.55;876;58;2788.00;41
7214;58;625682348;7214;261;8089;8130;7.78;0.47;267.56;6.55;875;58;2789.00;41
7215;58;625682362;7215;261;8092;8136;7.85;0.48;267.69;6.54;877;58;2790.00;44
7218;58;625682381;7218;265;8092;8136;7.85;0.48;267.63;6.54;874;58;2791.00;44
7222;58;625682394;7222;264;8093;8136;7.76;0.47;267.62;6.54;871;58;2792.00;43
7223;58;625682406;7223;268;8093;8136;7.65;0.46;267.59;6.54;870;58;2793.00;43
7225;58;625682425;7225;274;8097;8142;7.55;0.46;267.59;6.54;872;58;2794.00;45
7226;58;625682444;7226;278;8097;8142;7.45;0.45;267.56;6.54;871;58;2795.00;45
7228;58;625682463;7228;282;8099;8142;7.35;0.45;267.58;6.57;871;58;2796.00;43
7229;58;625682483;7229;281;8099;8142;7.30;0.44;267.57;6.57;870;58;2797.00;43
7231;58;625682500;7231;288;8103;8146;7.24;0.44;267.53;6.57;872;58;2798.00;43
7233;58;625682514;7233;292;8104;8147;7.23;0.44;267.52;6.57;871;58;2799.00;43
7234;58;625682533;7234;295;8105;8147;7.22;0.44;267.61;6.57;871;58;2800.00;42
7234;58;625682553;7234;298;8106;8148;7.21;0.44;267.61;6.57;872;58;2801.00;42
7235;58;625682566;7235;301;8106;8148;7.16;0.44;267.62;6.57;871;58;2802.00;42
7238;58;625682578;7238;295;8106;8148;7.19;0.44;267.59;6.57;868;58;2803.00;42
7238;58;625682591;7238;292;8106;8148;7.25;0.44;267.59;6.57;868;58;2804.00;42
7241;58;625682604;7241;282;8106;8148;7.22;0.44;267.58;6.57;865;58;2805.00;42
7243;59;625682617;7243;273;8106;8148;7.25;0.44;267.58;6.57;863;59;2806.00;42
7243;59;625682642;7243;268;8106;8148;7.28;0.44;267.58;6.57;863;59;2807.00;42
7245;59;625682654;7245;281;8148;8218;7.27;0.44;267.55;6.54;903;59;2808.00;70
7245;59;625682672;7245;268;8148;8219;7.30;0.44;267.55;6.54;903;59;2809.00;71
7245;59;625682683;7245;256;8154;8219;7.41;0.45;267.55;6.53;909;59;2810.00;65
7245;59;625682696;7245;245;8157;8219;7.48;0.46;267.55;6.53;912;59;2811.00;62
7246;59;625682707;7246;235;8160;8219;7.54;0.46;267.54;6.53;914;59;2812.00;59
7248;59;625682730;7248;232;8163;8219;7.62;0.47;267.53;6.56;915;59;2813.00;56
7249;59;625682742;7249;229;8167;8219;7.76;0.47;267.63;6.56;918;59;2814.00;52
7249;59;625682754;7249;225;8169;8219;7.91;0.48;267.63;6.56;920;59;2815.00;50
7251;59;625682767;7251;224;8172;8220;7.97;0.49;267.61;6.57;921;59;2816.00;48
7252;59;625682780;7252;228;8174;8221;8.02;0.49;267.62;6.56;922;59;2817.00;47
7255;59;625682798;7255;230;8175;8221;7.98;0.49;267.60;6.56;920;59;2818.00;46
7256;59;625682815;7256;230;8178;8225;7.89;0.48;267.59;6.56;922;59;2819.00;47
7258;59;625682830;7258;226;8178;8225;7.85;0.48;267.56;6.56;920;59;2820.00;47
7261;59;625682842;7261;225;8178;8225;7.78;0.48;267.53;6.56;917;59;2821.00;47
7266;59;625682855;7266;221;8178;8225;7.68;0.47;267.53;6.56;912;59;2822.00;47
7269;59;625682866;7269;213;8182;8231;7.65;0.47;267.51;6.60;913;59;2823.00;49
7269;59;625682879;7269;204;8184;8231;7.63;0.47;267.51;6.60;915;59;2824.00;47
7275;59;625682891;7275;202;8186;8231;7.62;0.46;267.59;6.62;911;59;2825.00;45
7280;59;625682905;7280;197;8188;8234;7.66;0.47;267.57;6.62;908;59;2826.00;46
7283;59;625682918;7283;199;8188;8234;7.68;0.47;267.64;6.62;905;59;2827.00;46
7288;59;625682929;7288;191;8191;8234;7.68;0.47;267.59;6.69;903;59;2828.00;43
7290;59;625682941;7290;186;8191;8235;7.68;0.47;267.65;6.69;901;59;2829.00;44
7292;59;625682953;7292;179;8193;8236;7.73;0.47;267.71;6.73;901;59;2830.00;43
7294;59;625682966;7294;173;8193;8236;7.72;0.47;267.69;6.73;899;59;2831.00;43
7299;59;625682979;7299;172;8203;8249;7.77;0.47;267.71;6.76;904;59;2832.00;46
7302;59;625682993;7302;177;8203;8249;7.79;0.47;267.70;6.76;901;59;2833.00;46
7304;59;625683006;7304;181;8204;8249;7.74;0.47;267.65;6.79;900;59;2834.00;45
7306;59;625683018;7306;181;8206;8251;7.74;0.47;267.59;6.79;900;59;2835.00;45
7311;59;625683031;7311;185;8206;8251;7.77;0.47;267.63;6.79;895;59;2836.00;45
7313;59;625683043;7313;192;8209;8255;7.85;0.47;267.65;6.83;896;59;2837.00;46
7314;59;625683056;7314;189;8210;8255;7.97;0.48;267.63;6.83;896;59;2838.00;45
7316;59;625683067;7316;195;8214;8259;7.97;0.48;267.69;6.86;898;59;2839.00;45
7319;59;625683086;7319;190;8216;8259;8.02;0.48;267.70;6.86;897;59;2840.00;43
7320;59;625683098;7320;188;8217;8259;8.09;0.49;267.76;6.86;897;59;2841.00;42
7324;59;625683110;7324;185;8218;8259;8.08;0.49;267.75;6.90;894;59;2842.00;41
7325;59;625683122;7325;182;8218;8259;8.14;0.49;267.79;6.90;893;59;2843.00;41
7327;59;625683134;7327;184;8228;8271;8.18;0.49;267.79;6.89;901;59;2844.00;43
7330;59;625683147;7330;185;8229;8271;8.15;0.49;267.79;6.89;899;59;2845.00;42
7335;59;625683160;7335;182;8229;8271;8.11;0.49;267.82;6.89;894;59;2846.00;42
7337;59;625683172;7337;181;8229;8271;8.17;0.49;267.87;6.89;892;59;2847.00;42
7341;59;625683184;7341;186;8229;8271;8.21;0.50;267.91;6.89;888;59;2848.00;42
7342;59;625683196;7342;192;8229;8271;8.27;0.50;267.92;6.89;887;59;2849.00;42
7344;59;625683210;7344;190;8232;8274;8.28;0.50;267.94;6.91;888;59;2850.00;42
7346;59;625683223;7346;183;8233;8274;8.28;0.50;267.93;6.92;887;59;2851.00;41
7348;59;625683235;7348;179;8237;8280;8.30;0.50;267.99;6.92;889;59;2852.00;43
7350;59;625683249;7350;174;8241;8281;8.25;0.50;267.97;6.94;891;59;2853.00;40
7354;59;625683261;7354;175;8241;8281;8.24;0.50;267.98;6.94;887;59;2854.00;40
7355;59;625683274;7355;177;8242;8281;8.25;0.50;268.03;6.95;887;59;2855.00;39
7356;59;625683286;7356;174;8246;8285;8.28;0.50;267.99;6.97;890;59;2856.00;39
7359;59;625683299;7359;177;8247;8285;8.24;0.50;268.05;6.98;888;59;2857.00;38
7360;59;625683312;7360;176;8247;8285;8.33;0.51;268.09;6.98;887;59;2858.00;38
7362;59;625683323;7362;179;8250;8286;8.43;0.51;268.13;7.00;888;59;2859.00;36
7364;59;625683336;7364;180;8253;8290;8.49;0.52;268.18;7.00;889;59;2860.00;37
7366;59;625683348;7366;188;8256;8290;8.53;0.52;268.27;7.04;890;59;2861.00;34
7367;59;625683361;7367;193;8259;8293;8.59;0.52;268.29;7.05;892;59;2862.00;34
7370;59;625683376;7370;195;8260;8293;8.57;0.52;268.48;7.06;890;59;2863.00;33
7373;59;625683390;7373;204;8263;8295;8.53;0.52;268.50;7.06;890;59;2864.00;32
7375;59;625683403;7375;208;8266;8295;8.40;0.51;268.54;7.08;891;59;2865.00;29
7376;59;625683422;7376;211;8270;8299;8.30;0.51;268.56;7.09;894;59;2866.00;29
7378;59;625683435;7378;207;8270;8299;8.22;0.50;268.62;7.09;892;59;2867.00;29
7378;59;625683447;7378;213;8271;8299;8.14;0.50;268.62;7.09;893;59;2868.00;28
7382;59;625683458;7382;211;8273;8299;8.05;0.49;268.62;7.10;891;59;2869.00;26
7385;59;625683471;7385;211;8273;8300;7.96;0.49;268.65;7.10;888;59;2870.00;27
7389;59;625683483;7389;201;8276;8301;7.85;0.48;268.70;7.12;887;59;2871.00;25
7391;59;625683494;7391;194;8276;8301;7.78;0.47;268.72;7.12;885;59;2872.00;25
7394;59;625683505;7394;193;8277;8302;7.74;0.47;268.71;7.12;883;59;2873.00;25
7396;59;625683516;7396;199;8279;8302;7.75;0.47;268.68;7.13;883;59;2874.00;23
7400;59;625683528;7400;193;8279;8302;7.75;0.47;268.75;7.13;879;59;2875.00;23
7402;59;625683543;7402;192;8279;8302;7.71;0.47;268.79;7.13;877;59;2876.00;23
7402;59;625683557;7402;190;8279;8302;7.73;0.47;268.79;7.13;877;59;2877.00;23
7407;59;625683568;7407;189;8283;8302;7.73;0.47;268.88;7.15;876;59;2878.00;19
7408;59;625683582;7408;189;8283;8302;7.73;0.47;268.91;7.15;875;59;2879.00;19
7409;59;625683596;7409;229;8388;8532;7.76;0.48;268.88;7.07;979;59;2880.00;144
7412;59;625683628;7412;224;8392;8533;7.68;0.48;268.93;7.07;980;59;2881.00;141
7414;59;625683640;7414;210;8399;8533;7.70;0.48;268.95;7.07;985;59;2882.00;134
7417;59;625683652;7417;212;8409;8533;7.71;0.48;268.94;7.07;992;59;2883.00;124
7421;59;625683662;7421;214;8415;8533;7.67;0.48;269.06;7.07;994;59;2884.00;118
7425;60;625683674;7425;214;8422;8533;7.63;0.47;269.16;7.08;997;60;2885.00;111
7429;60;625683699;7429;218;8429;8533;7.57;0.47;269.14;7.08;1000;60;2886.00;104
7434;60;625683710;7434;220;8433;8533;7.43;0.46;269.20;7.08;999;60;2887.00;100
7438;60;625683722;7438;232;8437;8534;7.37;0.46;269.35;7.08;999;60;2888.00;97
7446;60;625683733;7446;240;8444;8535;7.23;0.45;269.46;7.08;998;60;2889.00;91
7453;60;625683745;7453;235;8448;8535;7.10;0.44;269.43;7.08;995;60;2890.00;87
7457;60;625683757;7457;249;8454;8536;7.03;0.44;269.45;7.08;997;60;2891.00;82
7461;60;625683769;7461;236;8456;8536;6.89;0.43;269.54;7.08;995;60;2892.00;80
7465;60;625683782;7465;246;8458;8536;6.77;0.42;269.64;7.08;993;60;2893.00;78
7468;60;625683794;7468;251;8464;8536;6.66;0.41;269.73;7.09;996;60;2894.00;72
7472;60;625683806;7472;276;8467;8540;6.58;0.41;269.82;7.09;995;60;2895.00;73
7476;60;625683818;7476;288;8472;8540;6.48;0.40;269.85;7.09;996;60;2896.00;68
7481;60;625683831;7481;288;8475;8540;6.45;0.40;269.94;7.10;994;60;2897.00;65
7485;60;625683845;7485;286;8479;8543;6.48;0.40;270.05;7.10;994;60;2898.00;64
7490;60;625683857;7490;287;8479;8543;6.55;0.41;270.11;7.10;989;60;2899.00;64
7496;60;625683870;7496;284;8482;8543;6.56;0.41;270.16;7.10;986;60;2900.00;61
7501;60;625683888;7501;284;8486;8547;6.63;0.41;270.19;7.11;985;60;2901.00;61
7505;60;625683901;7505;279;8489;8548;6.71;0.41;270.17;7.11;984;60;2902.00;59
7508;60;625683913;7508;275;8490;8548;6.74;0.41;270.28;7.11;982;60;2903.00;58
7509;60;625683925;7509;277;8495;8552;6.77;0.42;270.26;7.11;986;60;2904.00;57
7514;60;625683938;7514;278;8496;8552;6.78;0.42;270.26;7.11;982;60;2905.00;56
7517;60;625683950;7517;283;8496;8552;6.79;0.42;270.35;7.11;979;60;2906.00;56
7519;60;625683962;7519;277;8501;8553;6.77;0.42;270.34;7.12;982;60;2907.00;52
7523;60;625683975;7523;286;8501;8553;6.78;0.42;270.40;7.12;978;60;2908.00;52
7529;60;625683987;7529;291;8507;8559;6.78;0.42;270.42;7.13;978;60;2909.00;52
7530;60;625684002;7530;296;8508;8559;6.80;0.42;270.44;7.13;978;60;2910.00;51
7535;60;625684015;7535;299;8510;8560;6.77;0.42;270.50;7.13;975;60;2911.00;50
7540;60;625684028;7540;302;8513;8560;6.68;0.41;270.51;7.14;973;60;2912.00;47
7543;60;625684040;7543;312;8515;8560;6.66;0.41;270.58;7.15;972;60;2913.00;45
7547;60;625684054;7547;313;8515;8560;6.65;0.41;270.64;7.15;968;60;2914.00;45
7552;60;625684066;7552;317;8518;8560;6.61;0.41;270.73;7.15;966;60;2915.00;42
7555;60;625684078;7555;329;8530;8572;6.64;0.41;270.73;7.19;975;60;2916.00;42
7556;60;625684092;7556;337;8532;8572;6.57;0.40;270.74;7.19;976;60;2917.00;40
7562;60;625684104;7562;338;8532;8572;6.49;0.40;270.83;7.19;970;60;2918.00;40
7566;60;625684117;7566;346;8534;8572;6.40;0.39;270.79;7.20;968;60;2919.00;38
7570;60;625684129;7570;358;8534;8572;6.36;0.39;270.84;7.20;964;60;2920.00;38
7572;60;625684143;7572;358;8535;8572;6.33;0.39;270.91;7.20;963;60;2921.00;37
7574;60;625684155;7574;367;8538;8576;6.38;0.39;270.86;7.20;964;60;2922.00;38
7577;60;625684168;7577;365;8538;8576;6.39;0.39;270.82;7.20;961;60;2923.00;38
7581;60;625684184;7581;367;8542;8580;6.39;0.39;270.87;7.20;961;60;2924.00;38
7582;60;625684197;7582;370;8545;8582;6.43;0.39;270.87;7.20;963;60;2925.00;37
7585;60;625684209;7585;371;8545;8582;6.43;0.39;270.95;7.20;960;60;2926.00;37
7587;60;625684221;7587;381;8545;8582;6.40;0.39;270.92;7.20;958;60;2927.00;37
7589;60;625684233;7589;379;8556;8595;6.45;0.40;270.92;7.23;967;60;2928.00;39
7591;60;625684247;7591;383;8556;8595;6.47;0.40;270.91;7.23;965;60;2929.00;39
7594;60;625684259;7594;390;8556;8595;6.46;0.40;270.86;7.23;962;60;2930.00;39
7600;60;625684270;7600;388;8557;8596;6.41;0.39;270.84;7.23;957;60;2931.00;39
7604;60;625684282;7604;391;8557;8597;6.37;0.39;270.86;7.23;953;60;2932.00;40
7609;60;625684299;7609;399;8558;8597;6.36;0.39;270.78;7.26;949;60;2933.00;39
7612;60;625684311;7612;403;8560;8600;6.33;0.39;270.84;7.26;948;60;2934.00;40
7616;60;625684323;7616;407;8561;8600;6.23;0.38;270.75;7.26;945;60;2935.00;39
7619;60;625684335;7619;418;8562;8600;6.13;0.37;270.71;7.30;943;60;2936.00;38
7621;60;625684346;7621;405;8562;8600;6.08;0.37;270.65;7.30;941;60;2937.00;38
7622;60;625684358;7622;402;8566;8606;6.13;0.38;270.63;7.29;944;60;2938.00;40
7626;60;625684369;7626;403;8567;8606;6.16;0.38;270.59;7.33;941;60;2939.00;39
7627;60;625684382;7627;402;8568;8606;6.18;0.38;270.59;7.33;941;60;2940.00;38
7630;60;625684394;7630;404;8568;8606;6.21;0.38;270.53;7.33;938;60;2941.00;38
7631;60;625684405;7631;401;8571;8610;6.31;0.38;270.55;7.32;940;60;2942.00;39
7633;60;625684417;7633;405;8572;8611;6.36;0.39;270.62;7.32;939;60;2943.00;39
7635;60;625684433;7635;406;8572;8611;6.42;0.39;270.65;7.32;937;60;2944.00;39
7637;60;625684451;7637;405;8574;8612;6.41;0.39;270.62;7.35;937;60;2945.00;38
7639;60;625684468;7639;395;8574;8612;6.46;0.39;270.58;7.35;935;60;2946.00;38
7644;60;625684494;7644;381;8574;8612;6.48;0.39;270.46;7.35;930;60;2947.00;38
7646;60;625684511;7646;371;8574;8612;6.56;0.40;270.46;7.35;928;60;2948.00;38
7648;60;625684529;7648;357;8574;8612;6.62;0.40;270.49;7.35;926;60;2949.00;38
7651;60;625684548;7651;356;8574;8612;6.68;0.40;270.47;7.35;923;60;2950.00;38
7651;60;625684570;7651;352;8574;8612;6.76;0.41;270.47;7.35;923;60;2951.00;38
7652;60;625684583;7652;359;8610;8682;6.97;0.42;270.45;7.32;958;60;2952.00;72
7652;60;625684603;7652;346;8610;8683;7.04;0.43;270.45;7.32;958;60;2953.00;73
7654;60;625684616;7654;341;8617;8683;7.13;0.43;270.45;7.32;963;60;2954.00;66
7654;60;625684635;7654;332;8622;8683;7.20;0.44;270.45;7.32;968;60;2955.00;61
7654;60;625684649;7654;325;8627;8683;7.32;0.45;270.45;7.32;973;60;2956.00;56
7655;60;625684663;7655;313;8630;8683;7.39;0.45;270.46;7.31;975;60;2957.00;53
7656;60;625684677;7656;304;8632;8683;7.47;0.45;270.47;7.31;976;60;2958.00;51
7657;60;625684692;7657;301;8632;8683;7.47;0.45;270.48;7.31;975;60;2959.00;51
7657;60;625684706;7657;295;8634;8684;7.56;0.46;270.48;7.31;977;60;2960.00;50
7658;60;625684719;7658;294;8635;8685;7.71;0.47;270.48;7.31;977;60;2961.00;50
7661;60;625684733;7661;289;8636;8685;7.79;0.47;270.45;7.31;975;60;2962.00;49
7663;60;625684748;7663;283;8639;8689;7.77;0.47;270.41;7.31;976;60;2963.00;50
7666;60;625684762;7666;288;8639;8689;7.75;0.47;270.38;7.31;973;60;2964.00;50
7668;61;625684784;7668;285;8639;8689;7.75;0.47;270.44;7.31;971;61;2965.00;50
7669;61;625684812;7669;286;8639;8689;7.73;0.47;270.43;7.31;970;61;2966.00;50
7669;62;625684826;7669;284;8642;8695;7.79;0.47;270.43;7.31;973;62;2967.00;53
7669;62;625684848;7669;287;8642;8695;7.83;0.48;270.43;7.31;973;62;2968.00;53
7671;62;625684862;7671;289;8643;8695;7.86;0.48;270.43;7.31;972;62;2969.00;52
7672;62;625684878;7672;284;8646;8701;7.90;0.48;270.43;7.31;974;62;2970.00;55
7672;62;625684892;7672;289;8647;8701;7.91;0.48;270.43;7.30;975;62;2971.00;54
7674;62;625684916;7674;292;8647;8701;7.90;0.48;270.43;7.30;973;62;2972.00;54
7674;62;625684935;7674;293;8648;8702;7.91;0.48;270.43;7.30;974;62;2973.00;54
7675;62;625684948;7675;297;8650;8703;7.90;0.48;270.42;7.30;975;62;2974.00;53
7678;62;625684962;7678;299;8650;8703;7.91;0.48;270.41;7.30;972;62;2975.00;53
7681;62;625684977;7681;302;8659;8716;7.94;0.48;270.38;7.30;978;62;2976.00;57
7684;62;625684991;7684;304;8659;8716;7.91;0.48;270.38;7.30;975;62;2977.00;57
7686;62;625685004;7686;308;8659;8716;7.92;0.48;270.38;7.30;973;62;2978.00;57
7687;62;625685018;7687;307;8660;8717;7.89;0.48;270.43;7.29;973;62;2979.00;57
7691;62;625685031;7691;303;8660;8717;7.83;0.48;270.50;7.29;969;62;2980.00;57
7693;62;625685045;7693;299;8662;8721;7.81;0.47;270.48;7.29;969;62;2981.00;59
7698;62;625685058;7698;298;8662;8721;7.74;0.47;270.50;7.29;964;62;2982.00;59
7700;62;625685071;7700;293;8666;8725;7.70;0.47;270.53;7.29;966;62;2983.00;59
7706;62;625685085;7706;295;8666;8725;7.64;0.46;270.53;7.29;960;62;2984.00;59
7708;62;625685098;7708;289;8666;8725;7.60;0.46;270.53;7.29;958;62;2985.00;59
7712;62;625685110;7712;278;8666;8725;7.54;0.46;270.53;7.29;954;62;2986.00;59
7714;62;625685123;7714;280;8666;8725;7.52;0.46;270.57;7.29;952;62;2987.00;59
7716;62;625685135;7716;273;8676;8737;7.50;0.46;270.55;7.28;960;62;2988.00;61
7717;62;625685149;7717;270;8677;8737;7.50;0.46;270.56;7.29;960;62;2989.00;60
7723;62;625685161;7723;273;8678;8737;7.47;0.45;270.58;7.28;955;62;2990.00;59
7725;62;625685174;7725;268;8678;8737;7.46;0.45;270.68;7.28;953;62;2991.00;59
7731;62;625685186;7731;264;8679;8737;7.39;0.45;270.65;7.32;948;62;2992.00;58
7736;62;625685198;7736;256;8679;8737;7.41;0.45;270.65;7.32;943;62;2993.00;58
7738;62;625685210;7738;253;8681;8738;7.44;0.45;270.64;7.33;943;62;2994.00;57
7740;62;625685222;7740;252;8683;8738;7.50;0.45;270.63;7.35;943;62;2995.00;55
7744;62;625685243;7744;245;8686;8744;7.51;0.45;270.72;7.35;942;62;2996.00;58
7749;62;625685272;7749;242;8688;8745;7.52;0.45;270.85;7.35;939;62;2997.00;57
7750;62;625685284;7750;234;8688;8745;7.54;0.45;270.84;7.35;938;62;2998.00;57
7753;62;625685296;7753;241;8688;8745;7.58;0.46;270.90;7.35;935;62;2999.00;57
7755;62;625685312;7755;235;8692;8765;7.62;0.46;270.92;7.34;937;62;3000.00;73
7759;62;625685331;7759;225;8692;8765;7.65;0.46;270.99;7.34;933;62;3001.00;73
7760;62;625685344;7760;224;8693;8765;7.72;0.47;270.96;7.34;933;62;3002.00;72
7762;62;625685356;7762;219;8694;8766;7.73;0.47;271.01;7.34;932;62;3003.00;72
7765;62;625685369;7765;218;8697;8770;7.76;0.47;271.02;7.34;932;62;3004.00;73
7769;62;625685382;7769;210;8698;8770;7.74;0.47;271.04;7.34;929;62;3005.00;72
7772;62;625685395;7772;211;8700;8773;7.86;0.47;271.05;7.34;928;62;3006.00;73
7774;62;625685408;7774;204;8701;8773;7.94;0.48;271.07;7.35;927;62;3007.00;72
7777;62;625685421;7777;212;8704;8773;8.01;0.48;271.15;7.35;927;62;3008.00;69
7781;62;625685434;7781;215;8705;8773;8.10;0.49;271.15;7.36;924;62;3009.00;68
7783;62;625685447;7783;212;8706;8777;8.19;0.49;271.18;7.36;923;62;3010.00;71
7787;62;625685460;7787;213;8710;8777;8.25;0.50;271.21;7.37;923;62;3011.00;67
7788;62;625685474;7788;212;8711;8777;8.36;0.50;271.26;7.37;923;62;3012.00;66
7792;62;625685487;7792;211;8713;8777;8.39;0.51;271.30;7.37;921;62;3013.00;64
7794;62;625685499;7794;206;8716;8778;8.45;0.51;271.30;7.37;922;62;3014.00;62
7795;62;625685512;7795;206;8720;8780;8.46;0.51;271.32;7.38;925;62;3015.00;60
7797;62;625685525;7797;200;8720;8780;8.50;0.52;271.32;7.38;923;62;3016.00;60
7800;62;625685537;7800;206;8722;8781;8.50;0.52;271.44;7.38;922;62;3017.00;59
7801;62;625685555;7801;203;8722;8781;8.53;0.52;271.42;7.38;921;62;3018.00;59
7803;62;625685568;7803;205;8724;8781;8.59;0.52;271.45;7.39;921;62;3019.00;57
7808;62;625685581;7808;209;8725;8781;8.63;0.52;271.53;7.41;917;62;3020.00;56
7811;62;625685594;7811;210;8726;8781;8.67;0.53;271.54;7.41;915;62;3021.00;55
7816;62;625685607;7816;216;8728;8781;8.72;0.53;271.61;7.43;912;62;3022.00;53
7820;62;625685620;7820;211;8728;8781;8.75;0.53;271.75;7.43;908;62;3023.00;53
7822;62;625685632;7822;234;8793;8908;8.63;0.53;271.77;7.40;971;62;3024.00;115
7826;62;625685661;7826;229;8797;8909;8.57;0.52;271.80;7.41;971;62;3025.00;112
7828;62;625685674;7828;220;8802;8909;8.57;0.52;271.87;7.42;974;62;3026.00;107
7830;62;625685693;7830;225;8807;8909;8.53;0.52;271.89;7.42;977;62;3027.00;102
7831;62;625685706;7831;224;8813;8909;8.58;0.53;271.89;7.44;982;62;3028.00;96
7834;62;625685718;7834;226;8816;8909;8.55;0.52;271.91;7.44;982;62;3029.00;93
7837;62;625685733;7837;229;8822;8909;8.56;0.53;271.93;7.45;985;62;3030.00;87
7838;62;625685746;7838;231;8826;8909;8.59;0.53;271.94;7.47;988;62;3031.00;83
7842;62;625685759;7842;235;8829;8910;8.65;0.53;271.94;7.47;987;62;3032.00;81
7843;62;625685772;7843;239;8832;8911;8.72;0.54;271.95;7.48;989;62;3033.00;79
7845;62;625685785;7845;250;8836;8911;8.80;0.54;272.02;7.50;991;62;3034.00;75
7846;62;625685798;7846;248;8842;8912;8.77;0.54;272.07;7.51;996;62;3035.00;70
7850;62;625685811;7850;256;8844;8912;8.64;0.53;272.04;7.52;994;62;3036.00;68
7852;62;625685823;7852;257;8850;8912;8.53;0.53;272.10;7.53;998;62;3037.00;62
7858;62;625685841;7858;270;8853;8912;8.37;0.52;272.06;7.55;995;62;3038.00;59
7859;62;625685854;7859;273;8858;8916;8.34;0.51;272.11;7.55;999;62;3039.00;58
7863;62;625685867;7863;268;8861;8916;8.25;0.51;272.14;7.56;998;62;3040.00;55
7866;62;625685880;7866;269;8864;8916;8.21;0.50;272.19;7.57;998;62;3041.00;52
7869;62;625685893;7869;267;8870;8919;8.23;0.51;272.26;7.58;1001;62;3042.00;49
7872;62;625685906;7872;267;8874;8919;8.20;0.50;272.25;7.59;1002;62;3043.00;45
7875;62;625685919;7875;275;8875;8919;8.12;0.50;272.42;7.59;1000;62;3044.00;44
7880;62;625685932;7880;272;8879;8923;8.03;0.49;272.42;7.59;999;62;3045.00;44
7884;62;625685946;7884;272;8881;8924;7.98;0.49;272.47;7.58;997;62;3046.00;43
7890;62;625685959;7890;275;8885;8924;7.88;0.48;272.55;7.61;995;62;3047.00;39
7892;62;625685973;7892;271;8887;8928;7.83;0.48;272.57;7.60;995;62;3048.00;41
7893;62;625685985;7893;270;8888;8928;7.82;0.48;272.61;7.60;995;62;3049.00;40
7895;62;625685997;7895;273;8888;8928;7.77;0.48;272.72;7.60;993;62;3050.00;40
7899;62;625686009;7899;282;8892;8929;7.66;0.47;272.76;7.61;993;62;3051.00;37
7904;62;625686021;7904;284;8892;8929;7.51;0.46;272.76;7.61;988;62;3052.00;37
7908;62;625686032;7908;290;8899;8935;7.44;0.45;272.74;7.62;991;62;3053.00;36
7912;62;625686044;7912;295;8899;8935;7.33;0.45;272.74;7.62;987;62;3054.00;36
7919;62;625686056;7919;302;8900;8936;7.19;0.44;272.73;7.62;981;62;3055.00;36
7921;62;625686068;7921;312;8901;8936;7.11;0.44;272.74;7.62;980;62;3056.00;35
7926;62;625686079;7926;320;8904;8936;6.96;0.43;272.76;7.63;978;62;3057.00;32
7930;62;625686090;7930;325;8904;8936;6.83;0.42;272.80;7.63;974;62;3058.00;32
7937;62;625686101;7937;336;8905;8936;6.67;0.41;272.80;7.63;968;62;3059.00;31
7941;62;625686118;7941;336;8929;8972;6.64;0.41;272.90;7.62;988;62;3060.00;43
7946;62;625686132;7946;332;8929;8972;6.53;0.40;272.97;7.62;983;62;3061.00;43
7951;62;625686143;7951;336;8933;8972;6.45;0.40;273.01;7.62;982;62;3062.00;39
7954;62;625686154;7954;337;8934;8972;6.41;0.39;273.08;7.62;980;62;3063.00;38
7958;62;625686164;7958;339;8936;8972;6.34;0.39;273.14;7.62;978;62;3064.00;36
7960;62;625686175;7960;340;8936;8972;6.31;0.39;273.15;7.62;976;62;3065.00;36
7962;62;625686185;7962;346;8940;8976;6.29;0.39;273.20;7.62;978;62;3066.00;36
7967;62;625686197;7967;345;8940;8976;6.26;0.38;273.20;7.62;973;62;3067.00;36
7971;62;625686208;7971;347;8943;8980;6.28;0.39;273.21;7.61;972;62;3068.00;37
7973;62;625686219;7973;341;8944;8981;6.31;0.39;273.21;7.61;971;62;3069.00;37
7975;62;625686230;7975;346;8945;8981;6.26;0.39;273.23;7.61;970;62;3070.00;36
7979;62;625686241;7979;340;8946;8981;6.20;0.38;273.25;7.61;967;62;3071.00;35
7983;62;625686252;7983;348;8956;8994;6.24;0.38;273.26;7.60;973;62;3072.00;38
7985;62;625686264;7985;351;8958;8994;6.21;0.38;273.31;7.60;973;62;3073.00;36
7986;62;625686275;7986;344;8958;8994;6.20;0.38;273.33;7.60;972;62;3074.00;36
7993;62;625686285;7993;351;8959;8995;6.15;0.38;273.54;7.60;966;62;3075.00;36
7995;62;625686296;7995;349;8959;8996;6.13;0.38;273.50;7.60;964;62;3076.00;37
8001;62;625686307;8001;351;8959;8996;6.11;0.38;273.60;7.60;958;62;3077.00;37
8006;62;625686318;8006;361;8962;8999;6.13;0.38;273.65;7.60;956;62;3078.00;37
8010;62;625686329;8010;363;8962;8999;6.14;0.38;273.67;7.60;952;62;3079.00;37
8015;62;625686339;8015;364;8962;8999;6.14;0.38;273.61;7.60;947;62;3080.00;37
8019;62;625686351;8019;367;8962;8999;6.07;0.37;273.60;7.60;943;62;3081.00;37
8024;62;625686361;8024;369;8966;9005;6.02;0.37;273.57;7.60;942;62;3082.00;39
8028;62;625686373;8028;366;8967;9005;6.01;0.37;273.63;7.60;939;62;3083.00;38
8031;62;625686385;8031;370;8967;9005;5.95;0.36;273.62;7.60;936;62;3084.00;38
8037;62;625686395;8037;361;8967;9005;5.90;0.36;273.57;7.60;930;62;3085.00;38
8041;62;625686406;8041;368;8970;9009;5.92;0.36;273.56;7.59;929;62;3086.00;39
8043;62;625686417;8043;369;8971;9010;5.93;0.36;273.54;7.59;928;62;3087.00;39
8051;62;625686431;8051;374;8971;9010;5.84;0.36;273.49;7.59;920;62;3088.00;39
8057;62;625686447;8057;378;8972;9011;5.81;0.35;273.52;7.59;915;62;3089.00;39
8060;62;625686469;8060;389;8972;9011;5.77;0.35;273.56;7.59;912;62;3090.00;39
8064;62;625686489;8064;389;8972;9011;5.74;0.35;273.52;7.59;908;62;3091.00;39
8067;62;625686506;8067;388;8972;9011;5.72;0.35;273.45;7.59;905;62;3092.00;39
8070;62;625686521;8070;390;8972;9011;5.69;0.35;273.39;7.59;902;62;3093.00;39
8071;62;625686538;8071;387;8972;9011;5.68;0.35;273.40;7.59;901;62;3094.00;39
8072;62;625686552;8072;389;8972;9011;5.70;0.35;273.38;7.59;900;62;3095.00;39
8076;62;625686563;8076;408;9011;9081;5.92;0.36;273.37;7.56;935;62;3096.00;70
8077;62;625686583;8077;406;9014;9082;6.00;0.37;273.34;7.56;937;62;3097.00;68
8081;62;625686595;8081;405;9020;9082;6.08;0.37;273.35;7.55;939;62;3098.00;62
8083;62;625686608;8083;404;9025;9082;6.17;0.38;273.36;7.55;942;62;3099.00;57
8084;62;625686621;8084;408;9029;9082;6.26;0.38;273.38;7.55;945;62;3100.00;53
8086;62;625686640;8086;412;9031;9082;6.33;0.39;273.40;7.55;945;62;3101.00;51
8087;62;625686654;8087;410;9036;9082;6.48;0.40;273.38;7.55;949;62;3102.00;46
8090;62;625686665;8090;410;9036;9082;6.46;0.40;273.34;7.55;946;62;3103.00;46
8093;62;625686677;8093;414;9039;9083;6.49;0.40;273.29;7.59;946;62;3104.00;44
8094;62;625686691;8094;423;9041;9085;6.49;0.40;273.28;7.59;947;62;3105.00;44
8096;62;625686703;8096;428;9042;9085;6.40;0.39;273.30;7.59;946;62;3106.00;43
8100;62;625686715;8100;404;9045;9089;6.37;0.39;273.27;7.59;945;62;3107.00;44
8100;62;625686729;8100;385;9045;9089;6.37;0.39;273.27;7.59;945;62;3108.00;44
8102;62;625686741;8102;378;9045;9089;6.41;0.39;273.32;7.59;943;62;3109.00;44
8104;62;625686753;8104;375;9045;9089;6.46;0.40;273.30;7.59;941;62;3110.00;44
8105;62;625686766;8105;365;9049;9095;6.52;0.40;273.29;7.59;944;62;3111.00;46
8106;63;625686779;8106;355;9050;9095;6.66;0.41;273.28;7.58;944;63;3112.00;45
8109;63;625686813;8109;346;9050;9095;6.75;0.41;273.38;7.58;941;63;3113.00;45
8113;63;625686827;8113;337;9053;9098;6.88;0.42;273.39;7.58;940;63;3114.00;45
8114;63;625686842;8114;331;9053;9098;7.03;0.43;273.36;7.58;939;63;3115.00;45
8115;63;625686856;8115;312;9053;9098;7.12;0.44;273.35;7.58;938;63;3116.00;45
8115;63;625686886;8115;297;9053;9099;7.25;0.44;273.35;7.58;938;63;3117.00;46
8118;63;625686899;8118;282;9054;9100;7.39;0.45;273.33;7.58;936;63;3118.00;46
8118;63;625686922;8118;270;9054;9100;7.53;0.46;273.33;7.58;936;63;3119.00;46
8120;63;625686938;8120;261;9073;9126;7.71;0.47;273.30;7.57;953;63;3120.00;53
8123;63;625686954;8123;258;9073;9126;7.82;0.48;273.28;7.57;950;63;3121.00;53
8127;63;625686970;8127;251;9075;9126;7.96;0.49;273.25;7.61;948;63;3122.00;51
8129;63;625686984;8129;250;9077;9127;8.10;0.49;273.24;7.61;948;63;3123.00;50
8131;63;625686998;8131;248;9078;9127;8.27;0.50;273.23;7.60;947;63;3124.00;49
8131;63;625687013;8131;246;9081;9131;8.40;0.51;273.23;7.60;950;63;3125.00;50
8133;63;625687027;8133;247;9081;9131;8.48;0.52;273.22;7.60;948;63;3126.00;50
8135;63;625687042;8135;246;9085;9135;8.51;0.52;273.24;7.60;950;63;3127.00;50
8138;63;625687056;8138;241;9085;9135;8.55;0.52;273.37;7.60;947;63;3128.00;50
8141;63;625687071;8141;243;9085;9135;8.55;0.52;273.37;7.60;944;63;3129.00;50
8144;63;625687086;8144;247;9085;9135;8.54;0.52;273.37;7.60;941;63;3130.00;50
8146;63;625687109;8146;247;9085;9135;8.51;0.52;273.32;7.60;939;63;3131.00;50
8148;63;625687123;8148;246;9094;9147;8.42;0.51;273.34;7.59;946;63;3132.00;53
8149;63;625687140;8149;245;9095;9147;8.37;0.51;273.37;7.59;946;63;3133.00;52
8154;63;625687154;8154;245;9096;9147;8.32;0.51;273.39;7.59;942;63;3134.00;51
8158;63;625687169;8158;248;9096;9147;8.38;0.51;273.36;7.59;938;63;3135.00;51
8161;63;625687182;8161;256;9096;9147;8.39;0.51;273.45;7.59;935;63;3136.00;51
8166;63;625687196;8166;258;9096;9147;8.42;0.51;273.54;7.59;930;63;3137.00;51
8169;63;625687209;8169;261;9096;9148;8.41;0.51;273.55;7.59;927;63;3138.00;52
8171;63;625687223;8171;255;9096;9148;8.38;0.51;273.60;7.59;925;63;3139.00;52
8177;63;625687236;8177;263;9100;9154;8.41;0.51;273.58;7.59;923;63;3140.00;54
8178;63;625687250;8178;265;9101;9155;8.43;0.51;273.61;7.59;923;63;3141.00;54
8181;63;625687264;8181;269;9102;9155;8.39;0.51;273.64;7.59;921;63;3142.00;53
8182;63;625687277;8182;270;9102;9155;8.35;0.51;273.69;7.59;920;63;3143.00;53
8184;63;625687290;8184;272;9105;9159;8.31;0.50;273.75;7.58;921;63;3144.00;54
8185;63;625687303;8185;274;9105;9159;8.15;0.49;273.77;7.58;920;63;3145.00;54
8187;63;625687316;8187;277;9105;9159;8.06;0.49;273.78;7.58;918;63;3146.00;54
8192;63;625687329;8192;282;9106;9160;7.97;0.48;273.90;7.58;914;63;3147.00;54
8194;63;625687342;8194;284;9109;9164;7.89;0.48;273.89;7.58;915;63;3148.00;55
8195;63;625687354;8195;293;9109;9164;7.87;0.48;273.90;7.58;914;63;3149.00;55
8198;63;625687368;8198;294;9112;9170;7.84;0.48;273.97;7.58;914;63;3150.00;58
8199;63;625687382;8199;292;9112;9170;7.82;0.48;274.00;7.58;913;63;3151.00;58
8199;63;625687395;8199;286;9113;9170;7.86;0.48;274.00;7.58;914;63;3152.00;57
8200;63;625687407;8200;281;9113;9170;7.85;0.48;274.00;7.58;913;63;3153.00;57
8204;63;625687419;8204;276;9116;9174;7.81;0.47;274.11;7.58;912;63;3154.00;58
8208;63;625687434;8208;275;9116;9174;7.78;0.47;274.19;7.58;908;63;3155.00;58
8210;63;625687447;8210;274;9117;9174;7.80;0.47;274.19;7.58;907;63;3156.00;57
8211;63;625687460;8211;269;9117;9174;7.79;0.47;274.18;7.58;906;63;3157.00;57
8214;63;625687472;8214;271;9118;9175;7.77;0.47;274.31;7.58;904;63;3158.00;57
8219;63;625687485;8219;267;9119;9176;7.69;0.47;274.34;7.58;900;63;3159.00;57
8223;63;625687496;8223;259;9120;9176;7.60;0.46;274.40;7.58;897;63;3160.00;56
8225;63;625687508;8225;259;9121;9177;7.54;0.46;274.40;7.57;896;63;3161.00;56
8228;63;625687519;8228;254;9121;9177;7.53;0.46;274.45;7.57;893;63;3162.00;56
8233;63;625687530;8233;248;9121;9177;7.54;0.46;274.45;7.57;888;63;3163.00;56
8236;63;625687542;8236;234;9122;9177;7.54;0.46;274.44;7.59;886;63;3164.00;55
8240;63;625687555;8240;224;9122;9177;7.60;0.46;274.53;7.59;882;63;3165.00;55
8244;63;625687566;8244;214;9123;9177;7.67;0.46;274.52;7.60;879;63;3166.00;54
8247;63;625687578;8247;211;9123;9177;7.71;0.47;274.55;7.60;876;63;3167.00;54
8250;63;625687589;8250;230;9190;9304;7.78;0.48;274.54;7.55;940;63;3168.00;114
8254;63;625687611;8254;216;9191;9305;7.80;0.48;274.59;7.54;937;63;3169.00;114
8258;63;625687623;8258;205;9199;9305;7.92;0.49;274.57;7.54;941;63;3170.00;106
8262;63;625687636;8262;197;9200;9305;7.98;0.49;274.62;7.54;938;63;3171.00;105
8267;63;625687648;8267;195;9205;9305;8.07;0.49;274.56;7.55;938;63;3172.00;100
8269;63;625687660;8269;196;9210;9305;8.19;0.50;274.58;7.55;941;63;3173.00;95
8271;63;625687672;8271;188;9216;9305;8.31;0.51;274.57;7.59;945;63;3174.00;89
8273;63;625687684;8273;188;9218;9305;8.40;0.51;274.57;7.59;945;63;3175.00;87
8277;63;625687696;8277;194;9221;9306;8.51;0.52;274.60;7.59;944;63;3176.00;85
8279;63;625687715;8279;190;9225;9307;8.60;0.52;274.57;7.60;946;63;3177.00;82
8282;63;625687728;8282;191;9228;9307;8.65;0.53;274.63;7.60;946;63;3178.00;79
8287;63;625687741;8287;196;9234;9308;8.71;0.53;274.76;7.60;947;63;3179.00;74
8289;63;625687756;8289;189;9236;9308;8.77;0.54;274.80;7.60;947;63;3180.00;72
8292;63;625687769;8292;195;9237;9308;8.76;0.53;274.80;7.60;945;63;3181.00;71
8296;63;625687781;8296;191;9240;9308;8.71;0.53;274.91;7.60;944;63;3182.00;68
8297;63;625687794;8297;191;9242;9312;8.67;0.53;274.97;7.60;945;63;3183.00;70
8302;63;625687806;8302;193;9244;9312;8.64;0.53;275.03;7.60;942;63;3184.00;68
8305;63;625687819;8305;201;9247;9312;8.62;0.52;275.08;7.62;942;63;3185.00;65
8307;63;625687832;8307;206;9250;9315;8.66;0.53;275.07;7.62;943;63;3186.00;65
8310;63;625687846;8310;209;9251;9315;8.67;0.53;275.10;7.62;941;63;3187.00;64
8313;63;625687859;8313;214;9252;9315;8.72;0.53;275.16;7.62;939;63;3188.00;63
8315;63;625687872;8315;223;9257;9319;8.77;0.53;275.16;7.63;942;63;3189.00;62
8317;63;625687888;8317;219;9259;9320;8.87;0.54;275.18;7.64;942;63;3190.00;61
8320;63;625687902;8320;226;9261;9322;8.87;0.54;275.25;7.64;941;63;3191.00;61
8322;64;625687916;8322;229;9265;9326;8.94;0.54;275.22;7.65;943;64;3192.00;61
8324;64;625687949;8324;232;9266;9326;8.93;0.54;275.22;7.66;942;64;3193.00;60
8328;64;625687962;8328;232;9267;9326;8.89;0.54;275.26;7.67;939;64;3194.00;59
8328;65;625687975;8328;239;9270;9328;8.87;0.54;275.26;7.68;942;65;3195.00;58
8332;65;625687999;8332;241;9271;9328;8.85;0.54;275.33;7.70;939;65;3196.00;57
8334;66;625688012;8334;246;9276;9334;8.86;0.54;275.35;7.70;942;66;3197.00;58
8337;66;625688036;8337;246;9277;9334;8.83;0.54;275.37;7.71;940;66;3198.00;57
8339;66;625688048;8339;245;9279;9335;8.74;0.53;275.38;7.73;940;66;3199.00;56
8341;66;625688062;8341;256;9280;9335;8.68;0.53;275.37;7.73;939;66;3200.00;55
8344;66;625688079;8344;252;9280;9335;8.61;0.53;275.51;7.73;936;66;3201.00;55
8350;66;625688092;8350;254;9281;9335;8.51;0.52;275.62;7.75;931;66;3202.00;54
8351;66;625688104;8351;255;9283;9335;8.43;0.52;275.60;7.76;932;66;3203.00;52
8356;66;625688116;8356;262;9293;9347;8.38;0.51;275.65;7.77;937;66;3204.00;54
8360;66;625688129;8360;268;9294;9347;8.31;0.51;275.62;7.77;934;66;3205.00;53
8365;66;625688140;8365;270;9297;9347;8.25;0.50;275.68;7.78;932;66;3206.00;50
8366;66;625688153;8366;272;9298;9347;8.24;0.50;275.71;7.79;932;66;3207.00;49
8369;66;625688164;8369;279;9298;9347;8.17;0.50;275.75;7.79;929;66;3208.00;49
8372;66;625688176;8372;285;9300;9347;8.07;0.49;275.79;7.80;928;66;3209.00;47
8375;66;625688189;8375;289;9303;9351;8.01;0.49;275.83;7.80;928;66;3210.00;48
8376;66;625688200;8376;283;9303;9351;7.93;0.49;275.83;7.80;927;66;3211.00;48
8379;66;625688212;8379;284;9308;9355;7.87;0.48;275.89;7.81;929;66;3212.00;47
8381;66;625688223;8381;279;9309;9356;7.84;0.48;275.90;7.81;928;66;3213.00;47
8385;66;625688234;8385;287;9312;9356;7.76;0.48;275.95;7.82;927;66;3214.00;44
8386;66;625688245;8386;289;9312;9356;7.71;0.47;275.92;7.82;926;66;3215.00;44
8389;66;625688256;8389;296;9324;9369;7.70;0.47;275.94;7.81;935;66;3216.00;45
8393;66;625688269;8393;297;9325;9369;7.67;0.47;276.04;7.81;932;66;3217.00;44
8396;66;625688280;8396;302;9325;9369;7.68;0.47;276.00;7.81;929;66;3218.00;44
8397;66;625688290;8397;305;9327;9370;7.70;0.47;275.98;7.82;930;66;3219.00;43
8400;66;625688301;8400;305;9327;9371;7.70;0.47;275.96;7.82;927;66;3220.00;44
8402;66;625688313;8402;304;9327;9371;7.65;0.47;276.00;7.82;925;66;3221.00;44
8407;66;625688323;8407;308;9332;9374;7.60;0.47;276.02;7.84;925;66;3222.00;42
8409;66;625688334;8409;313;9332;9374;7.56;0.46;276.00;7.84;923;66;3223.00;42
8417;66;625688345;8417;317;9334;9374;7.45;0.46;276.03;7.84;917;66;3224.00;40
8418;66;625688355;8418;322;9334;9374;7.38;0.45;276.01;7.84;916;66;3225.00;40
8426;66;625688366;8426;328;9339;9380;7.25;0.44;275.99;7.84;913;66;3226.00;41
8427;66;625688376;8427;334;9340;9380;7.17;0.44;276.05;7.85;913;66;3227.00;40
8432;66;625688386;8432;346;9341;9380;7.02;0.43;276.00;7.85;909;66;3228.00;39
8434;66;625688397;8434;352;9344;9380;6.77;0.42;275.95;7.86;910;66;3229.00;36
8438;66;625688406;8438;348;9347;9384;6.64;0.41;275.98;7.86;909;66;3230.00;37
8442;66;625688416;8442;341;9348;9385;6.54;0.40;276.03;7.86;906;66;3231.00;37
8442;66;625688426;8442;341;9349;9385;6.49;0.40;276.03;7.86;907;66;3232.00;36
8445;66;625688440;8445;340;9350;9386;6.41;0.40;276.09;7.86;905;66;3233.00;36
8451;66;625688454;8451;341;9350;9386;6.33;0.39;276.03;7.86;899;66;3234.00;36
8454;66;625688473;8454;345;9353;9386;6.27;0.39;275.97;7.87;899;66;3235.00;33
8456;66;625688498;8456;352;9353;9386;6.23;0.38;275.99;7.87;897;66;3236.00;33
8459;66;625688512;8459;353;9354;9386;6.20;0.38;275.94;7.88;895;66;3237.00;32
8464;66;625688526;8464;354;9354;9386;6.15;0.38;275.87;7.88;890;66;3238.00;32
8469;66;625688541;8469;356;9354;9386;6.08;0.37;275.89;7.88;885;66;3239.00;32
8472;66;625688557;8472;356;9414;9511;6.33;0.39;275.88;7.83;942;66;3240.00;97
8475;66;625688578;8475;360;9419;9512;6.26;0.39;275.87;7.83;944;66;3241.00;93
8476;66;625688591;8476;369;9427;9512;6.30;0.39;275.86;7.82;951;66;3242.00;85
8478;66;625688602;8478;372;9432;9512;6.23;0.38;275.83;7.82;954;66;3243.00;80
8481;66;625688613;8481;369;9437;9512;6.25;0.38;275.86;7.82;956;66;3244.00;75
8483;66;625688624;8483;379;9440;9512;6.24;0.38;275.85;7.82;957;66;3245.00;72
8485;66;625688635;8485;381;9444;9512;6.22;0.38;275.85;7.82;959;66;3246.00;68
8488;66;625688646;8488;383;9447;9512;6.23;0.38;275.82;7.82;959;66;3247.00;65
8494;66;625688658;8494;388;9455;9513;6.16;0.38;275.92;7.82;961;66;3248.00;58
8498;66;625688675;8498;384;9456;9514;6.13;0.38;275.88;7.82;958;66;3249.00;58
8501;66;625688688;8501;392;9459;9514;6.10;0.37;275.90;7.86;958;66;3250.00;55
8502;66;625688701;8502;390;9462;9518;6.08;0.37;275.91;7.86;960;66;3251.00;56
8505;66;625688717;8505;391;9464;9518;5.96;0.37;275.88;7.86;959;66;3252.00;54
8508;66;625688733;8508;394;9465;9518;5.88;0.36;275.92;7.86;957;66;3253.00;53
8510;66;625688746;8510;393;9466;9518;5.86;0.36;275.90;7.86;956;66;3254.00;52
8513;66;625688758;8513;399;9470;9524;5.84;0.36;275.92;7.86;957;66;3255.00;54
8515;66;625688770;8515;396;9471;9524;5.88;0.36;275.94;7.86;956;66;3256.00;53
8517;66;625688782;8517;399;9472;9524;5.88;0.36;275.94;7.86;955;66;3257.00;52
8519;66;625688793;8519;405;9474;9527;5.91;0.36;275.94;7.86;955;66;3258.00;53
8522;66;625688805;8522;395;9475;9527;5.88;0.36;275.94;7.86;953;66;3259.00;52
8523;66;625688817;8523;385;9475;9527;5.88;0.36;275.95;7.86;952;66;3260.00;52
8528;66;625688830;8528;381;9475;9528;5.89;0.36;275.97;7.86;947;66;3261.00;53
8532;66;625688843;8532;373;9476;9529;5.88;0.36;276.02;7.86;944;66;3262.00;53
8535;66;625688855;8535;374;9476;9529;5.90;0.36;276.02;7.86;941;66;3263.00;53
8539;66;625688867;8539;372;9487;9542;6.03;0.37;276.01;7.85;948;66;3264.00;55
8543;66;625688882;8543;366;9487;9542;6.07;0.37;275.96;7.85;944;66;3265.00;55
8549;66;625688895;8549;365;9487;9542;6.09;0.37;275.90;7.85;938;66;3266.00;55
8551;66;625688907;8551;362;9488;9543;6.24;0.38;275.92;7.85;937;66;3267.00;55
8556;66;625688920;8556;353;9488;9543;6.29;0.38;275.90;7.85;932;66;3268.00;55
8559;66;625688938;8559;356;9492;9547;6.35;0.39;275.95;7.89;933;66;3269.00;55
8561;66;625688953;8561;350;9492;9547;6.43;0.39;275.94;7.89;931;66;3270.00;55
8565;66;625688965;8565;353;9496;9551;6.54;0.40;275.92;7.88;931;66;3271.00;55
8568;66;625688979;8568;357;9496;9551;6.56;0.40;275.88;7.88;928;66;3272.00;55
8569;66;625688991;8569;356;9496;9551;6.56;0.40;275.87;7.88;927;66;3273.00;55
8570;66;625689004;8570;353;9496;9551;6.56;0.40;275.88;7.88;926;66;3274.00;55
8570;66;625689017;8570;360;9496;9551;6.57;0.40;275.88;7.88;926;66;3275.00;55
8573;66;625689029;8573;368;9505;9563;6.68;0.41;275.83;7.88;932;66;3276.00;58
8577;66;625689043;8577;367;9505;9563;6.72;0.41;275.82;7.88;928;66;3277.00;58
8577;66;625689058;8577;365;9507;9563;6.81;0.41;275.82;7.87;930;66;3278.00;56
8580;66;625689071;8580;365;9507;9563;6.95;0.42;275.81;7.87;927;66;3279.00;56
8583;66;625689085;8583;365;9507;9563;7.03;0.43;275.92;7.87;924;66;3280.00;56
8585;66;625689099;8585;364;9507;9563;7.14;0.43;275.92;7.87;922;66;3281.00;56
8588;66;625689113;8588;368;9508;9564;7.15;0.43;275.93;7.92;920;66;3282.00;56
8590;66;625689134;8590;356;9508;9564;7.20;0.44;275.92;7.92;918;66;3283.00;56
8591;66;625689153;8591;353;9512;9570;7.25;0.44;275.92;7.91;921;66;3284.00;58
8594;66;625689167;8594;354;9514;9572;7.21;0.44;275.92;7.91;920;66;3285.00;58
8595;66;625689180;8595;340;9515;9572;7.22;0.44;275.91;7.91;920;66;3286.00;57
8596;66;625689194;8596;331;9515;9572;7.22;0.44;275.92;7.91;919;66;3287.00;57
8598;66;625689208;8598;319;9518;9576;7.25;0.44;275.98;7.91;920;66;3288.00;58
8601;66;625689222;8601;308;9518;9576;7.33;0.45;276.03;7.91;917;66;3289.00;58
8602;66;625689236;8602;303;9518;9576;7.49;0.45;276.09;7.91;916;66;3290.00;58
8605;66;625689249;8605;295;9519;9577;7.62;0.46;276.11;7.91;914;66;3291.00;58
8608;66;625689263;8608;292;9522;9581;7.71;0.47;276.18;7.90;914;66;3292.00;59
8610;67;625689277;8610;298;9522;9581;7.77;0.47;276.21;7.90;912;67;3293.00;59
8611;67;625689308;8611;301;9524;9584;7.87;0.48;276.24;7.90;913;67;3294.00;60
8614;67;625689322;8614;305;9524;9584;7.88;0.48;276.29;7.90;910;67;3295.00;60
8615;67;625689335;8615;310;9525;9584;7.88;0.48;276.31;7.90;910;67;3296.00;59
8618;67;625689349;8618;312;9525;9584;7.86;0.48;276.31;7.90;907;67;3297.00;59
8620;67;625689363;8620;313;9528;9588;7.88;0.48;276.32;7.90;908;67;3298.00;60
8622;67;625689376;8622;317;9528;9588;7.90;0.48;276.36;7.90;906;67;3299.00;60
8623;67;625689392;8623;313;9532;9607;7.92;0.48;276.39;7.90;909;67;3300.00;75
8629;67;625689412;8629;312;9533;9607;7.91;0.48;276.39;7.90;904;67;3301.00;74
8629;67;625689425;8629;308;9533;9608;7.96;0.48;276.39;7.90;904;67;3302.00;75
8634;67;625689439;8634;310;9534;9609;7.91;0.48;276.45;7.90;900;67;3303.00;75
8636;67;625689453;8636;307;9534;9609;7.89;0.48;276.48;7.90;898;67;3304.00;75
8637;67;625689466;8637;297;9535;9610;7.90;0.48;276.47;7.90;898;67;3305.00;75
8640;67;625689480;8640;301;9536;9610;7.92;0.48;276.53;7.90;896;67;3306.00;74
8645;67;625689493;8645;296;9537;9610;7.89;0.48;276.54;7.89;892;67;3307.00;73
8647;67;625689505;8647;300;9537;9610;7.92;0.48;276.53;7.89;890;67;3308.00;73
8651;67;625689517;8651;295;9537;9610;7.89;0.48;276.50;7.89;886;67;3309.00;73
8652;67;625689529;8652;294;9537;9610;7.97;0.48;276.54;7.89;885;67;3310.00;73
8658;67;625689541;8658;297;9537;9610;7.93;0.48;276.54;7.89;879;67;3311.00;73
8661;67;625689553;8661;323;9606;9737;7.90;0.49;276.67;7.84;945;67;3312.00;131
8662;67;625689575;8662;316;9611;9738;7.91;0.49;276.69;7.84;949;67;3313.00;127
8665;67;625689587;8665;310;9615;9738;7.96;0.49;276.71;7.88;950;67;3314.00;123
8667;67;625689600;8667;303;9616;9738;8.03;0.49;276.80;7.88;949;67;3315.00;122
8670;67;625689612;8670;300;9619;9738;8.05;0.50;276.80;7.88;949;67;3316.00;119
8674;67;625689623;8674;302;9622;9738;8.04;0.49;276.85;7.88;948;67;3317.00;116
8675;67;625689635;8675;308;9626;9738;8.04;0.49;276.84;7.88;951;67;3318.00;112
8679;67;625689648;8679;318;9630;9738;7.98;0.49;276.85;7.88;951;67;3319.00;108
8682;67;625689665;8682;313;9632;9739;7.99;0.49;276.87;7.88;950;67;3320.00;107
8684;67;625689678;8684;313;9635;9740;8.01;0.49;276.85;7.88;951;67;3321.00;105
8685;67;625689691;8685;314;9637;9740;8.00;0.49;276.91;7.88;952;67;3322.00;103
8690;67;625689703;8690;314;9640;9741;7.94;0.49;276.92;7.88;950;67;3323.00;101
8694;67;625689716;8694;317;9643;9741;7.89;0.48;277.00;7.88;949;67;3324.00;98
8696;67;625689728;8696;318;9645;9741;7.86;0.48;276.98;7.88;949;67;3325.00;96
8699;67;625689741;8699;314;9646;9741;7.88;0.48;276.99;7.89;947;67;3326.00;95
8702;67;625689753;8702;314;9648;9745;7.86;0.48;277.01;7.89;946;67;3327.00;97
8706;67;625689765;8706;312;9650;9745;7.78;0.48;277.04;7.93;944;67;3328.00;95
8708;67;625689782;8708;313;9651;9745;7.72;0.47;277.07;7.93;943;67;3329.00;94
8709;67;625689796;8709;307;9655;9751;7.67;0.47;277.09;7.94;946;67;3330.00;96
8711;67;625689814;8711;303;9656;9751;7.62;0.46;277.06;7.94;945;67;3331.00;95
8715;67;625689832;8715;302;9660;9751;7.54;0.46;277.14;7.98;945;67;3332.00;91
8717;67;625689844;8717;294;9664;9755;7.45;0.45;277.15;7.98;947;67;3333.00;91
8720;67;625689856;8720;288;9667;9756;7.43;0.45;277.21;8.03;947;67;3334.00;89
8723;67;625689868;8723;280;9670;9756;7.35;0.45;277.19;8.05;947;67;3335.00;86
8726;67;625689881;8726;277;9674;9760;7.31;0.44;277.25;8.10;948;67;3336.00;86
8729;67;625689894;8729;273;9675;9760;7.30;0.44;277.30;8.10;946;67;3337.00;85
8731;67;625689906;8731;264;9675;9760;7.34;0.45;277.35;8.10;944;67;3338.00;85
8735;67;625689918;8735;263;9678;9761;7.35;0.45;277.45;8.15;943;67;3339.00;83
8738;67;625689931;8738;260;9678;9761;7.40;0.45;277.47;8.15;940;67;3340.00;83
8739;67;625689943;8739;260;9684;9767;7.43;0.45;277.53;8.20;945;67;3341.00;83
8744;67;625689956;8744;252;9685;9767;7.47;0.45;277.60;8.20;941;67;3342.00;82
8746;67;625689969;8746;253;9687;9768;7.50;0.46;277.62;8.25;941;67;3343.00;81
8750;67;625689981;8750;256;9688;9768;7.54;0.46;277.74;8.26;938;67;3344.00;80
8754;67;625689994;8754;250;9689;9768;7.56;0.46;277.79;8.26;935;67;3345.00;79
8757;67;625690006;8757;246;9691;9768;7.63;0.46;277.80;8.26;934;67;3346.00;77
8759;67;625690018;8759;245;9693;9768;7.69;0.46;277.81;8.31;934;67;3347.00;75
8760;67;625690030;8760;248;9703;9780;7.84;0.47;277.79;8.30;943;67;3348.00;77
8763;67;625690043;8763;249;9708;9780;7.85;0.47;277.87;8.35;945;67;3349.00;72
8765;67;625690056;8765;253;9709;9780;7.83;0.47;277.85;8.35;944;67;3350.00;71
8765;67;625690068;8765;252;9712;9780;7.83;0.47;277.85;8.36;947;67;3351.00;68
8766;67;625690080;8766;254;9713;9780;7.84;0.47;277.86;8.36;947;67;3352.00;67
8768;67;625690093;8768;253;9713;9780;7.85;0.47;277.84;8.36;945;67;3353.00;67
8769;67;625690105;8769;256;9717;9784;7.82;0.47;277.84;8.36;948;67;3354.00;67
8771;67;625690118;8771;261;9717;9784;7.82;0.47;277.90;8.36;946;67;3355.00;67
8774;67;625690130;8774;263;9720;9788;7.90;0.48;277.92;8.36;946;67;3356.00;68
8778;67;625690144;8778;262;9721;9789;7.94;0.48;277.90;8.36;943;67;3357.00;68
8779;67;625690156;8779;260;9722;9789;7.95;0.48;277.90;8.35;943;67;3358.00;67
8781;67;625690168;8781;266;9722;9789;7.97;0.48;277.90;8.35;941;67;3359.00;67
8784;67;625690182;8784;276;9740;9818;7.90;0.48;277.87;8.35;956;67;3360.00;78
8785;67;625690197;8785;276;9743;9818;7.89;0.48;277.86;8.36;958;67;3361.00;75
8789;67;625690209;8789;284;9746;9818;7.88;0.48;277.89;8.36;957;67;3362.00;72
8794;67;625690221;8794;287;9750;9819;7.84;0.47;277.88;8.38;956;67;3363.00;69
8795;67;625690234;8795;292;9752;9820;7.79;0.47;277.89;8.38;957;67;3364.00;68
8797;67;625690246;8797;296;9753;9820;7.75;0.47;277.91;8.39;956;67;3365.00;67
8800;67;625690259;8800;302;9757;9823;7.74;0.47;278.03;8.40;957;67;3366.00;66
8803;67;625690272;8803;308;9758;9823;7.72;0.47;278.05;8.41;955;67;3367.00;65
8807;67;625690284;8807;308;9759;9823;7.70;0.47;278.04;8.43;952;67;3368.00;64
8807;67;625690296;8807;313;9760;9823;7.71;0.47;278.04;8.44;953;67;3369.00;63
8809;67;625690308;8809;322;9765;9829;7.69;0.47;278.02;8.45;956;67;3370.00;64
8811;67;625690320;8811;325;9768;9829;7.56;0.46;278.02;8.47;957;67;3371.00;61
8812;67;625690338;8812;326;9769;9829;7.51;0.46;278.00;8.48;957;67;3372.00;60
8815;67;625690349;8815;334;9769;9829;7.40;0.45;278.06;8.48;954;67;3373.00;60
8816;67;625690361;8816;340;9774;9833;7.29;0.45;278.07;8.49;958;67;3374.00;59
8817;67;625690373;8817;347;9776;9835;7.21;0.44;278.05;8.49;959;67;3375.00;59
8818;67;625690385;8818;353;9778;9835;7.17;0.44;278.03;8.51;960;67;3376.00;57
8819;67;625690396;8819;354;9779;9836;7.10;0.44;278.01;8.51;960;67;3377.00;57
8823;67;625690408;8823;357;9779;9836;7.02;0.43;278.08;8.51;956;67;3378.00;57
8825;67;625690419;8825;355;9781;9836;6.96;0.43;278.04;8.52;956;67;3379.00;55
8826;67;625690430;8826;357;9782;9836;6.93;0.43;278.03;8.53;956;67;3380.00;54
8829;67;625690447;8829;351;9782;9836;6.89;0.42;277.98;8.53;953;67;3381.00;54
8830;67;625690467;8830;354;9782;9836;6.87;0.42;277.97;8.53;952;67;3382.00;54
8831;67;625690485;8831;354;9782;9836;6.85;0.42;277.94;8.53;951;67;3383.00;54
8834;67;625690503;8834;360;9816;9906;6.96;0.43;277.93;8.50;982;67;3384.00;90
8836;67;625690538;8836;357;9823;9907;6.88;0.42;277.88;8.52;987;67;3385.00;84
8838;67;625690555;8838;356;9830;9907;6.86;0.42;277.87;8.52;992;67;3386.00;77
8841;67;625690569;8841;364;9833;9907;6.79;0.42;277.81;8.51;992;67;3387.00;74
8842;67;625690582;8842;378;9838;9907;6.78;0.42;277.79;8.51;996;67;3388.00;69
8844;67;625690595;8844;386;9840;9907;6.74;0.41;277.93;8.51;996;67;3389.00;67
8845;67;625690609;8845;392;9845;9907;6.75;0.41;277.94;8.51;1000;67;3390.00;62
8847;67;625690620;8847;401;9854;9907;6.63;0.41;277.91;8.56;1007;67;3391.00;53
8850;67;625690640;8850;401;9857;9908;6.56;0.40;277.88;8.56;1007;67;3392.00;51
8855;68;625690660;8855;406;9861;9909;6.43;0.40;277.81;8.57;1006;68;3393.00;48
8856;68;625690684;8856;411;9863;9909;6.37;0.39;277.81;8.57;1007;68;3394.00;46
8861;69;625690695;8861;415;9867;9913;6.24;0.38;277.77;8.57;1006;69;3395.00;46
8864;69;625690726;8864;417;9868;9913;6.16;0.38;277.71;8.57;1004;69;3396.00;45
8870;69;625690738;8870;421;9868;9913;6.00;0.37;277.63;8.57;998;69;3397.00;45
8875;69;625690749;8875;422;9869;9913;5.83;0.36;277.60;8.58;994;69;3398.00;44
8878;69;625690759;8878;437;9873;9919;5.71;0.35;277.56;8.58;995;69;3399.00;46
8882;69;625690771;8882;429;9874;9919;5.56;0.34;277.55;8.58;992;69;3400.00;45
8886;69;625690788;8886;430;9875;9919;5.47;0.34;277.54;8.58;989;69;3401.00;44
8890;69;625690799;8890;439;9878;9922;5.40;0.33;277.56;8.58;988;69;3402.00;44
8892;69;625690811;8892;435;9878;9922;5.35;0.33;277.56;8.58;986;69;3403.00;44
8896;69;625690822;8896;431;9878;9922;5.26;0.32;277.52;8.58;982;69;3404.00;44
8899;69;625690833;8899;438;9879;9923;5.24;0.32;277.50;8.59;980;69;3405.00;44
8901;69;625690844;8901;444;9881;9924;5.27;0.32;277.51;8.59;980;69;3406.00;43
8905;69;625690855;8905;444;9882;9924;5.28;0.32;277.51;8.59;977;69;3407.00;42
8908;69;625690865;8908;449;9891;9937;5.37;0.33;277.49;8.58;983;69;3408.00;46
8909;69;625690877;8909;444;9892;9937;5.41;0.33;277.51;8.58;983;69;3409.00;45
8914;69;625690888;8914;447;9893;9937;5.47;0.34;277.44;8.58;979;69;3410.00;44
8917;69;625690899;8917;425;9894;9938;5.52;0.34;277.55;8.58;977;69;3411.00;44
8921;69;625690911;8921;415;9894;9938;5.61;0.34;277.50;8.58;973;69;3412.00;44
8922;69;625690924;8922;401;9898;9942;5.70;0.35;277.50;8.58;976;69;3413.00;44
8925;69;625690936;8925;395;9898;9942;5.79;0.35;277.48;8.58;973;69;3414.00;44
8927;69;625690948;8927;389;9901;9946;5.90;0.36;277.51;8.58;974;69;3415.00;45
8930;70;625690960;8930;380;9901;9946;5.98;0.36;277.48;8.58;971;70;3416.00;45
8935;70;625690986;8935;368;9901;9946;6.00;0.37;277.48;8.58;966;70;3417.00;45
8936;70;625690999;8936;356;9901;9946;6.07;0.37;277.48;8.58;965;70;3418.00;45
8942;70;625691017;8942;349;9901;9946;6.16;0.38;277.43;8.58;959;70;3419.00;45
8946;70;625691031;8946;349;9926;9980;6.43;0.39;277.44;8.55;980;70;3420.00;54
8949;70;625691046;8949;345;9926;9980;6.55;0.40;277.46;8.55;977;70;3421.00;54
8952;70;625691058;8952;339;9927;9980;6.65;0.41;277.40;8.55;975;70;3422.00;53
8953;70;625691077;8953;332;9927;9980;6.71;0.41;277.42;8.55;974;70;3423.00;53
8958;70;625691090;8958;329;9928;9980;6.76;0.41;277.41;8.55;970;70;3424.00;52
8959;70;625691104;8959;319;9929;9980;6.83;0.42;277.39;8.55;970;70;3425.00;51
8964;70;625691118;8964;316;9929;9981;6.89;0.42;277.36;8.55;965;70;3426.00;52
8968;70;625691131;8968;311;9930;9981;6.91;0.42;277.36;8.55;962;70;3427.00;51
8970;70;625691144;8970;311;9934;9987;6.92;0.42;277.33;8.61;964;70;3428.00;53
8973;70;625691164;8973;312;9936;9988;6.99;0.43;277.39;8.60;963;70;3429.00;52
8975;70;625691177;8975;313;9936;9988;7.02;0.43;277.40;8.60;961;70;3430.00;52
8978;70;625691190;8978;314;9937;9988;7.06;0.43;277.50;8.60;959;70;3431.00;51
8981;70;625691203;8981;315;9940;9992;7.06;0.43;277.54;8.60;959;70;3432.00;52
8986;70;625691217;8986;315;9940;9992;7.08;0.43;277.61;8.60;954;70;3433.00;52
8989;70;625691230;8989;313;9940;9992;7.14;0.44;277.61;8.60;951;70;3434.00;52
8992;70;625691243;8992;319;9941;9993;7.17;0.44;277.66;8.60;949;70;3435.00;52
8994;70;625691263;8994;321;9944;9997;7.24;0.44;277.67;8.60;950;70;3436.00;53
8996;70;625691275;8996;327;9944;9997;7.29;0.45;277.68;8.60;948;70;3437.00;53
9001;70;625691288;9001;324;9946;10000;7.31;0.45;277.76;8.60;945;70;3438.00;54
9006;70;625691301;9006;328;9947;10000;7.32;0.45;277.86;8.59;941;70;3439.00;53
9009;70;625691314;9009;325;9947;10000;7.24;0.44;277.88;8.59;938;70;3440.00;53
9010;70;625691327;9010;324;9947;10000;7.22;0.44;277.92;8.59;937;70;3441.00;53
9016;70;625691339;9016;327;9950;10004;7.14;0.44;278.02;8.59;934;70;3442.00;54
9020;70;625691352;9020;337;9951;10004;7.11;0.44;277.99;8.59;931;70;3443.00;53
9025;70;625691364;9025;344;9951;10004;6.96;0.43;278.08;8.59;926;70;3444.00;53
9028;70;625691377;9028;349;9951;10004;6.91;0.42;278.12;8.59;923;70;3445.00;53
9031;70;625691389;9031;348;9951;10005;6.83;0.42;278.11;8.59;920;70;3446.00;54
9035;70;625691402;9035;344;9952;10006;6.81;0.41;278.15;8.59;917;70;3447.00;54
9038;70;625691414;9038;339;9952;10006;6.79;0.41;278.23;8.59;914;70;3448.00;54
9041;70;625691427;9041;339;9953;10007;6.78;0.41;278.23;8.59;912;70;3449.00;54
9046;70;625691444;9046;333;9953;10007;6.81;0.41;278.25;8.59;907;70;3450.00;54
9049;70;625691457;9049;327;9953;10007;6.88;0.42;278.31;8.59;904;70;3451.00;54
9054;70;625691470;9054;320;9953;10007;6.92;0.42;278.42;8.59;899;70;3452.00;54
9055;70;625691483;9055;319;9953;10007;7.03;0.43;278.41;8.59;898;70;3453.00;54
9058;70;625691495;9058;319;9953;10007;7.05;0.43;278.48;8.59;895;70;3454.00;54
9061;70;625691519;9061;323;9953;10007;7.04;0.43;278.52;8.59;892;70;3455.00;54
9062;70;625691531;9062;336;10027;10134;7.34;0.45;278.60;8.53;965;70;3456.00;107
9065;70;625691553;9065;316;10029;10135;7.41;0.46;278.67;8.53;964;70;3457.00;106
9067;70;625691567;9067;300;10036;10135;7.57;0.47;278.71;8.52;969;70;3458.00;99
9070;70;625691580;9070;290;10041;10135;7.65;0.47;278.75;8.52;971;70;3459.00;94
9072;70;625691598;9072;289;10046;10135;7.75;0.48;278.77;8.52;974;70;3460.00;89
9074;70;625691612;9074;291;10050;10135;7.80;0.48;278.78;8.51;976;70;3461.00;85
9078;70;625691625;9078;286;10055;10135;7.85;0.48;278.86;8.51;977;70;3462.00;80
9080;70;625691654;9080;284;10057;10135;7.88;0.48;278.92;8.51;977;70;3463.00;78
9082;70;625691667;9082;290;10061;10136;7.93;0.49;278.96;8.51;979;70;3464.00;75
9084;70;625691681;9084;292;10063;10138;7.93;0.49;278.99;8.51;979;70;3465.00;75
9087;70;625691694;9087;295;10065;10138;7.87;0.48;279.05;8.57;978;70;3466.00;73
9090;70;625691708;9090;298;10066;10139;7.87;0.48;279.05;8.57;976;70;3467.00;73
9093;70;625691721;9093;294;10067;10139;7.86;0.48;279.07;8.57;974;70;3468.00;72
9094;70;625691740;9094;292;10068;10139;7.81;0.48;279.10;8.57;974;70;3469.00;71
9097;70;625691754;9097;289;10070;10139;7.76;0.48;279.11;8.57;973;70;3470.00;69
9099;70;625691767;9099;284;10073;10143;7.76;0.48;279.11;8.57;974;70;3471.00;70
9100;70;625691780;9100;281;10074;10143;7.78;0.48;279.14;8.57;974;70;3472.00;69
9102;70;625691793;9102;281;10075;10143;7.81;0.48;279.17;8.57;973;70;3473.00;68
9105;70;625691806;9105;277;10078;10146;7.85;0.48;279.15;8.57;973;70;3474.00;68
9108;70;625691819;9108;277;10079;10146;7.82;0.48;279.21;8.57;971;70;3475.00;67
9111;70;625691831;9111;271;10080;10146;7.84;0.48;279.24;8.57;969;70;3476.00;66
9113;70;625691844;9113;271;10083;10150;7.82;0.48;279.25;8.57;970;70;3477.00;67
9115;70;625691857;9115;271;10085;10151;7.85;0.48;279.24;8.57;970;70;3478.00;66
9119;70;625691870;9119;277;10085;10151;7.85;0.48;279.28;8.57;966;70;3479.00;66
9120;70;625691884;9120;274;10090;10156;7.85;0.48;279.27;8.56;970;70;3480.00;66
9121;70;625691897;9121;279;10090;10156;7.87;0.48;279.27;8.56;969;70;3481.00;66
9123;70;625691909;9123;280;10090;10156;7.85;0.48;279.31;8.56;967;70;3482.00;66
9127;70;625691922;9127;284;10091;10157;7.82;0.48;279.37;8.56;964;70;3483.00;66
9130;70;625691935;9130;285;10091;10157;7.79;0.47;279.33;8.56;961;70;3484.00;66
9131;70;625691948;9131;291;10095;10163;7.74;0.47;279.36;8.56;964;70;3485.00;68
9132;70;625691962;9132;295;10095;10163;7.68;0.47;279.35;8.56;963;70;3486.00;68
9134;70;625691976;9134;296;10096;10164;7.63;0.46;279.33;8.56;962;70;3487.00;68
9137;70;625691990;9137;304;10096;10164;7.58;0.46;279.42;8.56;959;70;3488.00;68
9141;70;625692003;9141;300;10096;10164;7.55;0.46;279.37;8.56;955;70;3489.00;68
9144;70;625692016;9144;298;10096;10164;7.55;0.46;279.38;8.56;952;70;3490.00;68
9145;70;625692029;9145;297;10096;10164;7.55;0.46;279.40;8.56;951;70;3491.00;68
9149;70;625692042;9149;292;10106;10176;7.62;0.46;279.38;8.55;957;70;3492.00;70
9152;70;625692057;9152;286;10106;10176;7.59;0.46;279.37;8.55;954;70;3493.00;70
9155;70;625692070;9155;277;10107;10176;7.60;0.46;279.37;8.55;952;70;3494.00;69
9157;70;625692088;9157;275;10107;10176;7.57;0.46;279.38;8.55;950;70;3495.00;69
9160;70;625692101;9160;274;10107;10176;7.58;0.46;279.39;8.55;947;70;3496.00;69
9163;70;625692112;9163;277;10107;10176;7.53;0.46;279.40;8.55;944;70;3497.00;69
9165;70;625692124;9165;268;10110;10180;7.48;0.45;279.43;8.55;945;70;3498.00;70
9168;70;625692136;9168;265;10110;10180;7.52;0.45;279.49;8.55;942;70;3499.00;70
9172;70;625692149;9172;259;10113;10184;7.49;0.45;279.55;8.55;941;70;3500.00;71
9177;70;625692165;9177;250;10114;10185;7.36;0.44;279.63;8.55;937;70;3501.00;71
9178;70;625692177;9178;245;10115;10185;7.32;0.44;279.67;8.54;937;70;3502.00;70
9179;70;625692188;9179;232;10115;10185;7.25;0.44;279.67;8.54;936;70;3503.00;70
9180;70;625692199;9180;231;10126;10198;7.25;0.44;279.71;8.55;946;70;3504.00;72
9182;70;625692213;9182;225;10127;10198;7.26;0.44;279.71;8.56;945;70;3505.00;71
9184;70;625692224;9184;218;10127;10198;7.27;0.44;279.77;8.56;943;70;3506.00;71
9189;70;625692235;9189;214;10128;10199;7.25;0.44;279.88;8.56;939;70;3507.00;71
9193;70;625692246;9193;210;10128;10200;7.23;0.44;279.94;8.56;935;70;3508.00;72
9194;70;625692259;9194;206;10128;10200;7.25;0.44;279.93;8.56;934;70;3509.00;72
9197;70;625692272;9197;194;10131;10206;7.24;0.44;279.92;8.56;934;70;3510.00;75
9199;70;625692283;9199;187;10133;10206;7.26;0.44;279.95;8.57;934;70;3511.00;73
9202;70;625692295;9202;185;10134;10206;7.34;0.44;279.94;8.57;932;70;3512.00;72
9203;70;625692306;9203;178;10134;10206;7.43;0.45;279.97;8.57;931;70;3513.00;72
9205;70;625692318;9205;179;10138;10212;7.57;0.46;280.04;8.57;933;70;3514.00;74
9209;70;625692330;9209;176;10138;10212;7.55;0.46;280.04;8.57;929;70;3515.00;74
9211;70;625692347;9211;184;10139;10212;7.62;0.46;280.07;8.57;928;70;3516.00;73
9213;70;625692359;9213;187;10140;10212;7.60;0.46;280.13;8.57;927;70;3517.00;72
9214;70;625692371;9214;183;10144;10216;7.60;0.46;280.16;8.57;930;70;3518.00;72
9218;70;625692382;9218;188;10146;10219;7.63;0.46;280.25;8.56;928;70;3519.00;73
9223;70;625692394;9223;189;10146;10219;7.58;0.46;280.25;8.56;923;70;3520.00;73
9223;70;625692406;9223;204;10148;10220;7.56;0.46;280.25;8.56;925;70;3521.00;72
9225;70;625692418;9225;207;10148;10220;7.57;0.46;280.27;8.56;923;70;3522.00;72
9226;70;625692429;9226;208;10148;10220;7.63;0.46;280.27;8.56;922;70;3523.00;72
9228;70;625692443;9228;212;10148;10220;7.64;0.46;280.31;8.56;920;70;3524.00;72
9229;70;625692461;9229;217;10148;10220;7.69;0.47;280.30;8.56;919;70;3525.00;72
9233;70;625692480;9233;214;10149;10220;7.66;0.46;280.40;8.57;916;70;3526.00;71
9235;70;625692501;9235;224;10149;10220;7.65;0.46;280.42;8.57;914;70;3527.00;71
9237;70;625692520;9237;239;10182;10290;7.80;0.47;280.41;8.55;945;70;3528.00;108
9241;70;625692546;9241;236;10184;10291;7.74;0.47;280.47;8.57;943;70;3529.00;107
9241;70;625692562;9241;244;10195;10291;7.79;0.47;280.47;8.57;954;70;3530.00;96
9243;70;625692575;9243;244;10199;10291;7.74;0.47;280.51;8.57;956;70;3531.00;92
9246;70;625692589;9246;249;10203;10291;7.68;0.47;280.46;8.57;957;70;3532.00;88
9247;70;625692603;9247;248;10207;10291;7.64;0.46;280.46;8.58;960;70;3533.00;84
9249;70;625692616;9249;249;10210;10291;7.59;0.46;280.42;8.58;961;70;3534.00;81
9253;70;625692629;9253;258;10215;10291;7.56;0.46;280.36;8.61;962;70;3535.00;76
9256;70;625692643;9256;253;10218;10292;7.54;0.46;280.29;8.62;962;70;3536.00;74
9259;70;625692657;9259;258;10223;10293;7.51;0.46;280.26;8.64;964;70;3537.00;70
9259;70;625692676;9259;267;10225;10293;7.48;0.46;280.26;8.64;966;70;3538.00;68
9261;70;625692689;9261;267;10231;10297;7.34;0.45;280.21;8.65;970;70;3539.00;66
9262;70;625692709;9262;272;10231;10297;7.23;0.44;280.19;8.65;969;70;3540.00;66
9262;70;625692721;9262;275;10232;10297;7.17;0.44;280.19;8.66;970;70;3541.00;65
9265;70;625692734;9265;287;10234;10297;7.09;0.43;280.29;8.68;969;70;3542.00;63
9266;70;625692747;9266;295;10239;10303;7.10;0.44;280.28;8.68;973;70;3543.00;64
9269;70;625692760;9269;305;10241;10303;7.03;0.43;280.23;8.68;972;70;3544.00;62
9269;70;625692772;9269;313;10243;10303;6.95;0.43;280.23;8.70;974;70;3545.00;60
9271;70;625692783;9271;317;10246;10306;6.87;0.42;280.19;8.70;975;70;3546.00;60
9272;70;625692795;9272;332;10247;10306;6.76;0.42;280.17;8.70;975;70;3547.00;59
9274;70;625692807;9274;336;10248;10306;6.56;0.40;280.17;8.71;974;70;3548.00;58
9276;70;625692819;9276;330;10249;10307;6.40;0.39;280.14;8.71;973;70;3549.00;58
9280;70;625692837;9280;332;10251;10308;6.29;0.39;280.06;8.72;971;70;3550.00;57
9282;70;625692848;9282;336;10251;10308;6.18;0.38;280.01;8.72;969;70;3551.00;57
9285;70;625692859;9285;343;10264;10321;6.14;0.38;279.99;8.72;979;70;3552.00;57
9286;70;625692872;9286;343;10264;10321;6.03;0.37;279.98;8.72;978;70;3553.00;57
9286;70;625692883;9286;338;10265;10321;6.00;0.37;279.98;8.73;979;70;3554.00;56
9289;70;625692895;9289;337;10267;10323;5.99;0.37;279.91;8.73;978;70;3555.00;56
9291;70;625692906;9291;337;10267;10323;5.99;0.37;279.88;8.73;976;70;3556.00;56
9294;70;625692917;9294;344;10271;10327;6.00;0.37;279.86;8.74;977;70;3557.00;56
9295;70;625692928;9295;346;10271;10327;5.98;0.37;279.85;8.74;976;70;3558.00;56
9297;70;625692939;9297;351;10275;10331;5.95;0.36;279.81;8.73;978;70;3559.00;56
9298;70;625692952;9298;350;10278;10331;5.90;0.36;279.79;8.76;980;70;3560.00;53
9301;70;625692963;9301;358;10278;10331;5.80;0.35;279.76;8.76;977;70;3561.00;53
9305;70;625692981;9305;365;10279;10331;5.69;0.35;279.75;8.77;974;70;3562.00;52
9306;70;625692994;9306;353;10279;10331;5.66;0.35;279.75;8.77;973;70;3563.00;52
9307;70;625693004;9307;341;10291;10343;5.72;0.35;279.74;8.78;984;70;3564.00;52
9312;70;625693017;9312;340;10291;10343;5.62;0.34;279.71;8.78;979;70;3565.00;52
9313;70;625693028;9313;335;10293;10343;5.57;0.34;279.71;8.79;980;70;3566.00;50
9317;70;625693039;9317;339;10294;10343;5.48;0.33;279.70;8.79;977;70;3567.00;49
9318;70;625693057;9318;334;10294;10343;5.42;0.33;279.70;8.79;976;70;3568.00;49
9321;70;625693069;9321;332;10296;10343;5.33;0.33;279.69;8.81;975;70;3569.00;47
9324;70;625693088;9324;323;10296;10344;5.28;0.32;279.67;8.81;972;70;3570.00;48
9326;70;625693101;9326;321;10297;10344;5.30;0.32;279.65;8.81;971;70;3571.00;47
9328;70;625693111;9328;317;10302;10350;5.36;0.33;279.66;8.81;974;70;3572.00;48
9328;70;625693123;9328;316;10305;10351;5.47;0.33;279.66;8.81;977;70;3573.00;46
9334;70;625693134;9334;321;10306;10351;5.49;0.33;279.65;8.82;972;70;3574.00;45
9337;70;625693145;9337;330;10306;10351;5.55;0.34;279.66;8.82;969;70;3575.00;45
9337;70;625693157;9337;329;10310;10355;5.62;0.34;279.66;8.82;973;70;3576.00;45
9339;70;625693168;9339;327;10311;10355;5.64;0.34;279.69;8.82;972;70;3577.00;44
9339;70;625693180;9339;331;10311;10355;5.74;0.35;279.69;8.82;972;70;3578.00;44
9341;70;625693193;9341;325;10312;10356;5.84;0.36;279.73;8.82;971;70;3579.00;44
9344;70;625693204;9344;324;10315;10360;5.94;0.36;279.74;8.82;971;70;3580.00;45
9346;70;625693216;9346;324;10315;10360;6.00;0.37;279.77;8.82;969;70;3581.00;45
9347;70;625693228;9347;314;10317;10363;6.13;0.38;279.79;8.82;970;70;3582.00;46
9351;70;625693240;9351;305;10318;10363;6.22;0.38;279.77;8.82;967;70;3583.00;45
9357;70;625693252;9357;298;10318;10363;6.29;0.38;279.86;8.82;961;70;3584.00;45
9359;70;625693265;9359;300;10318;10363;6.37;0.39;279.86;8.82;959;70;3585.00;45
9363;70;625693277;9363;298;10321;10367;6.49;0.40;279.91;8.81;958;70;3586.00;46
9371;70;625693290;9371;284;10322;10367;6.48;0.40;279.95;8.88;951;70;3587.00;45
9373;70;625693303;9373;281;10323;10367;6.54;0.40;279.98;8.88;950;70;3588.00;44
9378;70;625693315;9378;275;10323;10367;6.58;0.40;279.96;8.88;945;70;3589.00;44
9382;70;625693328;9382;267;10323;10368;6.59;0.40;279.98;8.88;941;70;3590.00;45
9384;70;625693340;9384;264;10324;10369;6.65;0.41;279.98;8.88;940;70;3591.00;45
9392;70;625693353;9392;255;10324;10369;6.60;0.40;280.03;8.88;932;70;3592.00;45
9396;70;625693365;9396;259;10325;10370;6.56;0.40;280.06;8.88;929;70;3593.00;45
9399;70;625693379;9399;245;10325;10370;6.58;0.40;280.06;8.88;926;70;3594.00;45
9401;70;625693393;9401;242;10325;10370;6.65;0.41;280.08;8.88;924;70;3595.00;45
9407;70;625693406;9407;237;10325;10370;6.70;0.41;280.17;8.88;918;70;3596.00;45
9414;70;625693419;9414;239;10325;10370;6.65;0.41;280.16;8.88;911;70;3597.00;45
9416;70;625693432;9416;246;10325;10370;6.69;0.41;280.16;8.88;909;70;3598.00;45
9423;70;625693445;9423;245;10325;10370;6.67;0.41;280.16;8.88;902;70;3599.00;45
9427;70;625693461;9427;290;10438;10623;6.99;0.44;280.23;8.78;1011;70;3600.00;185
9432;70;625693500;9432;284;10445;10624;7.03;0.44;280.28;8.78;1013;70;3601.00;179
9437;70;625693513;9437;279;10457;10624;7.10;0.44;280.26;8.77;1020;70;3602.00;167
9440;70;625693531;9440;281;10465;10624;7.14;0.45;280.26;8.83;1025;70;3603.00;159
9445;70;625693545;9445;280;10471;10624;7.16;0.45;280.29;8.83;1026;70;3604.00;153
9449;70;625693558;9449;278;10477;10624;7.19;0.45;280.34;8.83;1028;70;3605.00;147
9453;70;625693570;9453;280;10485;10624;7.20;0.45;280.33;8.83;1032;70;3606.00;139
9455;70;625693584;9455;279;10489;10624;7.19;0.45;280.34;8.83;1034;70;3607.00;135
9458;70;625693597;9458;284;10493;10625;7.25;0.45;280.41;8.83;1035;70;3608.00;132
9461;70;625693611;9461;292;10495;10626;7.24;0.45;280.44;8.83;1034;70;3609.00;131
9464;70;625693625;9464;298;10499;10626;7.23;0.45;280.53;8.83;1035;70;3610.00;127
9468;70;625693639;9468;305;10504;10627;7.21;0.45;280.54;8.83;1036;70;3611.00;123
9470;70;625693652;9470;310;10508;10627;7.19;0.45;280.59;8.83;1038;70;3612.00;119
9475;70;625693671;9475;308;10510;10627;7.10;0.44;280.63;8.83;1035;70;3613.00;117
9478;70;625693685;9478;312;10515;10627;7.04;0.44;280.68;8.83;1037;70;3614.00;112
9480;70;625693699;9480;307;10520;10631;7.01;0.43;280.73;8.83;1040;70;3615.00;111
9483;70;625693713;9483;316;10522;10631;7.02;0.43;280.72;8.83;1039;70;3616.00;109
9486;70;625693727;9486;306;10523;10631;6.98;0.43;280.78;8.83;1037;70;3617.00;108
9492;70;625693741;9492;303;10525;10634;7.01;0.43;280.85;8.83;1033;70;3618.00;109
9494;70;625693756;9494;304;10525;10634;7.11;0.44;280.81;8.83;1031;70;3619.00;109
9496;70;625693769;9496;303;10526;10634;7.14;0.44;280.86;8.84;1030;70;3620.00;108
9499;70;625693783;9499;299;10531;10638;7.10;0.44;280.90;8.84;1032;70;3621.00;107
9499;70;625693803;9499;294;10536;10639;7.16;0.44;280.90;8.84;1037;70;3622.00;103
9503;70;625693817;9503;298;10539;10639;7.18;0.44;280.91;8.90;1036;70;3623.00;100
9507;70;625693833;9507;298;10542;10643;7.26;0.44;280.98;8.90;1035;70;3624.00;101
9510;70;625693847;9510;300;10544;10643;7.34;0.45;280.98;8.91;1034;70;3625.00;99
9513;70;625693867;9513;295;10545;10643;7.37;0.45;281.09;8.91;1032;70;3626.00;98
9514;70;625693882;9514;278;10548;10644;7.43;0.45;281.16;8.91;1034;70;3627.00;96
9517;70;625693901;9517;272;10550;10644;7.40;0.45;281.21;8.91;1033;70;3628.00;94
9520;70;625693915;9520;268;10553;10650;7.40;0.45;281.34;8.91;1033;70;3629.00;97
9522;70;625693938;9522;266;10554;10650;7.42;0.45;281.34;8.91;1032;70;3630.00;96
9525;70;625693952;9525;262;10554;10651;7.49;0.46;281.41;8.91;1029;70;3631.00;97
9528;70;625693967;9528;261;10556;10651;7.56;0.46;281.42;8.91;1028;70;3632.00;95
9530;70;625693981;9530;267;10556;10651;7.55;0.46;281.48;8.91;1026;70;3633.00;95
9532;70;625693995;9532;266;10557;10651;7.60;0.46;281.52;8.91;1025;70;3634.00;94
9538;70;625694010;9538;272;10558;10651;7.58;0.46;281.61;8.92;1020;70;3635.00;93
9542;70;625694024;9542;276;10567;10663;7.63;0.47;281.65;8.91;1025;70;3636.00;96
9545;70;625694039;9545;270;10568;10663;7.63;0.47;281.68;8.91;1023;70;3637.00;95
9549;70;625694053;9549;261;10570;10663;7.62;0.46;281.65;8.91;1021;70;3638.00;93
9554;70;625694068;9554;244;10571;10663;7.63;0.46;281.64;8.91;1017;70;3639.00;92
9556;70;625694081;9556;242;10571;10663;7.60;0.46;281.65;8.91;1015;70;3640.00;92
9559;70;625694095;9559;242;10572;10663;7.63;0.46;281.68;8.97;1013;70;3641.00;91
9560;70;625694109;9560;240;10575;10667;7.64;0.47;281.68;8.97;1015;70;3642.00;92
9561;70;625694122;9561;240;10575;10667;7.68;0.47;281.67;8.97;1014;70;3643.00;92
9562;70;625694136;9562;248;10579;10671;7.74;0.47;281.74;8.97;1017;70;3644.00;92
9566;70;625694149;9566;254;10581;10673;7.76;0.47;281.73;8.96;1015;70;3645.00;92
9570;70;625694164;9570;260;10582;10673;7.75;0.47;281.86;8.96;1012;70;3646.00;91
9575;70;625694177;9575;261;10582;10673;7.71;0.47;281.86;8.96;1007;70;3647.00;91
9577;70;625694190;9577;260;10590;10686;7.78;0.47;281.92;8.96;1013;70;3648.00;96
9579;70;625694205;9579;263;10590;10686;7.78;0.47;281.90;8.96;1011;70;3649.00;96
9579;70;625694223;9579;270;10592;10686;7.79;0.47;281.90;8.96;1013;70;3650.00;94
9582;70;625694236;9582;266;10593;10687;7.78;0.47;281.97;8.96;1011;70;3651.00;94
9584;70;625694249;9584;268;10594;10688;7.72;0.47;281.97;8.96;1010;70;3652.00;94
9586;70;625694262;9586;264;10594;10688;7.63;0.46;281.96;8.96;1008;70;3653.00;94
9586;70;625694275;9586;271;10596;10691;7.55;0.46;281.96;8.96;1010;70;3654.00;95
9589;70;625694287;9589;277;10596;10691;7.44;0.45;281.93;8.96;1007;70;3655.00;95
9590;70;625694300;9590;274;10598;10691;7.38;0.45;281.97;9.02;1008;70;3656.00;93
9594;70;625694312;9594;272;10598;10691;7.30;0.44;281.95;9.02;1004;70;3657.00;93
9595;70;625694324;9595;270;10602;10697;7.28;0.44;281.95;9.01;1007;70;3658.00;95
9597;70;625694337;9597;269;10602;10697;7.23;0.44;281.97;9.01;1005;70;3659.00;95
9598;70;625694351;9598;267;10603;10697;7.19;0.44;281.98;9.01;1005;70;3660.00;94
9601;70;625694363;9601;262;10603;10697;7.14;0.44;282.15;9.01;1002;70;3661.00;94
9604;70;625694376;9604;258;10606;10701;7.09;0.43;282.13;9.01;1002;70;3662.00;95
9606;70;625694388;9606;260;10607;10702;7.09;0.43;282.12;9.01;1001;70;3663.00;95
9610;70;625694401;9610;257;10607;10702;7.07;0.43;282.08;9.01;997;70;3664.00;95
9615;70;625694412;9615;256;10608;10703;7.04;0.43;282.09;9.01;993;70;3665.00;95
9616;70;625694424;9616;259;10608;10703;7.03;0.43;282.09;9.01;992;70;3666.00;95
9618;70;625694436;9618;259;10608;10703;6.99;0.43;282.07;9.01;990;70;3667.00;95
9622;70;625694452;9622;265;10609;10703;6.94;0.42;282.09;9.02;987;70;3668.00;94
9626;70;625694471;9626;260;10609;10703;6.90;0.42;282.10;9.02;983;70;3669.00;94
9630;70;625694500;9630;261;10609;10703;6.84;0.42;282.11;9.02;979;70;3670.00;94
9636;70;625694518;9636;262;10609;10703;6.82;0.42;282.22;9.02;973;70;3671.00;94
9637;70;625694545;9637;264;10639;10773;6.91;0.42;282.21;9.05;1002;70;3672.00;134
9639;70;625694567;9639;261;10642;10774;6.84;0.42;282.20;9.12;1003;70;3673.00;132
9640;70;625694582;9640;251;10649;10774;6.88;0.42;282.19;9.11;1009;70;3674.00;125
9645;70;625694595;9645;245;10654;10774;6.88;0.42;282.17;9.19;1009;70;3675.00;120
9645;70;625694611;9645;242;10659;10774;6.94;0.42;282.17;9.19;1014;70;3676.00;115
9649;70;625694625;9649;236;10662;10774;6.97;0.43;282.19;9.24;1013;70;3677.00;112
9653;70;625694639;9653;237;10666;10774;6.98;0.43;282.14;9.24;1013;70;3678.00;108
9655;70;625694653;9655;231;10667;10774;7.02;0.43;282.12;9.24;1012;70;3679.00;107
9658;70;625694667;9658;229;10670;10775;7.05;0.43;282.07;9.29;1012;70;3680.00;105
9660;70;625694680;9660;217;10673;10776;7.04;0.43;282.03;9.29;1013;70;3681.00;103
9660;70;625694693;9660;221;10676;10776;7.07;0.43;282.03;9.34;1016;70;3682.00;100
9662;70;625694706;9662;207;10679;10780;7.05;0.43;282.07;9.34;1017;70;3683.00;101
9664;70;625694720;9664;211;10679;10780;7.01;0.43;282.05;9.34;1015;70;3684.00;101
9665;70;625694733;9665;217;10680;10780;6.95;0.42;282.05;9.39;1015;70;3685.00;100
9668;70;625694746;9668;222;10681;10780;6.94;0.42;282.03;9.39;1013;70;3686.00;99
9670;70;625694759;9670;225;10684;10786;6.97;0.42;282.00;9.39;1014;70;3687.00;102
9674;70;625694773;9674;228;10685;10786;6.95;0.42;281.95;9.39;1011;70;3688.00;101
9676;70;625694787;9676;233;10688;10786;6.88;0.42;281.91;9.40;1012;70;3689.00;98
9679;70;625694802;9679;231;10691;10792;6.89;0.42;281.85;9.40;1012;70;3690.00;101
9684;70;625694816;9684;245;10691;10792;6.85;0.42;281.89;9.40;1007;70;3691.00;101
9685;70;625694830;9685;255;10693;10792;6.82;0.42;281.87;9.40;1008;70;3692.00;99
9687;70;625694849;9687;263;10695;10793;6.77;0.41;281.94;9.40;1008;70;3693.00;98
9691;70;625694863;9691;266;10699;10794;6.69;0.41;281.97;9.41;1008;70;3694.00;95
9694;70;625694876;9694;270;10699;10794;6.57;0.40;281.92;9.41;1005;70;3695.00;95
9695;70;625694890;9695;268;10711;10807;6.49;0.39;281.90;9.42;1016;70;3696.00;96
9698;70;625694904;9698;276;10711;10807;6.44;0.39;281.87;9.42;1013;70;3697.00;96
9698;70;625694918;9698;279;10711;10807;6.41;0.39;281.87;9.42;1013;70;3698.00;96
9700;70;625694931;9700;285;10713;10808;6.38;0.39;281.86;9.42;1013;70;3699.00;95
9702;70;625694946;9702;292;10717;10808;6.37;0.39;281.83;9.45;1015;70;3700.00;91
9703;70;625694964;9703;295;10720;10812;6.40;0.39;281.81;9.46;1017;70;3701.00;92
9706;70;625694979;9706;295;10723;10812;6.37;0.39;281.75;9.46;1017;70;3702.00;89
9709;70;625694992;9709;301;10728;10816;6.37;0.39;281.71;9.47;1019;70;3703.00;88
9710;70;625695006;9710;314;10729;10816;6.35;0.39;281.68;9.48;1019;70;3704.00;87
9712;70;625695019;9712;315;10731;10816;6.35;0.39;281.65;9.50;1019;70;3705.00;85
9713;70;625695031;9713;318;10732;10816;6.30;0.38;281.62;9.51;1019;70;3706.00;84
9715;70;625695050;9715;317;10733;10816;6.29;0.38;281.61;9.53;1018;70;3707.00;83
9718;70;625695062;9718;318;10743;10828;6.34;0.39;281.57;9.52;1025;70;3708.00;85
9719;70;625695076;9719;321;10745;10828;6.33;0.39;281.55;9.53;1026;70;3709.00;83
9719;70;625695089;9719;322;10746;10828;6.37;0.39;281.55;9.54;1027;70;3710.00;82
9721;70;625695107;9721;325;10749;10828;6.33;0.39;281.54;9.56;1028;70;3711.00;79
9722;70;625695120;9722;331;10750;10828;6.24;0.38;281.55;9.57;1028;70;3712.00;78
9722;70;625695132;9722;348;10753;10828;6.19;0.38;281.55;9.59;1031;70;3713.00;75
9723;71;625695145;9723;349;10754;10829;6.15;0.38;281.65;9.60;1031;71;3714.00;75
9724;71;625695168;9724;340;10754;10829;6.16;0.38;281.72;9.60;1030;71;3715.00;75
9724;71;625695180;9724;335;10760;10835;6.26;0.38;281.72;9.61;1036;71;3716.00;75
9726;71;625695193;9726;338;10764;10836;6.23;0.38;281.73;9.62;1038;71;3717.00;72
9726;71;625695207;9726;333;10765;10836;6.23;0.38;281.73;9.62;1039;71;3718.00;71
9729;71;625695220;9729;324;10768;10836;6.23;0.38;281.71;9.65;1039;71;3719.00;68
9732;72;625695235;9732;319;10772;10841;6.24;0.38;281.67;9.64;1040;72;3720.00;69
9732;72;625695261;9732;310;10773;10841;6.29;0.39;281.67;9.65;1041;72;3721.00;68
9734;73;625695274;9734;311;10775;10841;6.33;0.39;281.66;9.66;1041;73;3722.00;66
9736;73;625695300;9736;301;10777;10842;6.40;0.39;281.64;9.67;1041;73;3723.00;65
9736;74;625695313;9736;309;10780;10846;6.44;0.39;281.64;9.67;1044;74;3724.00;66
9736;74;625695338;9736;308;10781;10846;6.49;0.40;281.64;9.67;1045;74;3725.00;65
9739;74;625695350;9739;307;10784;10849;6.57;0.40;281.63;9.68;1045;74;3726.00;65
9740;74;625695382;9740;310;10786;10849;6.64;0.41;281.62;9.68;1046;74;3727.00;63
9742;74;625695396;9742;314;10787;10849;6.73;0.41;281.60;9.69;1045;74;3728.00;62
9743;74;625695408;9743;313;10788;10849;6.81;0.42;281.58;9.69;1045;74;3729.00;61
9747;74;625695422;9747;315;10791;10853;6.79;0.41;281.52;9.69;1044;74;3730.00;62
9750;74;625695439;9750;325;10793;10853;6.74;0.41;281.49;9.70;1043;74;3731.00;60
9751;74;625695454;9751;330;10793;10853;6.69;0.41;281.51;9.70;1042;74;3732.00;60
9754;74;625695468;9754;333;10794;10853;6.56;0.40;281.50;9.71;1040;74;3733.00;59
9755;74;625695487;9755;333;10794;10854;6.51;0.40;281.50;9.71;1039;74;3734.00;60
9760;74;625695500;9760;343;10797;10856;6.44;0.39;281.54;9.72;1037;74;3735.00;59
9764;74;625695512;9764;350;10797;10856;6.34;0.39;281.55;9.72;1033;74;3736.00;59
9767;74;625695524;9767;352;10800;10857;6.22;0.38;281.71;9.74;1033;74;3737.00;57
9774;74;625695535;9774;357;10801;10857;6.06;0.37;281.68;9.74;1027;74;3738.00;56
9777;74;625695546;9777;362;10801;10857;5.98;0.36;281.70;9.74;1024;74;3739.00;56
9780;74;625695558;9780;352;10801;10857;5.96;0.36;281.68;9.74;1021;74;3740.00;56
9783;74;625695569;9783;351;10802;10857;5.94;0.36;281.80;9.75;1019;74;3741.00;55
9784;74;625695580;9784;350;10803;10857;5.96;0.37;281.81;9.76;1019;74;3742.00;54
9786;74;625695592;9786;354;10803;10857;5.95;0.37;281.88;9.76;1017;74;3743.00;54
9789;74;625695602;9789;369;10870;10984;6.22;0.39;281.94;9.71;1081;74;3744.00;114
9791;74;625695624;9791;369;10874;10985;6.26;0.39;281.91;9.70;1083;74;3745.00;111
9797;74;625695636;9797;368;10883;10985;6.32;0.39;282.02;9.70;1086;74;3746.00;102
9800;74;625695649;9800;364;10887;10985;6.34;0.39;282.02;9.70;1087;74;3747.00;98
9803;74;625695661;9803;359;10893;10985;6.39;0.40;282.09;9.70;1090;74;3748.00;92
9808;74;625695674;9808;348;10895;10985;6.33;0.39;282.16;9.70;1087;74;3749.00;90
9812;74;625695687;9812;340;10901;10990;6.37;0.39;282.31;9.70;1089;74;3750.00;89
9817;74;625695700;9817;346;10903;10990;6.36;0.39;282.37;9.70;1086;74;3751.00;87
9819;74;625695713;9819;343;10907;10991;6.40;0.39;282.40;9.70;1088;74;3752.00;84
9822;74;625695726;9822;341;10910;10992;6.45;0.40;282.45;9.70;1088;74;3753.00;82
9827;74;625695738;9827;347;10913;10992;6.51;0.40;282.59;9.70;1086;74;3754.00;79
9828;74;625695751;9828;350;10915;10993;6.54;0.40;282.61;9.70;1087;74;3755.00;78
9833;74;625695764;9833;348;10918;10993;6.57;0.40;282.62;9.70;1085;74;3756.00;75
9839;74;625695777;9839;346;10920;10993;6.58;0.40;282.74;9.70;1081;74;3757.00;73
9841;74;625695790;9841;347;10923;10993;6.64;0.41;282.74;9.70;1082;74;3758.00;70
9844;74;625695804;9844;338;10926;10997;6.67;0.41;282.89;9.70;1082;74;3759.00;71
9851;74;625695818;9851;342;10929;10997;6.68;0.41;282.90;9.70;1078;74;3760.00;68
9854;74;625695832;9854;344;10931;10997;6.72;0.41;282.94;9.76;1077;74;3761.00;66
9857;74;625695846;9857;342;10934;11000;6.78;0.42;282.91;9.76;1077;74;3762.00;66
9862;74;625695867;9862;338;10936;11000;6.78;0.42;282.98;9.76;1074;74;3763.00;64
9865;74;625695881;9865;338;10937;11000;6.79;0.42;283.03;9.76;1072;74;3764.00;63
9867;74;625695901;9867;339;10940;11004;6.83;0.42;283.06;9.75;1073;74;3765.00;64
9872;74;625695915;9872;341;10941;11005;6.80;0.42;283.09;9.75;1069;74;3766.00;64
9876;74;625695929;9876;335;10941;11005;6.83;0.42;283.10;9.75;1065;74;3767.00;64
9879;74;625695943;9879;334;10943;11009;6.86;0.42;283.15;9.75;1064;74;3768.00;66
9885;74;625695957;9885;332;10945;11009;6.85;0.42;283.11;9.75;1060;74;3769.00;64
9889;74;625695972;9889;332;10945;11009;6.87;0.42;283.08;9.75;1056;74;3770.00;64
9892;74;625695986;9892;327;10946;11010;6.87;0.42;283.08;9.75;1054;74;3771.00;64
9897;74;625696000;9897;328;10948;11010;6.88;0.42;283.05;9.75;1051;74;3772.00;62
9901;74;625696015;9901;321;10951;11016;6.86;0.42;283.07;9.75;1050;74;3773.00;65
9903;74;625696029;9903;323;10953;11016;6.83;0.42;283.04;9.75;1050;74;3774.00;63
9906;74;625696044;9906;320;10953;11017;6.85;0.42;283.05;9.75;1047;74;3775.00;64
9908;74;625696063;9908;316;10954;11017;6.87;0.42;283.06;9.75;1046;74;3776.00;63
9910;74;625696079;9910;317;10954;11017;6.90;0.42;283.14;9.75;1044;74;3777.00;63
9914;74;625696101;9914;319;10954;11017;6.90;0.42;283.12;9.75;1040;74;3778.00;63
9920;74;625696116;9920;318;10954;11017;6.88;0.42;283.20;9.75;1034;74;3779.00;63
9925;74;625696132;9925;325;10979;11053;6.98;0.43;283.26;9.73;1054;74;3780.00;74
9928;74;625696151;9928;328;10980;11053;6.90;0.42;283.30;9.72;1052;74;3781.00;73
9934;74;625696174;9934;325;10982;11053;6.81;0.42;283.32;9.72;1048;74;3782.00;71
9940;74;625696188;9940;328;10982;11053;6.82;0.42;283.33;9.72;1042;74;3783.00;71
9942;74;625696202;9942;332;10983;11053;6.86;0.42;283.39;9.72;1041;74;3784.00;70
9945;74;625696215;9945;338;10983;11053;6.85;0.42;283.46;9.72;1038;74;3785.00;70
9948;74;625696229;9948;342;10987;11057;6.85;0.42;283.52;9.72;1039;74;3786.00;70
9952;74;625696242;9952;334;10988;11057;6.83;0.42;283.60;9.72;1036;74;3787.00;69
9955;74;625696257;9955;330;10991;11061;6.80;0.41;283.61;9.72;1036;74;3788.00;70
9960;74;625696271;9960;334;10993;11062;6.77;0.41;283.63;9.72;1033;74;3789.00;69
9961;74;625696285;9961;338;10993;11062;6.80;0.42;283.67;9.72;1032;74;3790.00;69
9965;74;625696298;9965;337;10993;11062;6.84;0.42;283.76;9.72;1028;74;3791.00;69
9967;74;625696312;9967;338;11004;11075;6.96;0.42;283.77;9.71;1037;74;3792.00;71
9971;74;625696327;9971;335;11004;11075;7.00;0.43;283.89;9.71;1033;74;3793.00;71
9973;74;625696341;9973;345;11004;11075;7.05;0.43;283.89;9.71;1031;74;3794.00;71
9976;74;625696354;9976;344;11005;11076;7.07;0.43;283.97;9.71;1029;74;3795.00;71
9980;74;625696367;9980;324;11005;11077;7.08;0.43;283.99;9.71;1025;74;3796.00;72
9982;74;625696381;9982;314;11005;11077;7.11;0.43;284.04;9.71;1023;74;3797.00;72
9985;74;625696394;9985;305;11007;11080;7.13;0.44;284.05;9.70;1022;74;3798.00;73
9988;74;625696408;9988;301;11008;11080;7.16;0.44;284.10;9.70;1020;74;3799.00;72
9991;74;625696422;9991;298;11008;11080;7.20;0.44;284.06;9.70;1017;74;3800.00;72
9995;74;625696439;9995;288;11008;11080;7.23;0.44;284.10;9.70;1013;74;3801.00;72
9998;74;625696460;9998;280;11012;11086;7.29;0.44;284.14;9.70;1014;74;3802.00;74
10002;74;625696481;10002;271;11012;11086;7.33;0.45;284.15;9.70;1010;74;3803.00;74
10004;74;625696504;10004;272;11013;11086;7.36;0.45;284.17;9.70;1009;74;3804.00;73
10006;74;625696525;10006;269;11013;11086;7.38;0.45;284.18;9.70;1007;74;3805.00;73
10008;74;625696544;10008;260;11016;11090;7.34;0.45;284.15;9.70;1008;74;3806.00;74
10011;74;625696565;10011;254;11017;11091;7.37;0.45;284.20;9.70;1006;74;3807.00;74
10013;74;625696581;10013;253;11017;11091;7.36;0.45;284.28;9.70;1004;74;3808.00;74
10015;74;625696595;10015;249;11018;11092;7.43;0.45;284.35;9.69;1003;74;3809.00;74
10022;74;625696611;10022;243;11018;11092;7.39;0.45;284.40;9.69;996;74;3810.00;74
10025;74;625696626;10025;240;11018;11092;7.37;0.45;284.45;9.69;993;74;3811.00;74
10026;74;625696640;10026;230;11018;11092;7.41;0.45;284.44;9.69;992;74;3812.00;74
10029;74;625696655;10029;227;11018;11092;7.45;0.45;284.50;9.69;989;74;3813.00;74
10034;74;625696670;10034;226;11018;11092;7.46;0.45;284.56;9.69;984;74;3814.00;74
10038;74;625696685;10038;229;11018;11092;7.48;0.45;284.61;9.69;980;74;3815.00;74
10043;74;625696699;10043;238;11054;11162;7.44;0.45;284.65;9.66;1011;74;3816.00;108
10047;74;625696720;10047;232;11057;11163;7.46;0.45;284.67;9.66;1010;74;3817.00;106
10050;74;625696735;10050;232;11062;11163;7.50;0.46;284.65;9.66;1012;74;3818.00;101
10053;74;625696750;10053;232;11066;11163;7.54;0.46;284.71;9.65;1013;74;3819.00;97
10055;74;625696765;10055;239;11072;11163;7.62;0.46;284.69;9.65;1017;74;3820.00;91
10058;74;625696778;10058;246;11075;11163;7.64;0.46;284.76;9.65;1017;74;3821.00;88
10060;74;625696793;10060;253;11080;11163;7.71;0.47;284.83;9.65;1020;74;3822.00;83
10063;74;625696807;10063;253;11080;11163;7.68;0.47;284.82;9.65;1017;74;3823.00;83
10066;74;625696821;10066;261;11082;11164;7.66;0.46;284.95;9.65;1016;74;3824.00;82
10069;74;625696836;10069;261;11084;11166;7.62;0.46;284.93;9.65;1015;74;3825.00;82
10072;74;625696850;10072;265;11085;11166;7.56;0.46;285.02;9.65;1013;74;3826.00;81
10074;74;625696863;10074;273;11088;11170;7.43;0.45;285.01;9.64;1014;74;3827.00;82
10076;74;625696877;10076;279;11088;11170;7.31;0.44;284.99;9.64;1012;74;3828.00;82
10078;74;625696891;10078;287;11088;11170;7.13;0.43;285.01;9.64;1010;74;3829.00;82
10079;74;625696905;10079;296;11088;11170;7.02;0.43;285.00;9.64;1009;74;3830.00;82
10084;74;625696918;10084;293;11091;11176;6.87;0.42;285.00;9.64;1007;74;3831.00;85
10086;74;625696939;10086;299;11091;11176;6.79;0.41;284.97;9.64;1005;74;3832.00;85
10087;74;625696952;10087;304;11092;11176;6.73;0.41;284.96;9.64;1005;74;3833.00;84
10088;74;625696965;10088;306;11094;11179;6.65;0.40;284.95;9.64;1006;74;3834.00;85
10089;74;625696979;10089;313;11095;11179;6.61;0.40;284.94;9.64;1006;74;3835.00;84
10091;74;625696992;10091;319;11095;11179;6.51;0.40;284.92;9.64;1004;74;3836.00;84
10093;74;625697004;10093;320;11095;11180;6.43;0.39;284.92;9.64;1002;74;3837.00;85
10097;74;625697018;10097;317;11096;11181;6.36;0.39;284.99;9.64;999;74;3838.00;85
10102;74;625697030;10102;311;11096;11181;6.26;0.38;284.94;9.64;994;74;3839.00;85
10103;74;625697045;10103;310;11111;11207;6.21;0.38;284.93;9.62;1008;74;3840.00;96
10106;74;625697059;10106;308;11111;11207;6.09;0.37;284.92;9.62;1005;74;3841.00;96
10108;74;625697071;10108;304;11113;11207;6.01;0.37;284.91;9.62;1005;74;3842.00;94
10111;74;625697083;10111;309;11117;11208;5.97;0.36;284.88;9.68;1006;74;3843.00;91
10114;74;625697097;10114;305;11118;11208;5.88;0.36;284.88;9.69;1004;74;3844.00;90
10118;74;625697110;10118;310;11120;11212;5.88;0.36;284.85;9.69;1002;74;3845.00;92
10120;74;625697123;10120;307;11122;11214;5.87;0.36;284.86;9.70;1002;74;3846.00;92
10124;74;625697136;10124;296;11126;11218;5.89;0.36;284.85;9.70;1002;74;3847.00;92
10128;74;625697149;10128;305;11127;11218;5.89;0.36;284.84;9.70;999;74;3848.00;91
10132;74;625697161;10132;294;11127;11218;5.85;0.36;284.76;9.70;995;74;3849.00;91
10135;74;625697174;10135;293;11127;11218;5.82;0.35;284.72;9.70;992;74;3850.00;91
10135;74;625697186;10135;292;11127;11218;5.84;0.35;284.72;9.70;992;74;3851.00;91
10138;74;625697198;10138;289;11137;11230;5.84;0.36;284.80;9.69;999;74;3852.00;93
10138;74;625697225;10138;284;11137;11230;5.81;0.35;284.80;9.69;999;74;3853.00;93
10142;74;625697239;10142;281;11138;11230;5.75;0.35;284.74;9.69;996;74;3854.00;92
10146;74;625697253;10146;278;11138;11230;5.72;0.35;284.69;9.69;992;74;3855.00;92
10149;74;625697265;10149;290;11139;11230;5.72;0.35;284.62;9.69;990;74;3856.00;91
10154;74;625697277;10154;295;11139;11230;5.72;0.35;284.61;9.69;985;74;3857.00;91
10154;74;625697289;10154;294;11140;11231;5.78;0.35;284.61;9.70;986;74;3858.00;91
10156;74;625697300;10156;295;11141;11231;5.76;0.35;284.56;9.70;985;74;3859.00;90
10157;74;625697312;10157;294;11145;11237;5.81;0.35;284.55;9.70;988;74;3860.00;92
10158;74;625697324;10158;293;11148;11238;5.86;0.36;284.61;9.70;990;74;3861.00;90
10159;74;625697337;10159;294;11149;11238;5.85;0.35;284.61;9.70;990;74;3862.00;89
10159;74;625697348;10159;293;11149;11238;5.86;0.36;284.61;9.70;990;74;3863.00;89
10161;74;625697360;10161;294;11151;11242;5.87;0.36;284.56;9.70;990;74;3864.00;91
10161;74;625697372;10161;295;11152;11242;5.82;0.35;284.56;9.70;991;74;3865.00;90
10164;74;625697385;10164;299;11153;11242;5.75;0.35;284.53;9.71;989;74;3866.00;89
10164;74;625697397;10164;291;11155;11243;5.82;0.35;284.53;9.71;991;74;3867.00;88
10165;74;625697409;10165;283;11158;11247;5.87;0.36;284.52;9.71;993;74;3868.00;89
10166;74;625697422;10166;273;11159;11247;5.92;0.36;284.52;9.71;993;74;3869.00;88
10168;74;625697437;10168;267;11164;11253;6.02;0.37;284.50;9.73;996;74;3870.00;89
10169;74;625697455;10169;268;11165;11253;6.13;0.37;284.50;9.73;996;74;3871.00;88
10172;74;625697469;10172;261;11167;11253;6.26;0.38;284.50;9.73;995;74;3872.00;86
10172;74;625697483;10172;258;11169;11253;6.39;0.39;284.50;9.75;997;74;3873.00;84
10174;74;625697496;10174;252;11172;11257;6.54;0.40;284.47;9.75;998;74;3874.00;85
10176;74;625697509;10176;259;11173;11257;6.58;0.40;284.57;9.76;997;74;3875.00;84
10177;74;625697522;10177;252;11175;11257;6.64;0.40;284.55;9.77;998;74;3876.00;82
10178;75;625697540;10178;260;11176;11257;6.67;0.40;284.55;9.78;998;75;3877.00;81
10180;75;625697563;10180;260;11178;11258;6.68;0.40;284.55;9.79;998;75;3878.00;80
10180;75;625697576;10180;262;11180;11259;6.67;0.40;284.55;9.80;1000;75;3879.00;79
10181;75;625697588;10181;269;11180;11259;6.67;0.40;284.55;9.80;999;75;3880.00;79
10182;75;625697601;10182;267;11182;11260;6.63;0.40;284.57;9.81;1000;75;3881.00;78
10183;75;625697619;10183;268;11184;11260;6.59;0.40;284.56;9.84;1001;75;3882.00;76
10185;75;625697630;10185;273;11185;11260;6.58;0.40;284.53;9.85;1000;75;3883.00;75
10186;75;625697642;10186;263;11186;11260;6.57;0.40;284.53;9.86;1000;75;3884.00;74
10186;75;625697661;10186;268;11186;11260;6.64;0.41;284.53;9.86;1000;75;3885.00;74
10187;75;625697672;10187;278;11186;11260;6.62;0.40;284.53;9.86;999;75;3886.00;74
10188;75;625697684;10188;284;11188;11260;6.62;0.40;284.52;9.89;1000;75;3887.00;72
10190;75;625697695;10190;293;11256;11387;6.83;0.42;284.49;9.83;1066;75;3888.00;131
10192;75;625697717;10192;286;11260;11388;6.80;0.42;284.46;9.82;1068;75;3889.00;128
10195;75;625697729;10195;274;11270;11388;6.85;0.42;284.49;9.84;1075;75;3890.00;118
10197;75;625697742;10197;276;11272;11388;6.79;0.42;284.51;9.84;1075;75;3891.00;116
10199;75;625697755;10199;274;11278;11388;6.82;0.42;284.53;9.84;1079;75;3892.00;110
10202;75;625697773;10202;265;11283;11388;6.83;0.42;284.56;9.86;1081;75;3893.00;105
10203;75;625697785;10203;259;11286;11388;6.87;0.42;284.60;9.86;1083;75;3894.00;102
10205;75;625697798;10205;271;11291;11388;6.91;0.42;284.62;9.87;1086;75;3895.00;97
10206;75;625697811;10206;272;11295;11389;7.01;0.43;284.59;9.88;1089;75;3896.00;94
10210;75;625697823;10210;274;11299;11390;7.10;0.44;284.57;9.89;1089;75;3897.00;91
10213;75;625697837;10213;278;11301;11390;7.12;0.44;284.64;9.89;1088;75;3898.00;89
10216;75;625697850;10216;281;11307;11391;7.12;0.44;284.70;9.91;1091;75;3899.00;84
10219;75;625697865;10219;291;11312;11406;7.03;0.43;284.70;9.90;1093;75;3900.00;94
10224;75;625697883;10224;294;11315;11406;6.93;0.42;284.76;9.90;1091;75;3901.00;91
10227;75;625697898;10227;299;11320;11406;6.85;0.42;284.75;9.92;1093;75;3902.00;86
10230;75;625697911;10230;315;11323;11410;6.76;0.41;284.81;9.92;1093;75;3903.00;87
10231;75;625697924;10231;313;11327;11410;6.70;0.41;284.81;9.93;1096;75;3904.00;83
10236;75;625697936;10236;329;11327;11410;6.59;0.40;284.84;9.93;1091;75;3905.00;83
10240;75;625697949;10240;335;11332;11413;6.54;0.40;284.85;9.94;1092;75;3906.00;81
10242;75;625697962;10242;340;11333;11413;6.47;0.40;284.90;9.94;1091;75;3907.00;80
10245;75;625697981;10245;354;11336;11413;6.39;0.39;284.95;9.95;1091;75;3908.00;77
10253;75;625698000;10253;361;11340;11417;6.25;0.38;285.01;9.95;1087;75;3909.00;77
10254;75;625698013;10254;349;11342;11418;6.24;0.38;285.04;9.96;1088;75;3910.00;76
10258;75;625698027;10258;347;11342;11418;6.20;0.38;285.08;9.96;1084;75;3911.00;76
10261;75;625698040;10261;344;11348;11422;6.22;0.38;285.14;9.96;1087;75;3912.00;74
10264;75;625698053;10264;346;11348;11422;6.22;0.38;285.18;9.96;1084;75;3913.00;74
10267;75;625698067;10267;344;11349;11422;6.19;0.38;285.23;9.96;1082;75;3914.00;73
10270;75;625698080;10270;349;11353;11424;6.18;0.38;285.29;9.97;1083;75;3915.00;71
10275;75;625698093;10275;344;11353;11424;6.19;0.38;285.36;9.97;1078;75;3916.00;71
10279;75;625698107;10279;343;11356;11430;6.22;0.38;285.32;9.97;1077;75;3917.00;74
10283;75;625698121;10283;344;11359;11430;6.20;0.38;285.44;9.98;1076;75;3918.00;71
10286;76;625698140;10286;339;11359;11431;6.20;0.38;285.53;9.98;1073;76;3919.00;72
10288;76;625698163;10288;343;11360;11431;6.22;0.38;285.59;9.98;1072;76;3920.00;71
10292;76;625698176;10292;337;11360;11431;6.29;0.38;285.73;9.98;1068;76;3921.00;71
10296;76;625698189;10296;342;11360;11431;6.27;0.38;285.77;9.98;1064;76;3922.00;71
10299;76;625698203;10299;335;11360;11431;6.32;0.39;285.81;9.98;1061;76;3923.00;71
10302;76;625698217;10302;338;11370;11443;6.36;0.39;285.87;9.97;1068;76;3924.00;73
10305;76;625698237;10305;341;11371;11443;6.39;0.39;285.86;9.97;1066;76;3925.00;72
10308;76;625698250;10308;339;11371;11443;6.42;0.39;285.86;9.97;1063;76;3926.00;72
10310;76;625698264;10310;337;11371;11443;6.45;0.39;285.89;9.97;1061;76;3927.00;72
10313;76;625698277;10313;337;11371;11443;6.46;0.39;285.90;9.97;1058;76;3928.00;72
10317;76;625698289;10317;340;11373;11443;6.49;0.40;285.97;9.97;1056;76;3929.00;70
10319;76;625698305;10319;342;11376;11447;6.53;0.40;286.00;9.97;1057;76;3930.00;71
10322;76;625698319;10322;352;11377;11447;6.57;0.40;286.00;9.97;1055;76;3931.00;70
10324;76;625698332;10324;353;11379;11451;6.67;0.41;286.02;9.97;1055;76;3932.00;72
10329;76;625698347;10329;352;11380;11452;6.67;0.41;286.01;9.97;1051;76;3933.00;72
10332;76;625698361;10332;352;11382;11452;6.69;0.41;285.98;9.97;1050;76;3934.00;70
10337;76;625698374;10337;347;11383;11452;6.69;0.41;286.01;9.97;1046;76;3935.00;69
10341;76;625698389;10341;353;11393;11465;6.74;0.41;286.02;9.97;1052;76;3936.00;72
10345;76;625698404;10345;351;11394;11465;6.74;0.41;286.11;9.97;1049;76;3937.00;71
10350;76;625698418;10350;350;11394;11465;6.74;0.41;286.21;9.97;1044;76;3938.00;71
10352;76;625698432;10352;352;11396;11466;6.84;0.42;286.20;9.97;1044;76;3939.00;70
10358;76;625698445;10358;346;11398;11467;6.86;0.42;286.26;9.97;1040;76;3940.00;69
10361;76;625698467;10361;343;11398;11467;6.87;0.42;286.26;9.97;1037;76;3941.00;69
10367;76;625698491;10367;347;11401;11470;6.92;0.42;286.34;9.97;1034;76;3942.00;69
10368;76;625698518;10368;348;11402;11470;6.98;0.43;286.33;9.97;1034;76;3943.00;68
10375;76;625698538;10375;355;11403;11470;6.97;0.43;286.35;9.97;1028;76;3944.00;67
10383;76;625698559;10383;350;11403;11470;6.99;0.43;286.36;9.97;1020;76;3945.00;67
10385;76;625698578;10385;354;11409;11476;7.05;0.43;286.34;10.02;1024;76;3946.00;67
10391;76;625698595;10391;359;11409;11476;7.06;0.43;286.49;10.02;1018;76;3947.00;67
10395;76;625698611;10395;355;11409;11476;7.07;0.43;286.54;10.02;1014;76;3948.00;67
10401;76;625698626;10401;355;11409;11476;7.04;0.43;286.70;10.02;1008;76;3949.00;67
10405;76;625698642;10405;358;11412;11480;6.98;0.42;286.77;10.02;1007;76;3950.00;68
10410;76;625698658;10410;362;11413;11481;6.91;0.42;286.84;10.02;1003;76;3951.00;68
10415;76;625698680;10415;361;11413;11481;6.82;0.42;286.90;10.02;998;76;3952.00;68
10420;76;625698695;10420;365;11414;11482;6.74;0.41;287.01;10.02;994;76;3953.00;68
10423;76;625698711;10423;363;11414;11482;6.69;0.41;287.02;10.02;991;76;3954.00;68
10428;76;625698725;10428;365;11414;11482;6.62;0.40;287.09;10.02;986;76;3955.00;68
10431;76;625698739;10431;376;11414;11482;6.56;0.40;287.09;10.02;983;76;3956.00;68
10436;76;625698753;10436;372;11414;11482;6.48;0.40;287.19;10.02;978;76;3957.00;68
10439;76;625698767;10439;371;11414;11482;6.45;0.39;287.16;10.02;975;76;3958.00;68
10442;76;625698781;10442;370;11414;11482;6.43;0.39;287.23;10.02;972;76;3959.00;68
10445;76;625698797;10445;394;11484;11607;6.43;0.40;287.23;9.96;1039;76;3960.00;123
10449;76;625698822;10449;381;11486;11608;6.44;0.40;287.33;9.96;1037;76;3961.00;122
10456;76;625698838;10456;361;11493;11608;6.51;0.40;287.35;10.01;1037;76;3962.00;115
10458;76;625698853;10458;357;11497;11608;6.60;0.41;287.39;10.01;1039;76;3963.00;111
10460;76;625698867;10460;358;11501;11608;6.67;0.41;287.43;10.01;1041;76;3964.00;107
10465;76;625698890;10465;347;11505;11608;6.71;0.41;287.44;10.01;1040;77;3965.00;103
10467;76;625698925;10467;333;11508;11608;6.78;0.42;287.46;10.01;1041;77;3966.00;100
10470;76;625698941;10470;328;11510;11608;6.79;0.42;287.48;10.01;1040;77;3967.00;98
10472;76;625698962;10472;314;11516;11609;6.84;0.42;287.54;10.00;1044;77;3968.00;93
10476;76;625698977;10476;311;11519;11610;6.83;0.42;287.59;10.00;1043;77;3969.00;91
10478;76;625698993;10478;308;11520;11610;6.86;0.42;287.60;10.00;1042;77;3970.00;90
10481;76;625699018;10481;307;11523;11614;6.84;0.42;287.68;10.00;1042;77;3971.00;91
10483;76;625699033;10483;296;11524;11614;6.81;0.42;287.72;10.00;1041;77;3972.00;90
10486;76;625699048;10486;290;11525;11614;6.76;0.42;287.75;10.00;1039;77;3973.00;89
10489;76;625699062;10489;292;11525;11614;6.71;0.41;287.75;10.00;1036;77;3974.00;89
10491;76;625699077;10491;294;11529;11620;6.68;0.41;287.81;10.00;1038;77;3975.00;91
10494;76;625699094;10494;302;11530;11620;6.69;0.41;287.83;10.00;1036;77;3976.00;90
10495;76;625699107;10495;291;11531;11620;6.71;0.41;287.84;10.06;1036;77;3977.00;89
10498;76;625699121;10498;289;11534;11623;6.74;0.41;287.83;10.06;1036;77;3978.00;89
10500;76;625699136;10500;290;11534;11623;6.76;0.41;287.89;10.06;1034;77;3979.00;89
10503;76;625699150;10503;287;11534;11623;6.78;0.42;287.97;10.06;1031;77;3980.00;89
10506;76;625699176;10506;292;11534;11624;6.82;0.42;287.96;10.06;1028;77;3981.00;90
10507;76;625699191;10507;283;11535;11625;6.83;0.42;287.99;10.06;1028;77;3982.00;90
10515;76;625699206;10515;284;11535;11625;6.78;0.41;288.03;10.06;1020;77;3983.00;90
10517;76;625699223;10517;291;11545;11638;6.75;0.41;288.01;10.05;1028;77;3984.00;93
10520;76;625699238;10520;286;11545;11638;6.69;0.41;287.99;10.05;1025;77;3985.00;93
10522;76;625699252;10522;286;11545;11638;6.62;0.40;288.02;10.05;1023;77;3986.00;93
10524;76;625699266;10524;290;11546;11639;6.66;0.41;287.99;10.05;1022;77;3987.00;93
10525;76;625699279;10525;288;11546;11639;6.64;0.41;287.99;10.05;1021;77;3988.00;93
10527;76;625699292;10527;295;11549;11643;6.62;0.40;287.95;10.04;1022;77;3989.00;94
10527;76;625699309;10527;299;11549;11643;6.64;0.41;287.95;10.04;1022;77;3990.00;94
10528;76;625699321;10528;303;11553;11647;6.63;0.41;287.95;10.04;1025;77;3991.00;94
10531;76;625699335;10531;308;11553;11647;6.60;0.40;287.94;10.04;1022;77;3992.00;94
10532;76;625699348;10532;313;11553;11647;6.57;0.40;287.92;10.04;1021;77;3993.00;94
10535;76;625699362;10535;311;11553;11647;6.48;0.40;287.91;10.04;1018;77;3994.00;94
10536;76;625699374;10536;313;11554;11647;6.38;0.39;287.90;10.11;1018;77;3995.00;93
10538;76;625699387;10538;316;11564;11659;6.36;0.39;287.89;10.10;1026;77;3996.00;95
10540;76;625699402;10540;316;11565;11659;6.28;0.38;287.87;10.10;1025;77;3997.00;94
10542;76;625699415;10542;317;11565;11659;6.21;0.38;287.86;10.10;1023;77;3998.00;94
10543;76;625699428;10543;322;11565;11659;6.17;0.38;287.83;10.10;1022;77;3999.00;94
10545;76;625699441;10545;321;11565;11659;6.07;0.37;287.82;10.10;1020;77;4000.00;94
10546;76;625699460;10546;318;11565;11659;5.99;0.37;287.80;10.10;1019;77;4001.00;94
10549;76;625699473;10549;316;11565;11660;5.95;0.36;287.77;10.10;1016;77;4002.00;95
10551;76;625699485;10551;312;11565;11660;5.90;0.36;287.77;10.10;1014;77;4003.00;95
10553;76;625699497;10553;316;11569;11666;5.87;0.36;287.84;10.09;1016;77;4004.00;97
10554;76;625699509;10554;318;11572;11668;5.86;0.36;287.90;10.09;1018;77;4005.00;96
10559;76;625699521;10559;312;11572;11668;5.80;0.36;287.86;10.09;1013;77;4006.00;96
10561;76;625699533;10561;317;11572;11668;5.74;0.35;287.84;10.09;1011;77;4007.00;96
10565;76;625699544;10565;314;11576;11672;5.69;0.35;287.80;10.15;1011;77;4008.00;96
10565;76;625699557;10565;312;11576;11672;5.64;0.35;287.80;10.15;1011;77;4009.00;96
10566;76;625699569;10566;310;11577;11672;5.56;0.34;287.80;10.22;1011;77;4010.00;95
10566;76;625699580;10566;313;11578;11673;5.48;0.34;287.80;10.22;1012;77;4011.00;95
10566;76;625699592;10566;310;11582;11677;5.43;0.33;287.80;10.28;1016;77;4012.00;95
10570;76;625699605;10570;303;11582;11677;5.33;0.33;287.76;10.28;1012;77;4013.00;95
10574;76;625699617;10574;294;11585;11680;5.30;0.33;287.77;10.35;1011;77;4014.00;95
10575;76;625699633;10575;303;11587;11680;5.32;0.33;287.75;10.36;1012;77;4015.00;93
10576;76;625699645;10576;294;11587;11680;5.31;0.33;287.77;10.36;1011;77;4016.00;93
10577;76;625699657;10577;291;11589;11680;5.32;0.33;287.75;10.43;1012;77;4017.00;91
10577;76;625699667;10577;288;11592;11684;5.42;0.33;287.75;10.43;1015;77;4018.00;92
10582;77;625699678;10582;277;11593;11684;5.44;0.33;287.73;10.50;1011;78;4019.00;91
10585;77;625699698;10585;255;11594;11684;5.53;0.34;287.70;10.50;1009;78;4020.00;90
10586;77;625699710;10586;249;11595;11684;5.61;0.34;287.68;10.56;1009;78;4021.00;89
10589;77;625699725;10589;231;11595;11685;5.71;0.35;287.66;10.56;1006;78;4022.00;90
10591;77;625699737;10591;229;11597;11686;5.80;0.35;287.64;10.63;1006;78;4023.00;89
10591;77;625699749;10591;222;11597;11686;5.86;0.36;287.64;10.63;1006;78;4024.00;89
10592;77;625699761;10592;219;11598;11687;5.94;0.36;287.67;10.63;1006;78;4025.00;89
10594;77;625699773;10594;216;11599;11687;6.01;0.36;287.65;10.69;1005;78;4026.00;88
10595;77;625699785;10595;217;11600;11687;6.08;0.37;287.65;10.69;1005;78;4027.00;87
10595;77;625699801;10595;218;11601;11687;6.18;0.38;287.65;10.75;1006;78;4028.00;86
10596;77;625699813;10596;217;11601;11687;6.23;0.38;287.63;10.75;1005;78;4029.00;86
10597;77;625699825;10597;216;11601;11687;6.33;0.38;287.63;10.75;1004;78;4030.00;86
10599;77;625699837;10599;212;11601;11687;6.38;0.39;287.65;10.75;1002;78;4031.00;86
10600;77;625699849;10600;229;11667;11814;6.64;0.41;287.66;10.75;1067;78;4032.00;147
10601;77;625699871;10601;221;11670;11815;6.75;0.41;287.70;10.75;1069;78;4033.00;145
10601;77;625699884;10601;215;11677;11815;6.92;0.42;287.70;10.74;1076;78;4034.00;138
10602;77;625699898;10602;211;11681;11815;7.01;0.43;287.69;10.74;1079;78;4035.00;134
10603;77;625699911;10603;214;11687;11815;7.12;0.44;287.69;10.73;1084;78;4036.00;128
10603;77;625699924;10603;214;11689;11815;7.18;0.44;287.69;10.73;1086;78;4037.00;126
10605;77;625699937;10605;213;11694;11815;7.22;0.44;287.69;10.73;1089;78;4038.00;121
10607;77;625699950;10607;219;11695;11815;7.28;0.44;287.71;10.73;1088;78;4039.00;120
10609;77;625699963;10609;220;11700;11816;7.34;0.45;287.65;10.74;1091;78;4040.00;116
10611;77;625699978;10611;225;11703;11817;7.35;0.45;287.71;10.75;1092;78;4041.00;114
10614;77;625699993;10614;228;11707;11817;7.35;0.45;287.71;10.75;1093;78;4042.00;110
10617;77;625700007;10617;225;11711;11818;7.31;0.45;287.71;10.78;1094;78;4043.00;107
10619;77;625700021;10619;230;11715;11818;7.32;0.45;287.72;10.78;1096;78;4044.00;103
10621;77;625700034;10621;232;11718;11818;7.32;0.45;287.74;10.79;1097;78;4045.00;100
10623;77;625700048;10623;242;11722;11818;7.38;0.45;287.79;10.79;1099;78;4046.00;96
10624;77;625700062;10624;250;11724;11822;7.39;0.45;287.81;10.79;1100;78;4047.00;98
10628;77;625700076;10628;260;11729;11822;7.38;0.45;287.82;10.82;1101;78;4048.00;93
10631;77;625700091;10631;267;11729;11822;7.36;0.45;287.83;10.82;1098;78;4049.00;93
10631;77;625700107;10631;269;11736;11828;7.34;0.45;287.83;10.85;1105;78;4050.00;92
10636;77;625700121;10636;268;11737;11828;7.27;0.44;287.85;10.85;1101;78;4051.00;91
10639;77;625700136;10639;275;11739;11828;7.22;0.44;287.88;10.86;1100;78;4052.00;89
10640;77;625700155;10640;275;11744;11832;7.17;0.44;287.90;10.87;1104;78;4053.00;88
10640;77;625700169;10640;278;11747;11833;7.14;0.43;287.90;10.88;1107;78;4054.00;86
10644;77;625700185;10644;280;11747;11833;7.06;0.43;287.96;10.88;1103;78;4055.00;86
10646;77;625700199;10646;292;11753;11837;7.03;0.43;288.03;10.89;1107;78;4056.00;84
10648;77;625700213;10648;297;11753;11837;6.93;0.42;288.06;10.89;1105;78;4057.00;84
10651;77;625700233;10651;301;11755;11837;6.89;0.42;288.06;10.90;1104;78;4058.00;82
10652;77;625700250;10652;306;11758;11838;6.82;0.42;288.10;10.92;1106;78;4059.00;80
10657;77;625700263;10657;306;11759;11838;6.76;0.41;288.10;10.92;1102;78;4060.00;79
10661;77;625700277;10661;302;11764;11844;6.67;0.41;288.13;10.94;1103;78;4061.00;80
10663;77;625700290;10663;303;11765;11844;6.63;0.41;288.17;10.93;1102;78;4062.00;79
10667;77;625700304;10667;297;11766;11845;6.57;0.40;288.19;10.94;1099;78;4063.00;79
10669;77;625700317;10669;297;11768;11845;6.56;0.40;288.26;10.95;1099;78;4064.00;77
10670;77;625700330;10670;291;11768;11845;6.57;0.40;288.27;10.95;1098;78;4065.00;77
10673;77;625700343;10673;290;11770;11845;6.54;0.40;288.33;10.97;1097;78;4066.00;75
10675;77;625700356;10675;289;11771;11845;6.49;0.40;288.41;10.98;1096;78;4067.00;74
10678;77;625700369;10678;291;11782;11857;6.53;0.40;288.37;10.97;1104;78;4068.00;75
10681;77;625700382;10681;289;11784;11857;6.51;0.40;288.42;10.98;1103;78;4069.00;73
10685;77;625700396;10685;279;11784;11857;6.44;0.39;288.42;10.98;1099;78;4070.00;73
10687;77;625700408;10687;278;11784;11857;6.40;0.39;288.43;10.98;1097;78;4071.00;73
10692;77;625700421;10692;284;11786;11857;6.35;0.39;288.60;10.99;1094;78;4072.00;71
10695;77;625700434;10695;288;11786;11857;6.32;0.39;288.68;10.99;1091;78;4073.00;71
10698;77;625700446;10698;293;11791;11861;6.25;0.38;288.76;11.00;1093;78;4074.00;70
10700;77;625700464;10700;281;11791;11861;6.20;0.38;288.84;11.00;1091;78;4075.00;70
10706;77;625700484;10706;290;11794;11865;6.14;0.38;288.89;11.00;1088;78;4076.00;71
10712;77;625700507;10712;295;11797;11866;5.99;0.37;288.88;11.01;1085;78;4077.00;69
10718;77;625700526;10718;298;11798;11866;5.91;0.36;288.84;11.01;1080;78;4078.00;68
10723;77;625700542;10723;303;11800;11866;5.80;0.36;288.89;11.02;1077;78;4079.00;66
10726;77;625700562;10726;304;11820;11895;5.78;0.35;288.87;11.00;1094;78;4080.00;75
10733;77;625700580;10733;294;11820;11895;5.71;0.35;288.98;11.00;1087;78;4081.00;75
10735;77;625700594;10735;295;11824;11895;5.74;0.35;289.01;11.00;1089;78;4082.00;71
10739;77;625700608;10739;293;11827;11896;5.75;0.35;289.04;11.00;1088;78;4083.00;69
10745;77;625700622;10745;300;11829;11897;5.70;0.35;289.08;11.00;1084;78;4084.00;68
10747;77;625700636;10747;301;11830;11897;5.69;0.35;289.14;11.01;1083;78;4085.00;67
10751;77;625700650;10751;304;11833;11900;5.69;0.35;289.09;11.01;1082;78;4086.00;67
10756;77;625700664;10756;304;11834;11900;5.72;0.35;289.12;11.01;1078;78;4087.00;66
10758;77;625700678;10758;302;11834;11900;5.81;0.36;289.15;11.01;1076;78;4088.00;66
10763;77;625700691;10763;288;11834;11900;5.81;0.36;289.20;11.01;1071;78;4089.00;66
10768;77;625700706;10768;285;11838;11906;5.91;0.36;289.25;11.01;1070;78;4090.00;68
10771;77;625700722;10771;291;11839;11906;5.98;0.37;289.30;11.01;1068;78;4091.00;67
10774;77;625700735;10774;283;11839;11906;6.10;0.37;289.31;11.01;1065;78;4092.00;67
10779;77;625700751;10779;289;11839;11906;6.20;0.38;289.33;11.01;1060;78;4093.00;67
10782;77;625700766;10782;285;11842;11910;6.30;0.39;289.41;11.01;1060;78;4094.00;68
10785;77;625700781;10785;285;11844;11912;6.47;0.40;289.54;11.00;1059;78;4095.00;68
10789;77;625700795;10789;286;11844;11912;6.57;0.40;289.57;11.00;1055;78;4096.00;68
10794;77;625700809;10794;287;11845;11913;6.65;0.41;289.64;11.00;1051;78;4097.00;68
10798;77;625700823;10798;293;11845;11913;6.74;0.41;289.69;11.00;1047;78;4098.00;68
10804;77;625700838;10804;293;11845;11913;6.79;0.42;289.77;11.00;1041;78;4099.00;68
10808;77;625700854;10808;300;11845;11913;6.83;0.42;289.82;11.00;1037;78;4100.00;68
10812;77;625700873;10812;298;11845;11913;6.87;0.42;289.84;11.00;1033;78;4101.00;68
10817;77;625700887;10817;298;11845;11913;6.95;0.42;289.92;11.00;1028;78;4102.00;68
10818;77;625700906;10818;289;11845;11913;6.99;0.43;289.92;11.00;1027;78;4103.00;68
10824;77;625700921;10824;302;11884;11983;7.04;0.43;289.99;10.97;1060;78;4104.00;99
10832;77;625700943;10832;297;11884;11984;7.08;0.43;290.05;10.97;1052;78;4105.00;100
10835;77;625700958;10835;300;11889;11984;7.24;0.44;290.07;10.96;1054;78;4106.00;95
10840;77;625700973;10840;299;11891;11984;7.30;0.45;290.13;10.96;1051;78;4107.00;93
10844;77;625700988;10844;297;11894;11984;7.36;0.45;290.17;10.96;1050;78;4108.00;90
10847;77;625701003;10847;297;11897;11984;7.45;0.46;290.24;10.96;1050;78;4109.00;87
10849;77;625701018;10849;291;11899;11984;7.49;0.46;290.27;10.96;1050;78;4110.00;85
10857;77;625701033;10857;295;11902;11984;7.50;0.46;290.37;10.96;1045;78;4111.00;82
10861;77;625701049;10861;297;11904;11985;7.43;0.45;290.40;10.96;1043;78;4112.00;81
10865;77;625701064;10865;304;11908;11986;7.40;0.45;290.36;10.95;1043;78;4113.00;78
10868;77;625701080;10868;309;11909;11986;7.35;0.45;290.42;10.95;1041;78;4114.00;77
10872;77;625701095;10872;321;11911;11990;7.30;0.45;290.40;10.95;1039;78;4115.00;79
10877;77;625701110;10877;325;11911;11990;7.25;0.44;290.48;10.95;1034;78;4116.00;79
10885;77;625701125;10885;333;11911;11990;7.21;0.44;290.53;10.95;1026;78;4117.00;79
10890;77;625701139;10890;333;11911;11990;7.15;0.44;290.59;10.95;1021;78;4118.00;79
10898;77;625701153;10898;339;11915;11996;7.09;0.44;290.62;10.95;1017;78;4119.00;81
10902;77;625701168;10902;342;11919;11996;7.04;0.43;290.68;11.01;1017;78;4120.00;77
10907;77;625701185;10907;344;11919;11996;7.04;0.43;290.72;11.01;1012;78;4121.00;77
10910;77;625701199;10910;349;11922;11999;7.07;0.43;290.74;11.01;1012;78;4122.00;77
10916;77;625701213;10916;354;11923;11999;6.99;0.43;290.72;11.01;1007;78;4123.00;76
10921;77;625701227;10921;363;11924;11999;6.96;0.43;290.81;11.01;1003;78;4124.00;75
10927;77;625701241;10927;374;11925;12000;6.84;0.42;290.87;11.01;998;78;4125.00;75
10930;77;625701255;10930;374;11926;12001;6.75;0.41;290.85;11.01;996;78;4126.00;75
10934;77;625701270;10934;371;11926;12001;6.63;0.40;290.87;11.01;992;78;4127.00;75
10938;77;625701284;10938;375;11937;12014;6.59;0.40;290.89;11.00;999;78;4128.00;77
10941;77;625701298;10941;371;11937;12014;6.52;0.40;290.90;11.00;996;78;4129.00;77
10944;77;625701312;10944;370;11937;12014;6.48;0.40;290.89;11.00;993;78;4130.00;77
10948;77;625701326;10948;370;11938;12015;6.45;0.39;290.91;11.00;990;78;4131.00;77
10951;77;625701340;10951;373;11938;12015;6.44;0.39;290.90;11.00;987;78;4132.00;77
10954;77;625701354;10954;377;11941;12019;6.48;0.39;290.88;11.00;987;78;4133.00;78
10955;77;625701368;10955;385;11941;12019;6.51;0.40;290.89;11.00;986;78;4134.00;78
10960;77;625701381;10960;387;11946;12023;6.48;0.39;290.89;11.05;986;78;4135.00;77
10961;77;625701395;10961;377;11946;12023;6.52;0.40;290.87;11.05;985;78;4136.00;77
10961;77;625701407;10961;374;11946;12023;6.58;0.40;290.87;11.05;985;78;4137.00;77
10964;77;625701421;10964;360;11946;12023;6.60;0.40;290.89;11.05;982;78;4138.00;77
10969;77;625701434;10969;354;11946;12023;6.59;0.40;290.89;11.05;977;78;4139.00;77
10971;77;625701451;10971;356;11970;12057;6.64;0.41;290.95;11.03;999;78;4140.00;87
10972;77;625701468;10972;349;11971;12057;6.63;0.41;290.95;11.03;999;78;4141.00;86
10972;77;625701482;10972;340;11972;12057;6.70;0.41;290.95;11.03;1000;78;4142.00;85
10976;77;625701495;10976;336;11972;12057;6.68;0.41;290.93;11.03;996;78;4143.00;85
10978;77;625701508;10978;331;11973;12057;6.66;0.41;290.90;11.03;995;78;4144.00;84
10979;77;625701520;10979;331;11973;12057;6.61;0.40;290.89;11.03;994;78;4145.00;84
10981;77;625701533;10981;327;11974;12058;6.60;0.40;290.85;11.03;993;78;4146.00;84
10985;77;625701545;10985;320;11974;12058;6.55;0.40;290.81;11.03;989;78;4147.00;84
10987;77;625701558;10987;322;11978;12064;6.56;0.40;290.94;11.03;991;78;4148.00;86
10991;77;625701571;10991;318;11979;12065;6.55;0.40;290.90;11.03;988;78;4149.00;86
10994;77;625701591;10994;310;11981;12065;6.53;0.40;290.86;11.09;987;78;4150.00;84
10994;77;625701610;10994;310;11981;12065;6.52;0.40;290.86;11.09;987;78;4151.00;84
10995;77;625701622;10995;305;11985;12069;6.48;0.40;290.85;11.08;990;78;4152.00;84
10995;77;625701635;10995;301;11985;12069;6.47;0.39;290.85;11.08;990;78;4153.00;84
10999;77;625701647;10999;304;11985;12069;6.36;0.39;290.79;11.08;986;78;4154.00;84
11000;77;625701658;11000;305;11986;12070;6.29;0.38;290.77;11.08;986;78;4155.00;84
11003;77;625701670;11003;309;11989;12074;6.21;0.38;290.71;11.08;986;78;4156.00;85
11005;77;625701682;11005;311;11989;12074;6.10;0.37;290.69;11.08;984;78;4157.00;85
11008;77;625701693;11008;313;11991;12077;6.07;0.37;290.64;11.08;983;78;4158.00;86
11010;77;625701705;11010;315;11991;12077;6.05;0.37;290.61;11.08;981;78;4159.00;86
11012;77;625701717;11012;314;11992;12077;6.01;0.37;290.59;11.08;980;78;4160.00;85
11013;77;625701728;11013;319;11992;12077;5.97;0.36;290.57;11.08;979;78;4161.00;85
11014;77;625701739;11014;315;11995;12081;5.97;0.36;290.57;11.07;981;78;4162.00;86
11016;77;625701750;11016;324;11995;12081;5.90;0.36;290.63;11.07;979;78;4163.00;86
11017;77;625701761;11017;328;11996;12081;5.91;0.36;290.63;11.07;979;78;4164.00;85
11017;77;625701772;11017;331;11996;12081;5.93;0.36;290.63;11.07;979;78;4165.00;85
11018;77;625701783;11018;336;11996;12082;5.88;0.36;290.63;11.07;978;78;4166.00;86
11020;77;625701794;11020;338;11998;12083;5.83;0.36;290.60;11.13;978;78;4167.00;85
11023;77;625701804;11023;339;11998;12083;5.76;0.35;290.57;11.13;975;78;4168.00;85
11025;77;625701820;11025;345;11999;12084;5.65;0.34;290.61;11.13;974;78;4169.00;85
11028;77;625701833;11028;342;11999;12084;5.55;0.34;290.59;11.13;971;78;4170.00;85
11029;77;625701844;11029;331;11999;12084;5.46;0.33;290.60;11.13;970;78;4171.00;85
11031;77;625701854;11031;316;11999;12084;5.44;0.33;290.67;11.13;968;78;4172.00;85
11031;77;625701865;11031;306;12002;12086;5.42;0.33;290.67;11.19;971;78;4173.00;84
11031;77;625701876;11031;289;12002;12086;5.47;0.33;290.67;11.19;971;78;4174.00;84
11031;77;625701886;11031;279;12002;12086;5.58;0.34;290.67;11.19;971;78;4175.00;84
11032;77;625701898;11032;288;12070;12213;5.76;0.36;290.66;11.13;1038;78;4176.00;143
11034;77;625701925;11034;260;12071;12214;5.88;0.36;290.66;11.13;1037;78;4177.00;143
11036;77;625701938;11036;249;12077;12214;6.10;0.38;290.65;11.12;1041;78;4178.00;137
11039;77;625701949;11039;233;12079;12214;6.16;0.38;290.64;11.12;1040;78;4179.00;135
11040;77;625701961;11040;226;12083;12214;6.25;0.39;290.65;11.12;1043;78;4180.00;131
11042;77;625701980;11042;221;12086;12214;6.30;0.39;290.64;11.12;1044;78;4181.00;128
11043;77;625701991;11043;214;12088;12214;6.39;0.39;290.63;11.12;1045;78;4182.00;126
11047;77;625702003;11047;223;12091;12214;6.48;0.40;290.60;11.17;1044;78;4183.00;123
11050;77;625702021;11050;220;12095;12215;6.61;0.41;290.60;11.17;1045;78;4184.00;120
11053;77;625702033;11053;213;12100;12217;6.67;0.41;290.65;11.24;1047;78;4185.00;117
11054;77;625702054;11054;208;12104;12217;6.74;0.41;290.64;11.24;1050;78;4186.00;113
11057;77;625702066;11057;213;12105;12218;6.76;0.41;290.65;11.24;1048;78;4187.00;113
11060;77;625702079;11060;214;12110;12218;6.82;0.42;290.61;11.29;1050;78;4188.00;108
11061;77;625702092;11061;210;12114;12218;6.90;0.42;290.60;11.29;1053;78;4189.00;104
11062;77;625702104;11062;210;12120;12218;6.96;0.43;290.60;11.29;1058;78;4190.00;98
11063;77;625702116;11063;204;12123;12222;6.98;0.43;290.59;11.33;1060;78;4191.00;99
11067;77;625702129;11067;202;12125;12222;6.98;0.43;290.66;11.33;1058;78;4192.00;97
11070;77;625702143;11070;205;12125;12222;6.97;0.43;290.62;11.33;1055;78;4193.00;97
11073;77;625702156;11073;202;12128;12225;7.00;0.43;290.64;11.38;1055;78;4194.00;97
11076;77;625702169;11076;202;12129;12225;6.99;0.43;290.64;11.38;1053;78;4195.00;96
11080;77;625702182;11080;205;12131;12225;6.96;0.42;290.59;11.43;1051;78;4196.00;94
11083;77;625702194;11083;201;12135;12229;6.99;0.43;290.64;11.43;1052;78;4197.00;94
11085;77;625702207;11085;206;12136;12230;7.08;0.43;290.63;11.42;1051;78;4198.00;94
11087;77;625702220;11087;197;12137;12230;7.14;0.44;290.63;11.43;1050;78;4199.00;93
11091;77;625702235;11091;203;12145;12264;7.15;0.44;290.70;11.42;1054;78;4200.00;119
11094;77;625702255;11094;203;12151;12264;7.14;0.43;290.72;11.42;1057;78;4201.00;113
11096;77;625702268;11096;200;12151;12264;7.17;0.44;290.75;11.42;1055;78;4202.00;113
11100;77;625702280;11100;204;12153;12265;7.20;0.44;290.85;11.42;1053;78;4203.00;112
11102;77;625702293;11102;205;12153;12265;7.19;0.44;290.86;11.42;1051;78;4204.00;112
11109;77;625702306;11109;204;12157;12271;7.18;0.44;290.88;11.41;1048;78;4205.00;114
11114;77;625702320;11114;205;12159;12271;7.18;0.43;290.90;11.41;1045;78;4206.00;112
11114;77;625702334;11114;208;12161;12272;7.16;0.43;290.90;11.42;1047;78;4207.00;111
11117;77;625702346;11117;208;12161;12272;7.20;0.44;291.01;11.42;1044;78;4208.00;111
11121;77;625702359;11121;207;12162;12272;7.23;0.44;291.03;11.44;1041;78;4209.00;110
11121;77;625702373;11121;213;12164;12272;7.29;0.44;291.03;11.45;1043;78;4210.00;108
11124;77;625702386;11124;215;12165;12272;7.31;0.44;291.05;11.44;1041;78;4211.00;107
11125;77;625702400;11125;218;12174;12284;7.40;0.45;291.05;11.45;1049;78;4212.00;110
11129;77;625702414;11129;217;12177;12284;7.47;0.45;291.07;11.46;1048;78;4213.00;107
11133;77;625702427;11133;226;12178;12284;7.55;0.46;291.17;11.46;1045;78;4214.00;106
11137;77;625702442;11137;226;12180;12284;7.63;0.46;291.24;11.48;1043;78;4215.00;104
11138;77;625702463;11138;229;12182;12284;7.65;0.46;291.25;11.48;1044;78;4216.00;102
11143;77;625702489;11143;224;12184;12284;7.68;0.47;291.24;11.50;1041;78;4217.00;100
11145;78;625702512;11145;230;12189;12288;7.65;0.46;291.33;11.51;1044;79;4218.00;99
11146;78;625702546;11146;227;12189;12288;7.71;0.47;291.32;11.51;1043;79;4219.00;99
11148;78;625702568;11148;230;12193;12292;7.76;0.47;291.34;11.53;1045;79;4220.00;99
11150;78;625702591;11150;238;12196;12293;7.85;0.48;291.35;11.53;1046;79;4221.00;97
11151;78;625702607;11151;239;12198;12293;7.87;0.48;291.33;11.55;1047;79;4222.00;95
11153;78;625702622;11153;237;12199;12293;7.83;0.48;291.34;11.55;1046;79;4223.00;94
11155;78;625702637;11155;236;12207;12306;7.79;0.48;291.36;11.56;1052;79;4224.00;99
11159;78;625702653;11159;242;12208;12306;7.72;0.47;291.33;11.56;1049;79;4225.00;98
11162;78;625702667;11162;247;12210;12306;7.67;0.47;291.33;11.57;1048;79;4226.00;96
11164;78;625702682;11164;255;12214;12307;7.59;0.46;291.42;11.58;1050;79;4227.00;93
11164;78;625702696;11164;256;12214;12308;7.55;0.46;291.42;11.58;1050;79;4228.00;94
11167;78;625702710;11167;254;12216;12308;7.46;0.46;291.51;11.59;1049;79;4229.00;92
11170;78;625702726;11170;256;12220;12314;7.42;0.45;291.59;11.59;1050;79;4230.00;94
11172;78;625702741;11172;254;12221;12314;7.40;0.45;291.59;11.61;1049;79;4231.00;93
11175;78;625702755;11175;259;12224;12314;7.36;0.45;291.59;11.61;1049;79;4232.00;90
11176;78;625702769;11176;260;12225;12314;7.32;0.45;291.62;11.62;1049;79;4233.00;89
11180;78;625702782;11180;267;12228;12320;7.34;0.45;291.67;11.62;1048;79;4234.00;92
11184;78;625702797;11184;263;12229;12320;7.26;0.44;291.71;11.62;1045;79;4235.00;91
11190;78;625702812;11190;264;12230;12320;7.18;0.44;291.75;11.63;1040;79;4236.00;90
11192;78;625702826;11192;268;12230;12320;7.15;0.44;291.80;11.63;1038;79;4237.00;90
11197;78;625702839;11197;269;12235;12324;7.04;0.43;291.88;11.64;1038;79;4238.00;89
11200;78;625702854;11200;275;12236;12325;7.00;0.43;291.94;11.64;1036;79;4239.00;89
11201;78;625702867;11201;279;12236;12325;6.95;0.42;292.00;11.64;1035;79;4240.00;89
11205;78;625702880;11205;283;12238;12326;6.80;0.41;292.02;11.65;1033;79;4241.00;88
11209;78;625702893;11209;285;12238;12326;6.68;0.41;292.01;11.65;1029;79;4242.00;88
11211;78;625702907;11211;286;12238;12326;6.56;0.40;292.04;11.65;1027;79;4243.00;88
11215;78;625702919;11215;293;12241;12326;6.41;0.39;292.08;11.67;1026;79;4244.00;85
11217;78;625702932;11217;296;12243;12326;6.39;0.39;292.09;11.69;1026;79;4245.00;83
11224;78;625702945;11224;300;12244;12326;6.27;0.38;292.13;11.70;1020;79;4246.00;82
11230;78;625702958;11230;298;12244;12326;6.15;0.38;292.15;11.70;1014;79;4247.00;82
11235;78;625702972;11235;311;12280;12396;6.12;0.37;292.09;11.67;1045;79;4248.00;116
11240;78;625702989;11240;315;12283;12397;5.92;0.36;292.17;11.67;1043;79;4249.00;114
11242;78;625703002;11242;313;12289;12397;5.88;0.36;292.20;11.68;1047;79;4250.00;108
11245;78;625703014;11245;312;12294;12397;5.77;0.35;292.25;11.68;1049;79;4251.00;103
11248;78;625703027;11248;304;12301;12397;5.76;0.35;292.27;11.69;1053;79;4252.00;96
11253;78;625703040;11253;304;12303;12397;5.71;0.35;292.30;11.70;1050;79;4253.00;94
11255;78;625703052;11255;309;12306;12397;5.74;0.35;292.35;11.70;1051;79;4254.00;91
11262;78;625703065;11262;315;12309;12397;5.72;0.35;292.35;11.71;1047;79;4255.00;88
11264;78;625703078;11264;318;12312;12398;5.79;0.35;292.38;11.72;1048;79;4256.00;86
11267;78;625703091;11267;321;12317;12399;5.87;0.36;292.47;11.72;1050;79;4257.00;82
11269;78;625703104;11269;318;12320;12399;5.95;0.36;292.48;11.72;1051;79;4258.00;79
11273;78;625703118;11273;323;12323;12403;5.97;0.37;292.45;11.72;1050;79;4259.00;80
11275;78;625703133;11275;329;12324;12403;6.00;0.37;292.49;11.73;1049;79;4260.00;79
11277;78;625703146;11277;322;12324;12403;6.06;0.37;292.48;11.73;1047;79;4261.00;79
11282;78;625703159;11282;329;12325;12403;6.03;0.37;292.61;11.73;1043;79;4262.00;78
11285;78;625703171;11285;334;12329;12409;6.03;0.37;292.65;11.73;1044;79;4263.00;80
11289;78;625703185;11289;333;12330;12409;6.06;0.37;292.69;11.73;1041;79;4264.00;79
11294;78;625703198;11294;331;12331;12409;6.01;0.37;292.67;11.73;1037;79;4265.00;78
11296;78;625703216;11296;325;12333;12412;6.06;0.37;292.67;11.73;1037;79;4266.00;79
11301;78;625703239;11301;327;12335;12412;6.03;0.37;292.73;11.73;1034;79;4267.00;77
11304;78;625703256;11304;332;12335;12412;6.01;0.37;292.70;11.73;1031;79;4268.00;77
11308;79;625703269;11308;335;12337;12413;5.96;0.37;292.72;11.73;1029;80;4269.00;76
11312;79;625703290;11312;331;12339;12414;6.02;0.37;292.71;11.73;1027;80;4270.00;75
11316;79;625703303;11316;341;12340;12414;6.06;0.37;292.74;11.73;1024;80;4271.00;74
11321;79;625703319;11321;350;12352;12427;6.12;0.37;292.76;11.72;1031;80;4272.00;75
11324;79;625703335;11324;346;12353;12427;6.10;0.37;292.83;11.72;1029;80;4273.00;74
11331;79;625703348;11331;351;12353;12427;6.06;0.37;292.79;11.72;1022;80;4274.00;74
11336;79;625703361;11336;360;12356;12429;6.02;0.37;292.80;11.72;1020;80;4275.00;73
11337;79;625703374;11337;370;12357;12429;6.08;0.37;292.78;11.72;1020;80;4276.00;72
11341;79;625703388;11341;372;12359;12433;6.07;0.37;292.86;11.72;1018;80;4277.00;74
11343;79;625703403;11343;371;12360;12433;6.13;0.37;292.88;11.72;1017;80;4278.00;73
11347;79;625703416;11347;373;12363;12437;6.15;0.37;292.92;11.72;1016;80;4279.00;74
11351;79;625703429;11351;371;12364;12437;6.14;0.37;292.95;11.71;1013;80;4280.00;73
11355;79;625703441;11355;374;12365;12437;6.12;0.37;292.96;11.71;1010;80;4281.00;72
11359;79;625703457;11359;375;12365;12437;6.07;0.37;292.95;11.71;1006;80;4282.00;72
11360;79;625703471;11360;378;12365;12437;6.11;0.37;292.94;11.71;1005;80;4283.00;72
11364;79;625703484;11364;381;12375;12449;6.20;0.38;293.05;11.70;1011;80;4284.00;74
11368;79;625703499;11368;379;12376;12449;6.20;0.38;293.11;11.70;1008;80;4285.00;73
11371;79;625703513;11371;377;12376;12449;6.20;0.38;293.19;11.70;1005;80;4286.00;73
11374;79;625703525;11374;376;12376;12449;6.20;0.38;293.18;11.70;1002;80;4287.00;73
11380;79;625703538;11380;375;12376;12449;6.14;0.37;293.23;11.70;996;80;4288.00;73
11382;79;625703551;11382;379;12376;12449;6.14;0.37;293.22;11.70;994;80;4289.00;73
11387;79;625703565;11387;384;12377;12450;6.10;0.37;293.18;11.76;990;80;4290.00;73
11391;79;625703577;11391;394;12377;12450;6.03;0.37;293.17;11.76;986;80;4291.00;73
11393;79;625703589;11393;400;12381;12456;6.00;0.37;293.15;11.76;988;80;4292.00;75
11395;79;625703602;11395;413;12382;12457;5.98;0.37;293.17;11.75;987;80;4293.00;75
11396;79;625703614;11396;419;12383;12457;5.97;0.36;293.21;11.75;987;80;4294.00;74
11398;79;625703626;11398;426;12383;12457;5.95;0.36;293.25;11.75;985;80;4295.00;74
11402;79;625703638;11402;431;12386;12461;5.93;0.36;293.22;11.75;984;80;4296.00;75
11404;79;625703650;11404;425;12386;12461;5.93;0.36;293.23;11.75;982;80;4297.00;75
11405;79;625703662;11405;425;12386;12461;5.95;0.36;293.24;11.75;981;80;4298.00;75
11409;79;625703674;11409;422;12387;12462;5.98;0.37;293.30;11.75;978;80;4299.00;75
11413;79;625703688;11413;421;12390;12466;6.03;0.37;293.33;11.75;977;80;4300.00;76
11416;79;625703706;11416;417;12390;12466;6.00;0.37;293.32;11.75;974;80;4301.00;76
11417;79;625703718;11417;415;12392;12469;6.00;0.37;293.31;11.75;975;80;4302.00;77
11421;79;625703730;11421;415;12393;12469;6.00;0.37;293.30;11.74;972;80;4303.00;76
11422;79;625703743;11422;412;12393;12469;6.01;0.37;293.29;11.74;971;80;4304.00;76
11424;79;625703755;11424;411;12393;12469;5.93;0.36;293.27;11.74;969;80;4305.00;76
11427;79;625703772;11427;398;12397;12473;5.91;0.36;293.25;11.80;970;80;4306.00;76
11431;79;625703785;11431;383;12397;12473;5.93;0.36;293.22;11.80;966;80;4307.00;76
11433;79;625703798;11433;370;12398;12473;5.96;0.36;293.20;11.80;965;80;4308.00;75
11437;79;625703815;11437;360;12398;12473;5.96;0.36;293.14;11.80;961;80;4309.00;75
11438;79;625703828;11438;349;12398;12474;6.05;0.37;293.12;11.80;960;80;4310.00;76
11441;79;625703842;11441;342;12399;12475;6.10;0.37;293.09;11.80;958;80;4311.00;76
11441;79;625703854;11441;334;12399;12475;6.19;0.38;293.09;11.80;958;80;4312.00;76
11442;79;625703866;11442;333;12400;12476;6.22;0.38;293.12;11.80;958;80;4313.00;76
11444;79;625703884;11444;330;12400;12476;6.27;0.38;293.19;11.80;956;80;4314.00;76
11447;79;625703897;11447;333;12400;12476;6.27;0.38;293.16;11.80;953;80;4315.00;76
11450;79;625703915;11450;336;12400;12476;6.30;0.38;293.18;11.80;950;80;4316.00;76
11451;79;625703927;11451;334;12400;12476;6.33;0.38;293.17;11.80;949;80;4317.00;76
11454;79;625703939;11454;323;12400;12476;6.32;0.38;293.13;11.80;946;80;4318.00;76
11454;79;625703952;11454;322;12400;12476;6.30;0.38;293.13;11.80;946;80;4319.00;76
11455;79;625703965;11455;363;12510;12706;6.53;0.41;293.12;11.69;1055;80;4320.00;196
11456;79;625703995;11456;360;12513;12707;6.52;0.41;293.11;11.69;1057;80;4321.00;194
11457;79;625704008;11457;346;12525;12707;6.59;0.41;293.09;11.74;1068;80;4322.00;182
11459;79;625704021;11459;320;12531;12707;6.61;0.41;293.15;11.73;1072;80;4323.00;176
11460;79;625704040;11460;308;12537;12707;6.60;0.41;293.14;11.73;1077;80;4324.00;170
11461;79;625704053;11461;308;12543;12707;6.56;0.41;293.12;11.73;1082;80;4325.00;164
11461;79;625704065;11461;298;12548;12707;6.57;0.41;293.12;11.72;1087;80;4326.00;159
11462;79;625704077;11462;300;12551;12707;6.52;0.40;293.15;11.72;1089;80;4327.00;156
11465;79;625704090;11465;301;12556;12708;6.46;0.40;293.14;11.72;1091;80;4328.00;152
11465;79;625704103;11465;299;12561;12709;6.45;0.40;293.14;11.72;1096;80;4329.00;148
11465;79;625704116;11465;292;12565;12709;6.48;0.40;293.14;11.72;1100;80;4330.00;144
11466;79;625704129;11466;296;12568;12710;6.42;0.40;293.13;11.72;1102;80;4331.00;142
11469;79;625704142;11469;297;12573;12710;6.32;0.39;293.12;11.72;1104;80;4332.00;137
11470;79;625704155;11470;304;12574;12710;6.22;0.39;293.11;11.72;1104;80;4333.00;136
11470;79;625704168;11470;304;12577;12710;6.19;0.38;293.11;11.72;1107;80;4334.00;133
11472;79;625704186;11472;314;12581;12714;6.11;0.38;293.12;11.72;1109;80;4335.00;133
11472;79;625704200;11472;319;12583;12714;6.08;0.38;293.12;11.72;1111;80;4336.00;131
11472;79;625704214;11472;324;12584;12714;6.08;0.38;293.12;11.72;1112;80;4337.00;130
11475;79;625704227;11475;325;12586;12717;6.05;0.37;293.20;11.72;1111;80;4338.00;131
11475;79;625704241;11475;331;12588;12717;6.01;0.37;293.20;11.78;1113;80;4339.00;129
11477;79;625704255;11477;337;12588;12717;5.97;0.37;293.19;11.78;1111;80;4340.00;129
11480;79;625704269;11480;330;12591;12721;5.96;0.37;293.19;11.78;1111;80;4341.00;130
11482;79;625704284;11482;332;12593;12722;5.97;0.37;293.18;11.78;1111;80;4342.00;129
11482;79;625704298;11482;325;12594;12722;5.95;0.37;293.18;11.78;1112;80;4343.00;128
11484;79;625704311;11484;330;12596;12726;5.98;0.37;293.25;11.77;1112;80;4344.00;130
11487;79;625704324;11487;323;12598;12726;5.94;0.36;293.28;11.78;1111;80;4345.00;128
11489;79;625704340;11489;320;12598;12726;5.97;0.37;293.29;11.78;1109;80;4346.00;128
11496;79;625704353;11496;320;12599;12727;5.93;0.36;293.34;11.83;1103;80;4347.00;128
11498;79;625704373;11498;316;12602;12727;5.94;0.36;293.38;11.84;1104;80;4348.00;125
11505;79;625704386;11505;319;12605;12733;5.88;0.36;293.43;11.83;1100;80;4349.00;128
11508;79;625704402;11508;321;12607;12733;5.85;0.36;293.43;11.89;1099;80;4350.00;126
11509;79;625704414;11509;315;12608;12734;5.83;0.36;293.41;11.89;1099;80;4351.00;126
11514;79;625704427;11514;301;12609;12734;5.80;0.35;293.40;11.95;1095;80;4352.00;125
11519;79;625704440;11519;302;12611;12734;5.79;0.35;293.45;11.95;1092;80;4353.00;123
11522;79;625704453;11522;291;12613;12734;5.83;0.35;293.46;11.97;1091;80;4354.00;121
11525;79;625704476;11525;292;12615;12734;5.86;0.36;293.46;12.02;1090;80;4355.00;119
11529;79;625704497;11529;292;12627;12746;5.92;0.36;293.48;12.03;1098;80;4356.00;119
11530;79;625704518;11530;295;12628;12746;5.93;0.36;293.47;12.09;1098;80;4357.00;118
11532;79;625704536;11532;290;12628;12746;5.96;0.36;293.50;12.09;1096;80;4358.00;118
11534;79;625704555;11534;272;12628;12746;6.02;0.37;293.50;12.09;1094;80;4359.00;118
11537;79;625704575;11537;256;12629;12746;6.10;0.37;293.51;12.15;1092;80;4360.00;117
11539;79;625704591;11539;250;12629;12746;6.17;0.38;293.51;12.15;1090;80;4361.00;117
11541;79;625704606;11541;248;12632;12750;6.21;0.38;293.50;12.14;1091;80;4362.00;118
11543;79;625704621;11543;241;12632;12750;6.29;0.38;293.49;12.14;1089;80;4363.00;118
11544;79;625704636;11544;247;12634;12754;6.42;0.39;293.52;12.14;1090;80;4364.00;120
11549;79;625704652;11549;239;12637;12756;6.53;0.40;293.54;12.14;1088;80;4365.00;119
11552;79;625704668;11552;235;12638;12756;6.65;0.40;293.57;12.14;1086;80;4366.00;118
11555;79;625704682;11555;234;12638;12756;6.74;0.41;293.62;12.14;1083;80;4367.00;118
11558;79;625704696;11558;230;12648;12769;6.78;0.41;293.64;12.13;1090;80;4368.00;121
11559;79;625704712;11559;226;12648;12769;6.85;0.41;293.64;12.13;1089;80;4369.00;121
11560;79;625704726;11560;224;12649;12769;6.89;0.42;293.64;12.14;1089;80;4370.00;120
11563;79;625704739;11563;220;12650;12770;6.92;0.42;293.67;12.14;1087;80;4371.00;120
11563;79;625704754;11563;219;12651;12771;6.97;0.42;293.67;12.14;1088;80;4372.00;120
11565;79;625704768;11565;226;12651;12771;6.97;0.42;293.69;12.14;1086;80;4373.00;120
11568;79;625704782;11568;221;12655;12774;7.02;0.43;293.73;12.15;1087;80;4374.00;119
11570;79;625704797;11570;215;12655;12774;7.09;0.43;293.71;12.15;1085;80;4375.00;119
11574;79;625704811;11574;221;12658;12774;7.18;0.44;293.82;12.16;1084;80;4376.00;116
11578;79;625704826;11578;229;12659;12774;7.23;0.44;293.89;12.16;1081;80;4377.00;115
11580;79;625704841;11580;232;12663;12780;7.36;0.45;293.92;12.16;1083;80;4378.00;117
11582;79;625704856;11582;234;12664;12780;7.44;0.45;293.95;12.16;1082;80;4379.00;116
11583;79;625704873;11583;239;12667;12780;7.48;0.45;293.97;12.17;1084;80;4380.00;113
11586;79;625704887;11586;237;12669;12780;7.53;0.46;293.97;12.19;1083;80;4381.00;111
11589;79;625704903;11589;239;12673;12784;7.54;0.46;294.05;12.19;1084;80;4382.00;111
11593;79;625704917;11593;236;12676;12785;7.56;0.46;294.01;12.21;1083;80;4383.00;109
11597;79;625704933;11597;240;12677;12785;7.54;0.46;294.02;12.21;1080;80;4384.00;108
11600;79;625704948;11600;237;12680;12786;7.52;0.46;294.09;12.23;1080;80;4385.00;106
11601;79;625704964;11601;236;12681;12786;7.56;0.46;294.12;12.24;1080;80;4386.00;105
11605;79;625704980;11605;242;12683;12786;7.62;0.46;294.16;12.25;1078;80;4387.00;103
11610;79;625704996;11610;242;12685;12786;7.61;0.46;294.23;12.27;1075;80;4388.00;101
11614;79;625705012;11614;241;12687;12786;7.59;0.46;294.28;12.28;1073;80;4389.00;99
11616;79;625705027;11616;243;12689;12786;7.57;0.46;294.34;12.28;1073;80;4390.00;97
11621;79;625705042;11621;244;12691;12786;7.55;0.46;294.38;12.30;1070;80;4391.00;95
11623;79;625705056;11623;253;12728;12856;7.55;0.46;294.43;12.27;1105;80;4392.00;128
11626;79;625705078;11626;256;12731;12857;7.48;0.46;294.51;12.29;1105;80;4393.00;126
11628;79;625705093;11628;255;12739;12857;7.51;0.46;294.52;12.28;1111;80;4394.00;118
11630;79;625705108;11630;260;12743;12857;7.52;0.46;294.56;12.30;1113;80;4395.00;114
11635;79;625705121;11635;269;12752;12857;7.48;0.46;294.55;12.31;1117;80;4396.00;105
11638;79;625705137;11638;264;12755;12857;7.44;0.45;294.55;12.31;1117;80;4397.00;102
11640;79;625705151;11640;269;12760;12857;7.33;0.45;294.61;12.31;1120;80;4398.00;97
11641;79;625705165;11641;259;12762;12857;7.27;0.44;294.62;12.33;1121;80;4399.00;95
11644;79;625705184;11644;255;12765;12858;7.25;0.44;294.76;12.33;1121;80;4400.00;93
11648;79;625705205;11648;255;12767;12859;7.21;0.44;294.82;12.34;1119;80;4401.00;92
11650;79;625705222;11650;260;12767;12859;7.15;0.44;294.87;12.34;1117;80;4402.00;92
11652;79;625705237;11652;258;12771;12863;7.13;0.44;294.92;12.34;1119;80;4403.00;92
11656;79;625705254;11656;263;12772;12863;7.09;0.43;294.95;12.35;1116;80;4404.00;91
11661;79;625705270;11661;267;12772;12863;7.09;0.43;294.96;12.35;1111;80;4405.00;91
11664;79;625705294;11664;267;12773;12863;7.10;0.43;294.98;12.37;1109;80;4406.00;90
11665;79;625705308;11665;275;12779;12869;7.18;0.44;295.00;12.36;1114;80;4407.00;90
11668;79;625705325;11668;277;12780;12869;7.25;0.44;295.04;12.38;1112;80;4408.00;89
11672;79;625705340;11672;281;12780;12869;7.28;0.45;295.05;12.38;1108;80;4409.00;89
11674;79;625705362;11674;280;12786;12875;7.28;0.45;295.06;12.38;1112;80;4410.00;89
11678;79;625705378;11678;282;12787;12875;7.28;0.45;295.13;12.38;1109;80;4411.00;88
11683;79;625705394;11683;287;12790;12875;7.21;0.44;295.14;12.42;1107;80;4412.00;85
11686;79;625705409;11686;284;12790;12876;7.05;0.43;295.13;12.42;1104;80;4413.00;86
11690;79;625705424;11690;288;12791;12877;6.89;0.42;295.16;12.42;1101;80;4414.00;86
11694;79;625705438;11694;296;12792;12877;6.71;0.41;295.17;12.43;1098;80;4415.00;85
11702;79;625705451;11702;313;12805;12890;6.48;0.40;295.17;12.45;1103;80;4416.00;85
11704;79;625705467;11704;319;12805;12890;6.36;0.39;295.23;12.45;1101;80;4417.00;85
11711;79;625705481;11711;327;12808;12890;6.21;0.38;295.22;12.46;1097;80;4418.00;82
11716;79;625705494;11716;337;12809;12891;6.03;0.37;295.27;12.46;1093;80;4419.00;82
11718;79;625705507;11718;328;12810;12891;5.98;0.37;295.27;12.47;1092;80;4420.00;81
11725;79;625705519;11725;327;12813;12895;5.92;0.36;295.36;12.47;1088;80;4421.00;82
11729;79;625705532;11729;330;12813;12895;5.90;0.36;295.37;12.47;1084;80;4422.00;82
11734;79;625705544;11734;322;12819;12899;5.84;0.36;295.45;12.49;1085;80;4423.00;80
11736;79;625705557;11736;335;12821;12899;5.88;0.36;295.46;12.50;1085;80;4424.00;78
11744;79;625705569;11744;332;12821;12899;5.84;0.36;295.54;12.50;1077;80;4425.00;78
11747;79;625705581;11747;335;12822;12899;5.82;0.36;295.60;12.50;1075;80;4426.00;77
11750;79;625705598;11750;334;12824;12899;5.84;0.36;295.62;12.51;1074;80;4427.00;75
11755;79;625705611;11755;337;12834;12911;5.88;0.36;295.72;12.50;1079;80;4428.00;77
11758;79;625705625;11758;334;12834;12911;5.91;0.36;295.81;12.50;1076;80;4429.00;77
11761;79;625705637;11761;329;12836;12911;5.91;0.36;295.88;12.50;1075;80;4430.00;75
11767;79;625705649;11767;328;12836;12911;5.88;0.36;295.95;12.50;1069;80;4431.00;75
11773;79;625705662;11773;325;12836;12911;5.91;0.36;296.02;12.50;1063;80;4432.00;75
11776;79;625705674;11776;330;12836;12911;5.97;0.36;296.04;12.50;1060;80;4433.00;75
11779;79;625705687;11779;333;12836;12912;6.02;0.37;296.03;12.50;1057;80;4434.00;76
11782;79;625705699;11782;338;12836;12912;6.05;0.37;296.05;12.50;1054;80;4435.00;76
11786;79;625705711;11786;345;12841;12918;6.11;0.37;296.07;12.49;1055;80;4436.00;77
11789;79;625705730;11789;350;12842;12919;6.14;0.37;296.14;12.49;1053;80;4437.00;77
11790;79;625705742;11790;348;12842;12919;6.19;0.38;296.12;12.49;1052;80;4438.00;77
11792;79;625705756;11792;346;12843;12919;6.19;0.38;296.08;12.55;1051;80;4439.00;76
11795;79;625705771;11795;350;12847;12924;6.19;0.38;296.04;12.55;1052;80;4440.00;77
11800;79;625705784;11800;354;12847;12924;6.13;0.37;296.01;12.55;1047;80;4441.00;77
11801;79;625705797;11801;358;12847;12924;6.13;0.37;296.01;12.55;1046;80;4442.00;77
11803;79;625705809;11803;356;12848;12925;6.17;0.38;296.02;12.55;1045;80;4443.00;77
11806;79;625705822;11806;357;12851;12929;6.20;0.38;296.02;12.55;1045;80;4444.00;78
11810;79;625705835;11810;361;12851;12929;6.19;0.38;296.06;12.55;1041;80;4445.00;78
11814;79;625705847;11814;364;12853;12932;6.23;0.38;296.03;12.54;1039;80;4446.00;79
11818;79;625705860;11818;370;12853;12932;6.18;0.38;296.09;12.54;1035;80;4447.00;79
11820;79;625705871;11820;376;12854;12932;6.18;0.38;296.08;12.54;1034;80;4448.00;78
11825;79;625705883;11825;381;12854;12932;6.17;0.38;296.03;12.54;1029;80;4449.00;78
11829;79;625705901;11829;385;12857;12936;6.18;0.38;295.99;12.54;1028;80;4450.00;79
11836;79;625705914;11836;391;12857;12936;6.13;0.37;295.96;12.54;1021;80;4451.00;79
11840;79;625705926;11840;398;12858;12936;6.10;0.37;295.92;12.54;1018;80;4452.00;78
11842;79;625705938;11842;401;12858;12936;6.06;0.37;295.93;12.54;1016;80;4453.00;78
11845;79;625705949;11845;412;12858;12937;6.06;0.37;295.90;12.54;1013;80;4454.00;79
11847;79;625705962;11847;419;12860;12939;6.11;0.37;295.88;12.54;1013;80;4455.00;79
11849;79;625705974;11849;430;12860;12939;6.07;0.37;295.85;12.54;1011;80;4456.00;79
11856;79;625705986;11856;439;12861;12940;5.99;0.37;295.77;12.54;1005;80;4457.00;79
11858;79;625705998;11858;446;12861;12940;5.96;0.37;295.74;12.54;1003;80;4458.00;79
11861;79;625706009;11861;455;12861;12940;5.94;0.36;295.72;12.54;1000;80;4459.00;79
11864;79;625706021;11864;467;12861;12940;5.90;0.36;295.68;12.54;997;80;4460.00;79
11867;79;625706032;11867;470;12861;12940;5.85;0.36;295.64;12.54;994;80;4461.00;79
11869;79;625706043;11869;473;12861;12940;5.80;0.35;295.61;12.54;992;80;4462.00;79
11871;79;625706055;11871;478;12861;12940;5.75;0.35;295.60;12.54;990;80;4463.00;79
11874;79;625706066;11874;493;12930;13067;6.16;0.38;295.57;12.47;1056;80;4464.00;137
11876;79;625706088;11876;491;12933;13068;6.13;0.38;295.54;12.47;1057;80;4465.00;135
11877;79;625706100;11877;485;12941;13068;6.14;0.38;295.53;12.46;1064;80;4466.00;127
11880;79;625706112;11880;476;12947;13068;6.15;0.38;295.49;12.46;1067;80;4467.00;121
11881;79;625706124;11881;469;12951;13068;6.11;0.38;295.48;12.45;1070;80;4468.00;117
11882;79;625706136;11882;468;12956;13068;6.15;0.38;295.47;12.45;1074;80;4469.00;112
11883;79;625706150;11883;463;12959;13068;6.16;0.38;295.46;12.45;1076;80;4470.00;109
11884;79;625706162;11884;464;12961;13068;6.18;0.38;295.45;12.45;1077;80;4471.00;107
11885;79;625706181;11885;460;12966;13069;6.17;0.38;295.46;12.45;1081;80;4472.00;103
11887;79;625706200;11887;457;12968;13070;6.10;0.38;295.46;12.45;1081;80;4473.00;102
11889;79;625706213;11889;458;12971;13070;6.04;0.37;295.47;12.45;1082;80;4474.00;99
11891;79;625706225;11891;457;12971;13071;6.01;0.37;295.45;12.45;1080;80;4475.00;100
11893;79;625706239;11893;442;12974;13071;6.03;0.37;295.43;12.45;1081;80;4476.00;97
11895;79;625706254;11895;427;12974;13071;6.05;0.37;295.42;12.45;1079;80;4477.00;97
11895;79;625706268;11895;415;12976;13071;6.16;0.38;295.42;12.45;1081;80;4478.00;95
11895;79;625706281;11895;407;12979;13075;6.30;0.39;295.42;12.44;1084;80;4479.00;96
11896;79;625706296;11896;397;12980;13075;6.39;0.39;295.41;12.45;1084;80;4480.00;95
11898;79;625706309;11898;390;12981;13075;6.43;0.40;295.40;12.45;1083;80;4481.00;94
11900;79;625706328;11900;379;12984;13078;6.59;0.40;295.38;12.44;1084;80;4482.00;94
11901;79;625706343;11901;375;12985;13078;6.73;0.41;295.37;12.44;1084;80;4483.00;93
11903;79;625706357;11903;370;12987;13078;6.84;0.42;295.37;12.44;1084;80;4484.00;91
11904;79;625706377;11904;368;12990;13082;6.88;0.42;295.35;12.44;1086;80;4485.00;92
11905;79;625706391;11905;358;12992;13083;6.96;0.43;295.35;12.44;1087;80;4486.00;91
11908;79;625706405;11908;348;12992;13083;7.00;0.43;295.32;12.44;1084;80;4487.00;91
11910;79;625706419;11910;340;12995;13087;7.06;0.43;295.31;12.44;1085;80;4488.00;92
11912;79;625706434;11912;338;12995;13087;7.13;0.44;295.31;12.44;1083;80;4489.00;92
11913;79;625706447;11913;330;12995;13087;7.16;0.44;295.29;12.44;1082;80;4490.00;92
11918;79;625706465;11918;329;12996;13088;7.17;0.44;295.24;12.43;1078;80;4491.00;92
11919;79;625706487;11919;325;12996;13088;7.20;0.44;295.23;12.43;1077;80;4492.00;92
11921;79;625706509;11921;318;13000;13094;7.20;0.44;295.21;12.43;1079;80;4493.00;94
11922;79;625706531;11922;322;13000;13094;7.19;0.44;295.20;12.43;1078;80;4494.00;94
11923;79;625706553;11923;320;13001;13095;7.21;0.44;295.19;12.43;1078;80;4495.00;94
11926;79;625706572;11926;317;13001;13095;7.26;0.44;295.21;12.43;1075;80;4496.00;94
11929;79;625706589;11929;312;13001;13095;7.25;0.44;295.20;12.43;1072;80;4497.00;94
11932;79;625706605;11932;321;13001;13095;7.25;0.44;295.25;12.43;1069;80;4498.00;94
11937;79;625706620;11937;318;13001;13095;7.21;0.44;295.36;12.43;1064;80;4499.00;94
11938;79;625706639;11938;325;13024;13145;7.19;0.44;295.36;12.41;1086;80;4500.00;121
11943;79;625706662;11943;323;13025;13147;7.13;0.43;295.47;12.41;1082;80;4501.00;122
11945;79;625706678;11945;318;13027;13147;7.14;0.43;295.50;12.41;1082;80;4502.00;120
11947;79;625706692;11947;324;13028;13147;7.09;0.43;295.48;12.41;1081;80;4503.00;119
11948;79;625706707;11948;327;13029;13147;7.09;0.43;295.50;12.40;1081;80;4504.00;118
11952;79;625706721;11952;331;13029;13147;7.06;0.43;295.55;12.40;1077;80;4505.00;118
11953;79;625706736;11953;338;13034;13151;7.03;0.43;295.54;12.40;1081;80;4506.00;117
11954;79;625706751;11954;338;13035;13151;7.07;0.43;295.56;12.47;1081;80;4507.00;116
11957;79;625706766;11957;342;13040;13155;7.06;0.43;295.60;12.47;1083;80;4508.00;115
11959;79;625706780;11959;341;13041;13156;7.06;0.43;295.64;12.47;1082;80;4509.00;115
11962;79;625706795;11962;335;13042;13156;7.01;0.42;295.68;12.47;1080;80;4510.00;114
11963;79;625706809;11963;328;13042;13156;6.99;0.42;295.70;12.47;1079;80;4511.00;114
11966;79;625706823;11966;335;13049;13169;6.91;0.42;295.85;12.46;1083;80;4512.00;120
11968;79;625706839;11968;329;13049;13169;6.89;0.42;295.89;12.46;1081;80;4513.00;120
11969;79;625706854;11969;332;13050;13169;6.86;0.42;295.93;12.46;1081;80;4514.00;119
11971;79;625706867;11971;323;13051;13170;6.83;0.42;295.98;12.46;1080;80;4515.00;119
11975;79;625706882;11975;321;13052;13171;6.78;0.41;296.01;12.46;1077;80;4516.00;119
11977;79;625706896;11977;320;13052;13171;6.79;0.41;296.03;12.46;1075;80;4517.00;119
11979;79;625706910;11979;319;13054;13174;6.81;0.41;296.07;12.46;1075;80;4518.00;120
11981;79;625706923;11981;309;13054;13174;6.80;0.41;296.13;12.46;1073;80;4519.00;120
11985;79;625706937;11985;307;13055;13174;6.77;0.41;296.12;12.46;1070;80;4520.00;119
11988;79;625706950;11988;307;13055;13174;6.74;0.41;296.17;12.46;1067;80;4521.00;119
11991;79;625706963;11991;298;13059;13180;6.71;0.41;296.23;12.46;1068;80;4522.00;121
11995;79;625706977;11995;286;13060;13180;6.67;0.41;296.23;12.52;1065;80;4523.00;120
11997;79;625706991;11997;279;13060;13180;6.66;0.41;296.24;12.52;1063;80;4524.00;120
12003;79;625707005;12003;276;13063;13180;6.59;0.40;296.32;12.55;1060;80;4525.00;117
12005;79;625707025;12005;274;13066;13184;6.62;0.40;296.34;12.55;1061;80;4526.00;118
12010;79;625707040;12010;271;13067;13185;6.66;0.41;296.35;12.55;1057;80;4527.00;118
12017;79;625707054;12017;265;13068;13185;6.66;0.41;296.40;12.55;1051;80;4528.00;117
12020;79;625707070;12020;265;13069;13186;6.75;0.41;296.43;12.55;1049;80;4529.00;117
12023;79;625707085;12023;260;13070;13186;6.79;0.42;296.46;12.61;1047;80;4530.00;116
12025;79;625707105;12025;258;13071;13186;6.82;0.42;296.49;12.61;1046;80;4531.00;115
12028;79;625707118;12028;251;13071;13186;6.86;0.42;296.45;12.61;1043;80;4532.00;115
12030;79;625707131;12030;250;13072;13186;6.95;0.43;296.47;12.67;1042;80;4533.00;114
12035;79;625707150;12035;254;13073;13186;7.00;0.43;296.48;12.67;1038;80;4534.00;113
12037;79;625707163;12037;250;13075;13186;7.09;0.43;296.51;12.73;1038;80;4535.00;111
12043;79;625707182;12043;254;13111;13256;7.17;0.44;296.55;12.69;1068;80;4536.00;145
12047;79;625707202;12047;254;13115;13257;7.22;0.44;296.54;12.69;1068;80;4537.00;142
12047;79;625707216;12047;260;13120;13257;7.33;0.45;296.54;12.69;1073;80;4538.00;137
12051;79;625707230;12051;257;13121;13257;7.36;0.45;296.62;12.69;1070;80;4539.00;136
12054;79;625707244;12054;265;13127;13257;7.41;0.45;296.65;12.75;1073;80;4540.00;130
12059;79;625707260;12059;263;13127;13257;7.40;0.45;296.65;12.75;1068;80;4541.00;130
12062;79;625707274;12062;258;13129;13257;7.47;0.45;296.69;12.75;1067;80;4542.00;128
12066;79;625707288;12066;262;13135;13257;7.53;0.46;296.73;12.75;1069;80;4543.00;122
12074;79;625707303;12074;259;13137;13258;7.49;0.45;296.72;12.81;1063;80;4544.00;121
12077;79;625707317;12077;254;13142;13260;7.53;0.46;296.75;12.80;1065;80;4545.00;118
12079;79;625707332;12079;258;13143;13260;7.53;0.46;296.74;12.81;1064;80;4546.00;117
12085;79;625707346;12085;258;13147;13264;7.51;0.46;296.73;12.80;1062;80;4547.00;117
12087;79;625707360;12087;255;13151;13264;7.56;0.46;296.74;12.80;1064;80;4548.00;113
12092;79;625707375;12092;249;13154;13264;7.52;0.46;296.83;12.81;1062;80;4549.00;110
12096;79;625707389;12096;253;13157;13264;7.52;0.46;296.89;12.83;1061;80;4550.00;107
12097;79;625707403;12097;260;13161;13270;7.52;0.46;296.88;12.83;1064;80;4551.00;109
12100;79;625707418;12100;264;13163;13270;7.56;0.46;296.93;12.85;1063;80;4552.00;107
12100;79;625707433;12100;266;13164;13270;7.55;0.46;296.93;12.85;1064;80;4553.00;106
12105;79;625707447;12105;266;13167;13273;7.55;0.46;296.94;12.85;1062;80;4554.00;106
12106;79;625707464;12106;275;13169;13273;7.57;0.46;296.94;12.87;1063;80;4555.00;104
12109;79;625707479;12109;277;13170;13273;7.55;0.46;297.02;12.89;1061;80;4556.00;103
12111;79;625707493;12111;283;13172;13274;7.60;0.46;297.04;12.89;1061;80;4557.00;102
12112;79;625707517;12112;284;13175;13275;7.62;0.46;297.07;12.91;1063;80;4558.00;100
12116;79;625707531;12116;290;13176;13275;7.58;0.46;297.03;12.91;1060;80;4559.00;99
12117;79;625707547;12117;296;13192;13301;7.51;0.46;297.06;12.90;1075;80;4560.00;109
12118;79;625707563;12118;303;13193;13301;7.53;0.46;297.05;12.91;1075;80;4561.00;108
12122;79;625707576;12122;311;13197;13301;7.52;0.46;297.10;12.92;1075;80;4562.00;104
12127;79;625707590;12127;312;13201;13302;7.51;0.46;297.14;12.93;1074;80;4563.00;101
12128;79;625707605;12128;322;13202;13302;7.51;0.46;297.16;12.93;1074;80;4564.00;100
12130;79;625707619;12130;332;13207;13306;7.46;0.45;297.18;12.96;1077;80;4565.00;99
12132;79;625707633;12132;338;13208;13306;7.35;0.45;297.18;12.96;1076;80;4566.00;98
12134;79;625707646;12134;337;13213;13310;7.25;0.44;297.17;12.98;1079;80;4567.00;97
12137;79;625707660;12137;339;13214;13310;7.12;0.43;297.28;12.98;1077;80;4568.00;96
12140;79;625707679;12140;341;13216;13310;7.04;0.43;297.28;13.01;1076;80;4569.00;94
12144;79;625707691;12144;343;13217;13310;6.96;0.42;297.29;13.01;1073;80;4570.00;93
12145;79;625707704;12145;347;13219;13310;6.88;0.42;297.32;13.03;1074;80;4571.00;91
12149;79;625707717;12149;342;13229;13322;6.88;0.42;297.38;13.02;1080;80;4572.00;93
12152;79;625707730;12152;343;13231;13322;6.83;0.42;297.39;13.04;1079;80;4573.00;91
12156;79;625707744;12156;340;13233;13322;6.85;0.42;297.41;13.04;1077;80;4574.00;89
12159;79;625707756;12159;342;13233;13322;6.79;0.41;297.42;13.04;1074;80;4575.00;89
12162;79;625707768;12162;340;13235;13322;6.78;0.41;297.43;13.06;1073;80;4576.00;87
12164;79;625707781;12164;332;13235;13322;6.78;0.41;297.42;13.06;1071;80;4577.00;87
12165;79;625707793;12165;336;13236;13323;6.76;0.41;297.43;13.07;1071;80;4578.00;87
12169;79;625707806;12169;341;13238;13323;6.72;0.41;297.45;13.09;1069;80;4579.00;85
12173;79;625707818;12173;345;13242;13329;6.66;0.40;297.55;13.08;1069;80;4580.00;87
12174;79;625707831;12174;350;13245;13330;6.59;0.40;297.56;13.10;1071;80;4581.00;85
12176;79;625707843;12176;355;13246;13330;6.51;0.40;297.60;13.10;1070;80;4582.00;84
12181;79;625707855;12181;357;13246;13330;6.41;0.39;297.61;13.10;1065;80;4583.00;84
12183;79;625707866;12183;363;13251;13334;6.27;0.38;297.62;13.11;1068;80;4584.00;83
12186;79;625707878;12186;370;13251;13334;6.14;0.37;297.62;13.11;1065;80;4585.00;83
12189;79;625707890;12189;378;13253;13334;5.96;0.36;297.66;13.13;1064;80;4586.00;81
12190;79;625707901;12190;381;13254;13335;5.85;0.36;297.66;13.13;1064;80;4587.00;81
12194;79;625707913;12194;382;13258;13339;5.71;0.35;297.63;13.13;1064;80;4588.00;81
12198;79;625707924;12198;387;13259;13339;5.55;0.34;297.62;13.14;1061;80;4589.00;80
12201;79;625707937;12201;387;13262;13345;5.53;0.34;297.59;13.14;1061;80;4590.00;83
12206;79;625707948;12206;385;13264;13345;5.53;0.34;297.70;13.15;1058;80;4591.00;81
12210;79;625707960;12210;384;13265;13345;5.49;0.34;297.73;13.15;1055;80;4592.00;80
12212;79;625707971;12212;379;13265;13345;5.52;0.34;297.75;13.15;1053;80;4593.00;80
12216;79;625707982;12216;386;13270;13349;5.54;0.34;297.82;13.17;1054;80;4594.00;79
12221;79;625707994;12221;391;13271;13349;5.50;0.34;297.78;13.16;1050;80;4595.00;78
12224;79;625708005;12224;397;13272;13349;5.48;0.34;297.80;13.17;1048;80;4596.00;77
12227;79;625708016;12227;393;13274;13349;5.48;0.34;297.75;13.18;1047;80;4597.00;75
12229;79;625708027;12229;396;13275;13350;5.46;0.33;297.75;13.18;1046;80;4598.00;75
12233;79;625708040;12233;397;13277;13351;5.45;0.33;297.72;13.18;1044;80;4599.00;74
12235;79;625708052;12235;392;13278;13351;5.47;0.33;297.72;13.19;1043;80;4600.00;73
12240;79;625708067;12240;398;13279;13352;5.47;0.34;297.71;13.19;1039;80;4601.00;73
12243;79;625708080;12243;400;13279;13352;5.54;0.34;297.75;13.19;1036;80;4602.00;73
12249;79;625708090;12249;395;13279;13352;5.53;0.34;297.69;13.19;1030;80;4603.00;73
12254;79;625708102;12254;404;13279;13352;5.52;0.34;297.71;13.19;1025;80;4604.00;73
12257;79;625708113;12257;411;13279;13352;5.50;0.34;297.65;13.19;1022;80;4605.00;73
12260;79;625708125;12260;410;13279;13352;5.52;0.34;297.66;13.19;1019;80;4606.00;73
12264;79;625708136;12264;409;13279;13352;5.49;0.34;297.59;13.19;1015;80;4607.00;73
12268;79;625708147;12268;409;13344;13479;5.93;0.37;297.58;13.12;1076;80;4608.00;135
12270;79;625708169;12270;410;13347;13480;5.90;0.37;297.58;13.12;1077;80;4609.00;133
12273;79;625708182;12273;417;13357;13480;5.93;0.37;297.58;13.11;1084;80;4610.00;123
12275;79;625708194;12275;418;13360;13480;5.89;0.37;297.57;13.11;1085;80;4611.00;120
12279;79;625708205;12279;426;13366;13480;5.90;0.37;297.59;13.10;1087;80;4612.00;114
12280;79;625708217;12280;432;13371;13480;5.96;0.37;297.59;13.10;1091;80;4613.00;109
12284;79;625708228;12284;432;13375;13480;5.94;0.37;297.58;13.10;1091;80;4614.00;105
12288;79;625708241;12288;440;13377;13480;5.87;0.36;297.54;13.10;1089;80;4615.00;103
12290;79;625708254;12290;441;13381;13481;5.83;0.36;297.55;13.10;1091;80;4616.00;100
12294;79;625708266;12294;447;13384;13482;5.80;0.36;297.56;13.10;1090;80;4617.00;98
12299;79;625708284;12299;455;13387;13482;5.78;0.36;297.53;13.09;1088;80;4618.00;95
12305;79;625708297;12305;465;13390;13483;5.75;0.35;297.57;13.09;1085;80;4619.00;93
12307;79;625708312;12307;469;13392;13483;5.76;0.36;297.57;13.09;1085;80;4620.00;91
12309;79;625708325;12309;475;13393;13483;5.76;0.35;297.56;13.09;1084;80;4621.00;90
12312;79;625708338;12312;477;13395;13483;5.77;0.36;297.63;13.09;1083;80;4622.00;88
12313;79;625708352;12313;485;13398;13487;5.74;0.35;297.64;13.09;1085;80;4623.00;89
12313;79;625708364;12313;491;13399;13487;5.72;0.35;297.64;13.09;1086;80;4624.00;88
12315;79;625708386;12315;493;13400;13487;5.70;0.35;297.62;13.09;1085;80;4625.00;87
12318;79;625708405;12318;497;13403;13490;5.71;0.35;297.63;13.09;1085;80;4626.00;87
12323;79;625708419;12323;485;13404;13490;5.67;0.35;297.63;13.09;1081;80;4627.00;86
12327;79;625708434;12327;474;13405;13490;5.66;0.35;297.63;13.09;1078;80;4628.00;85
12333;79;625708452;12333;469;13408;13494;5.67;0.35;297.64;13.09;1075;80;4629.00;86
12333;79;625708472;12333;464;13410;13495;5.76;0.35;297.64;13.09;1077;80;4630.00;85
12337;79;625708492;12337;460;13410;13495;5.74;0.35;297.63;13.09;1073;80;4631.00;85
12339;79;625708524;12339;459;13413;13499;5.81;0.36;297.61;13.08;1074;80;4632.00;86
12340;79;625708569;12340;446;13414;13499;5.88;0.36;297.59;13.14;1074;80;4633.00;85
12342;79;625708606;12342;448;13414;13499;5.95;0.36;297.60;13.14;1072;80;4634.00;85
12345;79;625708633;12345;449;13416;13501;6.00;0.37;297.60;13.14;1071;80;4635.00;85
12347;79;625708653;12347;448;13416;13501;6.01;0.37;297.59;13.14;1069;80;4636.00;85
12348;79;625708670;12348;431;13420;13507;6.08;0.37;297.59;13.13;1072;80;4637.00;87
12350;79;625708690;12350;417;13420;13507;6.14;0.38;297.58;13.13;1070;80;4638.00;87
12352;79;625708715;12352;404;13421;13508;6.22;0.38;297.60;13.13;1069;80;4639.00;87
12355;79;625708733;12355;403;13421;13508;6.27;0.38;297.54;13.13;1066;80;4640.00;87
12356;79;625708752;12356;396;13421;13508;6.35;0.39;297.52;13.13;1065;80;4641.00;87
12357;79;625708769;12357;392;13421;13508;6.45;0.39;297.51;13.13;1064;80;4642.00;87
12361;79;625708785;12361;396;13421;13508;6.51;0.40;297.52;13.13;1060;80;4643.00;87
12362;79;625708804;12362;398;13431;13520;6.67;0.41;297.52;13.12;1069;80;4644.00;89
12364;79;625708827;12364;403;13432;13520;6.74;0.41;297.51;13.12;1068;80;4645.00;88
12364;79;625708846;12364;391;13432;13520;6.81;0.42;297.51;13.12;1068;80;4646.00;88
12367;79;625708863;12367;379;13432;13520;6.91;0.42;297.52;13.12;1065;80;4647.00;88
12370;79;625708882;12370;363;13432;13520;6.98;0.42;297.57;13.12;1062;80;4648.00;88
12374;79;625708909;12374;358;13432;13520;7.02;0.43;297.61;13.12;1058;80;4649.00;88
12374;79;625708931;12374;347;13437;13526;7.06;0.43;297.61;13.12;1063;80;4650.00;89
12378;79;625708949;12378;341;13437;13526;7.06;0.43;297.66;13.12;1059;80;4651.00;89
12380;79;625708967;12380;332;13441;13530;7.09;0.43;297.69;13.12;1061;80;4652.00;89
12383;79;625708984;12383;329;13442;13531;7.11;0.43;297.69;13.11;1059;80;4653.00;89
12384;79;625709004;12384;326;13442;13531;7.12;0.43;297.71;13.11;1058;80;4654.00;89
12387;79;625709022;12387;325;13442;13531;7.13;0.43;297.76;13.11;1055;80;4655.00;89
12390;79;625709041;12390;332;13453;13544;7.16;0.44;297.83;13.10;1063;80;4656.00;91
12393;79;625709060;12393;331;13453;13544;7.17;0.44;297.84;13.10;1060;80;4657.00;91
12398;79;625709076;12398;335;13453;13544;7.14;0.43;297.84;13.10;1055;80;4658.00;91
12400;79;625709094;12400;327;13454;13545;7.13;0.43;297.86;13.10;1054;80;4659.00;91
12405;79;625709111;12405;324;13454;13546;7.10;0.43;297.95;13.10;1049;80;4660.00;92
12407;79;625709127;12407;323;13454;13546;7.09;0.43;297.94;13.10;1047;80;4661.00;92
12410;79;625709145;12410;328;13456;13549;7.12;0.43;297.94;13.10;1046;80;4662.00;93
12414;79;625709164;12414;326;13456;13549;7.14;0.43;297.93;13.10;1042;80;4663.00;93
12416;79;625709183;12416;329;13457;13549;7.17;0.44;297.95;13.10;1041;80;4664.00;92
12420;79;625709200;12420;319;13457;13549;7.17;0.44;298.03;13.10;1037;80;4665.00;92
12427;79;625709219;12427;320;13461;13555;7.14;0.43;298.04;13.10;1034;80;4666.00;94
12432;79;625709237;12432;325;13461;13555;7.05;0.43;298.06;13.10;1029;80;4667.00;94
12434;79;625709256;12434;331;13462;13555;6.99;0.42;298.06;13.10;1028;80;4668.00;93
12435;79;625709273;12435;328;13462;13555;6.92;0.42;298.10;13.10;1027;80;4669.00;93
12437;79;625709292;12437;328;13465;13559;6.82;0.42;298.12;13.09;1028;80;4670.00;94
12442;79;625709308;12442;331;13466;13560;6.80;0.41;298.19;13.09;1024;80;4671.00;94
12444;79;625709326;12444;337;13466;13560;6.79;0.41;298.24;13.09;1022;80;4672.00;94
12446;79;625709342;12446;331;13467;13561;6.78;0.41;298.32;13.09;1021;80;4673.00;94
12448;79;625709358;12448;325;13467;13561;6.71;0.41;298.35;13.09;1019;80;4674.00;94
12451;79;625709375;12451;329;13468;13561;6.66;0.41;298.37;13.15;1017;80;4675.00;93
12455;79;625709392;12455;330;13468;13561;6.59;0.40;298.43;13.15;1013;80;4676.00;93
12457;79;625709408;12457;327;13468;13561;6.58;0.40;298.50;13.15;1011;80;4677.00;93
12460;79;625709424;12460;322;13468;13561;6.51;0.40;298.60;13.15;1008;80;4678.00;93
12461;79;625709440;12461;329;13468;13561;6.52;0.40;298.62;13.15;1007;80;4679.00;93
12462;79;625709462;12462;351;13531;13686;6.54;0.40;298.67;13.09;1069;80;4680.00;155
12464;79;625709495;12464;336;13531;13687;6.58;0.40;298.66;13.09;1067;80;4681.00;156
12465;79;625709514;12465;317;13538;13687;6.69;0.41;298.66;13.08;1073;80;4682.00;149
12467;79;625709529;12467;310;13540;13687;6.75;0.42;298.67;13.08;1073;80;4683.00;147
12470;79;625709543;12470;302;13543;13687;6.80;0.42;298.74;13.08;1073;80;4684.00;144
12472;79;625709558;12472;294;13545;13687;6.78;0.42;298.73;13.08;1073;80;4685.00;142
12474;79;625709573;12474;291;13549;13687;6.79;0.42;298.75;13.08;1075;80;4686.00;138
12477;79;625709587;12477;296;13550;13687;6.78;0.42;298.76;13.08;1073;80;4687.00;137
12482;79;625709603;12482;301;13555;13688;6.78;0.42;298.77;13.08;1073;80;4688.00;133
12488;79;625709619;12488;301;13558;13689;6.73;0.41;298.88;13.13;1070;80;4689.00;131
12491;79;625709634;12491;304;13561;13689;6.73;0.41;298.90;13.13;1070;80;4690.00;128
12496;79;625709650;12496;300;13568;13693;6.71;0.41;298.95;13.13;1072;80;4691.00;125
12498;79;625709667;12498;298;13570;13693;6.70;0.41;299.00;13.19;1072;80;4692.00;123
12499;79;625709681;12499;288;13573;13693;6.74;0.41;298.99;13.19;1074;80;4693.00;120
12501;79;625709699;12501;287;13574;13693;6.65;0.41;299.03;13.19;1073;80;4694.00;119
12504;79;625709714;12504;282;13579;13699;6.58;0.40;299.06;13.26;1075;80;4695.00;120
12508;79;625709731;12508;281;13580;13699;6.52;0.40;299.14;13.26;1072;80;4696.00;119
12511;79;625709746;12511;271;13580;13699;6.53;0.40;299.12;13.26;1069;80;4697.00;119
12514;79;625709761;12514;266;13583;13702;6.59;0.40;299.14;13.26;1069;80;4698.00;119
12522;79;625709776;12522;268;13584;13702;6.58;0.40;299.16;13.31;1062;80;4699.00;118
12526;79;625709794;12526;264;13585;13702;6.66;0.41;299.13;13.31;1059;80;4700.00;117
12530;79;625709815;12530;257;13586;13703;6.65;0.41;299.15;13.37;1056;80;4701.00;117
12533;79;625709839;12533;257;13588;13704;6.69;0.41;299.13;13.36;1055;80;4702.00;116
12536;79;625709858;12536;256;13588;13704;6.74;0.41;299.18;13.36;1052;80;4703.00;116
12540;79;625709874;12540;255;13596;13717;6.79;0.41;299.16;13.36;1056;80;4704.00;121
12546;79;625709891;12546;250;13597;13717;6.81;0.41;299.18;13.36;1051;80;4705.00;120
12549;79;625709907;12549;247;13597;13717;6.88;0.42;299.16;13.36;1048;80;4706.00;120
12553;79;625709924;12553;246;13599;13718;6.94;0.42;299.20;13.36;1046;80;4707.00;119
12556;79;625709941;12556;247;13599;13718;7.02;0.43;299.25;13.36;1043;80;4708.00;119
12558;79;625709957;12558;248;13604;13722;7.07;0.43;299.24;13.35;1046;80;4709.00;118
12562;79;625709974;12562;247;13604;13722;7.12;0.43;299.29;13.35;1042;80;4710.00;118
12567;79;625709990;12567;249;13607;13726;7.16;0.43;299.45;13.35;1040;80;4711.00;119
12569;79;625710008;12569;249;13609;13726;7.18;0.44;299.45;13.35;1040;80;4712.00;117
12571;79;625710024;12571;251;13609;13726;7.22;0.44;299.48;13.35;1038;80;4713.00;117
12572;79;625710041;12572;252;13610;13726;7.27;0.44;299.53;13.35;1038;80;4714.00;116
12573;79;625710060;12573;256;13610;13726;7.25;0.44;299.54;13.35;1037;80;4715.00;116
12575;79;625710078;12575;257;13620;13738;7.26;0.44;299.57;13.35;1045;80;4716.00;118
12579;79;625710095;12579;259;13620;13738;7.21;0.44;299.66;13.35;1041;80;4717.00;118
12581;79;625710111;12581;268;13623;13738;7.19;0.44;299.67;13.35;1042;80;4718.00;115
12583;79;625710127;12583;270;13623;13738;7.19;0.44;299.71;13.35;1040;80;4719.00;115
12586;79;625710145;12586;272;13624;13738;7.19;0.44;299.73;13.35;1038;80;4720.00;114
12587;79;625710161;12587;271;13624;13738;7.18;0.44;299.74;13.35;1037;80;4721.00;114
12590;79;625710176;12590;282;13626;13739;7.12;0.43;299.80;13.37;1036;80;4722.00;113
12591;79;625710192;12591;284;13626;13739;7.07;0.43;299.81;13.37;1035;80;4723.00;113
12593;79;625710208;12593;280;13633;13745;7.13;0.43;299.87;13.41;1040;80;4724.00;112
12594;79;625710224;12594;281;13635;13747;7.20;0.44;299.91;13.41;1041;80;4725.00;112
12596;79;625710238;12596;282;13637;13747;7.28;0.44;299.94;13.42;1041;80;4726.00;110
12600;79;625710253;12600;288;13639;13747;7.28;0.44;299.89;13.44;1039;80;4727.00;108
12602;79;625710268;12602;288;13643;13751;7.34;0.45;299.91;13.45;1041;80;4728.00;108
12604;79;625710286;12604;290;13643;13751;7.33;0.45;299.99;13.45;1039;80;4729.00;108
12608;79;625710302;12608;291;13645;13751;7.31;0.45;299.98;13.48;1037;80;4730.00;106
12610;79;625710317;12610;296;13648;13752;7.29;0.44;300.01;13.50;1038;80;4731.00;104
12611;79;625710333;12611;304;13652;13756;7.26;0.44;300.04;13.50;1041;80;4732.00;104
12615;79;625710349;12615;310;13653;13756;7.21;0.44;300.05;13.51;1038;80;4733.00;103
12617;79;625710363;12617;311;13655;13759;7.25;0.44;300.08;13.51;1038;80;4734.00;104
12620;79;625710378;12620;310;13657;13759;7.26;0.44;300.21;13.52;1037;80;4735.00;102
12624;79;625710394;12624;317;13658;13759;7.24;0.44;300.23;13.53;1034;80;4736.00;101
12624;79;625710408;12624;324;13659;13759;7.21;0.44;300.23;13.54;1035;80;4737.00;100
12626;79;625710421;12626;326;13663;13763;7.18;0.44;300.24;13.54;1037;80;4738.00;100
12630;79;625710436;12630;324;13665;13763;7.15;0.44;300.28;13.55;1035;80;4739.00;98
12631;79;625710452;12631;320;13667;13763;7.13;0.44;300.26;13.56;1036;80;4740.00;96
12635;79;625710471;12635;321;13668;13763;7.05;0.43;300.24;13.57;1033;80;4741.00;95
12639;79;625710502;12639;322;13669;13764;6.89;0.42;300.20;13.58;1030;80;4742.00;95
12640;79;625710526;12640;321;13671;13765;6.82;0.42;300.23;13.58;1031;80;4743.00;94
12641;79;625710546;12641;318;13672;13765;6.75;0.41;300.22;13.59;1031;80;4744.00;93
12645;79;625710564;12645;326;13673;13766;6.73;0.41;300.19;13.59;1028;80;4745.00;93
12647;79;625710582;12647;332;13674;13766;6.72;0.41;300.16;13.59;1027;80;4746.00;92
12651;79;625710598;12651;337;13675;13766;6.70;0.41;300.15;13.60;1024;80;4747.00;91
12655;79;625710612;12655;341;13676;13766;6.69;0.41;300.10;13.61;1021;80;4748.00;90
12656;79;625710628;12656;345;13677;13766;6.68;0.41;300.08;13.62;1021;80;4749.00;89
12657;79;625710644;12657;348;13678;13766;6.66;0.41;300.06;13.62;1021;80;4750.00;88
12659;79;625710660;12659;350;13679;13766;6.55;0.40;300.03;13.63;1020;80;4751.00;87
12662;79;625710676;12662;375;13741;13893;6.70;0.42;300.04;13.57;1079;80;4752.00;152
12665;79;625710705;12665;382;13744;13894;6.61;0.41;300.02;13.57;1079;80;4753.00;150
12667;79;625710723;12667;382;13755;13894;6.63;0.41;300.01;13.57;1088;80;4754.00;139
12670;79;625710738;12670;381;13761;13894;6.54;0.41;299.98;13.57;1091;80;4755.00;133
12672;79;625710756;12672;391;13770;13894;6.50;0.40;300.02;13.58;1098;80;4756.00;124
12677;79;625710775;12677;389;13773;13894;6.34;0.39;299.99;13.57;1096;80;4757.00;121
12679;79;625710791;12679;402;13781;13894;6.23;0.39;299.97;13.58;1102;80;4758.00;113
12685;79;625710806;12685;408;13783;13894;6.03;0.37;299.93;13.58;1098;80;4759.00;111
12688;79;625710821;12688;409;13785;13895;5.94;0.37;299.92;13.58;1097;80;4760.00;110
12692;79;625710837;12692;418;13790;13896;5.87;0.36;299.91;13.59;1098;80;4761.00;106
12695;79;625710864;12695;422;13794;13896;5.86;0.36;299.90;13.59;1099;80;4762.00;102
12696;79;625710879;12696;425;13798;13897;5.84;0.36;299.91;13.59;1102;80;4763.00;99
12698;79;625710896;12698;430;13802;13897;5.80;0.36;299.90;13.59;1104;80;4764.00;95
12701;79;625710913;12701;434;13802;13897;5.75;0.36;299.91;13.59;1101;80;4765.00;95
12703;79;625710929;12703;448;13805;13897;5.76;0.36;299.91;13.59;1102;80;4766.00;92
12706;79;625710948;12706;451;13807;13901;5.72;0.35;299.92;13.59;1101;80;4767.00;94
12708;79;625710964;12708;447;13809;13901;5.71;0.35;299.91;13.59;1101;80;4768.00;92
12711;79;625710979;12711;451;13810;13901;5.72;0.35;299.88;13.59;1099;80;4769.00;91
12715;79;625710995;12715;453;13814;13907;5.73;0.35;299.89;13.59;1099;80;4770.00;93
12719;79;625711012;12719;457;13815;13907;5.72;0.35;299.88;13.59;1096;80;4771.00;92
12723;79;625711031;12723;458;13816;13907;5.70;0.35;299.92;13.59;1093;80;4772.00;91
12725;79;625711052;12725;452;13818;13911;5.70;0.35;299.94;13.59;1093;80;4773.00;93
12729;79;625711068;12729;450;13821;13912;5.67;0.35;299.90;13.58;1092;80;4774.00;91
12732;79;625711085;12732;453;13821;13912;5.62;0.35;299.90;13.58;1089;80;4775.00;91
12734;79;625711106;12734;463;13825;13916;5.65;0.35;299.87;13.58;1091;80;4776.00;91
12736;79;625711123;12736;460;13825;13916;5.61;0.35;299.90;13.58;1089;80;4777.00;91
12738;79;625711137;12738;452;13826;13916;5.60;0.34;299.89;13.58;1088;80;4778.00;90
12742;79;625711156;12742;449;13827;13917;5.61;0.34;299.89;13.58;1085;80;4779.00;90
12745;79;625711179;12745;444;13827;13917;5.63;0.35;299.87;13.58;1082;80;4780.00;90
12751;79;625711201;12751;438;13831;13923;5.63;0.34;299.84;13.58;1080;80;4781.00;92
12756;79;625711220;12756;438;13831;13923;5.65;0.35;299.79;13.58;1075;80;4782.00;92
12757;79;625711236;12757;435;13832;13924;5.74;0.35;299.77;13.57;1075;80;4783.00;92
12763;79;625711252;12763;437;13832;13924;5.80;0.35;299.73;13.57;1069;80;4784.00;92
12766;79;625711268;12766;429;13832;13924;5.86;0.36;299.72;13.57;1066;80;4785.00;92
12768;79;625711288;12768;430;13832;13924;5.93;0.36;299.72;13.57;1064;80;4786.00;92
12772;79;625711305;12772;431;13832;13924;5.98;0.36;299.71;13.57;1060;80;4787.00;92
12777;79;625711321;12777;425;13842;13936;6.10;0.37;299.69;13.56;1065;80;4788.00;94
12779;79;625711347;12779;428;13842;13936;6.16;0.37;299.68;13.56;1063;80;4789.00;94
12782;79;625711372;12782;433;13843;13936;6.18;0.38;299.72;13.56;1061;80;4790.00;93
12785;79;625711388;12785;434;13843;13936;6.14;0.37;299.70;13.56;1058;80;4791.00;93
12785;79;625711413;12785;434;13843;13936;6.16;0.37;299.70;13.56;1058;80;4792.00;93
12788;79;625711430;12788;433;13843;13936;6.15;0.38;299.72;13.56;1055;80;4793.00;93
12789;79;625711448;12789;436;13846;13940;6.23;0.38;299.71;13.56;1057;80;4794.00;94
12793;79;625711467;12793;436;13846;13940;6.25;0.38;299.70;13.56;1053;80;4795.00;94
12796;79;625711481;12796;433;13849;13944;6.23;0.38;299.66;13.56;1053;80;4796.00;95
12797;79;625711499;12797;439;13850;13945;6.21;0.38;299.67;13.56;1053;80;4797.00;95
12799;79;625711518;12799;442;13851;13945;6.16;0.37;299.67;13.56;1052;80;4798.00;94
12800;79;625711542;12800;445;13851;13945;6.12;0.37;299.70;13.56;1051;80;4799.00;94
12803;79;625711561;12803;450;13873;13986;6.19;0.38;299.74;13.54;1070;80;4800.00;113
12803;79;625711584;12803;447;13873;13986;6.19;0.38;299.74;13.54;1070;80;4801.00;113
12810;79;625711599;12810;456;13876;13986;6.11;0.37;299.89;13.53;1066;80;4802.00;110
12814;79;625711617;12814;457;13878;13987;6.10;0.37;299.83;13.53;1064;80;4803.00;109
12817;79;625711633;12817;456;13879;13988;6.08;0.37;299.90;13.53;1062;80;4804.00;109
12820;79;625711649;12820;464;13881;13988;5.99;0.36;299.91;13.59;1061;80;4805.00;107
12823;79;625711665;12823;465;13883;13991;5.94;0.36;299.85;13.59;1060;80;4806.00;108
12828;79;625711681;12828;464;13885;13991;5.91;0.36;299.84;13.59;1057;80;4807.00;106
12833;79;625711702;12833;463;13886;13991;5.90;0.36;299.89;13.59;1053;80;4808.00;105
12836;79;625711718;12836;457;13886;13991;5.91;0.36;299.93;13.59;1050;80;4809.00;105
12837;79;625711739;12837;454;13889;13997;5.92;0.36;299.93;13.58;1052;80;4810.00;108
12843;79;625711755;12843;451;13892;13997;5.91;0.36;299.95;13.58;1049;80;4811.00;105
12845;79;625711771;12845;443;13892;13997;5.91;0.36;300.00;13.58;1047;80;4812.00;105
12845;79;625711786;12845;443;13893;13997;5.97;0.36;300.00;13.58;1048;80;4813.00;104
12849;79;625711802;12849;450;13896;14001;5.97;0.36;300.05;13.58;1047;80;4814.00;105
12852;79;625711819;12852;449;13898;14003;5.96;0.36;300.05;13.58;1046;80;4815.00;105
12853;79;625711835;12853;427;13898;14003;6.06;0.37;300.04;13.58;1045;80;4816.00;105
12856;80;625711854;12856;414;13901;14004;6.05;0.37;300.09;13.64;1045;81;4817.00;103
12858;80;625711888;12858;413;13901;14004;6.12;0.37;300.06;13.64;1043;81;4818.00;103
12861;80;625711910;12861;406;13901;14004;6.15;0.37;300.15;13.64;1040;81;4819.00;103
12864;80;625711926;12864;397;13901;14004;6.16;0.37;300.22;13.64;1037;81;4820.00;103
12865;80;625711948;12865;381;13901;14004;6.20;0.38;300.21;13.64;1036;81;4821.00;103
12868;80;625711964;12868;381;13901;14004;6.17;0.37;300.22;13.64;1033;81;4822.00;103
12871;80;625711979;12871;375;13902;14004;6.16;0.37;300.22;13.64;1031;81;4823.00;102
12874;80;625712000;12874;389;13946;14074;6.18;0.37;300.27;13.66;1072;81;4824.00;128
12878;80;625712022;12878;379;13946;14075;6.16;0.37;300.27;13.66;1068;81;4825.00;129
12880;80;625712038;12880;367;13951;14075;6.24;0.38;300.36;13.65;1071;81;4826.00;124
12881;80;625712055;12881;360;13953;14075;6.27;0.38;300.35;13.65;1072;81;4827.00;122
12884;80;625712076;12884;354;13958;14077;6.27;0.38;300.35;13.71;1074;81;4828.00;119
12887;80;625712094;12887;351;13960;14077;6.28;0.38;300.36;13.71;1073;81;4829.00;117
12890;80;625712112;12890;348;13963;14077;6.31;0.38;300.42;13.71;1073;81;4830.00;114
12890;80;625712129;12890;343;13964;14077;6.34;0.38;300.42;13.71;1074;81;4831.00;113
12892;80;625712151;12892;341;13967;14078;6.39;0.39;300.44;13.71;1075;81;4832.00;111
12894;80;625712168;12894;334;13969;14079;6.46;0.39;300.48;13.70;1075;81;4833.00;110
12896;80;625712189;12896;335;13973;14079;6.48;0.39;300.55;13.71;1077;81;4834.00;106
12897;80;625712203;12897;336;13978;14083;6.52;0.40;300.58;13.70;1081;81;4835.00;105
12897;80;625712223;12897;325;13978;14083;6.53;0.40;300.58;13.70;1081;81;4836.00;105
12899;80;625712236;12899;321;13978;14083;6.56;0.40;300.61;13.70;1079;81;4837.00;105
12901;80;625712250;12901;318;13978;14083;6.62;0.40;300.64;13.70;1077;81;4838.00;105
12906;80;625712263;12906;324;13983;14089;6.60;0.40;300.74;13.70;1077;81;4839.00;106
12908;80;625712277;12908;324;13984;14089;6.56;0.40;300.75;13.70;1076;81;4840.00;105
12910;80;625712291;12910;317;13984;14089;6.57;0.40;300.78;13.70;1074;81;4841.00;105
12913;80;625712304;12913;324;13987;14092;6.57;0.40;300.82;13.69;1074;81;4842.00;105
12915;80;625712318;12915;331;13987;14092;6.61;0.40;300.89;13.69;1072;81;4843.00;105
12919;80;625712331;12919;328;13988;14092;6.55;0.40;301.00;13.76;1069;81;4844.00;104
12921;80;625712345;12921;332;13988;14093;6.56;0.40;300.97;13.76;1067;81;4845.00;105
12923;80;625712358;12923;327;13989;14094;6.60;0.40;301.00;13.76;1066;81;4846.00;105
12924;80;625712371;12924;333;13989;14094;6.62;0.40;300.99;13.76;1065;81;4847.00;105
12926;80;625712384;12926;329;13999;14107;6.54;0.40;301.02;13.75;1073;81;4848.00;108
12926;80;625712398;12926;331;14000;14107;6.53;0.40;301.02;13.74;1074;81;4849.00;107
12927;80;625712411;12927;327;14000;14107;6.50;0.40;301.01;13.74;1073;81;4850.00;107
12927;80;625712424;12927;323;14001;14108;6.51;0.40;301.01;13.74;1074;81;4851.00;107
12930;80;625712438;12930;317;14001;14108;6.53;0.40;300.98;13.74;1071;81;4852.00;107
12933;80;625712451;12933;322;14004;14112;6.55;0.40;301.02;13.74;1071;81;4853.00;108
12936;80;625712469;12936;315;14004;14112;6.57;0.40;301.06;13.74;1068;81;4854.00;108
12937;80;625712489;12937;304;14009;14116;6.59;0.40;301.05;13.80;1072;81;4855.00;107
12941;80;625712511;12941;299;14009;14116;6.63;0.40;301.06;13.80;1068;81;4856.00;107
12945;80;625712534;12945;296;14009;14116;6.61;0.40;301.16;13.80;1064;81;4857.00;107
12949;80;625712555;12949;295;14009;14116;6.59;0.40;301.19;13.80;1060;81;4858.00;107
12952;80;625712582;12952;290;14009;14116;6.61;0.40;301.23;13.80;1057;81;4859.00;107
12955;80;625712604;12955;292;14028;14150;6.61;0.40;301.27;13.78;1073;81;4860.00;122
12959;80;625712622;12959;283;14028;14150;6.55;0.40;301.27;13.78;1069;81;4861.00;122
12962;80;625712639;12962;272;14031;14150;6.55;0.40;301.30;13.84;1069;81;4862.00;119
12965;80;625712653;12965;273;14032;14150;6.53;0.40;301.36;13.84;1067;81;4863.00;118
12969;80;625712668;12969;267;14032;14150;6.51;0.40;301.43;13.84;1063;81;4864.00;118
12971;80;625712682;12971;264;14034;14150;6.53;0.40;301.46;13.91;1063;81;4865.00;116
12975;80;625712696;12975;267;14035;14151;6.52;0.40;301.52;13.92;1060;81;4866.00;116
12981;80;625712710;12981;258;14037;14151;6.49;0.40;301.55;13.98;1056;81;4867.00;114
12984;80;625712725;12984;261;14040;14157;6.53;0.40;301.51;13.98;1056;81;4868.00;117
12988;80;625712739;12988;260;14042;14158;6.55;0.40;301.63;13.98;1054;81;4869.00;116
12991;80;625712753;12991;263;14043;14158;6.56;0.40;301.67;13.98;1052;81;4870.00;115
12992;80;625712767;12992;265;14043;14158;6.57;0.40;301.66;13.98;1051;81;4871.00;115
12995;80;625712781;12995;267;14046;14162;6.61;0.40;301.65;14.04;1051;81;4872.00;116
12997;80;625712795;12997;255;14047;14162;6.62;0.40;301.72;14.04;1050;81;4873.00;115
13001;80;625712808;13001;256;14047;14162;6.59;0.40;301.73;14.04;1046;81;4874.00;115
13004;80;625712823;13004;259;14048;14163;6.60;0.40;301.76;14.04;1044;81;4875.00;115
13009;80;625712836;13009;254;14051;14167;6.58;0.40;301.80;14.04;1042;81;4876.00;116
13012;80;625712851;13012;257;14052;14167;6.60;0.40;301.80;14.04;1040;81;4877.00;115
13016;80;625712866;13016;252;14054;14170;6.61;0.40;301.92;14.04;1038;81;4878.00;116
13019;80;625712881;13019;250;14055;14170;6.65;0.40;301.97;14.03;1036;81;4879.00;115
13024;80;625712895;13024;249;14056;14170;6.64;0.40;302.10;14.03;1032;81;4880.00;114
13026;80;625712910;13026;248;14056;14170;6.66;0.40;302.13;14.03;1030;81;4881.00;114
13030;80;625712923;13030;247;14060;14174;6.69;0.41;302.21;14.03;1030;81;4882.00;114
13032;80;625712938;13032;252;14061;14174;6.70;0.41;302.20;14.03;1029;81;4883.00;113
13035;80;625712951;13035;251;14061;14174;6.66;0.40;302.26;14.03;1026;81;4884.00;113
13038;80;625712965;13038;253;14061;14174;6.61;0.40;302.26;14.03;1023;81;4885.00;113
13042;80;625712990;13042;253;14063;14175;6.50;0.39;302.29;14.03;1021;81;4886.00;112
13043;80;625713004;13043;254;14065;14176;6.51;0.39;302.28;14.04;1022;81;4887.00;111
13045;80;625713019;13045;258;14065;14176;6.50;0.39;302.30;14.04;1020;81;4888.00;111
13048;80;625713032;13048;260;14066;14177;6.53;0.40;302.32;14.04;1018;81;4889.00;111
13050;80;625713047;13050;263;14068;14177;6.50;0.39;302.32;14.06;1018;81;4890.00;109
13050;80;625713061;13050;272;14068;14177;6.48;0.39;302.32;14.06;1018;81;4891.00;109
13052;80;625713073;13052;279;14068;14177;6.46;0.39;302.32;14.06;1016;81;4892.00;109
13054;80;625713087;13054;280;14070;14177;6.41;0.39;302.35;14.09;1016;81;4893.00;107
13057;80;625713102;13057;286;14070;14177;6.39;0.39;302.35;14.09;1013;81;4894.00;107
13059;80;625713114;13059;294;14071;14177;6.42;0.39;302.39;14.10;1012;81;4895.00;106
13061;80;625713127;13061;308;14133;14304;6.64;0.41;302.41;14.04;1072;81;4896.00;171
13063;80;625713152;13063;303;14136;14305;6.62;0.41;302.44;14.06;1073;81;4897.00;169
13065;80;625713166;13065;298;14145;14305;6.68;0.41;302.41;14.07;1080;81;4898.00;160
13067;80;625713180;13067;302;14153;14305;6.67;0.41;302.40;14.07;1086;81;4899.00;152
13070;80;625713195;13070;300;14163;14305;6.68;0.41;302.35;14.07;1093;81;4900.00;142
13070;80;625713214;13070;301;14169;14305;6.67;0.41;302.35;14.08;1099;81;4901.00;136
13071;80;625713229;13071;297;14177;14305;6.71;0.41;302.33;14.08;1106;81;4902.00;128
13073;80;625713243;13073;296;14180;14305;6.70;0.41;302.32;14.09;1107;81;4903.00;125
13076;80;625713257;13076;300;14185;14306;6.69;0.41;302.26;14.09;1109;81;4904.00;121
13079;80;625713271;13079;304;14190;14308;6.62;0.41;302.21;14.11;1111;81;4905.00;118
13079;80;625713284;13079;314;14192;14308;6.59;0.40;302.21;14.11;1113;81;4906.00;116
13082;80;625713298;13082;321;14194;14309;6.50;0.40;302.18;14.11;1112;81;4907.00;115
13084;80;625713312;13084;331;14197;14309;6.45;0.40;302.22;14.13;1113;81;4908.00;112
13086;80;625713325;13086;334;14198;14309;6.38;0.39;302.19;14.13;1112;81;4909.00;111
13088;80;625713339;13088;335;14200;14309;6.36;0.39;302.16;14.13;1112;81;4910.00;109
13089;80;625713352;13089;335;14205;14313;6.29;0.39;302.15;14.14;1116;81;4911.00;108
13092;80;625713366;13092;332;14207;14313;6.22;0.38;302.11;14.14;1115;81;4912.00;106
13097;80;625713379;13097;343;14209;14313;6.10;0.37;302.07;14.14;1112;81;4913.00;104
13097;80;625713394;13097;346;14213;14316;6.08;0.37;302.07;14.15;1116;81;4914.00;103
13099;80;625713407;13099;348;14214;14316;6.05;0.37;302.05;14.17;1115;81;4915.00;102
13100;80;625713420;13100;351;14217;14316;6.04;0.37;302.07;14.17;1117;81;4916.00;99
13101;80;625713433;13101;362;14221;14320;6.01;0.37;302.07;14.18;1120;81;4917.00;99
13102;80;625713447;13102;373;14223;14321;6.01;0.37;302.05;14.18;1121;81;4918.00;98
13107;80;625713462;13107;378;14224;14321;5.93;0.36;302.07;14.18;1117;81;4919.00;97
13108;80;625713482;13108;385;14229;14326;5.89;0.36;302.05;14.19;1121;81;4920.00;97
13108;80;625713496;13108;389;14231;14326;5.78;0.36;302.05;14.21;1123;81;4921.00;95
13111;80;625713509;13111;403;14232;14326;5.65;0.35;302.06;14.22;1121;81;4922.00;94
13114;80;625713522;13114;412;14233;14327;5.54;0.34;302.05;14.22;1119;81;4923.00;94
13116;80;625713534;13116;410;14233;14327;5.48;0.34;302.03;14.22;1117;81;4924.00;94
13120;80;625713551;13120;413;14238;14333;5.43;0.33;302.05;14.22;1118;81;4925.00;95
13124;80;625713563;13124;429;14240;14333;5.30;0.33;302.04;14.24;1116;81;4926.00;93
13128;80;625713575;13128;432;14242;14334;5.16;0.32;302.01;14.25;1114;81;4927.00;92
13131;80;625713586;13131;431;14242;14334;5.01;0.31;302.01;14.25;1111;81;4928.00;92
13137;80;625713598;13137;438;14243;14334;4.81;0.30;301.97;14.26;1106;81;4929.00;91
13138;80;625713609;13138;427;14244;14334;4.70;0.29;301.97;14.27;1106;81;4930.00;90
13141;80;625713620;13141;410;14245;14334;4.56;0.28;301.98;14.29;1104;81;4931.00;89
13143;80;625713632;13143;413;14257;14346;4.59;0.28;301.94;14.29;1114;81;4932.00;89
13146;80;625713644;13146;406;14257;14346;4.57;0.28;301.96;14.29;1111;81;4933.00;89
13148;80;625713655;13148;407;14258;14346;4.61;0.28;301.96;14.30;1110;81;4934.00;88
13149;80;625713667;13149;399;14258;14346;4.62;0.29;301.98;14.30;1109;81;4935.00;88
13151;80;625713679;13151;401;14258;14346;4.67;0.29;301.99;14.30;1107;81;4936.00;88
13151;80;625713690;13151;400;14258;14346;4.76;0.29;301.99;14.30;1107;81;4937.00;88
13156;80;625713707;13156;394;14261;14350;4.89;0.30;301.93;14.29;1105;81;4938.00;89
13157;80;625713720;13157;388;14261;14350;5.01;0.31;301.94;14.29;1104;81;4939.00;89
13163;80;625713732;13163;382;14264;14354;5.08;0.31;301.94;14.29;1101;81;4940.00;90
13163;80;625713745;13163;376;14265;14355;5.16;0.32;301.94;14.29;1102;81;4941.00;90
13165;81;625713762;13165;371;14266;14355;5.23;0.32;301.96;14.29;1101;82;4942.00;89
13167;81;625713790;13167;364;14266;14355;5.31;0.33;301.94;14.29;1099;82;4943.00;89
13169;81;625713803;13169;369;14276;14368;5.40;0.33;301.95;14.28;1107;82;4944.00;92
13171;81;625713817;13171;361;14276;14368;5.45;0.33;301.94;14.28;1105;82;4945.00;92
13174;81;625713830;13174;365;14277;14368;5.51;0.34;301.91;14.28;1103;82;4946.00;91
13177;81;625713843;13177;370;14278;14369;5.59;0.34;301.94;14.28;1101;82;4947.00;91
13180;81;625713856;13180;370;14278;14370;5.65;0.35;301.93;14.28;1098;82;4948.00;92
13183;81;625713869;13183;369;14278;14370;5.73;0.35;301.91;14.28;1095;82;4949.00;92
13185;81;625713889;13185;368;14282;14379;5.84;0.36;301.93;14.27;1097;82;4950.00;97
13187;81;625713903;13187;372;14282;14379;5.90;0.36;301.91;14.27;1095;82;4951.00;97
13190;81;625713916;13190;373;14284;14379;5.98;0.36;301.87;14.27;1094;82;4952.00;95
13193;81;625713930;13193;371;14284;14379;6.05;0.37;301.87;14.27;1091;82;4953.00;95
13196;81;625713943;13196;368;14288;14385;6.15;0.38;301.81;14.27;1092;82;4954.00;97
13199;81;625713957;13199;365;14288;14385;6.14;0.38;301.82;14.27;1089;82;4955.00;97
13204;81;625713972;13204;362;14289;14385;6.16;0.38;301.85;14.27;1085;82;4956.00;96
13206;81;625713985;13206;366;14290;14385;6.14;0.38;301.87;14.27;1084;82;4957.00;95
13208;81;625714000;13208;372;14293;14389;6.20;0.38;301.88;14.26;1085;82;4958.00;96
13216;81;625714013;13216;368;14295;14390;6.20;0.38;301.98;14.26;1079;82;4959.00;95
13222;81;625714028;13222;375;14296;14390;6.21;0.38;302.03;14.26;1074;82;4960.00;94
13222;81;625714041;13222;382;14297;14391;6.28;0.38;302.03;14.26;1075;82;4961.00;94
13229;81;625714053;13229;378;14297;14391;6.29;0.38;302.07;14.26;1068;82;4962.00;94
13235;81;625714067;13235;386;14297;14391;6.28;0.38;302.03;14.26;1062;82;4963.00;94
13240;81;625714081;13240;385;14297;14391;6.30;0.38;302.05;14.26;1057;82;4964.00;94
13245;81;625714095;13245;390;14297;14391;6.26;0.38;302.13;14.26;1052;82;4965.00;94
13247;81;625714108;13247;383;14297;14391;6.29;0.38;302.14;14.26;1050;82;4966.00;94
13251;81;625714122;13251;385;14297;14391;6.30;0.38;302.18;14.26;1046;82;4967.00;94
13256;81;625714135;13256;396;14339;14461;6.40;0.39;302.26;14.22;1083;82;4968.00;122
13258;81;625714154;13258;391;14340;14462;6.45;0.39;302.30;14.22;1082;82;4969.00;122
13261;81;625714168;13261;382;14344;14462;6.50;0.40;302.39;14.21;1083;82;4970.00;118
13265;81;625714181;13265;380;14345;14462;6.57;0.40;302.47;14.21;1080;82;4971.00;117
13268;81;625714194;13268;381;14350;14462;6.63;0.40;302.46;14.21;1082;82;4972.00;112
13273;81;625714208;13273;379;14352;14462;6.60;0.40;302.55;14.21;1079;82;4973.00;110
13277;81;625714221;13277;382;14354;14462;6.59;0.40;302.56;14.21;1077;82;4974.00;108
13280;81;625714235;13280;386;14357;14462;6.60;0.40;302.62;14.21;1077;82;4975.00;105
13285;81;625714249;13285;388;14358;14463;6.56;0.40;302.65;14.21;1073;82;4976.00;105
13288;81;625714264;13288;383;14362;14464;6.51;0.40;302.68;14.20;1074;82;4977.00;102
13290;81;625714277;13290;378;14365;14464;6.45;0.39;302.71;14.20;1075;82;4978.00;99
13292;81;625714291;13292;371;14368;14468;6.38;0.39;302.71;14.20;1076;82;4979.00;100
13295;81;625714307;13295;365;14368;14468;6.35;0.39;302.72;14.20;1073;82;4980.00;100
13295;81;625714321;13295;368;14368;14468;6.39;0.39;302.72;14.20;1073;82;4981.00;100
13297;81;625714341;13297;366;14368;14468;6.38;0.39;302.78;14.20;1071;82;4982.00;100
13302;81;625714355;13302;370;14372;14474;6.39;0.39;302.81;14.20;1070;82;4983.00;102
13304;81;625714369;13304;372;14372;14474;6.44;0.39;302.82;14.20;1068;82;4984.00;102
13308;81;625714383;13308;378;14374;14474;6.43;0.39;302.89;14.26;1066;82;4985.00;100
13311;81;625714396;13311;370;14376;14477;6.51;0.40;302.93;14.26;1065;82;4986.00;101
13316;81;625714410;13316;361;14377;14477;6.59;0.40;302.90;14.26;1061;82;4987.00;100
13319;81;625714424;13319;360;14377;14477;6.67;0.41;302.95;14.26;1058;82;4988.00;100
13325;81;625714438;13325;347;14377;14478;6.73;0.41;302.99;14.26;1052;82;4989.00;101
13329;81;625714452;13329;345;14378;14479;6.84;0.42;302.94;14.26;1049;82;4990.00;101
13334;81;625714467;13334;333;14378;14479;6.86;0.42;302.96;14.26;1044;82;4991.00;101
13338;81;625714491;13338;334;14389;14492;6.92;0.42;302.93;14.25;1051;82;4992.00;103
13341;81;625714518;13341;337;14389;14492;6.90;0.42;302.93;14.25;1048;82;4993.00;103
13344;81;625714538;13344;334;14390;14492;6.84;0.42;302.94;14.31;1046;82;4994.00;102
13348;81;625714560;13348;339;14392;14494;6.76;0.41;303.02;14.31;1044;82;4995.00;102
13352;81;625714581;13352;341;14392;14494;6.69;0.41;303.10;14.31;1040;82;4996.00;102
13357;81;625714599;13357;343;14395;14498;6.65;0.40;303.12;14.31;1038;82;4997.00;103
13360;81;625714615;13360;328;14395;14498;6.59;0.40;303.11;14.31;1035;82;4998.00;103
13362;81;625714632;13362;330;14399;14502;6.55;0.40;303.09;14.30;1037;82;4999.00;103
13364;81;625714649;13364;325;14399;14502;6.54;0.40;303.09;14.30;1035;82;5000.00;103
13368;81;625714670;13368;322;14399;14502;6.51;0.40;303.13;14.30;1031;82;5001.00;103
13371;81;625714685;13371;318;14399;14502;6.46;0.39;303.13;14.30;1028;82;5002.00;103
13372;81;625714701;13372;316;14399;14502;6.47;0.39;303.11;14.30;1027;82;5003.00;103
13375;81;625714716;13375;318;14408;14514;6.47;0.39;303.12;14.29;1033;82;5004.00;106
13379;81;625714731;13379;316;14409;14514;6.38;0.39;303.13;14.36;1030;82;5005.00;105
13380;81;625714745;13380;315;14411;14514;6.45;0.39;303.11;14.36;1031;82;5006.00;103
13383;81;625714759;13383;322;14411;14514;6.42;0.39;303.11;14.36;1028;82;5007.00;103
13384;81;625714773;13384;319;14411;14514;6.42;0.39;303.11;14.36;1027;82;5008.00;103
13388;81;625714786;13388;318;14411;14514;6.40;0.39;303.12;14.36;1023;82;5009.00;103
13389;81;625714801;13389;321;14411;14515;6.43;0.39;303.11;14.36;1022;82;5010.00;104
13391;81;625714815;13391;328;14411;14515;6.43;0.39;303.10;14.36;1020;82;5011.00;104
13392;81;625714829;13392;330;14415;14521;6.42;0.39;303.13;14.35;1023;82;5012.00;106
13393;81;625714844;13393;330;14416;14522;6.42;0.39;303.12;14.35;1023;82;5013.00;106
13394;81;625714858;13394;328;14417;14522;6.42;0.39;303.12;14.35;1023;82;5014.00;105
13394;81;625714871;13394;333;14417;14522;6.39;0.39;303.12;14.35;1023;82;5015.00;105
13394;81;625714884;13394;334;14420;14526;6.42;0.39;303.12;14.35;1026;82;5016.00;106
13395;81;625714898;13395;334;14420;14526;6.42;0.39;303.11;14.35;1025;82;5017.00;106
13396;81;625714911;13396;336;14420;14526;6.36;0.39;303.12;14.35;1024;82;5018.00;106
13398;81;625714924;13398;335;14421;14527;6.34;0.39;303.13;14.35;1023;82;5019.00;106
13399;81;625714937;13399;324;14424;14531;6.29;0.39;303.21;14.34;1025;82;5020.00;107
13402;81;625714951;13402;322;14425;14531;6.25;0.38;303.21;14.41;1023;82;5021.00;106
13405;81;625714965;13405;319;14427;14534;6.20;0.38;303.19;14.41;1022;82;5022.00;107
13408;81;625714978;13408;311;14427;14534;6.10;0.37;303.19;14.41;1019;82;5023.00;107
13410;81;625714991;13410;309;14428;14534;6.09;0.37;303.19;14.41;1018;82;5024.00;106
13413;81;625715004;13413;303;14428;14534;6.04;0.37;303.21;14.41;1015;82;5025.00;106
13415;81;625715017;13415;293;14432;14538;6.09;0.37;303.21;14.47;1017;82;5026.00;106
13417;81;625715030;13417;297;14432;14538;6.10;0.37;303.24;14.47;1015;82;5027.00;106
13419;81;625715043;13419;292;14433;14538;6.09;0.37;303.32;14.46;1014;82;5028.00;105
13421;81;625715055;13421;280;14433;14538;6.02;0.37;303.36;14.46;1012;82;5029.00;105
13424;81;625715067;13424;271;14433;14539;5.95;0.37;303.36;14.46;1009;82;5030.00;106
13428;81;625715079;13428;269;14434;14540;5.83;0.36;303.40;14.46;1006;82;5031.00;106
13432;81;625715092;13432;256;14435;14540;5.75;0.35;303.41;14.52;1003;82;5032.00;105
13434;81;625715105;13434;253;14436;14541;5.72;0.35;303.43;14.52;1002;82;5033.00;105
13439;81;625715117;13439;248;14438;14541;5.65;0.35;303.43;14.60;999;82;5034.00;103
13444;81;625715138;13444;244;14439;14541;5.65;0.35;303.45;14.66;995;82;5035.00;102
13448;81;625715151;13448;246;14440;14541;5.62;0.34;303.44;14.68;992;82;5036.00;101
13450;81;625715164;13450;232;14440;14541;5.63;0.35;303.46;14.68;990;82;5037.00;101
13456;81;625715177;13456;237;14441;14541;5.64;0.35;303.48;14.73;985;82;5038.00;100
13459;81;625715189;13459;233;14441;14541;5.69;0.35;303.47;14.73;982;82;5039.00;100
13460;81;625715203;13460;262;14538;14771;5.99;0.38;303.50;14.64;1078;82;5040.00;233
13462;81;625715235;13462;255;14542;14772;5.98;0.38;303.50;14.63;1080;82;5041.00;230
13465;81;625715259;13465;251;14552;14772;6.08;0.38;303.46;14.63;1087;82;5042.00;220
13466;81;625715273;13466;240;14558;14772;6.12;0.38;303.46;14.63;1092;82;5043.00;214
13470;81;625715293;13470;238;14566;14772;6.16;0.39;303.56;14.68;1096;82;5044.00;206
13470;81;625715306;13470;232;14573;14772;6.24;0.39;303.56;14.73;1103;82;5045.00;199
13471;81;625715319;13471;231;14580;14772;6.32;0.40;303.55;14.72;1109;82;5046.00;192
13472;81;625715333;13472;224;14585;14772;6.38;0.40;303.55;14.72;1113;82;5047.00;187
13476;81;625715347;13476;234;14590;14773;6.44;0.40;303.51;14.72;1114;82;5048.00;183
13478;81;625715361;13478;236;14594;14774;6.48;0.40;303.47;14.72;1116;82;5049.00;180
13483;81;625715375;13483;232;14598;14774;6.45;0.40;303.45;14.72;1115;82;5050.00;176
13487;81;625715388;13487;234;14602;14775;6.47;0.40;303.43;14.71;1115;82;5051.00;173
13487;81;625715409;13487;237;14609;14775;6.49;0.40;303.43;14.71;1122;82;5052.00;166
13490;81;625715422;13490;240;14611;14775;6.44;0.40;303.43;14.71;1121;82;5053.00;164
13491;81;625715436;13491;243;14614;14775;6.43;0.40;303.41;14.71;1123;82;5054.00;161
13493;81;625715450;13493;250;14618;14779;6.38;0.39;303.39;14.71;1125;82;5055.00;161
13496;81;625715465;13496;265;14621;14779;6.29;0.39;303.36;14.72;1125;82;5056.00;158
13498;81;625715489;13498;266;14623;14779;6.24;0.38;303.33;14.72;1125;82;5057.00;156
13500;81;625715503;13500;267;14628;14782;6.23;0.38;303.31;14.72;1128;82;5058.00;154
13504;82;625715518;13504;260;14628;14782;6.25;0.38;303.28;14.72;1124;83;5059.00;154
13505;82;625715542;13505;262;14634;14782;6.30;0.39;303.29;14.74;1129;83;5060.00;148
13506;82;625715555;13506;268;14639;14786;6.34;0.39;303.29;14.74;1133;83;5061.00;147
13510;82;625715569;13510;275;14643;14787;6.33;0.39;303.27;14.76;1133;83;5062.00;144
13512;82;625715589;13512;287;14644;14787;6.36;0.39;303.29;14.76;1132;83;5063.00;143
13512;82;625715603;13512;295;14648;14791;6.38;0.39;303.29;14.76;1136;83;5064.00;143
13516;82;625715618;13516;298;14652;14791;6.28;0.38;303.27;14.78;1136;83;5065.00;139
13517;82;625715632;13517;305;14653;14791;6.24;0.38;303.35;14.78;1136;83;5066.00;138
13520;82;625715646;13520;312;14656;14792;6.19;0.38;303.30;14.78;1136;83;5067.00;136
13521;82;625715659;13521;317;14660;14792;6.16;0.38;303.28;14.82;1139;83;5068.00;132
13522;82;625715673;13522;322;14665;14798;6.14;0.38;303.26;14.82;1143;83;5069.00;133
13526;82;625715689;13526;328;14666;14798;6.05;0.37;303.25;14.82;1140;83;5070.00;132
13527;82;625715703;13527;335;14669;14799;5.98;0.37;303.22;14.85;1142;83;5071.00;130
13527;82;625715716;13527;336;14672;14799;5.94;0.36;303.22;14.86;1145;83;5072.00;127
13527;82;625715730;13527;339;14673;14799;5.86;0.36;303.22;14.86;1146;83;5073.00;126
13530;82;625715742;13530;350;14677;14799;5.79;0.35;303.19;14.88;1147;83;5074.00;122
13530;82;625715755;13530;359;14679;14799;5.76;0.35;303.19;14.88;1149;83;5075.00;120
13533;82;625715767;13533;372;14692;14811;5.72;0.35;303.19;14.89;1159;83;5076.00;119
13534;82;625715781;13534;384;14695;14811;5.60;0.34;303.17;14.90;1161;83;5077.00;116
13534;82;625715794;13534;385;14700;14811;5.54;0.34;303.17;14.90;1166;83;5078.00;111
13534;82;625715806;13534;383;14701;14811;5.47;0.34;303.17;14.92;1167;83;5079.00;110
13540;82;625715825;13540;385;14701;14811;5.41;0.33;303.12;14.92;1161;83;5080.00;110
13541;82;625715839;13541;392;14702;14811;5.37;0.33;303.14;14.92;1161;83;5081.00;109
13543;82;625715852;13543;393;14706;14815;5.34;0.33;303.11;14.93;1163;83;5082.00;109
13545;82;625715865;13545;376;14707;14815;5.34;0.33;303.11;14.93;1162;83;5083.00;108
13546;82;625715877;13546;370;14711;14819;5.38;0.33;303.10;14.94;1165;83;5084.00;108
13548;82;625715890;13548;370;14713;14821;5.39;0.33;303.08;14.94;1165;83;5085.00;108
13548;82;625715904;13548;366;14715;14821;5.42;0.33;303.08;14.94;1167;83;5086.00;106
13550;82;625715916;13550;368;14716;14821;5.43;0.33;303.05;14.96;1166;83;5087.00;105
13550;82;625715929;13550;370;14728;14834;5.52;0.34;303.05;14.94;1178;83;5088.00;106
13553;82;625715943;13553;368;14729;14834;5.58;0.34;303.03;14.96;1176;83;5089.00;105
13554;82;625715956;13554;362;14730;14834;5.61;0.34;303.02;14.97;1176;83;5090.00;104
13554;82;625715969;13554;353;14731;14835;5.64;0.35;303.02;14.97;1177;83;5091.00;104
13559;82;625715982;13559;355;14731;14836;5.59;0.34;303.01;14.97;1172;83;5092.00;105
13562;82;625716000;13562;356;14734;14836;5.54;0.34;303.03;15.01;1172;83;5093.00;102
13565;82;625716013;13565;346;14736;14839;5.56;0.34;303.01;15.01;1171;83;5094.00;103
13566;82;625716027;13566;359;14736;14839;5.56;0.34;303.00;15.01;1170;83;5095.00;103
13568;82;625716039;13568;362;14738;14839;5.54;0.34;302.98;15.02;1170;83;5096.00;101
13570;82;625716052;13570;376;14738;14839;5.52;0.34;302.98;15.02;1168;83;5097.00;101
13571;82;625716065;13571;386;14745;14845;5.56;0.34;302.99;15.05;1174;83;5098.00;100
13572;82;625716079;13572;405;14745;14845;5.53;0.34;302.98;15.05;1173;83;5099.00;100
13575;82;625716094;13575;392;14750;14864;5.52;0.34;302.98;15.05;1175;83;5100.00;114
13575;82;625716113;13575;391;14752;14864;5.56;0.34;302.98;15.06;1177;83;5101.00;112
13577;82;625716127;13577;390;14756;14868;5.54;0.34;303.00;15.05;1179;83;5102.00;112
13580;82;625716140;13580;387;14757;14869;5.54;0.34;303.02;15.05;1177;83;5103.00;112
13583;82;625716154;13583;382;14758;14869;5.55;0.34;303.01;15.06;1175;83;5104.00;111
13588;82;625716167;13588;388;14760;14870;5.54;0.34;303.16;15.06;1172;83;5105.00;110
13591;82;625716181;13591;392;14761;14870;5.56;0.34;303.19;15.06;1170;83;5106.00;109
13596;82;625716194;13596;389;14762;14870;5.57;0.34;303.20;15.06;1166;83;5107.00;108
13598;82;625716208;13598;389;14762;14870;5.60;0.34;303.21;15.06;1164;83;5108.00;108
13601;82;625716221;13601;388;14762;14870;5.62;0.34;303.27;15.06;1161;83;5109.00;108
13606;82;625716234;13606;374;14764;14870;5.59;0.34;303.31;15.08;1158;83;5110.00;106
13607;82;625716248;13607;379;14765;14870;5.65;0.35;303.31;15.08;1158;83;5111.00;105
13611;82;625716261;13611;376;14800;14940;5.80;0.36;303.32;15.10;1189;83;5112.00;140
13613;82;625716281;13613;367;14802;14941;5.88;0.36;303.31;15.10;1189;83;5113.00;139
13621;82;625716295;13621;359;14809;14941;5.98;0.37;303.31;15.09;1188;83;5114.00;132
13626;82;625716309;13626;350;14810;14941;6.06;0.37;303.31;15.09;1184;83;5115.00;131
13631;82;625716323;13631;355;14814;14941;6.14;0.38;303.37;15.09;1183;83;5116.00;127
13637;82;625716337;13637;351;14817;14941;6.15;0.38;303.48;15.09;1180;83;5117.00;124
13640;82;625716352;13640;348;14821;14941;6.21;0.38;303.47;15.09;1181;83;5118.00;120
13643;82;625716366;13643;350;14823;14941;6.21;0.38;303.45;15.09;1180;83;5119.00;118
13647;82;625716380;13647;353;14825;14942;6.18;0.38;303.51;15.08;1178;83;5120.00;117
13651;82;625716395;13651;361;14828;14943;6.19;0.38;303.48;15.08;1177;83;5121.00;115
13654;82;625716409;13654;365;14831;14943;6.14;0.37;303.50;15.08;1177;83;5122.00;112
13657;82;625716424;13657;364;14835;14947;6.15;0.38;303.55;15.08;1178;83;5123.00;112
13662;82;625716439;13662;363;14835;14947;6.18;0.38;303.59;15.08;1173;83;5124.00;112
13666;82;625716453;13666;369;14835;14947;6.23;0.38;303.62;15.08;1169;83;5125.00;112
13672;82;625716470;13672;372;14835;14947;6.26;0.38;303.67;15.08;1163;83;5126.00;112
13675;82;625716493;13675;371;14839;14953;6.27;0.38;303.70;15.08;1164;83;5127.00;114
13679;82;625716517;13679;376;14839;14953;6.26;0.38;303.74;15.08;1160;83;5128.00;114
13682;82;625716541;13682;373;14840;14953;6.25;0.38;303.79;15.08;1158;83;5129.00;113
13685;82;625716572;13685;379;14843;14959;6.26;0.38;303.79;15.08;1158;83;5130.00;116
13686;82;625716595;13686;387;14843;14959;6.29;0.38;303.78;15.08;1157;83;5131.00;116
13689;82;625716613;13689;389;14845;14959;6.28;0.38;303.78;15.08;1156;83;5132.00;114
13691;82;625716630;13691;395;14846;14960;6.30;0.38;303.85;15.08;1155;83;5133.00;114
13696;82;625716646;13696;398;14848;14961;6.35;0.39;303.82;15.08;1152;83;5134.00;113
13700;82;625716665;13700;396;14849;14961;6.38;0.39;303.83;15.08;1149;83;5135.00;112
13704;82;625716683;13704;401;14858;14974;6.35;0.39;303.86;15.07;1154;83;5136.00;116
13708;82;625716702;13708;401;14858;14974;6.33;0.39;303.89;15.07;1150;83;5137.00;116
13713;82;625716718;13713;406;14861;14974;6.33;0.38;303.89;15.07;1148;83;5138.00;113
13715;82;625716733;13715;411;14863;14975;6.39;0.39;303.89;15.07;1148;83;5139.00;112
13718;82;625716753;13718;419;14865;14975;6.39;0.39;303.99;15.07;1147;83;5140.00;110
13721;82;625716770;13721;419;14867;14979;6.39;0.39;304.06;15.07;1146;83;5141.00;112
13724;82;625716786;13724;422;14868;14979;6.32;0.38;304.05;15.07;1144;83;5142.00;111
13732;82;625716802;13732;427;14872;14983;6.22;0.38;304.10;15.07;1140;83;5143.00;111
13739;82;625716819;13739;434;14872;14983;6.12;0.37;304.14;15.07;1133;83;5144.00;111
13739;82;625716834;13739;447;14873;14983;6.11;0.37;304.14;15.07;1134;83;5145.00;110
13744;82;625716849;13744;455;14873;14983;6.04;0.37;304.15;15.07;1129;83;5146.00;110
13747;82;625716865;13747;452;14874;14983;6.04;0.37;304.18;15.07;1127;83;5147.00;109
13750;82;625716880;13750;441;14885;14995;6.08;0.37;304.16;15.06;1135;83;5148.00;110
13753;82;625716897;13753;440;14886;14995;6.08;0.37;304.17;15.06;1133;83;5149.00;109
13758;82;625716913;13758;430;14886;14995;6.08;0.37;304.24;15.06;1128;83;5150.00;109
13759;82;625716929;13759;434;14887;14995;6.13;0.37;304.28;15.06;1128;83;5151.00;108
13762;82;625716952;13762;428;14887;14995;6.15;0.37;304.33;15.06;1125;83;5152.00;108
13767;82;625716967;13767;429;14888;14995;6.12;0.37;304.35;15.05;1121;83;5153.00;107
13768;82;625716983;13768;434;14888;14996;6.16;0.37;304.34;15.05;1120;83;5154.00;108
13773;82;625716998;13773;430;14889;14998;6.11;0.37;304.38;15.05;1116;83;5155.00;109
13776;82;625717015;13776;418;14892;15004;6.10;0.37;304.40;15.05;1116;83;5156.00;112
13779;82;625717032;13779;413;14895;15005;6.11;0.37;304.48;15.10;1116;83;5157.00;110
13780;82;625717047;13780;407;14895;15005;6.20;0.38;304.49;15.10;1115;83;5158.00;110
13783;82;625717063;13783;401;14897;15005;6.20;0.38;304.52;15.10;1114;83;5159.00;108
13785;82;625717081;13785;394;14901;15010;6.29;0.38;304.55;15.10;1116;83;5160.00;109
13789;82;625717098;13789;379;14901;15010;6.29;0.38;304.51;15.10;1112;83;5161.00;109
13792;82;625717114;13792;377;14901;15010;6.30;0.38;304.60;15.10;1109;83;5162.00;109
13794;82;625717129;13794;374;14902;15011;6.32;0.38;304.60;15.10;1108;83;5163.00;109
13794;82;625717145;13794;370;14905;15015;6.30;0.38;304.60;15.09;1111;83;5164.00;110
13799;82;625717160;13799;369;14905;15015;6.27;0.38;304.69;15.09;1106;83;5165.00;110
13801;82;625717175;13801;368;14908;15018;6.27;0.38;304.76;15.09;1107;83;5166.00;110
13802;82;625717190;13802;366;14908;15018;6.28;0.38;304.76;15.09;1106;83;5167.00;110
13805;82;625717205;13805;361;14908;15018;6.24;0.38;304.78;15.09;1103;83;5168.00;110
13808;82;625717221;13808;354;14908;15018;6.22;0.38;304.81;15.09;1100;83;5169.00;110
13809;82;625717243;13809;350;14911;15022;6.23;0.38;304.82;15.09;1102;83;5170.00;111
13811;82;625717260;13811;346;14912;15022;6.30;0.38;304.79;15.09;1101;83;5171.00;110
13812;82;625717275;13812;352;14912;15022;6.29;0.38;304.78;15.09;1100;83;5172.00;110
13814;82;625717290;13814;343;14912;15022;6.27;0.38;304.82;15.09;1098;83;5173.00;110
13817;82;625717305;13817;345;14912;15023;6.28;0.38;304.88;15.09;1095;83;5174.00;111
13817;82;625717320;13817;348;14914;15025;6.28;0.38;304.88;15.09;1097;83;5175.00;111
13819;82;625717335;13819;339;14914;15025;6.24;0.38;304.96;15.09;1095;83;5176.00;111
13822;82;625717350;13822;328;14915;15026;6.19;0.38;304.94;15.08;1093;83;5177.00;111
13824;82;625717364;13824;337;14915;15026;6.14;0.37;304.96;15.08;1091;83;5178.00;111
13827;82;625717379;13827;326;14915;15026;6.11;0.37;304.93;15.08;1088;83;5179.00;111
13830;82;625717393;13830;330;14915;15026;6.07;0.37;305.01;15.08;1085;83;5180.00;111
13834;82;625717407;13834;330;14915;15026;6.00;0.37;305.06;15.08;1081;83;5181.00;111
13835;82;625717421;13835;327;14915;15026;5.98;0.37;305.06;15.08;1080;83;5182.00;111
13839;82;625717434;13839;332;14915;15026;5.91;0.36;305.08;15.08;1076;83;5183.00;111
13840;82;625717448;13840;363;14986;15153;5.92;0.37;305.07;15.01;1146;83;5184.00;167
13841;82;625717474;13841;353;14987;15154;5.90;0.36;305.07;15.01;1146;83;5185.00;167
13844;82;625717489;13844;344;14993;15154;5.92;0.37;305.14;15.01;1149;83;5186.00;161
13845;82;625717502;13845;345;14994;15154;5.90;0.36;305.12;15.01;1149;83;5187.00;160
13847;82;625717517;13847;342;15001;15154;5.95;0.37;305.11;15.00;1154;83;5188.00;153
13848;82;625717532;13848;354;15003;15154;5.95;0.37;305.11;15.00;1155;83;5189.00;151
13851;82;625717547;13851;343;15009;15154;5.97;0.37;305.11;15.00;1158;83;5190.00;145
13852;82;625717561;13852;346;15010;15154;5.98;0.37;305.10;15.00;1158;83;5191.00;144
13853;82;625717574;13853;351;15015;15155;6.03;0.37;305.09;14.99;1162;83;5192.00;140
13854;82;625717588;13854;347;15018;15156;6.07;0.37;305.08;14.99;1164;83;5193.00;138
13857;82;625717602;13857;347;15021;15156;6.10;0.37;305.10;14.99;1164;83;5194.00;135
13859;82;625717616;13859;348;15025;15157;6.10;0.37;305.07;14.99;1166;83;5195.00;132
13862;82;625717629;13862;357;15027;15157;6.05;0.37;305.12;14.99;1165;83;5196.00;130
13864;82;625717643;13864;353;15028;15157;6.01;0.37;305.12;14.99;1164;83;5197.00;129
13865;82;625717661;13865;352;15030;15157;5.96;0.37;305.11;14.99;1165;83;5198.00;127
13868;82;625717674;13868;349;15032;15161;5.90;0.36;305.13;14.99;1164;83;5199.00;129
13869;82;625717689;13869;348;15033;15161;5.80;0.36;305.13;14.99;1164;83;5200.00;128
13874;82;625717705;13874;347;15034;15161;5.65;0.35;305.15;14.99;1160;83;5201.00;127
13875;82;625717718;13875;342;15036;15164;5.59;0.34;305.16;14.99;1161;83;5202.00;128
13879;82;625717731;13879;341;15037;15164;5.51;0.34;305.13;14.99;1158;83;5203.00;127
13881;83;625717745;13881;344;15038;15164;5.49;0.34;305.13;14.98;1157;84;5204.00;126
13885;83;625717767;13885;340;15043;15168;5.40;0.33;305.11;15.02;1158;84;5205.00;125
13890;83;625717782;13890;346;15045;15169;5.36;0.33;305.16;15.01;1155;84;5206.00;124
13894;83;625717796;13894;357;15045;15169;5.32;0.33;305.10;15.01;1151;84;5207.00;124
13898;83;625717808;13898;352;15047;15173;5.25;0.32;305.06;15.01;1149;84;5208.00;126
13901;83;625717821;13901;351;15047;15173;5.21;0.32;305.02;15.01;1146;84;5209.00;126
13901;83;625717834;13901;346;15047;15173;5.22;0.32;305.02;15.01;1146;84;5210.00;126
13904;83;625717846;13904;341;15048;15174;5.21;0.32;305.02;15.01;1144;84;5211.00;126
13908;83;625717859;13908;335;15049;15174;5.18;0.32;305.04;15.01;1141;84;5212.00;125
13912;83;625717871;13912;340;15052;15180;5.22;0.32;305.00;15.01;1140;84;5213.00;128
13916;83;625717885;13916;345;15053;15180;5.24;0.32;304.96;15.01;1137;84;5214.00;127
13920;83;625717897;13920;347;15053;15180;5.25;0.32;304.91;15.01;1133;84;5215.00;127
13922;83;625717910;13922;353;15054;15181;5.26;0.32;304.88;15.01;1132;84;5216.00;127
13927;83;625717923;13927;354;15055;15181;5.24;0.32;304.83;15.01;1128;84;5217.00;126
13927;83;625717936;13927;354;15055;15181;5.26;0.32;304.83;15.01;1128;84;5218.00;126
13929;83;625717949;13929;362;15055;15181;5.26;0.32;304.82;15.01;1126;84;5219.00;126
13932;83;625717963;13932;360;15076;15217;5.37;0.33;304.81;14.99;1144;84;5220.00;141
13932;83;625717978;13932;362;15079;15217;5.38;0.33;304.81;14.99;1147;84;5221.00;138
13935;83;625717991;13935;363;15080;15217;5.37;0.33;304.79;14.99;1145;84;5222.00;137
13936;83;625718003;13936;369;15081;15217;5.36;0.33;304.78;14.99;1145;84;5223.00;136
13937;83;625718017;13937;365;15082;15217;5.38;0.33;304.77;14.98;1145;84;5224.00;135
13938;83;625718030;13938;368;15083;15217;5.43;0.33;304.81;14.98;1145;84;5225.00;134
13939;83;625718042;13939;367;15087;15221;5.50;0.34;304.80;14.98;1148;84;5226.00;134
13940;83;625718055;13940;368;15088;15221;5.52;0.34;304.80;14.98;1148;84;5227.00;133
13944;83;625718068;13944;375;15091;15225;5.56;0.34;304.77;14.98;1147;84;5228.00;134
13945;83;625718082;13945;368;15094;15226;5.58;0.34;304.85;14.99;1149;84;5229.00;132
13946;83;625718095;13946;371;15096;15226;5.55;0.34;304.83;14.99;1150;84;5230.00;130
13946;83;625718108;13946;373;15096;15226;5.57;0.34;304.83;14.99;1150;84;5231.00;130
13947;83;625718121;13947;377;15107;15239;5.59;0.34;304.81;15.02;1160;84;5232.00;132
13948;83;625718141;13948;387;15108;15239;5.56;0.34;304.80;15.02;1160;84;5233.00;131
13948;83;625718161;13948;385;15108;15239;5.56;0.34;304.80;15.02;1160;84;5234.00;131
13949;83;625718174;13949;378;15112;15240;5.60;0.34;304.80;15.05;1163;84;5235.00;128
13950;83;625718188;13950;367;15114;15241;5.59;0.34;304.82;15.08;1164;84;5236.00;127
13951;83;625718202;13951;368;15115;15241;5.63;0.34;304.80;15.08;1164;84;5237.00;126
13951;83;625718217;13951;368;15119;15244;5.69;0.35;304.80;15.09;1168;84;5238.00;125
13953;83;625718231;13953;368;15120;15244;5.71;0.35;304.80;15.11;1167;84;5239.00;124
13954;83;625718245;13954;363;15121;15244;5.74;0.35;304.78;15.12;1167;84;5240.00;123
13956;83;625718259;13956;364;15123;15244;5.74;0.35;304.77;15.15;1167;84;5241.00;121
13956;83;625718273;13956;355;15127;15250;5.79;0.35;304.77;15.15;1171;84;5242.00;123
13957;83;625718287;13957;356;15129;15250;5.77;0.35;304.77;15.17;1172;84;5243.00;121
13958;83;625718306;13958;358;15131;15250;5.71;0.35;304.76;15.18;1173;84;5244.00;119
13958;83;625718320;13958;361;15133;15250;5.69;0.35;304.76;15.19;1175;84;5245.00;117
13958;83;625718334;13958;370;15137;15254;5.65;0.34;304.76;15.20;1179;84;5246.00;117
13961;83;625718347;13961;369;15138;15255;5.64;0.34;304.72;15.20;1177;84;5247.00;117
13962;83;625718361;13962;371;15139;15255;5.63;0.34;304.70;15.21;1177;84;5248.00;116
13963;83;625718374;13963;370;15141;15256;5.59;0.34;304.69;15.22;1178;84;5249.00;115
13964;83;625718395;13964;356;15142;15256;5.56;0.34;304.68;15.23;1178;84;5250.00;114
13965;83;625718408;13965;350;15144;15256;5.52;0.34;304.66;15.24;1179;84;5251.00;112
13966;83;625718422;13966;343;15144;15256;5.57;0.34;304.66;15.24;1178;84;5252.00;112
13967;83;625718435;13967;346;15146;15256;5.58;0.34;304.65;15.26;1179;84;5253.00;110
13967;83;625718448;13967;343;15147;15256;5.60;0.34;304.65;15.27;1180;84;5254.00;109
13968;84;625718461;13968;350;15149;15256;5.61;0.34;304.66;15.29;1181;85;5255.00;107
13969;84;625718495;13969;351;15185;15326;5.80;0.35;304.64;15.25;1216;85;5256.00;141
13971;84;625718526;13971;358;15188;15327;5.80;0.35;304.62;15.25;1217;85;5257.00;139
13973;84;625718548;13973;366;15197;15327;5.85;0.36;304.63;15.26;1224;85;5258.00;130
13975;84;625718567;13975;363;15198;15327;5.89;0.36;304.64;15.26;1223;85;5259.00;129
13976;84;625718591;13976;374;15203;15327;5.91;0.36;304.68;15.27;1227;85;5260.00;124
13978;84;625718607;13978;376;15208;15327;5.90;0.36;304.66;15.27;1230;85;5261.00;119
13981;84;625718622;13981;387;15210;15327;5.83;0.35;304.66;15.28;1229;85;5262.00;117
13985;84;625718638;13985;391;15211;15327;5.74;0.35;304.66;15.28;1226;85;5263.00;116
13989;84;625718653;13989;396;15216;15328;5.65;0.34;304.70;15.29;1227;85;5264.00;112
13993;84;625718669;13993;402;15218;15330;5.59;0.34;304.70;15.29;1225;85;5265.00;112
13997;84;625718685;13997;406;15222;15330;5.57;0.34;304.70;15.29;1225;85;5266.00;108
14001;84;625718700;14001;409;15226;15334;5.48;0.33;304.81;15.29;1225;85;5267.00;108
14005;84;625718714;14005;413;15229;15334;5.45;0.33;304.83;15.29;1224;85;5268.00;105
14007;84;625718729;14007;425;15231;15334;5.42;0.33;304.88;15.30;1224;85;5269.00;103
14013;84;625718742;14013;414;15232;15334;5.37;0.33;304.90;15.30;1219;85;5270.00;102
14018;84;625718757;14018;410;15238;15340;5.37;0.33;304.96;15.31;1220;85;5271.00;102
14022;84;625718773;14022;408;15239;15340;5.37;0.33;305.00;15.31;1217;85;5272.00;101
14025;84;625718788;14025;402;15240;15340;5.36;0.33;305.06;15.32;1215;85;5273.00;100
14028;84;625718802;14028;400;15243;15343;5.39;0.33;305.15;15.32;1215;85;5274.00;100
14032;84;625718819;14032;398;15244;15343;5.39;0.33;305.21;15.33;1212;85;5275.00;99
14035;84;625718835;14035;397;15244;15343;5.37;0.33;305.20;15.33;1209;85;5276.00;99
14039;84;625718851;14039;395;15244;15344;5.42;0.33;305.26;15.33;1205;85;5277.00;100
14042;84;625718866;14042;388;15245;15345;5.48;0.33;305.34;15.33;1203;85;5278.00;100
14043;84;625718882;14043;392;15245;15345;5.55;0.34;305.37;15.33;1202;85;5279.00;100
14046;84;625718899;14046;400;15265;15371;5.62;0.34;305.45;15.31;1219;85;5280.00;106
14049;84;625718917;14049;392;15266;15371;5.68;0.35;305.50;15.31;1217;85;5281.00;105
14052;84;625718932;14052;400;15267;15371;5.72;0.35;305.51;15.31;1215;85;5282.00;104
14056;84;625718947;14056;397;15268;15372;5.79;0.35;305.56;15.30;1212;85;5283.00;104
14059;84;625718963;14059;405;15268;15372;5.82;0.35;305.57;15.30;1209;85;5284.00;104
14062;84;625718979;14062;403;15272;15376;5.84;0.36;305.59;15.30;1210;85;5285.00;104
14067;84;625718995;14067;401;15272;15376;5.86;0.36;305.63;15.30;1205;85;5286.00;104
14069;84;625719012;14069;406;15275;15379;5.92;0.36;305.65;15.30;1206;85;5287.00;104
14074;84;625719028;14074;402;15275;15380;5.91;0.36;305.71;15.30;1201;85;5288.00;105
14079;84;625719045;14079;395;15275;15380;5.91;0.36;305.66;15.30;1196;85;5289.00;105
14083;84;625719060;14083;392;15275;15380;5.89;0.36;305.69;15.30;1192;85;5290.00;105
14087;84;625719076;14087;385;15275;15380;5.86;0.36;305.67;15.30;1188;85;5291.00;105
14089;84;625719091;14089;389;15285;15392;5.93;0.36;305.79;15.29;1196;85;5292.00;107
14094;84;625719107;14094;380;15286;15392;5.95;0.36;305.86;15.29;1192;85;5293.00;106
14099;84;625719124;14099;382;15286;15392;6.01;0.37;305.89;15.29;1187;85;5294.00;106
14103;84;625719139;14103;385;15286;15392;6.06;0.37;305.97;15.29;1183;85;5295.00;106
14110;84;625719155;14110;386;15286;15392;6.08;0.37;306.12;15.29;1176;85;5296.00;106
14116;84;625719170;14116;390;15286;15392;6.12;0.37;306.13;15.29;1170;85;5297.00;106
14119;84;625719186;14119;387;15286;15393;6.15;0.37;306.19;15.29;1167;85;5298.00;107
14126;84;625719203;14126;385;15286;15393;6.17;0.37;306.31;15.29;1160;85;5299.00;107
14132;84;625719221;14132;381;15290;15399;6.21;0.38;306.39;15.28;1158;85;5300.00;109
14136;84;625719242;14136;380;15291;15400;6.24;0.38;306.46;15.28;1155;85;5301.00;109
14139;84;625719257;14139;385;15292;15400;6.30;0.38;306.44;15.28;1153;85;5302.00;108
14142;84;625719273;14142;392;15292;15400;6.34;0.39;306.50;15.28;1150;85;5303.00;108
14145;84;625719289;14145;390;15295;15404;6.37;0.39;306.53;15.28;1150;85;5304.00;109
14148;84;625719306;14148;390;15295;15404;6.39;0.39;306.61;15.28;1147;85;5305.00;109
14155;84;625719322;14155;389;15295;15404;6.37;0.39;306.62;15.28;1140;85;5306.00;109
14159;84;625719341;14159;392;15296;15405;6.38;0.39;306.65;15.28;1137;85;5307.00;109
14164;84;625719360;14164;390;15299;15409;6.41;0.39;306.69;15.27;1135;85;5308.00;110
14168;84;625719384;14168;392;15299;15409;6.37;0.39;306.71;15.27;1131;85;5309.00;110
14170;84;625719404;14170;396;15302;15415;6.42;0.39;306.71;15.27;1132;85;5310.00;113
14174;84;625719429;14174;400;15303;15415;6.42;0.39;306.73;15.27;1129;85;5311.00;112
14177;84;625719448;14177;405;15303;15415;6.41;0.39;306.80;15.27;1126;85;5312.00;112
14180;84;625719468;14180;402;15304;15415;6.42;0.39;306.83;15.27;1124;85;5313.00;111
14186;84;625719494;14186;410;15306;15419;6.36;0.39;306.92;15.27;1120;85;5314.00;113
14188;84;625719517;14188;422;15307;15419;6.32;0.38;306.98;15.27;1119;85;5315.00;112
14192;84;625719533;14192;416;15307;15419;6.26;0.38;307.02;15.27;1115;85;5316.00;112
14197;84;625719548;14197;412;15308;15419;6.24;0.38;307.09;15.27;1111;85;5317.00;111
14199;84;625719563;14199;413;15308;15420;6.20;0.38;307.07;15.27;1109;85;5318.00;112
14201;84;625719577;14201;409;15310;15421;6.18;0.38;307.16;15.26;1109;85;5319.00;111
14206;84;625719592;14206;410;15310;15421;6.11;0.37;307.26;15.26;1104;85;5320.00;111
14208;84;625719607;14208;410;15311;15422;6.09;0.37;307.29;15.26;1103;85;5321.00;111
14215;84;625719622;14215;408;15311;15422;6.05;0.37;307.36;15.26;1096;85;5322.00;111
14219;84;625719636;14219;413;15311;15422;6.07;0.37;307.39;15.26;1092;85;5323.00;111
14221;84;625719651;14221;406;15311;15422;6.08;0.37;307.37;15.26;1090;85;5324.00;111
14228;84;625719666;14228;407;15311;15422;6.06;0.37;307.45;15.26;1083;85;5325.00;111
14232;84;625719680;14232;400;15311;15422;6.05;0.37;307.45;15.26;1079;85;5326.00;111
14234;84;625719695;14234;397;15311;15422;6.06;0.37;307.46;15.26;1077;85;5327.00;111
14238;84;625719709;14238;413;15378;15549;6.25;0.39;307.52;15.20;1140;85;5328.00;171
14241;84;625719733;14241;390;15380;15550;6.32;0.39;307.53;15.20;1139;85;5329.00;170
14242;84;625719748;14242;377;15389;15550;6.44;0.40;307.52;15.19;1147;85;5330.00;161
14244;84;625719762;14244;368;15391;15550;6.50;0.40;307.50;15.19;1147;86;5331.00;159
14247;84;625719797;14247;367;15394;15550;6.57;0.41;307.54;15.18;1147;86;5332.00;156
14254;84;625719818;14254;363;15399;15550;6.64;0.41;307.54;15.18;1145;86;5333.00;151
14257;84;625719833;14257;361;15404;15550;6.68;0.41;307.56;15.24;1147;86;5334.00;146
14261;84;625719848;14261;358;15406;15550;6.69;0.41;307.62;15.24;1145;86;5335.00;144
14263;84;625719866;14263;361;15411;15551;6.66;0.41;307.70;15.24;1148;86;5336.00;140
14265;84;625719883;14265;359;15414;15552;6.68;0.41;307.69;15.24;1149;86;5337.00;138
14267;84;625719904;14267;358;15416;15552;6.69;0.41;307.75;15.24;1149;86;5338.00;136
14270;84;625719922;14270;357;15421;15553;6.64;0.41;307.76;15.24;1151;86;5339.00;132
14275;84;625719942;14275;354;15423;15553;6.61;0.41;307.84;15.24;1148;86;5340.00;130
14276;84;625719962;14276;356;15423;15553;6.62;0.41;307.87;15.24;1147;86;5341.00;130
14278;84;625719979;14278;347;15426;15553;6.63;0.41;307.85;15.24;1148;86;5342.00;127
14281;84;625719995;14281;355;15428;15557;6.61;0.41;307.88;15.23;1147;86;5343.00;129
14283;84;625720011;14283;357;15431;15557;6.61;0.41;307.86;15.23;1148;86;5344.00;126
14287;84;625720026;14287;352;15432;15557;6.56;0.40;307.94;15.23;1145;86;5345.00;125
14290;84;625720041;14290;354;15436;15560;6.47;0.40;307.94;15.30;1146;86;5346.00;124
14291;84;625720057;14291;358;15437;15560;6.40;0.39;307.94;15.30;1146;86;5347.00;123
14294;84;625720073;14294;358;15440;15560;6.31;0.39;308.00;15.36;1146;86;5348.00;120
14298;84;625720089;14298;371;15443;15564;6.23;0.38;307.99;15.36;1145;86;5349.00;121
14298;84;625720104;14298;377;15445;15565;6.20;0.38;307.99;15.36;1147;86;5350.00;120
14301;84;625720118;14301;379;15445;15565;6.12;0.37;308.01;15.36;1144;86;5351.00;120
14303;84;625720132;14303;387;15449;15569;6.03;0.37;307.99;15.42;1146;86;5352.00;120
14305;84;625720146;14305;391;15449;15569;5.94;0.36;308.00;15.42;1144;86;5353.00;120
14307;84;625720159;14307;399;15449;15569;5.85;0.36;308.03;15.42;1142;86;5354.00;120
14308;84;625720173;14308;400;15451;15571;5.81;0.36;308.03;15.42;1143;86;5355.00;120
14309;84;625720187;14309;412;15451;15571;5.76;0.35;308.01;15.42;1142;86;5356.00;120
14310;84;625720200;14310;416;15455;15577;5.73;0.35;308.00;15.41;1145;86;5357.00;122
14311;84;625720214;14311;424;15455;15577;5.65;0.35;307.99;15.41;1144;86;5358.00;122
14313;84;625720228;14313;427;15456;15577;5.59;0.34;308.00;15.41;1143;86;5359.00;121
14317;84;625720242;14317;430;15456;15578;5.54;0.34;307.96;15.41;1139;86;5360.00;122
14317;84;625720256;14317;435;15456;15578;5.53;0.34;307.96;15.41;1139;86;5361.00;122
14322;84;625720269;14322;435;15456;15578;5.47;0.33;307.95;15.41;1134;86;5362.00;122
14325;84;625720282;14325;428;15457;15578;5.39;0.33;307.92;15.48;1132;86;5363.00;121
14329;84;625720296;14329;422;15467;15590;5.36;0.33;307.89;15.47;1138;86;5364.00;123
14330;84;625720312;14330;419;15467;15590;5.31;0.33;307.88;15.47;1137;86;5365.00;123
14333;84;625720327;14333;410;15468;15590;5.28;0.32;307.85;15.47;1135;86;5366.00;122
14334;84;625720341;14334;412;15468;15590;5.28;0.32;307.85;15.47;1134;86;5367.00;122
14336;84;625720354;14336;404;15468;15590;5.29;0.32;307.89;15.47;1132;86;5368.00;122
14337;84;625720368;14337;407;15468;15590;5.29;0.32;307.89;15.47;1131;86;5369.00;122
14340;84;625720382;14340;402;15471;15594;5.27;0.32;307.86;15.47;1131;86;5370.00;123
14343;84;625720395;14343;390;15471;15594;5.21;0.32;307.84;15.47;1128;86;5371.00;123
14347;84;625720407;14347;390;15474;15598;5.21;0.32;307.82;15.46;1127;86;5372.00;124
14349;84;625720421;14349;391;15476;15599;5.24;0.32;307.79;15.46;1127;86;5373.00;123
14355;84;625720434;14355;384;15477;15599;5.19;0.32;307.78;15.48;1122;86;5374.00;122
14360;84;625720449;14360;378;15478;15599;5.11;0.31;307.79;15.49;1118;86;5375.00;121
14362;84;625720462;14362;373;15488;15612;5.12;0.31;307.76;15.48;1126;86;5376.00;124
14364;84;625720479;14364;367;15489;15612;5.07;0.31;307.79;15.55;1125;86;5377.00;123
14371;84;625720498;14371;372;15490;15612;5.04;0.31;307.79;15.55;1119;86;5378.00;122
14375;84;625720522;14375;377;15491;15613;5.02;0.31;307.77;15.55;1116;86;5379.00;122
14379;84;625720541;14379;386;15492;15614;4.99;0.30;307.72;15.62;1113;86;5380.00;122
14379;84;625720559;14379;386;15492;15614;5.00;0.30;307.72;15.62;1113;86;5381.00;122
14382;84;625720577;14382;388;15495;15617;4.99;0.30;307.68;15.68;1113;86;5382.00;122
14383;84;625720594;14383;395;15496;15617;5.04;0.31;307.69;15.68;1113;86;5383.00;121
14383;84;625720607;14383;403;15496;15617;5.06;0.31;307.69;15.68;1113;86;5384.00;121
14385;84;625720621;14385;407;15497;15617;5.02;0.30;307.66;15.75;1112;86;5385.00;120
14388;84;625720634;14388;411;15502;15623;5.05;0.31;307.65;15.75;1114;86;5386.00;121
14391;84;625720649;14391;395;15502;15623;5.04;0.30;307.62;15.75;1111;86;5387.00;121
14392;84;625720664;14392;386;15503;15623;5.10;0.31;307.61;15.75;1111;86;5388.00;120
14395;84;625720677;14395;381;15504;15623;5.12;0.31;307.67;15.82;1109;86;5389.00;119
14396;84;625720693;14396;376;15507;15627;5.13;0.31;307.66;15.82;1111;86;5390.00;120
14397;84;625720708;14397;362;15508;15628;5.18;0.31;307.64;15.81;1111;86;5391.00;120
14398;84;625720723;14398;356;15508;15628;5.22;0.32;307.64;15.81;1110;86;5392.00;120
14399;84;625720739;14399;351;15509;15629;5.34;0.32;307.64;15.81;1110;86;5393.00;120
14400;84;625720763;14400;356;15509;15629;5.42;0.33;307.64;15.81;1109;86;5394.00;120
14400;84;625720780;14400;346;15509;15629;5.50;0.33;307.64;15.81;1109;86;5395.00;120
14400;84;625720800;14400;338;15509;15629;5.56;0.34;307.64;15.81;1109;86;5396.00;120
14400;84;625720829;14400;335;15510;15629;5.61;0.34;307.64;15.82;1110;86;5397.00;119
14400;84;625720852;14400;335;15511;15629;5.63;0.34;307.64;15.83;1111;86;5398.00;118
14401;84;625720875;14401;343;15511;15629;5.67;0.34;307.64;15.83;1110;86;5399.00;118
