step_arrived;step_collisions;step_duration;step_ended;step_halting;step_inserted;step_loaded;step_meanSpeed;step_meanSpeedRelative;step_meanTravelTime;step_meanWaitingTime;step_running;step_teleports;step_time;step_waiting
0;0;627040556;0;1;88;245;16.10;1.13;-1.00;0.00;88;0;0.00;157
0;0;627040583;0;1;97;245;15.35;1.07;-1.00;0.09;97;0;1.00;148
0;0;627040585;0;4;117;245;14.52;0.99;-1.00;0.42;117;0;2.00;128
0;0;627040586;0;2;133;245;13.92;0.94;-1.00;0.73;133;0;3.00;112
0;0;627040587;0;3;147;245;12.94;0.87;-1.00;1.04;147;0;4.00;98
0;0;627040588;0;5;155;245;12.14;0.81;-1.00;1.25;155;0;5.00;90
0;0;627040590;0;4;166;245;11.37;0.76;-1.00;1.56;166;0;6.00;79
0;0;627040592;0;9;171;245;10.72;0.72;-1.00;1.72;171;0;7.00;74
0;0;627040594;0;14;180;246;10.10;0.67;-1.00;2.03;180;0;8.00;66
0;0;627040596;0;16;183;247;9.87;0.66;-1.00;2.11;183;0;9.00;64
0;0;627040599;0;19;187;247;9.76;0.65;-1.00;2.28;187;0;10.00;60
0;0;627040601;0;24;192;248;9.57;0.63;-1.00;2.45;192;0;11.00;56
0;0;627040603;0;27;197;248;9.32;0.61;-1.00;2.70;197;0;12.00;51
0;0;627040605;0;31;201;248;9.35;0.61;-1.00;2.90;201;0;13.00;47
1;0;627040607;1;34;206;248;9.18;0.60;14.00;3.17;205;0;14.00;42
1;0;627040610;1;37;211;252;9.19;0.59;14.00;3.32;210;0;15.00;41
1;0;627040613;1;44;213;252;9.08;0.59;14.00;3.44;212;0;16.00;39
1;0;627040616;1;51;217;252;8.91;0.57;14.00;3.69;216;0;17.00;35
1;0;627040619;1;53;220;255;9.02;0.57;14.00;3.80;219;0;18.00;35
2;0;627040622;2;56;221;255;9.09;0.58;16.50;3.87;219;0;19.00;34
3;0;627040625;3;60;224;255;9.01;0.57;17.67;4.08;221;0;20.00;31
4;0;627040628;4;62;232;259;8.99;0.57;18.50;4.32;228;0;21.00;27
4;0;627040630;4;66;235;260;9.12;0.57;18.50;4.46;231;0;22.00;25
4;0;627040634;4;68;240;260;9.01;0.57;18.50;4.85;236;0;23.00;20
4;0;627040637;4;76;243;264;8.98;0.56;18.50;4.88;239;0;24.00;21
5;0;627040640;5;78;244;264;8.96;0.56;19.80;4.97;239;0;25.00;20
6;0;627040643;6;81;248;264;8.82;0.55;20.50;5.17;242;0;26.00;16
6;0;627040646;6;84;251;265;8.60;0.53;20.50;5.38;245;0;27.00;14
6;0;627040649;6;88;251;265;8.60;0.53;20.50;5.38;245;0;28.00;14
6;0;627040653;6;90;258;271;8.59;0.53;20.50;5.41;252;0;29.00;13
7;0;627040658;7;91;259;271;8.50;0.53;21.57;5.45;252;0;30.00;12
7;0;627040661;7;92;261;272;8.37;0.52;21.57;5.53;254;0;31.00;11
7;0;627040665;7;98;262;272;8.26;0.51;21.57;5.56;255;0;32.00;10
7;0;627040668;7;101;263;272;8.34;0.51;21.57;5.67;256;0;33.00;9
8;0;627040671;8;103;263;272;8.35;0.52;22.50;5.67;255;0;34.00;9
9;0;627040675;9;108;265;272;8.27;0.51;23.44;5.78;256;0;35.00;7
10;0;627040678;10;111;277;284;8.53;0.53;24.70;5.56;267;0;36.00;7
10;0;627040683;10;115;277;284;8.41;0.52;24.70;5.56;267;0;37.00;7
10;0;627040686;10;116;279;284;8.20;0.51;24.70;5.58;269;0;38.00;5
10;0;627040689;10;119;279;284;8.14;0.51;24.70;5.58;269;0;39.00;5
11;0;627040692;11;122;279;284;8.14;0.51;26.09;5.58;268;0;40.00;5
12;0;627040695;12;126;279;284;8.07;0.50;27.08;5.58;267;0;41.00;5
12;0;627040698;12;130;283;288;8.17;0.51;27.08;5.52;271;0;42.00;5
14;0;627040701;14;132;283;288;7.98;0.49;28.86;5.52;269;0;43.00;5
14;0;627040705;14;136;286;292;7.93;0.49;28.86;5.47;272;0;44.00;6
14;0;627040708;14;138;288;294;7.88;0.49;28.86;5.43;274;0;45.00;6
15;0;627040711;15;138;289;294;7.71;0.48;29.53;5.42;274;0;46.00;5
16;0;627040714;16;136;289;294;7.64;0.47;30.25;5.42;273;0;47.00;5
17;0;627040717;17;142;299;307;7.85;0.49;30.06;5.24;282;0;48.00;8
17;0;627040722;17;141;299;307;7.78;0.48;30.06;5.24;282;0;49.00;8
17;0;627040725;17;143;300;307;7.69;0.48;30.06;5.23;283;0;50.00;7
18;0;627040728;18;144;301;308;7.58;0.47;31.22;5.22;283;0;51.00;7
19;0;627040731;19;148;302;309;7.42;0.46;32.26;5.20;283;0;52.00;7
19;0;627040734;19;151;302;309;7.38;0.46;32.26;5.20;283;0;53.00;7
20;0;627040737;20;153;304;312;7.43;0.46;33.35;5.17;284;0;54.00;8
20;0;627040740;20;157;304;312;7.29;0.45;33.35;5.17;284;0;55.00;8
21;0;627040743;21;146;305;312;7.24;0.45;32.71;5.16;284;0;56.00;7
22;0;627040747;22;139;305;312;7.15;0.44;32.73;5.16;283;0;57.00;7
23;0;627040750;23;140;310;318;7.19;0.44;33.83;5.09;287;0;58.00;8
24;0;627040753;24;141;310;318;7.20;0.44;33.75;5.09;286;0;59.00;8
24;0;627040758;24;144;311;318;7.24;0.44;33.75;5.08;287;0;60.00;7
24;0;627040761;24;148;311;318;7.25;0.45;33.75;5.08;287;0;61.00;7
24;0;627040765;24;151;315;322;7.33;0.45;33.75;5.03;291;0;62.00;7
25;0;627040769;25;151;316;323;7.57;0.47;34.92;5.02;291;0;63.00;7
26;0;627040774;26;153;316;323;7.72;0.47;35.88;5.02;290;0;64.00;7
29;0;627040778;29;154;317;324;7.80;0.48;38.69;5.00;288;0;65.00;7
30;0;627040782;30;157;317;324;7.88;0.48;38.20;5.00;287;0;66.00;7
30;0;627040785;30;147;317;324;7.99;0.49;38.20;5.00;287;0;67.00;7
30;0;627040789;30;141;317;324;8.07;0.49;38.20;5.00;287;0;68.00;7
31;0;627040792;31;134;317;324;8.13;0.50;39.19;5.00;286;0;69.00;7
31;0;627040795;31;131;317;324;8.26;0.50;39.19;5.00;286;0;70.00;7
31;0;627040798;31;128;317;324;8.49;0.52;39.19;5.00;286;0;71.00;7
31;0;627040801;31;135;352;394;8.62;0.53;39.19;4.51;321;0;72.00;42
31;0;627040812;31;125;353;395;8.78;0.54;39.19;4.50;322;0;73.00;42
33;0;627040822;33;118;358;395;9.10;0.56;40.91;4.46;325;0;74.00;37
33;0;627040826;33;115;361;395;9.31;0.57;40.91;4.45;328;0;75.00;34
33;0;627040829;33;112;365;395;9.55;0.58;40.91;4.44;332;0;76.00;30
34;1;627040833;34;110;367;395;9.66;0.59;41.97;4.45;333;1;77.00;28
35;1;627040861;35;109;371;395;9.81;0.60;43.00;4.46;336;1;78.00;24
35;1;627040871;35;107;372;395;9.87;0.60;43.00;4.47;337;1;79.00;23
36;1;627040876;36;110;374;396;9.83;0.60;44.03;4.49;338;1;80.00;22
37;1;627040888;37;113;377;397;9.87;0.60;44.54;4.50;340;1;81.00;20
37;1;627040893;37;117;378;397;9.88;0.60;44.54;4.52;341;1;82.00;19
38;1;627040903;38;122;385;401;9.73;0.59;45.55;4.51;347;1;83.00;16
39;1;627040907;39;123;385;401;9.67;0.59;46.54;4.51;346;1;84.00;16
39;1;627040911;39;127;385;401;9.55;0.58;46.54;4.51;346;1;85.00;16
39;1;627040915;39;126;385;401;9.42;0.57;46.54;4.51;346;1;86.00;16
40;1;627040919;40;127;389;407;9.29;0.57;47.55;4.48;349;1;87.00;18
40;1;627040929;40;131;389;407;9.29;0.57;47.55;4.48;349;1;88.00;18
40;1;627040934;40;134;390;407;9.22;0.56;47.55;4.47;350;1;89.00;17
41;1;627040939;41;130;393;413;9.13;0.56;48.44;4.44;352;1;90.00;20
42;1;627040944;42;132;394;413;9.07;0.55;49.45;4.43;352;1;91.00;19
44;1;627040948;44;132;394;413;8.96;0.54;51.27;4.43;350;1;92.00;19
48;1;627040958;48;132;396;414;8.78;0.53;54.75;4.42;348;1;93.00;18
48;1;627040963;48;131;397;415;8.81;0.54;54.75;4.41;349;1;94.00;18
49;1;627040968;49;131;398;415;8.84;0.54;55.57;4.41;349;1;95.00;17
51;1;627040971;51;132;408;428;8.78;0.53;55.75;4.30;357;1;96.00;20
54;1;627040977;54;133;409;428;8.78;0.53;58.04;4.29;355;1;97.00;19
55;1;627040981;55;135;409;428;8.82;0.54;58.76;4.29;354;1;98.00;19
56;1;627040985;56;133;410;429;8.92;0.54;59.48;4.28;354;1;99.00;19
58;1;627040990;58;131;410;429;8.90;0.54;60.83;4.28;352;1;100.00;19
58;1;627040999;58;129;412;433;9.02;0.55;60.83;4.27;354;1;101.00;21
61;1;627041004;61;125;412;433;9.09;0.55;62.39;4.27;351;1;102.00;21
62;1;627041009;62;122;417;437;9.16;0.56;62.90;4.23;355;1;103.00;20
63;1;627041014;63;112;419;437;9.29;0.56;63.54;4.37;356;1;104.00;18
64;1;627041020;64;106;419;437;9.46;0.57;64.16;4.37;355;1;105.00;18
64;1;627041025;64;102;419;437;9.55;0.58;64.16;4.37;355;1;106.00;18
64;1;627041029;64;95;419;437;9.62;0.59;64.16;4.37;355;1;107.00;18
65;1;627041034;65;91;429;449;9.77;0.60;64.80;4.26;364;1;108.00;20
66;1;627041041;66;86;430;449;9.94;0.61;65.47;4.26;364;1;109.00;19
66;1;627041045;66;79;431;449;10.19;0.62;65.47;4.25;365;1;110.00;18
66;1;627041051;66;75;431;449;10.31;0.63;65.47;4.25;365;1;111.00;18
66;1;627041061;66;77;431;449;10.46;0.64;65.47;4.25;365;1;112.00;18
66;1;627041066;66;70;431;449;10.66;0.66;65.47;4.25;365;1;113.00;18
68;1;627041072;68;71;432;450;10.83;0.66;66.19;4.24;364;1;114.00;18
69;1;627041083;69;68;432;450;11.06;0.68;66.90;4.24;363;1;115.00;18
69;1;627041089;69;69;437;456;11.30;0.69;66.90;4.47;368;1;116.00;19
69;1;627041096;69;71;439;457;11.47;0.70;66.90;4.45;370;1;117.00;18
70;1;627041101;70;69;440;457;11.62;0.71;67.33;4.55;370;1;118.00;17
73;1;627041108;73;71;442;457;11.62;0.71;69.03;4.90;369;1;119.00;15
74;1;627041116;74;74;447;462;11.81;0.72;69.70;4.96;373;1;120.00;15
75;2;627041129;75;75;448;462;11.96;0.73;70.35;5.05;373;2;121.00;14
76;2;627041146;76;74;450;462;12.00;0.73;71.01;5.41;374;2;122.00;12
77;2;627041153;77;74;452;463;12.12;0.74;71.22;5.47;375;2;123.00;11
78;2;627041159;78;75;457;467;11.99;0.73;71.90;5.69;379;2;124.00;10
80;2;627041166;80;77;458;467;11.99;0.73;73.20;5.74;378;2;125.00;9
81;2;627041172;81;80;462;470;12.00;0.73;73.85;5.98;381;2;126.00;8
82;2;627041179;82;83;464;470;12.03;0.73;74.46;6.13;382;2;127.00;6
82;2;627041186;82;86;464;470;12.11;0.73;74.46;6.13;382;2;128.00;6
82;2;627041192;82;87;464;470;12.18;0.74;74.46;6.13;382;2;129.00;6
85;2;627041199;85;89;468;474;12.17;0.74;76.21;6.26;383;2;130.00;6
86;2;627041206;86;89;468;474;12.24;0.75;76.85;6.26;382;2;131.00;6
87;2;627041212;87;89;470;474;12.29;0.75;77.46;6.37;383;2;132.00;4
89;2;627041219;89;89;470;474;12.26;0.75;78.55;6.37;381;2;133.00;4
90;2;627041226;90;90;472;475;12.23;0.75;77.97;6.47;382;2;134.00;3
91;2;627041232;91;92;475;477;12.17;0.74;78.59;6.51;384;2;135.00;2
92;2;627041239;92;95;475;477;12.18;0.75;78.43;6.51;383;2;136.00;2
95;2;627041246;95;97;476;478;12.18;0.74;80.14;6.50;381;2;137.00;2
98;2;627041254;98;97;477;478;12.12;0.74;81.51;6.58;379;2;138.00;1
99;2;627041260;99;99;477;478;12.04;0.74;81.36;6.58;378;2;139.00;1
101;2;627041269;101;100;477;478;11.80;0.72;82.50;6.58;376;2;140.00;1
102;2;627041276;102;100;478;478;11.55;0.71;82.37;6.61;376;2;141.00;0
103;2;627041284;103;103;478;478;11.37;0.70;82.82;6.61;375;2;142.00;0
103;2;627041291;103;105;478;478;11.30;0.70;82.82;6.61;375;2;143.00;0
107;2;627041298;107;127;554;605;10.83;0.68;84.00;5.71;447;2;144.00;51
110;2;627041339;110;125;559;606;10.83;0.68;84.77;5.66;449;2;145.00;47
110;2;627041350;110;123;570;606;10.84;0.68;84.77;5.59;460;2;146.00;36
113;2;627041359;113;125;571;606;10.83;0.68;86.03;5.59;458;2;147.00;35
115;2;627041377;115;126;574;606;10.83;0.68;86.29;5.58;459;2;148.00;32
116;2;627041388;116;124;577;606;10.78;0.68;86.52;5.58;461;2;149.00;29
117;2;627041400;117;122;581;611;10.77;0.67;87.06;5.58;464;2;150.00;30
118;2;627041421;118;121;583;611;10.76;0.67;87.60;5.58;465;2;151.00;28
119;2;627041431;119;122;587;612;10.81;0.67;88.05;5.60;468;2;152.00;25
120;2;627041441;120;119;589;613;10.88;0.68;88.56;5.61;469;2;153.00;24
120;2;627041451;120;123;593;613;10.96;0.68;88.56;5.64;473;2;154.00;20
123;2;627041460;123;125;595;614;10.83;0.67;88.87;5.64;472;2;155.00;19
125;2;627041468;125;127;599;614;10.81;0.67;89.81;5.69;474;2;156.00;15
126;2;627041475;126;132;602;614;10.68;0.66;89.20;5.70;476;2;157.00;12
128;2;627041488;128;137;603;614;10.54;0.66;90.08;5.71;475;2;158.00;11
129;2;627041495;129;143;606;618;10.47;0.65;89.50;5.71;477;2;159.00;12
131;2;627041502;131;151;608;618;10.39;0.65;90.57;5.75;477;2;160.00;10
133;2;627041509;133;151;608;618;10.30;0.64;90.19;5.75;475;2;161.00;10
135;2;627041522;135;154;611;621;10.27;0.64;91.10;5.76;476;2;162.00;10
137;2;627041529;137;155;613;621;10.13;0.63;92.00;5.77;476;2;163.00;8
139;2;627041536;139;154;614;621;10.09;0.62;92.88;5.78;475;2;164.00;7
142;2;627041542;142;154;617;625;9.99;0.62;93.99;5.76;475;2;165.00;8
142;2;627041550;142;156;618;626;9.98;0.62;93.99;5.75;476;2;166.00;8
146;2;627041556;146;153;618;626;9.87;0.61;94.83;5.75;472;2;167.00;8
148;2;627041563;148;154;624;630;9.63;0.60;95.66;5.74;476;2;168.00;6
149;2;627041574;149;155;624;630;9.48;0.59;95.66;5.74;475;2;169.00;6
150;2;627041581;150;146;625;630;9.35;0.58;95.65;5.76;475;2;170.00;5
152;2;627041588;152;138;626;631;9.23;0.57;96.27;5.75;474;2;171.00;5
156;2;627041595;156;130;628;631;9.16;0.56;96.74;5.80;472;2;172.00;3
157;2;627041601;157;129;633;637;9.23;0.57;97.06;5.79;476;2;173.00;4
159;2;627041608;159;127;634;637;9.24;0.57;97.64;5.80;475;2;174.00;3
160;2;627041616;160;126;635;638;9.31;0.57;98.13;5.79;475;2;175.00;3
161;2;627041626;161;127;637;638;9.32;0.57;98.59;5.82;476;2;176.00;1
162;2;627041637;162;122;638;638;9.49;0.58;98.29;5.82;476;2;177.00;0
162;2;627041645;162;122;638;638;9.69;0.59;98.29;5.82;476;2;178.00;0
162;2;627041653;162;119;638;638;9.90;0.61;98.29;5.82;476;2;179.00;0
162;2;627041663;162;120;668;672;9.96;0.62;98.29;5.56;506;2;180.00;4
162;2;627041674;162;115;669;672;10.07;0.62;98.29;5.55;507;2;181.00;3
163;2;627041685;163;117;672;672;10.17;0.63;98.80;5.53;509;2;182.00;0
165;2;627041693;165;117;672;672;10.25;0.64;98.86;5.53;507;2;183.00;0
167;2;627041700;167;122;672;672;10.26;0.63;99.85;5.53;505;2;184.00;0
168;2;627041707;168;130;672;672;10.28;0.63;100.07;5.53;504;2;185.00;0
169;2;627041714;169;133;676;676;10.23;0.63;100.50;5.51;507;2;186.00;0
171;2;627041721;171;137;676;676;10.11;0.63;100.67;5.51;505;2;187.00;0
171;2;627041728;171;145;679;680;10.12;0.63;100.67;5.49;508;2;188.00;1
174;2;627041735;174;148;680;681;10.04;0.62;100.43;5.48;506;2;189.00;1
177;2;627041742;177;159;681;681;9.92;0.61;101.13;5.47;504;2;190.00;0
179;2;627041749;179;163;681;681;9.75;0.60;101.69;5.47;502;2;191.00;0
180;2;627041769;180;161;694;694;9.64;0.60;101.39;5.37;514;2;192.00;0
182;2;627041785;182;172;694;694;9.46;0.59;100.92;5.37;512;2;193.00;0
186;2;627041792;186;177;694;694;9.29;0.58;101.70;5.37;508;2;194.00;0
193;2;627041799;193;179;695;695;9.22;0.57;101.43;5.37;502;2;195.00;0
195;2;627041807;195;186;696;696;9.13;0.56;101.13;5.36;501;2;196.00;0
201;2;627041814;201;193;696;696;8.98;0.55;102.39;5.36;495;2;197.00;0
203;2;627041821;203;198;698;699;8.93;0.55;102.27;5.34;495;2;198.00;1
207;2;627041828;207;201;699;699;8.88;0.54;103.31;5.34;492;2;199.00;0
208;2;627041836;208;198;699;699;8.76;0.54;103.09;5.34;491;2;200.00;0
209;2;627041848;209;199;699;699;8.65;0.53;103.37;5.34;490;2;201.00;0
210;2;627041854;210;203;704;705;8.55;0.52;103.04;5.31;494;2;202.00;1
214;2;627041861;214;208;704;705;8.36;0.51;104.51;5.31;490;2;203.00;1
215;2;627041867;215;214;705;705;8.26;0.51;104.18;5.30;490;2;204.00;0
215;2;627041874;215;213;705;705;8.27;0.51;104.18;5.30;490;2;205.00;0
215;2;627041881;215;214;709;709;8.26;0.51;104.18;5.28;494;2;206.00;0
215;2;627041887;215;222;710;710;8.20;0.50;104.18;5.27;495;2;207.00;0
216;2;627041893;216;225;710;710;8.04;0.49;103.99;5.27;494;2;208.00;0
217;2;627041900;217;234;711;711;7.95;0.49;104.11;5.27;494;2;209.00;0
219;2;627041908;219;243;711;711;7.81;0.48;104.30;5.27;492;2;210.00;0
220;2;627041914;220;244;711;711;7.75;0.48;104.13;5.27;491;2;211.00;0
220;2;627041921;220;246;711;711;7.74;0.48;104.13;5.27;491;2;212.00;0
226;2;627041933;226;249;711;711;7.62;0.47;103.90;5.27;485;2;213.00;0
228;2;627041939;228;252;711;711;7.57;0.47;104.10;5.27;483;2;214.00;0
231;2;627041945;231;254;711;711;7.48;0.46;104.55;5.27;480;2;215.00;0
231;2;627041952;231;269;753;781;7.58;0.47;104.55;4.97;522;2;216.00;28
231;2;627041965;231;254;755;782;7.55;0.47;104.55;4.96;524;2;217.00;27
231;2;627041972;231;246;763;782;7.77;0.48;104.55;4.93;532;2;218.00;19
232;2;627041979;232;225;765;782;7.89;0.49;104.41;4.93;533;2;219.00;17
233;2;627041987;233;211;768;782;8.14;0.50;104.64;4.92;535;2;220.00;14
233;2;627041994;233;204;771;782;8.43;0.52;104.64;4.92;538;2;221.00;11
235;2;627042001;235;200;774;782;8.53;0.52;105.28;4.93;539;2;222.00;8
236;2;627042014;236;195;776;782;8.67;0.53;105.62;4.93;540;2;223.00;6
238;2;627042022;238;190;779;783;8.76;0.54;106.00;4.94;541;2;224.00;4
238;2;627042029;238;185;782;785;8.80;0.54;106.00;4.94;544;2;225.00;3
241;2;627042043;241;169;784;785;8.86;0.54;107.03;4.95;543;2;226.00;1
244;2;627042051;244;157;789;789;8.92;0.55;108.31;4.93;545;2;227.00;0
247;2;627042059;247;148;789;789;9.07;0.55;108.23;4.93;542;2;228.00;0
247;3;627042067;247;142;789;789;9.22;0.56;108.23;4.93;542;3;229.00;0
249;3;627042086;249;132;789;789;9.33;0.57;109.12;4.93;540;3;230.00;0
251;4;627042095;251;124;794;795;9.43;0.58;109.38;4.90;543;4;231.00;1
252;4;627042118;252;122;794;795;9.61;0.59;109.85;4.90;542;4;232.00;1
252;4;627042126;252;121;795;795;9.77;0.60;109.85;4.90;543;4;233.00;0
253;4;627042141;253;119;797;798;9.95;0.61;109.77;4.89;544;4;234.00;1
254;4;627042149;254;118;798;798;10.05;0.62;110.24;4.88;544;4;235.00;0
256;4;627042157;256;115;798;798;10.11;0.62;110.29;4.88;542;4;236.00;0
261;4;627042165;261;110;799;799;10.11;0.62;112.60;4.88;538;4;237.00;0
262;4;627042173;262;104;800;800;10.17;0.62;112.45;4.87;538;4;238.00;0
263;5;627042182;263;98;800;800;10.20;0.62;112.65;4.87;537;5;239.00;0
264;5;627042203;264;98;824;826;10.12;0.62;113.08;4.73;560;5;240.00;2
265;5;627042215;265;95;825;826;10.23;0.62;113.40;4.73;560;5;241.00;1
265;6;627042224;265;93;826;826;10.34;0.63;113.40;4.72;561;6;242.00;0
269;6;627042246;269;96;827;827;10.45;0.64;113.86;4.72;558;6;243.00;0
271;6;627042255;271;97;827;827;10.56;0.65;114.29;4.72;556;6;244.00;0
272;6;627042269;272;104;830;831;10.64;0.65;114.75;4.70;558;6;245.00;1
276;6;627042280;276;107;830;831;10.57;0.65;116.03;4.70;554;6;246.00;1
279;6;627042288;279;110;835;835;10.47;0.64;116.62;4.69;556;6;247.00;0
281;6;627042296;281;116;835;835;10.45;0.64;116.86;4.69;554;6;248.00;0
284;7;627042304;284;120;835;835;10.45;0.64;117.32;4.69;551;7;249.00;0
285;7;627042338;285;122;835;835;10.54;0.64;117.28;4.69;550;7;250.00;0
286;7;627042346;286;126;835;835;10.48;0.64;117.46;4.69;549;7;251.00;0
286;7;627042354;286;132;845;847;10.47;0.64;117.46;4.63;559;7;252.00;2
288;7;627042361;288;139;845;847;10.41;0.64;118.00;4.63;557;7;253.00;2
289;7;627042369;289;141;847;847;10.43;0.64;118.45;4.62;558;7;254.00;0
291;7;627042376;291;145;847;847;10.46;0.64;118.43;4.62;556;7;255.00;0
295;8;627042383;295;147;847;847;10.48;0.64;119.29;4.62;552;8;256.00;0
297;8;627042398;297;151;847;847;10.41;0.63;119.96;4.62;550;8;257.00;0
299;8;627042410;299;155;848;848;10.33;0.63;120.18;4.62;549;8;258.00;0
301;8;627042417;301;162;848;848;10.31;0.63;120.22;4.62;547;8;259.00;0
303;8;627042429;303;153;853;854;10.27;0.62;120.29;4.60;550;8;260.00;1
304;8;627042438;304;148;854;855;10.28;0.62;120.28;4.59;550;8;261.00;1
309;8;627042448;309;146;855;855;10.22;0.62;120.98;4.59;546;8;262.00;0
309;8;627042455;309;144;855;855;10.28;0.62;120.98;4.59;546;8;263.00;0
311;8;627042462;311;139;859;859;10.32;0.62;120.86;4.57;548;8;264.00;0
312;8;627042469;312;134;859;859;10.36;0.63;121.31;4.57;547;8;265.00;0
313;8;627042476;313;135;859;859;10.40;0.63;121.59;4.57;546;8;266.00;0
318;8;627042482;318;131;860;860;10.49;0.64;122.42;4.57;542;8;267.00;0
319;8;627042489;319;130;864;864;10.48;0.63;122.54;4.55;545;8;268.00;0
320;8;627042496;320;130;864;864;10.63;0.64;123.00;4.55;544;8;269.00;0
326;8;627042504;326;125;867;870;10.68;0.65;124.03;4.53;541;8;270.00;3
328;8;627042512;328;123;867;870;10.75;0.65;124.67;4.53;539;8;271.00;3
333;8;627042519;333;114;868;870;10.87;0.66;124.61;4.53;535;8;272.00;2
336;8;627042526;336;105;868;870;10.98;0.67;124.95;4.53;532;8;273.00;2
339;8;627042534;339;99;871;874;11.13;0.67;125.30;4.52;532;8;274.00;3
341;8;627042541;341;96;871;874;11.20;0.68;125.23;4.52;530;8;275.00;3
342;8;627042548;342;94;872;874;11.37;0.69;125.25;4.52;530;8;276.00;2
345;8;627042555;345;89;872;874;11.43;0.69;125.32;4.52;527;8;277.00;2
346;8;627042562;346;87;874;875;11.51;0.70;125.50;4.52;528;8;278.00;1
346;8;627042570;346;84;875;876;11.62;0.71;125.50;4.51;529;8;279.00;1
348;8;627042576;348;81;876;876;11.62;0.71;125.21;4.52;528;8;280.00;0
350;8;627042584;350;78;877;877;11.64;0.71;125.18;4.51;527;8;281.00;0
352;8;627042591;352;79;877;877;11.66;0.71;125.23;4.51;525;8;282.00;0
355;8;627042599;355;80;877;877;11.67;0.71;125.29;4.51;522;8;283.00;0
356;8;627042607;356;80;877;877;11.68;0.71;125.33;4.51;521;8;284.00;0
356;8;627042614;356;78;877;877;11.71;0.71;125.33;4.51;521;8;285.00;0
358;8;627042621;358;76;877;877;11.77;0.71;125.82;4.51;519;8;286.00;0
359;8;627042629;359;78;877;877;11.74;0.71;126.26;4.51;518;8;287.00;0
360;8;627042636;360;98;948;1004;11.36;0.70;126.31;4.18;588;8;288.00;56
361;8;627042654;361;88;950;1005;11.36;0.70;126.36;4.17;589;8;289.00;55
361;8;627042662;361;83;957;1005;11.51;0.71;126.36;4.16;596;8;290.00;48
362;8;627042670;362;89;960;1005;11.52;0.71;126.55;4.15;598;8;291.00;45
365;8;627042678;365;90;966;1005;11.65;0.72;127.30;4.15;601;8;292.00;39
366;8;627042687;366;89;970;1005;11.73;0.72;127.10;4.15;604;8;293.00;35
368;8;627042695;368;90;975;1005;11.78;0.72;127.32;4.16;607;8;294.00;30
370;8;627042703;370;89;978;1005;11.88;0.73;127.64;4.17;608;8;295.00;27
371;8;627042712;371;87;982;1006;12.08;0.74;127.32;4.19;611;8;296.00;24
375;8;627042721;375;87;984;1007;12.14;0.74;127.47;4.20;609;8;297.00;23
376;8;627042730;376;89;988;1007;12.32;0.75;127.59;4.22;612;8;298.00;19
379;8;627042739;379;90;992;1008;12.35;0.76;128.65;4.24;613;8;299.00;16
381;8;627042751;381;94;996;1014;12.24;0.75;128.73;4.27;615;8;300.00;18
383;8;627042765;383;98;998;1014;12.18;0.75;129.30;4.28;615;8;301.00;16
386;8;627042775;386;105;1001;1014;12.02;0.74;130.33;4.31;615;8;302.00;13
388;8;627042784;388;108;1004;1018;11.89;0.73;130.68;4.30;616;8;303.00;14
389;8;627042794;389;116;1007;1018;11.80;0.72;130.57;4.33;618;8;304.00;11
391;8;627042803;391;123;1007;1018;11.77;0.72;131.25;4.33;616;8;305.00;11
392;8;627042813;392;127;1010;1021;11.70;0.72;131.20;4.33;618;8;306.00;11
393;8;627042822;393;133;1012;1021;11.61;0.71;131.10;4.34;619;8;307.00;9
394;8;627042831;394;136;1012;1021;11.56;0.71;131.25;4.34;618;8;308.00;9
397;8;627042840;397;144;1015;1025;11.44;0.70;131.50;4.33;618;8;309.00;10
397;8;627042854;397;148;1016;1026;11.39;0.70;131.50;4.32;619;8;310.00;10
400;8;627042863;400;152;1016;1026;11.27;0.69;131.78;4.32;616;8;311.00;10
401;8;627042871;401;161;1022;1030;11.16;0.69;131.87;4.32;621;8;312.00;8
404;8;627042880;404;163;1022;1030;11.03;0.68;132.19;4.32;618;8;313.00;8
405;8;627042888;405;164;1022;1030;10.93;0.67;132.17;4.32;617;8;314.00;8
407;8;627042896;407;166;1024;1032;10.78;0.67;132.74;4.31;617;8;315.00;8
410;8;627042904;410;170;1024;1032;10.58;0.65;133.05;4.31;614;8;316.00;8
411;8;627042918;411;171;1029;1038;10.47;0.65;133.06;4.31;618;8;317.00;9
413;8;627042927;413;174;1029;1038;10.31;0.64;133.26;4.31;616;8;318.00;9
416;8;627042935;416;175;1030;1039;10.21;0.63;133.75;4.31;614;8;319.00;9
418;8;627042943;418;175;1033;1039;10.15;0.63;134.26;4.36;615;8;320.00;6
424;8;627042951;424;179;1036;1039;10.04;0.62;134.99;4.38;612;8;321.00;3
428;8;627042959;428;185;1036;1039;9.94;0.61;135.06;4.38;608;8;322.00;3
433;8;627042973;433;191;1038;1039;9.81;0.60;135.75;4.42;605;8;323.00;1
434;8;627042981;434;195;1050;1051;9.79;0.60;135.79;4.36;616;8;324.00;1
435;8;627042990;435;191;1051;1051;9.79;0.60;135.90;4.40;616;8;325.00;0
439;8;627042998;439;192;1051;1051;9.79;0.60;135.98;4.40;612;8;326.00;0
440;8;627043005;440;194;1051;1051;9.83;0.60;136.40;4.40;611;8;327.00;0
442;8;627043013;442;194;1051;1051;9.86;0.60;136.51;4.40;609;8;328.00;0
442;8;627043020;442;198;1051;1051;9.85;0.60;136.51;4.40;609;8;329.00;0
443;8;627043028;443;206;1055;1055;9.76;0.60;136.91;4.38;612;8;330.00;0
445;8;627043036;445;204;1055;1055;9.70;0.59;136.82;4.38;610;8;331.00;0
446;8;627043043;446;208;1058;1059;9.71;0.59;136.83;4.37;612;8;332.00;1
450;8;627043050;450;212;1060;1060;9.59;0.59;137.57;4.37;610;8;333.00;0
454;8;627043057;454;215;1060;1060;9.51;0.58;138.62;4.37;606;8;334.00;0
458;8;627043064;458;213;1060;1060;9.41;0.57;139.00;4.37;602;8;335.00;0
460;8;627043071;460;221;1073;1073;9.23;0.56;139.37;4.31;613;8;336.00;0
463;8;627043079;463;219;1073;1073;9.07;0.56;140.37;4.31;610;8;337.00;0
465;8;627043086;465;228;1073;1073;8.88;0.54;140.75;4.31;608;8;338.00;0
471;8;627043093;471;233;1074;1074;8.60;0.53;141.80;4.31;603;8;339.00;0
474;8;627043099;474;222;1075;1075;8.37;0.51;142.59;4.31;601;8;340.00;0
476;8;627043106;476;220;1075;1075;8.22;0.50;142.70;4.31;599;8;341.00;0
479;8;627043112;479;222;1077;1078;8.13;0.50;143.95;4.30;598;8;342.00;1
484;8;627043118;484;221;1077;1078;8.06;0.49;145.21;4.30;593;8;343.00;1
489;8;627043125;489;225;1078;1078;8.09;0.50;145.67;4.30;589;8;344.00;0
492;8;627043131;492;221;1078;1078;8.09;0.50;145.87;4.30;586;8;345.00;0
493;8;627043138;493;223;1083;1084;8.16;0.50;145.79;4.28;590;8;346.00;1
497;8;627043145;497;215;1083;1084;8.12;0.50;145.74;4.28;586;8;347.00;1
497;8;627043151;497;217;1084;1084;8.21;0.51;145.74;4.28;587;8;348.00;0
498;8;627043158;498;215;1084;1084;8.17;0.50;146.14;4.28;586;8;349.00;0
499;8;627043165;499;213;1088;1088;8.19;0.50;146.25;4.27;589;8;350.00;0
506;8;627043172;506;215;1089;1089;8.11;0.50;147.11;4.27;583;8;351.00;0
509;8;627043180;509;215;1089;1089;8.07;0.50;147.11;4.27;580;8;352.00;0
513;8;627043186;513;219;1090;1090;8.05;0.50;147.04;4.26;577;8;353.00;0
516;8;627043193;516;219;1090;1090;8.05;0.50;146.93;4.26;574;8;354.00;0
519;8;627043200;519;219;1090;1090;7.99;0.49;147.47;4.26;571;8;355.00;0
526;8;627043207;526;219;1090;1090;7.90;0.48;147.39;4.26;564;8;356.00;0
528;9;627043220;528;221;1090;1090;7.93;0.49;147.36;4.26;562;9;357.00;0
530;9;627043237;530;224;1090;1090;7.85;0.48;147.74;4.26;560;9;358.00;0
532;9;627043244;532;225;1090;1090;7.79;0.48;147.73;4.26;558;9;359.00;0
534;9;627043253;534;245;1157;1215;7.99;0.50;148.05;4.02;623;9;360.00;58
538;9;627043270;538;244;1164;1216;7.98;0.50;147.93;4.00;626;9;361.00;52
539;10;627043278;539;229;1175;1216;8.07;0.50;148.03;3.98;636;10;362.00;41
542;10;627043301;542;230;1183;1216;8.08;0.50;148.01;3.97;641;10;363.00;33
543;10;627043309;543;234;1185;1216;8.02;0.50;148.40;3.97;642;10;364.00;31
544;10;627043316;544;237;1188;1216;7.94;0.49;148.18;3.97;644;10;365.00;28
545;10;627043328;545;238;1191;1216;7.87;0.49;148.15;3.98;646;10;366.00;25
550;10;627043339;550;244;1193;1216;7.76;0.48;148.26;3.98;643;10;367.00;23
551;10;627043352;551;250;1196;1217;7.67;0.48;148.33;3.99;645;10;368.00;21
553;10;627043364;553;255;1199;1218;7.62;0.47;148.44;4.00;646;10;369.00;19
555;10;627043377;555;262;1202;1218;7.52;0.47;148.46;4.01;647;10;370.00;16
556;10;627043389;556;254;1206;1222;7.57;0.47;148.54;4.00;650;10;371.00;16
557;10;627043402;557;255;1212;1222;7.63;0.47;148.36;4.04;655;10;372.00;10
560;10;627043415;560;247;1213;1222;7.65;0.47;148.25;4.05;653;10;373.00;9
562;10;627043428;562;242;1218;1222;7.68;0.47;148.46;4.09;656;10;374.00;4
566;10;627043440;566;242;1224;1228;7.69;0.47;148.57;4.09;658;10;375.00;4
567;10;627043451;567;238;1225;1228;7.84;0.48;148.83;4.10;658;10;376.00;3
570;10;627043461;570;232;1226;1228;7.96;0.49;148.95;4.10;656;10;377.00;2
572;10;627043471;572;228;1230;1231;8.06;0.49;149.40;4.09;658;10;378.00;1
573;11;627043487;573;223;1231;1231;8.20;0.50;149.21;4.11;658;11;379.00;0
574;11;627043516;574;224;1231;1231;8.38;0.51;149.26;4.11;657;11;380.00;0
576;12;627043526;576;224;1232;1232;8.54;0.52;149.39;4.10;656;12;381.00;0
577;12;627043548;577;224;1233;1233;8.71;0.53;149.17;4.10;656;12;382.00;0
580;12;627043558;580;223;1233;1233;8.84;0.54;149.13;4.10;653;12;383.00;0
581;12;627043574;581;226;1246;1246;8.96;0.55;149.04;4.06;665;12;384.00;0
582;12;627043584;582;223;1246;1246;8.95;0.55;149.09;4.06;664;12;385.00;0
583;12;627043594;583;226;1246;1246;8.95;0.55;148.88;4.06;663;12;386.00;0
583;12;627043610;583;213;1247;1247;8.96;0.55;148.88;4.05;664;12;387.00;0
586;13;627043620;586;210;1247;1247;8.97;0.55;148.80;4.05;661;13;388.00;0
587;13;627043639;587;205;1250;1251;9.10;0.56;148.95;4.05;663;13;389.00;1
591;13;627043657;591;202;1250;1251;9.08;0.55;148.97;4.05;659;13;390.00;1
591;13;627043668;591;205;1255;1255;9.18;0.56;148.97;4.04;664;13;391.00;0
594;13;627043678;594;206;1255;1255;9.26;0.57;149.46;4.04;661;13;392.00;0
595;13;627043689;595;204;1255;1255;9.38;0.57;149.73;4.04;660;13;393.00;0
596;13;627043699;596;205;1255;1255;9.46;0.58;149.84;4.04;659;13;394.00;0
599;13;627043709;599;204;1255;1255;9.45;0.58;150.03;4.04;656;13;395.00;0
602;13;627043720;602;195;1265;1267;9.44;0.58;150.60;4.00;663;13;396.00;2
603;13;627043731;603;180;1265;1267;9.44;0.58;150.64;4.00;662;13;397.00;2
610;13;627043742;610;170;1267;1267;9.46;0.58;151.62;4.00;657;13;398.00;0
611;13;627043752;611;161;1267;1267;9.53;0.58;151.64;4.00;656;13;399.00;0
614;13;627043763;614;157;1267;1267;9.58;0.58;152.08;4.00;653;13;400.00;0
617;13;627043778;617;152;1267;1267;9.61;0.59;152.51;4.00;650;13;401.00;0
621;13;627043790;621;151;1268;1268;9.66;0.59;153.30;4.00;647;13;402.00;0
626;13;627043800;626;152;1268;1268;9.68;0.59;153.88;4.00;642;13;403.00;0
627;13;627043811;627;156;1273;1274;9.73;0.59;153.78;3.99;646;13;404.00;1
629;13;627043821;629;160;1276;1276;9.82;0.60;154.48;3.98;647;13;405.00;0
632;13;627043832;632;163;1276;1276;9.79;0.60;154.96;3.98;644;13;406.00;0
636;13;627043851;636;155;1276;1276;9.79;0.60;155.74;3.98;640;13;407.00;0
639;13;627043862;639;158;1280;1280;9.86;0.60;156.10;3.97;641;13;408.00;0
642;13;627043879;642;155;1280;1280;9.88;0.60;156.33;3.97;638;13;409.00;0
645;13;627043888;645;155;1280;1280;9.97;0.61;156.49;3.97;635;13;410.00;0
648;13;627043899;648;152;1281;1281;10.12;0.62;157.28;3.96;633;13;411.00;0
649;13;627043909;649;151;1284;1285;10.18;0.62;157.39;3.96;635;13;412.00;1
654;13;627043919;654;149;1285;1285;10.24;0.63;158.00;3.96;631;13;413.00;0
656;13;627043928;656;151;1287;1288;10.30;0.63;158.23;3.95;631;13;414.00;1
659;13;627043938;659;153;1287;1288;10.36;0.63;158.54;3.95;628;13;415.00;1
662;13;627043947;662;150;1288;1288;10.42;0.64;159.54;3.95;626;13;416.00;0
663;13;627043963;663;151;1288;1288;10.47;0.64;159.71;3.95;625;13;417.00;0
667;13;627043972;667;151;1291;1292;10.51;0.64;160.28;3.94;624;13;418.00;1
669;13;627043982;669;154;1291;1292;10.48;0.64;160.88;3.94;622;13;419.00;1
670;13;627043993;670;156;1292;1292;10.50;0.64;161.05;3.94;622;13;420.00;0
673;13;627044002;673;158;1292;1292;10.45;0.64;161.08;3.94;619;13;421.00;0
676;14;627044012;676;162;1293;1293;10.45;0.64;161.81;3.94;617;14;422.00;0
677;15;627044041;677;166;1294;1294;10.40;0.64;161.84;3.94;617;15;423.00;0
683;15;627044058;683;165;1294;1294;10.37;0.63;162.33;3.94;611;15;424.00;0
684;15;627044072;684;168;1295;1295;10.35;0.63;162.45;3.93;611;15;425.00;0
686;15;627044081;686;170;1295;1295;10.40;0.63;162.42;3.93;609;15;426.00;0
687;15;627044089;687;172;1295;1295;10.42;0.64;162.54;3.93;608;15;427.00;0
688;15;627044098;688;170;1295;1295;10.36;0.63;162.84;3.93;607;15;428.00;0
690;15;627044106;690;170;1295;1295;10.34;0.63;163.53;3.93;605;15;429.00;0
691;15;627044114;691;160;1295;1295;10.40;0.64;163.70;3.93;604;15;430.00;0
692;15;627044123;692;151;1295;1295;10.43;0.64;164.08;3.93;603;15;431.00;0
697;15;627044131;697;187;1375;1422;9.90;0.61;164.34;3.71;678;15;432.00;47
698;15;627044151;698;165;1376;1423;10.01;0.62;164.52;3.70;678;15;433.00;47
700;15;627044161;700;150;1381;1423;10.22;0.63;164.47;3.70;681;15;434.00;42
702;15;627044170;702;148;1382;1423;10.35;0.64;164.66;3.70;680;15;435.00;41
706;15;627044179;706;146;1385;1423;10.45;0.65;165.01;3.70;679;15;436.00;38
712;15;627044188;712;145;1387;1423;10.45;0.64;165.01;3.70;675;15;437.00;36
713;16;627044196;713;147;1390;1423;10.52;0.65;165.24;3.71;677;16;438.00;33
718;16;627044214;718;143;1392;1423;10.66;0.65;165.83;3.71;674;16;439.00;31
719;16;627044234;719;144;1396;1424;10.72;0.66;166.17;3.72;677;16;440.00;28
722;16;627044257;722;145;1397;1425;10.69;0.65;166.40;3.73;675;16;441.00;28
725;16;627044266;725;138;1403;1425;10.70;0.65;166.32;3.75;678;16;442.00;22
727;16;627044275;727;135;1404;1426;10.70;0.65;166.44;3.76;677;16;443.00;22
731;16;627044285;731;130;1409;1426;10.67;0.65;166.85;3.79;678;16;444.00;17
735;16;627044296;735;129;1414;1426;10.60;0.65;167.17;3.81;679;16;445.00;12
738;16;627044307;738;123;1418;1426;10.58;0.65;167.55;3.84;680;16;446.00;8
738;16;627044318;738;119;1420;1430;10.56;0.64;167.55;3.84;682;16;447.00;10
740;16;627044331;740;120;1422;1430;10.66;0.65;167.71;3.86;682;16;448.00;8
742;16;627044341;742;118;1423;1430;10.65;0.65;167.85;3.86;681;16;449.00;7
744;16;627044352;744;116;1427;1436;10.69;0.65;167.99;3.85;683;16;450.00;9
745;16;627044364;745;116;1427;1436;10.69;0.65;168.08;3.85;682;16;451.00;9
748;16;627044373;748;115;1428;1436;10.72;0.65;168.16;3.86;680;16;452.00;8
749;16;627044383;749;114;1432;1440;10.68;0.65;168.25;3.85;683;16;453.00;8
752;16;627044393;752;113;1433;1441;10.72;0.65;168.39;3.85;681;16;454.00;8
756;16;627044403;756;112;1434;1441;10.78;0.66;168.22;3.85;678;16;455.00;7
759;16;627044413;759;114;1436;1445;10.82;0.66;168.33;3.84;677;16;456.00;9
763;16;627044423;763;118;1438;1445;10.76;0.65;167.91;3.86;675;16;457.00;7
764;16;627044432;764;117;1438;1445;10.78;0.65;168.01;3.86;674;16;458.00;7
764;16;627044441;764;121;1439;1446;10.91;0.66;168.01;3.86;675;16;459.00;7
766;16;627044451;766;124;1440;1446;10.96;0.67;168.08;3.87;674;16;460.00;6
766;16;627044461;766;125;1445;1452;11.03;0.67;168.08;3.87;679;16;461.00;7
769;16;627044471;769;129;1447;1452;10.98;0.67;168.14;3.89;678;16;462.00;5
769;16;627044481;769;130;1447;1453;10.95;0.67;168.14;3.89;678;16;463.00;6
775;16;627044490;775;129;1448;1453;10.91;0.66;168.06;3.91;673;16;464.00;5
777;16;627044500;777;125;1448;1453;10.90;0.66;167.99;3.91;671;16;465.00;5
779;16;627044515;779;123;1449;1453;10.90;0.66;168.10;3.91;670;16;466.00;4
780;16;627044524;780;123;1449;1453;10.93;0.66;168.11;3.91;669;16;467.00;4
781;16;627044534;781;130;1459;1465;11.00;0.67;168.03;3.89;678;16;468.00;6
783;16;627044544;783;132;1459;1465;11.07;0.68;168.23;3.89;676;16;469.00;6
783;16;627044553;783;131;1461;1465;11.14;0.68;168.23;3.90;678;16;470.00;4
784;16;627044562;784;137;1462;1465;11.21;0.68;168.15;3.90;678;16;471.00;3
789;16;627044571;789;142;1463;1465;11.21;0.68;168.27;3.91;674;16;472.00;2
790;16;627044582;790;145;1463;1465;11.17;0.68;168.20;3.91;673;16;473.00;2
793;16;627044597;793;149;1468;1469;11.07;0.68;168.24;3.91;675;16;474.00;1
797;16;627044607;797;154;1468;1469;11.06;0.67;168.27;3.91;671;16;475.00;1
800;16;627044617;800;157;1472;1473;11.06;0.67;168.16;3.90;672;16;476.00;1
803;16;627044633;803;159;1474;1474;11.02;0.67;168.54;3.90;671;16;477.00;0
805;16;627044649;805;165;1474;1474;10.97;0.67;168.62;3.90;669;16;478.00;0
806;16;627044658;806;165;1474;1474;10.95;0.67;168.47;3.90;668;16;479.00;0
806;16;627044669;806;168;1493;1500;10.91;0.67;168.47;3.85;687;16;480.00;7
812;16;627044680;812;171;1493;1500;10.83;0.66;168.30;3.85;681;16;481.00;7
814;16;627044690;814;174;1496;1500;10.83;0.66;168.40;3.85;682;16;482.00;4
816;16;627044698;816;182;1498;1501;10.79;0.66;168.37;3.84;682;16;483.00;3
818;16;627044707;818;187;1501;1502;10.66;0.65;168.43;3.84;683;16;484.00;1
819;16;627044717;819;192;1502;1502;10.53;0.65;168.38;3.84;683;16;485.00;0
820;16;627044726;820;198;1504;1505;10.41;0.64;168.33;3.84;684;16;486.00;1
820;16;627044735;820;202;1504;1505;10.29;0.63;168.33;3.84;684;16;487.00;1
822;16;627044744;822;208;1505;1505;10.15;0.63;168.21;3.84;683;16;488.00;0
826;16;627044753;826;211;1505;1505;10.12;0.62;167.96;3.84;679;16;489.00;0
827;16;627044761;827;211;1510;1511;10.08;0.62;167.82;3.83;683;16;490.00;1
829;16;627044770;829;211;1510;1511;9.99;0.62;167.70;3.83;681;16;491.00;1
829;16;627044779;829;211;1511;1511;9.94;0.61;167.70;3.83;682;16;492.00;0
831;16;627044787;831;215;1511;1511;9.92;0.61;167.83;3.83;680;16;493.00;0
833;16;627044801;833;217;1515;1515;9.86;0.61;167.99;3.82;682;16;494.00;0
836;16;627044815;836;215;1517;1517;9.77;0.60;167.90;3.81;681;16;495.00;0
838;16;627044824;838;220;1517;1517;9.75;0.60;167.74;3.81;679;16;496.00;0
840;16;627044833;840;224;1518;1518;9.72;0.60;167.63;3.81;678;16;497.00;0
844;16;627044841;844;228;1518;1518;9.72;0.60;167.41;3.81;674;16;498.00;0
846;16;627044849;846;226;1518;1518;9.71;0.60;167.31;3.81;672;16;499.00;0
850;16;627044858;850;227;1518;1518;9.65;0.59;167.34;3.81;668;16;500.00;0
852;16;627044870;852;230;1518;1518;9.51;0.58;167.28;3.81;666;16;501.00;0
857;16;627044878;857;233;1518;1518;9.32;0.57;167.06;3.81;661;16;502.00;0
865;16;627044886;865;237;1518;1518;9.12;0.55;167.55;3.81;653;16;503.00;0
868;16;627044893;868;247;1557;1588;9.21;0.56;168.26;3.72;689;16;504.00;31
870;16;627044907;870;250;1561;1589;9.06;0.55;168.60;3.71;691;16;505.00;28
873;16;627044914;873;248;1571;1589;8.99;0.55;169.26;3.70;698;16;506.00;18
875;16;627044922;875;250;1572;1589;8.77;0.53;169.39;3.70;697;16;507.00;17
879;16;627044929;879;255;1578;1589;8.63;0.53;169.85;3.70;699;16;508.00;11
881;16;627044938;881;257;1578;1589;8.40;0.51;170.06;3.70;697;16;509.00;11
883;16;627044946;883;251;1583;1589;8.32;0.51;170.68;3.71;700;16;510.00;6
887;16;627044954;887;248;1584;1589;8.22;0.50;170.91;3.71;697;16;511.00;5
891;16;627044962;891;247;1588;1590;8.19;0.50;171.46;3.72;697;16;512.00;2
895;16;627044971;895;246;1591;1591;8.15;0.50;171.91;3.72;696;16;513.00;0
897;16;627044979;897;243;1591;1591;8.16;0.50;172.03;3.72;694;16;514.00;0
899;16;627044987;899;245;1595;1595;8.11;0.49;172.50;3.71;696;16;515.00;0
901;16;627044996;901;249;1595;1595;8.10;0.49;172.74;3.71;694;16;516.00;0
904;16;627045004;904;251;1595;1595;8.03;0.49;173.18;3.71;691;16;517.00;0
905;16;627045012;905;248;1595;1595;8.06;0.49;173.01;3.71;690;16;518.00;0
908;16;627045021;908;249;1600;1601;8.03;0.49;173.78;3.70;692;16;519.00;1
910;16;627045030;910;255;1600;1601;8.01;0.49;174.15;3.70;690;16;520.00;1
911;16;627045038;911;253;1601;1601;8.02;0.49;174.21;3.70;690;16;521.00;0
913;16;627045046;913;255;1603;1604;8.04;0.49;174.15;3.70;690;16;522.00;1
915;16;627045055;915;244;1604;1604;8.11;0.50;174.02;3.70;689;16;523.00;0
917;16;627045064;917;239;1604;1604;8.21;0.50;173.90;3.70;687;16;524.00;0
919;16;627045072;919;233;1605;1605;8.20;0.50;174.46;3.70;686;16;525.00;0
922;16;627045081;922;227;1606;1606;8.26;0.50;174.75;3.69;684;16;526.00;0
926;16;627045090;926;224;1606;1606;8.25;0.50;174.99;3.69;680;16;527.00;0
931;16;627045098;931;220;1619;1619;8.33;0.51;175.19;3.66;688;16;528.00;0
934;16;627045108;934;214;1619;1619;8.30;0.51;175.26;3.66;685;16;529.00;0
940;16;627045128;940;207;1619;1619;8.24;0.50;175.16;3.66;679;16;530.00;0
944;16;627045138;944;204;1620;1620;8.33;0.51;175.34;3.66;676;16;531.00;0
946;16;627045147;946;200;1620;1620;8.45;0.52;175.35;3.66;674;16;532.00;0
948;16;627045157;948;197;1623;1624;8.60;0.53;175.42;3.66;675;16;533.00;1
951;16;627045167;951;201;1623;1624;8.71;0.53;175.78;3.66;672;16;534.00;1
954;16;627045176;954;197;1628;1628;8.87;0.54;175.96;3.65;674;16;535.00;0
957;16;627045191;957;192;1628;1628;8.94;0.55;176.10;3.65;671;16;536.00;0
958;16;627045201;958;189;1628;1628;8.93;0.55;175.99;3.65;670;16;537.00;0
961;16;627045210;961;188;1628;1628;8.92;0.55;176.15;3.65;667;16;538.00;0
964;16;627045219;964;191;1628;1628;8.95;0.55;176.41;3.65;664;16;539.00;0
967;16;627045231;967;200;1656;1662;9.10;0.56;176.40;3.59;689;16;540.00;6
970;16;627045243;970;194;1658;1662;9.12;0.56;176.37;3.59;688;16;541.00;4
975;16;627045254;975;193;1659;1662;9.17;0.56;176.51;3.58;684;16;542.00;3
977;16;627045265;977;193;1659;1662;9.26;0.57;176.45;3.58;682;16;543.00;3
981;16;627045274;981;194;1660;1662;9.34;0.58;176.79;3.58;679;16;544.00;2
985;16;627045289;985;204;1660;1662;9.33;0.57;177.21;3.58;675;16;545.00;2
991;16;627045299;991;204;1662;1663;9.36;0.58;177.33;3.58;671;16;546.00;1
997;16;627045309;997;204;1662;1663;9.34;0.57;177.37;3.58;665;16;547.00;1
1003;16;627045320;1003;205;1667;1669;9.35;0.57;177.40;3.58;664;16;548.00;2
1004;16;627045336;1004;210;1668;1670;9.39;0.57;177.33;3.58;664;16;549.00;2
1009;16;627045352;1009;214;1669;1670;9.36;0.57;177.55;3.58;660;16;550.00;1
1012;16;627045368;1012;216;1669;1670;9.31;0.57;177.57;3.58;657;16;551.00;1
1013;16;627045384;1013;216;1674;1674;9.28;0.57;177.66;3.57;661;16;552.00;0
1015;16;627045398;1015;220;1674;1674;9.25;0.56;177.61;3.57;659;16;553.00;0
1017;16;627045414;1017;218;1674;1674;9.18;0.56;177.89;3.57;657;16;554.00;0
1018;16;627045429;1018;221;1675;1675;9.11;0.56;178.20;3.57;657;16;555.00;0
1021;16;627045443;1021;228;1679;1679;9.13;0.56;178.53;3.56;658;16;556.00;0
1021;16;627045454;1021;217;1679;1679;9.12;0.56;178.53;3.56;658;16;557.00;0
1025;16;627045464;1025;211;1681;1682;9.08;0.55;179.02;3.56;656;16;558.00;1
1028;16;627045476;1028;205;1681;1682;9.11;0.56;179.59;3.56;653;16;559.00;1
1030;16;627045494;1030;200;1682;1682;9.17;0.56;179.34;3.56;652;16;560.00;0
1034;16;627045505;1034;201;1682;1682;9.25;0.56;179.81;3.56;648;16;561.00;0
1037;16;627045516;1037;205;1685;1686;9.33;0.57;180.23;3.55;648;16;562.00;1
1042;16;627045528;1042;208;1685;1686;9.33;0.57;180.97;3.55;643;16;563.00;1
1043;16;627045539;1043;205;1686;1686;9.35;0.57;180.95;3.55;643;16;564.00;0
1045;16;627045550;1045;205;1686;1686;9.40;0.57;181.24;3.55;641;16;565.00;0
1051;16;627045561;1051;189;1687;1687;9.43;0.57;181.71;3.55;636;16;566.00;0
1052;16;627045571;1052;182;1688;1688;9.52;0.58;181.73;3.55;636;16;567.00;0
1052;16;627045582;1052;173;1688;1688;9.57;0.58;181.73;3.55;636;16;568.00;0
1054;16;627045592;1054;167;1689;1689;9.64;0.59;182.01;3.55;635;16;569.00;0
1054;16;627045605;1054;157;1689;1689;9.67;0.59;182.01;3.55;635;16;570.00;0
1057;16;627045615;1057;149;1689;1689;9.68;0.59;182.63;3.55;632;16;571.00;0
1061;16;627045626;1061;151;1689;1689;9.73;0.59;183.15;3.55;628;16;572.00;0
1062;16;627045636;1062;155;1689;1689;9.84;0.60;183.24;3.55;627;16;573.00;0
1063;16;627045647;1063;154;1689;1689;9.98;0.61;183.27;3.55;626;16;574.00;0
1068;16;627045657;1068;159;1689;1689;10.08;0.61;183.51;3.55;621;16;575.00;0
1070;16;627045667;1070;182;1772;1816;10.05;0.62;183.63;3.38;702;16;576.00;44
1074;16;627045689;1074;172;1775;1817;10.10;0.63;184.08;3.38;701;16;577.00;42
1078;16;627045700;1078;154;1783;1817;10.29;0.64;184.38;3.37;705;16;578.00;34
1080;16;627045712;1080;148;1787;1817;10.32;0.64;184.34;3.37;707;16;579.00;30
1083;16;627045722;1083;141;1791;1817;10.36;0.64;184.59;3.37;708;16;580.00;26
1086;16;627045733;1086;138;1794;1817;10.41;0.65;184.94;3.38;708;16;581.00;23
1088;16;627045743;1088;142;1798;1817;10.44;0.65;185.13;3.38;710;16;582.00;19
1099;17;627045753;1099;138;1800;1817;10.45;0.64;185.69;3.39;701;17;583.00;17
1100;17;627045784;1100;142;1804;1818;10.52;0.65;185.72;3.40;704;17;584.00;14
1102;17;627045795;1102;151;1807;1820;10.52;0.65;185.66;3.40;705;17;585.00;13
1105;17;627045805;1105;151;1810;1820;10.59;0.65;185.89;3.41;705;17;586.00;10
1109;17;627045816;1109;151;1812;1821;10.58;0.65;186.15;3.41;703;17;587.00;9
1111;17;627045827;1111;163;1814;1821;10.66;0.65;186.50;3.42;703;17;588.00;7
1112;17;627045837;1112;160;1815;1821;10.78;0.66;186.47;3.43;703;17;589.00;6
1114;17;627045847;1114;165;1817;1821;10.83;0.66;186.95;3.44;703;17;590.00;4
1115;17;627045858;1115;164;1820;1825;10.83;0.67;186.93;3.44;705;17;591.00;5
1119;17;627045870;1119;168;1822;1825;10.83;0.66;187.22;3.45;703;17;592.00;3
1122;17;627045881;1122;172;1822;1825;10.80;0.66;187.46;3.45;700;17;593.00;3
1125;17;627045892;1125;177;1825;1828;10.79;0.66;187.47;3.46;700;17;594.00;3
1125;17;627045903;1125;178;1826;1828;10.75;0.66;187.47;3.46;701;17;595.00;2
1125;17;627045922;1125;177;1827;1828;10.77;0.66;187.47;3.46;702;17;596.00;1
1125;17;627045933;1125;179;1831;1832;10.75;0.66;187.47;3.45;706;17;597.00;1
1128;17;627045944;1128;181;1833;1833;10.81;0.66;187.66;3.45;705;17;598.00;0
1128;17;627045954;1128;182;1833;1833;10.88;0.66;187.66;3.45;705;17;599.00;0
1132;17;627045966;1132;187;1844;1859;10.75;0.65;188.09;3.43;712;17;600.00;15
1133;17;627045985;1133;180;1846;1859;10.71;0.65;188.02;3.43;713;17;601.00;13
1138;17;627045996;1138;178;1846;1859;10.68;0.65;187.92;3.43;708;17;602.00;13
1141;17;627046006;1141;176;1847;1860;10.72;0.65;187.88;3.43;706;17;603.00;13
1145;17;627046023;1145;176;1848;1860;10.72;0.65;188.01;3.43;703;17;604.00;12
1147;17;627046034;1147;172;1852;1866;10.74;0.65;188.19;3.42;705;17;605.00;14
1151;17;627046044;1151;171;1854;1866;10.75;0.65;188.43;3.42;703;17;606.00;12
1154;17;627046054;1154;169;1856;1867;10.73;0.65;188.52;3.42;702;17;607.00;11
1157;17;627046064;1157;166;1858;1867;10.67;0.65;188.96;3.42;701;17;608.00;9
1163;17;627046074;1163;159;1858;1867;10.67;0.64;189.52;3.42;695;17;609.00;9
1167;17;627046084;1167;161;1858;1867;10.71;0.65;189.67;3.42;691;17;610.00;9
1171;17;627046095;1171;158;1859;1867;10.74;0.65;189.99;3.43;688;17;611.00;8
1175;17;627046113;1175;150;1869;1879;10.73;0.65;190.28;3.41;694;17;612.00;10
1176;17;627046131;1176;143;1870;1879;10.75;0.65;190.49;3.41;694;17;613.00;9
1178;17;627046147;1178;133;1870;1879;10.73;0.65;190.71;3.41;692;17;614.00;9
1184;17;627046164;1184;130;1871;1879;10.73;0.65;191.57;3.41;687;17;615.00;8
1186;17;627046175;1186;125;1871;1879;10.83;0.66;191.85;3.41;685;17;616.00;8
1189;17;627046184;1189;115;1871;1879;10.88;0.66;191.83;3.41;682;17;617.00;8
1195;17;627046195;1195;107;1876;1883;10.88;0.66;192.14;3.42;681;17;618.00;7
1197;17;627046206;1197;103;1876;1883;11.00;0.66;192.19;3.42;679;17;619.00;7
1199;17;627046216;1199;101;1879;1887;11.18;0.68;192.56;3.41;680;17;620.00;8
1202;17;627046227;1202;98;1881;1888;11.36;0.69;192.64;3.41;679;17;621.00;7
1206;17;627046239;1206;96;1881;1888;11.48;0.69;192.65;3.41;675;17;622.00;7
1208;17;627046250;1208;98;1881;1888;11.58;0.70;192.67;3.41;673;17;623.00;7
1213;17;627046261;1213;99;1890;1901;11.53;0.70;192.62;3.41;677;17;624.00;11
1214;17;627046272;1214;99;1891;1901;11.52;0.69;192.58;3.41;677;17;625.00;10
1218;18;627046283;1218;101;1891;1901;11.51;0.69;192.79;3.41;673;18;626.00;10
1218;18;627046312;1218;101;1892;1902;11.55;0.70;192.79;3.40;674;18;627.00;10
1219;18;627046326;1219;105;1892;1903;11.55;0.70;192.85;3.40;673;18;628.00;11
1220;18;627046338;1220;112;1893;1903;11.51;0.70;192.82;3.42;673;18;629.00;10
1222;18;627046351;1222;117;1898;1909;11.47;0.69;192.95;3.43;676;18;630.00;11
1223;18;627046362;1223;120;1899;1909;11.41;0.69;192.81;3.43;676;18;631.00;10
1224;18;627046373;1224;122;1901;1909;11.39;0.69;193.13;3.44;677;18;632.00;8
1227;18;627046382;1227;125;1901;1909;11.33;0.69;193.13;3.44;674;18;633.00;8
1229;18;627046392;1229;132;1905;1915;11.38;0.69;193.03;3.43;676;18;634.00;10
1231;18;627046402;1231;134;1906;1915;11.33;0.69;193.30;3.45;675;18;635.00;9
1234;18;627046413;1234;137;1907;1915;11.28;0.68;193.37;3.45;673;18;636.00;8
1235;18;627046423;1235;140;1907;1915;11.22;0.68;193.38;3.45;672;18;637.00;8
1237;18;627046432;1237;144;1911;1919;11.16;0.68;193.25;3.44;674;18;638.00;8
1238;18;627046443;1238;149;1912;1920;11.19;0.68;193.32;3.44;674;18;639.00;8
1240;18;627046452;1240;157;1912;1920;11.18;0.68;193.29;3.44;672;18;640.00;8
1244;18;627046461;1244;161;1915;1921;11.08;0.67;193.30;3.47;671;18;641.00;6
1245;18;627046472;1245;162;1916;1921;11.00;0.67;193.19;3.47;671;18;642.00;5
1247;18;627046481;1247;170;1918;1921;10.90;0.66;193.16;3.48;671;18;643.00;3
1249;18;627046490;1249;176;1918;1921;10.85;0.66;193.02;3.48;669;18;644.00;3
1252;18;627046499;1252;182;1918;1921;10.82;0.66;192.98;3.48;666;18;645.00;3
1254;18;627046514;1254;187;1918;1921;10.77;0.65;192.90;3.48;664;18;646.00;3
1255;18;627046523;1255;189;1920;1921;10.66;0.65;192.80;3.51;665;18;647.00;1
1256;18;627046532;1256;202;1956;1991;10.62;0.65;192.70;3.45;700;18;648.00;35
1256;18;627046551;1256;201;1960;1992;10.46;0.64;192.70;3.45;704;18;649.00;32
1258;18;627046560;1258;205;1970;1992;10.41;0.64;192.57;3.45;712;18;650.00;22
1259;18;627046569;1259;203;1976;1992;10.27;0.63;192.46;3.45;717;18;651.00;16
1259;18;627046577;1259;206;1981;1992;10.16;0.62;192.46;3.45;722;18;652.00;11
1262;18;627046586;1262;207;1985;1992;10.02;0.62;192.24;3.45;723;18;653.00;7
1263;18;627046594;1263;216;1989;1992;9.90;0.61;192.18;3.46;726;18;654.00;3
1264;18;627046603;1264;220;1990;1992;9.75;0.60;192.09;3.46;726;18;655.00;2
1265;18;627046611;1265;222;1992;1993;9.68;0.59;192.11;3.46;727;18;656.00;1
1265;18;627046620;1265;227;1993;1994;9.58;0.59;192.11;3.46;728;18;657.00;1
1269;18;627046629;1269;235;1994;1994;9.44;0.58;192.01;3.46;725;18;658.00;0
1270;18;627046637;1270;237;1998;1998;9.30;0.57;191.96;3.45;728;18;659.00;0
1272;18;627046648;1272;241;1998;1998;9.12;0.56;191.91;3.45;726;18;660.00;0
1275;18;627046657;1275;248;1998;1998;8.98;0.55;191.91;3.45;723;18;661.00;0
1277;18;627046666;1277;252;1998;1998;8.84;0.54;191.72;3.45;721;18;662.00;0
1278;19;627046674;1278;258;2003;2004;8.74;0.54;191.80;3.45;725;19;663.00;1
1279;19;627046698;1279;264;2004;2004;8.68;0.53;191.78;3.45;725;19;664.00;0
1283;19;627046707;1283;269;2004;2004;8.58;0.52;192.04;3.45;721;19;665.00;0
1286;19;627046716;1286;272;2007;2007;8.55;0.52;191.94;3.44;721;19;666.00;0
1286;19;627046730;1286;276;2007;2007;8.49;0.52;191.94;3.44;721;19;667.00;0
1287;19;627046739;1287;281;2007;2007;8.39;0.51;191.93;3.44;720;19;668.00;0
1289;19;627046752;1289;285;2008;2008;8.27;0.50;191.82;3.44;719;19;669.00;0
1290;19;627046761;1290;290;2009;2009;8.20;0.50;191.77;3.44;719;19;670.00;0
1293;19;627046769;1293;296;2009;2009;8.06;0.49;191.49;3.44;716;19;671.00;0
1294;19;627046776;1294;301;2022;2022;7.99;0.48;191.53;3.42;728;19;672.00;0
1295;19;627046785;1295;308;2022;2022;7.87;0.48;191.45;3.42;727;19;673.00;0
1300;19;627046793;1300;310;2022;2022;7.73;0.47;191.43;3.42;722;19;674.00;0
1305;19;627046800;1305;304;2024;2024;7.59;0.46;191.53;3.42;719;19;675.00;0
1307;19;627046809;1307;295;2024;2024;7.44;0.45;191.62;3.42;717;19;676.00;0
1311;19;627046817;1311;285;2027;2028;7.37;0.45;191.85;3.41;716;19;677.00;1
1315;19;627046825;1315;285;2027;2028;7.22;0.44;192.29;3.41;712;19;678.00;1
1315;19;627046833;1315;278;2032;2032;7.15;0.43;192.29;3.41;717;19;679.00;0
1319;19;627046840;1319;257;2032;2032;7.08;0.43;192.78;3.41;713;19;680.00;0
1323;19;627046849;1323;246;2032;2032;6.99;0.43;193.15;3.41;709;19;681.00;0
1323;19;627046862;1323;235;2032;2032;7.08;0.43;193.15;3.41;709;19;682.00;0
1327;19;627046870;1327;230;2032;2032;7.06;0.43;193.41;3.41;705;19;683.00;0
1329;19;627046878;1329;229;2043;2044;7.23;0.44;193.26;3.39;714;19;684.00;1
1332;19;627046887;1332;229;2043;2044;7.33;0.45;193.61;3.39;711;19;685.00;1
1332;19;627046896;1332;226;2044;2044;7.48;0.46;193.61;3.39;712;19;686.00;0
1334;19;627046910;1334;219;2044;2044;7.58;0.46;193.96;3.39;710;19;687.00;0
1336;19;627046919;1336;214;2044;2044;7.68;0.47;194.21;3.39;708;19;688.00;0
1338;19;627046934;1338;213;2044;2044;7.86;0.48;194.39;3.39;706;19;689.00;0
1340;19;627046945;1340;210;2045;2045;7.95;0.49;194.65;3.39;705;19;690.00;0
1342;19;627046953;1342;210;2045;2045;8.11;0.50;194.65;3.39;703;19;691.00;0
1345;19;627046962;1345;200;2050;2051;8.29;0.51;194.98;3.38;705;19;692.00;1
1347;19;627046973;1347;195;2051;2052;8.41;0.51;195.09;3.38;704;19;693.00;1
1349;19;627046982;1349;182;2052;2052;8.50;0.52;195.19;3.38;703;19;694.00;0
1353;19;627046991;1353;180;2052;2052;8.60;0.53;195.35;3.38;699;19;695.00;0
1356;19;627047000;1356;181;2056;2056;8.73;0.53;195.80;3.37;700;19;696.00;0
1358;19;627047010;1358;184;2056;2056;8.83;0.54;195.78;3.37;698;19;697.00;0
1363;19;627047019;1363;181;2056;2056;8.85;0.54;196.20;3.37;693;19;698.00;0
1368;19;627047034;1368;181;2057;2057;8.93;0.55;196.29;3.37;689;19;699.00;0
1375;19;627047045;1375;179;2060;2061;9.04;0.55;196.17;3.37;685;19;700.00;1
1379;19;627047059;1379;169;2060;2061;9.10;0.56;196.38;3.37;681;19;701.00;1
1384;19;627047068;1384;172;2063;2064;9.16;0.56;196.44;3.36;679;19;702.00;1
1386;19;627047078;1386;165;2063;2064;9.24;0.56;196.51;3.36;677;19;703.00;1
1392;19;627047088;1392;164;2064;2064;9.32;0.57;196.77;3.36;672;19;704.00;0
1395;19;627047098;1395;164;2064;2064;9.39;0.57;197.05;3.36;669;19;705.00;0
1399;19;627047108;1399;162;2067;2068;9.41;0.57;196.88;3.36;668;19;706.00;1
1403;19;627047118;1403;155;2067;2068;9.41;0.57;197.05;3.36;664;19;707.00;1
1407;19;627047127;1407;156;2068;2068;9.41;0.57;196.83;3.36;661;19;708.00;0
1411;19;627047137;1411;156;2068;2068;9.44;0.58;196.77;3.36;657;19;709.00;0
1412;19;627047147;1412;149;2069;2069;9.55;0.58;196.79;3.36;657;19;710.00;0
1419;19;627047156;1419;142;2070;2070;9.65;0.59;197.08;3.36;651;19;711.00;0
1426;19;627047167;1426;141;2070;2070;9.69;0.59;197.21;3.36;644;19;712.00;0
1429;19;627047178;1429;141;2071;2071;9.74;0.59;197.37;3.36;642;19;713.00;0
1435;19;627047188;1435;137;2071;2071;9.81;0.60;197.35;3.36;636;19;714.00;0
1438;19;627047198;1438;141;2071;2071;9.88;0.60;197.65;3.36;633;19;715.00;0
1441;19;627047207;1441;140;2071;2071;9.94;0.60;197.81;3.36;630;19;716.00;0
1442;19;627047218;1442;142;2071;2071;9.98;0.61;197.92;3.36;629;19;717.00;0
1448;19;627047227;1448;143;2071;2071;9.98;0.61;197.86;3.36;623;19;718.00;0
1450;19;627047237;1450;149;2071;2071;10.03;0.61;198.04;3.36;621;19;719.00;0
1454;19;627047249;1454;187;2194;2301;9.94;0.62;198.36;3.17;740;19;720.00;107
1457;19;627047278;1457;179;2207;2302;9.89;0.62;198.37;3.16;750;19;721.00;95
1463;19;627047296;1463;167;2220;2302;9.86;0.61;198.94;3.15;757;19;722.00;82
1466;19;627047306;1466;162;2228;2302;9.77;0.61;199.23;3.15;762;19;723.00;74
1468;19;627047317;1468;163;2233;2302;9.66;0.60;199.30;3.15;765;19;724.00;69
1470;19;627047329;1470;164;2237;2302;9.56;0.60;199.50;3.15;767;19;725.00;65
1473;19;627047344;1473;166;2244;2302;9.42;0.59;199.98;3.16;771;19;726.00;58
1475;19;627047364;1475;162;2248;2302;9.35;0.58;199.98;3.17;773;19;727.00;54
1479;19;627047382;1479;158;2253;2303;9.28;0.58;200.28;3.18;774;19;728.00;50
1483;19;627047401;1483;157;2256;2304;9.27;0.58;200.57;3.19;773;19;729.00;48
1484;19;627047418;1484;167;2261;2304;9.32;0.58;200.56;3.20;777;19;730.00;43
1487;19;627047445;1487;174;2270;2305;9.31;0.58;200.83;3.23;783;19;731.00;35
1489;19;627047459;1489;178;2273;2305;9.29;0.57;200.82;3.24;784;19;732.00;32
1493;19;627047473;1493;188;2276;2305;9.24;0.57;201.09;3.25;783;19;733.00;29
1497;19;627047485;1497;195;2279;2305;9.24;0.57;201.23;3.27;782;19;734.00;26
1500;19;627047498;1500;205;2283;2309;9.22;0.57;201.57;3.27;783;19;735.00;26
1503;19;627047517;1503;202;2284;2309;9.26;0.57;201.86;3.28;781;19;736.00;25
1506;19;627047543;1506;198;2286;2309;9.31;0.57;202.04;3.29;780;19;737.00;23
1509;19;627047562;1509;193;2287;2312;9.37;0.57;202.19;3.29;778;19;738.00;25
1515;19;627047575;1515;195;2290;2312;9.35;0.57;202.16;3.31;775;19;739.00;22
1517;19;627047587;1517;195;2291;2312;9.38;0.58;202.20;3.31;774;19;740.00;21
1518;19;627047599;1518;195;2296;2316;9.33;0.57;202.35;3.32;778;19;741.00;20
1519;19;627047611;1519;194;2298;2317;9.44;0.58;202.46;3.32;779;19;742.00;19
1522;19;627047624;1522;197;2299;2317;9.48;0.58;202.52;3.33;777;19;743.00;18
1524;19;627047636;1524;203;2304;2321;9.56;0.59;202.63;3.34;780;19;744.00;17
1526;19;627047648;1526;204;2304;2321;9.64;0.59;202.72;3.34;778;19;745.00;17
1528;19;627047666;1528;212;2304;2321;9.71;0.60;202.76;3.34;776;19;746.00;17
1531;19;627047678;1531;208;2306;2322;9.72;0.60;202.79;3.34;775;19;747.00;16
1533;19;627047691;1533;213;2306;2322;9.69;0.59;202.88;3.34;773;19;748.00;16
1535;19;627047709;1535;209;2311;2328;9.66;0.59;202.85;3.34;776;19;749.00;17
1541;19;627047730;1541;205;2311;2328;9.62;0.59;202.81;3.34;770;19;750.00;17
1544;19;627047742;1544;204;2312;2329;9.60;0.59;202.93;3.34;768;19;751.00;17
1545;19;627047754;1545;204;2313;2329;9.60;0.59;202.87;3.36;768;19;752.00;16
1546;19;627047766;1546;201;2313;2329;9.72;0.60;202.87;3.36;767;19;753.00;16
1548;19;627047777;1548;204;2314;2329;9.80;0.60;202.97;3.37;766;19;754.00;15
1551;19;627047790;1551;202;2314;2329;9.83;0.60;203.05;3.37;763;19;755.00;15
1558;20;627047800;1558;205;2325;2341;9.85;0.60;203.52;3.36;767;20;756.00;16
1561;20;627047832;1561;205;2325;2341;9.90;0.61;203.66;3.36;764;20;757.00;16
1565;20;627047844;1565;210;2327;2341;9.90;0.61;204.09;3.37;762;20;758.00;14
1568;20;627047862;1568;211;2327;2341;9.93;0.61;204.14;3.37;759;20;759.00;14
1569;20;627047873;1569;214;2327;2341;9.92;0.61;204.17;3.37;758;20;760.00;14
1571;20;627047891;1571;221;2328;2341;9.91;0.61;204.15;3.38;757;20;761.00;13
1574;20;627047901;1574;222;2333;2345;9.90;0.61;204.46;3.38;759;20;762.00;12
1575;20;627047913;1575;219;2334;2345;10.00;0.61;204.43;3.38;759;20;763.00;11
1576;20;627047924;1576;222;2337;2349;10.06;0.61;204.43;3.38;761;20;764.00;12
1579;20;627047936;1579;222;2339;2351;10.11;0.62;204.36;3.38;760;20;765.00;12
1583;20;627047947;1583;224;2339;2351;10.08;0.61;204.35;3.38;756;20;766.00;12
1585;20;627047957;1585;227;2340;2351;10.06;0.61;204.47;3.38;755;20;767.00;11
1588;20;627047969;1588;231;2351;2364;9.99;0.61;204.50;3.37;763;20;768.00;13
1592;20;627047980;1592;232;2351;2364;9.92;0.60;204.86;3.37;759;20;769.00;13
1594;20;627047991;1594;224;2352;2364;9.88;0.60;204.83;3.37;758;20;770.00;12
1596;20;627048002;1596;214;2353;2365;9.84;0.60;205.02;3.37;757;20;771.00;12
1597;20;627048012;1597;211;2354;2366;9.83;0.60;204.98;3.37;757;20;772.00;12
1598;20;627048023;1598;216;2354;2366;9.80;0.60;204.93;3.37;756;20;773.00;12
1599;20;627048033;1599;209;2356;2369;9.70;0.59;205.04;3.36;757;20;774.00;13
1600;20;627048044;1600;204;2356;2369;9.64;0.59;205.18;3.36;756;20;775.00;13
1603;20;627048053;1603;208;2357;2369;9.60;0.58;205.23;3.36;754;20;776.00;12
1605;20;627048064;1605;209;2357;2369;9.56;0.58;205.24;3.36;752;20;777.00;12
1607;20;627048074;1607;213;2361;2375;9.53;0.58;205.46;3.36;754;20;778.00;14
1611;20;627048084;1611;205;2361;2375;9.41;0.57;205.61;3.36;750;20;779.00;14
1615;20;627048096;1615;209;2362;2375;9.38;0.57;205.85;3.36;747;20;780.00;13
1619;20;627048112;1619;209;2362;2375;9.28;0.57;205.95;3.36;743;20;781.00;13
1623;20;627048122;1623;200;2365;2379;9.20;0.56;205.90;3.36;742;20;782.00;14
1625;20;627048132;1625;197;2366;2380;9.19;0.56;205.86;3.35;741;20;783.00;14
1629;20;627048143;1629;190;2366;2380;9.24;0.56;205.89;3.35;737;20;784.00;14
1634;20;627048154;1634;181;2370;2381;9.18;0.56;205.85;3.38;736;20;785.00;11
1637;20;627048165;1637;178;2370;2381;9.26;0.56;206.09;3.38;733;20;786.00;11
1638;20;627048174;1638;172;2370;2381;9.29;0.57;206.13;3.38;732;20;787.00;11
1642;20;627048184;1642;169;2370;2381;9.33;0.57;206.24;3.38;728;20;788.00;11
1643;20;627048194;1643;169;2370;2381;9.41;0.57;206.15;3.38;727;20;789.00;11
1646;20;627048203;1646;168;2370;2381;9.45;0.58;206.04;3.38;724;20;790.00;11
1648;20;627048212;1648;172;2370;2381;9.50;0.58;205.96;3.38;722;20;791.00;11
1650;20;627048222;1650;170;2403;2451;9.66;0.59;205.90;3.33;753;20;792.00;48
1652;20;627048238;1652;168;2403;2452;9.73;0.59;205.83;3.33;751;20;793.00;49
1652;20;627048249;1652;169;2411;2452;9.85;0.60;205.83;3.33;759;20;794.00;41
1653;20;627048259;1653;170;2415;2452;9.89;0.60;205.75;3.33;762;20;795.00;37
1655;20;627048268;1655;172;2421;2452;9.92;0.61;205.60;3.36;766;20;796.00;31
1658;20;627048278;1658;172;2424;2452;9.85;0.60;205.53;3.39;766;20;797.00;28
1662;20;627048289;1662;174;2427;2452;9.87;0.60;205.35;3.40;765;20;798.00;25
1663;20;627048300;1663;172;2429;2452;9.77;0.59;205.36;3.43;766;20;799.00;23
1665;20;627048311;1665;178;2433;2453;9.76;0.59;205.20;3.46;768;20;800.00;20
1666;20;627048328;1666;181;2435;2454;9.74;0.59;205.12;3.46;769;20;801.00;19
1668;20;627048340;1668;181;2438;2454;9.75;0.59;205.04;3.50;770;20;802.00;16
1671;20;627048351;1671;188;2442;2458;9.68;0.59;204.81;3.50;771;20;803.00;16
1672;20;627048362;1672;195;2443;2458;9.60;0.59;204.74;3.50;771;20;804.00;15
1674;20;627048373;1674;202;2445;2458;9.55;0.58;204.71;3.54;771;20;805.00;13
1676;20;627048384;1676;213;2445;2458;9.50;0.58;204.61;3.54;769;20;806.00;13
1679;20;627048394;1679;217;2449;2464;9.42;0.57;204.77;3.54;770;20;807.00;15
1683;20;627048404;1683;229;2451;2464;9.30;0.57;204.55;3.57;768;20;808.00;13
1685;20;627048415;1685;236;2451;2464;9.20;0.56;204.60;3.57;766;20;809.00;13
1688;20;627048426;1688;239;2456;2470;9.11;0.56;204.47;3.58;768;20;810.00;14
1689;20;627048437;1689;244;2457;2470;9.03;0.55;204.36;3.61;768;20;811.00;13
1691;20;627048447;1691;246;2459;2470;9.00;0.55;204.33;3.65;768;20;812.00;11
1694;20;627048457;1694;254;2462;2471;8.90;0.54;204.09;3.68;768;20;813.00;9
1695;20;627048467;1695;257;2465;2472;8.89;0.54;204.15;3.69;770;20;814.00;7
1697;20;627048477;1697;262;2466;2472;8.87;0.54;204.06;3.69;769;20;815.00;6
1700;20;627048487;1700;268;2478;2485;8.89;0.54;203.88;3.69;778;20;816.00;7
1700;20;627048498;1700;272;2479;2485;8.87;0.54;203.88;3.70;779;20;817.00;6
1705;20;627048507;1705;279;2480;2485;8.80;0.54;203.68;3.71;775;20;818.00;5
1705;20;627048517;1705;280;2483;2486;8.73;0.53;203.68;3.71;778;20;819.00;3
1707;20;627048527;1707;287;2484;2486;8.70;0.53;203.68;3.71;777;20;820.00;2
1710;20;627048536;1710;294;2487;2490;8.62;0.53;203.71;3.70;777;20;821.00;3
1711;20;627048546;1711;301;2489;2490;8.63;0.53;203.68;3.70;778;20;822.00;1
1712;20;627048556;1712;310;2493;2494;8.59;0.52;203.62;3.70;781;20;823.00;1
1712;20;627048565;1712;315;2493;2494;8.49;0.52;203.62;3.70;781;20;824.00;1
1713;20;627048575;1713;319;2493;2494;8.37;0.51;203.62;3.70;780;20;825.00;1
1716;20;627048583;1716;329;2493;2494;8.17;0.50;203.56;3.70;777;20;826.00;1
1717;20;627048593;1717;318;2493;2494;8.01;0.49;203.55;3.70;776;20;827.00;1
1717;20;627048606;1717;315;2504;2506;8.01;0.49;203.55;3.68;787;20;828.00;2
1720;20;627048617;1720;308;2505;2506;7.97;0.49;203.44;3.68;785;20;829.00;1
1721;20;627048627;1721;304;2505;2506;7.97;0.49;203.39;3.68;784;20;830.00;1
1725;20;627048637;1725;300;2505;2506;7.98;0.49;203.46;3.68;780;20;831.00;1
1725;21;627048647;1725;296;2505;2506;8.01;0.49;203.46;3.68;780;21;832.00;1
1726;21;627048667;1726;293;2505;2506;8.11;0.49;203.40;3.68;779;21;833.00;1
1726;22;627048682;1726;290;2506;2507;8.20;0.50;203.40;3.68;780;22;834.00;1
1726;22;627048702;1726;286;2506;2507;8.32;0.51;203.40;3.68;780;22;835.00;1
1728;23;627048713;1728;282;2511;2513;8.46;0.52;203.38;3.68;783;23;836.00;2
1729;23;627048731;1729;276;2513;2514;8.56;0.52;203.41;3.67;784;23;837.00;1
1730;23;627048741;1730;273;2513;2514;8.66;0.53;203.30;3.67;783;23;838.00;1
1731;23;627048756;1731;276;2513;2514;8.71;0.53;203.32;3.67;782;23;839.00;1
1731;23;627048772;1731;276;2518;2519;8.79;0.54;203.32;3.67;787;23;840.00;1
1732;23;627048787;1732;279;2518;2519;8.77;0.54;203.35;3.67;786;23;841.00;1
1734;23;627048796;1734;283;2518;2519;8.68;0.53;203.59;3.67;784;23;842.00;1
1735;23;627048806;1735;280;2519;2520;8.60;0.52;203.55;3.66;784;23;843.00;1
1739;23;627048815;1739;277;2523;2524;8.48;0.52;203.64;3.66;784;23;844.00;1
1743;23;627048824;1743;286;2523;2524;8.40;0.51;203.99;3.66;780;23;845.00;1
1744;23;627048834;1744;281;2525;2527;8.35;0.51;203.94;3.66;781;23;846.00;2
1746;23;627048844;1746;275;2525;2527;8.29;0.51;204.01;3.66;779;23;847.00;2
1752;23;627048853;1752;279;2526;2527;8.22;0.50;204.12;3.66;774;23;848.00;1
1758;23;627048863;1758;280;2526;2527;8.12;0.50;204.73;3.66;768;23;849.00;1
1761;23;627048872;1761;272;2529;2531;8.15;0.50;205.16;3.65;768;23;850.00;2
1764;23;627048882;1764;261;2529;2531;8.18;0.50;205.20;3.65;765;23;851.00;2
1768;23;627048891;1768;255;2530;2531;8.26;0.50;205.58;3.65;762;23;852.00;1
1769;23;627048900;1769;248;2530;2531;8.33;0.51;205.76;3.65;761;23;853.00;1
1774;23;627048909;1774;246;2531;2532;8.32;0.51;206.28;3.65;757;23;854.00;1
1779;23;627048919;1779;243;2533;2534;8.40;0.51;206.76;3.65;754;23;855.00;1
1783;23;627048928;1783;239;2533;2534;8.49;0.52;206.85;3.65;750;23;856.00;1
1786;23;627048938;1786;233;2534;2535;8.59;0.52;206.96;3.65;748;23;857.00;1
1788;23;627048947;1788;223;2534;2535;8.63;0.53;207.27;3.65;746;23;858.00;1
1794;23;627048956;1794;213;2534;2535;8.65;0.53;207.42;3.65;740;23;859.00;1
1797;23;627048965;1797;214;2534;2535;8.64;0.53;207.87;3.65;737;23;860.00;1
1803;23;627048975;1803;214;2534;2535;8.66;0.53;208.06;3.65;731;23;861.00;1
1808;23;627048985;1808;204;2534;2535;8.71;0.53;208.21;3.65;726;23;862.00;1
1810;23;627048995;1810;196;2534;2535;8.77;0.53;208.49;3.65;724;23;863.00;1
1813;23;627049005;1813;204;2614;2662;9.02;0.56;208.72;3.54;801;23;864.00;48
1817;23;627049025;1817;193;2618;2663;9.01;0.56;209.10;3.53;801;23;865.00;45
1822;23;627049036;1822;184;2624;2663;9.09;0.56;208.96;3.53;802;23;866.00;39
1825;23;627049047;1825;179;2626;2663;9.07;0.56;209.24;3.53;801;23;867.00;37
1829;23;627049056;1829;173;2632;2663;9.13;0.56;209.42;3.53;803;23;868.00;31
1832;23;627049067;1832;171;2633;2663;9.15;0.57;209.54;3.53;801;23;869.00;30
1837;23;627049079;1837;176;2637;2663;9.16;0.57;209.77;3.54;800;23;870.00;26
1841;23;627049090;1841;180;2639;2663;9.17;0.57;209.95;3.54;798;23;871.00;24
1845;23;627049102;1845;180;2644;2664;9.23;0.57;209.99;3.55;799;23;872.00;20
1849;23;627049113;1849;187;2646;2665;9.25;0.57;210.26;3.55;797;23;873.00;19
1852;23;627049125;1852;191;2650;2665;9.36;0.58;210.23;3.56;798;23;874.00;15
1859;23;627049136;1859;197;2654;2666;9.42;0.58;210.28;3.57;795;23;875.00;12
1862;23;627049155;1862;203;2655;2666;9.47;0.58;210.25;3.57;793;23;876.00;11
1867;23;627049167;1867;208;2658;2666;9.48;0.58;210.42;3.58;791;23;877.00;8
1873;23;627049178;1873;209;2659;2666;9.50;0.58;210.78;3.58;786;23;878.00;7
1875;23;627049190;1875;214;2662;2670;9.56;0.59;210.75;3.59;787;23;879.00;8
1880;23;627049202;1880;210;2664;2670;9.61;0.59;210.95;3.59;784;23;880.00;6
1884;23;627049219;1884;212;2664;2670;9.59;0.59;211.14;3.59;780;23;881.00;6
1886;23;627049231;1886;212;2668;2673;9.66;0.59;211.07;3.63;782;23;882.00;5
1894;23;627049243;1894;214;2668;2673;9.67;0.60;211.29;3.63;774;23;883.00;5
1897;23;627049255;1897;213;2669;2673;9.76;0.60;211.43;3.63;772;23;884.00;4
1899;23;627049267;1899;208;2673;2677;9.77;0.60;211.54;3.62;774;23;885.00;4
1902;23;627049279;1902;209;2675;2678;9.80;0.60;211.55;3.62;773;23;886.00;3
1908;23;627049290;1908;208;2675;2678;9.80;0.60;211.56;3.62;767;23;887.00;3
1915;23;627049302;1915;208;2680;2682;9.83;0.60;211.43;3.62;765;23;888.00;2
1918;23;627049315;1918;205;2680;2682;9.78;0.60;211.42;3.62;762;23;889.00;2
1923;23;627049326;1923;216;2680;2682;9.73;0.59;211.65;3.62;757;23;890.00;2
1927;23;627049342;1927;215;2681;2683;9.69;0.59;211.61;3.62;754;23;891.00;2
1932;23;627049362;1932;218;2681;2683;9.57;0.58;211.67;3.62;749;23;892.00;2
1935;23;627049378;1935;219;2686;2689;9.46;0.58;211.67;3.61;751;23;893.00;3
1940;23;627049397;1940;225;2686;2689;9.33;0.57;211.84;3.61;746;23;894.00;3
1948;23;627049415;1948;231;2688;2690;9.21;0.56;212.15;3.61;740;23;895.00;2
1951;23;627049432;1951;232;2688;2690;9.14;0.56;212.28;3.61;737;23;896.00;2
1953;23;627049446;1953;226;2688;2690;9.08;0.55;212.46;3.61;735;23;897.00;2
1958;23;627049459;1958;222;2688;2690;8.98;0.55;212.63;3.61;730;23;898.00;2
1959;23;627049472;1959;222;2688;2690;8.91;0.54;212.75;3.61;729;23;899.00;2
1962;23;627049495;1962;224;2716;2736;8.86;0.54;212.86;3.58;754;23;900.00;20
1968;24;627049536;1968;216;2716;2736;8.85;0.54;213.43;3.58;748;24;901.00;20
1971;24;627049564;1971;209;2718;2736;8.89;0.54;213.52;3.57;747;24;902.00;18
1973;24;627049582;1973;206;2718;2736;8.94;0.55;213.65;3.57;745;24;903.00;18
1976;24;627049594;1976;212;2719;2736;8.99;0.55;213.77;3.57;743;24;904.00;17
1980;24;627049608;1980;209;2721;2736;9.00;0.55;213.78;3.59;741;24;905.00;15
1981;24;627049635;1981;200;2726;2740;9.06;0.55;213.87;3.59;745;24;906.00;14
1984;24;627049647;1984;194;2728;2740;9.10;0.56;214.05;3.59;744;24;907.00;12
1988;24;627049659;1988;180;2731;2744;9.21;0.56;214.02;3.59;743;24;908.00;13
1989;24;627049671;1989;174;2732;2745;9.24;0.56;213.98;3.59;743;24;909.00;13
1992;24;627049682;1992;172;2733;2745;9.26;0.57;214.10;3.59;741;24;910.00;12
1992;24;627049694;1992;174;2733;2745;9.29;0.57;214.10;3.59;741;24;911.00;12
1995;24;627049704;1995;174;2742;2758;9.40;0.58;214.20;3.58;747;24;912.00;16
1997;24;627049717;1997;183;2743;2758;9.42;0.58;214.27;3.58;746;24;913.00;15
2001;24;627049728;2001;181;2743;2758;9.47;0.58;214.47;3.58;742;24;914.00;15
2004;24;627049739;2004;185;2745;2759;9.48;0.58;214.58;3.58;741;24;915.00;14
2007;24;627049751;2007;187;2746;2760;9.48;0.58;214.59;3.58;739;24;916.00;14
2008;24;627049763;2008;186;2746;2760;9.47;0.58;214.71;3.58;738;24;917.00;14
2009;24;627049775;2009;178;2748;2763;9.53;0.58;214.79;3.58;739;24;918.00;15
2011;24;627049787;2011;180;2749;2763;9.49;0.58;214.79;3.59;738;24;919.00;14
2012;24;627049797;2012;176;2749;2763;9.44;0.58;214.78;3.59;737;24;920.00;14
2017;24;627049808;2017;171;2750;2763;9.38;0.57;214.79;3.59;733;24;921.00;13
2019;24;627049818;2019;163;2754;2769;9.36;0.57;214.77;3.59;735;24;922.00;15
2023;24;627049829;2023;156;2754;2769;9.38;0.57;214.63;3.59;731;24;923.00;15
2024;24;627049840;2024;157;2754;2769;9.36;0.57;214.65;3.59;730;24;924.00;15
2028;24;627049851;2028;161;2756;2769;9.34;0.57;214.75;3.60;728;24;925.00;13
2030;24;627049861;2030;165;2761;2773;9.31;0.57;214.77;3.60;731;24;926.00;12
2030;25;627049872;2030;168;2762;2774;9.35;0.57;214.77;3.60;732;25;927.00;12
2033;25;627049893;2033;170;2762;2774;9.43;0.57;215.00;3.60;729;25;928.00;12
2036;25;627049903;2036;178;2765;2775;9.46;0.58;215.00;3.61;729;25;929.00;10
2039;25;627049915;2039;183;2766;2775;9.45;0.58;214.94;3.62;727;25;930.00;9
2042;25;627049925;2042;189;2766;2775;9.40;0.57;215.00;3.62;724;25;931.00;9
2044;25;627049934;2044;191;2767;2775;9.35;0.57;214.98;3.62;723;25;932.00;8
2048;25;627049944;2048;196;2768;2775;9.31;0.57;215.11;3.65;720;25;933.00;7
2048;25;627049954;2048;205;2769;2775;9.28;0.56;215.11;3.65;721;25;934.00;6
2051;25;627049963;2051;212;2770;2775;9.20;0.56;215.09;3.65;719;25;935.00;5
2051;25;627049974;2051;226;2810;2845;9.04;0.55;215.09;3.60;759;25;936.00;35
2051;25;627049995;2051;226;2814;2846;9.11;0.56;215.09;3.61;763;25;937.00;32
2053;25;627050004;2053;223;2821;2846;9.12;0.56;215.08;3.60;768;25;938.00;25
2054;25;627050015;2054;228;2824;2846;9.08;0.56;215.05;3.60;770;25;939.00;22
2056;25;627050024;2056;226;2829;2846;9.12;0.56;215.16;3.60;773;25;940.00;17
2058;25;627050039;2058;228;2830;2846;9.12;0.56;215.07;3.60;772;25;941.00;16
2060;25;627050049;2060;226;2835;2846;9.17;0.56;215.18;3.61;775;25;942.00;11
2061;25;627050059;2061;223;2835;2846;9.17;0.56;215.16;3.61;774;25;943.00;11
2062;25;627050069;2062;213;2839;2847;9.25;0.57;215.15;3.61;777;25;944.00;8
2065;25;627050078;2065;213;2842;2849;9.24;0.57;215.11;3.61;777;25;945.00;7
2067;25;627050089;2067;214;2842;2849;9.21;0.57;215.07;3.61;775;25;946.00;7
2071;25;627050099;2071;214;2845;2853;9.18;0.56;215.04;3.61;774;25;947.00;8
2075;25;627050109;2075;208;2845;2853;9.03;0.55;215.02;3.61;770;25;948.00;8
2079;25;627050119;2079;203;2845;2853;8.89;0.55;215.01;3.61;766;25;949.00;8
2084;25;627050129;2084;200;2845;2853;8.80;0.54;214.88;3.61;761;25;950.00;8
2087;25;627050138;2087;200;2849;2859;8.75;0.54;214.78;3.62;762;25;951.00;10
2091;25;627050149;2091;188;2849;2859;8.74;0.53;214.77;3.62;758;25;952.00;10
2095;25;627050158;2095;185;2851;2859;8.68;0.53;214.53;3.64;756;25;953.00;8
2098;25;627050168;2098;189;2854;2862;8.68;0.53;214.66;3.65;756;25;954.00;8
2101;25;627050184;2101;193;2856;2862;8.58;0.52;214.80;3.65;755;25;955.00;6
2104;25;627050194;2104;187;2856;2862;8.52;0.52;214.79;3.65;752;25;956.00;6
2109;25;627050203;2109;183;2858;2863;8.44;0.51;214.93;3.66;749;25;957.00;5
2113;25;627050222;2113;183;2859;2864;8.43;0.51;214.85;3.66;746;25;958.00;5
2115;25;627050232;2115;186;2859;2864;8.45;0.52;215.12;3.66;744;25;959.00;5
2117;25;627050243;2117;189;2875;2890;8.49;0.52;215.04;3.64;758;25;960.00;15
2119;25;627050255;2119;190;2876;2890;8.54;0.52;215.11;3.63;757;25;961.00;14
2122;25;627050264;2122;193;2879;2890;8.60;0.52;214.91;3.63;757;25;962.00;11
2126;25;627050275;2126;200;2880;2891;8.67;0.53;214.79;3.63;754;25;963.00;11
2127;25;627050285;2127;198;2880;2891;8.71;0.53;214.76;3.63;753;25;964.00;11
2129;25;627050294;2129;204;2882;2895;8.75;0.53;214.62;3.63;753;25;965.00;13
2129;25;627050306;2129;203;2883;2895;8.79;0.53;214.62;3.63;754;25;966.00;12
2130;25;627050318;2130;207;2886;2899;8.82;0.54;214.63;3.63;756;25;967.00;13
2131;25;627050328;2131;211;2886;2899;8.83;0.54;214.58;3.63;755;25;968.00;13
2133;25;627050338;2133;215;2888;2899;8.83;0.54;214.57;3.65;755;25;969.00;11
2135;25;627050349;2135;221;2889;2899;8.88;0.54;214.43;3.65;754;25;970.00;10
2137;25;627050369;2137;225;2890;2899;8.78;0.53;214.36;3.67;753;25;971.00;9
2138;25;627050380;2138;229;2901;2911;8.75;0.53;214.38;3.66;763;25;972.00;10
2139;25;627050392;2139;243;2902;2911;8.62;0.52;214.39;3.66;763;25;973.00;9
2140;25;627050401;2140;242;2903;2911;8.47;0.52;214.41;3.67;763;25;974.00;8
2142;25;627050411;2142;237;2903;2911;8.35;0.51;214.33;3.67;761;25;975.00;8
2142;25;627050420;2142;247;2903;2911;8.31;0.51;214.33;3.67;761;25;976.00;8
2144;25;627050430;2144;248;2904;2911;8.26;0.50;214.36;3.67;760;25;977.00;7
2145;25;627050440;2145;251;2904;2912;8.24;0.50;214.38;3.67;759;25;978.00;8
2146;25;627050456;2146;241;2904;2912;8.26;0.50;214.39;3.67;758;25;979.00;8
2146;25;627050466;2146;239;2911;2918;8.38;0.51;214.39;3.69;765;25;980.00;7
2147;25;627050477;2147;238;2912;2919;8.46;0.52;214.41;3.69;765;25;981.00;7
2148;25;627050486;2148;233;2913;2919;8.54;0.52;214.37;3.69;765;25;982.00;6
2152;25;627050496;2152;227;2916;2919;8.60;0.52;214.40;3.70;764;25;983.00;3
2152;25;627050506;2152;223;2919;2923;8.67;0.53;214.40;3.70;767;25;984.00;4
2155;25;627050517;2155;220;2921;2923;8.69;0.53;214.22;3.70;766;25;985.00;2
2156;25;627050527;2156;217;2921;2923;8.73;0.53;214.21;3.70;765;25;986.00;2
2158;25;627050542;2158;222;2922;2924;8.76;0.53;214.15;3.70;764;25;987.00;2
2161;25;627050552;2161;218;2926;2928;8.79;0.53;214.09;3.70;765;25;988.00;2
2162;25;627050572;2162;219;2927;2928;8.85;0.54;214.00;3.70;765;25;989.00;1
2163;25;627050583;2163;223;2931;2934;8.87;0.54;213.99;3.70;768;25;990.00;3
2163;25;627050594;2163;222;2932;2934;8.90;0.54;213.99;3.70;769;25;991.00;2
2166;25;627050603;2166;222;2932;2934;8.92;0.54;214.06;3.70;766;25;992.00;2
2166;25;627050613;2166;222;2933;2934;8.91;0.54;214.06;3.70;767;25;993.00;1
2168;25;627050627;2168;223;2936;2938;8.93;0.55;214.03;3.70;768;25;994.00;2
2170;25;627050649;2170;224;2936;2938;8.89;0.54;214.09;3.70;766;25;995.00;2
2171;25;627050659;2171;230;2937;2938;8.87;0.54;214.11;3.70;766;25;996.00;1
2171;25;627050669;2171;233;2937;2938;8.82;0.54;214.11;3.70;766;25;997.00;1
2171;25;627050678;2171;239;2939;2939;8.72;0.53;214.11;3.70;768;25;998.00;0
2173;25;627050687;2173;233;2940;2940;8.63;0.53;214.04;3.69;767;25;999.00;0
2175;25;627050698;2175;230;2940;2940;8.49;0.52;214.00;3.69;765;25;1000.00;0
2177;25;627050710;2177;229;2941;2941;8.33;0.51;214.09;3.69;764;25;1001.00;0
2180;25;627050720;2180;225;2941;2941;8.19;0.50;214.24;3.69;761;25;1002.00;0
2185;25;627050729;2185;225;2941;2941;8.09;0.50;214.27;3.69;756;25;1003.00;0
2187;25;627050739;2187;218;2941;2941;8.14;0.50;214.43;3.69;754;25;1004.00;0
2189;25;627050748;2189;213;2941;2941;8.12;0.50;214.33;3.69;752;25;1005.00;0
2192;25;627050757;2192;214;2941;2941;8.20;0.50;214.49;3.69;749;25;1006.00;0
2195;25;627050765;2195;219;2941;2941;8.30;0.51;214.65;3.69;746;25;1007.00;0
2196;25;627050774;2196;242;3010;3068;8.47;0.52;214.68;3.61;814;25;1008.00;58
2198;25;627050793;2198;238;3012;3069;8.52;0.53;214.96;3.61;814;25;1009.00;57
2200;25;627050802;2200;223;3020;3069;8.65;0.53;214.91;3.60;820;25;1010.00;49
2204;25;627050813;2204;226;3026;3069;8.66;0.53;215.19;3.60;822;25;1011.00;43
2210;25;627050822;2210;233;3033;3069;8.64;0.53;215.37;3.60;823;25;1012.00;36
2213;25;627050832;2213;236;3035;3069;8.59;0.53;215.70;3.60;822;25;1013.00;34
2216;25;627050842;2216;236;3041;3069;8.56;0.53;215.91;3.61;825;25;1014.00;28
2220;25;627050851;2220;235;3041;3069;8.52;0.52;216.17;3.61;821;25;1015.00;28
2227;25;627050861;2227;242;3047;3070;8.57;0.53;216.19;3.62;820;25;1016.00;23
2230;25;627050872;2230;242;3051;3071;8.59;0.53;216.20;3.63;821;25;1017.00;20
2236;25;627050881;2236;252;3056;3071;8.52;0.52;216.35;3.64;820;25;1018.00;15
2239;25;627050892;2239;257;3061;3072;8.39;0.51;216.39;3.64;822;25;1019.00;11
2243;25;627050909;2243;253;3063;3072;8.25;0.50;216.73;3.65;820;25;1020.00;9
2247;25;627050919;2247;247;3063;3072;8.09;0.50;216.94;3.65;816;25;1021.00;9
2249;25;627050937;2249;244;3065;3072;7.95;0.49;216.91;3.65;816;25;1022.00;7
2253;25;627050947;2253;239;3068;3076;7.85;0.48;217.16;3.66;815;25;1023.00;8
2260;25;627050957;2260;238;3070;3076;7.82;0.48;217.67;3.66;810;25;1024.00;6
2261;25;627050968;2261;238;3071;3076;7.93;0.49;217.67;3.67;810;25;1025.00;5
2267;25;627050978;2267;238;3073;3079;7.97;0.49;218.21;3.67;806;25;1026.00;6
2271;25;627050989;2271;234;3075;3079;8.06;0.49;218.49;3.67;804;25;1027.00;4
2273;25;627051001;2273;225;3077;3079;8.20;0.50;218.73;3.67;804;25;1028.00;2
2280;25;627051011;2280;221;3081;3083;8.20;0.50;218.99;3.67;801;25;1029.00;2
2284;25;627051023;2284;223;3082;3084;8.28;0.51;219.24;3.66;798;25;1030.00;2
2288;25;627051033;2288;219;3082;3084;8.36;0.51;219.14;3.66;794;25;1031.00;2
2292;25;627051044;2292;215;3086;3088;8.50;0.52;219.41;3.66;794;25;1032.00;2
2293;25;627051055;2293;213;3086;3088;8.64;0.53;219.49;3.66;793;25;1033.00;2
2299;25;627051067;2299;207;3086;3088;8.69;0.53;219.67;3.66;787;25;1034.00;2
2302;25;627051079;2302;206;3088;3090;8.72;0.53;219.95;3.66;786;25;1035.00;2
2306;25;627051090;2306;201;3088;3090;8.77;0.53;220.16;3.66;782;25;1036.00;2
2309;26;627051101;2309;198;3093;3096;8.85;0.54;220.34;3.65;784;26;1037.00;3
2315;26;627051123;2315;201;3093;3096;8.94;0.55;220.50;3.65;778;26;1038.00;3
2317;26;627051135;2317;202;3095;3097;9.02;0.55;220.66;3.65;778;26;1039.00;2
2322;27;627051147;2322;203;3095;3097;9.04;0.55;220.69;3.65;773;27;1040.00;2
2325;27;627051167;2325;203;3095;3097;9.06;0.55;220.84;3.65;770;27;1041.00;2
2330;27;627051183;2330;196;3095;3097;9.07;0.55;220.86;3.65;765;27;1042.00;2
2334;27;627051194;2334;193;3095;3097;9.06;0.55;221.04;3.65;761;27;1043.00;2
2340;27;627051205;2340;189;3106;3109;9.16;0.56;221.13;3.64;766;27;1044.00;3
2343;27;627051217;2343;183;3106;3109;9.17;0.56;221.15;3.64;763;27;1045.00;3
2347;27;627051228;2347;178;3107;3109;9.21;0.56;221.30;3.64;760;27;1046.00;2
2353;27;627051238;2353;178;3108;3109;9.22;0.56;221.42;3.65;755;27;1047.00;1
2356;27;627051249;2356;173;3108;3109;9.29;0.57;221.50;3.65;752;27;1048.00;1
2360;27;627051260;2360;175;3108;3109;9.38;0.57;221.66;3.65;748;27;1049.00;1
2366;27;627051272;2366;180;3114;3115;9.36;0.57;221.73;3.64;748;27;1050.00;1
2368;27;627051284;2368;175;3114;3115;9.44;0.58;221.70;3.64;746;27;1051.00;1
2374;27;627051295;2374;178;3117;3119;9.50;0.58;221.81;3.64;743;27;1052.00;2
2378;27;627051307;2378;178;3119;3120;9.48;0.58;221.87;3.64;741;27;1053.00;1
2384;27;627051320;2384;181;3119;3120;9.50;0.58;222.05;3.64;735;27;1054.00;1
2388;27;627051332;2388;182;3119;3120;9.51;0.58;222.33;3.64;731;27;1055.00;1
2392;27;627051349;2392;179;3132;3133;9.59;0.58;222.26;3.63;740;27;1056.00;1
2398;27;627051368;2398;182;3132;3133;9.61;0.59;222.49;3.63;734;27;1057.00;1
2404;27;627051388;2404;184;3132;3133;9.53;0.58;222.50;3.63;728;27;1058.00;1
2408;27;627051420;2408;180;3133;3134;9.59;0.58;222.57;3.62;725;27;1059.00;1
2413;27;627051439;2413;182;3134;3135;9.53;0.58;222.47;3.62;721;27;1060.00;1
2416;27;627051453;2416;185;3134;3135;9.54;0.58;222.52;3.62;718;27;1061.00;1
2418;27;627051465;2418;189;3136;3138;9.57;0.58;222.55;3.62;718;27;1062.00;2
2420;27;627051478;2420;193;3136;3138;9.54;0.58;222.64;3.62;716;27;1063.00;2
2423;27;627051490;2423;192;3137;3138;9.48;0.58;222.73;3.62;714;27;1064.00;1
2426;27;627051502;2426;201;3137;3138;9.45;0.58;222.75;3.62;711;27;1065.00;1
2428;27;627051514;2428;204;3142;3144;9.37;0.57;222.64;3.62;714;27;1066.00;2
2430;27;627051526;2430;201;3142;3144;9.32;0.57;222.80;3.62;712;27;1067.00;2
2433;27;627051538;2433;194;3143;3144;9.32;0.57;222.88;3.62;710;27;1068.00;1
2438;27;627051550;2438;189;3143;3144;9.34;0.57;223.01;3.62;705;27;1069.00;1
2440;27;627051561;2440;191;3147;3148;9.41;0.58;223.08;3.61;707;27;1070.00;1
2447;27;627051572;2447;192;3148;3149;9.42;0.57;223.15;3.61;701;27;1071.00;1
2452;27;627051584;2452;195;3148;3149;9.33;0.57;223.18;3.61;696;27;1072.00;1
2454;27;627051602;2454;201;3149;3150;9.32;0.57;223.19;3.61;695;27;1073.00;1
2458;27;627051615;2458;199;3149;3150;9.33;0.57;223.42;3.61;691;27;1074.00;1
2462;27;627051626;2462;198;3149;3150;9.34;0.57;223.40;3.61;687;27;1075.00;1
2462;27;627051638;2462;190;3149;3150;9.45;0.58;223.40;3.61;687;27;1076.00;1
2468;27;627051656;2468;182;3149;3150;9.45;0.57;223.63;3.61;681;27;1077.00;1
2469;27;627051667;2469;173;3149;3150;9.48;0.58;223.62;3.61;680;27;1078.00;1
2472;27;627051679;2472;166;3149;3150;9.44;0.57;223.96;3.61;677;27;1079.00;1
2475;27;627051699;2475;183;3224;3275;9.38;0.58;223.99;3.53;749;27;1080.00;51
2476;27;627051721;2476;178;3229;3276;9.40;0.58;224.08;3.52;753;27;1081.00;47
2478;27;627051733;2478;170;3234;3276;9.49;0.58;224.03;3.52;756;27;1082.00;42
2479;27;627051744;2479;163;3236;3276;9.52;0.59;224.03;3.52;757;27;1083.00;40
2484;27;627051755;2484;162;3240;3276;9.50;0.58;224.18;3.52;756;27;1084.00;36
2487;27;627051767;2487;156;3241;3276;9.44;0.58;224.13;3.52;754;27;1085.00;35
2490;27;627051778;2490;159;3246;3276;9.37;0.58;224.34;3.53;756;27;1086.00;30
2492;27;627051790;2492;159;3249;3276;9.33;0.57;224.40;3.53;757;27;1087.00;27
2493;27;627051801;2493;152;3252;3277;9.34;0.58;224.35;3.53;759;27;1088.00;25
2495;27;627051813;2495;158;3255;3278;9.22;0.57;224.36;3.53;760;27;1089.00;23
2497;27;627051824;2497;160;3257;3278;9.15;0.56;224.36;3.54;760;27;1090.00;21
2500;27;627051836;2500;165;3262;3282;9.03;0.55;224.34;3.54;762;27;1091.00;20
2501;27;627051848;2501;170;3265;3282;9.03;0.55;224.29;3.54;764;27;1092.00;17
2501;27;627051859;2501;172;3266;3282;9.03;0.55;224.29;3.55;765;27;1093.00;16
2505;27;627051870;2505;184;3266;3282;9.07;0.56;224.20;3.55;761;27;1094.00;16
2507;27;627051882;2507;190;3271;3288;9.10;0.56;224.29;3.55;764;27;1095.00;17
2509;27;627051894;2509;197;3271;3288;9.13;0.56;224.28;3.55;762;27;1096.00;17
2509;27;627051911;2509;199;3272;3288;9.10;0.56;224.28;3.55;763;27;1097.00;16
2510;27;627051922;2510;207;3274;3291;9.10;0.56;224.34;3.54;764;27;1098.00;17
2510;27;627051932;2510;212;3275;3291;9.11;0.56;224.34;3.55;765;27;1099.00;16
2512;27;627051951;2512;215;3276;3291;9.08;0.56;224.38;3.54;764;27;1100.00;15
2513;27;627051967;2513;218;3277;3292;9.11;0.56;224.37;3.54;764;27;1101.00;15
2516;27;627051978;2516;217;3278;3293;9.12;0.56;224.16;3.54;762;27;1102.00;15
2519;27;627051988;2519;221;3278;3293;9.08;0.55;224.16;3.54;759;27;1103.00;15
2520;27;627051999;2520;227;3288;3306;8.98;0.55;224.09;3.53;768;27;1104.00;18
2523;27;627052011;2523;229;3289;3306;8.96;0.55;224.04;3.56;766;27;1105.00;17
2526;27;627052022;2526;233;3289;3306;8.89;0.54;223.99;3.56;763;27;1106.00;17
2529;27;627052033;2529;240;3290;3307;8.83;0.54;224.14;3.56;761;27;1107.00;17
2530;27;627052044;2530;240;3290;3307;8.81;0.54;224.09;3.56;760;27;1108.00;17
2533;27;627052054;2533;246;3293;3311;8.79;0.54;224.17;3.56;760;27;1109.00;18
2535;27;627052073;2535;244;3293;3311;8.79;0.54;224.23;3.56;758;27;1110.00;18
2535;27;627052083;2535;241;3297;3315;8.84;0.54;224.23;3.55;762;27;1111.00;18
2539;27;627052094;2539;241;3297;3315;8.86;0.54;224.18;3.55;758;27;1112.00;18
2541;27;627052104;2541;238;3297;3315;8.89;0.55;224.05;3.55;756;27;1113.00;18
2546;27;627052114;2546;237;3297;3315;8.84;0.54;224.03;3.55;751;27;1114.00;18
2548;27;627052124;2548;234;3297;3315;8.84;0.54;224.00;3.55;749;27;1115.00;18
2551;27;627052133;2551;234;3306;3327;8.90;0.55;223.93;3.55;755;27;1116.00;21
2554;27;627052144;2554;229;3306;3327;8.81;0.54;223.80;3.55;752;27;1117.00;21
2556;27;627052154;2556;230;3308;3327;8.77;0.54;223.81;3.54;752;27;1118.00;19
2557;27;627052164;2557;228;3308;3327;8.74;0.54;223.82;3.54;751;27;1119.00;19
2559;27;627052173;2559;229;3309;3327;8.64;0.53;223.72;3.56;750;27;1120.00;18
2562;27;627052183;2562;223;3309;3327;8.58;0.52;223.72;3.56;747;27;1121.00;18
2567;27;627052192;2567;219;3310;3328;8.46;0.52;223.63;3.57;743;27;1122.00;18
2570;27;627052202;2570;212;3310;3328;8.35;0.51;223.62;3.57;740;27;1123.00;18
2572;27;627052210;2572;209;3315;3334;8.35;0.51;223.62;3.58;743;27;1124.00;19
2573;27;627052221;2573;207;3320;3336;8.35;0.51;223.58;3.58;747;27;1125.00;16
2575;27;627052230;2575;205;3320;3336;8.33;0.51;223.55;3.58;745;27;1126.00;16
2576;27;627052239;2576;208;3321;3336;8.33;0.51;223.51;3.60;745;27;1127.00;15
2580;27;627052249;2580;207;3323;3340;8.29;0.51;223.46;3.59;743;27;1128.00;17
2582;27;627052259;2582;202;3323;3340;8.37;0.51;223.48;3.59;741;27;1129.00;17
2583;27;627052269;2583;209;3323;3340;8.41;0.51;223.72;3.59;740;27;1130.00;17
2585;27;627052277;2585;190;3325;3341;8.47;0.52;223.68;3.61;740;27;1131.00;16
2587;27;627052287;2587;181;3328;3345;8.55;0.52;223.65;3.61;741;27;1132.00;17
2587;27;627052297;2587;171;3329;3345;8.68;0.53;223.65;3.62;742;27;1133.00;16
2590;27;627052307;2590;166;3331;3348;8.81;0.53;223.63;3.62;741;27;1134.00;17
2593;27;627052318;2593;160;3333;3348;8.92;0.54;223.53;3.63;740;27;1135.00;15
2594;27;627052328;2594;154;3333;3348;9.03;0.55;223.47;3.63;739;27;1136.00;15
2594;27;627052338;2594;148;3334;3348;9.15;0.56;223.47;3.65;740;27;1137.00;14
2599;27;627052355;2599;148;3338;3352;9.24;0.56;223.31;3.66;739;27;1138.00;14
2599;27;627052371;2599;147;3339;3352;9.33;0.57;223.31;3.67;740;27;1139.00;13
2599;27;627052384;2599;146;3340;3352;9.42;0.57;223.31;3.67;741;27;1140.00;12
2600;27;627052401;2600;145;3341;3352;9.45;0.57;223.26;3.69;741;27;1141.00;11
2601;27;627052410;2601;146;3342;3353;9.55;0.58;223.21;3.69;741;27;1142.00;11
2603;28;627052420;2603;139;3344;3354;9.62;0.59;223.17;3.71;741;28;1143.00;10
2604;28;627052441;2604;145;3344;3354;9.66;0.59;223.13;3.71;740;28;1144.00;10
2606;28;627052456;2606;147;3345;3355;9.72;0.59;223.15;3.71;739;28;1145.00;10
2608;28;627052467;2608;144;3345;3355;9.77;0.59;223.06;3.71;737;28;1146.00;10
2609;28;627052477;2609;149;3345;3355;9.90;0.60;223.04;3.71;736;28;1147.00;10
2611;28;627052488;2611;149;3345;3355;9.98;0.61;223.04;3.71;734;28;1148.00;10
2612;28;627052498;2612;148;3345;3355;10.04;0.61;223.02;3.71;733;28;1149.00;10
2614;28;627052508;2614;147;3347;3355;10.00;0.61;222.98;3.73;733;28;1150.00;8
2616;28;627052517;2616;151;3347;3355;10.04;0.61;222.92;3.73;731;28;1151.00;8
2618;28;627052527;2618;169;3412;3482;10.07;0.62;223.03;3.66;794;28;1152.00;70
2621;28;627052547;2621;162;3414;3483;10.04;0.62;223.12;3.66;793;28;1153.00;69
2622;28;627052558;2622;155;3425;3483;10.17;0.62;223.14;3.66;803;28;1154.00;58
2623;28;627052568;2623;154;3431;3483;10.16;0.62;223.25;3.66;808;28;1155.00;52
2625;28;627052579;2625;155;3437;3483;10.15;0.62;223.21;3.67;812;28;1156.00;46
2630;28;627052589;2630;152;3440;3483;10.14;0.62;223.44;3.67;810;28;1157.00;43
2632;28;627052601;2632;156;3446;3483;10.07;0.62;223.52;3.68;814;28;1158.00;37
2634;28;627052611;2634;154;3449;3483;10.01;0.61;223.75;3.68;815;28;1159.00;34
2639;28;627052622;2639;164;3456;3484;9.94;0.61;224.01;3.70;817;28;1160.00;28
2640;28;627052632;2640;167;3458;3485;9.89;0.61;223.93;3.70;818;28;1161.00;27
2645;28;627052643;2645;169;3463;3485;9.87;0.61;224.16;3.71;818;28;1162.00;22
2649;28;627052659;2649;179;3466;3486;9.72;0.60;224.19;3.72;817;28;1163.00;20
2652;28;627052669;2652;182;3470;3486;9.66;0.59;224.28;3.73;818;28;1164.00;16
2656;28;627052679;2656;195;3475;3486;9.54;0.59;224.43;3.74;819;28;1165.00;11
2658;28;627052689;2658;200;3477;3486;9.43;0.58;224.58;3.74;819;28;1166.00;9
2662;28;627052705;2662;204;3480;3490;9.33;0.57;224.57;3.75;818;28;1167.00;10
2668;28;627052716;2668;210;3482;3490;9.14;0.56;224.67;3.75;814;28;1168.00;8
2671;28;627052732;2671;219;3483;3490;9.00;0.55;224.70;3.75;812;28;1169.00;7
2671;28;627052745;2671;227;3487;3496;8.91;0.54;224.70;3.75;816;28;1170.00;9
2675;28;627052756;2675;222;3487;3496;8.78;0.54;225.07;3.75;812;28;1171.00;9
2677;28;627052766;2677;227;3489;3496;8.68;0.53;225.23;3.75;812;28;1172.00;7
2677;28;627052776;2677;226;3493;3500;8.55;0.52;225.23;3.75;816;28;1173.00;7
2679;28;627052787;2679;232;3495;3501;8.46;0.52;225.42;3.75;816;28;1174.00;6
2681;28;627052796;2681;234;3495;3501;8.45;0.52;225.42;3.75;814;28;1175.00;6
2683;28;627052807;2683;233;3500;3505;8.49;0.52;225.49;3.74;817;28;1176.00;5
2684;28;627052817;2684;235;3500;3505;8.57;0.53;225.62;3.74;816;28;1177.00;5
2685;28;627052828;2685;240;3500;3505;8.61;0.53;225.73;3.74;815;28;1178.00;5
2688;28;627052838;2688;240;3501;3506;8.65;0.53;225.89;3.74;813;28;1179.00;5
2692;28;627052848;2692;243;3501;3506;8.65;0.53;225.89;3.74;809;28;1180.00;5
2695;28;627052865;2695;238;3506;3512;8.60;0.53;226.11;3.74;811;28;1181.00;6
2699;28;627052876;2699;238;3507;3512;8.51;0.52;226.04;3.74;808;28;1182.00;5
2702;28;627052886;2702;242;3508;3513;8.41;0.51;226.21;3.74;806;28;1183.00;5
2706;28;627052895;2706;246;3508;3513;8.32;0.51;226.28;3.74;802;28;1184.00;5
2709;28;627052905;2709;246;3508;3513;8.30;0.51;226.33;3.74;799;28;1185.00;5
2715;28;627052915;2715;249;3508;3513;8.22;0.50;226.26;3.74;793;28;1186.00;5
2720;28;627052925;2720;246;3508;3513;8.12;0.50;226.30;3.74;788;28;1187.00;5
2724;28;627052935;2724;255;3519;3525;8.06;0.49;226.56;3.72;795;28;1188.00;6
2726;28;627052945;2726;257;3520;3525;8.02;0.49;226.60;3.72;794;28;1189.00;5
2731;28;627052954;2731;244;3520;3525;7.89;0.48;226.67;3.72;789;28;1190.00;5
2731;28;627052970;2731;236;3520;3525;7.88;0.48;226.67;3.72;789;28;1191.00;5
2736;28;627052979;2736;225;3520;3525;7.86;0.48;226.82;3.72;784;28;1192.00;5
2739;28;627052988;2739;228;3520;3525;7.89;0.48;226.99;3.72;781;28;1193.00;5
2740;28;627052998;2740;225;3524;3529;8.02;0.49;227.08;3.72;784;28;1194.00;5
2744;28;627053008;2744;218;3524;3529;8.09;0.50;227.12;3.72;780;28;1195.00;5
2746;28;627053018;2746;219;3527;3533;8.19;0.50;227.08;3.72;781;28;1196.00;6
2749;28;627053028;2749;207;3529;3534;8.26;0.51;227.08;3.72;780;28;1197.00;5
2753;28;627053038;2753;196;3529;3534;8.34;0.51;227.11;3.72;776;28;1198.00;5
2759;28;627053048;2759;190;3529;3534;8.37;0.51;227.29;3.72;770;28;1199.00;5
2763;28;627053061;2763;191;3550;3575;8.37;0.51;227.61;3.70;787;28;1200.00;25
2765;28;627053079;2765;186;3552;3575;8.43;0.52;227.83;3.69;787;28;1201.00;23
2772;28;627053089;2772;183;3556;3575;8.46;0.52;228.02;3.69;784;28;1202.00;19
2775;28;627053105;2775;182;3557;3576;8.55;0.52;228.17;3.69;782;28;1203.00;19
2779;28;627053115;2779;182;3560;3577;8.63;0.53;228.21;3.69;781;28;1204.00;17
2782;28;627053126;2782;174;3562;3577;8.70;0.53;228.41;3.69;780;28;1205.00;15
2788;28;627053137;2788;169;3564;3580;8.80;0.54;228.62;3.69;776;28;1206.00;16
2792;28;627053148;2792;173;3566;3580;8.89;0.54;228.53;3.69;774;28;1207.00;14
2796;28;627053159;2796;176;3567;3580;8.96;0.55;228.79;3.69;771;28;1208.00;13
2800;28;627053169;2800;176;3567;3580;8.98;0.55;229.03;3.69;767;28;1209.00;13
2804;28;627053180;2804;178;3571;3586;9.01;0.55;229.19;3.69;767;28;1210.00;15
2812;28;627053191;2812;173;3573;3586;8.99;0.55;229.22;3.69;761;28;1211.00;13
2817;29;627053208;2817;180;3574;3586;8.98;0.55;229.37;3.69;757;29;1212.00;12
2819;29;627053234;2819;176;3575;3586;9.08;0.56;229.45;3.69;756;29;1213.00;11
2827;29;627053245;2827;176;3579;3590;9.10;0.56;229.67;3.69;752;29;1214.00;11
2833;29;627053256;2833;174;3581;3592;9.16;0.56;229.67;3.69;748;29;1215.00;11
2837;29;627053268;2837;181;3581;3592;9.21;0.56;229.65;3.69;744;29;1216.00;11
2840;29;627053279;2840;180;3582;3593;9.27;0.57;229.92;3.69;742;29;1217.00;11
2847;29;627053289;2847;179;3582;3593;9.29;0.57;230.30;3.69;735;29;1218.00;11
2850;29;627053299;2850;185;3583;3593;9.27;0.57;230.35;3.69;733;29;1219.00;10
2856;29;627053310;2856;193;3583;3593;9.23;0.56;230.41;3.69;727;29;1220.00;10
2860;29;627053320;2860;207;3584;3593;9.18;0.56;230.68;3.73;724;29;1221.00;9
2866;29;627053331;2866;207;3584;3593;9.18;0.56;230.63;3.73;718;29;1222.00;9
2870;29;627053346;2870;213;3584;3593;9.10;0.56;230.79;3.73;714;29;1223.00;9
2877;29;627053363;2877;227;3626;3663;8.86;0.54;230.87;3.69;749;29;1224.00;37
2880;29;627053390;2880;224;3628;3664;8.88;0.54;231.08;3.69;748;29;1225.00;36
2883;29;627053407;2883;219;3631;3664;8.93;0.55;231.20;3.69;748;29;1226.00;33
2890;29;627053423;2890;223;3632;3664;8.95;0.55;231.32;3.69;742;29;1227.00;32
2896;29;627053439;2896;226;3637;3666;9.00;0.55;231.56;3.69;741;29;1228.00;29
2899;29;627053454;2899;228;3638;3666;9.05;0.55;231.65;3.69;739;29;1229.00;28
2902;29;627053469;2902;232;3642;3666;9.10;0.56;231.66;3.70;740;29;1230.00;24
2906;29;627053480;2906;233;3645;3666;9.09;0.55;231.71;3.70;739;29;1231.00;21
2911;29;627053492;2911;239;3650;3667;9.02;0.55;231.70;3.71;739;29;1232.00;17
2914;29;627053504;2914;245;3654;3668;8.96;0.55;231.65;3.71;740;29;1233.00;14
2917;29;627053517;2917;258;3656;3668;8.76;0.54;231.64;3.71;739;29;1234.00;12
2920;29;627053529;2920;265;3661;3672;8.59;0.52;231.66;3.71;741;29;1235.00;11
2922;29;627053541;2922;276;3663;3672;8.45;0.52;231.65;3.72;741;29;1236.00;9
2924;29;627053552;2924;268;3663;3672;8.40;0.51;231.69;3.72;739;29;1237.00;9
2928;29;627053563;2928;268;3663;3672;8.40;0.51;231.74;3.72;735;29;1238.00;9
2932;29;627053575;2932;264;3669;3678;8.39;0.51;231.73;3.72;737;29;1239.00;9
2933;29;627053587;2933;265;3670;3678;8.48;0.52;231.68;3.72;737;29;1240.00;8
2937;29;627053598;2937;264;3670;3678;8.51;0.52;231.64;3.72;733;29;1241.00;8
2938;30;627053609;2938;266;3674;3681;8.58;0.52;231.87;3.72;736;30;1242.00;7
2940;30;627053633;2940;266;3674;3681;8.55;0.52;231.89;3.72;734;30;1243.00;7
2942;31;627053644;2942;269;3675;3681;8.58;0.52;231.93;3.76;733;31;1244.00;6
2944;31;627053663;2944;269;3676;3682;8.55;0.52;231.97;3.76;732;31;1245.00;6
2945;31;627053674;2945;259;3677;3683;8.61;0.52;231.97;3.76;732;31;1246.00;6
2947;31;627053686;2947;253;3677;3683;8.59;0.52;231.92;3.76;730;31;1247.00;6
2949;31;627053701;2949;243;3689;3696;8.63;0.53;232.03;3.75;740;31;1248.00;7
2954;31;627053713;2954;234;3690;3696;8.64;0.53;231.96;3.75;736;31;1249.00;6
2954;31;627053724;2954;229;3690;3696;8.68;0.53;231.96;3.75;736;31;1250.00;6
2958;31;627053735;2958;223;3691;3697;8.67;0.53;231.85;3.75;733;31;1251.00;6
2959;31;627053746;2959;219;3691;3697;8.73;0.53;231.88;3.75;732;31;1252.00;6
2963;31;627053757;2963;221;3694;3701;8.76;0.53;231.79;3.75;731;31;1253.00;7
2964;31;627053768;2964;219;3694;3701;8.86;0.54;231.74;3.75;730;31;1254.00;7
2967;31;627053779;2967;223;3699;3705;8.83;0.54;231.69;3.74;732;31;1255.00;6
2970;31;627053798;2970;223;3699;3705;8.81;0.53;231.65;3.74;729;31;1256.00;6
2971;31;627053808;2971;222;3699;3705;8.84;0.54;231.60;3.74;728;31;1257.00;6
2973;31;627053819;2973;219;3699;3705;8.81;0.54;231.55;3.74;726;31;1258.00;6
2977;31;627053830;2977;211;3700;3705;8.76;0.53;231.35;3.79;723;31;1259.00;5
2980;31;627053850;2980;216;3723;3739;8.76;0.53;231.29;3.77;743;31;1260.00;16
2981;31;627053863;2981;211;3723;3739;8.78;0.54;231.23;3.77;742;31;1261.00;16
2982;31;627053875;2982;209;3725;3739;8.76;0.54;231.17;3.77;743;31;1262.00;14
2983;31;627053892;2983;208;3725;3739;8.66;0.53;231.13;3.77;742;31;1263.00;14
2983;31;627053902;2983;211;3726;3739;8.71;0.53;231.13;3.77;743;31;1264.00;13
2986;32;627053912;2986;214;3727;3739;8.62;0.53;231.01;3.77;741;32;1265.00;12
2989;32;627053945;2989;220;3727;3740;8.58;0.53;231.01;3.77;738;32;1266.00;13
2991;32;627053955;2991;221;3729;3740;8.56;0.52;230.95;3.80;738;32;1267.00;11
2992;32;627053965;2992;226;3732;3746;8.56;0.52;230.96;3.79;740;32;1268.00;14
2999;32;627053976;2999;227;3734;3747;8.53;0.52;230.96;3.79;735;32;1269.00;13
3000;32;627053992;3000;226;3734;3747;8.43;0.51;230.90;3.79;734;32;1270.00;13
3001;32;627054002;3001;232;3735;3747;8.32;0.51;230.87;3.79;734;32;1271.00;12
3003;32;627054011;3003;242;3737;3751;8.17;0.50;230.83;3.79;734;32;1272.00;14
3004;32;627054027;3004;245;3738;3751;8.10;0.49;230.82;3.82;734;32;1273.00;13
3004;32;627054043;3004;245;3738;3751;8.04;0.49;230.82;3.82;734;32;1274.00;13
3005;32;627054051;3005;255;3739;3752;7.99;0.49;230.83;3.82;734;32;1275.00;13
3006;32;627054061;3006;263;3742;3756;7.93;0.48;230.76;3.82;736;32;1276.00;14
3008;32;627054070;3008;272;3742;3756;7.82;0.48;230.76;3.82;734;32;1277.00;14
3008;32;627054079;3008;269;3744;3759;7.78;0.48;230.76;3.82;736;32;1278.00;15
3008;32;627054088;3008;275;3745;3759;7.70;0.47;230.76;3.82;737;32;1279.00;14
3010;32;627054097;3010;273;3745;3759;7.69;0.47;230.94;3.82;735;32;1280.00;14
3011;32;627054106;3011;271;3746;3759;7.71;0.47;230.92;3.84;735;32;1281.00;13
3012;32;627054115;3012;273;3749;3763;7.69;0.47;230.90;3.84;737;32;1282.00;14
3013;32;627054125;3013;256;3749;3763;7.65;0.47;230.89;3.84;736;32;1283.00;14
3016;32;627054134;3016;241;3750;3763;7.73;0.47;230.93;3.83;734;32;1284.00;13
3017;32;627054144;3017;225;3751;3763;7.80;0.47;230.94;3.86;734;32;1285.00;12
3018;32;627054153;3018;217;3751;3764;7.88;0.48;230.95;3.86;733;32;1286.00;13
3021;32;627054163;3021;210;3753;3765;7.94;0.48;231.02;3.87;732;32;1287.00;12
3021;32;627054172;3021;205;3753;3765;8.02;0.49;231.02;3.87;732;32;1288.00;12
3024;32;627054181;3024;195;3754;3766;8.07;0.49;231.17;3.87;730;32;1289.00;12
3025;32;627054198;3025;191;3755;3766;8.14;0.50;231.16;3.88;730;32;1290.00;11
3027;32;627054208;3027;184;3755;3766;8.19;0.50;231.15;3.88;728;32;1291.00;11
3029;32;627054217;3029;177;3755;3766;8.26;0.50;231.16;3.88;726;32;1292.00;11
3031;32;627054227;3031;166;3755;3766;8.34;0.51;231.22;3.88;724;32;1293.00;11
3032;32;627054236;3032;153;3757;3766;8.45;0.51;231.20;3.89;725;32;1294.00;9
3037;32;627054245;3037;145;3757;3766;8.54;0.52;231.10;3.89;720;32;1295.00;9
3039;32;627054254;3039;160;3822;3893;8.60;0.53;231.09;3.84;783;32;1296.00;71
3043;32;627054275;3043;146;3822;3894;8.72;0.54;231.05;3.84;779;32;1297.00;72
3047;32;627054286;3047;140;3829;3894;8.82;0.54;230.96;3.83;782;32;1298.00;65
3048;32;627054296;3048;132;3834;3894;9.01;0.55;230.94;3.83;786;32;1299.00;60
3050;32;627054306;3050;128;3839;3894;9.19;0.56;230.88;3.83;789;32;1300.00;55
3050;32;627054321;3050;128;3844;3894;9.36;0.58;230.88;3.83;794;32;1301.00;50
3050;32;627054331;3050;124;3847;3894;9.49;0.58;230.88;3.84;797;32;1302.00;47
3052;32;627054343;3052;126;3853;3894;9.52;0.58;230.94;3.85;801;32;1303.00;41
3054;32;627054353;3054;129;3855;3895;9.60;0.59;230.91;3.85;801;32;1304.00;40
3057;32;627054364;3057;129;3857;3897;9.67;0.59;230.81;3.85;800;32;1305.00;40
3059;32;627054375;3059;127;3861;3897;9.75;0.60;230.86;3.86;802;32;1306.00;36
3062;32;627054386;3062;125;3864;3898;9.77;0.60;230.76;3.87;802;32;1307.00;34
3064;32;627054396;3064;128;3867;3898;9.74;0.60;230.69;3.89;803;32;1308.00;31
3066;32;627054407;3066;132;3868;3898;9.74;0.60;230.65;3.89;802;32;1309.00;30
3070;32;627054417;3070;130;3871;3898;9.70;0.59;230.61;3.90;801;32;1310.00;27
3074;32;627054427;3074;137;3873;3902;9.70;0.59;230.78;3.91;799;32;1311.00;29
3076;32;627054439;3076;139;3878;3902;9.72;0.60;230.77;3.93;802;32;1312.00;24
3077;32;627054450;3077;147;3879;3902;9.67;0.59;230.86;3.93;802;32;1313.00;23
3081;32;627054461;3081;148;3883;3905;9.61;0.59;231.00;3.94;802;32;1314.00;22
3084;32;627054473;3084;152;3886;3905;9.59;0.59;231.05;3.95;802;32;1315.00;19
3086;32;627054485;3086;158;3888;3905;9.51;0.58;231.05;3.95;802;32;1316.00;17
3089;32;627054496;3089;162;3891;3909;9.49;0.58;231.11;3.95;802;32;1317.00;18
3093;32;627054509;3093;165;3894;3910;9.53;0.58;231.05;3.95;801;32;1318.00;16
3094;32;627054520;3094;171;3895;3910;9.57;0.58;231.08;3.96;801;32;1319.00;15
3097;32;627054533;3097;170;3901;3915;9.62;0.59;231.16;3.97;804;32;1320.00;14
3098;32;627054546;3098;172;3902;3915;9.59;0.58;231.25;3.97;804;32;1321.00;13
3101;32;627054563;3101;173;3903;3915;9.59;0.58;231.35;3.98;802;32;1322.00;12
3103;32;627054579;3103;176;3906;3916;9.55;0.58;231.38;3.99;803;32;1323.00;10
3105;32;627054590;3105;176;3906;3916;9.53;0.58;231.56;3.99;801;32;1324.00;10
3108;32;627054601;3108;181;3911;3922;9.56;0.58;231.55;3.99;803;32;1325.00;11
3113;32;627054613;3113;184;3912;3922;9.53;0.58;231.75;4.00;799;32;1326.00;10
3116;32;627054630;3116;189;3914;3923;9.57;0.58;231.76;4.00;798;32;1327.00;9
3120;32;627054641;3120;194;3914;3923;9.51;0.58;231.83;4.00;794;32;1328.00;9
3122;32;627054652;3122;195;3915;3923;9.47;0.58;231.93;4.01;793;32;1329.00;8
3123;32;627054663;3123;196;3916;3923;9.39;0.57;232.00;4.02;793;32;1330.00;7
3125;32;627054675;3125;203;3917;3923;9.34;0.57;232.10;4.03;792;32;1331.00;6
3128;32;627054685;3128;202;3927;3935;9.35;0.57;232.09;4.02;799;32;1332.00;8
3131;32;627054696;3131;206;3928;3935;9.31;0.57;232.03;4.03;797;32;1333.00;7
3132;32;627054707;3132;207;3931;3935;9.32;0.57;232.11;4.03;799;32;1334.00;4
3135;32;627054717;3135;199;3932;3935;9.29;0.57;232.16;4.04;797;32;1335.00;3
3138;32;627054728;3138;203;3933;3935;9.24;0.56;232.27;4.04;795;32;1336.00;2
3140;32;627054739;3140;209;3934;3935;9.19;0.56;232.26;4.04;794;32;1337.00;1
3141;32;627054749;3141;214;3938;3939;9.06;0.55;232.33;4.03;797;32;1338.00;1
3143;32;627054760;3143;212;3938;3939;8.93;0.55;232.40;4.03;795;32;1339.00;1
3147;33;627054771;3147;205;3941;3943;8.92;0.54;232.32;4.03;794;33;1340.00;2
3150;33;627054798;3150;201;3942;3944;8.91;0.54;232.59;4.03;792;33;1341.00;2
3151;33;627054809;3151;205;3943;3944;8.92;0.54;232.60;4.03;792;33;1342.00;1
3157;33;627054819;3157;201;3943;3944;8.90;0.54;232.70;4.03;786;33;1343.00;1
3159;33;627054829;3159;204;3956;3957;8.88;0.54;232.74;4.02;797;33;1344.00;1
3161;33;627054841;3161;204;3956;3957;8.90;0.54;232.71;4.02;795;33;1345.00;1
3162;33;627054851;3162;208;3956;3957;8.92;0.55;232.82;4.02;794;33;1346.00;1
3164;33;627054861;3164;208;3957;3958;8.97;0.55;232.93;4.02;793;33;1347.00;1
3167;33;627054871;3167;209;3958;3959;9.07;0.56;233.14;4.02;791;33;1348.00;1
3170;33;627054882;3170;210;3958;3959;9.12;0.56;233.19;4.02;788;33;1349.00;1
3173;33;627054893;3173;214;3961;3968;9.12;0.56;233.37;4.01;788;33;1350.00;7
3176;33;627054905;3176;215;3962;3968;9.06;0.55;233.47;4.01;786;33;1351.00;6
3181;33;627054914;3181;216;3963;3968;9.02;0.55;233.51;4.01;782;33;1352.00;5
3183;33;627054924;3183;220;3963;3968;8.96;0.55;233.64;4.01;780;33;1353.00;5
3187;33;627054934;3187;222;3968;3974;8.95;0.55;233.82;4.01;781;33;1354.00;6
3193;33;627054944;3193;226;3968;3974;8.91;0.55;233.82;4.01;775;33;1355.00;6
3198;33;627054954;3198;232;3969;3974;8.90;0.54;234.05;4.01;771;33;1356.00;5
3204;33;627054963;3204;238;3971;3974;8.83;0.54;234.19;4.01;767;33;1357.00;3
3209;33;627054973;3209;239;3975;3978;8.76;0.53;234.46;4.01;766;33;1358.00;3
3212;33;627054983;3212;238;3977;3979;8.72;0.53;234.55;4.01;765;33;1359.00;2
3217;33;627054992;3217;226;3977;3979;8.66;0.53;234.82;4.01;760;33;1360.00;2
3223;33;627055002;3223;218;3978;3980;8.65;0.53;234.87;4.01;755;33;1361.00;2
3225;33;627055012;3225;211;3978;3980;8.65;0.53;234.96;4.01;753;33;1362.00;2
3228;33;627055021;3228;211;3978;3980;8.69;0.53;234.87;4.01;750;33;1363.00;2
3233;33;627055031;3233;211;3978;3980;8.72;0.53;235.00;4.01;745;33;1364.00;2
3239;33;627055040;3239;203;3978;3980;8.72;0.53;235.33;4.01;739;33;1365.00;2
3245;33;627055050;3245;203;3978;3980;8.74;0.53;235.39;4.01;733;33;1366.00;2
3249;33;627055059;3249;196;3978;3980;8.82;0.54;235.42;4.01;729;33;1367.00;2
3254;33;627055069;3254;201;4016;4050;8.88;0.55;235.58;3.97;762;33;1368.00;34
3258;33;627055084;3258;188;4021;4051;8.98;0.55;235.56;3.96;763;33;1369.00;30
3263;33;627055095;3263;187;4026;4051;9.10;0.56;235.69;3.96;763;33;1370.00;25
3264;33;627055104;3264;186;4027;4051;9.19;0.56;235.63;3.96;763;33;1371.00;24
3268;33;627055114;3268;185;4033;4051;9.29;0.57;235.72;3.96;765;33;1372.00;18
3273;33;627055124;3273;188;4037;4051;9.32;0.57;235.72;3.96;764;33;1373.00;14
3276;33;627055134;3276;186;4042;4051;9.32;0.57;235.92;3.96;766;33;1374.00;9
3281;33;627055144;3281;192;4043;4051;9.27;0.57;235.93;3.97;762;33;1375.00;8
3286;33;627055155;3286;200;4045;4052;9.18;0.56;236.10;3.97;759;33;1376.00;7
3290;33;627055166;3290;200;4047;4053;9.16;0.56;236.19;3.97;757;33;1377.00;6
3295;33;627055176;3295;206;4048;4053;9.09;0.56;236.28;3.97;753;33;1378.00;5
3300;33;627055186;3300;205;4051;4057;9.06;0.55;236.24;3.97;751;33;1379.00;6
3304;33;627055198;3304;204;4051;4057;9.03;0.55;236.24;3.97;747;33;1380.00;6
3310;33;627055208;3310;215;4051;4057;9.00;0.55;236.24;3.97;741;33;1381.00;6
3316;33;627055233;3316;216;4051;4057;8.96;0.55;236.23;3.97;735;33;1382.00;6
3320;33;627055243;3320;221;4056;4063;8.90;0.54;236.31;3.96;736;33;1383.00;7
3324;33;627055255;3324;222;4056;4063;8.83;0.54;236.31;3.96;732;33;1384.00;7
3330;33;627055265;3330;226;4057;4063;8.76;0.53;236.44;3.96;727;33;1385.00;6
3332;33;627055275;3332;227;4059;4066;8.72;0.53;236.48;3.96;727;33;1386.00;7
3337;33;627055286;3337;228;4062;4066;8.60;0.52;236.42;3.97;725;33;1387.00;4
3340;33;627055296;3340;233;4062;4066;8.46;0.52;236.25;3.97;722;33;1388.00;4
3345;33;627055305;3345;237;4065;4067;8.32;0.51;236.27;3.98;720;33;1389.00;2
3350;33;627055316;3350;243;4066;4068;8.25;0.50;236.42;3.97;716;33;1390.00;2
3351;33;627055326;3351;251;4066;4068;8.18;0.50;236.44;3.97;715;33;1391.00;2
3356;33;627055338;3356;247;4080;4081;8.18;0.50;236.40;3.98;724;33;1392.00;1
3359;33;627055354;3359;245;4080;4081;8.14;0.50;236.50;3.98;721;33;1393.00;1
3363;33;627055370;3363;244;4080;4081;8.11;0.49;236.57;3.98;717;33;1394.00;1
3366;33;627055387;3366;252;4082;4083;8.08;0.49;236.61;3.98;716;33;1395.00;1
3369;33;627055402;3369;257;4082;4083;8.02;0.49;236.69;3.98;713;33;1396.00;1
3372;33;627055416;3372;262;4085;4087;7.96;0.48;236.71;3.98;713;33;1397.00;2
3375;33;627055432;3375;268;4085;4087;7.90;0.48;236.86;3.98;710;33;1398.00;2
3379;33;627055453;3379;277;4090;4091;7.87;0.48;236.79;3.98;711;33;1399.00;1
3380;33;627055465;3380;284;4090;4091;7.80;0.47;236.79;3.98;710;33;1400.00;1
3381;33;627055481;3381;292;4090;4091;7.72;0.47;236.75;3.98;709;33;1401.00;1
3383;33;627055494;3383;298;4090;4091;7.66;0.46;236.73;3.98;707;33;1402.00;1
3385;33;627055504;3385;302;4090;4091;7.55;0.46;236.68;3.98;705;33;1403.00;1
3386;33;627055514;3386;303;4100;4103;7.60;0.46;236.69;3.97;714;33;1404.00;3
3388;33;627055525;3388;315;4101;4103;7.46;0.45;236.66;3.97;713;33;1405.00;2
3391;33;627055536;3391;319;4102;4103;7.37;0.45;236.65;3.97;711;33;1406.00;1
3393;33;627055546;3393;315;4102;4103;7.35;0.45;236.60;3.97;709;33;1407.00;1
3395;33;627055556;3395;317;4102;4103;7.32;0.45;236.51;3.97;707;33;1408.00;1
3395;33;627055565;3395;320;4102;4103;7.32;0.45;236.51;3.97;707;33;1409.00;1
3397;33;627055576;3397;320;4103;4104;7.34;0.45;236.49;3.97;706;33;1410.00;1
3398;33;627055586;3398;322;4103;4104;7.33;0.45;236.49;3.97;705;33;1411.00;1
3401;33;627055596;3401;331;4108;4110;7.30;0.45;236.38;3.96;707;33;1412.00;2
3402;33;627055607;3402;331;4109;4111;7.37;0.45;236.37;3.96;707;33;1413.00;2
3402;33;627055617;3402;333;4110;4111;7.38;0.45;236.37;3.96;708;33;1414.00;1
3405;33;627055632;3405;333;4110;4111;7.34;0.45;236.26;3.96;705;33;1415.00;1
3406;33;627055642;3406;319;4114;4115;7.37;0.45;236.20;3.96;708;33;1416.00;1
3410;33;627055652;3410;306;4114;4115;7.34;0.45;236.06;3.96;704;33;1417.00;1
3413;33;627055662;3413;289;4114;4115;7.40;0.45;236.00;3.96;701;33;1418.00;1
3417;33;627055679;3417;284;4115;4116;7.45;0.46;235.86;3.96;698;33;1419.00;1
3420;33;627055689;3420;278;4119;4120;7.51;0.46;235.76;3.95;699;33;1420.00;1
3421;33;627055699;3421;274;4119;4120;7.62;0.47;235.74;3.95;698;33;1421.00;1
3422;33;627055710;3422;267;4121;4123;7.71;0.47;235.72;3.95;699;33;1422.00;2
3423;33;627055719;3423;264;4121;4123;7.84;0.48;235.74;3.95;698;33;1423.00;2
3425;33;627055729;3425;262;4122;4123;7.94;0.49;235.73;3.95;697;33;1424.00;1
3425;33;627055745;3425;264;4122;4123;8.02;0.49;235.73;3.95;697;33;1425.00;1
3428;33;627055756;3428;261;4125;4127;8.08;0.49;235.68;3.95;697;33;1426.00;2
3430;33;627055766;3430;256;4125;4127;8.14;0.50;235.67;3.95;695;33;1427.00;2
3431;33;627055776;3431;250;4126;4127;8.21;0.50;235.64;3.95;695;33;1428.00;1
3432;33;627055787;3432;250;4126;4127;8.22;0.50;235.65;3.95;694;33;1429.00;1
3433;33;627055796;3433;250;4127;4128;8.19;0.50;235.64;3.95;694;33;1430.00;1
3438;33;627055805;3438;251;4128;4129;8.19;0.50;235.78;3.95;690;33;1431.00;1
3439;33;627055815;3439;252;4128;4129;8.16;0.50;235.75;3.95;689;33;1432.00;1
3441;33;627055825;3441;250;4129;4130;8.13;0.50;235.70;3.95;688;33;1433.00;1
3444;33;627055834;3444;253;4129;4130;8.10;0.49;235.70;3.95;685;33;1434.00;1
3444;33;627055844;3444;246;4129;4130;8.07;0.49;235.70;3.95;685;33;1435.00;1
3446;33;627055853;3446;238;4129;4130;8.07;0.49;235.66;3.95;683;33;1436.00;1
3447;33;627055861;3447;229;4129;4130;8.06;0.49;235.64;3.95;682;33;1437.00;1
3448;33;627055877;3448;226;4129;4130;8.15;0.50;235.60;3.95;681;33;1438.00;1
3451;33;627055887;3451;222;4129;4130;8.21;0.50;235.57;3.95;678;33;1439.00;1
3452;34;627055898;3452;271;4248;4360;8.14;0.51;235.55;3.84;796;34;1440.00;112
3452;34;627055939;3452;252;4249;4361;8.28;0.52;235.55;3.84;797;34;1441.00;112
3454;34;627055949;3454;236;4257;4361;8.48;0.53;235.48;3.83;803;34;1442.00;104
3458;35;627055958;3458;227;4263;4361;8.63;0.54;235.48;3.83;805;35;1443.00;98
3462;35;627055982;3462;212;4269;4361;8.76;0.54;235.42;3.83;807;35;1444.00;92
3463;35;627055992;3463;210;4275;4361;8.79;0.55;235.44;3.83;812;35;1445.00;86
3463;35;627056015;3463;210;4278;4361;8.83;0.55;235.44;3.83;815;35;1446.00;83
3465;35;627056025;3465;217;4284;4361;8.86;0.55;235.43;3.84;819;35;1447.00;77
3466;35;627056036;3466;218;4287;4362;8.92;0.55;235.39;3.84;821;35;1448.00;75
3466;35;627056046;3466;227;4293;4363;8.95;0.55;235.39;3.87;827;35;1449.00;70
3466;35;627056057;3466;223;4297;4363;8.97;0.55;235.39;3.87;831;35;1450.00;66
3466;35;627056068;3466;229;4298;4364;9.01;0.56;235.39;3.87;832;35;1451.00;66
3467;35;627056078;3467;226;4301;4364;8.96;0.55;235.37;3.88;834;35;1452.00;63
3469;35;627056101;3469;224;4305;4364;8.88;0.55;235.43;3.89;836;35;1453.00;59
3471;35;627056119;3471;222;4307;4364;8.81;0.54;235.42;3.89;836;35;1454.00;57
3475;35;627056137;3475;222;4312;4368;8.77;0.54;235.43;3.90;837;35;1455.00;56
3476;35;627056149;3476;231;4314;4368;8.75;0.54;235.50;3.90;838;35;1456.00;54
3478;35;627056160;3478;232;4315;4368;8.73;0.54;235.50;3.91;837;35;1457.00;53
3484;35;627056171;3484;236;4319;4371;8.64;0.53;235.42;3.91;835;35;1458.00;52
3486;35;627056183;3486;232;4320;4371;8.70;0.53;235.47;3.92;834;35;1459.00;51
3488;35;627056194;3488;232;4322;4371;8.78;0.54;235.56;3.93;834;35;1460.00;49
3489;35;627056205;3489;228;4325;4375;8.86;0.54;235.58;3.92;836;35;1461.00;50
3491;35;627056216;3491;220;4328;4376;8.93;0.55;235.62;3.93;837;35;1462.00;48
3494;35;627056228;3494;211;4329;4376;9.02;0.55;235.62;3.93;835;35;1463.00;47
3500;35;627056239;3500;201;4332;4380;9.12;0.56;235.68;3.94;832;35;1464.00;48
3503;35;627056251;3503;191;4337;4380;9.16;0.56;235.73;3.96;834;35;1465.00;43
3510;35;627056263;3510;186;4337;4380;9.17;0.56;235.80;3.96;827;35;1466.00;43
3512;35;627056275;3512;181;4339;4381;9.19;0.56;235.85;3.96;827;35;1467.00;42
3515;35;627056286;3515;178;4340;4381;9.23;0.56;235.89;3.97;825;35;1468.00;41
3520;35;627056297;3520;167;4343;4387;9.33;0.57;235.97;3.97;823;35;1469.00;44
3522;35;627056312;3522;160;4343;4387;9.36;0.57;236.06;3.97;821;35;1470.00;44
3524;35;627056332;3524;157;4345;4388;9.47;0.58;236.13;3.98;821;35;1471.00;43
3527;35;627056345;3527;148;4345;4388;9.51;0.58;236.14;3.98;818;35;1472.00;43
3527;35;627056356;3527;150;4347;4388;9.63;0.58;236.14;4.00;820;35;1473.00;41
3529;35;627056368;3529;146;4347;4388;9.69;0.59;236.24;4.00;818;35;1474.00;41
3532;35;627056386;3532;150;4348;4388;9.69;0.59;236.26;4.00;816;35;1475.00;40
3533;35;627056398;3533;148;4359;4400;9.79;0.59;236.30;4.00;826;35;1476.00;41
3538;35;627056410;3538;147;4360;4400;9.82;0.60;236.43;4.01;822;35;1477.00;40
3541;35;627056422;3541;147;4363;4400;9.90;0.60;236.43;4.02;822;35;1478.00;37
3544;35;627056433;3544;148;4365;4400;9.92;0.60;236.52;4.03;821;35;1479.00;35
3549;35;627056445;3549;153;4367;4400;9.96;0.60;236.66;4.04;818;35;1480.00;33
3550;35;627056457;3550;153;4369;4400;10.00;0.61;236.72;4.04;819;35;1481.00;31
3552;35;627056468;3552;157;4373;4404;9.93;0.60;236.80;4.05;821;35;1482.00;31
3555;35;627056485;3555;163;4374;4404;9.91;0.60;236.85;4.06;819;35;1483.00;30
3557;35;627056496;3557;164;4378;4408;9.96;0.60;236.96;4.07;821;35;1484.00;30
3558;35;627056509;3558;163;4381;4410;10.05;0.61;236.98;4.06;823;35;1485.00;29
3560;35;627056520;3560;165;4382;4410;10.04;0.61;237.14;4.07;822;35;1486.00;28
3561;35;627056532;3561;172;4383;4410;10.11;0.61;237.21;4.08;822;35;1487.00;27
3562;35;627056549;3562;174;4392;4423;10.05;0.61;237.31;4.08;830;35;1488.00;31
3564;35;627056562;3564;175;4393;4423;10.03;0.61;237.40;4.09;829;35;1489.00;30
3566;35;627056573;3566;181;4395;4423;10.04;0.61;237.52;4.11;829;35;1490.00;28
3569;35;627056585;3569;182;4396;4424;10.07;0.61;237.54;4.11;827;35;1491.00;28
3571;35;627056599;3571;184;4397;4425;10.04;0.61;237.54;4.12;826;35;1492.00;28
3577;35;627056610;3577;191;4398;4425;10.02;0.61;237.55;4.13;821;35;1493.00;27
3582;35;627056622;3582;192;4402;4428;10.06;0.61;237.53;4.15;820;35;1494.00;26
3588;35;627056634;3588;196;4404;4428;10.06;0.61;237.71;4.16;816;35;1495.00;24
3590;35;627056646;3590;202;4406;4428;10.13;0.62;237.72;4.18;816;35;1496.00;22
3593;35;627056658;3593;202;4408;4428;10.12;0.61;237.75;4.19;815;35;1497.00;20
3596;35;627056670;3596;207;4414;4434;10.15;0.62;237.81;4.22;818;35;1498.00;20
3598;35;627056682;3598;209;4415;4434;10.09;0.61;237.85;4.23;817;35;1499.00;19
3600;35;627056696;3600;215;4421;4453;9.94;0.60;237.82;4.24;821;35;1500.00;32
3602;35;627056714;3602;217;4423;4453;9.80;0.60;237.82;4.26;821;35;1501.00;30
3603;35;627056725;3603;227;4430;4457;9.64;0.59;237.88;4.28;827;35;1502.00;27
3604;35;627056737;3604;233;4433;4458;9.54;0.58;237.87;4.29;829;35;1503.00;25
3604;35;627056754;3604;236;4435;4458;9.48;0.58;237.87;4.31;831;35;1504.00;23
3608;35;627056765;3608;242;4438;4459;9.33;0.57;238.00;4.33;830;35;1505.00;21
3610;35;627056776;3610;250;4440;4459;9.23;0.56;238.01;4.34;830;35;1506.00;19
3610;35;627056786;3610;253;4441;4459;9.17;0.56;238.01;4.34;831;35;1507.00;18
3613;35;627056796;3613;259;4443;4459;9.12;0.56;237.95;4.34;830;35;1508.00;16
3617;35;627056806;3617;260;4444;4459;9.11;0.55;237.89;4.34;827;35;1509.00;15
3619;35;627056817;3619;254;4444;4459;9.16;0.56;237.99;4.34;825;35;1510.00;15
3621;35;627056828;3621;253;4447;4459;9.18;0.56;237.98;4.35;826;35;1511.00;12
3624;36;627056850;3624;254;4479;4529;9.22;0.56;238.03;4.32;855;36;1512.00;50
3625;36;627056879;3625;254;4481;4530;9.22;0.56;237.98;4.32;856;36;1513.00;49
3629;36;627056890;3629;253;4490;4530;9.22;0.56;238.30;4.32;861;36;1514.00;40
3632;36;627056901;3632;252;4493;4530;9.29;0.57;238.38;4.32;861;36;1515.00;37
3635;36;627056913;3635;253;4499;4530;9.27;0.57;238.45;4.32;864;36;1516.00;31
3640;36;627056924;3640;256;4501;4530;9.25;0.56;238.45;4.32;861;36;1517.00;29
3642;36;627056935;3642;256;4504;4530;9.28;0.57;238.50;4.32;862;36;1518.00;26
3644;36;627056946;3644;260;4508;4530;9.27;0.57;238.57;4.33;864;36;1519.00;22
3649;36;627056957;3649;263;4510;4531;9.27;0.57;238.60;4.33;861;36;1520.00;21
3654;36;627056979;3654;259;4513;4532;9.27;0.57;238.64;4.33;859;36;1521.00;19
3660;36;627056990;3660;262;4513;4532;9.24;0.56;238.70;4.33;853;36;1522.00;19
3664;36;627057001;3664;269;4517;4536;9.15;0.56;238.75;4.33;853;36;1523.00;19
3670;36;627057012;3670;264;4517;4536;9.09;0.56;238.76;4.33;847;36;1524.00;19
3675;36;627057024;3675;264;4517;4536;8.91;0.54;238.79;4.33;842;36;1525.00;19
3679;36;627057035;3679;269;4517;4536;8.71;0.53;238.84;4.33;838;36;1526.00;19
3683;36;627057045;3683;279;4521;4542;8.59;0.53;238.90;4.33;838;36;1527.00;21
3688;36;627057056;3688;288;4521;4542;8.45;0.52;239.17;4.33;833;36;1528.00;21
3696;36;627057066;3696;292;4522;4542;8.24;0.50;239.16;4.33;826;36;1529.00;20
3698;36;627057078;3698;287;4525;4548;8.12;0.50;239.20;4.33;827;36;1530.00;23
3702;36;627057090;3702;277;4525;4548;8.03;0.49;239.20;4.33;823;36;1531.00;23
3706;36;627057100;3706;271;4525;4548;7.93;0.48;239.17;4.33;819;36;1532.00;23
3711;36;627057109;3711;272;4527;4549;7.78;0.48;239.30;4.33;816;36;1533.00;22
3714;36;627057119;3714;266;4528;4550;7.81;0.48;239.42;4.33;814;36;1534.00;22
3718;36;627057130;3718;262;4529;4550;7.84;0.48;239.40;4.34;811;36;1535.00;21
3726;36;627057140;3726;261;4542;4563;7.81;0.48;239.48;4.34;816;36;1536.00;21
3728;36;627057157;3728;263;4542;4563;7.85;0.48;239.50;4.34;814;36;1537.00;21
3730;36;627057168;3730;255;4542;4563;7.93;0.48;239.58;4.34;812;36;1538.00;21
3735;36;627057178;3735;251;4544;4564;7.95;0.49;239.61;4.35;809;36;1539.00;20
3740;36;627057188;3740;247;4545;4564;8.00;0.49;239.74;4.35;805;36;1540.00;19
3742;36;627057198;3742;241;4550;4568;8.06;0.49;239.84;4.37;808;36;1541.00;18
3745;36;627057209;3745;238;4550;4568;8.11;0.50;239.85;4.37;805;36;1542.00;18
3749;36;627057218;3749;234;4555;4572;8.20;0.50;239.85;4.36;806;36;1543.00;17
3751;36;627057229;3751;234;4555;4572;8.22;0.50;239.94;4.36;804;36;1544.00;17
3754;36;627057239;3754;235;4556;4572;8.24;0.50;239.92;4.37;802;36;1545.00;16
3756;36;627057250;3756;234;4556;4572;8.28;0.51;239.85;4.37;800;36;1546.00;16
3761;36;627057260;3761;240;4556;4572;8.24;0.50;239.85;4.37;795;36;1547.00;16
3765;36;627057270;3765;244;4569;4584;8.28;0.50;239.85;4.38;804;36;1548.00;15
3768;36;627057280;3768;251;4569;4584;8.15;0.50;239.99;4.38;801;36;1549.00;15
3772;36;627057290;3772;251;4570;4584;8.06;0.49;240.08;4.38;798;36;1550.00;14
3773;36;627057301;3773;252;4571;4584;8.07;0.49;240.12;4.39;798;36;1551.00;13
3776;36;627057311;3776;260;4571;4584;8.06;0.49;240.15;4.39;795;36;1552.00;13
3781;36;627057321;3781;261;4572;4584;8.00;0.49;240.15;4.40;791;36;1553.00;12
3783;36;627057332;3783;262;4573;4585;7.98;0.49;240.24;4.40;790;36;1554.00;12
3787;36;627057347;3787;272;4575;4587;7.95;0.49;240.17;4.41;788;36;1555.00;12
3789;36;627057364;3789;274;4579;4593;7.90;0.48;240.10;4.40;790;36;1556.00;14
3793;36;627057382;3793;283;4581;4594;7.88;0.48;240.20;4.41;788;36;1557.00;13
3795;36;627057399;3795;293;4583;4594;7.77;0.47;240.19;4.42;788;36;1558.00;11
3799;36;627057414;3799;294;4583;4594;7.67;0.47;240.21;4.42;784;36;1559.00;11
3802;36;627057432;3802;299;4589;4599;7.60;0.46;240.37;4.42;787;36;1560.00;10
3807;36;627057448;3807;305;4589;4599;7.47;0.46;240.31;4.42;782;36;1561.00;10
3815;36;627057461;3815;304;4589;4599;7.37;0.45;240.13;4.42;774;36;1562.00;10
3818;36;627057473;3818;310;4591;4600;7.36;0.45;240.09;4.43;773;36;1563.00;9
3825;36;627057485;3825;308;4595;4604;7.24;0.44;239.98;4.42;770;36;1564.00;9
3828;36;627057496;3828;311;4596;4604;7.22;0.44;239.90;4.43;768;36;1565.00;8
3830;37;627057507;3830;317;4599;4607;7.19;0.44;239.84;4.43;769;37;1566.00;8
3832;37;627057533;3832;316;4600;4607;7.08;0.43;239.87;4.44;768;37;1567.00;7
3834;37;627057545;3834;326;4601;4607;7.07;0.43;239.84;4.44;767;37;1568.00;6
3834;37;627057556;3834;329;4601;4607;7.03;0.43;239.84;4.44;767;37;1569.00;6
3837;37;627057566;3837;337;4604;4611;6.98;0.43;239.73;4.46;767;37;1570.00;7
3839;37;627057577;3839;346;4607;4611;6.91;0.42;239.72;4.47;768;37;1571.00;4
3841;37;627057587;3841;354;4607;4611;6.87;0.42;239.74;4.47;766;37;1572.00;4
3846;37;627057598;3846;358;4608;4611;6.76;0.41;239.69;4.47;762;37;1573.00;3
3849;37;627057609;3849;362;4610;4612;6.70;0.41;239.74;4.47;761;37;1574.00;2
3853;37;627057620;3853;366;4612;4614;6.64;0.41;239.61;4.47;759;37;1575.00;2
3854;37;627057631;3854;372;4613;4614;6.56;0.40;239.62;4.47;759;37;1576.00;1
3856;37;627057648;3856;361;4614;4615;6.55;0.40;239.61;4.47;758;37;1577.00;1
3857;37;627057659;3857;356;4614;4615;6.56;0.40;239.62;4.47;757;37;1578.00;1
3861;37;627057668;3861;355;4614;4615;6.55;0.40;239.51;4.47;753;37;1579.00;1
3865;37;627057679;3865;354;4614;4615;6.55;0.40;239.74;4.47;749;37;1580.00;1
3866;37;627057689;3866;356;4614;4615;6.64;0.41;239.72;4.47;748;37;1581.00;1
3867;37;627057699;3867;351;4614;4615;6.74;0.41;239.70;4.47;747;37;1582.00;1
3868;37;627057709;3868;349;4614;4615;6.76;0.41;239.73;4.47;746;37;1583.00;1
3869;37;627057719;3869;368;4686;4742;7.11;0.44;239.73;4.40;817;37;1584.00;56
3871;37;627057740;3871;363;4688;4743;7.15;0.44;239.83;4.40;817;37;1585.00;55
3872;37;627057750;3872;337;4696;4743;7.33;0.45;239.81;4.40;824;37;1586.00;47
3876;37;627057761;3876;311;4701;4743;7.47;0.46;239.91;4.39;825;37;1587.00;42
3878;37;627057772;3878;283;4705;4743;7.62;0.47;239.83;4.39;827;37;1588.00;38
3880;37;627057784;3880;266;4707;4743;7.76;0.48;239.81;4.39;827;37;1589.00;36
3881;37;627057797;3881;258;4712;4743;7.92;0.49;239.80;4.40;831;37;1590.00;31
3884;37;627057815;3884;249;4715;4743;8.08;0.50;239.82;4.40;831;37;1591.00;28
3886;37;627057828;3886;240;4718;4744;8.24;0.51;239.89;4.42;832;37;1592.00;26
3888;37;627057840;3888;236;4721;4745;8.37;0.51;239.88;4.42;833;37;1593.00;24
3889;37;627057853;3889;225;4725;4745;8.50;0.52;239.87;4.42;836;37;1594.00;20
3891;38;627057866;3891;219;4727;4746;8.61;0.53;239.92;4.43;836;38;1595.00;19
3893;38;627057892;3893;214;4729;4746;8.77;0.54;239.88;4.43;836;38;1596.00;17
3894;39;627057911;3894;215;4732;4746;8.96;0.55;239.91;4.43;838;39;1597.00;14
3897;39;627057936;3897;207;4734;4746;9.07;0.55;239.89;4.44;837;39;1598.00;12
3898;39;627057949;3898;206;4739;4750;9.22;0.56;239.90;4.44;841;39;1599.00;11
3903;39;627057964;3903;200;4742;4750;9.26;0.56;239.88;4.45;839;39;1600.00;8
3904;39;627057983;3904;195;4744;4750;9.34;0.57;239.85;4.45;840;39;1601.00;6
3905;39;627058001;3905;195;4746;4753;9.40;0.57;239.85;4.45;841;39;1602.00;7
3905;39;627058014;3905;193;4747;4753;9.39;0.57;239.85;4.45;842;39;1603.00;6
3907;40;627058027;3907;194;4748;4753;9.44;0.57;239.94;4.45;841;40;1604.00;5
3907;40;627058058;3907;200;4751;4757;9.41;0.57;239.94;4.45;844;40;1605.00;6
3909;40;627058071;3909;203;4752;4758;9.44;0.57;239.91;4.45;843;40;1606.00;6
3911;40;627058083;3911;203;4752;4758;9.46;0.58;239.95;4.45;841;40;1607.00;6
3915;40;627058096;3915;204;4755;4762;9.55;0.58;239.92;4.44;840;40;1608.00;7
3917;40;627058110;3917;202;4755;4762;9.61;0.58;239.91;4.44;838;40;1609.00;7
3922;40;627058128;3922;207;4755;4762;9.63;0.58;239.97;4.44;833;40;1610.00;7
3925;40;627058141;3925;205;4756;4763;9.66;0.59;240.05;4.44;831;40;1611.00;7
3926;40;627058154;3926;211;4756;4763;9.70;0.59;240.14;4.44;830;40;1612.00;7
3927;40;627058166;3927;213;4760;4769;9.68;0.59;240.13;4.44;833;40;1613.00;9
3930;40;627058179;3930;216;4761;4769;9.66;0.59;240.22;4.44;831;40;1614.00;8
3931;40;627058192;3931;222;4762;4770;9.62;0.58;240.27;4.44;831;40;1615.00;8
3932;40;627058203;3932;215;4762;4770;9.58;0.58;240.25;4.44;830;40;1616.00;8
3934;40;627058215;3934;218;4762;4770;9.55;0.58;240.24;4.44;828;40;1617.00;8
3936;40;627058226;3936;217;4762;4770;9.46;0.57;240.23;4.44;826;40;1618.00;8
3939;40;627058238;3939;219;4762;4770;9.39;0.57;240.22;4.44;823;40;1619.00;8
3942;40;627058253;3942;213;4783;4806;9.36;0.57;240.31;4.42;841;40;1620.00;23
3946;40;627058268;3946;202;4783;4806;9.31;0.57;240.31;4.42;837;40;1621.00;23
3949;40;627058280;3949;194;4785;4806;9.37;0.57;240.44;4.42;836;40;1622.00;21
3953;40;627058292;3953;182;4786;4806;9.36;0.57;240.56;4.42;833;40;1623.00;20
3954;40;627058303;3954;178;4787;4806;9.41;0.58;240.56;4.42;833;40;1624.00;19
3958;40;627058321;3958;171;4788;4806;9.48;0.58;240.63;4.42;830;40;1625.00;18
3962;40;627058334;3962;169;4791;4810;9.54;0.58;240.65;4.42;829;40;1626.00;19
3964;40;627058355;3964;167;4792;4810;9.64;0.59;240.70;4.42;828;40;1627.00;18
3968;40;627058368;3968;168;4795;4814;9.75;0.60;240.76;4.42;827;40;1628.00;19
3972;40;627058381;3972;160;4797;4815;9.82;0.60;240.80;4.42;825;40;1629.00;18
3978;40;627058394;3978;157;4798;4815;9.86;0.60;240.91;4.42;820;40;1630.00;17
3982;41;627058405;3982;152;4798;4815;9.83;0.60;240.98;4.42;816;41;1631.00;17
3987;41;627058429;3987;147;4807;4828;9.79;0.60;240.98;4.41;820;41;1632.00;21
3989;41;627058445;3989;145;4807;4828;9.77;0.60;240.99;4.41;818;41;1633.00;21
3994;41;627058461;3994;143;4807;4828;9.76;0.60;241.03;4.41;813;41;1634.00;21
3999;41;627058472;3999;141;4809;4829;9.80;0.60;241.15;4.42;810;41;1635.00;20
4003;41;627058484;4003;141;4809;4830;9.86;0.60;241.16;4.42;806;41;1636.00;21
4006;41;627058494;4006;142;4809;4830;9.92;0.61;241.23;4.42;803;41;1637.00;21
4012;41;627058505;4012;141;4811;4833;10.05;0.61;241.30;4.42;799;41;1638.00;22
4014;41;627058516;4014;138;4811;4833;10.13;0.62;241.28;4.42;797;41;1639.00;22
4018;41;627058534;4018;138;4812;4833;10.20;0.62;241.32;4.42;794;41;1640.00;21
4021;41;627058546;4021;129;4812;4833;10.33;0.63;241.33;4.42;791;41;1641.00;21
4024;41;627058557;4024;125;4816;4839;10.42;0.64;241.34;4.41;792;41;1642.00;23
4028;41;627058568;4028;122;4817;4839;10.42;0.64;241.30;4.41;789;41;1643.00;22
4030;41;627058587;4030;125;4817;4839;10.49;0.64;241.35;4.41;787;41;1644.00;22
4033;41;627058599;4033;121;4817;4839;10.51;0.64;241.27;4.41;784;41;1645.00;22
4037;41;627058612;4037;122;4820;4843;10.47;0.64;241.20;4.41;783;41;1646.00;23
4039;41;627058626;4039;127;4823;4844;10.51;0.64;241.27;4.43;784;41;1647.00;21
4043;41;627058639;4043;125;4823;4844;10.60;0.64;241.26;4.43;780;41;1648.00;21
4045;41;627058651;4045;126;4825;4845;10.62;0.65;241.34;4.43;780;41;1649.00;20
4049;41;627058664;4049;131;4825;4845;10.72;0.65;241.37;4.43;776;41;1650.00;20
4051;41;627058675;4051;135;4826;4845;10.75;0.65;241.35;4.44;775;41;1651.00;19
4055;41;627058686;4055;135;4826;4845;10.74;0.65;241.38;4.44;771;41;1652.00;19
4056;41;627058697;4056;136;4826;4845;10.76;0.65;241.45;4.44;770;41;1653.00;19
4059;41;627058708;4059;141;4827;4845;10.72;0.65;241.41;4.44;768;41;1654.00;18
4062;41;627058719;4062;144;4828;4845;10.69;0.65;241.47;4.44;766;41;1655.00;17
4065;41;627058730;4065;153;4865;4915;10.60;0.65;241.50;4.42;800;41;1656.00;50
4067;41;627058747;4067;153;4866;4916;10.58;0.65;241.51;4.42;799;41;1657.00;50
4069;41;627058758;4069;155;4874;4916;10.66;0.65;241.67;4.42;805;41;1658.00;42
4071;41;627058769;4071;158;4876;4916;10.68;0.65;241.67;4.41;805;41;1659.00;40
4075;41;627058786;4075;158;4883;4916;10.71;0.65;241.67;4.44;808;41;1660.00;33
4078;41;627058798;4078;159;4888;4916;10.77;0.66;241.68;4.45;810;41;1661.00;28
4078;41;627058810;4078;164;4891;4916;10.79;0.66;241.68;4.45;813;41;1662.00;25
4082;41;627058820;4082;161;4894;4916;10.78;0.66;241.80;4.46;812;41;1663.00;22
4086;41;627058832;4086;162;4898;4917;10.79;0.66;241.78;4.47;812;41;1664.00;19
4088;41;627058845;4088;164;4902;4919;10.78;0.66;241.76;4.48;814;41;1665.00;17
4094;41;627058856;4094;165;4904;4919;10.70;0.65;241.80;4.48;810;41;1666.00;15
4098;41;627058868;4098;166;4906;4923;10.63;0.65;241.79;4.48;808;41;1667.00;17
4100;41;627058879;4100;167;4908;4923;10.49;0.64;241.83;4.50;808;41;1668.00;15
4104;41;627058890;4104;176;4910;4923;10.41;0.64;241.77;4.51;806;41;1669.00;13
4108;41;627058901;4108;180;4910;4923;10.32;0.63;241.87;4.51;802;41;1670.00;13
4110;41;627058912;4110;186;4914;4929;10.32;0.63;241.93;4.51;804;41;1671.00;15
4114;41;627058923;4114;190;4916;4929;10.22;0.62;241.84;4.52;802;41;1672.00;13
4116;41;627058934;4116;197;4917;4929;10.21;0.63;241.79;4.51;801;41;1673.00;12
4119;41;627058951;4119;204;4921;4932;10.16;0.62;241.82;4.52;802;41;1674.00;11
4120;41;627058961;4120;208;4922;4932;10.06;0.62;241.80;4.52;802;41;1675.00;10
4121;41;627058973;4121;216;4923;4932;9.94;0.61;241.80;4.52;802;41;1676.00;9
4123;41;627058983;4123;224;4923;4933;9.79;0.60;241.79;4.52;800;41;1677.00;10
4128;41;627058993;4128;227;4925;4934;9.58;0.59;241.70;4.52;797;41;1678.00;9
4133;41;627059009;4133;226;4925;4934;9.38;0.57;241.69;4.52;792;41;1679.00;9
4136;41;627059020;4136;233;4943;4960;9.26;0.57;241.71;4.51;807;41;1680.00;17
4140;41;627059032;4140;227;4944;4960;9.16;0.56;241.79;4.51;804;41;1681.00;16
4143;41;627059042;4143;227;4947;4960;9.13;0.56;241.84;4.51;804;41;1682.00;13
4147;41;627059052;4147;222;4949;4961;9.07;0.55;241.75;4.51;802;41;1683.00;12
4152;41;627059062;4152;225;4950;4961;9.04;0.55;241.71;4.51;798;41;1684.00;11
4155;41;627059072;4155;231;4954;4965;9.01;0.55;241.77;4.51;799;41;1685.00;11
4155;41;627059082;4155;228;4954;4965;9.01;0.55;241.77;4.51;799;41;1686.00;11
4159;41;627059091;4159;232;4958;4969;8.96;0.55;241.81;4.51;799;41;1687.00;11
4160;41;627059101;4160;239;4960;4969;8.92;0.54;241.77;4.52;800;41;1688.00;9
4163;41;627059110;4163;245;4960;4969;8.92;0.55;241.79;4.52;797;41;1689.00;9
4164;41;627059125;4164;249;4960;4969;8.85;0.54;241.78;4.52;796;41;1690.00;9
4172;41;627059135;4172;259;4960;4969;8.72;0.53;241.74;4.52;788;41;1691.00;9
4173;41;627059144;4173;269;4973;4981;8.67;0.53;241.70;4.51;800;41;1692.00;8
4177;41;627059154;4177;273;4973;4981;8.51;0.52;241.74;4.51;796;41;1693.00;8
4183;41;627059164;4183;275;4975;4981;8.33;0.51;241.95;4.51;792;41;1694.00;6
4184;41;627059173;4184;285;4975;4981;8.20;0.50;241.94;4.51;791;41;1695.00;6
4191;41;627059182;4191;291;4975;4981;8.01;0.49;241.95;4.51;784;41;1696.00;6
4194;41;627059191;4194;292;4975;4981;7.82;0.48;242.04;4.51;781;41;1697.00;6
4199;41;627059200;4199;298;4976;4982;7.61;0.47;241.97;4.51;777;41;1698.00;6
4202;41;627059208;4202;306;4976;4982;7.39;0.45;242.05;4.51;774;41;1699.00;6
4205;41;627059217;4205;307;4981;4988;7.23;0.44;242.09;4.51;776;41;1700.00;7
4207;41;627059230;4207;305;4982;4989;7.07;0.44;242.11;4.50;775;41;1701.00;7
4213;41;627059238;4213;298;4983;4989;6.87;0.42;242.13;4.50;770;41;1702.00;6
4215;41;627059253;4215;302;4983;4989;6.75;0.41;242.23;4.50;768;41;1703.00;6
4218;41;627059261;4218;305;4987;4993;6.63;0.41;242.23;4.50;769;41;1704.00;6
4219;41;627059270;4219;305;4987;4993;6.58;0.40;242.24;4.50;768;41;1705.00;6
4222;41;627059278;4222;308;4987;4993;6.57;0.40;242.19;4.50;765;41;1706.00;6
4226;41;627059287;4226;304;4988;4994;6.59;0.40;242.24;4.50;762;41;1707.00;6
4227;41;627059295;4227;306;4992;4998;6.68;0.41;242.21;4.50;765;41;1708.00;6
4231;41;627059304;4231;303;4992;4998;6.74;0.41;242.25;4.50;761;41;1709.00;6
4233;41;627059315;4233;300;4995;5004;6.83;0.42;242.24;4.49;762;41;1710.00;9
4235;41;627059324;4235;295;4996;5004;6.88;0.42;242.25;4.49;761;41;1711.00;8
4239;41;627059333;4239;289;4996;5004;6.87;0.42;242.30;4.49;757;41;1712.00;8
4240;41;627059343;4240;293;4997;5004;6.85;0.42;242.34;4.49;757;41;1713.00;7
4245;41;627059356;4245;298;5000;5008;6.81;0.42;242.28;4.49;755;41;1714.00;8
4246;41;627059381;4246;297;5000;5008;6.81;0.42;242.32;4.49;754;41;1715.00;8
4249;41;627059394;4249;299;5001;5008;6.80;0.42;242.29;4.49;752;41;1716.00;7
4253;41;627059406;4253;294;5001;5008;6.80;0.41;242.15;4.49;748;41;1717.00;7
4257;41;627059420;4257;300;5003;5009;6.87;0.42;242.09;4.49;746;41;1718.00;6
4259;41;627059433;4259;300;5004;5010;6.87;0.42;242.11;4.49;745;41;1719.00;6
4261;41;627059446;4261;302;5004;5010;6.86;0.42;242.12;4.49;743;41;1720.00;6
4264;41;627059458;4264;302;5005;5011;6.86;0.42;242.11;4.49;741;41;1721.00;6
4267;41;627059469;4267;304;5005;5011;6.86;0.42;242.08;4.49;738;41;1722.00;6
4269;41;627059479;4269;303;5005;5011;6.89;0.42;242.13;4.49;736;41;1723.00;6
4276;41;627059488;4276;302;5005;5011;6.83;0.42;241.99;4.49;729;41;1724.00;6
4278;41;627059498;4278;302;5005;5011;6.92;0.42;241.95;4.49;727;41;1725.00;6
4282;41;627059508;4282;304;5005;5011;6.98;0.43;241.93;4.49;723;41;1726.00;6
4284;41;627059518;4284;303;5005;5011;7.01;0.43;241.87;4.49;721;41;1727.00;6
4286;41;627059528;4286;312;5079;5138;7.46;0.46;241.88;4.42;793;41;1728.00;59
4290;41;627059548;4290;311;5082;5139;7.47;0.46;241.91;4.42;792;41;1729.00;57
4293;41;627059565;4293;312;5091;5139;7.54;0.47;241.93;4.42;798;41;1730.00;48
4295;41;627059575;4295;313;5095;5139;7.61;0.47;241.99;4.42;800;41;1731.00;44
4297;41;627059586;4297;314;5100;5139;7.67;0.48;242.01;4.42;803;41;1732.00;39
4303;41;627059602;4303;315;5106;5139;7.65;0.47;241.90;4.42;803;41;1733.00;33
4308;41;627059619;4308;318;5110;5139;7.64;0.47;241.87;4.42;802;41;1734.00;29
4308;41;627059630;4308;316;5112;5139;7.66;0.47;241.87;4.42;804;41;1735.00;27
4310;41;627059640;4310;321;5117;5140;7.65;0.47;241.92;4.42;807;41;1736.00;23
4314;41;627059651;4314;320;5119;5141;7.55;0.47;241.88;4.42;805;41;1737.00;22
4316;42;627059662;4316;333;5123;5141;7.54;0.47;241.84;4.43;807;42;1738.00;18
4319;42;627059685;4319;322;5125;5142;7.52;0.47;241.84;4.43;806;42;1739.00;17
4324;42;627059698;4324;321;5127;5142;7.53;0.46;241.89;4.43;803;42;1740.00;15
4326;42;627059709;4326;319;5128;5142;7.58;0.47;241.90;4.43;802;42;1741.00;14
4327;42;627059720;4327;317;5130;5142;7.64;0.47;241.90;4.44;803;42;1742.00;12
4330;42;627059732;4330;311;5133;5146;7.73;0.47;241.85;4.44;803;42;1743.00;13
4332;42;627059743;4332;308;5134;5146;7.80;0.48;241.79;4.44;802;42;1744.00;12
4334;42;627059755;4334;306;5135;5146;7.85;0.48;241.81;4.44;801;42;1745.00;11
4338;42;627059772;4338;307;5138;5149;7.91;0.48;241.77;4.44;800;42;1746.00;11
4338;43;627059784;4338;292;5139;5149;7.96;0.49;241.77;4.44;801;43;1747.00;10
4341;43;627059813;4341;286;5140;5149;7.98;0.49;241.74;4.44;799;43;1748.00;9
4342;44;627059831;4342;277;5144;5153;8.10;0.49;241.68;4.44;802;44;1749.00;9
4343;44;627059855;4343;271;5146;5154;8.24;0.50;241.69;4.44;803;44;1750.00;8
4345;44;627059873;4345;265;5146;5154;8.33;0.51;241.66;4.44;801;44;1751.00;8
4347;44;627059885;4347;260;5151;5158;8.42;0.52;241.77;4.47;804;44;1752.00;7
4349;44;627059898;4349;245;5151;5158;8.50;0.52;241.79;4.47;802;44;1753.00;7
4353;44;627059911;4353;250;5151;5158;8.57;0.52;241.74;4.47;798;44;1754.00;7
4355;44;627059922;4355;248;5153;5160;8.68;0.53;241.64;4.46;798;44;1755.00;7
4358;44;627059935;4358;234;5153;5160;8.75;0.53;241.65;4.46;795;44;1756.00;7
4360;44;627059948;4360;223;5158;5166;8.80;0.53;241.70;4.46;798;44;1757.00;8
4361;44;627059961;4361;211;5159;5166;8.94;0.54;241.71;4.46;798;44;1758.00;7
4362;44;627059974;4362;208;5160;5167;9.02;0.55;241.70;4.46;798;44;1759.00;7
4362;44;627059986;4362;203;5160;5167;9.12;0.55;241.70;4.46;798;44;1760.00;7
4367;44;627059998;4367;201;5160;5167;9.23;0.56;241.75;4.46;793;44;1761.00;7
4372;44;627060020;4372;201;5160;5167;9.33;0.56;241.71;4.46;788;44;1762.00;7
4373;44;627060040;4373;202;5160;5167;9.39;0.57;241.71;4.46;787;44;1763.00;7
4376;44;627060056;4376;207;5170;5179;9.56;0.58;241.67;4.45;794;44;1764.00;9
4378;44;627060070;4378;208;5171;5179;9.67;0.59;241.67;4.45;793;44;1765.00;8
4381;44;627060082;4381;211;5171;5179;9.67;0.59;241.71;4.45;790;44;1766.00;8
4384;44;627060095;4384;217;5171;5179;9.69;0.59;241.79;4.45;787;44;1767.00;8
4386;44;627060108;4386;219;5171;5179;9.65;0.58;241.85;4.45;785;44;1768.00;8
4388;44;627060120;4388;212;5171;5179;9.65;0.58;241.83;4.45;783;44;1769.00;8
4390;44;627060134;4390;219;5174;5183;9.60;0.58;241.96;4.45;784;44;1770.00;9
4394;44;627060147;4394;216;5174;5183;9.62;0.58;242.04;4.45;780;44;1771.00;9
4394;44;627060160;4394;217;5177;5187;9.69;0.59;242.04;4.45;783;44;1772.00;10
4399;44;627060172;4399;215;5178;5188;9.70;0.59;242.21;4.45;779;44;1773.00;10
4400;44;627060185;4400;212;5179;5188;9.70;0.59;242.28;4.45;779;44;1774.00;9
4402;44;627060196;4402;212;5179;5188;9.70;0.59;242.50;4.45;777;44;1775.00;9
4405;44;627060208;4405;221;5189;5201;9.76;0.59;242.55;4.44;784;44;1776.00;12
4407;44;627060220;4407;219;5189;5201;9.79;0.60;242.62;4.44;782;44;1777.00;12
4412;44;627060232;4412;225;5190;5201;9.85;0.60;242.67;4.44;778;44;1778.00;11
4414;45;627060245;4414;228;5191;5202;9.84;0.60;242.74;4.44;777;45;1779.00;11
4416;45;627060272;4416;229;5191;5203;9.81;0.60;242.79;4.44;775;45;1780.00;12
4420;45;627060284;4420;231;5191;5203;9.81;0.60;242.82;4.44;771;45;1781.00;12
4422;45;627060295;4422;227;5193;5206;9.83;0.60;242.85;4.43;771;45;1782.00;13
4424;45;627060310;4424;229;5193;5206;9.79;0.59;242.84;4.43;769;45;1783.00;13
4425;45;627060322;4425;229;5194;5206;9.79;0.59;242.89;4.43;769;45;1784.00;12
4428;45;627060334;4428;227;5194;5206;9.74;0.59;242.95;4.43;766;45;1785.00;12
4430;45;627060348;4430;226;5198;5212;9.68;0.59;242.89;4.43;768;45;1786.00;14
4431;45;627060360;4431;221;5198;5212;9.70;0.59;242.93;4.43;767;45;1787.00;14
4434;45;627060371;4434;225;5199;5212;9.66;0.59;243.01;4.43;765;45;1788.00;13
4435;45;627060389;4435;226;5199;5212;9.66;0.59;243.08;4.43;764;45;1789.00;13
4437;45;627060400;4437;221;5202;5216;9.66;0.59;243.21;4.43;765;45;1790.00;14
4439;45;627060411;4439;211;5203;5217;9.70;0.59;243.25;4.43;764;45;1791.00;14
4444;45;627060421;4444;206;5203;5217;9.74;0.59;243.29;4.43;759;45;1792.00;14
4447;45;627060431;4447;200;5204;5218;9.76;0.60;243.31;4.43;757;45;1793.00;14
4449;45;627060442;4449;185;5205;5218;9.78;0.60;243.28;4.46;756;45;1794.00;13
4451;45;627060453;4451;182;5205;5218;9.80;0.60;243.32;4.46;754;45;1795.00;13
4458;45;627060463;4458;176;5205;5218;9.72;0.59;243.47;4.46;747;45;1796.00;13
4463;45;627060475;4463;172;5205;5218;9.70;0.59;243.49;4.46;742;45;1797.00;13
4467;45;627060485;4467;168;5205;5218;9.70;0.59;243.55;4.46;738;45;1798.00;13
4474;45;627060495;4474;166;5205;5218;9.68;0.59;243.75;4.46;731;45;1799.00;13
4477;45;627060507;4477;182;5269;5356;9.48;0.58;243.77;4.41;792;45;1800.00;87
4481;45;627060534;4481;168;5269;5357;9.44;0.58;243.85;4.41;788;45;1801.00;88
4486;45;627060544;4486;154;5280;5357;9.48;0.58;243.91;4.40;794;45;1802.00;77
4489;46;627060555;4489;144;5285;5357;9.48;0.58;244.05;4.40;796;46;1803.00;72
4491;46;627060575;4491;136;5289;5357;9.40;0.58;244.10;4.40;798;46;1804.00;68
4494;46;627060585;4494;133;5295;5357;9.29;0.57;244.28;4.41;801;46;1805.00;62
4499;46;627060597;4499;137;5299;5357;9.28;0.57;244.41;4.41;800;46;1806.00;58
4502;46;627060607;4502;129;5301;5357;9.36;0.58;244.51;4.42;799;46;1807.00;56
4504;46;627060618;4504;129;5304;5358;9.47;0.58;244.60;4.42;800;46;1808.00;54
4510;46;627060628;4510;126;5306;5359;9.58;0.59;244.58;4.42;796;46;1809.00;53
4511;46;627060639;4511;123;5308;5359;9.64;0.59;244.55;4.42;797;46;1810.00;51
4514;46;627060650;4514;120;5313;5363;9.61;0.59;244.62;4.45;799;46;1811.00;50
4519;46;627060661;4519;117;5315;5363;9.55;0.58;244.58;4.46;796;46;1812.00;48
4519;46;627060672;4519;115;5316;5363;9.60;0.59;244.58;4.48;797;46;1813.00;47
4525;47;627060683;4525;124;5318;5363;9.54;0.58;244.64;4.49;793;47;1814.00;45
4526;47;627060701;4526;124;5321;5369;9.64;0.59;244.64;4.51;795;47;1815.00;48
4532;47;627060717;4532;124;5321;5369;9.66;0.59;244.73;4.51;789;47;1816.00;48
4536;47;627060728;4536;124;5323;5369;9.69;0.59;244.72;4.52;787;47;1817.00;46
4538;47;627060739;4538;120;5326;5372;9.79;0.60;244.69;4.54;788;47;1818.00;46
4540;47;627060750;4540;120;5327;5372;9.83;0.60;244.70;4.54;787;47;1819.00;45
4542;47;627060761;4542;126;5329;5372;9.86;0.60;244.64;4.56;787;47;1820.00;43
4545;47;627060772;4545;130;5331;5373;9.95;0.61;244.81;4.56;786;47;1821.00;42
4547;47;627060784;4547;130;5332;5374;10.06;0.62;244.89;4.56;785;47;1822.00;42
4548;47;627060795;4548;136;5333;5374;10.16;0.62;244.87;4.58;785;47;1823.00;41
4551;47;627060806;4551;144;5341;5387;10.14;0.62;244.98;4.58;790;47;1824.00;46
4554;47;627060819;4554;140;5342;5387;10.25;0.63;244.94;4.58;788;47;1825.00;45
4558;47;627060830;4558;146;5346;5387;10.29;0.63;245.01;4.59;788;47;1826.00;41
4561;47;627060847;4561;151;5347;5388;10.37;0.63;245.09;4.59;786;47;1827.00;41
4565;47;627060858;4565;149;5350;5388;10.37;0.63;245.12;4.60;785;47;1828.00;38
4569;47;627060869;4569;151;5352;5392;10.33;0.63;245.08;4.60;783;47;1829.00;40
4570;47;627060883;4570;155;5353;5392;10.28;0.63;245.14;4.60;783;47;1830.00;39
4573;47;627060894;4573;163;5359;5396;10.21;0.62;245.20;4.62;786;47;1831.00;37
4575;47;627060905;4575;170;5360;5396;10.21;0.62;245.18;4.62;785;47;1832.00;36
4578;47;627060922;4578;169;5361;5396;10.25;0.63;245.23;4.62;783;47;1833.00;35
4582;47;627060934;4582;170;5363;5396;10.26;0.63;245.20;4.64;781;47;1834.00;33
4587;47;627060945;4587;171;5363;5396;10.23;0.62;245.21;4.64;776;47;1835.00;33
4589;47;627060956;4589;174;5375;5408;10.20;0.62;245.23;4.64;786;47;1836.00;33
4590;47;627060968;4590;175;5378;5408;10.20;0.62;245.31;4.65;788;47;1837.00;30
4591;47;627060979;4591;180;5381;5408;10.21;0.62;245.40;4.67;790;47;1838.00;27
4592;47;627060989;4592;184;5384;5408;10.16;0.62;245.45;4.68;792;47;1839.00;24
4594;47;627061000;4594;192;5384;5408;10.17;0.62;245.45;4.68;790;47;1840.00;24
4596;47;627061010;4596;195;5386;5408;10.12;0.62;245.41;4.69;790;47;1841.00;22
4597;47;627061021;4597;203;5386;5409;10.06;0.62;245.40;4.69;789;47;1842.00;23
4602;47;627061032;4602;206;5386;5409;10.02;0.61;245.36;4.69;784;47;1843.00;23
4607;47;627061043;4607;210;5390;5415;10.00;0.61;245.51;4.69;783;47;1844.00;25
4609;47;627061054;4609;215;5395;5417;9.94;0.61;245.51;4.69;786;47;1845.00;22
4612;47;627061065;4612;219;5396;5417;9.90;0.60;245.52;4.70;784;47;1846.00;21
4614;47;627061075;4614;225;5398;5417;9.87;0.60;245.55;4.71;784;47;1847.00;19
4618;47;627061085;4618;232;5401;5421;9.83;0.60;245.51;4.70;783;47;1848.00;20
4619;47;627061096;4619;234;5401;5421;9.68;0.59;245.48;4.70;782;47;1849.00;20
4622;47;627061106;4622;232;5401;5421;9.56;0.58;245.55;4.70;779;47;1850.00;20
4623;47;627061117;4623;228;5405;5422;9.40;0.57;245.54;4.71;782;47;1851.00;17
4628;47;627061132;4628;226;5408;5426;9.28;0.57;245.60;4.71;780;47;1852.00;18
4630;47;627061143;4630;227;5411;5426;9.27;0.57;245.62;4.72;781;47;1853.00;15
4632;47;627061153;4632;232;5413;5429;9.28;0.57;245.60;4.72;781;47;1854.00;16
4634;47;627061163;4634;232;5413;5429;9.30;0.57;245.60;4.72;779;47;1855.00;16
4634;47;627061173;4634;233;5415;5429;9.32;0.57;245.60;4.72;781;47;1856.00;14
4638;47;627061182;4638;233;5415;5429;9.26;0.56;245.68;4.72;777;47;1857.00;14
4638;47;627061192;4638;237;5418;5433;9.33;0.57;245.68;4.72;780;47;1858.00;15
4642;47;627061202;4642;238;5418;5433;9.26;0.56;245.57;4.72;776;47;1859.00;15
4644;47;627061213;4644;242;5419;5433;9.22;0.56;245.57;4.72;775;47;1860.00;14
4646;47;627061223;4646;245;5419;5433;9.12;0.56;245.52;4.72;773;47;1861.00;14
4649;47;627061232;4649;248;5420;5434;8.89;0.54;245.54;4.72;771;47;1862.00;14
4652;47;627061242;4652;254;5421;5435;8.73;0.54;245.51;4.71;769;47;1863.00;14
4653;47;627061250;4653;256;5421;5435;8.62;0.53;245.48;4.71;768;47;1864.00;14
4659;47;627061259;4659;268;5422;5436;8.41;0.52;245.42;4.71;763;47;1865.00;14
4661;47;627061268;4661;273;5422;5436;8.26;0.51;245.55;4.71;761;47;1866.00;14
4665;47;627061276;4665;282;5422;5436;8.08;0.50;245.47;4.71;757;47;1867.00;14
4669;47;627061285;4669;291;5422;5436;7.87;0.48;245.48;4.71;753;47;1868.00;14
4673;47;627061293;4673;296;5422;5436;7.68;0.47;245.54;4.71;749;47;1869.00;14
4677;47;627061301;4677;288;5422;5436;7.47;0.46;245.43;4.71;745;47;1870.00;14
4678;47;627061310;4678;290;5422;5436;7.37;0.46;245.47;4.71;744;47;1871.00;14
4679;47;627061317;4679;310;5488;5563;7.64;0.48;245.51;4.66;809;47;1872.00;75
4683;47;627061335;4683;302;5492;5564;7.51;0.47;245.53;4.66;809;47;1873.00;72
4685;47;627061346;4685;305;5500;5564;7.58;0.47;245.50;4.65;815;47;1874.00;64
4689;47;627061359;4689;315;5513;5564;7.44;0.47;245.52;4.65;824;47;1875.00;51
4689;47;627061373;4689;311;5517;5564;7.44;0.47;245.52;4.65;828;47;1876.00;47
4692;47;627061388;4692;307;5521;5564;7.42;0.46;245.60;4.65;829;47;1877.00;43
4695;47;627061404;4695;306;5526;5564;7.42;0.46;245.62;4.65;831;47;1878.00;38
4699;47;627061420;4699;307;5528;5564;7.40;0.46;245.59;4.65;829;47;1879.00;36
4704;47;627061435;4704;311;5532;5565;7.39;0.46;245.52;4.65;828;47;1880.00;33
4706;47;627061450;4706;321;5534;5566;7.33;0.45;245.60;4.65;828;47;1881.00;32
4708;47;627061465;4708;319;5539;5568;7.29;0.45;245.61;4.66;831;47;1882.00;29
4712;47;627061477;4712;325;5541;5569;7.23;0.45;245.64;4.66;829;47;1883.00;28
4714;47;627061489;4714;327;5545;5569;7.16;0.44;245.72;4.66;831;47;1884.00;24
4722;47;627061499;4722;330;5546;5569;6.93;0.43;245.63;4.66;824;47;1885.00;23
4723;47;627061510;4723;330;5549;5569;6.90;0.43;245.65;4.67;826;47;1886.00;20
4726;47;627061520;4726;334;5551;5573;6.82;0.42;245.78;4.67;825;47;1887.00;22
4726;47;627061531;4726;340;5552;5573;6.78;0.42;245.78;4.67;826;47;1888.00;21
4728;47;627061542;4728;347;5554;5573;6.75;0.42;245.84;4.67;826;47;1889.00;19
4729;47;627061554;4729;351;5557;5579;6.72;0.41;245.80;4.67;828;47;1890.00;22
4733;47;627061566;4733;340;5560;5579;6.73;0.42;245.78;4.67;827;47;1891.00;19
4738;47;627061577;4738;330;5561;5579;6.74;0.41;245.88;4.67;823;47;1892.00;18
4741;47;627061597;4741;326;5566;5583;6.83;0.42;245.90;4.67;825;47;1893.00;17
4746;47;627061609;4746;322;5568;5584;6.91;0.43;245.82;4.67;822;47;1894.00;16
4748;47;627061621;4748;318;5568;5584;7.00;0.43;245.88;4.67;820;47;1895.00;16
4751;47;627061632;4751;322;5572;5588;7.10;0.44;245.85;4.66;821;47;1896.00;16
4753;47;627061650;4753;319;5572;5588;7.14;0.44;245.88;4.66;819;47;1897.00;16
4757;47;627061668;4757;315;5572;5588;7.19;0.44;245.95;4.66;815;47;1898.00;16
4760;47;627061679;4760;315;5573;5589;7.24;0.44;245.92;4.66;813;47;1899.00;16
4763;47;627061699;4763;321;5573;5589;7.34;0.45;245.95;4.66;810;47;1900.00;16
4768;47;627061716;4768;316;5578;5595;7.35;0.45;245.94;4.66;810;47;1901.00;17
4771;47;627061728;4771;313;5579;5595;7.44;0.45;245.89;4.66;808;47;1902.00;16
4776;48;627061746;4776;317;5580;5596;7.46;0.46;245.89;4.66;804;48;1903.00;16
4778;48;627061776;4778;318;5580;5596;7.53;0.46;245.89;4.66;802;48;1904.00;16
4780;48;627061787;4780;323;5580;5596;7.63;0.46;245.91;4.66;800;48;1905.00;16
4784;48;627061805;4784;324;5580;5596;7.71;0.47;245.82;4.66;796;48;1906.00;16
4787;48;627061817;4787;327;5580;5596;7.77;0.47;245.83;4.66;793;48;1907.00;16
4788;48;627061829;4788;332;5591;5608;7.95;0.48;245.78;4.65;803;48;1908.00;17
4793;48;627061840;4793;334;5592;5608;7.96;0.48;245.76;4.65;799;48;1909.00;16
4795;48;627061853;4795;331;5592;5608;8.00;0.48;245.72;4.65;797;48;1910.00;16
4796;48;627061863;4796;327;5592;5608;8.00;0.48;245.77;4.65;796;48;1911.00;16
4801;48;627061874;4801;329;5592;5608;7.98;0.48;245.89;4.65;791;48;1912.00;16
4803;48;627061887;4803;328;5592;5608;7.95;0.48;245.97;4.65;789;48;1913.00;16
4807;48;627061898;4807;330;5596;5612;7.89;0.48;246.02;4.64;789;48;1914.00;16
4807;48;627061910;4807;332;5596;5612;7.92;0.48;246.02;4.64;789;48;1915.00;16
4807;48;627061921;4807;334;5599;5616;7.89;0.48;246.02;4.64;792;48;1916.00;17
4810;48;627061932;4810;328;5600;5617;7.86;0.48;246.11;4.64;790;48;1917.00;17
4815;48;627061944;4815;322;5601;5617;7.80;0.47;246.04;4.64;786;48;1918.00;16
4820;48;627061962;4820;319;5602;5617;7.76;0.47;246.10;4.66;782;48;1919.00;15
4823;48;627061976;4823;318;5626;5646;7.88;0.48;246.09;4.64;803;48;1920.00;20
4827;48;627061989;4827;307;5626;5646;7.89;0.48;246.16;4.64;799;48;1921.00;20
4830;48;627062002;4830;304;5628;5646;7.96;0.48;246.12;4.64;798;48;1922.00;18
4835;48;627062014;4835;297;5630;5647;8.01;0.48;246.23;4.64;795;48;1923.00;17
4837;48;627062033;4837;292;5630;5648;8.04;0.49;246.22;4.64;793;48;1924.00;18
4840;48;627062045;4840;290;5630;5648;8.04;0.49;246.26;4.64;790;48;1925.00;18
4843;48;627062058;4843;278;5633;5651;8.08;0.49;246.22;4.64;790;48;1926.00;18
4845;49;627062071;4845;267;5633;5651;8.04;0.49;246.26;4.64;788;49;1927.00;18
4845;49;627062093;4845;265;5633;5651;8.05;0.49;246.26;4.64;788;49;1928.00;18
4850;49;627062104;4850;259;5633;5651;8.07;0.49;246.24;4.64;783;49;1929.00;18
4854;49;627062116;4854;258;5637;5657;8.09;0.49;246.36;4.64;783;49;1930.00;20
4855;49;627062135;4855;249;5637;5657;8.14;0.49;246.35;4.64;782;49;1931.00;20
4859;49;627062147;4859;254;5638;5657;8.13;0.49;246.40;4.63;779;49;1932.00;19
4862;49;627062166;4862;258;5639;5657;8.13;0.50;246.45;4.66;777;49;1933.00;18
4862;49;627062178;4862;259;5642;5661;8.18;0.50;246.45;4.66;780;49;1934.00;19
4865;49;627062190;4865;256;5644;5663;8.24;0.50;246.54;4.65;779;49;1935.00;19
4868;50;627062202;4868;249;5644;5663;8.29;0.51;246.56;4.65;776;50;1936.00;19
4871;50;627062228;4871;243;5645;5664;8.34;0.51;246.53;4.65;774;50;1937.00;19
4875;50;627062240;4875;231;5645;5664;8.37;0.51;246.57;4.65;770;50;1938.00;19
4881;50;627062252;4881;226;5645;5664;8.34;0.51;246.67;4.65;764;50;1939.00;19
4882;50;627062263;4882;223;5645;5664;8.33;0.51;246.66;4.65;763;50;1940.00;19
4887;50;627062281;4887;220;5646;5664;8.34;0.51;246.68;4.68;759;50;1941.00;18
4890;50;627062293;4890;209;5646;5664;8.37;0.51;246.68;4.68;756;50;1942.00;18
4890;50;627062303;4890;212;5646;5664;8.47;0.52;246.68;4.68;756;50;1943.00;18
4896;50;627062314;4896;223;5689;5734;8.35;0.51;246.78;4.64;793;50;1944.00;45
4898;50;627062331;4898;219;5689;5735;8.47;0.52;246.78;4.64;791;50;1945.00;46
4898;50;627062343;4898;210;5695;5735;8.74;0.53;246.78;4.64;797;50;1946.00;40
4901;50;627062355;4901;210;5696;5735;8.80;0.54;246.87;4.64;795;50;1947.00;39
4903;51;627062368;4903;198;5701;5735;8.92;0.54;246.83;4.64;798;51;1948.00;34
4908;51;627062394;4908;200;5705;5735;8.98;0.55;246.78;4.64;797;51;1949.00;30
4911;51;627062407;4911;204;5709;5737;9.06;0.55;246.73;4.64;798;51;1950.00;28
4911;52;627062418;4911;207;5710;5737;9.13;0.56;246.73;4.64;799;52;1951.00;27
4913;52;627062435;4913;210;5713;5738;9.14;0.56;246.75;4.64;800;52;1952.00;25
4913;52;627062452;4913;212;5714;5739;9.14;0.56;246.75;4.64;801;52;1953.00;25
4913;52;627062467;4913;220;5716;5739;9.14;0.56;246.75;4.64;803;52;1954.00;23
4913;52;627062477;4913;224;5720;5743;9.02;0.55;246.75;4.66;807;52;1955.00;23
4916;52;627062488;4916;226;5720;5743;8.96;0.55;246.71;4.66;804;52;1956.00;23
4919;52;627062498;4919;231;5720;5743;8.99;0.55;246.68;4.66;801;52;1957.00;23
4920;52;627062509;4920;229;5720;5743;8.97;0.55;246.72;4.66;800;52;1958.00;23
4923;52;627062519;4923;230;5724;5749;8.94;0.54;246.74;4.66;801;52;1959.00;25
4924;52;627062529;4924;225;5725;5749;8.93;0.54;246.75;4.66;801;52;1960.00;24
4926;52;627062544;4926;228;5725;5749;8.96;0.55;246.77;4.66;799;52;1961.00;24
4931;52;627062555;4931;230;5728;5752;8.95;0.55;246.88;4.66;797;52;1962.00;24
4932;52;627062566;4932;230;5728;5752;8.92;0.54;246.90;4.66;796;52;1963.00;24
4936;52;627062576;4936;223;5729;5752;8.92;0.54;246.95;4.69;793;52;1964.00;23
4939;52;627062586;4939;224;5729;5753;8.92;0.54;247.09;4.69;790;52;1965.00;24
4943;52;627062596;4943;220;5730;5754;8.94;0.54;247.17;4.69;787;52;1966.00;24
4945;52;627062606;4945;221;5730;5754;8.93;0.54;247.18;4.69;785;52;1967.00;24
4950;52;627062617;4950;221;5739;5767;8.92;0.54;247.19;4.68;789;52;1968.00;28
4952;52;627062627;4952;221;5740;5767;9.03;0.55;247.17;4.71;788;52;1969.00;27
4957;52;627062637;4957;210;5740;5767;8.98;0.54;247.23;4.71;783;52;1970.00;27
4961;52;627062648;4961;203;5741;5768;8.98;0.54;247.25;4.71;780;52;1971.00;27
4963;52;627062658;4963;193;5741;5768;8.99;0.54;247.19;4.71;778;52;1972.00;27
4966;52;627062669;4966;187;5744;5772;9.03;0.55;247.22;4.70;778;52;1973.00;28
4968;52;627062680;4968;184;5745;5772;9.12;0.55;247.27;4.70;777;52;1974.00;27
4973;52;627062693;4973;175;5749;5776;9.14;0.55;247.30;4.71;776;52;1975.00;27
4975;52;627062704;4975;164;5750;5776;9.24;0.56;247.35;4.74;775;52;1976.00;26
4978;52;627062720;4978;160;5750;5776;9.33;0.56;247.44;4.74;772;52;1977.00;26
4982;52;627062731;4982;155;5750;5776;9.38;0.57;247.51;4.74;768;52;1978.00;26
4985;52;627062743;4985;146;5750;5776;9.41;0.57;247.55;4.74;765;52;1979.00;26
4985;52;627062756;4985;142;5769;5810;9.44;0.57;247.55;4.72;784;52;1980.00;41
4988;52;627062770;4988;137;5770;5810;9.46;0.57;247.62;4.72;782;52;1981.00;40
4990;52;627062781;4990;136;5773;5810;9.48;0.58;247.67;4.75;783;52;1982.00;37
4994;52;627062792;4994;132;5773;5810;9.51;0.58;247.71;4.75;779;52;1983.00;37
4994;52;627062802;4994;132;5774;5810;9.65;0.59;247.71;4.75;780;52;1984.00;36
4998;52;627062812;4998;131;5774;5810;9.69;0.59;247.73;4.75;776;52;1985.00;36
4999;52;627062822;4999;131;5776;5811;9.73;0.59;247.76;4.76;777;52;1986.00;35
5001;52;627062832;5001;131;5777;5811;9.69;0.59;247.71;4.76;776;52;1987.00;34
5005;52;627062842;5005;130;5780;5817;9.73;0.59;247.81;4.76;775;52;1988.00;37
5010;52;627062853;5010;132;5784;5818;9.78;0.59;247.81;4.77;774;52;1989.00;34
5012;52;627062863;5012;130;5784;5818;9.76;0.59;247.79;4.77;772;52;1990.00;34
5013;52;627062874;5013;140;5786;5818;9.69;0.59;247.82;4.80;773;52;1991.00;32
5015;52;627062884;5015;145;5789;5822;9.65;0.59;247.85;4.80;774;52;1992.00;33
5017;52;627062895;5017;146;5789;5822;9.64;0.59;247.89;4.80;772;52;1993.00;33
5020;52;627062906;5020;150;5789;5822;9.62;0.58;247.95;4.80;769;52;1994.00;33
5021;52;627062916;5021;158;5791;5823;9.61;0.59;247.93;4.80;770;52;1995.00;32
5024;52;627062926;5024;164;5794;5827;9.55;0.58;247.99;4.80;770;52;1996.00;33
5027;52;627062937;5027;165;5796;5827;9.49;0.58;248.05;4.81;769;52;1997.00;31
5031;52;627062948;5031;173;5798;5830;9.49;0.58;248.08;4.80;767;52;1998.00;32
5035;52;627062959;5035;173;5800;5830;9.52;0.58;248.15;4.81;765;52;1999.00;30
5036;52;627062971;5036;175;5803;5830;9.51;0.58;248.14;4.82;767;52;2000.00;27
5038;52;627062985;5038;177;5803;5830;9.53;0.58;248.13;4.82;765;52;2001.00;27
5041;52;627062996;5041;180;5807;5834;9.51;0.58;248.21;4.83;766;52;2002.00;27
5042;52;627063006;5042;189;5808;5834;9.50;0.58;248.22;4.84;766;52;2003.00;26
5043;52;627063018;5043;192;5809;5834;9.51;0.58;248.21;4.84;766;52;2004.00;25
5043;52;627063029;5043;196;5811;5834;9.53;0.58;248.21;4.85;768;52;2005.00;23
5045;52;627063039;5045;198;5811;5835;9.51;0.58;248.17;4.85;766;52;2006.00;24
5047;52;627063049;5047;198;5813;5836;9.52;0.58;248.23;4.85;766;52;2007.00;23
5048;52;627063060;5048;204;5814;5836;9.53;0.58;248.20;4.86;766;52;2008.00;22
5050;52;627063070;5050;208;5816;5837;9.53;0.58;248.18;4.86;766;52;2009.00;21
5052;52;627063081;5052;211;5817;5837;9.49;0.58;248.12;4.87;765;52;2010.00;20
5053;52;627063092;5053;213;5817;5837;9.48;0.58;248.12;4.87;764;52;2011.00;20
5056;52;627063102;5056;220;5818;5837;9.48;0.58;248.12;4.88;762;52;2012.00;19
5059;52;627063112;5059;229;5819;5837;9.38;0.57;248.10;4.89;760;52;2013.00;18
5062;52;627063121;5062;231;5820;5837;9.25;0.57;248.11;4.89;758;52;2014.00;17
5065;52;627063131;5065;235;5821;5837;9.18;0.56;248.09;4.90;756;52;2015.00;16
5067;52;627063140;5067;254;5887;5964;9.22;0.57;248.14;4.85;820;52;2016.00;77
5070;52;627063160;5070;256;5888;5965;9.15;0.57;248.19;4.85;818;52;2017.00;77
5072;52;627063170;5072;257;5897;5965;9.15;0.57;248.16;4.85;825;52;2018.00;68
5073;52;627063180;5073;255;5904;5965;8.95;0.55;248.12;4.85;831;52;2019.00;61
5078;52;627063189;5078;259;5910;5965;8.88;0.55;248.00;4.85;832;52;2020.00;55
5080;52;627063200;5080;251;5919;5965;8.79;0.54;247.94;4.85;839;52;2021.00;46
5085;52;627063209;5085;254;5924;5965;8.66;0.53;247.90;4.85;839;52;2022.00;41
5089;52;627063219;5089;256;5929;5965;8.55;0.53;247.85;4.85;840;52;2023.00;36
5093;52;627063229;5093;266;5932;5966;8.52;0.52;247.72;4.86;839;52;2024.00;34
5096;52;627063239;5096;271;5938;5968;8.51;0.52;247.75;4.86;842;52;2025.00;30
5096;52;627063249;5096;278;5943;5968;8.47;0.52;247.75;4.86;847;52;2026.00;25
5098;52;627063259;5098;279;5944;5969;8.37;0.51;247.70;4.86;846;52;2027.00;25
5099;52;627063269;5099;286;5947;5969;8.29;0.51;247.76;4.87;848;52;2028.00;22
5102;52;627063279;5102;295;5947;5969;8.19;0.50;247.72;4.87;845;52;2029.00;22
5102;52;627063289;5102;301;5950;5969;8.07;0.50;247.72;4.87;848;52;2030.00;19
5104;52;627063298;5104;315;5953;5973;7.97;0.49;247.70;4.87;849;52;2031.00;20
5107;52;627063309;5107;321;5955;5973;7.80;0.48;247.67;4.87;848;52;2032.00;18
5108;52;627063318;5108;330;5955;5973;7.73;0.47;247.73;4.87;847;52;2033.00;18
5111;52;627063327;5111;336;5958;5976;7.58;0.46;247.74;4.88;847;52;2034.00;18
5114;52;627063338;5114;337;5959;5976;7.48;0.46;247.85;4.87;845;52;2035.00;17
5118;52;627063347;5118;346;5960;5976;7.31;0.45;247.83;4.88;842;52;2036.00;16
5120;52;627063369;5120;351;5964;5980;7.12;0.44;247.84;4.87;844;52;2037.00;16
5123;52;627063386;5123;359;5966;5981;6.92;0.42;247.81;4.87;843;52;2038.00;15
5127;52;627063402;5127;370;5966;5981;6.70;0.41;247.79;4.87;839;52;2039.00;15
5129;52;627063419;5129;366;5972;5986;6.66;0.41;247.80;4.87;843;52;2040.00;14
5131;52;627063433;5131;360;5972;5986;6.53;0.40;247.81;4.87;841;52;2041.00;14
5134;52;627063447;5134;370;5972;5986;6.48;0.40;247.87;4.87;838;52;2042.00;14
5136;52;627063461;5136;355;5973;5987;6.45;0.40;247.79;4.87;837;52;2043.00;14
5138;52;627063472;5138;348;5973;5987;6.46;0.40;247.80;4.87;835;52;2044.00;14
5139;52;627063489;5139;342;5978;5993;6.61;0.41;247.77;4.86;839;52;2045.00;15
5140;52;627063500;5140;338;5979;5993;6.66;0.41;247.80;4.86;839;52;2046.00;14
5142;52;627063510;5142;325;5980;5994;6.73;0.41;247.81;4.86;838;52;2047.00;14
5145;52;627063521;5145;310;5980;5994;6.81;0.42;247.83;4.86;835;52;2048.00;14
5148;52;627063533;5148;304;5980;5994;6.94;0.42;247.80;4.86;832;52;2049.00;14
5149;52;627063557;5149;293;5980;5994;7.03;0.43;247.82;4.86;831;52;2050.00;14
5153;52;627063568;5153;297;5980;5994;7.15;0.44;247.80;4.86;827;52;2051.00;14
5155;53;627063578;5155;292;5991;6006;7.26;0.44;247.77;4.85;836;53;2052.00;15
5158;53;627063602;5158;290;5991;6006;7.30;0.45;247.80;4.85;833;53;2053.00;15
5162;53;627063614;5162;287;5992;6006;7.35;0.45;247.76;4.85;830;53;2054.00;14
5163;53;627063626;5163;280;5992;6006;7.39;0.45;247.72;4.85;829;53;2055.00;14
5166;53;627063637;5166;275;5992;6006;7.47;0.46;247.77;4.85;826;53;2056.00;14
5166;53;627063648;5166;275;5992;6006;7.55;0.46;247.77;4.85;826;53;2057.00;14
5171;53;627063659;5171;277;5996;6010;7.60;0.46;247.77;4.85;825;53;2058.00;14
5175;53;627063670;5175;272;5996;6010;7.63;0.46;247.76;4.85;821;53;2059.00;14
5178;53;627063682;5178;265;5999;6014;7.67;0.47;247.74;4.85;821;53;2060.00;15
5180;53;627063696;5180;261;6000;6015;7.72;0.47;247.72;4.85;820;53;2061.00;15
5183;53;627063708;5183;258;6001;6015;7.79;0.47;247.76;4.85;818;53;2062.00;14
5186;53;627063720;5186;261;6001;6015;7.79;0.47;247.83;4.85;815;53;2063.00;14
5188;53;627063732;5188;259;6014;6028;7.87;0.48;247.84;4.84;826;53;2064.00;14
5190;53;627063744;5190;261;6014;6028;7.89;0.48;247.90;4.84;824;53;2065.00;14
5193;53;627063756;5193;257;6014;6028;7.94;0.49;247.88;4.84;821;53;2066.00;14
5200;53;627063768;5200;251;6015;6029;7.98;0.49;247.92;4.84;815;53;2067.00;14
5202;53;627063779;5202;247;6016;6030;8.04;0.49;247.92;4.84;814;53;2068.00;14
5208;53;627063791;5208;246;6016;6030;8.05;0.49;248.03;4.84;808;53;2069.00;14
5214;53;627063804;5214;248;6019;6036;8.09;0.49;248.27;4.83;805;53;2070.00;17
5216;53;627063817;5216;247;6019;6036;8.07;0.49;248.35;4.83;803;53;2071.00;17
5221;53;627063828;5221;256;6020;6036;8.04;0.49;248.52;4.83;799;53;2072.00;16
5226;53;627063840;5226;263;6020;6036;8.03;0.49;248.61;4.83;794;53;2073.00;16
5228;53;627063852;5228;269;6026;6042;8.11;0.50;248.67;4.88;798;53;2074.00;16
5235;53;627063864;5235;272;6026;6042;8.10;0.50;248.85;4.88;791;53;2075.00;16
5240;53;627063876;5240;270;6027;6042;8.15;0.50;248.85;4.88;787;53;2076.00;15
5244;53;627063887;5244;278;6027;6042;8.17;0.50;248.91;4.88;783;53;2077.00;15
5250;53;627063899;5250;272;6032;6046;8.20;0.50;249.01;4.87;782;53;2078.00;14
5253;53;627063911;5253;273;6033;6047;8.19;0.50;249.03;4.87;780;53;2079.00;14
5258;53;627063923;5258;273;6034;6047;8.13;0.50;249.14;4.87;776;53;2080.00;13
5261;53;627063934;5261;278;6035;6048;8.13;0.50;249.06;4.87;774;53;2081.00;13
5263;53;627063951;5263;279;6035;6048;8.07;0.49;249.08;4.87;772;53;2082.00;13
5265;53;627063962;5265;285;6035;6048;8.02;0.49;249.13;4.87;770;53;2083.00;13
5266;53;627063974;5266;287;6035;6048;7.95;0.49;249.17;4.87;769;53;2084.00;13
5271;53;627063986;5271;286;6035;6048;7.80;0.48;249.13;4.87;764;53;2085.00;13
5274;53;627063996;5274;292;6035;6048;7.75;0.47;249.14;4.87;761;53;2086.00;13
5278;53;627064007;5278;278;6035;6048;7.77;0.47;249.22;4.87;757;53;2087.00;13
5283;53;627064019;5283;290;6079;6118;7.81;0.48;249.26;4.84;796;53;2088.00;39
5288;53;627064037;5288;275;6081;6119;7.88;0.48;249.24;4.84;793;53;2089.00;38
5292;53;627064049;5292;261;6085;6119;7.96;0.49;249.27;4.83;793;53;2090.00;34
5294;53;627064060;5294;256;6087;6119;8.07;0.49;249.27;4.83;793;53;2091.00;32
5296;53;627064079;5296;262;6089;6119;8.24;0.50;249.28;4.83;793;53;2092.00;30
5300;53;627064091;5300;261;6093;6119;8.37;0.51;249.25;4.83;793;53;2093.00;26
5302;53;627064110;5302;268;6096;6119;8.45;0.52;249.25;4.83;794;53;2094.00;23
5305;53;627064121;5305;270;6099;6119;8.51;0.52;249.25;4.83;794;53;2095.00;20
5307;53;627064133;5307;256;6101;6120;8.56;0.52;249.31;4.84;794;53;2096.00;19
5310;53;627064144;5310;247;6103;6121;8.57;0.52;249.31;4.84;793;53;2097.00;18
5315;53;627064156;5315;243;6106;6121;8.57;0.52;249.40;4.84;791;53;2098.00;15
5315;53;627064168;5315;233;6109;6125;8.60;0.52;249.40;4.84;794;53;2099.00;16
5320;53;627064184;5320;241;6114;6140;8.58;0.52;249.42;4.88;794;53;2100.00;26
5323;53;627064205;5323;232;6114;6140;8.68;0.53;249.41;4.88;791;53;2101.00;26
5325;53;627064218;5325;229;6115;6140;8.70;0.53;249.46;4.88;790;53;2102.00;25
5326;53;627064229;5326;228;6118;6146;8.79;0.54;249.47;4.88;792;53;2103.00;28
5328;53;627064250;5328;222;6118;6146;8.88;0.54;249.50;4.88;790;53;2104.00;28
5329;53;627064263;5329;217;6118;6146;8.99;0.55;249.47;4.88;789;53;2105.00;28
5334;53;627064281;5334;217;6121;6149;9.04;0.55;249.50;4.88;787;53;2106.00;28
5336;53;627064295;5336;213;6122;6149;9.10;0.55;249.54;4.88;786;53;2107.00;27
5338;53;627064307;5338;206;6122;6149;9.19;0.56;249.50;4.88;784;53;2108.00;27
5342;53;627064320;5342;197;6122;6150;9.20;0.56;249.50;4.88;780;53;2109.00;28
5345;53;627064334;5345;192;6123;6151;9.22;0.56;249.50;4.88;778;53;2110.00;28
5346;53;627064346;5346;185;6123;6151;9.18;0.56;249.50;4.88;777;53;2111.00;28
5346;53;627064358;5346;183;6133;6164;9.13;0.55;249.50;4.87;787;53;2112.00;31
5351;53;627064372;5351;179;6134;6164;9.11;0.55;249.56;4.87;783;53;2113.00;30
5353;53;627064384;5353;178;6134;6164;9.15;0.55;249.51;4.87;781;53;2114.00;30
5354;53;627064396;5354;178;6136;6166;9.23;0.56;249.47;4.87;782;53;2115.00;30
5356;53;627064408;5356;177;6136;6166;9.36;0.57;249.43;4.87;780;53;2116.00;30
5359;53;627064419;5359;177;6138;6170;9.48;0.58;249.46;4.87;779;53;2117.00;32
5363;53;627064431;5363;184;6139;6170;9.52;0.58;249.46;4.87;776;53;2118.00;31
5367;53;627064442;5367;191;6143;6174;9.46;0.57;249.48;4.87;776;53;2119.00;31
5370;53;627064453;5370;192;6144;6174;9.46;0.57;249.43;4.92;774;53;2120.00;30
5371;53;627064465;5371;188;6144;6174;9.53;0.58;249.43;4.92;773;53;2121.00;30
5372;53;627064476;5372;186;6144;6174;9.58;0.58;249.42;4.92;772;53;2122.00;30
5374;53;627064487;5374;191;6144;6174;9.58;0.58;249.42;4.92;770;53;2123.00;30
5377;53;627064497;5377;195;6154;6186;9.54;0.58;249.42;4.92;777;53;2124.00;32
5378;53;627064514;5378;202;6155;6186;9.55;0.58;249.42;4.92;777;53;2125.00;31
5378;53;627064525;5378;202;6155;6186;9.58;0.58;249.42;4.92;777;53;2126.00;31
5381;53;627064535;5381;205;6157;6186;9.57;0.58;249.39;4.93;776;53;2127.00;29
5381;53;627064545;5381;211;6157;6186;9.57;0.58;249.39;4.93;776;53;2128.00;29
5382;53;627064556;5382;211;6159;6186;9.55;0.58;249.36;4.94;777;53;2129.00;27
5383;53;627064568;5383;203;6162;6187;9.59;0.58;249.37;4.94;779;53;2130.00;25
5384;53;627064579;5384;202;6162;6187;9.63;0.59;249.38;4.94;778;53;2131.00;25
5385;53;627064596;5385;204;6167;6193;9.60;0.58;249.36;4.94;782;53;2132.00;26
5386;53;627064607;5386;200;6169;6194;9.57;0.58;249.34;4.94;783;53;2133.00;25
5389;53;627064618;5389;195;6169;6194;9.54;0.58;249.44;4.94;780;53;2134.00;25
5392;53;627064629;5392;195;6169;6194;9.48;0.58;249.40;4.94;777;53;2135.00;25
5393;53;627064640;5393;195;6174;6198;9.44;0.57;249.42;4.99;781;53;2136.00;24
5396;53;627064650;5396;192;6175;6198;9.41;0.57;249.50;4.99;779;53;2137.00;23
5398;53;627064660;5398;191;6175;6198;9.36;0.57;249.49;4.99;777;53;2138.00;23
5402;53;627064670;5402;185;6176;6199;9.25;0.56;249.47;4.99;774;53;2139.00;23
5406;53;627064680;5406;187;6179;6203;9.20;0.56;249.50;4.99;773;53;2140.00;24
5410;53;627064690;5410;180;6179;6203;9.13;0.56;249.51;4.99;769;53;2141.00;24
5411;53;627064700;5411;176;6181;6206;9.17;0.56;249.55;4.99;770;53;2142.00;25
5414;53;627064710;5414;174;6182;6206;9.20;0.56;249.59;4.99;768;53;2143.00;24
5419;53;627064719;5419;172;6182;6206;9.19;0.56;249.62;4.99;763;53;2144.00;24
5424;53;627064730;5424;169;6184;6206;9.24;0.56;249.70;5.00;760;53;2145.00;22
5429;54;627064740;5429;171;6187;6210;9.26;0.56;249.72;5.00;758;54;2146.00;23
5430;54;627064761;5430;173;6188;6210;9.26;0.56;249.76;5.00;758;54;2147.00;22
5435;54;627064771;5435;168;6188;6210;9.17;0.56;249.68;5.00;753;54;2148.00;22
5439;54;627064781;5439;162;6188;6210;9.17;0.56;249.74;5.00;749;54;2149.00;22
5444;54;627064791;5444;160;6188;6211;9.12;0.55;249.86;5.00;744;54;2150.00;23
5446;54;627064801;5446;155;6189;6212;9.15;0.55;249.79;5.00;743;54;2151.00;23
5448;54;627064811;5448;160;6189;6212;9.15;0.56;249.80;5.00;741;54;2152.00;23
5451;54;627064820;5451;162;6190;6213;9.12;0.55;249.85;5.00;739;54;2153.00;23
5453;54;627064829;5453;167;6190;6213;9.10;0.55;249.81;5.00;737;54;2154.00;23
5454;54;627064839;5454;171;6191;6213;9.11;0.55;249.80;5.06;737;54;2155.00;22
5454;54;627064848;5454;167;6191;6213;9.09;0.55;249.80;5.06;737;54;2156.00;22
5456;54;627064858;5456;171;6192;6213;9.10;0.55;249.82;5.10;736;54;2157.00;21
5460;54;627064867;5460;172;6193;6213;9.11;0.55;249.79;5.11;733;54;2158.00;20
5461;54;627064877;5461;176;6193;6213;9.11;0.55;249.80;5.11;732;54;2159.00;20
5464;54;627064887;5464;207;6292;6443;9.12;0.57;249.79;5.03;828;54;2160.00;151
5465;54;627064915;5465;209;6296;6444;9.03;0.56;249.78;5.03;831;54;2161.00;148
5467;54;627064925;5467;202;6305;6444;9.05;0.56;249.74;5.02;838;54;2162.00;139
5468;54;627064935;5468;200;6310;6444;8.98;0.56;249.75;5.02;842;54;2163.00;134
5470;54;627064951;5470;209;6320;6444;8.93;0.55;249.69;5.02;850;54;2164.00;124
5473;54;627064967;5473;215;6326;6444;8.77;0.54;249.73;5.02;853;54;2165.00;118
5474;54;627064983;5474;220;6331;6444;8.71;0.54;249.70;5.02;857;54;2166.00;113
5475;54;627064993;5475;226;6337;6444;8.66;0.54;249.66;5.02;862;54;2167.00;107
5477;54;627065003;5477;230;6342;6445;8.65;0.54;249.59;5.02;865;54;2168.00;103
5479;54;627065014;5479;232;6348;6446;8.67;0.54;249.57;5.03;869;54;2169.00;98
5481;54;627065025;5481;233;6350;6446;8.65;0.54;249.49;5.03;869;54;2170.00;96
5482;54;627065036;5482;240;6357;6447;8.59;0.53;249.50;5.04;875;54;2171.00;90
5483;54;627065046;5483;242;6360;6447;8.51;0.53;249.54;5.05;877;54;2172.00;87
5486;54;627065062;5486;248;6365;6447;8.41;0.52;249.52;5.07;879;54;2173.00;82
5488;54;627065073;5488;253;6367;6447;8.32;0.51;249.48;5.07;879;54;2174.00;80
5491;54;627065084;5491;255;6372;6451;8.25;0.51;249.49;5.08;881;54;2175.00;79
5493;54;627065095;5493;259;6375;6451;8.22;0.51;249.47;5.08;882;54;2176.00;76
5494;54;627065106;5494;265;6378;6451;8.20;0.50;249.45;5.09;884;54;2177.00;73
5497;54;627065116;5497;264;6380;6454;8.19;0.50;249.47;5.10;883;54;2178.00;74
5499;54;627065128;5499;266;6385;6454;8.19;0.50;249.47;5.13;886;54;2179.00;69
5501;54;627065138;5501;269;6388;6454;8.14;0.50;249.46;5.13;887;54;2180.00;66
5501;54;627065149;5501;270;6395;6458;8.12;0.50;249.46;5.15;894;54;2181.00;63
5502;54;627065160;5502;281;6400;6459;8.02;0.49;249.44;5.16;898;54;2182.00;59
5504;54;627065171;5504;288;6402;6459;7.94;0.49;249.54;5.16;898;54;2183.00;57
5507;54;627065187;5507;296;6407;6463;7.90;0.49;249.42;5.17;900;54;2184.00;56
5509;54;627065198;5509;305;6410;6463;7.79;0.48;249.38;5.18;901;54;2185.00;53
5509;54;627065209;5509;317;6410;6463;7.63;0.47;249.38;5.18;901;54;2186.00;53
5509;54;627065219;5509;328;6415;6464;7.56;0.46;249.38;5.19;906;54;2187.00;49
5510;54;627065230;5510;337;6416;6464;7.47;0.46;249.38;5.20;906;54;2188.00;48
5511;54;627065240;5511;346;6422;6470;7.40;0.45;249.33;5.20;911;54;2189.00;48
5512;54;627065253;5512;351;6424;6470;7.31;0.45;249.33;5.21;912;54;2190.00;46
5517;54;627065263;5517;352;6426;6471;7.14;0.44;249.21;5.22;909;54;2191.00;45
5517;54;627065279;5517;355;6429;6471;7.06;0.43;249.21;5.23;912;54;2192.00;42
5518;54;627065290;5518;359;6433;6471;6.97;0.43;249.20;5.24;915;54;2193.00;38
5522;54;627065300;5522;372;6434;6471;6.87;0.42;249.12;5.25;912;54;2194.00;37
5523;54;627065310;5523;360;6436;6471;6.84;0.42;249.08;5.25;913;54;2195.00;35
5523;54;627065320;5523;357;6448;6483;6.94;0.43;249.08;5.25;925;54;2196.00;35
5525;54;627065332;5525;356;6449;6483;7.04;0.43;249.06;5.25;924;54;2197.00;34
5526;54;627065343;5526;354;6452;6483;7.12;0.44;249.05;5.26;926;54;2198.00;31
5526;54;627065358;5526;352;6454;6483;7.20;0.44;249.05;5.26;928;54;2199.00;29
5528;55;627065376;5528;347;6454;6483;7.23;0.44;249.01;5.26;926;55;2200.00;29
5528;55;627065418;5528;339;6455;6483;7.24;0.44;249.01;5.27;927;55;2201.00;28
5531;55;627065435;5531;340;6458;6487;7.20;0.44;248.96;5.27;927;55;2202.00;29
5533;55;627065451;5533;342;6459;6487;7.15;0.44;248.95;5.27;926;55;2203.00;28
5536;55;627065473;5536;347;6462;6491;7.12;0.44;248.92;5.27;926;55;2204.00;29
5538;55;627065487;5538;344;6467;6493;7.04;0.43;248.89;5.27;929;55;2205.00;26
5542;55;627065499;5542;343;6468;6493;6.97;0.43;248.85;5.27;926;55;2206.00;25
5544;55;627065511;5544;343;6468;6493;6.93;0.43;248.84;5.27;924;55;2207.00;25
5550;55;627065523;5550;350;6480;6506;6.79;0.42;248.99;5.26;930;55;2208.00;26
5553;55;627065536;5553;352;6480;6506;6.72;0.41;249.01;5.26;927;55;2209.00;26
5554;55;627065548;5554;346;6481;6508;6.75;0.41;249.03;5.25;927;55;2210.00;27
5557;55;627065559;5557;339;6483;6509;6.75;0.41;249.02;5.25;926;55;2211.00;26
5560;55;627065572;5560;336;6484;6510;6.76;0.41;249.05;5.25;924;55;2212.00;26
5563;55;627065583;5563;332;6484;6510;6.82;0.42;249.11;5.25;921;55;2213.00;26
5564;55;627065601;5564;331;6486;6513;6.94;0.42;249.13;5.25;922;55;2214.00;27
5568;55;627065614;5568;330;6486;6513;6.97;0.43;249.20;5.25;918;55;2215.00;27
5573;55;627065625;5573;326;6486;6513;6.99;0.43;249.31;5.25;913;55;2216.00;27
5576;55;627065637;5576;326;6486;6513;7.04;0.43;249.33;5.25;910;55;2217.00;27
5581;55;627065649;5581;318;6490;6519;7.05;0.43;249.45;5.25;909;55;2218.00;29
5584;55;627065661;5584;316;6490;6519;7.10;0.44;249.57;5.25;906;55;2219.00;29
5587;55;627065675;5587;300;6491;6519;7.15;0.44;249.67;5.25;904;55;2220.00;28
5590;55;627065687;5590;294;6491;6519;7.17;0.44;249.76;5.25;901;55;2221.00;28
5596;55;627065698;5596;293;6497;6523;7.16;0.44;249.84;5.30;901;55;2222.00;26
5601;55;627065711;5601;283;6498;6524;7.22;0.44;249.85;5.30;897;55;2223.00;26
5605;55;627065724;5605;281;6499;6524;7.27;0.44;249.84;5.30;894;55;2224.00;25
5607;55;627065736;5607;282;6500;6525;7.35;0.45;249.79;5.30;893;55;2225.00;25
5611;55;627065747;5611;278;6501;6525;7.44;0.46;249.81;5.30;890;55;2226.00;24
5614;55;627065759;5614;279;6501;6525;7.53;0.46;249.83;5.30;887;55;2227.00;24
5618;55;627065772;5618;280;6501;6525;7.58;0.46;249.98;5.30;883;55;2228.00;24
5620;55;627065784;5620;284;6501;6525;7.60;0.47;249.94;5.30;881;55;2229.00;24
5626;55;627065795;5626;279;6501;6525;7.64;0.47;249.90;5.30;875;55;2230.00;24
5630;55;627065807;5630;278;6501;6525;7.64;0.47;249.89;5.30;871;55;2231.00;24
5635;55;627065819;5635;286;6538;6595;7.72;0.47;250.05;5.27;903;55;2232.00;57
5640;55;627065844;5640;277;6541;6596;7.74;0.47;250.09;5.27;901;55;2233.00;55
5644;55;627065857;5644;276;6547;6596;7.85;0.48;250.16;5.27;903;55;2234.00;49
5650;55;627065870;5650;271;6554;6596;7.94;0.49;250.14;5.26;904;55;2235.00;42
5654;55;627065883;5654;280;6560;6596;8.02;0.49;250.31;5.26;906;55;2236.00;36
5658;55;627065897;5658;272;6564;6596;8.15;0.50;250.36;5.26;906;55;2237.00;32
5668;55;627065910;5668;280;6566;6596;8.17;0.50;250.63;5.26;898;55;2238.00;30
5673;55;627065924;5673;279;6569;6596;8.25;0.50;250.67;5.26;896;55;2239.00;27
5676;55;627065937;5676;278;6571;6597;8.25;0.50;250.74;5.26;895;55;2240.00;26
5680;55;627065951;5680;286;6572;6598;8.19;0.50;250.94;5.26;892;55;2241.00;26
5687;55;627065964;5687;290;6573;6598;8.16;0.50;250.96;5.26;886;55;2242.00;25
5691;55;627065978;5691;292;6576;6602;8.19;0.50;250.95;5.26;885;55;2243.00;26
5694;55;627065991;5694;296;6576;6602;8.21;0.50;251.05;5.26;882;55;2244.00;26
5697;55;627066005;5697;303;6576;6602;8.23;0.50;251.15;5.26;879;55;2245.00;26
5701;55;627066018;5701;303;6576;6602;8.24;0.50;251.22;5.26;875;55;2246.00;26
5707;55;627066031;5707;301;6580;6608;8.25;0.50;251.39;5.26;873;55;2247.00;28
5707;55;627066044;5707;303;6581;6608;8.31;0.51;251.39;5.26;874;55;2248.00;27
5711;55;627066057;5711;300;6581;6608;8.35;0.51;251.52;5.26;870;55;2249.00;27
5714;55;627066071;5714;302;6585;6614;8.38;0.51;251.60;5.25;871;55;2250.00;29
5714;55;627066085;5714;301;6585;6614;8.34;0.51;251.60;5.25;871;55;2251.00;29
5720;55;627066097;5720;309;6586;6614;8.27;0.51;251.81;5.25;866;55;2252.00;28
5725;55;627066110;5725;315;6587;6615;8.22;0.50;251.90;5.25;862;55;2253.00;28
5727;55;627066129;5727;315;6588;6616;8.26;0.51;251.91;5.25;861;55;2254.00;28
5735;55;627066142;5735;319;6588;6616;8.22;0.50;251.97;5.25;853;55;2255.00;28
5738;55;627066156;5738;326;6599;6629;8.23;0.50;251.98;5.24;861;55;2256.00;30
5742;55;627066169;5742;312;6599;6629;8.18;0.50;252.01;5.24;857;55;2257.00;30
5745;55;627066182;5745;306;6599;6629;8.17;0.50;252.01;5.24;854;55;2258.00;30
5749;55;627066195;5749;301;6600;6630;8.14;0.50;252.09;5.24;851;55;2259.00;30
5752;55;627066207;5752;297;6600;6630;8.16;0.50;252.05;5.24;848;55;2260.00;30
5757;55;627066222;5757;293;6603;6634;8.21;0.50;252.10;5.24;846;55;2261.00;31
5760;55;627066236;5760;292;6604;6634;8.26;0.51;252.14;5.24;844;55;2262.00;30
5767;55;627066249;5767;287;6607;6638;8.27;0.50;252.09;5.24;840;55;2263.00;31
5770;55;627066264;5770;283;6607;6638;8.23;0.50;252.15;5.24;837;55;2264.00;31
5774;55;627066283;5774;284;6607;6638;8.22;0.50;252.17;5.24;833;55;2265.00;31
5776;55;627066295;5776;272;6607;6638;8.27;0.51;252.19;5.24;831;55;2266.00;31
5780;55;627066308;5780;260;6607;6638;8.32;0.51;252.18;5.24;827;55;2267.00;31
5784;55;627066321;5784;246;6617;6650;8.44;0.52;252.11;5.23;833;55;2268.00;33
5788;55;627066335;5788;238;6618;6650;8.54;0.52;252.20;5.23;830;55;2269.00;32
5789;55;627066348;5789;236;6618;6650;8.66;0.53;252.24;5.23;829;55;2270.00;32
5795;55;627066368;5795;230;6618;6650;8.74;0.53;252.23;5.23;823;55;2271.00;32
5797;55;627066382;5797;228;6618;6650;8.86;0.54;252.28;5.23;821;55;2272.00;32
5800;55;627066395;5800;222;6618;6650;8.90;0.54;252.32;5.23;818;55;2273.00;32
5805;55;627066408;5805;223;6618;6651;8.93;0.54;252.31;5.23;813;55;2274.00;33
5810;55;627066421;5810;220;6618;6651;8.96;0.54;252.28;5.23;808;55;2275.00;33
5811;55;627066434;5811;226;6622;6657;8.97;0.54;252.30;5.23;811;55;2276.00;35
5813;55;627066447;5813;216;6623;6658;9.01;0.55;252.31;5.23;810;55;2277.00;35
5814;55;627066459;5814;220;6624;6658;9.06;0.55;252.28;5.23;810;55;2278.00;34
5819;55;627066471;5819;213;6624;6658;8.97;0.54;252.32;5.23;805;55;2279.00;34
5820;55;627066485;5820;209;6628;6663;8.98;0.54;252.29;5.22;808;55;2280.00;35
5823;55;627066498;5823;202;6628;6663;9.01;0.55;252.33;5.22;805;55;2281.00;35
5825;55;627066510;5825;198;6628;6663;9.05;0.55;252.28;5.22;803;55;2282.00;35
5831;55;627066521;5831;193;6629;6664;9.09;0.55;252.47;5.22;798;55;2283.00;35
5833;55;627066534;5833;194;6632;6668;9.09;0.55;252.49;5.22;799;55;2284.00;36
5834;55;627066545;5834;189;6632;6668;9.09;0.55;252.48;5.22;798;55;2285.00;36
5838;55;627066556;5838;187;6634;6671;9.08;0.55;252.56;5.22;796;55;2286.00;37
5839;55;627066568;5839;189;6634;6671;9.08;0.55;252.53;5.22;795;55;2287.00;37
5841;55;627066579;5841;186;6635;6671;9.03;0.55;252.48;5.22;794;55;2288.00;36
5843;55;627066590;5843;179;6635;6671;9.00;0.55;252.55;5.22;792;55;2289.00;36
5846;55;627066602;5846;177;6638;6675;9.05;0.55;252.58;5.22;792;55;2290.00;37
5847;55;627066613;5847;179;6638;6675;9.10;0.55;252.56;5.22;791;55;2291.00;37
5849;55;627066624;5849;177;6639;6675;9.07;0.55;252.54;5.22;790;55;2292.00;36
5850;55;627066640;5850;179;6639;6675;9.08;0.55;252.53;5.22;789;55;2293.00;36
5852;55;627066651;5852;182;6639;6676;9.11;0.55;252.50;5.22;787;55;2294.00;37
5852;55;627066662;5852;186;6641;6678;9.08;0.55;252.50;5.21;789;55;2295.00;37
5852;55;627066672;5852;191;6641;6678;9.08;0.55;252.50;5.21;789;55;2296.00;37
5854;55;627066682;5854;197;6642;6679;9.00;0.55;252.51;5.21;788;55;2297.00;37
5855;55;627066694;5855;205;6643;6679;8.90;0.54;252.51;5.27;788;55;2298.00;36
5856;55;627066704;5856;208;6643;6679;8.87;0.54;252.50;5.27;787;55;2299.00;36
5859;55;627066720;5859;206;6643;6679;8.77;0.53;252.49;5.27;784;55;2300.00;36
5863;55;627066734;5863;211;6643;6679;8.70;0.53;252.51;5.27;780;55;2301.00;36
5865;55;627066745;5865;214;6643;6679;8.63;0.52;252.54;5.27;778;55;2302.00;36
5866;55;627066755;5866;210;6643;6679;8.59;0.52;252.56;5.27;777;55;2303.00;36
5868;55;627066765;5868;238;6714;6806;8.47;0.52;252.59;5.21;846;55;2304.00;92
5870;55;627066787;5870;225;6714;6807;8.51;0.52;252.55;5.21;844;55;2305.00;93
5872;55;627066799;5872;210;6723;6807;8.65;0.53;252.54;5.21;851;55;2306.00;84
5873;55;627066811;5873;208;6724;6807;8.64;0.53;252.57;5.21;851;55;2307.00;83
5876;55;627066820;5876;199;6729;6807;8.66;0.53;252.62;5.21;853;55;2308.00;78
5876;55;627066831;5876;193;6734;6807;8.69;0.53;252.62;5.21;858;55;2309.00;73
5881;55;627066843;5881;193;6740;6807;8.63;0.53;252.58;5.21;859;55;2310.00;67
5883;56;627066854;5883;196;6743;6807;8.51;0.52;252.57;5.21;860;56;2311.00;64
5885;56;627066871;5885;196;6749;6808;8.43;0.52;252.56;5.27;864;56;2312.00;59
5887;56;627066885;5887;195;6752;6809;8.34;0.51;252.62;5.27;865;56;2313.00;57
5890;56;627066895;5890;202;6753;6809;8.29;0.51;252.58;5.27;863;56;2314.00;56
5893;56;627066906;5893;205;6755;6810;8.23;0.50;252.66;5.28;862;56;2315.00;55
5894;56;627066917;5894;203;6758;6810;8.22;0.50;252.69;5.29;864;56;2316.00;52
5898;56;627066927;5898;201;6759;6810;8.17;0.50;252.70;5.29;861;56;2317.00;51
5903;56;627066938;5903;201;6762;6810;8.01;0.49;252.64;5.31;859;56;2318.00;48
5908;56;627066948;5908;202;6765;6814;7.88;0.48;252.60;5.31;857;56;2319.00;49
5909;56;627066965;5909;199;6767;6814;7.83;0.48;252.61;5.31;858;56;2320.00;47
5910;56;627066975;5910;202;6768;6814;7.78;0.47;252.62;5.31;858;56;2321.00;46
5910;56;627066986;5910;206;6770;6817;7.78;0.47;252.62;5.31;860;56;2322.00;47
5912;56;627066997;5912;208;6771;6817;7.77;0.47;252.56;5.31;859;56;2323.00;46
5912;56;627067007;5912;214;6772;6817;7.82;0.48;252.56;5.31;860;56;2324.00;45
5913;56;627067018;5913;224;6775;6821;7.83;0.48;252.60;5.31;862;56;2325.00;46
5914;56;627067028;5914;225;6777;6822;7.87;0.48;252.57;5.31;863;56;2326.00;45
5917;56;627067039;5917;224;6778;6822;7.88;0.48;252.48;5.31;861;56;2327.00;44
5919;56;627067049;5919;229;6781;6826;7.88;0.48;252.43;5.31;862;56;2328.00;45
5924;56;627067060;5924;224;6781;6826;7.81;0.48;252.49;5.31;857;56;2329.00;45
5928;56;627067070;5928;231;6781;6826;7.81;0.48;252.39;5.31;853;56;2330.00;45
5929;56;627067081;5929;235;6782;6827;7.77;0.47;252.40;5.31;853;56;2331.00;45
5931;56;627067091;5931;240;6782;6827;7.71;0.47;252.33;5.31;851;56;2332.00;45
5931;56;627067101;5931;246;6786;6833;7.72;0.47;252.33;5.30;855;56;2333.00;47
5933;56;627067113;5933;246;6787;6833;7.70;0.47;252.30;5.30;854;56;2334.00;46
5934;56;627067123;5934;255;6787;6834;7.70;0.47;252.26;5.30;853;56;2335.00;47
5936;56;627067134;5936;262;6788;6834;7.71;0.47;252.25;5.31;852;56;2336.00;46
5938;56;627067144;5938;270;6788;6834;7.67;0.47;252.20;5.31;850;56;2337.00;46
5938;56;627067155;5938;277;6788;6834;7.63;0.47;252.20;5.31;850;56;2338.00;46
5939;56;627067165;5939;272;6789;6834;7.57;0.46;252.19;5.32;850;56;2339.00;45
5940;56;627067178;5940;289;6812;6870;7.60;0.47;252.16;5.32;872;56;2340.00;58
5942;56;627067191;5942;293;6813;6870;7.60;0.47;252.10;5.32;871;56;2341.00;57
5944;56;627067202;5944;293;6817;6870;7.62;0.47;252.08;5.33;873;56;2342.00;53
5944;56;627067213;5944;295;6820;6870;7.66;0.47;252.08;5.33;876;56;2343.00;50
5946;56;627067223;5946;303;6820;6870;7.67;0.47;252.05;5.33;874;56;2344.00;50
5947;56;627067234;5947;309;6822;6870;7.61;0.47;252.05;5.33;875;56;2345.00;48
5949;56;627067244;5949;308;6827;6874;7.55;0.46;252.03;5.35;878;56;2346.00;47
5949;56;627067256;5949;301;6828;6874;7.53;0.46;252.03;5.35;879;56;2347.00;46
5950;56;627067267;5950;299;6832;6878;7.55;0.46;252.02;5.37;882;56;2348.00;46
5955;56;627067283;5955;290;6835;6879;7.53;0.46;251.96;5.37;880;56;2349.00;44
5955;56;627067295;5955;285;6837;6879;7.55;0.46;251.96;5.38;882;56;2350.00;42
5957;56;627067305;5957;278;6838;6879;7.55;0.46;251.95;5.38;881;56;2351.00;41
5960;56;627067316;5960;277;6850;6892;7.49;0.46;251.91;5.38;890;56;2352.00;42
5961;56;627067327;5961;273;6851;6892;7.43;0.45;252.01;5.38;890;56;2353.00;41
5961;56;627067337;5961;271;6852;6892;7.41;0.45;252.01;5.38;891;56;2354.00;40
5964;56;627067348;5964;271;6854;6893;7.34;0.45;251.95;5.39;890;56;2355.00;39
5964;57;627067363;5964;276;6855;6894;7.28;0.44;251.95;5.39;891;57;2356.00;39
5964;57;627067416;5964;279;6856;6894;7.30;0.45;251.95;5.40;892;57;2357.00;38
5965;57;627067431;5965;287;6858;6897;7.37;0.45;251.94;5.40;893;57;2358.00;39
5966;57;627067454;5966;293;6859;6897;7.41;0.45;251.90;5.40;893;57;2359.00;38
5966;57;627067472;5966;286;6861;6897;7.50;0.46;251.90;5.40;895;57;2360.00;36
5966;57;627067485;5966;288;6861;6897;7.54;0.46;251.90;5.40;895;57;2361.00;36
5966;57;627067503;5966;286;6866;6903;7.60;0.46;251.90;5.41;900;57;2362.00;37
5969;57;627067515;5969;285;6866;6903;7.54;0.46;251.86;5.41;897;57;2363.00;37
5970;57;627067534;5970;284;6867;6903;7.47;0.46;251.84;5.41;897;57;2364.00;36
5974;57;627067545;5974;283;6871;6903;7.40;0.45;251.79;5.43;897;57;2365.00;32
5975;57;627067557;5975;287;6874;6907;7.42;0.45;251.77;5.43;899;57;2366.00;33
5976;57;627067569;5976;287;6877;6908;7.48;0.46;251.76;5.43;901;57;2367.00;31
5978;57;627067581;5978;287;6877;6908;7.51;0.46;251.73;5.43;899;57;2368.00;31
5980;57;627067592;5980;288;6880;6909;7.48;0.46;251.69;5.43;900;57;2369.00;29
5981;57;627067605;5981;293;6880;6909;7.45;0.46;251.72;5.43;899;57;2370.00;29
5986;57;627067616;5986;293;6880;6909;7.41;0.45;251.69;5.43;894;57;2371.00;29
5990;57;627067627;5990;291;6882;6909;7.34;0.45;251.73;5.43;892;57;2372.00;27
5992;57;627067639;5992;297;6882;6909;7.29;0.45;251.76;5.43;890;57;2373.00;27
5996;57;627067649;5996;293;6882;6909;7.26;0.44;251.77;5.43;886;57;2374.00;27
6001;57;627067660;6001;293;6882;6909;7.22;0.44;251.79;5.43;881;57;2375.00;27
6009;57;627067670;6009;305;6925;6979;7.31;0.45;251.74;5.40;916;57;2376.00;54
6012;57;627067687;6012;310;6929;6980;7.30;0.45;251.83;5.40;917;57;2377.00;51
6017;57;627067698;6017;311;6936;6980;7.25;0.44;251.89;5.40;919;57;2378.00;44
6021;57;627067708;6021;315;6939;6980;7.21;0.44;251.86;5.39;918;57;2379.00;41
6025;57;627067719;6025;301;6944;6980;7.14;0.44;251.98;5.39;919;57;2380.00;36
6029;57;627067730;6029;295;6947;6980;7.10;0.43;252.03;5.39;918;57;2381.00;33
6032;57;627067741;6032;288;6950;6980;7.09;0.43;252.05;5.39;918;57;2382.00;30
6036;57;627067752;6036;284;6952;6980;7.07;0.43;252.20;5.39;916;57;2383.00;28
6039;57;627067764;6039;283;6953;6981;7.13;0.44;252.30;5.39;914;57;2384.00;28
6043;57;627067775;6043;291;6955;6983;7.14;0.44;252.24;5.39;912;57;2385.00;28
6046;57;627067787;6046;295;6955;6983;7.20;0.44;252.30;5.39;909;57;2386.00;28
6048;57;627067801;6048;290;6959;6987;7.29;0.45;252.34;5.39;911;57;2387.00;28
6052;57;627067814;6052;288;6959;6987;7.37;0.45;252.39;5.39;907;57;2388.00;28
6057;57;627067826;6057;283;6959;6987;7.42;0.45;252.47;5.39;902;57;2389.00;28
6059;57;627067838;6059;281;6959;6987;7.56;0.46;252.50;5.39;900;57;2390.00;28
6064;57;627067850;6064;284;6963;6993;7.60;0.46;252.63;5.39;899;57;2391.00;30
6068;57;627067864;6068;282;6964;6993;7.60;0.46;252.76;5.39;896;57;2392.00;29
6073;57;627067876;6073;286;6965;6993;7.57;0.46;252.85;5.39;892;57;2393.00;28
6075;57;627067888;6075;287;6968;6996;7.65;0.47;252.92;5.38;893;57;2394.00;28
6078;57;627067902;6078;290;6968;6996;7.75;0.47;252.97;5.38;890;57;2395.00;28
6083;57;627067915;6083;291;6968;6996;7.78;0.47;253.03;5.38;885;57;2396.00;28
6091;57;627067927;6091;286;6969;6997;7.83;0.48;253.04;5.38;878;57;2397.00;28
6093;57;627067939;6093;282;6970;6998;7.92;0.48;253.06;5.38;877;57;2398.00;28
6098;57;627067951;6098;279;6970;6998;7.90;0.48;253.07;5.38;872;57;2399.00;28
6103;57;627067966;6103;278;6995;7057;7.95;0.49;253.16;5.36;892;57;2400.00;62
6106;57;627067991;6106;267;6997;7057;8.00;0.49;253.12;5.36;891;57;2401.00;60
6116;58;627068004;6116;266;7000;7057;7.98;0.49;253.28;5.36;884;58;2402.00;57
6121;58;627068038;6121;262;7001;7058;8.03;0.49;253.34;5.36;880;58;2403.00;57
6123;58;627068051;6123;264;7003;7058;8.07;0.49;253.35;5.36;880;58;2404.00;55
6128;58;627068064;6128;256;7005;7062;8.08;0.49;253.38;5.36;877;58;2405.00;57
6132;58;627068083;6132;262;7007;7062;8.06;0.49;253.44;5.36;875;58;2406.00;55
6135;58;627068097;6135;262;7012;7066;8.06;0.49;253.46;5.36;877;58;2407.00;54
6139;58;627068111;6139;264;7013;7066;8.06;0.49;253.64;5.36;874;58;2408.00;53
6144;58;627068124;6144;266;7014;7066;8.09;0.49;253.74;5.36;870;58;2409.00;52
6148;58;627068137;6148;263;7014;7066;8.07;0.49;253.85;5.36;866;58;2410.00;52
6151;58;627068150;6151;264;7014;7066;8.03;0.49;253.89;5.36;863;58;2411.00;52
6156;58;627068169;6156;265;7024;7078;8.02;0.49;254.09;5.35;868;58;2412.00;54
6160;58;627068184;6160;269;7024;7078;7.97;0.49;254.23;5.35;864;58;2413.00;54
6164;58;627068196;6164;276;7025;7078;7.96;0.49;254.27;5.35;861;58;2414.00;53
6171;58;627068209;6171;278;7026;7078;7.88;0.48;254.48;5.35;855;58;2415.00;52
6175;58;627068222;6175;281;7026;7078;7.87;0.48;254.56;5.35;851;58;2416.00;52
6180;58;627068235;6180;285;7026;7078;7.81;0.48;254.62;5.35;846;58;2417.00;52
6185;58;627068249;6185;291;7027;7079;7.72;0.47;254.81;5.36;842;58;2418.00;52
6187;58;627068262;6187;291;7027;7079;7.73;0.47;254.74;5.36;840;58;2419.00;52
6191;58;627068275;6191;296;7032;7085;7.73;0.48;254.85;5.36;841;58;2420.00;53
6195;58;627068288;6195;300;7034;7086;7.74;0.47;254.80;5.36;839;58;2421.00;52
6201;58;627068300;6201;301;7034;7086;7.73;0.47;254.87;5.36;833;58;2422.00;52
6206;58;627068312;6206;306;7035;7086;7.69;0.47;254.93;5.36;829;58;2423.00;51
6207;58;627068324;6207;312;7037;7090;7.75;0.47;254.93;5.36;830;58;2424.00;53
6210;58;627068337;6210;316;7037;7090;7.76;0.47;255.02;5.36;827;58;2425.00;53
6216;58;627068353;6216;322;7039;7090;7.63;0.47;255.12;5.37;823;58;2426.00;51
6219;58;627068369;6219;312;7041;7091;7.64;0.47;255.23;5.37;822;58;2427.00;50
6222;58;627068383;6222;303;7045;7095;7.60;0.46;255.23;5.37;823;58;2428.00;50
6226;58;627068397;6226;299;7046;7095;7.55;0.46;255.32;5.37;820;58;2429.00;49
6231;58;627068411;6231;288;7049;7101;7.58;0.46;255.33;5.37;818;58;2430.00;52
6231;58;627068423;6231;289;7051;7101;7.59;0.46;255.33;5.37;820;58;2431.00;50
6235;58;627068434;6235;288;7052;7101;7.55;0.46;255.40;5.37;817;58;2432.00;49
6237;58;627068447;6237;291;7052;7101;7.62;0.46;255.39;5.37;815;58;2433.00;49
6241;58;627068464;6241;289;7055;7105;7.73;0.47;255.58;5.37;814;58;2434.00;50
6244;58;627068477;6244;288;7056;7105;7.76;0.47;255.61;5.37;812;58;2435.00;49
6247;58;627068488;6247;279;7058;7105;7.84;0.48;255.65;5.37;811;58;2436.00;47
6247;58;627068499;6247;268;7059;7105;7.91;0.48;255.65;5.37;812;59;2437.00;46
6247;58;627068519;6247;259;7059;7106;7.98;0.49;255.65;5.37;812;59;2438.00;47
6254;58;627068532;6254;253;7060;7107;8.08;0.49;255.66;5.37;806;59;2439.00;47
6256;58;627068545;6256;254;7060;7107;8.12;0.49;255.63;5.37;804;59;2440.00;47
6259;58;627068557;6259;241;7061;7108;8.15;0.49;255.64;5.37;802;59;2441.00;47
6263;58;627068569;6263;242;7061;7108;8.16;0.49;255.74;5.37;798;59;2442.00;47
6265;58;627068585;6265;241;7062;7108;8.24;0.50;255.81;5.38;797;59;2443.00;46
6266;58;627068597;6266;230;7063;7108;8.30;0.50;255.82;5.45;797;59;2444.00;45
6268;58;627068608;6268;231;7063;7108;8.34;0.51;255.83;5.45;795;59;2445.00;45
6270;58;627068620;6270;228;7063;7108;8.34;0.51;255.83;5.45;793;59;2446.00;45
6275;58;627068631;6275;212;7063;7108;8.33;0.51;255.79;5.45;788;59;2447.00;45
6275;58;627068643;6275;222;7125;7235;8.60;0.53;255.79;5.40;850;59;2448.00;110
6276;58;627068664;6276;208;7130;7236;8.69;0.53;255.78;5.40;854;59;2449.00;106
6279;58;627068676;6279;196;7138;7236;8.83;0.54;255.84;5.40;859;59;2450.00;98
6281;58;627068688;6281;194;7140;7236;8.90;0.55;255.82;5.40;859;59;2451.00;96
6282;58;627068700;6282;196;7144;7236;9.06;0.56;255.80;5.40;862;59;2452.00;92
6282;58;627068719;6282;188;7147;7236;9.17;0.56;255.80;5.40;865;59;2453.00;89
6284;58;627068730;6284;191;7152;7236;9.24;0.57;255.80;5.40;868;59;2454.00;84
6285;58;627068741;6285;195;7156;7236;9.25;0.57;255.81;5.40;871;59;2455.00;80
6289;58;627068753;6289;193;7160;7237;9.25;0.57;255.82;5.41;871;59;2456.00;77
6292;58;627068765;6292;197;7162;7238;9.20;0.56;256.04;5.41;870;59;2457.00;76
6295;58;627068782;6295;198;7167;7238;9.07;0.55;256.02;5.48;872;59;2458.00;71
6298;58;627068793;6298;207;7169;7239;8.99;0.55;256.00;5.48;871;59;2459.00;70
6301;58;627068806;6301;211;7171;7239;8.93;0.55;256.01;5.48;870;59;2460.00;68
6303;58;627068832;6303;218;7176;7239;8.81;0.54;256.02;5.49;873;59;2461.00;63
6305;58;627068845;6305;226;7177;7239;8.71;0.53;255.97;5.49;872;59;2462.00;62
6308;58;627068856;6308;232;7182;7243;8.60;0.53;256.04;5.56;874;59;2463.00;61
6309;58;627068873;6309;241;7183;7243;8.54;0.52;256.03;5.56;874;59;2464.00;60
6315;58;627068884;6315;247;7185;7243;8.50;0.52;256.00;5.57;870;59;2465.00;58
6316;58;627068896;6316;256;7188;7246;8.50;0.52;255.98;5.57;872;59;2466.00;58
6317;58;627068907;6317;260;7190;7246;8.42;0.52;255.97;5.58;873;59;2467.00;56
6318;58;627068919;6318;264;7191;7246;8.32;0.51;256.04;5.58;873;59;2468.00;55
6320;58;627068930;6320;271;7195;7250;8.26;0.51;256.00;5.58;875;59;2469.00;55
6322;58;627068941;6322;267;7197;7251;8.23;0.50;255.99;5.58;875;59;2470.00;54
6325;58;627068953;6325;258;7198;7251;8.17;0.50;255.96;5.58;873;59;2471.00;53
6329;58;627068964;6329;257;7200;7255;8.10;0.50;255.90;5.58;871;59;2472.00;55
6331;58;627068975;6331;253;7200;7255;8.05;0.49;255.87;5.58;869;59;2473.00;55
6334;58;627068986;6334;249;7202;7255;7.96;0.49;255.91;5.65;868;59;2474.00;53
6337;58;627068997;6337;254;7204;7257;7.89;0.48;255.88;5.64;867;59;2475.00;53
6341;58;627069008;6341;252;7204;7257;7.86;0.48;255.99;5.64;863;59;2476.00;53
6345;58;627069018;6345;251;7209;7263;7.78;0.48;256.02;5.70;864;59;2477.00;54
6348;58;627069029;6348;245;7209;7263;7.75;0.47;255.96;5.70;861;59;2478.00;54
6351;58;627069039;6351;241;7210;7264;7.69;0.47;255.94;5.70;859;59;2479.00;54
6356;58;627069049;6356;241;7211;7264;7.56;0.46;255.98;5.76;855;59;2480.00;53
6358;58;627069059;6358;236;7211;7264;7.51;0.46;255.95;5.76;853;59;2481.00;53
6360;58;627069069;6360;222;7212;7264;7.44;0.45;255.94;5.80;852;59;2482.00;52
6364;58;627069079;6364;222;7212;7264;7.35;0.45;255.91;5.80;848;59;2483.00;52
6366;58;627069089;6366;224;7222;7276;7.36;0.45;255.85;5.79;856;59;2484.00;54
6367;58;627069100;6367;223;7224;7276;7.39;0.45;255.88;5.84;857;59;2485.00;52
6373;58;627069110;6373;228;7226;7276;7.33;0.45;255.78;5.86;853;59;2486.00;50
6374;58;627069121;6374;231;7227;7276;7.31;0.45;255.79;5.90;853;59;2487.00;49
6377;58;627069130;6377;231;7227;7276;7.27;0.44;255.79;5.90;850;59;2488.00;49
6379;58;627069140;6379;232;7228;7276;7.19;0.44;255.80;5.94;849;59;2489.00;48
6383;58;627069151;6383;231;7231;7280;7.14;0.43;255.87;5.94;848;59;2490.00;49
6384;58;627069162;6384;234;7232;7280;7.11;0.43;255.85;5.99;848;59;2491.00;48
6385;58;627069173;6385;233;7235;7284;7.12;0.43;255.81;5.99;850;59;2492.00;49
6386;58;627069183;6386;240;7237;7285;7.15;0.43;255.81;5.98;851;59;2493.00;48
6386;58;627069193;6386;246;7238;7285;7.25;0.44;255.81;6.03;852;59;2494.00;47
6387;58;627069203;6387;249;7238;7285;7.32;0.44;255.79;6.03;851;59;2495.00;47
6388;58;627069212;6388;256;7248;7298;7.36;0.45;255.76;6.03;860;59;2496.00;50
6389;58;627069223;6389;256;7248;7298;7.36;0.45;255.74;6.03;859;59;2497.00;50
6392;58;627069233;6392;261;7249;7298;7.38;0.45;255.67;6.08;857;59;2498.00;49
6393;58;627069242;6393;253;7250;7299;7.47;0.45;255.64;6.08;857;59;2499.00;49
6395;58;627069255;6395;242;7250;7300;7.54;0.46;255.64;6.08;855;59;2500.00;50
6397;58;627069270;6397;234;7251;7300;7.63;0.46;255.59;6.09;854;59;2501.00;49
6399;58;627069280;6399;229;7253;7303;7.68;0.46;255.58;6.09;854;59;2502.00;50
6401;58;627069291;6401;229;7254;7303;7.73;0.47;255.54;6.09;853;59;2503.00;49
6401;58;627069301;6401;223;7254;7303;7.81;0.47;255.54;6.09;853;59;2504.00;49
6403;58;627069312;6403;219;7254;7303;7.89;0.48;255.53;6.09;851;59;2505.00;49
6403;58;627069323;6403;215;7258;7309;8.08;0.49;255.53;6.09;855;59;2506.00;51
6403;58;627069334;6403;217;7260;7309;8.13;0.49;255.53;6.11;857;59;2507.00;49
6405;58;627069345;6405;218;7262;7309;8.11;0.49;255.55;6.12;857;59;2508.00;47
6407;58;627069366;6407;211;7262;7309;8.07;0.49;255.53;6.12;855;59;2509.00;47
6407;58;627069383;6407;217;7266;7313;8.03;0.49;255.53;6.12;859;59;2510.00;47
6409;58;627069400;6409;210;7268;7314;8.06;0.49;255.50;6.12;859;59;2511.00;46
6409;58;627069420;6409;212;7270;7314;8.05;0.49;255.50;6.14;861;59;2512.00;44
6410;58;627069437;6410;216;7274;7315;8.05;0.49;255.51;6.16;864;59;2513.00;41
6411;58;627069454;6411;211;7274;7315;8.04;0.49;255.48;6.16;863;59;2514.00;41
6413;58;627069471;6413;204;7277;7315;7.98;0.48;255.53;6.19;864;59;2515.00;38
6413;58;627069484;6413;209;7277;7315;7.99;0.48;255.53;6.19;864;59;2516.00;38
6413;58;627069495;6413;209;7278;7315;7.99;0.48;255.53;6.20;865;59;2517.00;37
6414;58;627069506;6414;209;7280;7315;8.02;0.49;255.53;6.22;866;59;2518.00;35
6415;58;627069518;6415;209;7281;7315;8.03;0.49;255.51;6.23;866;59;2519.00;34
6418;58;627069533;6418;215;7341;7440;8.21;0.50;255.46;6.19;923;59;2520.00;99
6420;58;627069555;6420;212;7345;7441;8.19;0.50;255.48;6.19;925;59;2521.00;96
6423;58;627069568;6423;215;7358;7441;8.19;0.50;255.43;6.20;935;59;2522.00;83
6423;58;627069580;6423;215;7361;7441;8.18;0.50;255.43;6.20;938;59;2523.00;80
6426;58;627069592;6426;217;7371;7441;8.08;0.49;255.50;6.19;945;59;2524.00;70
6429;58;627069611;6429;221;7375;7441;8.05;0.49;255.50;6.20;946;59;2525.00;66
6430;58;627069623;6430;221;7381;7441;8.04;0.49;255.52;6.20;951;59;2526.00;60
6432;58;627069636;6432;228;7385;7441;7.96;0.49;255.57;6.21;953;59;2527.00;56
6435;58;627069648;6435;240;7388;7442;7.89;0.48;255.55;6.21;953;59;2528.00;54
6438;58;627069661;6438;242;7392;7443;7.84;0.48;255.60;6.22;954;59;2529.00;51
6438;58;627069672;6438;239;7394;7443;7.82;0.48;255.60;6.22;956;59;2530.00;49
6443;58;627069684;6443;245;7398;7447;7.72;0.47;255.60;6.23;955;59;2531.00;49
6447;58;627069703;6447;243;7402;7447;7.60;0.47;255.59;6.23;955;59;2532.00;45
6448;58;627069715;6448;244;7404;7447;7.53;0.46;255.62;6.24;956;59;2533.00;43
6450;58;627069729;6450;246;7405;7447;7.51;0.46;255.62;6.24;955;59;2534.00;42
6451;58;627069741;6451;246;7409;7453;7.59;0.46;255.60;6.24;958;59;2535.00;44
6456;58;627069754;6456;246;7411;7453;7.59;0.46;255.61;6.24;955;59;2536.00;42
6458;58;627069768;6458;250;7413;7455;7.63;0.47;255.70;6.24;955;59;2537.00;42
6459;58;627069782;6459;253;7417;7458;7.64;0.47;255.68;6.25;958;59;2538.00;41
6465;58;627069794;6465;256;7418;7458;7.64;0.46;255.79;6.25;953;59;2539.00;40
6465;58;627069807;6465;261;7418;7458;7.68;0.47;255.79;6.25;953;59;2540.00;40
6469;58;627069819;6469;270;7419;7459;7.58;0.46;255.90;6.25;950;59;2541.00;40
6474;58;627069831;6474;268;7422;7460;7.49;0.46;255.89;6.26;948;59;2542.00;38
6477;58;627069844;6477;269;7424;7460;7.39;0.45;256.03;6.26;947;59;2543.00;36
6480;58;627069855;6480;274;7434;7473;7.30;0.45;256.11;6.25;954;59;2544.00;39
6483;58;627069869;6483;285;7437;7473;7.25;0.44;256.15;6.25;954;59;2545.00;36
6489;58;627069881;6489;285;7438;7473;7.18;0.44;256.19;6.25;949;59;2546.00;35
6491;58;627069894;6491;293;7439;7474;7.11;0.44;256.26;6.25;948;59;2547.00;35
6495;58;627069907;6495;299;7440;7474;7.00;0.43;256.33;6.26;945;59;2548.00;34
6497;58;627069919;6497;307;7444;7478;6.93;0.43;256.36;6.25;947;59;2549.00;34
6500;58;627069933;6500;304;7446;7481;6.87;0.42;256.41;6.25;946;59;2550.00;35
6507;58;627069946;6507;291;7451;7485;6.74;0.41;256.45;6.25;944;59;2551.00;34
6510;58;627069959;6510;289;7451;7485;6.71;0.41;256.49;6.25;941;59;2552.00;34
6515;58;627069971;6515;282;7452;7485;6.68;0.41;256.59;6.25;937;59;2553.00;33
6519;58;627069984;6519;282;7453;7485;6.70;0.41;256.58;6.25;934;59;2554.00;32
6522;58;627069996;6522;282;7453;7485;6.73;0.41;256.59;6.25;931;59;2555.00;32
6525;58;627070008;6525;290;7465;7497;6.82;0.42;256.61;6.24;940;59;2556.00;32
6527;58;627070022;6527;287;7465;7497;6.87;0.42;256.60;6.24;938;59;2557.00;32
6531;58;627070035;6531;284;7465;7497;6.92;0.43;256.71;6.24;934;59;2558.00;32
6535;58;627070047;6535;279;7465;7497;6.94;0.43;256.81;6.24;930;59;2559.00;32
6537;58;627070059;6537;276;7465;7497;7.01;0.43;256.87;6.24;928;59;2560.00;32
6543;58;627070072;6543;279;7465;7497;7.05;0.43;256.91;6.24;922;59;2561.00;32
6544;58;627070084;6544;276;7465;7498;7.17;0.44;256.94;6.24;921;59;2562.00;33
6550;58;627070097;6550;273;7465;7498;7.21;0.45;257.02;6.24;915;59;2563.00;33
6554;58;627070109;6554;266;7469;7504;7.30;0.45;257.14;6.24;915;59;2564.00;35
6557;58;627070123;6557;260;7472;7506;7.43;0.46;257.21;6.23;915;59;2565.00;34
6564;58;627070135;6564;250;7472;7506;7.49;0.46;257.23;6.23;908;59;2566.00;34
6566;58;627070148;6566;248;7472;7506;7.57;0.47;257.29;6.23;906;59;2567.00;34
6572;58;627070161;6572;250;7475;7510;7.67;0.47;257.36;6.23;903;59;2568.00;35
6577;58;627070174;6577;253;7475;7510;7.73;0.48;257.32;6.23;898;59;2569.00;35
6581;58;627070186;6581;242;7475;7510;7.80;0.48;257.39;6.23;894;59;2570.00;35
6585;58;627070198;6585;250;7476;7511;7.86;0.49;257.40;6.23;891;59;2571.00;35
6588;58;627070228;6588;237;7479;7515;7.92;0.49;257.44;6.23;891;59;2572.00;36
6593;58;627070242;6593;238;7479;7515;8.00;0.49;257.44;6.23;886;59;2573.00;36
6595;58;627070256;6595;227;7481;7518;8.14;0.50;257.48;6.23;886;59;2574.00;37
6603;58;627070268;6603;218;7482;7518;8.22;0.51;257.49;6.23;879;59;2575.00;36
6608;58;627070282;6608;220;7482;7518;8.30;0.51;257.54;6.23;874;59;2576.00;36
6614;58;627070295;6614;219;7482;7518;8.29;0.51;257.58;6.23;868;59;2577.00;36
6618;58;627070308;6618;220;7485;7522;8.30;0.51;257.73;6.22;867;59;2578.00;37
6626;58;627070321;6626;221;7486;7522;8.26;0.51;257.92;6.28;860;59;2579.00;36
6631;58;627070337;6631;225;7487;7522;8.29;0.51;258.05;6.28;856;59;2580.00;35
6637;58;627070350;6637;227;7487;7522;8.25;0.51;258.13;6.28;850;59;2581.00;35
6642;58;627070371;6642;229;7487;7523;8.20;0.50;258.16;6.28;845;59;2582.00;36
6649;58;627070384;6649;230;7488;7524;8.14;0.50;258.24;6.28;839;59;2583.00;36
6652;58;627070398;6652;233;7488;7524;8.24;0.50;258.30;6.28;836;59;2584.00;36
6656;58;627070411;6656;240;7489;7525;8.32;0.51;258.29;6.28;833;59;2585.00;36
6659;58;627070422;6659;240;7489;7525;8.34;0.51;258.27;6.28;830;59;2586.00;36
6660;58;627070435;6660;251;7489;7525;8.39;0.51;258.31;6.28;829;59;2587.00;36
6666;58;627070446;6666;256;7489;7525;8.33;0.51;258.32;6.28;823;59;2588.00;36
6670;58;627070458;6670;259;7489;7525;8.25;0.50;258.38;6.28;819;59;2589.00;36
6676;58;627070470;6676;261;7489;7525;8.13;0.50;258.31;6.28;813;59;2590.00;36
6680;58;627070482;6680;266;7490;7525;8.04;0.49;258.41;6.33;810;59;2591.00;35
6683;58;627070493;6683;284;7558;7652;8.19;0.51;258.50;6.28;875;59;2592.00;94
6687;58;627070514;6687;275;7561;7653;8.11;0.50;258.48;6.27;874;59;2593.00;92
6690;58;627070526;6690;280;7570;7653;8.12;0.50;258.50;6.27;880;59;2594.00;83
6692;58;627070539;6692;281;7574;7653;8.07;0.50;258.55;6.27;882;59;2595.00;79
6696;58;627070551;6696;289;7579;7653;8.06;0.50;258.60;6.27;883;59;2596.00;74
6698;58;627070563;6698;280;7581;7653;8.09;0.50;258.60;6.27;883;59;2597.00;72
6703;58;627070574;6703;280;7585;7653;8.12;0.50;258.66;6.27;882;59;2598.00;68
6704;58;627070586;6704;279;7590;7653;8.18;0.50;258.63;6.27;886;59;2599.00;63
6710;58;627070600;6710;277;7597;7654;8.15;0.50;258.80;6.27;887;59;2600.00;57
6713;58;627070616;6713;282;7598;7655;8.09;0.50;258.79;6.27;885;59;2601.00;57
6714;58;627070629;6714;284;7600;7655;8.07;0.49;258.79;6.27;886;59;2602.00;55
6718;58;627070643;6718;284;7601;7656;7.97;0.49;258.84;6.27;883;59;2603.00;55
6720;58;627070656;6720;283;7604;7656;7.88;0.48;258.85;6.27;884;59;2604.00;52
6721;58;627070668;6721;294;7605;7656;7.84;0.48;258.86;6.27;884;59;2605.00;51
6724;58;627070686;6724;279;7607;7656;7.89;0.48;258.86;6.27;883;59;2606.00;49
6726;58;627070699;6726;280;7610;7660;7.93;0.48;258.85;6.27;884;59;2607.00;50
6728;58;627070712;6728;273;7612;7660;7.96;0.49;258.89;6.33;884;59;2608.00;48
6728;58;627070731;6728;267;7612;7660;8.01;0.49;258.89;6.33;884;59;2609.00;48
6730;58;627070751;6730;261;7616;7666;8.09;0.49;259.02;6.33;886;59;2610.00;50
6733;58;627070765;6733;253;7616;7666;8.14;0.50;258.99;6.33;883;59;2611.00;50
6737;58;627070778;6737;248;7617;7666;8.17;0.50;258.99;6.33;880;59;2612.00;49
6739;58;627070791;6739;244;7620;7670;8.19;0.50;258.95;6.33;881;59;2613.00;50
6741;58;627070804;6741;236;7622;7671;8.30;0.51;259.01;6.33;881;59;2614.00;49
6743;58;627070817;6743;240;7622;7671;8.38;0.51;258.99;6.33;879;59;2615.00;49
6743;58;627070829;6743;230;7626;7675;8.45;0.51;258.99;6.33;883;59;2616.00;49
6745;58;627070842;6745;218;7627;7675;8.56;0.52;258.96;6.33;882;59;2617.00;48
6747;58;627070855;6747;219;7627;7675;8.61;0.52;258.95;6.33;880;59;2618.00;48
6749;58;627070868;6749;221;7629;7676;8.63;0.52;259.01;6.33;880;59;2619.00;47
6750;58;627070881;6750;220;7629;7676;8.63;0.52;259.08;6.33;879;59;2620.00;47
6751;58;627070896;6751;224;7633;7682;8.69;0.53;259.08;6.32;882;59;2621.00;49
6753;58;627070908;6753;224;7633;7682;8.65;0.53;259.06;6.32;880;59;2622.00;49
6755;58;627070920;6755;231;7634;7683;8.69;0.53;259.03;6.32;879;59;2623.00;49
6756;58;627070933;6756;239;7634;7683;8.71;0.53;259.01;6.32;878;59;2624.00;49
6757;58;627070947;6757;244;7634;7683;8.67;0.53;258.98;6.32;877;59;2625.00;49
6759;58;627070959;6759;244;7634;7683;8.62;0.52;258.96;6.32;875;59;2626.00;49
6761;58;627070972;6761;251;7634;7683;8.56;0.52;258.93;6.32;873;59;2627.00;49
6762;58;627070984;6762;258;7644;7695;8.62;0.52;258.92;6.31;882;59;2628.00;51
6763;58;627070996;6763;263;7645;7695;8.56;0.52;258.95;6.31;882;59;2629.00;50
6764;58;627071008;6764;267;7645;7695;8.52;0.52;258.94;6.31;881;59;2630.00;50
6767;58;627071020;6767;279;7645;7695;8.40;0.51;258.92;6.31;878;59;2631.00;50
6772;58;627071031;6772;279;7645;7695;8.30;0.51;258.87;6.31;873;59;2632.00;50
6772;58;627071043;6772;282;7645;7695;8.25;0.50;258.87;6.31;873;59;2633.00;50
6775;58;627071054;6775;293;7648;7699;8.18;0.50;258.97;6.31;873;59;2634.00;51
6776;58;627071065;6776;294;7648;7699;8.17;0.50;259.00;6.31;872;59;2635.00;51
6778;58;627071075;6778;298;7651;7703;8.03;0.49;258.94;6.31;873;59;2636.00;52
6779;58;627071087;6779;304;7652;7704;7.96;0.49;258.94;6.31;873;59;2637.00;52
6781;58;627071098;6781;308;7653;7704;7.87;0.48;258.94;6.31;872;59;2638.00;51
6784;58;627071109;6784;303;7653;7704;7.73;0.47;258.97;6.31;869;59;2639.00;51
6786;58;627071121;6786;312;7672;7733;7.64;0.47;258.96;6.29;886;59;2640.00;61
6789;58;627071134;6789;307;7673;7733;7.51;0.46;258.94;6.29;884;59;2641.00;60
6789;58;627071145;6789;303;7676;7733;7.45;0.45;258.94;6.29;887;59;2642.00;57
6791;58;627071156;6791;304;7677;7734;7.38;0.45;258.94;6.29;886;59;2643.00;57
6794;58;627071166;6794;303;7678;7735;7.35;0.45;258.91;6.29;884;59;2644.00;57
6797;58;627071177;6797;302;7679;7735;7.33;0.45;258.91;6.29;882;59;2645.00;56
6799;58;627071188;6799;296;7682;7738;7.38;0.45;258.91;6.29;883;59;2646.00;56
6800;58;627071198;6800;297;7682;7738;7.39;0.45;258.93;6.29;882;59;2647.00;56
6801;58;627071209;6801;298;7682;7738;7.38;0.45;258.92;6.29;881;59;2648.00;56
6806;58;627071220;6806;299;7682;7738;7.32;0.44;259.02;6.29;876;59;2649.00;56
6806;58;627071230;6806;298;7686;7744;7.29;0.44;259.02;6.28;880;59;2650.00;58
6810;58;627071240;6810;288;7686;7744;7.21;0.44;259.02;6.28;876;59;2651.00;58
6814;58;627071251;6814;278;7687;7744;7.20;0.44;259.02;6.28;873;59;2652.00;57
6815;58;627071261;6815;278;7687;7744;7.20;0.44;259.01;6.28;872;59;2653.00;57
6817;58;627071272;6817;262;7691;7748;7.24;0.44;259.02;6.29;874;59;2654.00;57
6818;58;627071283;6818;249;7693;7750;7.31;0.44;259.04;6.29;875;59;2655.00;57
6819;58;627071294;6819;241;7694;7750;7.33;0.45;259.06;6.30;875;59;2656.00;56
6822;58;627071305;6822;236;7695;7751;7.37;0.45;259.23;6.30;873;59;2657.00;56
6822;58;627071316;6822;228;7695;7751;7.48;0.45;259.23;6.30;873;59;2658.00;56
6824;58;627071327;6824;223;7695;7751;7.50;0.46;259.21;6.30;871;59;2659.00;56
6826;58;627071337;6826;215;7696;7751;7.52;0.46;259.20;6.31;870;59;2660.00;55
6827;58;627071347;6827;209;7696;7751;7.59;0.46;259.19;6.31;869;59;2661.00;55
6831;58;627071359;6831;211;7696;7751;7.59;0.46;259.10;6.31;865;59;2662.00;55
6832;58;627071379;6832;212;7696;7751;7.71;0.47;259.14;6.31;864;59;2663.00;55
6835;58;627071396;6835;212;7731;7821;7.86;0.48;259.09;6.28;896;59;2664.00;90
6837;58;627071420;6837;204;7734;7822;7.89;0.48;259.08;6.28;897;59;2665.00;88
6839;58;627071438;6839;199;7739;7822;7.89;0.48;259.03;6.28;900;59;2666.00;83
6840;58;627071455;6840;195;7741;7822;7.87;0.48;259.02;6.28;901;59;2667.00;81
6841;58;627071470;6841;195;7745;7822;7.92;0.48;259.04;6.28;904;59;2668.00;77
6843;58;627071490;6843;201;7748;7822;7.96;0.48;259.01;6.28;905;59;2669.00;74
6844;58;627071504;6844;194;7751;7822;7.99;0.49;258.98;6.28;907;59;2670.00;71
6846;58;627071517;6846;195;7754;7822;7.99;0.49;258.95;6.28;908;59;2671.00;68
6847;58;627071543;6847;197;7755;7823;8.04;0.49;258.95;6.28;908;59;2672.00;68
6849;58;627071555;6849;199;7760;7824;8.06;0.49;258.91;6.28;911;59;2673.00;64
6852;58;627071568;6852;194;7763;7824;8.06;0.49;258.95;6.28;911;59;2674.00;61
6854;58;627071580;6854;191;7768;7828;7.99;0.49;258.94;6.29;914;59;2675.00;60
6854;58;627071594;6854;203;7768;7828;7.99;0.49;258.94;6.29;914;59;2676.00;60
6858;58;627071606;6858;198;7768;7828;8.04;0.49;258.89;6.29;910;59;2677.00;60
6862;58;627071618;6862;200;7768;7828;8.03;0.49;258.90;6.29;906;59;2678.00;60
6865;58;627071630;6865;201;7773;7834;8.07;0.49;258.86;6.30;908;59;2679.00;61
6870;58;627071643;6870;207;7774;7834;8.06;0.49;258.84;6.30;904;59;2680.00;60
6874;58;627071655;6874;206;7775;7834;8.09;0.49;258.83;6.31;901;59;2681.00;59
6876;58;627071668;6876;207;7777;7837;8.16;0.49;258.86;6.31;901;59;2682.00;60
6877;58;627071680;6877;216;7779;7837;8.17;0.50;258.92;6.33;902;59;2683.00;58
6877;58;627071693;6877;216;7780;7837;8.29;0.50;258.92;6.33;903;59;2684.00;57
6882;58;627071705;6882;215;7781;7838;8.24;0.50;258.91;6.34;899;59;2685.00;57
6884;58;627071718;6884;213;7782;7839;8.24;0.50;258.90;6.34;898;59;2686.00;57
6887;58;627071730;6887;222;7784;7839;8.21;0.50;258.91;6.36;897;59;2687.00;55
6889;58;627071743;6889;217;7794;7852;8.23;0.50;258.98;6.35;905;59;2688.00;58
6892;58;627071757;6892;212;7795;7852;8.24;0.50;259.05;6.36;903;59;2689.00;57
6894;58;627071771;6894;216;7797;7852;8.24;0.50;259.04;6.37;903;59;2690.00;55
6896;58;627071783;6896;224;7799;7853;8.22;0.50;259.09;6.37;903;59;2691.00;54
6896;58;627071795;6896;225;7800;7853;8.20;0.50;259.09;6.38;904;59;2692.00;53
6898;58;627071807;6898;228;7804;7857;8.17;0.50;259.18;6.38;906;59;2693.00;53
6901;58;627071819;6901;232;7806;7857;8.16;0.50;259.24;6.39;905;59;2694.00;51
6903;58;627071832;6903;233;7809;7861;8.09;0.49;259.27;6.39;906;59;2695.00;52
6904;58;627071846;6904;236;7811;7861;8.09;0.49;259.26;6.41;907;59;2696.00;50
6905;58;627071859;6905;241;7811;7861;8.06;0.49;259.30;6.41;906;59;2697.00;50
6908;58;627071871;6908;245;7813;7861;8.00;0.49;259.35;6.42;905;59;2698.00;48
6911;58;627071883;6911;245;7813;7861;7.86;0.48;259.46;6.42;902;59;2699.00;48
6914;58;627071899;6914;245;7836;7910;7.81;0.48;259.47;6.41;922;59;2700.00;74
6916;58;627071921;6916;232;7838;7910;7.74;0.47;259.53;6.41;922;59;2701.00;72
6919;58;627071933;6919;235;7841;7910;7.67;0.47;259.52;6.41;922;59;2702.00;69
6922;58;627071945;6922;235;7845;7910;7.63;0.47;259.52;6.41;923;59;2703.00;65
6925;58;627071956;6925;226;7847;7910;7.57;0.46;259.56;6.42;922;59;2704.00;63
6928;58;627071968;6928;225;7848;7910;7.54;0.46;259.57;6.42;920;59;2705.00;62
6930;58;627071980;6930;229;7851;7911;7.58;0.46;259.65;6.43;921;59;2706.00;60
6932;58;627071992;6932;228;7852;7911;7.62;0.46;259.62;6.43;920;59;2707.00;59
6934;58;627072004;6934;225;7856;7917;7.68;0.47;259.70;6.43;922;59;2708.00;61
6938;58;627072016;6938;227;7859;7918;7.69;0.47;259.74;6.43;921;59;2709.00;59
6940;58;627072028;6940;228;7859;7918;7.70;0.47;259.90;6.43;919;59;2710.00;59
6945;58;627072040;6945;232;7862;7918;7.56;0.46;260.00;6.45;917;59;2711.00;56
6950;58;627072052;6950;235;7867;7922;7.51;0.46;259.99;6.45;917;59;2712.00;55
6953;58;627072064;6953;240;7867;7922;7.44;0.45;260.09;6.45;914;59;2713.00;55
6959;58;627072076;6959;245;7868;7922;7.33;0.45;260.09;6.46;909;59;2714.00;54
6963;58;627072086;6963;254;7870;7923;7.30;0.45;260.16;6.46;907;59;2715.00;53
6966;58;627072099;6966;253;7876;7927;7.22;0.44;260.25;6.47;910;59;2716.00;51
6972;58;627072110;6972;256;7877;7927;7.15;0.44;260.34;6.47;905;59;2717.00;50
6978;58;627072122;6978;258;7880;7930;7.13;0.43;260.34;6.47;902;59;2718.00;50
6981;58;627072139;6981;256;7880;7930;7.09;0.43;260.36;6.47;899;59;2719.00;50
6984;58;627072150;6984;248;7881;7930;7.04;0.43;260.43;6.48;897;59;2720.00;49
6989;58;627072162;6989;239;7883;7930;7.01;0.43;260.55;6.48;894;59;2721.00;47
6991;58;627072173;6991;230;7885;7934;7.09;0.43;260.53;6.48;894;59;2722.00;49
6998;58;627072185;6998;239;7888;7934;7.03;0.43;260.59;6.48;890;59;2723.00;46
7002;58;627072196;7002;235;7888;7934;7.07;0.43;260.66;6.48;886;59;2724.00;46
7004;58;627072208;7004;238;7888;7934;7.06;0.43;260.64;6.48;884;59;2725.00;46
7011;58;627072220;7011;236;7891;7935;6.99;0.43;260.74;6.48;880;59;2726.00;44
7017;58;627072232;7017;224;7892;7936;6.91;0.42;260.88;6.48;875;59;2727.00;44
7018;58;627072250;7018;218;7892;7936;7.00;0.43;260.85;6.48;874;59;2728.00;44
7022;58;627072262;7022;209;7894;7937;7.05;0.43;260.94;6.49;872;59;2729.00;43
7023;58;627072275;7023;208;7894;7937;7.14;0.44;260.96;6.49;871;59;2730.00;43
7026;58;627072286;7026;210;7897;7937;7.23;0.44;261.06;6.49;871;59;2731.00;40
7029;58;627072298;7029;213;7897;7937;7.29;0.45;261.12;6.49;868;59;2732.00;40
7032;58;627072309;7032;208;7898;7937;7.31;0.45;261.14;6.49;866;59;2733.00;39
7037;58;627072321;7037;203;7899;7937;7.36;0.45;261.15;6.50;862;59;2734.00;38
7042;58;627072333;7042;208;7900;7937;7.38;0.45;261.12;6.50;858;59;2735.00;37
7047;58;627072346;7047;214;7969;8064;7.60;0.47;261.14;6.44;922;59;2736.00;95
7049;58;627072369;7049;209;7972;8065;7.73;0.48;261.13;6.44;923;59;2737.00;93
7052;58;627072381;7052;213;7979;8065;7.75;0.48;261.08;6.44;927;59;2738.00;86
7056;58;627072394;7056;219;7982;8065;7.79;0.48;261.19;6.44;926;59;2739.00;83
7059;58;627072407;7059;223;7988;8065;7.84;0.49;261.25;6.44;929;59;2740.00;77
7062;58;627072419;7062;227;7991;8065;7.85;0.49;261.23;6.44;929;59;2741.00;74
7067;58;627072431;7067;230;7995;8065;7.83;0.48;261.34;6.43;928;59;2742.00;70
7072;58;627072448;7072;235;7997;8065;7.76;0.48;261.41;6.44;925;59;2743.00;68
7073;58;627072461;7073;238;8000;8066;7.72;0.48;261.43;6.44;927;59;2744.00;66
7078;58;627072473;7078;239;8004;8068;7.72;0.48;261.40;6.44;926;59;2745.00;64
7081;58;627072486;7081;241;8010;8068;7.67;0.47;261.45;6.44;929;59;2746.00;58
7087;58;627072498;7087;243;8011;8069;7.60;0.47;261.54;6.44;924;59;2747.00;58
7091;58;627072511;7091;246;8015;8069;7.59;0.47;261.60;6.44;924;59;2748.00;54
7096;58;627072523;7096;249;8016;8069;7.57;0.47;261.64;6.44;920;59;2749.00;53
7098;58;627072535;7098;252;8018;8069;7.59;0.47;261.67;6.44;920;59;2750.00;51
7102;58;627072547;7102;252;8022;8073;7.63;0.47;261.69;6.44;920;59;2751.00;51
7106;58;627072560;7106;258;8024;8073;7.62;0.47;261.73;6.45;918;59;2752.00;49
7110;58;627072573;7110;256;8025;8073;7.63;0.47;261.81;6.44;915;59;2753.00;48
7114;58;627072585;7114;261;8028;8076;7.62;0.47;261.83;6.44;914;59;2754.00;48
7120;58;627072597;7120;266;8030;8076;7.58;0.46;261.84;6.45;910;59;2755.00;46
7128;58;627072610;7128;277;8031;8076;7.49;0.46;261.93;6.45;903;59;2756.00;45
7131;58;627072623;7131;286;8034;8080;7.48;0.46;261.93;6.44;903;59;2757.00;46
7135;58;627072635;7135;290;8035;8081;7.49;0.46;261.93;6.44;900;59;2758.00;46
7140;58;627072647;7140;294;8035;8081;7.42;0.45;261.95;6.44;895;59;2759.00;46
7149;58;627072660;7149;301;8039;8086;7.33;0.45;261.99;6.44;890;59;2760.00;47
7151;58;627072672;7151;304;8039;8086;7.29;0.45;262.03;6.44;888;59;2761.00;47
7153;58;627072683;7153;307;8039;8086;7.20;0.44;262.02;6.44;886;59;2762.00;47
7156;58;627072695;7156;317;8040;8087;7.12;0.44;262.00;6.44;884;59;2763.00;47
7159;58;627072706;7159;321;8040;8087;7.08;0.44;262.06;6.44;881;59;2764.00;47
7163;58;627072717;7163;327;8044;8093;7.03;0.43;262.08;6.44;881;59;2765.00;49
7166;58;627072730;7166;335;8045;8093;6.99;0.43;262.11;6.44;879;59;2766.00;48
7170;58;627072742;7170;326;8045;8094;6.97;0.43;262.11;6.44;875;59;2767.00;49
7173;58;627072754;7173;327;8046;8094;6.99;0.43;262.08;6.51;873;59;2768.00;48
7176;58;627072766;7176;322;8046;8094;7.04;0.43;262.09;6.51;870;59;2769.00;48
7179;58;627072777;7179;322;8046;8094;7.05;0.43;262.12;6.51;867;59;2770.00;48
7181;58;627072789;7181;325;8046;8094;7.09;0.43;262.12;6.51;865;59;2771.00;48
7185;58;627072806;7185;324;8056;8106;7.19;0.44;262.11;6.50;871;59;2772.00;50
7187;58;627072819;7187;323;8057;8106;7.29;0.44;262.08;6.50;870;59;2773.00;49
7192;58;627072830;7192;324;8057;8106;7.28;0.44;262.09;6.50;865;59;2774.00;49
7195;59;627072842;7195;323;8057;8106;7.27;0.44;262.07;6.50;862;60;2775.00;49
7198;59;627072860;7198;308;8057;8106;7.27;0.44;262.09;6.50;859;60;2776.00;49
7200;59;627072872;7200;302;8057;8106;7.34;0.45;262.05;6.50;857;60;2777.00;49
7204;59;627072883;7204;290;8060;8110;7.40;0.45;262.02;6.50;856;60;2778.00;50
7206;59;627072900;7206;278;8060;8110;7.47;0.45;262.00;6.50;854;60;2779.00;50
7210;59;627072913;7210;275;8063;8114;7.58;0.46;262.06;6.50;853;60;2780.00;51
7212;60;627072925;7212;269;8064;8115;7.62;0.46;262.08;6.50;852;61;2781.00;51
7215;60;627072953;7215;264;8065;8115;7.67;0.47;262.04;6.50;850;61;2782.00;50
7216;60;627072965;7216;260;8066;8115;7.73;0.47;262.01;6.57;850;61;2783.00;49
7218;60;627072977;7218;270;8077;8128;7.86;0.48;262.12;6.56;859;61;2784.00;51
7219;60;627072990;7219;271;8077;8128;7.88;0.48;262.12;6.56;858;61;2785.00;51
7220;60;627073001;7220;273;8077;8128;7.95;0.48;262.11;6.56;857;61;2786.00;51
7223;60;627073013;7223;273;8078;8129;7.98;0.49;262.08;6.56;855;61;2787.00;51
7224;60;627073025;7224;276;8078;8130;8.02;0.49;262.06;6.56;854;61;2788.00;52
7225;60;627073036;7225;271;8078;8130;8.00;0.49;262.05;6.56;853;61;2789.00;52
7228;60;627073049;7228;270;8081;8136;7.98;0.49;262.00;6.56;853;61;2790.00;55
7232;60;627073065;7232;262;8082;8136;7.95;0.48;261.94;6.56;850;61;2791.00;54
7233;60;627073076;7233;262;8083;8136;7.93;0.48;261.95;6.64;850;61;2792.00;53
7237;60;627073087;7237;274;8084;8136;7.87;0.48;261.95;6.64;847;61;2793.00;52
7237;60;627073098;7237;277;8087;8142;7.85;0.47;261.95;6.64;850;61;2794.00;55
7241;60;627073110;7241;281;8088;8142;7.75;0.47;261.94;6.63;847;61;2795.00;54
7243;60;627073121;7243;285;8088;8142;7.70;0.47;261.92;6.63;845;61;2796.00;54
7245;60;627073131;7245;292;8089;8142;7.65;0.46;261.90;6.63;844;61;2797.00;53
7245;60;627073142;7245;298;8092;8146;7.56;0.46;261.90;6.63;847;61;2798.00;54
7246;60;627073152;7246;303;8094;8147;7.48;0.45;261.87;6.63;848;61;2799.00;53
7247;60;627073164;7247;308;8094;8147;7.40;0.45;261.85;6.63;847;61;2800.00;53
7248;60;627073178;7248;315;8095;8148;7.30;0.44;261.84;6.63;847;61;2801.00;53
7250;60;627073188;7250;318;8095;8148;7.17;0.44;261.90;6.63;845;61;2802.00;53
7251;60;627073198;7251;314;8095;8148;7.05;0.43;261.90;6.63;844;61;2803.00;53
7251;60;627073208;7251;303;8095;8148;6.95;0.42;261.90;6.63;844;61;2804.00;53
7251;60;627073219;7251;293;8095;8148;6.96;0.42;261.90;6.63;844;61;2805.00;53
7251;60;627073235;7251;288;8095;8148;6.97;0.42;261.90;6.63;844;61;2806.00;53
7255;60;627073245;7255;288;8095;8148;7.00;0.43;261.89;6.63;840;61;2807.00;53
7255;60;627073256;7255;299;8136;8218;7.04;0.43;261.89;6.68;881;61;2808.00;82
7259;60;627073273;7259;280;8136;8219;7.01;0.43;261.87;6.68;877;61;2809.00;83
7260;60;627073290;7260;264;8143;8219;7.17;0.44;261.87;6.67;883;61;2810.00;76
7260;60;627073301;7260;262;8147;8219;7.33;0.45;261.87;6.67;887;61;2811.00;72
7262;60;627073312;7262;258;8153;8219;7.48;0.46;261.85;6.67;891;61;2812.00;66
7262;60;627073323;7262;252;8156;8219;7.59;0.46;261.85;6.67;894;61;2813.00;63
7263;60;627073334;7263;251;8160;8219;7.72;0.47;261.83;6.67;897;61;2814.00;59
7265;60;627073345;7265;249;8160;8219;7.81;0.48;261.85;6.67;895;61;2815.00;59
7265;60;627073356;7265;242;8162;8220;7.91;0.48;261.85;6.67;897;61;2816.00;58
7268;60;627073385;7268;241;8163;8221;7.96;0.49;261.84;6.67;895;61;2817.00;58
7269;60;627073404;7269;237;8164;8221;8.01;0.49;261.83;6.67;895;61;2818.00;57
7270;60;627073420;7270;237;8167;8225;7.93;0.48;261.83;6.67;897;61;2819.00;58
7271;60;627073443;7271;239;8167;8225;7.92;0.48;261.82;6.67;896;61;2820.00;58
7276;60;627073459;7276;229;8167;8225;7.82;0.48;261.81;6.67;891;61;2821.00;58
7276;60;627073476;7276;220;8167;8225;7.76;0.47;261.81;6.67;891;61;2822.00;58
7278;60;627073488;7278;219;8171;8231;7.68;0.47;261.80;6.74;893;61;2823.00;60
7282;60;627073501;7282;219;8171;8231;7.62;0.47;261.93;6.74;889;61;2824.00;60
7286;60;627073512;7286;222;8175;8231;7.58;0.46;261.93;6.84;889;61;2825.00;56
7289;60;627073525;7289;209;8177;8234;7.61;0.46;261.90;6.84;888;61;2826.00;57
7293;60;627073544;7293;211;8178;8234;7.65;0.47;261.83;6.84;885;61;2827.00;56
7294;60;627073556;7294;212;8178;8234;7.68;0.47;261.83;6.84;884;61;2828.00;56
7300;60;627073567;7300;208;8179;8235;7.69;0.47;261.82;6.91;879;61;2829.00;56
7302;60;627073580;7302;205;8180;8236;7.78;0.47;261.80;6.91;878;61;2830.00;56
7307;60;627073592;7307;200;8181;8236;7.79;0.48;261.91;6.98;874;61;2831.00;55
7310;60;627073603;7310;191;8191;8249;7.84;0.48;261.89;6.97;881;61;2832.00;58
7313;60;627073615;7313;195;8192;8249;7.94;0.48;261.83;7.03;879;61;2833.00;57
7315;60;627073633;7315;192;8192;8249;8.04;0.49;261.81;7.03;877;61;2834.00;57
7318;60;627073645;7318;195;8195;8251;8.04;0.49;261.83;7.09;877;61;2835.00;56
7324;60;627073657;7324;188;8195;8251;8.06;0.49;261.81;7.09;871;61;2836.00;56
7326;60;627073668;7326;186;8198;8255;8.17;0.50;261.80;7.09;872;61;2837.00;57
7328;60;627073679;7328;189;8201;8255;8.19;0.50;261.86;7.15;873;61;2838.00;54
7331;60;627073691;7331;190;8204;8259;8.18;0.50;261.89;7.15;873;61;2839.00;55
7334;60;627073703;7334;192;8205;8259;8.17;0.50;261.91;7.15;871;61;2840.00;54
7337;60;627073714;7337;187;8205;8259;8.22;0.50;261.88;7.15;868;61;2841.00;54
7339;60;627073727;7339;192;8205;8259;8.28;0.50;261.87;7.15;866;61;2842.00;54
7342;60;627073739;7342;191;8205;8259;8.30;0.50;261.92;7.15;863;61;2843.00;54
7346;60;627073750;7346;193;8214;8271;8.32;0.51;262.01;7.14;868;61;2844.00;57
7346;60;627073763;7346;194;8215;8271;8.37;0.51;262.01;7.14;869;61;2845.00;56
7347;60;627073775;7347;192;8216;8271;8.38;0.51;262.03;7.14;869;61;2846.00;55
7351;60;627073787;7351;195;8216;8271;8.43;0.51;262.01;7.14;865;61;2847.00;55
7352;60;627073799;7352;200;8216;8271;8.46;0.51;262.03;7.14;864;61;2848.00;55
7355;60;627073812;7355;201;8216;8271;8.42;0.51;262.09;7.14;861;61;2849.00;55
7358;60;627073833;7358;206;8219;8274;8.41;0.51;262.23;7.15;861;61;2850.00;55
7360;60;627073846;7360;202;8220;8274;8.38;0.51;262.28;7.16;860;61;2851.00;54
7362;60;627073858;7362;198;8226;8280;8.40;0.51;262.30;7.17;864;61;2852.00;54
7367;60;627073871;7367;194;8228;8281;8.40;0.51;262.37;7.18;861;61;2853.00;53
7369;60;627073883;7369;195;8228;8281;8.33;0.51;262.34;7.18;859;61;2854.00;53
7373;60;627073896;7373;194;8229;8281;8.26;0.50;262.35;7.19;856;61;2855.00;52
7375;60;627073909;7375;198;8233;8285;8.30;0.50;262.39;7.20;858;61;2856.00;52
7376;60;627073921;7376;196;8233;8285;8.32;0.51;262.40;7.20;857;61;2857.00;52
7378;60;627073933;7378;199;8234;8285;8.34;0.51;262.48;7.21;856;61;2858.00;51
7379;60;627073945;7379;197;8236;8286;8.42;0.51;262.49;7.22;857;61;2859.00;50
7381;60;627073956;7381;200;8240;8290;8.46;0.52;262.54;7.23;859;61;2860.00;50
7383;60;627073969;7383;199;8241;8290;8.42;0.51;262.55;7.23;858;61;2861.00;49
7387;60;627073982;7387;199;8244;8293;8.40;0.51;262.61;7.24;857;61;2862.00;49
7389;60;627073994;7389;206;8245;8293;8.46;0.51;262.57;7.24;856;61;2863.00;48
7391;60;627074006;7391;202;8249;8295;8.48;0.52;262.68;7.25;858;61;2864.00;46
7394;60;627074018;7394;203;8250;8295;8.46;0.52;262.70;7.27;856;61;2865.00;45
7394;60;627074029;7394;215;8253;8299;8.46;0.52;262.70;7.26;859;61;2866.00;46
7399;60;627074041;7399;214;8256;8299;8.37;0.51;262.84;7.28;857;61;2867.00;43
7401;60;627074052;7401;213;8256;8299;8.34;0.51;262.89;7.28;855;61;2868.00;43
7401;60;627074064;7401;205;8257;8299;8.31;0.51;262.89;7.29;856;61;2869.00;42
7406;60;627074075;7406;204;8257;8300;8.30;0.51;262.96;7.29;851;61;2870.00;43
7408;60;627074086;7408;207;8259;8301;8.23;0.50;263.00;7.29;851;61;2871.00;42
7413;60;627074104;7413;204;8260;8301;8.17;0.50;263.05;7.30;847;61;2872.00;41
7417;60;627074115;7417;205;8262;8302;8.10;0.49;263.05;7.30;845;61;2873.00;40
7421;60;627074126;7421;202;8262;8302;8.04;0.49;263.07;7.30;841;61;2874.00;40
7423;60;627074138;7423;203;8262;8302;8.01;0.49;263.05;7.30;839;61;2875.00;40
7424;60;627074149;7424;204;8265;8302;8.00;0.49;263.07;7.32;841;61;2876.00;37
7428;60;627074160;7428;201;8265;8302;7.97;0.48;263.07;7.32;837;61;2877.00;37
7430;60;627074171;7430;203;8266;8302;7.95;0.48;263.12;7.33;836;61;2878.00;36
7432;60;627074183;7432;205;8266;8302;7.92;0.48;263.15;7.33;834;61;2879.00;36
7435;60;627074195;7435;244;8370;8532;7.89;0.49;263.16;7.26;935;61;2880.00;162
7438;60;627074225;7438;237;8371;8533;7.82;0.49;263.20;7.26;933;61;2881.00;162
7440;60;627074237;7440;227;8379;8533;7.85;0.49;263.18;7.25;939;61;2882.00;154
7444;60;627074249;7444;227;8387;8533;7.79;0.49;263.23;7.25;943;61;2883.00;146
7446;60;627074260;7446;228;8395;8533;7.79;0.48;263.30;7.25;949;61;2884.00;138
7454;60;627074278;7454;236;8403;8533;7.76;0.48;263.35;7.25;949;61;2885.00;130
7456;60;627074297;7456;239;8409;8533;7.74;0.48;263.39;7.25;953;61;2886.00;124
7461;60;627074320;7461;241;8414;8533;7.71;0.48;263.44;7.25;953;61;2887.00;119
7464;60;627074332;7464;250;8419;8534;7.74;0.48;263.47;7.25;955;61;2888.00;115
7468;60;627074344;7468;260;8427;8535;7.68;0.48;263.47;7.25;959;61;2889.00;108
7474;60;627074358;7474;260;8430;8535;7.58;0.47;263.53;7.26;956;61;2890.00;105
7478;60;627074376;7478;258;8435;8536;7.51;0.46;263.50;7.26;957;61;2891.00;101
7482;60;627074389;7482;260;8440;8536;7.36;0.45;263.56;7.26;958;61;2892.00;96
7488;60;627074401;7488;260;8444;8536;7.24;0.45;263.74;7.27;956;61;2893.00;92
7488;60;627074413;7488;270;8450;8536;7.15;0.44;263.74;7.27;962;61;2894.00;86
7493;60;627074424;7493;279;8455;8540;7.04;0.43;263.89;7.27;962;61;2895.00;85
7499;60;627074436;7499;286;8459;8540;6.87;0.42;264.04;7.27;960;61;2896.00;81
7500;60;627074448;7500;283;8464;8540;6.88;0.42;264.11;7.28;964;61;2897.00;76
7503;60;627074460;7503;278;8466;8543;6.87;0.42;264.18;7.28;963;61;2898.00;77
7508;60;627074473;7508;274;8470;8543;6.86;0.42;264.24;7.28;962;61;2899.00;73
7510;60;627074487;7510;275;8472;8543;6.85;0.42;264.25;7.29;962;61;2900.00;71
7515;60;627074502;7515;271;8477;8547;6.90;0.42;264.36;7.29;962;61;2901.00;70
7519;60;627074514;7519;267;8479;8548;6.98;0.43;264.47;7.29;960;61;2902.00;69
7523;60;627074526;7523;266;8483;8548;7.01;0.43;264.60;7.30;960;61;2903.00;65
7527;60;627074539;7527;271;8487;8552;7.09;0.44;264.69;7.30;960;61;2904.00;65
7532;60;627074552;7532;271;8490;8552;7.10;0.44;264.77;7.30;958;61;2905.00;62
7536;60;627074564;7536;268;8491;8552;7.13;0.44;264.73;7.30;955;61;2906.00;61
7538;60;627074576;7538;274;8494;8553;7.16;0.44;264.80;7.31;956;61;2907.00;59
7542;60;627074588;7542;277;8495;8553;7.09;0.44;264.82;7.31;953;61;2908.00;58
7547;60;627074605;7547;278;8501;8559;7.08;0.43;264.83;7.31;954;61;2909.00;58
7552;60;627074619;7552;278;8503;8559;7.04;0.43;264.86;7.32;951;61;2910.00;56
7556;60;627074632;7556;282;8504;8560;7.03;0.43;264.99;7.32;948;61;2911.00;56
7560;60;627074644;7560;293;8505;8560;7.03;0.43;264.97;7.32;945;61;2912.00;55
7566;60;627074661;7566;296;8506;8560;6.99;0.43;265.13;7.32;940;61;2913.00;54
7568;60;627074673;7568;306;8507;8560;6.91;0.42;265.14;7.32;939;61;2914.00;53
7572;60;627074686;7572;315;8507;8560;6.92;0.42;265.15;7.32;935;61;2915.00;53
7573;60;627074698;7573;331;8518;8572;6.96;0.43;265.13;7.32;945;61;2916.00;54
7577;60;627074716;7577;337;8519;8572;6.94;0.43;265.07;7.32;942;61;2917.00;53
7583;60;627074728;7583;343;8520;8572;6.87;0.42;265.16;7.32;937;61;2918.00;52
7586;60;627074740;7586;342;8521;8572;6.82;0.42;265.12;7.38;935;61;2919.00;51
7588;60;627074753;7588;350;8521;8572;6.77;0.42;265.14;7.38;933;61;2920.00;51
7591;60;627074765;7591;355;8521;8572;6.68;0.41;265.11;7.38;930;61;2921.00;51
7595;60;627074777;7595;360;8524;8576;6.69;0.41;265.08;7.38;929;61;2922.00;52
7597;60;627074789;7597;369;8524;8576;6.65;0.41;265.05;7.38;927;61;2923.00;52
7600;60;627074806;7600;380;8527;8580;6.63;0.41;265.08;7.38;927;61;2924.00;53
7601;60;627074817;7601;381;8530;8582;6.68;0.41;265.10;7.38;929;61;2925.00;52
7603;60;627074828;7603;386;8530;8582;6.69;0.41;265.13;7.38;927;61;2926.00;52
7605;60;627074840;7605;382;8530;8582;6.66;0.41;265.11;7.38;925;61;2927.00;52
7607;60;627074852;7607;382;8539;8595;6.68;0.41;265.11;7.37;932;61;2928.00;56
7609;60;627074864;7609;382;8539;8595;6.63;0.41;265.09;7.37;930;61;2929.00;56
7611;60;627074875;7611;385;8540;8595;6.64;0.41;265.07;7.37;929;61;2930.00;55
7615;60;627074886;7615;390;8541;8596;6.56;0.41;265.07;7.37;926;61;2931.00;55
7620;60;627074903;7620;397;8541;8597;6.54;0.40;265.01;7.37;921;61;2932.00;56
7626;60;627074915;7626;403;8541;8597;6.51;0.40;264.92;7.37;915;61;2933.00;56
7628;60;627074926;7628;404;8544;8600;6.52;0.40;264.86;7.43;916;61;2934.00;56
7629;60;627074938;7629;410;8544;8600;6.48;0.40;264.85;7.43;915;61;2935.00;56
7630;60;627074949;7630;417;8545;8600;6.48;0.40;264.82;7.43;915;61;2936.00;55
7632;60;627074960;7632;409;8545;8600;6.44;0.40;264.79;7.43;913;61;2937.00;55
7633;60;627074972;7633;405;8550;8606;6.46;0.40;264.76;7.48;917;61;2938.00;56
7634;60;627074985;7634;403;8550;8606;6.48;0.40;264.81;7.48;916;61;2939.00;56
7636;60;627075000;7636;396;8551;8606;6.53;0.40;264.77;7.48;915;61;2940.00;55
7640;60;627075013;7640;395;8552;8606;6.48;0.40;264.71;7.54;912;61;2941.00;54
7644;60;627075024;7644;392;8555;8610;6.53;0.40;264.67;7.54;911;61;2942.00;55
7645;60;627075037;7645;391;8557;8611;6.53;0.40;264.66;7.59;912;61;2943.00;54
7648;60;627075050;7648;393;8557;8611;6.58;0.40;264.77;7.59;909;61;2944.00;54
7650;60;627075062;7650;396;8558;8612;6.58;0.40;264.74;7.59;908;61;2945.00;54
7652;60;627075079;7652;384;8559;8612;6.59;0.40;264.79;7.64;907;61;2946.00;53
7655;60;627075090;7655;371;8559;8612;6.62;0.40;264.72;7.64;904;61;2947.00;53
7656;60;627075103;7656;360;8559;8612;6.69;0.41;264.70;7.64;903;61;2948.00;53
7656;60;627075114;7656;351;8559;8612;6.80;0.41;264.70;7.64;903;61;2949.00;53
7658;60;627075126;7658;346;8559;8612;6.85;0.42;264.64;7.64;901;61;2950.00;53
7658;60;627075143;7658;336;8560;8612;6.89;0.42;264.64;7.69;902;61;2951.00;52
7662;60;627075154;7662;337;8596;8682;7.03;0.43;264.64;7.66;934;61;2952.00;86
7662;60;627075171;7662;334;8596;8683;7.09;0.43;264.64;7.66;934;61;2953.00;87
7665;60;627075183;7665;336;8603;8683;7.19;0.44;264.64;7.66;938;61;2954.00;80
7665;60;627075195;7665;327;8606;8683;7.25;0.44;264.64;7.65;941;61;2955.00;77
7667;60;627075208;7667;322;8609;8683;7.33;0.44;264.64;7.65;942;61;2956.00;74
7669;60;627075220;7669;316;8611;8683;7.38;0.45;264.65;7.65;942;61;2957.00;72
7672;60;627075233;7672;312;8615;8683;7.48;0.45;264.63;7.65;943;61;2958.00;68
7672;60;627075246;7672;309;8616;8683;7.62;0.46;264.63;7.65;944;61;2959.00;67
7674;60;627075258;7674;298;8619;8684;7.71;0.47;264.63;7.65;945;61;2960.00;65
7675;60;627075271;7675;292;8622;8685;7.79;0.47;264.62;7.70;947;61;2961.00;63
7676;60;627075294;7676;289;8623;8685;7.85;0.48;264.63;7.70;947;61;2962.00;62
7677;60;627075307;7677;280;8626;8689;7.88;0.48;264.60;7.70;949;61;2963.00;63
7680;60;627075320;7680;276;8626;8689;7.88;0.48;264.67;7.70;946;61;2964.00;63
7680;60;627075338;7680;276;8626;8689;7.89;0.48;264.67;7.70;946;61;2965.00;63
7682;60;627075351;7682;269;8626;8689;7.90;0.48;264.67;7.70;944;61;2966.00;63
7683;60;627075367;7683;269;8629;8695;7.96;0.48;264.67;7.70;946;61;2967.00;66
7685;60;627075397;7685;273;8629;8695;7.96;0.48;264.65;7.70;944;61;2968.00;66
7686;60;627075418;7686;279;8630;8695;7.94;0.48;264.65;7.69;944;61;2969.00;65
7687;60;627075450;7687;281;8633;8701;8.01;0.49;264.64;7.69;946;61;2970.00;68
7688;60;627075473;7688;290;8634;8701;7.99;0.48;264.63;7.69;946;61;2971.00;67
7688;60;627075489;7688;292;8634;8701;7.92;0.48;264.63;7.69;946;61;2972.00;67
7690;60;627075504;7690;298;8635;8702;7.91;0.48;264.64;7.69;945;61;2973.00;67
7691;60;627075517;7691;300;8636;8703;7.89;0.48;264.64;7.69;945;61;2974.00;67
7692;60;627075532;7692;304;8637;8703;7.86;0.48;264.63;7.69;945;61;2975.00;66
7695;60;627075545;7695;308;8645;8716;7.85;0.48;264.62;7.68;950;61;2976.00;71
7697;60;627075560;7697;312;8646;8716;7.82;0.47;264.64;7.68;949;61;2977.00;70
7700;60;627075574;7700;314;8646;8716;7.81;0.47;264.69;7.68;946;61;2978.00;70
7704;60;627075587;7704;318;8647;8717;7.81;0.47;264.79;7.68;943;61;2979.00;70
7705;60;627075601;7705;315;8647;8717;7.88;0.48;264.81;7.68;942;61;2980.00;70
7706;60;627075613;7706;311;8649;8721;7.93;0.48;264.86;7.68;943;61;2981.00;72
7706;60;627075627;7706;311;8649;8721;7.98;0.49;264.86;7.68;943;61;2982.00;72
7710;60;627075640;7710;306;8653;8725;7.96;0.48;264.87;7.68;943;61;2983.00;72
7711;60;627075654;7711;301;8654;8725;8.00;0.49;264.92;7.73;943;61;2984.00;71
7717;60;627075669;7717;300;8654;8725;7.94;0.48;264.98;7.73;937;61;2985.00;71
7719;60;627075683;7719;300;8654;8725;7.94;0.48;265.04;7.73;935;61;2986.00;71
7725;60;627075695;7725;300;8654;8725;7.85;0.48;265.11;7.73;929;61;2987.00;71
7732;60;627075708;7732;291;8664;8737;7.79;0.47;265.15;7.72;932;61;2988.00;73
7733;60;627075723;7733;290;8665;8737;7.77;0.47;265.13;7.72;932;61;2989.00;72
7737;60;627075735;7737;283;8666;8737;7.76;0.47;265.23;7.72;929;61;2990.00;71
7741;60;627075747;7741;279;8666;8737;7.75;0.47;265.30;7.72;925;61;2991.00;71
7744;60;627075759;7744;271;8666;8737;7.69;0.47;265.28;7.72;922;61;2992.00;71
7748;60;627075770;7748;263;8666;8737;7.68;0.47;265.30;7.72;918;61;2993.00;71
7751;61;627075783;7751;256;8668;8738;7.70;0.47;265.35;7.73;917;62;2994.00;70
7756;61;627075807;7756;249;8670;8738;7.67;0.46;265.40;7.76;914;62;2995.00;68
7760;61;627075821;7760;239;8673;8744;7.79;0.47;265.43;7.75;913;62;2996.00;71
7762;61;627075835;7762;236;8674;8745;7.84;0.47;265.41;7.75;912;62;2997.00;71
7765;61;627075848;7765;233;8675;8745;7.88;0.48;265.39;7.75;910;62;2998.00;70
7768;61;627075860;7768;228;8675;8745;7.88;0.48;265.36;7.75;907;62;2999.00;70
7771;61;627075875;7771;227;8680;8765;7.89;0.48;265.35;7.80;909;62;3000.00;85
7773;61;627075894;7773;224;8680;8765;7.89;0.48;265.37;7.80;907;62;3001.00;85
7776;61;627075907;7776;223;8681;8765;7.94;0.48;265.38;7.80;905;62;3002.00;84
7778;61;627075919;7778;225;8682;8766;8.02;0.48;265.39;7.80;904;62;3003.00;84
7784;61;627075931;7784;220;8685;8770;8.00;0.48;265.41;7.80;901;62;3004.00;85
7787;61;627075944;7787;221;8685;8770;8.07;0.49;265.42;7.80;898;62;3005.00;85
7788;61;627075957;7788;223;8688;8773;8.14;0.49;265.43;7.80;900;62;3006.00;85
7789;61;627075969;7789;222;8689;8773;8.29;0.50;265.42;7.80;900;62;3007.00;84
7792;61;627075982;7792;217;8690;8773;8.41;0.51;265.42;7.81;898;62;3008.00;83
7794;61;627075994;7794;221;8692;8773;8.50;0.52;265.43;7.82;898;62;3009.00;81
7795;61;627076007;7795;221;8695;8777;8.61;0.52;265.42;7.83;900;62;3010.00;82
7798;61;627076020;7798;221;8696;8777;8.68;0.53;265.41;7.83;898;62;3011.00;81
7803;61;627076034;7803;226;8700;8777;8.72;0.53;265.45;7.83;897;62;3012.00;77
7809;61;627076047;7809;219;8702;8777;8.69;0.53;265.47;7.83;893;62;3013.00;75
7811;61;627076060;7811;221;8705;8778;8.72;0.53;265.48;7.84;894;62;3014.00;73
7814;61;627076074;7814;218;8707;8780;8.74;0.53;265.55;7.84;893;62;3015.00;73
7818;61;627076086;7818;218;8708;8780;8.73;0.53;265.70;7.84;890;62;3016.00;72
7820;61;627076100;7820;216;8710;8781;8.75;0.53;265.73;7.84;890;62;3017.00;71
7822;61;627076113;7822;211;8710;8781;8.83;0.54;265.80;7.84;888;62;3018.00;71
7824;61;627076126;7824;210;8712;8781;8.91;0.54;265.79;7.85;888;62;3019.00;69
7825;61;627076139;7825;214;8714;8781;8.96;0.54;265.82;7.86;889;62;3020.00;67
7828;61;627076151;7828;215;8714;8781;9.02;0.55;265.86;7.86;886;62;3021.00;67
7832;61;627076164;7832;211;8714;8781;9.03;0.55;265.90;7.86;882;62;3022.00;67
7834;61;627076177;7834;208;8716;8781;9.07;0.55;265.97;7.89;882;62;3023.00;65
7837;61;627076190;7837;226;8781;8908;9.08;0.56;266.03;7.83;944;62;3024.00;127
7840;61;627076213;7840;215;8789;8909;9.09;0.56;266.07;7.85;949;62;3025.00;120
7843;61;627076227;7843;211;8796;8909;9.15;0.56;266.10;7.85;953;62;3026.00;113
7845;61;627076241;7845;217;8799;8909;9.11;0.56;266.14;7.87;954;62;3027.00;110
7850;61;627076255;7850;218;8803;8909;9.14;0.56;266.12;7.86;953;62;3028.00;106
7853;61;627076268;7853;220;8808;8909;9.14;0.56;266.16;7.88;955;62;3029.00;101
7856;61;627076284;7856;222;8813;8909;9.15;0.56;266.24;7.89;957;62;3030.00;96
7859;61;627076297;7859;223;8816;8909;9.20;0.56;266.25;7.89;957;62;3031.00;93
7862;61;627076310;7862;231;8820;8910;9.21;0.57;266.31;7.90;958;62;3032.00;90
7867;61;627076324;7867;231;8822;8911;9.16;0.56;266.27;7.90;955;62;3033.00;89
7870;61;627076337;7870;241;8826;8911;9.15;0.56;266.33;7.92;956;62;3034.00;85
7872;61;627076351;7872;246;8828;8912;9.10;0.56;266.33;7.92;956;62;3035.00;84
7875;61;627076367;7875;253;8836;8912;9.00;0.55;266.39;7.95;961;62;3036.00;76
7878;61;627076380;7878;259;8838;8912;8.87;0.55;266.41;7.95;960;62;3037.00;74
7882;61;627076393;7882;263;8842;8912;8.73;0.54;266.46;7.95;960;62;3038.00;70
7886;61;627076407;7886;265;8846;8916;8.61;0.53;266.46;7.96;960;62;3039.00;70
7888;61;627076422;7888;264;8850;8916;8.52;0.52;266.47;7.97;962;62;3040.00;66
7892;61;627076434;7892;266;8853;8916;8.38;0.52;266.58;7.98;961;62;3041.00;63
7894;61;627076447;7894;258;8859;8919;8.31;0.51;266.60;7.98;965;62;3042.00;60
7897;61;627076460;7897;257;8862;8919;8.24;0.51;266.61;7.99;965;62;3043.00;57
7899;61;627076473;7899;268;8864;8919;8.21;0.50;266.57;7.99;965;62;3044.00;55
7902;61;627076485;7902;266;8867;8923;8.14;0.50;266.60;7.99;965;62;3045.00;56
7903;61;627076498;7903;264;8870;8924;8.08;0.49;266.59;8.00;967;62;3046.00;54
7905;61;627076512;7905;268;8870;8924;7.99;0.49;266.60;8.00;965;62;3047.00;54
7908;61;627076525;7908;273;8872;8928;7.98;0.49;266.58;7.99;964;62;3048.00;56
7910;61;627076537;7910;277;8874;8928;7.93;0.49;266.58;8.00;964;62;3049.00;54
7915;61;627076551;7915;282;8874;8928;7.84;0.48;266.61;8.00;959;62;3050.00;54
7918;61;627076563;7918;283;8876;8929;7.78;0.48;266.68;8.01;958;62;3051.00;53
7921;61;627076575;7921;293;8876;8929;7.71;0.47;266.70;8.01;955;62;3052.00;53
7926;61;627076586;7926;297;8881;8935;7.66;0.47;266.78;8.00;955;62;3053.00;54
7932;61;627076600;7932;297;8882;8935;7.53;0.46;266.85;8.01;950;62;3054.00;53
7935;61;627076610;7935;307;8883;8936;7.43;0.46;266.91;8.01;948;62;3055.00;53
7941;61;627076622;7941;310;8885;8936;7.24;0.44;266.95;8.02;944;62;3056.00;51
7943;61;627076633;7943;317;8887;8936;7.12;0.44;267.01;8.03;944;62;3057.00;49
7949;61;627076644;7949;325;8887;8936;6.94;0.43;266.99;8.03;938;62;3058.00;49
7950;61;627076654;7950;322;8889;8936;6.73;0.41;267.00;8.04;939;62;3059.00;47
7957;61;627076672;7957;314;8912;8972;6.63;0.41;267.11;8.01;955;62;3060.00;60
7964;61;627076686;7964;309;8914;8972;6.47;0.40;267.08;8.02;950;62;3061.00;58
7969;61;627076697;7969;314;8917;8972;6.42;0.40;267.17;8.02;948;62;3062.00;55
7974;61;627076707;7974;315;8918;8972;6.39;0.39;267.20;8.01;944;62;3063.00;54
7977;61;627076717;7977;321;8921;8972;6.38;0.39;267.27;8.02;944;62;3064.00;51
7977;61;627076728;7977;318;8921;8972;6.38;0.39;267.27;8.02;944;62;3065.00;51
7981;61;627076750;7981;327;8926;8976;6.42;0.39;267.34;8.02;945;62;3066.00;50
7983;61;627076760;7983;326;8928;8976;6.43;0.39;267.30;8.03;945;62;3067.00;48
7985;61;627076771;7985;323;8932;8980;6.50;0.40;267.35;8.03;947;62;3068.00;48
7987;61;627076782;7987;319;8933;8981;6.59;0.41;267.42;8.03;946;62;3069.00;48
7990;61;627076793;7990;317;8934;8981;6.59;0.41;267.44;8.03;944;62;3070.00;47
7993;61;627076804;7993;322;8935;8981;6.62;0.41;267.51;8.03;942;62;3071.00;46
7996;61;627076814;7996;323;8945;8994;6.69;0.41;267.55;8.02;949;62;3072.00;49
7999;61;627076825;7999;320;8947;8994;6.71;0.41;267.57;8.02;948;62;3073.00;47
8003;61;627076837;8003;319;8947;8994;6.74;0.41;267.64;8.02;944;62;3074.00;47
8007;61;627076848;8007;327;8948;8995;6.74;0.41;267.68;8.02;941;62;3075.00;47
8011;61;627076859;8011;328;8948;8996;6.67;0.41;267.62;8.02;937;62;3076.00;48
8018;61;627076869;8018;337;8948;8996;6.57;0.40;267.70;8.02;930;62;3077.00;48
8023;61;627076880;8023;343;8951;8999;6.51;0.40;267.66;8.01;928;62;3078.00;48
8026;61;627076891;8026;339;8951;8999;6.47;0.40;267.68;8.01;925;62;3079.00;48
8029;61;627076902;8029;339;8951;8999;6.46;0.40;267.73;8.01;922;62;3080.00;48
8033;61;627076913;8033;338;8951;8999;6.40;0.39;267.78;8.01;918;62;3081.00;48
8035;61;627076923;8035;347;8955;9005;6.42;0.40;267.79;8.01;920;62;3082.00;50
8042;61;627076935;8042;340;8956;9005;6.38;0.39;267.78;8.01;914;62;3083.00;49
8045;61;627076945;8045;341;8956;9005;6.34;0.39;267.80;8.01;911;62;3084.00;49
8051;61;627076956;8051;341;8956;9005;6.25;0.38;267.77;8.01;905;62;3085.00;49
8056;61;627076967;8056;348;8959;9009;6.22;0.38;267.73;8.01;903;62;3086.00;50
8060;61;627076978;8060;351;8960;9010;6.21;0.38;267.68;8.01;900;62;3087.00;50
8063;61;627076989;8063;344;8960;9010;6.22;0.38;267.64;8.01;897;62;3088.00;50
8068;61;627076999;8068;354;8961;9011;6.20;0.38;267.62;8.01;893;62;3089.00;50
8070;61;627077012;8070;359;8961;9011;6.22;0.38;267.63;8.01;891;62;3090.00;50
8076;61;627077023;8076;367;8961;9011;6.20;0.38;267.57;8.01;885;62;3091.00;50
8082;61;627077034;8082;374;8961;9011;6.21;0.38;267.59;8.01;879;62;3092.00;50
8084;61;627077045;8084;375;8961;9011;6.26;0.38;267.58;8.01;877;62;3093.00;50
8089;61;627077055;8089;376;8961;9011;6.27;0.38;267.54;8.01;872;62;3094.00;50
8089;61;627077065;8089;386;8961;9011;6.27;0.38;267.54;8.01;872;62;3095.00;50
8093;61;627077075;8093;393;9003;9081;6.44;0.39;267.52;7.97;910;62;3096.00;78
8096;61;627077091;8096;386;9003;9082;6.41;0.39;267.57;7.97;907;62;3097.00;79
8097;61;627077102;8097;388;9011;9082;6.49;0.40;267.56;7.96;914;62;3098.00;71
8099;61;627077114;8099;389;9016;9082;6.54;0.40;267.58;7.96;917;62;3099.00;66
8102;61;627077125;8102;393;9021;9082;6.55;0.40;267.61;7.96;919;62;3100.00;61
8104;61;627077140;8104;392;9023;9082;6.57;0.40;267.61;7.96;919;62;3101.00;59
8107;61;627077151;8107;393;9026;9082;6.56;0.40;267.59;8.02;919;62;3102.00;56
8111;61;627077162;8111;394;9026;9082;6.50;0.40;267.61;8.02;915;62;3103.00;56
8113;61;627077173;8113;397;9028;9083;6.43;0.39;267.56;8.02;915;62;3104.00;55
8117;61;627077184;8117;403;9030;9085;6.34;0.39;267.55;8.02;913;62;3105.00;55
8117;61;627077196;8117;411;9031;9085;6.30;0.38;267.55;8.02;914;62;3106.00;54
8118;61;627077206;8118;392;9034;9089;6.32;0.39;267.55;8.02;916;62;3107.00;55
8119;61;627077218;8119;370;9034;9089;6.34;0.39;267.54;8.02;915;62;3108.00;55
8120;61;627077230;8120;359;9034;9089;6.43;0.39;267.54;8.02;914;62;3109.00;55
8122;61;627077241;8122;346;9034;9089;6.53;0.40;267.54;8.02;912;62;3110.00;55
8124;61;627077253;8124;347;9038;9095;6.67;0.41;267.52;8.01;914;62;3111.00;57
8125;61;627077266;8125;343;9038;9095;6.79;0.42;267.55;8.01;913;62;3112.00;57
8128;61;627077277;8128;335;9039;9095;6.88;0.42;267.54;8.01;911;62;3113.00;56
8128;61;627077295;8128;332;9041;9098;7.05;0.43;267.54;8.01;913;62;3114.00;57
8130;61;627077306;8130;329;9041;9098;7.12;0.44;267.63;8.01;911;62;3115.00;57
8130;61;627077324;8130;317;9042;9098;7.20;0.44;267.63;8.01;912;62;3116.00;56
8133;61;627077336;8133;307;9042;9099;7.28;0.44;267.62;8.01;909;62;3117.00;57
8134;61;627077348;8134;292;9043;9100;7.39;0.45;267.61;8.01;909;62;3118.00;57
8135;61;627077360;8135;283;9043;9100;7.43;0.45;267.59;8.01;908;62;3119.00;57
8139;61;627077383;8139;276;9063;9126;7.54;0.46;267.53;7.99;924;62;3120.00;63
8142;61;627077417;8142;268;9063;9126;7.61;0.46;267.47;7.99;921;62;3121.00;63
8145;61;627077439;8145;255;9064;9126;7.67;0.47;267.45;7.99;919;62;3122.00;62
8148;61;627077471;8148;252;9066;9127;7.77;0.47;267.51;7.99;918;62;3123.00;61
8148;61;627077489;8148;255;9066;9127;7.84;0.48;267.51;7.99;918;62;3124.00;61
8149;61;627077503;8149;250;9069;9131;7.87;0.48;267.51;7.99;920;62;3125.00;62
8150;61;627077518;8150;249;9069;9131;7.98;0.49;267.51;7.99;919;62;3126.00;62
8153;61;627077533;8153;240;9073;9135;8.05;0.49;267.50;7.98;920;62;3127.00;62
8156;61;627077549;8156;237;9073;9135;8.08;0.49;267.51;7.98;917;62;3128.00;62
8161;61;627077570;8161;238;9073;9135;8.17;0.50;267.53;7.98;912;62;3129.00;62
8162;61;627077585;8162;229;9073;9135;8.27;0.50;267.55;7.98;911;62;3130.00;62
8166;61;627077600;8166;227;9073;9135;8.33;0.51;267.55;7.98;907;62;3131.00;62
8170;61;627077614;8170;233;9082;9147;8.37;0.51;267.55;7.98;912;62;3132.00;65
8173;61;627077628;8173;236;9082;9147;8.42;0.51;267.60;7.98;909;62;3133.00;65
8174;61;627077642;8174;238;9084;9147;8.45;0.51;267.58;7.97;910;62;3134.00;63
8179;61;627077655;8179;237;9084;9147;8.43;0.51;267.65;7.97;905;62;3135.00;63
8184;61;627077668;8184;242;9084;9147;8.36;0.51;267.70;7.97;900;62;3136.00;63
8185;61;627077682;8185;242;9084;9147;8.35;0.51;267.74;7.97;899;62;3137.00;63
8188;61;627077694;8188;242;9084;9148;8.39;0.51;267.76;7.97;896;62;3138.00;64
8191;61;627077707;8191;241;9084;9148;8.41;0.51;267.83;7.97;893;62;3139.00;64
8192;61;627077721;8192;241;9088;9154;8.43;0.51;267.80;7.97;896;62;3140.00;66
8195;61;627077734;8195;241;9089;9155;8.40;0.51;267.78;7.97;894;62;3141.00;66
8198;61;627077747;8198;246;9090;9155;8.37;0.51;267.83;7.97;892;62;3142.00;65
8201;61;627077760;8201;252;9090;9155;8.32;0.50;267.79;7.97;889;62;3143.00;65
8204;61;627077773;8204;255;9093;9159;8.33;0.51;267.85;7.97;889;62;3144.00;66
8205;61;627077786;8205;261;9093;9159;8.30;0.50;267.91;7.97;888;62;3145.00;66
8208;61;627077798;8208;261;9093;9159;8.26;0.50;267.98;7.97;885;62;3146.00;66
8211;61;627077811;8211;268;9094;9160;8.28;0.50;267.97;7.97;883;62;3147.00;66
8212;61;627077823;8212;278;9097;9164;8.18;0.50;268.00;7.96;885;62;3148.00;67
8215;61;627077836;8215;284;9097;9164;8.09;0.49;268.03;7.96;882;62;3149.00;67
8217;61;627077850;8217;290;9100;9170;8.06;0.49;268.07;7.96;883;62;3150.00;70
8221;61;627077864;8221;284;9100;9170;8.02;0.49;268.11;7.96;879;62;3151.00;70
8224;61;627077876;8224;278;9101;9170;8.02;0.49;268.11;7.96;877;62;3152.00;69
8227;61;627077889;8227;270;9101;9170;8.04;0.49;268.14;7.96;874;62;3153.00;69
8228;61;627077902;8228;271;9104;9174;8.10;0.49;268.14;7.96;876;62;3154.00;70
8229;61;627077915;8229;270;9104;9174;8.11;0.49;268.15;7.96;875;62;3155.00;70
8231;61;627077927;8231;263;9105;9174;8.15;0.50;268.18;7.96;874;62;3156.00;69
8234;61;627077940;8234;258;9105;9174;8.17;0.50;268.16;7.96;871;62;3157.00;69
8239;61;627077952;8239;255;9107;9175;8.25;0.50;268.19;8.03;868;62;3158.00;68
8242;61;627077964;8242;243;9108;9176;8.27;0.50;268.19;8.03;866;62;3159.00;68
8245;61;627077977;8245;237;9109;9176;8.27;0.50;268.24;8.03;864;62;3160.00;67
8250;61;627077989;8250;229;9110;9177;8.23;0.50;268.26;8.03;860;62;3161.00;67
8255;61;627078001;8255;216;9110;9177;8.19;0.50;268.27;8.03;855;62;3162.00;67
8258;61;627078013;8258;217;9110;9177;8.21;0.50;268.33;8.03;852;62;3163.00;67
8262;61;627078025;8262;208;9110;9177;8.17;0.50;268.37;8.03;848;62;3164.00;67
8266;61;627078037;8266;197;9111;9177;8.16;0.50;268.34;8.04;845;62;3165.00;66
8269;61;627078049;8269;196;9111;9177;8.22;0.50;268.32;8.04;842;62;3166.00;66
8272;61;627078061;8272;189;9111;9177;8.26;0.50;268.31;8.04;839;62;3167.00;66
8275;61;627078078;8275;201;9176;9304;8.20;0.51;268.30;7.98;901;62;3168.00;128
8276;61;627078101;8276;195;9177;9305;8.28;0.51;268.35;7.98;901;62;3169.00;128
8281;61;627078113;8281;189;9181;9305;8.36;0.52;268.33;7.98;900;62;3170.00;124
8283;61;627078127;8283;194;9187;9305;8.40;0.52;268.31;7.97;904;62;3171.00;118
8285;61;627078138;8285;188;9192;9305;8.54;0.53;268.35;8.04;907;62;3172.00;113
8287;61;627078151;8287;182;9197;9305;8.61;0.53;268.34;8.04;910;62;3173.00;108
8290;61;627078163;8290;179;9201;9305;8.65;0.53;268.33;8.04;911;62;3174.00;104
8294;61;627078175;8294;171;9206;9305;8.69;0.54;268.33;8.04;912;62;3175.00;99
8296;61;627078188;8296;176;9211;9306;8.74;0.54;268.30;8.11;915;62;3176.00;95
8299;61;627078201;8299;175;9217;9307;8.87;0.55;268.36;8.11;918;62;3177.00;90
8306;61;627078214;8306;170;9221;9307;8.86;0.54;268.50;8.18;915;62;3178.00;86
8309;61;627078227;8309;164;9223;9308;8.89;0.55;268.50;8.18;914;62;3179.00;85
8312;61;627078242;8312;165;9226;9308;8.96;0.55;268.55;8.18;914;62;3180.00;82
8316;61;627078257;8316;169;9228;9308;9.00;0.55;268.57;8.25;912;62;3181.00;80
8318;61;627078270;8318;169;9231;9308;9.04;0.55;268.59;8.26;913;62;3182.00;77
8322;61;627078283;8322;175;9234;9312;9.10;0.56;268.66;8.26;912;62;3183.00;78
8325;61;627078298;8325;179;9236;9312;9.13;0.56;268.72;8.27;911;62;3184.00;76
8329;61;627078312;8329;185;9237;9312;9.14;0.56;268.82;8.27;908;62;3185.00;75
8333;61;627078327;8333;185;9241;9315;9.22;0.56;268.96;8.28;908;62;3186.00;74
8336;61;627078341;8336;195;9242;9315;9.27;0.56;268.97;8.28;906;62;3187.00;73
8337;61;627078354;8337;197;9243;9315;9.33;0.57;269.01;8.28;906;62;3188.00;72
8340;61;627078369;8340;203;9246;9319;9.35;0.57;269.05;8.27;906;62;3189.00;73
8344;61;627078384;8344;211;9250;9320;9.42;0.57;269.04;8.30;906;62;3190.00;70
8346;61;627078407;8346;210;9251;9322;9.43;0.57;269.05;8.30;905;62;3191.00;71
8348;61;627078426;8348;219;9255;9326;9.35;0.57;269.04;8.29;907;62;3192.00;71
8351;61;627078440;8351;222;9256;9326;9.29;0.56;269.07;8.30;905;62;3193.00;70
8353;61;627078453;8353;230;9257;9326;9.22;0.56;269.10;8.32;904;62;3194.00;69
8354;61;627078465;8354;233;9260;9328;9.23;0.56;269.10;8.32;906;62;3195.00;68
8357;61;627078479;8357;234;9261;9328;9.24;0.56;269.18;8.33;904;62;3196.00;67
8359;61;627078492;8359;235;9266;9334;9.24;0.56;269.18;8.34;907;62;3197.00;68
8360;61;627078506;8360;235;9268;9334;9.16;0.56;269.20;8.35;908;62;3198.00;66
8363;61;627078518;8363;239;9270;9335;9.04;0.55;269.26;8.36;907;62;3199.00;65
8364;61;627078532;8364;238;9271;9335;8.98;0.55;269.28;8.37;907;62;3200.00;64
8366;61;627078548;8366;238;9271;9335;8.83;0.54;269.32;8.37;905;62;3201.00;64
8369;61;627078560;8369;248;9272;9335;8.75;0.53;269.36;8.38;903;62;3202.00;63
8372;61;627078571;8372;251;9274;9335;8.65;0.53;269.39;8.39;902;62;3203.00;61
8375;61;627078583;8375;263;9284;9347;8.57;0.52;269.42;8.39;909;62;3204.00;63
8377;61;627078595;8377;265;9285;9347;8.49;0.52;269.49;8.40;908;62;3205.00;62
8380;61;627078613;8380;269;9287;9347;8.42;0.52;269.52;8.40;907;62;3206.00;60
8383;61;627078624;8383;273;9288;9347;8.34;0.51;269.55;8.41;905;62;3207.00;59
8387;61;627078636;8387;281;9288;9347;8.31;0.51;269.62;8.41;901;62;3208.00;59
8391;61;627078647;8391;276;9288;9347;8.18;0.50;269.70;8.41;897;62;3209.00;59
8395;61;627078661;8395;282;9292;9351;8.05;0.49;269.69;8.42;897;62;3210.00;59
8398;61;627078672;8398;276;9292;9351;8.00;0.49;269.80;8.42;894;62;3211.00;59
8400;61;627078683;8400;281;9298;9355;8.06;0.49;269.83;8.44;898;62;3212.00;57
8402;61;627078695;8402;279;9300;9356;8.02;0.49;269.83;8.45;898;62;3213.00;56
8404;61;627078706;8404;282;9301;9356;8.00;0.49;269.86;8.45;897;62;3214.00;55
8409;61;627078716;8409;283;9304;9356;7.90;0.48;269.84;8.47;895;62;3215.00;52
8409;61;627078728;8409;288;9314;9369;7.89;0.48;269.84;8.46;905;62;3216.00;55
8411;61;627078740;8411;289;9315;9369;7.86;0.48;269.85;8.46;904;62;3217.00;54
8413;61;627078750;8413;291;9317;9369;7.85;0.48;269.86;8.47;904;62;3218.00;52
8414;61;627078767;8414;292;9318;9370;7.87;0.48;269.86;8.47;904;62;3219.00;52
8417;61;627078777;8417;299;9319;9371;7.86;0.48;269.89;8.47;902;62;3220.00;52
8421;61;627078788;8421;301;9319;9371;7.84;0.48;269.88;8.47;898;62;3221.00;52
8428;61;627078798;8428;302;9324;9374;7.80;0.48;269.90;8.49;896;62;3222.00;50
8430;61;627078809;8430;300;9324;9374;7.76;0.47;269.89;8.49;894;62;3223.00;50
8433;61;627078819;8433;304;9325;9374;7.68;0.47;269.87;8.48;892;62;3224.00;49
8438;61;627078829;8438;310;9326;9374;7.56;0.46;269.91;8.49;888;62;3225.00;48
8441;61;627078840;8441;311;9331;9380;7.42;0.45;269.91;8.49;890;62;3226.00;49
8444;61;627078851;8444;308;9332;9380;7.23;0.44;269.90;8.49;888;62;3227.00;48
8447;61;627078861;8447;317;9333;9380;7.04;0.43;269.90;8.49;886;62;3228.00;47
8450;61;627078870;8450;321;9333;9380;6.86;0.42;269.87;8.49;883;62;3229.00;47
8453;61;627078880;8453;320;9336;9384;6.75;0.41;269.84;8.49;883;62;3230.00;48
8455;61;627078890;8455;310;9337;9385;6.65;0.41;269.89;8.49;882;62;3231.00;48
8457;61;627078899;8457;313;9340;9385;6.56;0.40;269.91;8.50;883;62;3232.00;45
8461;61;627078909;8461;312;9341;9386;6.49;0.40;269.94;8.50;880;62;3233.00;45
8465;61;627078918;8465;312;9342;9386;6.46;0.39;269.97;8.50;877;62;3234.00;44
8469;61;627078928;8469;318;9342;9386;6.40;0.39;269.95;8.50;873;62;3235.00;44
8473;61;627078943;8473;317;9344;9386;6.33;0.38;269.97;8.51;871;62;3236.00;42
8475;61;627078953;8475;315;9344;9386;6.31;0.38;269.96;8.51;869;62;3237.00;42
8477;61;627078962;8477;316;9344;9386;6.34;0.39;269.96;8.51;867;62;3238.00;42
8479;61;627078973;8479;320;9345;9386;6.30;0.38;269.95;8.51;866;62;3239.00;41
8482;61;627078983;8482;319;9404;9511;6.62;0.41;269.92;8.46;922;62;3240.00;107
8487;61;627079002;8487;325;9409;9512;6.59;0.41;269.91;8.45;922;62;3241.00;103
8490;61;627079012;8490;328;9419;9512;6.65;0.41;269.92;8.45;929;62;3242.00;93
8493;61;627079023;8493;328;9422;9512;6.65;0.41;269.90;8.44;929;62;3243.00;90
8495;61;627079034;8495;326;9428;9512;6.65;0.41;269.90;8.44;933;62;3244.00;84
8497;61;627079044;8497;329;9431;9512;6.62;0.41;269.90;8.44;934;62;3245.00;81
8502;61;627079055;8502;338;9436;9512;6.63;0.41;269.87;8.44;934;62;3246.00;76
8507;61;627079067;8507;342;9439;9512;6.62;0.41;269.84;8.44;932;62;3247.00;73
8508;61;627079078;8508;348;9442;9513;6.61;0.41;269.86;8.44;934;62;3248.00;71
8511;61;627079092;8511;357;9444;9514;6.59;0.40;269.86;8.44;933;62;3249.00;70
8517;61;627079103;8517;362;9446;9514;6.49;0.40;269.81;8.44;929;62;3250.00;68
8517;61;627079115;8517;365;9451;9518;6.45;0.39;269.81;8.44;934;62;3251.00;67
8517;61;627079126;8517;365;9452;9518;6.39;0.39;269.81;8.44;935;62;3252.00;66
8517;61;627079137;8517;371;9453;9518;6.36;0.39;269.81;8.44;936;62;3253.00;65
8517;61;627079150;8517;379;9454;9518;6.35;0.39;269.81;8.44;937;62;3254.00;64
8523;61;627079161;8523;379;9459;9524;6.24;0.38;269.83;8.44;936;62;3255.00;65
8525;61;627079173;8525;380;9461;9524;6.16;0.38;269.87;8.51;936;62;3256.00;63
8526;61;627079185;8526;382;9461;9524;6.17;0.38;269.94;8.51;935;62;3257.00;63
8531;61;627079196;8531;383;9463;9527;6.19;0.38;270.01;8.51;932;62;3258.00;64
8534;61;627079214;8534;371;9464;9527;6.14;0.38;270.00;8.51;930;62;3259.00;63
8537;61;627079232;8537;363;9465;9527;6.16;0.38;269.99;8.51;928;62;3260.00;62
8540;61;627079244;8540;355;9465;9528;6.15;0.38;269.96;8.51;925;62;3261.00;63
8543;61;627079256;8543;347;9466;9529;6.18;0.38;269.97;8.51;923;62;3262.00;63
8546;61;627079268;8546;344;9466;9529;6.22;0.38;269.92;8.51;920;62;3263.00;63
8549;61;627079279;8549;346;9476;9542;6.37;0.39;269.96;8.50;927;62;3264.00;66
8554;61;627079292;8554;344;9476;9542;6.43;0.40;270.00;8.50;922;62;3265.00;66
8556;61;627079305;8556;342;9477;9542;6.45;0.40;269.98;8.50;921;62;3266.00;65
8560;61;627079316;8560;339;9478;9543;6.52;0.40;269.96;8.50;918;62;3267.00;65
8563;61;627079328;8563;341;9478;9543;6.57;0.40;269.99;8.50;915;62;3268.00;65
8568;61;627079340;8568;340;9481;9547;6.57;0.40;269.92;8.50;913;62;3269.00;66
8572;61;627079354;8572;337;9481;9547;6.59;0.40;269.88;8.50;909;62;3270.00;66
8575;61;627079366;8575;335;9486;9551;6.65;0.41;269.82;8.57;911;62;3271.00;65
8578;61;627079383;8578;334;9486;9551;6.66;0.41;269.78;8.57;908;62;3272.00;65
8580;61;627079404;8580;335;9487;9551;6.69;0.41;269.78;8.64;907;62;3273.00;64
8581;61;627079425;8581;340;9487;9551;6.70;0.41;269.77;8.64;906;62;3274.00;64
8582;61;627079443;8582;335;9487;9551;6.75;0.41;269.74;8.64;905;62;3275.00;64
8583;61;627079460;8583;337;9498;9563;6.83;0.42;269.73;8.70;915;62;3276.00;65
8584;61;627079479;8584;322;9498;9563;6.82;0.41;269.73;8.70;914;62;3277.00;65
8584;61;627079493;8584;319;9499;9563;6.86;0.42;269.73;8.70;915;62;3278.00;64
8588;61;627079506;8588;323;9499;9563;6.90;0.42;269.72;8.70;911;62;3279.00;64
8589;61;627079520;8589;321;9499;9563;7.02;0.43;269.72;8.70;910;62;3280.00;64
8591;61;627079534;8591;308;9500;9563;7.13;0.43;269.81;8.77;909;62;3281.00;63
8594;61;627079548;8594;308;9500;9564;7.24;0.44;269.90;8.77;906;62;3282.00;64
8598;61;627079562;8598;316;9500;9564;7.34;0.45;269.94;8.77;902;62;3283.00;64
8601;61;627079576;8601;316;9504;9570;7.49;0.46;269.97;8.77;903;62;3284.00;66
8605;61;627079590;8605;317;9506;9572;7.50;0.46;270.05;8.76;901;62;3285.00;66
8607;61;627079610;8607;305;9507;9572;7.58;0.46;270.03;8.76;900;62;3286.00;65
8609;61;627079623;8609;297;9507;9572;7.61;0.46;270.05;8.76;898;62;3287.00;65
8610;61;627079643;8610;286;9510;9576;7.70;0.47;270.07;8.76;900;62;3288.00;66
8614;61;627079665;8614;282;9510;9576;7.78;0.47;270.11;8.76;896;62;3289.00;66
8615;61;627079678;8615;281;9510;9576;7.88;0.48;270.14;8.76;895;62;3290.00;66
8618;61;627079691;8618;279;9511;9577;8.02;0.49;270.11;8.76;893;62;3291.00;66
8620;61;627079711;8620;276;9514;9581;8.12;0.49;270.14;8.76;894;62;3292.00;67
8623;61;627079724;8623;278;9514;9581;8.15;0.50;270.16;8.76;891;62;3293.00;67
8627;61;627079739;8627;279;9516;9584;8.19;0.50;270.29;8.76;889;62;3294.00;68
8628;61;627079754;8628;282;9516;9584;8.23;0.50;270.29;8.76;888;62;3295.00;68
8632;61;627079767;8632;288;9517;9584;8.23;0.50;270.26;8.75;885;62;3296.00;67
8635;61;627079780;8635;288;9517;9584;8.18;0.50;270.35;8.75;882;62;3297.00;67
8638;61;627079795;8638;284;9520;9588;8.18;0.50;270.31;8.75;882;62;3298.00;68
8642;61;627079808;8642;278;9520;9588;8.16;0.50;270.38;8.75;878;62;3299.00;68
8645;61;627079824;8645;284;9524;9607;8.16;0.50;270.44;8.75;879;62;3300.00;83
8647;61;627079845;8647;280;9524;9607;8.19;0.50;270.46;8.75;877;62;3301.00;83
8650;61;627079857;8650;277;9525;9608;8.14;0.50;270.48;8.75;875;62;3302.00;83
8651;61;627079870;8651;275;9526;9609;8.16;0.50;270.46;8.75;875;62;3303.00;83
8654;61;627079889;8654;272;9526;9609;8.15;0.50;270.47;8.75;872;62;3304.00;83
8659;61;627079902;8659;273;9528;9610;8.10;0.49;270.47;8.75;869;62;3305.00;82
8661;61;627079915;8661;269;9528;9610;8.09;0.49;270.47;8.75;867;62;3306.00;82
8666;61;627079933;8666;275;9529;9610;8.09;0.49;270.53;8.75;863;62;3307.00;81
8668;61;627079946;8668;273;9529;9610;8.07;0.49;270.54;8.75;861;62;3308.00;81
8671;61;627079958;8671;274;9529;9610;8.03;0.49;270.55;8.75;858;62;3309.00;81
8673;61;627079971;8673;280;9529;9610;7.99;0.49;270.60;8.75;856;62;3310.00;81
8676;61;627079983;8676;286;9530;9610;7.98;0.48;270.63;8.75;854;62;3311.00;80
8678;61;627079994;8678;302;9598;9737;8.01;0.49;270.63;8.68;920;62;3312.00;139
8679;61;627080016;8679;300;9603;9738;7.99;0.49;270.63;8.68;924;62;3313.00;135
8682;61;627080028;8682;299;9606;9738;8.05;0.50;270.71;8.68;924;62;3314.00;132
8686;61;627080041;8686;295;9609;9738;8.10;0.50;270.71;8.68;923;62;3315.00;129
8687;61;627080054;8687;298;9612;9738;8.18;0.50;270.73;8.68;925;62;3316.00;126
8689;61;627080067;8689;300;9614;9738;8.23;0.51;270.76;8.68;925;62;3317.00;124
8689;61;627080079;8689;294;9616;9738;8.27;0.51;270.76;8.68;927;62;3318.00;122
8691;61;627080093;8691;302;9619;9738;8.23;0.51;270.77;8.68;928;62;3319.00;119
8695;61;627080106;8695;298;9622;9739;8.18;0.50;270.78;8.68;927;62;3320.00;117
8699;61;627080119;8699;306;9624;9740;8.15;0.50;270.78;8.68;925;62;3321.00;116
8700;61;627080131;8700;302;9627;9740;8.16;0.50;270.77;8.68;927;62;3322.00;113
8707;61;627080144;8707;301;9629;9741;8.09;0.50;270.75;8.68;922;62;3323.00;112
8709;61;627080157;8709;301;9632;9741;8.07;0.49;270.80;8.68;923;62;3324.00;109
8711;61;627080176;8711;300;9635;9741;8.07;0.49;270.80;8.68;924;62;3325.00;106
8713;61;627080189;8713;298;9638;9741;8.07;0.50;270.84;8.75;925;62;3326.00;103
8716;61;627080203;8716;293;9640;9745;8.10;0.50;270.84;8.75;924;62;3327.00;105
8718;61;627080216;8718;297;9643;9745;8.09;0.50;270.82;8.76;925;62;3328.00;102
8719;61;627080228;8719;289;9644;9745;8.07;0.49;270.81;8.76;925;62;3329.00;101
8724;61;627080242;8724;282;9649;9751;7.98;0.49;270.82;8.82;925;62;3330.00;102
8727;61;627080256;8727;283;9649;9751;7.87;0.48;270.85;8.82;922;62;3331.00;102
8728;61;627080269;8728;269;9651;9751;7.79;0.48;270.86;8.83;923;62;3332.00;100
8734;61;627080281;8734;263;9656;9755;7.65;0.47;270.85;8.89;922;62;3333.00;99
8737;61;627080302;8737;263;9658;9756;7.59;0.46;270.83;8.89;921;62;3334.00;98
8740;61;627080315;8740;256;9661;9756;7.57;0.46;270.85;8.97;921;62;3335.00;95
8740;61;627080328;8740;252;9665;9760;7.62;0.46;270.85;8.98;925;62;3336.00;95
8744;61;627080340;8744;252;9666;9760;7.65;0.46;270.83;9.04;922;62;3337.00;94
8747;61;627080353;8747;253;9666;9760;7.69;0.47;270.85;9.04;919;62;3338.00;94
8751;61;627080366;8751;255;9670;9761;7.78;0.47;270.87;9.04;919;62;3339.00;91
8754;61;627080379;8754;252;9670;9761;7.85;0.48;270.96;9.04;916;62;3340.00;91
8756;61;627080392;8756;251;9675;9767;7.92;0.48;271.04;9.11;919;62;3341.00;92
8757;61;627080406;8757;244;9675;9767;7.98;0.48;271.04;9.11;918;62;3342.00;92
8760;61;627080418;8760;243;9677;9768;8.07;0.49;271.04;9.16;917;62;3343.00;91
8763;61;627080430;8763;236;9677;9768;8.12;0.49;271.05;9.16;914;62;3344.00;91
8764;61;627080442;8764;234;9678;9768;8.17;0.50;271.04;9.17;914;62;3345.00;90
8766;61;627080454;8766;233;9679;9768;8.24;0.50;271.06;9.21;913;62;3346.00;89
8769;61;627080466;8769;236;9680;9768;8.28;0.50;271.05;9.22;911;62;3347.00;88
8772;61;627080479;8772;238;9690;9780;8.37;0.51;271.04;9.21;918;62;3348.00;90
8774;61;627080492;8774;240;9694;9780;8.40;0.51;271.07;9.22;920;62;3349.00;86
8776;61;627080504;8776;241;9696;9780;8.37;0.51;271.06;9.22;920;62;3350.00;84
8779;61;627080516;8779;246;9699;9780;8.38;0.51;271.03;9.22;920;62;3351.00;81
8783;61;627080528;8783;253;9701;9780;8.36;0.51;271.02;9.23;918;62;3352.00;79
8786;61;627080553;8786;247;9702;9780;8.35;0.51;271.13;9.23;916;62;3353.00;78
8788;61;627080584;8788;249;9706;9784;8.30;0.50;271.12;9.22;918;62;3354.00;78
8791;61;627080614;8791;251;9707;9784;8.35;0.51;271.17;9.22;916;62;3355.00;77
8796;61;627080637;8796;248;9710;9788;8.35;0.51;271.20;9.22;914;62;3356.00;78
8799;61;627080652;8799;250;9711;9789;8.37;0.51;271.26;9.22;912;62;3357.00;78
8802;61;627080667;8802;253;9712;9789;8.40;0.51;271.29;9.22;910;62;3358.00;77
8807;61;627080680;8807;259;9714;9789;8.37;0.51;271.37;9.24;907;62;3359.00;75
8808;61;627080702;8808;266;9733;9818;8.30;0.50;271.38;9.23;925;62;3360.00;85
8811;61;627080718;8811;263;9734;9818;8.24;0.50;271.44;9.22;923;62;3361.00;84
8814;61;627080732;8814;268;9739;9818;8.25;0.50;271.57;9.25;925;62;3362.00;79
8817;61;627080748;8817;278;9742;9819;8.24;0.50;271.59;9.24;925;62;3363.00;77
8820;61;627080770;8820;283;9744;9820;8.17;0.50;271.62;9.27;924;62;3364.00;76
8821;61;627080783;8821;295;9744;9820;8.12;0.49;271.66;9.27;923;62;3365.00;76
8824;61;627080797;8824;302;9749;9823;8.10;0.49;271.70;9.28;925;62;3366.00;74
8825;61;627080810;8825;309;9749;9823;8.06;0.49;271.71;9.28;924;62;3367.00;74
8829;61;627080824;8829;318;9751;9823;8.00;0.49;271.69;9.31;922;62;3368.00;72
8832;61;627080838;8832;321;9751;9823;7.99;0.49;271.70;9.31;919;62;3369.00;72
8833;61;627080853;8833;330;9757;9829;8.01;0.49;271.69;9.32;924;62;3370.00;72
8836;61;627080867;8836;325;9759;9829;7.94;0.48;271.69;9.33;923;62;3371.00;70
8837;61;627080880;8837;325;9760;9829;7.84;0.48;271.67;9.34;923;62;3372.00;69
8839;61;627080899;8839;327;9761;9829;7.74;0.47;271.66;9.35;922;62;3373.00;68
8843;61;627080914;8843;336;9765;9833;7.59;0.46;271.72;9.36;922;62;3374.00;68
8845;61;627080928;8845;332;9768;9835;7.56;0.46;271.70;9.36;923;62;3375.00;67
8846;61;627080942;8846;339;9769;9835;7.48;0.46;271.73;9.37;923;62;3376.00;66
8848;61;627080954;8848;347;9771;9836;7.33;0.45;271.69;9.38;923;62;3377.00;65
8849;61;627080966;8849;353;9772;9836;7.16;0.44;271.68;9.38;923;62;3378.00;64
8851;61;627080979;8851;353;9772;9836;7.08;0.43;271.65;9.38;921;62;3379.00;64
8853;61;627080991;8853;350;9773;9836;6.97;0.43;271.61;9.39;920;62;3380.00;63
8853;61;627081002;8853;341;9773;9836;6.94;0.43;271.61;9.39;920;62;3381.00;63
8856;61;627081014;8856;337;9774;9836;6.93;0.43;271.56;9.39;918;62;3382.00;62
8858;61;627081025;8858;341;9778;9836;6.90;0.42;271.54;9.42;920;62;3383.00;58
8860;61;627081038;8860;350;9816;9906;7.09;0.44;271.52;9.38;956;62;3384.00;90
8862;61;627081058;8862;351;9819;9907;7.04;0.43;271.48;9.40;957;62;3385.00;88
8867;61;627081071;8867;351;9828;9907;7.08;0.43;271.52;9.39;961;62;3386.00;79
8867;61;627081084;8867;356;9836;9907;7.04;0.43;271.52;9.39;969;62;3387.00;71
8871;61;627081097;8871;360;9841;9907;7.02;0.43;271.45;9.39;970;62;3388.00;66
8872;61;627081111;8872;368;9846;9907;7.01;0.43;271.45;9.39;974;62;3389.00;61
8872;61;627081126;8872;369;9849;9907;6.98;0.43;271.45;9.39;977;62;3390.00;58
8875;61;627081138;8875;378;9851;9907;6.86;0.42;271.44;9.39;976;62;3391.00;56
8879;61;627081150;8879;382;9852;9908;6.79;0.42;271.38;9.39;973;62;3392.00;56
8882;61;627081164;8882;394;9854;9909;6.65;0.41;271.35;9.40;972;62;3393.00;55
8884;61;627081177;8884;392;9854;9909;6.53;0.40;271.32;9.40;970;62;3394.00;55
8890;61;627081189;8890;403;9860;9913;6.38;0.39;271.29;9.41;970;62;3395.00;53
8892;61;627081202;8892;410;9860;9913;6.25;0.38;271.24;9.41;968;62;3396.00;53
8894;61;627081221;8894;419;9860;9913;6.09;0.37;271.23;9.41;966;62;3397.00;53
8901;61;627081233;8901;433;9861;9913;5.87;0.36;271.11;9.41;960;62;3398.00;52
8902;61;627081244;8902;439;9866;9919;5.80;0.36;271.13;9.41;964;62;3399.00;53
8906;61;627081258;8906;432;9867;9919;5.68;0.35;271.13;9.41;961;62;3400.00;52
8908;61;627081275;8908;431;9867;9919;5.60;0.34;271.18;9.41;959;62;3401.00;52
8909;61;627081288;8909;438;9869;9922;5.52;0.34;271.19;9.41;960;62;3402.00;53
8910;61;627081299;8910;435;9869;9922;5.46;0.34;271.21;9.41;959;62;3403.00;53
8913;61;627081310;8913;444;9869;9922;5.37;0.33;271.23;9.41;956;62;3404.00;53
8917;61;627081323;8917;445;9869;9923;5.32;0.33;271.24;9.41;952;62;3405.00;54
8917;61;627081335;8917;451;9870;9924;5.35;0.33;271.24;9.41;953;62;3406.00;54
8919;61;627081347;8919;450;9871;9924;5.41;0.33;271.27;9.41;952;62;3407.00;53
8924;61;627081360;8924;451;9881;9937;5.54;0.34;271.27;9.40;957;62;3408.00;56
8928;61;627081378;8928;448;9881;9937;5.60;0.34;271.23;9.40;953;62;3409.00;56
8930;61;627081396;8930;446;9883;9937;5.63;0.34;271.26;9.40;953;62;3410.00;54
8935;61;627081413;8935;431;9884;9938;5.70;0.35;271.27;9.40;949;62;3411.00;54
8937;61;627081432;8937;413;9884;9938;5.83;0.36;271.29;9.40;947;62;3412.00;54
8937;61;627081449;8937;408;9887;9942;5.94;0.36;271.29;9.40;950;62;3413.00;55
8941;61;627081466;8941;405;9887;9942;5.97;0.36;271.32;9.40;946;62;3414.00;55
8945;61;627081484;8945;400;9891;9946;6.05;0.37;271.31;9.39;946;62;3415.00;55
8947;62;627081500;8947;388;9891;9946;6.14;0.38;271.30;9.39;944;63;3416.00;55
8950;62;627081536;8950;377;9891;9946;6.17;0.38;271.31;9.39;941;63;3417.00;55
8955;62;627081551;8955;369;9891;9946;6.26;0.38;271.30;9.39;936;63;3418.00;55
8959;62;627081567;8959;363;9891;9946;6.30;0.38;271.26;9.39;932;63;3419.00;55
8964;62;627081586;8964;359;9920;9980;6.42;0.39;271.31;9.37;956;63;3420.00;60
8965;62;627081605;8965;350;9920;9980;6.47;0.40;271.33;9.37;955;63;3421.00;60
8967;62;627081620;8967;344;9920;9980;6.53;0.40;271.31;9.37;953;63;3422.00;60
8969;62;627081637;8969;343;9920;9980;6.57;0.40;271.35;9.37;951;63;3423.00;60
8974;62;627081651;8974;344;9920;9980;6.59;0.40;271.33;9.37;946;63;3424.00;60
8977;62;627081667;8977;344;9920;9980;6.69;0.41;271.29;9.37;943;63;3425.00;60
8980;62;627081683;8980;339;9920;9981;6.77;0.41;271.31;9.37;940;63;3426.00;61
8984;62;627081698;8984;336;9920;9981;6.81;0.42;271.30;9.37;936;63;3427.00;61
8985;62;627081714;8985;332;9924;9987;6.94;0.42;271.33;9.36;939;63;3428.00;63
8989;62;627081731;8989;337;9925;9988;7.01;0.43;271.45;9.36;936;63;3429.00;63
8992;62;627081747;8992;334;9926;9988;7.07;0.43;271.46;9.36;934;63;3430.00;62
8994;62;627081762;8994;334;9926;9988;7.08;0.43;271.50;9.36;932;63;3431.00;62
9000;62;627081782;9000;338;9929;9992;7.10;0.43;271.56;9.36;929;63;3432.00;63
9005;62;627081799;9005;337;9929;9992;7.11;0.43;271.58;9.36;924;63;3433.00;63
9008;62;627081816;9008;341;9929;9992;7.16;0.44;271.61;9.36;921;63;3434.00;63
9012;62;627081832;9012;338;9930;9993;7.20;0.44;271.56;9.36;918;63;3435.00;63
9014;62;627081850;9014;338;9933;9997;7.30;0.44;271.59;9.36;919;63;3436.00;64
9018;62;627081867;9018;339;9933;9997;7.33;0.45;271.56;9.36;915;63;3437.00;64
9021;62;627081882;9021;337;9935;10000;7.38;0.45;271.53;9.35;914;63;3438.00;65
9025;62;627081899;9025;338;9936;10000;7.38;0.45;271.57;9.35;911;63;3439.00;64
9029;62;627081915;9029;338;9936;10000;7.32;0.45;271.65;9.35;907;63;3440.00;64
9033;62;627081931;9033;337;9936;10000;7.20;0.44;271.73;9.35;903;63;3441.00;64
9034;62;627081945;9034;339;9939;10004;7.22;0.44;271.72;9.35;905;63;3442.00;65
9039;62;627081960;9039;339;9939;10004;7.16;0.44;271.78;9.35;900;63;3443.00;65
9042;62;627081978;9042;341;9940;10004;7.16;0.44;271.83;9.35;898;63;3444.00;64
9047;62;627081994;9047;346;9940;10004;7.09;0.43;271.86;9.35;893;63;3445.00;64
9051;62;627082015;9051;353;9940;10005;7.00;0.43;271.95;9.35;889;63;3446.00;65
9054;62;627082032;9054;336;9941;10006;6.94;0.42;271.94;9.35;887;63;3447.00;65
9057;62;627082047;9057;333;9941;10006;6.89;0.42;271.96;9.35;884;63;3448.00;65
9059;62;627082063;9059;330;9942;10007;6.89;0.42;272.00;9.35;883;63;3449.00;65
9061;62;627082081;9061;331;9943;10007;6.93;0.42;272.04;9.40;882;63;3450.00;64
9063;62;627082098;9063;329;9943;10007;6.99;0.43;272.08;9.40;880;63;3451.00;64
9066;62;627082114;9066;322;9943;10007;7.06;0.43;272.21;9.40;877;63;3452.00;64
9070;62;627082131;9070;325;9943;10007;7.08;0.43;272.22;9.40;873;63;3453.00;64
9074;62;627082146;9074;323;9943;10007;7.08;0.43;272.21;9.40;869;63;3454.00;64
9076;62;627082161;9076;328;9943;10007;7.09;0.43;272.23;9.40;867;63;3455.00;64
9078;62;627082184;9078;334;10014;10134;7.33;0.45;272.27;9.34;936;63;3456.00;120
9082;62;627082212;9082;309;10016;10135;7.42;0.46;272.27;9.34;934;63;3457.00;119
9086;62;627082231;9086;287;10023;10135;7.59;0.47;272.37;9.33;937;63;3458.00;112
9088;62;627082250;9088;270;10025;10135;7.71;0.47;272.40;9.33;937;63;3459.00;110
9091;62;627082267;9091;256;10029;10135;7.88;0.49;272.42;9.33;938;63;3460.00;106
9093;62;627082284;9093;250;10030;10135;7.99;0.49;272.48;9.33;937;63;3461.00;105
9098;62;627082300;9098;245;10033;10135;8.07;0.49;272.48;9.33;935;63;3462.00;102
9100;62;627082328;9100;248;10034;10135;8.09;0.50;272.50;9.33;934;63;3463.00;101
9103;62;627082345;9103;247;10040;10136;8.13;0.50;272.54;9.33;937;63;3464.00;96
9104;62;627082361;9104;256;10042;10138;8.09;0.50;272.56;9.32;938;63;3465.00;96
9105;62;627082379;9105;265;10047;10138;8.14;0.50;272.58;9.33;942;63;3466.00;91
9108;62;627082397;9108;264;10051;10139;8.08;0.50;272.63;9.33;943;63;3467.00;88
9110;62;627082414;9110;264;10055;10139;8.11;0.50;272.65;9.33;945;63;3468.00;84
9113;62;627082437;9113;266;10059;10139;8.12;0.50;272.69;9.38;946;63;3469.00;80
9116;62;627082454;9116;260;10061;10139;8.13;0.50;272.71;9.39;945;63;3470.00;78
9117;62;627082469;9117;256;10064;10143;8.14;0.50;272.73;9.38;947;63;3471.00;79
9119;62;627082484;9119;253;10065;10143;8.13;0.50;272.71;9.38;946;63;3472.00;78
9121;62;627082499;9121;257;10066;10143;8.15;0.50;272.70;9.39;945;63;3473.00;77
9123;62;627082512;9123;257;10068;10146;8.16;0.50;272.69;9.38;945;63;3474.00;78
9128;62;627082530;9128;259;10069;10146;8.19;0.50;272.80;9.38;941;63;3475.00;77
9131;62;627082544;9131;253;10069;10146;8.18;0.50;272.83;9.38;938;63;3476.00;77
9134;62;627082558;9134;249;10073;10150;8.19;0.50;272.83;9.38;939;63;3477.00;77
9135;62;627082573;9135;251;10075;10151;8.24;0.50;272.80;9.38;940;63;3478.00;76
9136;62;627082588;9136;254;10075;10151;8.25;0.50;272.80;9.38;939;63;3479.00;76
9138;62;627082605;9138;255;10080;10156;8.30;0.51;272.79;9.38;942;63;3480.00;76
9140;62;627082620;9140;255;10080;10156;8.27;0.51;272.81;9.38;940;63;3481.00;76
9140;62;627082637;9140;258;10080;10156;8.29;0.51;272.81;9.38;940;63;3482.00;76
9140;62;627082653;9140;257;10081;10157;8.28;0.51;272.81;9.38;941;63;3483.00;76
9142;62;627082668;9142;263;10081;10157;8.21;0.50;272.81;9.38;939;63;3484.00;76
9145;62;627082683;9145;262;10085;10163;8.14;0.50;272.81;9.37;940;63;3485.00;78
9146;62;627082699;9146;258;10085;10163;8.12;0.49;272.79;9.37;939;63;3486.00;78
9149;62;627082712;9149;269;10086;10164;8.13;0.49;272.80;9.37;937;63;3487.00;78
9152;62;627082726;9152;268;10086;10164;8.03;0.49;272.87;9.37;934;63;3488.00;78
9154;62;627082740;9154;273;10086;10164;7.95;0.48;272.85;9.37;932;63;3489.00;78
9157;62;627082754;9157;271;10086;10164;7.88;0.48;272.82;9.37;929;63;3490.00;78
9160;62;627082767;9160;265;10086;10164;7.84;0.48;272.80;9.37;926;63;3491.00;78
9162;62;627082781;9162;259;10097;10176;7.81;0.47;272.76;9.42;935;63;3492.00;79
9164;62;627082797;9164;256;10098;10176;7.84;0.48;272.83;9.42;934;63;3493.00;78
9165;62;627082809;9165;257;10098;10176;7.82;0.48;272.85;9.42;933;63;3494.00;78
9167;62;627082824;9167;251;10098;10176;7.79;0.47;272.88;9.42;931;63;3495.00;78
9169;62;627082837;9169;242;10098;10176;7.82;0.48;272.88;9.42;929;63;3496.00;78
9172;62;627082850;9172;243;10098;10176;7.83;0.48;272.92;9.42;926;63;3497.00;78
9174;62;627082864;9174;240;10101;10180;7.78;0.47;273.01;9.42;927;63;3498.00;79
9176;62;627082876;9176;231;10101;10180;7.78;0.47;273.04;9.42;925;63;3499.00;79
9181;62;627082889;9181;232;10104;10184;7.75;0.47;273.05;9.42;923;63;3500.00;80
9184;62;627082907;9184;229;10106;10185;7.68;0.47;273.09;9.41;922;63;3501.00;79
9185;62;627082921;9185;217;10106;10185;7.60;0.46;273.07;9.41;921;63;3502.00;79
9190;63;627082934;9190;209;10106;10185;7.51;0.46;273.08;9.41;916;64;3503.00;79
9194;63;627082965;9194;217;10117;10198;7.33;0.45;273.14;9.43;923;64;3504.00;81
9195;63;627082981;9195;205;10117;10198;7.33;0.45;273.16;9.43;922;64;3505.00;81
9202;63;627082994;9202;204;10118;10198;7.33;0.45;273.27;9.43;916;64;3506.00;80
9205;63;627083006;9205;202;10119;10199;7.36;0.45;273.31;9.43;914;64;3507.00;80
9211;63;627083019;9211;202;10120;10200;7.34;0.45;273.32;9.49;909;64;3508.00;80
9214;63;627083034;9214;196;10120;10200;7.39;0.45;273.30;9.49;906;64;3509.00;80
9216;63;627083051;9216;188;10123;10206;7.41;0.45;273.35;9.49;907;64;3510.00;83
9219;63;627083067;9219;184;10124;10206;7.46;0.45;273.33;9.49;905;64;3511.00;82
9223;63;627083080;9223;182;10125;10206;7.43;0.45;273.32;9.49;902;64;3512.00;81
9227;63;627083094;9227;197;10125;10206;7.52;0.45;273.37;9.49;898;64;3513.00;81
9228;63;627083106;9228;191;10130;10212;7.63;0.46;273.36;9.55;902;64;3514.00;82
9232;63;627083127;9232;188;10130;10212;7.67;0.46;273.42;9.55;898;64;3515.00;82
9235;63;627083141;9235;187;10131;10212;7.65;0.46;273.50;9.55;896;64;3516.00;81
9236;63;627083162;9236;190;10133;10212;7.59;0.46;273.50;9.61;897;64;3517.00;79
9238;63;627083178;9238;193;10137;10216;7.57;0.46;273.53;9.60;899;64;3518.00;79
9241;63;627083193;9241;196;10140;10219;7.49;0.45;273.53;9.60;899;64;3519.00;79
9243;63;627083206;9243;197;10140;10219;7.46;0.45;273.57;9.60;897;64;3520.00;79
9246;63;627083219;9246;204;10142;10220;7.40;0.45;273.54;9.66;896;64;3521.00;78
9247;63;627083233;9247;210;10143;10220;7.33;0.44;273.57;9.67;896;64;3522.00;77
9248;63;627083246;9248;209;10144;10220;7.29;0.44;273.57;9.69;896;64;3523.00;76
9249;63;627083260;9249;218;10144;10220;7.28;0.44;273.57;9.69;895;64;3524.00;76
9250;63;627083276;9250;223;10145;10220;7.32;0.45;273.56;9.70;895;64;3525.00;75
9253;63;627083290;9253;231;10146;10220;7.29;0.44;273.61;9.71;893;64;3526.00;74
9253;63;627083304;9253;237;10147;10220;7.32;0.45;273.61;9.72;894;64;3527.00;73
9257;63;627083317;9257;245;10184;10290;7.50;0.46;273.58;9.69;927;64;3528.00;106
9258;63;627083338;9258;257;10186;10291;7.50;0.46;273.58;9.70;928;64;3529.00;105
9260;63;627083359;9260;254;10193;10291;7.52;0.46;273.55;9.70;933;64;3530.00;98
9264;63;627083377;9264;255;10200;10291;7.46;0.45;273.54;9.70;936;64;3531.00;91
9265;63;627083395;9265;256;10203;10291;7.46;0.45;273.53;9.71;938;64;3532.00;88
9268;63;627083416;9268;256;10207;10291;7.42;0.45;273.47;9.72;939;64;3533.00;84
9269;63;627083443;9269;256;10213;10291;7.46;0.45;273.45;9.73;944;64;3534.00;78
9271;63;627083470;9271;261;10216;10291;7.45;0.45;273.42;9.74;945;64;3535.00;75
9273;63;627083493;9273;262;10220;10292;7.42;0.45;273.37;9.75;947;64;3536.00;72
9276;63;627083513;9276;262;10221;10293;7.38;0.45;273.32;9.75;945;64;3537.00;72
9279;63;627083529;9279;265;10224;10293;7.33;0.45;273.37;9.76;945;64;3538.00;69
9280;63;627083544;9280;271;10227;10297;7.22;0.44;273.34;9.76;947;64;3539.00;70
9280;63;627083561;9280;269;10229;10297;7.12;0.44;273.34;9.78;949;64;3540.00;68
9282;63;627083586;9282;272;10230;10297;7.01;0.43;273.32;9.79;948;64;3541.00;67
9283;63;627083600;9283;277;10231;10297;6.95;0.43;273.30;9.80;948;64;3542.00;66
9283;63;627083615;9283;286;10235;10303;6.96;0.43;273.30;9.79;952;64;3543.00;68
9283;63;627083630;9283;300;10237;10303;6.89;0.42;273.30;9.80;954;64;3544.00;66
9284;63;627083646;9284;310;10238;10303;6.79;0.42;273.28;9.80;954;64;3545.00;65
9286;63;627083661;9286;323;10241;10306;6.70;0.41;273.23;9.81;955;64;3546.00;65
9286;63;627083675;9286;327;10241;10306;6.58;0.40;273.23;9.81;955;64;3547.00;65
9288;63;627083700;9288;332;10244;10306;6.46;0.40;273.21;9.82;956;64;3548.00;62
9291;63;627083714;9291;336;10245;10307;6.36;0.39;273.18;9.82;954;64;3549.00;62
9293;63;627083729;9293;335;10247;10308;6.31;0.39;273.17;9.83;954;64;3550.00;61
9294;63;627083744;9294;338;10247;10308;6.25;0.38;273.15;9.83;953;64;3551.00;61
9295;63;627083758;9295;339;10259;10321;6.26;0.38;273.14;9.82;964;64;3552.00;62
9297;63;627083780;9297;344;10260;10321;6.25;0.38;273.12;9.83;963;64;3553.00;61
9300;63;627083832;9300;340;10261;10321;6.21;0.38;273.09;9.83;961;64;3554.00;60
9301;63;627083848;9301;347;10264;10323;6.21;0.38;273.07;9.84;963;64;3555.00;59
9304;63;627083863;9304;351;10264;10323;6.24;0.38;273.02;9.84;960;64;3556.00;59
9305;63;627083877;9305;355;10267;10327;6.28;0.38;273.01;9.83;962;64;3557.00;60
9306;63;627083892;9306;358;10268;10327;6.22;0.38;272.99;9.84;962;64;3558.00;59
9307;63;627083908;9307;357;10272;10331;6.22;0.38;273.00;9.84;965;64;3559.00;59
9310;63;627083927;9310;362;10275;10331;6.12;0.37;272.96;9.86;965;64;3560.00;56
9311;63;627083942;9311;372;10275;10331;6.05;0.37;272.93;9.86;964;64;3561.00;56
9316;63;627083961;9316;380;10276;10331;5.88;0.36;272.96;9.87;960;64;3562.00;55
9319;63;627083976;9319;375;10276;10331;5.75;0.35;272.94;9.87;957;64;3563.00;55
9321;63;627083990;9321;366;10289;10343;5.77;0.35;272.94;9.88;968;64;3564.00;54
9325;63;627084004;9325;364;10289;10343;5.70;0.35;272.93;9.88;964;64;3565.00;54
9327;63;627084018;9327;358;10290;10343;5.66;0.34;272.92;9.88;963;64;3566.00;53
9331;63;627084031;9331;356;10291;10343;5.55;0.34;272.89;9.88;960;64;3567.00;52
9334;63;627084045;9334;355;10291;10343;5.44;0.33;272.89;9.88;957;64;3568.00;52
9335;63;627084058;9335;360;10294;10343;5.33;0.32;272.88;9.89;959;64;3569.00;49
9337;63;627084081;9337;351;10294;10344;5.26;0.32;272.89;9.89;957;64;3570.00;50
9338;63;627084097;9338;351;10295;10344;5.22;0.32;272.91;9.90;957;64;3571.00;49
9340;63;627084107;9340;350;10300;10350;5.23;0.32;272.91;9.89;960;64;3572.00;50
9344;63;627084125;9344;346;10302;10351;5.27;0.32;272.89;9.89;958;64;3573.00;49
9345;63;627084136;9345;351;10303;10351;5.32;0.32;272.88;9.90;958;64;3574.00;48
9347;63;627084147;9347;346;10303;10351;5.36;0.33;272.88;9.90;956;64;3575.00;48
9350;63;627084159;9350;343;10307;10355;5.43;0.33;272.91;9.90;957;64;3576.00;48
9350;63;627084171;9350;342;10308;10355;5.56;0.34;272.91;9.90;958;64;3577.00;47
9352;63;627084182;9352;337;10308;10355;5.63;0.34;272.95;9.90;956;64;3578.00;47
9354;63;627084194;9354;343;10309;10356;5.76;0.35;272.95;9.90;955;64;3579.00;47
9355;63;627084206;9355;340;10312;10360;5.87;0.36;272.95;9.89;957;64;3580.00;48
9356;63;627084218;9356;336;10312;10360;5.96;0.36;272.96;9.89;956;64;3581.00;48
9357;63;627084229;9357;329;10314;10363;6.03;0.37;272.98;9.89;957;64;3582.00;49
9361;63;627084241;9361;328;10314;10363;6.08;0.37;272.99;9.89;953;64;3583.00;49
9363;63;627084254;9363;324;10315;10363;6.18;0.38;273.04;9.89;952;64;3584.00;48
9365;63;627084267;9365;321;10315;10363;6.23;0.38;273.04;9.89;950;64;3585.00;48
9369;63;627084278;9369;318;10318;10367;6.30;0.38;273.00;9.89;949;64;3586.00;49
9373;63;627084291;9373;316;10318;10367;6.34;0.38;273.03;9.89;945;64;3587.00;49
9376;63;627084303;9376;313;10319;10367;6.35;0.39;273.01;9.89;943;64;3588.00;48
9379;63;627084316;9379;309;10319;10367;6.42;0.39;273.02;9.89;940;64;3589.00;48
9381;63;627084328;9381;300;10319;10368;6.47;0.39;273.13;9.89;938;64;3590.00;49
9384;63;627084340;9384;297;10320;10369;6.57;0.40;273.11;9.89;936;64;3591.00;49
9388;63;627084352;9388;295;10320;10369;6.62;0.40;273.16;9.89;932;64;3592.00;49
9394;63;627084372;9394;292;10321;10370;6.66;0.41;273.23;9.89;927;64;3593.00;49
9395;63;627084384;9395;291;10321;10370;6.75;0.41;273.23;9.89;926;64;3594.00;49
9402;63;627084397;9402;288;10321;10370;6.74;0.41;273.36;9.89;919;64;3595.00;49
9405;63;627084409;9405;289;10321;10370;6.78;0.41;273.41;9.89;916;64;3596.00;49
9408;63;627084422;9408;294;10321;10370;6.87;0.42;273.47;9.89;913;64;3597.00;49
9414;63;627084434;9414;292;10321;10370;6.90;0.42;273.49;9.89;907;64;3598.00;49
9417;63;627084447;9417;289;10321;10370;7.01;0.43;273.58;9.89;904;64;3599.00;49
9421;63;627084461;9421;325;10436;10623;7.34;0.46;273.66;9.85;1015;64;3600.00;187
9423;63;627084500;9423;317;10444;10624;7.46;0.47;273.67;9.84;1021;64;3601.00;180
9428;63;627084513;9428;310;10455;10624;7.58;0.48;273.70;9.83;1027;64;3602.00;169
9430;63;627084526;9430;302;10463;10624;7.68;0.48;273.69;9.83;1033;64;3603.00;161
9435;63;627084540;9435;294;10469;10624;7.70;0.48;273.66;9.82;1034;64;3604.00;155
9437;63;627084553;9437;302;10476;10624;7.70;0.48;273.67;9.82;1039;64;3605.00;148
9441;63;627084566;9441;304;10483;10624;7.67;0.48;273.72;9.82;1042;64;3606.00;141
9446;63;627084579;9446;308;10487;10624;7.63;0.48;273.73;9.82;1041;64;3607.00;137
9452;63;627084593;9452;306;10490;10625;7.58;0.47;273.83;9.82;1038;64;3608.00;135
9456;63;627084607;9456;306;10494;10626;7.59;0.47;273.81;9.82;1038;64;3609.00;132
9458;63;627084621;9458;303;10499;10626;7.63;0.48;273.80;9.81;1041;64;3610.00;127
9461;63;627084635;9461;305;10501;10627;7.62;0.48;273.86;9.81;1040;64;3611.00;126
9464;63;627084649;9464;311;10504;10627;7.57;0.47;273.86;9.82;1040;64;3612.00;123
9467;63;627084664;9467;314;10507;10627;7.51;0.47;273.89;9.82;1040;64;3613.00;120
9473;63;627084678;9473;320;10510;10627;7.45;0.46;273.99;9.82;1037;64;3614.00;117
9474;63;627084692;9474;327;10513;10631;7.41;0.46;273.98;9.88;1039;64;3615.00;118
9477;63;627084706;9477;328;10516;10631;7.33;0.46;274.05;9.89;1039;64;3616.00;115
9481;63;627084720;9481;320;10518;10631;7.34;0.46;274.08;9.89;1037;64;3617.00;113
9485;63;627084735;9485;322;10521;10634;7.38;0.46;274.10;9.89;1036;64;3618.00;113
9490;63;627084755;9490;326;10523;10634;7.35;0.45;274.13;9.89;1033;64;3619.00;111
9494;63;627084770;9494;320;10527;10634;7.37;0.45;274.23;9.96;1033;64;3620.00;107
9497;63;627084784;9497;323;10531;10638;7.41;0.46;274.22;9.96;1034;64;3621.00;107
9503;63;627084799;9503;322;10536;10639;7.44;0.46;274.27;9.96;1033;64;3622.00;103
9504;63;627084814;9504;318;10538;10639;7.49;0.46;274.25;9.97;1034;64;3623.00;101
9507;63;627084828;9507;320;10541;10643;7.56;0.46;274.27;9.97;1034;64;3624.00;102
9513;63;627084842;9513;326;10545;10643;7.60;0.47;274.32;9.97;1032;64;3625.00;98
9516;63;627084868;9516;315;10547;10643;7.72;0.47;274.29;9.97;1031;64;3626.00;96
9518;63;627084883;9518;303;10549;10644;7.74;0.47;274.33;10.04;1031;64;3627.00;95
9522;63;627084898;9522;296;10551;10644;7.80;0.48;274.42;10.04;1029;64;3628.00;93
9526;63;627084913;9526;297;10555;10650;7.82;0.48;274.55;10.04;1029;64;3629.00;95
9531;63;627084930;9531;294;10557;10650;7.82;0.48;274.62;10.04;1026;64;3630.00;93
9536;63;627084945;9536;289;10558;10651;7.85;0.48;274.77;10.04;1022;64;3631.00;93
9539;63;627084960;9539;284;10558;10651;7.85;0.48;274.78;10.04;1019;64;3632.00;93
9544;63;627084975;9544;288;10559;10651;7.80;0.47;274.83;10.11;1015;64;3633.00;92
9545;63;627084995;9545;286;10559;10651;7.85;0.48;274.83;10.11;1014;64;3634.00;92
9549;63;627085010;9549;294;10560;10651;7.80;0.47;274.87;10.11;1011;64;3635.00;91
9552;63;627085024;9552;296;10569;10663;7.78;0.47;274.91;10.10;1017;64;3636.00;94
9554;63;627085039;9554;288;10569;10663;7.75;0.47;274.91;10.10;1015;64;3637.00;94
9556;63;627085053;9556;283;10570;10663;7.75;0.47;274.93;10.10;1014;64;3638.00;93
9559;63;627085067;9559;284;10570;10663;7.78;0.47;274.96;10.10;1011;64;3639.00;93
9560;63;627085081;9560;280;10570;10663;7.78;0.47;274.98;10.10;1010;64;3640.00;93
9566;63;627085095;9566;278;10572;10663;7.69;0.47;275.00;10.18;1006;64;3641.00;91
9566;63;627085108;9566;282;10575;10667;7.71;0.47;275.00;10.17;1009;64;3642.00;92
9571;63;627085122;9571;283;10575;10667;7.67;0.47;275.04;10.17;1004;64;3643.00;92
9572;63;627085135;9572;282;10579;10671;7.67;0.47;275.07;10.24;1007;64;3644.00;92
9575;63;627085148;9575;284;10581;10673;7.71;0.47;275.04;10.24;1006;64;3645.00;92
9579;63;627085162;9579;286;10582;10673;7.68;0.47;275.19;10.24;1003;64;3646.00;91
9580;63;627085175;9580;290;10584;10673;7.67;0.47;275.17;10.24;1004;64;3647.00;89
9585;63;627085188;9585;292;10592;10686;7.68;0.47;275.21;10.23;1007;64;3648.00;94
9586;63;627085203;9586;294;10593;10686;7.64;0.46;275.24;10.23;1007;64;3649.00;93
9586;63;627085216;9586;291;10593;10686;7.64;0.47;275.24;10.23;1007;64;3650.00;93
9587;63;627085229;9587;293;10594;10687;7.64;0.47;275.28;10.23;1007;64;3651.00;93
9589;63;627085241;9589;296;10594;10688;7.58;0.46;275.25;10.23;1005;64;3652.00;94
9591;63;627085255;9591;292;10594;10688;7.58;0.46;275.29;10.23;1003;64;3653.00;94
9593;63;627085268;9593;290;10597;10691;7.52;0.46;275.33;10.30;1004;64;3654.00;94
9597;63;627085281;9597;288;10597;10691;7.43;0.45;275.42;10.30;1000;64;3655.00;94
9599;63;627085295;9599;295;10598;10691;7.42;0.45;275.41;10.30;999;64;3656.00;93
9602;63;627085308;9602;295;10598;10691;7.42;0.45;275.41;10.30;996;64;3657.00;93
9603;63;627085325;9603;298;10601;10697;7.49;0.46;275.40;10.30;998;64;3658.00;96
9606;63;627085339;9606;294;10601;10697;7.46;0.46;275.39;10.30;995;64;3659.00;96
9607;63;627085353;9607;292;10602;10697;7.41;0.45;275.43;10.30;995;64;3660.00;95
9607;63;627085366;9607;291;10602;10697;7.44;0.45;275.43;10.30;995;64;3661.00;95
9611;63;627085383;9611;286;10605;10701;7.42;0.45;275.39;10.30;994;64;3662.00;96
9614;63;627085404;9614;284;10606;10702;7.40;0.45;275.46;10.30;992;64;3663.00;96
9615;63;627085423;9615;275;10606;10702;7.33;0.45;275.44;10.30;991;64;3664.00;96
9617;63;627085441;9617;274;10607;10703;7.31;0.45;275.46;10.29;990;64;3665.00;96
9621;63;627085460;9621;275;10607;10703;7.21;0.44;275.56;10.29;986;64;3666.00;96
9623;64;627085477;9623;275;10608;10703;7.15;0.44;275.58;10.30;985;65;3667.00;95
9629;64;627085501;9629;280;10608;10703;7.01;0.43;275.63;10.30;979;65;3668.00;95
9632;64;627085514;9632;276;10609;10703;6.95;0.42;275.66;10.37;977;65;3669.00;94
9635;64;627085527;9635;279;10609;10703;6.86;0.42;275.73;10.37;974;65;3670.00;94
9637;64;627085540;9637;272;10609;10703;6.85;0.42;275.78;10.37;972;65;3671.00;94
9638;64;627085560;9638;272;10639;10773;6.90;0.42;275.77;10.34;1001;65;3672.00;134
9639;64;627085583;9639;265;10642;10774;6.88;0.42;275.80;10.35;1003;65;3673.00;132
9640;64;627085597;9640;258;10651;10774;6.96;0.43;275.85;10.34;1011;65;3674.00;123
9643;64;627085611;9643;254;10654;10774;6.90;0.42;275.86;10.41;1011;65;3675.00;120
9649;64;627085625;9649;248;10661;10774;6.90;0.42;275.82;10.48;1012;65;3676.00;113
9651;64;627085638;9651;238;10664;10774;6.94;0.42;275.80;10.54;1013;65;3677.00;110
9654;64;627085651;9654;240;10668;10774;6.97;0.43;275.78;10.54;1014;65;3678.00;106
9661;64;627085664;9661;235;10669;10774;6.96;0.42;275.83;10.54;1008;65;3679.00;105
9663;65;627085676;9663;243;10673;10775;7.00;0.43;275.80;10.60;1010;66;3680.00;102
9664;65;627085701;9664;239;10675;10776;7.06;0.43;275.78;10.59;1011;66;3681.00;101
9668;65;627085713;9668;243;10676;10776;7.05;0.43;275.74;10.59;1008;66;3682.00;100
9671;65;627085727;9671;247;10680;10780;7.01;0.43;275.69;10.65;1009;66;3683.00;100
9672;65;627085740;9672;242;10680;10780;6.94;0.42;275.67;10.65;1008;66;3684.00;100
9674;65;627085753;9674;242;10680;10780;6.84;0.42;275.63;10.65;1006;66;3685.00;100
9675;65;627085766;9675;249;10680;10780;6.78;0.41;275.63;10.65;1005;66;3686.00;100
9676;65;627085778;9676;254;10684;10786;6.74;0.41;275.64;10.65;1008;66;3687.00;102
9678;65;627085792;9678;256;10686;10786;6.74;0.41;275.61;10.65;1008;66;3688.00;100
9679;65;627085804;9679;263;10687;10786;6.72;0.41;275.59;10.65;1008;66;3689.00;99
9682;65;627085818;9682;274;10691;10792;6.67;0.41;275.53;10.66;1009;66;3690.00;101
9683;65;627085831;9683;272;10691;10792;6.61;0.40;275.51;10.66;1008;66;3691.00;101
9687;65;627085845;9687;278;10695;10792;6.54;0.40;275.53;10.67;1008;66;3692.00;97
9689;65;627085858;9689;280;10696;10793;6.47;0.39;275.52;10.67;1007;66;3693.00;97
9690;65;627085870;9690;288;10700;10794;6.52;0.40;275.50;10.67;1010;66;3694.00;94
9693;65;627085882;9693;289;10700;10794;6.49;0.40;275.52;10.67;1007;66;3695.00;94
9693;65;627085894;9693;295;10712;10807;6.50;0.40;275.52;10.68;1019;66;3696.00;95
9694;65;627085908;9694;298;10713;10807;6.49;0.40;275.52;10.68;1019;66;3697.00;94
9697;65;627085921;9697;298;10715;10807;6.46;0.39;275.47;10.68;1018;66;3698.00;92
9701;65;627085934;9701;310;10716;10808;6.43;0.39;275.42;10.68;1015;66;3699.00;92
9702;65;627085947;9702;315;10716;10808;6.41;0.39;275.51;10.68;1014;66;3700.00;92
9703;65;627085963;9703;324;10720;10812;6.44;0.39;275.51;10.70;1017;66;3701.00;92
9708;65;627085978;9708;328;10721;10812;6.37;0.39;275.41;10.70;1013;66;3702.00;91
9710;65;627085998;9710;333;10727;10816;6.34;0.39;275.35;10.72;1017;66;3703.00;89
9711;65;627086010;9711;335;10728;10816;6.28;0.38;275.38;10.73;1017;66;3704.00;88
9713;65;627086023;9713;337;10728;10816;6.27;0.38;275.34;10.73;1015;66;3705.00;88
9715;65;627086034;9715;340;10730;10816;6.23;0.38;275.33;10.75;1015;66;3706.00;86
9718;65;627086046;9718;350;10731;10816;6.19;0.38;275.27;10.76;1013;66;3707.00;85
9719;65;627086058;9719;360;10743;10828;6.18;0.38;275.26;10.77;1024;66;3708.00;85
9719;65;627086077;9719;362;10745;10828;6.16;0.38;275.26;10.78;1026;66;3709.00;83
9719;65;627086088;9719;369;10749;10828;6.12;0.37;275.26;10.80;1030;66;3710.00;79
9722;65;627086100;9722;370;10749;10828;6.07;0.37;275.21;10.80;1027;66;3711.00;79
9723;65;627086112;9723;379;10752;10828;6.02;0.37;275.23;10.82;1029;66;3712.00;76
9725;65;627086125;9725;389;10753;10828;5.93;0.36;275.21;10.83;1028;66;3713.00;75
9727;65;627086137;9727;395;10755;10829;5.85;0.36;275.21;10.84;1028;66;3714.00;74
9728;65;627086148;9728;386;10756;10829;5.79;0.35;275.22;10.85;1028;66;3715.00;73
9728;65;627086160;9728;378;10762;10835;5.81;0.36;275.22;10.85;1034;66;3716.00;73
9730;65;627086173;9730;373;10764;10836;5.83;0.36;275.20;10.85;1034;66;3717.00;72
9730;65;627086185;9730;370;10765;10836;5.85;0.36;275.20;10.86;1035;66;3718.00;71
9732;65;627086197;9732;369;10766;10836;5.87;0.36;275.18;10.87;1034;66;3719.00;70
9733;65;627086212;9733;358;10771;10841;5.91;0.36;275.16;10.87;1038;66;3720.00;70
9733;65;627086225;9733;349;10772;10841;5.96;0.37;275.16;10.88;1039;66;3721.00;69
9734;65;627086244;9734;339;10772;10841;6.05;0.37;275.15;10.88;1038;66;3722.00;69
9738;65;627086262;9738;330;10774;10842;6.12;0.37;275.18;10.89;1036;66;3723.00;68
9738;65;627086282;9738;328;10777;10846;6.21;0.38;275.18;10.89;1039;66;3724.00;69
9739;65;627086295;9739;326;10779;10846;6.29;0.38;275.17;10.90;1040;66;3725.00;67
9741;65;627086307;9741;326;10781;10849;6.38;0.39;275.16;10.90;1040;66;3726.00;68
9742;65;627086320;9742;325;10784;10849;6.53;0.40;275.21;10.92;1042;66;3727.00;65
9743;65;627086332;9743;325;10784;10849;6.66;0.41;275.19;10.92;1041;66;3728.00;65
9743;65;627086352;9743;325;10785;10849;6.74;0.41;275.19;10.92;1042;66;3729.00;64
9748;65;627086364;9748;333;10790;10853;6.77;0.41;275.17;10.93;1042;66;3730.00;63
9748;65;627086384;9748;337;10791;10853;6.75;0.41;275.17;10.94;1043;66;3731.00;62
9750;65;627086396;9750;338;10792;10853;6.68;0.41;275.16;10.94;1042;66;3732.00;61
9752;65;627086415;9752;345;10793;10853;6.62;0.40;275.15;10.94;1041;66;3733.00;60
9752;65;627086428;9752;342;10794;10854;6.57;0.40;275.15;10.95;1042;66;3734.00;60
9755;65;627086439;9755;350;10797;10856;6.47;0.39;275.12;10.95;1042;66;3735.00;59
9759;65;627086452;9759;352;10798;10856;6.33;0.39;275.14;10.95;1039;66;3736.00;58
9760;65;627086463;9760;356;10800;10857;6.21;0.38;275.13;10.95;1040;66;3737.00;57
9761;65;627086475;9761;363;10801;10857;6.10;0.37;275.12;10.96;1040;66;3738.00;56
9764;65;627086486;9764;364;10801;10857;5.98;0.37;275.14;10.96;1037;66;3739.00;56
9767;65;627086497;9767;359;10802;10857;5.92;0.36;275.22;10.96;1035;66;3740.00;55
9771;65;627086510;9771;351;10802;10857;5.91;0.36;275.25;10.96;1031;66;3741.00;55
9776;65;627086521;9776;344;10803;10857;5.89;0.36;275.37;10.97;1027;66;3742.00;54
9780;65;627086532;9780;342;10803;10857;5.88;0.36;275.34;10.97;1023;66;3743.00;54
9784;65;627086543;9784;351;10873;10984;6.21;0.39;275.38;10.90;1089;66;3744.00;111
9790;65;627086566;9790;352;10878;10985;6.19;0.38;275.48;10.90;1088;66;3745.00;107
9794;65;627086578;9794;342;10886;10985;6.28;0.39;275.49;10.89;1092;66;3746.00;99
9798;65;627086590;9798;333;10892;10985;6.38;0.39;275.65;10.89;1094;66;3747.00;93
9802;65;627086602;9802;330;10898;10985;6.44;0.40;275.69;10.89;1096;66;3748.00;87
9804;65;627086615;9804;322;10902;10985;6.51;0.40;275.70;10.89;1098;66;3749.00;83
9808;65;627086629;9808;323;10906;10990;6.52;0.40;275.73;10.89;1098;66;3750.00;84
9812;65;627086643;9812;320;10910;10990;6.54;0.40;275.74;10.89;1098;66;3751.00;80
9813;65;627086661;9813;311;10914;10991;6.58;0.40;275.78;10.89;1101;66;3752.00;77
9819;65;627086674;9819;305;10917;10992;6.60;0.41;275.85;10.89;1098;66;3753.00;75
9821;65;627086688;9821;303;10921;10992;6.72;0.41;275.90;10.89;1100;66;3754.00;71
9825;65;627086701;9825;306;10922;10993;6.72;0.41;275.91;10.89;1097;66;3755.00;71
9829;65;627086716;9829;312;10924;10993;6.80;0.42;275.96;10.89;1095;66;3756.00;69
9833;65;627086729;9833;320;10925;10993;6.83;0.42;276.00;10.89;1092;66;3757.00;68
9835;65;627086743;9835;317;10927;10993;6.90;0.42;276.03;10.89;1092;66;3758.00;66
9841;65;627086762;9841;316;10930;10997;6.92;0.42;276.06;10.88;1089;66;3759.00;67
9843;65;627086776;9843;313;10933;10997;6.98;0.43;276.14;10.88;1090;66;3760.00;64
9846;65;627086790;9846;316;10933;10997;6.96;0.43;276.16;10.88;1087;66;3761.00;64
9852;65;627086803;9852;315;10936;11000;6.93;0.42;276.27;10.88;1084;66;3762.00;64
9856;65;627086818;9856;316;10936;11000;6.87;0.42;276.26;10.88;1080;66;3763.00;64
9860;65;627086832;9860;322;10936;11000;6.89;0.42;276.38;10.88;1076;66;3764.00;64
9865;65;627086845;9865;322;10939;11004;6.95;0.42;276.42;10.88;1074;66;3765.00;65
9870;65;627086860;9870;313;10940;11005;6.98;0.43;276.41;10.88;1070;66;3766.00;65
9874;65;627086873;9874;313;10940;11005;7.01;0.43;276.46;10.88;1066;66;3767.00;65
9880;65;627086887;9880;312;10944;11009;7.05;0.43;276.48;10.88;1064;66;3768.00;65
9885;65;627086902;9885;319;10944;11009;7.05;0.43;276.48;10.88;1059;66;3769.00;65
9890;65;627086916;9890;320;10945;11009;7.02;0.43;276.53;10.88;1055;66;3770.00;64
9895;65;627086931;9895;318;10947;11010;7.01;0.43;276.49;10.88;1052;66;3771.00;63
9899;65;627086945;9899;323;10948;11010;6.99;0.43;276.56;10.88;1049;66;3772.00;62
9900;65;627086959;9900;320;10951;11016;7.03;0.43;276.61;10.87;1051;66;3773.00;65
9906;65;627086974;9906;323;10953;11016;7.06;0.43;276.71;10.93;1047;66;3774.00;63
9910;65;627086989;9910;324;10953;11017;7.09;0.43;276.78;10.93;1043;66;3775.00;64
9915;65;627087002;9915;331;10954;11017;7.10;0.43;276.83;10.93;1039;66;3776.00;63
9918;65;627087022;9918;331;10954;11017;7.10;0.43;276.93;10.93;1036;66;3777.00;63
9926;65;627087035;9926;325;10954;11017;7.07;0.43;277.04;10.93;1028;66;3778.00;63
9926;65;627087049;9926;326;10954;11017;7.15;0.44;277.04;10.93;1028;66;3779.00;63
9933;65;627087064;9933;335;10981;11053;7.25;0.44;277.07;10.91;1048;66;3780.00;72
9939;65;627087081;9939;335;10982;11053;7.25;0.44;277.10;10.91;1043;66;3781.00;71
9944;65;627087095;9944;338;10983;11053;7.22;0.44;277.08;10.90;1039;66;3782.00;70
9949;65;627087108;9949;333;10984;11053;7.16;0.44;277.12;10.90;1035;66;3783.00;69
9952;65;627087122;9952;336;10984;11053;7.13;0.44;277.14;10.90;1032;66;3784.00;69
9954;65;627087136;9954;342;10985;11053;7.03;0.43;277.17;10.90;1031;66;3785.00;68
9958;65;627087150;9958;343;10988;11057;6.95;0.42;277.17;10.90;1030;66;3786.00;69
9960;65;627087164;9960;339;10988;11057;6.98;0.43;277.27;10.90;1028;66;3787.00;69
9966;65;627087178;9966;330;10992;11061;6.97;0.43;277.29;10.90;1026;66;3788.00;69
9968;65;627087193;9968;330;10993;11062;7.02;0.43;277.33;10.90;1025;66;3789.00;69
9971;65;627087206;9971;333;10993;11062;7.03;0.43;277.39;10.90;1022;66;3790.00;69
9973;65;627087220;9973;333;10993;11062;7.07;0.43;277.42;10.90;1020;66;3791.00;69
9974;65;627087234;9974;336;11004;11075;7.14;0.44;277.40;10.89;1030;66;3792.00;71
9979;66;627087249;9979;335;11004;11075;7.18;0.44;277.46;10.89;1025;67;3793.00;71
9983;66;627087270;9983;336;11004;11075;7.16;0.44;277.50;10.89;1021;67;3794.00;71
9989;66;627087285;9989;337;11005;11076;7.14;0.44;277.49;10.88;1016;67;3795.00;71
9991;66;627087307;9991;316;11005;11077;7.13;0.44;277.51;10.88;1014;67;3796.00;72
9993;66;627087325;9993;302;11005;11077;7.14;0.44;277.55;10.88;1012;67;3797.00;72
9997;66;627087340;9997;296;11007;11080;7.17;0.44;277.57;10.88;1010;67;3798.00;73
9999;66;627087356;9999;283;11008;11080;7.26;0.44;277.59;10.88;1009;67;3799.00;72
10001;66;627087372;10001;282;11008;11080;7.33;0.45;277.56;10.88;1007;67;3800.00;72
10005;67;627087402;10005;271;11008;11080;7.39;0.45;277.69;10.88;1003;68;3801.00;72
10010;67;627087447;10010;277;11012;11086;7.45;0.45;277.81;10.88;1002;68;3802.00;74
10014;67;627087470;10014;276;11012;11086;7.46;0.45;277.79;10.88;998;68;3803.00;74
10017;67;627087489;10017;269;11013;11086;7.46;0.45;277.80;10.88;996;68;3804.00;73
10021;67;627087506;10021;269;11013;11086;7.50;0.46;277.83;10.88;992;68;3805.00;73
10023;67;627087523;10023;268;11016;11090;7.48;0.45;277.89;10.87;993;68;3806.00;74
10026;67;627087538;10026;267;11017;11091;7.46;0.45;277.90;10.87;991;68;3807.00;74
10028;67;627087554;10028;260;11017;11091;7.45;0.45;277.89;10.87;989;68;3808.00;74
10029;67;627087575;10029;252;11018;11092;7.45;0.45;277.92;10.87;989;68;3809.00;74
10032;67;627087600;10032;242;11018;11092;7.43;0.45;277.98;10.87;986;68;3810.00;74
10035;67;627087618;10035;240;11018;11092;7.48;0.45;278.02;10.87;983;68;3811.00;74
10037;67;627087633;10037;231;11018;11092;7.51;0.46;278.11;10.87;981;68;3812.00;74
10038;67;627087648;10038;231;11018;11092;7.57;0.46;278.10;10.87;980;68;3813.00;74
10042;67;627087663;10042;233;11018;11092;7.58;0.46;278.11;10.87;976;68;3814.00;74
10045;67;627087679;10045;238;11018;11092;7.64;0.46;278.08;10.87;973;68;3815.00;74
10049;67;627087692;10049;242;11054;11162;7.56;0.46;278.16;10.84;1005;68;3816.00;108
10049;67;627087711;10049;248;11056;11163;7.56;0.46;278.16;10.84;1007;68;3817.00;107
10054;67;627087725;10054;247;11061;11163;7.56;0.46;278.17;10.83;1007;68;3818.00;102
10057;67;627087739;10057;241;11064;11163;7.51;0.46;278.16;10.83;1007;68;3819.00;99
10061;67;627087752;10061;247;11069;11163;7.52;0.46;278.17;10.83;1008;68;3820.00;94
10064;67;627087766;10064;257;11073;11163;7.54;0.46;278.16;10.82;1009;68;3821.00;90
10066;67;627087779;10066;261;11078;11163;7.54;0.46;278.23;10.82;1012;68;3822.00;85
10067;67;627087793;10067;272;11080;11163;7.55;0.46;278.23;10.82;1013;68;3823.00;83
10068;67;627087806;10068;286;11082;11164;7.49;0.46;278.23;10.82;1014;68;3824.00;82
10071;67;627087819;10071;282;11084;11166;7.43;0.45;278.39;10.82;1013;68;3825.00;82
10072;67;627087833;10072;288;11085;11166;7.37;0.45;278.43;10.82;1013;68;3826.00;81
10077;67;627087846;10077;295;11088;11170;7.28;0.45;278.45;10.82;1011;68;3827.00;82
10080;67;627087859;10080;305;11088;11170;7.16;0.44;278.56;10.82;1008;68;3828.00;82
10082;67;627087873;10082;313;11088;11170;7.08;0.43;278.60;10.82;1006;68;3829.00;82
10084;67;627087885;10084;312;11088;11170;6.96;0.43;278.59;10.82;1004;68;3830.00;82
10085;67;627087899;10085;311;11091;11176;6.94;0.43;278.62;10.81;1006;68;3831.00;85
10087;67;627087913;10087;312;11091;11176;6.87;0.42;278.61;10.81;1004;68;3832.00;85
10092;67;627087927;10092;307;11092;11176;6.80;0.42;278.59;10.81;1000;68;3833.00;84
10095;67;627087940;10095;311;11094;11179;6.76;0.41;278.60;10.81;999;68;3834.00;85
10101;67;627087960;10101;311;11095;11179;6.71;0.41;278.58;10.81;994;68;3835.00;84
10105;67;627087974;10105;312;11095;11179;6.71;0.41;278.55;10.81;990;68;3836.00;84
10107;67;627087986;10107;313;11095;11180;6.63;0.40;278.55;10.81;988;68;3837.00;85
10111;67;627087998;10111;310;11097;11181;6.60;0.40;278.52;10.87;986;68;3838.00;84
10112;67;627088012;10112;312;11097;11181;6.50;0.40;278.55;10.87;985;68;3839.00;84
10118;67;627088025;10118;311;11112;11207;6.39;0.39;278.49;10.86;994;68;3840.00;95
10119;67;627088040;10119;306;11112;11207;6.26;0.38;278.49;10.86;993;68;3841.00;95
10123;67;627088051;10123;306;11114;11207;6.17;0.38;278.44;10.86;991;68;3842.00;93
10126;67;627088064;10126;306;11117;11208;6.14;0.37;278.46;10.86;991;68;3843.00;91
10129;67;627088076;10129;299;11117;11208;6.09;0.37;278.42;10.86;988;68;3844.00;91
10133;67;627088087;10133;302;11120;11212;6.14;0.37;278.52;10.87;987;68;3845.00;92
10135;67;627088101;10135;299;11122;11214;6.14;0.38;278.49;10.86;987;68;3846.00;92
10138;67;627088113;10138;294;11126;11218;6.18;0.38;278.52;10.86;988;68;3847.00;92
10142;67;627088126;10142;293;11126;11218;6.15;0.38;278.46;10.86;984;68;3848.00;92
10145;67;627088138;10145;297;11126;11218;6.10;0.37;278.41;10.86;981;68;3849.00;92
10145;67;627088150;10145;294;11126;11218;6.12;0.37;278.41;10.86;981;68;3850.00;92
10149;67;627088162;10149;287;11126;11218;6.06;0.37;278.41;10.86;977;68;3851.00;92
10150;67;627088174;10150;283;11137;11230;6.10;0.37;278.39;10.85;987;68;3852.00;93
10151;67;627088186;10151;278;11137;11230;6.05;0.37;278.38;10.85;986;68;3853.00;93
10154;67;627088198;10154;282;11137;11230;6.04;0.37;278.33;10.85;983;68;3854.00;93
10157;67;627088210;10157;284;11137;11230;6.02;0.37;278.29;10.85;980;68;3855.00;93
10159;67;627088222;10159;290;11137;11230;6.05;0.37;278.25;10.85;978;68;3856.00;93
10161;67;627088233;10161;293;11138;11230;6.08;0.37;278.34;10.85;977;68;3857.00;92
10164;67;627088245;10164;295;11138;11231;6.08;0.37;278.31;10.85;974;68;3858.00;93
10165;67;627088258;10165;300;11138;11231;6.09;0.37;278.30;10.85;973;68;3859.00;93
10167;67;627088269;10167;303;11143;11237;6.11;0.37;278.28;10.85;976;68;3860.00;94
10169;67;627088282;10169;299;11147;11238;6.13;0.37;278.27;10.86;978;68;3861.00;91
10169;67;627088294;10169;299;11147;11238;6.07;0.37;278.27;10.86;978;68;3862.00;91
10174;67;627088308;10174;301;11148;11238;6.02;0.37;278.25;10.86;974;68;3863.00;90
10176;67;627088321;10176;299;11150;11242;6.05;0.37;278.24;10.86;974;68;3864.00;92
10180;67;627088332;10180;301;11151;11242;6.02;0.36;278.20;10.86;971;68;3865.00;91
10180;67;627088345;10180;307;11152;11242;5.95;0.36;278.20;10.87;972;68;3866.00;90
10183;67;627088356;10183;297;11154;11243;5.99;0.36;278.25;10.87;971;68;3867.00;89
10185;67;627088370;10185;292;11157;11247;6.02;0.36;278.24;10.87;972;68;3868.00;90
10187;67;627088384;10187;287;11158;11247;6.04;0.37;278.22;10.87;971;68;3869.00;89
10187;67;627088399;10187;287;11163;11253;6.11;0.37;278.22;10.89;976;68;3870.00;90
10187;67;627088411;10187;279;11165;11253;6.22;0.38;278.22;10.89;978;68;3871.00;88
10188;67;627088422;10188;273;11166;11253;6.32;0.38;278.22;10.89;978;68;3872.00;87
10188;67;627088434;10188;274;11168;11253;6.41;0.39;278.22;10.91;980;68;3873.00;85
10189;67;627088446;10189;271;11171;11257;6.51;0.39;278.22;10.91;982;68;3874.00;86
10190;67;627088458;10190;273;11173;11257;6.51;0.39;278.20;10.93;983;68;3875.00;84
10192;67;627088470;10192;273;11174;11257;6.56;0.40;278.16;10.93;982;68;3876.00;83
10192;67;627088488;10192;273;11176;11257;6.58;0.40;278.16;10.94;984;68;3877.00;81
10193;67;627088505;10193;279;11177;11258;6.58;0.40;278.17;10.94;984;68;3878.00;81
10195;67;627088517;10195;285;11180;11259;6.59;0.40;278.21;10.96;985;68;3879.00;79
10197;67;627088529;10197;286;11181;11259;6.58;0.40;278.23;10.96;984;68;3880.00;78
10197;68;627088541;10197;289;11183;11260;6.62;0.40;278.23;10.97;986;69;3881.00;77
10198;68;627088570;10198;294;11185;11260;6.64;0.40;278.23;10.99;987;69;3882.00;75
10198;68;627088581;10198;294;11186;11260;6.68;0.41;278.23;10.99;988;69;3883.00;74
10199;68;627088593;10199;293;11186;11260;6.71;0.41;278.22;10.99;987;69;3884.00;74
10200;68;627088605;10200;305;11188;11260;6.70;0.41;278.21;11.01;988;69;3885.00;72
10202;68;627088616;10202;306;11188;11260;6.71;0.41;278.18;11.01;986;69;3886.00;72
10203;68;627088627;10203;308;11189;11260;6.70;0.41;278.19;11.02;986;69;3887.00;71
10206;68;627088639;10206;327;11253;11387;6.91;0.43;278.18;10.95;1047;69;3888.00;134
10208;68;627088661;10208;311;11255;11388;6.87;0.42;278.19;10.96;1047;69;3889.00;133
10209;68;627088673;10209;307;11267;11388;6.98;0.43;278.20;10.96;1058;69;3890.00;121
10210;68;627088685;10210;295;11273;11388;6.99;0.43;278.18;10.96;1063;69;3891.00;115
10214;68;627088697;10214;290;11279;11388;6.99;0.43;278.22;10.96;1065;69;3892.00;109
10216;68;627088710;10216;288;11285;11388;7.01;0.43;278.20;10.95;1069;69;3893.00;103
10218;68;627088728;10218;283;11291;11388;7.02;0.43;278.24;10.96;1073;69;3894.00;97
10221;68;627088741;10221;281;11294;11388;7.04;0.43;278.23;10.96;1073;69;3895.00;94
10223;68;627088754;10223;284;11299;11389;7.12;0.44;278.24;10.97;1076;69;3896.00;90
10225;68;627088766;10225;279;11302;11390;7.15;0.44;278.26;10.97;1077;69;3897.00;88
10225;68;627088779;10225;282;11306;11390;7.24;0.44;278.26;10.98;1081;69;3898.00;84
10228;68;627088792;10228;289;11308;11391;7.27;0.45;278.34;10.98;1080;69;3899.00;83
10230;68;627088807;10230;294;11315;11406;7.22;0.44;278.36;11.00;1085;69;3900.00;91
10233;69;627088826;10233;300;11317;11406;7.12;0.44;278.37;11.00;1084;70;3901.00;89
10238;69;627088852;10238;302;11319;11406;7.00;0.43;278.43;11.00;1081;70;3902.00;87
10242;69;627088865;10242;313;11322;11410;6.91;0.42;278.42;11.01;1080;70;3903.00;88
10246;69;627088879;10246;322;11325;11410;6.77;0.41;278.53;11.01;1079;70;3904.00;85
10251;69;627088891;10251;333;11326;11410;6.67;0.41;278.55;11.01;1075;70;3905.00;84
10256;69;627088912;10256;335;11330;11413;6.58;0.40;278.59;11.02;1074;70;3906.00;83
10260;69;627088925;10260;353;11332;11413;6.45;0.40;278.64;11.02;1072;70;3907.00;81
10264;69;627088937;10264;364;11334;11413;6.35;0.39;278.64;11.02;1070;70;3908.00;79
10269;69;627088949;10269;371;11338;11417;6.22;0.38;278.67;11.03;1069;70;3909.00;79
10272;69;627088961;10272;368;11340;11418;6.16;0.38;278.70;11.03;1068;70;3910.00;78
10278;69;627088974;10278;358;11340;11418;6.10;0.37;278.77;11.03;1062;70;3911.00;78
10282;69;627088986;10282;360;11345;11422;6.06;0.37;278.72;11.03;1063;70;3912.00;77
10287;69;627089005;10287;363;11347;11422;5.94;0.36;278.75;11.04;1060;70;3913.00;75
10290;69;627089017;10290;365;11347;11422;5.97;0.36;278.80;11.04;1057;70;3914.00;75
10293;69;627089029;10293;367;11350;11424;5.96;0.36;278.82;11.04;1057;70;3915.00;74
10296;69;627089042;10296;366;11350;11424;5.98;0.36;278.85;11.04;1054;70;3916.00;74
10300;69;627089054;10300;358;11353;11430;6.04;0.37;278.93;11.04;1053;70;3917.00;77
10303;69;627089067;10303;355;11355;11430;6.08;0.37;279.01;11.04;1052;70;3918.00;75
10305;69;627089080;10305;348;11355;11431;6.12;0.37;279.06;11.04;1050;70;3919.00;76
10310;69;627089092;10310;349;11355;11431;6.21;0.38;279.16;11.04;1045;70;3920.00;76
10312;69;627089104;10312;341;11355;11431;6.28;0.38;279.15;11.04;1043;70;3921.00;76
10317;69;627089116;10317;340;11356;11431;6.28;0.38;279.21;11.11;1039;70;3922.00;75
10322;69;627089130;10322;337;11357;11431;6.23;0.38;279.27;11.11;1035;70;3923.00;74
10324;69;627089143;10324;333;11366;11443;6.31;0.38;279.31;11.11;1042;70;3924.00;77
10330;69;627089163;10330;342;11366;11443;6.33;0.39;279.35;11.11;1036;70;3925.00;77
10332;69;627089177;10332;340;11367;11443;6.42;0.39;279.47;11.10;1035;70;3926.00;76
10335;69;627089189;10335;332;11367;11443;6.45;0.39;279.51;11.10;1032;70;3927.00;76
10339;69;627089202;10339;331;11367;11443;6.51;0.40;279.59;11.10;1028;70;3928.00;76
10341;69;627089214;10341;329;11370;11443;6.62;0.40;279.60;11.11;1029;70;3929.00;73
10344;69;627089228;10344;327;11373;11447;6.69;0.41;279.66;11.10;1029;70;3930.00;74
10347;69;627089242;10347;323;11373;11447;6.74;0.41;279.68;11.10;1026;70;3931.00;74
10353;69;627089255;10353;320;11377;11451;6.78;0.41;279.71;11.11;1024;70;3932.00;74
10357;69;627089269;10357;322;11378;11452;6.85;0.42;279.70;11.10;1021;70;3933.00;74
10362;69;627089282;10362;329;11379;11452;6.82;0.42;279.76;11.11;1017;70;3934.00;73
10365;69;627089296;10365;330;11380;11452;6.84;0.42;279.79;11.11;1015;70;3935.00;72
10369;69;627089310;10369;331;11390;11465;6.87;0.42;279.85;11.10;1021;70;3936.00;75
10371;69;627089324;10371;330;11391;11465;6.87;0.42;279.86;11.16;1020;70;3937.00;74
10376;69;627089336;10376;321;11392;11465;6.87;0.42;279.91;11.16;1016;70;3938.00;73
10379;69;627089350;10379;320;11393;11466;6.93;0.43;279.90;11.16;1014;70;3939.00;73
10385;69;627089362;10385;324;11393;11467;6.93;0.43;280.01;11.16;1008;70;3940.00;74
10387;69;627089378;10387;326;11393;11467;6.96;0.43;280.06;11.16;1006;70;3941.00;74
10390;69;627089398;10390;326;11397;11470;6.99;0.43;280.05;11.16;1007;70;3942.00;73
10396;69;627089417;10396;325;11398;11470;7.02;0.43;280.12;11.16;1002;70;3943.00;72
10401;69;627089441;10401;322;11398;11470;7.03;0.43;280.11;11.16;997;70;3944.00;72
10406;69;627089461;10406;321;11400;11470;7.04;0.43;280.10;11.16;994;70;3945.00;70
10410;69;627089481;10410;326;11404;11476;7.04;0.43;280.16;11.16;994;70;3946.00;72
10416;69;627089499;10416;324;11405;11476;7.06;0.43;280.25;11.16;989;70;3947.00;71
10422;69;627089513;10422;324;11405;11476;7.03;0.43;280.29;11.16;983;70;3948.00;71
10429;69;627089529;10429;328;11405;11476;7.00;0.43;280.23;11.16;976;70;3949.00;71
10432;69;627089544;10432;332;11408;11480;7.01;0.43;280.29;11.15;976;70;3950.00;72
10436;69;627089557;10436;335;11409;11481;6.96;0.42;280.29;11.15;973;70;3951.00;72
10442;69;627089572;10442;335;11410;11481;6.91;0.42;280.34;11.22;968;70;3952.00;71
10443;69;627089586;10443;333;11411;11482;6.89;0.42;280.35;11.22;968;70;3953.00;71
10446;69;627089600;10446;343;11411;11482;6.84;0.42;280.35;11.22;965;70;3954.00;71
10449;69;627089613;10449;346;11411;11482;6.77;0.41;280.38;11.22;962;70;3955.00;71
10451;69;627089626;10451;348;11411;11482;6.64;0.40;280.47;11.22;960;70;3956.00;71
10453;69;627089639;10453;338;11411;11482;6.59;0.40;280.47;11.22;958;70;3957.00;71
10454;69;627089652;10454;332;11411;11482;6.56;0.40;280.47;11.22;957;70;3958.00;71
10456;69;627089665;10456;330;11411;11482;6.54;0.40;280.50;11.22;955;70;3959.00;71
10460;69;627089680;10460;359;11483;11607;6.60;0.41;280.52;11.21;1023;70;3960.00;124
10464;69;627089713;10464;345;11486;11608;6.65;0.41;280.55;11.21;1022;70;3961.00;122
10468;69;627089728;10468;331;11491;11608;6.75;0.42;280.61;11.21;1023;71;3962.00;117
10470;69;627089754;10470;326;11494;11608;6.88;0.42;280.70;11.20;1024;71;3963.00;114
10475;69;627089768;10475;328;11497;11608;6.93;0.43;280.74;11.20;1022;71;3964.00;111
10478;69;627089789;10478;326;11502;11608;7.06;0.43;280.73;11.20;1024;71;3965.00;106
10482;69;627089803;10482;315;11504;11608;7.14;0.44;280.76;11.20;1022;71;3966.00;104
10485;69;627089817;10485;303;11507;11608;7.22;0.44;280.76;11.20;1022;71;3967.00;101
10486;69;627089832;10486;303;11510;11609;7.29;0.45;280.81;11.20;1024;71;3968.00;99
10488;69;627089847;10488;299;11512;11610;7.31;0.45;280.86;11.20;1024;71;3969.00;98
10491;69;627089861;10491;299;11513;11610;7.34;0.45;280.89;11.19;1022;71;3970.00;97
10494;69;627089876;10494;299;11518;11614;7.33;0.45;280.94;11.19;1024;71;3971.00;96
10498;69;627089891;10498;304;11519;11614;7.31;0.45;281.05;11.19;1021;71;3972.00;95
10500;69;627089906;10500;297;11520;11614;7.28;0.45;281.07;11.19;1020;71;3973.00;94
10506;69;627089921;10506;301;11521;11614;7.23;0.44;281.13;11.19;1015;71;3974.00;93
10508;69;627089943;10508;304;11525;11620;7.23;0.44;281.16;11.19;1017;71;3975.00;95
10512;69;627089958;10512;307;11526;11620;7.19;0.44;281.18;11.19;1014;71;3976.00;94
10514;69;627089988;10514;310;11527;11620;7.22;0.44;281.26;11.19;1013;71;3977.00;93
10515;69;627090003;10515;298;11529;11623;7.28;0.44;281.27;11.19;1014;71;3978.00;94
10517;69;627090022;10517;297;11529;11623;7.34;0.45;281.31;11.19;1012;71;3979.00;94
10519;69;627090038;10519;293;11530;11623;7.43;0.45;281.35;11.19;1011;71;3980.00;93
10520;69;627090054;10520;293;11530;11624;7.52;0.46;281.34;11.19;1010;71;3981.00;94
10522;69;627090069;10522;287;11531;11625;7.53;0.46;281.41;11.18;1009;71;3982.00;94
10524;69;627090083;10524;286;11531;11625;7.61;0.46;281.41;11.18;1007;71;3983.00;94
10528;69;627090098;10528;287;11541;11638;7.62;0.46;281.39;11.18;1013;71;3984.00;97
10531;69;627090113;10531;287;11541;11638;7.61;0.46;281.38;11.18;1010;71;3985.00;97
10533;69;627090127;10533;283;11541;11638;7.52;0.46;281.40;11.18;1008;71;3986.00;97
10533;69;627090141;10533;287;11542;11639;7.45;0.45;281.40;11.17;1009;71;3987.00;97
10534;69;627090154;10534;291;11542;11639;7.42;0.45;281.38;11.17;1008;71;3988.00;97
10535;69;627090167;10535;293;11545;11643;7.43;0.45;281.36;11.17;1010;71;3989.00;98
10538;69;627090183;10538;289;11545;11643;7.39;0.45;281.37;11.17;1007;71;3990.00;98
10539;69;627090197;10539;291;11550;11647;7.37;0.45;281.37;11.23;1011;71;3991.00;97
10541;69;627090211;10541;293;11550;11647;7.33;0.45;281.36;11.23;1009;71;3992.00;97
10543;69;627090224;10543;301;11550;11647;7.25;0.44;281.41;11.23;1007;71;3993.00;97
10546;69;627090237;10546;299;11550;11647;7.18;0.44;281.48;11.23;1004;71;3994.00;97
10548;69;627090250;10548;300;11550;11647;7.05;0.43;281.44;11.23;1002;71;3995.00;97
10552;69;627090262;10552;307;11559;11659;6.94;0.43;281.40;11.22;1007;71;3996.00;100
10554;69;627090276;10554;318;11560;11659;6.82;0.42;281.45;11.22;1006;71;3997.00;99
10558;69;627090289;10558;322;11561;11659;6.72;0.41;281.38;11.22;1003;71;3998.00;98
10561;69;627090301;10561;329;11561;11659;6.63;0.41;281.34;11.22;1000;71;3999.00;98
10563;69;627090315;10563;322;11561;11659;6.52;0.40;281.30;11.22;998;71;4000.00;98
10566;69;627090331;10566;315;11561;11659;6.45;0.40;281.28;11.22;995;71;4001.00;98
10568;69;627090344;10568;317;11561;11660;6.34;0.39;281.24;11.22;993;71;4002.00;99
10570;69;627090356;10570;316;11561;11660;6.31;0.39;281.24;11.22;991;71;4003.00;99
10573;69;627090368;10573;318;11565;11666;6.29;0.39;281.31;11.22;992;71;4004.00;101
10577;69;627090384;10577;317;11568;11668;6.32;0.39;281.29;11.22;991;71;4005.00;100
10580;69;627090401;10580;320;11569;11668;6.32;0.39;281.36;11.28;989;71;4006.00;99
10584;69;627090415;10584;315;11569;11668;6.29;0.38;281.35;11.28;985;71;4007.00;99
10585;69;627090427;10585;319;11572;11672;6.29;0.38;281.35;11.28;987;71;4008.00;100
10587;69;627090439;10587;311;11572;11672;6.23;0.38;281.34;11.28;985;71;4009.00;100
10590;69;627090450;10590;306;11573;11672;6.14;0.38;281.34;11.34;983;71;4010.00;99
10593;69;627090461;10593;307;11574;11673;6.08;0.37;281.33;11.34;981;71;4011.00;99
10594;69;627090472;10594;306;11577;11677;6.02;0.37;281.34;11.34;983;71;4012.00;100
10597;69;627090483;10597;299;11577;11677;5.95;0.36;281.37;11.34;980;71;4013.00;100
10602;69;627090494;10602;291;11580;11680;5.93;0.36;281.35;11.35;978;71;4014.00;100
10604;69;627090506;10604;295;11583;11680;5.92;0.36;281.33;11.43;979;71;4015.00;97
10605;69;627090517;10605;288;11583;11680;5.85;0.36;281.31;11.43;978;71;4016.00;97
10605;69;627090528;10605;287;11584;11680;5.82;0.36;281.31;11.49;979;71;4017.00;96
10607;69;627090539;10607;286;11587;11684;5.82;0.36;281.28;11.49;980;71;4018.00;97
10610;69;627090550;10610;274;11587;11684;5.87;0.36;281.39;11.49;977;71;4019.00;97
10611;69;627090563;10611;263;11589;11684;5.93;0.36;281.40;11.56;978;71;4020.00;95
10612;69;627090574;10612;251;11589;11684;5.95;0.36;281.38;11.56;977;71;4021.00;95
10615;69;627090585;10615;241;11589;11685;5.95;0.36;281.33;11.56;974;71;4022.00;96
10618;69;627090597;10618;234;11591;11686;5.99;0.36;281.29;11.62;973;71;4023.00;95
10619;69;627090608;10619;237;11591;11686;6.05;0.37;281.29;11.62;972;71;4024.00;95
10621;69;627090620;10621;229;11593;11687;6.13;0.37;281.30;11.69;972;71;4025.00;94
10622;69;627090637;10622;225;11593;11687;6.15;0.37;281.28;11.69;971;71;4026.00;94
10623;69;627090649;10623;225;11595;11687;6.21;0.38;281.27;11.76;972;71;4027.00;92
10624;69;627090661;10624;219;11595;11687;6.29;0.38;281.28;11.76;971;71;4028.00;92
10625;69;627090672;10625;210;11596;11687;6.38;0.39;281.26;11.83;971;71;4029.00;91
10625;69;627090683;10625;211;11596;11687;6.47;0.39;281.26;11.83;971;71;4030.00;91
10625;69;627090695;10625;209;11596;11687;6.58;0.40;281.26;11.83;971;71;4031.00;91
10625;69;627090706;10625;220;11661;11814;6.83;0.42;281.26;11.76;1036;71;4032.00;153
10626;69;627090728;10626;212;11665;11815;6.90;0.42;281.27;11.82;1039;71;4033.00;150
10626;69;627090741;10626;211;11673;11815;7.02;0.43;281.27;11.82;1047;71;4034.00;142
10627;69;627090754;10627;217;11679;11815;7.16;0.44;281.28;11.81;1052;71;4035.00;136
10630;69;627090766;10630;211;11688;11815;7.23;0.44;281.27;11.82;1058;71;4036.00;127
10630;69;627090778;10630;205;11691;11815;7.38;0.45;281.27;11.82;1061;71;4037.00;124
10631;69;627090791;10631;218;11696;11815;7.48;0.46;281.27;11.81;1065;71;4038.00;119
10633;69;627090804;10633;217;11699;11815;7.51;0.46;281.23;11.81;1066;71;4039.00;116
10636;69;627090817;10636;220;11705;11816;7.58;0.46;281.34;11.83;1069;71;4040.00;111
10640;69;627090830;10640;213;11708;11817;7.58;0.46;281.36;11.83;1068;71;4041.00;109
10642;69;627090843;10642;220;11711;11817;7.60;0.46;281.39;11.84;1069;71;4042.00;106
10644;69;627090856;10644;221;11713;11818;7.56;0.46;281.41;11.85;1069;71;4043.00;105
10649;69;627090869;10649;221;11715;11818;7.53;0.46;281.49;11.85;1066;71;4044.00;103
10650;69;627090883;10650;231;11718;11818;7.55;0.46;281.52;11.87;1068;71;4045.00;100
10655;69;627090895;10655;233;11720;11818;7.51;0.46;281.57;11.87;1065;71;4046.00;98
10658;69;627090908;10658;237;11724;11822;7.49;0.46;281.59;11.88;1066;71;4047.00;98
10663;69;627090922;10663;237;11728;11822;7.43;0.45;281.62;11.90;1065;71;4048.00;94
10666;69;627090936;10666;246;11730;11822;7.39;0.45;281.66;11.91;1064;71;4049.00;92
10667;69;627090950;10667;245;11736;11828;7.30;0.45;281.69;11.92;1069;71;4050.00;92
10670;69;627090964;10670;253;11736;11828;7.22;0.44;281.74;11.92;1066;71;4051.00;92
10672;69;627090977;10672;254;11737;11828;7.13;0.43;281.78;11.92;1065;71;4052.00;91
10674;69;627090990;10674;269;11742;11832;7.03;0.43;281.86;11.94;1068;71;4053.00;90
10677;69;627091003;10677;277;11744;11833;7.01;0.43;281.91;11.94;1067;71;4054.00;89
10679;69;627091016;10679;270;11746;11833;6.96;0.43;281.92;11.96;1067;71;4055.00;87
10681;69;627091028;10681;275;11750;11837;6.92;0.42;281.96;11.95;1069;71;4056.00;87
10683;69;627091041;10683;286;11751;11837;6.84;0.42;282.03;11.97;1068;71;4057.00;86
10684;69;627091054;10684;289;11753;11837;6.81;0.42;282.06;11.97;1069;71;4058.00;84
10685;69;627091066;10685;296;11755;11838;6.75;0.41;282.10;11.98;1070;71;4059.00;83
10689;69;627091079;10689;294;11755;11838;6.67;0.41;282.20;11.98;1066;71;4060.00;83
10689;69;627091092;10689;291;11761;11844;6.70;0.41;282.20;11.99;1072;71;4061.00;83
10691;69;627091105;10691;295;11761;11844;6.62;0.41;282.22;11.99;1070;71;4062.00;83
10697;69;627091118;10697;299;11763;11845;6.59;0.40;282.30;12.01;1066;71;4063.00;82
10700;69;627091131;10700;295;11764;11845;6.59;0.40;282.30;12.01;1064;71;4064.00;81
10702;69;627091144;10702;294;11765;11845;6.58;0.40;282.36;12.02;1063;71;4065.00;80
10706;70;627091156;10706;288;11766;11845;6.56;0.40;282.49;12.02;1060;72;4066.00;79
10709;70;627091179;10709;279;11766;11845;6.58;0.40;282.47;12.02;1057;72;4067.00;79
10711;70;627091192;10711;282;11776;11857;6.61;0.40;282.49;12.02;1065;72;4068.00;81
10712;70;627091206;10712;284;11777;11857;6.59;0.40;282.51;12.02;1065;72;4069.00;80
10716;70;627091219;10716;287;11780;11857;6.57;0.40;282.51;12.03;1064;72;4070.00;77
10718;70;627091232;10718;291;11780;11857;6.51;0.40;282.56;12.03;1062;72;4071.00;77
10723;70;627091244;10723;294;11781;11857;6.41;0.39;282.60;12.04;1058;72;4072.00;76
10725;70;627091258;10725;293;11782;11857;6.37;0.39;282.60;12.05;1057;72;4073.00;75
10729;70;627091270;10729;294;11786;11861;6.29;0.38;282.68;12.05;1057;72;4074.00;75
10731;70;627091283;10731;295;11787;11861;6.27;0.38;282.70;12.06;1056;72;4075.00;74
10733;70;627091295;10733;300;11790;11865;6.26;0.38;282.77;12.06;1057;72;4076.00;75
10738;70;627091309;10738;305;11791;11866;6.17;0.38;282.86;12.05;1053;72;4077.00;75
10740;70;627091323;10740;318;11794;11866;6.08;0.37;282.85;12.07;1054;72;4078.00;72
10745;70;627091337;10745;322;11794;11866;5.99;0.37;282.84;12.07;1049;72;4079.00;72
10751;70;627091351;10751;323;11815;11895;5.94;0.36;282.86;12.07;1064;72;4080.00;80
10757;70;627091366;10757;324;11815;11895;5.89;0.36;282.82;12.07;1058;72;4081.00;80
10762;70;627091380;10762;327;11819;11895;5.88;0.36;282.82;12.06;1057;72;4082.00;76
10766;70;627091408;10766;327;11822;11896;5.91;0.36;282.83;12.07;1056;72;4083.00;74
10773;70;627091426;10773;326;11823;11897;5.97;0.37;282.93;12.07;1050;72;4084.00;74
10776;70;627091449;10776;327;11826;11897;6.04;0.37;282.94;12.08;1050;72;4085.00;71
10782;70;627091465;10782;334;11829;11900;6.08;0.37;283.02;12.08;1047;72;4086.00;71
10786;70;627091486;10786;332;11831;11900;6.11;0.37;283.06;12.09;1045;72;4087.00;69
10790;70;627091505;10790;326;11831;11900;6.23;0.38;283.04;12.09;1041;72;4088.00;69
10794;70;627091521;10794;319;11831;11900;6.26;0.38;283.11;12.09;1037;72;4089.00;69
10797;70;627091537;10797;313;11836;11906;6.37;0.39;283.13;12.09;1039;72;4090.00;70
10801;70;627091553;10801;312;11836;11906;6.44;0.39;283.12;12.09;1035;72;4091.00;70
10805;70;627091569;10805;306;11836;11906;6.50;0.40;283.20;12.09;1031;72;4092.00;70
10806;70;627091584;10806;313;11836;11906;6.58;0.40;283.23;12.09;1030;72;4093.00;70
10810;70;627091599;10810;320;11839;11910;6.63;0.40;283.28;12.08;1029;72;4094.00;71
10815;70;627091613;10815;316;11841;11912;6.72;0.41;283.33;12.08;1026;72;4095.00;71
10819;70;627091627;10819;318;11841;11912;6.83;0.42;283.33;12.08;1022;72;4096.00;71
10823;70;627091642;10823;322;11842;11913;6.86;0.42;283.39;12.08;1019;72;4097.00;71
10829;70;627091656;10829;320;11842;11913;6.90;0.42;283.45;12.08;1013;72;4098.00;71
10833;70;627091670;10833;322;11842;11913;6.95;0.42;283.53;12.08;1009;72;4099.00;71
10838;70;627091685;10838;318;11842;11913;6.99;0.43;283.53;12.08;1004;72;4100.00;71
10843;70;627091706;10843;320;11842;11913;7.03;0.43;283.54;12.08;999;72;4101.00;71
10847;70;627091722;10847;316;11842;11913;7.06;0.43;283.56;12.08;995;72;4102.00;71
10850;70;627091744;10850;309;11842;11913;7.11;0.43;283.61;12.08;992;72;4103.00;71
10855;70;627091759;10855;318;11880;11983;7.10;0.44;283.68;12.04;1025;72;4104.00;103
10862;70;627091779;10862;309;11880;11984;7.10;0.44;283.81;12.04;1018;72;4105.00;104
10865;70;627091794;10865;304;11885;11984;7.23;0.44;283.88;12.04;1020;72;4106.00;99
10870;70;627091808;10870;302;11886;11984;7.35;0.45;283.89;12.04;1016;72;4107.00;98
10876;70;627091822;10876;301;11891;11984;7.41;0.45;283.99;12.03;1015;72;4108.00;93
10880;70;627091836;10880;307;11895;11984;7.50;0.46;284.01;12.03;1015;72;4109.00;89
10883;70;627091853;10883;314;11899;11984;7.55;0.46;284.03;12.10;1016;72;4110.00;85
10892;70;627091867;10892;319;11902;11984;7.49;0.46;284.13;12.10;1010;72;4111.00;82
10896;70;627091881;10896;317;11905;11985;7.46;0.46;284.14;12.10;1009;72;4112.00;80
10901;70;627091895;10901;317;11906;11986;7.35;0.45;284.29;12.10;1005;72;4113.00;80
10906;70;627091909;10906;324;11907;11986;7.26;0.44;284.33;12.10;1001;72;4114.00;79
10909;70;627091924;10909;332;11909;11990;7.18;0.44;284.39;12.10;1000;72;4115.00;81
10914;70;627091938;10914;335;11909;11990;7.19;0.44;284.39;12.10;995;72;4116.00;81
10918;70;627091952;10918;340;11909;11990;7.21;0.44;284.40;12.10;991;72;4117.00;81
10922;70;627091974;10922;347;11909;11990;7.22;0.44;284.41;12.10;987;72;4118.00;81
10927;70;627091995;10927;349;11913;11996;7.20;0.44;284.45;12.09;986;72;4119.00;83
10933;70;627092009;10933;349;11915;11996;7.09;0.43;284.46;12.09;982;72;4120.00;81
10939;70;627092023;10939;349;11916;11996;7.02;0.43;284.47;12.09;977;72;4121.00;80
10942;70;627092037;10942;349;11918;11999;6.97;0.43;284.54;12.09;976;72;4122.00;81
10943;70;627092051;10943;355;11919;11999;6.96;0.43;284.57;12.09;976;72;4123.00;80
10947;70;627092065;10947;360;11922;11999;6.85;0.42;284.61;12.16;975;72;4124.00;77
10949;70;627092079;10949;360;11922;12000;6.80;0.42;284.59;12.16;973;72;4125.00;78
10954;70;627092092;10954;361;11923;12001;6.74;0.41;284.62;12.16;969;72;4126.00;78
10956;70;627092106;10956;358;11925;12001;6.67;0.41;284.64;12.22;969;72;4127.00;76
10959;70;627092119;10959;353;11936;12014;6.70;0.41;284.61;12.21;977;72;4128.00;78
10962;70;627092135;10962;350;11936;12014;6.64;0.40;284.65;12.21;974;72;4129.00;78
10967;70;627092148;10967;349;11937;12014;6.59;0.40;284.61;12.28;970;72;4130.00;77
10971;70;627092162;10971;350;11938;12015;6.58;0.40;284.66;12.28;967;72;4131.00;77
10973;70;627092176;10973;351;11938;12015;6.54;0.40;284.73;12.28;965;72;4132.00;77
10975;70;627092203;10975;353;11941;12019;6.55;0.40;284.72;12.27;966;72;4133.00;78
10976;70;627092217;10976;358;11941;12019;6.58;0.40;284.72;12.27;965;72;4134.00;78
10977;70;627092229;10977;353;11945;12023;6.60;0.40;284.71;12.27;968;72;4135.00;78
10979;70;627092242;10979;351;11945;12023;6.56;0.40;284.69;12.27;966;72;4136.00;78
10982;70;627092256;10982;346;11945;12023;6.52;0.39;284.73;12.27;963;72;4137.00;78
10983;70;627092277;10983;347;11945;12023;6.51;0.39;284.74;12.27;962;72;4138.00;78
10984;70;627092290;10984;341;11946;12023;6.51;0.40;284.73;12.33;962;72;4139.00;77
10984;70;627092305;10984;334;11969;12057;6.59;0.40;284.73;12.31;985;72;4140.00;88
10985;70;627092327;10985;333;11970;12057;6.63;0.41;284.72;12.31;985;72;4141.00;87
10986;70;627092342;10986;324;11972;12057;6.74;0.41;284.70;12.31;986;72;4142.00;85
10987;70;627092355;10987;320;11972;12057;6.79;0.42;284.70;12.31;985;72;4143.00;85
10989;70;627092368;10989;312;11973;12057;6.83;0.42;284.70;12.31;984;72;4144.00;84
10991;70;627092382;10991;313;11973;12057;6.84;0.42;284.66;12.31;982;72;4145.00;84
10994;70;627092395;10994;314;11974;12058;6.88;0.42;284.66;12.31;980;72;4146.00;84
10997;70;627092409;10997;307;11974;12058;6.96;0.43;284.65;12.31;977;72;4147.00;84
10999;70;627092426;10999;304;11978;12064;7.00;0.43;284.63;12.30;979;72;4148.00;86
11002;70;627092440;11002;304;11979;12065;7.04;0.43;284.59;12.30;977;72;4149.00;86
11004;70;627092452;11004;289;11980;12065;7.06;0.43;284.65;12.30;976;72;4150.00;85
11006;70;627092465;11006;288;11980;12065;7.08;0.43;284.63;12.30;974;72;4151.00;85
11008;70;627092478;11008;283;11984;12069;7.03;0.43;284.60;12.30;976;72;4152.00;85
11009;70;627092491;11009;281;11984;12069;7.00;0.43;284.58;12.30;975;72;4153.00;85
11012;70;627092503;11012;286;11984;12069;6.98;0.43;284.59;12.30;972;72;4154.00;85
11013;70;627092515;11013;288;11986;12070;6.95;0.43;284.57;12.36;973;72;4155.00;84
11019;70;627092527;11019;287;11989;12074;6.86;0.42;284.55;12.36;970;72;4156.00;85
11020;70;627092546;11020;293;11989;12074;6.84;0.42;284.53;12.36;969;72;4157.00;85
11024;70;627092557;11024;295;11991;12077;6.83;0.42;284.51;12.35;967;72;4158.00;86
11030;70;627092575;11030;296;11991;12077;6.70;0.41;284.51;12.35;961;72;4159.00;86
11031;70;627092587;11031;304;11992;12077;6.65;0.41;284.52;12.35;961;72;4160.00;85
11031;70;627092599;11031;307;11992;12077;6.55;0.40;284.52;12.35;961;72;4161.00;85
11033;70;627092610;11033;303;11996;12081;6.48;0.40;284.49;12.41;963;72;4162.00;85
11035;70;627092622;11035;308;11996;12081;6.45;0.39;284.48;12.41;961;72;4163.00;85
11037;70;627092633;11037;316;11997;12081;6.43;0.39;284.47;12.41;960;72;4164.00;84
11040;70;627092645;11040;319;11997;12081;6.36;0.39;284.47;12.41;957;72;4165.00;84
11042;70;627092656;11042;325;11997;12082;6.30;0.38;284.45;12.41;955;72;4166.00;85
11043;70;627092667;11043;322;11998;12083;6.31;0.39;284.47;12.41;955;72;4167.00;85
11043;70;627092678;11043;325;11999;12083;6.30;0.39;284.47;12.47;956;72;4168.00;84
11044;70;627092689;11044;336;12000;12084;6.32;0.39;284.45;12.47;956;72;4169.00;84
11044;70;627092701;11044;328;12000;12084;6.29;0.38;284.45;12.47;956;72;4170.00;84
11046;70;627092713;11046;315;12000;12084;6.22;0.38;284.47;12.47;954;72;4171.00;84
11050;70;627092724;11050;305;12001;12084;6.20;0.38;284.52;12.53;951;72;4172.00;83
11052;70;627092735;11052;289;12003;12086;6.17;0.38;284.52;12.53;951;72;4173.00;83
11053;70;627092747;11053;279;12003;12086;6.20;0.38;284.51;12.53;950;72;4174.00;83
11055;70;627092758;11055;270;12004;12086;6.19;0.38;284.49;12.59;949;72;4175.00;82
11056;70;627092769;11056;277;12074;12213;6.30;0.39;284.48;12.51;1018;72;4176.00;139
11059;70;627092790;11059;252;12075;12214;6.37;0.39;284.52;12.51;1016;72;4177.00;139
11060;70;627092807;11060;235;12079;12214;6.48;0.40;284.49;12.51;1019;72;4178.00;135
11061;70;627092819;11061;227;12082;12214;6.56;0.41;284.51;12.51;1021;72;4179.00;132
11064;70;627092831;11064;214;12087;12214;6.65;0.41;284.53;12.50;1023;72;4180.00;127
11065;70;627092843;11065;208;12091;12214;6.73;0.42;284.52;12.50;1026;72;4181.00;123
11065;70;627092854;11065;209;12094;12214;6.78;0.42;284.52;12.50;1029;72;4182.00;120
11067;70;627092872;11067;204;12096;12214;6.85;0.42;284.52;12.50;1029;72;4183.00;118
11072;70;627092884;11072;211;12098;12215;6.89;0.42;284.50;12.50;1026;72;4184.00;117
11074;70;627092902;11074;208;12101;12217;6.90;0.42;284.49;12.52;1027;72;4185.00;116
11076;70;627092916;11076;205;12106;12217;6.98;0.43;284.51;12.52;1030;72;4186.00;111
11079;70;627092928;11079;204;12110;12218;7.01;0.43;284.51;12.57;1031;72;4187.00;108
11080;70;627092945;11080;200;12111;12218;7.06;0.43;284.50;12.57;1031;72;4188.00;107
11085;70;627092958;11085;194;12112;12218;7.08;0.43;284.47;12.57;1027;72;4189.00;106
11085;70;627092970;11085;200;12117;12218;7.13;0.44;284.47;12.57;1032;72;4190.00;101
11088;70;627092981;11088;197;12119;12222;7.13;0.44;284.48;12.57;1031;72;4191.00;103
11091;70;627092994;11091;198;12122;12222;7.14;0.44;284.53;12.62;1031;72;4192.00;100
11096;70;627093006;11096;198;12123;12222;7.09;0.43;284.65;12.62;1027;72;4193.00;99
11100;70;627093019;11100;195;12125;12225;7.13;0.43;284.66;12.62;1025;72;4194.00;100
11102;70;627093032;11102;199;12127;12225;7.16;0.44;284.74;12.62;1025;72;4195.00;98
11106;70;627093044;11106;196;12128;12225;7.13;0.44;284.74;12.67;1022;72;4196.00;97
11108;70;627093056;11108;198;12134;12229;7.12;0.43;284.77;12.66;1026;72;4197.00;95
11112;70;627093069;11112;198;12136;12230;7.15;0.44;284.80;12.66;1024;72;4198.00;94
11117;70;627093087;11117;199;12137;12230;7.15;0.44;284.83;12.66;1020;72;4199.00;93
11118;70;627093103;11118;213;12146;12264;7.22;0.44;284.82;12.66;1028;72;4200.00;118
11121;70;627093122;11121;208;12149;12264;7.21;0.44;284.80;12.65;1028;72;4201.00;115
11127;70;627093134;11127;208;12151;12264;7.18;0.44;284.86;12.65;1024;72;4202.00;113
11130;70;627093147;11130;210;12152;12265;7.21;0.44;284.86;12.65;1022;72;4203.00;113
11131;70;627093160;11131;216;12153;12265;7.26;0.44;284.92;12.65;1022;72;4204.00;112
11133;70;627093172;11133;212;12157;12271;7.33;0.45;284.94;12.65;1024;72;4205.00;114
11136;70;627093185;11136;215;12158;12271;7.37;0.45;285.01;12.65;1022;72;4206.00;113
11138;70;627093198;11138;222;12160;12272;7.40;0.45;285.01;12.65;1022;72;4207.00;112
11141;70;627093211;11141;221;12160;12272;7.41;0.45;285.04;12.65;1019;72;4208.00;112
11142;70;627093224;11142;220;12161;12272;7.43;0.45;285.04;12.65;1019;72;4209.00;111
11144;70;627093237;11144;218;12163;12272;7.51;0.46;285.05;12.67;1019;72;4210.00;109
11147;70;627093250;11147;221;12164;12272;7.60;0.46;285.08;12.67;1017;72;4211.00;108
11152;70;627093264;11152;217;12172;12284;7.65;0.46;285.05;12.67;1020;72;4212.00;112
11155;70;627093278;11155;220;12176;12284;7.69;0.47;285.06;12.69;1021;72;4213.00;108
11157;70;627093297;11157;229;12178;12284;7.78;0.47;285.10;12.68;1021;72;4214.00;106
11159;70;627093311;11159;227;12180;12284;7.86;0.48;285.15;12.71;1021;72;4215.00;104
11163;70;627093324;11163;223;12180;12284;7.93;0.48;285.22;12.71;1017;72;4216.00;104
11166;70;627093338;11166;228;12182;12284;7.93;0.48;285.22;12.72;1016;72;4217.00;102
11168;70;627093352;11168;225;12186;12288;7.88;0.48;285.28;12.73;1018;72;4218.00;102
11169;71;627093365;11169;226;12189;12288;7.86;0.48;285.29;12.75;1020;73;4219.00;99
11171;71;627093407;11171;226;12193;12292;7.91;0.48;285.36;12.76;1022;73;4220.00;99
11174;71;627093428;11174;228;12194;12293;7.91;0.48;285.42;12.76;1020;73;4221.00;99
11175;71;627093450;11175;229;12195;12293;7.92;0.48;285.39;12.77;1020;73;4222.00;98
11180;71;627093470;11180;231;12196;12293;7.85;0.48;285.43;12.78;1016;73;4223.00;97
11184;71;627093491;11184;239;12203;12306;7.75;0.47;285.44;12.77;1019;73;4224.00;103
11184;71;627093511;11184;239;12208;12306;7.69;0.47;285.44;12.80;1024;73;4225.00;98
11186;71;627093527;11186;239;12208;12306;7.66;0.47;285.48;12.80;1022;73;4226.00;98
11190;71;627093541;11190;241;12212;12307;7.58;0.46;285.50;12.82;1022;73;4227.00;95
11194;71;627093555;11194;245;12212;12308;7.45;0.45;285.51;12.82;1018;73;4228.00;96
11198;71;627093569;11198;244;12212;12308;7.40;0.45;285.57;12.82;1014;73;4229.00;96
11199;71;627093586;11199;245;12217;12314;7.39;0.45;285.60;12.84;1018;73;4230.00;97
11201;71;627093601;11201;247;12218;12314;7.39;0.45;285.62;12.84;1017;73;4231.00;96
11203;71;627093616;11203;246;12218;12314;7.41;0.45;285.64;12.84;1015;73;4232.00;96
11205;71;627093629;11205;247;12220;12314;7.41;0.45;285.70;12.86;1015;73;4233.00;94
11208;71;627093644;11208;247;12223;12320;7.38;0.45;285.74;12.85;1015;73;4234.00;97
11211;71;627093658;11211;242;12225;12320;7.30;0.45;285.80;12.87;1014;73;4235.00;95
11213;71;627093672;11213;245;12226;12320;7.29;0.45;285.80;12.88;1013;73;4236.00;94
11216;71;627093685;11216;252;12227;12320;7.28;0.44;285.85;12.88;1011;73;4237.00;93
11218;71;627093698;11218;258;12231;12324;7.23;0.44;285.87;12.89;1013;73;4238.00;93
11221;71;627093711;11221;261;12232;12325;7.19;0.44;285.86;12.89;1011;73;4239.00;93
11224;71;627093725;11224;270;12232;12325;7.12;0.44;285.90;12.89;1008;73;4240.00;93
11226;71;627093739;11226;263;12235;12326;7.03;0.43;285.96;12.90;1009;73;4241.00;91
11228;71;627093752;11228;264;12236;12326;6.96;0.43;285.99;12.90;1008;73;4242.00;90
11230;71;627093764;11230;267;12236;12326;6.90;0.42;286.03;12.90;1006;73;4243.00;90
11237;71;627093777;11237;277;12239;12326;6.80;0.42;286.03;12.92;1002;73;4244.00;87
11242;71;627093790;11242;272;12239;12326;6.75;0.41;286.00;12.92;997;73;4245.00;87
11248;71;627093803;11248;283;12241;12326;6.62;0.41;286.04;12.93;993;73;4246.00;85
11253;71;627093816;11253;282;12241;12326;6.52;0.40;286.07;12.93;988;73;4247.00;85
11257;71;627093829;11257;301;12278;12396;6.51;0.40;286.13;12.90;1021;73;4248.00;118
11261;71;627093847;11261;297;12281;12397;6.40;0.39;286.20;12.91;1020;73;4249.00;116
11269;71;627093859;11269;287;12285;12397;6.34;0.39;286.18;12.91;1016;73;4250.00;112
11272;71;627093871;11272;287;12290;12397;6.26;0.38;286.18;12.90;1018;73;4251.00;107
11276;71;627093883;11276;290;12294;12397;6.20;0.38;286.25;12.91;1018;73;4252.00;103
11278;71;627093895;11278;285;12299;12397;6.22;0.38;286.27;12.92;1021;73;4253.00;98
11283;71;627093907;11283;292;12302;12397;6.24;0.38;286.31;12.92;1019;73;4254.00;95
11285;71;627093919;11285;297;12306;12397;6.28;0.38;286.32;12.93;1021;73;4255.00;91
11290;71;627093931;11290;302;12308;12398;6.32;0.39;286.36;12.93;1018;73;4256.00;90
11294;71;627093944;11294;303;12310;12399;6.35;0.39;286.40;12.93;1016;73;4257.00;89
11296;71;627093957;11296;298;12314;12399;6.38;0.39;286.43;12.95;1018;73;4258.00;85
11298;71;627093970;11298;304;12320;12403;6.42;0.39;286.47;12.95;1022;73;4259.00;83
11301;71;627093985;11301;303;12324;12403;6.42;0.39;286.47;12.96;1023;73;4260.00;79
11304;71;627093997;11304;302;12324;12403;6.40;0.39;286.50;12.96;1020;73;4261.00;79
11311;71;627094009;11311;304;12325;12403;6.30;0.39;286.58;12.96;1014;73;4262.00;78
11312;71;627094022;11312;307;12329;12409;6.34;0.39;286.61;12.96;1017;73;4263.00;80
11319;71;627094036;11319;304;12331;12409;6.23;0.38;286.69;12.97;1012;73;4264.00;78
11323;71;627094048;11323;309;12331;12409;6.23;0.38;286.72;12.97;1008;73;4265.00;78
11328;71;627094061;11328;312;12334;12412;6.26;0.38;286.74;12.97;1006;73;4266.00;78
11333;71;627094073;11333;310;12335;12412;6.27;0.38;286.72;12.97;1002;73;4267.00;77
11338;71;627094085;11338;301;12335;12412;6.30;0.38;286.76;12.97;997;73;4268.00;77
11342;71;627094098;11342;304;12335;12413;6.33;0.39;286.78;12.97;993;73;4269.00;78
11343;71;627094110;11343;307;12337;12414;6.43;0.39;286.78;12.97;994;73;4270.00;77
11348;71;627094122;11348;304;12337;12414;6.45;0.39;286.72;12.97;989;73;4271.00;77
11349;71;627094135;11349;312;12349;12427;6.54;0.40;286.76;12.96;1000;73;4272.00;78
11356;71;627094149;11356;316;12351;12427;6.53;0.40;286.81;12.96;995;73;4273.00;76
11358;71;627094162;11358;315;12354;12427;6.55;0.40;286.82;13.02;996;73;4274.00;73
11363;71;627094174;11363;319;12356;12429;6.64;0.40;286.89;13.02;993;73;4275.00;73
11366;71;627094187;11366;315;12356;12429;6.66;0.41;286.93;13.02;990;73;4276.00;73
11371;71;627094200;11371;314;12359;12433;6.64;0.40;286.95;13.02;988;73;4277.00;74
11374;71;627094213;11374;316;12360;12433;6.62;0.40;286.99;13.02;986;73;4278.00;73
11378;71;627094226;11378;320;12363;12437;6.67;0.41;287.02;13.02;985;73;4279.00;74
11383;71;627094239;11383;319;12365;12437;6.66;0.41;287.07;13.02;982;73;4280.00;72
11387;71;627094253;11387;314;12366;12437;6.68;0.41;287.14;13.02;979;73;4281.00;71
11390;71;627094266;11390;326;12367;12437;6.69;0.41;287.17;13.02;977;73;4282.00;70
11395;71;627094279;11395;325;12367;12437;6.66;0.41;287.14;13.02;972;73;4283.00;70
11400;71;627094291;11400;331;12376;12449;6.74;0.41;287.18;13.01;976;73;4284.00;73
11404;71;627094305;11404;338;12377;12449;6.73;0.41;287.29;13.01;973;73;4285.00;72
11406;71;627094318;11406;338;12380;12449;6.76;0.41;287.30;13.00;974;73;4286.00;69
11408;71;627094329;11408;354;12380;12449;6.76;0.41;287.29;13.00;972;73;4287.00;69
11410;71;627094342;11410;363;12380;12449;6.78;0.41;287.31;13.00;970;73;4288.00;69
11414;71;627094355;11414;366;12380;12449;6.74;0.41;287.31;13.00;966;73;4289.00;69
11417;71;627094369;11417;367;12380;12450;6.67;0.41;287.32;13.00;963;73;4290.00;70
11420;71;627094384;11420;375;12380;12450;6.60;0.40;287.34;13.00;960;73;4291.00;70
11422;71;627094396;11422;381;12384;12456;6.56;0.40;287.31;13.00;962;73;4292.00;72
11425;71;627094410;11425;391;12385;12457;6.49;0.39;287.29;13.00;960;73;4293.00;72
11427;71;627094421;11427;398;12386;12457;6.38;0.39;287.33;13.00;959;73;4294.00;71
11432;71;627094434;11432;406;12386;12457;6.30;0.38;287.29;13.00;954;73;4295.00;71
11435;71;627094446;11435;411;12389;12461;6.27;0.38;287.28;13.00;954;73;4296.00;72
11438;71;627094458;11438;408;12389;12461;6.26;0.38;287.26;13.00;951;73;4297.00;72
11441;71;627094471;11441;401;12389;12461;6.25;0.38;287.24;13.00;948;73;4298.00;72
11442;71;627094482;11442;402;12390;12462;6.30;0.38;287.26;12.99;948;73;4299.00;72
11446;71;627094495;11446;401;12393;12466;6.35;0.39;287.25;12.99;947;73;4300.00;73
11446;71;627094511;11446;403;12393;12466;6.38;0.39;287.25;12.99;947;73;4301.00;73
11451;71;627094522;11451;409;12395;12469;6.36;0.39;287.28;12.99;944;73;4302.00;74
11452;71;627094535;11452;410;12396;12469;6.37;0.39;287.28;12.99;944;73;4303.00;73
11457;71;627094546;11457;408;12396;12469;6.37;0.39;287.31;12.99;939;73;4304.00;73
11460;71;627094558;11460;412;12396;12469;6.33;0.39;287.27;12.99;936;73;4305.00;73
11462;71;627094575;11462;398;12399;12473;6.32;0.39;287.27;12.99;937;73;4306.00;74
11463;71;627094587;11463;385;12401;12473;6.37;0.39;287.26;13.04;938;73;4307.00;72
11465;71;627094599;11465;374;12401;12473;6.42;0.39;287.33;13.04;936;73;4308.00;72
11467;71;627094611;11467;366;12401;12473;6.46;0.39;287.31;13.04;934;73;4309.00;72
11470;71;627094623;11470;353;12401;12474;6.57;0.40;287.29;13.04;931;73;4310.00;73
11471;71;627094635;11471;346;12402;12475;6.60;0.40;287.28;13.04;931;73;4311.00;73
11473;71;627094647;11473;336;12402;12475;6.60;0.40;287.28;13.04;929;73;4312.00;73
11474;72;627094660;11474;336;12403;12476;6.60;0.40;287.27;13.04;929;74;4313.00;73
11477;72;627094682;11477;328;12403;12476;6.62;0.40;287.24;13.04;926;74;4314.00;73
11478;72;627094699;11478;321;12403;12476;6.63;0.40;287.24;13.04;925;74;4315.00;73
11479;72;627094711;11479;318;12403;12476;6.64;0.40;287.22;13.04;924;74;4316.00;73
11479;72;627094722;11479;315;12403;12476;6.67;0.41;287.22;13.04;924;74;4317.00;73
11480;72;627094734;11480;315;12403;12476;6.62;0.40;287.22;13.04;923;74;4318.00;73
11481;72;627094753;11481;312;12403;12476;6.60;0.40;287.22;13.04;922;74;4319.00;73
11483;72;627094771;11483;348;12513;12706;6.77;0.42;287.22;12.92;1030;74;4320.00;193
11483;72;627094801;11483;333;12516;12707;6.82;0.43;287.22;12.92;1033;74;4321.00;191
11486;72;627094814;11486;324;12526;12707;6.92;0.43;287.21;12.91;1040;74;4322.00;181
11489;72;627094826;11489;302;12533;12707;6.95;0.43;287.18;12.91;1044;74;4323.00;174
11490;72;627094838;11490;296;12540;12707;6.88;0.43;287.16;12.96;1050;74;4324.00;167
11492;72;627094850;11492;285;12545;12707;6.87;0.43;287.14;12.96;1053;74;4325.00;162
11492;72;627094862;11492;280;12548;12707;6.91;0.43;287.14;12.95;1056;74;4326.00;159
11495;72;627094874;11495;280;12553;12707;6.90;0.43;287.18;12.95;1058;74;4327.00;154
11496;72;627094887;11496;282;12556;12708;6.90;0.43;287.18;12.95;1060;74;4328.00;152
11497;72;627094900;11497;274;12560;12709;6.88;0.43;287.18;12.95;1063;74;4329.00;149
11500;72;627094922;11500;282;12566;12709;6.85;0.43;287.21;12.95;1066;74;4330.00;143
11504;72;627094946;11504;286;12570;12710;6.76;0.42;287.19;13.00;1066;74;4331.00;140
11504;72;627094960;11504;289;12574;12710;6.73;0.42;287.19;13.00;1070;74;4332.00;136
11505;72;627094974;11505;288;12580;12710;6.67;0.41;287.20;13.06;1075;74;4333.00;130
11507;72;627094988;11507;295;12583;12710;6.61;0.41;287.19;13.06;1076;74;4334.00;127
11508;72;627095002;11508;305;12588;12714;6.58;0.41;287.18;13.06;1080;74;4335.00;126
11508;72;627095017;11508;303;12589;12714;6.57;0.41;287.18;13.06;1081;74;4336.00;125
11509;72;627095030;11509;299;12589;12714;6.57;0.41;287.17;13.06;1080;74;4337.00;125
11509;72;627095045;11509;304;12592;12717;6.61;0.41;287.17;13.06;1083;74;4338.00;125
11511;72;627095060;11511;311;12594;12717;6.57;0.41;287.18;13.12;1083;74;4339.00;123
11513;72;627095080;11513;313;12594;12717;6.55;0.40;287.17;13.12;1081;74;4340.00;123
11515;72;627095094;11515;309;12597;12721;6.54;0.40;287.18;13.12;1082;74;4341.00;124
11516;72;627095107;11516;313;12599;12722;6.58;0.41;287.17;13.12;1083;74;4342.00;123
11519;72;627095120;11519;315;12600;12722;6.54;0.40;287.18;13.17;1081;74;4343.00;122
11522;72;627095133;11522;313;12601;12726;6.53;0.40;287.19;13.17;1079;74;4344.00;125
11526;72;627095147;11526;320;12602;12726;6.55;0.40;287.22;13.17;1076;74;4345.00;124
11529;72;627095159;11529;326;12604;12726;6.48;0.40;287.23;13.17;1075;74;4346.00;122
11532;72;627095172;11532;322;12606;12727;6.48;0.40;287.25;13.17;1074;74;4347.00;121
11534;72;627095185;11534;326;12607;12727;6.47;0.40;287.24;13.17;1073;74;4348.00;120
11534;72;627095198;11534;313;12609;12733;6.51;0.40;287.24;13.17;1075;74;4349.00;124
11539;72;627095212;11539;313;12610;12733;6.49;0.40;287.27;13.23;1071;74;4350.00;123
11545;72;627095225;11545;312;12611;12734;6.43;0.39;287.43;13.23;1066;74;4351.00;123
11546;72;627095237;11546;296;12611;12734;6.40;0.39;287.43;13.23;1065;74;4352.00;123
11552;72;627095249;11552;291;12614;12734;6.36;0.39;287.49;13.29;1062;74;4353.00;120
11557;72;627095262;11557;279;12616;12734;6.32;0.38;287.62;13.29;1059;74;4354.00;118
11561;72;627095274;11561;275;12619;12734;6.32;0.38;287.59;13.37;1058;74;4355.00;115
11565;72;627095288;11565;271;12630;12746;6.39;0.39;287.63;13.36;1065;74;4356.00;116
11569;72;627095301;11569;270;12630;12746;6.42;0.39;287.72;13.36;1061;74;4357.00;116
11570;72;627095313;11570;270;12633;12746;6.49;0.39;287.73;13.42;1063;74;4358.00;113
11574;72;627095325;11574;267;12633;12746;6.49;0.39;287.68;13.42;1059;74;4359.00;113
11576;72;627095338;11576;256;12634;12746;6.55;0.40;287.71;13.48;1058;74;4360.00;112
11578;72;627095350;11578;248;12634;12746;6.66;0.40;287.69;13.48;1056;74;4361.00;112
11580;72;627095363;11580;245;12637;12750;6.72;0.41;287.70;13.47;1057;74;4362.00;113
11582;72;627095382;11582;245;12638;12750;6.83;0.41;287.73;13.53;1056;74;4363.00;112
11587;72;627095402;11587;236;12640;12754;6.91;0.42;287.68;13.53;1053;74;4364.00;114
11588;72;627095425;11588;236;12643;12756;7.05;0.43;287.66;13.59;1055;74;4365.00;113
11591;72;627095447;11591;238;12644;12756;7.09;0.43;287.69;13.59;1053;74;4366.00;112
11593;72;627095467;11593;234;12646;12756;7.14;0.43;287.74;13.59;1053;74;4367.00;110
11594;72;627095488;11594;232;12655;12769;7.22;0.44;287.74;13.58;1061;74;4368.00;114
11598;72;627095507;11598;232;12657;12769;7.19;0.44;287.79;13.64;1059;74;4369.00;112
11600;72;627095522;11600;230;12657;12769;7.25;0.44;287.87;13.64;1057;74;4370.00;112
11603;72;627095537;11603;231;12659;12770;7.36;0.45;287.88;13.64;1056;74;4371.00;111
11607;72;627095553;11607;239;12659;12771;7.44;0.45;287.92;13.64;1052;74;4372.00;112
11609;72;627095568;11609;237;12659;12771;7.52;0.46;287.94;13.64;1050;74;4373.00;112
11609;72;627095584;11609;235;12662;12774;7.62;0.46;287.94;13.64;1053;74;4374.00;112
11612;72;627095600;11612;242;12663;12774;7.68;0.46;288.03;13.64;1051;74;4375.00;111
11613;72;627095616;11613;246;12664;12774;7.73;0.47;288.06;13.64;1051;74;4376.00;110
11616;72;627095635;11616;243;12664;12774;7.75;0.47;288.08;13.64;1048;74;4377.00;110
11618;72;627095653;11618;245;12669;12780;7.82;0.47;288.08;13.64;1051;74;4378.00;111
11622;72;627095669;11622;245;12669;12780;7.83;0.47;288.15;13.64;1047;74;4379.00;111
11625;72;627095688;11625;252;12672;12780;7.85;0.48;288.20;13.66;1047;74;4380.00;108
11628;72;627095704;11628;252;12672;12780;7.86;0.48;288.20;13.66;1044;74;4381.00;108
11631;72;627095720;11631;254;12676;12784;7.89;0.48;288.23;13.66;1045;74;4382.00;108
11632;72;627095735;11632;263;12678;12785;7.91;0.48;288.23;13.66;1046;74;4383.00;107
11637;72;627095750;11637;265;12679;12785;7.92;0.48;288.30;13.66;1042;74;4384.00;106
11640;72;627095765;11640;266;12684;12786;7.90;0.48;288.31;13.70;1044;74;4385.00;102
11640;72;627095780;11640;273;12686;12786;7.92;0.48;288.31;13.72;1046;74;4386.00;100
11645;72;627095794;11645;272;12689;12786;7.88;0.48;288.34;13.76;1044;74;4387.00;97
11647;72;627095810;11647;264;12691;12786;7.86;0.48;288.34;13.77;1044;74;4388.00;95
11648;72;627095824;11648;264;12691;12786;7.84;0.48;288.38;13.77;1043;74;4389.00;95
11650;72;627095838;11650;267;12695;12786;7.80;0.48;288.43;13.80;1045;74;4390.00;91
11651;72;627095852;11651;264;12695;12786;7.77;0.48;288.45;13.80;1044;74;4391.00;91
11653;72;627095866;11653;274;12733;12856;7.88;0.48;288.43;13.78;1080;74;4392.00;123
11655;72;627095895;11655;280;12736;12857;7.85;0.48;288.49;13.79;1081;74;4393.00;121
11660;72;627095910;11660;276;12746;12857;7.85;0.48;288.53;13.79;1086;74;4394.00;111
11665;72;627095925;11665;283;12747;12857;7.80;0.48;288.61;13.79;1082;74;4395.00;110
11669;72;627095940;11669;291;12753;12857;7.78;0.48;288.66;13.81;1084;74;4396.00;104
11672;72;627095954;11672;295;12755;12857;7.76;0.48;288.70;13.81;1083;74;4397.00;102
11675;72;627095969;11675;292;12762;12857;7.69;0.47;288.78;13.82;1087;74;4398.00;95
11682;72;627095983;11682;291;12764;12857;7.59;0.46;288.88;13.83;1082;74;4399.00;93
11684;72;627095999;11684;286;12770;12858;7.61;0.47;288.86;13.84;1086;74;4400.00;88
11687;72;627096018;11687;280;12773;12859;7.61;0.47;288.91;13.84;1086;74;4401.00;86
11693;72;627096033;11693;280;12775;12859;7.60;0.46;288.96;13.85;1082;74;4402.00;84
11695;72;627096048;11695;280;12778;12863;7.58;0.46;288.95;13.85;1083;74;4403.00;85
11697;72;627096062;11697;280;12780;12863;7.57;0.46;288.96;13.86;1083;74;4404.00;83
11701;72;627096077;11701;282;12780;12863;7.53;0.46;288.99;13.86;1079;74;4405.00;83
11703;72;627096092;11703;285;12781;12863;7.56;0.46;289.03;13.87;1078;74;4406.00;82
11709;72;627096107;11709;280;12786;12869;7.62;0.47;289.05;13.86;1077;74;4407.00;83
11710;72;627096123;11710;281;12789;12869;7.63;0.47;289.08;13.88;1079;74;4408.00;80
11713;72;627096137;11713;285;12789;12869;7.63;0.47;289.15;13.88;1076;74;4409.00;80
11714;72;627096153;11714;295;12794;12875;7.55;0.46;289.15;13.88;1080;74;4410.00;81
11719;72;627096169;11719;295;12796;12875;7.41;0.45;289.17;13.88;1077;74;4411.00;79
11723;72;627096183;11723;301;12797;12875;7.32;0.45;289.23;13.89;1074;74;4412.00;78
11728;72;627096197;11728;309;12798;12876;7.16;0.44;289.18;13.89;1070;74;4413.00;78
11732;72;627096210;11732;312;12800;12877;7.04;0.43;289.20;13.90;1068;74;4414.00;77
11735;72;627096224;11735;322;12800;12877;6.91;0.42;289.21;13.90;1065;74;4415.00;77
11740;72;627096237;11740;321;12812;12890;6.76;0.41;289.28;13.89;1072;74;4416.00;78
11744;72;627096252;11744;330;12813;12890;6.61;0.40;289.38;13.90;1069;74;4417.00;77
11750;72;627096266;11750;335;12813;12890;6.48;0.40;289.35;13.90;1063;74;4418.00;77
11754;72;627096278;11754;343;12816;12891;6.35;0.39;289.37;13.91;1062;74;4419.00;75
11761;72;627096292;11761;338;12816;12891;6.22;0.38;289.41;13.91;1055;74;4420.00;75
11765;72;627096306;11765;327;12819;12895;6.19;0.38;289.47;13.91;1054;74;4421.00;76
11767;72;627096319;11767;324;12821;12895;6.23;0.38;289.47;13.92;1054;74;4422.00;74
11772;72;627096332;11772;329;12824;12899;6.21;0.38;289.48;13.92;1052;74;4423.00;75
11777;72;627096345;11777;325;12827;12899;6.15;0.38;289.55;13.93;1050;74;4424.00;72
11782;72;627096364;11782;325;12827;12899;6.19;0.38;289.61;13.93;1045;74;4425.00;72
11787;72;627096377;11787;328;12827;12899;6.20;0.38;289.66;13.93;1040;74;4426.00;72
11791;72;627096392;11791;322;12827;12899;6.22;0.38;289.62;13.93;1036;74;4427.00;72
11795;72;627096405;11795;322;12838;12911;6.35;0.39;289.64;13.92;1043;74;4428.00;73
11798;72;627096419;11798;318;12840;12911;6.38;0.39;289.67;13.92;1042;74;4429.00;71
11800;72;627096433;11800;320;12841;12911;6.43;0.40;289.70;13.92;1041;74;4430.00;70
11802;72;627096445;11802;325;12841;12911;6.49;0.40;289.74;13.92;1039;74;4431.00;70
11806;72;627096458;11806;317;12841;12911;6.48;0.40;289.74;13.92;1035;74;4432.00;70
11809;72;627096470;11809;317;12841;12911;6.48;0.40;289.79;13.92;1032;74;4433.00;70
11813;72;627096483;11813;310;12841;12912;6.52;0.40;289.85;13.92;1028;74;4434.00;71
11819;72;627096496;11819;304;12841;12912;6.58;0.40;289.85;13.92;1022;74;4435.00;71
11824;72;627096508;11824;304;12846;12918;6.61;0.41;289.92;13.91;1022;74;4436.00;72
11830;72;627096521;11830;303;12847;12919;6.66;0.41;289.90;13.91;1017;74;4437.00;72
11834;72;627096534;11834;312;12847;12919;6.68;0.41;289.86;13.91;1013;74;4438.00;72
11840;72;627096547;11840;320;12847;12919;6.65;0.41;289.85;13.91;1007;74;4439.00;72
11843;72;627096562;11843;323;12851;12924;6.70;0.41;289.84;13.91;1008;74;4440.00;73
11848;72;627096574;11848;323;12851;12924;6.66;0.41;289.85;13.91;1003;74;4441.00;73
11850;72;627096587;11850;321;12851;12924;6.69;0.41;289.88;13.91;1001;74;4442.00;73
11852;72;627096605;11852;321;12852;12925;6.67;0.41;289.88;13.91;1000;74;4443.00;73
11855;72;627096618;11855;322;12855;12929;6.70;0.41;289.84;13.90;1000;74;4444.00;74
11858;72;627096630;11858;328;12855;12929;6.65;0.41;289.84;13.90;997;74;4445.00;74
11861;72;627096643;11861;322;12857;12932;6.67;0.41;289.83;13.90;996;74;4446.00;75
11868;72;627096656;11868;332;12858;12932;6.67;0.41;289.79;13.90;990;74;4447.00;74
11871;72;627096668;11871;335;12858;12932;6.66;0.41;289.81;13.90;987;74;4448.00;74
11875;72;627096682;11875;334;12858;12932;6.67;0.41;289.76;13.90;983;74;4449.00;74
11880;72;627096695;11880;342;12861;12936;6.67;0.41;289.71;13.90;981;74;4450.00;75
11885;72;627096708;11885;340;12861;12936;6.61;0.40;289.67;13.90;976;74;4451.00;75
11887;72;627096721;11887;345;12862;12936;6.63;0.40;289.63;13.90;975;74;4452.00;74
11889;72;627096733;11889;346;12862;12936;6.57;0.40;289.62;13.90;973;74;4453.00;74
11890;72;627096745;11890;356;12862;12937;6.56;0.40;289.63;13.90;972;74;4454.00;75
11897;72;627096757;11897;363;12864;12939;6.47;0.40;289.54;13.89;967;74;4455.00;75
11899;72;627096770;11899;364;12864;12939;6.40;0.39;289.52;13.89;965;74;4456.00;75
11902;72;627096782;11902;366;12865;12940;6.35;0.39;289.49;13.89;963;74;4457.00;75
11905;72;627096795;11905;375;12865;12940;6.36;0.39;289.45;13.89;960;74;4458.00;75
11906;72;627096807;11906;374;12865;12940;6.36;0.39;289.47;13.89;959;74;4459.00;75
11911;72;627096819;11911;380;12866;12940;6.34;0.39;289.38;13.95;955;74;4460.00;74
11913;72;627096831;11913;386;12866;12940;6.26;0.38;289.36;13.95;953;74;4461.00;74
11913;72;627096842;11913;388;12866;12940;6.17;0.38;289.36;13.95;953;74;4462.00;74
11916;72;627096853;11916;392;12866;12940;6.05;0.37;289.32;13.95;950;74;4463.00;74
11919;72;627096864;11919;407;12932;13067;6.41;0.40;289.36;13.88;1013;74;4464.00;135
11923;72;627096885;11923;409;12934;13068;6.31;0.39;289.33;13.87;1011;74;4465.00;134
11924;72;627096898;11924;413;12943;13068;6.35;0.39;289.31;13.87;1019;74;4466.00;125
11928;72;627096910;11928;405;12946;13068;6.29;0.39;289.29;13.86;1018;74;4467.00;122
11930;72;627096921;11930;401;12952;13068;6.33;0.39;289.30;13.86;1022;74;4468.00;116
11932;72;627096933;11932;400;12956;13068;6.31;0.39;289.29;13.86;1024;74;4469.00;112
11935;72;627096947;11935;395;12962;13068;6.34;0.39;289.34;13.85;1027;74;4470.00;106
11935;72;627096960;11935;393;12964;13068;6.37;0.39;289.34;13.85;1029;74;4471.00;104
11936;72;627096973;11936;393;12968;13069;6.37;0.39;289.34;13.85;1032;74;4472.00;101
11938;72;627096991;11938;396;12972;13070;6.41;0.40;289.32;13.85;1034;74;4473.00;98
11941;72;627097004;11941;404;12976;13070;6.36;0.39;289.33;13.90;1035;74;4474.00;94
11943;72;627097024;11943;392;12979;13071;6.36;0.39;289.31;13.90;1036;74;4475.00;92
11945;72;627097037;11945;377;12981;13071;6.39;0.39;289.31;13.90;1036;74;4476.00;90
11950;72;627097050;11950;369;12982;13071;6.41;0.40;289.30;13.90;1032;74;4477.00;89
11950;72;627097064;11950;350;12984;13071;6.59;0.41;289.30;13.90;1034;74;4478.00;87
11953;72;627097077;11953;337;12987;13075;6.71;0.41;289.29;13.90;1034;74;4479.00;88
11955;72;627097102;11955;332;12989;13075;6.83;0.42;289.27;13.90;1034;74;4480.00;86
11955;72;627097116;11955;316;12989;13075;6.98;0.43;289.27;13.90;1034;74;4481.00;86
11956;72;627097130;11956;307;12992;13078;7.19;0.44;289.26;13.90;1036;74;4482.00;86
11959;72;627097145;11959;295;12992;13078;7.30;0.45;289.22;13.90;1033;74;4483.00;86
11960;72;627097165;11960;294;12993;13078;7.44;0.46;289.22;13.89;1033;74;4484.00;85
11962;72;627097184;11962;290;12996;13082;7.53;0.46;289.20;13.89;1034;74;4485.00;86
11962;72;627097198;11962;276;12998;13083;7.64;0.47;289.20;13.89;1036;74;4486.00;85
11962;72;627097212;11962;271;12998;13083;7.70;0.47;289.20;13.89;1036;74;4487.00;85
11966;72;627097227;11966;266;13001;13087;7.79;0.48;289.16;13.89;1035;74;4488.00;86
11968;72;627097242;11968;265;13001;13087;7.79;0.48;289.15;13.89;1033;74;4489.00;86
11971;72;627097256;11971;265;13001;13087;7.79;0.48;289.12;13.89;1030;74;4490.00;86
11974;72;627097269;11974;268;13002;13088;7.79;0.48;289.09;13.89;1028;74;4491.00;86
11975;72;627097283;11975;261;13002;13088;7.78;0.47;289.08;13.89;1027;74;4492.00;86
11977;72;627097297;11977;252;13006;13094;7.81;0.48;289.08;13.88;1029;74;4493.00;88
11978;72;627097311;11978;250;13006;13094;7.82;0.48;289.07;13.88;1028;74;4494.00;88
11980;72;627097325;11980;256;13007;13095;7.84;0.48;289.06;13.88;1027;74;4495.00;88
11984;72;627097339;11984;257;13007;13095;7.78;0.47;289.09;13.88;1023;74;4496.00;88
11985;72;627097352;11985;261;13007;13095;7.73;0.47;289.12;13.88;1022;74;4497.00;88
11985;72;627097366;11985;261;13007;13095;7.70;0.47;289.12;13.88;1022;74;4498.00;88
11988;72;627097380;11988;256;13007;13095;7.63;0.46;289.16;13.88;1019;74;4499.00;88
11992;72;627097406;11992;259;13030;13145;7.56;0.46;289.23;13.86;1038;74;4500.00;115
11996;72;627097448;11996;259;13031;13147;7.54;0.46;289.19;13.86;1035;74;4501.00;116
11997;72;627097470;11997;262;13033;13147;7.54;0.46;289.23;13.85;1036;74;4502.00;114
11999;72;627097489;11999;263;13033;13147;7.57;0.46;289.30;13.85;1034;74;4503.00;114
12002;72;627097510;12002;264;13035;13147;7.58;0.46;289.37;13.85;1033;74;4504.00;112
12003;72;627097526;12003;264;13037;13147;7.60;0.46;289.36;13.91;1034;74;4505.00;110
12004;72;627097541;12004;267;13041;13151;7.58;0.46;289.39;13.90;1037;74;4506.00;110
12006;72;627097556;12006;268;13042;13151;7.56;0.46;289.43;13.90;1036;74;4507.00;109
12009;72;627097570;12009;271;13045;13155;7.57;0.46;289.44;13.90;1036;74;4508.00;110
12011;72;627097585;12011;273;13047;13156;7.57;0.46;289.47;13.90;1036;74;4509.00;109
12012;72;627097600;12012;273;13048;13156;7.55;0.46;289.51;13.90;1036;74;4510.00;108
12017;72;627097615;12017;266;13048;13156;7.52;0.46;289.60;13.90;1031;74;4511.00;108
12021;72;627097628;12021;271;13055;13169;7.49;0.46;289.65;13.89;1034;74;4512.00;114
12025;72;627097644;12025;271;13056;13169;7.46;0.45;289.71;13.89;1031;74;4513.00;113
12026;72;627097658;12026;271;13056;13169;7.49;0.46;289.70;13.89;1030;74;4514.00;113
12030;72;627097672;12030;270;13057;13170;7.43;0.45;289.72;13.89;1027;74;4515.00;113
12033;72;627097685;12033;268;13058;13171;7.40;0.45;289.72;13.89;1025;74;4516.00;113
12036;72;627097699;12036;267;13058;13171;7.40;0.45;289.72;13.89;1022;74;4517.00;113
12041;72;627097712;12041;272;13060;13174;7.43;0.45;289.74;13.89;1019;74;4518.00;114
12045;72;627097726;12045;270;13061;13174;7.41;0.45;289.78;13.89;1016;74;4519.00;113
12046;72;627097740;12046;263;13061;13174;7.37;0.45;289.80;13.89;1015;74;4520.00;113
12049;72;627097754;12049;262;13061;13174;7.35;0.45;289.81;13.89;1012;74;4521.00;113
12050;72;627097768;12050;246;13065;13180;7.26;0.44;289.83;13.89;1015;74;4522.00;115
12053;72;627097781;12053;239;13065;13180;7.23;0.44;289.81;13.89;1012;74;4523.00;115
12058;72;627097794;12058;237;13066;13180;7.19;0.44;289.87;13.90;1008;74;4524.00;114
12065;72;627097809;12065;229;13068;13180;7.13;0.43;289.88;13.91;1003;74;4525.00;112
12069;72;627097823;12069;222;13071;13184;7.09;0.43;289.90;13.91;1002;74;4526.00;113
12075;72;627097835;12075;215;13072;13185;7.10;0.43;289.89;13.91;997;74;4527.00;113
12084;72;627097849;12084;214;13073;13185;7.07;0.43;289.92;13.91;989;74;4528.00;112
12085;72;627097862;12085;209;13074;13186;7.19;0.44;289.92;13.91;989;74;4529.00;112
12089;72;627097877;12089;203;13075;13186;7.26;0.44;289.93;13.92;986;74;4530.00;111
12095;72;627097891;12095;207;13076;13186;7.30;0.44;290.02;13.92;981;74;4531.00;110
12096;72;627097904;12096;199;13076;13186;7.35;0.45;290.07;13.92;980;74;4532.00;110
12100;72;627097917;12100;198;13076;13186;7.40;0.45;290.07;13.92;976;74;4533.00;110
12103;72;627097931;12103;201;13078;13186;7.45;0.45;290.09;13.92;975;74;4534.00;108
12108;72;627097944;12108;207;13078;13186;7.51;0.46;290.03;13.92;970;74;4535.00;108
12112;72;627097957;12112;208;13115;13256;7.59;0.46;290.15;13.89;1003;74;4536.00;141
12115;72;627097977;12115;205;13119;13257;7.60;0.46;290.19;13.89;1004;74;4537.00;138
12118;72;627097991;12118;204;13122;13257;7.61;0.46;290.19;13.88;1004;74;4538.00;135
12123;72;627098005;12123;201;13122;13257;7.61;0.46;290.21;13.88;999;74;4539.00;135
12127;72;627098019;12127;208;13128;13257;7.64;0.46;290.20;13.88;1001;74;4540.00;129
12130;72;627098033;12130;212;13132;13257;7.71;0.47;290.21;13.88;1002;74;4541.00;125
12134;72;627098047;12134;208;13138;13257;7.72;0.47;290.20;13.88;1004;74;4542.00;119
12134;72;627098060;12134;204;13142;13257;7.80;0.47;290.20;13.88;1008;74;4543.00;115
12137;72;627098074;12137;197;13145;13258;7.77;0.47;290.28;13.88;1008;74;4544.00;113
12139;72;627098088;12139;202;13149;13260;7.82;0.47;290.26;13.88;1010;74;4545.00;111
12141;72;627098103;12141;206;13152;13260;7.82;0.47;290.29;13.89;1011;74;4546.00;108
12145;72;627098117;12145;202;13155;13264;7.77;0.47;290.30;13.89;1010;74;4547.00;109
12148;72;627098132;12148;204;13157;13264;7.74;0.47;290.31;13.89;1009;74;4548.00;107
12150;72;627098147;12150;197;13158;13264;7.78;0.47;290.35;13.90;1008;74;4549.00;106
12152;72;627098161;12152;206;13159;13264;7.83;0.48;290.37;13.92;1007;74;4550.00;105
12155;72;627098175;12155;209;13163;13270;7.86;0.48;290.39;13.91;1008;74;4551.00;107
12157;72;627098190;12157;212;13164;13270;7.90;0.48;290.41;13.93;1007;74;4552.00;106
12159;72;627098203;12159;218;13164;13270;7.93;0.48;290.41;13.93;1005;74;4553.00;106
12164;72;627098226;12164;221;13168;13273;7.96;0.48;290.43;13.93;1004;74;4554.00;105
12164;72;627098241;12164;221;13170;13273;7.98;0.48;290.43;13.95;1006;74;4555.00;103
12168;72;627098255;12168;220;13173;13273;7.96;0.48;290.50;13.97;1005;74;4556.00;100
12169;72;627098269;12169;225;13173;13274;8.00;0.48;290.50;13.97;1004;74;4557.00;101
12174;72;627098283;12174;230;13177;13275;7.98;0.48;290.52;13.98;1003;74;4558.00;98
12175;72;627098297;12175;233;13177;13275;7.97;0.48;290.54;13.98;1002;74;4559.00;98
12177;72;627098312;12177;241;13195;13301;7.93;0.48;290.58;13.97;1018;74;4560.00;106
12180;72;627098327;12180;241;13198;13301;7.92;0.48;290.60;13.98;1018;74;4561.00;103
12183;72;627098340;12183;249;13202;13301;7.88;0.48;290.62;13.98;1019;74;4562.00;99
12183;72;627098354;12183;256;13205;13302;7.86;0.48;290.62;14.00;1022;74;4563.00;97
12185;72;627098368;12185;261;13207;13302;7.78;0.47;290.63;14.00;1022;74;4564.00;95
12189;72;627098381;12189;265;13210;13306;7.70;0.47;290.63;14.02;1021;74;4565.00;96
12191;72;627098397;12191;273;13212;13306;7.54;0.46;290.65;14.02;1021;74;4566.00;94
12193;72;627098411;12193;282;13215;13310;7.38;0.45;290.68;14.02;1022;74;4567.00;95
12196;72;627098423;12196;293;13218;13310;7.23;0.44;290.67;14.03;1022;74;4568.00;92
12198;72;627098436;12198;288;13219;13310;7.10;0.43;290.66;14.03;1021;74;4569.00;91
12203;72;627098449;12203;278;13220;13310;6.98;0.42;290.68;14.04;1017;74;4570.00;90
12205;72;627098461;12205;272;13221;13310;6.92;0.42;290.69;14.05;1016;74;4571.00;89
12207;72;627098473;12207;280;13231;13322;7.01;0.43;290.69;14.04;1024;74;4572.00;91
12211;72;627098486;12211;273;13234;13322;6.98;0.43;290.69;14.06;1023;74;4573.00;88
12214;72;627098497;12214;277;13234;13322;6.97;0.42;290.74;14.06;1020;74;4574.00;88
12215;72;627098510;12215;275;13236;13322;7.00;0.43;290.74;14.08;1021;74;4575.00;86
12217;72;627098521;12217;277;13237;13322;6.93;0.42;290.78;14.08;1020;74;4576.00;85
12218;72;627098533;12218;276;13239;13322;6.90;0.42;290.83;14.10;1021;74;4577.00;83
12221;72;627098544;12221;285;13239;13323;6.86;0.42;290.93;14.10;1018;74;4578.00;84
12224;72;627098555;12224;289;13239;13323;6.83;0.42;290.96;14.10;1015;74;4579.00;84
12226;72;627098566;12226;299;13245;13329;6.80;0.41;291.02;14.11;1019;74;4580.00;84
12228;72;627098577;12228;306;13246;13330;6.74;0.41;291.02;14.11;1018;74;4581.00;84
12233;72;627098589;12233;316;13249;13330;6.60;0.40;291.06;14.13;1016;74;4582.00;81
12235;72;627098600;12235;320;13249;13330;6.50;0.40;291.03;14.13;1014;74;4583.00;81
12238;72;627098610;12238;322;13252;13334;6.42;0.39;291.04;14.12;1014;74;4584.00;82
12241;72;627098622;12241;324;13254;13334;6.30;0.39;291.09;14.14;1013;74;4585.00;80
12245;72;627098632;12245;333;13254;13334;6.17;0.38;291.08;14.14;1009;74;4586.00;80
12249;72;627098643;12249;335;13257;13335;6.08;0.37;291.06;14.15;1008;74;4587.00;78
12252;72;627098653;12252;343;13260;13339;6.01;0.37;291.03;14.15;1008;74;4588.00;79
12254;72;627098664;12254;349;13262;13339;5.89;0.36;291.03;14.16;1008;74;4589.00;77
12258;72;627098675;12258;345;13265;13345;5.85;0.36;291.07;14.16;1007;74;4590.00;80
12261;72;627098687;12261;349;13265;13345;5.80;0.36;291.11;14.16;1004;74;4591.00;80
12265;72;627098697;12265;347;13268;13345;5.78;0.35;291.07;14.17;1003;74;4592.00;77
12270;72;627098707;12270;341;13269;13345;5.80;0.36;291.11;14.17;999;74;4593.00;76
12271;72;627098718;12271;347;13273;13349;5.86;0.36;291.12;14.17;1002;74;4594.00;76
12276;72;627098729;12276;342;13274;13349;5.84;0.36;291.18;14.18;998;74;4595.00;75
12279;72;627098740;12279;350;13275;13349;5.84;0.36;291.16;14.18;996;74;4596.00;74
12285;72;627098750;12285;351;13275;13349;5.76;0.35;291.12;14.18;990;74;4597.00;74
12285;72;627098761;12285;349;13276;13350;5.84;0.36;291.12;14.17;991;74;4598.00;74
12290;72;627098771;12290;352;13277;13351;5.84;0.36;291.16;14.17;987;74;4599.00;74
12291;72;627098784;12291;352;13277;13351;5.87;0.36;291.17;14.17;986;74;4600.00;74
12294;72;627098799;12294;356;13278;13352;5.82;0.36;291.15;14.17;984;74;4601.00;74
12300;72;627098809;12300;353;13278;13352;5.73;0.35;291.13;14.17;978;74;4602.00;74
12304;72;627098820;12304;359;13278;13352;5.68;0.35;291.19;14.17;974;74;4603.00;74
12310;72;627098830;12310;351;13278;13352;5.61;0.34;291.15;14.17;968;74;4604.00;74
12314;72;627098842;12314;358;13278;13352;5.59;0.34;291.13;14.17;964;74;4605.00;74
12318;72;627098852;12318;355;13278;13352;5.57;0.34;291.09;14.17;960;74;4606.00;74
12319;72;627098862;12319;357;13278;13352;5.58;0.34;291.11;14.17;959;74;4607.00;74
12321;72;627098872;12321;361;13343;13479;6.12;0.38;291.10;14.10;1022;74;4608.00;136
12323;72;627098893;12323;357;13347;13480;6.11;0.38;291.09;14.10;1024;74;4609.00;133
12328;72;627098903;12328;353;13357;13480;6.13;0.38;291.05;14.09;1029;74;4610.00;123
12331;72;627098915;12331;357;13359;13480;6.11;0.38;291.05;14.09;1028;74;4611.00;121
12336;72;627098932;12336;353;13365;13480;6.08;0.38;291.03;14.08;1029;74;4612.00;115
12340;72;627098944;12340;365;13371;13480;6.09;0.38;291.02;14.08;1031;74;4613.00;109
12341;72;627098955;12341;368;13376;13480;6.13;0.38;291.00;14.08;1035;74;4614.00;104
12345;72;627098967;12345;374;13378;13480;6.12;0.38;291.00;14.08;1033;74;4615.00;102
12350;72;627098980;12350;378;13383;13481;6.13;0.38;290.95;14.07;1033;74;4616.00;98
12354;72;627098997;12354;387;13385;13482;6.08;0.38;290.93;14.07;1031;74;4617.00;97
12356;72;627099009;12356;392;13388;13482;6.09;0.38;290.91;14.07;1032;74;4618.00;94
12358;72;627099022;12358;401;13389;13483;6.08;0.38;290.95;14.07;1031;74;4619.00;94
12363;72;627099038;12363;406;13391;13483;6.07;0.37;290.93;14.07;1028;74;4620.00;92
12366;72;627099051;12366;409;13392;13483;6.09;0.38;290.91;14.07;1026;74;4621.00;91
12368;72;627099065;12368;418;13394;13483;6.07;0.37;290.92;14.07;1026;74;4622.00;89
12370;72;627099077;12370;420;13397;13487;6.07;0.37;290.94;14.07;1027;74;4623.00;90
12371;72;627099091;12371;423;13399;13487;6.07;0.37;290.95;14.07;1028;74;4624.00;88
12375;72;627099104;12375;420;13400;13487;6.03;0.37;290.94;14.07;1025;74;4625.00;87
12377;72;627099117;12377;426;13402;13490;6.03;0.37;290.93;14.07;1025;74;4626.00;88
12382;72;627099130;12382;411;13403;13490;6.05;0.37;291.01;14.07;1021;74;4627.00;87
12385;72;627099143;12385;402;13403;13490;6.09;0.37;291.01;14.07;1018;74;4628.00;87
12388;72;627099157;12388;394;13407;13494;6.17;0.38;290.98;14.06;1019;74;4629.00;87
12390;72;627099171;12390;388;13408;13495;6.23;0.38;291.03;14.06;1018;74;4630.00;87
12390;72;627099185;12390;384;13409;13495;6.27;0.39;291.03;14.06;1019;74;4631.00;86
12395;72;627099198;12395;385;13412;13499;6.31;0.39;291.05;14.06;1017;74;4632.00;87
12399;72;627099213;12399;386;13412;13499;6.31;0.39;291.02;14.06;1013;74;4633.00;87
12402;72;627099232;12402;385;13412;13499;6.33;0.39;291.00;14.06;1010;74;4634.00;87
12403;72;627099245;12403;384;13414;13501;6.41;0.39;290.98;14.06;1011;74;4635.00;87
12405;72;627099258;12405;383;13414;13501;6.49;0.40;290.95;14.06;1009;74;4636.00;87
12407;72;627099276;12407;366;13419;13507;6.60;0.40;290.92;14.12;1012;74;4637.00;88
12410;72;627099290;12410;349;13420;13507;6.70;0.41;290.89;14.11;1010;74;4638.00;87
12410;72;627099303;12410;344;13420;13508;6.74;0.41;290.89;14.11;1010;74;4639.00;88
12412;72;627099316;12412;336;13420;13508;6.79;0.42;290.87;14.11;1008;74;4640.00;88
12417;72;627099335;12417;337;13420;13508;6.83;0.42;290.82;14.11;1003;74;4641.00;88
12417;72;627099348;12417;327;13420;13508;6.92;0.42;290.82;14.11;1003;74;4642.00;88
12421;72;627099361;12421;322;13420;13508;7.01;0.43;290.84;14.11;999;74;4643.00;88
12423;72;627099374;12423;324;13430;13520;7.20;0.44;290.83;14.10;1007;75;4644.00;90
12426;72;627099402;12426;336;13431;13520;7.32;0.44;290.81;14.10;1005;75;4645.00;89
12427;72;627099423;12427;322;13431;13520;7.37;0.45;290.79;14.10;1004;75;4646.00;89
12429;72;627099443;12429;314;13431;13520;7.42;0.45;290.78;14.10;1002;75;4647.00;89
12431;72;627099464;12431;305;13431;13520;7.44;0.45;290.80;14.10;1000;75;4648.00;89
12433;72;627099495;12433;288;13431;13520;7.45;0.45;290.80;14.10;998;75;4649.00;89
12435;72;627099517;12435;294;13436;13526;7.51;0.46;290.87;14.10;1001;75;4650.00;90
12436;72;627099533;12436;283;13436;13526;7.62;0.46;290.86;14.10;1000;75;4651.00;90
12439;72;627099549;12439;276;13439;13530;7.69;0.47;290.89;14.10;1000;75;4652.00;91
12440;72;627099564;12440;272;13441;13531;7.70;0.47;290.92;14.09;1001;75;4653.00;90
12444;72;627099579;12444;268;13441;13531;7.68;0.47;290.95;14.09;997;75;4654.00;90
12448;72;627099596;12448;275;13441;13531;7.69;0.47;290.97;14.09;993;75;4655.00;90
12452;72;627099611;12452;275;13452;13544;7.70;0.47;291.01;14.08;1000;75;4656.00;92
12456;72;627099627;12456;275;13452;13544;7.70;0.47;291.03;14.08;996;75;4657.00;92
12460;72;627099642;12460;268;13452;13544;7.68;0.46;291.06;14.08;992;75;4658.00;92
12463;72;627099657;12463;267;13453;13545;7.69;0.46;291.08;14.08;990;75;4659.00;92
12466;72;627099672;12466;268;13453;13546;7.66;0.46;291.06;14.08;987;75;4660.00;93
12468;72;627099686;12468;264;13453;13546;7.67;0.46;291.08;14.08;985;75;4661.00;93
12473;72;627099701;12473;265;13455;13549;7.67;0.46;291.15;14.08;982;75;4662.00;94
12476;72;627099716;12476;265;13455;13549;7.66;0.46;291.14;14.08;979;75;4663.00;94
12478;72;627099735;12478;268;13456;13549;7.63;0.46;291.15;14.08;978;75;4664.00;93
12482;72;627099749;12482;272;13456;13549;7.63;0.46;291.26;14.08;974;75;4665.00;93
12483;72;627099764;12483;274;13460;13555;7.65;0.46;291.26;14.07;977;75;4666.00;95
12489;72;627099779;12489;272;13460;13555;7.60;0.46;291.25;14.07;971;75;4667.00;95
12490;72;627099795;12490;277;13461;13555;7.62;0.46;291.28;14.07;971;75;4668.00;94
12494;72;627099808;12494;278;13461;13555;7.60;0.46;291.33;14.07;967;75;4669.00;94
12496;72;627099822;12496;282;13464;13559;7.55;0.46;291.35;14.07;968;75;4670.00;95
12499;72;627099835;12499;284;13465;13560;7.54;0.46;291.35;14.07;966;75;4671.00;95
12501;72;627099849;12501;286;13465;13560;7.51;0.46;291.36;14.07;964;75;4672.00;95
12504;72;627099863;12504;283;13466;13561;7.48;0.45;291.36;14.07;962;75;4673.00;95
12507;72;627099876;12507;289;13466;13561;7.46;0.45;291.45;14.07;959;75;4674.00;95
12509;72;627099889;12509;291;13466;13561;7.41;0.45;291.49;14.07;957;75;4675.00;95
12511;72;627099902;12511;289;13466;13561;7.42;0.45;291.51;14.07;955;75;4676.00;95
12513;72;627099915;12513;290;13466;13561;7.40;0.45;291.51;14.07;953;75;4677.00;95
12515;72;627099928;12515;293;13466;13561;7.42;0.45;291.54;14.07;951;75;4678.00;95
12516;72;627099941;12516;298;13466;13561;7.40;0.45;291.54;14.07;950;75;4679.00;95
12521;72;627099955;12521;316;13529;13686;7.33;0.45;291.62;14.00;1008;75;4680.00;157
12523;72;627099979;12523;298;13529;13687;7.29;0.45;291.61;14.00;1006;75;4681.00;158
12526;72;627099994;12526;285;13539;13687;7.40;0.46;291.61;13.99;1013;75;4682.00;148
12531;72;627100008;12531;280;13544;13687;7.46;0.46;291.61;14.05;1013;75;4683.00;143
12536;72;627100022;12536;270;13551;13687;7.49;0.46;291.61;14.05;1015;75;4684.00;136
12538;72;627100035;12538;269;13554;13687;7.52;0.46;291.69;14.05;1016;75;4685.00;133
12540;72;627100049;12540;269;13559;13687;7.56;0.46;291.66;14.04;1019;75;4686.00;128
12544;72;627100063;12544;274;13560;13687;7.57;0.46;291.73;14.04;1016;75;4687.00;127
12545;72;627100076;12545;276;13562;13688;7.64;0.47;291.77;14.04;1017;75;4688.00;126
12548;72;627100090;12548;278;13564;13689;7.59;0.47;291.81;14.04;1016;75;4689.00;125
12552;72;627100104;12552;283;13565;13689;7.53;0.46;291.85;14.04;1013;75;4690.00;124
12558;72;627100117;12558;283;13569;13693;7.40;0.45;291.85;14.04;1011;75;4691.00;124
12562;72;627100132;12562;279;13570;13693;7.29;0.44;291.92;14.04;1008;75;4692.00;123
12565;72;627100147;12565;274;13571;13693;7.17;0.44;291.92;14.04;1006;75;4693.00;122
12569;72;627100160;12569;265;13571;13693;7.10;0.43;292.00;14.04;1002;75;4694.00;122
12572;72;627100174;12572;268;13576;13699;7.07;0.43;292.02;14.06;1004;75;4695.00;123
12575;72;627100190;12575;264;13577;13699;7.01;0.43;292.06;14.06;1002;75;4696.00;122
12579;72;627100210;12579;263;13579;13699;6.96;0.43;292.10;14.12;1000;75;4697.00;120
12582;72;627100225;12582;252;13582;13702;6.94;0.42;292.08;14.12;1000;75;4698.00;120
12589;72;627100241;12589;257;13582;13702;6.91;0.42;292.08;14.12;993;75;4699.00;120
12592;72;627100256;12592;250;13584;13702;6.92;0.42;292.10;14.18;992;75;4700.00;118
12594;72;627100274;12594;252;13584;13703;6.95;0.42;292.08;14.18;990;75;4701.00;119
12599;72;627100288;12599;256;13586;13704;6.93;0.42;292.08;14.23;987;75;4702.00;118
12600;72;627100309;12600;249;13586;13704;6.95;0.42;292.09;14.23;986;75;4703.00;118
12602;72;627100323;12602;248;13596;13717;7.00;0.43;292.13;14.28;994;75;4704.00;121
12604;72;627100337;12604;245;13596;13717;7.06;0.43;292.13;14.28;992;75;4705.00;121
12606;72;627100351;12606;250;13596;13717;7.14;0.44;292.15;14.28;990;75;4706.00;121
12609;72;627100365;12609;249;13599;13718;7.26;0.44;292.16;14.34;990;75;4707.00;119
12616;72;627100379;12616;247;13599;13718;7.26;0.44;292.26;14.34;983;75;4708.00;119
12619;72;627100398;12619;245;13602;13722;7.31;0.44;292.30;14.39;983;75;4709.00;120
12622;72;627100414;12622;238;13603;13722;7.29;0.44;292.32;14.39;981;75;4710.00;119
12624;72;627100428;12624;236;13608;13726;7.28;0.44;292.29;14.39;984;75;4711.00;118
12629;72;627100442;12629;243;13608;13726;7.33;0.45;292.27;14.39;979;75;4712.00;118
12629;72;627100456;12629;239;13609;13726;7.38;0.45;292.27;14.39;980;75;4713.00;117
12631;72;627100469;12631;239;13609;13726;7.40;0.45;292.27;14.39;978;75;4714.00;117
12632;72;627100481;12632;245;13610;13726;7.44;0.45;292.28;14.39;978;75;4715.00;116
12636;72;627100494;12636;241;13619;13738;7.50;0.45;292.27;14.38;983;75;4716.00;119
12637;72;627100508;12637;244;13621;13738;7.46;0.45;292.25;14.38;984;75;4717.00;117
12638;72;627100522;12638;257;13622;13738;7.47;0.45;292.29;14.38;984;75;4718.00;116
12639;72;627100535;12639;262;13624;13738;7.47;0.45;292.28;14.39;985;75;4719.00;114
12641;72;627100548;12641;266;13624;13738;7.49;0.46;292.28;14.39;983;75;4720.00;114
12645;72;627100561;12645;270;13625;13738;7.52;0.46;292.33;14.39;980;75;4721.00;113
12647;72;627100574;12647;273;13627;13739;7.47;0.45;292.37;14.42;980;75;4722.00;112
12648;72;627100592;12648;274;13627;13739;7.48;0.45;292.38;14.42;979;75;4723.00;112
12649;72;627100605;12649;275;13633;13745;7.52;0.46;292.41;14.44;984;75;4724.00;112
12652;72;627100619;12652;285;13637;13747;7.54;0.46;292.42;14.45;985;75;4725.00;110
12652;72;627100632;12652;288;13637;13747;7.56;0.46;292.42;14.45;985;75;4726.00;110
12654;72;627100645;12654;290;13639;13747;7.52;0.46;292.39;14.48;985;75;4727.00;108
12656;72;627100658;12656;294;13642;13751;7.53;0.46;292.40;14.47;986;75;4728.00;109
12656;72;627100671;12656;298;13643;13751;7.53;0.46;292.40;14.49;987;75;4729.00;108
12657;72;627100683;12657;301;13645;13751;7.50;0.46;292.43;14.51;988;75;4730.00;106
12659;72;627100702;12659;302;13646;13752;7.52;0.46;292.44;14.51;987;75;4731.00;106
12661;72;627100720;12661;305;13651;13756;7.50;0.46;292.46;14.53;990;75;4732.00;105
12662;72;627100732;12662;311;13651;13756;7.42;0.45;292.46;14.53;989;75;4733.00;105
12664;72;627100745;12664;313;13653;13759;7.44;0.45;292.47;14.52;989;75;4734.00;106
12670;72;627100758;12670;315;13657;13759;7.35;0.45;292.53;14.55;987;75;4735.00;102
12670;72;627100770;12670;318;13658;13759;7.32;0.45;292.53;14.56;988;75;4736.00;101
12672;72;627100781;12672;325;13659;13759;7.29;0.45;292.55;14.57;987;75;4737.00;100
12676;72;627100793;12676;332;13662;13763;7.28;0.44;292.58;14.57;986;75;4738.00;101
12677;72;627100805;12677;330;13664;13763;7.20;0.44;292.56;14.58;987;75;4739.00;99
12681;72;627100818;12681;331;13665;13763;7.12;0.44;292.65;14.58;984;75;4740.00;98
12683;72;627100830;12683;328;13667;13763;7.01;0.43;292.70;14.60;984;75;4741.00;96
12686;72;627100853;12686;321;13667;13764;6.90;0.42;292.73;14.60;981;75;4742.00;97
12688;72;627100865;12688;314;13669;13765;6.87;0.42;292.73;14.60;981;75;4743.00;96
12691;72;627100876;12691;314;13669;13765;6.83;0.42;292.69;14.60;978;75;4744.00;96
12693;72;627100888;12693;314;13672;13766;6.82;0.42;292.66;14.62;979;75;4745.00;94
12693;72;627100899;12693;316;13673;13766;6.84;0.42;292.66;14.63;980;75;4746.00;93
12695;72;627100910;12695;329;13674;13766;6.83;0.42;292.68;14.64;979;75;4747.00;92
12697;72;627100921;12697;332;13675;13766;6.87;0.42;292.67;14.64;978;75;4748.00;91
12699;72;627100932;12699;329;13675;13766;6.87;0.42;292.64;14.64;976;75;4749.00;91
12699;72;627100944;12699;331;13677;13766;6.84;0.42;292.64;14.65;978;75;4750.00;89
12701;72;627100954;12701;340;13677;13766;6.77;0.41;292.65;14.65;976;75;4751.00;89
12705;72;627100965;12705;364;13740;13893;6.92;0.43;292.58;14.59;1035;75;4752.00;153
12706;72;627100986;12706;369;13746;13894;6.83;0.42;292.56;14.60;1040;75;4753.00;148
12709;72;627100999;12709;369;13755;13894;6.83;0.42;292.56;14.59;1046;75;4754.00;139
12712;72;627101011;12712;375;13761;13894;6.75;0.42;292.53;14.60;1049;75;4755.00;133
12714;72;627101023;12714;373;13767;13894;6.68;0.41;292.52;14.59;1053;75;4756.00;127
12718;72;627101034;12718;380;13773;13894;6.58;0.41;292.50;14.59;1055;75;4757.00;121
12722;72;627101046;12722;380;13780;13894;6.44;0.40;292.52;14.60;1058;75;4758.00;114
12726;72;627101057;12726;390;13784;13894;6.36;0.39;292.49;14.60;1058;75;4759.00;110
12729;72;627101067;12729;378;13788;13895;6.29;0.39;292.46;14.60;1059;75;4760.00;107
12736;72;627101086;12736;375;13792;13896;6.19;0.38;292.42;14.61;1056;75;4761.00;104
12738;72;627101097;12738;378;13796;13896;6.09;0.38;292.45;14.61;1058;75;4762.00;100
12742;72;627101108;12742;387;13798;13897;6.03;0.37;292.46;14.62;1056;75;4763.00;99
12747;72;627101120;12747;394;13800;13897;5.94;0.37;292.43;14.62;1053;75;4764.00;97
12749;72;627101131;12749;405;13801;13897;5.88;0.36;292.41;14.62;1052;75;4765.00;96
12751;72;627101143;12751;413;13804;13897;5.86;0.36;292.43;14.61;1053;75;4766.00;93
12752;72;627101154;12752;413;13808;13901;5.89;0.36;292.44;14.62;1056;75;4767.00;93
12756;72;627101166;12756;423;13810;13901;5.90;0.36;292.40;14.62;1054;75;4768.00;91
12758;72;627101178;12758;417;13810;13901;5.87;0.36;292.42;14.62;1052;75;4769.00;91
12760;72;627101191;12760;418;13814;13907;5.91;0.36;292.40;14.62;1054;75;4770.00;93
12762;72;627101202;12762;417;13814;13907;5.89;0.36;292.40;14.62;1052;75;4771.00;93
12765;72;627101213;12765;427;13815;13907;5.90;0.36;292.39;14.62;1050;75;4772.00;92
12766;72;627101226;12766;432;13819;13911;5.92;0.37;292.39;14.61;1053;75;4773.00;92
12773;72;627101237;12773;431;13820;13912;5.86;0.36;292.34;14.61;1047;75;4774.00;92
12778;72;627101249;12778;432;13821;13912;5.81;0.36;292.32;14.61;1043;75;4775.00;91
12782;72;627101262;12782;429;13824;13916;5.77;0.35;292.30;14.61;1042;75;4776.00;92
12783;72;627101275;12783;440;13825;13916;5.74;0.35;292.31;14.61;1042;75;4777.00;91
12784;72;627101287;12784;442;13825;13916;5.71;0.35;292.32;14.61;1041;75;4778.00;91
12786;72;627101298;12786;435;13827;13917;5.74;0.35;292.28;14.61;1041;75;4779.00;90
12787;72;627101310;12787;428;13827;13917;5.75;0.35;292.29;14.61;1040;75;4780.00;90
12793;72;627101322;12793;420;13831;13923;5.78;0.35;292.24;14.60;1038;75;4781.00;92
12794;72;627101335;12794;408;13831;13923;5.82;0.36;292.22;14.60;1037;75;4782.00;92
12799;72;627101354;12799;398;13832;13924;5.87;0.36;292.20;14.60;1033;75;4783.00;92
12803;72;627101370;12803;398;13832;13924;5.95;0.36;292.20;14.60;1029;75;4784.00;92
12803;72;627101385;12803;396;13832;13924;6.06;0.37;292.20;14.60;1029;75;4785.00;92
12808;72;627101404;12808;392;13832;13924;6.13;0.38;292.28;14.60;1024;75;4786.00;92
12813;72;627101423;12813;384;13832;13924;6.25;0.38;292.24;14.60;1019;75;4787.00;92
12815;72;627101445;12815;381;13842;13936;6.43;0.39;292.21;14.59;1027;75;4788.00;94
12819;72;627101478;12819;378;13842;13936;6.50;0.40;292.25;14.59;1023;75;4789.00;94
12822;72;627101496;12822;384;13843;13936;6.53;0.40;292.25;14.59;1021;75;4790.00;93
12826;72;627101515;12826;383;13843;13936;6.55;0.40;292.30;14.59;1017;75;4791.00;93
12829;72;627101530;12829;388;13843;13936;6.54;0.40;292.29;14.59;1014;75;4792.00;93
12832;72;627101544;12832;390;13843;13936;6.53;0.40;292.28;14.59;1011;75;4793.00;93
12835;72;627101560;12835;394;13846;13940;6.55;0.40;292.30;14.59;1011;75;4794.00;94
12836;72;627101575;12836;394;13846;13940;6.52;0.40;292.31;14.59;1010;75;4795.00;94
12839;72;627101589;12839;393;13849;13944;6.50;0.40;292.27;14.58;1010;75;4796.00;95
12842;72;627101604;12842;405;13850;13945;6.49;0.40;292.26;14.58;1008;75;4797.00;95
12843;72;627101618;12843;400;13852;13945;6.48;0.40;292.25;14.64;1009;75;4798.00;93
12846;72;627101632;12846;408;13852;13945;6.43;0.39;292.27;14.64;1006;75;4799.00;93
12848;72;627101655;12848;417;13873;13986;6.50;0.40;292.30;14.62;1025;75;4800.00;113
12852;72;627101677;12852;412;13875;13986;6.51;0.40;292.32;14.62;1023;75;4801.00;111
12855;72;627101690;12855;412;13876;13986;6.51;0.40;292.33;14.62;1021;75;4802.00;110
12861;72;627101704;12861;413;13877;13987;6.47;0.39;292.33;14.62;1016;75;4803.00;110
12861;72;627101719;12861;407;13878;13988;6.48;0.39;292.33;14.62;1017;75;4804.00;110
12864;72;627101733;12864;415;13879;13988;6.45;0.39;292.40;14.61;1015;75;4805.00;109
12867;72;627101746;12867;420;13882;13991;6.38;0.39;292.46;14.61;1015;75;4806.00;109
12870;72;627101761;12870;415;13885;13991;6.32;0.39;292.48;14.61;1015;75;4807.00;106
12873;72;627101774;12873;404;13885;13991;6.29;0.38;292.51;14.61;1012;75;4808.00;106
12878;72;627101789;12878;402;13885;13991;6.22;0.38;292.54;14.61;1007;75;4809.00;106
12880;72;627101803;12880;392;13891;13997;6.21;0.38;292.57;14.61;1011;75;4810.00;106
12882;72;627101819;12882;383;13892;13997;6.19;0.38;292.59;14.60;1010;75;4811.00;105
12886;72;627101833;12886;383;13892;13997;6.19;0.38;292.65;14.60;1006;75;4812.00;105
12889;72;627101847;12889;375;13892;13997;6.20;0.38;292.66;14.60;1003;75;4813.00;105
12891;72;627101867;12891;377;13896;14001;6.20;0.38;292.67;14.60;1005;75;4814.00;105
12896;72;627101881;12896;370;13899;14003;6.20;0.38;292.66;14.66;1003;75;4815.00;104
12899;72;627101902;12899;358;13899;14003;6.26;0.38;292.68;14.66;1000;75;4816.00;104
12900;72;627101916;12900;345;13900;14004;6.33;0.38;292.70;14.66;1000;75;4817.00;104
12901;72;627101931;12901;339;13900;14004;6.40;0.39;292.72;14.66;999;75;4818.00;104
12904;72;627101945;12904;328;13901;14004;6.46;0.39;292.72;14.66;997;75;4819.00;103
12906;72;627101959;12906;322;13901;14004;6.54;0.40;292.73;14.66;995;75;4820.00;103
12907;72;627101974;12907;308;13901;14004;6.58;0.40;292.78;14.66;994;75;4821.00;103
12910;72;627101988;12910;309;13901;14004;6.64;0.40;292.78;14.66;991;75;4822.00;103
12913;72;627102002;12913;302;13901;14004;6.64;0.40;292.82;14.66;988;75;4823.00;103
12916;72;627102016;12916;317;13944;14074;6.67;0.41;292.87;14.61;1028;75;4824.00;130
12917;72;627102038;12917;312;13945;14075;6.65;0.40;292.87;14.61;1028;75;4825.00;130
12920;72;627102052;12920;313;13951;14075;6.72;0.41;292.90;14.67;1031;75;4826.00;124
12923;72;627102067;12923;311;13951;14075;6.74;0.41;292.91;14.67;1028;75;4827.00;124
12925;72;627102080;12925;302;13956;14077;6.85;0.42;292.93;14.67;1031;75;4828.00;121
12925;72;627102095;12925;296;13956;14077;6.91;0.42;292.93;14.67;1031;75;4829.00;121
12928;72;627102111;12928;295;13960;14077;6.92;0.42;292.97;14.66;1032;75;4830.00;117
12930;72;627102125;12930;288;13963;14077;6.92;0.42;292.99;14.66;1033;75;4831.00;114
12932;72;627102139;12932;279;13966;14078;6.95;0.42;293.04;14.66;1034;75;4832.00;112
12934;72;627102153;12934;277;13969;14079;6.94;0.42;293.02;14.66;1035;75;4833.00;110
12936;72;627102167;12936;281;13971;14079;6.93;0.42;293.03;14.66;1035;75;4834.00;108
12937;72;627102180;12937;287;13975;14083;6.93;0.42;293.03;14.66;1038;75;4835.00;108
12939;72;627102194;12939;285;13975;14083;6.92;0.42;293.03;14.66;1036;75;4836.00;108
12941;72;627102208;12941;280;13977;14083;6.95;0.42;293.04;14.66;1036;75;4837.00;106
12946;72;627102222;12946;279;13978;14083;6.99;0.43;293.05;14.72;1032;75;4838.00;105
12950;72;627102237;12950;289;13983;14089;6.97;0.42;293.18;14.72;1033;75;4839.00;106
12951;72;627102252;12951;291;13984;14089;6.98;0.42;293.16;14.78;1033;75;4840.00;105
12955;72;627102266;12955;299;13984;14089;6.98;0.42;293.21;14.78;1029;75;4841.00;105
12958;72;627102280;12958;301;13988;14092;7.02;0.43;293.31;14.77;1030;75;4842.00;104
12960;72;627102294;12960;306;13988;14092;6.99;0.42;293.39;14.77;1028;75;4843.00;104
12962;72;627102316;12962;312;13989;14092;7.01;0.43;293.41;14.84;1027;75;4844.00;103
12964;72;627102330;12964;319;13989;14093;7.05;0.43;293.41;14.84;1025;75;4845.00;104
12967;72;627102345;12967;319;13990;14094;7.07;0.43;293.42;14.84;1023;75;4846.00;104
12969;72;627102359;12969;327;13990;14094;7.09;0.43;293.43;14.84;1021;75;4847.00;104
12970;72;627102373;12970;332;14000;14107;7.06;0.43;293.42;14.82;1030;75;4848.00;107
12972;72;627102387;12972;335;14000;14107;7.04;0.43;293.40;14.82;1028;75;4849.00;107
12974;72;627102401;12974;334;14001;14107;6.96;0.42;293.43;14.82;1027;75;4850.00;106
12975;72;627102414;12975;331;14002;14108;6.91;0.42;293.42;14.82;1027;75;4851.00;106
12979;72;627102428;12979;329;14003;14108;6.84;0.42;293.48;14.89;1024;75;4852.00;105
12980;72;627102441;12980;324;14006;14112;6.81;0.41;293.49;14.88;1026;75;4853.00;106
12983;72;627102463;12983;320;14006;14112;6.77;0.41;293.49;14.88;1023;75;4854.00;106
12984;72;627102477;12984;318;14010;14116;6.79;0.41;293.47;14.88;1026;75;4855.00;106
12990;72;627102489;12990;317;14010;14116;6.74;0.41;293.51;14.88;1020;75;4856.00;106
12992;72;627102502;12992;308;14010;14116;6.75;0.41;293.53;14.88;1018;75;4857.00;106
12998;72;627102514;12998;301;14010;14116;6.73;0.41;293.56;14.88;1012;75;4858.00;106
13002;72;627102527;13002;295;14010;14116;6.69;0.40;293.58;14.88;1008;75;4859.00;106
13002;72;627102546;13002;293;14029;14150;6.77;0.41;293.58;14.86;1027;75;4860.00;121
13007;72;627102561;13007;280;14030;14150;6.75;0.41;293.62;14.86;1023;75;4861.00;120
13012;72;627102573;13012;270;14032;14150;6.71;0.41;293.64;14.86;1020;75;4862.00;118
13013;72;627102585;13013;267;14032;14150;6.71;0.41;293.69;14.86;1019;75;4863.00;118
13017;72;627102598;13017;262;14033;14150;6.73;0.41;293.73;14.85;1016;75;4864.00;117
13018;72;627102611;13018;258;14033;14150;6.80;0.41;293.74;14.85;1015;75;4865.00;117
13020;72;627102623;13020;254;14035;14151;6.88;0.42;293.76;14.87;1015;75;4866.00;116
13027;72;627102636;13027;242;14035;14151;6.90;0.42;293.88;14.87;1008;75;4867.00;116
13031;72;627102649;13031;244;14039;14157;6.94;0.42;293.92;14.86;1008;75;4868.00;118
13033;72;627102663;13033;244;14040;14158;6.92;0.42;293.93;14.86;1007;75;4869.00;118
13038;72;627102675;13038;240;14042;14158;6.87;0.42;293.92;14.93;1004;75;4870.00;116
13040;72;627102688;13040;234;14042;14158;6.84;0.42;293.94;14.93;1002;75;4871.00;116
13043;72;627102700;13043;238;14045;14162;6.80;0.41;293.89;14.92;1002;75;4872.00;117
13045;72;627102713;13045;235;14046;14162;6.80;0.41;293.97;14.92;1001;75;4873.00;116
13048;72;627102726;13048;238;14046;14162;6.80;0.41;293.99;14.92;998;75;4874.00;116
13049;72;627102738;13049;246;14047;14163;6.88;0.42;293.98;14.92;998;75;4875.00;116
13054;72;627102750;13054;243;14050;14167;6.84;0.42;294.02;14.92;996;75;4876.00;117
13059;72;627102763;13059;238;14051;14167;6.78;0.41;294.10;14.92;992;75;4877.00;116
13060;72;627102776;13060;235;14053;14170;6.82;0.42;294.08;14.92;993;75;4878.00;117
13062;72;627102789;13062;241;14054;14170;6.86;0.42;294.10;14.92;992;75;4879.00;116
13067;72;627102801;13067;243;14055;14170;6.85;0.42;294.16;14.92;988;75;4880.00;115
13068;72;627102814;13068;248;14055;14170;6.84;0.42;294.16;14.92;987;75;4881.00;115
13070;73;627102826;13070;252;14059;14174;6.86;0.42;294.18;14.91;989;76;4882.00;115
13073;73;627102846;13073;251;14059;14174;6.87;0.42;294.16;14.91;986;76;4883.00;115
13076;73;627102858;13076;254;14060;14174;6.91;0.42;294.12;14.91;984;76;4884.00;114
13080;73;627102879;13080;256;14061;14174;6.85;0.42;294.16;14.91;981;76;4885.00;113
13084;73;627102891;13084;256;14062;14175;6.78;0.41;294.17;14.92;978;76;4886.00;113
13086;73;627102904;13086;258;14063;14176;6.75;0.41;294.15;14.92;977;76;4887.00;113
13089;73;627102916;13089;269;14063;14176;6.69;0.41;294.20;14.92;974;76;4888.00;113
13092;73;627102931;13092;267;14064;14177;6.64;0.40;294.20;14.92;972;76;4889.00;113
13093;73;627102945;13093;278;14066;14177;6.58;0.40;294.25;14.95;973;76;4890.00;111
13094;73;627102957;13094;282;14066;14177;6.59;0.40;294.33;14.95;972;76;4891.00;111
13097;73;627102969;13097;289;14067;14177;6.59;0.40;294.31;14.96;970;76;4892.00;110
13099;73;627102982;13099;286;14068;14177;6.56;0.40;294.36;14.97;969;76;4893.00;109
13102;73;627102994;13102;288;14068;14177;6.51;0.40;294.37;14.97;966;76;4894.00;109
13105;73;627103005;13105;292;14070;14177;6.49;0.40;294.35;14.99;965;76;4895.00;107
13105;73;627103017;13105;318;14133;14304;6.76;0.42;294.35;14.93;1028;76;4896.00;171
13107;73;627103039;13107;312;14138;14305;6.74;0.42;294.32;14.94;1031;76;4897.00;167
13107;73;627103052;13107;311;14149;14305;6.84;0.42;294.32;14.93;1042;76;4898.00;156
13110;73;627103064;13110;318;14153;14305;6.84;0.42;294.35;14.95;1043;76;4899.00;152
13115;73;627103076;13115;317;14159;14305;6.80;0.42;294.30;14.96;1044;76;4900.00;146
13117;73;627103093;13117;321;14162;14305;6.74;0.42;294.28;14.95;1045;76;4901.00;143
13121;73;627103110;13121;325;14167;14305;6.70;0.41;294.29;14.98;1046;76;4902.00;138
13121;73;627103122;13121;324;14171;14305;6.64;0.41;294.29;14.98;1050;76;4903.00;134
13122;73;627103139;13122;327;14175;14306;6.61;0.41;294.27;14.98;1053;76;4904.00;131
13124;73;627103151;13124;329;14179;14308;6.56;0.40;294.25;14.99;1055;76;4905.00;129
13126;73;627103165;13126;336;14184;14308;6.49;0.40;294.23;15.00;1058;76;4906.00;124
13128;73;627103177;13128;344;14185;14309;6.39;0.39;294.20;15.00;1057;76;4907.00;124
13129;73;627103189;13129;353;14191;14309;6.33;0.39;294.19;15.01;1062;76;4908.00;118
13132;73;627103201;13132;359;14193;14309;6.22;0.38;294.14;15.02;1061;76;4909.00;116
13135;73;627103213;13135;354;14198;14309;6.19;0.38;294.10;15.02;1063;76;4910.00;111
13138;73;627103225;13138;355;14203;14313;6.15;0.38;294.08;15.03;1065;76;4911.00;110
13138;73;627103238;13138;352;14206;14313;6.14;0.38;294.08;15.04;1068;76;4912.00;107
13140;73;627103250;13140;357;14207;14313;6.04;0.37;294.08;15.05;1067;76;4913.00;106
13141;73;627103261;13141;370;14211;14316;6.01;0.37;294.15;15.05;1070;76;4914.00;105
13142;73;627103274;13142;375;14212;14316;5.98;0.37;294.14;15.05;1070;76;4915.00;104
13142;73;627103286;13142;384;14214;14316;5.94;0.36;294.14;15.06;1072;76;4916.00;102
13142;73;627103298;13142;387;14219;14320;5.91;0.36;294.14;15.06;1077;76;4917.00;101
13144;73;627103310;13144;398;14223;14321;5.86;0.36;294.10;15.06;1079;76;4918.00;98
13145;73;627103322;13145;411;14224;14321;5.79;0.36;294.10;15.07;1079;76;4919.00;97
13145;73;627103335;13145;413;14229;14326;5.75;0.35;294.10;15.06;1084;76;4920.00;97
13148;73;627103353;13148;426;14230;14326;5.59;0.34;294.10;15.08;1082;76;4921.00;96
13151;73;627103369;13151;423;14230;14326;5.40;0.33;294.07;15.08;1079;76;4922.00;96
13155;73;627103380;13155;437;14231;14327;5.28;0.32;294.04;15.08;1076;76;4923.00;96
13159;73;627103392;13159;441;14232;14327;5.17;0.32;294.01;15.09;1073;76;4924.00;95
13159;73;627103410;13159;449;14240;14333;5.14;0.32;294.01;15.11;1081;76;4925.00;93
13165;73;627103434;13165;456;14241;14333;5.01;0.31;293.94;15.13;1076;76;4926.00;92
13167;73;627103453;13167;471;14242;14334;4.91;0.30;293.96;15.13;1075;76;4927.00;92
13170;73;627103471;13170;481;14242;14334;4.78;0.30;293.95;15.13;1072;76;4928.00;92
13173;73;627103486;13173;483;14243;14334;4.63;0.29;293.93;15.14;1070;76;4929.00;91
13176;73;627103503;13176;477;14243;14334;4.51;0.28;293.90;15.14;1067;76;4930.00;91
13177;73;627103516;13177;460;14244;14334;4.47;0.28;293.90;15.15;1067;76;4931.00;90
13178;73;627103528;13178;449;14255;14346;4.54;0.28;293.91;15.15;1077;76;4932.00;91
13180;73;627103541;13180;440;14255;14346;4.59;0.28;293.91;15.15;1075;76;4933.00;91
13182;73;627103552;13182;434;14257;14346;4.62;0.29;293.94;15.15;1075;76;4934.00;89
13187;73;627103565;13187;435;14257;14346;4.64;0.29;293.99;15.15;1070;76;4935.00;89
13188;73;627103578;13188;433;14257;14346;4.69;0.29;294.01;15.15;1069;76;4936.00;89
13192;73;627103590;13192;423;14257;14346;4.78;0.30;294.02;15.15;1065;76;4937.00;89
13193;73;627103611;13193;423;14260;14350;4.95;0.31;294.00;15.15;1067;76;4938.00;90
13198;73;627103630;13198;417;14260;14350;5.05;0.31;294.00;15.15;1062;76;4939.00;90
13200;73;627103644;13200;403;14263;14354;5.24;0.32;294.02;15.15;1063;76;4940.00;91
13202;73;627103657;13202;397;14264;14355;5.37;0.33;294.06;15.15;1062;76;4941.00;91
13207;73;627103670;13207;396;14265;14355;5.45;0.33;294.04;15.15;1058;76;4942.00;90
13210;73;627103683;13210;386;14265;14355;5.51;0.34;294.02;15.15;1055;76;4943.00;90
13214;73;627103695;13214;382;14276;14368;5.65;0.35;293.99;15.13;1062;76;4944.00;92
13215;73;627103709;13215;379;14276;14368;5.78;0.35;294.00;15.13;1061;77;4945.00;92
13216;73;627103735;13216;373;14276;14368;5.88;0.36;294.00;15.13;1060;77;4946.00;92
13219;73;627103749;13219;371;14277;14369;5.95;0.36;294.00;15.13;1058;77;4947.00;92
13223;73;627103763;13223;370;14277;14370;5.99;0.37;293.96;15.13;1054;77;4948.00;93
13226;73;627103776;13226;373;14277;14370;6.02;0.37;293.98;15.13;1051;77;4949.00;93
13229;73;627103793;13229;373;14281;14379;6.11;0.37;293.99;15.13;1052;77;4950.00;98
13233;73;627103808;13233;377;14282;14379;6.14;0.37;294.00;15.13;1049;77;4951.00;97
13234;73;627103831;13234;373;14283;14379;6.22;0.38;294.05;15.13;1049;77;4952.00;96
13238;73;627103849;13238;374;14283;14379;6.25;0.38;294.09;15.13;1045;77;4953.00;96
13240;73;627103863;13240;375;14287;14385;6.30;0.38;294.09;15.12;1047;77;4954.00;98
13241;73;627103877;13241;377;14287;14385;6.32;0.39;294.10;15.12;1046;77;4955.00;98
13245;73;627103892;13245;370;14288;14385;6.30;0.38;294.08;15.12;1043;77;4956.00;97
13250;73;627103906;13250;375;14288;14385;6.30;0.38;294.11;15.12;1038;77;4957.00;97
13253;73;627103919;13253;376;14293;14389;6.34;0.39;294.11;15.19;1040;77;4958.00;96
13258;73;627103935;13258;373;14295;14390;6.39;0.39;294.18;15.19;1037;77;4959.00;95
13262;73;627103949;13262;376;14296;14390;6.50;0.40;294.20;15.19;1034;77;4960.00;94
13269;73;627103961;13269;371;14297;14391;6.55;0.40;294.27;15.18;1028;77;4961.00;94
13275;73;627103976;13275;371;14297;14391;6.49;0.40;294.31;15.18;1022;77;4962.00;94
13282;73;627103989;13282;370;14297;14391;6.49;0.39;294.43;15.18;1015;77;4963.00;94
13285;73;627104003;13285;366;14297;14391;6.51;0.40;294.45;15.18;1012;77;4964.00;94
13288;73;627104015;13288;362;14297;14391;6.55;0.40;294.45;15.18;1009;77;4965.00;94
13291;73;627104028;13291;361;14297;14391;6.62;0.40;294.47;15.18;1006;77;4966.00;94
13294;73;627104041;13294;357;14297;14391;6.68;0.41;294.52;15.18;1003;77;4967.00;94
13300;73;627104054;13300;375;14339;14461;6.70;0.41;294.57;15.14;1039;77;4968.00;122
13302;73;627104074;13302;365;14339;14462;6.75;0.41;294.59;15.14;1037;77;4969.00;123
13304;73;627104087;13304;359;14345;14462;6.83;0.42;294.60;15.13;1041;77;4970.00;117
13307;73;627104101;13307;353;14346;14462;6.84;0.42;294.68;15.13;1039;77;4971.00;116
13311;73;627104115;13311;351;14350;14462;6.87;0.42;294.72;15.13;1039;77;4972.00;112
13313;73;627104129;13313;355;14352;14462;6.92;0.42;294.75;15.13;1039;77;4973.00;110
13319;73;627104144;13319;354;14356;14462;6.90;0.42;294.85;15.13;1037;77;4974.00;106
13323;73;627104158;13323;361;14357;14462;6.80;0.42;294.90;15.13;1034;77;4975.00;105
13327;73;627104180;13327;357;14360;14463;6.75;0.41;294.90;15.12;1033;77;4976.00;103
13330;73;627104194;13330;355;14362;14464;6.73;0.41;294.94;15.12;1032;77;4977.00;102
13333;73;627104208;13333;347;14365;14464;6.69;0.41;294.95;15.12;1032;77;4978.00;99
13334;73;627104223;13334;352;14368;14468;6.65;0.41;295.01;15.12;1034;77;4979.00;100
13335;73;627104239;13335;351;14368;14468;6.65;0.41;295.00;15.12;1033;77;4980.00;100
13339;73;627104253;13339;351;14368;14468;6.63;0.41;295.11;15.12;1029;77;4981.00;100
13340;73;627104267;13340;357;14368;14468;6.67;0.41;295.12;15.12;1028;77;4982.00;100
13347;73;627104282;13347;362;14372;14474;6.70;0.41;295.13;15.11;1025;77;4983.00;102
13353;73;627104298;13353;358;14373;14474;6.74;0.41;295.17;15.11;1020;77;4984.00;101
13357;73;627104313;13357;365;14374;14474;6.75;0.41;295.20;15.18;1017;77;4985.00;100
13360;73;627104333;13360;360;14377;14477;6.85;0.42;295.24;15.18;1017;77;4986.00;100
13363;73;627104348;13363;354;14377;14477;6.95;0.43;295.32;15.18;1014;77;4987.00;100
13367;73;627104362;13367;351;14377;14477;7.01;0.43;295.37;15.18;1010;77;4988.00;100
13369;73;627104375;13369;341;14377;14478;7.04;0.43;295.39;15.18;1008;77;4989.00;101
13371;73;627104391;13371;339;14378;14479;7.05;0.43;295.40;15.18;1007;77;4990.00;101
13378;73;627104415;13378;338;14378;14479;6.99;0.43;295.48;15.18;1000;77;4991.00;101
13384;73;627104438;13384;347;14389;14492;7.00;0.42;295.55;15.17;1005;77;4992.00;103
13385;73;627104453;13385;343;14389;14492;6.98;0.42;295.54;15.17;1004;77;4993.00;103
13388;73;627104467;13388;337;14389;14492;6.91;0.42;295.57;15.17;1001;77;4994.00;103
13391;73;627104481;13391;344;14391;14494;6.89;0.42;295.65;15.17;1000;77;4995.00;103
13395;73;627104495;13395;346;14391;14494;6.87;0.42;295.64;15.17;996;77;4996.00;103
13397;73;627104509;13397;337;14394;14498;6.86;0.42;295.68;15.16;997;77;4997.00;104
13401;73;627104523;13401;330;14394;14498;6.81;0.41;295.74;15.16;993;77;4998.00;104
13405;73;627104536;13405;326;14398;14502;6.76;0.41;295.84;15.16;993;77;4999.00;104
13406;73;627104558;13406;321;14398;14502;6.71;0.41;295.83;15.16;992;77;5000.00;104
13409;73;627104575;13409;319;14398;14502;6.70;0.41;295.83;15.16;989;77;5001.00;104
13412;73;627104588;13412;321;14399;14502;6.62;0.40;295.88;15.23;987;77;5002.00;103
13414;73;627104600;13414;321;14399;14502;6.57;0.40;295.93;15.23;985;77;5003.00;103
13414;73;627104613;13414;317;14408;14514;6.56;0.40;295.93;15.22;994;77;5004.00;106
13417;73;627104626;13417;325;14408;14514;6.51;0.40;295.95;15.22;991;77;5005.00;106
13417;73;627104639;13417;328;14410;14514;6.54;0.40;295.95;15.22;993;77;5006.00;104
13419;73;627104651;13419;326;14410;14514;6.50;0.39;295.93;15.22;991;77;5007.00;104
13419;73;627104664;13419;324;14410;14514;6.54;0.40;295.93;15.22;991;77;5008.00;104
13422;73;627104676;13422;327;14410;14514;6.54;0.40;295.98;15.22;988;77;5009.00;104
13424;73;627104691;13424;321;14410;14515;6.54;0.40;295.96;15.22;986;77;5010.00;105
13424;73;627104702;13424;323;14410;14515;6.56;0.40;295.96;15.22;986;77;5011.00;105
13425;73;627104721;13425;320;14414;14521;6.57;0.40;296.01;15.22;989;77;5012.00;107
13427;73;627104734;13427;322;14415;14522;6.56;0.40;295.99;15.21;988;77;5013.00;107
13428;73;627104746;13428;320;14416;14522;6.55;0.40;295.99;15.21;988;77;5014.00;106
13428;73;627104763;13428;318;14416;14522;6.55;0.40;295.99;15.21;988;77;5015.00;106
13429;73;627104775;13429;318;14419;14526;6.52;0.39;295.98;15.21;990;77;5016.00;107
13429;73;627104788;13429;314;14419;14526;6.49;0.39;295.98;15.21;990;77;5017.00;107
13431;73;627104800;13431;319;14419;14526;6.46;0.39;295.97;15.21;988;77;5018.00;107
13431;73;627104812;13431;325;14420;14527;6.46;0.39;295.97;15.21;989;77;5019.00;107
13431;73;627104824;13431;319;14424;14531;6.45;0.39;295.97;15.27;993;77;5020.00;107
13433;73;627104836;13433;312;14424;14531;6.39;0.39;295.98;15.27;991;77;5021.00;107
13436;73;627104849;13436;299;14426;14534;6.39;0.39;295.99;15.27;990;77;5022.00;108
13438;73;627104861;13438;289;14426;14534;6.31;0.38;296.03;15.27;988;77;5023.00;108
13439;73;627104873;13439;289;14427;14534;6.24;0.38;296.02;15.27;988;77;5024.00;107
13440;73;627104885;13440;288;14427;14534;6.19;0.38;296.04;15.27;987;77;5025.00;107
13442;73;627104896;13442;287;14430;14538;6.19;0.38;296.04;15.27;988;77;5026.00;108
13444;73;627104908;13444;276;14430;14538;6.20;0.38;296.03;15.27;986;77;5027.00;108
13445;73;627104920;13445;276;14431;14538;6.24;0.38;296.04;15.27;986;77;5028.00;107
13448;73;627104934;13448;269;14431;14538;6.26;0.38;296.01;15.27;983;77;5029.00;107
13452;73;627104946;13452;260;14431;14539;6.21;0.38;296.06;15.27;979;77;5030.00;108
13455;73;627104962;13455;260;14432;14540;6.18;0.38;296.08;15.27;977;77;5031.00;108
13460;73;627104977;13460;256;14432;14540;6.10;0.37;296.14;15.27;972;77;5032.00;108
13462;73;627104990;13462;248;14433;14541;6.07;0.37;296.15;15.27;971;77;5033.00;108
13463;73;627105006;13463;248;14434;14541;6.05;0.37;296.15;15.28;971;77;5034.00;107
13469;73;627105021;13469;243;14434;14541;5.98;0.36;296.21;15.28;965;77;5035.00;107
13472;73;627105033;13472;241;14436;14541;5.91;0.36;296.22;15.37;964;77;5036.00;105
13474;73;627105045;13474;243;14436;14541;5.96;0.36;296.25;15.37;962;77;5037.00;105
13479;73;627105061;13479;236;14436;14541;5.94;0.36;296.24;15.37;957;77;5038.00;105
13480;73;627105088;13480;242;14436;14541;5.97;0.36;296.25;15.37;956;77;5039.00;105
13485;73;627105103;13485;271;14536;14771;6.23;0.39;296.21;15.26;1051;77;5040.00;235
13487;73;627105133;13487;260;14538;14772;6.25;0.39;296.21;15.26;1051;77;5041.00;234
13492;74;627105147;13492;247;14547;14772;6.29;0.39;296.30;15.25;1055;78;5042.00;225
13493;74;627105166;13493;247;14554;14772;6.35;0.40;296.29;15.26;1061;78;5043.00;218
13497;74;627105178;13497;254;14562;14772;6.39;0.40;296.27;15.25;1065;78;5044.00;210
13499;74;627105191;13499;247;14569;14772;6.46;0.40;296.31;15.25;1070;78;5045.00;203
13500;74;627105203;13500;251;14574;14772;6.52;0.41;296.35;15.25;1074;78;5046.00;198
13503;74;627105215;13503;245;14582;14772;6.58;0.41;296.32;15.24;1079;78;5047.00;190
13505;74;627105228;13505;238;14588;14773;6.67;0.41;296.30;15.24;1083;78;5048.00;185
13509;74;627105242;13509;234;14592;14774;6.72;0.42;296.24;15.24;1083;78;5049.00;182
13511;74;627105262;13511;235;14596;14774;6.76;0.42;296.21;15.24;1085;78;5050.00;178
13512;74;627105275;13512;242;14600;14775;6.76;0.42;296.21;15.23;1088;78;5051.00;175
13515;74;627105295;13515;240;14602;14775;6.72;0.41;296.23;15.23;1087;78;5052.00;173
13517;74;627105312;13517;236;14606;14775;6.69;0.41;296.26;15.23;1089;78;5053.00;169
13517;74;627105326;13517;236;14610;14775;6.64;0.41;296.26;15.23;1093;78;5054.00;165
13518;74;627105345;13518;244;14614;14779;6.64;0.41;296.25;15.23;1096;78;5055.00;165
13520;74;627105364;13520;256;14617;14779;6.60;0.41;296.22;15.24;1097;78;5056.00;162
13522;74;627105379;13522;262;14619;14779;6.57;0.40;296.22;15.24;1097;78;5057.00;160
13524;74;627105394;13524;273;14623;14782;6.53;0.40;296.19;15.24;1099;78;5058.00;159
13526;74;627105416;13526;278;14626;14782;6.54;0.40;296.16;15.24;1100;78;5059.00;156
13527;74;627105447;13527;287;14629;14782;6.56;0.40;296.15;15.26;1102;78;5060.00;153
13528;74;627105468;13528;297;14636;14786;6.56;0.40;296.14;15.26;1108;78;5061.00;150
13531;74;627105489;13531;299;14640;14787;6.57;0.41;296.11;15.26;1109;78;5062.00;147
13531;74;627105513;13531;302;14642;14787;6.59;0.41;296.11;15.28;1111;78;5063.00;145
13534;74;627105528;13534;308;14646;14791;6.64;0.41;296.09;15.28;1112;78;5064.00;145
13537;74;627105545;13537;312;14649;14791;6.62;0.41;296.05;15.30;1112;78;5065.00;142
13539;74;627105561;13539;318;14652;14791;6.58;0.40;296.11;15.32;1113;78;5066.00;139
13544;74;627105577;13544;328;14655;14792;6.51;0.40;296.05;15.32;1111;78;5067.00;137
13546;74;627105593;13546;341;14658;14792;6.47;0.40;296.03;15.34;1112;78;5068.00;134
13549;74;627105608;13549;351;14662;14798;6.43;0.39;296.01;15.33;1113;78;5069.00;136
13550;74;627105625;13550;363;14663;14798;6.33;0.39;296.01;15.34;1113;78;5070.00;135
13550;74;627105639;13550;372;14666;14799;6.27;0.38;296.01;15.35;1116;78;5071.00;133
13553;74;627105656;13553;382;14667;14799;6.18;0.38;295.96;15.35;1114;78;5072.00;132
13555;74;627105671;13555;394;14671;14799;6.12;0.37;295.94;15.36;1116;78;5073.00;128
13556;74;627105685;13556;402;14674;14799;6.08;0.37;295.96;15.39;1118;78;5074.00;125
13558;74;627105698;13558;411;14676;14799;6.00;0.37;295.94;15.39;1118;78;5075.00;123
13560;74;627105712;13560;412;14688;14811;5.97;0.36;295.91;15.38;1128;78;5076.00;123
13560;74;627105728;13560;413;14691;14811;5.91;0.36;295.91;15.39;1131;78;5077.00;120
13565;74;627105746;13565;416;14692;14811;5.78;0.35;295.88;15.39;1127;78;5078.00;119
13565;74;627105761;13565;424;14692;14811;5.68;0.35;295.88;15.39;1127;78;5079.00;119
13565;74;627105776;13565;423;14694;14811;5.61;0.34;295.88;15.41;1129;78;5080.00;117
13567;74;627105789;13567;425;14694;14811;5.55;0.34;295.85;15.41;1127;78;5081.00;117
13567;74;627105803;13567;419;14697;14815;5.47;0.34;295.85;15.41;1130;78;5082.00;118
13568;74;627105818;13568;409;14699;14815;5.41;0.33;295.85;15.42;1131;78;5083.00;116
13570;74;627105832;13570;397;14702;14819;5.44;0.33;295.83;15.42;1132;78;5084.00;117
13572;74;627105846;13572;389;14704;14821;5.47;0.34;295.82;15.42;1132;78;5085.00;117
13572;74;627105860;13572;389;14707;14821;5.53;0.34;295.82;15.43;1135;78;5086.00;114
13576;74;627105874;13576;380;14708;14821;5.56;0.34;295.87;15.45;1132;78;5087.00;113
13577;74;627105890;13577;383;14719;14834;5.71;0.35;295.86;15.43;1142;78;5088.00;115
13577;74;627105906;13577;376;14721;14834;5.76;0.35;295.86;15.46;1144;78;5089.00;113
13578;74;627105926;13578;374;14722;14834;5.85;0.36;295.88;15.47;1144;78;5090.00;112
13580;74;627105944;13580;369;14723;14835;5.94;0.36;295.86;15.47;1143;78;5091.00;112
13582;74;627105958;13582;377;14725;14836;5.93;0.36;295.84;15.48;1143;78;5092.00;111
13584;74;627105974;13584;368;14725;14836;5.92;0.36;295.86;15.48;1141;78;5093.00;111
13586;74;627105989;13586;368;14729;14839;5.92;0.36;295.87;15.49;1143;78;5094.00;110
13589;74;627106011;13589;372;14730;14839;5.93;0.36;295.84;15.49;1141;78;5095.00;109
13591;74;627106026;13591;370;14731;14839;5.92;0.36;295.84;15.50;1140;78;5096.00;108
13593;74;627106041;13593;375;14731;14839;5.88;0.36;295.85;15.50;1138;78;5097.00;108
13594;74;627106054;13594;380;14737;14845;5.86;0.36;295.86;15.52;1143;78;5098.00;108
13595;74;627106069;13595;381;14737;14845;5.81;0.36;295.86;15.52;1142;78;5099.00;108
13599;74;627106086;13599;384;14742;14864;5.68;0.35;295.86;15.52;1143;78;5100.00;122
13602;74;627106108;13602;370;14742;14864;5.63;0.34;295.84;15.52;1140;78;5101.00;122
13605;74;627106123;13605;378;14746;14868;5.63;0.34;295.83;15.51;1141;78;5102.00;122
13609;74;627106138;13609;382;14751;14869;5.61;0.34;295.83;15.56;1142;78;5103.00;118
13612;74;627106153;13612;380;14751;14869;5.63;0.34;295.86;15.56;1139;78;5104.00;118
13615;74;627106167;13615;382;14753;14870;5.63;0.34;295.89;15.55;1138;78;5105.00;117
13618;74;627106186;13618;389;14756;14870;5.61;0.34;295.97;15.57;1138;78;5106.00;114
13621;74;627106204;13621;383;14756;14870;5.67;0.35;295.99;15.57;1135;78;5107.00;114
13624;74;627106224;13624;376;14759;14870;5.69;0.35;296.03;15.59;1135;78;5108.00;111
13627;74;627106241;13627;374;14759;14870;5.74;0.35;296.04;15.59;1132;78;5109.00;111
13629;74;627106259;13629;368;14759;14870;5.78;0.35;296.06;15.59;1130;78;5110.00;111
13635;74;627106275;13635;366;14759;14870;5.81;0.36;296.10;15.59;1124;78;5111.00;111
13637;74;627106289;13637;364;14794;14940;5.95;0.37;296.15;15.55;1157;78;5112.00;146
13643;74;627106311;13643;357;14796;14941;6.00;0.37;296.17;15.55;1153;78;5113.00;145
13645;74;627106326;13645;355;14802;14941;6.08;0.37;296.17;15.55;1157;78;5114.00;139
13650;74;627106340;13650;347;14804;14941;6.11;0.37;296.13;15.55;1154;78;5115.00;137
13656;74;627106354;13656;342;14809;14941;6.15;0.38;296.24;15.54;1153;78;5116.00;132
13659;74;627106370;13659;345;14810;14941;6.16;0.38;296.19;15.54;1151;78;5117.00;131
13664;74;627106384;13664;340;14814;14941;6.17;0.38;296.25;15.54;1150;78;5118.00;127
13669;74;627106404;13669;338;14817;14941;6.20;0.38;296.22;15.61;1148;78;5119.00;124
13677;74;627106423;13677;337;14819;14942;6.19;0.38;296.29;15.61;1142;78;5120.00;123
13682;74;627106439;13682;346;14821;14943;6.23;0.38;296.34;15.61;1139;78;5121.00;122
13684;74;627106461;13684;349;14823;14943;6.30;0.38;296.32;15.61;1139;78;5122.00;120
13689;74;627106482;13689;353;14827;14947;6.36;0.39;296.35;15.60;1138;78;5123.00;120
13692;74;627106502;13692;356;14829;14947;6.38;0.39;296.39;15.60;1137;78;5124.00;118
13699;74;627106517;13699;360;14830;14947;6.37;0.39;296.40;15.60;1131;78;5125.00;117
13702;74;627106532;13702;359;14830;14947;6.38;0.39;296.43;15.60;1128;78;5126.00;117
13708;74;627106546;13708;362;14833;14953;6.38;0.39;296.50;15.60;1125;78;5127.00;120
13713;74;627106561;13713;365;14833;14953;6.38;0.39;296.55;15.60;1120;78;5128.00;120
13715;74;627106590;13715;372;14834;14953;6.39;0.39;296.53;15.60;1119;78;5129.00;119
13720;74;627106606;13720;375;14837;14959;6.41;0.39;296.55;15.60;1117;78;5130.00;122
13727;74;627106621;13727;383;14838;14959;6.40;0.39;296.69;15.60;1111;78;5131.00;121
13730;74;627106636;13730;386;14838;14959;6.42;0.39;296.64;15.60;1108;78;5132.00;121
13738;74;627106651;13738;389;14840;14960;6.40;0.39;296.75;15.60;1102;78;5133.00;120
13742;74;627106667;13742;390;14841;14961;6.39;0.39;296.80;15.60;1099;78;5134.00;120
13747;74;627106681;13747;390;14842;14961;6.38;0.39;296.85;15.60;1095;78;5135.00;119
13750;74;627106696;13750;395;14853;14974;6.37;0.39;296.84;15.66;1103;78;5136.00;121
13757;74;627106710;13757;401;14854;14974;6.37;0.39;296.91;15.66;1097;78;5137.00;120
13763;74;627106726;13763;404;14855;14974;6.39;0.39;296.97;15.66;1092;78;5138.00;119
13764;74;627106740;13764;400;14856;14975;6.44;0.39;296.98;15.66;1092;78;5139.00;119
13768;74;627106754;13768;407;14857;14975;6.41;0.39;297.08;15.66;1089;78;5140.00;118
13770;74;627106769;13770;408;14862;14979;6.39;0.39;297.07;15.66;1092;78;5141.00;117
13772;74;627106783;13772;405;14863;14979;6.34;0.39;297.14;15.66;1091;78;5142.00;116
13774;74;627106798;13774;410;14867;14983;6.34;0.39;297.13;15.66;1093;78;5143.00;116
13777;74;627106812;13777;416;14867;14983;6.31;0.38;297.15;15.66;1090;78;5144.00;116
13781;74;627106829;13781;417;14868;14983;6.31;0.38;297.17;15.66;1087;78;5145.00;115
13786;74;627106846;13786;420;14869;14983;6.25;0.38;297.19;15.66;1083;78;5146.00;114
13790;74;627106862;13790;414;14869;14983;6.26;0.38;297.19;15.66;1079;78;5147.00;114
13792;74;627106881;13792;403;14880;14995;6.24;0.38;297.22;15.65;1088;78;5148.00;115
13795;74;627106899;13795;399;14881;14995;6.20;0.38;297.24;15.65;1086;78;5149.00;114
13798;74;627106915;13798;394;14882;14995;6.21;0.38;297.27;15.65;1084;78;5150.00;113
13803;74;627106930;13803;393;14883;14995;6.18;0.38;297.31;15.65;1080;78;5151.00;112
13804;74;627106946;13804;391;14884;14995;6.23;0.38;297.33;15.65;1080;78;5152.00;111
13808;74;627106961;13808;387;14884;14995;6.21;0.38;297.38;15.65;1076;78;5153.00;111
13812;74;627106977;13812;394;14884;14996;6.17;0.38;297.44;15.65;1072;78;5154.00;112
13814;74;627106992;13814;394;14886;14998;6.16;0.38;297.46;15.65;1072;78;5155.00;112
13818;74;627107008;13818;388;14890;15004;6.17;0.37;297.52;15.64;1072;78;5156.00;114
13821;74;627107027;13821;377;14891;15005;6.17;0.38;297.53;15.64;1070;78;5157.00;114
13824;74;627107043;13824;369;14892;15005;6.18;0.38;297.53;15.64;1068;78;5158.00;113
13825;74;627107060;13825;361;14892;15005;6.22;0.38;297.55;15.64;1067;78;5159.00;113
13831;74;627107080;13831;360;14896;15010;6.21;0.38;297.61;15.64;1065;78;5160.00;114
13834;74;627107105;13834;358;14896;15010;6.23;0.38;297.60;15.64;1062;78;5161.00;114
13837;74;627107120;13837;350;14896;15010;6.21;0.38;297.63;15.64;1059;78;5162.00;114
13840;74;627107135;13840;350;14897;15011;6.22;0.38;297.63;15.63;1057;78;5163.00;114
13845;74;627107149;13845;349;14900;15015;6.18;0.37;297.65;15.63;1055;78;5164.00;115
13847;74;627107164;13847;345;14900;15015;6.15;0.37;297.65;15.63;1053;78;5165.00;115
13850;74;627107178;13850;349;14902;15018;6.20;0.38;297.66;15.63;1052;78;5166.00;116
13851;74;627107193;13851;340;14903;15018;6.25;0.38;297.69;15.63;1052;78;5167.00;115
13852;74;627107207;13852;335;14903;15018;6.28;0.38;297.70;15.63;1051;78;5168.00;115
13856;74;627107222;13856;329;14903;15018;6.25;0.38;297.77;15.63;1047;78;5169.00;115
13857;74;627107236;13857;321;14906;15022;6.31;0.38;297.76;15.63;1049;78;5170.00;116
13861;74;627107252;13861;316;14907;15022;6.38;0.39;297.76;15.62;1046;78;5171.00;115
13863;74;627107267;13863;314;14907;15022;6.41;0.39;297.73;15.62;1044;78;5172.00;115
13865;74;627107281;13865;302;14907;15022;6.43;0.39;297.77;15.62;1042;78;5173.00;115
13866;74;627107294;13866;297;14907;15023;6.45;0.39;297.75;15.62;1041;78;5174.00;116
13870;74;627107308;13870;294;14909;15025;6.44;0.39;297.75;15.62;1039;78;5175.00;116
13870;75;627107324;13870;296;14909;15025;6.46;0.39;297.75;15.62;1039;79;5176.00;116
13873;75;627107351;13873;296;14910;15026;6.43;0.39;297.80;15.62;1037;79;5177.00;116
13876;75;627107367;13876;291;14910;15026;6.36;0.39;297.80;15.62;1034;79;5178.00;116
13877;75;627107383;13877;294;14910;15026;6.35;0.38;297.80;15.62;1033;79;5179.00;116
13880;75;627107401;13880;289;14910;15026;6.33;0.38;297.86;15.62;1030;79;5180.00;116
13880;75;627107421;13880;293;14910;15026;6.31;0.38;297.86;15.62;1030;79;5181.00;116
13880;75;627107440;13880;294;14910;15026;6.32;0.38;297.86;15.62;1030;79;5182.00;116
13880;75;627107463;13880;298;14910;15026;6.33;0.38;297.86;15.62;1030;79;5183.00;116
13880;75;627107486;13880;328;14985;15153;6.35;0.39;297.86;15.62;1105;79;5184.00;168
13880;75;627107523;13880;318;14985;15154;6.34;0.39;297.86;15.62;1105;79;5185.00;169
13881;75;627107540;13881;305;14992;15154;6.39;0.39;297.85;15.61;1111;79;5186.00;162
13881;75;627107556;13881;309;14996;15154;6.39;0.39;297.85;15.61;1115;79;5187.00;158
13885;75;627107572;13885;310;15001;15154;6.36;0.39;297.83;15.60;1116;79;5188.00;153
13888;75;627107589;13888;325;15005;15154;6.33;0.39;297.90;15.60;1117;79;5189.00;149
13889;75;627107610;13889;324;15009;15154;6.35;0.39;297.89;15.60;1120;79;5190.00;145
13891;75;627107625;13891;327;15012;15154;6.36;0.39;297.87;15.59;1121;79;5191.00;142
13892;75;627107640;13892;327;15016;15155;6.41;0.40;297.87;15.59;1124;79;5192.00;139
13894;75;627107663;13894;325;15017;15156;6.35;0.39;297.92;15.59;1123;79;5193.00;139
13896;75;627107677;13896;328;15019;15156;6.35;0.39;297.90;15.59;1123;79;5194.00;137
13897;75;627107691;13897;324;15020;15157;6.31;0.39;297.88;15.59;1123;79;5195.00;137
13897;75;627107705;13897;324;15022;15157;6.29;0.39;297.88;15.59;1125;79;5196.00;135
13897;75;627107719;13897;325;15023;15157;6.26;0.39;297.88;15.59;1126;79;5197.00;134
13899;75;627107732;13899;327;15025;15157;6.22;0.38;297.88;15.59;1126;79;5198.00;132
13903;75;627107746;13903;327;15028;15161;6.15;0.38;297.89;15.66;1125;79;5199.00;133
13908;75;627107761;13908;328;15029;15161;6.06;0.37;297.85;15.66;1121;79;5200.00;132
13910;75;627107779;13910;328;15031;15161;5.99;0.37;297.84;15.73;1121;79;5201.00;130
13914;75;627107801;13914;323;15033;15164;5.90;0.36;297.97;15.73;1119;79;5202.00;131
13917;75;627107818;13917;323;15035;15164;5.84;0.36;297.95;15.72;1118;79;5203.00;129
13920;75;627107832;13920;317;15037;15164;5.75;0.35;297.93;15.72;1117;79;5204.00;127
13921;75;627107847;13921;318;15042;15168;5.68;0.35;297.93;15.74;1121;79;5205.00;126
13927;75;627107861;13927;313;15044;15169;5.61;0.34;297.96;15.74;1117;79;5206.00;125
13928;75;627107876;13928;318;15044;15169;5.62;0.35;297.94;15.74;1116;79;5207.00;125
13935;75;627107889;13935;319;15047;15173;5.60;0.34;297.91;15.80;1112;79;5208.00;126
13936;75;627107904;13936;312;15048;15173;5.59;0.34;297.90;15.87;1112;79;5209.00;125
13937;75;627107917;13937;300;15048;15173;5.61;0.34;297.90;15.87;1111;79;5210.00;125
13943;75;627107934;13943;309;15049;15174;5.61;0.34;297.85;15.87;1106;79;5211.00;125
13943;75;627107949;13943;311;15050;15174;5.64;0.35;297.85;15.87;1107;79;5212.00;124
13945;75;627107963;13945;309;15054;15180;5.66;0.35;297.83;15.87;1109;79;5213.00;126
13946;75;627107978;13946;309;15055;15180;5.70;0.35;297.83;15.87;1109;79;5214.00;125
13950;75;627107993;13950;315;15055;15180;5.66;0.35;297.77;15.87;1105;79;5215.00;125
13955;75;627108006;13955;321;15056;15181;5.61;0.34;297.74;15.87;1101;79;5216.00;125
13956;75;627108019;13956;320;15057;15181;5.58;0.34;297.72;15.93;1101;79;5217.00;124
13958;75;627108032;13958;328;15057;15181;5.56;0.34;297.71;15.93;1099;79;5218.00;124
13959;75;627108045;13959;333;15058;15181;5.53;0.34;297.69;15.93;1099;79;5219.00;123
13960;75;627108059;13960;339;15077;15217;5.59;0.34;297.69;15.91;1117;79;5220.00;140
13962;75;627108076;13962;338;15079;15217;5.56;0.34;297.68;15.97;1117;79;5221.00;138
13963;75;627108089;13963;339;15081;15217;5.60;0.34;297.68;15.97;1118;79;5222.00;136
13965;75;627108108;13965;344;15081;15217;5.61;0.35;297.64;15.97;1116;79;5223.00;136
13968;75;627108128;13968;349;15084;15217;5.62;0.35;297.61;15.96;1116;79;5224.00;133
13968;75;627108142;13968;349;15084;15217;5.68;0.35;297.61;15.96;1116;79;5225.00;133
13972;75;627108156;13972;354;15088;15221;5.74;0.35;297.70;15.96;1116;79;5226.00;133
13973;75;627108170;13973;355;15089;15221;5.76;0.35;297.69;15.96;1116;79;5227.00;132
13973;75;627108183;13973;359;15092;15225;5.88;0.36;297.69;15.96;1119;79;5228.00;133
13974;75;627108196;13974;357;15094;15226;5.94;0.36;297.69;15.96;1120;79;5229.00;132
13980;75;627108211;13980;364;15096;15226;5.94;0.36;297.67;15.97;1116;79;5230.00;130
13980;75;627108225;13980;370;15099;15226;5.93;0.36;297.67;15.97;1119;79;5231.00;127
13981;75;627108238;13981;379;15107;15239;5.93;0.36;297.65;15.96;1126;79;5232.00;132
13984;75;627108259;13984;377;15111;15239;5.92;0.36;297.64;15.99;1127;79;5233.00;128
13984;75;627108273;13984;374;15112;15239;5.90;0.36;297.64;16.01;1128;79;5234.00;127
13987;75;627108286;13987;370;15114;15240;5.87;0.36;297.62;16.00;1127;79;5235.00;126
13988;75;627108300;13988;364;15115;15241;5.91;0.36;297.61;16.02;1127;79;5236.00;126
13990;75;627108315;13990;362;15116;15241;5.91;0.36;297.62;16.03;1126;79;5237.00;125
13993;75;627108329;13993;358;15120;15244;5.92;0.36;297.62;16.04;1127;79;5238.00;124
13994;75;627108344;13994;355;15121;15244;5.96;0.36;297.62;16.06;1127;79;5239.00;123
13994;75;627108359;13994;357;15121;15244;5.98;0.36;297.62;16.06;1127;79;5240.00;123
13995;75;627108374;13995;355;15123;15244;6.02;0.37;297.64;16.08;1128;79;5241.00;121
13995;75;627108392;13995;348;15127;15250;6.05;0.37;297.64;16.08;1132;79;5242.00;123
13995;75;627108407;13995;351;15129;15250;6.07;0.37;297.64;16.10;1134;79;5243.00;121
13996;75;627108420;13996;348;15130;15250;6.06;0.37;297.64;16.10;1134;79;5244.00;120
13997;75;627108433;13997;350;15131;15250;6.02;0.37;297.65;16.10;1134;79;5245.00;119
13999;75;627108447;13999;358;15135;15254;5.95;0.36;297.64;16.11;1136;79;5246.00;119
14000;75;627108460;14000;355;15138;15255;5.89;0.36;297.62;16.12;1138;79;5247.00;117
14001;75;627108473;14001;350;15139;15255;5.84;0.36;297.61;16.13;1138;79;5248.00;116
14003;75;627108486;14003;362;15142;15256;5.82;0.36;297.68;16.15;1139;80;5249.00;114
14005;76;627108510;14005;356;15143;15256;5.71;0.35;297.65;16.15;1138;81;5250.00;113
14006;76;627108540;14006;353;15144;15256;5.72;0.35;297.64;16.17;1138;81;5251.00;112
14010;76;627108552;14010;355;15145;15256;5.68;0.35;297.60;16.17;1135;81;5252.00;111
14010;76;627108570;14010;356;15145;15256;5.70;0.35;297.60;16.17;1135;81;5253.00;111
14012;76;627108588;14012;357;15146;15256;5.65;0.34;297.59;16.18;1134;81;5254.00;110
14012;76;627108601;14012;354;15147;15256;5.63;0.34;297.59;16.18;1135;81;5255.00;109
14014;76;627108617;14014;366;15180;15326;5.76;0.35;297.58;16.15;1166;81;5256.00;146
14015;76;627108635;14015;358;15182;15327;5.79;0.35;297.56;16.16;1167;81;5257.00;145
14018;76;627108649;14018;366;15193;15327;5.84;0.36;297.59;16.17;1175;81;5258.00;134
14019;76;627108661;14019;372;15201;15327;5.92;0.36;297.59;16.16;1182;81;5259.00;126
14021;76;627108673;14021;381;15207;15327;5.84;0.36;297.66;16.17;1186;81;5260.00;120
14026;76;627108685;14026;378;15211;15327;5.73;0.35;297.67;16.17;1185;81;5261.00;116
14030;76;627108698;14030;390;15217;15327;5.63;0.34;297.69;16.18;1187;81;5262.00;110
14032;76;627108711;14032;394;15219;15327;5.55;0.34;297.71;16.17;1187;81;5263.00;108
14035;76;627108723;14035;405;15221;15328;5.53;0.34;297.68;16.17;1186;81;5264.00;107
14039;76;627108736;14039;400;15225;15330;5.43;0.33;297.69;16.18;1186;81;5265.00;105
14044;76;627108750;14044;402;15226;15330;5.32;0.32;297.70;16.18;1182;81;5266.00;104
14048;76;627108762;14048;409;15229;15334;5.22;0.32;297.73;16.18;1181;81;5267.00;105
14052;76;627108775;14052;416;15230;15334;5.15;0.31;297.80;16.19;1178;81;5268.00;104
14055;76;627108787;14055;417;15230;15334;5.15;0.31;297.82;16.19;1175;81;5269.00;104
14060;76;627108800;14060;418;15231;15334;5.15;0.31;297.85;16.20;1171;81;5270.00;103
14063;76;627108813;14063;413;15238;15340;5.20;0.32;297.88;16.21;1175;81;5271.00;102
14067;76;627108827;14067;413;15238;15340;5.23;0.32;297.99;16.21;1171;81;5272.00;102
14071;76;627108841;14071;412;15239;15340;5.27;0.32;297.99;16.22;1168;81;5273.00;101
14075;76;627108853;14075;408;15241;15343;5.30;0.32;298.05;16.21;1166;81;5274.00;102
14079;76;627108867;14079;412;15242;15343;5.32;0.32;298.09;16.21;1163;81;5275.00;101
14085;76;627108881;14085;414;15243;15343;5.31;0.32;298.13;16.22;1158;81;5276.00;100
14086;76;627108899;14086;413;15243;15344;5.35;0.33;298.17;16.22;1157;81;5277.00;101
14091;76;627108912;14091;413;15244;15345;5.36;0.33;298.22;16.22;1153;81;5278.00;101
14096;76;627108926;14096;410;15244;15345;5.38;0.33;298.21;16.22;1148;81;5279.00;101
14099;76;627108941;14099;410;15264;15371;5.46;0.33;298.24;16.20;1165;81;5280.00;107
14102;76;627108957;14102;407;15265;15371;5.58;0.34;298.26;16.20;1163;81;5281.00;106
14106;76;627108971;14106;406;15266;15371;5.64;0.34;298.32;16.20;1160;81;5282.00;105
14110;76;627108984;14110;403;15267;15372;5.70;0.35;298.35;16.20;1157;81;5283.00;105
14113;76;627108998;14113;397;15267;15372;5.76;0.35;298.35;16.20;1154;81;5284.00;105
14116;76;627109012;14116;396;15271;15376;5.82;0.35;298.36;16.19;1155;81;5285.00;105
14119;76;627109027;14119;400;15271;15376;5.85;0.36;298.40;16.19;1152;81;5286.00;105
14124;76;627109041;14124;388;15274;15379;5.87;0.36;298.42;16.19;1150;81;5287.00;105
14127;76;627109056;14127;388;15274;15380;5.86;0.36;298.42;16.19;1147;81;5288.00;106
14132;76;627109070;14132;392;15274;15380;5.88;0.36;298.45;16.19;1142;81;5289.00;106
14138;76;627109084;14138;395;15274;15380;5.92;0.36;298.47;16.19;1136;81;5290.00;106
14140;76;627109099;14140;391;15274;15380;5.93;0.36;298.50;16.19;1134;81;5291.00;106
14145;76;627109112;14145;394;15284;15392;6.02;0.37;298.57;16.18;1139;81;5292.00;108
14149;76;627109127;14149;397;15284;15392;6.00;0.36;298.54;16.18;1135;81;5293.00;108
14154;76;627109141;14154;398;15285;15392;5.99;0.37;298.66;16.18;1131;81;5294.00;107
14159;76;627109156;14159;406;15285;15392;5.98;0.36;298.70;16.18;1126;81;5295.00;107
14161;76;627109171;14161;398;15286;15392;5.95;0.36;298.69;16.24;1125;81;5296.00;106
14166;76;627109193;14166;410;15286;15392;5.94;0.36;298.80;16.24;1120;81;5297.00;106
14170;76;627109207;14170;409;15286;15393;5.93;0.36;298.80;16.24;1116;81;5298.00;107
14176;76;627109221;14176;410;15286;15393;5.91;0.36;298.79;16.24;1110;81;5299.00;107
14177;76;627109237;14177;415;15290;15399;5.99;0.36;298.79;16.24;1113;81;5300.00;109
14182;76;627109255;14182;413;15292;15400;6.09;0.37;298.86;16.24;1110;81;5301.00;108
14185;76;627109270;14185;409;15292;15400;6.10;0.37;298.91;16.24;1107;81;5302.00;108
14189;76;627109290;14189;414;15292;15400;6.14;0.37;298.94;16.24;1103;81;5303.00;108
14191;76;627109304;14191;415;15295;15404;6.22;0.38;299.03;16.23;1104;81;5304.00;109
14196;76;627109319;14196;420;15295;15404;6.27;0.38;299.10;16.23;1099;81;5305.00;109
14200;76;627109333;14200;419;15295;15404;6.31;0.38;299.14;16.23;1095;81;5306.00;109
14203;76;627109346;14203;418;15296;15405;6.41;0.39;299.24;16.23;1093;81;5307.00;109
14205;76;627109361;14205;418;15299;15409;6.43;0.39;299.25;16.23;1094;81;5308.00;110
14210;76;627109382;14210;416;15299;15409;6.43;0.39;299.30;16.23;1089;81;5309.00;110
14213;76;627109399;14213;414;15302;15415;6.47;0.39;299.30;16.23;1089;81;5310.00;113
14217;76;627109421;14217;416;15303;15415;6.48;0.39;299.43;16.22;1086;81;5311.00;112
14221;76;627109444;14221;417;15303;15415;6.46;0.39;299.52;16.22;1082;81;5312.00;112
14223;76;627109468;14223;421;15304;15415;6.48;0.39;299.53;16.22;1081;81;5313.00;111
14228;76;627109491;14228;426;15306;15419;6.45;0.39;299.62;16.22;1078;81;5314.00;113
14228;76;627109516;14228;429;15307;15419;6.46;0.39;299.62;16.22;1079;81;5315.00;112
14232;76;627109533;14232;433;15307;15419;6.42;0.39;299.65;16.22;1075;81;5316.00;112
14235;76;627109548;14235;423;15308;15419;6.43;0.39;299.65;16.22;1073;81;5317.00;111
14238;76;627109565;14238;414;15308;15420;6.44;0.39;299.67;16.22;1070;81;5318.00;112
14240;76;627109581;14240;411;15310;15421;6.43;0.39;299.75;16.22;1070;81;5319.00;111
14245;76;627109598;14245;409;15310;15421;6.42;0.39;299.73;16.22;1065;81;5320.00;111
14251;76;627109613;14251;411;15311;15422;6.37;0.39;299.76;16.22;1060;81;5321.00;111
14253;76;627109629;14253;416;15311;15422;6.35;0.39;299.83;16.22;1058;81;5322.00;111
14256;76;627109644;14256;419;15311;15422;6.37;0.39;299.84;16.22;1055;81;5323.00;111
14260;76;627109659;14260;422;15311;15422;6.37;0.39;299.84;16.22;1051;81;5324.00;111
14263;76;627109674;14263;422;15311;15422;6.38;0.39;299.83;16.22;1048;81;5325.00;111
14269;76;627109688;14269;422;15311;15422;6.31;0.38;299.88;16.22;1042;81;5326.00;111
14272;76;627109703;14272;411;15311;15422;6.32;0.38;299.87;16.22;1039;81;5327.00;111
14276;76;627109718;14276;444;15385;15549;6.28;0.39;299.86;16.14;1109;81;5328.00;164
14279;76;627109743;14279;419;15385;15550;6.31;0.39;299.94;16.14;1106;81;5329.00;165
14282;76;627109759;14282;399;15391;15550;6.42;0.39;299.96;16.13;1109;81;5330.00;159
14283;76;627109775;14283;397;15393;15550;6.52;0.40;299.97;16.13;1110;81;5331.00;157
14288;76;627109791;14288;386;15397;15550;6.60;0.40;299.96;16.13;1109;81;5332.00;153
14289;76;627109806;14289;381;15401;15550;6.73;0.41;299.95;16.13;1112;81;5333.00;149
14294;76;627109821;14294;376;15405;15550;6.79;0.42;300.07;16.12;1111;81;5334.00;145
14296;76;627109836;14296;376;15407;15550;6.83;0.42;300.11;16.12;1111;81;5335.00;143
14297;76;627109852;14297;382;15414;15551;6.90;0.42;300.10;16.12;1117;81;5336.00;137
14300;76;627109874;14300;379;15416;15552;6.92;0.43;300.24;16.12;1116;81;5337.00;136
14303;76;627109889;14303;372;15419;15552;6.96;0.43;300.28;16.12;1116;81;5338.00;133
14305;76;627109905;14305;362;15421;15553;6.94;0.43;300.33;16.12;1116;81;5339.00;132
14310;76;627109922;14310;355;15424;15553;6.88;0.42;300.39;16.11;1114;81;5340.00;129
14310;76;627109939;14310;352;15424;15553;6.82;0.42;300.39;16.11;1114;81;5341.00;129
14314;76;627109954;14314;348;15426;15553;6.80;0.42;300.44;16.11;1112;81;5342.00;127
14317;76;627109971;14317;349;15429;15557;6.74;0.41;300.48;16.11;1112;81;5343.00;128
14321;76;627109986;14321;343;15431;15557;6.68;0.41;300.55;16.11;1110;81;5344.00;126
14323;76;627110001;14323;345;15432;15557;6.67;0.41;300.53;16.11;1109;81;5345.00;125
14326;76;627110017;14326;345;15434;15560;6.66;0.41;300.59;16.11;1108;81;5346.00;126
14328;76;627110032;14328;353;15435;15560;6.62;0.41;300.57;16.11;1107;81;5347.00;125
14330;76;627110047;14330;359;15436;15560;6.60;0.40;300.57;16.11;1106;81;5348.00;124
14330;76;627110061;14330;362;15439;15564;6.53;0.40;300.57;16.11;1109;81;5349.00;125
14334;76;627110075;14334;369;15441;15565;6.46;0.40;300.53;16.11;1107;81;5350.00;124
14337;76;627110090;14337;371;15441;15565;6.39;0.39;300.50;16.11;1104;81;5351.00;124
14340;76;627110104;14340;385;15445;15569;6.35;0.39;300.53;16.10;1105;81;5352.00;124
14340;76;627110118;14340;388;15445;15569;6.30;0.39;300.53;16.10;1105;81;5353.00;124
14342;76;627110132;14342;386;15445;15569;6.21;0.38;300.55;16.10;1103;81;5354.00;124
14346;76;627110145;14346;402;15447;15571;6.09;0.37;300.57;16.10;1101;81;5355.00;124
14347;76;627110159;14347;400;15447;15571;6.00;0.37;300.57;16.10;1100;81;5356.00;124
14349;76;627110180;14349;409;15451;15577;5.89;0.36;300.55;16.10;1102;81;5357.00;126
14351;76;627110194;14351;421;15451;15577;5.76;0.35;300.53;16.10;1100;81;5358.00;126
14352;76;627110207;14352;429;15452;15577;5.66;0.35;300.52;16.09;1100;81;5359.00;125
14353;76;627110220;14353;423;15452;15578;5.56;0.34;300.51;16.09;1099;81;5360.00;126
14358;76;627110233;14358;414;15452;15578;5.48;0.33;300.51;16.09;1094;81;5361.00;126
14361;76;627110247;14361;412;15452;15578;5.43;0.33;300.48;16.09;1091;81;5362.00;126
14364;76;627110259;14364;410;15452;15578;5.40;0.33;300.46;16.09;1088;81;5363.00;126
14367;76;627110272;14367;402;15462;15590;5.45;0.33;300.43;16.15;1095;81;5364.00;128
14368;76;627110287;14368;395;15462;15590;5.46;0.33;300.43;16.15;1094;81;5365.00;128
14371;76;627110303;14371;390;15464;15590;5.48;0.33;300.41;16.15;1093;81;5366.00;126
14373;76;627110317;14373;390;15464;15590;5.47;0.33;300.38;16.15;1091;81;5367.00;126
14376;76;627110329;14376;383;15464;15590;5.44;0.33;300.37;16.15;1088;81;5368.00;126
14377;76;627110343;14377;377;15464;15590;5.46;0.33;300.45;16.15;1087;81;5369.00;126
14380;76;627110357;14380;374;15467;15594;5.43;0.33;300.44;16.15;1087;81;5370.00;127
14385;76;627110369;14385;368;15467;15594;5.40;0.33;300.38;16.15;1082;81;5371.00;127
14385;76;627110381;14385;364;15470;15598;5.49;0.34;300.38;16.14;1085;81;5372.00;128
14388;76;627110393;14388;358;15471;15599;5.47;0.33;300.35;16.14;1083;81;5373.00;128
14391;76;627110407;14391;354;15473;15599;5.44;0.33;300.33;16.16;1082;81;5374.00;126
14392;76;627110421;14392;354;15474;15599;5.45;0.33;300.32;16.17;1082;81;5375.00;125
14397;76;627110433;14397;357;15484;15612;5.43;0.33;300.32;16.16;1087;81;5376.00;128
14400;76;627110447;14400;359;15484;15612;5.40;0.33;300.31;16.16;1084;81;5377.00;128
14402;76;627110459;14402;352;15485;15612;5.41;0.33;300.29;16.16;1083;81;5378.00;127
14405;76;627110471;14405;350;15486;15613;5.45;0.33;300.28;16.16;1081;81;5379.00;127
14409;76;627110483;14409;352;15486;15614;5.47;0.33;300.25;16.16;1077;81;5380.00;128
14410;76;627110496;14410;351;15486;15614;5.43;0.33;300.25;16.16;1076;81;5381.00;128
14412;76;627110508;14412;355;15489;15617;5.46;0.33;300.23;16.23;1077;81;5382.00;128
14414;76;627110520;14414;349;15490;15617;5.48;0.33;300.20;16.23;1076;81;5383.00;127
14414;76;627110532;14414;351;15491;15617;5.49;0.33;300.20;16.30;1077;81;5384.00;126
14415;76;627110544;14415;354;15491;15617;5.46;0.33;300.19;16.30;1076;81;5385.00;126
14417;76;627110555;14417;350;15495;15623;5.47;0.33;300.16;16.30;1078;81;5386.00;128
14420;76;627110568;14420;331;15495;15623;5.47;0.33;300.15;16.30;1075;81;5387.00;128
14422;76;627110581;14422;325;15496;15623;5.50;0.33;300.14;16.30;1074;81;5388.00;127
14423;76;627110593;14423;324;15497;15623;5.51;0.33;300.13;16.36;1074;81;5389.00;126
14424;76;627110605;14424;319;15500;15627;5.55;0.34;300.12;16.36;1076;81;5390.00;127
14427;76;627110618;14427;314;15501;15628;5.57;0.34;300.10;16.36;1074;81;5391.00;127
14428;76;627110631;14428;298;15502;15628;5.63;0.34;300.08;16.38;1074;81;5392.00;126
14431;76;627110645;14431;295;15503;15629;5.69;0.34;300.08;16.38;1072;81;5393.00;126
14434;76;627110658;14434;294;15503;15629;5.80;0.35;300.10;16.38;1069;81;5394.00;126
14436;76;627110671;14436;289;15503;15629;5.92;0.36;300.09;16.38;1067;81;5395.00;126
14436;76;627110683;14436;281;15504;15629;6.00;0.36;300.09;16.39;1068;81;5396.00;125
14437;76;627110702;14437;284;15504;15629;6.08;0.37;300.09;16.39;1067;81;5397.00;125
14438;76;627110715;14438;281;15504;15629;6.12;0.37;300.13;16.39;1066;81;5398.00;125
14438;76;627110733;14438;285;15504;15629;6.21;0.37;300.13;16.39;1066;81;5399.00;125
