step_arrived;step_collisions;step_duration;step_ended;step_halting;step_inserted;step_loaded;step_meanSpeed;step_meanSpeedRelative;step_meanTravelTime;step_meanWaitingTime;step_running;step_teleports;step_time;step_waiting
0;0;624990488;0;1;87;245;16.43;1.16;-1.00;0.00;87;0;0.00;158
0;0;624990526;0;1;99;245;15.47;1.07;-1.00;0.12;99;0;1.00;146
0;0;624990527;0;2;121;245;14.77;1.01;-1.00;0.46;121;0;2.00;124
0;0;624990529;0;2;137;245;13.60;0.92;-1.00;0.76;137;0;3.00;108
0;0;624990531;0;2;146;245;12.78;0.86;-1.00;0.96;146;0;4.00;99
0;0;624990533;0;6;156;245;11.97;0.80;-1.00;1.22;156;0;5.00;89
0;0;624990535;0;7;162;245;11.22;0.75;-1.00;1.40;162;0;6.00;83
0;0;624990537;0;9;169;245;10.63;0.71;-1.00;1.63;169;0;7.00;76
0;0;624990540;0;13;173;246;10.37;0.69;-1.00;1.77;173;0;8.00;73
0;0;624990544;0;15;181;247;10.03;0.67;-1.00;2.09;181;0;9.00;66
0;0;624990547;0;18;187;247;9.84;0.65;-1.00;2.35;187;0;10.00;60
0;0;624990549;0;23;191;248;9.76;0.64;-1.00;2.48;191;0;11.00;57
1;0;624990553;1;24;197;248;9.58;0.63;12.00;2.77;196;0;12.00;51
1;0;624990557;1;28;200;248;9.54;0.62;12.00;2.92;199;0;13.00;48
1;0;624990560;1;31;206;248;9.46;0.61;12.00;3.24;205;0;14.00;42
1;0;624990564;1;39;210;252;9.51;0.61;12.00;3.40;209;0;15.00;42
1;0;624990569;1;44;217;252;9.29;0.60;12.00;3.81;216;0;16.00;35
2;0;624990582;2;45;221;252;9.21;0.59;14.50;4.01;219;0;17.00;31
3;0;624990590;3;51;226;255;9.18;0.58;15.67;4.26;223;0;18.00;29
3;0;624990605;3;53;229;255;9.29;0.59;15.67;4.38;226;0;19.00;26
3;0;624990609;3;58;233;255;9.28;0.59;15.67;4.64;230;0;20.00;22
4;0;624990613;4;64;241;259;9.39;0.59;17.00;4.85;237;0;21.00;18
4;0;624990622;4;68;245;260;9.44;0.59;17.00;5.01;241;0;22.00;15
5;0;624990627;5;68;246;260;9.47;0.59;18.20;5.09;241;0;23.00;14
5;0;624990631;5;76;252;264;9.32;0.58;18.20;5.12;247;0;24.00;12
5;0;624990635;5;80;253;264;9.19;0.57;18.20;5.20;248;0;25.00;11
5;0;624990639;5;83;255;264;9.17;0.57;18.20;5.36;250;0;26.00;9
6;0;624990642;6;85;257;265;9.08;0.56;19.33;5.37;251;0;27.00;8
6;0;624990646;6;89;258;265;9.01;0.56;19.33;5.46;252;0;28.00;7
6;0;624990649;6;90;262;271;8.91;0.55;19.33;5.39;256;0;29.00;9
6;0;624990655;6;93;264;271;8.67;0.54;19.33;5.51;258;0;30.00;7
6;0;624990663;6;96;265;272;8.57;0.53;19.33;5.49;259;0;31.00;7
7;0;624990666;7;101;266;272;8.42;0.52;20.71;5.49;259;0;32.00;6
8;0;624990669;8;105;267;272;8.40;0.52;22.25;5.50;259;0;33.00;5
8;0;624990672;8;109;268;272;8.44;0.52;22.25;5.50;260;0;34.00;4
9;0;624990675;9;115;268;272;8.42;0.52;23.22;5.50;259;0;35.00;4
10;0;624990679;10;117;279;284;8.63;0.53;23.70;5.29;269;0;36.00;5
11;0;624990682;11;119;279;284;8.49;0.52;24.91;5.29;268;0;37.00;5
11;0;624990686;11;121;280;284;8.40;0.52;24.91;5.28;269;0;38.00;4
12;0;624990688;12;125;280;284;8.25;0.51;25.83;5.28;268;0;39.00;4
12;0;624990691;12;128;280;284;8.18;0.51;25.83;5.28;268;0;40.00;4
13;0;624990695;13;130;280;284;8.06;0.50;26.62;5.28;267;0;41.00;4
14;0;624990698;14;134;284;288;8.05;0.50;27.57;5.21;270;0;42.00;4
15;0;624990701;15;137;284;288;7.82;0.48;27.20;5.21;269;0;43.00;4
15;0;624990704;15;139;287;292;7.83;0.49;27.20;5.17;272;0;44.00;5
15;0;624990707;15;141;289;294;7.79;0.48;27.20;5.13;274;0;45.00;5
15;0;624990711;15;142;290;294;7.77;0.48;27.20;5.13;275;0;46.00;4
16;0;624990714;16;139;290;294;7.68;0.48;27.81;5.13;274;0;47.00;4
16;0;624990717;16;142;300;307;7.95;0.49;27.81;4.96;284;0;48.00;7
16;0;624990721;16;141;300;307;7.88;0.49;27.81;4.96;284;0;49.00;7
18;0;624990724;18;145;301;307;7.87;0.49;29.89;4.95;283;0;50.00;6
18;0;624990727;18;145;302;308;7.85;0.49;29.89;4.93;284;0;51.00;6
18;0;624990731;18;150;303;309;7.77;0.48;29.89;4.92;285;0;52.00;6
19;0;624990734;19;150;303;309;7.67;0.47;31.05;4.92;284;0;53.00;6
19;0;624990738;19;152;305;312;7.65;0.47;31.05;4.89;286;0;54.00;7
20;0;624990741;20;156;305;312;7.44;0.46;31.15;4.89;285;0;55.00;7
21;0;624990744;21;145;306;312;7.47;0.46;32.33;4.88;285;0;56.00;6
23;0;624990747;23;140;306;312;7.41;0.46;33.39;4.88;283;0;57.00;6
25;0;624990750;25;140;311;318;7.23;0.45;33.92;4.82;286;0;58.00;7
25;0;624990755;25;140;311;318;7.24;0.45;33.92;4.82;286;0;59.00;7
27;0;624990759;27;145;312;318;7.29;0.45;35.67;4.81;285;0;60.00;6
27;0;624990762;27;146;312;318;7.39;0.45;35.67;4.81;285;0;61.00;6
28;0;624990766;28;153;316;322;7.39;0.45;35.11;4.76;288;0;62.00;6
29;0;624990769;29;153;317;323;7.52;0.46;36.07;4.75;288;0;63.00;6
29;0;624990772;29;155;317;323;7.56;0.46;36.07;4.75;288;0;64.00;6
29;0;624990775;29;155;318;324;7.58;0.46;36.07;4.74;289;0;65.00;6
30;0;624990778;30;155;318;324;7.55;0.46;37.07;4.74;288;0;66.00;6
30;0;624990781;30;143;318;324;7.59;0.46;37.07;4.74;288;0;67.00;6
31;0;624990784;31;139;318;324;7.67;0.47;38.00;4.74;287;0;68.00;6
31;0;624990787;31;136;318;324;7.78;0.48;38.00;4.74;287;0;69.00;6
31;0;624990796;31;132;318;324;7.98;0.49;38.00;4.74;287;0;70.00;6
31;0;624990799;31;130;318;324;8.11;0.50;38.00;4.74;287;0;71.00;6
32;0;624990803;32;134;355;394;8.25;0.51;38.41;4.24;323;0;72.00;39
33;0;624990812;33;125;356;395;8.38;0.51;39.30;4.23;323;0;73.00;39
34;0;624990816;34;118;362;395;8.70;0.53;40.12;4.20;328;0;74.00;33
35;0;624990820;35;115;365;395;8.94;0.55;41.11;4.19;330;0;75.00;30
35;0;624990823;35;111;369;395;9.19;0.56;41.11;4.18;334;0;76.00;26
35;0;624990833;35;113;370;395;9.38;0.57;41.11;4.19;335;0;77.00;25
35;0;624990836;35;113;374;395;9.64;0.59;41.11;4.21;339;0;78.00;21
36;0;624990846;36;113;375;395;9.68;0.59;42.17;4.21;339;0;79.00;20
38;0;624990850;38;113;379;396;9.71;0.59;43.74;4.25;341;0;80.00;17
38;0;624990853;38;113;381;397;9.70;0.59;43.74;4.24;343;0;81.00;16
39;0;624990857;39;119;382;397;9.68;0.59;44.72;4.25;343;0;82.00;15
39;0;624990861;39;123;386;401;9.57;0.58;44.72;4.22;347;0;83.00;15
39;0;624990873;39;124;386;401;9.58;0.58;44.72;4.22;347;0;84.00;15
40;0;624990877;40;126;386;401;9.50;0.58;45.73;4.22;346;0;85.00;15
40;0;624990881;40;127;386;401;9.38;0.57;45.73;4.22;346;0;86.00;15
41;0;624990885;41;126;390;407;9.23;0.56;46.73;4.18;349;0;87.00;17
42;0;624990891;42;130;390;407;9.06;0.55;47.71;4.18;348;0;88.00;17
42;0;624990897;42;132;391;407;8.90;0.54;47.71;4.18;349;0;89.00;16
43;0;624990906;43;136;394;413;8.82;0.54;48.70;4.15;351;0;90.00;19
47;0;624990914;47;135;395;413;8.73;0.53;52.21;4.14;348;0;91.00;18
49;0;624990922;49;138;395;413;8.66;0.53;53.65;4.14;346;0;92.00;18
51;0;624990929;51;136;397;414;8.54;0.52;55.14;4.13;346;0;93.00;17
52;0;624990936;52;135;398;415;8.50;0.51;55.88;4.12;346;0;94.00;17
53;0;624990942;53;137;399;415;8.48;0.51;56.62;4.13;346;0;95.00;16
54;0;624990950;54;138;409;428;8.33;0.51;57.35;4.02;355;0;96.00;19
58;0;624990957;58;139;410;428;8.25;0.50;58.84;4.02;352;0;97.00;18
58;0;624990963;58;137;410;428;8.33;0.51;58.84;4.02;352;0;98.00;18
59;0;624990968;59;135;411;429;8.48;0.52;59.51;4.01;352;0;99.00;18
60;0;624990976;60;131;411;429;8.55;0.52;60.17;4.01;351;0;100.00;18
60;0;624990987;60;128;413;433;8.65;0.53;60.17;3.99;353;0;101.00;20
62;0;624990995;62;123;413;433;8.71;0.53;61.52;3.99;351;0;102.00;20
63;0;624991002;63;117;418;437;8.85;0.54;62.10;3.96;355;0;103.00;19
63;0;624991008;63;115;418;437;9.04;0.55;62.10;3.96;355;0;104.00;19
64;0;624991014;64;112;418;437;9.26;0.56;62.77;3.96;354;0;105.00;19
66;0;624991019;66;103;418;437;9.39;0.57;64.00;3.96;352;0;106.00;19
66;0;624991024;66;97;418;437;9.51;0.58;64.00;3.96;352;0;107.00;19
66;0;624991028;66;88;428;449;9.68;0.59;64.00;3.87;362;0;108.00;21
66;0;624991034;66;84;429;449;9.85;0.60;64.00;3.86;363;0;109.00;20
67;0;624991040;67;81;430;449;10.00;0.61;64.66;3.86;363;0;110.00;19
68;0;624991049;68;80;430;449;10.10;0.62;65.34;3.86;362;0;111.00;19
69;0;624991055;69;75;430;449;10.26;0.63;65.49;3.86;361;0;112.00;19
69;0;624991060;69;71;430;449;10.51;0.65;65.49;3.86;361;0;113.00;19
69;0;624991065;69;69;431;450;10.75;0.66;65.49;3.85;362;0;114.00;19
69;0;624991071;69;68;431;450;11.01;0.68;65.49;3.85;362;0;115.00;19
69;0;624991076;69;67;435;456;11.24;0.69;65.49;3.83;366;0;116.00;21
70;0;624991082;70;66;438;457;11.39;0.70;65.54;4.07;368;0;117.00;19
72;0;624991089;72;67;438;457;11.48;0.70;67.00;4.07;366;0;118.00;19
74;0;624991095;74;68;439;457;11.59;0.71;68.35;4.33;365;0;119.00;18
75;0;624991103;75;71;443;462;11.72;0.71;69.03;4.29;368;0;120.00;19
76;0;624991110;76;72;445;462;11.86;0.72;69.66;4.66;369;0;121.00;17
77;0;624991116;77;74;447;462;11.94;0.73;70.34;4.86;370;0;122.00;15
79;0;624991122;79;75;449;463;12.01;0.73;71.65;4.95;370;0;123.00;14
79;0;624991128;79;77;454;467;11.96;0.73;71.65;5.18;375;0;124.00;13
79;0;624991136;79;78;454;467;11.96;0.73;71.65;5.18;375;0;125.00;13
79;0;624991144;79;83;459;470;11.94;0.73;71.65;5.53;380;0;126.00;11
80;0;624991152;80;84;460;470;12.02;0.73;72.04;5.52;380;0;127.00;10
80;0;624991162;80;86;461;470;12.00;0.73;72.04;5.68;381;0;128.00;9
82;0;624991170;82;91;463;470;11.96;0.73;73.27;5.87;381;0;129.00;7
83;0;624991180;83;90;467;474;12.05;0.73;73.92;6.01;384;0;130.00;7
86;0;624991191;86;92;468;474;12.11;0.74;75.72;6.04;382;0;131.00;6
87;0;624991199;87;89;470;474;12.18;0.74;76.18;6.14;383;0;132.00;4
88;0;624991206;88;88;471;474;12.26;0.75;76.82;6.14;383;0;133.00;3
88;0;624991218;88;88;473;475;12.22;0.75;76.82;6.20;385;0;134.00;2
90;0;624991224;90;88;475;477;12.17;0.74;76.64;6.17;385;0;135.00;2
93;0;624991231;93;90;476;477;12.08;0.74;78.56;6.24;383;0;136.00;1
95;0;624991238;95;93;477;478;12.07;0.74;79.03;6.23;382;0;137.00;1
96;0;624991245;96;96;478;478;12.08;0.74;79.65;6.26;382;0;138.00;0
97;0;624991252;97;98;478;478;12.13;0.74;79.52;6.26;381;0;139.00;0
98;0;624991258;98;97;478;478;12.11;0.74;79.81;6.26;380;0;140.00;0
99;0;624991263;99;96;478;478;12.09;0.74;80.42;6.26;379;0;141.00;0
100;0;624991270;100;101;478;478;11.91;0.73;80.94;6.26;378;0;142.00;0
105;0;624991275;105;103;478;478;11.66;0.71;83.11;6.26;373;0;143.00;0
106;0;624991281;106;125;554;605;11.15;0.70;82.78;5.40;448;0;144.00;51
108;0;624991298;108;119;560;606;11.01;0.69;83.27;5.36;452;0;145.00;46
109;0;624991305;109;117;567;606;10.98;0.69;83.83;5.31;458;0;146.00;39
113;0;624991312;113;121;572;606;10.93;0.69;84.90;5.29;459;0;147.00;34
113;0;624991318;113;124;574;606;10.81;0.68;84.90;5.29;461;0;148.00;32
115;0;624991325;115;121;576;606;10.76;0.68;85.97;5.29;461;0;149.00;30
117;0;624991333;117;121;580;611;10.62;0.67;87.03;5.28;463;0;150.00;31
122;0;624991341;122;122;582;611;10.57;0.66;89.53;5.29;460;0;151.00;29
123;0;624991347;123;125;585;612;10.64;0.67;89.46;5.30;462;0;152.00;27
126;0;624991354;126;126;587;613;10.72;0.67;89.76;5.32;461;0;153.00;26
127;0;624991360;127;127;590;613;10.78;0.67;89.13;5.34;463;0;154.00;23
127;0;624991366;127;130;593;614;10.79;0.68;89.13;5.35;466;0;155.00;21
128;0;624991372;128;134;598;614;10.83;0.68;89.56;5.40;470;0;156.00;16
131;0;624991379;131;137;601;614;10.78;0.67;90.73;5.43;470;0;157.00;13
132;0;624991385;132;141;604;614;10.70;0.67;90.70;5.48;472;0;158.00;10
134;0;624991392;134;145;607;618;10.70;0.66;90.78;5.49;473;0;159.00;11
138;0;624991398;138;152;610;618;10.44;0.65;92.57;5.51;472;0;160.00;8
138;0;624991411;138;152;611;618;10.32;0.64;92.57;5.53;473;0;161.00;7
139;0;624991418;139;152;613;621;10.22;0.63;92.54;5.52;474;0;162.00;8
141;0;624991424;141;157;613;621;10.11;0.63;93.44;5.52;472;0;163.00;8
143;0;624991444;143;157;614;621;10.05;0.62;93.87;5.52;471;0;164.00;7
144;0;624991451;144;154;617;625;9.88;0.61;94.26;5.50;473;0;165.00;8
144;0;624991458;144;153;619;626;9.69;0.60;94.26;5.51;475;0;166.00;7
145;0;624991465;145;149;619;626;9.46;0.59;94.59;5.51;474;0;167.00;7
148;0;624991472;148;149;626;630;9.30;0.58;95.36;5.51;478;0;168.00;4
150;0;624991480;150;153;627;630;9.16;0.57;96.07;5.51;477;0;169.00;3
150;0;624991492;150;145;628;630;9.11;0.56;96.07;5.52;478;0;170.00;2
153;0;624991498;153;145;629;631;9.11;0.56;97.16;5.51;476;0;171.00;2
156;0;624991504;156;138;630;631;9.14;0.56;97.06;5.54;474;0;172.00;1
158;0;624991510;158;137;635;637;9.22;0.57;97.91;5.51;477;0;173.00;2
158;0;624991517;158;130;635;637;9.42;0.58;97.91;5.51;477;0;174.00;2
158;0;624991523;158;130;637;638;9.52;0.58;97.91;5.50;479;0;175.00;1
159;0;624991530;159;130;638;638;9.60;0.59;98.36;5.53;479;0;176.00;0
162;0;624991536;162;123;638;638;9.73;0.60;98.06;5.53;476;0;177.00;0
162;0;624991543;162;120;638;638;9.85;0.60;98.06;5.53;476;0;178.00;0
162;0;624991549;162;116;638;638;10.00;0.61;98.06;5.53;476;0;179.00;0
163;0;624991557;163;118;668;672;10.13;0.62;98.54;5.28;505;0;180.00;4
163;0;624991566;163;114;669;672;10.16;0.63;98.54;5.28;506;0;181.00;3
166;0;624991572;166;112;669;672;10.06;0.62;99.31;5.28;503;0;182.00;3
166;0;624991579;166;112;670;672;10.05;0.62;99.31;5.27;504;0;183.00;2
167;0;624991586;167;116;670;672;10.14;0.63;99.53;5.27;503;0;184.00;2
168;0;624991594;168;123;671;672;10.16;0.63;99.61;5.27;503;0;185.00;1
169;0;624991601;169;122;675;676;10.18;0.63;100.12;5.25;506;0;186.00;1
171;0;624991609;171;127;676;676;10.18;0.63;100.77;5.25;505;0;187.00;0
171;0;624991623;171;128;678;680;10.19;0.63;100.77;5.24;507;0;188.00;2
176;0;624991630;176;134;680;681;10.10;0.63;101.07;5.22;504;0;189.00;1
181;0;624991639;181;143;680;681;9.89;0.61;101.93;5.22;499;0;190.00;1
181;0;624991647;181;150;681;681;9.79;0.61;101.93;5.22;500;0;191.00;0
184;0;624991654;184;159;692;694;9.69;0.60;102.26;5.14;508;0;192.00;2
184;0;624991662;184;165;693;694;9.61;0.60;102.26;5.13;509;0;193.00;1
188;0;624991669;188;169;694;694;9.45;0.58;101.85;5.13;506;0;194.00;0
193;0;624991684;193;173;695;695;9.30;0.57;103.31;5.12;502;0;195.00;0
196;0;624991692;196;175;696;696;9.18;0.57;102.76;5.12;500;0;196.00;0
197;0;624991701;197;181;696;696;9.22;0.57;102.75;5.12;499;0;197.00;0
200;0;624991708;200;184;698;699;9.27;0.57;103.06;5.10;498;0;198.00;1
202;0;624991717;202;189;699;699;9.21;0.57;103.20;5.10;497;0;199.00;0
205;0;624991725;205;193;699;699;9.08;0.56;104.20;5.10;494;0;200.00;0
209;0;624991738;209;192;699;699;8.94;0.55;104.01;5.10;490;0;201.00;0
212;0;624991746;212;195;704;705;8.87;0.54;104.22;5.07;492;0;202.00;1
214;0;624991755;214;205;704;705;8.76;0.54;104.12;5.07;490;0;203.00;1
214;0;624991763;214;208;705;705;8.60;0.53;104.12;5.06;491;0;204.00;0
218;0;624991771;218;210;705;705;8.43;0.52;104.49;5.06;487;0;205.00;0
220;0;624991778;220;214;709;709;8.25;0.51;103.97;5.04;489;0;206.00;0
222;0;624991785;222;219;710;710;8.05;0.49;104.14;5.03;488;0;207.00;0
223;0;624991793;223;226;710;710;7.94;0.49;103.80;5.03;487;0;208.00;0
223;0;624991800;223;230;711;711;7.77;0.48;103.80;5.03;488;0;209.00;0
226;0;624991808;226;236;711;711;7.65;0.47;102.98;5.03;485;0;210.00;0
227;0;624991817;227;239;711;711;7.57;0.47;102.64;5.03;484;0;211.00;0
227;0;624991823;227;248;711;711;7.61;0.47;102.64;5.03;484;0;212.00;0
228;0;624991831;228;253;711;711;7.62;0.47;103.12;5.03;483;0;213.00;0
230;0;624991837;230;255;711;711;7.44;0.46;104.03;5.03;481;0;214.00;0
231;0;624991843;231;258;711;711;7.37;0.45;104.10;5.03;480;0;215.00;0
231;0;624991849;231;268;753;781;7.47;0.46;104.10;4.75;522;0;216.00;28
231;0;624991861;231;254;755;782;7.48;0.46;104.10;4.74;524;0;217.00;27
232;1;624991868;232;243;762;782;7.61;0.47;104.41;4.71;530;1;218.00;20
236;1;624991885;236;225;767;782;7.79;0.48;105.68;4.70;531;1;219.00;15
238;1;624991899;238;212;770;782;7.93;0.49;106.00;4.70;532;1;220.00;12
241;1;624991906;241;206;773;782;8.13;0.50;106.68;4.70;532;1;221.00;9
241;1;624991913;241;198;777;782;8.31;0.51;106.68;4.71;536;1;222.00;5
242;1;624991920;242;193;780;782;8.43;0.52;106.81;4.72;538;1;223.00;2
243;2;624991927;243;190;782;783;8.55;0.52;107.30;4.71;539;2;224.00;1
243;2;624991947;243;185;784;785;8.66;0.53;107.30;4.70;541;2;225.00;1
247;2;624991955;247;169;785;785;8.76;0.54;108.61;4.71;538;2;226.00;0
248;2;624991963;248;154;789;789;8.87;0.54;109.07;4.69;541;2;227.00;0
250;3;624991972;250;144;789;789;9.04;0.55;109.52;4.69;539;3;228.00;0
250;3;624991995;250;135;789;789;9.31;0.57;109.52;4.69;539;3;229.00;0
254;3;624992009;254;128;789;789;9.47;0.58;109.97;4.69;535;3;230.00;0
254;3;624992017;254;122;794;795;9.62;0.59;109.97;4.67;540;3;231.00;1
254;3;624992025;254;114;794;795;9.77;0.60;109.97;4.67;540;3;232.00;1
258;3;624992033;258;112;795;795;9.86;0.60;111.28;4.67;537;3;233.00;0
258;3;624992041;258;105;797;798;10.00;0.61;111.28;4.65;539;3;234.00;1
260;3;624992053;260;105;798;798;10.09;0.62;111.52;4.65;538;3;235.00;0
261;3;624992061;261;109;798;798;10.16;0.62;111.97;4.65;537;3;236.00;0
263;3;624992069;263;104;799;799;10.21;0.62;112.74;4.64;536;3;237.00;0
263;3;624992076;263;100;800;800;10.32;0.63;112.74;4.64;537;3;238.00;0
268;3;624992084;268;96;800;800;10.37;0.63;113.29;4.64;532;3;239.00;0
270;3;624992092;270;102;824;826;10.30;0.63;114.01;4.50;554;3;240.00;2
272;3;624992102;272;97;824;826;10.38;0.63;114.06;4.50;552;3;241.00;2
275;3;624992109;275;95;825;826;10.46;0.64;114.47;4.50;550;3;242.00;1
276;3;624992116;276;98;827;827;10.59;0.65;114.42;4.49;551;3;243.00;0
278;3;624992123;278;102;827;827;10.62;0.65;114.31;4.49;549;3;244.00;0
279;3;624992130;279;103;830;831;10.66;0.65;114.78;4.48;551;3;245.00;1
281;4;624992143;281;107;830;831;10.67;0.65;115.14;4.48;549;4;246.00;1
283;4;624992159;283;111;835;835;10.65;0.65;115.05;4.46;552;4;247.00;0
287;4;624992166;287;117;835;835;10.61;0.65;115.90;4.46;548;4;248.00;0
290;4;624992173;290;121;835;835;10.54;0.64;116.79;4.46;545;4;249.00;0
292;4;624992180;292;123;835;835;10.49;0.64;117.67;4.46;543;4;250.00;0
292;4;624992187;292;130;835;835;10.42;0.64;117.67;4.46;543;4;251.00;0
294;4;624992193;294;133;846;847;10.42;0.64;117.80;4.41;552;4;252.00;1
296;4;624992200;296;137;846;847;10.41;0.63;118.19;4.41;550;4;253.00;1
298;4;624992207;298;144;847;847;10.40;0.63;118.84;4.40;549;4;254.00;0
300;4;624992219;300;147;847;847;10.31;0.63;119.13;4.40;547;4;255.00;0
300;4;624992225;300;152;847;847;10.29;0.62;119.13;4.40;547;4;256.00;0
300;4;624992231;300;156;847;847;10.23;0.62;119.13;4.40;547;4;257.00;0
301;4;624992243;301;161;848;848;10.15;0.62;119.19;4.40;547;4;258.00;0
303;4;624992250;303;162;848;848;10.05;0.61;119.52;4.40;545;4;259.00;0
307;4;624992262;307;155;853;854;9.99;0.61;119.58;4.38;546;4;260.00;1
307;4;624992274;307;152;854;855;10.00;0.61;119.58;4.37;547;4;261.00;1
309;4;624992281;309;144;855;855;10.02;0.61;119.63;4.37;546;4;262.00;0
311;4;624992293;311;140;855;855;10.07;0.61;119.94;4.37;544;4;263.00;0
314;4;624992300;314;137;859;859;10.05;0.61;120.48;4.35;545;4;264.00;0
316;4;624992307;316;137;859;859;10.07;0.61;120.60;4.35;543;4;265.00;0
321;4;624992313;321;132;859;859;10.14;0.61;121.53;4.35;538;4;266.00;0
322;4;624992320;322;134;860;860;10.27;0.62;121.76;4.35;538;4;267.00;0
326;4;624992326;326;137;864;864;10.23;0.62;122.02;4.33;538;4;268.00;0
328;4;624992334;328;132;864;864;10.31;0.62;122.44;4.33;536;4;269.00;0
330;4;624992342;330;130;867;870;10.41;0.63;122.68;4.32;537;4;270.00;3
333;4;624992349;333;126;867;870;10.51;0.64;123.54;4.32;534;4;271.00;3
334;4;624992355;334;118;868;870;10.66;0.65;123.45;4.31;534;4;272.00;2
338;4;624992362;338;115;868;870;10.79;0.65;123.66;4.31;530;4;273.00;2
342;4;624992368;342;108;871;874;10.95;0.66;124.18;4.31;529;4;274.00;3
343;4;624992376;343;107;871;874;11.06;0.67;124.06;4.31;528;4;275.00;3
345;4;624992383;345;101;872;874;11.24;0.68;124.10;4.31;527;4;276.00;2
346;4;624992390;346;93;872;874;11.35;0.68;124.13;4.31;526;4;277.00;2
349;4;624992396;349;92;874;875;11.32;0.68;124.50;4.31;525;4;278.00;1
349;4;624992404;349;88;875;876;11.40;0.69;124.50;4.30;526;4;279.00;1
352;4;624992411;352;85;876;876;11.46;0.69;124.49;4.30;524;4;280.00;0
352;4;624992418;352;82;877;877;11.54;0.70;124.49;4.30;525;4;281.00;0
354;4;624992426;354;81;877;877;11.57;0.70;124.37;4.30;523;4;282.00;0
354;4;624992433;354;80;877;877;11.66;0.71;124.37;4.30;523;4;283.00;0
355;4;624992441;355;79;877;877;11.70;0.71;124.11;4.30;522;4;284.00;0
357;4;624992448;357;78;877;877;11.74;0.71;124.65;4.30;520;4;285.00;0
357;4;624992455;357;80;877;877;11.78;0.71;124.65;4.30;520;4;286.00;0
358;4;624992463;358;81;877;877;11.79;0.71;124.70;4.30;519;4;287.00;0
358;4;624992470;358;101;950;1004;11.38;0.70;124.70;3.97;592;4;288.00;54
358;4;624992488;358;90;953;1005;11.33;0.70;124.70;3.96;595;4;289.00;52
358;4;624992496;358;85;961;1005;11.41;0.70;124.70;3.95;603;4;290.00;44
358;4;624992504;358;85;964;1005;11.43;0.70;124.70;3.94;606;4;291.00;41
359;4;624992512;359;91;969;1005;11.52;0.71;125.17;3.94;610;4;292.00;36
360;4;624992521;360;89;973;1005;11.62;0.72;125.63;3.95;613;4;293.00;32
362;4;624992528;362;87;978;1005;11.65;0.72;125.96;3.96;616;4;294.00;27
368;4;624992537;368;88;982;1005;11.69;0.72;126.06;3.97;614;4;295.00;23
369;4;624992546;369;89;986;1006;11.80;0.73;125.74;3.99;617;4;296.00;20
372;4;624992554;372;89;989;1007;11.92;0.73;126.19;4.00;617;4;297.00;18
375;4;624992563;375;89;990;1007;11.97;0.74;126.38;4.00;615;4;298.00;17
376;4;624992571;376;94;991;1008;11.93;0.73;126.77;4.01;615;4;299.00;17
377;4;624992583;377;98;995;1014;11.82;0.73;126.90;4.03;618;4;300.00;19
380;4;624992597;380;101;997;1014;11.81;0.73;127.51;4.05;617;4;301.00;17
381;4;624992606;381;109;999;1014;11.78;0.73;127.64;4.07;618;4;302.00;15
384;4;624992616;384;115;1003;1018;11.74;0.72;128.19;4.08;619;4;303.00;15
384;4;624992632;384;122;1005;1018;11.67;0.72;128.19;4.11;621;4;304.00;13
384;4;624992642;384;130;1008;1018;11.66;0.72;128.19;4.13;624;4;305.00;10
385;4;624992651;385;137;1011;1021;11.58;0.71;128.64;4.13;626;4;306.00;10
389;4;624992661;389;138;1012;1021;11.60;0.71;129.60;4.12;623;4;307.00;9
393;4;624992670;393;144;1012;1021;11.53;0.71;129.91;4.12;619;4;308.00;9
395;4;624992679;395;147;1015;1025;11.40;0.70;130.42;4.11;620;4;309.00;10
399;4;624992688;399;151;1016;1026;11.29;0.69;130.88;4.11;617;4;310.00;10
400;4;624992697;400;156;1016;1026;11.18;0.69;131.01;4.11;616;4;311.00;10
403;4;624992706;403;165;1021;1030;10.97;0.67;131.92;4.11;618;4;312.00;9
406;4;624992720;406;166;1022;1030;10.76;0.66;131.99;4.11;616;4;313.00;8
406;4;624992735;406;172;1022;1030;10.57;0.65;131.99;4.11;616;4;314.00;8
408;4;624992747;408;170;1024;1032;10.46;0.65;132.49;4.10;616;4;315.00;8
412;4;624992759;412;180;1024;1032;10.31;0.63;133.38;4.10;612;4;316.00;8
413;4;624992768;413;180;1029;1038;10.27;0.63;133.24;4.10;616;4;317.00;9
415;4;624992792;415;187;1029;1038;10.16;0.62;133.38;4.10;614;4;318.00;9
416;4;624992800;416;187;1030;1039;10.08;0.62;133.48;4.10;614;4;319.00;9
420;4;624992808;420;192;1033;1039;9.95;0.61;133.92;4.15;613;4;320.00;6
425;4;624992816;425;191;1035;1039;9.87;0.61;134.13;4.17;610;4;321.00;4
427;4;624992824;427;193;1036;1039;9.82;0.60;134.26;4.17;609;4;322.00;3
429;4;624992832;429;199;1038;1039;9.74;0.60;134.25;4.21;609;4;323.00;1
433;4;624992840;433;196;1049;1051;9.77;0.60;134.64;4.16;616;4;324.00;2
436;4;624992849;436;197;1049;1051;9.78;0.60;135.58;4.16;613;4;325.00;2
436;4;624992856;436;200;1051;1051;9.70;0.59;135.58;4.19;615;4;326.00;0
437;4;624992864;437;200;1051;1051;9.66;0.59;135.73;4.19;614;4;327.00;0
440;4;624992872;440;200;1051;1051;9.62;0.59;135.54;4.19;611;4;328.00;0
444;4;624992879;444;205;1051;1051;9.56;0.58;136.09;4.19;607;4;329.00;0
445;4;624992887;445;210;1055;1055;9.51;0.58;136.04;4.18;610;4;330.00;0
446;4;624992897;446;218;1055;1055;9.53;0.58;136.27;4.18;609;4;331.00;0
447;4;624992908;447;222;1058;1059;9.55;0.58;136.28;4.17;611;4;332.00;1
451;4;624992920;451;225;1059;1060;9.41;0.57;136.95;4.17;608;4;333.00;1
453;4;624992932;453;223;1060;1060;9.29;0.57;137.76;4.17;607;4;334.00;0
457;4;624992943;457;225;1060;1060;9.12;0.56;139.00;4.17;603;4;335.00;0
460;4;624992956;460;231;1072;1073;8.92;0.54;139.06;4.12;612;4;336.00;1
463;4;624992969;463;233;1072;1073;8.76;0.54;139.88;4.12;609;4;337.00;1
466;4;624992979;466;235;1073;1073;8.58;0.52;139.96;4.12;607;4;338.00;0
468;5;624992989;468;241;1074;1074;8.42;0.51;140.37;4.12;606;5;339.00;0
473;5;624993017;473;231;1075;1075;8.19;0.50;142.41;4.11;602;5;340.00;0
474;5;624993025;474;236;1075;1075;8.06;0.49;142.68;4.11;601;5;341.00;0
478;5;624993032;478;230;1077;1078;8.05;0.49;143.87;4.10;599;5;342.00;1
483;5;624993039;483;219;1078;1078;8.00;0.49;143.49;4.10;595;5;343.00;0
487;5;624993046;487;221;1078;1078;7.99;0.49;143.93;4.10;591;5;344.00;0
490;5;624993053;490;220;1078;1078;7.93;0.49;144.23;4.10;588;5;345.00;0
493;5;624993061;493;219;1083;1084;7.97;0.49;144.23;4.09;590;5;346.00;1
494;5;624993068;494;216;1083;1084;7.94;0.49;144.20;4.09;589;5;347.00;1
496;5;624993076;496;209;1084;1084;7.95;0.49;144.36;4.09;588;5;348.00;0
497;5;624993084;497;208;1084;1084;7.96;0.49;144.78;4.09;587;5;349.00;0
498;5;624993091;498;207;1088;1088;7.99;0.49;145.09;4.08;590;5;350.00;0
504;5;624993098;504;210;1089;1089;7.92;0.49;145.45;4.07;585;5;351.00;0
506;5;624993106;506;216;1089;1089;7.88;0.48;145.13;4.07;583;5;352.00;0
511;5;624993113;511;217;1090;1090;7.88;0.48;144.93;4.07;579;5;353.00;0
515;5;624993121;515;217;1090;1090;7.79;0.48;144.94;4.07;575;5;354.00;0
519;5;624993128;519;220;1090;1090;7.75;0.48;144.42;4.07;571;5;355.00;0
521;5;624993135;521;227;1090;1090;7.78;0.48;144.32;4.07;569;5;356.00;0
523;5;624993142;523;231;1090;1090;7.74;0.48;144.44;4.07;567;5;357.00;0
526;5;624993150;526;230;1090;1090;7.65;0.47;144.74;4.07;564;5;358.00;0
528;5;624993156;528;233;1090;1090;7.62;0.47;144.64;4.07;562;5;359.00;0
529;5;624993165;529;250;1159;1215;7.96;0.50;144.84;3.83;630;5;360.00;56
532;5;624993183;532;248;1166;1216;7.97;0.50;145.15;3.81;634;5;361.00;50
535;5;624993192;535;239;1177;1216;8.10;0.50;144.97;3.79;642;5;362.00;39
537;5;624993200;537;238;1183;1216;8.04;0.50;145.25;3.79;646;5;363.00;33
541;5;624993209;541;241;1187;1216;7.95;0.49;144.83;3.79;646;5;364.00;29
544;5;624993216;544;239;1190;1216;7.92;0.49;145.43;3.79;646;5;365.00;26
544;6;624993224;544;241;1194;1216;7.94;0.49;145.43;3.80;650;6;366.00;22
545;6;624993239;545;249;1196;1216;7.87;0.49;145.52;3.81;651;6;367.00;20
547;6;624993254;547;250;1199;1217;7.86;0.49;145.55;3.82;652;6;368.00;18
548;6;624993262;548;257;1204;1218;7.79;0.48;145.56;3.84;656;6;369.00;14
550;6;624993270;550;261;1207;1218;7.68;0.48;145.66;3.85;657;6;370.00;11
554;6;624993279;554;254;1213;1222;7.64;0.47;145.44;3.85;659;6;371.00;9
557;6;624993288;557;248;1216;1222;7.62;0.47;145.24;3.86;659;6;372.00;6
560;6;624993296;560;244;1216;1222;7.64;0.47;145.64;3.86;656;6;373.00;6
560;6;624993305;560;242;1218;1222;7.71;0.48;145.64;3.88;658;6;374.00;4
560;6;624993314;560;241;1223;1228;7.88;0.49;145.64;3.88;663;6;375.00;5
562;7;624993323;562;238;1224;1228;8.03;0.49;145.93;3.89;662;7;376.00;4
562;7;624993344;562;234;1225;1228;8.11;0.50;145.93;3.89;663;7;377.00;3
565;7;624993365;565;230;1229;1231;8.24;0.50;145.80;3.89;664;7;378.00;2
567;7;624993375;567;227;1230;1231;8.37;0.51;146.12;3.89;663;7;379.00;1
567;8;624993384;567;225;1230;1231;8.51;0.52;146.12;3.89;663;8;380.00;1
569;8;624993402;569;221;1232;1232;8.55;0.52;146.17;3.90;663;8;381.00;0
569;8;624993411;569;223;1233;1233;8.67;0.53;146.17;3.90;664;8;382.00;0
572;8;624993430;572;224;1233;1233;8.68;0.53;146.11;3.90;661;8;383.00;0
574;8;624993440;574;229;1246;1246;8.78;0.54;146.28;3.86;672;8;384.00;0
576;8;624993456;576;228;1246;1246;8.84;0.54;146.34;3.86;670;8;385.00;0
577;8;624993470;577;228;1246;1246;8.90;0.54;146.25;3.86;669;8;386.00;0
578;8;624993479;578;220;1247;1247;8.97;0.55;146.28;3.86;669;8;387.00;0
579;8;624993489;579;213;1247;1247;9.02;0.55;146.07;3.86;668;8;388.00;0
579;8;624993498;579;211;1250;1251;9.05;0.55;146.07;3.85;671;8;389.00;1
584;8;624993510;584;211;1250;1251;8.99;0.55;146.42;3.85;666;8;390.00;1
586;8;624993520;586;205;1255;1255;9.05;0.55;146.33;3.84;669;8;391.00;0
587;8;624993530;587;207;1255;1255;9.16;0.56;146.31;3.84;668;8;392.00;0
589;8;624993539;589;211;1255;1255;9.23;0.56;146.53;3.84;666;8;393.00;0
590;8;624993549;590;216;1255;1255;9.25;0.56;146.70;3.84;665;8;394.00;0
592;8;624993563;592;219;1255;1255;9.20;0.56;147.05;3.84;663;8;395.00;0
593;8;624993573;593;196;1266;1267;9.28;0.57;146.98;3.81;673;8;396.00;1
596;8;624993584;596;185;1267;1267;9.31;0.57;147.58;3.80;671;8;397.00;0
597;8;624993594;597;170;1267;1267;9.37;0.57;147.75;3.80;670;8;398.00;0
599;8;624993604;599;167;1267;1267;9.40;0.58;148.22;3.80;668;8;399.00;0
603;8;624993615;603;160;1267;1267;9.42;0.58;149.10;3.80;664;8;400.00;0
605;8;624993629;605;152;1267;1267;9.49;0.58;149.16;3.80;662;8;401.00;0
607;8;624993640;607;156;1268;1268;9.54;0.58;149.71;3.80;661;8;402.00;0
614;8;624993649;614;154;1268;1268;9.56;0.59;151.52;3.80;654;8;403.00;0
617;8;624993660;617;153;1273;1274;9.66;0.59;152.04;3.79;656;8;404.00;1
619;8;624993670;619;155;1276;1276;9.83;0.60;152.51;3.78;657;8;405.00;0
621;8;624993680;621;161;1276;1276;9.94;0.61;153.01;3.78;655;8;406.00;0
624;8;624993689;624;157;1276;1276;9.99;0.61;153.45;3.78;652;8;407.00;0
629;8;624993699;629;160;1280;1280;10.01;0.61;154.46;3.77;651;8;408.00;0
633;8;624993708;633;159;1280;1280;10.05;0.62;154.99;3.77;647;8;409.00;0
637;8;624993718;637;154;1280;1280;10.03;0.61;155.92;3.77;643;8;410.00;0
641;8;624993728;641;153;1281;1281;10.07;0.62;156.37;3.77;640;8;411.00;0
642;8;624993737;642;155;1285;1285;10.08;0.62;156.64;3.76;643;8;412.00;0
647;8;624993747;647;152;1285;1285;10.08;0.61;157.24;3.76;638;8;413.00;0
648;8;624993756;648;151;1287;1288;10.15;0.62;157.59;3.75;639;8;414.00;1
651;8;624993765;651;148;1287;1288;10.18;0.62;158.26;3.75;636;8;415.00;1
655;8;624993774;655;148;1288;1288;10.23;0.62;158.53;3.75;633;8;416.00;0
657;8;624993782;657;145;1288;1288;10.29;0.63;158.78;3.75;631;8;417.00;0
659;8;624993791;659;148;1291;1292;10.38;0.63;159.46;3.75;632;8;418.00;1
663;8;624993801;663;152;1291;1292;10.41;0.63;160.28;3.75;628;8;419.00;1
664;8;624993811;664;154;1292;1292;10.46;0.64;160.35;3.75;628;8;420.00;0
668;8;624993826;668;152;1292;1292;10.48;0.64;160.42;3.75;624;8;421.00;0
670;8;624993842;670;158;1293;1293;10.49;0.64;160.57;3.74;623;8;422.00;0
672;8;624993850;672;160;1294;1294;10.47;0.64;160.39;3.74;622;8;423.00;0
674;8;624993859;674;163;1294;1294;10.46;0.64;160.67;3.74;620;8;424.00;0
677;8;624993868;677;167;1295;1295;10.45;0.64;161.31;3.74;618;8;425.00;0
679;9;624993877;679;166;1295;1295;10.43;0.63;161.31;3.74;616;9;426.00;0
681;9;624993903;681;170;1295;1295;10.38;0.63;161.66;3.74;614;9;427.00;0
682;9;624993913;682;172;1295;1295;10.37;0.63;162.04;3.74;613;9;428.00;0
684;9;624993922;684;176;1295;1295;10.31;0.63;162.24;3.74;611;9;429.00;0
684;9;624993931;684;170;1295;1295;10.31;0.63;162.24;3.74;611;9;430.00;0
687;9;624993940;687;167;1295;1295;10.19;0.62;162.34;3.74;608;9;431.00;0
689;9;624993955;689;196;1377;1422;9.63;0.60;162.53;3.52;688;9;432.00;45
689;9;624993974;689;169;1379;1423;9.70;0.60;162.53;3.51;690;9;433.00;44
690;9;624993982;690;157;1384;1423;9.89;0.61;162.50;3.51;694;9;434.00;39
694;9;624993991;694;151;1386;1423;9.90;0.61;162.71;3.51;692;9;435.00;37
698;9;624993999;698;145;1388;1423;9.97;0.61;162.75;3.51;690;9;436.00;35
701;9;624994008;701;144;1391;1423;10.03;0.62;163.02;3.51;690;9;437.00;32
704;9;624994017;704;148;1394;1423;10.04;0.62;163.64;3.52;690;9;438.00;29
706;9;624994025;706;148;1397;1423;10.17;0.62;163.71;3.53;691;9;439.00;26
708;9;624994033;708;151;1399;1424;10.25;0.63;163.57;3.53;691;9;440.00;25
714;9;624994043;714;152;1402;1425;10.34;0.63;163.92;3.54;688;9;441.00;23
717;9;624994053;717;143;1405;1425;10.39;0.64;164.04;3.56;688;9;442.00;20
721;9;624994062;721;137;1407;1426;10.43;0.64;164.07;3.57;686;9;443.00;19
723;9;624994071;723;130;1411;1426;10.48;0.64;164.52;3.59;688;9;444.00;15
729;9;624994080;729;122;1414;1426;10.36;0.63;165.24;3.61;685;9;445.00;12
729;9;624994090;729;114;1416;1426;10.29;0.63;165.24;3.62;687;9;446.00;10
730;9;624994100;730;117;1418;1430;10.25;0.63;165.23;3.63;688;9;447.00;12
733;9;624994109;733;115;1419;1430;10.24;0.62;165.54;3.64;686;9;448.00;11
737;9;624994123;737;120;1421;1430;10.18;0.62;166.02;3.65;684;9;449.00;9
739;9;624994134;739;117;1424;1436;10.21;0.62;166.11;3.65;685;9;450.00;12
740;9;624994144;740;117;1425;1436;10.19;0.62;166.23;3.65;685;9;451.00;11
745;9;624994154;745;118;1426;1436;10.21;0.62;166.79;3.65;681;9;452.00;10
747;9;624994163;747;121;1429;1440;10.20;0.62;166.97;3.65;682;9;453.00;11
748;9;624994174;748;116;1431;1441;10.26;0.62;166.97;3.65;683;9;454.00;10
749;9;624994183;749;118;1432;1441;10.27;0.63;167.07;3.65;683;9;455.00;9
753;9;624994192;753;118;1434;1445;10.32;0.63;166.98;3.65;681;9;456.00;11
754;9;624994202;754;117;1436;1445;10.45;0.64;167.04;3.66;682;9;457.00;9
757;9;624994212;757;121;1437;1445;10.53;0.64;167.25;3.67;680;9;458.00;8
760;9;624994221;760;123;1438;1446;10.53;0.64;167.21;3.66;678;9;459.00;8
761;9;624994236;761;124;1441;1446;10.47;0.64;167.41;3.70;680;9;460.00;5
762;9;624994246;762;123;1444;1452;10.44;0.64;167.32;3.70;682;9;461.00;8
765;9;624994256;765;125;1447;1452;10.38;0.63;167.29;3.71;682;9;462.00;5
768;9;624994266;768;134;1447;1453;10.36;0.63;166.93;3.71;679;9;463.00;6
768;9;624994276;768;132;1448;1453;10.33;0.63;166.93;3.72;680;9;464.00;5
773;9;624994285;773;130;1448;1453;10.36;0.63;166.94;3.72;675;9;465.00;5
775;9;624994295;775;131;1448;1453;10.41;0.63;167.06;3.72;673;9;466.00;5
777;9;624994305;777;130;1448;1453;10.51;0.64;167.11;3.72;671;9;467.00;5
777;9;624994314;777;131;1458;1465;10.61;0.64;167.11;3.69;681;9;468.00;7
778;9;624994326;778;135;1458;1465;10.70;0.65;167.12;3.69;680;9;469.00;7
779;9;624994336;779;140;1460;1465;10.73;0.65;167.17;3.71;681;9;470.00;5
779;9;624994346;779;146;1461;1465;10.77;0.66;167.17;3.71;682;9;471.00;4
782;9;624994356;782;148;1461;1465;10.85;0.66;167.14;3.71;679;9;472.00;4
784;9;624994366;784;153;1462;1465;10.88;0.66;167.19;3.72;678;9;473.00;3
786;9;624994375;786;155;1465;1469;10.92;0.66;167.65;3.72;679;9;474.00;4
787;9;624994393;787;157;1467;1469;10.95;0.67;167.58;3.73;680;9;475.00;2
790;10;624994403;790;163;1470;1473;11.00;0.67;167.47;3.73;680;10;476.00;3
791;10;624994435;791;165;1471;1474;11.00;0.67;167.50;3.73;680;10;477.00;3
795;10;624994450;795;166;1473;1474;11.00;0.67;167.66;3.73;678;10;478.00;1
798;10;624994460;798;169;1474;1474;10.91;0.66;167.72;3.73;676;10;479.00;0
801;10;624994472;801;175;1494;1500;10.78;0.66;167.81;3.68;693;10;480.00;6
802;10;624994483;802;179;1494;1500;10.69;0.65;167.75;3.68;692;10;481.00;6
803;10;624994493;803;182;1497;1500;10.65;0.65;167.69;3.68;694;10;482.00;3
807;10;624994501;807;186;1499;1501;10.52;0.64;167.70;3.68;692;10;483.00;2
807;10;624994516;807;190;1501;1502;10.45;0.64;167.70;3.67;694;10;484.00;1
809;10;624994525;809;196;1502;1502;10.37;0.63;168.11;3.68;693;10;485.00;0
811;10;624994534;811;201;1504;1505;10.28;0.63;168.08;3.67;693;10;486.00;1
811;10;624994544;811;204;1504;1505;10.16;0.62;168.08;3.67;693;10;487.00;1
812;10;624994553;812;213;1505;1505;10.11;0.62;168.03;3.67;693;10;488.00;0
814;10;624994562;814;211;1505;1505;10.04;0.62;168.26;3.67;691;10;489.00;0
818;10;624994571;818;212;1510;1511;10.01;0.61;168.14;3.66;692;10;490.00;1
819;10;624994581;819;209;1510;1511;9.95;0.61;168.04;3.66;691;10;491.00;1
820;10;624994590;820;212;1511;1511;9.86;0.61;167.95;3.66;691;10;492.00;0
822;10;624994599;822;220;1511;1511;9.88;0.61;167.84;3.66;689;10;493.00;0
826;10;624994613;826;223;1515;1515;9.81;0.60;168.30;3.65;689;10;494.00;0
826;10;624994623;826;226;1517;1517;9.82;0.60;168.30;3.65;691;10;495.00;0
828;10;624994631;828;228;1517;1517;9.77;0.60;168.22;3.65;689;10;496.00;0
828;10;624994640;828;229;1518;1518;9.73;0.60;168.22;3.65;690;10;497.00;0
829;10;624994648;829;227;1518;1518;9.67;0.59;168.18;3.65;689;10;498.00;0
837;10;624994657;837;230;1518;1518;9.60;0.59;167.81;3.65;681;10;499.00;0
839;10;624994667;839;234;1518;1518;9.53;0.59;167.65;3.65;679;10;500.00;0
843;10;624994679;843;234;1518;1518;9.40;0.58;168.24;3.65;675;10;501.00;0
846;10;624994688;846;236;1518;1518;9.23;0.57;168.41;3.65;672;10;502.00;0
848;10;624994695;848;240;1518;1518;9.05;0.55;168.63;3.65;670;10;503.00;0
853;10;624994703;853;247;1554;1588;9.02;0.55;168.55;3.56;701;10;504.00;34
856;10;624994717;856;243;1555;1589;8.87;0.54;168.62;3.56;699;10;505.00;34
859;10;624994725;859;246;1567;1589;8.87;0.54;168.65;3.55;708;10;506.00;22
863;10;624994733;863;252;1571;1589;8.76;0.54;168.35;3.55;708;10;507.00;18
866;10;624994741;866;255;1578;1589;8.66;0.53;168.85;3.55;712;10;508.00;11
870;10;624994749;870;260;1581;1589;8.53;0.52;168.72;3.55;711;10;509.00;8
873;10;624994758;873;249;1586;1589;8.34;0.51;169.61;3.56;713;10;510.00;3
876;10;624994766;876;251;1588;1589;8.20;0.50;170.12;3.56;712;10;511.00;1
878;10;624994775;878;250;1590;1590;8.08;0.49;170.26;3.57;712;10;512.00;0
881;10;624994782;881;251;1591;1591;7.99;0.49;170.29;3.56;710;10;513.00;0
883;10;624994790;883;253;1591;1591;7.92;0.48;170.50;3.56;708;10;514.00;0
885;10;624994799;885;255;1595;1595;7.87;0.48;170.64;3.56;710;10;515.00;0
887;10;624994807;887;268;1595;1595;7.82;0.48;170.85;3.56;708;10;516.00;0
890;10;624994815;890;266;1595;1595;7.79;0.48;171.42;3.56;705;10;517.00;0
891;10;624994824;891;263;1595;1595;7.84;0.48;171.65;3.56;704;10;518.00;0
892;10;624994832;892;268;1600;1601;7.88;0.48;171.88;3.55;708;10;519.00;1
894;10;624994841;894;267;1601;1601;7.95;0.49;172.09;3.55;707;10;520.00;0
896;10;624994849;896;271;1601;1601;7.91;0.49;172.73;3.55;705;10;521.00;0
898;10;624994858;898;272;1604;1604;7.97;0.49;173.06;3.54;706;10;522.00;0
901;10;624994866;901;255;1604;1604;7.92;0.49;173.45;3.54;703;10;523.00;0
903;10;624994875;903;244;1604;1604;7.95;0.49;173.94;3.54;701;10;524.00;0
907;10;624994884;907;235;1605;1605;7.95;0.49;174.31;3.54;698;10;525.00;0
911;10;624994893;911;229;1606;1606;8.00;0.49;174.90;3.54;695;10;526.00;0
916;10;624994908;916;226;1606;1606;8.07;0.49;175.00;3.54;690;10;527.00;0
921;11;624994921;921;219;1618;1619;8.13;0.50;175.20;3.51;697;11;528.00;1
924;11;624994956;924;210;1618;1619;8.24;0.50;175.68;3.51;694;11;529.00;1
928;11;624994980;928;205;1619;1619;8.31;0.51;175.86;3.51;691;11;530.00;0
933;11;624994994;933;200;1620;1620;8.35;0.51;176.35;3.51;687;11;531.00;0
939;11;624995019;939;202;1620;1620;8.37;0.51;176.40;3.51;681;11;532.00;0
941;11;624995032;941;209;1623;1624;8.43;0.51;176.53;3.50;682;11;533.00;1
943;11;624995043;943;199;1623;1624;8.47;0.52;176.92;3.50;680;11;534.00;1
944;11;624995054;944;196;1628;1628;8.58;0.52;177.13;3.50;684;11;535.00;0
946;11;624995063;946;199;1628;1628;8.61;0.52;177.05;3.50;682;11;536.00;0
948;11;624995074;948;198;1628;1628;8.62;0.53;177.13;3.50;680;11;537.00;0
949;11;624995083;949;197;1628;1628;8.62;0.53;177.16;3.50;679;11;538.00;0
951;11;624995094;951;201;1628;1628;8.63;0.53;177.11;3.50;677;11;539.00;0
954;11;624995106;954;212;1655;1662;8.71;0.54;177.19;3.44;701;11;540.00;7
960;11;624995119;960;211;1658;1662;8.70;0.54;177.57;3.44;698;11;541.00;4
964;11;624995130;964;213;1659;1662;8.81;0.54;177.85;3.44;695;11;542.00;3
968;11;624995140;968;205;1659;1662;8.84;0.54;178.06;3.44;691;11;543.00;3
972;11;624995150;972;208;1660;1662;8.94;0.55;178.03;3.44;688;11;544.00;2
976;11;624995160;976;206;1660;1662;8.94;0.55;178.34;3.44;684;11;545.00;2
979;11;624995170;979;211;1662;1663;9.01;0.55;178.63;3.44;683;11;546.00;1
982;11;624995179;982;215;1662;1663;9.06;0.56;178.62;3.44;680;11;547.00;1
985;11;624995190;985;217;1667;1669;9.04;0.55;178.80;3.43;682;11;548.00;2
989;11;624995201;989;217;1668;1670;9.07;0.56;179.06;3.43;679;11;549.00;2
992;11;624995211;992;223;1669;1670;9.04;0.55;179.07;3.43;677;11;550.00;1
993;11;624995222;993;225;1669;1670;8.94;0.55;179.15;3.43;676;11;551.00;1
996;11;624995231;996;230;1674;1674;8.91;0.54;179.03;3.42;678;11;552.00;0
997;11;624995240;997;236;1674;1674;8.83;0.54;179.11;3.42;677;11;553.00;0
1001;11;624995250;1001;239;1674;1674;8.74;0.53;179.18;3.42;673;11;554.00;0
1005;11;624995260;1005;249;1675;1675;8.64;0.53;179.46;3.42;670;11;555.00;0
1006;11;624995270;1006;252;1679;1679;8.64;0.53;179.48;3.42;673;11;556.00;0
1009;11;624995280;1009;237;1679;1679;8.61;0.53;179.72;3.42;670;11;557.00;0
1013;11;624995289;1013;230;1681;1682;8.61;0.53;180.20;3.41;668;11;558.00;1
1015;11;624995299;1015;224;1681;1682;8.68;0.53;180.28;3.41;666;11;559.00;1
1020;11;624995308;1020;214;1682;1682;8.73;0.53;180.92;3.41;662;11;560.00;0
1021;11;624995319;1021;212;1682;1682;8.79;0.54;181.19;3.41;661;11;561.00;0
1025;11;624995329;1025;206;1685;1686;8.87;0.54;181.45;3.41;660;11;562.00;1
1026;11;624995340;1026;211;1685;1686;8.99;0.55;181.30;3.41;659;11;563.00;1
1030;11;624995350;1030;214;1686;1686;9.04;0.55;181.87;3.41;656;11;564.00;0
1030;11;624995359;1030;216;1686;1686;9.09;0.55;181.87;3.41;656;11;565.00;0
1034;11;624995369;1034;202;1687;1687;9.13;0.56;182.45;3.40;653;11;566.00;0
1039;11;624995379;1039;191;1688;1688;9.14;0.56;182.84;3.40;649;11;567.00;0
1040;11;624995390;1040;186;1688;1688;9.24;0.56;183.00;3.40;648;11;568.00;0
1044;11;624995399;1044;179;1689;1689;9.25;0.56;183.62;3.40;645;11;569.00;0
1048;11;624995412;1048;172;1689;1689;9.34;0.57;184.10;3.40;641;11;570.00;0
1050;11;624995428;1050;169;1689;1689;9.39;0.57;184.36;3.40;639;11;571.00;0
1051;11;624995438;1051;166;1689;1689;9.53;0.58;184.61;3.40;638;11;572.00;0
1054;11;624995449;1054;165;1689;1689;9.56;0.58;184.79;3.40;635;11;573.00;0
1057;11;624995459;1057;167;1689;1689;9.62;0.59;184.80;3.40;632;11;574.00;0
1061;11;624995469;1061;171;1689;1689;9.61;0.58;185.08;3.40;628;11;575.00;0
1064;11;624995479;1064;203;1770;1816;9.50;0.59;185.43;3.25;706;11;576.00;46
1067;11;624995500;1067;184;1773;1817;9.54;0.59;185.71;3.24;706;11;577.00;44
1070;11;624995511;1070;174;1779;1817;9.75;0.60;186.26;3.24;709;11;578.00;38
1072;11;624995522;1072;170;1782;1817;9.89;0.61;186.22;3.24;710;11;579.00;35
1076;11;624995532;1076;159;1786;1817;10.02;0.62;186.21;3.24;710;11;580.00;31
1079;11;624995542;1079;152;1787;1817;10.08;0.62;186.40;3.24;708;11;581.00;30
1080;11;624995553;1080;146;1791;1817;10.15;0.63;186.49;3.25;711;11;582.00;26
1081;11;624995566;1081;147;1793;1817;10.15;0.63;186.40;3.25;712;11;583.00;24
1084;11;624995576;1084;146;1795;1818;10.15;0.62;186.94;3.26;711;11;584.00;23
1087;11;624995587;1087;154;1799;1820;10.14;0.62;187.15;3.27;712;11;585.00;21
1092;11;624995598;1092;150;1801;1820;10.16;0.62;187.56;3.27;709;11;586.00;19
1096;11;624995611;1096;155;1806;1821;10.20;0.63;187.76;3.29;710;11;587.00;15
1097;11;624995623;1097;161;1808;1821;10.26;0.63;187.71;3.30;711;11;588.00;13
1099;11;624995633;1099;169;1810;1821;10.27;0.63;187.78;3.31;711;11;589.00;11
1101;11;624995644;1101;168;1814;1821;10.28;0.63;188.05;3.33;713;11;590.00;7
1103;11;624995654;1103;174;1816;1825;10.29;0.63;188.12;3.34;713;11;591.00;9
1105;11;624995664;1105;173;1819;1825;10.38;0.63;188.51;3.35;714;11;592.00;6
1107;11;624995681;1107;174;1821;1825;10.44;0.64;188.58;3.36;714;11;593.00;4
1111;11;624995691;1111;177;1823;1828;10.50;0.64;188.96;3.36;712;11;594.00;5
1112;11;624995702;1112;175;1824;1828;10.58;0.65;189.04;3.36;712;11;595.00;4
1113;11;624995713;1113;180;1825;1828;10.62;0.65;189.05;3.36;712;11;596.00;3
1115;11;624995723;1115;186;1829;1832;10.62;0.65;189.07;3.36;714;11;597.00;3
1118;11;624995733;1118;185;1831;1833;10.75;0.65;189.14;3.36;713;11;598.00;2
1120;11;624995743;1120;190;1831;1833;10.82;0.66;189.23;3.36;711;11;599.00;2
1123;11;624995755;1123;191;1843;1859;10.77;0.65;189.15;3.34;720;11;600.00;16
1123;11;624995774;1123;183;1844;1859;10.79;0.66;189.15;3.34;721;11;601.00;15
1125;11;624995785;1125;179;1844;1859;10.85;0.66;189.14;3.34;719;11;602.00;15
1127;11;624995795;1127;178;1846;1860;10.89;0.66;189.30;3.34;719;11;603.00;14
1129;11;624995806;1129;176;1847;1860;10.88;0.66;189.43;3.34;718;11;604.00;13
1131;11;624995823;1131;171;1850;1866;10.89;0.66;189.53;3.33;719;11;605.00;16
1133;11;624995834;1133;173;1851;1866;10.84;0.66;189.55;3.34;718;11;606.00;15
1135;11;624995844;1135;167;1853;1867;10.77;0.65;189.96;3.34;718;11;607.00;14
1138;11;624995854;1138;171;1854;1867;10.73;0.65;189.94;3.34;716;11;608.00;13
1141;11;624995864;1141;164;1854;1867;10.68;0.65;190.05;3.34;713;11;609.00;13
1143;11;624995873;1143;164;1856;1867;10.63;0.64;190.18;3.34;713;11;610.00;11
1151;11;624995883;1151;157;1856;1867;10.59;0.64;190.43;3.34;705;11;611.00;11
1153;11;624995893;1153;155;1866;1879;10.50;0.64;190.86;3.33;713;11;612.00;13
1157;11;624995904;1157;146;1866;1879;10.50;0.63;191.11;3.33;709;11;613.00;13
1161;11;624995915;1161;137;1868;1879;10.49;0.64;191.84;3.34;707;11;614.00;11
1164;11;624995925;1164;131;1870;1879;10.54;0.64;191.83;3.34;706;11;615.00;9
1167;11;624995936;1167;127;1870;1879;10.60;0.64;192.07;3.34;703;11;616.00;9
1172;11;624995945;1172;123;1870;1879;10.71;0.65;192.64;3.34;698;11;617.00;9
1176;11;624995955;1176;119;1874;1883;10.72;0.65;192.77;3.34;698;11;618.00;9
1179;11;624995965;1179;113;1874;1883;10.78;0.65;193.03;3.34;695;11;619.00;9
1181;11;624995975;1181;115;1877;1887;10.85;0.66;193.19;3.34;696;11;620.00;10
1187;11;624995991;1187;107;1878;1888;10.93;0.66;193.29;3.34;691;11;621.00;10
1190;11;624996001;1190;106;1879;1888;11.08;0.67;193.47;3.34;689;11;622.00;9
1191;11;624996011;1191;104;1879;1888;11.22;0.68;193.48;3.34;688;11;623.00;9
1195;11;624996021;1195;108;1888;1901;11.19;0.67;194.01;3.33;693;11;624.00;13
1196;11;624996032;1196;107;1888;1901;11.29;0.68;194.13;3.33;692;11;625.00;13
1201;12;624996041;1201;113;1888;1901;11.38;0.68;194.34;3.33;687;12;626.00;13
1203;12;624996066;1203;116;1890;1902;11.37;0.69;194.84;3.36;687;12;627.00;12
1206;12;624996076;1206;114;1890;1903;11.37;0.69;195.18;3.36;684;12;628.00;13
1207;12;624996092;1207;117;1890;1903;11.34;0.69;195.15;3.36;683;12;629.00;13
1208;12;624996103;1208;119;1895;1909;11.34;0.69;195.25;3.37;687;12;630.00;14
1211;12;624996112;1211;126;1897;1909;11.32;0.69;195.34;3.39;686;12;631.00;12
1214;12;624996122;1214;127;1899;1909;11.34;0.69;195.70;3.39;685;12;632.00;10
1219;12;624996131;1219;133;1899;1909;11.34;0.69;195.50;3.39;680;12;633.00;10
1221;12;624996141;1221;131;1903;1915;11.44;0.69;195.57;3.39;682;12;634.00;12
1222;12;624996151;1222;132;1903;1915;11.45;0.70;195.57;3.39;681;12;635.00;12
1223;12;624996160;1223;134;1904;1915;11.43;0.69;195.64;3.39;681;12;636.00;11
1224;12;624996170;1224;140;1905;1915;11.32;0.69;195.59;3.40;681;12;637.00;10
1225;12;624996179;1225;140;1909;1919;11.31;0.69;195.62;3.40;684;12;638.00;10
1226;12;624996189;1226;141;1911;1920;11.27;0.69;195.53;3.41;685;12;639.00;9
1230;12;624996199;1230;149;1912;1920;11.12;0.67;195.39;3.42;682;12;640.00;8
1231;12;624996209;1231;154;1913;1921;11.04;0.67;195.32;3.41;682;12;641.00;8
1235;12;624996218;1235;159;1914;1921;10.96;0.67;195.20;3.42;679;12;642.00;7
1239;12;624996228;1239;169;1915;1921;10.80;0.65;194.96;3.44;676;12;643.00;6
1239;12;624996237;1239;176;1916;1921;10.68;0.65;194.96;3.45;677;12;644.00;5
1239;12;624996247;1239;179;1917;1921;10.54;0.64;194.96;3.45;678;12;645.00;4
1242;12;624996256;1242;178;1917;1921;10.38;0.63;194.83;3.45;675;12;646.00;4
1244;12;624996265;1244;182;1917;1921;10.28;0.63;194.83;3.45;673;12;647.00;4
1248;12;624996275;1248;190;1956;1991;10.32;0.63;194.48;3.39;708;12;648.00;35
1248;12;624996289;1248;198;1962;1992;10.20;0.62;194.48;3.42;714;12;649.00;30
1248;12;624996299;1248;197;1971;1992;10.13;0.62;194.48;3.41;723;12;650.00;21
1249;12;624996308;1249;203;1977;1992;10.01;0.61;194.38;3.42;728;12;651.00;15
1251;12;624996318;1251;203;1983;1992;9.93;0.61;194.38;3.43;732;12;652.00;9
1252;12;624996327;1252;211;1986;1992;9.84;0.60;194.32;3.43;734;12;653.00;6
1255;12;624996336;1255;217;1989;1992;9.77;0.60;194.41;3.43;734;12;654.00;3
1256;12;624996346;1256;219;1989;1992;9.61;0.59;194.32;3.43;733;12;655.00;3
1258;12;624996354;1258;223;1992;1993;9.51;0.58;194.31;3.44;734;12;656.00;1
1259;12;624996363;1259;232;1993;1994;9.38;0.57;194.16;3.43;734;12;657.00;1
1262;12;624996372;1262;238;1994;1994;9.23;0.56;194.23;3.44;732;12;658.00;0
1262;12;624996380;1262;242;1998;1998;9.08;0.56;194.23;3.43;736;12;659.00;0
1265;12;624996391;1265;242;1998;1998;8.96;0.55;193.92;3.43;733;12;660.00;0
1266;12;624996400;1266;244;1998;1998;8.83;0.54;193.87;3.43;732;12;661.00;0
1268;12;624996409;1268;249;1998;1998;8.71;0.53;193.77;3.43;730;12;662.00;0
1268;12;624996417;1268;253;2003;2004;8.68;0.53;193.77;3.43;735;12;663.00;1
1269;12;624996426;1269;260;2004;2004;8.62;0.53;193.68;3.43;735;12;664.00;0
1270;12;624996434;1270;265;2004;2004;8.54;0.52;193.71;3.43;734;12;665.00;0
1271;12;624996442;1271;271;2007;2007;8.48;0.52;193.75;3.42;736;12;666.00;0
1273;12;624996451;1273;273;2007;2007;8.37;0.51;193.90;3.42;734;12;667.00;0
1273;12;624996459;1273;277;2007;2007;8.31;0.51;193.90;3.42;734;12;668.00;0
1273;12;624996474;1273;280;2008;2008;8.30;0.51;193.90;3.42;735;12;669.00;0
1275;12;624996483;1275;287;2009;2009;8.26;0.50;193.63;3.42;734;12;670.00;0
1280;12;624996492;1280;291;2009;2009;8.13;0.49;193.47;3.42;729;12;671.00;0
1282;12;624996500;1282;295;2022;2022;8.02;0.49;193.58;3.40;740;12;672.00;0
1283;12;624996509;1283;304;2022;2022;7.92;0.48;193.54;3.40;739;12;673.00;0
1286;12;624996517;1286;302;2022;2022;7.78;0.47;193.56;3.40;736;12;674.00;0
1289;12;624996525;1289;290;2024;2024;7.76;0.47;193.39;3.39;735;12;675.00;0
1293;12;624996533;1293;289;2024;2024;7.63;0.47;193.32;3.39;731;12;676.00;0
1298;12;624996541;1298;284;2027;2028;7.53;0.46;193.41;3.39;729;12;677.00;1
1301;12;624996550;1301;278;2027;2028;7.42;0.45;193.36;3.39;726;12;678.00;1
1305;12;624996558;1305;270;2032;2032;7.31;0.45;193.66;3.38;727;12;679.00;0
1309;12;624996566;1309;254;2032;2032;7.29;0.44;193.79;3.38;723;12;680.00;0
1310;12;624996575;1310;240;2032;2032;7.26;0.44;193.96;3.38;722;12;681.00;0
1312;12;624996584;1312;232;2032;2032;7.34;0.45;194.26;3.38;720;12;682.00;0
1316;12;624996593;1316;220;2032;2032;7.33;0.45;194.67;3.38;716;12;683.00;0
1317;12;624996602;1317;217;2042;2044;7.52;0.46;194.76;3.37;725;12;684.00;2
1320;12;624996611;1320;214;2043;2044;7.68;0.47;194.88;3.37;723;12;685.00;1
1323;12;624996626;1323;212;2044;2044;7.82;0.48;195.17;3.37;721;12;686.00;0
1324;12;624996635;1324;209;2044;2044;7.97;0.49;195.33;3.37;720;12;687.00;0
1325;12;624996644;1325;199;2044;2044;8.16;0.50;195.28;3.37;719;12;688.00;0
1328;12;624996653;1328;200;2044;2044;8.25;0.50;195.76;3.37;716;12;689.00;0
1332;12;624996663;1332;205;2045;2045;8.34;0.51;196.25;3.36;713;12;690.00;0
1332;12;624996672;1332;202;2045;2045;8.50;0.52;196.25;3.36;713;12;691.00;0
1335;12;624996681;1335;199;2049;2051;8.68;0.53;196.68;3.36;714;12;692.00;2
1337;12;624996691;1337;194;2050;2052;8.73;0.53;196.98;3.36;713;12;693.00;2
1338;12;624996706;1338;194;2051;2052;8.76;0.54;196.87;3.36;713;12;694.00;1
1343;12;624996721;1343;195;2052;2052;8.80;0.54;197.08;3.36;709;12;695.00;0
1344;12;624996730;1344;191;2056;2056;8.94;0.55;197.19;3.35;712;12;696.00;0
1350;12;624996740;1350;191;2056;2056;9.00;0.55;197.62;3.35;706;12;697.00;0
1352;12;624996749;1352;184;2056;2056;9.08;0.56;197.71;3.35;704;12;698.00;0
1357;12;624996763;1357;183;2057;2057;9.13;0.56;197.66;3.35;700;12;699.00;0
1360;12;624996775;1360;179;2061;2061;9.16;0.56;197.51;3.35;701;12;700.00;0
1365;12;624996789;1365;171;2061;2061;9.18;0.56;197.42;3.35;696;12;701.00;0
1368;12;624996805;1368;169;2063;2064;9.28;0.57;197.48;3.34;695;12;702.00;1
1371;12;624996815;1371;170;2063;2064;9.27;0.57;197.46;3.34;692;12;703.00;1
1377;12;624996825;1377;163;2064;2064;9.30;0.57;197.77;3.34;687;12;704.00;0
1382;12;624996835;1382;166;2064;2064;9.33;0.57;197.81;3.34;682;12;705.00;0
1390;12;624996845;1390;164;2067;2068;9.38;0.57;198.17;3.34;677;12;706.00;1
1395;12;624996855;1395;161;2067;2068;9.45;0.58;198.50;3.34;672;12;707.00;1
1400;12;624996865;1400;153;2068;2068;9.56;0.58;198.51;3.34;668;12;708.00;0
1405;12;624996875;1405;153;2068;2068;9.59;0.58;198.91;3.34;663;12;709.00;0
1408;12;624996890;1408;152;2069;2069;9.67;0.59;199.05;3.34;661;12;710.00;0
1414;12;624996909;1414;152;2070;2070;9.76;0.59;199.34;3.34;656;12;711.00;0
1423;12;624996930;1423;151;2070;2070;9.90;0.60;199.57;3.34;647;12;712.00;0
1424;12;624996945;1424;145;2071;2071;10.10;0.61;199.52;3.34;647;12;713.00;0
1427;12;624996962;1427;154;2071;2071;10.21;0.62;199.70;3.34;644;12;714.00;0
1429;12;624996977;1429;153;2071;2071;10.31;0.62;199.71;3.34;642;12;715.00;0
1435;12;624996992;1435;151;2071;2071;10.37;0.63;200.09;3.34;636;12;716.00;0
1439;12;624997014;1439;154;2071;2071;10.34;0.62;200.05;3.34;632;12;717.00;0
1442;12;624997034;1442;149;2071;2071;10.32;0.63;200.34;3.34;629;12;718.00;0
1446;12;624997045;1446;148;2071;2071;10.28;0.62;200.69;3.34;625;12;719.00;0
1448;12;624997059;1448;180;2191;2301;10.18;0.64;200.99;3.15;743;12;720.00;110
1449;12;624997090;1449;177;2201;2302;10.08;0.63;201.02;3.14;752;12;721.00;101
1453;12;624997101;1453;164;2214;2302;10.04;0.63;201.48;3.14;761;12;722.00;88
1456;12;624997113;1456;167;2222;2302;9.90;0.62;201.52;3.14;766;12;723.00;80
1457;13;624997124;1457;163;2228;2302;9.79;0.61;201.69;3.14;771;13;724.00;74
1460;13;624997152;1460;174;2233;2302;9.77;0.61;201.88;3.14;773;13;725.00;69
1460;13;624997164;1460;180;2242;2302;9.69;0.60;201.88;3.15;782;13;726.00;60
1461;13;624997175;1461;176;2247;2302;9.58;0.60;201.92;3.16;786;13;727.00;55
1465;13;624997187;1465;180;2255;2303;9.45;0.59;202.32;3.18;790;13;728.00;48
1466;13;624997198;1466;177;2258;2304;9.43;0.59;202.50;3.19;792;13;729.00;46
1474;13;624997215;1474;187;2262;2304;9.34;0.58;203.10;3.20;788;13;730.00;42
1476;13;624997227;1476;189;2268;2305;9.33;0.58;203.28;3.22;792;13;731.00;37
1480;13;624997239;1480;199;2270;2305;9.35;0.58;203.25;3.22;790;13;732.00;35
1483;13;624997251;1483;205;2276;2305;9.32;0.58;203.50;3.25;793;13;733.00;29
1486;13;624997264;1486;209;2278;2305;9.30;0.58;203.55;3.26;792;13;734.00;27
1491;13;624997275;1491;219;2281;2309;9.36;0.58;203.72;3.26;790;13;735.00;28
1498;13;624997294;1498;213;2283;2309;9.36;0.58;204.12;3.27;785;13;736.00;26
1499;13;624997306;1499;208;2286;2309;9.35;0.58;204.11;3.29;787;13;737.00;23
1502;13;624997318;1502;204;2289;2312;9.45;0.58;204.19;3.30;787;13;738.00;23
1503;13;624997331;1503;202;2289;2312;9.52;0.59;204.07;3.30;786;13;739.00;23
1506;13;624997343;1506;205;2289;2312;9.57;0.59;204.37;3.30;783;13;740.00;23
1511;13;624997355;1511;202;2295;2316;9.57;0.59;204.47;3.31;784;13;741.00;21
1515;13;624997368;1515;207;2297;2317;9.69;0.60;204.63;3.32;782;13;742.00;20
1520;13;624997379;1520;207;2300;2317;9.79;0.60;204.84;3.34;780;13;743.00;17
1522;13;624997392;1522;204;2304;2321;9.86;0.61;204.96;3.34;782;13;744.00;17
1524;13;624997411;1524;207;2305;2321;9.95;0.61;205.06;3.34;781;13;745.00;16
1528;13;624997428;1528;208;2305;2321;10.02;0.62;205.08;3.34;777;13;746.00;16
1529;13;624997441;1529;205;2307;2322;10.04;0.62;205.10;3.35;778;13;747.00;15
1532;13;624997453;1532;208;2307;2322;10.12;0.62;205.01;3.35;775;13;748.00;15
1535;13;624997465;1535;201;2312;2328;10.14;0.62;205.15;3.35;777;13;749.00;16
1538;13;624997485;1538;191;2312;2328;10.13;0.62;205.45;3.35;774;13;750.00;16
1538;13;624997498;1538;191;2313;2329;10.16;0.62;205.45;3.35;775;13;751.00;16
1544;13;624997509;1544;190;2314;2329;10.09;0.62;205.59;3.36;770;13;752.00;15
1546;13;624997521;1546;190;2315;2329;10.11;0.62;205.68;3.37;769;13;753.00;14
1551;13;624997531;1551;189;2315;2329;10.13;0.62;205.85;3.37;764;13;754.00;14
1555;13;624997543;1555;189;2316;2329;10.12;0.62;206.00;3.38;761;13;755.00;13
1558;13;624997554;1558;193;2326;2341;10.16;0.62;206.19;3.36;768;13;756.00;15
1562;13;624997571;1562;195;2327;2341;10.19;0.62;206.35;3.37;765;13;757.00;14
1569;13;624997582;1569;198;2330;2341;10.22;0.62;206.37;3.39;761;13;758.00;11
1570;13;624997596;1570;199;2330;2341;10.24;0.62;206.36;3.39;760;13;759.00;11
1570;13;624997612;1570;200;2331;2341;10.18;0.62;206.36;3.39;761;13;760.00;10
1572;13;624997623;1572;202;2331;2341;10.20;0.62;206.42;3.39;759;13;761.00;10
1573;13;624997634;1573;211;2335;2345;10.18;0.62;206.36;3.39;762;13;762.00;10
1574;13;624997645;1574;207;2336;2345;10.20;0.62;206.44;3.39;762;13;763.00;9
1576;13;624997657;1576;206;2339;2349;10.26;0.63;206.54;3.39;763;13;764.00;10
1580;13;624997668;1580;208;2342;2351;10.23;0.62;206.67;3.38;762;13;765.00;9
1583;13;624997689;1583;213;2342;2351;10.19;0.62;206.57;3.38;759;13;766.00;9
1585;13;624997699;1585;213;2342;2351;10.20;0.62;206.46;3.38;757;13;767.00;9
1586;13;624997710;1586;213;2353;2364;10.19;0.62;206.58;3.39;767;13;768.00;11
1588;13;624997721;1588;213;2353;2364;10.17;0.62;206.82;3.39;765;13;769.00;11
1591;13;624997732;1591;211;2354;2364;10.17;0.62;206.88;3.39;763;13;770.00;10
1591;13;624997742;1591;209;2355;2365;10.13;0.62;206.88;3.38;764;13;771.00;10
1593;13;624997752;1593;210;2355;2366;10.02;0.61;206.84;3.38;762;13;772.00;11
1596;13;624997762;1596;209;2355;2366;9.91;0.60;206.75;3.38;759;13;773.00;11
1600;13;624997773;1600;203;2357;2369;9.86;0.60;206.83;3.38;757;13;774.00;12
1602;13;624997784;1602;202;2357;2369;9.75;0.59;207.06;3.38;755;13;775.00;12
1607;13;624997793;1607;201;2358;2369;9.67;0.59;207.45;3.38;751;13;776.00;11
1611;13;624997803;1611;202;2358;2369;9.63;0.59;207.53;3.38;747;13;777.00;11
1615;13;624997812;1615;204;2362;2375;9.58;0.58;207.74;3.38;747;13;778.00;13
1620;13;624997822;1620;204;2362;2375;9.53;0.58;208.02;3.38;742;13;779.00;13
1626;13;624997833;1626;201;2363;2375;9.50;0.58;208.05;3.38;737;13;780.00;12
1629;13;624997843;1629;204;2363;2375;9.50;0.58;208.10;3.38;734;13;781.00;12
1632;13;624997852;1632;201;2366;2379;9.39;0.57;208.47;3.37;734;13;782.00;13
1635;13;624997862;1635;198;2367;2380;9.36;0.57;208.59;3.37;732;13;783.00;13
1637;13;624997871;1637;188;2367;2380;9.41;0.57;208.49;3.37;730;13;784.00;13
1639;13;624997881;1639;185;2369;2381;9.36;0.57;208.63;3.38;730;13;785.00;12
1643;13;624997891;1643;183;2370;2381;9.38;0.57;208.45;3.38;727;13;786.00;11
1645;13;624997901;1645;183;2370;2381;9.38;0.57;208.31;3.38;725;13;787.00;11
1647;13;624997911;1647;177;2370;2381;9.36;0.57;208.24;3.38;723;13;788.00;11
1647;13;624997921;1647;180;2370;2381;9.35;0.57;208.24;3.38;723;13;789.00;11
1648;13;624997931;1648;174;2370;2381;9.41;0.57;208.27;3.38;722;13;790.00;11
1651;13;624997940;1651;166;2370;2381;9.48;0.58;208.11;3.38;719;13;791.00;11
1654;13;624997949;1654;167;2403;2451;9.60;0.59;207.96;3.34;749;13;792.00;48
1655;13;624997965;1655;162;2403;2452;9.54;0.58;207.88;3.34;748;13;793.00;49
1657;13;624997980;1657;155;2411;2452;9.63;0.59;207.81;3.33;754;13;794.00;41
1658;13;624997990;1658;161;2411;2452;9.65;0.59;207.80;3.33;753;13;795.00;41
1660;13;624998000;1660;159;2417;2452;9.73;0.59;207.67;3.33;757;13;796.00;35
1660;13;624998010;1660;160;2421;2452;9.80;0.60;207.67;3.34;761;13;797.00;31
1662;13;624998020;1662;158;2426;2452;9.82;0.60;207.51;3.37;764;13;798.00;26
1664;13;624998029;1664;166;2427;2452;9.80;0.60;207.42;3.37;763;13;799.00;25
1665;13;624998041;1665;166;2432;2453;9.77;0.59;207.39;3.41;767;13;800.00;21
1670;13;624998054;1670;172;2435;2454;9.74;0.59;207.08;3.41;765;13;801.00;19
1671;13;624998065;1671;171;2437;2454;9.69;0.59;207.08;3.45;766;13;802.00;17
1674;13;624998075;1674;174;2442;2458;9.60;0.58;207.16;3.45;768;13;803.00;16
1676;13;624998085;1676;181;2443;2458;9.56;0.58;207.02;3.48;767;13;804.00;15
1679;13;624998095;1679;184;2444;2458;9.47;0.58;206.84;3.49;765;13;805.00;14
1681;13;624998105;1681;199;2445;2458;9.37;0.57;206.69;3.52;764;13;806.00;13
1682;13;624998115;1682;204;2449;2464;9.29;0.57;206.60;3.52;767;13;807.00;15
1686;13;624998125;1686;212;2451;2464;9.25;0.56;206.37;3.55;765;13;808.00;13
1687;13;624998135;1687;219;2451;2464;9.25;0.57;206.25;3.55;764;13;809.00;13
1691;13;624998146;1691;227;2455;2470;9.28;0.57;205.98;3.56;764;13;810.00;15
1692;13;624998158;1692;236;2458;2470;9.23;0.56;205.95;3.64;766;13;811.00;12
1694;13;624998168;1694;245;2460;2470;9.15;0.56;205.87;3.66;766;13;812.00;10
1695;13;624998178;1695;249;2462;2471;9.02;0.55;205.85;3.67;767;13;813.00;9
1697;14;624998187;1697;249;2465;2472;8.94;0.55;205.75;3.68;768;14;814.00;7
1702;14;624998203;1702;255;2469;2472;8.80;0.54;205.69;3.70;767;14;815.00;3
1704;14;624998213;1704;262;2479;2485;8.73;0.53;205.73;3.69;775;14;816.00;6
1706;14;624998229;1706;267;2480;2485;8.70;0.53;205.66;3.69;774;14;817.00;5
1707;14;624998239;1707;275;2481;2485;8.65;0.53;205.60;3.69;774;14;818.00;4
1708;14;624998249;1708;283;2485;2486;8.59;0.53;205.54;3.69;777;14;819.00;1
1710;14;624998258;1710;289;2485;2486;8.52;0.52;205.45;3.69;775;14;820.00;1
1712;14;624998267;1712;296;2489;2490;8.44;0.52;205.29;3.69;777;14;821.00;1
1714;14;624998277;1714;298;2490;2490;8.36;0.51;205.20;3.69;776;14;822.00;0
1715;14;624998286;1715;308;2494;2494;8.26;0.50;205.09;3.68;779;14;823.00;0
1717;14;624998302;1717;318;2494;2494;8.14;0.50;205.02;3.68;777;14;824.00;0
1718;14;624998311;1718;325;2494;2494;7.98;0.49;204.95;3.68;776;14;825.00;0
1721;14;624998320;1721;332;2494;2494;7.77;0.48;204.89;3.68;773;14;826.00;0
1722;14;624998329;1722;321;2494;2494;7.65;0.47;204.83;3.68;772;14;827.00;0
1726;14;624998338;1726;313;2504;2506;7.61;0.47;204.95;3.67;778;14;828.00;2
1726;14;624998348;1726;300;2505;2506;7.65;0.47;204.95;3.67;779;14;829.00;1
1726;14;624998357;1726;293;2506;2506;7.74;0.47;204.95;3.67;780;14;830.00;0
1727;14;624998366;1727;288;2506;2506;7.86;0.48;204.99;3.67;779;14;831.00;0
1727;14;624998381;1727;287;2506;2506;7.94;0.49;204.99;3.67;779;14;832.00;0
1727;14;624998391;1727;284;2506;2506;8.07;0.49;204.99;3.67;779;14;833.00;0
1728;14;624998406;1728;278;2507;2507;8.17;0.50;204.89;3.67;779;14;834.00;0
1729;14;624998416;1729;273;2507;2507;8.27;0.51;204.94;3.67;778;14;835.00;0
1730;14;624998428;1730;276;2512;2513;8.44;0.52;204.89;3.66;782;14;836.00;1
1732;14;624998444;1732;270;2514;2514;8.54;0.52;204.83;3.66;782;14;837.00;0
1732;14;624998459;1732;271;2514;2514;8.57;0.52;204.83;3.66;782;14;838.00;0
1732;14;624998470;1732;267;2514;2514;8.55;0.52;204.83;3.66;782;14;839.00;0
1733;14;624998482;1733;270;2519;2519;8.59;0.52;204.85;3.65;786;14;840.00;0
1736;14;624998492;1736;270;2519;2519;8.50;0.52;205.05;3.65;783;14;841.00;0
1737;14;624998502;1737;274;2519;2519;8.44;0.51;205.16;3.65;782;14;842.00;0
1741;14;624998510;1741;281;2520;2520;8.38;0.51;205.10;3.65;779;14;843.00;0
1745;14;624998520;1745;280;2524;2524;8.26;0.50;204.98;3.65;779;14;844.00;0
1748;14;624998530;1748;283;2524;2524;8.16;0.50;205.30;3.65;776;14;845.00;0
1749;14;624998539;1749;289;2526;2527;8.10;0.49;205.38;3.64;777;14;846.00;1
1753;14;624998548;1753;287;2527;2527;8.03;0.49;205.77;3.64;774;14;847.00;0
1754;14;624998557;1754;286;2527;2527;7.92;0.49;205.72;3.64;773;14;848.00;0
1760;14;624998566;1760;293;2527;2527;7.73;0.47;206.28;3.64;767;14;849.00;0
1762;14;624998575;1762;276;2530;2531;7.82;0.48;206.35;3.64;768;14;850.00;1
1765;14;624998585;1765;275;2530;2531;7.86;0.48;206.36;3.64;765;14;851.00;1
1769;14;624998593;1769;262;2531;2531;7.91;0.49;207.00;3.64;762;14;852.00;0
1775;14;624998602;1775;259;2531;2531;7.98;0.49;207.20;3.64;756;14;853.00;0
1780;14;624998611;1780;257;2532;2532;7.96;0.49;207.20;3.64;752;14;854.00;0
1784;14;624998620;1784;254;2534;2534;8.07;0.49;207.26;3.64;750;14;855.00;0
1788;14;624998629;1788;253;2534;2534;8.16;0.50;207.64;3.64;746;14;856.00;0
1791;14;624998638;1791;245;2535;2535;8.23;0.50;207.72;3.64;744;14;857.00;0
1796;14;624998648;1796;235;2535;2535;8.34;0.51;208.19;3.64;739;14;858.00;0
1798;14;624998657;1798;225;2535;2535;8.45;0.52;208.41;3.64;737;14;859.00;0
1803;14;624998666;1803;220;2535;2535;8.56;0.52;208.29;3.64;732;14;860.00;0
1805;14;624998676;1805;213;2535;2535;8.68;0.53;208.50;3.64;730;14;861.00;0
1811;14;624998686;1811;203;2535;2535;8.74;0.53;208.96;3.64;724;14;862.00;0
1814;14;624998695;1814;194;2535;2535;8.83;0.54;209.22;3.64;721;14;863.00;0
1816;14;624998705;1816;203;2612;2662;9.12;0.56;209.34;3.53;796;14;864.00;50
1823;14;624998725;1823;194;2614;2663;9.13;0.56;209.64;3.53;791;14;865.00;49
1827;14;624998735;1827;188;2622;2663;9.26;0.57;209.65;3.52;795;14;866.00;41
1831;14;624998746;1831;181;2625;2663;9.28;0.57;209.79;3.52;794;14;867.00;38
1835;14;624998755;1835;177;2632;2663;9.34;0.58;209.96;3.52;797;14;868.00;31
1841;14;624998766;1841;180;2636;2663;9.28;0.57;209.89;3.53;795;14;869.00;27
1844;14;624998778;1844;180;2640;2663;9.23;0.57;209.85;3.53;796;14;870.00;23
1847;14;624998790;1847;185;2642;2663;9.20;0.57;209.73;3.53;795;14;871.00;21
1851;14;624998806;1851;185;2646;2664;9.19;0.57;209.91;3.54;795;14;872.00;18
1854;14;624998818;1854;190;2648;2665;9.18;0.57;209.87;3.54;794;14;873.00;17
1859;14;624998829;1859;195;2653;2665;9.21;0.57;209.95;3.55;794;14;874.00;12
1862;14;624998841;1862;208;2656;2666;9.22;0.57;209.85;3.56;794;14;875.00;10
1866;14;624998853;1866;211;2658;2666;9.23;0.57;210.20;3.56;792;14;876.00;8
1870;14;624998864;1870;216;2659;2666;9.21;0.57;210.35;3.57;789;14;877.00;7
1876;14;624998876;1876;214;2661;2666;9.21;0.57;210.70;3.57;785;14;878.00;5
1877;14;624998888;1877;218;2664;2670;9.24;0.57;210.77;3.58;787;14;879.00;6
1882;14;624998899;1882;222;2666;2670;9.25;0.57;211.15;3.59;784;14;880.00;4
1886;14;624998916;1886;219;2666;2670;9.23;0.57;211.46;3.59;780;14;881.00;4
1888;14;624998935;1888;222;2670;2673;9.32;0.57;211.45;3.59;782;14;882.00;3
1894;14;624998953;1894;222;2670;2673;9.34;0.57;211.76;3.59;776;14;883.00;3
1900;14;624998973;1900;219;2672;2673;9.42;0.58;211.80;3.59;772;14;884.00;1
1903;14;624998991;1903;222;2676;2677;9.45;0.58;211.78;3.59;773;14;885.00;1
1910;14;624999009;1910;222;2678;2678;9.47;0.58;211.92;3.59;768;14;886.00;0
1912;14;624999025;1912;221;2678;2678;9.53;0.58;211.91;3.59;766;14;887.00;0
1918;14;624999039;1918;219;2682;2682;9.53;0.58;211.97;3.58;764;14;888.00;0
1925;14;624999051;1925;220;2682;2682;9.56;0.58;212.09;3.58;757;14;889.00;0
1927;14;624999064;1927;225;2682;2682;9.56;0.58;212.08;3.58;755;14;890.00;0
1929;14;624999078;1929;226;2683;2683;9.54;0.58;212.14;3.58;754;14;891.00;0
1932;14;624999090;1932;225;2683;2683;9.45;0.58;212.26;3.58;751;14;892.00;0
1934;14;624999102;1934;225;2688;2689;9.42;0.57;212.25;3.58;754;14;893.00;1
1937;14;624999114;1937;231;2688;2689;9.30;0.57;212.47;3.58;751;14;894.00;1
1940;14;624999126;1940;232;2690;2690;9.20;0.56;212.57;3.58;750;14;895.00;0
1945;14;624999138;1945;237;2690;2690;9.05;0.55;212.83;3.58;745;14;896.00;0
1949;14;624999149;1949;231;2690;2690;8.95;0.54;212.87;3.58;741;14;897.00;0
1953;14;624999161;1953;225;2690;2690;8.90;0.54;212.95;3.58;737;14;898.00;0
1954;14;624999180;1954;221;2690;2690;8.89;0.54;213.05;3.58;736;14;899.00;0
1958;14;624999196;1958;232;2719;2736;8.81;0.54;213.07;3.54;761;14;900.00;17
1963;14;624999220;1963;224;2719;2736;8.89;0.54;213.10;3.54;756;14;901.00;17
1964;14;624999233;1964;214;2722;2736;8.94;0.55;213.30;3.54;758;14;902.00;14
1966;14;624999245;1966;209;2722;2736;9.00;0.55;213.41;3.54;756;14;903.00;14
1969;14;624999257;1969;208;2724;2736;9.05;0.55;213.45;3.54;755;14;904.00;12
1972;14;624999268;1972;209;2724;2736;9.11;0.56;213.53;3.54;752;14;905.00;12
1976;14;624999279;1976;195;2730;2740;9.09;0.55;213.65;3.53;754;14;906.00;10
1977;14;624999300;1977;183;2730;2740;9.15;0.56;213.71;3.53;753;14;907.00;10
1980;14;624999311;1980;175;2733;2744;9.12;0.56;213.92;3.53;753;14;908.00;11
1984;14;624999324;1984;181;2735;2745;9.16;0.56;214.03;3.53;751;14;909.00;10
1985;14;624999336;1985;176;2736;2745;9.20;0.56;214.06;3.54;751;14;910.00;9
1990;14;624999347;1990;174;2736;2745;9.24;0.56;214.20;3.54;746;14;911.00;9
1991;14;624999358;1991;174;2744;2758;9.33;0.57;214.30;3.53;753;14;912.00;14
1993;14;624999370;1993;182;2745;2758;9.37;0.57;214.35;3.53;752;14;913.00;13
1995;14;624999381;1995;179;2745;2758;9.42;0.57;214.44;3.53;750;14;914.00;13
1997;14;624999393;1997;180;2747;2759;9.49;0.58;214.54;3.53;750;14;915.00;12
1998;14;624999404;1998;185;2749;2760;9.43;0.57;214.63;3.53;751;14;916.00;11
2001;14;624999415;2001;178;2749;2760;9.41;0.57;214.87;3.53;748;14;917.00;11
2005;14;624999436;2005;183;2751;2763;9.33;0.57;214.80;3.53;746;14;918.00;12
2006;14;624999448;2006;183;2751;2763;9.24;0.56;214.91;3.53;745;14;919.00;12
2010;14;624999459;2010;184;2752;2763;9.18;0.56;214.95;3.54;742;14;920.00;11
2014;14;624999478;2014;178;2752;2763;9.15;0.55;214.88;3.54;738;14;921.00;11
2014;14;624999495;2014;175;2757;2769;9.21;0.56;214.88;3.54;743;14;922.00;12
2018;14;624999506;2018;164;2757;2769;9.26;0.56;214.87;3.54;739;14;923.00;12
2018;14;624999517;2018;163;2757;2769;9.35;0.57;214.87;3.54;739;14;924.00;12
2019;14;624999528;2019;160;2758;2769;9.40;0.57;214.80;3.55;739;14;925.00;11
2021;14;624999538;2021;162;2763;2773;9.44;0.57;214.65;3.55;742;14;926.00;10
2025;14;624999549;2025;162;2764;2774;9.51;0.58;214.73;3.55;739;14;927.00;10
2025;14;624999559;2025;159;2765;2774;9.54;0.58;214.73;3.55;740;14;928.00;9
2027;14;624999569;2027;162;2766;2775;9.64;0.59;214.93;3.55;739;14;929.00;9
2031;14;624999588;2031;170;2766;2775;9.68;0.59;214.90;3.55;735;14;930.00;9
2033;14;624999598;2033;176;2768;2775;9.60;0.58;214.96;3.57;735;14;931.00;7
2035;14;624999607;2035;181;2768;2775;9.51;0.58;214.96;3.57;733;14;932.00;7
2037;14;624999617;2037;188;2769;2775;9.41;0.57;215.11;3.57;732;14;933.00;6
2039;14;624999627;2039;189;2769;2775;9.41;0.57;215.18;3.57;730;14;934.00;6
2040;14;624999636;2040;203;2770;2775;9.39;0.57;215.14;3.58;730;14;935.00;5
2040;14;624999646;2040;218;2811;2845;9.23;0.56;215.14;3.53;771;14;936.00;34
2040;14;624999661;2040;214;2814;2846;9.16;0.56;215.14;3.54;774;14;937.00;32
2042;14;624999671;2042;215;2821;2846;9.21;0.56;215.38;3.54;779;14;938.00;25
2044;14;624999681;2044;223;2825;2846;9.17;0.56;215.55;3.54;781;14;939.00;21
2047;14;624999691;2047;217;2828;2846;9.16;0.56;215.54;3.54;781;14;940.00;18
2049;14;624999701;2049;221;2830;2846;9.13;0.56;215.74;3.54;781;14;941.00;16
2052;14;624999710;2052;224;2832;2846;9.15;0.56;215.78;3.54;780;14;942.00;14
2054;14;624999720;2054;219;2836;2846;9.11;0.56;215.73;3.55;782;14;943.00;10
2058;14;624999730;2058;218;2838;2847;9.16;0.56;215.59;3.55;780;14;944.00;9
2060;14;624999740;2060;216;2843;2849;9.13;0.56;215.60;3.55;783;14;945.00;6
2062;14;624999751;2062;210;2845;2849;9.09;0.55;215.74;3.56;783;14;946.00;4
2065;14;624999760;2065;206;2848;2853;9.05;0.55;215.83;3.55;783;14;947.00;5
2070;14;624999770;2070;201;2848;2853;8.98;0.55;216.10;3.55;778;14;948.00;5
2073;14;624999780;2073;198;2848;2853;8.87;0.54;216.12;3.55;775;14;949.00;5
2077;14;624999789;2077;198;2848;2853;8.79;0.54;216.28;3.55;771;14;950.00;5
2078;14;624999798;2078;195;2851;2859;8.67;0.53;216.22;3.55;773;14;951.00;8
2080;14;624999807;2080;186;2851;2859;8.56;0.52;216.19;3.55;771;14;952.00;8
2085;14;624999817;2085;184;2853;2859;8.50;0.52;216.39;3.56;768;14;953.00;6
2090;14;624999828;2090;183;2855;2862;8.44;0.51;216.24;3.56;765;14;954.00;7
2092;14;624999837;2092;188;2858;2862;8.34;0.51;216.12;3.56;766;14;955.00;4
2094;14;624999846;2094;189;2858;2862;8.29;0.51;216.20;3.56;764;14;956.00;4
2097;14;624999855;2097;192;2858;2863;8.33;0.51;216.12;3.56;761;14;957.00;5
2103;14;624999864;2103;194;2859;2864;8.35;0.51;216.09;3.56;756;14;958.00;5
2108;14;624999874;2108;194;2859;2864;8.37;0.51;215.89;3.56;751;14;959.00;5
2109;14;624999884;2109;201;2876;2890;8.37;0.51;215.80;3.54;767;14;960.00;14
2111;14;624999896;2111;202;2877;2890;8.42;0.51;215.66;3.54;766;14;961.00;13
2113;14;624999906;2113;201;2879;2890;8.54;0.52;215.58;3.54;766;14;962.00;11
2115;14;624999916;2115;201;2880;2891;8.62;0.53;215.50;3.54;765;14;963.00;11
2119;14;624999926;2119;200;2880;2891;8.66;0.53;215.38;3.54;761;14;964.00;11
2120;14;624999935;2120;200;2882;2895;8.72;0.53;215.30;3.54;762;14;965.00;13
2124;14;624999945;2124;206;2883;2895;8.77;0.54;215.28;3.53;759;14;966.00;12
2125;14;624999955;2125;208;2886;2899;8.80;0.54;215.29;3.53;761;14;967.00;13
2126;14;624999965;2126;215;2886;2899;8.79;0.54;215.20;3.53;760;14;968.00;13
2129;14;624999974;2129;217;2888;2899;8.75;0.53;215.13;3.56;759;14;969.00;11
2131;14;624999983;2131;222;2889;2899;8.78;0.54;215.10;3.56;758;14;970.00;10
2131;14;624999992;2131;224;2890;2899;8.81;0.54;215.10;3.57;759;14;971.00;9
2133;14;625000001;2133;228;2901;2911;8.85;0.54;215.02;3.57;768;14;972.00;10
2133;14;625000011;2133;234;2901;2911;8.82;0.54;215.02;3.57;768;14;973.00;10
2135;14;625000020;2135;237;2903;2911;8.78;0.54;214.99;3.57;768;14;974.00;8
2135;14;625000030;2135;240;2903;2911;8.70;0.53;214.99;3.57;768;14;975.00;8
2138;14;625000039;2138;240;2903;2911;8.68;0.53;215.34;3.57;765;14;976.00;8
2139;14;625000048;2139;249;2904;2911;8.62;0.53;215.31;3.58;765;14;977.00;7
2141;14;625000057;2141;251;2904;2912;8.53;0.52;215.28;3.58;763;14;978.00;8
2144;14;625000066;2144;243;2904;2912;8.52;0.52;215.27;3.58;760;14;979.00;8
2146;14;625000076;2146;242;2911;2918;8.51;0.52;215.31;3.59;765;14;980.00;7
2146;14;625000086;2146;237;2913;2919;8.59;0.53;215.31;3.59;767;14;981.00;6
2146;14;625000095;2146;232;2914;2919;8.65;0.53;215.31;3.60;768;14;982.00;5
2150;14;625000104;2150;228;2916;2919;8.68;0.53;215.39;3.60;766;14;983.00;3
2151;14;625000115;2151;223;2919;2923;8.78;0.54;215.30;3.60;768;14;984.00;4
2154;14;625000125;2154;224;2919;2923;8.80;0.54;215.32;3.60;765;14;985.00;4
2156;14;625000144;2156;227;2920;2923;8.78;0.54;215.21;3.61;764;14;986.00;3
2158;14;625000154;2158;220;2921;2924;8.85;0.54;215.25;3.61;763;14;987.00;3
2162;14;625000164;2162;223;2926;2928;8.87;0.54;215.14;3.61;764;14;988.00;2
2163;14;625000180;2163;225;2927;2928;8.92;0.54;215.16;3.61;764;14;989.00;1
2165;14;625000191;2165;228;2931;2934;8.97;0.55;215.10;3.61;766;14;990.00;3
2167;14;625000201;2167;228;2932;2934;9.00;0.55;215.08;3.61;765;14;991.00;2
2167;14;625000211;2167;227;2932;2934;9.04;0.55;215.08;3.61;765;14;992.00;2
2168;14;625000220;2168;227;2933;2934;9.06;0.55;215.11;3.61;765;14;993.00;1
2169;14;625000229;2169;233;2935;2938;9.12;0.56;215.10;3.60;766;14;994.00;3
2170;14;625000245;2170;236;2936;2938;9.11;0.56;215.12;3.60;766;14;995.00;2
2172;14;625000260;2172;237;2937;2938;9.01;0.55;215.11;3.60;765;14;996.00;1
2173;14;625000269;2173;244;2937;2938;8.82;0.54;215.15;3.60;764;14;997.00;1
2175;14;625000278;2175;247;2939;2939;8.69;0.53;215.11;3.60;764;14;998.00;0
2176;14;625000287;2176;245;2940;2940;8.58;0.52;215.10;3.60;764;14;999.00;0
2178;14;625000297;2178;240;2940;2940;8.49;0.52;215.07;3.60;762;14;1000.00;0
2180;14;625000310;2180;238;2941;2941;8.46;0.52;215.12;3.60;761;14;1001.00;0
2184;14;625000319;2184;246;2941;2941;8.37;0.51;215.16;3.60;757;14;1002.00;0
2187;14;625000328;2187;237;2941;2941;8.26;0.50;215.48;3.60;754;14;1003.00;0
2187;14;625000338;2187;235;2941;2941;8.24;0.50;215.48;3.60;754;14;1004.00;0
2190;14;625000347;2190;226;2941;2941;8.25;0.50;215.56;3.60;751;14;1005.00;0
2191;14;625000355;2191;226;2941;2941;8.31;0.51;215.49;3.60;750;14;1006.00;0
2194;14;625000364;2194;226;2941;2941;8.37;0.51;215.57;3.60;747;14;1007.00;0
2197;14;625000373;2197;246;3015;3068;8.53;0.53;215.66;3.51;818;14;1008.00;53
2199;14;625000392;2199;241;3020;3069;8.52;0.53;215.78;3.51;821;14;1009.00;49
2200;14;625000401;2200;229;3027;3069;8.58;0.53;215.82;3.51;827;14;1010.00;42
2206;14;625000411;2206;230;3031;3069;8.54;0.53;216.13;3.51;825;14;1011.00;38
2209;14;625000420;2209;224;3037;3069;8.53;0.53;216.32;3.51;828;14;1012.00;32
2212;14;625000429;2212;227;3040;3069;8.51;0.52;216.57;3.51;828;14;1013.00;29
2216;15;625000439;2216;232;3047;3069;8.41;0.52;216.91;3.51;831;15;1014.00;22
2221;15;625000458;2221;239;3048;3069;8.39;0.52;217.05;3.51;827;15;1015.00;21
2225;15;625000468;2225;242;3052;3070;8.38;0.52;216.96;3.52;827;15;1016.00;18
2230;15;625000483;2230;244;3054;3071;8.38;0.52;217.00;3.52;824;15;1017.00;17
2234;15;625000493;2234;248;3059;3071;8.32;0.51;217.03;3.53;825;15;1018.00;12
2238;15;625000503;2238;257;3062;3072;8.29;0.51;217.04;3.54;824;15;1019.00;10
2241;15;625000514;2241;251;3065;3072;8.21;0.50;217.31;3.54;824;15;1020.00;7
2245;15;625000524;2245;248;3065;3072;8.21;0.50;217.55;3.54;820;15;1021.00;7
2246;15;625000534;2246;247;3067;3072;8.22;0.51;217.59;3.55;821;15;1022.00;5
2250;15;625000544;2250;250;3071;3076;8.22;0.51;217.98;3.56;821;15;1023.00;5
2255;15;625000555;2255;243;3073;3076;8.23;0.51;218.28;3.56;818;15;1024.00;3
2261;15;625000566;2261;237;3074;3076;8.23;0.50;218.72;3.57;813;15;1025.00;2
2265;15;625000576;2265;235;3077;3079;8.33;0.51;219.13;3.56;812;15;1026.00;2
2270;15;625000587;2270;226;3078;3079;8.40;0.51;219.21;3.57;808;15;1027.00;1
2276;15;625000598;2276;215;3078;3079;8.46;0.52;219.55;3.57;802;15;1028.00;1
2278;15;625000609;2278;207;3083;3083;8.55;0.52;219.66;3.56;805;15;1029.00;0
2282;15;625000621;2282;199;3084;3084;8.66;0.53;219.84;3.56;802;15;1030.00;0
2286;15;625000631;2286;198;3084;3084;8.69;0.53;220.19;3.56;798;15;1031.00;0
2289;15;625000643;2289;193;3088;3088;8.82;0.54;220.39;3.56;799;15;1032.00;0
2291;15;625000654;2291;193;3088;3088;8.87;0.54;220.45;3.56;797;15;1033.00;0
2295;15;625000665;2295;194;3088;3088;8.90;0.54;220.81;3.56;793;15;1034.00;0
2301;15;625000676;2301;199;3090;3090;8.95;0.55;220.98;3.55;789;15;1035.00;0
2301;15;625000688;2301;194;3090;3090;9.05;0.55;220.98;3.55;789;15;1036.00;0
2307;15;625000699;2307;199;3095;3096;9.10;0.55;221.15;3.55;788;15;1037.00;1
2309;15;625000711;2309;196;3096;3096;9.17;0.56;221.26;3.55;787;15;1038.00;0
2314;15;625000722;2314;190;3097;3097;9.19;0.56;221.43;3.55;783;15;1039.00;0
2320;15;625000734;2320;192;3097;3097;9.18;0.56;221.67;3.55;777;15;1040.00;0
2324;15;625000744;2324;195;3097;3097;9.22;0.56;221.81;3.55;773;15;1041.00;0
2331;15;625000756;2331;192;3097;3097;9.32;0.57;221.90;3.55;766;15;1042.00;0
2335;15;625000767;2335;184;3097;3097;9.46;0.58;222.02;3.55;762;15;1043.00;0
2340;15;625000784;2340;184;3108;3109;9.56;0.58;222.14;3.54;768;15;1044.00;1
2344;15;625000796;2344;177;3108;3109;9.64;0.59;222.20;3.54;764;15;1045.00;1
2346;15;625000808;2346;171;3109;3109;9.72;0.59;222.27;3.54;763;15;1046.00;0
2350;15;625000819;2350;172;3109;3109;9.75;0.59;222.26;3.54;759;15;1047.00;0
2354;15;625000830;2354;170;3109;3109;9.79;0.60;222.34;3.54;755;15;1048.00;0
2359;15;625000842;2359;175;3109;3109;9.81;0.60;222.48;3.54;750;15;1049.00;0
2364;15;625000855;2364;176;3115;3115;9.83;0.60;222.52;3.53;751;15;1050.00;0
2373;15;625000867;2373;173;3115;3115;9.82;0.60;222.98;3.53;742;15;1051.00;0
2378;15;625000878;2378;174;3118;3119;9.83;0.60;223.09;3.53;740;15;1052.00;1
2381;15;625000895;2381;171;3120;3120;9.80;0.60;223.14;3.53;739;15;1053.00;0
2385;15;625000909;2385;174;3120;3120;9.77;0.59;223.17;3.53;735;15;1054.00;0
2388;15;625000926;2388;175;3120;3120;9.78;0.60;223.12;3.53;732;15;1055.00;0
2392;15;625000944;2392;176;3133;3133;9.80;0.60;223.06;3.51;741;15;1056.00;0
2394;15;625000968;2394;171;3133;3133;9.77;0.59;223.15;3.51;739;15;1057.00;0
2397;15;625000984;2397;174;3133;3133;9.85;0.60;223.18;3.51;736;15;1058.00;0
2401;15;625001010;2401;177;3134;3134;9.84;0.60;223.37;3.51;733;15;1059.00;0
2404;15;625001028;2404;183;3135;3135;9.78;0.60;223.48;3.51;731;15;1060.00;0
2408;15;625001040;2408;183;3135;3135;9.76;0.59;223.59;3.51;727;15;1061.00;0
2410;15;625001053;2410;191;3137;3138;9.69;0.59;223.50;3.51;727;15;1062.00;1
2414;15;625001066;2414;192;3137;3138;9.61;0.58;223.68;3.51;723;15;1063.00;1
2420;15;625001077;2420;194;3138;3138;9.53;0.58;223.63;3.51;718;15;1064.00;0
2423;15;625001089;2423;201;3138;3138;9.46;0.57;223.61;3.51;715;15;1065.00;0
2424;15;625001100;2424;206;3143;3144;9.42;0.57;223.57;3.50;719;15;1066.00;1
2428;15;625001113;2428;198;3143;3144;9.39;0.57;223.61;3.50;715;15;1067.00;1
2431;15;625001124;2431;192;3144;3144;9.35;0.57;223.79;3.50;713;15;1068.00;0
2434;15;625001134;2434;193;3144;3144;9.37;0.57;223.94;3.50;710;15;1069.00;0
2437;15;625001145;2437;192;3148;3148;9.31;0.57;224.05;3.50;711;15;1070.00;0
2439;15;625001157;2439;197;3149;3149;9.25;0.57;224.12;3.50;710;15;1071.00;0
2443;15;625001167;2443;196;3149;3149;9.25;0.57;224.17;3.50;706;15;1072.00;0
2448;15;625001178;2448;199;3150;3150;9.22;0.56;224.16;3.50;702;15;1073.00;0
2450;15;625001189;2450;199;3150;3150;9.23;0.56;224.48;3.50;700;15;1074.00;0
2454;15;625001200;2454;205;3150;3150;9.18;0.56;224.70;3.50;696;15;1075.00;0
2458;15;625001210;2458;198;3150;3150;9.20;0.56;224.75;3.50;692;15;1076.00;0
2462;16;625001221;2462;181;3150;3150;9.22;0.56;224.75;3.50;688;16;1077.00;0
2464;16;625001245;2464;176;3150;3150;9.26;0.56;224.89;3.50;686;16;1078.00;0
2467;16;625001260;2467;169;3150;3150;9.23;0.56;225.03;3.50;683;16;1079.00;0
2469;16;625001273;2469;202;3236;3275;9.00;0.55;225.08;3.40;767;16;1080.00;39
2472;16;625001294;2472;186;3240;3276;9.03;0.56;225.18;3.40;768;16;1081.00;36
2472;16;625001306;2472;166;3245;3276;9.16;0.57;225.18;3.40;773;16;1082.00;31
2475;16;625001324;2475;164;3249;3276;9.29;0.57;225.47;3.40;774;16;1083.00;27
2477;16;625001335;2477;151;3251;3276;9.39;0.58;225.59;3.40;774;16;1084.00;25
2479;16;625001346;2479;155;3253;3276;9.49;0.59;225.69;3.40;774;16;1085.00;23
2483;16;625001358;2483;159;3256;3276;9.57;0.59;225.89;3.40;773;16;1086.00;20
2486;16;625001368;2486;159;3259;3276;9.65;0.59;225.98;3.41;773;16;1087.00;17
2489;16;625001380;2489;157;3262;3277;9.64;0.59;225.89;3.41;773;16;1088.00;15
2492;16;625001393;2492;156;3265;3278;9.58;0.59;225.95;3.42;773;16;1089.00;13
2493;16;625001404;2493;154;3270;3278;9.48;0.58;225.97;3.42;777;16;1090.00;8
2498;16;625001415;2498;159;3274;3282;9.35;0.57;225.87;3.42;776;16;1091.00;8
2498;17;625001427;2498;165;3275;3282;9.25;0.57;225.87;3.42;777;17;1092.00;7
2502;17;625001454;2502;169;3276;3282;9.20;0.57;225.96;3.42;774;17;1093.00;6
2503;17;625001466;2503;171;3276;3282;9.18;0.56;225.95;3.42;773;17;1094.00;6
2507;17;625001477;2507;182;3281;3288;9.00;0.55;225.92;3.42;774;17;1095.00;7
2509;17;625001489;2509;185;3282;3288;8.95;0.55;226.20;3.42;773;17;1096.00;6
2513;17;625001499;2513;194;3282;3288;8.86;0.54;226.22;3.42;769;17;1097.00;6
2513;17;625001515;2513;193;3285;3291;8.87;0.54;226.22;3.42;772;17;1098.00;6
2513;17;625001526;2513;201;3285;3291;8.91;0.55;226.22;3.42;772;17;1099.00;6
2516;17;625001542;2516;212;3285;3291;8.79;0.54;226.16;3.42;769;17;1100.00;6
2517;17;625001556;2517;215;3286;3292;8.78;0.54;226.14;3.42;769;17;1101.00;6
2521;17;625001566;2521;224;3288;3293;8.76;0.54;226.01;3.42;767;17;1102.00;5
2523;17;625001576;2523;226;3288;3293;8.74;0.54;226.05;3.42;765;17;1103.00;5
2525;17;625001593;2525;233;3300;3306;8.73;0.53;226.03;3.41;775;17;1104.00;6
2527;17;625001604;2527;237;3300;3306;8.70;0.53;226.00;3.41;773;17;1105.00;6
2528;17;625001614;2528;245;3300;3306;8.65;0.53;225.95;3.41;772;17;1106.00;6
2529;17;625001624;2529;257;3301;3307;8.63;0.53;225.90;3.41;772;17;1107.00;6
2530;17;625001633;2530;261;3301;3307;8.66;0.53;225.91;3.41;771;17;1108.00;6
2533;17;625001643;2533;265;3304;3311;8.61;0.53;225.85;3.40;771;17;1109.00;7
2538;17;625001655;2538;263;3304;3311;8.55;0.52;225.67;3.40;766;17;1110.00;7
2541;17;625001665;2541;260;3308;3315;8.55;0.52;225.61;3.40;767;17;1111.00;7
2543;17;625001674;2543;257;3308;3315;8.49;0.52;225.52;3.40;765;17;1112.00;7
2545;17;625001683;2545;252;3308;3315;8.52;0.52;225.51;3.40;763;17;1113.00;7
2547;17;625001693;2547;245;3308;3315;8.55;0.52;225.48;3.40;761;17;1114.00;7
2549;17;625001703;2549;238;3308;3315;8.60;0.53;225.36;3.40;759;17;1115.00;7
2551;17;625001712;2551;233;3317;3327;8.61;0.53;225.31;3.39;766;17;1116.00;10
2553;17;625001722;2553;237;3318;3327;8.59;0.53;225.25;3.40;765;17;1117.00;9
2557;17;625001731;2557;237;3320;3327;8.56;0.52;225.23;3.40;763;17;1118.00;7
2559;17;625001740;2559;233;3320;3327;8.47;0.52;225.26;3.40;761;17;1119.00;7
2563;17;625001749;2563;234;3321;3327;8.41;0.51;225.37;3.41;758;17;1120.00;6
2566;17;625001759;2566;230;3321;3327;8.30;0.51;225.33;3.41;755;17;1121.00;6
2570;17;625001769;2570;220;3322;3328;8.20;0.50;225.35;3.43;752;17;1122.00;6
2572;17;625001778;2572;220;3323;3328;8.09;0.49;225.37;3.43;751;17;1123.00;5
2574;17;625001787;2574;221;3327;3334;8.13;0.50;225.39;3.43;753;17;1124.00;7
2578;17;625001796;2578;224;3331;3336;8.16;0.50;225.28;3.43;753;17;1125.00;5
2581;18;625001806;2581;224;3332;3336;8.14;0.50;225.27;3.44;751;18;1126.00;4
2585;18;625001824;2585;222;3332;3336;8.25;0.50;225.17;3.44;747;18;1127.00;4
2588;18;625001833;2588;218;3335;3340;8.32;0.51;225.10;3.44;747;18;1128.00;5
2589;18;625001848;2589;219;3336;3340;8.38;0.51;225.07;3.45;747;18;1129.00;4
2592;18;625001858;2592;216;3336;3340;8.43;0.51;225.01;3.45;744;18;1130.00;4
2593;18;625001867;2593;204;3337;3341;8.47;0.51;224.94;3.45;744;18;1131.00;4
2594;18;625001876;2594;199;3340;3345;8.56;0.52;224.93;3.45;746;18;1132.00;5
2597;18;625001886;2597;190;3340;3345;8.62;0.52;225.11;3.45;743;18;1133.00;5
2598;18;625001895;2598;188;3342;3348;8.71;0.53;225.11;3.45;744;18;1134.00;6
2599;18;625001905;2599;178;3343;3348;8.83;0.53;225.12;3.45;744;18;1135.00;5
2601;18;625001916;2601;172;3343;3348;8.89;0.54;225.09;3.45;742;18;1136.00;5
2601;18;625001927;2601;163;3343;3348;9.00;0.54;225.09;3.45;742;18;1137.00;5
2603;18;625001936;2603;163;3346;3352;9.13;0.55;224.93;3.44;743;18;1138.00;6
2603;18;625001946;2603;158;3346;3352;9.27;0.56;224.93;3.44;743;18;1139.00;6
2603;18;625001958;2603;150;3347;3352;9.41;0.57;224.93;3.44;744;18;1140.00;5
2605;18;625001967;2605;149;3347;3352;9.45;0.57;224.86;3.44;742;18;1141.00;5
2606;18;625001977;2606;146;3347;3353;9.51;0.58;224.84;3.44;741;18;1142.00;6
2608;19;625001987;2608;144;3348;3354;9.52;0.58;224.75;3.44;740;19;1143.00;6
2609;19;625002003;2609;144;3348;3354;9.58;0.58;224.71;3.44;739;19;1144.00;6
2612;19;625002013;2612;145;3349;3355;9.68;0.59;224.65;3.44;737;19;1145.00;6
2612;19;625002027;2612;143;3349;3355;9.79;0.59;224.65;3.44;737;19;1146.00;6
2612;19;625002037;2612;144;3349;3355;9.87;0.60;224.65;3.44;737;19;1147.00;6
2613;19;625002047;2613;147;3349;3355;9.95;0.60;224.59;3.44;736;19;1148.00;6
2613;19;625002056;2613;152;3349;3355;10.01;0.61;224.59;3.44;736;19;1149.00;6
2614;19;625002066;2614;151;3351;3355;10.03;0.61;224.58;3.46;737;19;1150.00;4
2614;19;625002076;2614;153;3351;3355;10.09;0.61;224.58;3.46;737;19;1151.00;4
2615;19;625002085;2615;177;3417;3482;10.05;0.62;224.60;3.41;802;19;1152.00;65
2616;19;625002105;2616;174;3418;3483;10.06;0.62;224.59;3.41;802;19;1153.00;65
2619;19;625002115;2619;164;3427;3483;10.12;0.62;224.67;3.40;808;19;1154.00;56
2624;19;625002126;2624;164;3435;3483;10.14;0.62;224.78;3.41;811;19;1155.00;48
2625;19;625002136;2625;164;3442;3483;10.20;0.63;224.80;3.41;817;19;1156.00;41
2630;19;625002147;2630;164;3448;3483;10.24;0.63;224.92;3.42;818;19;1157.00;35
2632;19;625002157;2632;172;3455;3483;10.16;0.62;225.04;3.42;823;19;1158.00;28
2634;19;625002167;2634;170;3459;3483;10.12;0.62;225.12;3.42;825;19;1159.00;24
2637;19;625002183;2637;173;3464;3484;10.02;0.61;225.01;3.43;827;19;1160.00;20
2637;19;625002193;2637;180;3466;3485;9.97;0.61;225.01;3.43;829;19;1161.00;19
2641;19;625002203;2641;187;3469;3485;9.89;0.61;225.17;3.44;828;19;1162.00;16
2643;19;625002214;2643;194;3475;3486;9.79;0.60;225.33;3.45;832;19;1163.00;11
2645;19;625002224;2645;195;3477;3486;9.66;0.59;225.44;3.46;832;19;1164.00;9
2648;19;625002234;2648;200;3479;3486;9.49;0.58;225.59;3.46;831;19;1165.00;7
2649;19;625002244;2649;215;3481;3486;9.33;0.58;225.59;3.47;832;19;1166.00;5
2652;19;625002260;2652;222;3484;3490;9.19;0.57;225.70;3.47;832;19;1167.00;6
2657;19;625002276;2657;229;3486;3490;9.02;0.55;225.76;3.47;829;19;1168.00;4
2658;19;625002287;2658;232;3487;3490;8.90;0.55;225.84;3.48;829;19;1169.00;3
2662;19;625002298;2662;235;3490;3496;8.76;0.54;225.95;3.48;828;19;1170.00;6
2663;19;625002311;2663;238;3491;3496;8.67;0.53;226.04;3.48;828;19;1171.00;5
2664;19;625002321;2664;235;3492;3496;8.61;0.53;226.05;3.48;828;19;1172.00;4
2669;19;625002331;2669;239;3497;3500;8.60;0.53;226.40;3.48;828;19;1173.00;3
2670;19;625002342;2670;239;3498;3501;8.65;0.53;226.32;3.48;828;19;1174.00;3
2675;19;625002353;2675;247;3499;3501;8.70;0.53;226.60;3.48;824;19;1175.00;2
2678;19;625002363;2678;242;3504;3505;8.76;0.54;226.74;3.47;826;19;1176.00;1
2678;19;625002374;2678;245;3504;3505;8.83;0.54;226.74;3.47;826;19;1177.00;1
2683;19;625002389;2683;243;3505;3505;8.82;0.54;226.85;3.47;822;19;1178.00;0
2687;19;625002405;2687;245;3506;3506;8.80;0.54;227.02;3.47;819;19;1179.00;0
2690;19;625002421;2690;250;3506;3506;8.76;0.53;226.96;3.47;816;19;1180.00;0
2691;19;625002431;2691;250;3511;3512;8.71;0.53;227.09;3.47;820;19;1181.00;1
2697;19;625002442;2697;256;3511;3512;8.53;0.52;227.14;3.47;814;19;1182.00;1
2703;19;625002452;2703;261;3512;3513;8.41;0.51;227.32;3.47;809;19;1183.00;1
2706;19;625002462;2706;265;3513;3513;8.33;0.51;227.41;3.47;807;19;1184.00;0
2709;19;625002472;2709;266;3513;3513;8.22;0.50;227.65;3.47;804;19;1185.00;0
2715;19;625002482;2715;267;3513;3513;8.11;0.49;227.79;3.47;798;19;1186.00;0
2719;19;625002492;2719;267;3513;3513;8.02;0.49;227.84;3.47;794;19;1187.00;0
2725;19;625002502;2725;273;3524;3525;7.95;0.48;228.06;3.46;799;19;1188.00;1
2729;19;625002513;2729;274;3524;3525;7.85;0.48;228.45;3.46;795;19;1189.00;1
2730;19;625002524;2730;264;3525;3525;7.88;0.48;228.53;3.46;795;19;1190.00;0
2734;19;625002534;2734;258;3525;3525;7.83;0.48;228.88;3.46;791;19;1191.00;0
2738;19;625002544;2738;260;3525;3525;7.84;0.48;228.92;3.46;787;19;1192.00;0
2742;19;625002554;2742;255;3525;3525;7.85;0.48;229.03;3.46;783;19;1193.00;0
2747;19;625002564;2747;253;3529;3529;7.81;0.48;229.20;3.45;782;19;1194.00;0
2749;19;625002575;2749;248;3529;3529;7.89;0.48;229.18;3.45;780;19;1195.00;0
2752;19;625002586;2752;250;3532;3533;8.02;0.49;229.27;3.45;780;19;1196.00;1
2756;19;625002596;2756;237;3534;3534;8.15;0.50;229.26;3.45;778;19;1197.00;0
2760;19;625002606;2760;223;3534;3534;8.24;0.51;229.27;3.45;774;19;1198.00;0
2763;19;625002616;2763;216;3534;3534;8.37;0.51;229.34;3.45;771;19;1199.00;0
2768;19;625002629;2768;210;3558;3575;8.34;0.51;229.48;3.43;790;19;1200.00;17
2773;19;625002649;2773;201;3560;3575;8.37;0.51;229.60;3.43;787;19;1201.00;15
2775;19;625002660;2775;199;3563;3575;8.44;0.52;229.70;3.43;788;19;1202.00;12
2777;19;625002670;2777;198;3566;3576;8.51;0.52;229.77;3.42;789;19;1203.00;10
2782;19;625002680;2782;196;3569;3577;8.48;0.52;229.82;3.42;787;19;1204.00;8
2785;19;625002691;2785;193;3570;3577;8.55;0.52;229.98;3.42;785;19;1205.00;7
2788;19;625002701;2788;196;3572;3580;8.70;0.53;229.99;3.42;784;19;1206.00;8
2793;19;625002712;2793;193;3573;3580;8.72;0.53;229.99;3.42;780;19;1207.00;7
2798;19;625002722;2798;197;3574;3580;8.77;0.54;230.15;3.42;776;19;1208.00;6
2800;19;625002732;2800;201;3574;3580;8.87;0.54;230.15;3.42;774;19;1209.00;6
2804;19;625002743;2804;202;3581;3586;8.91;0.55;230.34;3.42;777;19;1210.00;5
2812;19;625002754;2812;199;3581;3586;8.90;0.54;230.41;3.42;769;19;1211.00;5
2814;19;625002771;2814;200;3582;3586;8.93;0.55;230.47;3.42;768;19;1212.00;4
2820;19;625002786;2820;191;3582;3586;8.99;0.55;230.76;3.42;762;19;1213.00;4
2826;19;625002796;2826;186;3586;3590;8.97;0.55;230.77;3.42;760;19;1214.00;4
2830;19;625002807;2830;186;3588;3592;9.06;0.55;230.99;3.42;758;19;1215.00;4
2834;19;625002823;2834;188;3589;3592;9.07;0.56;231.05;3.42;755;19;1216.00;3
2839;19;625002834;2839;190;3590;3593;9.13;0.56;231.04;3.42;751;19;1217.00;3
2842;19;625002845;2842;191;3590;3593;9.14;0.56;231.14;3.42;748;19;1218.00;3
2848;19;625002855;2848;195;3590;3593;9.17;0.56;231.47;3.42;742;19;1219.00;3
2857;19;625002865;2857;199;3590;3593;9.12;0.56;231.47;3.42;733;19;1220.00;3
2860;19;625002875;2860;207;3590;3593;9.09;0.56;231.63;3.42;730;19;1221.00;3
2865;19;625002886;2865;212;3591;3593;9.02;0.55;231.84;3.43;726;19;1222.00;2
2870;19;625002896;2870;216;3591;3593;9.00;0.55;231.96;3.43;721;19;1223.00;2
2878;19;625002908;2878;230;3631;3663;8.88;0.55;231.88;3.39;753;19;1224.00;32
2884;19;625002943;2884;230;3631;3664;8.94;0.55;231.94;3.39;747;19;1225.00;33
2889;19;625002959;2889;233;3638;3664;9.00;0.55;231.97;3.39;749;19;1226.00;26
2894;19;625002975;2894;237;3639;3664;9.03;0.55;231.98;3.39;745;19;1227.00;25
2896;19;625002992;2896;239;3644;3666;9.16;0.56;231.99;3.39;748;19;1228.00;22
2898;19;625003009;2898;242;3645;3666;9.16;0.56;232.05;3.39;747;19;1229.00;21
2903;19;625003026;2903;240;3649;3666;9.14;0.56;232.12;3.40;746;19;1230.00;17
2904;19;625003038;2904;242;3652;3666;9.18;0.56;232.13;3.40;748;19;1231.00;14
2908;19;625003049;2908;247;3656;3667;9.05;0.55;232.30;3.40;748;19;1232.00;11
2912;19;625003062;2912;253;3662;3668;8.86;0.54;232.31;3.42;750;19;1233.00;6
2913;20;625003074;2913;260;3664;3668;8.64;0.53;232.38;3.42;751;20;1234.00;4
2915;20;625003098;2915;273;3668;3672;8.48;0.52;232.45;3.42;753;20;1235.00;4
2918;20;625003110;2918;277;3670;3672;8.30;0.51;232.46;3.42;752;20;1236.00;2
2919;20;625003128;2919;274;3670;3672;8.20;0.50;232.55;3.42;751;20;1237.00;2
2925;20;625003140;2925;272;3671;3672;8.20;0.50;232.53;3.42;746;20;1238.00;1
2926;20;625003150;2926;271;3678;3678;8.21;0.50;232.58;3.42;752;20;1239.00;0
2928;20;625003161;2928;267;3678;3678;8.22;0.50;232.58;3.42;750;20;1240.00;0
2931;20;625003173;2931;261;3678;3678;8.19;0.50;232.52;3.42;747;20;1241.00;0
2934;20;625003184;2934;261;3681;3681;8.27;0.51;232.57;3.42;747;20;1242.00;0
2934;20;625003195;2934;256;3681;3681;8.29;0.51;232.57;3.42;747;20;1243.00;0
2936;20;625003206;2936;258;3681;3681;8.25;0.50;232.52;3.42;745;20;1244.00;0
2939;20;625003217;2939;260;3682;3682;8.17;0.50;232.36;3.42;743;20;1245.00;0
2942;20;625003227;2942;257;3683;3683;8.20;0.50;232.32;3.42;741;20;1246.00;0
2947;20;625003238;2947;244;3683;3683;8.21;0.50;232.38;3.42;736;20;1247.00;0
2950;20;625003249;2950;241;3696;3696;8.33;0.51;232.48;3.41;746;20;1248.00;0
2951;20;625003263;2951;236;3696;3696;8.39;0.51;232.44;3.41;745;20;1249.00;0
2956;20;625003273;2956;235;3696;3696;8.40;0.51;232.51;3.41;740;20;1250.00;0
2961;20;625003284;2961;232;3697;3697;8.47;0.51;232.53;3.41;736;20;1251.00;0
2963;20;625003295;2963;228;3697;3697;8.52;0.52;232.54;3.41;734;20;1252.00;0
2965;20;625003305;2965;236;3700;3701;8.55;0.52;232.65;3.40;735;20;1253.00;1
2967;20;625003316;2967;241;3700;3701;8.59;0.52;232.89;3.40;733;20;1254.00;1
2971;20;625003333;2971;244;3705;3705;8.62;0.52;232.95;3.40;734;20;1255.00;0
2971;20;625003344;2971;247;3705;3705;8.60;0.52;232.95;3.40;734;20;1256.00;0
2975;20;625003354;2975;238;3705;3705;8.61;0.52;233.04;3.40;730;20;1257.00;0
2977;21;625003365;2977;240;3705;3705;8.61;0.52;232.95;3.40;728;21;1258.00;0
2979;21;625003400;2979;238;3705;3705;8.55;0.52;232.89;3.40;726;21;1259.00;0
2983;21;625003412;2983;239;3732;3739;8.53;0.52;232.74;3.38;749;21;1260.00;7
2985;21;625003425;2985;234;3732;3739;8.59;0.53;232.64;3.38;747;21;1261.00;7
2985;21;625003436;2985;230;3733;3739;8.65;0.53;232.64;3.38;748;21;1262.00;6
2988;21;625003446;2988;226;3733;3739;8.62;0.53;232.46;3.38;745;21;1263.00;6
2990;21;625003456;2990;230;3734;3739;8.55;0.52;232.40;3.38;744;21;1264.00;5
2991;21;625003466;2991;231;3734;3739;8.51;0.52;232.35;3.38;743;21;1265.00;5
2993;21;625003477;2993;230;3735;3740;8.53;0.52;232.34;3.38;742;21;1266.00;5
2994;21;625003486;2994;234;3735;3740;8.60;0.53;232.32;3.38;741;21;1267.00;5
2996;21;625003496;2996;235;3739;3746;8.59;0.53;232.25;3.38;743;21;1268.00;7
2998;21;625003506;2998;241;3740;3747;8.55;0.52;232.19;3.37;742;21;1269.00;7
2999;21;625003515;2999;240;3741;3747;8.50;0.52;232.16;3.37;742;21;1270.00;6
3001;21;625003528;3001;247;3741;3747;8.41;0.51;232.18;3.37;740;21;1271.00;6
3002;21;625003539;3002;251;3744;3751;8.35;0.51;232.12;3.37;742;21;1272.00;7
3002;21;625003556;3002;257;3744;3751;8.27;0.51;232.12;3.37;742;21;1273.00;7
3005;21;625003566;3005;260;3744;3751;8.20;0.50;232.23;3.37;739;21;1274.00;7
3005;21;625003581;3005;264;3745;3752;8.11;0.50;232.23;3.37;740;21;1275.00;7
3006;21;625003590;3006;272;3748;3756;8.06;0.49;232.29;3.37;742;21;1276.00;8
3008;21;625003599;3008;282;3748;3756;7.98;0.49;232.20;3.37;740;21;1277.00;8
3010;21;625003608;3010;283;3750;3759;7.94;0.49;232.21;3.37;740;21;1278.00;9
3010;21;625003618;3010;290;3750;3759;7.87;0.48;232.21;3.37;740;21;1279.00;9
3011;21;625003626;3011;285;3751;3759;7.81;0.48;232.22;3.37;740;21;1280.00;8
3015;21;625003642;3015;284;3751;3759;7.72;0.47;232.28;3.37;736;21;1281.00;8
3015;21;625003652;3015;278;3754;3763;7.74;0.47;232.28;3.37;739;21;1282.00;9
3017;21;625003661;3017;264;3754;3763;7.78;0.47;232.26;3.37;737;21;1283.00;9
3020;21;625003670;3020;245;3755;3763;7.79;0.48;232.29;3.37;735;21;1284.00;8
3021;21;625003680;3021;236;3755;3763;7.83;0.48;232.33;3.37;734;21;1285.00;8
3023;21;625003689;3023;225;3755;3764;7.90;0.48;232.37;3.37;732;21;1286.00;9
3025;21;625003697;3025;216;3756;3765;7.93;0.48;232.35;3.37;731;21;1287.00;9
3027;21;625003707;3027;214;3756;3765;7.99;0.49;232.30;3.37;729;21;1288.00;9
3029;21;625003716;3029;205;3757;3766;8.10;0.49;232.38;3.37;728;21;1289.00;9
3033;21;625003727;3033;197;3757;3766;8.13;0.49;232.37;3.37;724;21;1290.00;9
3034;21;625003736;3034;192;3757;3766;8.22;0.50;232.38;3.37;723;21;1291.00;9
3039;21;625003751;3039;181;3757;3766;8.29;0.50;232.40;3.37;718;21;1292.00;9
3039;21;625003760;3039;169;3757;3766;8.44;0.51;232.40;3.37;718;21;1293.00;9
3043;21;625003769;3043;160;3758;3766;8.50;0.52;232.53;3.37;715;21;1294.00;8
3046;21;625003779;3046;160;3759;3766;8.62;0.52;232.46;3.38;713;21;1295.00;7
3048;21;625003795;3048;177;3825;3893;8.77;0.54;232.43;3.32;777;21;1296.00;68
3050;21;625003815;3050;162;3825;3894;8.88;0.55;232.37;3.32;775;21;1297.00;69
3053;21;625003825;3053;148;3835;3894;9.08;0.56;232.35;3.33;782;21;1298.00;59
3054;21;625003837;3054;146;3837;3894;9.21;0.57;232.31;3.33;783;21;1299.00;57
3055;21;625003847;3055;143;3842;3894;9.29;0.57;232.27;3.33;787;21;1300.00;52
3059;21;625003861;3059;137;3847;3894;9.40;0.58;232.20;3.33;788;21;1301.00;47
3059;21;625003871;3059;141;3851;3894;9.54;0.58;232.20;3.33;792;21;1302.00;43
3061;21;625003881;3061;145;3856;3894;9.67;0.59;232.11;3.35;795;21;1303.00;38
3064;21;625003891;3064;141;3861;3895;9.76;0.60;232.30;3.35;797;21;1304.00;34
3067;21;625003902;3067;137;3864;3897;9.93;0.61;232.28;3.35;797;21;1305.00;33
3069;21;625003914;3069;139;3867;3897;10.03;0.61;232.30;3.37;798;21;1306.00;30
3071;21;625003924;3071;139;3870;3898;10.06;0.62;232.21;3.38;799;21;1307.00;28
3074;21;625003935;3074;142;3871;3898;10.10;0.62;232.17;3.38;797;21;1308.00;27
3076;21;625003946;3076;144;3873;3898;10.13;0.62;232.21;3.39;797;21;1309.00;25
3081;21;625003957;3081;146;3876;3898;10.10;0.62;232.09;3.39;795;21;1310.00;22
3082;21;625003969;3082;146;3879;3902;10.11;0.62;232.02;3.40;797;21;1311.00;23
3084;21;625003980;3084;144;3882;3902;10.08;0.62;232.03;3.41;798;21;1312.00;20
3090;21;625003990;3090;147;3883;3902;10.02;0.61;232.18;3.41;793;21;1313.00;19
3093;21;625004001;3093;142;3886;3905;10.01;0.61;232.20;3.41;793;21;1314.00;19
3095;21;625004012;3095;142;3889;3905;9.96;0.61;232.27;3.43;794;21;1315.00;16
3097;21;625004023;3097;148;3890;3905;9.96;0.61;232.29;3.43;793;21;1316.00;15
3100;21;625004034;3100;151;3895;3909;9.89;0.60;232.42;3.44;795;21;1317.00;14
3107;21;625004045;3107;152;3897;3910;9.90;0.60;232.46;3.44;790;21;1318.00;13
3109;21;625004056;3109;157;3897;3910;9.96;0.60;232.46;3.44;788;21;1319.00;13
3112;21;625004068;3112;158;3904;3915;9.97;0.60;232.54;3.45;792;21;1320.00;11
3113;21;625004079;3113;160;3905;3915;9.95;0.60;232.63;3.45;792;21;1321.00;10
3115;21;625004090;3115;165;3905;3915;9.92;0.60;232.76;3.45;790;21;1322.00;10
3118;21;625004100;3118;168;3908;3916;9.83;0.60;232.91;3.47;790;21;1323.00;8
3119;21;625004111;3119;170;3908;3916;9.72;0.59;232.98;3.47;789;21;1324.00;8
3122;21;625004122;3122;175;3913;3922;9.70;0.59;233.05;3.47;791;21;1325.00;9
3125;21;625004133;3125;177;3914;3922;9.64;0.58;233.14;3.47;789;21;1326.00;8
3128;21;625004144;3128;179;3916;3923;9.60;0.58;233.32;3.48;788;21;1327.00;7
3130;21;625004155;3130;184;3916;3923;9.58;0.58;233.36;3.48;786;21;1328.00;7
3133;21;625004165;3133;183;3917;3923;9.58;0.58;233.40;3.49;784;21;1329.00;6
3134;21;625004176;3134;185;3917;3923;9.54;0.58;233.44;3.49;783;21;1330.00;6
3137;21;625004187;3137;186;3918;3923;9.49;0.58;233.56;3.49;781;21;1331.00;5
3139;21;625004197;3139;191;3931;3935;9.51;0.58;233.57;3.50;792;21;1332.00;4
3140;21;625004209;3140;196;3931;3935;9.45;0.58;233.53;3.50;791;21;1333.00;4
3143;21;625004219;3143;197;3933;3935;9.43;0.57;233.62;3.51;790;21;1334.00;2
3146;21;625004230;3146;197;3933;3935;9.38;0.57;233.75;3.51;787;21;1335.00;2
3149;21;625004241;3149;196;3933;3935;9.34;0.57;233.84;3.51;784;21;1336.00;2
3151;21;625004251;3151;195;3934;3935;9.22;0.56;233.88;3.51;783;21;1337.00;1
3154;21;625004267;3154;195;3938;3939;9.14;0.56;233.98;3.51;784;21;1338.00;1
3155;21;625004277;3155;195;3939;3939;9.08;0.55;233.99;3.51;784;21;1339.00;0
3159;21;625004292;3159;197;3942;3943;9.15;0.56;234.06;3.50;783;21;1340.00;1
3160;21;625004303;3160;193;3943;3944;9.11;0.56;234.08;3.50;783;21;1341.00;1
3162;21;625004313;3162;190;3944;3944;9.13;0.56;234.04;3.50;782;21;1342.00;0
3165;21;625004322;3165;191;3944;3944;9.15;0.56;234.01;3.50;779;21;1343.00;0
3169;21;625004333;3169;191;3957;3957;9.15;0.56;234.04;3.49;788;21;1344.00;0
3170;21;625004344;3170;198;3957;3957;9.20;0.56;234.06;3.49;787;21;1345.00;0
3171;21;625004354;3171;199;3957;3957;9.20;0.56;234.18;3.49;786;21;1346.00;0
3173;21;625004364;3173;197;3958;3958;9.21;0.56;234.10;3.49;785;21;1347.00;0
3177;21;625004374;3177;202;3959;3959;9.24;0.56;234.31;3.49;782;21;1348.00;0
3179;21;625004385;3179;207;3959;3959;9.28;0.57;234.27;3.49;780;21;1349.00;0
3181;21;625004396;3181;208;3962;3968;9.24;0.56;234.26;3.49;781;21;1350.00;6
3188;21;625004407;3188;209;3962;3968;9.10;0.55;234.43;3.49;774;21;1351.00;6
3193;21;625004416;3193;212;3964;3968;9.03;0.55;234.66;3.49;771;21;1352.00;4
3196;21;625004426;3196;215;3964;3968;8.98;0.55;234.68;3.49;768;21;1353.00;4
3200;21;625004436;3200;217;3969;3974;8.92;0.54;234.90;3.48;769;21;1354.00;5
3205;21;625004446;3205;225;3970;3974;8.87;0.54;235.20;3.48;765;21;1355.00;4
3205;21;625004456;3205;223;3970;3974;8.83;0.54;235.20;3.48;765;21;1356.00;4
3211;21;625004464;3211;227;3972;3974;8.65;0.53;235.35;3.49;761;21;1357.00;2
3216;21;625004474;3216;226;3976;3978;8.55;0.52;235.45;3.48;760;21;1358.00;2
3220;21;625004484;3220;232;3978;3979;8.46;0.52;235.63;3.48;758;21;1359.00;1
3222;21;625004493;3222;214;3978;3979;8.40;0.51;235.65;3.48;756;21;1360.00;1
3227;21;625004502;3227;214;3979;3980;8.41;0.52;235.87;3.48;752;21;1361.00;1
3230;21;625004512;3230;207;3979;3980;8.40;0.52;235.96;3.48;749;21;1362.00;1
3235;21;625004520;3235;207;3979;3980;8.36;0.51;236.00;3.48;744;21;1363.00;1
3241;21;625004529;3241;203;3979;3980;8.34;0.51;236.09;3.48;738;21;1364.00;1
3245;21;625004538;3245;206;3979;3980;8.37;0.51;236.27;3.48;734;21;1365.00;1
3250;21;625004548;3250;204;3979;3980;8.42;0.52;236.13;3.48;729;21;1366.00;1
3254;21;625004558;3254;194;3979;3980;8.50;0.52;236.35;3.48;725;21;1367.00;1
3257;21;625004567;3257;195;4017;4050;8.60;0.53;236.38;3.45;760;21;1368.00;33
3261;21;625004582;3261;197;4020;4051;8.73;0.53;236.47;3.45;759;21;1369.00;31
3264;21;625004592;3264;195;4029;4051;9.00;0.55;236.42;3.44;765;21;1370.00;22
3268;21;625004602;3268;190;4032;4051;9.08;0.56;236.49;3.44;764;21;1371.00;19
3271;21;625004612;3271;189;4037;4051;9.24;0.57;236.61;3.44;766;21;1372.00;14
3274;21;625004622;3274;195;4042;4051;9.32;0.57;236.65;3.45;768;21;1373.00;9
3280;21;625004632;3280;192;4045;4051;9.33;0.57;236.67;3.45;765;21;1374.00;6
3285;21;625004643;3285;198;4047;4051;9.25;0.57;236.62;3.45;762;21;1375.00;4
3288;21;625004652;3288;200;4049;4052;9.21;0.56;236.73;3.45;761;21;1376.00;3
3292;21;625004663;3292;204;4050;4053;9.17;0.56;236.76;3.45;758;21;1377.00;3
3300;21;625004673;3300;207;4051;4053;9.07;0.55;236.69;3.45;751;21;1378.00;2
3302;21;625004684;3302;206;4054;4057;9.01;0.55;236.71;3.45;752;21;1379.00;3
3310;21;625004695;3310;209;4054;4057;8.94;0.55;236.78;3.45;744;21;1380.00;3
3313;21;625004706;3313;215;4054;4057;9.00;0.55;236.85;3.45;741;21;1381.00;3
3320;21;625004716;3320;213;4054;4057;8.97;0.55;236.81;3.45;734;21;1382.00;3
3324;21;625004727;3324;215;4059;4063;8.99;0.55;236.82;3.45;735;21;1383.00;4
3330;21;625004737;3330;218;4061;4063;8.99;0.55;236.79;3.45;731;21;1384.00;2
3333;21;625004748;3333;222;4061;4063;9.00;0.55;236.84;3.45;728;21;1385.00;2
3334;21;625004758;3334;224;4063;4066;9.02;0.55;236.91;3.45;729;21;1386.00;3
3340;21;625004768;3340;229;4063;4066;8.92;0.54;237.07;3.45;723;21;1387.00;3
3346;21;625004779;3346;229;4065;4066;8.80;0.54;237.09;3.45;719;21;1388.00;1
3349;21;625004789;3349;228;4066;4067;8.73;0.53;237.22;3.45;717;21;1389.00;1
3354;21;625004798;3354;224;4068;4068;8.64;0.53;237.41;3.46;714;21;1390.00;0
3357;21;625004809;3357;229;4068;4068;8.55;0.52;237.52;3.46;711;21;1391.00;0
3363;21;625004819;3363;236;4081;4081;8.48;0.52;237.52;3.45;718;21;1392.00;0
3364;21;625004830;3364;242;4081;4081;8.41;0.51;237.55;3.45;717;21;1393.00;0
3368;21;625004845;3368;252;4081;4081;8.29;0.51;237.64;3.45;713;21;1394.00;0
3373;21;625004854;3373;256;4083;4083;8.24;0.50;237.72;3.44;710;21;1395.00;0
3374;21;625004864;3374;258;4083;4083;8.15;0.50;237.73;3.44;709;21;1396.00;0
3379;21;625004873;3379;260;4086;4087;8.09;0.49;237.83;3.44;707;21;1397.00;1
3380;21;625004883;3380;271;4086;4087;7.98;0.49;237.76;3.44;706;21;1398.00;1
3385;21;625004892;3385;278;4091;4091;7.89;0.48;237.96;3.44;706;21;1399.00;0
3388;21;625004903;3388;287;4091;4091;7.78;0.48;237.95;3.44;703;21;1400.00;0
3389;21;625004920;3389;296;4091;4091;7.73;0.47;237.96;3.44;702;21;1401.00;0
3390;21;625004937;3390;301;4091;4091;7.66;0.47;237.96;3.44;701;21;1402.00;0
3394;21;625004951;3394;310;4091;4091;7.53;0.46;237.86;3.44;697;21;1403.00;0
3397;21;625004968;3397;316;4102;4103;7.57;0.46;237.92;3.43;705;21;1404.00;1
3400;21;625004981;3400;325;4102;4103;7.43;0.45;237.85;3.43;702;21;1405.00;1
3402;21;625004996;3402;330;4103;4103;7.39;0.45;237.85;3.43;701;21;1406.00;0
3402;21;625005009;3402;320;4103;4103;7.39;0.45;237.85;3.43;701;21;1407.00;0
3404;21;625005022;3404;314;4103;4103;7.33;0.45;237.79;3.43;699;21;1408.00;0
3406;21;625005034;3406;315;4103;4103;7.39;0.45;237.74;3.43;697;21;1409.00;0
3408;21;625005047;3408;314;4104;4104;7.42;0.45;237.64;3.43;696;21;1410.00;0
3412;21;625005056;3412;315;4104;4104;7.43;0.45;237.53;3.43;692;21;1411.00;0
3413;21;625005066;3413;321;4109;4110;7.48;0.45;237.51;3.43;696;21;1412.00;1
3417;21;625005076;3417;320;4110;4111;7.50;0.46;237.40;3.43;693;21;1413.00;1
3417;21;625005087;3417;321;4111;4111;7.52;0.46;237.40;3.43;694;21;1414.00;0
3420;21;625005097;3420;323;4111;4111;7.48;0.46;237.26;3.43;691;21;1415.00;0
3421;21;625005113;3421;307;4115;4115;7.53;0.46;237.23;3.42;694;21;1416.00;0
3422;21;625005124;3422;299;4115;4115;7.58;0.46;237.18;3.42;693;21;1417.00;0
3423;21;625005134;3423;286;4115;4115;7.67;0.47;237.14;3.42;692;21;1418.00;0
3423;21;625005143;3423;279;4116;4116;7.77;0.48;237.14;3.42;693;21;1419.00;0
3424;21;625005153;3424;267;4120;4120;7.85;0.48;237.08;3.42;696;21;1420.00;0
3426;21;625005170;3426;266;4120;4120;7.93;0.49;237.03;3.42;694;21;1421.00;0
3429;21;625005181;3429;261;4122;4123;8.07;0.49;236.98;3.42;693;21;1422.00;1
3431;21;625005191;3431;257;4122;4123;8.16;0.50;236.98;3.42;691;21;1423.00;1
3433;21;625005200;3433;251;4123;4123;8.20;0.50;236.94;3.42;690;21;1424.00;0
3433;21;625005210;3433;247;4123;4123;8.23;0.50;236.94;3.42;690;21;1425.00;0
3435;21;625005220;3435;245;4126;4127;8.22;0.50;236.89;3.42;691;21;1426.00;1
3436;21;625005230;3436;240;4126;4127;8.27;0.51;236.92;3.42;690;21;1427.00;1
3439;21;625005240;3439;238;4127;4127;8.29;0.51;236.91;3.42;688;21;1428.00;0
3442;21;625005250;3442;238;4127;4127;8.31;0.51;236.88;3.42;685;21;1429.00;0
3443;21;625005260;3443;240;4128;4128;8.30;0.51;236.89;3.41;685;21;1430.00;0
3444;21;625005269;3444;237;4129;4129;8.25;0.50;236.91;3.41;685;21;1431.00;0
3444;21;625005278;3444;239;4129;4129;8.23;0.50;236.91;3.41;685;21;1432.00;0
3444;21;625005286;3444;238;4130;4130;8.20;0.50;236.91;3.41;686;21;1433.00;0
3445;21;625005295;3445;240;4130;4130;8.16;0.50;236.90;3.41;685;21;1434.00;0
3448;21;625005304;3448;232;4130;4130;8.16;0.50;236.84;3.41;682;21;1435.00;0
3452;21;625005314;3452;229;4130;4130;8.06;0.49;236.77;3.41;678;21;1436.00;0
3453;21;625005323;3453;223;4130;4130;8.09;0.49;236.74;3.41;677;21;1437.00;0
3454;21;625005333;3454;222;4130;4130;8.20;0.50;236.75;3.41;676;21;1438.00;0
3456;21;625005342;3456;217;4130;4130;8.26;0.50;236.74;3.41;674;21;1439.00;0
3457;21;625005352;3457;260;4248;4360;8.20;0.52;236.72;3.32;791;21;1440.00;112
3458;21;625005381;3458;243;4251;4361;8.27;0.52;236.66;3.32;793;21;1441.00;110
3459;21;625005393;3459;231;4262;4361;8.48;0.53;236.63;3.31;803;21;1442.00;99
3460;21;625005403;3460;220;4268;4361;8.62;0.54;236.65;3.31;808;21;1443.00;93
3464;21;625005412;3464;219;4275;4361;8.69;0.54;236.60;3.32;811;21;1444.00;86
3467;21;625005429;3467;221;4280;4361;8.73;0.54;236.55;3.32;813;21;1445.00;81
3469;21;625005440;3469;220;4287;4361;8.73;0.54;236.52;3.32;818;21;1446.00;74
3469;21;625005464;3469;224;4290;4361;8.73;0.54;236.52;3.32;821;21;1447.00;71
3470;21;625005475;3470;230;4297;4362;8.73;0.54;236.50;3.33;827;21;1448.00;65
3471;21;625005486;3471;228;4302;4363;8.73;0.54;236.54;3.34;831;21;1449.00;61
3472;21;625005496;3472;229;4304;4363;8.79;0.55;236.52;3.34;832;21;1450.00;59
3475;21;625005506;3475;227;4306;4364;8.78;0.54;236.48;3.34;831;21;1451.00;58
3478;21;625005518;3478;233;4312;4364;8.71;0.54;236.46;3.36;834;21;1452.00;52
3481;21;625005529;3481;229;4313;4364;8.67;0.53;236.47;3.36;832;21;1453.00;51
3482;21;625005540;3482;234;4315;4364;8.63;0.53;236.44;3.36;833;21;1454.00;49
3483;21;625005556;3483;233;4320;4368;8.59;0.53;236.41;3.37;837;21;1455.00;48
3486;21;625005567;3486;236;4320;4368;8.61;0.53;236.41;3.37;834;21;1456.00;48
3490;21;625005579;3490;239;4321;4368;8.58;0.53;236.44;3.37;831;21;1457.00;47
3494;21;625005592;3494;237;4323;4371;8.66;0.53;236.45;3.38;829;21;1458.00;48
3498;21;625005605;3498;235;4326;4371;8.70;0.53;236.49;3.39;828;21;1459.00;45
3502;21;625005616;3502;237;4326;4371;8.72;0.53;236.45;3.39;824;21;1460.00;45
3505;21;625005627;3505;231;4330;4375;8.74;0.53;236.47;3.39;825;21;1461.00;45
3507;21;625005638;3507;216;4332;4376;8.78;0.53;236.40;3.39;825;21;1462.00;44
3511;21;625005660;3511;207;4334;4376;8.79;0.53;236.58;3.40;823;21;1463.00;42
3515;21;625005671;3515;201;4336;4380;8.87;0.54;236.45;3.40;821;21;1464.00;44
3518;21;625005683;3518;193;4339;4380;8.88;0.54;236.57;3.41;821;21;1465.00;41
3520;21;625005694;3520;184;4342;4380;8.99;0.55;236.56;3.42;822;21;1466.00;38
3523;21;625005704;3523;182;4343;4381;9.00;0.55;236.62;3.42;820;21;1467.00;38
3526;21;625005715;3526;175;4343;4381;9.09;0.55;236.70;3.42;817;21;1468.00;38
3529;21;625005725;3529;167;4345;4387;9.17;0.56;236.80;3.42;816;21;1469.00;42
3532;21;625005739;3532;163;4347;4387;9.22;0.56;236.91;3.43;815;21;1470.00;40
3534;21;625005756;3534;153;4347;4388;9.33;0.57;236.93;3.43;813;21;1471.00;41
3538;21;625005767;3538;147;4348;4388;9.42;0.57;237.00;3.43;810;21;1472.00;40
3539;21;625005778;3539;142;4349;4388;9.53;0.58;237.08;3.44;810;21;1473.00;39
3542;21;625005788;3542;145;4350;4388;9.59;0.58;237.17;3.44;808;21;1474.00;38
3544;21;625005798;3544;142;4350;4388;9.65;0.59;237.18;3.44;806;21;1475.00;38
3547;21;625005809;3547;144;4362;4400;9.69;0.59;237.30;3.44;815;21;1476.00;38
3549;21;625005822;3549;143;4362;4400;9.76;0.59;237.33;3.44;813;21;1477.00;38
3553;21;625005834;3553;147;4364;4400;9.81;0.59;237.37;3.45;811;21;1478.00;36
3555;21;625005845;3555;156;4365;4400;9.88;0.60;237.40;3.46;810;21;1479.00;35
3556;21;625005856;3556;158;4368;4400;9.88;0.60;237.34;3.47;812;21;1480.00;32
3558;21;625005867;3558;152;4368;4400;9.91;0.60;237.49;3.47;810;21;1481.00;32
3559;21;625005880;3559;160;4372;4404;9.89;0.60;237.54;3.48;813;21;1482.00;32
3561;21;625005892;3561;159;4373;4404;9.90;0.60;237.61;3.49;812;21;1483.00;31
3564;21;625005911;3564;163;4376;4408;9.90;0.60;237.78;3.49;812;21;1484.00;32
3567;21;625005923;3567;168;4378;4410;9.90;0.60;237.88;3.49;811;21;1485.00;32
3567;21;625005936;3567;170;4380;4410;9.94;0.60;237.88;3.50;813;21;1486.00;30
3571;21;625005947;3571;171;4380;4410;9.92;0.60;237.95;3.50;809;21;1487.00;30
3572;21;625005959;3572;179;4389;4423;9.89;0.60;237.98;3.50;817;21;1488.00;34
3574;21;625005972;3574;186;4389;4423;9.84;0.60;238.10;3.50;815;21;1489.00;34
3577;21;625005984;3577;191;4393;4423;9.80;0.60;238.12;3.53;816;21;1490.00;30
3578;21;625005995;3578;200;4394;4424;9.80;0.60;238.11;3.53;816;21;1491.00;30
3580;21;625006007;3580;200;4396;4425;9.81;0.60;238.17;3.55;816;21;1492.00;29
3581;21;625006018;3581;205;4397;4425;9.83;0.60;238.23;3.56;816;21;1493.00;28
3583;21;625006030;3583;210;4399;4428;9.87;0.60;238.37;3.56;816;21;1494.00;29
3588;21;625006041;3588;214;4402;4428;9.82;0.60;238.38;3.59;814;21;1495.00;26
3588;21;625006053;3588;217;4403;4428;9.83;0.60;238.38;3.59;815;21;1496.00;25
3592;21;625006064;3592;217;4405;4428;9.86;0.60;238.38;3.62;813;21;1497.00;23
3596;21;625006075;3596;215;4411;4434;9.87;0.60;238.39;3.63;815;21;1498.00;23
3598;21;625006088;3598;215;4412;4434;9.84;0.60;238.38;3.63;814;21;1499.00;22
3601;21;625006101;3601;220;4417;4453;9.80;0.60;238.39;3.65;816;21;1500.00;36
3602;21;625006124;3602;221;4419;4453;9.72;0.59;238.37;3.66;817;21;1501.00;34
3604;21;625006134;3604;225;4425;4457;9.68;0.59;238.38;3.68;821;21;1502.00;32
3608;21;625006146;3608;228;4427;4458;9.58;0.58;238.53;3.69;819;21;1503.00;31
3613;21;625006156;3613;235;4428;4458;9.49;0.58;238.45;3.69;815;21;1504.00;30
3615;21;625006167;3615;236;4431;4459;9.42;0.57;238.41;3.70;816;21;1505.00;28
3621;21;625006178;3621;247;4434;4459;9.30;0.57;238.63;3.71;813;21;1506.00;25
3621;21;625006190;3621;247;4435;4459;9.30;0.56;238.63;3.72;814;21;1507.00;24
3625;21;625006200;3625;252;4436;4459;9.24;0.56;238.72;3.74;811;21;1508.00;23
3627;21;625006211;3627;251;4438;4459;9.19;0.56;238.69;3.74;811;21;1509.00;21
3630;22;625006222;3630;252;4439;4459;9.18;0.56;238.78;3.75;809;22;1510.00;20
3635;22;625006243;3635;255;4439;4459;9.12;0.55;238.78;3.75;804;22;1511.00;20
3637;22;625006255;3637;264;4471;4529;9.05;0.55;238.83;3.75;834;22;1512.00;58
3637;22;625006277;3637;260;4477;4530;9.02;0.55;238.83;3.75;840;22;1513.00;53
3640;22;625006287;3640;260;4483;4530;9.04;0.55;238.89;3.76;843;22;1514.00;47
3640;22;625006298;3640;260;4485;4530;9.03;0.55;238.89;3.76;845;22;1515.00;45
3644;22;625006308;3644;264;4493;4530;9.04;0.55;238.77;3.77;849;22;1516.00;37
3645;22;625006319;3645;263;4496;4530;9.04;0.55;238.75;3.78;851;22;1517.00;34
3645;22;625006330;3645;270;4499;4530;9.06;0.55;238.75;3.78;854;22;1518.00;31
3648;22;625006340;3648;275;4501;4530;9.08;0.55;238.84;3.79;853;22;1519.00;29
3653;22;625006351;3653;269;4503;4531;9.06;0.55;238.73;3.79;850;22;1520.00;28
3655;22;625006361;3655;274;4505;4532;8.99;0.55;238.71;3.79;850;22;1521.00;27
3659;22;625006372;3659;275;4506;4532;8.90;0.54;238.77;3.79;847;22;1522.00;26
3661;22;625006383;3661;280;4510;4536;8.82;0.54;238.76;3.79;849;22;1523.00;26
3663;22;625006394;3663;286;4512;4536;8.77;0.53;238.85;3.80;849;22;1524.00;24
3666;22;625006405;3666;280;4512;4536;8.70;0.53;238.87;3.80;846;22;1525.00;24
3670;22;625006416;3670;287;4512;4536;8.60;0.52;239.07;3.80;842;22;1526.00;24
3673;22;625006427;3673;292;4516;4542;8.49;0.52;239.06;3.80;843;22;1527.00;26
3676;22;625006438;3676;295;4516;4542;8.32;0.51;239.12;3.80;840;22;1528.00;26
3679;22;625006448;3679;304;4519;4542;8.09;0.49;239.20;3.81;840;22;1529.00;23
3684;22;625006460;3684;294;4523;4548;7.95;0.49;239.35;3.81;839;22;1530.00;25
3690;22;625006471;3690;288;4524;4548;7.81;0.48;239.31;3.82;834;22;1531.00;24
3693;22;625006482;3693;284;4524;4548;7.69;0.47;239.28;3.82;831;22;1532.00;24
3697;23;625006492;3697;282;4525;4549;7.64;0.47;239.59;3.82;828;23;1533.00;24
3702;23;625006517;3702;281;4526;4550;7.58;0.46;239.69;3.81;824;23;1534.00;24
3706;23;625006527;3706;288;4527;4550;7.51;0.46;239.80;3.82;821;23;1535.00;23
3710;23;625006537;3710;290;4540;4563;7.43;0.45;239.85;3.83;830;23;1536.00;23
3716;23;625006548;3716;283;4541;4563;7.47;0.46;239.97;3.83;825;23;1537.00;22
3717;23;625006559;3717;280;4541;4563;7.59;0.46;240.01;3.83;824;23;1538.00;22
3723;23;625006569;3723;278;4543;4564;7.67;0.47;240.19;3.83;820;23;1539.00;21
3726;23;625006580;3726;275;4544;4564;7.71;0.47;240.41;3.84;818;23;1540.00;20
3731;23;625006590;3731;267;4546;4568;7.75;0.48;240.36;3.84;815;23;1541.00;22
3735;23;625006602;3735;268;4549;4568;7.76;0.48;240.61;3.86;814;23;1542.00;19
3739;23;625006612;3739;266;4552;4572;7.76;0.48;240.76;3.86;813;23;1543.00;20
3743;23;625006626;3743;259;4554;4572;7.80;0.48;240.83;3.86;811;23;1544.00;18
3750;23;625006636;3750;254;4554;4572;7.85;0.48;240.81;3.86;804;23;1545.00;18
3753;23;625006648;3753;250;4555;4572;7.89;0.48;240.85;3.86;802;23;1546.00;17
3761;23;625006658;3761;257;4555;4572;7.82;0.48;240.79;3.86;794;23;1547.00;17
3763;23;625006668;3763;265;4564;4584;7.79;0.48;240.91;3.86;801;23;1548.00;20
3767;23;625006681;3767;274;4567;4584;7.66;0.47;240.87;3.87;800;23;1549.00;17
3775;23;625006691;3775;274;4568;4584;7.51;0.46;240.90;3.87;793;23;1550.00;16
3777;23;625006701;3777;274;4569;4584;7.44;0.46;240.96;3.88;792;23;1551.00;15
3782;23;625006711;3782;278;4569;4584;7.37;0.45;240.86;3.88;787;23;1552.00;15
3785;23;625006722;3785;285;4569;4584;7.25;0.44;241.02;3.88;784;23;1553.00;15
3788;23;625006731;3788;286;4571;4585;7.14;0.44;241.02;3.89;783;23;1554.00;14
3790;23;625006741;3790;297;4573;4587;7.10;0.43;240.94;3.89;783;23;1555.00;14
3795;23;625006752;3795;306;4578;4593;7.08;0.43;241.10;3.90;783;23;1556.00;15
3796;23;625006762;3796;306;4579;4594;7.13;0.44;241.07;3.90;783;23;1557.00;15
3802;23;625006772;3802;320;4579;4594;7.09;0.43;241.01;3.90;777;23;1558.00;15
3805;23;625006782;3805;330;4579;4594;6.98;0.43;240.90;3.90;774;23;1559.00;15
3808;23;625006793;3808;330;4585;4599;6.92;0.42;240.96;3.90;777;23;1560.00;14
3809;23;625006803;3809;336;4586;4599;6.94;0.43;240.93;3.91;777;23;1561.00;13
3813;23;625006813;3813;335;4586;4599;6.95;0.43;240.90;3.91;773;23;1562.00;13
3817;23;625006822;3817;338;4588;4600;6.98;0.43;240.94;3.91;771;23;1563.00;12
3819;23;625006832;3819;340;4593;4604;6.99;0.43;240.95;3.92;774;23;1564.00;11
3823;23;625006842;3823;343;4593;4604;6.94;0.42;240.98;3.92;770;23;1565.00;11
3825;23;625006852;3825;348;4596;4607;6.89;0.42;240.99;3.92;771;23;1566.00;11
3831;23;625006861;3831;347;4596;4607;6.80;0.42;240.94;3.92;765;23;1567.00;11
3838;23;625006871;3838;354;4597;4607;6.73;0.41;240.77;3.93;759;23;1568.00;10
3840;23;625006881;3840;363;4598;4607;6.69;0.41;240.81;3.94;758;23;1569.00;9
3842;23;625006889;3842;375;4601;4611;6.68;0.41;240.81;3.94;759;23;1570.00;10
3844;23;625006899;3844;380;4601;4611;6.69;0.41;240.70;3.94;757;23;1571.00;10
3845;23;625006908;3845;385;4602;4611;6.68;0.41;240.67;3.94;757;23;1572.00;9
3848;23;625006921;3848;391;4602;4611;6.58;0.40;240.69;3.94;754;23;1573.00;9
3850;23;625006935;3850;403;4603;4612;6.45;0.39;240.69;3.94;753;23;1574.00;9
3853;23;625006958;3853;408;4605;4614;6.36;0.39;240.65;3.94;752;23;1575.00;9
3854;23;625006980;3854;414;4605;4614;6.29;0.38;240.69;3.94;751;23;1576.00;9
3856;23;625007002;3856;403;4607;4615;6.29;0.38;240.60;3.95;751;23;1577.00;8
3858;23;625007017;3858;396;4607;4615;6.31;0.38;240.65;3.95;749;23;1578.00;8
3859;23;625007031;3859;383;4610;4615;6.36;0.39;240.63;3.98;751;23;1579.00;5
3863;25;625007042;3863;382;4610;4615;6.38;0.39;240.74;3.98;747;25;1580.00;5
3865;25;625007076;3865;375;4611;4615;6.41;0.39;240.73;3.99;746;25;1581.00;4
3865;25;625007086;3865;373;4612;4615;6.52;0.40;240.73;3.99;747;25;1582.00;3
3867;25;625007096;3867;369;4612;4615;6.59;0.40;240.69;3.99;745;25;1583.00;3
3868;25;625007112;3868;385;4681;4742;6.82;0.42;240.75;3.93;813;25;1584.00;61
3869;25;625007139;3869;375;4684;4743;6.79;0.42;240.73;3.93;815;25;1585.00;59
3871;25;625007150;3871;351;4694;4743;6.91;0.43;240.65;3.93;823;25;1586.00;49
3874;25;625007161;3874;321;4697;4743;7.06;0.44;240.68;3.93;823;25;1587.00;46
3877;25;625007172;3877;298;4702;4743;7.21;0.45;240.64;3.93;825;25;1588.00;41
3879;25;625007183;3879;274;4706;4743;7.38;0.45;240.65;3.93;827;25;1589.00;37
3880;25;625007196;3880;259;4712;4743;7.57;0.46;240.65;3.93;832;25;1590.00;31
3880;25;625007208;3880;252;4713;4743;7.72;0.47;240.65;3.93;833;25;1591.00;30
3881;25;625007219;3881;251;4718;4744;7.89;0.48;240.68;3.93;837;25;1592.00;26
3881;25;625007231;3881;237;4720;4745;8.04;0.49;240.68;3.94;839;25;1593.00;25
3881;25;625007244;3881;231;4724;4745;8.21;0.51;240.68;3.94;843;25;1594.00;21
3883;25;625007256;3883;221;4727;4746;8.34;0.51;240.64;3.98;844;25;1595.00;19
3884;25;625007275;3884;220;4727;4746;8.47;0.52;240.62;3.98;843;25;1596.00;19
3886;25;625007287;3886;217;4732;4746;8.61;0.53;240.60;3.98;846;25;1597.00;14
3887;25;625007299;3887;214;4733;4746;8.72;0.54;240.59;3.99;846;25;1598.00;13
3887;25;625007311;3887;209;4736;4750;8.78;0.54;240.59;3.99;849;25;1599.00;14
3888;25;625007324;3888;205;4737;4750;8.90;0.55;240.62;3.99;849;25;1600.00;13
3889;25;625007340;3889;203;4738;4750;8.92;0.55;240.63;3.99;849;25;1601.00;12
3893;25;625007353;3893;204;4740;4753;8.93;0.55;240.60;3.99;847;25;1602.00;13
3895;25;625007366;3895;201;4742;4753;8.93;0.55;240.71;4.00;847;25;1603.00;11
3898;25;625007377;3898;204;4743;4753;8.96;0.55;240.71;4.00;845;25;1604.00;10
3900;25;625007390;3900;214;4747;4757;8.96;0.55;240.64;4.00;847;25;1605.00;10
3903;25;625007402;3903;210;4749;4758;8.97;0.55;240.62;3.99;846;25;1606.00;9
3904;25;625007414;3904;214;4749;4758;9.01;0.55;240.64;3.99;845;25;1607.00;9
3909;25;625007426;3909;216;4752;4762;9.03;0.55;240.70;3.99;843;25;1608.00;10
3910;25;625007439;3910;220;4752;4762;9.07;0.55;240.67;3.99;842;25;1609.00;10
3912;26;625007451;3912;217;4752;4762;9.11;0.56;240.73;3.99;840;26;1610.00;10
3914;26;625007482;3914;225;4753;4763;9.18;0.56;240.84;3.99;839;26;1611.00;10
3917;26;625007494;3917;225;4753;4763;9.20;0.56;240.86;3.99;836;26;1612.00;10
3919;26;625007506;3919;226;4757;4769;9.25;0.56;240.95;3.99;838;26;1613.00;12
3922;26;625007518;3922;228;4757;4769;9.22;0.56;240.98;3.99;835;26;1614.00;12
3926;26;625007529;3926;228;4758;4770;9.19;0.56;241.15;3.99;832;26;1615.00;12
3928;26;625007540;3928;236;4758;4770;9.19;0.56;241.22;3.99;830;26;1616.00;12
3932;26;625007552;3932;238;4758;4770;9.16;0.56;241.22;3.99;826;26;1617.00;12
3936;26;625007563;3936;239;4758;4770;9.10;0.55;241.37;3.99;822;26;1618.00;12
3938;26;625007574;3938;238;4758;4770;9.00;0.55;241.38;3.99;820;26;1619.00;12
3943;26;625007586;3943;234;4778;4806;8.99;0.55;241.39;3.97;835;26;1620.00;28
3945;26;625007601;3945;227;4780;4806;9.08;0.55;241.46;3.97;835;26;1621.00;26
3947;26;625007612;3947;215;4780;4806;9.12;0.56;241.40;3.97;833;26;1622.00;26
3950;26;625007623;3950;215;4781;4806;9.21;0.56;241.48;3.97;831;26;1623.00;25
3954;26;625007634;3954;207;4781;4806;9.26;0.57;241.53;3.97;827;26;1624.00;25
3958;26;625007646;3958;199;4782;4806;9.39;0.57;241.47;3.97;824;26;1625.00;24
3962;26;625007657;3962;195;4785;4810;9.47;0.58;241.68;3.97;823;26;1626.00;25
3964;26;625007668;3964;192;4786;4810;9.65;0.59;241.70;3.97;822;26;1627.00;24
3966;26;625007679;3966;192;4789;4814;9.71;0.59;241.80;3.97;823;26;1628.00;25
3971;26;625007690;3971;181;4791;4815;9.74;0.59;241.94;3.97;820;26;1629.00;24
3973;26;625007702;3973;177;4792;4815;9.82;0.60;241.91;3.97;819;26;1630.00;23
3977;26;625007713;3977;172;4792;4815;9.80;0.60;241.94;3.97;815;26;1631.00;23
3982;26;625007724;3982;168;4801;4828;9.81;0.60;241.99;3.96;819;26;1632.00;27
3985;26;625007736;3985;161;4801;4828;9.88;0.60;241.99;3.96;816;26;1633.00;27
3989;26;625007747;3989;154;4801;4828;9.90;0.60;241.95;3.96;812;26;1634.00;27
3992;26;625007758;3992;158;4803;4829;9.90;0.60;241.99;3.97;811;26;1635.00;26
3994;26;625007771;3994;149;4803;4830;9.91;0.60;241.98;3.97;809;26;1636.00;27
3998;26;625007782;3998;144;4803;4830;9.95;0.61;242.06;3.97;805;26;1637.00;27
4003;26;625007794;4003;142;4805;4833;9.98;0.61;242.06;3.97;802;26;1638.00;28
4008;26;625007805;4008;136;4805;4833;10.02;0.61;242.13;3.97;797;26;1639.00;28
4010;26;625007816;4010;135;4807;4833;10.06;0.61;242.11;3.98;797;26;1640.00;26
4013;26;625007827;4013;133;4807;4833;10.05;0.61;242.19;3.98;794;26;1641.00;26
4017;26;625007837;4017;130;4812;4839;10.09;0.61;242.23;3.98;795;26;1642.00;27
4019;26;625007849;4019;132;4812;4839;10.11;0.62;242.20;3.98;793;26;1643.00;27
4022;26;625007860;4022;131;4813;4839;10.12;0.62;242.26;3.98;791;26;1644.00;26
4025;26;625007871;4025;126;4813;4839;10.07;0.61;242.15;3.98;788;26;1645.00;26
4029;26;625007881;4029;125;4816;4843;10.01;0.61;242.29;3.98;787;26;1646.00;27
4030;26;625007893;4030;129;4818;4844;10.06;0.61;242.35;4.00;788;26;1647.00;26
4033;26;625007905;4033;127;4819;4844;10.06;0.61;242.29;4.01;786;26;1648.00;25
4035;26;625007917;4035;127;4820;4845;10.13;0.62;242.31;4.01;785;26;1649.00;25
4035;26;625007930;4035;129;4820;4845;10.19;0.62;242.31;4.01;785;26;1650.00;25
4040;26;625007942;4040;130;4822;4845;10.18;0.62;242.36;4.03;782;26;1651.00;23
4042;26;625007953;4042;133;4822;4845;10.28;0.62;242.42;4.03;780;26;1652.00;23
4043;26;625007964;4043;131;4823;4845;10.34;0.63;242.45;4.03;780;26;1653.00;22
4047;26;625007975;4047;137;4823;4845;10.45;0.63;242.51;4.03;776;26;1654.00;22
4050;26;625007985;4050;138;4824;4845;10.41;0.63;242.65;4.04;774;26;1655.00;21
4051;26;625007996;4051;149;4860;4915;10.46;0.64;242.64;4.01;809;26;1656.00;55
4056;26;625008013;4056;149;4864;4916;10.54;0.64;242.66;4.01;808;26;1657.00;52
4059;26;625008025;4059;148;4871;4916;10.57;0.64;242.79;4.02;812;26;1658.00;45
4061;26;625008036;4061;149;4876;4916;10.66;0.65;242.80;4.02;815;26;1659.00;40
4064;26;625008047;4064;157;4881;4916;10.74;0.66;243.04;4.04;817;26;1660.00;35
4067;26;625008059;4067;164;4885;4916;10.81;0.66;243.09;4.04;818;26;1661.00;31
4070;26;625008070;4070;166;4889;4916;10.88;0.66;243.12;4.05;819;26;1662.00;27
4074;26;625008082;4074;167;4894;4916;10.89;0.66;243.15;4.07;820;26;1663.00;22
4080;26;625008094;4080;167;4896;4917;10.99;0.67;243.16;4.07;816;26;1664.00;21
4081;26;625008111;4081;168;4900;4919;10.96;0.67;243.16;4.09;819;26;1665.00;19
4083;26;625008123;4083;170;4901;4919;10.93;0.67;243.26;4.09;818;26;1666.00;18
4087;26;625008134;4087;172;4905;4923;10.81;0.66;243.25;4.11;818;26;1667.00;18
4091;26;625008146;4091;171;4905;4923;10.65;0.65;243.31;4.11;814;26;1668.00;18
4094;26;625008158;4094;176;4907;4923;10.48;0.64;243.24;4.12;813;26;1669.00;16
4095;26;625008170;4095;178;4908;4923;10.45;0.64;243.22;4.13;813;26;1670.00;15
4098;26;625008180;4098;185;4913;4929;10.42;0.64;243.30;4.13;815;26;1671.00;16
4102;26;625008192;4102;190;4914;4929;10.27;0.63;243.32;4.14;812;26;1672.00;15
4106;26;625008203;4106;197;4915;4929;10.21;0.62;243.26;4.14;809;26;1673.00;14
4107;26;625008214;4107;199;4918;4932;10.22;0.62;243.27;4.14;811;26;1674.00;14
4109;26;625008225;4109;199;4920;4932;10.15;0.62;243.22;4.16;811;26;1675.00;12
4112;26;625008235;4112;208;4921;4932;10.08;0.62;243.24;4.16;809;26;1676.00;11
4114;26;625008246;4114;212;4922;4933;9.90;0.61;243.23;4.16;808;26;1677.00;11
4119;26;625008257;4119;221;4923;4934;9.72;0.59;243.17;4.16;804;26;1678.00;11
4123;26;625008267;4123;217;4926;4934;9.55;0.58;243.14;4.17;803;26;1679.00;8
4125;26;625008279;4125;223;4941;4960;9.39;0.57;243.11;4.16;816;26;1680.00;19
4129;26;625008291;4129;222;4943;4960;9.24;0.56;243.08;4.16;814;26;1681.00;17
4131;26;625008302;4131;217;4945;4960;9.13;0.56;243.07;4.16;814;26;1682.00;15
4133;26;625008313;4133;219;4949;4961;9.06;0.55;243.08;4.16;816;26;1683.00;12
4137;26;625008323;4137;220;4950;4961;8.99;0.55;243.01;4.16;813;26;1684.00;11
4139;26;625008333;4139;226;4953;4965;8.99;0.55;243.00;4.16;814;26;1685.00;12
4144;26;625008344;4144;232;4954;4965;8.89;0.54;242.93;4.16;810;26;1686.00;11
4146;26;625008359;4146;239;4958;4969;8.87;0.54;242.90;4.16;812;26;1687.00;11
4150;26;625008369;4150;243;4959;4969;8.79;0.53;242.79;4.16;809;26;1688.00;10
4151;26;625008379;4151;245;4960;4969;8.71;0.53;242.82;4.17;809;26;1689.00;9
4153;26;625008396;4153;252;4960;4969;8.60;0.52;242.89;4.17;807;26;1690.00;9
4155;26;625008406;4155;249;4962;4969;8.43;0.51;242.84;4.17;807;26;1691.00;7
4160;26;625008415;4160;259;4973;4981;8.35;0.51;242.90;4.16;813;26;1692.00;8
4163;26;625008425;4163;271;4974;4981;8.22;0.50;242.88;4.16;811;26;1693.00;7
4167;26;625008434;4167;280;4975;4981;8.14;0.50;242.84;4.16;808;26;1694.00;6
4169;26;625008443;4169;290;4975;4981;8.00;0.49;242.83;4.16;806;26;1695.00;6
4171;26;625008452;4171;296;4975;4981;7.86;0.48;242.87;4.16;804;26;1696.00;6
4174;26;625008460;4174;303;4975;4981;7.68;0.47;242.98;4.16;801;26;1697.00;6
4179;26;625008468;4179;309;4976;4982;7.45;0.46;243.05;4.16;797;26;1698.00;6
4182;26;625008477;4182;320;4976;4982;7.24;0.45;243.09;4.16;794;26;1699.00;6
4183;26;625008485;4183;317;4981;4988;7.16;0.44;243.15;4.16;798;26;1700.00;7
4186;26;625008498;4186;311;4982;4989;7.01;0.43;243.09;4.16;796;26;1701.00;7
4192;27;625008506;4192;313;4983;4989;6.89;0.42;243.21;4.16;791;27;1702.00;6
4196;27;625008524;4196;308;4983;4989;6.80;0.42;243.23;4.16;787;27;1703.00;6
4201;27;625008533;4201;302;4987;4993;6.75;0.42;243.24;4.15;786;27;1704.00;6
4202;27;625008541;4202;304;4987;4993;6.74;0.42;243.29;4.15;785;27;1705.00;6
4204;27;625008549;4204;303;4987;4993;6.72;0.42;243.37;4.15;783;27;1706.00;6
4208;27;625008558;4208;296;4988;4994;6.76;0.42;243.45;4.15;780;27;1707.00;6
4210;27;625008566;4210;298;4992;4998;6.76;0.42;243.39;4.15;782;27;1708.00;6
4215;27;625008575;4215;291;4992;4998;6.75;0.41;243.37;4.15;777;27;1709.00;6
4217;27;625008586;4217;300;4995;5004;6.84;0.42;243.41;4.15;778;27;1710.00;9
4222;27;625008595;4222;301;4995;5004;6.84;0.42;243.39;4.15;773;27;1711.00;9
4223;27;625008604;4223;296;4996;5004;6.94;0.43;243.36;4.15;773;27;1712.00;8
4225;27;625008612;4225;296;4996;5004;6.96;0.43;243.27;4.15;771;27;1713.00;8
4228;27;625008621;4228;297;4999;5008;6.97;0.43;243.25;4.15;771;27;1714.00;9
4232;27;625008630;4232;297;4999;5008;6.95;0.43;243.27;4.15;767;27;1715.00;9
4235;27;625008640;4235;296;5000;5008;6.96;0.43;243.15;4.15;765;27;1716.00;8
4239;27;625008648;4239;293;5000;5008;6.92;0.43;243.01;4.15;761;27;1717.00;8
4245;27;625008657;4245;293;5002;5009;6.89;0.42;242.91;4.15;757;27;1718.00;7
4249;27;625008666;4249;299;5003;5010;6.93;0.43;242.93;4.14;754;27;1719.00;7
4253;27;625008674;4253;294;5004;5010;6.96;0.43;243.00;4.15;751;27;1720.00;6
4260;27;625008683;4260;299;5005;5011;6.95;0.43;242.90;4.14;745;27;1721.00;6
4265;27;625008693;4265;301;5005;5011;6.90;0.42;242.90;4.14;740;27;1722.00;6
4266;27;625008702;4266;296;5005;5011;6.91;0.42;242.94;4.14;739;27;1723.00;6
4270;27;625008711;4270;294;5005;5011;6.94;0.43;243.05;4.14;735;27;1724.00;6
4275;27;625008720;4275;297;5005;5011;6.90;0.42;242.95;4.14;730;27;1725.00;6
4279;27;625008729;4279;304;5006;5011;6.96;0.42;242.98;4.17;727;27;1726.00;5
4285;27;625008739;4285;306;5006;5011;6.94;0.42;242.95;4.17;721;27;1727.00;5
4288;27;625008748;4288;319;5078;5138;7.39;0.46;242.99;4.11;790;27;1728.00;60
4289;27;625008767;4289;315;5081;5139;7.40;0.46;242.99;4.11;792;27;1729.00;58
4292;27;625008776;4292;317;5091;5139;7.52;0.47;242.99;4.11;799;27;1730.00;48
4294;27;625008786;4294;316;5094;5139;7.59;0.47;242.90;4.11;800;27;1731.00;45
4297;27;625008795;4297;314;5100;5139;7.69;0.48;242.99;4.11;803;27;1732.00;39
4298;27;625008805;4298;319;5102;5139;7.68;0.48;243.01;4.11;804;27;1733.00;37
4299;27;625008820;4299;320;5108;5139;7.68;0.48;243.04;4.11;809;27;1734.00;31
4300;27;625008836;4300;327;5109;5139;7.68;0.48;242.99;4.11;809;27;1735.00;30
4301;27;625008847;4301;329;5114;5140;7.71;0.48;242.97;4.11;813;27;1736.00;26
4305;27;625008857;4305;329;5117;5141;7.70;0.48;242.96;4.12;812;27;1737.00;24
4310;27;625008867;4310;334;5122;5141;7.63;0.47;242.95;4.12;812;27;1738.00;19
4313;27;625008878;4313;325;5126;5142;7.58;0.47;242.96;4.12;813;27;1739.00;16
4315;27;625008890;4315;322;5128;5142;7.58;0.47;243.03;4.13;813;27;1740.00;14
4319;27;625008901;4319;323;5129;5142;7.55;0.46;243.11;4.13;810;27;1741.00;13
4321;27;625008912;4321;322;5131;5142;7.65;0.47;243.15;4.13;810;27;1742.00;11
4323;27;625008929;4323;326;5134;5146;7.75;0.48;243.13;4.13;811;27;1743.00;12
4324;27;625008971;4324;322;5136;5146;7.86;0.48;243.12;4.14;812;27;1744.00;10
4326;27;625008988;4326;320;5137;5146;7.89;0.48;243.14;4.14;811;27;1745.00;9
4326;27;625009013;4326;320;5140;5149;7.96;0.49;243.14;4.14;814;27;1746.00;9
4328;27;625009035;4328;304;5140;5149;8.02;0.49;243.06;4.14;812;27;1747.00;9
4331;27;625009047;4331;292;5141;5149;8.09;0.49;242.97;4.14;810;27;1748.00;8
4333;27;625009060;4333;281;5145;5153;8.17;0.50;242.91;4.14;812;27;1749.00;8
4336;28;625009072;4336;276;5148;5154;8.31;0.51;242.94;4.16;812;28;1750.00;6
4340;28;625009093;4340;266;5148;5154;8.42;0.51;243.12;4.16;808;28;1751.00;6
4344;28;625009110;4344;255;5151;5158;8.53;0.52;243.06;4.16;807;28;1752.00;7
4345;28;625009124;4345;248;5151;5158;8.60;0.53;243.01;4.16;806;28;1753.00;7
4349;28;625009144;4349;246;5151;5158;8.68;0.53;242.96;4.16;802;28;1754.00;7
4350;28;625009163;4350;248;5153;5160;8.82;0.54;242.95;4.16;803;28;1755.00;7
4350;28;625009175;4350;241;5153;5160;8.94;0.54;242.95;4.16;803;28;1756.00;7
4356;28;625009187;4356;228;5157;5166;9.00;0.55;242.95;4.15;801;28;1757.00;9
4356;28;625009200;4356;224;5158;5166;9.09;0.55;242.95;4.15;802;28;1758.00;8
4358;28;625009212;4358;213;5158;5167;9.09;0.55;242.98;4.15;800;28;1759.00;9
4360;28;625009225;4360;211;5158;5167;9.11;0.55;242.96;4.15;798;28;1760.00;9
4364;28;625009237;4364;203;5158;5167;9.18;0.56;242.94;4.15;794;28;1761.00;9
4365;28;625009250;4365;210;5158;5167;9.30;0.57;242.96;4.15;793;28;1762.00;9
4367;28;625009263;4367;205;5158;5167;9.38;0.57;242.89;4.15;791;28;1763.00;9
4371;28;625009275;4371;209;5168;5179;9.52;0.58;242.85;4.14;797;28;1764.00;11
4376;28;625009289;4376;205;5169;5179;9.56;0.58;242.89;4.14;793;28;1765.00;10
4378;28;625009308;4378;210;5169;5179;9.61;0.58;242.90;4.14;791;28;1766.00;10
4380;28;625009320;4380;208;5169;5179;9.66;0.59;242.92;4.14;789;28;1767.00;10
4381;28;625009333;4381;209;5169;5179;9.70;0.59;243.00;4.14;788;28;1768.00;10
4385;28;625009344;4385;207;5169;5179;9.70;0.59;243.07;4.14;784;28;1769.00;10
4388;28;625009358;4388;206;5172;5183;9.66;0.59;243.16;4.14;784;28;1770.00;11
4389;28;625009371;4389;207;5172;5183;9.74;0.59;243.15;4.14;783;28;1771.00;11
4391;28;625009381;4391;208;5175;5187;9.81;0.60;243.23;4.14;784;28;1772.00;12
4392;28;625009393;4392;207;5178;5188;9.87;0.60;243.24;4.17;786;28;1773.00;10
4395;28;625009404;4395;208;5178;5188;9.85;0.60;243.45;4.17;783;28;1774.00;10
4399;28;625009416;4399;213;5178;5188;9.82;0.60;243.60;4.17;779;28;1775.00;10
4402;28;625009427;4402;214;5188;5201;9.85;0.60;243.57;4.16;786;28;1776.00;13
4405;28;625009440;4405;218;5188;5201;9.82;0.60;243.70;4.16;783;28;1777.00;13
4406;28;625009451;4406;220;5189;5201;9.84;0.60;243.73;4.16;783;28;1778.00;12
4409;28;625009463;4409;221;5190;5202;9.79;0.60;243.78;4.16;781;28;1779.00;12
4411;28;625009475;4411;218;5190;5203;9.75;0.59;243.83;4.16;779;28;1780.00;13
4415;28;625009486;4415;221;5190;5203;9.75;0.59;243.89;4.16;775;28;1781.00;13
4415;28;625009503;4415;221;5192;5206;9.81;0.60;243.89;4.16;777;28;1782.00;14
4418;28;625009513;4418;220;5192;5206;9.69;0.59;243.96;4.16;774;28;1783.00;14
4420;28;625009530;4420;219;5193;5206;9.71;0.59;244.01;4.16;773;28;1784.00;13
4424;28;625009540;4424;222;5193;5206;9.68;0.59;244.07;4.16;769;28;1785.00;13
4428;28;625009551;4428;223;5197;5212;9.63;0.59;244.16;4.15;769;28;1786.00;15
4430;28;625009562;4430;222;5197;5212;9.63;0.59;244.17;4.15;767;28;1787.00;15
4430;28;625009573;4430;217;5198;5212;9.64;0.59;244.17;4.15;768;28;1788.00;14
4433;28;625009583;4433;215;5199;5212;9.62;0.59;244.20;4.18;766;28;1789.00;13
4437;28;625009594;4437;206;5202;5216;9.63;0.59;244.22;4.18;765;28;1790.00;14
4440;28;625009606;4440;200;5203;5217;9.70;0.59;244.25;4.18;763;28;1791.00;14
4443;28;625009617;4443;190;5203;5217;9.75;0.59;244.27;4.18;760;28;1792.00;14
4445;28;625009634;4445;187;5204;5218;9.81;0.60;244.25;4.18;759;28;1793.00;14
4447;28;625009646;4447;181;5204;5218;9.88;0.60;244.29;4.18;757;28;1794.00;14
4449;28;625009657;4449;171;5204;5218;9.99;0.61;244.27;4.18;755;28;1795.00;14
4453;28;625009669;4453;168;5204;5218;10.04;0.61;244.39;4.18;751;28;1796.00;14
4455;28;625009679;4455;167;5204;5218;10.08;0.62;244.40;4.18;749;28;1797.00;14
4461;28;625009690;4461;165;5204;5218;10.11;0.62;244.58;4.18;743;28;1798.00;14
4465;28;625009701;4465;162;5204;5218;10.06;0.61;244.67;4.18;739;28;1799.00;14
4466;28;625009715;4466;178;5265;5356;9.75;0.60;244.68;4.13;799;28;1800.00;91
4471;28;625009743;4471;166;5265;5357;9.74;0.60;244.76;4.13;794;28;1801.00;92
4476;28;625009758;4476;152;5276;5357;9.80;0.60;244.84;4.12;800;28;1802.00;81
4478;28;625009770;4478;147;5278;5357;9.79;0.60;244.93;4.12;800;28;1803.00;79
4484;28;625009780;4484;145;5283;5357;9.72;0.60;245.00;4.14;799;28;1804.00;74
4491;28;625009798;4491;144;5289;5357;9.68;0.59;245.21;4.16;798;28;1805.00;68
4493;28;625009817;4493;149;5296;5357;9.70;0.60;245.27;4.17;803;28;1806.00;61
4500;28;625009828;4500;150;5300;5357;9.66;0.59;245.44;4.19;800;28;1807.00;57
4502;28;625009839;4502;147;5306;5358;9.66;0.59;245.44;4.19;804;28;1808.00;52
4506;28;625009851;4506;142;5309;5359;9.66;0.59;245.50;4.20;803;28;1809.00;50
4511;28;625009862;4511;136;5312;5359;9.64;0.59;245.50;4.21;801;28;1810.00;47
4514;28;625009873;4514;126;5317;5363;9.67;0.59;245.45;4.21;803;28;1811.00;46
4517;28;625009884;4517;127;5317;5363;9.65;0.59;245.57;4.21;800;28;1812.00;46
4521;28;625009896;4521;123;5318;5363;9.62;0.59;245.64;4.23;797;28;1813.00;45
4523;28;625009908;4523;122;5319;5363;9.64;0.59;245.65;4.23;796;28;1814.00;44
4527;28;625009926;4527;121;5323;5369;9.67;0.59;245.82;4.23;796;28;1815.00;46
4530;28;625009945;4530;124;5323;5369;9.70;0.59;245.82;4.23;793;28;1816.00;46
4532;28;625009957;4532;125;5326;5369;9.71;0.59;245.86;4.24;794;28;1817.00;43
4537;28;625009969;4537;127;5328;5372;9.80;0.60;245.85;4.23;791;28;1818.00;44
4538;28;625009980;4538;130;5329;5372;9.95;0.61;245.85;4.24;791;28;1819.00;43
4540;28;625009991;4540;127;5330;5372;10.04;0.61;245.89;4.24;790;28;1820.00;42
4541;28;625010002;4541;128;5331;5373;10.12;0.62;245.95;4.24;790;28;1821.00;42
4544;28;625010013;4544;129;5332;5374;10.19;0.62;245.92;4.24;788;28;1822.00;42
4545;28;625010025;4545;134;5332;5374;10.24;0.62;245.93;4.24;787;28;1823.00;42
4547;28;625010035;4547;140;5339;5387;10.25;0.62;245.96;4.24;792;28;1824.00;48
4550;28;625010047;4550;145;5343;5387;10.29;0.63;246.00;4.25;793;28;1825.00;44
4551;28;625010058;4551;150;5344;5387;10.32;0.63;246.06;4.25;793;28;1826.00;43
4553;28;625010069;4553;151;5347;5388;10.38;0.63;246.04;4.25;794;28;1827.00;41
4558;28;625010081;4558;162;5348;5388;10.37;0.63;246.16;4.26;790;28;1828.00;40
4562;28;625010092;4562;169;5351;5392;10.33;0.63;246.20;4.26;789;28;1829.00;41
4563;28;625010105;4563;169;5353;5392;10.29;0.63;246.20;4.28;790;28;1830.00;39
4566;28;625010116;4566;171;5358;5396;10.18;0.62;246.23;4.29;792;28;1831.00;38
4567;28;625010133;4567;172;5358;5396;10.27;0.63;246.31;4.29;791;28;1832.00;38
4571;28;625010144;4571;178;5360;5396;10.26;0.62;246.35;4.30;789;28;1833.00;36
4575;28;625010156;4575;181;5361;5396;10.17;0.62;246.41;4.31;786;28;1834.00;35
4579;28;625010167;4579;177;5362;5396;10.14;0.62;246.40;4.32;783;28;1835.00;34
4582;28;625010178;4582;185;5373;5408;10.13;0.62;246.38;4.32;791;28;1836.00;35
4585;28;625010190;4585;184;5377;5408;10.07;0.61;246.35;4.33;792;28;1837.00;31
4585;28;625010201;4585;187;5379;5408;10.10;0.62;246.35;4.34;794;28;1838.00;29
4591;28;625010212;4591;193;5381;5408;10.05;0.61;246.49;4.35;790;28;1839.00;27
4593;28;625010223;4593;195;5382;5408;10.06;0.61;246.50;4.36;789;28;1840.00;26
4595;28;625010235;4595;198;5382;5408;10.04;0.61;246.58;4.36;787;28;1841.00;26
4599;28;625010245;4599;206;5384;5409;9.98;0.61;246.56;4.38;785;28;1842.00;25
4601;28;625010257;4601;206;5384;5409;9.98;0.61;246.50;4.38;783;28;1843.00;25
4605;28;625010267;4605;214;5390;5415;9.98;0.61;246.47;4.39;785;28;1844.00;25
4608;28;625010278;4608;223;5392;5417;9.94;0.61;246.40;4.39;784;28;1845.00;25
4609;28;625010289;4609;232;5395;5417;9.92;0.61;246.40;4.40;786;28;1846.00;22
4610;28;625010299;4610;242;5396;5417;9.78;0.60;246.39;4.41;786;28;1847.00;21
4615;28;625010309;4615;248;5399;5421;9.68;0.59;246.34;4.40;784;28;1848.00;22
4618;28;625010325;4618;247;5399;5421;9.53;0.58;246.30;4.40;781;28;1849.00;22
4622;28;625010346;4622;249;5401;5421;9.34;0.57;246.31;4.42;779;28;1850.00;20
4624;28;625010356;4624;245;5402;5422;9.22;0.56;246.31;4.42;778;28;1851.00;20
4627;28;625010367;4627;253;5408;5426;9.06;0.55;246.32;4.43;781;28;1852.00;18
4628;28;625010377;4628;247;5408;5426;8.99;0.55;246.30;4.43;780;28;1853.00;18
4628;28;625010387;4628;251;5410;5429;9.02;0.55;246.30;4.43;782;28;1854.00;19
4630;28;625010397;4630;251;5412;5429;8.99;0.55;246.37;4.43;782;28;1855.00;17
4632;28;625010407;4632;248;5413;5429;8.98;0.55;246.33;4.43;781;28;1856.00;16
4637;28;625010417;4637;246;5414;5429;8.93;0.54;246.26;4.44;777;28;1857.00;15
4640;28;625010426;4640;246;5417;5433;8.97;0.55;246.24;4.43;777;28;1858.00;16
4641;28;625010436;4641;248;5417;5433;8.96;0.55;246.23;4.43;776;28;1859.00;16
4642;28;625010447;4642;250;5419;5433;8.88;0.54;246.19;4.44;777;28;1860.00;14
4646;28;625010457;4646;250;5419;5433;8.75;0.53;246.18;4.44;773;28;1861.00;14
4646;28;625010467;4646;257;5420;5434;8.59;0.53;246.18;4.44;774;28;1862.00;14
4650;28;625010475;4650;257;5422;5435;8.44;0.52;246.17;4.44;772;28;1863.00;13
4653;28;625010484;4653;259;5423;5435;8.34;0.51;246.12;4.44;770;28;1864.00;12
4658;28;625010493;4658;261;5424;5436;8.20;0.50;246.35;4.44;766;28;1865.00;12
4661;28;625010502;4661;269;5424;5436;8.01;0.49;246.28;4.44;763;28;1866.00;12
4663;28;625010510;4663;276;5424;5436;7.80;0.48;246.25;4.44;761;28;1867.00;12
4666;28;625010518;4666;286;5424;5436;7.58;0.47;246.26;4.44;758;28;1868.00;12
4673;28;625010526;4673;290;5424;5436;7.36;0.45;246.14;4.44;751;28;1869.00;12
4675;28;625010534;4675;286;5424;5436;7.21;0.44;246.16;4.44;749;28;1870.00;12
4678;28;625010541;4678;288;5424;5436;7.11;0.44;246.15;4.44;746;28;1871.00;12
4679;28;625010549;4679;309;5494;5563;7.33;0.46;246.19;4.38;815;28;1872.00;69
4685;28;625010567;4685;303;5497;5564;7.20;0.45;246.14;4.38;812;28;1873.00;67
4687;28;625010576;4687;306;5506;5564;7.21;0.45;246.20;4.38;819;28;1874.00;58
4688;28;625010584;4688;303;5511;5564;7.21;0.45;246.25;4.38;823;28;1875.00;53
4691;28;625010593;4691;307;5518;5564;7.17;0.45;246.32;4.37;827;28;1876.00;46
4693;28;625010602;4693;302;5521;5564;7.14;0.44;246.45;4.38;828;28;1877.00;43
4695;28;625010610;4695;307;5526;5564;7.17;0.45;246.51;4.38;831;28;1878.00;38
4697;28;625010619;4697;313;5528;5564;7.17;0.45;246.51;4.38;831;28;1879.00;36
4699;28;625010633;4699;317;5530;5565;7.16;0.44;246.54;4.38;831;28;1880.00;35
4704;28;625010643;4704;311;5534;5566;7.15;0.44;246.41;4.38;830;28;1881.00;32
4708;28;625010653;4708;322;5535;5568;7.09;0.44;246.41;4.38;827;28;1882.00;33
4711;28;625010663;4711;326;5541;5569;7.06;0.44;246.41;4.39;830;28;1883.00;28
4713;28;625010673;4713;334;5542;5569;7.03;0.43;246.43;4.39;829;28;1884.00;27
4716;28;625010682;4716;338;5547;5569;7.01;0.43;246.38;4.40;831;28;1885.00;22
4718;28;625010692;4718;341;5550;5569;7.01;0.43;246.47;4.40;832;28;1886.00;19
4720;28;625010702;4720;348;5553;5573;6.98;0.43;246.58;4.40;833;28;1887.00;20
4722;28;625010712;4722;349;5554;5573;6.89;0.43;246.58;4.40;832;28;1888.00;19
4724;28;625010723;4724;350;5555;5573;6.84;0.42;246.53;4.40;831;28;1889.00;18
4727;28;625010734;4727;347;5559;5579;6.78;0.42;246.52;4.40;832;28;1890.00;20
4729;28;625010745;4729;336;5560;5579;6.80;0.42;246.50;4.40;831;28;1891.00;19
4735;28;625010759;4735;322;5561;5579;6.80;0.42;246.40;4.40;826;28;1892.00;18
4736;28;625010771;4736;318;5566;5583;6.91;0.42;246.43;4.40;830;28;1893.00;17
4738;28;625010784;4738;311;5568;5584;7.03;0.43;246.42;4.40;830;28;1894.00;16
4741;28;625010794;4741;312;5570;5584;7.10;0.44;246.52;4.40;829;28;1895.00;14
4746;29;625010805;4746;310;5574;5588;7.12;0.44;246.40;4.42;828;29;1896.00;14
4749;29;625010827;4749;301;5574;5588;7.19;0.44;246.38;4.42;825;29;1897.00;14
4753;29;625010843;4753;301;5574;5588;7.24;0.44;246.42;4.42;821;29;1898.00;14
4758;29;625010854;4758;302;5575;5589;7.30;0.45;246.32;4.42;817;29;1899.00;14
4760;29;625010865;4760;305;5575;5589;7.37;0.45;246.37;4.42;815;29;1900.00;14
4766;29;625010880;4766;310;5579;5595;7.39;0.45;246.40;4.41;813;29;1901.00;16
4768;29;625010892;4768;309;5579;5595;7.39;0.45;246.43;4.41;811;29;1902.00;16
4770;29;625010902;4770;311;5580;5596;7.48;0.45;246.39;4.41;810;29;1903.00;16
4771;29;625010913;4771;309;5580;5596;7.53;0.46;246.42;4.41;809;29;1904.00;16
4774;29;625010929;4774;304;5580;5596;7.56;0.46;246.40;4.41;806;29;1905.00;16
4774;29;625010956;4774;308;5580;5596;7.63;0.47;246.40;4.41;806;29;1906.00;16
4777;29;625010977;4777;315;5580;5596;7.69;0.47;246.42;4.41;803;29;1907.00;16
4779;29;625010992;4779;309;5590;5608;7.89;0.48;246.35;4.41;811;29;1908.00;18
4783;29;625011010;4783;307;5591;5608;7.92;0.48;246.54;4.40;808;29;1909.00;17
4786;29;625011027;4786;308;5591;5608;7.98;0.49;246.53;4.40;805;29;1910.00;17
4791;29;625011042;4791;309;5591;5608;7.95;0.49;246.58;4.40;800;29;1911.00;17
4795;29;625011054;4795;309;5591;5608;7.97;0.49;246.55;4.40;796;29;1912.00;17
4797;29;625011066;4797;314;5591;5608;7.94;0.48;246.63;4.40;794;29;1913.00;17
4799;29;625011077;4799;320;5594;5612;7.96;0.49;246.70;4.40;795;29;1914.00;18
4802;29;625011090;4802;321;5594;5612;7.88;0.48;246.74;4.40;792;29;1915.00;18
4804;29;625011102;4804;327;5597;5616;7.83;0.48;246.76;4.40;793;29;1916.00;19
4806;29;625011113;4806;314;5600;5617;7.83;0.48;246.75;4.42;794;29;1917.00;17
4811;29;625011131;4811;305;5600;5617;7.76;0.47;246.80;4.42;789;29;1918.00;17
4813;29;625011144;4813;297;5600;5617;7.87;0.48;246.78;4.42;787;29;1919.00;17
4816;29;625011159;4816;303;5622;5646;8.00;0.49;246.86;4.40;806;29;1920.00;24
4816;29;625011172;4816;294;5623;5646;8.03;0.49;246.86;4.42;807;29;1921.00;23
4822;29;625011184;4822;289;5625;5646;8.03;0.49;246.94;4.42;803;29;1922.00;21
4826;29;625011195;4826;289;5627;5647;8.02;0.49;247.00;4.42;801;29;1923.00;20
4827;29;625011207;4827;288;5628;5648;8.06;0.49;247.10;4.44;801;29;1924.00;20
4831;29;625011219;4831;287;5628;5648;8.06;0.49;247.08;4.44;797;29;1925.00;20
4834;29;625011236;4834;272;5631;5651;8.07;0.49;247.10;4.44;797;29;1926.00;20
4835;29;625011248;4835;252;5632;5651;8.10;0.49;247.16;4.46;797;29;1927.00;19
4838;29;625011259;4838;243;5632;5651;8.16;0.50;247.13;4.46;794;29;1928.00;19
4842;29;625011272;4842;237;5633;5651;8.20;0.50;247.16;4.48;791;29;1929.00;18
4844;29;625011283;4844;235;5637;5657;8.21;0.50;247.24;4.48;793;29;1930.00;20
4848;29;625011296;4848;227;5637;5657;8.31;0.50;247.24;4.48;789;29;1931.00;20
4849;29;625011308;4849;234;5639;5657;8.39;0.51;247.31;4.50;790;29;1932.00;18
4853;29;625011319;4853;234;5639;5657;8.41;0.51;247.50;4.50;786;29;1933.00;18
4854;29;625011330;4854;237;5642;5661;8.43;0.51;247.51;4.50;788;29;1934.00;19
4858;29;625011342;4858;240;5644;5663;8.53;0.52;247.48;4.50;786;29;1935.00;19
4863;29;625011354;4863;240;5644;5663;8.54;0.52;247.50;4.50;781;29;1936.00;19
4866;29;625011365;4866;238;5645;5664;8.57;0.52;247.55;4.50;779;29;1937.00;19
4870;29;625011377;4870;235;5645;5664;8.62;0.52;247.66;4.50;775;29;1938.00;19
4874;29;625011388;4874;229;5645;5664;8.67;0.53;247.69;4.50;771;29;1939.00;19
4877;29;625011398;4877;226;5646;5664;8.67;0.53;247.75;4.52;769;29;1940.00;18
4880;29;625011409;4880;223;5646;5664;8.66;0.53;247.79;4.52;766;29;1941.00;18
4883;29;625011419;4883;219;5646;5664;8.71;0.53;247.74;4.52;763;29;1942.00;18
4885;29;625011430;4885;219;5646;5664;8.76;0.53;247.77;4.52;761;29;1943.00;18
4889;29;625011441;4889;233;5688;5734;8.63;0.52;247.85;4.49;799;29;1944.00;46
4890;29;625011471;4890;228;5688;5735;8.69;0.53;247.91;4.49;798;29;1945.00;47
4895;29;625011482;4895;219;5695;5735;8.78;0.53;247.92;4.49;800;29;1946.00;40
4895;29;625011493;4895;213;5697;5735;8.90;0.54;247.92;4.49;802;29;1947.00;38
4897;29;625011504;4897;212;5699;5735;8.91;0.54;247.95;4.49;802;29;1948.00;36
4897;29;625011515;4897;215;5704;5735;9.05;0.55;247.95;4.49;807;29;1949.00;31
4899;29;625011527;4899;215;5707;5737;9.13;0.56;247.94;4.49;808;29;1950.00;30
4901;29;625011544;4901;219;5709;5737;9.13;0.56;247.93;4.49;808;29;1951.00;28
4902;29;625011556;4902;229;5713;5738;9.18;0.56;247.94;4.49;811;29;1952.00;25
4903;29;625011567;4903;232;5714;5739;9.14;0.56;247.90;4.49;811;29;1953.00;25
4904;29;625011578;4904;234;5715;5739;9.13;0.56;247.94;4.49;811;29;1954.00;24
4904;29;625011589;4904;238;5718;5743;9.15;0.56;247.94;4.49;814;29;1955.00;25
4904;29;625011600;4904;240;5719;5743;9.20;0.56;247.94;4.49;815;29;1956.00;24
4908;29;625011611;4908;241;5719;5743;9.20;0.56;247.99;4.49;811;29;1957.00;24
4912;29;625011622;4912;247;5719;5743;9.17;0.56;248.05;4.49;807;29;1958.00;24
4912;29;625011633;4912;250;5724;5749;9.17;0.56;248.05;4.48;812;29;1959.00;25
4913;29;625011644;4913;245;5725;5749;9.12;0.56;248.05;4.51;812;29;1960.00;24
4915;29;625011656;4915;241;5725;5749;9.12;0.56;248.07;4.51;810;29;1961.00;24
4915;29;625011666;4915;237;5728;5752;9.17;0.56;248.07;4.51;813;29;1962.00;24
4919;29;625011677;4919;234;5728;5752;9.21;0.56;248.13;4.51;809;29;1963.00;24
4920;29;625011687;4920;230;5728;5752;9.14;0.56;248.16;4.51;808;29;1964.00;24
4924;29;625011698;4924;228;5728;5753;9.10;0.55;248.20;4.51;804;29;1965.00;25
4927;29;625011709;4927;217;5729;5754;9.05;0.55;248.22;4.51;802;29;1966.00;25
4930;29;625011728;4930;219;5729;5754;9.00;0.55;248.26;4.51;799;29;1967.00;25
4933;29;625011739;4933;221;5738;5767;9.05;0.55;248.24;4.50;805;29;1968.00;29
4936;29;625011751;4936;215;5738;5767;9.12;0.56;248.20;4.50;802;29;1969.00;29
4940;29;625011765;4940;208;5738;5767;9.15;0.56;248.28;4.50;798;29;1970.00;29
4944;29;625011776;4944;197;5739;5768;9.15;0.56;248.38;4.50;795;29;1971.00;29
4949;29;625011787;4949;187;5739;5768;9.19;0.56;248.34;4.50;790;29;1972.00;29
4952;29;625011797;4952;178;5742;5772;9.18;0.56;248.48;4.50;790;29;1973.00;30
4958;29;625011807;4958;169;5744;5772;9.22;0.56;248.48;4.51;786;29;1974.00;28
4960;29;625011819;4960;167;5747;5776;9.23;0.56;248.48;4.51;787;29;1975.00;29
4962;29;625011839;4962;164;5748;5776;9.32;0.57;248.56;4.52;786;29;1976.00;28
4964;29;625011850;4964;154;5748;5776;9.39;0.57;248.63;4.52;784;29;1977.00;28
4965;29;625011861;4965;147;5748;5776;9.49;0.58;248.62;4.52;783;29;1978.00;28
4975;29;625011871;4975;140;5749;5776;9.49;0.58;248.80;4.55;774;29;1979.00;27
4978;29;625011884;4978;135;5769;5810;9.54;0.58;248.79;4.54;791;29;1980.00;41
4981;29;625011898;4981;128;5771;5810;9.47;0.58;248.81;4.57;790;29;1981.00;39
4985;29;625011908;4985;130;5772;5810;9.49;0.58;248.80;4.57;787;29;1982.00;38
4987;29;625011920;4987;129;5772;5810;9.47;0.58;248.82;4.57;785;29;1983.00;38
4988;29;625011931;4988;130;5773;5810;9.50;0.58;248.85;4.57;785;29;1984.00;37
4991;29;625011948;4991;133;5773;5810;9.56;0.58;248.86;4.57;782;29;1985.00;37
4992;29;625011958;4992;133;5774;5811;9.60;0.58;248.89;4.57;782;29;1986.00;37
4994;29;625011970;4994;133;5775;5811;9.61;0.58;248.94;4.57;781;29;1987.00;36
4997;29;625011980;4997;134;5778;5817;9.67;0.59;248.88;4.57;781;29;1988.00;39
5000;29;625011991;5000;136;5779;5818;9.71;0.59;248.83;4.57;779;29;1989.00;39
5002;29;625012001;5002;138;5780;5818;9.69;0.59;248.75;4.57;778;29;1990.00;38
5004;29;625012011;5004;146;5781;5818;9.59;0.58;248.77;4.57;777;29;1991.00;37
5005;29;625012021;5005;145;5783;5822;9.55;0.58;248.83;4.57;778;29;1992.00;39
5010;29;625012031;5010;155;5786;5822;9.49;0.58;248.86;4.58;776;29;1993.00;36
5012;29;625012042;5012;156;5786;5822;9.45;0.57;248.85;4.58;774;29;1994.00;36
5016;29;625012053;5016;162;5788;5823;9.43;0.57;248.87;4.59;772;29;1995.00;35
5019;29;625012063;5019;166;5793;5827;9.36;0.57;248.91;4.60;774;29;1996.00;34
5022;29;625012081;5022;169;5793;5827;9.33;0.57;248.95;4.60;771;29;1997.00;34
5023;29;625012092;5023;170;5795;5830;9.38;0.57;249.03;4.60;772;29;1998.00;35
5025;29;625012103;5025;171;5797;5830;9.44;0.57;249.03;4.60;772;29;1999.00;33
5026;29;625012115;5026;170;5799;5830;9.42;0.57;249.11;4.62;773;29;2000.00;31
5028;29;625012129;5028;178;5800;5830;9.49;0.58;249.17;4.63;772;29;2001.00;30
5028;29;625012140;5028;183;5803;5834;9.57;0.58;249.17;4.63;775;29;2002.00;31
5033;29;625012150;5033;186;5806;5834;9.54;0.58;249.33;4.65;773;29;2003.00;28
5034;29;625012161;5034;190;5807;5834;9.57;0.58;249.31;4.65;773;29;2004.00;27
5036;29;625012171;5036;192;5809;5834;9.53;0.58;249.33;4.67;773;29;2005.00;25
5039;29;625012182;5039;194;5809;5835;9.46;0.58;249.34;4.67;770;29;2006.00;26
5041;29;625012192;5041;202;5810;5836;9.40;0.57;249.39;4.67;769;29;2007.00;26
5046;29;625012203;5046;205;5812;5836;9.28;0.56;249.45;4.69;766;29;2008.00;24
5046;29;625012212;5046;209;5813;5837;9.23;0.56;249.45;4.69;767;29;2009.00;24
5047;29;625012224;5047;209;5814;5837;9.13;0.56;249.51;4.70;767;29;2010.00;23
5051;29;625012233;5051;220;5815;5837;9.04;0.55;249.46;4.71;764;29;2011.00;22
5053;29;625012243;5053;224;5816;5837;8.98;0.55;249.45;4.72;763;29;2012.00;21
5054;29;625012260;5054;233;5818;5837;8.89;0.54;249.42;4.74;764;29;2013.00;19
5057;29;625012270;5057;239;5819;5837;8.82;0.54;249.34;4.75;762;29;2014.00;18
5060;29;625012279;5060;248;5820;5837;8.66;0.53;249.26;4.75;760;29;2015.00;17
5061;29;625012288;5061;262;5884;5964;8.74;0.54;249.27;4.71;823;29;2016.00;80
5064;29;625012307;5064;259;5886;5965;8.60;0.53;249.16;4.72;822;29;2017.00;79
5069;29;625012317;5069;261;5898;5965;8.58;0.53;249.08;4.72;829;29;2018.00;67
5070;29;625012327;5070;257;5903;5965;8.58;0.53;249.05;4.72;833;29;2019.00;62
5073;29;625012337;5073;256;5910;5965;8.53;0.53;248.95;4.73;837;29;2020.00;55
5073;29;625012346;5073;256;5914;5965;8.46;0.52;248.95;4.73;841;29;2021.00;51
5075;29;625012356;5075;255;5921;5965;8.40;0.52;248.96;4.74;846;29;2022.00;44
5078;29;625012365;5078;260;5925;5965;8.37;0.51;248.97;4.74;847;29;2023.00;40
5082;29;625012375;5082;265;5929;5966;8.32;0.51;248.99;4.74;847;29;2024.00;37
5086;29;625012385;5086;268;5933;5968;8.25;0.51;248.97;4.75;847;29;2025.00;35
5089;29;625012395;5089;271;5937;5968;8.26;0.51;248.91;4.75;848;29;2026.00;31
5091;29;625012405;5091;276;5939;5969;8.28;0.51;249.07;4.76;848;29;2027.00;30
5093;29;625012414;5093;281;5943;5969;8.29;0.51;249.11;4.76;850;29;2028.00;26
5094;29;625012429;5094;287;5944;5969;8.18;0.50;249.15;4.76;850;29;2029.00;25
5095;29;625012446;5095;293;5945;5969;8.10;0.50;249.13;4.76;850;29;2030.00;24
5097;29;625012455;5097;301;5952;5973;7.92;0.49;249.15;4.77;855;29;2031.00;21
5100;29;625012464;5100;310;5954;5973;7.76;0.48;249.09;4.77;854;29;2032.00;19
5102;29;625012475;5102;321;5956;5973;7.64;0.47;249.07;4.78;854;29;2033.00;17
5107;29;625012484;5107;329;5959;5976;7.48;0.46;248.96;4.78;852;29;2034.00;17
5108;29;625012494;5108;335;5960;5976;7.32;0.45;248.97;4.78;852;29;2035.00;16
5112;29;625012503;5112;345;5963;5976;7.18;0.44;248.99;4.79;851;29;2036.00;13
5116;29;625012512;5116;358;5967;5980;6.99;0.43;249.00;4.78;851;29;2037.00;13
5117;29;625012521;5117;368;5971;5981;6.84;0.42;248.97;4.78;854;29;2038.00;10
5120;29;625012530;5120;370;5971;5981;6.65;0.41;248.98;4.78;851;29;2039.00;10
5123;29;625012540;5123;364;5976;5986;6.58;0.40;248.99;4.78;853;29;2040.00;10
5125;29;625012549;5125;361;5976;5986;6.50;0.40;248.97;4.78;851;29;2041.00;10
5127;29;625012558;5127;365;5976;5986;6.42;0.39;249.01;4.78;849;29;2042.00;10
5128;29;625012567;5128;352;5977;5987;6.40;0.39;249.04;4.78;849;29;2043.00;10
5131;29;625012576;5131;349;5977;5987;6.42;0.39;249.00;4.78;846;29;2044.00;10
5135;29;625012585;5135;342;5982;5993;6.46;0.40;249.01;4.78;847;29;2045.00;11
5137;29;625012595;5137;336;5982;5993;6.56;0.40;249.05;4.78;845;29;2046.00;11
5140;29;625012604;5140;330;5984;5994;6.58;0.40;249.00;4.77;844;29;2047.00;10
5142;29;625012614;5142;315;5984;5994;6.67;0.41;249.05;4.77;842;29;2048.00;10
5144;29;625012624;5144;310;5984;5994;6.77;0.41;249.05;4.77;840;29;2049.00;10
5146;29;625012642;5146;308;5984;5994;6.83;0.42;249.04;4.77;838;29;2050.00;10
5148;29;625012652;5148;301;5984;5994;6.88;0.42;249.02;4.77;836;29;2051.00;10
5150;30;625012667;5150;295;5995;6006;6.99;0.43;249.03;4.77;845;30;2052.00;11
5152;30;625012688;5152;291;5995;6006;6.96;0.43;249.08;4.77;843;30;2053.00;11
5155;30;625012698;5155;280;5996;6006;7.07;0.43;249.04;4.77;841;30;2054.00;10
5158;30;625012712;5158;282;5996;6006;7.11;0.44;249.09;4.77;838;30;2055.00;10
5160;30;625012723;5160;282;5996;6006;7.20;0.44;249.06;4.77;836;30;2056.00;10
5161;30;625012733;5161;293;5996;6006;7.30;0.45;249.03;4.77;835;30;2057.00;10
5162;30;625012744;5162;287;6000;6010;7.44;0.45;249.06;4.76;838;30;2058.00;10
5164;30;625012754;5164;285;6000;6010;7.52;0.46;249.07;4.76;836;30;2059.00;10
5164;30;625012765;5164;277;6003;6014;7.63;0.47;249.07;4.76;839;30;2060.00;11
5168;30;625012775;5168;272;6004;6015;7.58;0.46;249.07;4.76;836;30;2061.00;11
5170;30;625012787;5170;278;6005;6015;7.65;0.47;249.01;4.76;835;30;2062.00;10
5173;30;625012803;5173;279;6005;6015;7.63;0.47;249.09;4.76;832;30;2063.00;10
5174;30;625012814;5174;281;6017;6028;7.65;0.47;249.14;4.75;843;30;2064.00;11
5180;30;625012826;5180;279;6017;6028;7.67;0.47;249.20;4.75;837;30;2065.00;11
5183;30;625012837;5183;280;6018;6028;7.69;0.47;249.16;4.75;835;30;2066.00;10
5188;30;625012848;5188;289;6019;6029;7.69;0.47;249.21;4.75;831;30;2067.00;10
5196;30;625012859;5196;292;6020;6030;7.70;0.47;249.39;4.75;824;30;2068.00;10
5199;30;625012870;5199;289;6020;6030;7.77;0.47;249.39;4.75;821;30;2069.00;10
5203;30;625012882;5203;291;6023;6036;7.90;0.48;249.45;4.75;820;30;2070.00;13
5207;30;625012893;5207;298;6023;6036;7.95;0.49;249.49;4.75;816;30;2071.00;13
5211;30;625012904;5211;290;6024;6036;8.06;0.49;249.67;4.75;813;30;2072.00;12
5215;30;625012915;5215;289;6024;6036;8.13;0.50;249.60;4.75;809;30;2073.00;12
5222;30;625012930;5222;288;6028;6042;8.03;0.49;249.64;4.74;806;30;2074.00;14
5225;30;625012952;5225;288;6028;6042;7.98;0.49;249.74;4.74;803;30;2075.00;14
5229;30;625012968;5229;294;6029;6042;7.97;0.49;249.84;4.74;800;30;2076.00;13
5234;30;625012984;5234;294;6029;6042;7.92;0.48;249.87;4.74;795;30;2077.00;13
5237;30;625013000;5237;292;6033;6046;7.92;0.48;249.82;4.74;796;30;2078.00;13
5241;30;625013016;5241;291;6034;6047;7.93;0.48;249.99;4.74;793;30;2079.00;13
5245;30;625013031;5245;291;6035;6047;7.95;0.49;250.00;4.74;790;30;2080.00;12
5247;30;625013045;5247;293;6036;6048;7.93;0.48;250.04;4.74;789;30;2081.00;12
5251;30;625013056;5251;297;6036;6048;7.87;0.48;250.13;4.74;785;30;2082.00;12
5258;30;625013069;5258;297;6036;6048;7.78;0.47;250.09;4.74;778;30;2083.00;12
5262;30;625013081;5262;300;6036;6048;7.70;0.47;250.11;4.74;774;30;2084.00;12
5267;30;625013093;5267;307;6036;6048;7.62;0.46;250.08;4.74;769;30;2085.00;12
5268;30;625013104;5268;314;6036;6048;7.59;0.46;250.09;4.74;768;30;2086.00;12
5271;30;625013115;5271;303;6036;6048;7.56;0.46;250.23;4.74;765;30;2087.00;12
5272;30;625013126;5272;309;6077;6118;7.70;0.47;250.25;4.71;805;30;2088.00;41
5274;30;625013144;5274;299;6078;6119;7.82;0.48;250.26;4.71;804;30;2089.00;41
5277;30;625013155;5277;291;6084;6119;7.99;0.49;250.30;4.71;807;30;2090.00;35
5281;30;625013167;5281;287;6085;6119;8.06;0.49;250.29;4.71;804;30;2091.00;34
5282;30;625013178;5282;283;6089;6119;8.22;0.50;250.30;4.71;807;30;2092.00;30
5287;30;625013191;5287;283;6093;6119;8.31;0.51;250.29;4.71;806;30;2093.00;26
5290;30;625013203;5290;288;6097;6119;8.38;0.51;250.27;4.71;807;30;2094.00;22
5293;30;625013215;5293;286;6100;6119;8.41;0.51;250.31;4.71;807;30;2095.00;19
5295;30;625013227;5295;271;6102;6120;8.46;0.52;250.28;4.71;807;30;2096.00;18
5299;30;625013238;5299;262;6103;6121;8.44;0.52;250.37;4.71;804;30;2097.00;18
5303;30;625013257;5303;256;6104;6121;8.43;0.51;250.40;4.71;801;30;2098.00;17
5304;30;625013270;5304;247;6107;6125;8.41;0.51;250.40;4.71;803;30;2099.00;18
5307;30;625013284;5307;241;6111;6140;8.36;0.51;250.38;4.70;804;30;2100.00;29
5309;30;625013303;5309;239;6111;6140;8.38;0.51;250.48;4.70;802;30;2101.00;29
5312;30;625013315;5312;238;6111;6140;8.50;0.52;250.50;4.70;799;30;2102.00;29
5314;30;625013327;5314;240;6114;6146;8.58;0.52;250.52;4.70;800;30;2103.00;32
5318;30;625013340;5318;235;6114;6146;8.64;0.53;250.54;4.70;796;30;2104.00;32
5322;30;625013352;5322;239;6115;6146;8.67;0.53;250.56;4.70;793;30;2105.00;31
5324;30;625013363;5324;240;6118;6149;8.79;0.54;250.56;4.70;794;30;2106.00;31
5328;30;625013375;5328;227;6119;6149;8.81;0.54;250.56;4.74;791;30;2107.00;30
5330;30;625013389;5330;224;6119;6149;8.87;0.54;250.58;4.74;789;30;2108.00;30
5334;30;625013401;5334;216;6119;6150;8.83;0.54;250.57;4.74;785;30;2109.00;31
5335;30;625013413;5335;209;6121;6151;8.92;0.54;250.55;4.74;786;30;2110.00;30
5338;30;625013425;5338;203;6121;6151;8.94;0.54;250.51;4.74;783;30;2111.00;30
5341;30;625013436;5341;200;6130;6164;8.98;0.55;250.58;4.73;789;30;2112.00;34
5344;30;625013449;5344;195;6131;6164;9.03;0.55;250.63;4.73;787;30;2113.00;33
5347;30;625013461;5347;196;6131;6164;9.04;0.55;250.65;4.73;784;30;2114.00;33
5347;30;625013473;5347;193;6133;6166;9.08;0.55;250.65;4.73;786;30;2115.00;33
5349;30;625013484;5349;198;6134;6166;9.04;0.55;250.64;4.73;785;30;2116.00;32
5349;30;625013495;5349;194;6137;6170;9.07;0.55;250.64;4.73;788;30;2117.00;33
5351;30;625013506;5351;192;6137;6170;9.08;0.55;250.62;4.73;786;30;2118.00;33
5351;30;625013518;5351;193;6140;6174;9.13;0.56;250.62;4.73;789;30;2119.00;34
5354;30;625013528;5354;196;6140;6174;9.19;0.56;250.55;4.73;786;30;2120.00;34
5356;30;625013539;5356;199;6141;6174;9.27;0.57;250.52;4.73;785;30;2121.00;33
5358;30;625013550;5358;196;6141;6174;9.32;0.57;250.47;4.73;783;30;2122.00;33
5363;31;625013560;5363;202;6142;6174;9.32;0.57;250.47;4.74;779;31;2123.00;32
5367;31;625013584;5367;203;6150;6186;9.36;0.57;250.51;4.73;783;31;2124.00;36
5369;31;625013601;5369;207;6152;6186;9.36;0.57;250.48;4.74;783;31;2125.00;34
5369;31;625013618;5369;209;6153;6186;9.35;0.57;250.48;4.74;784;31;2126.00;33
5371;31;625013630;5371;210;6157;6186;9.29;0.56;250.50;4.75;786;31;2127.00;29
5372;31;625013641;5372;212;6157;6186;9.31;0.56;250.56;4.75;785;31;2128.00;29
5372;31;625013651;5372;212;6159;6186;9.34;0.57;250.56;4.75;787;31;2129.00;27
5376;31;625013663;5376;214;6159;6187;9.42;0.57;250.55;4.75;783;31;2130.00;28
5376;31;625013674;5376;211;6160;6187;9.47;0.57;250.55;4.75;784;31;2131.00;27
5378;31;625013685;5378;205;6164;6193;9.43;0.57;250.51;4.75;786;31;2132.00;29
5380;31;625013697;5380;204;6165;6194;9.35;0.57;250.48;4.75;785;31;2133.00;29
5382;31;625013708;5382;199;6167;6194;9.25;0.56;250.48;4.75;785;31;2134.00;27
5384;31;625013718;5384;191;6167;6194;9.23;0.56;250.49;4.75;783;31;2135.00;27
5384;31;625013728;5384;186;6170;6198;9.23;0.56;250.49;4.74;786;31;2136.00;28
5386;31;625013739;5386;181;6170;6198;9.25;0.56;250.53;4.74;784;31;2137.00;28
5388;31;625013749;5388;187;6170;6198;9.23;0.56;250.51;4.74;782;31;2138.00;28
5393;31;625013759;5393;184;6171;6199;9.20;0.56;250.56;4.74;778;31;2139.00;28
5398;31;625013770;5398;179;6174;6203;9.13;0.55;250.50;4.74;776;31;2140.00;29
5404;31;625013781;5404;170;6174;6203;9.00;0.55;250.53;4.74;770;31;2141.00;29
5408;31;625013791;5408;168;6176;6206;8.95;0.54;250.71;4.74;768;31;2142.00;30
5409;31;625013802;5409;172;6176;6206;8.96;0.54;250.69;4.74;767;31;2143.00;30
5412;31;625013811;5412;169;6177;6206;9.00;0.54;250.75;4.74;765;31;2144.00;29
5415;31;625013821;5415;165;6179;6206;8.97;0.54;250.78;4.76;764;31;2145.00;27
5418;31;625013833;5418;164;6182;6210;8.99;0.54;250.80;4.76;764;31;2146.00;28
5421;31;625013843;5421;166;6183;6210;9.08;0.55;250.91;4.76;762;31;2147.00;27
5424;31;625013854;5424;165;6183;6210;9.08;0.55;250.91;4.76;759;31;2148.00;27
5426;31;625013870;5426;165;6184;6210;9.15;0.56;250.98;4.81;758;31;2149.00;26
5431;31;625013879;5431;163;6184;6211;9.16;0.56;250.98;4.81;753;31;2150.00;27
5434;32;625013890;5434;164;6186;6212;9.13;0.55;250.98;4.86;752;32;2151.00;26
5436;32;625013907;5436;168;6186;6212;9.14;0.55;250.98;4.86;750;32;2152.00;26
5439;32;625013922;5439;172;6187;6213;9.08;0.55;251.03;4.86;748;32;2153.00;26
5442;32;625013933;5442;172;6187;6213;9.08;0.55;250.94;4.86;745;32;2154.00;26
5444;32;625013943;5444;176;6188;6213;9.03;0.55;250.97;4.89;744;32;2155.00;25
5446;32;625013953;5446;180;6188;6213;9.14;0.56;250.92;4.89;742;32;2156.00;25
5447;32;625013963;5447;182;6188;6213;9.15;0.56;250.93;4.89;741;32;2157.00;25
5452;32;625013973;5452;185;6188;6213;9.06;0.55;250.89;4.89;736;32;2158.00;25
5452;32;625013983;5452;187;6188;6213;9.02;0.55;250.89;4.89;736;32;2159.00;25
5452;32;625013993;5452;226;6286;6443;9.14;0.57;250.89;4.82;834;32;2160.00;157
5453;32;625014021;5453;221;6288;6444;9.06;0.56;250.89;4.82;835;32;2161.00;156
5455;32;625014031;5455;208;6298;6444;9.10;0.57;250.85;4.81;843;32;2162.00;146
5458;32;625014042;5458;211;6307;6444;9.12;0.57;250.92;4.81;849;32;2163.00;137
5460;32;625014052;5460;212;6314;6444;9.10;0.56;250.90;4.81;854;32;2164.00;130
5462;32;625014063;5462;217;6321;6444;9.01;0.56;250.94;4.81;859;32;2165.00;123
5464;32;625014073;5464;215;6327;6444;8.93;0.55;250.91;4.81;863;32;2166.00;117
5466;33;625014083;5466;217;6332;6444;8.88;0.55;250.84;4.81;866;33;2167.00;112
5470;33;625014108;5470;222;6339;6445;8.82;0.55;250.77;4.81;869;33;2168.00;106
5471;33;625014125;5471;230;6341;6446;8.83;0.55;250.73;4.83;870;33;2169.00;105
5474;33;625014135;5474;236;6346;6446;8.86;0.55;250.75;4.84;872;33;2170.00;100
5476;33;625014146;5476;238;6348;6447;8.82;0.55;250.72;4.84;872;33;2171.00;99
5477;33;625014157;5477;238;6354;6447;8.76;0.54;250.70;4.86;877;33;2172.00;93
5478;33;625014168;5478;252;6356;6447;8.67;0.54;250.71;4.87;878;33;2173.00;91
5482;33;625014179;5482;256;6359;6447;8.56;0.53;250.65;4.88;877;33;2174.00;88
5484;33;625014190;5484;259;6364;6451;8.48;0.52;250.70;4.88;880;33;2175.00;87
5486;33;625014201;5486;265;6367;6451;8.38;0.52;250.70;4.90;881;33;2176.00;84
5487;33;625014212;5487;266;6369;6451;8.28;0.51;250.68;4.91;882;33;2177.00;82
5488;33;625014223;5488;274;6375;6454;8.11;0.50;250.71;4.93;887;33;2178.00;79
5490;33;625014234;5490;273;6378;6454;7.99;0.49;250.69;4.94;888;33;2179.00;76
5491;33;625014244;5491;276;6383;6454;7.88;0.49;250.66;4.97;892;33;2180.00;71
5491;33;625014255;5491;288;6390;6458;7.83;0.48;250.66;4.98;899;33;2181.00;68
5492;33;625014267;5492;291;6394;6459;7.86;0.48;250.66;5.00;902;33;2182.00;65
5494;33;625014283;5494;299;6397;6459;7.89;0.49;250.63;5.02;903;33;2183.00;62
5495;33;625014294;5495;307;6403;6463;7.85;0.48;250.59;5.04;908;33;2184.00;60
5497;33;625014304;5497;312;6405;6463;7.75;0.48;250.52;5.04;908;33;2185.00;58
5501;33;625014326;5501;319;6409;6463;7.72;0.47;250.43;5.06;908;33;2186.00;54
5502;33;625014337;5502;326;6411;6464;7.67;0.47;250.43;5.06;909;33;2187.00;53
5504;33;625014347;5504;330;6416;6464;7.57;0.46;250.41;5.08;912;33;2188.00;48
5507;33;625014358;5507;334;6420;6470;7.50;0.46;250.36;5.08;913;33;2189.00;50
5508;33;625014371;5508;336;6422;6470;7.43;0.46;250.34;5.09;914;33;2190.00;48
5508;33;625014381;5508;341;6427;6471;7.36;0.45;250.34;5.11;919;33;2191.00;44
5512;33;625014391;5512;350;6428;6471;7.28;0.45;250.27;5.11;916;33;2192.00;43
5515;33;625014402;5515;350;6429;6471;7.20;0.44;250.20;5.12;914;33;2193.00;42
5516;33;625014412;5516;359;6432;6471;7.07;0.43;250.20;5.13;916;33;2194.00;39
5517;33;625014423;5517;349;6435;6471;7.02;0.43;250.18;5.14;918;33;2195.00;36
5517;33;625014433;5517;347;6448;6483;7.06;0.43;250.18;5.14;931;33;2196.00;35
5518;33;625014455;5518;351;6449;6483;7.07;0.43;250.20;5.14;931;33;2197.00;34
5519;33;625014466;5519;345;6449;6483;7.09;0.43;250.16;5.14;930;33;2198.00;34
5522;33;625014476;5522;338;6450;6483;7.11;0.43;250.13;5.14;928;33;2199.00;33
5522;33;625014493;5522;340;6451;6483;7.11;0.44;250.13;5.15;929;33;2200.00;32
5524;33;625014507;5524;340;6454;6483;7.04;0.43;250.09;5.16;930;33;2201.00;29
5527;33;625014519;5527;335;6460;6487;6.98;0.43;250.10;5.17;933;33;2202.00;27
5531;33;625014529;5531;327;6460;6487;6.93;0.42;250.01;5.17;929;33;2203.00;27
5534;34;625014540;5534;329;6463;6491;6.87;0.42;249.96;5.17;929;34;2204.00;28
5538;34;625014561;5538;335;6467;6493;6.81;0.41;249.94;5.17;929;34;2205.00;26
5542;34;625014576;5542;335;6468;6493;6.75;0.41;249.95;5.17;926;34;2206.00;25
5546;34;625014592;5546;339;6469;6493;6.69;0.41;250.00;5.17;923;34;2207.00;24
5546;34;625014603;5546;340;6480;6506;6.70;0.41;250.00;5.16;934;34;2208.00;26
5551;34;625014614;5551;349;6480;6506;6.64;0.41;250.02;5.16;929;34;2209.00;26
5552;34;625014625;5552;335;6483;6508;6.63;0.41;250.06;5.16;931;34;2210.00;25
5555;34;625014637;5555;328;6484;6509;6.65;0.41;250.19;5.16;929;34;2211.00;25
5557;34;625014648;5557;327;6485;6510;6.68;0.41;250.20;5.16;928;34;2212.00;25
5559;34;625014658;5559;324;6486;6510;6.74;0.41;250.20;5.16;927;34;2213.00;24
5561;34;625014674;5561;324;6488;6513;6.82;0.42;250.26;5.16;927;34;2214.00;25
5561;34;625014685;5561;318;6488;6513;6.93;0.43;250.26;5.16;927;34;2215.00;25
5565;34;625014696;5565;317;6488;6513;6.97;0.43;250.44;5.16;923;34;2216.00;25
5570;34;625014706;5570;307;6488;6513;6.99;0.43;250.49;5.16;918;34;2217.00;25
5572;34;625014718;5572;302;6491;6519;7.12;0.44;250.50;5.15;919;34;2218.00;28
5575;34;625014729;5575;299;6491;6519;7.18;0.44;250.54;5.15;916;34;2219.00;28
5578;34;625014741;5578;297;6492;6519;7.21;0.44;250.66;5.16;914;34;2220.00;27
5581;34;625014753;5581;290;6493;6519;7.25;0.44;250.71;5.20;912;34;2221.00;26
5584;34;625014765;5584;280;6497;6523;7.32;0.45;250.70;5.20;913;34;2222.00;26
5590;34;625014776;5590;274;6498;6524;7.34;0.45;250.75;5.20;908;34;2223.00;26
5592;34;625014788;5592;266;6499;6524;7.38;0.46;250.78;5.20;907;34;2224.00;25
5597;34;625014800;5597;265;6500;6525;7.40;0.46;250.90;5.20;903;34;2225.00;25
5600;34;625014812;5600;260;6501;6525;7.46;0.46;250.91;5.20;901;34;2226.00;24
5603;34;625014824;5603;265;6501;6525;7.47;0.46;250.98;5.20;898;34;2227.00;24
5610;34;625014836;5610;261;6501;6525;7.52;0.46;251.00;5.20;891;34;2228.00;24
5614;34;625014848;5614;258;6501;6525;7.61;0.47;251.03;5.20;887;34;2229.00;24
5619;34;625014860;5619;257;6501;6525;7.66;0.47;251.25;5.20;882;34;2230.00;24
5624;34;625014878;5624;255;6501;6525;7.73;0.47;251.22;5.20;877;34;2231.00;24
5633;34;625014891;5633;256;6534;6595;7.84;0.48;251.42;5.17;901;34;2232.00;61
5637;34;625014914;5637;248;6537;6596;7.91;0.49;251.50;5.17;900;34;2233.00;59
5642;34;625014930;5642;253;6543;6596;7.95;0.49;251.60;5.17;901;34;2234.00;53
5645;34;625014948;5645;242;6549;6596;8.01;0.49;251.55;5.17;904;34;2235.00;47
5650;34;625014967;5650;242;6555;6596;8.16;0.50;251.62;5.16;905;34;2236.00;41
5654;34;625014995;5654;248;6560;6596;8.29;0.51;251.74;5.16;906;34;2237.00;36
5658;34;625015013;5658;249;6563;6596;8.35;0.51;251.88;5.17;905;34;2238.00;33
5665;34;625015034;5665;255;6564;6596;8.31;0.51;251.91;5.17;899;34;2239.00;32
5669;34;625015048;5669;261;6568;6597;8.33;0.51;251.93;5.17;899;34;2240.00;29
5674;34;625015062;5674;266;6569;6598;8.28;0.51;252.08;5.17;895;34;2241.00;29
5676;34;625015076;5676;265;6569;6598;8.33;0.51;252.10;5.17;893;34;2242.00;29
5684;34;625015089;5684;269;6572;6602;8.31;0.51;252.11;5.16;888;34;2243.00;30
5688;34;625015104;5688;275;6572;6602;8.33;0.51;252.30;5.16;884;34;2244.00;30
5691;34;625015123;5691;273;6572;6602;8.43;0.51;252.28;5.16;881;34;2245.00;30
5697;34;625015137;5697;276;6572;6602;8.43;0.51;252.30;5.16;875;34;2246.00;30
5701;34;625015150;5701;277;6576;6608;8.41;0.51;252.49;5.16;875;34;2247.00;32
5706;34;625015164;5706;282;6577;6608;8.46;0.52;252.60;5.16;871;34;2248.00;31
5710;34;625015177;5710;277;6577;6608;8.50;0.52;252.61;5.16;867;34;2249.00;31
5713;34;625015192;5713;282;6580;6614;8.58;0.52;252.68;5.16;867;34;2250.00;34
5715;34;625015206;5715;286;6580;6614;8.59;0.53;252.79;5.16;865;34;2251.00;34
5719;34;625015220;5719;282;6581;6614;8.57;0.52;252.94;5.16;862;34;2252.00;33
5720;34;625015234;5720;284;6582;6615;8.53;0.52;253.00;5.16;862;34;2253.00;33
5725;34;625015248;5725;291;6583;6616;8.56;0.52;253.16;5.16;858;34;2254.00;33
5729;34;625015262;5729;295;6584;6616;8.55;0.52;253.27;5.16;855;34;2255.00;32
5735;34;625015276;5735;304;6594;6629;8.60;0.53;253.37;5.15;859;34;2256.00;35
5739;34;625015289;5739;292;6595;6629;8.56;0.52;253.45;5.15;856;34;2257.00;34
5743;34;625015301;5743;287;6595;6629;8.52;0.52;253.51;5.15;852;34;2258.00;34
5746;34;625015323;5746;288;6596;6630;8.48;0.52;253.55;5.15;850;34;2259.00;34
5750;34;625015336;5750;278;6596;6630;8.39;0.51;253.60;5.15;846;34;2260.00;34
5758;34;625015349;5758;279;6599;6634;8.38;0.51;253.64;5.15;841;34;2261.00;35
5760;34;625015363;5760;281;6600;6634;8.46;0.52;253.64;5.14;840;34;2262.00;34
5764;34;625015375;5764;279;6603;6638;8.47;0.52;253.68;5.14;839;34;2263.00;35
5769;34;625015395;5769;282;6603;6638;8.48;0.52;253.68;5.14;834;34;2264.00;35
5772;34;625015408;5772;282;6603;6638;8.44;0.51;253.65;5.14;831;34;2265.00;35
5773;34;625015420;5773;270;6603;6638;8.46;0.52;253.67;5.14;830;34;2266.00;35
5778;34;625015432;5778;260;6603;6638;8.41;0.51;253.65;5.14;825;34;2267.00;35
5782;34;625015444;5782;255;6613;6650;8.46;0.52;253.66;5.14;831;34;2268.00;37
5782;34;625015459;5782;248;6614;6650;8.55;0.52;253.66;5.13;832;34;2269.00;36
5785;34;625015479;5785;243;6614;6650;8.57;0.52;253.73;5.13;829;34;2270.00;36
5789;34;625015492;5789;239;6614;6650;8.66;0.53;253.72;5.13;825;34;2271.00;36
5794;34;625015512;5794;237;6614;6650;8.67;0.53;253.81;5.13;820;34;2272.00;36
5799;34;625015524;5799;233;6614;6650;8.69;0.53;253.82;5.13;815;34;2273.00;36
5802;34;625015536;5802;231;6614;6651;8.73;0.53;253.75;5.13;812;34;2274.00;37
5805;34;625015555;5805;228;6614;6651;8.74;0.53;253.73;5.13;809;34;2275.00;37
5808;34;625015568;5808;235;6618;6657;8.78;0.53;253.73;5.13;810;34;2276.00;39
5811;34;625015580;5811;226;6620;6658;8.86;0.54;253.76;5.13;809;34;2277.00;38
5815;34;625015594;5815;218;6620;6658;8.81;0.54;253.75;5.13;805;34;2278.00;38
5817;34;625015606;5817;211;6620;6658;8.87;0.54;253.73;5.13;803;34;2279.00;38
5821;34;625015620;5821;215;6624;6663;8.86;0.54;253.82;5.13;803;34;2280.00;39
5823;34;625015633;5823;206;6624;6663;8.95;0.54;253.86;5.13;801;34;2281.00;39
5826;34;625015645;5826;198;6624;6663;9.01;0.55;253.83;5.13;798;34;2282.00;39
5828;34;625015656;5828;199;6625;6664;9.10;0.55;253.82;5.13;797;34;2283.00;39
5830;34;625015667;5830;201;6628;6668;9.18;0.56;253.86;5.13;798;34;2284.00;40
5832;34;625015679;5832;203;6628;6668;9.26;0.56;254.00;5.13;796;34;2285.00;40
5834;34;625015690;5834;200;6630;6671;9.28;0.56;253.97;5.12;796;34;2286.00;41
5838;34;625015703;5838;192;6630;6671;9.24;0.56;253.99;5.12;792;34;2287.00;41
5839;34;625015721;5839;188;6631;6671;9.20;0.56;253.95;5.12;792;34;2288.00;40
5842;34;625015733;5842;189;6631;6671;9.15;0.56;253.95;5.12;789;34;2289.00;40
5844;34;625015744;5844;189;6634;6675;9.10;0.55;253.93;5.12;790;34;2290.00;41
5845;34;625015756;5845;187;6634;6675;9.09;0.55;253.92;5.12;789;34;2291.00;41
5847;34;625015766;5847;192;6636;6675;9.03;0.55;253.90;5.17;789;34;2292.00;39
5849;34;625015784;5849;186;6636;6675;9.00;0.55;253.91;5.17;787;34;2293.00;39
5850;34;625015795;5850;190;6636;6676;8.92;0.54;253.89;5.17;786;34;2294.00;40
5850;34;625015804;5850;192;6638;6678;8.85;0.54;253.89;5.17;788;34;2295.00;40
5850;34;625015815;5850;198;6638;6678;8.74;0.53;253.89;5.17;788;34;2296.00;40
5851;34;625015826;5851;201;6639;6679;8.72;0.53;253.87;5.17;788;34;2297.00;40
5854;34;625015837;5854;204;6639;6679;8.60;0.52;253.88;5.17;785;34;2298.00;40
5856;34;625015848;5856;206;6639;6679;8.45;0.51;253.92;5.17;783;34;2299.00;40
5859;34;625015858;5859;206;6639;6679;8.42;0.51;253.90;5.17;780;34;2300.00;40
5859;34;625015872;5859;208;6639;6679;8.45;0.51;253.90;5.17;780;34;2301.00;40
5862;34;625015883;5862;201;6639;6679;8.40;0.51;253.89;5.17;777;34;2302.00;40
5866;34;625015893;5866;202;6639;6679;8.43;0.51;253.86;5.17;773;34;2303.00;40
5868;34;625015903;5868;230;6709;6806;8.36;0.52;253.87;5.12;841;34;2304.00;97
5869;34;625015924;5869;210;6709;6807;8.32;0.51;253.85;5.12;840;34;2305.00;98
5872;34;625015935;5872;192;6718;6807;8.41;0.52;253.84;5.11;846;34;2306.00;89
5874;34;625015947;5874;188;6719;6807;8.39;0.52;253.87;5.11;845;34;2307.00;88
5875;34;625015957;5875;182;6725;6807;8.53;0.53;253.86;5.11;850;34;2308.00;82
5877;34;625015968;5877;181;6729;6807;8.62;0.53;253.96;5.11;852;34;2309.00;78
5880;34;625015980;5880;183;6735;6807;8.66;0.53;253.99;5.11;855;34;2310.00;72
5882;34;625015990;5882;178;6737;6807;8.66;0.53;254.04;5.11;855;34;2311.00;70
5886;34;625016011;5886;178;6741;6808;8.63;0.53;253.97;5.11;855;34;2312.00;67
5889;34;625016022;5889;176;6746;6809;8.65;0.53;253.97;5.12;857;34;2313.00;63
5892;34;625016032;5892;181;6750;6809;8.67;0.53;253.95;5.18;858;34;2314.00;59
5894;34;625016048;5894;185;6753;6810;8.72;0.54;253.98;5.20;859;34;2315.00;57
5895;34;625016059;5895;187;6755;6810;8.66;0.53;253.97;5.20;860;34;2316.00;55
5897;34;625016069;5897;190;6756;6810;8.63;0.53;253.94;5.20;859;34;2317.00;54
5902;34;625016079;5902;189;6757;6810;8.46;0.52;253.88;5.20;855;34;2318.00;53
5904;34;625016089;5904;193;6760;6814;8.36;0.51;253.84;5.20;856;34;2319.00;54
5906;34;625016100;5906;199;6762;6814;8.29;0.51;253.82;5.20;856;34;2320.00;52
5909;34;625016110;5909;198;6764;6814;8.22;0.50;253.72;5.25;855;34;2321.00;50
5910;34;625016121;5910;201;6767;6817;8.16;0.50;253.75;5.25;857;34;2322.00;50
5913;34;625016132;5913;202;6767;6817;8.06;0.49;253.69;5.25;854;34;2323.00;50
5914;34;625016142;5914;210;6769;6817;7.98;0.49;253.69;5.30;855;34;2324.00;48
5915;34;625016152;5915;217;6772;6821;7.91;0.48;253.65;5.30;857;34;2325.00;49
5918;34;625016163;5918;219;6774;6822;7.89;0.48;253.59;5.30;856;34;2326.00;48
5919;35;625016173;5919;221;6776;6822;7.81;0.48;253.56;5.34;857;35;2327.00;46
5922;35;625016199;5922;221;6779;6826;7.77;0.48;253.52;5.34;857;35;2328.00;47
5922;35;625016209;5922;233;6779;6826;7.78;0.48;253.52;5.34;857;35;2329.00;47
5926;35;625016220;5926;230;6779;6826;7.67;0.47;253.46;5.34;853;35;2330.00;47
5929;35;625016230;5929;233;6780;6827;7.69;0.47;253.39;5.34;851;35;2331.00;47
5930;35;625016241;5930;245;6780;6827;7.67;0.47;253.40;5.34;850;35;2332.00;47
5933;35;625016251;5933;250;6784;6833;7.74;0.47;253.33;5.34;851;35;2333.00;49
5935;35;625016263;5935;256;6784;6833;7.75;0.47;253.33;5.34;849;35;2334.00;49
5935;35;625016273;5935;258;6785;6834;7.78;0.47;253.33;5.34;850;35;2335.00;49
5938;35;625016289;5938;261;6785;6834;7.73;0.47;253.25;5.34;847;35;2336.00;49
5940;35;625016305;5940;268;6786;6834;7.67;0.47;253.31;5.35;846;35;2337.00;48
5943;35;625016315;5943;270;6786;6834;7.65;0.46;253.33;5.35;843;35;2338.00;48
5944;35;625016325;5944;277;6787;6834;7.62;0.46;253.31;5.36;843;35;2339.00;47
5946;35;625016337;5946;286;6809;6870;7.66;0.47;253.26;5.36;863;35;2340.00;61
5948;35;625016351;5948;287;6810;6870;7.62;0.47;253.27;5.36;862;35;2341.00;60
5948;35;625016361;5948;293;6814;6870;7.61;0.47;253.27;5.38;866;35;2342.00;56
5949;35;625016371;5949;299;6818;6870;7.54;0.46;253.25;5.39;869;35;2343.00;52
5951;35;625016387;5951;302;6819;6870;7.49;0.46;253.25;5.40;868;35;2344.00;51
5951;35;625016397;5951;310;6820;6870;7.49;0.46;253.25;5.40;869;35;2345.00;50
5953;35;625016407;5953;316;6824;6874;7.40;0.45;253.23;5.41;871;35;2346.00;50
5958;35;625016418;5958;305;6826;6874;7.35;0.45;253.14;5.43;868;35;2347.00;48
5960;35;625016429;5960;302;6828;6878;7.42;0.45;253.12;5.43;868;35;2348.00;50
5961;35;625016440;5961;299;6831;6879;7.44;0.45;253.10;5.44;870;35;2349.00;48
5962;35;625016450;5962;293;6833;6879;7.47;0.46;253.10;5.45;871;35;2350.00;46
5962;35;625016461;5962;287;6835;6879;7.44;0.45;253.10;5.46;873;35;2351.00;44
5962;36;625016477;5962;286;6846;6892;7.40;0.45;253.10;5.46;884;36;2352.00;46
5964;36;625016499;5964;283;6848;6892;7.35;0.45;253.05;5.47;884;36;2353.00;44
5968;36;625016509;5968;284;6849;6892;7.30;0.44;253.01;5.48;881;36;2354.00;43
5968;36;625016520;5968;284;6851;6893;7.39;0.45;253.01;5.49;883;36;2355.00;42
5970;36;625016529;5970;284;6852;6894;7.40;0.45;252.97;5.50;882;36;2356.00;42
5971;36;625016546;5971;294;6853;6894;7.44;0.45;252.95;5.50;882;36;2357.00;41
5972;36;625016556;5972;294;6856;6897;7.53;0.46;252.91;5.51;884;36;2358.00;41
5972;36;625016577;5972;291;6857;6897;7.59;0.46;252.91;5.51;885;36;2359.00;40
5972;36;625016587;5972;286;6859;6897;7.62;0.46;252.91;5.52;887;36;2360.00;38
5975;36;625016597;5975;283;6859;6897;7.64;0.46;252.99;5.52;884;36;2361.00;38
5975;36;625016607;5975;281;6864;6903;7.63;0.46;252.99;5.53;889;36;2362.00;39
5977;36;625016618;5977;278;6864;6903;7.63;0.46;252.94;5.53;887;36;2363.00;39
5980;36;625016628;5980;281;6865;6903;7.61;0.46;252.94;5.53;885;36;2364.00;38
5981;36;625016639;5981;282;6868;6903;7.55;0.46;252.91;5.55;887;36;2365.00;35
5981;36;625016649;5981;287;6871;6907;7.54;0.46;252.91;5.55;890;36;2366.00;36
5981;36;625016660;5981;285;6874;6908;7.53;0.46;252.91;5.56;893;36;2367.00;34
5984;37;625016671;5984;293;6876;6908;7.56;0.46;252.86;5.57;892;37;2368.00;32
5986;37;625016693;5986;294;6877;6909;7.63;0.46;252.80;5.57;891;37;2369.00;32
5988;37;625016705;5988;296;6879;6909;7.64;0.46;252.84;5.58;891;37;2370.00;30
5989;37;625016716;5989;294;6879;6909;7.68;0.47;252.83;5.58;890;37;2371.00;30
5992;37;625016726;5992;292;6880;6909;7.63;0.46;252.83;5.59;888;37;2372.00;29
5996;37;625016735;5996;290;6881;6909;7.61;0.46;252.96;5.59;885;37;2373.00;28
5999;37;625016746;5999;291;6881;6909;7.61;0.46;252.96;5.59;882;37;2374.00;28
6003;37;625016756;6003;293;6883;6909;7.57;0.46;252.94;5.59;880;37;2375.00;26
6008;37;625016765;6008;299;6920;6979;7.62;0.47;253.01;5.56;912;37;2376.00;59
6011;37;625016781;6011;303;6921;6980;7.56;0.46;253.12;5.56;910;37;2377.00;59
6014;37;625016791;6014;299;6931;6980;7.51;0.46;253.12;5.56;917;37;2378.00;49
6017;37;625016801;6017;306;6934;6980;7.43;0.46;253.20;5.56;917;37;2379.00;46
6019;37;625016811;6019;297;6940;6980;7.39;0.45;253.31;5.56;921;37;2380.00;40
6024;37;625016821;6024;294;6945;6980;7.34;0.45;253.38;5.56;921;37;2381.00;35
6026;37;625016832;6026;288;6950;6980;7.36;0.45;253.42;5.56;924;37;2382.00;30
6032;37;625016842;6032;284;6955;6980;7.28;0.45;253.52;5.57;923;37;2383.00;25
6037;37;625016853;6037;284;6956;6981;7.32;0.45;253.67;5.57;919;37;2384.00;25
6043;37;625016863;6043;284;6958;6983;7.33;0.45;253.69;5.57;915;37;2385.00;25
6048;37;625016875;6048;291;6958;6983;7.35;0.45;253.83;5.57;910;37;2386.00;25
6050;37;625016886;6050;289;6962;6987;7.39;0.45;253.87;5.57;912;37;2387.00;25
6052;37;625016897;6052;288;6962;6987;7.43;0.46;253.94;5.57;910;37;2388.00;25
6058;37;625016908;6058;285;6964;6987;7.44;0.45;254.07;5.57;906;37;2389.00;23
6061;37;625016919;6061;288;6964;6987;7.53;0.46;254.16;5.57;903;37;2390.00;23
6065;37;625016935;6065;288;6968;6993;7.55;0.46;254.20;5.56;903;37;2391.00;25
6068;37;625016953;6068;293;6970;6993;7.59;0.47;254.30;5.61;902;37;2392.00;23
6075;37;625016972;6075;294;6970;6993;7.53;0.46;254.42;5.61;895;37;2393.00;23
6076;37;625016991;6076;301;6973;6996;7.65;0.47;254.49;5.60;897;37;2394.00;23
6084;37;625017008;6084;295;6973;6996;7.72;0.47;254.66;5.60;889;37;2395.00;23
6089;37;625017026;6089;292;6973;6996;7.78;0.48;254.67;5.60;884;37;2396.00;23
6093;37;625017040;6093;291;6973;6997;7.86;0.48;254.70;5.60;880;37;2397.00;24
6100;37;625017052;6100;287;6974;6998;7.87;0.48;254.73;5.60;874;37;2398.00;24
6107;37;625017065;6107;286;6974;6998;7.88;0.48;254.74;5.60;867;37;2399.00;24
6110;37;625017080;6110;284;6997;7057;7.89;0.48;254.76;5.58;887;37;2400.00;60
6117;37;625017104;6117;276;7000;7057;7.92;0.48;254.80;5.58;883;37;2401.00;57
6120;37;625017118;6120;270;7002;7057;8.06;0.49;254.85;5.58;882;37;2402.00;55
6125;37;625017131;6125;270;7003;7058;8.15;0.50;254.92;5.58;878;37;2403.00;55
6131;37;625017144;6131;271;7005;7058;8.18;0.50;255.02;5.58;874;37;2404.00;53
6136;37;625017156;6136;272;7008;7062;8.20;0.50;255.06;5.58;872;37;2405.00;54
6139;37;625017170;6139;273;7009;7062;8.22;0.50;255.10;5.58;870;37;2406.00;53
6143;37;625017182;6143;273;7014;7066;8.20;0.50;255.08;5.58;871;37;2407.00;52
6148;37;625017196;6148;276;7014;7066;8.23;0.50;255.08;5.58;866;37;2408.00;52
6152;37;625017209;6152;281;7015;7066;8.24;0.50;255.33;5.58;863;37;2409.00;51
6156;37;625017223;6156;281;7016;7066;8.24;0.50;255.42;5.58;860;37;2410.00;50
6158;37;625017235;6158;285;7016;7066;8.25;0.50;255.48;5.58;858;37;2411.00;50
6160;37;625017248;6160;288;7024;7078;8.32;0.51;255.54;5.57;864;37;2412.00;54
6163;37;625017264;6163;288;7026;7078;8.29;0.51;255.62;5.57;863;37;2413.00;52
6167;37;625017275;6167;292;7026;7078;8.28;0.51;255.75;5.57;859;37;2414.00;52
6172;37;625017288;6172;298;7027;7078;8.29;0.51;255.87;5.58;855;37;2415.00;51
6179;37;625017300;6179;303;7027;7078;8.24;0.50;255.81;5.58;848;37;2416.00;51
6184;37;625017313;6184;300;7027;7078;8.18;0.50;255.87;5.58;843;37;2417.00;51
6189;37;625017327;6189;304;7030;7079;8.07;0.49;255.91;5.58;841;37;2418.00;49
6192;37;625017340;6192;307;7030;7079;8.06;0.49;255.96;5.58;838;37;2419.00;49
6195;37;625017353;6195;314;7034;7085;8.01;0.49;256.05;5.58;839;37;2420.00;51
6197;37;625017366;6197;316;7035;7086;7.99;0.49;256.04;5.58;838;37;2421.00;51
6202;37;625017378;6202;323;7035;7086;7.87;0.48;256.09;5.58;833;37;2422.00;51
6207;37;625017390;6207;320;7035;7086;7.76;0.47;256.16;5.58;828;37;2423.00;51
6207;37;625017402;6207;327;7038;7090;7.75;0.47;256.16;5.58;831;37;2424.00;52
6212;37;625017414;6212;326;7039;7090;7.65;0.46;256.24;5.58;827;37;2425.00;51
6214;37;625017425;6214;327;7041;7090;7.65;0.46;256.26;5.59;827;37;2426.00;49
6219;37;625017436;6219;314;7042;7091;7.61;0.46;256.27;5.59;823;37;2427.00;49
6224;37;625017448;6224;310;7047;7095;7.59;0.46;256.34;5.59;823;38;2428.00;48
6226;37;625017472;6226;307;7047;7095;7.65;0.46;256.39;5.59;821;38;2429.00;48
6229;37;625017485;6229;300;7052;7101;7.71;0.47;256.44;5.62;823;38;2430.00;49
6233;37;625017498;6233;298;7053;7101;7.67;0.46;256.47;5.63;820;38;2431.00;48
6236;37;625017510;6236;299;7054;7101;7.69;0.47;256.56;5.63;818;38;2432.00;47
6239;37;625017521;6239;297;7055;7101;7.74;0.47;256.62;5.63;816;38;2433.00;46
6240;37;625017533;6240;295;7057;7105;7.82;0.47;256.63;5.62;817;38;2434.00;48
6241;37;625017545;6241;293;7058;7105;7.88;0.48;256.66;5.62;817;38;2435.00;47
6243;37;625017557;6243;273;7058;7105;7.92;0.48;256.63;5.62;815;38;2436.00;47
6244;37;625017569;6244;264;7060;7105;7.93;0.48;256.68;5.63;816;38;2437.00;45
6246;37;625017581;6246;251;7060;7106;7.97;0.48;256.67;5.63;814;38;2438.00;46
6248;37;625017593;6248;246;7062;7107;8.06;0.49;256.68;5.63;814;38;2439.00;45
6249;37;625017605;6249;237;7062;7107;8.13;0.49;256.67;5.63;813;38;2440.00;45
6252;37;625017617;6252;232;7063;7108;8.14;0.49;256.81;5.63;811;38;2441.00;45
6255;37;625017630;6255;222;7064;7108;8.12;0.49;256.87;5.63;809;38;2442.00;44
6259;37;625017643;6259;212;7064;7108;8.15;0.50;256.86;5.63;805;38;2443.00;44
6260;37;625017654;6260;211;7064;7108;8.23;0.50;256.89;5.63;804;38;2444.00;44
6264;37;625017665;6264;210;7064;7108;8.28;0.50;256.86;5.63;800;38;2445.00;44
6266;37;625017677;6266;210;7064;7108;8.34;0.51;256.86;5.63;798;38;2446.00;44
6267;37;625017689;6267;201;7065;7108;8.40;0.51;256.85;5.67;798;38;2447.00;43
6267;37;625017700;6267;209;7128;7235;8.69;0.54;256.85;5.63;861;38;2448.00;107
6269;37;625017726;6269;191;7131;7236;8.81;0.54;256.85;5.63;862;38;2449.00;105
6270;37;625017737;6270;188;7138;7236;8.98;0.55;256.84;5.62;868;38;2450.00;98
6274;37;625017750;6274;178;7141;7236;9.05;0.56;256.85;5.62;867;38;2451.00;95
6277;37;625017769;6277;173;7146;7236;9.13;0.56;256.90;5.62;869;38;2452.00;90
6280;37;625017782;6280;169;7147;7236;9.17;0.57;257.09;5.62;867;38;2453.00;89
6285;37;625017794;6285;168;7153;7236;9.24;0.57;257.10;5.67;868;38;2454.00;83
6286;37;625017806;6286;170;7157;7236;9.29;0.57;257.09;5.67;871;38;2455.00;79
6289;37;625017818;6289;173;7160;7237;9.32;0.57;257.16;5.67;871;38;2456.00;77
6290;37;625017837;6290;170;7162;7238;9.32;0.57;257.16;5.67;872;38;2457.00;76
6292;37;625017849;6292;176;7166;7238;9.24;0.57;257.13;5.72;874;38;2458.00;72
6296;37;625017860;6296;185;7168;7239;9.16;0.56;257.17;5.72;872;38;2459.00;71
6299;37;625017875;6299;190;7172;7239;9.14;0.56;257.13;5.73;873;38;2460.00;67
6300;37;625017889;6300;197;7174;7239;9.12;0.56;257.14;5.73;874;38;2461.00;65
6302;37;625017902;6302;207;7177;7239;9.02;0.55;257.08;5.73;875;38;2462.00;62
6304;38;625017914;6304;217;7180;7243;8.90;0.54;257.13;5.74;876;39;2463.00;63
6305;38;625017938;6305;222;7182;7243;8.84;0.54;257.15;5.74;877;39;2464.00;61
6306;38;625017955;6306;228;7185;7243;8.74;0.53;257.14;5.74;879;39;2465.00;58
6310;38;625017967;6310;238;7189;7246;8.69;0.53;257.06;5.76;879;39;2466.00;57
6311;38;625017980;6311;243;7193;7246;8.64;0.53;257.04;5.80;882;39;2467.00;53
6313;38;625017991;6313;250;7196;7246;8.53;0.52;257.01;5.80;883;39;2468.00;50
6317;38;625018008;6317;257;7201;7250;8.41;0.51;257.00;5.80;884;39;2469.00;49
6319;38;625018020;6319;253;7203;7251;8.32;0.51;256.97;5.84;884;39;2470.00;48
6321;38;625018031;6321;247;7203;7251;8.20;0.50;256.95;5.84;882;39;2471.00;48
6323;38;625018042;6323;252;7205;7255;8.12;0.50;256.90;5.89;882;39;2472.00;50
6327;38;625018053;6327;249;7206;7255;8.01;0.49;256.92;5.88;879;39;2473.00;49
6331;38;625018065;6331;244;7206;7255;7.86;0.48;256.90;5.88;875;39;2474.00;49
6332;38;625018075;6332;245;7209;7257;7.78;0.48;256.92;5.93;877;39;2475.00;48
6335;38;625018085;6335;249;7209;7257;7.70;0.47;256.86;5.93;874;39;2476.00;48
6336;38;625018096;6336;247;7214;7263;7.74;0.47;256.87;5.97;878;39;2477.00;49
6339;38;625018106;6339;247;7215;7263;7.66;0.47;256.84;5.97;876;39;2478.00;48
6341;38;625018117;6341;247;7216;7264;7.58;0.46;256.82;6.01;875;39;2479.00;48
6347;38;625018127;6347;246;7216;7264;7.48;0.46;256.78;6.01;869;39;2480.00;48
6350;38;625018137;6350;241;7216;7264;7.37;0.45;256.90;6.01;866;39;2481.00;48
6352;38;625018147;6352;234;7216;7264;7.28;0.44;256.86;6.01;864;39;2482.00;48
6353;38;625018157;6353;232;7217;7264;7.19;0.44;256.84;6.05;864;39;2483.00;47
6356;38;625018167;6356;225;7228;7276;7.13;0.44;256.78;6.09;872;39;2484.00;48
6361;38;625018178;6361;227;7231;7276;7.04;0.43;256.88;6.11;870;39;2485.00;45
6365;38;625018189;6365;226;7231;7276;6.99;0.42;256.84;6.11;866;39;2486.00;45
6367;38;625018198;6367;227;7232;7276;7.02;0.43;256.84;6.16;865;39;2487.00;44
6370;38;625018208;6370;236;7232;7276;7.00;0.42;256.80;6.16;862;39;2488.00;44
6374;38;625018217;6374;236;7232;7276;7.03;0.43;256.84;6.16;858;39;2489.00;44
6376;38;625018229;6376;242;7235;7280;7.11;0.43;256.83;6.15;859;39;2490.00;45
6376;38;625018239;6376;237;7236;7280;7.21;0.44;256.83;6.20;860;39;2491.00;44
6377;38;625018255;6377;238;7239;7284;7.29;0.44;256.80;6.20;862;39;2492.00;45
6378;38;625018265;6378;242;7241;7285;7.39;0.45;256.80;6.20;863;39;2493.00;44
6379;38;625018275;6379;243;7241;7285;7.42;0.45;256.79;6.20;862;39;2494.00;44
6379;38;625018285;6379;242;7241;7285;7.45;0.45;256.79;6.20;862;39;2495.00;44
6380;38;625018295;6380;244;7251;7298;7.46;0.45;256.78;6.20;871;39;2496.00;47
6382;38;625018306;6382;250;7251;7298;7.42;0.45;256.73;6.20;869;39;2497.00;47
6382;38;625018319;6382;251;7251;7298;7.41;0.45;256.73;6.20;869;39;2498.00;47
6385;38;625018329;6385;243;7252;7299;7.40;0.45;256.67;6.20;867;39;2499.00;47
6386;38;625018339;6386;239;7252;7300;7.45;0.45;256.63;6.20;866;39;2500.00;48
6387;38;625018354;6387;232;7252;7300;7.49;0.45;256.65;6.20;865;39;2501.00;48
6389;38;625018364;6389;230;7255;7303;7.54;0.46;256.60;6.21;866;39;2502.00;48
6393;38;625018375;6393;225;7256;7303;7.55;0.46;256.55;6.21;863;39;2503.00;47
6393;38;625018386;6393;225;7256;7303;7.65;0.46;256.55;6.21;863;39;2504.00;47
6393;38;625018397;6393;218;7256;7303;7.78;0.47;256.55;6.21;863;39;2505.00;47
6394;38;625018407;6394;212;7260;7309;7.89;0.48;256.56;6.21;866;39;2506.00;49
6396;38;625018418;6396;210;7260;7309;7.91;0.48;256.52;6.21;864;39;2507.00;49
6399;38;625018429;6399;208;7263;7309;7.92;0.48;256.55;6.23;864;39;2508.00;46
6399;38;625018440;6399;205;7263;7309;7.96;0.48;256.55;6.23;864;39;2509.00;46
6400;38;625018456;6400;206;7270;7313;7.99;0.48;256.53;6.27;870;39;2510.00;43
6401;38;625018467;6401;207;7271;7314;8.05;0.49;256.54;6.27;870;39;2511.00;43
6402;38;625018478;6402;208;7272;7314;8.09;0.49;256.52;6.28;870;39;2512.00;42
6402;38;625018488;6402;206;7274;7315;8.18;0.49;256.52;6.29;872;39;2513.00;41
6404;38;625018499;6404;206;7275;7315;8.27;0.50;256.48;6.29;871;39;2514.00;40
6405;38;625018509;6405;211;7275;7315;8.37;0.51;256.49;6.29;870;39;2515.00;40
6405;38;625018520;6405;211;7276;7315;8.42;0.51;256.49;6.29;871;39;2516.00;39
6406;38;625018530;6406;213;7279;7315;8.43;0.51;256.46;6.33;873;39;2517.00;36
6408;38;625018541;6408;213;7280;7315;8.48;0.51;256.47;6.34;872;39;2518.00;35
6410;38;625018552;6410;212;7283;7315;8.46;0.51;256.43;6.37;873;39;2519.00;32
6411;39;625018565;6411;222;7342;7440;8.61;0.53;256.41;6.34;931;40;2520.00;98
6412;39;625018597;6412;222;7346;7441;8.62;0.53;256.39;6.34;934;40;2521.00;95
6414;39;625018612;6414;226;7358;7441;8.66;0.53;256.34;6.35;944;40;2522.00;83
6415;39;625018633;6415;224;7362;7441;8.60;0.53;256.35;6.35;947;40;2523.00;79
6415;39;625018650;6415;228;7369;7441;8.51;0.52;256.35;6.36;954;40;2524.00;72
6418;39;625018667;6418;233;7373;7441;8.42;0.52;256.37;6.37;955;40;2525.00;68
6422;39;625018682;6422;230;7379;7441;8.33;0.51;256.42;6.37;957;40;2526.00;62
6425;39;625018698;6425;233;7385;7441;8.27;0.51;256.47;6.38;960;40;2527.00;56
6428;39;625018717;6428;239;7391;7442;8.14;0.50;256.47;6.38;963;40;2528.00;51
6433;39;625018729;6433;243;7393;7443;8.07;0.49;256.52;6.39;960;40;2529.00;50
6435;39;625018742;6435;240;7397;7443;8.00;0.49;256.49;6.40;962;40;2530.00;46
6438;39;625018757;6438;238;7402;7447;7.92;0.49;256.53;6.39;964;40;2531.00;45
6440;39;625018778;6440;237;7405;7447;7.89;0.48;256.54;6.41;965;40;2532.00;42
6443;39;625018794;6443;238;7407;7447;7.85;0.48;256.48;6.41;964;40;2533.00;40
6446;39;625018807;6446;239;7408;7447;7.85;0.48;256.50;6.42;962;40;2534.00;39
6449;39;625018819;6449;244;7412;7453;7.85;0.48;256.48;6.41;963;40;2535.00;41
6451;39;625018833;6451;242;7414;7453;7.82;0.48;256.52;6.41;963;40;2536.00;39
6453;39;625018846;6453;249;7416;7455;7.75;0.47;256.55;6.42;963;40;2537.00;39
6454;39;625018859;6454;249;7419;7458;7.73;0.47;256.57;6.42;965;40;2538.00;39
6456;39;625018872;6456;255;7420;7458;7.67;0.47;256.66;6.43;964;40;2539.00;38
6459;39;625018884;6459;264;7421;7458;7.65;0.47;256.72;6.43;962;40;2540.00;37
6463;39;625018897;6463;268;7421;7459;7.61;0.46;256.72;6.43;958;40;2541.00;38
6465;39;625018908;6465;271;7423;7460;7.52;0.46;256.81;6.44;958;40;2542.00;37
6469;39;625018922;6469;277;7425;7460;7.40;0.45;256.90;6.45;956;40;2543.00;35
6470;39;625018938;6470;291;7436;7473;7.35;0.45;256.95;6.44;966;40;2544.00;37
6475;39;625018964;6475;292;7438;7473;7.28;0.45;257.01;6.45;963;40;2545.00;35
6479;39;625018984;6479;296;7439;7473;7.22;0.44;257.00;6.45;960;40;2546.00;34
6482;39;625019003;6482;302;7441;7474;7.15;0.44;257.05;6.45;959;40;2547.00;33
6486;39;625019020;6486;308;7443;7474;7.05;0.43;257.16;6.46;957;40;2548.00;31
6489;39;625019040;6489;313;7446;7478;7.01;0.43;257.15;6.45;957;40;2549.00;32
6494;39;625019056;6494;307;7450;7481;6.95;0.43;257.28;6.45;956;40;2550.00;31
6498;39;625019069;6498;300;7454;7485;6.84;0.42;257.33;6.46;956;40;2551.00;31
6501;39;625019083;6501;294;7454;7485;6.81;0.42;257.34;6.46;953;40;2552.00;31
6504;39;625019095;6504;285;7455;7485;6.79;0.42;257.38;6.46;951;40;2553.00;30
6507;39;625019108;6507;282;7456;7485;6.80;0.42;257.42;6.46;949;40;2554.00;29
6512;39;625019121;6512;279;7456;7485;6.78;0.42;257.45;6.46;944;40;2555.00;29
6515;39;625019134;6515;274;7467;7497;6.86;0.42;257.50;6.45;952;40;2556.00;30
6519;39;625019149;6519;275;7467;7497;6.87;0.42;257.64;6.45;948;40;2557.00;30
6523;39;625019162;6523;268;7467;7497;6.97;0.43;257.66;6.45;944;40;2558.00;30
6526;39;625019176;6526;267;7467;7497;7.07;0.43;257.75;6.45;941;40;2559.00;30
6531;39;625019195;6531;268;7467;7497;7.11;0.44;257.81;6.45;936;40;2560.00;30
6534;39;625019220;6534;259;7467;7497;7.18;0.44;257.97;6.45;933;40;2561.00;30
6540;39;625019235;6540;261;7467;7498;7.18;0.44;258.14;6.45;927;40;2562.00;31
6545;39;625019256;6545;259;7467;7498;7.21;0.44;258.20;6.45;922;40;2563.00;31
6547;39;625019273;6547;260;7471;7504;7.41;0.46;258.22;6.45;924;40;2564.00;33
6553;39;625019287;6553;258;7474;7506;7.51;0.46;258.37;6.44;921;40;2565.00;32
6557;39;625019300;6557;261;7474;7506;7.57;0.47;258.38;6.44;917;40;2566.00;32
6561;39;625019312;6561;248;7474;7506;7.64;0.47;258.47;6.44;913;40;2567.00;32
6566;39;625019325;6566;248;7477;7510;7.71;0.48;258.55;6.44;911;40;2568.00;33
6569;39;625019338;6569;250;7477;7510;7.78;0.48;258.51;6.44;908;40;2569.00;33
6574;39;625019351;6574;246;7477;7510;7.83;0.48;258.57;6.44;903;40;2570.00;33
6581;39;625019364;6581;244;7478;7511;7.85;0.49;258.74;6.44;897;40;2571.00;33
6584;39;625019378;6584;244;7481;7515;7.96;0.49;258.71;6.44;897;40;2572.00;34
6591;39;625019392;6591;244;7481;7515;8.05;0.50;258.78;6.44;890;40;2573.00;34
6596;39;625019406;6596;235;7483;7518;8.17;0.50;258.77;6.44;887;40;2574.00;35
6598;39;625019419;6598;228;7484;7518;8.25;0.51;258.78;6.44;886;40;2575.00;34
6604;39;625019433;6604;228;7484;7518;8.30;0.51;258.74;6.44;880;40;2576.00;34
6607;39;625019446;6607;225;7484;7518;8.36;0.51;258.77;6.44;877;40;2577.00;34
6613;39;625019459;6613;223;7488;7522;8.39;0.51;258.81;6.49;875;40;2578.00;34
6618;39;625019473;6618;228;7488;7522;8.36;0.51;258.93;6.49;870;40;2579.00;34
6624;39;625019487;6624;230;7489;7522;8.37;0.51;258.97;6.49;865;40;2580.00;33
6629;39;625019500;6629;231;7489;7522;8.38;0.51;259.14;6.49;860;40;2581.00;33
6637;39;625019513;6637;235;7489;7523;8.41;0.51;259.28;6.49;852;40;2582.00;34
6640;39;625019525;6640;239;7490;7524;8.44;0.52;259.34;6.49;850;40;2583.00;34
6642;39;625019538;6642;236;7490;7524;8.45;0.52;259.40;6.49;848;40;2584.00;34
6647;39;625019551;6647;238;7491;7525;8.35;0.51;259.48;6.49;844;40;2585.00;34
6653;39;625019564;6653;245;7491;7525;8.33;0.51;259.47;6.49;838;40;2586.00;34
6658;39;625019576;6658;251;7491;7525;8.30;0.51;259.50;6.49;833;40;2587.00;34
6663;39;625019589;6663;254;7491;7525;8.31;0.51;259.49;6.49;828;40;2588.00;34
6665;39;625019601;6665;254;7491;7525;8.30;0.51;259.51;6.49;826;40;2589.00;34
6674;39;625019614;6674;263;7491;7525;8.16;0.50;259.46;6.49;817;40;2590.00;34
6676;39;625019630;6676;262;7491;7525;8.02;0.49;259.53;6.49;815;40;2591.00;34
6679;39;625019643;6679;283;7559;7652;8.06;0.50;259.67;6.43;880;40;2592.00;93
6685;39;625019666;6685;276;7562;7653;7.92;0.49;259.62;6.43;877;40;2593.00;91
6690;39;625019679;6690;276;7569;7653;7.89;0.49;259.65;6.42;879;40;2594.00;84
6691;39;625019692;6691;292;7573;7653;7.85;0.48;259.66;6.42;882;40;2595.00;80
6695;39;625019706;6695;296;7578;7653;7.85;0.48;259.72;6.42;883;40;2596.00;75
6698;39;625019719;6698;287;7582;7653;7.85;0.48;259.74;6.42;884;40;2597.00;71
6701;39;625019732;6701;281;7587;7653;7.87;0.48;259.77;6.42;886;40;2598.00;66
6704;39;625019746;6704;281;7591;7653;7.85;0.48;259.82;6.42;887;40;2599.00;62
6707;39;625019760;6707;279;7595;7654;7.81;0.48;259.82;6.42;888;40;2600.00;59
6709;39;625019785;6709;276;7598;7655;7.79;0.48;259.82;6.42;889;40;2601.00;57
6711;39;625019800;6711;279;7599;7655;7.84;0.48;259.85;6.42;888;40;2602.00;56
6713;39;625019815;6713;276;7602;7656;7.82;0.48;259.88;6.42;889;40;2603.00;54
6714;39;625019828;6714;283;7604;7656;7.87;0.48;259.94;6.42;890;40;2604.00;52
6716;39;625019842;6716;288;7604;7656;7.86;0.49;260.04;6.42;888;40;2605.00;52
6722;39;625019863;6722;280;7607;7656;7.89;0.49;260.04;6.43;885;40;2606.00;49
6726;39;625019878;6726;268;7609;7660;7.92;0.49;260.01;6.43;883;40;2607.00;51
6730;39;625019899;6730;263;7611;7660;7.95;0.49;260.00;6.43;881;40;2608.00;49
6733;39;625019913;6733;259;7612;7660;7.97;0.49;260.01;6.43;879;40;2609.00;48
6734;39;625019930;6734;255;7615;7666;7.98;0.49;260.05;6.43;881;40;2610.00;51
6737;39;625019944;6737;250;7616;7666;7.98;0.49;260.04;6.43;879;40;2611.00;50
6739;39;625019959;6739;247;7617;7666;8.00;0.49;260.05;6.43;878;40;2612.00;49
6741;39;625019974;6741;251;7620;7670;8.06;0.49;260.02;6.42;879;40;2613.00;50
6742;40;625019994;6742;251;7622;7671;8.12;0.49;260.03;6.42;880;41;2614.00;49
6744;40;625020027;6744;255;7622;7671;8.17;0.50;260.08;6.42;878;41;2615.00;49
6745;40;625020048;6745;251;7626;7675;8.20;0.50;260.13;6.42;881;41;2616.00;49
6745;40;625020064;6745;246;7627;7675;8.25;0.50;260.13;6.42;882;41;2617.00;48
6747;40;625020079;6747;239;7627;7675;8.32;0.51;260.13;6.42;880;41;2618.00;48
6749;40;625020095;6749;238;7629;7676;8.38;0.51;260.12;6.42;880;41;2619.00;47
6750;40;625020111;6750;240;7629;7676;8.38;0.51;260.17;6.42;879;41;2620.00;47
6753;40;625020124;6753;238;7633;7682;8.41;0.51;260.32;6.42;880;41;2621.00;49
6754;40;625020139;6754;239;7633;7682;8.47;0.52;260.32;6.42;879;41;2622.00;49
6758;40;625020151;6758;242;7634;7683;8.51;0.52;260.31;6.42;876;41;2623.00;49
6760;40;625020166;6760;245;7634;7683;8.50;0.52;260.39;6.42;874;41;2624.00;49
6760;40;625020178;6760;241;7634;7683;8.54;0.52;260.39;6.42;874;41;2625.00;49
6761;40;625020190;6761;243;7634;7683;8.50;0.52;260.36;6.42;873;41;2626.00;49
6763;40;625020202;6763;246;7634;7683;8.41;0.51;260.35;6.42;871;41;2627.00;49
6764;40;625020215;6764;250;7644;7695;8.39;0.51;260.32;6.41;880;41;2628.00;51
6767;40;625020230;6767;257;7645;7695;8.36;0.51;260.34;6.41;878;41;2629.00;50
6769;40;625020242;6769;261;7645;7695;8.31;0.51;260.32;6.41;876;41;2630.00;50
6771;40;625020253;6771;266;7645;7695;8.32;0.51;260.29;6.41;874;41;2631.00;50
6773;40;625020265;6773;274;7645;7695;8.26;0.50;260.28;6.41;872;41;2632.00;50
6774;40;625020276;6774;280;7645;7695;8.26;0.50;260.31;6.41;871;41;2633.00;50
6775;40;625020287;6775;281;7648;7699;8.19;0.50;260.31;6.41;873;41;2634.00;51
6777;40;625020299;6777;286;7648;7699;8.13;0.49;260.27;6.41;871;41;2635.00;51
6782;40;625020314;6782;287;7651;7703;8.05;0.49;260.27;6.40;869;41;2636.00;52
6785;40;625020329;6785;288;7652;7704;7.97;0.48;260.25;6.40;867;41;2637.00;52
6788;40;625020341;6788;293;7653;7704;7.94;0.48;260.21;6.40;865;41;2638.00;51
6790;40;625020352;6790;296;7653;7704;7.81;0.47;260.17;6.40;863;41;2639.00;51
6793;40;625020365;6793;300;7673;7733;7.68;0.47;260.16;6.39;880;41;2640.00;60
6795;40;625020379;6795;294;7675;7733;7.60;0.46;260.16;6.39;880;41;2641.00;58
6796;40;625020390;6796;291;7677;7733;7.55;0.46;260.13;6.38;881;41;2642.00;56
6797;40;625020401;6797;294;7679;7734;7.53;0.46;260.14;6.38;882;41;2643.00;55
6798;40;625020411;6798;292;7679;7735;7.48;0.45;260.16;6.38;881;41;2644.00;56
6804;40;625020422;6804;300;7679;7735;7.41;0.45;260.29;6.38;875;41;2645.00;56
6806;40;625020433;6806;298;7682;7738;7.37;0.45;260.33;6.38;876;41;2646.00;56
6808;40;625020445;6808;296;7682;7738;7.29;0.44;260.35;6.38;874;41;2647.00;56
6810;40;625020456;6810;298;7682;7738;7.22;0.44;260.38;6.38;872;41;2648.00;56
6813;40;625020466;6813;300;7682;7738;7.13;0.43;260.38;6.38;869;41;2649.00;56
6814;40;625020477;6814;299;7686;7744;7.10;0.43;260.40;6.38;872;41;2650.00;58
6815;40;625020489;6815;286;7686;7744;7.06;0.43;260.39;6.38;871;41;2651.00;58
6816;40;625020500;6816;274;7687;7744;7.07;0.43;260.38;6.38;871;41;2652.00;57
6818;40;625020510;6818;259;7687;7744;7.04;0.43;260.40;6.38;869;41;2653.00;57
6819;40;625020521;6819;251;7691;7748;7.04;0.43;260.38;6.39;872;41;2654.00;57
6821;40;625020533;6821;247;7694;7750;7.05;0.43;260.40;6.40;873;41;2655.00;56
6823;40;625020544;6823;238;7694;7750;7.08;0.43;260.39;6.40;871;41;2656.00;56
6824;40;625020554;6824;234;7695;7751;7.17;0.44;260.42;6.40;871;41;2657.00;56
6829;40;625020570;6829;225;7695;7751;7.22;0.44;260.43;6.40;866;41;2658.00;56
6833;40;625020581;6833;224;7695;7751;7.25;0.44;260.38;6.40;862;41;2659.00;56
6834;40;625020592;6834;215;7695;7751;7.28;0.44;260.35;6.40;861;41;2660.00;56
6837;40;625020609;6837;214;7695;7751;7.34;0.44;260.40;6.40;858;41;2661.00;56
6838;40;625020619;6838;204;7695;7751;7.47;0.45;260.37;6.40;857;41;2662.00;56
6839;40;625020631;6839;197;7695;7751;7.53;0.46;260.33;6.40;856;41;2663.00;56
6839;40;625020642;6839;202;7734;7821;7.83;0.48;260.33;6.38;895;41;2664.00;87
6841;40;625020658;6841;191;7736;7822;7.89;0.48;260.28;6.38;895;41;2665.00;86
6844;40;625020672;6844;188;7742;7822;7.96;0.48;260.25;6.38;898;41;2666.00;80
6846;40;625020685;6846;191;7747;7822;7.98;0.48;260.34;6.38;901;41;2667.00;75
6848;40;625020701;6848;189;7751;7822;8.08;0.49;260.30;6.37;903;41;2668.00;71
6850;40;625020716;6850;193;7755;7822;8.17;0.50;260.29;6.37;905;41;2669.00;67
6850;40;625020742;6850;199;7759;7822;8.18;0.50;260.29;6.37;909;41;2670.00;63
6853;40;625020754;6853;197;7760;7822;8.21;0.50;260.25;6.37;907;41;2671.00;62
6853;40;625020771;6853;191;7762;7823;8.27;0.50;260.25;6.37;909;41;2672.00;61
6855;40;625020783;6855;190;7763;7824;8.23;0.50;260.23;6.37;908;41;2673.00;61
6858;40;625020794;6858;197;7764;7824;8.21;0.50;260.25;6.37;906;41;2674.00;60
6861;40;625020806;6861;201;7767;7828;8.19;0.50;260.28;6.37;906;41;2675.00;61
6864;40;625020819;6864;202;7767;7828;8.18;0.50;260.32;6.37;903;41;2676.00;61
6865;40;625020831;6865;203;7768;7828;8.18;0.50;260.33;6.38;903;41;2677.00;60
6867;40;625020845;6867;201;7768;7828;8.22;0.50;260.34;6.38;901;41;2678.00;60
6869;40;625020858;6869;203;7772;7834;8.27;0.50;260.36;6.38;903;41;2679.00;62
6872;40;625020872;6872;214;7774;7834;8.30;0.51;260.37;6.39;902;41;2680.00;60
6874;40;625020887;6874;218;7775;7834;8.25;0.50;260.38;6.41;901;41;2681.00;59
6876;40;625020899;6876;222;7779;7837;8.24;0.50;260.39;6.42;903;41;2682.00;58
6878;40;625020915;6878;217;7779;7837;8.21;0.50;260.40;6.42;901;41;2683.00;58
6885;40;625020935;6885;221;7781;7837;8.16;0.50;260.39;6.45;896;41;2684.00;56
6886;40;625020955;6886;226;7781;7838;8.22;0.50;260.39;6.45;895;41;2685.00;57
6889;40;625020971;6889;227;7782;7839;8.27;0.50;260.37;6.44;893;41;2686.00;57
6892;40;625020999;6892;222;7784;7839;8.30;0.50;260.43;6.47;892;41;2687.00;55
6894;40;625021017;6894;224;7795;7852;8.30;0.50;260.47;6.46;901;41;2688.00;57
6897;40;625021035;6897;223;7797;7852;8.31;0.50;260.51;6.48;900;41;2689.00;55
6898;40;625021049;6898;228;7797;7852;8.29;0.50;260.54;6.48;899;41;2690.00;55
6904;40;625021065;6904;235;7799;7853;8.29;0.50;260.61;6.48;895;41;2691.00;54
6905;40;625021080;6905;239;7801;7853;8.32;0.51;260.66;6.50;896;41;2692.00;52
6907;40;625021095;6907;234;7804;7857;8.40;0.51;260.68;6.50;897;41;2693.00;53
6913;40;625021109;6913;236;7805;7857;8.42;0.51;260.78;6.51;892;41;2694.00;52
6916;40;625021122;6916;233;7810;7861;8.44;0.51;260.78;6.51;894;41;2695.00;51
6920;40;625021135;6920;239;7810;7861;8.40;0.51;260.86;6.51;890;41;2696.00;51
6923;40;625021148;6923;241;7811;7861;8.37;0.51;260.85;6.51;888;41;2697.00;50
6926;40;625021160;6926;240;7812;7861;8.29;0.50;260.90;6.52;886;41;2698.00;49
6930;40;625021173;6930;236;7812;7861;8.18;0.50;260.98;6.52;882;41;2699.00;49
6931;40;625021189;6931;237;7836;7910;8.23;0.50;261.04;6.52;905;41;2700.00;74
6934;40;625021211;6934;236;7838;7910;8.17;0.50;261.04;6.52;904;41;2701.00;72
6938;40;625021229;6938;237;7842;7910;8.12;0.50;261.09;6.53;904;41;2702.00;68
6939;40;625021243;6939;235;7844;7910;8.10;0.49;261.10;6.53;905;41;2703.00;66
6941;40;625021257;6941;241;7846;7910;8.03;0.49;261.13;6.53;905;41;2704.00;64
6944;40;625021273;6944;236;7846;7910;7.94;0.48;261.15;6.53;902;41;2705.00;64
6946;40;625021288;6946;233;7850;7911;7.90;0.48;261.25;6.55;904;41;2706.00;61
6949;41;625021301;6949;233;7851;7911;7.91;0.48;261.35;6.55;902;42;2707.00;60
6951;41;625021326;6951;232;7858;7917;7.97;0.49;261.37;6.59;907;42;2708.00;59
6954;41;625021340;6954;234;7859;7918;7.99;0.49;261.44;6.59;905;42;2709.00;59
6956;41;625021352;6956;241;7861;7918;7.95;0.48;261.51;6.59;905;42;2710.00;57
6959;41;625021365;6959;249;7862;7918;7.86;0.48;261.53;6.60;903;42;2711.00;56
6966;41;625021378;6966;254;7866;7922;7.71;0.47;261.55;6.59;900;42;2712.00;56
6969;41;625021396;6969;262;7867;7922;7.62;0.46;261.56;6.60;898;42;2713.00;55
6974;41;625021423;6974;264;7868;7922;7.56;0.46;261.60;6.60;894;42;2714.00;54
6976;41;625021434;6976;269;7870;7923;7.48;0.46;261.65;6.61;894;42;2715.00;53
6982;41;625021446;6982;271;7874;7927;7.38;0.45;261.63;6.62;892;42;2716.00;53
6987;41;625021459;6987;276;7874;7927;7.32;0.45;261.68;6.62;887;42;2717.00;53
6993;41;625021471;6993;278;7880;7930;7.26;0.44;261.73;6.64;887;42;2718.00;50
6998;41;625021482;6998;281;7881;7930;7.21;0.44;261.74;6.64;883;42;2719.00;49
7003;41;625021493;7003;268;7881;7930;7.14;0.44;261.78;6.64;878;42;2720.00;49
7004;41;625021508;7004;260;7882;7930;7.12;0.44;261.81;6.65;878;42;2721.00;48
7007;41;625021526;7007;257;7884;7934;7.16;0.44;261.85;6.65;877;42;2722.00;50
7010;41;625021538;7010;254;7887;7934;7.16;0.44;261.92;6.66;877;42;2723.00;47
7012;41;625021548;7012;253;7888;7934;7.18;0.44;261.98;6.67;876;42;2724.00;46
7017;41;625021559;7017;253;7890;7934;7.19;0.44;262.12;6.67;873;42;2725.00;44
7021;41;625021570;7021;247;7890;7935;7.21;0.44;262.13;6.67;869;42;2726.00;45
7026;41;625021581;7026;248;7891;7936;7.20;0.44;262.22;6.67;865;42;2727.00;45
7027;41;625021592;7027;240;7894;7936;7.23;0.44;262.25;6.68;867;42;2728.00;42
7031;41;625021603;7031;230;7896;7937;7.25;0.44;262.31;6.68;865;42;2729.00;41
7035;41;625021616;7035;225;7897;7937;7.30;0.44;262.41;6.69;862;42;2730.00;40
7037;41;625021627;7037;220;7898;7937;7.32;0.45;262.42;6.69;861;42;2731.00;39
7040;41;625021638;7040;223;7900;7937;7.34;0.45;262.52;6.69;860;42;2732.00;37
7046;41;625021650;7046;222;7901;7937;7.34;0.45;262.63;6.69;855;42;2733.00;36
7049;41;625021662;7049;223;7901;7937;7.48;0.46;262.59;6.69;852;42;2734.00;36
7053;41;625021675;7053;228;7902;7937;7.57;0.46;262.75;6.69;849;42;2735.00;35
7058;41;625021687;7058;247;7970;8064;7.86;0.49;262.79;6.64;912;42;2736.00;94
7062;41;625021711;7062;233;7975;8065;7.91;0.49;262.86;6.64;913;42;2737.00;90
7068;41;625021724;7068;232;7978;8065;7.93;0.49;262.87;6.64;910;42;2738.00;87
7071;41;625021737;7071;233;7982;8065;7.97;0.49;262.92;6.64;911;42;2739.00;83
7074;41;625021748;7074;239;7986;8065;8.07;0.50;262.98;6.63;912;42;2740.00;79
7081;41;625021760;7081;239;7988;8065;8.05;0.50;263.01;6.63;907;42;2741.00;77
7085;41;625021773;7085;239;7990;8065;8.00;0.50;263.02;6.63;905;42;2742.00;75
7087;41;625021784;7087;239;7993;8065;8.00;0.50;263.05;6.63;906;42;2743.00;72
7091;41;625021796;7091;238;7996;8066;7.96;0.49;263.12;6.63;905;42;2744.00;70
7096;41;625021808;7096;241;8004;8068;7.94;0.49;263.17;6.64;908;42;2745.00;64
7098;41;625021820;7098;249;8008;8068;7.94;0.49;263.18;6.64;910;42;2746.00;60
7103;41;625021833;7103;247;8010;8069;7.95;0.49;263.18;6.64;907;42;2747.00;59
7106;41;625021846;7106;252;8014;8069;7.98;0.49;263.22;6.64;908;42;2748.00;55
7113;41;625021858;7113;252;8017;8069;7.87;0.49;263.19;6.64;904;42;2749.00;52
7118;41;625021870;7118;253;8018;8069;7.84;0.49;263.17;6.64;900;42;2750.00;51
7122;41;625021882;7122;253;8023;8073;7.82;0.48;263.21;6.72;901;42;2751.00;50
7128;41;625021897;7128;254;8025;8073;7.82;0.48;263.33;6.72;897;42;2752.00;48
7133;41;625021909;7133;257;8026;8073;7.82;0.48;263.31;6.72;893;42;2753.00;47
7139;41;625021921;7139;262;8028;8076;7.81;0.48;263.22;6.72;889;42;2754.00;48
7145;41;625021936;7145;270;8029;8076;7.81;0.48;263.20;6.72;884;42;2755.00;47
7146;41;625021949;7146;274;8030;8076;7.83;0.49;263.18;6.72;884;42;2756.00;46
7156;41;625021961;7156;272;8034;8080;7.82;0.48;263.09;6.72;878;42;2757.00;46
7160;41;625021975;7160;272;8036;8081;7.79;0.48;263.07;6.72;876;42;2758.00;45
7164;41;625021987;7164;278;8037;8081;7.82;0.48;263.12;6.72;873;42;2759.00;44
7168;41;625022006;7168;281;8041;8086;7.78;0.48;263.19;6.72;873;42;2760.00;45
7173;41;625022018;7173;279;8041;8086;7.69;0.47;263.15;6.72;868;42;2761.00;45
7176;41;625022029;7176;289;8041;8086;7.66;0.47;263.17;6.72;865;42;2762.00;45
7180;41;625022040;7180;303;8042;8087;7.58;0.47;263.16;6.71;862;42;2763.00;45
7183;41;625022052;7183;313;8042;8087;7.50;0.46;263.21;6.71;859;42;2764.00;45
7187;41;625022067;7187;321;8046;8093;7.41;0.45;263.20;6.71;859;42;2765.00;47
7190;41;625022078;7190;330;8048;8093;7.29;0.45;263.26;6.78;858;42;2766.00;45
7191;41;625022089;7191;323;8048;8094;7.21;0.44;263.32;6.78;857;42;2767.00;46
7195;41;625022101;7195;317;8048;8094;7.15;0.44;263.35;6.78;853;42;2768.00;46
7196;41;625022111;7196;311;8049;8094;7.19;0.44;263.38;6.83;853;42;2769.00;45
7198;41;625022123;7198;314;8049;8094;7.21;0.44;263.36;6.83;851;42;2770.00;45
7202;41;625022134;7202;314;8049;8094;7.20;0.44;263.41;6.83;847;42;2771.00;45
7207;41;625022145;7207;309;8059;8106;7.30;0.45;263.40;6.88;852;42;2772.00;47
7211;41;625022157;7211;315;8059;8106;7.33;0.45;263.42;6.88;848;42;2773.00;47
7213;41;625022168;7213;311;8061;8106;7.35;0.45;263.42;6.88;848;42;2774.00;45
7214;41;625022179;7214;312;8062;8106;7.37;0.45;263.40;6.94;848;42;2775.00;44
7220;41;625022189;7220;298;8062;8106;7.37;0.45;263.44;6.94;842;42;2776.00;44
7221;41;625022207;7221;287;8062;8106;7.44;0.45;263.44;6.94;841;42;2777.00;44
7224;41;625022218;7224;279;8065;8110;7.53;0.46;263.47;6.93;841;42;2778.00;45
7225;41;625022229;7225;269;8066;8110;7.61;0.46;263.48;6.99;841;42;2779.00;44
7226;41;625022246;7226;264;8069;8114;7.69;0.47;263.50;6.98;843;42;2780.00;45
7227;41;625022263;7227;261;8071;8115;7.80;0.47;263.50;6.98;844;42;2781.00;44
7230;41;625022275;7230;257;8072;8115;7.85;0.48;263.55;7.03;842;42;2782.00;43
7232;41;625022286;7232;254;8072;8115;7.87;0.48;263.51;7.03;840;42;2783.00;43
7233;41;625022298;7233;263;8083;8128;8.00;0.49;263.49;7.02;850;42;2784.00;45
7238;41;625022310;7238;263;8083;8128;8.01;0.49;263.42;7.02;845;42;2785.00;45
7239;41;625022322;7239;265;8083;8128;8.04;0.49;263.39;7.02;844;42;2786.00;45
7240;41;625022333;7240;263;8084;8129;8.07;0.49;263.38;7.02;844;42;2787.00;45
7243;41;625022345;7243;261;8084;8130;8.01;0.49;263.36;7.02;841;42;2788.00;46
7244;41;625022356;7244;259;8084;8130;7.97;0.48;263.37;7.02;840;42;2789.00;46
7246;41;625022368;7246;268;8087;8136;7.91;0.48;263.35;7.02;841;42;2790.00;49
7248;41;625022379;7248;271;8089;8136;7.84;0.48;263.33;7.07;841;42;2791.00;47
7250;41;625022390;7250;275;8089;8136;7.71;0.47;263.29;7.07;839;42;2792.00;47
7252;41;625022401;7252;272;8090;8136;7.69;0.47;263.29;7.07;838;42;2793.00;46
7253;41;625022412;7253;274;8093;8142;7.68;0.47;263.29;7.06;840;42;2794.00;49
7256;41;625022423;7256;276;8094;8142;7.70;0.47;263.25;7.06;838;42;2795.00;48
7256;41;625022434;7256;290;8094;8142;7.71;0.47;263.25;7.06;838;42;2796.00;48
7257;41;625022444;7257;293;8095;8142;7.70;0.47;263.24;7.06;838;42;2797.00;47
7261;41;625022454;7261;300;8098;8146;7.62;0.46;263.22;7.06;837;42;2798.00;48
7265;41;625022471;7265;304;8100;8147;7.55;0.46;263.27;7.06;835;42;2799.00;47
7267;41;625022482;7267;311;8100;8147;7.40;0.45;263.24;7.06;833;42;2800.00;47
7269;41;625022496;7269;317;8101;8148;7.31;0.44;263.23;7.06;832;42;2801.00;47
7270;41;625022507;7270;322;8101;8148;7.19;0.44;263.24;7.06;831;42;2802.00;47
7271;42;625022517;7271;319;8101;8148;7.16;0.44;263.22;7.06;830;43;2803.00;47
7271;42;625022570;7271;311;8101;8148;7.16;0.44;263.22;7.06;830;43;2804.00;47
7272;42;625022594;7272;306;8101;8148;7.18;0.44;263.21;7.06;829;43;2805.00;47
7272;42;625022612;7272;298;8101;8148;7.20;0.44;263.21;7.06;829;43;2806.00;47
7273;42;625022630;7273;291;8102;8148;7.19;0.44;263.22;7.11;829;43;2807.00;46
7273;42;625022651;7273;306;8142;8218;7.21;0.44;263.22;7.07;869;43;2808.00;76
7273;42;625022671;7273;299;8142;8219;7.27;0.45;263.22;7.07;869;43;2809.00;77
7274;42;625022688;7274;281;8149;8219;7.46;0.46;263.21;7.07;875;43;2810.00;70
7276;42;625022701;7276;273;8151;8219;7.55;0.46;263.24;7.07;875;43;2811.00;68
7277;42;625022715;7277;264;8154;8219;7.64;0.47;263.23;7.07;877;43;2812.00;65
7278;42;625022730;7278;260;8157;8219;7.72;0.47;263.21;7.07;879;43;2813.00;62
7280;42;625022744;7280;261;8159;8219;7.83;0.48;263.20;7.07;879;43;2814.00;60
7282;42;625022757;7282;257;8162;8219;7.89;0.48;263.20;7.07;880;43;2815.00;57
7285;42;625022770;7285;257;8166;8220;7.98;0.49;263.21;7.07;881;43;2816.00;54
7287;42;625022788;7287;249;8170;8221;7.98;0.49;263.22;7.11;883;43;2817.00;51
7289;42;625022799;7289;252;8171;8221;7.99;0.49;263.21;7.11;882;43;2818.00;50
7292;42;625022813;7292;254;8174;8225;7.98;0.49;263.19;7.11;882;43;2819.00;51
7295;42;625022828;7295;248;8175;8225;7.98;0.49;263.17;7.15;880;43;2820.00;50
7298;42;625022844;7298;254;8175;8225;7.95;0.48;263.24;7.15;877;43;2821.00;50
7298;42;625022856;7298;251;8175;8225;7.92;0.48;263.24;7.15;877;43;2822.00;50
7301;42;625022867;7301;245;8178;8231;7.89;0.48;263.28;7.15;877;43;2823.00;53
7304;42;625022880;7304;248;8179;8231;7.84;0.48;263.31;7.15;875;43;2824.00;52
7308;42;625022893;7308;233;8182;8231;7.76;0.47;263.33;7.21;874;43;2825.00;49
7310;42;625022907;7310;223;8184;8234;7.75;0.47;263.33;7.21;874;43;2826.00;50
7311;42;625022920;7311;223;8184;8234;7.80;0.47;263.31;7.21;873;43;2827.00;50
7313;42;625022932;7313;220;8185;8234;7.84;0.48;263.30;7.21;872;43;2828.00;49
7317;42;625022949;7317;219;8185;8235;7.84;0.48;263.25;7.21;868;43;2829.00;50
7320;42;625022968;7320;211;8187;8236;7.90;0.48;263.32;7.24;867;43;2830.00;49
7322;42;625022989;7322;200;8188;8236;7.96;0.48;263.31;7.24;866;43;2831.00;48
7324;42;625023005;7324;206;8197;8249;8.02;0.49;263.41;7.24;873;43;2832.00;52
7327;42;625023024;7327;199;8198;8249;8.05;0.49;263.38;7.27;871;43;2833.00;51
7331;42;625023043;7331;197;8198;8249;8.07;0.49;263.32;7.27;867;43;2834.00;51
7334;42;625023059;7334;193;8200;8251;8.10;0.49;263.31;7.27;866;43;2835.00;51
7338;42;625023076;7338;191;8201;8251;8.15;0.49;263.38;7.31;863;43;2836.00;50
7341;42;625023091;7341;189;8203;8255;8.21;0.50;263.40;7.31;862;43;2837.00;52
7341;42;625023107;7341;192;8206;8255;8.32;0.50;263.40;7.31;865;43;2838.00;49
7345;42;625023123;7345;194;8209;8259;8.34;0.50;263.39;7.30;864;43;2839.00;50
7346;42;625023139;7346;197;8210;8259;8.40;0.51;263.39;7.34;864;43;2840.00;49
7350;42;625023153;7350;200;8211;8259;8.39;0.51;263.39;7.34;861;43;2841.00;48
7354;42;625023168;7354;198;8211;8259;8.43;0.51;263.44;7.34;857;43;2842.00;48
7357;42;625023183;7357;195;8211;8259;8.45;0.51;263.45;7.34;854;43;2843.00;48
7359;42;625023195;7359;200;8221;8271;8.55;0.52;263.43;7.33;862;43;2844.00;50
7363;42;625023214;7363;207;8222;8271;8.54;0.52;263.45;7.33;859;43;2845.00;49
7368;42;625023229;7368;213;8222;8271;8.45;0.51;263.48;7.33;854;43;2846.00;49
7368;42;625023242;7368;217;8222;8271;8.42;0.51;263.48;7.33;854;43;2847.00;49
7370;42;625023257;7370;217;8222;8271;8.43;0.51;263.52;7.33;852;43;2848.00;49
7372;42;625023272;7372;223;8224;8271;8.44;0.51;263.61;7.36;852;43;2849.00;47
7373;42;625023289;7373;222;8226;8274;8.47;0.51;263.67;7.36;853;43;2850.00;48
7375;42;625023305;7375;216;8226;8274;8.50;0.52;263.70;7.36;851;43;2851.00;48
7377;42;625023321;7377;213;8231;8280;8.57;0.52;263.78;7.37;854;43;2852.00;49
7379;42;625023336;7379;208;8234;8281;8.62;0.52;263.84;7.38;855;43;2853.00;47
7384;42;625023351;7384;202;8234;8281;8.66;0.52;263.89;7.38;850;43;2854.00;47
7389;42;625023371;7389;201;8236;8281;8.67;0.52;263.90;7.40;847;43;2855.00;45
7391;42;625023386;7391;198;8239;8285;8.76;0.53;263.95;7.40;848;43;2856.00;46
7394;42;625023404;7394;196;8241;8285;8.77;0.53;263.99;7.43;847;43;2857.00;44
7397;42;625023422;7397;198;8241;8285;8.77;0.53;264.06;7.43;844;43;2858.00;44
7398;42;625023438;7398;200;8244;8286;8.82;0.54;264.08;7.45;846;43;2859.00;42
7400;42;625023461;7400;201;8247;8290;8.80;0.54;264.10;7.45;847;43;2860.00;43
7402;42;625023477;7402;205;8247;8290;8.86;0.54;264.16;7.45;845;43;2861.00;43
7402;42;625023493;7402;203;8251;8293;8.92;0.54;264.16;7.47;849;43;2862.00;42
7405;42;625023508;7405;202;8251;8293;8.87;0.54;264.24;7.47;846;43;2863.00;42
7408;42;625023522;7408;205;8255;8295;8.81;0.54;264.28;7.49;847;43;2864.00;40
7410;42;625023536;7410;209;8256;8295;8.78;0.54;264.28;7.49;846;43;2865.00;39
7412;42;625023555;7412;213;8259;8299;8.76;0.53;264.26;7.48;847;43;2866.00;40
7415;42;625023573;7415;213;8262;8299;8.67;0.53;264.25;7.50;847;43;2867.00;37
7417;42;625023590;7417;220;8263;8299;8.56;0.52;264.32;7.51;846;43;2868.00;36
7418;42;625023604;7418;223;8264;8299;8.50;0.52;264.30;7.52;846;43;2869.00;35
7422;42;625023621;7422;222;8264;8300;8.40;0.51;264.41;7.52;842;43;2870.00;36
7424;42;625023638;7424;231;8267;8301;8.27;0.50;264.44;7.54;843;43;2871.00;34
7426;42;625023654;7426;227;8268;8301;8.24;0.50;264.42;7.55;842;43;2872.00;33
7429;42;625023667;7429;220;8270;8302;8.24;0.50;264.40;7.55;841;43;2873.00;32
7432;42;625023681;7432;222;8270;8302;8.24;0.50;264.44;7.55;838;43;2874.00;32
7433;42;625023696;7433;219;8272;8302;8.19;0.50;264.48;7.57;839;43;2875.00;30
7437;42;625023711;7437;219;8272;8302;8.14;0.49;264.42;7.57;835;43;2876.00;30
7439;42;625023723;7439;215;8274;8302;8.12;0.49;264.46;7.58;835;43;2877.00;28
7441;42;625023737;7441;212;8274;8302;8.19;0.50;264.51;7.58;833;43;2878.00;28
7444;42;625023750;7444;212;8274;8302;8.22;0.50;264.63;7.58;830;43;2879.00;28
7447;42;625023764;7447;250;8375;8532;8.19;0.51;264.72;7.50;928;43;2880.00;157
7451;42;625023801;7451;247;8380;8533;8.15;0.51;264.72;7.50;929;43;2881.00;153
7453;42;625023816;7453;236;8388;8533;8.13;0.51;264.76;7.50;935;43;2882.00;145
7457;42;625023830;7457;234;8397;8533;8.05;0.50;264.79;7.50;940;43;2883.00;136
7464;42;625023844;7464;234;8403;8533;8.03;0.50;264.76;7.50;939;43;2884.00;130
7466;42;625023859;7466;233;8410;8533;7.99;0.50;264.76;7.50;944;43;2885.00;123
7470;42;625023873;7470;238;8416;8533;7.98;0.50;264.79;7.50;946;43;2886.00;117
7475;42;625023891;7475;243;8422;8533;7.86;0.49;264.84;7.50;947;43;2887.00;111
7480;42;625023909;7480;250;8427;8534;7.79;0.48;264.84;7.50;947;43;2888.00;107
7486;42;625023926;7486;257;8432;8535;7.66;0.48;264.90;7.51;946;43;2889.00;103
7490;42;625023942;7490;255;8435;8535;7.60;0.47;264.97;7.51;945;43;2890.00;100
7494;42;625023956;7494;261;8441;8536;7.49;0.47;265.07;7.51;947;43;2891.00;95
7497;42;625023971;7497;264;8446;8536;7.42;0.46;265.04;7.52;949;43;2892.00;90
7501;42;625023986;7501;266;8448;8536;7.31;0.45;265.04;7.52;947;43;2893.00;88
7505;42;625023999;7505;274;8451;8536;7.20;0.45;265.12;7.52;946;43;2894.00;85
7509;42;625024013;7509;281;8456;8540;7.03;0.44;265.25;7.52;947;43;2895.00;84
7510;42;625024027;7510;289;8459;8540;6.94;0.43;265.28;7.52;949;43;2896.00;81
7515;42;625024040;7515;286;8463;8540;6.88;0.43;265.41;7.53;948;43;2897.00;77
7519;42;625024054;7519;278;8467;8543;6.88;0.42;265.46;7.53;948;43;2898.00;76
7521;42;625024068;7521;282;8470;8543;6.89;0.43;265.49;7.53;949;43;2899.00;73
7527;42;625024082;7527;276;8471;8543;6.94;0.43;265.45;7.54;944;43;2900.00;72
7530;42;625024099;7530;271;8476;8547;6.98;0.43;265.53;7.54;946;43;2901.00;71
7536;42;625024113;7536;280;8479;8548;7.01;0.43;265.69;7.54;943;43;2902.00;69
7541;42;625024129;7541;278;8482;8548;7.00;0.43;265.76;7.54;941;43;2903.00;66
7545;42;625024141;7545;279;8485;8552;7.04;0.43;265.80;7.54;940;43;2904.00;67
7552;42;625024155;7552;273;8488;8552;7.09;0.44;265.87;7.55;936;43;2905.00;64
7557;43;625024168;7557;273;8488;8552;7.10;0.44;265.87;7.55;931;44;2906.00;64
7559;43;625024198;7559;273;8492;8553;7.13;0.44;265.85;7.55;933;44;2907.00;61
7563;43;625024212;7563;274;8493;8553;7.09;0.44;265.89;7.56;930;44;2908.00;60
7566;43;625024228;7566;273;8498;8559;7.09;0.44;265.92;7.56;932;44;2909.00;61
7566;43;625024243;7566;278;8498;8559;7.10;0.44;265.92;7.56;932;44;2910.00;61
7569;43;625024255;7569;283;8500;8560;7.09;0.44;265.97;7.57;931;44;2911.00;60
7574;43;625024268;7574;291;8502;8560;7.08;0.44;266.06;7.57;928;44;2912.00;58
7577;43;625024282;7577;304;8504;8560;7.10;0.44;266.03;7.58;927;44;2913.00;56
7582;43;625024295;7582;307;8504;8560;7.07;0.43;266.03;7.58;922;44;2914.00;56
7586;43;625024315;7586;312;8507;8560;7.04;0.43;266.05;7.58;921;44;2915.00;53
7589;43;625024328;7589;308;8518;8572;7.06;0.43;266.03;7.58;929;44;2916.00;54
7592;43;625024342;7592;315;8519;8572;7.02;0.43;266.05;7.58;927;44;2917.00;53
7596;43;625024356;7596;325;8521;8572;6.93;0.43;266.12;7.59;925;44;2918.00;51
7599;43;625024369;7599;337;8522;8572;6.86;0.42;266.19;7.63;923;44;2919.00;50
7603;43;625024381;7603;345;8524;8572;6.78;0.42;266.22;7.64;921;44;2920.00;48
7610;43;625024394;7610;354;8526;8572;6.72;0.41;266.29;7.64;916;44;2921.00;46
7611;43;625024408;7611;365;8530;8576;6.76;0.42;266.30;7.64;919;44;2922.00;46
7615;43;625024422;7615;366;8531;8576;6.73;0.41;266.24;7.64;916;44;2923.00;45
7621;43;625024445;7621;373;8533;8580;6.67;0.41;266.32;7.64;912;44;2924.00;47
7624;43;625024461;7624;382;8536;8582;6.69;0.41;266.33;7.64;912;44;2925.00;46
7626;43;625024474;7626;389;8536;8582;6.68;0.41;266.36;7.64;910;44;2926.00;46
7628;43;625024487;7628;389;8537;8582;6.70;0.41;266.32;7.64;909;44;2927.00;45
7629;43;625024500;7629;389;8547;8595;6.85;0.42;266.32;7.63;918;44;2928.00;48
7631;43;625024513;7631;385;8548;8595;6.84;0.42;266.31;7.63;917;44;2929.00;47
7637;43;625024533;7637;390;8549;8595;6.80;0.42;266.36;7.63;912;44;2930.00;46
7641;43;625024547;7641;393;8550;8596;6.84;0.42;266.31;7.63;909;44;2931.00;46
7645;43;625024559;7645;395;8550;8597;6.80;0.42;266.31;7.63;905;44;2932.00;47
7647;43;625024571;7647;397;8550;8597;6.80;0.42;266.28;7.63;903;44;2933.00;47
7649;43;625024584;7649;396;8552;8600;6.77;0.41;266.25;7.63;903;44;2934.00;48
7651;43;625024597;7651;399;8552;8600;6.74;0.41;266.28;7.63;901;44;2935.00;48
7655;43;625024618;7655;409;8553;8600;6.66;0.41;266.19;7.63;898;44;2936.00;47
7658;43;625024632;7658;404;8553;8600;6.64;0.41;266.17;7.63;895;44;2937.00;47
7659;43;625024648;7659;400;8557;8606;6.62;0.41;266.14;7.62;898;44;2938.00;49
7662;43;625024662;7662;399;8557;8606;6.67;0.41;266.10;7.62;895;44;2939.00;49
7666;43;625024677;7666;391;8558;8606;6.72;0.41;266.04;7.62;892;44;2940.00;48
7667;43;625024690;7667;390;8559;8606;6.75;0.41;266.01;7.67;892;44;2941.00;47
7668;43;625024703;7668;387;8562;8610;6.80;0.41;266.01;7.67;894;44;2942.00;48
7671;43;625024716;7671;388;8563;8611;6.74;0.41;265.97;7.67;892;44;2943.00;48
7672;43;625024729;7672;393;8563;8611;6.73;0.41;265.94;7.67;891;44;2944.00;48
7674;43;625024740;7674;396;8565;8612;6.71;0.41;265.91;7.72;891;44;2945.00;47
7676;43;625024754;7676;387;8565;8612;6.70;0.41;265.89;7.72;889;44;2946.00;47
7679;43;625024774;7679;379;8565;8612;6.65;0.40;265.85;7.72;886;44;2947.00;47
7680;43;625024786;7680;369;8565;8612;6.71;0.41;265.83;7.72;885;44;2948.00;47
7683;43;625024800;7683;363;8566;8612;6.73;0.41;265.76;7.77;883;44;2949.00;46
7684;43;625024812;7684;364;8566;8612;6.83;0.42;265.75;7.77;882;44;2950.00;46
7686;43;625024833;7686;362;8566;8612;6.86;0.42;265.76;7.77;880;44;2951.00;46
7687;43;625024847;7687;363;8598;8682;7.10;0.43;265.75;7.74;911;44;2952.00;84
7689;43;625024866;7689;353;8599;8683;7.22;0.44;265.77;7.74;910;44;2953.00;84
7690;43;625024883;7690;348;8608;8683;7.39;0.45;265.76;7.73;918;44;2954.00;75
7691;43;625024896;7691;332;8610;8683;7.46;0.45;265.75;7.78;919;44;2955.00;73
7692;43;625024909;7692;321;8615;8683;7.58;0.46;265.74;7.78;923;44;2956.00;68
7692;43;625024922;7692;305;8616;8683;7.65;0.47;265.74;7.78;924;44;2957.00;67
7692;43;625024937;7692;300;8621;8683;7.76;0.47;265.74;7.78;929;44;2958.00;62
7696;43;625024961;7696;300;8622;8683;7.76;0.47;265.74;7.78;926;44;2959.00;61
7696;43;625024990;7696;301;8625;8684;7.85;0.48;265.74;7.78;929;44;2960.00;59
7696;43;625025011;7696;289;8627;8685;7.89;0.48;265.74;7.77;931;44;2961.00;58
7699;43;625025042;7699;293;8628;8685;7.87;0.48;265.68;7.77;929;44;2962.00;57
7699;43;625025062;7699;281;8631;8689;7.91;0.48;265.68;7.77;932;44;2963.00;58
7699;43;625025081;7699;281;8631;8689;7.99;0.49;265.68;7.77;932;44;2964.00;58
7701;43;625025098;7701;279;8631;8689;8.06;0.49;265.67;7.77;930;44;2965.00;58
7703;43;625025119;7703;282;8631;8689;8.10;0.49;265.77;7.77;928;44;2966.00;58
7703;43;625025135;7703;280;8634;8695;8.16;0.50;265.77;7.77;931;44;2967.00;61
7704;43;625025159;7704;276;8634;8695;8.13;0.49;265.76;7.77;930;44;2968.00;61
7704;43;625025185;7704;279;8635;8695;8.15;0.50;265.76;7.77;931;44;2969.00;60
7706;43;625025210;7706;282;8638;8701;8.15;0.49;265.76;7.77;932;44;2970.00;63
7706;43;625025228;7706;295;8639;8701;8.17;0.50;265.76;7.77;933;44;2971.00;62
7707;43;625025245;7707;298;8639;8701;8.14;0.49;265.76;7.77;932;44;2972.00;62
7708;43;625025273;7708;297;8640;8702;8.09;0.49;265.75;7.77;932;44;2973.00;62
7709;43;625025288;7709;307;8641;8703;8.13;0.49;265.72;7.76;932;44;2974.00;62
7710;43;625025307;7710;306;8642;8703;8.10;0.49;265.73;7.76;932;44;2975.00;61
7713;43;625025323;7713;310;8651;8716;8.16;0.49;265.74;7.81;938;44;2976.00;65
7715;43;625025341;7715;304;8652;8716;8.15;0.49;265.72;7.81;937;44;2977.00;64
7717;43;625025358;7717;310;8652;8716;8.12;0.49;265.71;7.81;935;44;2978.00;64
7720;43;625025375;7720;314;8653;8717;8.06;0.49;265.72;7.81;933;44;2979.00;64
7721;43;625025391;7721;309;8653;8717;8.05;0.49;265.77;7.81;932;44;2980.00;64
7726;43;625025407;7726;303;8655;8721;8.03;0.49;265.87;7.81;929;44;2981.00;66
7727;43;625025425;7727;305;8655;8721;8.00;0.49;265.90;7.81;928;44;2982.00;66
7730;43;625025447;7730;302;8659;8725;7.99;0.49;265.94;7.80;929;44;2983.00;66
7735;43;625025464;7735;303;8659;8725;7.92;0.48;265.93;7.80;924;44;2984.00;66
7737;43;625025482;7737;299;8659;8725;7.88;0.48;265.94;7.80;922;44;2985.00;66
7739;43;625025499;7739;297;8659;8725;7.84;0.48;265.97;7.80;920;44;2986.00;66
7742;43;625025515;7742;296;8659;8725;7.83;0.48;266.05;7.80;917;44;2987.00;66
7746;43;625025528;7746;293;8669;8737;7.87;0.48;266.00;7.79;923;44;2988.00;68
7750;43;625025544;7750;284;8670;8737;7.85;0.48;266.06;7.80;920;44;2989.00;67
7754;43;625025560;7754;281;8671;8737;7.85;0.48;266.13;7.80;917;44;2990.00;66
7759;43;625025576;7759;279;8671;8737;7.79;0.48;266.12;7.80;912;44;2991.00;66
7761;43;625025590;7761;276;8671;8737;7.74;0.47;266.16;7.80;910;44;2992.00;66
7766;43;625025605;7766;269;8672;8737;7.68;0.47;266.18;7.80;906;44;2993.00;65
7768;43;625025620;7768;263;8674;8738;7.67;0.47;266.21;7.81;906;44;2994.00;64
7773;43;625025634;7773;256;8677;8738;7.60;0.46;266.19;7.89;904;44;2995.00;61
7775;43;625025650;7775;254;8680;8744;7.67;0.47;266.18;7.88;905;44;2996.00;64
7778;43;625025666;7778;244;8682;8745;7.73;0.47;266.16;7.88;904;44;2997.00;63
7782;43;625025681;7782;236;8683;8745;7.76;0.47;266.14;7.94;901;44;2998.00;62
7786;43;625025695;7786;229;8683;8745;7.81;0.48;266.12;7.94;897;44;2999.00;62
7788;43;625025721;7788;232;8687;8765;7.91;0.48;266.15;7.93;899;44;3000.00;78
7792;43;625025745;7792;226;8688;8765;7.98;0.48;266.14;7.93;896;44;3001.00;77
7794;43;625025760;7794;224;8689;8765;8.05;0.49;266.12;7.98;895;44;3002.00;76
7798;43;625025774;7798;215;8690;8766;8.17;0.50;266.11;7.98;892;44;3003.00;76
7803;43;625025789;7803;209;8693;8770;8.22;0.50;266.09;7.98;890;44;3004.00;77
7803;43;625025806;7803;211;8693;8770;8.34;0.51;266.09;7.98;890;44;3005.00;77
7809;43;625025822;7809;207;8698;8773;8.37;0.51;266.12;7.98;889;44;3006.00;75
7810;43;625025839;7810;199;8699;8773;8.42;0.51;266.10;7.98;889;44;3007.00;74
7811;43;625025854;7811;200;8699;8773;8.47;0.51;266.09;7.98;888;44;3008.00;74
7815;43;625025870;7815;196;8700;8773;8.56;0.52;266.12;7.99;885;44;3009.00;73
7816;43;625025887;7816;189;8703;8777;8.63;0.52;266.17;8.00;887;44;3010.00;74
7820;43;625025907;7820;183;8705;8777;8.77;0.53;266.13;8.00;885;44;3011.00;72
7823;43;625025930;7823;185;8709;8777;8.84;0.53;266.16;8.00;886;44;3012.00;68
7827;43;625025951;7827;184;8710;8777;8.92;0.54;266.30;8.00;883;44;3013.00;67
7830;43;625025970;7830;185;8712;8778;8.98;0.54;266.30;8.00;882;44;3014.00;66
7833;43;625025986;7833;181;8715;8780;9.03;0.55;266.38;8.00;882;44;3015.00;65
7835;43;625026001;7835;182;8716;8780;9.07;0.55;266.40;8.00;881;44;3016.00;64
7837;43;625026015;7837;184;8717;8781;9.11;0.55;266.39;8.00;880;44;3017.00;64
7841;43;625026031;7841;189;8719;8781;9.08;0.55;266.47;8.00;878;44;3018.00;62
7843;43;625026055;7843;188;8719;8781;9.09;0.55;266.45;8.00;876;44;3019.00;62
7845;43;625026070;7845;190;8719;8781;9.12;0.55;266.45;8.00;874;44;3020.00;62
7847;43;625026089;7847;189;8721;8781;9.09;0.55;266.46;8.03;874;44;3021.00;60
7849;43;625026107;7849;187;8721;8781;9.12;0.55;266.53;8.03;872;44;3022.00;60
7852;43;625026122;7852;184;8724;8781;9.19;0.56;266.60;8.06;872;44;3023.00;57
7855;43;625026135;7855;208;8788;8908;9.12;0.56;266.67;8.01;933;44;3024.00;120
7859;43;625026167;7859;202;8793;8909;9.12;0.56;266.73;8.02;934;44;3025.00;116
7862;43;625026189;7862;200;8799;8909;9.11;0.56;266.75;8.03;937;44;3026.00;110
7864;43;625026205;7864;202;8804;8909;9.12;0.56;266.76;8.04;940;44;3027.00;105
7866;43;625026223;7866;200;8806;8909;9.21;0.57;266.78;8.04;940;44;3028.00;103
7869;43;625026236;7869;197;8812;8909;9.18;0.56;266.84;8.06;943;44;3029.00;97
7873;43;625026249;7873;196;8815;8909;9.19;0.57;266.86;8.06;942;44;3030.00;94
7875;43;625026262;7875;204;8819;8909;9.20;0.57;266.86;8.08;944;44;3031.00;90
7879;43;625026280;7879;199;8822;8910;9.19;0.57;266.86;8.09;943;44;3032.00;88
7882;43;625026293;7882;199;8826;8911;9.24;0.57;266.93;8.10;944;44;3033.00;85
7884;43;625026311;7884;204;8830;8911;9.26;0.57;266.92;8.11;946;44;3034.00;81
7886;43;625026323;7886;209;8835;8912;9.24;0.57;266.92;8.12;949;44;3035.00;77
7889;43;625026336;7889;209;8840;8912;9.13;0.56;266.93;8.13;951;44;3036.00;72
7892;43;625026348;7892;213;8845;8912;9.05;0.56;266.99;8.14;953;44;3037.00;67
7894;43;625026361;7894;221;8849;8912;8.91;0.55;267.03;8.15;955;44;3038.00;63
7898;43;625026373;7898;227;8855;8916;8.84;0.54;267.02;8.16;957;44;3039.00;61
7904;43;625026386;7904;231;8858;8916;8.74;0.54;266.98;8.16;954;44;3040.00;58
7906;43;625026399;7906;235;8862;8916;8.65;0.53;267.01;8.18;956;44;3041.00;54
7912;43;625026411;7912;241;8865;8919;8.65;0.53;267.07;8.18;953;44;3042.00;54
7915;43;625026424;7915;247;8867;8919;8.60;0.53;267.11;8.19;952;44;3043.00;52
7917;43;625026436;7917;248;8868;8919;8.56;0.52;267.12;8.19;951;44;3044.00;51
7920;43;625026449;7920;257;8872;8923;8.47;0.52;267.16;8.19;952;44;3045.00;51
7921;43;625026462;7921;264;8875;8924;8.39;0.51;267.15;8.19;954;44;3046.00;49
7923;43;625026474;7923;267;8878;8924;8.34;0.51;267.15;8.20;955;44;3047.00;46
7925;43;625026486;7925;264;8883;8928;8.25;0.51;267.21;8.21;958;44;3048.00;45
7929;43;625026498;7929;267;8883;8928;8.12;0.50;267.16;8.21;954;44;3049.00;45
7931;43;625026516;7931;263;8884;8928;8.02;0.49;267.20;8.21;953;44;3050.00;44
7937;43;625026527;7937;265;8886;8929;7.87;0.48;267.24;8.22;949;44;3051.00;43
7939;43;625026539;7939;270;8886;8929;7.76;0.47;267.23;8.22;947;44;3052.00;43
7944;43;625026550;7944;273;8892;8935;7.67;0.47;267.25;8.22;948;44;3053.00;43
7947;43;625026562;7947;279;8892;8935;7.55;0.46;267.21;8.22;945;44;3054.00;43
7953;43;625026573;7953;283;8893;8936;7.37;0.45;267.22;8.22;940;44;3055.00;43
7956;43;625026585;7956;295;8894;8936;7.21;0.44;267.24;8.22;938;44;3056.00;42
7961;43;625026596;7961;305;8895;8936;7.03;0.43;267.35;8.22;934;44;3057.00;41
7965;43;625026606;7965;309;8896;8936;6.84;0.42;267.43;8.23;931;44;3058.00;40
7968;43;625026617;7968;320;8897;8936;6.66;0.41;267.44;8.23;929;44;3059.00;39
7972;43;625026628;7972;316;8922;8972;6.62;0.41;267.55;8.22;950;44;3060.00;50
7975;43;625026641;7975;313;8925;8972;6.54;0.40;267.55;8.22;950;44;3061.00;47
7979;43;625026651;7979;310;8927;8972;6.51;0.40;267.60;8.22;948;44;3062.00;45
7982;43;625026662;7982;311;8929;8972;6.45;0.40;267.69;8.22;947;44;3063.00;43
7984;43;625026671;7984;312;8930;8972;6.39;0.39;267.73;8.22;946;44;3064.00;42
7988;43;625026687;7988;322;8931;8972;6.32;0.39;267.74;8.22;943;44;3065.00;41
7991;43;625026703;7991;323;8935;8976;6.28;0.38;267.83;8.22;944;44;3066.00;41
7995;43;625026713;7995;320;8935;8976;6.24;0.38;267.94;8.22;940;44;3067.00;41
7998;43;625026724;7998;322;8938;8980;6.25;0.38;268.04;8.22;940;44;3068.00;42
8001;43;625026735;8001;317;8939;8981;6.25;0.38;268.08;8.22;938;44;3069.00;42
8003;43;625026745;8003;311;8940;8981;6.28;0.39;268.11;8.22;937;44;3070.00;41
8005;43;625026757;8005;303;8941;8981;6.25;0.39;268.14;8.22;936;44;3071.00;40
8008;44;625026767;8008;311;8953;8994;6.28;0.39;268.12;8.21;945;45;3072.00;41
8010;44;625026793;8010;311;8953;8994;6.30;0.39;268.13;8.21;943;45;3073.00;41
8013;44;625026804;8013;316;8953;8994;6.26;0.39;268.13;8.21;940;45;3074.00;41
8016;44;625026815;8016;316;8954;8995;6.26;0.39;268.13;8.20;938;45;3075.00;41
8019;44;625026825;8019;317;8954;8996;6.23;0.39;268.10;8.20;935;45;3076.00;42
8024;44;625026836;8024;320;8954;8996;6.21;0.38;268.07;8.20;930;45;3077.00;42
8027;44;625026847;8027;320;8956;8999;6.27;0.39;268.05;8.20;929;45;3078.00;43
8031;44;625026858;8031;325;8956;8999;6.27;0.39;267.98;8.20;925;45;3079.00;43
8036;44;625026868;8036;326;8957;8999;6.29;0.39;267.97;8.20;921;45;3080.00;42
8037;44;625026879;8037;334;8957;8999;6.30;0.39;267.94;8.20;920;45;3081.00;42
8042;44;625026890;8042;336;8961;9005;6.27;0.39;267.88;8.20;919;45;3082.00;44
8044;44;625026901;8044;345;8961;9005;6.23;0.39;267.85;8.20;917;45;3083.00;44
8051;44;625026912;8051;348;8962;9005;6.21;0.38;267.71;8.20;911;45;3084.00;43
8053;44;625026922;8053;356;8962;9005;6.25;0.39;267.66;8.20;909;45;3085.00;43
8056;44;625026933;8056;356;8965;9009;6.31;0.39;267.64;8.20;909;45;3086.00;44
8060;44;625026948;8060;356;8966;9010;6.29;0.39;267.74;8.20;906;45;3087.00;44
8064;44;625026967;8064;360;8966;9010;6.22;0.38;267.83;8.20;902;45;3088.00;44
8071;44;625026983;8071;362;8967;9011;6.08;0.37;267.79;8.19;896;45;3089.00;44
8075;44;625027002;8075;367;8967;9011;6.01;0.37;267.82;8.19;892;45;3090.00;44
8080;44;625027018;8080;370;8967;9011;5.93;0.36;267.83;8.19;887;45;3091.00;44
8085;44;625027034;8085;373;8967;9011;5.90;0.36;267.77;8.19;882;45;3092.00;44
8087;44;625027049;8087;381;8967;9011;5.93;0.36;267.72;8.19;880;45;3093.00;44
8092;44;625027061;8092;385;8967;9011;5.92;0.36;267.75;8.19;875;45;3094.00;44
8093;44;625027072;8093;390;8967;9011;5.96;0.36;267.78;8.19;874;45;3095.00;44
8096;44;625027084;8096;395;9007;9081;6.24;0.38;267.76;8.16;911;45;3096.00;74
8097;44;625027102;8097;387;9008;9082;6.26;0.38;267.77;8.16;911;45;3097.00;74
8100;44;625027114;8100;395;9016;9082;6.31;0.39;267.74;8.15;916;45;3098.00;66
8101;44;625027127;8101;396;9021;9082;6.43;0.39;267.75;8.15;920;45;3099.00;61
8106;44;625027140;8106;396;9025;9082;6.47;0.40;267.69;8.15;919;45;3100.00;57
8106;44;625027156;8106;404;9029;9082;6.53;0.40;267.69;8.15;923;45;3101.00;53
8110;44;625027172;8110;406;9030;9082;6.58;0.40;267.64;8.15;920;45;3102.00;52
8112;44;625027184;8112;407;9031;9082;6.59;0.40;267.67;8.15;919;45;3103.00;51
8113;44;625027197;8113;408;9033;9083;6.61;0.40;267.68;8.14;920;45;3104.00;50
8114;44;625027210;8114;414;9035;9085;6.57;0.40;267.70;8.14;921;45;3105.00;50
8116;44;625027223;8116;422;9036;9085;6.55;0.40;267.72;8.14;920;45;3106.00;49
8117;44;625027235;8117;407;9039;9089;6.51;0.40;267.72;8.14;922;45;3107.00;50
8119;44;625027248;8119;386;9039;9089;6.51;0.40;267.80;8.14;920;45;3108.00;50
8121;44;625027261;8121;379;9039;9089;6.58;0.40;267.77;8.14;918;45;3109.00;50
8127;44;625027273;8127;365;9039;9089;6.58;0.40;267.81;8.14;912;45;3110.00;50
8130;44;625027285;8130;355;9043;9095;6.67;0.41;267.82;8.14;913;45;3111.00;52
8132;44;625027298;8132;353;9044;9095;6.77;0.41;267.83;8.14;912;45;3112.00;51
8133;45;625027310;8133;346;9044;9095;6.84;0.42;267.92;8.14;911;46;3113.00;51
8134;45;625027337;8134;343;9047;9098;7.00;0.43;267.94;8.13;913;46;3114.00;51
8136;45;625027351;8136;339;9048;9098;7.09;0.43;267.94;8.19;912;46;3115.00;50
8137;45;625027364;8137;323;9048;9098;7.20;0.44;267.93;8.19;911;46;3116.00;50
8141;45;625027386;8141;309;9048;9099;7.30;0.45;267.88;8.19;907;46;3117.00;51
8142;45;625027399;8142;290;9049;9100;7.40;0.45;267.88;8.19;907;46;3118.00;51
8144;45;625027413;8144;282;9049;9100;7.51;0.46;267.87;8.19;905;46;3119.00;51
8145;45;625027427;8145;275;9069;9126;7.74;0.47;267.84;8.17;924;46;3120.00;57
8146;45;625027442;8146;262;9070;9126;7.82;0.48;267.83;8.17;924;46;3121.00;56
8150;45;625027464;8150;253;9071;9126;7.90;0.48;267.79;8.17;921;46;3122.00;55
8152;45;625027478;8152;255;9072;9127;7.97;0.49;267.78;8.17;920;46;3123.00;55
8154;45;625027492;8154;256;9072;9127;8.07;0.49;267.75;8.17;918;46;3124.00;55
8155;45;625027505;8155;259;9075;9131;8.17;0.50;267.73;8.17;920;46;3125.00;56
8156;45;625027526;8156;258;9075;9131;8.21;0.50;267.72;8.17;919;46;3126.00;56
8159;45;625027540;8159;246;9079;9135;8.22;0.50;267.71;8.16;920;46;3127.00;56
8162;45;625027555;8162;247;9079;9135;8.26;0.50;267.72;8.16;917;46;3128.00;56
8163;45;625027568;8163;247;9079;9135;8.30;0.50;267.70;8.16;916;46;3129.00;56
8166;45;625027582;8166;239;9079;9135;8.27;0.50;267.72;8.16;913;46;3130.00;56
8168;45;625027596;8168;238;9079;9135;8.26;0.50;267.74;8.16;911;46;3131.00;56
8170;45;625027608;8170;243;9089;9147;8.36;0.51;267.71;8.16;919;46;3132.00;58
8172;45;625027622;8172;240;9089;9147;8.46;0.51;267.80;8.16;917;46;3133.00;58
8177;45;625027636;8177;238;9090;9147;8.51;0.52;267.91;8.15;913;46;3134.00;57
8177;45;625027649;8177;241;9090;9147;8.54;0.52;267.91;8.15;913;46;3135.00;57
8180;45;625027661;8180;243;9090;9147;8.54;0.52;267.90;8.15;910;46;3136.00;57
8182;45;625027674;8182;241;9090;9147;8.60;0.52;267.90;8.15;908;46;3137.00;57
8185;45;625027687;8185;245;9090;9148;8.58;0.52;267.89;8.15;905;46;3138.00;58
8188;45;625027699;8188;248;9090;9148;8.57;0.52;267.98;8.15;902;46;3139.00;58
8192;45;625027712;8192;254;9094;9154;8.55;0.52;267.98;8.15;902;46;3140.00;60
8193;45;625027724;8193;256;9095;9155;8.57;0.52;267.97;8.15;902;46;3141.00;60
8195;45;625027737;8195;260;9096;9155;8.59;0.52;268.05;8.15;901;46;3142.00;59
8199;45;625027749;8199;261;9096;9155;8.54;0.52;268.13;8.15;897;46;3143.00;59
8202;45;625027761;8202;268;9099;9159;8.51;0.52;268.17;8.15;897;46;3144.00;60
8208;45;625027774;8208;271;9099;9159;8.36;0.51;268.21;8.15;891;46;3145.00;60
8210;45;625027786;8210;279;9099;9159;8.31;0.51;268.22;8.15;889;46;3146.00;60
8211;45;625027798;8211;283;9100;9160;8.26;0.50;268.22;8.15;889;46;3147.00;60
8217;45;625027810;8217;287;9103;9164;8.10;0.49;268.25;8.14;886;46;3148.00;61
8220;45;625027822;8220;298;9103;9164;8.02;0.49;268.23;8.14;883;46;3149.00;61
8221;45;625027836;8221;297;9106;9170;7.98;0.49;268.27;8.14;885;46;3150.00;64
8224;45;625027849;8224;293;9106;9170;7.97;0.49;268.32;8.14;882;46;3151.00;64
8228;45;625027861;8228;286;9107;9170;7.96;0.49;268.41;8.14;879;46;3152.00;63
8230;45;625027873;8230;284;9107;9170;8.03;0.49;268.40;8.14;877;46;3153.00;63
8236;45;625027885;8236;277;9110;9174;8.07;0.49;268.48;8.14;874;46;3154.00;64
8241;45;625027898;8241;276;9110;9174;8.04;0.49;268.60;8.14;869;46;3155.00;64
8244;45;625027910;8244;271;9111;9174;8.07;0.49;268.67;8.14;867;46;3156.00;63
8247;45;625027923;8247;261;9111;9174;8.15;0.50;268.71;8.14;864;46;3157.00;63
8251;45;625027936;8251;260;9112;9175;8.15;0.49;268.72;8.14;861;46;3158.00;63
8252;45;625027950;8252;259;9113;9176;8.22;0.50;268.72;8.14;861;46;3159.00;63
8256;45;625027963;8256;256;9114;9176;8.25;0.50;268.78;8.14;858;46;3160.00;62
8259;45;625027976;8259;249;9115;9177;8.30;0.50;268.76;8.14;856;46;3161.00;62
8263;45;625027989;8263;239;9115;9177;8.28;0.50;268.72;8.14;852;46;3162.00;62
8266;45;625028000;8266;233;9115;9177;8.29;0.50;268.76;8.14;849;46;3163.00;62
8268;45;625028013;8268;222;9116;9177;8.33;0.51;268.74;8.15;848;46;3164.00;61
8270;45;625028024;8270;215;9117;9177;8.32;0.50;268.75;8.17;847;46;3165.00;60
8272;45;625028036;8272;212;9117;9177;8.36;0.51;268.77;8.17;845;46;3166.00;60
8274;45;625028047;8274;210;9117;9177;8.42;0.51;268.75;8.17;843;46;3167.00;60
8280;45;625028057;8280;232;9181;9304;8.32;0.51;268.78;8.11;901;46;3168.00;123
8283;45;625028079;8283;215;9182;9305;8.32;0.51;268.82;8.11;899;46;3169.00;123
8288;45;625028091;8288;206;9190;9305;8.32;0.51;268.85;8.10;902;46;3170.00;115
8290;45;625028103;8290;200;9194;9305;8.38;0.51;268.81;8.10;904;46;3171.00;111
8294;45;625028114;8294;196;9198;9305;8.43;0.52;268.84;8.10;904;46;3172.00;107
8298;45;625028125;8298;195;9202;9305;8.49;0.52;268.89;8.15;904;46;3173.00;103
8302;45;625028137;8302;198;9208;9305;8.53;0.52;268.86;8.15;906;46;3174.00;97
8306;45;625028149;8306;199;9211;9305;8.60;0.52;268.90;8.15;905;46;3175.00;94
8309;45;625028160;8309;198;9215;9306;8.67;0.53;268.91;8.15;906;46;3176.00;91
8310;45;625028172;8310;193;9218;9307;8.84;0.54;268.89;8.15;908;46;3177.00;89
8312;45;625028184;8312;191;9221;9307;8.90;0.54;268.92;8.15;909;46;3178.00;86
8316;45;625028196;8316;193;9227;9308;8.93;0.54;269.01;8.15;911;46;3179.00;81
8316;45;625028211;8316;193;9229;9308;8.93;0.54;269.01;8.16;913;46;3180.00;79
8320;45;625028223;8320;195;9230;9308;8.89;0.54;269.02;8.16;910;46;3181.00;78
8323;45;625028234;8323;200;9232;9308;8.85;0.54;269.10;8.16;909;46;3182.00;76
8324;45;625028246;8324;198;9236;9312;8.83;0.54;269.09;8.16;912;46;3183.00;76
8328;45;625028258;8328;197;9237;9312;8.83;0.54;269.10;8.16;909;46;3184.00;75
8331;45;625028270;8331;206;9237;9312;8.78;0.53;269.13;8.16;906;46;3185.00;75
8333;45;625028288;8333;209;9241;9315;8.83;0.54;269.14;8.16;908;46;3186.00;74
8336;45;625028300;8336;211;9242;9315;8.79;0.53;269.17;8.17;906;46;3187.00;73
8337;45;625028313;8337;216;9243;9315;8.80;0.54;269.20;8.17;906;46;3188.00;72
8339;45;625028324;8339;219;9246;9319;8.81;0.54;269.24;8.17;907;46;3189.00;73
8341;45;625028337;8341;226;9250;9320;8.85;0.54;269.26;8.19;909;46;3190.00;70
8343;45;625028349;8343;235;9250;9322;8.91;0.54;269.31;8.19;907;46;3191.00;72
8346;45;625028362;8346;234;9255;9326;9.00;0.55;269.30;8.19;909;46;3192.00;71
8350;45;625028374;8350;235;9257;9326;9.03;0.55;269.31;8.22;907;46;3193.00;69
8352;45;625028386;8352;232;9258;9326;9.09;0.55;269.35;8.22;906;46;3194.00;68
8356;45;625028400;8356;233;9263;9328;9.11;0.56;269.44;8.24;907;46;3195.00;65
8358;45;625028412;8358;236;9263;9328;9.13;0.56;269.46;8.24;905;46;3196.00;65
8361;45;625028424;8361;241;9270;9334;9.12;0.56;269.54;8.26;909;46;3197.00;64
8362;45;625028443;8362;244;9270;9334;9.04;0.55;269.55;8.26;908;46;3198.00;64
8368;45;625028455;8368;249;9271;9335;8.90;0.54;269.63;8.26;903;46;3199.00;64
8369;45;625028471;8369;251;9272;9335;8.78;0.54;269.64;8.28;903;46;3200.00;63
8374;45;625028487;8374;254;9273;9335;8.70;0.53;269.67;8.28;899;46;3201.00;62
8376;45;625028498;8376;259;9274;9335;8.60;0.53;269.69;8.28;898;46;3202.00;61
8380;45;625028510;8380;262;9275;9335;8.52;0.52;269.78;8.29;895;46;3203.00;60
8383;45;625028522;8383;258;9285;9347;8.47;0.52;269.81;8.29;902;46;3204.00;62
8385;45;625028534;8385;256;9286;9347;8.38;0.51;269.84;8.29;901;46;3205.00;61
8388;45;625028545;8388;255;9288;9347;8.31;0.51;269.89;8.30;900;46;3206.00;59
8389;45;625028556;8389;258;9289;9347;8.30;0.51;269.91;8.30;900;46;3207.00;58
8392;45;625028567;8392;259;9290;9347;8.18;0.50;269.95;8.32;898;46;3208.00;57
8394;45;625028578;8394;255;9290;9347;8.16;0.50;269.96;8.32;896;46;3209.00;57
8396;45;625028590;8396;254;9293;9351;8.09;0.49;270.00;8.31;897;46;3210.00;58
8397;45;625028602;8397;253;9294;9351;8.05;0.49;270.00;8.33;897;46;3211.00;57
8400;45;625028613;8400;260;9297;9355;8.04;0.49;270.01;8.32;897;46;3212.00;58
8402;45;625028624;8402;252;9298;9356;8.06;0.49;270.07;8.32;896;46;3213.00;58
8406;45;625028635;8406;254;9299;9356;8.14;0.50;270.13;8.32;893;46;3214.00;57
8406;45;625028647;8406;257;9299;9356;8.16;0.50;270.13;8.32;893;46;3215.00;57
8409;45;625028663;8409;258;9315;9369;8.14;0.50;270.17;8.37;906;46;3216.00;54
8412;45;625028674;8412;257;9315;9369;8.18;0.50;270.14;8.37;903;46;3217.00;54
8412;45;625028685;8412;258;9317;9369;8.17;0.50;270.14;8.38;905;46;3218.00;52
8414;45;625028697;8414;265;9318;9370;8.17;0.50;270.14;8.38;904;46;3219.00;52
8417;45;625028711;8417;265;9322;9371;8.08;0.50;270.22;8.41;905;46;3220.00;49
8422;45;625028724;8422;269;9322;9371;8.01;0.49;270.22;8.41;900;46;3221.00;49
8424;45;625028735;8424;270;9325;9374;7.94;0.49;270.27;8.42;901;46;3222.00;49
8428;45;625028752;8428;272;9325;9374;7.85;0.48;270.33;8.42;897;46;3223.00;49
8430;45;625028762;8430;276;9326;9374;7.78;0.48;270.32;8.41;896;46;3224.00;48
8439;45;625028772;8439;283;9326;9374;7.62;0.47;270.26;8.41;887;46;3225.00;48
8446;45;625028783;8446;289;9334;9380;7.48;0.46;270.33;8.43;888;46;3226.00;46
8451;45;625028794;8451;293;9334;9380;7.36;0.45;270.32;8.43;883;46;3227.00;46
8455;45;625028803;8455;299;9337;9380;7.18;0.44;270.34;8.44;882;46;3228.00;43
8459;45;625028813;8459;303;9337;9380;6.98;0.43;270.34;8.44;878;46;3229.00;43
8461;45;625028822;8461;302;9340;9384;6.86;0.42;270.36;8.44;879;46;3230.00;44
8464;45;625028833;8464;301;9344;9385;6.73;0.41;270.38;8.45;880;46;3231.00;41
8467;45;625028843;8467;299;9344;9385;6.64;0.41;270.35;8.45;877;46;3232.00;41
8468;45;625028852;8468;294;9346;9386;6.60;0.41;270.37;8.45;878;46;3233.00;40
8469;45;625028861;8469;295;9346;9386;6.60;0.41;270.36;8.45;877;46;3234.00;40
8473;45;625028871;8473;290;9346;9386;6.59;0.40;270.36;8.45;873;46;3235.00;40
8478;45;625028881;8478;297;9348;9386;6.52;0.40;270.34;8.46;870;46;3236.00;38
8482;45;625028890;8482;303;9348;9386;6.47;0.40;270.31;8.46;866;46;3237.00;38
8484;45;625028900;8484;303;9348;9386;6.51;0.40;270.28;8.46;864;46;3238.00;38
8489;45;625028909;8489;305;9348;9386;6.50;0.40;270.25;8.46;859;46;3239.00;38
8493;45;625028920;8493;310;9401;9511;6.86;0.43;270.18;8.41;908;46;3240.00;110
8496;45;625028939;8496;305;9407;9512;6.90;0.43;270.17;8.47;911;46;3241.00;105
8499;45;625028955;8499;310;9417;9512;6.93;0.43;270.16;8.46;918;46;3242.00;95
8502;45;625028972;8502;314;9423;9512;6.90;0.42;270.10;8.46;921;46;3243.00;89
8505;45;625028987;8505;322;9429;9512;6.89;0.42;270.11;8.46;924;46;3244.00;83
8507;45;625029006;8507;325;9430;9512;6.86;0.42;270.07;8.46;923;46;3245.00;82
8510;45;625029021;8510;330;9435;9512;6.82;0.42;270.06;8.45;925;46;3246.00;77
8513;45;625029036;8513;335;9436;9512;6.77;0.42;270.07;8.45;923;46;3247.00;76
8518;45;625029053;8518;336;9442;9513;6.74;0.41;270.13;8.45;924;46;3248.00;71
8519;45;625029067;8519;346;9447;9514;6.76;0.42;270.13;8.45;928;46;3249.00;67
8524;45;625029078;8524;354;9451;9514;6.74;0.41;270.11;8.45;927;46;3250.00;63
8526;45;625029090;8526;353;9455;9518;6.72;0.41;270.10;8.45;929;46;3251.00;63
8529;45;625029102;8529;349;9457;9518;6.66;0.41;270.11;8.45;928;46;3252.00;61
8531;45;625029113;8531;353;9458;9518;6.57;0.40;270.12;8.45;927;46;3253.00;60
8535;45;625029125;8535;354;9458;9518;6.52;0.40;270.12;8.45;923;46;3254.00;60
8537;45;625029137;8537;351;9463;9524;6.46;0.40;270.10;8.45;926;46;3255.00;61
8540;45;625029150;8540;355;9464;9524;6.42;0.39;270.08;8.45;924;46;3256.00;60
8544;45;625029162;8544;361;9464;9524;6.35;0.39;270.09;8.45;920;46;3257.00;60
8548;45;625029173;8548;369;9467;9527;6.29;0.39;270.10;8.45;919;46;3258.00;60
8552;45;625029186;8552;358;9467;9527;6.32;0.39;270.10;8.45;915;46;3259.00;60
8555;45;625029197;8555;348;9467;9527;6.32;0.39;270.11;8.45;912;46;3260.00;60
8560;45;625029209;8560;342;9468;9528;6.32;0.39;270.16;8.51;908;46;3261.00;60
8563;45;625029221;8563;338;9469;9529;6.31;0.39;270.09;8.51;906;46;3262.00;60
8566;45;625029232;8566;340;9469;9529;6.34;0.39;270.13;8.51;903;46;3263.00;60
8567;45;625029243;8567;340;9480;9542;6.46;0.40;270.13;8.50;913;46;3264.00;62
8570;45;625029256;8570;333;9480;9542;6.53;0.40;270.13;8.50;910;46;3265.00;62
8570;45;625029281;8570;329;9480;9542;6.65;0.41;270.13;8.50;910;46;3266.00;62
8571;45;625029294;8571;328;9481;9543;6.74;0.41;270.13;8.50;910;46;3267.00;62
8574;45;625029305;8574;325;9481;9543;6.82;0.42;270.10;8.50;907;46;3268.00;62
8576;45;625029317;8576;327;9484;9547;6.87;0.42;270.10;8.49;908;46;3269.00;63
8579;45;625029337;8579;327;9484;9547;6.89;0.42;270.13;8.49;905;46;3270.00;63
8582;45;625029348;8582;327;9488;9551;6.94;0.43;270.17;8.49;906;46;3271.00;63
8586;45;625029360;8586;324;9488;9551;6.96;0.43;270.23;8.49;902;46;3272.00;63
8589;45;625029371;8589;323;9488;9551;6.93;0.42;270.23;8.49;899;46;3273.00;63
8590;45;625029384;8590;323;9488;9551;6.96;0.43;270.23;8.49;898;46;3274.00;63
8591;45;625029395;8591;328;9489;9551;6.90;0.42;270.21;8.55;898;46;3275.00;62
8594;45;625029407;8594;333;9499;9563;7.01;0.43;270.17;8.54;905;46;3276.00;64
8595;45;625029420;8595;323;9499;9563;7.03;0.43;270.14;8.54;904;46;3277.00;64
8597;45;625029432;8597;320;9500;9563;7.11;0.43;270.13;8.54;903;46;3278.00;63
8598;45;625029444;8598;319;9501;9563;7.18;0.44;270.14;8.60;903;46;3279.00;62
8601;45;625029456;8601;315;9501;9563;7.31;0.45;270.19;8.60;900;46;3280.00;62
8602;45;625029469;8602;315;9501;9563;7.39;0.45;270.19;8.60;899;46;3281.00;62
8604;45;625029483;8604;313;9502;9564;7.43;0.45;270.25;8.66;898;46;3282.00;62
8605;45;625029495;8605;316;9502;9564;7.45;0.46;270.25;8.66;897;46;3283.00;62
8611;45;625029514;8611;322;9506;9570;7.45;0.45;270.30;8.65;895;46;3284.00;64
8613;45;625029527;8613;319;9508;9572;7.49;0.46;270.31;8.65;895;46;3285.00;64
8615;45;625029540;8615;308;9509;9572;7.50;0.46;270.30;8.65;894;46;3286.00;63
8617;45;625029552;8617;299;9509;9572;7.46;0.45;270.31;8.65;892;46;3287.00;63
8618;45;625029565;8618;295;9512;9576;7.52;0.46;270.32;8.65;894;46;3288.00;64
8622;45;625029579;8622;293;9513;9576;7.48;0.46;270.40;8.71;891;46;3289.00;63
8624;45;625029593;8624;288;9513;9576;7.52;0.46;270.45;8.71;889;46;3290.00;63
8626;45;625029605;8626;282;9514;9577;7.52;0.46;270.50;8.71;888;46;3291.00;63
8629;45;625029618;8629;285;9517;9581;7.55;0.46;270.50;8.70;888;46;3292.00;64
8630;45;625029630;8630;283;9517;9581;7.57;0.46;270.53;8.70;887;46;3293.00;64
8634;45;625029642;8634;283;9519;9584;7.63;0.47;270.60;8.70;885;46;3294.00;65
8637;45;625029655;8637;289;9519;9584;7.73;0.47;270.69;8.70;882;46;3295.00;65
8637;45;625029667;8637;294;9520;9584;7.78;0.48;270.69;8.70;883;46;3296.00;64
8640;45;625029679;8640;294;9520;9584;7.78;0.48;270.72;8.70;880;46;3297.00;64
8644;45;625029691;8644;292;9523;9588;7.76;0.48;270.72;8.70;879;46;3298.00;65
8645;45;625029704;8645;284;9523;9588;7.80;0.48;270.73;8.70;878;46;3299.00;65
8652;45;625029722;8652;287;9527;9607;7.73;0.47;270.78;8.70;875;46;3300.00;80
8652;45;625029751;8652;280;9528;9607;7.80;0.48;270.78;8.69;876;46;3301.00;79
8655;45;625029768;8655;278;9528;9608;7.87;0.48;270.82;8.69;873;46;3302.00;80
8657;45;625029782;8657;273;9529;9609;7.93;0.48;270.81;8.69;872;46;3303.00;80
8660;45;625029793;8660;276;9529;9609;7.99;0.49;270.86;8.69;869;46;3304.00;80
8662;45;625029805;8662;276;9530;9610;8.02;0.49;270.87;8.69;868;46;3305.00;80
8665;45;625029818;8665;281;9532;9610;8.07;0.49;270.90;8.69;867;46;3306.00;78
8666;45;625029830;8666;281;9532;9610;8.12;0.50;270.89;8.69;866;46;3307.00;78
8669;45;625029841;8669;278;9532;9610;8.14;0.50;270.92;8.69;863;46;3308.00;78
8671;45;625029853;8671;287;9532;9610;8.14;0.50;270.91;8.69;861;46;3309.00;78
8677;45;625029864;8677;284;9532;9610;8.13;0.49;270.91;8.69;855;46;3310.00;78
8679;45;625029875;8679;288;9533;9610;8.10;0.49;270.91;8.69;854;46;3311.00;77
8684;45;625029887;8684;311;9601;9737;7.96;0.49;270.91;8.63;917;46;3312.00;136
8686;45;625029908;8686;303;9606;9738;7.90;0.49;270.92;8.68;920;46;3313.00;132
8689;45;625029921;8689;295;9609;9738;7.95;0.49;270.93;8.68;920;46;3314.00;129
8692;45;625029934;8692;293;9610;9738;7.96;0.49;270.94;8.68;918;46;3315.00;128
8694;45;625029946;8694;297;9613;9738;8.05;0.50;270.97;8.68;919;46;3316.00;125
8697;45;625029959;8697;292;9615;9738;8.10;0.50;271.01;8.68;918;46;3317.00;123
8699;45;625029971;8699;299;9618;9738;8.17;0.50;271.13;8.68;919;46;3318.00;120
8702;45;625029982;8702;300;9620;9738;8.25;0.51;271.16;8.68;918;46;3319.00;118
8705;45;625029995;8705;301;9622;9739;8.30;0.51;271.18;8.68;917;46;3320.00;117
8707;45;625030006;8707;295;9624;9740;8.31;0.51;271.15;8.68;917;46;3321.00;116
8712;45;625030019;8712;293;9627;9740;8.22;0.50;271.19;8.68;915;46;3322.00;113
8715;45;625030036;8715;287;9629;9741;8.18;0.50;271.18;8.68;914;46;3323.00;112
8718;45;625030048;8718;286;9632;9741;8.23;0.50;271.18;8.68;914;46;3324.00;109
8720;45;625030059;8720;284;9634;9741;8.26;0.51;271.26;8.68;914;46;3325.00;107
8722;45;625030077;8722;281;9636;9741;8.26;0.51;271.27;8.68;914;46;3326.00;105
8727;45;625030089;8727;279;9638;9745;8.29;0.51;271.30;8.68;911;46;3327.00;107
8730;45;625030101;8730;286;9642;9745;8.26;0.50;271.38;8.73;912;46;3328.00;103
8733;45;625030113;8733;280;9644;9745;8.18;0.50;271.38;8.73;911;46;3329.00;101
8736;45;625030126;8736;277;9648;9751;8.17;0.50;271.37;8.74;912;46;3330.00;103
8739;45;625030138;8739;268;9652;9751;8.12;0.49;271.41;8.79;913;46;3331.00;99
8740;45;625030150;8740;262;9653;9751;8.14;0.50;271.42;8.79;913;46;3332.00;98
8747;45;625030161;8747;260;9659;9755;8.06;0.49;271.48;8.79;912;46;3333.00;96
8750;45;625030173;8750;258;9660;9756;8.07;0.49;271.46;8.78;910;46;3334.00;96
8752;45;625030185;8752;256;9664;9756;8.03;0.49;271.47;8.85;912;46;3335.00;92
8756;45;625030198;8756;249;9667;9760;8.00;0.49;271.51;8.86;911;46;3336.00;93
8762;45;625030210;8762;245;9669;9760;7.97;0.48;271.52;8.90;907;46;3337.00;91
8767;45;625030221;8767;241;9670;9760;8.00;0.49;271.54;8.90;903;46;3338.00;90
8770;45;625030233;8770;242;9673;9761;8.06;0.49;271.51;8.95;903;46;3339.00;88
8774;45;625030246;8774;238;9674;9761;8.10;0.49;271.55;8.95;900;46;3340.00;87
8777;45;625030258;8777;230;9680;9767;8.16;0.49;271.58;9.01;903;46;3341.00;87
8779;45;625030271;8779;228;9682;9767;8.20;0.50;271.68;9.01;903;46;3342.00;85
8780;45;625030283;8780;226;9683;9768;8.33;0.50;271.68;9.01;903;46;3343.00;85
8783;45;625030295;8783;226;9685;9768;8.45;0.51;271.71;9.06;902;46;3344.00;83
8785;45;625030306;8785;227;9685;9768;8.52;0.52;271.75;9.06;900;46;3345.00;83
8788;46;625030319;8788;224;9686;9768;8.57;0.52;271.71;9.06;898;47;3346.00;82
8790;46;625030340;8790;224;9687;9768;8.59;0.52;271.72;9.11;897;47;3347.00;81
8792;46;625030352;8792;219;9698;9780;8.64;0.52;271.72;9.10;906;47;3348.00;82
8795;46;625030365;8795;221;9698;9780;8.64;0.52;271.74;9.10;903;47;3349.00;82
8797;46;625030377;8797;223;9701;9780;8.64;0.52;271.70;9.11;904;47;3350.00;79
8799;46;625030389;8799;219;9703;9780;8.71;0.53;271.77;9.11;904;47;3351.00;77
8801;46;625030400;8801;225;9707;9780;8.62;0.52;271.77;9.16;906;47;3352.00;73
8805;46;625030412;8805;223;9707;9780;8.54;0.52;271.76;9.16;902;47;3353.00;73
8808;46;625030424;8808;230;9711;9784;8.51;0.52;271.86;9.16;903;47;3354.00;73
8811;46;625030437;8811;232;9712;9784;8.52;0.52;271.86;9.16;901;47;3355.00;72
8814;46;625030454;8814;231;9716;9788;8.52;0.52;271.94;9.16;902;47;3356.00;72
8818;46;625030467;8818;235;9717;9789;8.56;0.52;271.96;9.15;899;47;3357.00;72
8820;46;625030479;8820;245;9717;9789;8.57;0.52;272.01;9.15;897;47;3358.00;72
8824;46;625030491;8824;250;9717;9789;8.55;0.52;272.02;9.15;893;47;3359.00;72
8828;46;625030504;8828;260;9736;9818;8.45;0.51;272.06;9.15;908;47;3360.00;82
8833;46;625030519;8833;259;9738;9818;8.46;0.51;272.08;9.16;905;47;3361.00;80
8834;46;625030531;8834;269;9741;9818;8.45;0.51;272.10;9.16;907;47;3362.00;77
8836;46;625030543;8836;275;9746;9819;8.48;0.51;272.13;9.18;910;47;3363.00;73
8841;46;625030554;8841;285;9747;9820;8.45;0.51;272.24;9.18;906;47;3364.00;73
8842;46;625030566;8842;295;9747;9820;8.46;0.51;272.24;9.18;905;47;3365.00;73
8845;46;625030578;8845;297;9752;9823;8.42;0.51;272.28;9.20;907;47;3366.00;71
8846;46;625030590;8846;303;9752;9823;8.38;0.51;272.32;9.20;906;47;3367.00;71
8847;46;625030602;8847;305;9754;9823;8.34;0.51;272.30;9.23;907;47;3368.00;69
8847;46;625030613;8847;310;9754;9823;8.28;0.50;272.30;9.23;907;47;3369.00;69
8848;46;625030625;8848;311;9760;9829;8.28;0.50;272.32;9.25;912;47;3370.00;69
8850;46;625030636;8850;312;9761;9829;8.21;0.50;272.35;9.25;911;47;3371.00;68
8852;46;625030649;8852;314;9763;9829;8.09;0.49;272.35;9.27;911;47;3372.00;66
8855;46;625030661;8855;318;9765;9829;7.97;0.49;272.33;9.29;910;47;3373.00;64
8857;46;625030672;8857;321;9768;9833;7.88;0.48;272.29;9.29;911;47;3374.00;65
8858;46;625030695;8858;331;9771;9835;7.77;0.47;272.27;9.30;913;47;3375.00;64
8859;46;625030706;8859;336;9772;9835;7.67;0.47;272.28;9.31;913;47;3376.00;63
8859;46;625030717;8859;345;9774;9836;7.60;0.46;272.28;9.32;915;47;3377.00;62
8859;46;625030728;8859;353;9775;9836;7.52;0.46;272.28;9.32;916;47;3378.00;61
8859;46;625030739;8859;349;9775;9836;7.48;0.46;272.28;9.32;916;47;3379.00;61
8862;46;625030750;8862;348;9776;9836;7.40;0.45;272.28;9.33;914;47;3380.00;60
8865;46;625030761;8865;343;9776;9836;7.33;0.45;272.21;9.33;911;47;3381.00;60
8866;46;625030772;8866;349;9778;9836;7.27;0.45;272.19;9.35;912;47;3382.00;58
8869;46;625030782;8869;346;9778;9836;7.20;0.44;272.13;9.35;909;47;3383.00;58
8870;46;625030793;8870;351;9811;9906;7.33;0.45;272.12;9.32;941;47;3384.00;95
8871;46;625030809;8871;357;9811;9907;7.28;0.45;272.09;9.32;940;47;3385.00;96
8871;46;625030820;8871;356;9825;9907;7.29;0.45;272.09;9.33;954;47;3386.00;82
8874;46;625030830;8874;358;9833;9907;7.29;0.45;272.04;9.33;959;47;3387.00;74
8880;46;625030841;8880;362;9838;9907;7.24;0.44;272.04;9.33;958;47;3388.00;69
8880;46;625030852;8880;364;9843;9907;7.23;0.44;272.04;9.33;963;47;3389.00;64
8881;46;625030864;8881;378;9846;9907;7.18;0.44;272.01;9.33;965;47;3390.00;61
8881;46;625030874;8881;381;9847;9907;7.04;0.43;272.01;9.33;966;47;3391.00;60
8888;46;625030884;8888;390;9849;9908;6.83;0.42;271.95;9.33;961;47;3392.00;59
8890;46;625030895;8890;393;9850;9909;6.70;0.41;271.93;9.33;960;47;3393.00;59
8892;46;625030906;8892;398;9856;9909;6.54;0.40;271.94;9.37;964;47;3394.00;53
8899;46;625030916;8899;401;9859;9913;6.39;0.39;271.89;9.37;960;47;3395.00;54
8904;46;625030928;8904;407;9861;9913;6.26;0.38;271.82;9.38;957;47;3396.00;52
8907;46;625030939;8907;414;9862;9913;6.12;0.38;271.81;9.39;955;47;3397.00;51
8910;46;625030952;8910;422;9862;9913;5.93;0.37;271.79;9.39;952;47;3398.00;51
8914;46;625030970;8914;428;9867;9919;5.78;0.36;271.80;9.39;953;47;3399.00;52
8917;46;625030987;8917;425;9868;9919;5.62;0.35;271.77;9.39;951;47;3400.00;51
8919;46;625031011;8919;420;9869;9919;5.53;0.34;271.79;9.39;950;47;3401.00;50
8922;46;625031028;8922;423;9872;9922;5.43;0.33;271.79;9.39;950;47;3402.00;50
8926;46;625031044;8926;434;9872;9922;5.34;0.33;271.78;9.39;946;47;3403.00;50
8927;46;625031058;8927;433;9873;9922;5.32;0.33;271.80;9.40;946;47;3404.00;49
8931;46;625031070;8931;442;9875;9923;5.28;0.32;271.83;9.40;944;47;3405.00;48
8932;46;625031081;8932;447;9876;9924;5.34;0.33;271.80;9.40;944;47;3406.00;48
8936;46;625031092;8936;443;9877;9924;5.34;0.33;271.80;9.41;941;47;3407.00;47
8939;46;625031103;8939;441;9888;9937;5.45;0.33;271.81;9.40;949;47;3408.00;49
8941;46;625031116;8941;434;9888;9937;5.54;0.34;271.79;9.40;947;47;3409.00;49
8944;46;625031127;8944;426;9889;9937;5.53;0.34;271.79;9.40;945;47;3410.00;48
8948;46;625031138;8948;402;9890;9938;5.61;0.34;271.83;9.40;942;47;3411.00;48
8951;46;625031150;8951;390;9890;9938;5.69;0.35;271.78;9.40;939;47;3412.00;48
8954;46;625031161;8954;381;9893;9942;5.76;0.35;271.78;9.40;939;47;3413.00;49
8956;46;625031173;8956;376;9893;9942;5.82;0.35;271.79;9.40;937;47;3414.00;49
8961;46;625031185;8961;372;9897;9946;5.90;0.36;271.77;9.39;936;47;3415.00;49
8964;46;625031197;8964;367;9897;9946;5.95;0.36;271.79;9.39;933;47;3416.00;49
8965;46;625031208;8965;357;9897;9946;6.00;0.37;271.77;9.39;932;47;3417.00;49
8969;46;625031225;8969;348;9897;9946;6.05;0.37;271.78;9.39;928;47;3418.00;49
8973;46;625031237;8973;340;9897;9946;6.10;0.37;271.78;9.39;924;47;3419.00;49
8974;46;625031251;8974;338;9922;9980;6.31;0.39;271.77;9.37;948;47;3420.00;58
8975;46;625031267;8975;338;9922;9980;6.36;0.39;271.77;9.37;947;47;3421.00;58
8976;46;625031281;8976;334;9923;9980;6.44;0.39;271.77;9.37;947;47;3422.00;57
8978;46;625031299;8978;330;9923;9980;6.48;0.40;271.78;9.37;945;47;3423.00;57
8982;46;625031311;8982;324;9924;9980;6.54;0.40;271.80;9.37;942;47;3424.00;56
8985;46;625031331;8985;320;9924;9980;6.62;0.40;271.76;9.37;939;47;3425.00;56
8988;46;625031344;8988;321;9925;9981;6.64;0.41;271.84;9.37;937;47;3426.00;56
8992;46;625031356;8992;324;9925;9981;6.61;0.40;271.86;9.37;933;47;3427.00;56
8995;46;625031369;8995;319;9930;9987;6.71;0.41;271.85;9.42;935;47;3428.00;57
8998;46;625031381;8998;318;9931;9988;6.75;0.41;271.89;9.42;933;47;3429.00;57
9001;46;625031395;9001;312;9932;9988;6.80;0.42;271.88;9.42;931;47;3430.00;56
9006;46;625031407;9006;311;9932;9988;6.80;0.42;271.93;9.42;926;47;3431.00;56
9009;46;625031419;9009;309;9936;9992;6.88;0.42;271.93;9.42;927;47;3432.00;56
9013;46;625031432;9013;314;9936;9992;6.93;0.42;271.84;9.42;923;47;3433.00;56
9015;46;625031444;9015;319;9936;9992;6.94;0.42;271.86;9.42;921;47;3434.00;56
9019;46;625031456;9019;321;9937;9993;7.02;0.43;271.87;9.41;918;47;3435.00;56
9022;46;625031469;9022;322;9940;9997;7.12;0.43;271.86;9.41;918;47;3436.00;57
9024;46;625031483;9024;324;9940;9997;7.16;0.44;271.95;9.41;916;47;3437.00;57
9028;46;625031495;9028;328;9942;10000;7.22;0.44;272.05;9.41;914;47;3438.00;58
9030;46;625031507;9030;321;9942;10000;7.24;0.44;272.08;9.41;912;47;3439.00;58
9034;46;625031519;9034;325;9943;10000;7.20;0.44;272.04;9.41;909;47;3440.00;57
9038;46;625031531;9038;324;9943;10000;7.13;0.43;272.09;9.41;905;47;3441.00;57
9038;46;625031543;9038;336;9946;10004;7.21;0.44;272.09;9.41;908;47;3442.00;58
9047;46;625031554;9047;344;9947;10004;7.16;0.43;272.16;9.41;900;47;3443.00;57
9047;46;625031568;9047;347;9947;10004;7.15;0.43;272.16;9.41;900;47;3444.00;57
9050;46;625031580;9050;350;9947;10004;7.10;0.43;272.23;9.41;897;47;3445.00;57
9051;46;625031599;9051;352;9947;10005;7.10;0.43;272.26;9.41;896;47;3446.00;58
9054;46;625031610;9054;343;9948;10006;7.09;0.43;272.31;9.41;894;47;3447.00;58
9059;46;625031622;9059;338;9948;10006;7.08;0.43;272.37;9.41;889;47;3448.00;58
9062;46;625031635;9062;333;9949;10007;7.05;0.43;272.48;9.40;887;47;3449.00;58
9065;46;625031649;9065;326;9949;10007;7.05;0.43;272.50;9.40;884;47;3450.00;58
9065;46;625031662;9065;317;9950;10007;7.06;0.43;272.50;9.46;885;47;3451.00;57
9066;46;625031674;9066;312;9950;10007;7.12;0.43;272.53;9.46;884;47;3452.00;57
9069;46;625031691;9069;308;9950;10007;7.15;0.44;272.54;9.46;881;47;3453.00;57
9070;46;625031704;9070;308;9950;10007;7.17;0.44;272.53;9.46;880;47;3454.00;57
9076;46;625031717;9076;307;9950;10007;7.11;0.43;272.60;9.46;874;47;3455.00;57
9078;46;625031741;9078;314;10024;10134;7.37;0.46;272.61;9.39;946;47;3456.00;110
9080;46;625031763;9080;291;10026;10135;7.47;0.46;272.60;9.39;946;47;3457.00;109
9083;46;625031777;9083;273;10033;10135;7.60;0.47;272.62;9.38;950;48;3458.00;102
9086;46;625031805;9086;260;10037;10135;7.74;0.48;272.64;9.38;951;48;3459.00;98
9086;46;625031818;9086;245;10040;10135;7.92;0.49;272.64;9.38;954;48;3460.00;95
9092;46;625031832;9092;237;10044;10135;8.00;0.49;272.70;9.38;952;48;3461.00;91
9093;46;625031847;9093;244;10047;10135;8.09;0.50;272.74;9.38;954;48;3462.00;88
9096;46;625031867;9096;246;10050;10135;8.14;0.50;272.75;9.38;954;48;3463.00;85
9100;46;625031881;9100;249;10055;10136;8.22;0.50;272.86;9.38;955;48;3464.00;81
9102;46;625031896;9102;254;10059;10138;8.20;0.50;272.89;9.37;957;48;3465.00;79
9106;46;625031909;9106;262;10061;10138;8.12;0.50;272.92;9.37;955;48;3466.00;77
9108;46;625031923;9108;260;10061;10139;8.06;0.50;272.99;9.37;953;48;3467.00;78
9111;46;625031938;9111;260;10063;10139;8.06;0.50;273.00;9.37;952;48;3468.00;76
9115;46;625031954;9115;270;10064;10139;8.03;0.49;273.02;9.38;949;48;3469.00;75
9117;46;625031967;9117;275;10066;10139;8.04;0.49;273.01;9.38;949;48;3470.00;73
9122;46;625031982;9122;266;10069;10143;8.03;0.49;273.00;9.38;947;48;3471.00;74
9122;46;625031996;9122;263;10071;10143;8.02;0.49;273.00;9.38;949;48;3472.00;72
9125;46;625032015;9125;261;10072;10143;8.02;0.49;273.01;9.38;947;48;3473.00;71
9129;46;625032028;9129;259;10074;10146;8.06;0.49;273.13;9.38;945;48;3474.00;72
9133;46;625032042;9133;266;10075;10146;8.07;0.49;273.14;9.38;942;48;3475.00;71
9133;46;625032054;9133;263;10076;10146;8.14;0.50;273.14;9.37;943;48;3476.00;70
9135;46;625032067;9135;267;10080;10150;8.14;0.50;273.19;9.37;945;48;3477.00;70
9137;46;625032080;9137;268;10082;10151;8.18;0.50;273.17;9.37;945;48;3478.00;69
9140;46;625032092;9140;266;10082;10151;8.23;0.50;273.23;9.37;942;48;3479.00;69
9143;46;625032107;9143;268;10086;10156;8.32;0.51;273.25;9.37;943;48;3480.00;70
9145;46;625032120;9145;268;10086;10156;8.31;0.51;273.27;9.37;941;48;3481.00;70
9146;46;625032133;9146;271;10087;10156;8.27;0.50;273.27;9.43;941;48;3482.00;69
9148;46;625032150;9148;278;10088;10157;8.18;0.50;273.30;9.42;940;48;3483.00;69
9151;46;625032163;9151;278;10088;10157;8.12;0.49;273.35;9.42;937;48;3484.00;69
9152;46;625032175;9152;287;10092;10163;8.11;0.49;273.34;9.42;940;48;3485.00;71
9154;46;625032188;9154;282;10093;10163;8.11;0.49;273.34;9.42;939;48;3486.00;70
9156;46;625032200;9156;283;10093;10164;8.11;0.49;273.34;9.42;937;48;3487.00;71
9158;46;625032213;9158;285;10093;10164;8.06;0.49;273.35;9.42;935;48;3488.00;71
9161;46;625032225;9161;291;10093;10164;8.03;0.49;273.36;9.42;932;48;3489.00;71
9162;46;625032237;9162;283;10093;10164;8.01;0.49;273.35;9.42;931;48;3490.00;71
9165;46;625032250;9165;280;10093;10164;7.99;0.48;273.43;9.42;928;48;3491.00;71
9167;46;625032263;9167;274;10103;10176;8.04;0.49;273.40;9.41;936;48;3492.00;73
9169;46;625032276;9169;269;10104;10176;8.02;0.49;273.37;9.41;935;48;3493.00;72
9171;46;625032289;9171;261;10104;10176;8.05;0.49;273.35;9.41;933;48;3494.00;72
9174;46;625032307;9174;260;10104;10176;8.01;0.49;273.44;9.41;930;48;3495.00;72
9174;46;625032319;9174;257;10104;10176;8.10;0.49;273.44;9.41;930;48;3496.00;72
9175;46;625032331;9175;253;10104;10176;8.13;0.49;273.46;9.41;929;48;3497.00;72
9178;46;625032342;9178;255;10107;10180;8.12;0.49;273.47;9.41;929;48;3498.00;73
9183;47;625032354;9183;251;10107;10180;8.14;0.49;273.56;9.41;924;49;3499.00;73
9188;47;625032374;9188;251;10110;10184;8.11;0.49;273.54;9.41;922;49;3500.00;74
9190;47;625032394;9190;247;10112;10185;8.04;0.49;273.57;9.40;922;49;3501.00;73
9195;47;625032405;9195;244;10112;10185;7.89;0.48;273.59;9.40;917;49;3502.00;73
9197;47;625032417;9197;238;10112;10185;7.78;0.47;273.58;9.40;915;49;3503.00;73
9201;47;625032427;9201;233;10122;10198;7.73;0.47;273.62;9.39;921;49;3504.00;76
9202;47;625032440;9202;226;10123;10198;7.71;0.47;273.63;9.41;921;49;3505.00;75
9207;47;625032452;9207;219;10123;10198;7.69;0.47;273.74;9.41;916;49;3506.00;75
9210;47;625032462;9210;221;10124;10199;7.71;0.47;273.80;9.41;914;49;3507.00;75
9211;47;625032474;9211;224;10124;10200;7.73;0.47;273.79;9.41;913;49;3508.00;76
9213;47;625032484;9213;222;10124;10200;7.75;0.47;273.81;9.41;911;49;3509.00;76
9215;47;625032497;9215;219;10127;10206;7.80;0.47;273.77;9.41;912;49;3510.00;79
9219;47;625032509;9219;219;10128;10206;7.81;0.47;273.77;9.40;909;49;3511.00;78
9222;47;625032520;9222;217;10129;10206;7.83;0.48;273.78;9.40;907;49;3512.00;77
9224;47;625032531;9224;219;10129;10206;7.87;0.48;273.78;9.40;905;49;3513.00;77
9229;47;625032543;9229;226;10133;10212;7.88;0.48;273.92;9.40;904;49;3514.00;79
9232;47;625032555;9232;230;10133;10212;7.86;0.48;273.91;9.40;901;49;3515.00;79
9234;47;625032566;9234;233;10134;10212;7.81;0.47;274.01;9.40;900;49;3516.00;78
9238;47;625032582;9238;233;10135;10212;7.70;0.47;274.07;9.40;897;49;3517.00;77
9238;47;625032594;9238;234;10139;10216;7.70;0.47;274.07;9.40;901;49;3518.00;77
9239;47;625032605;9239;237;10141;10219;7.66;0.46;274.06;9.40;902;49;3519.00;78
9241;47;625032617;9241;239;10142;10219;7.62;0.46;274.08;9.39;901;49;3520.00;77
9244;47;625032627;9244;241;10143;10220;7.61;0.46;274.07;9.39;899;49;3521.00;77
9245;47;625032639;9245;246;10144;10220;7.63;0.46;274.11;9.41;899;49;3522.00;76
9247;47;625032650;9247;249;10144;10220;7.61;0.46;274.11;9.41;897;49;3523.00;76
9248;47;625032661;9248;250;10144;10220;7.60;0.46;274.10;9.41;896;49;3524.00;76
9249;47;625032672;9249;244;10144;10220;7.60;0.46;274.11;9.41;895;49;3525.00;76
9253;47;625032683;9253;255;10144;10220;7.58;0.46;274.12;9.41;891;49;3526.00;76
9256;47;625032694;9256;259;10144;10220;7.56;0.46;274.12;9.41;888;49;3527.00;76
9260;47;625032705;9260;273;10178;10290;7.69;0.47;274.08;9.39;918;49;3528.00;112
9261;47;625032721;9261;275;10180;10291;7.60;0.46;274.09;9.40;919;49;3529.00;111
9262;47;625032733;9262;279;10189;10291;7.61;0.46;274.07;9.41;927;49;3530.00;102
9262;47;625032744;9262;286;10196;10291;7.60;0.46;274.07;9.42;934;49;3531.00;95
9264;47;625032755;9264;290;10199;10291;7.58;0.46;274.11;9.41;935;49;3532.00;92
9266;47;625032766;9266;288;10201;10291;7.57;0.46;274.08;9.43;935;49;3533.00;90
9268;47;625032778;9268;291;10207;10291;7.58;0.46;274.07;9.44;939;49;3534.00;84
9270;47;625032789;9270;296;10208;10291;7.51;0.46;274.03;9.45;938;49;3535.00;83
9274;47;625032801;9274;299;10212;10292;7.49;0.46;274.05;9.45;938;49;3536.00;80
9274;47;625032812;9274;302;10217;10293;7.53;0.46;274.05;9.46;943;49;3537.00;76
9279;47;625032824;9279;310;10221;10293;7.51;0.46;273.98;9.47;942;49;3538.00;72
9281;47;625032836;9281;319;10225;10297;7.45;0.46;273.94;9.48;944;49;3539.00;72
9282;47;625032849;9282;311;10225;10297;7.35;0.45;273.92;9.48;943;49;3540.00;72
9282;47;625032859;9282;316;10227;10297;7.28;0.45;273.92;9.50;945;49;3541.00;70
9283;47;625032870;9283;331;10227;10297;7.15;0.44;273.96;9.50;944;49;3542.00;70
9283;47;625032881;9283;335;10232;10303;7.10;0.44;273.96;9.51;949;49;3543.00;71
9286;47;625032892;9286;347;10234;10303;7.01;0.43;273.93;9.52;948;49;3544.00;69
9287;47;625032904;9287;351;10235;10303;6.99;0.43;273.93;9.53;948;49;3545.00;68
9289;47;625032915;9289;359;10238;10306;6.93;0.43;273.99;9.53;949;49;3546.00;68
9291;47;625032931;9291;364;10240;10306;6.81;0.42;273.96;9.55;949;49;3547.00;66
9294;47;625032942;9294;371;10240;10306;6.69;0.41;273.94;9.55;946;49;3548.00;66
9296;47;625032956;9296;369;10241;10307;6.55;0.40;273.92;9.56;945;49;3549.00;66
9297;47;625032972;9297;368;10243;10308;6.48;0.40;273.93;9.56;946;49;3550.00;65
9301;47;625032990;9301;369;10243;10308;6.40;0.39;273.86;9.56;942;49;3551.00;65
9303;47;625033007;9303;371;10255;10321;6.38;0.39;273.83;9.56;952;49;3552.00;66
9304;47;625033024;9304;368;10257;10321;6.34;0.39;273.83;9.58;953;49;3553.00;64
9307;47;625033038;9307;371;10258;10321;6.31;0.39;273.75;9.59;951;49;3554.00;63
9309;47;625033066;9309;381;10261;10323;6.31;0.39;273.75;9.60;952;49;3555.00;62
9312;47;625033078;9312;376;10261;10323;6.27;0.39;273.76;9.60;949;49;3556.00;62
9315;47;625033089;9315;373;10266;10327;6.29;0.39;273.75;9.61;951;49;3557.00;61
9315;47;625033101;9315;375;10267;10327;6.29;0.38;273.75;9.62;952;49;3558.00;60
9317;47;625033111;9317;383;10272;10331;6.29;0.38;273.84;9.62;955;49;3559.00;59
9320;47;625033128;9320;388;10273;10331;6.19;0.38;273.83;9.63;953;49;3560.00;58
9325;47;625033140;9325;389;10274;10331;6.09;0.37;273.83;9.63;949;49;3561.00;57
9328;47;625033151;9328;389;10274;10331;5.97;0.36;273.80;9.63;946;49;3562.00;57
9330;47;625033161;9330;387;10275;10331;5.85;0.36;273.80;9.64;945;49;3563.00;56
9335;47;625033172;9335;383;10286;10343;5.79;0.35;273.76;9.63;951;49;3564.00;57
9337;47;625033184;9337;373;10287;10343;5.70;0.35;273.75;9.64;950;49;3565.00;56
9339;47;625033194;9339;370;10288;10343;5.68;0.35;273.74;9.64;949;49;3566.00;55
9343;47;625033204;9343;370;10288;10343;5.62;0.34;273.78;9.64;945;49;3567.00;55
9346;47;625033214;9346;368;10289;10343;5.53;0.34;273.80;9.65;943;49;3568.00;54
9348;47;625033230;9348;373;10289;10343;5.40;0.33;273.77;9.65;941;49;3569.00;54
9351;47;625033256;9351;358;10292;10344;5.31;0.32;273.78;9.67;941;49;3570.00;52
9353;47;625033273;9353;349;10292;10344;5.32;0.32;273.77;9.67;939;49;3571.00;52
9355;47;625033283;9355;345;10297;10350;5.40;0.33;273.75;9.68;942;49;3572.00;53
9356;47;625033293;9356;347;10300;10351;5.43;0.33;273.75;9.67;944;49;3573.00;51
9358;47;625033304;9358;344;10301;10351;5.52;0.34;273.75;9.68;943;49;3574.00;50
9360;47;625033315;9360;341;10301;10351;5.58;0.34;273.79;9.68;941;49;3575.00;50
9360;47;625033326;9360;334;10306;10355;5.68;0.35;273.79;9.69;946;49;3576.00;49
9362;47;625033336;9362;327;10306;10355;5.71;0.35;273.81;9.69;944;49;3577.00;49
9365;47;625033347;9365;327;10306;10355;5.79;0.35;273.84;9.69;941;49;3578.00;49
9368;47;625033358;9368;324;10307;10356;5.88;0.36;273.79;9.69;939;49;3579.00;49
9370;47;625033369;9370;318;10310;10360;6.00;0.36;273.82;9.69;940;49;3580.00;50
9371;47;625033381;9371;310;10310;10360;6.11;0.37;273.85;9.69;939;49;3581.00;50
9374;47;625033394;9374;299;10312;10363;6.23;0.38;273.86;9.68;938;49;3582.00;51
9377;47;625033406;9377;303;10313;10363;6.30;0.38;273.94;9.68;936;49;3583.00;50
9380;47;625033418;9380;298;10313;10363;6.39;0.39;273.98;9.68;933;49;3584.00;50
9383;47;625033431;9383;295;10313;10363;6.47;0.39;274.00;9.68;930;49;3585.00;50
9385;47;625033447;9385;295;10316;10367;6.61;0.40;274.04;9.68;931;49;3586.00;51
9388;47;625033460;9388;291;10316;10367;6.73;0.41;274.06;9.68;928;49;3587.00;51
9392;47;625033473;9392;291;10317;10367;6.83;0.42;274.08;9.68;925;49;3588.00;50
9397;47;625033486;9397;288;10317;10367;6.89;0.42;274.14;9.68;920;49;3589.00;50
9400;47;625033500;9400;282;10317;10368;7.01;0.43;274.16;9.68;917;49;3590.00;51
9406;47;625033512;9406;285;10318;10369;7.09;0.43;274.17;9.68;912;49;3591.00;51
9413;47;625033524;9413;280;10318;10369;7.16;0.44;274.16;9.68;905;49;3592.00;51
9414;47;625033536;9414;276;10319;10370;7.27;0.44;274.18;9.68;905;49;3593.00;51
9421;47;625033548;9421;271;10319;10370;7.26;0.44;274.16;9.68;898;49;3594.00;51
9423;47;625033560;9423;269;10319;10370;7.27;0.45;274.19;9.68;896;49;3595.00;51
9429;47;625033572;9429;268;10319;10370;7.29;0.45;274.26;9.68;890;49;3596.00;51
9435;47;625033585;9435;271;10319;10370;7.32;0.45;274.34;9.68;884;49;3597.00;51
9439;47;625033598;9439;269;10319;10370;7.33;0.45;274.39;9.68;880;49;3598.00;51
9446;47;625033610;9446;270;10319;10370;7.30;0.45;274.44;9.68;873;49;3599.00;51
9452;47;625033632;9452;306;10433;10623;7.51;0.47;274.44;9.57;981;49;3600.00;190
9454;47;625033669;9454;300;10439;10624;7.55;0.47;274.48;9.57;985;49;3601.00;185
9458;47;625033682;9458;293;10454;10624;7.59;0.48;274.49;9.56;996;49;3602.00;170
9464;47;625033696;9464;284;10457;10624;7.64;0.48;274.57;9.55;993;49;3603.00;167
9468;47;625033709;9468;280;10464;10624;7.72;0.48;274.63;9.55;996;49;3604.00;160
9474;47;625033723;9474;283;10469;10624;7.75;0.48;274.65;9.55;995;49;3605.00;155
9479;48;625033736;9479;283;10477;10624;7.75;0.48;274.69;9.55;998;50;3606.00;147
9481;48;625033769;9481;290;10484;10624;7.76;0.48;274.71;9.61;1003;50;3607.00;140
9487;48;625033784;9487;291;10489;10625;7.74;0.48;274.75;9.61;1002;50;3608.00;136
9490;48;625033799;9490;295;10493;10626;7.70;0.48;274.79;9.61;1003;50;3609.00;133
9494;48;625033813;9494;301;10495;10626;7.70;0.48;274.77;9.61;1001;50;3610.00;131
9498;48;625033827;9498;313;10500;10627;7.69;0.48;274.92;9.61;1002;50;3611.00;127
9502;48;625033848;9502;317;10503;10627;7.64;0.47;274.96;9.61;1001;50;3612.00;124
9503;48;625033862;9503;324;10507;10627;7.59;0.47;274.97;9.61;1004;50;3613.00;120
9506;48;625033875;9506;329;10512;10627;7.57;0.47;275.00;9.62;1006;50;3614.00;115
9513;48;625033889;9513;335;10516;10631;7.50;0.46;275.03;9.62;1003;50;3615.00;115
9515;48;625033916;9515;341;10519;10631;7.45;0.46;275.05;9.62;1004;50;3616.00;112
9519;48;625033930;9519;324;10519;10631;7.43;0.46;275.19;9.62;1000;50;3617.00;112
9525;48;625033953;9525;323;10523;10634;7.39;0.45;275.30;9.62;998;50;3618.00;111
9527;48;625033972;9527;325;10523;10634;7.40;0.46;275.32;9.62;996;50;3619.00;111
9531;48;625033987;9531;327;10525;10634;7.45;0.46;275.35;9.62;994;50;3620.00;109
9535;48;625034007;9535;322;10528;10638;7.50;0.46;275.38;9.62;993;50;3621.00;110
9539;48;625034022;9539;319;10531;10639;7.49;0.46;275.44;9.62;992;50;3622.00;108
9542;48;625034035;9542;326;10536;10639;7.50;0.46;275.49;9.69;994;50;3623.00;103
9547;48;625034049;9547;325;10538;10643;7.51;0.46;275.57;9.69;991;50;3624.00;105
9550;48;625034063;9550;322;10540;10643;7.54;0.46;275.64;9.69;990;50;3625.00;103
9553;48;625034078;9553;311;10540;10643;7.59;0.47;275.61;9.69;987;50;3626.00;103
9555;48;625034092;9555;306;10543;10644;7.56;0.46;275.57;9.70;988;50;3627.00;101
9559;48;625034112;9559;296;10543;10644;7.60;0.47;275.62;9.70;984;50;3628.00;101
9562;48;625034131;9562;288;10547;10650;7.67;0.47;275.60;9.69;985;50;3629.00;103
9566;48;625034153;9566;293;10548;10650;7.66;0.47;275.59;9.69;982;50;3630.00;102
9570;48;625034167;9570;295;10549;10651;7.68;0.47;275.66;9.76;979;50;3631.00;102
9573;48;625034181;9573;293;10549;10651;7.76;0.47;275.65;9.76;976;50;3632.00;102
9577;48;625034195;9577;300;10551;10651;7.76;0.47;275.67;9.77;974;50;3633.00;100
9581;48;625034209;9581;301;10552;10651;7.76;0.47;275.70;9.84;971;50;3634.00;99
9581;48;625034222;9581;301;10553;10651;7.81;0.47;275.70;9.84;972;50;3635.00;98
9584;48;625034236;9584;304;10562;10663;7.84;0.48;275.76;9.90;978;50;3636.00;101
9586;48;625034250;9586;297;10562;10663;7.91;0.48;275.79;9.90;976;50;3637.00;101
9589;48;625034264;9589;293;10564;10663;7.94;0.48;275.77;9.90;975;50;3638.00;99
9592;48;625034278;9592;289;10566;10663;7.95;0.48;275.81;9.90;974;50;3639.00;97
9593;48;625034296;9593;285;10568;10663;7.91;0.48;275.84;9.90;975;50;3640.00;95
9595;48;625034315;9595;282;10568;10663;7.90;0.48;275.85;9.90;973;50;3641.00;95
9598;48;625034328;9598;279;10572;10667;7.87;0.48;275.93;9.90;974;50;3642.00;95
9599;48;625034342;9599;275;10572;10667;7.88;0.48;275.92;9.90;973;50;3643.00;95
9602;48;625034355;9602;269;10577;10671;7.86;0.48;275.88;9.90;975;50;3644.00;94
9604;48;625034369;9604;272;10579;10673;7.88;0.48;275.90;9.90;975;50;3645.00;94
9606;48;625034382;9606;278;10580;10673;7.87;0.48;275.90;9.90;974;50;3646.00;93
9608;48;625034395;9608;280;10580;10673;7.82;0.48;275.93;9.90;972;50;3647.00;93
9611;48;625034407;9611;273;10588;10686;7.82;0.48;275.94;9.89;977;50;3648.00;98
9611;48;625034421;9611;278;10590;10686;7.82;0.48;275.94;9.95;979;50;3649.00;96
9613;48;625034433;9613;275;10590;10686;7.79;0.47;276.00;9.95;977;50;3650.00;96
9615;48;625034446;9615;283;10591;10687;7.77;0.47;276.04;9.95;976;50;3651.00;96
9615;49;625034458;9615;282;10592;10688;7.77;0.48;276.04;10.01;977;51;3652.00;96
9617;49;625034481;9617;289;10592;10688;7.73;0.47;276.05;10.01;975;51;3653.00;96
9618;49;625034494;9618;286;10594;10691;7.70;0.47;276.05;10.00;976;51;3654.00;97
9618;49;625034506;9618;285;10594;10691;7.66;0.47;276.05;10.00;976;51;3655.00;97
9619;49;625034518;9619;291;10595;10691;7.63;0.47;276.05;10.00;976;51;3656.00;96
9622;49;625034530;9622;290;10595;10691;7.61;0.47;276.08;10.00;973;51;3657.00;96
9623;49;625034542;9623;296;10599;10697;7.52;0.46;276.08;10.00;976;51;3658.00;98
9625;49;625034555;9625;298;10599;10697;7.49;0.46;276.09;10.00;974;51;3659.00;98
9628;49;625034568;9628;294;10600;10697;7.42;0.45;276.06;10.00;972;51;3660.00;97
9629;49;625034580;9629;286;10600;10697;7.36;0.45;276.05;10.00;971;51;3661.00;97
9631;49;625034592;9631;284;10603;10701;7.36;0.45;276.04;10.00;972;51;3662.00;98
9634;49;625034604;9634;287;10605;10702;7.35;0.45;276.02;10.06;971;51;3663.00;97
9636;49;625034616;9636;276;10605;10702;7.34;0.45;275.99;10.06;969;51;3664.00;97
9640;49;625034628;9640;275;10606;10703;7.33;0.45;276.00;10.05;966;51;3665.00;97
9643;49;625034641;9643;271;10606;10703;7.31;0.45;276.02;10.05;963;51;3666.00;97
9645;49;625034652;9645;267;10607;10703;7.29;0.44;276.03;10.06;962;51;3667.00;96
9649;49;625034664;9649;263;10607;10703;7.23;0.44;276.04;10.06;958;51;3668.00;96
9652;49;625034676;9652;266;10607;10703;7.18;0.44;276.09;10.06;955;51;3669.00;96
9655;49;625034688;9655;267;10608;10703;7.12;0.43;276.21;10.12;953;51;3670.00;95
9655;49;625034699;9655;266;10608;10703;7.11;0.43;276.21;10.12;953;51;3671.00;95
9657;49;625034710;9657;266;10640;10773;7.20;0.44;276.31;10.09;983;51;3672.00;133
9660;49;625034725;9660;255;10640;10774;7.19;0.44;276.29;10.09;980;51;3673.00;134
9664;49;625034738;9664;246;10648;10774;7.23;0.44;276.31;10.09;984;51;3674.00;126
9666;49;625034749;9666;241;10651;10774;7.18;0.44;276.33;10.11;985;51;3675.00;123
9668;49;625034763;9668;235;10656;10774;7.19;0.44;276.33;10.17;988;51;3676.00;118
9672;49;625034775;9672;231;10659;10774;7.22;0.44;276.31;10.17;987;51;3677.00;115
9673;49;625034787;9673;229;10662;10774;7.28;0.44;276.34;10.16;989;51;3678.00;112
9675;49;625034799;9675;222;10665;10774;7.34;0.45;276.31;10.22;990;51;3679.00;109
9676;49;625034811;9676;218;10667;10775;7.35;0.45;276.29;10.22;991;51;3680.00;108
9678;49;625034823;9678;217;10670;10776;7.36;0.45;276.25;10.22;992;51;3681.00;106
9682;49;625034835;9682;208;10672;10776;7.34;0.45;276.31;10.27;990;51;3682.00;104
9682;49;625034848;9682;212;10675;10780;7.34;0.45;276.31;10.26;993;51;3683.00;105
9682;49;625034860;9682;215;10675;10780;7.28;0.44;276.31;10.26;993;51;3684.00;105
9685;49;625034879;9685;223;10676;10780;7.23;0.44;276.28;10.32;991;51;3685.00;104
9688;49;625034891;9688;231;10676;10780;7.19;0.44;276.28;10.32;988;51;3686.00;104
9690;49;625034905;9690;244;10680;10786;7.17;0.44;276.25;10.32;990;51;3687.00;106
9692;49;625034918;9692;248;10681;10786;7.13;0.43;276.21;10.37;989;51;3688.00;105
9697;49;625034930;9697;253;10682;10786;7.03;0.43;276.14;10.37;985;51;3689.00;104
9699;49;625034943;9699;258;10686;10792;6.94;0.42;276.12;10.37;987;51;3690.00;106
9701;49;625034960;9701;261;10688;10792;6.85;0.42;276.10;10.37;987;51;3691.00;104
9702;49;625034979;9702;268;10689;10792;6.82;0.42;276.07;10.37;987;51;3692.00;103
9704;49;625034996;9704;272;10692;10793;6.76;0.41;276.06;10.38;988;51;3693.00;101
9707;49;625035013;9707;274;10695;10794;6.71;0.41;276.03;10.39;988;51;3694.00;99
9709;49;625035032;9709;279;10697;10794;6.71;0.41;276.01;10.39;988;51;3695.00;97
9714;49;625035049;9714;285;10707;10807;6.65;0.40;276.05;10.39;993;51;3696.00;100
9715;49;625035069;9715;286;10709;10807;6.61;0.40;276.03;10.39;994;51;3697.00;98
9717;49;625035082;9717;291;10710;10807;6.58;0.40;276.03;10.39;993;51;3698.00;97
9718;49;625035095;9718;292;10713;10808;6.58;0.40;276.01;10.40;995;51;3699.00;95
9718;49;625035109;9718;302;10715;10808;6.55;0.40;276.01;10.42;997;51;3700.00;93
9720;49;625035125;9720;303;10719;10812;6.51;0.40;275.96;10.43;999;51;3701.00;93
9722;49;625035139;9722;303;10720;10812;6.48;0.39;275.94;10.43;998;51;3702.00;92
9726;49;625035151;9726;311;10725;10816;6.44;0.39;275.97;10.45;999;51;3703.00;91
9726;49;625035164;9726;321;10727;10816;6.39;0.39;275.97;10.47;1001;51;3704.00;89
9729;49;625035176;9729;320;10728;10816;6.31;0.38;275.92;10.48;999;51;3705.00;88
9731;49;625035188;9731;329;10728;10816;6.29;0.38;275.89;10.48;997;51;3706.00;88
9733;49;625035200;9733;329;10729;10816;6.30;0.38;275.87;10.50;996;51;3707.00;87
9733;49;625035212;9733;335;10740;10828;6.36;0.39;275.87;10.50;1007;51;3708.00;88
9737;49;625035224;9737;340;10742;10828;6.32;0.39;275.81;10.51;1005;51;3709.00;86
9737;49;625035236;9737;349;10744;10828;6.28;0.38;275.81;10.52;1007;51;3710.00;84
9737;49;625035247;9737;348;10746;10828;6.24;0.38;275.81;10.55;1009;51;3711.00;82
9738;49;625035259;9738;351;10747;10828;6.19;0.38;275.82;10.55;1009;51;3712.00;81
9740;49;625035271;9740;363;10749;10828;6.08;0.37;275.82;10.57;1009;51;3713.00;79
9741;49;625035283;9741;370;10750;10829;6.01;0.37;275.80;10.58;1009;51;3714.00;79
9742;49;625035294;9742;359;10751;10829;5.97;0.37;275.81;10.58;1009;51;3715.00;78
9743;49;625035306;9743;354;10758;10835;6.00;0.37;275.80;10.60;1015;51;3716.00;77
9743;49;625035318;9743;352;10759;10836;6.02;0.37;275.80;10.60;1016;51;3717.00;77
9745;49;625035330;9745;349;10763;10836;6.04;0.37;275.86;10.62;1018;51;3718.00;73
9747;49;625035342;9747;342;10763;10836;6.03;0.37;275.84;10.62;1016;51;3719.00;73
9749;49;625035356;9749;330;10768;10841;6.07;0.37;275.79;10.64;1019;51;3720.00;73
9750;49;625035371;9750;326;10770;10841;6.06;0.37;275.78;10.65;1020;51;3721.00;71
9750;49;625035396;9750;315;10770;10841;6.14;0.38;275.78;10.65;1020;51;3722.00;71
9750;49;625035408;9750;310;10773;10842;6.21;0.38;275.78;10.67;1023;51;3723.00;69
9752;49;625035420;9752;306;10776;10846;6.25;0.38;275.77;10.67;1024;51;3724.00;70
9753;49;625035435;9753;300;10777;10846;6.32;0.39;275.78;10.68;1024;51;3725.00;69
9754;49;625035447;9754;299;10780;10849;6.42;0.39;275.77;10.69;1026;51;3726.00;69
9757;49;625035461;9757;300;10781;10849;6.51;0.40;275.83;10.69;1024;51;3727.00;68
9758;49;625035474;9758;292;10782;10849;6.63;0.40;275.82;10.69;1024;51;3728.00;67
9758;49;625035486;9758;291;10782;10849;6.71;0.41;275.82;10.69;1024;51;3729.00;67
9760;49;625035498;9760;298;10787;10853;6.71;0.41;275.82;10.71;1027;51;3730.00;66
9761;49;625035512;9761;301;10787;10853;6.63;0.40;275.82;10.71;1026;51;3731.00;66
9763;49;625035523;9763;307;10791;10853;6.51;0.40;275.79;10.73;1028;51;3732.00;62
9764;49;625035535;9764;307;10791;10853;6.37;0.39;275.79;10.73;1027;51;3733.00;62
9770;49;625035547;9770;312;10791;10854;6.22;0.38;275.83;10.73;1021;51;3734.00;63
9773;49;625035559;9773;321;10795;10856;6.13;0.37;275.81;10.75;1022;51;3735.00;61
9777;49;625035571;9777;330;10795;10856;6.05;0.37;275.82;10.75;1018;51;3736.00;61
9780;49;625035582;9780;330;10797;10857;5.98;0.36;275.79;10.75;1017;51;3737.00;60
9782;49;625035594;9782;332;10798;10857;5.86;0.36;275.76;10.76;1016;51;3738.00;59
9784;49;625035605;9784;334;10798;10857;5.79;0.35;275.75;10.76;1014;51;3739.00;59
9785;49;625035616;9785;325;10800;10857;5.74;0.35;275.78;10.77;1015;51;3740.00;57
9790;49;625035627;9790;326;10801;10857;5.70;0.35;275.75;10.77;1011;51;3741.00;56
9794;49;625035638;9794;320;10802;10857;5.66;0.35;275.82;10.78;1008;51;3742.00;55
9796;49;625035650;9796;322;10802;10857;5.74;0.35;275.83;10.78;1006;51;3743.00;55
9802;49;625035661;9802;332;10868;10984;6.02;0.38;275.88;10.72;1066;51;3744.00;116
9806;49;625035682;9806;324;10873;10985;6.02;0.37;275.96;10.72;1067;51;3745.00;112
9806;49;625035694;9806;320;10881;10985;6.16;0.38;275.96;10.71;1075;51;3746.00;104
9812;49;625035706;9812;312;10885;10985;6.16;0.38;276.05;10.71;1073;51;3747.00;100
9816;49;625035719;9816;307;10892;10985;6.23;0.38;276.09;10.71;1076;51;3748.00;93
9820;49;625035731;9820;303;10893;10985;6.28;0.39;276.12;10.70;1073;51;3749.00;92
9824;49;625035745;9824;299;10898;10990;6.35;0.39;276.24;10.70;1074;51;3750.00;92
9827;49;625035758;9827;298;10899;10990;6.35;0.39;276.27;10.70;1072;51;3751.00;91
9832;49;625035770;9832;306;10906;10991;6.41;0.39;276.26;10.75;1074;51;3752.00;85
9833;49;625035784;9833;304;10907;10992;6.46;0.40;276.27;10.75;1074;51;3753.00;85
9838;49;625035797;9838;298;10910;10992;6.53;0.40;276.33;10.75;1072;51;3754.00;82
9841;49;625035810;9841;304;10912;10993;6.65;0.41;276.32;10.75;1071;51;3755.00;81
9847;49;625035824;9847;305;10914;10993;6.73;0.41;276.34;10.75;1067;51;3756.00;79
9849;49;625035838;9849;303;10916;10993;6.84;0.42;276.41;10.75;1067;51;3757.00;77
9853;49;625035853;9853;303;10920;10993;6.90;0.42;276.44;10.75;1067;51;3758.00;73
9855;49;625035866;9855;297;10923;10997;6.97;0.43;276.48;10.75;1068;51;3759.00;74
9857;49;625035881;9857;297;10926;10997;7.02;0.43;276.49;10.75;1069;51;3760.00;71
9860;49;625035896;9860;295;10927;10997;7.04;0.43;276.51;10.75;1067;51;3761.00;70
9864;49;625035910;9864;293;10930;11000;7.05;0.43;276.56;10.75;1066;51;3762.00;70
9870;49;625035926;9870;290;10931;11000;7.06;0.43;276.68;10.75;1061;51;3763.00;69
9874;49;625035941;9874;279;10933;11000;7.09;0.43;276.70;10.75;1059;51;3764.00;67
9878;49;625035958;9878;275;10936;11004;7.15;0.44;276.75;10.75;1058;51;3765.00;68
9881;49;625035974;9881;276;10937;11005;7.15;0.44;276.79;10.75;1056;51;3766.00;68
9885;49;625035995;9885;270;10937;11005;7.17;0.44;276.84;10.75;1052;51;3767.00;68
9887;49;625036015;9887;273;10940;11009;7.22;0.44;276.86;10.75;1053;51;3768.00;69
9893;49;625036029;9893;279;10940;11009;7.17;0.44;276.87;10.75;1047;51;3769.00;69
9901;49;625036042;9901;285;10941;11009;7.14;0.44;276.90;10.75;1040;51;3770.00;68
9904;49;625036057;9904;284;10942;11010;7.13;0.44;276.90;10.75;1038;51;3771.00;68
9908;49;625036071;9908;288;10942;11010;7.13;0.44;276.92;10.75;1034;51;3772.00;68
9912;49;625036084;9912;294;10947;11016;7.07;0.43;276.95;10.74;1035;51;3773.00;69
9919;49;625036098;9919;292;10948;11016;7.05;0.43;277.04;10.74;1029;51;3774.00;68
9920;49;625036112;9920;289;10949;11017;7.10;0.43;277.02;10.74;1029;51;3775.00;68
9925;49;625036125;9925;290;10949;11017;7.09;0.43;277.03;10.74;1024;51;3776.00;68
9930;49;625036139;9930;290;10949;11017;7.13;0.44;277.08;10.74;1019;51;3777.00;68
9936;49;625036153;9936;286;10951;11017;7.10;0.43;277.18;10.79;1015;51;3778.00;66
9942;49;625036166;9942;285;10951;11017;7.03;0.43;277.25;10.79;1009;51;3779.00;66
9945;49;625036181;9945;289;10976;11053;7.12;0.44;277.30;10.77;1031;51;3780.00;77
9950;49;625036197;9950;297;10977;11053;7.14;0.44;277.27;10.77;1027;51;3781.00;76
9954;49;625036211;9954;294;10979;11053;7.05;0.43;277.33;10.76;1025;51;3782.00;74
9956;49;625036223;9956;299;10980;11053;7.01;0.43;277.39;10.76;1024;51;3783.00;73
9959;49;625036237;9959;302;10980;11053;6.99;0.43;277.42;10.76;1021;51;3784.00;73
9963;49;625036250;9963;306;10981;11053;6.96;0.43;277.50;10.76;1018;51;3785.00;72
9965;49;625036263;9965;310;10984;11057;6.93;0.42;277.52;10.76;1019;51;3786.00;73
9966;49;625036277;9966;305;10984;11057;6.90;0.42;277.51;10.76;1018;51;3787.00;73
9970;49;625036289;9970;296;10986;11061;6.93;0.42;277.51;10.76;1016;51;3788.00;75
9974;49;625036303;9974;293;10987;11062;6.95;0.43;277.55;10.76;1013;51;3789.00;75
9981;49;625036316;9981;287;10987;11062;6.94;0.43;277.60;10.76;1006;51;3790.00;75
9983;49;625036330;9983;293;10988;11062;7.01;0.43;277.62;10.76;1005;51;3791.00;74
9989;49;625036343;9989;288;10998;11075;7.14;0.44;277.65;10.75;1009;51;3792.00;77
9992;49;625036358;9992;293;11000;11075;7.14;0.44;277.72;10.75;1008;51;3793.00;75
9994;49;625036376;9994;298;11000;11075;7.15;0.44;277.74;10.75;1006;51;3794.00;75
9998;49;625036412;9998;296;11002;11076;7.20;0.44;277.75;10.75;1004;51;3795.00;74
10001;49;625036425;10001;278;11002;11077;7.24;0.44;277.75;10.75;1001;51;3796.00;75
10004;49;625036439;10004;272;11002;11077;7.25;0.44;277.80;10.75;998;51;3797.00;75
10010;49;625036452;10010;267;11005;11080;7.30;0.44;277.85;10.74;995;51;3798.00;75
10014;49;625036472;10014;265;11005;11080;7.37;0.45;277.86;10.74;991;51;3799.00;75
10019;49;625036487;10019;258;11005;11080;7.36;0.45;277.89;10.74;986;51;3800.00;75
10020;49;625036504;10020;261;11005;11080;7.46;0.46;277.88;10.74;985;51;3801.00;75
10026;49;625036517;10026;258;11009;11086;7.51;0.46;277.89;10.74;983;51;3802.00;77
10029;49;625036531;10029;264;11009;11086;7.56;0.46;277.99;10.74;980;51;3803.00;77
10032;49;625036544;10032;262;11010;11086;7.63;0.47;278.06;10.74;978;51;3804.00;76
10032;49;625036557;10032;266;11010;11086;7.67;0.47;278.06;10.74;978;51;3805.00;76
10034;49;625036570;10034;268;11013;11090;7.65;0.47;278.03;10.74;979;51;3806.00;77
10038;49;625036583;10038;265;11014;11091;7.72;0.47;278.06;10.73;976;51;3807.00;77
10040;49;625036596;10040;266;11014;11091;7.74;0.47;278.08;10.73;974;51;3808.00;77
10044;49;625036609;10044;256;11015;11092;7.77;0.47;278.07;10.73;971;51;3809.00;77
10048;49;625036624;10048;245;11015;11092;7.74;0.47;278.08;10.73;967;51;3810.00;77
10051;49;625036637;10051;245;11015;11092;7.67;0.47;278.10;10.73;964;51;3811.00;77
10055;49;625036650;10055;239;11015;11092;7.66;0.47;278.16;10.73;960;51;3812.00;77
10058;49;625036663;10058;234;11015;11092;7.62;0.46;278.16;10.73;957;51;3813.00;77
10059;49;625036681;10059;233;11015;11092;7.64;0.46;278.18;10.73;956;51;3814.00;77
10062;49;625036693;10062;233;11015;11092;7.67;0.47;278.14;10.73;953;51;3815.00;77
10067;49;625036706;10067;253;11052;11162;7.60;0.46;278.17;10.70;985;51;3816.00;110
10071;49;625036724;10071;242;11054;11163;7.53;0.46;278.19;10.70;983;51;3817.00;109
10073;50;625036736;10073;236;11060;11163;7.57;0.46;278.20;10.69;987;52;3818.00;103
10074;50;625036755;10074;229;11064;11163;7.60;0.46;278.18;10.69;990;52;3819.00;99
10075;50;625036767;10075;238;11068;11163;7.67;0.47;278.18;10.69;993;52;3820.00;95
10078;50;625036783;10078;236;11073;11163;7.72;0.47;278.25;10.68;995;52;3821.00;90
10081;50;625036796;10081;234;11077;11163;7.74;0.47;278.22;10.68;996;52;3822.00;86
10083;50;625036808;10083;243;11077;11163;7.72;0.47;278.27;10.68;994;52;3823.00;86
10084;50;625036826;10084;245;11079;11164;7.70;0.47;278.28;10.68;995;52;3824.00;85
10085;50;625036839;10085;248;11081;11166;7.64;0.46;278.27;10.68;996;52;3825.00;85
10086;50;625036851;10086;255;11082;11166;7.56;0.46;278.30;10.68;996;52;3826.00;84
10087;50;625036864;10087;261;11085;11170;7.47;0.46;278.38;10.68;998;52;3827.00;85
10088;50;625036876;10088;268;11085;11170;7.36;0.45;278.36;10.68;997;52;3828.00;85
10091;50;625036888;10091;271;11085;11170;7.20;0.44;278.34;10.68;994;52;3829.00;85
10092;50;625036900;10092;273;11086;11170;7.09;0.43;278.33;10.73;994;52;3830.00;84
10094;50;625036912;10094;281;11089;11176;6.96;0.43;278.31;10.73;995;52;3831.00;87
10094;51;625036925;10094;282;11089;11176;6.85;0.42;278.31;10.73;995;53;3832.00;87
10095;51;625036948;10095;281;11090;11176;6.80;0.42;278.29;10.73;995;53;3833.00;86
10099;51;625036963;10099;283;11092;11179;6.75;0.42;278.29;10.72;993;53;3834.00;87
10102;51;625036991;10102;287;11093;11179;6.62;0.41;278.29;10.72;991;53;3835.00;86
10104;51;625037010;10104;289;11093;11179;6.59;0.41;278.27;10.72;989;53;3836.00;86
10108;51;625037028;10108;282;11093;11180;6.52;0.40;278.24;10.72;985;53;3837.00;87
10112;51;625037045;10112;283;11094;11181;6.44;0.39;278.24;10.72;982;53;3838.00;87
10116;51;625037063;10116;286;11094;11181;6.39;0.39;278.21;10.72;978;53;3839.00;87
10117;51;625037080;10117;287;11109;11207;6.42;0.39;278.21;10.71;992;53;3840.00;98
10121;51;625037095;10121;280;11110;11207;6.33;0.39;278.19;10.71;989;53;3841.00;97
10129;51;625037107;10129;279;11112;11207;6.25;0.38;278.13;10.70;983;53;3842.00;95
10132;51;625037120;10132;273;11114;11208;6.18;0.38;278.08;10.71;982;53;3843.00;94
10136;51;625037133;10136;275;11115;11208;6.17;0.38;278.04;10.76;979;53;3844.00;93
10138;51;625037144;10138;277;11117;11212;6.23;0.38;278.02;10.76;979;53;3845.00;95
10139;51;625037158;10139;270;11120;11214;6.23;0.38;278.00;10.77;981;53;3846.00;94
10143;51;625037171;10143;266;11124;11218;6.19;0.38;278.01;10.77;981;53;3847.00;94
10146;51;625037183;10146;271;11125;11218;6.17;0.38;277.96;10.82;979;53;3848.00;93
10149;51;625037194;10149;267;11125;11218;6.19;0.38;277.97;10.82;976;53;3849.00;93
10150;51;625037206;10150;267;11125;11218;6.19;0.38;277.96;10.82;975;53;3850.00;93
10153;51;625037217;10153;263;11125;11218;6.17;0.38;277.99;10.82;972;53;3851.00;93
10156;51;625037229;10156;258;11135;11230;6.17;0.38;277.95;10.81;979;53;3852.00;95
10160;51;625037242;10160;259;11135;11230;6.13;0.37;277.99;10.81;975;53;3853.00;95
10161;51;625037255;10161;261;11136;11230;6.13;0.38;277.96;10.81;975;53;3854.00;94
10165;51;625037266;10165;265;11136;11230;6.08;0.37;277.92;10.81;971;53;3855.00;94
10168;51;625037278;10168;272;11137;11230;6.11;0.37;277.88;10.86;969;53;3856.00;93
10170;51;625037290;10170;270;11138;11230;6.14;0.37;277.89;10.87;968;53;3857.00;92
10171;51;625037301;10171;267;11138;11231;6.19;0.38;277.88;10.87;967;53;3858.00;93
10171;51;625037313;10171;271;11138;11231;6.26;0.38;277.88;10.87;967;53;3859.00;93
10171;51;625037325;10171;283;11145;11237;6.33;0.38;277.88;10.92;974;53;3860.00;92
10172;51;625037337;10172;282;11147;11238;6.36;0.39;277.87;10.92;975;53;3861.00;91
10174;51;625037349;10174;288;11149;11238;6.34;0.38;277.89;10.92;975;53;3862.00;89
10177;51;625037360;10177;289;11150;11238;6.26;0.38;277.86;10.98;973;53;3863.00;88
10180;51;625037372;10180;291;11153;11242;6.24;0.38;277.83;10.97;973;53;3864.00;89
10180;51;625037384;10180;297;11156;11242;6.22;0.38;277.83;11.06;976;53;3865.00;86
10181;51;625037395;10181;304;11157;11242;6.21;0.38;277.83;11.06;976;53;3866.00;85
10185;51;625037406;10185;298;11158;11243;6.18;0.37;277.79;11.06;973;53;3867.00;85
10186;51;625037419;10186;289;11162;11247;6.20;0.37;277.78;11.06;976;53;3868.00;85
10188;51;625037431;10188;286;11164;11247;6.24;0.38;277.78;11.09;976;53;3869.00;83
10188;51;625037445;10188;280;11167;11253;6.32;0.38;277.78;11.08;979;53;3870.00;86
10188;51;625037457;10188;279;11169;11253;6.36;0.39;277.78;11.15;981;53;3871.00;84
10188;51;625037470;10188;271;11171;11253;6.49;0.39;277.78;11.16;983;53;3872.00;82
10189;51;625037482;10189;272;11172;11253;6.64;0.40;277.79;11.16;983;53;3873.00;81
10192;51;625037494;10192;266;11176;11257;6.79;0.41;277.85;11.17;984;53;3874.00;81
10195;51;625037507;10195;263;11177;11257;6.80;0.41;277.85;11.19;982;53;3875.00;80
10196;51;625037529;10196;264;11178;11257;6.85;0.42;277.83;11.19;982;53;3876.00;79
10198;51;625037543;10198;265;11179;11257;6.84;0.42;277.81;11.19;981;53;3877.00;78
10199;51;625037557;10199;267;11182;11258;6.84;0.42;277.83;11.22;983;53;3878.00;76
10200;51;625037569;10200;266;11183;11259;6.83;0.42;277.83;11.22;983;53;3879.00;76
10201;51;625037583;10201;260;11185;11259;6.81;0.42;277.86;11.24;984;53;3880.00;74
10201;51;625037595;10201;263;11186;11260;6.84;0.42;277.86;11.24;985;53;3881.00;74
10202;51;625037614;10202;264;11187;11260;6.81;0.42;277.85;11.26;985;53;3882.00;73
10203;51;625037626;10203;267;11188;11260;6.86;0.42;277.84;11.26;985;53;3883.00;72
10203;51;625037638;10203;275;11188;11260;6.89;0.42;277.84;11.26;985;53;3884.00;72
10203;51;625037650;10203;283;11190;11260;6.85;0.42;277.84;11.29;987;53;3885.00;70
10207;51;625037661;10207;282;11190;11260;6.82;0.42;277.79;11.29;983;53;3886.00;70
10209;51;625037673;10209;293;11191;11260;6.81;0.42;277.77;11.29;982;53;3887.00;69
10209;51;625037685;10209;317;11257;11387;7.04;0.44;277.77;11.24;1048;53;3888.00;130
10212;51;625037708;10212;301;11262;11388;7.02;0.44;277.77;11.24;1050;53;3889.00;126
10215;51;625037721;10215;290;11271;11388;7.07;0.44;277.77;11.25;1056;53;3890.00;117
10216;51;625037734;10216;286;11275;11388;7.13;0.44;277.76;11.24;1059;53;3891.00;113
10219;51;625037746;10219;281;11284;11388;7.15;0.44;277.78;11.26;1065;53;3892.00;104
10221;51;625037762;10221;275;11289;11388;7.19;0.44;277.81;11.26;1068;53;3893.00;99
10224;51;625037774;10224;273;11295;11388;7.19;0.44;277.87;11.27;1071;53;3894.00;93
10227;51;625037787;10227;270;11300;11388;7.17;0.44;277.95;11.27;1073;53;3895.00;88
10230;51;625037800;10230;272;11305;11389;7.22;0.44;277.97;11.28;1075;53;3896.00;84
10234;51;625037813;10234;276;11308;11390;7.25;0.45;277.98;11.28;1074;53;3897.00;82
10236;51;625037826;10236;275;11313;11390;7.26;0.45;277.98;11.28;1077;53;3898.00;77
10240;51;625037839;10240;276;11315;11391;7.23;0.44;278.02;11.29;1075;53;3899.00;76
10244;51;625037856;10244;285;11321;11406;7.11;0.44;278.06;11.29;1077;53;3900.00;85
10246;51;625037877;10246;291;11322;11406;7.01;0.43;278.09;11.30;1076;53;3901.00;84
10249;51;625037891;10249;294;11325;11406;6.89;0.42;278.11;11.30;1076;53;3902.00;81
10252;51;625037904;10252;296;11328;11410;6.83;0.42;278.19;11.30;1076;53;3903.00;82
10257;51;625037917;10257;301;11330;11410;6.72;0.41;278.26;11.31;1073;53;3904.00;80
10260;51;625037930;10260;303;11331;11410;6.62;0.41;278.30;11.31;1071;53;3905.00;79
10264;51;625037944;10264;308;11336;11413;6.57;0.40;278.35;11.32;1072;53;3906.00;77
10269;51;625037957;10269;313;11336;11413;6.47;0.40;278.46;11.32;1067;53;3907.00;77
10271;51;625037973;10271;321;11338;11413;6.43;0.40;278.48;11.32;1067;53;3908.00;75
10275;51;625037985;10275;326;11342;11417;6.36;0.39;278.52;11.33;1067;53;3909.00;75
10278;51;625037998;10278;311;11343;11418;6.33;0.39;278.53;11.33;1065;53;3910.00;75
10282;51;625038011;10282;311;11345;11418;6.32;0.39;278.59;11.34;1063;53;3911.00;73
10286;51;625038025;10286;309;11347;11422;6.34;0.39;278.60;11.33;1061;53;3912.00;75
10291;51;625038038;10291;309;11348;11422;6.35;0.39;278.66;11.33;1057;53;3913.00;74
10297;51;625038050;10297;305;11349;11422;6.31;0.39;278.66;11.33;1052;53;3914.00;73
10302;51;625038063;10302;308;11354;11424;6.28;0.38;278.73;11.36;1052;53;3915.00;70
10307;51;625038076;10307;311;11356;11424;6.24;0.38;278.79;11.37;1049;53;3916.00;68
10308;51;625038088;10308;306;11360;11430;6.27;0.38;278.81;11.38;1052;53;3917.00;70
10313;51;625038102;10313;299;11360;11430;6.28;0.38;278.86;11.38;1047;53;3918.00;70
10316;51;625038115;10316;304;11360;11431;6.32;0.39;278.93;11.38;1044;53;3919.00;71
10319;51;625038127;10319;302;11362;11431;6.33;0.39;278.98;11.38;1043;53;3920.00;69
10324;51;625038140;10324;296;11363;11431;6.36;0.39;279.10;11.44;1039;53;3921.00;68
10328;51;625038153;10328;303;11364;11431;6.42;0.39;279.07;11.44;1036;53;3922.00;67
10332;51;625038165;10332;298;11364;11431;6.48;0.40;279.10;11.44;1032;53;3923.00;67
10336;51;625038178;10336;298;11373;11443;6.61;0.40;279.16;11.44;1037;53;3924.00;70
10339;51;625038192;10339;301;11374;11443;6.70;0.41;279.17;11.44;1035;53;3925.00;69
10343;51;625038205;10343;300;11374;11443;6.76;0.41;279.32;11.44;1031;53;3926.00;69
10347;51;625038218;10347;307;11376;11443;6.78;0.41;279.38;11.44;1029;53;3927.00;67
10350;51;625038231;10350;302;11376;11443;6.82;0.42;279.37;11.44;1026;53;3928.00;67
10351;51;625038244;10351;301;11376;11443;6.88;0.42;279.38;11.44;1025;53;3929.00;67
10358;51;625038259;10358;293;11379;11447;6.91;0.42;279.43;11.43;1021;53;3930.00;68
10361;51;625038273;10361;289;11380;11447;6.92;0.42;279.45;11.44;1019;53;3931.00;67
10364;51;625038286;10364;289;11382;11451;6.97;0.43;279.48;11.43;1018;53;3932.00;69
10368;51;625038299;10368;290;11384;11452;7.01;0.43;279.51;11.44;1016;53;3933.00;68
10374;51;625038313;10374;290;11385;11452;7.01;0.43;279.55;11.44;1011;53;3934.00;67
10377;51;625038326;10377;290;11386;11452;7.03;0.43;279.55;11.44;1009;53;3935.00;66
10381;51;625038339;10381;297;11396;11465;7.09;0.43;279.54;11.43;1015;53;3936.00;69
10388;51;625038353;10388;295;11397;11465;7.05;0.43;279.55;11.43;1009;53;3937.00;68
10389;51;625038372;10389;295;11397;11465;7.04;0.43;279.56;11.43;1008;53;3938.00;68
10394;51;625038390;10394;294;11399;11466;7.05;0.43;279.55;11.43;1005;53;3939.00;67
10396;51;625038403;10396;293;11400;11467;7.10;0.43;279.58;11.43;1004;53;3940.00;67
10404;51;625038416;10404;297;11400;11467;7.06;0.43;279.59;11.43;996;53;3941.00;67
10407;51;625038430;10407;299;11403;11470;7.13;0.43;279.59;11.43;996;53;3942.00;67
10412;51;625038443;10412;298;11404;11470;7.20;0.44;279.71;11.43;992;53;3943.00;66
10415;51;625038456;10415;294;11405;11470;7.18;0.44;279.70;11.43;990;53;3944.00;65
10421;51;625038470;10421;288;11406;11470;7.16;0.43;279.74;11.43;985;53;3945.00;64
10422;51;625038483;10422;290;11410;11476;7.17;0.44;279.76;11.42;988;53;3946.00;66
10425;51;625038496;10425;290;11411;11476;7.11;0.43;279.89;11.42;986;53;3947.00;65
10428;51;625038509;10428;296;11411;11476;7.09;0.43;279.94;11.42;983;53;3948.00;65
10431;51;625038522;10431;304;11411;11476;7.13;0.43;280.04;11.42;980;53;3949.00;65
10433;51;625038535;10433;302;11414;11480;7.06;0.43;280.08;11.42;981;53;3950.00;66
10439;51;625038548;10439;303;11415;11481;7.01;0.43;280.11;11.42;976;53;3951.00;66
10442;51;625038561;10442;304;11415;11481;6.98;0.43;280.19;11.42;973;53;3952.00;66
10445;51;625038574;10445;305;11416;11482;6.94;0.42;280.18;11.42;971;53;3953.00;66
10448;51;625038586;10448;312;11416;11482;6.92;0.42;280.29;11.42;968;53;3954.00;66
10452;51;625038599;10452;310;11416;11482;6.92;0.42;280.29;11.42;964;53;3955.00;66
10454;51;625038612;10454;322;11416;11482;6.90;0.42;280.25;11.42;962;53;3956.00;66
10459;51;625038624;10459;313;11416;11482;6.82;0.42;280.30;11.42;957;53;3957.00;66
10463;51;625038637;10463;302;11416;11482;6.76;0.41;280.30;11.42;953;53;3958.00;66
10467;51;625038650;10467;301;11416;11482;6.66;0.40;280.35;11.42;949;53;3959.00;66
10468;51;625038665;10468;321;11486;11607;6.79;0.42;280.38;11.35;1018;54;3960.00;121
10473;51;625038695;10473;309;11488;11608;6.81;0.42;280.41;11.35;1015;54;3961.00;120
10477;51;625038712;10477;301;11494;11608;6.97;0.43;280.41;11.34;1017;54;3962.00;114
10481;51;625038730;10481;295;11496;11608;7.01;0.43;280.46;11.34;1015;54;3963.00;112
10484;51;625038744;10484;294;11499;11608;7.07;0.43;280.48;11.34;1015;54;3964.00;109
10488;51;625038756;10488;299;11503;11608;7.09;0.43;280.51;11.34;1015;54;3965.00;105
10491;51;625038770;10491;286;11508;11608;7.15;0.44;280.56;11.33;1017;54;3966.00;100
10495;51;625038783;10495;283;11509;11608;7.19;0.44;280.62;11.33;1014;54;3967.00;99
10497;51;625038797;10497;274;11515;11609;7.27;0.44;280.61;11.33;1018;54;3968.00;94
10500;51;625038811;10500;266;11516;11610;7.29;0.45;280.68;11.33;1016;54;3969.00;94
10502;51;625038825;10502;258;11517;11610;7.28;0.45;280.69;11.33;1015;54;3970.00;93
10505;51;625038845;10505;256;11521;11614;7.22;0.44;280.78;11.33;1016;54;3971.00;93
10508;51;625038865;10508;249;11523;11614;7.16;0.44;280.82;11.33;1015;54;3972.00;91
10513;51;625038878;10513;244;11523;11614;7.11;0.43;280.89;11.33;1010;54;3973.00;91
10515;51;625038898;10515;250;11524;11614;7.08;0.43;280.95;11.33;1009;54;3974.00;90
10517;51;625038917;10517;254;11527;11620;7.09;0.43;280.94;11.32;1010;54;3975.00;93
10520;51;625038932;10520;254;11528;11620;7.12;0.44;281.03;11.33;1008;54;3976.00;92
10522;51;625038947;10522;246;11529;11620;7.17;0.44;281.01;11.33;1007;54;3977.00;91
10523;51;625038969;10523;246;11532;11623;7.25;0.44;281.04;11.32;1009;54;3978.00;91
10526;51;625038990;10526;250;11532;11623;7.25;0.44;281.04;11.32;1006;54;3979.00;91
10527;51;625039010;10527;245;11533;11623;7.22;0.44;281.10;11.39;1006;54;3980.00;90
10529;51;625039032;10529;231;11535;11624;7.25;0.44;281.10;11.39;1006;54;3981.00;89
10533;51;625039051;10533;222;11536;11625;7.25;0.44;281.08;11.38;1003;54;3982.00;89
10534;51;625039070;10534;223;11536;11625;7.29;0.44;281.06;11.38;1002;54;3983.00;89
10537;51;625039083;10537;225;11546;11638;7.36;0.45;281.16;11.37;1009;54;3984.00;92
10539;51;625039099;10539;225;11546;11638;7.39;0.45;281.12;11.37;1007;54;3985.00;92
10542;51;625039114;10542;222;11546;11638;7.39;0.45;281.15;11.37;1004;54;3986.00;92
10544;51;625039128;10544;228;11547;11639;7.35;0.45;281.14;11.37;1003;54;3987.00;92
10545;51;625039143;10545;228;11547;11639;7.35;0.45;281.16;11.37;1002;54;3988.00;92
10547;51;625039156;10547;244;11550;11643;7.31;0.45;281.14;11.37;1003;54;3989.00;93
10548;51;625039171;10548;253;11551;11643;7.26;0.44;281.12;11.37;1003;54;3990.00;92
10551;51;625039185;10551;254;11554;11647;7.16;0.44;281.07;11.37;1003;54;3991.00;93
10552;51;625039199;10552;257;11554;11647;7.11;0.43;281.08;11.37;1002;54;3992.00;93
10553;51;625039212;10553;257;11554;11647;7.04;0.43;281.07;11.37;1001;54;3993.00;93
10554;51;625039227;10554;255;11554;11647;6.96;0.42;281.08;11.37;1000;54;3994.00;93
10556;51;625039240;10556;269;11554;11647;6.86;0.42;281.06;11.37;998;54;3995.00;93
10556;51;625039253;10556;265;11564;11659;6.83;0.42;281.06;11.36;1008;54;3996.00;95
10559;51;625039266;10559;274;11566;11659;6.76;0.41;281.22;11.42;1007;54;3997.00;93
10562;51;625039278;10562;281;11566;11659;6.67;0.41;281.18;11.42;1004;54;3998.00;93
10564;51;625039290;10564;283;11566;11659;6.63;0.41;281.14;11.42;1002;54;3999.00;93
10568;51;625039303;10568;279;11566;11659;6.58;0.40;281.15;11.42;998;54;4000.00;93
10571;51;625039319;10571;277;11566;11659;6.51;0.40;281.08;11.42;995;54;4001.00;93
10575;51;625039332;10575;278;11566;11660;6.39;0.39;281.05;11.42;991;54;4002.00;94
10577;51;625039344;10577;272;11566;11660;6.36;0.39;281.07;11.42;989;54;4003.00;94
10581;51;625039356;10581;271;11570;11666;6.34;0.39;281.06;11.42;989;54;4004.00;96
10583;51;625039368;10583;267;11572;11668;6.30;0.39;281.07;11.42;989;54;4005.00;96
10586;51;625039380;10586;276;11573;11668;6.32;0.39;281.05;11.41;987;54;4006.00;95
10590;51;625039391;10590;272;11573;11668;6.30;0.39;280.99;11.41;983;54;4007.00;95
10591;51;625039402;10591;277;11577;11672;6.29;0.39;280.99;11.48;986;54;4008.00;95
10596;51;625039415;10596;273;11577;11672;6.25;0.38;280.99;11.48;981;54;4009.00;95
10601;51;625039426;10601;277;11577;11672;6.20;0.38;280.97;11.48;976;54;4010.00;95
10602;51;625039439;10602;274;11578;11673;6.19;0.38;280.97;11.48;976;54;4011.00;95
10602;51;625039451;10602;277;11582;11677;6.17;0.38;280.97;11.53;980;54;4012.00;95
10604;51;625039463;10604;274;11582;11677;6.15;0.37;280.94;11.53;978;54;4013.00;95
10607;51;625039477;10607;272;11586;11680;6.10;0.37;280.91;11.61;979;54;4014.00;94
10608;51;625039490;10608;273;11587;11680;6.10;0.37;280.93;11.61;979;54;4015.00;93
10609;51;625039502;10609;273;11588;11680;6.02;0.37;280.94;11.62;979;54;4016.00;92
10611;51;625039514;10611;273;11589;11680;5.97;0.36;280.95;11.68;978;54;4017.00;91
10615;51;625039524;10615;274;11592;11684;5.88;0.36;280.95;11.67;977;54;4018.00;92
10618;51;625039539;10618;255;11592;11684;5.91;0.36;281.00;11.67;974;54;4019.00;92
10620;51;625039552;10620;245;11594;11684;5.97;0.36;280.97;11.73;974;54;4020.00;90
10621;51;625039563;10621;241;11594;11684;6.04;0.37;280.97;11.73;973;54;4021.00;90
10622;51;625039574;10622;232;11594;11685;6.13;0.37;280.95;11.73;972;54;4022.00;91
10622;51;625039587;10622;226;11596;11686;6.24;0.38;280.95;11.78;974;54;4023.00;90
10624;51;625039598;10624;219;11596;11686;6.31;0.38;280.92;11.78;972;54;4024.00;90
10625;51;625039610;10625;218;11597;11687;6.38;0.39;280.91;11.78;972;54;4025.00;90
10629;51;625039634;10629;207;11599;11687;6.41;0.39;280.86;11.83;970;54;4026.00;88
10630;51;625039653;10630;200;11599;11687;6.50;0.39;280.85;11.83;969;54;4027.00;88
10631;51;625039666;10631;196;11599;11687;6.58;0.40;280.85;11.83;968;54;4028.00;88
10632;51;625039677;10632;195;11600;11687;6.66;0.40;280.86;11.89;968;54;4029.00;87
10632;51;625039689;10632;194;11600;11687;6.74;0.41;280.86;11.89;968;54;4030.00;87
10632;51;625039701;10632;196;11600;11687;6.84;0.42;280.86;11.89;968;54;4031.00;87
10633;51;625039720;10633;214;11664;11814;7.12;0.44;280.85;11.87;1031;54;4032.00;150
10635;51;625039743;10635;213;11667;11815;7.18;0.44;280.84;11.87;1032;54;4033.00;148
10636;51;625039755;10636;205;11678;11815;7.34;0.45;280.84;11.91;1042;54;4034.00;137
10637;51;625039768;10637;204;11685;11815;7.41;0.45;280.82;11.90;1048;54;4035.00;130
10638;51;625039780;10638;205;11692;11815;7.47;0.46;280.83;11.91;1054;54;4036.00;123
10641;51;625039793;10641;202;11698;11815;7.49;0.46;280.85;11.91;1057;54;4037.00;117
10641;51;625039806;10641;211;11702;11815;7.48;0.46;280.85;11.91;1061;54;4038.00;113
10644;51;625039831;10644;215;11706;11815;7.48;0.46;280.91;11.91;1062;54;4039.00;109
10648;51;625039844;10648;220;11711;11816;7.45;0.46;280.90;11.93;1063;54;4040.00;105
10649;51;625039858;10649;223;11714;11817;7.44;0.45;280.88;11.93;1065;54;4041.00;103
10651;51;625039872;10651;223;11716;11817;7.47;0.46;280.90;11.93;1065;54;4042.00;101
10653;51;625039885;10653;230;11719;11818;7.45;0.45;280.87;11.95;1066;54;4043.00;99
10654;51;625039899;10654;234;11721;11818;7.43;0.45;280.86;11.95;1067;54;4044.00;97
10655;51;625039913;10655;242;11724;11818;7.37;0.45;280.85;11.97;1069;54;4045.00;94
10659;51;625039926;10659;246;11727;11818;7.31;0.45;280.96;11.99;1068;54;4046.00;91
10662;51;625039941;10662;252;11731;11822;7.24;0.44;281.12;11.99;1069;54;4047.00;91
10663;51;625039956;10663;257;11734;11822;7.14;0.44;281.14;12.01;1071;54;4048.00;88
10665;51;625039973;10665;262;11736;11822;7.08;0.43;281.21;12.02;1071;54;4049.00;86
10669;51;625039995;10669;277;11740;11828;7.00;0.43;281.27;12.03;1071;54;4050.00;88
10669;51;625040010;10669;279;11742;11828;6.96;0.42;281.27;12.04;1073;54;4051.00;86
10671;51;625040022;10671;282;11745;11828;6.89;0.42;281.33;12.05;1074;54;4052.00;83
10675;51;625040034;10675;290;11748;11832;6.76;0.41;281.42;12.05;1073;54;4053.00;84
10678;51;625040047;10678;296;11751;11833;6.69;0.41;281.44;12.06;1073;54;4054.00;82
10682;51;625040059;10682;309;11752;11833;6.62;0.40;281.52;12.07;1070;54;4055.00;81
10683;51;625040077;10683;313;11756;11837;6.64;0.41;281.56;12.07;1073;54;4056.00;81
10686;51;625040089;10686;321;11756;11837;6.54;0.40;281.63;12.07;1070;54;4057.00;81
10688;51;625040101;10688;323;11759;11837;6.49;0.40;281.66;12.08;1071;54;4058.00;78
10692;51;625040113;10692;326;11760;11838;6.46;0.39;281.67;12.08;1068;54;4059.00;78
10694;51;625040126;10694;324;11761;11838;6.43;0.39;281.73;12.08;1067;54;4060.00;77
10695;51;625040138;10695;325;11766;11844;6.45;0.39;281.78;12.09;1071;54;4061.00;78
10700;51;625040151;10700;327;11767;11844;6.40;0.39;281.77;12.09;1067;54;4062.00;77
10701;51;625040163;10701;328;11768;11845;6.38;0.39;281.81;12.09;1067;54;4063.00;77
10705;51;625040181;10705;332;11769;11845;6.37;0.39;281.83;12.11;1064;54;4064.00;76
10706;51;625040194;10706;326;11771;11845;6.35;0.39;281.86;12.12;1065;54;4065.00;74
10710;51;625040206;10710;334;11771;11845;6.33;0.39;281.93;12.12;1061;54;4066.00;74
10710;51;625040219;10710;335;11773;11845;6.37;0.39;281.93;12.14;1063;54;4067.00;72
10712;51;625040231;10712;335;11782;11857;6.41;0.39;281.92;12.13;1070;54;4068.00;75
10713;51;625040244;10713;330;11782;11857;6.42;0.39;281.91;12.13;1069;54;4069.00;75
10714;51;625040257;10714;329;11785;11857;6.36;0.39;281.96;12.14;1071;54;4070.00;72
10716;51;625040275;10716;331;11785;11857;6.32;0.39;281.95;12.14;1069;54;4071.00;72
10723;51;625040287;10723;322;11787;11857;6.19;0.38;282.10;12.17;1064;54;4072.00;70
10724;51;625040299;10724;332;11787;11857;6.12;0.38;282.09;12.17;1063;54;4073.00;70
10729;51;625040310;10729;324;11790;11861;6.01;0.37;282.17;12.16;1061;54;4074.00;71
10732;51;625040322;10732;324;11793;11861;5.97;0.37;282.19;12.20;1061;54;4075.00;68
10737;51;625040334;10737;315;11796;11865;5.94;0.36;282.20;12.19;1059;54;4076.00;69
10739;51;625040347;10739;320;11797;11866;5.92;0.36;282.18;12.19;1058;54;4077.00;69
10741;51;625040359;10741;325;11799;11866;5.87;0.36;282.21;12.20;1058;54;4078.00;67
10745;51;625040372;10745;329;11799;11866;5.80;0.36;282.26;12.20;1054;54;4079.00;67
10751;51;625040386;10751;324;11820;11895;5.77;0.36;282.22;12.22;1069;54;4080.00;75
10755;51;625040405;10755;317;11820;11895;5.80;0.36;282.24;12.22;1065;54;4081.00;75
10756;51;625040418;10756;311;11825;11895;5.84;0.36;282.24;12.22;1069;54;4082.00;70
10764;51;625040432;10764;307;11828;11896;5.85;0.36;282.22;12.22;1064;54;4083.00;68
10768;51;625040444;10768;315;11830;11897;5.85;0.36;282.23;12.22;1062;54;4084.00;67
10773;51;625040456;10773;318;11831;11897;5.89;0.36;282.22;12.23;1058;54;4085.00;66
10778;51;625040468;10778;320;11834;11900;5.95;0.36;282.26;12.22;1056;54;4086.00;66
10783;51;625040481;10783;318;11837;11900;5.97;0.37;282.34;12.25;1054;54;4087.00;63
10786;51;625040493;10786;317;11837;11900;6.02;0.37;282.38;12.25;1051;54;4088.00;63
10792;51;625040505;10792;313;11837;11900;6.09;0.37;282.44;12.25;1045;54;4089.00;63
10795;51;625040518;10795;307;11842;11906;6.20;0.38;282.46;12.25;1047;54;4090.00;64
10800;51;625040530;10800;314;11843;11906;6.26;0.38;282.57;12.25;1043;54;4091.00;63
10804;51;625040543;10804;310;11843;11906;6.32;0.38;282.59;12.25;1039;54;4092.00;63
10808;51;625040555;10808;311;11843;11906;6.36;0.39;282.61;12.25;1035;54;4093.00;63
10812;51;625040569;10812;312;11846;11910;6.39;0.39;282.65;12.25;1034;54;4094.00;64
10818;51;625040582;10818;314;11848;11912;6.43;0.39;282.71;12.25;1030;54;4095.00;64
10821;51;625040595;10821;317;11848;11912;6.52;0.40;282.76;12.25;1027;54;4096.00;64
10824;51;625040607;10824;303;11849;11913;6.65;0.40;282.77;12.25;1025;54;4097.00;64
10829;51;625040619;10829;305;11849;11913;6.70;0.41;282.89;12.25;1020;54;4098.00;64
10830;51;625040633;10830;305;11849;11913;6.77;0.41;282.87;12.25;1019;54;4099.00;64
10833;51;625040646;10833;302;11849;11913;6.87;0.42;282.92;12.25;1016;54;4100.00;64
10839;51;625040662;10839;301;11849;11913;6.92;0.42;282.96;12.25;1010;54;4101.00;64
10842;51;625040680;10842;295;11849;11913;7.00;0.43;282.98;12.25;1007;54;4102.00;64
10848;51;625040693;10848;297;11849;11913;7.04;0.43;282.98;12.25;1001;54;4103.00;64
10852;51;625040706;10852;313;11891;11983;7.03;0.43;283.00;12.20;1039;54;4104.00;92
10858;51;625040724;10858;303;11891;11984;7.03;0.43;283.01;12.20;1033;54;4105.00;93
10864;51;625040737;10864;302;11897;11984;7.12;0.44;283.07;12.20;1033;54;4106.00;87
10866;51;625040751;10866;304;11900;11984;7.24;0.44;283.05;12.19;1034;54;4107.00;84
10870;51;625040767;10870;302;11905;11984;7.33;0.45;283.11;12.19;1035;54;4108.00;79
10876;51;625040780;10876;307;11908;11984;7.38;0.45;283.17;12.19;1032;54;4109.00;76
10878;51;625040795;10878;313;11910;11984;7.46;0.46;283.15;12.19;1032;54;4110.00;74
10882;51;625040808;10882;314;11910;11984;7.43;0.46;283.22;12.19;1028;54;4111.00;74
10885;51;625040821;10885;326;11912;11985;7.50;0.46;283.23;12.19;1027;54;4112.00;73
10890;51;625040834;10890;334;11913;11986;7.47;0.46;283.34;12.19;1023;54;4113.00;73
10894;51;625040848;10894;334;11914;11986;7.43;0.46;283.41;12.19;1020;54;4114.00;72
10900;51;625040861;10900;337;11917;11990;7.36;0.45;283.42;12.23;1017;54;4115.00;73
10903;51;625040875;10903;342;11917;11990;7.28;0.45;283.45;12.23;1014;54;4116.00;73
10908;51;625040888;10908;343;11917;11990;7.17;0.44;283.49;12.23;1009;54;4117.00;73
10912;51;625040902;10912;347;11917;11990;7.13;0.44;283.51;12.23;1005;54;4118.00;73
10917;51;625040915;10917;343;11921;11996;7.14;0.44;283.62;12.23;1004;54;4119.00;75
10922;51;625040929;10922;350;11921;11996;7.09;0.43;283.65;12.23;999;54;4120.00;75
10925;51;625040942;10925;352;11924;11996;7.01;0.43;283.67;12.23;999;54;4121.00;72
10930;51;625040955;10930;353;11926;11999;6.93;0.42;283.71;12.23;996;54;4122.00;73
10933;51;625040972;10933;362;11927;11999;6.89;0.42;283.76;12.23;994;54;4123.00;72
10938;51;625040990;10938;366;11928;11999;6.79;0.42;283.85;12.23;990;54;4124.00;71
10943;51;625041019;10943;370;11929;12000;6.64;0.41;283.89;12.23;986;54;4125.00;71
10948;51;625041038;10948;376;11930;12001;6.56;0.40;283.97;12.22;982;54;4126.00;71
10951;51;625041056;10951;371;11930;12001;6.53;0.40;283.99;12.22;979;54;4127.00;71
10955;51;625041075;10955;372;11941;12014;6.57;0.40;283.97;12.21;986;54;4128.00;73
10959;51;625041092;10959;370;11941;12014;6.52;0.40;283.93;12.21;982;54;4129.00;73
10963;51;625041106;10963;365;11941;12014;6.47;0.39;283.94;12.21;978;54;4130.00;73
10965;51;625041121;10965;365;11942;12015;6.48;0.39;283.92;12.21;977;54;4131.00;73
10965;51;625041135;10965;363;11943;12015;6.50;0.40;283.92;12.26;978;54;4132.00;72
10968;51;625041147;10968;364;11946;12019;6.57;0.40;283.96;12.25;978;54;4133.00;73
10971;51;625041161;10971;362;11946;12019;6.60;0.40;283.98;12.25;975;54;4134.00;73
10975;51;625041175;10975;364;11950;12023;6.61;0.40;283.96;12.25;975;54;4135.00;73
10976;51;625041200;10976;356;11950;12023;6.60;0.40;283.98;12.25;974;54;4136.00;73
10981;51;625041213;10981;348;11950;12023;6.61;0.40;284.07;12.25;969;54;4137.00;73
10984;51;625041226;10984;350;11950;12023;6.56;0.40;284.05;12.25;966;54;4138.00;73
10984;51;625041245;10984;342;11950;12023;6.58;0.40;284.05;12.25;966;54;4139.00;73
10986;51;625041260;10986;344;11975;12057;6.57;0.40;284.07;12.27;989;54;4140.00;82
10988;51;625041275;10988;332;11976;12057;6.56;0.41;284.12;12.27;988;54;4141.00;81
10989;51;625041289;10989;324;11977;12057;6.64;0.41;284.11;12.27;988;54;4142.00;80
10993;51;625041301;10993;319;11977;12057;6.68;0.41;284.08;12.27;984;54;4143.00;80
10996;51;625041314;10996;322;11978;12057;6.69;0.41;284.03;12.27;982;54;4144.00;79
10999;51;625041326;10999;313;11978;12057;6.69;0.41;284.05;12.27;979;54;4145.00;79
11002;51;625041339;11002;310;11979;12058;6.71;0.41;284.06;12.27;977;54;4146.00;79
11003;51;625041356;11003;301;11979;12058;6.75;0.42;284.06;12.27;976;54;4147.00;79
11008;51;625041368;11008;306;11984;12064;6.78;0.42;284.10;12.31;976;54;4148.00;80
11010;51;625041382;11010;308;11985;12065;6.85;0.42;284.08;12.31;975;54;4149.00;80
11015;51;625041395;11015;309;11986;12065;6.85;0.42;284.02;12.31;971;54;4150.00;79
11018;51;625041408;11018;313;11986;12065;6.84;0.42;284.00;12.31;968;54;4151.00;79
11020;51;625041420;11020;307;11990;12069;6.88;0.42;283.98;12.30;970;54;4152.00;79
11023;51;625041434;11023;307;11990;12069;6.87;0.42;283.94;12.30;967;54;4153.00;79
11025;51;625041447;11025;309;11990;12069;6.81;0.41;283.91;12.30;965;54;4154.00;79
11026;51;625041460;11026;308;11992;12070;6.75;0.41;283.91;12.35;966;54;4155.00;78
11026;51;625041472;11026;305;11995;12074;6.73;0.41;283.91;12.34;969;54;4156.00;79
11027;51;625041485;11027;311;11995;12074;6.68;0.41;283.89;12.34;968;54;4157.00;79
11029;51;625041497;11029;317;11997;12077;6.66;0.41;283.87;12.34;968;54;4158.00;80
11033;51;625041511;11033;319;11997;12077;6.55;0.40;283.91;12.34;964;54;4159.00;80
11036;51;625041523;11036;326;11998;12077;6.48;0.39;283.88;12.34;962;54;4160.00;79
11037;51;625041535;11037;324;11998;12077;6.45;0.39;283.87;12.34;961;54;4161.00;79
11037;51;625041546;11037;321;12001;12081;6.47;0.39;283.87;12.34;964;54;4162.00;80
11038;51;625041558;11038;323;12001;12081;6.48;0.39;283.88;12.34;963;54;4163.00;80
11039;51;625041570;11039;325;12002;12081;6.48;0.39;283.87;12.34;963;54;4164.00;79
11040;51;625041581;11040;325;12003;12081;6.42;0.39;283.87;12.38;963;54;4165.00;78
11041;51;625041593;11041;328;12003;12082;6.36;0.39;283.85;12.38;962;54;4166.00;79
11044;51;625041604;11044;328;12004;12083;6.30;0.38;283.83;12.38;960;54;4167.00;79
11045;51;625041615;11045;329;12005;12083;6.25;0.38;283.82;12.43;960;54;4168.00;78
11046;51;625041627;11046;331;12006;12084;6.18;0.38;283.81;12.43;960;54;4169.00;78
11046;51;625041640;11046;331;12006;12084;6.08;0.37;283.81;12.43;960;54;4170.00;78
11047;51;625041651;11047;316;12007;12084;5.97;0.37;283.80;12.47;960;54;4171.00;77
11051;51;625041662;11051;307;12007;12084;5.88;0.36;283.89;12.47;956;54;4172.00;77
11051;51;625041674;11051;298;12009;12086;5.85;0.36;283.89;12.47;958;54;4173.00;77
11052;51;625041684;11052;278;12009;12086;5.85;0.36;283.90;12.47;957;54;4174.00;77
11054;51;625041696;11054;270;12011;12086;5.88;0.36;283.91;12.57;957;54;4175.00;75
11059;51;625041708;11059;286;12078;12213;5.98;0.37;283.91;12.50;1019;54;4176.00;135
11060;51;625041731;11060;270;12080;12214;6.06;0.38;283.91;12.54;1020;54;4177.00;134
11062;51;625041749;11062;263;12087;12214;6.18;0.38;283.89;12.54;1025;54;4178.00;127
11064;52;625041763;11064;248;12092;12214;6.21;0.38;283.89;12.58;1028;55;4179.00;122
11065;52;625041787;11065;235;12095;12214;6.30;0.39;283.89;12.58;1030;55;4180.00;119
11067;52;625041799;11067;231;12103;12214;6.38;0.39;283.89;12.57;1036;55;4181.00;111
11067;52;625041811;11067;228;12107;12214;6.46;0.40;283.89;12.62;1040;55;4182.00;107
11068;52;625041823;11068;224;12109;12214;6.49;0.40;283.88;12.62;1041;55;4183.00;105
11072;52;625041836;11072;223;12111;12215;6.51;0.40;283.90;12.62;1039;55;4184.00;104
11074;52;625041867;11074;214;12114;12217;6.60;0.41;283.89;12.61;1040;55;4185.00;103
11078;52;625041881;11078;214;12120;12217;6.70;0.41;283.94;12.64;1042;55;4186.00;97
11079;52;625041894;11079;220;12122;12218;6.80;0.42;283.93;12.64;1043;55;4187.00;96
11082;52;625041906;11082;211;12124;12218;6.85;0.42;283.92;12.64;1042;55;4188.00;94
11084;52;625041918;11084;211;12125;12218;6.86;0.42;283.93;12.64;1041;55;4189.00;93
11084;52;625041931;11084;200;12128;12218;6.89;0.42;283.93;12.69;1044;55;4190.00;90
11087;52;625041944;11087;195;12130;12222;6.90;0.42;283.93;12.69;1043;55;4191.00;92
11088;52;625041962;11088;191;12131;12222;6.94;0.43;283.91;12.69;1043;55;4192.00;91
11090;52;625041978;11090;183;12133;12222;6.99;0.43;283.94;12.69;1043;55;4193.00;89
11094;52;625041991;11094;183;12135;12225;7.04;0.43;284.01;12.69;1041;55;4194.00;90
11096;52;625042005;11096;181;12137;12225;7.09;0.43;284.02;12.69;1041;55;4195.00;88
11099;52;625042018;11099;185;12137;12225;7.10;0.43;283.98;12.69;1038;55;4196.00;88
11102;52;625042030;11102;188;12142;12229;7.14;0.44;284.05;12.68;1040;55;4197.00;87
11105;52;625042043;11105;190;12143;12230;7.19;0.44;284.04;12.68;1038;55;4198.00;87
11107;52;625042055;11107;190;12144;12230;7.24;0.44;284.03;12.68;1037;55;4199.00;86
11109;52;625042071;11109;193;12154;12264;7.22;0.44;283.99;12.67;1045;55;4200.00;110
11111;52;625042090;11111;189;12156;12264;7.23;0.44;283.99;12.67;1045;55;4201.00;108
11115;52;625042104;11115;194;12158;12264;7.18;0.44;284.08;12.67;1043;55;4202.00;106
11117;52;625042116;11117;193;12159;12265;7.20;0.44;284.13;12.67;1042;55;4203.00;106
11121;52;625042129;11121;192;12160;12265;7.18;0.44;284.13;12.67;1039;55;4204.00;105
11124;52;625042141;11124;192;12163;12271;7.23;0.44;284.15;12.67;1039;55;4205.00;108
11128;52;625042154;11128;199;12166;12271;7.24;0.44;284.23;12.67;1038;55;4206.00;105
11131;52;625042167;11131;198;12167;12272;7.24;0.44;284.31;12.67;1036;55;4207.00;105
11134;52;625042180;11134;203;12167;12272;7.30;0.44;284.42;12.67;1033;55;4208.00;105
11136;52;625042193;11136;207;12168;12272;7.32;0.44;284.50;12.67;1032;55;4209.00;104
11137;52;625042207;11137;210;12168;12272;7.35;0.45;284.48;12.67;1031;55;4210.00;104
11141;52;625042219;11141;210;12171;12272;7.35;0.45;284.56;12.69;1030;55;4211.00;101
11143;52;625042232;11143;221;12182;12284;7.41;0.45;284.59;12.69;1039;55;4212.00;102
11147;52;625042246;11147;222;12183;12284;7.35;0.45;284.59;12.69;1036;55;4213.00;101
11149;52;625042260;11149;227;12185;12284;7.40;0.45;284.58;12.71;1036;55;4214.00;99
11151;52;625042273;11151;223;12185;12284;7.48;0.45;284.57;12.71;1034;55;4215.00;99
11155;52;625042287;11155;220;12187;12284;7.48;0.45;284.68;12.73;1032;55;4216.00;97
11157;52;625042305;11157;216;12188;12284;7.57;0.46;284.64;12.73;1031;55;4217.00;96
11158;52;625042318;11158;220;12193;12288;7.63;0.46;284.63;12.74;1035;55;4218.00;95
11161;52;625042332;11161;220;12195;12288;7.63;0.46;284.68;12.76;1034;55;4219.00;93
11163;52;625042345;11163;222;12198;12292;7.65;0.47;284.73;12.77;1035;55;4220.00;94
11167;52;625042359;11167;229;12200;12293;7.69;0.47;284.74;12.78;1033;55;4221.00;93
11171;52;625042372;11171;233;12200;12293;7.66;0.47;284.74;12.78;1029;55;4222.00;93
11171;52;625042384;11171;236;12202;12293;7.65;0.47;284.74;12.80;1031;55;4223.00;91
11174;52;625042398;11174;236;12210;12306;7.60;0.46;284.69;12.81;1036;55;4224.00;96
11176;52;625042418;11176;241;12211;12306;7.59;0.46;284.68;12.81;1035;55;4225.00;95
11179;52;625042430;11179;247;12215;12306;7.50;0.46;284.82;12.86;1036;55;4226.00;91
11181;52;625042443;11181;247;12216;12307;7.45;0.45;284.85;12.86;1035;55;4227.00;91
11186;52;625042456;11186;251;12216;12308;7.40;0.45;285.01;12.86;1030;55;4228.00;92
11190;52;625042469;11190;256;12219;12308;7.30;0.44;285.09;12.88;1029;55;4229.00;89
11191;52;625042484;11191;254;12223;12314;7.28;0.44;285.09;12.89;1032;55;4230.00;91
11194;52;625042497;11194;251;12226;12314;7.22;0.44;285.14;12.90;1032;55;4231.00;88
11195;52;625042510;11195;252;12226;12314;7.19;0.44;285.17;12.90;1031;55;4232.00;88
11196;52;625042523;11196;252;12229;12314;7.16;0.44;285.19;12.92;1033;55;4233.00;85
11198;52;625042535;11198;249;12232;12320;7.12;0.44;285.20;12.91;1034;55;4234.00;88
11203;52;625042548;11203;253;12233;12320;7.10;0.43;285.23;12.92;1030;55;4235.00;87
11207;52;625042560;11207;252;12233;12320;7.12;0.43;285.26;12.92;1026;55;4236.00;87
11207;52;625042573;11207;252;12235;12320;7.10;0.43;285.26;12.94;1028;55;4237.00;85
11210;52;625042585;11210;255;12239;12324;7.06;0.43;285.30;12.94;1029;55;4238.00;85
11211;52;625042598;11211;250;12241;12325;7.07;0.43;285.33;12.95;1030;55;4239.00;84
11214;52;625042610;11214;252;12241;12325;7.04;0.43;285.33;12.95;1027;55;4240.00;84
11217;52;625042622;11217;256;12243;12326;7.00;0.43;285.42;12.95;1026;55;4241.00;83
11221;52;625042635;11221;261;12245;12326;6.91;0.42;285.41;12.96;1024;55;4242.00;81
11222;52;625042647;11222;264;12246;12326;6.88;0.42;285.42;12.97;1024;55;4243.00;80
11227;52;625042659;11227;259;12248;12326;6.77;0.41;285.39;12.98;1021;55;4244.00;78
11231;52;625042670;11231;268;12248;12326;6.66;0.41;285.34;12.98;1017;55;4245.00;78
11234;52;625042682;11234;264;12250;12326;6.51;0.40;285.35;13.00;1016;55;4246.00;76
11242;52;625042694;11242;273;12251;12326;6.37;0.39;285.33;13.00;1009;55;4247.00;75
11243;52;625042706;11243;289;12286;12396;6.37;0.39;285.32;12.96;1043;55;4248.00;110
11248;52;625042722;11248;287;12291;12397;6.26;0.39;285.32;12.97;1043;55;4249.00;106
11255;52;625042734;11255;274;12294;12397;6.24;0.38;285.37;12.97;1039;55;4250.00;103
11258;52;625042746;11258;280;12297;12397;6.24;0.38;285.40;12.98;1039;55;4251.00;100
11262;52;625042757;11262;278;12301;12397;6.27;0.39;285.47;12.98;1039;55;4252.00;96
11265;52;625042769;11265;283;12304;12397;6.28;0.39;285.50;12.99;1039;55;4253.00;93
11270;52;625042780;11270;296;12309;12397;6.31;0.39;285.56;12.99;1039;55;4254.00;88
11275;52;625042792;11275;297;12313;12397;6.29;0.39;285.69;13.00;1038;55;4255.00;84
11278;52;625042804;11278;304;12316;12398;6.29;0.39;285.71;13.00;1038;55;4256.00;82
11282;52;625042816;11282;294;12320;12399;6.27;0.39;285.75;13.00;1038;55;4257.00;79
11290;52;625042828;11290;293;12324;12399;6.21;0.38;285.88;13.01;1034;55;4258.00;75
11293;52;625042841;11293;294;12328;12403;6.22;0.38;285.88;13.01;1035;55;4259.00;75
11297;52;625042854;11297;296;12331;12403;6.24;0.38;285.99;13.02;1034;55;4260.00;72
11304;52;625042867;11304;298;12332;12403;6.27;0.39;286.04;13.02;1028;56;4261.00;71
11306;52;625042887;11306;305;12332;12403;6.31;0.39;286.07;13.02;1026;56;4262.00;71
11311;52;625042899;11311;306;12336;12409;6.31;0.39;286.12;13.02;1025;56;4263.00;73
11314;52;625042911;11314;309;12337;12409;6.29;0.39;286.13;13.03;1023;56;4264.00;72
11321;52;625042923;11321;315;12337;12409;6.26;0.38;286.14;13.03;1016;56;4265.00;72
11325;52;625042936;11325;318;12339;12412;6.30;0.39;286.19;13.02;1014;56;4266.00;73
11330;52;625042949;11330;313;12340;12412;6.33;0.39;286.22;13.03;1010;56;4267.00;72
11335;52;625042960;11335;317;12341;12412;6.28;0.38;286.26;13.03;1006;56;4268.00;71
11340;52;625042978;11340;315;12342;12413;6.26;0.38;286.24;13.03;1002;56;4269.00;71
11345;52;625042996;11345;325;12343;12414;6.24;0.38;286.28;13.03;998;56;4270.00;71
11350;52;625043017;11350;314;12343;12414;6.28;0.38;286.31;13.03;993;56;4271.00;71
11351;52;625043034;11351;314;12355;12427;6.38;0.39;286.34;13.02;1004;56;4272.00;72
11357;52;625043054;11357;310;12356;12427;6.35;0.39;286.35;13.02;999;56;4273.00;71
11362;52;625043070;11362;312;12358;12427;6.33;0.39;286.44;13.02;996;56;4274.00;69
11364;52;625043085;11364;309;12362;12429;6.40;0.39;286.48;13.08;998;56;4275.00;67
11371;52;625043102;11371;308;12362;12429;6.40;0.39;286.51;13.08;991;56;4276.00;67
11378;52;625043116;11378;308;12366;12433;6.40;0.39;286.51;13.08;988;56;4277.00;67
11382;52;625043131;11382;309;12367;12433;6.40;0.39;286.51;13.08;985;56;4278.00;66
11386;52;625043144;11386;315;12371;12437;6.39;0.39;286.56;13.08;985;56;4279.00;66
11390;52;625043158;11390;320;12372;12437;6.33;0.39;286.64;13.08;982;56;4280.00;65
11396;52;625043171;11396;325;12373;12437;6.26;0.38;286.59;13.08;977;56;4281.00;64
11400;52;625043184;11400;330;12375;12437;6.21;0.38;286.62;13.07;975;56;4282.00;62
11401;52;625043199;11401;335;12376;12437;6.19;0.38;286.63;13.07;975;56;4283.00;61
11402;52;625043211;11402;342;12385;12449;6.24;0.38;286.63;13.06;983;56;4284.00;64
11406;52;625043224;11406;347;12386;12449;6.16;0.37;286.61;13.06;980;56;4285.00;63
11407;52;625043236;11407;353;12387;12449;6.14;0.37;286.59;13.06;980;56;4286.00;62
11408;52;625043248;11408;365;12387;12449;6.14;0.37;286.58;13.06;979;56;4287.00;62
11411;52;625043260;11411;371;12387;12449;6.12;0.37;286.57;13.06;976;56;4288.00;62
11413;52;625043272;11413;373;12387;12449;6.11;0.37;286.54;13.06;974;56;4289.00;62
11415;52;625043286;11415;379;12387;12450;6.07;0.37;286.52;13.06;972;56;4290.00;63
11419;52;625043308;11419;379;12387;12450;5.98;0.36;286.58;13.06;968;56;4291.00;63
11422;52;625043330;11422;384;12392;12456;5.92;0.36;286.57;13.06;970;56;4292.00;64
11424;52;625043343;11424;394;12393;12457;5.87;0.36;286.61;13.06;969;56;4293.00;64
11426;52;625043354;11426;404;12393;12457;5.80;0.35;286.59;13.06;967;56;4294.00;64
11428;52;625043367;11428;415;12393;12457;5.72;0.35;286.59;13.06;965;56;4295.00;64
11431;52;625043378;11431;427;12396;12461;5.69;0.35;286.58;13.05;965;56;4296.00;65
11434;52;625043392;11434;422;12396;12461;5.72;0.35;286.58;13.05;962;56;4297.00;65
11437;52;625043403;11437;424;12396;12461;5.71;0.35;286.55;13.05;959;56;4298.00;65
11438;52;625043415;11438;421;12397;12462;5.79;0.35;286.54;13.05;959;56;4299.00;65
11439;52;625043427;11439;423;12400;12466;5.86;0.36;286.51;13.05;961;56;4300.00;66
11443;52;625043444;11443;424;12400;12466;5.86;0.36;286.44;13.05;957;56;4301.00;66
11444;52;625043456;11444;425;12402;12469;5.94;0.36;286.44;13.05;958;56;4302.00;67
11446;52;625043468;11446;423;12403;12469;6.02;0.37;286.48;13.05;957;56;4303.00;66
11448;52;625043482;11448;426;12403;12469;5.99;0.37;286.45;13.05;955;56;4304.00;66
11450;52;625043493;11450;424;12403;12469;5.96;0.36;286.45;13.05;953;56;4305.00;66
11451;52;625043505;11451;408;12407;12473;5.97;0.37;286.44;13.10;956;56;4306.00;66
11454;52;625043518;11454;391;12408;12473;6.00;0.37;286.45;13.10;954;56;4307.00;65
11456;52;625043531;11456;375;12408;12473;6.01;0.37;286.44;13.10;952;56;4308.00;65
11457;52;625043543;11457;359;12408;12473;6.06;0.37;286.42;13.10;951;56;4309.00;65
11461;52;625043555;11461;345;12408;12474;6.05;0.37;286.39;13.10;947;56;4310.00;66
11463;52;625043579;11463;338;12409;12475;6.04;0.37;286.39;13.10;946;56;4311.00;66
11464;52;625043593;11464;330;12409;12475;6.03;0.37;286.36;13.10;945;56;4312.00;66
11468;53;625043605;11468;332;12410;12476;6.04;0.37;286.36;13.10;942;57;4313.00;66
11470;53;625043632;11470;326;12410;12476;6.04;0.37;286.32;13.10;940;57;4314.00;66
11472;53;625043646;11472;335;12410;12476;6.07;0.37;286.40;13.10;938;57;4315.00;66
11473;53;625043658;11473;331;12410;12476;6.12;0.37;286.39;13.10;937;57;4316.00;66
11475;53;625043670;11475;329;12410;12476;6.17;0.37;286.38;13.10;935;57;4317.00;66
11475;53;625043681;11475;326;12410;12476;6.21;0.38;286.38;13.10;935;57;4318.00;66
11476;53;625043693;11476;319;12410;12476;6.23;0.38;286.39;13.10;934;57;4319.00;66
11476;53;625043708;11476;354;12523;12706;6.52;0.41;286.39;12.98;1047;57;4320.00;183
11477;53;625043738;11477;344;12526;12707;6.55;0.41;286.39;12.98;1049;57;4321.00;181
11479;53;625043750;11479;326;12536;12707;6.67;0.42;286.37;12.97;1057;57;4322.00;171
11480;53;625043764;11480;312;12543;12707;6.74;0.42;286.35;12.96;1063;57;4323.00;164
11484;53;625043775;11484;287;12550;12707;6.74;0.42;286.33;12.96;1066;57;4324.00;157
11484;53;625043789;11484;287;12555;12707;6.75;0.42;286.33;12.95;1071;57;4325.00;152
11485;53;625043802;11485;287;12561;12707;6.75;0.42;286.32;12.95;1076;57;4326.00;146
11489;53;625043815;11489;282;12564;12707;6.70;0.42;286.37;12.95;1075;57;4327.00;143
11490;53;625043828;11490;278;12569;12708;6.63;0.41;286.39;12.95;1079;57;4328.00;139
11492;53;625043842;11492;279;12573;12709;6.56;0.41;286.38;12.95;1081;57;4329.00;136
11492;53;625043855;11492;276;12575;12709;6.54;0.41;286.38;12.94;1083;57;4330.00;134
11495;53;625043868;11495;279;12577;12710;6.55;0.41;286.36;12.94;1082;57;4331.00;133
11497;53;625043881;11497;283;12581;12710;6.53;0.41;286.35;12.94;1084;57;4332.00;129
11498;53;625043901;11498;295;12583;12710;6.52;0.40;286.35;13.00;1085;57;4333.00;127
11500;53;625043914;11500;297;12585;12710;6.46;0.40;286.35;13.00;1085;57;4334.00;125
11501;53;625043927;11501;304;12590;12714;6.40;0.40;286.35;13.00;1089;57;4335.00;124
11501;53;625043948;11501;314;12591;12714;6.33;0.39;286.35;13.00;1090;57;4336.00;123
11504;53;625043961;11504;319;12592;12714;6.30;0.39;286.33;13.00;1088;57;4337.00;122
11504;53;625043977;11504;330;12594;12717;6.26;0.39;286.33;13.00;1090;57;4338.00;123
11506;53;625043990;11506;333;12594;12717;6.26;0.39;286.31;13.00;1088;57;4339.00;123
11507;53;625044003;11507;324;12597;12717;6.28;0.39;286.30;13.00;1090;57;4340.00;120
11508;53;625044017;11508;328;12601;12721;6.33;0.39;286.32;13.00;1093;57;4341.00;120
11510;53;625044030;11510;324;12602;12722;6.36;0.39;286.29;13.00;1092;57;4342.00;120
11510;53;625044043;11510;326;12604;12722;6.40;0.39;286.29;13.00;1094;57;4343.00;118
11513;53;625044056;11513;329;12607;12726;6.39;0.39;286.31;13.00;1094;57;4344.00;119
11515;53;625044069;11515;327;12607;12726;6.34;0.39;286.34;13.00;1092;57;4345.00;119
11517;53;625044082;11517;325;12610;12726;6.28;0.39;286.37;13.05;1093;57;4346.00;116
11519;53;625044095;11519;325;12611;12727;6.34;0.39;286.38;13.05;1092;57;4347.00;116
11523;53;625044107;11523;317;12611;12727;6.35;0.39;286.37;13.05;1088;57;4348.00;116
11526;53;625044120;11526;313;12614;12733;6.36;0.39;286.41;13.05;1088;57;4349.00;119
11529;53;625044135;11529;305;12614;12733;6.36;0.39;286.46;13.05;1085;57;4350.00;119
11534;53;625044148;11534;299;12614;12734;6.30;0.38;286.49;13.05;1080;57;4351.00;120
11538;53;625044160;11538;289;12615;12734;6.25;0.38;286.54;13.05;1077;57;4352.00;119
11541;53;625044173;11541;282;12616;12734;6.19;0.38;286.52;13.05;1075;57;4353.00;118
11547;53;625044185;11547;271;12616;12734;6.10;0.37;286.56;13.05;1069;57;4354.00;118
11550;53;625044197;11550;264;12618;12734;6.09;0.37;286.56;13.06;1068;57;4355.00;116
11555;53;625044211;11555;256;12630;12746;6.17;0.38;286.63;13.07;1075;57;4356.00;116
11556;53;625044224;11556;262;12631;12746;6.22;0.38;286.63;13.07;1075;57;4357.00;115
11559;53;625044237;11559;258;12631;12746;6.25;0.38;286.65;13.07;1072;57;4358.00;115
11563;53;625044250;11563;248;12632;12746;6.29;0.38;286.67;13.07;1069;57;4359.00;114
11565;53;625044262;11565;239;12632;12746;6.36;0.39;286.65;13.07;1067;57;4360.00;114
11567;53;625044275;11567;233;12633;12746;6.44;0.39;286.74;13.11;1066;57;4361.00;113
11569;53;625044287;11569;228;12636;12750;6.51;0.40;286.77;13.11;1067;57;4362.00;114
11569;53;625044301;11569;228;12636;12750;6.61;0.40;286.77;13.11;1067;57;4363.00;114
11571;53;625044314;11571;227;12638;12754;6.71;0.41;286.73;13.11;1067;57;4364.00;116
11576;53;625044328;11576;225;12642;12756;6.78;0.41;286.70;13.15;1066;57;4365.00;114
11578;53;625044341;11578;228;12642;12756;6.85;0.42;286.78;13.15;1064;57;4366.00;114
11579;53;625044354;11579;224;12645;12756;6.88;0.42;286.77;13.20;1066;57;4367.00;111
11584;53;625044367;11584;232;12654;12769;6.87;0.42;286.82;13.19;1070;57;4368.00;115
11586;53;625044381;11586;232;12654;12769;6.86;0.42;286.85;13.19;1068;57;4369.00;115
11589;53;625044395;11589;229;12656;12769;6.94;0.42;286.87;13.19;1067;57;4370.00;113
11591;53;625044407;11591;237;12657;12770;7.02;0.43;286.86;13.19;1066;57;4371.00;113
11593;53;625044421;11593;234;12658;12771;7.07;0.43;286.90;13.20;1065;57;4372.00;113
11595;53;625044434;11595;239;12658;12771;7.09;0.43;286.94;13.20;1063;57;4373.00;113
11597;53;625044448;11597;243;12660;12774;7.16;0.43;287.00;13.19;1063;57;4374.00;114
11597;53;625044462;11597;243;12662;12774;7.23;0.44;287.00;13.20;1065;57;4375.00;112
11601;53;625044482;11601;241;12662;12774;7.25;0.44;287.07;13.20;1061;57;4376.00;112
11602;53;625044495;11602;246;12663;12774;7.37;0.45;287.11;13.20;1061;57;4377.00;111
11604;53;625044508;11604;248;12667;12780;7.46;0.45;287.11;13.20;1063;57;4378.00;113
11606;53;625044522;11606;246;12668;12780;7.49;0.45;287.15;13.20;1062;57;4379.00;112
11609;53;625044537;11609;254;12670;12780;7.51;0.46;287.20;13.21;1061;57;4380.00;110
11612;53;625044551;11612;254;12671;12780;7.54;0.46;287.28;13.23;1059;57;4381.00;109
11616;53;625044565;11616;253;12675;12784;7.55;0.46;287.34;13.23;1059;57;4382.00;109
11620;53;625044580;11620;265;12678;12785;7.58;0.46;287.37;13.25;1058;57;4383.00;107
11622;53;625044594;11622;270;12679;12785;7.60;0.46;287.42;13.26;1057;57;4384.00;106
11624;53;625044607;11624;271;12680;12786;7.63;0.46;287.46;13.26;1056;57;4385.00;106
11626;53;625044626;11626;269;12680;12786;7.60;0.46;287.51;13.26;1054;57;4386.00;106
11630;53;625044640;11630;271;12683;12786;7.61;0.46;287.51;13.29;1053;57;4387.00;103
11635;53;625044654;11635;266;12686;12786;7.58;0.46;287.58;13.32;1051;57;4388.00;100
11637;53;625044668;11637;278;12688;12786;7.58;0.46;287.59;13.33;1051;57;4389.00;98
11640;53;625044682;11640;275;12690;12786;7.57;0.46;287.69;13.35;1050;57;4390.00;96
11643;53;625044695;11643;277;12691;12786;7.53;0.46;287.73;13.36;1048;57;4391.00;95
11643;53;625044708;11643;279;12726;12856;7.61;0.46;287.73;13.34;1083;57;4392.00;130
11645;53;625044727;11645;275;12728;12857;7.57;0.46;287.79;13.35;1083;57;4393.00;129
11650;53;625044740;11650;277;12737;12857;7.54;0.46;287.81;13.37;1087;57;4394.00;120
11653;53;625044754;11653;275;12741;12857;7.48;0.46;287.87;13.39;1088;57;4395.00;116
11655;53;625044772;11655;286;12747;12857;7.48;0.46;287.91;13.39;1092;57;4396.00;110
11659;53;625044785;11659;282;12750;12857;7.43;0.45;287.99;13.40;1091;57;4397.00;107
11663;53;625044800;11663;282;12757;12857;7.40;0.45;288.02;13.41;1094;57;4398.00;100
11664;53;625044813;11664;277;12760;12857;7.36;0.45;288.06;13.41;1096;57;4399.00;97
11670;53;625044833;11670;283;12767;12858;7.30;0.44;288.05;13.43;1097;57;4400.00;91
11673;53;625044850;11673;282;12768;12859;7.25;0.44;288.07;13.43;1095;57;4401.00;91
11674;53;625044864;11674;282;12772;12859;7.18;0.44;288.11;13.44;1098;57;4402.00;87
11675;53;625044877;11675;286;12774;12863;7.12;0.43;288.13;13.44;1099;57;4403.00;89
11679;53;625044891;11679;285;12775;12863;7.09;0.43;288.12;13.45;1096;57;4404.00;88
11681;53;625044905;11681;294;12777;12863;7.07;0.43;288.11;13.46;1096;57;4405.00;86
11684;53;625044918;11684;295;12777;12863;7.06;0.43;288.13;13.46;1093;57;4406.00;86
11687;53;625044932;11687;300;12784;12869;7.05;0.43;288.12;13.46;1097;57;4407.00;85
11690;53;625044947;11690;305;12786;12869;7.06;0.43;288.15;13.47;1096;57;4408.00;83
11691;53;625044960;11691;307;12787;12869;7.09;0.43;288.15;13.48;1096;57;4409.00;82
11691;53;625044988;11691;310;12794;12875;7.07;0.43;288.15;13.48;1103;57;4410.00;81
11693;53;625045012;11693;306;12795;12875;7.06;0.43;288.22;13.49;1102;57;4411.00;80
11696;53;625045036;11696;300;12795;12875;7.05;0.43;288.19;13.49;1099;57;4412.00;80
11700;53;625045055;11700;307;12797;12876;6.95;0.42;288.19;13.50;1097;57;4413.00;79
11707;53;625045076;11707;309;12798;12877;6.80;0.41;288.23;13.50;1091;57;4414.00;79
11711;53;625045094;11711;317;12799;12877;6.61;0.40;288.30;13.51;1088;57;4415.00;78
11717;53;625045109;11717;324;12811;12890;6.42;0.39;288.30;13.50;1094;57;4416.00;79
11720;53;625045124;11720;328;12811;12890;6.31;0.38;288.30;13.50;1091;57;4417.00;79
11726;53;625045138;11726;334;12812;12890;6.15;0.37;288.35;13.51;1086;57;4418.00;78
11729;53;625045151;11729;338;12814;12891;6.01;0.37;288.41;13.51;1085;57;4419.00;77
11731;53;625045164;11731;336;12815;12891;5.93;0.36;288.45;13.52;1084;57;4420.00;76
11736;53;625045179;11736;341;12820;12895;5.86;0.36;288.53;13.52;1084;57;4421.00;75
11739;53;625045194;11739;347;12821;12895;5.81;0.35;288.55;13.52;1082;57;4422.00;74
11743;53;625045207;11743;352;12824;12899;5.73;0.35;288.60;13.52;1081;57;4423.00;75
11747;53;625045221;11747;350;12827;12899;5.66;0.35;288.62;13.53;1080;57;4424.00;72
11751;53;625045234;11751;353;12828;12899;5.62;0.34;288.70;13.53;1077;57;4425.00;71
11754;53;625045247;11754;363;12828;12899;5.65;0.35;288.78;13.53;1074;57;4426.00;71
11760;53;625045259;11760;353;12829;12899;5.59;0.34;288.87;13.54;1069;57;4427.00;70
11764;53;625045272;11764;359;12841;12911;5.67;0.35;288.92;13.53;1077;57;4428.00;70
11765;53;625045285;11765;356;12843;12911;5.74;0.35;288.94;13.53;1078;57;4429.00;68
11769;53;625045297;11769;362;12843;12911;5.72;0.35;288.99;13.53;1074;57;4430.00;68
11774;53;625045310;11774;352;12843;12911;5.69;0.35;289.04;13.53;1069;57;4431.00;68
11776;53;625045322;11776;347;12843;12911;5.75;0.35;289.05;13.53;1067;57;4432.00;68
11779;53;625045342;11779;341;12843;12911;5.80;0.36;289.08;13.53;1064;57;4433.00;68
11780;53;625045354;11780;337;12843;12912;5.84;0.36;289.13;13.53;1063;57;4434.00;69
11785;53;625045367;11785;336;12843;12912;5.87;0.36;289.08;13.53;1058;57;4435.00;69
11789;53;625045379;11789;338;12847;12918;5.92;0.36;289.07;13.53;1058;57;4436.00;71
11793;53;625045393;11793;338;12848;12919;5.97;0.37;289.12;13.53;1055;57;4437.00;71
11797;53;625045406;11797;342;12849;12919;6.02;0.37;289.11;13.52;1052;57;4438.00;70
11801;53;625045419;11801;344;12849;12919;6.06;0.37;289.11;13.52;1048;57;4439.00;70
11808;53;625045433;11808;351;12853;12924;6.08;0.37;289.09;13.52;1045;57;4440.00;71
11810;53;625045447;11810;355;12853;12924;6.13;0.37;289.05;13.52;1043;57;4441.00;71
11812;53;625045460;11812;359;12853;12924;6.16;0.38;289.11;13.52;1041;57;4442.00;71
11816;53;625045474;11816;358;12854;12925;6.15;0.38;289.11;13.52;1038;57;4443.00;71
11820;53;625045487;11820;369;12857;12929;6.18;0.38;289.11;13.52;1037;57;4444.00;72
11824;53;625045500;11824;372;12857;12929;6.18;0.38;289.13;13.52;1033;57;4445.00;72
11825;53;625045514;11825;376;12859;12932;6.26;0.38;289.11;13.51;1034;57;4446.00;73
11830;53;625045526;11830;378;12860;12932;6.32;0.39;289.09;13.51;1030;57;4447.00;72
11832;53;625045540;11832;376;12860;12932;6.32;0.39;289.12;13.51;1028;57;4448.00;72
11839;53;625045553;11839;379;12860;12932;6.32;0.39;289.15;13.51;1021;57;4449.00;72
11842;53;625045566;11842;374;12863;12936;6.35;0.39;289.11;13.51;1021;57;4450.00;73
11846;53;625045580;11846;378;12863;12936;6.34;0.39;289.08;13.51;1017;57;4451.00;73
11851;53;625045592;11851;380;12864;12936;6.34;0.39;289.04;13.51;1013;57;4452.00;72
11855;53;625045605;11855;385;12864;12936;6.32;0.39;289.01;13.51;1009;57;4453.00;72
11859;53;625045618;11859;390;12864;12937;6.21;0.38;288.96;13.51;1005;57;4454.00;73
11863;53;625045631;11863;392;12866;12939;6.17;0.38;288.90;13.51;1003;57;4455.00;73
11867;53;625045644;11867;397;12866;12939;6.06;0.37;288.85;13.51;999;57;4456.00;73
11869;53;625045657;11869;401;12867;12940;5.94;0.36;288.86;13.51;998;57;4457.00;73
11872;53;625045669;11872;408;12867;12940;5.85;0.36;288.86;13.51;995;57;4458.00;73
11875;53;625045681;11875;413;12867;12940;5.77;0.35;288.85;13.51;992;57;4459.00;73
11876;53;625045694;11876;414;12867;12940;5.76;0.35;288.84;13.51;991;57;4460.00;73
11881;53;625045705;11881;420;12867;12940;5.68;0.35;288.86;13.51;986;57;4461.00;73
11882;53;625045717;11882;428;12867;12940;5.69;0.35;288.84;13.51;985;57;4462.00;73
11886;53;625045728;11886;435;12867;12940;5.62;0.34;288.79;13.51;981;57;4463.00;73
11886;53;625045740;11886;450;12936;13067;6.02;0.37;288.79;13.43;1050;57;4464.00;131
11887;53;625045762;11887;448;12938;13068;5.99;0.37;288.78;13.43;1051;57;4465.00;130
11889;53;625045775;11889;445;12947;13068;6.04;0.38;288.75;13.43;1058;57;4466.00;121
11891;53;625045788;11891;439;12949;13068;6.03;0.37;288.73;13.42;1058;57;4467.00;119
11893;53;625045801;11893;431;12954;13068;6.07;0.38;288.72;13.42;1061;57;4468.00;114
11895;53;625045814;11895;431;12959;13068;6.12;0.38;288.69;13.42;1064;57;4469.00;109
11899;53;625045828;11899;425;12963;13068;6.15;0.38;288.72;13.41;1064;57;4470.00;105
11901;53;625045842;11901;422;12966;13068;6.18;0.38;288.73;13.41;1065;57;4471.00;102
11902;53;625045863;11902;425;12971;13069;6.24;0.38;288.72;13.41;1069;57;4472.00;98
11902;53;625045876;11902;424;12973;13070;6.24;0.38;288.72;13.41;1071;57;4473.00;97
11904;53;625045891;11904;426;12977;13070;6.25;0.39;288.71;13.41;1073;57;4474.00;93
11904;53;625045905;11904;426;12979;13071;6.23;0.38;288.71;13.41;1075;57;4475.00;92
11905;53;625045935;11905;405;12981;13071;6.26;0.39;288.70;13.41;1076;57;4476.00;90
11907;53;625045949;11907;383;12982;13071;6.35;0.39;288.71;13.41;1075;57;4477.00;89
11908;53;625045964;11908;375;12984;13071;6.45;0.40;288.72;13.41;1076;57;4478.00;87
11911;53;625045981;11911;358;12987;13075;6.57;0.40;288.70;13.41;1076;57;4479.00;88
11912;53;625045996;11912;347;12989;13075;6.70;0.41;288.69;13.41;1077;57;4480.00;86
11915;53;625046012;11915;336;12989;13075;6.76;0.41;288.68;13.41;1074;57;4481.00;86
11915;53;625046027;11915;326;12992;13078;6.89;0.42;288.68;13.40;1077;57;4482.00;86
11915;53;625046042;11915;319;12992;13078;7.01;0.43;288.68;13.40;1077;57;4483.00;86
11917;54;625046062;11917;318;12993;13078;7.08;0.43;288.67;13.40;1076;58;4484.00;85
11917;54;625046094;11917;315;12996;13082;7.14;0.44;288.67;13.40;1079;58;4485.00;86
11921;54;625046109;11921;302;12998;13083;7.20;0.44;288.63;13.40;1077;58;4486.00;85
11922;54;625046123;11922;294;12998;13083;7.26;0.44;288.62;13.40;1076;58;4487.00;85
11924;54;625046138;11924;284;13001;13087;7.32;0.45;288.62;13.39;1077;58;4488.00;86
11926;54;625046152;11926;287;13001;13087;7.38;0.45;288.57;13.39;1075;58;4489.00;86
11928;54;625046166;11928;277;13001;13087;7.44;0.45;288.57;13.39;1073;58;4490.00;86
11930;54;625046180;11930;281;13002;13088;7.44;0.45;288.57;13.39;1072;58;4491.00;86
11932;54;625046195;11932;278;13002;13088;7.43;0.45;288.55;13.39;1070;58;4492.00;86
11933;54;625046209;11933;273;13006;13094;7.47;0.45;288.54;13.39;1073;58;4493.00;88
11936;54;625046224;11936;276;13006;13094;7.47;0.45;288.52;13.39;1070;58;4494.00;88
11936;54;625046243;11936;275;13007;13095;7.52;0.46;288.52;13.39;1071;58;4495.00;88
11937;54;625046257;11937;277;13007;13095;7.59;0.46;288.55;13.39;1070;58;4496.00;88
11938;54;625046271;11938;279;13007;13095;7.60;0.46;288.59;13.39;1069;58;4497.00;88
11947;54;625046285;11947;283;13007;13095;7.51;0.46;288.65;13.39;1060;58;4498.00;88
11951;54;625046299;11951;276;13007;13095;7.43;0.45;288.59;13.39;1056;58;4499.00;88
11953;54;625046316;11953;281;13028;13145;7.40;0.45;288.57;13.37;1075;58;4500.00;117
11955;54;625046338;11955;277;13028;13147;7.32;0.44;288.61;13.37;1073;58;4501.00;119
11957;54;625046353;11957;278;13030;13147;7.36;0.45;288.62;13.37;1073;58;4502.00;117
11959;54;625046367;11959;281;13031;13147;7.34;0.45;288.63;13.37;1072;58;4503.00;116
11962;54;625046381;11962;284;13032;13147;7.31;0.44;288.61;13.36;1070;58;4504.00;115
11964;54;625046394;11964;291;13033;13147;7.30;0.44;288.66;13.36;1069;58;4505.00;114
11964;54;625046409;11964;292;13038;13151;7.31;0.44;288.66;13.36;1074;58;4506.00;113
11965;54;625046422;11965;299;13038;13151;7.28;0.44;288.69;13.36;1073;58;4507.00;113
11966;54;625046436;11966;303;13044;13155;7.29;0.44;288.71;13.36;1078;58;4508.00;111
11969;54;625046449;11969;309;13045;13156;7.28;0.44;288.71;13.36;1076;58;4509.00;111
11971;54;625046463;11971;305;13046;13156;7.24;0.44;288.74;13.35;1075;58;4510.00;110
11974;54;625046477;11974;301;13047;13156;7.13;0.43;288.77;13.35;1073;58;4511.00;109
11977;54;625046490;11977;305;13054;13169;7.04;0.43;288.83;13.35;1077;58;4512.00;115
11980;54;625046505;11980;301;13054;13169;6.95;0.42;288.85;13.35;1074;58;4513.00;115
11981;54;625046518;11981;301;13055;13169;6.85;0.42;288.87;13.35;1074;58;4514.00;114
11983;54;625046535;11983;301;13057;13170;6.80;0.42;288.89;13.35;1074;58;4515.00;113
11984;54;625046549;11984;300;13057;13171;6.82;0.42;288.89;13.35;1073;58;4516.00;114
11988;54;625046561;11988;303;13057;13171;6.77;0.41;288.97;13.35;1069;58;4517.00;114
11990;54;625046575;11990;301;13059;13174;6.76;0.41;288.98;13.34;1069;58;4518.00;115
11992;54;625046587;11992;300;13060;13174;6.76;0.41;289.00;13.35;1068;58;4519.00;114
11997;54;625046599;11997;303;13060;13174;6.70;0.41;289.00;13.35;1063;58;4520.00;114
12003;54;625046612;12003;297;13061;13174;6.67;0.41;289.08;13.35;1058;58;4521.00;113
12007;54;625046625;12007;290;13064;13180;6.64;0.40;289.07;13.34;1057;58;4522.00;116
12012;54;625046639;12012;282;13064;13180;6.58;0.40;289.10;13.34;1052;58;4523.00;116
12017;54;625046651;12017;283;13064;13180;6.58;0.40;289.12;13.34;1047;58;4524.00;116
12018;54;625046664;12018;275;13066;13180;6.62;0.40;289.10;13.36;1048;58;4525.00;114
12021;54;625046677;12021;270;13069;13184;6.59;0.40;289.19;13.36;1048;58;4526.00;115
12024;54;625046689;12024;257;13071;13185;6.60;0.40;289.24;13.36;1047;58;4527.00;114
12029;54;625046702;12029;253;13071;13185;6.63;0.40;289.28;13.36;1042;58;4528.00;114
12030;54;625046716;12030;246;13072;13186;6.71;0.41;289.27;13.35;1042;58;4529.00;114
12036;54;625046730;12036;239;13075;13186;6.71;0.41;289.28;13.42;1039;58;4530.00;111
12040;54;625046743;12040;229;13075;13186;6.75;0.41;289.33;13.42;1035;58;4531.00;111
12040;54;625046755;12040;228;13075;13186;6.85;0.42;289.33;13.42;1035;58;4532.00;111
12046;54;625046768;12046;227;13076;13186;6.85;0.42;289.42;13.42;1030;58;4533.00;110
12050;54;625046781;12050;222;13076;13186;6.88;0.42;289.45;13.42;1026;58;4534.00;110
12051;54;625046794;12051;219;13076;13186;6.97;0.42;289.46;13.42;1025;58;4535.00;110
12054;54;625046806;12054;227;13112;13256;7.04;0.43;289.50;13.39;1058;58;4536.00;144
12060;54;625046824;12060;220;13115;13257;7.01;0.43;289.48;13.39;1055;58;4537.00;142
12061;54;625046837;12061;218;13118;13257;7.08;0.43;289.49;13.39;1057;58;4538.00;139
12065;54;625046849;12065;218;13120;13257;7.08;0.43;289.51;13.39;1055;58;4539.00;137
12070;54;625046862;12070;223;13128;13257;7.12;0.43;289.61;13.38;1058;58;4540.00;129
12071;54;625046875;12071;226;13128;13257;7.18;0.44;289.65;13.38;1057;58;4541.00;129
12077;54;625046889;12077;233;13136;13257;7.18;0.44;289.69;13.39;1059;58;4542.00;121
12080;54;625046902;12080;226;13139;13257;7.22;0.44;289.80;13.39;1059;58;4543.00;118
12083;54;625046915;12083;235;13142;13258;7.26;0.44;289.79;13.39;1059;58;4544.00;116
12087;54;625046929;12087;233;13148;13260;7.30;0.44;289.86;13.39;1061;58;4545.00;112
12093;54;625046943;12093;229;13151;13260;7.26;0.44;289.88;13.39;1058;58;4546.00;109
12094;54;625046963;12094;234;13155;13264;7.27;0.44;289.88;13.39;1061;58;4547.00;109
12098;54;625046982;12098;237;13156;13264;7.27;0.44;289.92;13.39;1058;58;4548.00;108
12101;54;625047001;12101;241;13157;13264;7.28;0.44;289.91;13.41;1056;58;4549.00;107
12104;54;625047023;12104;243;13159;13264;7.32;0.45;289.94;13.41;1055;58;4550.00;105
12106;54;625047043;12106;245;13163;13270;7.40;0.45;289.94;13.43;1057;58;4551.00;107
12110;54;625047062;12110;250;13164;13270;7.42;0.45;290.01;13.43;1054;58;4552.00;106
12110;54;625047081;12110;254;13165;13270;7.47;0.45;290.01;13.43;1055;58;4553.00;105
12114;54;625047097;12114;262;13169;13273;7.49;0.45;290.00;13.45;1055;58;4554.00;104
12116;54;625047112;12116;259;13169;13273;7.54;0.46;290.00;13.45;1053;58;4555.00;104
12120;54;625047127;12120;258;13172;13273;7.55;0.46;290.07;13.45;1052;58;4556.00;101
12125;54;625047142;12125;259;13174;13274;7.50;0.45;290.07;13.47;1049;58;4557.00;100
12128;54;625047157;12128;258;13176;13275;7.49;0.45;290.07;13.47;1048;58;4558.00;99
12129;54;625047172;12129;266;13179;13275;7.43;0.45;290.07;13.49;1050;58;4559.00;96
12132;54;625047188;12132;271;13197;13301;7.34;0.45;290.11;13.47;1065;58;4560.00;104
12133;54;625047204;12133;270;13201;13301;7.36;0.45;290.11;13.49;1068;58;4561.00;100
12135;54;625047217;12135;271;13205;13301;7.37;0.45;290.13;13.50;1070;58;4562.00;96
12139;54;625047230;12139;268;13206;13302;7.37;0.45;290.11;13.50;1067;58;4563.00;96
12141;54;625047245;12141;270;13207;13302;7.34;0.45;290.14;13.52;1066;58;4564.00;95
12145;54;625047258;12145;278;13210;13306;7.30;0.44;290.11;13.51;1065;58;4565.00;96
12148;54;625047273;12148;280;13212;13306;7.20;0.44;290.14;13.53;1064;58;4566.00;94
12151;54;625047286;12151;285;13216;13310;7.12;0.43;290.20;13.53;1065;58;4567.00;94
12156;54;625047301;12156;284;13219;13310;7.03;0.43;290.18;13.55;1063;58;4568.00;91
12159;54;625047315;12159;276;13219;13310;6.93;0.42;290.25;13.55;1060;58;4569.00;91
12160;54;625047328;12160;274;13220;13310;6.86;0.42;290.23;13.56;1060;58;4570.00;90
12163;54;625047340;12163;271;13221;13310;6.77;0.41;290.21;13.56;1058;58;4571.00;89
12166;54;625047353;12166;271;13234;13322;6.78;0.42;290.31;13.56;1068;58;4572.00;88
12172;54;625047367;12172;271;13234;13322;6.72;0.41;290.30;13.56;1062;58;4573.00;88
12175;54;625047379;12175;277;13236;13322;6.71;0.41;290.33;13.58;1061;58;4574.00;86
12178;54;625047392;12178;278;13236;13322;6.73;0.41;290.38;13.58;1058;58;4575.00;86
12179;54;625047404;12179;282;13237;13322;6.75;0.41;290.38;13.58;1058;58;4576.00;85
12181;54;625047416;12181;287;13238;13322;6.79;0.42;290.45;13.59;1057;58;4577.00;84
12185;54;625047429;12185;285;13238;13323;6.78;0.42;290.52;13.59;1053;58;4578.00;85
12188;54;625047443;12188;292;13238;13323;6.81;0.42;290.51;13.59;1050;58;4579.00;85
12191;54;625047455;12191;296;13244;13329;6.80;0.42;290.58;13.60;1053;58;4580.00;85
12195;54;625047468;12195;307;13245;13330;6.71;0.41;290.63;13.60;1050;58;4581.00;85
12198;54;625047482;12198;306;13247;13330;6.61;0.40;290.62;13.61;1049;58;4582.00;83
12199;54;625047494;12199;318;13247;13330;6.49;0.40;290.65;13.61;1048;58;4583.00;83
12202;54;625047505;12202;318;13250;13334;6.45;0.40;290.61;13.61;1048;58;4584.00;84
12206;54;625047518;12206;322;13251;13334;6.30;0.39;290.60;13.62;1045;58;4585.00;83
12206;54;625047531;12206;328;13254;13334;6.16;0.38;290.60;13.65;1048;58;4586.00;80
12210;54;625047541;12210;328;13256;13335;5.99;0.37;290.59;13.66;1046;58;4587.00;79
12214;54;625047553;12214;336;13259;13339;5.82;0.36;290.61;13.66;1045;58;4588.00;80
12219;54;625047564;12219;346;13259;13339;5.66;0.35;290.60;13.66;1040;58;4589.00;80
12220;54;625047577;12220;341;13263;13345;5.60;0.34;290.59;13.66;1043;58;4590.00;82
12223;54;625047589;12223;342;13264;13345;5.53;0.34;290.61;13.67;1041;58;4591.00;81
12225;54;625047601;12225;345;13265;13345;5.50;0.34;290.61;13.67;1040;58;4592.00;80
12228;54;625047611;12228;342;13267;13345;5.51;0.34;290.58;13.68;1039;58;4593.00;78
12232;54;625047622;12232;341;13270;13349;5.52;0.34;290.63;13.69;1038;58;4594.00;79
12236;54;625047634;12236;355;13271;13349;5.52;0.34;290.62;13.69;1035;58;4595.00;78
12238;54;625047654;12238;356;13272;13349;5.54;0.34;290.67;13.69;1034;58;4596.00;77
12241;54;625047666;12241;352;13273;13349;5.52;0.34;290.70;13.69;1032;58;4597.00;76
12242;54;625047681;12242;358;13273;13350;5.54;0.34;290.69;13.69;1031;58;4598.00;77
12247;54;625047693;12247;364;13275;13351;5.51;0.34;290.66;13.69;1028;58;4599.00;76
12251;54;625047707;12251;369;13275;13351;5.49;0.33;290.65;13.69;1024;58;4600.00;76
12255;54;625047725;12255;373;13276;13352;5.46;0.33;290.67;13.69;1021;58;4601.00;76
12259;54;625047739;12259;371;13276;13352;5.42;0.33;290.64;13.69;1017;58;4602.00;76
12261;54;625047750;12261;374;13276;13352;5.42;0.33;290.62;13.69;1015;58;4603.00;76
12267;54;625047761;12267;369;13276;13352;5.36;0.33;290.63;13.69;1009;58;4604.00;76
12267;54;625047774;12267;368;13276;13352;5.37;0.33;290.63;13.69;1009;58;4605.00;76
12272;54;625047784;12272;370;13276;13352;5.36;0.33;290.66;13.69;1004;58;4606.00;76
12277;54;625047795;12277;371;13276;13352;5.33;0.32;290.69;13.69;999;58;4607.00;76
12280;54;625047808;12280;381;13340;13479;5.82;0.36;290.68;13.63;1060;58;4608.00;139
12283;54;625047830;12283;378;13344;13480;5.79;0.36;290.69;13.62;1061;58;4609.00;136
12289;54;625047842;12289;380;13356;13480;5.86;0.36;290.63;13.61;1067;58;4610.00;124
12291;54;625047854;12291;385;13357;13480;5.87;0.36;290.64;13.61;1066;58;4611.00;123
12295;54;625047866;12295;387;13363;13480;5.90;0.36;290.64;13.61;1068;58;4612.00;117
12298;54;625047878;12298;392;13368;13480;5.91;0.37;290.66;13.60;1070;58;4613.00;112
12303;54;625047890;12303;400;13373;13480;5.88;0.36;290.60;13.60;1070;58;4614.00;107
12304;54;625047903;12304;407;13376;13480;5.87;0.36;290.58;13.60;1072;58;4615.00;104
12306;54;625047914;12306;409;13379;13481;5.86;0.36;290.57;13.60;1073;58;4616.00;102
12307;54;625047927;12307;411;13381;13482;5.85;0.36;290.55;13.60;1074;58;4617.00;101
12308;54;625047941;12308;415;13384;13482;5.91;0.37;290.55;13.60;1076;58;4618.00;98
12313;54;625047954;12313;427;13386;13483;5.90;0.37;290.68;13.60;1073;58;4619.00;97
12315;54;625047970;12315;425;13387;13483;5.91;0.37;290.67;13.60;1072;58;4620.00;96
12318;54;625047985;12318;434;13389;13483;5.91;0.37;290.69;13.59;1071;58;4621.00;94
12320;54;625047998;12320;443;13389;13483;5.90;0.37;290.69;13.59;1069;58;4622.00;94
12325;54;625048010;12325;449;13392;13487;5.90;0.37;290.67;13.59;1067;58;4623.00;95
12328;54;625048024;12328;452;13394;13487;5.89;0.37;290.68;13.59;1066;58;4624.00;93
12332;54;625048037;12332;454;13396;13487;5.87;0.37;290.63;13.65;1064;58;4625.00;91
12336;54;625048050;12336;451;13399;13490;5.89;0.36;290.63;13.65;1063;58;4626.00;91
12340;54;625048063;12340;442;13400;13490;5.86;0.36;290.61;13.65;1060;58;4627.00;90
12341;54;625048076;12341;433;13402;13490;5.87;0.36;290.60;13.65;1061;58;4628.00;88
12342;54;625048089;12342;428;13405;13494;5.91;0.37;290.59;13.65;1063;58;4629.00;89
12348;54;625048102;12348;424;13407;13495;5.92;0.37;290.53;13.65;1059;58;4630.00;88
12352;54;625048114;12352;418;13407;13495;5.94;0.37;290.55;13.65;1055;58;4631.00;88
12353;54;625048128;12353;416;13411;13499;6.02;0.37;290.54;13.64;1058;58;4632.00;88
12356;54;625048141;12356;420;13411;13499;6.05;0.37;290.55;13.64;1055;58;4633.00;88
12358;54;625048158;12358;421;13411;13499;6.06;0.37;290.53;13.64;1053;58;4634.00;88
12361;54;625048172;12361;418;13413;13501;6.07;0.37;290.49;13.64;1052;58;4635.00;88
12363;54;625048184;12363;417;13413;13501;6.07;0.37;290.48;13.64;1050;58;4636.00;88
12366;54;625048198;12366;396;13417;13507;6.15;0.38;290.43;13.64;1051;58;4637.00;90
12369;54;625048212;12369;384;13418;13507;6.23;0.38;290.45;13.64;1049;58;4638.00;89
12371;54;625048225;12371;376;13418;13508;6.34;0.39;290.45;13.64;1047;58;4639.00;90
12374;54;625048238;12374;376;13418;13508;6.42;0.39;290.40;13.64;1044;58;4640.00;90
12376;54;625048251;12376;373;13419;13508;6.51;0.40;290.38;13.70;1043;58;4641.00;89
12378;54;625048265;12378;364;13419;13508;6.59;0.40;290.37;13.70;1041;58;4642.00;89
12380;54;625048278;12380;360;13419;13508;6.68;0.41;290.41;13.70;1039;58;4643.00;89
12384;54;625048292;12384;359;13429;13520;6.77;0.41;290.37;13.69;1045;58;4644.00;91
12386;54;625048312;12386;359;13429;13520;6.79;0.41;290.36;13.69;1043;58;4645.00;91
12387;54;625048325;12387;347;13430;13520;6.85;0.42;290.38;13.68;1043;58;4646.00;90
12389;54;625048344;12389;338;13430;13520;6.92;0.42;290.38;13.68;1041;58;4647.00;90
12390;54;625048358;12390;325;13430;13520;7.04;0.43;290.40;13.68;1040;58;4648.00;90
12392;54;625048372;12392;319;13430;13520;7.13;0.43;290.45;13.68;1038;58;4649.00;90
12395;54;625048387;12395;315;13435;13526;7.22;0.44;290.48;13.68;1040;58;4650.00;91
12398;54;625048402;12398;304;13435;13526;7.25;0.44;290.55;13.68;1037;58;4651.00;91
12401;54;625048417;12401;299;13438;13530;7.31;0.44;290.61;13.68;1037;58;4652.00;92
12402;54;625048431;12402;303;13440;13531;7.34;0.45;290.60;13.67;1038;58;4653.00;91
12404;54;625048445;12404;306;13440;13531;7.37;0.45;290.61;13.67;1036;58;4654.00;91
12406;54;625048459;12406;308;13440;13531;7.38;0.45;290.60;13.67;1034;58;4655.00;91
12409;54;625048473;12409;312;13451;13544;7.37;0.45;290.67;13.66;1042;58;4656.00;93
12412;54;625048487;12412;311;13451;13544;7.39;0.45;290.67;13.66;1039;58;4657.00;93
12415;54;625048502;12415;313;13451;13544;7.37;0.45;290.77;13.66;1036;58;4658.00;93
12420;54;625048516;12420;313;13452;13545;7.36;0.45;290.84;13.66;1032;58;4659.00;93
12422;54;625048530;12422;321;13452;13546;7.33;0.44;290.82;13.66;1030;58;4660.00;94
12424;54;625048543;12424;314;13452;13546;7.28;0.44;290.89;13.66;1028;58;4661.00;94
12426;54;625048556;12426;314;13454;13549;7.32;0.44;290.91;13.66;1028;58;4662.00;95
12428;54;625048570;12428;310;13455;13549;7.32;0.44;290.92;13.66;1027;58;4663.00;94
12431;54;625048584;12431;314;13455;13549;7.27;0.44;290.97;13.66;1024;58;4664.00;94
12433;54;625048597;12433;309;13455;13549;7.25;0.44;291.00;13.66;1022;58;4665.00;94
12438;54;625048609;12438;314;13459;13555;7.20;0.44;291.10;13.66;1021;58;4666.00;96
12441;54;625048623;12441;320;13459;13555;7.14;0.43;291.14;13.66;1018;58;4667.00;96
12444;54;625048636;12444;323;13460;13555;7.07;0.43;291.14;13.65;1016;58;4668.00;95
12448;54;625048650;12448;325;13460;13555;7.01;0.42;291.11;13.65;1012;58;4669.00;95
12448;54;625048663;12448;325;13463;13559;6.91;0.42;291.11;13.65;1015;58;4670.00;96
12451;54;625048676;12451;331;13464;13560;6.89;0.42;291.16;13.65;1013;58;4671.00;96
12454;54;625048688;12454;334;13464;13560;6.83;0.41;291.21;13.65;1010;58;4672.00;96
12457;54;625048700;12457;335;13466;13561;6.75;0.41;291.28;13.71;1009;58;4673.00;95
12460;54;625048714;12460;328;13466;13561;6.71;0.41;291.34;13.71;1006;58;4674.00;95
12461;54;625048726;12461;329;13466;13561;6.70;0.41;291.36;13.71;1005;58;4675.00;95
12465;54;625048739;12465;330;13466;13561;6.72;0.41;291.42;13.71;1001;58;4676.00;95
12465;54;625048750;12465;325;13466;13561;6.76;0.41;291.42;13.71;1001;58;4677.00;95
12468;54;625048762;12468;327;13466;13561;6.75;0.41;291.50;13.71;998;58;4678.00;95
12471;54;625048774;12471;323;13466;13561;6.73;0.41;291.59;13.71;995;58;4679.00;95
12473;54;625048788;12473;337;13528;13686;6.66;0.41;291.61;13.65;1055;58;4680.00;158
12476;54;625048811;12476;320;13528;13687;6.67;0.41;291.65;13.65;1052;58;4681.00;159
12478;54;625048824;12478;299;13535;13687;6.75;0.42;291.74;13.64;1057;58;4682.00;152
12479;54;625048837;12479;295;13541;13687;6.86;0.42;291.73;13.64;1062;58;4683.00;146
12484;54;625048851;12484;288;13545;13687;6.90;0.42;291.78;13.63;1061;58;4684.00;142
12488;54;625048864;12488;283;13549;13687;6.95;0.43;291.84;13.63;1061;58;4685.00;138
12489;54;625048878;12489;280;13556;13687;6.99;0.43;291.86;13.63;1067;58;4686.00;131
12491;54;625048899;12491;282;13557;13687;7.01;0.43;291.88;13.63;1066;58;4687.00;130
12493;54;625048911;12493;285;13561;13688;7.04;0.43;291.87;13.63;1068;58;4688.00;127
12494;54;625048925;12494;287;13564;13689;7.02;0.43;291.89;13.68;1070;58;4689.00;125
12497;54;625048938;12497;287;13565;13689;6.97;0.43;291.92;13.68;1068;58;4690.00;124
12499;54;625048951;12499;285;13568;13693;6.91;0.42;291.92;13.68;1069;58;4691.00;125
12504;54;625048965;12504;287;13569;13693;6.85;0.42;291.97;13.68;1065;58;4692.00;124
12509;54;625048980;12509;277;13570;13693;6.74;0.41;292.04;13.68;1061;58;4693.00;123
12512;54;625049000;12512;275;13573;13693;6.65;0.41;292.03;13.75;1061;58;4694.00;120
12515;54;625049023;12515;270;13575;13699;6.62;0.41;292.10;13.75;1060;58;4695.00;124
12517;54;625049058;12517;271;13577;13699;6.58;0.40;292.13;13.77;1060;58;4696.00;122
12521;54;625049076;12521;265;13579;13699;6.56;0.40;292.15;13.82;1058;58;4697.00;120
12525;54;625049096;12525;269;13582;13702;6.56;0.40;292.16;13.82;1057;58;4698.00;120
12531;54;625049111;12531;270;13582;13702;6.56;0.40;292.17;13.82;1051;58;4699.00;120
12532;55;625049127;12532;263;13583;13702;6.59;0.40;292.16;13.82;1051;59;4700.00;119
12537;55;625049157;12537;261;13585;13703;6.62;0.40;292.17;13.92;1048;59;4701.00;118
12540;55;625049172;12540;264;13587;13704;6.62;0.40;292.18;13.92;1047;59;4702.00;117
12543;55;625049186;12543;266;13587;13704;6.66;0.40;292.23;13.92;1044;59;4703.00;117
12547;55;625049200;12547;271;13596;13717;6.73;0.41;292.37;13.97;1049;59;4704.00;121
12548;55;625049214;12548;264;13597;13717;6.80;0.41;292.37;13.97;1049;59;4705.00;120
12552;55;625049229;12552;266;13598;13717;6.88;0.42;292.44;14.02;1046;59;4706.00;119
12555;55;625049243;12555;266;13600;13718;6.93;0.42;292.49;14.02;1045;59;4707.00;118
12556;55;625049257;12556;262;13600;13718;7.03;0.43;292.52;14.02;1044;59;4708.00;118
12560;55;625049271;12560;269;13603;13722;7.07;0.43;292.57;14.07;1043;59;4709.00;119
12565;55;625049286;12565;265;13605;13722;7.07;0.43;292.67;14.07;1040;59;4710.00;117
12568;55;625049302;12568;271;13609;13726;7.08;0.43;292.70;14.08;1041;59;4711.00;117
12571;55;625049317;12571;281;13610;13726;7.07;0.43;292.76;14.13;1039;59;4712.00;116
12571;55;625049331;12571;284;13612;13726;7.12;0.43;292.76;14.13;1041;59;4713.00;114
12574;55;625049345;12574;283;13612;13726;7.13;0.43;292.79;14.13;1038;59;4714.00;114
12581;55;625049358;12581;285;13612;13726;7.08;0.43;292.84;14.13;1031;59;4715.00;114
12581;55;625049372;12581;286;13623;13738;7.21;0.44;292.84;14.13;1042;59;4716.00;115
12584;55;625049386;12584;293;13624;13738;7.22;0.44;292.88;14.13;1040;59;4717.00;114
12587;55;625049400;12587;292;13626;13738;7.24;0.44;292.91;14.13;1039;59;4718.00;112
12592;55;625049413;12592;296;13626;13738;7.18;0.44;292.91;14.13;1034;59;4719.00;112
12594;55;625049434;12594;304;13629;13738;7.11;0.43;292.92;14.15;1035;59;4720.00;109
12598;55;625049449;12598;309;13629;13738;7.07;0.43;292.94;14.15;1031;59;4721.00;109
12599;55;625049462;12599;311;13630;13739;7.08;0.43;292.94;14.16;1031;59;4722.00;109
12602;55;625049476;12602;305;13632;13739;7.07;0.43;293.01;14.18;1030;59;4723.00;107
12604;55;625049490;12604;305;13636;13745;7.13;0.43;293.03;14.17;1032;59;4724.00;109
12606;55;625049504;12606;311;13639;13747;7.19;0.44;293.06;14.19;1033;59;4725.00;108
12606;55;625049518;12606;311;13641;13747;7.22;0.44;293.06;14.19;1035;59;4726.00;106
12610;55;625049532;12610;314;13642;13747;7.23;0.44;293.14;14.21;1032;59;4727.00;105
12613;55;625049544;12613;313;13645;13751;7.28;0.44;293.19;14.20;1032;59;4728.00;106
12614;55;625049558;12614;319;13647;13751;7.24;0.44;293.24;14.22;1033;59;4729.00;104
12616;55;625049571;12616;322;13648;13751;7.23;0.44;293.25;14.24;1032;59;4730.00;103
12619;55;625049592;12619;328;13650;13752;7.19;0.44;293.26;14.25;1031;59;4731.00;102
12619;55;625049605;12619;334;13654;13756;7.15;0.44;293.26;14.26;1035;59;4732.00;102
12621;55;625049618;12621;338;13655;13756;7.07;0.43;293.26;14.27;1034;59;4733.00;101
12623;55;625049637;12623;338;13657;13759;7.08;0.43;293.27;14.27;1034;59;4734.00;102
12626;55;625049655;12626;339;13660;13759;7.06;0.43;293.30;14.28;1034;59;4735.00;99
12628;55;625049669;12628;338;13660;13759;7.05;0.43;293.32;14.28;1032;59;4736.00;99
12631;55;625049682;12631;337;13662;13759;7.03;0.43;293.33;14.30;1031;59;4737.00;97
12635;55;625049694;12635;343;13665;13763;7.03;0.43;293.44;14.30;1030;59;4738.00;98
12637;55;625049707;12637;347;13666;13763;6.98;0.42;293.43;14.31;1029;59;4739.00;97
12638;55;625049722;12638;347;13667;13763;6.95;0.42;293.43;14.31;1029;59;4740.00;96
12641;55;625049734;12641;347;13670;13763;6.85;0.42;293.43;14.35;1029;59;4741.00;93
12643;55;625049747;12643;347;13670;13764;6.75;0.41;293.41;14.35;1027;59;4742.00;94
12645;55;625049760;12645;345;13672;13765;6.66;0.41;293.37;14.35;1027;59;4743.00;93
12646;55;625049772;12646;345;13673;13765;6.58;0.40;293.36;14.36;1027;59;4744.00;92
12647;55;625049783;12647;339;13674;13766;6.51;0.40;293.36;14.36;1027;59;4745.00;92
12648;55;625049796;12648;338;13676;13766;6.43;0.39;293.36;14.38;1028;59;4746.00;90
12649;55;625049808;12649;343;13676;13766;6.38;0.39;293.35;14.38;1027;59;4747.00;90
12651;55;625049820;12651;338;13678;13766;6.38;0.39;293.32;14.39;1027;59;4748.00;88
12654;55;625049832;12654;338;13678;13766;6.37;0.39;293.33;14.39;1024;59;4749.00;88
12656;55;625049844;12656;342;13678;13766;6.37;0.39;293.32;14.39;1022;59;4750.00;88
12659;55;625049855;12659;344;13680;13766;6.33;0.39;293.31;14.41;1021;59;4751.00;86
12662;55;625049867;12662;360;13743;13893;6.54;0.41;293.40;14.34;1081;59;4752.00;150
12665;55;625049888;12665;356;13748;13894;6.54;0.41;293.37;14.35;1083;59;4753.00;146
12669;55;625049900;12669;355;13760;13894;6.65;0.41;293.41;14.34;1091;59;4754.00;134
12672;55;625049913;12672;357;13764;13894;6.64;0.41;293.36;14.35;1092;59;4755.00;130
12678;55;625049925;12678;360;13770;13894;6.56;0.41;293.40;14.34;1092;59;4756.00;124
12680;55;625049937;12680;359;13777;13894;6.52;0.40;293.38;14.34;1097;59;4757.00;117
12684;55;625049949;12684;363;13781;13894;6.40;0.40;293.42;14.34;1097;59;4758.00;113
12690;55;625049961;12690;359;13786;13894;6.32;0.39;293.40;14.34;1096;59;4759.00;108
12695;55;625049973;12695;351;13790;13895;6.27;0.39;293.34;14.34;1095;59;4760.00;105
12700;55;625049994;12700;347;13795;13896;6.22;0.38;293.30;14.35;1095;59;4761.00;101
12704;55;625050008;12704;346;13798;13896;6.11;0.38;293.33;14.35;1094;59;4762.00;98
12707;55;625050025;12707;352;13800;13897;6.04;0.37;293.35;14.35;1093;59;4763.00;97
12709;55;625050037;12709;348;13802;13897;6.00;0.37;293.34;14.36;1093;59;4764.00;95
12712;55;625050050;12712;360;13804;13897;5.95;0.37;293.34;14.36;1092;59;4765.00;93
12714;55;625050063;12714;380;13808;13897;5.92;0.37;293.34;14.39;1094;59;4766.00;89
12715;55;625050074;12715;388;13811;13901;5.90;0.36;293.34;14.39;1096;59;4767.00;90
12719;55;625050086;12719;389;13813;13901;5.88;0.36;293.37;14.39;1094;59;4768.00;88
12722;55;625050098;12722;389;13814;13901;5.87;0.36;293.35;14.40;1092;59;4769.00;87
12724;55;625050117;12724;394;13818;13907;5.87;0.36;293.36;14.40;1094;59;4770.00;89
12727;55;625050129;12727;403;13818;13907;5.81;0.36;293.36;14.40;1091;59;4771.00;89
12731;55;625050141;12731;405;13819;13907;5.76;0.35;293.34;14.39;1088;59;4772.00;88
12733;55;625050153;12733;421;13822;13911;5.72;0.35;293.37;14.39;1089;59;4773.00;89
12736;55;625050165;12736;421;13824;13912;5.71;0.35;293.37;14.39;1088;59;4774.00;88
12739;55;625050177;12739;421;13824;13912;5.67;0.35;293.32;14.39;1085;59;4775.00;88
12745;55;625050189;12745;426;13828;13916;5.63;0.35;293.28;14.39;1083;59;4776.00;88
12747;55;625050201;12747;429;13828;13916;5.60;0.35;293.28;14.39;1081;59;4777.00;88
12751;55;625050213;12751;437;13829;13916;5.58;0.34;293.25;14.39;1078;59;4778.00;87
12753;55;625050225;12753;426;13830;13917;5.63;0.35;293.24;14.39;1077;59;4779.00;87
12755;55;625050237;12755;418;13831;13917;5.66;0.35;293.21;14.39;1076;59;4780.00;86
12760;55;625050249;12760;415;13834;13923;5.67;0.35;293.20;14.38;1074;59;4781.00;89
12764;55;625050262;12764;408;13835;13923;5.70;0.35;293.18;14.38;1071;59;4782.00;88
12769;55;625050274;12769;408;13835;13924;5.71;0.35;293.18;14.38;1066;59;4783.00;89
12771;55;625050287;12771;404;13836;13924;5.81;0.36;293.15;14.38;1065;59;4784.00;88
12777;55;625050300;12777;397;13836;13924;5.84;0.36;293.19;14.38;1059;59;4785.00;88
12778;55;625050318;12778;396;13836;13924;5.94;0.36;293.20;14.38;1058;59;4786.00;88
12781;55;625050330;12781;396;13836;13924;5.96;0.36;293.19;14.38;1055;59;4787.00;88
12785;55;625050343;12785;399;13847;13936;6.06;0.37;293.17;14.43;1062;59;4788.00;89
12787;55;625050356;12787;401;13847;13936;6.10;0.37;293.18;14.43;1060;59;4789.00;89
12791;55;625050369;12791;401;13848;13936;6.10;0.37;293.17;14.43;1057;59;4790.00;88
12792;55;625050382;12792;401;13848;13936;6.12;0.37;293.18;14.43;1056;59;4791.00;88
12793;55;625050394;12793;402;13848;13936;6.09;0.37;293.16;14.43;1055;59;4792.00;88
12797;55;625050407;12797;401;13848;13936;6.06;0.37;293.15;14.43;1051;59;4793.00;88
12800;55;625050420;12800;409;13851;13940;6.08;0.37;293.19;14.43;1051;59;4794.00;89
12802;55;625050432;12802;412;13851;13940;6.08;0.37;293.19;14.43;1049;59;4795.00;89
12805;55;625050445;12805;418;13854;13944;6.06;0.37;293.19;14.42;1049;59;4796.00;90
12808;55;625050457;12808;418;13855;13945;6.04;0.37;293.18;14.42;1047;59;4797.00;90
12810;55;625050471;12810;422;13856;13945;6.06;0.37;293.16;14.42;1046;59;4798.00;89
12812;55;625050484;12812;417;13856;13945;6.09;0.37;293.18;14.42;1044;59;4799.00;89
12815;55;625050499;12815;432;13878;13986;6.21;0.38;293.20;14.40;1063;59;4800.00;108
12818;55;625050518;12818;430;13879;13986;6.18;0.38;293.21;14.40;1061;59;4801.00;107
12821;55;625050531;12821;434;13881;13986;6.12;0.37;293.22;14.39;1060;59;4802.00;105
12824;55;625050544;12824;434;13883;13987;6.10;0.37;293.25;14.39;1059;59;4803.00;104
12830;55;625050557;12830;437;13883;13988;6.07;0.37;293.31;14.39;1053;59;4804.00;105
12833;55;625050570;12833;446;13885;13988;6.02;0.37;293.30;14.39;1052;59;4805.00;103
12838;55;625050582;12838;450;13887;13991;5.99;0.36;293.32;14.39;1049;59;4806.00;104
12839;55;625050599;12839;444;13888;13991;5.99;0.37;293.34;14.39;1049;59;4807.00;103
12843;55;625050614;12843;437;13889;13991;5.97;0.36;293.34;14.39;1046;59;4808.00;102
12845;55;625050635;12845;433;13890;13991;6.02;0.37;293.37;14.39;1045;59;4809.00;101
12848;55;625050651;12848;430;13893;13997;6.06;0.37;293.36;14.39;1045;59;4810.00;104
12852;55;625050671;12852;420;13896;13997;6.05;0.37;293.40;14.38;1044;59;4811.00;101
12857;55;625050688;12857;421;13898;13997;6.06;0.37;293.44;14.44;1041;59;4812.00;99
12860;55;625050704;12860;418;13898;13997;6.06;0.37;293.44;14.44;1038;59;4813.00;99
12862;56;625050723;12862;414;13901;14001;6.06;0.37;293.44;14.44;1039;60;4814.00;100
12867;56;625050765;12867;414;13903;14003;6.01;0.36;293.47;14.44;1036;60;4815.00;100
12869;56;625050779;12869;398;13903;14003;6.04;0.37;293.46;14.44;1034;60;4816.00;100
12873;56;625050793;12873;394;13905;14004;6.08;0.37;293.46;14.44;1032;60;4817.00;99
12877;56;625050808;12877;380;13905;14004;6.14;0.37;293.58;14.44;1028;60;4818.00;99
12878;56;625050823;12878;367;13905;14004;6.24;0.38;293.59;14.44;1027;60;4819.00;99
12883;56;625050838;12883;364;13905;14004;6.29;0.38;293.63;14.44;1022;60;4820.00;99
12885;56;625050857;12885;349;13905;14004;6.33;0.38;293.71;14.44;1020;60;4821.00;99
12887;56;625050873;12887;343;13906;14004;6.41;0.39;293.74;14.44;1019;60;4822.00;98
12889;56;625050887;12889;333;13906;14004;6.41;0.39;293.77;14.44;1017;60;4823.00;98
12891;56;625050908;12891;351;13949;14074;6.45;0.39;293.81;14.39;1058;60;4824.00;125
12893;56;625050931;12893;340;13949;14075;6.48;0.39;293.83;14.39;1056;60;4825.00;126
12894;56;625050945;12894;332;13953;14075;6.50;0.40;293.84;14.39;1059;60;4826.00;122
12898;56;625050958;12898;337;13955;14075;6.54;0.40;293.85;14.39;1057;60;4827.00;120
12902;56;625050973;12902;329;13960;14077;6.57;0.40;293.88;14.45;1058;60;4828.00;117
12905;56;625050992;12905;327;13961;14077;6.61;0.40;293.90;14.45;1056;60;4829.00;116
12908;56;625051018;12908;317;13965;14077;6.67;0.40;293.93;14.44;1057;60;4830.00;112
12908;56;625051041;12908;318;13967;14077;6.71;0.41;293.93;14.44;1059;60;4831.00;110
12911;56;625051061;12911;315;13970;14078;6.71;0.41;293.95;14.44;1059;60;4832.00;108
12913;56;625051080;12913;318;13975;14079;6.68;0.41;294.00;14.44;1062;60;4833.00;104
12915;56;625051096;12915;316;13977;14079;6.66;0.41;294.03;14.44;1062;60;4834.00;102
12916;56;625051112;12916;314;13981;14083;6.66;0.41;294.01;14.44;1065;60;4835.00;102
12917;56;625051128;12917;314;13982;14083;6.68;0.41;294.02;14.50;1065;60;4836.00;101
12919;56;625051142;12919;322;13982;14083;6.66;0.41;294.02;14.50;1063;60;4837.00;101
12923;56;625051157;12923;328;13983;14083;6.65;0.40;294.02;14.50;1060;60;4838.00;100
12926;56;625051171;12926;325;13988;14089;6.66;0.40;294.03;14.49;1062;60;4839.00;101
12929;56;625051187;12929;320;13988;14089;6.66;0.41;294.03;14.49;1059;60;4840.00;101
12932;56;625051202;12932;322;13988;14089;6.65;0.40;294.01;14.49;1056;60;4841.00;101
12933;56;625051217;12933;324;13991;14092;6.70;0.41;294.00;14.49;1058;60;4842.00;101
12936;56;625051232;12936;325;13991;14092;6.66;0.40;294.04;14.49;1055;60;4843.00;101
12937;56;625051247;12937;323;13991;14092;6.63;0.40;294.10;14.49;1054;60;4844.00;101
12937;56;625051262;12937;325;13991;14093;6.62;0.40;294.10;14.49;1054;60;4845.00;102
12938;56;625051276;12938;322;13992;14094;6.62;0.40;294.09;14.49;1054;60;4846.00;102
12939;56;625051291;12939;322;13992;14094;6.60;0.40;294.07;14.49;1053;60;4847.00;102
12943;56;625051307;12943;331;14002;14107;6.60;0.40;294.08;14.48;1059;60;4848.00;105
12943;56;625051325;12943;327;14003;14107;6.58;0.40;294.08;14.48;1060;60;4849.00;104
12946;56;625051339;12946;329;14003;14107;6.53;0.40;294.09;14.48;1057;60;4850.00;104
12946;56;625051354;12946;317;14004;14108;6.53;0.40;294.09;14.48;1058;60;4851.00;104
12950;56;625051369;12950;306;14004;14108;6.56;0.40;294.13;14.48;1054;60;4852.00;104
12951;56;625051384;12951;298;14008;14112;6.60;0.40;294.18;14.54;1057;60;4853.00;104
12954;56;625051408;12954;289;14008;14112;6.59;0.40;294.24;14.54;1054;60;4854.00;104
12956;56;625051423;12956;281;14012;14116;6.61;0.40;294.23;14.53;1056;60;4855.00;104
12959;56;625051437;12959;272;14012;14116;6.63;0.40;294.25;14.53;1053;60;4856.00;104
12961;56;625051452;12961;267;14012;14116;6.66;0.40;294.28;14.53;1051;60;4857.00;104
12965;56;625051466;12965;270;14012;14116;6.64;0.40;294.33;14.53;1047;60;4858.00;104
12968;56;625051481;12968;264;14012;14116;6.63;0.40;294.38;14.53;1044;60;4859.00;104
12970;56;625051497;12970;272;14032;14150;6.67;0.41;294.39;14.51;1062;60;4860.00;118
12971;56;625051522;12971;264;14032;14150;6.66;0.41;294.47;14.51;1061;60;4861.00;118
12976;56;625051535;12976;256;14033;14150;6.60;0.40;294.50;14.51;1057;60;4862.00;117
12980;56;625051549;12980;250;14034;14150;6.61;0.40;294.57;14.51;1054;60;4863.00;116
12983;57;625051564;12983;243;14034;14150;6.61;0.40;294.63;14.51;1051;61;4864.00;116
12984;57;625051590;12984;237;14037;14150;6.70;0.41;294.65;14.54;1053;61;4865.00;113
12986;57;625051607;12986;230;14038;14151;6.83;0.42;294.68;14.54;1052;61;4866.00;113
12992;57;625051621;12992;231;14038;14151;6.85;0.42;294.72;14.54;1046;61;4867.00;113
12995;57;625051636;12995;231;14042;14157;6.91;0.42;294.74;14.54;1047;61;4868.00;115
13001;57;625051651;13001;234;14043;14158;6.87;0.42;294.81;14.54;1042;61;4869.00;115
13002;57;625051666;13002;231;14044;14158;6.84;0.42;294.81;14.54;1042;61;4870.00;114
13006;57;625051680;13006;228;14044;14158;6.77;0.41;294.89;14.54;1038;61;4871.00;114
13007;57;625051695;13007;233;14047;14162;6.73;0.41;294.88;14.53;1040;61;4872.00;115
13010;57;625051711;13010;228;14048;14162;6.65;0.40;294.86;14.53;1038;61;4873.00;114
13013;57;625051730;13013;229;14048;14162;6.66;0.41;294.91;14.53;1035;61;4874.00;114
13015;57;625051748;13015;228;14049;14163;6.70;0.41;294.92;14.53;1034;61;4875.00;114
13020;57;625051774;13020;235;14052;14167;6.72;0.41;294.94;14.53;1032;61;4876.00;115
13021;57;625051794;13021;234;14053;14167;6.85;0.42;294.96;14.53;1032;61;4877.00;114
13027;57;625051812;13027;226;14055;14170;6.85;0.42;294.98;14.53;1028;61;4878.00;115
13029;57;625051829;13029;229;14056;14170;6.88;0.42;294.96;14.53;1027;61;4879.00;114
13035;57;625051845;13035;226;14057;14170;6.82;0.41;295.05;14.53;1022;61;4880.00;113
13037;57;625051860;13037;229;14057;14170;6.79;0.41;295.11;14.53;1020;61;4881.00;113
13039;57;625051874;13039;237;14061;14174;6.85;0.42;295.13;14.52;1022;61;4882.00;113
13042;57;625051889;13042;245;14061;14174;6.82;0.41;295.17;14.52;1019;61;4883.00;113
13048;57;625051903;13048;243;14062;14174;6.75;0.41;295.29;14.52;1014;61;4884.00;112
13050;57;625051919;13050;245;14063;14174;6.75;0.41;295.31;14.52;1013;61;4885.00;111
13052;57;625051934;13052;250;14063;14175;6.72;0.41;295.36;14.52;1011;61;4886.00;112
13054;57;625051949;13054;259;14064;14176;6.69;0.41;295.40;14.52;1010;61;4887.00;112
13058;57;625051963;13058;262;14064;14176;6.66;0.40;295.41;14.52;1006;61;4888.00;112
13061;57;625051978;13061;270;14065;14177;6.64;0.40;295.47;14.52;1004;61;4889.00;112
13063;57;625051994;13063;271;14067;14177;6.57;0.40;295.48;14.55;1004;61;4890.00;110
13065;57;625052010;13065;279;14067;14177;6.54;0.40;295.51;14.55;1002;61;4891.00;110
13067;57;625052036;13067;286;14067;14177;6.53;0.39;295.57;14.55;1000;61;4892.00;110
13070;57;625052050;13070;288;14069;14177;6.50;0.39;295.60;14.59;999;61;4893.00;108
13071;57;625052063;13071;295;14069;14177;6.49;0.39;295.63;14.59;998;61;4894.00;108
13071;57;625052075;13071;303;14071;14177;6.48;0.39;295.63;14.62;1000;61;4895.00;106
13074;57;625052087;13074;319;14134;14304;6.71;0.41;295.61;14.55;1060;61;4896.00;170
13078;57;625052109;13078;319;14136;14305;6.67;0.41;295.59;14.56;1058;61;4897.00;169
13079;57;625052123;13079;310;14148;14305;6.76;0.42;295.62;14.56;1069;61;4898.00;157
13081;57;625052135;13081;308;14155;14305;6.73;0.41;295.60;14.56;1074;61;4899.00;150
13084;57;625052148;13084;311;14162;14305;6.70;0.41;295.61;14.57;1078;61;4900.00;143
13087;57;625052164;13087;315;14170;14305;6.69;0.41;295.61;14.58;1083;61;4901.00;135
13087;57;625052182;13087;315;14177;14305;6.68;0.41;295.61;14.59;1090;61;4902.00;128
13090;57;625052195;13090;320;14182;14305;6.66;0.41;295.62;14.61;1092;61;4903.00;123
13092;57;625052209;13092;325;14186;14306;6.63;0.41;295.58;14.62;1094;61;4904.00;120
13093;57;625052222;13093;330;14189;14308;6.64;0.41;295.56;14.63;1096;61;4905.00;119
13096;57;625052235;13096;333;14193;14308;6.59;0.40;295.61;14.65;1097;61;4906.00;115
13097;57;625052254;13097;330;14194;14309;6.55;0.40;295.59;14.65;1097;61;4907.00;115
13101;57;625052267;13101;339;14197;14309;6.41;0.39;295.54;14.67;1096;61;4908.00;112
13104;57;625052280;13104;339;14198;14309;6.31;0.39;295.49;14.67;1094;61;4909.00;111
13105;57;625052293;13105;346;14200;14309;6.23;0.38;295.48;14.67;1095;61;4910.00;109
13106;57;625052305;13106;353;14205;14313;6.18;0.38;295.47;14.70;1099;61;4911.00;108
13107;57;625052318;13107;358;14207;14313;6.10;0.37;295.45;14.70;1100;61;4912.00;106
13109;57;625052331;13109;365;14209;14313;6.00;0.37;295.43;14.71;1100;61;4913.00;104
13109;57;625052348;13109;367;14211;14316;5.94;0.36;295.43;14.71;1102;61;4914.00;105
13109;57;625052361;13109;377;14213;14316;5.88;0.36;295.43;14.72;1104;61;4915.00;103
13109;57;625052375;13109;377;14216;14316;5.79;0.36;295.43;14.73;1107;61;4916.00;100
13109;57;625052393;13109;395;14221;14320;5.69;0.35;295.43;14.74;1112;61;4917.00;99
13111;57;625052406;13111;400;14223;14321;5.68;0.35;295.40;14.74;1112;61;4918.00;98
13112;57;625052421;13112;410;14225;14321;5.63;0.35;295.41;14.75;1113;61;4919.00;96
13114;57;625052437;13114;419;14231;14326;5.61;0.34;295.37;14.75;1117;61;4920.00;95
13116;57;625052450;13116;416;14231;14326;5.55;0.34;295.35;14.75;1115;61;4921.00;95
13117;57;625052463;13117;425;14232;14326;5.48;0.34;295.36;14.76;1115;61;4922.00;94
13120;57;625052477;13120;424;14234;14327;5.35;0.33;295.35;14.76;1114;61;4923.00;93
13125;57;625052501;13125;431;14235;14327;5.17;0.32;295.34;14.77;1110;61;4924.00;92
13128;57;625052515;13128;435;14240;14333;5.11;0.31;295.33;14.77;1112;61;4925.00;93
13132;57;625052529;13132;439;14241;14333;4.95;0.30;295.29;14.78;1109;61;4926.00;92
13135;57;625052542;13135;440;14243;14334;4.84;0.30;295.30;14.79;1108;61;4927.00;91
13138;57;625052555;13138;451;14244;14334;4.75;0.29;295.29;14.79;1106;61;4928.00;90
13140;57;625052568;13140;461;14244;14334;4.70;0.29;295.32;14.79;1104;61;4929.00;90
13143;57;625052580;13143;458;14245;14334;4.62;0.28;295.31;14.80;1102;61;4930.00;89
13147;57;625052593;13147;444;14246;14334;4.59;0.28;295.30;14.80;1099;61;4931.00;88
13149;57;625052610;13149;424;14257;14346;4.64;0.29;295.28;14.79;1108;61;4932.00;89
13149;57;625052623;13149;418;14257;14346;4.67;0.29;295.28;14.79;1108;61;4933.00;89
13151;57;625052636;13151;410;14257;14346;4.72;0.29;295.29;14.79;1106;61;4934.00;89
13154;57;625052648;13154;397;14259;14346;4.80;0.29;295.28;14.80;1105;61;4935.00;87
13156;57;625052662;13156;407;14259;14346;4.89;0.30;295.26;14.80;1103;61;4936.00;87
13159;57;625052674;13159;393;14260;14346;4.99;0.31;295.27;14.81;1101;61;4937.00;86
13163;57;625052695;13163;388;14263;14350;5.08;0.31;295.24;14.81;1100;61;4938.00;87
13164;57;625052708;13164;381;14263;14350;5.16;0.32;295.25;14.81;1099;61;4939.00;87
13166;57;625052721;13166;385;14266;14354;5.30;0.33;295.27;14.81;1100;61;4940.00;88
13169;57;625052735;13169;384;14267;14355;5.37;0.33;295.26;14.81;1098;61;4941.00;88
13172;57;625052750;13172;388;14268;14355;5.41;0.33;295.25;14.80;1096;61;4942.00;87
13175;57;625052763;13175;387;14268;14355;5.46;0.33;295.27;14.80;1093;61;4943.00;87
13178;57;625052777;13178;376;14279;14368;5.61;0.34;295.24;14.79;1101;61;4944.00;89
13182;57;625052792;13182;378;14279;14368;5.67;0.35;295.20;14.79;1097;61;4945.00;89
13185;57;625052805;13185;383;14279;14368;5.72;0.35;295.19;14.79;1094;61;4946.00;89
13187;57;625052818;13187;388;14280;14369;5.80;0.35;295.20;14.79;1093;61;4947.00;89
13188;57;625052831;13188;387;14280;14370;5.89;0.36;295.19;14.79;1092;61;4948.00;90
13193;57;625052844;13193;387;14280;14370;5.90;0.36;295.21;14.79;1087;61;4949.00;90
13194;57;625052868;13194;391;14284;14379;5.98;0.36;295.21;14.79;1090;61;4950.00;95
13197;57;625052883;13197;378;14285;14379;6.00;0.37;295.22;14.79;1088;61;4951.00;94
13200;57;625052898;13200;378;14287;14379;6.05;0.37;295.21;14.79;1087;61;4952.00;92
13204;57;625052915;13204;370;14288;14379;6.02;0.37;295.21;14.85;1084;61;4953.00;91
13208;57;625052931;13208;367;14292;14385;6.11;0.37;295.35;14.85;1084;61;4954.00;93
13214;57;625052947;13214;369;14292;14385;6.11;0.37;295.35;14.85;1078;61;4955.00;93
13216;57;625052961;13216;364;14293;14385;6.14;0.37;295.35;14.85;1077;61;4956.00;92
13221;57;625052975;13221;363;14294;14385;6.15;0.37;295.38;14.85;1073;61;4957.00;91
13224;57;625052995;13224;360;14298;14389;6.23;0.38;295.36;14.85;1074;61;4958.00;91
13229;57;625053019;13229;367;14299;14390;6.24;0.38;295.45;14.84;1070;61;4959.00;91
13233;57;625053044;13233;363;14299;14390;6.25;0.38;295.48;14.84;1066;61;4960.00;91
13235;57;625053073;13235;367;14300;14391;6.31;0.38;295.53;14.84;1065;61;4961.00;91
13240;57;625053093;13240;363;14300;14391;6.31;0.38;295.64;14.84;1060;61;4962.00;91
13246;57;625053109;13246;369;14300;14391;6.36;0.39;295.64;14.84;1054;61;4963.00;91
13248;57;625053124;13248;365;14300;14391;6.46;0.39;295.68;14.84;1052;61;4964.00;91
13256;57;625053139;13256;364;14300;14391;6.48;0.39;295.70;14.84;1044;61;4965.00;91
13257;57;625053154;13257;362;14300;14391;6.59;0.40;295.68;14.84;1043;61;4966.00;91
13261;57;625053168;13261;365;14300;14391;6.60;0.40;295.73;14.84;1039;61;4967.00;91
13265;57;625053182;13265;377;14344;14461;6.68;0.41;295.78;14.80;1079;61;4968.00;117
13268;57;625053202;13268;377;14344;14462;6.72;0.41;295.82;14.80;1076;61;4969.00;118
13272;57;625053217;13272;376;14350;14462;6.80;0.42;295.83;14.79;1078;61;4970.00;112
13276;57;625053235;13276;382;14351;14462;6.85;0.42;295.84;14.79;1075;61;4971.00;111
13281;57;625053258;13281;378;14355;14462;6.84;0.42;295.89;14.79;1074;61;4972.00;107
13284;57;625053273;13284;385;14356;14462;6.84;0.42;295.94;14.79;1072;61;4973.00;106
13286;57;625053286;13286;392;14359;14462;6.85;0.42;295.97;14.79;1073;61;4974.00;103
13291;57;625053300;13291;391;14362;14462;6.82;0.42;296.08;14.78;1071;61;4975.00;100
13293;57;625053315;13293;388;14364;14463;6.77;0.41;296.11;14.78;1071;61;4976.00;99
13296;57;625053329;13296;383;14366;14464;6.72;0.41;296.19;14.78;1070;61;4977.00;98
13301;57;625053344;13301;388;14368;14464;6.65;0.41;296.23;14.78;1067;61;4978.00;96
13302;57;625053358;13302;386;14371;14468;6.63;0.40;296.22;14.78;1069;61;4979.00;97
13306;57;625053384;13306;384;14371;14468;6.64;0.40;296.26;14.78;1065;61;4980.00;97
13309;57;625053400;13309;386;14371;14468;6.64;0.40;296.26;14.78;1062;61;4981.00;97
13311;57;625053415;13311;381;14371;14468;6.66;0.41;296.30;14.78;1060;61;4982.00;97
13312;57;625053436;13312;383;14375;14474;6.68;0.41;296.30;14.77;1063;61;4983.00;99
13317;57;625053457;13317;382;14376;14474;6.69;0.41;296.34;14.77;1059;61;4984.00;98
13318;57;625053471;13318;386;14376;14474;6.73;0.41;296.33;14.77;1058;61;4985.00;98
13323;57;625053485;13323;377;14378;14477;6.75;0.41;296.48;14.77;1055;61;4986.00;99
13326;57;625053501;13326;365;14378;14477;6.76;0.41;296.49;14.77;1052;61;4987.00;99
13330;57;625053515;13330;352;14379;14477;6.81;0.42;296.50;14.77;1049;61;4988.00;98
13331;57;625053530;13331;347;14379;14478;6.88;0.42;296.53;14.77;1048;61;4989.00;99
13334;57;625053544;13334;342;14380;14479;6.95;0.43;296.55;14.77;1046;61;4990.00;99
13336;57;625053559;13336;336;14380;14479;6.95;0.43;296.57;14.77;1044;61;4991.00;99
13340;57;625053573;13340;331;14390;14492;6.97;0.43;296.57;14.76;1050;61;4992.00;102
13346;58;625053589;13346;329;14390;14492;6.92;0.42;296.67;14.76;1044;62;4993.00;102
13349;58;625053621;13349;327;14391;14492;6.92;0.42;296.69;14.76;1042;62;4994.00;101
13354;58;625053636;13354;330;14393;14494;6.86;0.42;296.73;14.76;1039;62;4995.00;101
13358;58;625053651;13358;325;14393;14494;6.82;0.41;296.76;14.76;1035;62;4996.00;101
13360;58;625053665;13360;326;14396;14498;6.82;0.41;296.76;14.75;1036;62;4997.00;102
13362;58;625053680;13362;331;14396;14498;6.78;0.41;296.81;14.75;1034;62;4998.00;102
13366;58;625053694;13366;328;14400;14502;6.72;0.41;296.86;14.75;1034;62;4999.00;102
13367;58;625053709;13367;325;14400;14502;6.68;0.40;296.86;14.75;1033;62;5000.00;102
13372;58;625053726;13372;319;14400;14502;6.60;0.40;296.84;14.75;1028;62;5001.00;102
13375;58;625053740;13375;305;14400;14502;6.56;0.40;296.89;14.75;1025;62;5002.00;102
13378;58;625053754;13378;302;14400;14502;6.56;0.40;296.89;14.75;1022;62;5003.00;102
13381;58;625053769;13381;296;14409;14514;6.62;0.40;296.89;14.74;1028;62;5004.00;105
13386;58;625053788;13386;291;14409;14514;6.57;0.40;296.86;14.74;1023;62;5005.00;105
13386;58;625053802;13386;290;14411;14514;6.60;0.40;296.86;14.74;1025;62;5006.00;103
13386;58;625053815;13386;289;14411;14514;6.57;0.40;296.86;14.74;1025;62;5007.00;103
13386;58;625053828;13386;284;14411;14514;6.59;0.40;296.86;14.74;1025;62;5008.00;103
13387;58;625053842;13387;279;14411;14514;6.64;0.40;296.85;14.74;1024;62;5009.00;103
13387;58;625053857;13387;274;14411;14515;6.68;0.41;296.85;14.74;1024;62;5010.00;104
13388;58;625053869;13388;275;14411;14515;6.71;0.41;296.86;14.74;1023;62;5011.00;104
13390;58;625053882;13390;274;14415;14521;6.75;0.41;296.85;14.73;1025;62;5012.00;106
13390;58;625053896;13390;278;14416;14522;6.74;0.41;296.85;14.73;1026;62;5013.00;106
13393;58;625053918;13393;275;14417;14522;6.69;0.41;296.85;14.73;1024;62;5014.00;105
13395;58;625053931;13395;279;14417;14522;6.61;0.40;296.86;14.73;1022;62;5015.00;105
13397;58;625053945;13397;285;14421;14526;6.58;0.40;296.86;14.80;1024;62;5016.00;105
13399;58;625053959;13399;287;14421;14526;6.52;0.40;296.85;14.80;1022;62;5017.00;105
13400;58;625053973;13400;282;14421;14526;6.50;0.39;296.85;14.80;1021;62;5018.00;105
13400;58;625053989;13400;282;14422;14527;6.50;0.39;296.85;14.80;1022;62;5019.00;105
13402;58;625054002;13402;280;14425;14531;6.42;0.39;296.86;14.79;1023;62;5020.00;106
13404;58;625054015;13404;274;14425;14531;6.34;0.38;296.85;14.79;1021;62;5021.00;106
13404;58;625054028;13404;270;14427;14534;6.37;0.39;296.85;14.79;1023;62;5022.00;107
13405;58;625054041;13405;270;14427;14534;6.31;0.38;296.85;14.79;1022;62;5023.00;107
13406;58;625054053;13406;263;14428;14534;6.32;0.38;296.85;14.79;1022;62;5024.00;106
13407;58;625054065;13407;260;14428;14534;6.32;0.38;296.86;14.79;1021;62;5025.00;106
13410;58;625054077;13410;249;14431;14538;6.32;0.38;296.90;14.79;1021;62;5026.00;107
13412;58;625054089;13412;241;14431;14538;6.31;0.38;296.88;14.79;1019;62;5027.00;107
13416;58;625054101;13416;234;14432;14538;6.26;0.38;296.92;14.79;1016;62;5028.00;106
13419;58;625054114;13419;224;14432;14538;6.20;0.38;296.95;14.79;1013;62;5029.00;106
13422;58;625054125;13422;216;14432;14539;6.10;0.37;296.97;14.79;1010;62;5030.00;107
13427;58;625054137;13427;209;14433;14540;5.98;0.37;297.01;14.79;1006;62;5031.00;107
13433;58;625054148;13433;204;14434;14540;5.85;0.36;297.01;14.85;1001;62;5032.00;106
13435;58;625054159;13435;195;14435;14541;5.81;0.35;297.02;14.85;1000;62;5033.00;106
13438;58;625054171;13438;195;14435;14541;5.78;0.35;297.08;14.85;997;62;5034.00;106
13442;58;625054181;13442;191;14437;14541;5.75;0.35;297.14;14.93;995;62;5035.00;104
13446;58;625054194;13446;197;14437;14541;5.67;0.34;297.18;14.93;991;62;5036.00;104
13449;58;625054204;13449;194;14437;14541;5.61;0.34;297.24;14.93;988;62;5037.00;104
13457;58;625054216;13457;191;14437;14541;5.53;0.34;297.19;14.93;980;62;5038.00;104
13457;58;625054228;13457;193;14437;14541;5.58;0.34;297.19;14.93;980;62;5039.00;104
13464;58;625054240;13464;230;14539;14771;5.82;0.36;297.17;14.96;1075;62;5040.00;232
13464;58;625054270;13464;214;14541;14772;5.88;0.37;297.17;14.96;1077;62;5041.00;231
13465;58;625054283;13465;202;14552;14772;6.01;0.37;297.16;14.95;1087;62;5042.00;220
13466;58;625054295;13466;200;14556;14772;6.07;0.38;297.21;15.01;1090;62;5043.00;216
13468;58;625054307;13468;201;14564;14772;6.16;0.38;297.24;15.00;1096;62;5044.00;208
13469;58;625054319;13469;195;14569;14772;6.25;0.39;297.27;15.00;1100;62;5045.00;203
13470;58;625054331;13470;204;14575;14772;6.32;0.39;297.26;14.99;1105;62;5046.00;197
13472;58;625054342;13472;200;14579;14772;6.38;0.40;297.26;14.99;1107;62;5047.00;193
13475;58;625054355;13475;201;14587;14773;6.41;0.40;297.27;14.99;1112;62;5048.00;186
13479;58;625054368;13479;209;14591;14774;6.44;0.40;297.22;14.99;1112;62;5049.00;183
13480;58;625054381;13480;206;14596;14774;6.50;0.40;297.23;14.98;1116;62;5050.00;178
13483;58;625054394;13483;211;14599;14775;6.51;0.40;297.18;14.98;1116;62;5051.00;176
13484;58;625054407;13484;218;14605;14775;6.53;0.40;297.18;14.98;1121;62;5052.00;170
13484;58;625054420;13484;221;14608;14775;6.53;0.40;297.18;14.98;1124;62;5053.00;167
13485;58;625054439;13485;222;14612;14775;6.47;0.40;297.18;14.99;1127;62;5054.00;163
13487;58;625054452;13487;227;14618;14779;6.43;0.40;297.17;14.99;1131;62;5055.00;161
13490;58;625054471;13490;236;14621;14779;6.41;0.39;297.14;14.99;1131;62;5056.00;158
13490;58;625054490;13490;241;14622;14779;6.44;0.40;297.14;15.00;1132;62;5057.00;157
13493;58;625054503;13493;248;14625;14782;6.48;0.40;297.11;15.00;1132;62;5058.00;157
13495;58;625054517;13495;251;14628;14782;6.50;0.40;297.17;15.00;1133;62;5059.00;154
13497;58;625054530;13497;252;14630;14782;6.50;0.40;297.16;15.00;1133;62;5060.00;152
13500;58;625054544;13500;256;14636;14786;6.49;0.40;297.12;15.02;1136;62;5061.00;150
13501;58;625054558;13501;266;14637;14787;6.53;0.40;297.12;15.02;1136;62;5062.00;150
13505;58;625054571;13505;274;14641;14787;6.48;0.40;297.05;15.04;1136;62;5063.00;146
13508;58;625054586;13508;281;14646;14791;6.47;0.40;297.04;15.04;1138;62;5064.00;145
13510;58;625054605;13510;288;14650;14791;6.40;0.39;297.05;15.06;1140;62;5065.00;141
13511;58;625054621;13511;296;14652;14791;6.35;0.39;297.05;15.06;1141;62;5066.00;139
13514;58;625054634;13514;302;14655;14792;6.27;0.38;297.02;15.07;1141;62;5067.00;137
13515;58;625054649;13515;309;14658;14792;6.19;0.38;297.00;15.08;1143;62;5068.00;134
13515;58;625054662;13515;319;14663;14798;6.15;0.38;297.00;15.09;1148;62;5069.00;135
13516;58;625054678;13516;323;14664;14798;6.09;0.37;297.01;15.10;1148;62;5070.00;134
13520;58;625054692;13520;339;14666;14799;6.00;0.37;296.94;15.10;1146;62;5071.00;133
13521;58;625054704;13521;349;14668;14799;5.92;0.36;296.93;15.11;1147;62;5072.00;131
13524;58;625054718;13524;359;14673;14799;5.82;0.36;296.90;15.12;1149;62;5073.00;126
13526;58;625054731;13526;369;14674;14799;5.75;0.35;296.87;15.12;1148;62;5074.00;125
13527;58;625054744;13527;380;14677;14799;5.70;0.35;296.87;15.14;1150;62;5075.00;122
13527;58;625054756;13527;383;14690;14811;5.70;0.35;296.87;15.15;1163;62;5076.00;121
13531;58;625054770;13531;397;14691;14811;5.62;0.34;296.88;15.15;1160;62;5077.00;120
13535;58;625054783;13535;395;14694;14811;5.56;0.34;296.89;15.16;1159;62;5078.00;117
13535;58;625054795;13535;398;14696;14811;5.50;0.34;296.89;15.16;1161;62;5079.00;115
13536;58;625054808;13536;397;14698;14811;5.44;0.33;296.87;15.18;1162;62;5080.00;113
13537;58;625054820;13537;399;14700;14811;5.41;0.33;296.86;15.18;1163;62;5081.00;111
13539;58;625054833;13539;399;14704;14815;5.37;0.33;296.82;15.19;1165;62;5082.00;111
13540;59;625054847;13540;386;14705;14815;5.37;0.33;296.83;15.19;1165;63;5083.00;110
13544;59;625054870;13544;378;14708;14819;5.41;0.33;296.80;15.19;1164;63;5084.00;111
13546;59;625054889;13546;373;14713;14821;5.45;0.33;296.79;15.21;1167;63;5085.00;108
13547;59;625054902;13547;365;14714;14821;5.51;0.34;296.80;15.21;1167;63;5086.00;107
13549;59;625054916;13549;362;14714;14821;5.59;0.34;296.76;15.21;1165;63;5087.00;107
13549;59;625054929;13549;357;14725;14834;5.68;0.35;296.76;15.22;1176;63;5088.00;109
13551;59;625054943;13551;354;14726;14834;5.69;0.35;296.77;15.21;1175;63;5089.00;108
13551;59;625054963;13551;353;14728;14834;5.72;0.35;296.77;15.23;1177;63;5090.00;106
13554;59;625054977;13554;358;14729;14835;5.74;0.35;296.76;15.22;1175;63;5091.00;106
13556;59;625054994;13556;362;14731;14836;5.73;0.35;296.75;15.25;1175;63;5092.00;105
13557;59;625055017;13557;362;14731;14836;5.75;0.35;296.75;15.25;1174;63;5093.00;105
13559;59;625055038;13559;359;14735;14839;5.76;0.35;296.74;15.27;1176;63;5094.00;104
13563;59;625055060;13563;355;14735;14839;5.73;0.35;296.70;15.27;1172;63;5095.00;104
13565;59;625055081;13565;369;14736;14839;5.69;0.35;296.69;15.27;1171;63;5096.00;103
13566;59;625055099;13566;373;14736;14839;5.68;0.35;296.69;15.27;1170;63;5097.00;103
13569;59;625055113;13569;373;14740;14845;5.65;0.35;296.72;15.27;1171;63;5098.00;105
13572;59;625055128;13572;384;14744;14845;5.55;0.34;296.71;15.31;1172;63;5099.00;101
13573;59;625055144;13573;391;14749;14864;5.48;0.34;296.72;15.30;1176;63;5100.00;115
13576;59;625055165;13576;389;14751;14864;5.40;0.33;296.73;15.30;1175;63;5101.00;113
13580;59;625055178;13580;380;14755;14868;5.36;0.33;296.70;15.31;1175;63;5102.00;113
13583;59;625055193;13583;384;14756;14869;5.33;0.33;296.76;15.31;1173;63;5103.00;113
13588;59;625055207;13588;390;14756;14869;5.33;0.33;296.82;15.31;1168;63;5104.00;113
13589;59;625055220;13589;389;14759;14870;5.37;0.33;296.84;15.33;1170;63;5105.00;111
13592;59;625055234;13592;393;14762;14870;5.43;0.33;296.85;15.33;1170;63;5106.00;108
13595;59;625055247;13595;379;14762;14870;5.44;0.33;296.85;15.33;1167;63;5107.00;108
13598;59;625055260;13598;372;14762;14870;5.49;0.34;296.89;15.33;1164;63;5108.00;108
13602;59;625055274;13602;368;14762;14870;5.55;0.34;296.92;15.33;1160;63;5109.00;108
13605;59;625055288;13605;366;14762;14870;5.59;0.34;296.93;15.33;1157;63;5110.00;108
13609;59;625055302;13609;360;14762;14870;5.61;0.34;297.00;15.33;1153;63;5111.00;108
13612;59;625055315;13612;364;14796;14940;5.74;0.35;297.04;15.29;1184;63;5112.00;144
13616;59;625055335;13616;357;14799;14941;5.84;0.36;297.09;15.29;1183;63;5113.00;142
13620;59;625055350;13620;355;14806;14941;5.95;0.37;297.14;15.28;1186;63;5114.00;135
13626;59;625055364;13626;352;14809;14941;6.01;0.37;297.14;15.28;1183;63;5115.00;132
13631;59;625055377;13631;349;14814;14941;6.10;0.37;297.16;15.28;1183;63;5116.00;127
13637;59;625055391;13637;346;14816;14941;6.11;0.37;297.14;15.28;1179;63;5117.00;125
13640;59;625055404;13640;345;14821;14941;6.16;0.38;297.13;15.27;1181;63;5118.00;120
13645;59;625055419;13645;344;14822;14941;6.17;0.38;297.20;15.27;1177;63;5119.00;119
13647;59;625055433;13647;348;14824;14942;6.21;0.38;297.22;15.34;1177;63;5120.00;118
13650;59;625055449;13650;353;14827;14943;6.19;0.38;297.25;15.34;1177;63;5121.00;116
13655;59;625055465;13655;359;14828;14943;6.17;0.38;297.34;15.34;1173;63;5122.00;115
13659;59;625055498;13659;372;14832;14947;6.13;0.38;297.45;15.33;1173;63;5123.00;115
13664;59;625055514;13664;376;14833;14947;6.12;0.37;297.38;15.33;1169;63;5124.00;114
13669;59;625055531;13669;383;14833;14947;6.15;0.38;297.37;15.33;1164;63;5125.00;114
13673;59;625055546;13673;386;14833;14947;6.16;0.38;297.39;15.33;1160;63;5126.00;114
13676;59;625055561;13676;385;14836;14953;6.17;0.38;297.41;15.33;1160;63;5127.00;117
13684;59;625055576;13684;390;14836;14953;6.14;0.37;297.45;15.33;1152;63;5128.00;117
13688;59;625055591;13688;396;14837;14953;6.20;0.38;297.43;15.33;1149;63;5129.00;116
13692;59;625055608;13692;399;14841;14959;6.26;0.38;297.49;15.33;1149;63;5130.00;118
13699;59;625055625;13699;401;14841;14959;6.28;0.38;297.54;15.33;1142;63;5131.00;118
13703;59;625055641;13703;409;14842;14959;6.31;0.38;297.59;15.33;1139;63;5132.00;117
13705;59;625055655;13705;412;14843;14960;6.32;0.38;297.64;15.33;1138;63;5133.00;117
13709;59;625055671;13709;417;14845;14961;6.33;0.38;297.76;15.33;1136;63;5134.00;116
13716;59;625055686;13716;415;14847;14961;6.28;0.38;297.78;15.33;1131;63;5135.00;114
13718;59;625055705;13718;411;14856;14974;6.35;0.38;297.75;15.32;1138;63;5136.00;118
13721;59;625055727;13721;414;14857;14974;6.36;0.39;297.80;15.32;1136;63;5137.00;117
13725;59;625055746;13725;422;14857;14974;6.36;0.39;297.82;15.32;1132;63;5138.00;117
13729;59;625055767;13729;430;14858;14975;6.37;0.39;297.83;15.32;1129;63;5139.00;117
13730;59;625055782;13730;436;14861;14975;6.32;0.38;297.86;15.33;1131;63;5140.00;114
13732;59;625055796;13732;437;14864;14979;6.26;0.38;297.92;15.32;1132;63;5141.00;115
13735;59;625055812;13735;436;14866;14979;6.16;0.37;297.98;15.32;1131;63;5142.00;113
13738;59;625055827;13738;446;14870;14983;6.12;0.37;297.98;15.32;1132;63;5143.00;113
13741;59;625055843;13741;453;14871;14983;6.00;0.36;298.00;15.32;1130;63;5144.00;112
13743;59;625055859;13743;455;14872;14983;5.95;0.36;298.04;15.32;1129;63;5145.00;111
13745;59;625055876;13745;468;14873;14983;5.87;0.36;298.03;15.32;1128;63;5146.00;110
13751;59;625055896;13751;457;14874;14983;5.81;0.35;298.09;15.32;1123;63;5147.00;109
13753;59;625055921;13753;454;14884;14995;5.83;0.36;298.09;15.31;1131;63;5148.00;111
13756;59;625055937;13756;451;14885;14995;5.84;0.36;298.15;15.31;1129;63;5149.00;110
13760;59;625055955;13760;447;14886;14995;5.85;0.36;298.25;15.31;1126;63;5150.00;109
13762;59;625055973;13762;441;14886;14995;5.93;0.36;298.26;15.31;1124;63;5151.00;109
13764;59;625055989;13764;439;14886;14995;6.00;0.37;298.25;15.31;1122;64;5152.00;109
13767;59;625056018;13767;428;14886;14995;6.06;0.37;298.28;15.31;1119;64;5153.00;109
13768;59;625056034;13768;427;14886;14996;6.11;0.37;298.31;15.31;1118;64;5154.00;110
13773;59;625056048;13773;423;14888;14998;6.13;0.37;298.40;15.31;1115;64;5155.00;110
13775;59;625056066;13775;414;14892;15004;6.19;0.38;298.43;15.30;1117;64;5156.00;112
13780;59;625056082;13780;405;14894;15005;6.20;0.38;298.41;15.30;1114;64;5157.00;111
13786;59;625056097;13786;395;14894;15005;6.18;0.38;298.46;15.30;1108;64;5158.00;111
13787;59;625056112;13787;392;14894;15005;6.21;0.38;298.49;15.30;1107;64;5159.00;111
13791;59;625056133;13791;381;14898;15010;6.26;0.38;298.53;15.30;1107;64;5160.00;112
13797;59;625056148;13797;383;14898;15010;6.30;0.38;298.57;15.30;1101;64;5161.00;112
13800;59;625056168;13800;377;14898;15010;6.36;0.39;298.54;15.30;1098;64;5162.00;112
13804;59;625056182;13804;372;14899;15011;6.38;0.39;298.61;15.29;1095;64;5163.00;112
13810;59;625056197;13810;375;14902;15015;6.37;0.39;298.64;15.29;1092;64;5164.00;113
13812;59;625056212;13812;374;14902;15015;6.40;0.39;298.71;15.29;1090;64;5165.00;113
13814;59;625056225;13814;371;14904;15018;6.43;0.39;298.75;15.29;1090;64;5166.00;114
13816;59;625056239;13816;371;14905;15018;6.48;0.39;298.76;15.29;1089;64;5167.00;113
13822;59;625056254;13822;366;14905;15018;6.47;0.39;298.80;15.29;1083;64;5168.00;113
13825;59;625056268;13825;361;14905;15018;6.46;0.39;298.94;15.29;1080;64;5169.00;113
13829;59;625056282;13829;356;14908;15022;6.49;0.39;298.98;15.29;1079;64;5170.00;114
13832;59;625056296;13832;352;14909;15022;6.51;0.40;298.97;15.28;1077;64;5171.00;113
13833;59;625056310;13833;350;14909;15022;6.52;0.40;299.00;15.28;1076;64;5172.00;113
13837;59;625056323;13837;351;14909;15022;6.50;0.39;299.00;15.28;1072;64;5173.00;113
13839;59;625056338;13839;350;14909;15023;6.46;0.39;299.06;15.28;1070;64;5174.00;114
13840;59;625056351;13840;348;14911;15025;6.48;0.39;299.09;15.28;1071;64;5175.00;114
13842;59;625056365;13842;348;14911;15025;6.45;0.39;299.09;15.28;1069;64;5176.00;114
13843;59;625056378;13843;337;14912;15026;6.46;0.39;299.11;15.28;1069;64;5177.00;114
13845;59;625056391;13845;339;14912;15026;6.44;0.39;299.10;15.28;1067;64;5178.00;114
13848;59;625056404;13848;335;14912;15026;6.42;0.39;299.07;15.28;1064;64;5179.00;114
13852;59;625056417;13852;330;14912;15026;6.37;0.39;299.07;15.28;1060;64;5180.00;114
13852;59;625056430;13852;336;14912;15026;6.38;0.39;299.07;15.28;1060;64;5181.00;114
13852;59;625056443;13852;332;14912;15026;6.37;0.39;299.07;15.28;1060;64;5182.00;114
13853;59;625056456;13853;343;14912;15026;6.36;0.39;299.07;15.28;1059;64;5183.00;114
13854;59;625056469;13854;373;14985;15153;6.43;0.40;299.06;15.21;1131;64;5184.00;168
13855;59;625056492;13855;361;14986;15154;6.38;0.39;299.06;15.21;1131;64;5185.00;168
13856;59;625056505;13856;358;14993;15154;6.43;0.40;299.05;15.20;1137;64;5186.00;161
13859;59;625056518;13859;356;14998;15154;6.45;0.40;299.12;15.26;1139;64;5187.00;156
13862;59;625056532;13862;354;15003;15154;6.41;0.40;299.13;15.26;1141;64;5188.00;151
13863;59;625056545;13863;353;15008;15154;6.35;0.39;299.15;15.26;1145;64;5189.00;146
13865;59;625056561;13865;359;15011;15154;6.32;0.39;299.15;15.25;1146;64;5190.00;143
13865;59;625056574;13865;360;15015;15154;6.31;0.39;299.15;15.25;1150;64;5191.00;139
13865;59;625056587;13865;361;15018;15155;6.33;0.39;299.15;15.25;1153;64;5192.00;137
13868;59;625056601;13868;365;15019;15156;6.34;0.39;299.15;15.25;1151;64;5193.00;137
13869;59;625056615;13869;369;15021;15156;6.39;0.39;299.14;15.25;1152;64;5194.00;135
13873;59;625056628;13873;364;15022;15157;6.31;0.39;299.18;15.25;1149;64;5195.00;135
13876;59;625056649;13876;368;15023;15157;6.25;0.38;299.24;15.25;1147;64;5196.00;134
13881;59;625056663;13881;365;15025;15157;6.21;0.38;299.23;15.25;1144;64;5197.00;132
13884;59;625056676;13884;368;15026;15157;6.15;0.38;299.20;15.25;1142;64;5198.00;131
13886;59;625056690;13886;369;15028;15161;6.09;0.37;299.22;15.25;1142;64;5199.00;133
13887;59;625056704;13887;363;15029;15161;5.98;0.37;299.21;15.25;1142;64;5200.00;132
13891;59;625056720;13891;362;15030;15161;5.84;0.36;299.23;15.25;1139;64;5201.00;131
13895;59;625056733;13895;358;15033;15164;5.70;0.35;299.21;15.31;1138;64;5202.00;131
13899;59;625056746;13899;361;15035;15164;5.58;0.34;299.19;15.31;1136;64;5203.00;129
13905;59;625056759;13905;361;15036;15164;5.44;0.33;299.19;15.31;1131;64;5204.00;128
13907;59;625056772;13907;355;15041;15168;5.38;0.33;299.20;15.34;1134;64;5205.00;127
13908;59;625056786;13908;351;15043;15169;5.37;0.33;299.19;15.34;1135;64;5206.00;126
13910;59;625056798;13910;343;15044;15169;5.32;0.33;299.15;15.34;1134;64;5207.00;125
13912;59;625056811;13912;347;15046;15173;5.31;0.32;299.12;15.34;1134;64;5208.00;127
13916;59;625056823;13916;348;15046;15173;5.25;0.32;299.10;15.34;1130;64;5209.00;127
13917;59;625056836;13917;347;15046;15173;5.26;0.32;299.09;15.34;1129;64;5210.00;127
13918;59;625056849;13918;352;15048;15174;5.26;0.32;299.08;15.40;1130;64;5211.00;126
13919;59;625056861;13919;355;15049;15174;5.24;0.32;299.06;15.40;1130;64;5212.00;125
13920;59;625056873;13920;358;15053;15180;5.32;0.32;299.04;15.46;1133;64;5213.00;127
13923;59;625056886;13923;361;15053;15180;5.28;0.32;299.02;15.46;1130;64;5214.00;127
13926;59;625056898;13926;360;15055;15180;5.28;0.32;299.00;15.46;1129;64;5215.00;125
13929;59;625056911;13929;360;15055;15181;5.27;0.32;298.96;15.46;1126;64;5216.00;126
13931;59;625056923;13931;363;15056;15181;5.23;0.32;298.93;15.46;1125;64;5217.00;125
13935;59;625056936;13935;359;15056;15181;5.20;0.32;298.95;15.46;1121;64;5218.00;125
13936;59;625056949;13936;358;15056;15181;5.19;0.32;298.94;15.46;1120;64;5219.00;125
13937;59;625056962;13937;371;15076;15217;5.25;0.32;298.94;15.44;1139;64;5220.00;141
13939;59;625056978;13939;377;15079;15217;5.24;0.32;298.95;15.44;1140;64;5221.00;138
13942;59;625056995;13942;377;15080;15217;5.22;0.32;298.92;15.44;1138;64;5222.00;137
13942;59;625057013;13942;381;15082;15217;5.25;0.32;298.92;15.44;1140;64;5223.00;135
13944;59;625057034;13944;376;15082;15217;5.25;0.32;298.92;15.44;1138;64;5224.00;135
13944;59;625057055;13944;372;15084;15217;5.30;0.32;298.92;15.44;1140;64;5225.00;133
13945;59;625057075;13945;381;15087;15221;5.34;0.32;298.90;15.43;1142;64;5226.00;134
13945;59;625057094;13945;381;15089;15221;5.39;0.33;298.90;15.43;1144;64;5227.00;132
13945;59;625057112;13945;388;15091;15225;5.46;0.33;298.90;15.43;1146;64;5228.00;134
13948;59;625057127;13948;394;15094;15226;5.44;0.33;298.89;15.43;1146;64;5229.00;132
13948;59;625057141;13948;389;15096;15226;5.47;0.33;298.89;15.44;1148;64;5230.00;130
13951;59;625057155;13951;396;15098;15226;5.45;0.33;298.87;15.44;1147;64;5231.00;128
13952;59;625057170;13952;403;15108;15239;5.49;0.33;298.87;15.45;1156;64;5232.00;131
13954;59;625057185;13954;400;15110;15239;5.45;0.33;298.84;15.46;1156;64;5233.00;129
13955;59;625057200;13955;397;15110;15239;5.44;0.33;298.83;15.46;1155;64;5234.00;129
13955;59;625057214;13955;393;15114;15240;5.46;0.33;298.83;15.49;1159;64;5235.00;126
13956;59;625057228;13956;393;15115;15241;5.49;0.33;298.82;15.51;1159;64;5236.00;126
13957;59;625057242;13957;396;15116;15241;5.50;0.33;298.81;15.52;1159;64;5237.00;125
13957;59;625057256;13957;392;15120;15244;5.57;0.34;298.81;15.53;1163;64;5238.00;124
13959;59;625057270;13959;390;15121;15244;5.55;0.34;298.80;15.55;1162;64;5239.00;123
13961;59;625057284;13961;392;15122;15244;5.55;0.34;298.78;15.56;1161;64;5240.00;122
13961;59;625057297;13961;386;15123;15244;5.58;0.34;298.78;15.57;1162;64;5241.00;121
13962;59;625057310;13962;377;15129;15250;5.65;0.34;298.77;15.58;1167;64;5242.00;121
13963;59;625057324;13963;384;15130;15250;5.61;0.34;298.76;15.59;1167;64;5243.00;120
13964;59;625057338;13964;375;15131;15250;5.64;0.34;298.76;15.59;1167;64;5244.00;119
13965;59;625057352;13965;376;15134;15250;5.60;0.34;298.74;15.62;1169;64;5245.00;116
13967;59;625057371;13967;376;15137;15254;5.57;0.34;298.72;15.61;1170;64;5246.00;117
13968;59;625057385;13968;377;15139;15255;5.56;0.34;298.71;15.62;1171;64;5247.00;116
13968;59;625057398;13968;380;15140;15255;5.56;0.34;298.71;15.63;1172;64;5248.00;115
13968;59;625057412;13968;379;15142;15256;5.58;0.34;298.71;15.64;1174;64;5249.00;114
13970;59;625057432;13970;374;15144;15256;5.53;0.34;298.68;15.65;1174;64;5250.00;112
13970;59;625057445;13970;364;15145;15256;5.53;0.34;298.68;15.66;1175;64;5251.00;111
13971;59;625057459;13971;364;15146;15256;5.55;0.34;298.67;15.66;1175;64;5252.00;110
13972;59;625057474;13972;362;15147;15256;5.55;0.34;298.66;15.67;1175;64;5253.00;109
13972;59;625057487;13972;368;15148;15256;5.59;0.34;298.66;15.69;1176;64;5254.00;108
13973;59;625057500;13973;360;15149;15256;5.61;0.34;298.66;15.69;1176;64;5255.00;107
13974;59;625057517;13974;367;15186;15326;5.76;0.35;298.65;15.66;1212;64;5256.00;140
13975;59;625057537;13975;362;15190;15327;5.78;0.35;298.64;15.66;1215;64;5257.00;137
13977;59;625057551;13977;355;15199;15327;5.85;0.36;298.62;15.66;1222;64;5258.00;128
13980;59;625057566;13980;355;15203;15327;5.84;0.36;298.61;15.66;1223;64;5259.00;124
13980;59;625057579;13980;361;15210;15327;5.86;0.36;298.61;15.67;1230;64;5260.00;117
13984;59;625057592;13984;361;15213;15327;5.84;0.36;298.69;15.67;1229;64;5261.00;114
13989;59;625057607;13989;369;15219;15327;5.82;0.35;298.71;15.68;1230;64;5262.00;108
13990;59;625057621;13990;366;15221;15327;5.80;0.35;298.76;15.68;1231;64;5263.00;106
13996;59;625057635;13996;368;15225;15328;5.73;0.35;298.83;15.68;1229;64;5264.00;103
13998;59;625057649;13998;374;15227;15330;5.70;0.35;298.80;15.68;1229;64;5265.00;103
14003;59;625057663;14003;374;15227;15330;5.63;0.34;298.85;15.68;1224;64;5266.00;103
14008;59;625057677;14008;378;15230;15334;5.54;0.34;298.91;15.68;1222;64;5267.00;104
14013;59;625057692;14013;386;15231;15334;5.48;0.33;298.95;15.69;1218;64;5268.00;103
14018;59;625057706;14018;388;15231;15334;5.43;0.33;298.96;15.69;1213;64;5269.00;103
14023;59;625057720;14023;379;15232;15334;5.39;0.33;299.03;15.70;1209;64;5270.00;102
14028;59;625057734;14028;384;15238;15340;5.36;0.33;299.01;15.72;1210;64;5271.00;102
14029;59;625057748;14029;378;15239;15340;5.35;0.33;299.03;15.73;1210;64;5272.00;101
14033;59;625057762;14033;376;15239;15340;5.34;0.33;299.08;15.73;1206;64;5273.00;101
14035;59;625057776;14035;383;15241;15343;5.39;0.33;299.09;15.72;1206;64;5274.00;102
14039;59;625057790;14039;388;15242;15343;5.37;0.33;299.10;15.73;1203;64;5275.00;101
14041;59;625057803;14041;396;15242;15343;5.41;0.33;299.13;15.73;1201;64;5276.00;101
14046;59;625057818;14046;394;15244;15344;5.45;0.33;299.17;15.73;1198;64;5277.00;100
14050;59;625057833;14050;394;15245;15345;5.50;0.34;299.31;15.73;1195;64;5278.00;100
14054;59;625057847;14054;391;15245;15345;5.57;0.34;299.39;15.73;1191;64;5279.00;100
14056;59;625057863;14056;397;15264;15371;5.69;0.35;299.40;15.71;1208;64;5280.00;107
14061;59;625057879;14061;391;15265;15371;5.78;0.35;299.48;15.71;1204;64;5281.00;106
14064;59;625057895;14064;386;15267;15371;5.88;0.36;299.46;15.71;1203;64;5282.00;104
14069;59;625057910;14069;381;15269;15372;5.92;0.36;299.53;15.77;1200;64;5283.00;103
14074;59;625057926;14074;385;15269;15372;5.95;0.36;299.59;15.77;1195;64;5284.00;103
14079;59;625057942;14079;384;15272;15376;6.02;0.37;299.65;15.77;1193;64;5285.00;104
14085;59;625057958;14085;384;15273;15376;6.02;0.37;299.67;15.77;1188;64;5286.00;103
14088;59;625057973;14088;388;15276;15379;6.04;0.37;299.73;15.76;1188;64;5287.00;103
14094;59;625057994;14094;383;15276;15380;6.02;0.37;299.81;15.76;1182;64;5288.00;104
14095;59;625058013;14095;386;15276;15380;6.05;0.37;299.82;15.76;1181;64;5289.00;104
14100;59;625058029;14100;380;15276;15380;6.04;0.37;299.87;15.76;1176;64;5290.00;104
14103;59;625058044;14103;379;15276;15380;6.03;0.37;299.90;15.76;1173;64;5291.00;104
14106;59;625058060;14106;379;15286;15392;6.12;0.37;299.94;15.75;1180;64;5292.00;106
14113;59;625058076;14113;377;15286;15392;6.10;0.37;299.96;15.75;1173;64;5293.00;106
14117;59;625058098;14117;377;15287;15392;6.12;0.37;299.99;15.75;1170;64;5294.00;105
14122;59;625058112;14122;382;15287;15392;6.14;0.37;300.00;15.75;1165;64;5295.00;105
14125;59;625058127;14125;384;15287;15392;6.16;0.38;300.01;15.75;1162;64;5296.00;105
14129;59;625058142;14129;382;15287;15392;6.15;0.38;300.04;15.75;1158;64;5297.00;105
14135;59;625058157;14135;374;15287;15393;6.18;0.38;300.12;15.75;1152;64;5298.00;106
14139;59;625058172;14139;363;15287;15393;6.23;0.38;300.20;15.75;1148;64;5299.00;106
14143;59;625058188;14143;365;15292;15399;6.30;0.38;300.25;15.81;1149;64;5300.00;107
14148;59;625058208;14148;369;15294;15400;6.32;0.39;300.32;15.81;1146;64;5301.00;106
14155;59;625058223;14155;371;15294;15400;6.31;0.38;300.28;15.81;1139;64;5302.00;106
14158;59;625058243;14158;376;15294;15400;6.32;0.39;300.34;15.81;1136;64;5303.00;106
14162;59;625058259;14162;379;15297;15404;6.36;0.39;300.35;15.81;1135;64;5304.00;107
14168;59;625058274;14168;381;15297;15404;6.37;0.39;300.35;15.81;1129;64;5305.00;107
14170;59;625058289;14170;379;15297;15404;6.45;0.39;300.40;15.81;1127;64;5306.00;107
14175;59;625058304;14175;383;15298;15405;6.47;0.39;300.46;15.81;1123;64;5307.00;107
14180;59;625058318;14180;379;15301;15409;6.50;0.39;300.51;15.80;1121;64;5308.00;108
14184;59;625058343;14184;380;15301;15409;6.47;0.39;300.56;15.80;1117;64;5309.00;108
14186;59;625058359;14186;390;15304;15415;6.51;0.39;300.63;15.80;1118;64;5310.00;111
14189;59;625058374;14189;393;15305;15415;6.44;0.39;300.65;15.80;1116;64;5311.00;110
14194;59;625058389;14194;397;15306;15415;6.36;0.39;300.69;15.80;1112;64;5312.00;109
14197;59;625058403;14197;405;15306;15415;6.28;0.38;300.74;15.80;1109;64;5313.00;109
14200;59;625058417;14200;416;15309;15419;6.23;0.38;300.76;15.79;1109;64;5314.00;110
14203;59;625058431;14203;429;15310;15419;6.15;0.37;300.79;15.86;1107;64;5315.00;109
14206;59;625058445;14206;434;15311;15419;6.09;0.37;300.82;15.86;1105;64;5316.00;108
14208;59;625058459;14208;430;15311;15419;6.06;0.37;300.85;15.86;1103;64;5317.00;108
14210;59;625058473;14210;432;15312;15420;6.08;0.37;300.92;15.86;1102;64;5318.00;108
14212;59;625058487;14212;435;15313;15421;6.09;0.37;300.98;15.86;1101;64;5319.00;108
14217;59;625058501;14217;437;15313;15421;6.06;0.37;300.99;15.86;1096;64;5320.00;108
14222;59;625058515;14222;435;15314;15422;6.00;0.37;301.05;15.86;1092;64;5321.00;108
14227;59;625058528;14227;440;15314;15422;5.95;0.36;301.06;15.86;1087;64;5322.00;108
14230;59;625058542;14230;443;15314;15422;5.95;0.36;301.15;15.86;1084;64;5323.00;108
14236;59;625058556;14236;437;15314;15422;5.96;0.36;301.14;15.86;1078;64;5324.00;108
14239;59;625058570;14239;437;15314;15422;5.99;0.37;301.17;15.86;1075;64;5325.00;108
14245;59;625058583;14245;427;15314;15422;5.99;0.37;301.21;15.86;1069;64;5326.00;108
14246;59;625058597;14246;425;15314;15422;6.05;0.37;301.24;15.86;1068;64;5327.00;108
14251;59;625058610;14251;446;15383;15549;6.15;0.38;301.24;15.78;1132;64;5328.00;166
14253;59;625058633;14253;421;15385;15550;6.19;0.38;301.25;15.78;1132;64;5329.00;165
14257;59;625058648;14257;400;15393;15550;6.29;0.39;301.26;15.78;1136;64;5330.00;157
14259;59;625058663;14259;389;15397;15550;6.40;0.39;301.31;15.77;1138;64;5331.00;153
14261;59;625058677;14261;384;15403;15550;6.48;0.40;301.31;15.77;1142;64;5332.00;147
14265;59;625058691;14265;380;15406;15550;6.51;0.40;301.34;15.77;1141;64;5333.00;144
14265;59;625058705;14265;373;15410;15550;6.57;0.40;301.34;15.76;1145;64;5334.00;140
14268;59;625058720;14268;370;15413;15550;6.59;0.41;301.40;15.76;1145;64;5335.00;137
14272;59;625058734;14272;362;15418;15551;6.60;0.41;301.54;15.76;1146;64;5336.00;133
14274;59;625058749;14274;358;15420;15552;6.62;0.41;301.53;15.76;1146;64;5337.00;132
14278;59;625058763;14278;355;15421;15552;6.62;0.41;301.62;15.76;1143;64;5338.00;131
14282;59;625058777;14282;346;15424;15553;6.58;0.40;301.72;15.76;1142;64;5339.00;129
14285;59;625058799;14285;345;15425;15553;6.53;0.40;301.75;15.76;1140;64;5340.00;128
14289;59;625058813;14289;343;15427;15553;6.47;0.40;301.81;15.76;1138;64;5341.00;126
14297;59;625058827;14297;340;15428;15553;6.34;0.39;301.84;15.75;1131;64;5342.00;125
14298;59;625058842;14298;345;15431;15557;6.33;0.39;301.83;15.75;1133;64;5343.00;126
14302;59;625058856;14302;343;15433;15557;6.30;0.39;301.79;15.75;1131;64;5344.00;124
14303;59;625058870;14303;348;15434;15557;6.31;0.39;301.82;15.75;1131;64;5345.00;123
14308;59;625058884;14308;356;15436;15560;6.28;0.38;301.78;15.75;1128;64;5346.00;124
14309;59;625058898;14309;359;15437;15560;6.24;0.38;301.83;15.75;1128;64;5347.00;123
14311;59;625058912;14311;361;15438;15560;6.16;0.38;301.88;15.75;1127;64;5348.00;122
14311;59;625058925;14311;360;15441;15564;6.16;0.38;301.88;15.75;1130;64;5349.00;123
14311;59;625058938;14311;361;15444;15565;6.15;0.38;301.88;15.81;1133;64;5350.00;121
14314;59;625058952;14314;379;15444;15565;6.04;0.37;301.91;15.81;1130;64;5351.00;121
14316;59;625058965;14316;384;15448;15569;5.97;0.37;301.93;15.81;1132;64;5352.00;121
14319;59;625058979;14319;386;15448;15569;5.89;0.36;302.00;15.81;1129;64;5353.00;121
14320;59;625059000;14320;394;15449;15569;5.80;0.36;301.98;15.81;1129;64;5354.00;120
14322;59;625059023;14322;393;15451;15571;5.75;0.35;302.00;15.81;1129;64;5355.00;120
14324;59;625059044;14324;401;15451;15571;5.72;0.35;302.00;15.81;1127;64;5356.00;120
14326;59;625059064;14326;401;15455;15577;5.67;0.35;301.98;15.80;1129;64;5357.00;122
14331;59;625059092;14331;407;15455;15577;5.55;0.34;301.92;15.80;1124;64;5358.00;122
14332;59;625059109;14332;408;15456;15577;5.50;0.33;301.91;15.80;1124;64;5359.00;121
14334;59;625059123;14334;402;15456;15578;5.43;0.33;301.89;15.80;1122;64;5360.00;122
14337;59;625059137;14337;401;15456;15578;5.35;0.33;301.86;15.80;1119;64;5361.00;122
14339;59;625059151;14339;401;15456;15578;5.29;0.32;301.86;15.80;1117;64;5362.00;122
14339;59;625059164;14339;402;15456;15578;5.28;0.32;301.86;15.80;1117;64;5363.00;122
14340;59;625059177;14340;394;15466;15590;5.30;0.33;301.85;15.79;1126;64;5364.00;124
14343;59;625059191;14343;393;15466;15590;5.25;0.32;301.82;15.79;1123;64;5365.00;124
14347;59;625059204;14347;386;15467;15590;5.20;0.32;301.87;15.79;1120;64;5366.00;123
14349;59;625059217;14349;388;15468;15590;5.18;0.32;301.84;15.86;1119;64;5367.00;122
14351;59;625059229;14351;385;15468;15590;5.16;0.32;301.83;15.86;1117;64;5368.00;122
14352;59;625059242;14352;372;15469;15590;5.13;0.32;301.83;15.92;1117;64;5369.00;121
14353;59;625059256;14353;376;15472;15594;5.13;0.32;301.83;15.92;1119;64;5370.00;122
14356;59;625059268;14356;361;15472;15594;5.06;0.31;301.83;15.92;1116;64;5371.00;122
14361;59;625059280;14361;357;15476;15598;5.06;0.31;301.87;15.99;1115;64;5372.00;122
14366;59;625059294;14366;353;15477;15599;5.03;0.31;301.83;15.98;1111;64;5373.00;122
14367;59;625059307;14367;351;15479;15599;5.02;0.31;301.81;16.00;1112;64;5374.00;120
14370;59;625059320;14370;349;15481;15599;5.01;0.31;301.78;16.08;1111;64;5375.00;118
14373;59;625059332;14373;351;15490;15612;5.04;0.31;301.74;16.07;1117;64;5376.00;122
14376;59;625059346;14376;352;15491;15612;5.00;0.31;301.77;16.14;1115;64;5377.00;121
14380;59;625059358;14380;355;15492;15612;4.99;0.30;301.72;16.14;1112;64;5378.00;120
14381;59;625059370;14381;350;15494;15613;5.03;0.31;301.72;16.14;1113;64;5379.00;119
14384;59;625059382;14384;355;15495;15614;5.02;0.31;301.73;16.20;1111;64;5380.00;119
14386;59;625059395;14386;362;15495;15614;5.02;0.31;301.71;16.20;1109;64;5381.00;119
14388;59;625059406;14388;356;15497;15617;5.02;0.30;301.70;16.20;1109;64;5382.00;120
14389;59;625059419;14389;351;15498;15617;4.99;0.30;301.68;16.20;1109;64;5383.00;119
14389;59;625059430;14389;360;15499;15617;4.99;0.30;301.68;16.21;1110;64;5384.00;118
14389;59;625059442;14389;363;15499;15617;5.03;0.31;301.68;16.21;1110;64;5385.00;118
14393;59;625059454;14393;367;15503;15623;5.07;0.31;301.64;16.20;1110;64;5386.00;120
14394;59;625059468;14394;353;15503;15623;5.14;0.31;301.66;16.20;1109;64;5387.00;120
14394;59;625059481;14394;335;15504;15623;5.21;0.32;301.66;16.20;1110;64;5388.00;119
14397;59;625059493;14397;333;15504;15623;5.28;0.32;301.73;16.20;1107;64;5389.00;119
14400;59;625059504;14400;323;15507;15627;5.32;0.32;301.71;16.20;1107;64;5390.00;120
14403;59;625059519;14403;321;15508;15628;5.35;0.32;301.70;16.20;1105;64;5391.00;120
14405;59;625059532;14405;313;15508;15628;5.41;0.33;301.67;16.20;1103;64;5392.00;120
14406;59;625059546;14406;306;15509;15629;5.48;0.33;301.67;16.20;1103;64;5393.00;120
14408;59;625059567;14408;299;15509;15629;5.56;0.34;301.66;16.20;1101;64;5394.00;120
14409;59;625059580;14409;295;15509;15629;5.62;0.34;301.68;16.20;1100;64;5395.00;120
14409;59;625059596;14409;290;15509;15629;5.69;0.35;301.68;16.20;1100;64;5396.00;120
14410;59;625059615;14410;293;15510;15629;5.78;0.35;301.68;16.20;1100;64;5397.00;119
14411;59;625059629;14411;290;15510;15629;5.82;0.35;301.67;16.20;1099;64;5398.00;119
14414;59;625059643;14414;285;15512;15629;5.80;0.35;301.67;16.22;1098;64;5399.00;117
