step_arrived;step_collisions;step_duration;step_ended;step_halting;step_inserted;step_loaded;step_meanSpeed;step_meanSpeedRelative;step_meanTravelTime;step_meanWaitingTime;step_running;step_teleports;step_time;step_waiting
0;0;626602211;0;1;87;245;15.87;1.12;-1.00;0.00;87;0;0.00;158
0;0;626602242;0;0;100;245;14.95;1.04;-1.00;0.13;100;0;1.00;145
0;0;626602243;0;3;117;245;14.18;0.97;-1.00;0.40;117;0;2.00;128
0;0;626602244;0;4;133;245;12.86;0.87;-1.00;0.71;133;0;3.00;112
0;0;626602246;0;3;142;245;12.10;0.82;-1.00;0.92;142;0;4.00;103
0;0;626602247;0;8;150;245;11.16;0.75;-1.00;1.14;150;0;5.00;95
0;0;626602249;0;6;158;245;10.54;0.71;-1.00;1.39;158;0;6.00;87
0;0;626602251;0;9;162;245;10.17;0.68;-1.00;1.52;162;0;7.00;83
0;0;626602252;0;13;170;246;9.72;0.65;-1.00;1.83;170;0;8.00;76
0;0;626602254;0;16;173;247;9.56;0.64;-1.00;1.95;173;0;9.00;74
0;0;626602256;0;20;183;247;9.25;0.62;-1.00;2.39;183;0;10.00;64
0;0;626602258;0;22;190;248;9.19;0.61;-1.00;2.66;190;0;11.00;58
1;0;626602260;1;26;195;248;9.14;0.60;12.00;2.90;194;0;12.00;53
1;0;626602263;1;32;199;248;9.28;0.61;12.00;3.10;198;0;13.00;49
1;0;626602265;1;34;205;248;9.14;0.60;12.00;3.42;204;0;14.00;43
1;0;626602268;1;37;212;252;9.12;0.59;12.00;3.74;211;0;15.00;40
1;0;626602271;1;40;215;252;9.25;0.60;12.00;3.91;214;0;16.00;37
1;0;626602274;1;46;219;252;9.20;0.59;12.00;4.15;218;0;17.00;33
1;0;626602276;1;55;221;255;9.29;0.59;12.00;4.24;220;0;18.00;34
2;0;626602279;2;58;224;255;9.30;0.59;15.50;4.38;222;0;19.00;31
2;0;626602283;2;63;229;255;9.26;0.58;15.50;4.64;227;0;20.00;26
2;0;626602286;2;65;234;259;9.41;0.59;15.50;4.65;232;0;21.00;25
5;0;626602289;5;65;238;260;9.34;0.59;19.40;4.81;233;0;22.00;22
5;0;626602292;5;69;242;260;9.27;0.58;19.40;5.11;237;0;23.00;18
5;0;626602295;5;72;248;264;9.15;0.57;19.40;5.38;243;0;24.00;16
6;0;626602298;6;75;253;264;8.99;0.56;20.00;5.60;247;0;25.00;11
6;0;626602301;6;78;254;264;9.05;0.57;20.00;5.68;248;0;26.00;10
6;0;626602305;6;84;256;265;8.99;0.56;20.00;5.74;250;0;27.00;9
6;0;626602308;6;87;257;265;8.99;0.56;20.00;5.82;251;0;28.00;8
6;0;626602311;6;87;262;271;8.83;0.55;20.00;5.79;256;0;29.00;9
7;0;626602317;7;91;263;271;8.64;0.53;21.00;5.88;256;0;30.00;8
7;0;626602320;7;94;265;272;8.55;0.53;21.00;5.90;258;0;31.00;7
8;0;626602323;8;95;267;272;8.45;0.52;22.38;5.94;259;0;32.00;5
9;0;626602326;9;101;267;272;8.44;0.52;23.00;5.94;258;0;33.00;5
9;0;626602330;9;102;268;272;8.40;0.52;23.00;5.94;259;0;34.00;4
10;0;626602333;10;109;269;272;8.38;0.52;23.80;5.94;259;0;35.00;3
10;0;626602336;10;112;280;284;8.69;0.54;23.80;5.71;270;0;36.00;4
10;0;626602340;10;115;280;284;8.72;0.54;23.80;5.71;270;0;37.00;4
10;0;626602344;10;117;280;284;8.69;0.54;23.80;5.71;270;0;38.00;4
12;0;626602347;12;119;281;284;8.55;0.53;26.08;5.70;269;0;39.00;3
13;0;626602350;13;121;281;284;8.32;0.51;26.77;5.70;268;0;40.00;3
13;0;626602353;13;124;281;284;8.13;0.50;26.77;5.70;268;0;41.00;3
14;0;626602356;14;127;285;288;8.09;0.50;26.36;5.64;271;0;42.00;3
15;0;626602360;15;130;285;288;7.98;0.49;27.33;5.64;270;0;43.00;3
15;0;626602363;15;135;288;292;7.87;0.49;27.33;5.59;273;0;44.00;4
16;0;626602367;16;135;290;294;7.79;0.48;27.88;5.55;274;0;45.00;4
16;0;626602370;16;138;291;294;7.75;0.48;27.88;5.54;275;0;46.00;3
16;0;626602373;16;141;291;294;7.63;0.47;27.88;5.54;275;0;47.00;3
16;0;626602376;16;142;301;307;7.87;0.49;27.88;5.36;285;0;48.00;6
17;0;626602380;17;149;301;307;7.75;0.48;29.12;5.36;284;0;49.00;6
18;0;626602383;18;147;302;307;7.68;0.48;29.89;5.34;284;0;50.00;5
18;0;626602386;18;147;303;308;7.59;0.47;29.89;5.33;285;0;51.00;5
20;0;626602388;20;149;304;309;7.44;0.46;30.25;5.32;284;0;52.00;5
20;0;626602392;20;151;304;309;7.35;0.46;30.25;5.32;284;0;53.00;5
21;0;626602395;21;154;306;312;7.35;0.45;31.38;5.28;285;0;54.00;6
22;0;626602398;22;157;306;312;7.16;0.44;31.41;5.28;284;0;55.00;6
22;0;626602400;22;143;307;312;7.17;0.44;31.41;5.27;285;0;56.00;5
22;0;626602404;22;138;307;312;7.13;0.44;31.41;5.27;285;0;57.00;5
25;0;626602406;25;138;311;318;7.16;0.44;33.48;5.22;286;0;58.00;7
25;0;626602411;25;140;311;318;7.22;0.44;33.48;5.22;286;0;59.00;7
27;0;626602415;27;144;313;318;7.25;0.45;35.37;5.20;286;0;60.00;5
27;0;626602419;27;145;313;318;7.28;0.45;35.37;5.20;286;0;61.00;5
27;0;626602422;27;147;317;322;7.35;0.45;35.37;5.15;290;0;62.00;5
28;0;626602427;28;150;318;323;7.48;0.46;34.86;5.13;290;0;63.00;5
28;0;626602432;28;150;318;323;7.53;0.46;34.86;5.13;290;0;64.00;5
29;0;626602435;29;153;319;324;7.67;0.47;35.76;5.12;290;0;65.00;5
30;0;626602439;30;154;319;324;7.65;0.47;36.77;5.12;289;0;66.00;5
30;0;626602442;30;146;319;324;7.72;0.47;36.77;5.12;289;0;67.00;5
30;0;626602445;30;140;319;324;7.80;0.48;36.77;5.12;289;0;68.00;5
31;0;626602449;31;135;319;324;7.85;0.48;37.81;5.12;288;0;69.00;5
31;0;626602452;31;133;319;324;8.00;0.49;37.81;5.12;288;0;70.00;5
31;0;626602454;31;131;319;324;8.12;0.49;37.81;5.12;288;0;71.00;5
32;0;626602457;32;138;353;394;8.22;0.50;38.72;4.63;321;0;72.00;41
33;0;626602466;33;127;354;395;8.37;0.51;39.76;4.62;321;0;73.00;41
33;0;626602470;33;121;360;395;8.81;0.54;39.76;4.57;327;0;74.00;35
34;0;626602474;34;119;363;395;9.14;0.56;40.56;4.56;329;0;75.00;32
34;0;626602478;34;116;366;395;9.41;0.57;40.56;4.55;332;0;76.00;29
35;1;626602496;35;115;371;395;9.58;0.58;41.00;4.56;336;1;77.00;24
37;2;626602516;37;114;374;395;9.65;0.59;42.73;4.57;337;2;78.00;21
37;3;626602533;37;112;377;395;9.72;0.59;42.73;4.59;340;3;79.00;18
37;3;626602552;37;112;379;396;9.75;0.59;42.73;4.61;342;3;80.00;17
39;3;626602557;39;112;382;397;9.75;0.59;44.26;4.60;343;3;81.00;15
40;3;626602567;40;115;382;397;9.76;0.59;45.20;4.60;342;3;82.00;15
40;3;626602571;40;118;386;401;9.58;0.58;45.20;4.56;346;3;83.00;15
40;3;626602581;40;122;386;401;9.59;0.58;45.20;4.56;346;3;84.00;15
40;3;626602585;40;124;386;401;9.50;0.58;45.20;4.56;346;3;85.00;15
41;3;626602589;41;125;386;401;9.42;0.57;46.20;4.56;345;3;86.00;15
41;3;626602593;41;126;390;407;9.37;0.57;46.20;4.53;349;3;87.00;17
42;3;626602597;42;132;390;407;9.21;0.56;47.19;4.53;348;3;88.00;17
42;3;626602601;42;132;391;407;9.12;0.56;47.19;4.52;349;3;89.00;16
42;3;626602612;42;130;394;413;9.04;0.55;47.19;4.49;352;3;90.00;19
44;3;626602616;44;133;395;413;8.89;0.54;49.07;4.48;351;3;91.00;18
46;3;626602620;46;133;395;413;8.88;0.54;50.93;4.48;349;3;92.00;18
48;3;626602624;48;133;397;414;8.91;0.54;52.69;4.47;349;3;93.00;17
48;3;626602628;48;133;398;415;9.08;0.55;52.69;4.46;350;3;94.00;17
51;3;626602631;51;135;399;415;9.12;0.55;53.76;4.46;348;3;95.00;16
51;3;626602636;51;134;409;428;9.22;0.56;53.76;4.35;358;3;96.00;19
54;3;626602641;54;134;410;428;9.39;0.57;56.06;4.34;356;3;97.00;18
56;3;626602646;56;134;410;428;9.52;0.58;57.55;4.34;354;3;98.00;18
57;3;626602650;57;130;411;429;9.53;0.58;58.26;4.33;354;3;99.00;18
59;3;626602655;59;128;411;429;9.55;0.58;59.66;4.33;352;3;100.00;18
60;3;626602664;60;128;413;433;9.59;0.58;60.35;4.32;353;3;101.00;20
60;3;626602669;60;122;413;433;9.63;0.59;60.35;4.32;353;3;102.00;20
61;3;626602673;61;119;418;437;9.54;0.58;61.03;4.28;357;3;103.00;19
62;3;626602677;62;112;420;437;9.49;0.58;61.68;4.41;358;3;104.00;17
64;3;626602683;64;105;420;437;9.57;0.58;62.70;4.41;356;3;105.00;17
64;3;626602688;64;100;420;437;9.64;0.59;62.70;4.41;356;3;106.00;17
65;3;626602693;65;95;420;437;9.70;0.59;63.35;4.41;355;3;107.00;17
65;3;626602697;65;92;431;449;9.79;0.60;63.35;4.30;366;3;108.00;18
66;3;626602703;66;85;432;449;9.90;0.61;64.05;4.29;366;3;109.00;17
67;3;626602708;67;85;432;449;10.14;0.62;64.73;4.29;365;3;110.00;17
67;3;626602713;67;81;432;449;10.27;0.63;64.73;4.29;365;3;111.00;17
69;3;626602718;69;78;432;449;10.49;0.64;65.96;4.29;363;3;112.00;17
69;3;626602724;69;73;432;449;10.74;0.66;65.96;4.29;363;3;113.00;17
70;3;626602729;70;69;433;450;10.92;0.67;66.64;4.29;363;3;114.00;17
72;3;626602735;72;70;433;450;11.07;0.67;67.32;4.29;361;3;115.00;17
73;3;626602741;73;69;437;456;11.28;0.69;67.49;4.26;364;3;116.00;19
73;3;626602747;73;69;441;457;11.44;0.70;67.49;4.59;368;3;117.00;16
74;3;626602753;74;68;441;457;11.54;0.70;68.12;4.59;367;3;118.00;16
74;3;626602759;74;71;444;457;11.56;0.71;68.12;5.04;370;3;119.00;13
74;3;626602766;74;74;448;462;11.67;0.71;68.12;4.99;374;3;120.00;14
77;3;626602773;77;76;448;462;11.75;0.72;70.13;4.99;371;3;121.00;14
78;3;626602779;78;76;450;462;11.76;0.72;70.49;5.35;372;3;122.00;12
81;3;626602785;81;78;452;463;11.80;0.72;72.27;5.44;371;3;123.00;11
82;3;626602792;82;79;456;467;11.77;0.72;72.78;5.41;374;3;124.00;11
82;3;626602799;82;78;456;467;11.89;0.72;72.78;5.41;374;3;125.00;11
82;3;626602805;82;81;460;470;12.09;0.74;72.78;5.65;378;3;126.00;10
82;3;626602811;82;82;462;470;12.22;0.74;72.78;5.71;380;3;127.00;8
83;3;626602818;83;84;464;470;12.26;0.75;73.45;5.92;381;3;128.00;6
83;3;626602825;83;88;465;470;12.31;0.75;73.45;5.94;382;3;129.00;5
84;3;626602831;84;90;469;474;12.31;0.75;74.12;6.02;385;3;130.00;5
85;3;626602838;85;89;469;474;12.39;0.76;74.76;6.02;384;3;131.00;5
87;3;626602845;87;89;471;474;12.38;0.76;75.87;6.13;384;3;132.00;3
88;3;626602851;88;89;472;474;12.29;0.75;76.51;6.19;384;3;133.00;2
88;3;626602857;88;90;473;475;12.21;0.75;76.51;6.18;385;3;134.00;2
89;3;626602865;89;93;475;477;12.11;0.74;75.96;6.15;386;3;135.00;2
89;3;626602871;89;92;476;477;12.11;0.74;75.96;6.22;387;3;136.00;1
91;3;626602878;91;97;477;478;12.17;0.75;77.20;6.21;386;3;137.00;1
94;3;626602885;94;96;478;478;12.25;0.75;78.16;6.24;384;3;138.00;0
96;3;626602892;96;97;478;478;12.22;0.75;78.64;6.24;382;3;139.00;0
99;3;626602898;99;98;478;478;12.13;0.75;80.11;6.24;379;3;140.00;0
99;3;626602904;99;98;478;478;12.03;0.74;80.11;6.24;379;3;141.00;0
102;3;626602918;102;99;478;478;11.95;0.74;81.61;6.24;376;3;142.00;0
104;3;626602925;104;102;478;478;11.92;0.73;82.60;6.24;374;3;143.00;0
107;3;626602933;107;121;551;605;11.42;0.72;83.42;5.42;444;3;144.00;54
108;3;626602955;108;113;557;606;11.28;0.71;83.99;5.37;449;3;145.00;49
111;3;626602964;111;111;565;606;11.18;0.70;84.69;5.32;454;3;146.00;41
112;3;626602975;112;116;568;606;11.01;0.69;85.25;5.31;456;3;147.00;38
113;3;626602985;113;116;573;606;11.00;0.69;85.81;5.30;460;3;148.00;33
114;3;626602995;114;118;577;606;10.98;0.69;85.97;5.30;463;3;149.00;29
114;3;626603004;114;118;581;611;10.93;0.69;85.97;5.30;467;3;150.00;30
119;3;626603012;119;119;584;611;10.82;0.68;87.94;5.31;465;3;151.00;27
123;3;626603019;123;120;588;612;10.75;0.67;89.11;5.33;465;3;152.00;24
127;3;626603028;127;122;590;613;10.77;0.67;88.12;5.34;463;3;153.00;23
127;3;626603036;127;124;595;613;10.78;0.67;88.12;5.38;468;3;154.00;18
128;3;626603043;128;128;598;614;10.80;0.67;88.59;5.39;470;3;155.00;16
130;3;626603049;130;132;602;614;10.71;0.67;89.57;5.41;472;3;156.00;12
132;3;626603056;132;138;603;614;10.59;0.66;90.46;5.43;471;3;157.00;11
133;3;626603063;133;141;605;614;10.50;0.65;90.83;5.45;472;3;158.00;9
135;3;626603069;135;146;608;618;10.37;0.64;91.22;5.46;473;3;159.00;10
137;3;626603076;137;152;609;618;10.25;0.64;91.35;5.47;472;3;160.00;9
138;3;626603082;138;153;611;618;10.15;0.63;91.68;5.49;473;3;161.00;7
140;3;626603088;140;155;614;621;10.11;0.62;92.06;5.48;474;3;162.00;7
142;3;626603095;142;149;614;621;9.96;0.61;91.52;5.48;472;3;163.00;7
143;3;626603101;143;150;614;621;9.90;0.61;92.03;5.48;471;3;164.00;7
144;3;626603108;144;149;617;625;9.77;0.60;92.47;5.46;473;3;165.00;8
145;3;626603114;145;148;618;626;9.73;0.60;92.75;5.45;473;3;166.00;8
147;3;626603120;147;149;618;626;9.68;0.60;93.23;5.45;471;3;167.00;8
149;3;626603126;149;151;624;630;9.57;0.59;93.97;5.47;475;3;168.00;6
150;3;626603132;150;153;624;630;9.47;0.59;94.43;5.47;474;3;169.00;6
152;3;626603138;152;142;625;630;9.44;0.59;95.16;5.47;473;3;170.00;5
155;3;626603144;155;133;628;631;9.37;0.58;96.03;5.48;473;3;171.00;3
156;3;626603149;156;128;629;631;9.23;0.57;96.42;5.52;473;3;172.00;2
160;3;626603155;160;127;634;637;9.22;0.57;97.09;5.50;474;3;173.00;3
162;3;626603162;162;127;635;637;9.18;0.56;97.98;5.49;473;3;174.00;2
163;3;626603169;163;121;636;638;9.15;0.56;98.45;5.48;473;3;175.00;2
164;3;626603175;164;119;637;638;9.21;0.56;98.89;5.48;473;3;176.00;1
165;3;626603183;165;116;638;638;9.27;0.57;99.23;5.52;473;3;177.00;0
165;3;626603193;165;117;638;638;9.38;0.57;99.23;5.52;473;3;178.00;0
165;3;626603201;165;119;638;638;9.48;0.58;99.23;5.52;473;3;179.00;0
165;3;626603213;165;122;668;672;9.50;0.58;99.23;5.27;503;3;180.00;4
166;3;626603226;166;124;669;672;9.54;0.59;98.96;5.26;503;3;181.00;3
167;3;626603239;167;122;671;672;9.57;0.59;99.46;5.25;504;3;182.00;1
168;3;626603247;168;121;671;672;9.68;0.60;99.53;5.25;503;3;183.00;1
168;3;626603257;168;125;672;672;9.83;0.61;99.53;5.25;504;3;184.00;0
169;3;626603266;169;129;672;672;9.84;0.61;99.75;5.25;503;3;185.00;0
170;3;626603283;170;138;676;676;9.90;0.61;99.89;5.22;506;3;186.00;0
172;3;626603293;172;138;676;676;9.88;0.61;100.46;5.22;504;3;187.00;0
172;3;626603302;172;144;680;680;9.95;0.61;100.46;5.20;508;3;188.00;0
174;3;626603310;174;154;681;681;10.00;0.62;100.17;5.19;507;3;189.00;0
177;3;626603317;177;161;681;681;9.99;0.62;100.43;5.19;504;3;190.00;0
178;3;626603324;178;163;681;681;9.96;0.62;100.53;5.19;503;3;191.00;0
181;3;626603331;181;169;694;694;9.91;0.61;101.18;5.10;513;3;192.00;0
183;3;626603340;183;174;694;694;9.83;0.61;100.72;5.10;511;3;193.00;0
187;3;626603347;187;176;694;694;9.76;0.60;101.32;5.10;507;3;194.00;0
190;3;626603355;190;175;695;695;9.72;0.60;101.30;5.09;505;3;195.00;0
194;3;626603362;194;177;696;696;9.63;0.59;101.79;5.08;502;3;196.00;0
198;3;626603378;198;185;696;696;9.43;0.58;102.05;5.08;498;3;197.00;0
201;3;626603385;201;180;698;699;9.33;0.57;101.65;5.07;497;3;198.00;1
203;3;626603393;203;186;699;699;9.19;0.56;101.19;5.06;496;3;199.00;0
205;3;626603401;205;189;699;699;8.97;0.55;101.21;5.06;494;3;200.00;0
207;3;626603412;207;197;699;699;8.76;0.54;100.98;5.06;492;3;201.00;0
209;3;626603418;209;201;704;705;8.58;0.53;101.16;5.03;495;3;202.00;1
210;3;626603425;210;202;705;705;8.38;0.51;101.41;5.03;495;3;203.00;0
211;3;626603432;211;210;705;705;8.24;0.51;101.19;5.03;494;3;204.00;0
213;3;626603438;213;216;705;705;8.07;0.50;100.87;5.03;492;3;205.00;0
215;3;626603444;215;219;709;709;8.02;0.50;101.17;5.01;494;3;206.00;0
217;3;626603451;217;224;710;710;7.89;0.49;102.12;5.00;493;3;207.00;0
219;3;626603458;219;228;710;710;7.72;0.48;102.13;5.00;491;3;208.00;0
220;3;626603464;220;231;711;711;7.68;0.47;102.26;4.99;491;3;209.00;0
220;3;626603473;220;241;711;711;7.66;0.47;102.26;4.99;491;3;210.00;0
220;3;626603479;220;244;711;711;7.61;0.47;102.26;4.99;491;3;211.00;0
222;3;626603487;222;248;711;711;7.59;0.47;101.85;4.99;489;3;212.00;0
224;3;626603494;224;251;711;711;7.48;0.46;101.58;4.99;487;3;213.00;0
224;3;626603501;224;249;711;711;7.43;0.46;101.58;4.99;487;3;214.00;0
225;3;626603508;225;251;711;711;7.39;0.46;102.08;4.99;486;3;215.00;0
226;3;626603515;226;266;756;781;7.56;0.47;102.55;4.70;530;3;216.00;25
226;3;626603527;226;253;758;782;7.56;0.47;102.55;4.69;532;3;217.00;24
227;3;626603535;227;245;764;782;7.68;0.48;103.06;4.67;537;3;218.00;18
229;3;626603542;229;223;770;782;8.00;0.49;103.84;4.65;541;3;219.00;12
230;3;626603549;230;208;774;782;8.25;0.51;104.01;4.65;544;3;220.00;8
233;3;626603556;233;200;777;782;8.48;0.52;104.82;4.65;544;3;221.00;5
235;3;626603564;235;194;779;782;8.68;0.53;105.81;4.65;544;3;222.00;3
236;3;626603571;236;187;780;782;8.77;0.54;105.69;4.66;544;3;223.00;2
238;3;626603579;238;183;782;783;8.84;0.54;106.33;4.66;544;3;224.00;1
241;3;626603593;241;178;784;785;8.87;0.54;107.20;4.65;543;3;225.00;1
243;3;626603602;243;162;785;785;9.00;0.55;107.78;4.65;542;3;226.00;0
243;4;626603610;243;151;789;789;9.09;0.55;107.78;4.63;546;4;227.00;0
244;4;626603630;244;135;789;789;9.26;0.57;108.26;4.63;545;4;228.00;0
245;4;626603638;245;127;789;789;9.47;0.58;108.72;4.63;544;4;229.00;0
245;4;626603653;245;124;789;789;9.71;0.59;108.72;4.63;544;4;230.00;0
246;4;626603667;246;122;794;795;9.88;0.61;109.07;4.61;548;4;231.00;1
248;4;626603682;248;112;794;795;10.02;0.61;108.94;4.61;546;4;232.00;1
250;4;626603696;250;104;795;795;10.06;0.61;109.10;4.61;545;4;233.00;0
251;4;626603704;251;103;797;798;10.13;0.62;109.10;4.60;546;4;234.00;1
251;4;626603713;251;101;798;798;10.18;0.62;109.10;4.59;547;4;235.00;0
254;4;626603721;254;100;798;798;10.32;0.63;109.95;4.59;544;4;236.00;0
255;4;626603729;255;97;799;799;10.36;0.63;110.29;4.59;544;4;237.00;0
256;4;626603737;256;89;800;800;10.50;0.64;110.22;4.58;544;4;238.00;0
260;4;626603745;260;94;800;800;10.54;0.64;111.73;4.58;540;4;239.00;0
264;4;626603756;264;95;824;826;10.42;0.64;111.64;4.45;560;4;240.00;2
269;4;626603766;269;92;824;826;10.45;0.64;113.70;4.45;555;4;241.00;2
271;4;626603774;271;93;825;826;10.55;0.64;114.37;4.45;554;4;242.00;1
273;4;626603782;273;97;827;827;10.66;0.65;114.63;4.44;554;4;243.00;0
276;4;626603796;276;104;827;827;10.66;0.65;114.77;4.44;551;4;244.00;0
278;4;626603803;278;108;830;831;10.66;0.65;115.69;4.43;552;4;245.00;1
279;4;626603812;279;112;830;831;10.71;0.65;115.64;4.43;551;4;246.00;1
281;4;626603820;281;115;835;835;10.65;0.65;116.17;4.41;554;4;247.00;0
283;4;626603827;283;117;835;835;10.64;0.65;116.34;4.41;552;4;248.00;0
286;4;626603836;286;124;835;835;10.61;0.65;116.91;4.41;549;4;249.00;0
287;4;626603844;287;128;835;835;10.57;0.64;117.10;4.41;548;4;250.00;0
289;4;626603851;289;129;835;835;10.54;0.64;117.03;4.41;546;4;251.00;0
292;4;626603858;292;133;845;847;10.45;0.64;117.62;4.36;553;4;252.00;2
292;4;626603866;292;134;845;847;10.44;0.64;117.62;4.36;553;4;253.00;2
294;4;626603873;294;134;847;847;10.45;0.64;118.05;4.35;553;4;254.00;0
296;4;626603880;296;136;847;847;10.41;0.63;118.95;4.35;551;4;255.00;0
298;4;626603887;298;140;847;847;10.33;0.63;119.54;4.35;549;4;256.00;0
299;4;626603895;299;146;847;847;10.34;0.63;119.66;4.35;548;4;257.00;0
300;4;626603901;300;150;848;848;10.30;0.63;119.88;4.35;548;4;258.00;0
301;4;626603908;301;158;848;848;10.23;0.62;119.70;4.35;547;4;259.00;0
302;5;626603915;302;150;853;854;10.22;0.62;119.75;4.33;551;5;260.00;1
305;5;626603934;305;146;854;855;10.10;0.61;119.61;4.32;549;5;261.00;1
307;5;626603942;307;142;855;855;10.07;0.61;120.39;4.32;548;5;262.00;0
308;5;626603949;308;140;855;855;9.97;0.60;120.38;4.32;547;5;263.00;0
309;5;626603956;309;140;859;859;9.91;0.60;120.69;4.30;550;5;264.00;0
311;5;626603963;311;138;859;859;9.89;0.60;120.69;4.30;548;5;265.00;0
313;5;626603973;313;133;859;859;9.92;0.60;121.24;4.30;546;5;266.00;0
315;5;626603980;315;133;860;860;10.00;0.61;121.89;4.30;545;5;267.00;0
315;5;626603987;315;135;864;864;10.04;0.61;121.89;4.28;549;5;268.00;0
320;5;626603996;320;128;864;864;10.19;0.62;122.68;4.28;544;5;269.00;0
322;5;626604005;322;123;867;870;10.38;0.63;123.03;4.27;545;5;270.00;3
323;5;626604017;323;121;867;870;10.50;0.64;122.93;4.27;544;5;271.00;3
330;5;626604024;330;111;868;870;10.56;0.64;124.19;4.26;538;5;272.00;2
334;5;626604032;334;109;868;870;10.67;0.65;125.09;4.26;534;5;273.00;2
339;5;626604040;339;102;871;874;10.83;0.65;125.56;4.26;532;5;274.00;3
342;5;626604048;342;103;871;874;10.99;0.66;125.48;4.26;529;5;275.00;3
342;5;626604056;342;95;872;874;11.20;0.68;125.48;4.26;530;5;276.00;2
344;5;626604064;344;92;872;874;11.32;0.69;125.74;4.26;528;5;277.00;2
345;5;626604071;345;85;874;875;11.45;0.69;125.76;4.26;529;5;278.00;1
345;5;626604078;345;83;875;876;11.56;0.70;125.76;4.25;530;5;279.00;1
347;5;626604086;347;82;876;876;11.62;0.71;125.47;4.25;529;5;280.00;0
349;5;626604095;349;76;877;877;11.74;0.71;125.44;4.25;528;5;281.00;0
351;5;626604103;351;75;877;877;11.89;0.72;125.56;4.25;526;5;282.00;0
352;5;626604111;352;75;877;877;11.94;0.72;125.60;4.25;525;5;283.00;0
354;5;626604119;354;74;877;877;11.88;0.72;125.37;4.25;523;5;284.00;0
357;5;626604127;357;72;877;877;11.91;0.72;125.69;4.25;520;5;285.00;0
357;5;626604135;357;73;877;877;11.94;0.72;125.69;4.25;520;5;286.00;0
358;5;626604142;358;73;877;877;11.92;0.72;125.73;4.25;519;5;287.00;0
361;5;626604158;361;94;951;1004;11.41;0.70;126.55;3.92;590;5;288.00;53
361;5;626604177;361;84;954;1005;11.36;0.70;126.55;3.91;593;5;289.00;51
363;5;626604187;363;75;960;1005;11.39;0.70;126.98;3.90;597;5;290.00;45
364;5;626604196;364;80;964;1005;11.42;0.70;127.36;3.90;600;5;291.00;41
364;5;626604204;364;84;969;1005;11.56;0.71;127.36;3.90;605;5;292.00;36
366;5;626604212;366;84;972;1005;11.63;0.72;127.86;3.90;606;5;293.00;33
368;5;626604222;368;84;976;1005;11.66;0.72;127.87;3.91;608;5;294.00;29
370;5;626604237;370;81;978;1005;11.69;0.72;128.29;3.92;608;5;295.00;27
373;5;626604253;373;85;983;1006;11.83;0.72;128.06;3.94;610;5;296.00;23
377;5;626604264;377;86;985;1007;11.89;0.73;128.39;3.95;608;5;297.00;22
378;5;626604274;378;88;989;1007;11.89;0.73;128.20;3.97;611;5;298.00;18
379;5;626604283;379;89;991;1008;11.92;0.73;128.34;3.98;612;5;299.00;17
380;5;626604294;380;95;995;1014;11.91;0.73;128.16;4.00;615;5;300.00;19
381;5;626604307;381;102;997;1014;11.90;0.73;128.22;4.02;616;5;301.00;17
381;5;626604316;381;103;999;1014;11.91;0.73;128.22;4.04;618;5;302.00;15
383;5;626604325;383;106;1002;1018;11.97;0.74;128.07;4.03;619;5;303.00;16
385;5;626604340;385;113;1004;1018;11.88;0.73;128.89;4.06;619;5;304.00;14
387;5;626604350;387;120;1004;1018;11.79;0.72;129.29;4.06;617;5;305.00;14
387;5;626604359;387;127;1009;1021;11.72;0.72;129.29;4.08;622;5;306.00;12
389;5;626604368;389;130;1010;1021;11.58;0.71;130.09;4.08;621;5;307.00;11
391;5;626604377;391;136;1011;1021;11.47;0.71;130.25;4.10;620;5;308.00;10
393;5;626604386;393;141;1015;1025;11.33;0.70;130.52;4.10;622;5;309.00;10
395;5;626604395;395;147;1016;1026;11.27;0.69;130.95;4.09;621;5;310.00;10
397;5;626604404;397;149;1016;1026;11.16;0.69;131.84;4.09;619;5;311.00;10
401;5;626604413;401;156;1020;1030;11.06;0.68;131.87;4.09;619;5;312.00;10
405;5;626604427;405;157;1021;1030;10.96;0.67;133.21;4.09;616;5;313.00;9
406;5;626604435;406;158;1021;1030;10.85;0.67;133.60;4.09;615;5;314.00;9
408;5;626604444;408;159;1024;1032;10.65;0.65;133.89;4.09;616;5;315.00;8
409;5;626604452;409;162;1024;1032;10.48;0.64;134.04;4.09;615;5;316.00;8
411;5;626604460;411;167;1028;1038;10.41;0.64;134.05;4.08;617;5;317.00;10
412;5;626604469;412;169;1028;1038;10.20;0.62;133.86;4.08;616;5;318.00;10
414;5;626604483;414;167;1029;1039;10.06;0.62;134.15;4.07;615;5;319.00;10
417;5;626604491;417;170;1031;1039;9.94;0.61;134.40;4.13;614;5;320.00;8
418;5;626604500;418;178;1032;1039;9.94;0.61;134.33;4.14;614;5;321.00;7
422;5;626604508;422;183;1032;1039;9.88;0.61;134.63;4.14;610;5;322.00;7
423;5;626604516;423;184;1034;1039;9.86;0.61;134.74;4.18;611;5;323.00;5
425;5;626604529;425;186;1047;1051;9.89;0.61;134.99;4.19;622;5;324.00;4
426;5;626604538;426;192;1048;1051;9.87;0.61;135.27;4.20;622;5;325.00;3
431;5;626604546;431;194;1049;1051;9.87;0.61;136.15;4.19;618;5;326.00;2
436;5;626604554;436;196;1050;1051;9.89;0.61;136.31;4.20;614;5;327.00;1
438;5;626604562;438;197;1050;1051;9.93;0.61;136.57;4.20;612;5;328.00;1
438;5;626604569;438;200;1051;1051;9.92;0.61;136.57;4.20;613;5;329.00;0
441;5;626604578;441;204;1055;1055;9.86;0.60;137.20;4.19;614;5;330.00;0
443;5;626604585;443;208;1055;1055;9.87;0.60;137.15;4.19;612;5;331.00;0
444;5;626604592;444;212;1058;1059;9.89;0.60;137.59;4.18;614;5;332.00;1
447;5;626604601;447;215;1059;1060;9.75;0.59;137.85;4.18;612;5;333.00;1
451;5;626604608;451;217;1060;1060;9.63;0.59;138.45;4.17;609;5;334.00;0
456;5;626604615;456;220;1060;1060;9.47;0.58;139.57;4.17;604;5;335.00;0
459;5;626604622;459;227;1073;1073;9.25;0.56;139.44;4.12;614;5;336.00;0
461;5;626604630;461;230;1073;1073;9.05;0.55;139.98;4.12;612;5;337.00;0
465;5;626604636;465;233;1073;1073;8.76;0.53;140.70;4.12;608;5;338.00;0
467;5;626604643;467;239;1074;1074;8.47;0.52;141.13;4.12;607;5;339.00;0
472;5;626604649;472;232;1075;1075;8.26;0.51;141.97;4.12;603;5;340.00;0
474;5;626604657;474;227;1075;1075;8.14;0.50;142.77;4.12;601;5;341.00;0
478;5;626604663;478;224;1077;1078;8.07;0.50;143.44;4.11;599;5;342.00;1
484;5;626604669;484;226;1078;1078;8.04;0.50;143.91;4.11;594;5;343.00;0
485;5;626604676;485;227;1078;1078;8.10;0.50;144.01;4.11;593;5;344.00;0
487;5;626604682;487;227;1078;1078;8.12;0.50;144.35;4.11;591;5;345.00;0
491;5;626604689;491;225;1083;1084;8.15;0.50;145.14;4.09;592;5;346.00;1
493;5;626604696;493;218;1083;1084;8.08;0.50;145.34;4.09;590;5;347.00;1
494;5;626604703;494;221;1084;1084;8.07;0.50;145.40;4.09;590;5;348.00;0
495;5;626604709;495;221;1084;1084;8.03;0.50;145.23;4.09;589;5;349.00;0
499;5;626604716;499;216;1088;1088;8.01;0.49;145.23;4.08;589;5;350.00;0
501;5;626604723;501;217;1089;1089;7.98;0.49;146.00;4.08;588;5;351.00;0
507;5;626604729;507;220;1089;1089;7.92;0.49;146.55;4.08;582;5;352.00;0
510;5;626604736;510;221;1090;1090;7.88;0.48;146.81;4.07;580;5;353.00;0
513;5;626604749;513;224;1090;1090;7.83;0.48;146.37;4.07;577;5;354.00;0
518;5;626604755;518;224;1090;1090;7.80;0.48;146.21;4.07;572;5;355.00;0
520;5;626604762;520;224;1090;1090;7.80;0.48;146.00;4.07;570;5;356.00;0
524;5;626604769;524;224;1090;1090;7.74;0.47;146.31;4.07;566;5;357.00;0
527;5;626604776;527;230;1090;1090;7.70;0.47;147.00;4.07;563;5;358.00;0
528;5;626604783;528;224;1090;1090;7.70;0.47;146.86;4.07;562;5;359.00;0
530;5;626604792;530;235;1158;1215;8.09;0.51;146.60;3.84;628;5;360.00;57
533;5;626604809;533;234;1167;1216;8.10;0.51;146.81;3.81;634;5;361.00;49
534;5;626604817;534;228;1180;1216;8.20;0.51;146.73;3.79;646;5;362.00;36
535;5;626604825;535;229;1185;1216;8.19;0.51;146.78;3.79;650;5;363.00;31
536;5;626604832;536;228;1188;1216;8.18;0.51;146.98;3.79;652;5;364.00;28
538;5;626604846;538;231;1191;1216;8.16;0.51;147.19;3.79;653;5;365.00;25
542;5;626604854;542;238;1195;1216;8.03;0.50;147.09;3.80;653;5;366.00;21
544;5;626604862;544;245;1197;1216;7.95;0.49;146.93;3.81;653;5;367.00;19
549;5;626604869;549;247;1202;1217;7.84;0.49;147.90;3.82;653;5;368.00;15
549;5;626604879;549;253;1204;1218;7.79;0.48;147.90;3.83;655;5;369.00;14
552;5;626604887;552;258;1207;1218;7.64;0.47;147.94;3.85;655;5;370.00;11
555;5;626604896;555;256;1216;1222;7.55;0.47;148.73;3.86;661;5;371.00;6
556;5;626604905;556;254;1217;1222;7.48;0.46;148.74;3.86;661;5;372.00;5
559;5;626604913;559;253;1219;1222;7.46;0.46;148.69;3.88;660;5;373.00;3
560;5;626604922;560;253;1219;1222;7.49;0.46;148.78;3.88;659;5;374.00;3
560;5;626604931;560;246;1225;1228;7.55;0.47;148.78;3.88;665;5;375.00;3
562;5;626604940;562;242;1225;1228;7.69;0.47;148.97;3.88;663;5;376.00;3
563;5;626604949;563;238;1226;1228;7.85;0.48;149.05;3.88;663;5;377.00;2
566;5;626604963;566;234;1229;1231;8.00;0.49;149.15;3.89;663;5;378.00;2
568;5;626604974;568;233;1230;1231;8.17;0.50;149.38;3.89;662;5;379.00;1
569;5;626604983;569;234;1230;1231;8.33;0.51;149.15;3.89;661;5;380.00;1
570;5;626604998;570;227;1232;1232;8.42;0.52;148.97;3.89;662;5;381.00;0
573;5;626605007;573;226;1233;1233;8.51;0.52;149.10;3.88;660;5;382.00;0
575;5;626605016;575;222;1233;1233;8.58;0.53;148.79;3.88;658;5;383.00;0
579;5;626605025;579;228;1246;1246;8.60;0.53;148.71;3.84;667;5;384.00;0
580;5;626605035;580;225;1246;1246;8.62;0.53;148.50;3.84;666;5;385.00;0
581;5;626605044;581;228;1246;1246;8.63;0.53;148.65;3.84;665;5;386.00;0
582;5;626605053;582;222;1247;1247;8.66;0.53;148.44;3.84;665;5;387.00;0
583;5;626605069;583;214;1247;1247;8.64;0.53;148.59;3.84;664;5;388.00;0
589;5;626605078;589;214;1250;1251;8.66;0.53;149.48;3.83;661;5;389.00;1
589;5;626605096;589;208;1250;1251;8.78;0.54;149.48;3.83;661;5;390.00;1
590;5;626605105;590;210;1255;1255;8.83;0.54;149.28;3.82;665;5;391.00;0
590;5;626605115;590;207;1255;1255;8.89;0.54;149.28;3.82;665;5;392.00;0
591;5;626605124;591;211;1255;1255;8.95;0.55;149.47;3.82;664;5;393.00;0
593;5;626605140;593;211;1255;1255;9.07;0.55;149.48;3.82;662;5;394.00;0
597;5;626605150;597;211;1255;1255;9.09;0.56;149.90;3.82;658;5;395.00;0
597;5;626605165;597;192;1266;1267;9.21;0.56;149.90;3.79;669;5;396.00;1
600;5;626605176;600;181;1267;1267;9.26;0.57;150.63;3.79;667;5;397.00;0
605;5;626605188;605;173;1267;1267;9.34;0.57;151.35;3.79;662;5;398.00;0
606;5;626605204;606;164;1267;1267;9.46;0.58;151.41;3.79;661;5;399.00;0
607;5;626605221;607;158;1267;1267;9.60;0.59;151.71;3.79;660;5;400.00;0
611;5;626605245;611;151;1267;1267;9.70;0.59;151.85;3.79;656;5;401.00;0
614;5;626605262;614;149;1268;1268;9.76;0.60;152.69;3.79;654;5;402.00;0
617;5;626605277;617;148;1268;1268;9.87;0.60;153.15;3.79;651;5;403.00;0
618;5;626605293;618;151;1273;1274;9.90;0.60;153.35;3.78;655;5;404.00;1
621;5;626605306;621;151;1276;1276;9.89;0.60;153.77;3.77;655;5;405.00;0
623;5;626605317;623;154;1276;1276;9.93;0.60;154.08;3.77;653;5;406.00;0
625;5;626605327;625;157;1276;1276;9.88;0.60;154.38;3.77;651;5;407.00;0
627;5;626605346;627;154;1280;1280;9.91;0.60;154.85;3.76;653;5;408.00;0
632;5;626605357;632;155;1280;1280;9.91;0.60;155.69;3.76;648;5;409.00;0
634;5;626605368;634;156;1280;1280;9.94;0.61;155.98;3.76;646;5;410.00;0
637;5;626605380;637;158;1281;1281;9.99;0.61;156.08;3.75;644;5;411.00;0
640;5;626605390;640;157;1285;1285;9.94;0.61;156.75;3.75;645;5;412.00;0
642;5;626605401;642;157;1285;1285;9.99;0.61;157.47;3.75;643;5;413.00;0
644;5;626605410;644;160;1287;1288;10.10;0.62;158.11;3.74;643;5;414.00;1
647;5;626605421;647;158;1287;1288;10.14;0.62;158.60;3.74;640;5;415.00;1
648;5;626605437;648;158;1288;1288;10.27;0.63;158.99;3.74;640;5;416.00;0
651;5;626605447;651;152;1288;1288;10.38;0.63;159.11;3.74;637;5;417.00;0
657;5;626605455;657;152;1291;1292;10.47;0.64;159.96;3.73;634;5;418.00;1
661;5;626605465;661;149;1291;1292;10.56;0.64;160.32;3.73;630;5;419.00;1
664;5;626605478;664;152;1292;1292;10.58;0.65;160.37;3.73;628;5;420.00;0
665;5;626605487;665;150;1292;1292;10.58;0.65;160.26;3.73;627;5;421.00;0
667;5;626605497;667;158;1293;1293;10.53;0.64;160.81;3.73;626;5;422.00;0
671;5;626605506;671;160;1294;1294;10.45;0.64;161.59;3.73;623;5;423.00;0
674;5;626605523;674;164;1294;1294;10.38;0.63;162.27;3.73;620;5;424.00;0
677;5;626605532;677;168;1295;1295;10.35;0.63;162.80;3.73;618;5;425.00;0
680;5;626605541;680;169;1295;1295;10.25;0.63;163.37;3.73;615;5;426.00;0
682;5;626605551;682;173;1295;1295;10.20;0.62;163.53;3.73;613;5;427.00;0
683;5;626605560;683;171;1295;1295;10.18;0.62;163.89;3.73;612;5;428.00;0
684;5;626605569;684;175;1295;1295;10.26;0.63;163.91;3.73;611;5;429.00;0
686;5;626605577;686;169;1295;1295;10.23;0.63;164.03;3.73;609;5;430.00;0
689;5;626605586;689;164;1295;1295;10.25;0.63;164.56;3.73;606;5;431.00;0
691;5;626605595;691;190;1374;1422;9.78;0.61;164.60;3.51;683;5;432.00;48
696;5;626605614;696;169;1374;1423;9.72;0.60;164.83;3.51;678;5;433.00;49
696;5;626605623;696;152;1379;1423;9.90;0.61;164.83;3.51;683;5;434.00;44
701;5;626605631;701;148;1381;1423;9.94;0.62;164.95;3.51;680;5;435.00;42
704;5;626605641;704;142;1386;1423;9.97;0.62;165.24;3.51;682;5;436.00;37
708;5;626605650;708;141;1389;1423;9.89;0.61;165.51;3.51;681;5;437.00;34
710;5;626605659;710;143;1394;1423;9.92;0.61;165.97;3.52;684;5;438.00;29
711;5;626605673;711;142;1395;1423;10.00;0.61;165.89;3.52;684;5;439.00;28
714;5;626605682;714;143;1400;1424;10.09;0.62;165.84;3.54;686;5;440.00;24
721;5;626605691;721;141;1403;1425;10.11;0.62;166.39;3.55;682;5;441.00;22
725;5;626605700;725;140;1406;1425;10.16;0.62;166.73;3.56;681;5;442.00;19
726;5;626605709;726;128;1409;1426;10.21;0.62;166.71;3.58;683;5;443.00;17
730;6;626605718;730;129;1411;1426;10.22;0.63;167.25;3.59;681;6;444.00;15
733;6;626605741;733;123;1414;1426;10.23;0.63;167.43;3.61;681;6;445.00;12
737;6;626605750;737;119;1416;1426;10.18;0.62;168.01;3.62;679;6;446.00;10
740;6;626605760;740;115;1418;1430;10.12;0.62;168.31;3.63;678;6;447.00;12
742;6;626605770;742;116;1420;1430;10.13;0.62;168.45;3.65;678;6;448.00;10
746;6;626605780;746;117;1421;1430;10.07;0.61;168.82;3.65;675;6;449.00;9
747;6;626605791;747;116;1424;1436;10.14;0.62;168.91;3.64;677;6;450.00;12
749;6;626605801;749;114;1425;1436;10.17;0.62;168.65;3.64;676;6;451.00;11
751;6;626605811;751;113;1426;1436;10.21;0.62;168.92;3.64;675;6;452.00;10
756;6;626605821;756;109;1430;1440;10.13;0.61;168.85;3.64;674;6;453.00;10
758;6;626605831;758;111;1431;1441;10.16;0.62;168.75;3.64;673;6;454.00;10
761;6;626605842;761;115;1432;1441;10.25;0.62;168.98;3.64;671;6;455.00;9
763;6;626605852;763;116;1435;1445;10.43;0.63;168.97;3.63;672;6;456.00;10
765;6;626605863;765;116;1436;1445;10.44;0.63;168.96;3.65;671;6;457.00;9
767;6;626605873;767;119;1437;1445;10.47;0.63;168.84;3.66;670;6;458.00;8
767;6;626605883;767;124;1440;1446;10.55;0.64;168.84;3.68;673;6;459.00;6
768;6;626605893;768;122;1440;1446;10.54;0.64;168.94;3.68;672;6;460.00;6
769;6;626605902;769;126;1445;1452;10.58;0.64;169.08;3.69;676;6;461.00;7
769;6;626605914;769;122;1446;1452;10.57;0.64;169.08;3.69;677;6;462.00;6
772;6;626605930;772;125;1447;1453;10.53;0.64;168.92;3.70;675;6;463.00;6
774;6;626605941;774;126;1447;1453;10.49;0.63;168.95;3.70;673;6;464.00;6
775;6;626605951;775;122;1447;1453;10.41;0.63;168.97;3.70;672;6;465.00;6
775;6;626605960;775;121;1447;1453;10.37;0.63;168.97;3.70;672;6;466.00;6
776;6;626605970;776;125;1447;1453;10.38;0.63;169.10;3.70;671;6;467.00;6
778;6;626605980;778;130;1457;1465;10.42;0.63;169.13;3.67;679;6;468.00;8
780;6;626605991;780;131;1458;1465;10.50;0.64;169.25;3.67;678;6;469.00;7
781;6;626606001;781;138;1460;1465;10.58;0.64;169.30;3.70;679;6;470.00;5
782;6;626606012;782;138;1460;1465;10.70;0.65;169.22;3.70;678;6;471.00;5
784;6;626606023;784;137;1461;1465;10.84;0.66;169.26;3.71;677;6;472.00;4
788;6;626606033;788;139;1461;1465;10.89;0.66;169.24;3.71;673;6;473.00;4
789;6;626606042;789;142;1466;1469;10.92;0.66;169.33;3.73;677;6;474.00;3
793;6;626606053;793;148;1466;1469;10.91;0.66;169.23;3.73;673;6;475.00;3
794;6;626606063;794;153;1469;1473;10.92;0.66;169.38;3.72;675;6;476.00;4
797;6;626606074;797;157;1472;1474;10.94;0.67;169.32;3.73;675;6;477.00;2
799;6;626606090;799;161;1473;1474;10.99;0.67;169.39;3.73;674;6;478.00;1
800;6;626606100;800;164;1474;1474;10.97;0.67;169.58;3.73;674;6;479.00;0
805;6;626606112;805;168;1493;1500;10.84;0.66;169.22;3.69;688;6;480.00;7
807;6;626606124;807;171;1494;1500;10.78;0.66;169.28;3.69;687;6;481.00;6
808;6;626606134;808;181;1497;1500;10.74;0.66;169.39;3.68;689;6;482.00;3
809;6;626606143;809;186;1500;1501;10.66;0.65;169.43;3.68;691;6;483.00;1
809;6;626606152;809;190;1502;1502;10.61;0.65;169.43;3.68;693;6;484.00;0
811;6;626606162;811;194;1502;1502;10.51;0.64;169.37;3.68;691;6;485.00;0
811;6;626606171;811;195;1504;1505;10.41;0.64;169.37;3.67;693;6;486.00;1
812;6;626606188;812;204;1504;1505;10.30;0.63;169.32;3.67;692;6;487.00;1
815;6;626606197;815;211;1505;1505;10.30;0.63;169.38;3.67;690;6;488.00;0
816;6;626606206;816;209;1505;1505;10.26;0.63;169.33;3.67;689;6;489.00;0
818;6;626606215;818;213;1509;1511;10.23;0.63;169.22;3.66;691;6;490.00;2
820;6;626606225;820;210;1509;1511;10.07;0.62;169.13;3.66;689;6;491.00;2
821;6;626606243;821;211;1510;1511;9.96;0.61;169.02;3.66;689;6;492.00;1
823;6;626606251;823;215;1511;1511;9.76;0.60;168.83;3.66;688;6;493.00;0
825;6;626606265;825;213;1515;1515;9.63;0.59;168.66;3.66;690;6;494.00;0
827;6;626606275;827;221;1517;1517;9.60;0.59;168.66;3.65;690;6;495.00;0
828;6;626606284;828;223;1517;1517;9.55;0.59;168.64;3.65;689;6;496.00;0
831;6;626606292;831;225;1518;1518;9.52;0.58;168.60;3.65;687;6;497.00;0
833;6;626606300;833;228;1518;1518;9.51;0.58;168.33;3.65;685;6;498.00;0
837;6;626606309;837;230;1518;1518;9.49;0.58;167.90;3.65;681;6;499.00;0
839;6;626606318;839;232;1518;1518;9.48;0.58;167.83;3.65;679;6;500.00;0
847;6;626606329;847;235;1518;1518;9.42;0.58;167.55;3.65;671;6;501.00;0
848;6;626606337;848;235;1518;1518;9.32;0.57;167.69;3.65;670;6;502.00;0
850;6;626606345;850;234;1518;1518;9.19;0.56;167.57;3.65;668;6;503.00;0
853;6;626606353;853;239;1557;1588;9.29;0.57;167.95;3.56;704;6;504.00;31
858;6;626606367;858;240;1558;1589;9.15;0.56;167.97;3.56;700;6;505.00;31
862;6;626606375;862;244;1567;1589;9.08;0.56;168.70;3.55;705;6;506.00;22
864;6;626606383;864;245;1571;1589;8.95;0.55;168.59;3.55;707;6;507.00;18
869;6;626606391;869;249;1577;1589;8.82;0.54;169.17;3.55;708;6;508.00;12
872;6;626606399;872;255;1580;1589;8.74;0.54;170.04;3.55;708;6;509.00;9
875;6;626606408;875;242;1585;1589;8.64;0.53;169.88;3.56;710;6;510.00;4
879;6;626606416;879;240;1588;1589;8.52;0.52;170.50;3.57;709;6;511.00;1
882;6;626606424;882;233;1590;1590;8.48;0.52;171.32;3.57;708;6;512.00;0
884;6;626606432;884;230;1591;1591;8.43;0.52;171.88;3.57;707;6;513.00;0
890;6;626606441;890;233;1591;1591;8.31;0.51;172.34;3.57;701;6;514.00;0
892;6;626606449;892;237;1595;1595;8.22;0.50;172.52;3.56;703;6;515.00;0
895;6;626606458;895;244;1595;1595;8.15;0.50;172.92;3.56;700;6;516.00;0
897;6;626606467;897;249;1595;1595;8.16;0.50;173.40;3.56;698;6;517.00;0
899;6;626606476;899;248;1595;1595;8.16;0.50;173.29;3.56;696;6;518.00;0
900;6;626606485;900;249;1600;1601;8.26;0.51;173.52;3.55;700;6;519.00;1
902;6;626606494;902;248;1600;1601;8.34;0.51;173.71;3.55;698;6;520.00;1
905;6;626606502;905;245;1601;1601;8.39;0.52;174.17;3.55;696;6;521.00;0
906;6;626606511;906;241;1603;1604;8.49;0.52;174.14;3.55;697;6;522.00;1
910;6;626606520;910;225;1604;1604;8.53;0.52;174.51;3.54;694;6;523.00;0
916;6;626606529;916;214;1604;1604;8.57;0.52;174.80;3.54;688;6;524.00;0
918;6;626606538;918;208;1605;1605;8.63;0.53;175.16;3.54;687;6;525.00;0
923;6;626606547;923;201;1606;1606;8.71;0.53;175.02;3.54;683;6;526.00;0
925;6;626606563;925;199;1606;1606;8.80;0.54;175.15;3.54;681;6;527.00;0
930;6;626606572;930;197;1617;1619;8.79;0.54;175.45;3.52;687;6;528.00;2
931;6;626606582;931;193;1617;1619;8.73;0.53;175.67;3.52;686;6;529.00;2
936;7;626606602;936;188;1619;1619;8.73;0.53;175.69;3.52;683;7;530.00;0
940;7;626606621;940;193;1620;1620;8.72;0.53;175.79;3.51;680;7;531.00;0
941;7;626606631;941;179;1620;1620;8.78;0.54;176.07;3.51;679;7;532.00;0
943;7;626606641;943;181;1623;1624;8.91;0.54;176.02;3.51;680;7;533.00;1
945;7;626606650;945;175;1623;1624;8.94;0.55;176.12;3.51;678;7;534.00;1
950;7;626606660;950;176;1628;1628;8.99;0.55;176.52;3.50;678;7;535.00;0
955;7;626606670;955;178;1628;1628;9.01;0.55;176.54;3.50;673;7;536.00;0
958;7;626606679;958;182;1628;1628;8.99;0.55;177.02;3.50;670;7;537.00;0
964;7;626606688;964;182;1628;1628;8.95;0.55;177.14;3.50;664;7;538.00;0
967;7;626606699;967;182;1628;1628;8.96;0.55;177.51;3.50;661;7;539.00;0
971;7;626606709;971;184;1657;1662;8.91;0.55;177.70;3.44;686;7;540.00;5
974;7;626606721;974;186;1658;1662;8.88;0.55;177.76;3.44;684;7;541.00;4
978;7;626606731;978;193;1659;1662;8.89;0.55;177.98;3.44;681;7;542.00;3
980;7;626606741;980;195;1659;1662;8.95;0.55;178.29;3.44;679;7;543.00;3
982;7;626606750;982;194;1660;1662;8.97;0.55;178.33;3.44;678;7;544.00;2
984;7;626606759;984;198;1660;1662;9.02;0.55;178.33;3.44;676;7;545.00;2
985;7;626606768;985;202;1662;1663;9.04;0.55;178.40;3.44;677;7;546.00;1
985;7;626606778;985;204;1662;1663;9.09;0.56;178.40;3.44;677;7;547.00;1
989;7;626606787;989;210;1667;1669;9.15;0.56;178.56;3.44;678;7;548.00;2
993;7;626606798;993;213;1668;1670;9.14;0.56;178.49;3.43;675;7;549.00;2
997;7;626606807;997;220;1669;1670;9.15;0.56;178.64;3.43;672;7;550.00;1
1000;7;626606817;1000;224;1669;1670;9.14;0.56;178.72;3.43;669;7;551.00;1
1004;7;626606827;1004;227;1674;1674;9.12;0.56;178.73;3.43;670;7;552.00;0
1006;7;626606836;1006;227;1674;1674;9.06;0.55;178.83;3.43;668;7;553.00;0
1009;7;626606845;1009;223;1674;1674;8.97;0.55;179.23;3.43;665;7;554.00;0
1012;7;626606854;1012;228;1675;1675;8.91;0.55;179.70;3.42;663;7;555.00;0
1013;7;626606863;1013;230;1679;1679;8.88;0.54;179.73;3.42;666;7;556.00;0
1015;7;626606873;1015;219;1679;1679;8.86;0.54;180.25;3.42;664;7;557.00;0
1018;7;626606883;1018;212;1681;1682;8.89;0.55;180.86;3.41;663;7;558.00;1
1024;7;626606893;1024;210;1681;1682;8.86;0.54;181.34;3.41;657;7;559.00;1
1030;7;626606904;1030;207;1682;1682;8.90;0.54;181.67;3.41;652;7;560.00;0
1031;7;626606914;1031;205;1682;1682;8.96;0.55;181.83;3.41;651;7;561.00;0
1032;7;626606923;1032;211;1685;1686;9.05;0.55;182.08;3.41;653;7;562.00;1
1038;7;626606933;1038;213;1685;1686;9.13;0.56;182.61;3.41;647;7;563.00;1
1041;7;626606948;1041;210;1686;1686;9.24;0.56;183.18;3.41;645;7;564.00;0
1045;7;626606959;1045;210;1686;1686;9.23;0.56;183.31;3.41;641;7;565.00;0
1048;7;626606969;1048;190;1687;1687;9.24;0.56;183.65;3.41;639;7;566.00;0
1051;7;626606979;1051;184;1688;1688;9.37;0.57;183.82;3.41;637;7;567.00;0
1053;7;626606988;1053;181;1688;1688;9.45;0.57;183.88;3.41;635;7;568.00;0
1054;7;626606998;1054;175;1689;1689;9.54;0.58;183.91;3.40;635;7;569.00;0
1056;7;626607009;1056;167;1689;1689;9.58;0.58;184.28;3.40;633;7;570.00;0
1058;7;626607019;1058;164;1689;1689;9.59;0.58;184.40;3.40;631;7;571.00;0
1060;7;626607030;1060;162;1689;1689;9.66;0.59;184.66;3.40;629;7;572.00;0
1064;7;626607040;1064;161;1689;1689;9.69;0.59;185.03;3.40;625;7;573.00;0
1065;7;626607050;1065;161;1689;1689;9.75;0.59;185.23;3.40;624;7;574.00;0
1067;7;626607060;1067;161;1689;1689;9.76;0.60;185.53;3.40;622;7;575.00;0
1068;7;626607071;1068;190;1769;1816;9.65;0.60;185.63;3.25;701;7;576.00;47
1073;7;626607092;1073;177;1772;1817;9.67;0.60;186.07;3.25;699;7;577.00;45
1075;7;626607103;1075;167;1781;1817;9.86;0.61;186.12;3.24;706;7;578.00;36
1077;7;626607114;1077;159;1783;1817;9.94;0.62;186.19;3.24;706;7;579.00;34
1078;7;626607124;1078;151;1788;1817;10.04;0.62;186.20;3.24;710;7;580.00;29
1084;7;626607135;1084;146;1791;1817;10.07;0.62;186.74;3.25;707;7;581.00;26
1087;7;626607145;1087;150;1796;1817;10.17;0.63;186.88;3.25;709;7;582.00;21
1089;7;626607155;1089;150;1798;1817;10.18;0.63;186.84;3.26;709;7;583.00;19
1092;7;626607170;1092;155;1802;1818;10.21;0.63;186.97;3.27;710;7;584.00;16
1096;7;626607181;1096;154;1805;1820;10.19;0.63;187.30;3.27;709;7;585.00;15
1100;7;626607205;1100;158;1809;1820;10.15;0.62;187.54;3.29;709;7;586.00;11
1101;7;626607224;1101;165;1813;1821;10.16;0.62;187.51;3.30;712;7;587.00;8
1102;7;626607241;1102;169;1815;1821;10.17;0.62;187.50;3.31;713;7;588.00;6
1105;7;626607256;1105;176;1816;1821;10.20;0.63;187.82;3.31;711;7;589.00;5
1108;7;626607271;1108;179;1818;1821;10.22;0.63;187.84;3.32;710;7;590.00;3
1112;7;626607287;1112;175;1821;1825;10.19;0.63;187.86;3.32;709;7;591.00;4
1113;7;626607310;1113;180;1822;1825;10.19;0.62;187.83;3.33;709;7;592.00;3
1115;7;626607322;1115;183;1822;1825;10.25;0.63;187.98;3.33;707;7;593.00;3
1117;7;626607332;1117;187;1825;1828;10.35;0.63;188.11;3.33;708;7;594.00;3
1117;7;626607344;1117;188;1825;1828;10.46;0.64;188.11;3.33;708;7;595.00;3
1119;7;626607354;1119;192;1826;1828;10.55;0.65;188.32;3.33;707;7;596.00;2
1121;7;626607364;1121;191;1830;1832;10.51;0.64;188.53;3.33;709;7;597.00;2
1123;7;626607376;1123;192;1832;1833;10.61;0.65;188.47;3.33;709;7;598.00;1
1125;7;626607388;1125;191;1832;1833;10.62;0.65;188.24;3.33;707;7;599.00;1
1130;7;626607401;1130;193;1844;1859;10.50;0.64;188.44;3.31;714;7;600.00;15
1133;7;626607428;1133;185;1846;1859;10.48;0.64;188.56;3.31;713;7;601.00;13
1134;7;626607439;1134;176;1846;1859;10.53;0.64;188.73;3.31;712;7;602.00;13
1135;7;626607450;1135;173;1847;1860;10.56;0.64;188.78;3.31;712;7;603.00;13
1138;7;626607461;1138;174;1848;1860;10.62;0.64;188.95;3.31;710;7;604.00;12
1141;7;626607478;1141;169;1851;1866;10.64;0.64;188.97;3.30;710;7;605.00;15
1142;7;626607488;1142;166;1853;1866;10.72;0.65;188.87;3.31;711;7;606.00;13
1145;7;626607498;1145;163;1854;1867;10.72;0.65;189.55;3.31;709;7;607.00;13
1149;7;626607508;1149;165;1854;1867;10.79;0.65;189.85;3.31;705;7;608.00;13
1152;7;626607518;1152;160;1854;1867;10.77;0.65;190.01;3.31;702;7;609.00;13
1154;7;626607541;1154;152;1856;1867;10.73;0.65;190.36;3.31;702;7;610.00;11
1156;7;626607558;1156;148;1857;1867;10.70;0.65;190.35;3.32;701;7;611.00;10
1160;7;626607568;1160;139;1868;1879;10.58;0.64;190.43;3.30;708;7;612.00;11
1163;7;626607585;1163;133;1868;1879;10.53;0.64;190.72;3.30;705;7;613.00;11
1166;7;626607608;1166;126;1868;1879;10.52;0.64;191.03;3.30;702;7;614.00;11
1167;7;626607618;1167;128;1870;1879;10.49;0.63;191.20;3.31;703;7;615.00;9
1170;7;626607628;1170;121;1870;1879;10.53;0.64;191.23;3.31;700;7;616.00;9
1173;7;626607638;1173;111;1871;1879;10.58;0.64;191.49;3.32;698;7;617.00;8
1175;7;626607648;1175;104;1874;1883;10.66;0.64;191.54;3.31;699;7;618.00;9
1180;7;626607659;1180;105;1874;1883;10.75;0.65;191.71;3.31;694;7;619.00;9
1183;7;626607669;1183;105;1877;1887;10.88;0.66;191.72;3.31;694;7;620.00;10
1184;7;626607680;1184;100;1878;1888;10.99;0.66;191.72;3.31;694;7;621.00;10
1190;7;626607690;1190;103;1879;1888;11.08;0.67;192.19;3.31;689;7;622.00;9
1191;7;626607701;1191;104;1880;1888;11.23;0.68;192.40;3.32;689;7;623.00;8
1194;7;626607711;1194;106;1888;1901;11.23;0.68;192.79;3.31;694;7;624.00;13
1198;7;626607723;1198;105;1888;1901;11.30;0.68;193.07;3.31;690;7;625.00;13
1199;7;626607734;1199;107;1888;1901;11.40;0.69;193.26;3.31;689;7;626.00;13
1200;7;626607744;1200;109;1889;1902;11.39;0.69;193.24;3.30;689;7;627.00;13
1202;7;626607754;1202;114;1889;1903;11.38;0.69;193.27;3.30;687;7;628.00;14
1205;7;626607764;1205;120;1892;1903;11.36;0.69;193.64;3.34;687;7;629.00;11
1208;7;626607777;1208;117;1895;1909;11.35;0.69;193.50;3.33;687;7;630.00;14
1209;7;626607789;1209;122;1897;1909;11.23;0.68;193.62;3.33;688;7;631.00;12
1216;8;626607799;1216;125;1898;1909;11.14;0.67;193.84;3.33;682;8;632.00;11
1218;8;626607817;1218;129;1898;1909;11.11;0.67;193.85;3.33;680;8;633.00;11
1220;8;626607827;1220;136;1902;1915;11.11;0.67;193.90;3.33;682;8;634.00;13
1220;8;626607838;1220;135;1903;1915;10.97;0.67;193.90;3.35;683;8;635.00;12
1221;8;626607848;1221;139;1904;1915;10.94;0.66;193.96;3.35;683;8;636.00;11
1223;8;626607858;1223;140;1905;1915;10.84;0.66;193.98;3.35;682;8;637.00;10
1224;8;626607867;1224;145;1908;1919;10.75;0.65;193.89;3.34;684;8;638.00;11
1227;8;626607878;1227;152;1909;1920;10.72;0.65;193.74;3.34;682;8;639.00;11
1229;8;626607889;1229;158;1909;1920;10.72;0.65;193.77;3.34;680;8;640.00;11
1229;8;626607898;1229;163;1912;1921;10.70;0.65;193.77;3.37;683;8;641.00;9
1232;8;626607908;1232;171;1913;1921;10.67;0.65;193.72;3.38;681;8;642.00;8
1233;8;626607917;1233;173;1915;1921;10.63;0.65;193.80;3.40;682;8;643.00;6
1235;8;626607932;1235;173;1915;1921;10.55;0.64;193.71;3.40;680;8;644.00;6
1238;8;626607942;1238;180;1917;1921;10.48;0.64;193.58;3.41;679;8;645.00;4
1240;8;626607951;1240;186;1919;1921;10.36;0.63;193.43;3.44;679;8;646.00;2
1244;8;626607960;1244;187;1919;1921;10.22;0.62;193.27;3.44;675;8;647.00;2
1245;8;626607977;1245;200;1957;1991;10.25;0.63;193.14;3.40;712;8;648.00;34
1246;8;626607992;1246;203;1958;1992;10.11;0.62;193.04;3.39;712;8;649.00;34
1249;8;626608001;1249;204;1968;1992;10.08;0.62;192.90;3.39;719;8;650.00;24
1250;8;626608011;1250;209;1974;1992;10.01;0.61;192.84;3.39;724;8;651.00;18
1250;8;626608020;1250;214;1979;1992;9.99;0.61;192.84;3.39;729;8;652.00;13
1251;8;626608035;1251;218;1984;1992;9.93;0.61;192.75;3.39;733;8;653.00;8
1252;8;626608043;1252;221;1989;1992;9.91;0.61;192.65;3.40;737;8;654.00;3
1253;8;626608052;1253;228;1989;1992;9.73;0.60;192.68;3.40;736;8;655.00;3
1255;8;626608062;1255;231;1992;1993;9.59;0.59;192.44;3.40;737;8;656.00;1
1257;8;626608072;1257;237;1993;1994;9.49;0.58;192.35;3.40;736;8;657.00;1
1257;8;626608081;1257;243;1994;1994;9.36;0.57;192.35;3.40;737;8;658.00;0
1258;8;626608091;1258;244;1998;1998;9.15;0.56;192.20;3.40;740;8;659.00;0
1261;9;626608103;1261;239;1998;1998;8.97;0.55;192.15;3.40;737;9;660.00;0
1261;9;626608129;1261;246;1998;1998;8.84;0.54;192.15;3.40;737;9;661.00;0
1264;9;626608144;1264;251;1998;1998;8.70;0.53;192.14;3.40;734;9;662.00;0
1265;9;626608153;1265;258;2003;2004;8.68;0.53;192.11;3.39;738;9;663.00;1
1267;9;626608163;1267;266;2003;2004;8.62;0.53;192.24;3.39;736;9;664.00;1
1268;9;626608174;1268;271;2004;2004;8.55;0.52;192.22;3.39;736;9;665.00;0
1270;9;626608183;1270;277;2006;2007;8.53;0.52;192.10;3.39;736;9;666.00;1
1273;9;626608193;1273;283;2007;2007;8.44;0.51;192.08;3.39;734;9;667.00;0
1274;9;626608203;1274;289;2007;2007;8.34;0.51;192.03;3.39;733;9;668.00;0
1276;9;626608211;1276;293;2008;2008;8.26;0.50;192.08;3.39;732;9;669.00;0
1276;9;626608221;1276;297;2009;2009;8.17;0.50;192.08;3.39;733;9;670.00;0
1277;9;626608229;1277;304;2009;2009;8.00;0.49;192.11;3.39;732;9;671.00;0
1282;9;626608237;1282;308;2021;2022;7.87;0.48;191.76;3.37;739;9;672.00;1
1286;9;626608247;1286;314;2021;2022;7.73;0.47;191.48;3.37;735;9;673.00;1
1288;9;626608255;1288;320;2022;2022;7.64;0.47;191.64;3.36;734;9;674.00;0
1291;9;626608263;1291;308;2024;2024;7.57;0.46;191.53;3.36;733;9;675.00;0
1294;9;626608271;1294;303;2024;2024;7.50;0.46;191.97;3.36;730;9;676.00;0
1298;9;626608279;1298;299;2027;2028;7.43;0.45;191.91;3.36;729;9;677.00;1
1300;9;626608288;1300;288;2027;2028;7.33;0.45;192.24;3.36;727;9;678.00;1
1301;9;626608296;1301;287;2032;2032;7.24;0.44;192.15;3.35;731;9;679.00;0
1305;9;626608304;1305;269;2032;2032;7.17;0.44;192.54;3.35;727;9;680.00;0
1309;9;626608313;1309;254;2032;2032;7.10;0.43;192.81;3.35;723;9;681.00;0
1310;9;626608321;1310;248;2032;2032;7.10;0.43;192.91;3.35;722;9;682.00;0
1314;9;626608329;1314;247;2032;2032;7.13;0.44;193.28;3.35;718;9;683.00;0
1317;9;626608338;1317;240;2043;2044;7.31;0.45;193.61;3.33;726;9;684.00;1
1318;9;626608348;1318;241;2044;2044;7.46;0.46;193.71;3.33;726;9;685.00;0
1320;9;626608356;1320;242;2044;2044;7.62;0.47;193.97;3.33;724;9;686.00;0
1323;9;626608365;1323;234;2044;2044;7.74;0.48;194.44;3.33;721;9;687.00;0
1324;9;626608374;1324;227;2044;2044;7.83;0.48;194.58;3.33;720;9;688.00;0
1325;9;626608382;1325;220;2044;2044;7.98;0.49;194.52;3.33;719;9;689.00;0
1327;9;626608393;1327;221;2045;2045;8.07;0.49;194.69;3.33;718;9;690.00;0
1330;9;626608402;1330;221;2045;2045;8.15;0.50;195.05;3.33;715;9;691.00;0
1333;9;626608411;1333;220;2050;2051;8.27;0.51;195.60;3.33;717;9;692.00;1
1335;9;626608420;1335;216;2052;2052;8.40;0.51;195.68;3.32;717;9;693.00;0
1337;9;626608429;1337;210;2052;2052;8.45;0.52;195.91;3.32;715;9;694.00;0
1342;9;626608439;1342;214;2052;2052;8.44;0.52;196.25;3.32;710;9;695.00;0
1345;9;626608449;1345;211;2056;2056;8.53;0.52;196.16;3.32;711;9;696.00;0
1349;9;626608458;1349;207;2056;2056;8.59;0.52;196.24;3.32;707;9;697.00;0
1357;9;626608468;1357;202;2056;2056;8.59;0.52;196.45;3.32;699;9;698.00;0
1360;9;626608477;1360;204;2057;2057;8.63;0.53;196.42;3.32;697;9;699.00;0
1363;9;626608487;1363;202;2061;2061;8.71;0.53;196.73;3.31;698;9;700.00;0
1365;9;626608500;1365;196;2061;2061;8.78;0.54;196.59;3.31;696;9;701.00;0
1371;9;626608511;1371;189;2063;2064;8.85;0.54;196.81;3.31;692;9;702.00;1
1375;9;626608521;1375;185;2064;2064;8.91;0.54;197.04;3.31;689;9;703.00;0
1380;9;626608530;1380;175;2064;2064;8.97;0.55;197.56;3.31;684;9;704.00;0
1385;9;626608540;1385;172;2064;2064;9.07;0.55;197.72;3.31;679;9;705.00;0
1388;9;626608550;1388;169;2067;2068;9.17;0.56;197.84;3.30;679;9;706.00;1
1391;9;626608560;1391;170;2067;2068;9.30;0.57;198.14;3.30;676;9;707.00;1
1397;9;626608570;1397;172;2068;2068;9.37;0.57;198.09;3.30;671;9;708.00;0
1401;9;626608580;1401;175;2068;2068;9.42;0.57;197.96;3.30;667;9;709.00;0
1403;9;626608590;1403;174;2069;2069;9.49;0.58;197.98;3.30;666;9;710.00;0
1408;9;626608600;1408;173;2070;2070;9.57;0.58;198.37;3.30;662;9;711.00;0
1416;9;626608610;1416;178;2070;2070;9.55;0.58;198.34;3.30;654;9;712.00;0
1420;9;626608621;1420;178;2071;2071;9.61;0.58;198.66;3.30;651;9;713.00;0
1420;9;626608630;1420;173;2071;2071;9.70;0.59;198.66;3.30;651;9;714.00;0
1423;9;626608640;1423;170;2071;2071;9.70;0.59;198.92;3.30;648;9;715.00;0
1429;9;626608650;1429;171;2071;2071;9.70;0.59;199.21;3.30;642;9;716.00;0
1430;9;626608660;1430;169;2071;2071;9.78;0.59;199.34;3.30;641;9;717.00;0
1436;9;626608670;1436;168;2071;2071;9.83;0.59;199.53;3.30;635;9;718.00;0
1439;9;626608680;1439;163;2071;2071;9.88;0.60;199.67;3.30;632;9;719.00;0
1440;9;626608691;1440;204;2193;2301;9.90;0.62;199.66;3.12;753;9;720.00;108
1442;9;626608720;1442;198;2205;2302;9.87;0.62;199.77;3.11;763;9;721.00;97
1446;9;626608732;1446;178;2216;2302;9.86;0.62;199.73;3.10;770;9;722.00;86
1447;9;626608742;1447;173;2225;2302;9.78;0.61;199.95;3.10;778;9;723.00;77
1453;9;626608753;1453;174;2231;2302;9.64;0.60;200.25;3.10;778;9;724.00;71
1456;9;626608769;1456;177;2238;2302;9.61;0.60;200.41;3.11;782;9;725.00;64
1460;9;626608779;1460;179;2245;2302;9.45;0.59;200.65;3.12;785;9;726.00;57
1463;9;626608791;1463;170;2250;2302;9.36;0.58;200.81;3.13;787;9;727.00;52
1467;9;626608802;1467;163;2254;2303;9.36;0.58;201.02;3.14;787;9;728.00;49
1470;9;626608813;1470;171;2260;2304;9.37;0.58;201.33;3.15;790;9;729.00;44
1472;9;626608825;1472;173;2263;2304;9.35;0.58;201.49;3.16;791;9;730.00;41
1476;9;626608836;1476;183;2267;2305;9.34;0.58;201.36;3.17;791;9;731.00;38
1479;9;626608848;1479;192;2271;2305;9.33;0.58;201.65;3.18;792;9;732.00;34
1479;9;626608866;1479;199;2273;2305;9.35;0.58;201.65;3.19;794;9;733.00;32
1481;9;626608877;1481;207;2274;2305;9.35;0.58;201.84;3.20;793;9;734.00;31
1487;9;626608889;1487;211;2279;2309;9.35;0.58;202.09;3.21;792;9;735.00;30
1490;9;626608907;1490;209;2281;2309;9.29;0.57;202.34;3.22;791;9;736.00;28
1497;9;626608919;1497;207;2283;2309;9.29;0.57;202.53;3.23;786;9;737.00;26
1497;9;626608931;1497;207;2286;2312;9.39;0.58;202.53;3.24;789;9;738.00;26
1503;9;626608943;1503;207;2289;2312;9.48;0.58;202.86;3.26;786;9;739.00;23
1508;9;626608955;1508;203;2290;2312;9.56;0.59;202.95;3.27;782;9;740.00;22
1514;9;626608969;1514;203;2297;2316;9.55;0.59;203.39;3.29;783;9;741.00;19
1516;9;626608983;1516;200;2298;2317;9.67;0.59;203.50;3.29;782;9;742.00;19
1519;9;626608994;1519;202;2300;2317;9.65;0.59;203.81;3.30;781;9;743.00;17
1523;9;626609006;1523;207;2303;2321;9.74;0.60;204.06;3.31;780;9;744.00;18
1527;9;626609018;1527;211;2304;2321;9.79;0.60;204.28;3.31;777;9;745.00;17
1529;9;626609036;1529;217;2306;2321;9.79;0.60;204.40;3.32;777;9;746.00;15
1530;9;626609047;1530;212;2308;2322;9.79;0.60;204.37;3.32;778;9;747.00;14
1532;9;626609065;1532;214;2308;2322;9.77;0.60;204.36;3.32;776;9;748.00;14
1534;9;626609077;1534;209;2313;2328;9.78;0.60;204.59;3.32;779;9;749.00;15
1538;10;626609091;1538;207;2313;2328;9.79;0.60;204.49;3.32;775;10;750.00;15
1539;10;626609119;1539;210;2314;2329;9.85;0.60;204.57;3.32;775;10;751.00;15
1543;10;626609130;1543;206;2315;2329;9.84;0.60;204.73;3.33;772;10;752.00;14
1545;10;626609142;1545;209;2316;2329;9.88;0.60;204.82;3.33;771;10;753.00;13
1548;10;626609153;1548;210;2317;2329;9.90;0.60;204.93;3.33;769;10;754.00;12
1552;10;626609164;1552;214;2318;2329;9.89;0.60;205.06;3.33;766;10;755.00;11
1555;10;626609175;1555;217;2329;2341;9.91;0.60;205.09;3.32;774;10;756.00;12
1556;10;626609187;1556;221;2330;2341;10.03;0.61;205.09;3.32;774;10;757.00;11
1557;10;626609204;1557;222;2330;2341;10.08;0.62;205.08;3.32;773;10;758.00;11
1560;10;626609223;1560;227;2330;2341;10.13;0.62;205.32;3.32;770;10;759.00;11
1561;10;626609241;1561;227;2330;2341;10.18;0.62;205.39;3.32;769;10;760.00;11
1562;10;626609267;1562;227;2330;2341;10.19;0.62;205.29;3.32;768;10;761.00;11
1565;10;626609292;1565;232;2334;2345;10.08;0.61;205.25;3.31;769;10;762.00;11
1567;10;626609308;1567;231;2334;2345;10.09;0.61;205.37;3.31;767;10;763.00;11
1569;10;626609321;1569;233;2337;2349;10.08;0.61;205.48;3.31;768;10;764.00;12
1572;10;626609332;1572;234;2339;2351;10.02;0.61;205.71;3.31;767;10;765.00;12
1575;10;626609344;1575;233;2340;2351;9.93;0.60;205.60;3.31;765;10;766.00;11
1576;10;626609355;1576;232;2340;2351;9.82;0.60;205.54;3.31;764;10;767.00;11
1578;10;626609366;1578;232;2351;2364;9.68;0.59;205.46;3.31;773;10;768.00;13
1581;10;626609378;1581;235;2351;2364;9.66;0.59;205.53;3.31;770;10;769.00;13
1582;10;626609390;1582;229;2351;2364;9.61;0.59;205.49;3.31;769;10;770.00;13
1585;10;626609400;1585;229;2352;2365;9.58;0.58;205.45;3.31;767;10;771.00;13
1591;10;626609411;1591;223;2352;2366;9.51;0.58;205.35;3.31;761;10;772.00;14
1592;10;626609421;1592;222;2352;2366;9.49;0.58;205.51;3.31;760;10;773.00;14
1593;10;626609431;1593;216;2354;2369;9.45;0.57;205.60;3.31;761;10;774.00;15
1595;10;626609441;1595;215;2354;2369;9.40;0.57;205.65;3.31;759;10;775.00;15
1595;10;626609451;1595;217;2355;2369;9.39;0.57;205.65;3.31;760;10;776.00;14
1598;10;626609461;1598;219;2355;2369;9.33;0.57;206.15;3.31;757;10;777.00;14
1602;10;626609473;1602;219;2359;2375;9.29;0.57;206.26;3.30;757;10;778.00;16
1604;10;626609483;1604;218;2359;2375;9.36;0.57;206.51;3.30;755;10;779.00;16
1607;10;626609494;1607;207;2360;2375;9.33;0.57;206.59;3.30;753;10;780.00;15
1611;10;626609504;1611;207;2360;2375;9.31;0.57;206.63;3.30;749;10;781.00;15
1614;10;626609514;1614;199;2363;2379;9.28;0.57;206.80;3.30;749;10;782.00;16
1617;10;626609525;1617;200;2365;2380;9.32;0.57;206.74;3.32;748;10;783.00;15
1619;11;626609536;1619;191;2365;2380;9.33;0.57;206.72;3.32;746;11;784.00;15
1622;11;626609555;1622;181;2368;2381;9.38;0.57;206.62;3.33;746;11;785.00;13
1623;11;626609566;1623;175;2368;2381;9.40;0.57;206.53;3.33;745;11;786.00;13
1628;11;626609582;1628;174;2368;2381;9.39;0.57;206.80;3.33;740;11;787.00;13
1631;11;626609594;1631;172;2368;2381;9.40;0.57;206.72;3.33;737;11;788.00;13
1634;11;626609605;1634;169;2369;2381;9.45;0.58;206.65;3.36;735;11;789.00;12
1634;11;626609616;1634;170;2369;2381;9.51;0.58;206.65;3.36;735;11;790.00;12
1637;11;626609628;1637;166;2370;2381;9.46;0.58;206.50;3.39;733;11;791.00;11
1638;11;626609639;1638;174;2401;2451;9.52;0.58;206.44;3.35;763;11;792.00;50
1640;11;626609660;1640;172;2401;2452;9.45;0.58;206.35;3.35;761;11;793.00;51
1640;11;626609671;1640;170;2409;2452;9.44;0.58;206.35;3.34;769;11;794.00;43
1640;11;626609682;1640;177;2414;2452;9.52;0.58;206.35;3.34;774;11;795.00;38
1641;11;626609693;1641;177;2419;2452;9.62;0.59;206.33;3.34;778;11;796.00;33
1645;11;626609704;1645;185;2424;2452;9.71;0.59;206.07;3.38;779;11;797.00;28
1648;11;626609716;1648;181;2426;2452;9.77;0.60;205.89;3.38;778;11;798.00;26
1650;11;626609728;1650;186;2430;2452;9.65;0.59;205.76;3.38;780;11;799.00;22
1653;11;626609740;1653;189;2433;2453;9.63;0.59;205.60;3.42;780;11;800.00;20
1654;11;626609757;1654;187;2434;2454;9.63;0.59;205.57;3.41;780;11;801.00;20
1657;11;626609769;1657;191;2436;2454;9.56;0.58;205.32;3.45;779;11;802.00;18
1659;11;626609780;1659;194;2440;2458;9.48;0.58;205.29;3.45;781;11;803.00;18
1660;11;626609792;1660;199;2442;2458;9.38;0.57;205.30;3.49;782;11;804.00;16
1663;11;626609802;1663;200;2443;2458;9.27;0.56;205.13;3.49;780;11;805.00;15
1664;11;626609814;1664;208;2445;2458;9.12;0.56;205.05;3.53;781;11;806.00;13
1666;11;626609830;1666;217;2449;2464;9.04;0.55;205.08;3.52;783;11;807.00;15
1667;11;626609842;1667;229;2451;2464;8.94;0.55;205.01;3.56;784;11;808.00;13
1671;11;626609853;1671;235;2451;2464;8.86;0.54;204.86;3.56;780;11;809.00;13
1673;11;626609865;1673;240;2457;2470;8.90;0.54;204.78;3.57;784;11;810.00;13
1674;11;626609877;1674;252;2457;2470;8.91;0.54;204.67;3.57;783;11;811.00;13
1679;11;626609887;1679;257;2461;2470;8.85;0.54;204.52;3.62;782;11;812.00;9
1681;11;626609898;1681;265;2461;2471;8.80;0.54;204.39;3.62;780;11;813.00;10
1682;11;626609908;1682;264;2464;2472;8.77;0.54;204.36;3.62;782;11;814.00;8
1684;11;626609918;1684;271;2467;2472;8.71;0.53;204.18;3.67;783;11;815.00;5
1685;11;626609929;1685;278;2477;2485;8.61;0.53;204.14;3.65;792;11;816.00;8
1688;11;626609941;1688;287;2477;2485;8.56;0.52;204.03;3.65;789;11;817.00;8
1690;11;626609951;1690;293;2479;2485;8.51;0.52;204.02;3.67;789;11;818.00;6
1691;11;626609961;1691;304;2480;2486;8.46;0.52;204.02;3.67;789;11;819.00;6
1692;11;626609972;1692;310;2481;2486;8.39;0.51;203.92;3.68;789;11;820.00;5
1694;11;626609982;1694;316;2487;2490;8.34;0.51;203.81;3.68;793;11;821.00;3
1695;11;626609993;1695;317;2489;2490;8.32;0.51;203.75;3.68;794;11;822.00;1
1697;11;626610003;1697;320;2493;2494;8.26;0.51;203.71;3.68;796;11;823.00;1
1700;11;626610015;1700;326;2494;2494;8.17;0.50;203.76;3.68;794;11;824.00;0
1702;11;626610028;1702;332;2494;2494;8.06;0.49;203.60;3.68;792;11;825.00;0
1704;11;626610041;1704;338;2494;2494;7.88;0.48;203.49;3.68;790;11;826.00;0
1705;11;626610051;1705;326;2494;2494;7.75;0.48;203.47;3.68;789;11;827.00;0
1707;11;626610064;1707;324;2505;2506;7.76;0.48;203.63;3.67;798;11;828.00;1
1712;11;626610076;1712;320;2506;2506;7.69;0.47;203.51;3.66;794;11;829.00;0
1713;11;626610087;1713;317;2506;2506;7.71;0.47;203.55;3.66;793;11;830.00;0
1713;11;626610099;1713;305;2506;2506;7.71;0.47;203.55;3.66;793;11;831.00;0
1714;11;626610109;1714;305;2506;2506;7.81;0.48;203.61;3.66;792;11;832.00;0
1714;11;626610120;1714;292;2506;2506;7.89;0.48;203.61;3.66;792;11;833.00;0
1717;11;626610144;1717;288;2507;2507;7.95;0.48;203.53;3.66;790;11;834.00;0
1717;11;626610155;1717;285;2507;2507;8.08;0.49;203.53;3.66;790;11;835.00;0
1717;11;626610165;1717;288;2512;2513;8.21;0.50;203.53;3.66;795;11;836.00;1
1719;11;626610177;1719;288;2513;2514;8.29;0.50;203.56;3.66;794;11;837.00;1
1721;12;626610201;1721;284;2514;2514;8.37;0.51;203.40;3.66;793;12;838.00;0
1721;12;626610228;1721;282;2514;2514;8.40;0.51;203.40;3.66;793;12;839.00;0
1721;12;626610241;1721;285;2519;2519;8.46;0.51;203.40;3.65;798;12;840.00;0
1722;12;626610251;1722;290;2519;2519;8.45;0.51;203.35;3.65;797;12;841.00;0
1722;12;626610260;1722;294;2519;2519;8.40;0.51;203.35;3.65;797;12;842.00;0
1724;12;626610270;1724;292;2520;2520;8.30;0.51;203.52;3.65;796;12;843.00;0
1726;12;626610280;1726;285;2524;2524;8.19;0.50;203.51;3.64;798;12;844.00;0
1729;12;626610293;1729;285;2524;2524;8.03;0.49;203.57;3.64;795;12;845.00;0
1735;12;626610305;1735;291;2526;2527;7.92;0.48;203.67;3.64;791;12;846.00;1
1737;12;626610316;1737;293;2527;2527;7.83;0.48;203.88;3.64;790;12;847.00;0
1741;12;626610325;1741;292;2527;2527;7.69;0.47;204.23;3.64;786;12;848.00;0
1744;12;626610334;1744;302;2527;2527;7.54;0.46;204.78;3.64;783;12;849.00;0
1747;12;626610343;1747;289;2530;2531;7.56;0.46;205.08;3.64;783;12;850.00;1
1749;12;626610352;1749;279;2530;2531;7.56;0.46;205.29;3.64;781;12;851.00;1
1752;12;626610361;1752;278;2531;2531;7.56;0.46;205.39;3.64;779;12;852.00;0
1756;12;626610370;1756;274;2531;2531;7.61;0.46;205.79;3.64;775;12;853.00;0
1762;12;626610380;1762;269;2532;2532;7.63;0.47;206.24;3.64;770;12;854.00;0
1765;12;626610389;1765;260;2534;2534;7.72;0.47;206.51;3.63;769;12;855.00;0
1767;12;626610399;1767;258;2534;2534;7.82;0.48;206.82;3.63;767;12;856.00;0
1772;12;626610408;1772;252;2535;2535;7.97;0.49;207.04;3.63;763;12;857.00;0
1774;12;626610418;1774;240;2535;2535;8.19;0.50;207.30;3.63;761;12;858.00;0
1778;12;626610428;1778;228;2535;2535;8.28;0.50;207.52;3.63;757;12;859.00;0
1780;12;626610445;1780;223;2535;2535;8.41;0.51;207.58;3.63;755;12;860.00;0
1784;12;626610456;1784;217;2535;2535;8.46;0.51;208.04;3.63;751;12;861.00;0
1791;12;626610466;1791;211;2535;2535;8.49;0.52;208.21;3.63;744;12;862.00;0
1794;12;626610477;1794;200;2535;2535;8.48;0.52;208.50;3.63;741;12;863.00;0
1798;12;626610488;1798;211;2615;2662;8.63;0.53;208.82;3.52;817;12;864.00;47
1802;12;626610512;1802;214;2620;2663;8.65;0.53;209.08;3.52;818;12;865.00;43
1806;12;626610524;1806;204;2626;2663;8.81;0.54;209.29;3.51;820;12;866.00;37
1808;12;626610536;1808;208;2629;2663;8.93;0.55;209.24;3.51;821;12;867.00;34
1814;12;626610547;1814;200;2634;2663;9.01;0.55;209.51;3.51;820;12;868.00;29
1817;12;626610559;1817;202;2638;2663;9.04;0.56;209.62;3.52;821;12;869.00;25
1822;12;626610573;1822;197;2643;2663;9.09;0.56;209.95;3.52;821;12;870.00;20
1827;12;626610585;1827;203;2647;2663;9.01;0.55;210.31;3.53;820;12;871.00;16
1833;12;626610598;1833;201;2651;2664;9.02;0.55;210.53;3.53;818;12;872.00;13
1838;12;626610611;1838;205;2653;2665;8.95;0.55;210.70;3.53;815;12;873.00;12
1841;12;626610624;1841;215;2655;2665;8.91;0.55;210.87;3.54;814;12;874.00;10
1842;13;626610637;1842;219;2657;2666;8.92;0.55;211.01;3.54;815;13;875.00;9
1851;13;626610666;1851;229;2659;2666;8.97;0.55;211.70;3.55;808;13;876.00;7
1853;13;626610678;1853;229;2659;2666;8.98;0.55;211.85;3.55;806;13;877.00;7
1856;13;626610689;1856;227;2662;2666;9.07;0.56;211.94;3.56;806;13;878.00;4
1859;13;626610701;1859;228;2664;2670;9.00;0.55;212.03;3.56;805;13;879.00;6
1864;13;626610713;1864;235;2667;2670;9.04;0.56;212.07;3.57;803;13;880.00;3
1865;13;626610724;1865;230;2667;2670;9.11;0.56;212.03;3.57;802;13;881.00;3
1871;13;626610736;1871;227;2670;2673;9.17;0.56;212.33;3.56;799;13;882.00;3
1874;13;626610748;1874;224;2670;2673;9.15;0.56;212.28;3.56;796;13;883.00;3
1880;13;626610759;1880;227;2671;2673;9.16;0.56;212.27;3.57;791;13;884.00;2
1882;13;626610771;1882;228;2675;2677;9.17;0.56;212.48;3.56;793;13;885.00;2
1885;13;626610782;1885;228;2677;2678;9.23;0.57;212.44;3.56;792;13;886.00;1
1892;13;626610794;1892;225;2677;2678;9.17;0.56;212.31;3.56;785;13;887.00;1
1894;13;626610812;1894;226;2681;2682;9.22;0.57;212.57;3.56;787;13;888.00;1
1898;13;626610823;1898;228;2681;2682;9.25;0.57;212.79;3.56;783;13;889.00;1
1904;13;626610835;1904;229;2681;2682;9.30;0.57;212.85;3.56;777;13;890.00;1
1909;13;626610847;1909;237;2683;2683;9.29;0.57;213.07;3.56;774;13;891.00;0
1911;13;626610858;1911;235;2683;2683;9.32;0.57;213.07;3.56;772;13;892.00;0
1915;13;626610870;1915;241;2688;2689;9.26;0.57;212.99;3.56;773;13;893.00;1
1918;13;626610888;1918;239;2688;2689;9.20;0.56;213.12;3.56;770;13;894.00;1
1921;13;626610904;1921;239;2690;2690;9.15;0.56;213.23;3.56;769;13;895.00;0
1928;13;626610917;1928;243;2690;2690;9.06;0.55;213.42;3.56;762;13;896.00;0
1933;13;626610929;1933;235;2690;2690;8.98;0.55;213.51;3.56;757;13;897.00;0
1939;13;626610941;1939;222;2690;2690;8.87;0.54;214.18;3.56;751;13;898.00;0
1943;13;626610958;1943;221;2690;2690;8.79;0.54;214.23;3.56;747;13;899.00;0
1946;13;626610972;1946;228;2718;2736;8.66;0.53;214.41;3.52;772;13;900.00;18
1950;13;626610992;1950;222;2718;2736;8.63;0.53;214.67;3.52;768;13;901.00;18
1952;13;626611004;1952;217;2720;2736;8.65;0.53;214.67;3.52;768;13;902.00;16
1955;13;626611014;1955;221;2720;2736;8.66;0.53;214.75;3.52;765;13;903.00;16
1956;13;626611025;1956;219;2721;2736;8.71;0.53;214.80;3.52;765;13;904.00;15
1960;13;626611036;1960;221;2721;2736;8.71;0.53;215.00;3.52;761;13;905.00;15
1962;13;626611046;1962;206;2727;2740;8.71;0.53;215.08;3.52;765;13;906.00;13
1963;13;626611058;1963;200;2728;2740;8.76;0.54;215.07;3.52;765;13;907.00;12
1968;13;626611069;1968;192;2732;2744;8.85;0.54;215.08;3.52;764;13;908.00;12
1970;13;626611080;1970;193;2733;2745;8.87;0.54;215.36;3.52;763;13;909.00;12
1972;13;626611091;1972;189;2734;2745;8.89;0.55;215.32;3.52;762;13;910.00;11
1976;13;626611102;1976;190;2734;2745;8.95;0.55;215.68;3.52;758;13;911.00;11
1977;13;626611113;1977;190;2743;2758;9.08;0.56;215.65;3.51;766;13;912.00;15
1982;13;626611125;1982;185;2743;2758;9.10;0.56;215.92;3.51;761;13;913.00;15
1985;13;626611137;1985;189;2744;2758;9.12;0.56;216.03;3.51;759;13;914.00;14
1987;13;626611149;1987;190;2745;2759;9.22;0.56;215.98;3.51;758;13;915.00;14
1989;13;626611160;1989;188;2747;2760;9.22;0.56;216.02;3.52;758;13;916.00;13
1991;13;626611175;1991;183;2747;2760;9.25;0.57;216.16;3.52;756;13;917.00;13
1993;13;626611194;1993;186;2749;2763;9.32;0.57;216.26;3.51;756;13;918.00;14
1996;13;626611212;1996;181;2750;2763;9.30;0.57;216.31;3.52;754;13;919.00;13
1998;13;626611232;1998;176;2751;2763;9.28;0.57;216.28;3.53;753;13;920.00;12
1999;13;626611248;1999;174;2752;2763;9.30;0.57;216.34;3.53;753;13;921.00;11
2001;13;626611264;2001;173;2756;2769;9.30;0.57;216.40;3.53;755;13;922.00;13
2008;13;626611282;2008;162;2756;2769;9.38;0.57;216.31;3.53;748;13;923.00;13
2009;13;626611301;2009;160;2756;2769;9.49;0.58;216.47;3.53;747;13;924.00;13
2012;13;626611316;2012;158;2756;2769;9.55;0.58;216.48;3.53;744;13;925.00;13
2014;13;626611328;2014;164;2763;2773;9.55;0.58;216.42;3.54;749;13;926.00;10
2014;13;626611340;2014;159;2764;2774;9.58;0.58;216.42;3.54;750;13;927.00;10
2017;13;626611352;2017;163;2764;2774;9.49;0.58;216.46;3.54;747;13;928.00;10
2018;13;626611378;2018;169;2767;2775;9.48;0.58;216.45;3.56;749;13;929.00;8
2023;13;626611391;2023;176;2767;2775;9.39;0.57;216.34;3.56;744;13;930.00;8
2026;13;626611402;2026;178;2768;2775;9.36;0.57;216.51;3.56;742;13;931.00;7
2027;13;626611413;2027;188;2769;2775;9.29;0.56;216.78;3.57;742;13;932.00;6
2029;13;626611424;2029;194;2769;2775;9.27;0.56;216.86;3.57;740;13;933.00;6
2031;13;626611434;2031;203;2770;2775;9.19;0.56;216.85;3.57;739;13;934.00;5
2032;13;626611445;2032;207;2771;2775;9.08;0.55;216.88;3.57;739;13;935.00;4
2034;13;626611456;2034;229;2811;2845;8.94;0.54;216.81;3.52;777;13;936.00;34
2038;13;626611473;2038;230;2813;2846;8.91;0.54;216.83;3.53;775;13;937.00;33
2040;13;626611484;2040;234;2819;2846;8.97;0.55;216.75;3.53;779;13;938.00;27
2042;13;626611495;2042;240;2822;2846;8.96;0.55;216.68;3.52;780;13;939.00;24
2043;13;626611506;2043;242;2825;2846;8.96;0.55;216.67;3.52;782;13;940.00;21
2044;13;626611516;2044;237;2828;2846;8.94;0.55;216.74;3.53;784;13;941.00;18
2044;13;626611527;2044;244;2830;2846;9.00;0.55;216.74;3.53;786;13;942.00;16
2045;13;626611536;2045;239;2832;2846;9.02;0.55;216.83;3.53;787;13;943.00;14
2046;14;626611547;2046;238;2835;2847;9.04;0.55;216.77;3.54;789;14;944.00;12
2050;14;626611578;2050;241;2838;2849;8.99;0.55;216.97;3.53;788;14;945.00;11
2051;14;626611593;2051;241;2839;2849;9.00;0.55;217.06;3.54;788;14;946.00;10
2055;14;626611612;2055;234;2843;2853;8.92;0.55;217.19;3.54;788;14;947.00;10
2062;14;626611625;2062;231;2844;2853;8.87;0.54;217.27;3.54;782;14;948.00;9
2066;14;626611638;2066;227;2844;2853;8.81;0.54;217.36;3.54;778;14;949.00;9
2071;14;626611653;2071;230;2844;2853;8.75;0.53;217.18;3.54;773;14;950.00;9
2071;14;626611667;2071;223;2847;2859;8.75;0.53;217.18;3.53;776;14;951.00;12
2076;14;626611679;2076;214;2848;2859;8.69;0.53;217.20;3.53;772;14;952.00;11
2081;14;626611690;2081;202;2849;2859;8.49;0.52;216.99;3.55;768;14;953.00;10
2083;14;626611706;2083;197;2851;2862;8.39;0.51;216.98;3.55;768;14;954.00;11
2087;14;626611724;2087;191;2853;2862;8.31;0.51;216.95;3.56;766;14;955.00;9
2095;14;626611744;2095;192;2854;2862;8.25;0.50;216.82;3.56;759;14;956.00;8
2098;14;626611758;2098;193;2854;2863;8.25;0.50;216.77;3.56;756;14;957.00;9
2103;14;626611769;2103;195;2855;2864;8.19;0.50;216.61;3.55;752;14;958.00;9
2107;14;626611779;2107;190;2855;2864;8.19;0.50;216.47;3.55;748;14;959.00;9
2108;14;626611791;2108;196;2870;2890;8.17;0.50;216.38;3.54;762;14;960.00;20
2110;14;626611803;2110;191;2871;2890;8.20;0.50;216.36;3.54;761;14;961.00;19
2113;14;626611815;2113;194;2873;2890;8.31;0.50;216.31;3.53;760;14;962.00;17
2116;14;626611826;2116;199;2874;2891;8.38;0.51;216.08;3.53;758;14;963.00;17
2118;14;626611838;2118;198;2874;2891;8.47;0.52;216.05;3.53;756;14;964.00;17
2120;14;626611849;2120;198;2876;2895;8.55;0.52;215.93;3.53;756;14;965.00;19
2123;14;626611865;2123;205;2878;2895;8.55;0.52;216.16;3.55;755;14;966.00;17
2125;14;626611879;2125;208;2881;2899;8.54;0.52;216.04;3.55;756;14;967.00;18
2128;14;626611889;2128;212;2881;2899;8.54;0.52;215.86;3.55;753;14;968.00;18
2129;14;626611900;2129;218;2881;2899;8.52;0.52;215.80;3.55;752;14;969.00;18
2130;14;626611914;2130;225;2884;2899;8.47;0.52;215.81;3.58;754;14;970.00;15
2131;14;626611930;2131;225;2884;2899;8.47;0.52;215.86;3.58;753;14;971.00;15
2133;14;626611944;2133;227;2895;2911;8.45;0.52;215.78;3.59;762;14;972.00;16
2136;14;626611956;2136;229;2896;2911;8.40;0.51;215.71;3.59;760;14;973.00;15
2137;14;626611968;2137;231;2897;2911;8.41;0.51;215.69;3.59;760;14;974.00;14
2138;14;626611978;2138;234;2899;2911;8.41;0.51;215.71;3.60;761;14;975.00;12
2139;14;626611989;2139;240;2899;2911;8.42;0.51;215.72;3.60;760;14;976.00;12
2141;14;626611999;2141;244;2899;2911;8.41;0.51;215.79;3.60;758;14;977.00;12
2143;14;626612010;2143;246;2900;2912;8.42;0.52;215.71;3.60;757;14;978.00;12
2143;14;626612020;2143;241;2900;2912;8.42;0.52;215.71;3.60;757;14;979.00;12
2146;14;626612031;2146;233;2907;2918;8.50;0.52;215.70;3.63;761;14;980.00;11
2147;14;626612043;2147;232;2909;2919;8.54;0.52;215.72;3.64;762;14;981.00;10
2147;14;626612054;2147;228;2910;2919;8.61;0.53;215.72;3.64;763;14;982.00;9
2148;14;626612066;2148;226;2912;2919;8.62;0.53;215.67;3.65;764;14;983.00;7
2153;15;626612078;2153;225;2916;2923;8.66;0.53;215.76;3.65;763;15;984.00;7
2154;15;626612102;2154;220;2916;2923;8.70;0.53;215.66;3.65;762;15;985.00;7
2156;15;626612113;2156;217;2918;2923;8.73;0.53;215.51;3.66;762;15;986.00;5
2158;15;626612123;2158;219;2919;2924;8.78;0.53;215.58;3.66;761;15;987.00;5
2159;16;626612133;2159;224;2924;2928;8.75;0.53;215.60;3.66;765;16;988.00;4
2163;16;626612164;2163;222;2924;2928;8.77;0.53;215.38;3.66;761;16;989.00;4
2163;16;626612175;2163;227;2929;2934;8.82;0.54;215.38;3.66;766;16;990.00;5
2164;16;626612196;2164;225;2929;2934;8.83;0.54;215.41;3.66;765;16;991.00;5
2166;16;626612206;2166;226;2930;2934;8.85;0.54;215.40;3.66;764;16;992.00;4
2167;16;626612216;2167;226;2931;2934;8.93;0.55;215.42;3.66;764;16;993.00;3
2170;16;626612227;2170;229;2933;2938;8.95;0.55;215.44;3.66;763;16;994.00;5
2170;16;626612238;2170;234;2934;2938;8.93;0.54;215.44;3.66;764;16;995.00;4
2170;16;626612249;2170;239;2934;2938;8.85;0.54;215.44;3.66;764;16;996.00;4
2173;16;626612264;2173;246;2935;2938;8.72;0.53;215.45;3.66;762;16;997.00;3
2173;16;626612273;2173;249;2936;2939;8.63;0.53;215.45;3.66;763;16;998.00;3
2175;16;626612283;2175;244;2938;2940;8.55;0.52;215.44;3.66;763;16;999.00;2
2178;16;626612294;2178;244;2938;2940;8.44;0.51;215.52;3.66;760;16;1000.00;2
2180;16;626612312;2180;241;2939;2941;8.38;0.51;215.48;3.66;759;16;1001.00;2
2180;16;626612322;2180;241;2939;2941;8.34;0.51;215.48;3.66;759;16;1002.00;2
2183;16;626612332;2183;243;2939;2941;8.32;0.51;215.60;3.66;756;16;1003.00;2
2185;16;626612342;2185;243;2939;2941;8.35;0.51;215.60;3.66;754;16;1004.00;2
2187;16;626612352;2187;239;2939;2941;8.34;0.51;215.79;3.66;752;16;1005.00;2
2189;16;626612368;2189;246;2939;2941;8.32;0.51;215.97;3.66;750;16;1006.00;2
2190;16;626612377;2190;244;2939;2941;8.35;0.51;215.97;3.66;749;16;1007.00;2
2194;16;626612386;2194;267;3011;3068;8.39;0.52;216.07;3.57;817;16;1008.00;57
2198;16;626612407;2198;264;3013;3069;8.38;0.52;216.46;3.57;815;16;1009.00;56
2202;16;626612417;2202;255;3020;3069;8.46;0.52;216.47;3.56;818;16;1010.00;49
2204;16;626612428;2204;250;3028;3069;8.47;0.52;216.72;3.56;824;16;1011.00;41
2206;16;626612438;2206;249;3035;3069;8.40;0.52;216.87;3.56;829;16;1012.00;34
2209;16;626612449;2209;246;3040;3069;8.33;0.51;216.94;3.57;831;16;1013.00;29
2212;16;626612459;2212;246;3044;3069;8.28;0.51;217.23;3.57;832;16;1014.00;25
2218;16;626612470;2218;246;3046;3069;8.23;0.51;217.30;3.57;828;16;1015.00;23
2221;16;626612480;2221;251;3051;3070;8.22;0.51;217.62;3.58;830;16;1016.00;19
2227;16;626612491;2227;254;3054;3071;8.11;0.50;217.87;3.58;827;16;1017.00;17
2231;16;626612503;2231;256;3056;3071;8.05;0.49;218.03;3.59;825;16;1018.00;15
2234;16;626612513;2234;266;3058;3072;7.92;0.49;218.27;3.59;824;16;1019.00;14
2240;16;626612526;2240;255;3061;3072;7.82;0.48;218.64;3.60;821;16;1020.00;11
2242;16;626612537;2242;255;3062;3072;7.81;0.48;218.66;3.60;820;16;1021.00;10
2247;16;626612548;2247;244;3064;3072;7.78;0.48;218.84;3.61;817;16;1022.00;8
2251;16;626612559;2251;247;3067;3076;7.83;0.48;219.07;3.60;816;16;1023.00;9
2254;16;626612578;2254;248;3069;3076;7.92;0.49;219.25;3.61;815;16;1024.00;7
2260;16;626612589;2260;249;3070;3076;7.97;0.49;219.58;3.61;810;16;1025.00;6
2263;16;626612601;2263;250;3073;3079;8.02;0.49;219.63;3.61;810;16;1026.00;6
2267;16;626612613;2267;238;3074;3079;8.08;0.49;219.78;3.62;807;16;1027.00;5
2269;16;626612624;2269;228;3075;3079;8.15;0.50;220.03;3.62;806;16;1028.00;4
2273;16;626612636;2273;224;3079;3083;8.22;0.50;220.46;3.61;806;16;1029.00;4
2277;16;626612648;2277;221;3080;3084;8.36;0.51;220.61;3.61;803;16;1030.00;4
2279;16;626612661;2279;220;3080;3084;8.50;0.52;220.82;3.61;801;16;1031.00;4
2283;16;626612673;2283;219;3084;3088;8.57;0.52;220.91;3.61;801;16;1032.00;4
2286;16;626612687;2286;209;3084;3088;8.59;0.52;221.09;3.61;798;16;1033.00;4
2292;16;626612700;2292;205;3084;3088;8.57;0.52;221.51;3.61;792;16;1034.00;4
2296;16;626612714;2296;206;3086;3090;8.63;0.53;221.58;3.60;790;16;1035.00;4
2300;16;626612727;2300;207;3086;3090;8.67;0.53;221.95;3.60;786;16;1036.00;4
2305;16;626612741;2305;207;3091;3096;8.78;0.54;222.15;3.60;786;16;1037.00;5
2307;16;626612760;2307;204;3092;3096;8.87;0.54;222.26;3.60;785;16;1038.00;4
2313;16;626612777;2313;199;3093;3097;8.88;0.54;222.24;3.60;780;16;1039.00;4
2317;16;626612794;2317;195;3093;3097;8.91;0.55;222.61;3.60;776;16;1040.00;4
2322;16;626612806;2322;191;3093;3097;8.96;0.55;222.71;3.60;771;16;1041.00;4
2324;16;626612818;2324;185;3093;3097;9.06;0.55;222.66;3.60;769;16;1042.00;4
2327;16;626612829;2327;187;3093;3097;9.17;0.56;222.78;3.60;766;16;1043.00;4
2331;16;626612841;2331;183;3103;3109;9.33;0.57;222.95;3.59;772;16;1044.00;6
2334;16;626612854;2334;180;3103;3109;9.47;0.58;223.03;3.59;769;16;1045.00;6
2341;16;626612865;2341;185;3105;3109;9.51;0.58;223.34;3.59;764;16;1046.00;4
2345;16;626612877;2345;192;3105;3109;9.58;0.58;223.32;3.59;760;16;1047.00;4
2349;16;626612889;2349;193;3105;3109;9.63;0.59;223.54;3.59;756;16;1048.00;4
2353;16;626612900;2353;197;3105;3109;9.66;0.59;223.55;3.59;752;16;1049.00;4
2358;16;626612915;2358;200;3110;3115;9.62;0.59;223.86;3.58;752;16;1050.00;5
2363;16;626612931;2363;194;3110;3115;9.62;0.59;223.82;3.58;747;16;1051.00;5
2369;16;626612944;2369;196;3114;3119;9.64;0.59;223.99;3.58;745;16;1052.00;5
2373;16;626612957;2373;194;3116;3120;9.71;0.59;224.15;3.58;743;16;1053.00;4
2379;16;626612970;2379;193;3116;3120;9.72;0.59;224.09;3.58;737;16;1054.00;4
2382;16;626612982;2382;191;3117;3120;9.77;0.60;224.23;3.61;735;16;1055.00;3
2384;16;626612994;2384;195;3130;3133;9.85;0.60;224.39;3.59;746;16;1056.00;3
2393;16;626613012;2393;196;3130;3133;9.84;0.60;224.31;3.59;737;16;1057.00;3
2397;16;626613024;2397;195;3130;3133;9.82;0.60;224.52;3.59;733;16;1058.00;3
2403;16;626613042;2403;199;3131;3134;9.83;0.60;224.43;3.59;728;16;1059.00;3
2405;16;626613054;2405;196;3132;3135;9.85;0.60;224.49;3.59;727;16;1060.00;3
2406;16;626613065;2406;195;3132;3135;9.87;0.60;224.49;3.59;726;16;1061.00;3
2409;16;626613077;2409;192;3134;3138;9.80;0.59;224.33;3.59;725;16;1062.00;4
2412;16;626613089;2412;200;3135;3138;9.75;0.59;224.40;3.59;723;16;1063.00;3
2416;16;626613102;2416;198;3135;3138;9.61;0.58;224.44;3.59;719;16;1064.00;3
2419;16;626613113;2419;200;3135;3138;9.45;0.57;224.56;3.59;716;16;1065.00;3
2423;16;626613124;2423;204;3140;3144;9.40;0.57;224.46;3.58;717;16;1066.00;4
2424;16;626613136;2424;200;3140;3144;9.30;0.56;224.42;3.58;716;16;1067.00;4
2425;16;626613148;2425;194;3141;3144;9.18;0.56;224.46;3.58;716;16;1068.00;3
2427;16;626613159;2427;195;3141;3144;9.10;0.55;224.50;3.58;714;16;1069.00;3
2429;16;626613170;2429;198;3146;3148;9.04;0.55;224.60;3.61;717;16;1070.00;2
2431;16;626613181;2431;194;3147;3149;9.03;0.55;224.60;3.61;716;16;1071.00;2
2431;16;626613193;2431;194;3147;3149;9.05;0.55;224.60;3.61;716;16;1072.00;2
2432;16;626613210;2432;190;3149;3150;9.07;0.55;224.59;3.63;717;16;1073.00;1
2438;16;626613228;2438;194;3149;3150;9.08;0.55;225.10;3.63;711;16;1074.00;1
2439;16;626613247;2439;193;3149;3150;9.09;0.55;225.08;3.63;710;16;1075.00;1
2444;16;626613263;2444;187;3149;3150;9.12;0.55;225.17;3.63;705;16;1076.00;1
2448;16;626613279;2448;173;3150;3150;9.21;0.56;225.24;3.65;702;16;1077.00;0
2451;16;626613297;2451;167;3150;3150;9.25;0.56;225.27;3.65;699;16;1078.00;0
2455;16;626613314;2455;160;3150;3150;9.32;0.57;225.35;3.65;695;16;1079.00;0
2456;16;626613329;2456;179;3225;3275;9.34;0.57;225.45;3.57;769;16;1080.00;50
2459;16;626613354;2459;171;3230;3276;9.38;0.58;225.50;3.56;771;16;1081.00;46
2463;16;626613368;2463;157;3236;3276;9.51;0.58;225.53;3.56;773;16;1082.00;40
2465;16;626613392;2465;156;3240;3276;9.52;0.58;225.70;3.56;775;16;1083.00;36
2468;16;626613405;2468;155;3246;3276;9.59;0.59;225.76;3.56;778;16;1084.00;30
2471;16;626613424;2471;152;3250;3276;9.58;0.59;225.74;3.56;779;16;1085.00;26
2473;16;626613443;2473;154;3253;3276;9.52;0.58;225.93;3.56;780;16;1086.00;23
2477;16;626613457;2477;146;3254;3276;9.44;0.58;225.96;3.56;777;16;1087.00;22
2478;16;626613474;2478;152;3258;3277;9.41;0.58;225.98;3.57;780;16;1088.00;19
2478;16;626613489;2478;156;3259;3278;9.40;0.58;225.98;3.57;781;16;1089.00;19
2480;16;626613502;2480;151;3261;3278;9.32;0.57;225.86;3.57;781;16;1090.00;17
2481;16;626613517;2481;155;3266;3282;9.24;0.57;225.99;3.57;785;16;1091.00;16
2485;16;626613531;2485;160;3267;3282;9.14;0.56;225.96;3.57;782;16;1092.00;15
2486;16;626613547;2486;166;3268;3282;9.11;0.56;226.05;3.57;782;16;1093.00;14
2489;16;626613564;2489;172;3269;3282;9.06;0.55;226.08;3.58;780;16;1094.00;13
2491;16;626613576;2491;179;3273;3288;9.02;0.55;226.16;3.58;782;16;1095.00;15
2492;16;626613589;2492;183;3274;3288;9.04;0.55;226.16;3.58;782;16;1096.00;14
2495;16;626613601;2495;188;3275;3288;8.96;0.55;226.19;3.58;780;16;1097.00;13
2496;16;626613614;2496;198;3277;3291;8.90;0.54;226.13;3.58;781;16;1098.00;14
2498;16;626613627;2498;198;3278;3291;8.88;0.54;226.23;3.58;780;16;1099.00;13
2500;16;626613641;2500;203;3278;3291;8.81;0.54;226.17;3.58;778;16;1100.00;13
2501;16;626613659;2501;207;3279;3292;8.77;0.54;226.14;3.58;778;16;1101.00;13
2503;16;626613672;2503;217;3280;3293;8.77;0.54;226.06;3.58;777;16;1102.00;13
2504;16;626613684;2504;222;3280;3293;8.82;0.54;226.06;3.58;776;16;1103.00;13
2508;16;626613697;2508;234;3290;3306;8.80;0.54;225.87;3.57;782;16;1104.00;16
2510;16;626613710;2510;237;3290;3306;8.78;0.54;225.75;3.57;780;16;1105.00;16
2516;16;626613722;2516;241;3291;3306;8.72;0.53;225.69;3.57;775;16;1106.00;15
2516;16;626613734;2516;247;3292;3307;8.75;0.54;225.69;3.57;776;16;1107.00;15
2517;16;626613754;2517;251;3292;3307;8.64;0.53;225.67;3.57;775;16;1108.00;15
2518;16;626613764;2518;259;3295;3311;8.58;0.53;225.62;3.57;777;16;1109.00;16
2519;16;626613779;2519;254;3295;3311;8.57;0.53;225.54;3.57;776;16;1110.00;16
2521;16;626613791;2521;251;3299;3315;8.63;0.53;225.52;3.57;778;16;1111.00;16
2522;16;626613802;2522;250;3299;3315;8.66;0.53;225.59;3.57;777;16;1112.00;16
2526;16;626613822;2526;244;3299;3315;8.65;0.53;225.48;3.57;773;16;1113.00;16
2530;16;626613834;2530;242;3299;3315;8.67;0.53;225.42;3.57;769;16;1114.00;16
2538;16;626613846;2538;244;3300;3315;8.63;0.53;225.34;3.58;762;16;1115.00;15
2540;16;626613858;2540;238;3310;3327;8.71;0.53;225.19;3.56;770;16;1116.00;17
2542;16;626613870;2542;242;3311;3327;8.66;0.53;225.38;3.57;769;16;1117.00;16
2544;16;626613881;2544;243;3313;3327;8.67;0.53;225.38;3.58;769;16;1118.00;14
2546;16;626613894;2546;243;3313;3327;8.62;0.53;225.36;3.58;767;16;1119.00;14
2548;16;626613908;2548;244;3314;3327;8.56;0.53;225.32;3.60;766;16;1120.00;13
2551;16;626613920;2551;241;3314;3327;8.47;0.52;225.42;3.60;763;16;1121.00;13
2552;16;626613933;2552;240;3314;3328;8.46;0.52;225.52;3.60;762;16;1122.00;14
2556;16;626613946;2556;232;3316;3328;8.40;0.51;225.60;3.61;760;16;1123.00;12
2560;16;626613957;2560;229;3320;3334;8.40;0.51;225.55;3.61;760;16;1124.00;14
2562;16;626613979;2562;226;3324;3336;8.37;0.51;225.55;3.62;762;16;1125.00;12
2563;16;626613992;2563;220;3326;3336;8.40;0.51;225.56;3.63;763;16;1126.00;10
2564;16;626614005;2564;223;3326;3336;8.33;0.51;225.54;3.63;762;16;1127.00;10
2569;16;626614017;2569;222;3330;3340;8.31;0.51;225.51;3.64;761;16;1128.00;10
2570;16;626614030;2570;216;3330;3340;8.36;0.51;225.60;3.64;760;16;1129.00;10
2571;16;626614041;2571;218;3331;3340;8.39;0.51;225.58;3.66;760;16;1130.00;9
2573;16;626614053;2573;206;3332;3341;8.53;0.52;225.52;3.65;759;16;1131.00;9
2574;16;626614066;2574;188;3335;3345;8.59;0.52;225.49;3.65;761;16;1132.00;10
2575;16;626614079;2575;185;3336;3345;8.64;0.52;225.45;3.67;761;16;1133.00;9
2576;16;626614092;2576;178;3338;3348;8.80;0.53;225.38;3.66;762;16;1134.00;10
2577;16;626614105;2577;172;3340;3348;8.89;0.54;225.39;3.68;763;16;1135.00;8
2580;16;626614120;2580;167;3340;3348;9.00;0.55;225.33;3.68;760;16;1136.00;8
2582;16;626614133;2582;160;3341;3348;9.07;0.55;225.30;3.70;759;16;1137.00;7
2584;16;626614146;2584;154;3344;3352;9.18;0.56;225.19;3.69;760;16;1138.00;8
2586;16;626614157;2586;152;3344;3352;9.31;0.56;225.13;3.69;758;16;1139.00;8
2588;16;626614168;2588;151;3345;3352;9.44;0.57;225.04;3.69;757;16;1140.00;7
2588;16;626614179;2588;149;3345;3352;9.51;0.58;225.04;3.69;757;16;1141.00;7
2589;16;626614190;2589;146;3345;3353;9.60;0.58;225.00;3.69;756;16;1142.00;8
2591;16;626614202;2591;147;3346;3354;9.66;0.58;225.08;3.69;755;16;1143.00;8
2591;16;626614213;2591;147;3346;3354;9.65;0.59;225.08;3.69;755;16;1144.00;8
2593;16;626614231;2593;150;3347;3355;9.68;0.59;225.02;3.69;754;16;1145.00;8
2595;16;626614242;2595;151;3347;3355;9.74;0.59;224.96;3.69;752;16;1146.00;8
2597;16;626614253;2597;152;3347;3355;9.85;0.60;224.94;3.69;750;16;1147.00;8
2598;16;626614263;2598;154;3347;3355;9.87;0.60;224.92;3.69;749;16;1148.00;8
2598;16;626614274;2598;158;3347;3355;9.94;0.60;224.92;3.69;749;16;1149.00;8
2598;16;626614284;2598;159;3349;3355;10.02;0.61;224.92;3.71;751;16;1150.00;6
2602;16;626614294;2602;166;3349;3355;10.06;0.61;224.94;3.71;747;16;1151.00;6
2604;16;626614304;2604;184;3418;3482;10.04;0.62;224.90;3.65;814;16;1152.00;64
2605;16;626614324;2605;180;3419;3483;9.99;0.61;225.06;3.65;814;16;1153.00;64
2607;16;626614335;2607;174;3426;3483;10.05;0.62;224.97;3.64;819;16;1154.00;57
2609;16;626614348;2609;173;3435;3483;10.05;0.62;224.99;3.65;826;16;1155.00;48
2613;16;626614364;2613;174;3441;3483;10.02;0.62;225.26;3.65;828;16;1156.00;42
2614;16;626614377;2614;169;3448;3483;10.01;0.62;225.38;3.67;834;16;1157.00;35
2617;16;626614394;2617;175;3452;3483;9.98;0.61;225.47;3.67;835;16;1158.00;31
2622;16;626614404;2622;175;3456;3483;9.91;0.61;225.55;3.68;834;16;1159.00;27
2622;16;626614415;2622;179;3460;3484;9.93;0.61;225.55;3.68;838;16;1160.00;24
2626;16;626614425;2626;182;3464;3485;9.87;0.61;225.57;3.70;838;16;1161.00;21
2629;16;626614437;2629;185;3467;3485;9.78;0.60;225.91;3.70;838;16;1162.00;18
2629;16;626614447;2629;189;3468;3486;9.73;0.60;225.91;3.70;839;16;1163.00;18
2633;16;626614458;2633;198;3472;3486;9.70;0.60;226.01;3.71;839;16;1164.00;14
2635;16;626614469;2635;207;3474;3486;9.56;0.59;226.09;3.72;839;16;1165.00;12
2639;16;626614479;2639;213;3476;3486;9.41;0.58;226.16;3.73;837;16;1166.00;10
2646;16;626614489;2646;223;3481;3490;9.19;0.56;226.33;3.73;835;16;1167.00;9
2648;16;626614501;2648;233;3482;3490;8.99;0.55;226.39;3.74;834;16;1168.00;8
2650;16;626614511;2650;239;3484;3490;8.80;0.54;226.51;3.74;834;16;1169.00;6
2651;16;626614523;2651;241;3488;3496;8.71;0.53;226.49;3.74;837;16;1170.00;8
2654;16;626614534;2654;240;3488;3496;8.63;0.53;226.65;3.74;834;16;1171.00;8
2656;16;626614545;2656;243;3491;3496;8.63;0.53;226.79;3.75;835;16;1172.00;5
2658;16;626614555;2658;239;3495;3500;8.59;0.53;226.73;3.75;837;16;1173.00;5
2659;16;626614566;2659;246;3498;3501;8.61;0.53;226.83;3.75;839;16;1174.00;3
2661;16;626614576;2661;252;3498;3501;8.58;0.53;226.91;3.75;837;16;1175.00;3
2663;16;626614586;2663;256;3503;3505;8.63;0.53;226.93;3.74;840;16;1176.00;2
2666;17;626614597;2666;251;3503;3505;8.64;0.53;227.07;3.74;837;17;1177.00;2
2667;17;626614619;2667;249;3504;3505;8.63;0.53;227.19;3.75;837;17;1178.00;1
2668;17;626614630;2668;248;3505;3506;8.61;0.53;227.29;3.74;837;17;1179.00;1
2671;17;626614640;2671;249;3505;3506;8.56;0.52;227.29;3.74;834;17;1180.00;1
2673;18;626614651;2673;249;3510;3512;8.57;0.52;227.36;3.74;837;18;1181.00;2
2678;18;626614678;2678;250;3510;3512;8.47;0.52;227.46;3.74;832;18;1182.00;2
2682;18;626614688;2682;258;3512;3513;8.43;0.51;227.76;3.74;830;18;1183.00;1
2689;18;626614699;2689;255;3512;3513;8.36;0.51;227.94;3.74;823;18;1184.00;1
2690;18;626614709;2690;249;3512;3513;8.35;0.51;227.92;3.74;822;18;1185.00;1
2697;18;626614719;2697;255;3512;3513;8.21;0.50;228.08;3.74;815;18;1186.00;1
2699;18;626614729;2699;254;3512;3513;8.15;0.50;228.08;3.74;813;18;1187.00;1
2705;18;626614739;2705;253;3523;3525;8.07;0.49;228.47;3.73;818;18;1188.00;2
2710;18;626614750;2710;253;3523;3525;7.94;0.49;228.71;3.73;813;18;1189.00;2
2714;18;626614760;2714;243;3524;3525;7.89;0.48;228.80;3.73;810;18;1190.00;1
2719;18;626614771;2719;238;3524;3525;7.85;0.48;229.21;3.73;805;18;1191.00;1
2723;18;626614781;2723;233;3524;3525;7.81;0.48;229.36;3.73;801;18;1192.00;1
2725;18;626614790;2725;227;3524;3525;7.79;0.48;229.45;3.73;799;18;1193.00;1
2730;18;626614800;2730;226;3528;3529;7.76;0.48;229.81;3.72;798;18;1194.00;1
2736;18;626614810;2736;225;3528;3529;7.78;0.48;229.99;3.72;792;18;1195.00;1
2740;18;626614821;2740;229;3531;3533;7.83;0.48;230.16;3.72;791;18;1196.00;2
2742;18;626614831;2742;225;3532;3534;7.95;0.49;230.17;3.72;790;18;1197.00;2
2745;18;626614841;2745;219;3533;3534;8.04;0.49;230.20;3.72;788;18;1198.00;1
2749;18;626614855;2749;210;3533;3534;8.09;0.50;230.24;3.72;784;18;1199.00;1
2751;18;626614870;2751;214;3555;3575;8.08;0.50;230.16;3.70;804;18;1200.00;20
2754;18;626614893;2754;202;3557;3575;8.09;0.50;230.23;3.70;803;18;1201.00;18
2760;18;626614907;2760;207;3561;3575;8.08;0.50;230.39;3.69;801;18;1202.00;14
2762;18;626614919;2762;204;3563;3576;8.18;0.50;230.33;3.69;801;18;1203.00;13
2765;18;626614929;2765;206;3565;3577;8.27;0.51;230.36;3.69;800;18;1204.00;12
2770;18;626614940;2770;207;3567;3577;8.37;0.51;230.38;3.69;797;18;1205.00;10
2773;18;626614951;2773;202;3569;3580;8.47;0.52;230.49;3.69;796;18;1206.00;11
2778;18;626614961;2778;197;3569;3580;8.53;0.52;230.46;3.69;791;18;1207.00;11
2783;18;626614972;2783;188;3571;3580;8.58;0.52;230.43;3.69;788;18;1208.00;9
2789;18;626614984;2789;187;3571;3580;8.61;0.53;230.63;3.69;782;18;1209.00;9
2791;19;626614994;2791;188;3575;3586;8.66;0.53;230.63;3.69;784;19;1210.00;11
2794;19;626615017;2794;188;3578;3586;8.60;0.53;230.78;3.69;784;19;1211.00;8
2799;19;626615028;2799;186;3578;3586;8.63;0.53;230.87;3.69;779;19;1212.00;8
2802;19;626615039;2802;186;3579;3586;8.68;0.53;230.90;3.69;777;19;1213.00;7
2809;19;626615050;2809;182;3583;3590;8.70;0.53;230.83;3.69;774;19;1214.00;7
2814;19;626615066;2814;182;3585;3592;8.73;0.53;231.07;3.69;771;19;1215.00;7
2815;19;626615078;2815;182;3585;3592;8.82;0.54;231.07;3.69;770;19;1216.00;7
2819;19;626615089;2819;188;3588;3593;8.86;0.54;231.19;3.71;769;19;1217.00;5
2822;19;626615101;2822;189;3588;3593;8.86;0.54;231.39;3.71;766;19;1218.00;5
2825;19;626615112;2825;187;3588;3593;8.90;0.54;231.42;3.71;763;19;1219.00;5
2829;19;626615123;2829;184;3588;3593;8.84;0.54;231.62;3.71;759;19;1220.00;5
2834;19;626615140;2834;188;3588;3593;8.79;0.54;231.77;3.71;754;19;1221.00;5
2838;19;626615150;2838;198;3588;3593;8.73;0.53;232.07;3.71;750;19;1222.00;5
2842;19;626615161;2842;197;3589;3593;8.74;0.53;231.96;3.71;747;19;1223.00;4
2851;19;626615177;2851;215;3628;3663;8.58;0.53;232.07;3.67;777;19;1224.00;35
2855;19;626615194;2855;218;3630;3664;8.61;0.53;232.35;3.67;775;19;1225.00;34
2860;19;626615211;2860;213;3635;3664;8.72;0.53;232.48;3.67;775;19;1226.00;29
2865;19;626615228;2865;215;3637;3664;8.78;0.54;232.63;3.67;772;19;1227.00;27
2869;19;626615249;2869;218;3639;3666;8.81;0.54;232.58;3.67;770;19;1228.00;27
2873;19;626615267;2873;226;3643;3666;8.84;0.54;232.63;3.68;770;19;1229.00;23
2877;19;626615286;2877;224;3647;3666;8.79;0.54;232.89;3.69;770;19;1230.00;19
2881;19;626615302;2881;233;3649;3666;8.74;0.54;232.85;3.69;768;19;1231.00;17
2888;19;626615320;2888;239;3653;3667;8.65;0.53;233.06;3.69;765;19;1232.00;14
2896;19;626615334;2896;247;3655;3668;8.56;0.52;233.18;3.69;759;19;1233.00;13
2900;19;626615347;2900;257;3657;3668;8.45;0.52;233.23;3.70;757;19;1234.00;11
2902;19;626615360;2902;269;3664;3672;8.30;0.51;233.33;3.71;762;19;1235.00;8
2907;19;626615372;2907;273;3668;3672;8.08;0.49;233.31;3.72;761;19;1236.00;4
2908;19;626615384;2908;267;3668;3672;8.04;0.49;233.31;3.72;760;19;1237.00;4
2912;19;626615396;2912;267;3668;3672;8.03;0.49;233.47;3.72;756;19;1238.00;4
2914;19;626615409;2914;265;3675;3678;8.03;0.49;233.42;3.71;761;19;1239.00;3
2915;19;626615421;2915;261;3675;3678;8.12;0.50;233.44;3.71;760;19;1240.00;3
2919;19;626615432;2919;261;3677;3678;8.19;0.50;233.36;3.72;758;19;1241.00;1
2921;19;626615444;2921;258;3680;3681;8.28;0.51;233.38;3.72;759;19;1242.00;1
2922;19;626615456;2922;265;3680;3681;8.36;0.51;233.52;3.72;758;19;1243.00;1
2926;19;626615468;2926;261;3680;3681;8.35;0.51;233.74;3.72;754;19;1244.00;1
2931;19;626615479;2931;264;3681;3682;8.28;0.51;233.80;3.72;750;19;1245.00;1
2934;19;626615498;2934;261;3682;3683;8.26;0.50;233.76;3.72;748;19;1246.00;1
2935;19;626615516;2935;251;3682;3683;8.29;0.51;233.79;3.72;747;19;1247.00;1
2940;19;626615527;2940;246;3695;3696;8.41;0.51;233.67;3.71;755;19;1248.00;1
2942;19;626615539;2942;236;3695;3696;8.47;0.52;233.70;3.71;753;19;1249.00;1
2944;19;626615551;2944;235;3696;3696;8.51;0.52;233.65;3.71;752;19;1250.00;0
2948;19;626615562;2948;228;3697;3697;8.54;0.52;233.66;3.71;749;19;1251.00;0
2949;19;626615574;2949;229;3697;3697;8.60;0.52;233.64;3.71;748;19;1252.00;0
2949;19;626615585;2949;226;3700;3701;8.66;0.53;233.64;3.71;751;19;1253.00;1
2951;19;626615597;2951;225;3700;3701;8.72;0.53;233.58;3.71;749;19;1254.00;1
2952;19;626615609;2952;222;3705;3705;8.73;0.53;233.55;3.71;753;19;1255.00;0
2953;19;626615620;2953;227;3705;3705;8.71;0.53;233.60;3.71;752;19;1256.00;0
2958;19;626615632;2958;224;3705;3705;8.64;0.53;233.53;3.71;747;19;1257.00;0
2959;19;626615645;2959;227;3705;3705;8.55;0.52;233.50;3.71;746;19;1258.00;0
2960;19;626615656;2960;223;3705;3705;8.53;0.52;233.48;3.71;745;19;1259.00;0
2962;19;626615668;2962;225;3727;3739;8.50;0.52;233.43;3.68;765;19;1260.00;12
2965;19;626615682;2965;224;3727;3739;8.54;0.52;233.29;3.68;762;19;1261.00;12
2965;19;626615693;2965;226;3729;3739;8.56;0.53;233.29;3.68;764;19;1262.00;10
2967;19;626615704;2967;223;3729;3739;8.57;0.53;233.31;3.68;762;19;1263.00;10
2969;19;626615716;2969;225;3730;3739;8.58;0.53;233.31;3.68;761;19;1264.00;9
2970;19;626615729;2970;229;3730;3739;8.60;0.53;233.36;3.68;760;19;1265.00;9
2970;19;626615741;2970;229;3732;3740;8.62;0.53;233.36;3.68;762;19;1266.00;8
2974;19;626615752;2974;234;3732;3740;8.55;0.52;233.16;3.68;758;19;1267.00;8
2977;19;626615762;2977;234;3736;3746;8.50;0.52;233.38;3.68;759;19;1268.00;10
2980;19;626615773;2980;240;3738;3747;8.44;0.52;233.24;3.68;758;19;1269.00;9
2986;19;626615784;2986;243;3738;3747;8.32;0.51;233.11;3.68;752;19;1270.00;9
2988;19;626615794;2988;245;3739;3747;8.27;0.51;233.16;3.68;751;19;1271.00;8
2992;19;626615803;2992;255;3741;3751;8.19;0.50;233.04;3.68;749;19;1272.00;10
2993;19;626615814;2993;257;3741;3751;8.09;0.49;233.05;3.68;748;19;1273.00;10
2993;19;626615823;2993;263;3741;3751;8.02;0.49;233.05;3.68;748;19;1274.00;10
2994;19;626615839;2994;267;3743;3752;7.93;0.48;233.06;3.68;749;19;1275.00;9
2994;19;626615849;2994;278;3746;3756;7.87;0.48;233.06;3.68;752;19;1276.00;10
2995;19;626615859;2995;284;3746;3756;7.78;0.48;232.99;3.68;751;19;1277.00;10
2996;19;626615868;2996;289;3748;3759;7.78;0.48;232.96;3.68;752;19;1278.00;11
2997;19;626615878;2997;294;3749;3759;7.75;0.48;232.98;3.68;752;19;1279.00;10
2999;19;626615887;2999;295;3749;3759;7.68;0.47;232.94;3.68;750;19;1280.00;10
3002;19;626615905;3002;292;3749;3759;7.63;0.47;233.10;3.68;747;19;1281.00;10
3004;19;626615914;3004;287;3752;3763;7.61;0.46;233.04;3.68;748;19;1282.00;11
3006;19;626615924;3006;271;3752;3763;7.59;0.46;233.04;3.68;746;19;1283.00;11
3007;19;626615933;3007;259;3753;3763;7.61;0.46;233.05;3.68;746;19;1284.00;10
3009;19;626615943;3009;249;3753;3763;7.57;0.46;233.10;3.68;744;19;1285.00;10
3009;19;626615952;3009;235;3753;3764;7.61;0.46;233.10;3.68;744;19;1286.00;11
3013;19;626615970;3013;226;3754;3765;7.62;0.46;233.07;3.67;741;19;1287.00;11
3015;19;626615980;3015;221;3754;3765;7.65;0.47;233.06;3.67;739;19;1288.00;11
3018;19;626615989;3018;211;3755;3766;7.69;0.47;233.05;3.67;737;19;1289.00;11
3019;19;626616000;3019;206;3755;3766;7.76;0.47;233.03;3.67;736;19;1290.00;11
3019;19;626616010;3019;195;3755;3766;7.87;0.48;233.03;3.67;736;19;1291.00;11
3022;19;626616019;3022;176;3755;3766;7.98;0.49;232.96;3.67;733;19;1292.00;11
3026;19;626616029;3026;166;3755;3766;8.09;0.49;232.90;3.67;729;19;1293.00;11
3027;19;626616038;3027;156;3756;3766;8.19;0.50;232.87;3.68;729;19;1294.00;10
3030;19;626616048;3030;148;3756;3766;8.32;0.50;232.79;3.68;726;19;1295.00;10
3034;19;626616057;3034;159;3821;3893;8.34;0.51;232.65;3.63;787;19;1296.00;72
3037;19;626616086;3037;147;3822;3894;8.41;0.52;232.59;3.64;785;19;1297.00;72
3037;19;626616097;3037;136;3831;3894;8.70;0.54;232.59;3.63;794;19;1298.00;63
3041;19;626616107;3041;137;3833;3894;8.88;0.55;232.54;3.63;792;19;1299.00;61
3041;19;626616118;3041;132;3838;3894;9.05;0.56;232.54;3.63;797;19;1300.00;56
3041;19;626616133;3041;131;3843;3894;9.23;0.57;232.54;3.63;802;19;1301.00;51
3042;19;626616143;3042;127;3847;3894;9.34;0.57;232.56;3.64;805;19;1302.00;47
3045;19;626616154;3045;120;3851;3894;9.37;0.57;232.69;3.65;806;19;1303.00;43
3045;19;626616165;3045;118;3854;3895;9.51;0.58;232.69;3.65;809;19;1304.00;41
3048;19;626616176;3048;119;3858;3897;9.63;0.59;232.69;3.66;810;19;1305.00;39
3050;19;626616188;3050;118;3864;3897;9.74;0.60;232.77;3.68;814;19;1306.00;33
3056;19;626616199;3056;122;3867;3898;9.83;0.60;232.77;3.68;811;19;1307.00;31
3056;19;626616211;3056;122;3871;3898;9.86;0.60;232.77;3.69;815;19;1308.00;27
3060;19;626616222;3060;122;3872;3898;9.89;0.61;232.71;3.69;812;19;1309.00;26
3065;19;626616235;3065;123;3874;3898;9.79;0.60;232.52;3.70;809;19;1310.00;24
3067;19;626616248;3067;124;3879;3902;9.78;0.60;232.59;3.71;812;19;1311.00;23
3068;19;626616259;3068;128;3881;3902;9.72;0.59;232.67;3.72;813;19;1312.00;21
3072;19;626616276;3072;131;3882;3902;9.73;0.59;232.87;3.72;810;19;1313.00;20
3076;19;626616287;3076;128;3886;3905;9.76;0.60;232.89;3.72;810;19;1314.00;19
3080;19;626616304;3080;136;3887;3905;9.72;0.59;232.88;3.74;807;19;1315.00;18
3082;19;626616316;3082;140;3889;3905;9.82;0.60;232.96;3.75;807;19;1316.00;16
3085;19;626616327;3085;142;3893;3909;9.81;0.60;232.98;3.75;808;19;1317.00;16
3087;19;626616338;3087;148;3895;3910;9.87;0.60;232.99;3.75;808;19;1318.00;15
3090;19;626616348;3090;145;3896;3910;9.85;0.60;233.20;3.76;806;19;1319.00;14
3095;19;626616361;3095;146;3902;3915;9.89;0.60;233.33;3.77;807;19;1320.00;13
3096;19;626616373;3096;146;3902;3915;9.89;0.60;233.43;3.77;806;19;1321.00;13
3101;19;626616384;3101;152;3905;3915;9.81;0.59;233.53;3.79;804;19;1322.00;10
3104;19;626616396;3104;155;3906;3916;9.80;0.59;233.71;3.79;802;19;1323.00;10
3106;19;626616409;3106;158;3906;3916;9.85;0.60;233.79;3.79;800;19;1324.00;10
3109;19;626616420;3109;163;3912;3922;9.87;0.60;233.96;3.80;803;19;1325.00;10
3114;19;626616431;3114;170;3913;3922;9.82;0.60;234.20;3.80;799;19;1326.00;9
3114;19;626616444;3114;175;3913;3923;9.76;0.59;234.20;3.80;799;19;1327.00;10
3118;19;626616460;3118;178;3915;3923;9.68;0.59;234.44;3.81;797;19;1328.00;8
3121;19;626616479;3121;180;3915;3923;9.59;0.58;234.65;3.81;794;19;1329.00;8
3121;19;626616490;3121;177;3917;3923;9.55;0.58;234.65;3.82;796;19;1330.00;6
3125;19;626616501;3125;177;3918;3923;9.51;0.58;234.66;3.83;793;19;1331.00;5
3131;19;626616513;3131;180;3929;3935;9.52;0.58;234.80;3.83;798;19;1332.00;6
3132;19;626616524;3132;181;3929;3935;9.49;0.58;234.76;3.83;797;19;1333.00;6
3136;19;626616535;3136;181;3932;3935;9.40;0.57;234.88;3.84;796;19;1334.00;3
3137;19;626616546;3137;181;3933;3935;9.32;0.57;234.97;3.84;796;19;1335.00;2
3138;19;626616557;3138;185;3934;3935;9.27;0.56;235.00;3.84;796;19;1336.00;1
3142;19;626616567;3142;188;3935;3935;9.21;0.56;235.18;3.84;793;19;1337.00;0
3145;19;626616577;3145;188;3939;3939;9.13;0.56;235.40;3.84;794;19;1338.00;0
3145;19;626616587;3145;192;3939;3939;9.14;0.56;235.40;3.84;794;19;1339.00;0
3148;19;626616598;3148;191;3942;3943;9.14;0.56;235.46;3.84;794;19;1340.00;1
3151;19;626616608;3151;194;3943;3944;9.11;0.55;235.48;3.83;792;19;1341.00;1
3153;19;626616619;3153;197;3944;3944;9.01;0.55;235.50;3.83;791;19;1342.00;0
3155;19;626616629;3155;195;3944;3944;8.98;0.55;235.50;3.83;789;19;1343.00;0
3157;19;626616639;3157;194;3956;3957;8.99;0.55;235.60;3.82;799;19;1344.00;1
3160;19;626616650;3160;198;3956;3957;9.04;0.55;235.59;3.82;796;19;1345.00;1
3164;19;626616661;3164;202;3957;3957;9.11;0.55;235.77;3.82;793;19;1346.00;0
3166;19;626616671;3166;205;3958;3958;9.13;0.56;235.83;3.82;792;19;1347.00;0
3168;19;626616681;3168;209;3959;3959;9.12;0.56;235.90;3.82;791;19;1348.00;0
3172;19;626616691;3172;208;3959;3959;9.08;0.55;236.00;3.82;787;19;1349.00;0
3175;19;626616703;3175;215;3962;3968;9.10;0.56;236.12;3.82;787;19;1350.00;6
3175;19;626616714;3175;216;3962;3968;9.07;0.55;236.12;3.82;787;19;1351.00;6
3177;19;626616724;3177;220;3964;3968;8.98;0.55;236.23;3.82;787;19;1352.00;4
3181;19;626616733;3181;225;3964;3968;8.91;0.55;236.23;3.82;783;19;1353.00;4
3188;19;626616743;3188;226;3969;3974;8.81;0.54;236.28;3.81;781;19;1354.00;5
3190;19;626616754;3190;225;3970;3974;8.78;0.54;236.35;3.81;780;19;1355.00;4
3193;19;626616764;3193;230;3972;3974;8.68;0.53;236.40;3.81;779;19;1356.00;2
3197;19;626616774;3197;222;3972;3974;8.50;0.52;236.54;3.81;775;19;1357.00;2
3199;19;626616783;3199;227;3977;3978;8.36;0.51;236.61;3.81;778;19;1358.00;1
3204;19;626616793;3204;229;3978;3979;8.29;0.51;236.77;3.81;774;19;1359.00;1
3206;19;626616802;3206;216;3978;3979;8.25;0.51;236.81;3.81;772;19;1360.00;1
3208;19;626616812;3208;209;3979;3980;8.24;0.50;236.78;3.81;771;19;1361.00;1
3212;19;626616821;3212;202;3979;3980;8.20;0.50;237.04;3.81;767;19;1362.00;1
3214;19;626616830;3214;198;3979;3980;8.23;0.51;237.06;3.81;765;19;1363.00;1
3218;19;626616840;3218;199;3979;3980;8.26;0.51;237.15;3.81;761;19;1364.00;1
3224;19;626616850;3224;202;3979;3980;8.26;0.51;237.29;3.81;755;19;1365.00;1
3229;19;626616860;3229;200;3979;3980;8.27;0.51;237.16;3.81;750;19;1366.00;1
3233;19;626616870;3233;197;3979;3980;8.32;0.51;237.31;3.81;746;19;1367.00;1
3235;19;626616879;3235;203;4019;4050;8.38;0.51;237.26;3.77;784;19;1368.00;31
3238;19;626616895;3238;197;4024;4051;8.49;0.52;237.56;3.77;786;19;1369.00;27
3244;19;626616905;3244;188;4030;4051;8.65;0.53;237.61;3.77;786;19;1370.00;21
3251;19;626616916;3251;186;4032;4051;8.71;0.53;237.78;3.77;781;19;1371.00;19
3256;19;626616926;3256;189;4035;4051;8.75;0.54;237.83;3.77;779;19;1372.00;16
3261;19;626616937;3261;191;4037;4051;8.76;0.54;238.04;3.77;776;19;1373.00;14
3263;19;626616947;3263;193;4041;4051;8.75;0.54;238.04;3.77;778;19;1374.00;10
3270;19;626616956;3270;198;4043;4051;8.72;0.54;238.06;3.77;773;19;1375.00;8
3278;19;626616967;3278;203;4046;4052;8.76;0.54;238.37;3.77;768;19;1376.00;6
3278;19;626616978;3278;196;4048;4053;8.85;0.54;238.37;3.77;770;19;1377.00;5
3284;19;626616988;3284;198;4051;4053;8.90;0.54;238.25;3.78;767;19;1378.00;2
3288;19;626616999;3288;202;4054;4057;8.90;0.54;238.22;3.78;766;19;1379.00;3
3291;19;626617011;3291;205;4054;4057;8.94;0.55;238.36;3.78;763;19;1380.00;3
3295;19;626617022;3295;210;4054;4057;8.88;0.54;238.46;3.78;759;19;1381.00;3
3298;19;626617037;3298;214;4054;4057;8.78;0.54;238.41;3.78;756;19;1382.00;3
3303;19;626617048;3303;216;4059;4063;8.74;0.53;238.46;3.77;756;19;1383.00;4
3306;19;626617059;3306;224;4061;4063;8.72;0.53;238.42;3.77;755;19;1384.00;2
3314;19;626617070;3314;226;4061;4063;8.64;0.53;238.69;3.77;747;19;1385.00;2
3318;19;626617086;3318;230;4063;4066;8.65;0.53;238.88;3.77;745;19;1386.00;3
3324;19;626617097;3324;223;4064;4066;8.62;0.52;238.85;3.78;740;19;1387.00;2
3327;19;626617108;3327;225;4065;4066;8.61;0.52;238.89;3.78;738;19;1388.00;1
3329;19;626617118;3329;229;4067;4067;8.49;0.52;238.94;3.78;738;19;1389.00;0
3332;19;626617128;3332;231;4068;4068;8.46;0.52;239.02;3.78;736;19;1390.00;0
3336;19;626617139;3336;235;4068;4068;8.36;0.51;239.09;3.78;732;19;1391.00;0
3338;19;626617149;3338;240;4081;4081;8.41;0.51;239.07;3.77;743;19;1392.00;0
3344;19;626617160;3344;239;4081;4081;8.39;0.51;238.98;3.77;737;19;1393.00;0
3346;19;626617170;3346;246;4081;4081;8.33;0.51;238.93;3.77;735;19;1394.00;0
3350;19;626617180;3350;253;4083;4083;8.26;0.50;238.93;3.77;733;19;1395.00;0
3355;19;626617197;3355;264;4083;4083;8.13;0.49;238.89;3.77;728;19;1396.00;0
3357;19;626617213;3357;269;4086;4087;8.09;0.49;238.88;3.76;729;19;1397.00;1
3359;19;626617232;3359;271;4086;4087;8.07;0.49;238.88;3.76;727;19;1398.00;1
3363;19;626617247;3363;282;4090;4091;8.06;0.49;238.85;3.76;727;19;1399.00;1
3365;19;626617264;3365;290;4090;4091;7.97;0.49;238.86;3.76;725;19;1400.00;1
3368;19;626617285;3368;297;4091;4091;7.86;0.48;238.74;3.76;723;19;1401.00;0
3369;19;626617299;3369;308;4091;4091;7.77;0.47;238.72;3.76;722;19;1402.00;0
3372;19;626617313;3372;317;4091;4091;7.68;0.47;238.78;3.76;719;19;1403.00;0
3374;19;626617325;3374;318;4102;4103;7.70;0.47;238.75;3.75;728;19;1404.00;1
3376;19;626617337;3376;321;4102;4103;7.63;0.47;238.76;3.75;726;19;1405.00;1
3379;20;626617348;3379;331;4103;4103;7.52;0.46;238.75;3.75;724;20;1406.00;0
3383;20;626617367;3383;328;4103;4103;7.48;0.46;238.85;3.75;720;20;1407.00;0
3386;20;626617381;3386;328;4103;4103;7.45;0.45;238.78;3.75;717;20;1408.00;0
3389;20;626617392;3389;330;4103;4103;7.40;0.45;238.95;3.75;714;20;1409.00;0
3391;20;626617405;3391;325;4104;4104;7.36;0.45;238.92;3.75;713;20;1410.00;0
3394;20;626617415;3394;321;4104;4104;7.32;0.45;238.90;3.75;710;20;1411.00;0
3395;20;626617426;3395;322;4109;4110;7.29;0.44;238.83;3.75;714;20;1412.00;1
3398;20;626617435;3398;323;4110;4111;7.26;0.44;238.72;3.75;712;20;1413.00;1
3399;20;626617446;3399;321;4111;4111;7.26;0.44;238.69;3.75;712;20;1414.00;0
3401;20;626617455;3401;325;4111;4111;7.26;0.44;238.66;3.75;710;20;1415.00;0
3402;20;626617465;3402;312;4115;4115;7.29;0.45;238.69;3.74;713;20;1416.00;0
3404;20;626617476;3404;301;4115;4115;7.32;0.45;238.65;3.74;711;20;1417.00;0
3407;20;626617486;3407;291;4115;4115;7.32;0.45;238.60;3.74;708;20;1418.00;0
3408;20;626617496;3408;276;4116;4116;7.44;0.45;238.55;3.74;708;20;1419.00;0
3410;20;626617506;3410;273;4120;4120;7.50;0.46;238.56;3.74;710;20;1420.00;0
3410;20;626617517;3410;271;4120;4120;7.61;0.47;238.56;3.74;710;20;1421.00;0
3411;20;626617527;3411;267;4122;4123;7.70;0.47;238.55;3.74;711;20;1422.00;1
3411;20;626617537;3411;262;4122;4123;7.72;0.47;238.55;3.74;711;20;1423.00;1
3413;20;626617547;3413;256;4123;4123;7.76;0.47;238.54;3.74;710;20;1424.00;0
3414;20;626617557;3414;259;4123;4123;7.80;0.48;238.52;3.74;709;20;1425.00;0
3416;20;626617567;3416;257;4126;4127;7.88;0.48;238.41;3.74;710;20;1426.00;1
3420;20;626617578;3420;258;4126;4127;7.93;0.48;238.38;3.74;706;20;1427.00;1
3421;20;626617588;3421;255;4127;4127;7.98;0.49;238.32;3.74;706;20;1428.00;0
3422;20;626617599;3422;254;4127;4127;8.03;0.49;238.29;3.74;705;20;1429.00;0
3423;20;626617609;3423;255;4128;4128;8.05;0.49;238.26;3.73;705;20;1430.00;0
3424;20;626617619;3424;256;4129;4129;8.07;0.49;238.23;3.73;705;20;1431.00;0
3425;20;626617629;3425;258;4129;4129;8.08;0.49;238.26;3.73;704;20;1432.00;0
3426;20;626617640;3426;268;4130;4130;8.06;0.49;238.27;3.73;704;20;1433.00;0
3431;20;626617650;3431;276;4130;4130;8.01;0.49;238.22;3.73;699;20;1434.00;0
3431;20;626617662;3431;265;4130;4130;8.05;0.49;238.22;3.73;699;20;1435.00;0
3433;20;626617679;3433;258;4130;4130;8.07;0.49;238.16;3.73;697;20;1436.00;0
3433;20;626617690;3433;253;4130;4130;8.17;0.50;238.16;3.73;697;20;1437.00;0
3435;20;626617699;3435;242;4130;4130;8.20;0.50;238.10;3.73;695;20;1438.00;0
3436;20;626617709;3436;239;4130;4130;8.21;0.50;238.10;3.73;694;20;1439.00;0
3437;20;626617721;3437;291;4255;4360;8.13;0.51;238.11;3.62;818;20;1440.00;105
3439;20;626617752;3439;277;4257;4361;8.17;0.51;238.07;3.62;818;20;1441.00;104
3442;20;626617770;3442;261;4266;4361;8.26;0.52;238.00;3.62;824;20;1442.00;95
3442;20;626617788;3442;259;4272;4361;8.38;0.53;238.00;3.62;830;20;1443.00;89
3444;20;626617798;3444;252;4279;4361;8.42;0.53;238.02;3.62;835;20;1444.00;82
3444;20;626617810;3444;248;4282;4361;8.50;0.53;238.02;3.62;838;20;1445.00;79
3445;20;626617820;3445;247;4287;4361;8.53;0.53;238.03;3.62;842;20;1446.00;74
3447;20;626617830;3447;250;4293;4361;8.56;0.53;238.04;3.63;846;20;1447.00;68
3449;20;626617841;3449;256;4297;4362;8.55;0.53;238.09;3.63;848;20;1448.00;65
3450;20;626617860;3450;255;4300;4363;8.63;0.54;238.07;3.64;850;20;1449.00;63
3454;20;626617871;3454;256;4307;4363;8.60;0.53;238.03;3.65;853;20;1450.00;56
3456;20;626617883;3456;253;4309;4364;8.59;0.53;237.98;3.65;853;20;1451.00;55
3457;20;626617894;3457;254;4313;4364;8.57;0.53;237.96;3.66;856;20;1452.00;51
3458;20;626617905;3458;252;4318;4364;8.52;0.53;237.96;3.67;860;20;1453.00;46
3459;20;626617917;3459;253;4319;4364;8.48;0.52;237.98;3.67;860;20;1454.00;45
3460;20;626617928;3460;256;4323;4368;8.47;0.52;237.95;3.67;863;20;1455.00;45
3463;20;626617940;3463;258;4325;4368;8.43;0.52;237.94;3.68;862;20;1456.00;43
3465;20;626617952;3465;259;4328;4368;8.37;0.51;238.07;3.69;863;20;1457.00;40
3466;20;626617964;3466;258;4330;4371;8.36;0.51;238.05;3.69;864;20;1458.00;41
3470;20;626617976;3470;256;4332;4371;8.31;0.51;237.99;3.70;862;20;1459.00;39
3471;20;626617989;3471;248;4332;4371;8.39;0.51;237.95;3.70;861;20;1460.00;39
3473;20;626618001;3473;248;4338;4375;8.43;0.52;237.93;3.71;865;20;1461.00;37
3476;20;626618012;3476;243;4340;4376;8.56;0.52;238.11;3.70;864;20;1462.00;36
3481;20;626618024;3481;236;4341;4376;8.60;0.53;238.14;3.71;860;20;1463.00;35
3483;20;626618036;3483;232;4343;4380;8.70;0.53;238.19;3.71;860;20;1464.00;37
3488;20;626618048;3488;218;4346;4380;8.73;0.53;238.09;3.72;858;20;1465.00;34
3493;20;626618060;3493;220;4346;4380;8.77;0.53;238.11;3.72;853;20;1466.00;34
3495;20;626618071;3495;212;4347;4381;8.78;0.53;238.15;3.72;852;20;1467.00;34
3497;20;626618083;3497;211;4348;4381;8.82;0.54;238.16;3.73;851;20;1468.00;33
3502;20;626618094;3502;208;4351;4387;8.84;0.54;238.20;3.73;849;20;1469.00;36
3505;20;626618108;3505;203;4352;4387;8.85;0.54;238.27;3.74;847;20;1470.00;35
3509;20;626618120;3509;196;4352;4388;8.89;0.54;238.30;3.74;843;20;1471.00;36
3512;20;626618131;3512;185;4352;4388;8.99;0.55;238.38;3.74;840;20;1472.00;36
3514;20;626618143;3514;178;4353;4388;9.00;0.55;238.49;3.74;839;20;1473.00;35
3515;20;626618155;3515;175;4354;4388;9.04;0.55;238.59;3.74;839;20;1474.00;34
3517;20;626618167;3517;177;4355;4388;9.08;0.55;238.65;3.75;838;20;1475.00;33
3521;20;626618178;3521;183;4365;4400;9.15;0.55;238.78;3.74;844;20;1476.00;35
3521;20;626618191;3521;190;4367;4400;9.24;0.56;238.78;3.75;846;20;1477.00;33
3524;20;626618206;3524;193;4368;4400;9.37;0.57;238.94;3.75;844;20;1478.00;32
3528;20;626618220;3528;193;4369;4400;9.48;0.58;239.00;3.75;841;20;1479.00;31
3530;20;626618233;3530;197;4370;4400;9.60;0.58;239.03;3.76;840;20;1480.00;30
3535;20;626618245;3535;194;4371;4400;9.62;0.58;239.04;3.76;836;20;1481.00;29
3538;20;626618258;3538;193;4374;4404;9.65;0.59;239.13;3.76;836;20;1482.00;30
3542;20;626618270;3542;191;4375;4404;9.64;0.59;239.22;3.77;833;20;1483.00;29
3544;20;626618288;3544;189;4378;4408;9.65;0.59;239.36;3.76;834;20;1484.00;30
3545;20;626618300;3545;194;4381;4410;9.67;0.59;239.39;3.77;836;20;1485.00;29
3548;20;626618312;3548;194;4382;4410;9.69;0.59;239.47;3.77;834;20;1486.00;28
3548;20;626618323;3548;195;4383;4410;9.66;0.59;239.47;3.78;835;20;1487.00;27
3550;20;626618335;3550;196;4392;4423;9.65;0.59;239.60;3.77;842;20;1488.00;31
3552;20;626618348;3552;199;4393;4423;9.73;0.59;239.63;3.78;841;20;1489.00;30
3554;20;626618359;3554;198;4394;4423;9.76;0.59;239.76;3.80;840;20;1490.00;29
3556;20;626618371;3556;203;4397;4424;9.83;0.60;239.78;3.82;841;20;1491.00;27
3560;20;626618383;3560;207;4397;4425;9.81;0.60;239.80;3.82;837;20;1492.00;28
3563;20;626618395;3563;200;4399;4425;9.82;0.60;239.87;3.84;836;20;1493.00;26
3566;20;626618407;3566;204;4402;4428;9.82;0.60;239.84;3.85;836;20;1494.00;26
3572;20;626618419;3572;205;4404;4428;9.78;0.60;239.93;3.87;832;20;1495.00;24
3576;20;626618436;3576;209;4406;4428;9.77;0.60;240.04;3.88;830;20;1496.00;22
3579;20;626618448;3579;212;4408;4428;9.74;0.60;240.13;3.90;829;20;1497.00;20
3582;20;626618460;3582;214;4414;4434;9.81;0.60;240.24;3.93;832;20;1498.00;20
3583;20;626618472;3583;215;4415;4434;9.83;0.60;240.19;3.94;832;20;1499.00;19
3588;20;626618492;3588;223;4422;4453;9.79;0.60;240.29;3.97;834;20;1500.00;31
3590;20;626618510;3590;223;4424;4453;9.68;0.59;240.30;4.00;834;20;1501.00;29
3593;20;626618522;3593;230;4429;4457;9.59;0.59;240.38;4.00;836;20;1502.00;28
3600;20;626618534;3600;239;4431;4458;9.47;0.58;240.40;4.01;831;20;1503.00;27
3602;20;626618545;3602;240;4433;4458;9.43;0.57;240.41;4.03;831;20;1504.00;25
3605;20;626618556;3605;240;4438;4459;9.34;0.57;240.44;4.04;833;20;1505.00;21
3608;20;626618567;3608;245;4440;4459;9.29;0.57;240.51;4.05;832;20;1506.00;19
3611;20;626618579;3611;249;4444;4459;9.21;0.56;240.59;4.06;833;20;1507.00;15
3613;20;626618590;3613;256;4444;4459;9.10;0.55;240.68;4.06;831;20;1508.00;15
3615;20;626618602;3615;255;4446;4459;9.02;0.55;240.73;4.06;831;20;1509.00;13
3617;20;626618612;3617;256;4447;4459;8.92;0.54;240.83;4.07;830;20;1510.00;12
3621;20;626618623;3621;257;4448;4459;8.83;0.54;241.00;4.07;827;20;1511.00;11
3624;20;626618634;3624;265;4478;4529;8.81;0.54;241.02;4.04;854;20;1512.00;51
3626;20;626618651;3626;260;4481;4530;8.80;0.54;241.05;4.04;855;20;1513.00;49
3628;20;626618662;3628;262;4491;4530;8.81;0.54;241.09;4.04;863;20;1514.00;39
3630;20;626618673;3630;263;4495;4530;8.80;0.54;241.12;4.04;865;20;1515.00;35
3631;20;626618684;3631;261;4499;4530;8.85;0.54;241.15;4.04;868;20;1516.00;31
3635;20;626618696;3635;266;4503;4530;8.87;0.54;241.14;4.04;868;20;1517.00;27
3637;20;626618707;3637;263;4504;4530;8.86;0.54;241.09;4.04;867;20;1518.00;26
3639;20;626618718;3639;266;4506;4530;8.91;0.54;241.14;4.05;867;20;1519.00;24
3642;20;626618729;3642;274;4508;4531;8.91;0.54;241.04;4.05;866;20;1520.00;23
3644;20;626618741;3644;270;4511;4532;8.93;0.54;241.10;4.05;867;20;1521.00;21
3644;20;626618752;3644;271;4511;4532;8.86;0.54;241.10;4.05;867;20;1522.00;21
3649;20;626618763;3649;277;4517;4536;8.71;0.53;241.18;4.05;868;20;1523.00;19
3651;20;626618774;3651;276;4519;4536;8.65;0.53;241.22;4.06;868;20;1524.00;17
3656;20;626618785;3656;282;4519;4536;8.59;0.52;241.23;4.06;863;20;1525.00;17
3658;20;626618796;3658;287;4519;4536;8.54;0.52;241.26;4.06;861;20;1526.00;17
3662;20;626618806;3662;296;4523;4542;8.48;0.52;241.43;4.05;861;20;1527.00;19
3664;20;626618818;3664;298;4523;4542;8.42;0.52;241.57;4.05;859;20;1528.00;19
3667;20;626618828;3667;296;4524;4542;8.26;0.51;241.81;4.06;857;20;1529.00;18
3672;20;626618840;3672;289;4527;4548;8.09;0.49;241.87;4.06;855;20;1530.00;21
3675;20;626618852;3675;279;4527;4548;7.99;0.49;241.83;4.06;852;20;1531.00;21
3680;20;626618864;3680;278;4527;4548;7.93;0.48;241.84;4.06;847;20;1532.00;21
3684;20;626618875;3684;280;4528;4549;7.90;0.48;241.91;4.05;844;20;1533.00;21
3686;20;626618886;3686;276;4530;4550;7.85;0.48;241.97;4.06;844;20;1534.00;20
3690;20;626618896;3690;276;4531;4550;7.84;0.48;242.04;4.07;841;20;1535.00;19
3693;20;626618908;3693;283;4542;4563;7.77;0.47;242.03;4.06;849;20;1536.00;21
3696;20;626618919;3696;278;4544;4563;7.80;0.48;242.06;4.07;848;20;1537.00;19
3699;20;626618936;3699;274;4544;4563;7.81;0.48;242.11;4.07;845;20;1538.00;19
3704;20;626618946;3704;267;4545;4564;7.84;0.48;242.24;4.07;841;20;1539.00;19
3707;20;626618957;3707;263;4547;4564;7.79;0.48;242.34;4.08;840;20;1540.00;17
3710;20;626618968;3710;257;4552;4568;7.83;0.48;242.45;4.09;842;20;1541.00;16
3714;20;626618979;3714;248;4552;4568;7.75;0.47;242.53;4.09;838;20;1542.00;16
3717;20;626618989;3717;246;4557;4572;7.71;0.47;242.55;4.09;840;20;1543.00;15
3721;20;626619001;3721;248;4557;4572;7.68;0.47;242.74;4.09;836;20;1544.00;15
3728;20;626619014;3728;251;4558;4572;7.62;0.47;242.75;4.10;830;20;1545.00;14
3732;20;626619025;3732;250;4558;4572;7.59;0.46;242.67;4.10;826;20;1546.00;14
3734;20;626619036;3734;254;4558;4572;7.61;0.47;242.60;4.10;824;20;1547.00;14
3740;20;626619046;3740;258;4571;4584;7.64;0.47;242.66;4.11;831;20;1548.00;13
3744;20;626619058;3744;266;4571;4584;7.65;0.47;242.73;4.11;827;20;1549.00;13
3749;20;626619069;3749;273;4572;4584;7.63;0.47;242.62;4.11;823;20;1550.00;12
3751;20;626619080;3751;277;4572;4584;7.64;0.47;242.81;4.11;821;20;1551.00;12
3752;20;626619090;3752;278;4572;4584;7.65;0.47;242.80;4.11;820;20;1552.00;12
3756;20;626619112;3756;288;4573;4584;7.62;0.47;242.94;4.12;817;20;1553.00;11
3761;20;626619123;3761;293;4575;4585;7.55;0.46;243.14;4.13;814;20;1554.00;10
3765;20;626619133;3765;293;4577;4587;7.53;0.46;243.16;4.14;812;20;1555.00;10
3768;20;626619144;3768;294;4581;4593;7.49;0.46;243.28;4.13;813;20;1556.00;12
3774;20;626619155;3774;305;4583;4594;7.40;0.45;243.36;4.14;809;20;1557.00;11
3780;20;626619166;3780;311;4583;4594;7.31;0.45;243.55;4.14;803;20;1558.00;11
3783;20;626619177;3783;320;4584;4594;7.18;0.44;243.56;4.15;801;20;1559.00;10
3788;20;626619194;3788;324;4589;4599;7.07;0.44;243.44;4.14;801;20;1560.00;10
3791;20;626619210;3791;328;4590;4599;7.03;0.43;243.42;4.15;799;20;1561.00;9
3798;20;626619226;3798;333;4590;4599;6.96;0.43;243.14;4.15;792;20;1562.00;9
3802;20;626619242;3802;335;4591;4600;6.92;0.43;243.09;4.15;789;20;1563.00;9
3803;20;626619260;3803;334;4595;4604;6.91;0.43;243.09;4.14;792;20;1564.00;9
3806;20;626619275;3806;335;4596;4604;6.87;0.42;243.13;4.15;790;20;1565.00;8
3809;20;626619290;3809;340;4599;4607;6.89;0.42;243.03;4.16;790;20;1566.00;8
3810;20;626619305;3810;348;4599;4607;6.87;0.42;243.06;4.16;789;20;1567.00;8
3816;20;626619318;3816;358;4601;4607;6.82;0.42;243.03;4.17;785;20;1568.00;6
3822;20;626619330;3822;366;4601;4607;6.73;0.41;242.89;4.17;779;20;1569.00;6
3826;20;626619342;3826;364;4604;4611;6.66;0.41;242.82;4.17;778;20;1570.00;7
3829;20;626619354;3829;369;4604;4611;6.58;0.40;242.81;4.17;775;20;1571.00;7
3833;20;626619366;3833;373;4605;4611;6.57;0.40;242.70;4.17;772;20;1572.00;6
3838;20;626619380;3838;382;4605;4611;6.48;0.40;242.74;4.17;767;20;1573.00;6
3840;20;626619397;3840;390;4606;4612;6.40;0.39;242.67;4.17;766;20;1574.00;6
3841;20;626619408;3841;397;4609;4614;6.38;0.39;242.71;4.18;768;20;1575.00;5
3843;20;626619419;3843;402;4610;4614;6.35;0.39;242.71;4.18;767;20;1576.00;4
3843;20;626619430;3843;396;4613;4615;6.34;0.39;242.71;4.18;770;20;1577.00;2
3845;20;626619441;3845;388;4613;4615;6.40;0.39;242.67;4.18;768;20;1578.00;2
3847;20;626619452;3847;381;4614;4615;6.45;0.39;242.64;4.19;767;20;1579.00;1
3850;20;626619462;3850;387;4615;4615;6.49;0.40;242.80;4.19;765;20;1580.00;0
3850;20;626619474;3850;386;4615;4615;6.54;0.40;242.80;4.19;765;20;1581.00;0
3853;20;626619484;3853;389;4615;4615;6.52;0.40;242.83;4.19;762;20;1582.00;0
3855;20;626619495;3855;387;4615;4615;6.58;0.40;242.76;4.19;760;20;1583.00;0
3857;20;626619505;3857;405;4688;4742;6.94;0.43;242.80;4.12;831;20;1584.00;54
3859;20;626619526;3859;394;4691;4743;7.02;0.44;242.77;4.12;832;20;1585.00;52
3862;20;626619538;3862;366;4700;4743;7.14;0.44;242.70;4.12;838;20;1586.00;43
3862;20;626619548;3862;336;4707;4743;7.30;0.45;242.70;4.11;845;20;1587.00;36
3863;20;626619559;3863;315;4712;4743;7.43;0.46;242.70;4.11;849;20;1588.00;31
3866;20;626619577;3866;302;4715;4743;7.55;0.47;242.69;4.12;849;20;1589.00;28
3866;20;626619591;3866;294;4719;4743;7.75;0.48;242.69;4.12;853;20;1590.00;24
3869;20;626619603;3869;284;4721;4743;7.88;0.48;242.67;4.12;852;20;1591.00;22
3870;20;626619616;3870;267;4726;4744;8.03;0.49;242.64;4.12;856;20;1592.00;18
3871;20;626619628;3871;265;4729;4745;8.12;0.50;242.67;4.13;858;20;1593.00;16
3872;20;626619640;3872;259;4731;4745;8.19;0.50;242.65;4.13;859;20;1594.00;14
3873;21;626619653;3873;251;4732;4746;8.25;0.51;242.69;4.13;859;21;1595.00;14
3875;21;626619678;3875;248;4733;4746;8.36;0.51;242.69;4.13;858;21;1596.00;13
3876;21;626619691;3876;240;4734;4746;8.43;0.52;242.72;4.13;858;21;1597.00;12
3880;21;626619704;3880;248;4735;4746;8.53;0.52;242.69;4.13;855;21;1598.00;11
3880;21;626619717;3880;235;4740;4750;8.63;0.53;242.69;4.13;860;21;1599.00;10
3884;21;626619731;3884;233;4741;4750;8.71;0.53;242.64;4.14;857;21;1600.00;9
3885;21;626619751;3885;232;4742;4750;8.79;0.54;242.63;4.14;857;21;1601.00;8
3886;21;626619764;3886;229;4745;4753;8.84;0.54;242.65;4.14;859;21;1602.00;8
3886;22;626619777;3886;227;4745;4753;8.93;0.54;242.65;4.14;859;22;1603.00;8
3886;23;626619809;3886;225;4746;4753;9.04;0.55;242.65;4.14;860;23;1604.00;7
3888;23;626619834;3888;223;4750;4757;9.13;0.56;242.61;4.14;862;23;1605.00;7
3890;23;626619847;3890;225;4752;4758;9.17;0.56;242.60;4.14;862;23;1606.00;6
3892;23;626619867;3892;226;4752;4758;9.18;0.56;242.58;4.14;860;23;1607.00;6
3895;23;626619879;3895;224;4755;4762;9.24;0.56;242.58;4.14;860;23;1608.00;7
3899;23;626619898;3899;223;4755;4762;9.22;0.56;242.59;4.14;856;23;1609.00;7
3902;23;626619917;3902;223;4755;4762;9.18;0.56;242.61;4.14;853;23;1610.00;7
3903;23;626619930;3903;220;4756;4763;9.20;0.56;242.62;4.14;853;23;1611.00;7
3905;23;626619943;3905;223;4756;4763;9.17;0.56;242.61;4.14;851;23;1612.00;7
3907;23;626619956;3907;227;4760;4769;9.22;0.56;242.56;4.14;853;23;1613.00;9
3909;23;626619968;3909;228;4761;4769;9.27;0.56;242.62;4.14;852;23;1614.00;8
3913;23;626619980;3913;223;4761;4770;9.29;0.56;242.74;4.14;848;23;1615.00;9
3915;23;626619992;3915;230;4761;4770;9.31;0.56;242.86;4.14;846;23;1616.00;9
3918;23;626620005;3918;232;4761;4770;9.28;0.56;242.88;4.14;843;23;1617.00;9
3922;23;626620017;3922;234;4761;4770;9.16;0.56;243.09;4.14;839;23;1618.00;9
3924;23;626620029;3924;237;4761;4770;9.05;0.55;243.13;4.14;837;23;1619.00;9
3929;23;626620042;3929;232;4785;4806;8.98;0.55;243.22;4.11;856;23;1620.00;21
3932;23;626620058;3932;219;4786;4806;9.05;0.55;243.22;4.11;854;23;1621.00;20
3936;23;626620070;3936;215;4787;4806;9.06;0.55;243.47;4.11;851;23;1622.00;19
3938;23;626620082;3938;210;4788;4806;9.12;0.56;243.55;4.11;850;23;1623.00;18
3942;23;626620095;3942;207;4789;4806;9.11;0.56;243.61;4.11;847;23;1624.00;17
3945;23;626620106;3945;208;4790;4806;9.13;0.56;243.60;4.11;845;23;1625.00;16
3946;23;626620117;3946;203;4793;4810;9.20;0.56;243.59;4.11;847;23;1626.00;17
3950;23;626620129;3950;201;4795;4810;9.26;0.56;243.66;4.11;845;23;1627.00;15
3953;23;626620141;3953;200;4799;4814;9.38;0.57;243.68;4.11;846;23;1628.00;15
3954;23;626620153;3954;193;4800;4815;9.49;0.58;243.73;4.11;846;23;1629.00;15
3958;23;626620164;3958;184;4802;4815;9.49;0.58;243.80;4.11;844;23;1630.00;13
3966;23;626620176;3966;181;4802;4815;9.45;0.58;243.92;4.11;836;23;1631.00;13
3968;23;626620187;3968;166;4811;4828;9.43;0.57;243.96;4.10;843;23;1632.00;17
3972;23;626620200;3972;160;4812;4828;9.39;0.57;243.94;4.10;840;23;1633.00;16
3976;23;626620214;3976;153;4812;4828;9.41;0.57;243.93;4.10;836;23;1634.00;16
3980;23;626620227;3980;151;4814;4829;9.43;0.58;243.95;4.11;834;23;1635.00;15
3984;23;626620253;3984;146;4814;4830;9.45;0.58;244.03;4.11;830;23;1636.00;16
3987;23;626620265;3987;144;4814;4830;9.53;0.58;244.05;4.11;827;23;1637.00;16
3992;23;626620276;3992;144;4816;4833;9.67;0.59;243.99;4.11;824;23;1638.00;17
3996;23;626620288;3996;147;4817;4833;9.77;0.60;244.10;4.11;821;23;1639.00;16
3997;23;626620299;3997;138;4817;4833;9.89;0.60;244.10;4.11;820;23;1640.00;16
4002;23;626620311;4002;132;4817;4833;9.97;0.61;244.07;4.11;815;23;1641.00;16
4005;23;626620321;4005;128;4821;4839;10.01;0.61;244.05;4.11;816;23;1642.00;18
4007;23;626620333;4007;127;4821;4839;9.98;0.61;244.06;4.11;814;23;1643.00;18
4010;23;626620344;4010;125;4822;4839;9.93;0.61;244.18;4.11;812;23;1644.00;17
4014;23;626620356;4014;121;4822;4839;9.94;0.61;244.21;4.11;808;23;1645.00;17
4017;23;626620367;4017;118;4825;4843;9.94;0.61;244.18;4.11;808;23;1646.00;18
4022;23;626620379;4022;116;4827;4844;9.99;0.61;244.17;4.11;805;23;1647.00;17
4025;23;626620390;4025;119;4827;4844;10.13;0.62;244.29;4.11;802;23;1648.00;17
4029;23;626620401;4029;126;4828;4845;10.23;0.62;244.33;4.11;799;23;1649.00;17
4032;23;626620413;4032;129;4828;4845;10.23;0.62;244.41;4.11;796;23;1650.00;17
4037;23;626620424;4037;130;4829;4845;10.33;0.63;244.51;4.12;792;23;1651.00;16
4038;23;626620435;4038;135;4829;4845;10.39;0.63;244.53;4.12;791;23;1652.00;16
4042;23;626620446;4042;133;4829;4845;10.44;0.64;244.54;4.12;787;23;1653.00;16
4043;23;626620457;4043;137;4829;4845;10.47;0.64;244.50;4.12;786;23;1654.00;16
4046;23;626620469;4046;138;4829;4845;10.49;0.64;244.59;4.12;783;23;1655.00;16
4049;23;626620479;4049;145;4867;4915;10.47;0.64;244.64;4.10;818;23;1656.00;48
4051;23;626620496;4051;149;4870;4916;10.45;0.64;244.75;4.09;819;23;1657.00;46
4056;23;626620507;4056;155;4876;4916;10.48;0.64;244.73;4.09;820;23;1658.00;40
4056;23;626620519;4056;152;4878;4916;10.43;0.64;244.73;4.11;822;23;1659.00;38
4057;23;626620530;4057;153;4880;4916;10.43;0.64;244.77;4.11;823;23;1660.00;36
4059;23;626620541;4059;158;4883;4916;10.50;0.64;244.79;4.11;824;23;1661.00;33
4061;23;626620552;4061;164;4885;4916;10.54;0.64;244.83;4.11;824;23;1662.00;31
4064;23;626620564;4064;163;4890;4916;10.57;0.65;244.81;4.14;826;23;1663.00;26
4068;23;626620576;4068;163;4893;4917;10.60;0.65;244.90;4.15;825;23;1664.00;24
4073;23;626620587;4073;165;4900;4919;10.62;0.65;244.88;4.17;827;23;1665.00;19
4076;23;626620600;4076;164;4905;4919;10.62;0.65;244.94;4.18;829;23;1666.00;14
4080;23;626620611;4080;166;4909;4923;10.52;0.64;244.88;4.19;829;23;1667.00;14
4082;23;626620623;4082;171;4910;4923;10.36;0.63;244.80;4.19;828;23;1668.00;13
4087;23;626620634;4087;179;4911;4923;10.20;0.62;244.86;4.20;824;23;1669.00;12
4090;23;626620645;4090;178;4913;4923;10.10;0.62;245.00;4.22;823;23;1670.00;10
4092;23;626620657;4092;187;4918;4929;10.08;0.62;244.97;4.21;826;23;1671.00;11
4093;23;626620669;4093;190;4918;4929;10.05;0.62;244.97;4.21;825;23;1672.00;11
4095;23;626620680;4095;196;4920;4929;10.01;0.61;245.11;4.22;825;23;1673.00;9
4099;23;626620690;4099;200;4922;4932;9.95;0.61;245.16;4.22;823;23;1674.00;10
4104;23;626620701;4104;204;4925;4932;9.87;0.60;245.11;4.23;821;23;1675.00;7
4106;23;626620712;4106;208;4925;4932;9.80;0.60;245.09;4.23;819;23;1676.00;7
4110;23;626620722;4110;212;4925;4933;9.65;0.59;245.05;4.23;815;23;1677.00;8
4114;23;626620733;4114;217;4929;4934;9.46;0.58;245.03;4.25;815;23;1678.00;5
4117;23;626620743;4117;215;4929;4934;9.33;0.57;245.00;4.25;812;23;1679.00;5
4122;23;626620755;4122;218;4949;4960;9.18;0.56;245.16;4.23;827;23;1680.00;11
4124;23;626620767;4124;213;4950;4960;9.13;0.56;245.20;4.23;826;23;1681.00;10
4129;23;626620778;4129;212;4952;4960;9.11;0.56;245.15;4.23;823;23;1682.00;8
4134;23;626620788;4134;211;4955;4961;9.08;0.56;245.11;4.23;821;23;1683.00;6
4137;23;626620798;4137;217;4957;4961;9.07;0.55;245.10;4.23;820;23;1684.00;4
4141;23;626620808;4141;221;4960;4965;9.05;0.55;245.13;4.23;819;23;1685.00;5
4144;23;626620818;4144;227;4961;4965;9.10;0.55;245.08;4.23;817;23;1686.00;4
4148;23;626620828;4148;230;4964;4969;9.07;0.55;245.03;4.23;816;23;1687.00;5
4152;23;626620844;4152;234;4965;4969;9.03;0.55;245.16;4.23;813;23;1688.00;4
4154;23;626620854;4154;239;4966;4969;8.99;0.55;245.22;4.24;812;23;1689.00;3
4157;23;626620864;4157;242;4966;4969;8.84;0.54;245.15;4.24;809;23;1690.00;3
4161;23;626620874;4161;250;4967;4969;8.63;0.53;245.27;4.24;806;23;1691.00;2
4163;23;626620884;4163;258;4979;4981;8.49;0.52;245.26;4.23;816;23;1692.00;2
4164;23;626620895;4164;260;4979;4981;8.37;0.51;245.23;4.23;815;23;1693.00;2
4166;23;626620910;4166;267;4980;4981;8.25;0.50;245.16;4.23;814;23;1694.00;1
4168;23;626620919;4168;279;4980;4981;8.11;0.50;245.24;4.23;812;23;1695.00;1
4172;23;626620928;4172;287;4981;4981;7.96;0.49;245.14;4.23;809;23;1696.00;0
4179;23;626620937;4179;292;4981;4981;7.70;0.47;245.28;4.23;802;23;1697.00;0
4181;23;626620947;4181;297;4982;4982;7.49;0.46;245.26;4.23;801;23;1698.00;0
4185;24;626620955;4185;307;4982;4982;7.19;0.44;245.38;4.23;797;24;1699.00;0
4191;24;626620975;4191;303;4987;4988;7.02;0.43;245.45;4.23;796;24;1700.00;1
4191;24;626620989;4191;304;4988;4989;6.90;0.42;245.45;4.23;797;24;1701.00;1
4193;24;626620999;4193;302;4989;4989;6.80;0.42;245.55;4.23;796;24;1702.00;0
4198;24;626621008;4198;295;4989;4989;6.66;0.41;245.56;4.23;791;24;1703.00;0
4200;24;626621018;4200;300;4993;4993;6.66;0.41;245.65;4.22;793;24;1704.00;0
4203;24;626621028;4203;299;4993;4993;6.60;0.40;245.64;4.22;790;24;1705.00;0
4205;24;626621038;4205;307;4993;4993;6.57;0.40;245.65;4.22;788;24;1706.00;0
4207;24;626621047;4207;303;4994;4994;6.60;0.41;245.73;4.22;787;24;1707.00;0
4209;24;626621057;4209;303;4998;4998;6.64;0.41;245.74;4.22;789;24;1708.00;0
4214;24;626621067;4214;304;4998;4998;6.66;0.41;245.69;4.22;784;24;1709.00;0
4215;24;626621079;4215;311;5001;5004;6.75;0.41;245.74;4.22;786;24;1710.00;3
4219;24;626621089;4219;306;5001;5004;6.75;0.41;245.73;4.22;782;24;1711.00;3
4221;24;626621099;4221;310;5002;5004;6.75;0.41;245.76;4.22;781;24;1712.00;2
4224;24;626621107;4224;307;5002;5004;6.72;0.41;245.78;4.22;778;24;1713.00;2
4225;24;626621116;4225;309;5005;5008;6.72;0.41;245.82;4.22;780;24;1714.00;3
4230;24;626621125;4230;306;5006;5008;6.68;0.41;245.77;4.22;776;24;1715.00;2
4232;24;626621134;4232;302;5006;5008;6.70;0.41;245.76;4.22;774;24;1716.00;2
4238;24;626621143;4238;305;5007;5008;6.66;0.41;245.69;4.22;769;24;1717.00;1
4240;24;626621151;4240;310;5009;5009;6.70;0.41;245.62;4.22;769;24;1718.00;0
4246;24;626621160;4246;311;5010;5010;6.64;0.41;245.54;4.22;764;24;1719.00;0
4250;24;626621169;4250;309;5010;5010;6.62;0.41;245.57;4.22;760;24;1720.00;0
4252;24;626621178;4252;311;5011;5011;6.64;0.41;245.62;4.22;759;24;1721.00;0
4257;24;626621193;4257;311;5011;5011;6.64;0.41;245.61;4.22;754;24;1722.00;0
4261;24;626621203;4261;317;5011;5011;6.68;0.41;245.49;4.22;750;24;1723.00;0
4262;24;626621217;4262;320;5011;5011;6.73;0.41;245.45;4.22;749;24;1724.00;0
4265;24;626621235;4265;319;5011;5011;6.72;0.41;245.46;4.22;746;24;1725.00;0
4266;24;626621250;4266;312;5011;5011;6.78;0.41;245.46;4.22;745;24;1726.00;0
4268;24;626621270;4268;314;5011;5011;6.80;0.42;245.51;4.22;743;24;1727.00;0
4271;24;626621284;4271;329;5085;5138;7.24;0.45;245.52;4.15;814;24;1728.00;53
4272;24;626621312;4272;329;5088;5139;7.28;0.45;245.51;4.15;816;24;1729.00;51
4277;24;626621325;4277;328;5099;5139;7.44;0.46;245.38;4.15;822;24;1730.00;40
4282;24;626621336;4282;330;5102;5139;7.42;0.46;245.41;4.15;820;24;1731.00;37
4283;24;626621346;4283;325;5107;5139;7.49;0.46;245.42;4.15;824;24;1732.00;32
4286;24;626621356;4286;331;5112;5139;7.50;0.46;245.35;4.15;826;24;1733.00;27
4290;24;626621368;4290;338;5117;5139;7.50;0.46;245.31;4.15;827;24;1734.00;22
4291;24;626621378;4291;340;5120;5139;7.52;0.46;245.26;4.15;829;24;1735.00;19
4294;24;626621389;4294;347;5122;5140;7.46;0.46;245.28;4.15;828;24;1736.00;18
4297;24;626621400;4297;355;5126;5141;7.47;0.46;245.40;4.16;829;24;1737.00;15
4303;24;626621417;4303;356;5129;5141;7.36;0.45;245.34;4.16;826;24;1738.00;12
4307;24;626621429;4307;354;5133;5142;7.36;0.45;245.40;4.16;826;24;1739.00;9
4307;24;626621441;4307;347;5134;5142;7.39;0.45;245.40;4.16;827;24;1740.00;8
4308;24;626621452;4308;348;5136;5142;7.44;0.46;245.41;4.17;828;24;1741.00;6
4309;24;626621463;4309;346;5137;5142;7.50;0.46;245.41;4.17;828;24;1742.00;5
4314;24;626621474;4314;343;5141;5146;7.57;0.46;245.54;4.17;827;24;1743.00;5
4318;24;626621486;4318;342;5142;5146;7.63;0.47;245.60;4.17;824;24;1744.00;4
4318;24;626621497;4318;341;5144;5146;7.72;0.47;245.60;4.17;826;24;1745.00;2
4320;24;626621520;4320;343;5146;5149;7.79;0.48;245.59;4.17;826;24;1746.00;3
4323;24;626621532;4323;325;5148;5149;7.88;0.48;245.56;4.17;825;24;1747.00;1
4326;24;626621544;4326;313;5148;5149;7.96;0.49;245.63;4.17;822;24;1748.00;1
4327;24;626621556;4327;308;5152;5153;7.98;0.49;245.58;4.17;825;24;1749.00;1
4330;24;626621568;4330;300;5153;5154;8.05;0.49;245.44;4.17;823;24;1750.00;1
4333;24;626621580;4333;292;5153;5154;8.06;0.49;245.49;4.17;820;24;1751.00;1
4334;24;626621591;4334;287;5157;5158;8.16;0.50;245.51;4.17;823;24;1752.00;1
4336;24;626621606;4336;280;5157;5158;8.19;0.50;245.50;4.17;821;24;1753.00;1
4336;24;626621618;4336;276;5157;5158;8.32;0.51;245.50;4.17;821;24;1754.00;1
4339;24;626621635;4339;278;5159;5160;8.43;0.51;245.46;4.17;820;24;1755.00;1
4341;24;626621648;4341;269;5159;5160;8.54;0.52;245.43;4.17;818;24;1756.00;1
4346;24;626621660;4346;258;5163;5166;8.62;0.52;245.29;4.16;817;24;1757.00;3
4347;24;626621673;4347;245;5163;5166;8.72;0.53;245.27;4.16;816;24;1758.00;3
4349;24;626621686;4349;238;5164;5167;8.80;0.53;245.28;4.16;815;24;1759.00;3
4351;24;626621698;4351;238;5164;5167;8.85;0.54;245.28;4.16;813;24;1760.00;3
4353;24;626621710;4353;230;5164;5167;8.91;0.54;245.36;4.16;811;24;1761.00;3
4355;24;626621723;4355;235;5164;5167;8.96;0.54;245.37;4.16;809;24;1762.00;3
4357;24;626621756;4357;236;5164;5167;8.99;0.55;245.40;4.16;807;24;1763.00;3
4357;24;626621768;4357;236;5174;5179;9.13;0.56;245.40;4.15;817;24;1764.00;5
4358;24;626621782;4358;247;5175;5179;9.20;0.56;245.40;4.15;817;24;1765.00;4
4360;24;626621794;4360;248;5175;5179;9.26;0.56;245.44;4.15;815;24;1766.00;4
4362;24;626621807;4362;246;5175;5179;9.33;0.57;245.45;4.15;813;24;1767.00;4
4364;24;626621820;4364;242;5175;5179;9.37;0.57;245.44;4.15;811;24;1768.00;4
4366;24;626621838;4366;235;5175;5179;9.35;0.57;245.54;4.15;809;24;1769.00;4
4368;24;626621853;4368;232;5178;5183;9.32;0.57;245.56;4.15;810;24;1770.00;5
4375;25;626621865;4375;233;5178;5183;9.25;0.56;245.74;4.15;803;25;1771.00;5
4376;25;626621893;4376;229;5181;5187;9.27;0.56;245.78;4.15;805;25;1772.00;6
4378;25;626621910;4378;226;5182;5188;9.24;0.56;245.89;4.15;804;25;1773.00;6
4378;25;626621922;4378;224;5183;5188;9.29;0.56;245.89;4.15;805;25;1774.00;5
4383;25;626621934;4383;228;5183;5188;9.30;0.56;245.91;4.15;800;25;1775.00;5
4386;25;626621946;4386;230;5193;5201;9.39;0.57;245.91;4.14;807;25;1776.00;8
4388;25;626621958;4388;235;5193;5201;9.38;0.57;245.88;4.14;805;25;1777.00;8
4393;25;626621971;4393;236;5194;5201;9.43;0.57;246.06;4.14;801;25;1778.00;7
4395;25;626621983;4395;237;5195;5202;9.50;0.58;246.12;4.14;800;25;1779.00;7
4397;25;626621995;4397;240;5195;5203;9.58;0.58;246.10;4.14;798;25;1780.00;8
4404;25;626622006;4404;247;5195;5203;9.52;0.58;246.16;4.14;791;25;1781.00;8
4408;25;626622018;4408;250;5197;5206;9.51;0.58;246.24;4.14;789;25;1782.00;9
4411;25;626622029;4411;247;5197;5206;9.43;0.57;246.27;4.14;786;25;1783.00;9
4416;25;626622041;4416;250;5198;5206;9.37;0.57;246.36;4.14;782;25;1784.00;8
4418;25;626622052;4418;246;5198;5206;9.26;0.56;246.44;4.14;780;25;1785.00;8
4422;25;626622063;4422;245;5202;5212;9.17;0.56;246.54;4.14;780;25;1786.00;10
4426;25;626622074;4426;249;5202;5212;9.05;0.55;246.72;4.14;776;25;1787.00;10
4427;25;626622086;4427;247;5203;5212;9.00;0.55;246.73;4.14;776;25;1788.00;9
4429;25;626622097;4429;252;5203;5212;9.01;0.55;246.77;4.14;774;25;1789.00;9
4432;25;626622108;4432;245;5206;5216;8.99;0.55;246.81;4.13;774;25;1790.00;10
4432;25;626622119;4432;240;5207;5217;9.03;0.55;246.81;4.13;775;25;1791.00;10
4435;25;626622130;4435;233;5207;5217;9.10;0.56;246.86;4.13;772;25;1792.00;10
4436;25;626622141;4436;229;5208;5218;9.21;0.56;246.90;4.13;772;25;1793.00;10
4438;25;626622152;4438;226;5208;5218;9.30;0.57;246.97;4.13;770;25;1794.00;10
4441;25;626622163;4441;217;5208;5218;9.32;0.57;246.99;4.13;767;25;1795.00;10
4445;25;626622174;4445;214;5208;5218;9.30;0.57;247.09;4.13;763;25;1796.00;10
4448;25;626622185;4448;207;5208;5218;9.32;0.57;247.14;4.13;760;25;1797.00;10
4452;25;626622196;4452;204;5208;5218;9.33;0.57;247.23;4.13;756;25;1798.00;10
4455;25;626622207;4455;189;5208;5218;9.35;0.57;247.31;4.13;753;25;1799.00;10
4459;25;626622220;4459;199;5270;5356;9.21;0.57;247.28;4.08;811;25;1800.00;86
4465;25;626622249;4465;180;5270;5357;9.19;0.57;247.51;4.08;805;25;1801.00;87
4470;25;626622261;4470;167;5278;5357;9.23;0.57;247.65;4.08;808;25;1802.00;79
4472;25;626622271;4472;158;5281;5357;9.28;0.57;247.68;4.08;809;25;1803.00;76
4477;25;626622281;4477;151;5285;5357;9.23;0.57;247.77;4.08;808;25;1804.00;72
4480;25;626622292;4480;145;5290;5357;9.22;0.57;247.81;4.10;810;25;1805.00;67
4481;25;626622303;4481;145;5293;5357;9.28;0.57;247.83;4.10;812;25;1806.00;64
4485;25;626622319;4485;146;5298;5357;9.38;0.58;247.87;4.10;813;25;1807.00;59
4490;25;626622330;4490;137;5300;5358;9.43;0.58;247.97;4.10;810;25;1808.00;58
4496;25;626622342;4496;136;5304;5359;9.53;0.58;248.05;4.12;808;25;1809.00;55
4500;25;626622353;4500;140;5308;5359;9.65;0.59;248.12;4.12;808;25;1810.00;51
4502;25;626622364;4502;139;5315;5363;9.74;0.60;248.10;4.13;813;25;1811.00;48
4507;25;626622375;4507;130;5318;5363;9.73;0.60;248.06;4.13;811;25;1812.00;45
4510;25;626622386;4510;124;5320;5363;9.76;0.60;248.07;4.13;810;25;1813.00;43
4514;25;626622398;4514;124;5320;5363;9.78;0.60;248.03;4.13;806;25;1814.00;43
4515;25;626622409;4515;131;5323;5369;9.76;0.60;248.08;4.13;808;25;1815.00;46
4519;25;626622421;4519;131;5324;5369;9.71;0.59;248.06;4.14;805;25;1816.00;45
4524;25;626622432;4524;136;5327;5369;9.70;0.59;248.08;4.14;803;25;1817.00;42
4527;25;626622443;4527;137;5330;5372;9.73;0.59;248.11;4.14;803;25;1818.00;42
4528;25;626622454;4528;138;5331;5372;9.74;0.59;248.17;4.14;803;25;1819.00;41
4531;25;626622465;4531;144;5332;5372;9.77;0.60;248.25;4.15;801;25;1820.00;40
4534;25;626622477;4534;148;5332;5373;9.90;0.60;248.35;4.15;798;25;1821.00;41
4537;25;626622488;4537;151;5334;5374;10.08;0.62;248.30;4.15;797;25;1822.00;40
4542;25;626622500;4542;153;5337;5374;10.14;0.62;248.35;4.16;795;25;1823.00;37
4544;25;626622511;4544;151;5346;5387;10.15;0.62;248.38;4.16;802;25;1824.00;41
4547;25;626622524;4547;148;5347;5387;10.15;0.62;248.46;4.16;800;25;1825.00;40
4550;25;626622536;4550;146;5349;5387;10.06;0.61;248.49;4.16;799;25;1826.00;38
4554;25;626622553;4554;150;5352;5388;10.01;0.61;248.50;4.17;798;25;1827.00;36
4558;25;626622565;4558;157;5354;5388;9.99;0.61;248.54;4.18;796;25;1828.00;34
4560;25;626622576;4560;163;5357;5392;10.03;0.61;248.55;4.18;797;25;1829.00;35
4563;25;626622589;4563;164;5359;5392;9.97;0.61;248.63;4.20;796;25;1830.00;33
4567;25;626622601;4567;170;5362;5396;9.91;0.60;248.65;4.20;795;25;1831.00;34
4569;25;626622612;4569;172;5364;5396;9.89;0.60;248.64;4.20;795;25;1832.00;32
4570;25;626622624;4570;179;5366;5396;9.95;0.61;248.67;4.22;796;25;1833.00;30
4573;25;626622635;4573;187;5367;5396;9.94;0.61;248.64;4.22;794;25;1834.00;29
4576;25;626622647;4576;189;5368;5396;9.91;0.60;248.61;4.23;792;25;1835.00;28
4580;25;626622658;4580;192;5380;5408;9.91;0.60;248.68;4.23;800;25;1836.00;28
4580;25;626622670;4580;196;5381;5408;9.92;0.61;248.68;4.24;801;25;1837.00;27
4583;25;626622680;4583;200;5384;5408;9.90;0.60;248.78;4.25;801;25;1838.00;24
4587;25;626622692;4587;207;5386;5408;9.89;0.60;248.84;4.26;799;25;1839.00;22
4590;25;626622703;4590;210;5387;5408;9.86;0.60;248.80;4.27;797;25;1840.00;21
4592;25;626622713;4592;212;5388;5408;9.83;0.60;248.80;4.28;796;25;1841.00;20
4595;25;626622724;4595;217;5389;5409;9.77;0.60;248.89;4.28;794;25;1842.00;20
4597;25;626622735;4597;218;5390;5409;9.67;0.59;248.86;4.29;793;25;1843.00;19
4597;25;626622746;4597;222;5395;5415;9.69;0.59;248.86;4.29;798;25;1844.00;20
4599;25;626622757;4599;229;5398;5417;9.62;0.59;248.84;4.29;799;25;1845.00;19
4603;25;626622773;4603;236;5400;5417;9.47;0.58;249.02;4.30;797;25;1846.00;17
4607;25;626622785;4607;240;5400;5417;9.33;0.57;249.03;4.30;793;25;1847.00;17
4608;25;626622795;4608;244;5405;5421;9.25;0.57;249.01;4.31;797;25;1848.00;16
4612;25;626622805;4612;246;5405;5421;9.11;0.56;249.01;4.31;793;25;1849.00;16
4614;25;626622816;4614;248;5405;5421;8.96;0.55;249.04;4.31;791;25;1850.00;16
4614;25;626622825;4614;248;5406;5422;8.82;0.54;249.04;4.31;792;25;1851.00;16
4616;25;626622840;4616;255;5412;5426;8.72;0.53;249.00;4.32;796;25;1852.00;14
4621;25;626622850;4621;257;5412;5426;8.57;0.52;248.91;4.32;791;25;1853.00;14
4624;25;626622861;4624;257;5417;5429;8.51;0.52;248.90;4.34;793;25;1854.00;12
4626;25;626622871;4626;246;5418;5429;8.50;0.52;248.85;4.33;792;25;1855.00;11
4628;25;626622880;4628;246;5419;5429;8.47;0.52;248.84;4.34;791;25;1856.00;10
4630;25;626622890;4630;250;5420;5429;8.37;0.51;248.84;4.34;790;25;1857.00;9
4633;25;626622899;4633;253;5423;5433;8.33;0.51;248.76;4.34;790;25;1858.00;10
4634;25;626622909;4634;252;5423;5433;8.30;0.51;248.74;4.34;789;25;1859.00;10
4636;25;626622920;4636;256;5425;5433;8.22;0.50;248.72;4.34;789;25;1860.00;8
4638;25;626622934;4638;257;5425;5433;8.15;0.50;248.68;4.34;787;25;1861.00;8
4640;25;626622944;4640;262;5425;5434;8.07;0.49;248.66;4.34;785;25;1862.00;9
4642;25;626622952;4642;270;5427;5435;7.95;0.49;248.61;4.33;785;25;1863.00;8
4645;25;626622961;4645;271;5427;5435;7.83;0.48;248.61;4.33;782;25;1864.00;8
4648;25;626622976;4648;274;5428;5436;7.71;0.47;248.60;4.33;780;25;1865.00;8
4654;25;626622986;4654;282;5428;5436;7.58;0.47;248.77;4.33;774;25;1866.00;8
4655;25;626622995;4655;287;5428;5436;7.49;0.46;248.75;4.33;773;25;1867.00;8
4661;25;626623003;4661;295;5428;5436;7.26;0.45;248.67;4.33;767;25;1868.00;8
4663;25;626623011;4663;301;5428;5436;7.06;0.44;248.60;4.33;765;25;1869.00;8
4664;25;626623019;4664;298;5428;5436;6.94;0.43;248.59;4.33;764;25;1870.00;8
4667;25;626623027;4667;296;5428;5436;6.75;0.42;248.60;4.33;761;25;1871.00;8
4670;25;626623041;4670;312;5496;5563;6.98;0.44;248.50;4.28;826;25;1872.00;67
4675;25;626623059;4675;308;5499;5564;6.89;0.43;248.52;4.28;824;25;1873.00;65
4677;25;626623068;4677;307;5509;5564;7.00;0.44;248.52;4.28;832;25;1874.00;55
4680;25;626623077;4680;312;5515;5564;7.03;0.44;248.57;4.27;835;25;1875.00;49
4684;25;626623086;4684;313;5524;5564;7.06;0.44;248.70;4.27;840;25;1876.00;40
4684;25;626623095;4684;310;5529;5564;7.08;0.44;248.70;4.27;845;25;1877.00;35
4687;25;626623104;4687;308;5535;5564;7.09;0.44;248.87;4.28;848;25;1878.00;29
4689;25;626623114;4689;309;5539;5564;7.10;0.44;248.86;4.28;850;25;1879.00;25
4691;25;626623130;4691;319;5543;5565;7.06;0.44;248.86;4.28;852;25;1880.00;22
4693;25;626623140;4693;315;5545;5566;7.03;0.44;248.93;4.28;852;25;1881.00;21
4695;25;626623150;4695;314;5546;5568;7.00;0.43;248.99;4.28;851;25;1882.00;22
4699;25;626623160;4699;322;5549;5569;6.97;0.43;248.88;4.28;850;25;1883.00;20
4702;25;626623170;4702;326;5550;5569;6.96;0.43;248.86;4.29;848;25;1884.00;19
4705;25;626623180;4705;333;5553;5569;7.03;0.44;248.90;4.29;848;25;1885.00;16
4707;25;626623190;4707;337;5554;5569;7.08;0.44;248.86;4.29;847;25;1886.00;15
4712;25;626623199;4712;333;5558;5573;6.99;0.43;248.83;4.29;846;25;1887.00;15
4716;25;626623214;4716;330;5559;5573;6.88;0.43;248.92;4.29;843;25;1888.00;14
4718;25;626623229;4718;328;5559;5573;6.87;0.42;249.03;4.29;841;25;1889.00;14
4721;25;626623246;4721;326;5563;5579;6.87;0.42;249.03;4.29;842;25;1890.00;16
4723;25;626623265;4723;323;5563;5579;6.85;0.42;249.10;4.29;840;25;1891.00;16
4726;25;626623280;4726;318;5564;5579;6.87;0.42;249.05;4.29;838;25;1892.00;15
4732;25;626623296;4732;310;5569;5583;6.92;0.42;248.92;4.29;837;25;1893.00;14
4733;25;626623313;4733;302;5570;5584;6.99;0.43;248.87;4.29;837;25;1894.00;14
4738;25;626623326;4738;302;5572;5584;7.01;0.43;248.78;4.29;834;25;1895.00;12
4742;25;626623339;4742;299;5577;5588;7.05;0.43;248.75;4.29;835;25;1896.00;11
4745;25;626623352;4745;303;5578;5588;7.09;0.43;248.74;4.29;833;25;1897.00;10
4747;25;626623376;4747;305;5578;5588;7.14;0.44;248.78;4.29;831;25;1898.00;10
4750;25;626623389;4750;312;5579;5589;7.24;0.44;248.67;4.29;829;25;1899.00;10
4751;25;626623402;4751;313;5579;5589;7.26;0.44;248.70;4.29;828;25;1900.00;10
4755;25;626623419;4755;317;5583;5595;7.31;0.44;248.65;4.29;828;25;1901.00;12
4759;25;626623432;4759;322;5584;5595;7.38;0.45;248.86;4.29;825;25;1902.00;11
4761;25;626623443;4761;320;5585;5596;7.42;0.45;248.87;4.29;824;25;1903.00;11
4765;25;626623456;4765;318;5585;5596;7.43;0.45;248.82;4.29;820;25;1904.00;11
4767;25;626623477;4767;319;5585;5596;7.48;0.46;248.83;4.29;818;25;1905.00;11
4771;25;626623489;4771;317;5585;5596;7.50;0.46;248.81;4.29;814;25;1906.00;11
4773;25;626623502;4773;320;5585;5596;7.52;0.46;248.84;4.29;812;25;1907.00;11
4776;25;626623514;4776;325;5594;5608;7.61;0.46;248.82;4.28;818;25;1908.00;14
4778;25;626623528;4778;329;5595;5608;7.61;0.46;248.83;4.28;817;25;1909.00;13
4782;25;626623540;4782;332;5596;5608;7.62;0.46;248.84;4.28;814;25;1910.00;12
4784;25;626623552;4784;339;5596;5608;7.62;0.46;248.79;4.28;812;25;1911.00;12
4786;25;626623564;4786;345;5596;5608;7.58;0.46;248.94;4.28;810;25;1912.00;12
4787;25;626623575;4787;345;5596;5608;7.55;0.46;248.92;4.28;809;25;1913.00;12
4790;25;626623586;4790;349;5600;5612;7.51;0.46;249.09;4.30;810;25;1914.00;12
4792;25;626623598;4792;351;5600;5612;7.43;0.45;249.10;4.30;808;25;1915.00;12
4794;25;626623609;4794;353;5603;5616;7.38;0.45;249.16;4.30;809;25;1916.00;13
4798;25;626623621;4798;343;5604;5617;7.36;0.45;249.18;4.29;806;25;1917.00;13
4800;25;626623633;4800;341;5605;5617;7.45;0.45;249.17;4.29;805;25;1918.00;12
4803;25;626623645;4803;334;5605;5617;7.45;0.45;249.22;4.29;802;25;1919.00;12
4806;25;626623659;4806;335;5627;5646;7.57;0.46;249.28;4.28;821;25;1920.00;19
4809;25;626623672;4809;333;5628;5646;7.58;0.46;249.37;4.28;819;25;1921.00;18
4813;25;626623685;4813;328;5629;5646;7.64;0.46;249.36;4.28;816;25;1922.00;17
4816;25;626623696;4816;326;5631;5647;7.70;0.47;249.34;4.28;815;25;1923.00;16
4817;25;626623708;4817;321;5631;5648;7.73;0.47;249.34;4.28;814;25;1924.00;17
4821;25;626623720;4821;327;5631;5648;7.73;0.47;249.37;4.28;810;25;1925.00;17
4823;25;626623731;4823;308;5634;5651;7.80;0.47;249.42;4.27;811;25;1926.00;17
4824;25;626623745;4824;292;5634;5651;7.81;0.47;249.48;4.27;810;25;1927.00;17
4828;25;626623757;4828;290;5634;5651;7.80;0.47;249.50;4.27;806;25;1928.00;17
4829;25;626623769;4829;283;5635;5651;7.85;0.48;249.49;4.30;806;25;1929.00;16
4831;25;626623782;4831;281;5639;5657;7.88;0.48;249.49;4.29;808;25;1930.00;18
4833;25;626623795;4833;279;5639;5657;7.90;0.48;249.48;4.29;806;25;1931.00;18
4837;25;626623807;4837;275;5640;5657;7.85;0.48;249.47;4.29;803;25;1932.00;17
4841;26;626623826;4841;276;5640;5657;7.86;0.48;249.48;4.29;799;26;1933.00;17
4844;26;626623847;4844;278;5643;5661;7.85;0.48;249.50;4.29;799;26;1934.00;18
4846;26;626623859;4846;278;5646;5663;7.88;0.48;249.49;4.31;800;26;1935.00;17
4848;26;626623876;4848;278;5646;5663;7.96;0.48;249.50;4.31;798;26;1936.00;17
4850;26;626623888;4850;278;5647;5664;8.05;0.49;249.51;4.31;797;26;1937.00;17
4851;26;626623900;4851;275;5647;5664;8.05;0.49;249.52;4.31;796;26;1938.00;17
4852;26;626623912;4852;272;5647;5664;8.09;0.49;249.56;4.31;795;26;1939.00;17
4854;26;626623924;4854;270;5647;5664;8.11;0.49;249.57;4.31;793;26;1940.00;17
4860;26;626623936;4860;269;5647;5664;8.09;0.49;249.59;4.31;787;26;1941.00;17
4861;26;626623947;4861;274;5647;5664;8.13;0.50;249.60;4.31;786;26;1942.00;17
4864;26;626623958;4864;272;5647;5664;8.14;0.50;249.70;4.31;783;26;1943.00;17
4867;26;626623970;4867;286;5691;5734;8.05;0.49;249.67;4.28;824;26;1944.00;43
4867;26;626623987;4867;276;5691;5735;8.14;0.50;249.67;4.28;824;26;1945.00;44
4870;26;626623998;4870;272;5696;5735;8.30;0.51;249.65;4.28;826;26;1946.00;39
4873;26;626624010;4873;260;5700;5735;8.43;0.51;249.71;4.28;827;26;1947.00;35
4875;26;626624021;4875;258;5705;5735;8.57;0.52;249.75;4.28;830;26;1948.00;30
4877;26;626624033;4877;251;5709;5735;8.60;0.52;249.85;4.28;832;26;1949.00;26
4879;26;626624046;4879;249;5712;5737;8.64;0.53;249.88;4.30;833;26;1950.00;25
4881;26;626624058;4881;253;5712;5737;8.66;0.53;249.89;4.30;831;26;1951.00;25
4882;26;626624070;4882;258;5715;5738;8.74;0.53;250.00;4.30;833;26;1952.00;23
4885;26;626624081;4885;259;5716;5739;8.77;0.53;249.98;4.30;831;26;1953.00;23
4887;26;626624094;4887;258;5717;5739;8.75;0.53;249.98;4.30;830;26;1954.00;22
4888;26;626624105;4888;269;5720;5743;8.73;0.53;249.97;4.30;832;26;1955.00;23
4888;26;626624122;4888;267;5721;5743;8.67;0.53;249.97;4.30;833;26;1956.00;22
4890;26;626624134;4890;265;5721;5743;8.67;0.53;250.01;4.30;831;26;1957.00;22
4892;26;626624145;4892;266;5721;5743;8.67;0.53;250.00;4.30;829;26;1958.00;22
4893;26;626624157;4893;267;5726;5749;8.66;0.53;249.98;4.30;833;26;1959.00;23
4895;26;626624175;4895;263;5726;5749;8.69;0.53;249.98;4.30;831;26;1960.00;23
4897;26;626624187;4897;255;5726;5749;8.71;0.53;249.92;4.30;829;26;1961.00;23
4899;26;626624207;4899;249;5729;5752;8.70;0.53;249.90;4.30;830;26;1962.00;23
4905;26;626624221;4905;247;5729;5752;8.69;0.53;250.15;4.30;824;26;1963.00;23
4906;26;626624232;4906;247;5729;5752;8.78;0.53;250.15;4.30;823;26;1964.00;23
4909;26;626624243;4909;244;5729;5753;8.76;0.53;250.17;4.30;820;26;1965.00;24
4913;26;626624254;4913;245;5730;5754;8.83;0.54;250.27;4.29;817;26;1966.00;24
4916;26;626624265;4916;236;5731;5754;8.84;0.54;250.31;4.32;815;26;1967.00;23
4921;26;626624276;4921;242;5740;5767;8.81;0.53;250.33;4.32;819;26;1968.00;27
4924;26;626624287;4924;233;5740;5767;8.84;0.54;250.43;4.32;816;26;1969.00;27
4927;26;626624297;4927;228;5740;5767;8.76;0.53;250.53;4.32;813;26;1970.00;27
4932;26;626624308;4932;223;5741;5768;8.73;0.53;250.59;4.32;809;26;1971.00;27
4934;26;626624318;4934;219;5741;5768;8.68;0.53;250.58;4.32;807;26;1972.00;27
4937;26;626624329;4937;212;5745;5772;8.68;0.53;250.62;4.34;808;26;1973.00;27
4941;26;626624340;4941;202;5746;5772;8.72;0.53;250.69;4.34;805;26;1974.00;26
4943;26;626624357;4943;195;5749;5776;8.76;0.53;250.69;4.34;806;26;1975.00;27
4948;26;626624368;4948;194;5749;5776;8.87;0.54;250.63;4.34;801;26;1976.00;27
4951;26;626624379;4951;187;5751;5776;8.94;0.54;250.62;4.38;800;26;1977.00;25
4955;26;626624389;4955;173;5752;5776;9.06;0.55;250.59;4.40;797;26;1978.00;24
4958;26;626624399;4958;164;5752;5776;9.17;0.56;250.58;4.40;794;26;1979.00;24
4961;26;626624411;4961;161;5772;5810;9.31;0.57;250.61;4.38;811;26;1980.00;38
4963;26;626624425;4963;156;5773;5810;9.37;0.57;250.70;4.38;810;26;1981.00;37
4966;26;626624436;4966;155;5773;5810;9.40;0.57;250.75;4.38;807;26;1982.00;37
4970;26;626624446;4970;153;5774;5810;9.38;0.57;250.86;4.38;804;26;1983.00;36
4971;26;626624458;4971;156;5774;5810;9.39;0.57;250.94;4.38;803;26;1984.00;36
4973;26;626624469;4973;154;5775;5810;9.46;0.57;250.98;4.38;802;26;1985.00;35
4977;26;626624479;4977;157;5775;5811;9.55;0.58;251.24;4.38;798;26;1986.00;36
4981;26;626624490;4981;155;5777;5811;9.60;0.58;251.20;4.38;796;26;1987.00;34
4984;26;626624500;4984;154;5779;5817;9.64;0.58;251.31;4.38;795;26;1988.00;38
4989;26;626624512;4989;153;5782;5818;9.58;0.58;251.33;4.38;793;26;1989.00;36
4989;26;626624523;4989;154;5783;5818;9.56;0.58;251.33;4.38;794;26;1990.00;35
4993;26;626624533;4993;155;5784;5818;9.52;0.58;251.38;4.39;791;26;1991.00;34
4995;26;626624544;4995;155;5788;5822;9.50;0.58;251.41;4.39;793;26;1992.00;34
4995;26;626624555;4995;157;5788;5822;9.50;0.58;251.41;4.39;793;26;1993.00;34
4999;26;626624566;4999;164;5788;5822;9.46;0.58;251.32;4.39;789;26;1994.00;34
4999;26;626624576;4999;174;5790;5823;9.49;0.58;251.32;4.40;791;26;1995.00;33
5001;26;626624586;5001;178;5795;5827;9.45;0.58;251.35;4.41;794;26;1996.00;32
5002;26;626624603;5002;183;5795;5827;9.40;0.57;251.39;4.41;793;26;1997.00;32
5002;26;626624615;5002;185;5797;5830;9.40;0.57;251.39;4.40;795;26;1998.00;33
5007;26;626624625;5007;191;5800;5830;9.35;0.57;251.45;4.42;793;26;1999.00;30
5011;26;626624638;5011;198;5801;5830;9.32;0.57;251.43;4.43;790;26;2000.00;29
5015;26;626624653;5015;199;5802;5830;9.29;0.57;251.53;4.43;787;26;2001.00;28
5017;26;626624664;5017;203;5807;5834;9.28;0.57;251.61;4.45;790;26;2002.00;27
5020;26;626624675;5020;208;5808;5834;9.24;0.56;251.64;4.45;788;26;2003.00;26
5025;26;626624686;5025;206;5809;5834;9.22;0.56;251.66;4.45;784;26;2004.00;25
5028;26;626624697;5028;208;5810;5834;9.17;0.56;251.65;4.47;782;26;2005.00;24
5029;26;626624708;5029;209;5812;5835;9.12;0.55;251.62;4.47;783;26;2006.00;23
5030;26;626624718;5030;211;5814;5836;9.08;0.55;251.59;4.49;784;26;2007.00;22
5031;26;626624728;5031;216;5815;5836;9.03;0.55;251.59;4.49;784;26;2008.00;21
5035;26;626624738;5035;223;5816;5837;8.96;0.55;251.65;4.49;781;26;2009.00;21
5036;26;626624751;5036;222;5817;5837;8.97;0.55;251.62;4.50;781;26;2010.00;20
5036;26;626624760;5036;228;5818;5837;8.97;0.55;251.62;4.50;782;26;2011.00;19
5039;26;626624770;5039;228;5819;5837;8.89;0.54;251.62;4.51;780;26;2012.00;18
5041;26;626624780;5041;231;5820;5837;8.79;0.54;251.65;4.53;779;26;2013.00;17
5043;26;626624790;5043;236;5821;5837;8.69;0.53;251.65;4.53;778;26;2014.00;16
5045;26;626624800;5045;242;5821;5837;8.60;0.52;251.59;4.53;776;26;2015.00;16
5048;26;626624808;5048;268;5888;5964;8.67;0.54;251.53;4.49;840;26;2016.00;76
5050;26;626624828;5050;266;5892;5965;8.53;0.53;251.45;4.49;842;26;2017.00;73
5051;26;626624838;5051;268;5903;5965;8.47;0.52;251.41;4.50;852;26;2018.00;62
5052;26;626624848;5052;266;5908;5965;8.35;0.52;251.42;4.51;856;26;2019.00;57
5055;26;626624858;5055;266;5915;5965;8.31;0.51;251.34;4.51;860;26;2020.00;50
5059;26;626624868;5059;266;5919;5965;8.26;0.51;251.25;4.51;860;26;2021.00;46
5060;26;626624877;5060;269;5926;5965;8.25;0.51;251.23;4.52;866;26;2022.00;39
5061;26;626624887;5061;266;5931;5965;8.22;0.51;251.22;4.52;870;26;2023.00;34
5065;26;626624897;5065;270;5936;5966;8.18;0.50;251.12;4.53;871;26;2024.00;30
5068;26;626624914;5068;274;5939;5968;8.13;0.50;251.02;4.53;871;26;2025.00;29
5069;26;626624924;5069;281;5942;5968;8.15;0.50;250.99;4.53;873;26;2026.00;26
5070;26;626624935;5070;288;5944;5969;8.11;0.50;250.97;4.53;874;26;2027.00;25
5071;26;626624951;5071;299;5946;5969;8.09;0.50;250.98;4.53;875;26;2028.00;23
5071;26;626624961;5071;305;5949;5969;7.99;0.49;250.98;4.54;878;26;2029.00;20
5073;26;626624971;5073;310;5950;5969;7.86;0.48;250.95;4.54;877;26;2030.00;19
5073;26;626624981;5073;322;5954;5973;7.75;0.48;250.95;4.54;881;26;2031.00;19
5075;26;626624991;5075;334;5957;5973;7.63;0.47;251.04;4.55;882;26;2032.00;16
5075;26;626625001;5075;342;5957;5973;7.55;0.46;251.04;4.55;882;26;2033.00;16
5077;26;626625011;5077;345;5962;5976;7.40;0.46;251.01;4.55;885;26;2034.00;14
5081;26;626625021;5081;347;5963;5976;7.30;0.45;251.01;4.55;882;26;2035.00;13
5083;26;626625032;5083;354;5964;5976;7.17;0.44;250.99;4.55;881;26;2036.00;12
5086;26;626625042;5086;361;5968;5980;7.00;0.43;251.04;4.55;882;26;2037.00;12
5089;26;626625052;5089;365;5970;5981;6.86;0.42;251.14;4.55;881;26;2038.00;11
5090;26;626625062;5090;369;5970;5981;6.69;0.41;251.10;4.55;880;26;2039.00;11
5093;26;626625073;5093;357;5976;5986;6.59;0.41;251.12;4.55;883;26;2040.00;10
5095;26;626625083;5095;349;5976;5986;6.51;0.40;251.12;4.55;881;26;2041.00;10
5101;26;626625092;5101;352;5976;5986;6.36;0.39;251.07;4.55;875;26;2042.00;10
5104;26;626625101;5104;342;5977;5987;6.28;0.39;251.06;4.55;873;26;2043.00;10
5106;26;626625111;5106;323;5977;5987;6.23;0.38;251.09;4.55;871;26;2044.00;10
5110;26;626625120;5110;322;5982;5993;6.31;0.39;251.07;4.54;872;26;2045.00;11
5111;26;626625131;5111;313;5983;5993;6.42;0.39;251.06;4.54;872;26;2046.00;10
5114;26;626625141;5114;306;5984;5994;6.47;0.40;251.04;4.54;870;26;2047.00;10
5118;26;626625151;5118;302;5984;5994;6.55;0.40;251.06;4.54;866;26;2048.00;10
5119;26;626625162;5119;298;5984;5994;6.67;0.41;251.02;4.54;865;26;2049.00;10
5122;26;626625177;5122;293;5984;5994;6.79;0.41;251.03;4.54;862;26;2050.00;10
5125;26;626625188;5125;284;5984;5994;6.86;0.42;251.08;4.54;859;26;2051.00;10
5126;26;626625198;5126;278;5995;6006;6.99;0.43;251.05;4.53;869;26;2052.00;11
5128;26;626625212;5128;270;5995;6006;7.03;0.43;251.09;4.53;867;26;2053.00;11
5131;26;626625242;5131;273;5996;6006;7.14;0.44;251.09;4.53;865;26;2054.00;10
5136;26;626625258;5136;268;5996;6006;7.14;0.43;250.96;4.53;860;26;2055.00;10
5138;26;626625276;5138;269;5996;6006;7.20;0.44;251.04;4.53;858;26;2056.00;10
5140;26;626625293;5140;269;5996;6006;7.23;0.44;251.10;4.53;856;26;2057.00;10
5142;26;626625308;5142;271;6000;6010;7.28;0.44;251.05;4.53;858;26;2058.00;10
5144;26;626625324;5144;275;6000;6010;7.32;0.45;251.11;4.53;856;26;2059.00;10
5148;26;626625336;5148;271;6003;6014;7.38;0.45;251.10;4.53;855;26;2060.00;11
5149;26;626625351;5149;264;6004;6015;7.47;0.46;251.09;4.53;855;26;2061.00;11
5153;26;626625363;5153;263;6005;6015;7.49;0.46;251.09;4.53;852;26;2062.00;10
5156;26;626625376;5156;261;6005;6015;7.50;0.46;251.04;4.53;849;26;2063.00;10
5160;26;626625388;5160;266;6018;6028;7.52;0.46;251.03;4.52;858;26;2064.00;10
5164;26;626625401;5164;267;6018;6028;7.52;0.46;251.10;4.52;854;26;2065.00;10
5168;26;626625413;5168;262;6018;6028;7.54;0.46;251.13;4.52;850;26;2066.00;10
5171;26;626625426;5171;261;6019;6029;7.55;0.46;251.16;4.52;848;26;2067.00;10
5173;26;626625438;5173;257;6020;6030;7.55;0.46;251.29;4.52;847;26;2068.00;10
5176;26;626625450;5176;252;6020;6030;7.56;0.46;251.35;4.52;844;26;2069.00;10
5182;26;626625463;5182;251;6023;6036;7.67;0.47;251.46;4.51;841;26;2070.00;13
5185;26;626625476;5185;251;6023;6036;7.73;0.47;251.46;4.51;838;26;2071.00;13
5189;26;626625488;5189;254;6024;6036;7.78;0.48;251.52;4.51;835;26;2072.00;12
5195;26;626625499;5195;258;6024;6036;7.79;0.48;251.71;4.51;829;26;2073.00;12
5197;26;626625511;5197;257;6029;6042;7.92;0.48;251.73;4.51;832;26;2074.00;13
5200;26;626625524;5200;260;6029;6042;7.97;0.49;251.76;4.51;829;26;2075.00;13
5205;26;626625536;5205;261;6030;6042;8.03;0.49;251.89;4.51;825;26;2076.00;12
5208;26;626625547;5208;263;6030;6042;8.06;0.49;251.91;4.51;822;26;2077.00;12
5213;26;626625558;5213;263;6034;6046;8.08;0.49;252.02;4.51;821;26;2078.00;12
5217;26;626625571;5217;263;6035;6047;8.05;0.49;252.09;4.51;818;26;2079.00;12
5221;26;626625583;5221;263;6036;6047;8.04;0.49;252.13;4.51;815;26;2080.00;11
5226;26;626625596;5226;268;6038;6048;7.92;0.49;252.12;4.51;812;26;2081.00;10
5231;26;626625615;5231;278;6038;6048;7.79;0.48;252.16;4.51;807;26;2082.00;10
5236;26;626625626;5236;282;6038;6048;7.64;0.47;252.22;4.51;802;26;2083.00;10
5239;26;626625638;5239;285;6038;6048;7.56;0.46;252.26;4.51;799;26;2084.00;10
5243;26;626625649;5243;288;6038;6048;7.55;0.46;252.22;4.51;795;26;2085.00;10
5245;26;626625662;5245;291;6038;6048;7.54;0.46;252.26;4.51;793;26;2086.00;10
5248;26;626625673;5248;288;6038;6048;7.52;0.46;252.36;4.51;790;26;2087.00;10
5251;26;626625684;5251;291;6084;6118;7.69;0.47;252.44;4.48;833;26;2088.00;34
5253;26;626625702;5253;278;6085;6119;7.75;0.47;252.43;4.47;832;26;2089.00;34
5256;26;626625714;5256;276;6091;6119;7.85;0.48;252.54;4.47;835;26;2090.00;28
5259;26;626625726;5259;274;6092;6119;7.91;0.49;252.65;4.47;833;26;2091.00;27
5263;26;626625738;5263;271;6097;6119;8.03;0.49;252.78;4.47;834;26;2092.00;22
5267;26;626625751;5267;268;6100;6119;8.13;0.50;252.85;4.47;833;26;2093.00;19
5268;26;626625764;5268;276;6104;6119;8.26;0.50;252.83;4.47;836;26;2094.00;15
5271;27;626625776;5271;280;6105;6119;8.22;0.50;252.84;4.52;834;27;2095.00;14
5275;27;626625803;5275;267;6107;6120;8.22;0.50;252.83;4.52;832;27;2096.00;13
5276;28;626625817;5276;256;6108;6121;8.22;0.50;252.81;4.52;832;28;2097.00;13
5279;28;626625847;5279;247;6110;6121;8.17;0.50;252.82;4.56;831;28;2098.00;11
5281;28;626625860;5281;241;6113;6125;8.16;0.50;252.80;4.56;832;28;2099.00;12
5283;28;626625877;5283;246;6117;6140;8.16;0.50;252.79;4.55;834;28;2100.00;23
5286;28;626625897;5286;238;6117;6140;8.26;0.50;252.85;4.55;831;28;2101.00;23
5289;28;626625909;5289;238;6117;6140;8.37;0.51;252.85;4.55;828;28;2102.00;23
5292;28;626625927;5292;240;6120;6146;8.51;0.52;252.81;4.55;828;28;2103.00;26
5296;28;626625941;5296;236;6120;6146;8.56;0.52;252.90;4.55;824;28;2104.00;26
5296;28;626625952;5296;241;6121;6146;8.64;0.53;252.90;4.55;825;28;2105.00;25
5300;28;626625964;5300;235;6125;6149;8.73;0.53;253.04;4.59;825;28;2106.00;24
5303;28;626625978;5303;225;6125;6149;8.83;0.54;253.15;4.59;822;28;2107.00;24
5306;28;626625995;5306;220;6125;6149;8.91;0.54;253.29;4.59;819;28;2108.00;24
5309;28;626626008;5309;212;6125;6150;8.97;0.54;253.29;4.59;816;28;2109.00;25
5313;28;626626020;5313;208;6126;6151;8.97;0.54;253.34;4.59;813;28;2110.00;25
5316;28;626626032;5316;200;6127;6151;8.95;0.54;253.41;4.59;811;28;2111.00;24
5318;28;626626045;5318;202;6137;6164;8.94;0.54;253.42;4.58;819;28;2112.00;27
5321;28;626626057;5321;199;6137;6164;8.97;0.54;253.47;4.58;816;28;2113.00;27
5323;28;626626069;5323;193;6137;6164;8.99;0.55;253.57;4.58;814;28;2114.00;27
5328;29;626626081;5328;195;6139;6166;8.97;0.54;253.70;4.58;811;29;2115.00;27
5330;29;626626109;5330;201;6139;6166;8.99;0.55;253.78;4.58;809;29;2116.00;27
5331;29;626626121;5331;198;6142;6170;9.06;0.55;253.76;4.58;811;29;2117.00;28
5333;29;626626134;5333;210;6143;6170;9.14;0.55;253.78;4.58;810;29;2118.00;27
5337;29;626626147;5337;208;6146;6174;9.13;0.55;253.81;4.58;809;29;2119.00;28
5339;29;626626166;5339;209;6146;6174;9.19;0.56;253.80;4.58;807;29;2120.00;28
5344;29;626626177;5344;212;6146;6174;9.21;0.56;253.84;4.58;802;29;2121.00;28
5344;29;626626195;5344;210;6146;6174;9.21;0.56;253.84;4.58;802;29;2122.00;28
5346;29;626626209;5346;209;6147;6174;9.21;0.56;253.81;4.58;801;29;2123.00;27
5349;29;626626231;5349;212;6157;6186;9.21;0.56;253.78;4.58;808;29;2124.00;29
5350;29;626626244;5350;211;6157;6186;9.22;0.56;253.76;4.58;807;29;2125.00;29
5352;29;626626257;5352;211;6159;6186;9.19;0.56;253.74;4.59;807;29;2126.00;27
5354;29;626626268;5354;213;6159;6186;9.14;0.56;253.74;4.59;805;29;2127.00;27
5357;29;626626279;5357;214;6160;6186;9.07;0.55;253.72;4.59;803;29;2128.00;26
5358;29;626626290;5358;222;6163;6186;9.00;0.55;253.69;4.60;805;29;2129.00;23
5359;29;626626302;5359;216;6164;6187;8.97;0.54;253.70;4.60;805;29;2130.00;23
5361;29;626626313;5361;209;6165;6187;8.93;0.54;253.66;4.60;804;29;2131.00;22
5363;29;626626329;5363;205;6169;6193;8.84;0.54;253.65;4.60;806;29;2132.00;24
5365;29;626626341;5365;204;6171;6194;8.76;0.53;253.69;4.60;806;29;2133.00;23
5366;29;626626352;5366;194;6172;6194;8.66;0.53;253.69;4.63;806;29;2134.00;22
5368;29;626626363;5368;194;6173;6194;8.56;0.52;253.68;4.63;805;29;2135.00;21
5370;29;626626372;5370;189;6177;6198;8.53;0.52;253.69;4.63;807;29;2136.00;21
5371;29;626626383;5371;192;6177;6198;8.51;0.52;253.70;4.63;806;29;2137.00;21
5372;29;626626393;5372;187;6177;6198;8.47;0.52;253.70;4.63;805;29;2138.00;21
5375;29;626626403;5375;182;6178;6199;8.51;0.52;253.68;4.63;803;29;2139.00;21
5379;29;626626413;5379;181;6181;6203;8.55;0.52;253.73;4.63;802;29;2140.00;22
5384;29;626626424;5384;175;6181;6203;8.56;0.52;253.75;4.63;797;29;2141.00;22
5387;29;626626434;5387;176;6183;6206;8.58;0.52;253.79;4.63;796;29;2142.00;23
5392;29;626626444;5392;172;6184;6206;8.61;0.53;253.75;4.63;792;29;2143.00;22
5395;29;626626454;5395;167;6184;6206;8.58;0.52;253.75;4.63;789;29;2144.00;22
5399;29;626626464;5399;166;6185;6206;8.56;0.52;253.71;4.64;786;29;2145.00;21
5402;29;626626474;5402;164;6188;6210;8.57;0.52;253.69;4.63;786;29;2146.00;22
5405;29;626626485;5405;163;6188;6210;8.58;0.52;253.70;4.63;783;29;2147.00;22
5408;29;626626500;5408;161;6190;6210;8.59;0.52;253.79;4.67;782;29;2148.00;20
5412;29;626626510;5412;165;6190;6210;8.54;0.52;253.79;4.67;778;29;2149.00;20
5416;29;626626520;5416;166;6190;6211;8.50;0.52;253.87;4.67;774;29;2150.00;21
5417;29;626626530;5417;164;6191;6212;8.51;0.52;253.83;4.67;774;29;2151.00;21
5422;29;626626540;5422;163;6192;6212;8.50;0.52;253.84;4.70;770;29;2152.00;20
5424;29;626626550;5424;162;6193;6213;8.48;0.52;253.80;4.70;769;29;2153.00;20
5425;29;626626560;5425;165;6193;6213;8.39;0.51;253.76;4.70;768;29;2154.00;20
5427;29;626626570;5427;161;6194;6213;8.29;0.50;253.73;4.73;767;29;2155.00;19
5428;29;626626580;5428;166;6194;6213;8.22;0.50;253.77;4.73;766;29;2156.00;19
5430;29;626626590;5430;161;6194;6213;8.21;0.50;253.74;4.73;764;29;2157.00;19
5432;29;626626600;5432;164;6194;6213;8.22;0.50;253.69;4.73;762;29;2158.00;19
5435;29;626626610;5435;168;6195;6213;8.25;0.50;253.63;4.76;760;29;2159.00;18
5437;29;626626623;5437;204;6288;6443;8.35;0.52;253.60;4.69;851;29;2160.00;155
5439;29;626626652;5439;202;6292;6444;8.33;0.52;253.57;4.71;853;29;2161.00;152
5442;29;626626663;5442;195;6304;6444;8.43;0.53;253.53;4.70;862;29;2162.00;140
5443;29;626626673;5443;189;6311;6444;8.40;0.52;253.54;4.70;868;29;2163.00;133
5446;29;626626683;5446;192;6320;6444;8.47;0.53;253.65;4.70;874;29;2164.00;124
5447;29;626626700;5447;196;6327;6444;8.48;0.53;253.66;4.70;880;29;2165.00;117
5448;29;626626710;5448;196;6334;6444;8.50;0.53;253.62;4.70;886;29;2166.00;110
5452;29;626626727;5452;204;6339;6444;8.48;0.53;253.52;4.70;887;29;2167.00;105
5455;29;626626738;5455;204;6345;6445;8.51;0.53;253.44;4.71;890;29;2168.00;100
5456;29;626626749;5456;211;6348;6446;8.57;0.53;253.41;4.72;892;29;2169.00;98
5458;29;626626760;5458;220;6354;6446;8.54;0.53;253.37;4.72;896;29;2170.00;92
5460;29;626626771;5460;228;6361;6447;8.47;0.52;253.32;4.73;901;29;2171.00;86
5461;29;626626782;5461;233;6366;6447;8.35;0.52;253.29;4.76;905;29;2172.00;81
5461;29;626626793;5461;237;6370;6447;8.30;0.51;253.29;4.76;909;29;2173.00;77
5462;29;626626804;5462;242;6374;6447;8.18;0.50;253.26;4.77;912;29;2174.00;73
5463;29;626626821;5463;249;6379;6451;8.09;0.50;253.31;4.78;916;29;2175.00;72
5464;29;626626833;5464;256;6383;6451;7.96;0.49;253.29;4.79;919;29;2176.00;68
5467;29;626626845;5467;260;6387;6451;7.85;0.48;253.28;4.82;920;29;2177.00;64
5468;29;626626856;5468;268;6390;6454;7.74;0.48;253.26;4.83;922;29;2178.00;64
5471;29;626626873;5471;268;6393;6454;7.69;0.47;253.24;4.84;922;29;2179.00;61
5472;29;626626885;5472;278;6394;6454;7.65;0.47;253.24;4.85;922;29;2180.00;60
5472;29;626626896;5472;283;6402;6458;7.63;0.47;253.24;4.86;930;29;2181.00;56
5474;29;626626908;5474;292;6406;6459;7.56;0.47;253.15;4.87;932;29;2182.00;53
5474;29;626626919;5474;305;6408;6459;7.53;0.46;253.15;4.88;934;29;2183.00;51
5475;29;626626930;5475;317;6412;6463;7.52;0.46;253.18;4.88;937;29;2184.00;51
5476;29;626626942;5476;329;6414;6463;7.43;0.46;253.15;4.89;938;29;2185.00;49
5481;29;626626953;5481;341;6418;6463;7.34;0.45;253.01;4.91;937;29;2186.00;45
5482;29;626626963;5482;349;6420;6464;7.21;0.44;252.99;4.91;938;29;2187.00;44
5484;29;626626975;5484;356;6422;6464;7.09;0.44;253.03;4.92;938;29;2188.00;42
5487;29;626626985;5487;354;6427;6470;7.01;0.43;253.01;4.93;940;29;2189.00;43
5488;29;626626998;5488;359;6428;6470;6.92;0.43;252.99;4.93;940;29;2190.00;42
5491;29;626627009;5491;361;6431;6471;6.78;0.42;252.93;4.94;940;29;2191.00;40
5494;29;626627020;5494;363;6434;6471;6.69;0.41;252.93;4.95;940;29;2192.00;37
5495;29;626627031;5495;368;6435;6471;6.67;0.41;252.91;4.96;940;29;2193.00;36
5499;29;626627041;5499;373;6438;6471;6.61;0.40;252.82;4.97;939;29;2194.00;33
5499;29;626627052;5499;365;6441;6471;6.61;0.40;252.82;4.98;942;29;2195.00;30
5499;29;626627063;5499;358;6452;6483;6.73;0.41;252.82;4.97;953;29;2196.00;31
5500;29;626627074;5500;356;6455;6483;6.80;0.42;252.79;4.99;955;29;2197.00;28
5503;29;626627085;5503;352;6456;6483;6.81;0.42;252.77;4.99;953;29;2198.00;27
5503;29;626627097;5503;350;6457;6483;6.85;0.42;252.77;4.99;954;29;2199.00;26
5503;29;626627108;5503;351;6459;6483;6.84;0.42;252.77;4.99;956;29;2200.00;24
5506;29;626627123;5506;347;6460;6483;6.77;0.41;252.75;5.00;954;29;2201.00;23
5508;30;626627139;5508;342;6463;6487;6.74;0.41;252.80;5.00;955;30;2202.00;24
5509;30;626627167;5509;338;6464;6487;6.76;0.41;252.76;5.00;955;30;2203.00;23
5512;30;626627178;5512;337;6468;6491;6.78;0.41;252.79;5.00;956;30;2204.00;23
5513;30;626627207;5513;338;6471;6493;6.75;0.41;252.77;5.00;958;30;2205.00;22
5517;30;626627223;5517;339;6471;6493;6.67;0.41;252.73;5.00;954;30;2206.00;22
5518;30;626627268;5518;338;6471;6493;6.54;0.40;252.68;5.00;953;30;2207.00;22
5521;30;626627284;5521;342;6485;6506;6.43;0.39;252.70;5.00;964;30;2208.00;21
5527;30;626627301;5527;340;6485;6506;6.31;0.39;252.76;5.00;958;30;2209.00;21
5528;30;626627319;5528;334;6487;6508;6.29;0.39;252.79;5.00;959;30;2210.00;21
5530;30;626627334;5530;328;6489;6509;6.32;0.39;252.78;5.00;959;30;2211.00;20
5533;30;626627347;5533;327;6489;6510;6.36;0.39;252.77;5.00;956;30;2212.00;21
5535;30;626627359;5535;326;6490;6510;6.40;0.39;252.80;5.00;955;30;2213.00;20
5537;30;626627372;5537;332;6493;6513;6.42;0.39;252.85;4.99;956;30;2214.00;20
5540;30;626627385;5540;328;6493;6513;6.46;0.40;252.81;4.99;953;30;2215.00;20
5543;30;626627397;5543;330;6493;6513;6.46;0.40;252.95;4.99;950;30;2216.00;20
5545;30;626627409;5545;332;6493;6513;6.51;0.40;253.06;4.99;948;30;2217.00;20
5546;30;626627421;5546;329;6498;6519;6.56;0.40;253.02;4.99;952;30;2218.00;21
5551;30;626627434;5551;327;6499;6519;6.53;0.40;253.18;4.99;948;30;2219.00;20
5554;30;626627448;5554;318;6499;6519;6.54;0.40;253.26;4.99;945;30;2220.00;20
5556;30;626627461;5556;318;6501;6519;6.60;0.40;253.30;4.99;945;30;2221.00;18
5559;30;626627474;5559;301;6505;6523;6.63;0.41;253.40;5.02;946;30;2222.00;18
5564;30;626627486;5564;291;6507;6524;6.69;0.41;253.38;5.02;943;30;2223.00;17
5565;30;626627499;5565;279;6507;6524;6.81;0.42;253.42;5.02;942;30;2224.00;17
5573;30;626627511;5573;281;6508;6525;6.84;0.42;253.50;5.02;935;30;2225.00;17
5577;30;626627524;5577;280;6508;6525;6.88;0.42;253.60;5.02;931;30;2226.00;17
5580;30;626627537;5580;275;6508;6525;6.96;0.43;253.73;5.02;928;30;2227.00;17
5584;30;626627549;5584;273;6508;6525;7.03;0.43;253.66;5.02;924;30;2228.00;17
5588;30;626627564;5588;269;6508;6525;7.16;0.44;253.81;5.02;920;30;2229.00;17
5593;30;626627580;5593;265;6508;6525;7.23;0.44;253.84;5.02;915;30;2230.00;17
5596;30;626627594;5596;268;6508;6525;7.29;0.45;253.94;5.02;912;30;2231.00;17
5600;30;626627616;5600;269;6550;6595;7.50;0.46;253.95;4.99;950;30;2232.00;45
5605;30;626627641;5605;262;6552;6596;7.58;0.47;253.91;4.99;947;30;2233.00;44
5611;30;626627657;5611;266;6560;6596;7.66;0.47;254.09;4.98;949;30;2234.00;36
5613;30;626627671;5613;259;6564;6596;7.77;0.48;254.11;4.98;951;30;2235.00;32
5620;30;626627686;5620;252;6567;6596;7.82;0.48;254.14;4.98;947;30;2236.00;29
5625;30;626627701;5625;258;6571;6596;7.91;0.48;254.19;4.98;946;30;2237.00;25
5630;30;626627716;5630;263;6574;6596;7.95;0.49;254.22;5.00;944;30;2238.00;22
5636;30;626627731;5636;264;6576;6596;7.93;0.49;254.37;5.00;940;30;2239.00;20
5638;30;626627747;5638;260;6578;6597;7.98;0.49;254.35;5.00;940;30;2240.00;19
5642;30;626627762;5642;269;6579;6598;8.07;0.49;254.38;5.00;937;30;2241.00;19
5643;30;626627776;5643;270;6579;6598;8.14;0.50;254.43;5.00;936;30;2242.00;19
5645;30;626627790;5645;280;6582;6602;8.19;0.50;254.44;5.00;937;30;2243.00;20
5648;30;626627804;5648;287;6582;6602;8.20;0.50;254.45;5.00;934;30;2244.00;20
5652;30;626627818;5652;289;6582;6602;8.21;0.50;254.49;5.00;930;30;2245.00;20
5657;30;626627833;5657;286;6582;6602;8.21;0.50;254.62;5.00;925;30;2246.00;20
5662;30;626627846;5662;291;6586;6608;8.19;0.50;254.76;5.00;924;30;2247.00;22
5666;30;626627860;5666;293;6587;6608;8.14;0.50;254.80;5.00;921;30;2248.00;21
5672;30;626627874;5672;290;6587;6608;8.05;0.49;254.89;5.00;915;30;2249.00;21
5674;30;626627889;5674;297;6591;6614;8.06;0.49;254.91;4.99;917;30;2250.00;23
5680;30;626627904;5680;296;6591;6614;7.97;0.49;255.02;4.99;911;30;2251.00;23
5682;30;626627918;5682;299;6592;6614;7.92;0.48;255.06;4.99;910;30;2252.00;22
5686;30;626627931;5686;302;6592;6615;7.78;0.47;255.14;4.99;906;30;2253.00;23
5693;30;626627945;5693;308;6594;6616;7.63;0.47;255.35;4.99;901;30;2254.00;22
5693;30;626627958;5693;311;6594;6616;7.58;0.46;255.35;4.99;901;30;2255.00;22
5700;30;626627978;5700;322;6605;6629;7.60;0.46;255.43;4.99;905;30;2256.00;24
5704;30;626627993;5704;310;6605;6629;7.58;0.46;255.53;4.99;901;30;2257.00;24
5708;30;626628006;5708;306;6605;6629;7.59;0.46;255.49;4.99;897;30;2258.00;24
5713;30;626628020;5713;302;6606;6630;7.55;0.46;255.68;4.98;893;30;2259.00;24
5715;30;626628034;5715;299;6606;6630;7.55;0.46;255.69;4.98;891;30;2260.00;24
5720;30;626628047;5720;297;6609;6634;7.58;0.46;255.80;4.98;889;30;2261.00;25
5724;30;626628061;5724;294;6610;6634;7.58;0.46;256.02;4.98;886;30;2262.00;24
5725;30;626628074;5725;291;6613;6638;7.62;0.47;255.99;4.98;888;30;2263.00;25
5732;30;626628094;5732;289;6613;6638;7.58;0.46;256.06;4.98;881;30;2264.00;25
5737;30;626628117;5737;301;6613;6638;7.62;0.46;256.06;4.98;876;30;2265.00;25
5739;30;626628133;5739;287;6613;6638;7.73;0.47;256.19;4.98;874;30;2266.00;25
5745;30;626628148;5745;277;6613;6638;7.75;0.47;256.30;4.98;868;30;2267.00;25
5746;30;626628163;5746;266;6623;6650;7.94;0.49;256.35;4.97;877;30;2268.00;27
5750;30;626628179;5750;257;6624;6650;8.05;0.49;256.47;4.97;874;30;2269.00;26
5753;30;626628193;5753;249;6624;6650;8.16;0.50;256.51;4.97;871;30;2270.00;26
5755;30;626628209;5755;251;6624;6650;8.23;0.50;256.60;4.97;869;30;2271.00;26
5759;30;626628225;5759;246;6625;6650;8.30;0.51;256.72;4.99;866;30;2272.00;25
5763;30;626628241;5763;254;6625;6650;8.31;0.51;256.75;4.99;862;30;2273.00;25
5766;30;626628256;5766;254;6625;6651;8.31;0.51;256.93;4.99;859;30;2274.00;26
5771;30;626628273;5771;255;6625;6651;8.34;0.51;256.97;4.99;854;30;2275.00;26
5774;30;626628287;5774;256;6629;6657;8.42;0.51;256.93;4.99;855;30;2276.00;28
5776;30;626628302;5776;245;6630;6658;8.47;0.51;256.92;4.99;854;30;2277.00;28
5777;30;626628318;5777;240;6631;6658;8.52;0.52;256.93;4.99;854;30;2278.00;27
5780;30;626628332;5780;234;6631;6658;8.54;0.52;256.91;4.99;851;30;2279.00;27
5781;30;626628346;5781;229;6635;6663;8.59;0.52;256.88;4.98;854;30;2280.00;28
5786;30;626628359;5786;227;6635;6663;8.56;0.52;256.94;4.98;849;30;2281.00;28
5789;30;626628371;5789;221;6635;6663;8.58;0.52;257.01;4.98;846;30;2282.00;28
5791;30;626628384;5791;215;6636;6664;8.60;0.52;256.99;4.98;845;30;2283.00;28
5795;30;626628397;5795;218;6639;6668;8.59;0.52;257.11;4.98;844;30;2284.00;29
5797;30;626628409;5797;215;6639;6668;8.65;0.53;257.09;4.98;842;30;2285.00;29
5802;30;626628421;5802;211;6642;6671;8.68;0.53;257.22;5.00;840;30;2286.00;29
5806;30;626628433;5806;206;6642;6671;8.70;0.53;257.25;5.00;836;30;2287.00;29
5808;30;626628445;5808;198;6643;6671;8.72;0.53;257.31;5.00;835;30;2288.00;28
5809;30;626628456;5809;203;6643;6671;8.73;0.53;257.36;5.00;834;30;2289.00;28
5809;30;626628468;5809;203;6646;6675;8.78;0.53;257.36;4.99;837;30;2290.00;29
5810;30;626628480;5810;199;6646;6675;8.73;0.53;257.41;4.99;836;30;2291.00;29
5813;30;626628497;5813;198;6647;6675;8.68;0.53;257.38;4.99;834;30;2292.00;28
5814;30;626628508;5814;202;6647;6675;8.71;0.53;257.38;4.99;833;30;2293.00;28
5816;30;626628525;5816;206;6647;6676;8.72;0.53;257.43;4.99;831;30;2294.00;29
5819;31;626628536;5819;213;6649;6678;8.66;0.52;257.39;4.99;830;31;2295.00;29
5819;31;626628554;5819;220;6649;6678;8.57;0.52;257.39;4.99;830;31;2296.00;29
5821;31;626628565;5821;224;6650;6679;8.49;0.52;257.37;4.99;829;31;2297.00;29
5823;31;626628576;5823;225;6650;6679;8.41;0.51;257.43;4.99;827;31;2298.00;29
5825;31;626628586;5825;231;6650;6679;8.36;0.51;257.43;4.99;825;31;2299.00;29
5828;31;626628601;5828;226;6650;6679;8.31;0.50;257.43;4.99;822;31;2300.00;29
5828;31;626628618;5828;231;6651;6679;8.30;0.50;257.43;5.01;823;31;2301.00;28
5830;31;626628628;5830;230;6651;6679;8.30;0.50;257.49;5.01;821;31;2302.00;28
5833;31;626628639;5833;228;6651;6679;8.28;0.50;257.47;5.01;818;31;2303.00;28
5833;31;626628650;5833;253;6721;6806;8.14;0.50;257.47;4.96;888;31;2304.00;85
5834;31;626628670;5834;236;6721;6807;8.11;0.50;257.49;4.96;887;31;2305.00;86
5839;31;626628681;5839;222;6729;6807;8.16;0.50;257.52;4.96;890;31;2306.00;78
5840;31;626628692;5840;223;6730;6807;8.15;0.50;257.54;4.96;890;31;2307.00;77
5845;31;626628703;5845;218;6736;6807;8.18;0.50;257.53;4.96;891;31;2308.00;71
5849;31;626628713;5849;212;6740;6807;8.13;0.50;257.54;4.96;891;31;2309.00;67
5851;31;626628725;5851;209;6746;6807;8.21;0.50;257.59;4.96;895;31;2310.00;61
5853;31;626628735;5853;206;6748;6807;8.21;0.50;257.53;4.96;895;31;2311.00;59
5856;31;626628745;5856;197;6752;6808;8.24;0.50;257.55;4.96;896;31;2312.00;56
5857;31;626628756;5857;198;6756;6809;8.20;0.50;257.52;4.96;899;31;2313.00;53
5858;31;626628767;5858;203;6759;6809;8.13;0.50;257.49;4.96;901;31;2314.00;50
5861;31;626628777;5861;208;6763;6810;8.08;0.49;257.50;4.98;902;31;2315.00;47
5866;31;626628789;5866;206;6765;6810;8.01;0.49;257.45;4.98;899;31;2316.00;45
5869;31;626628800;5869;205;6766;6810;7.89;0.48;257.37;4.98;897;31;2317.00;44
5872;31;626628810;5872;205;6768;6810;7.80;0.48;257.31;4.98;896;31;2318.00;42
5873;31;626628821;5873;221;6771;6814;7.73;0.47;257.27;4.98;898;31;2319.00;43
5874;31;626628833;5874;221;6773;6814;7.63;0.47;257.24;4.99;899;31;2320.00;41
5874;31;626628855;5874;216;6773;6814;7.51;0.46;257.24;4.99;899;31;2321.00;41
5875;31;626628871;5875;222;6776;6817;7.46;0.46;257.21;4.99;901;31;2322.00;41
5877;31;626628882;5877;223;6776;6817;7.37;0.45;257.16;4.99;899;31;2323.00;41
5880;31;626628893;5880;227;6777;6817;7.33;0.45;257.13;4.99;897;31;2324.00;40
5881;31;626628904;5881;227;6780;6821;7.28;0.45;257.14;4.98;899;31;2325.00;41
5884;31;626628914;5884;232;6782;6822;7.25;0.44;257.09;4.98;898;31;2326.00;40
5886;31;626628925;5886;231;6783;6822;7.23;0.44;257.10;4.98;897;31;2327.00;39
5888;31;626628935;5888;233;6786;6826;7.23;0.44;257.07;4.98;898;31;2328.00;40
5890;31;626628946;5890;230;6786;6826;7.20;0.44;257.08;4.98;896;31;2329.00;40
5892;31;626628956;5892;236;6786;6826;7.15;0.44;257.05;4.98;894;31;2330.00;40
5896;31;626628967;5896;241;6787;6827;7.09;0.43;256.96;4.98;891;31;2331.00;40
5896;31;626628978;5896;245;6787;6827;7.06;0.43;256.96;4.98;891;31;2332.00;40
5899;31;626628988;5899;250;6791;6833;7.06;0.43;256.96;4.98;892;31;2333.00;42
5900;31;626629000;5900;257;6791;6833;7.09;0.43;256.92;4.98;891;31;2334.00;42
5903;31;626629010;5903;258;6792;6834;7.12;0.43;256.86;4.98;889;31;2335.00;42
5905;31;626629021;5905;266;6793;6834;7.09;0.43;256.82;4.99;888;31;2336.00;41
5906;31;626629032;5906;282;6793;6834;7.04;0.43;256.80;4.99;887;31;2337.00;41
5907;31;626629043;5907;283;6793;6834;7.01;0.42;256.80;4.99;886;31;2338.00;41
5908;31;626629054;5908;288;6794;6834;6.96;0.42;256.78;5.00;886;31;2339.00;40
5908;31;626629067;5908;300;6815;6870;7.01;0.43;256.78;5.00;907;31;2340.00;55
5910;31;626629080;5910;302;6818;6870;7.04;0.43;256.76;5.00;908;31;2341.00;52
5912;31;626629092;5912;308;6820;6870;7.07;0.43;256.71;5.00;908;31;2342.00;50
5912;31;626629103;5912;307;6824;6870;7.10;0.43;256.71;5.02;912;31;2343.00;46
5913;31;626629114;5913;308;6825;6870;7.05;0.43;256.71;5.02;912;31;2344.00;45
5913;31;626629125;5913;311;6828;6870;7.09;0.43;256.71;5.04;915;31;2345.00;42
5913;31;626629136;5913;311;6831;6874;7.03;0.43;256.71;5.04;918;31;2346.00;43
5913;31;626629147;5913;299;6834;6874;7.06;0.43;256.71;5.06;921;31;2347.00;40
5914;31;626629157;5914;291;6838;6878;7.10;0.43;256.70;5.07;924;31;2348.00;40
5916;31;626629174;5916;282;6840;6879;7.10;0.43;256.70;5.07;924;31;2349.00;39
5917;31;626629185;5917;276;6842;6879;7.14;0.43;256.67;5.08;925;31;2350.00;37
5918;31;626629196;5918;279;6844;6879;7.15;0.44;256.63;5.09;926;31;2351.00;35
5919;31;626629207;5919;273;6855;6892;7.13;0.44;256.60;5.08;936;31;2352.00;37
5920;31;626629224;5920;270;6856;6892;7.11;0.43;256.61;5.09;936;31;2353.00;36
5923;31;626629242;5923;273;6858;6892;7.09;0.43;256.60;5.09;935;31;2354.00;34
5926;31;626629259;5926;278;6860;6893;7.02;0.43;256.61;5.10;934;31;2355.00;33
5927;31;626629277;5927;273;6861;6894;6.96;0.42;256.59;5.10;934;31;2356.00;33
5927;31;626629303;5927;274;6862;6894;6.92;0.42;256.59;5.11;935;31;2357.00;32
5928;31;626629328;5928;277;6864;6897;6.90;0.42;256.58;5.11;936;31;2358.00;33
5930;31;626629350;5930;275;6866;6897;6.92;0.42;256.53;5.12;936;31;2359.00;31
5932;31;626629362;5932;277;6868;6897;6.95;0.42;256.50;5.13;936;31;2360.00;29
5932;31;626629374;5932;279;6869;6897;6.97;0.43;256.50;5.14;937;31;2361.00;28
5933;31;626629386;5933;272;6874;6903;7.03;0.43;256.50;5.14;941;31;2362.00;29
5937;31;626629398;5937;266;6875;6903;7.07;0.43;256.45;5.15;938;31;2363.00;28
5938;31;626629410;5938;272;6876;6903;7.11;0.43;256.44;5.14;938;31;2364.00;27
5939;31;626629423;5939;268;6876;6903;7.19;0.44;256.42;5.14;937;31;2365.00;27
5939;31;626629436;5939;271;6882;6907;7.16;0.44;256.42;5.16;943;31;2366.00;25
5941;31;626629447;5941;272;6883;6908;7.20;0.44;256.38;5.16;942;31;2367.00;25
5944;31;626629460;5944;270;6883;6908;7.20;0.44;256.38;5.16;939;31;2368.00;25
5946;31;626629471;5946;271;6885;6909;7.24;0.44;256.34;5.17;939;31;2369.00;24
5950;31;626629485;5950;271;6885;6909;7.20;0.44;256.31;5.17;935;31;2370.00;24
5953;31;626629496;5953;273;6888;6909;7.14;0.43;256.32;5.18;935;31;2371.00;21
5958;31;626629508;5958;275;6888;6909;7.12;0.43;256.32;5.18;930;31;2372.00;21
5960;31;626629519;5960;275;6889;6909;7.10;0.43;256.36;5.18;929;31;2373.00;20
5963;31;626629530;5963;271;6889;6909;7.07;0.43;256.38;5.18;926;31;2374.00;20
5965;31;626629541;5965;270;6889;6909;7.05;0.43;256.37;5.18;924;31;2375.00;20
5969;31;626629551;5969;280;6932;6979;7.19;0.44;256.36;5.15;963;31;2376.00;47
5972;31;626629569;5972;285;6935;6980;7.17;0.44;256.44;5.15;963;31;2377.00;45
5974;31;626629580;5974;284;6943;6980;7.18;0.44;256.45;5.15;969;31;2378.00;37
5977;31;626629591;5977;287;6946;6980;7.09;0.44;256.46;5.15;969;31;2379.00;34
5982;31;626629603;5982;280;6952;6980;7.05;0.43;256.48;5.15;970;31;2380.00;28
5987;31;626629614;5987;272;6957;6980;6.97;0.43;256.60;5.15;970;31;2381.00;23
5993;31;626629626;5993;278;6959;6980;6.89;0.42;256.61;5.15;966;31;2382.00;21
5995;31;626629638;5995;276;6960;6980;6.87;0.42;256.67;5.15;965;31;2383.00;20
5998;31;626629650;5998;285;6962;6981;6.90;0.42;256.71;5.15;964;31;2384.00;19
6001;31;626629662;6001;285;6964;6983;6.93;0.42;256.73;5.14;963;31;2385.00;19
6002;31;626629674;6002;282;6964;6983;6.98;0.43;256.76;5.14;962;31;2386.00;19
6006;31;626629686;6006;281;6968;6987;7.03;0.43;256.86;5.14;962;31;2387.00;19
6010;31;626629704;6010;281;6968;6987;7.09;0.43;256.95;5.14;958;31;2388.00;19
6014;31;626629717;6014;280;6968;6987;7.12;0.44;256.99;5.14;954;31;2389.00;19
6019;31;626629730;6019;275;6968;6987;7.17;0.44;257.08;5.14;949;31;2390.00;19
6022;31;626629742;6022;276;6973;6993;7.18;0.44;257.22;5.14;951;31;2391.00;20
6025;31;626629757;6025;287;6974;6993;7.19;0.44;257.24;5.14;949;31;2392.00;19
6032;31;626629769;6032;285;6974;6993;7.14;0.44;257.38;5.14;942;31;2393.00;19
6035;31;626629790;6035;285;6977;6996;7.19;0.44;257.55;5.14;942;31;2394.00;19
6039;31;626629802;6039;287;6977;6996;7.16;0.44;257.54;5.14;938;31;2395.00;19
6045;31;626629815;6045;290;6977;6996;7.19;0.44;257.63;5.14;932;31;2396.00;19
6051;31;626629828;6051;285;6978;6997;7.24;0.44;257.72;5.14;927;31;2397.00;19
6056;31;626629840;6056;284;6979;6998;7.29;0.44;257.70;5.14;923;31;2398.00;19
6061;31;626629853;6061;278;6979;6998;7.30;0.44;257.87;5.14;918;31;2399.00;19
6065;31;626629868;6065;277;7005;7057;7.34;0.45;257.94;5.12;940;31;2400.00;52
6071;31;626629892;6071;268;7007;7057;7.37;0.45;257.94;5.12;936;31;2401.00;50
6075;31;626629907;6075;268;7009;7057;7.41;0.45;257.96;5.11;934;31;2402.00;48
6077;31;626629920;6077;270;7010;7058;7.47;0.45;257.94;5.11;933;31;2403.00;48
6081;31;626629935;6081;271;7012;7058;7.49;0.46;258.03;5.11;931;31;2404.00;46
6083;31;626629947;6083;267;7016;7062;7.53;0.46;258.10;5.15;933;31;2405.00;46
6087;31;626629962;6087;260;7017;7062;7.47;0.46;258.19;5.15;930;31;2406.00;45
6090;31;626629979;6090;259;7021;7066;7.48;0.46;258.25;5.15;931;31;2407.00;45
6097;31;626629993;6097;260;7022;7066;7.42;0.45;258.28;5.15;925;31;2408.00;44
6101;31;626630008;6101;265;7022;7066;7.42;0.45;258.32;5.15;921;31;2409.00;44
6103;31;626630030;6103;276;7023;7066;7.45;0.46;258.34;5.15;920;31;2410.00;43
6106;31;626630044;6106;275;7024;7066;7.43;0.46;258.40;5.15;918;31;2411.00;42
6109;31;626630057;6109;280;7032;7078;7.50;0.46;258.56;5.14;923;31;2412.00;46
6113;31;626630071;6113;281;7034;7078;7.49;0.46;258.50;5.14;921;31;2413.00;44
6116;31;626630085;6116;279;7034;7078;7.53;0.46;258.59;5.14;918;31;2414.00;44
6119;31;626630098;6119;286;7034;7078;7.63;0.47;258.77;5.14;915;31;2415.00;44
6126;31;626630112;6126;288;7035;7078;7.64;0.47;258.78;5.14;909;31;2416.00;43
6132;31;626630125;6132;289;7035;7078;7.58;0.46;258.92;5.14;903;31;2417.00;43
6137;31;626630139;6137;296;7037;7079;7.56;0.46;259.00;5.15;900;31;2418.00;42
6141;31;626630153;6141;302;7038;7079;7.52;0.46;259.01;5.15;897;31;2419.00;41
6144;31;626630167;6144;297;7041;7085;7.48;0.46;258.99;5.15;897;31;2420.00;44
6149;31;626630181;6149;299;7042;7086;7.38;0.45;259.03;5.15;893;31;2421.00;44
6152;31;626630197;6152;308;7043;7086;7.29;0.44;259.10;5.15;891;31;2422.00;43
6155;31;626630210;6155;302;7043;7086;7.25;0.44;259.16;5.15;888;31;2423.00;43
6157;31;626630226;6157;310;7046;7090;7.26;0.44;259.19;5.15;889;31;2424.00;44
6158;31;626630239;6158;317;7046;7090;7.29;0.44;259.24;5.15;888;31;2425.00;44
6163;31;626630251;6163;313;7046;7090;7.20;0.44;259.31;5.15;883;31;2426.00;44
6165;31;626630264;6165;299;7051;7091;7.18;0.44;259.39;5.19;886;31;2427.00;40
6168;31;626630277;6168;299;7055;7095;7.20;0.44;259.48;5.19;887;31;2428.00;40
6169;31;626630289;6169;290;7055;7095;7.27;0.45;259.52;5.19;886;31;2429.00;40
6173;31;626630302;6173;279;7059;7101;7.38;0.45;259.64;5.19;886;31;2430.00;42
6176;31;626630315;6176;279;7060;7101;7.44;0.46;259.66;5.19;884;31;2431.00;41
6178;31;626630327;6178;277;7061;7101;7.50;0.46;259.70;5.20;883;31;2432.00;40
6184;31;626630339;6184;272;7062;7101;7.53;0.46;259.79;5.20;878;31;2433.00;39
6186;31;626630352;6186;269;7065;7105;7.62;0.46;259.86;5.20;879;31;2434.00;40
6192;31;626630364;6192;267;7066;7105;7.61;0.46;260.09;5.20;874;31;2435.00;39
6194;31;626630377;6194;254;7067;7105;7.64;0.47;260.09;5.20;873;31;2436.00;38
6198;31;626630389;6198;241;7068;7105;7.69;0.47;260.18;5.20;870;31;2437.00;37
6204;31;626630401;6204;246;7069;7106;7.70;0.47;260.31;5.20;865;31;2438.00;37
6205;31;626630420;6205;244;7070;7107;7.81;0.47;260.30;5.20;865;31;2439.00;37
6208;31;626630432;6208;236;7070;7107;7.84;0.48;260.43;5.20;862;31;2440.00;37
6210;31;626630444;6210;229;7071;7108;7.99;0.48;260.46;5.20;861;31;2441.00;37
6212;31;626630457;6212;221;7071;7108;8.07;0.49;260.52;5.20;859;31;2442.00;37
6214;31;626630470;6214;221;7071;7108;8.11;0.49;260.59;5.20;857;31;2443.00;37
6215;31;626630482;6215;216;7072;7108;8.20;0.50;260.56;5.20;857;31;2444.00;36
6219;31;626630494;6219;210;7072;7108;8.20;0.50;260.67;5.20;853;31;2445.00;36
6222;31;626630506;6222;210;7072;7108;8.24;0.50;260.75;5.20;850;31;2446.00;36
6223;31;626630524;6223;205;7072;7108;8.31;0.51;260.86;5.20;849;31;2447.00;36
6225;31;626630537;6225;218;7134;7235;8.52;0.53;260.93;5.16;909;31;2448.00;101
6228;31;626630558;6228;209;7136;7236;8.53;0.52;260.95;5.16;908;31;2449.00;100
6229;31;626630576;6229;209;7145;7236;8.66;0.53;260.99;5.16;916;31;2450.00;91
6232;31;626630588;6232;203;7147;7236;8.75;0.54;261.01;5.16;915;31;2451.00;89
6235;31;626630606;6235;199;7152;7236;8.85;0.54;261.04;5.16;917;31;2452.00;84
6241;31;626630625;6241;195;7155;7236;8.87;0.55;261.05;5.16;914;31;2453.00;81
6243;31;626630638;6243;201;7159;7236;8.87;0.54;261.08;5.16;916;31;2454.00;77
6246;31;626630651;6246;209;7163;7236;8.86;0.54;261.08;5.17;917;31;2455.00;73
6250;31;626630663;6250;207;7168;7237;8.78;0.54;261.12;5.17;918;31;2456.00;69
6251;31;626630675;6251;213;7171;7238;8.70;0.53;261.10;5.21;920;31;2457.00;67
6255;31;626630687;6255;221;7173;7238;8.57;0.52;261.25;5.21;918;31;2458.00;65
6256;31;626630699;6256;219;7176;7239;8.45;0.52;261.22;5.22;920;31;2459.00;63
6256;31;626630713;6256;225;7180;7239;8.41;0.52;261.22;5.22;924;31;2460.00;59
6261;31;626630725;6261;233;7182;7239;8.28;0.51;261.25;5.23;921;31;2461.00;57
6263;31;626630737;6263;242;7184;7239;8.19;0.50;261.34;5.23;921;31;2462.00;55
6263;31;626630749;6263;250;7188;7243;8.19;0.50;261.34;5.23;925;31;2463.00;55
6266;31;626630761;6266;255;7189;7243;8.12;0.50;261.37;5.23;923;31;2464.00;54
6268;31;626630778;6268;266;7193;7243;8.04;0.49;261.39;5.24;925;31;2465.00;50
6270;31;626630789;6270;274;7197;7246;7.99;0.49;261.37;5.26;927;31;2466.00;49
6273;31;626630801;6273;273;7199;7246;7.88;0.48;261.38;5.26;926;31;2467.00;47
6276;31;626630813;6276;281;7201;7246;7.81;0.48;261.34;5.26;925;31;2468.00;45
6279;31;626630824;6279;289;7205;7250;7.71;0.47;261.37;5.26;926;31;2469.00;45
6283;31;626630835;6283;286;7207;7251;7.55;0.46;261.38;5.26;924;31;2470.00;44
6285;31;626630847;6285;287;7208;7251;7.52;0.46;261.34;5.30;923;31;2471.00;43
6289;31;626630858;6289;288;7210;7255;7.43;0.45;261.26;5.30;921;31;2472.00;45
6292;31;626630869;6292;278;7210;7255;7.39;0.45;261.32;5.30;918;31;2473.00;45
6292;31;626630881;6292;274;7211;7255;7.38;0.45;261.32;5.34;919;31;2474.00;44
6293;31;626630892;6293;272;7213;7257;7.36;0.45;261.34;5.34;920;31;2475.00;44
6296;31;626630903;6296;271;7213;7257;7.33;0.45;261.40;5.34;917;31;2476.00;44
6304;31;626630914;6304;265;7218;7263;7.22;0.44;261.38;5.38;914;31;2477.00;45
6307;31;626630932;6307;270;7218;7263;7.12;0.43;261.39;5.38;911;31;2478.00;45
6308;31;626630943;6308;270;7220;7264;7.09;0.43;261.40;5.42;912;31;2479.00;44
6312;31;626630954;6312;266;7220;7264;7.09;0.43;261.27;5.42;908;31;2480.00;44
6314;31;626630964;6314;262;7220;7264;7.03;0.43;261.30;5.42;906;31;2481.00;44
6317;31;626630974;6317;252;7221;7264;6.93;0.42;261.34;5.47;904;31;2482.00;43
6321;31;626630985;6321;244;7221;7264;6.82;0.42;261.29;5.47;900;31;2483.00;43
6323;31;626630995;6323;243;7230;7276;6.81;0.42;261.26;5.46;907;31;2484.00;46
6326;31;626631006;6326;244;7232;7276;6.73;0.41;261.22;5.52;906;31;2485.00;44
6328;31;626631017;6328;246;7234;7276;6.73;0.41;261.24;5.52;906;31;2486.00;42
6329;31;626631027;6329;253;7235;7276;6.68;0.41;261.20;5.56;906;31;2487.00;41
6335;31;626631036;6335;255;7235;7276;6.59;0.40;261.22;5.56;900;31;2488.00;41
6338;31;626631047;6338;255;7235;7276;6.59;0.40;261.18;5.56;897;31;2489.00;41
6340;31;626631059;6340;258;7238;7280;6.58;0.40;261.13;5.56;898;31;2490.00;42
6340;31;626631069;6340;255;7239;7280;6.59;0.40;261.13;5.60;899;31;2491.00;41
6341;31;626631079;6341;252;7242;7284;6.69;0.41;261.11;5.60;901;31;2492.00;42
6341;31;626631090;6341;250;7245;7285;6.77;0.41;261.11;5.64;904;31;2493.00;40
6344;31;626631105;6344;252;7245;7285;6.77;0.41;261.06;5.64;901;31;2494.00;40
6348;31;626631116;6348;254;7245;7285;6.76;0.41;261.04;5.64;897;31;2495.00;40
6348;31;626631126;6348;251;7254;7298;6.81;0.41;261.04;5.64;906;31;2496.00;44
6350;31;626631137;6350;253;7255;7298;6.81;0.41;261.01;5.65;905;31;2497.00;43
6352;31;626631147;6352;251;7255;7298;6.84;0.41;260.99;5.65;903;31;2498.00;43
6353;31;626631157;6353;243;7256;7299;6.91;0.42;260.97;5.65;903;31;2499.00;43
6354;31;626631169;6354;236;7256;7300;6.94;0.42;260.93;5.65;902;31;2500.00;44
6356;31;626631184;6356;235;7256;7300;6.96;0.42;260.91;5.65;900;31;2501.00;44
6357;31;626631195;6357;228;7258;7303;7.02;0.42;260.88;5.65;901;31;2502.00;45
6359;31;626631207;6359;219;7260;7303;7.04;0.43;260.85;5.66;901;31;2503.00;43
6359;31;626631221;6359;214;7260;7303;7.09;0.43;260.85;5.66;901;31;2504.00;43
6360;31;626631237;6360;209;7260;7303;7.16;0.43;260.83;5.66;900;31;2505.00;43
6362;31;626631255;6362;206;7264;7309;7.27;0.44;260.85;5.66;902;31;2506.00;45
6364;31;626631288;6364;203;7264;7309;7.30;0.44;260.87;5.66;900;31;2507.00;45
6367;31;626631304;6367;199;7267;7309;7.33;0.44;260.88;5.68;900;31;2508.00;42
6367;31;626631321;6367;197;7267;7309;7.37;0.44;260.88;5.68;900;31;2509.00;42
6368;31;626631336;6368;197;7271;7313;7.37;0.44;260.89;5.69;903;31;2510.00;42
6368;31;626631349;6368;198;7274;7314;7.42;0.45;260.89;5.70;906;31;2511.00;40
6368;31;626631362;6368;200;7274;7314;7.48;0.45;260.89;5.70;906;31;2512.00;40
6370;31;626631374;6370;199;7278;7315;7.52;0.45;260.88;5.73;908;31;2513.00;37
6370;31;626631388;6370;196;7280;7315;7.55;0.46;260.88;5.74;910;31;2514.00;35
6370;31;626631400;6370;198;7282;7315;7.63;0.46;260.88;5.76;912;31;2515.00;33
6371;31;626631419;6371;200;7282;7315;7.66;0.46;260.89;5.76;911;31;2516.00;33
6372;31;626631432;6372;201;7284;7315;7.68;0.46;260.86;5.78;912;31;2517.00;31
6374;31;626631444;6374;205;7285;7315;7.65;0.46;260.85;5.79;911;31;2518.00;30
6375;31;626631462;6375;212;7286;7315;7.65;0.46;260.81;5.80;911;31;2519.00;29
6377;31;626631476;6377;219;7339;7440;7.82;0.48;260.78;5.77;962;31;2520.00;101
6378;31;626631497;6378;215;7345;7441;7.83;0.48;260.76;5.77;967;31;2521.00;96
6381;31;626631509;6381;207;7356;7441;7.81;0.48;260.78;5.78;975;31;2522.00;85
6382;31;626631522;6382;207;7363;7441;7.80;0.48;260.81;5.78;981;31;2523.00;78
6383;31;626631534;6383;214;7368;7441;7.76;0.48;260.83;5.79;985;31;2524.00;73
6387;32;626631545;6387;221;7370;7441;7.65;0.47;260.89;5.79;983;32;2525.00;71
6391;32;626631569;6391;224;7374;7441;7.55;0.46;260.94;5.80;983;32;2526.00;67
6392;32;626631581;6392;225;7379;7441;7.49;0.46;260.94;5.80;987;32;2527.00;62
6394;32;626631593;6394;231;7382;7442;7.45;0.46;260.94;5.81;988;32;2528.00;60
6397;32;626631605;6397;231;7388;7443;7.39;0.45;260.98;5.81;991;32;2529.00;55
6397;32;626631618;6397;226;7392;7443;7.43;0.46;260.98;5.82;995;32;2530.00;51
6399;32;626631630;6399;223;7399;7447;7.40;0.45;260.92;5.82;1000;32;2531.00;48
6405;32;626631644;6405;225;7404;7447;7.41;0.45;261.02;5.84;999;32;2532.00;43
6408;32;626631658;6408;226;7406;7447;7.42;0.45;261.03;5.84;998;32;2533.00;41
6410;32;626631672;6410;228;7409;7447;7.43;0.45;261.05;5.84;999;32;2534.00;38
6411;32;626631690;6411;225;7414;7453;7.48;0.46;261.08;5.85;1003;32;2535.00;39
6413;32;626631706;6413;232;7416;7453;7.45;0.46;261.12;5.85;1003;32;2536.00;37
6414;32;626631720;6414;237;7418;7455;7.49;0.46;261.14;5.86;1004;32;2537.00;37
6416;32;626631733;6416;237;7420;7458;7.54;0.46;261.19;5.86;1004;32;2538.00;38
6417;32;626631747;6417;249;7422;7458;7.56;0.46;261.21;5.86;1005;32;2539.00;36
6423;32;626631762;6423;250;7423;7458;7.48;0.46;261.22;5.86;1000;32;2540.00;35
6424;32;626631776;6424;257;7423;7459;7.46;0.46;261.23;5.86;999;32;2541.00;36
6428;32;626631789;6428;271;7425;7460;7.42;0.45;261.21;5.86;997;32;2542.00;35
6434;32;626631802;6434;270;7426;7460;7.26;0.44;261.29;5.87;992;32;2543.00;34
6436;32;626631815;6436;279;7439;7473;7.23;0.44;261.32;5.87;1003;32;2544.00;34
6440;32;626631828;6440;291;7440;7473;7.14;0.44;261.37;5.88;1000;32;2545.00;33
6445;32;626631841;6445;297;7442;7473;7.00;0.43;261.43;5.88;997;32;2546.00;31
6449;32;626631860;6449;299;7444;7474;6.94;0.42;261.52;5.88;995;32;2547.00;30
6452;32;626631873;6452;302;7444;7474;6.86;0.42;261.59;5.88;992;32;2548.00;30
6454;32;626631885;6454;301;7449;7478;6.78;0.42;261.66;5.88;995;32;2549.00;29
6459;32;626631900;6459;295;7452;7481;6.66;0.41;261.69;5.88;993;32;2550.00;29
6464;32;626631913;6464;297;7456;7485;6.58;0.40;261.69;5.88;992;32;2551.00;29
6469;32;626631927;6469;289;7458;7485;6.58;0.40;261.72;5.89;989;32;2552.00;27
6471;32;626631940;6471;291;7458;7485;6.62;0.41;261.76;5.89;987;32;2553.00;27
6477;32;626631959;6477;286;7459;7485;6.64;0.41;261.80;5.89;982;32;2554.00;26
6483;32;626631973;6483;279;7459;7485;6.69;0.41;261.95;5.89;976;32;2555.00;26
6487;32;626631985;6487;278;7470;7497;6.84;0.42;261.97;5.88;983;32;2556.00;27
6490;32;626631998;6490;272;7470;7497;6.93;0.43;262.06;5.88;980;32;2557.00;27
6495;32;626632012;6495;266;7470;7497;6.96;0.43;262.20;5.88;975;32;2558.00;27
6497;32;626632025;6497;262;7470;7497;7.02;0.43;262.20;5.88;973;32;2559.00;27
6503;32;626632038;6503;254;7470;7497;7.02;0.43;262.31;5.88;967;32;2560.00;27
6507;32;626632050;6507;250;7470;7497;7.08;0.44;262.39;5.88;963;32;2561.00;27
6510;32;626632064;6510;242;7470;7498;7.18;0.44;262.43;5.88;960;32;2562.00;28
6514;32;626632076;6514;240;7470;7498;7.33;0.45;262.48;5.88;956;32;2563.00;28
6518;32;626632089;6518;237;7474;7504;7.49;0.46;262.59;5.88;956;32;2564.00;30
6524;32;626632104;6524;243;7477;7506;7.63;0.47;262.63;5.87;953;32;2565.00;29
6530;32;626632117;6530;244;7477;7506;7.72;0.47;262.70;5.87;947;32;2566.00;29
6534;32;626632131;6534;244;7478;7506;7.81;0.48;262.79;5.93;944;32;2567.00;28
6538;32;626632145;6538;239;7481;7510;7.87;0.48;262.90;5.93;943;32;2568.00;29
6542;32;626632159;6542;244;7481;7510;7.91;0.49;262.96;5.93;939;32;2569.00;29
6545;32;626632172;6545;238;7481;7510;7.92;0.49;263.06;5.93;936;32;2570.00;29
6549;32;626632184;6549;236;7482;7511;7.95;0.49;263.07;5.92;933;32;2571.00;29
6555;32;626632198;6555;233;7485;7515;7.95;0.49;263.12;5.92;930;32;2572.00;30
6559;32;626632211;6559;225;7485;7515;7.96;0.49;263.12;5.92;926;32;2573.00;30
6563;32;626632227;6563;227;7487;7518;7.98;0.49;263.19;5.92;924;32;2574.00;31
6568;32;626632240;6568;222;7488;7518;7.99;0.49;263.30;5.92;920;32;2575.00;30
6575;32;626632253;6575;226;7488;7518;7.95;0.49;263.24;5.92;913;32;2576.00;30
6578;32;626632266;6578;226;7488;7518;7.96;0.49;263.25;5.92;910;32;2577.00;30
6584;32;626632278;6584;230;7491;7522;7.99;0.49;263.24;5.92;907;32;2578.00;31
6590;32;626632290;6590;234;7491;7522;8.00;0.49;263.29;5.92;901;32;2579.00;31
6592;32;626632304;6592;234;7492;7522;8.01;0.49;263.35;5.92;900;32;2580.00;30
6599;32;626632317;6599;241;7492;7522;7.98;0.49;263.41;5.92;893;32;2581.00;30
6606;32;626632329;6606;241;7492;7523;7.95;0.49;263.56;5.92;886;32;2582.00;31
6609;32;626632341;6609;240;7494;7524;7.96;0.49;263.66;5.96;885;32;2583.00;30
6612;32;626632353;6612;240;7494;7524;7.97;0.49;263.64;5.96;882;32;2584.00;30
6615;32;626632365;6615;237;7495;7525;8.03;0.49;263.68;5.96;880;32;2585.00;30
6619;32;626632377;6619;242;7495;7525;8.10;0.50;263.74;5.96;876;32;2586.00;30
6628;32;626632388;6628;254;7495;7525;8.04;0.49;263.83;5.96;867;32;2587.00;30
6632;32;626632400;6632;252;7495;7525;8.00;0.49;263.84;5.96;863;32;2588.00;30
6636;32;626632417;6636;257;7495;7525;7.89;0.48;263.91;5.96;859;32;2589.00;30
6638;32;626632429;6638;260;7495;7525;7.83;0.48;263.91;5.96;857;32;2590.00;30
6642;32;626632440;6642;264;7495;7525;7.76;0.47;263.95;5.96;853;32;2591.00;30
6643;32;626632451;6643;282;7563;7652;7.87;0.49;263.98;5.91;920;32;2592.00;89
6646;32;626632473;6646;279;7566;7653;7.83;0.49;263.92;5.91;920;32;2593.00;87
6648;32;626632485;6648;280;7574;7653;7.85;0.49;263.93;5.90;926;32;2594.00;79
6653;32;626632497;6653;284;7579;7653;7.85;0.49;263.92;5.90;926;32;2595.00;74
6656;32;626632509;6656;286;7584;7653;7.84;0.48;264.05;5.90;928;32;2596.00;69
6659;32;626632520;6659;275;7589;7653;7.84;0.48;264.09;5.94;930;32;2597.00;64
6662;32;626632538;6662;273;7594;7653;7.83;0.48;264.16;5.94;932;32;2598.00;59
6663;32;626632550;6663;267;7597;7653;7.85;0.49;264.18;5.94;934;32;2599.00;56
6667;32;626632562;6667;265;7603;7654;7.86;0.49;264.28;5.94;936;32;2600.00;51
6671;32;626632585;6671;268;7604;7655;7.89;0.49;264.29;5.94;933;32;2601.00;51
6673;32;626632598;6673;266;7606;7655;7.92;0.49;264.30;5.94;933;32;2602.00;49
6676;32;626632611;6676;266;7608;7656;7.88;0.49;264.28;5.94;932;32;2603.00;48
6680;32;626632625;6680;270;7609;7656;7.86;0.48;264.38;5.94;929;32;2604.00;47
6683;32;626632641;6683;275;7610;7656;7.81;0.48;264.38;5.94;927;32;2605.00;46
6686;32;626632653;6686;260;7613;7656;7.82;0.48;264.44;5.98;927;32;2606.00;43
6689;32;626632667;6689;250;7616;7660;7.85;0.48;264.44;5.98;927;32;2607.00;44
6693;32;626632680;6693;246;7618;7660;7.87;0.48;264.46;5.99;925;32;2608.00;42
6695;32;626632694;6695;236;7620;7660;7.91;0.48;264.40;6.02;925;32;2609.00;40
6696;32;626632714;6696;229;7624;7666;7.99;0.49;264.40;6.02;928;32;2610.00;42
6699;33;626632728;6699;221;7624;7666;8.02;0.49;264.41;6.02;925;33;2611.00;42
6704;33;626632763;6704;226;7625;7666;8.05;0.49;264.40;6.02;921;33;2612.00;41
6706;34;626632781;6706;234;7628;7670;8.08;0.49;264.38;6.02;922;34;2613.00;42
6708;35;626632804;6708;237;7630;7671;8.12;0.50;264.44;6.02;922;35;2614.00;41
6709;35;626632832;6709;243;7630;7671;8.12;0.50;264.43;6.02;921;35;2615.00;41
6710;35;626632845;6710;244;7634;7675;8.11;0.50;264.42;6.01;924;35;2616.00;41
6712;35;626632859;6712;235;7634;7675;8.10;0.50;264.40;6.01;922;35;2617.00;41
6714;35;626632871;6714;232;7635;7675;8.18;0.50;264.43;6.01;921;35;2618.00;40
6715;35;626632884;6715;229;7636;7676;8.27;0.51;264.41;6.01;921;35;2619.00;40
6716;35;626632897;6716;226;7636;7676;8.37;0.51;264.43;6.01;920;35;2620.00;40
6718;35;626632910;6718;226;7640;7682;8.43;0.51;264.40;6.01;922;35;2621.00;42
6720;35;626632923;6720;223;7642;7682;8.45;0.52;264.40;6.05;922;35;2622.00;40
6724;35;626632936;6724;225;7642;7683;8.50;0.52;264.41;6.05;918;35;2623.00;41
6728;35;626632948;6728;225;7642;7683;8.45;0.51;264.50;6.05;914;35;2624.00;41
6730;35;626632961;6730;234;7642;7683;8.38;0.51;264.45;6.05;912;35;2625.00;41
6735;35;626632973;6735;234;7642;7683;8.34;0.51;264.51;6.05;907;35;2626.00;41
6738;35;626632986;6738;236;7642;7683;8.20;0.50;264.44;6.05;904;35;2627.00;41
6742;35;626632998;6742;238;7652;7695;8.12;0.50;264.41;6.04;910;35;2628.00;43
6744;35;626633011;6744;243;7653;7695;8.08;0.49;264.41;6.04;909;35;2629.00;42
6745;35;626633022;6745;249;7653;7695;8.05;0.49;264.40;6.04;908;35;2630.00;42
6746;35;626633034;6746;254;7653;7695;8.06;0.49;264.36;6.04;907;35;2631.00;42
6749;35;626633045;6749;262;7653;7695;7.97;0.49;264.38;6.04;904;35;2632.00;42
6753;35;626633056;6753;266;7653;7695;7.84;0.48;264.34;6.04;900;35;2633.00;42
6756;35;626633067;6756;268;7656;7699;7.77;0.47;264.27;6.04;900;35;2634.00;43
6757;35;626633079;6757;274;7656;7699;7.64;0.46;264.27;6.04;899;35;2635.00;43
6758;35;626633089;6758;276;7660;7703;7.57;0.46;264.25;6.07;902;35;2636.00;43
6760;35;626633101;6760;282;7661;7704;7.45;0.45;264.24;6.07;901;35;2637.00;43
6760;35;626633112;6760;291;7662;7704;7.41;0.45;264.24;6.07;902;35;2638.00;42
6762;35;626633123;6762;291;7662;7704;7.30;0.44;264.22;6.07;900;35;2639.00;42
6763;35;626633135;6763;296;7682;7733;7.26;0.44;264.21;6.05;919;35;2640.00;51
6764;35;626633148;6764;296;7684;7733;7.19;0.44;264.20;6.05;920;35;2641.00;49
6764;35;626633160;6764;287;7686;7733;7.22;0.44;264.20;6.05;922;35;2642.00;47
6767;35;626633170;6767;296;7688;7734;7.24;0.44;264.21;6.05;921;35;2643.00;46
6769;35;626633181;6769;293;7688;7735;7.24;0.44;264.25;6.05;919;35;2644.00;47
6769;35;626633192;6769;289;7689;7735;7.22;0.44;264.25;6.08;920;35;2645.00;46
6770;35;626633203;6770;293;7692;7738;7.24;0.44;264.37;6.08;922;35;2646.00;46
6773;35;626633214;6773;285;7692;7738;7.19;0.44;264.38;6.08;919;35;2647.00;46
6776;35;626633229;6776;285;7692;7738;7.11;0.43;264.34;6.08;916;35;2648.00;46
6779;35;626633247;6779;287;7692;7738;6.99;0.43;264.35;6.08;913;35;2649.00;46
6781;35;626633266;6781;292;7696;7744;6.93;0.42;264.37;6.07;915;35;2650.00;48
6783;35;626633291;6783;278;7697;7744;6.95;0.42;264.33;6.07;914;35;2651.00;47
6784;35;626633308;6784;264;7697;7744;6.95;0.42;264.32;6.07;913;35;2652.00;47
6787;35;626633324;6787;259;7697;7744;6.93;0.42;264.34;6.07;910;35;2653.00;47
6790;35;626633340;6790;247;7701;7748;6.96;0.42;264.31;6.08;911;35;2654.00;47
6793;35;626633355;6793;234;7703;7750;6.96;0.42;264.31;6.08;910;35;2655.00;47
6794;35;626633368;6794;222;7704;7750;6.94;0.42;264.33;6.10;910;35;2656.00;46
6796;35;626633379;6796;215;7705;7751;7.02;0.43;264.32;6.09;909;35;2657.00;46
6801;35;626633393;6801;215;7706;7751;7.00;0.43;264.36;6.13;905;35;2658.00;45
6806;35;626633406;6806;207;7706;7751;7.10;0.43;264.33;6.13;900;35;2659.00;45
6807;35;626633418;6807;194;7706;7751;7.26;0.44;264.32;6.13;899;35;2660.00;45
6809;35;626633430;6809;199;7706;7751;7.37;0.45;264.28;6.13;897;35;2661.00;45
6810;35;626633442;6810;195;7707;7751;7.49;0.46;264.26;6.14;897;35;2662.00;44
6814;35;626633460;6814;189;7708;7751;7.50;0.45;264.23;6.17;894;35;2663.00;43
6815;35;626633480;6815;198;7743;7821;7.67;0.47;264.19;6.14;928;35;2664.00;78
6816;35;626633498;6816;189;7745;7822;7.71;0.47;264.18;6.14;929;35;2665.00;77
6817;35;626633510;6817;195;7753;7822;7.82;0.48;264.14;6.16;936;35;2666.00;69
6819;35;626633522;6819;195;7758;7822;7.81;0.47;264.09;6.16;939;35;2667.00;64
6822;35;626633534;6822;196;7763;7822;7.86;0.48;264.04;6.16;941;35;2668.00;59
6824;35;626633546;6824;190;7768;7822;7.90;0.48;264.05;6.17;944;35;2669.00;54
6826;35;626633560;6826;187;7772;7822;7.93;0.48;264.01;6.17;946;35;2670.00;50
6828;35;626633572;6828;189;7774;7822;7.94;0.48;264.06;6.18;946;35;2671.00;48
6830;35;626633585;6830;199;7776;7823;8.00;0.49;264.05;6.17;946;35;2672.00;47
6831;35;626633598;6831;202;7777;7824;8.03;0.49;264.03;6.18;946;35;2673.00;47
6833;35;626633617;6833;203;7778;7824;8.05;0.49;263.98;6.17;945;35;2674.00;46
6839;35;626633630;6839;198;7781;7828;7.95;0.48;264.00;6.17;942;35;2675.00;47
6841;35;626633644;6841;203;7781;7828;7.94;0.48;263.97;6.17;940;35;2676.00;47
6845;35;626633657;6845;201;7782;7828;7.91;0.48;263.99;6.18;937;35;2677.00;46
6847;35;626633670;6847;207;7782;7828;7.96;0.48;264.07;6.18;935;35;2678.00;46
6849;35;626633682;6849;206;7786;7834;7.99;0.49;264.11;6.18;937;35;2679.00;48
6854;35;626633695;6854;215;7788;7834;7.98;0.48;264.16;6.19;934;35;2680.00;46
6856;35;626633708;6856;221;7789;7834;7.93;0.48;264.21;6.21;933;35;2681.00;45
6858;35;626633721;6858;224;7792;7837;7.93;0.48;264.27;6.20;934;35;2682.00;45
6859;35;626633733;6859;233;7794;7837;7.91;0.48;264.25;6.23;935;35;2683.00;43
6860;35;626633745;6860;237;7794;7837;7.90;0.48;264.31;6.23;934;35;2684.00;43
6863;35;626633758;6863;230;7795;7838;7.90;0.48;264.32;6.24;932;35;2685.00;43
6868;35;626633770;6868;229;7797;7839;7.88;0.48;264.33;6.25;929;35;2686.00;42
6870;35;626633783;6870;235;7799;7839;7.87;0.48;264.33;6.26;929;35;2687.00;40
6874;35;626633795;6874;242;7810;7852;7.94;0.48;264.33;6.25;936;35;2688.00;42
6875;35;626633809;6875;233;7811;7852;8.00;0.49;264.35;6.26;936;35;2689.00;41
6876;35;626633821;6876;241;7812;7852;8.04;0.49;264.41;6.27;936;35;2690.00;40
6880;35;626633835;6880;239;7814;7853;8.04;0.49;264.45;6.27;934;35;2691.00;39
6882;35;626633847;6882;241;7816;7853;8.06;0.49;264.46;6.29;934;35;2692.00;37
6883;35;626633859;6883;243;7819;7857;8.08;0.49;264.48;6.29;936;35;2693.00;38
6885;35;626633873;6885;240;7821;7857;8.04;0.49;264.55;6.29;936;35;2694.00;36
6888;35;626633891;6888;238;7825;7861;7.91;0.48;264.65;6.30;937;35;2695.00;36
6891;35;626633904;6891;240;7825;7861;7.83;0.48;264.66;6.30;934;35;2696.00;36
6894;35;626633916;6894;239;7828;7861;7.74;0.47;264.72;6.34;934;35;2697.00;33
6897;35;626633934;6897;247;7828;7861;7.64;0.47;264.82;6.34;931;35;2698.00;33
6899;35;626633947;6899;251;7828;7861;7.56;0.46;264.88;6.34;929;35;2699.00;33
6904;35;626633961;6904;249;7852;7910;7.59;0.47;264.98;6.34;948;35;2700.00;58
6905;35;626633985;6905;245;7855;7910;7.56;0.46;265.04;6.35;950;35;2701.00;55
6907;35;626633997;6907;249;7858;7910;7.59;0.47;265.05;6.36;951;35;2702.00;52
6910;35;626634009;6910;244;7860;7910;7.54;0.46;265.14;6.36;950;35;2703.00;50
6912;35;626634028;6912;244;7864;7910;7.49;0.46;265.18;6.37;952;35;2704.00;46
6914;35;626634041;6914;245;7866;7910;7.47;0.46;265.20;6.37;952;35;2705.00;44
6917;35;626634052;6917;248;7867;7911;7.46;0.46;265.23;6.37;950;35;2706.00;44
6921;35;626634065;6921;251;7869;7911;7.42;0.45;265.26;6.39;948;35;2707.00;42
6924;35;626634083;6924;254;7873;7917;7.45;0.46;265.34;6.39;949;35;2708.00;44
6927;35;626634102;6927;252;7874;7918;7.42;0.45;265.39;6.39;947;35;2709.00;44
6929;35;626634114;6929;261;7877;7918;7.38;0.45;265.45;6.40;948;35;2710.00;41
6930;35;626634126;6930;267;7878;7918;7.40;0.45;265.47;6.40;948;35;2711.00;40
6935;35;626634138;6935;267;7883;7922;7.31;0.45;265.50;6.41;948;35;2712.00;39
6938;35;626634150;6938;265;7883;7922;7.28;0.45;265.50;6.41;945;35;2713.00;39
6940;35;626634162;6940;278;7884;7922;7.29;0.45;265.55;6.41;944;35;2714.00;38
6945;35;626634173;6945;270;7887;7923;7.26;0.44;265.63;6.42;942;35;2715.00;36
6949;35;626634185;6949;275;7890;7927;7.21;0.44;265.67;6.41;941;35;2716.00;37
6954;35;626634196;6954;280;7893;7927;7.17;0.44;265.65;6.42;939;35;2717.00;34
6962;35;626634208;6962;278;7895;7930;7.08;0.43;265.86;6.42;933;35;2718.00;35
6966;35;626634221;6966;285;7895;7930;7.05;0.43;265.91;6.42;929;35;2719.00;35
6974;35;626634235;6974;266;7898;7930;6.96;0.42;266.05;6.42;924;35;2720.00;32
6976;35;626634247;6976;252;7898;7930;6.96;0.43;266.06;6.42;922;35;2721.00;32
6980;35;626634259;6980;247;7900;7934;6.97;0.43;266.22;6.42;920;35;2722.00;34
6984;35;626634271;6984;245;7903;7934;6.93;0.42;266.34;6.43;919;35;2723.00;31
6991;35;626634283;6991;245;7903;7934;6.91;0.42;266.34;6.43;912;35;2724.00;31
6992;35;626634293;6992;247;7906;7934;7.00;0.43;266.37;6.43;914;35;2725.00;28
6997;35;626634304;6997;242;7906;7935;7.05;0.43;266.41;6.43;909;35;2726.00;29
6999;35;626634315;6999;238;7907;7936;7.11;0.43;266.40;6.43;908;35;2727.00;29
7002;35;626634326;7002;230;7907;7936;7.17;0.44;266.53;6.43;905;35;2728.00;29
7008;35;626634337;7008;221;7909;7937;7.15;0.44;266.82;6.43;901;35;2729.00;28
7009;35;626634351;7009;224;7910;7937;7.15;0.44;266.84;6.44;901;35;2730.00;27
7014;35;626634361;7014;227;7912;7937;7.17;0.44;266.93;6.44;898;35;2731.00;25
7018;35;626634373;7018;226;7914;7937;7.19;0.44;267.00;6.44;896;35;2732.00;23
7020;35;626634384;7020;224;7914;7937;7.27;0.45;267.02;6.44;894;35;2733.00;23
7024;35;626634395;7024;225;7915;7937;7.28;0.45;267.06;6.44;891;35;2734.00;22
7030;35;626634406;7030;226;7917;7937;7.30;0.45;267.10;6.45;887;35;2735.00;20
7035;35;626634418;7035;233;7981;8064;7.63;0.47;267.03;6.40;946;35;2736.00;83
7038;35;626634438;7038;231;7986;8065;7.67;0.47;267.07;6.39;948;35;2737.00;79
7040;35;626634451;7040;233;7991;8065;7.78;0.48;267.11;6.39;951;35;2738.00;74
7044;35;626634462;7044;230;7995;8065;7.79;0.48;267.15;6.39;951;35;2739.00;70
7051;35;626634474;7051;232;7999;8065;7.79;0.48;267.26;6.39;948;35;2740.00;66
7057;35;626634486;7057;225;8005;8065;7.79;0.48;267.26;6.39;948;35;2741.00;60
7061;35;626634498;7061;224;8008;8065;7.75;0.48;267.31;6.39;947;35;2742.00;57
7067;35;626634510;7067;225;8013;8065;7.66;0.47;267.43;6.39;946;35;2743.00;52
7071;35;626634522;7071;230;8017;8066;7.60;0.47;267.52;6.39;946;35;2744.00;49
7074;35;626634534;7074;232;8019;8068;7.57;0.47;267.53;6.39;945;35;2745.00;49
7075;35;626634546;7075;236;8021;8068;7.57;0.47;267.52;6.39;946;35;2746.00;47
7081;35;626634559;7081;236;8024;8069;7.52;0.46;267.56;6.39;943;35;2747.00;45
7084;35;626634571;7084;238;8027;8069;7.51;0.46;267.59;6.39;943;35;2748.00;42
7085;35;626634583;7085;241;8029;8069;7.55;0.47;267.62;6.39;944;35;2749.00;40
7094;35;626634595;7094;241;8030;8069;7.51;0.46;267.57;6.40;936;35;2750.00;39
7098;35;626634607;7098;246;8033;8073;7.49;0.46;267.68;6.39;935;35;2751.00;40
7101;35;626634620;7101;251;8035;8073;7.54;0.46;267.79;6.39;934;35;2752.00;38
7103;35;626634632;7103;262;8037;8073;7.59;0.47;267.76;6.40;934;35;2753.00;36
7110;35;626634644;7110;271;8040;8076;7.55;0.46;267.92;6.40;930;35;2754.00;36
7113;35;626634658;7113;281;8042;8076;7.53;0.46;268.09;6.43;929;35;2755.00;34
7118;35;626634670;7118;283;8043;8076;7.51;0.46;268.08;6.43;925;35;2756.00;33
7124;35;626634682;7124;293;8048;8080;7.49;0.46;268.07;6.43;924;35;2757.00;32
7128;35;626634694;7128;299;8050;8081;7.48;0.46;268.07;6.43;922;35;2758.00;31
7132;35;626634706;7132;301;8050;8081;7.48;0.46;268.06;6.43;918;35;2759.00;31
7136;35;626634719;7136;306;8055;8086;7.48;0.46;268.03;6.43;919;35;2760.00;31
7140;35;626634731;7140;307;8055;8086;7.35;0.45;268.11;6.43;915;35;2761.00;31
7144;35;626634743;7144;315;8055;8086;7.30;0.45;268.15;6.43;911;35;2762.00;31
7148;35;626634755;7148;324;8056;8087;7.24;0.44;268.15;6.43;908;35;2763.00;31
7150;35;626634773;7150;325;8056;8087;7.17;0.44;268.14;6.43;906;35;2764.00;31
7154;35;626634785;7154;329;8060;8093;7.11;0.43;268.13;6.42;906;35;2765.00;33
7156;35;626634797;7156;333;8061;8093;7.07;0.43;268.20;6.42;905;35;2766.00;32
7160;35;626634809;7160;324;8061;8094;7.02;0.43;268.28;6.42;901;35;2767.00;33
7162;35;626634821;7162;313;8061;8094;6.97;0.42;268.33;6.42;899;35;2768.00;33
7164;35;626634833;7164;315;8061;8094;6.96;0.42;268.33;6.42;897;35;2769.00;33
7168;35;626634844;7168;319;8061;8094;7.00;0.43;268.40;6.42;893;35;2770.00;33
7171;35;626634856;7171;322;8061;8094;6.98;0.42;268.38;6.42;890;36;2771.00;33
7175;35;626634876;7175;321;8071;8106;7.06;0.43;268.39;6.41;896;36;2772.00;35
7177;35;626634893;7177;321;8072;8106;7.10;0.43;268.36;6.41;895;36;2773.00;34
7178;35;626634905;7178;327;8072;8106;7.16;0.44;268.38;6.41;894;36;2774.00;34
7181;35;626634917;7181;325;8072;8106;7.12;0.43;268.52;6.41;891;36;2775.00;34
7183;35;626634928;7183;314;8072;8106;7.17;0.44;268.50;6.41;889;36;2776.00;34
7185;35;626634940;7185;303;8072;8106;7.27;0.44;268.47;6.41;887;36;2777.00;34
7188;35;626634951;7188;293;8075;8110;7.31;0.44;268.53;6.41;887;36;2778.00;35
7191;35;626634968;7191;281;8075;8110;7.32;0.45;268.51;6.41;884;36;2779.00;35
7198;35;626634980;7198;276;8078;8114;7.36;0.45;268.45;6.41;880;36;2780.00;36
7202;35;626634992;7202;276;8079;8115;7.41;0.45;268.38;6.41;877;36;2781.00;36
7203;35;626635004;7203;280;8080;8115;7.48;0.45;268.37;6.41;877;36;2782.00;35
7205;35;626635016;7205;283;8080;8115;7.56;0.46;268.38;6.41;875;36;2783.00;35
7205;35;626635027;7205;289;8091;8128;7.71;0.47;268.38;6.40;886;36;2784.00;37
7208;35;626635039;7208;288;8091;8128;7.74;0.47;268.34;6.40;883;36;2785.00;37
7210;35;626635050;7210;289;8091;8128;7.77;0.47;268.28;6.40;881;36;2786.00;37
7210;35;626635062;7210;287;8092;8129;7.79;0.47;268.28;6.40;882;36;2787.00;37
7211;35;626635073;7211;289;8092;8130;7.76;0.47;268.25;6.40;881;36;2788.00;38
7212;35;626635084;7212;290;8092;8130;7.74;0.47;268.24;6.40;880;36;2789.00;38
7215;35;626635098;7215;291;8095;8136;7.76;0.47;268.20;6.40;880;36;2790.00;41
7216;35;626635110;7216;283;8096;8136;7.72;0.47;268.18;6.40;880;36;2791.00;40
7217;35;626635121;7217;279;8096;8136;7.65;0.46;268.18;6.40;879;36;2792.00;40
7220;35;626635133;7220;278;8097;8136;7.55;0.46;268.16;6.40;877;36;2793.00;39
7223;35;626635144;7223;278;8100;8142;7.47;0.45;268.09;6.39;877;36;2794.00;42
7224;35;626635156;7224;275;8101;8142;7.38;0.45;268.08;6.39;877;36;2795.00;41
7226;35;626635167;7226;282;8101;8142;7.25;0.44;268.06;6.39;875;36;2796.00;41
7227;35;626635177;7227;286;8102;8142;7.17;0.44;268.04;6.39;875;36;2797.00;40
7229;35;626635188;7229;295;8105;8146;7.11;0.43;268.02;6.39;876;36;2798.00;41
7231;35;626635199;7231;303;8107;8147;7.12;0.43;268.12;6.39;876;36;2799.00;40
7233;35;626635210;7233;309;8107;8147;7.11;0.43;268.18;6.39;874;36;2800.00;40
7235;35;626635228;7235;313;8108;8148;7.04;0.43;268.16;6.39;873;36;2801.00;40
7236;35;626635245;7236;317;8108;8148;6.96;0.42;268.16;6.39;872;36;2802.00;40
7237;35;626635261;7237;314;8108;8148;6.95;0.42;268.15;6.39;871;36;2803.00;40
7239;35;626635280;7239;305;8108;8148;6.89;0.42;268.14;6.39;869;36;2804.00;40
7239;35;626635298;7239;296;8108;8148;6.89;0.42;268.14;6.39;869;36;2805.00;40
7241;35;626635313;7241;297;8108;8148;6.89;0.42;268.13;6.39;867;36;2806.00;40
7242;35;626635329;7242;290;8108;8148;6.97;0.42;268.12;6.39;866;36;2807.00;40
7243;35;626635345;7243;302;8148;8218;6.98;0.42;268.12;6.36;905;36;2808.00;70
7244;35;626635364;7244;293;8148;8219;6.99;0.43;268.12;6.36;904;36;2809.00;71
7246;35;626635377;7246;286;8156;8219;7.13;0.43;268.10;6.35;910;36;2810.00;63
7247;35;626635389;7247;278;8157;8219;7.21;0.44;268.10;6.35;910;36;2811.00;62
7249;35;626635401;7249;272;8160;8219;7.34;0.45;268.11;6.35;911;36;2812.00;59
7249;35;626635414;7249;266;8163;8219;7.44;0.45;268.11;6.35;914;36;2813.00;56
7250;35;626635433;7250;261;8167;8219;7.50;0.46;268.09;6.35;917;36;2814.00;52
7252;35;626635454;7252;251;8168;8219;7.55;0.46;268.06;6.35;916;36;2815.00;51
7252;35;626635467;7252;251;8172;8220;7.66;0.47;268.06;6.35;920;36;2816.00;48
7253;35;626635479;7253;245;8174;8221;7.72;0.47;268.05;6.35;921;36;2817.00;47
7254;35;626635491;7254;245;8176;8221;7.80;0.48;268.05;6.35;922;36;2818.00;45
7256;35;626635503;7256;244;8179;8225;7.76;0.47;268.03;6.35;923;36;2819.00;46
7259;35;626635517;7259;236;8179;8225;7.77;0.47;268.02;6.35;920;36;2820.00;46
7260;35;626635531;7260;226;8179;8225;7.74;0.47;268.01;6.35;919;36;2821.00;46
7260;35;626635542;7260;220;8179;8225;7.70;0.47;268.01;6.35;919;36;2822.00;46
7260;35;626635553;7260;220;8183;8231;7.67;0.47;268.01;6.35;923;36;2823.00;48
7262;36;626635565;7262;207;8184;8231;7.67;0.47;268.04;6.35;922;37;2824.00;47
7265;36;626635590;7265;211;8186;8231;7.68;0.47;268.02;6.37;921;37;2825.00;45
7268;36;626635603;7268;206;8189;8234;7.71;0.47;268.03;6.40;921;37;2826.00;45
7272;36;626635621;7272;200;8189;8234;7.73;0.47;268.08;6.40;917;37;2827.00;45
7278;36;626635633;7278;200;8190;8234;7.74;0.47;267.99;6.40;912;37;2828.00;44
7284;36;626635645;7284;203;8191;8235;7.74;0.47;268.06;6.44;907;37;2829.00;44
7288;36;626635658;7288;197;8192;8236;7.77;0.47;268.13;6.44;904;37;2830.00;44
7291;36;626635669;7291;195;8193;8236;7.79;0.47;268.13;6.48;902;37;2831.00;43
7295;36;626635681;7295;191;8202;8249;7.80;0.47;268.16;6.47;907;37;2832.00;47
7298;36;626635694;7298;189;8203;8249;7.79;0.47;268.13;6.51;905;37;2833.00;46
7300;36;626635705;7300;189;8203;8249;7.87;0.48;268.06;6.51;903;37;2834.00;46
7303;36;626635717;7303;187;8206;8251;7.91;0.48;268.07;6.54;903;37;2835.00;45
7305;36;626635729;7305;184;8206;8251;7.96;0.48;268.12;6.54;901;37;2836.00;45
7307;36;626635740;7307;181;8210;8255;8.03;0.49;268.16;6.54;903;37;2837.00;45
7310;36;626635754;7310;177;8210;8255;8.06;0.49;268.19;6.54;900;37;2838.00;45
7315;36;626635767;7315;175;8215;8259;8.04;0.49;268.24;6.58;900;37;2839.00;44
7316;36;626635780;7316;177;8216;8259;8.07;0.49;268.23;6.58;900;37;2840.00;43
7320;36;626635792;7320;175;8216;8259;8.08;0.49;268.29;6.58;896;37;2841.00;43
7323;36;626635808;7323;178;8216;8259;8.05;0.49;268.30;6.58;893;37;2842.00;43
7327;36;626635820;7327;182;8216;8259;8.06;0.49;268.27;6.58;889;37;2843.00;43
7330;36;626635833;7330;188;8226;8271;8.10;0.49;268.34;6.57;896;37;2844.00;45
7332;36;626635848;7332;191;8227;8271;8.10;0.49;268.35;6.57;895;37;2845.00;44
7334;36;626635861;7334;186;8227;8271;8.13;0.49;268.40;6.57;893;37;2846.00;44
7335;36;626635881;7335;195;8227;8271;8.27;0.50;268.41;6.57;892;37;2847.00;44
7337;36;626635894;7337;202;8227;8271;8.32;0.51;268.46;6.57;890;37;2848.00;44
7339;36;626635912;7339;204;8228;8271;8.40;0.51;268.45;6.58;889;37;2849.00;43
7341;36;626635926;7341;202;8231;8274;8.43;0.51;268.53;6.59;890;37;2850.00;43
7343;36;626635939;7343;203;8231;8274;8.44;0.51;268.53;6.59;888;37;2851.00;43
7345;37;626635951;7345;208;8237;8280;8.46;0.51;268.54;6.62;892;38;2852.00;43
7346;37;626635985;7346;203;8239;8281;8.48;0.52;268.59;6.61;893;38;2853.00;42
7351;37;626635997;7351;203;8240;8281;8.47;0.51;268.68;6.62;889;38;2854.00;41
7354;37;626636010;7354;209;8241;8281;8.42;0.51;268.72;6.64;887;38;2855.00;40
7358;37;626636023;7358;199;8245;8285;8.39;0.51;268.70;6.64;887;38;2856.00;40
7359;37;626636035;7359;199;8246;8285;8.41;0.51;268.74;6.66;887;38;2857.00;39
7359;37;626636047;7359;197;8248;8285;8.37;0.51;268.74;6.68;889;38;2858.00;37
7361;37;626636059;7361;197;8249;8286;8.39;0.51;268.76;6.68;888;38;2859.00;37
7362;37;626636071;7362;200;8254;8290;8.33;0.51;268.79;6.69;892;38;2860.00;36
7364;37;626636084;7364;204;8254;8290;8.34;0.51;268.83;6.69;890;38;2861.00;36
7367;37;626636097;7367;199;8258;8293;8.33;0.51;268.92;6.71;891;38;2862.00;35
7370;37;626636109;7370;206;8260;8293;8.25;0.50;268.95;6.71;890;38;2863.00;33
7374;37;626636121;7374;212;8263;8295;8.18;0.50;269.07;6.72;889;38;2864.00;32
7377;37;626636133;7377;209;8265;8295;8.11;0.49;269.06;6.73;888;38;2865.00;30
7382;37;626636144;7382;215;8269;8299;8.13;0.49;269.06;6.73;887;38;2866.00;30
7385;37;626636157;7385;216;8270;8299;8.09;0.49;269.07;6.74;885;38;2867.00;29
7389;37;626636169;7389;213;8270;8299;8.07;0.49;269.15;6.74;881;38;2868.00;29
7390;37;626636180;7390;206;8270;8299;8.03;0.49;269.16;6.74;880;38;2869.00;29
7394;37;626636192;7394;206;8273;8300;7.94;0.48;269.23;6.76;879;38;2870.00;27
7397;37;626636203;7397;209;8274;8301;7.91;0.48;269.23;6.76;877;38;2871.00;27
7401;37;626636216;7401;208;8274;8301;7.84;0.48;269.24;6.76;873;38;2872.00;27
7402;37;626636229;7402;209;8275;8302;7.83;0.48;269.22;6.76;873;38;2873.00;27
7405;37;626636240;7405;210;8276;8302;7.78;0.47;269.23;6.77;871;38;2874.00;26
7407;37;626636251;7407;208;8276;8302;7.75;0.47;269.23;6.77;869;38;2875.00;26
7408;37;626636262;7408;209;8279;8302;7.78;0.47;269.24;6.79;871;38;2876.00;23
7413;37;626636273;7413;212;8279;8302;7.75;0.47;269.31;6.79;866;38;2877.00;23
7415;37;626636284;7415;215;8280;8302;7.72;0.47;269.33;6.79;865;38;2878.00;22
7418;37;626636294;7418;213;8280;8302;7.69;0.47;269.40;6.79;862;38;2879.00;22
7419;37;626636306;7419;258;8383;8532;7.72;0.48;269.46;6.73;964;38;2880.00;149
7422;37;626636334;7422;252;8387;8533;7.68;0.48;269.48;6.72;965;38;2881.00;146
7425;37;626636345;7425;244;8397;8533;7.72;0.48;269.48;6.72;972;38;2882.00;136
7428;37;626636356;7428;244;8403;8533;7.68;0.48;269.54;6.72;975;38;2883.00;130
7431;37;626636367;7431;242;8409;8533;7.63;0.48;269.53;6.72;978;38;2884.00;124
7437;37;626636378;7437;244;8416;8533;7.61;0.47;269.57;6.72;979;38;2885.00;117
7441;37;626636389;7441;241;8424;8533;7.59;0.47;269.54;6.72;983;38;2886.00;109
7445;37;626636400;7445;243;8430;8533;7.52;0.47;269.61;6.72;985;38;2887.00;103
7452;37;626636411;7452;247;8435;8534;7.42;0.46;269.60;6.72;983;38;2888.00;99
7455;37;626636422;7455;251;8441;8535;7.34;0.46;269.61;6.72;986;38;2889.00;94
7459;37;626636434;7459;249;8445;8535;7.29;0.45;269.67;6.73;986;38;2890.00;90
7462;37;626636445;7462;246;8449;8536;7.22;0.45;269.72;6.73;987;38;2891.00;87
7466;37;626636457;7466;251;8455;8536;7.14;0.44;269.87;6.73;989;38;2892.00;81
7470;37;626636469;7470;261;8460;8536;7.01;0.43;269.96;6.73;990;38;2893.00;76
7474;37;626636480;7474;265;8462;8536;6.92;0.43;270.05;6.74;988;38;2894.00;74
7478;37;626636497;7478;277;8469;8540;6.80;0.42;270.08;6.74;991;38;2895.00;71
7483;37;626636509;7483;285;8472;8540;6.70;0.41;270.15;6.74;989;38;2896.00;68
7487;37;626636520;7487;291;8474;8540;6.60;0.41;270.22;6.75;987;38;2897.00;66
7490;37;626636532;7490;281;8481;8543;6.58;0.41;270.24;6.75;991;38;2898.00;62
7495;37;626636545;7495;283;8482;8543;6.57;0.41;270.37;6.75;987;38;2899.00;61
7500;37;626636557;7500;279;8483;8543;6.53;0.40;270.44;6.75;983;38;2900.00;60
7504;37;626636574;7504;279;8486;8547;6.57;0.41;270.52;6.75;982;38;2901.00;61
7509;37;626636586;7509;275;8488;8548;6.67;0.41;270.58;6.76;979;38;2902.00;60
7515;37;626636599;7515;277;8493;8548;6.69;0.41;270.62;6.76;978;38;2903.00;55
7520;37;626636612;7520;278;8496;8552;6.72;0.41;270.72;6.76;976;38;2904.00;56
7526;37;626636624;7526;279;8499;8552;6.68;0.41;270.77;6.77;973;38;2905.00;53
7530;37;626636637;7530;280;8500;8552;6.70;0.41;270.74;6.77;970;38;2906.00;52
7534;37;626636649;7534;285;8501;8553;6.71;0.41;270.84;6.77;967;38;2907.00;52
7539;37;626636662;7539;283;8504;8553;6.68;0.41;270.83;6.78;965;38;2908.00;49
7540;37;626636673;7540;284;8509;8559;6.69;0.41;270.80;6.78;969;38;2909.00;50
7545;37;626636688;7545;286;8510;8559;6.67;0.41;270.91;6.78;965;38;2910.00;49
7547;37;626636700;7547;297;8512;8560;6.70;0.41;270.93;6.79;965;38;2911.00;48
7552;37;626636712;7552;306;8513;8560;6.71;0.41;271.00;6.79;961;38;2912.00;47
7558;37;626636728;7558;307;8516;8560;6.71;0.41;271.04;6.80;958;38;2913.00;44
7562;37;626636741;7562;305;8516;8560;6.66;0.41;271.09;6.80;954;38;2914.00;44
7564;37;626636753;7564;309;8518;8560;6.60;0.40;271.08;6.80;954;38;2915.00;42
7567;37;626636765;7567;316;8528;8572;6.63;0.41;271.15;6.79;961;38;2916.00;44
7570;37;626636778;7570;319;8531;8572;6.64;0.41;271.17;6.85;961;38;2917.00;41
7577;37;626636790;7577;318;8531;8572;6.62;0.40;271.26;6.85;954;38;2918.00;41
7578;37;626636802;7578;325;8533;8572;6.62;0.41;271.31;6.85;955;38;2919.00;39
7581;37;626636813;7581;330;8533;8572;6.59;0.40;271.36;6.85;952;38;2920.00;39
7585;37;626636825;7585;335;8534;8572;6.52;0.40;271.30;6.85;949;38;2921.00;38
7587;37;626636837;7587;337;8537;8576;6.52;0.40;271.38;6.85;950;38;2922.00;39
7590;37;626636849;7590;337;8538;8576;6.51;0.40;271.45;6.85;948;38;2923.00;38
7594;37;626636861;7594;347;8540;8580;6.50;0.40;271.46;6.84;946;38;2924.00;40
7598;37;626636873;7598;351;8543;8582;6.49;0.40;271.49;6.84;945;38;2925.00;39
7599;37;626636885;7599;354;8543;8582;6.50;0.40;271.51;6.84;944;38;2926.00;39
7601;37;626636896;7601;358;8544;8582;6.52;0.40;271.53;6.84;943;38;2927.00;38
7601;37;626636907;7601;363;8555;8595;6.58;0.40;271.53;6.88;954;38;2928.00;40
7603;37;626636925;7603;372;8555;8595;6.56;0.40;271.49;6.88;952;38;2929.00;40
7604;37;626636941;7604;378;8555;8595;6.56;0.40;271.47;6.88;951;38;2930.00;40
7606;37;626636952;7606;387;8556;8596;6.55;0.40;271.45;6.88;950;38;2931.00;40
7607;37;626636963;7607;385;8556;8597;6.57;0.40;271.45;6.88;949;38;2932.00;41
7614;37;626636975;7614;394;8556;8597;6.55;0.40;271.38;6.88;942;38;2933.00;41
7617;37;626636986;7617;397;8560;8600;6.54;0.40;271.32;6.93;943;38;2934.00;40
7622;37;626636998;7622;398;8560;8600;6.53;0.40;271.35;6.93;938;38;2935.00;40
7625;37;626637009;7625;400;8561;8600;6.54;0.40;271.34;6.97;936;38;2936.00;39
7628;37;626637021;7628;388;8561;8600;6.49;0.40;271.29;6.97;933;38;2937.00;39
7633;37;626637033;7633;383;8565;8606;6.51;0.40;271.25;6.97;932;38;2938.00;41
7635;37;626637045;7635;379;8565;8606;6.51;0.40;271.22;6.97;930;38;2939.00;41
7637;37;626637058;7637;377;8567;8606;6.53;0.40;271.22;7.02;930;38;2940.00;39
7639;37;626637070;7639;378;8567;8606;6.54;0.40;271.19;7.02;928;38;2941.00;39
7641;37;626637082;7641;377;8570;8610;6.61;0.40;271.15;7.02;929;38;2942.00;40
7642;37;626637093;7642;381;8571;8611;6.68;0.41;271.12;7.01;929;38;2943.00;40
7644;37;626637105;7644;382;8572;8611;6.70;0.41;271.07;7.06;928;38;2944.00;39
7647;37;626637116;7647;380;8573;8612;6.72;0.41;271.03;7.05;926;38;2945.00;39
7649;37;626637128;7649;368;8573;8612;6.71;0.41;270.98;7.05;924;38;2946.00;39
7652;37;626637139;7652;358;8573;8612;6.70;0.41;271.00;7.05;921;38;2947.00;39
7655;37;626637151;7655;345;8573;8612;6.67;0.41;270.98;7.05;918;38;2948.00;39
7655;37;626637163;7655;335;8573;8612;6.67;0.41;270.98;7.05;918;38;2949.00;39
7656;37;626637174;7656;333;8573;8612;6.73;0.41;270.98;7.05;917;38;2950.00;39
7657;37;626637186;7657;333;8573;8612;6.82;0.41;270.96;7.05;916;38;2951.00;39
7657;37;626637197;7657;341;8608;8682;6.99;0.43;270.96;7.03;951;38;2952.00;74
7658;37;626637215;7658;339;8609;8683;7.09;0.43;270.95;7.07;951;38;2953.00;74
7659;37;626637231;7659;338;8616;8683;7.29;0.44;270.92;7.06;957;38;2954.00;67
7662;38;626637252;7662;326;8619;8683;7.35;0.45;270.94;7.06;957;39;2955.00;64
7663;38;626637295;7663;314;8623;8683;7.47;0.45;270.93;7.06;960;39;2956.00;60
7663;38;626637315;7663;314;8627;8683;7.57;0.46;270.93;7.06;964;39;2957.00;56
7665;38;626637335;7665;315;8632;8683;7.66;0.47;270.93;7.06;967;39;2958.00;51
7668;38;626637354;7668;302;8633;8683;7.71;0.47;270.93;7.06;965;39;2959.00;50
7669;38;626637369;7669;296;8635;8684;7.71;0.47;270.94;7.06;966;39;2960.00;49
7669;38;626637390;7669;292;8636;8685;7.73;0.47;270.94;7.06;967;39;2961.00;49
7669;38;626637404;7669;289;8637;8685;7.74;0.47;270.94;7.06;968;39;2962.00;48
7672;38;626637419;7672;282;8640;8689;7.76;0.47;270.93;7.06;968;39;2963.00;49
7673;39;626637434;7673;282;8640;8689;7.81;0.47;271.00;7.06;967;40;2964.00;49
7676;39;626637468;7676;281;8640;8689;7.79;0.47;270.96;7.06;964;40;2965.00;49
7679;39;626637482;7679;278;8640;8689;7.78;0.47;270.94;7.06;961;40;2966.00;49
7681;39;626637501;7681;284;8643;8695;7.75;0.47;270.95;7.05;962;40;2967.00;52
7682;39;626637522;7682;283;8643;8695;7.74;0.47;270.93;7.05;961;40;2968.00;52
7683;40;626637535;7683;281;8644;8695;7.76;0.47;270.92;7.05;961;41;2969.00;51
7685;40;626637564;7685;284;8647;8701;7.79;0.47;270.92;7.05;962;41;2970.00;54
7685;40;626637578;7685;289;8648;8701;7.81;0.47;270.92;7.05;963;41;2971.00;53
7686;40;626637591;7686;291;8648;8701;7.83;0.47;270.90;7.05;962;41;2972.00;53
7687;40;626637604;7687;300;8649;8702;7.86;0.48;270.87;7.05;962;41;2973.00;53
7691;40;626637617;7691;301;8650;8703;7.83;0.47;270.85;7.05;959;41;2974.00;53
7692;40;626637630;7692;309;8651;8703;7.80;0.47;270.85;7.05;959;41;2975.00;52
7693;40;626637643;7693;305;8659;8716;7.85;0.48;270.86;7.04;966;41;2976.00;57
7694;40;626637658;7694;314;8660;8716;7.88;0.48;270.90;7.04;966;41;2977.00;56
7696;40;626637670;7696;317;8660;8716;7.87;0.48;270.97;7.04;964;41;2978.00;56
7696;40;626637684;7696;317;8661;8717;7.84;0.48;270.97;7.04;965;41;2979.00;56
7699;40;626637696;7699;320;8661;8717;7.81;0.47;271.08;7.04;962;41;2980.00;56
7704;40;626637709;7704;311;8663;8721;7.77;0.47;271.06;7.04;959;41;2981.00;58
7706;40;626637724;7706;314;8663;8721;7.74;0.47;271.08;7.04;957;41;2982.00;58
7708;40;626637738;7708;313;8668;8725;7.66;0.46;271.08;7.07;960;41;2983.00;57
7709;40;626637752;7709;309;8668;8725;7.68;0.47;271.07;7.07;959;41;2984.00;57
7714;40;626637771;7714;305;8668;8725;7.61;0.46;271.08;7.07;954;41;2985.00;57
7718;40;626637784;7718;294;8668;8725;7.65;0.46;271.06;7.07;950;41;2986.00;57
7722;40;626637797;7722;294;8668;8725;7.65;0.46;271.12;7.07;946;41;2987.00;57
7725;40;626637809;7725;295;8677;8737;7.60;0.46;271.15;7.07;952;41;2988.00;60
7728;40;626637822;7728;285;8678;8737;7.59;0.46;271.14;7.07;950;41;2989.00;59
7730;40;626637834;7730;278;8680;8737;7.58;0.46;271.16;7.07;950;41;2990.00;57
7735;40;626637846;7735;271;8680;8737;7.49;0.46;271.25;7.07;945;41;2991.00;57
7739;40;626637858;7739;267;8680;8737;7.45;0.45;271.30;7.07;941;41;2992.00;57
7741;40;626637871;7741;261;8680;8737;7.46;0.45;271.30;7.07;939;41;2993.00;57
7747;40;626637884;7747;256;8682;8738;7.46;0.45;271.39;7.08;935;41;2994.00;56
7751;40;626637896;7751;251;8684;8738;7.47;0.45;271.41;7.10;933;41;2995.00;54
7753;40;626637911;7753;253;8687;8744;7.60;0.46;271.42;7.10;934;41;2996.00;57
7757;40;626637929;7757;241;8689;8745;7.70;0.47;271.43;7.10;932;41;2997.00;56
7760;40;626637942;7760;237;8689;8745;7.82;0.47;271.45;7.10;929;41;2998.00;56
7761;40;626637955;7761;230;8689;8745;7.84;0.47;271.46;7.10;928;41;2999.00;56
7766;40;626637970;7766;232;8693;8765;7.92;0.48;271.45;7.09;927;41;3000.00;72
7768;40;626637990;7768;225;8693;8765;7.93;0.48;271.46;7.09;925;41;3001.00;72
7771;40;626638003;7771;221;8694;8765;7.93;0.48;271.46;7.09;923;41;3002.00;71
7774;40;626638016;7774;215;8695;8766;7.96;0.48;271.48;7.09;921;41;3003.00;71
7775;40;626638028;7775;209;8698;8770;7.96;0.48;271.54;7.09;923;41;3004.00;72
7780;40;626638041;7780;211;8699;8770;7.97;0.48;271.55;7.09;919;41;3005.00;71
7781;40;626638053;7781;207;8702;8773;8.07;0.49;271.52;7.10;921;41;3006.00;71
7786;40;626638067;7786;206;8702;8773;8.10;0.49;271.59;7.10;916;41;3007.00;71
7791;40;626638080;7791;204;8705;8773;8.17;0.50;271.66;7.11;914;41;3008.00;68
7794;40;626638094;7794;200;8707;8773;8.24;0.50;271.68;7.11;913;41;3009.00;66
7797;40;626638107;7797;203;8709;8777;8.32;0.50;271.80;7.11;912;41;3010.00;68
7801;40;626638121;7801;204;8711;8777;8.37;0.51;271.81;7.12;910;41;3011.00;66
7802;40;626638135;7802;200;8713;8777;8.41;0.51;271.85;7.12;911;41;3012.00;64
7804;40;626638148;7804;200;8716;8777;8.48;0.51;271.90;7.12;912;41;3013.00;61
7806;40;626638161;7806;198;8717;8778;8.54;0.52;271.90;7.12;911;41;3014.00;61
7808;40;626638180;7808;196;8719;8780;8.54;0.52;271.95;7.12;911;41;3015.00;61
7808;40;626638193;7808;199;8721;8780;8.59;0.52;271.95;7.12;913;41;3016.00;59
7811;40;626638206;7811;198;8722;8781;8.69;0.53;272.03;7.12;911;41;3017.00;59
7812;40;626638221;7812;201;8722;8781;8.77;0.53;272.06;7.12;910;41;3018.00;59
7816;40;626638236;7816;200;8724;8781;8.80;0.53;272.07;7.12;908;41;3019.00;57
7818;40;626638250;7818;201;8726;8781;8.87;0.54;272.15;7.15;908;41;3020.00;55
7818;40;626638266;7818;199;8726;8781;8.96;0.54;272.15;7.15;908;41;3021.00;55
7819;40;626638281;7819;203;8726;8781;9.02;0.55;272.17;7.15;907;41;3022.00;55
7822;40;626638294;7822;201;8728;8781;9.03;0.55;272.21;7.18;906;41;3023.00;53
7826;40;626638307;7826;228;8791;8908;8.88;0.55;272.24;7.12;965;41;3024.00;117
7829;40;626638337;7829;224;8798;8909;8.85;0.54;272.22;7.14;969;41;3025.00;111
7832;40;626638351;7832;213;8806;8909;8.94;0.55;272.28;7.14;974;41;3026.00;103
7833;40;626638365;7833;214;8810;8909;9.01;0.55;272.31;7.15;977;41;3027.00;99
7838;40;626638378;7838;217;8819;8909;9.07;0.56;272.38;7.17;981;41;3028.00;90
7839;40;626638392;7839;218;8823;8909;9.11;0.56;272.43;7.18;984;41;3029.00;86
7841;40;626638408;7841;223;8829;8909;9.14;0.56;272.46;7.19;988;41;3030.00;80
7847;40;626638421;7847;221;8832;8909;9.17;0.56;272.39;7.19;985;41;3031.00;77
7851;40;626638434;7851;218;8835;8910;9.19;0.56;272.43;7.21;984;41;3032.00;75
7854;40;626638448;7854;225;8839;8911;9.21;0.56;272.44;7.21;985;41;3033.00;72
7857;40;626638461;7857;231;8844;8911;9.14;0.56;272.53;7.23;987;41;3034.00;67
7861;40;626638475;7861;234;8846;8912;9.13;0.56;272.73;7.23;985;41;3035.00;66
7863;40;626638488;7863;241;8851;8912;8.99;0.55;272.70;7.25;988;41;3036.00;61
7865;40;626638502;7865;242;8855;8912;8.91;0.55;272.80;7.25;990;41;3037.00;57
7867;40;626638515;7867;256;8859;8912;8.74;0.54;272.85;7.26;992;41;3038.00;53
7870;40;626638528;7870;257;8863;8916;8.70;0.53;272.93;7.27;993;41;3039.00;53
7872;40;626638541;7872;258;8866;8916;8.63;0.53;272.94;7.27;994;41;3040.00;50
7877;40;626638554;7877;260;8868;8916;8.56;0.53;273.00;7.27;991;41;3041.00;48
7880;40;626638568;7880;265;8872;8919;8.51;0.52;272.98;7.28;992;41;3042.00;47
7883;40;626638581;7883;273;8873;8919;8.46;0.52;273.02;7.28;990;41;3043.00;46
7886;40;626638594;7886;281;8874;8919;8.37;0.51;273.08;7.29;988;41;3044.00;45
7888;40;626638607;7888;285;8879;8923;8.26;0.51;273.08;7.29;991;41;3045.00;44
7891;40;626638620;7891;287;8881;8924;8.18;0.50;273.06;7.29;990;41;3046.00;43
7893;40;626638632;7893;300;8883;8924;8.09;0.50;273.06;7.30;990;41;3047.00;41
7897;40;626638645;7897;304;8885;8928;8.07;0.49;273.09;7.30;988;41;3048.00;43
7899;40;626638658;7899;303;8886;8928;8.05;0.49;273.09;7.30;987;41;3049.00;42
7901;40;626638670;7901;304;8886;8928;7.98;0.49;273.13;7.30;985;41;3050.00;42
7902;40;626638682;7902;304;8889;8929;7.88;0.48;273.18;7.30;987;41;3051.00;40
7908;40;626638694;7908;310;8890;8929;7.75;0.47;273.17;7.31;982;41;3052.00;39
7911;40;626638705;7911;314;8896;8935;7.64;0.47;273.21;7.31;985;41;3053.00;39
7915;40;626638717;7915;316;8898;8935;7.59;0.46;273.17;7.31;983;41;3054.00;37
7923;40;626638729;7923;314;8899;8936;7.47;0.46;273.20;7.31;976;41;3055.00;37
7926;40;626638741;7926;319;8902;8936;7.28;0.45;273.17;7.32;976;41;3056.00;34
7933;40;626638757;7933;332;8902;8936;7.07;0.43;273.20;7.32;969;41;3057.00;34
7934;40;626638769;7934;341;8903;8936;6.89;0.42;273.21;7.32;969;41;3058.00;33
7938;40;626638781;7938;350;8903;8936;6.72;0.41;273.29;7.32;965;41;3059.00;33
7942;40;626638793;7942;348;8927;8972;6.65;0.41;273.32;7.31;985;41;3060.00;45
7946;40;626638807;7946;345;8929;8972;6.51;0.40;273.30;7.31;983;41;3061.00;43
7951;40;626638819;7951;344;8934;8972;6.38;0.40;273.37;7.31;983;41;3062.00;38
7954;40;626638830;7954;342;8935;8972;6.33;0.39;273.46;7.31;981;41;3063.00;37
7958;40;626638841;7958;350;8937;8972;6.28;0.39;273.50;7.31;979;41;3064.00;35
7961;40;626638853;7961;353;8937;8972;6.29;0.39;273.66;7.31;976;41;3065.00;35
7967;40;626638863;7967;359;8942;8976;6.27;0.39;273.71;7.31;975;41;3066.00;34
7969;40;626638875;7969;363;8942;8976;6.32;0.39;273.75;7.31;973;41;3067.00;34
7974;40;626638885;7974;360;8945;8980;6.41;0.40;273.88;7.30;971;41;3068.00;35
7978;40;626638897;7978;360;8948;8981;6.43;0.40;273.92;7.30;970;41;3069.00;33
7982;40;626638909;7982;355;8948;8981;6.42;0.40;273.97;7.30;966;41;3070.00;33
7988;40;626638920;7988;360;8949;8981;6.30;0.39;274.05;7.30;961;41;3071.00;32
7991;40;626638932;7991;354;8960;8994;6.28;0.39;274.03;7.29;969;41;3072.00;34
7994;40;626638949;7994;351;8960;8994;6.24;0.38;274.04;7.29;966;41;3073.00;34
7999;40;626638960;7999;348;8960;8994;6.27;0.39;273.97;7.29;961;41;3074.00;34
8004;40;626638972;8004;345;8961;8995;6.27;0.39;273.95;7.29;957;41;3075.00;34
8008;40;626638983;8008;352;8961;8996;6.25;0.39;273.90;7.29;953;41;3076.00;35
8012;40;626638994;8012;351;8961;8996;6.30;0.39;273.92;7.29;949;41;3077.00;35
8014;40;626639005;8014;350;8963;8999;6.37;0.39;273.95;7.29;949;41;3078.00;36
8021;40;626639016;8021;352;8963;8999;6.34;0.39;274.02;7.29;942;41;3079.00;36
8023;40;626639027;8023;347;8964;8999;6.38;0.39;273.99;7.29;941;41;3080.00;35
8027;40;626639038;8027;352;8964;8999;6.38;0.39;273.95;7.29;937;41;3081.00;35
8029;40;626639049;8029;353;8968;9005;6.38;0.39;273.94;7.29;939;41;3082.00;37
8033;40;626639061;8033;354;8968;9005;6.33;0.39;273.91;7.29;935;41;3083.00;37
8039;40;626639072;8039;356;8969;9005;6.21;0.38;273.81;7.29;930;41;3084.00;36
8043;40;626639083;8043;358;8969;9005;6.18;0.38;273.80;7.29;926;41;3085.00;36
8047;40;626639094;8047;365;8972;9009;6.13;0.37;273.76;7.29;925;41;3086.00;37
8052;40;626639105;8052;372;8973;9010;6.04;0.37;273.80;7.29;921;41;3087.00;37
8054;40;626639116;8054;375;8973;9010;6.02;0.37;273.76;7.29;919;41;3088.00;37
8056;40;626639127;8056;380;8974;9011;5.96;0.37;273.78;7.28;918;41;3089.00;37
8061;40;626639140;8061;387;8974;9011;5.88;0.36;273.84;7.28;913;41;3090.00;37
8065;40;626639151;8065;394;8974;9011;5.85;0.36;273.83;7.28;909;41;3091.00;37
8066;40;626639162;8066;402;8974;9011;5.82;0.36;273.84;7.28;908;41;3092.00;37
8071;40;626639172;8071;401;8974;9011;5.78;0.35;273.82;7.28;903;41;3093.00;37
8072;40;626639183;8072;403;8974;9011;5.80;0.35;273.83;7.28;902;41;3094.00;37
8075;40;626639194;8075;402;8974;9011;5.77;0.35;273.78;7.28;899;41;3095.00;37
8076;40;626639204;8076;417;9013;9081;5.96;0.37;273.76;7.25;937;41;3096.00;68
8079;40;626639221;8079;414;9015;9082;5.93;0.36;273.78;7.30;936;41;3097.00;67
8081;40;626639239;8081;407;9022;9082;6.00;0.37;273.79;7.30;941;41;3098.00;60
8085;40;626639257;8085;405;9023;9082;6.01;0.37;273.76;7.30;938;41;3099.00;59
8087;40;626639277;8087;402;9028;9082;6.04;0.37;273.78;7.30;941;41;3100.00;54
8087;40;626639301;8087;407;9030;9082;6.08;0.37;273.78;7.30;943;41;3101.00;52
8090;40;626639318;8090;406;9035;9082;6.16;0.38;273.79;7.29;945;41;3102.00;47
8092;40;626639335;8092;412;9036;9082;6.13;0.37;273.75;7.29;944;41;3103.00;46
8094;40;626639349;8094;409;9039;9083;6.12;0.37;273.77;7.29;945;41;3104.00;44
8097;40;626639361;8097;412;9043;9085;6.14;0.37;273.75;7.29;946;41;3105.00;42
8099;40;626639374;8099;419;9044;9085;6.08;0.37;273.75;7.29;945;41;3106.00;41
8100;40;626639387;8100;397;9047;9089;6.06;0.37;273.75;7.29;947;41;3107.00;42
8100;40;626639401;8100;377;9047;9089;6.09;0.37;273.75;7.29;947;41;3108.00;42
8100;40;626639413;8100;376;9047;9089;6.19;0.38;273.75;7.29;947;41;3109.00;42
8102;40;626639426;8102;368;9047;9089;6.29;0.39;273.75;7.29;945;41;3110.00;42
8106;40;626639440;8106;359;9051;9095;6.48;0.40;273.73;7.29;945;41;3111.00;44
8109;41;626639460;8109;355;9051;9095;6.61;0.40;273.84;7.29;942;42;3112.00;44
8110;41;626639487;8110;350;9052;9095;6.76;0.41;273.84;7.29;942;42;3113.00;43
8111;41;626639506;8111;352;9054;9098;6.93;0.42;273.83;7.29;943;42;3114.00;44
8114;41;626639525;8114;348;9055;9098;7.05;0.43;273.83;7.29;941;42;3115.00;43
8116;41;626639538;8116;327;9055;9098;7.10;0.43;273.82;7.29;939;42;3116.00;43
8119;41;626639551;8119;310;9055;9099;7.16;0.44;273.82;7.29;936;42;3117.00;44
8120;41;626639570;8120;292;9056;9100;7.23;0.44;273.79;7.28;936;42;3118.00;44
8121;41;626639583;8121;286;9056;9100;7.26;0.44;273.78;7.28;935;42;3119.00;44
8123;41;626639599;8123;283;9076;9126;7.41;0.45;273.78;7.27;953;42;3120.00;50
8124;41;626639615;8124;269;9077;9126;7.59;0.46;273.77;7.27;953;42;3121.00;49
8126;41;626639628;8126;268;9078;9126;7.74;0.47;273.74;7.27;952;42;3122.00;48
8128;41;626639642;8128;266;9079;9127;7.85;0.48;273.73;7.27;951;42;3123.00;48
8130;41;626639656;8130;255;9079;9127;7.94;0.48;273.69;7.27;949;42;3124.00;48
8134;41;626639670;8134;254;9082;9131;8.05;0.49;273.68;7.26;948;42;3125.00;49
8135;41;626639684;8135;250;9082;9131;8.14;0.50;273.69;7.26;947;42;3126.00;49
8137;41;626639698;8137;253;9086;9135;8.20;0.50;273.69;7.26;949;42;3127.00;49
8138;42;626639712;8138;248;9086;9135;8.25;0.50;273.67;7.26;948;43;3128.00;49
8143;42;626639736;8143;241;9086;9135;8.30;0.51;273.67;7.26;943;43;3129.00;49
8146;42;626639751;8146;238;9086;9135;8.28;0.51;273.78;7.26;940;43;3130.00;49
8146;42;626639766;8146;234;9086;9135;8.33;0.51;273.78;7.26;940;43;3131.00;49
8149;42;626639780;8149;240;9096;9147;8.38;0.51;273.87;7.25;947;43;3132.00;51
8154;42;626639795;8154;238;9096;9147;8.40;0.51;273.86;7.25;942;43;3133.00;51
8158;42;626639808;8158;246;9097;9147;8.36;0.51;273.86;7.25;939;43;3134.00;50
8162;42;626639822;8162;247;9097;9147;8.34;0.51;273.94;7.25;935;43;3135.00;50
8164;42;626639835;8164;243;9097;9147;8.41;0.51;273.95;7.25;933;43;3136.00;50
8167;42;626639849;8167;247;9097;9147;8.43;0.51;273.96;7.25;930;43;3137.00;50
8168;42;626639863;8168;255;9097;9148;8.44;0.51;273.99;7.25;929;43;3138.00;51
8171;42;626639876;8171;255;9097;9148;8.42;0.51;273.99;7.25;926;43;3139.00;51
8174;42;626639890;8174;259;9101;9154;8.36;0.51;274.03;7.25;927;43;3140.00;53
8175;42;626639907;8175;263;9102;9155;8.34;0.51;274.09;7.25;927;43;3141.00;53
8178;42;626639923;8178;261;9103;9155;8.33;0.51;274.13;7.25;925;43;3142.00;52
8180;42;626639938;8180;267;9103;9155;8.30;0.51;274.18;7.25;923;43;3143.00;52
8185;42;626639953;8185;270;9106;9159;8.31;0.51;274.18;7.25;921;43;3144.00;53
8187;42;626639969;8187;269;9106;9159;8.28;0.50;274.22;7.25;919;43;3145.00;53
8191;42;626639983;8191;272;9106;9159;8.23;0.50;274.32;7.25;915;43;3146.00;53
8196;42;626639996;8196;271;9107;9160;8.18;0.50;274.29;7.25;911;43;3147.00;53
8198;42;626640019;8198;275;9110;9164;8.08;0.49;274.27;7.24;912;43;3148.00;54
8205;42;626640039;8205;280;9110;9164;8.03;0.49;274.28;7.24;905;43;3149.00;54
8207;42;626640059;8207;279;9113;9170;8.05;0.49;274.36;7.24;906;43;3150.00;57
8208;42;626640075;8208;271;9113;9170;8.12;0.49;274.36;7.24;905;43;3151.00;57
8213;42;626640089;8213;274;9114;9170;8.08;0.49;274.41;7.24;901;43;3152.00;56
8217;42;626640102;8217;263;9114;9170;8.02;0.49;274.45;7.24;897;43;3153.00;56
8219;42;626640116;8219;261;9117;9174;8.02;0.49;274.52;7.24;898;43;3154.00;57
8221;42;626640129;8221;252;9117;9174;8.07;0.49;274.53;7.24;896;43;3155.00;57
8221;42;626640142;8221;244;9118;9174;8.15;0.49;274.53;7.24;897;43;3156.00;56
8224;42;626640154;8224;247;9118;9174;8.16;0.49;274.63;7.24;894;43;3157.00;56
8228;42;626640167;8228;246;9119;9175;8.13;0.49;274.64;7.24;891;43;3158.00;56
8233;42;626640182;8233;240;9120;9176;8.15;0.49;274.76;7.24;887;43;3159.00;56
8238;42;626640199;8238;233;9121;9176;8.13;0.49;274.81;7.24;883;43;3160.00;55
8241;42;626640213;8241;229;9122;9177;8.13;0.49;274.87;7.24;881;43;3161.00;55
8245;42;626640226;8245;218;9123;9177;8.15;0.49;274.89;7.29;878;43;3162.00;54
8250;42;626640240;8250;215;9123;9177;8.13;0.49;274.89;7.29;873;43;3163.00;54
8250;42;626640253;8250;204;9124;9177;8.17;0.50;274.89;7.30;874;43;3164.00;53
8255;42;626640266;8255;199;9124;9177;8.15;0.49;274.86;7.30;869;43;3165.00;53
8258;42;626640280;8258;190;9125;9177;8.17;0.49;274.89;7.31;867;43;3166.00;52
8262;42;626640292;8262;189;9125;9177;8.20;0.50;275.01;7.31;863;43;3167.00;52
8265;42;626640304;8265;207;9192;9304;8.27;0.51;275.01;7.26;927;43;3168.00;112
8271;42;626640328;8271;195;9195;9305;8.22;0.50;275.06;7.26;924;43;3169.00;110
8272;42;626640341;8272;182;9199;9305;8.28;0.51;275.04;7.26;927;43;3170.00;106
8277;42;626640354;8277;176;9202;9305;8.32;0.51;275.03;7.25;925;43;3171.00;103
8281;42;626640367;8281;175;9204;9305;8.30;0.51;275.04;7.25;923;43;3172.00;101
8285;42;626640379;8285;176;9206;9305;8.32;0.51;275.13;7.25;921;43;3173.00;99
8290;42;626640391;8290;184;9211;9305;8.38;0.51;275.14;7.25;921;43;3174.00;94
8292;42;626640403;8292;175;9213;9305;8.45;0.52;275.19;7.25;921;43;3175.00;92
8295;42;626640415;8295;177;9216;9306;8.57;0.52;275.15;7.25;921;43;3176.00;90
8299;42;626640433;8299;175;9219;9307;8.66;0.53;275.17;7.25;920;43;3177.00;88
8302;42;626640445;8302;174;9225;9307;8.75;0.53;275.19;7.26;923;43;3178.00;82
8304;42;626640458;8304;173;9228;9308;8.83;0.54;275.24;7.26;924;43;3179.00;80
8307;42;626640473;8307;180;9233;9308;8.90;0.54;275.28;7.26;926;43;3180.00;75
8308;42;626640486;8308;179;9235;9308;8.95;0.55;275.33;7.26;927;43;3181.00;73
8314;42;626640499;8314;181;9239;9308;8.97;0.55;275.35;7.26;925;43;3182.00;69
8315;42;626640539;8315;192;9242;9312;9.05;0.55;275.36;7.26;927;43;3183.00;70
8320;42;626640552;8320;202;9244;9312;9.01;0.55;275.39;7.26;924;43;3184.00;68
8323;42;626640570;8323;206;9246;9312;8.96;0.55;275.42;7.27;923;43;3185.00;66
8326;42;626640583;8326;205;9249;9315;8.95;0.55;275.43;7.27;923;43;3186.00;66
8327;42;626640596;8327;208;9251;9315;8.96;0.55;275.48;7.28;924;43;3187.00;64
8331;42;626640608;8331;209;9252;9315;8.98;0.55;275.51;7.28;921;43;3188.00;63
8332;42;626640621;8332;211;9256;9319;8.97;0.55;275.52;7.29;924;43;3189.00;63
8335;42;626640634;8335;217;9259;9320;9.03;0.55;275.53;7.30;924;43;3190.00;61
8336;42;626640647;8336;221;9261;9322;9.02;0.55;275.55;7.30;925;43;3191.00;61
8340;43;626640660;8340;226;9265;9326;9.06;0.55;275.60;7.31;925;44;3192.00;61
8344;43;626640690;8344;233;9266;9326;9.07;0.55;275.65;7.31;922;44;3193.00;60
8348;43;626640702;8348;229;9266;9326;9.08;0.55;275.76;7.31;918;44;3194.00;60
8349;43;626640722;8349;236;9270;9328;9.11;0.55;275.79;7.33;921;44;3195.00;58
8353;43;626640734;8353;231;9270;9328;9.10;0.55;275.83;7.33;917;44;3196.00;58
8356;43;626640747;8356;233;9274;9334;9.10;0.55;275.86;7.33;918;44;3197.00;60
8360;43;626640760;8360;238;9275;9334;8.95;0.54;275.95;7.34;915;44;3198.00;59
8360;43;626640778;8360;237;9277;9335;8.82;0.54;275.95;7.35;917;44;3199.00;58
8363;43;626640791;8363;241;9278;9335;8.70;0.53;276.03;7.36;915;44;3200.00;57
8365;43;626640807;8365;240;9280;9335;8.63;0.53;276.04;7.38;915;44;3201.00;55
8365;43;626640820;8365;245;9282;9335;8.55;0.52;276.04;7.39;917;44;3202.00;53
8367;43;626640831;8367;244;9282;9335;8.55;0.52;276.06;7.39;915;44;3203.00;53
8370;43;626640844;8370;250;9293;9347;8.61;0.53;276.09;7.39;923;44;3204.00;54
8374;43;626640856;8374;249;9294;9347;8.59;0.52;276.11;7.39;920;44;3205.00;53
8377;43;626640868;8377;248;9296;9347;8.58;0.52;276.16;7.40;919;44;3206.00;51
8381;43;626640879;8381;245;9298;9347;8.51;0.52;276.14;7.41;917;44;3207.00;49
8382;43;626640891;8382;256;9299;9347;8.41;0.51;276.15;7.42;917;44;3208.00;48
8385;43;626640903;8385;259;9299;9347;8.33;0.51;276.22;7.42;914;44;3209.00;48
8386;43;626640916;8386;261;9302;9351;8.25;0.51;276.24;7.41;916;44;3210.00;49
8388;43;626640928;8388;263;9303;9351;8.17;0.50;276.28;7.42;915;44;3211.00;48
8391;43;626640939;8391;262;9306;9355;8.18;0.50;276.35;7.42;915;44;3212.00;49
8395;43;626640951;8395;264;9310;9356;8.17;0.50;276.34;7.44;915;44;3213.00;46
8396;43;626640963;8396;263;9311;9356;8.21;0.50;276.36;7.44;915;44;3214.00;45
8398;43;626640975;8398;269;9311;9356;8.24;0.50;276.37;7.44;913;44;3215.00;45
8401;43;626640986;8401;276;9323;9369;8.22;0.50;276.36;7.44;922;44;3216.00;46
8405;43;626640999;8405;277;9323;9369;8.23;0.50;276.36;7.44;918;44;3217.00;46
8408;43;626641010;8408;274;9325;9369;8.20;0.50;276.38;7.44;917;44;3218.00;44
8409;43;626641021;8409;280;9326;9370;8.12;0.50;276.39;7.44;917;44;3219.00;44
8412;43;626641032;8412;285;9329;9371;8.00;0.49;276.39;7.46;917;44;3220.00;42
8416;43;626641042;8416;297;9329;9371;7.91;0.48;276.36;7.46;913;44;3221.00;42
8421;43;626641053;8421;300;9331;9374;7.76;0.47;276.34;7.46;910;44;3222.00;43
8425;43;626641069;8425;302;9332;9374;7.63;0.47;276.36;7.46;907;44;3223.00;42
8428;43;626641079;8428;307;9333;9374;7.52;0.46;276.35;7.46;905;44;3224.00;41
8433;43;626641089;8433;314;9336;9374;7.39;0.45;276.31;7.47;903;44;3225.00;38
8437;43;626641100;8437;319;9340;9380;7.31;0.45;276.33;7.47;903;44;3226.00;40
8442;43;626641110;8442;326;9342;9380;7.13;0.44;276.42;7.47;900;44;3227.00;38
8443;43;626641120;8443;331;9343;9380;6.99;0.43;276.40;7.47;900;44;3228.00;37
8446;43;626641129;8446;340;9343;9380;6.81;0.42;276.44;7.47;897;44;3229.00;37
8450;43;626641139;8450;324;9347;9384;6.71;0.41;276.52;7.47;897;44;3230.00;37
8451;43;626641150;8451;321;9348;9385;6.63;0.41;276.53;7.47;897;44;3231.00;37
8455;43;626641159;8455;312;9351;9385;6.54;0.40;276.52;7.48;896;44;3232.00;34
8457;43;626641169;8457;316;9352;9386;6.54;0.40;276.50;7.48;895;44;3233.00;34
8463;43;626641179;8463;324;9353;9386;6.48;0.40;276.45;7.48;890;44;3234.00;33
8466;43;626641188;8466;328;9353;9386;6.42;0.40;276.42;7.48;887;44;3235.00;33
8468;43;626641198;8468;335;9354;9386;6.38;0.39;276.41;7.48;886;44;3236.00;32
8474;43;626641207;8474;329;9354;9386;6.29;0.39;276.31;7.48;880;44;3237.00;32
8476;43;626641217;8476;330;9354;9386;6.27;0.39;276.31;7.48;878;44;3238.00;32
8478;43;626641228;8478;331;9354;9386;6.26;0.39;276.28;7.48;876;44;3239.00;32
8480;43;626641244;8480;333;9409;9511;6.53;0.41;276.27;7.43;929;44;3240.00;102
8486;43;626641275;8486;346;9412;9512;6.54;0.41;276.24;7.49;926;44;3241.00;100
8491;43;626641295;8491;341;9423;9512;6.67;0.41;276.19;7.48;932;44;3242.00;89
8494;43;626641312;8494;334;9432;9512;6.76;0.42;276.23;7.48;938;44;3243.00;80
8496;43;626641328;8496;344;9438;9512;6.82;0.42;276.22;7.48;942;44;3244.00;74
8500;43;626641343;8500;338;9443;9512;6.82;0.42;276.20;7.47;943;44;3245.00;69
8501;43;626641356;8501;331;9447;9512;6.87;0.43;276.23;7.47;946;44;3246.00;65
8504;43;626641368;8504;337;9449;9512;6.85;0.42;276.20;7.47;945;44;3247.00;63
8507;43;626641380;8507;340;9452;9513;6.77;0.42;276.20;7.47;945;44;3248.00;61
8511;43;626641392;8511;339;9455;9514;6.71;0.41;276.19;7.47;944;44;3249.00;59
8514;43;626641404;8514;350;9458;9514;6.63;0.41;276.20;7.47;944;44;3250.00;56
8516;43;626641417;8516;352;9462;9518;6.56;0.41;276.19;7.47;946;44;3251.00;56
8519;43;626641439;8519;355;9463;9518;6.52;0.40;276.25;7.47;944;44;3252.00;55
8521;43;626641452;8521;358;9464;9518;6.42;0.40;276.24;7.47;943;44;3253.00;54
8526;43;626641465;8526;359;9464;9518;6.30;0.39;276.26;7.47;938;44;3254.00;54
8528;43;626641479;8528;355;9470;9524;6.24;0.38;276.25;7.47;942;44;3255.00;54
8532;43;626641492;8532;362;9470;9524;6.20;0.38;276.27;7.47;938;44;3256.00;54
8536;43;626641506;8536;364;9471;9524;6.19;0.38;276.25;7.53;935;44;3257.00;53
8539;43;626641519;8539;375;9474;9527;6.22;0.38;276.24;7.53;935;44;3258.00;53
8543;43;626641532;8543;364;9474;9527;6.20;0.38;276.26;7.53;931;44;3259.00;53
8549;43;626641545;8549;356;9474;9527;6.17;0.38;276.28;7.53;925;44;3260.00;53
8552;43;626641558;8552;345;9474;9528;6.16;0.38;276.32;7.53;922;44;3261.00;54
8555;43;626641572;8555;339;9476;9529;6.23;0.38;276.29;7.53;921;44;3262.00;53
8561;43;626641593;8561;341;9476;9529;6.20;0.38;276.26;7.53;915;44;3263.00;53
8564;43;626641606;8564;344;9487;9542;6.31;0.39;276.30;7.52;923;44;3264.00;55
8566;43;626641621;8566;339;9487;9542;6.32;0.39;276.32;7.52;921;44;3265.00;55
8569;43;626641641;8569;341;9488;9542;6.39;0.39;276.31;7.52;919;44;3266.00;54
8575;44;626641653;8575;338;9489;9543;6.42;0.39;276.32;7.52;914;45;3267.00;54
8578;44;626641682;8578;340;9490;9543;6.49;0.40;276.27;7.57;912;45;3268.00;53
8580;44;626641695;8580;342;9493;9547;6.60;0.41;276.28;7.57;913;45;3269.00;54
8581;44;626641718;8581;343;9493;9547;6.64;0.41;276.27;7.57;912;45;3270.00;54
8584;44;626641740;8584;342;9498;9551;6.70;0.41;276.23;7.62;914;45;3271.00;53
8585;44;626641754;8585;342;9498;9551;6.77;0.41;276.22;7.62;913;45;3272.00;53
8587;45;626641768;8587;348;9498;9551;6.84;0.42;276.22;7.62;911;46;3273.00;53
8588;45;626641795;8588;343;9499;9551;6.89;0.42;276.21;7.67;911;46;3274.00;52
8592;45;626641807;8592;349;9499;9551;6.92;0.42;276.17;7.67;907;46;3275.00;52
8593;45;626641828;8593;358;9508;9563;7.07;0.43;276.27;7.67;915;46;3276.00;55
8596;45;626641843;8596;353;9509;9563;7.13;0.43;276.24;7.67;913;46;3277.00;54
8596;45;626641858;8596;349;9511;9563;7.19;0.44;276.24;7.71;915;46;3278.00;52
8597;45;626641872;8597;347;9511;9563;7.24;0.44;276.26;7.71;914;46;3279.00;52
8598;45;626641886;8598;345;9511;9563;7.37;0.45;276.28;7.71;913;46;3280.00;52
8600;45;626641900;8600;338;9511;9563;7.43;0.45;276.28;7.71;911;46;3281.00;52
8603;45;626641914;8603;339;9511;9564;7.46;0.45;276.31;7.71;908;46;3282.00;53
8604;45;626641929;8604;336;9511;9564;7.50;0.46;276.29;7.71;907;46;3283.00;53
8606;45;626641949;8606;332;9515;9570;7.51;0.46;276.34;7.70;909;46;3284.00;55
8609;45;626641964;8609;337;9517;9572;7.51;0.46;276.34;7.70;908;46;3285.00;55
8613;45;626641985;8613;321;9518;9572;7.51;0.46;276.40;7.70;905;46;3286.00;54
8617;45;626641999;8617;308;9518;9572;7.53;0.46;276.48;7.70;901;46;3287.00;54
8619;45;626642013;8619;306;9521;9576;7.59;0.46;276.55;7.70;902;46;3288.00;55
8621;45;626642026;8621;303;9521;9576;7.65;0.46;276.60;7.70;900;46;3289.00;55
8624;45;626642038;8624;302;9521;9576;7.72;0.47;276.67;7.70;897;46;3290.00;55
8626;45;626642052;8626;297;9522;9577;7.80;0.47;276.74;7.70;896;46;3291.00;55
8628;45;626642065;8628;295;9525;9581;7.82;0.47;276.72;7.70;897;46;3292.00;56
8630;45;626642078;8630;294;9525;9581;7.83;0.48;276.74;7.70;895;46;3293.00;56
8634;45;626642092;8634;287;9527;9584;7.87;0.48;276.82;7.69;893;46;3294.00;57
8635;45;626642105;8635;290;9527;9584;7.93;0.48;276.80;7.69;892;46;3295.00;57
8637;45;626642126;8637;293;9528;9584;7.99;0.49;276.83;7.69;891;46;3296.00;56
8640;45;626642140;8640;289;9528;9584;8.00;0.49;276.90;7.69;888;46;3297.00;56
8642;45;626642153;8642;288;9531;9588;8.02;0.49;276.92;7.69;889;46;3298.00;57
8647;45;626642168;8647;282;9531;9588;7.98;0.49;276.91;7.69;884;46;3299.00;57
8653;45;626642186;8653;282;9535;9607;8.00;0.49;276.91;7.69;882;46;3300.00;72
8655;45;626642207;8655;273;9535;9607;8.02;0.49;276.97;7.69;880;46;3301.00;72
8659;45;626642224;8659;269;9536;9608;7.99;0.49;276.97;7.69;877;46;3302.00;72
8664;45;626642243;8664;266;9537;9609;7.95;0.48;277.07;7.69;873;46;3303.00;72
8666;45;626642266;8666;263;9537;9609;7.96;0.48;277.10;7.69;871;46;3304.00;72
8669;45;626642280;8669;267;9538;9610;8.03;0.49;277.14;7.69;869;46;3305.00;72
8673;45;626642294;8673;262;9539;9610;8.04;0.49;277.18;7.69;866;46;3306.00;71
8677;45;626642308;8677;264;9539;9610;8.00;0.49;277.13;7.69;862;46;3307.00;71
8680;45;626642325;8680;264;9540;9610;7.98;0.48;277.12;7.69;860;46;3308.00;70
8681;45;626642338;8681;267;9540;9610;8.02;0.49;277.12;7.69;859;46;3309.00;70
8684;45;626642349;8684;272;9540;9610;8.01;0.49;277.13;7.69;856;46;3310.00;70
8686;45;626642361;8686;272;9540;9610;8.00;0.49;277.13;7.69;854;46;3311.00;70
8686;45;626642373;8686;302;9609;9737;7.99;0.49;277.13;7.63;923;46;3312.00;128
8687;45;626642395;8687;295;9613;9738;7.92;0.49;277.12;7.63;926;46;3313.00;125
8688;45;626642407;8688;290;9618;9738;8.00;0.49;277.11;7.63;930;46;3314.00;120
8690;45;626642419;8690;290;9618;9738;8.06;0.50;277.17;7.63;928;46;3315.00;120
8691;45;626642431;8691;294;9622;9738;8.12;0.50;277.17;7.63;931;46;3316.00;116
8692;45;626642442;8692;290;9622;9738;8.13;0.50;277.17;7.63;930;46;3317.00;116
8693;45;626642454;8693;291;9627;9738;8.16;0.50;277.16;7.63;934;46;3318.00;111
8695;45;626642465;8695;294;9629;9738;8.15;0.50;277.21;7.63;934;46;3319.00;109
8699;45;626642477;8699;297;9633;9739;8.12;0.50;277.19;7.67;934;46;3320.00;106
8703;45;626642490;8703;291;9635;9740;8.10;0.50;277.15;7.67;932;46;3321.00;105
8706;45;626642502;8706;292;9637;9740;8.11;0.50;277.17;7.67;931;46;3322.00;103
8706;45;626642514;8706;291;9639;9741;8.15;0.50;277.17;7.67;933;46;3323.00;102
8709;45;626642526;8709;296;9643;9741;8.09;0.50;277.16;7.68;934;46;3324.00;98
8713;45;626642539;8713;294;9646;9741;8.07;0.49;277.21;7.68;933;46;3325.00;95
8716;45;626642551;8716;291;9648;9741;8.09;0.49;277.18;7.68;932;46;3326.00;93
8718;45;626642563;8718;283;9651;9745;8.08;0.49;277.18;7.68;933;46;3327.00;94
8721;45;626642575;8721;288;9653;9745;8.02;0.49;277.19;7.68;932;46;3328.00;92
8723;45;626642587;8723;280;9654;9745;7.95;0.49;277.22;7.68;931;46;3329.00;91
8725;45;626642600;8725;283;9658;9751;7.85;0.48;277.34;7.68;933;46;3330.00;93
8727;45;626642613;8727;278;9659;9751;7.75;0.47;277.35;7.69;932;46;3331.00;92
8728;45;626642624;8728;277;9659;9751;7.73;0.47;277.33;7.69;931;46;3332.00;92
8730;45;626642636;8730;268;9663;9755;7.65;0.47;277.30;7.68;933;46;3333.00;92
8733;45;626642648;8733;266;9667;9756;7.63;0.46;277.42;7.73;934;46;3334.00;89
8740;45;626642660;8740;267;9669;9756;7.57;0.46;277.48;7.75;929;46;3335.00;87
8743;46;626642673;8743;270;9672;9760;7.61;0.46;277.50;7.75;929;47;3336.00;88
8748;46;626642703;8748;263;9674;9760;7.63;0.46;277.45;7.79;926;47;3337.00;86
8751;46;626642717;8751;264;9674;9760;7.64;0.46;277.48;7.79;923;47;3338.00;86
8756;46;626642729;8756;260;9677;9761;7.64;0.46;277.50;7.84;921;47;3339.00;84
8759;46;626642747;8759;266;9677;9761;7.65;0.46;277.51;7.84;918;47;3340.00;84
8761;46;626642758;8761;258;9682;9767;7.68;0.47;277.51;7.89;921;47;3341.00;85
8763;46;626642771;8763;255;9684;9767;7.72;0.47;277.59;7.90;921;47;3342.00;83
8764;46;626642782;8764;248;9684;9768;7.79;0.47;277.57;7.90;920;47;3343.00;84
8766;46;626642794;8766;244;9686;9768;7.89;0.48;277.58;7.95;920;47;3344.00;82
8768;46;626642806;8768;238;9687;9768;8.01;0.49;277.58;7.95;919;47;3345.00;81
8771;46;626642819;8771;233;9687;9768;8.05;0.49;277.57;7.95;916;47;3346.00;81
8774;46;626642830;8774;229;9688;9768;8.07;0.49;277.60;7.95;914;47;3347.00;80
8778;46;626642842;8778;229;9699;9780;8.05;0.49;277.57;7.94;921;47;3348.00;81
8779;46;626642856;8779;231;9703;9780;8.10;0.49;277.55;8.00;924;47;3349.00;77
8785;46;626642867;8785;229;9706;9780;8.00;0.49;277.57;8.00;921;47;3350.00;74
8788;46;626642880;8788;226;9708;9780;8.00;0.49;277.55;8.06;920;47;3351.00;72
8789;46;626642891;8789;228;9709;9780;8.06;0.49;277.56;8.06;920;47;3352.00;71
8793;46;626642903;8793;227;9710;9780;8.12;0.49;277.59;8.06;917;47;3353.00;70
8794;46;626642915;8794;233;9715;9784;8.16;0.49;277.60;8.06;921;47;3354.00;69
8797;47;626642927;8797;235;9717;9784;8.16;0.49;277.69;8.06;920;48;3355.00;67
8799;47;626642946;8799;237;9720;9788;8.21;0.50;277.69;8.06;921;48;3356.00;68
8802;47;626642965;8802;243;9722;9789;8.19;0.50;277.71;8.05;920;48;3357.00;67
8810;47;626642979;8810;247;9722;9789;8.12;0.49;277.86;8.05;912;48;3358.00;67
8811;47;626642993;8811;248;9722;9789;8.10;0.49;277.90;8.05;911;48;3359.00;67
8813;47;626643008;8813;257;9743;9818;8.01;0.49;277.89;8.06;930;48;3360.00;75
8814;47;626643025;8814;256;9744;9818;8.04;0.49;277.93;8.06;930;48;3361.00;74
8814;47;626643039;8814;266;9746;9818;8.06;0.49;277.93;8.06;932;48;3362.00;72
8818;47;626643052;8818;273;9750;9819;8.04;0.49;277.93;8.08;932;48;3363.00;69
8819;47;626643066;8819;281;9752;9820;7.98;0.48;277.97;8.08;933;48;3364.00;68
8822;47;626643078;8822;284;9754;9820;7.93;0.48;278.03;8.10;932;48;3365.00;66
8824;47;626643092;8824;290;9757;9823;7.90;0.48;278.04;8.10;933;48;3366.00;66
8828;47;626643111;8828;290;9759;9823;7.82;0.47;278.06;8.12;931;48;3367.00;64
8831;47;626643122;8831;290;9759;9823;7.74;0.47;278.10;8.12;928;48;3368.00;64
8834;47;626643134;8834;294;9761;9823;7.67;0.47;278.11;8.14;927;48;3369.00;62
8835;47;626643145;8835;306;9765;9829;7.63;0.46;278.09;8.14;930;48;3370.00;64
8837;47;626643157;8837;308;9767;9829;7.51;0.46;278.12;8.15;930;48;3371.00;62
8837;47;626643168;8837;311;9768;9829;7.47;0.46;278.12;8.16;931;48;3372.00;61
8838;47;626643180;8838;313;9769;9829;7.37;0.45;278.17;8.17;931;48;3373.00;60
8838;47;626643191;8838;320;9773;9833;7.31;0.45;278.17;8.17;935;48;3374.00;60
8839;47;626643202;8839;333;9775;9835;7.24;0.44;278.14;8.17;936;48;3375.00;60
8841;47;626643213;8841;340;9777;9835;7.13;0.44;278.12;8.19;936;48;3376.00;58
8841;47;626643225;8841;341;9778;9836;7.06;0.43;278.12;8.19;937;48;3377.00;58
8841;47;626643240;8841;345;9779;9836;6.99;0.43;278.12;8.19;938;48;3378.00;57
8843;47;626643258;8843;343;9779;9836;6.96;0.43;278.09;8.19;936;48;3379.00;57
8844;47;626643275;8844;342;9780;9836;6.91;0.43;278.08;8.20;936;48;3380.00;56
8847;47;626643292;8847;349;9780;9836;6.86;0.42;278.07;8.20;933;48;3381.00;56
8850;47;626643322;8850;342;9785;9836;6.82;0.42;278.01;8.23;935;48;3382.00;51
8853;47;626643338;8853;346;9786;9836;6.74;0.41;277.95;8.24;933;48;3383.00;50
8857;47;626643353;8857;355;9822;9906;6.87;0.42;278.01;8.21;965;48;3384.00;84
8861;47;626643371;8861;349;9823;9907;6.83;0.42;277.94;8.21;962;48;3385.00;84
8862;47;626643383;8862;350;9832;9907;6.82;0.42;277.91;8.21;970;48;3386.00;75
8863;47;626643396;8863;350;9840;9907;6.75;0.41;277.90;8.21;977;48;3387.00;67
8865;47;626643408;8865;353;9845;9907;6.77;0.41;277.86;8.21;980;48;3388.00;62
8867;47;626643420;8867;361;9850;9907;6.77;0.41;277.86;8.22;983;48;3389.00;57
8867;47;626643434;8867;368;9856;9907;6.72;0.41;277.86;8.22;989;48;3390.00;51
8868;47;626643445;8868;374;9857;9907;6.63;0.41;277.86;8.22;989;48;3391.00;50
8871;47;626643456;8871;382;9860;9908;6.51;0.40;277.83;8.22;989;48;3392.00;48
8876;47;626643469;8876;388;9861;9909;6.40;0.39;277.74;8.22;985;48;3393.00;48
8880;47;626643481;8880;391;9861;9909;6.27;0.38;277.72;8.22;981;48;3394.00;48
8884;47;626643492;8884;402;9865;9913;6.11;0.37;277.65;8.23;981;48;3395.00;48
8888;47;626643504;8888;405;9865;9913;5.96;0.36;277.60;8.23;977;48;3396.00;48
8891;47;626643515;8891;410;9866;9913;5.84;0.36;277.58;8.23;975;48;3397.00;47
8895;47;626643527;8895;415;9866;9913;5.68;0.35;277.57;8.23;971;48;3398.00;47
8899;47;626643539;8899;432;9873;9919;5.57;0.34;277.56;8.23;974;48;3399.00;46
8901;47;626643567;8901;422;9873;9919;5.44;0.33;277.56;8.23;972;48;3400.00;46
8903;47;626643582;8903;423;9874;9919;5.35;0.33;277.59;8.24;971;48;3401.00;45
8904;47;626643593;8904;418;9876;9922;5.31;0.33;277.61;8.24;972;48;3402.00;46
8905;47;626643604;8905;418;9877;9922;5.22;0.32;277.62;8.24;972;48;3403.00;45
8908;47;626643615;8908;426;9878;9922;5.18;0.32;277.59;8.25;970;48;3404.00;44
8913;47;626643625;8913;429;9878;9923;5.11;0.31;277.55;8.25;965;48;3405.00;45
8917;47;626643636;8917;426;9880;9924;5.09;0.31;277.62;8.25;963;48;3406.00;44
8919;47;626643647;8919;421;9880;9924;5.10;0.31;277.61;8.25;961;48;3407.00;44
8923;47;626643658;8923;426;9890;9937;5.23;0.32;277.64;8.24;967;48;3408.00;47
8923;47;626643670;8923;422;9891;9937;5.32;0.32;277.64;8.24;968;48;3409.00;46
8927;47;626643681;8927;428;9891;9937;5.31;0.32;277.64;8.24;964;48;3410.00;46
8929;47;626643692;8929;406;9892;9938;5.43;0.33;277.64;8.24;963;48;3411.00;46
8930;47;626643704;8930;388;9892;9938;5.59;0.34;277.61;8.24;962;48;3412.00;46
8934;47;626643715;8934;378;9896;9942;5.72;0.35;277.63;8.23;962;48;3413.00;46
8937;47;626643728;8937;371;9896;9942;5.84;0.35;277.65;8.23;959;48;3414.00;46
8941;47;626643740;8941;370;9899;9946;5.94;0.36;277.59;8.23;958;48;3415.00;47
8945;48;626643752;8945;362;9899;9946;6.01;0.36;277.59;8.23;954;49;3416.00;47
8947;48;626643777;8947;349;9899;9946;6.09;0.37;277.59;8.23;952;49;3417.00;47
8949;48;626643789;8949;345;9899;9946;6.20;0.38;277.56;8.23;950;49;3418.00;47
8951;48;626643801;8951;331;9899;9946;6.30;0.38;277.58;8.23;948;49;3419.00;47
8955;48;626643814;8955;334;9923;9980;6.47;0.40;277.55;8.21;968;49;3420.00;57
8956;48;626643838;8956;336;9923;9980;6.52;0.40;277.57;8.21;967;49;3421.00;57
8958;48;626643851;8958;333;9925;9980;6.58;0.40;277.56;8.21;967;49;3422.00;55
8960;48;626643864;8960;336;9926;9980;6.62;0.41;277.59;8.21;966;49;3423.00;54
8964;48;626643877;8964;331;9926;9980;6.66;0.41;277.53;8.21;962;49;3424.00;54
8965;48;626643890;8965;329;9927;9980;6.70;0.41;277.53;8.21;962;49;3425.00;53
8969;48;626643904;8969;325;9927;9981;6.75;0.41;277.48;8.21;958;49;3426.00;54
8973;48;626643918;8973;323;9928;9981;6.76;0.41;277.51;8.21;955;49;3427.00;53
8973;48;626643931;8973;329;9931;9987;6.85;0.42;277.51;8.21;958;49;3428.00;56
8977;48;626643944;8977;324;9933;9988;6.90;0.42;277.65;8.20;956;49;3429.00;55
8979;48;626643957;8979;325;9933;9988;6.97;0.43;277.66;8.20;954;49;3430.00;55
8984;48;626643972;8984;331;9934;9988;6.95;0.43;277.69;8.20;950;49;3431.00;54
8987;48;626643989;8987;336;9937;9992;6.98;0.43;277.77;8.20;950;49;3432.00;55
8990;48;626644024;8990;337;9937;9992;7.01;0.43;277.75;8.20;947;49;3433.00;55
8992;48;626644055;8992;338;9937;9992;6.98;0.43;277.73;8.20;945;49;3434.00;55
8993;48;626644083;8993;336;9938;9993;7.09;0.43;277.71;8.20;945;49;3435.00;55
8997;48;626644100;8997;328;9941;9997;7.16;0.44;277.74;8.20;944;49;3436.00;56
8999;48;626644121;8999;327;9941;9997;7.24;0.44;277.77;8.20;942;49;3437.00;56
9001;48;626644137;9001;322;9943;10000;7.31;0.45;277.77;8.20;942;49;3438.00;57
9005;48;626644153;9005;320;9943;10000;7.30;0.45;277.84;8.20;938;49;3439.00;57
9008;48;626644168;9008;323;9944;10000;7.29;0.45;277.94;8.20;936;49;3440.00;56
9013;48;626644183;9013;322;9944;10000;7.22;0.44;278.02;8.20;931;49;3441.00;56
9018;48;626644202;9018;315;9947;10004;7.12;0.44;278.10;8.19;929;49;3442.00;57
9022;48;626644224;9022;324;9947;10004;7.05;0.43;278.13;8.19;925;49;3443.00;57
9026;48;626644242;9026;323;9948;10004;6.96;0.43;278.16;8.19;922;49;3444.00;56
9031;48;626644260;9031;330;9948;10004;6.89;0.42;278.20;8.19;917;49;3445.00;56
9034;48;626644276;9034;337;9948;10005;6.82;0.42;278.27;8.19;914;49;3446.00;57
9041;48;626644290;9041;328;9949;10006;6.80;0.42;278.26;8.19;908;49;3447.00;57
9045;48;626644304;9045;321;9949;10006;6.79;0.41;278.33;8.19;904;49;3448.00;57
9049;48;626644320;9049;322;9950;10007;6.79;0.41;278.34;8.19;901;49;3449.00;57
9053;48;626644341;9053;320;9950;10007;6.80;0.41;278.41;8.19;897;49;3450.00;57
9055;48;626644355;9055;321;9950;10007;6.80;0.41;278.53;8.19;895;49;3451.00;57
9057;48;626644368;9057;318;9950;10007;6.78;0.41;278.56;8.19;893;49;3452.00;57
9061;48;626644382;9061;314;9950;10007;6.79;0.41;278.68;8.19;889;49;3453.00;57
9063;48;626644400;9063;315;9950;10007;6.87;0.42;278.68;8.19;887;49;3454.00;57
9069;48;626644422;9069;310;9950;10007;6.91;0.42;278.76;8.19;881;49;3455.00;57
9073;48;626644435;9073;318;10021;10134;7.14;0.44;278.89;8.13;948;49;3456.00;113
9075;48;626644460;9075;295;10023;10135;7.24;0.45;278.90;8.13;948;49;3457.00;112
9080;48;626644487;9080;283;10029;10135;7.41;0.46;278.93;8.13;949;49;3458.00;106
9082;48;626644501;9082;277;10032;10135;7.59;0.47;278.97;8.13;950;49;3459.00;103
9085;48;626644515;9085;271;10034;10135;7.69;0.47;278.99;8.13;949;49;3460.00;101
9087;48;626644530;9087;271;10037;10135;7.75;0.48;279.04;8.13;950;49;3461.00;98
9089;48;626644545;9089;273;10039;10135;7.82;0.48;279.07;8.13;950;49;3462.00;96
9090;48;626644560;9090;274;10040;10135;7.87;0.49;279.07;8.13;950;49;3463.00;95
9093;48;626644574;9093;277;10044;10136;7.87;0.49;279.12;8.18;951;49;3464.00;92
9096;48;626644590;9096;278;10047;10138;7.88;0.49;279.14;8.18;951;49;3465.00;91
9099;48;626644604;9099;286;10050;10138;7.87;0.49;279.18;8.18;951;49;3466.00;88
9101;48;626644617;9101;287;10051;10139;7.84;0.48;279.18;8.18;950;49;3467.00;88
9104;48;626644634;9104;289;10056;10139;7.84;0.48;279.21;8.18;952;49;3468.00;83
9106;48;626644649;9106;295;10057;10139;7.85;0.48;279.20;8.19;951;49;3469.00;82
9113;48;626644664;9113;287;10062;10139;7.85;0.48;279.23;8.19;949;49;3470.00;77
9116;48;626644679;9116;282;10066;10143;7.86;0.48;279.24;8.19;950;49;3471.00;77
9117;48;626644694;9117;288;10071;10143;7.86;0.48;279.24;8.19;954;49;3472.00;72
9120;48;626644709;9120;283;10072;10143;7.88;0.48;279.25;8.19;952;49;3473.00;71
9122;48;626644723;9122;280;10075;10146;7.90;0.48;279.22;8.19;953;49;3474.00;71
9123;48;626644740;9123;278;10075;10146;7.92;0.48;279.30;8.19;952;49;3475.00;71
9126;48;626644765;9126;275;10077;10146;7.90;0.48;279.28;8.19;951;49;3476.00;69
9130;48;626644780;9130;275;10080;10150;7.93;0.48;279.35;8.19;950;49;3477.00;70
9131;48;626644795;9131;279;10082;10151;8.04;0.49;279.34;8.19;951;49;3478.00;69
9136;48;626644810;9136;282;10082;10151;8.02;0.49;279.38;8.19;946;49;3479.00;69
9140;48;626644828;9140;285;10087;10156;8.10;0.49;279.38;8.19;947;49;3480.00;69
9140;48;626644850;9140;286;10087;10156;8.13;0.49;279.38;8.19;947;49;3481.00;69
9142;48;626644865;9142;288;10087;10156;8.14;0.49;279.44;8.19;945;49;3482.00;69
9142;48;626644879;9142;290;10088;10157;8.19;0.50;279.44;8.18;946;49;3483.00;69
9144;48;626644894;9144;291;10088;10157;8.17;0.50;279.46;8.18;944;49;3484.00;69
9145;48;626644917;9145;296;10092;10163;8.14;0.49;279.45;8.18;947;49;3485.00;71
9147;48;626644931;9147;293;10093;10163;8.11;0.49;279.44;8.18;946;49;3486.00;70
9148;48;626644947;9148;298;10093;10164;8.08;0.49;279.42;8.18;945;49;3487.00;71
9152;48;626644968;9152;300;10093;10164;7.99;0.48;279.41;8.18;941;49;3488.00;71
9153;48;626644985;9153;304;10093;10164;7.96;0.48;279.40;8.18;940;49;3489.00;71
9157;48;626645000;9157;298;10093;10164;7.88;0.48;279.37;8.18;936;49;3490.00;71
9161;48;626645015;9161;294;10093;10164;7.80;0.47;279.44;8.18;932;49;3491.00;71
9161;48;626645030;9161;291;10102;10176;7.80;0.47;279.44;8.17;941;49;3492.00;74
9161;48;626645045;9161;281;10103;10176;7.78;0.47;279.44;8.17;942;49;3493.00;73
9165;48;626645059;9165;280;10104;10176;7.78;0.47;279.45;8.17;939;49;3494.00;72
9166;48;626645072;9166;278;10104;10176;7.78;0.47;279.43;8.17;938;49;3495.00;72
9169;48;626645086;9169;271;10104;10176;7.79;0.47;279.42;8.17;935;49;3496.00;72
9172;48;626645099;9172;269;10104;10176;7.83;0.47;279.44;8.17;932;49;3497.00;72
9176;48;626645114;9176;263;10107;10180;7.83;0.47;279.43;8.17;931;49;3498.00;73
9179;48;626645129;9179;256;10107;10180;7.84;0.48;279.49;8.17;928;49;3499.00;73
9180;48;626645143;9180;249;10110;10184;7.86;0.48;279.52;8.17;930;49;3500.00;74
9185;48;626645163;9185;239;10112;10185;7.80;0.47;279.62;8.17;927;49;3501.00;73
9188;48;626645177;9188;233;10112;10185;7.66;0.46;279.64;8.17;924;49;3502.00;73
9190;48;626645190;9190;227;10112;10185;7.54;0.46;279.71;8.17;922;49;3503.00;73
9192;48;626645202;9192;230;10122;10198;7.44;0.45;279.76;8.17;930;49;3504.00;76
9196;48;626645217;9196;235;10123;10198;7.43;0.45;279.77;8.19;927;49;3505.00;75
9199;48;626645235;9199;226;10125;10198;7.43;0.45;279.90;8.25;926;49;3506.00;73
9201;48;626645263;9201;226;10126;10199;7.47;0.45;279.94;8.25;925;49;3507.00;73
9206;48;626645280;9206;218;10126;10200;7.47;0.45;279.95;8.25;920;49;3508.00;74
9211;48;626645300;9211;211;10126;10200;7.45;0.45;280.02;8.25;915;49;3509.00;74
9214;48;626645322;9214;206;10129;10206;7.51;0.46;280.02;8.24;915;49;3510.00;77
9217;48;626645343;9217;207;10130;10206;7.55;0.46;280.01;8.24;913;49;3511.00;76
9220;48;626645360;9220;209;10131;10206;7.53;0.46;280.11;8.24;911;49;3512.00;75
9222;48;626645376;9222;214;10131;10206;7.61;0.46;280.16;8.24;909;49;3513.00;75
9223;48;626645390;9223;223;10135;10212;7.69;0.47;280.15;8.24;912;49;3514.00;77
9226;48;626645406;9226;219;10135;10212;7.66;0.46;280.15;8.24;909;49;3515.00;77
9229;48;626645423;9229;225;10136;10212;7.63;0.46;280.21;8.24;907;49;3516.00;76
9230;48;626645438;9230;221;10137;10212;7.56;0.46;280.21;8.24;907;49;3517.00;75
9233;48;626645452;9233;221;10141;10216;7.48;0.45;280.21;8.24;908;49;3518.00;75
9235;48;626645468;9235;223;10143;10219;7.44;0.45;280.20;8.24;908;49;3519.00;76
9237;48;626645482;9237;222;10144;10219;7.38;0.45;280.22;8.23;907;49;3520.00;75
9237;48;626645496;9237;224;10146;10220;7.36;0.45;280.22;8.30;909;49;3521.00;74
9237;48;626645510;9237;221;10146;10220;7.39;0.45;280.22;8.30;909;49;3522.00;74
9240;48;626645523;9240;222;10146;10220;7.41;0.45;280.30;8.30;906;49;3523.00;74
9240;48;626645536;9240;224;10146;10220;7.42;0.45;280.30;8.30;906;49;3524.00;74
9241;48;626645551;9241;227;10146;10220;7.41;0.45;280.34;8.30;905;49;3525.00;74
9242;48;626645566;9242;231;10148;10220;7.39;0.45;280.35;8.37;906;49;3526.00;72
9245;48;626645584;9245;231;10148;10220;7.35;0.45;280.37;8.37;903;49;3527.00;72
9251;48;626645599;9251;237;10183;10290;7.46;0.45;280.35;8.34;932;49;3528.00;107
9251;48;626645622;9251;235;10186;10291;7.44;0.45;280.35;8.34;935;49;3529.00;105
9255;48;626645637;9255;241;10195;10291;7.46;0.46;280.30;8.35;940;49;3530.00;96
9256;48;626645653;9256;244;10200;10291;7.45;0.46;280.28;8.37;944;49;3531.00;91
9258;48;626645677;9258;242;10205;10291;7.49;0.46;280.26;8.37;947;49;3532.00;86
9260;48;626645691;9260;240;10208;10291;7.45;0.46;280.21;8.39;948;49;3533.00;83
9261;48;626645705;9261;249;10211;10291;7.40;0.45;280.20;8.39;950;49;3534.00;80
9265;48;626645718;9265;248;10213;10291;7.37;0.45;280.23;8.40;948;49;3535.00;78
9267;48;626645732;9267;249;10217;10292;7.35;0.45;280.19;8.42;950;49;3536.00;75
9271;48;626645746;9271;253;10220;10293;7.28;0.45;280.12;8.42;949;49;3537.00;73
9275;48;626645772;9275;258;10224;10293;7.25;0.44;280.10;8.44;949;49;3538.00;69
9276;48;626645787;9276;264;10229;10297;7.16;0.44;280.08;8.44;953;49;3539.00;68
9278;48;626645805;9278;266;10230;10297;7.07;0.43;280.05;8.45;952;49;3540.00;67
9280;48;626645820;9280;281;10230;10297;7.00;0.43;280.02;8.45;950;49;3541.00;67
9281;48;626645836;9281;290;10232;10297;6.91;0.42;279.99;8.47;951;49;3542.00;65
9283;48;626645850;9283;296;10236;10303;6.90;0.42;279.99;8.47;953;49;3543.00;67
9283;48;626645866;9283;297;10238;10303;6.80;0.41;279.99;8.49;955;49;3544.00;65
9285;48;626645880;9285;307;10239;10303;6.73;0.41;279.95;8.49;954;49;3545.00;64
9285;48;626645893;9285;316;10242;10306;6.64;0.41;279.95;8.50;957;49;3546.00;64
9289;48;626645907;9289;322;10245;10306;6.55;0.40;279.95;8.52;956;49;3547.00;61
9291;48;626645921;9291;323;10245;10306;6.41;0.39;279.90;8.52;954;49;3548.00;61
9291;48;626645936;9291;324;10246;10307;6.31;0.38;279.90;8.53;955;49;3549.00;61
9292;48;626645951;9292;328;10248;10308;6.18;0.38;279.90;8.54;956;49;3550.00;60
9292;48;626645966;9292;331;10249;10308;6.08;0.37;279.90;8.54;957;49;3551.00;59
9292;48;626645980;9292;333;10261;10321;6.04;0.37;279.90;8.54;969;49;3552.00;60
9296;48;626645995;9296;343;10261;10321;5.95;0.36;279.84;8.54;965;49;3553.00;60
9297;48;626646009;9297;342;10262;10321;5.88;0.36;279.83;8.55;965;49;3554.00;59
9299;48;626646030;9299;342;10265;10323;5.88;0.36;279.80;8.55;966;49;3555.00;58
9302;48;626646044;9302;343;10265;10323;5.88;0.36;279.78;8.55;963;49;3556.00;58
9303;48;626646057;9303;342;10270;10327;5.91;0.36;279.77;8.57;967;49;3557.00;57
9303;48;626646070;9303;349;10270;10327;5.92;0.36;279.77;8.57;967;49;3558.00;57
9304;48;626646084;9304;350;10275;10331;5.90;0.36;279.75;8.57;971;49;3559.00;56
9307;48;626646097;9307;355;10276;10331;5.82;0.36;279.70;8.58;969;49;3560.00;55
9309;48;626646109;9309;352;10276;10331;5.71;0.35;279.70;8.58;967;49;3561.00;55
9311;48;626646122;9311;356;10278;10331;5.58;0.34;279.72;8.59;967;49;3562.00;53
9314;48;626646139;9314;344;10278;10331;5.47;0.33;279.69;8.59;964;49;3563.00;53
9315;48;626646156;9315;349;10288;10343;5.53;0.34;279.69;8.59;973;49;3564.00;55
9321;48;626646175;9321;344;10290;10343;5.47;0.33;279.64;8.60;969;49;3565.00;53
9323;48;626646189;9323;345;10291;10343;5.43;0.33;279.65;8.60;968;49;3566.00;52
9326;48;626646203;9326;346;10293;10343;5.40;0.33;279.65;8.61;967;49;3567.00;50
9329;48;626646217;9329;344;10293;10343;5.36;0.33;279.65;8.61;964;49;3568.00;50
9330;48;626646230;9330;343;10293;10343;5.32;0.32;279.65;8.61;963;49;3569.00;50
9332;48;626646255;9332;337;10295;10344;5.31;0.32;279.64;8.62;963;49;3570.00;49
9335;48;626646276;9335;327;10295;10344;5.31;0.32;279.59;8.62;960;49;3571.00;49
9335;49;626646289;9335;323;10301;10350;5.35;0.33;279.59;8.62;966;50;3572.00;49
9337;49;626646322;9337;311;10303;10351;5.40;0.33;279.62;8.62;966;50;3573.00;48
9339;49;626646334;9339;312;10303;10351;5.41;0.33;279.61;8.62;964;50;3574.00;48
9341;49;626646354;9341;309;10305;10351;5.44;0.33;279.61;8.63;964;50;3575.00;46
9342;49;626646372;9342;310;10308;10355;5.59;0.34;279.61;8.63;966;50;3576.00;47
9344;49;626646385;9344;314;10310;10355;5.66;0.35;279.59;8.63;966;50;3577.00;45
9346;49;626646398;9346;308;10310;10355;5.72;0.35;279.60;8.63;964;50;3578.00;45
9348;49;626646410;9348;302;10311;10356;5.82;0.36;279.64;8.63;963;50;3579.00;45
9350;49;626646423;9350;302;10314;10360;5.93;0.36;279.64;8.63;964;50;3580.00;46
9351;49;626646435;9351;300;10315;10360;6.02;0.37;279.65;8.70;964;50;3581.00;45
9355;49;626646447;9355;294;10317;10363;6.10;0.37;279.66;8.69;962;50;3582.00;46
9356;49;626646461;9356;290;10318;10363;6.20;0.38;279.68;8.69;962;50;3583.00;45
9359;49;626646474;9359;294;10318;10363;6.27;0.38;279.69;8.69;959;50;3584.00;45
9364;49;626646486;9364;295;10318;10363;6.29;0.38;279.68;8.69;954;50;3585.00;45
9368;49;626646499;9368;294;10321;10367;6.39;0.39;279.73;8.69;953;50;3586.00;46
9369;49;626646512;9369;294;10321;10367;6.46;0.39;279.75;8.69;952;50;3587.00;46
9374;49;626646526;9374;291;10322;10367;6.47;0.40;279.71;8.69;948;50;3588.00;45
9375;49;626646540;9375;297;10322;10367;6.56;0.40;279.69;8.69;947;50;3589.00;45
9382;49;626646554;9382;297;10322;10368;6.55;0.40;279.78;8.69;940;50;3590.00;46
9385;50;626646567;9385;303;10323;10369;6.54;0.40;279.74;8.69;938;51;3591.00;46
9391;50;626646601;9391;299;10323;10369;6.53;0.40;279.78;8.69;932;51;3592.00;46
9398;50;626646614;9398;289;10324;10370;6.51;0.40;279.78;8.69;926;51;3593.00;46
9402;50;626646634;9402;285;10324;10370;6.58;0.40;279.74;8.69;922;51;3594.00;46
9406;50;626646650;9406;282;10324;10370;6.61;0.40;279.74;8.69;918;51;3595.00;46
9410;50;626646664;9410;281;10324;10370;6.55;0.40;279.82;8.69;914;51;3596.00;46
9415;50;626646680;9415;282;10324;10370;6.62;0.41;279.83;8.69;909;51;3597.00;46
9420;50;626646694;9420;283;10324;10370;6.70;0.41;279.91;8.69;904;51;3598.00;46
9423;50;626646708;9423;284;10324;10370;6.83;0.42;279.93;8.69;901;51;3599.00;46
9428;50;626646724;9428;320;10438;10623;7.22;0.45;279.96;8.59;1010;51;3600.00;185
9431;50;626646766;9431;309;10445;10624;7.33;0.46;279.99;8.59;1014;51;3601.00;179
9440;50;626646781;9440;302;10459;10624;7.42;0.46;280.04;8.58;1019;51;3602.00;165
9448;50;626646796;9448;292;10468;10624;7.46;0.47;280.05;8.58;1020;51;3603.00;156
9450;50;626646819;9450;294;10474;10624;7.49;0.47;280.06;8.57;1024;51;3604.00;150
9455;50;626646834;9455;296;10481;10624;7.49;0.47;280.09;8.57;1026;51;3605.00;143
9460;50;626646850;9460;292;10487;10624;7.48;0.47;280.13;8.57;1027;51;3606.00;137
9466;50;626646865;9466;295;10491;10624;7.47;0.46;280.11;8.57;1025;51;3607.00;133
9467;50;626646883;9467;296;10495;10625;7.53;0.47;280.11;8.57;1028;51;3608.00;130
9472;50;626646902;9472;304;10497;10626;7.55;0.47;280.23;8.64;1025;51;3609.00;129
9476;50;626646920;9476;309;10503;10626;7.46;0.46;280.22;8.64;1027;51;3610.00;123
9477;50;626646936;9477;314;10506;10627;7.42;0.46;280.20;8.64;1029;51;3611.00;121
9479;50;626646951;9479;313;10509;10627;7.35;0.46;280.23;8.64;1030;51;3612.00;118
9483;50;626646976;9483;321;10510;10627;7.21;0.45;280.23;8.64;1027;51;3613.00;117
9486;50;626646992;9486;320;10514;10627;7.15;0.44;280.28;8.64;1028;51;3614.00;113
9488;50;626647009;9488;326;10518;10631;7.17;0.44;280.30;8.64;1030;51;3615.00;113
9491;50;626647025;9491;332;10520;10631;7.21;0.45;280.32;8.64;1029;51;3616.00;111
9496;50;626647042;9496;328;10522;10631;7.16;0.44;280.41;8.64;1026;51;3617.00;109
9498;50;626647058;9498;322;10525;10634;7.19;0.44;280.39;8.64;1027;51;3618.00;109
9501;50;626647082;9501;326;10526;10634;7.22;0.44;280.42;8.65;1025;51;3619.00;108
9505;50;626647098;9505;321;10529;10634;7.22;0.44;280.52;8.65;1024;51;3620.00;105
9506;50;626647114;9506;327;10537;10638;7.26;0.45;280.50;8.72;1031;51;3621.00;101
9507;50;626647136;9507;325;10539;10639;7.34;0.45;280.55;8.72;1032;51;3622.00;100
9512;50;626647154;9512;329;10541;10639;7.41;0.45;280.66;8.72;1029;51;3623.00;98
9515;50;626647177;9515;333;10542;10643;7.44;0.45;280.65;8.72;1027;51;3624.00;101
9522;50;626647200;9522;333;10546;10643;7.42;0.45;280.73;8.79;1024;51;3625.00;97
9524;50;626647216;9524;323;10547;10643;7.44;0.45;280.77;8.79;1023;51;3626.00;96
9528;50;626647234;9528;316;10548;10644;7.51;0.46;280.81;8.79;1020;51;3627.00;96
9531;50;626647264;9531;307;10549;10644;7.54;0.46;280.83;8.79;1018;52;3628.00;95
9533;50;626647309;9533;297;10554;10650;7.55;0.46;280.85;8.84;1021;52;3629.00;96
9537;50;626647339;9537;291;10555;10650;7.55;0.46;280.94;8.85;1018;52;3630.00;95
9538;50;626647366;9538;283;10558;10651;7.56;0.46;280.97;8.85;1020;52;3631.00;93
9540;50;626647386;9540;285;10559;10651;7.62;0.46;280.99;8.85;1019;52;3632.00;92
9541;50;626647417;9541;289;10559;10651;7.62;0.46;281.00;8.85;1018;52;3633.00;92
9543;50;626647441;9543;291;10560;10651;7.63;0.46;281.03;8.85;1017;52;3634.00;91
9548;50;626647459;9548;294;10560;10651;7.57;0.46;281.01;8.85;1012;52;3635.00;91
9550;50;626647480;9550;298;10571;10663;7.57;0.46;281.04;8.85;1021;52;3636.00;92
9555;50;626647502;9555;287;10571;10663;7.55;0.46;281.22;8.85;1016;52;3637.00;92
9557;50;626647525;9557;282;10571;10663;7.53;0.46;281.24;8.85;1014;52;3638.00;92
9558;50;626647543;9558;281;10572;10663;7.53;0.46;281.29;8.85;1014;52;3639.00;91
9560;50;626647562;9560;283;10573;10663;7.51;0.46;281.33;8.85;1013;52;3640.00;90
9563;50;626647581;9563;280;10573;10663;7.48;0.46;281.36;8.85;1010;52;3641.00;90
9564;50;626647600;9564;282;10578;10667;7.42;0.45;281.41;8.85;1014;52;3642.00;89
9568;50;626647620;9568;282;10578;10667;7.39;0.45;281.46;8.85;1010;52;3643.00;89
9569;50;626647640;9569;291;10581;10671;7.43;0.45;281.45;8.84;1012;52;3644.00;90
9573;50;626647659;9573;290;10583;10673;7.45;0.45;281.45;8.84;1010;52;3645.00;90
9576;50;626647677;9576;298;10585;10673;7.40;0.45;281.48;8.90;1009;52;3646.00;88
9579;50;626647697;9579;301;10585;10673;7.43;0.45;281.45;8.90;1006;52;3647.00;88
9582;50;626647713;9582;303;10594;10686;7.42;0.45;281.51;8.89;1012;52;3648.00;92
9584;50;626647731;9584;308;10594;10686;7.40;0.45;281.48;8.89;1010;52;3649.00;92
9586;50;626647747;9586;307;10594;10686;7.40;0.45;281.50;8.89;1008;52;3650.00;92
9587;50;626647768;9587;309;10595;10687;7.47;0.46;281.49;8.89;1008;52;3651.00;92
9589;50;626647788;9589;309;10595;10688;7.39;0.45;281.54;8.89;1006;52;3652.00;93
9591;50;626647805;9591;303;10595;10688;7.29;0.44;281.56;8.89;1004;52;3653.00;93
9592;50;626647819;9592;308;10597;10691;7.23;0.44;281.57;8.89;1005;52;3654.00;94
9594;50;626647832;9594;306;10597;10691;7.16;0.44;281.55;8.89;1003;52;3655.00;94
9596;50;626647845;9596;307;10598;10691;7.14;0.44;281.57;8.89;1002;52;3656.00;93
9599;50;626647858;9599;306;10598;10691;7.11;0.43;281.54;8.89;999;52;3657.00;93
9600;50;626647871;9600;310;10602;10697;7.08;0.43;281.58;8.89;1002;52;3658.00;95
9603;50;626647884;9603;312;10602;10697;7.06;0.43;281.56;8.89;999;52;3659.00;95
9607;50;626647899;9607;305;10603;10697;7.07;0.43;281.65;8.89;996;52;3660.00;94
9610;50;626647913;9610;297;10603;10697;7.07;0.43;281.63;8.89;993;52;3661.00;94
9614;50;626647925;9614;286;10606;10701;7.05;0.43;281.64;8.88;992;52;3662.00;95
9614;50;626647939;9614;287;10607;10702;7.09;0.43;281.64;8.88;993;52;3663.00;95
9616;50;626647952;9616;286;10607;10702;7.06;0.43;281.65;8.88;991;52;3664.00;95
9620;50;626647964;9620;284;10608;10703;7.01;0.43;281.67;8.88;988;52;3665.00;95
9622;50;626647978;9622;288;10609;10703;6.99;0.43;281.70;8.94;987;52;3666.00;94
9626;50;626647990;9626;286;10609;10703;6.94;0.43;281.71;8.94;983;52;3667.00;94
9627;50;626648004;9627;286;10611;10703;6.90;0.42;281.70;9.01;984;52;3668.00;92
9633;50;626648017;9633;286;10611;10703;6.80;0.42;281.76;9.01;978;52;3669.00;92
9635;50;626648030;9635;284;10611;10703;6.74;0.41;281.76;9.01;976;52;3670.00;92
9637;50;626648042;9637;274;10612;10703;6.71;0.41;281.76;9.06;975;52;3671.00;91
9641;50;626648054;9641;275;10643;10773;6.79;0.42;281.79;9.04;1002;52;3672.00;130
9646;50;626648072;9646;267;10643;10774;6.69;0.41;281.88;9.04;997;52;3673.00;131
9646;50;626648085;9646;259;10652;10774;6.75;0.41;281.88;9.04;1006;52;3674.00;122
9650;50;626648099;9650;255;10657;10774;6.71;0.41;281.86;9.06;1007;52;3675.00;117
9652;50;626648117;9652;249;10661;10774;6.70;0.41;281.85;9.11;1009;52;3676.00;113
9655;50;626648132;9655;247;10665;10774;6.71;0.41;281.84;9.11;1010;52;3677.00;109
9657;50;626648145;9657;242;10667;10774;6.73;0.41;281.80;9.11;1010;52;3678.00;107
9657;50;626648159;9657;240;10671;10774;6.85;0.42;281.80;9.16;1014;52;3679.00;103
9658;50;626648173;9658;240;10673;10775;6.94;0.42;281.78;9.16;1015;52;3680.00;102
9659;50;626648186;9659;236;10676;10776;6.98;0.43;281.77;9.17;1017;52;3681.00;100
9662;50;626648199;9662;228;10677;10776;6.94;0.42;281.71;9.22;1015;52;3682.00;99
9663;50;626648212;9663;224;10680;10780;6.92;0.42;281.69;9.22;1017;52;3683.00;100
9664;50;626648226;9664;224;10680;10780;6.85;0.42;281.68;9.22;1016;52;3684.00;100
9666;50;626648240;9666;230;10681;10780;6.76;0.41;281.64;9.26;1015;52;3685.00;99
9667;50;626648253;9667;231;10681;10780;6.70;0.41;281.62;9.26;1014;52;3686.00;99
9667;50;626648266;9667;233;10684;10786;6.76;0.41;281.62;9.26;1017;52;3687.00;102
9671;50;626648278;9671;240;10687;10786;6.76;0.41;281.63;9.32;1016;52;3688.00;99
9674;50;626648293;9674;253;10687;10786;6.76;0.41;281.59;9.32;1013;52;3689.00;99
9675;50;626648306;9675;259;10690;10792;6.76;0.41;281.57;9.31;1015;52;3690.00;102
9677;50;626648319;9677;261;10693;10792;6.71;0.41;281.54;9.36;1016;52;3691.00;99
9679;50;626648331;9679;262;10695;10792;6.69;0.41;281.51;9.36;1016;52;3692.00;97
9683;50;626648344;9683;261;10698;10793;6.63;0.40;281.47;9.41;1015;52;3693.00;95
9686;50;626648358;9686;271;10701;10794;6.59;0.40;281.40;9.41;1015;52;3694.00;93
9687;50;626648370;9687;268;10704;10794;6.54;0.40;281.38;9.42;1017;52;3695.00;90
9691;50;626648381;9691;277;10712;10807;6.48;0.39;281.40;9.42;1021;52;3696.00;95
9691;50;626648396;9691;279;10716;10807;6.47;0.39;281.40;9.43;1025;52;3697.00;91
9693;50;626648408;9693;289;10719;10807;6.43;0.39;281.35;9.44;1026;52;3698.00;88
9693;50;626648421;9693;294;10720;10808;6.43;0.39;281.35;9.44;1027;52;3699.00;88
9695;50;626648434;9695;301;10721;10808;6.37;0.39;281.37;9.44;1026;52;3700.00;87
9696;50;626648449;9696;307;10725;10812;6.32;0.38;281.34;9.45;1029;52;3701.00;87
9698;50;626648462;9698;320;10727;10812;6.27;0.38;281.33;9.47;1029;52;3702.00;85
9701;50;626648475;9701;328;10730;10816;6.23;0.38;281.30;9.46;1029;52;3703.00;86
9705;50;626648488;9705;326;10731;10816;6.20;0.38;281.25;9.48;1026;52;3704.00;85
9710;50;626648501;9710;339;10733;10816;6.11;0.37;281.15;9.50;1023;52;3705.00;83
9711;50;626648512;9711;343;10735;10816;6.06;0.37;281.13;9.52;1024;52;3706.00;81
9712;50;626648530;9712;345;10735;10816;6.03;0.37;281.10;9.52;1023;52;3707.00;81
9715;50;626648542;9715;340;10746;10828;6.02;0.37;281.18;9.53;1031;52;3708.00;82
9716;50;626648555;9716;345;10749;10828;5.96;0.36;281.20;9.55;1033;52;3709.00;79
9716;50;626648567;9716;349;10751;10828;5.92;0.36;281.20;9.56;1035;52;3710.00;77
9717;50;626648578;9717;353;10754;10828;5.85;0.36;281.19;9.58;1037;52;3711.00;74
9717;50;626648590;9717;356;10754;10828;5.79;0.35;281.19;9.58;1037;52;3712.00;74
9718;50;626648601;9718;364;10757;10828;5.75;0.35;281.20;9.60;1039;52;3713.00;71
9718;50;626648613;9718;373;10758;10829;5.72;0.35;281.20;9.61;1040;52;3714.00;71
9719;50;626648624;9719;369;10759;10829;5.73;0.35;281.19;9.62;1040;52;3715.00;70
9720;50;626648635;9720;360;10764;10835;5.77;0.35;281.18;9.62;1044;52;3716.00;71
9723;50;626648654;9723;361;10769;10836;5.79;0.36;281.15;9.64;1046;52;3717.00;67
9723;50;626648666;9723;360;10769;10836;5.85;0.36;281.15;9.64;1046;52;3718.00;67
9725;50;626648677;9725;355;10770;10836;5.88;0.36;281.14;9.64;1045;52;3719.00;66
9729;50;626648691;9729;340;10775;10841;5.95;0.36;281.15;9.65;1046;52;3720.00;66
9731;50;626648704;9731;337;10777;10841;5.98;0.36;281.14;9.67;1046;52;3721.00;64
9732;51;626648723;9732;331;10778;10841;6.02;0.37;281.12;9.67;1046;53;3722.00;63
9733;51;626648751;9733;324;10781;10842;6.11;0.37;281.13;9.69;1048;53;3723.00;61
9733;52;626648764;9733;317;10784;10846;6.22;0.38;281.13;9.69;1051;54;3724.00;62
9733;52;626648787;9733;309;10784;10846;6.28;0.38;281.13;9.69;1051;54;3725.00;62
9734;52;626648800;9734;308;10786;10849;6.39;0.39;281.11;9.68;1052;54;3726.00;63
9734;52;626648818;9734;311;10786;10849;6.47;0.40;281.11;9.68;1052;54;3727.00;63
9736;52;626648830;9736;313;10790;10849;6.52;0.40;281.12;9.71;1054;54;3728.00;59
9737;52;626648843;9737;311;10790;10849;6.55;0.40;281.10;9.71;1053;54;3729.00;59
9739;52;626648855;9739;322;10796;10853;6.58;0.40;281.08;9.73;1057;54;3730.00;57
9743;52;626648867;9743;327;10797;10853;6.53;0.40;281.15;9.73;1054;54;3731.00;56
9746;52;626648879;9746;327;10798;10853;6.45;0.39;281.19;9.73;1052;54;3732.00;55
9748;52;626648892;9748;333;10800;10853;6.36;0.39;281.19;9.74;1052;54;3733.00;53
9751;52;626648904;9751;335;10800;10854;6.28;0.38;281.17;9.74;1049;54;3734.00;54
9752;52;626648916;9752;343;10804;10856;6.18;0.38;281.15;9.75;1052;54;3735.00;52
9754;52;626648927;9754;350;10804;10856;6.07;0.37;281.19;9.75;1050;54;3736.00;52
9759;52;626648939;9759;350;10806;10857;5.95;0.36;281.16;9.76;1047;54;3737.00;51
9764;52;626648950;9764;355;10807;10857;5.85;0.36;281.25;9.76;1043;54;3738.00;50
9765;52;626648961;9765;361;10807;10857;5.80;0.35;281.23;9.76;1042;54;3739.00;50
9771;52;626648973;9771;353;10808;10857;5.72;0.35;281.31;9.77;1037;54;3740.00;49
9774;52;626648985;9774;353;10809;10857;5.69;0.35;281.29;9.77;1035;54;3741.00;48
9777;52;626648996;9777;346;10810;10857;5.71;0.35;281.31;9.77;1033;54;3742.00;47
9782;52;626649007;9782;345;10810;10857;5.69;0.35;281.26;9.77;1028;54;3743.00;47
9787;52;626649019;9787;358;10876;10984;5.96;0.37;281.38;9.71;1089;54;3744.00;108
9789;52;626649041;9789;351;10881;10985;5.99;0.37;281.42;9.71;1092;54;3745.00;104
9791;52;626649053;9791;340;10889;10985;6.10;0.38;281.44;9.71;1098;54;3746.00;96
9794;52;626649065;9794;335;10894;10985;6.20;0.38;281.49;9.71;1100;54;3747.00;91
9798;52;626649077;9798;325;10899;10985;6.26;0.39;281.54;9.71;1101;54;3748.00;86
9801;52;626649089;9801;313;10904;10985;6.38;0.39;281.63;9.71;1103;54;3749.00;81
9805;52;626649103;9805;311;10909;10990;6.41;0.40;281.71;9.70;1104;54;3750.00;81
9808;52;626649122;9808;305;10912;10990;6.44;0.40;281.70;9.70;1104;54;3751.00;78
9812;52;626649141;9812;308;10917;10991;6.47;0.40;281.78;9.75;1105;54;3752.00;74
9816;52;626649154;9816;303;10921;10992;6.52;0.40;281.83;9.75;1105;54;3753.00;71
9820;52;626649168;9820;303;10923;10992;6.59;0.40;281.84;9.75;1103;54;3754.00;69
9824;52;626649181;9824;303;10926;10993;6.68;0.41;281.88;9.75;1102;54;3755.00;67
9828;52;626649195;9828;310;10929;10993;6.73;0.41;281.99;9.75;1101;54;3756.00;64
9831;52;626649208;9831;309;10930;10993;6.81;0.42;281.97;9.75;1099;54;3757.00;63
9837;52;626649222;9837;307;10931;10993;6.84;0.42;282.08;9.75;1094;54;3758.00;62
9841;52;626649235;9841;309;10936;10997;6.90;0.42;282.13;9.75;1095;54;3759.00;61
9843;52;626649255;9843;307;10937;10997;6.93;0.43;282.15;9.75;1094;54;3760.00;60
9848;52;626649279;9848;300;10938;10997;6.99;0.43;282.15;9.75;1090;54;3761.00;59
9855;52;626649301;9855;300;10941;11000;7.02;0.43;282.30;9.75;1086;54;3762.00;59
9859;52;626649332;9859;302;10941;11000;7.05;0.43;282.33;9.75;1082;54;3763.00;59
9862;52;626649353;9862;307;10942;11000;7.06;0.43;282.38;9.75;1080;54;3764.00;58
9866;52;626649370;9866;302;10945;11004;7.04;0.43;282.37;9.75;1079;54;3765.00;59
9870;52;626649386;9870;302;10946;11005;7.06;0.43;282.37;9.74;1076;54;3766.00;59
9874;52;626649402;9874;298;10946;11005;7.06;0.43;282.43;9.74;1072;54;3767.00;59
9880;52;626649418;9880;305;10948;11009;7.04;0.43;282.46;9.74;1068;54;3768.00;61
9883;52;626649433;9883;307;10949;11009;7.05;0.43;282.45;9.74;1066;54;3769.00;60
9891;52;626649450;9891;309;10950;11009;6.99;0.43;282.41;9.74;1059;54;3770.00;59
9896;52;626649466;9896;311;10951;11010;6.96;0.42;282.48;9.74;1055;54;3771.00;59
9899;53;626649488;9899;315;10953;11010;6.91;0.42;282.55;9.74;1054;55;3772.00;57
9904;53;626649510;9904;316;10956;11016;6.85;0.42;282.56;9.74;1052;55;3773.00;60
9908;53;626649527;9908;313;10956;11016;6.85;0.42;282.54;9.74;1048;55;3774.00;60
9911;53;626649543;9911;309;10956;11017;6.89;0.42;282.61;9.74;1045;55;3775.00;61
9915;53;626649558;9915;309;10957;11017;6.85;0.42;282.63;9.74;1042;55;3776.00;60
9917;53;626649584;9917;317;10957;11017;6.95;0.42;282.66;9.74;1040;55;3777.00;60
9921;53;626649599;9921;315;10958;11017;6.98;0.42;282.70;9.74;1037;55;3778.00;59
9926;53;626649614;9926;316;10959;11017;6.98;0.42;282.73;9.74;1033;55;3779.00;58
9929;53;626649631;9929;322;10983;11053;7.12;0.43;282.75;9.72;1054;55;3780.00;70
9933;53;626649649;9933;324;10985;11053;7.09;0.43;282.92;9.72;1052;55;3781.00;68
9935;53;626649664;9935;319;10987;11053;7.09;0.43;282.96;9.72;1052;55;3782.00;66
9936;53;626649678;9936;322;10989;11053;7.04;0.43;282.98;9.71;1053;55;3783.00;64
9941;53;626649694;9941;322;10989;11053;7.00;0.43;283.01;9.71;1048;55;3784.00;64
9943;53;626649708;9943;320;10989;11053;6.99;0.43;283.09;9.71;1046;55;3785.00;64
9945;53;626649723;9945;331;10993;11057;6.96;0.43;283.11;9.71;1048;55;3786.00;64
9947;53;626649737;9947;315;10993;11057;6.92;0.42;283.09;9.71;1046;55;3787.00;64
9949;53;626649751;9949;317;10997;11061;6.89;0.42;283.15;9.71;1048;55;3788.00;64
9952;53;626649767;9952;313;10998;11062;6.89;0.42;283.22;9.71;1046;55;3789.00;64
9953;53;626649784;9953;309;10998;11062;6.86;0.42;283.27;9.71;1045;55;3790.00;64
9955;53;626649798;9955;309;10998;11062;6.87;0.42;283.30;9.71;1043;55;3791.00;64
9958;53;626649812;9958;302;11009;11075;7.02;0.43;283.33;9.75;1051;55;3792.00;66
9960;53;626649828;9960;307;11009;11075;7.07;0.43;283.41;9.75;1049;55;3793.00;66
9965;53;626649843;9965;308;11010;11075;7.06;0.43;283.37;9.75;1045;55;3794.00;65
9967;53;626649858;9967;312;11011;11076;7.07;0.43;283.41;9.75;1044;55;3795.00;65
9972;54;626649872;9972;298;11011;11077;7.08;0.43;283.42;9.75;1039;56;3796.00;66
9976;54;626649905;9976;287;11011;11077;7.15;0.44;283.49;9.75;1035;56;3797.00;66
9979;54;626649922;9979;278;11013;11080;7.26;0.44;283.50;9.75;1034;56;3798.00;67
9982;54;626649936;9982;266;11014;11080;7.34;0.45;283.49;9.74;1032;56;3799.00;66
9984;54;626649952;9984;255;11014;11080;7.42;0.45;283.56;9.74;1030;56;3800.00;66
9987;54;626649971;9987;245;11014;11080;7.48;0.46;283.59;9.74;1027;56;3801.00;66
9989;54;626649987;9989;240;11018;11086;7.52;0.46;283.59;9.74;1029;56;3802.00;68
9991;54;626650008;9991;244;11018;11086;7.58;0.46;283.59;9.74;1027;56;3803.00;68
9998;54;626650024;9998;241;11019;11086;7.63;0.46;283.63;9.74;1021;56;3804.00;67
10004;54;626650039;10004;250;11019;11086;7.60;0.46;283.71;9.74;1015;56;3805.00;67
10008;54;626650054;10008;243;11023;11090;7.57;0.46;283.79;9.79;1015;56;3806.00;67
10012;54;626650069;10012;242;11024;11091;7.55;0.46;283.81;9.79;1012;56;3807.00;67
10014;54;626650084;10014;235;11024;11091;7.56;0.46;283.91;9.79;1010;56;3808.00;67
10019;54;626650105;10019;232;11025;11092;7.56;0.46;283.91;9.79;1006;56;3809.00;67
10023;54;626650122;10023;225;11025;11092;7.55;0.46;283.90;9.79;1002;56;3810.00;67
10027;54;626650137;10027;230;11025;11092;7.50;0.46;283.92;9.79;998;56;3811.00;67
10030;54;626650151;10030;226;11025;11092;7.50;0.45;283.91;9.79;995;56;3812.00;67
10033;54;626650165;10033;218;11025;11092;7.51;0.46;283.99;9.79;992;56;3813.00;67
10036;54;626650179;10036;218;11025;11092;7.55;0.46;283.98;9.79;989;56;3814.00;67
10040;54;626650193;10040;223;11025;11092;7.56;0.46;284.09;9.79;985;56;3815.00;67
10044;54;626650207;10044;238;11063;11162;7.53;0.46;284.05;9.75;1019;56;3816.00;99
10046;54;626650226;10046;230;11063;11163;7.52;0.46;284.07;9.75;1017;56;3817.00;100
10049;54;626650242;10049;236;11068;11163;7.57;0.46;284.04;9.75;1019;56;3818.00;95
10049;54;626650256;10049;238;11072;11163;7.53;0.46;284.04;9.75;1023;56;3819.00;91
10053;54;626650270;10053;239;11076;11163;7.51;0.46;284.11;9.80;1023;56;3820.00;87
10054;54;626650284;10054;242;11081;11163;7.54;0.46;284.11;9.80;1027;56;3821.00;82
10056;54;626650297;10056;251;11085;11163;7.47;0.46;284.10;9.79;1029;56;3822.00;78
10059;54;626650311;10059;255;11088;11163;7.43;0.45;284.13;9.79;1029;56;3823.00;75
10060;54;626650324;10060;259;11090;11164;7.39;0.45;284.16;9.79;1030;56;3824.00;74
10061;54;626650336;10061;267;11093;11166;7.34;0.45;284.14;9.79;1032;56;3825.00;73
10065;54;626650350;10065;273;11093;11166;7.24;0.44;284.18;9.79;1028;56;3826.00;73
10068;54;626650362;10068;275;11096;11170;7.12;0.43;284.15;9.79;1028;56;3827.00;74
10071;54;626650376;10071;283;11096;11170;7.02;0.43;284.16;9.79;1025;56;3828.00;74
10071;54;626650388;10071;284;11096;11170;6.91;0.42;284.16;9.79;1025;56;3829.00;74
10075;54;626650401;10075;280;11096;11170;6.76;0.41;284.19;9.79;1021;56;3830.00;74
10079;54;626650414;10079;290;11099;11176;6.68;0.41;284.14;9.79;1020;56;3831.00;77
10080;54;626650427;10080;290;11100;11176;6.63;0.40;284.24;9.78;1020;56;3832.00;76
10080;54;626650439;10080;289;11100;11176;6.54;0.40;284.24;9.78;1020;56;3833.00;76
10081;54;626650451;10081;291;11102;11179;6.48;0.39;284.23;9.78;1021;56;3834.00;77
10083;54;626650463;10083;295;11102;11179;6.40;0.39;284.24;9.78;1019;56;3835.00;77
10085;54;626650475;10085;295;11103;11179;6.38;0.39;284.23;9.78;1018;56;3836.00;76
10089;54;626650487;10089;296;11103;11180;6.26;0.38;284.24;9.78;1014;56;3837.00;77
10091;54;626650499;10091;302;11104;11181;6.20;0.38;284.20;9.78;1013;56;3838.00;77
10094;54;626650511;10094;302;11104;11181;6.09;0.37;284.19;9.78;1010;56;3839.00;77
10099;54;626650524;10099;307;11119;11207;6.03;0.37;284.13;9.77;1020;56;3840.00;88
10101;54;626650538;10101;301;11121;11207;5.98;0.37;284.11;9.82;1020;56;3841.00;86
10104;54;626650555;10104;297;11123;11207;5.98;0.37;284.15;9.82;1019;56;3842.00;84
10107;54;626650567;10107;294;11125;11208;5.93;0.36;284.12;9.82;1018;56;3843.00;83
10108;54;626650579;10108;293;11125;11208;6.00;0.37;284.10;9.82;1017;56;3844.00;83
10112;54;626650591;10112;291;11128;11212;6.07;0.37;284.06;9.83;1016;56;3845.00;84
10112;54;626650604;10112;284;11129;11214;6.07;0.37;284.06;9.83;1017;56;3846.00;85
10118;54;626650616;10118;286;11133;11218;6.10;0.37;284.02;9.83;1015;56;3847.00;85
10121;54;626650628;10121;277;11133;11218;6.11;0.37;283.97;9.83;1012;56;3848.00;85
10129;54;626650641;10129;270;11134;11218;6.03;0.37;283.89;9.83;1005;56;3849.00;84
10130;54;626650653;10130;266;11134;11218;6.05;0.37;283.88;9.83;1004;56;3850.00;84
10131;54;626650664;10131;261;11134;11218;6.04;0.37;283.87;9.83;1003;56;3851.00;84
10135;54;626650675;10135;256;11144;11230;6.02;0.37;283.83;9.82;1009;56;3852.00;86
10138;54;626650687;10138;249;11144;11230;6.01;0.37;283.79;9.82;1006;56;3853.00;86
10140;54;626650698;10140;261;11145;11230;5.99;0.37;283.76;9.82;1005;56;3854.00;85
10144;54;626650710;10144;261;11145;11230;5.94;0.36;283.73;9.82;1001;56;3855.00;85
10145;54;626650720;10145;266;11145;11230;5.93;0.36;283.78;9.82;1000;56;3856.00;85
10148;54;626650732;10148;267;11146;11230;5.92;0.36;283.76;9.82;998;56;3857.00;84
10149;54;626650743;10149;266;11146;11231;5.91;0.36;283.74;9.82;997;56;3858.00;85
10150;54;626650754;10150;276;11146;11231;5.90;0.36;283.74;9.82;996;56;3859.00;85
10151;54;626650766;10151;282;11151;11237;5.94;0.36;283.74;9.82;1000;56;3860.00;86
10154;54;626650777;10154;283;11153;11238;5.94;0.36;283.71;9.82;999;56;3861.00;85
10155;54;626650788;10155;296;11155;11238;5.94;0.36;283.72;9.82;1000;56;3862.00;83
10157;54;626650799;10157;289;11155;11238;5.92;0.36;283.72;9.82;998;56;3863.00;83
10158;54;626650810;10158;288;11158;11242;5.92;0.36;283.69;9.82;1000;56;3864.00;84
10162;54;626650821;10162;295;11158;11242;5.90;0.36;283.65;9.82;996;56;3865.00;84
10163;54;626650832;10163;293;11159;11242;5.91;0.36;283.71;9.83;996;56;3866.00;83
10164;54;626650844;10164;288;11162;11243;5.94;0.36;283.71;9.84;998;56;3867.00;81
10167;54;626650855;10167;289;11165;11247;5.93;0.36;283.69;9.84;998;56;3868.00;82
10168;54;626650870;10168;284;11166;11247;5.96;0.36;283.69;9.85;998;56;3869.00;81
10170;54;626650883;10170;282;11171;11253;6.02;0.36;283.68;9.86;1001;56;3870.00;82
10171;54;626650896;10171;276;11172;11253;6.06;0.37;283.68;9.86;1001;56;3871.00;81
10172;54;626650907;10172;266;11175;11253;6.09;0.37;283.66;9.87;1003;56;3872.00;78
10174;54;626650919;10174;263;11176;11253;6.18;0.37;283.65;9.88;1002;56;3873.00;77
10175;54;626650932;10175;261;11179;11257;6.28;0.38;283.62;9.88;1004;56;3874.00;78
10177;54;626650945;10177;256;11180;11257;6.34;0.38;283.61;9.89;1003;56;3875.00;77
10178;54;626650957;10178;259;11182;11257;6.43;0.39;283.59;9.90;1004;56;3876.00;75
10180;54;626650969;10180;257;11183;11257;6.51;0.39;283.57;9.91;1003;56;3877.00;74
10180;54;626650986;10180;257;11184;11258;6.54;0.40;283.57;9.91;1004;56;3878.00;74
10182;54;626650997;10182;264;11187;11259;6.57;0.40;283.64;9.93;1005;56;3879.00;72
10183;54;626651009;10183;261;11188;11259;6.59;0.40;283.63;9.94;1005;56;3880.00;71
10184;54;626651021;10184;262;11190;11260;6.64;0.40;283.61;9.95;1006;56;3881.00;70
10185;54;626651033;10185;266;11191;11260;6.66;0.40;283.62;9.96;1006;56;3882.00;69
10185;54;626651050;10185;268;11191;11260;6.66;0.41;283.62;9.96;1006;56;3883.00;69
10186;54;626651062;10186;273;11193;11260;6.70;0.41;283.61;9.97;1007;56;3884.00;67
10186;54;626651074;10186;283;11193;11260;6.71;0.41;283.61;9.97;1007;56;3885.00;67
10186;54;626651085;10186;286;11195;11260;6.73;0.41;283.61;9.99;1009;56;3886.00;65
10187;54;626651096;10187;290;11195;11260;6.74;0.41;283.60;9.99;1008;56;3887.00;65
10188;54;626651107;10188;311;11261;11387;6.92;0.43;283.60;9.94;1073;56;3888.00;126
10189;54;626651129;10189;296;11266;11388;6.88;0.42;283.59;9.94;1077;56;3889.00;122
10192;54;626651141;10192;292;11273;11388;6.89;0.43;283.62;9.95;1081;56;3890.00;115
10194;54;626651153;10194;281;11277;11388;6.93;0.43;283.62;9.95;1083;56;3891.00;111
10195;54;626651165;10195;279;11286;11388;6.97;0.43;283.61;9.97;1091;56;3892.00;102
10199;54;626651177;10199;277;11287;11388;6.91;0.43;283.65;9.97;1088;56;3893.00;101
10199;54;626651195;10199;277;11295;11388;6.93;0.43;283.65;9.99;1096;56;3894.00;93
10201;54;626651207;10201;278;11296;11388;6.98;0.43;283.66;9.99;1095;56;3895.00;92
10204;54;626651219;10204;284;11303;11389;6.98;0.43;283.72;10.00;1099;56;3896.00;86
10207;54;626651232;10207;291;11307;11390;7.03;0.43;283.77;10.00;1100;56;3897.00;83
10208;54;626651249;10208;299;11313;11390;7.10;0.44;283.77;10.02;1105;56;3898.00;77
10210;54;626651270;10210;304;11314;11391;7.06;0.43;283.74;10.02;1104;56;3899.00;77
10214;54;626651292;10214;306;11321;11406;7.00;0.43;283.77;10.02;1107;56;3900.00;85
10219;54;626651325;10219;297;11323;11406;6.92;0.42;283.85;10.02;1104;56;3901.00;83
10224;54;626651346;10224;311;11328;11406;6.81;0.42;283.78;10.04;1104;56;3902.00;78
10226;54;626651364;10226;314;11331;11410;6.69;0.41;283.87;10.04;1105;56;3903.00;79
10231;54;626651378;10231;322;11336;11410;6.56;0.40;283.89;10.06;1105;56;3904.00;74
10237;54;626651392;10237;333;11337;11410;6.43;0.39;283.92;10.06;1100;56;3905.00;73
10242;54;626651406;10242;342;11339;11413;6.34;0.39;284.01;10.06;1097;56;3906.00;74
10247;54;626651420;10247;353;11342;11413;6.21;0.38;284.03;10.06;1095;56;3907.00;71
10250;54;626651434;10250;363;11344;11413;6.09;0.37;284.09;10.06;1094;56;3908.00;69
10254;54;626651446;10254;371;11349;11417;5.94;0.36;284.18;10.07;1095;56;3909.00;68
10256;54;626651466;10256;357;11350;11418;5.90;0.36;284.22;10.07;1094;56;3910.00;68
10259;54;626651482;10259;356;11352;11418;5.92;0.36;284.29;10.08;1093;56;3911.00;66
10262;54;626651495;10262;362;11354;11422;5.98;0.37;284.29;10.07;1092;56;3912.00;68
10266;54;626651508;10266;363;11356;11422;5.96;0.37;284.34;10.07;1090;56;3913.00;66
10272;54;626651522;10272;361;11358;11422;5.95;0.36;284.37;10.08;1086;56;3914.00;64
10274;54;626651536;10274;363;11361;11424;6.00;0.37;284.40;10.08;1087;56;3915.00;63
10277;54;626651549;10277;367;11361;11424;5.99;0.37;284.49;10.08;1084;56;3916.00;63
10281;54;626651562;10281;364;11364;11430;6.06;0.37;284.52;10.07;1083;56;3917.00;66
10285;54;626651576;10285;356;11364;11430;6.07;0.37;284.61;10.07;1079;56;3918.00;66
10286;54;626651589;10286;352;11365;11431;6.17;0.38;284.62;10.08;1079;56;3919.00;66
10290;54;626651603;10290;349;11366;11431;6.19;0.38;284.70;10.08;1076;56;3920.00;65
10294;54;626651615;10294;353;11366;11431;6.19;0.38;284.76;10.08;1072;56;3921.00;65
10298;54;626651629;10298;353;11366;11431;6.20;0.38;284.72;10.08;1068;56;3922.00;65
10301;54;626651643;10301;352;11366;11431;6.24;0.38;284.76;10.08;1065;56;3923.00;65
10305;54;626651656;10305;353;11376;11443;6.30;0.39;284.83;10.07;1071;56;3924.00;67
10308;54;626651670;10308;346;11377;11443;6.36;0.39;284.92;10.07;1069;56;3925.00;66
10311;54;626651683;10311;343;11377;11443;6.41;0.39;284.96;10.07;1066;56;3926.00;66
10314;54;626651696;10314;336;11377;11443;6.50;0.40;285.01;10.07;1063;56;3927.00;66
10323;54;626651709;10323;330;11377;11443;6.51;0.40;285.17;10.07;1054;56;3928.00;66
10327;54;626651723;10327;330;11377;11443;6.53;0.40;285.17;10.07;1050;56;3929.00;66
10332;54;626651739;10332;335;11381;11447;6.54;0.40;285.26;10.07;1049;56;3930.00;66
10337;54;626651752;10337;339;11384;11447;6.59;0.40;285.30;10.13;1047;56;3931.00;63
10342;54;626651766;10342;339;11386;11451;6.65;0.41;285.31;10.13;1044;56;3932.00;65
10345;54;626651781;10345;345;11389;11452;6.69;0.41;285.35;10.13;1044;56;3933.00;63
10349;54;626651794;10349;348;11389;11452;6.67;0.41;285.38;10.13;1040;56;3934.00;63
10355;54;626651807;10355;353;11390;11452;6.63;0.40;285.46;10.13;1035;56;3935.00;62
10359;54;626651820;10359;354;11401;11465;6.58;0.40;285.51;10.13;1042;56;3936.00;64
10362;54;626651835;10362;354;11401;11465;6.54;0.40;285.50;10.13;1039;56;3937.00;64
10367;54;626651849;10367;356;11402;11465;6.51;0.40;285.51;10.13;1035;56;3938.00;63
10370;54;626651862;10370;362;11404;11466;6.55;0.40;285.59;10.13;1034;56;3939.00;62
10374;54;626651876;10374;359;11404;11467;6.57;0.40;285.64;10.13;1030;56;3940.00;63
10378;54;626651890;10378;359;11404;11467;6.57;0.40;285.70;10.13;1026;56;3941.00;63
10380;54;626651904;10380;364;11407;11470;6.62;0.40;285.74;10.13;1027;56;3942.00;63
10385;54;626651918;10385;376;11407;11470;6.63;0.40;285.76;10.13;1022;56;3943.00;63
10389;54;626651931;10389;372;11408;11470;6.65;0.40;285.74;10.13;1019;56;3944.00;62
10394;54;626651945;10394;375;11408;11470;6.59;0.40;285.78;10.13;1014;56;3945.00;62
10397;54;626651959;10397;369;11412;11476;6.62;0.40;285.82;10.12;1015;56;3946.00;64
10401;54;626651974;10401;369;11412;11476;6.59;0.40;285.83;10.12;1011;56;3947.00;64
10405;54;626651988;10405;371;11414;11476;6.58;0.40;285.89;10.18;1009;56;3948.00;62
10406;54;626652002;10406;367;11415;11476;6.64;0.40;285.90;10.18;1009;56;3949.00;61
10411;54;626652015;10411;358;11419;11480;6.63;0.40;285.98;10.18;1008;56;3950.00;61
10413;54;626652029;10413;365;11420;11481;6.62;0.40;285.98;10.18;1007;56;3951.00;61
10418;54;626652042;10418;365;11420;11481;6.59;0.40;286.12;10.18;1002;56;3952.00;61
10424;54;626652055;10424;372;11421;11482;6.56;0.40;286.19;10.18;997;56;3953.00;61
10426;54;626652070;10426;374;11421;11482;6.54;0.40;286.19;10.18;995;56;3954.00;61
10433;54;626652082;10433;374;11421;11482;6.50;0.39;286.27;10.18;988;56;3955.00;61
10437;54;626652097;10437;374;11421;11482;6.50;0.40;286.45;10.18;984;56;3956.00;61
10438;54;626652122;10438;366;11421;11482;6.47;0.39;286.44;10.18;983;56;3957.00;61
10440;54;626652135;10440;356;11421;11482;6.42;0.39;286.51;10.18;981;56;3958.00;61
10443;55;626652148;10443;350;11421;11482;6.39;0.39;286.62;10.18;978;57;3959.00;61
10447;55;626652171;10447;372;11492;11607;6.46;0.40;286.69;10.12;1045;57;3960.00;115
10448;55;626652195;10448;362;11496;11608;6.51;0.40;286.67;10.11;1048;57;3961.00;112
10453;55;626652211;10453;355;11502;11608;6.62;0.41;286.75;10.11;1049;57;3962.00;106
10458;55;626652227;10458;352;11505;11608;6.71;0.41;286.80;10.11;1047;57;3963.00;103
10462;55;626652243;10462;350;11510;11608;6.77;0.42;286.93;10.17;1048;57;3964.00;98
10466;55;626652266;10466;355;11511;11608;6.81;0.42;286.95;10.17;1045;57;3965.00;97
10468;55;626652282;10468;349;11515;11608;6.91;0.42;286.93;10.17;1047;57;3966.00;93
10472;55;626652296;10472;348;11516;11608;6.92;0.42;286.99;10.16;1044;57;3967.00;92
10473;55;626652315;10473;340;11521;11609;6.94;0.43;287.03;10.16;1048;57;3968.00;88
10476;55;626652329;10476;342;11521;11610;6.93;0.42;287.04;10.16;1045;57;3969.00;89
10481;55;626652342;10481;340;11523;11610;6.87;0.42;287.12;10.16;1042;57;3970.00;87
10483;55;626652361;10483;335;11527;11614;6.90;0.42;287.09;10.16;1044;57;3971.00;87
10487;55;626652381;10487;337;11530;11614;6.86;0.42;287.15;10.16;1043;57;3972.00;84
10490;55;626652396;10490;333;11531;11614;6.80;0.41;287.18;10.16;1041;57;3973.00;83
10491;55;626652416;10491;335;11531;11614;6.77;0.41;287.16;10.16;1040;57;3974.00;83
10493;55;626652436;10493;346;11535;11620;6.71;0.41;287.24;10.16;1042;57;3975.00;85
10494;55;626652453;10494;348;11536;11620;6.71;0.41;287.23;10.16;1042;57;3976.00;84
10496;55;626652469;10496;344;11536;11620;6.70;0.41;287.23;10.16;1040;57;3977.00;84
10500;55;626652490;10500;337;11540;11623;6.69;0.41;287.27;10.15;1040;57;3978.00;83
10501;55;626652504;10501;330;11540;11623;6.72;0.41;287.30;10.15;1039;57;3979.00;83
10503;55;626652518;10503;328;11540;11623;6.76;0.41;287.28;10.15;1037;57;3980.00;83
10503;55;626652535;10503;331;11540;11624;6.80;0.41;287.28;10.15;1037;57;3981.00;84
10504;55;626652548;10504;327;11541;11625;6.81;0.41;287.26;10.15;1037;57;3982.00;84
10506;55;626652561;10506;326;11541;11625;6.82;0.42;287.38;10.15;1035;57;3983.00;84
10508;55;626652574;10508;323;11551;11638;6.91;0.42;287.34;10.15;1043;57;3984.00;87
10509;55;626652588;10509;316;11551;11638;6.95;0.42;287.36;10.15;1042;57;3985.00;87
10515;55;626652602;10515;317;11551;11638;6.93;0.42;287.33;10.15;1036;57;3986.00;87
10515;55;626652620;10515;316;11552;11639;6.92;0.42;287.33;10.14;1037;57;3987.00;87
10519;55;626652633;10519;324;11552;11639;6.85;0.42;287.31;10.14;1033;57;3988.00;87
10521;55;626652647;10521;336;11555;11643;6.84;0.42;287.32;10.14;1034;57;3989.00;88
10524;55;626652662;10524;335;11556;11643;6.80;0.41;287.34;10.14;1032;57;3990.00;87
10527;55;626652676;10527;341;11559;11647;6.81;0.41;287.39;10.14;1032;57;3991.00;88
10530;55;626652690;10530;344;11559;11647;6.81;0.42;287.36;10.14;1029;57;3992.00;88
10530;55;626652702;10530;349;11559;11647;6.80;0.42;287.36;10.14;1029;57;3993.00;88
10536;55;626652715;10536;342;11560;11647;6.68;0.41;287.35;10.20;1024;57;3994.00;87
10538;55;626652728;10538;346;11560;11647;6.60;0.40;287.33;10.20;1022;57;3995.00;87
10539;55;626652741;10539;339;11570;11659;6.60;0.40;287.33;10.19;1031;57;3996.00;89
10541;55;626652754;10541;348;11571;11659;6.51;0.40;287.28;10.19;1030;57;3997.00;88
10541;55;626652766;10541;346;11571;11659;6.44;0.39;287.28;10.19;1030;57;3998.00;88
10543;55;626652778;10543;351;11571;11659;6.36;0.39;287.27;10.19;1028;57;3999.00;88
10545;55;626652791;10545;347;11571;11659;6.26;0.38;287.24;10.19;1026;57;4000.00;88
10549;55;626652807;10549;349;11571;11659;6.22;0.38;287.21;10.19;1022;57;4001.00;88
10551;55;626652820;10551;346;11571;11660;6.22;0.38;287.21;10.19;1020;57;4002.00;89
10554;55;626652832;10554;338;11571;11660;6.24;0.38;287.17;10.19;1017;57;4003.00;89
10555;55;626652844;10555;333;11575;11666;6.25;0.38;287.16;10.19;1020;57;4004.00;91
10557;55;626652857;10557;323;11578;11668;6.24;0.38;287.13;10.19;1021;57;4005.00;90
10557;55;626652869;10557;330;11578;11668;6.20;0.38;287.13;10.19;1021;57;4006.00;90
10560;55;626652880;10560;325;11578;11668;6.17;0.38;287.15;10.19;1018;57;4007.00;90
10561;55;626652892;10561;319;11581;11672;6.16;0.38;287.16;10.19;1020;57;4008.00;91
10565;55;626652904;10565;317;11581;11672;6.11;0.37;287.16;10.19;1016;57;4009.00;91
10567;55;626652916;10567;313;11581;11672;6.05;0.37;287.14;10.19;1014;57;4010.00;91
10569;55;626652926;10569;313;11583;11673;5.99;0.37;287.13;10.25;1014;57;4011.00;90
10570;55;626652938;10570;306;11586;11677;5.94;0.36;287.13;10.25;1016;57;4012.00;91
10572;55;626652950;10572;302;11586;11677;5.92;0.36;287.15;10.25;1014;57;4013.00;91
10575;55;626652961;10575;297;11589;11680;5.90;0.36;287.24;10.31;1014;57;4014.00;91
10577;55;626652973;10577;293;11592;11680;5.92;0.36;287.25;10.33;1015;57;4015.00;88
10581;55;626652986;10581;292;11592;11680;5.91;0.36;287.23;10.33;1011;57;4016.00;88
10583;55;626652997;10583;296;11593;11680;5.87;0.36;287.24;10.39;1010;57;4017.00;87
10588;55;626653008;10588;294;11596;11684;5.81;0.36;287.20;10.39;1008;57;4018.00;88
10589;55;626653020;10589;277;11597;11684;5.83;0.36;287.20;10.45;1008;57;4019.00;87
10590;55;626653034;10590;269;11598;11684;5.90;0.36;287.18;10.45;1008;57;4020.00;86
10593;55;626653045;10593;266;11599;11684;5.89;0.36;287.14;10.50;1006;57;4021.00;85
10594;55;626653057;10594;258;11599;11685;5.91;0.36;287.12;10.50;1005;57;4022.00;86
10598;55;626653068;10598;250;11601;11686;5.95;0.36;287.10;10.56;1003;57;4023.00;85
10602;55;626653080;10602;245;11601;11686;5.93;0.36;287.10;10.56;999;57;4024.00;85
10603;55;626653092;10603;236;11602;11687;6.01;0.37;287.09;10.56;999;57;4025.00;85
10604;55;626653104;10604;239;11603;11687;6.07;0.37;287.06;10.61;999;57;4026.00;84
10606;55;626653115;10606;234;11604;11687;6.18;0.38;287.04;10.62;998;57;4027.00;83
10607;55;626653127;10607;229;11604;11687;6.26;0.38;287.03;10.62;997;57;4028.00;83
10607;55;626653146;10607;223;11605;11687;6.34;0.38;287.03;10.67;998;57;4029.00;82
10609;55;626653158;10609;222;11605;11687;6.35;0.39;287.01;10.67;996;57;4030.00;82
10610;55;626653170;10610;217;11605;11687;6.40;0.39;287.01;10.67;995;57;4031.00;82
10610;55;626653182;10610;231;11669;11814;6.66;0.41;287.01;10.61;1059;57;4032.00;145
10612;55;626653204;10612;226;11672;11815;6.71;0.41;287.00;10.61;1060;57;4033.00;143
10613;55;626653217;10613;232;11682;11815;6.84;0.42;286.97;10.60;1069;57;4034.00;133
10614;55;626653230;10614;233;11688;11815;6.92;0.43;286.99;10.60;1074;57;4035.00;127
10618;55;626653244;10618;229;11697;11815;7.00;0.43;286.94;10.59;1079;57;4036.00;118
10620;55;626653267;10620;234;11701;11815;7.05;0.43;286.95;10.59;1081;57;4037.00;114
10621;55;626653302;10621;237;11705;11815;7.10;0.43;286.97;10.59;1084;57;4038.00;110
10622;55;626653325;10622;246;11709;11815;7.09;0.43;286.96;10.60;1087;57;4039.00;106
10624;55;626653347;10624;243;11714;11816;7.14;0.44;286.96;10.61;1090;57;4040.00;102
10628;55;626653367;10628;246;11716;11817;7.13;0.44;287.01;10.61;1088;57;4041.00;101
10628;55;626653384;10628;246;11719;11817;7.15;0.44;287.01;10.62;1091;57;4042.00;98
10630;55;626653401;10630;243;11721;11818;7.14;0.44;287.02;10.63;1091;57;4043.00;97
10631;55;626653417;10631;246;11724;11818;7.17;0.44;287.01;10.65;1093;57;4044.00;94
10633;55;626653433;10633;253;11725;11818;7.18;0.44;287.07;10.65;1092;57;4045.00;93
10635;55;626653450;10635;264;11728;11818;7.18;0.44;287.11;10.66;1093;57;4046.00;90
10636;55;626653466;10636;267;11732;11822;7.13;0.44;287.09;10.67;1096;57;4047.00;90
10640;55;626653484;10640;273;11733;11822;7.07;0.43;287.16;10.67;1093;57;4048.00;89
10641;55;626653500;10641;274;11735;11822;7.02;0.43;287.19;10.68;1094;57;4049.00;87
10643;55;626653526;10643;273;11739;11828;6.94;0.42;287.22;10.68;1096;57;4050.00;89
10646;55;626653542;10646;276;11739;11828;6.88;0.42;287.29;10.68;1093;57;4051.00;89
10647;55;626653556;10647;283;11744;11828;6.86;0.42;287.32;10.72;1097;57;4052.00;84
10651;55;626653570;10651;293;11749;11832;6.79;0.41;287.31;10.74;1098;57;4053.00;83
10655;55;626653585;10655;298;11754;11833;6.79;0.41;287.41;10.76;1099;57;4054.00;79
10657;55;626653599;10657;298;11755;11833;6.72;0.41;287.43;10.77;1098;57;4055.00;78
10659;55;626653613;10659;300;11759;11837;6.71;0.41;287.48;10.77;1100;57;4056.00;78
10660;55;626653627;10660;306;11761;11837;6.67;0.41;287.51;10.78;1101;57;4057.00;76
10664;55;626653641;10664;316;11763;11837;6.55;0.40;287.57;10.79;1099;57;4058.00;74
10664;55;626653655;10664;307;11765;11838;6.52;0.40;287.57;10.80;1101;57;4059.00;73
10666;55;626653669;10666;303;11767;11838;6.41;0.39;287.59;10.81;1101;57;4060.00;71
10667;55;626653683;10667;307;11771;11844;6.38;0.39;287.62;10.81;1104;57;4061.00;73
10671;55;626653697;10671;308;11772;11844;6.34;0.39;287.70;10.81;1101;57;4062.00;72
10672;55;626653711;10672;317;11774;11845;6.36;0.39;287.72;10.82;1102;57;4063.00;71
10675;55;626653724;10675;306;11775;11845;6.36;0.39;287.79;10.83;1100;57;4064.00;70
10676;55;626653738;10676;314;11776;11845;6.42;0.39;287.83;10.83;1100;57;4065.00;69
10679;55;626653753;10679;302;11776;11845;6.43;0.39;287.91;10.83;1097;57;4066.00;69
10682;55;626653767;10682;307;11777;11845;6.42;0.39;287.92;10.84;1095;57;4067.00;68
10687;55;626653781;10687;304;11787;11857;6.47;0.39;287.91;10.84;1100;57;4068.00;70
10689;55;626653796;10689;305;11788;11857;6.52;0.40;287.94;10.84;1099;57;4069.00;69
10691;55;626653809;10691;307;11791;11857;6.53;0.40;287.96;10.85;1100;57;4070.00;66
10693;55;626653823;10693;303;11791;11857;6.50;0.40;287.98;10.85;1098;57;4071.00;66
10697;55;626653837;10697;306;11793;11857;6.42;0.39;288.15;10.86;1096;57;4072.00;64
10700;55;626653851;10700;309;11793;11857;6.31;0.38;288.15;10.86;1093;57;4073.00;64
10707;55;626653864;10707;314;11796;11861;6.22;0.38;288.32;10.85;1089;57;4074.00;65
10711;55;626653878;10711;317;11798;11861;6.12;0.37;288.39;10.86;1087;57;4075.00;63
10713;55;626653891;10713;321;11801;11865;6.05;0.37;288.38;10.86;1088;57;4076.00;64
10717;55;626653905;10717;320;11803;11866;5.98;0.37;288.40;10.86;1086;57;4077.00;63
10723;55;626653918;10723;324;11804;11866;5.84;0.36;288.42;10.86;1081;57;4078.00;62
10726;55;626653932;10726;331;11804;11866;5.76;0.35;288.38;10.86;1078;57;4079.00;62
10730;55;626653947;10730;336;11824;11895;5.69;0.35;288.39;10.85;1094;57;4080.00;71
10734;55;626653965;10734;321;11826;11895;5.61;0.35;288.44;10.85;1092;57;4081.00;69
10738;55;626653981;10738;327;11828;11895;5.63;0.35;288.44;10.85;1090;57;4082.00;67
10743;55;626653994;10743;322;11832;11896;5.64;0.35;288.44;10.85;1089;57;4083.00;64
10745;55;626654006;10745;328;11834;11897;5.70;0.35;288.44;10.86;1089;57;4084.00;63
10750;55;626654019;10750;337;11834;11897;5.71;0.35;288.46;10.86;1084;57;4085.00;63
10755;55;626654033;10755;345;11837;11900;5.79;0.36;288.52;10.86;1082;57;4086.00;63
10761;55;626654045;10761;333;11837;11900;5.85;0.36;288.58;10.86;1076;57;4087.00;63
10764;55;626654059;10764;332;11837;11900;5.89;0.36;288.60;10.86;1073;57;4088.00;63
10768;55;626654071;10768;334;11837;11900;5.93;0.36;288.70;10.86;1069;57;4089.00;63
10771;55;626654084;10771;329;11842;11906;6.02;0.37;288.72;10.85;1071;57;4090.00;64
10774;55;626654098;10774;330;11842;11906;6.02;0.37;288.74;10.85;1068;57;4091.00;64
10779;55;626654110;10779;333;11842;11906;6.04;0.37;288.78;10.85;1063;57;4092.00;64
10782;55;626654123;10782;318;11842;11906;6.08;0.37;288.86;10.85;1060;57;4093.00;64
10786;55;626654136;10786;315;11845;11910;6.12;0.38;288.92;10.85;1059;57;4094.00;65
10789;55;626654150;10789;313;11847;11912;6.20;0.38;288.94;10.85;1058;57;4095.00;65
10793;55;626654164;10793;321;11847;11912;6.23;0.38;288.98;10.85;1054;57;4096.00;65
10802;55;626654176;10802;318;11848;11913;6.25;0.38;289.06;10.85;1046;57;4097.00;65
10805;55;626654190;10805;326;11848;11913;6.32;0.39;289.07;10.85;1043;57;4098.00;65
10807;55;626654202;10807;332;11848;11913;6.40;0.39;289.08;10.85;1041;57;4099.00;65
10812;55;626654215;10812;331;11848;11913;6.43;0.39;289.10;10.85;1036;57;4100.00;65
10818;55;626654233;10818;332;11848;11913;6.46;0.40;289.16;10.85;1030;57;4101.00;65
10823;55;626654248;10823;331;11848;11913;6.49;0.40;289.17;10.85;1025;57;4102.00;65
10827;55;626654269;10827;334;11848;11913;6.59;0.40;289.30;10.85;1021;57;4103.00;65
10832;55;626654284;10832;337;11889;11983;6.57;0.40;289.37;10.81;1057;57;4104.00;94
10836;55;626654302;10836;326;11889;11984;6.59;0.40;289.39;10.81;1053;57;4105.00;95
10841;55;626654316;10841;322;11895;11984;6.69;0.41;289.41;10.81;1054;57;4106.00;89
10845;55;626654329;10845;325;11896;11984;6.80;0.41;289.44;10.81;1051;57;4107.00;88
10847;55;626654342;10847;318;11899;11984;6.91;0.42;289.43;10.80;1052;57;4108.00;85
10853;55;626654355;10853;318;11901;11984;6.95;0.42;289.44;10.80;1048;57;4109.00;83
10857;55;626654370;10857;320;11906;11984;6.96;0.42;289.47;10.86;1049;57;4110.00;78
10859;55;626654384;10859;324;11908;11984;6.98;0.42;289.44;10.86;1049;57;4111.00;76
10863;55;626654397;10863;330;11910;11985;6.97;0.42;289.45;10.86;1047;57;4112.00;75
10870;55;626654409;10870;339;11913;11986;6.96;0.42;289.50;10.86;1043;57;4113.00;73
10873;55;626654423;10873;343;11914;11986;6.89;0.42;289.56;10.85;1041;57;4114.00;72
10877;55;626654435;10877;346;11916;11990;6.83;0.42;289.59;10.85;1039;57;4115.00;74
10880;55;626654467;10880;359;11916;11990;6.76;0.41;289.63;10.85;1036;57;4116.00;74
10883;55;626654480;10883;363;11916;11990;6.74;0.41;289.62;10.85;1033;57;4117.00;74
10886;55;626654493;10886;362;11916;11990;6.72;0.41;289.63;10.85;1030;57;4118.00;74
10890;55;626654506;10890;366;11920;11996;6.73;0.41;289.72;10.85;1030;57;4119.00;76
10893;55;626654520;10893;371;11921;11996;6.66;0.41;289.75;10.85;1028;57;4120.00;75
10898;56;626654541;10898;379;11923;11996;6.66;0.41;289.82;10.85;1025;58;4121.00;73
10902;56;626654560;10902;380;11925;11999;6.63;0.41;289.85;10.85;1023;58;4122.00;74
10908;56;626654573;10908;386;11928;11999;6.60;0.40;289.95;10.85;1020;58;4123.00;71
10910;56;626654586;10910;390;11928;11999;6.52;0.40;289.98;10.85;1018;58;4124.00;71
10912;56;626654598;10912;402;11928;12000;6.46;0.40;289.97;10.85;1016;58;4125.00;72
10916;56;626654617;10916;413;11929;12001;6.36;0.39;290.17;10.85;1013;58;4126.00;72
10920;56;626654629;10920;407;11929;12001;6.30;0.39;290.20;10.85;1009;58;4127.00;72
10924;56;626654648;10924;406;11940;12014;6.30;0.39;290.22;10.84;1016;58;4128.00;74
10927;56;626654663;10927;407;11940;12014;6.27;0.38;290.21;10.84;1013;58;4129.00;74
10930;56;626654675;10930;402;11940;12014;6.29;0.39;290.24;10.84;1010;58;4130.00;74
10932;56;626654689;10932;403;11941;12015;6.34;0.39;290.23;10.84;1009;58;4131.00;74
10935;56;626654701;10935;401;11941;12015;6.30;0.39;290.27;10.84;1006;58;4132.00;74
10940;56;626654714;10940;405;11944;12019;6.34;0.39;290.24;10.83;1004;58;4133.00;75
10941;56;626654728;10941;403;11944;12019;6.32;0.39;290.22;10.83;1003;58;4134.00;75
10945;56;626654740;10945;400;11948;12023;6.33;0.39;290.26;10.83;1003;58;4135.00;75
10948;56;626654753;10948;389;11948;12023;6.28;0.38;290.33;10.83;1000;58;4136.00;75
10951;56;626654766;10951;374;11948;12023;6.27;0.38;290.31;10.83;997;58;4137.00;75
10954;56;626654778;10954;370;11948;12023;6.28;0.38;290.38;10.83;994;58;4138.00;75
10957;56;626654791;10957;363;11948;12023;6.31;0.39;290.43;10.83;991;58;4139.00;75
10958;56;626654806;10958;359;11971;12057;6.35;0.39;290.42;10.81;1013;58;4140.00;86
10962;56;626654820;10962;356;11972;12057;6.35;0.39;290.38;10.81;1010;58;4141.00;85
10963;56;626654834;10963;354;11974;12057;6.41;0.40;290.36;10.81;1011;58;4142.00;83
10966;56;626654846;10966;352;11975;12057;6.42;0.40;290.35;10.86;1009;58;4143.00;82
10970;56;626654858;10970;348;11976;12057;6.43;0.40;290.30;10.86;1006;58;4144.00;81
10971;56;626654871;10971;342;11976;12057;6.50;0.40;290.30;10.86;1005;58;4145.00;81
10973;56;626654883;10973;334;11977;12058;6.55;0.40;290.31;10.86;1004;58;4146.00;81
10975;56;626654896;10975;327;11977;12058;6.57;0.40;290.32;10.86;1002;58;4147.00;81
10976;56;626654909;10976;330;11981;12064;6.62;0.41;290.31;10.86;1005;58;4148.00;83
10980;56;626654921;10980;326;11982;12065;6.56;0.40;290.28;10.86;1002;58;4149.00;83
10982;56;626654934;10982;327;11983;12065;6.58;0.40;290.35;10.86;1001;58;4150.00;82
10989;56;626654947;10989;322;11983;12065;6.49;0.40;290.28;10.86;994;58;4151.00;82
10993;57;626654965;10993;320;11987;12069;6.50;0.40;290.22;10.86;994;59;4152.00;82
10996;57;626654991;10996;313;11987;12069;6.42;0.39;290.22;10.86;991;59;4153.00;82
10998;57;626655005;10998;320;11987;12069;6.38;0.39;290.23;10.86;989;59;4154.00;82
11000;57;626655018;11000;325;11988;12070;6.32;0.39;290.21;10.85;988;59;4155.00;82
11002;57;626655032;11002;326;11991;12074;6.24;0.38;290.18;10.85;989;59;4156.00;83
11006;57;626655045;11006;326;11991;12074;6.19;0.38;290.15;10.85;985;59;4157.00;83
11006;57;626655063;11006;325;11993;12077;6.21;0.38;290.15;10.85;987;59;4158.00;84
11007;57;626655076;11007;330;11994;12077;6.16;0.38;290.13;10.91;987;59;4159.00;83
11008;57;626655089;11008;339;11995;12077;6.13;0.37;290.19;10.91;987;59;4160.00;82
11009;57;626655102;11009;350;11995;12077;6.11;0.37;290.18;10.91;986;59;4161.00;82
11012;57;626655115;11012;356;11998;12081;6.09;0.37;290.16;10.91;986;59;4162.00;83
11013;57;626655128;11013;355;11998;12081;6.03;0.37;290.15;10.91;985;59;4163.00;83
11014;57;626655140;11014;362;11999;12081;5.99;0.37;290.14;10.90;985;59;4164.00;82
11017;57;626655153;11017;365;11999;12081;5.91;0.36;290.09;10.90;982;59;4165.00;82
11017;57;626655166;11017;370;12000;12082;5.84;0.36;290.09;10.96;983;59;4166.00;82
11017;57;626655178;11017;372;12001;12083;5.83;0.36;290.09;10.96;984;59;4167.00;82
11017;57;626655190;11017;367;12001;12083;5.73;0.35;290.09;10.96;984;59;4168.00;82
11019;57;626655202;11019;369;12003;12084;5.62;0.34;290.08;11.00;984;59;4169.00;81
11020;57;626655215;11020;364;12003;12084;5.54;0.34;290.10;11.00;983;59;4170.00;81
11020;57;626655228;11020;347;12003;12084;5.50;0.34;290.10;11.00;983;59;4171.00;81
11024;58;626655240;11024;329;12003;12084;5.44;0.33;290.08;11.00;979;60;4172.00;81
11027;58;626655266;11027;320;12006;12086;5.42;0.33;290.10;11.05;979;60;4173.00;80
11030;58;626655284;11030;310;12006;12086;5.45;0.33;290.10;11.05;976;60;4174.00;80
11032;58;626655301;11032;304;12006;12086;5.50;0.34;290.09;11.05;974;60;4175.00;80
11035;58;626655318;11035;319;12073;12213;5.66;0.35;290.09;10.99;1038;60;4176.00;140
11037;58;626655348;11037;302;12074;12214;5.75;0.35;290.06;10.98;1037;60;4177.00;140
11037;58;626655363;11037;284;12080;12214;5.87;0.36;290.06;10.98;1043;60;4178.00;134
11040;58;626655376;11040;264;12083;12214;5.96;0.37;290.08;11.03;1043;60;4179.00;131
11041;58;626655390;11041;265;12088;12214;6.08;0.37;290.06;11.02;1047;60;4180.00;126
11043;58;626655412;11043;259;12092;12214;6.16;0.38;290.06;11.02;1049;60;4181.00;122
11045;58;626655431;11045;252;12095;12214;6.27;0.39;290.04;11.02;1050;60;4182.00;119
11047;58;626655445;11047;250;12101;12214;6.43;0.39;290.08;11.07;1054;60;4183.00;113
11048;58;626655458;11048;243;12106;12215;6.49;0.40;290.07;11.08;1058;60;4184.00;109
11049;58;626655482;11049;242;12109;12217;6.58;0.40;290.06;11.08;1060;60;4185.00;108
11051;58;626655504;11051;242;12115;12217;6.67;0.41;290.06;11.09;1064;60;4186.00;102
11054;58;626655518;11054;235;12116;12218;6.71;0.41;290.08;11.09;1062;60;4187.00;102
11056;58;626655533;11056;238;12119;12218;6.75;0.41;290.06;11.09;1063;60;4188.00;99
11057;58;626655547;11057;227;12122;12218;6.80;0.42;290.05;11.14;1065;60;4189.00;96
11059;58;626655561;11059;226;12123;12218;6.81;0.42;290.02;11.14;1064;60;4190.00;95
11062;58;626655576;11062;234;12126;12222;6.80;0.41;290.09;11.14;1064;60;4191.00;96
11064;58;626655590;11064;221;12127;12222;6.80;0.41;290.06;11.14;1063;60;4192.00;95
11064;58;626655605;11064;214;12129;12222;6.82;0.42;290.06;11.14;1065;60;4193.00;93
11066;58;626655619;11066;210;12131;12225;6.87;0.42;290.07;11.13;1065;60;4194.00;94
11068;58;626655634;11068;211;12132;12225;6.92;0.42;290.16;11.13;1064;60;4195.00;93
11071;58;626655649;11071;210;12132;12225;6.93;0.42;290.17;11.13;1061;60;4196.00;93
11075;58;626655664;11075;207;12136;12229;6.95;0.42;290.20;11.13;1061;60;4197.00;93
11080;58;626655678;11080;210;12137;12230;6.93;0.42;290.32;11.13;1057;60;4198.00;93
11084;58;626655693;11084;214;12137;12230;6.92;0.42;290.37;11.13;1053;60;4199.00;93
11086;58;626655710;11086;217;12149;12264;6.93;0.42;290.37;11.13;1063;60;4200.00;115
11088;58;626655733;11088;211;12150;12264;6.95;0.42;290.35;11.12;1062;60;4201.00;114
11092;58;626655749;11092;216;12153;12264;6.86;0.42;290.36;11.13;1061;60;4202.00;111
11097;58;626655764;11097;210;12154;12265;6.86;0.42;290.41;11.12;1057;60;4203.00;111
11098;58;626655779;11098;210;12155;12265;6.87;0.42;290.42;11.13;1057;60;4204.00;110
11101;58;626655795;11101;214;12159;12271;6.89;0.42;290.43;11.12;1058;60;4205.00;112
11104;58;626655812;11104;221;12162;12271;6.85;0.42;290.47;11.14;1058;60;4206.00;109
11105;58;626655826;11105;225;12163;12272;6.97;0.42;290.46;11.14;1058;60;4207.00;109
11108;58;626655848;11108;224;12163;12272;7.05;0.43;290.52;11.14;1055;60;4208.00;109
11109;58;626655862;11109;220;12163;12272;7.10;0.43;290.57;11.14;1054;60;4209.00;109
11111;58;626655876;11111;225;12166;12272;7.19;0.44;290.60;11.16;1055;60;4210.00;106
11115;58;626655891;11115;229;12167;12272;7.24;0.44;290.60;11.16;1052;60;4211.00;105
11115;58;626655905;11115;230;12176;12284;7.32;0.44;290.60;11.17;1061;60;4212.00;108
11117;58;626655927;11117;231;12179;12284;7.39;0.45;290.62;11.18;1062;60;4213.00;105
11120;58;626655942;11120;234;12181;12284;7.49;0.46;290.65;11.19;1061;60;4214.00;103
11121;59;626655956;11121;235;12182;12284;7.51;0.46;290.62;11.20;1061;61;4215.00;102
11124;59;626655987;11124;241;12184;12284;7.52;0.46;290.67;11.21;1060;61;4216.00;100
11127;59;626656007;11127;240;12185;12284;7.51;0.46;290.77;11.21;1058;61;4217.00;99
11131;59;626656022;11131;247;12191;12288;7.52;0.46;290.77;11.23;1060;61;4218.00;97
11132;59;626656038;11132;245;12192;12288;7.58;0.46;290.75;11.23;1060;61;4219.00;96
11137;59;626656052;11137;247;12194;12292;7.63;0.46;290.77;11.23;1057;61;4220.00;98
11139;59;626656067;11139;251;12198;12293;7.68;0.47;290.80;11.25;1059;61;4221.00;95
11142;59;626656081;11142;256;12198;12293;7.71;0.47;290.84;11.25;1056;61;4222.00;95
11145;59;626656095;11145;253;12199;12293;7.72;0.47;290.85;11.25;1054;61;4223.00;94
11150;59;626656109;11150;264;12209;12306;7.63;0.47;290.93;11.26;1059;61;4224.00;97
11152;59;626656125;11152;258;12209;12306;7.60;0.46;290.97;11.26;1057;61;4225.00;97
11154;59;626656140;11154;261;12210;12306;7.54;0.46;291.00;11.27;1056;61;4226.00;96
11157;59;626656155;11157;272;12214;12307;7.49;0.46;291.08;11.28;1057;61;4227.00;93
11159;59;626656170;11159;278;12215;12308;7.45;0.46;291.09;11.28;1056;61;4228.00;93
11164;59;626656185;11164;280;12218;12308;7.40;0.45;291.21;11.30;1054;61;4229.00;90
11167;59;626656204;11167;280;12222;12314;7.34;0.45;291.21;11.30;1055;61;4230.00;92
11169;59;626656221;11169;278;12222;12314;7.28;0.44;291.26;11.30;1053;61;4231.00;92
11171;59;626656238;11171;281;12223;12314;7.26;0.44;291.29;11.31;1052;61;4232.00;91
11174;59;626656255;11174;275;12223;12314;7.28;0.44;291.35;11.31;1049;61;4233.00;91
11179;59;626656270;11179;269;12227;12320;7.28;0.44;291.38;11.31;1048;61;4234.00;93
11179;59;626656285;11179;273;12229;12320;7.26;0.44;291.38;11.32;1050;61;4235.00;91
11182;59;626656301;11182;273;12231;12320;7.20;0.44;291.39;11.33;1049;61;4236.00;89
11183;59;626656316;11183;274;12231;12320;7.13;0.43;291.38;11.33;1048;61;4237.00;89
11185;59;626656330;11185;276;12236;12324;7.08;0.43;291.41;11.34;1051;61;4238.00;88
11187;59;626656344;11187;281;12237;12325;7.07;0.43;291.44;11.33;1050;61;4239.00;88
11192;59;626656357;11192;282;12238;12325;7.02;0.43;291.49;11.35;1046;61;4240.00;87
11193;59;626656371;11193;285;12240;12326;6.99;0.43;291.52;11.35;1047;61;4241.00;86
11197;59;626656384;11197;284;12240;12326;6.90;0.42;291.53;11.35;1043;61;4242.00;86
11202;59;626656396;11202;289;12241;12326;6.80;0.41;291.59;11.36;1039;61;4243.00;85
11204;59;626656409;11204;290;12243;12326;6.73;0.41;291.58;11.38;1039;61;4244.00;83
11210;59;626656421;11210;294;12245;12326;6.64;0.41;291.60;11.39;1035;61;4245.00;81
11212;59;626656434;11212;297;12246;12326;6.54;0.40;291.63;11.40;1034;61;4246.00;80
11218;59;626656446;11218;302;12248;12326;6.45;0.40;291.64;11.41;1030;61;4247.00;78
11222;59;626656458;11222;317;12286;12396;6.41;0.40;291.74;11.39;1064;61;4248.00;110
11225;59;626656477;11225;311;12289;12397;6.35;0.39;291.80;11.39;1064;61;4249.00;108
11228;59;626656489;11228;302;12296;12397;6.37;0.39;291.91;11.39;1068;61;4250.00;101
11233;59;626656501;11233;298;12297;12397;6.31;0.39;291.89;11.39;1064;61;4251.00;100
11236;59;626656513;11236;300;12299;12397;6.36;0.39;291.96;11.39;1063;61;4252.00;98
11242;59;626656525;11242;303;12302;12397;6.28;0.39;291.93;11.41;1060;61;4253.00;95
11249;59;626656537;11249;300;12307;12397;6.23;0.38;291.99;11.41;1058;61;4254.00;90
11252;59;626656549;11252;306;12309;12397;6.14;0.38;292.04;11.42;1057;61;4255.00;88
11257;59;626656561;11257;313;12314;12398;6.14;0.38;292.13;11.42;1057;61;4256.00;84
11259;59;626656574;11259;313;12317;12399;6.16;0.38;292.15;11.43;1058;61;4257.00;82
11264;59;626656586;11264;315;12318;12399;6.15;0.38;292.21;11.43;1054;61;4258.00;81
11267;59;626656599;11267;331;12323;12403;6.21;0.38;292.23;11.44;1056;61;4259.00;80
11272;59;626656613;11272;323;12327;12403;6.21;0.38;292.30;11.44;1055;61;4260.00;76
11274;59;626656625;11274;325;12329;12403;6.24;0.38;292.33;11.44;1055;61;4261.00;74
11278;59;626656638;11278;328;12330;12403;6.22;0.38;292.32;11.44;1052;61;4262.00;73
11284;59;626656650;11284;328;12333;12409;6.17;0.38;292.40;11.44;1049;61;4263.00;76
11287;59;626656664;11287;331;12334;12409;6.20;0.38;292.45;11.44;1047;61;4264.00;75
11292;59;626656676;11292;324;12335;12409;6.23;0.38;292.41;11.44;1043;61;4265.00;74
11296;59;626656689;11296;324;12337;12412;6.31;0.39;292.49;11.44;1041;61;4266.00;75
11300;59;626656701;11300;320;12337;12412;6.38;0.39;292.52;11.44;1037;61;4267.00;75
11305;59;626656713;11305;315;12338;12412;6.40;0.39;292.52;11.44;1033;61;4268.00;74
11310;59;626656725;11310;321;12339;12413;6.41;0.39;292.58;11.44;1029;61;4269.00;74
11316;59;626656737;11316;321;12341;12414;6.43;0.39;292.53;11.44;1025;61;4270.00;73
11321;59;626656750;11321;319;12342;12414;6.40;0.39;292.56;11.44;1021;61;4271.00;72
11324;59;626656762;11324;320;12353;12427;6.49;0.39;292.63;11.43;1029;61;4272.00;74
11328;59;626656776;11328;326;12355;12427;6.47;0.39;292.67;11.43;1027;61;4273.00;72
11331;59;626656788;11331;335;12355;12427;6.46;0.39;292.68;11.43;1024;61;4274.00;72
11337;59;626656800;11337;339;12358;12429;6.48;0.40;292.79;11.43;1021;61;4275.00;71
11341;59;626656813;11341;346;12358;12429;6.45;0.39;292.84;11.43;1017;61;4276.00;71
11345;59;626656825;11345;342;12363;12433;6.40;0.39;292.92;11.48;1018;61;4277.00;70
11349;59;626656838;11349;341;12365;12433;6.37;0.39;292.93;11.48;1016;61;4278.00;68
11352;59;626656851;11352;347;12369;12437;6.33;0.39;292.91;11.48;1017;61;4279.00;68
11356;59;626656863;11356;352;12369;12437;6.31;0.39;292.91;11.48;1013;61;4280.00;68
11359;59;626656876;11359;351;12369;12437;6.31;0.39;293.04;11.48;1010;61;4281.00;68
11362;59;626656888;11362;362;12369;12437;6.28;0.39;292.99;11.48;1007;61;4282.00;68
11364;59;626656900;11364;369;12369;12437;6.24;0.38;292.97;11.48;1005;61;4283.00;68
11365;59;626656913;11365;372;12380;12449;6.39;0.39;292.98;11.47;1015;61;4284.00;69
11369;59;626656926;11369;373;12380;12449;6.41;0.39;293.09;11.47;1011;61;4285.00;69
11372;59;626656938;11372;382;12380;12449;6.42;0.39;293.12;11.47;1008;61;4286.00;69
11373;59;626656951;11373;386;12380;12449;6.46;0.40;293.12;11.47;1007;61;4287.00;69
11376;59;626656962;11376;389;12380;12449;6.46;0.40;293.14;11.47;1004;61;4288.00;69
11379;59;626656975;11379;403;12380;12449;6.40;0.39;293.13;11.47;1001;61;4289.00;69
11382;59;626656989;11382;413;12380;12450;6.36;0.39;293.14;11.47;998;61;4290.00;70
11384;59;626657001;11384;421;12380;12450;6.29;0.39;293.15;11.47;996;61;4291.00;70
11389;59;626657013;11389;434;12384;12456;6.21;0.38;293.14;11.47;995;61;4292.00;72
11392;59;626657025;11392;434;12386;12457;6.15;0.38;293.11;11.46;994;61;4293.00;71
11398;59;626657037;11398;440;12386;12457;6.07;0.37;293.10;11.46;988;61;4294.00;71
11401;59;626657049;11401;447;12386;12457;6.01;0.37;293.06;11.46;985;61;4295.00;71
11402;59;626657061;11402;451;12389;12461;5.98;0.37;293.07;11.46;987;61;4296.00;72
11406;59;626657072;11406;439;12389;12461;5.97;0.37;293.04;11.46;983;61;4297.00;72
11411;59;626657084;11411;432;12389;12461;5.93;0.36;293.06;11.46;978;61;4298.00;72
11420;59;626657097;11420;427;12390;12462;5.93;0.36;293.09;11.46;970;61;4299.00;72
11423;59;626657110;11423;426;12393;12466;6.04;0.37;293.07;11.46;970;61;4300.00;73
11425;59;626657126;11425;425;12393;12466;6.05;0.37;293.05;11.46;968;61;4301.00;73
11431;59;626657138;11431;425;12395;12469;6.01;0.37;293.10;11.46;964;61;4302.00;74
11437;59;626657150;11437;425;12395;12469;5.95;0.36;293.07;11.46;958;61;4303.00;74
11438;59;626657162;11438;426;12396;12469;5.91;0.36;293.05;11.46;958;61;4304.00;73
11440;59;626657179;11440;422;12396;12469;5.90;0.36;293.03;11.46;956;61;4305.00;73
11441;59;626657197;11441;412;12399;12473;5.96;0.36;293.05;11.45;958;61;4306.00;74
11442;59;626657209;11442;397;12399;12473;6.02;0.37;293.04;11.45;957;61;4307.00;74
11444;59;626657221;11444;391;12400;12473;6.05;0.37;293.00;11.45;956;61;4308.00;73
11446;59;626657233;11446;381;12400;12473;6.08;0.37;292.97;11.45;954;61;4309.00;73
11446;59;626657255;11446;368;12400;12474;6.13;0.37;292.97;11.45;954;61;4310.00;74
11448;59;626657284;11448;356;12401;12475;6.19;0.38;292.95;11.45;953;61;4311.00;74
11450;59;626657304;11450;343;12401;12475;6.21;0.38;292.95;11.45;951;61;4312.00;74
11453;59;626657325;11453;342;12402;12476;6.25;0.38;292.96;11.45;949;61;4313.00;74
11454;59;626657343;11454;333;12402;12476;6.28;0.38;292.94;11.45;948;61;4314.00;74
11456;59;626657370;11456;336;12402;12476;6.27;0.38;292.92;11.45;946;61;4315.00;74
11458;59;626657385;11458;338;12402;12476;6.23;0.38;292.92;11.45;944;61;4316.00;74
11459;59;626657398;11459;336;12402;12476;6.19;0.38;292.92;11.45;943;61;4317.00;74
11460;59;626657411;11460;330;12402;12476;6.17;0.37;292.91;11.45;942;61;4318.00;74
11460;59;626657424;11460;327;12402;12476;6.14;0.37;292.91;11.45;942;61;4319.00;74
11460;59;626657439;11460;362;12515;12706;6.39;0.40;292.91;11.35;1055;61;4320.00;191
11461;59;626657471;11461;345;12518;12707;6.37;0.40;292.89;11.35;1057;61;4321.00;189
11462;59;626657485;11462;331;12528;12707;6.44;0.40;292.87;11.34;1066;61;4322.00;179
11465;59;626657497;11465;313;12535;12707;6.46;0.41;292.95;11.33;1070;61;4323.00;172
11467;59;626657511;11467;307;12542;12707;6.48;0.41;293.00;11.33;1075;61;4324.00;165
11471;59;626657524;11471;296;12547;12707;6.46;0.40;293.02;11.33;1076;61;4325.00;160
11471;59;626657537;11471;290;12552;12707;6.54;0.41;293.02;11.32;1081;61;4326.00;155
11472;59;626657550;11472;291;12555;12707;6.53;0.41;293.02;11.32;1083;61;4327.00;152
11474;60;626657564;11474;290;12560;12708;6.53;0.41;293.07;11.32;1086;62;4328.00;148
11475;60;626657591;11475;286;12563;12709;6.54;0.41;293.07;11.32;1088;62;4329.00;146
11475;60;626657605;11475;288;12565;12709;6.53;0.41;293.07;11.32;1090;62;4330.00;144
11477;61;626657625;11477;286;12569;12710;6.48;0.40;293.07;11.38;1092;63;4331.00;141
11477;61;626657653;11477;292;12572;12710;6.42;0.40;293.07;11.38;1095;63;4332.00;138
11479;62;626657666;11479;292;12573;12710;6.35;0.39;293.07;11.38;1094;64;4333.00;137
11481;62;626657693;11481;303;12575;12710;6.31;0.39;293.05;11.38;1094;64;4334.00;135
11483;62;626657707;11483;302;12579;12714;6.27;0.39;293.04;11.38;1096;64;4335.00;135
11485;62;626657728;11485;312;12581;12714;6.23;0.39;293.06;11.38;1096;64;4336.00;133
11486;62;626657749;11486;309;12582;12714;6.21;0.38;293.05;11.38;1096;64;4337.00;132
11487;62;626657763;11487;314;12585;12717;6.20;0.38;293.06;11.38;1098;64;4338.00;132
11489;62;626657784;11489;317;12586;12717;6.18;0.38;293.07;11.38;1097;64;4339.00;131
11489;62;626657799;11489;318;12588;12717;6.20;0.38;293.07;11.38;1099;64;4340.00;129
11489;62;626657813;11489;313;12592;12721;6.20;0.38;293.07;11.38;1103;64;4341.00;129
11493;62;626657832;11493;311;12594;12722;6.17;0.38;293.05;11.38;1101;64;4342.00;128
11494;62;626657853;11494;311;12595;12722;6.18;0.38;293.04;11.38;1101;64;4343.00;127
11497;62;626657867;11497;309;12598;12726;6.18;0.38;293.06;11.38;1101;64;4344.00;128
11500;62;626657881;11500;307;12599;12726;6.17;0.38;293.05;11.38;1099;64;4345.00;127
11502;62;626657894;11502;304;12600;12726;6.18;0.38;293.03;11.44;1098;64;4346.00;126
11506;62;626657908;11506;303;12600;12727;6.15;0.38;293.04;11.44;1094;64;4347.00;127
11509;62;626657921;11509;301;12603;12727;6.09;0.37;293.14;11.44;1094;64;4348.00;124
11511;62;626657935;11511;300;12606;12733;6.11;0.37;293.14;11.44;1095;64;4349.00;127
11515;62;626657950;11515;296;12608;12733;6.07;0.37;293.15;11.50;1093;64;4350.00;125
11517;62;626657963;11517;286;12610;12734;6.05;0.37;293.19;11.55;1093;64;4351.00;124
11519;62;626657978;11519;276;12610;12734;6.04;0.37;293.25;11.55;1091;64;4352.00;124
11521;62;626657991;11521;276;12613;12734;6.06;0.37;293.23;11.61;1092;64;4353.00;121
11527;62;626658005;11527;265;12616;12734;6.03;0.37;293.22;11.63;1089;64;4354.00;118
11530;62;626658020;11530;258;12618;12734;6.07;0.37;293.20;11.70;1088;64;4355.00;116
11535;62;626658033;11535;257;12628;12746;6.11;0.37;293.16;11.69;1093;64;4356.00;118
11541;62;626658048;11541;251;12629;12746;6.09;0.37;293.27;11.75;1088;64;4357.00;117
11541;62;626658061;11541;253;12630;12746;6.15;0.37;293.27;11.75;1089;64;4358.00;116
11545;62;626658075;11545;247;12630;12746;6.23;0.38;293.26;11.75;1085;64;4359.00;116
11547;62;626658088;11547;241;12631;12746;6.28;0.38;293.27;11.81;1084;64;4360.00;115
11548;62;626658103;11548;234;12631;12746;6.40;0.39;293.31;11.81;1083;64;4361.00;115
11551;62;626658116;11551;232;12635;12750;6.48;0.39;293.31;11.86;1084;64;4362.00;115
11554;62;626658130;11554;227;12635;12750;6.54;0.40;293.35;11.86;1081;64;4363.00;115
11556;62;626658144;11556;226;12638;12754;6.67;0.40;293.35;11.86;1082;64;4364.00;116
11558;62;626658159;11558;225;12640;12756;6.77;0.41;293.36;11.86;1082;64;4365.00;116
11560;62;626658173;11560;221;12642;12756;6.81;0.41;293.34;11.92;1082;64;4366.00;114
11563;62;626658187;11563;219;12643;12756;6.87;0.42;293.36;11.92;1080;64;4367.00;113
11564;62;626658201;11564;225;12652;12769;6.93;0.42;293.39;11.91;1088;64;4368.00;117
11566;62;626658215;11566;215;12652;12769;6.99;0.42;293.41;11.91;1086;64;4369.00;117
11568;62;626658230;11568;217;12653;12769;7.00;0.42;293.38;11.92;1085;64;4370.00;116
11572;62;626658247;11572;221;12654;12770;7.06;0.43;293.47;11.92;1082;64;4371.00;116
11575;62;626658268;11575;217;12654;12771;7.07;0.43;293.48;11.92;1079;64;4372.00;117
11579;62;626658283;11579;217;12655;12771;7.08;0.43;293.53;11.92;1076;64;4373.00;116
11580;62;626658297;11580;222;12657;12774;7.17;0.43;293.56;11.92;1077;64;4374.00;117
11580;62;626658312;11580;223;12659;12774;7.20;0.44;293.56;11.93;1079;64;4375.00;115
11584;62;626658325;11584;226;12661;12774;7.23;0.44;293.60;11.93;1077;64;4376.00;113
11584;62;626658339;11584;227;12661;12774;7.30;0.44;293.60;11.93;1077;64;4377.00;113
11589;62;626658353;11589;227;12666;12780;7.39;0.45;293.60;11.94;1077;64;4378.00;114
11589;62;626658369;11589;230;12667;12780;7.43;0.45;293.60;11.94;1078;64;4379.00;113
11591;62;626658385;11591;236;12670;12780;7.49;0.46;293.59;11.96;1079;64;4380.00;110
11592;62;626658400;11592;240;12671;12780;7.49;0.46;293.62;11.96;1079;64;4381.00;109
11594;62;626658414;11594;237;12675;12784;7.49;0.46;293.63;11.96;1081;64;4382.00;109
11597;62;626658434;11597;244;12677;12785;7.51;0.46;293.65;11.98;1080;64;4383.00;108
11602;62;626658448;11602;245;12679;12785;7.48;0.46;293.68;11.99;1077;64;4384.00;106
11604;62;626658462;11604;248;12680;12786;7.45;0.45;293.68;11.99;1076;64;4385.00;106
11607;62;626658477;11607;245;12682;12786;7.46;0.45;293.74;12.01;1075;64;4386.00;104
11609;62;626658491;11609;248;12682;12786;7.48;0.46;293.76;12.01;1073;64;4387.00;104
11613;62;626658505;11613;255;12686;12786;7.51;0.46;293.80;12.04;1073;64;4388.00;100
11620;62;626658519;11620;259;12688;12786;7.52;0.46;293.85;12.05;1068;64;4389.00;98
11623;62;626658534;11623;258;12690;12786;7.52;0.46;293.86;12.06;1067;64;4390.00;96
11626;62;626658549;11626;263;12692;12786;7.57;0.46;293.86;12.07;1066;64;4391.00;94
11628;62;626658563;11628;270;12730;12856;7.63;0.47;293.92;12.06;1102;64;4392.00;126
11633;62;626658582;11633;268;12733;12857;7.57;0.46;294.01;12.07;1100;64;4393.00;124
11634;62;626658597;11634;278;12741;12857;7.55;0.46;294.06;12.08;1107;64;4394.00;116
11637;62;626658610;11637;280;12744;12857;7.50;0.46;294.06;12.10;1107;64;4395.00;113
11642;62;626658623;11642;285;12749;12857;7.42;0.45;294.16;12.10;1107;64;4396.00;108
11644;62;626658637;11644;294;12752;12857;7.38;0.45;294.17;12.10;1108;64;4397.00;105
11646;62;626658650;11646;299;12756;12857;7.31;0.45;294.23;12.11;1110;64;4398.00;101
11647;62;626658664;11647;292;12761;12857;7.28;0.44;294.25;12.11;1114;64;4399.00;96
11651;62;626658678;11651;293;12765;12858;7.21;0.44;294.30;12.13;1114;64;4400.00;93
11654;62;626658696;11654;293;12768;12859;7.13;0.43;294.36;12.12;1114;64;4401.00;91
11656;62;626658710;11656;293;12773;12859;7.10;0.43;294.34;12.14;1117;64;4402.00;86
11660;62;626658724;11660;294;12775;12863;7.05;0.43;294.37;12.13;1115;64;4403.00;88
11664;62;626658738;11664;288;12776;12863;7.03;0.43;294.40;12.13;1112;64;4404.00;87
11665;62;626658752;11665;288;12777;12863;7.03;0.43;294.39;12.15;1112;64;4405.00;86
11669;62;626658766;11669;293;12777;12863;7.05;0.43;294.51;12.15;1108;64;4406.00;86
11669;62;626658780;11669;294;12784;12869;7.12;0.43;294.51;12.15;1115;64;4407.00;85
11670;62;626658794;11670;295;12784;12869;7.17;0.44;294.54;12.15;1114;64;4408.00;85
11672;62;626658808;11672;301;12785;12869;7.16;0.44;294.62;12.17;1113;64;4409.00;84
11673;62;626658823;11673;308;12789;12875;7.17;0.44;294.63;12.16;1116;64;4410.00;86
11675;62;626658839;11675;311;12791;12875;7.12;0.43;294.66;12.16;1116;64;4411.00;84
11678;62;626658853;11678;315;12794;12875;7.03;0.43;294.69;12.20;1116;64;4412.00;81
11683;62;626658866;11683;318;12794;12876;6.90;0.42;294.71;12.20;1111;64;4413.00;82
11690;62;626658880;11690;319;12796;12877;6.82;0.41;294.85;12.20;1106;64;4414.00;81
11693;62;626658894;11693;326;12796;12877;6.71;0.41;294.89;12.20;1103;64;4415.00;81
11695;62;626658907;11695;341;12810;12890;6.65;0.41;294.88;12.22;1115;64;4416.00;80
11700;62;626658921;11700;343;12810;12890;6.56;0.40;294.92;12.22;1110;64;4417.00;80
11705;62;626658935;11705;351;12811;12890;6.46;0.39;294.89;12.22;1106;64;4418.00;79
11707;62;626658948;11707;344;12813;12891;6.35;0.39;294.93;12.23;1106;64;4419.00;78
11712;62;626658960;11712;333;12813;12891;6.24;0.38;295.03;12.23;1101;64;4420.00;78
11715;62;626658974;11715;331;12817;12895;6.22;0.38;295.05;12.24;1102;64;4421.00;78
11719;62;626658987;11719;333;12817;12895;6.21;0.38;295.06;12.24;1098;64;4422.00;78
11724;62;626659000;11724;339;12822;12899;6.18;0.38;295.05;12.25;1098;64;4423.00;77
11727;62;626659013;11727;335;12824;12899;6.16;0.38;295.05;12.25;1097;64;4424.00;75
11730;62;626659026;11730;336;12824;12899;6.13;0.38;295.11;12.25;1094;64;4425.00;75
11733;62;626659039;11733;330;12826;12899;6.12;0.38;295.11;12.27;1093;64;4426.00;73
11736;62;626659051;11736;336;12826;12899;6.09;0.37;295.18;12.27;1090;64;4427.00;73
11742;62;626659064;11742;327;12836;12911;6.10;0.37;295.21;12.26;1094;64;4428.00;75
11750;62;626659083;11750;327;12839;12911;6.11;0.37;295.18;12.26;1089;64;4429.00;72
11752;62;626659097;11752;332;12840;12911;6.17;0.38;295.22;12.26;1088;64;4430.00;71
11758;62;626659109;11758;332;12840;12911;6.11;0.37;295.25;12.26;1082;64;4431.00;71
11760;62;626659122;11760;328;12840;12911;6.10;0.37;295.22;12.26;1080;64;4432.00;71
11763;62;626659134;11763;326;12840;12911;6.09;0.37;295.27;12.26;1077;64;4433.00;71
11765;62;626659147;11765;331;12840;12912;6.18;0.38;295.25;12.26;1075;64;4434.00;72
11771;62;626659160;11771;336;12840;12912;6.23;0.38;295.22;12.26;1069;64;4435.00;72
11775;62;626659173;11775;344;12845;12918;6.26;0.38;295.21;12.26;1070;64;4436.00;73
11777;62;626659186;11777;346;12846;12919;6.28;0.38;295.23;12.26;1069;64;4437.00;73
11781;62;626659198;11781;349;12846;12919;6.28;0.38;295.23;12.26;1065;64;4438.00;73
11783;62;626659210;11783;357;12846;12919;6.30;0.39;295.27;12.26;1063;64;4439.00;73
11787;62;626659226;11787;360;12850;12924;6.33;0.39;295.30;12.25;1063;64;4440.00;74
11790;62;626659240;11790;363;12850;12924;6.33;0.39;295.27;12.25;1060;64;4441.00;74
11794;62;626659257;11794;368;12850;12924;6.30;0.39;295.26;12.25;1056;64;4442.00;74
11802;62;626659276;11802;364;12851;12925;6.25;0.38;295.26;12.25;1049;64;4443.00;74
11805;62;626659297;11805;377;12854;12929;6.26;0.38;295.32;12.25;1049;64;4444.00;75
11810;62;626659319;11810;378;12854;12929;6.20;0.38;295.29;12.25;1044;64;4445.00;75
11813;62;626659339;11813;383;12856;12932;6.16;0.38;295.30;12.25;1043;64;4446.00;76
11817;62;626659359;11817;391;12857;12932;6.13;0.38;295.30;12.25;1040;64;4447.00;75
11819;62;626659375;11819;395;12857;12932;6.13;0.38;295.28;12.25;1038;64;4448.00;75
11824;62;626659389;11824;396;12857;12932;6.13;0.38;295.23;12.25;1033;64;4449.00;75
11830;62;626659403;11830;399;12860;12936;6.11;0.37;295.20;12.24;1030;64;4450.00;76
11832;62;626659417;11832;396;12860;12936;6.07;0.37;295.16;12.24;1028;64;4451.00;76
11837;62;626659431;11837;401;12861;12936;6.05;0.37;295.13;12.24;1024;64;4452.00;75
11839;62;626659444;11839;412;12861;12936;6.03;0.37;295.14;12.24;1022;64;4453.00;75
11841;62;626659458;11841;415;12861;12937;6.04;0.37;295.14;12.24;1020;64;4454.00;76
11843;62;626659472;11843;422;12863;12939;6.07;0.37;295.11;12.24;1020;64;4455.00;76
11848;62;626659493;11848;427;12863;12939;6.02;0.37;295.04;12.24;1015;64;4456.00;76
11854;62;626659507;11854;428;12864;12940;5.98;0.37;294.99;12.24;1010;64;4457.00;76
11859;62;626659520;11859;434;12864;12940;5.98;0.37;294.97;12.24;1005;64;4458.00;76
11864;62;626659533;11864;435;12864;12940;5.96;0.36;294.89;12.24;1000;64;4459.00;76
11865;62;626659546;11865;439;12864;12940;5.96;0.36;294.87;12.24;999;64;4460.00;76
11869;62;626659558;11869;450;12864;12940;5.91;0.36;294.80;12.24;995;64;4461.00;76
11874;62;626659570;11874;455;12864;12940;5.90;0.36;294.80;12.24;990;64;4462.00;76
11880;62;626659583;11880;462;12864;12940;5.80;0.35;294.78;12.24;984;64;4463.00;76
11881;62;626659596;11881;479;12931;13067;6.22;0.38;294.77;12.18;1050;64;4464.00;136
11882;62;626659618;11882;482;12936;13068;6.19;0.38;294.78;12.17;1054;64;4465.00;132
11885;62;626659631;11885;480;12945;13068;6.20;0.38;294.74;12.17;1060;64;4466.00;123
11886;62;626659644;11886;478;12948;13068;6.22;0.38;294.73;12.16;1062;64;4467.00;120
11889;62;626659657;11889;474;12952;13068;6.25;0.39;294.81;12.16;1063;64;4468.00;116
11891;62;626659671;11891;483;12955;13068;6.24;0.39;294.81;12.16;1064;64;4469.00;113
11893;62;626659692;11893;484;12959;13068;6.28;0.39;294.83;12.16;1066;64;4470.00;109
11894;62;626659706;11894;478;12961;13068;6.29;0.39;294.82;12.16;1067;64;4471.00;107
11895;62;626659720;11895;479;12965;13069;6.27;0.39;294.81;12.16;1070;64;4472.00;104
11895;62;626659741;11895;470;12969;13070;6.24;0.39;294.81;12.15;1074;64;4473.00;101
11897;62;626659754;11897;473;12973;13070;6.19;0.38;294.84;12.15;1076;64;4474.00;97
11898;62;626659768;11898;468;12975;13071;6.14;0.38;294.84;12.15;1077;64;4475.00;96
11898;62;626659782;11898;455;12976;13071;6.12;0.38;294.84;12.15;1078;65;4476.00;95
11902;62;626659807;11902;439;12977;13071;6.17;0.38;294.82;12.15;1075;65;4477.00;94
11905;62;626659822;11905;425;12979;13071;6.32;0.39;294.83;12.15;1074;65;4478.00;92
11910;62;626659839;11910;412;12982;13075;6.40;0.39;294.78;12.15;1072;65;4479.00;93
11910;62;626659855;11910;394;12983;13075;6.52;0.40;294.78;12.15;1073;65;4480.00;92
11913;62;626659870;11913;380;12984;13075;6.60;0.40;294.77;12.15;1071;65;4481.00;91
11914;62;626659899;11914;369;12987;13078;6.71;0.41;294.76;12.15;1073;65;4482.00;91
11914;62;626659915;11914;358;12988;13078;6.82;0.42;294.76;12.15;1074;65;4483.00;90
11915;62;626659930;11915;354;12989;13078;6.93;0.42;294.76;12.15;1074;65;4484.00;89
11916;62;626659952;11916;344;12992;13082;6.99;0.43;294.75;12.15;1076;65;4485.00;90
11917;62;626659968;11917;333;12994;13083;7.06;0.43;294.75;12.15;1077;65;4486.00;89
11918;62;626659984;11918;331;12994;13083;7.10;0.43;294.74;12.15;1076;65;4487.00;89
11921;62;626660000;11921;329;12998;13087;7.16;0.44;294.69;12.14;1077;65;4488.00;89
11923;62;626660019;11923;322;12998;13087;7.16;0.44;294.70;12.14;1075;65;4489.00;89
11924;62;626660034;11924;326;12998;13087;7.14;0.43;294.69;12.14;1074;65;4490.00;89
11926;62;626660055;11926;325;12999;13088;7.14;0.43;294.65;12.14;1073;65;4491.00;89
11926;62;626660077;11926;323;12999;13088;7.14;0.43;294.65;12.14;1073;65;4492.00;89
11927;62;626660092;11927;326;13003;13094;7.16;0.44;294.65;12.14;1076;65;4493.00;91
11928;62;626660107;11928;335;13003;13094;7.13;0.43;294.64;12.14;1075;65;4494.00;91
11929;62;626660121;11929;335;13004;13095;7.16;0.44;294.62;12.14;1075;65;4495.00;91
11933;62;626660136;11933;328;13004;13095;7.15;0.43;294.67;12.14;1071;65;4496.00;91
11935;62;626660150;11935;340;13004;13095;7.13;0.43;294.71;12.14;1069;65;4497.00;91
11937;62;626660165;11937;340;13004;13095;7.06;0.43;294.70;12.14;1067;65;4498.00;91
11943;62;626660179;11943;342;13004;13095;6.99;0.42;294.73;12.14;1061;65;4499.00;91
11943;62;626660197;11943;336;13025;13145;6.95;0.42;294.73;12.12;1082;65;4500.00;120
11946;62;626660220;11946;341;13025;13147;6.93;0.42;294.77;12.12;1079;65;4501.00;122
11949;62;626660235;11949;334;13027;13147;6.92;0.42;294.86;12.12;1078;65;4502.00;120
11951;62;626660252;11951;333;13028;13147;6.92;0.42;294.91;12.12;1077;65;4503.00;119
11953;62;626660267;11953;334;13030;13147;6.92;0.42;294.96;12.12;1077;65;4504.00;117
11959;62;626660281;11959;339;13031;13147;6.85;0.42;295.04;12.11;1072;65;4505.00;116
11960;62;626660295;11960;333;13035;13151;6.85;0.42;295.07;12.11;1075;65;4506.00;116
11962;62;626660310;11962;342;13037;13151;6.81;0.42;295.08;12.11;1075;65;4507.00;114
11963;62;626660322;11963;340;13041;13155;6.77;0.41;295.10;12.11;1078;65;4508.00;114
11964;62;626660336;11964;340;13042;13156;6.72;0.41;295.15;12.11;1078;65;4509.00;114
11964;62;626660349;11964;340;13044;13156;6.69;0.41;295.15;12.11;1080;65;4510.00;112
11970;62;626660361;11970;331;13044;13156;6.59;0.40;295.19;12.11;1074;65;4511.00;112
11975;62;626660375;11975;321;13051;13169;6.53;0.40;295.26;12.10;1076;65;4512.00;118
11977;62;626660391;11977;325;13052;13169;6.53;0.40;295.24;12.10;1075;65;4513.00;117
11980;62;626660405;11980;323;13052;13169;6.56;0.40;295.28;12.10;1072;65;4514.00;117
11982;62;626660420;11982;328;13053;13170;6.61;0.40;295.35;12.10;1071;65;4515.00;117
11984;62;626660433;11984;325;13054;13171;6.61;0.40;295.37;12.10;1070;65;4516.00;117
11987;62;626660447;11987;322;13054;13171;6.62;0.40;295.38;12.10;1067;65;4517.00;117
11990;62;626660460;11990;319;13057;13174;6.66;0.41;295.42;12.10;1067;65;4518.00;117
11994;62;626660475;11994;314;13057;13174;6.65;0.40;295.43;12.10;1063;65;4519.00;117
11999;62;626660488;11999;308;13057;13174;6.60;0.40;295.53;12.10;1058;65;4520.00;117
12001;62;626660501;12001;307;13058;13174;6.59;0.40;295.58;12.10;1057;65;4521.00;116
12004;62;626660513;12004;294;13061;13180;6.59;0.40;295.60;12.10;1057;65;4522.00;119
12009;62;626660526;12009;283;13062;13180;6.56;0.40;295.61;12.10;1053;65;4523.00;118
12013;62;626660540;12013;276;13062;13180;6.56;0.40;295.66;12.10;1049;65;4524.00;118
12014;62;626660552;12014;269;13064;13180;6.56;0.40;295.66;12.13;1050;65;4525.00;116
12017;62;626660566;12017;264;13067;13184;6.57;0.40;295.68;12.12;1050;65;4526.00;117
12019;62;626660579;12019;257;13068;13185;6.58;0.40;295.67;12.12;1049;65;4527.00;117
12024;62;626660592;12024;258;13070;13185;6.56;0.40;295.65;12.13;1046;65;4528.00;115
12030;62;626660605;12030;255;13071;13186;6.54;0.40;295.65;12.13;1041;65;4529.00;115
12032;62;626660620;12032;253;13071;13186;6.59;0.40;295.63;12.13;1039;65;4530.00;115
12036;62;626660632;12036;252;13071;13186;6.61;0.40;295.70;12.13;1035;65;4531.00;115
12041;62;626660645;12041;240;13071;13186;6.65;0.40;295.65;12.13;1030;65;4532.00;115
12044;62;626660658;12044;240;13072;13186;6.73;0.41;295.69;12.13;1028;65;4533.00;114
12047;62;626660671;12047;238;13074;13186;6.82;0.41;295.72;12.19;1027;65;4534.00;112
12048;62;626660684;12048;238;13074;13186;6.90;0.42;295.74;12.19;1026;65;4535.00;112
12052;62;626660696;12052;240;13110;13256;7.04;0.43;295.77;12.16;1058;65;4536.00;146
12054;62;626660715;12054;235;13111;13257;7.13;0.43;295.89;12.16;1057;65;4537.00;146
12058;62;626660728;12058;235;13117;13257;7.18;0.44;295.86;12.22;1059;65;4538.00;140
12063;62;626660742;12063;230;13121;13257;7.21;0.44;295.93;12.22;1058;65;4539.00;136
12065;62;626660756;12065;226;13125;13257;7.27;0.44;295.91;12.22;1060;65;4540.00;132
12071;62;626660769;12071;231;13128;13257;7.26;0.44;296.00;12.22;1057;65;4541.00;129
12074;62;626660783;12074;225;13134;13257;7.35;0.45;296.04;12.28;1060;65;4542.00;123
12075;62;626660796;12075;228;13135;13257;7.41;0.45;296.05;12.29;1060;65;4543.00;122
12078;62;626660810;12078;225;13139;13258;7.47;0.45;296.10;12.28;1061;65;4544.00;119
12079;62;626660824;12079;228;13143;13260;7.52;0.46;296.13;12.28;1064;65;4545.00;117
12082;62;626660838;12082;228;13145;13260;7.53;0.46;296.13;12.28;1063;65;4546.00;115
12085;62;626660851;12085;230;13153;13264;7.52;0.46;296.15;12.28;1068;65;4547.00;111
12088;62;626660866;12088;233;13153;13264;7.54;0.46;296.22;12.28;1065;65;4548.00;111
12093;62;626660879;12093;231;13155;13264;7.48;0.45;296.22;12.29;1062;65;4549.00;109
12095;62;626660894;12095;231;13156;13264;7.46;0.45;296.26;12.29;1061;65;4550.00;108
12099;62;626660907;12099;235;13161;13270;7.45;0.45;296.33;12.30;1062;65;4551.00;109
12103;62;626660923;12103;243;13163;13270;7.44;0.45;296.33;12.31;1060;65;4552.00;107
12106;62;626660937;12106;241;13164;13270;7.45;0.45;296.38;12.33;1058;65;4553.00;106
12108;62;626660951;12108;242;13167;13273;7.48;0.45;296.37;12.32;1059;65;4554.00;106
12111;62;626660972;12111;246;13168;13273;7.46;0.45;296.44;12.32;1057;65;4555.00;105
12114;62;626660987;12114;246;13171;13273;7.45;0.45;296.50;12.34;1057;65;4556.00;102
12117;62;626661001;12117;249;13174;13274;7.39;0.45;296.50;12.37;1057;65;4557.00;100
12118;62;626661015;12118;246;13177;13275;7.45;0.45;296.53;12.37;1059;65;4558.00;98
12120;62;626661028;12120;245;13179;13275;7.46;0.45;296.55;12.38;1059;65;4559.00;96
12123;62;626661044;12123;250;13195;13301;7.49;0.45;296.55;12.37;1072;65;4560.00;106
12125;62;626661059;12125;254;13198;13301;7.47;0.45;296.58;12.39;1073;65;4561.00;103
12128;62;626661073;12128;257;13201;13301;7.43;0.45;296.59;12.40;1073;65;4562.00;100
12131;62;626661086;12131;258;13204;13302;7.47;0.45;296.59;12.40;1073;65;4563.00;98
12133;62;626661100;12133;267;13205;13302;7.52;0.46;296.61;12.40;1072;65;4564.00;97
12135;62;626661114;12135;268;13210;13306;7.54;0.46;296.62;12.42;1075;65;4565.00;96
12136;62;626661127;12136;263;13211;13306;7.46;0.45;296.62;12.42;1075;65;4566.00;95
12140;62;626661141;12140;272;13216;13310;7.36;0.45;296.65;12.43;1076;65;4567.00;94
12142;62;626661154;12142;282;13218;13310;7.28;0.44;296.68;12.45;1076;65;4568.00;92
12145;62;626661167;12145;277;13218;13310;7.20;0.44;296.67;12.45;1073;65;4569.00;92
12149;62;626661180;12149;280;13219;13310;7.14;0.44;296.67;12.46;1070;65;4570.00;91
12152;62;626661193;12152;275;13221;13310;7.14;0.44;296.70;12.46;1069;65;4571.00;89
12155;62;626661209;12155;273;13230;13322;7.18;0.44;296.77;12.45;1075;65;4572.00;92
12160;62;626661222;12160;268;13231;13322;7.09;0.43;296.81;12.47;1071;65;4573.00;91
12163;62;626661242;12163;275;13234;13322;7.06;0.43;296.86;12.46;1071;65;4574.00;88
12164;62;626661258;12164;278;13234;13322;7.07;0.43;296.86;12.46;1070;65;4575.00;88
12168;62;626661277;12168;283;13236;13322;7.00;0.43;296.89;12.48;1068;65;4576.00;86
12169;62;626661300;12169;285;13236;13322;7.00;0.43;296.91;12.48;1067;65;4577.00;86
12170;62;626661322;12170;289;13237;13323;7.02;0.43;296.94;12.49;1067;65;4578.00;86
12172;62;626661342;12172;292;13237;13323;6.99;0.43;296.98;12.49;1065;65;4579.00;86
12177;62;626661363;12177;303;13242;13329;6.94;0.42;297.06;12.49;1065;65;4580.00;87
12179;62;626661381;12179;310;13244;13330;6.83;0.42;297.07;12.50;1065;65;4581.00;86
12183;62;626661395;12183;322;13246;13330;6.71;0.41;297.18;12.51;1063;65;4582.00;84
12185;62;626661409;12185;331;13246;13330;6.59;0.40;297.20;12.51;1061;65;4583.00;84
12190;62;626661421;12190;335;13250;13334;6.51;0.40;297.20;12.52;1060;65;4584.00;84
12192;62;626661435;12192;346;13251;13334;6.37;0.39;297.23;12.53;1059;65;4585.00;83
12197;62;626661448;12197;354;13252;13334;6.15;0.38;297.23;12.54;1055;65;4586.00;82
12200;62;626661461;12200;362;13254;13335;5.99;0.37;297.26;12.55;1054;65;4587.00;81
12203;62;626661475;12203;376;13257;13339;5.82;0.36;297.25;12.54;1054;65;4588.00;82
12208;62;626661486;12208;385;13258;13339;5.64;0.35;297.32;12.55;1050;65;4589.00;81
12210;62;626661501;12210;382;13263;13345;5.52;0.34;297.32;12.57;1053;65;4590.00;82
12215;62;626661513;12215;386;13264;13345;5.42;0.33;297.29;12.58;1049;65;4591.00;81
12218;62;626661525;12218;380;13265;13345;5.39;0.33;297.32;12.58;1047;65;4592.00;80
12222;62;626661537;12222;384;13265;13345;5.36;0.33;297.38;12.58;1043;65;4593.00;80
12227;62;626661548;12227;381;13269;13349;5.38;0.33;297.49;12.58;1042;65;4594.00;80
12232;62;626661560;12232;377;13271;13349;5.39;0.33;297.47;12.60;1039;65;4595.00;78
12236;62;626661572;12236;383;13273;13349;5.43;0.33;297.44;12.61;1037;65;4596.00;76
12239;62;626661584;12239;377;13273;13349;5.44;0.33;297.44;12.61;1034;65;4597.00;76
12242;62;626661603;12242;378;13274;13350;5.46;0.33;297.47;12.61;1032;65;4598.00;76
12243;62;626661615;12243;376;13275;13351;5.51;0.34;297.49;12.61;1032;65;4599.00;76
12245;62;626661627;12245;379;13276;13351;5.52;0.34;297.48;12.61;1031;65;4600.00;75
12247;62;626661644;12247;382;13277;13352;5.56;0.34;297.47;12.61;1030;65;4601.00;75
12251;62;626661656;12251;388;13277;13352;5.55;0.34;297.47;12.61;1026;65;4602.00;75
12258;62;626661668;12258;390;13277;13352;5.44;0.33;297.41;12.61;1019;65;4603.00;75
12261;62;626661680;12261;389;13277;13352;5.39;0.33;297.36;12.61;1016;65;4604.00;75
12263;62;626661701;12263;391;13277;13352;5.37;0.33;297.36;12.61;1014;65;4605.00;75
12266;62;626661714;12266;394;13277;13352;5.37;0.33;297.32;12.61;1011;65;4606.00;75
12272;62;626661727;12272;384;13277;13352;5.31;0.32;297.30;12.61;1005;65;4607.00;75
12278;62;626661739;12278;397;13345;13479;5.75;0.36;297.27;12.54;1067;65;4608.00;134
12280;62;626661765;12280;398;13348;13480;5.72;0.35;297.24;12.54;1068;65;4609.00;132
12283;62;626661779;12283;405;13358;13480;5.80;0.36;297.25;12.53;1075;65;4610.00;122
12284;62;626661793;12284;408;13361;13480;5.81;0.36;297.25;12.53;1077;65;4611.00;119
12287;62;626661806;12287;400;13368;13480;5.85;0.36;297.23;12.52;1081;65;4612.00;112
12290;62;626661821;12290;403;13373;13480;5.88;0.36;297.19;12.52;1083;65;4613.00;107
12291;62;626661842;12291;402;13378;13480;5.91;0.37;297.20;12.52;1087;65;4614.00;102
12296;62;626661854;12296;402;13381;13480;5.89;0.36;297.18;12.52;1085;65;4615.00;99
12297;62;626661868;12297;404;13385;13481;5.89;0.37;297.16;12.52;1088;65;4616.00;96
12300;62;626661881;12300;404;13385;13482;5.85;0.36;297.22;12.52;1085;65;4617.00;97
12304;62;626661895;12304;420;13387;13482;5.88;0.36;297.19;12.52;1083;65;4618.00;95
12308;62;626661909;12308;427;13388;13483;5.85;0.36;297.19;12.52;1080;65;4619.00;95
12310;62;626661924;12310;435;13389;13483;5.85;0.36;297.18;12.52;1079;65;4620.00;94
12311;62;626661938;12311;435;13390;13483;5.86;0.36;297.16;12.52;1079;65;4621.00;93
12312;62;626661950;12312;441;13392;13483;5.91;0.37;297.17;12.52;1080;65;4622.00;91
12316;62;626661963;12316;449;13396;13487;5.87;0.37;297.21;12.58;1080;65;4623.00;91
12318;62;626661979;12318;455;13398;13487;5.82;0.36;297.20;12.58;1080;65;4624.00;89
12322;62;626661992;12322;464;13399;13487;5.76;0.36;297.21;12.58;1077;65;4625.00;88
12325;62;626662005;12325;467;13402;13490;5.73;0.36;297.22;12.58;1077;65;4626.00;88
12328;62;626662019;12328;462;13403;13490;5.66;0.35;297.19;12.57;1075;65;4627.00;87
12330;62;626662032;12330;458;13404;13490;5.64;0.35;297.18;12.57;1074;65;4628.00;86
12334;62;626662045;12334;453;13407;13494;5.64;0.35;297.20;12.57;1073;65;4629.00;87
12338;62;626662066;12338;448;13409;13495;5.69;0.35;297.18;12.57;1071;65;4630.00;86
12341;62;626662080;12341;455;13409;13495;5.74;0.35;297.15;12.57;1068;65;4631.00;86
12341;62;626662095;12341;455;13412;13499;5.81;0.36;297.15;12.57;1071;65;4632.00;87
12346;62;626662109;12346;455;13412;13499;5.81;0.36;297.08;12.57;1066;65;4633.00;87
12350;62;626662123;12350;457;13412;13499;5.83;0.36;297.03;12.57;1062;65;4634.00;87
12351;62;626662136;12351;458;13414;13501;5.92;0.36;297.09;12.57;1063;65;4635.00;87
12352;63;626662150;12352;446;13414;13501;5.97;0.36;297.08;12.57;1062;66;4636.00;87
12354;63;626662176;12354;431;13418;13507;6.01;0.37;297.07;12.56;1064;66;4637.00;89
12356;63;626662192;12356;420;13418;13507;6.04;0.37;297.04;12.56;1062;66;4638.00;89
12358;63;626662218;12358;410;13419;13508;6.07;0.37;296.99;12.56;1061;66;4639.00;89
12359;63;626662238;12359;397;13419;13508;6.20;0.38;296.98;12.56;1060;66;4640.00;89
12360;63;626662255;12360;393;13419;13508;6.31;0.39;296.98;12.56;1059;66;4641.00;89
12363;63;626662272;12363;389;13420;13508;6.43;0.39;297.02;12.62;1057;66;4642.00;88
12367;63;626662293;12367;386;13420;13508;6.52;0.40;297.01;12.62;1053;66;4643.00;88
12369;63;626662308;12369;383;13430;13520;6.64;0.40;296.98;12.62;1061;66;4644.00;90
12370;63;626662323;12370;386;13430;13520;6.65;0.40;296.96;12.62;1060;66;4645.00;90
12373;63;626662337;12373;372;13431;13520;6.68;0.40;296.96;12.61;1058;66;4646.00;89
12375;63;626662357;12375;355;13431;13520;6.73;0.41;296.94;12.61;1056;66;4647.00;89
12377;63;626662371;12377;337;13431;13520;6.80;0.41;296.96;12.61;1054;66;4648.00;89
12380;63;626662386;12380;336;13431;13520;6.85;0.41;297.00;12.61;1051;66;4649.00;89
12382;63;626662402;12382;336;13436;13526;6.94;0.42;297.00;12.61;1054;66;4650.00;90
12383;63;626662417;12383;326;13436;13526;7.01;0.43;297.02;12.61;1053;66;4651.00;90
12386;63;626662431;12386;315;13439;13530;7.06;0.43;297.03;12.61;1053;66;4652.00;91
12389;63;626662446;12389;314;13441;13531;7.09;0.43;297.09;12.61;1052;66;4653.00;90
12390;63;626662461;12390;318;13441;13531;7.11;0.43;297.10;12.61;1051;66;4654.00;90
12392;63;626662482;12392;324;13441;13531;7.08;0.43;297.16;12.61;1049;66;4655.00;90
12393;63;626662496;12393;334;13452;13544;7.12;0.43;297.15;12.60;1059;66;4656.00;92
12395;63;626662510;12395;327;13452;13544;7.12;0.43;297.17;12.60;1057;66;4657.00;92
12399;63;626662524;12399;322;13452;13544;7.08;0.43;297.17;12.60;1053;66;4658.00;92
12400;63;626662544;12400;323;13453;13545;7.13;0.43;297.16;12.59;1053;66;4659.00;92
12403;63;626662557;12403;327;13453;13546;7.11;0.43;297.24;12.59;1050;66;4660.00;93
12410;63;626662572;12410;325;13453;13546;7.06;0.43;297.25;12.59;1043;66;4661.00;93
12411;63;626662585;12411;322;13455;13549;7.05;0.43;297.24;12.59;1044;66;4662.00;94
12414;63;626662599;12414;317;13456;13549;7.03;0.43;297.27;12.59;1042;66;4663.00;93
12416;63;626662613;12416;319;13456;13549;7.00;0.43;297.31;12.59;1040;66;4664.00;93
12419;63;626662626;12419;317;13456;13549;6.99;0.42;297.35;12.59;1037;66;4665.00;93
12422;63;626662640;12422;318;13460;13555;7.02;0.43;297.36;12.59;1038;66;4666.00;95
12423;63;626662654;12423;327;13460;13555;7.06;0.43;297.35;12.59;1037;66;4667.00;95
12425;63;626662667;12425;325;13461;13555;7.08;0.43;297.40;12.59;1036;66;4668.00;94
12429;63;626662680;12429;327;13461;13555;7.05;0.43;297.41;12.59;1032;66;4669.00;94
12432;63;626662694;12432;329;13464;13559;6.97;0.42;297.42;12.58;1032;66;4670.00;95
12435;63;626662708;12435;329;13465;13560;6.97;0.42;297.47;12.58;1030;66;4671.00;95
12437;63;626662721;12437;336;13465;13560;6.95;0.42;297.46;12.58;1028;66;4672.00;95
12441;63;626662733;12441;328;13466;13561;6.92;0.42;297.50;12.58;1025;66;4673.00;95
12442;63;626662746;12442;328;13466;13561;6.91;0.42;297.54;12.58;1024;66;4674.00;95
12447;63;626662759;12447;334;13466;13561;6.82;0.41;297.60;12.58;1019;66;4675.00;95
12449;63;626662772;12449;334;13466;13561;6.81;0.41;297.63;12.58;1017;66;4676.00;95
12453;63;626662785;12453;331;13466;13561;6.75;0.41;297.71;12.58;1013;66;4677.00;95
12455;63;626662798;12455;336;13466;13561;6.70;0.41;297.71;12.58;1011;66;4678.00;95
12457;63;626662810;12457;340;13466;13561;6.71;0.41;297.80;12.58;1009;66;4679.00;95
12458;63;626662824;12458;360;13528;13686;6.70;0.41;297.83;12.53;1070;66;4680.00;158
12460;63;626662846;12460;341;13528;13687;6.73;0.41;297.86;12.53;1068;66;4681.00;159
12464;63;626662859;12464;333;13536;13687;6.77;0.42;297.91;12.52;1072;66;4682.00;151
12470;63;626662872;12470;323;13541;13687;6.84;0.42;297.93;12.58;1071;66;4683.00;146
12470;63;626662892;12470;309;13545;13687;6.89;0.42;297.93;12.58;1075;66;4684.00;142
12472;63;626662905;12472;311;13549;13687;6.93;0.42;297.96;12.57;1077;66;4685.00;138
12473;63;626662918;12473;310;13554;13687;6.95;0.42;298.00;12.57;1081;66;4686.00;133
12476;63;626662932;12476;313;13556;13687;6.93;0.42;298.07;12.57;1080;66;4687.00;131
12481;63;626662945;12481;312;13561;13688;6.97;0.43;298.16;12.57;1080;66;4688.00;127
12484;63;626662959;12484;312;13563;13689;6.98;0.43;298.15;12.57;1079;66;4689.00;126
12486;63;626662972;12486;313;13565;13689;6.97;0.43;298.22;12.57;1079;66;4690.00;124
12488;63;626662985;12488;304;13569;13693;6.94;0.42;298.23;12.56;1081;66;4691.00;124
12493;63;626662999;12493;303;13570;13693;6.90;0.42;298.26;12.56;1077;66;4692.00;123
12498;63;626663014;12498;295;13570;13693;6.82;0.42;298.30;12.56;1072;66;4693.00;123
12501;63;626663031;12501;295;13571;13693;6.76;0.41;298.30;12.57;1070;66;4694.00;122
12505;63;626663046;12505;291;13574;13699;6.76;0.41;298.34;12.58;1069;66;4695.00;125
12508;63;626663063;12508;282;13575;13699;6.74;0.41;298.37;12.58;1067;66;4696.00;124
12509;63;626663078;12509;278;13576;13699;6.75;0.41;298.41;12.58;1067;66;4697.00;123
12514;63;626663092;12514;269;13578;13702;6.78;0.41;298.44;12.58;1064;66;4698.00;124
12518;63;626663105;12518;268;13579;13702;6.79;0.41;298.43;12.58;1061;66;4699.00;123
12521;63;626663119;12521;265;13581;13702;6.85;0.42;298.46;12.64;1060;66;4700.00;121
12522;63;626663135;12522;254;13581;13703;6.88;0.42;298.46;12.64;1059;66;4701.00;122
12526;63;626663149;12526;252;13582;13704;6.86;0.42;298.52;12.64;1056;66;4702.00;122
12529;63;626663162;12529;253;13582;13704;6.85;0.42;298.58;12.64;1053;66;4703.00;122
12531;63;626663176;12531;250;13592;13717;6.91;0.42;298.58;12.69;1061;66;4704.00;125
12532;63;626663190;12532;250;13592;13717;6.97;0.42;298.61;12.69;1060;66;4705.00;125
12538;63;626663205;12538;247;13592;13717;6.97;0.42;298.73;12.69;1054;66;4706.00;125
12539;63;626663220;12539;243;13594;13718;6.98;0.42;298.72;12.69;1055;66;4707.00;124
12541;63;626663233;12541;246;13595;13718;7.01;0.43;298.74;12.75;1054;66;4708.00;123
12547;63;626663247;12547;248;13601;13722;7.02;0.43;298.68;12.75;1054;66;4709.00;121
12551;63;626663268;12551;246;13601;13722;7.04;0.43;298.73;12.75;1050;66;4710.00;121
12553;63;626663289;12553;250;13606;13726;7.07;0.43;298.73;12.75;1053;66;4711.00;120
12557;63;626663310;12557;252;13606;13726;7.11;0.43;298.73;12.75;1049;66;4712.00;120
12559;63;626663333;12559;257;13606;13726;7.21;0.44;298.81;12.75;1047;66;4713.00;120
12561;63;626663356;12561;256;13606;13726;7.25;0.44;298.84;12.75;1045;66;4714.00;120
12565;63;626663379;12565;255;13608;13726;7.28;0.44;298.89;12.81;1043;66;4715.00;118
12569;63;626663396;12569;252;13619;13738;7.39;0.45;298.95;12.81;1050;66;4716.00;119
12571;63;626663413;12571;259;13620;13738;7.40;0.45;299.05;12.81;1049;66;4717.00;118
12572;63;626663428;12572;264;13621;13738;7.41;0.45;299.10;12.81;1049;66;4718.00;117
12576;63;626663443;12576;267;13623;13738;7.37;0.45;299.15;12.82;1047;66;4719.00;115
12578;63;626663458;12578;275;13624;13738;7.30;0.45;299.22;12.84;1046;66;4720.00;114
12579;63;626663474;12579;275;13625;13738;7.25;0.44;299.26;12.84;1046;66;4721.00;113
12580;63;626663488;12580;281;13626;13739;7.22;0.44;299.29;12.84;1046;66;4722.00;113
12583;63;626663503;12583;289;13627;13739;7.20;0.44;299.30;12.86;1044;66;4723.00;112
12586;63;626663517;12586;299;13631;13745;7.25;0.44;299.37;12.85;1045;66;4724.00;114
12589;63;626663531;12589;308;13635;13747;7.30;0.45;299.38;12.86;1046;66;4725.00;112
12590;63;626663545;12590;312;13636;13747;7.35;0.45;299.38;12.87;1046;66;4726.00;111
12595;63;626663559;12595;320;13637;13747;7.38;0.45;299.39;12.88;1042;66;4727.00;110
12597;63;626663573;12597;325;13641;13751;7.45;0.45;299.38;12.89;1044;66;4728.00;110
12599;63;626663587;12599;325;13642;13751;7.46;0.46;299.44;12.89;1043;66;4729.00;109
12601;63;626663601;12601;326;13643;13751;7.47;0.46;299.44;12.91;1042;66;4730.00;108
12605;63;626663615;12605;329;13646;13752;7.40;0.45;299.45;12.92;1041;66;4731.00;106
12610;63;626663629;12610;331;13649;13756;7.31;0.45;299.49;12.92;1039;66;4732.00;107
12614;63;626663643;12614;328;13649;13756;7.26;0.44;299.50;12.92;1035;66;4733.00;107
12618;63;626663657;12618;329;13653;13759;7.20;0.44;299.51;12.94;1035;66;4734.00;106
12620;63;626663671;12620;330;13653;13759;7.17;0.44;299.57;12.94;1033;66;4735.00;106
12622;63;626663684;12622;336;13656;13759;7.13;0.43;299.57;12.95;1034;66;4736.00;103
12623;63;626663698;12623;340;13656;13759;7.10;0.43;299.56;12.95;1033;66;4737.00;103
12625;63;626663710;12625;343;13661;13763;7.12;0.43;299.58;12.97;1036;66;4738.00;102
12627;63;626663724;12627;346;13662;13763;7.13;0.43;299.59;12.96;1035;66;4739.00;101
12631;63;626663738;12631;343;13663;13763;7.07;0.43;299.74;12.98;1032;66;4740.00;100
12634;63;626663752;12634;350;13664;13763;7.03;0.43;299.80;12.98;1030;66;4741.00;99
12635;63;626663771;12635;341;13665;13764;7.00;0.43;299.86;12.99;1030;66;4742.00;99
12637;63;626663784;12637;345;13666;13765;6.93;0.42;299.93;12.99;1029;66;4743.00;99
12640;63;626663797;12640;346;13667;13765;6.82;0.42;299.97;13.00;1027;66;4744.00;98
12643;63;626663811;12643;343;13669;13766;6.76;0.41;299.95;13.01;1026;66;4745.00;97
12644;63;626663823;12644;349;13670;13766;6.71;0.41;299.96;13.01;1026;66;4746.00;96
12647;63;626663836;12647;352;13672;13766;6.67;0.41;299.97;13.03;1025;66;4747.00;94
12649;63;626663849;12649;358;13672;13766;6.63;0.41;299.98;13.03;1023;66;4748.00;94
12651;63;626663862;12651;361;13672;13766;6.60;0.40;299.96;13.03;1021;66;4749.00;94
12652;63;626663874;12652;365;13673;13766;6.58;0.40;299.95;13.05;1021;66;4750.00;93
12654;63;626663887;12654;361;13676;13766;6.52;0.40;299.97;13.08;1022;66;4751.00;90
12657;63;626663898;12657;382;13740;13893;6.67;0.41;300.03;13.02;1083;66;4752.00;153
12662;63;626663922;12662;387;13742;13894;6.57;0.41;299.99;13.03;1080;66;4753.00;152
12664;63;626663935;12664;380;13750;13894;6.57;0.41;299.99;13.02;1086;66;4754.00;144
12669;63;626663947;12669;379;13758;13894;6.52;0.40;299.97;13.02;1089;66;4755.00;136
12672;63;626663961;12672;374;13766;13894;6.49;0.40;299.98;13.02;1094;66;4756.00;128
12675;63;626663975;12675;386;13773;13894;6.41;0.40;299.98;13.02;1098;66;4757.00;121
12680;63;626663987;12680;390;13779;13894;6.31;0.39;299.94;13.01;1099;66;4758.00;115
12682;63;626664001;12682;390;13783;13894;6.20;0.38;299.93;13.02;1101;66;4759.00;111
12686;63;626664020;12686;377;13785;13895;6.08;0.38;299.89;13.02;1099;66;4760.00;110
12689;63;626664032;12689;375;13789;13896;6.02;0.37;299.87;13.02;1100;66;4761.00;107
12690;63;626664045;12690;379;13793;13896;5.96;0.37;299.88;13.04;1103;66;4762.00;103
12695;63;626664056;12695;387;13795;13897;5.88;0.37;299.85;13.05;1100;66;4763.00;102
12698;63;626664069;12698;389;13797;13897;5.80;0.36;299.81;13.06;1099;66;4764.00;100
12701;63;626664082;12701;392;13798;13897;5.72;0.35;299.79;13.06;1097;66;4765.00;99
12705;63;626664095;12705;404;13800;13897;5.65;0.35;299.77;13.06;1095;66;4766.00;97
12707;63;626664107;12707;401;13805;13901;5.62;0.35;299.75;13.08;1098;66;4767.00;96
12713;63;626664120;12713;412;13806;13901;5.58;0.34;299.66;13.08;1093;66;4768.00;95
12717;63;626664133;12717;417;13808;13901;5.58;0.34;299.73;13.08;1091;66;4769.00;93
12718;63;626664153;12718;410;13811;13907;5.60;0.35;299.77;13.08;1093;66;4770.00;96
12722;63;626664167;12722;418;13813;13907;5.60;0.34;299.80;13.13;1091;66;4771.00;94
12724;63;626664180;12724;422;13815;13907;5.64;0.35;299.80;13.13;1091;66;4772.00;92
12727;63;626664193;12727;431;13818;13911;5.65;0.35;299.79;13.13;1091;66;4773.00;93
12733;63;626664205;12733;428;13820;13912;5.64;0.35;299.74;13.13;1087;66;4774.00;92
12734;63;626664219;12734;430;13820;13912;5.63;0.35;299.75;13.13;1086;66;4775.00;92
12736;63;626664231;12736;436;13824;13916;5.59;0.35;299.74;13.12;1088;66;4776.00;92
12740;63;626664244;12740;445;13824;13916;5.55;0.34;299.73;13.12;1084;66;4777.00;92
12743;63;626664257;12743;442;13825;13916;5.53;0.34;299.74;13.12;1082;66;4778.00;91
12746;63;626664271;12746;430;13826;13917;5.59;0.34;299.72;13.12;1080;66;4779.00;91
12749;63;626664285;12749;418;13827;13917;5.65;0.35;299.73;13.12;1078;66;4780.00;90
12753;63;626664298;12753;411;13830;13923;5.70;0.35;299.73;13.12;1077;66;4781.00;93
12757;63;626664312;12757;402;13831;13923;5.76;0.35;299.67;13.12;1074;66;4782.00;92
12759;63;626664325;12759;403;13831;13924;5.79;0.36;299.65;13.12;1072;66;4783.00;93
12763;63;626664337;12763;402;13832;13924;5.88;0.36;299.64;13.12;1069;66;4784.00;92
12767;63;626664351;12767;400;13832;13924;5.92;0.36;299.65;13.12;1065;66;4785.00;92
12768;63;626664370;12768;399;13832;13924;6.01;0.37;299.65;13.12;1064;66;4786.00;92
12773;63;626664388;12773;392;13832;13924;6.04;0.37;299.67;13.12;1059;66;4787.00;92
12776;63;626664402;12776;392;13842;13936;6.20;0.38;299.67;13.11;1066;66;4788.00;94
12780;63;626664416;12780;385;13842;13936;6.27;0.38;299.67;13.11;1062;66;4789.00;94
12780;63;626664429;12780;383;13843;13936;6.37;0.39;299.67;13.11;1063;66;4790.00;93
12785;63;626664443;12785;389;13843;13936;6.38;0.39;299.67;13.11;1058;66;4791.00;93
12789;63;626664456;12789;390;13843;13936;6.40;0.39;299.67;13.11;1054;66;4792.00;93
12792;63;626664470;12792;392;13843;13936;6.45;0.39;299.65;13.11;1051;66;4793.00;93
12796;63;626664484;12796;393;13846;13940;6.52;0.40;299.68;13.11;1050;66;4794.00;94
12797;63;626664498;12797;403;13846;13940;6.52;0.40;299.70;13.11;1049;66;4795.00;94
12800;63;626664514;12800;405;13849;13944;6.52;0.40;299.69;13.10;1049;66;4796.00;95
12805;63;626664528;12805;411;13850;13945;6.47;0.39;299.75;13.10;1045;66;4797.00;95
12808;63;626664542;12808;409;13851;13945;6.46;0.40;299.76;13.10;1043;66;4798.00;94
12813;63;626664556;12813;411;13851;13945;6.37;0.39;299.77;13.10;1038;66;4799.00;94
12819;63;626664573;12819;419;13873;13986;6.33;0.39;299.84;13.08;1054;66;4800.00;113
12820;63;626664600;12820;413;13874;13986;6.30;0.39;299.88;13.08;1054;66;4801.00;112
12822;63;626664613;12822;411;13876;13986;6.23;0.38;299.90;13.08;1054;66;4802.00;110
12828;63;626664626;12828;409;13878;13987;6.20;0.38;299.87;13.08;1050;66;4803.00;109
12831;63;626664639;12831;413;13878;13988;6.19;0.38;299.89;13.08;1047;66;4804.00;110
12836;63;626664652;12836;418;13879;13988;6.11;0.37;299.87;13.08;1043;66;4805.00;109
12836;63;626664665;12836;427;13882;13991;6.15;0.38;299.87;13.07;1046;66;4806.00;109
12841;63;626664678;12841;418;13883;13991;6.10;0.37;299.94;13.07;1042;66;4807.00;108
12844;63;626664692;12844;402;13884;13991;6.09;0.37;300.00;13.07;1040;66;4808.00;107
12849;63;626664704;12849;394;13884;13991;6.08;0.37;300.03;13.07;1035;66;4809.00;107
12851;63;626664718;12851;400;13890;13997;6.11;0.37;300.07;13.07;1039;66;4810.00;107
12856;63;626664731;12856;410;13892;13997;6.13;0.37;300.08;13.07;1036;66;4811.00;105
12857;63;626664745;12857;403;13892;13997;6.19;0.38;300.06;13.07;1035;66;4812.00;105
12861;63;626664759;12861;402;13892;13997;6.21;0.38;300.10;13.07;1031;66;4813.00;105
12864;63;626664772;12864;411;13895;14001;6.23;0.38;300.09;13.07;1031;66;4814.00;106
12866;63;626664786;12866;410;13897;14003;6.28;0.38;300.07;13.06;1031;66;4815.00;106
12870;63;626664811;12870;395;13897;14003;6.37;0.39;300.07;13.06;1027;66;4816.00;106
12873;63;626664825;12873;388;13899;14004;6.46;0.39;300.13;13.06;1026;66;4817.00;105
12876;63;626664838;12876;377;13899;14004;6.52;0.40;300.20;13.06;1023;66;4818.00;105
12878;63;626664853;12878;366;13899;14004;6.63;0.40;300.19;13.06;1021;66;4819.00;105
12880;63;626664872;12880;363;13899;14004;6.72;0.41;300.27;13.06;1019;66;4820.00;105
12883;63;626664885;12883;352;13899;14004;6.78;0.41;300.24;13.06;1016;66;4821.00;105
12886;63;626664899;12886;356;13899;14004;6.79;0.41;300.29;13.06;1013;66;4822.00;105
12888;63;626664913;12888;347;13899;14004;6.80;0.41;300.33;13.06;1011;66;4823.00;105
12890;63;626664927;12890;359;13943;14074;6.83;0.42;300.33;13.02;1053;66;4824.00;131
12895;63;626664946;12895;345;13943;14075;6.84;0.42;300.40;13.02;1048;66;4825.00;132
12896;63;626664960;12896;343;13947;14075;6.95;0.42;300.45;13.02;1051;66;4826.00;128
12898;63;626664975;12898;342;13948;14075;7.01;0.43;300.49;13.02;1050;66;4827.00;127
12903;63;626664988;12903;335;13952;14077;7.00;0.43;300.49;13.08;1049;66;4828.00;125
12905;63;626665002;12905;328;13955;14077;7.00;0.43;300.50;13.08;1050;66;4829.00;122
12907;63;626665018;12907;324;13958;14077;6.98;0.43;300.51;13.08;1051;66;4830.00;119
12909;63;626665031;12909;325;13959;14077;6.94;0.42;300.53;13.08;1050;66;4831.00;118
12911;63;626665045;12911;320;13961;14078;6.95;0.42;300.57;13.08;1050;66;4832.00;117
12913;63;626665058;12913;326;13963;14079;6.91;0.42;300.60;13.08;1050;66;4833.00;116
12915;63;626665071;12915;321;13967;14079;6.89;0.42;300.61;13.08;1052;66;4834.00;112
12918;63;626665084;12918;325;13971;14083;6.90;0.42;300.66;13.07;1053;66;4835.00;112
12922;63;626665098;12922;325;13973;14083;6.82;0.42;300.74;13.07;1051;66;4836.00;110
12925;63;626665111;12925;315;13974;14083;6.79;0.41;300.73;13.07;1049;66;4837.00;109
12928;63;626665124;12928;315;13975;14083;6.80;0.41;300.74;13.07;1047;66;4838.00;108
12932;63;626665137;12932;317;13981;14089;6.80;0.41;300.71;13.07;1049;66;4839.00;108
12935;63;626665151;12935;311;13981;14089;6.80;0.41;300.70;13.07;1046;66;4840.00;108
12940;63;626665165;12940;314;13981;14089;6.77;0.41;300.81;13.07;1041;66;4841.00;108
12941;63;626665178;12941;312;13984;14092;6.87;0.42;300.86;13.07;1043;66;4842.00;108
12943;63;626665191;12943;309;13984;14092;6.85;0.42;300.85;13.07;1041;66;4843.00;108
12944;63;626665204;12944;315;13985;14092;6.79;0.41;300.84;13.13;1041;66;4844.00;107
12948;63;626665217;12948;314;13985;14093;6.71;0.41;300.83;13.13;1037;66;4845.00;108
12948;63;626665231;12948;321;13986;14094;6.66;0.40;300.83;13.13;1038;66;4846.00;108
12949;63;626665243;12949;321;13986;14094;6.63;0.40;300.83;13.13;1037;66;4847.00;108
12950;63;626665256;12950;325;13997;14107;6.60;0.40;300.81;13.12;1047;66;4848.00;110
12951;63;626665279;12951;325;13997;14107;6.59;0.40;300.83;13.12;1046;66;4849.00;110
12951;63;626665301;12951;325;13997;14107;6.61;0.40;300.83;13.12;1046;66;4850.00;110
12954;63;626665324;12954;323;13998;14108;6.67;0.41;300.88;13.12;1044;66;4851.00;110
12955;63;626665344;12955;320;13998;14108;6.68;0.41;300.89;13.12;1043;66;4852.00;110
12960;63;626665362;12960;314;14001;14112;6.71;0.41;300.92;13.11;1041;66;4853.00;111
12962;63;626665379;12962;311;14001;14112;6.70;0.41;300.91;13.11;1039;66;4854.00;111
12965;63;626665395;12965;307;14006;14116;6.71;0.41;300.91;13.17;1041;66;4855.00;110
12967;64;626665410;12967;298;14006;14116;6.71;0.41;300.89;13.17;1039;67;4856.00;110
12968;64;626665432;12968;295;14007;14116;6.75;0.41;300.91;13.24;1039;67;4857.00;109
12972;64;626665446;12972;288;14007;14116;6.73;0.41;300.95;13.24;1035;67;4858.00;109
12975;64;626665465;12975;280;14007;14116;6.70;0.41;301.01;13.24;1032;67;4859.00;109
12980;64;626665481;12980;280;14027;14150;6.65;0.40;301.05;13.28;1047;67;4860.00;123
12983;64;626665497;12983;281;14027;14150;6.59;0.40;301.11;13.28;1044;67;4861.00;123
12987;64;626665512;12987;271;14030;14150;6.55;0.40;301.12;13.34;1043;67;4862.00;120
12991;64;626665526;12991;269;14031;14150;6.52;0.40;301.17;13.34;1040;67;4863.00;119
12993;64;626665539;12993;262;14031;14150;6.51;0.40;301.27;13.34;1038;67;4864.00;119
12997;64;626665552;12997;259;14034;14150;6.52;0.40;301.25;13.37;1037;67;4865.00;116
13000;64;626665566;13000;250;14034;14151;6.52;0.40;301.25;13.37;1034;67;4866.00;117
13003;64;626665579;13003;245;14036;14151;6.58;0.40;301.26;13.43;1033;67;4867.00;115
13004;64;626665592;13004;243;14039;14157;6.61;0.40;301.25;13.43;1035;67;4868.00;118
13007;64;626665606;13007;239;14041;14158;6.59;0.40;301.28;13.43;1034;67;4869.00;117
13008;64;626665619;13008;227;14041;14158;6.57;0.40;301.31;13.43;1033;67;4870.00;117
13010;64;626665631;13010;234;14042;14158;6.58;0.40;301.35;13.43;1032;67;4871.00;116
13013;64;626665645;13013;229;14047;14162;6.54;0.40;301.37;13.49;1034;67;4872.00;115
13016;64;626665658;13016;234;14047;14162;6.55;0.40;301.36;13.49;1031;67;4873.00;115
13020;64;626665672;13020;231;14047;14162;6.54;0.40;301.37;13.49;1027;67;4874.00;115
13023;64;626665684;13023;229;14048;14163;6.58;0.40;301.41;13.49;1025;67;4875.00;115
13026;64;626665697;13026;228;14051;14167;6.61;0.40;301.40;13.49;1025;67;4876.00;116
13029;64;626665710;13029;229;14052;14167;6.61;0.40;301.47;13.49;1023;67;4877.00;115
13030;64;626665724;13030;231;14054;14170;6.68;0.41;301.45;13.49;1024;67;4878.00;116
13034;64;626665737;13034;229;14055;14170;6.74;0.41;301.45;13.49;1021;67;4879.00;115
13035;64;626665750;13035;236;14056;14170;6.80;0.41;301.43;13.49;1021;67;4880.00;114
13035;64;626665762;13035;230;14056;14170;6.80;0.41;301.43;13.49;1021;67;4881.00;114
13039;64;626665775;13039;240;14059;14174;6.84;0.42;301.40;13.48;1020;67;4882.00;115
13043;64;626665790;13043;238;14060;14174;6.80;0.41;301.42;13.48;1017;67;4883.00;114
13047;64;626665804;13047;239;14062;14174;6.80;0.41;301.45;13.50;1015;67;4884.00;112
13047;64;626665823;13047;254;14063;14174;6.80;0.41;301.45;13.50;1016;67;4885.00;111
13052;64;626665836;13052;259;14063;14175;6.76;0.41;301.57;13.50;1011;67;4886.00;112
13053;64;626665850;13053;259;14064;14176;6.75;0.41;301.57;13.50;1011;67;4887.00;112
13054;64;626665862;13054;267;14064;14176;6.75;0.41;301.57;13.50;1010;67;4888.00;112
13059;64;626665876;13059;277;14066;14177;6.73;0.41;301.60;13.51;1007;67;4889.00;111
13061;64;626665891;13061;276;14066;14177;6.71;0.41;301.59;13.51;1005;67;4890.00;111
13062;64;626665903;13062;276;14066;14177;6.71;0.41;301.58;13.51;1004;67;4891.00;111
13064;64;626665915;13064;280;14068;14177;6.63;0.40;301.59;13.53;1004;67;4892.00;109
13066;64;626665928;13066;286;14069;14177;6.54;0.40;301.61;13.55;1003;67;4893.00;108
13067;64;626665942;13067;293;14070;14177;6.49;0.39;301.63;13.56;1003;67;4894.00;107
13067;64;626665955;13067;301;14071;14177;6.42;0.39;301.63;13.57;1004;67;4895.00;106
13069;64;626665969;13069;320;14134;14304;6.65;0.41;301.67;13.51;1065;67;4896.00;170
13070;64;626665992;13070;310;14135;14305;6.66;0.41;301.67;13.51;1065;67;4897.00;170
13072;64;626666005;13072;309;14146;14305;6.74;0.42;301.67;13.52;1074;67;4898.00;159
13075;64;626666018;13075;303;14151;14305;6.72;0.41;301.63;13.53;1076;67;4899.00;154
13076;64;626666032;13076;308;14159;14305;6.74;0.41;301.61;13.54;1083;67;4900.00;146
13077;64;626666048;13077;306;14165;14305;6.76;0.42;301.59;13.53;1088;67;4901.00;140
13078;64;626666060;13078;307;14171;14305;6.79;0.42;301.58;13.54;1093;67;4902.00;134
13081;64;626666073;13081;318;14175;14305;6.79;0.42;301.54;13.55;1094;67;4903.00;130
13084;64;626666087;13084;311;14182;14306;6.79;0.42;301.48;13.57;1098;67;4904.00;124
13085;64;626666100;13085;313;14185;14308;6.76;0.41;301.49;13.57;1100;67;4905.00;123
13087;64;626666113;13087;316;14190;14308;6.79;0.42;301.46;13.58;1103;67;4906.00;118
13089;64;626666126;13089;324;14194;14309;6.75;0.41;301.43;13.59;1105;67;4907.00;115
13091;64;626666139;13091;328;14197;14309;6.70;0.41;301.40;13.59;1106;67;4908.00;112
13094;64;626666152;13094;329;14199;14309;6.60;0.40;301.37;13.60;1105;67;4909.00;110
13095;64;626666166;13095;336;14201;14309;6.48;0.40;301.36;13.60;1106;67;4910.00;108
13096;64;626666179;13096;347;14205;14313;6.40;0.39;301.36;13.61;1109;67;4911.00;108
13098;64;626666192;13098;354;14208;14313;6.32;0.39;301.33;13.62;1110;67;4912.00;105
13101;64;626666205;13101;359;14209;14313;6.21;0.38;301.30;13.63;1108;67;4913.00;104
13102;64;626666218;13102;368;14213;14316;6.19;0.38;301.29;13.63;1111;67;4914.00;103
13103;64;626666232;13103;376;14215;14316;6.12;0.38;301.28;13.64;1112;67;4915.00;101
13103;64;626666245;13103;382;14217;14316;6.10;0.37;301.28;13.64;1114;67;4916.00;99
13106;64;626666258;13106;391;14221;14320;6.03;0.37;301.26;13.64;1115;67;4917.00;99
13107;64;626666272;13107;396;14225;14321;5.97;0.37;301.24;13.65;1118;67;4918.00;96
13108;64;626666285;13108;403;14226;14321;5.90;0.36;301.24;13.66;1118;67;4919.00;95
13109;64;626666300;13109;402;14230;14326;5.86;0.36;301.23;13.65;1121;67;4920.00;96
13114;64;626666314;13114;402;14231;14326;5.71;0.35;301.16;13.66;1117;67;4921.00;95
13117;64;626666332;13117;405;14231;14326;5.60;0.34;301.18;13.66;1114;67;4922.00;95
13117;64;626666343;13117;404;14232;14327;5.51;0.34;301.18;13.66;1115;67;4923.00;95
13123;64;626666354;13123;409;14233;14327;5.38;0.33;301.17;13.67;1110;67;4924.00;94
13126;64;626666366;13126;415;14239;14333;5.32;0.33;301.16;13.69;1113;67;4925.00;94
13128;64;626666379;13128;414;14240;14333;5.19;0.32;301.17;13.69;1112;67;4926.00;93
13132;64;626666390;13132;417;14242;14334;5.04;0.31;301.12;13.70;1110;67;4927.00;92
13136;64;626666402;13136;423;14242;14334;4.86;0.30;301.08;13.70;1106;67;4928.00;92
13138;64;626666413;13138;437;14243;14334;4.70;0.29;301.07;13.71;1105;67;4929.00;91
13138;64;626666423;13138;421;14243;14334;4.61;0.28;301.07;13.71;1105;67;4930.00;91
13141;64;626666434;13141;413;14244;14334;4.54;0.28;301.03;13.72;1103;67;4931.00;90
13143;64;626666445;13143;399;14254;14346;4.60;0.28;301.03;13.71;1111;67;4932.00;92
13145;64;626666457;13145;393;14256;14346;4.59;0.28;301.03;13.73;1111;67;4933.00;90
13146;64;626666469;13146;396;14258;14346;4.66;0.29;301.05;13.74;1112;67;4934.00;88
13149;64;626666481;13149;401;14258;14346;4.72;0.29;301.05;13.74;1109;67;4935.00;88
13150;65;626666493;13150;403;14258;14346;4.80;0.29;301.03;13.74;1108;68;4936.00;88
13153;65;626666517;13153;396;14258;14346;4.85;0.30;301.05;13.74;1105;68;4937.00;88
13156;65;626666535;13156;385;14262;14350;4.97;0.30;301.02;13.75;1106;68;4938.00;88
13158;65;626666547;13158;387;14262;14350;5.06;0.31;301.03;13.75;1104;68;4939.00;88
13159;66;626666565;13159;378;14265;14354;5.23;0.32;301.04;13.74;1106;69;4940.00;89
13163;66;626666588;13163;374;14266;14355;5.37;0.33;301.02;13.74;1103;69;4941.00;89
13166;66;626666602;13166;366;14267;14355;5.46;0.33;301.03;13.74;1101;69;4942.00;88
13168;66;626666620;13168;355;14267;14355;5.52;0.34;301.05;13.74;1099;69;4943.00;88
13170;66;626666632;13170;364;14278;14368;5.64;0.34;301.06;13.73;1108;69;4944.00;90
13174;66;626666646;13174;373;14278;14368;5.69;0.35;301.02;13.73;1104;69;4945.00;90
13176;66;626666659;13176;375;14278;14368;5.75;0.35;301.01;13.73;1102;69;4946.00;90
13181;66;626666671;13181;373;14279;14369;5.78;0.35;300.98;13.73;1098;69;4947.00;90
13185;66;626666684;13185;368;14279;14370;5.79;0.35;300.97;13.73;1094;69;4948.00;91
13186;66;626666697;13186;364;14279;14370;5.86;0.36;300.98;13.73;1093;69;4949.00;91
13189;66;626666711;13189;363;14283;14379;5.92;0.36;300.99;13.73;1094;69;4950.00;96
13193;66;626666726;13193;358;14284;14379;5.95;0.36;301.03;13.73;1091;69;4951.00;95
13198;66;626666740;13198;364;14285;14379;5.98;0.36;301.01;13.72;1087;69;4952.00;94
13200;66;626666753;13200;361;14287;14379;6.08;0.37;301.07;13.79;1087;69;4953.00;92
13205;66;626666767;13205;363;14291;14385;6.16;0.38;301.11;13.79;1086;69;4954.00;94
13208;66;626666781;13208;356;14292;14385;6.21;0.38;301.11;13.79;1084;69;4955.00;93
13212;66;626666794;13212;363;14292;14385;6.22;0.38;301.15;13.79;1080;69;4956.00;93
13214;66;626666806;13214;363;14293;14385;6.27;0.38;301.15;13.79;1079;69;4957.00;92
13218;66;626666820;13218;371;14297;14389;6.33;0.39;301.14;13.78;1079;69;4958.00;92
13219;66;626666839;13219;371;14298;14390;6.33;0.39;301.17;13.78;1079;69;4959.00;92
13226;66;626666852;13226;369;14298;14390;6.31;0.39;301.20;13.78;1072;69;4960.00;92
13235;66;626666866;13235;369;14299;14391;6.27;0.38;301.25;13.78;1064;69;4961.00;92
13238;66;626666879;13238;372;14299;14391;6.24;0.38;301.28;13.78;1061;69;4962.00;92
13243;66;626666893;13243;375;14299;14391;6.26;0.38;301.34;13.78;1056;69;4963.00;92
13246;66;626666906;13246;373;14299;14391;6.27;0.38;301.32;13.78;1053;69;4964.00;92
13250;66;626666919;13250;384;14299;14391;6.24;0.38;301.37;13.78;1049;69;4965.00;92
13253;66;626666932;13253;392;14299;14391;6.24;0.38;301.40;13.78;1046;69;4966.00;92
13257;66;626666945;13257;397;14299;14391;6.24;0.38;301.46;13.78;1042;69;4967.00;92
13261;66;626666958;13261;409;14340;14461;6.34;0.39;301.50;13.74;1079;69;4968.00;121
13266;66;626666978;13266;404;14341;14462;6.33;0.38;301.54;13.74;1075;69;4969.00;121
13270;66;626666992;13270;402;14346;14462;6.34;0.38;301.55;13.74;1076;69;4970.00;116
13273;66;626667005;13273;410;14350;14462;6.34;0.38;301.55;13.74;1077;69;4971.00;112
13275;66;626667019;13275;403;14355;14462;6.39;0.39;301.57;13.73;1080;69;4972.00;107
13276;66;626667033;13276;401;14358;14462;6.39;0.39;301.59;13.73;1082;69;4973.00;104
13278;66;626667046;13278;401;14361;14462;6.43;0.39;301.65;13.73;1083;69;4974.00;101
13279;66;626667060;13279;403;14363;14462;6.41;0.39;301.66;13.73;1084;69;4975.00;99
13281;66;626667073;13281;401;14365;14463;6.33;0.39;301.72;13.73;1084;69;4976.00;98
13282;66;626667087;13282;391;14366;14464;6.24;0.38;301.71;13.73;1084;69;4977.00;98
13283;66;626667102;13283;385;14367;14464;6.21;0.38;301.72;13.72;1084;69;4978.00;97
13284;66;626667116;13284;385;14370;14468;6.23;0.38;301.75;13.72;1086;69;4979.00;98
13287;66;626667131;13287;382;14370;14468;6.26;0.38;301.73;13.72;1083;69;4980.00;98
13291;66;626667145;13291;375;14370;14468;6.27;0.38;301.72;13.72;1079;69;4981.00;98
13295;66;626667160;13295;382;14370;14468;6.29;0.38;301.70;13.72;1075;69;4982.00;98
13296;66;626667174;13296;380;14374;14474;6.31;0.38;301.75;13.72;1078;69;4983.00;100
13301;66;626667188;13301;386;14374;14474;6.33;0.39;301.86;13.72;1073;69;4984.00;100
13304;66;626667202;13304;386;14375;14474;6.32;0.38;301.85;13.72;1071;69;4985.00;99
13306;66;626667216;13306;369;14377;14477;6.38;0.39;301.89;13.72;1071;69;4986.00;100
13308;66;626667231;13308;358;14378;14477;6.39;0.39;301.91;13.72;1070;69;4987.00;99
13313;66;626667245;13313;347;14378;14477;6.44;0.39;302.00;13.72;1065;69;4988.00;99
13315;66;626667261;13315;336;14378;14478;6.47;0.39;302.02;13.72;1063;69;4989.00;100
13319;67;626667284;13319;332;14379;14479;6.53;0.40;302.01;13.71;1060;70;4990.00;100
13320;67;626667328;13320;320;14379;14479;6.58;0.40;302.07;13.71;1059;70;4991.00;100
13322;67;626667349;13322;323;14390;14492;6.68;0.41;302.04;13.70;1068;70;4992.00;102
13324;68;626667371;13324;314;14390;14492;6.69;0.41;302.06;13.70;1066;71;4993.00;102
13328;68;626667400;13328;318;14390;14492;6.67;0.41;302.11;13.70;1062;71;4994.00;102
13331;68;626667421;13331;322;14392;14494;6.67;0.41;302.24;13.70;1061;71;4995.00;102
13335;68;626667438;13335;324;14392;14494;6.64;0.40;302.29;13.70;1057;71;4996.00;102
13337;68;626667454;13337;324;14395;14498;6.63;0.40;302.29;13.70;1058;71;4997.00;103
13342;68;626667471;13342;315;14395;14498;6.62;0.40;302.35;13.70;1053;71;4998.00;103
13344;68;626667487;13344;313;14399;14502;6.59;0.40;302.34;13.70;1055;71;4999.00;103
13347;68;626667503;13347;294;14399;14502;6.54;0.40;302.39;13.70;1052;71;5000.00;103
13350;68;626667527;13350;300;14399;14502;6.49;0.39;302.38;13.70;1049;71;5001.00;103
13354;68;626667542;13354;306;14399;14502;6.43;0.39;302.45;13.70;1045;71;5002.00;103
13355;68;626667556;13355;305;14399;14502;6.41;0.39;302.44;13.70;1044;71;5003.00;103
13357;68;626667570;13357;304;14409;14514;6.46;0.39;302.42;13.69;1052;71;5004.00;105
13361;68;626667585;13361;301;14409;14514;6.44;0.39;302.54;13.69;1048;71;5005.00;105
13363;68;626667600;13363;301;14410;14514;6.46;0.39;302.55;13.69;1047;71;5006.00;104
13365;68;626667614;13365;293;14410;14514;6.46;0.39;302.58;13.69;1045;71;5007.00;104
13365;68;626667628;13365;293;14410;14514;6.46;0.39;302.58;13.69;1045;71;5008.00;104
13369;68;626667641;13369;290;14411;14514;6.45;0.39;302.63;13.76;1042;71;5009.00;103
13371;68;626667657;13371;284;14411;14515;6.46;0.39;302.61;13.76;1040;71;5010.00;104
13373;68;626667671;13373;284;14411;14515;6.43;0.39;302.64;13.76;1038;71;5011.00;104
13373;68;626667684;13373;286;14415;14521;6.44;0.39;302.64;13.75;1042;71;5012.00;106
13375;68;626667698;13375;282;14416;14522;6.47;0.40;302.66;13.75;1041;71;5013.00;106
13375;68;626667712;13375;288;14417;14522;6.50;0.40;302.66;13.75;1042;71;5014.00;105
13376;68;626667725;13376;284;14417;14522;6.43;0.39;302.72;13.75;1041;71;5015.00;105
13377;68;626667738;13377;286;14420;14526;6.45;0.39;302.72;13.75;1043;71;5016.00;106
13382;68;626667751;13382;288;14420;14526;6.41;0.39;302.82;13.75;1038;71;5017.00;106
13384;68;626667765;13384;286;14420;14526;6.37;0.39;302.81;13.75;1036;71;5018.00;106
13386;68;626667779;13386;290;14421;14527;6.33;0.39;302.84;13.75;1035;71;5019.00;106
13389;68;626667792;13389;285;14424;14531;6.21;0.38;302.84;13.75;1035;71;5020.00;107
13392;68;626667814;13392;275;14425;14531;6.17;0.38;302.89;13.82;1033;71;5021.00;106
13396;68;626667828;13396;274;14427;14534;6.13;0.37;302.87;13.82;1031;71;5022.00;107
13397;68;626667842;13397;270;14427;14534;6.09;0.37;302.88;13.82;1030;71;5023.00;107
13399;68;626667855;13399;266;14429;14534;6.09;0.37;302.89;13.89;1030;71;5024.00;105
13402;68;626667868;13402;259;14429;14534;6.09;0.37;302.87;13.89;1027;71;5025.00;105
13405;68;626667880;13405;249;14433;14538;6.09;0.37;302.87;13.95;1028;71;5026.00;105
13411;68;626667893;13411;247;14433;14538;6.05;0.37;302.93;13.95;1022;71;5027.00;105
13412;68;626667906;13412;243;14434;14538;6.10;0.37;302.96;13.95;1022;71;5028.00;104
13416;68;626667919;13416;235;14434;14538;6.09;0.37;302.96;13.95;1018;71;5029.00;104
13420;68;626667932;13420;230;14434;14539;6.04;0.37;303.07;13.95;1014;71;5030.00;105
13423;68;626667946;13423;220;14436;14540;6.03;0.37;303.08;14.02;1013;71;5031.00;104
13427;68;626667958;13427;206;14436;14540;5.99;0.36;303.09;14.02;1009;71;5032.00;104
13431;68;626667972;13431;210;14437;14541;5.99;0.36;303.11;14.02;1006;71;5033.00;104
13432;68;626667984;13432;203;14438;14541;5.99;0.36;303.13;14.03;1006;71;5034.00;103
13436;68;626667998;13436;197;14438;14541;5.95;0.36;303.18;14.03;1002;71;5035.00;103
13438;68;626668010;13438;194;14439;14541;5.95;0.36;303.25;14.05;1001;71;5036.00;102
13444;68;626668022;13444;202;14439;14541;5.93;0.36;303.22;14.05;995;71;5037.00;102
13449;68;626668035;13449;196;14439;14541;5.89;0.36;303.28;14.05;990;71;5038.00;102
13455;68;626668053;13455;191;14439;14541;5.85;0.35;303.37;14.05;984;71;5039.00;102
13457;68;626668067;13457;228;14540;14771;6.16;0.38;303.44;13.95;1083;71;5040.00;231
13460;68;626668100;13460;218;14542;14772;6.13;0.38;303.49;13.95;1082;71;5041.00;230
13461;68;626668114;13461;208;14551;14772;6.27;0.39;303.52;14.01;1090;71;5042.00;221
13462;68;626668129;13462;204;14556;14772;6.33;0.39;303.50;14.00;1094;71;5043.00;216
13465;68;626668142;13465;195;14562;14772;6.39;0.40;303.50;14.00;1097;71;5044.00;210
13467;68;626668156;13467;202;14571;14772;6.42;0.40;303.50;14.06;1104;71;5045.00;201
13469;68;626668171;13469;199;14577;14772;6.46;0.40;303.49;14.06;1108;71;5046.00;195
13470;68;626668184;13470;198;14582;14772;6.48;0.40;303.51;14.05;1112;71;5047.00;190
13472;68;626668204;13472;205;14589;14773;6.49;0.40;303.49;14.05;1117;71;5048.00;184
13477;68;626668218;13477;203;14595;14774;6.47;0.40;303.45;14.11;1118;71;5049.00;179
13478;68;626668232;13478;205;14601;14774;6.49;0.40;303.44;14.11;1123;71;5050.00;173
13480;68;626668245;13480;210;14604;14775;6.52;0.40;303.41;14.11;1124;71;5051.00;171
13481;68;626668262;13481;221;14608;14775;6.50;0.40;303.40;14.11;1127;71;5052.00;167
13483;68;626668279;13483;223;14611;14775;6.48;0.40;303.37;14.11;1128;71;5053.00;164
13483;68;626668294;13483;226;14612;14775;6.40;0.40;303.37;14.11;1129;71;5054.00;163
13484;68;626668315;13484;228;14618;14779;6.34;0.39;303.36;14.11;1134;71;5055.00;161
13488;68;626668330;13488;229;14621;14779;6.29;0.39;303.31;14.12;1133;71;5056.00;158
13490;68;626668345;13490;235;14623;14779;6.26;0.39;303.29;14.12;1133;71;5057.00;156
13492;68;626668361;13492;251;14629;14782;6.23;0.38;303.27;14.12;1137;71;5058.00;153
13494;68;626668377;13494;260;14631;14782;6.19;0.38;303.24;14.12;1137;71;5059.00;151
13496;68;626668394;13496;265;14633;14782;6.17;0.38;303.23;14.14;1137;71;5060.00;149
13498;68;626668409;13498;275;14638;14786;6.14;0.38;303.21;14.14;1140;71;5061.00;148
13500;68;626668433;13500;283;14641;14787;6.11;0.37;303.20;14.14;1141;71;5062.00;146
13504;68;626668449;13504;295;14646;14787;6.06;0.37;303.17;14.16;1142;71;5063.00;141
13504;68;626668468;13504;302;14649;14791;6.11;0.37;303.17;14.16;1145;71;5064.00;142
13505;68;626668488;13505;304;14652;14791;6.15;0.38;303.15;14.18;1147;71;5065.00;139
13506;68;626668508;13506;309;14655;14791;6.13;0.37;303.13;14.18;1149;71;5066.00;136
13506;68;626668533;13506;308;14656;14792;6.11;0.37;303.13;14.18;1150;71;5067.00;136
13507;68;626668548;13507;319;14660;14792;6.05;0.37;303.11;14.20;1153;71;5068.00;132
13509;68;626668563;13509;326;14664;14798;6.06;0.37;303.08;14.20;1155;71;5069.00;134
13510;68;626668580;13510;334;14666;14798;6.04;0.37;303.06;14.22;1156;71;5070.00;132
13513;68;626668595;13513;336;14667;14799;5.96;0.37;303.00;14.22;1154;71;5071.00;132
13515;68;626668612;13515;344;14673;14799;5.89;0.36;303.00;14.24;1158;71;5072.00;126
13516;68;626668627;13516;350;14675;14799;5.78;0.36;302.98;14.23;1159;71;5073.00;124
13519;68;626668641;13519;359;14678;14799;5.66;0.35;302.98;14.25;1159;71;5074.00;121
13521;68;626668656;13521;368;14682;14799;5.53;0.34;302.96;14.26;1161;71;5075.00;117
13523;68;626668671;13523;377;14695;14811;5.45;0.33;302.96;14.26;1172;71;5076.00;116
13524;68;626668686;13524;384;14696;14811;5.38;0.33;302.94;14.26;1172;71;5077.00;115
13525;68;626668699;13525;395;14698;14811;5.31;0.33;302.93;14.27;1173;71;5078.00;113
13528;68;626668712;13528;403;14699;14811;5.21;0.32;302.87;14.28;1171;71;5079.00;112
13529;68;626668726;13529;407;14700;14811;5.16;0.32;302.87;14.29;1171;71;5080.00;111
13530;68;626668739;13530;406;14700;14811;5.12;0.31;302.85;14.29;1170;71;5081.00;111
13531;68;626668752;13531;411;14705;14815;5.07;0.31;302.86;14.30;1174;71;5082.00;110
13532;68;626668764;13532;405;14705;14815;5.07;0.31;302.86;14.30;1173;71;5083.00;110
13532;68;626668777;13532;397;14710;14819;5.11;0.31;302.86;14.31;1178;71;5084.00;109
13533;68;626668790;13533;389;14712;14821;5.17;0.32;302.85;14.31;1179;71;5085.00;109
13537;68;626668809;13537;382;14713;14821;5.22;0.32;302.80;14.31;1176;71;5086.00;108
13541;68;626668822;13541;377;14714;14821;5.22;0.32;302.77;14.32;1173;71;5087.00;107
13542;69;626668836;13542;368;14726;14834;5.33;0.33;302.77;14.31;1184;72;5088.00;108
13544;69;626668861;13544;367;14727;14834;5.38;0.33;302.77;14.32;1183;72;5089.00;107
13545;69;626668874;13545;368;14727;14834;5.43;0.33;302.76;14.32;1182;72;5090.00;107
13545;69;626668887;13545;372;14728;14835;5.49;0.34;302.76;14.32;1183;72;5091.00;107
13547;69;626668900;13547;370;14728;14836;5.50;0.34;302.75;14.32;1181;72;5092.00;108
13550;69;626668923;13550;371;14729;14836;5.48;0.34;302.73;14.33;1179;72;5093.00;107
13552;69;626668941;13552;368;14734;14839;5.47;0.33;302.72;14.37;1182;72;5094.00;105
13555;69;626668955;13555;375;14736;14839;5.49;0.34;302.73;14.38;1181;72;5095.00;103
13558;69;626668968;13558;376;14736;14839;5.43;0.33;302.72;14.38;1178;72;5096.00;103
13561;69;626668981;13561;373;14736;14839;5.36;0.33;302.71;14.38;1175;72;5097.00;103
13562;69;626668994;13562;380;14743;14845;5.37;0.33;302.71;14.41;1181;72;5098.00;102
13566;69;626669007;13566;394;14743;14845;5.34;0.33;302.73;14.41;1177;72;5099.00;102
13568;69;626669023;13568;394;14749;14864;5.35;0.33;302.72;14.40;1181;72;5100.00;115
13570;69;626669043;13570;394;14750;14864;5.36;0.33;302.74;14.41;1180;72;5101.00;114
13571;69;626669056;13571;401;14754;14868;5.38;0.33;302.75;14.41;1183;72;5102.00;114
13573;69;626669069;13573;405;14756;14869;5.39;0.33;302.74;14.42;1183;72;5103.00;113
13576;69;626669082;13576;408;14756;14869;5.41;0.33;302.76;14.42;1180;72;5104.00;113
13579;69;626669095;13579;408;14759;14870;5.46;0.33;302.82;14.42;1180;72;5105.00;111
13583;69;626669109;13583;400;14761;14870;5.49;0.34;302.84;14.43;1178;72;5106.00;109
13583;69;626669122;13583;388;14761;14870;5.57;0.34;302.84;14.43;1178;72;5107.00;109
13587;69;626669135;13587;378;14762;14870;5.62;0.34;302.84;14.43;1175;72;5108.00;108
13591;69;626669148;13591;374;14762;14870;5.65;0.35;302.86;14.43;1171;72;5109.00;108
13592;69;626669161;13592;367;14762;14870;5.71;0.35;302.91;14.43;1170;72;5110.00;108
13597;69;626669174;13597;373;14763;14870;5.73;0.35;302.98;14.43;1166;72;5111.00;107
13600;69;626669187;13600;368;14797;14940;5.86;0.36;302.95;14.40;1197;72;5112.00;143
13606;69;626669206;13606;366;14800;14941;5.87;0.36;303.00;14.40;1194;72;5113.00;141
13609;69;626669220;13609;361;14808;14941;5.97;0.37;303.03;14.39;1199;72;5114.00;133
13613;69;626669234;13613;364;14811;14941;6.07;0.37;303.00;14.39;1198;72;5115.00;130
13618;69;626669248;13618;362;14815;14941;6.11;0.38;303.08;14.39;1197;72;5116.00;126
13624;69;626669262;13624;367;14817;14941;6.13;0.38;303.13;14.39;1193;72;5117.00;124
13626;69;626669282;13626;363;14818;14941;6.15;0.38;303.11;14.38;1192;72;5118.00;123
13630;69;626669304;13630;363;14821;14941;6.17;0.38;303.17;14.38;1191;72;5119.00;120
13638;69;626669332;13638;364;14823;14942;6.15;0.38;303.21;14.38;1185;72;5120.00;119
13640;69;626669356;13640;377;14826;14943;6.23;0.38;303.20;14.38;1186;72;5121.00;117
13644;69;626669378;13644;377;14827;14943;6.23;0.38;303.28;14.38;1183;72;5122.00;116
13648;69;626669395;13648;387;14831;14947;6.24;0.38;303.34;14.38;1183;72;5123.00;116
13654;69;626669412;13654;396;14831;14947;6.21;0.38;303.38;14.38;1177;72;5124.00;116
13657;69;626669428;13657;397;14832;14947;6.15;0.38;303.41;14.38;1175;72;5125.00;115
13660;69;626669465;13660;395;14832;14947;6.16;0.38;303.42;14.38;1172;72;5126.00;115
13663;69;626669482;13663;400;14836;14953;6.15;0.38;303.46;14.38;1173;72;5127.00;117
13672;69;626669512;13672;406;14836;14953;6.10;0.37;303.47;14.38;1164;72;5128.00;117
13674;69;626669535;13674;402;14836;14953;6.11;0.37;303.44;14.38;1162;72;5129.00;117
13679;69;626669553;13679;400;14839;14959;6.11;0.37;303.53;14.37;1160;72;5130.00;120
13683;69;626669570;13683;403;14840;14959;6.16;0.38;303.56;14.38;1157;72;5131.00;119
13687;69;626669585;13687;405;14840;14959;6.14;0.37;303.58;14.38;1153;72;5132.00;119
13690;69;626669600;13690;397;14842;14960;6.12;0.37;303.61;14.44;1152;72;5133.00;118
13693;69;626669616;13693;409;14845;14961;6.12;0.37;303.67;14.44;1152;72;5134.00;116
13697;69;626669634;13697;407;14845;14961;6.09;0.37;303.67;14.44;1148;72;5135.00;116
13700;69;626669650;13700;416;14854;14974;6.14;0.37;303.63;14.44;1154;72;5136.00;120
13705;69;626669667;13705;409;14855;14974;6.18;0.38;303.65;14.44;1150;72;5137.00;119
13707;69;626669683;13707;414;14858;14974;6.21;0.38;303.70;14.44;1151;72;5138.00;116
13712;69;626669698;13712;416;14860;14975;6.21;0.38;303.70;14.44;1148;72;5139.00;115
13713;69;626669714;13713;420;14861;14975;6.25;0.38;303.76;14.44;1148;72;5140.00;114
13718;69;626669730;13718;422;14863;14979;6.25;0.38;303.78;14.44;1145;72;5141.00;116
13722;69;626669747;13722;426;14864;14979;6.27;0.38;303.81;14.44;1142;72;5142.00;115
13726;69;626669763;13726;437;14867;14983;6.22;0.38;303.81;14.43;1141;72;5143.00;116
13731;69;626669778;13731;440;14868;14983;6.13;0.37;303.95;14.43;1137;72;5144.00;115
13734;69;626669795;13734;442;14870;14983;6.04;0.37;303.95;14.43;1136;72;5145.00;113
13742;69;626669811;13742;448;14870;14983;5.92;0.36;304.00;14.43;1128;72;5146.00;113
13743;69;626669827;13743;448;14871;14983;5.90;0.36;304.03;14.43;1128;72;5147.00;112
13749;69;626669842;13749;445;14882;14995;5.92;0.36;304.09;14.43;1133;72;5148.00;113
13753;69;626669859;13753;443;14883;14995;5.95;0.36;304.08;14.43;1130;72;5149.00;112
13757;69;626669874;13757;441;14883;14995;5.96;0.37;304.10;14.43;1126;72;5150.00;112
13764;69;626669889;13764;438;14883;14995;5.95;0.36;304.21;14.43;1119;72;5151.00;112
13766;69;626669905;13766;440;14885;14995;5.97;0.37;304.24;14.42;1119;72;5152.00;110
13770;69;626669920;13770;442;14886;14995;5.97;0.36;304.24;14.42;1116;72;5153.00;109
13774;69;626669936;13774;445;14886;14996;6.00;0.37;304.26;14.42;1112;72;5154.00;110
13776;69;626669951;13776;449;14887;14998;5.99;0.37;304.25;14.42;1111;72;5155.00;111
13779;69;626669967;13779;441;14891;15004;6.00;0.37;304.27;14.42;1112;72;5156.00;113
13781;69;626669983;13781;434;14893;15005;6.01;0.37;304.28;14.42;1112;72;5157.00;112
13787;69;626669998;13787;426;14894;15005;5.98;0.36;304.31;14.42;1107;72;5158.00;111
13789;69;626670019;13789;418;14894;15005;5.98;0.36;304.35;14.42;1105;72;5159.00;111
13791;69;626670040;13791;413;14898;15010;6.04;0.37;304.38;14.41;1107;72;5160.00;112
13793;69;626670056;13793;408;14898;15010;6.07;0.37;304.39;14.41;1105;72;5161.00;112
13797;69;626670071;13797;406;14898;15010;6.09;0.37;304.42;14.41;1101;72;5162.00;112
13800;69;626670086;13800;399;14899;15011;6.14;0.37;304.49;14.41;1099;72;5163.00;112
13804;70;626670102;13804;396;14902;15015;6.13;0.37;304.54;14.41;1098;73;5164.00;113
13807;70;626670125;13807;387;14902;15015;6.17;0.38;304.62;14.41;1095;73;5165.00;113
13810;70;626670140;13810;383;14904;15018;6.21;0.38;304.59;14.41;1094;73;5166.00;114
13813;70;626670155;13813;386;14905;15018;6.21;0.38;304.60;14.41;1092;73;5167.00;113
13816;70;626670170;13816;384;14905;15018;6.23;0.38;304.61;14.41;1089;73;5168.00;113
13819;70;626670185;13819;381;14905;15018;6.24;0.38;304.65;14.41;1086;73;5169.00;113
13821;70;626670200;13821;377;14908;15022;6.25;0.38;304.73;14.40;1087;73;5170.00;114
13821;70;626670215;13821;373;14909;15022;6.32;0.38;304.73;14.40;1088;73;5171.00;113
13824;70;626670230;13824;370;14909;15022;6.32;0.38;304.80;14.40;1085;73;5172.00;113
13827;70;626670245;13827;368;14909;15022;6.36;0.39;304.83;14.40;1082;73;5173.00;113
13831;70;626670260;13831;371;14909;15023;6.36;0.39;304.87;14.40;1078;73;5174.00;114
13833;70;626670276;13833;370;14911;15025;6.36;0.39;304.92;14.40;1078;73;5175.00;114
13836;70;626670291;13836;365;14911;15025;6.35;0.38;304.98;14.40;1075;73;5176.00;114
13837;70;626670309;13837;358;14912;15026;6.33;0.38;305.00;14.40;1075;73;5177.00;114
13839;70;626670323;13839;354;14912;15026;6.32;0.38;305.01;14.40;1073;73;5178.00;114
13841;70;626670336;13841;355;14912;15026;6.30;0.38;305.04;14.40;1071;73;5179.00;114
13841;70;626670350;13841;359;14912;15026;6.28;0.38;305.04;14.40;1071;73;5180.00;114
13848;70;626670363;13848;364;14912;15026;6.20;0.38;305.05;14.40;1064;73;5181.00;114
13848;70;626670376;13848;362;14912;15026;6.18;0.38;305.05;14.40;1064;73;5182.00;114
13848;70;626670389;13848;367;14912;15026;6.10;0.37;305.05;14.40;1064;73;5183.00;114
13850;70;626670402;13850;390;14984;15153;6.16;0.38;305.07;14.33;1134;73;5184.00;169
13852;70;626670425;13852;387;14985;15154;6.13;0.38;305.05;14.33;1133;73;5185.00;169
13854;70;626670438;13854;378;14992;15154;6.17;0.38;305.09;14.39;1138;73;5186.00;162
13855;70;626670452;13855;374;14997;15154;6.18;0.38;305.10;14.39;1142;73;5187.00;157
13855;70;626670465;13855;370;15001;15154;6.16;0.38;305.10;14.39;1146;73;5188.00;153
13856;70;626670479;13856;373;15003;15154;6.14;0.38;305.09;14.39;1147;73;5189.00;151
13858;70;626670494;13858;372;15009;15154;6.14;0.38;305.13;14.38;1151;73;5190.00;145
13858;70;626670507;13858;371;15011;15154;6.17;0.38;305.13;14.38;1153;73;5191.00;143
13862;70;626670521;13862;366;15015;15155;6.20;0.38;305.18;14.38;1153;73;5192.00;140
13863;70;626670535;13863;366;15017;15156;6.23;0.38;305.18;14.38;1154;73;5193.00;139
13867;70;626670555;13867;372;15020;15156;6.13;0.38;305.14;14.38;1153;73;5194.00;136
13870;70;626670568;13870;370;15021;15157;6.09;0.37;305.13;14.38;1151;73;5195.00;136
13874;70;626670582;13874;376;15023;15157;6.02;0.37;305.12;14.38;1149;73;5196.00;134
13874;70;626670596;13874;377;15023;15157;5.93;0.36;305.12;14.38;1149;73;5197.00;134
13875;70;626670609;13875;384;15026;15157;5.88;0.36;305.13;14.38;1151;73;5198.00;131
13877;70;626670621;13877;381;15027;15161;5.79;0.36;305.12;14.38;1150;73;5199.00;134
13883;70;626670636;13883;380;15028;15161;5.63;0.35;305.09;14.38;1145;73;5200.00;133
13886;70;626670654;13886;383;15031;15161;5.54;0.34;305.14;14.44;1145;73;5201.00;130
13889;70;626670666;13889;375;15033;15164;5.43;0.33;305.14;14.44;1144;73;5202.00;131
13891;70;626670680;13891;377;15035;15164;5.30;0.33;305.11;14.44;1144;73;5203.00;129
13893;70;626670693;13893;373;15035;15164;5.19;0.32;305.11;14.44;1142;73;5204.00;129
13896;70;626670711;13896;374;15042;15168;5.10;0.31;305.09;14.47;1146;73;5205.00;126
13901;70;626670726;13901;370;15044;15169;4.97;0.30;305.06;14.54;1143;73;5206.00;125
13903;70;626670739;13903;365;15045;15169;4.96;0.30;305.06;14.53;1142;73;5207.00;124
13907;70;626670751;13907;365;15047;15173;4.96;0.30;305.03;14.53;1140;73;5208.00;126
13909;70;626670764;13909;361;15047;15173;4.94;0.30;305.01;14.53;1138;73;5209.00;126
13913;70;626670777;13913;373;15048;15173;4.91;0.30;304.96;14.60;1135;73;5210.00;125
13913;70;626670790;13913;376;15050;15174;4.92;0.30;304.96;14.66;1137;73;5211.00;124
13913;70;626670802;13913;373;15052;15174;4.98;0.30;304.96;14.66;1139;73;5212.00;122
13914;70;626670815;13914;380;15055;15180;5.07;0.31;304.94;14.66;1141;73;5213.00;125
13915;70;626670828;13915;384;15055;15180;5.09;0.31;305.02;14.66;1140;73;5214.00;125
13919;70;626670840;13919;387;15056;15180;5.08;0.31;305.01;14.66;1137;73;5215.00;124
13923;70;626670853;13923;383;15056;15181;5.08;0.31;304.95;14.66;1133;73;5216.00;125
13928;70;626670866;13928;382;15057;15181;5.06;0.31;304.93;14.66;1129;73;5217.00;124
13929;70;626670879;13929;385;15058;15181;5.09;0.31;304.91;14.66;1129;73;5218.00;123
13931;70;626670891;13931;385;15058;15181;5.13;0.31;304.88;14.66;1127;73;5219.00;123
13934;70;626670905;13934;394;15078;15217;5.15;0.31;304.88;14.64;1144;73;5220.00;139
13934;70;626670921;13934;393;15078;15217;5.16;0.31;304.88;14.64;1144;73;5221.00;139
13936;70;626670934;13936;391;15080;15217;5.17;0.31;304.86;14.64;1144;73;5222.00;137
13936;70;626670946;13936;397;15082;15217;5.15;0.31;304.86;14.64;1146;73;5223.00;135
13936;70;626670958;13936;398;15083;15217;5.18;0.32;304.86;14.64;1147;73;5224.00;134
13937;70;626670971;13937;399;15084;15217;5.15;0.31;304.89;14.64;1147;73;5225.00;133
13937;70;626670983;13937;395;15088;15221;5.17;0.31;304.89;14.63;1151;73;5226.00;133
13937;70;626670996;13937;402;15089;15221;5.20;0.32;304.89;14.63;1152;73;5227.00;132
13940;70;626671008;13940;406;15093;15225;5.25;0.32;304.84;14.63;1153;73;5228.00;132
13941;70;626671022;13941;406;15095;15226;5.26;0.32;304.83;14.63;1154;73;5229.00;131
13942;70;626671035;13942;416;15099;15226;5.26;0.32;304.83;14.66;1157;73;5230.00;127
13942;70;626671047;13942;413;15099;15226;5.24;0.32;304.83;14.66;1157;73;5231.00;127
13944;70;626671060;13944;418;15109;15239;5.18;0.31;304.81;14.65;1165;73;5232.00;130
13945;70;626671074;13945;422;15111;15239;5.14;0.31;304.80;14.68;1166;73;5233.00;128
13946;70;626671087;13946;422;15112;15239;5.15;0.31;304.80;14.68;1166;73;5234.00;127
13948;70;626671100;13948;419;15113;15240;5.16;0.31;304.77;14.68;1165;73;5235.00;127
13949;70;626671119;13949;407;15116;15241;5.17;0.32;304.76;14.70;1167;73;5236.00;125
13950;70;626671132;13950;416;15117;15241;5.22;0.32;304.77;14.71;1167;73;5237.00;124
13952;70;626671145;13952;405;15122;15244;5.31;0.32;304.76;14.73;1170;73;5238.00;122
13952;70;626671159;13952;393;15122;15244;5.40;0.33;304.76;14.73;1170;73;5239.00;122
13953;70;626671172;13953;384;15123;15244;5.46;0.33;304.76;14.74;1170;73;5240.00;121
13953;70;626671186;13953;388;15125;15244;5.53;0.34;304.76;14.75;1172;73;5241.00;119
13954;70;626671204;13954;385;15131;15250;5.63;0.34;304.76;14.77;1177;73;5242.00;119
13956;71;626671218;13956;381;15131;15250;5.61;0.34;304.73;14.77;1175;74;5243.00;119
13958;71;626671243;13958;374;15134;15250;5.58;0.34;304.71;14.79;1176;74;5244.00;116
13958;71;626671262;13958;378;15134;15250;5.54;0.34;304.71;14.79;1176;74;5245.00;116
13958;71;626671290;13958;381;15139;15254;5.49;0.33;304.71;14.80;1181;74;5246.00;115
13960;71;626671311;13960;384;15141;15255;5.44;0.33;304.69;14.81;1181;74;5247.00;114
13961;71;626671333;13961;392;15141;15255;5.44;0.33;304.69;14.81;1180;74;5248.00;114
13962;71;626671352;13962;390;15144;15256;5.46;0.33;304.68;14.83;1182;74;5249.00;112
13962;71;626671375;13962;389;15144;15256;5.44;0.33;304.68;14.83;1182;74;5250.00;112
13962;71;626671391;13962;378;15145;15256;5.43;0.33;304.68;14.84;1183;74;5251.00;111
13963;71;626671405;13963;383;15145;15256;5.43;0.33;304.66;14.84;1182;74;5252.00;111
13965;71;626671419;13965;385;15147;15256;5.45;0.33;304.63;14.86;1182;74;5253.00;109
13967;71;626671441;13967;393;15148;15256;5.46;0.33;304.62;14.86;1181;74;5254.00;108
13969;71;626671456;13969;389;15149;15256;5.48;0.33;304.60;14.86;1180;74;5255.00;107
13970;71;626671471;13970;391;15188;15326;5.68;0.34;304.59;14.84;1218;74;5256.00;138
13971;71;626671492;13971;384;15191;15327;5.70;0.35;304.57;14.83;1220;74;5257.00;136
13971;71;626671507;13971;385;15199;15327;5.74;0.35;304.57;14.83;1228;74;5258.00;128
13973;71;626671521;13973;385;15205;15327;5.74;0.35;304.57;14.84;1232;74;5259.00;122
13975;71;626671536;13975;386;15208;15327;5.76;0.35;304.60;14.83;1233;74;5260.00;119
13977;71;626671551;13977;398;15211;15327;5.75;0.35;304.61;14.83;1234;74;5261.00;116
13982;71;626671564;13982;396;15213;15327;5.65;0.34;304.67;14.84;1231;74;5262.00;114
13985;71;626671579;13985;409;15214;15327;5.59;0.34;304.70;14.84;1229;74;5263.00;113
13990;71;626671594;13990;413;15215;15328;5.56;0.34;304.70;14.84;1225;74;5264.00;113
13994;71;626671608;13994;414;15220;15330;5.47;0.33;304.74;14.85;1226;74;5265.00;110
13997;71;626671623;13997;411;15222;15330;5.45;0.33;304.79;14.86;1225;74;5266.00;108
14003;71;626671638;14003;423;15225;15334;5.40;0.33;304.75;14.86;1222;74;5267.00;109
14009;71;626671653;14009;423;15227;15334;5.34;0.33;304.83;14.87;1218;74;5268.00;107
14011;71;626671668;14011;432;15229;15334;5.32;0.32;304.84;14.88;1218;74;5269.00;105
14017;71;626671682;14017;423;15231;15334;5.33;0.32;304.86;14.88;1214;74;5270.00;103
14022;71;626671697;14022;412;15237;15340;5.37;0.33;304.87;14.89;1215;74;5271.00;103
14024;71;626671712;14024;414;15237;15340;5.40;0.33;304.92;14.89;1213;74;5272.00;103
14028;71;626671727;14028;409;15239;15340;5.42;0.33;304.94;14.90;1211;74;5273.00;101
14031;71;626671742;14031;409;15242;15343;5.44;0.33;305.01;14.91;1211;74;5274.00;101
14034;71;626671759;14034;411;15242;15343;5.43;0.33;305.06;14.91;1208;74;5275.00;101
14037;71;626671774;14037;414;15244;15343;5.45;0.33;305.12;14.91;1207;74;5276.00;99
14039;71;626671788;14039;404;15244;15344;5.52;0.34;305.14;14.91;1205;74;5277.00;100
14042;71;626671805;14042;404;15245;15345;5.61;0.34;305.22;14.91;1203;74;5278.00;100
14045;71;626671820;14045;409;15245;15345;5.67;0.35;305.25;14.91;1200;74;5279.00;100
14052;71;626671837;14052;409;15265;15371;5.72;0.35;305.32;14.89;1213;74;5280.00;106
14056;71;626671854;14056;410;15266;15371;5.80;0.35;305.37;14.89;1210;74;5281.00;105
14060;71;626671871;14060;394;15267;15371;5.89;0.36;305.41;14.89;1207;74;5282.00;104
14064;71;626671889;14064;393;15268;15372;5.95;0.36;305.46;14.89;1204;74;5283.00;104
14069;71;626671905;14069;387;15268;15372;5.96;0.36;305.48;14.89;1199;74;5284.00;104
14071;71;626671925;14071;388;15271;15376;6.02;0.37;305.48;14.89;1200;74;5285.00;105
14075;71;626671948;14075;387;15272;15376;6.01;0.37;305.52;14.89;1197;74;5286.00;104
14079;71;626671968;14079;383;15275;15379;6.04;0.37;305.55;14.89;1196;74;5287.00;104
14082;71;626671992;14082;384;15275;15380;6.10;0.37;305.53;14.89;1193;74;5288.00;105
14088;71;626672009;14088;389;15275;15380;6.05;0.37;305.56;14.89;1187;74;5289.00;105
14094;71;626672030;14094;394;15275;15380;6.06;0.37;305.61;14.89;1181;74;5290.00;105
14098;71;626672057;14098;390;15275;15380;6.08;0.37;305.65;14.89;1177;74;5291.00;105
14105;71;626672081;14105;390;15284;15392;6.12;0.37;305.72;14.88;1179;74;5292.00;108
14111;71;626672098;14111;385;15284;15392;6.06;0.37;305.81;14.88;1173;74;5293.00;108
14112;71;626672113;14112;384;15286;15392;6.08;0.37;305.82;14.87;1174;74;5294.00;106
14116;71;626672134;14116;383;15286;15392;6.09;0.37;305.90;14.87;1170;74;5295.00;106
14119;71;626672150;14119;386;15286;15392;6.10;0.37;305.99;14.87;1167;74;5296.00;106
14123;71;626672169;14123;393;15286;15392;6.13;0.37;305.97;14.87;1163;74;5297.00;106
14129;71;626672186;14129;391;15286;15393;6.13;0.37;306.09;14.87;1157;74;5298.00;107
14133;71;626672206;14133;399;15286;15393;6.12;0.37;306.10;14.87;1153;74;5299.00;107
14137;71;626672230;14137;398;15290;15399;6.15;0.38;306.19;14.87;1153;74;5300.00;109
14144;71;626672255;14144;407;15291;15400;6.11;0.37;306.24;14.87;1147;74;5301.00;109
14146;71;626672280;14146;405;15292;15400;6.14;0.37;306.27;14.87;1146;74;5302.00;108
14150;71;626672301;14150;402;15292;15400;6.14;0.37;306.31;14.87;1142;74;5303.00;108
14157;71;626672318;14157;405;15295;15404;6.12;0.37;306.37;14.87;1138;74;5304.00;109
14159;71;626672334;14159;412;15295;15404;6.18;0.38;306.38;14.87;1136;74;5305.00;109
14161;71;626672349;14161;403;15295;15404;6.14;0.37;306.40;14.87;1134;74;5306.00;109
14167;71;626672364;14167;402;15296;15405;6.10;0.37;306.50;14.87;1129;74;5307.00;109
14169;71;626672380;14169;402;15299;15409;6.10;0.37;306.51;14.86;1130;74;5308.00;110
14173;71;626672397;14173;403;15299;15409;6.06;0.37;306.53;14.86;1126;74;5309.00;110
14174;71;626672415;14174;401;15303;15415;6.11;0.37;306.56;14.92;1129;74;5310.00;112
14176;71;626672431;14176;411;15304;15415;6.13;0.37;306.62;14.92;1128;74;5311.00;111
14179;71;626672446;14179;414;15304;15415;6.11;0.37;306.66;14.92;1125;74;5312.00;111
14182;71;626672460;14182;418;15305;15415;6.08;0.37;306.67;14.92;1123;74;5313.00;110
14185;71;626672476;14185;424;15307;15419;6.06;0.37;306.73;14.92;1122;74;5314.00;112
14187;71;626672492;14187;430;15308;15419;6.06;0.37;306.72;14.92;1121;74;5315.00;111
14190;71;626672506;14190;438;15308;15419;5.96;0.36;306.77;14.92;1118;74;5316.00;111
14193;71;626672520;14193;430;15309;15419;5.91;0.36;306.77;14.92;1116;74;5317.00;110
14197;71;626672534;14197;428;15309;15420;5.83;0.36;306.80;14.92;1112;74;5318.00;111
14201;71;626672549;14201;423;15311;15421;5.81;0.35;306.88;14.92;1110;74;5319.00;110
14204;71;626672564;14204;419;15311;15421;5.78;0.35;306.89;14.92;1107;74;5320.00;110
14207;71;626672579;14207;411;15312;15422;5.77;0.35;306.91;14.92;1105;74;5321.00;110
14215;71;626672595;14215;419;15312;15422;5.72;0.35;306.98;14.92;1097;74;5322.00;110
14215;71;626672612;14215;425;15312;15422;5.76;0.35;306.98;14.92;1097;74;5323.00;110
14220;71;626672627;14220;426;15312;15422;5.73;0.35;307.03;14.92;1092;74;5324.00;110
14221;71;626672643;14221;431;15312;15422;5.69;0.35;307.06;14.92;1091;74;5325.00;110
14224;71;626672659;14224;421;15312;15422;5.69;0.35;307.08;14.92;1088;74;5326.00;110
14227;71;626672675;14227;414;15312;15422;5.67;0.35;307.14;14.92;1085;74;5327.00;110
14227;71;626672691;14227;431;15380;15549;5.81;0.36;307.14;14.85;1153;74;5328.00;169
14231;71;626672718;14231;409;15382;15550;5.83;0.36;307.18;14.85;1151;74;5329.00;168
14235;71;626672734;14235;405;15389;15550;5.94;0.37;307.17;14.84;1154;74;5330.00;161
14236;71;626672750;14236;399;15391;15550;6.04;0.37;307.16;14.84;1155;74;5331.00;159
14239;71;626672768;14239;393;15397;15550;6.14;0.38;307.16;14.84;1158;74;5332.00;153
14242;71;626672784;14242;388;15397;15550;6.17;0.38;307.28;14.84;1155;74;5333.00;153
14244;71;626672799;14244;387;15402;15550;6.27;0.39;307.25;14.83;1158;74;5334.00;148
14246;71;626672821;14246;385;15403;15550;6.31;0.39;307.32;14.83;1157;74;5335.00;147
14249;71;626672836;14249;384;15409;15551;6.40;0.39;307.37;14.83;1160;74;5336.00;142
14251;71;626672858;14251;380;15414;15552;6.44;0.40;307.35;14.83;1163;74;5337.00;138
14255;71;626672874;14255;378;15419;15552;6.50;0.40;307.36;14.83;1164;74;5338.00;133
14259;71;626672890;14259;374;15423;15553;6.53;0.40;307.36;14.83;1164;74;5339.00;130
14263;71;626672914;14263;364;15425;15553;6.51;0.40;307.35;14.83;1162;74;5340.00;128
14265;71;626672929;14265;365;15426;15553;6.51;0.40;307.40;14.83;1161;74;5341.00;127
14265;71;626672945;14265;360;15429;15553;6.54;0.40;307.40;14.83;1164;74;5342.00;124
14266;71;626672961;14266;371;15431;15557;6.54;0.40;307.40;14.82;1165;74;5343.00;126
14269;71;626672977;14269;376;15433;15557;6.53;0.40;307.42;14.82;1164;74;5344.00;124
14273;71;626672994;14273;379;15434;15557;6.50;0.40;307.49;14.82;1161;74;5345.00;123
14278;71;626673010;14278;381;15437;15560;6.46;0.40;307.51;14.82;1159;74;5346.00;123
14282;71;626673026;14282;385;15437;15560;6.32;0.39;307.51;14.82;1155;74;5347.00;123
14286;71;626673043;14286;393;15438;15560;6.23;0.38;307.52;14.82;1152;74;5348.00;122
14288;71;626673062;14288;401;15442;15564;6.20;0.38;307.52;14.82;1154;74;5349.00;122
14288;71;626673081;14288;402;15443;15565;6.20;0.38;307.52;14.82;1155;74;5350.00;122
14291;71;626673099;14291;412;15443;15565;6.13;0.38;307.54;14.82;1152;74;5351.00;122
14292;71;626673117;14292;410;15446;15569;6.09;0.37;307.53;14.81;1154;74;5352.00;123
14294;71;626673133;14294;421;15446;15569;6.00;0.37;307.52;14.81;1152;74;5353.00;123
14297;71;626673147;14297;422;15446;15569;5.91;0.36;307.50;14.81;1149;74;5354.00;123
14298;71;626673161;14298;427;15448;15571;5.87;0.36;307.59;14.81;1150;74;5355.00;123
14301;71;626673175;14301;427;15448;15571;5.79;0.35;307.57;14.81;1147;74;5356.00;123
14304;71;626673189;14304;438;15452;15577;5.72;0.35;307.54;14.81;1148;74;5357.00;125
14305;71;626673203;14305;440;15452;15577;5.65;0.35;307.53;14.81;1147;74;5358.00;125
14306;71;626673217;14306;442;15453;15577;5.59;0.34;307.53;14.81;1147;74;5359.00;124
14307;71;626673230;14307;441;15453;15578;5.56;0.34;307.52;14.81;1146;74;5360.00;125
14312;71;626673242;14312;441;15453;15578;5.50;0.34;307.48;14.81;1141;74;5361.00;125
14314;71;626673257;14314;445;15453;15578;5.43;0.33;307.48;14.81;1139;74;5362.00;125
14318;71;626673271;14318;443;15453;15578;5.37;0.33;307.47;14.81;1135;74;5363.00;125
14320;71;626673289;14320;440;15462;15590;5.35;0.33;307.45;14.80;1142;74;5364.00;128
14322;71;626673314;14322;436;15462;15590;5.28;0.32;307.42;14.80;1140;74;5365.00;128
14325;71;626673338;14325;433;15464;15590;5.28;0.32;307.39;14.80;1139;74;5366.00;126
14327;71;626673358;14327;435;15465;15590;5.27;0.32;307.39;14.86;1138;74;5367.00;125
14330;71;626673377;14330;438;15465;15590;5.23;0.32;307.36;14.86;1135;74;5368.00;125
14334;71;626673395;14334;435;15465;15590;5.20;0.32;307.38;14.86;1131;74;5369.00;125
14338;71;626673412;14338;431;15468;15594;5.16;0.32;307.36;14.86;1130;74;5370.00;126
14340;71;626673426;14340;425;15468;15594;5.12;0.32;307.33;14.86;1128;74;5371.00;126
14346;71;626673441;14346;417;15472;15598;5.09;0.31;307.27;14.93;1126;74;5372.00;126
14347;71;626673455;14347;414;15474;15599;5.10;0.31;307.28;14.92;1127;74;5373.00;125
14349;71;626673470;14349;406;15475;15599;5.08;0.31;307.26;14.94;1126;74;5374.00;124
14350;71;626673494;14350;405;15475;15599;5.09;0.31;307.26;14.94;1125;74;5375.00;124
14352;71;626673508;14352;398;15487;15612;5.10;0.31;307.26;15.01;1135;74;5376.00;125
14356;71;626673523;14356;398;15487;15612;5.05;0.31;307.24;15.01;1131;74;5377.00;125
14359;71;626673542;14359;397;15488;15612;5.03;0.31;307.25;15.01;1129;74;5378.00;124
14361;71;626673556;14361;392;15489;15613;5.03;0.31;307.26;15.01;1128;74;5379.00;124
14364;71;626673569;14364;393;15491;15614;5.04;0.31;307.25;15.08;1127;74;5380.00;123
14367;71;626673582;14367;386;15491;15614;5.00;0.30;307.23;15.08;1124;74;5381.00;123
14367;71;626673596;14367;391;15494;15617;5.02;0.31;307.23;15.15;1127;74;5382.00;123
14370;71;626673609;14370;395;15495;15617;5.01;0.31;307.22;15.15;1125;74;5383.00;122
14371;71;626673622;14371;392;15495;15617;5.01;0.30;307.27;15.15;1124;74;5384.00;122
14371;71;626673636;14371;397;15496;15617;5.04;0.31;307.27;15.22;1125;74;5385.00;121
14373;71;626673648;14373;404;15500;15623;5.03;0.31;307.26;15.21;1127;74;5386.00;123
14374;71;626673662;14374;396;15501;15623;5.03;0.31;307.26;15.21;1127;74;5387.00;122
14376;71;626673675;14376;382;15502;15623;5.02;0.31;307.24;15.28;1126;74;5388.00;121
14378;71;626673688;14378;372;15502;15623;5.03;0.31;307.22;15.28;1124;74;5389.00;121
14381;71;626673701;14381;370;15506;15627;5.02;0.31;307.25;15.34;1125;74;5390.00;121
14382;71;626673715;14382;362;15507;15628;5.06;0.31;307.25;15.34;1125;74;5391.00;121
14383;71;626673730;14383;359;15507;15628;5.09;0.31;307.24;15.34;1124;74;5392.00;121
14385;71;626673746;14385;360;15508;15629;5.14;0.31;307.24;15.34;1123;74;5393.00;121
14386;71;626673760;14386;354;15508;15629;5.18;0.31;307.24;15.34;1122;74;5394.00;121
14387;71;626673776;14387;342;15509;15629;5.24;0.32;307.27;15.35;1122;74;5395.00;120
14391;71;626673795;14391;338;15509;15629;5.30;0.32;307.28;15.35;1118;74;5396.00;120
14392;71;626673818;14392;339;15509;15629;5.40;0.33;307.28;15.35;1117;74;5397.00;120
14392;71;626673835;14392;345;15509;15629;5.44;0.33;307.28;15.35;1117;74;5398.00;120
14392;71;626673858;14392;344;15509;15629;5.48;0.33;307.28;15.35;1117;74;5399.00;120
