step_arrived;step_collisions;step_duration;step_ended;step_halting;step_inserted;step_loaded;step_meanSpeed;step_meanSpeedRelative;step_meanTravelTime;step_meanWaitingTime;step_running;step_teleports;step_time;step_waiting
0;0;626166484;0;1;82;245;16.53;1.18;-1.00;0.00;82;0;0.00;163
0;0;626166513;0;0;93;245;15.74;1.10;-1.00;0.12;93;0;1.00;152
0;0;626166514;0;2;115;245;15.14;1.03;-1.00;0.48;115;0;2.00;130
0;0;626166515;0;2;130;245;14.11;0.95;-1.00;0.77;130;0;3.00;115
0;0;626166516;0;1;142;245;13.11;0.88;-1.00;1.04;142;0;4.00;103
0;0;626166518;0;6;154;245;11.89;0.80;-1.00;1.35;154;0;5.00;91
0;0;626166519;0;4;162;245;11.11;0.74;-1.00;1.58;162;0;6.00;83
0;0;626166521;0;7;170;245;10.43;0.70;-1.00;1.84;170;0;7.00;75
0;0;626166523;0;12;176;246;9.90;0.66;-1.00;2.05;176;0;8.00;70
0;0;626166525;0;13;182;247;9.51;0.63;-1.00;2.27;182;0;9.00;65
0;0;626166527;0;18;187;247;9.52;0.63;-1.00;2.48;187;0;10.00;60
0;0;626166529;0;23;193;248;9.25;0.61;-1.00;2.69;193;0;11.00;55
1;0;626166531;1;23;198;248;9.06;0.60;12.00;2.93;197;0;12.00;50
1;0;626166533;1;28;203;248;9.07;0.59;12.00;3.18;202;0;13.00;45
1;0;626166536;1;34;206;248;9.07;0.59;12.00;3.33;205;0;14.00;42
1;0;626166538;1;34;210;252;9.13;0.59;12.00;3.49;209;0;15.00;42
1;0;626166541;1;40;215;252;9.01;0.58;12.00;3.75;214;0;16.00;37
1;0;626166551;1;43;219;252;8.96;0.57;12.00;3.93;218;0;17.00;33
1;0;626166554;1;46;221;255;9.06;0.58;12.00;3.97;220;0;18.00;34
2;0;626166557;2;52;223;255;9.17;0.58;15.50;4.11;221;0;19.00;32
3;0;626166560;3;57;224;255;9.33;0.59;17.00;4.18;221;0;20.00;31
3;0;626166563;3;62;233;259;9.45;0.60;17.00;4.48;230;0;21.00;26
4;0;626166567;4;65;234;260;9.55;0.60;18.25;4.47;230;0;22.00;26
4;0;626166570;4;68;239;260;9.35;0.59;18.25;4.86;235;0;23.00;21
5;0;626166573;5;70;243;264;9.20;0.57;19.40;4.94;238;0;24.00;21
6;0;626166576;6;72;245;264;9.07;0.56;20.00;4.93;239;0;25.00;19
6;0;626166580;6;74;247;264;9.00;0.56;20.00;5.10;241;0;26.00;17
6;0;626166582;6;79;250;265;9.05;0.56;20.00;5.26;244;0;27.00;15
6;0;626166586;6;82;250;265;9.07;0.56;20.00;5.26;244;0;28.00;15
6;0;626166589;6;84;254;271;9.03;0.56;20.00;5.19;248;0;29.00;17
6;0;626166595;6;87;256;271;9.05;0.56;20.00;5.33;250;0;30.00;15
6;0;626166598;6;89;258;272;8.93;0.55;20.00;5.36;252;0;31.00;14
7;0;626166602;7;93;259;272;8.77;0.54;21.29;5.46;252;0;32.00;13
7;0;626166605;7;96;260;272;8.76;0.54;21.29;5.50;253;0;33.00;12
7;0;626166609;7;97;261;272;8.61;0.53;21.29;5.50;254;0;34.00;11
9;0;626166612;9;102;263;272;8.50;0.53;23.33;5.62;254;0;35.00;9
9;0;626166616;9;105;275;284;8.80;0.54;23.33;5.37;266;0;36.00;9
10;0;626166620;10;111;276;284;8.69;0.54;24.70;5.49;266;0;37.00;8
10;0;626166623;10;109;276;284;8.57;0.53;24.70;5.49;266;0;38.00;8
10;0;626166626;10;111;277;284;8.50;0.53;24.70;5.61;267;0;39.00;7
12;0;626166629;12;115;277;284;8.34;0.52;27.08;5.61;265;0;40.00;7
13;0;626166632;13;117;278;284;8.15;0.51;27.92;5.73;265;0;41.00;6
13;0;626166636;13;122;282;288;8.13;0.50;27.92;5.67;269;0;42.00;6
14;0;626166640;14;127;282;288;7.96;0.50;27.50;5.67;268;0;43.00;6
15;0;626166643;15;133;286;292;7.86;0.49;28.60;5.67;271;0;44.00;6
16;0;626166647;16;137;288;294;7.84;0.49;29.31;5.63;272;0;45.00;6
16;0;626166650;16;141;289;294;7.75;0.48;29.31;5.62;273;0;46.00;5
17;0;626166653;17;139;289;294;7.68;0.48;29.94;5.62;272;0;47.00;5
18;0;626166656;18;140;300;307;7.84;0.49;30.61;5.41;282;0;48.00;7
18;0;626166661;18;144;300;307;7.76;0.48;30.61;5.41;282;0;49.00;7
18;0;626166665;18;148;300;307;7.72;0.48;30.61;5.41;282;0;50.00;7
18;0;626166668;18;145;301;308;7.80;0.49;30.61;5.40;283;0;51.00;7
18;0;626166671;18;147;302;309;7.77;0.48;30.61;5.38;284;0;52.00;7
20;0;626166674;20;148;302;309;7.66;0.47;32.80;5.38;282;0;53.00;7
21;0;626166676;21;149;304;312;7.63;0.47;32.10;5.35;283;0;54.00;8
22;0;626166680;22;151;304;312;7.44;0.46;32.09;5.35;282;0;55.00;8
23;0;626166683;23;142;305;312;7.42;0.46;32.13;5.34;282;0;56.00;7
24;0;626166687;24;140;305;312;7.34;0.45;33.00;5.34;281;0;57.00;7
26;0;626166690;26;139;309;318;7.28;0.45;34.92;5.28;283;0;58.00;9
26;0;626166696;26;137;309;318;7.30;0.45;34.92;5.28;283;0;59.00;9
28;0;626166702;28;140;311;318;7.23;0.44;36.64;5.27;283;0;60.00;7
29;0;626166705;29;143;311;318;7.32;0.45;37.48;5.27;282;0;61.00;7
29;0;626166708;29;146;315;322;7.41;0.45;37.48;5.21;286;0;62.00;7
29;0;626166712;29;146;316;323;7.60;0.47;37.48;5.20;287;0;63.00;7
29;0;626166715;29;148;316;323;7.71;0.47;37.48;5.20;287;0;64.00;7
29;0;626166718;29;150;317;324;7.86;0.48;37.48;5.18;288;0;65.00;7
30;0;626166721;30;152;317;324;7.81;0.48;37.03;5.18;287;0;66.00;7
31;0;626166724;31;143;317;324;7.90;0.48;37.87;5.18;286;0;67.00;7
32;0;626166728;32;136;317;324;7.97;0.49;38.63;5.18;285;0;68.00;7
32;0;626166731;32;131;317;324;8.07;0.49;38.63;5.18;285;0;69.00;7
32;0;626166734;32;131;317;324;8.20;0.50;38.63;5.18;285;0;70.00;7
35;0;626166737;35;129;317;324;8.24;0.50;40.60;5.18;282;0;71.00;7
35;0;626166740;35;136;353;394;8.27;0.51;40.60;4.65;318;0;72.00;41
35;0;626166749;35;125;354;395;8.44;0.52;40.60;4.64;319;0;73.00;41
35;0;626166753;35;120;360;395;8.88;0.54;40.60;4.60;325;0;74.00;35
35;1;626166757;35;117;363;395;9.15;0.56;40.60;4.59;328;1;75.00;32
35;1;626166773;35;112;367;395;9.33;0.57;40.60;4.58;332;1;76.00;28
36;1;626166782;36;111;371;395;9.55;0.58;41.61;4.58;335;1;77.00;24
36;1;626166793;36;110;376;395;9.66;0.59;41.61;4.60;340;1;78.00;19
36;1;626166796;36;109;377;395;9.68;0.59;41.61;4.61;341;1;79.00;18
36;1;626166801;36;110;379;396;9.69;0.59;41.61;4.61;343;1;80.00;17
37;2;626166805;37;112;380;397;9.73;0.59;42.22;4.60;343;2;81.00;17
38;2;626166821;38;115;381;397;9.73;0.59;43.26;4.61;343;2;82.00;16
38;2;626166825;38;120;385;401;9.61;0.59;43.26;4.57;347;2;83.00;16
40;2;626166830;40;123;385;401;9.58;0.58;45.30;4.57;345;2;84.00;16
41;2;626166834;41;126;385;401;9.47;0.58;46.15;4.57;344;2;85.00;16
42;2;626166838;42;128;385;401;9.32;0.57;47.10;4.57;343;2;86.00;16
43;2;626166842;43;130;389;407;9.16;0.56;48.02;4.54;346;2;87.00;18
44;2;626166846;44;134;389;407;9.03;0.55;48.73;4.54;345;2;88.00;18
45;2;626166850;45;138;390;407;8.88;0.54;49.62;4.53;345;2;89.00;17
46;2;626166855;46;137;393;413;8.83;0.53;50.50;4.50;347;2;90.00;20
47;2;626166861;47;139;394;413;8.90;0.54;51.36;4.49;347;2;91.00;19
48;2;626166865;48;139;394;413;8.83;0.53;50.71;4.49;346;2;92.00;19
50;2;626166868;50;139;396;414;8.75;0.53;52.40;4.48;346;2;93.00;18
52;2;626166872;52;138;398;415;8.76;0.53;54.00;4.47;346;2;94.00;17
53;2;626166877;53;140;398;415;8.71;0.53;54.77;4.47;345;2;95.00;17
55;2;626166881;55;143;409;428;8.62;0.52;56.16;4.35;354;2;96.00;19
55;2;626166885;55;142;409;428;8.68;0.53;56.16;4.35;354;2;97.00;19
58;2;626166889;58;140;409;428;8.63;0.53;58.33;4.35;351;2;98.00;19
61;2;626166894;61;135;410;429;8.65;0.53;60.30;4.34;349;2;99.00;19
62;2;626166899;62;134;410;429;8.71;0.53;60.89;4.34;348;2;100.00;19
63;2;626166908;63;131;412;433;8.78;0.53;61.52;4.32;349;2;101.00;21
63;2;626166913;63;124;413;433;8.84;0.54;61.52;4.31;350;2;102.00;20
63;2;626166917;63;119;417;437;8.82;0.54;61.52;4.28;354;2;103.00;20
65;2;626166922;65;114;417;437;8.93;0.54;62.40;4.28;352;2;104.00;20
66;2;626166926;66;112;417;437;9.12;0.56;63.03;4.28;351;2;105.00;20
66;2;626166931;66;102;417;437;9.30;0.57;63.03;4.28;351;2;106.00;20
67;2;626166936;67;96;417;437;9.40;0.57;63.66;4.28;350;2;107.00;20
68;2;626166941;68;88;427;449;9.65;0.59;64.31;4.18;359;2;108.00;22
68;2;626166947;68;84;428;449;9.83;0.60;64.31;4.18;360;2;109.00;21
68;2;626166951;68;77;429;449;10.07;0.62;64.31;4.17;361;2;110.00;20
68;2;626166957;68;73;429;449;10.26;0.63;64.31;4.17;361;2;111.00;20
69;2;626166962;69;72;429;449;10.49;0.64;64.65;4.17;360;2;112.00;20
70;2;626166968;70;71;429;449;10.67;0.65;65.30;4.17;359;2;113.00;20
70;2;626166974;70;69;430;450;10.91;0.67;65.30;4.16;360;2;114.00;20
71;2;626166979;71;69;430;450;11.14;0.68;66.00;4.16;359;2;115.00;20
74;2;626166985;74;69;434;456;11.31;0.69;67.30;4.13;360;2;116.00;22
74;2;626166992;74;68;437;457;11.40;0.69;67.30;4.38;363;2;117.00;20
74;2;626166997;74;69;437;457;11.42;0.70;67.30;4.38;363;2;118.00;20
75;2;626167009;75;70;437;457;11.48;0.70;67.96;4.38;362;2;119.00;20
75;2;626167017;75;70;443;462;11.58;0.71;67.96;4.70;368;2;120.00;19
77;2;626167023;77;72;444;462;11.67;0.71;69.31;4.80;367;2;121.00;18
78;2;626167029;78;76;445;462;11.69;0.71;69.06;5.06;367;2;122.00;17
79;2;626167035;79;75;448;463;11.82;0.72;69.71;5.26;369;2;123.00;15
80;2;626167041;80;74;453;467;11.78;0.72;70.39;5.48;373;2;124.00;14
80;2;626167047;80;77;455;467;11.78;0.72;70.39;5.69;375;2;125.00;12
81;2;626167059;81;80;458;470;11.86;0.72;71.05;5.93;377;2;126.00;12
81;2;626167068;81;83;461;470;11.94;0.73;71.05;6.10;380;2;127.00;9
82;2;626167079;82;85;461;470;11.97;0.73;71.56;6.10;379;2;128.00;9
82;2;626167097;82;91;462;470;12.03;0.73;71.56;6.26;380;2;129.00;8
86;2;626167108;86;89;464;474;12.02;0.73;73.65;6.24;378;2;130.00;10
88;2;626167119;88;88;467;474;11.98;0.73;74.95;6.48;379;2;131.00;7
89;2;626167130;89;88;469;474;12.01;0.73;75.58;6.46;380;2;132.00;5
90;2;626167139;90;89;470;474;11.95;0.73;76.20;6.58;380;2;133.00;4
94;2;626167147;94;89;471;475;11.93;0.73;77.30;6.57;377;2;134.00;4
94;2;626167158;94;91;473;477;11.91;0.73;77.30;6.54;379;2;135.00;4
95;2;626167168;95;92;474;477;11.91;0.73;77.78;6.66;379;2;136.00;3
95;2;626167176;95;93;476;478;12.03;0.74;77.78;6.72;381;2;137.00;2
97;2;626167183;97;93;476;478;12.04;0.74;79.02;6.72;379;2;138.00;2
100;2;626167191;100;97;476;478;11.99;0.74;80.50;6.72;376;2;139.00;2
102;2;626167198;102;97;477;478;11.90;0.73;80.63;6.80;375;2;140.00;1
103;2;626167206;103;99;477;478;11.77;0.72;81.10;6.80;374;2;141.00;1
105;2;626167223;105;101;478;478;11.65;0.72;81.90;6.83;373;2;142.00;0
106;2;626167231;106;103;478;478;11.48;0.71;81.79;6.83;372;2;143.00;0
109;2;626167238;109;127;552;605;11.02;0.70;82.15;5.92;443;2;144.00;53
113;2;626167264;113;121;560;606;10.86;0.69;83.06;5.85;447;2;145.00;46
116;2;626167272;116;121;566;606;10.82;0.68;84.60;5.81;450;2;146.00;40
117;2;626167279;117;123;570;606;10.65;0.67;85.09;5.79;453;2;147.00;36
118;2;626167286;118;125;573;606;10.62;0.67;85.14;5.78;455;2;148.00;33
118;2;626167292;118;125;577;606;10.68;0.67;85.14;5.77;459;2;149.00;29
119;2;626167301;119;123;579;611;10.71;0.67;85.58;5.78;460;2;150.00;32
122;2;626167310;122;120;582;611;10.74;0.67;85.87;5.78;460;2;151.00;29
125;2;626167318;125;122;585;612;10.78;0.67;85.68;5.79;460;2;152.00;27
126;2;626167325;126;122;588;613;10.93;0.68;86.21;5.81;462;2;153.00;25
129;2;626167333;129;124;591;613;11.05;0.69;87.48;5.83;462;2;154.00;22
129;2;626167340;129;125;595;614;11.07;0.69;87.48;5.85;466;2;155.00;19
129;2;626167348;129;128;599;614;10.95;0.68;87.48;5.88;470;2;156.00;15
131;2;626167354;131;130;601;614;10.78;0.67;88.38;5.90;470;2;157.00;13
132;2;626167362;132;134;604;614;10.71;0.66;88.71;5.93;472;2;158.00;10
133;2;626167368;133;139;607;618;10.61;0.66;89.07;5.93;474;2;159.00;11
133;2;626167376;133;144;608;618;10.47;0.65;89.07;5.95;475;2;160.00;10
134;2;626167383;134;146;609;618;10.30;0.64;89.57;5.95;475;2;161.00;9
136;2;626167389;136;150;613;621;10.07;0.62;90.60;5.96;477;2;162.00;8
136;2;626167396;136;150;613;621;10.04;0.62;90.60;5.96;477;2;163.00;8
137;2;626167402;137;156;614;621;9.96;0.62;91.13;5.97;477;2;164.00;7
138;2;626167408;138;157;617;625;9.90;0.61;91.53;5.95;479;2;165.00;8
141;2;626167415;141;153;618;626;9.77;0.60;92.12;5.94;477;2;166.00;8
145;2;626167422;145;148;618;626;9.60;0.59;92.49;5.94;473;2;167.00;8
146;2;626167428;146;148;624;630;9.48;0.59;92.95;5.93;478;2;168.00;6
148;2;626167434;148;153;624;630;9.33;0.58;93.56;5.93;476;2;169.00;6
149;2;626167440;149;142;625;630;9.16;0.57;93.90;5.95;476;2;170.00;5
152;2;626167455;152;136;626;631;9.15;0.56;94.51;5.94;474;2;171.00;5
154;2;626167462;154;132;627;631;9.17;0.57;94.88;5.98;473;2;172.00;4
157;2;626167469;157;131;633;637;9.22;0.57;96.19;5.97;476;2;173.00;4
157;2;626167476;157;131;633;637;9.37;0.58;96.19;5.97;476;2;174.00;4
157;2;626167483;157;131;636;638;9.45;0.58;96.19;5.97;479;2;175.00;2
159;2;626167490;159;130;638;638;9.51;0.58;96.89;6.00;479;2;176.00;0
159;2;626167505;159;124;638;638;9.63;0.59;96.89;6.00;479;2;177.00;0
159;2;626167513;159;120;638;638;9.71;0.60;96.89;6.00;479;2;178.00;0
161;2;626167519;161;119;638;638;9.79;0.60;96.92;6.00;477;2;179.00;0
163;2;626167528;163;118;670;672;9.85;0.61;96.67;5.71;507;2;180.00;2
163;2;626167537;163;117;670;672;9.91;0.61;96.67;5.71;507;2;181.00;2
163;2;626167544;163;120;671;672;9.94;0.62;96.67;5.71;508;2;182.00;1
165;2;626167557;165;120;672;672;10.03;0.62;97.51;5.71;507;2;183.00;0
166;2;626167565;166;127;672;672;10.10;0.62;97.60;5.71;506;2;184.00;0
166;2;626167578;166;128;672;672;10.17;0.63;97.60;5.71;506;2;185.00;0
168;2;626167585;168;130;676;676;10.24;0.63;98.36;5.68;508;2;186.00;0
170;2;626167593;170;137;676;676;10.31;0.64;99.01;5.68;506;2;187.00;0
170;2;626167599;170;143;679;680;10.32;0.64;99.01;5.66;509;2;188.00;1
174;2;626167607;174;147;680;681;10.19;0.63;99.09;5.65;506;2;189.00;1
176;2;626167614;176;155;681;681;10.06;0.62;99.72;5.64;505;2;190.00;0
180;2;626167621;180;163;681;681;9.91;0.61;100.24;5.64;501;2;191.00;0
183;2;626167636;183;169;694;694;9.84;0.61;100.40;5.54;511;2;192.00;0
187;2;626167645;187;169;694;694;9.65;0.59;101.02;5.54;507;2;193.00;0
190;2;626167652;190;175;694;694;9.42;0.58;100.84;5.54;504;2;194.00;0
192;2;626167660;192;179;695;695;9.33;0.57;101.31;5.53;503;2;195.00;0
197;2;626167666;197;182;696;696;9.13;0.56;100.77;5.53;499;2;196.00;0
200;2;626167673;200;190;696;696;9.08;0.56;100.97;5.53;496;2;197.00;0
204;2;626167680;204;195;698;699;9.05;0.55;101.41;5.51;494;2;198.00;1
207;2;626167687;207;191;699;699;8.92;0.54;101.37;5.50;492;2;199.00;0
208;2;626167696;208;195;699;699;8.75;0.53;101.15;5.50;491;2;200.00;0
211;2;626167706;211;199;699;699;8.51;0.52;100.30;5.50;488;2;201.00;0
211;2;626167713;211;204;703;705;8.41;0.51;100.30;5.48;492;2;202.00;2
213;2;626167720;213;211;704;705;8.29;0.51;100.43;5.47;491;2;203.00;1
215;2;626167727;215;213;705;705;8.12;0.50;100.64;5.47;490;2;204.00;0
218;2;626167733;218;219;705;705;7.94;0.49;100.64;5.47;487;2;205.00;0
219;2;626167739;219;223;709;709;7.75;0.48;101.09;5.44;490;2;206.00;0
220;2;626167746;220;230;710;710;7.62;0.47;100.75;5.44;490;2;207.00;0
220;2;626167752;220;238;710;710;7.50;0.46;100.75;5.44;490;2;208.00;0
221;2;626167758;221;236;711;711;7.43;0.46;100.89;5.43;490;2;209.00;0
224;2;626167766;224;244;711;711;7.36;0.45;102.33;5.43;487;2;210.00;0
225;2;626167772;225;243;711;711;7.36;0.45;102.41;5.43;486;2;211.00;0
227;2;626167778;227;248;711;711;7.34;0.45;102.11;5.43;484;2;212.00;0
228;2;626167784;228;250;711;711;7.25;0.45;101.78;5.43;483;2;213.00;0
229;2;626167790;229;259;711;711;7.18;0.44;102.24;5.43;482;2;214.00;0
229;2;626167796;229;264;711;711;7.09;0.44;102.24;5.43;482;2;215.00;0
229;2;626167802;229;276;755;781;7.27;0.45;102.24;5.11;526;2;216.00;26
229;2;626167814;229;261;758;782;7.30;0.45;102.24;5.10;529;2;217.00;24
230;2;626167821;230;249;764;782;7.42;0.46;102.74;5.07;534;2;218.00;18
231;2;626167828;231;231;767;782;7.61;0.47;103.23;5.07;536;2;219.00;15
234;2;626167835;234;217;770;782;7.79;0.48;103.91;5.06;536;2;220.00;12
234;2;626167842;234;212;773;782;8.04;0.49;103.91;5.06;539;2;221.00;9
235;2;626167849;235;201;777;782;8.25;0.51;104.15;5.07;542;2;222.00;5
236;2;626167856;236;198;779;782;8.47;0.52;104.04;5.07;543;2;223.00;3
237;2;626167864;237;191;782;783;8.63;0.53;104.54;5.07;545;2;224.00;1
239;2;626167871;239;178;784;785;8.64;0.53;105.51;5.06;545;2;225.00;1
239;2;626167879;239;166;785;785;8.78;0.54;105.51;5.07;546;2;226.00;0
240;2;626167886;240;156;789;789;8.88;0.54;106.00;5.05;549;2;227.00;0
240;3;626167894;240;142;789;789;9.04;0.55;106.00;5.05;549;3;228.00;0
242;3;626167921;242;137;789;789;9.21;0.56;106.15;5.05;547;3;229.00;0
242;3;626167929;242;132;789;789;9.37;0.58;106.15;5.05;547;3;230.00;0
243;3;626167956;243;124;794;795;9.48;0.58;106.32;5.02;551;3;231.00;1
244;3;626167965;244;123;794;795;9.56;0.59;106.64;5.02;550;3;232.00;1
246;3;626167980;246;115;795;795;9.63;0.59;106.53;5.02;549;3;233.00;0
249;3;626167988;249;112;797;798;9.74;0.59;107.46;5.01;548;3;234.00;1
250;3;626167996;250;105;798;798;9.88;0.60;107.47;5.00;548;3;235.00;0
252;3;626168004;252;105;798;798;10.02;0.61;108.32;5.00;546;3;236.00;0
255;3;626168012;255;98;799;799;10.12;0.62;109.07;4.99;544;3;237.00;0
256;3;626168021;256;95;800;800;10.25;0.63;108.73;4.99;544;3;238.00;0
257;3;626168030;257;95;800;800;10.36;0.63;108.67;4.99;543;3;239.00;0
261;3;626168039;261;101;823;826;10.21;0.62;109.17;4.85;562;3;240.00;3
263;3;626168058;263;102;823;826;10.27;0.63;109.90;4.85;560;3;241.00;3
265;3;626168067;265;95;824;826;10.38;0.63;110.85;4.85;559;3;242.00;2
267;3;626168076;267;100;826;827;10.46;0.64;111.83;4.84;559;3;243.00;1
271;3;626168084;271;101;827;827;10.53;0.64;112.87;4.84;556;3;244.00;0
274;3;626168092;274;106;830;831;10.54;0.64;112.85;4.82;556;3;245.00;1
277;3;626168101;277;108;830;831;10.55;0.64;113.00;4.82;553;3;246.00;1
279;3;626168110;279;113;835;835;10.45;0.64;113.63;4.80;556;3;247.00;0
281;3;626168131;281;122;835;835;10.43;0.63;114.17;4.80;554;3;248.00;0
285;3;626168140;285;127;835;835;10.37;0.63;115.02;4.80;550;3;249.00;0
288;3;626168147;288;128;835;835;10.32;0.63;116.23;4.80;547;3;250.00;0
289;3;626168160;289;132;835;835;10.28;0.63;116.20;4.80;546;3;251.00;0
292;3;626168167;292;135;846;847;10.23;0.62;117.51;4.74;554;3;252.00;1
295;3;626168174;295;138;846;847;10.16;0.62;117.75;4.74;551;3;253.00;1
295;3;626168182;295;143;847;847;10.13;0.62;117.75;4.74;552;3;254.00;0
297;3;626168188;297;146;847;847;10.07;0.61;118.29;4.74;550;3;255.00;0
298;3;626168195;298;152;847;847;10.06;0.61;118.70;4.74;549;3;256.00;0
298;3;626168201;298;155;847;847;10.09;0.62;118.70;4.74;549;3;257.00;0
299;3;626168208;299;160;848;848;10.11;0.62;118.69;4.73;549;3;258.00;0
302;3;626168214;302;164;848;848;10.02;0.61;118.84;4.73;546;3;259.00;0
303;3;626168220;303;156;853;854;9.87;0.60;118.89;4.71;550;3;260.00;1
304;3;626168232;304;149;854;855;9.87;0.60;118.89;4.71;550;3;261.00;1
305;3;626168240;305;149;855;855;9.94;0.60;118.73;4.70;550;3;262.00;0
309;3;626168247;309;147;855;855;9.96;0.60;118.50;4.70;546;3;263.00;0
309;3;626168254;309;137;859;859;10.05;0.61;118.50;4.68;550;3;264.00;0
312;3;626168260;312;138;859;859;10.04;0.61;119.10;4.68;547;3;265.00;0
313;3;626168267;313;137;859;859;10.13;0.61;119.26;4.68;546;3;266.00;0
314;3;626168273;314;137;860;860;10.27;0.62;119.50;4.68;546;3;267.00;0
314;3;626168280;314;141;864;864;10.24;0.62;119.50;4.66;550;3;268.00;0
317;3;626168286;317;129;864;864;10.34;0.63;120.01;4.66;547;3;269.00;0
320;3;626168295;320;128;867;870;10.40;0.63;120.24;4.64;547;3;270.00;3
324;3;626168302;324;123;868;870;10.41;0.63;121.23;4.64;544;3;271.00;2
326;3;626168308;326;119;868;870;10.38;0.63;121.49;4.64;542;3;272.00;2
330;3;626168315;330;117;869;870;10.47;0.63;122.18;4.64;539;3;273.00;1
333;3;626168321;333;114;871;874;10.58;0.64;122.13;4.63;538;3;274.00;3
336;3;626168329;336;110;872;874;10.73;0.65;122.21;4.63;536;3;275.00;2
338;3;626168336;338;108;873;874;10.93;0.66;122.27;4.63;535;3;276.00;1
340;3;626168342;340;104;873;874;11.09;0.67;122.72;4.63;533;3;277.00;1
340;3;626168349;340;100;875;875;11.31;0.68;122.72;4.63;535;3;278.00;0
341;3;626168356;341;96;876;876;11.46;0.69;122.97;4.62;535;3;279.00;0
345;3;626168363;345;92;876;876;11.54;0.70;123.16;4.62;531;3;280.00;0
345;3;626168371;345;87;877;877;11.61;0.70;123.16;4.62;532;3;281.00;0
346;3;626168378;346;86;877;877;11.62;0.70;122.99;4.62;531;3;282.00;0
348;3;626168385;348;85;877;877;11.65;0.70;122.98;4.62;529;3;283.00;0
348;3;626168393;348;86;877;877;11.68;0.71;122.98;4.62;529;3;284.00;0
350;3;626168400;350;87;877;877;11.67;0.71;123.09;4.62;527;3;285.00;0
350;3;626168408;350;87;877;877;11.70;0.71;123.09;4.62;527;3;286.00;0
350;3;626168415;350;81;877;877;11.75;0.71;123.09;4.62;527;3;287.00;0
352;3;626168423;352;103;948;1004;11.29;0.70;123.48;4.27;596;3;288.00;56
354;3;626168440;354;94;950;1005;11.30;0.70;123.85;4.27;596;3;289.00;55
355;3;626168449;355;88;958;1005;11.38;0.70;124.11;4.25;603;3;290.00;47
356;3;626168457;356;84;961;1005;11.51;0.71;124.55;4.24;605;3;291.00;44
358;3;626168465;358;86;965;1005;11.57;0.71;125.39;4.24;607;3;292.00;40
359;3;626168475;359;88;970;1005;11.67;0.72;125.45;4.25;611;3;293.00;35
361;3;626168491;361;87;975;1005;11.85;0.73;125.58;4.26;614;3;294.00;30
362;3;626168500;362;90;977;1005;11.96;0.74;125.94;4.26;615;3;295.00;28
364;3;626168509;364;87;983;1006;12.14;0.74;126.60;4.28;619;3;296.00;23
366;3;626168518;366;89;986;1007;12.19;0.75;126.09;4.30;620;3;297.00;21
368;3;626168526;368;92;989;1007;12.29;0.75;125.59;4.32;621;3;298.00;18
370;3;626168535;370;94;991;1008;12.27;0.75;125.90;4.32;621;3;299.00;17
374;3;626168547;374;99;995;1014;12.18;0.75;126.57;4.34;621;3;300.00;19
374;3;626168566;374;103;996;1014;12.10;0.74;126.57;4.35;622;3;301.00;18
376;3;626168581;376;108;999;1014;11.98;0.73;127.17;4.38;623;3;302.00;15
377;3;626168590;377;111;1002;1018;11.89;0.73;127.44;4.38;625;3;303.00;16
377;3;626168600;377;117;1005;1018;11.75;0.72;127.44;4.41;628;3;304.00;13
379;3;626168608;379;128;1006;1018;11.65;0.72;128.18;4.42;627;3;305.00;12
381;3;626168623;381;131;1010;1021;11.55;0.71;128.44;4.43;629;3;306.00;11
381;3;626168632;381;139;1011;1021;11.47;0.71;128.44;4.43;630;3;307.00;10
384;3;626168642;384;145;1012;1021;11.29;0.70;128.35;4.43;628;3;308.00;9
388;3;626168651;388;150;1015;1025;11.07;0.68;128.93;4.42;627;3;309.00;10
390;3;626168660;390;155;1016;1026;10.93;0.67;129.35;4.42;626;3;310.00;10
394;3;626168669;394;159;1016;1026;10.76;0.66;129.56;4.42;622;3;311.00;10
395;3;626168677;395;164;1021;1030;10.72;0.66;130.01;4.41;626;3;312.00;9
398;3;626168686;398;167;1021;1030;10.62;0.66;130.52;4.41;623;3;313.00;9
399;3;626168694;399;171;1022;1030;10.53;0.65;130.68;4.42;623;3;314.00;8
400;3;626168702;400;173;1024;1032;10.40;0.64;130.96;4.41;624;3;315.00;8
401;3;626168711;401;180;1024;1032;10.27;0.63;130.77;4.41;623;3;316.00;8
404;3;626168719;404;184;1028;1038;10.19;0.63;131.33;4.40;624;3;317.00;10
404;3;626168727;404;186;1028;1038;10.04;0.62;131.33;4.40;624;3;318.00;10
408;3;626168735;408;184;1029;1039;9.90;0.61;131.46;4.40;621;3;319.00;10
412;3;626168744;412;186;1031;1039;9.79;0.60;132.63;4.44;619;3;320.00;8
415;3;626168753;415;186;1032;1039;9.76;0.60;132.82;4.45;617;3;321.00;7
417;4;626168763;417;189;1032;1039;9.75;0.60;132.99;4.45;615;4;322.00;7
420;4;626168784;420;191;1035;1039;9.73;0.60;133.26;4.51;615;4;323.00;4
425;4;626168792;425;200;1047;1051;9.75;0.60;134.67;4.47;622;4;324.00;4
428;4;626168801;428;201;1049;1051;9.73;0.60;134.92;4.51;621;4;325.00;2
429;4;626168809;429;202;1050;1051;9.68;0.59;134.89;4.51;621;4;326.00;1
431;4;626168823;431;203;1051;1051;9.74;0.60;134.83;4.51;620;4;327.00;0
433;4;626168832;433;205;1051;1051;9.75;0.60;134.76;4.51;618;4;328.00;0
436;4;626168839;436;207;1051;1051;9.72;0.60;135.32;4.51;615;4;329.00;0
440;4;626168854;440;210;1055;1055;9.61;0.59;136.12;4.50;615;4;330.00;0
441;4;626168861;441;211;1055;1055;9.54;0.58;136.56;4.50;614;4;331.00;0
443;4;626168868;443;216;1058;1059;9.49;0.58;136.79;4.49;615;4;332.00;1
445;4;626168876;445;217;1060;1060;9.43;0.58;136.89;4.48;615;4;333.00;0
448;4;626168883;448;218;1060;1060;9.31;0.57;137.89;4.48;612;4;334.00;0
451;4;626168890;451;221;1060;1060;9.21;0.56;137.83;4.48;609;4;335.00;0
454;4;626168896;454;227;1073;1073;9.09;0.56;139.09;4.43;619;4;336.00;0
457;4;626168904;457;230;1073;1073;8.94;0.55;139.24;4.43;616;4;337.00;0
464;4;626168910;464;233;1073;1073;8.69;0.53;140.75;4.43;609;4;338.00;0
466;4;626168917;466;240;1074;1074;8.52;0.52;140.92;4.42;608;4;339.00;0
471;4;626168923;471;231;1075;1075;8.31;0.51;142.45;4.42;604;4;340.00;0
474;4;626168930;474;227;1075;1075;8.13;0.50;143.10;4.42;601;4;341.00;0
478;4;626168936;478;221;1077;1078;8.07;0.50;143.26;4.41;599;4;342.00;1
480;4;626168943;480;219;1077;1078;8.01;0.49;143.80;4.41;597;4;343.00;1
483;4;626168949;483;218;1078;1078;8.03;0.49;143.58;4.41;595;4;344.00;0
486;4;626168956;486;220;1078;1078;8.06;0.50;143.93;4.41;592;4;345.00;0
490;4;626168963;490;220;1083;1084;8.12;0.50;145.01;4.40;593;4;346.00;1
491;4;626168970;491;213;1083;1084;8.11;0.50;144.84;4.40;592;4;347.00;1
496;4;626168977;496;212;1084;1084;8.06;0.49;144.63;4.39;588;4;348.00;0
497;4;626168984;497;212;1084;1084;8.10;0.50;144.40;4.39;587;4;349.00;0
499;4;626168990;499;212;1088;1088;8.06;0.50;143.92;4.38;589;4;350.00;0
502;4;626168997;502;218;1089;1089;8.05;0.50;144.96;4.38;587;4;351.00;0
509;4;626169004;509;218;1089;1089;7.96;0.49;145.63;4.38;580;4;352.00;0
509;4;626169011;509;223;1090;1090;8.02;0.49;145.63;4.37;581;4;353.00;0
513;4;626169019;513;224;1090;1090;7.90;0.49;145.77;4.37;577;4;354.00;0
517;4;626169026;517;223;1090;1090;7.83;0.48;145.35;4.37;573;4;355.00;0
518;4;626169032;518;229;1090;1090;7.84;0.48;145.12;4.37;572;4;356.00;0
522;4;626169038;522;228;1090;1090;7.69;0.47;145.31;4.37;568;4;357.00;0
523;4;626169045;523;230;1090;1090;7.62;0.47;145.37;4.37;567;4;358.00;0
527;4;626169052;527;233;1090;1090;7.51;0.46;145.31;4.37;563;4;359.00;0
527;4;626169074;527;249;1159;1215;7.83;0.49;145.31;4.11;632;4;360.00;56
529;4;626169112;529;242;1164;1216;7.82;0.49;145.33;4.10;635;4;361.00;52
531;4;626169124;531;240;1176;1216;7.88;0.49;145.35;4.08;645;4;362.00;40
534;4;626169135;534;240;1184;1216;7.88;0.49;145.69;4.07;650;4;363.00;32
536;4;626169147;536;242;1190;1216;7.90;0.49;145.80;4.07;654;4;364.00;26
538;4;626169159;538;249;1197;1216;7.89;0.49;145.46;4.08;659;4;365.00;19
540;4;626169171;540;247;1200;1216;7.91;0.49;145.65;4.08;660;4;366.00;16
541;4;626169187;541;251;1201;1216;7.80;0.48;145.92;4.08;660;4;367.00;15
543;4;626169197;543;254;1204;1217;7.73;0.48;145.73;4.09;661;4;368.00;13
544;4;626169206;544;262;1206;1218;7.61;0.47;145.86;4.10;662;4;369.00;12
545;4;626169215;545;268;1208;1218;7.50;0.46;145.94;4.11;663;4;370.00;10
547;4;626169224;547;261;1215;1222;7.42;0.46;145.84;4.11;668;4;371.00;7
549;4;626169241;549;253;1216;1222;7.36;0.46;146.04;4.11;667;4;372.00;6
551;4;626169252;551;248;1216;1222;7.37;0.46;145.83;4.11;665;4;373.00;6
553;4;626169261;553;250;1218;1222;7.39;0.46;146.09;4.13;665;4;374.00;4
553;4;626169270;553;246;1223;1228;7.48;0.46;146.09;4.13;670;4;375.00;5
556;4;626169281;556;245;1223;1228;7.62;0.47;146.13;4.13;667;4;376.00;5
558;4;626169291;558;239;1225;1228;7.68;0.47;146.30;4.14;667;4;377.00;3
559;4;626169306;559;236;1228;1231;7.77;0.48;146.28;4.13;669;4;378.00;3
560;4;626169316;560;238;1230;1231;7.83;0.48;146.18;4.14;670;4;379.00;1
562;4;626169325;562;236;1230;1231;7.97;0.49;146.35;4.14;668;4;380.00;1
563;4;626169334;563;237;1231;1232;8.11;0.50;146.26;4.14;668;4;381.00;1
564;4;626169350;564;230;1233;1233;8.26;0.50;146.42;4.15;669;4;382.00;0
565;4;626169360;565;230;1233;1233;8.36;0.51;146.65;4.15;668;4;383.00;0
567;4;626169371;567;236;1246;1246;8.54;0.52;146.71;4.11;679;4;384.00;0
567;4;626169381;567;234;1246;1246;8.59;0.53;146.71;4.11;679;4;385.00;0
568;4;626169391;568;231;1246;1246;8.58;0.52;146.49;4.11;678;4;386.00;0
571;4;626169407;571;219;1247;1247;8.64;0.53;146.42;4.10;676;4;387.00;0
573;4;626169417;573;218;1247;1247;8.68;0.53;146.01;4.10;674;4;388.00;0
575;4;626169427;575;216;1250;1251;8.73;0.53;146.53;4.09;675;4;389.00;1
575;4;626169440;575;213;1250;1251;8.79;0.54;146.53;4.09;675;4;390.00;1
576;4;626169449;576;208;1255;1255;8.88;0.54;146.60;4.08;679;4;391.00;0
580;4;626169460;580;211;1255;1255;8.88;0.54;147.16;4.08;675;4;392.00;0
583;4;626169471;583;212;1255;1255;8.89;0.54;147.16;4.08;672;4;393.00;0
583;4;626169482;583;211;1255;1255;8.96;0.55;147.16;4.08;672;4;394.00;0
585;4;626169491;585;214;1255;1255;9.01;0.55;147.49;4.08;670;4;395.00;0
587;4;626169508;587;198;1266;1267;9.07;0.55;147.55;4.05;679;4;396.00;1
592;4;626169520;592;192;1266;1267;9.06;0.55;148.37;4.05;674;4;397.00;1
595;4;626169530;595;172;1267;1267;9.17;0.56;148.53;4.05;672;4;398.00;0
600;4;626169540;600;164;1267;1267;9.26;0.57;148.98;4.05;667;4;399.00;0
604;4;626169552;604;154;1267;1267;9.40;0.57;149.12;4.05;663;4;400.00;0
608;4;626169566;608;149;1267;1267;9.55;0.58;149.91;4.05;659;4;401.00;0
610;4;626169583;610;152;1268;1268;9.62;0.59;150.66;4.04;658;4;402.00;0
613;4;626169595;613;157;1268;1268;9.71;0.59;151.14;4.04;655;4;403.00;0
613;4;626169606;613;156;1273;1274;9.80;0.60;151.14;4.03;660;4;404.00;1
615;4;626169617;615;157;1276;1276;9.93;0.61;151.39;4.02;661;4;405.00;0
619;4;626169627;619;159;1276;1276;10.00;0.61;152.60;4.02;657;4;406.00;0
622;4;626169638;622;156;1276;1276;10.04;0.61;152.81;4.02;654;4;407.00;0
624;4;626169648;624;157;1280;1280;10.11;0.62;153.21;4.01;656;4;408.00;0
625;4;626169660;625;157;1280;1280;10.12;0.62;153.39;4.01;655;4;409.00;0
629;4;626169669;629;158;1280;1280;10.10;0.62;154.11;4.01;651;4;410.00;0
631;4;626169678;631;159;1281;1281;10.17;0.62;154.37;4.01;650;4;411.00;0
634;4;626169689;634;160;1285;1285;10.18;0.62;155.11;4.00;651;4;412.00;0
636;4;626169699;636;164;1285;1285;10.26;0.63;155.56;4.00;649;4;413.00;0
639;4;626169708;639;157;1287;1288;10.39;0.63;156.16;3.99;648;4;414.00;1
641;4;626169719;641;154;1287;1288;10.51;0.64;156.60;3.99;646;4;415.00;1
645;4;626169728;645;152;1288;1288;10.68;0.65;157.31;3.99;643;4;416.00;0
651;4;626169737;651;148;1288;1288;10.70;0.65;158.73;3.99;637;4;417.00;0
654;4;626169746;654;149;1291;1292;10.70;0.65;159.60;3.99;637;4;418.00;1
655;4;626169762;655;146;1291;1292;10.69;0.65;159.67;3.99;636;4;419.00;1
659;4;626169773;659;147;1292;1292;10.67;0.65;160.27;3.98;633;4;420.00;0
663;4;626169782;663;149;1292;1292;10.68;0.65;160.48;3.98;629;4;421.00;0
666;4;626169791;666;149;1293;1293;10.66;0.65;160.63;3.98;627;4;422.00;0
669;4;626169800;669;152;1294;1294;10.55;0.64;160.84;3.98;625;4;423.00;0
670;4;626169809;670;153;1294;1294;10.52;0.64;161.18;3.98;624;4;424.00;0
671;4;626169818;671;156;1295;1295;10.51;0.64;161.30;3.98;624;4;425.00;0
672;4;626169826;672;161;1295;1295;10.52;0.64;161.47;3.98;623;4;426.00;0
672;4;626169835;672;159;1295;1295;10.50;0.64;161.47;3.98;623;4;427.00;0
677;4;626169843;677;161;1295;1295;10.46;0.64;161.80;3.98;618;4;428.00;0
681;4;626169851;681;165;1295;1295;10.44;0.63;161.75;3.98;614;4;429.00;0
683;4;626169859;683;156;1295;1295;10.45;0.64;161.69;3.98;612;4;430.00;0
683;4;626169868;683;152;1295;1295;10.47;0.64;161.69;3.98;612;4;431.00;0
685;4;626169877;685;184;1375;1422;9.92;0.61;161.61;3.75;690;4;432.00;47
687;4;626169896;687;160;1376;1423;9.89;0.61;161.96;3.75;689;4;433.00;47
689;4;626169905;689;147;1382;1423;10.03;0.62;162.30;3.74;693;4;434.00;41
692;4;626169914;692;142;1385;1423;10.10;0.63;162.57;3.74;693;4;435.00;38
697;4;626169923;697;140;1390;1423;10.14;0.63;162.91;3.74;693;4;436.00;33
703;4;626169933;703;144;1394;1423;10.20;0.63;163.42;3.74;691;4;437.00;29
706;4;626169948;706;144;1399;1423;10.26;0.63;163.98;3.75;693;4;438.00;24
708;4;626169963;708;146;1402;1423;10.27;0.63;164.01;3.76;694;4;439.00;21
711;4;626169973;711;145;1407;1424;10.33;0.63;164.16;3.77;696;4;440.00;17
715;4;626169982;715;139;1409;1425;10.38;0.63;164.65;3.77;694;4;441.00;16
719;4;626169992;719;137;1411;1425;10.38;0.63;164.70;3.78;692;4;442.00;14
722;4;626170007;722;135;1413;1426;10.39;0.64;164.71;3.79;691;4;443.00;13
725;5;626170017;725;133;1415;1426;10.35;0.63;165.46;3.80;690;5;444.00;11
727;5;626170038;727;128;1417;1426;10.28;0.63;165.85;3.81;690;5;445.00;9
730;5;626170048;730;123;1419;1426;10.22;0.62;166.18;3.82;689;5;446.00;7
732;5;626170058;732;122;1421;1430;10.24;0.62;166.72;3.83;689;5;447.00;9
734;5;626170079;734;118;1422;1430;10.17;0.62;166.95;3.84;688;5;448.00;8
735;5;626170088;735;122;1423;1430;10.23;0.62;166.84;3.84;688;5;449.00;7
738;5;626170100;738;118;1427;1436;10.26;0.62;167.19;3.83;689;5;450.00;9
740;5;626170110;740;116;1427;1436;10.28;0.62;167.32;3.83;687;5;451.00;9
744;5;626170120;744;116;1428;1436;10.32;0.63;167.78;3.84;684;5;452.00;8
747;5;626170129;747;113;1431;1440;10.29;0.62;167.72;3.83;684;5;453.00;9
750;5;626170139;750;116;1434;1441;10.34;0.63;168.23;3.83;684;5;454.00;7
753;5;626170149;753;114;1435;1441;10.39;0.63;168.56;3.83;682;5;455.00;6
756;5;626170159;756;117;1438;1445;10.50;0.64;168.87;3.82;682;5;456.00;7
760;5;626170169;760;116;1439;1445;10.47;0.64;168.81;3.84;679;5;457.00;6
763;5;626170178;763;116;1439;1445;10.55;0.64;169.08;3.84;676;5;458.00;6
764;5;626170188;764;119;1440;1446;10.68;0.65;169.18;3.84;676;5;459.00;6
766;5;626170198;766;122;1443;1446;10.72;0.65;169.18;3.88;677;5;460.00;3
768;5;626170212;768;120;1446;1452;10.80;0.66;169.00;3.87;678;5;461.00;6
770;5;626170222;770;122;1447;1452;10.74;0.65;169.02;3.87;677;5;462.00;5
774;5;626170232;774;125;1449;1453;10.72;0.65;168.62;3.89;675;5;463.00;4
776;5;626170242;776;128;1449;1453;10.68;0.65;168.45;3.89;673;5;464.00;4
776;5;626170252;776;126;1450;1453;10.66;0.65;168.45;3.89;674;5;465.00;3
778;5;626170261;778;125;1450;1453;10.63;0.65;168.38;3.89;672;5;466.00;3
779;5;626170270;779;126;1450;1453;10.68;0.65;168.46;3.89;671;5;467.00;3
782;5;626170280;782;135;1459;1465;10.75;0.65;168.43;3.87;677;5;468.00;6
785;5;626170290;785;136;1459;1465;10.73;0.65;168.55;3.87;674;5;469.00;6
786;5;626170299;786;132;1463;1465;10.82;0.66;168.60;3.87;677;5;470.00;2
788;5;626170309;788;138;1463;1465;10.88;0.66;168.62;3.87;675;5;471.00;2
789;5;626170318;789;141;1463;1465;10.93;0.67;168.55;3.87;674;5;472.00;2
792;5;626170327;792;147;1464;1465;10.92;0.67;168.58;3.88;672;5;473.00;1
797;5;626170337;797;152;1467;1469;10.89;0.66;168.27;3.87;670;5;474.00;2
798;5;626170347;798;153;1468;1469;10.90;0.66;168.39;3.88;670;5;475.00;1
799;5;626170356;799;158;1472;1473;10.92;0.66;168.32;3.87;673;5;476.00;1
803;5;626170366;803;162;1474;1474;10.92;0.66;168.39;3.87;671;5;477.00;0
804;5;626170376;804;164;1474;1474;10.90;0.66;168.42;3.87;670;5;478.00;0
806;5;626170391;806;169;1474;1474;10.87;0.66;168.27;3.87;668;5;479.00;0
807;5;626170401;807;175;1494;1500;10.80;0.66;168.31;3.81;687;5;480.00;6
811;5;626170418;811;173;1495;1500;10.78;0.66;168.73;3.81;684;5;481.00;5
811;5;626170428;811;175;1498;1500;10.79;0.66;168.73;3.81;687;5;482.00;2
811;5;626170442;811;179;1500;1501;10.69;0.65;168.73;3.81;689;5;483.00;1
812;5;626170452;812;188;1502;1502;10.62;0.65;168.68;3.80;690;5;484.00;0
812;5;626170461;812;190;1502;1502;10.55;0.65;168.68;3.80;690;5;485.00;0
812;5;626170470;812;194;1504;1505;10.51;0.64;168.68;3.80;692;5;486.00;1
813;5;626170479;813;201;1505;1505;10.44;0.64;168.63;3.80;692;5;487.00;0
814;5;626170489;814;208;1505;1505;10.34;0.63;168.57;3.80;691;5;488.00;0
816;5;626170497;816;208;1505;1505;10.22;0.63;168.39;3.80;689;5;489.00;0
816;5;626170506;816;212;1510;1511;10.20;0.63;168.39;3.79;694;5;490.00;1
817;5;626170516;817;212;1510;1511;10.14;0.62;168.43;3.79;693;5;491.00;1
822;5;626170530;822;212;1511;1511;10.09;0.62;168.12;3.79;689;5;492.00;0
826;5;626170539;826;213;1511;1511;10.01;0.61;168.07;3.79;685;5;493.00;0
828;5;626170549;828;216;1515;1515;9.94;0.61;167.81;3.78;687;5;494.00;0
830;5;626170559;830;224;1517;1517;9.89;0.61;167.59;3.78;687;5;495.00;0
832;5;626170568;832;222;1517;1517;9.85;0.60;167.67;3.78;685;5;496.00;0
834;5;626170577;834;227;1518;1518;9.80;0.60;167.49;3.77;684;5;497.00;0
837;5;626170586;837;227;1518;1518;9.78;0.60;167.30;3.77;681;5;498.00;0
839;5;626170595;839;228;1518;1518;9.69;0.59;167.63;3.77;679;5;499.00;0
842;5;626170604;842;232;1518;1518;9.59;0.59;167.79;3.77;676;5;500.00;0
846;5;626170615;846;236;1518;1518;9.49;0.58;167.91;3.77;672;5;501.00;0
851;5;626170623;851;240;1518;1518;9.41;0.57;168.16;3.77;667;5;502.00;0
854;5;626170636;854;239;1518;1518;9.33;0.57;168.23;3.77;664;5;503.00;0
857;5;626170645;857;244;1559;1588;9.39;0.57;168.63;3.67;702;5;504.00;29
861;5;626170658;861;247;1564;1589;9.23;0.56;169.15;3.67;703;5;505.00;25
862;5;626170666;862;249;1572;1589;9.10;0.55;169.47;3.66;710;5;506.00;17
866;5;626170674;866;253;1576;1589;8.97;0.55;169.39;3.66;710;5;507.00;13
868;5;626170681;868;257;1581;1589;8.78;0.54;169.57;3.66;713;5;508.00;8
870;5;626170689;870;261;1582;1589;8.53;0.52;170.12;3.66;712;5;509.00;7
875;5;626170698;875;252;1587;1589;8.36;0.51;170.55;3.66;712;5;510.00;2
876;5;626170707;876;248;1588;1589;8.28;0.51;170.83;3.67;712;5;511.00;1
878;5;626170720;878;243;1589;1590;8.25;0.50;171.47;3.67;711;5;512.00;1
881;5;626170733;881;241;1591;1591;8.21;0.50;171.79;3.67;710;5;513.00;0
883;6;626170741;883;241;1591;1591;8.20;0.50;172.02;3.67;708;6;514.00;0
889;6;626170761;889;248;1595;1595;8.12;0.49;172.83;3.66;706;6;515.00;0
890;6;626170770;890;254;1595;1595;8.11;0.49;173.07;3.66;705;6;516.00;0
891;6;626170778;891;258;1595;1595;8.12;0.49;173.33;3.66;704;6;517.00;0
892;6;626170786;892;255;1595;1595;8.11;0.50;173.70;3.66;703;6;518.00;0
895;6;626170794;895;260;1600;1601;8.12;0.50;174.31;3.65;705;6;519.00;1
895;6;626170803;895;260;1601;1601;8.11;0.50;174.31;3.65;706;6;520.00;0
898;6;626170811;898;262;1601;1601;8.06;0.49;174.69;3.65;703;6;521.00;0
901;6;626170820;901;263;1603;1604;8.06;0.49;175.39;3.65;702;6;522.00;1
905;6;626170829;905;249;1603;1604;8.03;0.49;175.35;3.65;698;6;523.00;1
907;6;626170838;907;240;1604;1604;8.02;0.49;175.48;3.64;697;6;524.00;0
907;6;626170852;907;238;1605;1605;8.03;0.49;175.48;3.64;698;6;525.00;0
910;6;626170861;910;231;1606;1606;8.07;0.50;175.47;3.64;696;6;526.00;0
914;6;626170869;914;226;1606;1606;8.17;0.50;176.06;3.64;692;6;527.00;0
920;6;626170878;920;218;1619;1619;8.15;0.50;176.16;3.61;699;6;528.00;0
920;6;626170888;920;211;1619;1619;8.23;0.50;176.16;3.61;699;6;529.00;0
923;6;626170907;923;203;1619;1619;8.26;0.51;176.60;3.61;696;6;530.00;0
930;6;626170917;930;201;1620;1620;8.32;0.51;176.76;3.61;690;6;531.00;0
931;6;626170927;931;196;1620;1620;8.43;0.52;176.98;3.61;689;6;532.00;0
931;6;626170937;931;191;1623;1624;8.56;0.53;176.98;3.61;692;6;533.00;1
936;6;626170946;936;189;1623;1624;8.50;0.52;177.48;3.61;687;6;534.00;1
940;6;626170956;940;185;1628;1628;8.54;0.52;177.65;3.60;688;6;535.00;0
946;6;626170966;946;189;1628;1628;8.61;0.53;177.87;3.60;682;6;536.00;0
949;6;626170976;949;189;1628;1628;8.62;0.53;178.23;3.60;679;6;537.00;0
953;6;626170986;953;192;1628;1628;8.64;0.53;178.71;3.60;675;6;538.00;0
959;6;626170995;959;188;1628;1628;8.66;0.53;178.31;3.60;669;6;539.00;0
962;6;626171006;962;195;1658;1662;8.69;0.53;178.35;3.53;696;6;540.00;4
964;6;626171018;964;195;1658;1662;8.71;0.53;178.42;3.53;694;6;541.00;4
966;6;626171028;966;196;1659;1662;8.71;0.53;178.48;3.53;693;6;542.00;3
969;6;626171038;969;197;1659;1662;8.74;0.54;178.48;3.53;690;6;543.00;3
973;6;626171047;973;200;1660;1662;8.72;0.53;178.87;3.53;687;6;544.00;2
975;6;626171062;975;207;1660;1662;8.79;0.54;178.76;3.53;685;6;545.00;2
976;6;626171078;976;205;1662;1663;8.88;0.54;178.95;3.53;686;6;546.00;1
982;6;626171093;982;206;1662;1663;8.89;0.54;179.20;3.53;680;6;547.00;1
984;6;626171109;984;209;1667;1669;8.96;0.55;179.14;3.53;683;6;548.00;2
989;6;626171124;989;209;1668;1670;8.97;0.55;179.16;3.53;679;6;549.00;2
992;6;626171138;992;212;1669;1670;8.99;0.55;179.23;3.53;677;6;550.00;1
995;6;626171152;995;219;1669;1670;8.96;0.55;179.27;3.53;674;6;551.00;1
999;6;626171170;999;218;1674;1674;8.91;0.54;179.29;3.52;675;6;552.00;0
1001;6;626171182;1001;223;1674;1674;8.95;0.55;179.28;3.52;673;6;553.00;0
1004;6;626171192;1004;220;1674;1674;8.89;0.54;179.70;3.52;670;6;554.00;0
1009;6;626171202;1009;226;1675;1675;8.80;0.54;180.03;3.52;666;6;555.00;0
1009;6;626171213;1009;233;1679;1679;8.76;0.53;180.03;3.51;670;6;556.00;0
1012;6;626171223;1012;229;1679;1679;8.69;0.53;180.57;3.51;667;6;557.00;0
1014;6;626171234;1014;217;1681;1682;8.69;0.53;181.07;3.51;667;6;558.00;1
1016;6;626171245;1016;212;1681;1682;8.72;0.53;181.42;3.51;665;6;559.00;1
1021;6;626171256;1021;204;1682;1682;8.77;0.54;181.87;3.51;661;6;560.00;0
1024;6;626171267;1024;203;1682;1682;8.80;0.54;182.03;3.51;658;6;561.00;0
1027;6;626171278;1027;207;1685;1686;8.91;0.54;181.98;3.50;658;6;562.00;1
1029;6;626171288;1029;209;1685;1686;8.99;0.55;182.34;3.50;656;6;563.00;1
1032;6;626171298;1032;212;1686;1686;9.07;0.55;182.73;3.50;654;6;564.00;0
1035;6;626171308;1035;209;1686;1686;9.12;0.55;182.71;3.50;651;6;565.00;0
1036;6;626171318;1036;192;1687;1687;9.17;0.56;182.90;3.50;651;6;566.00;0
1039;6;626171328;1039;185;1688;1688;9.21;0.56;183.39;3.50;649;6;567.00;0
1041;6;626171339;1041;177;1688;1688;9.22;0.56;183.43;3.50;647;6;568.00;0
1042;6;626171349;1042;175;1689;1689;9.29;0.56;183.59;3.50;647;6;569.00;0
1045;6;626171362;1045;164;1689;1689;9.32;0.57;184.08;3.50;644;6;570.00;0
1046;6;626171378;1046;162;1689;1689;9.35;0.57;184.18;3.50;643;6;571.00;0
1049;6;626171388;1049;162;1689;1689;9.38;0.57;184.68;3.50;640;6;572.00;0
1051;6;626171398;1051;159;1689;1689;9.44;0.57;184.85;3.50;638;6;573.00;0
1055;7;626171408;1055;162;1689;1689;9.52;0.58;185.40;3.50;634;7;574.00;0
1059;7;626171431;1059;170;1689;1689;9.64;0.59;185.64;3.50;630;7;575.00;0
1061;7;626171441;1061;200;1769;1816;9.59;0.59;185.86;3.34;708;7;576.00;47
1064;7;626171462;1064;181;1772;1817;9.74;0.60;186.12;3.34;708;7;577.00;45
1067;7;626171477;1067;169;1779;1817;9.90;0.61;186.25;3.33;712;7;578.00;38
1070;7;626171490;1070;160;1782;1817;10.02;0.62;186.31;3.33;712;7;579.00;35
1074;7;626171501;1074;151;1786;1817;10.07;0.62;186.51;3.33;712;7;580.00;31
1077;7;626171512;1077;149;1787;1817;10.05;0.62;186.74;3.33;710;7;581.00;30
1080;7;626171523;1080;149;1791;1817;10.10;0.62;186.75;3.34;711;7;582.00;26
1082;7;626171533;1082;146;1793;1817;10.14;0.62;186.68;3.34;711;7;583.00;24
1087;7;626171544;1087;152;1797;1818;10.17;0.62;187.04;3.35;710;7;584.00;21
1089;7;626171554;1089;160;1800;1820;10.19;0.63;187.46;3.36;711;7;585.00;20
1091;7;626171565;1091;161;1804;1820;10.20;0.63;187.52;3.37;713;7;586.00;16
1092;7;626171575;1092;164;1806;1821;10.21;0.63;187.78;3.38;714;7;587.00;15
1096;7;626171587;1096;169;1811;1821;10.30;0.63;187.99;3.40;715;7;588.00;10
1100;7;626171599;1100;171;1812;1821;10.36;0.64;188.42;3.40;712;7;589.00;9
1106;7;626171609;1106;170;1816;1821;10.43;0.64;188.49;3.43;710;7;590.00;5
1106;7;626171619;1106;171;1819;1825;10.51;0.64;188.49;3.44;713;7;591.00;6
1106;7;626171638;1106;174;1821;1825;10.56;0.65;188.49;3.44;715;7;592.00;4
1109;7;626171655;1109;176;1822;1825;10.59;0.65;188.66;3.44;713;7;593.00;3
1111;7;626171666;1111;177;1825;1828;10.70;0.65;189.01;3.45;714;7;594.00;3
1113;7;626171677;1113;176;1825;1828;10.70;0.65;189.05;3.45;712;7;595.00;3
1113;7;626171688;1113;177;1826;1828;10.71;0.65;189.05;3.45;713;7;596.00;2
1115;7;626171698;1115;178;1830;1832;10.64;0.65;189.20;3.44;715;7;597.00;2
1115;7;626171710;1115;175;1832;1833;10.71;0.65;189.20;3.45;717;7;598.00;1
1120;7;626171720;1120;180;1832;1833;10.68;0.65;189.36;3.45;712;7;599.00;1
1122;7;626171735;1122;181;1843;1859;10.65;0.65;189.32;3.43;721;7;600.00;16
1125;7;626171755;1125;177;1845;1859;10.65;0.65;189.39;3.43;720;7;601.00;14
1127;7;626171766;1127;174;1845;1859;10.65;0.65;189.33;3.43;718;7;602.00;14
1131;7;626171777;1131;172;1846;1860;10.72;0.65;189.42;3.42;715;7;603.00;14
1134;7;626171789;1134;175;1848;1860;10.79;0.65;189.59;3.42;714;7;604.00;12
1137;7;626171800;1137;171;1852;1866;10.80;0.65;190.27;3.42;715;7;605.00;14
1139;7;626171819;1139;172;1854;1866;10.77;0.65;190.45;3.42;715;7;606.00;12
1141;7;626171830;1141;166;1856;1867;10.74;0.65;190.83;3.42;715;7;607.00;11
1143;7;626171840;1143;160;1856;1867;10.80;0.66;190.71;3.42;713;7;608.00;11
1144;7;626171851;1144;158;1858;1867;10.75;0.65;190.87;3.42;714;7;609.00;9
1145;7;626171861;1145;152;1858;1867;10.72;0.65;191.11;3.42;713;7;610.00;9
1148;7;626171871;1148;151;1859;1867;10.76;0.65;191.01;3.43;711;7;611.00;8
1153;7;626171880;1153;145;1870;1879;10.76;0.65;191.40;3.41;717;7;612.00;9
1157;8;626171892;1157;136;1870;1879;10.74;0.65;191.60;3.41;713;8;613.00;9
1159;8;626171923;1159;131;1871;1879;10.76;0.65;191.65;3.41;712;8;614.00;8
1163;8;626171934;1163;126;1871;1879;10.75;0.65;192.33;3.41;708;8;615.00;8
1165;8;626171944;1165;127;1871;1879;10.76;0.65;192.21;3.41;706;8;616.00;8
1169;8;626171954;1169;117;1871;1879;10.84;0.66;192.48;3.41;702;8;617.00;8
1174;8;626171965;1174;114;1876;1883;10.81;0.66;192.72;3.42;702;8;618.00;7
1178;8;626171976;1178;108;1876;1883;10.90;0.66;192.69;3.42;698;8;619.00;7
1181;8;626171994;1181;107;1879;1887;10.97;0.66;193.01;3.41;698;8;620.00;8
1182;8;626172005;1182;102;1880;1888;11.11;0.67;193.25;3.41;698;8;621.00;8
1185;8;626172016;1185;107;1881;1888;11.22;0.68;193.47;3.41;696;8;622.00;7
1188;8;626172027;1188;105;1882;1888;11.19;0.68;193.86;3.42;694;8;623.00;6
1194;8;626172037;1194;111;1891;1901;11.16;0.68;194.23;3.40;697;8;624.00;10
1197;8;626172048;1197;117;1891;1901;11.14;0.67;194.43;3.40;694;8;625.00;10
1201;9;626172061;1201;120;1891;1901;11.19;0.68;194.60;3.40;690;9;626.00;10
1205;9;626172087;1205;124;1892;1902;11.14;0.67;194.99;3.40;687;9;627.00;10
1206;9;626172099;1206;126;1892;1903;11.16;0.67;195.04;3.40;686;9;628.00;11
1209;9;626172114;1209;134;1895;1903;11.08;0.67;195.62;3.44;686;9;629.00;8
1212;9;626172125;1212;133;1898;1909;11.03;0.67;195.86;3.43;686;9;630.00;11
1214;9;626172135;1214;132;1900;1909;10.98;0.67;195.77;3.43;686;9;631.00;9
1216;9;626172146;1216;136;1901;1909;11.04;0.67;195.69;3.43;685;9;632.00;8
1217;9;626172156;1217;141;1901;1909;11.06;0.67;195.54;3.43;684;9;633.00;8
1220;9;626172169;1220;146;1906;1915;11.05;0.67;195.37;3.44;686;9;634.00;9
1220;9;626172182;1220;147;1906;1915;10.97;0.67;195.37;3.44;686;9;635.00;9
1221;9;626172192;1221;149;1907;1915;11.00;0.67;195.32;3.44;686;9;636.00;8
1223;9;626172202;1223;153;1907;1915;10.94;0.66;195.33;3.44;684;9;637.00;8
1225;9;626172211;1225;161;1911;1919;10.88;0.66;195.20;3.44;686;9;638.00;8
1229;9;626172229;1229;164;1912;1920;10.83;0.66;194.94;3.44;683;9;639.00;8
1229;9;626172239;1229;171;1915;1920;10.73;0.65;194.94;3.47;686;9;640.00;5
1231;9;626172249;1231;170;1916;1921;10.68;0.65;194.92;3.47;685;9;641.00;5
1231;9;626172258;1231;177;1918;1921;10.64;0.65;194.92;3.47;687;9;642.00;3
1235;9;626172268;1235;176;1918;1921;10.53;0.64;194.72;3.47;683;9;643.00;3
1236;9;626172278;1236;180;1918;1921;10.46;0.64;194.61;3.47;682;9;644.00;3
1237;9;626172287;1237;185;1918;1921;10.39;0.63;194.60;3.47;681;9;645.00;3
1239;9;626172296;1239;189;1920;1921;10.33;0.63;194.38;3.50;681;9;646.00;1
1240;9;626172305;1240;189;1920;1921;10.24;0.63;194.42;3.50;680;9;647.00;1
1241;9;626172313;1241;197;1960;1991;10.25;0.63;194.32;3.44;719;9;648.00;31
1244;9;626172328;1244;202;1964;1992;10.11;0.62;194.14;3.44;720;9;649.00;28
1245;9;626172343;1245;202;1972;1992;10.06;0.62;194.01;3.43;727;9;650.00;20
1247;9;626172352;1247;207;1976;1992;9.95;0.61;193.99;3.43;729;9;651.00;16
1248;9;626172360;1248;209;1980;1992;9.88;0.61;193.97;3.43;732;9;652.00;12
1250;9;626172369;1250;216;1981;1992;9.79;0.60;194.01;3.44;731;9;653.00;11
1252;9;626172378;1252;220;1986;1992;9.74;0.60;194.05;3.44;734;9;654.00;6
1253;9;626172386;1253;223;1986;1992;9.65;0.59;194.13;3.44;733;9;655.00;6
1255;9;626172394;1255;232;1990;1993;9.56;0.59;194.01;3.45;735;9;656.00;3
1259;9;626172403;1259;236;1994;1994;9.42;0.58;193.82;3.45;735;9;657.00;0
1259;9;626172411;1259;245;1994;1994;9.23;0.57;193.82;3.45;735;9;658.00;0
1261;9;626172420;1261;252;1998;1998;9.07;0.56;193.70;3.45;737;9;659.00;0
1265;9;626172430;1265;254;1998;1998;8.89;0.55;193.61;3.45;733;9;660.00;0
1267;9;626172439;1267;256;1998;1998;8.73;0.54;193.57;3.45;731;9;661.00;0
1269;9;626172448;1269;261;1998;1998;8.64;0.53;193.47;3.45;729;9;662.00;0
1269;9;626172456;1269;263;2003;2004;8.62;0.53;193.47;3.44;734;9;663.00;1
1271;9;626172465;1271;269;2003;2004;8.53;0.52;193.59;3.44;732;9;664.00;1
1273;9;626172474;1273;272;2004;2004;8.51;0.52;193.73;3.44;731;9;665.00;0
1273;9;626172485;1273;275;2006;2007;8.50;0.52;193.73;3.44;733;9;666.00;1
1275;9;626172493;1275;278;2006;2007;8.39;0.51;193.65;3.44;731;9;667.00;1
1276;9;626172502;1276;281;2007;2007;8.32;0.51;193.57;3.44;731;9;668.00;0
1276;9;626172510;1276;284;2008;2008;8.24;0.50;193.57;3.44;732;9;669.00;0
1277;9;626172519;1277;284;2009;2009;8.15;0.50;193.44;3.44;732;9;670.00;0
1279;9;626172527;1279;293;2009;2009;8.05;0.49;193.47;3.44;730;9;671.00;0
1282;9;626172534;1282;296;2022;2022;7.93;0.48;193.31;3.41;740;9;672.00;0
1288;9;626172543;1288;300;2022;2022;7.83;0.47;193.42;3.41;734;9;673.00;0
1289;9;626172551;1289;306;2022;2022;7.77;0.47;193.40;3.41;733;9;674.00;0
1292;9;626172558;1292;296;2024;2024;7.68;0.47;193.35;3.41;732;9;675.00;0
1296;9;626172567;1296;285;2024;2024;7.59;0.46;193.41;3.41;728;9;676.00;0
1298;9;626172576;1298;278;2027;2028;7.54;0.46;193.47;3.41;729;9;677.00;1
1300;9;626172583;1300;273;2028;2028;7.44;0.45;193.62;3.41;728;9;678.00;0
1305;9;626172591;1305;271;2032;2032;7.34;0.45;193.74;3.40;727;9;679.00;0
1307;10;626172600;1307;250;2032;2032;7.33;0.45;193.82;3.40;725;10;680.00;0
1311;10;626172618;1311;234;2032;2032;7.29;0.44;194.05;3.40;721;10;681.00;0
1315;11;626172632;1315;231;2032;2032;7.28;0.44;194.50;3.40;717;11;682.00;0
1316;11;626172651;1316;224;2032;2032;7.35;0.45;194.71;3.40;716;11;683.00;0
1320;11;626172659;1320;225;2042;2044;7.47;0.46;194.77;3.38;722;11;684.00;2
1322;11;626172674;1322;219;2042;2044;7.54;0.46;195.11;3.38;720;11;685.00;2
1325;11;626172683;1325;216;2044;2044;7.62;0.47;195.56;3.38;719;11;686.00;0
1327;11;626172691;1327;208;2044;2044;7.72;0.47;195.90;3.38;717;11;687.00;0
1329;11;626172700;1329;202;2044;2044;7.78;0.48;196.06;3.38;715;11;688.00;0
1330;11;626172709;1330;194;2044;2044;7.90;0.48;196.21;3.38;714;11;689.00;0
1333;11;626172719;1333;193;2045;2045;8.04;0.49;196.72;3.38;712;11;690.00;0
1336;11;626172728;1336;187;2045;2045;8.11;0.50;196.96;3.38;709;11;691.00;0
1339;11;626172738;1339;182;2050;2051;8.29;0.51;197.08;3.38;711;11;692.00;1
1341;11;626172747;1341;175;2052;2052;8.45;0.52;197.18;3.37;711;11;693.00;0
1342;11;626172757;1342;171;2052;2052;8.62;0.53;197.14;3.37;710;11;694.00;0
1345;11;626172766;1345;168;2052;2052;8.78;0.54;197.13;3.37;707;11;695.00;0
1348;11;626172775;1348;165;2056;2056;8.93;0.55;197.46;3.37;708;11;696.00;0
1352;11;626172785;1352;169;2056;2056;9.02;0.55;197.78;3.37;704;11;697.00;0
1356;11;626172794;1356;163;2056;2056;9.15;0.56;197.68;3.37;700;11;698.00;0
1362;11;626172803;1362;163;2057;2057;9.22;0.56;197.85;3.37;695;11;699.00;0
1369;11;626172813;1369;157;2061;2061;9.22;0.56;198.37;3.36;692;11;700.00;0
1373;11;626172828;1373;155;2061;2061;9.34;0.57;198.57;3.36;688;11;701.00;0
1379;11;626172837;1379;156;2063;2064;9.42;0.58;198.74;3.36;684;11;702.00;1
1385;11;626172848;1385;151;2063;2064;9.47;0.58;198.81;3.36;678;11;703.00;1
1388;11;626172858;1388;150;2064;2064;9.55;0.58;198.89;3.36;676;11;704.00;0
1394;11;626172868;1394;146;2064;2064;9.59;0.58;199.00;3.36;670;11;705.00;0
1397;11;626172878;1397;148;2067;2068;9.67;0.59;199.23;3.35;670;11;706.00;1
1400;11;626172888;1400;152;2067;2068;9.75;0.60;199.24;3.35;667;11;707.00;1
1405;11;626172898;1405;154;2068;2068;9.80;0.60;199.08;3.35;663;11;708.00;0
1410;11;626172908;1410;157;2068;2068;9.79;0.60;199.20;3.35;658;11;709.00;0
1419;11;626172918;1419;158;2069;2069;9.72;0.59;199.50;3.35;650;11;710.00;0
1421;11;626172928;1421;157;2070;2070;9.74;0.59;199.57;3.35;649;11;711.00;0
1426;11;626172938;1426;156;2070;2070;9.73;0.59;199.70;3.35;644;11;712.00;0
1428;11;626172947;1428;153;2071;2071;9.82;0.60;199.81;3.35;643;11;713.00;0
1430;11;626172958;1430;146;2071;2071;9.88;0.60;200.07;3.35;641;11;714.00;0
1434;11;626172968;1434;147;2071;2071;9.90;0.60;200.17;3.35;637;11;715.00;0
1438;11;626172978;1438;145;2071;2071;9.91;0.60;200.42;3.35;633;11;716.00;0
1442;11;626172987;1442;149;2071;2071;9.90;0.60;200.29;3.35;629;11;717.00;0
1443;11;626172997;1443;145;2071;2071;10.05;0.61;200.33;3.35;628;11;718.00;0
1446;11;626173006;1446;144;2071;2071;10.14;0.62;200.47;3.35;625;11;719.00;0
1448;11;626173017;1448;187;2196;2301;10.03;0.63;200.66;3.16;748;11;720.00;105
1450;11;626173046;1450;179;2206;2302;9.99;0.62;200.73;3.15;756;11;721.00;96
1454;11;626173061;1454;163;2215;2302;10.07;0.63;200.90;3.15;761;11;722.00;87
1456;11;626173076;1456;156;2226;2302;10.01;0.62;201.13;3.15;770;11;723.00;76
1457;11;626173105;1457;164;2231;2302;9.99;0.62;201.16;3.15;774;11;724.00;71
1462;11;626173129;1462;161;2237;2302;9.89;0.62;201.59;3.15;775;11;725.00;65
1464;11;626173145;1464;172;2245;2302;9.80;0.61;201.74;3.16;781;11;726.00;57
1468;11;626173162;1468;166;2251;2302;9.76;0.61;202.14;3.17;783;11;727.00;51
1470;11;626173180;1470;173;2257;2303;9.68;0.60;202.40;3.19;787;11;728.00;46
1476;11;626173196;1476;175;2262;2304;9.61;0.60;202.78;3.20;786;11;729.00;42
1478;11;626173209;1478;182;2268;2304;9.60;0.60;202.89;3.22;790;11;730.00;36
1482;11;626173221;1482;188;2272;2305;9.52;0.59;202.89;3.23;790;11;731.00;33
1486;11;626173235;1486;196;2277;2305;9.48;0.59;203.30;3.24;791;11;732.00;28
1487;11;626173249;1487;201;2278;2305;9.44;0.58;203.34;3.25;791;11;733.00;27
1490;11;626173263;1490;209;2280;2305;9.39;0.58;203.44;3.26;790;11;734.00;25
1492;11;626173276;1492;217;2284;2309;9.29;0.57;203.85;3.26;792;11;735.00;25
1494;11;626173289;1494;213;2286;2309;9.33;0.57;203.81;3.28;792;11;736.00;23
1498;11;626173311;1498;210;2290;2309;9.30;0.57;203.98;3.30;792;11;737.00;19
1502;11;626173330;1502;208;2291;2312;9.31;0.57;204.08;3.30;789;11;738.00;21
1505;11;626173345;1505;202;2293;2312;9.36;0.57;204.18;3.31;788;11;739.00;19
1510;11;626173357;1510;204;2293;2312;9.42;0.58;204.49;3.31;783;11;740.00;19
1510;11;626173369;1510;204;2300;2316;9.45;0.58;204.49;3.33;790;11;741.00;16
1514;11;626173382;1514;206;2302;2317;9.53;0.58;204.95;3.33;788;11;742.00;15
1517;11;626173396;1517;207;2303;2317;9.61;0.59;205.08;3.33;786;11;743.00;14
1521;11;626173409;1521;213;2307;2321;9.67;0.59;205.04;3.33;786;11;744.00;14
1523;11;626173422;1523;216;2307;2321;9.82;0.60;205.23;3.33;784;11;745.00;14
1528;11;626173435;1528;217;2309;2321;9.89;0.60;205.48;3.34;781;11;746.00;12
1528;11;626173447;1528;218;2311;2322;10.02;0.61;205.48;3.34;783;11;747.00;11
1529;11;626173459;1529;221;2311;2322;10.11;0.62;205.45;3.34;782;11;748.00;11
1531;11;626173472;1531;212;2316;2328;10.07;0.62;205.41;3.33;785;11;749.00;12
1534;11;626173487;1534;209;2317;2328;10.10;0.62;205.58;3.33;783;11;750.00;11
1536;11;626173499;1536;206;2318;2329;10.13;0.62;205.77;3.33;782;11;751.00;11
1540;11;626173511;1540;207;2318;2329;10.11;0.62;205.87;3.33;778;11;752.00;11
1544;11;626173523;1544;206;2318;2329;10.15;0.62;206.00;3.33;774;11;753.00;11
1549;11;626173535;1549;208;2318;2329;10.12;0.62;205.99;3.33;769;11;754.00;11
1550;11;626173553;1550;209;2318;2329;10.14;0.62;206.07;3.33;768;11;755.00;11
1552;11;626173565;1552;213;2330;2341;10.17;0.62;206.06;3.31;778;11;756.00;11
1555;11;626173578;1555;218;2330;2341;10.22;0.62;206.03;3.31;775;11;757.00;11
1561;11;626173589;1561;221;2330;2341;10.22;0.62;206.38;3.31;769;11;758.00;11
1563;11;626173610;1563;223;2330;2341;10.23;0.62;206.53;3.31;767;11;759.00;11
1565;11;626173626;1565;220;2330;2341;10.20;0.62;206.48;3.31;765;11;760.00;11
1568;11;626173637;1568;224;2330;2341;10.15;0.62;206.37;3.31;762;11;761.00;11
1568;11;626173655;1568;233;2334;2345;10.16;0.62;206.37;3.31;766;11;762.00;11
1569;11;626173666;1569;232;2334;2345;10.18;0.62;206.36;3.31;765;11;763.00;11
1571;11;626173677;1571;235;2337;2349;10.18;0.62;206.35;3.31;766;11;764.00;12
1572;11;626173689;1572;233;2339;2351;10.14;0.62;206.33;3.30;767;11;765.00;12
1573;11;626173700;1573;237;2340;2351;10.06;0.61;206.41;3.30;767;11;766.00;11
1576;11;626173711;1576;239;2340;2351;9.96;0.61;206.57;3.30;764;11;767.00;11
1577;11;626173722;1577;240;2351;2364;9.94;0.61;206.65;3.29;774;11;768.00;13
1578;11;626173733;1578;236;2351;2364;9.89;0.60;206.70;3.29;773;11;769.00;13
1581;11;626173750;1581;231;2351;2364;9.84;0.60;206.85;3.29;770;11;770.00;13
1583;11;626173761;1583;230;2352;2365;9.79;0.60;206.98;3.29;769;11;771.00;13
1587;11;626173772;1587;233;2352;2366;9.75;0.60;207.16;3.29;765;11;772.00;14
1592;11;626173782;1592;225;2353;2366;9.70;0.59;207.14;3.31;761;11;773.00;13
1595;11;626173792;1595;220;2355;2369;9.66;0.59;207.06;3.31;760;11;774.00;14
1597;11;626173803;1597;217;2355;2369;9.61;0.58;207.16;3.31;758;11;775.00;14
1600;11;626173813;1600;218;2356;2369;9.64;0.59;207.23;3.31;756;11;776.00;13
1605;11;626173824;1605;221;2356;2369;9.57;0.58;207.81;3.31;751;11;777.00;13
1608;11;626173835;1608;220;2360;2375;9.53;0.58;207.75;3.30;752;11;778.00;15
1611;12;626173847;1611;217;2360;2375;9.50;0.58;207.96;3.30;749;12;779.00;15
1614;12;626173870;1614;218;2361;2375;9.44;0.57;208.04;3.30;747;12;780.00;14
1617;12;626173881;1617;220;2361;2375;9.41;0.57;208.26;3.30;744;12;781.00;14
1621;12;626173892;1621;212;2364;2379;9.33;0.57;208.54;3.30;743;12;782.00;15
1623;12;626173902;1623;206;2365;2380;9.30;0.57;208.76;3.30;742;12;783.00;15
1626;12;626173912;1626;196;2365;2380;9.22;0.56;208.67;3.30;739;12;784.00;15
1627;12;626173923;1627;188;2368;2381;9.26;0.56;208.73;3.30;741;12;785.00;13
1631;12;626173934;1631;183;2368;2381;9.26;0.56;208.67;3.30;737;12;786.00;13
1632;12;626173943;1632;181;2368;2381;9.31;0.57;208.58;3.30;736;12;787.00;13
1636;12;626173953;1636;182;2368;2381;9.32;0.57;208.47;3.30;732;12;788.00;13
1637;13;626173962;1637;175;2369;2381;9.35;0.57;208.42;3.33;732;13;789.00;12
1638;13;626173991;1638;173;2369;2381;9.41;0.57;208.42;3.33;731;13;790.00;12
1642;13;626174001;1642;171;2370;2381;9.41;0.57;208.12;3.36;728;13;791.00;11
1642;13;626174011;1642;176;2401;2451;9.47;0.58;208.12;3.32;759;13;792.00;50
1644;13;626174027;1644;176;2402;2452;9.42;0.58;207.99;3.34;758;13;793.00;50
1644;13;626174037;1644;174;2410;2452;9.52;0.58;207.99;3.34;766;13;794.00;42
1644;13;626174047;1644;176;2412;2452;9.49;0.58;207.99;3.34;768;13;795.00;40
1646;13;626174058;1646;185;2415;2452;9.50;0.58;207.91;3.34;769;13;796.00;37
1647;13;626174069;1647;185;2419;2452;9.46;0.58;207.86;3.37;772;13;797.00;33
1651;13;626174079;1651;188;2421;2452;9.40;0.57;207.61;3.38;770;13;798.00;31
1651;13;626174090;1651;186;2426;2452;9.40;0.57;207.61;3.41;775;13;799.00;26
1653;13;626174102;1653;183;2431;2453;9.35;0.57;207.55;3.42;778;13;800.00;22
1656;13;626174117;1656;188;2435;2454;9.36;0.57;207.31;3.42;779;13;801.00;19
1659;13;626174127;1659;196;2437;2454;9.36;0.57;207.12;3.46;778;13;802.00;17
1661;13;626174137;1661;198;2442;2458;9.32;0.57;207.07;3.46;781;13;803.00;16
1664;13;626174148;1664;203;2443;2458;9.26;0.56;207.09;3.50;779;13;804.00;15
1666;13;626174157;1666;213;2445;2458;9.21;0.56;206.98;3.50;779;13;805.00;13
1667;13;626174168;1667;217;2445;2458;9.18;0.56;206.91;3.50;778;13;806.00;13
1672;13;626174178;1672;226;2449;2464;9.23;0.56;206.75;3.53;777;13;807.00;15
1674;13;626174189;1674;233;2451;2464;9.15;0.56;206.64;3.53;777;13;808.00;13
1679;13;626174200;1679;240;2451;2464;9.10;0.55;206.37;3.53;772;13;809.00;13
1680;13;626174212;1680;247;2455;2470;9.07;0.55;206.26;3.56;775;13;810.00;15
1681;13;626174223;1681;249;2456;2470;9.04;0.55;206.15;3.57;775;13;811.00;14
1682;13;626174233;1682;255;2459;2470;8.98;0.55;206.04;3.62;777;13;812.00;11
1684;13;626174243;1684;263;2461;2471;8.94;0.55;206.20;3.62;777;13;813.00;10
1687;13;626174253;1687;270;2464;2472;8.85;0.54;206.15;3.64;777;13;814.00;8
1688;13;626174263;1688;274;2466;2472;8.80;0.54;206.04;3.66;778;13;815.00;6
1689;13;626174273;1689;283;2476;2485;8.78;0.54;206.06;3.65;787;13;816.00;9
1691;13;626174283;1691;289;2478;2485;8.72;0.53;206.00;3.67;787;13;817.00;7
1692;13;626174292;1692;296;2479;2485;8.68;0.53;205.95;3.67;787;13;818.00;6
1694;13;626174302;1694;301;2482;2486;8.61;0.53;205.78;3.68;788;13;819.00;4
1695;13;626174311;1695;303;2484;2486;8.53;0.52;205.71;3.69;789;13;820.00;2
1697;13;626174321;1697;311;2487;2490;8.47;0.52;205.70;3.68;790;13;821.00;3
1700;13;626174331;1700;317;2487;2490;8.42;0.51;205.47;3.68;787;13;822.00;3
1700;13;626174340;1700;323;2493;2494;8.42;0.51;205.47;3.68;793;13;823.00;1
1700;13;626174350;1700;327;2493;2494;8.42;0.51;205.47;3.68;793;13;824.00;1
1701;13;626174358;1701;335;2494;2494;8.31;0.51;205.42;3.68;793;13;825.00;0
1702;13;626174367;1702;339;2494;2494;8.17;0.50;205.32;3.68;792;13;826.00;0
1704;13;626174376;1704;327;2494;2494;8.03;0.49;205.26;3.68;790;13;827.00;0
1706;13;626174385;1706;315;2505;2506;7.96;0.49;205.31;3.67;799;13;828.00;1
1707;13;626174395;1707;308;2506;2506;7.99;0.49;205.41;3.66;799;13;829.00;0
1709;13;626174404;1709;302;2506;2506;8.00;0.49;205.52;3.66;797;13;830.00;0
1709;13;626174414;1709;294;2506;2506;8.02;0.49;205.52;3.66;797;13;831.00;0
1710;13;626174423;1710;287;2506;2506;8.11;0.50;205.54;3.66;796;13;832.00;0
1712;13;626174439;1712;280;2506;2506;8.18;0.50;205.60;3.66;794;13;833.00;0
1713;13;626174460;1713;276;2507;2507;8.33;0.51;205.54;3.66;794;13;834.00;0
1716;13;626174470;1716;275;2507;2507;8.41;0.51;205.54;3.66;791;13;835.00;0
1716;13;626174480;1716;271;2512;2513;8.49;0.52;205.54;3.66;796;13;836.00;1
1718;13;626174490;1718;273;2514;2514;8.59;0.52;205.43;3.66;796;13;837.00;0
1718;13;626174500;1718;275;2514;2514;8.63;0.52;205.43;3.66;796;13;838.00;0
1718;13;626174510;1718;271;2514;2514;8.66;0.53;205.43;3.66;796;13;839.00;0
1718;13;626174521;1718;274;2519;2519;8.64;0.53;205.43;3.65;801;13;840.00;0
1720;13;626174532;1720;276;2519;2519;8.59;0.52;205.43;3.65;799;13;841.00;0
1722;13;626174541;1722;280;2519;2519;8.50;0.52;205.40;3.65;797;13;842.00;0
1724;13;626174550;1724;282;2520;2520;8.43;0.51;205.34;3.65;796;13;843.00;0
1727;13;626174559;1727;284;2524;2524;8.30;0.51;205.29;3.64;797;13;844.00;0
1731;13;626174570;1731;288;2524;2524;8.12;0.49;205.44;3.64;793;13;845.00;0
1734;13;626174579;1734;292;2526;2527;8.04;0.49;205.46;3.64;792;13;846.00;1
1737;13;626174589;1737;293;2527;2527;7.94;0.48;205.50;3.64;790;13;847.00;0
1744;13;626174598;1744;292;2527;2527;7.81;0.48;205.93;3.64;783;13;848.00;0
1747;13;626174606;1747;296;2527;2527;7.76;0.47;206.18;3.64;780;13;849.00;0
1750;13;626174616;1750;287;2530;2531;7.80;0.48;206.58;3.64;780;13;850.00;1
1754;13;626174625;1754;276;2530;2531;7.83;0.48;206.95;3.64;776;13;851.00;1
1756;13;626174634;1756;276;2531;2531;7.93;0.49;207.05;3.64;775;13;852.00;0
1760;13;626174643;1760;271;2531;2531;7.97;0.49;207.71;3.64;771;13;853.00;0
1767;13;626174652;1767;262;2532;2532;7.97;0.49;208.38;3.64;765;13;854.00;0
1769;13;626174661;1769;257;2534;2534;8.03;0.49;208.76;3.63;765;13;855.00;0
1774;13;626174670;1774;246;2534;2534;8.12;0.50;209.30;3.63;760;13;856.00;0
1779;13;626174679;1779;235;2535;2535;8.28;0.51;209.54;3.63;756;13;857.00;0
1781;13;626174689;1781;225;2535;2535;8.36;0.51;209.60;3.63;754;13;858.00;0
1786;13;626174699;1786;219;2535;2535;8.44;0.51;209.68;3.63;749;13;859.00;0
1790;14;626174708;1790;215;2535;2535;8.43;0.51;210.12;3.63;745;14;860.00;0
1795;14;626174738;1795;205;2535;2535;8.44;0.51;210.41;3.63;740;14;861.00;0
1798;14;626174748;1798;195;2535;2535;8.45;0.51;210.44;3.63;737;14;862.00;0
1801;14;626174762;1801;194;2535;2535;8.53;0.52;210.56;3.63;734;14;863.00;0
1806;14;626174772;1806;197;2612;2662;8.76;0.54;210.73;3.53;806;14;864.00;50
1812;14;626174791;1812;184;2614;2663;8.86;0.55;210.90;3.52;802;14;865.00;49
1815;14;626174802;1815;184;2620;2663;9.01;0.56;211.02;3.52;805;14;866.00;43
1820;14;626174813;1820;178;2627;2663;9.09;0.56;211.32;3.52;807;14;867.00;36
1824;14;626174823;1824;171;2633;2663;9.14;0.56;211.51;3.52;809;14;868.00;30
1827;14;626174834;1827;168;2638;2663;9.17;0.57;211.53;3.52;811;14;869.00;25
1830;14;626174847;1830;169;2642;2663;9.24;0.57;211.71;3.53;812;14;870.00;21
1837;14;626174864;1837;171;2647;2663;9.19;0.57;211.71;3.53;810;14;871.00;16
1841;14;626174874;1841;170;2649;2664;9.14;0.56;211.65;3.54;808;14;872.00;15
1845;14;626174886;1845;173;2652;2665;9.11;0.56;211.56;3.54;807;14;873.00;13
1847;14;626174897;1847;179;2654;2665;9.10;0.56;211.55;3.54;807;14;874.00;11
1852;14;626174909;1852;197;2656;2666;9.06;0.56;211.79;3.55;804;14;875.00;10
1854;14;626174920;1854;200;2658;2666;9.15;0.57;211.99;3.55;804;14;876.00;8
1859;14;626174931;1859;204;2658;2666;9.15;0.57;212.19;3.55;799;14;877.00;8
1864;14;626174943;1864;208;2660;2666;9.17;0.57;212.20;3.56;796;14;878.00;6
1869;14;626174954;1869;210;2663;2670;9.19;0.57;212.22;3.56;794;14;879.00;7
1877;14;626174973;1877;210;2665;2670;9.17;0.57;212.66;3.57;788;14;880.00;5
1879;15;626174984;1879;215;2666;2670;9.14;0.57;212.63;3.58;787;15;881.00;4
1883;15;626175006;1883;218;2670;2673;9.15;0.57;212.84;3.58;787;15;882.00;3
1886;15;626175017;1886;219;2670;2673;9.24;0.57;213.03;3.58;784;15;883.00;3
1889;15;626175028;1889;218;2672;2673;9.30;0.58;213.09;3.58;783;15;884.00;1
1894;15;626175040;1894;222;2676;2677;9.39;0.58;213.19;3.58;782;15;885.00;1
1898;15;626175051;1898;218;2678;2678;9.45;0.58;213.19;3.58;780;15;886.00;0
1905;15;626175068;1905;218;2678;2678;9.51;0.59;213.23;3.58;773;15;887.00;0
1906;15;626175087;1906;222;2682;2682;9.63;0.59;213.31;3.57;776;15;888.00;0
1912;15;626175108;1912;223;2682;2682;9.63;0.59;213.45;3.57;770;15;889.00;0
1916;15;626175126;1916;223;2682;2682;9.61;0.59;213.61;3.57;766;15;890.00;0
1922;15;626175144;1922;227;2683;2683;9.58;0.59;213.70;3.57;761;15;891.00;0
1926;15;626175160;1926;230;2683;2683;9.51;0.58;213.73;3.57;757;15;892.00;0
1930;15;626175177;1930;230;2688;2689;9.43;0.58;213.83;3.57;758;15;893.00;1
1933;15;626175191;1933;230;2688;2689;9.34;0.57;213.77;3.57;755;15;894.00;1
1936;15;626175204;1936;237;2690;2690;9.28;0.57;213.87;3.57;754;15;895.00;0
1941;15;626175216;1941;244;2690;2690;9.15;0.56;214.18;3.57;749;15;896.00;0
1947;15;626175229;1947;238;2690;2690;9.06;0.55;214.29;3.57;743;15;897.00;0
1953;15;626175241;1953;226;2690;2690;8.99;0.55;214.52;3.57;737;15;898.00;0
1957;15;626175254;1957;219;2690;2690;8.94;0.55;214.77;3.57;733;15;899.00;0
1960;15;626175276;1960;224;2719;2736;8.87;0.54;214.82;3.53;759;15;900.00;17
1962;15;626175304;1962;217;2720;2736;8.90;0.55;214.92;3.53;758;15;901.00;16
1967;15;626175316;1967;207;2721;2736;8.88;0.55;215.33;3.53;754;15;902.00;15
1968;15;626175335;1968;206;2721;2736;8.97;0.55;215.39;3.53;753;15;903.00;15
1973;15;626175346;1973;214;2722;2736;8.95;0.55;215.62;3.53;749;15;904.00;14
1976;15;626175357;1976;214;2722;2736;8.89;0.55;215.85;3.53;746;15;905.00;14
1979;15;626175369;1979;206;2728;2740;8.89;0.54;215.88;3.53;749;15;906.00;12
1983;15;626175381;1983;196;2730;2740;8.96;0.55;215.87;3.53;747;15;907.00;10
1986;15;626175394;1986;189;2733;2744;9.01;0.55;216.04;3.53;747;15;908.00;11
1988;15;626175412;1988;185;2734;2745;9.15;0.56;216.19;3.53;746;15;909.00;11
1990;15;626175423;1990;186;2735;2745;9.20;0.56;216.27;3.53;745;15;910.00;10
1992;15;626175443;1992;179;2735;2745;9.27;0.57;216.28;3.53;743;15;911.00;10
1996;15;626175454;1996;177;2745;2758;9.40;0.57;216.34;3.52;749;15;912.00;13
1999;15;626175467;1999;174;2746;2758;9.47;0.58;216.52;3.52;747;15;913.00;12
2001;16;626175478;2001;173;2746;2758;9.54;0.58;216.63;3.52;745;16;914.00;12
2005;16;626175507;2005;173;2747;2759;9.58;0.58;216.78;3.52;742;16;915.00;12
2006;16;626175519;2006;180;2749;2760;9.60;0.58;216.83;3.53;743;16;916.00;11
2010;16;626175531;2010;177;2749;2760;9.57;0.58;216.99;3.53;739;16;917.00;11
2011;16;626175542;2011;172;2752;2763;9.47;0.58;217.08;3.53;741;16;918.00;11
2013;16;626175553;2013;173;2752;2763;9.44;0.57;217.06;3.53;739;16;919.00;11
2016;16;626175564;2016;169;2752;2763;9.40;0.57;217.02;3.53;736;16;920.00;11
2020;16;626175575;2020;159;2752;2763;9.42;0.57;216.86;3.53;732;16;921.00;11
2021;16;626175586;2021;160;2757;2769;9.41;0.57;216.89;3.53;736;16;922.00;12
2023;16;626175598;2023;160;2757;2769;9.43;0.57;216.88;3.53;734;16;923.00;12
2024;16;626175608;2024;156;2759;2769;9.49;0.58;217.04;3.54;735;16;924.00;10
2028;16;626175619;2028;151;2759;2769;9.52;0.58;217.10;3.54;731;16;925.00;10
2029;16;626175629;2029;154;2763;2773;9.49;0.57;217.13;3.54;734;16;926.00;10
2031;16;626175640;2031;151;2764;2774;9.51;0.58;217.17;3.54;733;16;927.00;10
2033;17;626175650;2033;159;2765;2774;9.46;0.57;217.09;3.55;732;17;928.00;9
2035;17;626175672;2035;167;2766;2775;9.41;0.57;217.15;3.55;731;17;929.00;9
2038;17;626175684;2038;165;2766;2775;9.40;0.57;217.14;3.55;728;17;930.00;9
2039;17;626175694;2039;177;2767;2775;9.41;0.57;217.10;3.55;728;17;931.00;8
2039;17;626175704;2039;181;2768;2775;9.48;0.58;217.10;3.56;729;17;932.00;7
2040;17;626175720;2040;188;2769;2775;9.49;0.58;217.14;3.57;729;17;933.00;6
2040;17;626175729;2040;192;2770;2775;9.49;0.58;217.14;3.57;730;17;934.00;5
2041;17;626175739;2041;197;2770;2775;9.50;0.58;217.12;3.57;729;17;935.00;5
2044;17;626175754;2044;214;2810;2845;9.31;0.57;217.08;3.53;766;17;936.00;35
2046;17;626175771;2046;212;2816;2846;9.23;0.56;217.10;3.54;770;17;937.00;30
2048;17;626175782;2048;207;2822;2846;9.27;0.57;217.07;3.53;774;17;938.00;24
2049;17;626175792;2049;211;2826;2846;9.31;0.57;217.06;3.54;777;17;939.00;20
2053;17;626175802;2053;215;2828;2846;9.26;0.57;217.47;3.54;775;17;940.00;18
2055;17;626175814;2055;214;2830;2846;9.25;0.56;217.46;3.54;775;17;941.00;16
2056;17;626175826;2056;213;2834;2846;9.31;0.57;217.46;3.54;778;17;942.00;12
2057;17;626175836;2057;216;2836;2846;9.28;0.57;217.44;3.55;779;17;943.00;10
2060;17;626175847;2060;214;2840;2847;9.22;0.56;217.44;3.55;780;17;944.00;7
2062;17;626175857;2062;211;2843;2849;9.11;0.56;217.45;3.55;781;17;945.00;6
2068;17;626175867;2068;211;2843;2849;8.99;0.55;217.84;3.55;775;17;946.00;6
2069;17;626175878;2069;212;2847;2853;8.98;0.55;217.98;3.55;778;17;947.00;6
2074;17;626175889;2074;209;2848;2853;8.94;0.55;217.85;3.55;774;17;948.00;5
2076;17;626175899;2076;205;2848;2853;8.92;0.55;217.90;3.55;772;17;949.00;5
2079;17;626175908;2079;195;2848;2853;8.83;0.54;217.89;3.55;769;17;950.00;5
2083;17;626175918;2083;190;2852;2859;8.66;0.53;217.95;3.55;769;17;951.00;7
2088;17;626175928;2088;187;2852;2859;8.55;0.52;218.06;3.55;764;17;952.00;7
2093;17;626175938;2093;182;2852;2859;8.44;0.52;218.15;3.55;759;17;953.00;7
2095;18;626175948;2095;188;2856;2862;8.39;0.51;218.16;3.55;761;18;954.00;6
2099;18;626175971;2099;194;2857;2862;8.28;0.50;218.21;3.55;758;18;955.00;5
2100;18;626175982;2100;197;2857;2862;8.27;0.50;218.24;3.55;757;18;956.00;5
2103;18;626175991;2103;201;2858;2863;8.26;0.50;218.13;3.55;755;18;957.00;5
2106;18;626176001;2106;200;2859;2864;8.30;0.51;218.07;3.55;753;18;958.00;5
2110;18;626176010;2110;201;2859;2864;8.37;0.51;217.86;3.55;749;18;959.00;5
2114;18;626176022;2114;204;2876;2890;8.39;0.51;217.68;3.53;762;18;960.00;14
2118;18;626176033;2118;200;2877;2890;8.47;0.52;217.53;3.53;759;18;961.00;13
2119;18;626176044;2119;206;2879;2890;8.56;0.52;217.44;3.53;760;18;962.00;11
2123;18;626176055;2123;209;2880;2891;8.69;0.53;217.49;3.53;757;18;963.00;11
2125;18;626176068;2125;210;2880;2891;8.76;0.53;217.31;3.53;755;18;964.00;11
2127;18;626176078;2127;214;2882;2895;8.86;0.54;217.21;3.52;755;18;965.00;13
2129;18;626176089;2129;217;2883;2895;8.83;0.54;217.14;3.52;754;18;966.00;12
2131;18;626176100;2131;219;2886;2899;8.79;0.53;217.09;3.52;755;18;967.00;13
2134;18;626176116;2134;223;2886;2899;8.73;0.53;217.01;3.52;752;18;968.00;13
2136;18;626176131;2136;227;2888;2899;8.65;0.53;217.01;3.55;752;18;969.00;11
2139;18;626176140;2139;232;2888;2899;8.60;0.52;217.12;3.55;749;18;970.00;11
2141;18;626176149;2141;233;2891;2899;8.55;0.52;216.98;3.57;750;18;971.00;8
2142;18;626176157;2142;237;2901;2911;8.58;0.52;217.01;3.56;759;18;972.00;10
2143;18;626176167;2143;234;2901;2911;8.60;0.52;216.98;3.56;758;18;973.00;10
2145;18;626176177;2145;238;2903;2911;8.59;0.52;217.01;3.56;758;18;974.00;8
2146;18;626176186;2146;241;2903;2911;8.55;0.52;217.06;3.56;757;18;975.00;8
2147;18;626176195;2147;245;2903;2911;8.51;0.52;217.05;3.56;756;18;976.00;8
2147;18;626176204;2147;253;2904;2911;8.48;0.52;217.05;3.57;757;18;977.00;7
2148;18;626176213;2148;262;2904;2912;8.44;0.51;217.07;3.57;756;18;978.00;8
2148;18;626176222;2148;247;2905;2912;8.44;0.51;217.07;3.57;757;18;979.00;7
2148;18;626176232;2148;245;2910;2918;8.45;0.52;217.07;3.58;762;18;980.00;8
2150;18;626176247;2150;239;2914;2919;8.57;0.52;217.04;3.59;764;18;981.00;5
2153;18;626176257;2153;240;2915;2919;8.58;0.52;216.91;3.59;762;18;982.00;4
2154;18;626176269;2154;238;2915;2919;8.67;0.53;216.86;3.59;761;18;983.00;4
2156;18;626176279;2156;239;2919;2923;8.73;0.53;216.77;3.60;763;18;984.00;4
2160;18;626176290;2160;230;2920;2923;8.65;0.52;216.63;3.60;760;18;985.00;3
2160;18;626176305;2160;232;2920;2923;8.65;0.52;216.63;3.60;760;18;986.00;3
2162;18;626176315;2162;233;2922;2924;8.63;0.52;216.62;3.60;760;18;987.00;2
2164;18;626176326;2164;234;2925;2928;8.66;0.53;216.56;3.60;761;18;988.00;3
2165;18;626176343;2165;239;2926;2928;8.75;0.53;216.47;3.60;761;18;989.00;2
2165;18;626176354;2165;236;2931;2934;8.84;0.54;216.47;3.60;766;18;990.00;3
2167;18;626176370;2167;234;2931;2934;8.83;0.54;216.48;3.60;764;18;991.00;3
2168;18;626176385;2168;234;2932;2934;8.87;0.54;216.57;3.60;764;18;992.00;2
2168;18;626176395;2168;233;2933;2934;8.94;0.55;216.57;3.60;765;18;993.00;1
2170;18;626176405;2170;239;2935;2938;8.93;0.55;216.65;3.59;765;18;994.00;3
2171;18;626176415;2171;236;2936;2938;8.94;0.55;216.64;3.60;765;18;995.00;2
2171;18;626176424;2171;238;2936;2938;8.81;0.54;216.64;3.60;765;18;996.00;2
2174;18;626176433;2174;234;2937;2938;8.69;0.53;216.55;3.60;763;18;997.00;1
2175;18;626176442;2175;235;2938;2939;8.60;0.53;216.58;3.59;763;18;998.00;1
2177;18;626176452;2177;238;2940;2940;8.48;0.52;216.63;3.59;763;18;999.00;0
2179;18;626176462;2179;231;2940;2940;8.36;0.51;216.53;3.59;761;18;1000.00;0
2181;18;626176475;2181;234;2941;2941;8.33;0.51;216.52;3.59;760;18;1001.00;0
2183;18;626176484;2183;230;2941;2941;8.30;0.51;216.56;3.59;758;18;1002.00;0
2186;18;626176493;2186;234;2941;2941;8.26;0.50;216.58;3.59;755;18;1003.00;0
2192;18;626176502;2192;229;2941;2941;8.15;0.50;216.63;3.59;749;18;1004.00;0
2194;18;626176512;2194;231;2941;2941;8.15;0.50;216.72;3.59;747;18;1005.00;0
2196;18;626176521;2196;233;2941;2941;8.23;0.50;216.97;3.59;745;18;1006.00;0
2198;18;626176529;2198;233;2941;2941;8.31;0.51;217.11;3.59;743;18;1007.00;0
2200;18;626176538;2200;252;3015;3068;8.49;0.52;217.27;3.51;815;18;1008.00;53
2201;18;626176557;2201;250;3018;3069;8.58;0.53;217.37;3.50;817;18;1009.00;51
2203;18;626176567;2203;243;3026;3069;8.71;0.54;217.43;3.50;823;18;1010.00;43
2205;18;626176576;2205;240;3035;3069;8.80;0.54;217.53;3.50;830;18;1011.00;34
2210;18;626176592;2210;239;3042;3069;8.76;0.54;217.63;3.50;832;18;1012.00;27
2212;18;626176602;2212;244;3046;3069;8.72;0.54;217.53;3.50;834;18;1013.00;23
2216;18;626176612;2216;238;3050;3069;8.69;0.53;217.76;3.50;834;18;1014.00;19
2222;18;626176622;2222;245;3053;3069;8.62;0.53;218.30;3.51;831;18;1015.00;16
2226;18;626176637;2226;254;3056;3070;8.59;0.53;218.35;3.51;830;18;1016.00;14
2234;18;626176649;2234;254;3058;3071;8.55;0.52;218.71;3.51;824;18;1017.00;13
2237;18;626176659;2237;260;3060;3071;8.51;0.52;218.62;3.52;823;18;1018.00;11
2242;18;626176668;2242;259;3061;3072;8.46;0.52;218.82;3.52;819;18;1019.00;11
2246;18;626176680;2246;253;3063;3072;8.39;0.51;219.04;3.52;817;18;1020.00;9
2249;18;626176691;2249;246;3064;3072;8.30;0.51;219.27;3.53;815;18;1021.00;8
2253;18;626176701;2253;245;3066;3072;8.24;0.51;219.46;3.53;813;18;1022.00;6
2258;18;626176710;2258;243;3069;3076;8.25;0.51;219.65;3.53;811;18;1023.00;7
2265;18;626176722;2265;240;3070;3076;8.17;0.50;219.96;3.54;805;18;1024.00;6
2267;18;626176733;2267;240;3072;3076;8.17;0.50;220.20;3.55;805;18;1025.00;4
2272;18;626176743;2272;244;3074;3079;8.22;0.50;220.62;3.55;802;18;1026.00;5
2276;18;626176759;2276;238;3076;3079;8.25;0.51;221.01;3.55;800;18;1027.00;3
2278;18;626176770;2278;233;3077;3079;8.37;0.51;221.18;3.55;799;18;1028.00;2
2281;18;626176781;2281;225;3083;3083;8.49;0.52;221.36;3.55;802;18;1029.00;0
2287;18;626176792;2287;222;3084;3084;8.59;0.53;221.59;3.55;797;18;1030.00;0
2288;18;626176803;2288;212;3084;3084;8.67;0.53;221.63;3.55;796;18;1031.00;0
2291;18;626176814;2291;206;3088;3088;8.81;0.54;221.84;3.55;797;18;1032.00;0
2295;18;626176825;2295;200;3088;3088;8.87;0.54;221.94;3.55;793;18;1033.00;0
2298;19;626176837;2298;196;3088;3088;8.84;0.54;221.87;3.55;790;19;1034.00;0
2305;19;626176854;2305;195;3090;3090;8.83;0.54;222.15;3.54;785;19;1035.00;0
2309;19;626176866;2309;197;3090;3090;8.89;0.54;222.36;3.54;781;19;1036.00;0
2313;19;626176881;2313;196;3095;3096;8.93;0.54;222.52;3.54;782;19;1037.00;1
2317;19;626176893;2317;198;3095;3096;8.98;0.55;222.74;3.54;778;19;1038.00;1
2320;20;626176904;2320;198;3097;3097;9.02;0.55;222.90;3.54;777;20;1039.00;0
2322;20;626176927;2322;199;3097;3097;9.07;0.55;222.95;3.54;775;20;1040.00;0
2329;20;626176938;2329;197;3097;3097;9.03;0.55;223.11;3.54;768;20;1041.00;0
2334;20;626176950;2334;196;3097;3097;9.04;0.55;223.20;3.54;763;20;1042.00;0
2337;20;626176966;2337;192;3097;3097;9.10;0.55;223.29;3.54;760;20;1043.00;0
2340;20;626176978;2340;191;3108;3109;9.26;0.56;223.39;3.53;768;20;1044.00;1
2344;20;626176990;2344;188;3109;3109;9.28;0.57;223.31;3.52;765;20;1045.00;0
2346;20;626177002;2346;184;3109;3109;9.32;0.57;223.36;3.52;763;20;1046.00;0
2349;20;626177012;2349;186;3109;3109;9.44;0.58;223.42;3.52;760;20;1047.00;0
2353;20;626177024;2353;183;3109;3109;9.45;0.58;223.44;3.52;756;20;1048.00;0
2358;20;626177035;2358;185;3109;3109;9.56;0.58;223.63;3.52;751;20;1049.00;0
2361;20;626177048;2361;187;3115;3115;9.64;0.59;223.79;3.52;754;20;1050.00;0
2366;20;626177062;2366;183;3115;3115;9.73;0.59;224.21;3.52;749;20;1051.00;0
2370;20;626177079;2370;179;3118;3119;9.87;0.60;224.44;3.52;748;20;1052.00;1
2376;20;626177098;2376;183;3120;3120;9.89;0.60;224.50;3.51;744;20;1053.00;0
2382;20;626177116;2382;182;3120;3120;9.87;0.60;224.66;3.51;738;20;1054.00;0
2384;20;626177134;2384;179;3120;3120;9.87;0.60;224.81;3.51;736;20;1055.00;0
2387;20;626177151;2387;179;3131;3133;9.87;0.60;224.81;3.50;744;20;1056.00;2
2391;20;626177168;2391;182;3133;3133;9.84;0.60;224.94;3.50;742;20;1057.00;0
2396;20;626177185;2396;182;3133;3133;9.79;0.60;224.99;3.50;737;20;1058.00;0
2399;20;626177198;2399;180;3134;3134;9.76;0.60;224.87;3.50;735;20;1059.00;0
2405;20;626177215;2405;180;3135;3135;9.68;0.59;224.81;3.50;730;20;1060.00;0
2409;20;626177227;2409;184;3135;3135;9.67;0.59;224.83;3.50;726;20;1061.00;0
2413;20;626177240;2413;188;3137;3138;9.61;0.59;225.03;3.50;724;20;1062.00;1
2416;20;626177253;2416;191;3137;3138;9.56;0.58;225.10;3.50;721;20;1063.00;1
2419;20;626177271;2419;199;3138;3138;9.45;0.58;225.09;3.50;719;20;1064.00;0
2423;20;626177282;2423;211;3138;3138;9.38;0.57;225.09;3.50;715;20;1065.00;0
2425;20;626177294;2425;222;3143;3144;9.35;0.57;225.08;3.49;718;20;1066.00;1
2429;20;626177306;2429;212;3143;3144;9.31;0.57;225.09;3.49;714;20;1067.00;1
2434;20;626177316;2434;204;3144;3144;9.23;0.56;225.12;3.49;710;20;1068.00;0
2434;20;626177328;2434;204;3144;3144;9.21;0.56;225.12;3.49;710;20;1069.00;0
2438;20;626177338;2438;204;3148;3148;9.20;0.56;225.18;3.49;710;20;1070.00;0
2440;20;626177351;2440;209;3149;3149;9.24;0.56;225.41;3.49;709;20;1071.00;0
2443;20;626177362;2443;213;3149;3149;9.25;0.56;225.42;3.49;706;20;1072.00;0
2447;20;626177374;2447;207;3150;3150;9.34;0.57;225.57;3.49;703;20;1073.00;0
2453;20;626177385;2453;208;3150;3150;9.37;0.57;225.91;3.49;697;20;1074.00;0
2458;20;626177403;2458;216;3150;3150;9.29;0.57;225.76;3.49;692;20;1075.00;0
2465;20;626177420;2465;199;3150;3150;9.32;0.56;225.90;3.49;685;20;1076.00;0
2466;20;626177432;2466;188;3150;3150;9.34;0.57;225.99;3.49;684;20;1077.00;0
2469;20;626177449;2469;181;3150;3150;9.37;0.57;226.01;3.49;681;20;1078.00;0
2471;20;626177460;2471;175;3150;3150;9.34;0.57;226.04;3.49;679;20;1079.00;0
2472;20;626177473;2472;196;3229;3275;9.17;0.56;226.10;3.40;757;20;1080.00;46
2474;20;626177495;2474;177;3233;3276;9.18;0.56;226.09;3.40;759;20;1081.00;43
2475;20;626177507;2475;165;3237;3276;9.24;0.57;226.16;3.40;762;20;1082.00;39
2477;20;626177525;2477;164;3239;3276;9.30;0.57;226.28;3.40;762;20;1083.00;37
2481;20;626177536;2481;164;3242;3276;9.23;0.57;226.21;3.40;761;20;1084.00;34
2484;20;626177548;2484;165;3244;3276;9.18;0.56;226.34;3.40;760;20;1085.00;32
2487;20;626177560;2487;173;3246;3276;9.09;0.56;226.47;3.40;759;20;1086.00;30
2487;20;626177571;2487;172;3248;3276;9.04;0.56;226.47;3.40;761;20;1087.00;28
2488;20;626177581;2488;167;3251;3277;9.05;0.56;226.59;3.41;763;20;1088.00;26
2490;20;626177593;2490;171;3253;3278;8.98;0.55;226.55;3.41;763;20;1089.00;25
2493;20;626177605;2493;169;3258;3278;8.98;0.55;226.53;3.42;765;20;1090.00;20
2495;20;626177616;2495;176;3263;3282;8.89;0.55;226.54;3.42;768;20;1091.00;19
2499;20;626177628;2499;179;3268;3282;8.95;0.55;226.64;3.43;769;20;1092.00;14
2501;20;626177640;2501;179;3271;3282;8.94;0.55;226.66;3.44;770;20;1093.00;11
2503;21;626177651;2503;183;3271;3282;8.89;0.55;226.63;3.44;768;21;1094.00;11
2503;21;626177680;2503;188;3277;3288;8.87;0.54;226.63;3.43;774;21;1095.00;11
2506;21;626177692;2506;193;3277;3288;8.87;0.54;226.54;3.43;771;21;1096.00;11
2508;21;626177702;2508;199;3277;3288;8.97;0.55;226.52;3.43;769;21;1097.00;11
2512;21;626177713;2512;195;3280;3291;9.06;0.55;226.46;3.43;768;21;1098.00;11
2514;21;626177724;2514;198;3280;3291;9.09;0.56;226.39;3.43;766;21;1099.00;11
2515;21;626177735;2515;201;3280;3291;9.05;0.55;226.31;3.43;765;21;1100.00;11
2516;21;626177750;2516;207;3281;3292;9.02;0.55;226.36;3.43;765;21;1101.00;11
2518;21;626177760;2518;210;3282;3293;9.04;0.55;226.37;3.43;764;21;1102.00;11
2521;21;626177772;2521;212;3282;3293;9.05;0.55;226.30;3.43;761;21;1103.00;11
2525;21;626177782;2525;218;3292;3306;9.00;0.55;226.17;3.42;767;21;1104.00;14
2527;21;626177794;2527;214;3292;3306;9.00;0.55;226.09;3.42;765;21;1105.00;14
2529;21;626177804;2529;223;3292;3306;8.98;0.55;226.00;3.42;763;21;1106.00;14
2531;21;626177820;2531;225;3293;3307;8.98;0.55;225.95;3.42;762;21;1107.00;14
2532;21;626177838;2532;230;3293;3307;8.96;0.55;225.90;3.42;761;21;1108.00;14
2532;21;626177848;2532;233;3296;3311;8.97;0.55;225.90;3.41;764;21;1109.00;15
2534;21;626177860;2534;236;3297;3311;8.95;0.55;225.82;3.42;763;21;1110.00;14
2537;21;626177870;2537;230;3301;3315;8.94;0.55;225.71;3.42;764;21;1111.00;14
2538;21;626177881;2538;228;3301;3315;8.94;0.55;225.78;3.42;763;21;1112.00;14
2542;21;626177890;2542;223;3301;3315;8.92;0.55;225.74;3.42;759;21;1113.00;14
2545;21;626177900;2545;224;3301;3315;8.85;0.54;225.56;3.42;756;21;1114.00;14
2548;21;626177910;2548;221;3301;3315;8.83;0.54;225.76;3.42;753;21;1115.00;14
2550;21;626177920;2550;223;3311;3327;8.83;0.54;225.61;3.41;761;21;1116.00;16
2554;21;626177931;2554;218;3312;3327;8.69;0.53;225.55;3.42;758;21;1117.00;15
2556;21;626177941;2556;213;3314;3327;8.70;0.53;225.56;3.43;758;21;1118.00;13
2558;21;626177950;2558;213;3314;3327;8.69;0.53;225.52;3.43;756;21;1119.00;13
2559;21;626177959;2559;210;3315;3327;8.63;0.53;225.59;3.44;756;21;1120.00;12
2559;21;626177969;2559;212;3315;3327;8.58;0.53;225.59;3.44;756;21;1121.00;12
2562;21;626177978;2562;209;3316;3328;8.50;0.52;225.72;3.45;754;21;1122.00;12
2564;21;626177988;2564;207;3317;3328;8.46;0.52;225.78;3.46;753;21;1123.00;11
2567;21;626178003;2567;209;3321;3334;8.43;0.52;225.83;3.45;754;21;1124.00;13
2567;21;626178012;2567;209;3326;3336;8.42;0.51;225.83;3.47;759;21;1125.00;10
2569;21;626178022;2569;206;3327;3336;8.43;0.51;225.83;3.47;758;21;1126.00;9
2571;21;626178031;2571;209;3328;3336;8.42;0.51;225.72;3.49;757;21;1127.00;8
2575;21;626178040;2575;208;3331;3340;8.48;0.52;225.61;3.48;756;21;1128.00;9
2577;21;626178050;2577;208;3332;3340;8.48;0.52;225.60;3.50;755;21;1129.00;8
2581;21;626178062;2581;205;3332;3340;8.44;0.51;225.52;3.50;751;21;1130.00;8
2583;21;626178078;2583;199;3334;3341;8.49;0.52;225.47;3.51;751;21;1131.00;7
2584;21;626178088;2584;195;3337;3345;8.59;0.52;225.43;3.51;753;21;1132.00;8
2587;21;626178099;2587;192;3338;3345;8.65;0.52;225.33;3.52;751;21;1133.00;7
2588;21;626178108;2588;181;3340;3348;8.81;0.53;225.30;3.52;752;21;1134.00;8
2589;21;626178118;2589;172;3341;3348;8.91;0.54;225.30;3.52;752;21;1135.00;7
2594;21;626178128;2594;165;3341;3348;9.03;0.54;225.61;3.52;747;21;1136.00;7
2595;21;626178137;2595;163;3342;3348;9.18;0.55;225.53;3.54;747;21;1137.00;6
2595;21;626178147;2595;158;3345;3352;9.35;0.56;225.53;3.54;750;21;1138.00;7
2595;21;626178157;2595;156;3345;3352;9.47;0.57;225.53;3.54;750;21;1139.00;7
2596;21;626178168;2596;154;3346;3352;9.58;0.58;225.45;3.53;750;21;1140.00;6
2597;21;626178183;2597;152;3346;3352;9.70;0.59;225.41;3.53;749;21;1141.00;6
2599;21;626178193;2599;145;3346;3353;9.71;0.59;225.39;3.53;747;21;1142.00;7
2601;21;626178203;2601;143;3347;3354;9.69;0.59;225.33;3.53;746;21;1143.00;7
2603;21;626178213;2603;145;3348;3354;9.69;0.59;225.30;3.54;745;21;1144.00;6
2605;21;626178229;2605;145;3349;3355;9.82;0.60;225.24;3.54;744;21;1145.00;6
2606;21;626178239;2606;144;3349;3355;9.86;0.60;225.21;3.54;743;21;1146.00;6
2607;21;626178250;2607;146;3349;3355;9.92;0.60;225.23;3.54;742;21;1147.00;6
2609;21;626178260;2609;152;3349;3355;9.93;0.60;225.23;3.54;740;21;1148.00;6
2611;21;626178271;2611;148;3349;3355;9.99;0.61;225.21;3.54;738;21;1149.00;6
2613;21;626178281;2613;154;3351;3355;9.99;0.61;225.27;3.56;738;21;1150.00;4
2614;21;626178291;2614;155;3351;3355;10.00;0.61;225.26;3.56;737;21;1151.00;4
2616;21;626178300;2616;172;3417;3482;9.98;0.61;225.30;3.49;801;21;1152.00;65
2616;21;626178320;2616;165;3420;3483;10.00;0.62;225.30;3.50;804;21;1153.00;63
2618;21;626178331;2618;161;3431;3483;10.15;0.63;225.26;3.50;813;21;1154.00;52
2621;21;626178341;2621;167;3438;3483;10.13;0.62;225.36;3.50;817;21;1155.00;45
2625;21;626178352;2625;162;3444;3483;10.14;0.62;225.57;3.51;819;21;1156.00;39
2625;21;626178362;2625;165;3450;3483;10.12;0.62;225.57;3.51;825;21;1157.00;33
2626;21;626178383;2626;168;3455;3483;10.07;0.62;225.63;3.51;829;21;1158.00;28
2630;21;626178394;2630;168;3458;3483;10.02;0.62;226.00;3.52;828;21;1159.00;25
2633;21;626178404;2633;172;3464;3484;9.97;0.61;225.83;3.53;831;21;1160.00;20
2635;21;626178415;2635;173;3468;3485;9.98;0.61;225.87;3.53;833;21;1161.00;17
2637;21;626178426;2637;176;3472;3485;9.97;0.61;225.80;3.54;835;21;1162.00;13
2640;21;626178436;2640;180;3476;3486;9.90;0.61;226.03;3.55;836;21;1163.00;10
2642;21;626178446;2642;186;3478;3486;9.80;0.60;225.95;3.55;836;21;1164.00;8
2645;21;626178456;2645;195;3479;3486;9.68;0.60;226.23;3.55;834;21;1165.00;7
2647;21;626178467;2647;201;3481;3486;9.51;0.59;226.32;3.56;834;21;1166.00;5
2650;21;626178477;2650;216;3485;3490;9.33;0.58;226.47;3.56;835;21;1167.00;5
2654;21;626178488;2654;226;3486;3490;9.17;0.56;226.49;3.57;832;21;1168.00;4
2657;21;626178498;2657;224;3487;3490;8.94;0.55;226.62;3.57;830;21;1169.00;3
2659;21;626178510;2659;223;3491;3496;8.84;0.54;226.59;3.57;832;21;1170.00;5
2662;21;626178521;2662;227;3491;3496;8.80;0.54;226.65;3.57;829;21;1171.00;5
2665;21;626178531;2665;230;3493;3496;8.76;0.54;226.91;3.57;828;21;1172.00;3
2667;21;626178541;2667;228;3497;3500;8.72;0.53;226.84;3.57;830;21;1173.00;3
2671;21;626178551;2671;228;3499;3501;8.76;0.54;227.25;3.57;828;21;1174.00;2
2675;21;626178562;2675;238;3499;3501;8.73;0.54;227.39;3.57;824;21;1175.00;2
2681;21;626178572;2681;235;3504;3505;8.82;0.54;227.34;3.56;823;21;1176.00;1
2686;21;626178582;2686;240;3504;3505;8.84;0.54;227.68;3.56;818;21;1177.00;1
2688;21;626178593;2688;237;3505;3505;8.92;0.54;227.74;3.56;817;21;1178.00;0
2689;21;626178603;2689;237;3506;3506;8.97;0.55;227.85;3.56;817;21;1179.00;0
2693;21;626178619;2693;237;3506;3506;8.94;0.54;227.95;3.56;813;21;1180.00;0
2696;21;626178629;2696;240;3511;3512;8.85;0.54;228.12;3.56;815;21;1181.00;1
2698;21;626178639;2698;241;3511;3512;8.68;0.53;228.05;3.56;813;21;1182.00;1
2704;21;626178649;2704;246;3513;3513;8.51;0.52;228.22;3.56;809;21;1183.00;0
2707;21;626178659;2707;244;3513;3513;8.41;0.51;228.44;3.56;806;21;1184.00;0
2708;21;626178669;2708;250;3513;3513;8.34;0.51;228.47;3.56;805;21;1185.00;0
2711;21;626178678;2711;248;3513;3513;8.28;0.51;228.72;3.56;802;21;1186.00;0
2718;21;626178688;2718;251;3513;3513;8.19;0.50;228.69;3.56;795;21;1187.00;0
2723;21;626178697;2723;253;3524;3525;8.18;0.50;228.84;3.55;801;21;1188.00;1
2727;21;626178709;2727;253;3524;3525;8.11;0.50;229.04;3.55;797;21;1189.00;1
2733;21;626178719;2733;240;3525;3525;8.04;0.49;229.30;3.55;792;21;1190.00;0
2736;21;626178728;2736;234;3525;3525;8.02;0.49;229.49;3.55;789;21;1191.00;0
2741;21;626178743;2741;234;3525;3525;7.99;0.49;229.70;3.55;784;21;1192.00;0
2743;21;626178753;2743;235;3525;3525;8.06;0.49;229.76;3.55;782;21;1193.00;0
2748;21;626178762;2748;236;3529;3529;8.06;0.49;230.04;3.54;781;21;1194.00;0
2751;22;626178772;2751;233;3529;3529;8.15;0.50;230.26;3.54;778;22;1195.00;0
2755;22;626178793;2755;228;3532;3533;8.21;0.50;230.46;3.54;777;22;1196.00;1
2760;22;626178804;2760;218;3533;3534;8.35;0.51;230.46;3.54;773;22;1197.00;1
2763;22;626178814;2763;214;3534;3534;8.48;0.52;230.38;3.54;771;22;1198.00;0
2768;22;626178824;2768;212;3534;3534;8.54;0.52;230.51;3.54;766;22;1199.00;0
2771;22;626178837;2771;209;3556;3575;8.60;0.52;230.53;3.52;785;22;1200.00;19
2774;22;626178855;2774;202;3559;3575;8.66;0.53;230.63;3.52;785;22;1201.00;16
2777;22;626178866;2777;203;3561;3575;8.65;0.53;230.73;3.52;784;22;1202.00;14
2781;22;626178876;2781;196;3564;3576;8.67;0.53;230.76;3.51;783;22;1203.00;12
2785;22;626178893;2785;191;3566;3577;8.69;0.53;230.79;3.51;781;22;1204.00;11
2785;22;626178903;2785;193;3568;3577;8.76;0.53;230.79;3.51;783;22;1205.00;9
2790;22;626178914;2790;190;3570;3580;8.75;0.53;231.09;3.51;780;22;1206.00;10
2794;22;626178925;2794;189;3571;3580;8.76;0.54;231.11;3.51;777;22;1207.00;9
2797;22;626178935;2797;187;3572;3580;8.73;0.53;231.22;3.51;775;22;1208.00;8
2801;22;626178946;2801;184;3573;3580;8.74;0.53;231.33;3.51;772;22;1209.00;7
2805;22;626178956;2805;183;3578;3586;8.75;0.53;231.32;3.51;773;22;1210.00;8
2806;22;626178967;2806;192;3580;3586;8.74;0.54;231.33;3.51;774;22;1211.00;6
2812;22;626178978;2812;190;3580;3586;8.75;0.53;231.34;3.51;768;22;1212.00;6
2816;22;626178994;2816;184;3580;3586;8.79;0.54;231.39;3.51;764;22;1213.00;6
2819;22;626179004;2819;187;3584;3590;8.83;0.54;231.31;3.51;765;22;1214.00;6
2824;22;626179016;2824;187;3586;3592;8.87;0.54;231.38;3.51;762;22;1215.00;6
2829;22;626179027;2829;185;3586;3592;8.86;0.54;231.28;3.51;757;22;1216.00;6
2834;22;626179038;2834;186;3588;3593;8.94;0.55;231.54;3.51;754;22;1217.00;5
2839;22;626179048;2839;183;3588;3593;8.94;0.55;231.65;3.51;749;22;1218.00;5
2842;22;626179059;2842;184;3588;3593;9.01;0.55;231.75;3.51;746;22;1219.00;5
2846;22;626179075;2846;191;3588;3593;9.10;0.56;231.75;3.51;742;22;1220.00;5
2854;22;626179095;2854;196;3588;3593;9.02;0.55;231.90;3.51;734;22;1221.00;5
2857;22;626179111;2857;195;3588;3593;8.98;0.55;231.95;3.51;731;22;1222.00;5
2863;23;626179129;2863;199;3589;3593;8.85;0.54;232.02;3.52;726;23;1223.00;4
2868;23;626179167;2868;216;3630;3663;8.64;0.53;232.14;3.48;762;23;1224.00;33
2872;23;626179192;2872;219;3631;3664;8.65;0.53;232.16;3.48;759;23;1225.00;33
2876;23;626179210;2876;224;3636;3664;8.73;0.54;232.30;3.48;760;23;1226.00;28
2878;23;626179225;2878;230;3638;3664;8.76;0.54;232.24;3.48;760;23;1227.00;26
2883;23;626179239;2883;232;3642;3666;8.82;0.54;232.40;3.48;759;23;1228.00;24
2885;23;626179251;2885;237;3646;3666;8.85;0.54;232.45;3.49;761;23;1229.00;20
2887;23;626179265;2887;241;3650;3666;8.82;0.54;232.52;3.49;763;23;1230.00;16
2892;23;626179283;2892;240;3651;3666;8.80;0.54;232.35;3.49;759;23;1231.00;15
2896;23;626179296;2896;245;3654;3667;8.75;0.54;232.47;3.50;758;23;1232.00;13
2900;23;626179307;2900;250;3657;3668;8.73;0.53;232.48;3.50;757;23;1233.00;11
2903;23;626179318;2903;259;3661;3668;8.62;0.53;232.52;3.51;758;23;1234.00;7
2907;23;626179329;2907;266;3665;3672;8.43;0.52;232.55;3.51;758;23;1235.00;7
2909;23;626179341;2909;281;3667;3672;8.36;0.51;232.71;3.51;758;23;1236.00;5
2913;23;626179352;2913;276;3668;3672;8.33;0.51;232.82;3.52;755;23;1237.00;4
2917;23;626179364;2917;271;3668;3672;8.33;0.51;232.88;3.52;751;23;1238.00;4
2919;23;626179375;2919;274;3674;3678;8.37;0.51;232.82;3.52;755;23;1239.00;4
2923;23;626179387;2923;262;3677;3678;8.38;0.51;232.89;3.53;754;23;1240.00;1
2926;23;626179399;2926;255;3677;3678;8.40;0.51;232.98;3.53;751;23;1241.00;1
2927;23;626179416;2927;252;3681;3681;8.52;0.52;232.93;3.53;754;23;1242.00;0
2931;23;626179427;2931;253;3681;3681;8.54;0.52;233.01;3.53;750;23;1243.00;0
2932;23;626179439;2932;256;3681;3681;8.54;0.52;233.01;3.53;749;23;1244.00;0
2937;23;626179450;2937;261;3682;3682;8.46;0.52;232.99;3.53;745;23;1245.00;0
2940;23;626179462;2940;253;3683;3683;8.47;0.52;233.06;3.53;743;23;1246.00;0
2942;23;626179474;2942;243;3683;3683;8.51;0.52;233.09;3.53;741;23;1247.00;0
2945;23;626179485;2945;232;3696;3696;8.67;0.53;233.28;3.51;751;23;1248.00;0
2947;23;626179497;2947;224;3696;3696;8.78;0.54;233.25;3.51;749;23;1249.00;0
2951;23;626179508;2951;217;3696;3696;8.84;0.54;233.31;3.51;745;23;1250.00;0
2954;23;626179520;2954;216;3697;3697;8.87;0.54;233.39;3.51;743;23;1251.00;0
2954;23;626179531;2954;215;3697;3697;8.91;0.54;233.39;3.51;743;23;1252.00;0
2956;23;626179542;2956;214;3700;3701;8.88;0.54;233.37;3.51;744;23;1253.00;1
2956;23;626179554;2956;215;3700;3701;8.88;0.54;233.37;3.51;744;23;1254.00;1
2957;23;626179566;2957;215;3705;3705;8.93;0.55;233.34;3.51;748;23;1255.00;0
2960;23;626179576;2960;218;3705;3705;8.95;0.55;233.29;3.51;745;23;1256.00;0
2962;23;626179588;2962;213;3705;3705;8.96;0.55;233.20;3.51;743;23;1257.00;0
2963;23;626179599;2963;218;3705;3705;8.96;0.55;233.14;3.51;742;23;1258.00;0
2964;23;626179610;2964;218;3705;3705;8.93;0.55;233.14;3.51;741;23;1259.00;0
2965;23;626179622;2965;221;3730;3739;8.88;0.55;233.19;3.48;765;23;1260.00;9
2968;23;626179642;2968;221;3731;3739;8.91;0.55;233.04;3.48;763;23;1261.00;8
2972;23;626179652;2972;223;3733;3739;8.92;0.55;232.99;3.48;761;23;1262.00;6
2978;23;626179663;2978;219;3734;3739;8.87;0.54;232.97;3.48;756;23;1263.00;5
2979;23;626179674;2979;220;3734;3739;8.86;0.54;232.93;3.48;755;23;1264.00;5
2981;23;626179684;2981;222;3735;3739;8.76;0.54;232.90;3.48;754;23;1265.00;4
2984;24;626179694;2984;226;3735;3740;8.67;0.53;232.86;3.48;751;24;1266.00;5
2989;24;626179711;2989;231;3736;3740;8.65;0.53;232.71;3.48;747;24;1267.00;4
2993;24;626179721;2993;232;3739;3746;8.59;0.52;232.59;3.48;746;24;1268.00;7
2994;24;626179737;2994;241;3741;3747;8.57;0.52;232.60;3.48;747;24;1269.00;6
2999;24;626179753;2999;244;3741;3747;8.41;0.51;232.53;3.48;742;24;1270.00;6
2999;24;626179763;2999;246;3742;3747;8.43;0.51;232.53;3.48;743;24;1271.00;5
3001;24;626179773;3001;255;3744;3751;8.33;0.51;232.46;3.48;743;24;1272.00;7
3001;25;626179789;3001;259;3744;3751;8.29;0.51;232.46;3.48;743;25;1273.00;7
3003;25;626179806;3003;265;3744;3751;8.18;0.50;232.45;3.48;741;25;1274.00;7
3005;25;626179816;3005;265;3745;3752;8.06;0.49;232.38;3.48;740;25;1275.00;7
3006;25;626179830;3006;275;3748;3756;7.96;0.49;232.33;3.48;742;25;1276.00;8
3006;25;626179840;3006;284;3748;3756;7.94;0.48;232.33;3.48;742;25;1277.00;8
3006;25;626179849;3006;287;3750;3759;7.92;0.48;232.33;3.47;744;25;1278.00;9
3007;25;626179858;3007;287;3751;3759;7.90;0.48;232.34;3.47;744;25;1279.00;8
3009;25;626179867;3009;286;3751;3759;7.82;0.48;232.26;3.47;742;25;1280.00;8
3011;25;626179876;3011;287;3751;3759;7.78;0.47;232.41;3.47;740;25;1281.00;8
3014;25;626179885;3014;277;3754;3763;7.70;0.47;232.41;3.47;740;25;1282.00;9
3017;25;626179895;3017;264;3754;3763;7.69;0.47;232.39;3.47;737;25;1283.00;9
3019;25;626179904;3019;252;3755;3763;7.71;0.47;232.42;3.47;736;25;1284.00;8
3021;25;626179913;3021;242;3755;3763;7.74;0.47;232.37;3.47;734;25;1285.00;8
3021;25;626179922;3021;228;3755;3764;7.79;0.47;232.37;3.47;734;25;1286.00;9
3023;25;626179931;3023;222;3756;3765;7.79;0.47;232.46;3.47;733;25;1287.00;9
3024;25;626179947;3024;214;3756;3765;7.83;0.48;232.48;3.47;732;25;1288.00;9
3030;25;626179956;3030;208;3757;3766;7.84;0.48;232.43;3.47;727;25;1289.00;9
3030;25;626179974;3030;194;3757;3766;7.86;0.48;232.43;3.47;727;25;1290.00;9
3033;25;626179983;3033;182;3757;3766;7.91;0.48;232.52;3.47;724;25;1291.00;9
3036;25;626179998;3036;177;3757;3766;7.91;0.48;232.62;3.47;721;25;1292.00;9
3037;25;626180007;3037;170;3757;3766;8.01;0.49;232.60;3.47;720;25;1293.00;9
3039;25;626180017;3039;162;3758;3766;8.09;0.49;232.54;3.48;719;25;1294.00;8
3043;25;626180026;3043;157;3758;3766;8.22;0.50;232.51;3.48;715;25;1295.00;8
3044;25;626180035;3044;172;3824;3893;8.38;0.52;232.52;3.42;780;25;1296.00;69
3045;25;626180058;3045;159;3824;3894;8.49;0.52;232.51;3.42;779;25;1297.00;70
3048;25;626180070;3048;150;3833;3894;8.63;0.53;232.40;3.43;785;25;1298.00;61
3050;25;626180081;3050;147;3837;3894;8.73;0.54;232.34;3.43;787;25;1299.00;57
3050;25;626180093;3050;144;3841;3894;8.80;0.54;232.34;3.43;791;25;1300.00;53
3051;25;626180107;3051;140;3846;3894;8.97;0.55;232.30;3.43;795;25;1301.00;48
3052;25;626180118;3052;131;3851;3894;9.18;0.56;232.26;3.44;799;25;1302.00;43
3053;25;626180128;3053;132;3853;3894;9.30;0.57;232.22;3.45;800;25;1303.00;41
3056;25;626180138;3056;130;3858;3895;9.46;0.58;232.21;3.45;802;25;1304.00;37
3058;25;626180148;3058;136;3861;3897;9.53;0.58;232.21;3.45;803;25;1305.00;36
3059;25;626180158;3059;131;3866;3897;9.65;0.59;232.34;3.46;807;25;1306.00;31
3060;25;626180168;3060;130;3868;3898;9.68;0.59;232.29;3.47;808;25;1307.00;30
3063;25;626180178;3063;134;3871;3898;9.78;0.60;232.37;3.48;808;25;1308.00;27
3067;25;626180189;3067;134;3873;3898;9.66;0.59;232.24;3.49;806;25;1309.00;25
3071;25;626180200;3071;139;3877;3898;9.56;0.59;232.30;3.50;806;25;1310.00;21
3075;25;626180211;3075;142;3878;3902;9.52;0.58;232.45;3.50;803;25;1311.00;24
3079;25;626180221;3079;149;3880;3902;9.49;0.58;232.47;3.51;801;25;1312.00;22
3083;25;626180232;3083;152;3885;3902;9.40;0.57;232.63;3.53;802;25;1313.00;17
3083;25;626180242;3083;152;3887;3905;9.40;0.57;232.63;3.53;804;25;1314.00;18
3088;25;626180254;3088;157;3888;3905;9.41;0.57;232.73;3.53;800;25;1315.00;17
3090;25;626180265;3090;155;3891;3905;9.39;0.57;232.81;3.54;801;25;1316.00;14
3090;25;626180276;3090;161;3896;3909;9.35;0.57;232.81;3.54;806;25;1317.00;13
3093;25;626180292;3093;160;3897;3910;9.36;0.57;232.87;3.54;804;25;1318.00;13
3094;25;626180303;3094;164;3899;3910;9.42;0.57;232.87;3.55;805;25;1319.00;11
3095;25;626180315;3095;170;3903;3915;9.46;0.57;232.87;3.55;808;25;1320.00;12
3098;25;626180326;3098;170;3905;3915;9.44;0.57;233.03;3.57;807;25;1321.00;10
3100;25;626180343;3100;178;3905;3915;9.44;0.57;233.09;3.57;805;25;1322.00;10
3103;25;626180359;3103;183;3908;3916;9.40;0.57;233.17;3.57;805;25;1323.00;8
3105;25;626180372;3105;182;3908;3916;9.36;0.57;233.24;3.57;803;25;1324.00;8
3109;25;626180383;3109;191;3913;3922;9.38;0.57;233.37;3.57;804;25;1325.00;9
3112;25;626180396;3112;192;3914;3922;9.33;0.57;233.50;3.58;802;25;1326.00;8
3113;25;626180407;3113;198;3915;3923;9.31;0.56;233.56;3.58;802;25;1327.00;8
3117;25;626180419;3117;202;3916;3923;9.33;0.57;233.55;3.58;799;25;1328.00;7
3120;25;626180434;3120;201;3916;3923;9.32;0.56;233.64;3.58;796;25;1329.00;7
3123;25;626180447;3123;203;3916;3923;9.26;0.56;233.72;3.58;793;25;1330.00;7
3124;25;626180460;3124;201;3917;3923;9.22;0.56;233.73;3.59;793;25;1331.00;6
3125;25;626180471;3125;206;3927;3935;9.23;0.56;233.81;3.58;802;25;1332.00;8
3128;25;626180485;3128;205;3930;3935;9.21;0.56;233.87;3.61;802;25;1333.00;5
3132;25;626180496;3132;208;3931;3935;9.23;0.56;233.97;3.61;799;25;1334.00;4
3133;25;626180507;3133;209;3935;3935;9.23;0.56;234.05;3.61;802;25;1335.00;0
3134;25;626180517;3134;215;3935;3935;9.17;0.56;234.14;3.61;801;25;1336.00;0
3136;25;626180528;3136;214;3935;3935;9.07;0.55;234.32;3.61;799;25;1337.00;0
3137;25;626180538;3137;219;3939;3939;8.99;0.55;234.39;3.61;802;25;1338.00;0
3139;25;626180549;3139;223;3939;3939;8.94;0.54;234.55;3.61;800;25;1339.00;0
3140;25;626180559;3140;220;3942;3943;8.96;0.55;234.62;3.61;802;25;1340.00;1
3142;25;626180575;3142;216;3943;3944;8.94;0.54;234.62;3.61;801;25;1341.00;1
3145;25;626180586;3145;205;3944;3944;8.92;0.54;234.73;3.61;799;25;1342.00;0
3148;25;626180596;3148;209;3944;3944;8.92;0.54;234.79;3.61;796;25;1343.00;0
3151;25;626180606;3151;216;3956;3957;8.92;0.54;234.87;3.60;805;25;1344.00;1
3155;25;626180618;3155;217;3956;3957;8.88;0.54;234.89;3.60;801;25;1345.00;1
3157;25;626180629;3157;220;3957;3957;8.88;0.54;235.05;3.60;800;25;1346.00;0
3159;25;626180639;3159;220;3958;3958;8.99;0.55;235.24;3.60;799;25;1347.00;0
3161;25;626180650;3161;217;3959;3959;9.08;0.56;235.38;3.60;798;25;1348.00;0
3164;25;626180660;3164;215;3959;3959;9.09;0.56;235.46;3.60;795;25;1349.00;0
3165;25;626180672;3165;216;3962;3968;9.09;0.56;235.45;3.59;797;25;1350.00;6
3167;25;626180683;3167;221;3963;3968;9.04;0.55;235.43;3.59;796;25;1351.00;5
3174;25;626180693;3174;227;3964;3968;8.96;0.55;235.47;3.59;790;25;1352.00;4
3177;25;626180703;3177;226;3964;3968;8.90;0.54;235.47;3.59;787;25;1353.00;4
3184;25;626180713;3184;229;3969;3974;8.82;0.54;235.60;3.59;785;25;1354.00;5
3192;25;626180723;3192;232;3969;3974;8.73;0.53;235.66;3.59;777;25;1355.00;5
3195;25;626180733;3195;230;3970;3974;8.65;0.53;235.72;3.59;775;25;1356.00;4
3200;25;626180743;3200;236;3970;3974;8.50;0.52;235.84;3.59;770;25;1357.00;4
3203;25;626180753;3203;243;3975;3978;8.28;0.51;235.88;3.59;772;25;1358.00;3
3205;25;626180762;3205;242;3977;3979;8.20;0.50;235.96;3.59;772;25;1359.00;2
3209;25;626180771;3209;235;3977;3979;8.13;0.50;236.09;3.59;768;25;1360.00;2
3213;25;626180781;3213;226;3979;3980;8.08;0.49;236.17;3.59;766;25;1361.00;1
3218;25;626180790;3218;227;3979;3980;8.11;0.50;236.40;3.59;761;25;1362.00;1
3222;25;626180799;3222;222;3979;3980;8.17;0.50;236.48;3.59;757;25;1363.00;1
3226;25;626180808;3226;217;3979;3980;8.18;0.50;236.63;3.59;753;25;1364.00;1
3230;25;626180818;3230;214;3979;3980;8.21;0.51;236.74;3.59;749;25;1365.00;1
3233;25;626180828;3233;208;3979;3980;8.24;0.51;236.78;3.59;746;25;1366.00;1
3237;25;626180837;3237;208;3979;3980;8.29;0.51;236.98;3.59;742;25;1367.00;1
3242;25;626180847;3242;211;4020;4050;8.33;0.51;237.11;3.55;778;25;1368.00;30
3249;25;626180862;3249;198;4025;4051;8.38;0.52;237.17;3.55;776;25;1369.00;26
3253;25;626180872;3253;197;4032;4051;8.59;0.53;237.13;3.55;779;25;1370.00;19
3258;25;626180882;3258;193;4033;4051;8.68;0.54;237.13;3.55;775;25;1371.00;18
3260;25;626180893;3260;199;4037;4051;8.89;0.55;237.07;3.55;777;25;1372.00;14
3267;25;626180902;3267;196;4039;4051;8.94;0.55;237.02;3.55;772;25;1373.00;12
3270;25;626180912;3270;194;4043;4051;9.02;0.55;236.99;3.55;773;25;1374.00;8
3276;25;626180923;3276;202;4044;4051;8.99;0.55;236.99;3.55;768;25;1375.00;7
3277;25;626180934;3277;201;4047;4052;9.03;0.55;237.01;3.55;770;25;1376.00;5
3282;25;626180944;3282;197;4049;4053;9.03;0.55;236.97;3.55;767;25;1377.00;4
3289;25;626180954;3289;196;4051;4053;9.10;0.56;236.90;3.56;762;25;1378.00;2
3297;25;626180964;3297;202;4054;4057;9.14;0.56;236.91;3.55;757;25;1379.00;3
3301;25;626180978;3301;205;4054;4057;9.18;0.56;236.94;3.55;753;25;1380.00;3
3307;25;626180991;3307;207;4054;4057;9.18;0.56;237.12;3.55;747;25;1381.00;3
3311;25;626181013;3311;207;4054;4057;9.21;0.56;237.26;3.55;743;25;1382.00;3
3319;25;626181027;3319;210;4059;4063;9.08;0.55;237.32;3.55;740;25;1383.00;4
3323;25;626181043;3323;213;4060;4063;9.07;0.55;237.40;3.55;737;25;1384.00;3
3327;25;626181056;3327;214;4061;4063;9.06;0.55;237.32;3.55;734;25;1385.00;2
3333;25;626181077;3333;216;4063;4066;8.95;0.54;237.50;3.55;730;25;1386.00;3
3338;25;626181090;3338;224;4065;4066;8.89;0.54;237.57;3.56;727;25;1387.00;1
3340;25;626181108;3340;228;4066;4066;8.81;0.54;237.59;3.56;726;25;1388.00;0
3344;25;626181124;3344;234;4067;4067;8.66;0.53;237.49;3.56;723;25;1389.00;0
3351;25;626181139;3351;237;4068;4068;8.56;0.52;237.69;3.56;717;25;1390.00;0
3357;25;626181154;3357;240;4068;4068;8.50;0.52;237.72;3.56;711;25;1391.00;0
3358;25;626181170;3358;244;4081;4081;8.56;0.52;237.76;3.55;723;25;1392.00;0
3361;25;626181187;3361;243;4081;4081;8.41;0.51;237.89;3.55;720;25;1393.00;0
3363;25;626181199;3363;249;4081;4081;8.35;0.51;238.02;3.55;718;25;1394.00;0
3367;25;626181211;3367;248;4083;4083;8.35;0.51;238.02;3.55;716;25;1395.00;0
3369;25;626181222;3369;257;4083;4083;8.32;0.51;238.20;3.55;714;25;1396.00;0
3372;25;626181233;3372;261;4086;4087;8.25;0.50;238.29;3.54;714;25;1397.00;1
3373;25;626181244;3373;266;4086;4087;8.16;0.50;238.40;3.54;713;25;1398.00;1
3378;25;626181254;3378;275;4091;4091;8.11;0.49;238.52;3.54;713;25;1399.00;0
3380;25;626181267;3380;280;4091;4091;8.06;0.49;238.42;3.54;711;25;1400.00;0
3383;25;626181280;3383;291;4091;4091;7.97;0.48;238.46;3.54;708;25;1401.00;0
3383;25;626181290;3383;293;4091;4091;7.91;0.48;238.46;3.54;708;25;1402.00;0
3388;25;626181299;3388;305;4091;4091;7.81;0.48;238.39;3.54;703;25;1403.00;0
3391;25;626181309;3391;313;4101;4103;7.80;0.47;238.40;3.53;710;25;1404.00;2
3395;25;626181320;3395;319;4101;4103;7.61;0.46;238.32;3.53;706;25;1405.00;2
3395;25;626181330;3395;326;4103;4103;7.54;0.46;238.32;3.53;708;25;1406.00;0
3397;25;626181339;3397;311;4103;4103;7.44;0.45;238.36;3.53;706;25;1407.00;0
3398;25;626181349;3398;306;4103;4103;7.33;0.45;238.32;3.53;705;25;1408.00;0
3401;25;626181357;3401;309;4103;4103;7.22;0.44;238.32;3.53;702;25;1409.00;0
3402;25;626181371;3402;306;4104;4104;7.18;0.44;238.28;3.53;702;25;1410.00;0
3407;25;626181385;3407;307;4104;4104;7.16;0.44;238.43;3.53;697;25;1411.00;0
3413;25;626181418;3413;313;4109;4110;7.14;0.44;238.28;3.53;696;25;1412.00;1
3417;25;626181429;3417;308;4110;4111;7.17;0.44;238.20;3.53;693;25;1413.00;1
3419;25;626181455;3419;307;4111;4111;7.17;0.44;238.18;3.53;692;25;1414.00;0
3421;25;626181473;3421;305;4111;4111;7.19;0.44;238.18;3.53;690;25;1415.00;0
3423;25;626181482;3423;295;4115;4115;7.28;0.44;238.12;3.52;692;25;1416.00;0
3425;25;626181492;3425;287;4115;4115;7.36;0.45;238.10;3.52;690;25;1417.00;0
3425;25;626181501;3425;285;4115;4115;7.44;0.45;238.10;3.52;690;25;1418.00;0
3426;25;626181511;3426;274;4116;4116;7.61;0.47;238.05;3.52;690;25;1419.00;0
3426;25;626181521;3426;267;4120;4120;7.68;0.47;238.05;3.52;694;25;1420.00;0
3428;25;626181530;3428;259;4120;4120;7.71;0.47;237.93;3.52;692;25;1421.00;0
3430;25;626181540;3430;254;4122;4123;7.81;0.48;237.95;3.52;692;25;1422.00;1
3431;25;626181550;3431;251;4122;4123;7.85;0.48;237.95;3.52;691;25;1423.00;1
3432;25;626181560;3432;251;4123;4123;7.98;0.49;237.93;3.52;691;25;1424.00;0
3433;25;626181570;3433;252;4123;4123;8.10;0.49;237.91;3.52;690;25;1425.00;0
3434;25;626181580;3434;250;4126;4127;8.25;0.50;237.88;3.52;692;25;1426.00;1
3434;25;626181589;3434;247;4126;4127;8.32;0.51;237.88;3.52;692;25;1427.00;1
3438;25;626181599;3438;245;4127;4127;8.33;0.51;237.82;3.52;689;25;1428.00;0
3438;26;626181608;3438;245;4127;4127;8.34;0.51;237.82;3.52;689;26;1429.00;0
3442;26;626181639;3442;245;4128;4128;8.29;0.51;237.82;3.52;686;26;1430.00;0
3444;26;626181650;3444;246;4129;4129;8.24;0.50;237.79;3.52;685;26;1431.00;0
3446;26;626181659;3446;242;4129;4129;8.11;0.49;237.76;3.52;683;26;1432.00;0
3447;26;626181669;3447;244;4130;4130;8.11;0.49;237.78;3.52;683;26;1433.00;0
3447;26;626181678;3447;247;4130;4130;8.10;0.50;237.78;3.52;683;26;1434.00;0
3448;26;626181687;3448;241;4130;4130;8.06;0.49;237.74;3.52;682;26;1435.00;0
3449;26;626181696;3449;233;4130;4130;8.05;0.49;237.74;3.52;681;26;1436.00;0
3451;26;626181705;3451;231;4130;4130;8.15;0.50;237.66;3.52;679;26;1437.00;0
3451;26;626181715;3451;227;4130;4130;8.29;0.51;237.66;3.52;679;26;1438.00;0
3458;26;626181724;3458;224;4130;4130;8.35;0.51;237.68;3.52;672;26;1439.00;0
3458;26;626181735;3458;273;4257;4360;8.23;0.52;237.68;3.41;799;26;1440.00;103
3461;26;626181764;3461;257;4258;4361;8.32;0.52;237.59;3.41;797;26;1441.00;103
3462;26;626181783;3462;240;4266;4361;8.55;0.54;237.57;3.41;804;26;1442.00;95
3462;26;626181795;3462;239;4272;4361;8.66;0.54;237.57;3.41;810;26;1443.00;89
3464;26;626181807;3464;226;4277;4361;8.72;0.54;237.50;3.41;813;26;1444.00;84
3466;26;626181832;3466;223;4281;4361;8.72;0.54;237.53;3.41;815;26;1445.00;80
3468;26;626181843;3468;227;4286;4361;8.79;0.55;237.48;3.41;818;26;1446.00;75
3472;26;626181860;3472;234;4290;4361;8.81;0.55;237.37;3.42;818;26;1447.00;71
3472;26;626181878;3472;237;4295;4362;8.84;0.55;237.37;3.42;823;26;1448.00;67
3476;26;626181889;3476;242;4301;4363;8.83;0.55;237.37;3.43;825;26;1449.00;62
3476;26;626181900;3476;235;4304;4363;8.83;0.55;237.37;3.43;828;26;1450.00;59
3476;26;626181910;3476;237;4306;4364;8.81;0.54;237.37;3.44;830;26;1451.00;58
3476;26;626181920;3476;235;4309;4364;8.73;0.54;237.37;3.44;833;26;1452.00;55
3478;26;626181932;3478;229;4310;4364;8.73;0.54;237.36;3.44;832;26;1453.00;54
3479;26;626181943;3479;228;4312;4364;8.78;0.54;237.32;3.45;833;26;1454.00;52
3480;26;626181953;3480;228;4315;4368;8.84;0.54;237.29;3.45;835;26;1455.00;53
3484;26;626181965;3484;224;4318;4368;8.88;0.54;237.42;3.46;834;26;1456.00;50
3486;26;626181976;3486;217;4321;4368;8.93;0.55;237.41;3.46;835;26;1457.00;47
3490;26;626181987;3490;213;4324;4371;8.97;0.55;237.57;3.47;834;26;1458.00;47
3493;26;626181999;3493;209;4325;4371;9.02;0.55;237.52;3.47;832;26;1459.00;46
3497;26;626182010;3497;208;4327;4371;9.07;0.55;237.63;3.48;830;26;1460.00;44
3502;26;626182022;3502;198;4331;4375;9.10;0.55;237.79;3.48;829;26;1461.00;44
3503;26;626182033;3503;196;4335;4376;9.20;0.56;237.79;3.49;832;26;1462.00;41
3507;26;626182044;3507;189;4336;4376;9.25;0.56;238.01;3.50;829;26;1463.00;40
3513;26;626182065;3513;185;4340;4380;9.30;0.57;238.07;3.50;827;26;1464.00;40
3514;26;626182078;3514;178;4343;4380;9.33;0.57;238.07;3.51;829;26;1465.00;37
3519;26;626182091;3519;171;4343;4380;9.31;0.57;238.22;3.51;824;26;1466.00;37
3520;26;626182109;3520;166;4345;4381;9.40;0.57;238.21;3.51;825;26;1467.00;36
3526;26;626182121;3526;164;4345;4381;9.44;0.57;238.22;3.51;819;26;1468.00;36
3528;26;626182133;3528;161;4348;4387;9.51;0.58;238.24;3.52;820;26;1469.00;39
3530;26;626182146;3530;157;4349;4387;9.56;0.58;238.26;3.52;819;26;1470.00;38
3532;26;626182157;3532;155;4350;4388;9.61;0.58;238.40;3.52;818;26;1471.00;38
3534;26;626182175;3534;157;4351;4388;9.62;0.58;238.36;3.53;817;26;1472.00;37
3536;26;626182186;3536;153;4351;4388;9.59;0.58;238.49;3.53;815;26;1473.00;37
3539;26;626182197;3539;152;4351;4388;9.63;0.59;238.61;3.53;812;26;1474.00;37
3540;26;626182208;3540;155;4352;4388;9.69;0.59;238.64;3.53;812;26;1475.00;36
3542;26;626182224;3542;156;4362;4400;9.73;0.59;238.71;3.52;820;26;1476.00;38
3545;26;626182236;3545;160;4363;4400;9.69;0.59;238.73;3.53;818;26;1477.00;37
3548;26;626182249;3548;159;4365;4400;9.74;0.59;238.71;3.54;817;26;1478.00;35
3551;26;626182260;3551;164;4365;4400;9.79;0.59;238.82;3.54;814;26;1479.00;35
3552;26;626182271;3552;164;4367;4400;9.83;0.60;238.77;3.55;815;26;1480.00;33
3553;26;626182282;3553;165;4368;4400;9.83;0.60;238.79;3.56;815;26;1481.00;32
3557;26;626182293;3557;166;4372;4404;9.78;0.59;238.87;3.57;815;26;1482.00;32
3558;26;626182304;3558;167;4372;4404;9.86;0.60;238.86;3.57;814;26;1483.00;32
3562;26;626182315;3562;164;4376;4408;9.93;0.60;238.88;3.57;814;26;1484.00;32
3566;26;626182327;3566;165;4379;4410;9.96;0.61;239.00;3.58;813;26;1485.00;31
3567;26;626182339;3567;163;4381;4410;10.02;0.61;239.02;3.59;814;26;1486.00;29
3571;26;626182350;3571;165;4382;4410;10.00;0.61;239.13;3.60;811;26;1487.00;28
3572;26;626182361;3572;170;4392;4423;10.02;0.61;239.16;3.60;820;26;1488.00;31
3574;26;626182373;3574;170;4393;4423;9.97;0.61;239.21;3.61;819;26;1489.00;30
3576;26;626182385;3576;178;4394;4423;9.95;0.60;239.30;3.62;818;26;1490.00;29
3578;26;626182397;3578;180;4397;4424;10.01;0.61;239.37;3.64;819;26;1491.00;27
3580;26;626182409;3580;184;4398;4425;10.11;0.62;239.41;3.66;818;26;1492.00;27
3582;26;626182421;3582;186;4400;4425;10.13;0.62;239.43;3.68;818;26;1493.00;25
3586;26;626182433;3586;190;4402;4428;10.16;0.62;239.48;3.68;816;26;1494.00;26
3587;26;626182445;3587;195;4404;4428;10.23;0.63;239.53;3.70;817;26;1495.00;24
3590;26;626182456;3590;202;4406;4428;10.28;0.63;239.47;3.71;816;26;1496.00;22
3597;26;626182467;3597;207;4409;4428;10.21;0.62;239.58;3.75;812;26;1497.00;19
3601;26;626182479;3601;210;4414;4434;10.21;0.62;239.49;3.76;813;26;1498.00;20
3603;26;626182491;3603;216;4416;4434;10.11;0.62;239.55;3.77;813;26;1499.00;18
3605;26;626182504;3605;223;4421;4453;9.96;0.61;239.61;3.78;816;26;1500.00;32
3607;26;626182523;3607;225;4424;4453;9.88;0.60;239.64;3.79;817;26;1501.00;29
3610;26;626182534;3610;234;4428;4457;9.74;0.59;239.69;3.81;818;26;1502.00;29
3614;26;626182546;3614;236;4431;4458;9.65;0.59;239.67;3.81;817;26;1503.00;27
3619;26;626182557;3619;246;4433;4458;9.54;0.58;239.71;3.84;814;26;1504.00;25
3619;26;626182568;3619;247;4437;4459;9.46;0.57;239.71;3.86;818;26;1505.00;22
3624;26;626182578;3624;253;4441;4459;9.39;0.57;239.77;3.86;817;26;1506.00;18
3626;26;626182589;3626;256;4442;4459;9.36;0.57;239.80;3.87;816;26;1507.00;17
3626;26;626182601;3626;257;4442;4459;9.37;0.57;239.80;3.87;816;26;1508.00;17
3628;26;626182610;3628;252;4444;4459;9.34;0.57;239.75;3.87;816;26;1509.00;15
3632;26;626182621;3632;251;4444;4459;9.36;0.57;239.69;3.87;812;26;1510.00;15
3637;26;626182632;3637;248;4446;4459;9.33;0.57;239.82;3.88;809;26;1511.00;13
3639;26;626182643;3639;256;4479;4529;9.34;0.57;239.88;3.85;840;26;1512.00;50
3642;26;626182659;3642;253;4482;4530;9.35;0.57;239.97;3.85;840;26;1513.00;48
3643;26;626182670;3643;251;4487;4530;9.37;0.57;239.94;3.86;844;26;1514.00;43
3646;26;626182682;3646;255;4494;4530;9.29;0.57;240.06;3.86;848;26;1515.00;36
3647;26;626182693;3647;254;4500;4530;9.34;0.57;240.05;3.86;853;26;1516.00;30
3653;26;626182704;3653;255;4504;4530;9.38;0.57;240.07;3.86;851;26;1517.00;26
3653;26;626182715;3653;259;4507;4530;9.45;0.57;240.07;3.86;854;26;1518.00;23
3655;26;626182726;3655;260;4509;4530;9.46;0.58;240.09;3.87;854;26;1519.00;21
3656;26;626182737;3656;263;4511;4531;9.44;0.57;240.09;3.87;855;26;1520.00;20
3658;26;626182749;3658;263;4512;4532;9.36;0.57;240.14;3.87;854;26;1521.00;20
3661;26;626182760;3661;262;4514;4532;9.23;0.56;240.16;3.87;853;26;1522.00;18
3665;26;626182771;3665;267;4517;4536;9.09;0.55;240.08;3.87;852;26;1523.00;19
3666;26;626182783;3666;270;4517;4536;8.98;0.55;240.09;3.87;851;26;1524.00;19
3672;26;626182794;3672;275;4517;4536;8.82;0.54;240.15;3.87;845;26;1525.00;19
3676;26;626182805;3676;286;4517;4536;8.67;0.53;240.18;3.87;841;26;1526.00;19
3679;26;626182816;3679;292;4522;4542;8.54;0.52;240.17;3.87;843;26;1527.00;20
3682;26;626182827;3682;299;4522;4542;8.32;0.51;240.18;3.87;840;26;1528.00;20
3684;26;626182837;3684;304;4522;4542;8.19;0.50;240.24;3.87;838;26;1529.00;20
3688;26;626182850;3688;296;4525;4548;8.05;0.49;240.42;3.87;837;26;1530.00;23
3691;26;626182861;3691;287;4525;4548;7.98;0.49;240.52;3.87;834;26;1531.00;23
3695;26;626182877;3695;284;4525;4548;7.95;0.49;240.58;3.87;830;26;1532.00;23
3698;26;626182887;3698;271;4528;4549;7.88;0.48;240.69;3.88;830;26;1533.00;21
3702;26;626182897;3702;274;4529;4550;7.88;0.48;240.67;3.88;827;26;1534.00;21
3711;26;626182907;3711;269;4529;4550;7.81;0.48;240.62;3.88;818;26;1535.00;21
3715;26;626182918;3715;275;4539;4563;7.79;0.48;240.76;3.87;824;26;1536.00;24
3717;26;626182929;3717;264;4542;4563;7.85;0.48;240.79;3.88;825;26;1537.00;21
3721;26;626182940;3721;260;4542;4563;7.82;0.48;240.96;3.88;821;26;1538.00;21
3725;26;626182956;3725;264;4546;4564;7.83;0.48;241.30;3.90;821;26;1539.00;18
3727;26;626182967;3727;254;4547;4564;7.90;0.48;241.32;3.91;820;26;1540.00;17
3732;26;626182978;3732;247;4551;4568;7.92;0.49;241.55;3.91;819;26;1541.00;17
3737;26;626182989;3737;249;4551;4568;7.93;0.49;241.56;3.91;814;26;1542.00;17
3741;26;626182999;3741;248;4555;4572;7.98;0.49;241.68;3.91;814;26;1543.00;17
3744;26;626183009;3744;250;4555;4572;8.01;0.49;241.68;3.91;811;26;1544.00;17
3750;26;626183019;3750;258;4556;4572;8.03;0.49;241.79;3.91;806;26;1545.00;16
3756;26;626183030;3756;257;4556;4572;8.05;0.49;241.61;3.91;800;26;1546.00;16
3762;26;626183040;3762;257;4556;4572;8.00;0.49;241.53;3.91;794;26;1547.00;16
3767;26;626183050;3767;254;4569;4584;7.99;0.49;241.53;3.92;802;26;1548.00;15
3773;26;626183061;3773;265;4569;4584;7.89;0.48;241.75;3.92;796;26;1549.00;15
3774;26;626183073;3774;270;4570;4584;7.83;0.48;241.81;3.93;796;26;1550.00;14
3777;26;626183092;3777;283;4571;4584;7.69;0.47;241.83;3.93;794;26;1551.00;13
3779;26;626183109;3779;287;4572;4584;7.59;0.46;241.94;3.94;793;26;1552.00;12
3782;26;626183124;3782;296;4572;4584;7.42;0.45;241.98;3.94;790;26;1553.00;12
3784;26;626183140;3784;300;4574;4585;7.35;0.45;242.00;3.95;790;26;1554.00;11
3787;26;626183155;3787;301;4575;4587;7.23;0.44;242.01;3.95;788;26;1555.00;12
3794;26;626183170;3794;303;4580;4593;7.11;0.43;242.04;3.95;786;26;1556.00;13
3798;26;626183185;3798;306;4581;4594;7.03;0.43;242.03;3.95;783;26;1557.00;13
3803;26;626183197;3803;311;4582;4594;6.93;0.42;241.98;3.96;779;26;1558.00;12
3810;26;626183208;3810;311;4583;4594;6.86;0.42;242.06;3.96;773;26;1559.00;11
3815;26;626183221;3815;309;4589;4599;6.80;0.42;241.95;3.96;774;26;1560.00;10
3818;26;626183232;3818;317;4590;4599;6.77;0.41;241.91;3.97;772;26;1561.00;9
3820;26;626183244;3820;317;4591;4599;6.76;0.41;241.85;3.97;771;26;1562.00;8
3823;26;626183254;3823;316;4594;4600;6.74;0.41;241.85;3.98;771;26;1563.00;6
3825;26;626183265;3825;320;4598;4604;6.80;0.42;241.92;3.98;773;26;1564.00;6
3831;26;626183275;3831;325;4599;4604;6.79;0.42;241.76;4.01;768;26;1565.00;5
3833;26;626183286;3833;329;4602;4607;6.82;0.42;241.82;4.01;769;26;1566.00;5
3835;26;626183313;3835;336;4602;4607;6.83;0.42;241.85;4.01;767;26;1567.00;5
3837;26;626183323;3837;337;4602;4607;6.87;0.42;241.81;4.01;765;26;1568.00;5
3839;26;626183333;3839;346;4602;4607;6.90;0.42;241.80;4.01;763;26;1569.00;5
3842;26;626183343;3842;355;4605;4611;6.83;0.42;241.80;4.01;763;26;1570.00;6
3847;26;626183353;3847;361;4605;4611;6.79;0.41;241.74;4.01;758;26;1571.00;6
3850;26;626183363;3850;366;4607;4611;6.77;0.41;241.63;4.01;757;26;1572.00;4
3853;26;626183373;3853;374;4607;4611;6.70;0.41;241.70;4.01;754;26;1573.00;4
3858;26;626183383;3858;383;4609;4612;6.61;0.40;241.60;4.01;751;26;1574.00;3
3859;26;626183395;3859;385;4612;4614;6.63;0.41;241.57;4.01;753;26;1575.00;2
3862;26;626183404;3862;391;4613;4614;6.52;0.40;241.59;4.01;751;26;1576.00;1
3863;27;626183414;3863;381;4614;4615;6.51;0.40;241.56;4.01;751;27;1577.00;1
3864;27;626183437;3864;375;4614;4615;6.52;0.40;241.54;4.01;750;27;1578.00;1
3865;27;626183447;3865;371;4614;4615;6.55;0.40;241.65;4.01;749;27;1579.00;1
3865;27;626183457;3865;370;4614;4615;6.59;0.40;241.65;4.01;749;27;1580.00;1
3867;27;626183466;3867;368;4614;4615;6.63;0.40;241.65;4.01;747;27;1581.00;1
3867;27;626183477;3867;367;4614;4615;6.66;0.41;241.65;4.01;747;27;1582.00;1
3869;27;626183487;3869;367;4614;4615;6.67;0.41;241.61;4.01;745;27;1583.00;1
3870;27;626183497;3870;383;4685;4742;7.00;0.44;241.61;3.95;815;27;1584.00;57
3872;27;626183518;3872;370;4687;4743;7.08;0.44;241.57;3.95;815;27;1585.00;56
3873;27;626183528;3873;348;4696;4743;7.19;0.45;241.61;3.95;823;27;1586.00;47
3874;27;626183539;3874;319;4701;4743;7.29;0.45;241.58;3.95;827;27;1587.00;42
3875;27;626183549;3875;296;4707;4743;7.44;0.46;241.56;3.95;832;27;1588.00;36
3879;27;626183561;3879;283;4711;4743;7.58;0.47;241.49;3.95;832;27;1589.00;32
3880;27;626183583;3880;265;4717;4743;7.76;0.48;241.48;3.95;837;27;1590.00;26
3880;27;626183595;3880;259;4718;4743;7.82;0.48;241.48;3.95;838;27;1591.00;25
3882;27;626183607;3882;253;4722;4744;7.96;0.49;241.47;3.95;840;27;1592.00;22
3882;27;626183621;3882;245;4726;4745;8.08;0.50;241.47;3.96;844;27;1593.00;19
3883;27;626183641;3883;242;4728;4745;8.23;0.51;241.48;3.96;845;27;1594.00;17
3885;28;626183654;3885;236;4729;4746;8.34;0.51;241.48;3.96;844;28;1595.00;17
3887;28;626183679;3887;232;4730;4746;8.44;0.52;241.49;3.96;843;28;1596.00;16
3889;28;626183692;3889;235;4731;4746;8.50;0.52;241.49;3.97;842;28;1597.00;15
3894;28;626183705;3894;226;4732;4746;8.57;0.52;241.45;3.97;838;28;1598.00;14
3894;28;626183718;3894;222;4737;4750;8.64;0.53;241.45;3.97;843;28;1599.00;13
3896;28;626183732;3896;222;4738;4750;8.69;0.53;241.41;3.99;842;28;1600.00;12
3898;28;626183750;3898;215;4741;4750;8.79;0.54;241.38;3.99;843;28;1601.00;9
3899;28;626183763;3899;209;4743;4753;8.88;0.54;241.35;3.99;844;28;1602.00;10
3899;28;626183776;3899;207;4744;4753;8.91;0.55;241.35;3.99;845;28;1603.00;9
3902;28;626183787;3902;206;4744;4753;8.99;0.55;241.27;3.99;842;28;1604.00;9
3904;28;626183800;3904;210;4749;4757;9.03;0.55;241.21;3.99;845;28;1605.00;8
3905;28;626183813;3905;209;4750;4758;9.14;0.56;241.19;3.99;845;28;1606.00;8
3908;28;626183825;3908;210;4750;4758;9.18;0.56;241.27;3.99;842;28;1607.00;8
3910;28;626183839;3910;209;4753;4762;9.26;0.56;241.27;3.99;843;28;1608.00;9
3913;28;626183852;3913;211;4753;4762;9.28;0.56;241.24;3.99;840;28;1609.00;9
3918;28;626183870;3918;216;4753;4762;9.22;0.56;241.30;3.99;835;28;1610.00;9
3919;28;626183889;3919;213;4754;4763;9.23;0.56;241.28;3.99;835;28;1611.00;9
3921;28;626183901;3921;214;4754;4763;9.25;0.56;241.23;3.99;833;28;1612.00;9
3923;28;626183913;3923;213;4758;4769;9.22;0.56;241.34;3.99;835;28;1613.00;11
3924;28;626183932;3924;214;4758;4769;9.30;0.56;241.35;3.99;834;28;1614.00;11
3927;28;626183944;3927;215;4759;4770;9.29;0.56;241.35;3.99;832;28;1615.00;11
3931;28;626183956;3931;211;4759;4770;9.24;0.56;241.57;3.99;828;28;1616.00;11
3933;28;626183969;3933;211;4759;4770;9.17;0.56;241.57;3.99;826;28;1617.00;11
3938;28;626183981;3938;213;4760;4770;9.14;0.55;241.65;3.99;822;28;1618.00;10
3942;28;626183993;3942;215;4760;4770;9.08;0.55;241.72;3.99;818;28;1619.00;10
3942;28;626184006;3942;212;4782;4806;9.08;0.55;241.72;3.98;840;28;1620.00;24
3944;28;626184021;3944;209;4783;4806;9.10;0.55;241.83;3.97;839;28;1621.00;23
3948;28;626184032;3948;209;4784;4806;9.09;0.55;241.89;3.97;836;28;1622.00;22
3950;28;626184044;3950;199;4785;4806;9.16;0.56;241.94;3.97;835;28;1623.00;21
3956;28;626184056;3956;191;4785;4806;9.19;0.56;242.06;3.97;829;28;1624.00;21
3960;28;626184068;3960;187;4787;4806;9.35;0.57;242.13;3.97;827;28;1625.00;19
3963;28;626184081;3963;184;4791;4810;9.44;0.57;242.16;3.97;828;28;1626.00;19
3966;28;626184093;3966;178;4791;4810;9.57;0.58;242.32;3.97;825;28;1627.00;19
3968;28;626184104;3968;173;4796;4814;9.67;0.59;242.40;3.97;828;28;1628.00;18
3972;28;626184116;3972;167;4797;4815;9.71;0.59;242.57;3.97;825;28;1629.00;18
3976;28;626184127;3976;162;4798;4815;9.75;0.59;242.59;3.97;822;28;1630.00;17
3980;28;626184138;3980;153;4799;4815;9.72;0.59;242.63;3.97;819;28;1631.00;16
3984;28;626184149;3984;154;4808;4828;9.65;0.59;242.65;3.97;824;28;1632.00;20
3985;28;626184161;3985;149;4808;4828;9.64;0.59;242.71;3.97;823;28;1633.00;20
3989;28;626184172;3989;146;4809;4828;9.62;0.59;242.73;3.97;820;28;1634.00;19
3992;28;626184184;3992;140;4811;4829;9.68;0.59;242.69;3.97;819;28;1635.00;18
3997;28;626184196;3997;143;4811;4830;9.71;0.59;242.75;3.97;814;28;1636.00;19
3999;28;626184213;3999;145;4811;4830;9.76;0.59;242.82;3.97;812;28;1637.00;19
4002;28;626184223;4002;145;4813;4833;9.83;0.60;242.79;3.97;811;28;1638.00;20
4006;28;626184235;4006;143;4814;4833;9.89;0.60;242.78;3.97;808;28;1639.00;19
4009;28;626184246;4009;143;4814;4833;9.93;0.60;242.96;3.97;805;28;1640.00;19
4012;28;626184262;4012;138;4814;4833;10.00;0.61;242.94;3.97;802;28;1641.00;19
4015;28;626184274;4015;141;4818;4839;10.07;0.61;242.91;3.97;803;28;1642.00;21
4019;28;626184291;4019;144;4818;4839;10.14;0.62;242.91;3.97;799;28;1643.00;21
4021;28;626184302;4021;142;4819;4839;10.20;0.62;242.98;3.97;798;28;1644.00;20
4023;28;626184313;4023;143;4819;4839;10.24;0.62;242.97;3.97;796;28;1645.00;20
4027;28;626184323;4027;145;4822;4843;10.27;0.62;242.97;3.97;795;28;1646.00;21
4030;28;626184335;4030;147;4824;4844;10.39;0.63;242.98;3.97;794;28;1647.00;20
4033;28;626184347;4033;145;4825;4844;10.42;0.63;243.14;3.98;792;28;1648.00;19
4035;28;626184358;4035;143;4826;4845;10.46;0.64;243.09;3.98;791;28;1649.00;19
4039;28;626184370;4039;145;4826;4845;10.46;0.64;243.15;3.98;787;28;1650.00;19
4041;28;626184381;4041;147;4826;4845;10.49;0.64;243.18;3.98;785;28;1651.00;19
4042;28;626184392;4042;141;4826;4845;10.60;0.64;243.17;3.98;784;28;1652.00;19
4046;28;626184402;4046;144;4826;4845;10.69;0.65;243.24;3.98;780;28;1653.00;19
4051;28;626184413;4051;140;4826;4845;10.72;0.65;243.34;3.98;775;28;1654.00;19
4053;28;626184425;4053;136;4826;4845;10.75;0.65;243.37;3.98;773;28;1655.00;19
4055;28;626184436;4055;146;4862;4915;10.74;0.65;243.47;3.95;807;28;1656.00;53
4057;28;626184453;4057;149;4866;4916;10.72;0.65;243.51;3.96;809;28;1657.00;50
4058;28;626184467;4058;150;4871;4916;10.73;0.65;243.52;3.96;813;28;1658.00;45
4060;28;626184479;4060;153;4875;4916;10.71;0.65;243.63;3.97;815;28;1659.00;41
4060;28;626184491;4060;156;4880;4916;10.72;0.65;243.63;3.98;820;28;1660.00;36
4067;28;626184503;4067;159;4881;4916;10.70;0.65;243.74;3.98;814;28;1661.00;35
4069;28;626184514;4069;158;4886;4916;10.69;0.65;243.80;3.99;817;28;1662.00;30
4077;28;626184527;4077;161;4889;4916;10.68;0.65;243.83;4.00;812;28;1663.00;27
4078;28;626184539;4078;161;4892;4917;10.71;0.65;243.77;4.01;814;28;1664.00;25
4083;28;626184551;4083;164;4897;4919;10.71;0.65;243.88;4.03;814;28;1665.00;22
4084;28;626184562;4084;168;4900;4919;10.67;0.65;243.89;4.03;816;28;1666.00;19
4087;28;626184573;4087;170;4904;4923;10.65;0.65;243.83;4.03;817;28;1667.00;19
4092;28;626184585;4092;174;4906;4923;10.59;0.64;243.80;4.05;814;28;1668.00;17
4096;28;626184596;4096;176;4906;4923;10.49;0.64;243.78;4.05;810;28;1669.00;17
4097;28;626184607;4097;181;4908;4923;10.37;0.63;243.81;4.07;811;28;1670.00;15
4101;28;626184625;4101;193;4913;4929;10.29;0.63;243.80;4.07;812;28;1671.00;16
4102;28;626184637;4102;195;4914;4929;10.21;0.62;243.77;4.08;812;28;1672.00;15
4107;28;626184649;4107;199;4916;4929;10.06;0.61;243.77;4.08;809;28;1673.00;13
4110;28;626184660;4110;205;4919;4932;9.98;0.61;243.70;4.09;809;28;1674.00;13
4112;28;626184671;4112;213;4921;4932;9.85;0.60;243.70;4.10;809;28;1675.00;11
4116;28;626184682;4116;215;4921;4932;9.78;0.60;243.67;4.10;805;28;1676.00;11
4117;28;626184692;4117;225;4921;4933;9.61;0.59;243.65;4.10;804;28;1677.00;12
4121;28;626184702;4121;230;4925;4934;9.43;0.58;243.60;4.11;804;28;1678.00;9
4122;28;626184713;4122;230;4925;4934;9.35;0.58;243.59;4.11;803;28;1679.00;9
4129;28;626184725;4129;236;4945;4960;9.21;0.57;243.38;4.10;816;28;1680.00;15
4133;28;626184736;4133;226;4947;4960;9.18;0.56;243.43;4.10;814;28;1681.00;13
4135;28;626184747;4135;224;4950;4960;9.17;0.56;243.42;4.10;815;28;1682.00;10
4141;28;626184756;4141;220;4951;4961;9.12;0.56;243.37;4.10;810;28;1683.00;10
4142;28;626184767;4142;219;4951;4961;9.10;0.56;243.37;4.10;809;28;1684.00;10
4145;28;626184777;4145;222;4954;4965;9.10;0.56;243.46;4.10;809;28;1685.00;11
4148;28;626184787;4148;226;4954;4965;9.12;0.56;243.56;4.10;806;28;1686.00;11
4150;28;626184797;4150;232;4958;4969;9.07;0.56;243.53;4.09;808;28;1687.00;11
4153;28;626184807;4153;236;4960;4969;9.05;0.55;243.55;4.10;807;28;1688.00;9
4157;28;626184817;4157;244;4960;4969;9.01;0.55;243.43;4.10;803;28;1689.00;9
4160;28;626184827;4160;252;4960;4969;8.88;0.54;243.48;4.10;800;28;1690.00;9
4163;28;626184836;4163;256;4962;4969;8.77;0.53;243.42;4.10;799;28;1691.00;7
4164;28;626184846;4164;264;4973;4981;8.74;0.53;243.49;4.10;809;28;1692.00;8
4169;28;626184856;4169;265;4973;4981;8.57;0.52;243.41;4.10;804;28;1693.00;8
4174;28;626184864;4174;270;4975;4981;8.38;0.51;243.47;4.10;801;28;1694.00;6
4181;28;626184874;4181;278;4975;4981;8.25;0.50;243.54;4.10;794;28;1695.00;6
4183;28;626184883;4183;285;4975;4981;8.14;0.50;243.53;4.10;792;28;1696.00;6
4187;28;626184892;4187;285;4975;4981;7.91;0.48;243.62;4.10;788;28;1697.00;6
4190;28;626184907;4190;293;4976;4982;7.67;0.47;243.65;4.10;786;28;1698.00;6
4195;28;626184915;4195;297;4976;4982;7.50;0.46;243.77;4.10;781;28;1699.00;6
4199;28;626184925;4199;296;4981;4988;7.39;0.45;243.72;4.09;782;28;1700.00;7
4202;28;626184938;4202;299;4983;4989;7.23;0.44;243.79;4.09;781;28;1701.00;6
4204;28;626184947;4204;297;4983;4989;7.12;0.44;243.76;4.09;779;28;1702.00;6
4207;28;626184956;4207;298;4983;4989;7.10;0.43;243.77;4.09;776;28;1703.00;6
4210;28;626184964;4210;300;4987;4993;7.09;0.43;243.76;4.09;777;28;1704.00;6
4214;28;626184974;4214;300;4987;4993;7.08;0.43;243.93;4.09;773;28;1705.00;6
4215;28;626184982;4215;293;4987;4993;7.08;0.43;243.96;4.09;772;28;1706.00;6
4219;28;626184991;4219;286;4988;4994;7.10;0.43;243.96;4.09;769;28;1707.00;6
4222;28;626184999;4222;292;4992;4998;7.07;0.43;244.04;4.09;770;28;1708.00;6
4223;28;626185008;4223;290;4992;4998;7.09;0.43;244.00;4.09;769;28;1709.00;6
4226;28;626185019;4226;290;4995;5004;7.04;0.43;243.97;4.08;769;28;1710.00;9
4229;28;626185028;4229;285;4995;5004;6.98;0.43;243.96;4.08;766;28;1711.00;9
4231;28;626185037;4231;285;4996;5004;6.95;0.43;244.05;4.08;765;28;1712.00;8
4235;28;626185045;4235;285;4997;5004;6.96;0.43;243.92;4.08;762;28;1713.00;7
4239;28;626185054;4239;292;4999;5008;6.94;0.43;243.91;4.08;760;28;1714.00;9
4242;28;626185063;4242;297;5000;5008;6.89;0.42;243.92;4.08;758;28;1715.00;8
4244;28;626185072;4244;292;5000;5008;6.83;0.42;243.99;4.08;756;28;1716.00;8
4246;28;626185087;4246;295;5001;5008;6.85;0.42;244.05;4.08;755;28;1717.00;7
4248;28;626185100;4248;294;5002;5009;6.87;0.42;243.99;4.08;754;28;1718.00;7
4252;28;626185114;4252;297;5004;5010;6.86;0.42;243.93;4.08;752;28;1719.00;6
4258;28;626185130;4258;295;5004;5010;6.87;0.42;243.83;4.08;746;28;1720.00;6
4262;28;626185145;4262;296;5005;5011;6.87;0.42;243.86;4.08;743;28;1721.00;6
4266;28;626185158;4266;295;5005;5011;6.88;0.42;243.86;4.08;739;28;1722.00;6
4268;28;626185172;4268;294;5006;5011;6.85;0.42;243.85;4.11;738;28;1723.00;5
4271;28;626185185;4271;292;5006;5011;6.87;0.42;243.83;4.11;735;28;1724.00;5
4276;28;626185197;4276;290;5006;5011;6.84;0.42;243.73;4.11;730;28;1725.00;5
4279;28;626185208;4279;287;5006;5011;6.86;0.42;243.79;4.11;727;28;1726.00;5
4281;28;626185217;4281;300;5006;5011;6.90;0.42;243.82;4.11;725;28;1727.00;5
4285;28;626185227;4285;310;5080;5138;7.28;0.45;243.75;4.05;795;28;1728.00;58
4289;28;626185253;4289;310;5083;5139;7.27;0.45;243.76;4.05;794;28;1729.00;56
4292;28;626185265;4292;307;5094;5139;7.41;0.46;243.77;4.04;802;28;1730.00;45
4295;28;626185277;4295;308;5100;5139;7.47;0.46;243.79;4.04;805;28;1731.00;39
4299;28;626185287;4299;309;5106;5139;7.47;0.46;243.79;4.04;807;28;1732.00;33
4301;28;626185298;4301;320;5109;5139;7.49;0.46;243.77;4.04;808;28;1733.00;30
4304;28;626185308;4304;320;5113;5139;7.55;0.47;243.73;4.04;809;28;1734.00;26
4306;28;626185319;4306;327;5114;5139;7.51;0.46;243.76;4.04;808;28;1735.00;25
4310;28;626185329;4310;331;5118;5140;7.49;0.46;243.66;4.05;808;28;1736.00;22
4313;28;626185348;4313;332;5121;5141;7.43;0.46;243.61;4.05;808;28;1737.00;20
4315;28;626185360;4315;341;5123;5141;7.33;0.45;243.65;4.05;808;28;1738.00;18
4316;28;626185371;4316;342;5125;5142;7.32;0.45;243.65;4.05;809;28;1739.00;17
4320;28;626185383;4320;340;5127;5142;7.30;0.45;243.65;4.05;807;28;1740.00;15
4323;28;626185395;4323;338;5129;5142;7.31;0.45;243.74;4.08;806;28;1741.00;13
4325;28;626185406;4325;333;5131;5142;7.37;0.45;243.71;4.08;806;28;1742.00;11
4325;28;626185416;4325;330;5134;5146;7.46;0.46;243.71;4.08;809;28;1743.00;12
4328;28;626185427;4328;329;5136;5146;7.50;0.46;243.73;4.09;808;28;1744.00;10
4330;28;626185439;4330;333;5137;5146;7.49;0.46;243.66;4.09;807;28;1745.00;9
4330;28;626185450;4330;331;5140;5149;7.59;0.47;243.66;4.09;810;28;1746.00;9
4331;28;626185462;4331;315;5140;5149;7.63;0.47;243.65;4.09;809;28;1747.00;9
4334;28;626185476;4334;302;5141;5149;7.65;0.47;243.56;4.09;807;28;1748.00;8
4335;28;626185495;4335;296;5145;5153;7.73;0.47;243.61;4.09;810;28;1749.00;8
4338;28;626185507;4338;287;5147;5154;7.82;0.48;243.62;4.09;809;28;1750.00;7
4339;28;626185537;4339;282;5147;5154;7.85;0.48;243.63;4.09;808;28;1751.00;7
4342;28;626185554;4342;279;5152;5158;7.99;0.49;243.78;4.08;810;28;1752.00;6
4344;28;626185566;4344;268;5152;5158;8.11;0.50;243.74;4.08;808;28;1753.00;6
4349;28;626185578;4349;267;5152;5158;8.19;0.50;243.67;4.08;803;28;1754.00;6
4353;28;626185591;4353;265;5154;5160;8.29;0.51;243.60;4.08;801;28;1755.00;6
4355;28;626185604;4355;248;5154;5160;8.43;0.51;243.53;4.08;799;28;1756.00;6
4356;29;626185617;4356;240;5158;5166;8.51;0.52;243.58;4.08;802;29;1757.00;8
4356;29;626185642;4356;228;5158;5166;8.60;0.52;243.58;4.08;802;29;1758.00;8
4357;29;626185653;4357;233;5159;5167;8.68;0.53;243.56;4.08;802;29;1759.00;8
4358;29;626185665;4358;229;5159;5167;8.77;0.53;243.56;4.08;801;29;1760.00;8
4361;29;626185677;4361;222;5159;5167;8.87;0.54;243.55;4.08;798;29;1761.00;8
4363;29;626185690;4363;222;5159;5167;8.98;0.55;243.56;4.08;796;29;1762.00;8
4367;30;626185702;4367;230;5160;5167;9.00;0.55;243.47;4.11;793;30;1763.00;7
4367;30;626185726;4367;228;5170;5179;9.24;0.56;243.47;4.10;803;30;1764.00;9
4370;30;626185739;4370;233;5171;5179;9.32;0.57;243.42;4.10;801;30;1765.00;8
4372;30;626185751;4372;232;5171;5179;9.38;0.57;243.46;4.10;799;30;1766.00;8
4374;30;626185766;4374;226;5171;5179;9.43;0.57;243.60;4.10;797;30;1767.00;8
4376;30;626185784;4376;228;5171;5179;9.47;0.57;243.60;4.10;795;30;1768.00;8
4379;30;626185797;4379;224;5171;5179;9.47;0.57;243.60;4.10;792;30;1769.00;8
4383;30;626185810;4383;223;5174;5183;9.41;0.57;243.71;4.10;791;30;1770.00;9
4383;30;626185823;4383;219;5174;5183;9.34;0.57;243.71;4.10;791;30;1771.00;9
4385;30;626185834;4385;218;5177;5187;9.34;0.57;243.77;4.10;792;30;1772.00;10
4393;30;626185847;4393;218;5178;5188;9.33;0.57;243.83;4.09;785;30;1773.00;10
4394;30;626185859;4394;217;5179;5188;9.41;0.57;243.83;4.09;785;30;1774.00;9
4397;30;626185870;4397;222;5179;5188;9.43;0.57;243.89;4.09;782;30;1775.00;9
4399;30;626185882;4399;224;5189;5201;9.54;0.58;243.88;4.09;790;30;1776.00;12
4403;31;626185894;4403;228;5189;5201;9.55;0.58;244.13;4.09;786;31;1777.00;12
4407;31;626185919;4407;230;5190;5201;9.52;0.58;244.25;4.09;783;31;1778.00;11
4409;31;626185931;4409;235;5191;5202;9.59;0.58;244.26;4.09;782;31;1779.00;11
4411;31;626185943;4411;234;5191;5203;9.63;0.59;244.37;4.09;780;31;1780.00;12
4413;31;626185955;4413;241;5191;5203;9.62;0.59;244.44;4.09;778;31;1781.00;12
4417;31;626185966;4417;237;5193;5206;9.62;0.58;244.54;4.08;776;31;1782.00;13
4420;32;626185978;4420;238;5193;5206;9.63;0.58;244.57;4.08;773;32;1783.00;13
4423;32;626186002;4423;236;5194;5206;9.64;0.58;244.65;4.08;771;32;1784.00;12
4426;32;626186013;4426;233;5194;5206;9.56;0.58;244.76;4.08;768;32;1785.00;12
4431;32;626186024;4431;232;5198;5212;9.55;0.58;244.81;4.08;767;32;1786.00;14
4436;32;626186037;4436;235;5198;5212;9.45;0.57;244.82;4.08;762;32;1787.00;14
4437;32;626186056;4437;237;5199;5212;9.43;0.57;244.85;4.08;762;32;1788.00;13
4437;32;626186068;4437;240;5199;5212;9.37;0.57;244.85;4.08;762;32;1789.00;13
4440;32;626186081;4440;227;5202;5216;9.35;0.57;244.88;4.08;762;32;1790.00;14
4443;32;626186093;4443;217;5203;5217;9.36;0.57;244.92;4.08;760;32;1791.00;14
4448;32;626186105;4448;213;5203;5217;9.50;0.58;245.06;4.08;755;32;1792.00;14
4449;32;626186117;4449;205;5204;5218;9.59;0.58;245.10;4.08;755;32;1793.00;14
4452;32;626186129;4452;202;5204;5218;9.59;0.58;245.21;4.08;752;32;1794.00;14
4454;32;626186141;4454;192;5204;5218;9.66;0.59;245.16;4.08;750;32;1795.00;14
4457;32;626186152;4457;187;5204;5218;9.65;0.59;245.15;4.08;747;32;1796.00;14
4460;32;626186164;4460;184;5204;5218;9.70;0.59;245.19;4.08;744;32;1797.00;14
4463;32;626186175;4463;176;5204;5218;9.73;0.59;245.24;4.08;741;32;1798.00;14
4468;32;626186187;4468;173;5204;5218;9.73;0.59;245.43;4.08;736;32;1799.00;14
4469;32;626186201;4469;182;5266;5356;9.52;0.59;245.42;4.03;797;32;1800.00;90
4473;32;626186226;4473;166;5266;5357;9.49;0.59;245.54;4.03;793;32;1801.00;91
4479;32;626186237;4479;153;5275;5357;9.49;0.58;245.70;4.03;796;32;1802.00;82
4480;32;626186248;4480;140;5281;5357;9.59;0.59;245.73;4.03;801;32;1803.00;76
4483;32;626186259;4483;136;5287;5357;9.63;0.59;245.76;4.05;804;32;1804.00;70
4489;32;626186270;4489;133;5293;5357;9.57;0.59;245.85;4.07;804;32;1805.00;64
4492;32;626186281;4492;131;5299;5357;9.60;0.59;245.99;4.07;807;32;1806.00;58
4493;32;626186291;4493;133;5300;5357;9.58;0.59;246.04;4.07;807;32;1807.00;57
4498;32;626186304;4498;131;5304;5358;9.60;0.59;246.14;4.07;806;32;1808.00;54
4502;32;626186316;4502;126;5304;5359;9.63;0.59;246.16;4.07;802;32;1809.00;55
4508;32;626186327;4508;130;5307;5359;9.58;0.59;246.21;4.10;799;32;1810.00;52
4510;32;626186338;4510;126;5312;5363;9.56;0.59;246.26;4.10;802;32;1811.00;51
4512;32;626186351;4512;119;5313;5363;9.55;0.59;246.22;4.10;801;32;1812.00;50
4517;32;626186368;4517;115;5315;5363;9.51;0.58;246.30;4.13;798;32;1813.00;48
4520;32;626186379;4520;114;5316;5363;9.51;0.58;246.34;4.13;796;32;1814.00;47
4523;32;626186390;4523;115;5320;5369;9.50;0.58;246.26;4.14;797;32;1815.00;49
4525;32;626186409;4525;120;5321;5369;9.58;0.59;246.27;4.15;796;32;1816.00;48
4529;32;626186420;4529;120;5322;5369;9.63;0.59;246.27;4.15;793;32;1817.00;47
4533;32;626186432;4533;122;5326;5372;9.72;0.59;246.31;4.17;793;32;1818.00;46
4535;32;626186443;4535;125;5327;5372;9.81;0.60;246.34;4.17;792;32;1819.00;45
4538;32;626186456;4538;125;5328;5372;9.93;0.61;246.40;4.17;790;32;1820.00;44
4539;32;626186471;4539;128;5331;5373;9.98;0.61;246.45;4.18;792;32;1821.00;42
4544;32;626186482;4544;132;5332;5374;10.06;0.61;246.50;4.18;788;32;1822.00;42
4547;32;626186495;4547;134;5332;5374;10.15;0.62;246.59;4.18;785;32;1823.00;42
4550;32;626186508;4550;142;5340;5387;10.19;0.62;246.61;4.18;790;32;1824.00;47
4550;32;626186521;4550;140;5341;5387;10.31;0.63;246.61;4.18;791;32;1825.00;46
4553;32;626186532;4553;142;5342;5387;10.35;0.63;246.65;4.18;789;32;1826.00;45
4554;32;626186543;4554;145;5347;5388;10.35;0.63;246.65;4.19;793;32;1827.00;41
4556;32;626186561;4556;150;5348;5388;10.33;0.63;246.77;4.19;792;32;1828.00;40
4560;32;626186573;4560;152;5353;5392;10.28;0.63;246.76;4.21;793;32;1829.00;39
4563;32;626186587;4563;159;5354;5392;10.29;0.63;246.84;4.22;791;32;1830.00;38
4567;32;626186599;4567;169;5357;5396;10.30;0.63;246.84;4.22;790;32;1831.00;39
4570;32;626186611;4570;173;5359;5396;10.30;0.63;246.86;4.23;789;32;1832.00;37
4573;32;626186624;4573;177;5361;5396;10.25;0.62;246.93;4.24;788;32;1833.00;35
4575;32;626186636;4575;182;5362;5396;10.25;0.62;246.91;4.24;787;32;1834.00;34
4576;32;626186647;4576;182;5364;5396;10.20;0.62;246.91;4.26;788;32;1835.00;32
4580;32;626186658;4580;183;5375;5408;10.20;0.62;246.97;4.26;795;32;1836.00;33
4586;32;626186671;4586;184;5376;5408;10.19;0.62;246.90;4.27;790;32;1837.00;32
4587;32;626186682;4587;187;5377;5408;10.17;0.62;246.88;4.27;790;32;1838.00;31
4590;32;626186700;4590;185;5379;5408;10.14;0.62;246.94;4.28;789;32;1839.00;29
4591;32;626186710;4591;193;5381;5408;10.10;0.62;246.99;4.29;790;32;1840.00;27
4593;32;626186721;4593;195;5382;5408;10.10;0.62;247.03;4.29;789;32;1841.00;26
4595;32;626186732;4595;200;5383;5409;9.99;0.61;247.05;4.30;788;32;1842.00;26
4598;33;626186742;4598;206;5385;5409;9.94;0.61;247.09;4.31;787;33;1843.00;24
4600;33;626186760;4600;219;5389;5415;9.93;0.61;247.18;4.31;789;33;1844.00;26
4606;33;626186772;4606;221;5394;5417;9.84;0.60;247.15;4.32;788;33;1845.00;23
4610;34;626186787;4610;226;5394;5417;9.76;0.60;247.28;4.32;784;34;1846.00;23
4615;34;626186812;4615;233;5396;5417;9.59;0.59;247.27;4.33;781;34;1847.00;21
4619;34;626186822;4619;242;5399;5421;9.47;0.58;247.21;4.33;780;34;1848.00;22
4620;34;626186832;4620;242;5399;5421;9.37;0.57;247.22;4.33;779;34;1849.00;22
4620;34;626186842;4620;242;5399;5421;9.25;0.57;247.22;4.33;779;34;1850.00;22
4624;34;626186851;4624;246;5403;5422;9.13;0.56;247.13;4.34;779;34;1851.00;19
4625;34;626186861;4625;244;5406;5426;9.04;0.55;247.19;4.34;781;34;1852.00;20
4629;34;626186871;4629;244;5409;5426;8.93;0.54;247.21;4.36;780;34;1853.00;17
4631;34;626186880;4631;246;5412;5429;8.86;0.54;247.19;4.36;781;34;1854.00;17
4633;34;626186890;4633;248;5412;5429;8.84;0.54;247.21;4.36;779;34;1855.00;17
4635;34;626186899;4635;249;5415;5429;8.76;0.53;247.26;4.36;780;34;1856.00;14
4636;34;626186908;4636;250;5415;5429;8.77;0.54;247.24;4.36;779;34;1857.00;14
4638;34;626186917;4638;246;5419;5433;8.83;0.54;247.27;4.36;781;34;1858.00;14
4639;34;626186927;4639;248;5419;5433;8.84;0.54;247.25;4.36;780;34;1859.00;14
4642;34;626186938;4642;249;5420;5433;8.78;0.54;247.21;4.36;778;34;1860.00;13
4643;34;626186947;4643;250;5420;5433;8.69;0.53;247.26;4.36;777;34;1861.00;13
4648;34;626186956;4648;254;5421;5434;8.52;0.52;247.18;4.36;773;34;1862.00;13
4650;34;626186966;4650;259;5422;5435;8.44;0.52;247.12;4.35;772;34;1863.00;13
4652;34;626186974;4652;260;5422;5435;8.30;0.51;247.12;4.35;770;34;1864.00;13
4655;34;626186983;4655;269;5423;5436;8.14;0.50;247.12;4.35;768;34;1865.00;13
4658;34;626186992;4658;272;5423;5436;7.97;0.49;247.11;4.35;765;34;1866.00;13
4660;34;626187000;4660;280;5423;5436;7.78;0.48;247.09;4.35;763;34;1867.00;13
4665;34;626187009;4665;288;5423;5436;7.57;0.46;247.08;4.35;758;34;1868.00;13
4668;34;626187018;4668;295;5423;5436;7.34;0.45;247.19;4.35;755;34;1869.00;13
4673;34;626187025;4673;285;5423;5436;7.14;0.44;247.26;4.35;750;34;1870.00;13
4675;34;626187033;4675;286;5423;5436;6.96;0.43;247.28;4.35;748;34;1871.00;13
4679;34;626187041;4679;308;5487;5563;7.19;0.45;247.26;4.30;808;34;1872.00;76
4683;34;626187059;4683;307;5494;5564;7.01;0.44;247.28;4.30;811;34;1873.00;70
4684;34;626187068;4684;306;5504;5564;7.06;0.44;247.33;4.30;820;34;1874.00;60
4686;34;626187078;4686;303;5511;5564;7.12;0.45;247.28;4.29;825;34;1875.00;53
4687;34;626187090;4687;305;5519;5564;7.17;0.45;247.33;4.29;832;34;1876.00;45
4689;34;626187103;4689;304;5525;5564;7.17;0.45;247.42;4.29;836;34;1877.00;39
4690;34;626187119;4690;309;5532;5564;7.21;0.45;247.46;4.30;842;34;1878.00;32
4693;34;626187135;4693;304;5535;5564;7.18;0.45;247.45;4.30;842;34;1879.00;29
4695;34;626187148;4695;306;5537;5565;7.15;0.45;247.46;4.30;842;34;1880.00;28
4697;34;626187163;4697;303;5539;5566;7.13;0.44;247.52;4.30;842;34;1881.00;27
4700;34;626187189;4700;311;5541;5568;7.08;0.44;247.46;4.30;841;34;1882.00;27
4702;34;626187202;4702;311;5544;5569;7.08;0.44;247.53;4.30;842;34;1883.00;25
4706;34;626187213;4706;321;5545;5569;7.05;0.44;247.49;4.30;839;34;1884.00;24
4712;34;626187225;4712;327;5548;5569;7.03;0.44;247.45;4.31;836;34;1885.00;21
4714;34;626187236;4714;333;5549;5569;7.01;0.43;247.46;4.31;835;34;1886.00;20
4716;34;626187248;4716;334;5553;5573;7.01;0.43;247.48;4.31;837;34;1887.00;20
4718;34;626187258;4718;336;5554;5573;6.92;0.43;247.47;4.31;836;34;1888.00;19
4724;34;626187269;4724;340;5554;5573;6.82;0.42;247.53;4.31;830;34;1889.00;19
4725;34;626187281;4725;341;5558;5579;6.76;0.42;247.53;4.31;833;34;1890.00;21
4730;34;626187292;4730;334;5558;5579;6.73;0.41;247.69;4.31;828;34;1891.00;21
4732;34;626187303;4732;325;5560;5579;6.78;0.42;247.72;4.31;828;34;1892.00;19
4737;34;626187313;4737;318;5564;5583;6.80;0.42;247.61;4.31;827;34;1893.00;19
4740;34;626187324;4740;311;5567;5584;6.86;0.42;247.54;4.31;827;34;1894.00;17
4744;34;626187336;4744;307;5567;5584;6.91;0.42;247.50;4.31;823;34;1895.00;17
4744;34;626187346;4744;308;5572;5588;7.01;0.43;247.50;4.31;828;34;1896.00;16
4748;34;626187363;4748;308;5573;5588;7.00;0.43;247.50;4.31;825;34;1897.00;15
4751;34;626187373;4751;310;5573;5588;7.08;0.43;247.50;4.31;822;34;1898.00;15
4754;34;626187384;4754;315;5574;5589;7.16;0.44;247.44;4.31;820;34;1899.00;15
4756;34;626187396;4756;311;5574;5589;7.20;0.44;247.49;4.31;818;34;1900.00;15
4759;34;626187411;4759;313;5580;5595;7.29;0.44;247.42;4.32;821;34;1901.00;15
4764;34;626187429;4764;317;5580;5595;7.31;0.45;247.47;4.32;816;34;1902.00;15
4767;34;626187441;4767;312;5582;5596;7.41;0.45;247.44;4.32;815;34;1903.00;14
4771;35;626187451;4771;311;5582;5596;7.47;0.46;247.42;4.32;811;35;1904.00;14
4775;35;626187481;4775;306;5582;5596;7.55;0.46;247.42;4.32;807;35;1905.00;14
4778;35;626187493;4778;312;5582;5596;7.62;0.47;247.39;4.32;804;35;1906.00;14
4780;35;626187503;4780;314;5582;5596;7.67;0.47;247.37;4.32;802;35;1907.00;14
4783;35;626187515;4783;317;5592;5608;7.83;0.48;247.34;4.31;809;35;1908.00;16
4784;35;626187527;4784;318;5593;5608;7.91;0.48;247.36;4.31;809;35;1909.00;15
4789;35;626187538;4789;319;5593;5608;7.95;0.48;247.34;4.31;804;35;1910.00;15
4792;35;626187549;4792;317;5593;5608;7.95;0.48;247.33;4.31;801;35;1911.00;15
4793;35;626187560;4793;323;5593;5608;7.94;0.48;247.33;4.31;800;35;1912.00;15
4798;35;626187572;4798;322;5593;5608;7.89;0.48;247.49;4.31;795;35;1913.00;15
4799;35;626187583;4799;326;5596;5612;7.87;0.48;247.51;4.31;797;35;1914.00;16
4802;35;626187599;4802;330;5597;5612;7.84;0.47;247.60;4.33;795;35;1915.00;15
4802;35;626187610;4802;335;5600;5616;7.85;0.48;247.60;4.33;798;35;1916.00;16
4807;35;626187622;4807;317;5601;5617;7.85;0.48;247.64;4.33;794;35;1917.00;16
4809;35;626187633;4809;311;5603;5617;7.84;0.47;247.63;4.35;794;35;1918.00;14
4812;35;626187645;4812;310;5603;5617;7.84;0.47;247.71;4.35;791;35;1919.00;14
4816;35;626187658;4816;306;5625;5646;7.92;0.48;247.71;4.35;809;35;1920.00;21
4817;35;626187672;4817;297;5625;5646;7.94;0.48;247.73;4.35;808;35;1921.00;21
4818;35;626187684;4818;294;5627;5646;7.95;0.48;247.73;4.35;809;35;1922.00;19
4820;35;626187695;4820;289;5628;5647;7.94;0.48;247.71;4.35;808;35;1923.00;19
4822;35;626187706;4822;289;5630;5648;7.97;0.48;247.65;4.37;808;35;1924.00;18
4823;35;626187717;4823;292;5631;5648;7.93;0.48;247.63;4.37;808;35;1925.00;17
4825;35;626187728;4825;280;5634;5651;7.93;0.48;247.67;4.37;809;35;1926.00;17
4827;35;626187740;4827;272;5634;5651;7.92;0.48;247.77;4.37;807;35;1927.00;17
4829;35;626187752;4829;260;5634;5651;7.94;0.48;247.79;4.37;805;35;1928.00;17
4830;35;626187763;4830;253;5634;5651;8.04;0.49;247.79;4.37;804;35;1929.00;17
4833;35;626187781;4833;243;5638;5657;8.13;0.50;247.84;4.37;805;35;1930.00;19
4837;35;626187794;4837;244;5638;5657;8.13;0.50;247.82;4.37;801;35;1931.00;19
4839;35;626187805;4839;242;5640;5657;8.15;0.50;247.83;4.39;801;35;1932.00;17
4842;35;626187817;4842;239;5640;5657;8.18;0.50;247.88;4.39;798;35;1933.00;17
4845;35;626187829;4845;242;5643;5661;8.14;0.50;247.83;4.39;798;35;1934.00;18
4848;35;626187841;4848;250;5646;5663;8.16;0.50;247.84;4.41;798;35;1935.00;17
4853;35;626187852;4853;249;5646;5663;8.20;0.50;248.11;4.41;793;35;1936.00;17
4855;35;626187864;4855;247;5647;5664;8.30;0.51;248.20;4.41;792;35;1937.00;17
4857;35;626187876;4857;246;5647;5664;8.36;0.51;248.19;4.41;790;35;1938.00;17
4862;35;626187888;4862;245;5647;5664;8.36;0.51;248.30;4.41;785;35;1939.00;17
4864;35;626187899;4864;241;5647;5664;8.36;0.51;248.34;4.41;783;35;1940.00;17
4867;35;626187909;4867;236;5647;5664;8.40;0.51;248.33;4.41;780;35;1941.00;17
4871;35;626187920;4871;230;5647;5664;8.44;0.51;248.37;4.41;776;35;1942.00;17
4872;35;626187931;4872;228;5647;5664;8.46;0.52;248.36;4.41;775;35;1943.00;17
4874;35;626187942;4874;246;5689;5734;8.34;0.51;248.39;4.38;815;35;1944.00;45
4876;35;626187958;4876;238;5689;5735;8.44;0.52;248.44;4.38;813;35;1945.00;46
4879;35;626187970;4879;229;5695;5735;8.61;0.53;248.44;4.38;816;35;1946.00;40
4883;35;626187981;4883;226;5696;5735;8.67;0.53;248.46;4.38;813;35;1947.00;39
4886;35;626188000;4886;220;5700;5735;8.77;0.53;248.45;4.38;814;35;1948.00;35
4887;35;626188011;4887;224;5701;5735;8.88;0.54;248.47;4.38;814;35;1949.00;34
4891;35;626188023;4891;229;5706;5737;8.90;0.54;248.51;4.40;815;35;1950.00;31
4893;35;626188035;4893;228;5708;5737;8.97;0.55;248.50;4.40;815;35;1951.00;29
4893;35;626188051;4893;225;5709;5738;9.05;0.55;248.50;4.40;816;35;1952.00;29
4896;35;626188062;4896;230;5714;5739;9.12;0.56;248.48;4.41;818;35;1953.00;25
4898;35;626188073;4898;228;5715;5739;9.05;0.55;248.46;4.41;817;35;1954.00;24
4903;35;626188086;4903;233;5721;5743;8.97;0.55;248.44;4.41;818;35;1955.00;22
4903;35;626188099;4903;234;5721;5743;8.94;0.54;248.44;4.41;818;35;1956.00;22
4905;35;626188115;4905;237;5721;5743;8.89;0.54;248.51;4.41;816;35;1957.00;22
4907;35;626188126;4907;241;5721;5743;8.89;0.54;248.49;4.41;814;35;1958.00;22
4911;35;626188137;4911;247;5726;5749;8.88;0.54;248.52;4.40;815;35;1959.00;23
4913;35;626188147;4913;241;5726;5749;8.87;0.54;248.52;4.40;813;35;1960.00;23
4914;35;626188158;4914;239;5726;5749;8.88;0.54;248.51;4.40;812;35;1961.00;23
4916;35;626188168;4916;234;5729;5752;8.98;0.55;248.46;4.40;813;35;1962.00;23
4920;35;626188179;4920;241;5729;5752;8.99;0.55;248.52;4.40;809;35;1963.00;23
4922;35;626188190;4922;235;5729;5752;9.06;0.55;248.49;4.40;807;35;1964.00;23
4924;35;626188200;4924;229;5729;5753;9.07;0.55;248.56;4.40;805;35;1965.00;24
4926;35;626188211;4926;230;5730;5754;9.11;0.55;248.55;4.40;804;35;1966.00;24
4928;35;626188221;4928;228;5730;5754;9.15;0.56;248.66;4.40;802;35;1967.00;24
4929;35;626188232;4929;229;5739;5767;9.20;0.56;248.63;4.39;810;35;1968.00;28
4933;35;626188243;4933;225;5740;5767;9.17;0.56;248.74;4.42;807;35;1969.00;27
4938;35;626188254;4938;223;5740;5767;9.17;0.56;248.76;4.42;802;35;1970.00;27
4943;35;626188264;4943;214;5741;5768;9.16;0.56;248.79;4.42;798;35;1971.00;27
4945;35;626188275;4945;203;5741;5768;9.13;0.56;248.85;4.42;796;35;1972.00;27
4949;35;626188285;4949;193;5744;5772;9.13;0.55;248.94;4.42;795;35;1973.00;28
4953;35;626188296;4953;190;5745;5772;9.15;0.56;248.97;4.43;792;35;1974.00;27
4955;35;626188307;4955;181;5750;5776;9.15;0.56;249.07;4.44;795;35;1975.00;26
4958;35;626188324;4958;169;5750;5776;9.19;0.56;249.16;4.44;792;35;1976.00;26
4963;35;626188335;4963;166;5750;5776;9.23;0.56;249.26;4.44;787;35;1977.00;26
4967;35;626188345;4967;162;5750;5776;9.26;0.56;249.27;4.44;783;35;1978.00;26
4972;35;626188355;4972;155;5750;5776;9.27;0.56;249.34;4.44;778;35;1979.00;26
4975;35;626188367;4975;150;5770;5810;9.35;0.57;249.37;4.42;795;35;1980.00;40
4977;35;626188380;4977;144;5771;5810;9.38;0.57;249.43;4.42;794;35;1981.00;39
4981;35;626188391;4981;139;5772;5810;9.48;0.58;249.56;4.42;791;35;1982.00;38
4985;35;626188402;4985;140;5773;5810;9.52;0.58;249.76;4.45;788;35;1983.00;37
4987;35;626188412;4987;140;5774;5810;9.60;0.58;249.76;4.45;787;35;1984.00;36
4989;35;626188423;4989;141;5774;5810;9.62;0.59;249.81;4.45;785;35;1985.00;36
4989;35;626188433;4989;144;5776;5811;9.70;0.59;249.81;4.48;787;35;1986.00;35
4991;35;626188443;4991;142;5777;5811;9.75;0.59;249.80;4.49;786;35;1987.00;34
4995;35;626188454;4995;142;5780;5817;9.83;0.60;249.80;4.48;785;35;1988.00;37
4999;35;626188465;4999;143;5783;5818;9.86;0.60;249.84;4.50;784;35;1989.00;35
5000;35;626188476;5000;141;5785;5818;9.91;0.60;249.79;4.50;785;35;1990.00;33
5005;35;626188486;5005;149;5785;5818;9.86;0.60;249.86;4.50;780;35;1991.00;33
5007;35;626188497;5007;150;5789;5822;9.86;0.60;249.96;4.53;782;35;1992.00;33
5009;35;626188508;5009;151;5789;5822;9.79;0.60;249.89;4.53;780;35;1993.00;33
5014;35;626188519;5014;156;5790;5822;9.71;0.59;249.94;4.53;776;35;1994.00;32
5017;35;626188530;5017;162;5792;5823;9.65;0.59;249.92;4.54;775;35;1995.00;31
5020;35;626188541;5020;166;5796;5827;9.56;0.58;249.94;4.54;776;35;1996.00;31
5022;35;626188552;5022;166;5796;5827;9.50;0.58;250.01;4.54;774;35;1997.00;31
5024;35;626188564;5024;175;5798;5830;9.51;0.58;250.08;4.54;774;35;1998.00;32
5026;35;626188575;5026;178;5802;5830;9.47;0.57;250.05;4.57;776;35;1999.00;28
5028;35;626188587;5028;183;5802;5830;9.45;0.57;250.06;4.57;774;35;2000.00;28
5029;35;626188603;5029;190;5804;5830;9.39;0.57;250.05;4.58;775;35;2001.00;26
5032;35;626188614;5032;195;5808;5834;9.39;0.57;250.04;4.59;776;35;2002.00;26
5033;35;626188626;5033;202;5810;5834;9.42;0.57;250.02;4.59;777;35;2003.00;24
5036;35;626188637;5036;203;5811;5834;9.42;0.57;250.04;4.60;775;35;2004.00;23
5037;35;626188648;5037;204;5812;5834;9.43;0.57;250.03;4.60;775;35;2005.00;22
5039;35;626188659;5039;212;5812;5835;9.37;0.57;250.06;4.60;773;35;2006.00;23
5039;35;626188670;5039;211;5814;5836;9.37;0.57;250.06;4.61;775;35;2007.00;22
5040;35;626188680;5040;213;5815;5836;9.29;0.57;250.05;4.62;775;35;2008.00;21
5044;35;626188690;5044;218;5817;5837;9.21;0.56;250.00;4.62;773;35;2009.00;20
5045;35;626188702;5045;219;5817;5837;9.08;0.55;249.98;4.62;772;35;2010.00;20
5047;35;626188711;5047;220;5818;5837;9.03;0.55;250.05;4.63;771;35;2011.00;19
5047;35;626188721;5047;224;5819;5837;8.96;0.55;250.05;4.64;772;35;2012.00;18
5050;35;626188730;5050;227;5822;5837;8.89;0.54;250.12;4.66;772;35;2013.00;15
5051;35;626188740;5051;232;5822;5837;8.81;0.54;250.10;4.66;771;35;2014.00;15
5054;35;626188750;5054;237;5824;5837;8.72;0.53;250.11;4.67;770;35;2015.00;13
5059;35;626188760;5059;257;5887;5964;8.79;0.54;250.04;4.63;828;35;2016.00;77
5062;35;626188780;5062;260;5890;5965;8.67;0.54;250.06;4.63;828;35;2017.00;75
5064;35;626188790;5064;257;5899;5965;8.67;0.53;250.00;4.63;835;35;2018.00;66
5066;35;626188800;5066;252;5908;5965;8.63;0.53;249.97;4.63;842;35;2019.00;57
5067;35;626188810;5067;255;5914;5965;8.55;0.53;249.97;4.63;847;35;2020.00;51
5070;35;626188820;5070;255;5920;5965;8.45;0.52;249.90;4.63;850;35;2021.00;45
5070;35;626188830;5070;254;5927;5965;8.35;0.51;249.90;4.64;857;35;2022.00;38
5072;35;626188840;5072;254;5931;5965;8.29;0.51;249.89;4.64;859;35;2023.00;34
5074;35;626188850;5074;258;5936;5966;8.33;0.51;249.84;4.64;862;35;2024.00;30
5078;35;626188861;5078;264;5939;5968;8.24;0.51;249.69;4.64;861;35;2025.00;29
5078;35;626188872;5078;268;5944;5968;8.23;0.51;249.69;4.65;866;35;2026.00;24
5080;35;626188890;5080;269;5945;5969;8.15;0.50;249.66;4.65;865;35;2027.00;24
5081;35;626188901;5081;277;5948;5969;8.05;0.49;249.64;4.65;867;35;2028.00;21
5083;35;626188911;5083;285;5950;5969;7.87;0.48;249.59;4.65;867;35;2029.00;19
5084;35;626188921;5084;291;5952;5969;7.76;0.48;249.56;4.66;868;35;2030.00;17
5086;35;626188931;5086;304;5957;5973;7.69;0.47;249.51;4.66;871;35;2031.00;16
5088;35;626188941;5088;308;5959;5973;7.50;0.46;249.51;4.66;871;35;2032.00;14
5090;35;626188952;5090;314;5959;5973;7.35;0.45;249.48;4.66;869;35;2033.00;14
5092;35;626188962;5092;321;5962;5976;7.29;0.45;249.45;4.67;870;35;2034.00;14
5097;35;626188973;5097;324;5963;5976;7.16;0.44;249.44;4.66;866;35;2035.00;13
5099;35;626188983;5099;334;5964;5976;7.04;0.43;249.46;4.66;865;35;2036.00;12
5100;35;626188992;5100;345;5968;5980;6.96;0.43;249.46;4.66;868;35;2037.00;12
5106;35;626189002;5106;355;5970;5981;6.81;0.42;249.44;4.66;864;35;2038.00;11
5109;35;626189011;5109;360;5970;5981;6.66;0.41;249.49;4.66;861;35;2039.00;11
5112;35;626189022;5112;355;5976;5986;6.63;0.41;249.49;4.66;864;35;2040.00;10
5114;35;626189031;5114;346;5976;5986;6.56;0.40;249.48;4.66;862;35;2041.00;10
5118;35;626189040;5118;353;5976;5986;6.49;0.40;249.53;4.66;858;35;2042.00;10
5121;35;626189049;5121;344;5977;5987;6.54;0.40;249.49;4.66;856;35;2043.00;10
5123;35;626189059;5123;341;5977;5987;6.58;0.40;249.49;4.66;854;35;2044.00;10
5126;35;626189068;5126;335;5982;5993;6.63;0.41;249.45;4.65;856;35;2045.00;11
5129;35;626189081;5129;330;5982;5993;6.62;0.41;249.48;4.65;853;35;2046.00;11
5130;35;626189099;5130;316;5984;5994;6.72;0.41;249.51;4.65;854;35;2047.00;10
5133;35;626189115;5133;305;5984;5994;6.82;0.42;249.49;4.65;851;35;2048.00;10
5135;35;626189134;5135;295;5984;5994;6.94;0.43;249.48;4.65;849;35;2049.00;10
5140;35;626189150;5140;293;5984;5994;7.03;0.43;249.42;4.65;844;35;2050.00;10
5143;35;626189166;5143;290;5984;5994;7.11;0.44;249.46;4.65;841;35;2051.00;10
5144;35;626189193;5144;278;5994;6006;7.26;0.44;249.44;4.65;850;35;2052.00;12
5148;35;626189206;5148;272;5994;6006;7.32;0.45;249.45;4.65;846;35;2053.00;12
5150;35;626189219;5150;269;5996;6006;7.41;0.45;249.46;4.65;846;35;2054.00;10
5152;35;626189230;5152;263;5996;6006;7.46;0.46;249.48;4.65;844;35;2055.00;10
5154;35;626189243;5154;261;5996;6006;7.53;0.46;249.47;4.65;842;35;2056.00;10
5158;35;626189255;5158;256;5996;6006;7.54;0.46;249.47;4.65;838;35;2057.00;10
5163;35;626189267;5163;254;6000;6010;7.55;0.46;249.59;4.64;837;35;2058.00;10
5165;35;626189279;5165;253;6000;6010;7.66;0.47;249.53;4.64;835;35;2059.00;10
5167;35;626189291;5167;250;6003;6014;7.78;0.47;249.57;4.64;836;35;2060.00;11
5170;35;626189304;5170;249;6004;6015;7.82;0.48;249.55;4.64;834;35;2061.00;11
5171;35;626189316;5171;249;6005;6015;7.83;0.48;249.56;4.64;834;35;2062.00;10
5172;35;626189335;5172;250;6005;6015;7.86;0.48;249.53;4.64;833;35;2063.00;10
5174;35;626189347;5174;250;6018;6028;7.86;0.48;249.62;4.63;844;35;2064.00;10
5176;35;626189360;5176;252;6018;6028;7.84;0.48;249.66;4.63;842;35;2065.00;10
5182;35;626189372;5182;255;6018;6028;7.83;0.48;249.64;4.63;836;35;2066.00;10
5187;35;626189384;5187;257;6020;6029;7.82;0.48;249.67;4.66;833;35;2067.00;9
5189;35;626189397;5189;255;6021;6030;7.84;0.48;249.70;4.66;832;35;2068.00;9
5195;35;626189409;5195;254;6021;6030;7.86;0.48;249.85;4.66;826;35;2069.00;9
5197;35;626189423;5197;260;6024;6036;7.96;0.48;249.98;4.66;827;35;2070.00;12
5200;35;626189435;5200;262;6024;6036;8.07;0.49;250.02;4.66;824;35;2071.00;12
5207;35;626189447;5207;265;6025;6036;8.10;0.49;250.22;4.66;818;35;2072.00;11
5210;35;626189459;5210;263;6025;6036;8.12;0.49;250.28;4.66;815;35;2073.00;11
5213;35;626189472;5213;268;6029;6042;8.17;0.50;250.37;4.66;816;35;2074.00;13
5219;35;626189485;5219;274;6030;6042;8.09;0.49;250.46;4.66;811;35;2075.00;12
5223;35;626189497;5223;272;6031;6042;8.08;0.49;250.59;4.66;808;35;2076.00;11
5232;35;626189508;5232;274;6031;6042;7.96;0.48;250.67;4.66;799;35;2077.00;11
5234;35;626189522;5234;272;6036;6046;7.98;0.49;250.71;4.65;802;35;2078.00;10
5235;35;626189533;5235;277;6037;6047;8.00;0.49;250.77;4.65;802;35;2079.00;10
5240;35;626189545;5240;283;6038;6047;7.96;0.49;250.76;4.65;798;35;2080.00;9
5242;35;626189557;5242;284;6039;6048;7.93;0.48;250.82;4.65;797;35;2081.00;9
5244;35;626189568;5244;286;6039;6048;7.87;0.48;250.97;4.65;795;35;2082.00;9
5246;35;626189580;5246;290;6039;6048;7.88;0.48;250.97;4.65;793;35;2083.00;9
5253;35;626189591;5253;295;6039;6048;7.81;0.48;251.11;4.65;786;35;2084.00;9
5256;35;626189603;5256;297;6039;6048;7.81;0.48;251.13;4.65;783;35;2085.00;9
5261;35;626189615;5261;304;6039;6048;7.82;0.48;251.12;4.65;778;35;2086.00;9
5264;35;626189627;5264;291;6039;6048;7.82;0.48;251.13;4.65;775;35;2087.00;9
5270;35;626189639;5270;301;6085;6118;7.88;0.48;251.06;4.62;815;35;2088.00;33
5272;35;626189656;5272;287;6087;6119;7.99;0.49;251.15;4.62;815;35;2089.00;32
5277;35;626189668;5277;278;6092;6119;8.13;0.50;251.13;4.61;815;35;2090.00;27
5280;35;626189681;5280;272;6095;6119;8.24;0.50;251.17;4.61;815;35;2091.00;24
5282;35;626189692;5282;271;6099;6119;8.34;0.51;251.19;4.61;817;35;2092.00;20
5288;35;626189705;5288;274;6101;6119;8.41;0.51;251.21;4.61;813;35;2093.00;18
5292;35;626189717;5292;273;6105;6119;8.54;0.52;251.22;4.61;813;35;2094.00;14
5296;35;626189729;5296;277;6105;6119;8.60;0.52;251.32;4.61;809;35;2095.00;14
5300;35;626189742;5300;264;6107;6120;8.64;0.52;251.27;4.61;807;35;2096.00;13
5303;35;626189756;5303;252;6108;6121;8.63;0.52;251.33;4.61;805;35;2097.00;13
5307;35;626189768;5307;242;6109;6121;8.57;0.52;251.37;4.61;802;35;2098.00;12
5308;35;626189787;5308;239;6112;6125;8.44;0.51;251.42;4.61;804;35;2099.00;13
5310;35;626189802;5310;244;6116;6140;8.40;0.51;251.41;4.61;806;35;2100.00;24
5312;35;626189821;5312;241;6116;6140;8.40;0.51;251.42;4.61;804;35;2101.00;24
5315;35;626189834;5315;246;6116;6140;8.46;0.51;251.44;4.61;801;35;2102.00;24
5317;35;626189846;5317;244;6119;6146;8.57;0.52;251.45;4.61;802;35;2103.00;27
5320;35;626189859;5320;249;6119;6146;8.62;0.52;251.50;4.61;799;35;2104.00;27
5322;35;626189877;5322;247;6121;6146;8.63;0.53;251.58;4.61;799;35;2105.00;25
5323;35;626189889;5323;238;6123;6149;8.77;0.54;251.57;4.61;800;35;2106.00;26
5328;35;626189901;5328;234;6123;6149;8.85;0.54;251.57;4.61;795;35;2107.00;26
5330;35;626189914;5330;232;6123;6149;8.88;0.54;251.54;4.61;793;35;2108.00;26
5334;35;626189927;5334;221;6123;6150;8.88;0.54;251.49;4.61;789;35;2109.00;27
5336;35;626189939;5336;217;6124;6151;8.89;0.54;251.49;4.60;788;35;2110.00;27
5338;35;626189951;5338;214;6126;6151;8.91;0.54;251.47;4.61;788;35;2111.00;25
5340;35;626189964;5340;212;6135;6164;8.92;0.54;251.44;4.60;795;35;2112.00;29
5341;35;626189977;5341;209;6135;6164;8.95;0.55;251.44;4.60;794;35;2113.00;29
5344;35;626189988;5344;211;6135;6164;9.02;0.55;251.36;4.60;791;35;2114.00;29
5346;35;626190000;5346;205;6137;6166;9.04;0.55;251.34;4.60;791;35;2115.00;29
5350;35;626190015;5350;206;6137;6166;9.06;0.55;251.36;4.60;787;35;2116.00;29
5352;35;626190029;5352;205;6141;6170;9.09;0.55;251.33;4.60;789;35;2117.00;29
5355;35;626190043;5355;203;6141;6170;9.13;0.56;251.31;4.60;786;35;2118.00;29
5356;35;626190055;5356;198;6144;6174;9.15;0.56;251.32;4.60;788;35;2119.00;30
5357;35;626190067;5357;201;6144;6174;9.17;0.56;251.29;4.60;787;35;2120.00;30
5360;35;626190080;5360;201;6144;6174;9.18;0.56;251.27;4.60;784;35;2121.00;30
5360;35;626190091;5360;202;6144;6174;9.27;0.56;251.27;4.60;784;35;2122.00;30
5362;35;626190102;5362;206;6146;6174;9.27;0.56;251.26;4.61;784;35;2123.00;28
5364;35;626190114;5364;205;6154;6186;9.30;0.57;251.26;4.60;790;35;2124.00;32
5365;35;626190127;5365;214;6156;6186;9.32;0.57;251.25;4.61;791;35;2125.00;30
5368;35;626190138;5368;215;6157;6186;9.32;0.57;251.25;4.61;789;35;2126.00;29
5371;35;626190148;5371;215;6158;6186;9.35;0.57;251.25;4.61;787;35;2127.00;28
5372;35;626190159;5372;223;6162;6186;9.40;0.57;251.26;4.62;790;35;2128.00;24
5374;35;626190170;5374;225;6163;6186;9.47;0.58;251.27;4.62;789;35;2129.00;23
5376;35;626190182;5376;222;6164;6187;9.47;0.58;251.24;4.62;788;35;2130.00;23
5376;35;626190193;5376;217;6165;6187;9.49;0.58;251.24;4.62;789;35;2131.00;22
5380;35;626190204;5380;214;6169;6193;9.48;0.58;251.20;4.62;789;35;2132.00;24
5383;35;626190215;5383;209;6170;6194;9.43;0.57;251.25;4.62;787;35;2133.00;24
5383;35;626190225;5383;207;6170;6194;9.38;0.57;251.25;4.62;787;35;2134.00;24
5387;35;626190236;5387;209;6171;6194;9.25;0.56;251.22;4.62;784;35;2135.00;23
5389;35;626190246;5389;205;6174;6198;9.22;0.56;251.24;4.61;785;35;2136.00;24
5393;35;626190257;5393;203;6174;6198;9.16;0.56;251.25;4.61;781;35;2137.00;24
5399;35;626190267;5399;195;6174;6198;9.08;0.55;251.25;4.61;775;35;2138.00;24
5404;35;626190277;5404;189;6175;6199;9.06;0.55;251.31;4.61;771;35;2139.00;24
5404;35;626190287;5404;186;6178;6203;9.02;0.55;251.31;4.61;774;35;2140.00;25
5410;35;626190297;5410;182;6178;6203;8.95;0.54;251.31;4.61;768;35;2141.00;25
5413;35;626190307;5413;174;6180;6206;8.97;0.54;251.29;4.61;767;35;2142.00;26
5414;36;626190318;5414;177;6181;6206;8.95;0.54;251.36;4.61;767;36;2143.00;25
5419;36;626190337;5419;166;6181;6206;8.88;0.54;251.47;4.61;762;36;2144.00;25
5421;36;626190347;5421;170;6182;6206;8.89;0.54;251.43;4.62;761;36;2145.00;24
5426;36;626190357;5426;168;6185;6210;8.94;0.54;251.47;4.62;759;36;2146.00;25
5428;36;626190373;5428;167;6185;6210;8.89;0.54;251.49;4.62;757;36;2147.00;25
5431;36;626190383;5431;166;6186;6210;8.90;0.54;251.48;4.62;755;36;2148.00;24
5434;36;626190393;5434;165;6186;6210;8.92;0.54;251.61;4.62;752;36;2149.00;24
5436;36;626190408;5436;166;6186;6211;8.86;0.54;251.55;4.62;750;36;2150.00;25
5437;36;626190418;5437;162;6187;6212;8.80;0.53;251.61;4.61;750;36;2151.00;25
5438;37;626190427;5438;165;6187;6212;8.81;0.53;251.58;4.61;749;37;2152.00;25
5440;37;626190452;5440;171;6188;6213;8.81;0.53;251.58;4.61;748;37;2153.00;25
5440;37;626190462;5440;178;6188;6213;8.79;0.53;251.58;4.61;748;37;2154.00;25
5441;37;626190472;5441;175;6188;6213;8.85;0.54;251.61;4.61;747;37;2155.00;25
5442;37;626190481;5442;179;6189;6213;8.83;0.54;251.59;4.67;747;37;2156.00;24
5444;37;626190491;5444;185;6189;6213;8.78;0.53;251.57;4.67;745;37;2157.00;24
5446;37;626190501;5446;188;6189;6213;8.79;0.53;251.54;4.67;743;37;2158.00;24
5450;37;626190510;5450;194;6189;6213;8.83;0.53;251.58;4.67;739;37;2159.00;24
5451;37;626190522;5451;223;6285;6443;8.88;0.55;251.56;4.60;834;37;2160.00;158
5454;38;626190550;5454;220;6289;6444;8.80;0.55;251.52;4.60;835;38;2161.00;155
5457;38;626190574;5457;210;6298;6444;8.88;0.55;251.50;4.59;841;38;2162.00;146
5459;38;626190584;5459;216;6306;6444;8.83;0.55;251.52;4.59;847;38;2163.00;138
5459;38;626190594;5459;211;6313;6444;8.85;0.55;251.52;4.59;854;38;2164.00;131
5459;38;626190605;5459;204;6319;6444;8.82;0.55;251.52;4.59;860;38;2165.00;125
5461;38;626190620;5461;209;6326;6444;8.77;0.55;251.51;4.59;865;38;2166.00;118
5465;38;626190636;5465;208;6331;6444;8.72;0.54;251.46;4.60;866;38;2167.00;113
5470;38;626190648;5470;219;6337;6445;8.71;0.54;251.43;4.60;867;38;2168.00;108
5471;38;626190664;5471;222;6340;6446;8.75;0.54;251.38;4.60;869;38;2169.00;106
5474;38;626190675;5474;223;6345;6446;8.76;0.54;251.38;4.61;871;38;2170.00;101
5475;38;626190685;5475;222;6348;6447;8.75;0.54;251.35;4.63;873;38;2171.00;99
5477;38;626190696;5477;226;6352;6447;8.70;0.54;251.32;4.64;875;38;2172.00;95
5479;38;626190707;5479;225;6355;6447;8.65;0.53;251.25;4.64;876;38;2173.00;92
5481;38;626190719;5481;232;6357;6447;8.59;0.53;251.27;4.65;876;38;2174.00;90
5482;38;626190730;5482;239;6364;6451;8.54;0.53;251.27;4.67;882;38;2175.00;87
5485;38;626190747;5485;240;6369;6451;8.47;0.52;251.25;4.69;884;38;2176.00;82
5485;38;626190758;5485;243;6372;6451;8.41;0.52;251.25;4.69;887;38;2177.00;79
5488;38;626190769;5488;246;6376;6454;8.32;0.51;251.21;4.70;888;38;2178.00;78
5489;38;626190780;5489;253;6377;6454;8.23;0.50;251.22;4.70;888;38;2179.00;77
5489;38;626190791;5489;259;6378;6454;8.15;0.50;251.22;4.71;889;38;2180.00;76
5490;38;626190807;5490;263;6390;6458;8.04;0.49;251.23;4.76;900;38;2181.00;68
5490;38;626190818;5490;274;6393;6459;7.97;0.49;251.23;4.77;903;38;2182.00;66
5496;38;626190833;5496;286;6396;6459;7.91;0.49;251.13;4.79;900;38;2183.00;63
5497;38;626190844;5497;292;6403;6463;7.83;0.48;251.13;4.80;906;38;2184.00;60
5500;38;626190860;5500;299;6405;6463;7.78;0.48;251.08;4.81;905;38;2185.00;58
5501;38;626190871;5501;300;6408;6463;7.72;0.47;251.03;4.82;907;38;2186.00;55
5503;38;626190882;5503;314;6409;6464;7.73;0.47;250.97;4.82;906;38;2187.00;55
5504;38;626190892;5504;326;6413;6464;7.69;0.47;250.96;4.83;909;38;2188.00;51
5504;38;626190903;5504;327;6419;6470;7.64;0.47;250.96;4.84;915;38;2189.00;51
5506;38;626190915;5506;324;6421;6470;7.52;0.46;250.91;4.84;915;38;2190.00;49
5507;38;626190926;5507;332;6425;6471;7.45;0.46;250.90;4.86;918;38;2191.00;46
5511;38;626190937;5511;326;6426;6471;7.34;0.45;250.93;4.86;915;38;2192.00;45
5512;38;626190947;5512;337;6429;6471;7.27;0.45;250.89;4.87;917;38;2193.00;42
5514;38;626190958;5514;345;6429;6471;7.22;0.44;250.86;4.87;915;38;2194.00;42
5515;38;626190968;5515;337;6432;6471;7.16;0.44;250.82;4.88;917;38;2195.00;39
5515;38;626190980;5515;330;6444;6483;7.24;0.44;250.82;4.88;929;38;2196.00;39
5516;38;626190991;5516;326;6445;6483;7.25;0.44;250.79;4.89;929;38;2197.00;38
5518;38;626191002;5518;325;6449;6483;7.22;0.44;250.78;4.90;931;38;2198.00;34
5520;38;626191012;5520;316;6449;6483;7.26;0.44;250.79;4.90;929;38;2199.00;34
5522;38;626191023;5522;313;6453;6483;7.22;0.44;250.76;4.91;931;38;2200.00;30
5525;38;626191038;5525;313;6453;6483;7.19;0.44;250.67;4.91;928;38;2201.00;30
5529;38;626191054;5529;314;6457;6487;7.15;0.44;250.64;4.91;928;38;2202.00;30
5530;38;626191066;5530;313;6458;6487;7.11;0.43;250.63;4.92;928;38;2203.00;29
5532;38;626191076;5532;315;6462;6491;7.13;0.44;250.64;4.91;930;38;2204.00;29
5534;38;626191093;5534;315;6465;6493;7.07;0.43;250.65;4.92;931;38;2205.00;28
5538;38;626191110;5538;319;6466;6493;6.99;0.43;250.62;4.92;928;38;2206.00;27
5540;38;626191129;5540;319;6467;6493;6.93;0.42;250.61;4.92;927;38;2207.00;26
5543;38;626191149;5543;327;6478;6506;6.87;0.42;250.58;4.91;935;38;2208.00;28
5544;38;626191168;5544;334;6479;6506;6.80;0.42;250.62;4.91;935;38;2209.00;27
5545;38;626191186;5545;319;6481;6508;6.78;0.41;250.66;4.91;936;38;2210.00;27
5547;38;626191202;5547;319;6483;6509;6.77;0.42;250.73;4.91;936;38;2211.00;26
5550;38;626191215;5550;313;6484;6510;6.79;0.42;250.77;4.91;934;38;2212.00;26
5552;38;626191228;5552;314;6485;6510;6.75;0.41;250.79;4.91;933;38;2213.00;25
5554;38;626191247;5554;314;6487;6513;6.77;0.41;250.76;4.91;933;38;2214.00;26
5558;38;626191260;5558;311;6487;6513;6.80;0.42;251.00;4.91;929;38;2215.00;26
5561;38;626191272;5561;311;6487;6513;6.84;0.42;251.12;4.91;926;38;2216.00;26
5565;38;626191284;5565;313;6487;6513;6.85;0.42;251.18;4.91;922;38;2217.00;26
5568;38;626191296;5568;296;6492;6519;6.94;0.43;251.32;4.90;924;38;2218.00;27
5571;38;626191310;5571;296;6493;6519;6.96;0.43;251.41;4.90;922;38;2219.00;26
5572;38;626191323;5572;297;6493;6519;7.03;0.43;251.47;4.90;921;38;2220.00;26
5575;38;626191335;5575;285;6493;6519;7.06;0.43;251.49;4.90;918;38;2221.00;26
5580;38;626191346;5580;275;6499;6523;7.14;0.44;251.63;4.95;919;38;2222.00;24
5582;38;626191359;5582;263;6500;6524;7.25;0.45;251.70;4.95;918;38;2223.00;24
5587;38;626191372;5587;263;6500;6524;7.33;0.45;251.83;4.95;913;38;2224.00;24
5591;38;626191384;5591;265;6501;6525;7.48;0.46;251.78;4.95;910;38;2225.00;24
5596;38;626191397;5596;261;6501;6525;7.53;0.46;251.86;4.95;905;38;2226.00;24
5602;38;626191409;5602;263;6501;6525;7.57;0.46;251.94;4.95;899;38;2227.00;24
5608;38;626191420;5608;264;6501;6525;7.61;0.47;251.87;4.95;893;38;2228.00;24
5614;38;626191433;5614;265;6501;6525;7.61;0.46;251.93;4.95;887;38;2229.00;24
5619;38;626191445;5619;260;6501;6525;7.61;0.46;251.92;4.95;882;38;2230.00;24
5625;38;626191459;5625;258;6501;6525;7.62;0.46;252.02;4.95;876;38;2231.00;24
5629;38;626191471;5629;263;6541;6595;7.77;0.48;252.06;4.92;912;38;2232.00;54
5632;38;626191490;5632;258;6545;6596;7.84;0.48;252.18;4.92;913;38;2233.00;51
5638;38;626191502;5638;257;6551;6596;7.93;0.49;252.18;4.92;913;38;2234.00;45
5642;38;626191516;5642;250;6558;6596;8.02;0.49;252.23;4.91;916;38;2235.00;38
5647;38;626191529;5647;254;6562;6596;8.00;0.49;252.31;4.91;915;38;2236.00;34
5652;38;626191541;5652;259;6565;6596;8.09;0.49;252.53;4.91;913;38;2237.00;31
5656;38;626191555;5656;261;6567;6596;8.12;0.50;252.54;4.91;911;38;2238.00;29
5661;38;626191568;5661;260;6569;6596;8.15;0.50;252.69;4.92;908;38;2239.00;27
5661;38;626191582;5661;263;6570;6597;8.24;0.51;252.69;4.91;909;38;2240.00;27
5669;38;626191596;5669;264;6572;6598;8.20;0.50;252.83;4.91;903;38;2241.00;26
5674;38;626191610;5674;271;6572;6598;8.13;0.50;252.91;4.91;898;38;2242.00;26
5677;38;626191624;5677;273;6575;6602;8.11;0.50;252.97;4.91;898;38;2243.00;27
5680;38;626191638;5680;278;6575;6602;8.14;0.50;253.13;4.91;895;38;2244.00;27
5686;38;626191651;5686;276;6575;6602;8.19;0.50;253.18;4.91;889;38;2245.00;27
5690;38;626191665;5690;279;6575;6602;8.24;0.50;253.13;4.91;885;38;2246.00;27
5694;38;626191677;5694;282;6579;6608;8.33;0.51;253.18;4.91;885;38;2247.00;29
5697;38;626191691;5697;279;6580;6608;8.37;0.51;253.26;4.91;883;38;2248.00;28
5703;38;626191705;5703;279;6580;6608;8.36;0.51;253.39;4.91;877;38;2249.00;28
5706;38;626191720;5706;284;6583;6614;8.42;0.51;253.60;4.91;877;38;2250.00;31
5712;38;626191733;5712;287;6583;6614;8.35;0.51;253.71;4.91;871;38;2251.00;31
5716;38;626191746;5716;291;6584;6614;8.26;0.50;253.89;4.91;868;38;2252.00;30
5719;38;626191759;5719;291;6585;6615;8.20;0.50;253.89;4.91;866;38;2253.00;30
5722;38;626191772;5722;295;6586;6616;8.11;0.49;253.94;4.91;864;38;2254.00;30
5723;38;626191784;5723;303;6587;6616;8.04;0.49;253.94;4.91;864;38;2255.00;29
5726;38;626191796;5726;312;6597;6629;8.06;0.49;254.00;4.90;871;38;2256.00;32
5729;39;626191810;5729;311;6598;6629;7.98;0.49;254.06;4.90;869;39;2257.00;31
5734;39;626191843;5734;305;6599;6629;7.92;0.48;254.11;4.95;865;39;2258.00;30
5737;39;626191856;5737;303;6600;6630;7.94;0.49;254.12;4.95;863;39;2259.00;30
5740;39;626191869;5740;294;6600;6630;8.01;0.49;254.10;4.95;860;39;2260.00;30
5743;39;626191882;5743;291;6603;6634;8.00;0.49;254.15;4.95;860;39;2261.00;31
5748;39;626191895;5748;285;6604;6634;8.05;0.49;254.06;4.95;856;39;2262.00;30
5752;39;626191908;5752;280;6607;6638;8.07;0.49;254.15;4.94;855;39;2263.00;31
5754;39;626191922;5754;285;6607;6638;8.08;0.49;254.15;4.94;853;39;2264.00;31
5760;39;626191934;5760;280;6607;6638;8.12;0.50;254.22;4.94;847;39;2265.00;31
5764;39;626191947;5764;270;6607;6638;8.14;0.50;254.19;4.94;843;39;2266.00;31
5766;39;626191961;5766;260;6607;6638;8.22;0.50;254.19;4.94;841;39;2267.00;31
5771;39;626191974;5771;246;6616;6650;8.25;0.50;254.17;4.94;845;39;2268.00;34
5773;39;626191989;5773;240;6616;6650;8.28;0.51;254.17;4.94;843;39;2269.00;34
5777;39;626192001;5777;232;6618;6650;8.37;0.51;254.22;4.94;841;39;2270.00;32
5782;39;626192014;5782;225;6618;6650;8.40;0.51;254.22;4.94;836;39;2271.00;32
5785;40;626192027;5785;228;6618;6650;8.45;0.51;254.23;4.94;833;40;2272.00;32
5787;40;626192055;5787;226;6618;6650;8.51;0.52;254.24;4.94;831;40;2273.00;32
5790;40;626192074;5790;224;6618;6651;8.59;0.52;254.21;4.94;828;40;2274.00;33
5796;40;626192089;5796;226;6618;6651;8.66;0.53;254.20;4.94;822;40;2275.00;33
5797;40;626192102;5797;234;6622;6657;8.75;0.53;254.19;4.93;825;40;2276.00;35
5798;40;626192116;5798;225;6623;6658;8.81;0.54;254.27;4.93;825;40;2277.00;35
5801;40;626192128;5801;218;6624;6658;8.86;0.54;254.33;4.93;823;40;2278.00;34
5805;40;626192142;5805;219;6624;6658;8.83;0.54;254.33;4.93;819;40;2279.00;34
5806;40;626192155;5806;215;6628;6663;8.85;0.54;254.32;4.93;822;40;2280.00;35
5810;40;626192167;5810;217;6628;6663;8.84;0.54;254.34;4.93;818;40;2281.00;35
5812;40;626192179;5812;218;6628;6663;8.88;0.54;254.35;4.93;816;40;2282.00;35
5816;40;626192191;5816;214;6629;6664;8.97;0.55;254.31;4.93;813;40;2283.00;35
5819;40;626192202;5819;213;6632;6668;9.02;0.55;254.47;4.93;813;40;2284.00;36
5822;40;626192214;5822;207;6632;6668;8.99;0.55;254.42;4.93;810;40;2285.00;36
5824;40;626192225;5824;201;6634;6671;8.97;0.55;254.42;4.93;810;40;2286.00;37
5825;41;626192236;5825;196;6634;6671;9.00;0.55;254.48;4.93;809;41;2287.00;37
5826;41;626192266;5826;193;6635;6671;9.07;0.55;254.49;4.93;809;41;2288.00;36
5829;41;626192280;5829;186;6635;6671;9.13;0.56;254.54;4.93;806;41;2289.00;36
5829;41;626192297;5829;186;6638;6675;9.20;0.56;254.54;4.92;809;41;2290.00;37
5831;41;626192319;5831;187;6638;6675;9.17;0.56;254.52;4.92;807;41;2291.00;37
5832;41;626192341;5832;185;6639;6675;9.17;0.56;254.53;4.92;807;41;2292.00;36
5834;41;626192355;5834;183;6639;6675;9.15;0.56;254.51;4.92;805;41;2293.00;36
5837;41;626192368;5837;185;6639;6676;9.10;0.56;254.51;4.92;802;41;2294.00;37
5838;41;626192380;5838;191;6641;6678;9.06;0.55;254.51;4.92;803;41;2295.00;37
5841;41;626192396;5841;187;6642;6678;8.92;0.54;254.52;4.98;801;41;2296.00;36
5843;41;626192411;5843;194;6643;6679;8.83;0.54;254.49;4.98;800;41;2297.00;36
5846;41;626192426;5846;199;6643;6679;8.76;0.53;254.48;4.98;797;41;2298.00;36
5848;41;626192440;5848;200;6643;6679;8.63;0.53;254.50;4.98;795;41;2299.00;36
5850;41;626192454;5850;201;6643;6679;8.54;0.52;254.51;4.98;793;41;2300.00;36
5852;41;626192476;5852;198;6643;6679;8.58;0.52;254.47;4.98;791;41;2301.00;36
5854;41;626192493;5854;197;6643;6679;8.58;0.52;254.47;4.98;789;41;2302.00;36
5858;41;626192509;5858;195;6643;6679;8.56;0.52;254.45;4.98;785;41;2303.00;36
5862;41;626192525;5862;221;6716;6806;8.44;0.52;254.47;4.92;854;41;2304.00;90
5863;41;626192550;5863;210;6716;6807;8.48;0.52;254.48;4.92;853;41;2305.00;91
5866;41;626192565;5866;197;6724;6807;8.68;0.53;254.45;4.92;858;41;2306.00;83
5869;41;626192582;5869;193;6726;6807;8.71;0.54;254.45;4.92;857;41;2307.00;81
5871;41;626192597;5871;190;6731;6807;8.77;0.54;254.51;4.92;860;41;2308.00;76
5876;41;626192611;5876;185;6736;6807;8.80;0.54;254.52;4.92;860;41;2309.00;71
5880;41;626192629;5880;188;6742;6807;8.82;0.54;254.50;4.97;862;41;2310.00;65
5882;41;626192642;5882;187;6744;6807;8.79;0.54;254.55;4.97;862;41;2311.00;63
5888;41;626192653;5888;194;6749;6808;8.79;0.54;254.54;4.98;861;41;2312.00;59
5889;41;626192676;5889;200;6752;6809;8.77;0.54;254.57;4.98;863;41;2313.00;57
5893;41;626192687;5893;191;6755;6809;8.72;0.53;254.58;4.98;862;41;2314.00;54
5894;41;626192698;5894;195;6757;6810;8.64;0.53;254.57;5.04;863;41;2315.00;53
5899;41;626192711;5899;192;6759;6810;8.50;0.52;254.55;5.04;860;41;2316.00;51
5901;41;626192724;5901;187;6761;6810;8.38;0.51;254.51;5.09;860;41;2317.00;49
5903;41;626192737;5903;196;6762;6810;8.23;0.50;254.50;5.09;859;41;2318.00;48
5906;41;626192750;5906;201;6766;6814;8.08;0.49;254.45;5.09;860;41;2319.00;48
5908;41;626192768;5908;208;6767;6814;7.97;0.49;254.38;5.10;859;41;2320.00;47
5909;41;626192782;5909;214;6769;6814;7.88;0.48;254.36;5.10;860;41;2321.00;45
5910;41;626192795;5910;214;6772;6817;7.83;0.48;254.33;5.14;862;41;2322.00;45
5911;41;626192813;5911;216;6773;6817;7.76;0.47;254.30;5.14;862;41;2323.00;44
5912;41;626192829;5912;229;6774;6817;7.71;0.47;254.31;5.14;862;41;2324.00;43
5912;41;626192844;5912;230;6777;6821;7.63;0.47;254.31;5.14;865;41;2325.00;44
5913;41;626192857;5913;238;6779;6822;7.66;0.47;254.29;5.14;866;41;2326.00;43
5915;41;626192871;5915;236;6779;6822;7.59;0.46;254.25;5.14;864;41;2327.00;43
5917;41;626192882;5917;244;6782;6826;7.53;0.46;254.19;5.14;865;41;2328.00;44
5919;41;626192896;5919;243;6782;6826;7.44;0.45;254.15;5.14;863;41;2329.00;44
5920;41;626192911;5920;249;6782;6826;7.43;0.45;254.11;5.14;862;41;2330.00;44
5922;41;626192924;5922;256;6783;6827;7.47;0.46;254.07;5.14;861;41;2331.00;44
5925;41;626192939;5925;264;6783;6827;7.44;0.46;253.98;5.14;858;41;2332.00;44
5927;41;626192952;5927;267;6787;6833;7.45;0.46;253.95;5.13;860;41;2333.00;46
5931;41;626192966;5931;275;6787;6833;7.45;0.45;253.97;5.13;856;41;2334.00;46
5933;41;626192980;5933;283;6788;6834;7.45;0.45;253.92;5.13;855;41;2335.00;46
5933;41;626192999;5933;283;6789;6834;7.41;0.45;253.92;5.15;856;41;2336.00;45
5935;41;626193016;5935;287;6789;6834;7.37;0.45;253.85;5.15;854;41;2337.00;45
5937;41;626193031;5937;290;6789;6834;7.27;0.44;253.83;5.15;852;41;2338.00;45
5937;41;626193044;5937;290;6789;6834;7.18;0.44;253.83;5.15;852;41;2339.00;45
5939;41;626193057;5939;299;6812;6870;7.26;0.44;253.77;5.16;873;41;2340.00;58
5940;41;626193071;5940;297;6813;6870;7.25;0.44;253.76;5.15;873;41;2341.00;57
5942;41;626193082;5942;307;6817;6870;7.25;0.44;253.77;5.17;875;41;2342.00;53
5943;41;626193101;5943;309;6819;6870;7.24;0.44;253.76;5.17;876;41;2343.00;51
5944;41;626193119;5944;315;6822;6870;7.28;0.44;253.78;5.19;878;41;2344.00;48
5945;41;626193138;5945;321;6823;6870;7.31;0.45;253.77;5.19;878;41;2345.00;47
5946;41;626193153;5946;323;6828;6874;7.33;0.45;253.76;5.20;882;41;2346.00;46
5949;41;626193170;5949;313;6829;6874;7.35;0.45;253.76;5.20;880;41;2347.00;45
5949;41;626193186;5949;308;6832;6878;7.40;0.45;253.76;5.21;883;41;2348.00;46
5949;41;626193208;5949;303;6836;6879;7.39;0.45;253.76;5.22;887;41;2349.00;43
5950;41;626193221;5950;294;6837;6879;7.36;0.45;253.78;5.23;887;41;2350.00;42
5950;41;626193234;5950;291;6839;6879;7.28;0.44;253.78;5.23;889;41;2351.00;40
5952;41;626193246;5952;290;6851;6892;7.21;0.44;253.72;5.23;899;41;2352.00;41
5955;41;626193260;5955;292;6852;6892;7.17;0.44;253.68;5.24;897;41;2353.00;40
5955;41;626193279;5955;289;6853;6892;7.21;0.44;253.68;5.25;898;41;2354.00;39
5956;41;626193292;5956;293;6855;6893;7.17;0.44;253.66;5.25;899;41;2355.00;38
5959;41;626193310;5959;291;6856;6894;7.13;0.43;253.62;5.26;897;41;2356.00;38
5961;41;626193326;5961;294;6856;6894;7.09;0.43;253.71;5.26;895;41;2357.00;38
5964;41;626193344;5964;300;6860;6897;7.10;0.43;253.68;5.26;896;41;2358.00;37
5965;41;626193355;5965;300;6862;6897;7.05;0.43;253.64;5.27;897;41;2359.00;35
5965;41;626193365;5965;298;6862;6897;7.04;0.43;253.64;5.27;897;41;2360.00;35
5966;41;626193375;5966;301;6863;6897;6.97;0.42;253.65;5.28;897;41;2361.00;34
5968;41;626193386;5968;300;6869;6903;7.02;0.43;253.61;5.27;901;41;2362.00;34
5969;41;626193398;5969;299;6870;6903;7.03;0.43;253.59;5.28;901;41;2363.00;33
5971;41;626193409;5971;297;6871;6903;7.01;0.43;253.61;5.28;900;41;2364.00;32
5972;41;626193420;5972;296;6871;6903;7.02;0.43;253.59;5.28;899;41;2365.00;32
5974;41;626193430;5974;295;6874;6907;7.03;0.43;253.56;5.28;900;41;2366.00;33
5975;41;626193441;5975;297;6876;6908;7.02;0.43;253.59;5.29;901;41;2367.00;32
5976;41;626193452;5976;297;6876;6908;7.06;0.43;253.60;5.29;900;41;2368.00;32
5977;41;626193462;5977;293;6880;6909;7.08;0.43;253.57;5.31;903;41;2369.00;29
5980;41;626193475;5980;296;6880;6909;7.11;0.43;253.63;5.31;900;41;2370.00;29
5982;41;626193486;5982;296;6880;6909;7.16;0.44;253.60;5.31;898;41;2371.00;29
5987;41;626193496;5987;300;6881;6909;7.09;0.43;253.72;5.31;894;41;2372.00;28
5988;41;626193506;5988;301;6881;6909;7.13;0.43;253.79;5.31;893;41;2373.00;28
5990;41;626193517;5990;294;6884;6909;7.13;0.44;253.76;5.32;894;41;2374.00;25
5994;41;626193527;5994;289;6884;6909;7.14;0.44;253.87;5.32;890;41;2375.00;25
5997;41;626193537;5997;297;6927;6979;7.36;0.45;253.96;5.29;930;41;2376.00;52
6003;41;626193553;6003;300;6930;6980;7.37;0.45;254.00;5.29;927;41;2377.00;50
6007;41;626193564;6007;297;6936;6980;7.41;0.45;254.04;5.29;929;41;2378.00;44
6010;41;626193575;6010;304;6936;6980;7.40;0.45;254.03;5.29;926;41;2379.00;44
6016;41;626193585;6016;288;6945;6980;7.35;0.45;254.13;5.29;929;41;2380.00;35
6017;41;626193597;6017;280;6946;6980;7.28;0.45;254.17;5.29;929;41;2381.00;34
6023;41;626193607;6023;275;6950;6980;7.17;0.44;254.21;5.29;927;41;2382.00;30
6028;41;626193619;6028;278;6951;6980;7.09;0.43;254.30;5.29;923;41;2383.00;29
6032;41;626193630;6032;276;6954;6981;7.04;0.43;254.38;5.29;922;41;2384.00;27
6036;41;626193642;6036;281;6957;6983;7.04;0.43;254.49;5.29;921;41;2385.00;26
6040;41;626193654;6040;282;6959;6983;7.09;0.43;254.55;5.29;919;41;2386.00;24
6043;41;626193666;6043;286;6963;6987;7.10;0.44;254.60;5.28;920;41;2387.00;24
6046;41;626193678;6046;290;6963;6987;7.15;0.44;254.67;5.28;917;41;2388.00;24
6050;41;626193691;6050;293;6963;6987;7.27;0.45;254.77;5.28;913;41;2389.00;24
6054;41;626193705;6054;293;6963;6987;7.36;0.45;254.85;5.28;909;41;2390.00;24
6058;41;626193718;6058;295;6968;6993;7.43;0.45;254.81;5.28;910;41;2391.00;25
6063;41;626193730;6063;291;6970;6993;7.51;0.46;254.92;5.33;907;41;2392.00;23
6067;41;626193742;6067;291;6970;6993;7.56;0.46;254.97;5.33;903;41;2393.00;23
6070;41;626193754;6070;291;6972;6996;7.63;0.47;255.03;5.33;902;41;2394.00;24
6074;41;626193766;6074;293;6972;6996;7.70;0.47;255.02;5.33;898;41;2395.00;24
6078;41;626193778;6078;290;6973;6996;7.75;0.47;255.04;5.33;895;41;2396.00;23
6084;41;626193790;6084;291;6974;6997;7.75;0.47;255.09;5.33;890;41;2397.00;23
6091;41;626193802;6091;284;6975;6998;7.76;0.47;255.00;5.33;884;41;2398.00;23
6095;41;626193815;6095;283;6975;6998;7.74;0.47;255.15;5.33;880;41;2399.00;23
6099;41;626193830;6099;285;7001;7057;7.75;0.47;255.23;5.31;902;41;2400.00;56
6103;41;626193854;6103;279;7002;7057;7.82;0.48;255.21;5.31;899;41;2401.00;55
6109;41;626193872;6109;264;7005;7057;7.88;0.48;255.31;5.31;896;41;2402.00;52
6113;41;626193894;6113;261;7006;7058;8.03;0.49;255.37;5.31;893;41;2403.00;52
6118;41;626193914;6118;254;7008;7058;8.10;0.49;255.42;5.31;890;41;2404.00;50
6124;41;626193929;6124;255;7010;7062;8.14;0.50;255.52;5.31;886;41;2405.00;52
6133;41;626193947;6133;258;7012;7062;8.07;0.49;255.64;5.31;879;41;2406.00;50
6135;41;626193966;6135;256;7016;7066;8.10;0.49;255.71;5.30;881;41;2407.00;50
6137;41;626193982;6137;266;7017;7066;8.09;0.49;255.77;5.31;880;41;2408.00;49
6141;41;626193997;6141;267;7017;7066;8.03;0.49;255.84;5.31;876;41;2409.00;49
6144;41;626194012;6144;271;7018;7066;7.98;0.49;255.89;5.31;874;41;2410.00;48
6150;41;626194026;6150;272;7018;7066;7.92;0.48;255.95;5.31;868;41;2411.00;48
6156;41;626194040;6156;278;7027;7078;7.95;0.49;255.99;5.30;871;41;2412.00;51
6158;41;626194055;6158;280;7029;7078;7.95;0.49;256.13;5.30;871;41;2413.00;49
6163;41;626194069;6163;285;7029;7078;7.98;0.49;256.26;5.30;866;41;2414.00;49
6169;41;626194086;6169;290;7029;7078;7.96;0.49;256.41;5.30;860;41;2415.00;49
6171;41;626194104;6171;293;7030;7078;7.97;0.49;256.35;5.30;859;41;2416.00;48
6175;41;626194117;6175;294;7030;7078;7.99;0.49;256.33;5.30;855;41;2417.00;48
6179;41;626194130;6179;296;7030;7079;7.95;0.48;256.22;5.30;851;41;2418.00;49
6184;41;626194143;6184;303;7033;7079;7.85;0.48;256.34;5.31;849;41;2419.00;46
6184;41;626194156;6184;302;7036;7085;7.90;0.48;256.34;5.31;852;41;2420.00;49
6188;41;626194168;6188;305;7039;7086;7.82;0.48;256.49;5.35;851;41;2421.00;47
6190;41;626194180;6190;302;7039;7086;7.78;0.47;256.54;5.35;849;41;2422.00;47
6193;41;626194192;6193;304;7039;7086;7.68;0.47;256.55;5.35;846;41;2423.00;47
6197;41;626194210;6197;305;7041;7090;7.70;0.47;256.69;5.35;844;41;2424.00;49
6200;41;626194224;6200;311;7042;7090;7.66;0.47;256.73;5.36;842;41;2425.00;48
6201;41;626194236;6201;305;7042;7090;7.66;0.47;256.79;5.36;841;41;2426.00;48
6207;41;626194247;6207;297;7044;7091;7.62;0.46;256.90;5.36;837;41;2427.00;47
6210;41;626194260;6210;292;7049;7095;7.64;0.47;256.99;5.36;839;41;2428.00;46
6214;41;626194273;6214;281;7049;7095;7.66;0.47;257.02;5.36;835;41;2429.00;46
6217;41;626194286;6217;272;7053;7101;7.68;0.47;257.09;5.36;836;41;2430.00;48
6222;41;626194299;6222;276;7054;7101;7.70;0.47;257.16;5.36;832;41;2431.00;47
6224;41;626194312;6224;276;7054;7101;7.79;0.47;257.15;5.36;830;41;2432.00;47
6227;41;626194324;6227;277;7056;7101;7.77;0.47;257.19;5.37;829;41;2433.00;45
6230;41;626194341;6230;273;7059;7105;7.78;0.47;257.30;5.37;829;41;2434.00;46
6234;41;626194354;6234;264;7060;7105;7.78;0.47;257.36;5.37;826;41;2435.00;45
6237;41;626194371;6237;251;7060;7105;7.83;0.47;257.43;5.37;823;41;2436.00;45
6239;41;626194383;6239;240;7062;7105;7.89;0.48;257.50;5.37;823;41;2437.00;43
6241;41;626194395;6241;236;7062;7106;7.94;0.48;257.52;5.37;821;41;2438.00;44
6243;41;626194407;6243;231;7065;7107;7.96;0.48;257.58;5.37;822;41;2439.00;42
6246;41;626194419;6246;231;7065;7107;8.01;0.48;257.62;5.37;819;41;2440.00;42
6247;41;626194431;6247;227;7066;7108;8.08;0.49;257.59;5.37;819;41;2441.00;42
6250;41;626194453;6250;233;7066;7108;8.14;0.49;257.63;5.37;816;41;2442.00;42
6253;41;626194466;6253;226;7066;7108;8.11;0.49;257.69;5.37;813;41;2443.00;42
6255;41;626194479;6255;218;7066;7108;8.17;0.49;257.69;5.37;811;41;2444.00;42
6256;41;626194491;6256;212;7067;7108;8.29;0.50;257.75;5.38;811;41;2445.00;41
6258;41;626194503;6258;212;7067;7108;8.34;0.51;257.75;5.38;809;41;2446.00;41
6261;41;626194523;6261;205;7067;7108;8.38;0.51;257.79;5.38;806;41;2447.00;41
6261;41;626194537;6261;217;7131;7235;8.63;0.53;257.79;5.37;870;41;2448.00;104
6263;41;626194561;6263;204;7135;7236;8.70;0.54;257.76;5.37;872;41;2449.00;101
6263;41;626194575;6263;195;7142;7236;8.75;0.54;257.76;5.37;879;41;2450.00;94
6265;41;626194588;6265;185;7143;7236;8.78;0.54;257.83;5.37;878;41;2451.00;93
6266;41;626194602;6266;188;7150;7236;8.85;0.54;257.84;5.37;884;41;2452.00;86
6268;41;626194617;6268;188;7153;7236;8.80;0.54;257.90;5.37;885;41;2453.00;83
6270;41;626194631;6270;192;7158;7236;8.86;0.55;257.89;5.37;888;41;2454.00;78
6274;41;626194644;6274;200;7164;7236;8.82;0.54;257.92;5.38;890;41;2455.00;72
6278;41;626194667;6278;200;7167;7237;8.81;0.54;257.97;5.38;889;41;2456.00;70
6279;41;626194683;6279;199;7169;7238;8.78;0.54;257.98;5.38;890;41;2457.00;69
6283;41;626194707;6283;206;7172;7238;8.75;0.54;258.07;5.38;889;41;2458.00;66
6287;41;626194722;6287;209;7175;7239;8.70;0.54;258.13;5.39;888;41;2459.00;64
6289;41;626194736;6289;213;7177;7239;8.65;0.53;258.21;5.39;888;41;2460.00;62
6291;41;626194750;6291;215;7181;7239;8.59;0.53;258.24;5.40;890;41;2461.00;58
6295;41;626194764;6295;227;7184;7239;8.51;0.52;258.27;5.40;889;41;2462.00;55
6296;41;626194777;6296;235;7188;7243;8.45;0.52;258.32;5.44;892;41;2463.00;55
6297;41;626194789;6297;234;7190;7243;8.42;0.52;258.39;5.44;893;41;2464.00;53
6299;41;626194806;6299;244;7190;7243;8.37;0.51;258.44;5.44;891;41;2465.00;53
6301;41;626194818;6301;253;7194;7246;8.30;0.51;258.39;5.46;893;41;2466.00;52
6302;41;626194837;6302;257;7196;7246;8.20;0.50;258.38;5.46;894;41;2467.00;50
6306;41;626194858;6306;260;7197;7246;8.12;0.50;258.33;5.46;891;41;2468.00;49
6309;41;626194870;6309;264;7201;7250;8.03;0.49;258.30;5.46;892;41;2469.00;49
6312;41;626194882;6312;257;7203;7251;7.98;0.49;258.26;5.46;891;41;2470.00;48
6317;41;626194899;6317;257;7204;7251;7.89;0.48;258.19;5.50;887;41;2471.00;47
6322;41;626194911;6322;260;7205;7255;7.84;0.48;258.16;5.50;883;41;2472.00;50
6324;41;626194923;6324;256;7205;7255;7.77;0.48;258.14;5.50;881;41;2473.00;50
6326;41;626194934;6326;255;7207;7255;7.75;0.47;258.07;5.54;881;41;2474.00;48
6329;41;626194945;6329;250;7209;7257;7.74;0.47;258.05;5.54;880;41;2475.00;48
6330;41;626194957;6330;247;7209;7257;7.81;0.48;258.03;5.54;879;41;2476.00;48
6331;41;626194968;6331;248;7214;7263;7.85;0.48;258.04;5.58;883;41;2477.00;49
6332;41;626194980;6332;243;7214;7263;7.83;0.48;258.01;5.58;882;41;2478.00;49
6333;41;626194991;6333;242;7216;7264;7.82;0.48;258.03;5.63;883;41;2479.00;48
6336;41;626195001;6336;235;7216;7264;7.70;0.47;257.97;5.63;880;41;2480.00;48
6338;41;626195011;6338;233;7217;7264;7.59;0.46;257.92;5.67;879;41;2481.00;47
6340;41;626195021;6340;228;7217;7264;7.48;0.46;257.91;5.67;877;41;2482.00;47
6342;41;626195032;6342;223;7217;7264;7.43;0.45;257.90;5.67;875;41;2483.00;47
6343;41;626195042;6343;222;7227;7276;7.40;0.45;257.87;5.71;884;41;2484.00;49
6349;41;626195053;6349;221;7230;7276;7.23;0.44;257.82;5.72;881;41;2485.00;46
6351;41;626195065;6351;227;7231;7276;7.20;0.44;257.84;5.72;880;41;2486.00;45
6356;41;626195076;6356;225;7232;7276;7.18;0.44;257.90;5.77;876;41;2487.00;44
6358;41;626195088;6358;229;7232;7276;7.19;0.44;257.99;5.77;874;41;2488.00;44
6362;41;626195102;6362;230;7233;7276;7.21;0.44;257.94;5.81;871;41;2489.00;43
6364;41;626195122;6364;230;7236;7280;7.24;0.44;257.94;5.81;872;41;2490.00;44
6365;41;626195138;6365;236;7236;7280;7.25;0.44;257.95;5.81;871;41;2491.00;44
6367;41;626195154;6367;236;7240;7284;7.27;0.44;257.97;5.85;873;41;2492.00;44
6367;41;626195171;6367;238;7242;7285;7.31;0.44;257.97;5.85;875;41;2493.00;43
6369;41;626195186;6369;243;7242;7285;7.30;0.44;257.93;5.85;873;41;2494.00;43
6372;41;626195200;6372;246;7242;7285;7.28;0.44;257.97;5.85;870;41;2495.00;43
6374;41;626195212;6374;251;7252;7298;7.23;0.44;257.92;5.86;878;41;2496.00;46
6376;41;626195225;6376;253;7252;7298;7.19;0.44;257.93;5.86;876;41;2497.00;46
6378;41;626195236;6378;256;7252;7298;7.16;0.43;257.91;5.86;874;41;2498.00;46
6379;41;626195248;6379;244;7253;7299;7.17;0.43;257.88;5.86;874;41;2499.00;46
6380;41;626195260;6380;241;7253;7300;7.21;0.44;257.85;5.86;873;41;2500.00;47
6380;41;626195276;6380;238;7254;7300;7.24;0.44;257.85;5.87;874;41;2501.00;46
6382;41;626195287;6382;235;7256;7303;7.32;0.44;257.83;5.87;874;41;2502.00;47
6384;41;626195298;6384;236;7257;7303;7.34;0.45;257.78;5.87;873;41;2503.00;46
6384;41;626195311;6384;231;7257;7303;7.43;0.45;257.78;5.87;873;41;2504.00;46
6385;41;626195329;6385;228;7257;7303;7.55;0.46;257.76;5.87;872;41;2505.00;46
6385;41;626195340;6385;225;7261;7309;7.74;0.47;257.76;5.87;876;41;2506.00;48
6386;41;626195352;6386;227;7263;7309;7.78;0.47;257.77;5.89;877;41;2507.00;46
6389;41;626195364;6389;219;7265;7309;7.82;0.47;257.79;5.89;876;41;2508.00;44
6389;41;626195376;6389;218;7266;7309;7.84;0.47;257.79;5.90;877;41;2509.00;43
6390;41;626195388;6390;220;7269;7313;7.81;0.47;257.80;5.90;879;41;2510.00;44
6391;41;626195399;6391;220;7272;7314;7.87;0.48;257.80;5.92;881;41;2511.00;42
6392;41;626195411;6392;220;7273;7314;7.83;0.48;257.92;5.92;881;41;2512.00;41
6394;41;626195423;6394;220;7274;7315;7.85;0.48;257.92;5.92;880;41;2513.00;41
6395;41;626195435;6395;224;7275;7315;7.89;0.48;257.88;5.93;880;41;2514.00;40
6397;42;626195446;6397;227;7276;7315;7.88;0.48;257.89;5.93;879;42;2515.00;39
6399;42;626195471;6399;231;7279;7315;7.94;0.48;257.86;5.97;880;42;2516.00;36
6400;42;626195482;6400;228;7280;7315;7.99;0.48;257.86;5.98;880;42;2517.00;35
6402;42;626195494;6402;236;7283;7315;8.00;0.49;257.89;6.00;881;42;2518.00;32
6402;42;626195506;6402;229;7283;7315;8.03;0.49;257.89;6.00;881;42;2519.00;32
6403;42;626195526;6403;238;7341;7440;8.19;0.50;257.92;5.98;938;42;2520.00;99
6404;42;626195548;6404;230;7344;7441;8.16;0.50;257.89;5.97;940;42;2521.00;97
6405;42;626195560;6405;227;7356;7441;8.15;0.50;257.86;5.98;951;42;2522.00;85
6406;42;626195572;6406;226;7365;7441;8.16;0.50;257.84;5.98;959;42;2523.00;76
6409;42;626195583;6409;229;7373;7441;8.06;0.49;257.82;5.99;964;42;2524.00;68
6411;42;626195596;6411;235;7378;7441;8.01;0.49;257.84;6.00;967;42;2525.00;63
6415;42;626195614;6415;240;7383;7441;7.92;0.49;257.83;6.00;968;42;2526.00;58
6418;42;626195631;6418;242;7386;7441;7.83;0.48;257.89;6.00;968;42;2527.00;55
6422;42;626195650;6422;250;7390;7442;7.75;0.48;257.91;6.01;968;42;2528.00;52
6424;42;626195666;6424;248;7392;7443;7.75;0.48;257.93;6.01;968;42;2529.00;51
6427;42;626195685;6427;245;7396;7443;7.68;0.47;257.90;6.02;969;42;2530.00;47
6429;42;626195699;6429;249;7400;7447;7.65;0.47;257.89;6.02;971;42;2531.00;47
6432;42;626195713;6432;244;7404;7447;7.57;0.46;257.86;6.03;972;42;2532.00;43
6432;42;626195726;6432;247;7405;7447;7.53;0.46;257.86;6.03;973;42;2533.00;42
6436;42;626195739;6436;252;7408;7447;7.43;0.45;257.86;6.04;972;42;2534.00;39
6437;42;626195753;6437;252;7412;7453;7.45;0.46;257.88;6.04;975;42;2535.00;41
6440;42;626195768;6440;256;7413;7453;7.45;0.46;257.93;6.04;973;42;2536.00;40
6441;42;626195781;6441;264;7416;7455;7.51;0.46;257.94;6.04;975;42;2537.00;39
6443;42;626195795;6443;266;7420;7458;7.52;0.46;257.94;6.05;977;42;2538.00;38
6447;42;626195809;6447;268;7420;7458;7.49;0.46;258.02;6.05;973;42;2539.00;38
6448;42;626195824;6448;274;7421;7458;7.43;0.45;258.03;6.05;973;42;2540.00;37
6449;42;626195837;6449;274;7421;7459;7.37;0.45;258.01;6.05;972;42;2541.00;38
6455;42;626195851;6455;276;7426;7460;7.30;0.45;258.21;6.06;971;42;2542.00;34
6456;42;626195866;6456;278;7426;7460;7.33;0.45;258.22;6.06;970;42;2543.00;34
6461;42;626195879;6461;277;7436;7473;7.24;0.44;258.29;6.06;975;42;2544.00;37
6466;42;626195895;6466;280;7438;7473;7.16;0.44;258.29;6.06;972;42;2545.00;35
6470;42;626195909;6470;290;7438;7473;7.12;0.44;258.28;6.06;968;42;2546.00;35
6473;42;626195923;6473;294;7443;7474;7.03;0.43;258.38;6.06;970;42;2547.00;31
6478;42;626195936;6478;292;7443;7474;6.91;0.42;258.45;6.06;965;42;2548.00;31
6481;42;626195949;6481;300;7446;7478;6.86;0.42;258.46;6.06;965;42;2549.00;32
6488;42;626195966;6488;292;7449;7481;6.76;0.41;258.55;6.06;961;42;2550.00;32
6490;42;626195981;6490;290;7453;7485;6.72;0.41;258.62;6.06;963;42;2551.00;32
6494;42;626195994;6494;280;7456;7485;6.69;0.41;258.66;6.06;962;42;2552.00;29
6501;42;626196008;6501;278;7456;7485;6.67;0.41;258.80;6.06;955;42;2553.00;29
6504;42;626196022;6504;275;7456;7485;6.70;0.41;258.79;6.06;952;42;2554.00;29
6508;42;626196037;6508;274;7456;7485;6.73;0.41;258.83;6.06;948;42;2555.00;29
6513;42;626196052;6513;286;7466;7497;6.81;0.42;258.95;6.05;953;42;2556.00;31
6516;42;626196069;6516;289;7467;7497;6.80;0.42;259.00;6.05;951;42;2557.00;30
6518;42;626196085;6518;286;7467;7497;6.83;0.42;259.09;6.05;949;42;2558.00;30
6525;42;626196101;6525;292;7468;7497;6.85;0.42;259.21;6.05;943;42;2559.00;29
6526;42;626196116;6526;287;7468;7497;6.94;0.43;259.25;6.05;942;42;2560.00;29
6529;42;626196130;6529;277;7468;7497;7.02;0.43;259.28;6.05;939;42;2561.00;29
6535;42;626196145;6535;272;7468;7498;7.04;0.44;259.45;6.05;933;42;2562.00;30
6539;42;626196158;6539;265;7468;7498;7.11;0.44;259.47;6.05;929;42;2563.00;30
6543;42;626196172;6543;265;7472;7504;7.23;0.45;259.52;6.05;929;42;2564.00;32
6549;42;626196186;6549;269;7475;7506;7.29;0.45;259.56;6.04;926;42;2565.00;31
6553;42;626196200;6553;267;7475;7506;7.39;0.46;259.54;6.04;922;42;2566.00;31
6558;42;626196213;6558;267;7475;7506;7.53;0.46;259.62;6.04;917;42;2567.00;31
6561;42;626196225;6561;264;7478;7510;7.66;0.47;259.69;6.04;917;42;2568.00;32
6566;42;626196239;6566;259;7478;7510;7.75;0.48;259.65;6.04;912;42;2569.00;32
6573;42;626196252;6573;253;7478;7510;7.78;0.48;259.68;6.04;905;42;2570.00;32
6579;42;626196265;6579;249;7480;7511;7.83;0.48;259.64;6.09;901;42;2571.00;31
6582;42;626196279;6582;248;7483;7515;7.92;0.49;259.68;6.09;901;42;2572.00;32
6586;42;626196294;6586;248;7483;7515;8.03;0.49;259.62;6.09;897;42;2573.00;32
6589;42;626196310;6589;238;7485;7518;8.12;0.50;259.64;6.09;896;42;2574.00;33
6594;42;626196325;6594;226;7485;7518;8.17;0.50;259.66;6.09;891;42;2575.00;33
6600;42;626196338;6600;220;7486;7518;8.15;0.50;259.65;6.09;886;42;2576.00;32
6601;42;626196352;6601;220;7486;7518;8.16;0.50;259.69;6.09;885;42;2577.00;32
6609;42;626196371;6609;226;7489;7522;8.20;0.50;259.73;6.09;880;42;2578.00;33
6613;42;626196384;6613;224;7489;7522;8.24;0.51;259.73;6.09;876;42;2579.00;33
6617;42;626196400;6617;220;7490;7522;8.30;0.51;259.83;6.09;873;42;2580.00;32
6621;42;626196413;6621;223;7490;7522;8.33;0.51;260.04;6.09;869;42;2581.00;32
6626;42;626196427;6626;224;7490;7523;8.32;0.51;260.01;6.09;864;42;2582.00;33
6631;42;626196441;6631;229;7491;7524;8.35;0.51;260.02;6.09;860;42;2583.00;33
6639;42;626196454;6639;228;7491;7524;8.31;0.51;260.08;6.09;852;42;2584.00;33
6644;42;626196468;6644;234;7492;7525;8.32;0.51;260.12;6.09;848;42;2585.00;33
6648;42;626196481;6648;241;7492;7525;8.29;0.51;260.14;6.09;844;42;2586.00;33
6652;42;626196494;6652;246;7492;7525;8.26;0.50;260.25;6.09;840;42;2587.00;33
6657;42;626196507;6657;241;7492;7525;8.23;0.50;260.32;6.09;835;42;2588.00;33
6663;42;626196519;6663;249;7492;7525;8.20;0.50;260.27;6.09;829;42;2589.00;33
6666;42;626196532;6666;245;7492;7525;8.12;0.49;260.29;6.09;826;42;2590.00;33
6667;42;626196543;6667;256;7492;7525;8.02;0.49;260.28;6.09;825;42;2591.00;33
6674;42;626196556;6674;274;7559;7652;8.06;0.50;260.31;6.03;885;42;2592.00;93
6678;42;626196577;6678;276;7562;7653;7.93;0.49;260.38;6.03;884;42;2593.00;91
6679;42;626196589;6679;281;7570;7653;7.92;0.49;260.50;6.03;891;42;2594.00;83
6681;42;626196601;6681;289;7574;7653;7.88;0.49;260.48;6.02;893;42;2595.00;79
6684;42;626196612;6684;298;7577;7653;7.88;0.49;260.55;6.02;893;42;2596.00;76
6689;42;626196624;6689;292;7581;7653;7.84;0.48;260.56;6.02;892;42;2597.00;72
6691;42;626196637;6691;294;7585;7653;7.80;0.48;260.59;6.02;894;42;2598.00;68
6695;42;626196656;6695;286;7588;7653;7.76;0.48;260.63;6.02;893;42;2599.00;65
6698;42;626196669;6698;278;7593;7654;7.81;0.48;260.75;6.02;895;42;2600.00;61
6699;42;626196691;6699;279;7597;7655;7.85;0.48;260.74;6.03;898;42;2601.00;58
6701;42;626196704;6701;275;7600;7655;7.86;0.48;260.79;6.03;899;42;2602.00;55
6706;42;626196716;6706;277;7602;7656;7.80;0.48;260.86;6.03;896;42;2603.00;54
6710;42;626196729;6710;277;7603;7656;7.73;0.47;260.82;6.03;893;42;2604.00;53
6712;42;626196742;6712;279;7604;7656;7.64;0.47;260.87;6.03;892;42;2605.00;52
6715;42;626196760;6715;267;7606;7656;7.58;0.47;260.93;6.03;891;42;2606.00;50
6716;42;626196775;6716;259;7609;7660;7.61;0.47;261.00;6.03;893;42;2607.00;51
6716;42;626196794;6716;253;7610;7660;7.66;0.47;261.00;6.03;894;42;2608.00;50
6717;42;626196807;6717;243;7611;7660;7.78;0.48;260.99;6.03;894;42;2609.00;49
6719;42;626196821;6719;238;7615;7666;7.90;0.48;260.99;6.04;896;42;2610.00;51
6723;42;626196837;6723;237;7616;7666;7.95;0.49;260.97;6.03;893;42;2611.00;50
6726;42;626196849;6726;241;7617;7666;7.99;0.49;260.91;6.04;891;42;2612.00;49
6727;42;626196862;6727;241;7621;7670;8.04;0.49;260.92;6.03;894;42;2613.00;49
6728;42;626196875;6728;234;7622;7671;8.14;0.50;260.94;6.03;894;42;2614.00;49
6731;42;626196887;6731;240;7623;7671;8.17;0.50;261.00;6.03;892;42;2615.00;48
6732;42;626196900;6732;242;7626;7675;8.19;0.50;261.05;6.03;894;42;2616.00;49
6733;42;626196912;6733;245;7627;7675;8.25;0.50;261.03;6.03;894;42;2617.00;48
6734;42;626196925;6734;237;7627;7675;8.27;0.50;261.01;6.03;893;42;2618.00;48
6737;42;626196938;6737;236;7629;7676;8.31;0.51;261.01;6.03;892;42;2619.00;47
6739;42;626196951;6739;238;7630;7676;8.38;0.51;261.09;6.09;891;42;2620.00;46
6740;42;626196964;6740;238;7634;7682;8.44;0.51;261.08;6.09;894;42;2621.00;48
6745;42;626196977;6745;243;7634;7682;8.48;0.51;261.01;6.09;889;42;2622.00;48
6747;42;626196990;6747;238;7635;7683;8.50;0.52;261.10;6.09;888;42;2623.00;48
6747;42;626197002;6747;246;7635;7683;8.50;0.52;261.10;6.09;888;42;2624.00;48
6748;42;626197013;6748;245;7636;7683;8.42;0.51;261.08;6.09;888;42;2625.00;47
6751;42;626197025;6751;247;7636;7683;8.29;0.50;261.06;6.09;885;42;2626.00;47
6752;42;626197036;6752;249;7636;7683;8.23;0.50;261.04;6.09;884;42;2627.00;47
6755;42;626197048;6755;256;7645;7695;8.22;0.50;260.99;6.08;890;42;2628.00;50
6757;42;626197066;6757;255;7645;7695;8.14;0.49;260.97;6.08;888;42;2629.00;50
6758;42;626197077;6758;263;7647;7695;8.12;0.49;260.96;6.08;889;42;2630.00;48
6758;42;626197090;6758;267;7647;7695;8.10;0.49;260.96;6.08;889;42;2631.00;48
6759;42;626197105;6759;267;7647;7695;8.09;0.49;261.01;6.08;888;42;2632.00;48
6761;42;626197125;6761;270;7647;7695;8.03;0.49;260.98;6.08;886;42;2633.00;48
6762;42;626197149;6762;281;7650;7699;7.97;0.49;260.96;6.08;888;42;2634.00;49
6767;42;626197166;6767;285;7650;7699;7.90;0.48;260.95;6.08;883;42;2635.00;49
6770;42;626197185;6770;292;7653;7703;7.83;0.48;260.87;6.08;883;42;2636.00;50
6772;42;626197201;6772;296;7655;7704;7.75;0.47;260.86;6.08;883;42;2637.00;49
6774;42;626197215;6774;303;7655;7704;7.66;0.47;260.82;6.08;881;42;2638.00;49
6776;42;626197227;6776;309;7655;7704;7.57;0.46;260.84;6.08;879;42;2639.00;49
6778;42;626197243;6778;312;7674;7733;7.52;0.46;260.84;6.06;896;42;2640.00;59
6779;42;626197258;6779;308;7676;7733;7.49;0.46;260.83;6.06;897;42;2641.00;57
6782;42;626197269;6782;304;7678;7733;7.50;0.46;260.76;6.06;896;42;2642.00;55
6783;42;626197281;6783;302;7680;7734;7.52;0.46;260.75;6.06;897;42;2643.00;54
6784;42;626197294;6784;299;7681;7735;7.48;0.45;260.78;6.06;897;42;2644.00;54
6786;42;626197305;6786;302;7681;7735;7.42;0.45;260.80;6.06;895;42;2645.00;54
6789;42;626197317;6789;307;7684;7738;7.36;0.45;260.80;6.05;895;42;2646.00;54
6790;42;626197329;6790;310;7684;7738;7.30;0.44;260.93;6.05;894;42;2647.00;54
6791;42;626197339;6791;314;7684;7738;7.18;0.44;260.96;6.05;893;42;2648.00;54
6793;42;626197350;6793;315;7684;7738;7.08;0.43;260.93;6.05;891;42;2649.00;54
6795;42;626197360;6795;313;7688;7744;6.92;0.42;260.94;6.05;893;42;2650.00;56
6795;42;626197371;6795;303;7688;7744;6.85;0.42;260.94;6.05;893;42;2651.00;56
6795;42;626197382;6795;288;7689;7744;6.80;0.41;260.94;6.05;894;42;2652.00;55
6797;42;626197393;6797;275;7689;7744;6.76;0.41;260.97;6.05;892;42;2653.00;55
6800;42;626197405;6800;265;7693;7748;6.77;0.41;261.01;6.06;893;42;2654.00;55
6802;42;626197418;6802;252;7695;7750;6.86;0.42;261.06;6.06;893;42;2655.00;55
6805;43;626197430;6805;246;7696;7750;6.89;0.42;261.07;6.07;891;43;2656.00;54
6806;43;626197455;6806;234;7697;7751;6.97;0.42;261.09;6.07;891;43;2657.00;54
6810;44;626197466;6810;237;7697;7751;7.00;0.42;261.14;6.07;887;44;2658.00;54
6813;44;626197492;6813;229;7697;7751;7.00;0.42;261.08;6.07;884;44;2659.00;54
6815;45;626197503;6815;226;7698;7751;7.07;0.43;261.09;6.08;883;45;2660.00;53
6815;45;626197521;6815;225;7698;7751;7.20;0.44;261.09;6.08;883;45;2661.00;53
6817;45;626197532;6817;214;7698;7751;7.24;0.44;261.09;6.08;881;45;2662.00;53
6817;45;626197551;6817;212;7698;7751;7.40;0.45;261.09;6.08;881;45;2663.00;53
6818;45;626197563;6818;212;7736;7821;7.63;0.46;261.05;6.05;918;45;2664.00;85
6820;45;626197581;6820;199;7739;7822;7.67;0.47;260.98;6.05;919;45;2665.00;83
6821;45;626197594;6821;196;7747;7822;7.88;0.48;260.97;6.05;926;45;2666.00;75
6821;45;626197613;6821;200;7749;7822;7.98;0.49;260.97;6.05;928;45;2667.00;73
6823;45;626197636;6823;199;7753;7822;8.07;0.49;260.99;6.04;930;45;2668.00;69
6827;45;626197649;6827;203;7755;7822;8.15;0.50;260.97;6.04;928;45;2669.00;67
6827;45;626197662;6827;202;7760;7822;8.22;0.50;260.97;6.04;933;45;2670.00;62
6829;45;626197674;6829;197;7761;7822;8.20;0.50;260.95;6.04;932;45;2671.00;61
6834;45;626197687;6834;194;7763;7823;8.20;0.50;261.04;6.04;929;45;2672.00;60
6835;45;626197699;6835;195;7765;7824;8.25;0.50;261.05;6.04;930;45;2673.00;59
6837;45;626197711;6837;197;7766;7824;8.24;0.50;261.02;6.04;929;45;2674.00;58
6839;45;626197724;6839;200;7769;7828;8.18;0.50;260.96;6.04;930;45;2675.00;59
6843;45;626197743;6843;202;7769;7828;8.15;0.50;260.97;6.04;926;45;2676.00;59
6846;45;626197756;6846;199;7770;7828;8.08;0.49;260.98;6.05;924;45;2677.00;58
6851;45;626197769;6851;206;7770;7828;8.06;0.49;261.02;6.05;919;45;2678.00;58
6852;45;626197785;6852;209;7774;7834;8.11;0.49;261.03;6.05;922;45;2679.00;60
6853;45;626197815;6853;213;7775;7834;8.13;0.49;261.10;6.05;922;45;2680.00;59
6855;45;626197834;6855;213;7776;7834;8.07;0.49;261.12;6.06;921;45;2681.00;58
6861;45;626197846;6861;226;7779;7837;8.07;0.49;261.06;6.07;918;45;2682.00;58
6862;45;626197858;6862;222;7780;7837;8.06;0.49;261.05;6.08;918;45;2683.00;57
6864;45;626197870;6864;227;7782;7837;8.10;0.49;261.04;6.10;918;45;2684.00;55
6867;45;626197882;6867;229;7783;7838;8.10;0.49;261.04;6.10;916;45;2685.00;55
6871;45;626197894;6871;229;7785;7839;8.11;0.49;261.06;6.12;914;45;2686.00;54
6874;45;626197906;6874;234;7786;7839;8.11;0.49;261.07;6.12;912;45;2687.00;53
6878;45;626197917;6878;239;7797;7852;8.13;0.49;261.06;6.11;919;45;2688.00;55
6882;45;626197932;6882;234;7799;7852;8.13;0.49;261.09;6.13;917;45;2689.00;53
6888;45;626197946;6888;238;7799;7852;8.13;0.49;261.23;6.13;911;45;2690.00;53
6888;45;626197960;6888;231;7800;7853;8.15;0.50;261.23;6.13;912;45;2691.00;53
6892;45;626197975;6892;238;7802;7853;8.09;0.49;261.26;6.14;910;45;2692.00;51
6894;45;626197997;6894;241;7805;7857;8.09;0.49;261.34;6.14;911;45;2693.00;52
6897;45;626198009;6897;240;7807;7857;8.04;0.49;261.38;6.15;910;45;2694.00;50
6899;45;626198021;6899;242;7811;7861;8.00;0.49;261.38;6.15;912;45;2695.00;50
6900;45;626198033;6900;243;7813;7861;7.93;0.48;261.44;6.16;913;45;2696.00;48
6904;45;626198046;6904;236;7813;7861;7.88;0.48;261.50;6.16;909;45;2697.00;48
6906;45;626198058;6906;241;7814;7861;7.85;0.48;261.50;6.18;908;45;2698.00;47
6910;45;626198070;6910;238;7814;7861;7.80;0.47;261.55;6.18;904;45;2699.00;47
6913;45;626198084;6913;234;7838;7910;7.83;0.48;261.60;6.17;925;45;2700.00;72
6914;45;626198105;6914;234;7838;7910;7.78;0.48;261.60;6.17;924;45;2701.00;72
6919;45;626198117;6919;232;7842;7910;7.72;0.47;261.66;6.18;923;45;2702.00;68
6925;45;626198129;6925;233;7844;7910;7.73;0.47;261.77;6.18;919;45;2703.00;66
6925;45;626198142;6925;234;7846;7910;7.73;0.47;261.77;6.18;921;45;2704.00;64
6927;45;626198154;6927;229;7849;7910;7.74;0.47;261.82;6.19;922;45;2705.00;61
6929;45;626198165;6929;229;7850;7911;7.74;0.47;261.86;6.19;921;45;2706.00;61
6931;46;626198176;6931;234;7853;7911;7.70;0.47;261.90;6.20;922;46;2707.00;58
6933;46;626198194;6933;232;7859;7917;7.71;0.47;261.97;6.21;926;46;2708.00;58
6934;46;626198211;6934;239;7860;7918;7.71;0.47;261.99;6.21;926;46;2709.00;58
6936;46;626198222;6936;241;7861;7918;7.62;0.47;262.07;6.21;925;46;2710.00;57
6939;46;626198233;6939;248;7861;7918;7.57;0.46;262.14;6.21;922;46;2711.00;57
6943;46;626198244;6943;256;7867;7922;7.52;0.46;262.16;6.24;924;46;2712.00;55
6945;46;626198256;6945;261;7869;7922;7.56;0.46;262.18;6.24;924;46;2713.00;53
6948;46;626198270;6948;261;7871;7922;7.53;0.46;262.26;6.24;923;46;2714.00;51
6955;46;626198281;6955;262;7872;7923;7.54;0.46;262.27;6.24;917;46;2715.00;51
6958;46;626198292;6958;267;7878;7927;7.50;0.46;262.33;6.26;920;46;2716.00;49
6963;46;626198304;6963;263;7878;7927;7.40;0.45;262.39;6.26;915;46;2717.00;49
6967;46;626198315;6967;263;7882;7930;7.35;0.45;262.46;6.26;915;46;2718.00;48
6969;46;626198325;6969;261;7883;7930;7.20;0.44;262.54;6.26;914;46;2719.00;47
6973;46;626198336;6973;246;7883;7930;7.12;0.43;262.54;6.26;910;46;2720.00;47
6977;46;626198347;6977;242;7886;7930;7.05;0.43;262.62;6.27;909;46;2721.00;44
6980;46;626198357;6980;240;7888;7934;7.04;0.43;262.66;6.27;908;46;2722.00;46
6984;46;626198368;6984;244;7890;7934;7.03;0.43;262.76;6.27;906;46;2723.00;44
6987;46;626198378;6987;242;7890;7934;6.99;0.43;262.77;6.27;903;46;2724.00;44
6993;46;626198389;6993;243;7891;7934;6.90;0.42;262.94;6.27;898;46;2725.00;43
6995;46;626198400;6995;244;7894;7935;6.89;0.42;263.01;6.28;899;46;2726.00;41
7000;46;626198411;7000;243;7895;7936;6.89;0.42;263.05;6.27;895;46;2727.00;41
7004;46;626198422;7004;234;7895;7936;6.96;0.43;263.13;6.27;891;46;2728.00;41
7005;46;626198432;7005;235;7897;7937;7.05;0.43;263.15;6.28;892;46;2729.00;40
7009;46;626198445;7009;239;7897;7937;7.11;0.43;263.23;6.28;888;46;2730.00;40
7014;46;626198455;7014;245;7898;7937;7.13;0.44;263.26;6.28;884;46;2731.00;39
7017;46;626198466;7017;240;7900;7937;7.13;0.43;263.30;6.28;883;46;2732.00;37
7021;46;626198477;7021;243;7900;7937;7.12;0.43;263.32;6.28;879;46;2733.00;37
7024;46;626198488;7024;237;7901;7937;7.15;0.44;263.36;6.29;877;46;2734.00;36
7031;46;626198499;7031;240;7902;7937;7.17;0.44;263.41;6.29;871;46;2735.00;35
7034;46;626198510;7034;250;7971;8064;7.47;0.46;263.42;6.24;937;46;2736.00;93
7040;46;626198530;7040;247;7974;8065;7.54;0.47;263.40;6.24;934;46;2737.00;91
7043;46;626198542;7043;246;7980;8065;7.63;0.47;263.44;6.23;937;46;2738.00;85
7045;46;626198553;7045;251;7982;8065;7.66;0.48;263.50;6.23;937;46;2739.00;83
7050;47;626198570;7050;245;7986;8065;7.63;0.47;263.49;6.23;936;47;2740.00;79
7054;47;626198591;7054;250;7987;8065;7.56;0.47;263.54;6.23;933;47;2741.00;78
7058;47;626198603;7058;246;7990;8065;7.51;0.47;263.58;6.23;932;47;2742.00;75
7062;47;626198614;7062;254;7994;8065;7.48;0.46;263.62;6.23;932;47;2743.00;71
7069;47;626198626;7069;256;7998;8066;7.49;0.46;263.60;6.31;929;47;2744.00;68
7071;47;626198638;7071;252;8002;8068;7.54;0.47;263.66;6.31;931;47;2745.00;66
7077;47;626198650;7077;251;8005;8068;7.51;0.46;263.70;6.31;928;47;2746.00;63
7078;47;626198661;7078;249;8009;8069;7.52;0.47;263.74;6.31;931;47;2747.00;60
7085;47;626198673;7085;255;8010;8069;7.49;0.46;263.94;6.31;925;47;2748.00;59
7087;47;626198686;7087;249;8015;8069;7.56;0.47;263.94;6.31;928;47;2749.00;54
7093;47;626198697;7093;247;8016;8069;7.60;0.47;264.02;6.31;923;47;2750.00;53
7100;47;626198709;7100;246;8022;8073;7.62;0.47;264.06;6.32;922;47;2751.00;51
7106;47;626198722;7106;242;8024;8073;7.62;0.47;264.15;6.32;918;47;2752.00;49
7112;47;626198734;7112;244;8025;8073;7.63;0.47;264.21;6.32;913;47;2753.00;48
7120;47;626198746;7120;248;8029;8076;7.67;0.47;264.18;6.32;909;47;2754.00;47
7125;47;626198758;7125;254;8030;8076;7.65;0.47;264.19;6.32;905;47;2755.00;46
7131;47;626198770;7131;259;8034;8076;7.65;0.47;264.23;6.33;903;47;2756.00;42
7138;47;626198782;7138;264;8037;8080;7.63;0.47;264.31;6.32;899;47;2757.00;43
7144;47;626198793;7144;272;8039;8081;7.58;0.47;264.32;6.32;895;47;2758.00;42
7149;47;626198805;7149;288;8040;8081;7.45;0.46;264.29;6.40;891;47;2759.00;41
7156;47;626198818;7156;294;8044;8086;7.34;0.45;264.24;6.39;888;47;2760.00;42
7158;47;626198831;7158;301;8044;8086;7.24;0.44;264.26;6.39;886;47;2761.00;42
7161;47;626198842;7161;304;8044;8086;7.21;0.44;264.26;6.39;883;47;2762.00;42
7162;47;626198853;7162;313;8045;8087;7.21;0.44;264.28;6.39;883;47;2763.00;42
7166;47;626198864;7166;324;8045;8087;7.11;0.43;264.29;6.39;879;47;2764.00;42
7168;47;626198875;7168;333;8049;8093;6.99;0.43;264.26;6.39;881;47;2765.00;44
7170;47;626198891;7170;331;8049;8093;6.92;0.42;264.31;6.39;879;47;2766.00;44
7174;47;626198903;7174;323;8051;8094;6.90;0.42;264.37;6.46;877;47;2767.00;43
7177;47;626198915;7177;320;8051;8094;6.91;0.42;264.39;6.46;874;47;2768.00;43
7180;47;626198926;7180;315;8051;8094;6.93;0.42;264.46;6.46;871;47;2769.00;43
7182;47;626198938;7182;310;8052;8094;7.02;0.43;264.45;6.53;870;47;2770.00;42
7187;47;626198949;7187;313;8052;8094;7.04;0.43;264.53;6.53;865;47;2771.00;42
7190;47;626198960;7190;317;8062;8106;7.18;0.44;264.52;6.58;872;48;2772.00;44
7195;47;626198981;7195;316;8062;8106;7.23;0.44;264.55;6.58;867;48;2773.00;44
7198;47;626198993;7198;309;8064;8106;7.30;0.44;264.54;6.58;866;48;2774.00;42
7200;47;626199009;7200;309;8064;8106;7.29;0.44;264.53;6.58;864;48;2775.00;42
7205;47;626199025;7205;298;8065;8106;7.35;0.45;264.52;6.64;860;48;2776.00;41
7206;47;626199038;7206;283;8065;8106;7.49;0.46;264.50;6.64;859;48;2777.00;41
7208;47;626199050;7208;272;8068;8110;7.54;0.46;264.62;6.63;860;48;2778.00;42
7210;47;626199061;7210;264;8068;8110;7.66;0.47;264.56;6.63;858;48;2779.00;42
7211;47;626199073;7211;265;8072;8114;7.72;0.47;264.57;6.69;861;48;2780.00;42
7216;47;626199085;7216;261;8074;8115;7.77;0.47;264.59;6.68;858;48;2781.00;41
7218;47;626199103;7218;259;8074;8115;7.79;0.48;264.59;6.68;856;48;2782.00;41
7220;47;626199122;7220;265;8074;8115;7.86;0.48;264.57;6.68;854;48;2783.00;41
7221;47;626199152;7221;272;8085;8128;7.98;0.49;264.56;6.68;864;48;2784.00;43
7222;47;626199169;7222;273;8085;8128;8.00;0.49;264.54;6.68;863;48;2785.00;43
7227;47;626199188;7227;277;8085;8128;8.01;0.49;264.57;6.68;858;48;2786.00;43
7229;47;626199207;7229;275;8086;8129;8.00;0.49;264.54;6.67;857;48;2787.00;43
7229;47;626199222;7229;278;8086;8130;7.97;0.49;264.54;6.67;857;48;2788.00;44
7231;47;626199235;7231;278;8086;8130;7.95;0.48;264.51;6.67;855;48;2789.00;44
7232;47;626199250;7232;280;8089;8136;7.98;0.49;264.50;6.67;857;48;2790.00;47
7237;47;626199263;7237;281;8090;8136;7.96;0.48;264.41;6.67;853;48;2791.00;46
7238;47;626199276;7238;283;8090;8136;7.94;0.48;264.38;6.67;852;48;2792.00;46
7240;47;626199289;7240;287;8091;8136;7.91;0.48;264.35;6.67;851;48;2793.00;45
7240;47;626199301;7240;291;8094;8142;7.89;0.48;264.35;6.67;854;48;2794.00;48
7242;47;626199314;7242;295;8096;8142;7.80;0.47;264.34;6.72;854;48;2795.00;46
7244;47;626199326;7244;299;8096;8142;7.71;0.47;264.32;6.72;852;48;2796.00;46
7245;47;626199338;7245;298;8097;8142;7.64;0.47;264.29;6.72;852;48;2797.00;45
7245;47;626199349;7245;301;8100;8146;7.53;0.46;264.29;6.72;855;48;2798.00;46
7248;47;626199359;7248;305;8102;8147;7.42;0.45;264.28;6.72;854;48;2799.00;45
7250;47;626199372;7250;311;8102;8147;7.36;0.45;264.26;6.72;852;48;2800.00;45
7252;47;626199388;7252;310;8103;8148;7.32;0.45;264.23;6.72;851;48;2801.00;45
7256;47;626199400;7256;315;8103;8148;7.21;0.44;264.30;6.72;847;48;2802.00;45
7256;47;626199412;7256;307;8103;8148;7.13;0.43;264.30;6.72;847;48;2803.00;45
7256;47;626199424;7256;298;8103;8148;7.12;0.43;264.30;6.72;847;48;2804.00;45
7258;47;626199435;7258;291;8103;8148;7.12;0.43;264.40;6.72;845;48;2805.00;45
7260;47;626199445;7260;292;8103;8148;7.19;0.44;264.39;6.72;843;48;2806.00;45
7263;47;626199457;7263;286;8103;8148;7.23;0.44;264.41;6.72;840;48;2807.00;45
7263;47;626199468;7263;303;8143;8218;7.24;0.44;264.41;6.69;880;48;2808.00;75
7264;47;626199492;7264;297;8143;8219;7.29;0.45;264.41;6.69;879;48;2809.00;76
7264;47;626199503;7264;280;8148;8219;7.41;0.45;264.41;6.68;884;48;2810.00;71
7265;48;626199515;7265;268;8153;8219;7.47;0.46;264.42;6.74;888;49;2811.00;66
7267;48;626199538;7267;262;8156;8219;7.51;0.46;264.39;6.73;889;49;2812.00;63
7269;48;626199551;7269;257;8160;8219;7.65;0.47;264.40;6.73;891;49;2813.00;59
7269;48;626199563;7269;260;8164;8219;7.78;0.48;264.40;6.73;895;49;2814.00;55
7269;48;626199574;7269;259;8167;8219;7.88;0.48;264.40;6.73;898;49;2815.00;52
7273;48;626199592;7273;257;8170;8220;7.92;0.48;264.39;6.73;897;49;2816.00;50
7273;48;626199604;7273;254;8172;8221;7.95;0.49;264.39;6.78;899;49;2817.00;49
7274;48;626199616;7274;249;8173;8221;7.96;0.49;264.40;6.78;899;49;2818.00;48
7277;48;626199635;7277;252;8176;8225;7.96;0.49;264.44;6.78;899;49;2819.00;49
7278;48;626199649;7278;254;8176;8225;7.97;0.49;264.43;6.78;898;49;2820.00;49
7278;48;626199660;7278;249;8176;8225;7.94;0.49;264.43;6.78;898;49;2821.00;49
7280;48;626199672;7280;239;8177;8225;7.95;0.49;264.44;6.83;897;49;2822.00;48
7283;48;626199683;7283;231;8180;8231;7.94;0.49;264.41;6.83;897;49;2823.00;51
7284;48;626199696;7284;224;8182;8231;7.93;0.49;264.40;6.87;898;49;2824.00;49
7288;48;626199707;7288;224;8183;8231;7.89;0.48;264.42;6.88;895;49;2825.00;48
7292;48;626199720;7292;211;8185;8234;7.84;0.48;264.46;6.88;893;49;2826.00;49
7295;48;626199731;7295;211;8185;8234;7.79;0.48;264.44;6.88;890;49;2827.00;49
7305;48;626199743;7305;210;8187;8234;7.65;0.47;264.52;6.93;882;49;2828.00;47
7307;48;626199755;7307;208;8187;8235;7.62;0.47;264.48;6.93;880;49;2829.00;48
7309;48;626199767;7309;204;8189;8236;7.66;0.47;264.63;6.96;880;49;2830.00;47
7313;48;626199778;7313;197;8189;8236;7.68;0.47;264.62;6.96;876;49;2831.00;47
7316;48;626199789;7316;198;8199;8249;7.75;0.47;264.58;6.96;883;49;2832.00;50
7319;48;626199801;7319;197;8200;8249;7.79;0.47;264.53;6.99;881;49;2833.00;49
7320;48;626199814;7320;201;8200;8249;7.91;0.48;264.52;6.99;880;49;2834.00;49
7323;48;626199825;7323;196;8203;8251;7.98;0.48;264.52;7.03;880;49;2835.00;48
7327;48;626199837;7327;191;8203;8251;7.98;0.48;264.56;7.03;876;49;2836.00;48
7330;48;626199849;7330;195;8206;8255;8.05;0.49;264.62;7.03;876;49;2837.00;49
7331;48;626199860;7331;193;8208;8255;8.14;0.49;264.63;7.06;877;49;2838.00;47
7333;48;626199871;7333;194;8211;8259;8.16;0.50;264.70;7.06;878;49;2839.00;48
7335;48;626199883;7335;194;8212;8259;8.13;0.49;264.75;7.06;877;49;2840.00;47
7336;48;626199894;7336;200;8214;8259;8.16;0.50;264.76;7.10;878;49;2841.00;45
7336;48;626199905;7336;203;8214;8259;8.19;0.50;264.76;7.10;878;49;2842.00;45
7337;48;626199917;7337;200;8215;8259;8.19;0.50;264.77;7.14;878;49;2843.00;44
7342;48;626199929;7342;202;8225;8271;8.24;0.50;264.76;7.13;883;49;2844.00;46
7344;48;626199942;7344;193;8226;8271;8.22;0.50;264.80;7.13;882;49;2845.00;45
7348;48;626199954;7348;197;8227;8271;8.25;0.50;264.81;7.17;879;49;2846.00;44
7353;48;626199966;7353;200;8227;8271;8.30;0.50;264.88;7.17;874;49;2847.00;44
7355;48;626199980;7355;206;8227;8271;8.38;0.51;264.87;7.17;872;49;2848.00;44
7360;48;626199992;7360;202;8227;8271;8.42;0.51;264.86;7.17;867;49;2849.00;44
7362;48;626200013;7362;203;8229;8274;8.45;0.51;264.88;7.17;867;49;2850.00;45
7363;48;626200026;7363;200;8231;8274;8.49;0.51;264.89;7.19;868;49;2851.00;43
7367;48;626200038;7367;198;8236;8280;8.56;0.52;264.90;7.20;869;49;2852.00;44
7369;48;626200051;7369;201;8239;8281;8.60;0.52;265.00;7.21;870;49;2853.00;42
7372;48;626200064;7372;202;8239;8281;8.62;0.52;265.05;7.21;867;49;2854.00;42
7375;48;626200077;7375;199;8239;8281;8.67;0.53;265.13;7.21;864;49;2855.00;42
7378;48;626200090;7378;199;8244;8285;8.74;0.53;265.15;7.24;866;49;2856.00;41
7382;48;626200103;7382;201;8245;8285;8.71;0.53;265.27;7.25;863;49;2857.00;40
7383;48;626200115;7383;203;8246;8285;8.66;0.53;265.27;7.26;863;49;2858.00;39
7386;48;626200127;7386;208;8247;8286;8.63;0.52;265.31;7.26;861;49;2859.00;39
7389;48;626200140;7389;212;8252;8290;8.61;0.52;265.33;7.28;863;49;2860.00;38
7392;48;626200157;7392;219;8254;8290;8.61;0.52;265.39;7.30;862;49;2861.00;36
7393;48;626200169;7393;222;8257;8293;8.71;0.53;265.42;7.30;864;49;2862.00;36
7397;48;626200180;7397;222;8259;8293;8.67;0.53;265.51;7.32;862;49;2863.00;34
7401;48;626200192;7401;229;8261;8295;8.68;0.53;265.60;7.32;860;49;2864.00;34
7404;48;626200204;7404;225;8264;8295;8.64;0.53;265.73;7.33;860;49;2865.00;31
7407;48;626200215;7407;229;8267;8299;8.63;0.53;265.88;7.33;860;49;2866.00;32
7412;48;626200227;7412;230;8269;8299;8.59;0.52;265.93;7.35;857;49;2867.00;30
7414;48;626200238;7414;227;8270;8299;8.55;0.52;265.97;7.34;856;49;2868.00;29
7417;48;626200249;7417;222;8272;8299;8.49;0.52;266.07;7.36;855;49;2869.00;27
7420;48;626200259;7420;214;8272;8300;8.44;0.52;266.12;7.36;852;49;2870.00;28
7421;48;626200276;7421;212;8275;8301;8.44;0.52;266.13;7.37;854;49;2871.00;26
7426;48;626200287;7426;209;8275;8301;8.38;0.51;266.14;7.37;849;49;2872.00;26
7428;48;626200298;7428;206;8276;8302;8.36;0.51;266.17;7.37;848;49;2873.00;26
7432;48;626200309;7432;205;8278;8302;8.28;0.50;266.14;7.38;846;49;2874.00;24
7435;48;626200319;7435;208;8278;8302;8.29;0.50;266.20;7.38;843;49;2875.00;24
7437;48;626200330;7437;209;8280;8302;8.30;0.50;266.21;7.38;843;49;2876.00;22
7439;48;626200341;7439;207;8280;8302;8.32;0.51;266.21;7.38;841;49;2877.00;22
7444;48;626200351;7444;209;8281;8302;8.29;0.50;266.29;7.39;837;49;2878.00;21
7444;48;626200361;7444;211;8282;8302;8.30;0.50;266.29;7.39;838;49;2879.00;20
7448;48;626200373;7448;253;8381;8532;8.20;0.51;266.34;7.30;933;49;2880.00;151
7453;48;626200402;7453;249;8388;8533;8.07;0.50;266.35;7.30;935;49;2881.00;145
7457;48;626200414;7457;243;8397;8533;8.08;0.50;266.44;7.30;940;49;2882.00;136
7463;48;626200426;7463;245;8402;8533;8.01;0.50;266.46;7.30;939;49;2883.00;131
7465;48;626200437;7465;242;8410;8533;7.99;0.50;266.50;7.29;945;49;2884.00;123
7468;48;626200454;7468;247;8412;8533;7.97;0.50;266.52;7.29;944;49;2885.00;121
7472;48;626200465;7472;250;8418;8533;7.94;0.49;266.54;7.29;946;49;2886.00;115
7475;48;626200477;7475;260;8426;8533;7.86;0.49;266.56;7.29;951;49;2887.00;107
7479;48;626200488;7479;270;8431;8534;7.74;0.48;266.53;7.29;952;49;2888.00;103
7484;48;626200499;7484;275;8436;8535;7.60;0.47;266.56;7.30;952;49;2889.00;99
7488;48;626200511;7488;269;8439;8535;7.54;0.47;266.67;7.30;951;49;2890.00;96
7492;48;626200522;7492;272;8449;8536;7.44;0.46;266.72;7.30;957;49;2891.00;87
7495;48;626200533;7495;272;8453;8536;7.32;0.46;266.76;7.30;958;49;2892.00;83
7500;48;626200550;7500;279;8460;8536;7.18;0.45;266.87;7.31;960;49;2893.00;76
7504;48;626200562;7504;277;8465;8536;7.10;0.44;266.90;7.31;961;49;2894.00;71
7506;48;626200573;7506;281;8470;8540;7.08;0.44;266.93;7.31;964;49;2895.00;70
7511;48;626200585;7511;292;8474;8540;6.94;0.43;267.09;7.32;963;49;2896.00;66
7514;48;626200596;7514;289;8475;8540;6.89;0.43;267.12;7.32;961;49;2897.00;65
7519;48;626200608;7519;287;8478;8543;6.87;0.43;267.20;7.32;959;49;2898.00;65
7526;48;626200620;7526;284;8478;8543;6.91;0.43;267.32;7.32;952;49;2899.00;65
7529;48;626200633;7529;271;8480;8543;6.96;0.43;267.30;7.32;951;49;2900.00;63
7536;48;626200648;7536;276;8483;8547;6.98;0.43;267.37;7.32;947;49;2901.00;64
7538;48;626200661;7538;271;8486;8548;7.06;0.43;267.42;7.32;948;49;2902.00;62
7538;48;626200672;7538;269;8488;8548;7.13;0.44;267.42;7.33;950;49;2903.00;60
7546;48;626200684;7546;273;8495;8552;7.13;0.44;267.44;7.33;949;49;2904.00;57
7550;48;626200697;7550;275;8496;8552;7.12;0.44;267.48;7.33;946;49;2905.00;56
7552;48;626200709;7552;275;8497;8552;7.19;0.44;267.51;7.33;945;49;2906.00;55
7557;48;626200721;7557;279;8501;8553;7.16;0.44;267.48;7.34;944;49;2907.00;52
7560;48;626200733;7560;286;8502;8553;7.21;0.44;267.52;7.34;942;49;2908.00;51
7564;48;626200745;7564;289;8507;8559;7.25;0.45;267.52;7.35;943;49;2909.00;52
7567;48;626200759;7567;298;8509;8559;7.23;0.44;267.54;7.35;942;49;2910.00;50
7575;48;626200772;7575;301;8510;8560;7.18;0.44;267.55;7.35;935;49;2911.00;50
7577;48;626200784;7577;301;8511;8560;7.16;0.44;267.57;7.36;934;49;2912.00;49
7580;48;626200801;7580;305;8513;8560;7.07;0.43;267.54;7.36;933;49;2913.00;47
7584;48;626200813;7584;307;8514;8560;6.99;0.43;267.57;7.36;930;49;2914.00;46
7586;48;626200825;7586;313;8515;8560;6.93;0.42;267.57;7.37;929;49;2915.00;45
7589;48;626200836;7589;320;8526;8572;6.94;0.42;267.56;7.36;937;49;2916.00;46
7594;48;626200850;7594;330;8529;8572;6.84;0.42;267.56;7.41;935;49;2917.00;43
7596;48;626200862;7596;344;8529;8572;6.74;0.41;267.52;7.41;933;49;2918.00;43
7599;48;626200876;7599;345;8530;8572;6.66;0.41;267.51;7.41;931;49;2919.00;42
7600;48;626200887;7600;358;8530;8572;6.62;0.41;267.59;7.41;930;49;2920.00;42
7606;48;626200899;7606;369;8531;8572;6.55;0.40;267.57;7.41;925;49;2921.00;41
7608;48;626200911;7608;372;8534;8576;6.61;0.40;267.58;7.41;926;49;2922.00;42
7609;48;626200925;7609;375;8535;8576;6.71;0.41;267.59;7.41;926;49;2923.00;41
7613;48;626200937;7613;380;8537;8580;6.73;0.41;267.58;7.41;924;49;2924.00;43
7614;48;626200949;7614;384;8540;8582;6.76;0.41;267.57;7.40;926;49;2925.00;42
7616;48;626200961;7616;385;8541;8582;6.76;0.41;267.57;7.40;925;49;2926.00;41
7616;48;626200978;7616;388;8541;8582;6.77;0.41;267.57;7.40;925;49;2927.00;41
7619;48;626200990;7619;393;8552;8595;6.79;0.42;267.59;7.44;933;49;2928.00;43
7623;48;626201003;7623;400;8552;8595;6.74;0.41;267.52;7.44;929;49;2929.00;43
7623;48;626201014;7623;400;8553;8595;6.77;0.42;267.52;7.44;930;49;2930.00;42
7625;48;626201025;7625;407;8554;8596;6.80;0.42;267.49;7.44;929;49;2931.00;42
7627;48;626201037;7627;413;8554;8597;6.76;0.41;267.43;7.44;927;49;2932.00;43
7631;48;626201048;7631;415;8554;8597;6.72;0.41;267.46;7.44;923;49;2933.00;43
7634;48;626201059;7634;424;8556;8600;6.68;0.41;267.46;7.44;922;49;2934.00;44
7639;48;626201071;7639;425;8556;8600;6.62;0.40;267.46;7.44;917;49;2935.00;44
7641;48;626201082;7641;430;8557;8600;6.60;0.40;267.42;7.44;916;49;2936.00;43
7643;48;626201097;7643;420;8557;8600;6.58;0.40;267.39;7.44;914;49;2937.00;43
7647;48;626201125;7647;414;8561;8606;6.55;0.40;267.36;7.43;914;49;2938.00;45
7649;48;626201147;7649;412;8561;8606;6.58;0.40;267.34;7.43;912;49;2939.00;45
7650;48;626201172;7650;410;8562;8606;6.60;0.40;267.31;7.43;912;49;2940.00;44
7652;48;626201195;7652;405;8562;8606;6.61;0.40;267.25;7.43;910;49;2941.00;44
7652;48;626201216;7652;406;8565;8610;6.71;0.41;267.25;7.43;913;49;2942.00;45
7654;48;626201231;7654;406;8566;8611;6.71;0.41;267.19;7.43;912;49;2943.00;45
7657;48;626201244;7657;411;8567;8611;6.74;0.41;267.20;7.48;910;49;2944.00;44
7660;48;626201266;7660;413;8568;8612;6.75;0.41;267.30;7.48;908;49;2945.00;44
7663;48;626201294;7663;393;8568;8612;6.76;0.41;267.29;7.48;905;49;2946.00;44
7665;48;626201314;7665;381;8568;8612;6.81;0.41;267.24;7.48;903;49;2947.00;44
7666;48;626201333;7666;373;8568;8612;6.89;0.42;267.22;7.48;902;49;2948.00;44
7668;48;626201351;7668;363;8568;8612;6.99;0.43;267.18;7.48;900;49;2949.00;44
7669;48;626201365;7669;359;8568;8612;7.07;0.43;267.16;7.48;899;49;2950.00;44
7670;48;626201377;7670;357;8568;8612;7.16;0.44;267.17;7.48;898;49;2951.00;44
7672;48;626201391;7672;357;8604;8682;7.32;0.45;267.15;7.45;932;49;2952.00;78
7675;48;626201409;7675;348;8604;8683;7.33;0.45;267.12;7.45;929;49;2953.00;79
7676;48;626201423;7676;353;8612;8683;7.41;0.45;267.10;7.44;936;49;2954.00;71
7678;48;626201436;7678;344;8616;8683;7.44;0.45;267.10;7.44;938;49;2955.00;67
7681;48;626201449;7681;339;8621;8683;7.43;0.45;267.06;7.44;940;49;2956.00;62
7681;48;626201463;7681;329;8624;8683;7.46;0.45;267.06;7.44;943;49;2957.00;59
7682;48;626201479;7682;322;8626;8683;7.46;0.45;267.05;7.44;944;49;2958.00;57
7683;48;626201495;7683;317;8626;8683;7.49;0.45;267.04;7.44;943;49;2959.00;57
7684;48;626201511;7684;314;8628;8684;7.58;0.46;267.04;7.44;944;49;2960.00;56
7685;48;626201533;7685;314;8629;8685;7.67;0.46;267.03;7.44;944;49;2961.00;56
7685;49;626201554;7685;304;8630;8685;7.77;0.47;267.03;7.44;945;50;2962.00;55
7686;50;626201589;7686;301;8633;8689;7.79;0.47;266.99;7.43;947;51;2963.00;56
7687;50;626201623;7687;298;8633;8689;7.83;0.47;266.98;7.43;946;51;2964.00;56
7688;50;626201637;7688;300;8633;8689;7.85;0.48;266.98;7.43;945;51;2965.00;56
7690;50;626201651;7690;301;8633;8689;7.84;0.48;267.05;7.43;943;51;2966.00;56
7690;51;626201664;7690;297;8636;8695;7.87;0.48;267.05;7.43;946;52;2967.00;59
7692;51;626201696;7692;298;8636;8695;7.89;0.48;267.06;7.43;944;52;2968.00;59
7695;51;626201712;7695;303;8637;8695;7.93;0.48;267.02;7.43;942;52;2969.00;58
7697;51;626201735;7697;302;8640;8701;8.00;0.49;267.01;7.43;943;52;2970.00;61
7697;51;626201748;7697;300;8641;8701;8.08;0.49;267.01;7.43;944;52;2971.00;60
7697;51;626201761;7697;303;8641;8701;8.08;0.49;267.01;7.43;944;52;2972.00;60
7698;51;626201774;7698;304;8642;8702;8.07;0.49;267.02;7.43;944;52;2973.00;60
7698;51;626201787;7698;311;8643;8703;8.05;0.49;267.02;7.43;945;52;2974.00;60
7699;51;626201799;7699;309;8644;8703;8.01;0.49;267.02;7.43;945;52;2975.00;59
7701;51;626201811;7701;310;8652;8716;7.95;0.48;267.01;7.42;951;52;2976.00;64
7706;51;626201831;7706;314;8653;8716;7.90;0.48;267.08;7.42;947;52;2977.00;63
7709;51;626201843;7709;314;8653;8716;7.89;0.48;267.06;7.42;944;52;2978.00;63
7711;51;626201856;7711;317;8654;8717;7.90;0.48;267.09;7.42;943;52;2979.00;63
7712;51;626201868;7712;313;8654;8717;7.95;0.49;267.11;7.42;942;52;2980.00;63
7714;51;626201882;7714;311;8656;8721;7.98;0.49;267.15;7.42;942;52;2981.00;65
7718;51;626201897;7718;304;8656;8721;7.97;0.49;267.16;7.42;938;52;2982.00;65
7721;51;626201910;7721;294;8660;8725;8.00;0.49;267.19;7.41;939;52;2983.00;65
7724;51;626201924;7724;292;8660;8725;8.05;0.49;267.18;7.41;936;52;2984.00;65
7728;51;626201937;7728;290;8660;8725;8.03;0.49;267.15;7.41;932;52;2985.00;65
7731;51;626201950;7731;288;8660;8725;8.00;0.49;267.15;7.41;929;52;2986.00;65
7735;51;626201964;7735;284;8660;8725;8.00;0.49;267.15;7.41;925;52;2987.00;65
7740;51;626201980;7740;276;8669;8737;7.99;0.49;267.17;7.41;929;52;2988.00;68
7744;51;626201995;7744;276;8670;8737;7.96;0.49;267.24;7.42;926;52;2989.00;67
7750;51;626202008;7750;274;8673;8737;7.94;0.48;267.41;7.47;923;52;2990.00;64
7751;51;626202021;7751;267;8673;8737;7.94;0.48;267.41;7.47;922;52;2991.00;64
7755;51;626202033;7755;249;8673;8737;7.99;0.49;267.43;7.47;918;52;2992.00;64
7760;51;626202046;7760;234;8674;8737;7.98;0.49;267.52;7.47;914;52;2993.00;63
7768;52;626202059;7768;226;8676;8738;7.99;0.48;267.55;7.48;908;53;2994.00;62
7771;52;626202087;7771;223;8678;8738;8.02;0.49;267.55;7.50;907;53;2995.00;60
7774;52;626202108;7774;215;8682;8744;8.10;0.49;267.51;7.56;908;53;2996.00;62
7779;52;626202122;7779;218;8684;8745;8.18;0.49;267.55;7.55;905;53;2997.00;61
7780;52;626202136;7780;221;8684;8745;8.23;0.50;267.54;7.55;904;53;2998.00;61
7782;52;626202149;7782;217;8685;8745;8.25;0.50;267.59;7.61;903;53;2999.00;60
7783;52;626202164;7783;215;8689;8765;8.27;0.50;267.64;7.60;906;53;3000.00;76
7787;52;626202182;7787;211;8690;8765;8.35;0.51;267.67;7.60;903;53;3001.00;75
7789;52;626202195;7789;205;8690;8765;8.38;0.51;267.75;7.60;901;53;3002.00;75
7793;52;626202207;7793;199;8691;8766;8.44;0.51;267.72;7.60;898;53;3003.00;75
7798;52;626202221;7798;195;8695;8770;8.39;0.51;267.78;7.65;897;53;3004.00;75
7798;52;626202233;7798;199;8695;8770;8.47;0.51;267.78;7.65;897;53;3005.00;75
7804;52;626202246;7804;195;8699;8773;8.55;0.52;267.83;7.64;895;53;3006.00;74
7806;52;626202258;7806;194;8700;8773;8.62;0.52;267.85;7.65;894;53;3007.00;73
7808;52;626202277;7808;194;8701;8773;8.69;0.53;267.85;7.69;893;53;3008.00;72
7810;52;626202290;7810;187;8705;8773;8.66;0.52;267.91;7.71;895;53;3009.00;68
7811;52;626202305;7811;189;8706;8777;8.71;0.53;267.92;7.71;895;53;3010.00;71
7815;52;626202319;7815;184;8710;8777;8.72;0.53;267.97;7.72;895;53;3011.00;67
7817;52;626202332;7817;184;8712;8777;8.78;0.53;268.05;7.72;895;53;3012.00;65
7819;52;626202345;7819;178;8713;8777;8.84;0.54;268.05;7.72;894;53;3013.00;64
7821;52;626202359;7821;173;8716;8778;8.93;0.54;268.06;7.72;895;53;3014.00;62
7825;52;626202373;7825;175;8718;8780;8.96;0.54;268.16;7.72;893;53;3015.00;62
7828;52;626202390;7828;168;8720;8780;8.98;0.54;268.17;7.72;892;53;3016.00;60
7831;52;626202404;7831;166;8721;8781;9.00;0.55;268.20;7.72;890;53;3017.00;60
7835;53;626202420;7835;172;8722;8781;9.06;0.55;268.21;7.72;887;54;3018.00;59
7839;53;626202452;7839;171;8722;8781;9.12;0.55;268.25;7.72;883;54;3019.00;59
7842;53;626202464;7842;169;8722;8781;9.12;0.55;268.28;7.72;880;54;3020.00;59
7844;53;626202477;7844;169;8725;8781;9.09;0.55;268.28;7.75;881;54;3021.00;56
7845;53;626202489;7845;172;8725;8781;9.11;0.55;268.26;7.75;880;54;3022.00;56
7848;53;626202502;7848;175;8726;8781;9.12;0.55;268.26;7.76;878;54;3023.00;55
7851;53;626202514;7851;201;8795;8908;9.09;0.56;268.32;7.72;944;54;3024.00;113
7852;53;626202543;7852;194;8800;8909;9.13;0.56;268.35;7.73;948;54;3025.00;109
7856;53;626202556;7856;184;8807;8909;9.15;0.56;268.42;7.74;951;54;3026.00;102
7858;53;626202569;7858;191;8811;8909;9.23;0.57;268.42;7.75;953;54;3027.00;98
7863;53;626202582;7863;193;8815;8909;9.24;0.57;268.43;7.76;952;54;3028.00;94
7865;53;626202597;7865;195;8820;8909;9.23;0.57;268.43;7.77;955;54;3029.00;89
7867;53;626202624;7867;198;8825;8909;9.26;0.57;268.47;7.79;958;54;3030.00;84
7872;53;626202638;7872;204;8827;8909;9.31;0.57;268.61;7.79;955;54;3031.00;82
7875;53;626202652;7875;204;8833;8910;9.36;0.58;268.68;7.81;958;54;3032.00;77
7877;53;626202671;7877;207;8835;8911;9.40;0.58;268.66;7.81;958;54;3033.00;76
7881;53;626202684;7881;205;8839;8911;9.46;0.58;268.77;7.81;958;54;3034.00;72
7887;53;626202698;7887;208;8843;8912;9.41;0.58;268.75;7.82;956;54;3035.00;69
7891;53;626202711;7891;209;8849;8912;9.26;0.57;268.77;7.85;958;54;3036.00;63
7895;53;626202724;7895;213;8853;8912;9.10;0.56;268.76;7.85;958;54;3037.00;59
7898;53;626202736;7898;217;8858;8912;8.91;0.55;268.72;7.86;960;54;3038.00;54
7902;53;626202749;7902;221;8861;8916;8.72;0.53;268.75;7.87;959;54;3039.00;55
7904;53;626202762;7904;224;8865;8916;8.59;0.53;268.82;7.88;961;54;3040.00;51
7906;53;626202777;7906;231;8867;8916;8.49;0.52;268.83;7.88;961;54;3041.00;49
7907;53;626202790;7907;232;8869;8919;8.41;0.51;268.86;7.88;962;54;3042.00;50
7910;53;626202809;7910;241;8872;8919;8.35;0.51;268.84;7.89;962;54;3043.00;47
7912;53;626202830;7912;244;8873;8919;8.35;0.51;268.82;7.89;961;54;3044.00;46
7916;53;626202842;7916;242;8876;8923;8.29;0.51;268.86;7.89;960;54;3045.00;47
7917;53;626202855;7917;244;8880;8924;8.21;0.50;268.89;7.89;963;54;3046.00;44
7920;53;626202868;7920;249;8880;8924;8.12;0.50;268.93;7.89;960;54;3047.00;44
7923;53;626202880;7923;252;8885;8928;8.03;0.49;268.97;7.90;962;54;3048.00;43
7924;53;626202892;7924;256;8886;8928;7.97;0.49;269.00;7.90;962;54;3049.00;42
7926;53;626202904;7926;259;8886;8928;7.93;0.49;269.00;7.90;960;54;3050.00;42
7930;53;626202917;7930;262;8887;8929;7.89;0.48;269.07;7.90;957;54;3051.00;42
7934;53;626202929;7934;264;8889;8929;7.84;0.48;269.09;7.91;955;54;3052.00;40
7939;53;626202940;7939;266;8893;8935;7.81;0.48;269.13;7.91;954;54;3053.00;42
7944;53;626202954;7944;270;8896;8935;7.76;0.47;269.12;7.91;952;54;3054.00;39
7949;53;626202966;7949;271;8897;8936;7.62;0.47;269.09;7.91;948;54;3055.00;39
7952;53;626202979;7952;275;8898;8936;7.50;0.46;269.18;7.92;946;54;3056.00;38
7956;53;626202990;7956;281;8899;8936;7.33;0.45;269.18;7.92;943;54;3057.00;37
7962;53;626203002;7962;287;8900;8936;7.11;0.44;269.22;7.92;938;54;3058.00;36
7966;53;626203014;7966;302;8902;8936;6.93;0.42;269.23;7.93;936;54;3059.00;34
7970;53;626203027;7970;297;8923;8972;6.89;0.42;269.25;7.91;953;54;3060.00;49
7975;53;626203041;7975;296;8924;8972;6.73;0.42;269.28;7.91;949;54;3061.00;48
7979;53;626203052;7979;294;8927;8972;6.71;0.41;269.24;7.91;948;54;3062.00;45
7983;53;626203063;7983;299;8930;8972;6.60;0.41;269.31;7.91;947;54;3063.00;42
7984;53;626203074;7984;308;8933;8972;6.60;0.41;269.29;7.91;949;54;3064.00;39
7988;53;626203086;7988;316;8935;8972;6.53;0.40;269.32;7.91;947;54;3065.00;37
7990;53;626203102;7990;321;8939;8976;6.53;0.40;269.33;7.91;949;54;3066.00;37
7993;53;626203119;7993;325;8939;8976;6.52;0.40;269.44;7.91;946;54;3067.00;37
7998;53;626203136;7998;318;8942;8980;6.54;0.40;269.58;7.91;944;54;3068.00;38
8002;53;626203156;8002;311;8943;8981;6.53;0.40;269.59;7.91;941;54;3069.00;38
8005;53;626203174;8005;312;8944;8981;6.48;0.40;269.63;7.91;939;54;3070.00;37
8009;53;626203194;8009;311;8946;8981;6.43;0.40;269.69;7.95;937;54;3071.00;35
8013;54;626203215;8013;311;8956;8994;6.44;0.40;269.67;7.95;943;55;3072.00;38
8014;54;626203250;8014;310;8958;8994;6.42;0.40;269.69;7.95;944;55;3073.00;36
8017;54;626203263;8017;315;8958;8994;6.41;0.39;269.67;7.95;941;55;3074.00;36
8020;54;626203282;8020;326;8959;8995;6.40;0.39;269.74;7.94;939;55;3075.00;36
8025;54;626203296;8025;331;8959;8996;6.34;0.39;269.72;7.94;934;55;3076.00;37
8028;54;626203309;8028;332;8959;8996;6.35;0.39;269.66;7.94;931;55;3077.00;37
8032;54;626203324;8032;331;8962;8999;6.36;0.39;269.67;7.94;930;55;3078.00;37
8035;54;626203337;8035;335;8962;8999;6.28;0.39;269.68;7.94;927;55;3079.00;37
8038;54;626203350;8038;334;8962;8999;6.23;0.38;269.65;7.94;924;55;3080.00;37
8045;54;626203363;8045;333;8962;8999;6.16;0.38;269.60;7.94;917;55;3081.00;37
8048;54;626203376;8048;335;8966;9005;6.11;0.38;269.57;7.94;918;55;3082.00;39
8050;54;626203390;8050;334;8966;9005;6.10;0.37;269.56;7.94;916;55;3083.00;39
8052;54;626203402;8052;329;8967;9005;6.12;0.38;269.59;7.94;915;55;3084.00;38
8060;54;626203416;8060;327;8967;9005;6.09;0.37;269.49;7.94;907;55;3085.00;38
8064;54;626203428;8064;327;8970;9009;6.11;0.37;269.47;7.94;906;55;3086.00;39
8068;54;626203447;8068;333;8971;9010;6.03;0.37;269.45;7.93;903;55;3087.00;39
8073;54;626203460;8073;340;8971;9010;5.99;0.37;269.45;7.93;898;55;3088.00;39
8076;54;626203473;8076;340;8972;9011;5.95;0.37;269.48;7.93;896;55;3089.00;39
8082;54;626203490;8082;343;8972;9011;5.92;0.36;269.50;7.93;890;55;3090.00;39
8091;54;626203504;8091;349;8972;9011;5.83;0.36;269.33;7.93;881;55;3091.00;39
8094;54;626203517;8094;349;8972;9011;5.83;0.36;269.35;7.93;878;55;3092.00;39
8097;54;626203531;8097;347;8972;9011;5.85;0.36;269.38;7.93;875;55;3093.00;39
8102;54;626203545;8102;354;8972;9011;5.89;0.36;269.49;7.93;870;55;3094.00;39
8102;54;626203559;8102;361;8972;9011;5.98;0.37;269.49;7.93;870;55;3095.00;39
8105;54;626203573;8105;374;9012;9081;6.29;0.38;269.49;7.90;907;55;3096.00;69
8106;54;626203593;8106;365;9013;9082;6.33;0.39;269.47;7.90;907;55;3097.00;69
8110;54;626203606;8110;363;9021;9082;6.44;0.39;269.47;7.89;911;55;3098.00;61
8113;54;626203620;8113;364;9026;9082;6.49;0.40;269.53;7.89;913;55;3099.00;56
8113;54;626203636;8113;368;9031;9082;6.56;0.40;269.53;7.89;918;55;3100.00;51
8116;54;626203655;8116;375;9034;9082;6.55;0.40;269.56;7.94;918;55;3101.00;48
8119;54;626203668;8119;375;9037;9082;6.58;0.40;269.54;7.94;918;55;3102.00;45
8121;54;626203682;8121;383;9037;9082;6.54;0.40;269.52;7.94;916;55;3103.00;45
8122;54;626203695;8122;389;9039;9083;6.49;0.40;269.55;7.94;917;55;3104.00;44
8123;54;626203708;8123;398;9041;9085;6.44;0.39;269.54;7.93;918;55;3105.00;44
8124;54;626203721;8124;408;9042;9085;6.36;0.39;269.56;7.93;918;55;3106.00;43
8126;54;626203735;8126;391;9045;9089;6.41;0.39;269.52;7.93;919;55;3107.00;44
8126;54;626203752;8126;373;9045;9089;6.50;0.40;269.52;7.93;919;55;3108.00;44
8130;54;626203767;8130;366;9045;9089;6.56;0.40;269.52;7.93;915;55;3109.00;44
8131;54;626203781;8131;355;9045;9089;6.65;0.41;269.52;7.93;914;55;3110.00;44
8131;54;626203793;8131;344;9049;9095;6.77;0.41;269.52;7.93;918;55;3111.00;46
8131;54;626203807;8131;331;9049;9095;6.91;0.42;269.52;7.93;918;55;3112.00;46
8134;54;626203820;8134;319;9050;9095;7.02;0.43;269.60;7.93;916;55;3113.00;45
8136;54;626203839;8136;316;9052;9098;7.15;0.44;269.61;7.93;916;55;3114.00;46
8137;54;626203860;8137;306;9053;9098;7.19;0.44;269.63;7.93;916;55;3115.00;45
8141;54;626203881;8141;291;9054;9098;7.24;0.44;269.62;7.98;913;55;3116.00;44
8141;54;626203899;8141;271;9054;9099;7.35;0.45;269.62;7.98;913;55;3117.00;45
8143;54;626203924;8143;260;9055;9100;7.47;0.46;269.67;7.97;912;55;3118.00;45
8147;54;626203944;8147;244;9055;9100;7.56;0.46;269.63;7.97;908;55;3119.00;45
8151;54;626203958;8151;245;9075;9126;7.75;0.47;269.58;7.96;924;55;3120.00;51
8152;54;626203975;8152;237;9076;9126;7.84;0.48;269.55;7.96;924;55;3121.00;50
8153;54;626203988;8153;238;9077;9126;7.98;0.49;269.57;7.96;924;55;3122.00;49
8154;54;626204001;8154;238;9078;9127;8.14;0.50;269.57;7.95;924;55;3123.00;49
8156;54;626204014;8156;237;9078;9127;8.23;0.50;269.56;7.95;922;55;3124.00;49
8158;54;626204028;8158;236;9081;9131;8.35;0.51;269.56;7.95;923;55;3125.00;50
8162;54;626204042;8162;243;9081;9131;8.39;0.51;269.54;7.95;919;55;3126.00;50
8168;54;626204056;8168;242;9085;9135;8.38;0.51;269.55;7.95;917;55;3127.00;50
8171;54;626204070;8171;232;9085;9135;8.37;0.51;269.51;7.95;914;55;3128.00;50
8174;54;626204085;8174;231;9086;9135;8.37;0.51;269.53;8.00;912;55;3129.00;49
8175;54;626204099;8175;231;9086;9135;8.46;0.51;269.56;8.00;911;55;3130.00;49
8178;54;626204117;8178;227;9086;9135;8.47;0.51;269.52;8.00;908;55;3131.00;49
8179;54;626204135;8179;226;9096;9147;8.47;0.51;269.56;7.99;917;55;3132.00;51
8182;54;626204152;8182;228;9096;9147;8.49;0.52;269.62;7.99;914;55;3133.00;51
8185;54;626204165;8185;226;9097;9147;8.55;0.52;269.69;7.99;912;55;3134.00;50
8187;54;626204178;8187;227;9097;9147;8.60;0.52;269.69;7.99;910;55;3135.00;50
8191;54;626204190;8191;228;9097;9147;8.66;0.53;269.79;7.99;906;55;3136.00;50
8196;54;626204208;8196;227;9097;9147;8.62;0.52;269.76;7.99;901;55;3137.00;50
8197;54;626204221;8197;228;9097;9148;8.65;0.53;269.74;7.99;900;55;3138.00;51
8199;54;626204233;8199;232;9097;9148;8.72;0.53;269.73;7.99;898;55;3139.00;51
8201;54;626204245;8201;227;9101;9154;8.73;0.53;269.75;7.98;900;55;3140.00;53
8202;54;626204258;8202;232;9102;9155;8.76;0.54;269.79;7.98;900;55;3141.00;53
8204;54;626204270;8204;233;9103;9155;8.74;0.53;269.87;7.98;899;55;3142.00;52
8206;54;626204282;8206;239;9103;9155;8.69;0.53;269.92;7.98;897;55;3143.00;52
8208;54;626204294;8208;245;9106;9159;8.60;0.53;270.01;7.98;898;55;3144.00;53
8211;54;626204307;8211;254;9106;9159;8.50;0.52;270.07;7.98;895;55;3145.00;53
8215;54;626204318;8215;257;9106;9159;8.40;0.51;270.06;7.98;891;55;3146.00;53
8219;54;626204330;8219;262;9107;9160;8.28;0.51;270.11;7.98;888;55;3147.00;53
8223;54;626204343;8223;267;9110;9164;8.13;0.50;270.13;7.98;887;55;3148.00;54
8229;54;626204355;8229;285;9110;9164;8.04;0.49;270.17;7.98;881;55;3149.00;54
8234;54;626204369;8234;277;9113;9170;7.99;0.49;270.19;7.97;879;55;3150.00;57
8235;54;626204381;8235;272;9113;9170;7.97;0.49;270.21;7.97;878;55;3151.00;57
8237;54;626204393;8237;270;9114;9170;7.98;0.49;270.21;7.97;877;55;3152.00;56
8240;54;626204404;8240;266;9114;9170;8.00;0.49;270.21;7.97;874;55;3153.00;56
8243;54;626204416;8243;262;9117;9174;8.05;0.49;270.27;7.97;874;55;3154.00;57
8244;54;626204428;8244;258;9117;9174;8.11;0.50;270.26;7.97;873;55;3155.00;57
8248;54;626204439;8248;256;9118;9174;8.16;0.50;270.29;7.97;870;55;3156.00;56
8250;54;626204450;8250;253;9118;9174;8.20;0.50;270.30;7.97;868;55;3157.00;56
8250;54;626204461;8250;247;9119;9175;8.28;0.51;270.30;7.97;869;55;3158.00;56
8254;54;626204473;8254;246;9120;9176;8.27;0.51;270.41;7.97;866;55;3159.00;56
8257;54;626204485;8257;243;9122;9176;8.24;0.50;270.39;8.02;865;55;3160.00;54
8261;54;626204496;8261;244;9123;9177;8.26;0.50;270.36;8.02;862;55;3161.00;54
8265;54;626204508;8265;227;9123;9177;8.19;0.50;270.38;8.02;858;55;3162.00;54
8273;54;626204519;8273;224;9123;9177;8.18;0.50;270.35;8.02;850;55;3163.00;54
8276;54;626204530;8276;210;9124;9177;8.19;0.50;270.43;8.03;848;55;3164.00;53
8280;54;626204543;8280;207;9124;9177;8.15;0.49;270.46;8.03;844;55;3165.00;53
8283;54;626204554;8283;203;9125;9177;8.11;0.49;270.48;8.04;842;55;3166.00;52
8286;54;626204570;8286;197;9125;9177;8.07;0.49;270.52;8.04;839;55;3167.00;52
8288;54;626204581;8288;215;9191;9304;8.05;0.50;270.52;7.98;903;55;3168.00;113
8290;54;626204603;8290;200;9192;9305;8.06;0.50;270.52;7.98;902;55;3169.00;113
8294;54;626204614;8294;194;9198;9305;8.16;0.50;270.60;7.98;904;55;3170.00;107
8296;54;626204628;8296;190;9199;9305;8.26;0.51;270.60;7.98;903;55;3171.00;106
8301;54;626204641;8301;186;9203;9305;8.34;0.51;270.63;7.98;902;55;3172.00;102
8306;54;626204653;8306;183;9209;9305;8.43;0.52;270.61;7.98;903;55;3173.00;96
8309;54;626204670;8309;182;9214;9305;8.51;0.52;270.66;8.02;905;55;3174.00;91
8310;54;626204682;8310;187;9218;9305;8.56;0.53;270.65;8.02;908;55;3175.00;87
8315;54;626204694;8315;183;9222;9306;8.65;0.53;270.61;8.02;907;55;3176.00;84
8316;54;626204706;8316;186;9227;9307;8.74;0.54;270.65;8.07;911;55;3177.00;80
8318;54;626204718;8318;178;9231;9307;8.83;0.54;270.67;8.07;913;55;3178.00;76
8319;54;626204730;8319;180;9232;9308;8.94;0.55;270.70;8.07;913;55;3179.00;76
8322;54;626204744;8322;169;9237;9308;9.05;0.55;270.65;8.07;915;55;3180.00;71
8328;54;626204756;8328;167;9238;9308;9.09;0.56;270.72;8.07;910;55;3181.00;70
8332;54;626204769;8332;173;9240;9308;9.15;0.56;270.70;8.07;908;55;3182.00;68
8335;54;626204781;8335;172;9245;9312;9.17;0.56;270.72;8.07;910;55;3183.00;67
8341;54;626204794;8341;178;9246;9312;9.14;0.56;270.78;8.07;905;55;3184.00;66
8345;54;626204806;8345;176;9248;9312;9.15;0.56;270.84;8.07;903;55;3185.00;64
8348;54;626204819;8348;181;9252;9315;9.17;0.56;270.84;8.09;904;55;3186.00;63
8350;54;626204831;8350;184;9252;9315;9.21;0.56;270.85;8.09;902;55;3187.00;63
8353;54;626204844;8353;189;9253;9315;9.28;0.56;270.93;8.09;900;55;3188.00;62
8355;54;626204862;8355;193;9260;9319;9.27;0.56;270.92;8.12;905;55;3189.00;59
8358;54;626204874;8358;192;9261;9320;9.29;0.56;270.96;8.12;903;55;3190.00;59
8362;54;626204886;8362;193;9263;9322;9.29;0.56;270.93;8.12;901;55;3191.00;59
8365;54;626204899;8365;198;9268;9326;9.34;0.57;270.96;8.13;903;55;3192.00;58
8367;55;626204912;8367;204;9269;9326;9.37;0.57;270.95;8.14;902;56;3193.00;57
8370;55;626204941;8370;207;9269;9326;9.36;0.57;271.09;8.14;899;56;3194.00;57
8371;55;626204955;8371;205;9273;9328;9.36;0.57;271.10;8.16;902;56;3195.00;55
8373;55;626204968;8373;213;9273;9328;9.37;0.57;271.11;8.16;900;56;3196.00;55
8375;56;626204981;8375;212;9279;9334;9.38;0.57;271.12;8.17;904;57;3197.00;55
8378;56;626205005;8378;219;9280;9334;9.25;0.56;271.11;8.17;902;57;3198.00;54
8380;56;626205024;8380;219;9282;9335;9.11;0.56;271.15;8.19;902;57;3199.00;53
8381;56;626205038;8381;225;9283;9335;8.93;0.55;271.17;8.20;902;57;3200.00;52
8383;56;626205059;8383;225;9284;9335;8.83;0.54;271.20;8.21;901;57;3201.00;51
8386;56;626205071;8386;234;9284;9335;8.79;0.54;271.24;8.21;898;57;3202.00;51
8390;56;626205083;8390;240;9286;9335;8.74;0.53;271.20;8.22;896;57;3203.00;49
8394;56;626205095;8394;248;9297;9347;8.75;0.54;271.25;8.22;903;57;3204.00;50
8400;56;626205114;8400;257;9298;9347;8.70;0.53;271.28;8.23;898;57;3205.00;49
8401;56;626205133;8401;259;9300;9347;8.63;0.53;271.27;8.24;899;57;3206.00;47
8405;56;626205152;8405;254;9301;9347;8.58;0.52;271.34;8.24;896;57;3207.00;46
8407;56;626205169;8407;257;9302;9347;8.54;0.52;271.34;8.25;895;57;3208.00;45
8411;56;626205186;8411;258;9303;9347;8.52;0.52;271.35;8.25;892;57;3209.00;44
8414;56;626205206;8414;259;9306;9351;8.46;0.52;271.40;8.25;892;57;3210.00;45
8416;56;626205221;8416;257;9307;9351;8.40;0.51;271.37;8.25;891;57;3211.00;44
8420;56;626205233;8420;254;9310;9355;8.44;0.51;271.38;8.25;890;57;3212.00;45
8422;56;626205246;8422;261;9314;9356;8.39;0.51;271.41;8.27;892;57;3213.00;42
8424;56;626205259;8424;264;9315;9356;8.29;0.51;271.46;8.27;891;57;3214.00;41
8428;56;626205278;8428;267;9315;9356;8.21;0.50;271.51;8.27;887;57;3215.00;41
8429;56;626205290;8429;261;9328;9369;8.07;0.49;271.50;8.27;899;57;3216.00;41
8431;56;626205304;8431;261;9328;9369;8.03;0.49;271.50;8.27;897;57;3217.00;41
8433;56;626205315;8433;271;9329;9369;7.99;0.49;271.57;8.27;896;57;3218.00;40
8435;56;626205327;8435;285;9330;9370;8.00;0.49;271.62;8.27;895;57;3219.00;40
8440;56;626205338;8440;285;9333;9371;7.93;0.48;271.66;8.29;893;57;3220.00;38
8442;56;626205352;8442;290;9333;9371;7.86;0.48;271.71;8.29;891;57;3221.00;38
8443;56;626205363;8443;292;9335;9374;7.82;0.48;271.70;8.28;892;57;3222.00;39
8444;56;626205373;8444;299;9336;9374;7.72;0.47;271.70;8.29;892;57;3223.00;38
8449;56;626205383;8449;310;9340;9374;7.59;0.46;271.69;8.30;891;57;3224.00;34
8451;56;626205395;8451;316;9340;9374;7.47;0.46;271.72;8.30;889;57;3225.00;34
8455;56;626205404;8455;321;9346;9380;7.33;0.45;271.71;8.30;891;57;3226.00;34
8458;56;626205416;8458;323;9346;9380;7.21;0.44;271.71;8.30;888;57;3227.00;34
8459;56;626205427;8459;328;9348;9380;7.12;0.44;271.73;8.30;889;57;3228.00;32
8464;56;626205437;8464;333;9348;9380;6.97;0.42;271.68;8.30;884;57;3229.00;32
8467;56;626205446;8467;326;9353;9384;6.81;0.42;271.65;8.30;886;57;3230.00;31
8468;56;626205457;8468;327;9354;9385;6.67;0.41;271.63;8.30;886;57;3231.00;31
8472;56;626205467;8472;317;9354;9385;6.51;0.40;271.65;8.30;882;57;3232.00;31
8473;56;626205477;8473;322;9357;9386;6.41;0.39;271.67;8.30;884;57;3233.00;29
8477;56;626205488;8477;325;9357;9386;6.40;0.39;271.63;8.30;880;57;3234.00;29
8482;56;626205498;8482;336;9357;9386;6.41;0.39;271.64;8.30;875;57;3235.00;29
8484;56;626205509;8484;337;9357;9386;6.36;0.39;271.63;8.30;873;57;3236.00;29
8486;56;626205519;8486;338;9357;9386;6.35;0.39;271.64;8.30;871;57;3237.00;29
8490;56;626205529;8490;333;9358;9386;6.30;0.38;271.64;8.30;868;57;3238.00;28
8492;56;626205539;8492;329;9358;9386;6.29;0.38;271.59;8.30;866;57;3239.00;28
8495;56;626205550;8495;329;9408;9511;6.62;0.41;271.60;8.26;913;57;3240.00;103
8499;56;626205570;8499;335;9412;9512;6.70;0.41;271.53;8.25;913;57;3241.00;100
8502;56;626205583;8502;329;9424;9512;6.80;0.42;271.52;8.25;922;57;3242.00;88
8506;56;626205593;8506;327;9431;9512;6.79;0.42;271.52;8.24;925;57;3243.00;81
8507;56;626205605;8507;322;9437;9512;6.84;0.42;271.53;8.24;930;57;3244.00;75
8512;56;626205615;8512;325;9441;9512;6.77;0.42;271.63;8.24;929;57;3245.00;71
8514;56;626205626;8514;327;9447;9512;6.77;0.42;271.67;8.24;933;57;3246.00;65
8515;56;626205638;8515;334;9449;9512;6.72;0.41;271.68;8.24;934;57;3247.00;63
8517;56;626205649;8517;329;9456;9513;6.61;0.41;271.64;8.24;939;57;3248.00;57
8522;56;626205660;8522;340;9459;9514;6.55;0.40;271.59;8.24;937;57;3249.00;55
8526;56;626205672;8526;342;9461;9514;6.49;0.40;271.55;8.24;935;57;3250.00;53
8526;56;626205683;8526;348;9464;9518;6.51;0.40;271.55;8.23;938;57;3251.00;54
8529;56;626205694;8529;347;9465;9518;6.44;0.40;271.54;8.23;936;57;3252.00;53
8531;56;626205707;8531;356;9468;9518;6.33;0.39;271.50;8.24;937;57;3253.00;50
8532;56;626205719;8532;362;9469;9518;6.24;0.39;271.51;8.24;937;57;3254.00;49
8534;56;626205730;8534;362;9472;9524;6.20;0.38;271.52;8.23;938;57;3255.00;52
8538;56;626205742;8538;370;9473;9524;6.23;0.38;271.54;8.23;935;57;3256.00;51
8541;56;626205754;8541;376;9473;9524;6.24;0.38;271.54;8.23;932;57;3257.00;51
8546;56;626205766;8546;376;9476;9527;6.21;0.38;271.62;8.23;930;57;3258.00;51
8549;56;626205778;8549;367;9478;9527;6.25;0.38;271.61;8.28;929;57;3259.00;49
8554;56;626205790;8554;358;9478;9527;6.28;0.38;271.65;8.28;924;57;3260.00;49
8556;56;626205803;8556;358;9478;9528;6.28;0.38;271.60;8.28;922;57;3261.00;50
8561;56;626205816;8561;357;9479;9529;6.25;0.38;271.57;8.28;918;57;3262.00;50
8561;56;626205829;8561;350;9479;9529;6.28;0.38;271.57;8.28;918;57;3263.00;50
8564;56;626205841;8564;354;9490;9542;6.40;0.39;271.57;8.27;926;57;3264.00;52
8567;56;626205854;8567;351;9490;9542;6.42;0.39;271.57;8.27;923;57;3265.00;52
8571;56;626205872;8571;343;9490;9542;6.48;0.40;271.56;8.27;919;57;3266.00;52
8574;56;626205884;8574;343;9491;9543;6.57;0.40;271.56;8.27;917;57;3267.00;52
8580;56;626205897;8580;343;9491;9543;6.56;0.40;271.73;8.27;911;57;3268.00;52
8581;56;626205909;8581;342;9494;9547;6.66;0.41;271.72;8.26;913;57;3269.00;53
8583;56;626205923;8583;346;9494;9547;6.67;0.41;271.73;8.26;911;57;3270.00;53
8585;56;626205936;8585;349;9498;9551;6.76;0.41;271.73;8.26;913;57;3271.00;53
8586;56;626205947;8586;352;9498;9551;6.78;0.42;271.70;8.26;912;57;3272.00;53
8588;56;626205959;8588;356;9498;9551;6.76;0.41;271.74;8.26;910;57;3273.00;53
8590;56;626205972;8590;360;9498;9551;6.79;0.42;271.69;8.26;908;57;3274.00;53
8593;56;626205984;8593;363;9498;9551;6.79;0.42;271.67;8.26;905;57;3275.00;53
8596;56;626205996;8596;372;9508;9563;6.88;0.42;271.61;8.25;912;57;3276.00;55
8598;56;626206011;8598;362;9508;9563;6.94;0.42;271.60;8.25;910;57;3277.00;55
8600;56;626206026;8600;364;9509;9563;7.03;0.43;271.59;8.25;909;57;3278.00;54
8604;56;626206039;8604;355;9509;9563;7.03;0.43;271.64;8.25;905;57;3279.00;54
8605;56;626206051;8605;352;9509;9563;7.05;0.43;271.66;8.25;904;57;3280.00;54
8606;56;626206064;8606;349;9509;9563;7.15;0.44;271.66;8.25;903;57;3281.00;54
8609;56;626206077;8609;340;9509;9564;7.17;0.44;271.69;8.25;900;57;3282.00;55
8613;56;626206089;8613;338;9509;9564;7.21;0.44;271.71;8.25;896;57;3283.00;55
8616;56;626206103;8616;337;9513;9570;7.25;0.44;271.73;8.25;897;57;3284.00;57
8618;56;626206117;8618;340;9515;9572;7.28;0.44;271.79;8.25;897;57;3285.00;57
8623;56;626206130;8623;329;9516;9572;7.28;0.44;271.85;8.25;893;57;3286.00;56
8624;56;626206143;8624;323;9516;9572;7.25;0.44;271.87;8.25;892;57;3287.00;56
8625;56;626206162;8625;313;9519;9576;7.28;0.44;271.89;8.24;894;57;3288.00;57
8625;56;626206179;8625;309;9519;9576;7.35;0.45;271.89;8.24;894;57;3289.00;57
8628;56;626206192;8628;304;9519;9576;7.38;0.45;271.92;8.24;891;57;3290.00;57
8633;56;626206204;8633;301;9520;9577;7.44;0.45;271.90;8.24;887;57;3291.00;57
8639;56;626206217;8639;303;9523;9581;7.44;0.45;271.93;8.24;884;57;3292.00;58
8642;56;626206230;8642;302;9523;9581;7.47;0.45;271.98;8.24;881;57;3293.00;58
8643;56;626206242;8643;297;9525;9584;7.52;0.46;271.96;8.24;882;57;3294.00;59
8644;56;626206255;8644;302;9525;9584;7.55;0.46;272.00;8.24;881;57;3295.00;59
8645;56;626206267;8645;310;9526;9584;7.62;0.46;272.00;8.24;881;57;3296.00;58
8649;56;626206278;8649;310;9526;9584;7.66;0.46;272.04;8.24;877;57;3297.00;58
8651;56;626206290;8651;312;9529;9588;7.68;0.47;272.08;8.24;878;57;3298.00;59
8653;56;626206302;8653;308;9529;9588;7.64;0.46;272.18;8.24;876;57;3299.00;59
8656;56;626206316;8656;306;9533;9607;7.57;0.46;272.21;8.23;877;57;3300.00;74
8658;56;626206339;8658;305;9533;9607;7.56;0.46;272.23;8.23;875;57;3301.00;74
8662;56;626206351;8662;307;9534;9608;7.55;0.46;272.26;8.23;872;57;3302.00;74
8667;56;626206363;8667;300;9535;9609;7.54;0.46;272.30;8.23;868;57;3303.00;74
8670;56;626206374;8670;305;9535;9609;7.61;0.46;272.29;8.23;865;57;3304.00;74
8674;56;626206386;8674;302;9536;9610;7.66;0.47;272.31;8.23;862;57;3305.00;74
8676;56;626206398;8676;301;9537;9610;7.72;0.47;272.36;8.23;861;57;3306.00;73
8678;56;626206409;8678;300;9537;9610;7.75;0.47;272.36;8.23;859;57;3307.00;73
8681;56;626206420;8681;305;9538;9610;7.70;0.47;272.33;8.23;857;57;3308.00;72
8682;56;626206431;8682;301;9538;9610;7.68;0.47;272.33;8.23;856;57;3309.00;72
8683;56;626206443;8683;305;9538;9610;7.61;0.46;272.33;8.23;855;57;3310.00;72
8683;56;626206453;8683;306;9538;9610;7.62;0.46;272.33;8.23;855;57;3311.00;72
8685;56;626206464;8685;332;9606;9737;7.55;0.47;272.35;8.17;921;57;3312.00;131
8686;56;626206485;8686;328;9610;9738;7.54;0.47;272.35;8.17;924;57;3313.00;128
8688;56;626206497;8688;325;9614;9738;7.62;0.47;272.38;8.17;926;57;3314.00;124
8690;56;626206508;8690;328;9615;9738;7.72;0.48;272.37;8.17;925;57;3315.00;123
8693;56;626206521;8693;328;9617;9738;7.80;0.48;272.37;8.17;924;57;3316.00;121
8695;56;626206532;8695;323;9618;9738;7.85;0.48;272.36;8.17;923;57;3317.00;120
8699;56;626206544;8699;328;9622;9738;7.87;0.48;272.41;8.17;923;57;3318.00;116
8701;56;626206555;8701;332;9623;9738;7.89;0.48;272.44;8.17;922;57;3319.00;115
8702;56;626206567;8702;331;9627;9739;7.86;0.48;272.44;8.17;925;57;3320.00;112
8704;56;626206579;8704;318;9629;9740;7.87;0.48;272.43;8.17;925;57;3321.00;111
8706;56;626206591;8706;315;9632;9740;7.90;0.48;272.43;8.17;926;57;3322.00;108
8708;56;626206603;8708;316;9635;9741;7.89;0.48;272.47;8.17;927;57;3323.00;106
8710;56;626206614;8710;319;9639;9741;7.87;0.48;272.48;8.22;929;57;3324.00;102
8713;56;626206626;8713;316;9642;9741;7.85;0.48;272.47;8.22;929;57;3325.00;99
8714;56;626206638;8714;314;9645;9741;7.79;0.48;272.45;8.22;931;57;3326.00;96
8717;56;626206650;8717;318;9647;9745;7.78;0.47;272.47;8.22;930;57;3327.00;98
8721;56;626206662;8721;314;9649;9745;7.80;0.48;272.60;8.22;928;57;3328.00;96
8725;56;626206674;8725;307;9651;9745;7.82;0.48;272.66;8.23;926;57;3329.00;94
8726;56;626206688;8726;306;9654;9751;7.82;0.48;272.67;8.27;928;57;3330.00;97
8727;56;626206700;8727;300;9655;9751;7.86;0.48;272.67;8.27;928;57;3331.00;96
8734;56;626206712;8734;296;9658;9751;7.88;0.48;272.78;8.32;924;57;3332.00;93
8738;56;626206724;8738;290;9663;9755;7.88;0.48;272.73;8.32;925;57;3333.00;92
8741;56;626206741;8741;282;9664;9756;7.85;0.48;272.69;8.32;923;57;3334.00;92
8746;56;626206754;8746;278;9670;9756;7.79;0.47;272.74;8.39;924;57;3335.00;86
8748;56;626206767;8748;273;9672;9760;7.76;0.47;272.77;8.39;924;57;3336.00;88
8751;56;626206779;8751;268;9673;9760;7.77;0.47;272.75;8.39;922;57;3337.00;87
8754;56;626206791;8754;267;9675;9760;7.75;0.47;272.75;8.44;921;57;3338.00;85
8757;56;626206803;8757;259;9676;9761;7.78;0.47;272.71;8.44;919;57;3339.00;85
8761;56;626206815;8761;253;9679;9761;7.76;0.47;272.81;8.44;918;57;3340.00;82
8762;56;626206827;8762;257;9682;9767;7.84;0.48;272.81;8.49;920;57;3341.00;85
8766;56;626206839;8766;250;9683;9767;7.84;0.48;272.80;8.49;917;57;3342.00;84
8769;56;626206851;8769;246;9684;9768;7.82;0.48;272.84;8.49;915;57;3343.00;84
8773;56;626206863;8773;245;9686;9768;7.83;0.48;272.83;8.54;913;57;3344.00;82
8776;56;626206875;8776;246;9687;9768;7.92;0.48;272.84;8.54;911;57;3345.00;81
8779;56;626206887;8779;245;9688;9768;7.99;0.48;272.86;8.55;909;57;3346.00;80
8783;56;626206899;8783;243;9689;9768;8.00;0.48;272.89;8.55;906;57;3347.00;79
8787;56;626206911;8787;247;9700;9780;8.07;0.49;272.91;8.59;913;57;3348.00;80
8789;56;626206924;8789;249;9704;9780;8.10;0.49;272.92;8.60;915;57;3349.00;76
8792;56;626206936;8792;248;9705;9780;8.10;0.49;272.88;8.60;913;57;3350.00;75
8796;56;626206947;8796;250;9711;9780;8.12;0.49;273.00;8.60;915;57;3351.00;69
8797;56;626206960;8797;255;9712;9780;8.14;0.49;273.01;8.60;915;57;3352.00;68
8800;56;626206972;8800;249;9712;9780;8.18;0.49;273.01;8.60;912;57;3353.00;68
8800;56;626206983;8800;253;9716;9784;8.14;0.49;273.01;8.60;916;57;3354.00;68
8803;56;626206995;8803;255;9716;9784;8.09;0.49;273.08;8.60;913;57;3355.00;68
8806;56;626207007;8806;255;9719;9788;8.11;0.49;273.06;8.60;913;57;3356.00;69
8807;56;626207019;8807;257;9721;9789;8.13;0.49;273.07;8.60;914;57;3357.00;68
8809;56;626207031;8809;263;9721;9789;8.12;0.49;273.08;8.60;912;57;3358.00;68
8809;56;626207042;8809;265;9722;9789;8.12;0.49;273.08;8.61;913;57;3359.00;67
8811;56;626207055;8811;277;9741;9818;8.04;0.49;273.15;8.61;930;57;3360.00;77
8814;56;626207069;8814;278;9743;9818;8.00;0.48;273.20;8.60;929;57;3361.00;75
8817;56;626207081;8817;283;9746;9818;7.95;0.48;273.22;8.61;929;57;3362.00;72
8817;56;626207100;8817;287;9750;9819;7.93;0.48;273.22;8.62;933;57;3363.00;69
8818;56;626207118;8818;293;9751;9820;7.86;0.48;273.25;8.62;933;57;3364.00;69
8820;56;626207140;8820;299;9752;9820;7.83;0.48;273.31;8.63;932;57;3365.00;68
8823;56;626207159;8823;304;9756;9823;7.80;0.47;273.31;8.64;933;57;3366.00;67
8824;56;626207178;8824;308;9757;9823;7.77;0.47;273.32;8.65;933;57;3367.00;66
8825;56;626207195;8825;313;9757;9823;7.81;0.48;273.33;8.65;932;57;3368.00;66
8829;56;626207213;8829;318;9759;9823;7.82;0.48;273.34;8.67;930;57;3369.00;64
8831;56;626207227;8831;323;9763;9829;7.84;0.48;273.33;8.67;932;57;3370.00;66
8831;56;626207241;8831;330;9766;9829;7.83;0.48;273.33;8.69;935;57;3371.00;63
8833;56;626207254;8833;335;9766;9829;7.75;0.47;273.32;8.69;933;57;3372.00;63
8834;56;626207267;8834;346;9768;9829;7.68;0.47;273.32;8.71;934;57;3373.00;61
8837;56;626207279;8837;349;9771;9833;7.57;0.47;273.44;8.71;934;57;3374.00;62
8840;56;626207292;8840;351;9775;9835;7.50;0.46;273.42;8.72;935;57;3375.00;60
8843;56;626207306;8843;351;9775;9835;7.41;0.46;273.44;8.72;932;57;3376.00;60
8844;56;626207318;8844;358;9778;9836;7.36;0.45;273.42;8.73;934;57;3377.00;58
8846;56;626207330;8846;360;9778;9836;7.31;0.45;273.39;8.73;932;57;3378.00;58
8847;56;626207342;8847;366;9778;9836;7.23;0.45;273.37;8.73;931;57;3379.00;58
8850;56;626207361;8850;362;9778;9836;7.14;0.44;273.32;8.73;928;57;3380.00;58
8854;56;626207373;8854;357;9781;9836;7.03;0.43;273.25;8.75;927;57;3381.00;55
8862;56;626207384;8862;359;9781;9836;6.90;0.42;273.22;8.75;919;57;3382.00;55
8863;56;626207395;8863;364;9782;9836;6.80;0.42;273.20;8.76;919;57;3383.00;54
8865;56;626207406;8865;370;9817;9906;6.94;0.43;273.23;8.73;952;57;3384.00;89
8867;56;626207424;8867;373;9821;9907;6.89;0.42;273.19;8.73;954;57;3385.00;86
8869;56;626207436;8869;371;9834;9907;6.91;0.42;273.18;8.76;965;57;3386.00;73
8869;56;626207467;8869;376;9838;9907;6.88;0.42;273.18;8.76;969;57;3387.00;69
8870;56;626207492;8870;379;9844;9907;6.87;0.42;273.15;8.76;974;57;3388.00;63
8871;56;626207521;8871;382;9849;9907;6.86;0.42;273.16;8.76;978;57;3389.00;58
8873;56;626207541;8873;390;9853;9907;6.81;0.42;273.12;8.76;980;57;3390.00;54
8878;56;626207556;8878;395;9856;9907;6.66;0.41;273.09;8.77;978;57;3391.00;51
8879;56;626207572;8879;395;9859;9908;6.57;0.40;273.06;8.77;980;57;3392.00;49
8884;56;626207587;8884;406;9859;9909;6.42;0.39;272.96;8.77;975;57;3393.00;50
8885;56;626207602;8885;413;9860;9909;6.32;0.39;272.96;8.77;975;57;3394.00;49
8890;56;626207616;8890;419;9863;9913;6.22;0.38;272.93;8.77;973;57;3395.00;50
8894;56;626207630;8894;429;9864;9913;6.09;0.37;272.92;8.77;970;57;3396.00;49
8896;56;626207644;8896;435;9866;9913;6.01;0.37;272.92;8.78;970;57;3397.00;47
8901;56;626207658;8901;445;9866;9913;5.86;0.36;273.01;8.78;965;57;3398.00;47
8904;56;626207672;8904;454;9870;9919;5.76;0.35;273.02;8.77;966;57;3399.00;49
8907;56;626207686;8907;443;9872;9919;5.64;0.35;273.03;8.78;965;57;3400.00;47
8911;56;626207716;8911;439;9872;9919;5.48;0.34;273.02;8.78;961;57;3401.00;47
8912;56;626207731;8912;438;9875;9922;5.42;0.33;273.04;8.78;963;57;3402.00;47
8913;56;626207746;8913;441;9875;9922;5.35;0.33;273.04;8.78;962;57;3403.00;47
8916;56;626207758;8916;445;9876;9922;5.34;0.33;273.04;8.78;960;57;3404.00;46
8918;56;626207772;8918;449;9877;9923;5.36;0.33;273.04;8.79;959;57;3405.00;46
8921;56;626207785;8921;447;9879;9924;5.40;0.33;272.99;8.79;958;57;3406.00;45
8922;56;626207799;8922;443;9880;9924;5.46;0.34;272.97;8.79;958;57;3407.00;44
8923;56;626207812;8923;433;9889;9937;5.57;0.34;273.00;8.78;966;57;3408.00;48
8925;56;626207829;8925;428;9889;9937;5.66;0.35;273.01;8.78;964;57;3409.00;48
8927;56;626207843;8927;422;9891;9937;5.64;0.35;273.04;8.78;964;57;3410.00;46
8930;56;626207855;8930;403;9893;9938;5.68;0.35;273.05;8.78;963;57;3411.00;45
8932;56;626207869;8932;389;9893;9938;5.73;0.35;273.06;8.78;961;57;3412.00;45
8937;56;626207882;8937;380;9895;9942;5.81;0.36;273.03;8.78;958;57;3413.00;47
8940;56;626207898;8940;368;9896;9942;5.84;0.36;273.06;8.78;956;57;3414.00;46
8944;56;626207913;8944;363;9900;9946;5.95;0.36;273.02;8.77;956;57;3415.00;46
8949;57;626207928;8949;346;9900;9946;6.04;0.37;272.96;8.77;951;58;3416.00;46
8953;57;626207954;8953;333;9900;9946;6.07;0.37;272.95;8.77;947;58;3417.00;46
8954;57;626207968;8954;336;9900;9946;6.11;0.37;272.92;8.77;946;58;3418.00;46
8959;57;626207985;8959;330;9900;9946;6.14;0.37;272.91;8.77;941;58;3419.00;46
8962;57;626208001;8962;331;9926;9980;6.35;0.39;272.91;8.75;964;58;3420.00;54
8965;57;626208019;8965;337;9926;9980;6.44;0.39;272.90;8.75;961;58;3421.00;54
8971;57;626208035;8971;333;9927;9980;6.49;0.40;272.99;8.75;956;58;3422.00;53
8974;57;626208057;8974;336;9928;9980;6.57;0.40;272.95;8.75;954;58;3423.00;52
8976;57;626208074;8976;337;9929;9980;6.65;0.41;272.93;8.75;953;58;3424.00;51
8981;57;626208092;8981;328;9929;9980;6.73;0.41;272.88;8.75;948;58;3425.00;51
8983;57;626208108;8983;320;9929;9981;6.80;0.41;272.94;8.75;946;58;3426.00;52
8984;57;626208123;8984;320;9929;9981;6.86;0.42;272.93;8.75;945;58;3427.00;52
8987;57;626208139;8987;324;9933;9987;6.91;0.42;272.97;8.75;946;58;3428.00;54
8989;57;626208156;8989;320;9934;9988;7.01;0.43;272.95;8.75;945;58;3429.00;54
8992;57;626208170;8992;322;9935;9988;7.06;0.43;272.94;8.75;943;58;3430.00;53
8992;57;626208185;8992;319;9935;9988;7.07;0.43;272.94;8.75;943;58;3431.00;53
8995;57;626208200;8995;322;9938;9992;7.09;0.43;272.92;8.74;943;58;3432.00;54
8998;57;626208214;8998;322;9938;9992;7.07;0.43;272.95;8.74;940;58;3433.00;54
9000;57;626208229;9000;323;9938;9992;7.08;0.43;273.01;8.74;938;58;3434.00;54
9004;57;626208243;9004;324;9939;9993;7.13;0.44;273.01;8.74;935;58;3435.00;54
9007;57;626208262;9007;327;9942;9997;7.19;0.44;272.99;8.74;935;58;3436.00;55
9010;57;626208276;9010;322;9942;9997;7.25;0.44;272.99;8.74;932;58;3437.00;55
9014;57;626208290;9014;322;9944;10000;7.31;0.45;273.06;8.74;930;58;3438.00;56
9016;57;626208303;9016;329;9944;10000;7.35;0.45;273.09;8.74;928;58;3439.00;56
9019;57;626208316;9019;325;9945;10000;7.36;0.45;273.09;8.74;926;58;3440.00;55
9022;57;626208329;9022;327;9945;10000;7.33;0.45;273.11;8.74;923;58;3441.00;55
9025;57;626208343;9025;332;9948;10004;7.27;0.44;273.12;8.73;923;58;3442.00;56
9027;57;626208357;9027;330;9949;10004;7.26;0.44;273.16;8.73;922;58;3443.00;55
9030;57;626208370;9030;337;9949;10004;7.22;0.44;273.18;8.73;919;58;3444.00;55
9034;57;626208387;9034;344;9949;10004;7.18;0.44;273.19;8.73;915;58;3445.00;55
9040;57;626208401;9040;347;9949;10005;7.06;0.43;273.25;8.73;909;58;3446.00;56
9043;57;626208415;9043;337;9950;10006;6.98;0.43;273.28;8.73;907;58;3447.00;56
9047;57;626208429;9047;323;9950;10006;6.91;0.42;273.31;8.73;903;58;3448.00;56
9053;57;626208443;9053;316;9951;10007;6.88;0.42;273.46;8.73;898;58;3449.00;56
9056;57;626208459;9056;312;9951;10007;6.89;0.42;273.48;8.73;895;58;3450.00;56
9058;57;626208474;9058;310;9951;10007;6.88;0.42;273.52;8.73;893;58;3451.00;56
9059;57;626208488;9059;306;9951;10007;6.92;0.42;273.57;8.73;892;58;3452.00;56
9063;58;626208501;9063;306;9951;10007;6.94;0.42;273.62;8.73;888;59;3453.00;56
9065;58;626208524;9065;307;9951;10007;6.97;0.42;273.66;8.73;886;59;3454.00;56
9069;58;626208548;9069;299;9951;10007;6.95;0.42;273.71;8.73;882;59;3455.00;56
9072;58;626208568;9072;307;10022;10134;7.16;0.44;273.75;8.67;950;59;3456.00;112
9075;58;626208605;9075;289;10024;10135;7.27;0.45;273.77;8.67;949;59;3457.00;111
9079;58;626208620;9079;262;10031;10135;7.46;0.46;273.86;8.66;952;59;3458.00;104
9081;58;626208635;9081;250;10033;10135;7.61;0.47;273.84;8.66;952;59;3459.00;102
9083;58;626208650;9083;245;10037;10135;7.81;0.48;273.91;8.66;954;59;3460.00;98
9089;58;626208669;9089;243;10042;10135;7.96;0.49;274.03;8.66;953;59;3461.00;93
9091;58;626208688;9091;243;10046;10135;8.04;0.49;274.01;8.66;955;59;3462.00;89
9095;58;626208715;9095;244;10050;10135;8.04;0.49;274.06;8.66;955;59;3463.00;85
9098;58;626208731;9098;245;10055;10136;8.08;0.50;274.11;8.66;957;59;3464.00;81
9101;58;626208751;9101;254;10059;10138;8.05;0.49;274.22;8.66;958;59;3465.00;79
9104;58;626208775;9104;262;10061;10138;8.07;0.50;274.26;8.66;957;59;3466.00;77
9108;58;626208791;9108;266;10062;10139;8.08;0.50;274.25;8.66;954;59;3467.00;77
9111;58;626208807;9111;269;10064;10139;8.05;0.49;274.27;8.66;953;59;3468.00;75
9113;58;626208823;9113;262;10065;10139;8.09;0.50;274.29;8.66;952;59;3469.00;74
9115;58;626208839;9115;265;10067;10139;8.07;0.49;274.29;8.66;952;59;3470.00;72
9117;58;626208855;9117;262;10070;10143;8.08;0.50;274.33;8.66;953;59;3471.00;73
9120;58;626208870;9120;263;10072;10143;8.12;0.50;274.44;8.66;952;59;3472.00;71
9121;58;626208886;9121;259;10072;10143;8.13;0.50;274.43;8.66;951;59;3473.00;71
9122;58;626208899;9122;250;10075;10146;8.14;0.50;274.41;8.72;953;59;3474.00;71
9124;58;626208916;9124;248;10077;10146;8.11;0.50;274.44;8.72;953;59;3475.00;69
9127;58;626208931;9127;240;10078;10146;8.09;0.49;274.48;8.72;951;59;3476.00;68
9127;58;626208946;9127;233;10082;10150;8.08;0.49;274.48;8.71;955;59;3477.00;68
9130;58;626208961;9130;236;10083;10151;8.10;0.50;274.52;8.71;953;59;3478.00;68
9134;58;626208976;9134;239;10084;10151;8.09;0.49;274.51;8.71;950;59;3479.00;67
9137;58;626208992;9137;239;10088;10156;8.03;0.49;274.54;8.71;951;59;3480.00;68
9140;58;626209007;9140;242;10088;10156;7.99;0.49;274.56;8.71;948;59;3481.00;68
9144;58;626209021;9144;237;10088;10156;7.93;0.48;274.58;8.71;944;59;3482.00;68
9146;58;626209041;9146;241;10089;10157;7.85;0.48;274.58;8.71;943;59;3483.00;68
9148;58;626209068;9148;240;10089;10157;7.86;0.48;274.63;8.71;941;59;3484.00;68
9151;58;626209083;9151;244;10093;10163;7.88;0.48;274.59;8.71;942;59;3485.00;70
9152;58;626209097;9152;242;10093;10163;7.90;0.48;274.58;8.71;941;59;3486.00;70
9153;58;626209114;9153;247;10094;10164;7.90;0.48;274.57;8.71;941;59;3487.00;70
9155;58;626209136;9155;251;10094;10164;7.87;0.48;274.57;8.71;939;59;3488.00;70
9161;58;626209154;9161;254;10095;10164;7.74;0.47;274.63;8.76;934;59;3489.00;69
9163;58;626209175;9163;253;10095;10164;7.74;0.47;274.60;8.76;932;59;3490.00;69
9163;58;626209198;9163;251;10095;10164;7.73;0.47;274.60;8.76;932;59;3491.00;69
9166;58;626209219;9166;241;10104;10176;7.76;0.47;274.57;8.76;938;59;3492.00;72
9169;58;626209236;9169;237;10104;10176;7.72;0.47;274.62;8.76;935;59;3493.00;72
9169;58;626209261;9169;235;10106;10176;7.77;0.47;274.62;8.76;937;59;3494.00;70
9174;58;626209277;9174;232;10106;10176;7.76;0.47;274.66;8.76;932;59;3495.00;70
9176;58;626209294;9176;230;10106;10176;7.73;0.47;274.72;8.76;930;59;3496.00;70
9179;58;626209309;9179;227;10106;10176;7.77;0.47;274.76;8.76;927;59;3497.00;70
9184;58;626209324;9184;226;10109;10180;7.77;0.47;274.81;8.75;925;59;3498.00;71
9185;58;626209338;9185;223;10109;10180;7.81;0.47;274.83;8.75;924;59;3499.00;71
9187;58;626209354;9187;217;10113;10184;7.78;0.47;274.89;8.81;926;59;3500.00;71
9190;58;626209375;9190;214;10115;10185;7.76;0.47;274.86;8.81;925;59;3501.00;70
9193;58;626209395;9193;204;10115;10185;7.68;0.47;274.89;8.81;922;59;3502.00;70
9194;58;626209411;9194;202;10115;10185;7.64;0.46;274.90;8.81;921;59;3503.00;70
9197;59;626209426;9197;197;10124;10198;7.62;0.46;274.89;8.80;927;60;3504.00;74
9201;59;626209456;9201;201;10125;10198;7.59;0.46;274.94;8.81;924;60;3505.00;73
9204;59;626209472;9204;196;10127;10198;7.60;0.46;274.98;8.82;923;60;3506.00;71
9208;59;626209487;9208;199;10128;10199;7.61;0.46;275.02;8.82;920;60;3507.00;71
9209;59;626209501;9209;201;10129;10200;7.65;0.46;275.03;8.89;920;60;3508.00;71
9212;59;626209514;9212;202;10129;10200;7.64;0.46;275.07;8.89;917;60;3509.00;71
9216;59;626209531;9216;199;10132;10206;7.64;0.46;275.08;8.88;916;60;3510.00;74
9220;59;626209552;9220;202;10133;10206;7.67;0.46;275.09;8.88;913;60;3511.00;73
9221;59;626209568;9221;207;10135;10206;7.74;0.47;275.06;8.94;914;60;3512.00;71
9224;59;626209583;9224;213;10135;10206;7.85;0.48;275.16;8.94;911;60;3513.00;71
9225;59;626209598;9225;211;10139;10212;7.92;0.48;275.17;8.94;914;60;3514.00;73
9229;59;626209614;9229;215;10140;10212;7.91;0.48;275.21;9.00;911;60;3515.00;72
9233;59;626209630;9233;220;10141;10212;7.89;0.48;275.28;9.00;908;60;3516.00;71
9233;59;626209651;9233;215;10142;10212;7.88;0.48;275.28;9.00;909;60;3517.00;70
9238;59;626209665;9238;215;10147;10216;7.80;0.47;275.32;9.06;909;60;3518.00;69
9239;59;626209680;9239;217;10149;10219;7.77;0.47;275.34;9.06;910;60;3519.00;70
9240;59;626209698;9240;215;10150;10219;7.74;0.47;275.34;9.06;910;60;3520.00;69
9243;59;626209711;9243;219;10151;10220;7.66;0.46;275.36;9.06;908;60;3521.00;69
9245;59;626209727;9245;216;10151;10220;7.58;0.46;275.40;9.06;906;60;3522.00;69
9247;59;626209742;9247;218;10151;10220;7.55;0.46;275.47;9.06;904;60;3523.00;69
9248;59;626209757;9248;226;10152;10220;7.51;0.46;275.46;9.07;904;60;3524.00;68
9251;59;626209772;9251;225;10152;10220;7.44;0.45;275.54;9.07;901;60;3525.00;68
9253;59;626209788;9253;234;10153;10220;7.39;0.45;275.55;9.08;900;60;3526.00;67
9253;59;626209802;9253;238;10153;10220;7.36;0.45;275.55;9.08;900;60;3527.00;67
9257;59;626209816;9257;245;10186;10290;7.46;0.45;275.54;9.05;929;60;3528.00;104
9257;59;626209839;9257;241;10187;10291;7.46;0.45;275.54;9.05;930;60;3529.00;104
9258;59;626209855;9258;236;10197;10291;7.54;0.46;275.54;9.07;939;60;3530.00;94
9260;59;626209869;9260;241;10202;10291;7.52;0.46;275.51;9.06;942;60;3531.00;89
9261;59;626209883;9261;245;10207;10291;7.51;0.46;275.49;9.06;946;60;3532.00;84
9263;59;626209897;9263;250;10210;10291;7.52;0.46;275.48;9.07;947;60;3533.00;81
9267;59;626209912;9267;257;10212;10291;7.46;0.45;275.45;9.07;945;60;3534.00;79
9270;59;626209926;9270;262;10217;10291;7.38;0.45;275.40;9.10;947;60;3535.00;74
9274;59;626209940;9274;265;10221;10292;7.31;0.44;275.42;9.11;947;60;3536.00;71
9275;59;626209956;9275;272;10228;10293;7.28;0.44;275.41;9.12;953;60;3537.00;65
9276;59;626209972;9276;274;10230;10293;7.22;0.44;275.39;9.13;954;60;3538.00;63
9276;59;626209991;9276;282;10234;10297;7.21;0.44;275.39;9.14;958;60;3539.00;63
9282;59;626210010;9282;283;10235;10297;7.04;0.43;275.29;9.15;953;60;3540.00;62
9284;59;626210033;9284;288;10236;10297;6.92;0.42;275.26;9.16;952;60;3541.00;61
9285;59;626210048;9285;293;10237;10297;6.86;0.42;275.27;9.16;952;60;3542.00;60
9286;59;626210066;9286;298;10242;10303;6.85;0.42;275.25;9.17;956;60;3543.00;61
9288;59;626210083;9288;304;10244;10303;6.80;0.42;275.22;9.17;956;60;3544.00;59
9289;59;626210099;9289;308;10245;10303;6.73;0.41;275.21;9.18;956;60;3545.00;58
9289;59;626210121;9289;320;10248;10306;6.71;0.41;275.21;9.18;959;60;3546.00;58
9289;59;626210139;9289;338;10249;10306;6.59;0.40;275.21;9.18;960;60;3547.00;57
9289;59;626210159;9289;347;10250;10306;6.46;0.40;275.21;9.19;961;60;3548.00;56
9289;59;626210173;9289;345;10251;10307;6.36;0.39;275.21;9.19;962;60;3549.00;56
9290;59;626210185;9290;343;10252;10308;6.26;0.38;275.21;9.19;962;60;3550.00;56
9293;59;626210203;9293;345;10255;10308;6.17;0.38;275.19;9.22;962;60;3551.00;53
9295;59;626210217;9295;347;10266;10321;6.14;0.38;275.15;9.21;971;60;3552.00;55
9296;59;626210238;9296;352;10266;10321;6.09;0.37;275.13;9.21;970;60;3553.00;55
9296;59;626210256;9296;348;10268;10321;6.02;0.37;275.13;9.23;972;60;3554.00;53
9299;59;626210268;9299;354;10270;10323;5.97;0.37;275.08;9.22;971;60;3555.00;53
9300;59;626210281;9300;357;10271;10323;5.94;0.36;275.06;9.22;971;60;3556.00;52
9301;59;626210292;9301;360;10275;10327;5.97;0.37;275.04;9.23;974;60;3557.00;52
9303;59;626210306;9303;360;10276;10327;5.94;0.36;275.01;9.23;973;60;3558.00;51
9307;59;626210318;9307;367;10281;10331;5.91;0.36;275.09;9.24;974;60;3559.00;50
9307;59;626210335;9307;370;10281;10331;5.88;0.36;275.09;9.24;974;60;3560.00;50
9311;59;626210347;9311;372;10281;10331;5.72;0.35;275.05;9.24;970;60;3561.00;50
9315;59;626210366;9315;373;10283;10331;5.56;0.34;275.07;9.25;968;60;3562.00;48
9318;59;626210384;9318;365;10283;10331;5.48;0.33;275.02;9.25;965;60;3563.00;48
9320;59;626210399;9320;358;10292;10343;5.51;0.34;275.03;9.24;972;60;3564.00;51
9321;59;626210412;9321;359;10294;10343;5.47;0.33;275.06;9.26;973;60;3565.00;49
9326;59;626210425;9326;361;10296;10343;5.44;0.33;275.02;9.25;970;60;3566.00;47
9326;59;626210439;9326;366;10296;10343;5.42;0.33;275.02;9.25;970;60;3567.00;47
9331;60;626210451;9331;365;10298;10343;5.30;0.32;274.97;9.26;967;61;3568.00;45
9332;60;626210479;9332;366;10298;10343;5.29;0.32;274.96;9.26;966;61;3569.00;45
9335;60;626210494;9335;349;10298;10344;5.23;0.32;274.95;9.26;963;61;3570.00;46
9338;60;626210512;9338;340;10299;10344;5.21;0.32;274.91;9.27;961;61;3571.00;45
9338;60;626210528;9338;333;10305;10350;5.33;0.32;274.91;9.27;967;61;3572.00;45
9341;60;626210540;9341;325;10308;10351;5.38;0.33;274.88;9.28;967;61;3573.00;43
9344;60;626210554;9344;336;10308;10351;5.43;0.33;274.90;9.28;964;61;3574.00;43
9346;60;626210567;9346;327;10308;10351;5.55;0.34;274.90;9.28;962;61;3575.00;43
9348;60;626210583;9348;329;10313;10355;5.66;0.35;274.92;9.28;965;61;3576.00;42
9348;60;626210597;9348;324;10313;10355;5.76;0.35;274.92;9.28;965;61;3577.00;42
9352;60;626210608;9352;323;10315;10355;5.80;0.35;274.92;9.28;963;61;3578.00;40
9354;60;626210622;9354;320;10316;10356;5.86;0.36;274.96;9.28;962;61;3579.00;40
9355;60;626210637;9355;320;10319;10360;5.95;0.36;275.00;9.28;964;61;3580.00;41
9357;60;626210654;9357;319;10319;10360;6.02;0.37;275.01;9.28;962;61;3581.00;41
9357;60;626210667;9357;312;10321;10363;6.14;0.38;275.01;9.28;964;61;3582.00;42
9360;60;626210681;9360;311;10322;10363;6.20;0.38;275.06;9.28;962;61;3583.00;41
9364;60;626210696;9364;312;10322;10363;6.27;0.38;275.12;9.28;958;61;3584.00;41
9368;60;626210710;9368;307;10322;10363;6.36;0.39;275.11;9.28;954;61;3585.00;41
9372;60;626210723;9372;312;10325;10367;6.46;0.40;275.17;9.28;953;61;3586.00;42
9377;60;626210737;9377;310;10325;10367;6.49;0.40;275.18;9.28;948;61;3587.00;42
9379;60;626210751;9379;307;10326;10367;6.60;0.40;275.17;9.28;947;61;3588.00;41
9386;60;626210765;9386;303;10326;10367;6.60;0.40;275.27;9.28;940;61;3589.00;41
9390;60;626210783;9390;299;10326;10368;6.66;0.41;275.27;9.28;936;61;3590.00;42
9395;60;626210798;9395;300;10327;10369;6.73;0.41;275.33;9.27;932;61;3591.00;42
9400;60;626210820;9400;299;10327;10369;6.76;0.42;275.42;9.27;927;61;3592.00;42
9402;60;626210836;9402;294;10328;10370;6.84;0.42;275.41;9.27;926;61;3593.00;42
9404;60;626210851;9404;281;10328;10370;6.95;0.43;275.43;9.27;924;61;3594.00;42
9412;60;626210872;9412;282;10328;10370;6.97;0.43;275.45;9.27;916;61;3595.00;42
9416;60;626210886;9416;278;10328;10370;7.01;0.43;275.52;9.27;912;61;3596.00;42
9422;60;626210899;9422;284;10328;10370;7.00;0.43;275.54;9.27;906;61;3597.00;42
9427;60;626210913;9427;283;10328;10370;6.98;0.43;275.61;9.27;901;61;3598.00;42
9435;60;626210928;9435;286;10329;10370;6.93;0.42;275.64;9.34;894;61;3599.00;41
9436;60;626210946;9436;320;10443;10623;7.24;0.46;275.67;9.24;1007;61;3600.00;180
9445;60;626210990;9445;314;10449;10624;7.24;0.45;275.70;9.24;1004;61;3601.00;175
9452;60;626211006;9452;301;10460;10624;7.25;0.46;275.71;9.23;1008;61;3602.00;164
9454;60;626211021;9454;294;10465;10624;7.35;0.46;275.70;9.23;1011;61;3603.00;159
9459;60;626211036;9459;293;10471;10624;7.38;0.46;275.77;9.22;1012;61;3604.00;153
9466;60;626211052;9466;300;10474;10624;7.40;0.46;275.83;9.22;1008;61;3605.00;150
9469;60;626211075;9469;295;10481;10624;7.45;0.46;275.85;9.22;1012;61;3606.00;143
9473;60;626211091;9473;308;10486;10624;7.45;0.46;275.84;9.22;1013;61;3607.00;138
9479;60;626211112;9479;311;10491;10625;7.45;0.46;275.85;9.22;1012;61;3608.00;134
9480;60;626211134;9480;309;10494;10626;7.54;0.47;275.89;9.22;1014;61;3609.00;132
9484;60;626211158;9484;312;10499;10626;7.55;0.47;276.01;9.22;1015;61;3610.00;127
9488;60;626211179;9488;314;10508;10627;7.46;0.46;276.03;9.28;1020;61;3611.00;119
9490;60;626211200;9490;325;10510;10627;7.36;0.46;276.07;9.28;1020;61;3612.00;117
9494;60;626211220;9494;328;10513;10627;7.28;0.45;276.10;9.28;1019;61;3613.00;114
9498;60;626211235;9498;334;10520;10627;7.22;0.45;276.13;9.29;1022;61;3614.00;107
9499;60;626211250;9499;344;10523;10631;7.16;0.44;276.15;9.29;1024;61;3615.00;108
9501;60;626211265;9501;344;10525;10631;7.14;0.44;276.16;9.29;1024;61;3616.00;106
9506;60;626211280;9506;337;10529;10631;7.12;0.44;276.22;9.29;1023;61;3617.00;102
9508;60;626211295;9508;336;10533;10634;7.16;0.44;276.23;9.29;1025;61;3618.00;101
9511;60;626211310;9511;333;10536;10634;7.25;0.45;276.29;9.35;1025;61;3619.00;98
9516;60;626211333;9516;332;10538;10634;7.30;0.45;276.32;9.35;1022;61;3620.00;96
9518;60;626211348;9518;337;10544;10638;7.40;0.45;276.28;9.40;1026;61;3621.00;94
9521;60;626211362;9521;334;10545;10639;7.48;0.46;276.33;9.40;1024;61;3622.00;94
9523;60;626211377;9523;337;10547;10639;7.54;0.46;276.37;9.41;1024;61;3623.00;92
9526;60;626211392;9526;333;10549;10643;7.64;0.47;276.38;9.41;1023;61;3624.00;94
9530;60;626211408;9530;333;10551;10643;7.64;0.47;276.54;9.46;1021;61;3625.00;92
9535;60;626211427;9535;321;10553;10643;7.60;0.46;276.59;9.47;1018;61;3626.00;90
9540;60;626211444;9540;312;10554;10644;7.62;0.47;276.63;9.46;1014;61;3627.00;90
9543;60;626211459;9543;306;10556;10644;7.63;0.47;276.71;9.47;1013;61;3628.00;88
9545;60;626211475;9545;286;10561;10650;7.63;0.47;276.79;9.52;1016;61;3629.00;89
9552;60;626211492;9552;282;10562;10650;7.67;0.47;276.83;9.52;1010;61;3630.00;88
9555;60;626211507;9555;283;10562;10651;7.70;0.47;276.90;9.52;1007;61;3631.00;89
9556;60;626211522;9556;283;10564;10651;7.71;0.47;276.93;9.57;1008;61;3632.00;87
9560;60;626211536;9560;283;10565;10651;7.73;0.47;277.02;9.57;1005;61;3633.00;86
9565;60;626211551;9565;286;10566;10651;7.68;0.47;277.06;9.58;1001;61;3634.00;85
9567;60;626211572;9567;280;10567;10651;7.69;0.47;277.08;9.63;1000;61;3635.00;84
9572;60;626211586;9572;287;10575;10663;7.59;0.46;277.15;9.62;1003;61;3636.00;88
9573;60;626211602;9573;286;10578;10663;7.59;0.46;277.18;9.67;1005;61;3637.00;85
9576;60;626211617;9576;283;10580;10663;7.57;0.46;277.16;9.67;1004;61;3638.00;83
9576;60;626211630;9576;287;10581;10663;7.58;0.46;277.16;9.67;1005;61;3639.00;82
9578;60;626211645;9578;286;10583;10663;7.59;0.46;277.18;9.72;1005;61;3640.00;80
9579;60;626211659;9579;283;10583;10663;7.62;0.46;277.16;9.72;1004;61;3641.00;80
9581;60;626211673;9581;282;10586;10667;7.58;0.46;277.14;9.72;1005;61;3642.00;81
9581;60;626211694;9581;279;10586;10667;7.58;0.46;277.14;9.72;1005;61;3643.00;81
9584;60;626211708;9584;282;10589;10671;7.55;0.46;277.16;9.71;1005;61;3644.00;82
9585;60;626211722;9585;280;10591;10673;7.50;0.46;277.19;9.71;1006;61;3645.00;82
9586;60;626211735;9586;281;10594;10673;7.54;0.46;277.17;9.71;1008;61;3646.00;79
9587;60;626211748;9587;283;10594;10673;7.55;0.46;277.22;9.71;1007;61;3647.00;79
9590;60;626211761;9590;293;10603;10686;7.56;0.46;277.24;9.71;1013;61;3648.00;83
9594;60;626211776;9594;293;10603;10686;7.54;0.46;277.31;9.71;1009;61;3649.00;83
9599;60;626211789;9599;299;10603;10686;7.59;0.46;277.30;9.71;1004;61;3650.00;83
9599;60;626211803;9599;301;10604;10687;7.66;0.47;277.30;9.71;1005;61;3651.00;83
9601;60;626211816;9601;302;10604;10688;7.69;0.47;277.35;9.71;1003;61;3652.00;84
9603;60;626211829;9603;303;10604;10688;7.61;0.46;277.34;9.71;1001;61;3653.00;84
9604;60;626211842;9604;304;10606;10691;7.52;0.46;277.33;9.70;1002;61;3654.00;85
9607;60;626211856;9607;304;10606;10691;7.37;0.45;277.30;9.70;999;61;3655.00;85
9607;60;626211868;9607;306;10607;10691;7.24;0.44;277.30;9.70;1000;61;3656.00;84
9610;60;626211880;9610;310;10607;10691;7.14;0.44;277.29;9.70;997;61;3657.00;84
9611;60;626211893;9611;317;10611;10697;7.10;0.43;277.28;9.70;1000;61;3658.00;86
9613;60;626211906;9613;319;10612;10697;7.06;0.43;277.26;9.74;999;61;3659.00;85
9614;60;626211920;9614;313;10613;10697;7.01;0.43;277.23;9.74;999;61;3660.00;84
9617;60;626211932;9617;308;10613;10697;6.91;0.42;277.18;9.74;996;61;3661.00;84
9617;60;626211945;9617;306;10616;10701;6.84;0.42;277.18;9.74;999;61;3662.00;85
9619;60;626211957;9619;303;10617;10702;6.82;0.42;277.15;9.74;998;61;3663.00;85
9620;60;626211970;9620;303;10617;10702;6.79;0.41;277.13;9.74;997;61;3664.00;85
9622;60;626211982;9622;304;10618;10703;6.76;0.41;277.17;9.74;996;61;3665.00;85
9624;60;626211995;9624;298;10618;10703;6.74;0.41;277.19;9.74;994;61;3666.00;85
9627;60;626212007;9627;296;10618;10703;6.70;0.41;277.20;9.74;991;61;3667.00;85
9632;60;626212018;9632;299;10619;10703;6.66;0.40;277.25;9.75;987;61;3668.00;84
9635;60;626212029;9635;291;10619;10703;6.60;0.40;277.29;9.75;984;61;3669.00;84
9636;60;626212041;9636;286;10619;10703;6.61;0.40;277.33;9.75;983;61;3670.00;84
9640;60;626212053;9640;286;10619;10703;6.58;0.40;277.32;9.75;979;61;3671.00;84
9645;60;626212069;9645;276;10648;10773;6.56;0.40;277.38;9.72;1003;61;3672.00;125
9645;60;626212087;9645;275;10651;10774;6.51;0.40;277.38;9.77;1006;61;3673.00;123
9648;60;626212099;9648;264;10657;10774;6.59;0.40;277.35;9.77;1009;61;3674.00;117
9648;60;626212113;9648;261;10662;10774;6.61;0.40;277.35;9.78;1014;61;3675.00;112
9650;60;626212127;9650;253;10665;10774;6.64;0.41;277.35;9.78;1015;61;3676.00;109
9652;60;626212139;9652;254;10668;10774;6.71;0.41;277.33;9.78;1016;61;3677.00;106
9654;60;626212155;9654;242;10670;10774;6.77;0.41;277.31;9.78;1016;61;3678.00;104
9658;60;626212168;9658;236;10673;10774;6.82;0.41;277.27;9.78;1015;61;3679.00;101
9660;60;626212181;9660;233;10675;10775;6.82;0.41;277.24;9.78;1015;61;3680.00;100
9662;60;626212194;9662;239;10679;10776;6.87;0.42;277.20;9.82;1017;61;3681.00;97
9665;60;626212206;9665;233;10681;10776;6.86;0.42;277.21;9.82;1016;61;3682.00;95
9667;60;626212219;9667;225;10685;10780;6.92;0.42;277.18;9.82;1018;61;3683.00;95
9670;61;626212231;9670;225;10685;10780;6.90;0.42;277.28;9.82;1015;62;3684.00;95
9671;61;626212250;9671;227;10686;10780;6.88;0.42;277.26;9.86;1015;62;3685.00;94
9672;61;626212266;9672;231;10687;10780;6.85;0.42;277.24;9.86;1015;62;3686.00;93
9672;61;626212278;9672;232;10690;10786;6.91;0.42;277.24;9.86;1018;62;3687.00;96
9674;61;626212291;9674;229;10691;10786;6.91;0.42;277.20;9.86;1017;62;3688.00;95
9677;61;626212302;9677;234;10692;10786;6.90;0.42;277.15;9.87;1015;62;3689.00;94
9680;61;626212317;9680;237;10696;10792;6.87;0.42;277.12;9.86;1016;62;3690.00;96
9683;61;626212330;9683;251;10696;10792;6.83;0.41;277.09;9.86;1013;62;3691.00;96
9686;61;626212342;9686;257;10699;10792;6.79;0.41;277.05;9.87;1013;62;3692.00;93
9686;61;626212354;9686;258;10701;10793;6.73;0.41;277.05;9.87;1015;62;3693.00;92
9690;61;626212366;9690;259;10705;10794;6.63;0.40;277.01;9.88;1015;62;3694.00;89
9692;61;626212379;9692;267;10705;10794;6.54;0.40;276.97;9.88;1013;62;3695.00;89
9694;61;626212391;9694;275;10716;10807;6.52;0.40;276.97;9.88;1022;62;3696.00;91
9694;61;626212404;9694;277;10717;10807;6.49;0.39;276.97;9.88;1023;62;3697.00;90
9696;61;626212416;9696;287;10719;10807;6.48;0.39;276.95;9.89;1023;62;3698.00;88
9697;61;626212428;9697;297;10721;10808;6.48;0.40;276.94;9.89;1024;62;3699.00;87
9699;61;626212440;9699;295;10722;10808;6.45;0.39;276.92;9.90;1023;62;3700.00;86
9701;61;626212456;9701;296;10728;10812;6.48;0.40;276.91;9.92;1027;62;3701.00;84
9703;61;626212469;9703;307;10728;10812;6.48;0.40;276.90;9.92;1025;62;3702.00;84
9705;61;626212481;9705;312;10735;10816;6.47;0.40;276.87;9.95;1030;62;3703.00;81
9707;61;626212493;9707;312;10735;10816;6.43;0.39;276.83;9.95;1028;62;3704.00;81
9708;61;626212504;9708;319;10737;10816;6.39;0.39;276.81;9.97;1029;62;3705.00;79
9712;61;626212521;9712;318;10737;10816;6.31;0.39;276.76;9.97;1025;62;3706.00;79
9712;61;626212533;9712;323;10739;10816;6.29;0.39;276.76;9.99;1027;62;3707.00;77
9717;61;626212544;9717;329;10749;10828;6.33;0.39;276.81;9.98;1032;62;3708.00;79
9719;61;626212557;9719;324;10753;10828;6.27;0.38;276.77;10.00;1034;62;3709.00;75
9721;61;626212569;9721;332;10754;10828;6.18;0.38;276.79;10.01;1033;62;3710.00;74
9723;61;626212581;9723;345;10756;10828;6.13;0.37;276.76;10.02;1033;62;3711.00;72
9724;61;626212592;9724;340;10759;10828;6.05;0.37;276.74;10.05;1035;62;3712.00;69
9726;61;626212604;9726;343;10759;10828;5.99;0.37;276.72;10.05;1033;62;3713.00;69
9728;61;626212616;9728;351;10761;10829;5.94;0.36;276.73;10.06;1033;62;3714.00;68
9728;61;626212633;9728;341;10763;10829;5.91;0.36;276.73;10.07;1035;62;3715.00;66
9728;61;626212644;9728;336;10767;10835;5.93;0.36;276.73;10.07;1039;62;3716.00;68
9731;61;626212658;9731;333;10771;10836;5.91;0.36;276.67;10.07;1040;62;3717.00;65
9731;61;626212670;9731;331;10771;10836;5.88;0.36;276.67;10.07;1040;62;3718.00;65
9734;61;626212682;9734;328;10773;10836;5.83;0.36;276.64;10.09;1039;62;3719.00;63
9735;61;626212695;9735;318;10777;10841;5.88;0.36;276.62;10.09;1042;62;3720.00;64
9736;61;626212708;9736;312;10780;10841;5.90;0.36;276.63;10.11;1044;62;3721.00;61
9736;61;626212729;9736;311;10780;10841;5.93;0.36;276.63;10.11;1044;62;3722.00;61
9736;61;626212741;9736;308;10783;10842;5.96;0.36;276.63;10.13;1047;62;3723.00;59
9737;61;626212753;9737;304;10786;10846;6.03;0.37;276.61;10.12;1049;62;3724.00;60
9737;61;626212765;9737;298;10788;10846;6.08;0.37;276.61;10.14;1051;62;3725.00;58
9738;61;626212777;9738;295;10790;10849;6.19;0.38;276.60;10.13;1052;62;3726.00;59
9738;61;626212789;9738;293;10792;10849;6.27;0.38;276.60;10.14;1054;62;3727.00;57
9739;61;626212801;9739;293;10793;10849;6.37;0.39;276.58;10.15;1054;62;3728.00;56
9740;61;626212813;9740;294;10794;10849;6.43;0.39;276.62;10.15;1054;62;3729.00;55
9745;61;626212825;9745;299;10797;10853;6.51;0.40;276.71;10.15;1052;62;3730.00;56
9747;61;626212838;9747;309;10799;10853;6.50;0.40;276.70;10.16;1052;62;3731.00;54
9750;61;626212850;9750;313;10800;10853;6.48;0.39;276.68;10.16;1050;62;3732.00;53
9753;61;626212861;9753;319;10801;10853;6.43;0.39;276.65;10.16;1048;62;3733.00;52
9755;61;626212873;9755;325;10802;10854;6.39;0.39;276.62;10.17;1047;62;3734.00;52
9760;61;626212885;9760;330;10804;10856;6.33;0.38;276.60;10.17;1044;62;3735.00;52
9763;61;626212897;9763;335;10804;10856;6.26;0.38;276.64;10.17;1041;62;3736.00;52
9767;61;626212908;9767;334;10806;10857;6.15;0.37;276.70;10.17;1039;62;3737.00;51
9770;61;626212920;9770;340;10806;10857;6.09;0.37;276.69;10.17;1036;62;3738.00;51
9775;61;626212932;9775;347;10807;10857;5.94;0.36;276.76;10.18;1032;62;3739.00;50
9778;61;626212943;9778;337;10809;10857;5.90;0.36;276.80;10.19;1031;62;3740.00;48
9780;61;626212954;9780;335;10809;10857;5.90;0.36;276.84;10.19;1029;62;3741.00;48
9783;61;626212965;9783;334;10810;10857;5.89;0.36;276.89;10.19;1027;62;3742.00;47
9788;61;626212977;9788;324;10810;10857;5.87;0.36;276.92;10.19;1022;62;3743.00;47
9790;61;626212988;9790;349;10877;10984;6.17;0.38;276.97;10.14;1087;62;3744.00;107
9794;61;626213009;9794;338;10881;10985;6.13;0.38;276.99;10.13;1087;62;3745.00;104
9797;61;626213021;9797;332;10891;10985;6.20;0.38;277.01;10.13;1094;62;3746.00;94
9799;61;626213033;9799;325;10896;10985;6.25;0.39;277.09;10.13;1097;62;3747.00;89
9803;61;626213045;9803;315;10901;10985;6.29;0.39;277.15;10.12;1098;62;3748.00;84
9806;61;626213058;9806;308;10906;10985;6.33;0.39;277.13;10.12;1100;62;3749.00;79
9811;61;626213073;9811;304;10910;10990;6.36;0.39;277.19;10.12;1099;62;3750.00;80
9814;62;626213087;9814;309;10913;10990;6.41;0.39;277.20;10.17;1099;63;3751.00;77
9819;62;626213115;9819;304;10916;10991;6.48;0.40;277.23;10.17;1097;63;3752.00;75
9823;62;626213134;9823;308;10919;10992;6.51;0.40;277.34;10.16;1096;63;3753.00;73
9829;62;626213164;9829;310;10923;10992;6.55;0.40;277.37;10.16;1094;63;3754.00;69
9833;62;626213185;9833;306;10926;10993;6.58;0.40;277.40;10.16;1093;63;3755.00;67
9836;62;626213223;9836;303;10928;10993;6.62;0.41;277.45;10.16;1092;63;3756.00;65
9839;62;626213241;9839;304;10930;10993;6.67;0.41;277.47;10.16;1091;63;3757.00;63
9843;62;626213260;9843;303;10931;10993;6.72;0.41;277.49;10.16;1088;63;3758.00;62
9849;62;626213276;9849;302;10935;10997;6.78;0.42;277.52;10.16;1086;63;3759.00;62
9855;63;626213292;9855;295;10936;10997;6.80;0.42;277.60;10.16;1081;64;3760.00;61
9857;63;626213325;9857;292;10937;10997;6.85;0.42;277.61;10.17;1080;64;3761.00;60
9860;63;626213339;9860;289;10940;11000;6.95;0.43;277.69;10.16;1080;64;3762.00;60
9864;63;626213355;9864;286;10943;11000;6.97;0.43;277.72;10.16;1079;64;3763.00;57
9869;63;626213371;9869;288;10943;11000;7.00;0.43;277.78;10.16;1074;64;3764.00;57
9870;63;626213386;9870;289;10946;11004;7.06;0.43;277.76;10.16;1076;64;3765.00;58
9873;63;626213401;9873;288;10947;11005;7.05;0.43;277.75;10.16;1074;64;3766.00;58
9878;63;626213415;9878;293;10947;11005;7.06;0.43;277.80;10.16;1069;64;3767.00;58
9882;63;626213430;9882;297;10949;11009;7.08;0.43;277.85;10.16;1067;64;3768.00;60
9886;63;626213444;9886;303;10951;11009;7.13;0.44;277.88;10.16;1065;64;3769.00;58
9888;63;626213460;9888;305;10952;11009;7.14;0.44;277.91;10.21;1064;64;3770.00;57
9896;63;626213475;9896;306;10953;11010;7.13;0.44;278.08;10.21;1057;64;3771.00;57
9903;63;626213491;9903;306;10955;11010;7.09;0.43;278.12;10.21;1052;64;3772.00;55
9909;63;626213512;9909;308;10958;11016;7.06;0.43;278.12;10.20;1049;64;3773.00;58
9914;63;626213528;9914;314;10959;11016;7.02;0.43;278.11;10.20;1045;64;3774.00;57
9916;63;626213542;9916;321;10960;11017;6.99;0.43;278.11;10.20;1044;64;3775.00;57
9919;63;626213557;9919;320;10960;11017;6.97;0.43;278.10;10.20;1041;64;3776.00;57
9922;63;626213571;9922;326;10961;11017;6.98;0.43;278.12;10.20;1039;64;3777.00;56
9926;63;626213586;9926;327;10961;11017;7.03;0.43;278.16;10.20;1035;64;3778.00;56
9932;63;626213608;9932;319;10961;11017;6.97;0.43;278.29;10.20;1029;64;3779.00;56
9936;63;626213624;9936;322;10986;11053;7.05;0.43;278.38;10.18;1050;64;3780.00;67
9940;63;626213642;9940;318;10987;11053;7.02;0.43;278.41;10.18;1047;64;3781.00;66
9946;63;626213664;9946;319;10988;11053;7.01;0.43;278.40;10.18;1042;64;3782.00;65
9948;63;626213679;9948;320;10990;11053;6.99;0.43;278.44;10.18;1042;64;3783.00;63
9954;63;626213693;9954;323;10990;11053;6.95;0.43;278.55;10.18;1036;64;3784.00;63
9956;63;626213714;9956;323;10991;11053;7.01;0.43;278.59;10.18;1035;64;3785.00;62
9956;63;626213728;9956;325;10994;11057;7.02;0.43;278.59;10.17;1038;64;3786.00;63
9960;63;626213742;9960;321;10995;11057;7.00;0.43;278.66;10.17;1035;64;3787.00;62
9962;63;626213756;9962;315;10998;11061;7.02;0.43;278.74;10.17;1036;64;3788.00;63
9964;63;626213771;9964;311;11000;11062;7.00;0.43;278.72;10.17;1036;64;3789.00;62
9968;63;626213786;9968;316;11001;11062;6.94;0.43;278.79;10.22;1033;64;3790.00;61
9971;63;626213800;9971;322;11001;11062;6.96;0.43;278.82;10.22;1030;64;3791.00;61
9974;63;626213814;9974;322;11012;11075;7.03;0.43;278.84;10.21;1038;64;3792.00;63
9979;63;626213830;9979;321;11012;11075;7.09;0.43;278.91;10.21;1033;64;3793.00;63
9984;63;626213845;9984;325;11012;11075;7.15;0.44;279.04;10.21;1028;64;3794.00;63
9987;63;626213859;9987;326;11013;11076;7.20;0.44;279.05;10.21;1026;64;3795.00;63
9990;63;626213873;9990;314;11013;11077;7.21;0.44;279.10;10.21;1023;64;3796.00;64
9995;63;626213887;9995;303;11013;11077;7.17;0.44;279.16;10.21;1018;64;3797.00;64
9997;63;626213902;9997;296;11015;11080;7.26;0.44;279.16;10.21;1018;64;3798.00;65
10002;63;626213917;10002;289;11015;11080;7.28;0.44;279.23;10.21;1013;64;3799.00;65
10005;63;626213932;10005;289;11016;11080;7.35;0.45;279.27;10.21;1011;64;3800.00;64
10011;63;626213951;10011;281;11016;11080;7.35;0.45;279.35;10.21;1005;64;3801.00;64
10016;63;626213980;10016;272;11020;11086;7.35;0.45;279.41;10.20;1004;64;3802.00;66
10021;63;626213995;10021;276;11020;11086;7.35;0.45;279.52;10.20;999;64;3803.00;66
10021;63;626214009;10021;273;11021;11086;7.39;0.45;279.52;10.20;1000;64;3804.00;65
10025;63;626214023;10025;283;11021;11086;7.36;0.45;279.55;10.20;996;64;3805.00;65
10027;63;626214037;10027;280;11024;11090;7.31;0.44;279.57;10.20;997;64;3806.00;66
10029;63;626214051;10029;277;11025;11091;7.31;0.44;279.55;10.20;996;64;3807.00;66
10031;63;626214065;10031;270;11025;11091;7.32;0.45;279.60;10.20;994;64;3808.00;66
10034;63;626214080;10034;258;11026;11092;7.33;0.45;279.65;10.20;992;64;3809.00;66
10034;63;626214096;10034;258;11026;11092;7.37;0.45;279.65;10.20;992;64;3810.00;66
10037;63;626214111;10037;249;11026;11092;7.40;0.45;279.67;10.20;989;64;3811.00;66
10038;63;626214126;10038;243;11026;11092;7.43;0.45;279.66;10.20;988;64;3812.00;66
10042;63;626214140;10042;236;11026;11092;7.47;0.45;279.68;10.20;984;64;3813.00;66
10043;63;626214173;10043;235;11026;11092;7.45;0.45;279.68;10.20;983;64;3814.00;66
10047;63;626214187;10047;246;11026;11092;7.39;0.45;279.67;10.20;979;64;3815.00;66
10050;63;626214200;10050;263;11062;11162;7.29;0.44;279.68;10.16;1012;64;3816.00;100
10053;63;626214219;10053;255;11064;11163;7.27;0.44;279.83;10.16;1011;64;3817.00;99
10055;63;626214232;10055;257;11069;11163;7.32;0.45;279.80;10.16;1014;64;3818.00;94
10057;63;626214244;10057;258;11071;11163;7.35;0.45;279.82;10.16;1014;64;3819.00;92
10058;63;626214257;10058;259;11076;11163;7.37;0.45;279.81;10.15;1018;64;3820.00;87
10063;63;626214270;10063;262;11082;11163;7.37;0.45;279.87;10.20;1019;64;3821.00;81
10066;63;626214283;10066;260;11087;11163;7.40;0.45;279.85;10.20;1021;64;3822.00;76
10069;63;626214295;10069;268;11089;11163;7.38;0.45;279.87;10.20;1020;64;3823.00;74
10071;63;626214308;10071;270;11091;11164;7.37;0.45;279.88;10.20;1020;64;3824.00;73
10073;63;626214326;10073;270;11093;11166;7.31;0.44;279.89;10.20;1020;64;3825.00;73
10077;63;626214342;10077;273;11094;11166;7.21;0.44;279.94;10.20;1017;64;3826.00;72
10081;63;626214354;10081;280;11097;11170;7.11;0.43;279.91;10.20;1016;64;3827.00;73
10082;63;626214366;10082;283;11097;11170;7.04;0.43;279.91;10.20;1015;64;3828.00;73
10083;63;626214384;10083;290;11097;11170;6.99;0.43;279.90;10.20;1014;64;3829.00;73
10085;63;626214396;10085;288;11097;11170;6.94;0.42;279.96;10.20;1012;64;3830.00;73
10086;63;626214408;10086;292;11100;11176;6.92;0.42;280.01;10.19;1014;64;3831.00;76
10086;63;626214421;10086;291;11100;11176;6.90;0.42;280.01;10.19;1014;64;3832.00;76
10091;63;626214432;10091;298;11101;11176;6.86;0.42;279.97;10.19;1010;64;3833.00;75
10095;63;626214445;10095;295;11103;11179;6.80;0.42;279.92;10.19;1008;64;3834.00;76
10096;63;626214458;10096;303;11104;11179;6.73;0.41;279.92;10.19;1008;64;3835.00;75
10099;63;626214470;10099;299;11105;11179;6.63;0.40;279.89;10.24;1006;64;3836.00;74
10101;63;626214482;10101;302;11105;11180;6.57;0.40;279.87;10.24;1004;64;3837.00;75
10104;63;626214493;10104;304;11106;11181;6.51;0.40;279.85;10.24;1002;64;3838.00;75
10106;63;626214505;10106;302;11106;11181;6.47;0.39;279.82;10.24;1000;64;3839.00;75
10110;63;626214518;10110;298;11122;11207;6.39;0.39;279.79;10.28;1012;64;3840.00;85
10115;63;626214532;10115;300;11123;11207;6.34;0.39;279.80;10.28;1008;64;3841.00;84
10119;63;626214544;10119;300;11125;11207;6.33;0.39;279.79;10.28;1006;64;3842.00;82
10122;63;626214555;10122;297;11127;11208;6.30;0.38;279.76;10.28;1005;64;3843.00;81
10126;63;626214567;10126;292;11127;11208;6.20;0.38;279.70;10.28;1001;64;3844.00;81
10130;63;626214585;10130;291;11131;11212;6.19;0.38;279.66;10.34;1001;64;3845.00;81
10131;63;626214598;10131;288;11132;11214;6.21;0.38;279.65;10.34;1001;64;3846.00;82
10133;63;626214611;10133;291;11136;11218;6.24;0.38;279.62;10.34;1003;64;3847.00;82
10134;63;626214623;10134;285;11136;11218;6.26;0.38;279.61;10.34;1002;64;3848.00;82
10137;63;626214635;10137;286;11137;11218;6.19;0.38;279.56;10.34;1000;64;3849.00;81
10139;63;626214647;10139;288;11137;11218;6.18;0.38;279.60;10.34;998;64;3850.00;81
10142;63;626214658;10142;283;11137;11218;6.17;0.38;279.55;10.34;995;64;3851.00;81
10144;63;626214670;10144;278;11147;11230;6.23;0.38;279.51;10.33;1003;64;3852.00;83
10144;63;626214683;10144;275;11147;11230;6.17;0.38;279.51;10.33;1003;64;3853.00;83
10151;63;626214694;10151;274;11148;11230;6.10;0.37;279.42;10.33;997;64;3854.00;82
10154;63;626214709;10154;281;11148;11230;6.01;0.37;279.39;10.33;994;64;3855.00;82
10155;63;626214720;10155;282;11148;11230;6.01;0.37;279.37;10.33;993;64;3856.00;82
10156;63;626214731;10156;283;11149;11230;5.98;0.36;279.35;10.38;993;64;3857.00;81
10156;63;626214743;10156;289;11150;11231;5.94;0.36;279.35;10.39;994;64;3858.00;81
10158;63;626214754;10158;294;11150;11231;5.89;0.36;279.34;10.39;992;64;3859.00;81
10159;63;626214771;10159;300;11155;11237;5.95;0.36;279.34;10.39;996;64;3860.00;82
10161;63;626214783;10161;297;11156;11238;5.95;0.36;279.31;10.39;995;64;3861.00;82
10162;63;626214795;10162;299;11160;11238;5.97;0.36;279.29;10.39;998;64;3862.00;78
10166;63;626214806;10166;303;11161;11238;5.93;0.36;279.33;10.40;995;64;3863.00;77
10166;63;626214818;10166;307;11164;11242;5.95;0.36;279.33;10.39;998;64;3864.00;78
10167;63;626214829;10167;310;11164;11242;5.94;0.36;279.31;10.39;997;64;3865.00;78
10169;63;626214840;10169;322;11165;11242;5.90;0.36;279.31;10.40;996;64;3866.00;77
10170;63;626214851;10170;312;11167;11243;5.88;0.36;279.28;10.40;997;64;3867.00;76
10171;63;626214863;10171;311;11171;11247;5.91;0.36;279.28;10.40;1000;64;3868.00;76
10172;63;626214875;10172;303;11171;11247;5.96;0.36;279.33;10.40;999;64;3869.00;76
10174;63;626214887;10174;294;11176;11253;6.05;0.37;279.33;10.42;1002;64;3870.00;77
10177;63;626214900;10177;290;11177;11253;6.10;0.37;279.31;10.42;1000;64;3871.00;76
10182;63;626214912;10182;285;11178;11253;6.13;0.37;279.33;10.42;996;64;3872.00;75
10183;63;626214924;10183;274;11180;11253;6.17;0.37;279.30;10.44;997;64;3873.00;73
10184;63;626214936;10184;276;11183;11257;6.35;0.39;279.30;10.44;999;64;3874.00;74
10185;63;626214948;10185;272;11185;11257;6.48;0.39;279.30;10.46;1000;64;3875.00;72
10188;63;626214966;10188;265;11186;11257;6.56;0.40;279.30;10.45;998;64;3876.00;71
10188;63;626214978;10188;265;11188;11257;6.62;0.40;279.30;10.47;1000;64;3877.00;69
10189;63;626214990;10189;265;11189;11258;6.64;0.40;279.31;10.47;1000;64;3878.00;69
10189;63;626215002;10189;269;11192;11259;6.67;0.40;279.31;10.49;1003;64;3879.00;67
10191;63;626215013;10191;265;11193;11259;6.66;0.40;279.28;10.50;1002;64;3880.00;66
10192;63;626215025;10192;270;11195;11260;6.71;0.41;279.27;10.51;1003;64;3881.00;65
10193;63;626215038;10193;272;11196;11260;6.72;0.41;279.26;10.52;1003;64;3882.00;64
10193;63;626215050;10193;269;11197;11260;6.71;0.41;279.26;10.52;1004;64;3883.00;63
10193;63;626215061;10193;270;11197;11260;6.71;0.41;279.26;10.52;1004;64;3884.00;63
10193;63;626215073;10193;272;11199;11260;6.69;0.41;279.26;10.53;1006;64;3885.00;61
10194;63;626215085;10194;281;11199;11260;6.68;0.41;279.26;10.53;1005;64;3886.00;61
10194;63;626215096;10194;288;11200;11260;6.69;0.41;279.26;10.54;1006;64;3887.00;60
10194;63;626215108;10194;314;11269;11387;6.93;0.43;279.26;10.48;1075;64;3888.00;118
10196;63;626215142;10196;301;11274;11388;6.94;0.43;279.23;10.50;1078;64;3889.00;114
10197;63;626215160;10197;293;11282;11388;7.02;0.43;279.21;10.51;1085;64;3890.00;106
10199;63;626215179;10199;296;11290;11388;7.07;0.44;279.21;10.51;1091;64;3891.00;98
10200;63;626215198;10200;287;11295;11388;7.05;0.44;279.26;10.51;1095;64;3892.00;93
10201;63;626215226;10201;278;11300;11388;7.01;0.43;279.32;10.53;1099;64;3893.00;88
10204;63;626215247;10204;282;11304;11388;7.03;0.43;279.28;10.53;1100;64;3894.00;84
10205;63;626215261;10205;284;11310;11388;7.03;0.43;279.34;10.54;1105;64;3895.00;78
10208;63;626215275;10208;290;11315;11389;7.09;0.44;279.30;10.54;1107;64;3896.00;74
10210;63;626215289;10210;289;11318;11390;7.11;0.44;279.28;10.56;1108;64;3897.00;72
10215;63;626215303;10215;291;11320;11390;7.06;0.44;279.30;10.56;1105;64;3898.00;70
10218;63;626215317;10218;297;11322;11391;7.04;0.43;279.33;10.57;1104;64;3899.00;69
10220;63;626215334;10220;308;11328;11406;6.98;0.43;279.37;10.57;1108;64;3900.00;78
10225;63;626215355;10225;305;11329;11406;6.89;0.42;279.40;10.57;1104;64;3901.00;77
10229;63;626215369;10229;313;11332;11406;6.73;0.41;279.48;10.58;1103;64;3902.00;74
10233;63;626215383;10233;313;11335;11410;6.68;0.41;279.51;10.58;1102;64;3903.00;75
10236;63;626215397;10236;309;11338;11410;6.59;0.41;279.59;10.58;1102;64;3904.00;72
10241;63;626215411;10241;313;11339;11410;6.50;0.40;279.61;10.59;1098;64;3905.00;71
10245;63;626215425;10245;328;11344;11413;6.42;0.39;279.66;10.59;1099;64;3906.00;69
10249;63;626215439;10249;329;11346;11413;6.35;0.39;279.75;10.59;1097;64;3907.00;67
10252;63;626215453;10252;343;11348;11413;6.23;0.38;279.83;10.59;1096;64;3908.00;65
10255;63;626215466;10255;344;11352;11417;6.18;0.38;279.96;10.59;1097;64;3909.00;65
10260;63;626215480;10260;336;11354;11418;6.14;0.38;280.04;10.60;1094;64;3910.00;64
10263;63;626215494;10263;329;11354;11418;6.17;0.38;280.05;10.60;1091;64;3911.00;64
10268;63;626215516;10268;324;11360;11422;6.22;0.38;280.14;10.60;1092;64;3912.00;62
10274;63;626215530;10274;317;11361;11422;6.24;0.38;280.19;10.60;1087;64;3913.00;61
10278;63;626215544;10278;326;11363;11422;6.27;0.38;280.22;10.61;1085;64;3914.00;59
10281;63;626215559;10281;318;11365;11424;6.28;0.38;280.27;10.61;1084;64;3915.00;59
10286;63;626215573;10286;320;11365;11424;6.29;0.38;280.31;10.61;1079;64;3916.00;59
10288;63;626215588;10288;326;11369;11430;6.31;0.38;280.37;10.61;1081;64;3917.00;61
10292;63;626215602;10292;320;11369;11430;6.33;0.39;280.42;10.61;1077;64;3918.00;61
10295;63;626215616;10295;317;11370;11431;6.40;0.39;280.53;10.61;1075;64;3919.00;61
10299;63;626215649;10299;319;11370;11431;6.46;0.39;280.57;10.61;1071;64;3920.00;61
10300;63;626215666;10300;318;11371;11431;6.49;0.40;280.58;10.67;1071;64;3921.00;60
10304;63;626215680;10304;312;11371;11431;6.47;0.40;280.59;10.67;1067;64;3922.00;60
10308;63;626215695;10308;310;11372;11431;6.42;0.39;280.67;10.67;1064;64;3923.00;59
10312;63;626215710;10312;319;11381;11443;6.46;0.39;280.69;10.66;1069;64;3924.00;62
10315;63;626215725;10315;326;11382;11443;6.48;0.40;280.67;10.66;1067;64;3925.00;61
10317;63;626215740;10317;324;11382;11443;6.51;0.40;280.75;10.66;1065;64;3926.00;61
10323;63;626215754;10323;325;11382;11443;6.48;0.40;280.73;10.66;1059;64;3927.00;61
10326;63;626215769;10326;323;11382;11443;6.51;0.40;280.73;10.66;1056;64;3928.00;61
10329;63;626215783;10329;325;11384;11443;6.54;0.40;280.74;10.66;1055;64;3929.00;59
10333;63;626215799;10333;323;11387;11447;6.57;0.40;280.77;10.66;1054;64;3930.00;60
10334;63;626215813;10334;331;11388;11447;6.59;0.40;280.75;10.66;1054;64;3931.00;59
10338;63;626215827;10338;329;11390;11451;6.63;0.40;280.79;10.66;1052;64;3932.00;61
10341;63;626215843;10341;330;11391;11452;6.68;0.41;280.80;10.66;1050;64;3933.00;61
10345;63;626215857;10345;336;11393;11452;6.71;0.41;280.81;10.66;1048;64;3934.00;59
10351;63;626215871;10351;328;11393;11452;6.65;0.40;280.79;10.66;1042;64;3935.00;59
10352;63;626215887;10352;328;11404;11465;6.69;0.41;280.80;10.65;1052;64;3936.00;61
10356;63;626215903;10356;326;11405;11465;6.69;0.41;280.86;10.65;1049;64;3937.00;60
10360;63;626215918;10360;326;11405;11465;6.74;0.41;280.85;10.65;1045;64;3938.00;60
10365;63;626215934;10365;320;11407;11466;6.79;0.41;280.96;10.65;1042;64;3939.00;59
10369;63;626215949;10369;319;11407;11467;6.82;0.42;281.01;10.65;1038;64;3940.00;60
10374;63;626215963;10374;324;11408;11467;6.88;0.42;281.03;10.66;1034;64;3941.00;59
10379;63;626215979;10379;323;11410;11470;6.89;0.42;281.09;10.65;1031;64;3942.00;60
10386;63;626215994;10386;333;11410;11470;6.83;0.42;281.22;10.65;1024;64;3943.00;60
10391;63;626216008;10391;328;11410;11470;6.83;0.42;281.30;10.65;1019;64;3944.00;60
10396;63;626216023;10396;332;11412;11470;6.81;0.41;281.30;10.65;1016;64;3945.00;58
10398;63;626216037;10398;341;11417;11476;6.86;0.42;281.36;10.65;1019;64;3946.00;59
10401;63;626216052;10401;345;11417;11476;6.87;0.42;281.40;10.65;1016;64;3947.00;59
10405;63;626216066;10405;350;11419;11476;6.87;0.42;281.37;10.65;1014;64;3948.00;57
10408;63;626216081;10408;345;11419;11476;6.85;0.42;281.41;10.65;1011;64;3949.00;57
10411;63;626216095;10411;344;11422;11480;6.83;0.41;281.48;10.65;1011;64;3950.00;58
10414;63;626216112;10414;348;11424;11481;6.76;0.41;281.44;10.71;1010;64;3951.00;57
10417;63;626216129;10417;344;11424;11481;6.76;0.41;281.43;10.71;1007;64;3952.00;57
10422;63;626216142;10422;348;11425;11482;6.67;0.40;281.58;10.71;1003;64;3953.00;57
10426;63;626216157;10426;349;11425;11482;6.54;0.40;281.65;10.71;999;64;3954.00;57
10427;63;626216171;10427;353;11425;11482;6.48;0.39;281.64;10.71;998;64;3955.00;57
10432;63;626216184;10432;359;11425;11482;6.41;0.39;281.75;10.71;993;64;3956.00;57
10435;63;626216198;10435;347;11425;11482;6.38;0.39;281.76;10.71;990;64;3957.00;57
10438;63;626216212;10438;338;11425;11482;6.34;0.39;281.80;10.71;987;64;3958.00;57
10444;63;626216226;10444;330;11425;11482;6.28;0.38;281.78;10.71;981;64;3959.00;57
10447;63;626216240;10447;350;11494;11607;6.35;0.39;281.88;10.64;1047;64;3960.00;113
10450;63;626216263;10450;343;11496;11608;6.33;0.39;281.96;10.64;1046;64;3961.00;112
10453;63;626216276;10453;328;11501;11608;6.40;0.39;282.06;10.64;1048;64;3962.00;107
10458;63;626216290;10458;333;11506;11608;6.46;0.40;282.16;10.63;1048;64;3963.00;102
10460;63;626216303;10460;328;11511;11608;6.56;0.40;282.21;10.63;1051;64;3964.00;97
10464;63;626216317;10464;335;11514;11608;6.62;0.41;282.24;10.63;1050;64;3965.00;94
10467;63;626216330;10467;320;11518;11608;6.73;0.41;282.30;10.63;1051;64;3966.00;90
10472;63;626216344;10472;315;11520;11608;6.86;0.42;282.38;10.63;1048;64;3967.00;88
10474;63;626216358;10474;309;11524;11609;6.91;0.42;282.44;10.63;1050;64;3968.00;85
10476;63;626216372;10476;306;11524;11610;6.98;0.43;282.44;10.63;1048;64;3969.00;86
10477;63;626216391;10477;301;11528;11610;7.00;0.43;282.43;10.69;1051;64;3970.00;82
10481;63;626216405;10481;303;11531;11614;7.03;0.43;282.46;10.68;1050;64;3971.00;83
10482;63;626216420;10482;303;11532;11614;7.01;0.43;282.44;10.68;1050;64;3972.00;82
10484;63;626216444;10484;294;11532;11614;7.05;0.43;282.49;10.68;1048;64;3973.00;82
10487;63;626216458;10487;296;11533;11614;7.05;0.43;282.48;10.68;1046;64;3974.00;81
10489;63;626216473;10489;291;11536;11620;7.08;0.43;282.51;10.68;1047;64;3975.00;84
10494;63;626216488;10494;294;11537;11620;7.09;0.43;282.61;10.68;1043;64;3976.00;83
10496;63;626216501;10496;291;11537;11620;7.08;0.43;282.69;10.68;1041;64;3977.00;83
10498;64;626216520;10498;286;11540;11623;7.13;0.43;282.69;10.68;1042;65;3978.00;83
10500;64;626216545;10500;290;11540;11623;7.19;0.44;282.74;10.68;1040;65;3979.00;83
10503;64;626216559;10503;286;11541;11623;7.17;0.44;282.75;10.68;1038;65;3980.00;82
10506;64;626216572;10506;282;11542;11624;7.19;0.44;282.82;10.68;1036;65;3981.00;82
10507;64;626216586;10507;284;11544;11625;7.20;0.44;282.83;10.68;1037;65;3982.00;81
10512;64;626216599;10512;278;11545;11625;7.15;0.44;282.83;10.68;1033;65;3983.00;80
10516;64;626216612;10516;272;11554;11638;7.17;0.44;282.92;10.67;1038;65;3984.00;84
10518;64;626216633;10518;271;11554;11638;7.16;0.43;282.90;10.67;1036;65;3985.00;84
10519;64;626216647;10519;278;11555;11638;7.14;0.43;282.88;10.67;1036;65;3986.00;83
10520;64;626216664;10520;287;11556;11639;7.11;0.43;282.86;10.67;1036;65;3987.00;83
10522;64;626216687;10522;285;11556;11639;7.06;0.43;282.88;10.67;1034;65;3988.00;83
10525;64;626216701;10525;292;11560;11643;7.04;0.43;282.86;10.67;1035;65;3989.00;83
10526;64;626216717;10526;301;11560;11643;6.97;0.42;282.85;10.67;1034;65;3990.00;83
10529;64;626216730;10529;312;11563;11647;6.87;0.42;282.99;10.66;1034;65;3991.00;84
10530;64;626216743;10530;314;11563;11647;6.80;0.42;282.98;10.66;1033;65;3992.00;84
10531;64;626216756;10531;319;11563;11647;6.77;0.41;282.96;10.66;1032;65;3993.00;84
10533;64;626216769;10533;329;11563;11647;6.65;0.41;282.94;10.66;1030;65;3994.00;84
10534;64;626216787;10534;340;11563;11647;6.61;0.40;282.94;10.66;1029;65;3995.00;84
10538;64;626216799;10538;337;11573;11659;6.57;0.40;282.90;10.66;1035;65;3996.00;86
10541;64;626216812;10541;340;11573;11659;6.50;0.40;282.85;10.66;1032;65;3997.00;86
10543;64;626216824;10543;341;11574;11659;6.46;0.40;282.83;10.65;1031;65;3998.00;85
10545;64;626216836;10545;347;11574;11659;6.36;0.39;282.78;10.65;1029;65;3999.00;85
10546;64;626216849;10546;355;11575;11659;6.33;0.39;282.78;10.71;1029;65;4000.00;84
10548;64;626216866;10548;342;11575;11659;6.25;0.39;282.75;10.71;1027;65;4001.00;84
10553;64;626216878;10553;342;11575;11660;6.15;0.38;282.77;10.71;1022;65;4002.00;85
10554;64;626216890;10554;339;11575;11660;6.11;0.38;282.79;10.71;1021;65;4003.00;85
10555;64;626216903;10555;332;11579;11666;6.08;0.37;282.81;10.71;1024;65;4004.00;87
10559;64;626216915;10559;333;11582;11668;6.07;0.37;282.84;10.71;1023;65;4005.00;86
10562;64;626216928;10562;317;11582;11668;6.02;0.37;282.82;10.71;1020;65;4006.00;86
10565;64;626216940;10565;314;11582;11668;6.00;0.37;282.77;10.71;1017;65;4007.00;86
10566;64;626216951;10566;312;11585;11672;6.00;0.37;282.78;10.70;1019;65;4008.00;87
10568;64;626216963;10568;309;11585;11672;5.95;0.37;282.76;10.70;1017;65;4009.00;87
10570;64;626216974;10570;313;11585;11672;5.88;0.36;282.79;10.70;1015;65;4010.00;87
10571;64;626216985;10571;317;11586;11673;5.86;0.36;282.77;10.70;1015;65;4011.00;87
10573;64;626216997;10573;302;11589;11677;5.82;0.36;282.80;10.70;1016;65;4012.00;88
10575;64;626217008;10575;291;11589;11677;5.82;0.36;282.81;10.70;1014;65;4013.00;88
10580;64;626217019;10580;281;11591;11680;5.82;0.36;282.93;10.70;1011;65;4014.00;89
10583;64;626217036;10583;280;11593;11680;5.81;0.36;282.94;10.76;1010;65;4015.00;87
10586;64;626217048;10586;268;11593;11680;5.78;0.35;282.92;10.76;1007;65;4016.00;87
10589;64;626217058;10589;270;11595;11680;5.73;0.35;282.94;10.83;1006;65;4017.00;85
10593;64;626217070;10593;266;11599;11684;5.66;0.35;282.91;10.83;1006;65;4018.00;85
10593;64;626217082;10593;259;11599;11684;5.67;0.35;282.91;10.83;1006;65;4019.00;85
10600;64;626217095;10600;245;11600;11684;5.74;0.35;282.88;10.83;1000;65;4020.00;84
10601;64;626217107;10601;232;11601;11684;5.79;0.35;282.86;10.89;1000;65;4021.00;83
10603;64;626217122;10603;227;11601;11685;5.85;0.36;282.83;10.89;998;65;4022.00;84
10606;64;626217140;10606;224;11602;11686;5.89;0.36;282.79;10.89;996;65;4023.00;84
10609;64;626217157;10609;218;11603;11686;5.91;0.36;282.77;10.94;994;65;4024.00;83
10612;64;626217176;10612;215;11604;11687;5.94;0.36;282.77;10.94;992;65;4025.00;83
10615;64;626217202;10615;213;11604;11687;5.98;0.36;282.74;10.94;989;65;4026.00;83
10615;64;626217220;10615;215;11605;11687;6.04;0.37;282.74;10.95;990;65;4027.00;82
10617;64;626217235;10617;215;11606;11687;6.05;0.37;282.72;11.00;989;65;4028.00;81
10617;64;626217248;10617;212;11606;11687;6.13;0.37;282.72;11.00;989;65;4029.00;81
10620;64;626217260;10620;210;11606;11687;6.20;0.38;282.71;11.00;986;65;4030.00;81
10620;64;626217273;10620;205;11606;11687;6.30;0.38;282.71;11.00;986;65;4031.00;81
10620;64;626217287;10620;219;11668;11814;6.66;0.41;282.71;10.94;1048;65;4032.00;146
10622;64;626217312;10622;219;11671;11815;6.74;0.41;282.70;10.94;1049;65;4033.00;144
10623;64;626217327;10623;219;11680;11815;6.90;0.42;282.70;10.93;1057;65;4034.00;135
10623;64;626217341;10623;210;11685;11815;7.00;0.43;282.70;10.93;1062;65;4035.00;130
10625;64;626217356;10625;210;11692;11815;7.03;0.43;282.68;10.92;1067;65;4036.00;123
10626;64;626217371;10626;216;11696;11815;7.07;0.43;282.66;10.92;1070;65;4037.00;119
10628;64;626217385;10628;209;11699;11815;7.16;0.44;282.76;10.92;1071;65;4038.00;116
10628;64;626217399;10628;210;11704;11815;7.23;0.44;282.76;10.92;1076;65;4039.00;111
10631;64;626217422;10631;215;11709;11816;7.31;0.45;282.81;10.94;1078;65;4040.00;107
10636;64;626217437;10636;210;11712;11817;7.36;0.45;282.83;10.94;1076;65;4041.00;105
10639;64;626217452;10639;213;11717;11817;7.41;0.45;282.89;10.94;1078;65;4042.00;100
10641;64;626217474;10641;218;11721;11818;7.39;0.45;282.90;10.96;1080;65;4043.00;97
10641;64;626217489;10641;224;11723;11818;7.39;0.45;282.90;10.96;1082;65;4044.00;95
10645;64;626217502;10645;230;11726;11818;7.32;0.45;282.91;10.99;1081;65;4045.00;92
10647;64;626217518;10647;241;11728;11818;7.31;0.45;282.90;10.99;1081;65;4046.00;90
10648;64;626217531;10648;246;11731;11822;7.34;0.45;282.92;10.99;1083;65;4047.00;91
10648;64;626217546;10648;256;11733;11822;7.32;0.45;282.92;11.00;1085;65;4048.00;89
10651;64;626217560;10651;255;11734;11822;7.18;0.44;282.97;11.01;1083;65;4049.00;88
10654;64;626217576;10654;267;11740;11828;7.14;0.44;283.06;11.03;1086;65;4050.00;88
10656;64;626217592;10656;269;11741;11828;7.06;0.43;283.10;11.04;1085;65;4051.00;87
10658;64;626217606;10658;278;11743;11828;7.04;0.43;283.10;11.05;1085;65;4052.00;85
10662;64;626217619;10662;281;11747;11832;6.99;0.43;283.16;11.05;1085;65;4053.00;85
10664;64;626217633;10664;286;11751;11833;6.97;0.43;283.21;11.07;1087;65;4054.00;82
10667;64;626217655;10667;295;11751;11833;6.86;0.42;283.24;11.07;1084;65;4055.00;82
10667;64;626217669;10667;300;11757;11837;6.90;0.42;283.24;11.08;1090;65;4056.00;80
10670;64;626217685;10670;314;11758;11837;6.86;0.42;283.36;11.09;1088;65;4057.00;79
10673;64;626217698;10673;325;11760;11837;6.79;0.42;283.44;11.10;1087;65;4058.00;77
10675;64;626217711;10675;323;11763;11838;6.74;0.41;283.48;11.11;1088;65;4059.00;75
10678;64;626217726;10678;322;11764;11838;6.70;0.41;283.49;11.12;1086;65;4060.00;74
10681;64;626217742;10681;316;11769;11844;6.67;0.41;283.59;11.12;1088;65;4061.00;75
10683;64;626217756;10683;317;11771;11844;6.63;0.41;283.59;11.13;1088;65;4062.00;73
10686;64;626217769;10686;314;11771;11845;6.56;0.40;283.66;11.13;1085;65;4063.00;74
10688;64;626217783;10688;317;11773;11845;6.53;0.40;283.73;11.14;1085;65;4064.00;72
10691;64;626217798;10691;320;11774;11845;6.51;0.40;283.81;11.14;1083;65;4065.00;71
10694;64;626217812;10694;324;11774;11845;6.51;0.40;283.86;11.14;1080;65;4066.00;71
10696;64;626217825;10696;323;11776;11845;6.51;0.40;283.84;11.16;1080;65;4067.00;69
10700;64;626217839;10700;323;11786;11857;6.51;0.40;283.93;11.15;1086;65;4068.00;71
10704;64;626217853;10704;312;11788;11857;6.43;0.39;283.93;11.16;1084;65;4069.00;69
10706;64;626217867;10706;314;11789;11857;6.37;0.39;283.95;11.16;1083;65;4070.00;68
10709;64;626217880;10709;315;11790;11857;6.32;0.39;284.00;11.17;1081;65;4071.00;67
10712;64;626217894;10712;307;11791;11857;6.29;0.38;284.04;11.17;1079;65;4072.00;66
10717;64;626217908;10717;313;11791;11857;6.24;0.38;284.07;11.17;1074;65;4073.00;66
10722;64;626217921;10722;312;11796;11861;6.15;0.38;284.10;11.18;1074;65;4074.00;65
10726;64;626217934;10726;309;11796;11861;6.12;0.37;284.13;11.18;1070;65;4075.00;65
10728;64;626217948;10728;312;11801;11865;6.14;0.37;284.16;11.18;1073;65;4076.00;64
10731;64;626217961;10731;314;11802;11866;6.09;0.37;284.16;11.18;1071;65;4077.00;64
10735;64;626217975;10735;319;11805;11866;6.00;0.37;284.17;11.19;1070;65;4078.00;61
10738;64;626217987;10738;325;11805;11866;5.85;0.36;284.20;11.19;1067;65;4079.00;61
10742;64;626218000;10742;314;11825;11895;5.71;0.35;284.19;11.17;1083;65;4080.00;70
10748;64;626218016;10748;307;11828;11895;5.65;0.35;284.18;11.18;1080;65;4081.00;67
10750;64;626218029;10750;310;11830;11895;5.64;0.35;284.17;11.17;1080;65;4082.00;65
10752;64;626218041;10752;314;11833;11896;5.66;0.35;284.20;11.17;1081;65;4083.00;63
10757;64;626218053;10757;323;11834;11897;5.71;0.35;284.19;11.18;1077;65;4084.00;63
10760;64;626218067;10760;320;11834;11897;5.77;0.35;284.18;11.18;1074;65;4085.00;63
10763;64;626218080;10763;324;11837;11900;5.86;0.36;284.25;11.17;1074;65;4086.00;63
10768;64;626218093;10768;321;11838;11900;5.93;0.36;284.32;11.18;1070;65;4087.00;62
10773;64;626218106;10773;314;11838;11900;6.00;0.37;284.31;11.18;1065;65;4088.00;62
10777;64;626218120;10777;313;11838;11900;6.08;0.37;284.34;11.18;1061;65;4089.00;62
10782;64;626218133;10782;312;11842;11906;6.18;0.38;284.36;11.18;1060;65;4090.00;64
10788;64;626218148;10788;308;11843;11906;6.19;0.38;284.44;11.18;1055;65;4091.00;63
10790;64;626218162;10790;303;11843;11906;6.22;0.38;284.47;11.18;1053;65;4092.00;63
10795;64;626218175;10795;305;11843;11906;6.26;0.38;284.55;11.18;1048;65;4093.00;63
10798;64;626218188;10798;306;11846;11910;6.32;0.39;284.55;11.17;1048;65;4094.00;64
10804;64;626218201;10804;302;11848;11912;6.40;0.39;284.55;11.17;1044;65;4095.00;64
10811;64;626218215;10811;307;11848;11912;6.43;0.39;284.69;11.17;1037;65;4096.00;64
10812;64;626218229;10812;302;11849;11913;6.51;0.40;284.75;11.17;1037;65;4097.00;64
10818;64;626218243;10818;297;11849;11913;6.55;0.40;284.88;11.17;1031;65;4098.00;64
10823;64;626218256;10823;289;11849;11913;6.61;0.40;284.95;11.17;1026;65;4099.00;64
10827;64;626218270;10827;294;11849;11913;6.64;0.41;284.96;11.17;1022;65;4100.00;64
10832;64;626218286;10832;293;11849;11913;6.67;0.41;285.03;11.17;1017;65;4101.00;64
10836;64;626218307;10836;299;11849;11913;6.73;0.41;285.08;11.17;1013;65;4102.00;64
10844;64;626218320;10844;294;11849;11913;6.78;0.41;285.12;11.17;1005;65;4103.00;64
10847;64;626218333;10847;307;11890;11983;6.91;0.42;285.16;11.13;1043;65;4104.00;93
10852;64;626218352;10852;301;11892;11984;6.98;0.43;285.18;11.13;1040;65;4105.00;92
10854;64;626218365;10854;300;11897;11984;7.17;0.44;285.17;11.13;1043;65;4106.00;87
10859;64;626218378;10859;302;11898;11984;7.22;0.44;285.19;11.13;1039;65;4107.00;86
10862;64;626218392;10862;306;11902;11984;7.29;0.44;285.17;11.12;1040;65;4108.00;82
10865;64;626218406;10865;307;11903;11984;7.33;0.45;285.22;11.12;1038;65;4109.00;81
10869;64;626218421;10869;318;11908;11984;7.38;0.45;285.22;11.12;1039;65;4110.00;76
10870;64;626218434;10870;317;11908;11984;7.33;0.45;285.24;11.12;1038;65;4111.00;76
10878;64;626218447;10878;325;11912;11985;7.28;0.44;285.27;11.12;1034;65;4112.00;73
10880;64;626218461;10880;334;11913;11986;7.22;0.44;285.35;11.12;1033;65;4113.00;73
10886;64;626218474;10886;344;11914;11986;7.08;0.43;285.39;11.12;1028;65;4114.00;72
10890;64;626218493;10890;349;11916;11990;7.07;0.43;285.46;11.12;1026;65;4115.00;74
10893;64;626218507;10893;351;11916;11990;7.05;0.43;285.52;11.12;1023;65;4116.00;74
10897;64;626218521;10897;358;11916;11990;6.99;0.43;285.60;11.12;1019;65;4117.00;74
10904;64;626218540;10904;359;11916;11990;6.86;0.42;285.60;11.12;1012;65;4118.00;74
10907;64;626218554;10907;361;11920;11996;6.77;0.41;285.58;11.11;1013;65;4119.00;76
10913;64;626218567;10913;369;11922;11996;6.70;0.41;285.63;11.11;1009;65;4120.00;74
10916;64;626218580;10916;373;11923;11996;6.69;0.41;285.70;11.11;1007;65;4121.00;73
10920;64;626218593;10920;378;11926;11999;6.68;0.41;285.73;11.11;1006;65;4122.00;73
10922;64;626218606;10922;385;11929;11999;6.63;0.41;285.79;11.17;1007;65;4123.00;70
10925;64;626218619;10925;394;11929;11999;6.53;0.40;285.82;11.17;1004;65;4124.00;70
10930;64;626218632;10930;403;11929;12000;6.44;0.39;285.83;11.17;999;65;4125.00;71
10935;64;626218649;10935;410;11930;12001;6.36;0.39;285.89;11.17;995;65;4126.00;71
10940;64;626218662;10940;406;11930;12001;6.31;0.39;285.87;11.17;990;65;4127.00;71
10944;64;626218675;10944;406;11941;12014;6.35;0.39;285.85;11.16;997;65;4128.00;73
10948;64;626218688;10948;401;11941;12014;6.30;0.38;285.85;11.16;993;65;4129.00;73
10951;64;626218701;10951;401;11941;12014;6.31;0.38;285.89;11.16;990;65;4130.00;73
10953;64;626218714;10953;399;11942;12015;6.34;0.39;285.88;11.16;989;65;4131.00;73
10956;64;626218727;10956;395;11942;12015;6.33;0.39;285.85;11.16;986;65;4132.00;73
10959;64;626218739;10959;406;11945;12019;6.34;0.39;285.90;11.15;986;65;4133.00;74
10961;64;626218757;10961;410;11945;12019;6.29;0.38;285.99;11.15;984;65;4134.00;74
10963;64;626218776;10963;404;11949;12023;6.28;0.38;286.01;11.15;986;65;4135.00;74
10964;65;626218790;10964;391;11949;12023;6.30;0.38;286.00;11.15;985;66;4136.00;74
10966;65;626218814;10966;375;11949;12023;6.31;0.38;286.00;11.15;983;66;4137.00;74
10968;65;626218827;10968;363;11949;12023;6.36;0.39;285.98;11.15;981;66;4138.00;74
10971;65;626218841;10971;359;11950;12023;6.35;0.39;286.00;11.21;979;66;4139.00;73
10973;65;626218861;10973;373;11974;12057;6.45;0.39;285.98;11.18;1001;66;4140.00;83
10974;65;626218876;10974;363;11975;12057;6.50;0.40;285.98;11.18;1001;66;4141.00;82
10974;65;626218890;10974;354;11976;12057;6.54;0.40;285.98;11.18;1002;66;4142.00;81
10976;65;626218902;10976;344;11976;12057;6.60;0.40;285.99;11.18;1000;66;4143.00;81
10979;65;626218914;10979;341;11977;12057;6.67;0.41;286.03;11.18;998;66;4144.00;80
10982;65;626218927;10982;338;11977;12057;6.67;0.41;286.00;11.18;995;66;4145.00;80
10985;65;626218940;10985;341;11978;12058;6.69;0.41;285.98;11.18;993;66;4146.00;80
10986;65;626218952;10986;328;11978;12058;6.73;0.41;285.97;11.18;992;66;4147.00;80
10988;65;626218965;10988;326;11982;12064;6.76;0.41;285.96;11.18;994;66;4148.00;82
10994;65;626218978;10994;326;11983;12065;6.70;0.41;285.96;11.18;989;66;4149.00;82
10996;65;626218990;10996;314;11984;12065;6.66;0.41;285.94;11.18;988;66;4150.00;81
10999;65;626219003;10999;321;11984;12065;6.61;0.40;285.93;11.18;985;66;4151.00;81
11002;65;626219015;11002;314;11989;12069;6.57;0.40;285.86;11.23;987;66;4152.00;80
11002;65;626219027;11002;317;11989;12069;6.53;0.40;285.86;11.23;987;66;4153.00;80
11009;65;626219040;11009;311;11989;12069;6.38;0.39;285.79;11.23;980;66;4154.00;80
11009;65;626219052;11009;311;11990;12070;6.35;0.39;285.79;11.23;981;66;4155.00;80
11010;65;626219064;11010;313;11993;12074;6.29;0.38;285.78;11.23;983;66;4156.00;81
11015;65;626219075;11015;313;11993;12074;6.20;0.38;285.81;11.23;978;66;4157.00;81
11017;65;626219087;11017;312;11995;12077;6.22;0.38;285.79;11.23;978;66;4158.00;82
11017;65;626219100;11017;317;11995;12077;6.18;0.38;285.79;11.23;978;66;4159.00;82
11020;65;626219111;11020;319;11996;12077;6.15;0.37;285.73;11.23;976;66;4160.00;81
11021;65;626219127;11021;317;11996;12077;6.11;0.37;285.71;11.23;975;66;4161.00;81
11021;65;626219147;11021;315;11999;12081;6.09;0.37;285.71;11.22;978;66;4162.00;82
11022;65;626219165;11022;323;11999;12081;6.05;0.37;285.69;11.22;977;66;4163.00;82
11023;65;626219191;11023;320;12000;12081;6.06;0.37;285.69;11.22;977;66;4164.00;81
11025;65;626219212;11025;320;12000;12081;6.00;0.37;285.65;11.22;975;66;4165.00;81
11025;65;626219230;11025;329;12000;12082;5.98;0.37;285.65;11.22;975;66;4166.00;82
11026;65;626219245;11026;327;12002;12083;5.93;0.36;285.67;11.27;976;66;4167.00;81
11026;65;626219258;11026;330;12002;12083;5.87;0.36;285.67;11.27;976;66;4168.00;81
11028;65;626219270;11028;334;12003;12084;5.84;0.36;285.65;11.27;975;66;4169.00;81
11028;65;626219283;11028;329;12003;12084;5.78;0.35;285.65;11.27;975;66;4170.00;81
11029;65;626219295;11029;317;12003;12084;5.75;0.35;285.65;11.27;974;66;4171.00;81
11030;65;626219307;11030;303;12003;12084;5.70;0.35;285.66;11.27;973;66;4172.00;81
11031;65;626219319;11031;299;12005;12086;5.71;0.35;285.65;11.27;974;66;4173.00;81
11034;65;626219332;11034;287;12006;12086;5.68;0.35;285.67;11.32;972;66;4174.00;80
11035;65;626219344;11035;282;12006;12086;5.73;0.35;285.67;11.32;971;66;4175.00;80
11038;65;626219355;11038;293;12074;12213;5.89;0.37;285.65;11.25;1036;66;4176.00;139
11039;65;626219377;11039;274;12075;12214;5.99;0.37;285.68;11.25;1036;66;4177.00;139
11041;65;626219398;11041;255;12084;12214;6.14;0.38;285.66;11.29;1043;66;4178.00;130
11043;65;626219411;11043;253;12088;12214;6.23;0.39;285.69;11.29;1045;66;4179.00;126
11045;65;626219423;11045;244;12092;12214;6.33;0.39;285.69;11.34;1047;66;4180.00;122
11049;65;626219435;11049;241;12096;12214;6.35;0.39;285.67;11.33;1047;66;4181.00;118
11050;65;626219447;11050;226;12099;12214;6.45;0.40;285.67;11.33;1049;66;4182.00;115
11054;65;626219460;11054;225;12102;12214;6.50;0.40;285.66;11.33;1048;66;4183.00;112
11055;65;626219480;11055;220;12107;12215;6.55;0.40;285.64;11.39;1052;66;4184.00;108
11057;65;626219499;11057;219;12111;12217;6.57;0.40;285.62;11.40;1054;66;4185.00;106
11058;65;626219511;11058;219;12115;12217;6.61;0.41;285.61;11.40;1057;66;4186.00;102
11062;65;626219524;11062;214;12118;12218;6.70;0.41;285.58;11.45;1056;66;4187.00;100
11063;65;626219537;11063;213;12121;12218;6.75;0.42;285.57;11.45;1058;66;4188.00;97
11066;65;626219549;11066;211;12122;12218;6.80;0.42;285.57;11.45;1056;66;4189.00;96
11068;65;626219562;11068;212;12124;12218;6.78;0.42;285.57;11.50;1056;66;4190.00;94
11071;65;626219574;11071;206;12127;12222;6.78;0.42;285.59;11.50;1056;66;4191.00;95
11074;65;626219587;11074;200;12129;12222;6.72;0.41;285.60;11.50;1055;66;4192.00;93
11077;65;626219602;11077;199;12131;12222;6.76;0.41;285.67;11.50;1054;66;4193.00;91
11082;65;626219625;11082;199;12134;12225;6.78;0.41;285.76;11.50;1052;66;4194.00;91
11082;65;626219648;11082;206;12135;12225;6.84;0.42;285.76;11.50;1053;66;4195.00;90
11086;65;626219663;11086;211;12136;12225;6.88;0.42;285.78;11.50;1050;66;4196.00;89
11090;65;626219675;11090;217;12139;12229;6.88;0.42;285.79;11.50;1049;66;4197.00;90
11092;65;626219689;11092;226;12143;12230;6.90;0.42;285.78;11.50;1051;66;4198.00;87
11097;65;626219702;11097;220;12143;12230;6.93;0.42;285.75;11.50;1046;66;4199.00;87
11102;65;626219720;11102;223;12152;12264;6.91;0.42;285.78;11.49;1050;66;4200.00;112
11104;65;626219742;11104;223;12154;12264;6.92;0.42;285.83;11.49;1050;66;4201.00;110
11108;65;626219757;11108;221;12155;12264;6.86;0.42;285.90;11.49;1047;66;4202.00;109
11111;65;626219771;11111;218;12156;12265;6.86;0.42;285.97;11.49;1045;66;4203.00;109
11112;65;626219790;11112;212;12158;12265;6.91;0.42;286.04;11.49;1046;66;4204.00;107
11115;65;626219804;11115;214;12163;12271;7.00;0.43;286.04;11.49;1048;66;4205.00;108
11117;65;626219818;11117;217;12166;12271;7.06;0.43;286.07;11.50;1049;66;4206.00;105
11120;65;626219833;11120;213;12166;12272;7.11;0.43;286.11;11.50;1046;66;4207.00;106
11121;65;626219846;11121;218;12166;12272;7.16;0.44;286.14;11.50;1045;66;4208.00;106
11124;65;626219860;11124;215;12166;12272;7.19;0.44;286.12;11.50;1042;66;4209.00;106
11126;65;626219873;11126;220;12169;12272;7.21;0.44;286.10;11.52;1043;66;4210.00;103
11127;65;626219888;11127;233;12171;12272;7.27;0.44;286.13;11.52;1044;66;4211.00;101
11131;65;626219902;11131;237;12181;12284;7.35;0.45;286.26;11.51;1050;66;4212.00;103
11132;65;626219918;11132;240;12183;12284;7.39;0.45;286.26;11.53;1051;66;4213.00;101
11135;65;626219933;11135;241;12183;12284;7.42;0.45;286.30;11.53;1048;66;4214.00;101
11136;65;626219947;11136;249;12185;12284;7.46;0.45;286.31;11.53;1049;66;4215.00;99
11140;65;626219961;11140;245;12186;12284;7.42;0.45;286.31;11.55;1046;66;4216.00;98
11142;65;626219976;11142;248;12188;12284;7.41;0.45;286.34;11.55;1046;66;4217.00;96
11144;65;626219990;11144;249;12194;12288;7.38;0.45;286.39;11.57;1050;66;4218.00;94
11145;65;626220010;11145;245;12194;12288;7.40;0.45;286.42;11.57;1049;66;4219.00;94
11147;65;626220034;11147;247;12196;12292;7.47;0.45;286.46;11.57;1049;66;4220.00;96
11147;65;626220054;11147;257;12200;12293;7.55;0.46;286.46;11.59;1053;66;4221.00;93
11151;65;626220069;11151;259;12200;12293;7.55;0.46;286.47;11.59;1049;66;4222.00;93
11154;65;626220082;11154;263;12202;12293;7.56;0.46;286.48;11.60;1048;66;4223.00;91
11158;65;626220097;11158;271;12210;12306;7.40;0.45;286.58;11.60;1052;66;4224.00;96
11161;65;626220111;11161;267;12212;12306;7.32;0.45;286.55;11.62;1051;66;4225.00;94
11162;65;626220125;11162;268;12212;12306;7.33;0.45;286.53;11.62;1050;66;4226.00;94
11167;65;626220139;11167;274;12217;12307;7.26;0.44;286.61;11.65;1050;66;4227.00;90
11171;65;626220153;11171;281;12217;12308;7.19;0.44;286.67;11.65;1046;66;4228.00;91
11173;65;626220167;11173;277;12218;12308;7.18;0.44;286.66;11.65;1045;66;4229.00;90
11174;65;626220183;11174;286;12224;12314;7.20;0.44;286.71;11.67;1050;66;4230.00;90
11175;65;626220196;11175;280;12224;12314;7.19;0.44;286.72;11.67;1049;66;4231.00;90
11179;65;626220209;11179;284;12224;12314;7.18;0.44;286.73;11.67;1045;66;4232.00;90
11183;65;626220222;11183;279;12224;12314;7.19;0.44;286.74;11.67;1041;66;4233.00;90
11186;65;626220236;11186;279;12227;12320;7.28;0.44;286.83;11.67;1041;66;4234.00;93
11190;65;626220250;11190;277;12230;12320;7.26;0.44;286.82;11.69;1040;66;4235.00;90
11192;65;626220263;11192;280;12232;12320;7.25;0.44;286.88;11.71;1040;66;4236.00;88
11197;65;626220276;11197;280;12234;12320;7.22;0.44;286.93;11.73;1037;66;4237.00;86
11200;65;626220288;11200;286;12237;12324;7.14;0.44;286.98;11.73;1037;66;4238.00;87
11201;65;626220301;11201;290;12240;12325;7.14;0.44;287.01;11.74;1039;66;4239.00;85
11205;65;626220313;11205;292;12240;12325;7.09;0.43;287.08;11.74;1035;66;4240.00;85
11209;65;626220325;11209;295;12242;12326;7.04;0.43;287.11;11.74;1033;66;4241.00;84
11212;65;626220338;11212;292;12244;12326;6.95;0.43;287.16;11.76;1032;66;4242.00;82
11216;65;626220350;11216;298;12244;12326;6.84;0.42;287.23;11.76;1028;66;4243.00;82
11221;65;626220367;11221;293;12247;12326;6.67;0.41;287.24;11.77;1026;66;4244.00;79
11227;65;626220379;11227;299;12247;12326;6.55;0.40;287.29;11.77;1020;66;4245.00;79
11229;65;626220390;11229;312;12247;12326;6.45;0.39;287.31;11.77;1018;66;4246.00;79
11236;65;626220402;11236;324;12250;12326;6.29;0.38;287.38;11.79;1014;66;4247.00;76
11244;65;626220413;11244;338;12286;12396;6.21;0.38;287.43;11.75;1042;66;4248.00;110
11246;65;626220430;11246;333;12287;12397;6.10;0.37;287.43;11.76;1041;66;4249.00;110
11252;65;626220441;11252;322;12293;12397;6.00;0.37;287.52;11.76;1041;66;4250.00;104
11254;65;626220453;11254;310;12297;12397;5.93;0.36;287.60;11.76;1043;66;4251.00;100
11257;65;626220465;11257;303;12302;12397;5.88;0.36;287.63;11.77;1045;66;4252.00;95
11260;65;626220476;11260;308;12305;12397;5.92;0.36;287.67;11.78;1045;66;4253.00;92
11263;65;626220488;11263;307;12310;12397;5.93;0.36;287.72;11.79;1047;66;4254.00;87
11267;65;626220499;11267;316;12313;12397;5.95;0.36;287.79;11.79;1046;66;4255.00;84
11269;65;626220511;11269;324;12319;12398;5.96;0.37;287.82;11.80;1050;66;4256.00;79
11272;65;626220523;11272;320;12321;12399;6.03;0.37;287.84;11.80;1049;66;4257.00;78
11274;65;626220535;11274;312;12322;12399;6.09;0.37;287.89;11.80;1048;66;4258.00;77
11276;65;626220547;11276;324;12326;12403;6.12;0.38;287.89;11.80;1050;66;4259.00;77
11279;65;626220561;11279;323;12329;12403;6.15;0.38;287.98;11.80;1050;66;4260.00;74
11281;65;626220573;11281;324;12331;12403;6.15;0.38;288.01;11.80;1050;66;4261.00;72
11285;65;626220585;11285;323;12331;12403;6.12;0.38;288.04;11.80;1046;66;4262.00;72
11290;65;626220597;11290;327;12335;12409;6.09;0.37;288.11;11.80;1045;66;4263.00;74
11291;65;626220610;11291;325;12335;12409;6.11;0.38;288.11;11.80;1044;66;4264.00;74
11299;65;626220621;11299;330;12336;12409;6.09;0.37;288.12;11.80;1037;66;4265.00;73
11303;65;626220639;11303;325;12339;12412;6.14;0.38;288.12;11.80;1036;66;4266.00;73
11308;65;626220652;11308;331;12340;12412;6.16;0.38;288.14;11.81;1032;66;4267.00;72
11312;65;626220664;11312;328;12341;12412;6.18;0.38;288.15;11.81;1029;66;4268.00;71
11317;65;626220676;11317;331;12342;12413;6.15;0.38;288.14;11.81;1025;66;4269.00;71
11320;65;626220688;11320;333;12343;12414;6.22;0.38;288.17;11.81;1023;66;4270.00;71
11326;65;626220701;11326;328;12343;12414;6.19;0.38;288.15;11.81;1017;66;4271.00;71
11330;65;626220714;11330;333;12356;12427;6.28;0.38;288.15;11.80;1026;66;4272.00;71
11334;65;626220733;11334;339;12357;12427;6.32;0.39;288.12;11.80;1023;66;4273.00;70
11337;65;626220745;11337;340;12357;12427;6.40;0.39;288.15;11.80;1020;66;4274.00;70
11343;65;626220757;11343;342;12360;12429;6.43;0.39;288.16;11.80;1017;66;4275.00;69
11348;65;626220770;11348;342;12360;12429;6.41;0.39;288.19;11.80;1012;66;4276.00;69
11353;65;626220782;11353;344;12363;12433;6.38;0.39;288.26;11.80;1010;66;4277.00;70
11356;65;626220802;11356;343;12363;12433;6.35;0.39;288.31;11.80;1007;66;4278.00;70
11359;65;626220814;11359;346;12367;12437;6.40;0.39;288.28;11.80;1008;66;4279.00;70
11364;65;626220827;11364;343;12368;12437;6.36;0.39;288.29;11.80;1004;66;4280.00;69
11369;65;626220840;11369;347;12368;12437;6.31;0.38;288.34;11.80;999;66;4281.00;69
11371;65;626220852;11371;348;12369;12437;6.33;0.39;288.32;11.80;998;66;4282.00;68
11375;65;626220864;11375;354;12370;12437;6.30;0.38;288.37;11.80;995;66;4283.00;67
11378;65;626220882;11378;359;12380;12449;6.41;0.39;288.39;11.79;1002;66;4284.00;69
11380;65;626220895;11380;370;12382;12449;6.36;0.39;288.50;11.79;1002;66;4285.00;67
11382;65;626220908;11382;368;12382;12449;6.37;0.39;288.52;11.79;1000;66;4286.00;67
11386;65;626220920;11386;375;12383;12449;6.32;0.38;288.55;11.79;997;66;4287.00;66
11388;65;626220933;11388;380;12383;12449;6.32;0.39;288.65;11.79;995;66;4288.00;66
11391;65;626220944;11391;384;12383;12449;6.32;0.39;288.66;11.79;992;66;4289.00;66
11394;65;626220957;11394;387;12383;12450;6.29;0.38;288.65;11.79;989;66;4290.00;67
11396;65;626220970;11396;395;12383;12450;6.27;0.38;288.70;11.79;987;66;4291.00;67
11400;65;626220981;11400;401;12387;12456;6.22;0.38;288.70;11.78;987;66;4292.00;69
11404;65;626220994;11404;410;12388;12457;6.15;0.38;288.65;11.78;984;66;4293.00;69
11408;65;626221006;11408;415;12389;12457;6.08;0.37;288.68;11.78;981;66;4294.00;68
11410;65;626221017;11410;422;12389;12457;6.03;0.37;288.66;11.78;979;66;4295.00;68
11413;65;626221029;11413;433;12392;12461;5.98;0.37;288.67;11.78;979;66;4296.00;69
11415;65;626221043;11415;427;12392;12461;5.94;0.36;288.74;11.78;977;66;4297.00;69
11419;65;626221055;11419;427;12392;12461;5.92;0.36;288.71;11.78;973;66;4298.00;69
11425;65;626221068;11425;426;12393;12462;5.85;0.36;288.77;11.78;968;66;4299.00;69
11426;65;626221082;11426;427;12397;12466;5.90;0.36;288.75;11.83;971;66;4300.00;69
11431;65;626221098;11431;425;12397;12466;5.88;0.36;288.71;11.83;966;66;4301.00;69
11433;65;626221110;11433;424;12399;12469;5.94;0.36;288.68;11.83;966;66;4302.00;70
11434;65;626221127;11434;428;12399;12469;5.98;0.37;288.67;11.83;965;66;4303.00;70
11437;65;626221151;11437;429;12400;12469;5.98;0.37;288.63;11.83;963;66;4304.00;69
11438;65;626221173;11438;430;12400;12469;6.00;0.37;288.60;11.83;962;66;4305.00;69
11440;65;626221192;11440;413;12403;12473;6.07;0.37;288.58;11.83;963;66;4306.00;70
11443;65;626221211;11443;405;12403;12473;6.10;0.37;288.57;11.83;960;66;4307.00;70
11448;65;626221230;11448;388;12404;12473;6.09;0.37;288.56;11.83;956;66;4308.00;69
11449;65;626221245;11449;371;12404;12473;6.11;0.37;288.56;11.83;955;66;4309.00;69
11452;65;626221258;11452;356;12404;12474;6.14;0.37;288.64;11.83;952;66;4310.00;70
11454;65;626221272;11454;347;12405;12475;6.22;0.38;288.65;11.82;951;66;4311.00;70
11456;65;626221287;11456;340;12405;12475;6.25;0.38;288.64;11.82;949;66;4312.00;70
11458;65;626221299;11458;343;12406;12476;6.25;0.38;288.62;11.82;948;66;4313.00;70
11459;65;626221320;11459;334;12406;12476;6.23;0.38;288.60;11.82;947;66;4314.00;70
11461;65;626221333;11461;333;12407;12476;6.21;0.38;288.60;11.88;946;66;4315.00;69
11463;65;626221347;11463;335;12407;12476;6.21;0.38;288.59;11.88;944;66;4316.00;69
11463;65;626221360;11463;334;12407;12476;6.22;0.38;288.59;11.88;944;66;4317.00;69
11465;65;626221372;11465;335;12408;12476;6.18;0.38;288.59;11.94;943;66;4318.00;68
11465;65;626221385;11465;342;12408;12476;6.20;0.38;288.59;11.94;943;66;4319.00;68
11468;65;626221399;11468;387;12520;12706;6.46;0.40;288.57;11.83;1052;66;4320.00;186
11468;65;626221431;11468;381;12524;12707;6.49;0.40;288.57;11.83;1056;66;4321.00;183
11470;65;626221445;11470;361;12535;12707;6.60;0.41;288.61;11.88;1065;66;4322.00;172
11470;65;626221462;11470;358;12541;12707;6.65;0.41;288.61;11.87;1071;66;4323.00;166
11473;65;626221477;11473;343;12547;12707;6.69;0.42;288.62;11.87;1074;66;4324.00;160
11474;66;626221497;11474;335;12552;12707;6.69;0.42;288.62;11.87;1078;67;4325.00;155
11477;66;626221522;11477;336;12557;12707;6.69;0.42;288.62;11.86;1080;67;4326.00;150
11478;66;626221535;11478;328;12560;12707;6.66;0.41;288.61;11.86;1082;67;4327.00;147
11478;67;626221548;11478;328;12565;12708;6.67;0.41;288.61;11.86;1087;68;4328.00;143
11480;67;626221581;11480;327;12569;12709;6.68;0.41;288.61;11.92;1089;68;4329.00;140
11481;67;626221595;11481;330;12575;12709;6.65;0.41;288.60;11.92;1094;68;4330.00;134
11481;67;626221608;11481;329;12580;12710;6.61;0.41;288.60;11.91;1099;68;4331.00;130
11482;67;626221633;11482;332;12580;12710;6.58;0.41;288.59;11.91;1098;68;4332.00;130
11482;67;626221647;11482;333;12582;12710;6.59;0.41;288.59;11.92;1100;68;4333.00;128
11483;68;626221661;11483;338;12584;12710;6.54;0.40;288.59;11.92;1101;69;4334.00;126
11484;68;626221688;11484;340;12588;12714;6.48;0.40;288.60;11.91;1104;69;4335.00;126
11487;68;626221707;11487;341;12590;12714;6.43;0.40;288.59;11.91;1103;69;4336.00;124
11487;68;626221721;11487;341;12593;12714;6.43;0.40;288.59;11.97;1106;69;4337.00;121
11487;68;626221734;11487;345;12597;12717;6.43;0.40;288.59;11.97;1110;69;4338.00;120
11488;68;626221755;11488;348;12598;12717;6.40;0.39;288.59;11.97;1110;69;4339.00;119
11490;68;626221769;11490;353;12600;12717;6.37;0.39;288.58;11.98;1110;69;4340.00;117
11494;68;626221783;11494;355;12604;12721;6.33;0.39;288.63;12.03;1110;69;4341.00;117
11497;68;626221797;11497;350;12606;12722;6.36;0.39;288.57;12.09;1109;69;4342.00;116
11498;68;626221811;11498;355;12608;12722;6.39;0.39;288.57;12.09;1110;69;4343.00;114
11501;68;626221824;11501;350;12612;12726;6.38;0.39;288.61;12.14;1111;69;4344.00;114
11502;68;626221838;11502;350;12613;12726;6.39;0.39;288.66;12.14;1111;69;4345.00;113
11509;68;626221851;11509;358;12615;12726;6.31;0.38;288.80;12.20;1106;69;4346.00;111
11511;68;626221864;11511;352;12616;12727;6.25;0.38;288.84;12.20;1105;69;4347.00;111
11514;68;626221878;11514;352;12616;12727;6.18;0.38;288.85;12.20;1102;69;4348.00;111
11517;68;626221931;11517;351;12619;12733;6.17;0.38;288.92;12.20;1102;69;4349.00;114
11519;68;626221946;11519;345;12621;12733;6.18;0.38;288.93;12.25;1102;69;4350.00;112
11523;68;626221959;11523;346;12622;12734;6.15;0.37;288.91;12.25;1099;69;4351.00;112
11528;68;626221980;11528;331;12623;12734;6.11;0.37;288.98;12.30;1095;69;4352.00;111
11531;68;626221993;11531;322;12624;12734;6.06;0.37;288.98;12.30;1093;69;4353.00;110
11533;68;626222006;11533;316;12626;12734;6.08;0.37;289.01;12.35;1093;69;4354.00;108
11536;68;626222019;11536;311;12628;12734;6.07;0.37;289.05;12.37;1092;69;4355.00;106
11539;68;626222033;11539;305;12637;12746;6.13;0.37;289.05;12.36;1098;69;4356.00;109
11540;68;626222047;11540;299;12638;12746;6.17;0.37;289.06;12.40;1098;69;4357.00;108
11545;68;626222060;11545;293;12640;12746;6.19;0.38;289.08;12.40;1095;69;4358.00;106
11545;68;626222073;11545;289;12641;12746;6.21;0.38;289.08;12.45;1096;69;4359.00;105
11548;68;626222086;11548;276;12641;12746;6.22;0.38;289.14;12.45;1093;69;4360.00;105
11550;68;626222102;11550;269;12642;12746;6.28;0.38;289.15;12.49;1092;69;4361.00;104
11553;68;626222116;11553;271;12645;12750;6.35;0.39;289.16;12.49;1092;69;4362.00;105
11557;68;626222132;11557;268;12645;12750;6.38;0.39;289.22;12.49;1088;69;4363.00;105
11559;68;626222145;11559;264;12647;12754;6.48;0.39;289.20;12.49;1088;69;4364.00;107
11563;68;626222159;11563;265;12650;12756;6.61;0.40;289.27;12.48;1087;69;4365.00;106
11563;68;626222173;11563;268;12650;12756;6.73;0.41;289.27;12.48;1087;69;4366.00;106
11564;68;626222186;11564;265;12652;12756;6.80;0.41;289.26;12.48;1088;69;4367.00;104
11567;68;626222199;11567;268;12660;12769;6.82;0.42;289.30;12.48;1093;69;4368.00;109
11567;68;626222214;11567;270;12660;12769;6.87;0.42;289.30;12.48;1093;69;4369.00;109
11569;68;626222231;11569;267;12662;12769;6.94;0.42;289.30;12.48;1093;69;4370.00;107
11570;68;626222245;11570;264;12663;12770;7.01;0.43;289.31;12.48;1093;69;4371.00;107
11573;68;626222258;11573;272;12664;12771;7.02;0.43;289.37;12.48;1091;69;4372.00;107
11575;68;626222272;11575;271;12664;12771;7.10;0.43;289.37;12.48;1089;69;4373.00;107
11575;68;626222286;11575;264;12667;12774;7.19;0.44;289.37;12.48;1092;69;4374.00;107
11581;68;626222299;11581;266;12668;12774;7.27;0.44;289.42;12.48;1087;69;4375.00;106
11584;68;626222314;11584;267;12669;12774;7.32;0.44;289.43;12.48;1085;69;4376.00;105
11588;68;626222328;11588;267;12669;12774;7.36;0.45;289.53;12.48;1081;69;4377.00;105
11595;68;626222343;11595;267;12673;12780;7.42;0.45;289.60;12.48;1078;69;4378.00;107
11598;68;626222357;11598;269;12676;12780;7.53;0.46;289.66;12.50;1078;69;4379.00;104
11599;68;626222373;11599;269;12676;12780;7.60;0.46;289.69;12.50;1077;69;4380.00;104
11603;68;626222387;11603;265;12677;12780;7.62;0.46;289.70;12.50;1074;69;4381.00;103
11607;68;626222401;11607;273;12680;12784;7.65;0.46;289.78;12.50;1073;69;4382.00;104
11609;68;626222416;11609;277;12684;12785;7.67;0.47;289.77;12.53;1075;69;4383.00;101
11611;68;626222435;11611;278;12685;12785;7.68;0.47;289.82;12.54;1074;69;4384.00;100
11614;68;626222449;11614;280;12689;12786;7.69;0.47;289.87;12.57;1075;69;4385.00;97
11615;68;626222464;11615;293;12691;12786;7.72;0.47;289.90;12.58;1076;69;4386.00;95
11618;68;626222479;11618;295;12692;12786;7.79;0.48;289.91;12.59;1074;69;4387.00;94
11621;68;626222493;11621;297;12696;12786;7.82;0.48;289.91;12.62;1075;69;4388.00;90
11624;68;626222507;11624;292;12696;12786;7.86;0.48;289.99;12.62;1072;69;4389.00;90
11627;68;626222521;11627;302;12698;12786;7.91;0.48;289.99;12.64;1071;69;4390.00;88
11629;68;626222534;11629;301;12701;12786;7.91;0.48;290.04;12.66;1072;69;4391.00;85
11632;68;626222548;11632;306;12740;12856;7.98;0.49;290.08;12.64;1108;69;4392.00;116
11636;68;626222567;11636;309;12743;12857;7.89;0.48;290.13;12.64;1107;69;4393.00;114
11638;68;626222581;11638;313;12748;12857;7.85;0.48;290.15;12.66;1110;69;4394.00;109
11643;68;626222595;11643;309;12751;12857;7.79;0.47;290.14;12.65;1108;69;4395.00;106
11646;68;626222609;11646;322;12758;12857;7.71;0.47;290.18;12.67;1112;69;4396.00;99
11648;68;626222623;11648;322;12764;12857;7.63;0.47;290.22;12.67;1116;70;4397.00;93
11650;68;626222641;11650;319;12768;12857;7.60;0.46;290.27;12.67;1118;70;4398.00;89
11652;68;626222655;11652;321;12771;12857;7.54;0.46;290.33;12.68;1119;70;4399.00;86
11654;68;626222670;11654;318;12775;12858;7.52;0.46;290.40;12.69;1121;70;4400.00;83
11658;68;626222689;11658;321;12777;12859;7.44;0.45;290.40;12.70;1119;70;4401.00;82
11660;68;626222707;11660;320;12780;12859;7.40;0.45;290.39;12.71;1120;70;4402.00;79
11665;68;626222721;11665;323;12783;12863;7.29;0.45;290.40;12.71;1118;70;4403.00;80
11668;68;626222735;11668;323;12785;12863;7.20;0.44;290.36;12.72;1117;70;4404.00;78
11671;68;626222754;11671;327;12786;12863;7.17;0.44;290.40;12.72;1115;70;4405.00;77
11672;68;626222768;11672;330;12786;12863;7.19;0.44;290.41;12.72;1114;70;4406.00;77
11674;68;626222781;11674;334;12791;12869;7.23;0.44;290.50;12.73;1117;70;4407.00;78
11679;68;626222795;11679;337;12793;12869;7.24;0.44;290.50;12.74;1114;70;4408.00;76
11681;68;626222809;11681;335;12794;12869;7.28;0.44;290.51;12.74;1113;70;4409.00;75
11683;68;626222829;11683;332;12799;12875;7.25;0.44;290.53;12.74;1116;70;4410.00;76
11685;68;626222844;11685;338;12800;12875;7.13;0.44;290.52;12.74;1115;70;4411.00;75
11687;68;626222857;11687;340;12800;12875;7.02;0.43;290.59;12.74;1113;70;4412.00;75
11690;68;626222870;11690;335;12803;12876;6.89;0.42;290.61;12.75;1113;70;4413.00;73
11696;68;626222884;11696;337;12805;12877;6.76;0.41;290.68;12.76;1109;70;4414.00;72
11701;68;626222897;11701;341;12805;12877;6.65;0.41;290.69;12.76;1104;70;4415.00;72
11704;68;626222910;11704;341;12817;12890;6.57;0.40;290.66;12.75;1113;70;4416.00;73
11709;68;626222924;11709;343;12818;12890;6.44;0.39;290.66;12.76;1109;70;4417.00;72
11713;68;626222937;11713;351;12819;12890;6.32;0.39;290.77;12.76;1106;70;4418.00;71
11717;68;626222949;11717;357;12820;12891;6.21;0.38;290.81;12.76;1103;70;4419.00;71
11723;68;626222962;11723;346;12822;12891;6.11;0.37;290.84;12.78;1099;70;4420.00;69
11727;68;626222975;11727;347;12826;12895;6.05;0.37;290.90;12.77;1099;70;4421.00;69
11731;68;626222988;11731;339;12827;12895;6.01;0.37;290.97;12.78;1096;70;4422.00;68
11734;68;626223001;11734;341;12830;12899;6.01;0.37;291.00;12.78;1096;70;4423.00;69
11738;68;626223014;11738;345;12832;12899;5.96;0.36;291.03;12.78;1094;70;4424.00;67
11740;68;626223026;11740;350;12834;12899;5.96;0.37;291.05;12.79;1094;70;4425.00;65
11742;68;626223038;11742;353;12834;12899;5.96;0.37;291.09;12.79;1092;70;4426.00;65
11747;68;626223052;11747;348;12835;12899;5.93;0.36;291.17;12.80;1088;70;4427.00;64
11748;68;626223064;11748;344;12848;12911;5.99;0.37;291.19;12.79;1100;70;4428.00;63
11752;68;626223077;11752;346;12849;12911;5.95;0.37;291.26;12.79;1097;70;4429.00;62
11756;68;626223090;11756;341;12849;12911;5.97;0.37;291.26;12.79;1093;70;4430.00;62
11761;68;626223103;11761;339;12849;12911;5.96;0.37;291.32;12.79;1088;70;4431.00;62
11765;68;626223115;11765;338;12849;12911;5.96;0.37;291.38;12.79;1084;70;4432.00;62
11768;68;626223132;11768;345;12849;12911;5.97;0.37;291.39;12.79;1081;70;4433.00;62
11772;68;626223155;11772;345;12849;12912;6.03;0.37;291.37;12.79;1077;70;4434.00;63
11776;68;626223174;11776;346;12849;12912;6.10;0.37;291.34;12.79;1073;70;4435.00;63
11780;68;626223194;11780;343;12854;12918;6.16;0.38;291.34;12.79;1074;70;4436.00;64
11784;68;626223214;11784;343;12855;12919;6.22;0.38;291.28;12.79;1071;70;4437.00;64
11788;68;626223232;11788;347;12855;12919;6.25;0.38;291.29;12.79;1067;70;4438.00;64
11793;68;626223247;11793;358;12855;12919;6.25;0.38;291.30;12.79;1062;70;4439.00;64
11795;68;626223270;11795;359;12859;12924;6.25;0.38;291.30;12.78;1064;70;4440.00;65
11798;68;626223285;11798;373;12859;12924;6.26;0.38;291.34;12.78;1061;70;4441.00;65
11800;68;626223299;11800;374;12859;12924;6.22;0.38;291.35;12.78;1059;70;4442.00;65
11806;68;626223313;11806;379;12860;12925;6.22;0.38;291.37;12.78;1054;70;4443.00;65
11811;68;626223328;11811;383;12863;12929;6.23;0.38;291.45;12.78;1052;70;4444.00;66
11813;68;626223343;11813;380;12863;12929;6.28;0.38;291.45;12.78;1050;70;4445.00;66
11816;68;626223355;11816;393;12865;12932;6.28;0.38;291.53;12.78;1049;70;4446.00;67
11819;68;626223369;11819;386;12866;12932;6.28;0.38;291.53;12.77;1047;70;4447.00;66
11822;68;626223382;11822;396;12866;12932;6.24;0.38;291.54;12.77;1044;70;4448.00;66
11826;68;626223397;11826;396;12866;12932;6.19;0.38;291.51;12.77;1040;70;4449.00;66
11828;68;626223411;11828;408;12869;12936;6.17;0.38;291.50;12.77;1041;70;4450.00;67
11833;68;626223425;11833;411;12869;12936;6.08;0.37;291.52;12.77;1036;70;4451.00;67
11838;68;626223439;11838;420;12870;12936;6.05;0.37;291.50;12.77;1032;70;4452.00;66
11840;68;626223451;11840;416;12870;12936;6.03;0.37;291.46;12.77;1030;70;4453.00;66
11845;68;626223464;11845;423;12870;12937;5.95;0.37;291.46;12.77;1025;70;4454.00;67
11850;68;626223477;11850;426;12872;12939;5.93;0.36;291.45;12.77;1022;70;4455.00;67
11855;68;626223490;11855;431;12872;12939;5.89;0.36;291.38;12.77;1017;70;4456.00;67
11859;68;626223503;11859;438;12873;12940;5.87;0.36;291.32;12.77;1014;70;4457.00;67
11861;68;626223516;11861;445;12873;12940;5.82;0.36;291.30;12.77;1012;70;4458.00;67
11864;68;626223529;11864;449;12873;12940;5.82;0.36;291.28;12.77;1009;70;4459.00;67
11866;68;626223542;11866;457;12873;12940;5.78;0.36;291.27;12.77;1007;70;4460.00;67
11870;68;626223554;11870;459;12873;12940;5.73;0.35;291.24;12.77;1003;70;4461.00;67
11873;68;626223567;11873;461;12873;12940;5.64;0.35;291.22;12.77;1000;70;4462.00;67
11875;68;626223580;11875;469;12873;12940;5.59;0.34;291.20;12.77;998;70;4463.00;67
11879;68;626223592;11879;484;12942;13067;5.91;0.37;291.21;12.75;1063;70;4464.00;125
11882;68;626223616;11882;483;12944;13068;5.87;0.37;291.21;12.75;1062;70;4465.00;124
11886;68;626223629;11886;487;12953;13068;5.93;0.37;291.22;12.74;1067;70;4466.00;115
11888;68;626223642;11888;466;12956;13068;5.95;0.37;291.22;12.74;1068;70;4467.00;112
11892;68;626223663;11892;466;12960;13068;5.96;0.37;291.21;12.73;1068;70;4468.00;108
11894;68;626223676;11894;465;12963;13068;5.99;0.37;291.27;12.73;1069;70;4469.00;105
11897;68;626223692;11897;463;12967;13068;6.01;0.37;291.27;12.73;1070;70;4470.00;101
11900;68;626223705;11900;464;12969;13068;6.03;0.37;291.23;12.73;1069;70;4471.00;99
11901;68;626223719;11901;466;12971;13069;6.04;0.37;291.22;12.73;1070;70;4472.00;98
11905;68;626223733;11905;470;12975;13070;6.06;0.37;291.18;12.73;1070;70;4473.00;95
11906;68;626223747;11906;476;12977;13070;5.99;0.37;291.16;12.73;1071;70;4474.00;93
11909;68;626223769;11909;461;12981;13071;5.97;0.37;291.18;12.73;1072;70;4475.00;90
11910;68;626223782;11910;440;12983;13071;5.98;0.37;291.17;12.73;1073;70;4476.00;88
11910;68;626223796;11910;426;12986;13071;6.10;0.38;291.17;12.73;1076;70;4477.00;85
11913;68;626223810;11913;420;12989;13071;6.22;0.38;291.16;12.73;1076;70;4478.00;82
11914;68;626223825;11914;404;12991;13075;6.36;0.39;291.14;12.73;1077;70;4479.00;84
11918;68;626223841;11918;405;12994;13075;6.47;0.40;291.11;12.73;1076;70;4480.00;81
11921;68;626223856;11921;384;12995;13075;6.54;0.40;291.09;12.73;1074;70;4481.00;80
11922;68;626223882;11922;376;12998;13078;6.61;0.40;291.08;12.72;1076;70;4482.00;80
11923;68;626223898;11923;377;12999;13078;6.68;0.41;291.07;12.72;1076;70;4483.00;79
11924;68;626223926;11924;367;13000;13078;6.78;0.41;291.06;12.72;1076;70;4484.00;78
11924;68;626223941;11924;362;13003;13082;6.86;0.42;291.06;12.72;1079;70;4485.00;79
11927;68;626223956;11927;348;13005;13083;6.93;0.42;291.00;12.72;1078;70;4486.00;78
11927;68;626223972;11927;343;13005;13083;7.00;0.43;291.00;12.72;1078;70;4487.00;78
11930;68;626223987;11930;335;13008;13087;6.99;0.43;290.99;12.72;1078;70;4488.00;79
11930;68;626224002;11930;324;13008;13087;7.03;0.43;290.99;12.72;1078;70;4489.00;79
11934;68;626224017;11934;325;13008;13087;7.06;0.43;290.95;12.72;1074;70;4490.00;79
11935;68;626224032;11935;319;13009;13088;7.10;0.43;290.95;12.71;1074;70;4491.00;79
11937;68;626224046;11937;313;13009;13088;7.14;0.44;290.98;12.71;1072;70;4492.00;79
11940;68;626224060;11940;311;13013;13094;7.11;0.43;290.97;12.71;1073;70;4493.00;81
11943;68;626224076;11943;311;13013;13094;7.08;0.43;290.94;12.71;1070;70;4494.00;81
11943;68;626224090;11943;313;13014;13095;7.11;0.43;290.94;12.71;1071;70;4495.00;81
11945;68;626224106;11945;309;13014;13095;7.11;0.43;290.91;12.71;1069;70;4496.00;81
11949;68;626224121;11949;309;13014;13095;7.08;0.43;290.91;12.71;1065;70;4497.00;81
11950;68;626224138;11950;307;13014;13095;7.09;0.43;290.91;12.71;1064;70;4498.00;81
11951;68;626224153;11951;315;13014;13095;7.08;0.43;290.90;12.71;1063;70;4499.00;81
11951;68;626224170;11951;323;13037;13145;7.07;0.43;290.90;12.69;1086;70;4500.00;108
11953;68;626224192;11953;320;13038;13147;7.08;0.43;290.91;12.69;1085;70;4501.00;109
11955;68;626224206;11955;319;13040;13147;7.10;0.43;290.93;12.68;1085;70;4502.00;107
11960;68;626224220;11960;323;13040;13147;7.05;0.43;290.97;12.68;1080;70;4503.00;107
11961;68;626224233;11961;327;13041;13147;7.04;0.43;290.98;12.68;1080;70;4504.00;106
11963;68;626224246;11963;327;13041;13147;7.06;0.43;291.02;12.68;1078;70;4505.00;106
11966;68;626224259;11966;327;13047;13151;7.11;0.43;291.09;12.68;1081;70;4506.00;104
11969;68;626224273;11969;328;13048;13151;7.11;0.43;291.15;12.68;1079;70;4507.00;103
11974;68;626224286;11974;328;13052;13155;7.09;0.43;291.21;12.68;1078;70;4508.00;103
11978;68;626224300;11978;328;13054;13156;7.03;0.43;291.25;12.68;1076;70;4509.00;102
11980;68;626224313;11980;320;13054;13156;7.01;0.43;291.34;12.68;1074;70;4510.00;102
11985;68;626224326;11985;315;13054;13156;6.92;0.42;291.44;12.68;1069;70;4511.00;102
11987;68;626224339;11987;317;13061;13169;6.90;0.42;291.47;12.67;1074;70;4512.00;108
11990;68;626224352;11990;306;13062;13169;6.86;0.42;291.51;12.67;1072;70;4513.00;107
11997;68;626224365;11997;304;13062;13169;6.80;0.42;291.52;12.67;1065;70;4514.00;107
11999;68;626224379;11999;306;13064;13170;6.83;0.42;291.51;12.67;1065;70;4515.00;106
12004;68;626224391;12004;307;13064;13171;6.80;0.42;291.57;12.67;1060;70;4516.00;107
12009;68;626224404;12009;309;13064;13171;6.81;0.42;291.57;12.67;1055;70;4517.00;107
12012;68;626224416;12012;309;13066;13174;6.87;0.42;291.63;12.67;1054;70;4518.00;108
12015;68;626224429;12015;312;13067;13174;6.83;0.42;291.66;12.67;1052;70;4519.00;107
12018;68;626224441;12018;305;13067;13174;6.83;0.42;291.63;12.67;1049;70;4520.00;107
12025;68;626224453;12025;297;13068;13174;6.72;0.41;291.67;12.67;1043;70;4521.00;106
12031;68;626224465;12031;292;13071;13180;6.69;0.41;291.69;12.66;1040;70;4522.00;109
12035;68;626224479;12035;284;13071;13180;6.72;0.41;291.76;12.66;1036;70;4523.00;109
12038;68;626224491;12038;277;13073;13180;6.71;0.41;291.77;12.68;1035;70;4524.00;107
12040;68;626224504;12040;268;13073;13180;6.77;0.41;291.83;12.68;1033;70;4525.00;107
12045;68;626224517;12045;255;13078;13184;6.72;0.41;291.83;12.69;1033;70;4526.00;106
12047;68;626224530;12047;251;13079;13185;6.77;0.41;291.84;12.69;1032;70;4527.00;106
12050;68;626224543;12050;249;13079;13185;6.85;0.42;291.86;12.69;1029;70;4528.00;106
12054;68;626224556;12054;247;13080;13186;6.98;0.42;291.87;12.68;1026;70;4529.00;106
12058;68;626224571;12058;243;13081;13186;7.05;0.43;291.83;12.69;1023;70;4530.00;105
12060;68;626224583;12060;234;13081;13186;7.15;0.43;291.87;12.69;1021;70;4531.00;105
12064;68;626224596;12064;226;13082;13186;7.18;0.43;291.90;12.69;1018;70;4532.00;104
12065;68;626224609;12065;221;13082;13186;7.26;0.44;291.93;12.69;1017;70;4533.00;104
12070;68;626224621;12070;222;13082;13186;7.34;0.44;291.93;12.69;1012;70;4534.00;104
12072;68;626224634;12072;225;13084;13186;7.41;0.45;291.97;12.69;1012;70;4535.00;102
12075;68;626224647;12075;227;13118;13256;7.45;0.45;291.96;12.66;1043;70;4536.00;138
12077;68;626224666;12077;225;13121;13257;7.46;0.45;291.99;12.66;1044;70;4537.00;136
12081;68;626224680;12081;220;13126;13257;7.46;0.45;291.96;12.66;1045;70;4538.00;131
12083;68;626224693;12083;221;13130;13257;7.44;0.45;291.99;12.71;1047;70;4539.00;127
12085;68;626224706;12085;221;13133;13257;7.42;0.45;292.01;12.71;1048;70;4540.00;124
12087;68;626224720;12087;225;13138;13257;7.41;0.45;292.10;12.71;1051;70;4541.00;119
12089;68;626224733;12089;224;13141;13257;7.48;0.45;292.10;12.71;1052;70;4542.00;116
12089;68;626224746;12089;223;13144;13257;7.51;0.46;292.10;12.71;1055;70;4543.00;113
12092;68;626224759;12092;222;13145;13258;7.56;0.46;292.12;12.71;1053;70;4544.00;113
12094;68;626224773;12094;226;13149;13260;7.64;0.46;292.15;12.71;1055;70;4545.00;111
12096;68;626224787;12096;226;13151;13260;7.69;0.47;292.14;12.71;1055;70;4546.00;109
12101;68;626224801;12101;219;13156;13264;7.65;0.46;292.15;12.72;1055;70;4547.00;108
12103;68;626224815;12103;223;13160;13264;7.69;0.47;292.16;12.72;1057;70;4548.00;104
12108;68;626224829;12108;221;13163;13264;7.68;0.47;292.14;12.72;1055;70;4549.00;101
12110;68;626224843;12110;228;13168;13264;7.65;0.46;292.19;12.73;1058;70;4550.00;96
12115;68;626224857;12115;226;13172;13270;7.69;0.46;292.25;12.74;1057;70;4551.00;98
12115;68;626224871;12115;229;13173;13270;7.71;0.47;292.25;12.74;1058;70;4552.00;97
12118;68;626224885;12118;232;13174;13270;7.71;0.47;292.33;12.76;1056;70;4553.00;96
12120;68;626224899;12120;238;13177;13273;7.67;0.46;292.34;12.76;1057;70;4554.00;96
12123;68;626224913;12123;239;13179;13273;7.68;0.47;292.39;12.78;1056;70;4555.00;94
12124;68;626224927;12124;242;13181;13273;7.64;0.46;292.41;12.79;1057;70;4556.00;92
12128;68;626224941;12128;244;13182;13274;7.65;0.46;292.44;12.80;1054;70;4557.00;92
12129;68;626224954;12129;252;13184;13275;7.67;0.47;292.47;12.80;1055;70;4558.00;91
12131;68;626224969;12131;261;13187;13275;7.71;0.47;292.52;12.82;1056;70;4559.00;88
12136;68;626224984;12136;270;13203;13301;7.74;0.47;292.55;12.80;1067;70;4560.00;98
12139;68;626225000;12139;268;13206;13301;7.81;0.48;292.60;12.82;1067;70;4561.00;95
12143;68;626225014;12143;270;13208;13301;7.83;0.48;292.64;12.82;1065;70;4562.00;93
12146;68;626225028;12146;269;13211;13302;7.90;0.48;292.70;12.82;1065;70;4563.00;91
12148;68;626225041;12148;284;13213;13302;7.88;0.48;292.73;12.83;1065;70;4564.00;89
12153;68;626225055;12153;286;13217;13306;7.81;0.47;292.78;12.84;1064;70;4565.00;89
12154;68;626225069;12154;295;13219;13306;7.67;0.47;292.79;12.86;1065;70;4566.00;87
12156;68;626225082;12156;310;13223;13310;7.50;0.46;292.81;12.85;1067;70;4567.00;87
12159;68;626225096;12159;311;13223;13310;7.33;0.45;292.86;12.85;1064;70;4568.00;87
12161;68;626225109;12161;314;13226;13310;7.20;0.44;292.87;12.87;1065;70;4569.00;84
12165;68;626225123;12165;314;13226;13310;7.08;0.43;292.89;12.87;1061;70;4570.00;84
12170;68;626225140;12170;310;13227;13310;6.99;0.43;292.89;12.88;1057;70;4571.00;83
12171;68;626225161;12171;319;13237;13322;6.99;0.43;292.90;12.88;1066;70;4572.00;85
12172;68;626225185;12172;325;13238;13322;6.98;0.43;292.91;12.89;1066;70;4573.00;84
12174;68;626225202;12174;323;13240;13322;6.97;0.43;292.97;12.88;1066;70;4574.00;82
12175;68;626225224;12175;333;13240;13322;6.92;0.42;292.98;12.88;1065;70;4575.00;82
12177;68;626225242;12177;334;13241;13322;6.92;0.42;292.99;12.89;1064;70;4576.00;81
12178;68;626225258;12178;335;13242;13322;6.93;0.42;292.99;12.90;1064;70;4577.00;80
12182;68;626225272;12182;338;13244;13323;6.89;0.42;293.00;12.91;1062;70;4578.00;79
12182;68;626225286;12182;342;13245;13323;6.84;0.42;293.00;12.92;1063;70;4579.00;78
12185;68;626225299;12185;336;13250;13329;6.88;0.42;293.06;12.92;1065;70;4580.00;79
12190;68;626225313;12190;341;13252;13330;6.77;0.41;293.08;12.92;1062;70;4581.00;78
12191;68;626225333;12191;346;13254;13330;6.69;0.41;293.10;12.92;1063;70;4582.00;76
12196;68;626225345;12196;346;13256;13330;6.57;0.40;293.03;12.93;1060;70;4583.00;74
12202;68;626225357;12202;354;13260;13334;6.51;0.40;293.07;12.94;1058;70;4584.00;74
12206;68;626225370;12206;355;13261;13334;6.41;0.39;293.08;12.94;1055;70;4585.00;73
12213;68;626225382;12213;360;13262;13334;6.28;0.38;293.23;12.95;1049;70;4586.00;72
12214;68;626225395;12214;370;13263;13335;6.17;0.38;293.22;12.94;1049;70;4587.00;72
12218;68;626225406;12218;375;13267;13339;5.98;0.37;293.29;12.94;1049;70;4588.00;72
12220;68;626225418;12220;383;13268;13339;5.83;0.36;293.32;12.95;1048;70;4589.00;71
12226;68;626225430;12226;373;13271;13345;5.71;0.35;293.43;12.95;1045;70;4590.00;74
12231;68;626225443;12231;371;13271;13345;5.60;0.34;293.46;12.95;1040;70;4591.00;74
12236;68;626225455;12236;362;13273;13345;5.56;0.34;293.55;12.95;1037;70;4592.00;72
12241;68;626225466;12241;366;13274;13345;5.54;0.34;293.55;12.96;1033;70;4593.00;71
12244;68;626225479;12244;373;13277;13349;5.57;0.34;293.56;12.96;1033;70;4594.00;72
12247;68;626225491;12247;378;13278;13349;5.57;0.34;293.54;12.97;1031;70;4595.00;71
12250;68;626225502;12250;385;13279;13349;5.60;0.34;293.51;12.97;1029;70;4596.00;70
12254;68;626225515;12254;379;13279;13349;5.56;0.34;293.51;12.97;1025;70;4597.00;70
12258;68;626225527;12258;384;13280;13350;5.55;0.34;293.56;12.97;1022;70;4598.00;70
12260;68;626225540;12260;383;13281;13351;5.55;0.34;293.55;12.97;1021;70;4599.00;70
12263;68;626225554;12263;395;13282;13351;5.54;0.34;293.55;12.97;1019;70;4600.00;69
12266;68;626225572;12266;392;13283;13352;5.51;0.34;293.57;12.96;1017;70;4601.00;69
12269;68;626225585;12269;391;13283;13352;5.51;0.34;293.54;12.96;1014;70;4602.00;69
12272;68;626225597;12272;395;13283;13352;5.53;0.34;293.51;12.96;1011;70;4603.00;69
12277;68;626225609;12277;396;13283;13352;5.52;0.34;293.49;12.96;1006;70;4604.00;69
12278;68;626225623;12278;398;13283;13352;5.59;0.34;293.48;12.96;1005;70;4605.00;69
12279;68;626225635;12279;395;13283;13352;5.56;0.34;293.49;12.96;1004;70;4606.00;69
12285;68;626225646;12285;401;13283;13352;5.46;0.33;293.42;12.96;998;70;4607.00;69
12288;68;626225659;12288;405;13347;13479;5.83;0.36;293.43;12.90;1059;70;4608.00;132
12293;68;626225681;12293;406;13351;13480;5.77;0.36;293.36;12.90;1058;70;4609.00;129
12294;68;626225694;12294;407;13360;13480;5.80;0.36;293.36;12.89;1066;70;4610.00;120
12297;68;626225706;12297;412;13363;13480;5.76;0.36;293.34;12.89;1066;70;4611.00;117
12301;68;626225718;12301;414;13369;13480;5.75;0.36;293.34;12.89;1068;70;4612.00;111
12305;68;626225730;12305;415;13370;13480;5.66;0.35;293.33;12.88;1065;70;4613.00;110
12307;68;626225749;12307;425;13377;13480;5.71;0.35;293.32;12.88;1070;70;4614.00;103
12308;68;626225761;12308;429;13377;13480;5.67;0.35;293.30;12.88;1069;70;4615.00;103
12310;68;626225773;12310;432;13382;13481;5.64;0.35;293.29;12.88;1072;70;4616.00;99
12313;68;626225786;12313;437;13386;13482;5.67;0.35;293.31;12.88;1073;70;4617.00;96
12318;68;626225799;12318;442;13391;13482;5.70;0.35;293.30;12.88;1073;70;4618.00;91
12320;68;626225812;12320;449;13394;13483;5.72;0.35;293.28;12.88;1074;70;4619.00;89
12324;68;626225827;12324;453;13396;13483;5.69;0.35;293.31;12.88;1072;70;4620.00;87
12328;68;626225841;12328;457;13397;13483;5.66;0.35;293.32;12.88;1069;70;4621.00;86
12330;68;626225855;12330;465;13399;13483;5.64;0.35;293.29;12.88;1069;70;4622.00;84
12333;68;626225867;12333;467;13402;13487;5.59;0.35;293.28;12.87;1069;70;4623.00;85
12336;68;626225881;12336;472;13403;13487;5.55;0.34;293.29;12.87;1067;70;4624.00;84
12337;68;626225893;12337;474;13404;13487;5.51;0.34;293.27;12.88;1067;70;4625.00;83
12339;68;626225906;12339;474;13406;13490;5.52;0.34;293.28;12.87;1067;70;4626.00;84
12342;68;626225920;12342;465;13408;13490;5.55;0.34;293.26;12.87;1066;70;4627.00;82
12345;68;626225933;12345;454;13409;13490;5.59;0.34;293.25;12.87;1064;70;4628.00;81
12345;68;626225948;12345;448;13412;13494;5.69;0.35;293.25;12.87;1067;70;4629.00;82
12351;68;626225961;12351;441;13414;13495;5.73;0.35;293.25;12.87;1063;70;4630.00;81
12353;68;626225976;12353;437;13414;13495;5.81;0.36;293.32;12.87;1061;70;4631.00;81
12355;68;626225989;12355;433;13418;13499;5.89;0.36;293.33;12.92;1063;70;4632.00;81
12356;68;626226003;12356;430;13418;13499;5.98;0.37;293.31;12.92;1062;70;4633.00;81
12357;68;626226023;12357;426;13418;13499;6.04;0.37;293.31;12.92;1061;70;4634.00;81
12358;68;626226036;12358;427;13420;13501;6.15;0.38;293.31;12.92;1062;70;4635.00;81
12360;68;626226050;12360;430;13420;13501;6.25;0.38;293.31;12.92;1060;70;4636.00;81
12364;68;626226065;12364;416;13424;13507;6.31;0.39;293.26;12.91;1060;70;4637.00;83
12368;68;626226079;12368;403;13424;13507;6.33;0.39;293.31;12.91;1056;70;4638.00;83
12370;68;626226093;12370;393;13425;13508;6.35;0.39;293.32;12.91;1055;70;4639.00;83
12373;68;626226107;12373;376;13425;13508;6.39;0.39;293.32;12.91;1052;70;4640.00;83
12374;68;626226125;12374;369;13425;13508;6.49;0.39;293.31;12.91;1051;70;4641.00;83
12375;68;626226143;12375;359;13425;13508;6.58;0.40;293.29;12.91;1050;70;4642.00;83
12376;68;626226158;12376;352;13425;13508;6.67;0.41;293.31;12.91;1049;70;4643.00;83
12376;68;626226174;12376;357;13435;13520;6.82;0.42;293.31;12.90;1059;71;4644.00;85
12379;68;626226203;12379;352;13436;13520;6.86;0.42;293.28;12.90;1057;71;4645.00;84
12381;68;626226218;12381;339;13436;13520;6.90;0.42;293.31;12.90;1055;71;4646.00;84
12384;68;626226231;12384;330;13436;13520;6.97;0.42;293.27;12.90;1052;71;4647.00;84
12385;68;626226245;12385;323;13436;13520;7.08;0.43;293.26;12.90;1051;71;4648.00;84
12391;68;626226259;12391;315;13436;13520;7.12;0.43;293.32;12.90;1045;71;4649.00;84
12393;68;626226275;12393;313;13441;13526;7.19;0.44;293.32;12.90;1048;71;4650.00;85
12394;68;626226295;12394;304;13441;13526;7.27;0.44;293.35;12.90;1047;71;4651.00;85
12398;68;626226310;12398;302;13444;13530;7.33;0.44;293.35;12.90;1046;71;4652.00;86
12401;68;626226324;12401;311;13446;13531;7.32;0.44;293.41;12.89;1045;71;4653.00;85
12403;69;626226338;12403;310;13446;13531;7.32;0.44;293.41;12.89;1043;72;4654.00;85
12406;69;626226367;12406;315;13446;13531;7.28;0.44;293.44;12.89;1040;72;4655.00;85
12409;69;626226381;12409;316;13457;13544;7.29;0.44;293.46;12.88;1048;72;4656.00;87
12413;69;626226396;12413;311;13457;13544;7.29;0.44;293.48;12.88;1044;72;4657.00;87
12418;69;626226410;12418;307;13457;13544;7.25;0.44;293.54;12.88;1039;72;4658.00;87
12420;69;626226425;12420;308;13458;13545;7.24;0.44;293.61;12.88;1038;72;4659.00;87
12423;69;626226439;12423;310;13458;13546;7.22;0.44;293.67;12.88;1035;72;4660.00;88
12428;69;626226453;12428;306;13459;13546;7.14;0.43;293.70;12.94;1031;72;4661.00;87
12433;69;626226466;12433;299;13461;13549;7.05;0.43;293.74;12.94;1028;72;4662.00;88
12436;69;626226480;12436;302;13461;13549;6.97;0.42;293.85;12.94;1025;72;4663.00;88
12439;69;626226493;12439;303;13462;13549;6.93;0.42;293.88;12.94;1023;72;4664.00;87
12441;69;626226507;12441;301;13462;13549;6.93;0.42;293.91;12.94;1021;72;4665.00;87
12443;69;626226519;12443;302;13466;13555;6.96;0.42;293.93;12.93;1023;72;4666.00;89
12444;69;626226533;12444;303;13466;13555;6.98;0.42;293.95;12.93;1022;72;4667.00;89
12445;69;626226545;12445;305;13467;13555;7.00;0.42;293.98;12.93;1022;72;4668.00;88
12448;69;626226559;12448;304;13467;13555;6.96;0.42;293.98;12.93;1019;72;4669.00;88
12449;69;626226571;12449;301;13470;13559;6.93;0.42;294.00;12.93;1021;72;4670.00;89
12450;69;626226584;12450;303;13471;13560;6.91;0.42;293.99;12.93;1021;72;4671.00;89
12452;69;626226597;12452;300;13471;13560;6.89;0.42;294.03;12.93;1019;72;4672.00;89
12456;69;626226609;12456;306;13472;13561;6.86;0.42;294.07;12.93;1016;72;4673.00;89
12457;69;626226622;12457;307;13472;13561;6.84;0.42;294.05;12.93;1015;72;4674.00;89
12461;69;626226634;12461;304;13472;13561;6.75;0.41;294.10;12.93;1011;72;4675.00;89
12462;69;626226647;12462;303;13472;13561;6.69;0.41;294.15;12.93;1010;72;4676.00;89
12463;69;626226659;12463;305;13473;13561;6.69;0.41;294.14;12.98;1010;72;4677.00;88
12464;69;626226672;12464;310;13473;13561;6.68;0.41;294.16;12.98;1009;72;4678.00;88
12467;69;626226685;12467;299;13473;13561;6.67;0.41;294.21;12.98;1006;72;4679.00;88
12468;69;626226699;12468;318;13538;13686;6.69;0.41;294.23;12.92;1070;72;4680.00;148
12471;69;626226721;12471;295;13538;13687;6.75;0.42;294.28;12.92;1067;72;4681.00;149
12473;69;626226734;12473;292;13546;13687;6.85;0.42;294.29;12.91;1073;72;4682.00;141
12476;69;626226747;12476;279;13550;13687;6.96;0.43;294.33;12.91;1074;72;4683.00;137
12482;69;626226760;12482;268;13553;13687;6.97;0.43;294.36;12.91;1071;72;4684.00;134
12484;69;626226773;12484;260;13557;13687;7.01;0.43;294.40;12.90;1073;72;4685.00;130
12488;69;626226786;12488;252;13561;13687;7.11;0.44;294.45;12.90;1073;72;4686.00;126
12493;69;626226799;12493;254;13563;13687;7.13;0.44;294.56;12.95;1070;72;4687.00;124
12496;69;626226813;12496;257;13568;13688;7.19;0.44;294.58;12.95;1072;72;4688.00;120
12498;69;626226827;12498;258;13569;13689;7.19;0.44;294.62;12.95;1071;72;4689.00;120
12501;69;626226839;12501;251;13571;13689;7.14;0.44;294.61;13.00;1070;72;4690.00;118
12508;69;626226853;12508;255;13576;13693;7.03;0.43;294.63;13.00;1068;72;4691.00;117
12511;69;626226866;12511;248;13577;13693;6.97;0.43;294.68;13.00;1066;72;4692.00;116
12513;69;626226880;12513;233;13578;13693;6.92;0.43;294.69;13.05;1065;72;4693.00;115
12518;69;626226898;12518;231;13580;13693;6.90;0.42;294.86;13.07;1062;72;4694.00;113
12520;69;626226913;12520;231;13584;13699;6.84;0.42;294.86;13.12;1064;72;4695.00;115
12523;69;626226928;12523;229;13585;13699;6.79;0.42;294.83;13.13;1062;72;4696.00;114
12527;69;626226941;12527;231;13586;13699;6.84;0.42;294.94;13.13;1059;72;4697.00;113
12531;69;626226955;12531;227;13589;13702;6.86;0.42;294.95;13.13;1058;72;4698.00;113
12536;69;626226970;12536;224;13590;13702;6.89;0.42;294.99;13.13;1054;72;4699.00;112
12541;69;626226984;12541;217;13592;13702;6.89;0.42;295.03;13.24;1051;72;4700.00;110
12543;69;626227001;12543;218;13593;13703;6.89;0.42;295.01;13.24;1050;72;4701.00;110
12546;69;626227014;12546;211;13595;13704;6.89;0.42;295.03;13.29;1049;72;4702.00;109
12548;69;626227028;12548;208;13595;13704;6.91;0.42;295.01;13.29;1047;72;4703.00;109
12551;69;626227041;12551;214;13605;13717;6.95;0.42;295.01;13.33;1054;72;4704.00;112
12554;69;626227055;12554;222;13605;13717;6.98;0.43;295.03;13.33;1051;72;4705.00;112
12558;69;626227068;12558;212;13608;13717;7.01;0.43;295.05;13.39;1050;72;4706.00;109
12562;69;626227082;12562;210;13609;13718;7.09;0.43;295.09;13.39;1047;72;4707.00;109
12565;69;626227096;12565;210;13609;13718;7.17;0.44;295.11;13.39;1044;72;4708.00;109
12568;69;626227110;12568;205;13614;13722;7.17;0.44;295.17;13.44;1046;72;4709.00;108
12570;69;626227128;12570;201;13615;13722;7.21;0.44;295.19;13.44;1045;72;4710.00;107
12574;69;626227150;12574;204;13618;13726;7.19;0.44;295.23;13.44;1044;72;4711.00;108
12575;69;626227172;12575;202;13620;13726;7.22;0.44;295.25;13.49;1045;72;4712.00;106
12577;69;626227193;12577;206;13620;13726;7.23;0.44;295.32;13.49;1043;72;4713.00;106
12579;69;626227214;12579;199;13620;13726;7.24;0.44;295.35;13.49;1041;72;4714.00;106
12581;69;626227235;12581;200;13621;13726;7.28;0.44;295.36;13.49;1040;72;4715.00;105
12585;69;626227252;12585;203;13631;13738;7.33;0.44;295.40;13.49;1046;72;4716.00;107
12587;69;626227269;12587;207;13632;13738;7.31;0.44;295.44;13.50;1045;72;4717.00;106
12591;69;626227284;12591;209;13635;13738;7.34;0.45;295.50;13.50;1044;72;4718.00;103
12594;69;626227298;12594;217;13635;13738;7.32;0.44;295.50;13.50;1041;72;4719.00;103
12598;69;626227313;12598;236;13637;13738;7.27;0.44;295.52;13.52;1039;72;4720.00;101
12600;69;626227327;12600;237;13638;13738;7.26;0.44;295.56;13.52;1038;72;4721.00;100
12602;69;626227342;12602;240;13639;13739;7.27;0.44;295.59;13.54;1037;72;4722.00;100
12605;69;626227356;12605;238;13641;13739;7.27;0.44;295.62;13.54;1036;72;4723.00;98
12608;69;626227371;12608;243;13645;13745;7.33;0.45;295.73;13.54;1037;72;4724.00;100
12610;69;626227385;12610;251;13648;13747;7.37;0.45;295.75;13.55;1038;72;4725.00;99
12613;69;626227398;12613;267;13650;13747;7.35;0.45;295.77;13.55;1037;72;4726.00;97
12619;69;626227412;12619;273;13650;13747;7.33;0.45;295.84;13.55;1031;72;4727.00;97
12621;69;626227426;12621;274;13655;13751;7.35;0.45;295.88;13.57;1034;72;4728.00;96
12624;69;626227440;12624;275;13655;13751;7.30;0.45;295.90;13.57;1031;72;4729.00;96
12628;69;626227459;12628;277;13656;13751;7.30;0.44;295.90;13.57;1028;72;4730.00;95
12632;69;626227473;12632;277;13657;13752;7.27;0.44;295.90;13.57;1025;72;4731.00;95
12635;69;626227486;12635;281;13662;13756;7.26;0.44;295.90;13.59;1027;72;4732.00;94
12637;69;626227498;12637;281;13662;13756;7.24;0.44;295.93;13.59;1025;72;4733.00;94
12639;69;626227512;12639;283;13666;13759;7.30;0.45;295.98;13.60;1027;72;4734.00;93
12640;69;626227525;12640;288;13666;13759;7.31;0.45;296.05;13.60;1026;72;4735.00;93
12640;69;626227543;12640;294;13669;13759;7.35;0.45;296.05;13.63;1029;72;4736.00;90
12644;69;626227556;12644;296;13669;13759;7.34;0.45;296.10;13.63;1025;72;4737.00;90
12647;69;626227568;12647;300;13674;13763;7.32;0.45;296.08;13.65;1027;72;4738.00;89
12648;69;626227581;12648;295;13674;13763;7.25;0.44;296.09;13.65;1026;72;4739.00;89
12650;69;626227595;12650;297;13675;13763;7.19;0.44;296.13;13.65;1025;72;4740.00;88
12654;69;626227607;12654;296;13675;13763;7.12;0.44;296.13;13.65;1021;72;4741.00;88
12658;69;626227619;12658;296;13675;13764;7.02;0.43;296.10;13.65;1017;72;4742.00;89
12661;69;626227632;12661;292;13680;13765;7.02;0.43;296.09;13.69;1019;72;4743.00;85
12663;69;626227645;12663;301;13680;13765;7.03;0.43;296.06;13.69;1017;72;4744.00;85
12665;69;626227656;12665;306;13683;13766;6.99;0.43;296.06;13.71;1018;72;4745.00;83
12666;69;626227668;12666;308;13684;13766;6.97;0.43;296.05;13.72;1018;72;4746.00;82
12668;69;626227681;12668;316;13685;13766;6.91;0.42;296.02;13.73;1017;72;4747.00;81
12670;69;626227693;12670;324;13686;13766;6.83;0.42;295.99;13.74;1016;72;4748.00;80
12672;69;626227704;12672;327;13687;13766;6.77;0.41;295.96;13.75;1015;72;4749.00;79
12674;69;626227716;12674;333;13688;13766;6.68;0.41;295.92;13.75;1014;72;4750.00;78
12676;69;626227728;12676;336;13690;13766;6.58;0.40;295.93;13.76;1014;72;4751.00;76
12677;69;626227740;12677;357;13753;13893;6.75;0.42;295.93;13.70;1076;72;4752.00;140
12678;69;626227762;12678;358;13758;13894;6.69;0.42;295.94;13.70;1080;72;4753.00;136
12683;69;626227774;12683;355;13766;13894;6.70;0.42;295.88;13.70;1083;72;4754.00;128
12685;69;626227786;12685;360;13772;13894;6.71;0.42;295.88;13.70;1087;72;4755.00;122
12690;69;626227799;12690;361;13780;13894;6.67;0.42;295.85;13.71;1090;72;4756.00;114
12693;69;626227811;12693;366;13786;13894;6.60;0.41;295.82;13.70;1093;72;4757.00;108
12696;69;626227823;12696;373;13792;13894;6.51;0.41;295.78;13.70;1096;72;4758.00;102
12697;70;626227835;12697;377;13797;13894;6.39;0.40;295.76;13.71;1100;73;4759.00;97
12702;70;626227857;12702;373;13801;13895;6.29;0.39;295.79;13.72;1099;73;4760.00;94
12705;70;626227870;12705;381;13805;13896;6.20;0.39;295.77;13.72;1100;73;4761.00;91
12708;70;626227882;12708;375;13809;13896;6.13;0.38;295.76;13.73;1101;73;4762.00;87
12712;70;626227895;12712;383;13810;13897;6.07;0.38;295.74;13.73;1098;73;4763.00;87
12715;70;626227907;12715;395;13813;13897;6.05;0.38;295.73;13.75;1098;73;4764.00;84
12719;70;626227919;12719;407;13814;13897;5.97;0.37;295.74;13.75;1095;73;4765.00;83
12723;70;626227932;12723;413;13816;13897;5.93;0.37;295.73;13.75;1093;73;4766.00;81
12724;70;626227945;12724;416;13819;13901;5.93;0.37;295.74;13.75;1095;73;4767.00;82
12727;70;626227958;12727;419;13821;13901;5.88;0.36;295.77;13.75;1094;73;4768.00;80
12730;70;626227971;12730;422;13821;13901;5.84;0.36;295.79;13.75;1091;73;4769.00;80
12732;70;626227985;12732;427;13825;13907;5.81;0.36;295.79;13.74;1093;73;4770.00;82
12734;70;626227997;12734;432;13826;13907;5.79;0.36;295.78;13.74;1092;73;4771.00;81
12740;70;626228009;12740;441;13827;13907;5.73;0.35;295.78;13.74;1087;73;4772.00;80
12745;70;626228023;12745;438;13830;13911;5.71;0.35;295.77;13.74;1085;73;4773.00;81
12749;70;626228035;12749;438;13833;13912;5.67;0.35;295.76;13.74;1084;73;4774.00;79
12754;70;626228048;12754;436;13833;13912;5.56;0.34;295.72;13.74;1079;73;4775.00;79
12757;70;626228061;12757;441;13837;13916;5.53;0.34;295.69;13.73;1080;73;4776.00;79
12760;70;626228074;12760;442;13838;13916;5.47;0.33;295.72;13.73;1078;73;4777.00;78
12763;70;626228086;12763;446;13838;13916;5.44;0.33;295.73;13.73;1075;73;4778.00;78
12764;70;626228099;12764;428;13839;13917;5.43;0.33;295.74;13.73;1075;73;4779.00;78
12767;70;626228111;12767;406;13839;13917;5.46;0.33;295.69;13.73;1072;73;4780.00;78
12770;70;626228125;12770;391;13843;13923;5.54;0.34;295.66;13.73;1073;73;4781.00;80
12773;70;626228140;12773;382;13843;13923;5.59;0.34;295.63;13.73;1070;73;4782.00;80
12777;70;626228152;12777;375;13844;13924;5.66;0.35;295.71;13.73;1067;73;4783.00;80
12778;70;626228166;12778;373;13844;13924;5.72;0.35;295.69;13.73;1066;73;4784.00;80
12782;70;626228179;12782;369;13844;13924;5.75;0.35;295.65;13.73;1062;73;4785.00;80
12783;70;626228198;12783;370;13844;13924;5.82;0.36;295.65;13.73;1061;73;4786.00;80
12784;70;626228211;12784;369;13844;13924;5.90;0.36;295.65;13.73;1060;73;4787.00;80
12787;70;626228223;12787;379;13853;13936;6.01;0.37;295.61;13.72;1066;73;4788.00;83
12790;70;626228238;12790;384;13853;13936;6.08;0.37;295.67;13.72;1063;73;4789.00;83
12791;70;626228251;12791;385;13855;13936;6.17;0.38;295.66;13.72;1064;73;4790.00;81
12795;70;626228264;12795;390;13855;13936;6.16;0.38;295.67;13.72;1060;73;4791.00;81
12797;70;626228277;12797;392;13855;13936;6.18;0.38;295.67;13.72;1058;73;4792.00;81
12799;70;626228290;12799;389;13855;13936;6.21;0.38;295.67;13.72;1056;73;4793.00;81
12804;70;626228304;12804;389;13858;13940;6.27;0.38;295.65;13.72;1054;73;4794.00;82
12804;70;626228317;12804;399;13858;13940;6.28;0.38;295.65;13.72;1054;73;4795.00;82
12807;70;626228330;12807;406;13861;13944;6.31;0.39;295.66;13.71;1054;73;4796.00;83
12810;70;626228344;12810;413;13862;13945;6.29;0.38;295.70;13.71;1052;73;4797.00;83
12812;70;626228357;12812;414;13863;13945;6.27;0.38;295.71;13.71;1051;73;4798.00;82
12813;70;626228370;12813;418;13863;13945;6.27;0.38;295.72;13.71;1050;73;4799.00;82
12817;70;626228386;12817;423;13884;13986;6.28;0.38;295.80;13.69;1067;73;4800.00;102
12819;70;626228406;12819;413;13884;13986;6.25;0.38;295.80;13.69;1065;73;4801.00;102
12826;70;626228419;12826;421;13888;13986;6.16;0.38;295.86;13.75;1062;73;4802.00;98
12830;70;626228432;12830;417;13890;13987;6.16;0.38;295.89;13.75;1060;73;4803.00;97
12833;70;626228445;12833;424;13891;13988;6.14;0.37;295.86;13.75;1058;73;4804.00;97
12837;70;626228458;12837;424;13891;13988;6.11;0.37;295.92;13.75;1054;73;4805.00;97
12840;70;626228473;12840;429;13895;13991;6.07;0.37;296.01;13.74;1055;73;4806.00;96
12842;70;626228486;12842;415;13895;13991;6.05;0.37;296.01;13.74;1053;73;4807.00;96
12847;70;626228500;12847;412;13898;13991;6.00;0.37;296.07;13.74;1051;73;4808.00;93
12848;70;626228514;12848;409;13898;13991;6.01;0.37;296.05;13.74;1050;73;4809.00;93
12851;70;626228527;12851;409;13903;13997;6.02;0.37;296.13;13.74;1052;73;4810.00;94
12855;70;626228541;12855;405;13903;13997;6.02;0.37;296.17;13.74;1048;73;4811.00;94
12858;70;626228554;12858;403;13905;13997;6.04;0.37;296.25;13.74;1047;73;4812.00;92
12862;70;626228568;12862;405;13905;13997;6.10;0.37;296.29;13.74;1043;73;4813.00;92
12866;70;626228587;12866;408;13908;14001;6.06;0.37;296.29;13.73;1042;73;4814.00;93
12869;70;626228601;12869;406;13910;14003;6.07;0.37;296.31;13.73;1041;73;4815.00;93
12870;70;626228614;12870;394;13911;14003;6.12;0.37;296.31;13.79;1041;73;4816.00;92
12874;70;626228628;12874;381;13912;14004;6.21;0.38;296.29;13.79;1038;73;4817.00;92
12877;70;626228641;12877;372;13913;14004;6.29;0.38;296.31;13.79;1036;73;4818.00;91
12880;70;626228661;12880;363;13913;14004;6.40;0.39;296.36;13.79;1033;73;4819.00;91
12882;70;626228674;12882;357;13913;14004;6.48;0.39;296.33;13.79;1031;73;4820.00;91
12885;70;626228699;12885;343;13913;14004;6.52;0.40;296.40;13.79;1028;73;4821.00;91
12889;70;626228716;12889;334;13913;14004;6.61;0.40;296.42;13.79;1024;73;4822.00;91
12894;70;626228732;12894;332;13913;14004;6.62;0.40;296.47;13.79;1019;73;4823.00;91
12897;70;626228745;12897;351;13957;14074;6.65;0.41;296.50;13.74;1060;73;4824.00;117
12903;70;626228765;12903;345;13957;14075;6.63;0.40;296.58;13.74;1054;73;4825.00;118
12906;70;626228779;12906;338;13961;14075;6.70;0.41;296.58;13.74;1055;73;4826.00;114
12909;70;626228793;12909;333;13964;14075;6.76;0.41;296.63;13.74;1055;73;4827.00;111
12913;70;626228807;12913;326;13966;14077;6.75;0.41;296.65;13.74;1053;73;4828.00;111
12914;71;626228821;12914;328;13969;14077;6.80;0.41;296.65;13.74;1055;74;4829.00;108
12918;71;626228847;12918;331;13973;14077;6.81;0.41;296.68;13.73;1055;74;4830.00;104
12920;71;626228860;12920;333;13975;14077;6.81;0.41;296.73;13.73;1055;74;4831.00;102
12922;71;626228874;12922;330;13977;14078;6.82;0.42;296.74;13.73;1055;74;4832.00;101
12926;71;626228893;12926;329;13979;14079;6.83;0.42;296.76;13.73;1053;74;4833.00;100
12928;71;626228906;12928;338;13984;14079;6.86;0.42;296.74;13.73;1056;74;4834.00;95
12929;71;626228919;12929;334;13989;14083;6.80;0.41;296.80;13.78;1060;74;4835.00;94
12933;71;626228932;12933;337;13989;14083;6.75;0.41;296.82;13.78;1056;74;4836.00;94
12936;71;626228945;12936;333;13989;14083;6.78;0.41;296.81;13.78;1053;74;4837.00;94
12939;71;626228958;12939;337;13989;14083;6.77;0.41;296.82;13.78;1050;74;4838.00;94
12940;71;626228972;12940;331;13994;14089;6.77;0.41;296.80;13.78;1054;74;4839.00;95
12944;71;626228985;12944;328;13995;14089;6.71;0.41;296.80;13.78;1051;74;4840.00;94
12946;71;626228998;12946;321;13995;14089;6.70;0.41;296.82;13.78;1049;74;4841.00;94
12947;71;626229016;12947;324;13998;14092;6.69;0.41;296.81;13.78;1051;74;4842.00;94
12949;71;626229029;12949;328;13998;14092;6.62;0.40;296.82;13.78;1049;74;4843.00;94
12950;71;626229042;12950;329;13998;14092;6.55;0.40;296.82;13.78;1048;74;4844.00;94
12950;71;626229054;12950;328;13998;14093;6.53;0.40;296.82;13.78;1048;74;4845.00;95
12953;71;626229066;12953;337;13999;14094;6.50;0.40;296.85;13.78;1046;74;4846.00;95
12953;71;626229078;12953;337;13999;14094;6.50;0.40;296.85;13.78;1046;74;4847.00;95
12955;71;626229091;12955;336;14010;14107;6.50;0.40;296.82;13.77;1055;74;4848.00;97
12958;71;626229104;12958;338;14010;14107;6.44;0.39;296.85;13.77;1052;74;4849.00;97
12959;71;626229117;12959;336;14010;14107;6.47;0.40;296.84;13.77;1051;74;4850.00;97
12962;71;626229133;12962;341;14011;14108;6.49;0.40;296.84;13.76;1049;74;4851.00;97
12964;71;626229169;12964;332;14011;14108;6.47;0.39;296.82;13.76;1047;74;4852.00;97
12967;71;626229191;12967;322;14015;14112;6.47;0.39;296.84;13.82;1048;74;4853.00;97
12970;71;626229210;12970;327;14016;14112;6.51;0.40;296.84;13.81;1046;74;4854.00;96
12971;71;626229229;12971;327;14019;14116;6.53;0.40;296.85;13.81;1048;74;4855.00;97
12973;71;626229245;12973;324;14019;14116;6.60;0.40;296.88;13.81;1046;74;4856.00;97
12977;71;626229259;12977;310;14019;14116;6.59;0.40;296.90;13.81;1042;74;4857.00;97
12978;71;626229273;12978;315;14019;14116;6.60;0.40;296.92;13.81;1041;74;4858.00;97
12984;71;626229293;12984;313;14019;14116;6.54;0.40;296.89;13.81;1035;74;4859.00;97
12988;71;626229307;12988;299;14038;14150;6.50;0.40;296.91;13.79;1050;74;4860.00;112
12991;71;626229324;12991;284;14039;14150;6.51;0.40;296.94;13.79;1048;74;4861.00;111
12995;71;626229337;12995;270;14041;14150;6.51;0.40;296.97;13.79;1046;74;4862.00;109
12997;71;626229350;12997;258;14042;14150;6.51;0.40;297.01;13.85;1045;74;4863.00;108
13001;71;626229362;13001;261;14043;14150;6.55;0.40;297.05;13.84;1042;74;4864.00;107
13003;71;626229375;13003;254;14045;14150;6.57;0.40;297.08;13.87;1042;74;4865.00;105
13004;71;626229389;13004;249;14046;14151;6.67;0.40;297.11;13.87;1042;74;4866.00;105
13008;71;626229401;13008;253;14046;14151;6.68;0.41;297.19;13.87;1038;74;4867.00;105
13014;71;626229414;13014;249;14050;14157;6.71;0.41;297.17;13.87;1036;74;4868.00;107
13017;71;626229427;13017;242;14051;14158;6.70;0.41;297.23;13.87;1034;74;4869.00;107
13019;71;626229440;13019;246;14052;14158;6.68;0.41;297.29;13.87;1033;74;4870.00;106
13021;71;626229453;13021;243;14052;14158;6.67;0.41;297.36;13.87;1031;74;4871.00;106
13025;71;626229466;13025;247;14055;14162;6.65;0.40;297.40;13.86;1030;74;4872.00;107
13027;71;626229480;13027;239;14056;14162;6.66;0.40;297.42;13.86;1029;74;4873.00;106
13028;71;626229493;13028;237;14056;14162;6.72;0.41;297.45;13.86;1028;74;4874.00;106
13030;71;626229506;13030;239;14057;14163;6.78;0.41;297.51;13.86;1027;74;4875.00;106
13033;71;626229518;13033;228;14061;14167;6.79;0.41;297.46;13.91;1028;74;4876.00;106
13035;71;626229532;13035;228;14062;14167;6.81;0.41;297.52;13.91;1027;74;4877.00;105
13037;71;626229544;13037;233;14064;14170;6.86;0.42;297.54;13.91;1027;74;4878.00;106
13039;71;626229558;13039;233;14066;14170;6.87;0.42;297.55;13.91;1027;74;4879.00;104
13044;71;626229572;13044;228;14066;14170;6.85;0.42;297.56;13.91;1022;74;4880.00;104
13047;71;626229586;13047;225;14066;14170;6.85;0.42;297.66;13.91;1019;74;4881.00;104
13048;71;626229600;13048;230;14070;14174;6.91;0.42;297.67;13.91;1022;74;4882.00;104
13050;71;626229615;13050;243;14071;14174;6.91;0.42;297.69;13.91;1021;74;4883.00;103
13052;71;626229629;13052;255;14072;14174;6.95;0.42;297.69;13.91;1020;74;4884.00;102
13057;71;626229643;13057;255;14072;14174;6.93;0.42;297.71;13.91;1015;74;4885.00;102
13059;71;626229661;13059;262;14072;14175;6.91;0.42;297.70;13.91;1013;74;4886.00;103
13061;71;626229675;13061;262;14073;14176;6.86;0.42;297.74;13.91;1012;74;4887.00;103
13065;71;626229689;13065;262;14073;14176;6.79;0.41;297.73;13.91;1008;74;4888.00;103
13066;71;626229705;13066;270;14074;14177;6.78;0.41;297.72;13.91;1008;74;4889.00;103
13069;71;626229723;13069;274;14076;14177;6.71;0.41;297.78;13.93;1007;74;4890.00;101
13069;71;626229736;13069;284;14076;14177;6.70;0.41;297.78;13.93;1007;74;4891.00;101
13071;71;626229749;13071;283;14078;14177;6.64;0.40;297.85;13.96;1007;74;4892.00;99
13075;71;626229761;13075;283;14078;14177;6.64;0.40;297.92;13.96;1003;74;4893.00;99
13076;71;626229775;13076;283;14078;14177;6.62;0.40;297.92;13.96;1002;74;4894.00;99
13078;71;626229788;13078;290;14080;14177;6.60;0.40;297.96;13.99;1002;74;4895.00;97
13079;71;626229800;13079;306;14143;14304;6.83;0.42;297.99;13.92;1064;74;4896.00;161
13081;71;626229823;13081;301;14148;14305;6.80;0.42;298.03;13.93;1067;74;4897.00;157
13083;71;626229837;13083;297;14156;14305;6.80;0.42;298.02;13.94;1073;74;4898.00;149
13084;71;626229850;13084;296;14161;14305;6.82;0.42;298.01;13.94;1077;74;4899.00;144
13086;71;626229864;13086;296;14167;14305;6.87;0.42;297.98;13.94;1081;74;4900.00;138
13088;71;626229881;13088;295;14172;14305;6.89;0.42;297.96;13.95;1084;74;4901.00;133
13090;71;626229895;13090;296;14180;14305;6.92;0.43;297.95;13.95;1090;74;4902.00;125
13092;71;626229908;13092;306;14185;14305;6.90;0.42;297.92;13.96;1093;74;4903.00;120
13097;71;626229921;13097;308;14192;14306;6.88;0.42;297.83;13.98;1095;74;4904.00;114
13100;71;626229936;13100;309;14196;14308;6.85;0.42;297.90;13.98;1096;74;4905.00;112
13100;71;626229951;13100;317;14200;14308;6.82;0.42;297.90;14.00;1100;74;4906.00;108
13102;71;626229964;13102;316;14202;14309;6.76;0.42;297.86;14.01;1100;74;4907.00;107
13105;71;626229978;13105;324;14204;14309;6.69;0.41;297.86;14.01;1099;74;4908.00;105
13106;71;626229991;13106;321;14207;14309;6.62;0.41;297.85;14.03;1101;74;4909.00;102
13106;71;626230005;13106;329;14209;14309;6.56;0.40;297.85;14.03;1103;74;4910.00;100
13108;71;626230018;13108;336;14213;14313;6.54;0.40;297.83;14.03;1105;74;4911.00;100
13110;71;626230032;13110;339;14214;14313;6.49;0.40;297.84;14.03;1104;74;4912.00;99
13111;71;626230046;13111;341;14217;14313;6.42;0.39;297.85;14.06;1106;74;4913.00;96
13112;71;626230059;13112;342;14220;14316;6.38;0.39;297.85;14.05;1108;74;4914.00;96
13116;71;626230074;13116;355;14220;14316;6.29;0.39;297.82;14.05;1104;74;4915.00;96
13116;71;626230087;13116;361;14224;14316;6.27;0.39;297.82;14.07;1108;74;4916.00;92
13118;71;626230102;13118;367;14228;14320;6.23;0.38;297.83;14.07;1110;74;4917.00;92
13121;71;626230117;13121;378;14232;14321;6.19;0.38;297.78;14.08;1111;74;4918.00;89
13121;71;626230132;13121;379;14232;14321;6.14;0.38;297.78;14.08;1111;74;4919.00;89
13124;71;626230147;13124;384;14238;14326;6.07;0.37;297.80;14.10;1114;74;4920.00;88
13126;71;626230160;13126;396;14238;14326;5.96;0.36;297.81;14.10;1112;74;4921.00;88
13127;71;626230173;13127;396;14238;14326;5.85;0.36;297.83;14.10;1111;74;4922.00;88
13130;71;626230185;13130;406;14241;14327;5.72;0.35;297.82;14.11;1111;74;4923.00;86
13134;71;626230203;13134;409;14241;14327;5.58;0.34;297.79;14.11;1107;74;4924.00;86
13136;71;626230215;13136;419;14245;14333;5.52;0.34;297.78;14.11;1109;74;4925.00;88
13142;71;626230227;13142;424;14245;14333;5.34;0.33;297.77;14.11;1103;74;4926.00;88
13148;71;626230239;13148;435;14249;14334;5.17;0.32;297.83;14.13;1101;74;4927.00;85
13150;71;626230251;13150;448;14249;14334;5.03;0.31;297.82;14.13;1099;74;4928.00;85
13153;71;626230261;13153;456;14252;14334;4.87;0.30;297.80;14.15;1099;74;4929.00;82
13154;71;626230272;13154;446;14252;14334;4.75;0.29;297.79;14.15;1098;74;4930.00;82
13160;71;626230282;13160;425;14253;14334;4.62;0.28;297.78;14.15;1093;74;4931.00;81
13161;71;626230294;13161;424;14264;14346;4.71;0.29;297.77;14.14;1103;74;4932.00;82
13164;71;626230306;13164;419;14265;14346;4.67;0.29;297.80;14.15;1101;74;4933.00;81
13165;71;626230318;13165;415;14266;14346;4.67;0.29;297.80;14.16;1101;74;4934.00;80
13166;71;626230329;13166;417;14267;14346;4.70;0.29;297.82;14.16;1101;74;4935.00;79
13170;71;626230340;13170;419;14268;14346;4.71;0.29;297.81;14.17;1098;74;4936.00;78
13172;71;626230352;13172;408;14268;14346;4.82;0.30;297.81;14.17;1096;74;4937.00;78
13175;71;626230364;13175;397;14272;14350;4.97;0.30;297.80;14.17;1097;74;4938.00;78
13177;71;626230376;13177;385;14273;14350;5.09;0.31;297.82;14.17;1096;74;4939.00;77
13178;71;626230388;13178;385;14276;14354;5.23;0.32;297.80;14.17;1098;74;4940.00;78
13181;72;626230405;13181;386;14277;14355;5.30;0.32;297.80;14.17;1096;75;4941.00;78
13182;72;626230428;13182;387;14278;14355;5.41;0.33;297.80;14.17;1096;75;4942.00;77
13186;72;626230440;13186;382;14278;14355;5.42;0.33;297.78;14.17;1092;75;4943.00;77
13188;72;626230452;13188;383;14289;14368;5.56;0.34;297.79;14.15;1101;75;4944.00;79
13191;72;626230471;13191;381;14289;14368;5.62;0.35;297.76;14.15;1098;75;4945.00;79
13193;72;626230483;13193;372;14289;14368;5.70;0.35;297.73;14.15;1096;75;4946.00;79
13199;72;626230494;13199;361;14290;14369;5.78;0.35;297.67;14.15;1091;75;4947.00;79
13202;72;626230510;13202;360;14290;14370;5.85;0.36;297.68;14.15;1088;75;4948.00;80
13204;72;626230522;13204;353;14290;14370;5.88;0.36;297.68;14.15;1086;75;4949.00;80
13206;72;626230536;13206;351;14294;14379;5.94;0.36;297.67;14.15;1088;75;4950.00;85
13209;72;626230550;13209;354;14294;14379;5.98;0.37;297.68;14.15;1085;75;4951.00;85
13212;72;626230562;13212;352;14296;14379;6.08;0.37;297.66;14.15;1084;75;4952.00;83
13215;72;626230575;13215;345;14296;14379;6.17;0.38;297.66;14.15;1081;75;4953.00;83
13221;72;626230588;13221;353;14300;14385;6.25;0.38;297.69;14.14;1079;75;4954.00;85
13225;72;626230601;13225;354;14300;14385;6.28;0.38;297.68;14.14;1075;75;4955.00;85
13231;72;626230614;13231;345;14301;14385;6.31;0.38;297.72;14.14;1070;75;4956.00;84
13238;72;626230628;13238;352;14302;14385;6.26;0.38;297.78;14.14;1064;75;4957.00;83
13242;72;626230647;13242;354;14306;14389;6.30;0.38;297.78;14.14;1064;75;4958.00;83
13245;72;626230661;13245;359;14307;14390;6.29;0.38;297.77;14.14;1062;75;4959.00;83
13249;72;626230675;13249;363;14308;14390;6.28;0.38;297.79;14.14;1059;75;4960.00;82
13254;72;626230689;13254;358;14309;14391;6.29;0.38;297.91;14.14;1055;75;4961.00;82
13260;72;626230703;13260;365;14309;14391;6.29;0.38;297.95;14.14;1049;75;4962.00;82
13263;72;626230716;13263;370;14309;14391;6.33;0.39;297.99;14.14;1046;75;4963.00;82
13265;72;626230729;13265;360;14309;14391;6.38;0.39;297.98;14.14;1044;75;4964.00;82
13271;72;626230745;13271;373;14309;14391;6.38;0.39;298.03;14.14;1038;75;4965.00;82
13273;72;626230758;13273;370;14309;14391;6.44;0.39;298.02;14.14;1036;75;4966.00;82
13277;72;626230771;13277;366;14309;14391;6.42;0.39;298.06;14.14;1032;75;4967.00;82
13282;72;626230783;13282;379;14354;14461;6.49;0.40;298.06;14.09;1072;75;4968.00;107
13287;72;626230802;13287;370;14354;14462;6.46;0.39;298.09;14.09;1067;75;4969.00;108
13288;72;626230816;13288;375;14359;14462;6.58;0.40;298.15;14.09;1071;75;4970.00;103
13292;72;626230829;13292;370;14363;14462;6.63;0.40;298.19;14.09;1071;75;4971.00;99
13297;72;626230842;13297;377;14368;14462;6.63;0.40;298.24;14.14;1071;75;4972.00;94
13301;72;626230857;13301;380;14371;14462;6.64;0.40;298.32;14.14;1070;75;4973.00;91
13302;72;626230870;13302;380;14374;14462;6.62;0.40;298.34;14.14;1072;75;4974.00;88
13304;72;626230883;13304;383;14374;14462;6.54;0.40;298.36;14.14;1070;75;4975.00;88
13306;72;626230897;13306;385;14376;14463;6.50;0.40;298.37;14.14;1070;75;4976.00;87
13309;72;626230910;13309;381;14377;14464;6.41;0.39;298.39;14.13;1068;75;4977.00;87
13312;72;626230924;13312;374;14378;14464;6.37;0.39;298.44;14.13;1066;75;4978.00;86
13314;72;626230938;13314;378;14381;14468;6.32;0.39;298.43;14.13;1067;75;4979.00;87
13319;72;626230953;13319;378;14381;14468;6.31;0.39;298.42;14.13;1062;75;4980.00;87
13323;72;626230967;13323;385;14381;14468;6.28;0.38;298.44;14.13;1058;75;4981.00;87
13326;72;626230982;13326;389;14381;14468;6.32;0.39;298.42;14.13;1055;75;4982.00;87
13328;72;626230995;13328;391;14385;14474;6.38;0.39;298.42;14.13;1057;75;4983.00;89
13332;72;626231009;13332;393;14386;14474;6.40;0.39;298.45;14.13;1054;75;4984.00;88
13334;72;626231024;13334;388;14386;14474;6.52;0.40;298.44;14.13;1052;75;4985.00;88
13336;72;626231042;13336;372;14388;14477;6.65;0.41;298.48;14.13;1052;75;4986.00;89
13337;72;626231057;13337;359;14388;14477;6.74;0.41;298.48;14.13;1051;75;4987.00;89
13341;72;626231071;13341;349;14389;14477;6.82;0.42;298.53;14.12;1048;75;4988.00;88
13344;72;626231090;13344;337;14390;14478;6.92;0.42;298.51;14.18;1046;75;4989.00;88
13349;72;626231110;13349;332;14391;14479;7.02;0.43;298.64;14.18;1042;75;4990.00;88
13351;72;626231131;13351;328;14391;14479;7.05;0.43;298.65;14.18;1040;75;4991.00;88
13355;72;626231153;13355;332;14402;14492;7.10;0.43;298.66;14.17;1047;75;4992.00;90
13361;72;626231176;13361;330;14402;14492;7.04;0.43;298.74;14.17;1041;75;4993.00;90
13363;73;626231197;13363;327;14402;14492;6.96;0.42;298.79;14.17;1039;76;4994.00;90
13365;73;626231244;13365;321;14404;14494;6.91;0.42;298.83;14.17;1039;76;4995.00;90
13368;73;626231260;13368;322;14404;14494;6.84;0.42;298.87;14.17;1036;76;4996.00;90
13369;73;626231276;13369;321;14407;14498;6.81;0.41;298.91;14.17;1038;76;4997.00;91
13372;73;626231290;13372;310;14407;14498;6.73;0.41;298.92;14.17;1035;76;4998.00;91
13375;73;626231306;13375;308;14411;14502;6.68;0.41;298.96;14.16;1036;76;4999.00;91
13375;73;626231323;13375;297;14412;14502;6.70;0.41;298.96;14.22;1037;76;5000.00;90
13381;73;626231342;13381;297;14412;14502;6.71;0.41;299.05;14.22;1031;76;5001.00;90
13384;73;626231357;13384;287;14412;14502;6.76;0.41;299.08;14.22;1028;76;5002.00;90
13389;73;626231370;13389;281;14412;14502;6.83;0.42;299.11;14.22;1023;76;5003.00;90
13394;73;626231385;13394;281;14421;14514;6.82;0.42;299.11;14.21;1027;76;5004.00;93
13397;73;626231400;13397;279;14421;14514;6.82;0.42;299.15;14.21;1024;76;5005.00;93
13404;73;626231414;13404;279;14423;14514;6.88;0.42;299.21;14.21;1019;76;5006.00;91
13407;73;626231428;13407;270;14423;14514;6.87;0.42;299.30;14.21;1016;76;5007.00;91
13409;73;626231443;13409;270;14423;14514;6.80;0.41;299.28;14.21;1014;76;5008.00;91
13411;73;626231458;13411;271;14423;14514;6.78;0.41;299.25;14.21;1012;76;5009.00;91
13412;73;626231473;13412;265;14423;14515;6.73;0.41;299.25;14.21;1011;76;5010.00;92
13413;73;626231487;13413;261;14423;14515;6.76;0.41;299.30;14.21;1010;76;5011.00;92
13416;73;626231500;13416;262;14427;14521;6.73;0.41;299.34;14.20;1011;76;5012.00;94
13417;73;626231515;13417;271;14428;14522;6.75;0.41;299.33;14.20;1011;76;5013.00;94
13418;73;626231529;13418;273;14430;14522;6.71;0.41;299.32;14.26;1012;76;5014.00;92
13420;73;626231542;13420;273;14430;14522;6.67;0.41;299.35;14.26;1010;76;5015.00;92
13422;73;626231555;13422;279;14433;14526;6.66;0.41;299.34;14.26;1011;76;5016.00;93
13422;73;626231569;13422;280;14433;14526;6.65;0.41;299.34;14.26;1011;76;5017.00;93
13424;73;626231582;13424;282;14433;14526;6.59;0.40;299.35;14.26;1009;76;5018.00;93
13425;73;626231602;13425;284;14434;14527;6.59;0.40;299.34;14.26;1009;76;5019.00;93
13426;73;626231615;13426;284;14437;14531;6.56;0.40;299.33;14.25;1011;76;5020.00;94
13429;73;626231635;13429;279;14437;14531;6.52;0.40;299.31;14.25;1008;76;5021.00;94
13431;73;626231648;13431;273;14439;14534;6.48;0.40;299.32;14.25;1008;76;5022.00;95
13433;73;626231661;13433;264;14439;14534;6.43;0.39;299.30;14.25;1006;76;5023.00;95
13434;73;626231675;13434;264;14440;14534;6.39;0.39;299.30;14.25;1006;76;5024.00;94
13437;73;626231688;13437;255;14440;14534;6.29;0.38;299.36;14.25;1003;76;5025.00;94
13439;73;626231701;13439;250;14443;14538;6.26;0.38;299.34;14.25;1004;76;5026.00;95
13442;73;626231713;13442;247;14443;14538;6.22;0.38;299.37;14.25;1001;76;5027.00;95
13444;73;626231725;13444;249;14444;14538;6.15;0.37;299.44;14.25;1000;76;5028.00;94
13449;73;626231737;13449;249;14444;14538;6.05;0.37;299.44;14.25;995;76;5029.00;94
13454;73;626231749;13454;243;14444;14539;5.93;0.36;299.48;14.25;990;76;5030.00;95
13462;73;626231762;13462;237;14446;14540;5.85;0.35;299.52;14.30;984;76;5031.00;94
13462;73;626231775;13462;229;14446;14540;5.82;0.35;299.52;14.30;984;76;5032.00;94
13465;73;626231787;13465;226;14447;14541;5.81;0.35;299.58;14.30;982;76;5033.00;94
13467;73;626231799;13467;221;14447;14541;5.78;0.35;299.61;14.30;980;76;5034.00;94
13470;73;626231810;13470;220;14448;14541;5.79;0.35;299.58;14.31;978;76;5035.00;93
13474;73;626231823;13474;215;14449;14541;5.80;0.35;299.59;14.37;975;76;5036.00;92
13479;73;626231835;13479;211;14449;14541;5.82;0.35;299.65;14.37;970;76;5037.00;92
13483;73;626231847;13483;203;14449;14541;5.80;0.35;299.68;14.37;966;76;5038.00;92
13488;73;626231859;13488;204;14450;14541;5.83;0.35;299.70;14.42;962;76;5039.00;91
13489;73;626231872;13489;234;14553;14771;6.15;0.39;299.69;14.31;1064;76;5040.00;218
13492;73;626231903;13492;220;14554;14772;6.12;0.38;299.66;14.31;1062;76;5041.00;218
13493;73;626231917;13493;216;14561;14772;6.22;0.39;299.64;14.31;1068;76;5042.00;211
13495;73;626231930;13495;219;14569;14772;6.29;0.39;299.70;14.30;1074;76;5043.00;203
13497;73;626231943;13497;218;14573;14772;6.31;0.39;299.73;14.30;1076;76;5044.00;199
13498;73;626231955;13498;211;14579;14772;6.34;0.39;299.72;14.29;1081;76;5045.00;193
13499;73;626231970;13499;216;14585;14772;6.39;0.40;299.74;14.29;1086;76;5046.00;187
13500;73;626231988;13500;206;14588;14772;6.47;0.40;299.73;14.29;1088;76;5047.00;184
13502;73;626232005;13502;209;14593;14773;6.58;0.41;299.73;14.29;1091;76;5048.00;180
13505;73;626232019;13505;208;14599;14774;6.64;0.41;299.68;14.28;1094;76;5049.00;175
13505;73;626232033;13505;208;14604;14774;6.73;0.42;299.68;14.28;1099;76;5050.00;170
13507;73;626232052;13507;215;14609;14775;6.83;0.42;299.70;14.28;1102;76;5051.00;166
13507;73;626232066;13507;213;14614;14775;6.83;0.42;299.70;14.28;1107;76;5052.00;161
13508;73;626232080;13508;214;14619;14775;6.80;0.42;299.73;14.33;1111;76;5053.00;156
13508;73;626232094;13508;223;14621;14775;6.78;0.42;299.73;14.33;1113;76;5054.00;154
13511;73;626232113;13511;228;14627;14779;6.76;0.42;299.68;14.34;1116;76;5055.00;152
13514;73;626232127;13514;230;14629;14779;6.68;0.41;299.65;14.34;1115;76;5056.00;150
13516;73;626232144;13516;241;14631;14779;6.59;0.40;299.62;14.34;1115;76;5057.00;148
13517;73;626232163;13517;248;14636;14782;6.58;0.40;299.62;14.34;1119;76;5058.00;146
13519;73;626232179;13519;250;14640;14782;6.52;0.40;299.59;14.35;1121;76;5059.00;142
13520;73;626232193;13520;258;14643;14782;6.52;0.40;299.59;14.37;1123;76;5060.00;139
13521;73;626232207;13521;269;14650;14786;6.46;0.40;299.58;14.38;1129;76;5061.00;136
13522;73;626232226;13522;276;14653;14787;6.48;0.40;299.61;14.39;1131;76;5062.00;134
13522;73;626232241;13522;285;14657;14787;6.47;0.40;299.61;14.40;1135;76;5063.00;130
13523;73;626232255;13523;289;14662;14791;6.47;0.40;299.62;14.41;1139;76;5064.00;129
13523;73;626232269;13523;295;14664;14791;6.46;0.40;299.62;14.41;1141;76;5065.00;127
13526;73;626232283;13526;304;14667;14791;6.39;0.39;299.61;14.43;1141;76;5066.00;124
13529;73;626232296;13529;311;14669;14792;6.33;0.39;299.65;14.43;1140;76;5067.00;123
13530;73;626232309;13530;323;14671;14792;6.29;0.38;299.63;14.44;1141;76;5068.00;121
13531;73;626232323;13531;337;14677;14798;6.26;0.38;299.62;14.45;1146;76;5069.00;121
13534;73;626232339;13534;348;14680;14798;6.17;0.38;299.58;14.46;1146;76;5070.00;118
13538;73;626232352;13538;344;14681;14799;6.05;0.37;299.53;14.47;1143;76;5071.00;118
13540;73;626232365;13540;356;14684;14799;5.93;0.36;299.51;14.48;1144;76;5072.00;115
13543;73;626232378;13543;362;14685;14799;5.78;0.35;299.49;14.49;1142;76;5073.00;114
13544;73;626232392;13544;372;14687;14799;5.69;0.35;299.47;14.49;1143;76;5074.00;112
13545;73;626232404;13545;378;14690;14799;5.60;0.34;299.47;14.51;1145;76;5075.00;109
13547;73;626232419;13547;387;14701;14811;5.56;0.34;299.46;14.51;1154;76;5076.00;110
13547;73;626232433;13547;396;14702;14811;5.48;0.33;299.46;14.51;1155;76;5077.00;109
13549;73;626232445;13549;402;14706;14811;5.37;0.33;299.45;14.52;1157;76;5078.00;105
13550;73;626232457;13550;408;14707;14811;5.30;0.32;299.43;14.52;1157;76;5079.00;104
13552;73;626232470;13552;409;14709;14811;5.26;0.32;299.40;14.52;1157;76;5080.00;102
13552;73;626232482;13552;410;14710;14811;5.24;0.32;299.40;14.53;1158;76;5081.00;101
13553;73;626232495;13553;404;14713;14815;5.23;0.32;299.38;14.53;1160;76;5082.00;102
13554;73;626232508;13554;396;14715;14815;5.25;0.32;299.37;14.55;1161;76;5083.00;100
13557;73;626232521;13557;389;14718;14819;5.33;0.32;299.34;14.54;1161;76;5084.00;101
13559;73;626232534;13559;384;14721;14821;5.35;0.33;299.34;14.54;1162;76;5085.00;100
13560;73;626232547;13560;377;14723;14821;5.40;0.33;299.34;14.55;1163;76;5086.00;98
13560;73;626232559;13560;375;14723;14821;5.44;0.33;299.34;14.55;1163;76;5087.00;98
13560;73;626232571;13560;379;14734;14834;5.49;0.33;299.34;14.56;1174;76;5088.00;100
13562;73;626232586;13562;373;14734;14834;5.53;0.34;299.30;14.56;1172;76;5089.00;100
13564;73;626232605;13564;369;14736;14834;5.59;0.34;299.28;14.56;1172;76;5090.00;98
13565;73;626232618;13565;363;14739;14835;5.61;0.34;299.28;14.57;1174;76;5091.00;96
13567;73;626232631;13567;365;14739;14836;5.57;0.34;299.28;14.57;1172;76;5092.00;97
13570;73;626232644;13570;367;14741;14836;5.52;0.34;299.26;14.58;1171;76;5093.00;95
13572;74;626232657;13572;370;14743;14839;5.57;0.34;299.25;14.58;1171;77;5094.00;96
13575;74;626232687;13575;372;14744;14839;5.57;0.34;299.25;14.58;1169;77;5095.00;95
13576;74;626232700;13576;377;14746;14839;5.60;0.34;299.25;14.59;1170;77;5096.00;93
13581;74;626232719;13581;381;14746;14839;5.57;0.34;299.20;14.59;1165;77;5097.00;93
13582;74;626232737;13582;386;14751;14845;5.56;0.34;299.18;14.59;1169;77;5098.00;94
13584;74;626232750;13584;393;14755;14845;5.55;0.34;299.19;14.60;1171;77;5099.00;90
13587;74;626232765;13587;396;14760;14864;5.51;0.34;299.20;14.60;1173;77;5100.00;104
13588;74;626232784;13588;382;14760;14864;5.52;0.34;299.20;14.60;1172;77;5101.00;104
13590;74;626232797;13590;380;14764;14868;5.53;0.34;299.22;14.60;1174;77;5102.00;104
13590;74;626232810;13590;381;14765;14869;5.63;0.34;299.22;14.60;1175;77;5103.00;104
13596;74;626232822;13596;386;14768;14869;5.59;0.34;299.30;14.63;1172;77;5104.00;101
13598;74;626232836;13598;379;14769;14870;5.64;0.35;299.36;14.63;1171;77;5105.00;101
13601;74;626232849;13601;387;14773;14870;5.63;0.35;299.40;14.63;1172;77;5106.00;97
13604;74;626232861;13604;380;14773;14870;5.66;0.35;299.43;14.63;1169;77;5107.00;97
13604;74;626232875;13604;375;14773;14870;5.73;0.35;299.43;14.63;1169;77;5108.00;97
13609;74;626232887;13609;371;14773;14870;5.74;0.35;299.51;14.63;1164;77;5109.00;97
13612;74;626232900;13612;368;14773;14870;5.76;0.35;299.48;14.63;1161;77;5110.00;97
13615;74;626232913;13615;356;14773;14870;5.78;0.35;299.52;14.63;1158;77;5111.00;97
13619;74;626232926;13619;353;14808;14940;5.88;0.36;299.50;14.66;1189;77;5112.00;132
13624;74;626232945;13624;345;14811;14941;5.98;0.37;299.50;14.65;1187;77;5113.00;130
13629;74;626232959;13629;344;14818;14941;6.08;0.37;299.53;14.65;1189;77;5114.00;123
13635;74;626232977;13635;344;14818;14941;6.07;0.37;299.48;14.65;1183;77;5115.00;123
13637;74;626232991;13637;347;14822;14941;6.12;0.37;299.50;14.64;1185;77;5116.00;119
13643;74;626233004;13643;349;14826;14941;6.15;0.38;299.51;14.64;1183;77;5117.00;115
13648;74;626233018;13648;355;14830;14941;6.10;0.37;299.56;14.64;1182;77;5118.00;111
13650;74;626233032;13650;350;14831;14941;6.08;0.37;299.61;14.64;1181;77;5119.00;110
13656;74;626233045;13656;359;14832;14942;6.05;0.37;299.65;14.64;1176;77;5120.00;110
13660;74;626233059;13660;365;14834;14943;6.02;0.37;299.69;14.64;1174;77;5121.00;109
13663;74;626233080;13663;370;14836;14943;6.00;0.37;299.71;14.64;1173;77;5122.00;107
13672;74;626233094;13672;382;14841;14947;5.95;0.36;299.69;14.63;1169;77;5123.00;106
13675;74;626233110;13675;380;14843;14947;5.94;0.36;299.77;14.64;1168;77;5124.00;104
13676;74;626233124;13676;381;14844;14947;6.04;0.37;299.76;14.63;1168;77;5125.00;103
13679;74;626233144;13679;382;14844;14947;6.09;0.37;299.83;14.63;1165;77;5126.00;103
13684;74;626233168;13684;391;14847;14953;6.10;0.37;299.88;14.63;1163;77;5127.00;106
13689;74;626233194;13689;389;14848;14953;6.09;0.37;299.91;14.69;1159;77;5128.00;105
13693;74;626233216;13693;391;14850;14953;6.11;0.37;299.97;14.69;1157;77;5129.00;103
13696;74;626233241;13696;393;14853;14959;6.17;0.38;300.01;14.68;1157;77;5130.00;106
13701;74;626233260;13701;399;14853;14959;6.19;0.38;300.07;14.68;1152;77;5131.00;106
13704;74;626233277;13704;403;14855;14959;6.24;0.38;300.03;14.69;1151;77;5132.00;104
13708;74;626233293;13708;405;14855;14960;6.21;0.38;300.07;14.69;1147;77;5133.00;105
13714;74;626233311;13714;408;14857;14961;6.18;0.38;300.06;14.68;1143;77;5134.00;104
13718;74;626233328;13718;415;14859;14961;6.18;0.38;300.00;14.69;1141;77;5135.00;102
13723;74;626233344;13723;411;14867;14974;6.18;0.38;300.06;14.68;1144;77;5136.00;107
13726;74;626233361;13726;407;14869;14974;6.18;0.38;300.10;14.68;1143;77;5137.00;105
13728;74;626233377;13728;416;14869;14974;6.23;0.38;300.12;14.68;1141;77;5138.00;105
13732;74;626233394;13732;418;14871;14975;6.21;0.38;300.17;14.68;1139;77;5139.00;104
13739;74;626233411;13739;421;14872;14975;6.16;0.37;300.16;14.68;1133;77;5140.00;103
13742;74;626233426;13742;426;14877;14979;6.10;0.37;300.23;14.68;1135;77;5141.00;102
13747;74;626233442;13747;423;14878;14979;6.03;0.37;300.29;14.68;1131;77;5142.00;101
13748;74;626233458;13748;424;14883;14983;6.04;0.37;300.29;14.68;1135;77;5143.00;100
13751;74;626233474;13751;427;14884;14983;6.01;0.37;300.30;14.68;1133;77;5144.00;99
13754;74;626233490;13754;431;14884;14983;6.02;0.37;300.32;14.68;1130;77;5145.00;99
13755;74;626233505;13755;438;14884;14983;6.01;0.37;300.31;14.68;1129;77;5146.00;99
13757;74;626233520;13757;426;14886;14983;5.95;0.36;300.32;14.67;1129;77;5147.00;97
13760;74;626233536;13760;424;14895;14995;5.98;0.36;300.36;14.67;1135;77;5148.00;100
13763;74;626233552;13763;425;14897;14995;5.98;0.36;300.42;14.66;1134;77;5149.00;98
13764;74;626233568;13764;423;14898;14995;6.02;0.37;300.43;14.66;1134;77;5150.00;97
13767;74;626233583;13767;427;14898;14995;6.00;0.37;300.48;14.66;1131;77;5151.00;97
13772;74;626233599;13772;426;14898;14995;6.00;0.37;300.56;14.66;1126;77;5152.00;97
13774;74;626233624;13774;425;14898;14995;5.98;0.36;300.55;14.66;1124;77;5153.00;97
13780;74;626233646;13780;429;14898;14996;5.92;0.36;300.61;14.66;1118;77;5154.00;98
13783;74;626233662;13783;438;14900;14998;5.85;0.36;300.59;14.66;1117;77;5155.00;98
13786;74;626233679;13786;431;14904;15004;5.81;0.35;300.60;14.66;1118;77;5156.00;100
13788;74;626233695;13788;423;14906;15005;5.85;0.36;300.58;14.66;1118;77;5157.00;99
13790;74;626233710;13790;423;14906;15005;5.87;0.36;300.59;14.66;1116;77;5158.00;99
13796;74;626233726;13796;407;14906;15005;5.88;0.36;300.63;14.66;1110;77;5159.00;99
13798;74;626233744;13798;396;14910;15010;5.92;0.36;300.64;14.65;1112;77;5160.00;100
13800;74;626233768;13800;387;14910;15010;5.98;0.36;300.69;14.65;1110;77;5161.00;100
13805;74;626233784;13805;386;14910;15010;5.98;0.36;300.76;14.65;1105;77;5162.00;100
13810;74;626233801;13810;380;14911;15011;6.02;0.37;300.79;14.65;1101;77;5163.00;100
13814;74;626233818;13814;379;14914;15015;6.03;0.37;300.88;14.65;1100;77;5164.00;101
13815;74;626233835;13815;378;14914;15015;6.06;0.37;300.89;14.65;1099;77;5165.00;101
13821;74;626233856;13821;376;14917;15018;6.07;0.37;300.91;14.65;1096;77;5166.00;101
13822;74;626233872;13822;367;14917;15018;6.07;0.37;300.91;14.65;1095;77;5167.00;101
13824;74;626233886;13824;359;14917;15018;6.13;0.37;300.97;14.65;1093;77;5168.00;101
13826;74;626233901;13826;355;14917;15018;6.19;0.38;301.02;14.65;1091;77;5169.00;101
13829;74;626233915;13829;358;14920;15022;6.23;0.38;300.99;14.64;1091;77;5170.00;102
13835;74;626233931;13835;348;14921;15022;6.25;0.38;301.04;14.64;1086;77;5171.00;101
13838;74;626233947;13838;347;14921;15022;6.26;0.38;301.15;14.64;1083;77;5172.00;101
13841;74;626233962;13841;343;14921;15022;6.28;0.38;301.18;14.64;1080;77;5173.00;101
13842;74;626233977;13842;337;14921;15023;6.31;0.38;301.18;14.64;1079;77;5174.00;102
13844;74;626233992;13844;341;14923;15025;6.35;0.39;301.25;14.64;1079;77;5175.00;102
13847;74;626234006;13847;340;14923;15025;6.29;0.38;301.33;14.64;1076;77;5176.00;102
13850;74;626234021;13850;334;14924;15026;6.29;0.38;301.34;14.64;1074;77;5177.00;102
13851;74;626234035;13851;333;14924;15026;6.25;0.38;301.35;14.64;1073;77;5178.00;102
13852;74;626234049;13852;329;14924;15026;6.22;0.38;301.37;14.64;1072;77;5179.00;102
13853;74;626234063;13853;330;14924;15026;6.18;0.38;301.38;14.64;1071;77;5180.00;102
13853;74;626234077;13853;330;14924;15026;6.16;0.37;301.38;14.64;1071;77;5181.00;102
13854;74;626234090;13854;330;14924;15026;6.19;0.38;301.37;14.64;1070;77;5182.00;102
13855;74;626234104;13855;332;14924;15026;6.12;0.37;301.36;14.64;1069;77;5183.00;102
13855;74;626234118;13855;361;14998;15153;6.14;0.38;301.36;14.57;1143;77;5184.00;155
13858;74;626234144;13858;357;14998;15154;6.06;0.37;301.34;14.57;1140;77;5185.00;156
13860;74;626234157;13860;353;15005;15154;6.07;0.37;301.33;14.56;1145;77;5186.00;149
13862;74;626234171;13862;353;15009;15154;6.08;0.37;301.31;14.56;1147;77;5187.00;145
13864;74;626234185;13864;352;15015;15154;6.09;0.38;301.31;14.61;1151;77;5188.00;139
13866;74;626234199;13866;354;15017;15154;6.02;0.37;301.29;14.61;1151;77;5189.00;137
13866;74;626234215;13866;351;15021;15154;6.02;0.37;301.29;14.61;1155;77;5190.00;133
13871;74;626234229;13871;346;15023;15154;5.99;0.37;301.34;14.61;1152;77;5191.00;131
13874;74;626234242;13874;349;15025;15155;5.99;0.37;301.32;14.61;1151;77;5192.00;130
13877;74;626234258;13877;343;15029;15156;6.00;0.37;301.35;14.60;1152;77;5193.00;127
13879;74;626234272;13879;347;15032;15156;5.99;0.37;301.36;14.60;1153;77;5194.00;124
13882;74;626234291;13882;342;15034;15157;5.93;0.36;301.45;14.60;1152;77;5195.00;123
13883;74;626234304;13883;351;15035;15157;5.92;0.36;301.46;14.60;1152;77;5196.00;122
13886;74;626234317;13886;354;15037;15157;5.86;0.36;301.46;14.60;1151;77;5197.00;120
13889;74;626234330;13889;352;15038;15157;5.81;0.36;301.46;14.60;1149;77;5198.00;119
13891;74;626234343;13891;351;15040;15161;5.77;0.35;301.46;14.60;1149;77;5199.00;121
13892;74;626234357;13892;357;15041;15161;5.71;0.35;301.46;14.60;1149;77;5200.00;120
13893;74;626234373;13893;359;15043;15161;5.60;0.34;301.45;14.60;1150;77;5201.00;118
13894;74;626234385;13894;361;15045;15164;5.55;0.34;301.44;14.60;1151;77;5202.00;119
13898;74;626234398;13898;354;15046;15164;5.46;0.34;301.43;14.60;1148;77;5203.00;118
13901;74;626234411;13901;360;15047;15164;5.37;0.33;301.42;14.60;1146;77;5204.00;117
13906;74;626234424;13906;357;15053;15168;5.26;0.32;301.40;14.67;1147;77;5205.00;115
13908;74;626234438;13908;364;15056;15169;5.19;0.32;301.39;14.68;1148;77;5206.00;113
13913;74;626234451;13913;356;15056;15169;5.14;0.31;301.34;14.68;1143;77;5207.00;113
13916;74;626234463;13916;354;15058;15173;5.11;0.31;301.32;14.68;1142;77;5208.00;115
13919;74;626234477;13919;347;15058;15173;5.11;0.31;301.38;14.68;1139;77;5209.00;115
13920;74;626234489;13920;342;15058;15173;5.14;0.31;301.36;14.68;1138;77;5210.00;115
13923;74;626234502;13923;346;15059;15174;5.15;0.32;301.31;14.68;1136;77;5211.00;115
13925;74;626234514;13925;345;15059;15174;5.16;0.32;301.28;14.68;1134;77;5212.00;115
13926;74;626234526;13926;346;15062;15180;5.21;0.32;301.27;14.67;1136;77;5213.00;118
13927;74;626234539;13927;342;15063;15180;5.23;0.32;301.26;14.68;1136;77;5214.00;117
13930;74;626234551;13930;344;15064;15180;5.29;0.32;301.28;14.67;1134;77;5215.00;116
13933;74;626234564;13933;346;15065;15181;5.30;0.32;301.25;14.73;1132;77;5216.00;116
13936;74;626234576;13936;347;15066;15181;5.30;0.32;301.20;14.73;1130;77;5217.00;115
13938;74;626234589;13938;349;15066;15181;5.29;0.32;301.18;14.73;1128;77;5218.00;115
13942;74;626234601;13942;357;15066;15181;5.23;0.32;301.12;14.73;1124;77;5219.00;115
13943;74;626234614;13943;359;15089;15217;5.32;0.33;301.11;14.77;1146;77;5220.00;128
13943;74;626234630;13943;359;15090;15217;5.31;0.33;301.11;14.77;1147;77;5221.00;127
13943;74;626234642;13943;367;15092;15217;5.30;0.32;301.11;14.77;1149;77;5222.00;125
13945;74;626234654;13945;374;15093;15217;5.34;0.33;301.09;14.77;1148;77;5223.00;124
13948;74;626234667;13948;372;15094;15217;5.37;0.33;301.07;14.77;1146;77;5224.00;123
13948;74;626234680;13948;371;15094;15217;5.40;0.33;301.07;14.77;1146;77;5225.00;123
13952;74;626234693;13952;379;15099;15221;5.43;0.33;301.03;14.77;1147;77;5226.00;122
13953;74;626234706;13953;381;15099;15221;5.45;0.33;301.03;14.77;1146;77;5227.00;122
13954;74;626234719;13954;384;15102;15225;5.51;0.34;301.05;14.76;1148;77;5228.00;123
13954;74;626234732;13954;395;15104;15226;5.53;0.34;301.05;14.76;1150;77;5229.00;122
13955;74;626234745;13955;392;15105;15226;5.50;0.34;301.03;14.76;1150;77;5230.00;121
13955;74;626234763;13955;391;15109;15226;5.48;0.33;301.03;14.79;1154;77;5231.00;117
13957;74;626234776;13957;395;15118;15239;5.45;0.33;301.01;14.78;1161;77;5232.00;121
13957;74;626234790;13957;408;15120;15239;5.41;0.33;301.01;14.78;1163;77;5233.00;119
13960;74;626234803;13960;403;15122;15239;5.37;0.33;300.97;14.80;1162;77;5234.00;117
13961;74;626234817;13961;395;15124;15240;5.42;0.33;300.97;14.80;1163;77;5235.00;116
13962;74;626234830;13962;390;15126;15241;5.45;0.33;300.99;14.81;1164;77;5236.00;115
13964;74;626234844;13964;382;15128;15241;5.48;0.33;300.98;14.83;1164;77;5237.00;113
13964;74;626234857;13964;377;15131;15244;5.58;0.34;300.98;14.83;1167;77;5238.00;113
13965;74;626234870;13965;374;15133;15244;5.59;0.34;301.03;14.85;1168;77;5239.00;111
13965;74;626234883;13965;374;15133;15244;5.62;0.34;301.03;14.85;1168;77;5240.00;111
13968;74;626234896;13968;364;15134;15244;5.63;0.34;301.10;14.86;1166;77;5241.00;110
13969;74;626234909;13969;356;15139;15250;5.64;0.34;301.08;14.86;1170;77;5242.00;111
13971;74;626234923;13971;362;15141;15250;5.58;0.34;301.06;14.88;1170;77;5243.00;109
13973;74;626234936;13973;362;15143;15250;5.49;0.33;301.04;14.88;1170;77;5244.00;107
13973;74;626234961;13973;366;15144;15250;5.51;0.34;301.04;14.89;1171;77;5245.00;106
13973;74;626234974;13973;369;15148;15254;5.50;0.33;301.04;14.89;1175;77;5246.00;106
13975;74;626234987;13975;375;15150;15255;5.52;0.34;301.02;14.90;1175;77;5247.00;105
13975;74;626235000;13975;376;15150;15255;5.50;0.34;301.02;14.90;1175;77;5248.00;105
13976;74;626235013;13976;381;15152;15256;5.53;0.34;301.00;14.91;1176;77;5249.00;104
13977;74;626235034;13977;375;15153;15256;5.52;0.34;300.98;14.92;1176;77;5250.00;103
13978;74;626235047;13978;370;15155;15256;5.53;0.34;300.97;14.93;1177;77;5251.00;101
13979;74;626235060;13979;366;15156;15256;5.54;0.34;300.97;14.93;1177;77;5252.00;100
13983;74;626235072;13983;363;15158;15256;5.52;0.34;300.96;14.94;1175;77;5253.00;98
13985;74;626235085;13985;368;15158;15256;5.55;0.34;300.94;14.94;1173;77;5254.00;98
13985;74;626235098;13985;370;15159;15256;5.62;0.34;300.94;14.94;1174;77;5255.00;97
13986;74;626235110;13986;374;15197;15326;5.80;0.35;300.93;14.92;1211;77;5256.00;129
13987;74;626235129;13987;378;15201;15327;5.80;0.35;300.91;14.92;1214;77;5257.00;126
13988;74;626235147;13988;372;15211;15327;5.85;0.36;300.93;14.92;1223;77;5258.00;116
13992;74;626235169;13992;372;15213;15327;5.82;0.35;300.97;14.92;1221;77;5259.00;114
13993;74;626235191;13993;378;15218;15327;5.82;0.35;300.98;14.92;1225;77;5260.00;109
13998;74;626235211;13998;376;15222;15327;5.77;0.35;301.00;14.91;1224;77;5261.00;105
14002;74;626235231;14002;380;15229;15327;5.70;0.35;301.07;14.93;1227;77;5262.00;98
14006;74;626235251;14006;383;15231;15327;5.62;0.34;301.11;14.96;1225;77;5263.00;96
14010;74;626235266;14010;386;15234;15328;5.57;0.34;301.12;14.97;1224;77;5264.00;94
14015;74;626235281;14015;384;15236;15330;5.51;0.34;301.17;14.96;1221;77;5265.00;94
14018;74;626235297;14018;389;15237;15330;5.43;0.33;301.13;14.97;1219;77;5266.00;93
14022;75;626235317;14022;394;15241;15334;5.32;0.32;301.14;14.98;1219;78;5267.00;93
14026;75;626235341;14026;399;15243;15334;5.21;0.32;301.19;15.00;1217;78;5268.00;91
14027;75;626235360;14027;416;15243;15334;5.22;0.32;301.22;15.00;1216;78;5269.00;91
14031;75;626235375;14031;418;15243;15334;5.19;0.32;301.17;15.00;1212;78;5270.00;91
14036;75;626235388;14036;412;15249;15340;5.18;0.32;301.24;15.01;1213;78;5271.00;91
14040;75;626235403;14040;413;15249;15340;5.18;0.32;301.28;15.01;1209;78;5272.00;91
14042;75;626235417;14042;419;15250;15340;5.23;0.32;301.31;15.01;1208;78;5273.00;90
14046;75;626235430;14046;412;15254;15343;5.24;0.32;301.38;15.01;1208;78;5274.00;89
14050;75;626235445;14050;416;15254;15343;5.28;0.32;301.38;15.01;1204;78;5275.00;89
14054;75;626235460;14054;416;15254;15343;5.31;0.32;301.40;15.01;1200;78;5276.00;89
14058;75;626235475;14058;408;15254;15344;5.35;0.33;301.50;15.01;1196;78;5277.00;90
14063;75;626235489;14063;405;15255;15345;5.42;0.33;301.53;15.01;1192;78;5278.00;90
14066;75;626235504;14066;398;15255;15345;5.52;0.34;301.59;15.01;1189;78;5279.00;90
14071;75;626235521;14071;399;15275;15371;5.61;0.34;301.66;14.99;1204;78;5280.00;96
14074;75;626235539;14074;387;15277;15371;5.74;0.35;301.74;14.99;1203;78;5281.00;94
14079;75;626235553;14079;371;15278;15371;5.79;0.35;301.80;15.05;1199;78;5282.00;93
14084;75;626235570;14084;367;15279;15372;5.84;0.36;301.82;15.05;1195;78;5283.00;93
14088;75;626235585;14088;364;15279;15372;5.88;0.36;301.83;15.05;1191;78;5284.00;93
14093;75;626235601;14093;366;15283;15376;5.92;0.36;301.88;15.05;1190;78;5285.00;93
14097;75;626235617;14097;364;15283;15376;5.96;0.36;301.88;15.05;1186;78;5286.00;93
14101;75;626235631;14101;364;15286;15379;6.03;0.37;301.91;15.04;1185;78;5287.00;93
14106;75;626235647;14106;362;15286;15380;6.00;0.37;301.95;15.04;1180;78;5288.00;94
14110;75;626235662;14110;359;15286;15380;6.03;0.37;301.99;15.04;1176;78;5289.00;94
14115;75;626235678;14115;359;15286;15380;6.02;0.37;301.99;15.04;1171;78;5290.00;94
14119;75;626235693;14119;362;15286;15380;6.02;0.37;302.02;15.04;1167;78;5291.00;94
14123;75;626235709;14123;361;15295;15392;6.10;0.37;302.06;15.03;1172;78;5292.00;97
14126;75;626235725;14126;367;15295;15392;6.12;0.37;302.09;15.03;1169;78;5293.00;97
14130;75;626235739;14130;370;15297;15392;6.11;0.37;302.09;15.03;1167;78;5294.00;95
14135;75;626235755;14135;375;15297;15392;6.13;0.37;302.13;15.03;1162;78;5295.00;95
14140;75;626235770;14140;378;15297;15392;6.18;0.38;302.20;15.03;1157;78;5296.00;95
14145;75;626235787;14145;385;15297;15392;6.19;0.38;302.27;15.03;1152;78;5297.00;95
14149;75;626235803;14149;393;15297;15393;6.18;0.38;302.36;15.03;1148;78;5298.00;96
14151;75;626235822;14151;393;15297;15393;6.17;0.38;302.42;15.03;1146;78;5299.00;96
14156;75;626235840;14156;394;15301;15399;6.21;0.38;302.44;15.03;1145;78;5300.00;98
14159;75;626235863;14159;403;15303;15400;6.24;0.38;302.49;15.03;1144;78;5301.00;97
14163;75;626235881;14163;406;15303;15400;6.26;0.38;302.57;15.03;1140;78;5302.00;97
14168;75;626235897;14168;408;15303;15400;6.27;0.38;302.55;15.03;1135;78;5303.00;97
14171;75;626235912;14171;408;15306;15404;6.33;0.39;302.55;15.02;1135;78;5304.00;98
14176;75;626235929;14176;414;15306;15404;6.31;0.38;302.56;15.02;1130;78;5305.00;98
14182;75;626235945;14182;410;15306;15404;6.27;0.38;302.57;15.02;1124;78;5306.00;98
14183;75;626235961;14183;415;15307;15405;6.31;0.38;302.57;15.02;1124;78;5307.00;98
14189;75;626235977;14189;413;15311;15409;6.33;0.38;302.62;15.08;1122;78;5308.00;98
14191;75;626235992;14191;414;15311;15409;6.36;0.39;302.61;15.08;1120;78;5309.00;98
14196;75;626236010;14196;414;15314;15415;6.36;0.39;302.75;15.08;1118;78;5310.00;101
14200;75;626236026;14200;420;15314;15415;6.28;0.38;302.81;15.08;1114;78;5311.00;101
14200;75;626236041;14200;424;15315;15415;6.26;0.38;302.81;15.08;1115;78;5312.00;100
14206;75;626236062;14206;426;15315;15415;6.21;0.38;302.91;15.08;1109;78;5313.00;100
14210;75;626236077;14210;425;15318;15419;6.21;0.38;302.95;15.08;1108;78;5314.00;101
14214;75;626236093;14214;434;15318;15419;6.15;0.37;303.00;15.08;1104;78;5315.00;101
14220;75;626236108;14220;441;15319;15419;6.07;0.37;303.12;15.08;1099;78;5316.00;100
14222;75;626236122;14222;435;15319;15419;6.06;0.37;303.11;15.08;1097;78;5317.00;100
14228;75;626236140;14228;430;15320;15420;6.01;0.37;303.18;15.08;1092;78;5318.00;100
14232;75;626236157;14232;431;15321;15421;5.95;0.36;303.24;15.07;1089;78;5319.00;100
14233;75;626236173;14233;436;15322;15421;5.95;0.36;303.28;15.07;1089;78;5320.00;99
14238;75;626236187;14238;433;15323;15422;5.93;0.36;303.32;15.07;1085;78;5321.00;99
14242;75;626236201;14242;439;15324;15422;5.86;0.36;303.35;15.14;1082;78;5322.00;98
14244;75;626236215;14244;435;15324;15422;5.85;0.36;303.33;15.14;1080;78;5323.00;98
14248;75;626236229;14248;444;15324;15422;5.80;0.35;303.36;15.14;1076;78;5324.00;98
14249;75;626236243;14249;446;15324;15422;5.77;0.35;303.40;15.14;1075;78;5325.00;98
14252;75;626236260;14252;434;15324;15422;5.76;0.35;303.44;15.14;1072;78;5326.00;98
14258;75;626236281;14258;428;15324;15422;5.71;0.35;303.51;15.14;1066;78;5327.00;98
14259;75;626236295;14259;447;15391;15549;5.85;0.36;303.51;15.07;1132;78;5328.00;158
14262;75;626236319;14262;428;15393;15550;5.88;0.36;303.53;15.07;1131;78;5329.00;157
14264;75;626236333;14264;421;15401;15550;5.98;0.37;303.53;15.06;1137;78;5330.00;149
14264;75;626236347;14264;420;15402;15550;6.08;0.38;303.53;15.06;1138;78;5331.00;148
14265;75;626236360;14265;408;15407;15550;6.21;0.38;303.52;15.06;1142;78;5332.00;143
14269;75;626236375;14269;409;15411;15550;6.23;0.39;303.63;15.06;1142;78;5333.00;139
14273;75;626236389;14273;409;15416;15550;6.27;0.39;303.67;15.05;1143;78;5334.00;134
14275;75;626236403;14275;413;15420;15550;6.31;0.39;303.70;15.05;1145;78;5335.00;130
14278;75;626236417;14278;417;15427;15551;6.37;0.39;303.72;15.05;1149;78;5336.00;124
14280;75;626236437;14280;419;15429;15552;6.39;0.39;303.73;15.05;1149;78;5337.00;123
14284;75;626236451;14284;417;15433;15552;6.42;0.40;303.71;15.05;1149;78;5338.00;119
14287;75;626236466;14287;410;15436;15553;6.37;0.39;303.69;15.04;1149;78;5339.00;117
14290;75;626236482;14290;408;15438;15553;6.38;0.39;303.71;15.04;1148;78;5340.00;115
14292;75;626236496;14292;410;15439;15553;6.35;0.39;303.71;15.04;1147;78;5341.00;114
14296;75;626236510;14296;419;15441;15553;6.32;0.39;303.69;15.04;1145;78;5342.00;112
14299;76;626236525;14299;421;15444;15557;6.29;0.39;303.67;15.04;1145;79;5343.00;113
14302;76;626236549;14302;417;15446;15557;6.25;0.38;303.67;15.04;1144;79;5344.00;111
14304;76;626236564;14304;420;15447;15557;6.26;0.38;303.70;15.04;1143;79;5345.00;110
14306;76;626236578;14306;420;15449;15560;6.23;0.38;303.69;15.04;1143;79;5346.00;111
14306;76;626236592;14306;423;15450;15560;6.21;0.38;303.69;15.04;1144;79;5347.00;110
14309;76;626236606;14309;432;15452;15560;6.18;0.38;303.66;15.10;1143;79;5348.00;108
14312;76;626236621;14312;435;15455;15564;6.10;0.37;303.67;15.10;1143;79;5349.00;109
14313;76;626236634;14313;433;15456;15565;6.02;0.37;303.65;15.10;1143;79;5350.00;109
14314;76;626236649;14314;445;15456;15565;5.97;0.36;303.64;15.10;1142;79;5351.00;109
14317;76;626236662;14317;452;15459;15569;5.92;0.36;303.61;15.10;1142;79;5352.00;110
14317;76;626236675;14317;458;15459;15569;5.86;0.36;303.61;15.10;1142;79;5353.00;110
14321;76;626236689;14321;461;15459;15569;5.82;0.35;303.69;15.10;1138;79;5354.00;110
14323;76;626236702;14323;456;15461;15571;5.77;0.35;303.66;15.09;1138;79;5355.00;110
14325;76;626236715;14325;465;15461;15571;5.72;0.35;303.64;15.09;1136;79;5356.00;110
14328;76;626236728;14328;471;15465;15577;5.64;0.34;303.63;15.09;1137;79;5357.00;112
14329;76;626236742;14329;477;15465;15577;5.56;0.34;303.61;15.09;1136;79;5358.00;112
14332;76;626236754;14332;483;15466;15577;5.53;0.34;303.63;15.09;1134;79;5359.00;111
14332;76;626236767;14332;487;15466;15578;5.49;0.33;303.63;15.09;1134;79;5360.00;112
14335;76;626236779;14335;486;15466;15578;5.40;0.33;303.61;15.09;1131;79;5361.00;112
14336;76;626236791;14336;485;15466;15578;5.38;0.33;303.60;15.09;1130;79;5362.00;112
14337;76;626236804;14337;487;15466;15578;5.37;0.33;303.60;15.09;1129;79;5363.00;112
14338;76;626236816;14338;486;15476;15590;5.37;0.33;303.58;15.08;1138;79;5364.00;114
14343;76;626236829;14343;487;15476;15590;5.32;0.33;303.55;15.08;1133;79;5365.00;114
14345;76;626236841;14345;483;15477;15590;5.30;0.32;303.54;15.08;1132;79;5366.00;113
14348;76;626236853;14348;484;15477;15590;5.27;0.32;303.53;15.08;1129;79;5367.00;113
14353;76;626236865;14353;484;15477;15590;5.23;0.32;303.54;15.08;1124;79;5368.00;113
14356;76;626236877;14356;485;15477;15590;5.17;0.32;303.51;15.08;1121;79;5369.00;113
14358;76;626236891;14358;484;15481;15594;5.16;0.32;303.48;15.14;1123;79;5370.00;113
14362;76;626236903;14362;472;15481;15594;5.11;0.31;303.49;15.14;1119;79;5371.00;113
14365;76;626236914;14365;461;15484;15598;5.05;0.31;303.47;15.14;1119;79;5372.00;114
14366;76;626236926;14366;460;15485;15599;5.04;0.31;303.45;15.14;1119;79;5373.00;114
14370;76;626236938;14370;457;15487;15599;4.99;0.31;303.43;15.15;1117;79;5374.00;112
14372;76;626236951;14372;452;15488;15599;4.93;0.30;303.40;15.17;1116;79;5375.00;111
14375;76;626236963;14375;439;15498;15612;4.94;0.30;303.38;15.16;1123;79;5376.00;114
14379;76;626236976;14379;436;15498;15612;4.93;0.30;303.40;15.16;1119;79;5377.00;114
14381;76;626236987;14381;433;15498;15612;4.95;0.30;303.40;15.16;1117;79;5378.00;114
14383;76;626236999;14383;434;15500;15613;4.99;0.30;303.43;15.16;1117;79;5379.00;113
14388;76;626237010;14388;437;15500;15614;4.97;0.30;303.41;15.16;1112;79;5380.00;114
14389;76;626237023;14389;429;15500;15614;4.99;0.30;303.40;15.16;1111;79;5381.00;114
14391;76;626237034;14391;434;15502;15617;5.05;0.31;303.39;15.16;1111;79;5382.00;115
14395;76;626237046;14395;428;15504;15617;5.08;0.31;303.33;15.22;1109;79;5383.00;113
14395;76;626237058;14395;438;15504;15617;5.12;0.31;303.33;15.22;1109;79;5384.00;113
14397;76;626237070;14397;438;15504;15617;5.04;0.31;303.30;15.22;1107;79;5385.00;113
14397;76;626237082;14397;434;15508;15623;5.05;0.31;303.30;15.22;1111;79;5386.00;115
14397;76;626237094;14397;422;15509;15623;5.11;0.31;303.30;15.22;1112;79;5387.00;114
14398;76;626237107;14398;411;15510;15623;5.11;0.31;303.29;15.29;1112;79;5388.00;113
14399;77;626237119;14399;409;15510;15623;5.15;0.31;303.28;15.29;1111;80;5389.00;113
14399;77;626237138;14399;406;15514;15627;5.20;0.32;303.28;15.35;1115;80;5390.00;113
14401;77;626237166;14401;405;15515;15628;5.25;0.32;303.30;15.35;1114;80;5391.00;113
14401;77;626237185;14401;403;15516;15628;5.29;0.32;303.30;15.41;1115;80;5392.00;112
14403;77;626237207;14403;394;15517;15629;5.35;0.33;303.36;15.41;1114;80;5393.00;112
14405;77;626237226;14405;390;15517;15629;5.39;0.33;303.36;15.41;1112;80;5394.00;112
14407;77;626237245;14407;380;15517;15629;5.43;0.33;303.35;15.41;1110;80;5395.00;112
14408;77;626237263;14408;385;15518;15629;5.50;0.33;303.35;15.42;1110;80;5396.00;111
14412;78;626237277;14412;382;15518;15629;5.56;0.34;303.33;15.42;1106;81;5397.00;111
14413;78;626237303;14413;378;15518;15629;5.62;0.34;303.33;15.42;1105;81;5398.00;111
14416;78;626237318;14416;374;15519;15629;5.64;0.34;303.33;15.42;1103;81;5399.00;110
