step_arrived;step_collisions;step_duration;step_ended;step_halting;step_inserted;step_loaded;step_meanSpeed;step_meanSpeedRelative;step_meanTravelTime;step_meanWaitingTime;step_running;step_teleports;step_time;step_waiting
0;0;626528916;0;1;84;245;16.77;1.19;-1.00;0.00;84;0;0.00;161
0;0;626528945;0;0;95;245;16.08;1.12;-1.00;0.12;95;0;1.00;150
0;0;626528946;0;1;116;245;15.28;1.04;-1.00;0.46;116;0;2.00;129
0;0;626528948;0;1;130;245;14.08;0.95;-1.00;0.73;130;0;3.00;115
0;0;626528949;0;0;144;245;13.14;0.88;-1.00;1.05;144;0;4.00;101
0;0;626528950;0;1;154;245;12.20;0.82;-1.00;1.31;154;0;5.00;91
0;0;626528952;0;6;164;245;11.48;0.76;-1.00;1.59;164;0;6.00;81
0;0;626528953;0;8;172;245;10.84;0.72;-1.00;1.84;172;0;7.00;73
0;0;626528956;0;11;174;246;10.48;0.70;-1.00;1.91;174;0;8.00;72
0;0;626528958;0;12;179;247;10.24;0.68;-1.00;2.11;179;0;9.00;68
0;0;626528960;0;15;185;247;10.15;0.67;-1.00;2.37;185;0;10.00;62
0;0;626528962;0;19;190;248;9.95;0.65;-1.00;2.54;190;0;11.00;58
1;0;626528964;1;23;196;248;9.99;0.65;12.00;2.80;195;0;12.00;52
1;0;626528967;1;31;199;248;9.81;0.64;12.00;2.95;198;0;13.00;49
1;0;626528970;1;36;201;248;9.80;0.63;12.00;3.06;200;0;14.00;47
1;0;626528972;1;39;205;252;9.85;0.63;12.00;3.16;204;0;15.00;47
1;0;626528975;1;39;209;252;9.84;0.63;12.00;3.40;208;0;16.00;43
2;0;626528984;2;45;212;252;9.60;0.61;14.50;3.59;210;0;17.00;40
2;0;626528987;2;48;216;255;9.52;0.61;14.50;3.78;214;0;18.00;39
2;0;626528990;2;54;219;255;9.37;0.59;14.50;3.99;217;0;19.00;36
3;0;626528993;3;59;220;255;9.31;0.59;16.33;4.06;217;0;20.00;35
3;0;626529002;3;64;230;259;9.23;0.58;16.33;4.45;227;0;21.00;29
4;0;626529005;4;71;239;260;9.11;0.57;17.75;4.91;235;0;22.00;21
5;0;626529008;5;74;240;260;8.93;0.56;18.40;4.98;235;0;23.00;20
6;0;626529012;6;78;245;264;8.76;0.55;19.33;5.18;239;0;24.00;19
6;0;626529016;6;80;247;264;8.72;0.55;19.33;5.24;241;0;25.00;17
6;0;626529019;6;81;249;264;8.60;0.54;19.33;5.41;243;0;26.00;15
6;0;626529022;6;83;250;265;8.49;0.53;19.33;5.38;244;0;27.00;15
6;0;626529025;6;87;252;265;8.51;0.53;19.33;5.56;246;0;28.00;13
6;0;626529029;6;90;256;271;8.53;0.53;19.33;5.49;250;0;29.00;15
6;0;626529035;6;92;258;271;8.43;0.52;19.33;5.68;252;0;30.00;13
7;0;626529038;7;94;260;272;8.39;0.52;20.57;5.71;253;0;31.00;12
8;0;626529043;8;94;260;272;8.37;0.52;22.00;5.71;252;0;32.00;12
8;0;626529047;8;95;261;272;8.41;0.52;22.00;5.72;253;0;33.00;11
9;0;626529051;9;101;263;272;8.36;0.52;22.89;5.88;254;0;34.00;9
10;0;626529055;10;105;263;272;8.40;0.52;23.50;5.88;253;0;35.00;9
10;0;626529058;10;108;275;284;8.78;0.54;23.50;5.69;265;0;36.00;9
10;0;626529062;10;113;276;284;8.75;0.54;23.50;5.70;266;0;37.00;8
10;0;626529066;10;117;276;284;8.64;0.53;23.50;5.70;266;0;38.00;8
12;0;626529069;12;120;277;284;8.48;0.53;25.83;5.72;265;0;39.00;7
13;0;626529073;13;123;278;284;8.40;0.52;26.54;5.72;265;0;40.00;6
14;0;626529077;14;125;278;284;8.31;0.51;27.43;5.72;264;0;41.00;6
14;0;626529083;14;128;282;288;8.25;0.51;27.43;5.65;268;0;42.00;6
15;0;626529090;15;132;282;288;8.05;0.50;27.93;5.65;267;0;43.00;6
17;0;626529095;17;136;285;292;7.78;0.48;28.59;5.60;268;0;44.00;7
17;0;626529100;17;141;288;294;7.83;0.49;28.59;5.55;271;0;45.00;6
17;0;626529105;17;142;288;294;7.80;0.48;28.59;5.55;271;0;46.00;6
18;0;626529108;18;140;288;294;7.74;0.48;29.28;5.55;270;0;47.00;6
18;0;626529113;18;143;300;307;8.00;0.49;29.28;5.33;282;0;48.00;7
18;0;626529119;18;146;300;307;7.98;0.49;29.28;5.33;282;0;49.00;7
18;0;626529123;18;147;300;307;7.85;0.49;29.28;5.33;282;0;50.00;7
18;0;626529128;18;147;301;308;7.83;0.49;29.28;5.31;283;0;51.00;7
18;0;626529132;18;148;302;309;7.75;0.48;29.28;5.30;284;0;52.00;7
18;0;626529138;18;149;302;309;7.76;0.48;29.28;5.30;284;0;53.00;7
19;0;626529142;19;150;304;312;7.80;0.48;30.58;5.26;285;0;54.00;8
20;0;626529147;20;151;304;312;7.66;0.47;31.75;5.26;284;0;55.00;8
21;0;626529151;21;142;305;312;7.58;0.47;31.19;5.25;284;0;56.00;7
24;0;626529156;24;139;305;312;7.47;0.46;32.46;5.25;281;0;57.00;7
25;0;626529161;25;138;310;318;7.50;0.46;33.48;5.18;285;0;58.00;8
25;0;626529167;25;141;310;318;7.52;0.46;33.48;5.18;285;0;59.00;8
27;0;626529174;27;142;311;318;7.52;0.46;35.37;5.18;284;0;60.00;7
27;0;626529179;27;143;311;318;7.56;0.46;35.37;5.18;284;0;61.00;7
28;0;626529183;28;148;315;322;7.56;0.46;36.32;5.12;287;0;62.00;7
29;0;626529189;29;149;316;323;7.60;0.46;37.24;5.11;287;0;63.00;7
29;0;626529194;29;151;316;323;7.75;0.47;37.24;5.11;287;0;64.00;7
31;0;626529197;31;153;317;324;7.80;0.48;37.55;5.09;286;0;65.00;7
32;0;626529201;32;155;317;324;7.83;0.48;38.31;5.09;285;0;66.00;7
32;0;626529205;32;145;317;324;7.98;0.49;38.31;5.09;285;0;67.00;7
32;0;626529209;32;140;317;324;8.07;0.49;38.31;5.09;285;0;68.00;7
32;0;626529213;32;136;317;324;8.13;0.50;38.31;5.09;285;0;69.00;7
32;0;626529217;32;132;317;324;8.17;0.50;38.31;5.09;285;0;70.00;7
32;0;626529221;32;128;317;324;8.32;0.51;38.31;5.09;285;0;71.00;7
32;0;626529224;32;135;355;394;8.37;0.52;38.31;4.55;323;0;72.00;39
32;0;626529234;32;126;356;395;8.51;0.52;38.31;4.54;324;0;73.00;39
33;0;626529238;33;122;362;395;8.85;0.54;39.18;4.50;329;0;74.00;33
34;0;626529242;34;119;367;395;9.20;0.56;40.09;4.48;333;0;75.00;28
34;0;626529246;34;115;371;395;9.42;0.58;40.09;4.47;337;0;76.00;24
34;0;626529260;34;115;375;395;9.57;0.59;40.09;4.48;341;0;77.00;20
36;0;626529271;36;113;376;395;9.55;0.58;42.19;4.48;340;0;78.00;19
36;0;626529281;36;115;378;395;9.63;0.59;42.19;4.49;342;0;79.00;17
39;0;626529285;39;114;379;396;9.60;0.58;44.67;4.49;340;0;80.00;17
40;0;626529300;40;115;381;397;9.61;0.58;45.58;4.49;341;0;81.00;16
40;0;626529305;40;122;381;397;9.48;0.58;45.58;4.49;341;0;82.00;16
41;0;626529308;41;125;385;401;9.28;0.56;46.24;4.45;344;0;83.00;16
41;0;626529313;41;129;385;401;9.20;0.56;46.24;4.45;344;0;84.00;16
42;0;626529317;42;129;385;401;9.07;0.55;47.17;4.45;343;0;85.00;16
42;0;626529322;42;130;385;401;9.00;0.55;47.17;4.45;343;0;86.00;16
42;0;626529326;42;129;389;407;8.82;0.54;47.17;4.41;347;0;87.00;18
43;0;626529331;43;134;389;407;8.62;0.53;48.12;4.41;346;0;88.00;18
43;0;626529336;43;136;390;407;8.43;0.51;48.12;4.41;347;0;89.00;17
46;0;626529342;46;137;393;413;8.31;0.51;50.85;4.38;347;0;90.00;20
47;0;626529348;47;137;394;413;8.27;0.50;51.57;4.37;347;0;91.00;19
50;0;626529357;50;135;394;413;8.18;0.50;53.90;4.37;344;0;92.00;19
50;0;626529362;50;136;396;414;8.25;0.50;53.90;4.36;346;0;93.00;18
51;0;626529374;51;136;397;415;8.30;0.51;54.69;4.35;346;0;94.00;18
53;0;626529378;53;137;398;415;8.29;0.51;56.19;4.35;345;0;95.00;17
56;0;626529383;56;137;407;428;8.22;0.50;58.32;4.25;351;0;96.00;21
57;0;626529389;57;134;408;428;8.32;0.51;59.00;4.25;351;0;97.00;20
60;0;626529393;60;136;409;428;8.39;0.51;59.73;4.24;349;0;98.00;19
60;0;626529398;60;134;410;429;8.53;0.52;59.73;4.23;350;0;99.00;19
61;0;626529404;61;133;410;429;8.66;0.53;60.30;4.23;349;0;100.00;19
62;0;626529415;62;128;412;433;8.77;0.53;60.95;4.21;350;0;101.00;21
63;0;626529419;63;123;412;433;8.90;0.54;61.27;4.21;349;0;102.00;21
63;0;626529424;63;117;417;437;8.91;0.54;61.27;4.18;354;0;103.00;20
64;0;626529429;64;112;417;437;9.05;0.55;61.94;4.18;353;0;104.00;20
65;0;626529433;65;110;417;437;9.27;0.56;62.57;4.18;352;0;105.00;20
67;0;626529438;67;101;417;437;9.44;0.57;63.79;4.18;350;0;106.00;20
67;0;626529443;67;98;417;437;9.58;0.58;63.79;4.18;350;0;107.00;20
67;0;626529447;67;94;428;449;9.77;0.59;63.79;4.07;361;0;108.00;21
68;0;626529453;68;89;428;449;9.92;0.60;64.46;4.07;360;0;109.00;21
68;0;626529457;68;83;429;449;10.11;0.61;64.46;4.07;361;0;110.00;20
68;0;626529462;68;77;429;449;10.29;0.63;64.46;4.07;361;0;111.00;20
68;0;626529468;68;75;429;449;10.48;0.64;64.46;4.07;361;0;112.00;20
68;0;626529473;68;73;429;449;10.63;0.65;64.46;4.07;361;0;113.00;20
68;0;626529478;68;72;430;450;10.75;0.65;64.46;4.06;362;0;114.00;20
69;0;626529484;69;70;430;450;10.90;0.66;65.19;4.06;361;0;115.00;20
69;0;626529490;69;69;434;456;11.10;0.68;65.19;4.03;365;0;116.00;22
70;0;626529496;70;70;437;457;11.26;0.69;65.63;4.28;367;0;117.00;20
71;0;626529502;71;69;437;457;11.31;0.69;65.86;4.28;366;0;118.00;20
73;0;626529507;73;72;437;457;11.42;0.70;66.60;4.28;364;0;119.00;20
74;0;626529523;74;72;443;462;11.68;0.72;67.31;4.60;369;0;120.00;19
75;0;626529529;75;75;444;462;11.79;0.72;67.99;4.70;369;0;121.00;18
76;0;626529535;76;75;445;462;11.92;0.73;68.70;4.80;369;0;122.00;17
77;0;626529541;77;76;448;463;11.99;0.73;69.39;5.16;371;0;123.00;15
77;0;626529548;77;78;452;467;11.93;0.73;69.39;5.12;375;0;124.00;15
79;0;626529563;79;81;455;467;11.94;0.73;70.49;5.60;376;0;125.00;12
80;0;626529569;80;82;457;470;11.95;0.73;70.99;5.57;377;0;126.00;13
80;0;626529576;80;84;461;470;12.00;0.73;70.99;6.01;381;0;127.00;9
81;0;626529582;81;86;461;470;12.09;0.74;71.68;6.01;380;0;128.00;9
83;0;626529588;83;87;464;470;12.04;0.73;73.00;6.34;381;0;129.00;6
84;0;626529605;84;89;466;474;12.17;0.74;73.50;6.32;382;0;130.00;8
84;0;626529614;84;87;466;474;12.32;0.75;73.50;6.32;382;0;131.00;8
87;0;626529622;87;88;469;474;12.36;0.75;75.22;6.47;382;0;132.00;5
87;0;626529630;87;88;469;474;12.41;0.76;75.22;6.47;382;0;133.00;5
88;0;626529642;88;88;470;475;12.39;0.76;74.66;6.46;382;0;134.00;5
88;0;626529651;88;90;473;477;12.41;0.76;74.66;6.55;385;0;135.00;4
89;0;626529661;89;90;473;477;12.38;0.76;75.10;6.55;384;0;136.00;4
89;0;626529676;89;94;474;478;12.41;0.76;75.10;6.54;385;0;137.00;4
91;0;626529683;91;95;475;478;12.30;0.76;76.14;6.66;384;0;138.00;3
94;0;626529689;94;98;475;478;12.22;0.75;78.13;6.66;381;0;139.00;3
98;0;626529697;98;99;476;478;12.05;0.74;78.54;6.74;378;0;140.00;2
102;0;626529703;102;99;476;478;11.84;0.73;80.26;6.74;374;0;141.00;2
103;1;626529710;103;102;476;478;11.75;0.72;80.84;6.74;373;1;142.00;2
107;1;626529735;107;104;477;478;11.54;0.71;82.71;6.83;370;1;143.00;1
107;1;626529741;107;128;548;605;11.06;0.70;82.71;5.95;441;1;144.00;57
108;1;626529758;108;122;553;606;10.96;0.69;82.95;5.90;445;1;145.00;53
109;1;626529764;109;120;562;606;10.88;0.69;83.48;5.88;453;1;146.00;44
111;1;626529771;111;118;565;606;10.78;0.68;83.97;5.87;454;1;147.00;41
114;1;626529777;114;126;570;606;10.78;0.68;84.57;5.85;456;1;148.00;36
117;1;626529784;117;121;571;606;10.79;0.68;84.97;5.85;454;1;149.00;35
117;1;626529792;117;125;578;611;10.78;0.68;84.97;5.84;461;1;150.00;33
118;1;626529799;118;123;580;611;10.84;0.68;85.47;5.84;462;1;151.00;31
121;1;626529806;121;122;586;612;10.90;0.68;87.09;5.87;465;1;152.00;26
123;1;626529819;123;120;590;613;10.88;0.68;86.99;5.89;467;1;153.00;23
124;1;626529826;124;125;595;613;10.93;0.68;87.43;5.92;471;1;154.00;18
127;1;626529832;127;126;598;614;10.89;0.68;87.87;5.92;471;1;155.00;16
129;1;626529839;129;127;601;614;10.86;0.68;88.86;5.95;472;1;156.00;13
129;1;626529847;129;131;601;614;10.85;0.68;88.86;5.95;472;1;157.00;13
130;1;626529853;130;135;604;614;10.77;0.67;89.36;5.98;474;1;158.00;10
132;1;626529860;132;140;607;618;10.76;0.67;89.67;5.98;475;1;159.00;11
134;1;626529866;134;147;609;618;10.66;0.66;90.50;6.01;475;1;160.00;9
138;1;626529873;138;148;610;618;10.45;0.65;90.99;6.01;472;1;161.00;8
138;1;626529880;138;146;612;621;10.30;0.64;90.99;6.02;474;1;162.00;9
143;1;626529886;143;151;613;621;10.14;0.63;91.90;6.02;470;1;163.00;8
144;1;626529893;144;155;614;621;9.99;0.62;92.40;6.03;470;1;164.00;7
147;1;626529905;147;154;617;625;9.90;0.61;93.64;6.00;470;1;165.00;8
150;1;626529913;150;153;618;626;9.88;0.61;94.36;6.00;468;1;166.00;8
150;1;626529918;150;149;618;626;9.84;0.61;94.36;6.00;468;1;167.00;8
151;1;626529925;151;151;624;630;9.80;0.61;94.36;5.98;473;1;168.00;6
156;1;626529931;156;152;625;630;9.58;0.59;96.20;6.00;469;1;169.00;5
158;1;626529937;158;140;625;630;9.54;0.59;96.84;6.00;467;1;170.00;5
159;1;626529944;159;130;626;631;9.55;0.59;97.23;6.00;467;1;171.00;5
162;1;626529950;162;124;629;631;9.52;0.58;98.19;6.06;467;1;172.00;2
164;1;626529956;164;123;634;637;9.53;0.58;98.52;6.03;470;1;173.00;3
164;1;626529963;164;120;634;637;9.58;0.59;98.52;6.03;470;1;174.00;3
164;1;626529970;164;117;636;638;9.56;0.59;98.52;6.02;472;1;175.00;2
164;1;626529977;164;119;636;638;9.66;0.59;98.52;6.02;472;1;176.00;2
164;1;626529983;164;118;638;638;9.77;0.60;98.52;6.05;474;1;177.00;0
164;1;626529990;164;119;638;638;9.93;0.61;98.52;6.05;474;1;178.00;0
165;1;626530004;165;117;638;638;10.01;0.61;98.28;6.05;473;1;179.00;0
166;1;626530012;166;124;667;672;10.00;0.62;98.33;5.79;501;1;180.00;5
166;1;626530022;166;115;667;672;10.07;0.62;98.33;5.79;501;1;181.00;5
166;1;626530029;166;114;669;672;10.18;0.63;98.33;5.78;503;1;182.00;3
167;1;626530035;167;117;669;672;10.25;0.63;98.32;5.78;502;1;183.00;3
169;1;626530042;169;122;670;672;10.30;0.64;99.05;5.77;501;1;184.00;2
170;1;626530048;170;132;670;672;10.26;0.63;99.13;5.77;500;1;185.00;2
170;1;626530055;170;140;675;676;10.28;0.63;99.13;5.75;505;1;186.00;1
173;1;626530062;173;143;675;676;10.20;0.63;100.23;5.75;502;1;187.00;1
175;1;626530070;175;146;678;680;10.13;0.62;99.97;5.73;503;1;188.00;2
177;1;626530093;177;153;679;681;9.97;0.62;100.03;5.73;502;1;189.00;2
177;1;626530102;177;156;680;681;9.89;0.61;100.03;5.72;503;1;190.00;1
180;1;626530112;180;163;680;681;9.73;0.60;100.73;5.72;500;1;191.00;1
183;2;626530120;183;176;693;694;9.60;0.59;101.23;5.62;510;2;192.00;1
184;2;626530141;184;175;693;694;9.35;0.58;101.34;5.62;509;2;193.00;1
187;2;626530148;187;177;694;694;9.26;0.57;101.05;5.62;507;2;194.00;0
188;2;626530155;188;178;695;695;9.16;0.57;100.78;5.61;507;2;195.00;0
194;2;626530168;194;182;696;696;9.01;0.56;101.44;5.60;502;2;196.00;0
196;2;626530176;196;186;696;696;8.91;0.55;100.94;5.60;500;2;197.00;0
201;2;626530182;201;193;698;699;8.82;0.54;100.74;5.59;497;2;198.00;1
203;2;626530190;203;199;699;699;8.71;0.54;100.53;5.58;496;2;199.00;0
205;2;626530197;205;199;699;699;8.56;0.53;100.77;5.58;494;2;200.00;0
205;2;626530209;205;200;699;699;8.49;0.52;100.77;5.58;494;2;201.00;0
207;2;626530216;207;203;704;705;8.33;0.51;101.64;5.55;497;2;202.00;1
210;2;626530223;210;209;704;705;8.19;0.50;101.39;5.55;494;2;203.00;1
211;2;626530229;211;213;705;705;8.05;0.50;101.85;5.54;494;2;204.00;0
216;2;626530235;216;219;705;705;7.91;0.49;101.67;5.54;489;2;205.00;0
220;2;626530242;220;224;709;709;7.82;0.48;101.27;5.52;489;2;206.00;0
221;2;626530249;221;231;710;710;7.71;0.47;100.99;5.51;489;2;207.00;0
222;2;626530255;222;237;710;710;7.61;0.47;101.14;5.51;488;2;208.00;0
222;2;626530262;222;242;711;711;7.56;0.46;101.14;5.50;489;2;209.00;0
223;2;626530270;223;243;711;711;7.47;0.46;101.61;5.50;488;2;210.00;0
225;2;626530276;225;243;711;711;7.38;0.45;101.24;5.50;486;2;211.00;0
225;2;626530282;225;245;711;711;7.35;0.45;101.24;5.50;486;2;212.00;0
225;2;626530288;225;251;711;711;7.29;0.45;101.24;5.50;486;2;213.00;0
226;2;626530294;226;258;711;711;7.25;0.45;101.34;5.50;485;2;214.00;0
226;2;626530300;226;261;711;711;7.25;0.45;101.34;5.50;485;2;215.00;0
227;2;626530306;227;272;756;781;7.51;0.46;101.84;5.18;529;2;216.00;25
227;2;626530318;227;254;758;782;7.52;0.46;101.84;5.17;531;2;217.00;24
227;2;626530325;227;247;766;782;7.68;0.47;101.84;5.13;539;2;218.00;16
229;2;626530332;229;230;770;782;7.86;0.48;102.85;5.12;541;2;219.00;12
231;2;626530339;231;221;775;782;8.07;0.50;103.68;5.11;544;2;220.00;7
231;2;626530346;231;208;778;782;8.25;0.51;103.68;5.11;547;2;221.00;4
232;3;626530359;232;202;780;782;8.40;0.52;104.19;5.12;548;3;222.00;2
233;3;626530378;233;197;780;782;8.52;0.52;104.69;5.12;547;3;223.00;2
234;4;626530386;234;192;782;783;8.67;0.53;105.17;5.12;548;4;224.00;1
235;4;626530409;235;183;784;785;8.77;0.54;105.41;5.10;549;4;225.00;1
236;4;626530418;236;166;785;785;8.93;0.55;105.92;5.11;549;4;226.00;0
238;4;626530426;238;154;789;789;9.03;0.55;105.97;5.09;551;4;227.00;0
238;4;626530434;238;142;789;789;9.24;0.57;105.97;5.09;551;4;228.00;0
242;4;626530447;242;136;789;789;9.40;0.58;106.09;5.09;547;4;229.00;0
245;4;626530456;245;129;789;789;9.52;0.58;107.26;5.09;544;4;230.00;0
246;4;626530464;246;119;794;795;9.63;0.59;107.26;5.06;548;4;231.00;1
247;4;626530475;247;112;794;795;9.76;0.60;107.74;5.06;547;4;232.00;1
249;4;626530488;249;107;795;795;9.89;0.61;107.84;5.06;546;4;233.00;0
253;4;626530496;253;106;797;798;10.05;0.61;109.21;5.05;544;4;234.00;1
253;4;626530505;253;104;798;798;10.20;0.62;109.21;5.04;545;4;235.00;0
255;4;626530513;255;107;798;798;10.20;0.62;109.63;5.04;543;4;236.00;0
256;4;626530522;256;99;799;799;10.27;0.63;109.56;5.04;543;4;237.00;0
256;4;626530530;256;96;800;800;10.33;0.63;109.56;5.03;544;4;238.00;0
257;4;626530538;257;97;800;800;10.32;0.63;109.79;5.03;543;4;239.00;0
261;4;626530552;261;98;824;826;10.19;0.62;110.55;4.88;563;4;240.00;2
263;4;626530564;263;94;825;826;10.30;0.63;110.54;4.88;562;4;241.00;1
264;4;626530572;264;95;826;826;10.46;0.64;110.88;4.88;562;4;242.00;0
268;4;626530580;268;97;827;827;10.60;0.65;112.13;4.87;559;4;243.00;0
271;4;626530588;271;103;827;827;10.70;0.65;112.63;4.87;556;4;244.00;0
273;5;626530597;273;104;830;831;10.67;0.65;113.08;4.86;557;5;245.00;1
275;5;626530616;275;103;830;831;10.60;0.65;113.17;4.86;555;5;246.00;1
276;5;626530623;276;111;835;835;10.57;0.64;113.39;4.84;559;5;247.00;0
278;5;626530630;278;113;835;835;10.58;0.65;114.26;4.84;557;5;248.00;0
279;5;626530637;279;120;835;835;10.62;0.65;114.44;4.84;556;5;249.00;0
283;5;626530645;283;126;835;835;10.60;0.65;114.59;4.84;552;5;250.00;0
285;5;626530657;285;127;835;835;10.55;0.64;115.32;4.84;550;5;251.00;0
287;5;626530664;287;135;845;847;10.52;0.64;115.87;4.78;558;5;252.00;2
290;5;626530671;290;138;845;847;10.49;0.64;116.20;4.78;555;5;253.00;2
291;5;626530678;291;146;847;847;10.43;0.64;116.18;4.77;556;5;254.00;0
293;5;626530685;293;145;847;847;10.39;0.63;116.60;4.77;554;5;255.00;0
294;5;626530691;294;152;847;847;10.32;0.63;116.83;4.77;553;5;256.00;0
297;5;626530698;297;155;847;847;10.31;0.63;117.64;4.77;550;5;257.00;0
299;5;626530704;299;160;848;848;10.29;0.63;118.07;4.77;549;5;258.00;0
300;5;626530710;300;162;848;848;10.21;0.62;118.50;4.77;548;5;259.00;0
303;6;626530722;303;158;853;854;10.11;0.61;118.61;4.75;550;6;260.00;1
304;6;626530742;304;150;854;855;10.08;0.61;119.02;4.74;550;6;261.00;1
305;6;626530748;305;145;855;855;10.05;0.61;119.09;4.74;550;6;262.00;0
306;6;626530755;306;143;855;855;10.08;0.61;119.08;4.74;549;6;263.00;0
307;6;626530761;307;140;859;859;10.18;0.62;119.09;4.72;552;6;264.00;0
311;6;626530778;311;135;859;859;10.23;0.62;119.96;4.72;548;6;265.00;0
312;6;626530785;312;132;859;859;10.30;0.62;120.20;4.72;547;6;266.00;0
315;6;626530792;315;128;860;860;10.33;0.63;120.11;4.71;545;6;267.00;0
318;6;626530798;318;130;864;864;10.35;0.63;120.67;4.69;546;6;268.00;0
321;6;626530805;321;128;864;864;10.44;0.63;120.76;4.69;543;6;269.00;0
323;6;626530813;323;120;867;870;10.58;0.64;121.33;4.68;544;6;270.00;3
324;6;626530821;324;118;867;870;10.58;0.64;121.56;4.68;543;6;271.00;3
328;6;626530827;328;109;868;870;10.63;0.64;122.15;4.68;540;6;272.00;2
329;6;626530834;329;106;868;870;10.72;0.65;122.39;4.68;539;6;273.00;2
332;6;626530841;332;102;871;874;10.84;0.66;122.76;4.67;539;6;274.00;3
336;6;626530848;336;102;871;874;10.89;0.66;122.75;4.67;535;6;275.00;3
338;7;626530855;338;98;872;874;10.98;0.66;122.81;4.67;534;7;276.00;2
340;7;626530870;340;94;872;874;11.12;0.67;122.91;4.67;532;7;277.00;2
344;7;626530878;344;90;874;875;11.22;0.68;123.53;4.66;530;7;278.00;1
346;7;626530890;346;87;876;876;11.32;0.68;123.46;4.66;530;7;279.00;0
348;7;626530899;348;84;876;876;11.35;0.69;123.22;4.66;528;7;280.00;0
348;7;626530906;348;81;877;877;11.52;0.70;123.22;4.66;529;7;281.00;0
349;7;626530914;349;82;877;877;11.54;0.70;123.05;4.66;528;7;282.00;0
351;7;626530921;351;79;877;877;11.54;0.70;123.40;4.66;526;7;283.00;0
352;7;626530930;352;81;877;877;11.54;0.70;123.14;4.66;525;7;284.00;0
354;7;626530938;354;79;877;877;11.53;0.70;123.83;4.66;523;7;285.00;0
355;7;626530945;355;79;877;877;11.55;0.70;124.19;4.66;522;7;286.00;0
355;7;626530952;355;81;877;877;11.58;0.70;124.19;4.66;522;7;287.00;0
358;7;626530960;358;99;949;1004;11.31;0.70;125.08;4.31;591;7;288.00;55
358;7;626530979;358;86;951;1005;11.36;0.70;125.08;4.30;593;7;289.00;54
362;7;626530988;362;80;960;1005;11.38;0.70;125.93;4.28;598;7;290.00;45
363;7;626530996;363;80;961;1005;11.44;0.71;126.37;4.28;598;7;291.00;44
365;7;626531004;365;83;967;1005;11.60;0.72;126.67;4.27;602;7;292.00;38
365;7;626531012;365;82;971;1005;11.67;0.72;126.67;4.28;606;7;293.00;34
367;7;626531026;367;85;975;1005;11.75;0.72;126.80;4.28;608;7;294.00;30
369;7;626531036;369;84;978;1005;11.80;0.72;127.06;4.29;609;7;295.00;27
374;7;626531046;374;84;983;1006;11.80;0.72;126.98;4.31;609;7;296.00;23
376;7;626531056;376;83;987;1007;11.84;0.73;126.92;4.33;611;7;297.00;20
378;7;626531066;378;88;991;1007;11.88;0.73;126.87;4.35;613;7;298.00;16
380;7;626531076;380;88;992;1008;11.88;0.73;127.20;4.35;612;7;299.00;16
381;7;626531096;381;96;995;1014;11.83;0.73;127.64;4.36;614;7;300.00;19
384;7;626531131;384;98;998;1014;11.70;0.72;128.71;4.39;614;7;301.00;16
384;7;626531145;384;105;999;1014;11.66;0.71;128.71;4.40;615;7;302.00;15
387;7;626531159;387;110;1003;1018;11.54;0.71;129.24;4.41;616;7;303.00;15
390;7;626531173;390;116;1005;1018;11.44;0.70;129.77;4.43;615;7;304.00;13
392;7;626531190;392;124;1006;1018;11.35;0.70;130.16;4.44;614;7;305.00;12
393;7;626531202;393;133;1011;1021;11.35;0.70;130.32;4.45;618;7;306.00;10
394;7;626531213;394;138;1011;1021;11.33;0.70;130.22;4.45;617;7;307.00;10
395;7;626531223;395;142;1012;1021;11.35;0.70;130.34;4.45;617;7;308.00;9
396;7;626531233;396;145;1015;1025;11.32;0.70;130.43;4.44;619;7;309.00;10
399;7;626531243;399;150;1016;1026;11.27;0.69;131.27;4.44;617;7;310.00;10
402;7;626531254;402;157;1017;1026;11.09;0.68;131.03;4.45;615;7;311.00;9
403;7;626531265;403;157;1020;1030;10.99;0.68;131.18;4.43;617;7;312.00;10
403;7;626531274;403;161;1021;1030;10.82;0.67;131.18;4.43;618;7;313.00;9
408;7;626531284;408;164;1022;1030;10.70;0.66;131.83;4.44;614;7;314.00;8
410;7;626531293;410;169;1024;1032;10.50;0.65;132.20;4.43;614;7;315.00;8
415;7;626531301;415;171;1024;1032;10.34;0.64;132.91;4.43;609;7;316.00;8
417;7;626531311;417;171;1028;1038;10.28;0.63;133.44;4.42;611;7;317.00;10
418;7;626531320;418;176;1028;1038;10.17;0.63;133.25;4.42;610;7;318.00;10
419;7;626531328;419;172;1029;1039;10.09;0.62;133.18;4.41;610;7;319.00;10
422;7;626531336;422;180;1031;1039;10.07;0.62;133.77;4.46;609;7;320.00;8
422;7;626531345;422;182;1032;1039;10.06;0.62;133.77;4.46;610;7;321.00;7
426;8;626531353;426;184;1033;1039;10.05;0.62;134.13;4.48;607;8;322.00;6
431;8;626531373;431;192;1035;1039;10.00;0.61;134.72;4.52;604;8;323.00;4
433;8;626531381;433;194;1047;1051;10.04;0.62;135.05;4.49;614;8;324.00;4
434;8;626531392;434;190;1048;1051;10.02;0.61;135.49;4.49;614;8;325.00;3
437;8;626531400;437;192;1049;1051;9.92;0.61;135.52;4.50;612;8;326.00;2
439;8;626531408;439;191;1050;1051;9.89;0.61;136.10;4.53;611;8;327.00;1
439;8;626531417;439;197;1051;1051;9.93;0.61;136.10;4.53;612;8;328.00;0
442;8;626531425;442;200;1051;1051;9.90;0.60;136.68;4.53;609;8;329.00;0
444;8;626531434;444;205;1055;1055;9.77;0.60;137.34;4.52;611;8;330.00;0
446;8;626531442;446;209;1055;1055;9.76;0.60;137.24;4.52;609;8;331.00;0
448;8;626531449;448;212;1058;1059;9.80;0.60;137.60;4.51;610;8;332.00;1
452;8;626531457;452;212;1059;1060;9.72;0.59;138.36;4.50;607;8;333.00;1
456;8;626531464;456;211;1060;1060;9.56;0.58;138.90;4.50;604;8;334.00;0
460;8;626531473;460;213;1060;1060;9.38;0.57;139.81;4.50;600;8;335.00;0
463;8;626531480;463;214;1073;1073;9.11;0.56;140.80;4.45;610;8;336.00;0
465;8;626531489;465;216;1073;1073;8.88;0.55;140.95;4.45;608;8;337.00;0
469;8;626531501;469;222;1073;1073;8.67;0.53;141.60;4.45;604;8;338.00;0
473;8;626531508;473;232;1074;1074;8.41;0.52;142.20;4.45;601;8;339.00;0
477;8;626531515;477;216;1075;1075;8.19;0.50;142.91;4.44;598;8;340.00;0
481;8;626531523;481;211;1075;1075;8.05;0.49;143.42;4.44;594;8;341.00;0
484;8;626531529;484;213;1077;1078;7.96;0.49;143.49;4.43;593;8;342.00;1
489;8;626531537;489;206;1077;1078;7.86;0.48;143.73;4.43;588;8;343.00;1
491;8;626531544;491;214;1078;1078;7.90;0.49;144.18;4.43;587;8;344.00;0
492;8;626531551;492;216;1078;1078;7.87;0.48;144.23;4.43;586;8;345.00;0
492;8;626531559;492;216;1083;1084;7.95;0.49;144.23;4.42;591;8;346.00;1
494;8;626531566;494;211;1083;1084;7.98;0.49;144.43;4.42;589;8;347.00;1
496;8;626531573;496;205;1084;1084;8.08;0.50;144.65;4.41;588;8;348.00;0
498;8;626531580;498;201;1084;1084;8.16;0.50;144.87;4.41;586;8;349.00;0
501;8;626531587;501;207;1088;1088;8.15;0.50;145.04;4.40;587;8;350.00;0
503;8;626531595;503;210;1089;1089;8.25;0.51;145.78;4.40;586;8;351.00;0
507;8;626531602;507;211;1089;1089;8.28;0.51;145.59;4.40;582;8;352.00;0
507;8;626531609;507;211;1090;1090;8.30;0.51;145.59;4.39;583;8;353.00;0
512;8;626531624;512;214;1090;1090;8.18;0.50;146.85;4.39;578;8;354.00;0
516;8;626531632;516;215;1090;1090;8.10;0.50;147.04;4.39;574;8;355.00;0
521;8;626531640;521;209;1090;1090;8.01;0.49;146.94;4.39;569;8;356.00;0
523;8;626531648;523;214;1090;1090;7.95;0.49;147.10;4.39;567;8;357.00;0
527;8;626531655;527;220;1090;1090;7.87;0.48;147.00;4.39;563;8;358.00;0
532;8;626531662;532;224;1090;1090;7.79;0.48;146.99;4.39;558;8;359.00;0
535;8;626531671;535;242;1156;1215;7.99;0.50;147.28;4.14;621;8;360.00;59
538;8;626531689;538;238;1162;1216;7.95;0.50;147.59;4.13;624;8;361.00;54
539;8;626531697;539;231;1175;1216;8.04;0.50;147.73;4.10;636;8;362.00;41
541;8;626531704;541;228;1182;1216;8.04;0.50;147.99;4.10;641;8;363.00;34
543;8;626531712;543;229;1187;1216;8.00;0.50;148.06;4.10;644;8;364.00;29
546;8;626531720;546;231;1193;1216;7.96;0.49;148.17;4.10;647;8;365.00;23
549;8;626531728;549;233;1199;1216;7.91;0.49;148.07;4.11;650;8;366.00;17
550;8;626531736;550;233;1200;1216;7.80;0.48;148.33;4.11;650;8;367.00;16
553;8;626531744;553;246;1204;1217;7.73;0.48;148.26;4.12;651;8;368.00;13
557;8;626531753;557;254;1206;1218;7.62;0.47;148.25;4.13;649;8;369.00;12
559;8;626531763;559;260;1208;1218;7.55;0.47;148.16;4.14;649;8;370.00;10
560;8;626531772;560;254;1215;1222;7.52;0.46;148.25;4.14;655;8;371.00;7
560;8;626531781;560;242;1216;1222;7.54;0.47;148.25;4.14;656;8;372.00;6
560;8;626531789;560;240;1217;1222;7.58;0.47;148.25;4.15;657;8;373.00;5
564;8;626531798;564;243;1218;1222;7.59;0.47;148.00;4.16;654;8;374.00;4
564;8;626531806;564;237;1223;1228;7.66;0.47;148.00;4.16;659;8;375.00;5
566;8;626531816;566;235;1224;1228;7.72;0.48;148.16;4.17;658;8;376.00;4
567;8;626531826;567;230;1226;1228;7.82;0.48;148.24;4.17;659;8;377.00;2
568;8;626531840;568;229;1229;1231;8.00;0.49;148.23;4.16;661;8;378.00;2
571;8;626531850;571;230;1231;1231;8.09;0.50;148.29;4.18;660;8;379.00;0
573;8;626531860;573;228;1231;1231;8.12;0.50;148.69;4.18;658;8;380.00;0
575;8;626531885;575;228;1232;1232;8.21;0.50;148.70;4.18;657;8;381.00;0
577;8;626531894;577;224;1233;1233;8.31;0.51;148.70;4.17;656;8;382.00;0
578;8;626531904;578;224;1233;1233;8.44;0.52;148.85;4.17;655;8;383.00;0
579;8;626531914;579;223;1246;1246;8.58;0.52;148.99;4.13;667;8;384.00;0
579;8;626531925;579;221;1246;1246;8.58;0.52;148.99;4.13;667;8;385.00;0
582;8;626531941;582;227;1246;1246;8.60;0.52;148.86;4.13;664;8;386.00;0
583;8;626531957;583;221;1247;1247;8.60;0.52;149.25;4.13;664;8;387.00;0
585;8;626531968;585;220;1247;1247;8.63;0.53;148.83;4.13;662;8;388.00;0
587;8;626531978;587;212;1250;1251;8.72;0.53;148.97;4.12;663;8;389.00;1
588;8;626531990;588;208;1251;1251;8.81;0.54;149.06;4.12;663;8;390.00;0
588;8;626532000;588;209;1255;1255;8.84;0.54;149.06;4.11;667;8;391.00;0
590;8;626532010;590;217;1255;1255;8.87;0.54;149.14;4.11;665;8;392.00;0
592;8;626532021;592;216;1255;1255;8.92;0.55;149.68;4.11;663;8;393.00;0
593;8;626532031;593;215;1255;1255;9.00;0.55;149.48;4.11;662;8;394.00;0
598;8;626532041;598;214;1255;1255;9.02;0.55;149.82;4.11;657;8;395.00;0
598;8;626532052;598;200;1266;1267;9.17;0.56;149.82;4.07;668;8;396.00;1
600;8;626532063;600;184;1267;1267;9.24;0.56;149.68;4.07;667;8;397.00;0
602;8;626532073;602;170;1267;1267;9.31;0.57;149.91;4.07;665;8;398.00;0
603;8;626532084;603;154;1267;1267;9.42;0.58;150.05;4.07;664;8;399.00;0
607;8;626532095;607;149;1267;1267;9.48;0.58;150.51;4.07;660;8;400.00;0
611;8;626532109;611;146;1267;1267;9.57;0.59;151.33;4.07;656;8;401.00;0
614;8;626532120;614;145;1268;1268;9.70;0.59;151.73;4.07;654;8;402.00;0
617;8;626532131;617;141;1268;1268;9.80;0.60;152.23;4.07;651;8;403.00;0
622;8;626532142;622;145;1273;1274;9.86;0.60;153.39;4.06;651;8;404.00;1
625;8;626532152;625;146;1276;1276;9.99;0.61;153.66;4.05;651;8;405.00;0
627;8;626532161;627;147;1276;1276;10.10;0.62;154.25;4.05;649;8;406.00;0
630;9;626532171;630;142;1276;1276;10.15;0.62;154.60;4.05;646;9;407.00;0
632;9;626532190;632;141;1280;1280;10.25;0.63;154.69;4.04;648;9;408.00;0
635;9;626532200;635;139;1280;1280;10.33;0.63;155.35;4.04;645;9;409.00;0
637;9;626532210;637;141;1280;1280;10.35;0.63;155.66;4.04;643;9;410.00;0
638;9;626532219;638;142;1281;1281;10.40;0.64;155.78;4.03;643;9;411.00;0
642;9;626532227;642;144;1285;1285;10.38;0.64;156.70;4.02;643;9;412.00;0
644;9;626532237;644;144;1285;1285;10.51;0.64;156.64;4.02;641;9;413.00;0
647;9;626532246;647;143;1287;1288;10.57;0.65;157.50;4.02;640;9;414.00;1
650;9;626532255;650;144;1287;1288;10.64;0.65;157.78;4.02;637;9;415.00;1
652;9;626532264;652;149;1288;1288;10.71;0.66;157.94;4.02;636;9;416.00;0
658;9;626532273;658;147;1288;1288;10.63;0.65;158.88;4.02;630;9;417.00;0
661;9;626532282;661;151;1291;1292;10.69;0.65;159.19;4.01;630;9;418.00;1
663;9;626532291;663;152;1291;1292;10.71;0.66;159.31;4.01;628;9;419.00;1
667;9;626532302;667;157;1292;1292;10.71;0.66;159.85;4.01;625;9;420.00;0
672;9;626532310;672;157;1292;1292;10.67;0.65;160.08;4.01;620;9;421.00;0
673;9;626532319;673;156;1293;1293;10.66;0.65;160.13;4.01;620;9;422.00;0
675;9;626532327;675;161;1294;1294;10.67;0.65;160.40;4.00;619;9;423.00;0
680;9;626532336;680;162;1294;1294;10.55;0.64;160.82;4.00;614;9;424.00;0
681;9;626532345;681;163;1295;1295;10.51;0.64;160.99;4.00;614;9;425.00;0
685;9;626532353;685;168;1295;1295;10.42;0.63;161.90;4.00;610;9;426.00;0
687;9;626532361;687;172;1295;1295;10.36;0.63;161.73;4.00;608;9;427.00;0
689;9;626532369;689;173;1295;1295;10.30;0.63;161.87;4.00;606;9;428.00;0
692;9;626532377;692;175;1295;1295;10.27;0.62;162.10;4.00;603;9;429.00;0
694;9;626532385;694;172;1295;1295;10.31;0.63;162.35;4.00;601;9;430.00;0
696;9;626532393;696;164;1295;1295;10.33;0.63;162.54;4.00;599;9;431.00;0
698;9;626532400;698;186;1374;1422;9.82;0.61;162.79;3.77;676;9;432.00;48
700;9;626532419;700;166;1374;1423;9.87;0.61;162.94;3.77;674;9;433.00;49
703;9;626532428;703;154;1380;1423;10.00;0.62;163.66;3.76;677;9;434.00;43
705;9;626532436;705;147;1383;1423;10.06;0.62;163.78;3.76;678;9;435.00;40
707;9;626532444;707;145;1387;1423;10.09;0.62;164.12;3.76;680;9;436.00;36
709;9;626532452;709;140;1392;1423;10.14;0.62;164.37;3.77;683;9;437.00;31
711;9;626532460;711;142;1396;1423;10.15;0.62;164.56;3.77;685;9;438.00;27
713;9;626532469;713;145;1398;1423;10.31;0.63;164.85;3.78;685;9;439.00;25
718;9;626532477;718;140;1402;1424;10.34;0.63;165.64;3.79;684;9;440.00;22
722;9;626532486;722;141;1403;1425;10.40;0.64;165.95;3.79;681;9;441.00;22
726;9;626532494;726;133;1407;1425;10.40;0.64;165.85;3.81;681;9;442.00;18
728;9;626532504;728;130;1409;1426;10.37;0.63;165.87;3.82;681;9;443.00;17
732;9;626532512;732;124;1411;1426;10.40;0.64;166.25;3.83;679;9;444.00;15
734;9;626532521;734;123;1412;1426;10.34;0.63;166.60;3.84;678;9;445.00;14
738;9;626532531;738;119;1415;1426;10.26;0.63;166.97;3.86;677;9;446.00;11
740;9;626532539;740;115;1417;1430;10.34;0.63;167.23;3.86;677;9;447.00;13
742;9;626532549;742;112;1419;1430;10.41;0.64;167.50;3.88;677;9;448.00;11
744;9;626532558;744;116;1420;1430;10.44;0.64;167.54;3.89;676;9;449.00;10
746;9;626532568;746;118;1423;1436;10.37;0.63;167.67;3.89;677;9;450.00;13
747;9;626532578;747;119;1424;1436;10.47;0.64;167.95;3.89;677;9;451.00;12
750;9;626532593;750;116;1425;1436;10.51;0.64;167.89;3.89;675;9;452.00;11
753;9;626532602;753;121;1429;1440;10.51;0.64;167.96;3.88;676;9;453.00;11
755;9;626532611;755;120;1430;1441;10.56;0.64;167.66;3.88;675;9;454.00;11
758;9;626532621;758;122;1431;1441;10.60;0.65;167.47;3.88;673;9;455.00;10
761;9;626532630;761;121;1434;1445;10.64;0.65;167.66;3.88;673;9;456.00;11
761;9;626532640;761;123;1435;1445;10.69;0.65;167.66;3.89;674;9;457.00;10
764;9;626532649;764;126;1436;1445;10.75;0.65;167.91;3.90;672;9;458.00;9
768;9;626532664;768;126;1439;1446;10.79;0.66;168.26;3.92;671;9;459.00;7
768;9;626532673;768;125;1439;1446;10.81;0.66;168.26;3.92;671;9;460.00;7
768;9;626532682;768;125;1443;1452;10.83;0.66;168.26;3.91;675;9;461.00;9
770;9;626532692;770;127;1444;1452;10.74;0.65;168.09;3.93;674;9;462.00;8
772;9;626532701;772;129;1445;1453;10.74;0.65;168.11;3.92;673;9;463.00;8
773;9;626532716;773;130;1445;1453;10.61;0.65;167.93;3.92;672;9;464.00;8
774;9;626532724;774;129;1446;1453;10.51;0.64;168.07;3.94;672;9;465.00;7
777;9;626532734;777;131;1446;1453;10.51;0.64;168.03;3.94;669;9;466.00;7
777;9;626532744;777;136;1447;1453;10.52;0.64;168.03;3.95;670;9;467.00;6
780;9;626532753;780;140;1457;1465;10.56;0.64;167.79;3.92;677;9;468.00;8
781;9;626532763;781;140;1458;1465;10.57;0.64;167.72;3.92;677;9;469.00;7
783;9;626532773;783;146;1459;1465;10.62;0.65;167.66;3.94;676;9;470.00;6
784;9;626532788;784;149;1460;1465;10.62;0.64;167.59;3.96;676;9;471.00;5
788;9;626532798;788;152;1461;1465;10.58;0.64;167.57;3.97;673;9;472.00;4
789;9;626532809;789;157;1461;1465;10.58;0.64;167.50;3.97;672;9;473.00;4
790;9;626532820;790;156;1465;1469;10.48;0.64;167.47;3.97;675;9;474.00;4
796;9;626532831;796;160;1465;1469;10.55;0.64;167.72;3.97;669;9;475.00;4
796;9;626532842;796;163;1468;1473;10.61;0.65;167.72;3.97;672;9;476.00;5
797;9;626532853;797;167;1471;1474;10.70;0.65;167.65;3.98;674;9;477.00;3
799;9;626532864;799;171;1472;1474;10.73;0.65;167.77;3.98;673;9;478.00;2
801;9;626532880;801;176;1472;1474;10.69;0.65;167.60;3.98;671;9;479.00;2
803;9;626532891;803;182;1493;1500;10.60;0.65;167.69;3.94;690;9;480.00;7
804;9;626532905;804;184;1495;1500;10.49;0.64;167.63;3.94;691;9;481.00;5
805;9;626532919;805;184;1499;1500;10.49;0.64;167.57;3.93;694;9;482.00;1
806;9;626532928;806;192;1501;1501;10.47;0.64;167.50;3.93;695;9;483.00;0
809;9;626532937;809;194;1502;1502;10.41;0.64;167.52;3.93;693;9;484.00;0
809;9;626532946;809;200;1502;1502;10.31;0.63;167.52;3.93;693;9;485.00;0
810;9;626532955;810;208;1504;1505;10.26;0.63;167.55;3.92;694;9;486.00;1
811;9;626532964;811;213;1505;1505;10.16;0.62;167.68;3.92;694;9;487.00;0
814;9;626532973;814;216;1505;1505;10.07;0.62;167.56;3.92;691;9;488.00;0
817;9;626532982;817;216;1505;1505;9.93;0.61;167.39;3.92;688;9;489.00;0
820;9;626532991;820;215;1510;1511;9.88;0.61;167.12;3.91;690;9;490.00;1
821;9;626533000;821;220;1510;1511;9.84;0.60;167.08;3.91;689;9;491.00;1
825;9;626533009;825;218;1511;1511;9.73;0.60;167.00;3.91;686;9;492.00;0
826;9;626533018;826;221;1511;1511;9.65;0.59;166.87;3.91;685;9;493.00;0
827;9;626533027;827;221;1515;1515;9.51;0.58;166.74;3.90;688;9;494.00;0
830;9;626533036;830;225;1517;1517;9.47;0.58;166.97;3.90;687;9;495.00;0
832;9;626533044;832;231;1517;1517;9.42;0.58;166.89;3.90;685;9;496.00;0
832;9;626533058;832;232;1518;1518;9.43;0.58;166.89;3.89;686;9;497.00;0
837;9;626533066;837;237;1518;1518;9.34;0.57;167.06;3.89;681;9;498.00;0
840;9;626533074;840;236;1518;1518;9.31;0.57;166.76;3.89;678;9;499.00;0
843;9;626533084;843;239;1518;1518;9.25;0.56;166.55;3.89;675;9;500.00;0
843;9;626533105;843;244;1518;1518;9.24;0.56;166.55;3.89;675;9;501.00;0
845;9;626533118;845;244;1518;1518;9.10;0.55;166.32;3.89;673;9;502.00;0
851;9;626533131;851;247;1518;1518;8.93;0.54;166.43;3.89;667;9;503.00;0
854;9;626533144;854;254;1558;1588;9.00;0.55;166.38;3.79;704;9;504.00;30
857;9;626533163;857;256;1562;1589;8.87;0.54;166.82;3.79;705;9;505.00;27
860;9;626533176;860;256;1569;1589;8.84;0.54;167.21;3.78;709;9;506.00;20
864;9;626533190;864;257;1571;1589;8.70;0.53;167.73;3.78;707;9;507.00;18
865;9;626533202;865;261;1573;1589;8.54;0.52;168.05;3.78;708;9;508.00;16
868;9;626533212;868;263;1575;1589;8.38;0.51;168.94;3.78;707;9;509.00;14
871;9;626533223;871;259;1578;1589;8.33;0.51;169.43;3.78;707;9;510.00;11
875;9;626533232;875;253;1580;1589;8.22;0.50;170.00;3.79;705;9;511.00;9
878;9;626533241;878;251;1584;1590;8.17;0.50;170.39;3.80;706;9;512.00;6
879;9;626533264;879;251;1584;1591;8.07;0.49;170.62;3.80;705;9;513.00;7
882;9;626533273;882;256;1589;1591;8.00;0.49;171.32;3.81;707;9;514.00;2
884;9;626533282;884;269;1593;1595;7.90;0.48;171.37;3.80;709;9;515.00;2
887;9;626533292;887;267;1595;1595;7.87;0.48;171.51;3.81;708;9;516.00;0
888;9;626533302;888;268;1595;1595;7.85;0.48;171.75;3.81;707;9;517.00;0
893;9;626533312;893;265;1595;1595;7.83;0.48;172.29;3.81;702;9;518.00;0
895;9;626533322;895;266;1600;1601;7.88;0.48;172.63;3.80;705;9;519.00;1
900;9;626533332;900;272;1601;1601;7.89;0.48;173.04;3.80;701;9;520.00;0
902;9;626533340;902;268;1601;1601;7.86;0.48;173.36;3.80;699;9;521.00;0
904;9;626533350;904;272;1604;1604;7.91;0.49;173.52;3.79;700;9;522.00;0
906;9;626533359;906;261;1604;1604;7.90;0.48;174.06;3.79;698;9;523.00;0
908;9;626533369;908;255;1604;1604;7.90;0.49;174.25;3.79;696;9;524.00;0
911;9;626533378;911;237;1605;1605;7.96;0.49;174.60;3.79;694;9;525.00;0
914;9;626533387;914;231;1606;1606;8.09;0.50;174.38;3.79;692;9;526.00;0
920;9;626533398;920;226;1606;1606;8.13;0.50;174.40;3.79;686;9;527.00;0
923;9;626533407;923;219;1619;1619;8.29;0.51;174.32;3.76;696;9;528.00;0
925;9;626533418;925;211;1619;1619;8.38;0.51;174.55;3.76;694;9;529.00;0
928;9;626533443;928;208;1619;1619;8.44;0.52;174.70;3.76;691;9;530.00;0
929;9;626533454;929;205;1620;1620;8.51;0.52;174.56;3.76;691;9;531.00;0
936;9;626533464;936;201;1620;1620;8.56;0.52;174.52;3.76;684;9;532.00;0
939;9;626533475;939;194;1623;1624;8.60;0.53;174.71;3.75;684;9;533.00;1
944;9;626533485;944;191;1623;1624;8.66;0.53;174.97;3.75;679;9;534.00;1
947;9;626533495;947;185;1628;1628;8.74;0.53;175.11;3.75;681;9;535.00;0
950;9;626533506;950;197;1628;1628;8.73;0.53;175.40;3.75;678;9;536.00;0
954;9;626533516;954;196;1628;1628;8.68;0.53;175.47;3.75;674;9;537.00;0
956;9;626533527;956;200;1628;1628;8.66;0.53;175.33;3.75;672;9;538.00;0
957;9;626533537;957;205;1628;1628;8.66;0.53;175.46;3.75;671;9;539.00;0
959;9;626533549;959;210;1657;1662;8.80;0.54;175.50;3.68;698;9;540.00;5
960;9;626533562;960;203;1657;1662;8.88;0.54;175.72;3.68;697;9;541.00;5
964;9;626533572;964;201;1659;1662;8.96;0.55;176.26;3.68;695;9;542.00;3
965;9;626533582;965;200;1659;1662;9.06;0.56;176.19;3.68;694;9;543.00;3
969;9;626533592;969;201;1660;1662;9.11;0.56;176.53;3.68;691;9;544.00;2
975;9;626533603;975;203;1660;1662;9.11;0.56;176.64;3.68;685;9;545.00;2
977;9;626533614;977;206;1662;1663;9.20;0.56;176.81;3.68;685;9;546.00;1
980;9;626533625;980;207;1662;1663;9.24;0.56;177.03;3.68;682;9;547.00;1
983;9;626533635;983;209;1667;1669;9.21;0.56;177.05;3.67;684;9;548.00;2
988;9;626533646;988;213;1668;1670;9.15;0.56;177.14;3.67;680;9;549.00;2
989;9;626533657;989;215;1669;1670;9.15;0.56;177.08;3.67;680;9;550.00;1
991;9;626533667;991;217;1669;1670;9.06;0.55;177.06;3.67;678;9;551.00;1
993;9;626533676;993;220;1674;1674;9.01;0.55;177.08;3.66;681;9;552.00;0
996;9;626533686;996;217;1674;1674;8.90;0.54;177.17;3.66;678;9;553.00;0
998;9;626533695;998;230;1674;1674;8.80;0.54;177.09;3.66;676;9;554.00;0
1000;9;626533705;1000;227;1675;1675;8.77;0.54;177.32;3.66;675;9;555.00;0
1003;9;626533714;1003;238;1679;1679;8.70;0.53;177.52;3.66;676;9;556.00;0
1007;9;626533733;1007;226;1679;1679;8.57;0.52;178.30;3.66;672;9;557.00;0
1009;9;626533754;1009;218;1681;1682;8.57;0.52;178.60;3.65;672;9;558.00;1
1013;9;626533764;1013;212;1681;1682;8.55;0.52;178.99;3.65;668;9;559.00;1
1018;9;626533774;1018;215;1682;1682;8.56;0.52;179.51;3.65;664;9;560.00;0
1019;9;626533784;1019;211;1682;1682;8.60;0.52;179.85;3.65;663;9;561.00;0
1022;9;626533794;1022;211;1685;1686;8.70;0.53;180.05;3.65;663;9;562.00;1
1023;9;626533804;1023;209;1685;1686;8.83;0.54;180.03;3.65;662;9;563.00;1
1026;9;626533815;1026;213;1686;1686;8.83;0.54;180.57;3.64;660;9;564.00;0
1028;9;626533825;1028;212;1686;1686;8.88;0.54;180.57;3.64;658;9;565.00;0
1028;9;626533837;1028;195;1687;1687;8.90;0.54;180.57;3.64;659;9;566.00;0
1032;9;626533848;1032;184;1688;1688;8.91;0.54;181.18;3.64;656;9;567.00;0
1033;9;626533858;1033;176;1688;1688;8.94;0.54;181.40;3.64;655;9;568.00;0
1036;9;626533869;1036;171;1689;1689;9.08;0.55;181.63;3.64;653;9;569.00;0
1039;9;626533881;1039;169;1689;1689;9.10;0.55;181.91;3.64;650;9;570.00;0
1042;9;626533892;1042;160;1689;1689;9.23;0.56;182.25;3.64;647;9;571.00;0
1043;9;626533902;1043;165;1689;1689;9.28;0.57;182.21;3.64;646;9;572.00;0
1047;9;626533912;1047;165;1689;1689;9.36;0.57;182.70;3.64;642;9;573.00;0
1051;9;626533923;1051;169;1689;1689;9.40;0.57;183.09;3.64;638;9;574.00;0
1054;9;626533940;1054;172;1689;1689;9.41;0.57;183.07;3.64;635;9;575.00;0
1056;9;626533950;1056;206;1770;1816;9.37;0.58;183.48;3.47;714;9;576.00;46
1058;9;626533972;1058;193;1773;1817;9.43;0.58;183.90;3.47;715;9;577.00;44
1062;9;626533983;1062;178;1778;1817;9.52;0.59;184.35;3.47;716;9;578.00;39
1062;9;626533994;1062;172;1782;1817;9.60;0.59;184.35;3.47;720;9;579.00;35
1066;9;626534005;1066;167;1786;1817;9.70;0.60;184.40;3.47;720;9;580.00;31
1071;9;626534016;1071;167;1787;1817;9.69;0.60;184.58;3.47;716;9;581.00;30
1075;9;626534026;1075;167;1792;1817;9.76;0.60;184.63;3.47;717;9;582.00;25
1077;9;626534037;1077;165;1793;1817;9.84;0.60;184.46;3.48;716;9;583.00;24
1080;9;626534048;1080;171;1798;1818;9.89;0.61;184.73;3.49;718;9;584.00;20
1082;9;626534058;1082;173;1803;1820;9.95;0.61;184.89;3.50;721;9;585.00;17
1084;9;626534068;1084;178;1807;1820;10.00;0.61;185.43;3.51;723;9;586.00;13
1084;9;626534079;1084;179;1810;1821;10.05;0.62;185.43;3.52;726;9;587.00;11
1087;9;626534090;1087;181;1813;1821;10.06;0.62;185.62;3.53;726;9;588.00;8
1088;9;626534101;1088;187;1815;1821;10.04;0.62;185.59;3.54;727;9;589.00;6
1089;9;626534120;1089;184;1816;1821;10.06;0.62;185.70;3.55;727;9;590.00;5
1092;9;626534131;1092;188;1820;1825;10.03;0.61;186.18;3.55;728;9;591.00;5
1095;9;626534142;1095;186;1821;1825;10.02;0.61;186.14;3.56;726;9;592.00;4
1100;9;626534152;1100;189;1821;1825;9.95;0.61;186.15;3.56;721;9;593.00;4
1101;9;626534161;1101;191;1824;1828;10.01;0.61;186.13;3.56;723;9;594.00;4
1102;9;626534172;1102;192;1824;1828;9.97;0.61;186.06;3.56;722;9;595.00;4
1103;9;626534181;1103;196;1825;1828;10.02;0.61;186.16;3.57;722;9;596.00;3
1106;9;626534191;1106;199;1828;1832;10.07;0.61;186.03;3.57;722;9;597.00;4
1107;9;626534201;1107;201;1830;1833;10.17;0.62;186.14;3.57;723;9;598.00;3
1108;9;626534210;1108;203;1830;1833;10.25;0.62;186.32;3.57;722;9;599.00;3
1109;9;626534223;1109;206;1841;1859;10.25;0.62;186.26;3.55;732;9;600.00;18
1112;9;626534240;1112;191;1841;1859;10.26;0.62;186.65;3.55;729;9;601.00;18
1113;9;626534250;1113;190;1843;1859;10.35;0.63;186.58;3.55;730;9;602.00;16
1115;9;626534260;1115;185;1844;1860;10.41;0.63;186.61;3.55;729;9;603.00;16
1117;9;626534271;1117;186;1846;1860;10.38;0.63;186.88;3.55;729;9;604.00;14
1120;9;626534281;1120;183;1849;1866;10.43;0.63;186.83;3.55;729;9;605.00;17
1123;9;626534292;1123;183;1850;1866;10.51;0.64;187.22;3.55;727;9;606.00;16
1127;9;626534311;1127;178;1850;1867;10.53;0.64;187.57;3.55;723;9;607.00;17
1131;9;626534321;1131;179;1851;1867;10.60;0.65;187.84;3.55;720;9;608.00;16
1132;9;626534336;1132;171;1852;1867;10.66;0.65;188.04;3.56;720;9;609.00;15
1137;9;626534345;1137;165;1852;1867;10.72;0.65;188.01;3.56;715;9;610.00;15
1139;9;626534354;1139;159;1853;1867;10.78;0.66;188.21;3.56;714;9;611.00;14
1144;9;626534363;1144;147;1863;1879;10.76;0.65;188.79;3.55;719;9;612.00;16
1152;9;626534379;1152;140;1863;1879;10.69;0.65;189.09;3.55;711;9;613.00;16
1155;9;626534389;1155;135;1866;1879;10.67;0.65;189.21;3.55;711;9;614.00;13
1158;9;626534398;1158;129;1868;1879;10.60;0.64;189.72;3.57;710;9;615.00;11
1160;9;626534408;1160;121;1869;1879;10.70;0.65;189.62;3.57;709;9;616.00;10
1163;9;626534417;1163;126;1869;1879;10.73;0.65;190.18;3.57;706;9;617.00;10
1167;9;626534427;1167;121;1872;1883;10.70;0.65;190.44;3.57;705;9;618.00;11
1169;9;626534437;1169;116;1872;1883;10.78;0.65;190.41;3.57;703;9;619.00;11
1175;9;626534446;1175;108;1875;1887;10.86;0.66;191.14;3.57;700;9;620.00;12
1180;9;626534457;1180;103;1876;1888;10.95;0.66;191.44;3.56;696;9;621.00;12
1183;9;626534466;1183;108;1878;1888;11.00;0.67;191.57;3.57;695;9;622.00;10
1186;9;626534482;1186;109;1878;1888;11.06;0.67;191.82;3.57;692;9;623.00;10
1190;10;626534510;1190;113;1886;1901;11.02;0.67;191.88;3.56;696;10;624.00;15
1192;10;626534531;1192;109;1886;1901;11.08;0.67;192.37;3.56;694;10;625.00;15
1193;10;626534541;1193;112;1886;1901;11.11;0.67;192.33;3.56;693;10;626.00;15
1198;10;626534550;1198;113;1887;1902;11.11;0.67;192.60;3.56;689;10;627.00;15
1200;10;626534564;1200;118;1889;1903;11.15;0.68;192.83;3.58;689;10;628.00;14
1203;10;626534574;1203;122;1889;1903;11.16;0.67;192.92;3.58;686;10;629.00;14
1207;10;626534585;1207;129;1894;1909;11.07;0.67;193.65;3.59;687;10;630.00;15
1208;10;626534595;1208;129;1895;1909;11.09;0.67;193.61;3.58;687;10;631.00;14
1212;10;626534605;1212;130;1896;1909;11.07;0.67;194.08;3.58;684;10;632.00;13
1215;10;626534615;1215;134;1896;1909;11.06;0.67;194.15;3.58;681;10;633.00;13
1216;10;626534625;1216;136;1900;1915;11.04;0.67;194.01;3.58;684;10;634.00;15
1216;10;626534635;1216;141;1900;1915;10.99;0.66;194.01;3.58;684;10;635.00;15
1217;10;626534645;1217;138;1902;1915;10.97;0.66;193.88;3.60;685;10;636.00;13
1218;10;626534655;1218;140;1903;1915;10.94;0.66;193.82;3.60;685;10;637.00;12
1219;10;626534664;1219;148;1906;1919;10.89;0.66;193.74;3.59;687;10;638.00;13
1220;10;626534674;1220;149;1907;1920;10.82;0.66;193.81;3.59;687;10;639.00;13
1221;10;626534683;1221;156;1908;1920;10.69;0.65;193.79;3.61;687;10;640.00;12
1224;10;626534693;1224;166;1910;1921;10.62;0.65;193.72;3.62;686;10;641.00;11
1227;10;626534703;1227;172;1911;1921;10.54;0.64;193.67;3.64;684;10;642.00;10
1228;10;626534712;1228;174;1912;1921;10.51;0.64;193.62;3.66;684;10;643.00;9
1230;10;626534721;1230;179;1912;1921;10.50;0.64;193.56;3.66;682;10;644.00;9
1232;10;626534730;1232;183;1912;1921;10.46;0.64;193.58;3.66;680;10;645.00;9
1234;10;626534740;1234;185;1914;1921;10.37;0.63;193.38;3.68;680;10;646.00;7
1235;10;626534749;1235;189;1915;1921;10.23;0.62;193.28;3.69;680;10;647.00;6
1236;10;626534758;1236;193;1954;1991;10.25;0.63;193.17;3.65;718;10;648.00;37
1239;10;626534773;1239;192;1958;1992;10.08;0.62;192.96;3.66;719;10;649.00;34
1240;10;626534782;1240;195;1970;1992;10.02;0.61;193.03;3.66;730;10;650.00;22
1241;10;626534791;1241;200;1972;1992;9.91;0.61;192.94;3.66;731;10;651.00;20
1243;10;626534800;1243;205;1978;1992;9.83;0.60;192.78;3.67;735;10;652.00;14
1244;10;626534808;1244;209;1981;1992;9.77;0.60;192.69;3.68;737;10;653.00;11
1245;10;626534818;1245;212;1986;1992;9.71;0.60;192.63;3.68;741;10;654.00;6
1246;10;626534826;1246;217;1988;1992;9.64;0.59;192.67;3.69;742;10;655.00;4
1248;10;626534835;1248;226;1991;1993;9.54;0.59;192.47;3.69;743;10;656.00;2
1248;10;626534844;1248;233;1993;1994;9.45;0.58;192.47;3.69;745;10;657.00;1
1251;10;626534858;1251;239;1994;1994;9.30;0.57;192.39;3.69;743;10;658.00;0
1254;10;626534867;1254;242;1998;1998;9.11;0.56;192.41;3.69;744;10;659.00;0
1259;10;626534878;1259;245;1998;1998;8.90;0.55;192.35;3.69;739;10;660.00;0
1259;10;626534887;1259;248;1998;1998;8.77;0.54;192.35;3.69;739;10;661.00;0
1262;10;626534895;1262;260;1998;1998;8.61;0.53;192.26;3.69;736;10;662.00;0
1263;10;626534904;1263;268;2003;2004;8.65;0.53;192.23;3.68;740;10;663.00;1
1265;10;626534914;1265;270;2003;2004;8.60;0.53;192.35;3.68;738;10;664.00;1
1266;10;626534922;1266;273;2004;2004;8.60;0.53;192.30;3.68;738;10;665.00;0
1268;10;626534930;1268;280;2006;2007;8.59;0.52;192.26;3.68;738;10;666.00;1
1271;10;626534939;1271;283;2006;2007;8.47;0.52;192.08;3.68;735;10;667.00;1
1272;10;626534953;1272;294;2007;2007;8.45;0.51;192.11;3.68;735;10;668.00;0
1273;10;626534963;1273;299;2008;2008;8.37;0.51;192.20;3.67;735;10;669.00;0
1274;10;626534973;1274;299;2009;2009;8.25;0.50;192.12;3.67;735;10;670.00;0
1278;10;626534982;1278;303;2009;2009;8.11;0.49;191.79;3.67;731;10;671.00;0
1279;10;626534991;1279;312;2022;2022;8.01;0.49;191.93;3.65;743;10;672.00;0
1281;10;626535001;1281;322;2022;2022;7.92;0.48;192.03;3.65;741;10;673.00;0
1286;10;626535010;1286;328;2022;2022;7.80;0.47;191.85;3.65;736;10;674.00;0
1292;10;626535019;1292;313;2024;2024;7.71;0.47;191.97;3.65;732;10;675.00;0
1295;10;626535028;1295;299;2024;2024;7.65;0.46;192.03;3.65;729;10;676.00;0
1298;10;626535037;1298;286;2027;2028;7.64;0.46;192.50;3.64;729;10;677.00;1
1299;10;626535046;1299;280;2028;2028;7.53;0.46;192.70;3.64;729;10;678.00;0
1301;10;626535055;1301;274;2032;2032;7.50;0.46;192.56;3.64;731;10;679.00;0
1303;10;626535064;1303;261;2032;2032;7.41;0.45;192.92;3.64;729;10;680.00;0
1307;10;626535073;1307;245;2032;2032;7.36;0.45;193.13;3.64;725;10;681.00;0
1309;10;626535089;1309;234;2032;2032;7.38;0.45;193.30;3.64;723;10;682.00;0
1311;10;626535112;1311;230;2032;2032;7.39;0.45;193.56;3.64;721;10;683.00;0
1312;10;626535136;1312;224;2042;2044;7.53;0.46;193.77;3.62;730;10;684.00;2
1314;10;626535151;1314;229;2043;2044;7.64;0.47;193.82;3.62;729;10;685.00;1
1317;10;626535166;1317;226;2044;2044;7.71;0.47;194.25;3.62;727;10;686.00;0
1321;10;626535178;1321;221;2044;2044;7.82;0.48;194.39;3.62;723;10;687.00;0
1322;10;626535193;1322;212;2044;2044;7.93;0.48;194.55;3.62;722;10;688.00;0
1326;10;626535205;1326;210;2044;2044;7.90;0.48;195.11;3.62;718;10;689.00;0
1329;10;626535218;1329;209;2045;2045;7.95;0.49;195.57;3.61;716;10;690.00;0
1331;10;626535229;1331;203;2045;2045;8.04;0.49;195.69;3.61;714;10;691.00;0
1333;10;626535239;1333;201;2050;2051;8.20;0.50;195.84;3.61;717;10;692.00;1
1335;10;626535259;1335;199;2052;2052;8.37;0.51;195.81;3.61;717;10;693.00;0
1337;10;626535269;1337;196;2052;2052;8.48;0.52;196.18;3.61;715;10;694.00;0
1341;10;626535279;1341;197;2052;2052;8.54;0.52;196.59;3.61;711;10;695.00;0
1342;10;626535290;1342;192;2056;2056;8.69;0.53;196.60;3.60;714;10;696.00;0
1348;10;626535300;1348;190;2056;2056;8.71;0.53;197.00;3.60;708;10;697.00;0
1355;10;626535317;1355;190;2056;2056;8.69;0.53;197.08;3.60;701;10;698.00;0
1357;10;626535327;1357;190;2057;2057;8.74;0.54;197.23;3.60;700;10;699.00;0
1361;10;626535338;1361;183;2061;2061;8.86;0.54;197.42;3.59;700;10;700.00;0
1366;10;626535353;1366;180;2061;2061;8.96;0.55;197.72;3.59;695;10;701.00;0
1370;10;626535369;1370;175;2063;2064;9.07;0.55;197.60;3.59;693;10;702.00;1
1374;10;626535380;1374;175;2064;2064;9.18;0.56;197.80;3.59;690;10;703.00;0
1380;10;626535390;1380;175;2064;2064;9.21;0.56;198.07;3.59;684;10;704.00;0
1385;10;626535400;1385;167;2064;2064;9.27;0.57;198.20;3.59;679;10;705.00;0
1386;10;626535411;1386;167;2067;2068;9.37;0.57;198.26;3.58;681;10;706.00;1
1392;10;626535428;1392;163;2067;2068;9.29;0.57;198.67;3.58;675;10;707.00;1
1397;10;626535438;1397;164;2068;2068;9.28;0.56;198.72;3.58;671;10;708.00;0
1401;10;626535448;1401;158;2068;2068;9.28;0.56;198.77;3.58;667;10;709.00;0
1403;10;626535458;1403;160;2069;2069;9.29;0.57;198.65;3.58;666;10;710.00;0
1404;10;626535470;1404;164;2070;2070;9.37;0.57;198.81;3.58;666;10;711.00;0
1406;10;626535480;1406;159;2070;2070;9.52;0.58;198.75;3.58;664;10;712.00;0
1409;10;626535490;1409;160;2071;2071;9.59;0.58;198.74;3.58;662;10;713.00;0
1414;10;626535501;1414;158;2071;2071;9.67;0.59;198.62;3.58;657;10;714.00;0
1417;10;626535512;1417;160;2071;2071;9.73;0.59;198.78;3.58;654;10;715.00;0
1423;10;626535523;1423;165;2071;2071;9.72;0.59;198.82;3.58;648;10;716.00;0
1425;10;626535534;1425;168;2071;2071;9.76;0.59;198.92;3.58;646;10;717.00;0
1428;10;626535544;1428;167;2071;2071;9.79;0.60;198.90;3.58;643;10;718.00;0
1432;10;626535555;1432;165;2071;2071;9.79;0.60;199.22;3.58;639;10;719.00;0
1435;11;626535567;1435;201;2189;2301;9.77;0.61;199.46;3.39;754;11;720.00;112
1439;11;626535614;1439;197;2200;2302;9.68;0.61;199.79;3.38;761;11;721.00;102
1439;11;626535626;1439;184;2213;2302;9.70;0.61;199.79;3.37;774;11;722.00;89
1445;11;626535637;1445;191;2219;2302;9.54;0.60;200.03;3.37;774;11;723.00;83
1446;11;626535649;1446;190;2224;2302;9.47;0.59;200.21;3.37;778;11;724.00;78
1448;11;626535660;1448;190;2230;2302;9.42;0.59;200.14;3.37;782;11;725.00;72
1455;11;626535671;1455;198;2236;2302;9.33;0.58;200.42;3.38;781;11;726.00;66
1457;11;626535682;1457;191;2241;2302;9.26;0.58;200.71;3.39;784;11;727.00;61
1464;11;626535694;1464;187;2248;2303;9.24;0.57;200.99;3.40;784;11;728.00;55
1466;11;626535707;1466;188;2253;2304;9.25;0.58;201.24;3.41;787;11;729.00;51
1469;11;626535719;1469;192;2259;2304;9.25;0.57;201.47;3.43;790;11;730.00;45
1470;11;626535731;1470;196;2261;2305;9.23;0.57;201.59;3.43;791;11;731.00;44
1473;11;626535750;1473;207;2265;2305;9.23;0.57;201.86;3.45;792;11;732.00;40
1476;11;626535770;1476;206;2267;2305;9.21;0.57;202.12;3.45;791;11;733.00;38
1478;11;626535782;1478;210;2272;2305;9.23;0.57;202.34;3.48;794;11;734.00;33
1481;11;626535802;1481;218;2275;2309;9.18;0.57;202.58;3.48;794;11;735.00;34
1485;11;626535817;1485;208;2278;2309;9.19;0.57;202.67;3.50;793;11;736.00;31
1488;11;626535831;1488;207;2282;2309;9.19;0.57;203.03;3.51;794;11;737.00;27
1491;11;626535846;1491;202;2285;2312;9.25;0.57;203.05;3.53;794;11;738.00;27
1494;11;626535861;1494;206;2285;2312;9.30;0.57;203.12;3.53;791;11;739.00;27
1498;11;626535875;1498;207;2287;2312;9.28;0.57;203.45;3.53;789;11;740.00;25
1503;11;626535888;1503;211;2296;2316;9.27;0.57;203.69;3.57;793;11;741.00;20
1504;11;626535904;1504;205;2300;2317;9.37;0.57;203.69;3.58;796;11;742.00;17
1510;11;626535917;1510;210;2302;2317;9.40;0.58;203.89;3.60;792;11;743.00;15
1513;11;626535931;1513;216;2306;2321;9.39;0.57;204.04;3.61;793;11;744.00;15
1515;11;626535950;1515;217;2309;2321;9.43;0.58;204.15;3.63;794;11;745.00;12
1516;11;626535970;1516;219;2310;2321;9.49;0.58;204.27;3.63;794;11;746.00;11
1519;11;626535984;1519;217;2311;2322;9.54;0.58;204.40;3.63;792;11;747.00;11
1520;11;626535998;1520;220;2312;2322;9.65;0.59;204.51;3.63;792;11;748.00;10
1521;11;626536012;1521;220;2317;2328;9.77;0.60;204.51;3.62;796;11;749.00;11
1524;11;626536034;1524;224;2317;2328;9.75;0.60;204.69;3.62;793;11;750.00;11
1528;11;626536046;1528;216;2317;2329;9.81;0.60;204.72;3.62;789;11;751.00;12
1530;12;626536060;1530;215;2317;2329;9.82;0.60;204.86;3.62;787;12;752.00;12
1531;12;626536096;1531;216;2317;2329;9.82;0.60;204.90;3.62;786;12;753.00;12
1533;12;626536112;1533;216;2317;2329;9.77;0.59;204.85;3.62;784;12;754.00;12
1538;12;626536124;1538;217;2317;2329;9.78;0.59;205.10;3.62;779;12;755.00;12
1540;12;626536137;1540;222;2327;2341;9.79;0.59;205.19;3.61;787;12;756.00;14
1540;12;626536155;1540;224;2327;2341;9.80;0.59;205.19;3.61;787;12;757.00;14
1542;12;626536166;1542;224;2328;2341;9.83;0.60;205.31;3.61;786;12;758.00;13
1544;12;626536183;1544;224;2328;2341;9.79;0.59;205.41;3.61;784;12;759.00;13
1547;12;626536200;1547;227;2328;2341;9.83;0.60;205.45;3.61;781;12;760.00;13
1548;12;626536212;1548;231;2328;2341;9.86;0.60;205.44;3.61;780;12;761.00;13
1550;12;626536224;1550;231;2331;2345;9.81;0.60;205.52;3.60;781;12;762.00;14
1552;12;626536236;1552;234;2331;2345;9.82;0.60;205.53;3.60;779;12;763.00;14
1553;12;626536254;1553;239;2334;2349;9.84;0.60;205.61;3.60;781;12;764.00;15
1558;12;626536265;1558;237;2336;2351;9.79;0.60;205.59;3.60;778;12;765.00;15
1558;12;626536276;1558;242;2337;2351;9.74;0.59;205.59;3.60;779;12;766.00;14
1560;12;626536287;1560;244;2337;2351;9.67;0.59;205.70;3.60;777;12;767.00;14
1562;12;626536297;1562;245;2346;2364;9.65;0.59;205.83;3.58;784;12;768.00;18
1565;12;626536308;1565;244;2346;2364;9.58;0.58;205.92;3.58;781;12;769.00;18
1566;12;626536319;1566;245;2347;2364;9.54;0.58;205.91;3.60;781;12;770.00;17
1568;12;626536329;1568;241;2348;2365;9.56;0.59;206.17;3.60;780;12;771.00;17
1570;12;626536339;1570;235;2348;2366;9.56;0.58;206.17;3.60;778;12;772.00;18
1571;12;626536349;1571;230;2348;2366;9.50;0.58;206.12;3.60;777;12;773.00;18
1574;12;626536359;1574;227;2350;2369;9.49;0.58;206.36;3.60;776;12;774.00;19
1575;12;626536369;1575;221;2350;2369;9.46;0.58;206.32;3.60;775;12;775.00;19
1579;12;626536379;1579;220;2351;2369;9.46;0.58;206.66;3.60;772;12;776.00;18
1582;12;626536389;1582;218;2351;2369;9.43;0.58;206.94;3.60;769;12;777.00;18
1587;12;626536399;1587;215;2355;2375;9.43;0.58;206.97;3.59;768;12;778.00;20
1589;12;626536409;1589;214;2355;2375;9.36;0.57;207.21;3.59;766;12;779.00;20
1595;12;626536420;1595;211;2356;2375;9.26;0.56;207.43;3.59;761;12;780.00;19
1596;12;626536436;1596;209;2356;2375;9.23;0.56;207.51;3.59;760;12;781.00;19
1601;12;626536445;1601;209;2359;2379;9.12;0.56;207.95;3.59;758;12;782.00;20
1604;12;626536455;1604;200;2360;2380;9.12;0.56;208.10;3.59;756;12;783.00;20
1608;12;626536464;1608;193;2360;2380;9.12;0.56;208.08;3.59;752;12;784.00;20
1611;12;626536475;1611;188;2363;2381;9.12;0.56;208.13;3.61;752;12;785.00;18
1614;13;626536485;1614;181;2364;2381;9.07;0.55;208.17;3.64;750;13;786.00;17
1615;13;626536504;1615;184;2364;2381;9.07;0.55;208.11;3.64;749;13;787.00;17
1620;13;626536514;1620;181;2364;2381;9.11;0.56;207.96;3.64;744;13;788.00;17
1623;13;626536523;1623;178;2364;2381;9.15;0.56;207.77;3.64;741;13;789.00;17
1625;13;626536533;1625;174;2364;2381;9.20;0.56;207.82;3.64;739;13;790.00;17
1627;13;626536543;1627;173;2364;2381;9.21;0.56;207.75;3.64;737;13;791.00;17
1629;13;626536552;1629;178;2396;2451;9.31;0.57;207.61;3.59;767;13;792.00;55
1630;13;626536567;1630;177;2396;2452;9.35;0.57;207.53;3.59;766;13;793.00;56
1631;13;626536577;1631;177;2405;2452;9.51;0.58;207.62;3.62;774;13;794.00;47
1634;13;626536587;1634;178;2409;2452;9.51;0.58;207.48;3.61;775;13;795.00;43
1635;13;626536597;1635;178;2414;2452;9.61;0.59;207.45;3.62;779;13;796.00;38
1637;13;626536607;1637;183;2416;2452;9.59;0.59;207.40;3.62;779;13;797.00;36
1641;13;626536617;1641;179;2421;2452;9.48;0.58;207.20;3.65;780;13;798.00;31
1641;13;626536628;1641;178;2422;2452;9.47;0.58;207.20;3.65;781;13;799.00;30
1643;13;626536639;1643;189;2424;2453;9.50;0.58;207.06;3.65;781;13;800.00;29
1644;13;626536652;1644;191;2430;2454;9.48;0.58;206.98;3.70;786;13;801.00;24
1646;13;626536663;1646;194;2431;2454;9.50;0.58;206.83;3.70;785;13;802.00;23
1650;13;626536673;1650;200;2437;2458;9.40;0.57;206.56;3.73;787;13;803.00;21
1652;13;626536684;1652;206;2437;2458;9.35;0.57;206.58;3.73;785;13;804.00;21
1656;13;626536694;1656;208;2438;2458;9.24;0.56;206.45;3.76;782;13;805.00;20
1659;13;626536705;1659;219;2439;2458;9.14;0.56;206.37;3.77;780;13;806.00;19
1664;13;626536715;1664;227;2444;2464;9.04;0.55;206.17;3.80;780;13;807.00;20
1665;13;626536727;1665;232;2445;2464;8.99;0.55;206.10;3.80;780;13;808.00;19
1666;13;626536737;1666;232;2445;2464;8.97;0.55;206.20;3.80;779;13;809.00;19
1668;13;626536749;1668;244;2452;2470;8.99;0.55;206.15;3.86;784;13;810.00;18
1670;13;626536760;1670;251;2452;2470;8.98;0.55;206.08;3.86;782;13;811.00;18
1671;13;626536770;1671;257;2455;2470;8.93;0.54;206.10;3.92;784;13;812.00;15
1671;13;626536779;1671;264;2456;2471;8.88;0.54;206.10;3.93;785;13;813.00;15
1674;13;626536789;1674;271;2460;2472;8.81;0.54;206.01;3.97;786;13;814.00;12
1675;13;626536800;1675;277;2461;2472;8.70;0.53;205.90;3.98;786;13;815.00;11
1678;13;626536810;1678;286;2472;2485;8.61;0.52;205.81;3.99;794;13;816.00;13
1682;13;626536821;1682;292;2474;2485;8.53;0.52;205.44;4.01;792;13;817.00;11
1683;13;626536837;1683;298;2476;2485;8.44;0.51;205.33;4.02;793;13;818.00;9
1684;13;626536847;1684;306;2478;2486;8.38;0.51;205.35;4.02;794;13;819.00;8
1686;13;626536857;1686;312;2480;2486;8.36;0.51;205.18;4.03;794;13;820.00;6
1686;13;626536866;1686;315;2485;2490;8.38;0.51;205.18;4.04;799;13;821.00;5
1687;13;626536876;1687;322;2486;2490;8.34;0.51;205.12;4.04;799;13;822.00;4
1687;13;626536886;1687;329;2490;2494;8.29;0.51;205.12;4.04;803;13;823.00;4
1688;13;626536896;1688;338;2491;2494;8.18;0.50;205.16;4.05;803;13;824.00;3
1688;13;626536905;1688;342;2491;2494;8.07;0.49;205.16;4.05;803;13;825.00;3
1688;13;626536915;1688;352;2493;2494;7.94;0.49;205.16;4.06;805;13;826.00;1
1692;13;626536924;1692;336;2493;2494;7.87;0.48;205.15;4.06;801;13;827.00;1
1694;13;626536934;1694;325;2503;2506;7.85;0.48;205.12;4.04;809;13;828.00;3
1695;13;626536945;1695;321;2506;2506;7.83;0.48;205.12;4.04;811;13;829.00;0
1698;13;626536954;1698;313;2506;2506;7.85;0.48;205.13;4.04;808;13;830.00;0
1699;13;626536964;1699;309;2506;2506;7.90;0.48;205.08;4.04;807;13;831.00;0
1701;13;626536974;1701;301;2506;2506;7.92;0.48;205.22;4.04;805;13;832.00;0
1702;13;626536983;1702;299;2506;2506;7.91;0.48;205.21;4.04;804;13;833.00;0
1702;13;626536998;1702;293;2507;2507;7.92;0.48;205.21;4.04;805;13;834.00;0
1702;13;626537008;1702;294;2507;2507;7.96;0.49;205.21;4.04;805;13;835.00;0
1703;13;626537018;1703;292;2512;2513;8.10;0.49;205.33;4.03;809;13;836.00;1
1706;13;626537029;1706;298;2514;2514;8.18;0.50;205.31;4.03;808;13;837.00;0
1708;13;626537039;1708;300;2514;2514;8.18;0.50;205.15;4.03;806;13;838.00;0
1709;13;626537049;1709;302;2514;2514;8.26;0.50;205.18;4.03;805;13;839.00;0
1709;13;626537060;1709;307;2519;2519;8.35;0.51;205.18;4.02;810;13;840.00;0
1710;13;626537070;1710;307;2519;2519;8.33;0.51;205.18;4.02;809;13;841.00;0
1712;13;626537085;1712;310;2519;2519;8.30;0.51;205.13;4.02;807;13;842.00;0
1715;13;626537100;1715;310;2520;2520;8.20;0.50;205.06;4.02;805;13;843.00;0
1717;13;626537116;1717;311;2524;2524;8.09;0.49;205.17;4.02;807;13;844.00;0
1721;13;626537130;1721;313;2524;2524;7.90;0.48;205.36;4.02;803;13;845.00;0
1723;13;626537145;1723;312;2526;2527;7.79;0.48;205.52;4.01;803;13;846.00;1
1725;13;626537160;1725;316;2527;2527;7.69;0.47;205.81;4.01;802;13;847.00;0
1727;13;626537174;1727;317;2527;2527;7.59;0.46;205.99;4.01;800;13;848.00;0
1731;13;626537188;1731;317;2527;2527;7.52;0.46;205.99;4.01;796;13;849.00;0
1733;13;626537200;1733;310;2530;2531;7.56;0.46;206.26;4.01;797;13;850.00;1
1736;13;626537212;1736;304;2530;2531;7.56;0.46;206.53;4.01;794;13;851.00;1
1739;13;626537223;1739;301;2531;2531;7.58;0.46;206.79;4.01;792;13;852.00;0
1744;13;626537234;1744;298;2531;2531;7.60;0.47;207.39;4.01;787;13;853.00;0
1749;13;626537247;1749;290;2532;2532;7.63;0.47;207.92;4.01;783;13;854.00;0
1755;13;626537258;1755;288;2534;2534;7.73;0.47;207.79;4.00;779;13;855.00;0
1760;13;626537270;1760;288;2534;2534;7.78;0.48;208.24;4.00;774;13;856.00;0
1763;13;626537281;1763;277;2535;2535;7.91;0.48;208.28;4.00;772;13;857.00;0
1768;13;626537291;1768;267;2535;2535;8.01;0.49;209.02;4.00;767;13;858.00;0
1771;13;626537302;1771;255;2535;2535;8.14;0.50;209.43;4.00;764;13;859.00;0
1773;13;626537313;1773;246;2535;2535;8.25;0.50;209.66;4.00;762;13;860.00;0
1777;13;626537324;1777;236;2535;2535;8.25;0.50;209.83;4.00;758;13;861.00;0
1782;13;626537335;1782;220;2535;2535;8.23;0.50;210.35;4.00;753;13;862.00;0
1783;13;626537346;1783;211;2535;2535;8.36;0.51;210.34;4.00;752;13;863.00;0
1789;13;626537359;1789;222;2614;2662;8.58;0.53;210.62;3.88;825;13;864.00;48
1793;13;626537382;1793;211;2618;2663;8.62;0.53;210.79;3.88;825;13;865.00;45
1798;13;626537395;1798;207;2624;2663;8.71;0.54;211.16;3.87;826;13;866.00;39
1800;13;626537406;1800;206;2626;2663;8.78;0.54;211.29;3.87;826;13;867.00;37
1806;13;626537420;1806;204;2632;2663;8.80;0.54;211.29;3.87;826;13;868.00;31
1808;13;626537433;1808;202;2635;2663;8.88;0.55;211.47;3.88;827;13;869.00;28
1813;13;626537446;1813;206;2640;2663;8.89;0.55;211.63;3.88;827;13;870.00;23
1818;13;626537458;1818;212;2642;2663;8.91;0.55;211.73;3.88;824;13;871.00;21
1824;13;626537470;1824;209;2645;2664;8.86;0.54;211.79;3.89;821;13;872.00;19
1827;13;626537483;1827;212;2648;2665;8.90;0.55;211.87;3.89;821;13;873.00;17
1831;13;626537496;1831;215;2652;2665;8.95;0.55;211.81;3.90;821;13;874.00;13
1833;13;626537508;1833;224;2656;2666;8.99;0.55;211.89;3.91;823;13;875.00;10
1838;13;626537521;1838;226;2658;2666;9.04;0.56;212.16;3.91;820;13;876.00;8
1840;13;626537534;1840;234;2659;2666;9.07;0.56;212.41;3.92;819;13;877.00;7
1847;13;626537545;1847;232;2661;2666;9.05;0.56;213.02;3.92;814;13;878.00;5
1852;13;626537558;1852;237;2664;2670;9.00;0.55;213.06;3.92;812;13;879.00;6
1856;13;626537571;1856;235;2666;2670;8.97;0.55;213.18;3.93;810;13;880.00;4
1865;13;626537583;1865;235;2667;2670;8.99;0.55;213.28;3.93;802;13;881.00;3
1869;13;626537596;1869;237;2670;2673;9.09;0.56;213.42;3.93;801;13;882.00;3
1873;13;626537608;1873;235;2671;2673;9.14;0.56;213.81;3.93;798;13;883.00;2
1877;13;626537620;1877;233;2672;2673;9.16;0.56;213.79;3.93;795;13;884.00;1
1886;13;626537633;1886;235;2676;2677;9.14;0.56;213.58;3.93;790;13;885.00;1
1888;13;626537646;1888;240;2677;2678;9.22;0.56;213.57;3.93;789;13;886.00;1
1894;13;626537659;1894;244;2677;2678;9.28;0.57;213.77;3.93;783;13;887.00;1
1896;13;626537671;1896;234;2681;2682;9.38;0.57;213.77;3.92;785;13;888.00;1
1901;13;626537684;1901;235;2681;2682;9.44;0.58;213.87;3.92;780;13;889.00;1
1906;13;626537696;1906;235;2681;2682;9.44;0.58;213.91;3.92;775;13;890.00;1
1910;13;626537708;1910;236;2682;2683;9.49;0.58;213.93;3.92;772;13;891.00;1
1914;13;626537719;1914;239;2682;2683;9.48;0.58;214.18;3.92;768;13;892.00;1
1919;13;626537732;1919;243;2687;2689;9.39;0.57;214.49;3.91;768;13;893.00;2
1923;13;626537744;1923;244;2687;2689;9.30;0.57;214.70;3.91;764;13;894.00;2
1926;13;626537757;1926;248;2689;2690;9.22;0.56;214.87;3.91;763;13;895.00;1
1933;13;626537769;1933;251;2690;2690;9.05;0.55;215.17;3.92;757;13;896.00;0
1936;13;626537781;1936;241;2690;2690;8.97;0.55;215.24;3.92;754;13;897.00;0
1940;13;626537802;1940;237;2690;2690;8.89;0.54;215.40;3.92;750;13;898.00;0
1946;13;626537828;1946;236;2690;2690;8.85;0.54;215.82;3.92;744;13;899.00;0
1947;13;626537843;1947;238;2718;2736;8.77;0.54;215.84;3.88;771;13;900.00;18
1950;13;626537866;1950;224;2718;2736;8.80;0.54;215.97;3.88;768;13;901.00;18
1951;13;626537879;1951;218;2720;2736;8.91;0.55;216.08;3.88;769;13;902.00;16
1956;13;626537899;1956;215;2720;2736;8.96;0.55;216.52;3.88;764;13;903.00;16
1958;13;626537923;1958;211;2721;2736;8.99;0.55;216.72;3.88;763;13;904.00;15
1962;13;626537935;1962;208;2721;2736;9.00;0.55;216.72;3.88;759;13;905.00;15
1963;13;626537952;1963;196;2727;2740;8.97;0.55;216.78;3.88;764;13;906.00;13
1964;13;626537964;1964;188;2728;2740;9.00;0.55;216.90;3.88;764;13;907.00;12
1966;13;626537977;1966;184;2732;2744;9.03;0.56;217.16;3.88;766;13;908.00;12
1966;13;626537989;1966;182;2733;2745;9.09;0.56;217.16;3.88;767;13;909.00;12
1969;13;626538000;1969;184;2734;2745;9.08;0.56;217.23;3.88;765;13;910.00;11
1973;13;626538012;1973;175;2735;2745;9.02;0.55;217.30;3.88;762;13;911.00;10
1975;13;626538032;1975;175;2744;2758;9.07;0.56;217.42;3.87;769;13;912.00;14
1979;13;626538046;1979;177;2744;2758;9.09;0.56;217.50;3.87;765;13;913.00;14
1980;13;626538066;1980;188;2746;2758;9.07;0.56;217.56;3.88;766;13;914.00;12
1987;13;626538077;1987;195;2748;2759;9.05;0.55;217.62;3.88;761;13;915.00;11
1990;13;626538089;1990;198;2748;2760;9.02;0.55;217.67;3.88;758;13;916.00;12
1992;13;626538102;1992;196;2748;2760;9.00;0.55;217.58;3.88;756;13;917.00;12
1995;13;626538113;1995;194;2750;2763;9.01;0.55;217.69;3.88;755;13;918.00;13
1996;13;626538125;1996;193;2750;2763;9.08;0.56;217.68;3.88;754;13;919.00;13
2001;13;626538136;2001;194;2751;2763;9.08;0.55;217.76;3.88;750;13;920.00;12
2005;13;626538147;2005;184;2752;2763;9.07;0.55;217.71;3.89;747;13;921.00;11
2006;13;626538157;2006;179;2755;2769;9.16;0.56;217.71;3.89;749;13;922.00;14
2010;13;626538168;2010;175;2755;2769;9.20;0.56;217.81;3.89;745;13;923.00;14
2012;13;626538178;2012;170;2755;2769;9.26;0.56;217.91;3.89;743;13;924.00;14
2013;13;626538189;2013;169;2755;2769;9.26;0.56;217.85;3.89;742;13;925.00;14
2013;13;626538198;2013;164;2758;2773;9.27;0.56;217.85;3.88;745;13;926.00;15
2017;13;626538208;2017;168;2762;2774;9.32;0.57;217.83;3.90;745;13;927.00;12
2019;13;626538219;2019;172;2762;2774;9.35;0.57;217.81;3.90;743;13;928.00;12
2022;13;626538229;2022;179;2765;2775;9.33;0.57;217.65;3.92;743;13;929.00;10
2022;13;626538241;2022;180;2765;2775;9.31;0.56;217.65;3.92;743;13;930.00;10
2024;14;626538250;2024;187;2766;2775;9.29;0.56;217.74;3.92;742;14;931.00;9
2024;14;626538275;2024;188;2767;2775;9.27;0.56;217.74;3.92;743;14;932.00;8
2025;14;626538285;2025;195;2768;2775;9.25;0.56;217.70;3.93;743;14;933.00;7
2027;14;626538294;2027;198;2768;2775;9.22;0.56;217.69;3.93;741;14;934.00;7
2027;14;626538304;2027;207;2769;2775;9.16;0.55;217.69;3.93;742;14;935.00;6
2028;14;626538314;2028;215;2805;2845;9.03;0.55;217.68;3.88;777;14;936.00;40
2032;14;626538329;2032;219;2810;2846;8.93;0.54;217.81;3.89;778;14;937.00;36
2034;14;626538339;2034;216;2815;2846;8.97;0.55;217.80;3.89;781;14;938.00;31
2036;14;626538349;2036;220;2819;2846;8.95;0.54;217.79;3.89;783;14;939.00;27
2037;14;626538359;2037;225;2822;2846;8.89;0.54;217.93;3.89;785;14;940.00;24
2037;14;626538369;2037;220;2826;2846;8.93;0.54;217.93;3.89;789;14;941.00;20
2038;14;626538378;2038;221;2828;2846;8.96;0.55;217.93;3.89;790;14;942.00;18
2038;14;626538389;2038;230;2830;2846;8.98;0.55;217.93;3.89;792;14;943.00;16
2039;14;626538399;2039;226;2833;2847;9.05;0.55;217.92;3.90;794;14;944.00;14
2043;14;626538409;2043;232;2836;2849;9.06;0.56;218.04;3.90;793;14;945.00;13
2046;14;626538419;2046;225;2838;2849;9.07;0.56;218.03;3.90;792;14;946.00;11
2047;14;626538430;2047;221;2841;2853;9.06;0.55;218.03;3.90;794;14;947.00;12
2054;14;626538440;2054;217;2841;2853;8.88;0.54;218.17;3.90;787;14;948.00;12
2055;14;626538450;2055;209;2841;2853;8.82;0.54;218.17;3.90;786;14;949.00;12
2058;14;626538459;2058;206;2841;2853;8.70;0.53;218.02;3.90;783;14;950.00;12
2063;14;626538468;2063;205;2844;2859;8.62;0.53;218.29;3.89;781;14;951.00;15
2064;14;626538479;2064;196;2844;2859;8.55;0.52;218.37;3.89;780;14;952.00;15
2067;14;626538488;2067;191;2846;2859;8.53;0.52;218.46;3.90;779;14;953.00;13
2073;14;626538497;2073;189;2848;2862;8.53;0.52;218.42;3.89;775;14;954.00;14
2080;14;626538507;2080;187;2851;2862;8.52;0.52;218.43;3.92;771;14;955.00;11
2083;14;626538517;2083;186;2851;2862;8.50;0.52;218.34;3.92;768;14;956.00;11
2087;14;626538526;2087;190;2851;2863;8.41;0.51;218.34;3.92;764;14;957.00;12
2093;14;626538536;2093;191;2852;2864;8.32;0.50;218.11;3.91;759;14;958.00;12
2096;14;626538546;2096;192;2852;2864;8.27;0.50;218.06;3.91;756;14;959.00;12
2099;14;626538556;2099;194;2869;2890;8.19;0.50;217.96;3.89;770;14;960.00;21
2099;14;626538568;2099;194;2869;2890;8.21;0.50;217.96;3.89;770;14;961.00;21
2102;14;626538578;2102;194;2871;2890;8.25;0.50;217.79;3.89;769;14;962.00;19
2102;14;626538587;2102;195;2873;2891;8.37;0.51;217.79;3.89;771;14;963.00;18
2103;14;626538603;2103;196;2873;2891;8.50;0.52;217.70;3.89;770;14;964.00;18
2105;14;626538611;2105;201;2875;2895;8.62;0.53;217.55;3.89;770;14;965.00;20
2108;14;626538621;2108;210;2876;2895;8.64;0.53;217.42;3.89;768;14;966.00;19
2109;14;626538630;2109;210;2879;2899;8.68;0.53;217.42;3.88;770;14;967.00;20
2109;14;626538640;2109;213;2879;2899;8.74;0.53;217.42;3.88;770;14;968.00;20
2110;14;626538650;2110;220;2879;2899;8.73;0.53;217.39;3.88;769;14;969.00;20
2113;14;626538658;2113;225;2881;2899;8.67;0.53;217.22;3.92;768;14;970.00;18
2114;14;626538668;2114;224;2881;2899;8.68;0.53;217.13;3.92;767;14;971.00;18
2116;14;626538677;2116;221;2895;2911;8.70;0.53;217.43;3.92;779;14;972.00;16
2118;14;626538687;2118;225;2896;2911;8.68;0.53;217.31;3.92;778;14;973.00;15
2120;14;626538696;2120;223;2896;2911;8.62;0.53;217.27;3.92;776;14;974.00;15
2121;14;626538706;2121;233;2897;2911;8.55;0.52;217.28;3.93;776;14;975.00;14
2125;14;626538715;2125;232;2898;2911;8.50;0.52;217.27;3.93;773;14;976.00;13
2125;14;626538724;2125;237;2898;2911;8.43;0.52;217.27;3.93;773;14;977.00;13
2128;14;626538734;2128;244;2899;2912;8.47;0.52;217.31;3.94;771;14;978.00;13
2129;14;626538744;2129;237;2899;2912;8.46;0.52;217.32;3.94;770;14;979.00;13
2132;14;626538754;2132;233;2905;2918;8.49;0.52;217.33;3.96;773;14;980.00;13
2134;14;626538765;2134;229;2907;2919;8.58;0.52;217.39;3.96;773;14;981.00;12
2138;14;626538775;2138;228;2907;2919;8.63;0.52;217.37;3.96;769;14;982.00;12
2141;14;626538785;2141;226;2909;2919;8.67;0.53;217.26;3.99;768;14;983.00;10
2143;14;626538795;2143;222;2912;2923;8.77;0.53;217.25;3.99;769;14;984.00;11
2144;14;626538805;2144;222;2913;2923;8.80;0.53;217.19;4.00;769;14;985.00;10
2146;14;626538815;2146;219;2914;2923;8.81;0.53;217.06;4.01;768;14;986.00;9
2146;14;626538825;2146;215;2916;2924;8.81;0.53;217.06;4.02;770;14;987.00;8
2146;14;626538840;2146;220;2921;2928;8.78;0.53;217.06;4.03;775;14;988.00;7
2147;14;626538857;2147;218;2921;2928;8.79;0.54;217.01;4.03;774;14;989.00;7
2148;14;626538870;2148;219;2925;2934;8.82;0.54;216.93;4.04;777;14;990.00;9
2149;14;626538882;2149;221;2928;2934;8.82;0.54;216.84;4.05;779;14;991.00;6
2153;14;626538897;2153;222;2930;2934;8.80;0.54;216.77;4.06;777;14;992.00;4
2154;14;626538916;2154;221;2930;2934;8.78;0.53;216.79;4.06;776;14;993.00;4
2155;14;626538927;2155;228;2935;2938;8.73;0.53;216.81;4.06;780;14;994.00;3
2157;14;626538937;2157;232;2937;2938;8.70;0.53;216.88;4.06;780;14;995.00;1
2158;14;626538947;2158;229;2937;2938;8.65;0.53;216.84;4.06;779;14;996.00;1
2159;14;626538957;2159;236;2938;2938;8.59;0.52;216.83;4.06;779;14;997.00;0
2160;14;626538965;2160;231;2939;2939;8.41;0.51;216.86;4.06;779;14;998.00;0
2161;14;626538976;2161;233;2940;2940;8.33;0.51;216.90;4.06;779;14;999.00;0
2163;14;626538987;2163;231;2940;2940;8.22;0.50;216.79;4.06;777;14;1000.00;0
2164;14;626538999;2164;232;2941;2941;8.18;0.50;216.82;4.06;777;14;1001.00;0
2168;14;626539009;2168;237;2941;2941;8.15;0.50;216.86;4.06;773;14;1002.00;0
2169;14;626539018;2169;236;2941;2941;8.07;0.49;216.97;4.06;772;14;1003.00;0
2172;14;626539027;2172;235;2941;2941;8.10;0.49;216.99;4.06;769;14;1004.00;0
2172;14;626539042;2172;234;2941;2941;8.19;0.50;216.99;4.06;769;14;1005.00;0
2172;14;626539050;2172;232;2941;2941;8.26;0.51;216.99;4.06;769;14;1006.00;0
2172;14;626539059;2172;235;2941;2941;8.36;0.51;216.99;4.06;769;14;1007.00;0
2176;14;626539068;2176;257;3015;3068;8.50;0.53;217.14;3.96;839;14;1008.00;53
2181;14;626539088;2181;244;3021;3069;8.58;0.53;217.37;3.96;840;14;1009.00;48
2184;14;626539103;2184;240;3027;3069;8.68;0.54;217.47;3.95;843;14;1010.00;42
2186;14;626539119;2186;235;3032;3069;8.68;0.54;217.58;3.95;846;14;1011.00;37
2191;14;626539133;2191;237;3034;3069;8.64;0.53;217.68;3.95;843;14;1012.00;35
2194;14;626539151;2194;236;3039;3069;8.60;0.53;217.82;3.95;845;14;1013.00;30
2199;14;626539168;2199;241;3041;3069;8.47;0.52;217.93;3.95;842;14;1014.00;28
2201;14;626539182;2201;244;3044;3069;8.50;0.52;217.88;3.96;843;14;1015.00;25
2208;14;626539197;2208;251;3048;3070;8.51;0.52;217.98;3.96;840;14;1016.00;22
2212;14;626539212;2212;260;3049;3071;8.41;0.52;217.97;3.96;837;14;1017.00;22
2214;14;626539226;2214;263;3054;3071;8.38;0.52;218.15;3.97;840;14;1018.00;17
2219;14;626539237;2219;275;3056;3072;8.19;0.50;218.29;3.98;837;14;1019.00;16
2225;14;626539251;2225;264;3061;3072;8.00;0.49;218.64;3.99;836;14;1020.00;11
2229;14;626539262;2229;266;3063;3072;7.84;0.48;218.77;3.99;834;14;1021.00;9
2234;14;626539274;2234;261;3065;3072;7.76;0.48;219.12;4.00;831;14;1022.00;7
2239;14;626539285;2239;262;3068;3076;7.75;0.48;219.71;4.00;829;14;1023.00;8
2240;14;626539298;2240;265;3071;3076;7.79;0.48;219.65;4.01;831;14;1024.00;5
2244;14;626539309;2244;268;3073;3076;7.81;0.48;219.95;4.02;829;14;1025.00;3
2250;14;626539320;2250;270;3074;3079;7.79;0.48;220.37;4.02;824;14;1026.00;5
2251;14;626539340;2251;257;3076;3079;7.85;0.48;220.44;4.02;825;14;1027.00;3
2254;14;626539352;2254;250;3077;3079;7.88;0.48;220.85;4.02;823;14;1028.00;2
2255;14;626539365;2255;243;3081;3083;7.86;0.48;220.92;4.02;826;14;1029.00;2
2258;14;626539379;2258;238;3083;3084;7.96;0.49;221.19;4.02;825;14;1030.00;1
2264;14;626539391;2264;230;3084;3084;8.02;0.49;221.83;4.02;820;14;1031.00;0
2267;14;626539404;2267;228;3088;3088;8.21;0.50;221.84;4.01;821;14;1032.00;0
2272;14;626539418;2272;234;3088;3088;8.33;0.51;222.11;4.01;816;14;1033.00;0
2278;14;626539431;2278;231;3088;3088;8.40;0.51;222.28;4.01;810;14;1034.00;0
2282;14;626539445;2282;225;3090;3090;8.49;0.52;222.30;4.01;808;14;1035.00;0
2287;14;626539457;2287;227;3090;3090;8.55;0.52;222.56;4.01;803;14;1036.00;0
2289;14;626539470;2289;225;3095;3096;8.68;0.53;222.64;4.00;806;14;1037.00;1
2295;14;626539482;2295;226;3095;3096;8.74;0.53;222.80;4.00;800;14;1038.00;1
2301;14;626539495;2301;219;3097;3097;8.81;0.54;223.11;4.00;796;14;1039.00;0
2304;14;626539508;2304;217;3097;3097;8.86;0.54;223.12;4.00;793;14;1040.00;0
2311;14;626539520;2311;216;3097;3097;8.88;0.54;223.51;4.00;786;14;1041.00;0
2314;14;626539532;2314;218;3097;3097;8.91;0.54;223.74;4.00;783;14;1042.00;0
2317;14;626539550;2317;219;3097;3097;8.91;0.54;224.08;4.00;780;14;1043.00;0
2320;14;626539561;2320;216;3107;3109;9.00;0.55;224.30;3.99;787;14;1044.00;2
2326;14;626539574;2326;217;3108;3109;9.01;0.55;224.53;3.99;782;14;1045.00;1
2332;14;626539586;2332;209;3109;3109;9.02;0.55;224.55;3.99;777;14;1046.00;0
2337;14;626539600;2337;206;3109;3109;9.09;0.56;224.64;3.99;772;14;1047.00;0
2340;14;626539613;2340;201;3109;3109;9.14;0.56;224.66;3.99;769;14;1048.00;0
2344;14;626539625;2344;200;3109;3109;9.18;0.56;224.82;3.99;765;14;1049.00;0
2348;14;626539647;2348;206;3115;3115;9.22;0.56;225.06;3.98;767;14;1050.00;0
2353;14;626539661;2353;204;3115;3115;9.27;0.57;225.17;3.98;762;14;1051.00;0
2358;14;626539672;2358;206;3118;3119;9.35;0.57;225.34;3.98;760;14;1052.00;1
2359;14;626539685;2359;204;3120;3120;9.42;0.57;225.35;3.98;761;14;1053.00;0
2366;14;626539702;2366;201;3120;3120;9.33;0.57;225.54;3.98;754;14;1054.00;0
2370;14;626539714;2370;200;3120;3120;9.28;0.57;225.65;3.98;750;14;1055.00;0
2371;14;626539726;2371;200;3133;3133;9.19;0.56;225.70;3.96;762;14;1056.00;0
2376;14;626539739;2376;203;3133;3133;9.17;0.56;225.84;3.96;757;14;1057.00;0
2380;14;626539750;2380;201;3133;3133;9.18;0.56;225.90;3.96;753;14;1058.00;0
2382;14;626539762;2382;203;3134;3134;9.28;0.57;225.87;3.96;752;14;1059.00;0
2386;14;626539773;2386;198;3135;3135;9.32;0.57;226.06;3.96;749;14;1060.00;0
2391;14;626539785;2391;202;3135;3135;9.35;0.57;226.44;3.96;744;14;1061.00;0
2393;14;626539796;2393;205;3137;3138;9.35;0.57;226.51;3.96;744;14;1062.00;1
2395;14;626539808;2395;210;3137;3138;9.36;0.57;226.57;3.96;742;14;1063.00;1
2398;14;626539820;2398;215;3138;3138;9.34;0.57;226.72;3.96;740;14;1064.00;0
2402;14;626539831;2402;223;3138;3138;9.26;0.57;226.91;3.96;736;14;1065.00;0
2409;14;626539843;2409;227;3143;3144;9.10;0.56;226.89;3.95;734;14;1066.00;1
2414;14;626539855;2414;220;3143;3144;9.01;0.55;226.83;3.95;729;14;1067.00;1
2416;14;626539867;2416;220;3144;3144;8.94;0.54;226.89;3.95;728;14;1068.00;0
2420;14;626539879;2420;217;3144;3144;8.83;0.54;226.86;3.95;724;14;1069.00;0
2423;14;626539890;2423;218;3148;3148;8.82;0.54;226.88;3.95;725;14;1070.00;0
2427;14;626539901;2427;219;3149;3149;8.81;0.53;226.78;3.95;722;14;1071.00;0
2430;14;626539913;2430;220;3149;3149;8.79;0.53;226.86;3.95;719;14;1072.00;0
2433;14;626539924;2433;224;3150;3150;8.84;0.54;227.08;3.94;717;14;1073.00;0
2439;14;626539935;2439;220;3150;3150;8.83;0.54;227.19;3.94;711;14;1074.00;0
2441;14;626539948;2441;222;3150;3150;8.88;0.54;227.13;3.94;709;14;1075.00;0
2444;14;626539958;2444;213;3150;3150;8.88;0.54;227.12;3.94;706;14;1076.00;0
2446;14;626539970;2446;201;3150;3150;8.92;0.54;227.19;3.94;704;14;1077.00;0
2448;14;626539982;2448;196;3150;3150;9.04;0.55;227.34;3.94;702;14;1078.00;0
2452;14;626539992;2452;186;3150;3150;9.09;0.55;227.38;3.94;698;14;1079.00;0
2452;14;626540005;2452;209;3228;3275;8.97;0.55;227.38;3.85;776;14;1080.00;47
2454;14;626540027;2454;196;3233;3276;8.98;0.55;227.55;3.84;779;14;1081.00;43
2457;15;626540039;2457;179;3238;3276;9.08;0.56;227.55;3.84;781;15;1082.00;38
2460;15;626540068;2460;176;3242;3276;9.13;0.56;227.62;3.84;782;15;1083.00;34
2462;15;626540081;2462;169;3246;3276;9.16;0.56;227.73;3.84;784;15;1084.00;30
2463;15;626540093;2463;178;3248;3276;9.21;0.57;227.68;3.84;785;15;1085.00;28
2466;15;626540105;2466;179;3252;3276;9.29;0.57;227.69;3.84;786;15;1086.00;24
2471;15;626540117;2471;176;3253;3276;9.24;0.57;227.78;3.85;782;15;1087.00;23
2473;15;626540129;2473;175;3256;3277;9.22;0.57;227.71;3.85;783;15;1088.00;21
2475;15;626540149;2475;177;3258;3278;9.14;0.56;227.76;3.85;783;15;1089.00;20
2477;15;626540161;2477;174;3260;3278;9.06;0.56;227.87;3.85;783;15;1090.00;18
2479;15;626540172;2479;172;3265;3282;9.05;0.56;228.01;3.85;786;15;1091.00;17
2480;15;626540184;2480;172;3266;3282;8.99;0.55;227.95;3.85;786;15;1092.00;16
2481;15;626540195;2481;175;3266;3282;8.90;0.55;228.00;3.85;785;15;1093.00;16
2484;15;626540211;2484;183;3267;3282;8.86;0.54;227.98;3.86;783;15;1094.00;15
2484;15;626540222;2484;187;3271;3288;8.89;0.55;227.98;3.86;787;15;1095.00;17
2488;15;626540233;2488;192;3272;3288;8.93;0.55;227.90;3.86;784;15;1096.00;16
2488;15;626540243;2488;201;3272;3288;8.99;0.55;227.90;3.86;784;15;1097.00;16
2492;15;626540259;2492;214;3276;3291;8.95;0.55;227.85;3.85;784;15;1098.00;15
2492;16;626540275;2492;215;3276;3291;8.94;0.55;227.85;3.85;784;16;1099.00;15
2493;16;626540295;2493;219;3276;3291;8.94;0.55;227.89;3.85;783;16;1100.00;15
2496;16;626540315;2496;219;3276;3292;8.88;0.54;227.87;3.85;780;16;1101.00;16
2500;16;626540331;2500;222;3277;3293;8.83;0.54;227.73;3.85;777;16;1102.00;16
2500;16;626540342;2500;230;3278;3293;8.84;0.54;227.73;3.86;778;16;1103.00;15
2503;16;626540353;2503;234;3288;3306;8.82;0.54;227.78;3.85;785;16;1104.00;18
2505;16;626540371;2505;231;3288;3306;8.78;0.54;227.73;3.85;783;16;1105.00;18
2507;16;626540387;2507;239;3288;3306;8.76;0.54;227.68;3.85;781;16;1106.00;18
2509;16;626540397;2509;242;3289;3307;8.75;0.53;227.61;3.84;780;16;1107.00;18
2512;16;626540406;2512;248;3289;3307;8.70;0.53;227.54;3.84;777;16;1108.00;18
2512;16;626540416;2512;249;3292;3311;8.68;0.53;227.54;3.84;780;16;1109.00;19
2514;16;626540427;2514;260;3292;3311;8.64;0.53;227.60;3.84;778;16;1110.00;19
2518;16;626540437;2518;258;3296;3315;8.65;0.53;227.42;3.84;778;16;1111.00;19
2523;16;626540446;2523;256;3296;3315;8.66;0.53;227.33;3.84;773;16;1112.00;19
2525;16;626540456;2525;247;3296;3315;8.70;0.53;227.29;3.84;771;16;1113.00;19
2529;16;626540465;2529;242;3296;3315;8.65;0.53;227.19;3.84;767;16;1114.00;19
2531;16;626540475;2531;241;3296;3315;8.69;0.53;227.12;3.84;765;16;1115.00;19
2535;16;626540485;2535;238;3306;3327;8.74;0.53;227.06;3.83;771;16;1116.00;21
2537;16;626540495;2537;241;3306;3327;8.72;0.53;226.99;3.83;769;16;1117.00;21
2539;16;626540504;2539;239;3307;3327;8.75;0.53;226.97;3.83;768;16;1118.00;20
2541;16;626540513;2541;233;3308;3327;8.74;0.53;226.99;3.84;767;16;1119.00;19
2545;16;626540522;2545;233;3308;3327;8.67;0.53;227.10;3.84;763;16;1120.00;19
2547;16;626540531;2547;228;3308;3327;8.60;0.52;227.04;3.84;761;16;1121.00;19
2550;16;626540540;2550;221;3309;3328;8.53;0.52;227.13;3.85;759;16;1122.00;19
2552;16;626540548;2552;223;3310;3328;8.49;0.52;227.15;3.85;758;16;1123.00;18
2554;16;626540557;2554;221;3314;3334;8.44;0.51;227.19;3.85;760;16;1124.00;20
2559;16;626540572;2559;217;3319;3336;8.29;0.51;227.21;3.88;760;16;1125.00;17
2561;16;626540581;2561;215;3320;3336;8.24;0.50;227.20;3.88;759;16;1126.00;16
2562;16;626540590;2562;215;3321;3336;8.20;0.50;227.27;3.89;759;16;1127.00;15
2564;16;626540599;2564;219;3324;3340;8.16;0.50;227.24;3.89;760;16;1128.00;16
2566;16;626540608;2566;220;3325;3340;8.15;0.50;227.19;3.90;759;16;1129.00;15
2566;16;626540617;2566;226;3325;3340;8.22;0.50;227.19;3.90;759;16;1130.00;15
2569;16;626540625;2569;209;3327;3341;8.20;0.50;227.01;3.91;758;16;1131.00;14
2570;16;626540634;2570;203;3330;3345;8.21;0.50;227.05;3.91;760;16;1132.00;15
2570;16;626540644;2570;198;3331;3345;8.27;0.50;227.05;3.93;761;16;1133.00;14
2572;16;626540652;2572;189;3333;3348;8.40;0.51;227.25;3.92;761;16;1134.00;15
2573;16;626540662;2573;186;3335;3348;8.55;0.52;227.23;3.94;762;16;1135.00;13
2574;16;626540671;2574;180;3335;3348;8.71;0.53;227.17;3.94;761;16;1136.00;13
2576;16;626540680;2576;172;3335;3348;8.86;0.54;227.11;3.94;759;16;1137.00;13
2578;16;626540690;2578;168;3339;3352;9.00;0.55;227.08;3.95;761;16;1138.00;13
2581;16;626540699;2581;163;3339;3352;9.12;0.55;227.02;3.95;758;16;1139.00;13
2582;16;626540711;2582;155;3340;3352;9.24;0.56;226.98;3.95;758;16;1140.00;12
2583;16;626540733;2583;157;3341;3352;9.32;0.56;226.94;3.97;758;16;1141.00;11
2585;16;626540742;2585;157;3341;3353;9.39;0.57;226.89;3.97;756;16;1142.00;12
2587;16;626540759;2587;156;3342;3354;9.42;0.57;226.84;3.97;755;16;1143.00;12
2589;16;626540769;2589;153;3342;3354;9.41;0.57;226.77;3.97;753;16;1144.00;12
2590;16;626540784;2590;156;3343;3355;9.45;0.57;226.76;3.97;753;16;1145.00;12
2590;16;626540794;2590;153;3343;3355;9.59;0.58;226.76;3.97;753;16;1146.00;12
2591;16;626540810;2591;159;3343;3355;9.68;0.59;226.76;3.97;752;16;1147.00;12
2594;16;626540819;2594;164;3343;3355;9.79;0.59;226.78;3.97;749;16;1148.00;12
2596;16;626540829;2596;165;3344;3355;9.89;0.60;226.75;3.98;748;16;1149.00;11
2597;16;626540840;2597;169;3345;3355;9.96;0.60;226.77;4.00;748;16;1150.00;10
2597;16;626540849;2597;173;3345;3355;10.03;0.61;226.77;4.00;748;16;1151.00;10
2599;16;626540859;2599;188;3410;3482;10.02;0.61;226.75;3.96;811;16;1152.00;72
2599;16;626540878;2599;180;3411;3483;9.98;0.61;226.75;3.96;812;16;1153.00;72
2601;16;626540889;2601;174;3423;3483;10.08;0.62;226.90;3.97;822;16;1154.00;60
2604;16;626540899;2604;175;3428;3483;10.09;0.62;227.05;3.97;824;16;1155.00;55
2608;16;626540910;2608;177;3436;3483;10.11;0.62;227.04;3.98;828;16;1156.00;47
2611;16;626540920;2611;170;3441;3483;10.09;0.62;226.95;3.99;830;16;1157.00;42
2613;16;626540931;2613;170;3448;3483;10.01;0.61;226.93;4.01;835;16;1158.00;35
2614;16;626540947;2614;171;3453;3483;9.92;0.61;226.85;4.02;839;16;1159.00;30
2617;16;626540958;2617;178;3460;3484;9.81;0.60;226.71;4.04;843;16;1160.00;24
2618;16;626540969;2618;182;3462;3485;9.75;0.60;226.66;4.04;844;16;1161.00;23
2620;16;626540980;2620;183;3465;3485;9.65;0.59;226.73;4.05;845;16;1162.00;20
2624;16;626540992;2624;188;3467;3486;9.55;0.59;226.95;4.05;843;16;1163.00;19
2625;16;626541003;2625;194;3470;3486;9.43;0.58;227.05;4.06;845;16;1164.00;16
2626;16;626541018;2626;205;3470;3486;9.24;0.57;227.19;4.06;844;16;1165.00;16
2630;16;626541028;2630;214;3473;3486;9.03;0.56;227.46;4.07;843;16;1166.00;13
2631;16;626541044;2631;224;3477;3490;8.91;0.55;227.56;4.07;846;16;1167.00;13
2632;16;626541054;2632;225;3479;3490;8.81;0.54;227.58;4.08;847;16;1168.00;11
2635;16;626541064;2635;225;3481;3490;8.70;0.54;227.76;4.09;846;16;1169.00;9
2640;16;626541082;2640;227;3485;3496;8.58;0.53;227.89;4.09;845;16;1170.00;11
2641;16;626541095;2641;234;3488;3496;8.54;0.53;227.97;4.10;847;16;1171.00;8
2643;16;626541119;2643;237;3490;3496;8.50;0.52;228.16;4.10;847;16;1172.00;6
2646;17;626541135;2646;241;3494;3500;8.39;0.52;228.39;4.10;848;17;1173.00;6
2647;17;626541168;2647;243;3496;3501;8.42;0.52;228.37;4.10;849;17;1174.00;5
2651;17;626541186;2651;241;3496;3501;8.41;0.52;228.50;4.10;845;17;1175.00;5
2652;17;626541202;2652;242;3501;3505;8.46;0.52;228.58;4.09;849;17;1176.00;4
2655;17;626541216;2655;237;3502;3505;8.50;0.52;228.73;4.09;847;17;1177.00;3
2658;17;626541236;2658;243;3502;3505;8.47;0.52;228.88;4.09;844;17;1178.00;3
2662;17;626541249;2662;241;3504;3506;8.48;0.52;229.09;4.09;842;17;1179.00;2
2668;17;626541265;2668;242;3504;3506;8.41;0.51;229.06;4.09;836;17;1180.00;2
2671;17;626541277;2671;249;3509;3512;8.33;0.51;229.20;4.09;838;17;1181.00;3
2676;17;626541290;2676;250;3509;3512;8.19;0.50;229.36;4.09;833;17;1182.00;3
2676;17;626541301;2676;254;3511;3513;8.06;0.49;229.36;4.09;835;17;1183.00;2
2684;17;626541313;2684;261;3511;3513;8.01;0.49;229.82;4.09;827;17;1184.00;2
2689;17;626541325;2689;265;3511;3513;7.96;0.49;230.01;4.09;822;17;1185.00;2
2695;17;626541335;2695;268;3511;3513;7.94;0.48;229.80;4.09;816;17;1186.00;2
2698;17;626541346;2698;265;3511;3513;7.90;0.48;229.84;4.09;813;17;1187.00;2
2706;17;626541356;2706;264;3522;3525;7.82;0.48;230.08;4.07;816;17;1188.00;3
2708;17;626541367;2708;263;3522;3525;7.76;0.47;230.15;4.07;814;17;1189.00;3
2716;17;626541377;2716;255;3523;3525;7.60;0.46;230.46;4.07;807;17;1190.00;2
2721;17;626541388;2721;249;3523;3525;7.52;0.46;230.63;4.07;802;17;1191.00;2
2722;17;626541398;2722;245;3523;3525;7.52;0.46;230.72;4.07;801;17;1192.00;2
2724;17;626541408;2724;246;3523;3525;7.56;0.46;230.84;4.07;799;17;1193.00;2
2729;17;626541419;2729;247;3527;3529;7.53;0.46;230.83;4.07;798;17;1194.00;2
2730;17;626541430;2730;241;3527;3529;7.56;0.46;230.89;4.07;797;17;1195.00;2
2733;17;626541441;2733;236;3530;3533;7.67;0.47;231.17;4.07;797;17;1196.00;3
2737;17;626541453;2737;227;3531;3534;7.69;0.47;231.20;4.07;794;17;1197.00;3
2738;17;626541466;2738;217;3532;3534;7.82;0.48;231.23;4.07;794;17;1198.00;2
2743;17;626541478;2743;215;3532;3534;7.92;0.49;231.31;4.07;789;17;1199.00;2
2747;17;626541491;2747;215;3555;3575;7.97;0.49;231.47;4.04;808;17;1200.00;20
2750;17;626541517;2750;211;3557;3575;8.08;0.49;231.60;4.04;807;17;1201.00;18
2754;17;626541528;2754;205;3559;3575;8.08;0.49;231.82;4.04;805;17;1202.00;16
2759;17;626541540;2759;201;3561;3576;8.13;0.50;231.75;4.04;802;17;1203.00;15
2762;17;626541562;2762;195;3564;3577;8.23;0.50;231.97;4.03;802;17;1204.00;13
2765;17;626541577;2765;190;3565;3577;8.35;0.51;232.02;4.03;800;17;1205.00;12
2771;17;626541588;2771;195;3569;3580;8.32;0.51;232.06;4.03;798;17;1206.00;11
2775;17;626541602;2775;193;3569;3580;8.42;0.51;232.26;4.03;794;17;1207.00;11
2778;17;626541614;2778;197;3570;3580;8.53;0.52;232.27;4.03;792;17;1208.00;10
2784;17;626541626;2784;192;3571;3580;8.60;0.52;232.47;4.03;787;17;1209.00;9
2788;17;626541637;2788;190;3577;3586;8.67;0.53;232.72;4.03;789;17;1210.00;9
2791;17;626541650;2791;191;3578;3586;8.66;0.53;232.75;4.03;787;17;1211.00;8
2795;17;626541662;2795;187;3578;3586;8.66;0.53;232.85;4.03;783;17;1212.00;8
2798;17;626541673;2798;188;3578;3586;8.67;0.53;232.99;4.03;780;17;1213.00;8
2804;17;626541690;2804;190;3582;3590;8.72;0.53;233.01;4.03;778;17;1214.00;8
2809;17;626541702;2809;184;3584;3592;8.83;0.54;233.07;4.03;775;17;1215.00;8
2811;17;626541714;2811;185;3584;3592;8.89;0.54;233.07;4.03;773;17;1216.00;8
2816;17;626541725;2816;186;3586;3593;8.89;0.54;233.19;4.03;770;17;1217.00;7
2822;17;626541737;2822;190;3586;3593;8.91;0.54;233.61;4.03;764;17;1218.00;7
2825;17;626541748;2825;190;3586;3593;8.99;0.55;233.78;4.03;761;17;1219.00;7
2834;17;626541760;2834;195;3586;3593;8.97;0.55;234.08;4.03;752;17;1220.00;7
2836;17;626541772;2836;199;3586;3593;8.95;0.55;234.13;4.03;750;17;1221.00;7
2844;17;626541783;2844;205;3586;3593;8.92;0.54;234.35;4.03;742;17;1222.00;7
2850;17;626541794;2850;213;3587;3593;8.87;0.54;234.45;4.03;737;17;1223.00;6
2854;17;626541806;2854;226;3627;3663;8.77;0.54;234.44;3.99;773;17;1224.00;36
2860;17;626541823;2860;217;3628;3664;8.77;0.54;234.55;3.99;768;17;1225.00;36
2865;17;626541835;2865;212;3633;3664;8.79;0.54;234.65;4.01;768;17;1226.00;31
2870;17;626541848;2870;217;3636;3664;8.82;0.54;234.77;4.00;766;17;1227.00;28
2875;17;626541860;2875;220;3641;3666;8.83;0.54;234.82;4.01;766;17;1228.00;25
2876;17;626541872;2876;221;3644;3666;8.82;0.54;234.86;4.01;768;17;1229.00;22
2879;17;626541885;2879;225;3647;3666;8.79;0.54;235.02;4.01;768;17;1230.00;19
2882;17;626541896;2882;229;3649;3666;8.72;0.53;235.19;4.02;767;17;1231.00;17
2887;17;626541906;2887;242;3653;3667;8.58;0.52;235.29;4.02;766;17;1232.00;14
2892;17;626541917;2892;254;3658;3668;8.42;0.51;235.30;4.03;766;17;1233.00;10
2893;17;626541929;2893;261;3660;3668;8.32;0.51;235.37;4.03;767;17;1234.00;8
2896;17;626541947;2896;271;3663;3672;8.18;0.50;235.23;4.03;767;17;1235.00;9
2898;17;626541957;2898;277;3665;3672;8.02;0.49;235.25;4.03;767;17;1236.00;7
2901;17;626541975;2901;271;3667;3672;8.00;0.49;235.37;4.04;766;17;1237.00;5
2903;17;626541987;2903;268;3667;3672;7.97;0.49;235.34;4.04;764;17;1238.00;5
2905;17;626541998;2905;264;3674;3678;8.05;0.49;235.44;4.03;769;17;1239.00;4
2910;17;626542010;2910;261;3674;3678;8.07;0.49;235.52;4.03;764;17;1240.00;4
2912;17;626542022;2912;257;3674;3678;8.13;0.50;235.58;4.03;762;17;1241.00;4
2914;17;626542034;2914;259;3678;3681;8.20;0.50;235.57;4.05;764;17;1242.00;3
2917;17;626542045;2917;255;3678;3681;8.20;0.50;235.67;4.05;761;17;1243.00;3
2920;17;626542057;2920;261;3678;3681;8.18;0.50;235.62;4.05;758;17;1244.00;3
2921;17;626542074;2921;271;3679;3682;8.15;0.50;235.55;4.05;758;17;1245.00;3
2923;17;626542093;2923;257;3680;3683;8.18;0.50;235.50;4.05;757;17;1246.00;3
2925;17;626542114;2925;241;3680;3683;8.17;0.50;235.38;4.05;755;17;1247.00;3
2926;17;626542127;2926;237;3692;3696;8.27;0.50;235.37;4.05;766;17;1248.00;4
2930;17;626542142;2930;223;3692;3696;8.14;0.49;235.32;4.05;762;17;1249.00;4
2931;17;626542154;2931;226;3692;3696;8.19;0.50;235.27;4.05;761;17;1250.00;4
2931;17;626542166;2931;226;3693;3697;8.31;0.51;235.27;4.05;762;17;1251.00;4
2931;17;626542177;2931;228;3693;3697;8.38;0.51;235.27;4.05;762;17;1252.00;4
2933;17;626542188;2933;229;3696;3701;8.46;0.51;235.20;4.05;763;17;1253.00;5
2935;17;626542198;2935;228;3696;3701;8.50;0.52;235.12;4.05;761;17;1254.00;5
2936;17;626542209;2936;233;3700;3705;8.49;0.52;235.10;4.04;764;17;1255.00;5
2938;17;626542220;2938;238;3700;3705;8.49;0.52;235.23;4.04;762;17;1256.00;5
2938;17;626542230;2938;234;3700;3705;8.49;0.52;235.23;4.04;762;17;1257.00;5
2941;17;626542240;2941;231;3700;3705;8.44;0.51;235.18;4.04;759;17;1258.00;5
2944;17;626542251;2944;234;3700;3705;8.43;0.51;235.06;4.04;756;17;1259.00;5
2946;17;626542263;2946;230;3721;3739;8.46;0.52;234.98;4.02;775;17;1260.00;18
2950;17;626542276;2950;227;3721;3739;8.53;0.52;234.85;4.02;771;17;1261.00;18
2952;17;626542286;2952;225;3723;3739;8.58;0.53;234.75;4.02;771;17;1262.00;16
2954;17;626542296;2954;219;3723;3739;8.51;0.52;234.72;4.02;769;17;1263.00;16
2956;17;626542306;2956;222;3726;3739;8.43;0.52;234.66;4.04;770;17;1264.00;13
2958;18;626542317;2958;231;3726;3739;8.34;0.51;234.59;4.04;768;18;1265.00;13
2959;18;626542337;2959;230;3727;3740;8.32;0.51;234.54;4.04;768;18;1266.00;13
2961;19;626542352;2961;227;3728;3740;8.25;0.51;234.53;4.04;767;19;1267.00;12
2964;19;626542373;2964;238;3732;3746;8.30;0.51;234.52;4.04;768;19;1268.00;14
2965;19;626542383;2965;243;3733;3747;8.33;0.51;234.51;4.04;768;19;1269.00;14
2966;19;626542393;2966;245;3735;3747;8.30;0.51;234.46;4.04;769;19;1270.00;12
2970;19;626542408;2970;248;3735;3747;8.15;0.50;234.30;4.04;765;19;1271.00;12
2971;19;626542428;2971;255;3738;3751;8.09;0.50;234.34;4.03;767;19;1272.00;13
2972;19;626542438;2972;259;3739;3751;7.98;0.49;234.32;4.03;767;19;1273.00;12
2972;19;626542447;2972;261;3739;3751;7.91;0.48;234.32;4.03;767;19;1274.00;12
2973;19;626542456;2973;268;3740;3752;7.84;0.48;234.27;4.03;767;19;1275.00;12
2976;19;626542466;2976;273;3743;3756;7.73;0.47;234.24;4.03;767;19;1276.00;13
2976;19;626542481;2976;279;3744;3756;7.69;0.47;234.24;4.04;768;19;1277.00;12
2977;19;626542490;2977;289;3746;3759;7.68;0.47;234.26;4.04;769;19;1278.00;13
2980;19;626542499;2980;294;3746;3759;7.60;0.47;234.40;4.04;766;19;1279.00;13
2982;19;626542508;2982;294;3747;3759;7.57;0.46;234.40;4.04;765;19;1280.00;12
2983;19;626542518;2983;287;3747;3759;7.53;0.46;234.41;4.04;764;19;1281.00;12
2983;19;626542527;2983;288;3750;3763;7.59;0.46;234.41;4.04;767;19;1282.00;13
2984;19;626542536;2984;272;3751;3763;7.59;0.46;234.40;4.04;767;19;1283.00;12
2986;19;626542546;2986;260;3752;3763;7.63;0.47;234.56;4.04;766;19;1284.00;11
2987;19;626542555;2987;247;3752;3763;7.69;0.47;234.61;4.04;765;19;1285.00;11
2990;19;626542564;2990;241;3752;3764;7.72;0.47;234.58;4.04;762;19;1286.00;12
2992;19;626542574;2992;231;3754;3765;7.77;0.48;234.56;4.05;762;19;1287.00;11
2995;19;626542583;2995;230;3754;3765;7.78;0.48;234.62;4.05;759;19;1288.00;11
2997;19;626542593;2997;215;3755;3766;7.88;0.48;234.59;4.05;758;19;1289.00;11
2998;19;626542604;2998;216;3755;3766;8.01;0.49;234.57;4.05;757;19;1290.00;11
3000;19;626542613;3000;202;3755;3766;8.14;0.50;234.51;4.05;755;19;1291.00;11
3003;19;626542622;3003;196;3755;3766;8.21;0.50;234.50;4.05;752;19;1292.00;11
3007;19;626542631;3007;182;3755;3766;8.29;0.50;234.50;4.05;748;19;1293.00;11
3008;19;626542640;3008;171;3756;3766;8.41;0.51;234.49;4.06;748;19;1294.00;10
3010;19;626542650;3010;158;3756;3766;8.49;0.52;234.44;4.06;746;19;1295.00;10
3014;19;626542659;3014;174;3819;3893;8.59;0.53;234.41;4.01;805;19;1296.00;74
3017;19;626542684;3017;160;3819;3894;8.65;0.53;234.35;4.01;802;19;1297.00;75
3021;19;626542694;3021;146;3828;3894;8.78;0.54;234.25;4.00;807;19;1298.00;66
3021;19;626542704;3021;144;3830;3894;8.86;0.54;234.25;4.00;809;19;1299.00;64
3022;19;626542714;3022;139;3835;3894;9.01;0.55;234.25;4.00;813;19;1300.00;59
3023;19;626542728;3023;130;3839;3894;9.14;0.56;234.22;4.00;816;19;1301.00;55
3023;19;626542739;3023;131;3844;3894;9.29;0.57;234.22;4.00;821;19;1302.00;50
3023;19;626542751;3023;130;3846;3894;9.37;0.57;234.22;4.01;823;19;1303.00;48
3026;19;626542762;3026;133;3849;3895;9.45;0.58;234.27;4.01;823;19;1304.00;46
3029;19;626542779;3029;133;3853;3897;9.50;0.58;234.26;4.01;824;19;1305.00;44
3031;19;626542791;3031;135;3856;3897;9.63;0.59;234.35;4.02;825;19;1306.00;41
3035;19;626542803;3035;142;3859;3898;9.67;0.59;234.26;4.02;824;19;1307.00;39
3039;19;626542815;3039;142;3862;3898;9.68;0.59;234.09;4.03;823;19;1308.00;36
3042;19;626542826;3042;140;3862;3898;9.67;0.59;234.01;4.03;820;19;1309.00;36
3046;19;626542838;3046;144;3866;3898;9.58;0.58;233.99;4.04;820;19;1310.00;32
3047;19;626542850;3047;142;3870;3902;9.55;0.58;233.96;4.04;823;19;1311.00;32
3050;19;626542867;3050;144;3873;3902;9.46;0.58;233.98;4.05;823;19;1312.00;29
3053;19;626542877;3053;148;3875;3902;9.41;0.57;234.09;4.06;822;19;1313.00;27
3055;19;626542888;3055;152;3878;3905;9.35;0.57;234.20;4.06;823;19;1314.00;27
3057;19;626542899;3057;153;3882;3905;9.29;0.56;234.38;4.08;825;19;1315.00;23
3058;19;626542916;3058;159;3886;3905;9.22;0.56;234.45;4.10;828;19;1316.00;19
3064;19;626542931;3064;163;3889;3909;9.15;0.56;234.40;4.10;825;19;1317.00;20
3067;19;626542942;3067;165;3892;3910;9.15;0.56;234.50;4.10;825;19;1318.00;18
3070;19;626542953;3070;172;3892;3910;9.08;0.55;234.52;4.10;822;19;1319.00;18
3073;19;626542965;3073;175;3899;3915;9.10;0.55;234.54;4.13;826;19;1320.00;16
3075;19;626542978;3075;180;3899;3915;9.16;0.56;234.59;4.13;824;19;1321.00;16
3077;19;626542989;3077;182;3899;3915;9.21;0.56;234.62;4.13;822;19;1322.00;16
3079;19;626543000;3079;182;3901;3916;9.26;0.56;234.72;4.14;822;19;1323.00;15
3082;19;626543011;3082;190;3902;3916;9.25;0.56;234.88;4.15;820;19;1324.00;14
3084;19;626543022;3084;194;3906;3922;9.27;0.56;234.92;4.15;822;19;1325.00;16
3086;19;626543034;3086;199;3909;3922;9.32;0.56;235.03;4.17;823;19;1326.00;13
3088;19;626543045;3088;203;3909;3923;9.38;0.57;235.24;4.17;821;19;1327.00;14
3089;19;626543056;3089;201;3910;3923;9.39;0.57;235.31;4.17;821;19;1328.00;13
3092;19;626543067;3092;202;3912;3923;9.25;0.56;235.50;4.19;820;19;1329.00;11
3094;19;626543078;3094;198;3913;3923;9.20;0.56;235.52;4.20;819;19;1330.00;10
3095;19;626543090;3095;200;3913;3923;9.11;0.55;235.62;4.20;818;19;1331.00;10
3098;19;626543105;3098;205;3924;3935;9.10;0.55;235.69;4.20;826;19;1332.00;11
3101;19;626543126;3101;202;3924;3935;9.03;0.55;235.61;4.20;823;19;1333.00;11
3103;19;626543144;3103;205;3926;3935;8.99;0.55;235.69;4.21;823;19;1334.00;9
3105;19;626543161;3105;212;3926;3935;8.90;0.54;235.75;4.21;821;19;1335.00;9
3107;19;626543187;3107;210;3926;3935;8.79;0.54;235.80;4.21;819;19;1336.00;9
3110;19;626543211;3110;212;3929;3935;8.71;0.53;235.98;4.24;819;19;1337.00;6
3112;19;626543226;3112;218;3932;3939;8.68;0.53;236.03;4.23;820;19;1338.00;7
3115;19;626543238;3115;212;3933;3939;8.66;0.53;236.21;4.24;818;19;1339.00;6
3121;19;626543250;3121;214;3936;3943;8.66;0.53;236.37;4.24;815;19;1340.00;7
3125;19;626543262;3125;214;3937;3944;8.63;0.53;236.49;4.24;812;19;1341.00;7
3128;19;626543274;3128;214;3941;3944;8.60;0.52;236.58;4.26;813;19;1342.00;3
3133;19;626543286;3133;215;3941;3944;8.58;0.52;236.66;4.26;808;19;1343.00;3
3135;19;626543297;3135;219;3951;3957;8.58;0.52;236.79;4.25;816;19;1344.00;6
3139;19;626543309;3139;217;3952;3957;8.57;0.52;236.79;4.25;813;19;1345.00;5
3140;19;626543321;3140;219;3954;3957;8.59;0.52;236.88;4.25;814;19;1346.00;3
3144;19;626543331;3144;217;3956;3958;8.60;0.52;236.99;4.25;812;19;1347.00;2
3146;19;626543343;3146;220;3956;3959;8.63;0.53;237.04;4.25;810;19;1348.00;3
3147;19;626543354;3147;222;3957;3959;8.61;0.53;237.00;4.25;810;19;1349.00;2
3152;19;626543372;3152;224;3961;3968;8.52;0.52;237.23;4.25;809;19;1350.00;7
3153;19;626543391;3153;228;3962;3968;8.51;0.52;237.32;4.25;809;19;1351.00;6
3157;19;626543401;3157;224;3964;3968;8.45;0.52;237.38;4.25;807;19;1352.00;4
3159;19;626543412;3159;237;3964;3968;8.41;0.51;237.47;4.25;805;19;1353.00;4
3163;19;626543422;3163;227;3969;3974;8.38;0.51;237.63;4.25;806;19;1354.00;5
3168;19;626543433;3168;230;3969;3974;8.25;0.50;237.66;4.25;801;19;1355.00;5
3172;19;626543443;3172;231;3970;3974;8.15;0.50;237.77;4.25;798;19;1356.00;4
3177;19;626543453;3177;235;3970;3974;7.96;0.49;238.23;4.25;793;19;1357.00;4
3179;19;626543463;3179;238;3976;3978;7.74;0.47;238.28;4.24;797;19;1358.00;2
3182;19;626543474;3182;240;3977;3979;7.64;0.47;238.49;4.24;795;19;1359.00;2
3185;19;626543484;3185;241;3978;3979;7.58;0.46;238.64;4.24;793;19;1360.00;1
3191;19;626543493;3191;236;3979;3980;7.54;0.46;238.74;4.24;788;19;1361.00;1
3195;19;626543503;3195;236;3979;3980;7.59;0.46;238.86;4.24;784;19;1362.00;1
3200;19;626543513;3200;230;3979;3980;7.62;0.47;238.92;4.24;779;19;1363.00;1
3206;19;626543523;3206;226;3979;3980;7.62;0.47;239.01;4.24;773;19;1364.00;1
3210;19;626543533;3210;223;3979;3980;7.69;0.47;238.99;4.24;769;19;1365.00;1
3213;19;626543543;3213;220;3979;3980;7.76;0.47;238.94;4.24;766;19;1366.00;1
3218;19;626543553;3218;211;3979;3980;7.81;0.48;239.01;4.24;761;19;1367.00;1
3221;19;626543563;3221;215;4016;4050;7.98;0.49;239.11;4.20;795;19;1368.00;34
3224;19;626543579;3224;208;4019;4051;8.06;0.49;239.21;4.20;795;19;1369.00;32
3228;19;626543590;3228;207;4027;4051;8.23;0.51;239.35;4.20;799;19;1370.00;24
3232;19;626543601;3232;204;4030;4051;8.27;0.51;239.32;4.20;798;19;1371.00;21
3236;19;626543612;3236;205;4034;4051;8.38;0.51;239.29;4.20;798;19;1372.00;17
3241;19;626543623;3241;212;4036;4051;8.40;0.51;239.23;4.20;795;19;1373.00;15
3243;19;626543634;3243;215;4039;4051;8.47;0.52;239.28;4.20;796;19;1374.00;12
3247;19;626543646;3247;221;4042;4051;8.45;0.52;239.41;4.20;795;19;1375.00;9
3255;19;626543657;3255;223;4044;4052;8.39;0.51;239.33;4.20;789;19;1376.00;8
3256;19;626543676;3256;214;4047;4053;8.43;0.51;239.33;4.20;791;19;1377.00;6
3259;19;626543688;3259;217;4049;4053;8.42;0.51;239.35;4.20;790;19;1378.00;4
3262;19;626543699;3262;224;4052;4057;8.43;0.51;239.30;4.20;790;19;1379.00;5
3269;19;626543714;3269;220;4052;4057;8.40;0.51;239.52;4.20;783;19;1380.00;5
3270;19;626543728;3270;227;4052;4057;8.46;0.52;239.55;4.20;782;19;1381.00;5
3274;19;626543745;3274;230;4052;4057;8.44;0.52;239.49;4.20;778;19;1382.00;5
3278;19;626543756;3278;225;4057;4063;8.44;0.52;239.49;4.20;779;19;1383.00;6
3281;19;626543768;3281;226;4059;4063;8.44;0.51;239.47;4.20;778;19;1384.00;4
3285;19;626543778;3285;234;4060;4063;8.51;0.52;239.46;4.20;775;19;1385.00;3
3289;19;626543790;3289;228;4062;4066;8.57;0.52;239.60;4.20;773;19;1386.00;4
3293;19;626543801;3293;227;4065;4066;8.55;0.52;239.71;4.21;772;19;1387.00;1
3300;19;626543812;3300;233;4065;4066;8.46;0.52;239.98;4.21;765;19;1388.00;1
3308;19;626543823;3308;230;4067;4067;8.38;0.51;240.06;4.21;759;19;1389.00;0
3310;19;626543835;3310;233;4068;4068;8.42;0.51;240.05;4.21;758;19;1390.00;0
3313;19;626543846;3313;239;4068;4068;8.34;0.51;240.13;4.21;755;19;1391.00;0
3314;19;626543862;3314;244;4081;4081;8.34;0.51;240.09;4.20;767;19;1392.00;0
3318;19;626543873;3318;247;4081;4081;8.18;0.50;240.17;4.20;763;19;1393.00;0
3322;19;626543884;3322;248;4081;4081;8.03;0.49;240.22;4.20;759;19;1394.00;0
3323;19;626543894;3323;251;4083;4083;8.04;0.49;240.17;4.20;760;19;1395.00;0
3329;19;626543905;3329;259;4083;4083;7.94;0.48;240.46;4.20;754;19;1396.00;0
3331;19;626543918;3331;266;4086;4087;7.93;0.48;240.49;4.20;755;19;1397.00;1
3336;19;626543936;3336;273;4086;4087;7.84;0.48;240.62;4.20;750;19;1398.00;1
3341;19;626543947;3341;282;4091;4091;7.77;0.47;240.64;4.19;750;19;1399.00;0
3342;19;626543959;3342;286;4091;4091;7.72;0.47;240.62;4.19;749;19;1400.00;0
3345;19;626543974;3345;290;4091;4091;7.64;0.47;240.70;4.19;746;19;1401.00;0
3346;19;626543987;3346;301;4091;4091;7.60;0.46;240.69;4.19;745;19;1402.00;0
3350;19;626543999;3350;310;4091;4091;7.52;0.46;240.75;4.19;741;19;1403.00;0
3351;19;626544011;3351;315;4102;4103;7.56;0.46;240.71;4.18;751;19;1404.00;1
3352;19;626544030;3352;322;4102;4103;7.54;0.46;240.68;4.18;750;19;1405.00;1
3356;19;626544040;3356;330;4103;4103;7.57;0.46;240.67;4.18;747;19;1406.00;0
3360;19;626544052;3360;324;4103;4103;7.54;0.46;240.81;4.18;743;19;1407.00;0
3364;19;626544064;3364;320;4103;4103;7.51;0.46;240.79;4.18;739;19;1408.00;0
3366;19;626544075;3366;322;4103;4103;7.48;0.46;240.75;4.18;737;19;1409.00;0
3368;19;626544088;3368;316;4104;4104;7.43;0.45;240.95;4.18;736;19;1410.00;0
3371;19;626544103;3371;316;4104;4104;7.37;0.45;240.87;4.18;733;19;1411.00;0
3373;19;626544114;3373;320;4108;4110;7.37;0.45;240.79;4.18;735;19;1412.00;2
3373;19;626544124;3373;320;4109;4111;7.41;0.45;240.79;4.18;736;19;1413.00;2
3373;19;626544134;3373;320;4110;4111;7.43;0.46;240.79;4.17;737;19;1414.00;1
3377;19;626544145;3377;320;4110;4111;7.39;0.45;240.66;4.17;733;19;1415.00;1
3380;19;626544159;3380;309;4114;4115;7.47;0.46;240.63;4.17;734;19;1416.00;1
3383;19;626544170;3383;297;4114;4115;7.55;0.46;240.58;4.17;731;19;1417.00;1
3385;19;626544180;3385;283;4114;4115;7.54;0.46;240.55;4.17;729;19;1418.00;1
3389;19;626544189;3389;275;4115;4116;7.62;0.47;240.44;4.17;726;19;1419.00;1
3391;19;626544199;3391;274;4118;4120;7.63;0.47;240.39;4.17;727;19;1420.00;2
3393;19;626544209;3393;265;4118;4120;7.61;0.46;240.35;4.17;725;19;1421.00;2
3394;19;626544219;3394;268;4120;4123;7.71;0.47;240.36;4.17;726;19;1422.00;3
3395;19;626544230;3395;261;4120;4123;7.72;0.47;240.30;4.17;725;19;1423.00;3
3397;19;626544239;3397;260;4121;4123;7.81;0.48;240.25;4.17;724;19;1424.00;2
3399;19;626544249;3399;258;4121;4123;7.83;0.48;240.23;4.17;722;19;1425.00;2
3402;19;626544259;3402;258;4124;4127;7.86;0.48;240.15;4.16;722;19;1426.00;3
3402;19;626544269;3402;252;4124;4127;7.87;0.48;240.15;4.16;722;19;1427.00;3
3404;19;626544279;3404;255;4125;4127;7.90;0.48;240.23;4.16;721;19;1428.00;2
3407;19;626544288;3407;258;4125;4127;7.92;0.48;240.21;4.16;718;19;1429.00;2
3409;19;626544297;3409;260;4125;4128;7.91;0.48;240.17;4.16;716;19;1430.00;3
3410;19;626544307;3410;261;4126;4129;7.90;0.48;240.18;4.16;716;19;1431.00;3
3411;19;626544316;3411;265;4126;4129;7.88;0.48;240.15;4.16;715;19;1432.00;3
3412;19;626544325;3412;268;4127;4130;7.82;0.48;240.15;4.16;715;19;1433.00;3
3413;19;626544334;3413;270;4127;4130;7.79;0.48;240.17;4.16;714;19;1434.00;3
3413;19;626544343;3413;255;4127;4130;7.79;0.48;240.17;4.16;714;19;1435.00;3
3415;19;626544352;3415;251;4127;4130;7.74;0.47;240.18;4.16;712;19;1436.00;3
3419;20;626544366;3419;248;4127;4130;7.69;0.47;240.15;4.16;708;20;1437.00;3
3420;20;626544386;3420;245;4127;4130;7.73;0.47;240.14;4.16;707;20;1438.00;3
3424;20;626544396;3424;243;4127;4130;7.90;0.48;240.09;4.16;703;20;1439.00;3
3425;20;626544407;3425;288;4240;4360;8.08;0.51;240.08;4.05;815;20;1440.00;120
3426;20;626544434;3426;276;4243;4361;8.12;0.51;240.05;4.05;817;20;1441.00;118
3428;20;626544450;3428;259;4253;4361;8.34;0.52;239.99;4.04;825;20;1442.00;108
3429;20;626544460;3429;252;4257;4361;8.44;0.53;239.97;4.04;828;20;1443.00;104
3430;20;626544476;3430;251;4264;4361;8.50;0.53;239.96;4.04;834;20;1444.00;97
3433;20;626544491;3433;249;4269;4361;8.51;0.53;239.96;4.04;836;20;1445.00;92
3433;20;626544502;3433;248;4275;4361;8.50;0.53;239.96;4.05;842;20;1446.00;86
3436;20;626544517;3436;255;4279;4361;8.45;0.52;239.88;4.05;843;20;1447.00;82
3438;20;626544527;3438;260;4284;4362;8.43;0.52;239.81;4.05;846;20;1448.00;78
3439;20;626544537;3439;262;4287;4363;8.40;0.52;239.76;4.06;848;20;1449.00;76
3439;20;626544548;3439;257;4289;4363;8.43;0.52;239.76;4.06;850;20;1450.00;74
3440;20;626544559;3440;255;4293;4364;8.44;0.52;239.78;4.07;853;20;1451.00;71
3440;20;626544569;3440;256;4297;4364;8.43;0.52;239.78;4.07;857;20;1452.00;67
3441;20;626544579;3441;253;4300;4364;8.41;0.52;239.75;4.08;859;20;1453.00;64
3443;20;626544590;3443;251;4303;4364;8.38;0.52;239.71;4.09;860;20;1454.00;61
3445;20;626544601;3445;247;4306;4368;8.36;0.52;239.74;4.09;861;20;1455.00;62
3448;20;626544611;3448;251;4309;4368;8.33;0.51;239.76;4.09;861;20;1456.00;59
3450;20;626544622;3450;256;4312;4368;8.32;0.51;239.73;4.10;862;20;1457.00;56
3455;20;626544633;3455;255;4314;4371;8.32;0.51;239.68;4.11;859;20;1458.00;57
3456;20;626544644;3456;251;4316;4371;8.41;0.52;239.68;4.11;860;20;1459.00;55
3461;20;626544655;3461;246;4316;4371;8.45;0.52;239.71;4.11;855;20;1460.00;55
3464;20;626544666;3464;240;4319;4375;8.51;0.52;239.67;4.11;855;20;1461.00;56
3468;20;626544677;3468;236;4321;4376;8.65;0.53;239.68;4.11;853;20;1462.00;55
3472;20;626544687;3472;227;4323;4376;8.67;0.53;239.70;4.12;851;20;1463.00;53
3475;20;626544698;3475;223;4327;4380;8.70;0.53;239.75;4.12;852;20;1464.00;53
3477;20;626544709;3477;218;4330;4380;8.78;0.54;239.69;4.15;853;20;1465.00;50
3479;20;626544720;3479;211;4331;4380;8.81;0.54;239.82;4.15;852;20;1466.00;49
3481;20;626544731;3481;203;4333;4381;8.85;0.54;239.95;4.16;852;20;1467.00;48
3482;20;626544747;3482;197;4334;4381;8.91;0.54;239.92;4.16;852;20;1468.00;47
3485;20;626544759;3485;193;4337;4387;9.00;0.55;239.93;4.16;852;20;1469.00;50
3486;20;626544774;3486;183;4339;4387;9.02;0.55;239.94;4.16;853;20;1470.00;48
3489;20;626544792;3489;180;4340;4388;9.00;0.55;240.06;4.16;851;20;1471.00;48
3495;20;626544805;3495;178;4341;4388;8.98;0.55;240.30;4.17;846;20;1472.00;47
3497;20;626544817;3497;180;4341;4388;9.04;0.55;240.37;4.17;844;20;1473.00;47
3500;20;626544829;3500;178;4342;4388;9.07;0.55;240.51;4.18;842;20;1474.00;46
3503;20;626544842;3503;180;4342;4388;9.10;0.55;240.66;4.18;839;20;1475.00;46
3507;20;626544854;3507;181;4353;4400;9.17;0.56;240.69;4.17;846;20;1476.00;47
3511;20;626544868;3511;180;4354;4400;9.15;0.56;240.86;4.18;843;20;1477.00;46
3514;20;626544881;3514;184;4355;4400;9.27;0.56;241.01;4.18;841;20;1478.00;45
3515;20;626544894;3515;184;4356;4400;9.38;0.57;240.95;4.19;841;20;1479.00;44
3519;20;626544907;3519;187;4358;4400;9.43;0.57;241.07;4.20;839;20;1480.00;42
3522;20;626544920;3522;186;4358;4400;9.51;0.58;241.19;4.20;836;20;1481.00;42
3525;20;626544934;3525;185;4362;4404;9.51;0.58;241.24;4.21;837;20;1482.00;42
3527;20;626544947;3527;188;4363;4404;9.52;0.58;241.37;4.22;836;20;1483.00;41
3529;20;626544960;3529;190;4366;4408;9.56;0.58;241.53;4.21;837;20;1484.00;42
3531;20;626544973;3531;187;4369;4410;9.60;0.58;241.50;4.22;838;20;1485.00;41
3534;20;626544985;3534;189;4370;4410;9.61;0.58;241.62;4.22;836;20;1486.00;40
3537;20;626544997;3537;190;4370;4410;9.65;0.59;241.67;4.22;833;20;1487.00;40
3539;20;626545009;3539;194;4379;4423;9.66;0.59;241.71;4.22;840;20;1488.00;44
3541;20;626545022;3541;194;4379;4423;9.73;0.59;241.86;4.22;838;20;1489.00;44
3541;20;626545033;3541;198;4382;4423;9.81;0.60;241.86;4.25;841;20;1490.00;41
3544;20;626545044;3544;203;4384;4424;9.85;0.60;241.94;4.26;840;20;1491.00;40
3544;20;626545056;3544;206;4386;4425;9.85;0.60;241.94;4.28;842;20;1492.00;39
3549;20;626545068;3549;210;4387;4425;9.82;0.60;242.00;4.29;838;20;1493.00;38
3551;20;626545085;3551;212;4391;4428;9.83;0.60;242.07;4.31;840;20;1494.00;37
3553;20;626545107;3553;218;4392;4428;9.79;0.60;242.11;4.32;839;20;1495.00;36
3559;20;626545127;3559;220;4394;4428;9.70;0.59;242.20;4.33;835;20;1496.00;34
3561;20;626545153;3561;222;4395;4428;9.69;0.59;242.27;4.34;834;20;1497.00;33
3564;20;626545171;3564;223;4400;4434;9.73;0.59;242.39;4.35;836;20;1498.00;34
3568;20;626545191;3568;228;4402;4434;9.65;0.59;242.40;4.38;834;20;1499.00;32
3569;20;626545214;3569;231;4408;4453;9.56;0.58;242.36;4.40;839;20;1500.00;45
3572;20;626545235;3572;229;4411;4453;9.45;0.58;242.35;4.44;839;20;1501.00;42
3573;20;626545249;3573;241;4415;4457;9.37;0.57;242.32;4.43;842;20;1502.00;42
3579;20;626545261;3579;240;4419;4458;9.35;0.57;242.27;4.47;840;20;1503.00;39
3582;20;626545274;3582;240;4419;4458;9.30;0.56;242.35;4.47;837;20;1504.00;39
3583;20;626545287;3583;245;4422;4459;9.24;0.56;242.36;4.49;839;20;1505.00;37
3584;20;626545299;3584;250;4425;4459;9.18;0.56;242.40;4.51;841;20;1506.00;34
3588;20;626545312;3588;259;4427;4459;9.15;0.56;242.46;4.53;839;20;1507.00;32
3590;20;626545324;3590;261;4429;4459;9.08;0.55;242.46;4.55;839;20;1508.00;30
3592;20;626545336;3592;252;4430;4459;9.09;0.55;242.58;4.56;838;20;1509.00;29
3594;20;626545347;3594;255;4432;4459;9.10;0.55;242.58;4.57;838;20;1510.00;27
3597;20;626545358;3597;256;4436;4459;9.06;0.55;242.66;4.60;839;20;1511.00;23
3599;20;626545370;3599;260;4468;4529;8.98;0.55;242.81;4.57;869;20;1512.00;61
3602;20;626545389;3602;252;4472;4530;9.00;0.55;242.96;4.58;870;20;1513.00;58
3604;20;626545402;3604;251;4478;4530;9.08;0.55;242.90;4.57;874;20;1514.00;52
3608;20;626545413;3608;251;4482;4530;9.05;0.55;242.95;4.58;874;20;1515.00;48
3611;20;626545425;3611;255;4484;4530;9.06;0.55;243.00;4.58;873;20;1516.00;46
3611;20;626545437;3611;262;4487;4530;9.03;0.55;243.00;4.58;876;20;1517.00;43
3614;20;626545449;3614;258;4489;4530;8.95;0.54;243.03;4.58;875;20;1518.00;41
3617;20;626545460;3617;266;4492;4530;8.92;0.54;243.15;4.59;875;20;1519.00;38
3620;20;626545472;3620;265;4495;4531;8.90;0.54;243.11;4.59;875;20;1520.00;36
3624;20;626545484;3624;264;4498;4532;8.90;0.54;243.22;4.59;874;20;1521.00;34
3627;20;626545496;3627;274;4503;4532;8.80;0.54;243.30;4.60;876;20;1522.00;29
3630;20;626545507;3630;271;4507;4536;8.67;0.53;243.25;4.60;877;20;1523.00;29
3634;20;626545521;3634;271;4508;4536;8.58;0.52;243.41;4.60;874;20;1524.00;28
3639;20;626545533;3639;275;4509;4536;8.44;0.52;243.43;4.60;870;20;1525.00;27
3641;20;626545545;3641;285;4510;4536;8.30;0.51;243.50;4.61;869;20;1526.00;26
3642;20;626545560;3642;287;4514;4542;8.21;0.50;243.50;4.61;872;20;1527.00;28
3651;20;626545572;3651;293;4516;4542;7.98;0.49;243.57;4.61;865;20;1528.00;26
3654;20;626545585;3654;301;4517;4542;7.87;0.48;243.74;4.61;863;20;1529.00;25
3660;20;626545599;3660;296;4520;4548;7.69;0.47;243.65;4.61;860;20;1530.00;28
3665;20;626545613;3665;292;4520;4548;7.59;0.46;243.68;4.61;855;20;1531.00;28
3666;20;626545625;3666;282;4521;4548;7.49;0.46;243.72;4.61;855;20;1532.00;27
3671;20;626545636;3671;288;4522;4549;7.37;0.45;243.66;4.61;851;20;1533.00;27
3676;20;626545648;3676;293;4524;4550;7.34;0.45;243.66;4.62;848;20;1534.00;26
3679;20;626545660;3679;290;4524;4550;7.37;0.45;243.70;4.62;845;20;1535.00;26
3681;20;626545671;3681;294;4536;4563;7.36;0.45;243.76;4.61;855;20;1536.00;27
3685;20;626545682;3685;285;4537;4563;7.48;0.46;243.79;4.62;852;20;1537.00;26
3690;20;626545700;3690;279;4537;4563;7.58;0.46;243.82;4.62;847;20;1538.00;26
3691;20;626545711;3691;273;4541;4564;7.70;0.47;243.82;4.63;850;20;1539.00;23
3695;20;626545722;3695;270;4543;4564;7.78;0.48;243.88;4.64;848;20;1540.00;21
3697;20;626545733;3697;263;4545;4568;7.85;0.48;243.93;4.64;848;20;1541.00;23
3702;20;626545744;3702;258;4546;4568;7.82;0.48;243.99;4.64;844;20;1542.00;22
3706;20;626545755;3706;250;4550;4572;7.78;0.48;244.11;4.64;844;20;1543.00;22
3708;20;626545768;3708;251;4550;4572;7.81;0.48;244.28;4.64;842;20;1544.00;22
3711;20;626545780;3711;254;4551;4572;7.80;0.48;244.45;4.65;840;20;1545.00;21
3717;20;626545791;3717;250;4551;4572;7.78;0.48;244.47;4.65;834;20;1546.00;21
3720;20;626545802;3720;250;4551;4572;7.87;0.48;244.42;4.65;831;20;1547.00;21
3726;20;626545813;3726;258;4564;4584;7.87;0.48;244.42;4.65;838;20;1548.00;20
3730;20;626545826;3730;261;4564;4584;7.85;0.48;244.44;4.65;834;20;1549.00;20
3735;20;626545837;3735;267;4565;4584;7.82;0.48;244.42;4.66;830;20;1550.00;19
3739;20;626545865;3739;269;4565;4584;7.85;0.48;244.58;4.66;826;20;1551.00;19
3741;21;626545877;3741;274;4565;4584;7.87;0.48;244.58;4.66;824;21;1552.00;19
3747;21;626545912;3747;276;4566;4584;7.83;0.48;244.80;4.67;819;21;1553.00;18
3752;21;626545924;3752;285;4567;4585;7.74;0.47;244.85;4.66;815;21;1554.00;18
3755;21;626545935;3755;287;4568;4587;7.68;0.47;244.92;4.66;813;21;1555.00;19
3759;21;626545947;3759;293;4574;4593;7.61;0.47;245.00;4.68;815;21;1556.00;19
3764;21;626545959;3764;298;4576;4594;7.57;0.46;245.20;4.68;812;21;1557.00;18
3770;21;626545972;3770;300;4577;4594;7.47;0.46;245.08;4.69;807;21;1558.00;17
3775;21;626545983;3775;304;4578;4594;7.33;0.45;244.98;4.69;803;21;1559.00;16
3782;21;626545996;3782;308;4584;4599;7.23;0.44;244.92;4.69;802;21;1560.00;15
3784;21;626546008;3784;313;4584;4599;7.19;0.44;244.94;4.69;800;21;1561.00;15
3789;21;626546019;3789;317;4584;4599;7.14;0.44;244.86;4.69;795;21;1562.00;15
3792;21;626546029;3792;322;4587;4600;7.09;0.43;244.77;4.70;795;21;1563.00;13
3794;21;626546040;3794;326;4591;4604;7.10;0.43;244.80;4.70;797;21;1564.00;13
3797;21;626546050;3797;331;4593;4604;7.05;0.43;244.84;4.71;796;21;1565.00;11
3798;21;626546062;3798;333;4596;4607;7.03;0.43;244.80;4.71;798;21;1566.00;11
3806;21;626546072;3806;341;4597;4607;6.91;0.42;244.62;4.71;791;21;1567.00;10
3811;21;626546083;3811;346;4597;4607;6.78;0.41;244.46;4.71;786;21;1568.00;10
3813;21;626546096;3813;358;4598;4607;6.72;0.41;244.44;4.71;785;21;1569.00;9
3816;21;626546111;3816;369;4601;4611;6.66;0.41;244.32;4.72;785;21;1570.00;10
3820;21;626546130;3820;374;4602;4611;6.59;0.40;244.27;4.72;782;21;1571.00;9
3820;21;626546142;3820;381;4602;4611;6.58;0.40;244.27;4.72;782;21;1572.00;9
3826;21;626546151;3826;386;4603;4611;6.56;0.40;244.19;4.72;777;21;1573.00;8
3827;21;626546161;3827;396;4604;4612;6.51;0.40;244.22;4.71;777;21;1574.00;8
3829;21;626546171;3829;399;4608;4614;6.44;0.39;244.23;4.74;779;21;1575.00;6
3829;21;626546180;3829;401;4608;4614;6.34;0.39;244.23;4.74;779;21;1576.00;6
3831;21;626546190;3831;387;4609;4615;6.28;0.38;244.18;4.74;778;21;1577.00;6
3832;21;626546200;3832;382;4609;4615;6.27;0.38;244.18;4.74;777;21;1578.00;6
3832;21;626546209;3832;380;4609;4615;6.29;0.38;244.18;4.74;777;21;1579.00;6
3834;21;626546219;3834;378;4609;4615;6.31;0.38;244.17;4.74;775;21;1580.00;6
3835;21;626546229;3835;375;4609;4615;6.34;0.39;244.14;4.74;774;21;1581.00;6
3839;21;626546239;3839;376;4609;4615;6.40;0.39;244.26;4.74;770;21;1582.00;6
3841;21;626546250;3841;376;4609;4615;6.45;0.39;244.28;4.74;768;21;1583.00;6
3844;21;626546260;3844;392;4675;4742;6.74;0.42;244.37;4.67;831;21;1584.00;67
3844;21;626546286;3844;383;4677;4743;6.76;0.42;244.37;4.67;833;21;1585.00;66
3845;21;626546295;3845;369;4686;4743;6.86;0.42;244.34;4.67;841;21;1586.00;57
3847;21;626546306;3847;338;4693;4743;7.05;0.43;244.34;4.66;846;21;1587.00;50
3848;21;626546317;3848;316;4698;4743;7.24;0.44;244.29;4.66;850;21;1588.00;45
3848;21;626546327;3848;297;4704;4743;7.39;0.45;244.29;4.66;856;21;1589.00;39
3849;21;626546346;3849;296;4707;4743;7.48;0.46;244.32;4.67;858;21;1590.00;36
3851;21;626546358;3851;286;4710;4743;7.61;0.47;244.32;4.67;859;21;1591.00;33
3852;21;626546381;3852;277;4715;4744;7.73;0.47;244.32;4.67;863;21;1592.00;29
3852;21;626546399;3852;271;4716;4745;7.90;0.48;244.32;4.67;864;21;1593.00;29
3852;21;626546413;3852;256;4719;4745;8.03;0.49;244.32;4.70;867;21;1594.00;26
3854;21;626546426;3854;255;4721;4746;8.10;0.50;244.30;4.71;867;21;1595.00;25
3854;21;626546439;3854;252;4722;4746;8.26;0.51;244.30;4.71;868;21;1596.00;24
3856;22;626546453;3856;253;4725;4746;8.42;0.52;244.33;4.71;869;22;1597.00;21
3859;22;626546478;3859;241;4726;4746;8.55;0.52;244.31;4.72;867;22;1598.00;20
3862;22;626546490;3862;236;4730;4750;8.67;0.53;244.26;4.72;868;22;1599.00;20
3862;22;626546504;3862;233;4730;4750;8.71;0.53;244.26;4.72;868;22;1600.00;20
3864;22;626546520;3864;233;4732;4750;8.75;0.53;244.30;4.72;868;22;1601.00;18
3866;23;626546532;3866;230;4734;4753;8.81;0.54;244.25;4.72;868;23;1602.00;19
3867;23;626546555;3867;229;4735;4753;8.86;0.54;244.29;4.72;868;23;1603.00;18
3868;23;626546567;3868;232;4736;4753;8.90;0.54;244.24;4.72;868;23;1604.00;17
3868;23;626546584;3868;228;4740;4757;8.91;0.54;244.24;4.72;872;23;1605.00;17
3871;23;626546597;3871;235;4741;4758;8.97;0.55;244.16;4.72;870;23;1606.00;17
3874;23;626546609;3874;234;4741;4758;8.96;0.54;244.10;4.72;867;23;1607.00;17
3874;23;626546620;3874;234;4744;4762;9.01;0.55;244.10;4.71;870;23;1608.00;18
3876;23;626546632;3876;232;4744;4762;9.01;0.55;244.14;4.71;868;23;1609.00;18
3878;23;626546643;3878;238;4744;4762;8.94;0.54;244.13;4.71;866;23;1610.00;18
3880;23;626546655;3880;236;4745;4763;8.96;0.54;244.10;4.71;865;23;1611.00;18
3883;23;626546667;3883;240;4746;4763;8.96;0.54;244.13;4.75;863;23;1612.00;17
3887;23;626546678;3887;241;4750;4769;8.95;0.54;244.24;4.74;863;23;1613.00;19
3889;23;626546690;3889;241;4750;4769;8.98;0.54;244.35;4.74;861;23;1614.00;19
3889;23;626546702;3889;249;4751;4770;8.99;0.55;244.35;4.74;862;23;1615.00;19
3892;23;626546713;3892;252;4751;4770;9.00;0.55;244.42;4.74;859;23;1616.00;19
3895;23;626546724;3895;248;4751;4770;8.97;0.54;244.43;4.74;856;23;1617.00;19
3897;23;626546735;3897;261;4751;4770;9.02;0.55;244.38;4.74;854;23;1618.00;19
3900;23;626546746;3900;253;4751;4770;8.99;0.55;244.38;4.74;851;23;1619.00;19
3904;23;626546759;3904;249;4771;4806;8.95;0.55;244.53;4.72;867;23;1620.00;35
3904;23;626546773;3904;237;4772;4806;8.98;0.55;244.53;4.72;868;23;1621.00;34
3907;23;626546784;3907;231;4773;4806;8.99;0.55;244.68;4.72;866;23;1622.00;33
3909;23;626546795;3909;223;4774;4806;9.01;0.55;244.82;4.72;865;23;1623.00;32
3911;23;626546806;3911;217;4776;4806;9.10;0.56;244.94;4.72;865;23;1624.00;30
3915;23;626546817;3915;213;4777;4806;9.16;0.56;245.12;4.72;862;23;1625.00;29
3920;23;626546828;3920;211;4780;4810;9.18;0.56;245.20;4.72;860;23;1626.00;30
3926;23;626546839;3926;207;4781;4810;9.21;0.56;245.23;4.72;855;23;1627.00;29
3931;23;626546850;3931;200;4784;4814;9.24;0.56;245.33;4.72;853;23;1628.00;30
3935;23;626546861;3935;200;4786;4815;9.27;0.57;245.41;4.72;851;23;1629.00;29
3938;23;626546872;3938;194;4786;4815;9.35;0.57;245.40;4.72;848;23;1630.00;29
3942;23;626546883;3942;188;4786;4815;9.33;0.57;245.48;4.72;844;23;1631.00;29
3946;23;626546894;3946;182;4794;4828;9.29;0.57;245.59;4.71;848;23;1632.00;34
3949;23;626546905;3949;177;4796;4828;9.35;0.57;245.77;4.75;847;23;1633.00;32
3952;23;626546917;3952;174;4797;4828;9.43;0.58;245.83;4.76;845;23;1634.00;31
3958;23;626546928;3958;169;4798;4829;9.46;0.58;246.02;4.76;840;23;1635.00;31
3962;23;626546940;3962;165;4799;4830;9.50;0.58;246.08;4.77;837;23;1636.00;31
3966;23;626546956;3966;160;4799;4830;9.56;0.58;246.28;4.77;833;23;1637.00;31
3972;23;626546968;3972;150;4801;4833;9.66;0.59;246.19;4.76;829;23;1638.00;32
3978;23;626546980;3978;150;4802;4833;9.76;0.59;246.38;4.76;824;23;1639.00;31
3980;23;626546991;3980;143;4802;4833;9.85;0.60;246.43;4.76;822;23;1640.00;31
3985;23;626547001;3985;132;4803;4833;9.85;0.60;246.51;4.77;818;23;1641.00;30
3989;23;626547012;3989;134;4807;4839;9.90;0.60;246.46;4.76;818;23;1642.00;32
3992;23;626547031;3992;134;4807;4839;9.98;0.61;246.51;4.76;815;23;1643.00;32
3993;23;626547044;3993;132;4808;4839;10.00;0.61;246.48;4.76;815;23;1644.00;31
3996;23;626547056;3996;129;4808;4839;9.98;0.61;246.53;4.76;812;23;1645.00;31
3999;23;626547068;3999;133;4811;4843;9.98;0.61;246.55;4.76;812;23;1646.00;32
4000;23;626547080;4000;133;4813;4844;10.01;0.61;246.65;4.76;813;23;1647.00;31
4003;23;626547093;4003;137;4814;4844;10.02;0.61;246.71;4.81;811;23;1648.00;30
4007;23;626547109;4007;138;4815;4845;10.02;0.61;246.86;4.81;808;23;1649.00;30
4009;23;626547133;4009;137;4816;4845;9.97;0.61;246.96;4.81;807;23;1650.00;29
4012;23;626547152;4012;138;4817;4845;9.88;0.60;247.06;4.82;805;23;1651.00;28
4015;23;626547170;4015;139;4817;4845;9.90;0.60;247.10;4.82;802;23;1652.00;28
4019;23;626547186;4019;140;4818;4845;9.93;0.60;247.23;4.83;799;23;1653.00;27
4020;23;626547203;4020;142;4818;4845;9.97;0.61;247.21;4.83;798;23;1654.00;27
4022;23;626547219;4022;141;4818;4845;9.99;0.61;247.25;4.83;796;23;1655.00;27
4024;23;626547234;4024;152;4856;4915;10.01;0.61;247.35;4.80;832;23;1656.00;59
4028;23;626547255;4028;154;4860;4916;9.98;0.61;247.35;4.81;832;23;1657.00;56
4031;23;626547270;4031;156;4869;4916;9.99;0.61;247.38;4.81;838;23;1658.00;47
4036;23;626547282;4036;163;4870;4916;9.94;0.61;247.43;4.81;834;23;1659.00;46
4040;23;626547295;4040;160;4875;4916;9.98;0.61;247.44;4.82;835;23;1660.00;41
4041;23;626547307;4041;161;4878;4916;10.00;0.61;247.42;4.83;837;23;1661.00;38
4044;23;626547320;4044;165;4883;4916;9.96;0.61;247.55;4.84;839;23;1662.00;33
4047;24;626547332;4047;161;4886;4916;9.94;0.61;247.64;4.86;839;24;1663.00;30
4049;24;626547355;4049;160;4887;4917;9.95;0.61;247.57;4.86;838;24;1664.00;30
4055;24;626547368;4055;161;4892;4919;9.98;0.61;247.55;4.85;837;24;1665.00;27
4057;24;626547381;4057;160;4895;4919;9.95;0.61;247.50;4.88;838;24;1666.00;24
4061;24;626547393;4061;163;4897;4923;9.84;0.60;247.46;4.88;836;24;1667.00;26
4063;24;626547406;4063;166;4899;4923;9.82;0.60;247.48;4.90;836;24;1668.00;24
4064;24;626547418;4064;164;4900;4923;9.74;0.60;247.46;4.91;836;24;1669.00;23
4070;24;626547436;4070;175;4901;4923;9.66;0.59;247.56;4.91;831;24;1670.00;22
4072;24;626547448;4072;179;4906;4929;9.64;0.59;247.57;4.92;834;24;1671.00;23
4074;24;626547461;4074;181;4907;4929;9.64;0.59;247.60;4.92;833;24;1672.00;22
4076;24;626547474;4076;185;4909;4929;9.64;0.59;247.66;4.93;833;24;1673.00;20
4079;24;626547485;4079;192;4911;4932;9.69;0.59;247.76;4.93;832;24;1674.00;21
4081;24;626547497;4081;192;4913;4932;9.68;0.59;247.70;4.94;832;24;1675.00;19
4081;24;626547508;4081;200;4916;4932;9.62;0.59;247.70;4.97;835;24;1676.00;16
4085;24;626547519;4085;205;4916;4933;9.53;0.58;247.66;4.97;831;24;1677.00;17
4093;24;626547531;4093;209;4918;4934;9.36;0.57;247.75;4.98;825;24;1678.00;16
4094;24;626547543;4094;206;4918;4934;9.25;0.57;247.80;4.98;824;24;1679.00;16
4100;24;626547555;4100;214;4937;4960;8.99;0.55;247.97;4.98;837;24;1680.00;23
4102;24;626547568;4102;216;4937;4960;8.85;0.54;247.93;4.98;835;24;1681.00;23
4106;24;626547578;4106;216;4941;4960;8.76;0.54;248.06;4.98;835;24;1682.00;19
4110;24;626547589;4110;216;4944;4961;8.65;0.53;248.00;4.98;834;24;1683.00;17
4113;24;626547608;4113;216;4945;4961;8.59;0.52;248.06;4.99;832;24;1684.00;16
4117;24;626547618;4117;225;4948;4965;8.60;0.52;248.00;4.98;831;24;1685.00;17
4118;24;626547629;4118;228;4950;4965;8.64;0.53;247.98;4.99;832;24;1686.00;15
4119;24;626547641;4119;230;4953;4969;8.63;0.53;247.98;4.99;834;24;1687.00;16
4119;24;626547652;4119;235;4954;4969;8.61;0.53;247.98;4.99;835;24;1688.00;15
4123;24;626547662;4123;244;4957;4969;8.53;0.52;248.04;5.00;834;24;1689.00;12
4126;24;626547673;4126;255;4957;4969;8.42;0.51;248.04;5.00;831;24;1690.00;12
4130;24;626547684;4130;256;4958;4969;8.23;0.50;248.00;5.00;828;24;1691.00;11
4136;24;626547694;4136;261;4969;4981;8.07;0.49;247.98;4.99;833;24;1692.00;12
4137;24;626547704;4137;264;4969;4981;7.98;0.49;247.98;4.99;832;24;1693.00;12
4141;24;626547714;4141;268;4972;4981;7.86;0.48;248.12;4.99;831;24;1694.00;9
4143;24;626547725;4143;272;4972;4981;7.74;0.48;248.18;4.99;829;24;1695.00;9
4147;24;626547734;4147;277;4972;4981;7.65;0.47;248.40;4.99;825;24;1696.00;9
4152;24;626547743;4152;283;4972;4981;7.47;0.46;248.50;4.99;820;24;1697.00;9
4153;24;626547754;4153;295;4973;4982;7.33;0.45;248.54;4.99;820;24;1698.00;9
4157;24;626547763;4157;305;4973;4982;7.08;0.44;248.60;4.99;816;24;1699.00;9
4160;24;626547772;4160;297;4978;4988;6.98;0.43;248.59;4.98;818;24;1700.00;10
4163;24;626547794;4163;293;4979;4989;6.85;0.42;248.57;4.98;816;24;1701.00;10
4166;24;626547804;4166;297;4980;4989;6.69;0.41;248.55;4.98;814;24;1702.00;9
4167;24;626547813;4167;289;4980;4989;6.61;0.41;248.60;4.98;813;24;1703.00;9
4169;24;626547821;4169;291;4984;4993;6.56;0.41;248.64;4.98;815;24;1704.00;9
4172;24;626547831;4172;292;4984;4993;6.59;0.41;248.54;4.98;812;24;1705.00;9
4175;24;626547840;4175;297;4984;4993;6.60;0.41;248.55;4.98;809;24;1706.00;9
4181;24;626547850;4181;296;4985;4994;6.63;0.41;248.48;4.98;804;24;1707.00;9
4183;24;626547860;4183;296;4989;4998;6.71;0.41;248.49;4.97;806;24;1708.00;9
4187;24;626547870;4187;300;4989;4998;6.77;0.42;248.45;4.97;802;24;1709.00;9
4189;24;626547881;4189;305;4992;5004;6.82;0.42;248.52;4.97;803;24;1710.00;12
4192;24;626547891;4192;306;4992;5004;6.85;0.42;248.43;4.97;800;24;1711.00;12
4195;24;626547901;4195;303;4993;5004;6.90;0.42;248.39;4.97;798;24;1712.00;11
4201;24;626547910;4201;306;4994;5004;6.84;0.42;248.42;4.97;793;24;1713.00;10
4201;24;626547920;4201;300;4996;5008;6.91;0.42;248.42;4.97;795;24;1714.00;12
4210;24;626547930;4210;299;4997;5008;6.80;0.42;248.23;4.97;787;24;1715.00;11
4213;24;626547940;4213;295;4997;5008;6.78;0.42;248.19;4.97;784;24;1716.00;11
4215;24;626547950;4215;297;4998;5008;6.84;0.42;248.15;4.97;783;24;1717.00;10
4220;24;626547959;4220;295;4999;5009;6.80;0.42;248.02;4.97;779;24;1718.00;10
4223;24;626547970;4223;297;5001;5010;6.84;0.42;247.96;4.97;778;24;1719.00;9
4225;24;626547979;4225;302;5001;5010;6.90;0.42;248.00;4.97;776;24;1720.00;9
4230;24;626547989;4230;299;5002;5011;6.88;0.42;248.00;4.97;772;24;1721.00;9
4232;24;626548004;4232;302;5002;5011;6.89;0.42;247.99;4.97;770;24;1722.00;9
4234;24;626548014;4234;303;5002;5011;6.87;0.42;247.97;4.97;768;24;1723.00;9
4242;24;626548023;4242;309;5002;5011;6.76;0.41;247.87;4.97;760;24;1724.00;9
4246;24;626548034;4246;315;5002;5011;6.73;0.41;247.87;4.97;756;24;1725.00;9
4252;24;626548043;4252;312;5002;5011;6.71;0.41;247.87;4.97;750;24;1726.00;9
4253;24;626548053;4253;318;5002;5011;6.74;0.41;247.95;4.97;749;24;1727.00;9
4256;24;626548068;4256;330;5072;5138;7.10;0.44;247.93;4.90;816;24;1728.00;66
4256;24;626548088;4256;330;5076;5139;7.13;0.44;247.93;4.89;820;24;1729.00;63
4258;24;626548098;4258;331;5088;5139;7.18;0.45;248.00;4.89;830;24;1730.00;51
4262;24;626548112;4262;334;5090;5139;7.15;0.45;247.92;4.89;828;24;1731.00;49
4265;24;626548123;4265;340;5098;5139;7.18;0.45;247.84;4.89;833;24;1732.00;41
4267;24;626548134;4267;345;5103;5139;7.24;0.45;247.86;4.89;836;24;1733.00;36
4268;24;626548145;4268;348;5107;5139;7.25;0.45;247.89;4.89;839;24;1734.00;32
4271;24;626548156;4271;352;5110;5139;7.26;0.45;247.79;4.89;839;24;1735.00;29
4275;24;626548172;4275;352;5113;5140;7.24;0.45;247.73;4.89;838;24;1736.00;27
4275;24;626548183;4275;360;5116;5141;7.18;0.44;247.73;4.89;841;24;1737.00;25
4282;24;626548193;4282;366;5120;5141;7.14;0.44;247.88;4.90;838;24;1738.00;21
4284;24;626548204;4284;359;5122;5142;7.14;0.44;247.79;4.90;838;24;1739.00;20
4286;24;626548216;4286;355;5123;5142;7.10;0.44;247.87;4.90;837;24;1740.00;19
4289;24;626548227;4289;357;5124;5142;7.15;0.44;247.92;4.90;835;24;1741.00;18
4290;24;626548238;4290;359;5126;5142;7.22;0.44;247.90;4.90;836;24;1742.00;16
4292;24;626548249;4292;360;5129;5146;7.24;0.45;247.93;4.90;837;24;1743.00;17
4295;24;626548262;4295;360;5130;5146;7.32;0.45;247.97;4.91;835;24;1744.00;16
4298;24;626548272;4298;363;5131;5146;7.41;0.45;248.05;4.91;833;24;1745.00;15
4300;24;626548289;4300;357;5134;5149;7.53;0.46;248.08;4.91;834;24;1746.00;15
4303;24;626548305;4303;342;5135;5149;7.64;0.47;248.01;4.91;832;24;1747.00;14
4306;24;626548316;4306;328;5136;5149;7.70;0.47;248.02;4.91;830;24;1748.00;13
4307;24;626548332;4307;325;5139;5153;7.79;0.47;247.97;4.91;832;24;1749.00;14
4310;24;626548344;4310;318;5141;5154;7.87;0.48;248.04;4.90;831;24;1750.00;13
4313;24;626548356;4313;310;5141;5154;7.95;0.48;248.12;4.90;828;24;1751.00;13
4315;24;626548368;4315;306;5144;5158;7.99;0.48;248.15;4.90;829;24;1752.00;14
4316;24;626548385;4316;301;5144;5158;8.08;0.49;248.20;4.90;828;24;1753.00;14
4318;24;626548397;4318;294;5144;5158;8.22;0.50;248.15;4.90;826;24;1754.00;14
4321;24;626548409;4321;294;5146;5160;8.38;0.51;248.05;4.90;825;24;1755.00;14
4321;24;626548421;4321;279;5146;5160;8.52;0.52;248.05;4.90;825;24;1756.00;14
4323;24;626548438;4323;268;5150;5166;8.57;0.52;248.04;4.90;827;24;1757.00;16
4323;24;626548455;4323;263;5150;5166;8.65;0.52;248.04;4.90;827;24;1758.00;16
4323;24;626548475;4323;255;5151;5167;8.74;0.53;248.04;4.90;828;24;1759.00;16
4323;24;626548486;4323;249;5151;5167;8.85;0.54;248.04;4.90;828;24;1760.00;16
4327;24;626548498;4327;246;5151;5167;8.90;0.54;248.07;4.90;824;24;1761.00;16
4329;24;626548511;4329;242;5151;5167;9.03;0.55;248.03;4.90;822;24;1762.00;16
4333;24;626548523;4333;243;5151;5167;9.08;0.55;248.14;4.90;818;24;1763.00;16
4336;24;626548535;4336;243;5161;5179;9.12;0.55;248.15;4.89;825;24;1764.00;18
4337;24;626548547;4337;237;5162;5179;9.16;0.56;248.13;4.89;825;24;1765.00;17
4339;24;626548559;4339;241;5162;5179;9.16;0.56;248.15;4.89;823;24;1766.00;17
4343;24;626548571;4343;244;5162;5179;9.10;0.55;248.15;4.89;819;24;1767.00;17
4345;24;626548589;4345;239;5162;5179;9.06;0.55;248.16;4.89;817;24;1768.00;17
4348;24;626548607;4348;244;5162;5179;9.05;0.55;248.19;4.89;814;24;1769.00;17
4350;24;626548620;4350;242;5165;5183;9.00;0.55;248.20;4.88;815;24;1770.00;18
4353;24;626548632;4353;241;5165;5183;9.03;0.55;248.20;4.88;812;24;1771.00;18
4355;24;626548643;4355;240;5168;5187;9.11;0.56;248.18;4.88;813;24;1772.00;19
4358;24;626548655;4358;243;5170;5188;9.18;0.56;248.18;4.88;812;24;1773.00;18
4362;24;626548667;4362;239;5170;5188;9.27;0.57;248.21;4.88;808;24;1774.00;18
4365;25;626548678;4365;232;5171;5188;9.24;0.56;248.41;4.94;806;25;1775.00;17
4368;25;626548695;4368;233;5182;5201;9.33;0.57;248.43;4.93;814;25;1776.00;19
4372;25;626548707;4372;238;5182;5201;9.33;0.57;248.45;4.93;810;25;1777.00;19
4375;26;626548722;4375;238;5182;5201;9.25;0.56;248.50;4.93;807;26;1778.00;19
4378;26;626548743;4378;241;5183;5202;9.23;0.56;248.51;4.93;805;26;1779.00;19
4381;26;626548754;4381;244;5183;5203;9.21;0.56;248.66;4.93;802;26;1780.00;20
4383;26;626548764;4383;247;5183;5203;9.17;0.56;248.68;4.93;800;26;1781.00;20
4388;26;626548774;4388;245;5185;5206;9.17;0.56;248.74;4.93;797;26;1782.00;21
4389;26;626548785;4389;250;5185;5206;9.19;0.56;248.80;4.93;796;26;1783.00;21
4392;26;626548801;4392;250;5186;5206;9.23;0.56;248.81;4.93;794;26;1784.00;20
4395;26;626548811;4395;253;5186;5206;9.19;0.56;248.87;4.93;791;26;1785.00;20
4400;26;626548822;4400;256;5190;5212;9.16;0.55;248.87;4.93;790;26;1786.00;22
4401;26;626548833;4401;254;5190;5212;9.08;0.55;248.94;4.93;789;26;1787.00;22
4403;26;626548844;4403;253;5191;5212;9.16;0.56;248.97;4.93;788;26;1788.00;21
4405;26;626548854;4405;250;5191;5212;9.14;0.56;248.90;4.93;786;26;1789.00;21
4405;26;626548864;4405;240;5195;5216;9.14;0.56;248.90;4.98;790;26;1790.00;21
4406;26;626548874;4406;235;5196;5217;9.21;0.56;248.88;4.98;790;26;1791.00;21
4408;26;626548885;4408;231;5196;5217;9.20;0.56;248.89;4.98;788;26;1792.00;21
4414;26;626548895;4414;226;5197;5218;9.23;0.56;248.92;4.98;783;26;1793.00;21
4417;26;626548906;4417;216;5197;5218;9.29;0.57;249.07;4.98;780;26;1794.00;21
4420;26;626548917;4420;209;5197;5218;9.32;0.57;249.12;4.98;777;26;1795.00;21
4420;26;626548927;4420;208;5197;5218;9.35;0.57;249.12;4.98;777;26;1796.00;21
4424;26;626548937;4424;204;5197;5218;9.34;0.57;249.13;4.98;773;26;1797.00;21
4426;26;626548947;4426;206;5197;5218;9.35;0.57;249.22;4.98;771;26;1798.00;21
4428;26;626548957;4428;206;5197;5218;9.34;0.57;249.21;4.98;769;26;1799.00;21
4433;26;626548971;4433;213;5259;5356;9.09;0.56;249.30;4.92;826;26;1800.00;97
4438;26;626548996;4438;202;5259;5357;9.06;0.56;249.42;4.92;821;26;1801.00;98
4443;26;626549008;4443;184;5270;5357;9.12;0.56;249.49;4.95;827;26;1802.00;87
4448;26;626549019;4448;176;5277;5357;9.20;0.57;249.51;4.95;829;26;1803.00;80
4451;26;626549030;4451;171;5283;5357;9.20;0.57;249.55;4.95;832;26;1804.00;74
4456;26;626549041;4456;167;5290;5357;9.14;0.56;249.61;4.97;834;26;1805.00;67
4459;26;626549052;4459;168;5293;5357;9.12;0.56;249.76;4.97;834;26;1806.00;64
4464;26;626549064;4464;170;5294;5357;9.04;0.55;249.81;4.97;830;26;1807.00;63
4471;26;626549080;4471;164;5297;5358;9.03;0.55;249.94;4.97;826;26;1808.00;61
4475;26;626549091;4475;166;5299;5359;8.98;0.55;249.85;5.01;824;26;1809.00;60
4477;26;626549102;4477;159;5301;5359;9.03;0.56;249.82;5.02;824;26;1810.00;58
4480;26;626549120;4480;154;5307;5363;9.05;0.56;249.95;5.05;827;26;1811.00;56
4481;26;626549140;4481;143;5308;5363;9.12;0.56;249.91;5.05;827;26;1812.00;55
4488;26;626549160;4488;140;5309;5363;9.15;0.56;250.08;5.09;821;26;1813.00;54
4492;26;626549176;4492;136;5310;5363;9.16;0.56;250.16;5.09;818;26;1814.00;53
4497;26;626549192;4497;138;5315;5369;9.20;0.56;250.18;5.12;818;26;1815.00;54
4502;26;626549209;4502;133;5315;5369;9.26;0.57;250.18;5.12;813;26;1816.00;54
4506;26;626549227;4506;137;5316;5369;9.35;0.57;250.21;5.12;810;26;1817.00;53
4509;26;626549240;4509;140;5319;5372;9.45;0.58;250.23;5.14;810;26;1818.00;53
4511;26;626549253;4511;142;5320;5372;9.53;0.58;250.29;5.15;809;26;1819.00;52
4513;26;626549266;4513;145;5321;5372;9.63;0.59;250.21;5.15;808;26;1820.00;51
4515;26;626549277;4515;145;5323;5373;9.69;0.59;250.29;5.18;808;26;1821.00;50
4517;26;626549289;4517;150;5324;5374;9.78;0.60;250.31;5.18;807;26;1822.00;50
4519;26;626549301;4519;151;5326;5374;9.75;0.59;250.33;5.18;807;26;1823.00;48
4522;26;626549313;4522;152;5333;5387;9.72;0.59;250.39;5.17;811;26;1824.00;54
4524;26;626549332;4524;152;5334;5387;9.68;0.59;250.40;5.18;810;26;1825.00;53
4527;26;626549344;4527;153;5335;5387;9.66;0.59;250.38;5.18;808;26;1826.00;52
4530;26;626549356;4530;163;5338;5388;9.66;0.59;250.48;5.18;808;26;1827.00;50
4531;26;626549368;4531;166;5341;5388;9.65;0.59;250.53;5.19;810;26;1828.00;47
4532;26;626549380;4532;164;5343;5392;9.61;0.59;250.58;5.19;811;26;1829.00;49
4532;26;626549400;4532;169;5345;5392;9.60;0.59;250.58;5.20;813;26;1830.00;47
4533;26;626549413;4533;174;5351;5396;9.53;0.58;250.60;5.22;818;26;1831.00;45
4536;26;626549425;4536;177;5352;5396;9.57;0.58;250.76;5.23;816;26;1832.00;44
4539;26;626549437;4539;184;5355;5396;9.61;0.59;250.72;5.25;816;26;1833.00;41
4543;26;626549450;4543;182;5356;5396;9.70;0.59;250.78;5.26;813;26;1834.00;40
4548;26;626549461;4548;187;5356;5396;9.72;0.59;250.84;5.26;808;26;1835.00;40
4552;26;626549475;4552;189;5368;5408;9.76;0.59;250.78;5.26;816;26;1836.00;40
4555;26;626549490;4555;196;5369;5408;9.74;0.59;250.81;5.27;814;26;1837.00;39
4557;26;626549502;4557;198;5373;5408;9.67;0.59;250.96;5.29;816;26;1838.00;35
4558;26;626549513;4558;203;5374;5408;9.62;0.59;251.02;5.30;816;26;1839.00;34
4560;26;626549525;4560;209;5375;5408;9.55;0.58;251.10;5.30;815;26;1840.00;33
4561;26;626549536;4561;213;5377;5408;9.49;0.58;251.14;5.32;816;26;1841.00;31
4566;26;626549547;4566;209;5377;5409;9.44;0.58;251.32;5.32;811;26;1842.00;32
4568;26;626549558;4568;216;5379;5409;9.39;0.57;251.34;5.33;811;26;1843.00;30
4571;26;626549569;4571;218;5383;5415;9.42;0.57;251.30;5.33;812;26;1844.00;32
4576;26;626549581;4576;223;5388;5417;9.35;0.57;251.34;5.34;812;26;1845.00;29
4578;26;626549593;4578;227;5388;5417;9.24;0.56;251.35;5.34;810;26;1846.00;29
4582;26;626549604;4582;234;5390;5417;9.12;0.56;251.39;5.35;808;26;1847.00;27
4584;26;626549615;4584;237;5393;5421;9.05;0.55;251.49;5.35;809;26;1848.00;28
4585;26;626549626;4585;232;5395;5421;8.98;0.55;251.46;5.36;810;26;1849.00;26
4589;26;626549638;4589;235;5395;5421;8.96;0.55;251.49;5.36;806;26;1850.00;26
4590;26;626549650;4590;238;5397;5422;8.95;0.55;251.55;5.37;807;26;1851.00;25
4595;26;626549664;4595;240;5401;5426;8.84;0.54;251.49;5.37;806;26;1852.00;25
4596;26;626549676;4596;235;5402;5426;8.71;0.53;251.55;5.38;806;26;1853.00;24
4596;26;626549686;4596;238;5404;5429;8.64;0.53;251.55;5.37;808;26;1854.00;25
4598;26;626549697;4598;244;5404;5429;8.56;0.52;251.52;5.37;806;26;1855.00;25
4601;26;626549708;4601;243;5407;5429;8.48;0.52;251.51;5.38;806;26;1856.00;22
4604;26;626549721;4604;246;5407;5429;8.47;0.52;251.50;5.38;803;26;1857.00;22
4604;26;626549731;4604;247;5411;5433;8.47;0.52;251.50;5.39;807;26;1858.00;22
4607;26;626549747;4607;250;5414;5433;8.36;0.51;251.48;5.40;807;26;1859.00;19
4608;26;626549759;4608;253;5414;5433;8.34;0.51;251.46;5.40;806;26;1860.00;19
4612;26;626549771;4612;254;5416;5433;8.18;0.50;251.47;5.40;804;26;1861.00;17
4614;26;626549782;4614;258;5416;5434;8.01;0.49;251.49;5.40;802;26;1862.00;18
4615;26;626549791;4615;265;5418;5435;7.91;0.48;251.49;5.40;803;26;1863.00;17
4617;26;626549801;4617;274;5418;5435;7.78;0.48;251.51;5.40;801;26;1864.00;17
4623;26;626549811;4623;282;5419;5436;7.67;0.47;251.43;5.40;796;26;1865.00;17
4625;26;626549821;4625;285;5420;5436;7.55;0.46;251.38;5.40;795;26;1866.00;16
4630;26;626549829;4630;291;5420;5436;7.38;0.45;251.29;5.40;790;26;1867.00;16
4635;26;626549838;4635;298;5420;5436;7.18;0.44;251.26;5.40;785;26;1868.00;16
4637;26;626549848;4637;298;5420;5436;7.08;0.44;251.29;5.40;783;26;1869.00;16
4641;26;626549857;4641;293;5420;5436;6.92;0.43;251.19;5.40;779;26;1870.00;16
4643;26;626549867;4643;298;5420;5436;6.85;0.42;251.20;5.40;777;26;1871.00;16
4645;26;626549875;4645;321;5487;5563;7.03;0.44;251.19;5.33;842;26;1872.00;76
4646;26;626549895;4646;316;5489;5564;6.96;0.44;251.15;5.33;843;26;1873.00;75
4649;26;626549904;4649;322;5499;5564;7.07;0.44;251.39;5.33;850;26;1874.00;65
4656;26;626549914;4656;317;5503;5564;6.94;0.43;251.31;5.33;847;26;1875.00;61
4658;26;626549924;4658;316;5509;5564;6.95;0.43;251.37;5.32;851;26;1876.00;55
4659;26;626549934;4659;317;5513;5564;6.92;0.43;251.41;5.32;854;26;1877.00;51
4662;26;626549943;4662;311;5518;5564;6.88;0.43;251.44;5.32;856;26;1878.00;46
4666;26;626549953;4666;310;5518;5564;6.85;0.43;251.38;5.32;852;26;1879.00;46
4667;26;626549962;4667;313;5524;5565;6.88;0.43;251.41;5.33;857;26;1880.00;41
4672;26;626549973;4672;310;5525;5566;6.83;0.42;251.38;5.33;853;26;1881.00;41
4675;26;626549984;4675;315;5530;5568;6.87;0.43;251.46;5.33;855;26;1882.00;38
4676;26;626549995;4676;319;5535;5569;6.87;0.43;251.50;5.34;859;26;1883.00;34
4679;26;626550007;4679;321;5540;5569;6.87;0.43;251.54;5.34;861;26;1884.00;29
4680;26;626550022;4680;330;5543;5569;6.86;0.42;251.59;5.34;863;26;1885.00;26
4682;26;626550034;4682;331;5545;5569;6.86;0.42;251.53;5.35;863;26;1886.00;24
4684;26;626550045;4684;327;5549;5573;6.79;0.42;251.60;5.35;865;26;1887.00;24
4689;26;626550056;4689;327;5551;5573;6.75;0.42;251.61;5.35;862;26;1888.00;22
4691;26;626550068;4691;328;5552;5573;6.74;0.41;251.64;5.35;861;26;1889.00;21
4691;26;626550080;4691;332;5556;5579;6.79;0.42;251.64;5.35;865;26;1890.00;23
4696;26;626550091;4696;327;5557;5579;6.79;0.42;251.54;5.35;861;26;1891.00;22
4698;26;626550102;4698;319;5559;5579;6.84;0.42;251.47;5.35;861;26;1892.00;20
4702;26;626550114;4702;316;5562;5583;6.86;0.42;251.42;5.35;860;26;1893.00;21
4703;26;626550126;4703;313;5565;5584;7.00;0.43;251.40;5.35;862;26;1894.00;19
4705;26;626550138;4705;314;5565;5584;7.08;0.43;251.40;5.35;860;26;1895.00;19
4710;26;626550150;4710;311;5568;5588;7.18;0.44;251.59;5.34;858;26;1896.00;20
4714;26;626550162;4714;310;5569;5588;7.24;0.44;251.60;5.37;855;26;1897.00;19
4717;26;626550179;4717;307;5569;5588;7.33;0.45;251.56;5.37;852;26;1898.00;19
4721;26;626550190;4721;307;5570;5589;7.34;0.45;251.44;5.37;849;26;1899.00;19
4724;26;626550201;4724;305;5570;5589;7.35;0.45;251.44;5.37;846;26;1900.00;19
4728;26;626550216;4728;312;5574;5595;7.34;0.45;251.52;5.37;846;26;1901.00;21
4730;26;626550234;4730;317;5574;5595;7.37;0.45;251.54;5.37;844;26;1902.00;21
4735;27;626550250;4735;320;5575;5596;7.40;0.45;251.57;5.37;840;27;1903.00;21
4737;27;626550277;4737;318;5575;5596;7.44;0.45;251.50;5.37;838;27;1904.00;21
4740;27;626550288;4740;318;5575;5596;7.47;0.46;251.58;5.37;835;27;1905.00;21
4743;27;626550299;4743;325;5575;5596;7.52;0.46;251.62;5.37;832;27;1906.00;21
4744;27;626550310;4744;323;5575;5596;7.55;0.46;251.60;5.37;831;27;1907.00;21
4747;27;626550321;4747;325;5585;5608;7.64;0.47;251.69;5.36;838;27;1908.00;23
4748;27;626550332;4748;324;5586;5608;7.69;0.47;251.65;5.36;838;27;1909.00;22
4748;27;626550343;4748;325;5586;5608;7.70;0.47;251.65;5.36;838;27;1910.00;22
4751;27;626550354;4751;334;5586;5608;7.70;0.47;251.65;5.36;835;27;1911.00;22
4754;27;626550365;4754;330;5587;5608;7.62;0.46;251.62;5.39;833;27;1912.00;21
4759;27;626550375;4759;331;5587;5608;7.55;0.46;251.73;5.39;828;27;1913.00;21
4760;27;626550386;4760;339;5590;5612;7.52;0.46;251.80;5.39;830;27;1914.00;22
4763;27;626550397;4763;348;5591;5612;7.45;0.45;251.83;5.41;828;27;1915.00;21
4765;27;626550408;4765;352;5594;5616;7.43;0.45;251.91;5.40;829;27;1916.00;22
4769;27;626550419;4769;335;5595;5617;7.44;0.45;251.89;5.40;826;27;1917.00;22
4771;27;626550431;4771;323;5596;5617;7.43;0.45;251.93;5.40;825;27;1918.00;21
4776;27;626550442;4776;320;5596;5617;7.37;0.45;252.02;5.40;820;27;1919.00;21
4779;27;626550455;4779;322;5617;5646;7.46;0.46;252.20;5.38;838;27;1920.00;29
4780;27;626550468;4780;313;5618;5646;7.46;0.46;252.18;5.40;838;27;1921.00;28
4782;27;626550480;4782;311;5620;5646;7.52;0.46;252.31;5.40;838;27;1922.00;26
4786;27;626550491;4786;309;5621;5647;7.58;0.46;252.40;5.40;835;27;1923.00;26
4791;27;626550503;4791;315;5622;5648;7.61;0.46;252.41;5.40;831;27;1924.00;26
4794;27;626550515;4794;323;5622;5648;7.57;0.46;252.60;5.40;828;27;1925.00;26
4797;27;626550526;4797;304;5626;5651;7.59;0.46;252.63;5.40;829;27;1926.00;25
4802;27;626550538;4802;291;5626;5651;7.63;0.46;252.67;5.40;824;27;1927.00;25
4805;27;626550550;4805;282;5626;5651;7.67;0.47;252.72;5.40;821;27;1928.00;25
4810;27;626550562;4810;283;5626;5651;7.69;0.47;252.94;5.40;816;27;1929.00;25
4814;27;626550574;4814;280;5630;5657;7.68;0.47;252.95;5.39;816;27;1930.00;27
4815;27;626550585;4815;271;5631;5657;7.72;0.47;252.93;5.42;816;27;1931.00;26
4816;28;626550603;4816;273;5632;5657;7.77;0.47;252.93;5.42;816;28;1932.00;25
4817;28;626550620;4817;275;5632;5657;7.79;0.47;252.97;5.42;815;28;1933.00;25
4819;28;626550637;4819;275;5635;5661;7.80;0.47;252.94;5.41;816;28;1934.00;26
4822;28;626550649;4822;275;5637;5663;7.85;0.48;252.96;5.41;815;28;1935.00;26
4824;28;626550660;4824;277;5637;5663;7.92;0.48;252.95;5.41;813;28;1936.00;26
4825;28;626550671;4825;278;5639;5664;8.03;0.49;252.97;5.43;814;28;1937.00;25
4829;28;626550683;4829;266;5639;5664;8.03;0.49;253.00;5.43;810;28;1938.00;25
4834;28;626550698;4834;255;5639;5664;8.05;0.49;252.98;5.43;805;28;1939.00;25
4835;28;626550709;4835;250;5640;5664;8.07;0.49;252.99;5.46;805;28;1940.00;24
4840;28;626550721;4840;243;5640;5664;8.07;0.49;253.01;5.46;800;28;1941.00;24
4842;28;626550732;4842;241;5640;5664;8.10;0.49;253.00;5.46;798;28;1942.00;24
4842;28;626550747;4842;235;5640;5664;8.12;0.49;253.00;5.46;798;28;1943.00;24
4844;28;626550763;4844;256;5682;5734;8.08;0.49;253.05;5.42;838;28;1944.00;52
4847;28;626550780;4847;244;5682;5735;8.16;0.50;253.11;5.42;835;28;1945.00;53
4847;28;626550792;4847;241;5687;5735;8.33;0.51;253.11;5.42;840;28;1946.00;48
4849;29;626550802;4849;239;5689;5735;8.39;0.51;253.11;5.41;840;29;1947.00;46
4852;29;626550818;4852;239;5693;5735;8.47;0.52;253.16;5.41;841;29;1948.00;42
4856;29;626550833;4856;235;5698;5735;8.53;0.52;253.13;5.44;842;29;1949.00;37
4858;29;626550846;4858;240;5702;5737;8.60;0.52;253.10;5.44;844;29;1950.00;35
4858;29;626550857;4858;242;5705;5737;8.67;0.53;253.10;5.44;847;29;1951.00;32
4859;29;626550868;4859;240;5707;5738;8.67;0.53;253.09;5.44;848;29;1952.00;31
4861;29;626550884;4861;244;5708;5739;8.66;0.53;253.10;5.44;847;29;1953.00;31
4864;29;626550895;4864;253;5710;5739;8.63;0.53;253.09;5.44;846;29;1954.00;29
4867;29;626550907;4867;251;5714;5743;8.55;0.52;253.08;5.44;847;29;1955.00;29
4869;29;626550918;4869;251;5714;5743;8.59;0.52;253.11;5.44;845;29;1956.00;29
4870;29;626550930;4870;252;5714;5743;8.58;0.52;253.09;5.44;844;29;1957.00;29
4872;29;626550942;4872;254;5714;5743;8.61;0.53;253.11;5.44;842;29;1958.00;29
4874;29;626550952;4874;253;5719;5749;8.58;0.52;253.10;5.43;845;29;1959.00;30
4876;29;626550964;4876;248;5719;5749;8.63;0.53;253.28;5.43;843;29;1960.00;30
4876;29;626550974;4876;250;5719;5749;8.65;0.53;253.28;5.43;843;29;1961.00;30
4879;29;626550985;4879;238;5722;5752;8.66;0.53;253.29;5.43;843;29;1962.00;30
4882;29;626550996;4882;239;5722;5752;8.68;0.53;253.32;5.43;840;29;1963.00;30
4885;29;626551007;4885;238;5722;5752;8.72;0.53;253.26;5.43;837;29;1964.00;30
4888;29;626551018;4888;233;5722;5753;8.74;0.53;253.26;5.43;834;29;1965.00;31
4892;29;626551029;4892;231;5723;5754;8.82;0.54;253.27;5.43;831;29;1966.00;31
4894;29;626551040;4894;229;5724;5754;8.84;0.54;253.25;5.46;830;29;1967.00;30
4896;29;626551050;4896;227;5732;5767;8.85;0.54;253.31;5.45;836;29;1968.00;35
4900;29;626551062;4900;226;5732;5767;8.83;0.54;253.41;5.45;832;29;1969.00;35
4905;29;626551073;4905;217;5733;5767;8.76;0.53;253.40;5.45;828;29;1970.00;34
4905;29;626551084;4905;213;5735;5768;8.81;0.53;253.40;5.48;830;29;1971.00;33
4909;29;626551094;4909;201;5735;5768;8.78;0.53;253.50;5.48;826;29;1972.00;33
4914;29;626551105;4914;195;5738;5772;8.75;0.53;253.47;5.48;824;29;1973.00;34
4919;29;626551125;4919;192;5740;5772;8.75;0.53;253.57;5.49;821;29;1974.00;32
4923;29;626551157;4923;186;5744;5776;8.77;0.53;253.66;5.52;821;29;1975.00;32
4927;29;626551175;4927;177;5745;5776;8.81;0.53;253.69;5.53;818;29;1976.00;31
4932;29;626551192;4932;170;5745;5776;8.86;0.54;253.76;5.53;813;29;1977.00;31
4936;29;626551207;4936;167;5745;5776;8.86;0.54;253.80;5.53;809;29;1978.00;31
4938;29;626551226;4938;162;5745;5776;8.91;0.54;253.80;5.53;807;29;1979.00;31
4939;29;626551240;4939;160;5765;5810;8.98;0.55;253.87;5.51;826;29;1980.00;45
4942;29;626551256;4942;163;5766;5810;9.01;0.55;253.97;5.51;824;29;1981.00;44
4945;29;626551268;4945;162;5769;5810;8.99;0.55;253.99;5.52;824;29;1982.00;41
4945;29;626551280;4945;164;5769;5810;8.99;0.55;253.99;5.52;824;29;1983.00;41
4947;29;626551292;4947;163;5770;5810;9.04;0.55;254.13;5.52;823;29;1984.00;40
4949;29;626551304;4949;155;5770;5810;9.10;0.55;254.07;5.52;821;29;1985.00;40
4952;29;626551315;4952;151;5772;5811;9.07;0.55;254.15;5.52;820;29;1986.00;39
4954;29;626551327;4954;157;5773;5811;9.06;0.55;254.28;5.52;819;29;1987.00;38
4955;29;626551338;4955;156;5777;5817;9.19;0.56;254.28;5.52;822;29;1988.00;40
4958;30;626551349;4958;162;5778;5818;9.19;0.56;254.32;5.52;820;30;1989.00;40
4962;30;626551374;4962;166;5780;5818;9.15;0.56;254.39;5.52;818;30;1990.00;38
4964;30;626551386;4964;171;5780;5818;9.15;0.56;254.37;5.52;816;30;1991.00;38
4967;30;626551398;4967;181;5782;5822;9.16;0.56;254.48;5.52;815;30;1992.00;40
4971;30;626551410;4971;182;5783;5822;9.14;0.55;254.53;5.52;812;30;1993.00;39
4974;30;626551421;4974;185;5783;5822;9.21;0.56;254.56;5.52;809;30;1994.00;39
4975;30;626551432;4975;182;5784;5823;9.27;0.56;254.53;5.52;809;30;1995.00;39
4978;30;626551445;4978;183;5788;5827;9.25;0.56;254.61;5.52;810;30;1996.00;39
4978;30;626551457;4978;183;5791;5827;9.23;0.56;254.61;5.55;813;30;1997.00;36
4984;30;626551470;4984;184;5793;5830;9.17;0.56;254.69;5.55;809;30;1998.00;37
4986;30;626551481;4986;192;5795;5830;9.18;0.56;254.74;5.55;809;30;1999.00;35
4987;30;626551495;4987;193;5797;5830;9.14;0.55;254.71;5.57;810;30;2000.00;33
4987;30;626551513;4987;193;5797;5830;9.15;0.56;254.71;5.57;810;30;2001.00;33
4988;30;626551526;4988;196;5800;5834;9.19;0.56;254.67;5.57;812;30;2002.00;34
4991;30;626551538;4991;202;5802;5834;9.18;0.56;254.69;5.60;811;30;2003.00;32
4993;30;626551550;4993;204;5803;5834;9.17;0.56;254.75;5.60;810;30;2004.00;31
4995;30;626551562;4995;203;5805;5834;9.12;0.56;254.86;5.62;810;30;2005.00;29
4996;30;626551573;4996;203;5805;5835;9.11;0.56;254.85;5.62;809;30;2006.00;30
4998;30;626551584;4998;206;5807;5836;9.10;0.55;255.00;5.63;809;30;2007.00;29
5000;30;626551596;5000;213;5809;5836;9.07;0.55;254.96;5.65;809;30;2008.00;27
5004;30;626551607;5004;220;5810;5837;9.05;0.55;254.90;5.65;806;30;2009.00;27
5007;30;626551619;5007;223;5810;5837;8.99;0.55;254.83;5.65;803;30;2010.00;27
5009;30;626551630;5009;226;5812;5837;8.86;0.54;254.78;5.66;803;30;2011.00;25
5012;30;626551641;5012;230;5812;5837;8.74;0.53;254.80;5.66;800;30;2012.00;25
5014;30;626551651;5014;237;5813;5837;8.64;0.53;254.77;5.67;799;30;2013.00;24
5015;30;626551662;5015;240;5814;5837;8.51;0.52;254.78;5.68;799;30;2014.00;23
5017;30;626551678;5017;248;5816;5837;8.42;0.51;254.81;5.69;799;30;2015.00;21
5020;30;626551688;5020;272;5879;5964;8.52;0.53;254.76;5.63;859;30;2016.00;85
5026;30;626551709;5026;268;5883;5965;8.39;0.52;254.65;5.64;857;30;2017.00;82
5029;30;626551719;5029;273;5894;5965;8.40;0.52;254.56;5.65;865;30;2018.00;71
5033;30;626551731;5033;275;5902;5965;8.31;0.51;254.44;5.64;869;30;2019.00;63
5034;30;626551741;5034;273;5910;5965;8.30;0.51;254.42;5.65;876;30;2020.00;55
5035;30;626551752;5035;267;5915;5965;8.25;0.51;254.41;5.65;880;30;2021.00;50
5036;30;626551763;5036;266;5918;5965;8.21;0.51;254.38;5.65;882;30;2022.00;47
5039;31;626551773;5039;267;5923;5965;8.12;0.50;254.44;5.65;884;31;2023.00;42
5041;31;626551798;5041;267;5928;5966;8.07;0.50;254.50;5.66;887;31;2024.00;38
5044;31;626551810;5044;268;5934;5968;8.04;0.50;254.49;5.66;890;31;2025.00;34
5045;31;626551822;5045;277;5936;5968;8.12;0.50;254.47;5.66;891;31;2026.00;32
5047;31;626551833;5047;282;5937;5969;8.14;0.50;254.44;5.66;890;31;2027.00;32
5050;31;626551844;5050;292;5940;5969;8.08;0.50;254.34;5.67;890;31;2028.00;29
5051;31;626551854;5051;299;5941;5969;7.98;0.49;254.32;5.67;890;31;2029.00;28
5054;31;626551873;5054;309;5946;5969;7.91;0.49;254.41;5.69;892;31;2030.00;23
5057;31;626551884;5057;317;5948;5973;7.83;0.48;254.40;5.68;891;31;2031.00;25
5058;31;626551896;5058;326;5950;5973;7.67;0.47;254.41;5.69;892;31;2032.00;23
5059;31;626551906;5059;336;5952;5973;7.52;0.46;254.41;5.69;893;31;2033.00;21
5061;31;626551917;5061;337;5954;5976;7.39;0.46;254.38;5.69;893;31;2034.00;22
5065;31;626551927;5065;339;5958;5976;7.19;0.44;254.40;5.70;893;31;2035.00;18
5070;31;626551938;5070;348;5959;5976;7.05;0.44;254.35;5.70;889;31;2036.00;17
5075;31;626551948;5075;352;5962;5980;6.93;0.43;254.24;5.69;887;31;2037.00;18
5078;31;626551959;5078;364;5965;5981;6.83;0.42;254.24;5.69;887;31;2038.00;16
5082;31;626551970;5082;372;5965;5981;6.64;0.41;254.15;5.69;883;31;2039.00;16
5085;31;626551981;5085;357;5970;5986;6.58;0.41;254.20;5.69;885;31;2040.00;16
5089;31;626551992;5089;356;5972;5986;6.42;0.40;254.20;5.69;883;31;2041.00;14
5091;31;626552001;5091;360;5972;5986;6.33;0.39;254.19;5.69;881;31;2042.00;14
5093;31;626552011;5093;348;5973;5987;6.30;0.39;254.20;5.69;880;31;2043.00;14
5095;31;626552022;5095;341;5973;5987;6.34;0.39;254.27;5.69;878;31;2044.00;14
5100;31;626552039;5100;336;5977;5993;6.36;0.39;254.18;5.69;877;31;2045.00;16
5105;31;626552051;5105;333;5977;5993;6.37;0.39;254.11;5.69;872;31;2046.00;16
5108;31;626552062;5108;325;5978;5994;6.48;0.40;254.15;5.69;870;31;2047.00;16
5110;31;626552073;5110;318;5980;5994;6.52;0.40;254.16;5.68;870;31;2048.00;14
5112;31;626552091;5112;319;5980;5994;6.63;0.41;254.21;5.68;868;31;2049.00;14
5115;31;626552113;5115;313;5980;5994;6.74;0.41;254.16;5.68;865;31;2050.00;14
5117;31;626552124;5117;302;5980;5994;6.82;0.42;254.25;5.68;863;31;2051.00;14
5121;32;626552135;5121;299;5990;6006;6.88;0.42;254.22;5.68;869;32;2052.00;16
5126;32;626552165;5126;294;5990;6006;6.86;0.42;254.16;5.68;864;32;2053.00;16
5127;32;626552177;5127;293;5992;6006;6.95;0.42;254.19;5.67;865;32;2054.00;14
5129;32;626552188;5129;294;5992;6006;7.02;0.43;254.20;5.67;863;32;2055.00;14
5132;32;626552198;5132;289;5992;6006;7.08;0.43;254.22;5.67;860;32;2056.00;14
5134;32;626552208;5134;294;5992;6006;7.21;0.44;254.24;5.67;858;32;2057.00;14
5135;32;626552219;5135;286;5996;6010;7.31;0.45;254.26;5.67;861;32;2058.00;14
5138;32;626552230;5138;288;5996;6010;7.39;0.45;254.31;5.67;858;32;2059.00;14
5138;32;626552241;5138;290;5999;6014;7.52;0.46;254.31;5.67;861;32;2060.00;15
5143;32;626552252;5143;288;6000;6015;7.52;0.46;254.33;5.67;857;32;2061.00;15
5146;32;626552270;5146;289;6001;6015;7.56;0.46;254.39;5.67;855;32;2062.00;14
5150;32;626552281;5150;289;6001;6015;7.58;0.46;254.35;5.67;851;32;2063.00;14
5152;32;626552293;5152;297;6014;6028;7.63;0.46;254.31;5.65;862;32;2064.00;14
5158;32;626552310;5158;288;6014;6028;7.65;0.47;254.29;5.65;856;32;2065.00;14
5160;32;626552322;5160;287;6014;6028;7.67;0.47;254.35;5.65;854;32;2066.00;14
5163;32;626552333;5163;276;6016;6029;7.67;0.47;254.27;5.70;853;32;2067.00;13
5166;32;626552350;5166;282;6016;6030;7.67;0.47;254.33;5.70;850;32;2068.00;14
5172;32;626552367;5172;277;6016;6030;7.62;0.46;254.44;5.70;844;32;2069.00;14
5174;32;626552380;5174;283;6019;6036;7.70;0.47;254.60;5.69;845;32;2070.00;17
5176;32;626552391;5176;280;6019;6036;7.71;0.47;254.62;5.69;843;32;2071.00;17
5181;32;626552403;5181;288;6020;6036;7.77;0.48;254.75;5.69;839;32;2072.00;16
5188;32;626552414;5188;289;6020;6036;7.74;0.47;254.80;5.69;832;32;2073.00;16
5190;32;626552426;5190;289;6024;6042;7.81;0.48;254.85;5.69;834;32;2074.00;18
5196;32;626552438;5196;292;6024;6042;7.80;0.48;254.86;5.69;828;32;2075.00;18
5204;32;626552449;5204;289;6025;6042;7.75;0.47;255.09;5.69;821;32;2076.00;17
5207;32;626552461;5207;292;6025;6042;7.70;0.47;255.16;5.69;818;32;2077.00;17
5210;32;626552472;5210;287;6029;6046;7.72;0.47;255.24;5.69;819;32;2078.00;17
5215;32;626552483;5215;287;6030;6047;7.73;0.47;255.46;5.69;815;32;2079.00;17
5215;32;626552500;5215;291;6031;6047;7.74;0.47;255.46;5.69;816;32;2080.00;16
5220;32;626552511;5220;291;6032;6048;7.72;0.47;255.45;5.69;812;32;2081.00;16
5224;32;626552522;5224;300;6032;6048;7.70;0.47;255.50;5.69;808;32;2082.00;16
5225;32;626552534;5225;301;6032;6048;7.76;0.47;255.54;5.69;807;32;2083.00;16
5228;32;626552545;5228;304;6033;6048;7.79;0.47;255.63;5.73;805;32;2084.00;15
5230;32;626552555;5230;308;6033;6048;7.80;0.48;255.66;5.73;803;32;2085.00;15
5232;32;626552566;5232;311;6033;6048;7.79;0.47;255.65;5.73;801;32;2086.00;15
5236;32;626552577;5236;301;6033;6048;7.68;0.47;255.73;5.73;797;32;2087.00;15
5238;32;626552588;5238;309;6077;6118;7.76;0.47;255.80;5.69;839;32;2088.00;41
5241;32;626552606;5241;291;6078;6119;7.74;0.47;255.90;5.69;837;32;2089.00;41
5243;32;626552618;5243;287;6084;6119;7.91;0.48;255.97;5.74;841;32;2090.00;35
5248;32;626552630;5248;283;6088;6119;8.03;0.49;256.09;5.73;840;32;2091.00;31
5252;32;626552642;5252;280;6092;6119;8.14;0.50;256.15;5.73;840;32;2092.00;27
5253;32;626552654;5253;279;6096;6119;8.33;0.51;256.13;5.73;843;32;2093.00;23
5257;32;626552665;5257;281;6098;6119;8.42;0.51;256.27;5.78;841;32;2094.00;21
5260;32;626552677;5260;283;6099;6119;8.47;0.52;256.31;5.78;839;32;2095.00;20
5263;32;626552690;5263;273;6101;6120;8.53;0.52;256.25;5.78;838;32;2096.00;19
5268;32;626552702;5268;263;6102;6121;8.51;0.52;256.35;5.78;834;32;2097.00;19
5272;32;626552721;5272;257;6103;6121;8.55;0.52;256.33;5.78;831;32;2098.00;18
5273;32;626552735;5273;255;6106;6125;8.56;0.52;256.40;5.78;833;32;2099.00;19
5277;32;626552752;5277;255;6110;6140;8.56;0.52;256.52;5.77;833;32;2100.00;30
5279;32;626552775;5279;254;6110;6140;8.66;0.53;256.53;5.77;831;32;2101.00;30
5283;32;626552788;5283;255;6110;6140;8.70;0.53;256.65;5.77;827;32;2102.00;30
5285;32;626552806;5285;262;6113;6146;8.72;0.53;256.77;5.77;828;32;2103.00;33
5287;32;626552819;5287;260;6113;6146;8.77;0.53;256.78;5.77;826;32;2104.00;33
5290;32;626552831;5290;260;6113;6146;8.81;0.54;256.81;5.77;823;32;2105.00;33
5292;32;626552843;5292;254;6117;6149;8.88;0.54;256.80;5.77;825;32;2106.00;32
5294;32;626552856;5294;249;6117;6149;8.95;0.54;256.81;5.77;823;32;2107.00;32
5296;32;626552868;5296;243;6117;6149;9.02;0.55;256.84;5.77;821;32;2108.00;32
5298;32;626552880;5298;238;6117;6150;9.05;0.55;256.85;5.77;819;32;2109.00;33
5300;32;626552892;5300;233;6118;6151;9.05;0.55;256.87;5.77;818;32;2110.00;33
5305;32;626552904;5305;226;6118;6151;9.03;0.55;256.78;5.77;813;32;2111.00;33
5310;32;626552916;5310;230;6129;6164;9.00;0.54;256.79;5.76;819;32;2112.00;35
5311;32;626552929;5311;221;6129;6164;9.05;0.55;256.78;5.76;818;32;2113.00;35
5316;32;626552940;5316;223;6129;6164;9.04;0.55;256.82;5.76;813;32;2114.00;35
5317;32;626552952;5317;221;6131;6166;9.10;0.55;256.79;5.76;814;32;2115.00;35
5317;32;626552964;5317;221;6131;6166;9.14;0.55;256.79;5.76;814;32;2116.00;35
5318;32;626552975;5318;227;6134;6170;9.14;0.56;256.79;5.76;816;32;2117.00;36
5318;32;626552987;5318;224;6135;6170;9.17;0.56;256.79;5.76;817;32;2118.00;35
5320;32;626552998;5320;228;6138;6174;9.20;0.56;256.75;5.76;818;32;2119.00;36
5321;32;626553016;5321;224;6138;6174;9.23;0.56;256.77;5.76;817;32;2120.00;36
5323;32;626553028;5323;226;6138;6174;9.22;0.56;256.77;5.76;815;32;2121.00;36
5325;32;626553039;5325;225;6138;6174;9.26;0.56;256.78;5.76;813;32;2122.00;36
5329;32;626553050;5329;228;6139;6174;9.21;0.56;256.76;5.76;810;32;2123.00;35
5331;32;626553068;5331;226;6149;6186;9.18;0.56;256.77;5.76;818;32;2124.00;37
5332;32;626553086;5332;224;6149;6186;9.16;0.56;256.76;5.76;817;32;2125.00;37
5336;32;626553098;5336;222;6149;6186;9.15;0.56;256.74;5.76;813;32;2126.00;37
5337;32;626553111;5337;219;6151;6186;9.10;0.55;256.74;5.76;814;32;2127.00;35
5339;32;626553129;5339;219;6152;6186;9.12;0.56;256.74;5.80;813;32;2128.00;34
5340;32;626553147;5340;221;6155;6186;9.12;0.56;256.74;5.81;815;32;2129.00;31
5340;32;626553167;5340;214;6157;6187;9.19;0.56;256.74;5.81;817;32;2130.00;30
5342;32;626553184;5342;208;6157;6187;9.20;0.56;256.74;5.81;815;32;2131.00;30
5343;32;626553209;5343;206;6161;6193;9.19;0.56;256.73;5.81;818;32;2132.00;32
5344;32;626553225;5344;203;6163;6194;9.12;0.56;256.76;5.81;819;32;2133.00;31
5348;32;626553238;5348;203;6163;6194;9.09;0.55;256.73;5.81;815;32;2134.00;31
5351;32;626553250;5351;197;6164;6194;9.01;0.55;256.83;5.81;813;32;2135.00;30
5355;32;626553262;5355;195;6168;6198;8.95;0.54;256.81;5.81;813;32;2136.00;30
5356;32;626553276;5356;186;6169;6198;8.84;0.54;256.80;5.81;813;32;2137.00;29
5359;32;626553288;5359;184;6169;6198;8.76;0.53;256.81;5.81;810;32;2138.00;29
5363;32;626553299;5363;183;6170;6199;8.72;0.53;256.79;5.81;807;32;2139.00;29
5366;32;626553311;5366;180;6173;6203;8.66;0.53;256.83;5.81;807;32;2140.00;30
5371;32;626553323;5371;179;6173;6203;8.64;0.53;256.83;5.81;802;32;2141.00;30
5378;32;626553335;5378;168;6175;6206;8.56;0.52;256.77;5.81;797;32;2142.00;31
5382;32;626553347;5382;164;6175;6206;8.56;0.52;256.81;5.81;793;32;2143.00;31
5386;32;626553357;5386;165;6176;6206;8.59;0.52;256.81;5.81;790;32;2144.00;30
5390;32;626553368;5390;164;6178;6206;8.55;0.52;256.78;5.83;788;32;2145.00;28
5390;33;626553380;5390;161;6181;6210;8.67;0.53;256.78;5.83;791;33;2146.00;29
5392;33;626553408;5392;160;6182;6210;8.67;0.53;256.78;5.82;790;33;2147.00;28
5394;33;626553420;5394;160;6183;6210;8.57;0.52;256.83;5.88;789;33;2148.00;27
5398;33;626553443;5398;157;6183;6210;8.55;0.52;256.80;5.88;785;33;2149.00;27
5401;33;626553454;5401;159;6183;6211;8.44;0.51;256.78;5.88;782;33;2150.00;28
5405;33;626553465;5405;161;6184;6212;8.38;0.51;256.82;5.88;779;33;2151.00;28
5407;33;626553476;5407;162;6185;6212;8.34;0.51;256.77;5.92;778;33;2152.00;27
5410;33;626553487;5410;169;6186;6213;8.33;0.51;256.81;5.92;776;33;2153.00;27
5411;33;626553497;5411;169;6187;6213;8.37;0.51;256.77;5.96;776;33;2154.00;26
5415;33;626553507;5415;173;6187;6213;8.40;0.51;256.75;5.96;772;33;2155.00;26
5418;33;626553518;5418;175;6187;6213;8.44;0.51;256.76;5.96;769;33;2156.00;26
5419;33;626553528;5419;182;6187;6213;8.47;0.51;256.74;5.96;768;33;2157.00;26
5422;33;626553538;5422;184;6189;6213;8.43;0.51;256.68;6.03;767;33;2158.00;24
5424;33;626553548;5424;181;6189;6213;8.34;0.51;256.74;6.03;765;33;2159.00;24
5425;33;626553559;5425;221;6285;6443;8.47;0.53;256.71;5.94;860;33;2160.00;158
5428;33;626553594;5428;217;6290;6444;8.41;0.53;256.69;5.96;862;33;2161.00;154
5429;33;626553605;5429;209;6299;6444;8.52;0.53;256.66;5.96;870;33;2162.00;145
5430;33;626553616;5430;215;6307;6444;8.52;0.53;256.65;5.95;877;33;2163.00;137
5433;33;626553626;5433;208;6313;6444;8.53;0.53;256.58;5.95;880;33;2164.00;131
5436;33;626553645;5436;210;6320;6444;8.52;0.53;256.56;5.95;884;33;2165.00;124
5438;33;626553663;5438;206;6327;6444;8.47;0.53;256.51;5.95;889;33;2166.00;117
5441;33;626553674;5441;212;6332;6444;8.48;0.53;256.46;5.95;891;33;2167.00;112
5444;33;626553693;5444;215;6337;6445;8.49;0.53;256.36;5.95;893;33;2168.00;108
5447;33;626553704;5447;225;6342;6446;8.45;0.52;256.30;5.96;895;33;2169.00;104
5448;33;626553716;5448;231;6347;6446;8.42;0.52;256.31;5.97;899;33;2170.00;99
5451;33;626553733;5451;242;6353;6447;8.36;0.52;256.26;5.99;902;33;2171.00;94
5453;33;626553746;5453;245;6355;6447;8.33;0.51;256.23;5.99;902;33;2172.00;92
5455;33;626553760;5455;252;6359;6447;8.24;0.51;256.19;6.02;904;33;2173.00;88
5457;33;626553773;5457;257;6363;6447;8.18;0.50;256.18;6.02;906;33;2174.00;84
5458;33;626553786;5458;260;6367;6451;8.14;0.50;256.16;6.02;909;33;2175.00;84
5460;33;626553798;5460;257;6368;6451;8.03;0.49;256.18;6.03;908;33;2176.00;83
5460;33;626553810;5460;267;6373;6451;7.92;0.49;256.18;6.05;913;33;2177.00;78
5461;33;626553831;5461;276;6379;6454;7.79;0.48;256.20;6.07;918;33;2178.00;75
5462;33;626553851;5462;277;6382;6454;7.73;0.47;256.23;6.09;920;33;2179.00;72
5462;33;626553871;5462;279;6387;6454;7.61;0.47;256.23;6.10;925;33;2180.00;67
5462;33;626553884;5462;290;6392;6458;7.56;0.46;256.23;6.11;930;33;2181.00;66
5466;33;626553898;5466;297;6395;6459;7.53;0.46;256.26;6.11;929;33;2182.00;64
5468;33;626553911;5468;311;6399;6459;7.50;0.46;256.19;6.15;931;33;2183.00;60
5469;33;626553930;5469;318;6402;6463;7.43;0.46;256.18;6.15;933;33;2184.00;61
5470;33;626553944;5470;328;6405;6463;7.35;0.45;256.16;6.17;935;33;2185.00;58
5474;33;626553956;5474;329;6408;6463;7.25;0.44;256.07;6.18;934;33;2186.00;55
5474;33;626553969;5474;343;6413;6464;7.17;0.44;256.07;6.20;939;33;2187.00;51
5476;33;626553981;5476;351;6415;6464;7.09;0.43;256.04;6.20;939;33;2188.00;49
5476;33;626553994;5476;357;6419;6470;7.08;0.43;256.04;6.20;943;33;2189.00;51
5479;33;626554009;5479;367;6422;6470;6.95;0.43;255.95;6.22;943;33;2190.00;48
5480;33;626554021;5480;363;6424;6471;6.87;0.42;255.93;6.23;944;33;2191.00;47
5483;33;626554034;5483;361;6426;6471;6.80;0.42;255.87;6.23;943;33;2192.00;45
5484;33;626554046;5484;365;6429;6471;6.75;0.41;255.85;6.25;945;33;2193.00;42
5486;33;626554058;5486;370;6431;6471;6.70;0.41;255.82;6.26;945;33;2194.00;40
5487;33;626554070;5487;365;6433;6471;6.69;0.41;255.83;6.26;946;33;2195.00;38
5487;33;626554081;5487;359;6445;6483;6.77;0.41;255.83;6.26;958;33;2196.00;38
5490;33;626554095;5490;362;6448;6483;6.78;0.41;255.80;6.27;958;33;2197.00;35
5491;33;626554108;5491;359;6448;6483;6.88;0.42;255.79;6.27;957;33;2198.00;35
5492;33;626554123;5492;356;6453;6483;6.92;0.42;255.77;6.28;961;33;2199.00;30
5492;33;626554143;5492;355;6454;6483;6.93;0.42;255.77;6.29;962;33;2200.00;29
5496;33;626554159;5496;354;6454;6483;6.94;0.42;255.74;6.29;958;33;2201.00;29
5499;33;626554179;5499;346;6459;6487;6.93;0.42;255.72;6.29;960;33;2202.00;28
5499;33;626554191;5499;346;6459;6487;6.88;0.42;255.72;6.29;960;33;2203.00;28
5501;33;626554201;5501;347;6464;6491;6.86;0.42;255.74;6.30;963;33;2204.00;27
5506;33;626554219;5506;349;6466;6493;6.72;0.41;255.67;6.29;960;33;2205.00;27
5508;33;626554231;5508;348;6466;6493;6.65;0.41;255.73;6.29;958;33;2206.00;27
5512;33;626554242;5512;356;6467;6493;6.49;0.40;255.74;6.30;955;33;2207.00;26
5515;33;626554260;5515;361;6478;6506;6.36;0.39;255.70;6.29;963;33;2208.00;28
5517;33;626554272;5517;369;6479;6506;6.32;0.39;255.74;6.29;962;33;2209.00;27
5520;33;626554283;5520;359;6481;6508;6.27;0.39;255.77;6.29;961;33;2210.00;27
5522;33;626554295;5522;343;6483;6509;6.25;0.38;255.74;6.30;961;33;2211.00;26
5523;33;626554308;5523;343;6483;6510;6.24;0.38;255.75;6.30;960;33;2212.00;27
5526;33;626554322;5526;340;6485;6510;6.24;0.38;255.81;6.30;959;33;2213.00;25
5526;33;626554334;5526;343;6488;6513;6.29;0.39;255.81;6.30;962;33;2214.00;25
5529;33;626554345;5529;343;6488;6513;6.37;0.39;255.83;6.30;959;33;2215.00;25
5535;33;626554356;5535;336;6488;6513;6.32;0.39;256.02;6.30;953;33;2216.00;25
5535;33;626554368;5535;334;6489;6513;6.44;0.40;256.02;6.30;954;33;2217.00;24
5537;33;626554379;5537;321;6492;6519;6.57;0.40;256.09;6.30;955;33;2218.00;27
5541;33;626554391;5541;321;6492;6519;6.62;0.41;256.23;6.30;951;33;2219.00;27
5544;33;626554404;5544;316;6493;6519;6.67;0.41;256.29;6.30;949;33;2220.00;26
5546;33;626554415;5546;305;6493;6519;6.71;0.41;256.39;6.30;947;33;2221.00;26
5550;33;626554426;5550;298;6497;6523;6.78;0.42;256.36;6.30;947;33;2222.00;26
5557;33;626554438;5557;286;6499;6524;6.86;0.42;256.49;6.34;942;33;2223.00;25
5562;33;626554450;5562;276;6500;6524;6.95;0.43;256.56;6.34;938;33;2224.00;24
5566;33;626554462;5566;281;6501;6525;7.04;0.43;256.52;6.33;935;33;2225.00;24
5569;33;626554473;5569;281;6502;6525;7.10;0.43;256.66;6.33;933;33;2226.00;23
5576;33;626554485;5576;279;6502;6525;7.13;0.44;256.71;6.33;926;33;2227.00;23
5580;33;626554497;5580;282;6502;6525;7.20;0.44;256.86;6.33;922;33;2228.00;23
5585;33;626554508;5585;286;6502;6525;7.31;0.45;256.80;6.33;917;33;2229.00;23
5589;33;626554520;5589;284;6502;6525;7.37;0.45;256.83;6.33;913;33;2230.00;23
5593;33;626554532;5593;277;6502;6525;7.40;0.45;256.93;6.33;909;33;2231.00;23
5597;33;626554549;5597;272;6539;6595;7.56;0.46;256.99;6.30;942;33;2232.00;56
5598;33;626554566;5598;260;6541;6596;7.61;0.47;257.04;6.30;943;33;2233.00;55
5604;33;626554578;5604;256;6547;6596;7.67;0.47;257.05;6.29;943;33;2234.00;49
5608;33;626554591;5608;255;6556;6596;7.79;0.48;257.11;6.29;948;33;2235.00;40
5609;33;626554604;5609;259;6562;6596;7.85;0.48;257.16;6.29;953;33;2236.00;34
5615;33;626554616;5615;267;6566;6596;7.90;0.48;257.30;6.29;951;33;2237.00;30
5619;33;626554629;5619;276;6566;6596;7.93;0.48;257.25;6.29;947;33;2238.00;30
5625;33;626554642;5625;274;6567;6596;7.97;0.49;257.20;6.29;942;33;2239.00;29
5629;33;626554655;5629;280;6569;6597;7.97;0.49;257.36;6.29;940;33;2240.00;28
5634;33;626554668;5634;279;6570;6598;7.95;0.48;257.32;6.28;936;33;2241.00;28
5637;33;626554681;5637;291;6570;6598;7.97;0.49;257.45;6.28;933;33;2242.00;28
5645;33;626554694;5645;290;6573;6602;7.92;0.48;257.57;6.28;928;33;2243.00;29
5647;33;626554707;5647;289;6573;6602;7.93;0.48;257.55;6.28;926;33;2244.00;29
5651;33;626554726;5651;292;6573;6602;7.90;0.48;257.65;6.28;922;33;2245.00;29
5654;33;626554738;5654;284;6573;6602;7.86;0.48;257.69;6.28;919;33;2246.00;29
5661;33;626554752;5661;286;6577;6608;7.89;0.48;257.71;6.28;916;33;2247.00;31
5664;33;626554765;5664;285;6578;6608;7.98;0.49;257.74;6.28;914;33;2248.00;30
5666;33;626554777;5666;287;6578;6608;8.03;0.49;257.79;6.28;912;33;2249.00;30
5673;33;626554792;5673;283;6581;6614;8.05;0.49;257.78;6.28;908;33;2250.00;33
5674;33;626554805;5674;286;6581;6614;8.01;0.49;257.82;6.28;907;33;2251.00;33
5679;33;626554817;5679;291;6582;6614;8.00;0.49;257.88;6.27;903;33;2252.00;32
5681;33;626554830;5681;296;6583;6615;7.98;0.49;257.93;6.27;902;33;2253.00;32
5684;33;626554842;5684;300;6584;6616;7.90;0.48;258.04;6.27;900;33;2254.00;32
5687;33;626554855;5687;300;6585;6616;7.83;0.48;258.09;6.27;898;33;2255.00;31
5690;33;626554873;5690;309;6596;6629;7.87;0.48;258.19;6.26;906;33;2256.00;33
5694;33;626554886;5694;305;6597;6629;7.81;0.48;258.20;6.30;903;33;2257.00;32
5698;33;626554900;5698;298;6597;6629;7.71;0.47;258.31;6.30;899;33;2258.00;32
5700;33;626554918;5700;299;6598;6630;7.70;0.47;258.50;6.30;898;33;2259.00;32
5704;33;626554932;5704;297;6598;6630;7.65;0.47;258.44;6.30;894;33;2260.00;32
5707;33;626554947;5707;289;6601;6634;7.66;0.47;258.48;6.30;894;33;2261.00;33
5708;33;626554961;5708;289;6601;6634;7.71;0.47;258.54;6.30;893;33;2262.00;33
5713;33;626554981;5713;290;6605;6638;7.68;0.47;258.55;6.29;892;33;2263.00;33
5715;33;626554994;5715;282;6605;6638;7.72;0.47;258.56;6.29;890;33;2264.00;33
5719;33;626555006;5719;282;6605;6638;7.75;0.47;258.60;6.29;886;33;2265.00;33
5721;33;626555019;5721;273;6605;6638;7.80;0.48;258.61;6.29;884;33;2266.00;33
5723;33;626555032;5723;256;6605;6638;7.84;0.48;258.70;6.29;882;33;2267.00;33
5726;33;626555044;5726;243;6614;6650;7.94;0.49;258.79;6.28;888;33;2268.00;36
5728;33;626555058;5728;239;6614;6650;8.01;0.49;258.85;6.28;886;33;2269.00;36
5733;33;626555071;5733;236;6616;6650;8.09;0.49;258.95;6.28;883;33;2270.00;34
5737;33;626555083;5737;241;6616;6650;8.15;0.50;258.99;6.28;879;33;2271.00;34
5741;33;626555096;5741;239;6616;6650;8.22;0.50;259.07;6.28;875;33;2272.00;34
5745;33;626555109;5745;244;6616;6650;8.26;0.50;259.08;6.28;871;33;2273.00;34
5746;33;626555137;5746;240;6616;6651;8.39;0.51;259.15;6.28;870;33;2274.00;35
5749;33;626555157;5749;238;6617;6651;8.47;0.52;259.25;6.32;868;33;2275.00;34
5749;33;626555185;5749;243;6621;6657;8.54;0.52;259.25;6.32;872;33;2276.00;36
5752;33;626555204;5752;230;6622;6658;8.58;0.52;259.29;6.32;870;33;2277.00;36
5757;33;626555226;5757;232;6623;6658;8.58;0.52;259.27;6.32;866;33;2278.00;35
5760;33;626555244;5760;231;6623;6658;8.55;0.52;259.30;6.32;863;33;2279.00;35
5761;33;626555264;5761;230;6627;6663;8.55;0.52;259.30;6.31;866;33;2280.00;36
5764;33;626555280;5764;224;6627;6663;8.51;0.52;259.33;6.31;863;33;2281.00;36
5765;33;626555294;5765;222;6627;6663;8.52;0.52;259.41;6.31;862;33;2282.00;36
5768;33;626555307;5768;221;6628;6664;8.52;0.52;259.57;6.31;860;33;2283.00;36
5769;33;626555321;5769;221;6631;6668;8.55;0.52;259.58;6.31;862;33;2284.00;37
5771;33;626555334;5771;217;6631;6668;8.53;0.52;259.65;6.31;860;33;2285.00;37
5777;33;626555347;5777;222;6633;6671;8.49;0.51;259.72;6.31;856;33;2286.00;38
5780;33;626555366;5780;221;6633;6671;8.49;0.52;259.75;6.31;853;33;2287.00;38
5782;33;626555382;5782;220;6634;6671;8.50;0.52;259.72;6.31;852;33;2288.00;37
5784;33;626555396;5784;211;6634;6671;8.49;0.52;259.74;6.31;850;33;2289.00;37
5790;33;626555411;5790;209;6637;6675;8.43;0.51;259.81;6.30;847;33;2290.00;38
5792;33;626555431;5792;214;6637;6675;8.38;0.51;259.78;6.30;845;33;2291.00;38
5793;33;626555443;5793;212;6638;6675;8.41;0.51;259.82;6.30;845;33;2292.00;37
5795;33;626555455;5795;212;6638;6675;8.42;0.51;259.80;6.30;843;33;2293.00;37
5798;33;626555467;5798;211;6638;6676;8.41;0.51;259.81;6.30;840;33;2294.00;38
5801;33;626555479;5801;223;6640;6678;8.40;0.51;259.84;6.30;839;33;2295.00;38
5803;33;626555491;5803;222;6640;6678;8.37;0.51;259.97;6.30;837;33;2296.00;38
5806;33;626555502;5806;223;6641;6679;8.34;0.50;260.05;6.30;835;33;2297.00;38
5808;33;626555514;5808;224;6642;6679;8.23;0.50;260.10;6.33;834;33;2298.00;37
5813;33;626555532;5813;224;6642;6679;8.10;0.49;260.12;6.33;829;33;2299.00;37
5813;33;626555544;5813;222;6642;6679;8.09;0.49;260.12;6.33;829;33;2300.00;37
5813;33;626555559;5813;223;6642;6679;8.03;0.49;260.12;6.33;829;33;2301.00;37
5815;33;626555570;5815;220;6642;6679;8.02;0.49;260.19;6.33;827;33;2302.00;37
5816;33;626555580;5816;221;6642;6679;8.01;0.49;260.19;6.33;826;33;2303.00;37
5819;33;626555591;5819;244;6713;6806;7.93;0.49;260.24;6.27;894;33;2304.00;93
5820;33;626555613;5820;236;6713;6807;7.88;0.48;260.27;6.27;893;33;2305.00;94
5823;33;626555624;5823;224;6720;6807;7.96;0.49;260.34;6.26;897;33;2306.00;87
5823;33;626555637;5823;227;6724;6807;8.08;0.50;260.34;6.26;901;33;2307.00;83
5825;33;626555649;5825;223;6730;6807;8.11;0.50;260.39;6.26;905;33;2308.00;77
5827;33;626555660;5827;217;6735;6807;8.15;0.50;260.35;6.26;908;33;2309.00;72
5829;33;626555678;5829;212;6741;6807;8.22;0.51;260.35;6.26;912;33;2310.00;66
5832;33;626555689;5832;215;6745;6807;8.24;0.51;260.33;6.26;913;33;2311.00;62
5836;33;626555700;5836;210;6749;6808;8.19;0.50;260.32;6.28;913;33;2312.00;59
5842;33;626555718;5842;212;6752;6809;8.09;0.50;260.26;6.28;910;33;2313.00;57
5844;33;626555729;5844;210;6754;6809;8.09;0.50;260.30;6.28;910;33;2314.00;55
5847;33;626555742;5847;210;6755;6810;8.02;0.49;260.26;6.28;908;33;2315.00;55
5851;33;626555753;5851;210;6758;6810;7.98;0.49;260.22;6.30;907;33;2316.00;52
5855;33;626555765;5855;206;6760;6810;7.89;0.49;260.25;6.32;905;33;2317.00;50
5860;33;626555776;5860;206;6763;6810;7.81;0.48;260.24;6.34;903;33;2318.00;47
5863;33;626555788;5863;207;6764;6814;7.71;0.47;260.15;6.34;901;33;2319.00;50
5864;33;626555800;5864;212;6766;6814;7.65;0.47;260.16;6.34;902;33;2320.00;48
5865;33;626555811;5865;211;6767;6814;7.60;0.47;260.13;6.34;902;33;2321.00;47
5867;33;626555823;5867;217;6771;6817;7.57;0.46;260.16;6.35;904;33;2322.00;46
5870;33;626555834;5870;226;6771;6817;7.53;0.46;260.09;6.35;901;33;2323.00;46
5871;33;626555847;5871;234;6772;6817;7.46;0.46;260.06;6.35;901;33;2324.00;45
5873;33;626555858;5873;242;6776;6821;7.44;0.46;259.99;6.35;903;33;2325.00;45
5876;33;626555870;5876;248;6778;6822;7.40;0.45;259.90;6.35;902;33;2326.00;44
5879;33;626555881;5879;256;6778;6822;7.33;0.45;259.88;6.35;899;33;2327.00;44
5880;33;626555893;5880;264;6781;6826;7.30;0.45;259.84;6.35;901;33;2328.00;45
5882;33;626555904;5882;266;6781;6826;7.23;0.44;259.78;6.35;899;33;2329.00;45
5883;33;626555915;5883;277;6781;6826;7.16;0.44;259.88;6.35;898;33;2330.00;45
5885;33;626555927;5885;275;6782;6827;7.12;0.43;259.85;6.34;897;33;2331.00;45
5887;33;626555937;5887;279;6782;6827;7.06;0.43;259.77;6.34;895;33;2332.00;45
5888;33;626555948;5888;285;6786;6833;7.05;0.43;259.76;6.34;898;33;2333.00;47
5889;33;626555960;5889;286;6787;6833;7.04;0.43;259.77;6.34;898;33;2334.00;46
5889;33;626555972;5889;290;6787;6834;7.01;0.43;259.77;6.34;898;33;2335.00;47
5892;33;626555983;5892;292;6787;6834;6.94;0.42;259.72;6.34;895;33;2336.00;47
5892;33;626555994;5892;293;6787;6834;6.92;0.42;259.72;6.34;895;33;2337.00;47
5894;33;626556006;5894;300;6788;6834;6.82;0.41;259.68;6.36;894;33;2338.00;46
5897;33;626556016;5897;302;6788;6834;6.82;0.41;259.68;6.36;891;33;2339.00;46
5899;33;626556029;5899;309;6809;6870;6.92;0.42;259.65;6.34;910;33;2340.00;61
5899;33;626556043;5899;314;6812;6870;6.93;0.42;259.65;6.37;913;33;2341.00;58
5901;33;626556055;5901;318;6815;6870;6.94;0.42;259.65;6.36;914;33;2342.00;55
5903;33;626556067;5903;323;6820;6870;6.88;0.42;259.65;6.39;917;33;2343.00;50
5905;33;626556078;5905;326;6821;6870;6.88;0.42;259.64;6.40;916;33;2344.00;49
5906;33;626556089;5906;337;6823;6870;6.90;0.42;259.64;6.41;917;33;2345.00;47
5907;33;626556106;5907;332;6827;6874;6.91;0.42;259.62;6.41;920;33;2346.00;47
5908;33;626556119;5908;323;6829;6874;6.92;0.42;259.61;6.43;921;33;2347.00;45
5910;33;626556131;5910;317;6832;6878;6.91;0.42;259.58;6.43;922;33;2348.00;46
5910;33;626556143;5910;314;6836;6879;6.95;0.42;259.58;6.45;926;33;2349.00;43
5911;33;626556155;5911;308;6836;6879;6.99;0.42;259.57;6.45;925;33;2350.00;43
5911;33;626556166;5911;306;6839;6879;7.00;0.42;259.57;6.47;928;33;2351.00;40
5912;33;626556177;5912;304;6850;6892;6.98;0.42;259.53;6.46;938;33;2352.00;42
5913;33;626556189;5913;302;6852;6892;7.00;0.43;259.51;6.47;939;33;2353.00;40
5914;33;626556200;5914;302;6852;6892;6.95;0.42;259.50;6.47;938;33;2354.00;40
5914;33;626556210;5914;299;6855;6893;7.00;0.43;259.50;6.49;941;33;2355.00;38
5916;33;626556221;5916;302;6856;6894;7.01;0.43;259.49;6.50;940;33;2356.00;38
5918;33;626556231;5918;301;6857;6894;6.96;0.42;259.46;6.50;939;33;2357.00;37
5919;33;626556248;5919;303;6860;6897;6.99;0.43;259.42;6.50;941;33;2358.00;37
5920;33;626556264;5920;304;6862;6897;6.95;0.42;259.43;6.51;942;33;2359.00;35
5921;33;626556275;5921;301;6862;6897;7.01;0.43;259.44;6.51;941;33;2360.00;35
5921;33;626556286;5921;300;6863;6897;7.03;0.43;259.44;6.52;942;33;2361.00;34
5922;33;626556296;5922;302;6868;6903;7.10;0.43;259.43;6.52;946;33;2362.00;35
5922;33;626556307;5922;302;6869;6903;7.11;0.43;259.43;6.53;947;33;2363.00;34
5925;33;626556324;5925;304;6870;6903;7.12;0.43;259.34;6.53;945;33;2364.00;33
5926;33;626556340;5926;303;6870;6903;7.13;0.44;259.33;6.53;944;33;2365.00;33
5929;33;626556356;5929;301;6874;6907;7.09;0.43;259.32;6.53;945;33;2366.00;33
5932;33;626556367;5932;299;6875;6908;7.09;0.43;259.28;6.53;943;33;2367.00;33
5934;33;626556378;5934;295;6875;6908;7.10;0.43;259.22;6.53;941;33;2368.00;33
5935;33;626556389;5935;300;6876;6909;7.16;0.44;259.22;6.53;941;33;2369.00;33
5937;33;626556401;5937;300;6881;6909;7.11;0.43;259.15;6.57;944;33;2370.00;28
5938;33;626556417;5938;299;6881;6909;7.16;0.44;259.13;6.57;943;33;2371.00;28
5945;33;626556427;5945;304;6882;6909;7.09;0.43;259.16;6.58;937;33;2372.00;27
5947;33;626556437;5947;306;6882;6909;7.06;0.43;259.16;6.58;935;33;2373.00;27
5951;33;626556448;5951;303;6884;6909;6.96;0.43;259.18;6.59;933;33;2374.00;25
5955;33;626556458;5955;306;6884;6909;6.90;0.42;259.18;6.59;929;33;2375.00;25
5958;33;626556469;5958;313;6924;6979;6.96;0.43;259.21;6.56;966;33;2376.00;55
5960;33;626556485;5960;309;6928;6980;6.93;0.43;259.25;6.56;968;33;2377.00;52
5963;33;626556496;5963;318;6936;6980;6.90;0.42;259.27;6.55;973;33;2378.00;44
5968;33;626556506;5968;319;6936;6980;6.85;0.42;259.28;6.55;968;33;2379.00;44
5972;33;626556517;5972;308;6943;6980;6.80;0.42;259.30;6.56;971;33;2380.00;37
5975;33;626556528;5975;300;6944;6980;6.79;0.42;259.34;6.56;969;33;2381.00;36
5979;33;626556539;5979;301;6948;6980;6.80;0.42;259.32;6.57;969;33;2382.00;32
5982;33;626556549;5982;305;6951;6980;6.79;0.42;259.38;6.57;969;33;2383.00;29
5989;33;626556560;5989;306;6955;6981;6.74;0.41;259.49;6.57;966;33;2384.00;26
5990;33;626556571;5990;299;6961;6983;6.82;0.42;259.52;6.57;971;33;2385.00;22
5997;33;626556583;5997;308;6963;6983;6.82;0.42;259.53;6.57;966;33;2386.00;20
6000;33;626556594;6000;308;6966;6987;6.90;0.42;259.53;6.57;966;33;2387.00;21
6004;33;626556606;6004;309;6966;6987;6.97;0.43;259.63;6.57;962;33;2388.00;21
6007;33;626556617;6007;304;6966;6987;7.05;0.43;259.72;6.57;959;33;2389.00;21
6013;33;626556629;6013;300;6966;6987;7.13;0.44;259.70;6.57;953;33;2390.00;21
6018;33;626556640;6018;294;6970;6993;7.20;0.44;259.72;6.56;952;33;2391.00;23
6022;33;626556652;6022;295;6971;6993;7.27;0.44;259.76;6.56;949;33;2392.00;22
6026;33;626556664;6026;295;6971;6993;7.31;0.45;259.87;6.56;945;33;2393.00;22
6030;33;626556677;6030;288;6973;6996;7.38;0.45;259.94;6.56;943;33;2394.00;23
6034;33;626556690;6034;289;6973;6996;7.42;0.45;260.07;6.56;939;33;2395.00;23
6038;33;626556702;6038;284;6974;6996;7.51;0.46;260.07;6.56;936;33;2396.00;22
6042;33;626556714;6042;276;6974;6997;7.61;0.47;260.11;6.56;932;33;2397.00;23
6049;33;626556726;6049;272;6975;6998;7.70;0.47;260.14;6.56;926;33;2398.00;23
6054;33;626556739;6054;275;6975;6998;7.75;0.47;260.30;6.56;921;33;2399.00;23
6057;33;626556754;6057;270;6998;7057;7.86;0.48;260.30;6.54;941;33;2400.00;59
6063;33;626556776;6063;263;7000;7057;7.91;0.48;260.44;6.54;937;33;2401.00;57
6069;33;626556789;6069;267;7003;7057;7.92;0.48;260.60;6.53;934;33;2402.00;54
6074;33;626556802;6074;265;7004;7058;7.99;0.49;260.61;6.53;930;33;2403.00;54
6077;33;626556814;6077;270;7006;7058;7.96;0.49;260.79;6.53;929;33;2404.00;52
6082;33;626556827;6082;271;7010;7062;7.93;0.48;260.86;6.53;928;33;2405.00;52
6088;33;626556846;6088;272;7010;7062;7.85;0.48;260.96;6.53;922;33;2406.00;52
6091;33;626556858;6091;278;7014;7066;7.84;0.48;261.06;6.56;923;33;2407.00;52
6098;33;626556877;6098;279;7016;7066;7.69;0.47;261.18;6.56;918;33;2408.00;50
6104;33;626556890;6104;274;7016;7066;7.62;0.46;261.37;6.56;912;33;2409.00;50
6109;33;626556902;6109;280;7017;7066;7.58;0.46;261.54;6.56;908;33;2410.00;49
6112;33;626556915;6112;284;7018;7066;7.58;0.46;261.52;6.56;906;33;2411.00;48
6115;33;626556927;6115;288;7026;7078;7.62;0.47;261.54;6.56;911;33;2412.00;52
6117;33;626556941;6117;289;7027;7078;7.62;0.47;261.64;6.56;910;33;2413.00;51
6123;33;626556953;6123;286;7028;7078;7.59;0.46;261.65;6.56;905;33;2414.00;50
6128;33;626556965;6128;286;7028;7078;7.60;0.46;261.68;6.56;900;33;2415.00;50
6131;33;626556978;6131;291;7029;7078;7.68;0.47;261.70;6.56;898;33;2416.00;49
6133;33;626556991;6133;290;7029;7078;7.71;0.47;261.75;6.56;896;33;2417.00;49
6139;33;626557003;6139;291;7031;7079;7.67;0.47;261.94;6.56;892;33;2418.00;48
6142;33;626557016;6142;291;7031;7079;7.69;0.47;261.95;6.56;889;33;2419.00;48
6146;33;626557028;6146;294;7035;7085;7.64;0.46;261.93;6.56;889;33;2420.00;50
6149;33;626557041;6149;293;7036;7086;7.66;0.47;262.01;6.56;887;33;2421.00;50
6151;33;626557058;6151;294;7037;7086;7.64;0.46;262.09;6.56;886;33;2422.00;49
6156;33;626557071;6156;299;7037;7086;7.66;0.47;262.20;6.56;881;33;2423.00;49
6161;33;626557083;6161;300;7039;7090;7.68;0.47;262.30;6.56;878;33;2424.00;51
6167;33;626557095;6167;302;7039;7090;7.61;0.46;262.45;6.56;872;33;2425.00;51
6168;33;626557114;6168;305;7040;7090;7.62;0.46;262.44;6.56;872;33;2426.00;50
6170;33;626557132;6170;302;7041;7091;7.63;0.46;262.52;6.56;871;33;2427.00;50
6175;33;626557151;6175;298;7047;7095;7.57;0.46;262.63;6.57;872;33;2428.00;48
6176;33;626557174;6176;294;7047;7095;7.60;0.46;262.67;6.57;871;33;2429.00;48
6181;33;626557194;6181;289;7051;7101;7.63;0.46;262.89;6.57;870;33;2430.00;50
6183;33;626557213;6183;286;7053;7101;7.63;0.46;262.93;6.57;870;33;2431.00;48
6184;33;626557234;6184;289;7053;7101;7.69;0.47;262.97;6.57;869;33;2432.00;48
6189;33;626557249;6189;288;7055;7101;7.68;0.47;263.13;6.57;866;33;2433.00;46
6192;33;626557269;6192;289;7057;7105;7.70;0.47;263.20;6.57;865;33;2434.00;48
6194;33;626557283;6194;288;7058;7105;7.75;0.47;263.26;6.57;864;33;2435.00;47
6200;33;626557303;6200;273;7060;7105;7.76;0.47;263.28;6.61;860;33;2436.00;45
6201;33;626557317;6201;269;7060;7105;7.84;0.48;263.34;6.61;859;33;2437.00;45
6204;33;626557336;6204;259;7061;7106;7.90;0.48;263.35;6.61;857;33;2438.00;45
6208;33;626557350;6208;254;7063;7107;7.91;0.48;263.34;6.61;855;33;2439.00;44
6211;33;626557368;6211;245;7064;7107;7.91;0.48;263.39;6.61;853;33;2440.00;43
6213;33;626557381;6213;237;7065;7108;7.95;0.48;263.43;6.61;852;33;2441.00;43
6214;33;626557394;6214;233;7065;7108;7.99;0.49;263.47;6.61;851;33;2442.00;43
6218;33;626557407;6218;226;7065;7108;8.06;0.49;263.60;6.61;847;33;2443.00;43
6219;33;626557419;6219;221;7065;7108;8.14;0.50;263.65;6.61;846;33;2444.00;43
6220;33;626557437;6220;220;7066;7108;8.22;0.50;263.69;6.62;846;33;2445.00;42
6224;33;626557449;6224;216;7066;7108;8.28;0.51;263.82;6.62;842;33;2446.00;42
6228;33;626557463;6228;214;7066;7108;8.33;0.51;263.91;6.62;838;33;2447.00;42
6232;33;626557477;6232;222;7129;7235;8.63;0.53;263.94;6.56;897;33;2448.00;106
6234;33;626557500;6234;208;7133;7236;8.71;0.54;263.93;6.55;899;33;2449.00;103
6237;33;626557513;6237;201;7140;7236;8.79;0.54;263.92;6.56;903;33;2450.00;96
6240;33;626557527;6240;206;7145;7236;8.86;0.55;263.95;6.59;905;33;2451.00;91
6244;33;626557540;6244;203;7150;7236;8.86;0.55;264.01;6.59;906;33;2452.00;86
6246;33;626557553;6246;202;7151;7236;8.83;0.54;264.03;6.59;905;33;2453.00;85
6250;33;626557566;6250;202;7157;7236;8.85;0.54;264.08;6.63;907;33;2454.00;79
6250;33;626557579;6250;204;7159;7236;8.84;0.54;264.08;6.63;909;33;2455.00;77
6255;33;626557591;6255;207;7163;7237;8.80;0.54;264.19;6.64;908;33;2456.00;74
6256;33;626557605;6256;215;7166;7238;8.75;0.54;264.19;6.68;910;33;2457.00;72
6262;33;626557618;6262;221;7170;7238;8.66;0.53;264.14;6.68;908;33;2458.00;68
6263;33;626557632;6263;232;7171;7239;8.61;0.53;264.12;6.68;908;33;2459.00;68
6264;33;626557659;6264;232;7174;7239;8.53;0.52;264.09;6.69;910;33;2460.00;65
6265;33;626557672;6265;249;7178;7239;8.44;0.52;264.09;6.73;913;33;2461.00;61
6265;33;626557685;6265;251;7182;7239;8.34;0.51;264.09;6.74;917;33;2462.00;57
6268;33;626557696;6268;255;7184;7243;8.17;0.50;264.06;6.74;916;33;2463.00;59
6272;33;626557709;6272;263;7186;7243;8.05;0.49;264.08;6.74;914;33;2464.00;57
6273;33;626557722;6273;277;7190;7243;8.00;0.49;264.07;6.79;917;33;2465.00;53
6273;33;626557734;6273;282;7193;7246;7.92;0.49;264.07;6.79;920;33;2466.00;53
6276;33;626557746;6276;285;7194;7246;7.92;0.48;264.11;6.79;918;33;2467.00;52
6279;33;626557759;6279;288;7198;7246;7.80;0.48;264.03;6.85;919;33;2468.00;48
6281;33;626557771;6281;289;7201;7250;7.70;0.47;264.02;6.84;920;33;2469.00;49
6285;33;626557783;6285;288;7205;7251;7.64;0.47;263.97;6.85;920;33;2470.00;46
6285;33;626557795;6285;281;7206;7251;7.60;0.46;263.97;6.89;921;33;2471.00;45
6288;33;626557807;6288;286;7209;7255;7.55;0.46;263.93;6.89;921;33;2472.00;46
6291;33;626557820;6291;283;7209;7255;7.50;0.46;263.94;6.89;918;33;2473.00;46
6293;33;626557834;6293;278;7210;7255;7.45;0.46;263.96;6.93;917;33;2474.00;45
6297;33;626557847;6297;276;7212;7257;7.41;0.45;263.90;6.93;915;33;2475.00;45
6298;33;626557862;6298;278;7212;7257;7.38;0.45;263.90;6.93;914;33;2476.00;45
6301;33;626557875;6301;278;7216;7263;7.34;0.45;263.80;6.93;915;33;2477.00;47
6304;33;626557886;6304;287;7216;7263;7.28;0.44;263.80;6.93;912;33;2478.00;47
6305;33;626557899;6305;281;7218;7264;7.26;0.44;263.77;6.97;913;33;2479.00;46
6307;33;626557912;6307;273;7218;7264;7.17;0.44;263.74;6.97;911;33;2480.00;46
6307;33;626557924;6307;273;7218;7264;7.10;0.43;263.74;6.97;911;33;2481.00;46
6308;33;626557935;6308;266;7219;7264;7.00;0.43;263.74;7.01;911;33;2482.00;45
6311;33;626557946;6311;263;7219;7264;6.88;0.42;263.73;7.01;908;33;2483.00;45
6316;33;626557956;6316;256;7230;7276;6.84;0.42;263.65;7.05;914;33;2484.00;46
6320;33;626557968;6320;257;7232;7276;6.72;0.41;263.77;7.07;912;33;2485.00;44
6325;33;626557982;6325;246;7233;7276;6.64;0.41;263.71;7.07;908;33;2486.00;43
6326;33;626557992;6326;249;7234;7276;6.60;0.40;263.73;7.11;908;33;2487.00;42
6332;33;626558003;6332;252;7234;7276;6.51;0.40;263.63;7.11;902;33;2488.00;42
6335;33;626558015;6335;255;7234;7276;6.50;0.40;263.63;7.11;899;33;2489.00;42
6337;33;626558028;6337;260;7237;7280;6.47;0.39;263.58;7.11;900;33;2490.00;43
6339;33;626558040;6339;255;7238;7280;6.48;0.39;263.52;7.15;899;33;2491.00;42
6340;33;626558051;6340;256;7241;7284;6.56;0.40;263.53;7.14;901;33;2492.00;43
6341;33;626558062;6341;262;7243;7285;6.64;0.40;263.51;7.14;902;33;2493.00;42
6341;33;626558073;6341;263;7243;7285;6.70;0.41;263.51;7.14;902;33;2494.00;42
6342;33;626558083;6342;264;7243;7285;6.77;0.41;263.49;7.14;901;33;2495.00;42
6345;33;626558094;6345;266;7253;7298;6.83;0.41;263.49;7.15;908;33;2496.00;45
6348;33;626558106;6348;266;7253;7298;6.83;0.42;263.41;7.15;905;33;2497.00;45
6350;33;626558119;6350;267;7253;7298;6.81;0.41;263.44;7.15;903;33;2498.00;45
6352;33;626558129;6352;258;7254;7299;6.78;0.41;263.39;7.14;902;33;2499.00;45
6355;33;626558141;6355;252;7254;7300;6.74;0.41;263.37;7.14;899;33;2500.00;46
6356;33;626558156;6356;250;7255;7300;6.77;0.41;263.36;7.16;899;33;2501.00;45
6357;33;626558167;6357;244;7257;7303;6.88;0.42;263.33;7.16;900;33;2502.00;46
6359;33;626558178;6359;229;7258;7303;6.96;0.42;263.31;7.15;899;33;2503.00;45
6360;33;626558188;6360;223;7258;7303;7.08;0.43;263.30;7.15;898;33;2504.00;45
6362;33;626558199;6362;226;7258;7303;7.18;0.43;263.32;7.15;896;33;2505.00;45
6362;33;626558209;6362;220;7262;7309;7.30;0.44;263.32;7.15;900;33;2506.00;47
6364;34;626558221;6364;217;7265;7309;7.37;0.45;263.31;7.17;901;34;2507.00;44
6365;34;626558243;6365;214;7265;7309;7.42;0.45;263.33;7.17;900;34;2508.00;44
6366;34;626558255;6366;221;7267;7309;7.48;0.45;263.33;7.19;901;34;2509.00;42
6366;34;626558267;6366;213;7272;7313;7.49;0.45;263.33;7.21;906;34;2510.00;41
6367;34;626558278;6367;217;7273;7314;7.51;0.45;263.34;7.21;906;34;2511.00;41
6367;34;626558290;6367;214;7275;7314;7.53;0.46;263.34;7.23;908;34;2512.00;39
6368;34;626558301;6368;214;7278;7315;7.56;0.46;263.30;7.24;910;34;2513.00;37
6369;34;626558318;6369;216;7280;7315;7.59;0.46;263.31;7.26;911;34;2514.00;35
6371;34;626558329;6371;219;7280;7315;7.66;0.46;263.33;7.26;909;34;2515.00;35
6373;34;626558341;6373;213;7280;7315;7.75;0.47;263.30;7.26;907;34;2516.00;35
6373;34;626558352;6373;220;7281;7315;7.81;0.47;263.30;7.27;908;34;2517.00;34
6373;34;626558364;6373;219;7282;7315;7.84;0.48;263.30;7.29;909;34;2518.00;33
6374;34;626558385;6374;216;7282;7315;7.81;0.47;263.27;7.29;908;34;2519.00;33
6375;34;626558398;6375;224;7340;7440;8.01;0.49;263.24;7.27;965;34;2520.00;100
6377;34;626558419;6377;229;7344;7441;7.96;0.49;263.23;7.26;967;34;2521.00;97
6380;34;626558430;6380;223;7355;7441;7.95;0.49;263.24;7.26;975;34;2522.00;86
6381;34;626558442;6381;227;7363;7441;7.91;0.49;263.22;7.27;982;34;2523.00;78
6382;34;626558453;6382;230;7370;7441;7.86;0.48;263.20;7.27;988;34;2524.00;71
6385;34;626558464;6385;231;7374;7441;7.82;0.48;263.23;7.28;989;34;2525.00;67
6387;34;626558475;6387;234;7383;7441;7.76;0.48;263.25;7.30;996;34;2526.00;58
6390;34;626558486;6390;234;7385;7441;7.69;0.47;263.38;7.30;995;34;2527.00;56
6392;34;626558497;6392;243;7390;7442;7.68;0.47;263.46;7.30;998;34;2528.00;52
6395;34;626558509;6395;243;7394;7443;7.63;0.47;263.48;7.31;999;34;2529.00;49
6397;34;626558521;6397;234;7396;7443;7.56;0.46;263.48;7.31;999;34;2530.00;47
6399;34;626558533;6399;236;7402;7447;7.49;0.46;263.53;7.32;1003;34;2531.00;45
6401;34;626558545;6401;235;7403;7447;7.43;0.46;263.49;7.32;1002;34;2532.00;44
6404;34;626558557;6404;235;7406;7447;7.34;0.45;263.47;7.33;1002;34;2533.00;41
6406;34;626558570;6406;234;7407;7447;7.30;0.45;263.50;7.33;1001;34;2534.00;40
6411;34;626558582;6411;233;7410;7453;7.32;0.45;263.54;7.33;999;34;2535.00;43
6412;34;626558600;6412;239;7413;7453;7.28;0.44;263.54;7.34;1001;34;2536.00;40
6414;34;626558612;6414;255;7415;7455;7.31;0.45;263.54;7.34;1001;34;2537.00;40
6415;34;626558625;6415;258;7420;7458;7.28;0.44;263.61;7.35;1005;34;2538.00;38
6418;34;626558638;6418;263;7420;7458;7.24;0.44;263.64;7.35;1002;34;2539.00;38
6419;34;626558650;6419;265;7421;7458;7.23;0.44;263.66;7.35;1002;34;2540.00;37
6420;34;626558663;6420;278;7422;7459;7.15;0.44;263.64;7.36;1002;34;2541.00;37
6424;34;626558674;6424;285;7424;7460;7.03;0.43;263.72;7.36;1000;34;2542.00;36
6428;34;626558686;6428;285;7425;7460;6.90;0.42;263.76;7.37;997;34;2543.00;35
6429;34;626558698;6429;290;7437;7473;6.85;0.42;263.75;7.36;1008;34;2544.00;36
6433;34;626558710;6433;293;7437;7473;6.83;0.42;263.74;7.36;1004;34;2545.00;36
6435;34;626558722;6435;300;7439;7473;6.79;0.42;263.70;7.37;1004;34;2546.00;34
6441;34;626558733;6441;304;7440;7474;6.74;0.41;263.82;7.36;999;34;2547.00;34
6449;34;626558745;6449;305;7441;7474;6.60;0.40;263.85;7.37;992;34;2548.00;33
6452;34;626558757;6452;316;7444;7478;6.56;0.40;263.87;7.37;992;34;2549.00;34
6458;34;626558770;6458;306;7447;7481;6.49;0.40;263.87;7.37;989;34;2550.00;34
6463;34;626558783;6463;294;7453;7485;6.47;0.40;264.00;7.39;990;34;2551.00;32
6465;34;626558795;6465;291;7454;7485;6.47;0.40;264.01;7.39;989;34;2552.00;31
6470;34;626558806;6470;285;7454;7485;6.45;0.40;264.10;7.39;984;34;2553.00;31
6473;34;626558818;6473;274;7456;7485;6.48;0.40;264.12;7.40;983;34;2554.00;29
6478;34;626558829;6478;271;7457;7485;6.49;0.40;264.21;7.40;979;34;2555.00;28
6480;34;626558842;6480;269;7468;7497;6.57;0.40;264.30;7.39;988;34;2556.00;29
6483;34;626558855;6483;256;7469;7497;6.59;0.40;264.36;7.39;986;34;2557.00;28
6486;34;626558867;6486;252;7469;7497;6.65;0.41;264.47;7.39;983;34;2558.00;28
6491;34;626558879;6491;247;7469;7497;6.76;0.42;264.55;7.39;978;34;2559.00;28
6494;34;626558891;6494;252;7469;7497;6.85;0.42;264.63;7.39;975;34;2560.00;28
6496;34;626558903;6496;256;7469;7497;6.98;0.43;264.70;7.39;973;34;2561.00;28
6501;34;626558916;6501;252;7469;7498;7.04;0.43;264.82;7.39;968;34;2562.00;29
6507;34;626558927;6507;242;7469;7498;7.09;0.44;264.92;7.39;962;34;2563.00;29
6507;34;626558941;6507;248;7473;7504;7.29;0.45;264.92;7.39;966;34;2564.00;31
6512;34;626558953;6512;249;7476;7506;7.40;0.46;265.02;7.39;964;34;2565.00;30
6515;34;626558966;6515;251;7476;7506;7.46;0.46;265.10;7.39;961;34;2566.00;30
6517;34;626558978;6517;251;7476;7506;7.57;0.47;265.13;7.39;959;34;2567.00;30
6523;34;626558991;6523;246;7479;7510;7.67;0.47;265.20;7.39;956;34;2568.00;31
6529;34;626559004;6529;239;7479;7510;7.72;0.48;265.22;7.39;950;34;2569.00;31
6533;34;626559016;6533;240;7479;7510;7.81;0.48;265.18;7.39;946;34;2570.00;31
6538;34;626559048;6538;238;7480;7511;7.84;0.48;265.29;7.38;942;34;2571.00;31
6542;34;626559060;6542;232;7483;7515;7.84;0.48;265.35;7.38;941;34;2572.00;32
6546;34;626559073;6546;221;7483;7515;7.88;0.49;265.41;7.38;937;34;2573.00;32
6554;34;626559086;6554;218;7485;7518;7.87;0.49;265.58;7.38;931;34;2574.00;33
6557;34;626559099;6557;213;7486;7518;7.92;0.49;265.64;7.38;929;34;2575.00;32
6563;34;626559111;6563;213;7486;7518;7.90;0.49;265.72;7.38;923;34;2576.00;32
6567;34;626559129;6567;217;7486;7518;7.90;0.48;265.73;7.38;919;34;2577.00;32
6575;34;626559148;6575;214;7489;7522;7.86;0.48;265.80;7.38;914;34;2578.00;33
6577;34;626559169;6577;209;7489;7522;7.89;0.48;265.76;7.38;912;34;2579.00;33
6584;34;626559188;6584;210;7490;7522;7.90;0.48;265.92;7.38;906;34;2580.00;32
6588;34;626559206;6588;215;7490;7522;7.90;0.48;266.05;7.38;902;34;2581.00;32
6591;34;626559224;6591;213;7490;7523;7.92;0.49;266.12;7.38;899;34;2582.00;33
6596;34;626559240;6596;221;7491;7524;7.93;0.49;266.22;7.37;895;34;2583.00;33
6602;34;626559254;6602;219;7491;7524;7.97;0.49;266.29;7.37;889;34;2584.00;33
6606;34;626559268;6606;219;7492;7525;7.99;0.49;266.37;7.37;886;34;2585.00;33
6613;34;626559281;6613;222;7492;7525;7.93;0.49;266.32;7.37;879;34;2586.00;33
6616;34;626559295;6616;227;7492;7525;7.95;0.49;266.33;7.37;876;34;2587.00;33
6620;34;626559307;6620;239;7492;7525;7.95;0.49;266.28;7.37;872;34;2588.00;33
6628;34;626559320;6628;235;7492;7525;7.96;0.48;266.16;7.37;864;34;2589.00;33
6633;34;626559333;6633;241;7492;7525;7.87;0.48;266.23;7.37;859;34;2590.00;33
6636;34;626559352;6636;244;7492;7525;7.76;0.47;266.21;7.37;856;34;2591.00;33
6638;34;626559363;6638;264;7557;7652;7.87;0.49;266.22;7.31;919;34;2592.00;95
6640;34;626559384;6640;267;7560;7653;7.78;0.48;266.25;7.31;920;34;2593.00;93
6643;34;626559397;6643;266;7568;7653;7.76;0.48;266.25;7.30;925;34;2594.00;85
6647;34;626559409;6647;275;7573;7653;7.68;0.47;266.31;7.30;926;34;2595.00;80
6649;34;626559421;6649;277;7578;7653;7.65;0.47;266.33;7.30;929;34;2596.00;75
6652;34;626559433;6652;267;7582;7653;7.63;0.47;266.34;7.30;930;34;2597.00;71
6657;34;626559446;6657;261;7586;7653;7.66;0.47;266.42;7.30;929;34;2598.00;67
6660;34;626559460;6660;252;7589;7653;7.70;0.47;266.42;7.30;929;34;2599.00;64
6663;34;626559474;6663;251;7594;7654;7.74;0.48;266.47;7.30;931;34;2600.00;60
6667;34;626559491;6667;251;7598;7655;7.76;0.48;266.46;7.30;931;34;2601.00;57
6668;34;626559504;6668;248;7600;7655;7.72;0.47;266.49;7.30;932;34;2602.00;55
6671;35;626559517;6671;245;7602;7656;7.68;0.47;266.57;7.30;931;35;2603.00;54
6673;35;626559549;6673;255;7604;7656;7.68;0.47;266.66;7.30;931;35;2604.00;52
6678;35;626559563;6678;258;7606;7656;7.65;0.47;266.79;7.30;928;35;2605.00;50
6682;35;626559576;6682;252;7608;7656;7.65;0.47;266.85;7.30;926;35;2606.00;48
6684;35;626559590;6684;241;7611;7660;7.69;0.47;266.84;7.30;927;35;2607.00;49
6687;35;626559605;6687;233;7613;7660;7.72;0.47;266.86;7.30;926;35;2608.00;47
6690;35;626559618;6690;227;7613;7660;7.77;0.47;266.81;7.30;923;35;2609.00;47
6693;35;626559634;6693;225;7617;7666;7.85;0.48;266.78;7.30;924;35;2610.00;49
6696;35;626559649;6696;221;7618;7666;7.85;0.48;266.78;7.30;922;35;2611.00;48
6696;35;626559664;6696;234;7619;7666;7.90;0.48;266.78;7.30;923;35;2612.00;47
6696;35;626559677;6696;232;7623;7670;7.91;0.48;266.78;7.30;927;35;2613.00;47
6697;35;626559690;6697;236;7624;7671;7.88;0.48;266.85;7.30;927;35;2614.00;47
6700;35;626559709;6700;237;7625;7671;7.84;0.48;266.84;7.30;925;35;2615.00;46
6701;35;626559722;6701;238;7628;7675;7.81;0.48;266.87;7.29;927;35;2616.00;47
6705;35;626559741;6705;242;7629;7675;7.79;0.47;266.89;7.29;924;35;2617.00;46
6705;35;626559755;6705;244;7629;7675;7.82;0.48;266.89;7.29;924;35;2618.00;46
6707;35;626559768;6707;245;7631;7676;7.81;0.47;266.95;7.33;924;35;2619.00;45
6712;35;626559788;6712;244;7631;7676;7.80;0.47;266.89;7.33;919;35;2620.00;45
6712;35;626559801;6712;246;7635;7682;7.77;0.47;266.89;7.33;923;35;2621.00;47
6713;35;626559814;6713;250;7636;7682;7.76;0.47;266.86;7.33;923;35;2622.00;46
6714;35;626559827;6714;258;7636;7683;7.74;0.47;266.86;7.33;922;35;2623.00;47
6715;35;626559839;6715;258;7636;7683;7.72;0.47;266.83;7.33;921;35;2624.00;47
6716;35;626559851;6716;259;7636;7683;7.65;0.46;266.82;7.33;920;35;2625.00;47
6719;35;626559863;6719;265;7636;7683;7.57;0.46;266.78;7.33;917;35;2626.00;47
6722;35;626559876;6722;267;7636;7683;7.51;0.46;266.87;7.33;914;35;2627.00;47
6723;35;626559889;6723;268;7646;7695;7.56;0.46;266.95;7.32;923;35;2628.00;49
6724;35;626559903;6724;275;7647;7695;7.61;0.46;266.94;7.32;923;35;2629.00;48
6726;35;626559916;6726;280;7647;7695;7.55;0.46;266.92;7.32;921;35;2630.00;48
6727;35;626559929;6727;282;7647;7695;7.48;0.46;266.91;7.32;920;35;2631.00;48
6729;35;626559941;6729;292;7647;7695;7.41;0.45;266.85;7.32;918;35;2632.00;48
6731;35;626559952;6731;298;7647;7695;7.34;0.45;266.81;7.32;916;35;2633.00;48
6733;35;626559965;6733;301;7650;7699;7.25;0.44;266.78;7.32;917;35;2634.00;49
6733;35;626559978;6733;305;7650;7699;7.21;0.44;266.78;7.32;917;35;2635.00;49
6735;35;626559990;6735;312;7653;7703;7.20;0.44;266.77;7.31;918;35;2636.00;50
6738;35;626560002;6738;315;7654;7704;7.19;0.44;266.73;7.31;916;35;2637.00;50
6739;35;626560014;6739;323;7655;7704;7.14;0.44;266.74;7.31;916;35;2638.00;49
6739;35;626560026;6739;325;7655;7704;7.09;0.43;266.74;7.31;916;35;2639.00;49
6743;35;626560039;6743;323;7674;7733;7.06;0.43;266.63;7.29;931;35;2640.00;59
6746;35;626560053;6746;318;7675;7733;6.99;0.43;266.66;7.29;929;35;2641.00;58
6748;35;626560065;6748;320;7678;7733;6.98;0.43;266.66;7.29;930;35;2642.00;55
6751;35;626560075;6751;316;7680;7734;6.98;0.43;266.64;7.29;929;35;2643.00;54
6753;35;626560087;6753;312;7681;7735;6.95;0.43;266.62;7.29;928;35;2644.00;54
6755;35;626560100;6755;311;7681;7735;6.89;0.42;266.62;7.29;926;35;2645.00;54
6757;35;626560111;6757;312;7684;7738;6.89;0.42;266.62;7.29;927;35;2646.00;54
6762;35;626560126;6762;319;7684;7738;6.81;0.42;266.63;7.29;922;35;2647.00;54
6763;35;626560137;6763;313;7684;7738;6.73;0.41;266.62;7.29;921;35;2648.00;54
6765;35;626560148;6765;312;7684;7738;6.65;0.41;266.61;7.29;919;35;2649.00;54
6766;35;626560159;6766;308;7688;7744;6.58;0.40;266.59;7.28;922;35;2650.00;56
6767;35;626560170;6767;294;7688;7744;6.45;0.39;266.60;7.28;921;35;2651.00;56
6772;35;626560181;6772;277;7689;7744;6.42;0.39;266.71;7.28;917;35;2652.00;55
6774;35;626560191;6774;270;7689;7744;6.43;0.39;266.73;7.28;915;35;2653.00;55
6776;35;626560202;6776;267;7692;7748;6.44;0.39;266.76;7.28;916;35;2654.00;56
6780;35;626560214;6780;250;7694;7750;6.49;0.39;266.78;7.28;914;35;2655.00;56
6785;36;626560225;6785;246;7695;7750;6.55;0.40;266.85;7.30;910;36;2656.00;55
6788;36;626560247;6788;230;7697;7751;6.69;0.41;266.85;7.31;909;36;2657.00;54
6790;36;626560257;6790;219;7697;7751;6.79;0.41;266.87;7.31;907;36;2658.00;54
6791;36;626560268;6791;218;7697;7751;6.91;0.42;266.85;7.31;906;36;2659.00;54
6793;36;626560279;6793;213;7697;7751;6.97;0.42;266.83;7.31;904;36;2660.00;54
6795;36;626560296;6795;209;7698;7751;7.05;0.43;266.78;7.36;903;36;2661.00;53
6796;36;626560308;6796;197;7698;7751;7.15;0.43;266.75;7.36;902;36;2662.00;53
6798;36;626560325;6798;183;7698;7751;7.24;0.44;266.73;7.36;900;36;2663.00;53
6799;36;626560336;6799;180;7735;7821;7.46;0.45;266.70;7.33;936;36;2664.00;86
6800;36;626560358;6800;175;7738;7822;7.54;0.46;266.66;7.33;938;36;2665.00;84
6801;36;626560369;6801;182;7745;7822;7.71;0.47;266.64;7.33;944;36;2666.00;77
6802;36;626560380;6802;173;7748;7822;7.77;0.47;266.61;7.32;946;36;2667.00;74
6804;36;626560392;6804;172;7752;7822;7.83;0.48;266.56;7.32;948;36;2668.00;70
6805;36;626560404;6805;174;7757;7822;7.88;0.48;266.62;7.32;952;36;2669.00;65
6808;36;626560417;6808;168;7762;7822;7.92;0.48;266.60;7.32;954;36;2670.00;60
6810;36;626560428;6810;169;7763;7822;7.89;0.48;266.60;7.32;953;36;2671.00;59
6812;36;626560439;6812;173;7765;7823;7.87;0.48;266.55;7.32;953;36;2672.00;58
6814;36;626560451;6814;173;7767;7824;7.89;0.48;266.65;7.32;953;36;2673.00;57
6817;36;626560463;6817;180;7767;7824;7.87;0.48;266.58;7.32;950;36;2674.00;57
6819;36;626560476;6819;181;7770;7828;7.80;0.47;266.64;7.32;951;36;2675.00;58
6827;36;626560488;6827;183;7770;7828;7.70;0.47;266.68;7.32;943;36;2676.00;58
6828;36;626560500;6828;185;7770;7828;7.72;0.47;266.68;7.32;942;36;2677.00;58
6830;36;626560512;6830;189;7770;7828;7.81;0.48;266.65;7.32;940;36;2678.00;58
6832;36;626560524;6832;202;7774;7834;7.90;0.48;266.62;7.31;942;36;2679.00;60
6836;36;626560537;6836;201;7777;7834;7.88;0.48;266.73;7.35;941;36;2680.00;57
6841;36;626560548;6841;206;7778;7834;7.85;0.48;266.77;7.36;937;36;2681.00;56
6842;36;626560561;6842;212;7781;7837;7.88;0.48;266.77;7.35;939;36;2682.00;56
6844;36;626560573;6844;217;7782;7837;7.90;0.48;266.77;7.36;938;36;2683.00;55
6846;36;626560584;6846;219;7783;7837;7.89;0.48;266.71;7.38;937;36;2684.00;54
6849;36;626560595;6849;221;7784;7838;7.85;0.48;266.72;7.39;935;36;2685.00;54
6852;36;626560607;6852;223;7787;7839;7.77;0.47;266.79;7.41;935;36;2686.00;52
6856;36;626560619;6856;225;7788;7839;7.74;0.47;266.79;7.42;932;36;2687.00;51
6859;36;626560631;6859;230;7799;7852;7.76;0.47;266.83;7.43;940;36;2688.00;53
6861;36;626560645;6861;231;7800;7852;7.76;0.47;266.82;7.43;939;36;2689.00;52
6863;36;626560657;6863;239;7803;7852;7.73;0.47;266.85;7.45;940;36;2690.00;49
6865;36;626560668;6865;243;7804;7853;7.76;0.47;266.93;7.44;939;36;2691.00;49
6869;36;626560680;6869;242;7805;7853;7.76;0.47;266.91;7.46;936;36;2692.00;48
6871;36;626560692;6871;244;7809;7857;7.78;0.47;266.99;7.46;938;36;2693.00;48
6873;36;626560704;6873;249;7810;7857;7.74;0.47;266.98;7.47;937;36;2694.00;47
6875;36;626560715;6875;247;7816;7861;7.61;0.46;267.00;7.48;941;36;2695.00;45
6878;36;626560726;6878;256;7816;7861;7.48;0.46;267.03;7.48;938;36;2696.00;45
6881;36;626560738;6881;253;7816;7861;7.42;0.45;267.03;7.48;935;36;2697.00;45
6883;36;626560749;6883;251;7817;7861;7.34;0.45;267.04;7.49;934;36;2698.00;44
6886;36;626560760;6886;251;7817;7861;7.30;0.44;267.08;7.49;931;36;2699.00;44
6889;36;626560773;6889;243;7842;7910;7.38;0.45;267.19;7.51;953;36;2700.00;68
6890;36;626560793;6890;244;7844;7910;7.38;0.45;267.17;7.51;954;36;2701.00;66
6893;36;626560804;6893;240;7848;7910;7.35;0.45;267.27;7.52;955;36;2702.00;62
6895;36;626560815;6895;241;7850;7910;7.36;0.45;267.36;7.52;955;36;2703.00;60
6897;36;626560832;6897;237;7854;7910;7.36;0.45;267.35;7.53;957;36;2704.00;56
6899;36;626560849;6899;233;7854;7910;7.35;0.45;267.39;7.53;955;36;2705.00;56
6901;36;626560861;6901;233;7856;7911;7.39;0.45;267.42;7.53;955;36;2706.00;55
6902;36;626560872;6902;237;7859;7911;7.34;0.45;267.46;7.54;957;36;2707.00;52
6904;36;626560883;6904;246;7863;7917;7.39;0.45;267.55;7.53;959;36;2708.00;54
6904;36;626560896;6904;253;7865;7918;7.41;0.45;267.55;7.54;961;36;2709.00;53
6907;36;626560907;6907;258;7865;7918;7.38;0.45;267.68;7.54;958;36;2710.00;53
6911;36;626560918;6911;264;7865;7918;7.32;0.45;267.86;7.54;954;36;2711.00;53
6916;36;626560930;6916;269;7873;7922;7.26;0.44;267.92;7.57;957;36;2712.00;49
6918;36;626560942;6918;278;7874;7922;7.21;0.44;267.92;7.57;956;36;2713.00;48
6923;36;626560953;6923;280;7875;7922;7.11;0.43;267.96;7.58;952;36;2714.00;47
6928;36;626560964;6928;287;7876;7923;7.11;0.43;267.95;7.58;948;36;2715.00;47
6932;36;626560977;6932;287;7882;7927;7.06;0.43;267.96;7.59;950;36;2716.00;45
6936;36;626560989;6936;282;7883;7927;7.08;0.43;268.01;7.59;947;36;2717.00;44
6940;36;626561000;6940;282;7886;7930;7.08;0.43;268.01;7.59;946;36;2718.00;44
6945;36;626561011;6945;284;7887;7930;6.98;0.42;268.12;7.60;942;36;2719.00;43
6947;36;626561023;6947;272;7887;7930;6.94;0.42;268.17;7.60;940;36;2720.00;43
6952;36;626561033;6952;266;7887;7930;6.88;0.42;268.24;7.60;935;36;2721.00;43
6955;36;626561044;6955;266;7892;7934;6.86;0.42;268.31;7.61;937;36;2722.00;42
6959;37;626561055;6959;261;7893;7934;6.87;0.42;268.45;7.61;934;37;2723.00;41
6961;37;626561073;6961;264;7895;7934;6.95;0.42;268.49;7.62;934;37;2724.00;39
6963;37;626561088;6963;266;7895;7934;7.02;0.43;268.54;7.62;932;37;2725.00;39
6968;37;626561099;6968;263;7895;7935;7.10;0.43;268.74;7.62;927;37;2726.00;40
6969;37;626561110;6969;251;7898;7936;7.18;0.44;268.77;7.62;929;37;2727.00;38
6974;37;626561124;6974;240;7898;7936;7.21;0.44;268.85;7.62;924;37;2728.00;38
6977;37;626561141;6977;237;7901;7937;7.25;0.44;268.92;7.62;924;37;2729.00;36
6980;37;626561175;6980;238;7901;7937;7.31;0.45;269.01;7.62;921;37;2730.00;36
6984;37;626561192;6984;232;7901;7937;7.36;0.45;269.06;7.62;917;37;2731.00;36
6988;37;626561208;6988;229;7903;7937;7.35;0.45;269.12;7.63;915;37;2732.00;34
6992;37;626561226;6992;228;7903;7937;7.38;0.45;269.12;7.63;911;37;2733.00;34
6996;37;626561241;6996;233;7904;7937;7.40;0.45;269.16;7.63;908;37;2734.00;33
7002;37;626561255;7002;234;7906;7937;7.42;0.45;269.15;7.63;904;37;2735.00;31
7008;37;626561267;7008;243;7974;8064;7.63;0.47;269.37;7.57;966;37;2736.00;90
7012;37;626561292;7012;235;7978;8065;7.54;0.46;269.41;7.57;966;37;2737.00;87
7018;37;626561305;7018;232;7983;8065;7.51;0.46;269.48;7.56;965;37;2738.00;82
7023;37;626561318;7023;237;7984;8065;7.46;0.46;269.54;7.56;961;37;2739.00;81
7029;37;626561331;7029;238;7989;8065;7.37;0.45;269.57;7.56;960;37;2740.00;76
7033;37;626561344;7033;244;7992;8065;7.37;0.45;269.67;7.56;959;37;2741.00;73
7036;37;626561357;7036;242;7995;8065;7.38;0.45;269.71;7.56;959;37;2742.00;70
7040;37;626561370;7040;242;7997;8065;7.36;0.45;269.77;7.56;957;37;2743.00;68
7042;37;626561383;7042;238;8000;8066;7.34;0.45;269.82;7.56;958;37;2744.00;66
7044;37;626561396;7044;233;8006;8068;7.39;0.46;269.83;7.56;962;37;2745.00;62
7048;37;626561409;7048;237;8010;8068;7.37;0.45;269.86;7.56;962;37;2746.00;58
7053;37;626561421;7053;242;8012;8069;7.37;0.45;269.92;7.56;959;37;2747.00;57
7056;37;626561435;7056;251;8015;8069;7.40;0.46;269.94;7.56;959;37;2748.00;54
7060;37;626561448;7060;254;8019;8069;7.37;0.46;270.06;7.56;959;37;2749.00;50
7065;37;626561460;7065;262;8020;8069;7.35;0.46;270.09;7.57;955;37;2750.00;49
7069;37;626561474;7069;264;8023;8073;7.36;0.46;270.08;7.57;954;37;2751.00;50
7073;37;626561487;7073;273;8027;8073;7.32;0.45;270.08;7.57;954;37;2752.00;46
7074;37;626561499;7074;277;8029;8073;7.37;0.46;270.09;7.57;955;37;2753.00;44
7082;37;626561520;7082;278;8031;8076;7.29;0.45;270.31;7.57;949;37;2754.00;45
7088;37;626561534;7088;285;8033;8076;7.24;0.45;270.42;7.57;945;37;2755.00;43
7092;37;626561547;7092;287;8034;8076;7.21;0.45;270.41;7.62;942;37;2756.00;42
7095;37;626561560;7095;294;8039;8080;7.26;0.45;270.45;7.62;944;37;2757.00;41
7100;37;626561573;7100;298;8040;8081;7.27;0.45;270.40;7.62;940;37;2758.00;41
7105;37;626561585;7105;297;8040;8081;7.30;0.45;270.35;7.62;935;37;2759.00;41
7107;37;626561601;7107;308;8044;8086;7.28;0.45;270.44;7.61;937;37;2760.00;42
7115;37;626561614;7115;310;8044;8086;7.18;0.44;270.49;7.61;929;37;2761.00;42
7122;37;626561632;7122;319;8044;8086;7.06;0.43;270.57;7.61;922;37;2762.00;42
7125;37;626561645;7125;322;8045;8087;7.01;0.43;270.56;7.61;920;37;2763.00;42
7129;37;626561658;7129;329;8045;8087;6.99;0.43;270.50;7.61;916;37;2764.00;42
7133;37;626561679;7133;336;8049;8093;6.91;0.42;270.61;7.61;916;37;2765.00;44
7137;37;626561691;7137;341;8049;8093;6.84;0.42;270.61;7.61;912;37;2766.00;44
7139;37;626561703;7139;326;8050;8094;6.82;0.42;270.59;7.61;911;37;2767.00;44
7141;37;626561716;7141;324;8050;8094;6.77;0.41;270.59;7.61;909;37;2768.00;44
7143;37;626561729;7143;322;8050;8094;6.82;0.42;270.66;7.61;907;37;2769.00;44
7146;37;626561740;7146;318;8050;8094;6.85;0.42;270.67;7.61;904;37;2770.00;44
7151;37;626561754;7151;327;8050;8094;6.88;0.42;270.66;7.61;899;37;2771.00;44
7153;37;626561766;7153;329;8060;8106;7.01;0.43;270.66;7.60;907;37;2772.00;46
7155;37;626561780;7155;331;8061;8106;7.13;0.43;270.68;7.60;906;37;2773.00;45
7157;37;626561793;7157;327;8061;8106;7.17;0.44;270.65;7.60;904;37;2774.00;45
7157;37;626561811;7157;335;8061;8106;7.24;0.44;270.65;7.60;904;37;2775.00;45
7163;37;626561823;7163;310;8061;8106;7.28;0.44;270.56;7.60;898;37;2776.00;45
7165;37;626561835;7165;294;8061;8106;7.33;0.45;270.64;7.60;896;37;2777.00;45
7170;37;626561848;7170;286;8064;8110;7.34;0.45;270.54;7.60;894;37;2778.00;46
7173;37;626561861;7173;274;8064;8110;7.35;0.45;270.56;7.60;891;37;2779.00;46
7177;37;626561879;7177;268;8067;8114;7.34;0.45;270.48;7.59;890;37;2780.00;47
7177;37;626561892;7177;268;8069;8115;7.42;0.45;270.48;7.59;892;37;2781.00;46
7179;37;626561904;7179;275;8069;8115;7.47;0.45;270.42;7.59;890;37;2782.00;46
7181;37;626561917;7181;272;8069;8115;7.48;0.46;270.40;7.59;888;37;2783.00;46
7184;37;626561929;7184;273;8079;8128;7.59;0.46;270.47;7.58;895;37;2784.00;49
7185;37;626561944;7185;274;8079;8128;7.65;0.46;270.46;7.58;894;37;2785.00;49
7186;37;626561959;7186;275;8080;8128;7.64;0.46;270.45;7.58;894;37;2786.00;48
7187;37;626561973;7187;281;8081;8129;7.67;0.47;270.42;7.58;894;37;2787.00;48
7188;37;626561993;7188;275;8081;8130;7.70;0.47;270.41;7.58;893;37;2788.00;49
7189;37;626562005;7189;276;8081;8130;7.67;0.47;270.41;7.58;892;37;2789.00;49
7189;37;626562021;7189;277;8084;8136;7.67;0.47;270.41;7.58;895;37;2790.00;52
7191;37;626562034;7191;278;8084;8136;7.63;0.46;270.38;7.58;893;37;2791.00;52
7192;37;626562045;7192;277;8086;8136;7.54;0.46;270.35;7.63;894;37;2792.00;50
7193;37;626562057;7193;288;8086;8136;7.44;0.45;270.34;7.63;893;37;2793.00;50
7195;37;626562069;7195;292;8090;8142;7.34;0.45;270.30;7.63;895;37;2794.00;52
7198;37;626562081;7198;294;8090;8142;7.23;0.44;270.27;7.63;892;37;2795.00;52
7201;37;626562098;7201;298;8091;8142;7.14;0.43;270.23;7.63;890;37;2796.00;51
7204;37;626562119;7204;307;8091;8142;7.05;0.43;270.22;7.63;887;37;2797.00;51
7204;37;626562135;7204;308;8095;8146;7.00;0.43;270.22;7.63;891;37;2798.00;51
7206;37;626562148;7206;317;8096;8147;6.94;0.42;270.18;7.62;890;37;2799.00;51
7207;37;626562161;7207;319;8097;8147;6.94;0.42;270.15;7.62;890;37;2800.00;50
7211;37;626562176;7211;326;8098;8148;6.90;0.42;270.19;7.62;887;37;2801.00;50
7211;37;626562188;7211;331;8098;8148;6.82;0.42;270.19;7.62;887;37;2802.00;50
7213;37;626562198;7213;318;8098;8148;6.74;0.41;270.17;7.62;885;37;2803.00;50
7214;37;626562209;7214;314;8098;8148;6.67;0.41;270.18;7.62;884;37;2804.00;50
7214;37;626562220;7214;302;8098;8148;6.63;0.41;270.18;7.62;884;37;2805.00;50
7216;37;626562231;7216;297;8098;8148;6.61;0.40;270.16;7.62;882;37;2806.00;50
7217;37;626562242;7217;295;8099;8148;6.59;0.40;270.15;7.68;882;37;2807.00;49
7217;38;626562253;7217;312;8142;8218;6.64;0.41;270.15;7.64;925;38;2808.00;76
7219;38;626562280;7219;299;8142;8219;6.68;0.41;270.15;7.64;923;38;2809.00;77
7221;38;626562291;7221;287;8148;8219;6.77;0.41;270.13;7.63;927;38;2810.00;71
7222;39;626562309;7222;272;8150;8219;6.84;0.42;270.13;7.68;928;39;2811.00;69
7224;39;626562331;7224;267;8154;8219;6.94;0.42;270.11;7.68;930;39;2812.00;65
7225;39;626562347;7225;264;8157;8219;7.05;0.43;270.12;7.68;932;39;2813.00;62
7225;39;626562358;7225;262;8160;8219;7.17;0.44;270.12;7.68;935;39;2814.00;59
7226;39;626562370;7226;259;8162;8219;7.27;0.44;270.10;7.68;936;39;2815.00;57
7228;39;626562382;7228;263;8165;8220;7.37;0.45;270.10;7.68;937;39;2816.00;55
7231;39;626562399;7231;252;8167;8221;7.44;0.45;270.08;7.68;936;39;2817.00;54
7234;39;626562416;7234;256;8168;8221;7.47;0.45;270.07;7.68;934;39;2818.00;53
7239;39;626562427;7239;253;8171;8225;7.41;0.45;270.03;7.67;932;39;2819.00;54
7241;39;626562441;7241;247;8171;8225;7.42;0.45;270.06;7.67;930;39;2820.00;54
7244;39;626562452;7244;246;8171;8225;7.38;0.45;270.02;7.67;927;39;2821.00;54
7246;39;626562463;7246;244;8171;8225;7.38;0.45;270.01;7.67;925;39;2822.00;54
7246;39;626562475;7246;240;8175;8231;7.38;0.45;270.01;7.72;929;39;2823.00;56
7250;39;626562486;7250;234;8176;8231;7.31;0.44;270.07;7.72;926;39;2824.00;55
7252;39;626562497;7252;226;8178;8231;7.28;0.44;270.06;7.74;926;39;2825.00;53
7253;39;626562509;7253;222;8181;8234;7.32;0.45;270.05;7.79;928;39;2826.00;53
7257;39;626562521;7257;213;8181;8234;7.33;0.45;270.07;7.79;924;39;2827.00;53
7259;39;626562533;7259;215;8183;8234;7.39;0.45;270.04;7.83;924;39;2828.00;51
7263;39;626562544;7263;214;8183;8235;7.40;0.45;269.98;7.83;920;39;2829.00;52
7264;39;626562555;7264;217;8185;8236;7.43;0.45;270.02;7.87;921;39;2830.00;51
7266;39;626562566;7266;208;8185;8236;7.48;0.45;270.02;7.87;919;39;2831.00;51
7271;39;626562577;7271;211;8195;8249;7.47;0.45;269.97;7.86;924;39;2832.00;54
7274;39;626562590;7274;202;8195;8249;7.54;0.46;270.04;7.86;921;39;2833.00;54
7278;39;626562601;7278;203;8196;8249;7.63;0.46;270.00;7.90;918;39;2834.00;53
7281;39;626562612;7281;194;8198;8251;7.70;0.47;270.04;7.89;917;39;2835.00;53
7285;39;626562623;7285;199;8199;8251;7.77;0.47;270.13;7.93;914;39;2836.00;52
7289;39;626562635;7289;192;8202;8255;7.83;0.47;270.11;7.93;913;39;2837.00;53
7291;39;626562647;7291;193;8204;8255;7.83;0.47;270.09;7.93;913;39;2838.00;51
7296;39;626562658;7296;192;8209;8259;7.82;0.47;270.21;7.96;913;39;2839.00;50
7297;39;626562670;7297;190;8209;8259;7.87;0.48;270.23;7.96;912;39;2840.00;50
7300;39;626562681;7300;187;8210;8259;7.88;0.48;270.21;8.00;910;39;2841.00;49
7302;39;626562693;7302;186;8210;8259;7.95;0.48;270.27;8.00;908;39;2842.00;49
7304;39;626562704;7304;188;8210;8259;7.92;0.48;270.33;8.00;906;39;2843.00;49
7305;39;626562715;7305;186;8221;8271;8.00;0.48;270.37;8.03;916;39;2844.00;50
7309;39;626562727;7309;189;8222;8271;7.99;0.48;270.41;8.03;913;39;2845.00;49
7311;39;626562739;7311;195;8222;8271;8.06;0.49;270.46;8.03;911;39;2846.00;49
7314;39;626562750;7314;200;8222;8271;8.07;0.49;270.50;8.03;908;39;2847.00;49
7317;39;626562762;7317;195;8222;8271;8.13;0.49;270.58;8.03;905;39;2848.00;49
7317;39;626562778;7317;195;8222;8271;8.25;0.50;270.58;8.03;905;39;2849.00;49
7319;39;626562791;7319;199;8225;8274;8.27;0.50;270.62;8.04;906;39;2850.00;49
7320;39;626562803;7320;197;8226;8274;8.33;0.51;270.66;8.06;906;39;2851.00;48
7321;39;626562815;7321;201;8231;8280;8.39;0.51;270.67;8.05;910;39;2852.00;49
7326;39;626562827;7326;201;8234;8281;8.38;0.51;270.77;8.08;908;39;2853.00;47
7328;39;626562840;7328;203;8234;8281;8.34;0.51;270.78;8.08;906;39;2854.00;47
7330;39;626562852;7330;203;8235;8281;8.37;0.51;270.77;8.09;905;39;2855.00;46
7333;39;626562863;7333;208;8239;8285;8.41;0.51;270.77;8.10;906;39;2856.00;46
7335;39;626562876;7335;212;8240;8285;8.39;0.51;270.78;8.11;905;39;2857.00;45
7340;39;626562888;7340;212;8240;8285;8.37;0.51;270.83;8.11;900;39;2858.00;45
7341;39;626562899;7341;213;8242;8286;8.37;0.51;270.84;8.12;901;39;2859.00;44
7344;39;626562911;7344;209;8246;8290;8.33;0.51;270.92;8.13;902;39;2860.00;44
7346;39;626562923;7346;207;8247;8290;8.30;0.51;271.04;8.14;901;39;2861.00;43
7348;39;626562935;7348;209;8249;8293;8.34;0.51;271.04;8.14;901;39;2862.00;44
7349;39;626562947;7349;210;8251;8293;8.38;0.51;271.10;8.15;902;39;2863.00;42
7351;39;626562958;7351;212;8255;8295;8.33;0.51;271.14;8.18;904;39;2864.00;40
7353;39;626562970;7353;209;8255;8295;8.29;0.51;271.18;8.18;902;39;2865.00;40
7356;39;626562986;7356;219;8258;8299;8.23;0.50;271.20;8.17;902;39;2866.00;41
7361;39;626562998;7361;221;8259;8299;8.17;0.50;271.31;8.17;898;39;2867.00;40
7363;39;626563009;7363;225;8263;8299;8.08;0.49;271.43;8.22;900;39;2868.00;36
7367;39;626563020;7367;222;8263;8299;8.04;0.49;271.42;8.22;896;39;2869.00;36
7370;39;626563031;7370;224;8265;8300;7.91;0.48;271.49;8.24;895;39;2870.00;35
7372;39;626563043;7372;214;8267;8301;7.90;0.48;271.51;8.25;895;39;2871.00;34
7375;39;626563054;7375;214;8268;8301;7.77;0.47;271.57;8.26;893;39;2872.00;33
7379;39;626563065;7379;217;8269;8302;7.72;0.47;271.56;8.26;890;39;2873.00;33
7382;39;626563076;7382;216;8269;8302;7.70;0.47;271.58;8.26;887;39;2874.00;33
7386;39;626563087;7386;215;8271;8302;7.68;0.47;271.62;8.27;885;39;2875.00;31
7388;39;626563098;7388;213;8271;8302;7.71;0.47;271.68;8.27;883;39;2876.00;31
7391;39;626563109;7391;213;8273;8302;7.71;0.47;271.67;8.28;882;39;2877.00;29
7395;39;626563141;7395;215;8273;8302;7.71;0.47;271.76;8.28;878;39;2878.00;29
7398;39;626563159;7398;213;8274;8302;7.75;0.47;271.78;8.29;876;39;2879.00;28
7402;39;626563180;7402;253;8375;8532;7.82;0.49;271.80;8.20;973;39;2880.00;157
7403;39;626563220;7403;244;8381;8533;7.84;0.49;271.81;8.20;978;39;2881.00;152
7406;39;626563236;7406;232;8388;8533;7.86;0.49;271.89;8.20;982;39;2882.00;145
7410;39;626563253;7410;237;8396;8533;7.84;0.49;271.94;8.19;986;39;2883.00;137
7412;39;626563266;7412;236;8405;8533;7.84;0.49;271.93;8.21;993;39;2884.00;128
7417;39;626563279;7417;233;8410;8533;7.82;0.49;272.02;8.20;993;39;2885.00;123
7420;39;626563298;7420;230;8418;8533;7.81;0.48;272.03;8.21;998;39;2886.00;115
7424;39;626563311;7424;238;8423;8533;7.75;0.48;272.10;8.21;999;39;2887.00;110
7428;39;626563325;7428;243;8426;8534;7.68;0.48;272.10;8.21;998;39;2888.00;108
7431;39;626563338;7431;249;8433;8535;7.58;0.47;272.16;8.21;1002;39;2889.00;102
7433;39;626563351;7433;250;8438;8535;7.48;0.46;272.20;8.22;1005;39;2890.00;97
7437;39;626563364;7437;246;8442;8536;7.37;0.46;272.25;8.22;1005;39;2891.00;94
7440;39;626563382;7440;252;8447;8536;7.22;0.45;272.26;8.22;1007;39;2892.00;89
7442;39;626563396;7442;266;8449;8536;7.07;0.44;272.28;8.22;1007;39;2893.00;87
7445;39;626563409;7445;271;8452;8536;6.94;0.43;272.37;8.22;1007;39;2894.00;84
7450;39;626563421;7450;277;8458;8540;6.77;0.42;272.40;8.22;1008;39;2895.00;82
7453;39;626563435;7453;278;8461;8540;6.67;0.41;272.46;8.23;1008;39;2896.00;79
7458;39;626563447;7458;274;8464;8540;6.60;0.41;272.47;8.23;1006;39;2897.00;76
7461;39;626563460;7461;281;8468;8543;6.59;0.41;272.52;8.23;1007;39;2898.00;75
7466;39;626563474;7466;286;8469;8543;6.58;0.40;272.59;8.23;1003;39;2899.00;74
7469;39;626563488;7469;287;8473;8543;6.63;0.41;272.61;8.24;1004;39;2900.00;70
7473;39;626563505;7473;287;8477;8547;6.68;0.41;272.62;8.24;1004;39;2901.00;70
7476;39;626563518;7476;287;8482;8548;6.75;0.41;272.67;8.25;1006;39;2902.00;66
7480;39;626563530;7480;285;8482;8548;6.74;0.41;272.72;8.25;1002;39;2903.00;66
7483;39;626563549;7483;282;8492;8552;6.73;0.41;272.73;8.26;1009;39;2904.00;60
7487;39;626563562;7487;282;8494;8552;6.74;0.41;272.76;8.26;1007;39;2905.00;58
7490;39;626563575;7490;285;8495;8552;6.78;0.41;272.80;8.26;1005;39;2906.00;57
7492;39;626563588;7492;283;8500;8553;6.80;0.42;272.85;8.27;1008;39;2907.00;53
7494;39;626563602;7494;284;8501;8553;6.80;0.42;272.92;8.27;1007;39;2908.00;52
7500;39;626563616;7500;294;8507;8559;6.78;0.42;273.02;8.27;1007;39;2909.00;52
7504;39;626563632;7504;296;8508;8559;6.74;0.41;273.04;8.27;1004;39;2910.00;51
7508;39;626563645;7508;301;8510;8560;6.73;0.41;273.12;8.28;1002;39;2911.00;50
7512;39;626563659;7512;311;8511;8560;6.71;0.41;273.12;8.28;999;39;2912.00;49
7515;39;626563672;7515;309;8514;8560;6.66;0.41;273.19;8.28;999;39;2913.00;46
7516;39;626563691;7516;322;8515;8560;6.65;0.41;273.21;8.28;999;39;2914.00;45
7520;39;626563704;7520;328;8516;8560;6.62;0.41;273.26;8.28;996;39;2915.00;44
7524;39;626563717;7524;330;8525;8572;6.65;0.41;273.28;8.28;1001;39;2916.00;47
7527;39;626563731;7527;334;8526;8572;6.62;0.41;273.30;8.28;999;39;2917.00;46
7532;39;626563744;7532;341;8527;8572;6.59;0.41;273.26;8.27;995;39;2918.00;45
7537;39;626563758;7537;346;8527;8572;6.53;0.40;273.36;8.27;990;39;2919.00;45
7539;39;626563771;7539;355;8527;8572;6.50;0.40;273.40;8.27;988;39;2920.00;45
7541;39;626563783;7541;358;8528;8572;6.43;0.40;273.42;8.32;987;39;2921.00;44
7547;39;626563796;7547;362;8531;8576;6.37;0.39;273.41;8.32;984;39;2922.00;45
7550;39;626563809;7550;371;8531;8576;6.33;0.39;273.42;8.32;981;39;2923.00;45
7558;39;626563822;7558;372;8534;8580;6.25;0.38;273.52;8.32;976;39;2924.00;46
7565;39;626563836;7565;372;8537;8582;6.22;0.38;273.58;8.31;972;39;2925.00;45
7570;39;626563850;7570;377;8537;8582;6.19;0.38;273.52;8.31;967;39;2926.00;45
7571;39;626563862;7571;380;8537;8582;6.24;0.38;273.50;8.31;966;39;2927.00;45
7574;39;626563874;7574;380;8548;8595;6.33;0.39;273.50;8.30;974;39;2928.00;47
7579;39;626563888;7579;377;8548;8595;6.26;0.38;273.54;8.30;969;39;2929.00;47
7583;39;626563907;7583;382;8548;8595;6.22;0.38;273.52;8.30;965;39;2930.00;47
7584;39;626563919;7584;388;8549;8596;6.22;0.38;273.50;8.30;965;39;2931.00;47
7590;39;626563931;7590;397;8549;8597;6.13;0.37;273.40;8.30;959;39;2932.00;48
7592;39;626563943;7592;405;8550;8597;6.07;0.37;273.40;8.35;958;39;2933.00;47
7597;39;626563955;7597;414;8552;8600;6.04;0.37;273.31;8.35;955;39;2934.00;48
7600;39;626563968;7600;415;8553;8600;6.00;0.37;273.23;8.35;953;39;2935.00;47
7601;39;626563980;7601;422;8553;8600;5.99;0.37;273.33;8.35;952;39;2936.00;47
7602;39;626563992;7602;416;8553;8600;5.98;0.37;273.30;8.35;951;39;2937.00;47
7605;39;626564005;7605;422;8558;8606;6.01;0.37;273.24;8.39;953;39;2938.00;48
7607;39;626564018;7607;424;8558;8606;6.06;0.37;273.26;8.39;951;39;2939.00;48
7609;39;626564033;7609;426;8559;8606;6.10;0.37;273.23;8.39;950;39;2940.00;47
7610;39;626564046;7610;424;8559;8606;6.17;0.38;273.20;8.39;949;39;2941.00;47
7612;39;626564058;7612;425;8562;8610;6.24;0.38;273.29;8.39;950;39;2942.00;48
7612;39;626564070;7612;418;8563;8611;6.30;0.38;273.29;8.39;951;39;2943.00;48
7616;39;626564083;7616;422;8563;8611;6.27;0.38;273.22;8.39;947;39;2944.00;48
7616;39;626564096;7616;423;8564;8612;6.30;0.38;273.22;8.38;948;39;2945.00;48
7617;39;626564113;7617;406;8564;8612;6.31;0.38;273.19;8.38;947;39;2946.00;48
7620;39;626564128;7620;395;8564;8612;6.32;0.38;273.14;8.38;944;39;2947.00;48
7622;39;626564142;7622;381;8564;8612;6.35;0.39;273.14;8.38;942;39;2948.00;48
7624;39;626564154;7624;377;8564;8612;6.38;0.39;273.22;8.38;940;39;2949.00;48
7627;39;626564167;7627;366;8564;8612;6.43;0.39;273.15;8.38;937;39;2950.00;48
7628;39;626564185;7628;370;8564;8612;6.51;0.39;273.14;8.38;936;39;2951.00;48
7630;39;626564197;7630;373;8596;8682;6.69;0.41;273.13;8.35;966;40;2952.00;86
7630;39;626564223;7630;361;8596;8683;6.79;0.41;273.13;8.35;966;40;2953.00;87
7630;39;626564235;7630;357;8604;8683;6.97;0.42;273.13;8.35;974;40;2954.00;79
7630;39;626564247;7630;343;8609;8683;7.10;0.43;273.13;8.34;979;40;2955.00;74
7631;39;626564260;7631;332;8612;8683;7.16;0.43;273.13;8.39;981;40;2956.00;71
7633;39;626564273;7633;325;8617;8683;7.32;0.44;273.15;8.39;984;40;2957.00;66
7634;39;626564286;7634;316;8620;8683;7.46;0.45;273.15;8.39;986;40;2958.00;63
7637;39;626564298;7637;300;8622;8683;7.57;0.46;273.15;8.39;985;40;2959.00;61
7637;39;626564312;7637;292;8624;8684;7.70;0.47;273.15;8.39;987;40;2960.00;60
7638;39;626564325;7638;285;8625;8685;7.74;0.47;273.14;8.39;987;40;2961.00;60
7641;39;626564339;7641;278;8626;8685;7.74;0.47;273.12;8.39;985;40;2962.00;59
7641;39;626564353;7641;274;8629;8689;7.70;0.47;273.12;8.39;988;40;2963.00;60
7642;39;626564366;7642;272;8629;8689;7.65;0.46;273.09;8.39;987;40;2964.00;60
7642;39;626564385;7642;267;8629;8689;7.66;0.47;273.09;8.39;987;40;2965.00;60
7643;39;626564399;7643;264;8629;8689;7.58;0.46;273.09;8.39;986;40;2966.00;60
7644;39;626564418;7644;268;8632;8695;7.57;0.46;273.09;8.38;988;40;2967.00;63
7644;39;626564431;7644;259;8632;8695;7.55;0.46;273.09;8.38;988;40;2968.00;63
7645;39;626564451;7645;262;8633;8695;7.56;0.46;273.10;8.38;988;40;2969.00;62
7647;39;626564467;7647;262;8636;8701;7.60;0.46;273.10;8.38;989;40;2970.00;65
7648;39;626564484;7648;265;8637;8701;7.63;0.46;273.09;8.38;989;40;2971.00;64
7648;39;626564498;7648;266;8638;8701;7.61;0.46;273.09;8.43;990;40;2972.00;63
7649;39;626564517;7649;275;8639;8702;7.62;0.47;273.11;8.43;990;40;2973.00;63
7650;39;626564529;7650;278;8640;8703;7.62;0.47;273.10;8.43;990;40;2974.00;63
7652;39;626564542;7652;281;8641;8703;7.60;0.46;273.10;8.43;989;40;2975.00;62
7656;39;626564555;7656;286;8649;8716;7.55;0.46;273.17;8.42;993;40;2976.00;67
7658;39;626564568;7658;293;8650;8716;7.51;0.46;273.15;8.42;992;40;2977.00;66
7663;39;626564580;7663;296;8650;8716;7.49;0.46;273.18;8.42;987;40;2978.00;66
7667;39;626564593;7667;300;8651;8717;7.43;0.45;273.25;8.42;984;40;2979.00;66
7667;39;626564605;7667;293;8651;8717;7.46;0.45;273.25;8.42;984;40;2980.00;66
7673;39;626564618;7673;287;8654;8721;7.43;0.45;273.33;8.47;981;40;2981.00;67
7677;39;626564636;7677;288;8654;8721;7.42;0.45;273.37;8.47;977;40;2982.00;67
7679;39;626564649;7679;284;8658;8725;7.40;0.45;273.35;8.47;979;40;2983.00;67
7682;39;626564663;7682;280;8658;8725;7.43;0.45;273.35;8.47;976;40;2984.00;67
7684;39;626564675;7684;277;8658;8725;7.40;0.45;273.38;8.47;974;40;2985.00;67
7688;39;626564688;7688;271;8658;8725;7.36;0.45;273.39;8.47;970;40;2986.00;67
7690;39;626564700;7690;275;8658;8725;7.31;0.44;273.44;8.47;968;40;2987.00;67
7692;39;626564711;7692;272;8667;8737;7.35;0.45;273.46;8.46;975;40;2988.00;70
7697;39;626564724;7697;268;8668;8737;7.30;0.44;273.52;8.46;971;40;2989.00;69
7701;39;626564736;7701;254;8670;8737;7.30;0.44;273.61;8.46;969;40;2990.00;67
7706;39;626564747;7706;253;8670;8737;7.22;0.44;273.61;8.46;964;40;2991.00;67
7710;39;626564760;7710;250;8670;8737;7.18;0.44;273.71;8.46;960;40;2992.00;67
7711;39;626564772;7711;244;8671;8737;7.23;0.44;273.73;8.46;960;40;2993.00;66
7718;39;626564784;7718;238;8673;8738;7.18;0.44;273.75;8.47;955;40;2994.00;65
7720;39;626564803;7720;234;8676;8738;7.15;0.43;273.79;8.55;956;40;2995.00;62
7721;39;626564815;7721;231;8679;8744;7.23;0.44;273.79;8.55;958;40;2996.00;65
7723;39;626564827;7723;229;8681;8745;7.28;0.44;273.77;8.54;958;40;2997.00;64
7727;39;626564839;7727;229;8682;8745;7.29;0.44;273.83;8.59;955;40;2998.00;63
7729;39;626564852;7729;221;8682;8745;7.30;0.44;273.84;8.59;953;40;2999.00;63
7731;39;626564867;7731;227;8686;8765;7.32;0.44;273.81;8.59;955;40;3000.00;79
7732;39;626564885;7732;216;8688;8765;7.35;0.44;273.87;8.63;956;40;3001.00;77
7735;39;626564897;7735;218;8688;8765;7.39;0.45;273.95;8.63;953;40;3002.00;77
7739;39;626564910;7739;216;8689;8766;7.46;0.45;273.97;8.63;950;40;3003.00;77
7743;39;626564922;7743;210;8693;8770;7.49;0.45;273.95;8.67;950;40;3004.00;77
7746;39;626564935;7746;202;8693;8770;7.55;0.46;273.95;8.67;947;40;3005.00;77
7748;39;626564947;7748;200;8696;8773;7.65;0.46;273.97;8.67;948;40;3006.00;77
7750;39;626564959;7750;200;8698;8773;7.76;0.47;274.01;8.67;948;40;3007.00;75
7753;39;626564972;7753;196;8699;8773;7.85;0.47;273.99;8.71;946;40;3008.00;74
7754;39;626564985;7754;201;8700;8773;7.94;0.48;273.99;8.72;946;40;3009.00;73
7756;39;626564997;7756;203;8704;8777;8.01;0.48;273.99;8.73;948;40;3010.00;73
7761;39;626565010;7761;198;8706;8777;8.03;0.48;274.00;8.73;945;40;3011.00;71
7762;39;626565023;7762;196;8708;8777;8.09;0.49;274.01;8.74;946;40;3012.00;69
7765;39;626565036;7765;197;8711;8777;8.10;0.49;274.07;8.74;946;40;3013.00;66
7766;39;626565048;7766;195;8714;8778;8.14;0.49;274.08;8.74;948;40;3014.00;64
7770;39;626565061;7770;191;8716;8780;8.20;0.50;274.12;8.74;946;40;3015.00;64
7773;39;626565074;7773;191;8717;8780;8.23;0.50;274.20;8.74;944;40;3016.00;63
7776;39;626565086;7776;188;8718;8781;8.28;0.50;274.21;8.73;942;40;3017.00;63
7778;39;626565099;7778;187;8718;8781;8.30;0.50;274.20;8.73;940;40;3018.00;63
7782;39;626565112;7782;190;8720;8781;8.31;0.50;274.27;8.74;938;40;3019.00;61
7784;39;626565126;7784;182;8722;8781;8.31;0.50;274.28;8.77;938;40;3020.00;59
7788;39;626565144;7788;190;8722;8781;8.32;0.50;274.30;8.77;934;40;3021.00;59
7790;39;626565165;7790;187;8722;8781;8.33;0.50;274.30;8.77;932;40;3022.00;59
7793;39;626565185;7793;186;8723;8781;8.32;0.50;274.34;8.78;930;40;3023.00;58
7795;39;626565205;7795;209;8789;8908;8.35;0.51;274.43;8.73;994;40;3024.00;119
7796;39;626565239;7796;199;8792;8909;8.45;0.52;274.43;8.73;996;40;3025.00;117
7798;39;626565254;7798;198;8800;8909;8.56;0.53;274.49;8.76;1002;40;3026.00;109
7800;39;626565269;7800;199;8806;8909;8.61;0.53;274.53;8.75;1006;40;3027.00;103
7800;39;626565283;7800;200;8813;8909;8.65;0.53;274.53;8.78;1013;40;3028.00;96
7803;39;626565297;7803;205;8818;8909;8.65;0.53;274.56;8.79;1015;40;3029.00;91
7806;39;626565320;7806;208;8822;8909;8.65;0.53;274.65;8.80;1016;40;3030.00;87
7810;39;626565335;7810;209;8826;8909;8.65;0.53;274.80;8.81;1016;40;3031.00;83
7815;39;626565350;7815;210;8830;8910;8.65;0.53;274.76;8.82;1015;40;3032.00;80
7818;39;626565365;7818;211;8833;8911;8.62;0.53;274.85;8.84;1015;40;3033.00;78
7819;39;626565392;7819;220;8837;8911;8.61;0.53;274.82;8.85;1018;40;3034.00;74
7822;39;626565407;7822;222;8839;8912;8.56;0.53;274.88;8.85;1017;40;3035.00;73
7825;39;626565420;7825;220;8844;8912;8.44;0.52;274.86;8.87;1019;40;3036.00;68
7828;39;626565434;7828;219;8850;8912;8.35;0.51;274.84;8.88;1022;40;3037.00;62
7829;39;626565448;7829;223;8854;8912;8.25;0.51;274.86;8.89;1025;40;3038.00;58
7833;39;626565461;7833;222;8858;8916;8.15;0.50;274.80;8.89;1025;40;3039.00;58
7836;39;626565478;7836;228;8862;8916;8.05;0.49;274.83;8.91;1026;40;3040.00;54
7838;39;626565492;7838;234;8863;8916;7.98;0.49;274.88;8.91;1025;40;3041.00;53
7841;39;626565505;7841;231;8867;8919;7.93;0.49;274.90;8.91;1026;40;3042.00;52
7843;39;626565520;7843;241;8868;8919;7.87;0.48;274.93;8.92;1025;40;3043.00;51
7845;39;626565534;7845;238;8871;8919;7.82;0.48;275.03;8.93;1026;40;3044.00;48
7846;39;626565548;7846;244;8874;8923;7.72;0.47;275.01;8.92;1028;40;3045.00;49
7848;39;626565562;7848;250;8876;8924;7.63;0.47;275.05;8.92;1028;40;3046.00;48
7852;39;626565575;7852;258;8877;8924;7.53;0.46;275.05;8.93;1025;40;3047.00;47
7854;39;626565587;7854;255;8883;8928;7.48;0.46;275.10;8.95;1029;40;3048.00;45
7857;39;626565601;7857;262;8883;8928;7.44;0.46;275.13;8.95;1026;40;3049.00;45
7858;39;626565614;7858;270;8884;8928;7.40;0.45;275.11;8.96;1026;40;3050.00;44
7862;39;626565627;7862;274;8885;8929;7.34;0.45;275.18;8.95;1023;40;3051.00;44
7866;39;626565640;7866;279;8887;8929;7.23;0.44;275.19;8.97;1021;40;3052.00;42
7868;39;626565653;7868;290;8891;8935;7.19;0.44;275.31;8.96;1023;40;3053.00;44
7876;39;626565666;7876;296;8891;8935;7.09;0.43;275.20;8.96;1015;40;3054.00;44
7882;39;626565679;7882;296;8892;8936;6.96;0.43;275.18;8.96;1010;40;3055.00;44
7885;39;626565691;7885;305;8894;8936;6.83;0.42;275.30;8.97;1009;40;3056.00;42
7888;39;626565703;7888;307;8897;8936;6.74;0.41;275.33;8.98;1009;40;3057.00;39
7893;39;626565720;7893;317;8899;8936;6.58;0.41;275.36;8.99;1006;40;3058.00;37
7899;39;626565732;7899;321;8899;8936;6.44;0.40;275.44;8.99;1000;40;3059.00;37
7904;39;626565745;7904;316;8922;8972;6.45;0.40;275.54;8.97;1018;40;3060.00;50
7909;39;626565760;7909;319;8924;8972;6.37;0.39;275.59;8.97;1015;40;3061.00;48
7913;39;626565771;7913;316;8928;8972;6.27;0.39;275.67;8.97;1015;40;3062.00;44
7918;39;626565783;7918;310;8930;8972;6.21;0.38;275.77;8.97;1012;40;3063.00;42
7921;39;626565795;7921;325;8932;8972;6.12;0.38;275.85;8.98;1011;40;3064.00;40
7926;39;626565812;7926;320;8933;8972;6.10;0.38;275.83;8.98;1007;40;3065.00;39
7931;39;626565829;7931;326;8936;8976;6.13;0.38;275.88;8.97;1005;40;3066.00;40
7937;39;626565842;7937;326;8937;8976;6.13;0.38;275.99;8.97;1000;40;3067.00;39
7940;39;626565854;7940;325;8941;8980;6.14;0.38;276.07;8.97;1001;40;3068.00;39
7944;39;626565866;7944;320;8942;8981;6.14;0.38;276.11;8.97;998;40;3069.00;39
7946;39;626565877;7946;326;8943;8981;6.11;0.38;276.16;8.97;997;40;3070.00;38
7948;39;626565888;7948;326;8943;8981;6.07;0.37;276.12;8.97;995;40;3071.00;38
7952;39;626565900;7952;327;8954;8994;6.02;0.37;276.19;8.96;1002;40;3072.00;40
7955;39;626565913;7955;322;8954;8994;6.05;0.37;276.19;8.96;999;40;3073.00;40
7958;39;626565925;7958;331;8954;8994;6.06;0.37;276.21;8.96;996;40;3074.00;40
7962;39;626565938;7962;328;8955;8995;6.05;0.37;276.21;8.96;993;40;3075.00;40
7967;39;626565950;7967;329;8955;8996;6.03;0.37;276.20;8.96;988;40;3076.00;41
7972;39;626565962;7972;328;8955;8996;6.00;0.37;276.10;8.96;983;40;3077.00;41
7976;39;626565974;7976;329;8957;8999;5.99;0.37;276.08;8.95;981;40;3078.00;42
7981;39;626565986;7981;337;8958;8999;5.95;0.37;276.04;8.95;977;40;3079.00;41
7984;39;626565998;7984;342;8958;8999;5.95;0.36;275.99;8.95;974;40;3080.00;41
7987;39;626566010;7987;333;8958;8999;5.96;0.36;275.99;8.95;971;40;3081.00;41
7991;39;626566022;7991;340;8962;9005;5.95;0.36;275.96;8.95;971;40;3082.00;43
7993;39;626566035;7993;330;8962;9005;5.89;0.36;275.94;8.95;969;40;3083.00;43
7998;39;626566048;7998;328;8963;9005;5.81;0.35;275.91;8.95;965;40;3084.00;42
8004;39;626566065;8004;322;8963;9005;5.74;0.35;276.01;8.95;959;40;3085.00;42
8008;39;626566078;8008;337;8966;9009;5.76;0.35;276.03;8.95;958;40;3086.00;43
8012;39;626566091;8012;342;8967;9010;5.77;0.35;276.00;8.95;955;40;3087.00;43
8016;39;626566105;8016;345;8967;9010;5.77;0.35;275.95;8.95;951;40;3088.00;43
8021;39;626566118;8021;345;8968;9011;5.78;0.35;275.90;8.94;947;40;3089.00;43
8024;39;626566135;8024;348;8968;9011;5.77;0.35;275.89;8.94;944;40;3090.00;43
8027;39;626566147;8027;353;8969;9011;5.82;0.36;275.94;8.99;942;40;3091.00;42
8029;39;626566160;8029;357;8969;9011;5.85;0.36;275.96;8.99;940;40;3092.00;42
8033;39;626566171;8033;364;8969;9011;5.85;0.36;275.88;8.99;936;40;3093.00;42
8037;39;626566183;8037;365;8969;9011;5.88;0.36;275.90;8.99;932;40;3094.00;42
8039;39;626566194;8039;366;8969;9011;5.87;0.36;275.98;8.99;930;40;3095.00;42
8042;39;626566205;8042;387;9008;9081;6.09;0.37;275.95;8.95;966;40;3096.00;73
8045;39;626566222;8045;377;9011;9082;6.12;0.38;275.94;8.95;966;40;3097.00;71
8048;39;626566233;8048;380;9017;9082;6.19;0.38;275.91;8.94;969;40;3098.00;65
8050;39;626566245;8050;385;9022;9082;6.22;0.38;275.89;8.94;972;40;3099.00;60
8052;39;626566258;8052;387;9026;9082;6.30;0.39;275.92;8.94;974;40;3100.00;56
8053;39;626566273;8053;388;9029;9082;6.37;0.39;275.94;8.94;976;40;3101.00;53
8057;39;626566285;8057;390;9031;9082;6.37;0.39;275.94;8.94;974;40;3102.00;51
8062;39;626566297;8062;397;9033;9082;6.32;0.39;275.96;8.94;971;40;3103.00;49
8066;39;626566308;8066;405;9035;9083;6.29;0.39;275.94;8.94;969;40;3104.00;48
8066;40;626566320;8066;407;9037;9085;6.28;0.39;275.94;8.93;971;41;3105.00;48
8068;40;626566347;8068;421;9038;9085;6.24;0.38;275.96;8.93;970;41;3106.00;47
8070;40;626566358;8070;396;9042;9089;6.23;0.38;275.96;8.98;972;41;3107.00;47
8072;40;626566371;8072;376;9042;9089;6.24;0.38;275.98;8.98;970;41;3108.00;47
8073;40;626566383;8073;362;9042;9089;6.33;0.39;276.07;8.98;969;41;3109.00;47
8075;40;626566395;8075;349;9042;9089;6.44;0.39;276.06;8.98;967;41;3110.00;47
8079;40;626566408;8079;343;9046;9095;6.51;0.40;276.04;8.97;967;41;3111.00;49
8081;40;626566421;8081;334;9046;9095;6.62;0.41;276.04;8.97;965;41;3112.00;49
8084;40;626566439;8084;333;9047;9095;6.74;0.41;276.04;8.97;963;41;3113.00;48
8085;40;626566452;8085;325;9050;9098;6.87;0.42;276.11;9.01;965;41;3114.00;48
8089;40;626566464;8089;319;9051;9098;6.96;0.43;276.07;9.01;962;41;3115.00;47
8090;40;626566478;8090;304;9051;9098;7.04;0.43;276.07;9.01;961;41;3116.00;47
8093;40;626566495;8093;291;9051;9099;7.15;0.44;276.07;9.01;958;41;3117.00;48
8094;40;626566509;8094;279;9052;9100;7.31;0.45;276.06;9.01;958;41;3118.00;48
8096;40;626566522;8096;270;9052;9100;7.39;0.45;276.04;9.01;956;41;3119.00;48
8098;40;626566545;8098;263;9072;9126;7.56;0.46;276.03;8.99;974;41;3120.00;54
8100;40;626566562;8100;258;9073;9126;7.64;0.47;276.01;8.99;973;41;3121.00;53
8103;40;626566578;8103;258;9074;9126;7.75;0.47;275.96;8.99;971;41;3122.00;52
8104;40;626566594;8104;264;9075;9127;7.88;0.48;275.96;8.99;971;41;3123.00;52
8105;40;626566610;8105;263;9075;9127;7.97;0.49;275.94;8.99;970;41;3124.00;52
8108;41;626566624;8108;255;9078;9131;8.02;0.49;275.94;8.99;970;42;3125.00;53
8109;41;626566651;8109;261;9078;9131;8.11;0.49;275.92;8.99;969;42;3126.00;53
8110;41;626566666;8110;255;9082;9135;8.18;0.50;275.95;8.98;972;42;3127.00;53
8114;41;626566681;8114;254;9082;9135;8.16;0.50;275.95;8.98;968;42;3128.00;53
8115;41;626566697;8115;253;9082;9135;8.12;0.49;275.95;8.98;967;42;3129.00;53
8118;41;626566712;8118;248;9082;9135;8.15;0.50;276.04;8.98;964;42;3130.00;53
8121;41;626566727;8121;243;9082;9135;8.16;0.50;276.10;8.98;961;42;3131.00;53
8124;41;626566742;8124;244;9092;9147;8.21;0.50;276.04;8.97;968;42;3132.00;55
8126;41;626566759;8126;244;9092;9147;8.19;0.50;276.08;8.97;966;42;3133.00;55
8130;41;626566774;8130;247;9093;9147;8.13;0.50;276.11;8.97;963;42;3134.00;54
8132;41;626566787;8132;250;9093;9147;8.08;0.49;276.14;8.97;961;42;3135.00;54
8136;41;626566806;8136;252;9093;9147;8.05;0.49;276.19;8.97;957;42;3136.00;54
8142;41;626566825;8142;249;9093;9147;7.97;0.48;276.30;8.97;951;42;3137.00;54
8145;41;626566838;8145;249;9093;9148;7.98;0.49;276.34;8.97;948;42;3138.00;55
8147;41;626566851;8147;251;9093;9148;7.92;0.48;276.34;8.97;946;42;3139.00;55
8150;41;626566863;8150;256;9097;9154;7.93;0.48;276.38;8.97;947;42;3140.00;57
8151;41;626566876;8151;261;9098;9155;7.99;0.49;276.43;8.97;947;42;3141.00;57
8153;41;626566889;8153;264;9099;9155;8.03;0.49;276.48;8.97;946;42;3142.00;56
8156;41;626566902;8156;267;9099;9155;7.96;0.49;276.52;8.97;943;42;3143.00;56
8158;41;626566914;8158;271;9102;9159;8.00;0.49;276.57;8.96;944;42;3144.00;57
8160;41;626566927;8160;276;9103;9159;8.00;0.49;276.65;9.01;943;42;3145.00;56
8162;41;626566940;8162;280;9103;9159;8.00;0.49;276.76;9.01;941;42;3146.00;56
8165;41;626566952;8165;278;9104;9160;7.96;0.49;276.85;9.01;939;42;3147.00;56
8170;41;626566965;8170;282;9107;9164;7.83;0.48;276.91;9.01;937;42;3148.00;57
8171;41;626566978;8171;283;9107;9164;7.80;0.48;276.95;9.01;936;42;3149.00;57
8177;41;626566991;8177;285;9110;9170;7.76;0.47;277.07;9.00;933;42;3150.00;60
8181;41;626567004;8181;281;9110;9170;7.69;0.47;277.11;9.00;929;42;3151.00;60
8185;41;626567017;8185;286;9111;9170;7.71;0.47;277.08;9.00;926;42;3152.00;59
8190;41;626567029;8190;283;9111;9170;7.71;0.47;277.20;9.00;921;42;3153.00;59
8193;41;626567042;8193;276;9114;9174;7.77;0.47;277.23;9.00;921;42;3154.00;60
8197;41;626567055;8197;271;9114;9174;7.82;0.48;277.26;9.00;917;42;3155.00;60
8203;41;626567067;8203;266;9115;9174;7.83;0.48;277.35;9.00;912;42;3156.00;59
8207;41;626567080;8207;267;9115;9174;7.84;0.48;277.34;9.00;908;42;3157.00;59
8210;41;626567091;8210;261;9116;9175;7.84;0.48;277.37;9.00;906;42;3158.00;59
8214;41;626567104;8214;250;9117;9176;7.85;0.48;277.37;9.00;903;42;3159.00;59
8218;41;626567115;8218;249;9118;9176;7.85;0.48;277.39;9.00;900;42;3160.00;58
8223;41;626567127;8223;242;9120;9177;7.80;0.47;277.47;9.04;897;42;3161.00;57
8225;41;626567144;8225;231;9120;9177;7.78;0.47;277.44;9.04;895;42;3162.00;57
8231;41;626567165;8231;228;9120;9177;7.71;0.47;277.46;9.04;889;42;3163.00;57
8235;41;626567186;8235;220;9121;9177;7.70;0.47;277.49;9.06;886;42;3164.00;56
8237;41;626567205;8237;212;9122;9177;7.66;0.47;277.49;9.07;885;42;3165.00;55
8239;41;626567224;8239;202;9122;9177;7.72;0.47;277.54;9.07;883;42;3166.00;55
8242;41;626567237;8242;201;9122;9177;7.74;0.47;277.55;9.07;880;42;3167.00;55
8248;41;626567254;8248;217;9189;9304;7.83;0.48;277.61;9.00;941;42;3168.00;115
8250;41;626567281;8250;202;9190;9305;7.87;0.48;277.65;9.00;940;42;3169.00;115
8252;41;626567295;8252;191;9196;9305;8.05;0.49;277.61;9.04;944;42;3170.00;109
8256;41;626567308;8256;185;9198;9305;8.05;0.49;277.63;9.04;942;42;3171.00;107
8260;41;626567322;8260;187;9202;9305;8.16;0.50;277.68;9.03;942;42;3172.00;103
8262;41;626567338;8262;187;9205;9305;8.23;0.50;277.67;9.06;943;42;3173.00;100
8267;41;626567355;8267;186;9208;9305;8.26;0.50;277.64;9.06;941;42;3174.00;97
8268;41;626567376;8268;185;9210;9305;8.29;0.51;277.64;9.09;942;42;3175.00;95
8270;41;626567394;8270;182;9213;9306;8.40;0.51;277.60;9.09;943;42;3176.00;93
8275;41;626567410;8275;181;9220;9307;8.44;0.51;277.62;9.12;945;42;3177.00;87
8276;41;626567427;8276;186;9222;9307;8.50;0.52;277.63;9.13;946;42;3178.00;85
8277;41;626567446;8277;184;9229;9308;8.53;0.52;277.61;9.13;952;42;3179.00;79
8280;41;626567468;8280;178;9232;9308;8.52;0.52;277.68;9.13;952;42;3180.00;76
8281;41;626567487;8281;180;9236;9308;8.55;0.52;277.72;9.16;955;42;3181.00;72
8282;41;626567503;8282;181;9241;9308;8.59;0.52;277.79;9.16;959;42;3182.00;67
8285;41;626567517;8285;184;9246;9312;8.56;0.52;277.84;9.16;961;42;3183.00;66
8291;41;626567532;8291;192;9248;9312;8.55;0.52;277.98;9.16;957;42;3184.00;64
8294;41;626567552;8294;198;9248;9312;8.58;0.52;277.97;9.16;954;42;3185.00;64
8297;41;626567566;8297;204;9251;9315;8.59;0.52;278.08;9.16;954;42;3186.00;64
8301;41;626567579;8301;207;9252;9315;8.59;0.52;278.15;9.18;951;42;3187.00;63
8304;41;626567594;8304;213;9253;9315;8.60;0.52;278.12;9.18;949;42;3188.00;62
8309;41;626567608;8309;219;9257;9319;8.62;0.52;278.07;9.17;948;42;3189.00;62
8312;41;626567622;8312;221;9261;9320;8.66;0.53;278.16;9.21;949;42;3190.00;59
8314;41;626567637;8314;227;9263;9322;8.62;0.52;278.23;9.21;949;42;3191.00;59
8316;41;626567652;8316;229;9267;9326;8.66;0.53;278.23;9.22;951;42;3192.00;59
8319;41;626567666;8319;233;9269;9326;8.59;0.52;278.26;9.24;950;42;3193.00;57
8321;41;626567689;8321;235;9269;9326;8.59;0.52;278.29;9.24;948;42;3194.00;57
8324;41;626567702;8324;233;9272;9328;8.54;0.52;278.34;9.25;948;42;3195.00;56
8326;41;626567722;8326;238;9274;9328;8.49;0.52;278.37;9.27;948;42;3196.00;54
8329;41;626567736;8329;238;9279;9334;8.51;0.52;278.38;9.27;950;42;3197.00;55
8331;42;626567751;8331;241;9280;9334;8.48;0.52;278.44;9.28;949;43;3198.00;54
8333;42;626567777;8333;248;9281;9335;8.35;0.51;278.48;9.29;948;43;3199.00;54
8336;42;626567791;8336;252;9282;9335;8.17;0.50;278.49;9.30;946;43;3200.00;53
8337;42;626567812;8337;248;9283;9335;8.07;0.49;278.52;9.32;946;43;3201.00;52
8340;42;626567825;8340;250;9284;9335;8.00;0.49;278.54;9.33;944;43;3202.00;51
8343;42;626567838;8343;251;9286;9335;7.93;0.48;278.59;9.35;943;43;3203.00;49
8345;42;626567850;8345;260;9296;9347;7.94;0.49;278.58;9.34;951;43;3204.00;51
8348;42;626567865;8348;262;9298;9347;7.92;0.48;278.60;9.36;950;43;3205.00;49
8351;42;626567878;8351;264;9299;9347;7.90;0.48;278.62;9.36;948;43;3206.00;48
8352;42;626567891;8352;259;9300;9347;7.86;0.48;278.61;9.37;948;43;3207.00;47
8355;42;626567903;8355;264;9301;9347;7.81;0.48;278.66;9.38;946;43;3208.00;46
8357;42;626567921;8357;267;9302;9347;7.79;0.48;278.67;9.38;945;43;3209.00;45
8359;42;626567936;8359;269;9305;9351;7.73;0.47;278.76;9.38;946;43;3210.00;46
8361;42;626567951;8361;265;9306;9351;7.66;0.47;278.77;9.39;945;43;3211.00;45
8363;42;626567964;8363;271;9310;9355;7.69;0.47;278.85;9.39;947;43;3212.00;45
8366;42;626567979;8366;271;9311;9356;7.66;0.47;278.87;9.39;945;43;3213.00;45
8367;42;626567992;8367;275;9313;9356;7.63;0.47;278.88;9.39;946;43;3214.00;43
8370;42;626568005;8370;280;9314;9356;7.58;0.47;278.90;9.40;944;43;3215.00;42
8374;42;626568017;8374;284;9325;9369;7.55;0.46;278.89;9.39;951;43;3216.00;44
8378;42;626568032;8378;290;9327;9369;7.54;0.46;278.85;9.40;949;43;3217.00;42
8381;42;626568045;8381;295;9328;9369;7.54;0.46;278.90;9.40;947;43;3218.00;41
8383;42;626568056;8383;302;9330;9370;7.61;0.47;278.99;9.40;947;43;3219.00;40
8387;42;626568068;8387;306;9331;9371;7.53;0.46;278.99;9.41;944;43;3220.00;40
8391;42;626568080;8391;312;9331;9371;7.43;0.45;278.95;9.41;940;43;3221.00;40
8394;42;626568091;8394;313;9334;9374;7.33;0.45;279.00;9.42;940;43;3222.00;40
8398;42;626568103;8398;319;9335;9374;7.19;0.44;279.03;9.42;937;43;3223.00;39
8399;42;626568114;8399;325;9336;9374;7.09;0.43;279.02;9.42;937;43;3224.00;38
8403;42;626568124;8403;327;9337;9374;6.96;0.43;278.99;9.43;934;43;3225.00;37
8409;42;626568137;8409;331;9342;9380;6.89;0.42;279.02;9.43;933;43;3226.00;38
8411;42;626568150;8411;338;9343;9380;6.80;0.42;278.99;9.43;932;43;3227.00;37
8417;42;626568161;8417;347;9344;9380;6.66;0.41;278.99;9.43;927;43;3228.00;36
8419;42;626568171;8419;359;9344;9380;6.53;0.40;278.96;9.43;925;43;3229.00;36
8423;42;626568182;8423;345;9350;9384;6.37;0.39;278.98;9.45;927;43;3230.00;34
8425;42;626568193;8425;341;9351;9385;6.32;0.39;278.98;9.45;926;43;3231.00;34
8428;42;626568203;8428;339;9351;9385;6.27;0.39;278.98;9.45;923;43;3232.00;34
8433;42;626568212;8433;336;9353;9386;6.22;0.38;278.90;9.45;920;43;3233.00;33
8434;42;626568223;8434;338;9353;9386;6.19;0.38;278.87;9.45;919;43;3234.00;33
8436;42;626568233;8436;337;9356;9386;6.13;0.38;278.86;9.47;920;43;3235.00;30
8441;42;626568243;8441;337;9356;9386;6.08;0.37;278.83;9.47;915;43;3236.00;30
8445;42;626568253;8445;332;9356;9386;6.08;0.37;278.82;9.47;911;43;3237.00;30
8448;42;626568264;8448;330;9357;9386;6.03;0.37;278.82;9.47;909;43;3238.00;29
8450;42;626568274;8450;336;9357;9386;6.00;0.37;278.86;9.47;907;43;3239.00;29
8454;42;626568286;8454;334;9409;9511;6.31;0.39;278.82;9.42;955;43;3240.00;102
8457;42;626568305;8457;339;9413;9512;6.29;0.39;278.79;9.41;956;43;3241.00;99
8461;42;626568315;8461;337;9425;9512;6.39;0.39;278.86;9.40;964;43;3242.00;87
8465;42;626568326;8465;353;9431;9512;6.32;0.39;278.83;9.40;966;43;3243.00;81
8466;42;626568338;8466;352;9437;9512;6.37;0.39;278.83;9.40;971;43;3244.00;75
8467;42;626568349;8467;355;9441;9512;6.37;0.39;278.81;9.39;974;43;3245.00;71
8471;42;626568359;8471;357;9446;9512;6.36;0.39;278.80;9.39;975;43;3246.00;66
8472;42;626568370;8472;353;9448;9512;6.36;0.39;278.78;9.39;976;43;3247.00;64
8475;42;626568381;8475;356;9453;9513;6.35;0.39;278.75;9.39;978;43;3248.00;60
8478;42;626568393;8478;359;9456;9514;6.33;0.39;278.77;9.39;978;43;3249.00;58
8479;42;626568404;8479;359;9458;9514;6.31;0.39;278.75;9.39;979;43;3250.00;56
8484;42;626568416;8484;362;9461;9518;6.29;0.39;278.73;9.39;977;43;3251.00;57
8485;42;626568427;8485;355;9463;9518;6.22;0.38;278.75;9.39;978;43;3252.00;55
8487;42;626568439;8487;358;9464;9518;6.20;0.38;278.71;9.39;977;43;3253.00;54
8488;42;626568450;8488;360;9464;9518;6.17;0.38;278.74;9.39;976;43;3254.00;54
8489;42;626568462;8489;365;9469;9524;6.15;0.38;278.72;9.39;980;43;3255.00;55
8493;42;626568474;8493;367;9470;9524;6.11;0.38;278.77;9.39;977;43;3256.00;54
8498;42;626568486;8498;371;9472;9524;6.03;0.37;278.77;9.43;974;43;3257.00;52
8501;42;626568497;8501;370;9474;9527;6.05;0.37;278.83;9.42;973;43;3258.00;53
8506;42;626568509;8506;368;9475;9527;5.96;0.37;278.85;9.42;969;43;3259.00;52
8510;42;626568521;8510;360;9476;9527;5.93;0.37;278.84;9.42;966;43;3260.00;51
8514;42;626568532;8514;363;9476;9528;5.94;0.37;278.80;9.42;962;43;3261.00;52
8519;42;626568544;8519;361;9477;9529;5.96;0.37;278.81;9.42;958;43;3262.00;52
8523;42;626568556;8523;360;9477;9529;5.99;0.37;278.88;9.42;954;43;3263.00;52
8527;42;626568568;8527;352;9488;9542;6.07;0.37;278.88;9.41;961;43;3264.00;54
8530;42;626568587;8530;352;9488;9542;6.10;0.38;278.88;9.41;958;43;3265.00;54
8531;42;626568601;8531;356;9488;9542;6.23;0.38;278.86;9.41;957;43;3266.00;54
8534;42;626568612;8534;356;9489;9543;6.32;0.39;278.90;9.41;955;43;3267.00;54
8536;42;626568624;8536;351;9489;9543;6.42;0.39;278.90;9.41;953;43;3268.00;54
8539;42;626568646;8539;348;9492;9547;6.47;0.40;278.85;9.41;953;43;3269.00;55
8542;42;626568661;8542;348;9494;9547;6.46;0.40;278.83;9.45;952;43;3270.00;53
8544;42;626568672;8544;345;9497;9551;6.51;0.40;278.79;9.44;953;43;3271.00;54
8545;42;626568684;8545;348;9497;9551;6.56;0.40;278.78;9.44;952;43;3272.00;54
8547;42;626568696;8547;353;9498;9551;6.57;0.40;278.72;9.48;951;43;3273.00;53
8550;42;626568708;8550;358;9498;9551;6.50;0.40;278.68;9.48;948;43;3274.00;53
8551;42;626568720;8551;359;9498;9551;6.55;0.40;278.67;9.48;947;43;3275.00;53
8552;42;626568732;8552;361;9507;9563;6.66;0.41;278.69;9.48;955;43;3276.00;56
8553;42;626568745;8553;352;9507;9563;6.67;0.41;278.66;9.48;954;43;3277.00;56
8553;42;626568757;8553;339;9510;9563;6.68;0.41;278.66;9.51;957;43;3278.00;53
8554;42;626568770;8554;331;9510;9563;6.71;0.41;278.66;9.51;956;43;3279.00;53
8558;42;626568782;8558;329;9510;9563;6.74;0.41;278.61;9.51;952;43;3280.00;53
8560;42;626568794;8560;327;9510;9563;6.77;0.41;278.64;9.51;950;43;3281.00;53
8564;42;626568807;8564;322;9510;9564;6.80;0.41;278.67;9.51;946;43;3282.00;54
8568;42;626568819;8568;320;9510;9564;6.85;0.42;278.66;9.51;942;43;3283.00;54
8570;42;626568832;8570;325;9514;9570;6.94;0.42;278.63;9.51;944;43;3284.00;56
8573;42;626568846;8573;332;9516;9572;6.99;0.42;278.65;9.51;943;43;3285.00;56
8576;42;626568864;8576;316;9517;9572;7.14;0.43;278.72;9.51;941;43;3286.00;55
8578;42;626568877;8578;305;9517;9572;7.27;0.44;278.78;9.51;939;43;3287.00;55
8580;42;626568895;8580;295;9520;9576;7.42;0.45;278.83;9.51;940;43;3288.00;56
8581;42;626568908;8581;291;9520;9576;7.49;0.46;278.84;9.51;939;43;3289.00;56
8582;42;626568926;8582;292;9521;9576;7.53;0.46;278.88;9.55;939;43;3290.00;55
8584;42;626568939;8584;291;9522;9577;7.59;0.46;278.89;9.55;938;43;3291.00;55
8586;42;626568952;8586;294;9525;9581;7.62;0.46;278.85;9.54;939;43;3292.00;56
8588;42;626568965;8588;284;9525;9581;7.68;0.47;278.91;9.54;937;43;3293.00;56
8592;42;626568977;8592;281;9527;9584;7.72;0.47;279.01;9.54;935;43;3294.00;57
8592;42;626568991;8592;293;9527;9584;7.80;0.48;279.01;9.54;935;43;3295.00;57
8595;42;626569003;8595;295;9528;9584;7.80;0.48;279.05;9.54;933;43;3296.00;56
8600;42;626569016;8600;294;9528;9584;7.77;0.47;279.13;9.54;928;43;3297.00;56
8600;42;626569029;8600;285;9531;9588;7.79;0.47;279.13;9.54;931;43;3298.00;57
8603;42;626569042;8603;289;9531;9588;7.76;0.47;279.17;9.54;928;43;3299.00;57
8605;42;626569057;8605;285;9535;9607;7.70;0.47;279.23;9.53;930;43;3300.00;72
8609;42;626569075;8609;282;9535;9607;7.65;0.46;279.22;9.53;926;43;3301.00;72
8612;42;626569088;8612;282;9536;9608;7.66;0.46;279.29;9.53;924;43;3302.00;72
8613;42;626569101;8613;280;9537;9609;7.71;0.47;279.31;9.53;924;43;3303.00;72
8616;42;626569114;8616;281;9537;9609;7.79;0.47;279.33;9.53;921;43;3304.00;72
8620;42;626569127;8620;282;9538;9610;7.83;0.48;279.33;9.53;918;43;3305.00;72
8624;42;626569144;8624;279;9540;9610;7.80;0.47;279.33;9.58;916;43;3306.00;70
8626;42;626569163;8626;283;9540;9610;7.77;0.47;279.32;9.58;914;43;3307.00;70
8626;42;626569180;8626;284;9541;9610;7.74;0.47;279.32;9.57;915;43;3308.00;69
8629;42;626569202;8629;284;9541;9610;7.74;0.47;279.32;9.57;912;43;3309.00;69
8632;42;626569220;8632;285;9541;9610;7.68;0.47;279.37;9.57;909;43;3310.00;69
8634;42;626569239;8634;285;9542;9610;7.64;0.46;279.38;9.58;908;43;3311.00;68
8635;42;626569256;8635;297;9604;9737;7.74;0.48;279.38;9.56;969;43;3312.00;133
8638;42;626569280;8638;299;9610;9738;7.71;0.47;279.40;9.55;972;43;3313.00;128
8639;42;626569294;8639;294;9616;9738;7.74;0.48;279.38;9.55;977;43;3314.00;122
8644;42;626569307;8644;291;9618;9738;7.77;0.48;279.43;9.55;974;43;3315.00;120
8648;42;626569333;8648;292;9621;9738;7.82;0.48;279.51;9.55;973;43;3316.00;117
8648;42;626569347;8648;288;9623;9738;7.87;0.48;279.51;9.55;975;43;3317.00;115
8651;42;626569361;8651;289;9627;9738;7.85;0.48;279.62;9.55;976;43;3318.00;111
8655;42;626569380;8655;302;9629;9738;7.78;0.48;279.74;9.59;974;43;3319.00;109
8656;42;626569400;8656;296;9633;9739;7.73;0.47;279.80;9.59;977;43;3320.00;106
8660;42;626569413;8660;292;9636;9740;7.72;0.47;279.83;9.59;976;43;3321.00;104
8664;42;626569427;8664;295;9640;9740;7.66;0.47;279.86;9.59;976;43;3322.00;100
8665;42;626569440;8665;297;9642;9741;7.59;0.46;279.94;9.59;977;43;3323.00;99
8668;42;626569453;8668;294;9645;9741;7.55;0.46;279.92;9.59;977;43;3324.00;96
8669;42;626569466;8669;301;9647;9741;7.58;0.46;279.92;9.59;978;43;3325.00;94
8672;42;626569479;8672;300;9650;9741;7.51;0.46;280.00;9.60;978;43;3326.00;91
8676;42;626569492;8676;297;9652;9745;7.48;0.46;280.05;9.60;976;43;3327.00;93
8678;42;626569506;8678;300;9655;9745;7.48;0.46;280.01;9.60;977;43;3328.00;90
8682;42;626569519;8682;295;9657;9745;7.44;0.45;280.04;9.64;975;43;3329.00;88
8684;42;626569534;8684;299;9660;9751;7.42;0.45;280.10;9.64;976;43;3330.00;91
8690;42;626569547;8690;300;9661;9751;7.35;0.45;280.12;9.69;971;43;3331.00;90
8695;42;626569560;8695;290;9663;9751;7.32;0.44;280.09;9.69;968;43;3332.00;88
8700;42;626569573;8700;280;9668;9755;7.22;0.44;280.09;9.69;968;43;3333.00;87
8701;42;626569586;8701;273;9670;9756;7.21;0.44;280.11;9.74;969;43;3334.00;86
8703;42;626569599;8703;267;9674;9756;7.19;0.44;280.10;9.76;971;43;3335.00;82
8707;42;626569614;8707;266;9676;9760;7.18;0.43;280.16;9.81;969;43;3336.00;84
8708;42;626569627;8708;257;9678;9760;7.23;0.44;280.19;9.81;970;43;3337.00;82
8711;42;626569641;8711;255;9679;9760;7.25;0.44;280.23;9.85;968;43;3338.00;81
8715;42;626569653;8715;248;9682;9761;7.25;0.44;280.23;9.85;967;43;3339.00;79
8718;42;626569668;8718;247;9683;9761;7.28;0.44;280.30;9.85;965;43;3340.00;78
8721;42;626569680;8721;244;9686;9767;7.37;0.45;280.46;9.85;965;43;3341.00;81
8721;42;626569694;8721;246;9687;9767;7.43;0.45;280.46;9.89;966;43;3342.00;80
8724;42;626569707;8724;239;9689;9768;7.44;0.45;280.47;9.89;965;43;3343.00;79
8726;42;626569721;8726;243;9690;9768;7.56;0.46;280.59;9.92;964;43;3344.00;78
8730;42;626569734;8730;241;9690;9768;7.64;0.46;280.61;9.92;960;43;3345.00;78
8732;42;626569748;8732;235;9691;9768;7.76;0.47;280.64;9.93;959;43;3346.00;77
8735;42;626569761;8735;229;9691;9768;7.81;0.47;280.74;9.93;956;43;3347.00;77
8736;42;626569774;8736;229;9703;9780;7.83;0.48;280.74;9.92;967;43;3348.00;77
8740;42;626569790;8740;230;9703;9780;7.82;0.47;280.76;9.92;963;43;3349.00;77
8742;42;626569803;8742;232;9706;9780;7.75;0.47;280.76;9.93;964;43;3350.00;74
8747;42;626569816;8747;231;9707;9780;7.69;0.47;280.75;9.93;960;43;3351.00;73
8747;42;626569829;8747;234;9711;9780;7.65;0.46;280.75;9.94;964;43;3352.00;69
8750;42;626569841;8750;242;9711;9780;7.63;0.46;280.77;9.94;961;43;3353.00;69
8751;42;626569854;8751;240;9715;9784;7.65;0.46;280.78;9.94;964;43;3354.00;69
8753;42;626569868;8753;237;9715;9784;7.62;0.46;280.78;9.94;962;43;3355.00;69
8756;42;626569881;8756;236;9719;9788;7.63;0.46;280.80;9.94;963;43;3356.00;69
8763;42;626569900;8763;237;9720;9789;7.66;0.46;280.78;9.94;957;43;3357.00;69
8764;42;626569914;8764;240;9721;9789;7.72;0.47;280.76;9.94;957;43;3358.00;68
8768;42;626569928;8768;240;9722;9789;7.72;0.47;280.74;9.94;954;43;3359.00;67
8769;42;626569946;8769;247;9741;9818;7.73;0.47;280.77;9.93;972;43;3360.00;77
8771;42;626569961;8771;248;9744;9818;7.72;0.47;280.79;9.95;973;43;3361.00;74
8775;42;626569975;8775;254;9748;9818;7.72;0.47;280.76;9.96;973;43;3362.00;70
8778;42;626569988;8778;264;9751;9819;7.72;0.47;280.83;9.97;973;43;3363.00;68
8779;42;626570001;8779;268;9753;9820;7.69;0.47;280.83;9.97;974;43;3364.00;67
8780;42;626570014;8780;273;9755;9820;7.68;0.47;280.88;9.98;975;43;3365.00;65
8784;42;626570027;8784;271;9758;9823;7.69;0.47;280.89;9.99;974;43;3366.00;65
8786;42;626570041;8786;272;9759;9823;7.64;0.47;280.92;9.99;973;43;3367.00;64
8789;42;626570053;8789;276;9761;9823;7.61;0.46;280.89;10.02;972;43;3368.00;62
8791;42;626570066;8791;279;9762;9823;7.53;0.46;280.90;10.01;971;43;3369.00;61
8793;42;626570078;8793;283;9767;9829;7.51;0.46;280.92;10.02;974;43;3370.00;62
8795;42;626570092;8795;298;9770;9829;7.43;0.46;281.00;10.05;975;43;3371.00;59
8796;42;626570110;8796;295;9770;9829;7.40;0.45;280.99;10.05;974;43;3372.00;59
8799;42;626570123;8799;298;9772;9829;7.34;0.45;280.99;10.07;973;43;3373.00;57
8800;42;626570139;8800;310;9775;9833;7.29;0.45;280.98;10.07;975;43;3374.00;58
8803;42;626570153;8803;313;9777;9835;7.21;0.44;280.97;10.07;974;43;3375.00;58
8804;42;626570170;8804;321;9779;9835;7.15;0.44;280.99;10.09;975;43;3376.00;56
8807;42;626570185;8807;328;9780;9836;7.08;0.44;281.00;10.09;973;43;3377.00;56
8810;42;626570197;8810;330;9782;9836;6.99;0.43;280.96;10.11;972;43;3378.00;54
8814;42;626570209;8814;332;9782;9836;6.93;0.42;280.94;10.11;968;43;3379.00;54
8814;42;626570221;8814;332;9783;9836;6.85;0.42;280.94;10.12;969;43;3380.00;53
8816;42;626570234;8816;329;9784;9836;6.78;0.41;280.93;10.13;968;43;3381.00;52
8819;42;626570245;8819;335;9785;9836;6.73;0.41;280.85;10.14;966;43;3382.00;51
8821;42;626570257;8821;337;9785;9836;6.71;0.41;280.83;10.14;964;43;3383.00;51
8822;42;626570268;8822;344;9822;9906;6.87;0.42;280.80;10.11;1000;43;3384.00;84
8825;42;626570285;8825;340;9826;9907;6.78;0.42;280.81;10.12;1001;43;3385.00;81
8829;42;626570297;8829;346;9837;9907;6.78;0.42;280.74;10.12;1008;43;3386.00;70
8831;42;626570309;8831;344;9841;9907;6.71;0.41;280.69;10.12;1010;43;3387.00;66
8832;42;626570320;8832;348;9844;9907;6.73;0.41;280.67;10.12;1012;43;3388.00;63
8834;42;626570331;8834;359;9846;9907;6.70;0.41;280.63;10.13;1012;43;3389.00;61
8836;42;626570344;8836;363;9849;9907;6.70;0.41;280.60;10.13;1013;43;3390.00;58
8838;42;626570355;8838;372;9852;9907;6.68;0.41;280.57;10.13;1014;43;3391.00;55
8842;42;626570366;8842;374;9856;9908;6.58;0.40;280.55;10.16;1014;43;3392.00;52
8845;42;626570377;8845;380;9859;9909;6.45;0.40;280.47;10.16;1014;43;3393.00;50
8849;42;626570389;8849;383;9862;9909;6.36;0.39;280.51;10.16;1013;43;3394.00;47
8853;42;626570400;8853;399;9866;9913;6.24;0.38;280.51;10.17;1013;43;3395.00;47
8857;42;626570411;8857;395;9868;9913;6.09;0.37;280.52;10.17;1011;43;3396.00;45
8862;42;626570422;8862;403;9869;9913;5.90;0.36;280.48;10.18;1007;43;3397.00;44
8866;42;626570433;8866;408;9870;9913;5.69;0.35;280.46;10.19;1004;43;3398.00;43
8867;42;626570446;8867;415;9873;9919;5.63;0.35;280.45;10.18;1006;43;3399.00;46
8869;42;626570459;8869;409;9875;9919;5.53;0.34;280.48;10.18;1006;43;3400.00;44
8870;42;626570474;8870;410;9876;9919;5.46;0.34;280.50;10.19;1006;43;3401.00;43
8873;42;626570485;8873;418;9879;9922;5.39;0.33;280.48;10.19;1006;43;3402.00;43
8877;42;626570496;8877;419;9880;9922;5.33;0.33;280.50;10.20;1003;43;3403.00;42
8879;42;626570506;8879;421;9880;9922;5.32;0.33;280.53;10.20;1001;43;3404.00;42
8880;42;626570517;8880;431;9881;9923;5.29;0.32;280.51;10.21;1001;43;3405.00;42
8884;42;626570527;8884;432;9883;9924;5.28;0.32;280.49;10.20;999;43;3406.00;41
8887;42;626570539;8887;430;9884;9924;5.33;0.33;280.52;10.21;997;43;3407.00;40
8888;42;626570549;8888;425;9894;9937;5.48;0.34;280.49;10.20;1006;43;3408.00;43
8892;42;626570561;8892;422;9895;9937;5.51;0.34;280.46;10.20;1003;43;3409.00;42
8896;42;626570571;8896;419;9896;9937;5.54;0.34;280.45;10.20;1000;43;3410.00;41
8899;42;626570582;8899;410;9897;9938;5.60;0.34;280.38;10.20;998;43;3411.00;41
8903;42;626570593;8903;399;9898;9938;5.65;0.35;280.39;10.24;995;43;3412.00;40
8904;42;626570605;8904;396;9901;9942;5.78;0.35;280.38;10.23;997;43;3413.00;41
8906;42;626570617;8906;387;9902;9942;5.82;0.36;280.41;10.23;996;43;3414.00;40
8909;42;626570628;8909;384;9905;9946;5.87;0.36;280.39;10.23;996;43;3415.00;41
8910;42;626570641;8910;377;9905;9946;5.92;0.36;280.40;10.23;995;43;3416.00;41
8914;42;626570653;8914;370;9905;9946;5.95;0.36;280.38;10.23;991;43;3417.00;41
8920;42;626570669;8920;366;9905;9946;5.99;0.36;280.37;10.23;985;43;3418.00;41
8921;42;626570681;8921;360;9905;9946;6.04;0.37;280.34;10.23;984;43;3419.00;41
8924;42;626570695;8924;357;9929;9980;6.25;0.38;280.37;10.20;1005;43;3420.00;51
8927;42;626570709;8927;359;9929;9980;6.32;0.39;280.36;10.20;1002;43;3421.00;51
8931;42;626570721;8931;357;9931;9980;6.47;0.40;280.42;10.20;1000;43;3422.00;49
8935;42;626570733;8935;346;9931;9980;6.56;0.40;280.41;10.20;996;43;3423.00;49
8938;42;626570746;8938;346;9932;9980;6.65;0.40;280.40;10.20;994;43;3424.00;48
8943;42;626570758;8943;345;9933;9980;6.70;0.41;280.34;10.20;990;43;3425.00;47
8946;42;626570771;8946;342;9933;9981;6.72;0.41;280.36;10.20;987;43;3426.00;48
8948;42;626570783;8948;340;9934;9981;6.74;0.41;280.37;10.20;986;43;3427.00;47
8948;42;626570795;8948;339;9938;9987;6.82;0.41;280.37;10.20;990;43;3428.00;49
8951;42;626570808;8951;343;9939;9988;6.83;0.41;280.39;10.20;988;43;3429.00;49
8954;42;626570820;8954;346;9940;9988;6.86;0.42;280.46;10.20;986;43;3430.00;48
8957;42;626570833;8957;345;9940;9988;6.88;0.42;280.42;10.20;983;43;3431.00;48
8961;42;626570844;8961;346;9944;9992;6.88;0.42;280.53;10.23;983;43;3432.00;48
8962;42;626570857;8962;342;9944;9992;6.87;0.42;280.54;10.23;982;43;3433.00;48
8966;42;626570869;8966;339;9944;9992;6.85;0.42;280.64;10.23;978;43;3434.00;48
8968;42;626570881;8968;348;9945;9993;6.86;0.42;280.63;10.23;977;43;3435.00;48
8973;42;626570893;8973;344;9948;9997;6.95;0.43;280.64;10.23;975;43;3436.00;49
8976;42;626570905;8976;335;9948;9997;6.97;0.43;280.72;10.23;972;43;3437.00;49
8977;42;626570918;8977;334;9950;10000;7.05;0.43;280.71;10.22;973;43;3438.00;50
8982;42;626570931;8982;328;9951;10000;7.01;0.43;280.76;10.22;969;43;3439.00;49
8985;42;626570950;8985;335;9951;10000;7.01;0.43;280.80;10.22;966;43;3440.00;49
8989;42;626570962;8989;331;9951;10000;7.00;0.43;280.78;10.22;962;43;3441.00;49
8990;42;626570975;8990;328;9954;10004;6.97;0.43;280.76;10.22;964;43;3442.00;50
8997;42;626570988;8997;333;9954;10004;6.86;0.42;280.83;10.22;957;43;3443.00;50
9000;42;626571002;9000;337;9955;10004;6.82;0.42;280.87;10.22;955;43;3444.00;49
9001;42;626571019;9001;329;9955;10004;6.80;0.42;280.87;10.22;954;43;3445.00;49
9006;42;626571031;9006;330;9955;10005;6.71;0.41;280.94;10.22;949;43;3446.00;50
9008;42;626571043;9008;331;9956;10006;6.66;0.41;280.96;10.22;948;43;3447.00;50
9013;42;626571055;9013;321;9956;10006;6.64;0.40;280.94;10.22;943;43;3448.00;50
9013;42;626571067;9013;326;9957;10007;6.69;0.41;280.94;10.22;944;43;3449.00;50
9015;42;626571081;9015;318;9957;10007;6.72;0.41;280.98;10.22;942;43;3450.00;50
9019;42;626571092;9019;317;9957;10007;6.76;0.41;281.07;10.22;938;43;3451.00;50
9020;42;626571105;9020;313;9957;10007;6.82;0.42;281.08;10.22;937;43;3452.00;50
9025;42;626571116;9025;314;9957;10007;6.83;0.42;281.26;10.22;932;43;3453.00;50
9029;42;626571128;9029;307;9957;10007;6.87;0.42;281.29;10.22;928;43;3454.00;50
9034;42;626571146;9034;313;9957;10007;6.82;0.42;281.26;10.22;923;43;3455.00;50
9036;42;626571197;9036;313;10030;10134;7.01;0.43;281.30;10.14;994;43;3456.00;104
9037;42;626571236;9037;286;10032;10135;7.06;0.44;281.28;10.14;995;43;3457.00;103
9039;42;626571256;9039;270;10039;10135;7.22;0.45;281.34;10.14;1000;43;3458.00;96
9044;42;626571274;9044;259;10044;10135;7.31;0.45;281.34;10.13;1000;43;3459.00;91
9045;42;626571290;9045;256;10049;10135;7.44;0.46;281.39;10.13;1004;43;3460.00;86
9048;42;626571304;9048;249;10053;10135;7.58;0.47;281.40;10.13;1005;43;3461.00;82
9052;42;626571320;9052;245;10058;10135;7.65;0.47;281.54;10.12;1006;43;3462.00;77
9053;42;626571335;9053;255;10060;10135;7.74;0.48;281.53;10.12;1007;43;3463.00;75
9057;42;626571350;9057;255;10065;10136;7.77;0.48;281.61;10.12;1008;43;3464.00;71
9060;42;626571364;9060;264;10067;10138;7.73;0.47;281.62;10.12;1007;43;3465.00;71
9061;42;626571379;9061;270;10069;10138;7.75;0.48;281.67;10.12;1008;43;3466.00;69
9068;42;626571394;9068;278;10070;10139;7.69;0.47;281.68;10.12;1002;43;3467.00;69
9071;42;626571408;9071;281;10072;10139;7.72;0.47;281.67;10.12;1001;43;3468.00;67
9075;42;626571421;9075;282;10073;10139;7.65;0.47;281.72;10.12;998;43;3469.00;66
9079;42;626571435;9079;275;10074;10139;7.64;0.47;281.79;10.12;995;43;3470.00;65
9080;42;626571449;9080;280;10078;10143;7.61;0.47;281.79;10.12;998;43;3471.00;65
9081;42;626571466;9081;278;10079;10143;7.63;0.47;281.83;10.12;998;43;3472.00;64
9082;42;626571482;9082;274;10080;10143;7.58;0.46;281.86;10.12;998;43;3473.00;63
9084;42;626571501;9084;274;10083;10146;7.58;0.46;281.91;10.12;999;43;3474.00;63
9087;42;626571516;9087;269;10083;10146;7.57;0.46;281.92;10.12;996;43;3475.00;63
9089;42;626571529;9089;275;10084;10146;7.59;0.46;281.92;10.12;995;43;3476.00;62
9091;42;626571543;9091;281;10087;10150;7.59;0.46;281.90;10.12;996;43;3477.00;63
9097;42;626571557;9097;284;10089;10151;7.58;0.46;282.03;10.11;992;43;3478.00;62
9100;42;626571573;9100;285;10089;10151;7.55;0.46;282.06;10.11;989;43;3479.00;62
9104;42;626571588;9104;279;10093;10156;7.53;0.46;282.12;10.11;989;43;3480.00;63
9106;42;626571603;9106;290;10093;10156;7.51;0.46;282.14;10.11;987;43;3481.00;63
9106;42;626571617;9106;288;10093;10156;7.53;0.46;282.14;10.11;987;43;3482.00;63
9109;42;626571629;9109;282;10095;10157;7.51;0.46;282.17;10.15;986;43;3483.00;62
9110;42;626571643;9110;290;10095;10157;7.52;0.46;282.15;10.15;985;43;3484.00;62
9113;42;626571657;9113;289;10099;10163;7.50;0.46;282.18;10.15;986;43;3485.00;64
9114;42;626571671;9114;290;10100;10163;7.54;0.46;282.17;10.15;986;43;3486.00;63
9115;42;626571685;9115;290;10100;10164;7.53;0.46;282.16;10.15;985;43;3487.00;64
9118;42;626571698;9118;292;10100;10164;7.46;0.45;282.18;10.15;982;43;3488.00;64
9120;42;626571711;9120;296;10100;10164;7.44;0.45;282.21;10.15;980;43;3489.00;64
9122;42;626571724;9122;298;10100;10164;7.47;0.45;282.29;10.15;978;43;3490.00;64
9122;42;626571737;9122;291;10100;10164;7.47;0.46;282.29;10.15;978;43;3491.00;64
9124;42;626571749;9124;284;10110;10176;7.48;0.46;282.34;10.14;986;43;3492.00;66
9126;42;626571764;9126;274;10111;10176;7.52;0.46;282.32;10.14;985;43;3493.00;65
9131;42;626571783;9131;274;10111;10176;7.52;0.46;282.29;10.14;980;43;3494.00;65
9133;42;626571796;9133;274;10111;10176;7.51;0.46;282.28;10.14;978;43;3495.00;65
9138;42;626571809;9138;270;10111;10176;7.50;0.45;282.28;10.14;973;43;3496.00;65
9138;42;626571821;9138;264;10111;10176;7.49;0.45;282.28;10.14;973;43;3497.00;65
9143;42;626571834;9143;256;10114;10180;7.48;0.45;282.34;10.13;971;43;3498.00;66
9146;42;626571847;9146;250;10115;10180;7.47;0.45;282.43;10.17;969;43;3499.00;65
9149;42;626571860;9149;249;10118;10184;7.50;0.45;282.41;10.17;969;43;3500.00;66
9153;42;626571876;9153;244;10120;10185;7.47;0.45;282.42;10.17;967;43;3501.00;65
9154;42;626571889;9154;240;10120;10185;7.39;0.45;282.42;10.17;966;43;3502.00;65
9158;42;626571901;9158;239;10120;10185;7.34;0.45;282.45;10.17;962;43;3503.00;65
9163;42;626571914;9163;241;10129;10198;7.25;0.44;282.53;10.16;966;43;3504.00;69
9165;42;626571927;9165;237;10130;10198;7.26;0.44;282.54;10.17;965;43;3505.00;68
9168;42;626571941;9168;225;10131;10198;7.25;0.44;282.59;10.17;963;43;3506.00;67
9172;42;626571953;9172;226;10132;10199;7.28;0.44;282.66;10.17;960;43;3507.00;67
9175;42;626571966;9175;217;10132;10200;7.29;0.44;282.69;10.17;957;43;3508.00;68
9181;42;626571979;9181;214;10132;10200;7.28;0.44;282.76;10.17;951;43;3509.00;68
9184;42;626571994;9184;211;10135;10206;7.31;0.45;282.76;10.17;951;43;3510.00;71
9188;42;626572006;9188;216;10137;10206;7.37;0.45;282.76;10.20;949;43;3511.00;69
9190;42;626572019;9190;221;10138;10206;7.41;0.45;282.81;10.20;948;43;3512.00;68
9192;42;626572032;9192;219;10138;10206;7.40;0.45;282.93;10.20;946;43;3513.00;68
9193;42;626572044;9193;222;10142;10212;7.46;0.45;282.97;10.20;949;43;3514.00;70
9199;42;626572057;9199;225;10142;10212;7.43;0.45;282.99;10.20;943;43;3515.00;70
9199;42;626572069;9199;232;10144;10212;7.48;0.46;282.99;10.24;945;43;3516.00;68
9202;42;626572089;9202;229;10144;10212;7.50;0.46;283.07;10.24;942;43;3517.00;68
9202;42;626572103;9202;237;10150;10216;7.54;0.46;283.07;10.27;948;43;3518.00;66
9206;42;626572117;9206;239;10153;10219;7.49;0.46;283.18;10.27;947;43;3519.00;66
9211;42;626572131;9211;234;10153;10219;7.41;0.45;283.20;10.27;942;43;3520.00;66
9213;42;626572145;9213;247;10155;10220;7.34;0.44;283.22;10.30;942;43;3521.00;65
9216;42;626572157;9216;243;10155;10220;7.25;0.44;283.22;10.30;939;43;3522.00;65
9219;42;626572172;9219;250;10155;10220;7.16;0.43;283.27;10.30;936;43;3523.00;65
9222;42;626572184;9222;246;10155;10220;7.07;0.43;283.33;10.30;933;43;3524.00;65
9225;42;626572197;9225;248;10157;10220;6.99;0.42;283.42;10.34;932;43;3525.00;63
9228;42;626572208;9228;245;10157;10220;6.96;0.42;283.40;10.34;929;43;3526.00;63
9228;42;626572220;9228;252;10157;10220;6.94;0.42;283.40;10.34;929;43;3527.00;63
9230;42;626572231;9230;251;10194;10290;7.09;0.43;283.47;10.32;964;43;3528.00;96
9230;42;626572249;9230;254;10197;10291;7.07;0.43;283.47;10.31;967;43;3529.00;94
9230;42;626572261;9230;259;10206;10291;7.16;0.44;283.47;10.32;976;43;3530.00;85
9231;42;626572273;9231;265;10207;10291;7.14;0.44;283.46;10.32;976;43;3531.00;84
9233;42;626572285;9233;267;10212;10291;7.20;0.44;283.45;10.32;979;43;3532.00;79
9235;42;626572296;9235;269;10216;10291;7.23;0.44;283.49;10.35;981;43;3533.00;75
9238;42;626572313;9238;274;10220;10291;7.27;0.45;283.62;10.36;982;43;3534.00;71
9240;42;626572324;9240;282;10224;10291;7.26;0.44;283.61;10.39;984;43;3535.00;67
9242;42;626572336;9242;282;10227;10292;7.20;0.44;283.57;10.39;985;43;3536.00;65
9244;42;626572348;9244;283;10231;10293;7.13;0.44;283.52;10.41;987;43;3537.00;62
9246;42;626572360;9246;290;10235;10293;7.08;0.43;283.54;10.42;989;43;3538.00;58
9249;42;626572371;9249;298;10239;10297;7.00;0.43;283.47;10.43;990;43;3539.00;58
9250;42;626572385;9250;299;10240;10297;6.94;0.43;283.44;10.44;990;43;3540.00;57
9253;42;626572396;9253;307;10241;10297;6.89;0.42;283.40;10.45;988;43;3541.00;56
9256;42;626572408;9256;314;10242;10297;6.82;0.42;283.37;10.46;986;43;3542.00;55
9256;42;626572419;9256;323;10247;10303;6.81;0.42;283.37;10.47;991;43;3543.00;56
9259;42;626572431;9259;325;10249;10303;6.71;0.41;283.39;10.49;990;43;3544.00;54
9261;42;626572443;9261;337;10250;10303;6.65;0.41;283.44;10.49;989;43;3545.00;53
9261;42;626572453;9261;337;10252;10306;6.56;0.40;283.44;10.49;991;43;3546.00;54
9264;42;626572465;9264;347;10254;10306;6.39;0.39;283.41;10.51;990;43;3547.00;52
9267;42;626572476;9267;351;10255;10306;6.29;0.39;283.38;10.51;988;43;3548.00;51
9269;42;626572487;9269;353;10257;10307;6.16;0.38;283.35;10.52;988;43;3549.00;50
9269;42;626572498;9269;355;10258;10308;6.09;0.37;283.35;10.52;989;43;3550.00;50
9273;42;626572514;9273;352;10260;10308;5.98;0.37;283.28;10.54;987;43;3551.00;48
9273;42;626572525;9273;359;10271;10321;5.93;0.36;283.28;10.52;998;43;3552.00;50
9276;42;626572537;9276;361;10272;10321;5.89;0.36;283.25;10.53;996;43;3553.00;49
9278;42;626572548;9278;365;10273;10321;5.82;0.36;283.24;10.54;995;43;3554.00;48
9281;42;626572558;9281;360;10275;10323;5.80;0.35;283.20;10.54;994;43;3555.00;48
9283;42;626572569;9283;362;10277;10323;5.79;0.35;283.21;10.55;994;43;3556.00;46
9286;42;626572580;9286;365;10280;10327;5.78;0.35;283.16;10.54;994;43;3557.00;47
9288;42;626572598;9288;375;10281;10327;5.79;0.35;283.27;10.54;993;43;3558.00;46
9289;42;626572610;9289;369;10286;10331;5.80;0.35;283.29;10.55;997;43;3559.00;45
9290;42;626572622;9290;372;10286;10331;5.78;0.35;283.27;10.55;996;43;3560.00;45
9292;42;626572633;9292;379;10286;10331;5.73;0.35;283.22;10.55;994;43;3561.00;45
9294;42;626572650;9294;382;10287;10331;5.64;0.34;283.22;10.56;993;43;3562.00;44
9296;42;626572660;9296;375;10287;10331;5.56;0.34;283.20;10.56;991;43;3563.00;44
9301;42;626572670;9301;365;10297;10343;5.55;0.34;283.13;10.55;996;43;3564.00;46
9303;42;626572681;9303;369;10300;10343;5.48;0.33;283.14;10.58;997;43;3565.00;43
9305;42;626572691;9305;364;10301;10343;5.41;0.33;283.13;10.58;996;43;3566.00;42
9307;42;626572701;9307;360;10302;10343;5.32;0.32;283.11;10.59;995;43;3567.00;41
9309;42;626572711;9309;357;10302;10343;5.25;0.32;283.09;10.59;993;43;3568.00;41
9312;42;626572720;9312;369;10302;10343;5.16;0.32;283.06;10.59;990;43;3569.00;41
9316;42;626572732;9316;355;10305;10344;5.09;0.31;283.05;10.62;989;43;3570.00;39
9318;43;626572743;9318;347;10305;10344;5.10;0.31;283.03;10.62;987;44;3571.00;39
9321;43;626572763;9321;346;10311;10350;5.18;0.32;283.05;10.62;990;44;3572.00;39
9324;43;626572774;9324;340;10313;10351;5.22;0.32;283.08;10.62;989;44;3573.00;38
9326;43;626572785;9326;341;10313;10351;5.33;0.33;283.09;10.62;987;44;3574.00;38
9329;43;626572795;9329;331;10314;10351;5.43;0.33;283.07;10.63;985;44;3575.00;37
9332;43;626572806;9332;332;10317;10355;5.56;0.34;283.05;10.63;985;44;3576.00;38
9334;43;626572818;9334;326;10319;10355;5.63;0.34;283.08;10.64;985;44;3577.00;36
9336;43;626572829;9336;325;10319;10355;5.71;0.35;283.08;10.64;983;44;3578.00;36
9337;43;626572840;9337;322;10320;10356;5.80;0.35;283.10;10.64;983;44;3579.00;36
9340;43;626572852;9340;321;10323;10360;5.89;0.36;283.11;10.64;983;44;3580.00;37
9341;43;626572863;9341;319;10323;10360;5.98;0.36;283.10;10.64;982;44;3581.00;37
9345;43;626572874;9345;314;10326;10363;6.08;0.37;283.10;10.67;981;44;3582.00;37
9347;43;626572886;9347;314;10327;10363;6.18;0.38;283.15;10.67;980;44;3583.00;36
9349;43;626572898;9349;311;10327;10363;6.30;0.38;283.18;10.67;978;44;3584.00;36
9353;43;626572910;9353;310;10327;10363;6.39;0.39;283.17;10.67;974;44;3585.00;36
9354;43;626572921;9354;311;10330;10367;6.50;0.40;283.16;10.67;976;44;3586.00;37
9357;43;626572933;9357;303;10330;10367;6.58;0.40;283.17;10.67;973;44;3587.00;37
9360;43;626572945;9360;301;10331;10367;6.67;0.41;283.21;10.66;971;44;3588.00;36
9365;43;626572956;9365;301;10331;10367;6.66;0.41;283.23;10.66;966;44;3589.00;36
9368;43;626572969;9368;296;10331;10368;6.65;0.41;283.25;10.66;963;44;3590.00;37
9374;43;626572980;9374;294;10332;10369;6.63;0.40;283.34;10.66;958;44;3591.00;37
9377;43;626572992;9377;288;10332;10369;6.68;0.41;283.40;10.66;955;44;3592.00;37
9380;43;626573004;9380;288;10333;10370;6.73;0.41;283.44;10.66;953;44;3593.00;37
9384;43;626573016;9384;286;10333;10370;6.77;0.41;283.49;10.66;949;44;3594.00;37
9390;43;626573028;9390;283;10333;10370;6.79;0.42;283.49;10.66;943;44;3595.00;37
9396;43;626573040;9396;281;10334;10370;6.83;0.42;283.59;10.70;938;44;3596.00;36
9399;43;626573058;9399;282;10334;10370;6.91;0.42;283.62;10.70;935;44;3597.00;36
9404;43;626573070;9404;287;10334;10370;6.95;0.43;283.59;10.70;930;44;3598.00;36
9409;43;626573081;9409;286;10334;10370;6.96;0.43;283.68;10.70;925;44;3599.00;36
9412;43;626573096;9412;316;10445;10623;7.27;0.46;283.68;10.58;1033;44;3600.00;178
9421;43;626573132;9421;314;10450;10624;7.23;0.46;283.75;10.58;1029;44;3601.00;174
9423;43;626573150;9423;303;10463;10624;7.34;0.46;283.78;10.57;1040;44;3602.00;161
9429;43;626573174;9429;301;10470;10624;7.38;0.46;283.79;10.60;1041;44;3603.00;154
9434;43;626573198;9434;301;10477;10624;7.43;0.47;283.79;10.59;1043;44;3604.00;147
9437;43;626573218;9437;291;10485;10624;7.45;0.47;283.78;10.59;1048;44;3605.00;139
9443;43;626573251;9443;297;10492;10624;7.43;0.46;283.79;10.59;1049;44;3606.00;132
9447;43;626573275;9447;302;10498;10624;7.48;0.47;283.88;10.58;1051;44;3607.00;126
9452;43;626573291;9452;307;10503;10625;7.47;0.47;283.91;10.58;1051;44;3608.00;122
9457;43;626573307;9457;310;10507;10626;7.42;0.46;283.96;10.58;1050;44;3609.00;119
9463;43;626573323;9463;317;10512;10626;7.39;0.46;284.01;10.58;1049;44;3610.00;114
9466;43;626573339;9466;310;10516;10627;7.32;0.45;284.02;10.58;1050;44;3611.00;111
9469;43;626573361;9469;317;10519;10627;7.30;0.45;284.02;10.58;1050;44;3612.00;108
9471;43;626573382;9471;324;10523;10627;7.26;0.45;284.06;10.58;1052;44;3613.00;104
9476;43;626573398;9476;321;10525;10627;7.21;0.45;284.14;10.58;1049;44;3614.00;102
9479;43;626573412;9479;329;10528;10631;7.19;0.45;284.21;10.58;1049;44;3615.00;103
9484;43;626573428;9484;340;10531;10631;7.17;0.44;284.33;10.58;1047;44;3616.00;100
9488;44;626573443;9488;332;10533;10631;7.19;0.44;284.38;10.58;1045;45;3617.00;98
9494;44;626573465;9494;330;10535;10634;7.18;0.44;284.43;10.58;1041;45;3618.00;99
9498;44;626573482;9498;327;10535;10634;7.22;0.44;284.50;10.58;1037;45;3619.00;99
9503;44;626573503;9503;326;10539;10634;7.21;0.44;284.55;10.59;1036;45;3620.00;95
9506;44;626573519;9506;328;10546;10638;7.28;0.45;284.57;10.59;1040;45;3621.00;92
9509;44;626573535;9509;330;10550;10639;7.31;0.45;284.60;10.59;1041;45;3622.00;89
9512;44;626573551;9512;329;10552;10639;7.31;0.45;284.62;10.59;1040;45;3623.00;87
9515;44;626573566;9515;332;10554;10643;7.36;0.45;284.70;10.59;1039;45;3624.00;89
9518;44;626573581;9518;340;10556;10643;7.34;0.45;284.76;10.59;1038;45;3625.00;87
9521;44;626573597;9521;334;10558;10643;7.36;0.45;284.79;10.59;1037;45;3626.00;85
9527;44;626573612;9527;319;10559;10644;7.37;0.45;284.70;10.59;1032;45;3627.00;85
9530;44;626573627;9530;306;10559;10644;7.37;0.45;284.79;10.59;1029;45;3628.00;85
9532;44;626573642;9532;303;10564;10650;7.34;0.44;284.78;10.59;1032;45;3629.00;86
9534;44;626573660;9534;301;10564;10650;7.33;0.44;284.82;10.59;1030;45;3630.00;86
9536;44;626573676;9536;297;10566;10651;7.34;0.44;284.89;10.59;1030;45;3631.00;85
9539;44;626573692;9539;298;10566;10651;7.33;0.44;284.86;10.59;1027;45;3632.00;85
9542;44;626573706;9542;297;10567;10651;7.31;0.44;284.90;10.59;1025;45;3633.00;84
9543;44;626573721;9543;302;10568;10651;7.33;0.44;284.93;10.59;1025;45;3634.00;83
9544;44;626573736;9544;300;10568;10651;7.32;0.44;284.91;10.59;1024;45;3635.00;83
9547;44;626573750;9547;293;10576;10663;7.31;0.44;284.95;10.58;1029;45;3636.00;87
9550;44;626573773;9550;284;10579;10663;7.36;0.45;284.98;10.59;1029;45;3637.00;84
9552;44;626573788;9552;278;10580;10663;7.36;0.45;284.97;10.59;1028;45;3638.00;83
9553;44;626573802;9553;272;10580;10663;7.30;0.44;284.96;10.59;1027;45;3639.00;83
9555;44;626573817;9555;273;10580;10663;7.26;0.44;285.00;10.59;1025;45;3640.00;83
9557;44;626573832;9557;276;10580;10663;7.21;0.44;285.04;10.59;1023;45;3641.00;83
9559;44;626573847;9559;273;10585;10667;7.14;0.43;285.09;10.59;1026;45;3642.00;82
9562;44;626573867;9562;279;10585;10667;7.12;0.43;285.05;10.59;1023;45;3643.00;82
9562;44;626573882;9562;285;10588;10671;7.14;0.43;285.05;10.58;1026;45;3644.00;83
9564;44;626573897;9564;290;10590;10673;7.17;0.44;285.10;10.58;1026;45;3645.00;83
9564;44;626573911;9564;298;10591;10673;7.19;0.44;285.10;10.58;1027;45;3646.00;82
9568;44;626573925;9568;295;10591;10673;7.18;0.44;285.14;10.58;1023;45;3647.00;82
9570;44;626573939;9570;298;10600;10686;7.21;0.44;285.17;10.57;1030;45;3648.00;86
9571;44;626573953;9571;297;10600;10686;7.19;0.44;285.15;10.57;1029;45;3649.00;86
9573;44;626573967;9573;296;10600;10686;7.18;0.44;285.23;10.57;1027;45;3650.00;86
9576;44;626573982;9576;303;10601;10687;7.20;0.44;285.24;10.57;1025;45;3651.00;86
9577;44;626573996;9577;307;10601;10688;7.23;0.44;285.23;10.57;1024;45;3652.00;87
9579;44;626574010;9579;307;10601;10688;7.21;0.44;285.30;10.57;1022;45;3653.00;87
9580;44;626574034;9580;313;10603;10691;7.14;0.43;285.31;10.57;1023;45;3654.00;88
9580;44;626574052;9580;319;10603;10691;7.06;0.43;285.31;10.57;1023;45;3655.00;88
9581;44;626574070;9581;322;10604;10691;7.00;0.43;285.33;10.57;1023;45;3656.00;87
9581;44;626574085;9581;316;10604;10691;6.97;0.43;285.33;10.57;1023;45;3657.00;87
9585;44;626574099;9585;322;10608;10697;6.94;0.42;285.31;10.56;1023;45;3658.00;89
9585;44;626574114;9585;323;10609;10697;6.94;0.42;285.31;10.60;1024;45;3659.00;88
9585;44;626574133;9585;316;10610;10697;6.92;0.42;285.31;10.60;1025;45;3660.00;87
9588;44;626574147;9588;307;10610;10697;6.87;0.42;285.29;10.60;1022;45;3661.00;87
9591;44;626574160;9591;301;10613;10701;6.83;0.42;285.26;10.60;1022;45;3662.00;88
9592;44;626574173;9592;297;10614;10702;6.83;0.42;285.25;10.60;1022;45;3663.00;88
9596;44;626574186;9596;296;10614;10702;6.83;0.42;285.22;10.60;1018;45;3664.00;88
9598;44;626574200;9598;299;10615;10703;6.83;0.42;285.27;10.60;1017;45;3665.00;88
9599;44;626574212;9599;305;10615;10703;6.81;0.42;285.26;10.60;1016;45;3666.00;88
9600;44;626574225;9600;301;10615;10703;6.81;0.42;285.29;10.60;1015;45;3667.00;88
9602;44;626574242;9602;296;10616;10703;6.77;0.41;285.29;10.60;1014;45;3668.00;87
9603;44;626574255;9603;297;10616;10703;6.70;0.41;285.32;10.60;1013;45;3669.00;87
9608;44;626574269;9608;293;10616;10703;6.62;0.40;285.40;10.60;1008;45;3670.00;87
9611;44;626574288;9611;292;10616;10703;6.56;0.40;285.40;10.60;1005;45;3671.00;87
9613;44;626574300;9613;297;10647;10773;6.61;0.41;285.44;10.57;1034;45;3672.00;126
9616;44;626574317;9616;286;10647;10774;6.56;0.40;285.42;10.57;1031;45;3673.00;127
9618;44;626574330;9618;280;10657;10774;6.61;0.40;285.40;10.61;1039;45;3674.00;117
9621;44;626574343;9621;271;10659;10774;6.55;0.40;285.50;10.64;1038;45;3675.00;115
9623;44;626574357;9623;269;10665;10774;6.54;0.40;285.53;10.64;1042;45;3676.00;109
9627;44;626574370;9627;269;10668;10774;6.55;0.40;285.55;10.68;1041;45;3677.00;106
9631;44;626574381;9631;264;10672;10774;6.58;0.40;285.53;10.67;1041;45;3678.00;102
9634;44;626574394;9634;263;10674;10774;6.63;0.40;285.50;10.67;1040;45;3679.00;100
9635;44;626574407;9635;259;10677;10775;6.66;0.41;285.48;10.71;1042;45;3680.00;98
9639;44;626574419;9639;249;10679;10776;6.69;0.41;285.46;10.71;1040;45;3681.00;97
9640;44;626574431;9640;252;10680;10776;6.65;0.40;285.44;10.71;1040;45;3682.00;96
9641;44;626574444;9641;250;10683;10780;6.61;0.40;285.42;10.71;1042;45;3683.00;97
9642;44;626574456;9642;251;10684;10780;6.58;0.40;285.43;10.75;1042;45;3684.00;96
9643;44;626574470;9643;249;10684;10780;6.55;0.40;285.45;10.75;1041;45;3685.00;96
9647;44;626574482;9647;245;10685;10780;6.47;0.39;285.39;10.76;1038;45;3686.00;95
9648;44;626574495;9648;248;10688;10786;6.52;0.40;285.38;10.75;1040;45;3687.00;98
9652;44;626574508;9652;249;10689;10786;6.51;0.40;285.30;10.75;1037;45;3688.00;97
9654;44;626574520;9654;251;10692;10786;6.47;0.39;285.27;10.76;1038;45;3689.00;94
9658;44;626574535;9658;257;10695;10792;6.45;0.39;285.22;10.76;1037;45;3690.00;97
9660;44;626574547;9660;256;10695;10792;6.43;0.39;285.17;10.76;1035;45;3691.00;97
9661;44;626574560;9661;266;10697;10792;6.44;0.39;285.16;10.77;1036;45;3692.00;95
9666;44;626574572;9666;268;10698;10793;6.41;0.39;285.12;10.76;1032;45;3693.00;95
9666;44;626574585;9666;279;10700;10794;6.39;0.39;285.12;10.76;1034;45;3694.00;94
9668;44;626574597;9668;280;10701;10794;6.35;0.39;285.08;10.77;1033;45;3695.00;93
9670;44;626574610;9670;289;10712;10807;6.34;0.39;285.05;10.76;1042;45;3696.00;95
9672;44;626574623;9672;288;10715;10807;6.28;0.38;285.02;10.77;1043;45;3697.00;92
9674;44;626574636;9674;298;10715;10807;6.26;0.38;285.02;10.77;1041;45;3698.00;92
9678;44;626574649;9678;307;10717;10808;6.23;0.38;285.03;10.78;1039;45;3699.00;91
9679;44;626574662;9679;311;10720;10808;6.21;0.38;285.00;10.80;1041;45;3700.00;88
9683;44;626574678;9683;314;10725;10812;6.20;0.38;284.94;10.82;1042;45;3701.00;87
9685;44;626574692;9685;320;10728;10812;6.18;0.38;285.01;10.83;1043;45;3702.00;84
9687;44;626574705;9687;327;10732;10816;6.19;0.38;284.97;10.84;1045;45;3703.00;84
9688;44;626574719;9688;328;10733;10816;6.14;0.37;284.94;10.85;1045;45;3704.00;83
9690;44;626574732;9690;333;10734;10816;6.13;0.37;284.93;10.86;1044;45;3705.00;82
9693;44;626574745;9693;337;10735;10816;6.11;0.37;284.91;10.87;1042;45;3706.00;81
9695;44;626574759;9695;334;10735;10816;6.06;0.37;284.89;10.87;1040;45;3707.00;81
9696;44;626574772;9696;334;10746;10828;6.10;0.37;284.92;10.89;1050;45;3708.00;82
9699;44;626574785;9699;342;10749;10828;6.09;0.37;284.88;10.90;1050;45;3709.00;79
9700;44;626574797;9700;344;10753;10828;6.06;0.37;284.86;10.93;1053;45;3710.00;75
9702;44;626574809;9702;342;10753;10828;6.02;0.37;284.91;10.93;1051;45;3711.00;75
9702;44;626574821;9702;344;10754;10828;5.95;0.36;284.91;10.94;1052;45;3712.00;74
9705;44;626574832;9705;354;10755;10828;5.82;0.36;284.90;10.95;1050;45;3713.00;73
9706;44;626574844;9706;363;10756;10829;5.79;0.35;284.88;10.96;1050;45;3714.00;73
9707;44;626574855;9707;351;10758;10829;5.80;0.35;284.87;10.97;1051;45;3715.00;71
9708;44;626574867;9708;347;10763;10835;5.87;0.36;284.85;10.98;1055;45;3716.00;72
9708;44;626574880;9708;351;10767;10836;5.94;0.36;284.85;10.98;1059;45;3717.00;69
9710;44;626574892;9710;347;10767;10836;5.98;0.37;284.86;10.98;1057;45;3718.00;69
9712;44;626574905;9712;340;10769;10836;6.05;0.37;284.83;11.01;1057;45;3719.00;67
9714;44;626574920;9714;332;10773;10841;6.11;0.37;284.79;11.00;1059;45;3720.00;68
9714;44;626574933;9714;327;10773;10841;6.12;0.37;284.79;11.00;1059;45;3721.00;68
9715;45;626574955;9715;320;10775;10841;6.12;0.37;284.80;11.03;1060;46;3722.00;66
9717;45;626574980;9717;319;10776;10842;6.15;0.38;284.78;11.03;1059;46;3723.00;66
9718;45;626574994;9718;316;10780;10846;6.19;0.38;284.76;11.04;1062;46;3724.00;66
9720;45;626575009;9720;315;10781;10846;6.26;0.38;284.85;11.05;1061;46;3725.00;65
9721;45;626575023;9721;312;10783;10849;6.32;0.39;284.84;11.05;1062;46;3726.00;66
9722;45;626575038;9722;313;10787;10849;6.35;0.39;284.82;11.08;1065;46;3727.00;62
9722;45;626575052;9722;311;10787;10849;6.44;0.39;284.82;11.08;1065;46;3728.00;62
9723;45;626575065;9723;310;10788;10849;6.51;0.40;284.79;11.09;1065;46;3729.00;61
9726;45;626575083;9726;316;10791;10853;6.56;0.40;284.81;11.09;1065;46;3730.00;62
9726;45;626575096;9726;323;10793;10853;6.49;0.40;284.81;11.10;1067;46;3731.00;60
9728;45;626575107;9728;333;10793;10853;6.41;0.39;284.80;11.10;1065;46;3732.00;60
9732;45;626575124;9732;340;10796;10853;6.31;0.38;284.74;11.13;1064;46;3733.00;57
9735;45;626575137;9735;347;10797;10854;6.23;0.38;284.71;11.14;1062;46;3734.00;57
9739;45;626575157;9739;349;10800;10856;6.16;0.37;284.74;11.15;1061;46;3735.00;56
9741;45;626575177;9741;352;10802;10856;6.11;0.37;284.80;11.16;1061;46;3736.00;54
9745;45;626575196;9745;355;10804;10857;6.06;0.37;284.85;11.17;1059;46;3737.00;53
9749;45;626575221;9749;360;10804;10857;5.98;0.36;284.97;11.17;1055;46;3738.00;53
9754;45;626575239;9754;365;10806;10857;5.86;0.36;284.98;11.18;1052;46;3739.00;51
9758;45;626575258;9758;358;10806;10857;5.83;0.35;284.98;11.18;1048;46;3740.00;51
9761;45;626575273;9761;351;10806;10857;5.76;0.35;284.96;11.18;1045;46;3741.00;51
9765;45;626575287;9765;342;10808;10857;5.70;0.35;285.02;11.19;1043;46;3742.00;49
9768;45;626575300;9768;340;10808;10857;5.68;0.35;285.05;11.19;1040;46;3743.00;49
9774;45;626575312;9774;360;10872;10984;5.90;0.36;285.05;11.14;1098;46;3744.00;112
9778;45;626575337;9778;358;10874;10985;5.86;0.36;285.10;11.14;1096;46;3745.00;111
9779;45;626575351;9779;359;10885;10985;5.95;0.37;285.14;11.14;1106;46;3746.00;100
9783;45;626575364;9783;348;10891;10985;5.99;0.37;285.25;11.13;1108;46;3747.00;94
9787;45;626575377;9787;348;10898;10985;6.06;0.37;285.31;11.13;1111;46;3748.00;87
9788;45;626575413;9788;345;10904;10985;6.15;0.38;285.34;11.13;1116;46;3749.00;81
9793;45;626575428;9793;340;10908;10990;6.15;0.38;285.44;11.13;1115;46;3750.00;82
9797;45;626575443;9797;344;10912;10990;6.14;0.38;285.47;11.13;1115;46;3751.00;78
9800;45;626575457;9800;342;10915;10991;6.20;0.38;285.52;11.13;1115;46;3752.00;76
9805;45;626575472;9805;348;10917;10992;6.25;0.38;285.62;11.13;1112;46;3753.00;75
9811;45;626575485;9811;355;10922;10992;6.33;0.39;285.64;11.13;1111;46;3754.00;70
9815;45;626575500;9815;357;10923;10993;6.40;0.39;285.67;11.13;1108;46;3755.00;70
9819;45;626575515;9819;360;10926;10993;6.48;0.40;285.72;11.13;1107;46;3756.00;67
9822;45;626575530;9822;355;10927;10993;6.51;0.40;285.80;11.13;1105;46;3757.00;66
9825;45;626575543;9825;349;10929;10993;6.58;0.40;285.84;11.13;1104;46;3758.00;64
9828;45;626575557;9828;349;10933;10997;6.63;0.41;285.83;11.13;1105;46;3759.00;64
9830;45;626575573;9830;346;10934;10997;6.67;0.41;285.87;11.13;1104;46;3760.00;63
9834;45;626575587;9834;346;10935;10997;6.68;0.41;285.95;11.13;1101;46;3761.00;62
9836;45;626575602;9836;345;10938;11000;6.67;0.41;285.96;11.13;1102;46;3762.00;62
9842;45;626575617;9842;344;10939;11000;6.64;0.41;286.06;11.13;1097;46;3763.00;61
9844;45;626575632;9844;342;10940;11000;6.67;0.41;286.11;11.13;1096;46;3764.00;60
9848;45;626575647;9848;345;10944;11004;6.68;0.41;286.15;11.12;1096;46;3765.00;60
9850;45;626575662;9850;350;10945;11005;6.69;0.41;286.17;11.12;1095;46;3766.00;60
9855;45;626575677;9855;348;10947;11005;6.67;0.41;286.23;11.12;1092;46;3767.00;58
9860;45;626575691;9860;351;10950;11009;6.68;0.41;286.18;11.12;1090;46;3768.00;59
9863;45;626575706;9863;354;10950;11009;6.65;0.41;286.23;11.12;1087;46;3769.00;59
9866;45;626575722;9866;354;10951;11009;6.64;0.41;286.25;11.12;1085;46;3770.00;58
9871;45;626575736;9871;352;10952;11010;6.67;0.41;286.31;11.12;1081;46;3771.00;58
9874;45;626575752;9874;348;10952;11010;6.68;0.41;286.27;11.12;1078;46;3772.00;58
9879;45;626575767;9879;348;10956;11016;6.65;0.41;286.30;11.11;1077;46;3773.00;60
9885;45;626575782;9885;349;10958;11016;6.60;0.40;286.37;11.16;1073;46;3774.00;58
9888;45;626575797;9888;352;10958;11017;6.59;0.40;286.33;11.16;1070;46;3775.00;59
9892;45;626575812;9892;356;10958;11017;6.64;0.41;286.33;11.16;1066;46;3776.00;59
9897;46;626575826;9897;356;10958;11017;6.64;0.40;286.32;11.16;1061;47;3777.00;59
9898;46;626575858;9898;355;10958;11017;6.73;0.41;286.30;11.16;1060;47;3778.00;59
9903;46;626575873;9903;350;10958;11017;6.73;0.41;286.34;11.16;1055;47;3779.00;59
9908;46;626575890;9908;353;10982;11053;6.85;0.42;286.37;11.14;1074;47;3780.00;71
9913;46;626575913;9913;350;10983;11053;6.84;0.42;286.45;11.13;1070;47;3781.00;70
9916;46;626575928;9916;353;10985;11053;6.80;0.42;286.45;11.13;1069;47;3782.00;68
9920;46;626575943;9920;360;10985;11053;6.75;0.41;286.52;11.13;1065;47;3783.00;68
9922;46;626575957;9922;358;10986;11053;6.73;0.41;286.50;11.13;1064;47;3784.00;67
9924;46;626575972;9924;366;10986;11053;6.71;0.41;286.56;11.13;1062;47;3785.00;67
9927;46;626575986;9927;374;10990;11057;6.74;0.41;286.71;11.13;1063;47;3786.00;67
9932;46;626576007;9932;365;10990;11057;6.76;0.41;286.73;11.13;1058;47;3787.00;67
9937;46;626576021;9937;366;10993;11061;6.77;0.41;286.83;11.13;1056;47;3788.00;68
9939;46;626576036;9939;364;10995;11062;6.78;0.41;286.88;11.13;1056;47;3789.00;67
9943;46;626576051;9943;356;10995;11062;6.74;0.41;287.01;11.13;1052;47;3790.00;67
9944;46;626576066;9944;360;10996;11062;6.73;0.41;287.02;11.13;1052;47;3791.00;66
9947;46;626576085;9947;360;11007;11075;6.83;0.42;287.03;11.11;1060;47;3792.00;68
9949;46;626576101;9949;367;11007;11075;6.89;0.42;287.04;11.11;1058;47;3793.00;68
9956;46;626576115;9956;370;11008;11075;6.90;0.42;287.15;11.11;1052;47;3794.00;67
9960;46;626576137;9960;370;11009;11076;6.91;0.42;287.16;11.11;1049;47;3795.00;67
9964;46;626576159;9964;365;11009;11077;6.91;0.42;287.16;11.11;1045;47;3796.00;68
9967;46;626576174;9967;358;11009;11077;6.90;0.42;287.18;11.11;1042;47;3797.00;68
9972;46;626576189;9972;348;11011;11080;6.94;0.42;287.15;11.11;1039;47;3798.00;69
9976;46;626576204;9976;349;11011;11080;6.94;0.42;287.17;11.11;1035;47;3799.00;69
9980;46;626576219;9980;343;11012;11080;6.95;0.42;287.22;11.11;1032;47;3800.00;68
9982;46;626576236;9982;330;11012;11080;6.95;0.42;287.24;11.11;1030;47;3801.00;68
9985;46;626576251;9985;316;11016;11086;6.99;0.43;287.27;11.11;1031;47;3802.00;70
9990;46;626576265;9990;313;11017;11086;6.97;0.42;287.31;11.11;1027;47;3803.00;69
9992;46;626576278;9992;310;11017;11086;6.96;0.42;287.31;11.11;1025;47;3804.00;69
9997;46;626576292;9997;309;11017;11086;6.92;0.42;287.32;11.11;1020;47;3805.00;69
10000;46;626576310;10000;306;11020;11090;6.88;0.42;287.37;11.10;1020;47;3806.00;70
10000;46;626576324;10000;299;11021;11091;6.89;0.42;287.37;11.10;1021;47;3807.00;70
10006;46;626576342;10006;298;11021;11091;6.87;0.42;287.40;11.10;1015;47;3808.00;70
10009;46;626576355;10009;287;11022;11092;6.89;0.42;287.44;11.10;1013;47;3809.00;70
10013;46;626576370;10013;278;11022;11092;6.89;0.42;287.41;11.10;1009;47;3810.00;70
10016;46;626576383;10016;269;11022;11092;6.92;0.42;287.39;11.10;1006;47;3811.00;70
10017;46;626576396;10017;264;11022;11092;6.97;0.42;287.39;11.10;1005;47;3812.00;70
10017;46;626576415;10017;258;11022;11092;7.04;0.43;287.39;11.10;1005;47;3813.00;70
10019;46;626576429;10019;261;11022;11092;7.06;0.43;287.36;11.10;1003;47;3814.00;70
10022;46;626576443;10022;260;11022;11092;7.08;0.43;287.35;11.10;1000;47;3815.00;70
10024;46;626576457;10024;273;11060;11162;7.12;0.43;287.51;11.06;1036;47;3816.00;102
10028;46;626576484;10028;272;11062;11163;7.05;0.43;287.49;11.06;1034;47;3817.00;101
10029;46;626576499;10029;272;11068;11163;7.10;0.43;287.49;11.06;1039;47;3818.00;95
10033;46;626576518;10033;279;11070;11163;7.09;0.43;287.53;11.05;1037;47;3819.00;93
10035;46;626576531;10035;274;11075;11163;7.11;0.43;287.55;11.05;1040;47;3820.00;88
10037;46;626576549;10037;284;11079;11163;7.10;0.43;287.62;11.05;1042;47;3821.00;84
10037;46;626576561;10037;289;11083;11163;7.11;0.43;287.62;11.05;1046;47;3822.00;80
10039;46;626576573;10039;292;11084;11163;7.07;0.43;287.61;11.05;1045;47;3823.00;79
10040;46;626576585;10040;294;11086;11164;7.02;0.43;287.69;11.05;1046;47;3824.00;78
10044;46;626576598;10044;299;11088;11166;6.96;0.42;287.71;11.04;1044;47;3825.00;78
10046;46;626576610;10046;302;11089;11166;6.87;0.42;287.81;11.04;1043;47;3826.00;77
10047;46;626576623;10047;310;11092;11170;6.78;0.41;287.82;11.04;1045;47;3827.00;78
10049;46;626576635;10049;313;11092;11170;6.68;0.41;287.84;11.04;1043;47;3828.00;78
10050;46;626576648;10050;313;11092;11170;6.56;0.40;287.85;11.04;1042;47;3829.00;78
10054;46;626576660;10054;318;11092;11170;6.42;0.39;287.80;11.04;1038;47;3830.00;78
10055;47;626576672;10055;318;11095;11176;6.42;0.39;287.79;11.04;1040;48;3831.00;81
10057;47;626576701;10057;315;11096;11176;6.39;0.39;287.79;11.04;1039;48;3832.00;80
10058;47;626576713;10058;322;11096;11176;6.35;0.39;287.78;11.04;1038;48;3833.00;80
10062;47;626576725;10062;310;11099;11179;6.31;0.38;287.75;11.03;1037;48;3834.00;80
10064;47;626576738;10064;314;11099;11179;6.22;0.38;287.75;11.03;1035;48;3835.00;80
10065;47;626576750;10065;313;11099;11179;6.19;0.38;287.73;11.03;1034;48;3836.00;80
10069;47;626576762;10069;313;11099;11180;6.13;0.37;287.68;11.03;1030;48;3837.00;81
10071;47;626576774;10071;310;11100;11181;6.06;0.37;287.69;11.03;1029;48;3838.00;81
10076;47;626576785;10076;310;11100;11181;5.97;0.36;287.75;11.03;1024;48;3839.00;81
10079;47;626576798;10079;315;11114;11207;5.91;0.36;287.71;11.02;1035;48;3840.00;93
10087;47;626576812;10087;309;11114;11207;5.82;0.35;287.64;11.02;1027;48;3841.00;93
10092;47;626576823;10092;305;11116;11207;5.76;0.35;287.61;11.02;1024;48;3842.00;91
10092;47;626576834;10092;310;11119;11208;5.77;0.35;287.61;11.02;1027;48;3843.00;89
10098;47;626576846;10098;309;11120;11208;5.72;0.35;287.61;11.02;1022;48;3844.00;88
10102;47;626576857;10102;306;11123;11212;5.68;0.35;287.54;11.03;1021;48;3845.00;89
10105;47;626576870;10105;311;11125;11214;5.67;0.35;287.52;11.03;1020;48;3846.00;89
10107;47;626576881;10107;312;11130;11218;5.60;0.34;287.51;11.03;1023;48;3847.00;88
10108;47;626576893;10108;306;11130;11218;5.65;0.34;287.49;11.03;1022;48;3848.00;88
10114;47;626576904;10114;304;11130;11218;5.62;0.34;287.43;11.03;1016;48;3849.00;88
10118;48;626576916;10118;304;11130;11218;5.58;0.34;287.43;11.03;1012;49;3850.00;88
10118;48;626576933;10118;304;11130;11218;5.56;0.34;287.43;11.03;1012;49;3851.00;88
10121;48;626576948;10121;305;11141;11230;5.54;0.34;287.44;11.02;1020;49;3852.00;89
10122;48;626576961;10122;304;11141;11230;5.48;0.33;287.46;11.02;1019;49;3853.00;89
10124;48;626576972;10124;305;11141;11230;5.45;0.33;287.41;11.02;1017;49;3854.00;89
10124;48;626576984;10124;305;11141;11230;5.51;0.34;287.41;11.02;1017;49;3855.00;89
10127;48;626576995;10127;310;11141;11230;5.51;0.34;287.36;11.02;1014;49;3856.00;89
10129;48;626577006;10129;309;11142;11230;5.52;0.34;287.32;11.02;1013;49;3857.00;88
10129;48;626577017;10129;314;11143;11231;5.53;0.34;287.32;11.02;1014;49;3858.00;88
10131;48;626577028;10131;323;11144;11231;5.51;0.33;287.34;11.02;1013;49;3859.00;87
10132;48;626577040;10132;327;11148;11237;5.53;0.34;287.34;11.02;1016;49;3860.00;89
10133;48;626577051;10133;329;11150;11238;5.55;0.34;287.32;11.01;1017;49;3861.00;88
10135;48;626577062;10135;327;11150;11238;5.56;0.34;287.41;11.01;1015;49;3862.00;88
10136;48;626577073;10136;329;11151;11238;5.58;0.34;287.39;11.02;1015;49;3863.00;87
10138;48;626577084;10138;334;11153;11242;5.61;0.34;287.40;11.01;1015;49;3864.00;89
10140;48;626577095;10140;331;11154;11242;5.65;0.34;287.38;11.01;1014;49;3865.00;88
10140;48;626577107;10140;327;11156;11242;5.64;0.34;287.38;11.03;1016;49;3866.00;86
10141;48;626577117;10141;314;11158;11243;5.69;0.35;287.38;11.05;1017;49;3867.00;85
10145;48;626577129;10145;320;11162;11247;5.73;0.35;287.33;11.04;1017;49;3868.00;85
10146;48;626577142;10146;308;11163;11247;5.76;0.35;287.33;11.05;1017;49;3869.00;84
10146;48;626577163;10146;305;11167;11253;5.92;0.36;287.33;11.07;1021;49;3870.00;86
10149;49;626577184;10149;300;11168;11253;6.03;0.36;287.37;11.07;1019;50;3871.00;85
10149;49;626577220;10149;292;11168;11253;6.14;0.37;287.37;11.07;1019;50;3872.00;85
10150;49;626577241;10150;293;11171;11253;6.27;0.38;287.39;11.09;1021;50;3873.00;82
10152;49;626577265;10152;291;11173;11257;6.39;0.39;287.39;11.09;1021;50;3874.00;84
10152;49;626577280;10152;288;11175;11257;6.45;0.39;287.39;11.11;1023;50;3875.00;82
10155;49;626577293;10155;285;11177;11257;6.54;0.40;287.39;11.11;1022;50;3876.00;80
10155;49;626577317;10155;283;11178;11257;6.58;0.40;287.39;11.13;1023;50;3877.00;79
10158;49;626577332;10158;277;11179;11258;6.61;0.40;287.36;11.13;1021;50;3878.00;79
10158;49;626577349;10158;273;11182;11259;6.63;0.40;287.36;11.15;1024;50;3879.00;77
10159;49;626577364;10159;277;11182;11259;6.61;0.40;287.36;11.15;1023;50;3880.00;77
10159;49;626577377;10159;272;11185;11260;6.61;0.40;287.36;11.18;1026;50;3881.00;75
10159;49;626577392;10159;275;11186;11260;6.56;0.40;287.36;11.19;1027;50;3882.00;74
10160;49;626577419;10160;282;11187;11260;6.50;0.40;287.37;11.20;1027;50;3883.00;73
10162;49;626577432;10162;287;11188;11260;6.44;0.39;287.34;11.21;1026;50;3884.00;72
10163;49;626577446;10163;291;11188;11260;6.39;0.39;287.33;11.21;1025;50;3885.00;72
10165;49;626577459;10165;287;11189;11260;6.33;0.38;287.31;11.22;1024;50;3886.00;71
10165;49;626577474;10165;301;11190;11260;6.27;0.38;287.31;11.23;1025;50;3887.00;70
10165;49;626577487;10165;323;11255;11387;6.49;0.40;287.31;11.18;1090;50;3888.00;132
10167;49;626577512;10167;316;11257;11388;6.42;0.40;287.28;11.20;1090;50;3889.00;131
10169;49;626577526;10169;305;11265;11388;6.49;0.40;287.26;11.19;1096;50;3890.00;123
10171;49;626577540;10171;297;11272;11388;6.53;0.40;287.29;11.21;1101;50;3891.00;116
10175;49;626577555;10175;300;11280;11388;6.56;0.40;287.28;11.21;1105;50;3892.00;108
10178;49;626577569;10178;295;11287;11388;6.60;0.41;287.36;11.23;1109;50;3893.00;101
10179;49;626577583;10179;292;11292;11388;6.62;0.41;287.37;11.23;1113;50;3894.00;96
10182;49;626577597;10182;292;11296;11388;6.66;0.41;287.40;11.22;1114;50;3895.00;92
10186;49;626577611;10186;299;11301;11389;6.65;0.41;287.39;11.25;1115;50;3896.00;88
10189;49;626577626;10189;300;11304;11390;6.69;0.41;287.40;11.25;1115;50;3897.00;86
10189;49;626577641;10189;300;11309;11390;6.74;0.41;287.40;11.27;1120;50;3898.00;81
10189;49;626577655;10189;302;11311;11391;6.76;0.41;287.40;11.28;1122;50;3899.00;80
10190;49;626577673;10190;305;11317;11406;6.72;0.41;287.43;11.29;1127;50;3900.00;89
10192;49;626577694;10192;313;11318;11406;6.60;0.41;287.47;11.29;1126;50;3901.00;88
10197;49;626577708;10197;310;11323;11406;6.49;0.40;287.47;11.31;1126;50;3902.00;83
10202;49;626577721;10202;323;11326;11410;6.46;0.40;287.45;11.30;1124;50;3903.00;84
10204;49;626577736;10204;324;11327;11410;6.37;0.39;287.45;11.31;1123;50;3904.00;83
10208;49;626577750;10208;335;11330;11410;6.21;0.38;287.51;11.32;1122;50;3905.00;80
10213;49;626577763;10213;337;11334;11413;6.09;0.37;287.53;11.33;1121;50;3906.00;79
10217;49;626577777;10217;350;11336;11413;5.98;0.37;287.64;11.34;1119;50;3907.00;77
10223;49;626577791;10223;362;11337;11413;5.85;0.36;287.70;11.34;1114;50;3908.00;76
10226;49;626577804;10226;374;11341;11417;5.77;0.35;287.72;11.33;1115;50;3909.00;76
10230;49;626577817;10230;363;11344;11418;5.73;0.35;287.80;11.35;1114;50;3910.00;74
10233;49;626577831;10233;355;11345;11418;5.73;0.35;287.82;11.35;1112;50;3911.00;73
10237;49;626577845;10237;359;11349;11422;5.75;0.35;287.87;11.36;1112;50;3912.00;73
10240;49;626577859;10240;358;11351;11422;5.76;0.35;287.97;11.36;1111;50;3913.00;71
10245;49;626577872;10245;364;11353;11422;5.71;0.35;288.07;11.37;1108;50;3914.00;69
10246;49;626577885;10246;363;11355;11424;5.77;0.35;288.10;11.37;1109;50;3915.00;69
10253;49;626577899;10253;362;11355;11424;5.74;0.35;288.15;11.37;1102;50;3916.00;69
10257;49;626577914;10257;355;11360;11430;5.78;0.35;288.24;11.38;1103;50;3917.00;70
10259;49;626577935;10259;357;11361;11430;5.82;0.35;288.28;11.38;1102;50;3918.00;69
10260;49;626577948;10260;354;11362;11431;5.87;0.36;288.32;11.38;1102;50;3919.00;69
10264;49;626577961;10264;356;11362;11431;5.88;0.36;288.36;11.38;1098;50;3920.00;69
10269;49;626577975;10269;350;11362;11431;5.84;0.36;288.40;11.38;1093;50;3921.00;69
10272;49;626577997;10272;339;11362;11431;5.87;0.36;288.44;11.38;1090;50;3922.00;69
10274;49;626578011;10274;339;11362;11431;5.90;0.36;288.48;11.38;1088;50;3923.00;69
10278;49;626578027;10278;341;11372;11443;5.99;0.36;288.54;11.37;1094;50;3924.00;71
10281;49;626578049;10281;344;11373;11443;6.02;0.37;288.54;11.37;1092;50;3925.00;70
10285;49;626578063;10285;336;11373;11443;6.10;0.37;288.64;11.37;1088;50;3926.00;70
10287;49;626578079;10287;339;11373;11443;6.17;0.38;288.68;11.37;1086;50;3927.00;70
10290;49;626578092;10290;337;11373;11443;6.22;0.38;288.73;11.37;1083;50;3928.00;70
10292;49;626578106;10292;341;11373;11443;6.29;0.38;288.79;11.37;1081;50;3929.00;70
10296;49;626578123;10296;346;11377;11447;6.32;0.38;288.80;11.37;1081;50;3930.00;70
10300;49;626578141;10300;345;11379;11447;6.29;0.38;288.84;11.37;1079;50;3931.00;68
10303;49;626578160;10303;348;11383;11451;6.27;0.38;288.84;11.37;1080;50;3932.00;68
10305;49;626578181;10305;352;11384;11452;6.29;0.38;288.87;11.37;1079;50;3933.00;68
10309;49;626578196;10309;361;11385;11452;6.27;0.38;288.95;11.37;1076;50;3934.00;67
10311;49;626578211;10311;359;11386;11452;6.26;0.38;288.93;11.38;1075;50;3935.00;66
10315;49;626578224;10315;363;11396;11465;6.21;0.38;288.93;11.37;1081;50;3936.00;69
10319;49;626578239;10319;361;11396;11465;6.13;0.37;288.98;11.37;1077;50;3937.00;69
10323;49;626578253;10323;360;11398;11465;6.11;0.37;288.98;11.37;1075;50;3938.00;67
10326;49;626578266;10326;360;11400;11466;6.15;0.37;289.02;11.37;1074;50;3939.00;66
10333;49;626578279;10333;358;11401;11467;6.16;0.38;289.10;11.43;1068;50;3940.00;66
10337;49;626578294;10337;362;11402;11467;6.17;0.38;289.17;11.43;1065;50;3941.00;65
10342;49;626578307;10342;354;11404;11470;6.25;0.38;289.14;11.42;1062;50;3942.00;66
10343;49;626578321;10343;358;11405;11470;6.32;0.38;289.19;11.42;1062;50;3943.00;65
10346;49;626578334;10346;354;11406;11470;6.37;0.39;289.22;11.42;1060;50;3944.00;64
10348;49;626578349;10348;354;11406;11470;6.41;0.39;289.29;11.42;1058;50;3945.00;64
10351;49;626578363;10351;361;11410;11476;6.48;0.40;289.30;11.42;1059;50;3946.00;66
10354;49;626578379;10354;364;11410;11476;6.51;0.40;289.31;11.42;1056;50;3947.00;66
10359;49;626578393;10359;364;11411;11476;6.55;0.40;289.30;11.42;1052;50;3948.00;65
10363;49;626578408;10363;361;11411;11476;6.53;0.40;289.44;11.42;1048;50;3949.00;65
10365;49;626578422;10365;363;11414;11480;6.53;0.40;289.48;11.41;1049;50;3950.00;66
10369;49;626578441;10369;361;11415;11481;6.48;0.40;289.50;11.41;1046;50;3951.00;66
10374;49;626578454;10374;358;11415;11481;6.47;0.39;289.55;11.41;1041;50;3952.00;66
10379;49;626578474;10379;362;11416;11482;6.44;0.39;289.69;11.41;1037;50;3953.00;66
10382;49;626578487;10382;365;11416;11482;6.44;0.39;289.69;11.41;1034;50;3954.00;66
10386;49;626578500;10386;370;11416;11482;6.37;0.39;289.79;11.41;1030;50;3955.00;66
10390;49;626578515;10390;377;11417;11482;6.26;0.38;289.82;11.47;1027;50;3956.00;65
10394;49;626578527;10394;366;11417;11482;6.20;0.38;289.82;11.47;1023;50;3957.00;65
10398;49;626578541;10398;359;11417;11482;6.17;0.38;289.93;11.47;1019;50;3958.00;65
10398;49;626578554;10398;359;11417;11482;6.13;0.38;289.93;11.47;1019;50;3959.00;65
10402;49;626578569;10402;382;11486;11607;6.12;0.38;290.02;11.41;1084;50;3960.00;121
10404;49;626578592;10404;369;11488;11608;6.15;0.38;290.06;11.40;1084;51;3961.00;120
10407;49;626578617;10407;356;11492;11608;6.26;0.39;290.16;11.40;1085;51;3962.00;116
10410;49;626578631;10410;357;11497;11608;6.36;0.40;290.16;11.40;1087;51;3963.00;111
10418;49;626578644;10418;364;11502;11608;6.44;0.40;290.15;11.46;1084;51;3964.00;106
10420;49;626578665;10420;362;11505;11608;6.59;0.41;290.17;11.45;1085;51;3965.00;103
10425;49;626578678;10425;354;11511;11608;6.69;0.41;290.24;11.45;1086;51;3966.00;97
10431;49;626578693;10431;338;11512;11608;6.75;0.42;290.24;11.45;1081;51;3967.00;96
10435;49;626578714;10435;335;11517;11609;6.77;0.42;290.28;11.45;1082;51;3968.00;92
10438;49;626578730;10438;336;11517;11610;6.83;0.42;290.27;11.45;1079;51;3969.00;93
10440;49;626578746;10440;336;11519;11610;6.87;0.42;290.25;11.45;1079;51;3970.00;91
10443;49;626578762;10443;338;11524;11614;6.85;0.42;290.27;11.45;1081;51;3971.00;90
10447;49;626578779;10447;335;11526;11614;6.79;0.42;290.29;11.50;1079;51;3972.00;88
10449;49;626578796;10449;340;11526;11614;6.77;0.42;290.28;11.50;1077;51;3973.00;88
10455;49;626578812;10455;342;11527;11614;6.72;0.41;290.33;11.50;1072;51;3974.00;87
10455;49;626578828;10455;339;11531;11620;6.70;0.41;290.33;11.50;1076;51;3975.00;89
10459;49;626578846;10459;343;11531;11620;6.66;0.41;290.32;11.50;1072;51;3976.00;89
10460;49;626578869;10460;343;11532;11620;6.70;0.41;290.32;11.50;1072;51;3977.00;88
10463;49;626578884;10463;333;11534;11623;6.74;0.41;290.35;11.50;1071;51;3978.00;89
10463;49;626578900;10463;330;11535;11623;6.80;0.42;290.35;11.50;1072;51;3979.00;88
10466;49;626578915;10466;325;11536;11623;6.80;0.42;290.44;11.50;1070;51;3980.00;87
10469;49;626578930;10469;323;11536;11624;6.83;0.42;290.60;11.50;1067;51;3981.00;88
10471;49;626578946;10471;320;11538;11625;6.85;0.42;290.67;11.50;1067;51;3982.00;87
10472;49;626578960;10472;327;11538;11625;6.82;0.42;290.66;11.50;1066;51;3983.00;87
10476;49;626578976;10476;325;11548;11638;6.79;0.41;290.65;11.49;1072;51;3984.00;90
10477;49;626578993;10477;324;11548;11638;6.71;0.41;290.63;11.49;1071;51;3985.00;90
10479;49;626579008;10479;327;11548;11638;6.67;0.41;290.64;11.49;1069;51;3986.00;90
10480;49;626579023;10480;327;11549;11639;6.67;0.41;290.65;11.48;1069;51;3987.00;90
10484;49;626579042;10484;340;11549;11639;6.63;0.40;290.65;11.48;1065;51;3988.00;90
10486;49;626579060;10486;345;11552;11643;6.62;0.40;290.63;11.48;1066;51;3989.00;91
10487;49;626579075;10487;340;11553;11643;6.66;0.41;290.66;11.48;1066;51;3990.00;90
10489;49;626579089;10489;345;11556;11647;6.64;0.41;290.64;11.48;1067;51;3991.00;91
10492;49;626579102;10492;346;11556;11647;6.59;0.40;290.63;11.48;1064;51;3992.00;91
10493;49;626579115;10493;350;11556;11647;6.54;0.40;290.62;11.48;1063;51;3993.00;91
10495;49;626579133;10495;358;11556;11647;6.48;0.40;290.64;11.48;1061;51;3994.00;91
10498;49;626579147;10498;362;11556;11647;6.39;0.39;290.61;11.48;1058;51;3995.00;91
10498;49;626579166;10498;369;11566;11659;6.36;0.39;290.61;11.47;1068;51;3996.00;93
10500;49;626579190;10500;371;11567;11659;6.35;0.39;290.58;11.47;1067;51;3997.00;92
10503;49;626579211;10503;373;11568;11659;6.28;0.39;290.56;11.53;1065;51;3998.00;91
10507;49;626579230;10507;368;11568;11659;6.21;0.38;290.59;11.53;1061;51;3999.00;91
10510;49;626579252;10510;362;11568;11659;6.13;0.38;290.57;11.53;1058;51;4000.00;91
10514;49;626579275;10514;357;11568;11659;6.05;0.37;290.52;11.53;1054;51;4001.00;91
10515;49;626579289;10515;356;11568;11660;6.01;0.37;290.53;11.53;1053;51;4002.00;92
10517;49;626579303;10517;355;11568;11660;5.92;0.36;290.54;11.53;1051;51;4003.00;92
10519;49;626579316;10519;350;11572;11666;5.88;0.36;290.52;11.52;1053;51;4004.00;94
10523;49;626579331;10523;344;11575;11668;5.83;0.36;290.62;11.52;1052;51;4005.00;93
10526;49;626579346;10526;347;11575;11668;5.78;0.36;290.60;11.52;1049;51;4006.00;93
10528;49;626579359;10528;339;11575;11668;5.74;0.35;290.60;11.52;1047;51;4007.00;93
10530;49;626579371;10530;345;11578;11672;5.70;0.35;290.60;11.52;1048;51;4008.00;94
10534;49;626579384;10534;338;11578;11672;5.67;0.35;290.63;11.52;1044;51;4009.00;94
10536;49;626579396;10536;339;11578;11672;5.61;0.35;290.62;11.52;1042;51;4010.00;94
10538;49;626579408;10538;336;11579;11673;5.57;0.34;290.64;11.52;1041;51;4011.00;94
10544;49;626579418;10544;335;11582;11677;5.50;0.34;290.56;11.51;1038;51;4012.00;95
10545;49;626579433;10545;331;11582;11677;5.44;0.33;290.54;11.51;1037;51;4013.00;95
10546;49;626579445;10546;324;11585;11680;5.43;0.33;290.56;11.57;1039;51;4014.00;95
10549;49;626579457;10549;324;11587;11680;5.41;0.33;290.57;11.58;1038;51;4015.00;93
10553;49;626579471;10553;319;11588;11680;5.37;0.33;290.61;11.59;1035;51;4016.00;92
10556;49;626579484;10556;312;11588;11680;5.29;0.33;290.61;11.59;1032;51;4017.00;92
10558;49;626579495;10558;312;11591;11684;5.31;0.33;290.65;11.59;1033;51;4018.00;93
10562;49;626579506;10562;293;11591;11684;5.32;0.33;290.62;11.59;1029;51;4019.00;93
10565;49;626579520;10565;288;11593;11684;5.32;0.33;290.60;11.64;1028;51;4020.00;91
10567;49;626579532;10567;280;11593;11684;5.38;0.33;290.64;11.64;1026;51;4021.00;91
10569;49;626579544;10569;271;11593;11685;5.40;0.33;290.60;11.64;1024;51;4022.00;92
10571;49;626579556;10571;264;11594;11686;5.48;0.33;290.57;11.64;1023;51;4023.00;92
10572;49;626579568;10572;262;11594;11686;5.52;0.34;290.57;11.64;1022;51;4024.00;92
10575;49;626579580;10575;265;11596;11687;5.60;0.34;290.54;11.70;1021;51;4025.00;91
10576;49;626579593;10576;261;11596;11687;5.69;0.35;290.57;11.70;1020;51;4026.00;91
10576;49;626579611;10576;256;11597;11687;5.81;0.35;290.57;11.70;1021;51;4027.00;90
10577;49;626579623;10577;257;11597;11687;5.89;0.36;290.55;11.70;1020;51;4028.00;90
10582;49;626579635;10582;255;11597;11687;5.93;0.36;290.64;11.70;1015;51;4029.00;90
10584;49;626579648;10584;254;11597;11687;6.02;0.37;290.64;11.70;1013;51;4030.00;90
10585;49;626579660;10585;251;11597;11687;6.10;0.37;290.63;11.70;1012;51;4031.00;90
10587;49;626579673;10587;263;11661;11814;6.46;0.40;290.63;11.64;1074;51;4032.00;153
10588;49;626579696;10588;247;11664;11815;6.53;0.40;290.64;11.63;1076;51;4033.00;151
10590;49;626579710;10590;243;11673;11815;6.65;0.41;290.60;11.63;1083;51;4034.00;142
10592;49;626579725;10592;240;11680;11815;6.75;0.41;290.58;11.62;1088;51;4035.00;135
10594;49;626579742;10594;236;11687;11815;6.82;0.42;290.62;11.62;1093;51;4036.00;128
10594;49;626579763;10594;229;11692;11815;6.92;0.42;290.62;11.61;1098;51;4037.00;123
10594;49;626579778;10594;228;11696;11815;7.03;0.43;290.62;11.61;1102;51;4038.00;119
10596;49;626579800;10596;227;11698;11815;7.05;0.43;290.66;11.61;1102;51;4039.00;117
10599;49;626579817;10599;223;11701;11816;7.08;0.43;290.66;11.61;1102;51;4040.00;115
10600;49;626579838;10600;219;11708;11817;7.10;0.43;290.63;11.64;1108;51;4041.00;109
10601;49;626579864;10601;222;11709;11817;7.09;0.43;290.66;11.64;1108;51;4042.00;108
10604;49;626579883;10604;224;11713;11818;7.09;0.43;290.73;11.66;1109;51;4043.00;105
10609;49;626579898;10609;224;11714;11818;7.05;0.43;290.75;11.66;1105;51;4044.00;104
10610;49;626579912;10610;232;11717;11818;7.00;0.43;290.73;11.69;1107;51;4045.00;101
10613;49;626579928;10613;237;11719;11818;6.93;0.42;290.83;11.69;1106;51;4046.00;99
10616;49;626579945;10616;243;11723;11822;6.92;0.42;290.92;11.70;1107;51;4047.00;99
10618;49;626579962;10618;248;11726;11822;6.92;0.42;290.96;11.71;1108;51;4048.00;96
10619;49;626579983;10619;255;11726;11822;6.90;0.42;291.00;11.71;1107;51;4049.00;96
10621;49;626580016;10621;248;11732;11828;6.89;0.42;291.04;11.74;1111;51;4050.00;96
10622;49;626580043;10622;251;11732;11828;6.88;0.42;291.03;11.74;1110;51;4051.00;96
10625;49;626580065;10625;264;11734;11828;6.82;0.42;291.09;11.75;1109;51;4052.00;94
10628;49;626580080;10628;275;11738;11832;6.73;0.41;291.15;11.76;1110;51;4053.00;94
10629;49;626580096;10629;279;11741;11833;6.69;0.41;291.14;11.77;1112;51;4054.00;92
10631;49;626580110;10631;288;11744;11833;6.67;0.41;291.23;11.79;1113;52;4055.00;89
10634;49;626580129;10634;293;11747;11837;6.64;0.41;291.29;11.79;1113;52;4056.00;90
10635;49;626580144;10635;300;11749;11837;6.58;0.40;291.27;11.80;1114;52;4057.00;88
10639;49;626580167;10639;302;11751;11837;6.50;0.40;291.36;11.82;1112;52;4058.00;86
10640;49;626580184;10640;300;11753;11838;6.44;0.39;291.40;11.82;1113;52;4059.00;85
10641;49;626580200;10641;300;11754;11838;6.40;0.39;291.43;11.83;1113;52;4060.00;84
10646;49;626580220;10646;297;11759;11844;6.36;0.39;291.49;11.83;1113;52;4061.00;85
10647;49;626580235;10647;298;11759;11844;6.33;0.39;291.51;11.83;1112;52;4062.00;85
10653;49;626580249;10653;303;11762;11845;6.28;0.38;291.56;11.85;1109;52;4063.00;83
10654;49;626580264;10654;301;11762;11845;6.32;0.39;291.58;11.85;1108;52;4064.00;83
10657;49;626580279;10657;308;11763;11845;6.32;0.39;291.58;11.86;1106;52;4065.00;82
10660;49;626580294;10660;305;11764;11845;6.31;0.38;291.58;11.87;1104;52;4066.00;81
10663;49;626580307;10663;299;11765;11845;6.26;0.38;291.56;11.88;1102;52;4067.00;80
10667;49;626580321;10667;305;11775;11857;6.23;0.38;291.64;11.87;1108;52;4068.00;82
10668;49;626580339;10668;310;11776;11857;6.21;0.38;291.68;11.88;1108;52;4069.00;81
10669;49;626580353;10669;312;11778;11857;6.20;0.38;291.72;11.89;1109;52;4070.00;79
10673;49;626580366;10673;307;11778;11857;6.11;0.37;291.75;11.89;1105;52;4071.00;79
10676;49;626580378;10676;318;11780;11857;6.06;0.37;291.81;11.91;1104;52;4072.00;77
10681;49;626580392;10681;321;11780;11857;5.97;0.36;291.78;11.91;1099;52;4073.00;77
10684;49;626580404;10684;320;11784;11861;5.91;0.36;291.78;11.91;1100;52;4074.00;77
10687;49;626580418;10687;322;11785;11861;5.91;0.36;291.77;11.92;1098;52;4075.00;76
10691;49;626580435;10691;333;11789;11865;5.91;0.36;291.86;11.93;1098;52;4076.00;76
10694;49;626580448;10694;338;11791;11866;5.93;0.36;291.85;11.94;1097;52;4077.00;75
10698;49;626580462;10698;340;11792;11866;5.89;0.36;291.89;11.94;1094;52;4078.00;74
10701;49;626580475;10701;349;11794;11866;5.81;0.35;291.91;11.95;1093;52;4079.00;72
10708;49;626580489;10708;344;11812;11895;5.71;0.35;291.99;11.93;1104;52;4080.00;83
10712;49;626580504;10712;336;11812;11895;5.65;0.35;292.08;11.93;1100;52;4081.00;83
10718;49;626580517;10718;337;11817;11895;5.63;0.34;292.17;11.94;1099;52;4082.00;78
10722;49;626580530;10722;346;11819;11896;5.65;0.35;292.28;11.94;1097;52;4083.00;77
10728;49;626580543;10728;345;11823;11897;5.65;0.34;292.35;11.95;1095;52;4084.00;74
10732;49;626580557;10732;347;11824;11897;5.69;0.35;292.52;11.95;1092;52;4085.00;73
10736;49;626580570;10736;346;11827;11900;5.70;0.35;292.53;11.94;1091;52;4086.00;73
10741;49;626580582;10741;340;11828;11900;5.69;0.35;292.65;11.95;1087;52;4087.00;72
10746;49;626580595;10746;337;11828;11900;5.77;0.35;292.73;11.95;1082;52;4088.00;72
10750;49;626580608;10750;329;11828;11900;5.81;0.35;292.85;11.95;1078;52;4089.00;72
10754;49;626580621;10754;333;11833;11906;5.88;0.36;292.96;11.96;1079;52;4090.00;73
10759;49;626580636;10759;333;11834;11906;5.95;0.36;292.95;11.96;1075;52;4091.00;72
10763;49;626580649;10763;325;11834;11906;6.03;0.37;293.06;11.96;1071;52;4092.00;72
10765;49;626580663;10765;320;11834;11906;6.16;0.38;293.09;11.96;1069;52;4093.00;72
10771;49;626580678;10771;315;11837;11910;6.26;0.38;293.10;11.95;1066;52;4094.00;73
10775;49;626580696;10775;309;11839;11912;6.39;0.39;293.14;11.95;1064;52;4095.00;73
10779;49;626580713;10779;312;11839;11912;6.46;0.39;293.16;11.95;1060;52;4096.00;73
10782;49;626580730;10782;310;11840;11913;6.59;0.40;293.17;11.95;1058;52;4097.00;73
10784;49;626580746;10784;305;11840;11913;6.66;0.41;293.16;11.95;1056;53;4098.00;73
10788;49;626580771;10788;300;11840;11913;6.76;0.41;293.18;11.95;1052;53;4099.00;73
10793;49;626580788;10793;303;11840;11913;6.84;0.42;293.22;11.95;1047;53;4100.00;73
10798;49;626580805;10798;298;11840;11913;6.85;0.42;293.26;11.95;1042;53;4101.00;73
10803;49;626580819;10803;304;11840;11913;6.86;0.42;293.33;11.95;1037;53;4102.00;73
10808;49;626580833;10808;304;11840;11913;6.86;0.42;293.39;11.95;1032;53;4103.00;73
10810;49;626580847;10810;312;11878;11983;6.88;0.42;293.39;11.91;1068;53;4104.00;105
10816;49;626580866;10816;309;11879;11984;6.90;0.42;293.41;11.91;1063;53;4105.00;105
10818;49;626580881;10818;308;11883;11984;7.00;0.43;293.43;11.91;1065;53;4106.00;101
10821;49;626580895;10821;311;11885;11984;7.04;0.43;293.48;11.91;1064;53;4107.00;99
10829;49;626580908;10829;310;11888;11984;7.07;0.43;293.53;11.91;1059;53;4108.00;96
10833;49;626580922;10833;315;11891;11984;7.10;0.43;293.55;11.90;1058;53;4109.00;93
10835;49;626580944;10835;320;11892;11984;7.09;0.43;293.55;11.90;1057;53;4110.00;92
10841;49;626580959;10841;323;11896;11984;7.11;0.44;293.53;11.90;1055;53;4111.00;88
10845;49;626580975;10845;329;11897;11985;7.07;0.43;293.61;11.90;1052;53;4112.00;88
10846;49;626580989;10846;328;11901;11986;7.09;0.43;293.59;11.90;1055;53;4113.00;85
10852;49;626581003;10852;331;11905;11986;7.07;0.43;293.66;11.90;1053;53;4114.00;81
10856;49;626581017;10856;334;11907;11990;6.99;0.43;293.68;11.90;1051;53;4115.00;83
10857;49;626581031;10857;339;11907;11990;6.96;0.43;293.74;11.90;1050;53;4116.00;83
10861;49;626581045;10861;344;11907;11990;6.96;0.43;293.80;11.90;1046;53;4117.00;83
10865;49;626581058;10865;343;11907;11990;6.96;0.43;293.83;11.90;1042;53;4118.00;83
10869;49;626581072;10869;346;11911;11996;6.96;0.43;293.86;11.89;1042;53;4119.00;85
10874;49;626581086;10874;358;11912;11996;6.90;0.42;293.96;11.89;1038;53;4120.00;84
10876;49;626581100;10876;362;11914;11996;6.85;0.42;294.02;11.89;1038;53;4121.00;82
10880;49;626581116;10880;369;11916;11999;6.79;0.42;294.00;11.89;1036;53;4122.00;83
10882;49;626581130;10882;374;11919;11999;6.70;0.41;294.08;11.89;1037;53;4123.00;80
10888;49;626581144;10888;389;11919;11999;6.54;0.40;294.09;11.89;1031;53;4124.00;80
10890;49;626581175;10890;395;11919;12000;6.49;0.40;294.09;11.89;1029;53;4125.00;81
10892;49;626581195;10892;403;11920;12001;6.43;0.40;294.21;11.89;1028;53;4126.00;81
10895;49;626581213;10895;395;11920;12001;6.38;0.39;294.24;11.89;1025;53;4127.00;81
10900;49;626581232;10900;398;11930;12014;6.40;0.39;294.20;11.88;1030;53;4128.00;84
10901;49;626581255;10901;402;11930;12014;6.36;0.39;294.18;11.88;1029;53;4129.00;84
10905;49;626581273;10905;406;11931;12014;6.36;0.39;294.18;11.88;1026;53;4130.00;83
10908;49;626581289;10908;406;11932;12015;6.43;0.39;294.18;11.88;1024;53;4131.00;83
10911;49;626581305;10911;409;11932;12015;6.43;0.39;294.23;11.88;1021;53;4132.00;83
10913;49;626581327;10913;415;11935;12019;6.39;0.39;294.38;11.88;1022;53;4133.00;84
10916;49;626581346;10916;413;11935;12019;6.35;0.39;294.39;11.88;1019;53;4134.00;84
10918;49;626581361;10918;414;11939;12023;6.40;0.39;294.42;11.87;1021;53;4135.00;84
10922;49;626581378;10922;404;11939;12023;6.39;0.39;294.45;11.87;1017;53;4136.00;84
10924;49;626581394;10924;397;11939;12023;6.32;0.39;294.46;11.87;1015;53;4137.00;84
10928;49;626581409;10928;392;11939;12023;6.26;0.38;294.44;11.87;1011;53;4138.00;84
10929;49;626581424;10929;391;11939;12023;6.22;0.38;294.46;11.87;1010;53;4139.00;84
10931;49;626581440;10931;390;11962;12057;6.24;0.38;294.44;11.85;1031;53;4140.00;95
10933;49;626581457;10933;386;11963;12057;6.26;0.38;294.43;11.85;1030;53;4141.00;94
10934;49;626581472;10934;381;11965;12057;6.32;0.39;294.41;11.85;1031;53;4142.00;92
10938;49;626581488;10938;372;11965;12057;6.32;0.39;294.36;11.85;1027;53;4143.00;92
10941;49;626581503;10941;375;11966;12057;6.33;0.39;294.31;11.85;1025;53;4144.00;91
10941;49;626581529;10941;380;11966;12057;6.33;0.39;294.31;11.85;1025;53;4145.00;91
10942;49;626581546;10942;375;11967;12058;6.34;0.39;294.29;11.85;1025;53;4146.00;91
10945;49;626581572;10945;363;11968;12058;6.29;0.39;294.27;11.90;1023;53;4147.00;90
10948;49;626581589;10948;366;11972;12064;6.29;0.39;294.27;11.90;1024;53;4148.00;92
10950;49;626581610;10950;366;11973;12065;6.35;0.39;294.25;11.90;1023;53;4149.00;92
10952;49;626581639;10952;360;11974;12065;6.39;0.39;294.23;11.90;1022;53;4150.00;91
10954;49;626581671;10954;354;11974;12065;6.45;0.40;294.20;11.90;1020;53;4151.00;91
10955;49;626581710;10955;353;11978;12069;6.52;0.40;294.18;11.90;1023;53;4152.00;91
10958;49;626581740;10958;350;11978;12069;6.45;0.39;294.13;11.90;1020;53;4153.00;91
10958;49;626581773;10958;348;11978;12069;6.41;0.39;294.13;11.90;1020;53;4154.00;91
10960;49;626581800;10960;347;11979;12070;6.35;0.39;294.14;11.90;1019;53;4155.00;91
10965;49;626581820;10965;347;11982;12074;6.30;0.38;294.14;11.89;1017;53;4156.00;92
10967;49;626581837;10967;353;11982;12074;6.28;0.38;294.21;11.89;1015;53;4157.00;92
10970;49;626581854;10970;357;11984;12077;6.28;0.38;294.24;11.89;1014;53;4158.00;93
10972;49;626581870;10972;357;11984;12077;6.20;0.38;294.20;11.89;1012;53;4159.00;93
10976;49;626581887;10976;353;11985;12077;6.18;0.38;294.15;11.89;1009;53;4160.00;92
10977;49;626581903;10977;356;11985;12077;6.14;0.37;294.15;11.89;1008;53;4161.00;92
10980;49;626581918;10980;363;11989;12081;6.07;0.37;294.14;11.95;1009;53;4162.00;92
10980;49;626581936;10980;369;11989;12081;6.00;0.36;294.14;11.95;1009;53;4163.00;92
10982;49;626581950;10982;373;11990;12081;5.93;0.36;294.13;11.95;1008;53;4164.00;91
10984;49;626581966;10984;383;11990;12081;5.91;0.36;294.10;11.95;1006;53;4165.00;91
10984;49;626581983;10984;382;11990;12082;5.91;0.36;294.10;11.95;1006;53;4166.00;92
10985;49;626581999;10985;386;11992;12083;5.85;0.36;294.09;12.00;1007;53;4167.00;91
10985;49;626582015;10985;393;11992;12083;5.73;0.35;294.09;12.00;1007;53;4168.00;91
10986;49;626582031;10986;387;11993;12084;5.67;0.35;294.09;12.00;1007;53;4169.00;91
10986;49;626582050;10986;386;11993;12084;5.61;0.34;294.09;12.00;1007;53;4170.00;91
10987;49;626582067;10987;363;11994;12084;5.55;0.34;294.09;12.06;1007;53;4171.00;90
10989;49;626582083;10989;353;11994;12084;5.54;0.34;294.12;12.06;1005;53;4172.00;90
10992;49;626582100;10992;343;11996;12086;5.54;0.34;294.14;12.06;1004;53;4173.00;90
10993;49;626582116;10993;334;11996;12086;5.63;0.34;294.15;12.06;1003;53;4174.00;90
10993;49;626582133;10993;321;11997;12086;5.73;0.35;294.15;12.11;1004;53;4175.00;89
10998;49;626582149;10998;331;12064;12213;5.86;0.36;294.15;12.05;1066;53;4176.00;149
11001;49;626582178;11001;310;12065;12214;5.88;0.36;294.14;12.05;1064;53;4177.00;149
11003;49;626582204;11003;295;12070;12214;5.98;0.37;294.13;12.04;1067;53;4178.00;144
11006;49;626582219;11006;281;12072;12214;6.11;0.38;294.10;12.04;1066;53;4179.00;142
11011;49;626582235;11011;274;12078;12214;6.25;0.39;294.19;12.04;1067;53;4180.00;136
11012;49;626582252;11012;263;12082;12214;6.30;0.39;294.17;12.03;1070;53;4181.00;132
11014;49;626582266;11014;250;12084;12214;6.32;0.39;294.15;12.03;1070;53;4182.00;130
11016;49;626582293;11016;249;12086;12214;6.39;0.39;294.15;12.03;1070;53;4183.00;128
11020;49;626582307;11020;243;12088;12215;6.40;0.39;294.11;12.03;1068;53;4184.00;127
11021;49;626582324;11021;246;12095;12217;6.46;0.40;294.10;12.04;1074;53;4185.00;122
11023;49;626582341;11023;238;12097;12217;6.54;0.40;294.16;12.09;1074;53;4186.00;120
11026;49;626582355;11026;234;12101;12218;6.65;0.41;294.17;12.09;1075;53;4187.00;117
11029;49;626582370;11029;235;12104;12218;6.70;0.41;294.16;12.09;1075;53;4188.00;114
11029;49;626582384;11029;230;12108;12218;6.70;0.41;294.16;12.09;1079;53;4189.00;110
11032;49;626582398;11032;230;12109;12218;6.69;0.41;294.18;12.09;1077;53;4190.00;109
11035;49;626582413;11035;234;12112;12222;6.71;0.41;294.18;12.14;1077;53;4191.00;110
11037;49;626582428;11037;238;12113;12222;6.76;0.41;294.27;12.14;1076;53;4192.00;109
11040;49;626582442;11040;236;12115;12222;6.81;0.42;294.28;12.14;1075;53;4193.00;107
11043;49;626582457;11043;243;12117;12225;6.85;0.42;294.35;12.14;1074;53;4194.00;108
11046;49;626582474;11046;240;12118;12225;6.89;0.42;294.41;12.14;1072;53;4195.00;107
11050;49;626582488;11050;239;12119;12225;6.92;0.42;294.49;12.14;1069;53;4196.00;106
11053;49;626582502;11053;242;12124;12229;6.94;0.42;294.49;12.13;1071;53;4197.00;105
11058;49;626582523;11058;242;12126;12230;6.95;0.42;294.51;12.15;1068;53;4198.00;104
11061;49;626582549;11061;242;12127;12230;7.02;0.43;294.48;12.15;1066;53;4199.00;103
11064;49;626582567;11064;253;12137;12264;7.10;0.43;294.50;12.14;1073;53;4200.00;127
11068;49;626582588;11068;252;12141;12264;7.04;0.43;294.58;12.14;1073;53;4201.00;123
11070;49;626582606;11070;250;12143;12264;7.06;0.43;294.68;12.14;1073;53;4202.00;121
11073;49;626582624;11073;241;12144;12265;7.08;0.43;294.72;12.14;1071;53;4203.00;121
11076;49;626582643;11076;238;12145;12265;7.08;0.43;294.76;12.14;1069;53;4204.00;120
11077;49;626582662;11077;240;12149;12271;7.10;0.43;294.79;12.14;1072;53;4205.00;122
11081;49;626582678;11081;244;12152;12271;7.08;0.43;294.80;12.13;1071;53;4206.00;119
11085;49;626582695;11085;243;12153;12272;7.09;0.43;294.86;12.15;1068;53;4207.00;119
11087;49;626582709;11087;244;12153;12272;7.14;0.43;294.83;12.15;1066;53;4208.00;119
11088;49;626582724;11088;243;12153;12272;7.14;0.43;294.85;12.15;1065;53;4209.00;119
11090;49;626582740;11090;245;12155;12272;7.18;0.44;294.90;12.17;1065;53;4210.00;117
11093;49;626582755;11093;253;12159;12272;7.21;0.44;294.95;12.17;1066;53;4211.00;113
11095;49;626582771;11095;250;12167;12284;7.31;0.44;295.00;12.16;1072;53;4212.00;117
11099;49;626582787;11099;253;12169;12284;7.41;0.45;294.99;12.19;1070;53;4213.00;115
11101;49;626582810;11101;253;12170;12284;7.51;0.46;294.97;12.19;1069;53;4214.00;114
11104;49;626582826;11104;251;12171;12284;7.57;0.46;295.01;12.21;1067;53;4215.00;113
11106;49;626582842;11106;248;12172;12284;7.62;0.46;295.08;12.21;1066;53;4216.00;112
11108;49;626582859;11108;250;12174;12284;7.64;0.46;295.10;12.21;1066;53;4217.00;110
11112;49;626582873;11112;246;12180;12288;7.64;0.46;295.19;12.23;1068;53;4218.00;108
11115;49;626582889;11115;248;12180;12288;7.63;0.46;295.20;12.23;1065;53;4219.00;108
11117;49;626582904;11117;248;12184;12292;7.62;0.46;295.23;12.25;1067;53;4220.00;108
11120;50;626582921;11120;248;12186;12293;7.60;0.46;295.26;12.26;1066;54;4221.00;107
11123;50;626582948;11123;255;12187;12293;7.55;0.46;295.26;12.26;1064;54;4222.00;106
11127;50;626582964;11127;259;12189;12293;7.46;0.45;295.34;12.28;1062;54;4223.00;104
11129;50;626582982;11129;261;12198;12306;7.38;0.45;295.36;12.29;1069;54;4224.00;108
11132;50;626582999;11132;261;12198;12306;7.35;0.45;295.35;12.29;1066;54;4225.00;108
11134;50;626583014;11134;265;12199;12306;7.28;0.44;295.41;12.31;1065;54;4226.00;107
11137;50;626583029;11137;271;12201;12307;7.20;0.44;295.42;12.31;1064;54;4227.00;106
11140;50;626583044;11140;286;12203;12308;7.08;0.43;295.46;12.31;1063;54;4228.00;105
11144;50;626583059;11144;278;12206;12308;6.97;0.42;295.44;12.33;1062;54;4229.00;102
11146;50;626583076;11146;277;12210;12314;6.92;0.42;295.46;12.33;1064;54;4230.00;104
11151;50;626583091;11151;278;12210;12314;6.90;0.42;295.54;12.33;1059;54;4231.00;104
11155;50;626583107;11155;277;12212;12314;6.87;0.42;295.52;12.34;1057;54;4232.00;102
11157;50;626583122;11157;270;12212;12314;6.84;0.42;295.55;12.34;1055;54;4233.00;102
11159;50;626583137;11159;272;12216;12320;6.86;0.42;295.61;12.36;1057;54;4234.00;104
11160;50;626583154;11160;267;12217;12320;6.85;0.42;295.62;12.36;1057;54;4235.00;103
11164;50;626583185;11164;266;12218;12320;6.83;0.42;295.63;12.36;1054;54;4236.00;102
11165;50;626583215;11165;268;12219;12320;6.87;0.42;295.70;12.38;1054;54;4237.00;101
11167;50;626583234;11167;272;12224;12324;6.85;0.42;295.71;12.38;1057;54;4238.00;100
11169;50;626583262;11169;280;12226;12325;6.83;0.42;295.73;12.39;1057;54;4239.00;99
11172;50;626583281;11172;282;12226;12325;6.80;0.41;295.76;12.39;1054;54;4240.00;99
11172;50;626583297;11172;282;12229;12326;6.79;0.41;295.76;12.39;1057;54;4241.00;97
11177;50;626583313;11177;276;12230;12326;6.68;0.41;295.81;12.41;1053;54;4242.00;96
11178;50;626583330;11178;291;12230;12326;6.61;0.40;295.81;12.41;1052;54;4243.00;96
11182;50;626583347;11182;291;12231;12326;6.53;0.40;295.79;12.41;1049;54;4244.00;95
11186;50;626583371;11186;297;12232;12326;6.45;0.39;295.83;12.42;1046;54;4245.00;94
11188;50;626583388;11188;298;12232;12326;6.36;0.39;295.83;12.42;1044;54;4246.00;94
11191;50;626583404;11191;299;12234;12326;6.24;0.38;295.84;12.44;1043;54;4247.00;92
11195;50;626583420;11195;313;12270;12396;6.27;0.39;295.85;12.42;1075;54;4248.00;126
11199;50;626583445;11199;311;12270;12397;6.17;0.38;295.90;12.42;1071;54;4249.00;127
11203;50;626583460;11203;304;12277;12397;6.13;0.38;295.88;12.43;1074;54;4250.00;120
11208;50;626583476;11208;299;12281;12397;6.12;0.38;295.87;12.42;1073;54;4251.00;116
11209;50;626583492;11209;299;12285;12397;6.16;0.38;295.85;12.42;1076;54;4252.00;112
11213;50;626583508;11213;296;12288;12397;6.12;0.38;295.95;12.42;1075;54;4253.00;109
11218;50;626583523;11218;301;12293;12397;6.08;0.37;296.09;12.44;1075;54;4254.00;104
11222;50;626583540;11222;299;12300;12397;6.10;0.37;296.12;12.47;1078;54;4255.00;97
11226;50;626583565;11226;304;12304;12398;6.09;0.37;296.15;12.48;1078;54;4256.00;94
11229;50;626583582;11229;303;12307;12399;6.13;0.38;296.19;12.48;1078;54;4257.00;92
11231;50;626583599;11231;306;12310;12399;6.11;0.38;296.24;12.48;1079;54;4258.00;89
11235;50;626583615;11235;298;12314;12403;6.12;0.38;296.28;12.49;1079;54;4259.00;89
11239;50;626583634;11239;304;12314;12403;6.12;0.38;296.31;12.49;1075;54;4260.00;89
11241;50;626583650;11241;299;12314;12403;6.14;0.38;296.36;12.49;1073;54;4261.00;89
11246;50;626583666;11246;305;12315;12403;6.16;0.38;296.40;12.50;1069;54;4262.00;88
11249;50;626583682;11249;300;12318;12409;6.23;0.38;296.41;12.49;1069;54;4263.00;91
11254;50;626583701;11254;300;12318;12409;6.25;0.38;296.51;12.49;1064;54;4264.00;91
11259;50;626583716;11259;305;12319;12409;6.25;0.38;296.54;12.50;1060;54;4265.00;90
11262;50;626583730;11262;301;12322;12412;6.26;0.38;296.51;12.49;1060;54;4266.00;90
11267;50;626583745;11267;304;12322;12412;6.26;0.38;296.51;12.49;1055;54;4267.00;90
11272;50;626583760;11272;302;12323;12412;6.25;0.38;296.60;12.50;1051;54;4268.00;89
11277;50;626583776;11277;300;12324;12413;6.25;0.38;296.59;12.50;1047;54;4269.00;89
11281;50;626583791;11281;303;12326;12414;6.23;0.38;296.58;12.50;1045;54;4270.00;88
11286;50;626583808;11286;304;12326;12414;6.22;0.38;296.72;12.50;1040;54;4271.00;88
11289;50;626583826;11289;305;12338;12427;6.23;0.38;296.71;12.49;1049;54;4272.00;89
11291;50;626583845;11291;303;12339;12427;6.22;0.38;296.71;12.49;1048;54;4273.00;88
11295;50;626583862;11295;308;12340;12427;6.25;0.38;296.69;12.49;1045;54;4274.00;87
11300;50;626583880;11300;317;12343;12429;6.29;0.38;296.84;12.49;1043;54;4275.00;86
11304;50;626583897;11304;322;12344;12429;6.31;0.38;296.81;12.54;1040;54;4276.00;85
11309;50;626583914;11309;321;12347;12433;6.30;0.38;296.79;12.54;1038;54;4277.00;86
11312;50;626583934;11312;322;12348;12433;6.29;0.38;296.83;12.55;1036;54;4278.00;85
11319;50;626583950;11319;328;12351;12437;6.30;0.38;296.96;12.54;1032;54;4279.00;86
11322;50;626583966;11322;331;12352;12437;6.29;0.38;296.93;12.54;1030;54;4280.00;85
11326;50;626583982;11326;334;12352;12437;6.26;0.38;296.97;12.54;1026;54;4281.00;85
11330;50;626584000;11330;337;12353;12437;6.27;0.38;297.00;12.54;1023;54;4282.00;84
11335;50;626584017;11335;339;12354;12437;6.22;0.38;296.99;12.54;1019;54;4283.00;83
11337;50;626584036;11337;344;12363;12449;6.31;0.38;297.01;12.53;1026;54;4284.00;86
11341;50;626584053;11341;347;12363;12449;6.28;0.38;297.06;12.53;1022;54;4285.00;86
11341;50;626584070;11341;355;12365;12449;6.28;0.38;297.06;12.53;1024;54;4286.00;84
11346;50;626584088;11346;363;12365;12449;6.24;0.38;297.05;12.53;1019;54;4287.00;84
11349;50;626584103;11349;374;12366;12449;6.24;0.38;297.08;12.53;1017;54;4288.00;83
11351;50;626584119;11351;382;12367;12449;6.21;0.38;297.09;12.53;1016;54;4289.00;82
11355;50;626584138;11355;383;12367;12450;6.16;0.38;297.11;12.53;1012;54;4290.00;83
11357;50;626584155;11357;401;12368;12450;6.14;0.38;297.10;12.53;1011;54;4291.00;82
11362;50;626584170;11362;405;12372;12456;6.11;0.37;297.07;12.59;1010;54;4292.00;84
11364;50;626584188;11364;416;12374;12457;6.13;0.37;297.04;12.58;1010;54;4293.00;83
11371;50;626584204;11371;422;12375;12457;6.03;0.37;297.12;12.58;1004;54;4294.00;82
11372;50;626584219;11372;429;12375;12457;5.99;0.37;297.10;12.58;1003;54;4295.00;82
11372;50;626584233;11372;437;12378;12461;5.93;0.36;297.10;12.58;1006;54;4296.00;83
11376;50;626584249;11376;435;12378;12461;5.86;0.36;297.06;12.58;1002;54;4297.00;83
11378;50;626584263;11378;437;12378;12461;5.79;0.35;297.04;12.58;1000;54;4298.00;83
11381;50;626584277;11381;434;12379;12462;5.74;0.35;297.05;12.58;998;54;4299.00;83
11386;50;626584294;11386;430;12382;12466;5.70;0.35;296.97;12.58;996;54;4300.00;84
11389;50;626584316;11389;425;12382;12466;5.73;0.35;297.07;12.58;993;54;4301.00;84
11392;50;626584331;11392;424;12384;12469;5.73;0.35;297.02;12.57;992;54;4302.00;85
11393;50;626584346;11393;420;12385;12469;5.76;0.35;297.02;12.57;992;54;4303.00;84
11397;50;626584361;11397;422;12385;12469;5.79;0.35;296.97;12.57;988;54;4304.00;84
11400;50;626584377;11400;429;12385;12469;5.80;0.35;296.94;12.57;985;54;4305.00;84
11403;50;626584397;11403;418;12388;12473;5.84;0.36;296.90;12.57;985;54;4306.00;85
11407;50;626584419;11407;408;12388;12473;5.87;0.36;296.87;12.57;981;54;4307.00;85
11409;50;626584433;11409;406;12389;12473;5.94;0.36;296.85;12.57;980;54;4308.00;84
11410;50;626584447;11410;394;12389;12473;6.00;0.37;296.84;12.57;979;54;4309.00;84
11411;50;626584459;11411;385;12390;12474;6.07;0.37;296.82;12.63;979;54;4310.00;84
11414;50;626584475;11414;374;12391;12475;6.08;0.37;296.78;12.63;977;54;4311.00;84
11414;51;626584496;11414;366;12391;12475;6.13;0.37;296.78;12.63;977;55;4312.00;84
11416;51;626584516;11416;365;12392;12476;6.15;0.37;296.75;12.62;976;55;4313.00;84
11416;51;626584529;11416;354;12392;12476;6.17;0.38;296.75;12.62;976;55;4314.00;84
11419;51;626584546;11419;358;12393;12476;6.17;0.38;296.72;12.68;974;55;4315.00;83
11421;51;626584569;11421;356;12393;12476;6.20;0.38;296.69;12.68;972;55;4316.00;83
11423;51;626584583;11423;357;12393;12476;6.23;0.38;296.69;12.68;970;55;4317.00;83
11424;51;626584600;11424;354;12393;12476;6.31;0.38;296.77;12.68;969;55;4318.00;83
11424;51;626584622;11424;352;12393;12476;6.36;0.39;296.77;12.68;969;55;4319.00;83
11426;51;626584643;11426;397;12506;12706;6.63;0.42;296.77;12.57;1080;55;4320.00;200
11426;51;626584710;11426;389;12509;12707;6.63;0.42;296.77;12.56;1083;55;4321.00;198
11426;51;626584736;11426;376;12519;12707;6.72;0.42;296.77;12.56;1093;55;4322.00;188
11428;51;626584756;11428;358;12526;12707;6.75;0.42;296.83;12.55;1098;55;4323.00;181
11431;51;626584771;11431;340;12532;12707;6.71;0.42;296.81;12.55;1101;55;4324.00;175
11432;51;626584787;11432;341;12538;12707;6.64;0.42;296.80;12.54;1106;55;4325.00;169
11433;51;626584802;11433;341;12543;12707;6.62;0.41;296.80;12.54;1110;55;4326.00;164
11437;51;626584816;11437;335;12547;12707;6.57;0.41;296.79;12.60;1110;55;4327.00;160
11438;51;626584830;11438;331;12553;12708;6.50;0.41;296.78;12.59;1115;55;4328.00;155
11438;51;626584846;11438;329;12555;12709;6.42;0.40;296.78;12.59;1117;55;4329.00;154
11440;51;626584867;11440;335;12557;12709;6.35;0.40;296.77;12.59;1117;55;4330.00;152
11443;52;626584882;11443;339;12562;12710;6.31;0.39;296.81;12.59;1119;56;4331.00;148
11443;52;626584913;11443;344;12565;12710;6.29;0.39;296.81;12.59;1122;56;4332.00;145
11444;52;626584930;11444;347;12567;12710;6.28;0.39;296.80;12.59;1123;56;4333.00;143
11446;52;626584946;11446;350;12569;12710;6.26;0.39;296.79;12.59;1123;56;4334.00;141
11449;52;626584962;11449;354;12573;12714;6.22;0.38;296.80;12.59;1124;56;4335.00;141
11450;52;626584991;11450;361;12575;12714;6.18;0.38;296.80;12.65;1125;56;4336.00;139
11451;52;626585013;11451;368;12577;12714;6.14;0.38;296.78;12.65;1126;56;4337.00;137
11451;53;626585030;11451;373;12579;12717;6.12;0.38;296.78;12.65;1128;57;4338.00;138
11453;53;626585059;11453;389;12579;12717;6.11;0.38;296.81;12.65;1126;57;4339.00;138
11456;53;626585075;11456;390;12582;12717;6.13;0.38;296.80;12.71;1126;57;4340.00;135
11459;53;626585092;11459;388;12586;12721;6.12;0.38;296.77;12.70;1127;57;4341.00;135
11460;53;626585108;11460;386;12589;12722;6.12;0.38;296.80;12.70;1129;57;4342.00;133
11460;53;626585123;11460;384;12590;12722;6.18;0.38;296.80;12.76;1130;57;4343.00;132
11467;53;626585139;11467;381;12593;12726;6.16;0.38;296.84;12.76;1126;57;4344.00;133
11472;53;626585158;11472;376;12593;12726;6.17;0.38;296.89;12.76;1121;57;4345.00;133
11473;53;626585183;11473;374;12595;12726;6.15;0.38;296.88;12.82;1122;57;4346.00;131
11474;53;626585206;11474;368;12596;12727;6.14;0.37;296.90;12.82;1122;57;4347.00;131
11478;53;626585226;11478;361;12596;12727;6.12;0.37;296.93;12.82;1118;57;4348.00;131
11479;53;626585250;11479;355;12600;12733;6.13;0.37;296.97;12.88;1121;57;4349.00;133
11484;53;626585278;11484;345;12600;12733;6.11;0.37;297.02;12.88;1116;57;4350.00;133
11487;53;626585298;11487;341;12601;12734;6.09;0.37;297.05;12.88;1114;57;4351.00;133
11491;53;626585318;11491;331;12602;12734;6.03;0.37;297.05;12.94;1111;57;4352.00;132
11496;53;626585335;11496;323;12602;12734;5.98;0.36;297.09;12.94;1106;57;4353.00;132
11497;53;626585355;11497;310;12606;12734;6.00;0.36;297.08;13.01;1109;57;4354.00;128
11501;53;626585377;11501;301;12606;12734;6.02;0.37;297.04;13.01;1105;57;4355.00;128
11505;53;626585394;11505;301;12618;12746;6.11;0.37;297.16;13.02;1113;57;4356.00;128
11507;53;626585415;11507;293;12619;12746;6.22;0.38;297.14;13.08;1112;57;4357.00;127
11513;53;626585434;11513;294;12620;12746;6.26;0.38;297.09;13.08;1107;57;4358.00;126
11514;53;626585450;11514;289;12622;12746;6.31;0.38;297.13;13.14;1108;57;4359.00;124
11517;53;626585469;11517;285;12622;12746;6.36;0.39;297.16;13.14;1105;57;4360.00;124
11519;53;626585492;11519;281;12622;12746;6.42;0.39;297.16;13.14;1103;57;4361.00;124
11522;53;626585515;11522;272;12626;12750;6.43;0.39;297.17;13.19;1104;57;4362.00;124
11525;53;626585538;11525;274;12628;12750;6.49;0.39;297.16;13.19;1103;57;4363.00;122
11528;54;626585553;11528;273;12630;12754;6.63;0.40;297.21;13.19;1102;58;4364.00;124
11530;54;626585580;11530;273;12633;12756;6.72;0.41;297.25;13.23;1103;58;4365.00;123
11531;54;626585597;11531;271;12634;12756;6.77;0.41;297.25;13.23;1103;58;4366.00;122
11535;54;626585610;11535;273;12635;12756;6.78;0.41;297.29;13.23;1100;58;4367.00;121
11539;54;626585624;11539;281;12646;12769;6.78;0.41;297.41;13.27;1107;58;4368.00;123
11543;54;626585640;11543;280;12646;12769;6.77;0.41;297.50;13.27;1103;58;4369.00;123
11546;54;626585654;11546;282;12647;12769;6.80;0.41;297.62;13.28;1101;58;4370.00;122
11550;54;626585669;11550;282;12648;12770;6.85;0.41;297.63;13.28;1098;58;4371.00;122
11553;54;626585684;11553;282;12649;12771;6.86;0.41;297.65;13.28;1096;58;4372.00;122
11555;54;626585699;11555;284;12649;12771;6.89;0.42;297.66;13.28;1094;58;4373.00;122
11557;54;626585713;11557;283;12652;12774;6.96;0.42;297.69;13.29;1095;58;4374.00;122
11559;54;626585728;11559;283;12654;12774;6.97;0.42;297.74;13.29;1095;58;4375.00;120
11559;54;626585743;11559;285;12654;12774;7.03;0.43;297.74;13.29;1095;58;4376.00;120
11562;54;626585757;11562;286;12655;12774;7.04;0.43;297.81;13.29;1093;58;4377.00;119
11563;54;626585772;11563;291;12659;12780;7.13;0.43;297.81;13.29;1096;58;4378.00;121
11565;54;626585787;11565;278;12662;12780;7.22;0.44;297.85;13.30;1097;58;4379.00;118
11567;54;626585804;11567;278;12664;12780;7.28;0.44;297.88;13.31;1097;58;4380.00;116
11568;54;626585819;11568;285;12665;12780;7.31;0.45;297.90;13.33;1097;58;4381.00;115
11572;54;626585833;11572;282;12668;12784;7.30;0.44;297.89;13.32;1096;58;4382.00;116
11576;54;626585856;11576;289;12672;12785;7.36;0.45;297.92;13.36;1096;58;4383.00;113
11579;54;626585870;11579;295;12673;12785;7.36;0.45;297.92;13.37;1094;58;4384.00;112
11580;54;626585885;11580;298;12677;12786;7.34;0.45;297.93;13.39;1097;58;4385.00;109
11585;54;626585901;11585;300;12678;12786;7.27;0.44;298.01;13.40;1093;58;4386.00;108
11586;54;626585916;11586;305;12679;12786;7.30;0.44;298.04;13.40;1093;58;4387.00;107
11591;54;626585932;11591;310;12681;12786;7.26;0.44;298.07;13.42;1090;58;4388.00;105
11594;54;626585947;11594;310;12683;12786;7.31;0.44;298.09;13.43;1089;58;4389.00;103
11596;54;626585962;11596;309;12685;12786;7.38;0.45;298.17;13.46;1089;58;4390.00;101
11598;54;626585977;11598;312;12688;12786;7.39;0.45;298.19;13.48;1090;58;4391.00;98
11600;54;626585991;11600;319;12724;12856;7.46;0.46;298.27;13.45;1124;58;4392.00;132
11603;55;626586012;11603;318;12726;12857;7.44;0.45;298.33;13.45;1123;59;4393.00;131
11605;55;626586040;11605;323;12734;12857;7.43;0.45;298.34;13.48;1129;59;4394.00;123
11607;55;626586056;11607;323;12735;12857;7.36;0.45;298.35;13.48;1128;59;4395.00;122
11611;55;626586078;11611;322;12740;12857;7.34;0.45;298.36;13.49;1129;59;4396.00;117
11612;55;626586093;11612;329;12746;12857;7.28;0.44;298.39;13.53;1134;59;4397.00;111
11614;55;626586108;11614;337;12750;12857;7.24;0.44;298.45;13.52;1136;59;4398.00;107
11616;55;626586122;11616;330;12752;12857;7.18;0.44;298.50;13.54;1136;59;4399.00;105
11621;55;626586137;11621;332;12757;12858;7.12;0.43;298.50;13.56;1136;59;4400.00;101
11623;55;626586162;11623;330;12761;12859;7.12;0.43;298.56;13.55;1138;59;4401.00;98
11626;55;626586178;11626;328;12764;12859;7.04;0.43;298.58;13.58;1138;59;4402.00;95
11628;55;626586193;11628;329;12767;12863;7.04;0.43;298.69;13.58;1139;59;4403.00;96
11632;55;626586207;11632;326;12769;12863;7.02;0.43;298.72;13.61;1137;59;4404.00;94
11636;55;626586222;11636;321;12769;12863;7.03;0.43;298.78;13.61;1133;59;4405.00;94
11639;55;626586236;11639;330;12770;12863;7.06;0.43;298.83;13.61;1131;59;4406.00;93
11641;55;626586251;11641;332;12776;12869;7.07;0.43;298.88;13.61;1135;59;4407.00;93
11642;55;626586266;11642;331;12780;12869;7.15;0.44;298.86;13.66;1138;59;4408.00;89
11645;55;626586279;11645;325;12780;12869;7.16;0.44;298.91;13.66;1135;59;4409.00;89
11648;55;626586300;11648;335;12786;12875;7.12;0.44;298.90;13.68;1138;59;4410.00;89
11653;55;626586320;11653;341;12787;12875;7.04;0.43;299.03;13.68;1134;59;4411.00;88
11657;55;626586335;11657;342;12787;12875;7.01;0.43;299.02;13.68;1130;59;4412.00;88
11659;55;626586348;11659;347;12790;12876;6.91;0.42;299.06;13.70;1131;59;4413.00;86
11664;55;626586362;11664;343;12791;12877;6.81;0.42;299.05;13.70;1127;59;4414.00;86
11667;55;626586376;11667;347;12793;12877;6.74;0.41;299.07;13.72;1126;59;4415.00;84
11672;55;626586389;11672;359;12804;12890;6.60;0.40;299.07;13.71;1132;59;4416.00;86
11674;55;626586404;11674;363;12804;12890;6.50;0.40;299.13;13.71;1130;59;4417.00;86
11678;55;626586417;11678;363;12806;12890;6.33;0.39;299.09;13.73;1128;59;4418.00;84
11685;55;626586430;11685;373;12807;12891;6.20;0.38;299.16;13.72;1122;59;4419.00;84
11689;55;626586443;11689;364;12807;12891;6.15;0.38;299.19;13.72;1118;59;4420.00;84
11694;55;626586456;11694;367;12810;12895;6.11;0.37;299.25;13.72;1116;59;4421.00;85
11700;55;626586469;11700;369;12812;12895;6.05;0.37;299.24;13.74;1112;59;4422.00;83
11703;55;626586483;11703;374;12816;12899;6.07;0.37;299.27;13.75;1113;59;4423.00;83
11706;55;626586496;11706;367;12818;12899;6.04;0.37;299.29;13.75;1112;59;4424.00;81
11707;55;626586509;11707;371;12818;12899;6.08;0.37;299.34;13.75;1111;59;4425.00;81
11712;55;626586522;11712;375;12819;12899;6.06;0.37;299.37;13.76;1107;59;4426.00;80
11717;55;626586535;11717;370;12819;12899;6.06;0.37;299.48;13.76;1102;59;4427.00;80
11719;55;626586549;11719;375;12833;12911;6.14;0.38;299.50;13.76;1114;59;4428.00;78
11721;55;626586564;11721;359;12835;12911;6.18;0.38;299.49;13.76;1114;59;4429.00;76
11725;55;626586578;11725;359;12835;12911;6.13;0.38;299.54;13.76;1110;59;4430.00;76
11729;55;626586592;11729;360;12835;12911;6.07;0.37;299.61;13.76;1106;59;4431.00;76
11733;55;626586606;11733;353;12835;12911;6.07;0.37;299.67;13.76;1102;59;4432.00;76
11738;55;626586618;11738;349;12835;12911;6.01;0.37;299.69;13.76;1097;59;4433.00;76
11742;55;626586633;11742;355;12835;12912;6.01;0.37;299.77;13.76;1093;59;4434.00;77
11746;55;626586647;11746;347;12835;12912;6.00;0.37;299.75;13.76;1089;59;4435.00;77
11750;55;626586660;11750;352;12840;12918;6.04;0.37;299.76;13.76;1090;59;4436.00;78
11754;55;626586674;11754;357;12841;12919;6.03;0.37;299.73;13.76;1087;59;4437.00;78
11759;55;626586687;11759;354;12841;12919;6.01;0.37;299.69;13.76;1082;59;4438.00;78
11762;55;626586700;11762;352;12841;12919;5.98;0.37;299.68;13.76;1079;59;4439.00;78
11765;55;626586715;11765;356;12845;12924;6.00;0.37;299.64;13.75;1080;59;4440.00;79
11768;55;626586729;11768;362;12845;12924;6.02;0.37;299.61;13.75;1077;59;4441.00;79
11772;55;626586742;11772;363;12845;12924;6.00;0.37;299.61;13.75;1073;59;4442.00;79
11773;55;626586755;11773;371;12846;12925;6.00;0.37;299.61;13.75;1073;59;4443.00;79
11777;55;626586768;11777;377;12849;12929;5.97;0.37;299.60;13.75;1072;59;4444.00;80
11779;55;626586781;11779;380;12849;12929;5.98;0.37;299.61;13.75;1070;59;4445.00;80
11781;55;626586794;11781;385;12851;12932;5.97;0.37;299.61;13.75;1070;59;4446.00;81
11784;55;626586815;11784;394;12853;12932;5.92;0.36;299.61;13.80;1069;59;4447.00;79
11788;55;626586829;11788;406;12853;12932;5.89;0.36;299.56;13.80;1065;59;4448.00;79
11793;55;626586847;11793;406;12853;12932;5.84;0.36;299.58;13.80;1060;59;4449.00;79
11797;55;626586860;11797;413;12856;12936;5.88;0.36;299.54;13.79;1059;59;4450.00;80
11803;55;626586873;11803;413;12856;12936;5.84;0.36;299.49;13.79;1053;59;4451.00;80
11807;55;626586886;11807;421;12857;12936;5.87;0.36;299.45;13.79;1050;59;4452.00;79
11811;55;626586898;11811;428;12857;12936;5.91;0.36;299.39;13.79;1046;59;4453.00;79
11814;55;626586911;11814;422;12857;12937;5.87;0.36;299.40;13.79;1043;59;4454.00;80
11818;55;626586923;11818;425;12859;12939;5.90;0.36;299.36;13.79;1041;59;4455.00;80
11821;55;626586936;11821;426;12859;12939;5.88;0.36;299.32;13.79;1038;59;4456.00;80
11826;55;626586948;11826;435;12860;12940;5.82;0.36;299.32;13.79;1034;59;4457.00;80
11828;55;626586961;11828;439;12860;12940;5.77;0.35;299.32;13.79;1032;59;4458.00;80
11831;55;626586973;11831;440;12860;12940;5.72;0.35;299.27;13.79;1029;59;4459.00;80
11833;55;626586985;11833;447;12860;12940;5.71;0.35;299.26;13.79;1027;59;4460.00;80
11839;55;626586998;11839;457;12861;12940;5.66;0.35;299.21;13.84;1022;59;4461.00;79
11840;55;626587010;11840;470;12861;12940;5.64;0.35;299.20;13.84;1021;59;4462.00;79
11844;55;626587022;11844;478;12861;12940;5.60;0.34;299.17;13.84;1017;59;4463.00;79
11846;55;626587034;11846;493;12927;13067;5.98;0.37;299.15;13.77;1081;59;4464.00;140
11849;55;626587055;11849;492;12930;13068;5.91;0.37;299.14;13.77;1081;59;4465.00;138
11850;55;626587068;11850;488;12939;13068;5.97;0.37;299.15;13.76;1089;59;4466.00;129
11851;55;626587080;11851;482;12941;13068;5.90;0.37;299.15;13.76;1090;59;4467.00;127
11853;55;626587092;11853;480;12948;13068;5.95;0.37;299.12;13.75;1095;59;4468.00;120
11855;55;626587105;11855;478;12951;13068;5.96;0.37;299.14;13.75;1096;59;4469.00;117
11858;55;626587119;11858;482;12957;13068;5.96;0.37;299.14;13.75;1099;59;4470.00;111
11861;55;626587132;11861;481;12961;13068;5.98;0.37;299.13;13.74;1100;59;4471.00;107
11863;55;626587145;11863;474;12965;13069;5.97;0.37;299.17;13.74;1102;59;4472.00;104
11867;55;626587162;11867;475;12968;13070;5.93;0.37;299.20;13.74;1101;59;4473.00;102
11869;55;626587182;11869;490;12972;13070;5.88;0.36;299.20;13.74;1103;59;4474.00;98
11872;56;626587207;11872;488;12973;13071;5.85;0.36;299.17;13.74;1101;60;4475.00;98
11872;56;626587241;11872;466;12975;13071;5.88;0.36;299.17;13.74;1103;60;4476.00;96
11876;56;626587262;11876;450;12975;13071;5.92;0.37;299.14;13.74;1099;60;4477.00;96
11876;56;626587282;11876;433;12977;13071;6.01;0.37;299.14;13.74;1101;60;4478.00;94
11879;56;626587297;11879;423;12980;13075;6.11;0.38;299.13;13.74;1101;60;4479.00;95
11880;56;626587315;11880;408;12982;13075;6.23;0.38;299.12;13.74;1102;60;4480.00;93
11881;56;626587331;11881;393;12982;13075;6.31;0.39;299.20;13.74;1101;60;4481.00;93
11884;56;626587354;11884;386;12985;13078;6.40;0.39;299.19;13.73;1101;60;4482.00;93
11885;56;626587370;11885;376;12985;13078;6.46;0.40;299.18;13.73;1100;60;4483.00;93
11885;56;626587384;11885;367;12986;13078;6.53;0.40;299.18;13.73;1101;60;4484.00;92
11889;56;626587407;11889;373;12989;13082;6.50;0.40;299.12;13.73;1100;60;4485.00;93
11890;56;626587425;11890;363;12991;13083;6.53;0.40;299.11;13.73;1101;60;4486.00;92
11892;56;626587442;11892;353;12991;13083;6.57;0.40;299.09;13.73;1099;60;4487.00;92
11892;56;626587463;11892;352;12995;13087;6.66;0.41;299.09;13.73;1103;60;4488.00;92
11895;56;626587485;11895;341;12995;13087;6.68;0.41;299.05;13.73;1100;60;4489.00;92
11897;56;626587500;11897;333;12995;13087;6.74;0.41;299.03;13.73;1098;60;4490.00;92
11900;56;626587516;11900;329;12996;13088;6.80;0.41;299.01;13.73;1096;60;4491.00;92
11902;56;626587531;11902;331;12996;13088;6.87;0.42;298.99;13.73;1094;60;4492.00;92
11904;56;626587546;11904;329;13000;13094;6.89;0.42;298.98;13.72;1096;60;4493.00;94
11904;56;626587561;11904;325;13000;13094;6.93;0.42;298.98;13.72;1096;60;4494.00;94
11904;56;626587578;11904;329;13001;13095;6.93;0.42;298.98;13.72;1097;60;4495.00;94
11906;56;626587593;11906;328;13001;13095;6.92;0.42;299.00;13.72;1095;60;4496.00;94
11907;57;626587608;11907;324;13001;13095;6.92;0.42;298.98;13.72;1094;61;4497.00;94
11912;57;626587630;11912;328;13001;13095;6.85;0.42;299.04;13.72;1089;61;4498.00;94
11913;57;626587651;11913;328;13001;13095;6.81;0.41;299.07;13.72;1088;61;4499.00;94
11915;57;626587668;11915;328;13024;13145;6.78;0.41;299.12;13.70;1109;61;4500.00;121
11921;57;626587692;11921;327;13025;13147;6.70;0.41;299.17;13.70;1104;61;4501.00;122
11923;57;626587707;11923;329;13027;13147;6.67;0.41;299.22;13.69;1104;61;4502.00;120
11925;57;626587721;11925;335;13027;13147;6.64;0.41;299.20;13.69;1102;61;4503.00;120
11927;57;626587735;11927;342;13029;13147;6.64;0.41;299.26;13.69;1102;61;4504.00;118
11930;57;626587750;11930;347;13030;13147;6.60;0.40;299.29;13.69;1100;61;4505.00;117
11932;57;626587765;11932;347;13035;13151;6.63;0.41;299.32;13.69;1103;61;4506.00;116
11935;57;626587781;11935;356;13036;13151;6.62;0.40;299.34;13.69;1101;61;4507.00;115
11937;57;626587794;11937;362;13039;13155;6.58;0.40;299.32;13.68;1102;61;4508.00;116
11942;57;626587809;11942;369;13041;13156;6.52;0.40;299.40;13.68;1099;61;4509.00;115
11944;57;626587822;11944;358;13041;13156;6.48;0.40;299.45;13.68;1097;61;4510.00;115
11948;57;626587836;11948;348;13041;13156;6.39;0.39;299.49;13.68;1093;61;4511.00;115
11950;57;626587849;11950;350;13049;13169;6.34;0.39;299.54;13.68;1099;61;4512.00;120
11953;57;626587864;11953;344;13049;13169;6.27;0.38;299.54;13.68;1096;61;4513.00;120
11959;57;626587877;11959;341;13049;13169;6.21;0.38;299.58;13.68;1090;61;4514.00;120
11962;57;626587891;11962;350;13051;13170;6.23;0.38;299.65;13.67;1089;61;4515.00;119
11964;57;626587910;11964;339;13051;13171;6.25;0.38;299.71;13.67;1087;61;4516.00;120
11970;57;626587923;11970;336;13051;13171;6.22;0.38;299.79;13.67;1081;61;4517.00;120
11973;57;626587937;11973;336;13054;13174;6.25;0.38;299.79;13.67;1081;61;4518.00;120
11975;57;626587950;11975;325;13054;13174;6.29;0.38;299.88;13.67;1079;61;4519.00;120
11977;57;626587963;11977;315;13054;13174;6.33;0.39;299.92;13.67;1077;61;4520.00;120
11983;57;626587977;11983;311;13055;13174;6.28;0.38;299.94;13.67;1072;61;4521.00;119
11985;57;626587990;11985;300;13058;13180;6.25;0.38;299.97;13.67;1073;61;4522.00;122
11988;57;626588004;11988;287;13058;13180;6.24;0.38;300.01;13.67;1070;61;4523.00;122
11988;57;626588017;11988;286;13059;13180;6.31;0.38;300.01;13.67;1071;61;4524.00;121
11992;57;626588029;11992;279;13061;13180;6.29;0.38;300.10;13.70;1069;61;4525.00;119
11995;57;626588044;11995;271;13064;13184;6.30;0.38;300.16;13.70;1069;61;4526.00;120
11997;57;626588057;11997;272;13066;13185;6.33;0.38;300.17;13.70;1069;61;4527.00;119
12002;57;626588071;12002;269;13066;13185;6.33;0.38;300.17;13.70;1064;61;4528.00;119
12007;57;626588085;12007;271;13068;13186;6.40;0.39;300.17;13.70;1061;61;4529.00;118
12008;57;626588100;12008;270;13068;13186;6.51;0.40;300.15;13.70;1060;61;4530.00;118
12012;57;626588113;12012;264;13068;13186;6.53;0.40;300.31;13.70;1056;61;4531.00;118
12016;57;626588127;12016;260;13069;13186;6.48;0.39;300.37;13.70;1053;61;4532.00;117
12018;57;626588140;12018;262;13069;13186;6.50;0.39;300.43;13.70;1051;61;4533.00;117
12022;57;626588153;12022;263;13071;13186;6.50;0.39;300.47;13.70;1049;61;4534.00;115
12027;57;626588167;12027;255;13071;13186;6.55;0.40;300.50;13.70;1044;61;4535.00;115
12030;57;626588180;12030;255;13105;13256;6.66;0.41;300.60;13.67;1075;61;4536.00;151
12033;57;626588201;12033;255;13108;13257;6.66;0.41;300.64;13.67;1075;61;4537.00;149
12034;57;626588215;12034;255;13114;13257;6.72;0.41;300.67;13.66;1080;61;4538.00;143
12039;57;626588228;12039;254;13119;13257;6.78;0.41;300.74;13.66;1080;61;4539.00;138
12041;57;626588242;12041;256;13126;13257;6.82;0.41;300.79;13.66;1085;61;4540.00;131
12047;57;626588255;12047;250;13128;13257;6.87;0.42;300.80;13.66;1081;61;4541.00;129
12048;57;626588270;12048;246;13134;13257;6.98;0.42;300.86;13.66;1086;61;4542.00;123
12050;57;626588283;12050;245;13136;13257;7.04;0.43;300.88;13.66;1086;61;4543.00;121
12052;57;626588296;12052;248;13139;13258;7.14;0.43;300.86;13.66;1087;61;4544.00;119
12053;57;626588310;12053;241;13142;13260;7.18;0.44;300.91;13.66;1089;61;4545.00;118
12055;57;626588324;12055;240;13145;13260;7.20;0.44;300.92;13.66;1090;61;4546.00;115
12059;58;626588338;12059;239;13149;13264;7.17;0.43;300.91;13.66;1090;62;4547.00;115
12064;58;626588368;12064;235;13149;13264;7.16;0.43;300.97;13.66;1085;62;4548.00;115
12066;58;626588382;12066;236;13150;13264;7.17;0.43;300.96;13.66;1084;62;4549.00;114
12068;58;626588397;12068;233;13151;13264;7.20;0.44;301.00;13.67;1083;62;4550.00;113
12073;58;626588412;12073;244;13157;13270;7.24;0.44;300.99;13.69;1084;62;4551.00;113
12075;58;626588426;12075;244;13159;13270;7.30;0.44;301.03;13.69;1084;62;4552.00;111
12077;58;626588441;12077;249;13162;13270;7.31;0.44;301.08;13.72;1085;62;4553.00;108
12079;58;626588454;12079;249;13164;13273;7.35;0.44;301.10;13.72;1085;62;4554.00;109
12080;58;626588469;12080;251;13168;13273;7.33;0.44;301.12;13.74;1088;62;4555.00;105
12084;58;626588485;12084;246;13168;13273;7.32;0.44;301.17;13.74;1084;62;4556.00;105
12085;58;626588500;12085;252;13170;13274;7.30;0.44;301.16;13.77;1085;62;4557.00;104
12087;58;626588514;12087;255;13173;13275;7.31;0.44;301.20;13.80;1086;62;4558.00;102
12088;58;626588528;12088;259;13173;13275;7.28;0.44;301.26;13.80;1085;62;4559.00;102
12090;58;626588544;12090;266;13192;13301;7.28;0.44;301.27;13.81;1102;62;4560.00;109
12094;58;626588560;12094;268;13194;13301;7.33;0.44;301.27;13.82;1100;62;4561.00;107
12095;58;626588574;12095;269;13197;13301;7.39;0.45;301.30;13.83;1102;62;4562.00;104
12097;58;626588587;12097;277;13200;13302;7.42;0.45;301.40;13.85;1103;62;4563.00;102
12101;58;626588601;12101;284;13200;13302;7.38;0.45;301.40;13.85;1099;62;4564.00;102
12102;58;626588615;12102;284;13205;13306;7.38;0.45;301.39;13.87;1103;62;4565.00;101
12104;58;626588629;12104;289;13206;13306;7.29;0.44;301.44;13.87;1102;62;4566.00;100
12107;58;626588642;12107;294;13209;13310;7.17;0.44;301.44;13.86;1102;62;4567.00;101
12108;58;626588656;12108;300;13211;13310;7.01;0.43;301.47;13.89;1103;62;4568.00;99
12112;58;626588669;12112;299;13211;13310;6.89;0.42;301.48;13.89;1099;62;4569.00;99
12114;58;626588682;12114;301;13211;13310;6.83;0.42;301.57;13.89;1097;62;4570.00;99
12117;58;626588695;12117;299;13213;13310;6.80;0.41;301.58;13.91;1096;62;4571.00;97
12120;58;626588708;12120;299;13224;13322;6.82;0.41;301.66;13.91;1104;62;4572.00;98
12122;58;626588722;12122;293;13225;13322;6.78;0.41;301.77;13.92;1103;62;4573.00;97
12124;58;626588738;12124;292;13226;13322;6.77;0.41;301.84;13.92;1102;62;4574.00;96
12127;58;626588754;12127;294;13228;13322;6.72;0.41;301.97;13.94;1101;62;4575.00;94
12130;58;626588767;12130;296;13228;13322;6.69;0.41;302.03;13.94;1098;62;4576.00;94
12131;58;626588780;12131;300;13228;13322;6.68;0.41;302.04;13.94;1097;62;4577.00;94
12134;58;626588792;12134;305;13229;13323;6.64;0.40;302.13;13.94;1095;62;4578.00;94
12136;58;626588805;12136;310;13233;13323;6.66;0.41;302.14;13.98;1097;62;4579.00;90
12138;58;626588817;12138;317;13237;13329;6.64;0.41;302.20;13.98;1099;62;4580.00;92
12142;58;626588831;12142;316;13240;13330;6.56;0.40;302.30;14.00;1098;62;4581.00;90
12145;58;626588844;12145;321;13241;13330;6.43;0.39;302.36;13.99;1096;62;4582.00;89
12149;58;626588856;12149;326;13241;13330;6.31;0.38;302.33;13.99;1092;62;4583.00;89
12151;58;626588868;12151;328;13246;13334;6.19;0.38;302.31;14.01;1095;62;4584.00;88
12158;58;626588880;12158;339;13246;13334;6.04;0.37;302.32;14.01;1088;62;4585.00;88
12161;58;626588892;12161;348;13248;13334;5.89;0.36;302.29;14.02;1087;62;4586.00;86
12164;58;626588903;12164;352;13249;13335;5.83;0.36;302.34;14.02;1085;62;4587.00;86
12170;58;626588915;12170;361;13253;13339;5.72;0.35;302.31;14.03;1083;62;4588.00;86
12171;58;626588927;12171;369;13254;13339;5.64;0.34;302.31;14.04;1083;62;4589.00;85
12174;58;626588940;12174;369;13257;13345;5.59;0.34;302.33;14.03;1083;62;4590.00;88
12177;58;626588951;12177;371;13257;13345;5.48;0.33;302.33;14.03;1080;62;4591.00;88
12183;58;626588962;12183;366;13260;13345;5.41;0.33;302.28;14.05;1077;62;4592.00;85
12186;58;626588974;12186;368;13260;13345;5.39;0.33;302.28;14.05;1074;62;4593.00;85
12190;58;626588985;12190;371;13265;13349;5.42;0.33;302.30;14.06;1075;62;4594.00;84
12191;58;626588996;12191;383;13265;13349;5.44;0.33;302.28;14.06;1074;62;4595.00;84
12196;58;626589007;12196;390;13266;13349;5.38;0.33;302.25;14.06;1070;62;4596.00;83
12199;58;626589019;12199;383;13268;13349;5.36;0.33;302.25;14.08;1069;62;4597.00;81
12201;58;626589030;12201;388;13269;13350;5.41;0.33;302.28;14.07;1068;62;4598.00;81
12201;58;626589041;12201;387;13270;13351;5.50;0.34;302.28;14.07;1069;62;4599.00;81
12205;58;626589054;12205;386;13273;13351;5.48;0.34;302.27;14.09;1068;62;4600.00;78
12207;58;626589069;12207;390;13274;13352;5.54;0.34;302.27;14.09;1067;62;4601.00;78
12211;58;626589081;12211;390;13274;13352;5.52;0.34;302.25;14.09;1063;62;4602.00;78
12215;58;626589093;12215;388;13274;13352;5.48;0.34;302.21;14.09;1059;62;4603.00;78
12218;58;626589104;12218;391;13274;13352;5.51;0.34;302.21;14.09;1056;62;4604.00;78
12221;58;626589116;12221;393;13274;13352;5.50;0.34;302.16;14.09;1053;62;4605.00;78
12225;58;626589128;12225;395;13274;13352;5.53;0.34;302.11;14.09;1049;62;4606.00;78
12229;58;626589139;12229;392;13274;13352;5.51;0.34;302.10;14.09;1045;62;4607.00;78
12233;58;626589150;12233;395;13341;13479;6.02;0.37;302.05;14.07;1108;62;4608.00;138
12237;58;626589179;12237;393;13342;13480;5.98;0.37;302.03;14.07;1105;62;4609.00;138
12242;58;626589204;12242;395;13351;13480;5.98;0.37;302.01;14.07;1109;62;4610.00;129
12243;58;626589225;12243;397;13355;13480;5.96;0.37;302.00;14.06;1112;62;4611.00;125
12247;58;626589244;12247;405;13362;13480;5.95;0.37;302.00;14.06;1115;62;4612.00;118
12251;58;626589262;12251;410;13365;13480;5.87;0.36;301.96;14.05;1114;62;4613.00;115
12254;58;626589287;12254;405;13370;13480;5.83;0.36;301.96;14.05;1116;62;4614.00;110
12258;58;626589302;12258;404;13374;13480;5.78;0.36;301.93;14.05;1116;62;4615.00;106
12261;58;626589315;12261;410;13379;13481;5.70;0.35;301.93;14.05;1118;62;4616.00;102
12263;58;626589330;12263;416;13381;13482;5.64;0.35;301.92;14.05;1118;62;4617.00;101
12266;58;626589345;12266;426;13385;13482;5.62;0.35;301.91;14.04;1119;62;4618.00;97
12269;58;626589359;12269;439;13386;13483;5.57;0.34;301.88;14.04;1117;62;4619.00;97
12273;58;626589375;12273;436;13387;13483;5.52;0.34;301.88;14.04;1114;62;4620.00;96
12276;58;626589389;12276;441;13389;13483;5.48;0.34;301.87;14.04;1113;62;4621.00;94
12277;58;626589402;12277;451;13390;13483;5.43;0.34;301.87;14.04;1113;62;4622.00;93
12282;58;626589423;12282;453;13393;13487;5.43;0.34;301.87;14.04;1111;62;4623.00;94
12287;58;626589437;12287;461;13394;13487;5.36;0.33;301.96;14.04;1107;62;4624.00;93
12290;58;626589450;12290;464;13396;13487;5.34;0.33;301.91;14.04;1106;62;4625.00;91
12291;58;626589463;12291;462;13398;13490;5.30;0.33;301.91;14.04;1107;62;4626.00;92
12294;58;626589478;12294;457;13399;13490;5.30;0.33;301.89;14.04;1105;62;4627.00;91
12295;58;626589492;12295;455;13400;13490;5.37;0.33;301.89;14.04;1105;62;4628.00;90
12301;58;626589506;12301;447;13405;13494;5.42;0.33;301.87;14.09;1104;62;4629.00;89
12303;58;626589520;12303;445;13406;13495;5.46;0.34;301.85;14.09;1103;62;4630.00;89
12305;58;626589534;12305;441;13407;13495;5.50;0.34;301.84;14.09;1102;62;4631.00;88
12307;58;626589547;12307;437;13410;13499;5.52;0.34;301.82;14.09;1103;62;4632.00;89
12308;58;626589567;12308;445;13410;13499;5.53;0.34;301.81;14.09;1102;62;4633.00;89
12311;58;626589580;12311;442;13410;13499;5.56;0.34;301.76;14.09;1099;62;4634.00;89
12315;58;626589594;12315;433;13412;13501;5.62;0.34;301.77;14.09;1097;62;4635.00;89
12318;58;626589608;12318;436;13412;13501;5.62;0.34;301.73;14.09;1094;62;4636.00;89
12320;58;626589622;12320;428;13416;13507;5.71;0.35;301.70;14.08;1096;62;4637.00;91
12324;58;626589637;12324;414;13416;13507;5.70;0.35;301.70;14.08;1092;62;4638.00;91
12325;58;626589652;12325;411;13417;13508;5.76;0.35;301.68;14.08;1092;62;4639.00;91
12326;58;626589672;12326;410;13417;13508;5.83;0.36;301.67;14.08;1091;62;4640.00;91
12329;58;626589693;12329;402;13417;13508;5.90;0.36;301.62;14.08;1088;62;4641.00;91
12332;58;626589710;12332;400;13417;13508;5.95;0.36;301.66;14.08;1085;62;4642.00;91
12333;58;626589732;12333;404;13417;13508;6.02;0.37;301.65;14.08;1084;62;4643.00;91
12336;58;626589747;12336;409;13427;13520;6.20;0.38;301.70;14.07;1091;62;4644.00;93
12338;58;626589762;12338;417;13428;13520;6.33;0.38;301.69;14.07;1090;62;4645.00;92
12341;58;626589776;12341;401;13428;13520;6.43;0.39;301.68;14.07;1087;62;4646.00;92
12342;58;626589791;12342;385;13428;13520;6.55;0.40;301.68;14.07;1086;62;4647.00;92
12345;58;626589806;12345;377;13428;13520;6.66;0.40;301.76;14.07;1083;62;4648.00;92
12346;58;626589820;12346;376;13428;13520;6.76;0.41;301.79;14.07;1082;62;4649.00;92
12348;58;626589837;12348;374;13433;13526;6.85;0.41;301.83;14.07;1085;62;4650.00;93
12351;58;626589853;12351;364;13433;13526;6.88;0.42;301.84;14.07;1082;62;4651.00;93
12355;58;626589875;12355;361;13437;13530;6.91;0.42;301.85;14.06;1082;62;4652.00;93
12359;58;626589891;12359;353;13438;13531;6.91;0.42;301.90;14.06;1079;62;4653.00;93
12360;58;626589907;12360;353;13438;13531;6.92;0.42;301.90;14.06;1078;62;4654.00;93
12362;58;626589922;12362;352;13438;13531;6.92;0.42;301.94;14.06;1076;62;4655.00;93
12364;58;626589937;12364;358;13449;13544;6.89;0.42;301.94;14.05;1085;62;4656.00;95
12366;58;626589953;12366;361;13449;13544;6.88;0.42;301.92;14.05;1083;62;4657.00;95
12368;58;626589969;12368;358;13449;13544;6.84;0.41;301.91;14.05;1081;62;4658.00;95
12371;58;626589984;12371;354;13450;13545;6.81;0.41;301.96;14.05;1079;62;4659.00;95
12373;58;626589999;12373;351;13450;13546;6.80;0.41;302.01;14.05;1077;62;4660.00;96
12376;58;626590014;12376;349;13450;13546;6.80;0.41;302.03;14.05;1074;62;4661.00;96
12381;58;626590029;12381;348;13452;13549;6.79;0.41;302.11;14.05;1071;62;4662.00;97
12384;58;626590044;12384;347;13453;13549;6.80;0.41;302.15;14.05;1069;62;4663.00;96
12389;58;626590058;12389;337;13454;13549;6.76;0.41;302.18;14.11;1065;62;4664.00;95
12393;58;626590073;12393;342;13454;13549;6.76;0.41;302.23;14.11;1061;62;4665.00;95
12397;58;626590087;12397;340;13458;13555;6.75;0.41;302.27;14.10;1061;62;4666.00;97
12400;58;626590102;12400;345;13458;13555;6.70;0.40;302.37;14.10;1058;62;4667.00;97
12402;58;626590116;12402;350;13459;13555;6.65;0.40;302.41;14.10;1057;62;4668.00;96
12403;58;626590130;12403;349;13459;13555;6.66;0.40;302.40;14.10;1056;62;4669.00;96
12406;58;626590144;12406;354;13462;13559;6.62;0.40;302.53;14.10;1056;62;4670.00;97
12410;58;626590159;12410;359;13463;13560;6.62;0.40;302.57;14.10;1053;62;4671.00;97
12412;58;626590174;12412;362;13463;13560;6.63;0.40;302.58;14.10;1051;62;4672.00;97
12415;58;626590187;12415;366;13464;13561;6.64;0.40;302.65;14.10;1049;62;4673.00;97
12417;58;626590202;12417;377;13464;13561;6.62;0.40;302.67;14.10;1047;62;4674.00;97
12420;58;626590215;12420;379;13464;13561;6.56;0.40;302.68;14.10;1044;62;4675.00;97
12423;58;626590229;12423;381;13464;13561;6.54;0.40;302.74;14.10;1041;62;4676.00;97
12424;58;626590241;12424;380;13464;13561;6.53;0.40;302.77;14.10;1040;62;4677.00;97
12424;58;626590254;12424;390;13464;13561;6.51;0.39;302.77;14.10;1040;62;4678.00;97
12427;58;626590267;12427;397;13464;13561;6.44;0.39;302.82;14.10;1037;62;4679.00;97
12429;58;626590282;12429;412;13529;13686;6.42;0.39;302.89;14.03;1100;62;4680.00;157
12432;58;626590304;12432;400;13530;13687;6.44;0.40;302.95;14.09;1098;62;4681.00;157
12435;58;626590319;12435;387;13538;13687;6.53;0.40;302.97;14.08;1103;62;4682.00;149
12438;58;626590332;12438;379;13541;13687;6.55;0.40;302.97;14.08;1103;62;4683.00;146
12441;58;626590346;12441;377;13544;13687;6.58;0.40;302.99;14.07;1103;62;4684.00;143
12444;58;626590360;12444;370;13545;13687;6.63;0.41;303.02;14.07;1101;62;4685.00;142
12448;58;626590374;12448;366;13550;13687;6.64;0.41;303.05;14.07;1102;62;4686.00;137
12449;58;626590388;12449;355;13551;13687;6.64;0.41;303.05;14.07;1102;62;4687.00;136
12452;58;626590401;12452;358;13556;13688;6.69;0.41;303.09;14.07;1104;62;4688.00;132
12454;58;626590415;12454;353;13559;13689;6.68;0.41;303.10;14.07;1105;62;4689.00;130
12457;58;626590428;12457;351;13563;13689;6.68;0.41;303.14;14.07;1106;62;4690.00;126
12461;58;626590442;12461;350;13567;13693;6.61;0.41;303.18;14.06;1106;62;4691.00;126
12465;58;626590461;12465;339;13569;13693;6.53;0.40;303.17;14.06;1104;62;4692.00;124
12469;58;626590475;12469;335;13569;13693;6.44;0.39;303.18;14.06;1100;62;4693.00;124
12474;58;626590494;12474;335;13569;13693;6.35;0.39;303.20;14.06;1095;62;4694.00;124
12476;58;626590508;12476;332;13576;13699;6.31;0.39;303.18;14.14;1100;62;4695.00;123
12480;58;626590524;12480;327;13576;13699;6.30;0.39;303.23;14.14;1096;62;4696.00;123
12484;58;626590537;12484;325;13577;13699;6.24;0.38;303.25;14.14;1093;62;4697.00;122
12487;58;626590555;12487;318;13581;13702;6.32;0.39;303.27;14.19;1094;62;4698.00;121
12494;58;626590569;12494;322;13582;13702;6.30;0.39;303.30;14.19;1088;62;4699.00;120
12500;58;626590584;12500;317;13582;13702;6.30;0.39;303.32;14.19;1082;62;4700.00;120
12503;58;626590601;12503;307;13583;13703;6.34;0.39;303.36;14.25;1080;62;4701.00;120
12505;58;626590615;12505;309;13584;13704;6.42;0.39;303.33;14.24;1079;62;4702.00;120
12510;58;626590628;12510;305;13585;13704;6.43;0.39;303.37;14.30;1075;62;4703.00;119
12513;58;626590644;12513;291;13594;13717;6.51;0.40;303.36;14.29;1081;62;4704.00;123
12518;58;626590659;12518;288;13594;13717;6.50;0.40;303.35;14.29;1076;62;4705.00;123
12518;58;626590674;12518;281;13595;13717;6.60;0.40;303.35;14.34;1077;62;4706.00;122
12522;58;626590688;12522;276;13597;13718;6.66;0.40;303.40;14.34;1075;62;4707.00;121
12524;58;626590702;12524;273;13598;13718;6.66;0.40;303.39;14.40;1074;62;4708.00;120
12524;58;626590716;12524;267;13600;13722;6.75;0.41;303.39;14.39;1076;62;4709.00;122
12527;58;626590740;12527;269;13602;13722;6.79;0.41;303.46;14.39;1075;62;4710.00;120
12530;58;626590753;12530;265;13606;13726;6.79;0.41;303.48;14.39;1076;62;4711.00;120
12532;58;626590767;12532;264;13607;13726;6.85;0.42;303.49;14.39;1075;62;4712.00;119
12534;58;626590780;12534;256;13607;13726;6.85;0.42;303.50;14.39;1073;62;4713.00;119
12536;58;626590794;12536;255;13608;13726;6.84;0.42;303.47;14.39;1072;62;4714.00;118
12538;58;626590808;12538;254;13608;13726;6.88;0.42;303.50;14.39;1070;62;4715.00;118
12541;58;626590823;12541;255;13617;13738;6.96;0.42;303.61;14.38;1076;62;4716.00;121
12541;58;626590837;12541;259;13618;13738;7.02;0.43;303.61;14.39;1077;62;4717.00;120
12545;58;626590851;12545;261;13620;13738;7.01;0.43;303.62;14.38;1075;62;4718.00;118
12548;58;626590870;12548;277;13621;13738;7.01;0.43;303.67;14.40;1073;62;4719.00;117
12550;58;626590884;12550;281;13622;13738;7.02;0.43;303.69;14.41;1072;62;4720.00;116
12551;58;626590897;12551;292;13624;13738;7.05;0.43;303.69;14.41;1073;62;4721.00;114
12555;58;626590911;12555;289;13624;13739;7.03;0.43;303.72;14.41;1069;62;4722.00;115
12555;58;626590924;12555;290;13625;13739;7.05;0.43;303.72;14.43;1070;62;4723.00;114
12559;58;626590939;12559;287;13630;13745;7.11;0.43;303.72;14.44;1071;62;4724.00;115
12560;58;626590953;12560;292;13633;13747;7.12;0.43;303.78;14.44;1073;62;4725.00;114
12562;58;626590967;12562;298;13636;13747;7.10;0.43;303.81;14.48;1074;62;4726.00;111
12565;58;626590981;12565;300;13636;13747;7.04;0.43;303.83;14.48;1071;62;4727.00;111
12567;58;626590994;12567;304;13640;13751;7.02;0.43;303.84;14.49;1073;62;4728.00;111
12569;58;626591007;12569;307;13642;13751;6.96;0.43;303.86;14.51;1073;62;4729.00;109
12572;58;626591021;12572;308;13643;13751;6.96;0.42;303.89;14.53;1071;62;4730.00;108
12578;58;626591034;12578;308;13645;13752;6.95;0.42;303.86;14.54;1067;62;4731.00;107
12580;58;626591048;12580;311;13649;13756;6.94;0.42;303.89;14.55;1069;62;4732.00;107
12583;58;626591061;12583;303;13650;13756;6.94;0.42;303.95;14.56;1067;62;4733.00;106
12586;58;626591074;12586;300;13652;13759;6.94;0.42;303.96;14.56;1066;62;4734.00;107
12591;58;626591087;12591;298;13655;13759;6.94;0.42;303.99;14.58;1064;62;4735.00;104
12592;58;626591101;12592;298;13656;13759;6.91;0.42;304.02;14.59;1064;62;4736.00;103
12593;58;626591113;12593;304;13656;13759;6.86;0.42;304.07;14.59;1063;62;4737.00;103
12595;58;626591125;12595;317;13661;13763;6.77;0.41;304.06;14.61;1066;62;4738.00;102
12599;58;626591139;12599;311;13662;13763;6.73;0.41;304.07;14.61;1063;62;4739.00;101
12600;58;626591153;12600;308;13663;13763;6.69;0.41;304.11;14.62;1063;62;4740.00;100
12602;58;626591170;12602;302;13663;13763;6.64;0.40;304.10;14.62;1061;62;4741.00;100
12604;58;626591187;12604;303;13665;13764;6.60;0.40;304.19;14.64;1061;62;4742.00;99
12604;58;626591208;12604;306;13667;13765;6.59;0.40;304.19;14.65;1063;62;4743.00;98
12606;58;626591228;12606;301;13667;13765;6.60;0.40;304.23;14.65;1061;62;4744.00;98
12607;59;626591248;12607;301;13670;13766;6.61;0.40;304.24;14.67;1063;63;4745.00;96
12610;59;626591288;12610;300;13670;13766;6.58;0.40;304.21;14.67;1060;63;4746.00;96
12611;59;626591306;12611;309;13671;13766;6.53;0.40;304.19;14.68;1060;63;4747.00;95
12613;59;626591320;12613;306;13671;13766;6.52;0.40;304.17;14.68;1058;63;4748.00;95
12616;59;626591333;12616;318;13672;13766;6.44;0.39;304.11;14.68;1056;63;4749.00;94
12617;59;626591346;12617;318;13673;13766;6.38;0.39;304.10;14.69;1056;63;4750.00;93
12619;59;626591359;12619;327;13674;13766;6.30;0.38;304.09;14.70;1055;63;4751.00;92
12621;59;626591372;12621;349;13737;13893;6.50;0.40;304.08;14.64;1116;63;4752.00;156
12623;59;626591395;12623;356;13740;13894;6.41;0.40;304.06;14.65;1117;63;4753.00;154
12626;59;626591408;12626;355;13751;13894;6.44;0.40;304.02;14.64;1125;63;4754.00;143
12628;59;626591420;12628;359;13757;13894;6.44;0.40;303.99;14.64;1129;63;4755.00;137
12632;59;626591433;12632;371;13764;13894;6.36;0.39;303.97;14.64;1132;63;4756.00;130
12635;59;626591445;12635;376;13770;13894;6.26;0.39;303.92;14.65;1135;63;4757.00;124
12637;59;626591458;12637;375;13776;13894;6.16;0.38;303.93;14.64;1139;63;4758.00;118
12641;59;626591472;12641;389;13783;13894;6.02;0.37;303.93;14.66;1142;63;4759.00;111
12644;59;626591485;12644;387;13784;13895;5.94;0.37;303.90;14.66;1140;63;4760.00;111
12648;59;626591498;12648;383;13786;13896;5.90;0.36;303.89;14.65;1138;63;4761.00;110
12649;59;626591511;12649;380;13791;13896;5.90;0.37;303.89;14.66;1142;63;4762.00;105
12652;59;626591523;12652;386;13792;13897;5.84;0.36;303.87;14.66;1140;63;4763.00;105
12656;59;626591537;12656;390;13795;13897;5.76;0.36;303.99;14.67;1139;63;4764.00;102
12657;59;626591550;12657;403;13797;13897;5.69;0.35;303.97;14.68;1140;63;4765.00;100
12660;59;626591563;12660;406;13800;13897;5.64;0.35;303.94;14.68;1140;63;4766.00;97
12661;59;626591575;12661;412;13804;13901;5.64;0.35;303.95;14.69;1143;63;4767.00;97
12665;59;626591588;12665;412;13806;13901;5.63;0.35;304.01;14.69;1141;63;4768.00;95
12667;59;626591604;12667;417;13806;13901;5.59;0.34;304.03;14.69;1139;63;4769.00;95
12668;59;626591618;12668;422;13810;13907;5.59;0.34;304.04;14.68;1142;63;4770.00;97
12673;59;626591632;12673;428;13810;13907;5.54;0.34;303.98;14.68;1137;63;4771.00;97
12676;59;626591644;12676;431;13811;13907;5.55;0.34;303.99;14.68;1135;63;4772.00;96
12679;59;626591657;12679;429;13813;13911;5.58;0.34;303.99;14.68;1134;63;4773.00;98
12682;59;626591670;12682;433;13816;13912;5.62;0.35;303.96;14.68;1134;63;4774.00;96
12688;59;626591684;12688;434;13816;13912;5.60;0.34;303.93;14.68;1128;63;4775.00;96
12690;59;626591697;12690;441;13820;13916;5.63;0.35;303.93;14.68;1130;63;4776.00;96
12692;59;626591710;12692;439;13820;13916;5.56;0.34;303.90;14.68;1128;63;4777.00;96
12696;59;626591722;12696;445;13821;13916;5.48;0.34;303.86;14.68;1125;63;4778.00;95
12699;59;626591735;12699;439;13822;13917;5.41;0.33;303.85;14.67;1123;63;4779.00;95
12703;59;626591748;12703;427;13823;13917;5.39;0.33;303.82;14.67;1120;63;4780.00;94
12706;59;626591761;12706;424;13826;13923;5.36;0.33;303.78;14.67;1120;63;4781.00;97
12707;59;626591781;12707;426;13827;13923;5.44;0.33;303.77;14.67;1120;63;4782.00;96
12710;59;626591794;12710;428;13827;13924;5.51;0.34;303.76;14.67;1117;63;4783.00;97
12714;60;626591807;12714;423;13828;13924;5.56;0.34;303.75;14.67;1114;64;4784.00;96
12717;60;626591834;12717;416;13828;13924;5.61;0.34;303.76;14.67;1111;64;4785.00;96
12720;60;626591853;12720;407;13828;13924;5.70;0.35;303.75;14.67;1108;64;4786.00;96
12724;60;626591867;12724;406;13828;13924;5.74;0.35;303.84;14.67;1104;64;4787.00;96
12730;60;626591880;12730;413;13837;13936;5.83;0.36;303.79;14.66;1107;64;4788.00;99
12734;60;626591895;12734;402;13837;13936;5.90;0.36;303.80;14.66;1103;64;4789.00;99
12738;60;626591909;12738;402;13839;13936;5.99;0.37;303.76;14.66;1101;64;4790.00;97
12739;60;626591923;12739;402;13839;13936;6.05;0.37;303.76;14.66;1100;64;4791.00;97
12739;60;626591937;12739;407;13839;13936;6.13;0.38;303.76;14.66;1100;64;4792.00;97
12746;60;626591951;12746;411;13839;13936;6.10;0.37;303.79;14.66;1093;64;4793.00;97
12747;60;626591972;12747;413;13842;13940;6.17;0.38;303.78;14.66;1095;64;4794.00;98
12753;60;626591986;12753;420;13843;13940;6.13;0.37;303.76;14.71;1090;64;4795.00;97
12755;60;626592000;12755;426;13846;13944;6.07;0.37;303.79;14.71;1091;64;4796.00;98
12757;60;626592014;12757;427;13847;13945;6.05;0.37;303.79;14.71;1090;64;4797.00;98
12760;60;626592028;12760;428;13848;13945;6.03;0.37;303.81;14.71;1088;64;4798.00;97
12763;60;626592042;12763;436;13848;13945;6.01;0.37;303.84;14.71;1085;64;4799.00;97
12764;60;626592058;12764;443;13869;13986;6.07;0.37;303.83;14.69;1105;64;4800.00;117
12768;60;626592079;12768;443;13870;13986;6.01;0.37;303.84;14.69;1102;64;4801.00;116
12770;60;626592093;12770;446;13872;13986;5.99;0.37;303.88;14.68;1102;64;4802.00;114
12775;60;626592107;12775;450;13873;13987;5.97;0.36;303.96;14.68;1098;64;4803.00;114
12775;60;626592122;12775;459;13874;13988;5.99;0.37;303.96;14.68;1099;64;4804.00;114
12781;60;626592136;12781;462;13875;13988;5.97;0.36;303.95;14.68;1094;64;4805.00;113
12784;60;626592151;12784;479;13878;13991;5.94;0.36;303.94;14.68;1094;64;4806.00;113
12787;60;626592165;12787;468;13881;13991;5.86;0.36;303.88;14.68;1094;64;4807.00;110
12788;60;626592179;12788;459;13882;13991;5.87;0.36;303.89;14.68;1094;64;4808.00;109
12790;60;626592193;12790;454;13882;13991;5.88;0.36;303.91;14.68;1092;64;4809.00;109
12793;60;626592207;12793;445;13887;13997;5.87;0.36;303.95;14.67;1094;64;4810.00;110
12798;60;626592222;12798;441;13888;13997;5.83;0.36;303.91;14.73;1090;64;4811.00;109
12801;60;626592241;12801;438;13889;13997;5.76;0.35;303.93;14.73;1088;64;4812.00;108
12805;60;626592260;12805;434;13890;13997;5.75;0.35;303.91;14.73;1085;64;4813.00;107
12809;60;626592274;12809;433;13893;14001;5.74;0.35;303.92;14.73;1084;64;4814.00;108
12810;60;626592288;12810;446;13895;14003;5.79;0.35;303.91;14.73;1085;64;4815.00;108
12814;60;626592301;12814;431;13895;14003;5.77;0.35;303.90;14.73;1081;64;4816.00;108
12817;60;626592315;12817;418;13896;14004;5.81;0.35;303.93;14.73;1079;64;4817.00;108
12820;60;626592329;12820;421;13897;14004;5.79;0.35;303.99;14.73;1077;64;4818.00;107
12823;60;626592342;12823;414;13897;14004;5.84;0.35;304.00;14.73;1074;64;4819.00;107
12826;60;626592356;12826;409;13897;14004;5.80;0.35;304.01;14.73;1071;64;4820.00;107
12828;60;626592369;12828;402;13897;14004;5.83;0.35;304.04;14.73;1069;64;4821.00;107
12831;60;626592382;12831;406;13897;14004;5.82;0.35;304.08;14.73;1066;64;4822.00;107
12834;60;626592395;12834;405;13898;14004;5.83;0.35;304.08;14.73;1064;64;4823.00;106
12837;60;626592408;12837;427;13941;14074;5.88;0.36;304.15;14.68;1104;64;4824.00;133
12838;60;626592433;12838;418;13941;14075;5.93;0.36;304.16;14.68;1103;64;4825.00;134
12843;60;626592453;12843;415;13945;14075;6.03;0.37;304.20;14.68;1102;64;4826.00;130
12846;60;626592469;12846;407;13948;14075;6.10;0.37;304.22;14.67;1102;64;4827.00;127
12848;60;626592482;12848;401;13953;14077;6.17;0.37;304.25;14.67;1105;64;4828.00;124
12850;60;626592496;12850;399;13957;14077;6.19;0.38;304.25;14.67;1107;64;4829.00;120
12850;60;626592512;12850;400;13961;14077;6.20;0.38;304.25;14.67;1111;64;4830.00;116
12852;60;626592525;12852;384;13962;14077;6.20;0.38;304.26;14.67;1110;64;4831.00;115
12854;60;626592539;12854;382;13964;14078;6.20;0.38;304.26;14.67;1110;64;4832.00;114
12858;60;626592553;12858;383;13965;14079;6.19;0.37;304.33;14.66;1107;64;4833.00;114
12859;60;626592566;12859;380;13966;14079;6.21;0.38;304.38;14.66;1107;64;4834.00;113
12859;60;626592580;12859;374;13972;14083;6.22;0.38;304.38;14.66;1113;64;4835.00;111
12860;60;626592593;12860;378;13972;14083;6.22;0.38;304.37;14.66;1112;64;4836.00;111
12863;60;626592607;12863;370;13972;14083;6.17;0.37;304.45;14.66;1109;64;4837.00;111
12868;60;626592620;12868;373;13972;14083;6.10;0.37;304.50;14.66;1104;64;4838.00;111
12870;60;626592634;12870;370;13977;14089;6.10;0.37;304.60;14.66;1107;64;4839.00;112
12874;60;626592648;12874;374;13978;14089;6.08;0.37;304.61;14.72;1104;64;4840.00;111
12874;60;626592661;12874;377;13979;14089;6.12;0.37;304.61;14.72;1105;64;4841.00;110
12876;60;626592674;12876;377;13982;14092;6.17;0.37;304.66;14.72;1106;64;4842.00;110
12878;60;626592688;12878;373;13982;14092;6.18;0.37;304.68;14.72;1104;64;4843.00;110
12878;60;626592702;12878;373;13982;14092;6.18;0.38;304.68;14.72;1104;64;4844.00;110
12879;60;626592714;12879;381;13982;14093;6.14;0.37;304.67;14.72;1103;64;4845.00;111
12880;60;626592727;12880;377;13983;14094;6.15;0.37;304.66;14.71;1103;64;4846.00;111
12880;60;626592741;12880;379;13983;14094;6.16;0.37;304.66;14.71;1103;64;4847.00;111
12881;60;626592753;12881;385;13993;14107;6.15;0.37;304.72;14.70;1112;64;4848.00;114
12884;60;626592768;12884;384;13993;14107;6.08;0.37;304.77;14.70;1109;64;4849.00;114
12888;60;626592781;12888;378;13993;14107;6.06;0.37;304.81;14.70;1105;64;4850.00;114
12888;60;626592795;12888;377;13994;14108;6.09;0.37;304.81;14.70;1106;64;4851.00;114
12888;60;626592807;12888;375;13994;14108;6.12;0.37;304.81;14.70;1106;64;4852.00;114
12891;60;626592821;12891;368;13997;14112;6.18;0.38;304.86;14.70;1106;64;4853.00;115
12896;60;626592835;12896;361;13998;14112;6.18;0.38;304.86;14.70;1102;64;4854.00;114
12900;60;626592853;12900;358;14002;14116;6.15;0.38;304.91;14.76;1102;64;4855.00;114
12903;60;626592867;12903;346;14002;14116;6.19;0.38;304.99;14.76;1099;64;4856.00;114
12905;60;626592881;12905;342;14002;14116;6.22;0.38;305.00;14.76;1097;64;4857.00;114
12907;60;626592893;12907;347;14003;14116;6.26;0.38;304.98;14.82;1096;64;4858.00;113
12909;60;626592906;12909;339;14003;14116;6.26;0.38;305.02;14.82;1094;64;4859.00;113
12911;60;626592920;12911;334;14022;14150;6.30;0.39;305.02;14.80;1111;64;4860.00;128
12915;60;626592936;12915;327;14023;14150;6.26;0.38;305.11;14.80;1108;64;4861.00;127
12922;60;626592949;12922;310;14026;14150;6.20;0.38;305.15;14.86;1104;64;4862.00;124
12926;60;626592962;12926;305;14026;14150;6.20;0.38;305.14;14.86;1100;64;4863.00;124
12932;60;626592975;12932;300;14028;14150;6.18;0.38;305.14;14.93;1096;64;4864.00;122
12936;60;626592989;12936;289;14029;14150;6.21;0.38;305.22;14.94;1093;64;4865.00;121
12941;60;626593002;12941;290;14031;14151;6.22;0.38;305.24;14.95;1090;64;4866.00;120
12947;60;626593015;12947;294;14031;14151;6.23;0.38;305.29;14.95;1084;64;4867.00;120
12948;60;626593035;12948;278;14035;14157;6.26;0.38;305.30;14.95;1087;64;4868.00;122
12952;60;626593050;12952;272;14036;14158;6.24;0.38;305.34;14.95;1084;64;4869.00;122
12955;60;626593064;12955;273;14038;14158;6.14;0.37;305.41;15.01;1083;64;4870.00;120
12958;60;626593079;12958;271;14038;14158;6.12;0.37;305.42;15.01;1080;64;4871.00;120
12960;60;626593094;12960;273;14040;14162;6.14;0.37;305.41;15.01;1080;64;4872.00;122
12961;60;626593109;12961;269;14041;14162;6.17;0.38;305.46;15.01;1080;64;4873.00;121
12962;60;626593122;12962;260;14042;14162;6.22;0.38;305.44;15.01;1080;64;4874.00;120
12965;60;626593135;12965;267;14043;14163;6.27;0.38;305.43;15.01;1078;64;4875.00;120
12969;60;626593148;12969;257;14047;14167;6.28;0.38;305.45;15.00;1078;64;4876.00;120
12974;60;626593161;12974;257;14047;14167;6.30;0.38;305.51;15.00;1073;64;4877.00;120
12976;60;626593181;12976;260;14049;14170;6.34;0.39;305.49;15.00;1073;64;4878.00;121
12978;60;626593213;12978;264;14050;14170;6.36;0.39;305.52;15.00;1072;64;4879.00;120
12980;60;626593234;12980;264;14051;14170;6.39;0.39;305.50;15.00;1071;64;4880.00;119
12984;60;626593254;12984;273;14051;14170;6.43;0.39;305.52;15.00;1067;64;4881.00;119
12986;60;626593275;12986;276;14055;14174;6.47;0.39;305.50;15.00;1069;64;4882.00;119
12988;60;626593294;12988;276;14056;14174;6.52;0.40;305.60;15.00;1068;64;4883.00;118
12991;60;626593309;12991;265;14057;14174;6.53;0.40;305.67;15.00;1066;64;4884.00;117
12995;60;626593324;12995;262;14058;14174;6.47;0.39;305.66;15.01;1063;64;4885.00;116
12999;60;626593339;12999;270;14058;14175;6.41;0.39;305.63;15.01;1059;64;4886.00;117
13000;60;626593362;13000;272;14060;14176;6.41;0.39;305.67;15.01;1060;64;4887.00;116
13003;60;626593378;13003;272;14060;14176;6.39;0.39;305.70;15.01;1057;64;4888.00;116
13007;60;626593395;13007;280;14062;14177;6.35;0.39;305.67;15.02;1055;64;4889.00;115
13008;60;626593412;13008;285;14063;14177;6.36;0.39;305.67;15.04;1055;64;4890.00;114
13009;60;626593426;13009;291;14063;14177;6.36;0.39;305.65;15.04;1054;64;4891.00;114
13009;60;626593440;13009;295;14064;14177;6.34;0.39;305.65;15.05;1055;64;4892.00;113
13010;60;626593453;13010;296;14065;14177;6.28;0.38;305.66;15.07;1055;64;4893.00;112
13012;60;626593466;13012;295;14065;14177;6.21;0.38;305.64;15.07;1053;64;4894.00;112
13015;60;626593480;13015;294;14067;14177;6.12;0.37;305.68;15.09;1052;64;4895.00;110
13018;60;626593494;13018;323;14133;14304;6.39;0.39;305.68;15.02;1115;64;4896.00;171
13019;60;626593519;13019;313;14138;14305;6.39;0.39;305.68;15.03;1119;64;4897.00;167
13021;60;626593533;13021;309;14147;14305;6.43;0.40;305.67;15.04;1126;64;4898.00;158
13024;60;626593547;13024;306;14151;14305;6.44;0.40;305.64;15.05;1127;64;4899.00;154
13024;60;626593561;13024;316;14155;14305;6.44;0.40;305.64;15.05;1131;64;4900.00;150
13027;60;626593580;13027;307;14161;14305;6.42;0.40;305.64;15.07;1134;64;4901.00;144
13027;60;626593595;13027;310;14165;14305;6.43;0.40;305.64;15.08;1138;64;4902.00;140
13030;60;626593608;13030;313;14170;14305;6.45;0.40;305.64;15.09;1140;64;4903.00;135
13035;60;626593623;13035;319;14173;14306;6.45;0.40;305.56;15.11;1138;64;4904.00;133
13039;60;626593637;13039;319;14179;14308;6.45;0.40;305.55;15.11;1140;64;4905.00;129
13042;60;626593652;13042;323;14185;14308;6.44;0.39;305.62;15.13;1143;64;4906.00;123
13044;60;626593667;13044;323;14188;14309;6.41;0.39;305.59;15.13;1144;64;4907.00;121
13047;60;626593681;13047;321;14193;14309;6.33;0.39;305.55;15.16;1146;64;4908.00;116
13048;60;626593694;13048;333;14195;14309;6.26;0.38;305.53;15.15;1147;64;4909.00;114
13052;60;626593708;13052;333;14199;14309;6.13;0.38;305.52;15.17;1147;64;4910.00;110
13052;60;626593722;13052;339;14201;14313;6.04;0.37;305.52;15.17;1149;64;4911.00;112
13054;60;626593736;13054;343;14204;14313;5.97;0.37;305.51;15.18;1150;64;4912.00;109
13055;60;626593750;13055;347;14206;14313;5.90;0.36;305.49;15.19;1151;64;4913.00;107
13058;60;626593764;13058;359;14209;14316;5.86;0.36;305.50;15.19;1151;64;4914.00;107
13061;60;626593779;13061;367;14210;14316;5.80;0.36;305.49;15.20;1149;64;4915.00;106
13062;60;626593793;13062;372;14211;14316;5.79;0.35;305.48;15.20;1149;64;4916.00;105
13065;60;626593807;13065;393;14215;14320;5.75;0.35;305.44;15.20;1150;64;4917.00;105
13066;60;626593823;13066;392;14218;14321;5.76;0.35;305.42;15.21;1152;64;4918.00;103
13066;60;626593837;13066;405;14220;14321;5.76;0.35;305.42;15.23;1154;64;4919.00;101
13067;60;626593853;13067;413;14227;14326;5.77;0.35;305.41;15.23;1160;64;4920.00;99
13069;60;626593867;13069;418;14228;14326;5.68;0.35;305.38;15.24;1159;64;4921.00;98
13071;60;626593879;13071;422;14229;14326;5.55;0.34;305.38;15.24;1158;64;4922.00;97
13074;60;626593898;13074;423;14230;14327;5.44;0.33;305.40;15.24;1156;64;4923.00;97
13076;60;626593911;13076;422;14231;14327;5.33;0.33;305.38;15.25;1155;64;4924.00;96
13081;60;626593924;13081;428;14236;14333;5.22;0.32;305.40;15.25;1155;64;4925.00;97
13086;60;626593939;13086;433;14236;14333;5.08;0.31;305.35;15.25;1150;64;4926.00;97
13090;60;626593951;13090;445;14238;14334;4.97;0.30;305.29;15.26;1148;64;4927.00;96
13094;60;626593964;13094;459;14239;14334;4.84;0.30;305.26;15.27;1145;64;4928.00;95
13096;60;626593977;13096;469;14240;14334;4.71;0.29;305.24;15.28;1144;64;4929.00;94
13100;60;626593989;13100;468;14240;14334;4.63;0.28;305.19;15.28;1140;64;4930.00;94
13101;60;626594001;13101;448;14242;14334;4.57;0.28;305.21;15.29;1141;64;4931.00;92
13103;60;626594012;13103;446;14252;14346;4.60;0.28;305.22;15.28;1149;64;4932.00;94
13104;60;626594025;13104;433;14252;14346;4.64;0.29;305.22;15.28;1148;64;4933.00;94
13107;60;626594038;13107;428;14254;14346;4.66;0.29;305.23;15.29;1147;64;4934.00;92
13109;60;626594050;13109;429;14254;14346;4.72;0.29;305.26;15.29;1145;64;4935.00;92
13110;60;626594063;13110;424;14254;14346;4.78;0.29;305.27;15.29;1144;64;4936.00;92
13110;60;626594075;13110;424;14255;14346;4.85;0.30;305.27;15.30;1145;64;4937.00;91
13112;60;626594101;13112;421;14258;14350;4.97;0.30;305.29;15.30;1146;64;4938.00;92
13114;61;626594115;13114;417;14258;14350;5.07;0.31;305.30;15.30;1144;65;4939.00;92
13114;61;626594140;13114;406;14261;14354;5.24;0.32;305.30;15.30;1147;65;4940.00;93
13118;61;626594154;13118;408;14262;14355;5.31;0.32;305.30;15.29;1144;65;4941.00;93
13120;61;626594183;13120;407;14263;14355;5.39;0.33;305.32;15.29;1143;65;4942.00;92
13124;61;626594198;13124;409;14263;14355;5.47;0.33;305.30;15.29;1139;65;4943.00;92
13126;61;626594213;13126;419;14274;14368;5.64;0.34;305.31;15.28;1148;65;4944.00;94
13129;61;626594228;13129;418;14274;14368;5.71;0.35;305.32;15.28;1145;65;4945.00;94
13131;61;626594242;13131;423;14274;14368;5.80;0.35;305.28;15.28;1143;65;4946.00;94
13137;61;626594256;13137;422;14275;14369;5.86;0.36;305.23;15.28;1138;65;4947.00;94
13141;61;626594274;13141;421;14275;14370;5.86;0.36;305.23;15.28;1134;65;4948.00;95
13142;61;626594288;13142;417;14275;14370;5.90;0.36;305.21;15.28;1133;65;4949.00;95
13145;61;626594302;13145;417;14279;14379;5.92;0.36;305.24;15.28;1134;65;4950.00;100
13147;61;626594322;13147;418;14280;14379;5.91;0.36;305.26;15.28;1133;65;4951.00;99
13150;61;626594336;13150;413;14281;14379;5.94;0.36;305.34;15.27;1131;65;4952.00;98
13156;61;626594350;13156;408;14281;14379;5.92;0.36;305.38;15.27;1125;65;4953.00;98
13159;61;626594363;13159;412;14285;14385;6.02;0.37;305.42;15.27;1126;65;4954.00;100
13164;61;626594377;13164;405;14285;14385;6.03;0.37;305.44;15.27;1121;65;4955.00;100
13169;61;626594391;13169;405;14286;14385;6.04;0.37;305.46;15.27;1117;65;4956.00;99
13171;61;626594404;13171;415;14287;14385;6.06;0.37;305.53;15.27;1116;65;4957.00;98
13173;61;626594417;13173;408;14290;14389;6.12;0.37;305.53;15.27;1117;65;4958.00;99
13178;61;626594431;13178;409;14292;14390;6.16;0.37;305.54;15.26;1114;65;4959.00;98
13181;61;626594445;13181;412;14293;14390;6.14;0.37;305.57;15.26;1112;65;4960.00;97
13182;61;626594458;13182;413;14294;14391;6.17;0.38;305.56;15.26;1112;65;4961.00;97
13186;61;626594473;13186;422;14294;14391;6.14;0.37;305.59;15.26;1108;65;4962.00;97
13191;61;626594487;13191;421;14294;14391;6.12;0.37;305.73;15.26;1103;65;4963.00;97
13194;61;626594500;13194;424;14294;14391;6.14;0.37;305.75;15.26;1100;65;4964.00;97
13198;61;626594514;13198;425;14294;14391;6.10;0.37;305.82;15.26;1096;65;4965.00;97
13202;61;626594527;13202;433;14294;14391;6.08;0.37;305.85;15.26;1092;65;4966.00;97
13204;61;626594540;13204;437;14294;14391;6.10;0.37;305.89;15.26;1090;65;4967.00;97
13206;61;626594554;13206;444;14334;14461;6.26;0.38;305.93;15.22;1128;65;4968.00;127
13210;61;626594573;13210;438;14335;14462;6.30;0.38;305.93;15.22;1125;65;4969.00;127
13213;61;626594586;13213;436;14341;14462;6.37;0.39;305.97;15.21;1128;65;4970.00;121
13220;61;626594600;13220;433;14345;14462;6.37;0.39;306.10;15.21;1125;65;4971.00;117
13224;61;626594614;13224;437;14350;14462;6.38;0.39;306.22;15.21;1126;65;4972.00;112
13226;61;626594634;13226;440;14354;14462;6.42;0.39;306.20;15.20;1128;65;4973.00;108
13231;61;626594648;13231;443;14359;14462;6.39;0.39;306.29;15.27;1128;65;4974.00;103
13236;61;626594662;13236;454;14359;14462;6.31;0.38;306.35;15.27;1123;65;4975.00;103
13236;61;626594676;13236;447;14361;14463;6.28;0.38;306.35;15.26;1125;65;4976.00;102
13241;61;626594690;13241;443;14362;14464;6.20;0.38;306.42;15.26;1121;65;4977.00;102
13243;61;626594704;13243;442;14363;14464;6.14;0.38;306.48;15.26;1120;65;4978.00;101
13245;61;626594718;13245;432;14366;14468;6.08;0.37;306.46;15.26;1121;65;4979.00;102
13248;61;626594734;13248;436;14366;14468;6.07;0.37;306.47;15.26;1118;65;4980.00;102
13252;61;626594749;13252;438;14366;14468;6.09;0.37;306.52;15.26;1114;65;4981.00;102
13254;61;626594766;13254;440;14366;14468;6.05;0.37;306.54;15.26;1112;65;4982.00;102
13255;61;626594780;13255;444;14370;14474;6.06;0.37;306.58;15.26;1115;65;4983.00;104
13260;62;626594796;13260;449;14371;14474;6.05;0.37;306.60;15.26;1111;66;4984.00;103
13263;62;626594829;13263;454;14371;14474;6.05;0.37;306.66;15.26;1108;66;4985.00;103
13265;62;626594848;13265;448;14375;14477;6.11;0.37;306.67;15.32;1110;66;4986.00;102
13267;62;626594863;13267;436;14375;14477;6.12;0.37;306.68;15.32;1108;66;4987.00;102
13271;62;626594876;13271;427;14375;14477;6.13;0.37;306.69;15.32;1104;66;4988.00;102
13274;62;626594890;13274;426;14375;14478;6.14;0.37;306.70;15.32;1101;66;4989.00;103
13280;62;626594904;13280;425;14376;14479;6.13;0.37;306.70;15.32;1096;66;4990.00;103
13281;62;626594923;13281;425;14377;14479;6.12;0.37;306.69;15.38;1096;66;4991.00;102
13286;62;626594937;13286;427;14388;14492;6.10;0.37;306.71;15.37;1102;66;4992.00;104
13289;62;626594953;13289;420;14388;14492;6.06;0.37;306.76;15.37;1099;66;4993.00;104
13294;62;626594967;13294;420;14388;14492;6.04;0.37;306.85;15.37;1094;66;4994.00;104
13296;62;626594982;13296;422;14390;14494;6.08;0.37;306.86;15.36;1094;66;4995.00;104
13300;62;626594996;13300;428;14390;14494;6.07;0.37;306.92;15.36;1090;66;4996.00;104
13303;62;626595011;13303;416;14393;14498;6.05;0.37;306.97;15.36;1090;66;4997.00;105
13304;62;626595025;13304;410;14393;14498;6.00;0.37;306.97;15.36;1089;66;4998.00;105
13305;62;626595044;13305;409;14397;14502;5.94;0.36;306.96;15.36;1092;66;4999.00;105
13307;62;626595059;13307;400;14397;14502;5.87;0.36;307.04;15.36;1090;66;5000.00;105
13308;62;626595083;13308;389;14397;14502;5.86;0.36;307.02;15.36;1089;66;5001.00;105
13311;62;626595097;13311;382;14397;14502;5.82;0.36;307.10;15.36;1086;66;5002.00;105
13314;62;626595109;13314;379;14397;14502;5.84;0.36;307.12;15.36;1083;66;5003.00;105
13316;62;626595122;13316;372;14406;14514;5.91;0.36;307.18;15.35;1090;66;5004.00;108
13319;62;626595141;13319;368;14406;14514;5.95;0.36;307.17;15.35;1087;66;5005.00;108
13320;62;626595154;13320;368;14408;14514;6.00;0.37;307.16;15.35;1088;66;5006.00;106
13324;62;626595169;13324;368;14408;14514;5.99;0.36;307.31;15.35;1084;66;5007.00;106
13329;62;626595197;13329;367;14408;14514;5.99;0.36;307.33;15.35;1079;66;5008.00;106
13332;62;626595219;13332;371;14408;14514;5.99;0.36;307.34;15.35;1076;66;5009.00;106
13332;62;626595243;13332;367;14408;14515;6.05;0.37;307.34;15.35;1076;66;5010.00;107
13332;62;626595262;13332;360;14408;14515;6.09;0.37;307.34;15.35;1076;66;5011.00;107
13334;62;626595283;13334;369;14412;14521;6.16;0.37;307.45;15.34;1078;66;5012.00;109
13334;62;626595300;13334;360;14413;14522;6.20;0.38;307.45;15.34;1079;66;5013.00;109
13334;62;626595314;13334;363;14414;14522;6.21;0.38;307.45;15.34;1080;66;5014.00;108
13335;62;626595328;13335;366;14414;14522;6.22;0.38;307.45;15.34;1079;66;5015.00;108
13338;62;626595343;13338;361;14417;14526;6.21;0.38;307.43;15.34;1079;66;5016.00;109
13341;62;626595357;13341;368;14417;14526;6.15;0.37;307.44;15.34;1076;66;5017.00;109
13341;62;626595371;13341;372;14417;14526;6.16;0.37;307.44;15.34;1076;66;5018.00;109
13345;62;626595385;13345;371;14418;14527;6.14;0.37;307.48;15.34;1073;66;5019.00;109
13345;62;626595398;13345;366;14422;14531;6.08;0.37;307.48;15.40;1077;66;5020.00;109
13345;62;626595414;13345;359;14422;14531;6.04;0.37;307.48;15.40;1077;66;5021.00;109
13346;62;626595428;13346;356;14424;14534;6.00;0.37;307.47;15.40;1078;66;5022.00;110
13347;62;626595442;13347;356;14424;14534;5.89;0.36;307.46;15.40;1077;66;5023.00;110
13350;62;626595455;13350;359;14425;14534;5.83;0.35;307.44;15.39;1075;66;5024.00;109
13351;62;626595469;13351;349;14425;14534;5.78;0.35;307.50;15.39;1074;66;5025.00;109
13355;62;626595481;13355;341;14428;14538;5.78;0.35;307.50;15.39;1073;66;5026.00;110
13357;62;626595497;13357;326;14428;14538;5.76;0.35;307.49;15.39;1071;66;5027.00;110
13362;62;626595510;13362;324;14429;14538;5.73;0.35;307.55;15.39;1067;66;5028.00;109
13366;62;626595524;13366;320;14429;14538;5.67;0.35;307.56;15.39;1063;66;5029.00;109
13366;62;626595536;13366;314;14429;14539;5.62;0.34;307.56;15.39;1063;66;5030.00;110
13372;62;626595549;13372;318;14430;14540;5.48;0.33;307.60;15.39;1058;66;5031.00;110
13376;62;626595562;13376;313;14430;14540;5.42;0.33;307.69;15.39;1054;66;5032.00;110
13376;62;626595574;13376;311;14431;14541;5.44;0.33;307.69;15.39;1055;66;5033.00;110
13380;62;626595586;13380;295;14431;14541;5.41;0.33;307.75;15.39;1051;66;5034.00;110
13382;62;626595599;13382;298;14433;14541;5.38;0.33;307.78;15.47;1051;66;5035.00;108
13385;62;626595612;13385;296;14433;14541;5.33;0.33;307.81;15.47;1048;66;5036.00;108
13389;62;626595625;13389;293;14433;14541;5.29;0.32;307.88;15.47;1044;66;5037.00;108
13392;62;626595637;13392;281;14433;14541;5.27;0.32;307.91;15.47;1041;66;5038.00;108
13396;62;626595650;13396;281;14433;14541;5.29;0.32;307.94;15.47;1037;66;5039.00;108
13399;62;626595664;13399;315;14536;14771;5.64;0.36;308.04;15.42;1137;66;5040.00;235
13403;62;626595697;13403;312;14537;14772;5.67;0.36;308.04;15.42;1134;66;5041.00;235
13406;62;626595711;13406;295;14548;14772;5.72;0.36;308.02;15.47;1142;66;5042.00;224
13409;62;626595725;13409;294;14553;14772;5.70;0.36;308.05;15.47;1144;66;5043.00;219
13411;62;626595739;13411;291;14561;14772;5.72;0.36;308.02;15.46;1150;66;5044.00;211
13412;62;626595752;13412;285;14569;14772;5.80;0.36;308.03;15.46;1157;66;5045.00;203
13416;62;626595766;13416;287;14574;14772;5.81;0.36;308.08;15.51;1158;66;5046.00;198
13418;62;626595781;13418;289;14579;14772;5.90;0.37;308.07;15.51;1161;66;5047.00;193
13420;62;626595794;13420;291;14586;14773;6.00;0.37;308.04;15.56;1166;66;5048.00;187
13423;62;626595808;13423;291;14588;14774;6.02;0.37;307.98;15.56;1165;66;5049.00;186
13425;62;626595823;13425;292;14592;14774;6.00;0.37;308.00;15.56;1167;66;5050.00;182
13426;62;626595838;13426;287;14596;14775;6.01;0.37;307.98;15.56;1170;66;5051.00;179
13426;62;626595852;13426;292;14600;14775;5.98;0.37;307.98;15.61;1174;66;5052.00;175
13429;62;626595872;13429;291;14603;14775;5.95;0.37;307.94;15.61;1174;66;5053.00;172
13430;62;626595886;13430;305;14606;14775;5.92;0.37;307.94;15.61;1176;66;5054.00;169
13432;62;626595900;13432;311;14610;14779;5.87;0.36;307.92;15.61;1178;66;5055.00;169
13433;62;626595915;13433;318;14614;14779;5.82;0.36;307.90;15.61;1181;66;5056.00;165
13437;62;626595930;13437;315;14617;14779;5.79;0.36;307.85;15.62;1180;66;5057.00;162
13440;62;626595945;13440;327;14621;14782;5.80;0.36;307.82;15.62;1181;66;5058.00;161
13441;62;626595960;13441;333;14623;14782;5.80;0.36;307.82;15.64;1182;66;5059.00;159
13443;62;626595975;13443;344;14628;14782;5.78;0.36;307.79;15.65;1185;66;5060.00;154
13446;62;626595990;13446;349;14633;14786;5.79;0.36;307.78;15.65;1187;66;5061.00;153
13447;62;626596004;13447;359;14635;14787;5.78;0.35;307.78;15.65;1188;66;5062.00;152
13447;62;626596019;13447;363;14638;14787;5.81;0.36;307.78;15.67;1191;66;5063.00;149
13449;62;626596034;13449;363;14642;14791;5.83;0.36;307.75;15.67;1193;66;5064.00;149
13450;62;626596049;13450;365;14647;14791;5.82;0.36;307.73;15.70;1197;66;5065.00;144
13452;62;626596064;13452;361;14648;14791;5.83;0.36;307.71;15.70;1196;66;5066.00;143
13454;62;626596079;13454;364;14652;14792;5.79;0.36;307.71;15.71;1198;66;5067.00;140
13455;62;626596103;13455;365;14654;14792;5.75;0.35;307.71;15.72;1199;66;5068.00;138
13457;62;626596123;13457;375;14657;14798;5.71;0.35;307.68;15.72;1200;66;5069.00;141
13457;62;626596141;13457;378;14661;14798;5.65;0.35;307.68;15.74;1204;66;5070.00;137
13461;62;626596158;13461;384;14661;14799;5.59;0.34;307.63;15.74;1200;66;5071.00;138
13465;62;626596176;13465;390;14662;14799;5.50;0.34;307.56;15.76;1197;66;5072.00;137
13467;62;626596190;13467;399;14665;14799;5.44;0.33;307.54;15.78;1198;66;5073.00;134
13468;62;626596205;13468;410;14667;14799;5.40;0.33;307.55;15.80;1199;66;5074.00;132
13471;62;626596220;13471;413;14668;14799;5.33;0.33;307.52;15.80;1197;66;5075.00;131
13471;62;626596233;13471;430;14680;14811;5.35;0.33;307.52;15.82;1209;66;5076.00;131
13474;62;626596247;13474;428;14682;14811;5.27;0.32;307.52;15.82;1208;66;5077.00;129
13475;62;626596261;13475;438;14685;14811;5.20;0.32;307.50;15.85;1210;66;5078.00;126
13477;62;626596274;13477;437;14687;14811;5.15;0.32;307.49;15.85;1210;66;5079.00;124
13478;62;626596288;13478;444;14691;14811;5.07;0.31;307.47;15.88;1213;66;5080.00;120
13480;62;626596307;13480;445;14692;14811;5.01;0.31;307.46;15.88;1212;66;5081.00;119
13483;62;626596321;13483;435;14696;14815;5.00;0.31;307.43;15.88;1213;66;5082.00;119
13485;62;626596336;13485;412;14698;14815;4.98;0.30;307.42;15.91;1213;66;5083.00;117
13487;62;626596350;13487;406;14702;14819;4.99;0.30;307.40;15.90;1215;66;5084.00;117
13489;62;626596365;13489;401;14706;14821;5.02;0.31;307.42;15.93;1217;66;5085.00;115
13490;62;626596381;13490;407;14707;14821;5.09;0.31;307.42;15.93;1217;66;5086.00;114
13494;62;626596396;13494;406;14707;14821;5.17;0.32;307.40;15.93;1213;66;5087.00;114
13495;63;626596411;13495;402;14719;14834;5.27;0.32;307.39;15.94;1224;67;5088.00;115
13495;63;626596437;13495;397;14720;14834;5.37;0.33;307.39;15.94;1225;67;5089.00;114
13496;63;626596451;13496;398;14722;14834;5.39;0.33;307.38;15.96;1226;67;5090.00;112
13497;63;626596471;13497;394;14723;14835;5.46;0.33;307.39;15.96;1226;67;5091.00;112
13498;63;626596486;13498;394;14723;14836;5.48;0.33;307.38;15.96;1225;67;5092.00;113
13498;63;626596500;13498;390;14725;14836;5.51;0.34;307.38;15.98;1227;67;5093.00;111
13503;63;626596514;13503;383;14727;14839;5.54;0.34;307.32;15.98;1224;67;5094.00;112
13505;63;626596533;13505;384;14727;14839;5.53;0.34;307.31;15.98;1222;67;5095.00;112
13506;63;626596547;13506;388;14730;14839;5.50;0.34;307.30;16.00;1224;67;5096.00;109
13507;63;626596560;13507;390;14730;14839;5.48;0.34;307.30;16.00;1223;67;5097.00;109
13511;63;626596573;13511;397;14734;14845;5.47;0.33;307.28;16.00;1223;67;5098.00;111
13513;63;626596587;13513;402;14734;14845;5.40;0.33;307.30;16.00;1221;67;5099.00;111
13517;63;626596603;13517;403;14739;14864;5.37;0.33;307.29;15.99;1222;67;5100.00;125
13523;63;626596623;13523;399;14743;14864;5.34;0.33;307.26;16.04;1220;67;5101.00;121
13525;63;626596637;13525;405;14747;14868;5.34;0.33;307.27;16.03;1222;67;5102.00;121
13528;63;626596651;13528;403;14750;14869;5.37;0.33;307.28;16.05;1222;67;5103.00;119
13532;63;626596665;13532;400;14750;14869;5.38;0.33;307.33;16.05;1218;67;5104.00;119
13533;63;626596678;13533;400;14752;14870;5.45;0.33;307.34;16.05;1219;67;5105.00;118
13538;63;626596693;13538;396;14755;14870;5.46;0.33;307.44;16.06;1217;67;5106.00;115
13543;63;626596707;13543;401;14755;14870;5.48;0.34;307.52;16.06;1212;67;5107.00;115
13544;63;626596721;13544;399;14758;14870;5.54;0.34;307.53;16.08;1214;67;5108.00;112
13547;63;626596735;13547;397;14758;14870;5.58;0.34;307.61;16.08;1211;67;5109.00;112
13550;63;626596748;13550;395;14758;14870;5.62;0.34;307.64;16.08;1208;67;5110.00;112
13555;63;626596762;13555;394;14759;14870;5.66;0.35;307.67;16.08;1204;67;5111.00;111
13558;63;626596775;13558;396;14791;14940;5.77;0.36;307.70;16.04;1233;67;5112.00;149
13561;63;626596794;13561;394;14793;14941;5.80;0.36;307.75;16.04;1232;67;5113.00;148
13564;63;626596809;13564;383;14799;14941;5.90;0.36;307.82;16.04;1235;67;5114.00;142
13575;63;626596823;13575;384;14800;14941;5.93;0.36;307.78;16.04;1225;67;5115.00;141
13581;63;626596838;13581;372;14807;14941;6.04;0.37;307.83;16.03;1226;67;5116.00;134
13584;63;626596853;13584;373;14810;14941;6.09;0.37;307.85;16.03;1226;67;5117.00;131
13588;63;626596868;13588;369;14814;14941;6.14;0.38;307.92;16.03;1226;67;5118.00;127
13590;63;626596882;13590;370;14817;14941;6.14;0.38;307.99;16.02;1227;67;5119.00;124
13595;63;626596897;13595;369;14819;14942;6.10;0.37;308.06;16.02;1224;67;5120.00;123
13598;63;626596912;13598;378;14822;14943;6.09;0.37;308.13;16.02;1224;67;5121.00;121
13601;63;626596933;13601;386;14822;14943;6.07;0.37;308.15;16.02;1221;67;5122.00;121
13609;63;626596947;13609;392;14827;14947;6.05;0.37;308.25;16.02;1218;67;5123.00;120
13613;63;626596963;13613;390;14827;14947;6.07;0.37;308.25;16.02;1214;67;5124.00;120
13617;63;626596978;13617;391;14828;14947;6.07;0.37;308.28;16.02;1211;67;5125.00;119
13620;63;626596993;13620;394;14828;14947;6.06;0.37;308.29;16.02;1208;67;5126.00;119
13627;63;626597008;13627;394;14831;14953;6.01;0.37;308.32;16.02;1204;67;5127.00;122
13627;63;626597024;13627;390;14831;14953;6.03;0.37;308.32;16.02;1204;67;5128.00;122
13636;63;626597039;13636;397;14832;14953;5.98;0.37;308.48;16.02;1196;67;5129.00;121
13639;63;626597056;13639;397;14835;14959;6.06;0.37;308.54;16.01;1196;67;5130.00;124
13644;63;626597071;13644;399;14836;14959;6.08;0.37;308.55;16.01;1192;67;5131.00;123
13650;63;626597086;13650;397;14836;14959;6.10;0.37;308.55;16.01;1186;67;5132.00;123
13654;64;626597101;13654;404;14836;14960;6.16;0.37;308.54;16.01;1182;68;5133.00;124
13662;64;626597131;13662;407;14840;14961;6.15;0.37;308.64;16.01;1178;68;5134.00;121
13666;64;626597147;13666;410;14840;14961;6.12;0.37;308.66;16.01;1174;68;5135.00;121
13666;64;626597163;13666;417;14849;14974;6.16;0.38;308.66;16.01;1183;68;5136.00;125
13670;64;626597185;13670;416;14850;14974;6.16;0.38;308.69;16.01;1180;68;5137.00;124
13675;64;626597213;13675;414;14850;14974;6.13;0.37;308.71;16.01;1175;68;5138.00;124
13678;64;626597240;13678;416;14852;14975;6.11;0.37;308.72;16.01;1174;68;5139.00;123
13682;64;626597262;13682;419;14855;14975;6.07;0.37;308.73;16.01;1173;68;5140.00;120
13684;64;626597286;13684;428;14857;14979;6.12;0.37;308.77;16.01;1173;68;5141.00;122
13686;64;626597305;13686;431;14859;14979;6.10;0.37;308.80;16.01;1173;68;5142.00;120
13690;64;626597321;13690;436;14863;14983;6.09;0.37;308.87;16.00;1173;68;5143.00;120
13693;64;626597339;13693;442;14864;14983;6.04;0.37;308.89;16.00;1171;68;5144.00;119
13694;64;626597355;13694;453;14865;14983;5.99;0.37;308.93;16.00;1171;68;5145.00;118
13697;64;626597372;13697;453;14866;14983;5.89;0.36;308.93;16.00;1169;68;5146.00;117
13700;64;626597388;13700;447;14868;14983;5.83;0.36;308.96;16.00;1168;68;5147.00;115
13704;64;626597404;13704;448;14879;14995;5.86;0.36;309.00;15.99;1175;68;5148.00;116
13707;64;626597421;13707;439;14880;14995;5.82;0.36;309.01;15.99;1173;68;5149.00;115
13710;64;626597437;13710;434;14880;14995;5.78;0.35;309.06;15.99;1170;68;5150.00;115
13712;64;626597453;13712;435;14880;14995;5.78;0.35;309.10;15.99;1168;68;5151.00;115
13714;64;626597470;13714;434;14881;14995;5.80;0.35;309.12;15.99;1167;68;5152.00;114
13719;64;626597486;13719;432;14881;14995;5.77;0.35;309.18;15.99;1162;68;5153.00;114
13722;64;626597508;13722;427;14881;14996;5.76;0.35;309.23;15.99;1159;68;5154.00;115
13725;64;626597524;13725;434;14882;14998;5.71;0.35;309.30;15.99;1157;68;5155.00;116
13727;64;626597540;13727;421;14886;15004;5.68;0.34;309.29;15.99;1159;68;5156.00;118
13732;64;626597557;13732;425;14887;15005;5.67;0.34;309.40;15.99;1155;68;5157.00;118
13733;64;626597573;13733;421;14889;15005;5.73;0.35;309.43;15.98;1156;68;5158.00;116
13736;64;626597589;13736;417;14889;15005;5.77;0.35;309.49;15.98;1153;68;5159.00;116
13740;64;626597609;13740;412;14893;15010;5.85;0.35;309.53;15.98;1153;68;5160.00;117
13744;64;626597625;13744;407;14893;15010;5.85;0.35;309.56;15.98;1149;68;5161.00;117
13747;64;626597642;13747;412;14893;15010;5.89;0.36;309.57;15.98;1146;68;5162.00;117
13751;64;626597657;13751;416;14894;15011;5.91;0.36;309.58;15.98;1143;68;5163.00;117
13754;64;626597672;13754;414;14897;15015;5.93;0.36;309.61;15.98;1143;68;5164.00;118
13755;64;626597687;13755;407;14897;15015;5.94;0.36;309.63;15.98;1142;68;5165.00;118
13756;64;626597702;13756;409;14900;15018;5.94;0.36;309.67;15.97;1144;68;5166.00;118
13759;64;626597718;13759;398;14900;15018;5.88;0.36;309.72;15.97;1141;68;5167.00;118
13760;64;626597733;13760;396;14900;15018;5.88;0.36;309.71;15.97;1140;68;5168.00;118
13761;64;626597748;13761;399;14900;15018;5.86;0.36;309.70;15.97;1139;68;5169.00;118
13762;64;626597775;13762;386;14904;15022;5.90;0.36;309.70;16.02;1142;68;5170.00;118
13764;64;626597794;13764;390;14905;15022;5.90;0.36;309.74;16.02;1141;68;5171.00;117
13766;64;626597810;13766;385;14905;15022;5.90;0.36;309.73;16.02;1139;68;5172.00;117
13768;64;626597825;13768;378;14905;15022;5.92;0.36;309.80;16.02;1137;68;5173.00;117
13771;64;626597839;13771;379;14905;15023;5.88;0.36;309.80;16.02;1134;68;5174.00;118
13773;64;626597854;13773;375;14907;15025;5.86;0.36;309.78;16.02;1134;68;5175.00;118
13773;64;626597869;13773;373;14907;15025;5.85;0.36;309.78;16.02;1134;68;5176.00;118
13778;64;626597883;13778;366;14908;15026;5.81;0.35;309.82;16.02;1130;68;5177.00;118
13780;64;626597897;13780;365;14908;15026;5.75;0.35;309.85;16.02;1128;68;5178.00;118
13782;64;626597912;13782;368;14908;15026;5.70;0.35;309.82;16.02;1126;68;5179.00;118
13784;64;626597926;13784;369;14908;15026;5.63;0.34;309.80;16.02;1124;68;5180.00;118
13785;64;626597941;13785;370;14908;15026;5.54;0.34;309.81;16.02;1123;68;5181.00;118
13786;64;626597955;13786;378;14908;15026;5.51;0.34;309.80;16.02;1122;68;5182.00;118
13786;64;626597969;13786;383;14908;15026;5.48;0.33;309.80;16.02;1122;68;5183.00;118
13790;64;626597983;13790;422;14980;15153;5.51;0.34;309.85;15.94;1190;68;5184.00;173
13790;64;626598008;13790;420;14981;15154;5.51;0.34;309.85;15.94;1191;68;5185.00;173
13792;64;626598023;13792;410;14989;15154;5.58;0.35;309.84;15.94;1197;68;5186.00;165
13794;64;626598038;13794;410;14992;15154;5.57;0.35;309.83;15.93;1198;68;5187.00;162
13797;64;626598051;13797;406;14996;15154;5.55;0.34;309.86;15.93;1199;68;5188.00;158
13798;64;626598066;13798;412;15000;15154;5.54;0.34;309.86;15.93;1202;68;5189.00;154
13799;64;626598082;13799;404;15005;15154;5.59;0.35;309.85;15.92;1206;68;5190.00;149
13800;64;626598096;13800;409;15006;15154;5.58;0.35;309.84;15.92;1206;68;5191.00;148
13801;64;626598110;13801;417;15012;15155;5.60;0.35;309.84;15.92;1211;68;5192.00;143
13803;64;626598125;13803;423;15013;15156;5.56;0.34;309.86;15.92;1210;68;5193.00;143
13805;64;626598140;13805;418;15016;15156;5.50;0.34;309.89;15.92;1211;68;5194.00;140
13808;64;626598155;13808;425;15017;15157;5.43;0.34;309.89;15.92;1209;68;5195.00;140
13811;64;626598170;13811;422;15019;15157;5.39;0.33;310.02;15.92;1208;68;5196.00;138
13815;64;626598192;13815;426;15020;15157;5.31;0.33;310.04;15.92;1205;68;5197.00;137
13818;64;626598206;13818;426;15022;15157;5.27;0.33;310.01;15.92;1204;68;5198.00;135
13820;64;626598221;13820;422;15024;15161;5.22;0.32;309.99;15.92;1204;68;5199.00;137
13823;64;626598235;13823;410;15026;15161;5.15;0.32;309.95;15.92;1203;68;5200.00;135
13826;64;626598253;13826;412;15027;15161;5.08;0.31;309.94;15.91;1201;68;5201.00;134
13827;64;626598265;13827;413;15029;15164;5.05;0.31;309.94;15.91;1202;68;5202.00;135
13831;64;626598279;13831;412;15030;15164;4.98;0.31;309.92;15.91;1199;68;5203.00;134
13834;64;626598292;13834;403;15031;15164;4.92;0.30;309.89;15.91;1197;68;5204.00;133
13837;64;626598305;13837;405;15036;15168;4.87;0.30;309.88;15.94;1199;68;5205.00;132
13843;64;626598320;13843;397;15038;15169;4.80;0.29;309.84;15.93;1195;68;5206.00;131
13844;64;626598333;13844;396;15038;15169;4.81;0.29;309.82;15.93;1194;68;5207.00;131
13846;64;626598346;13846;388;15040;15173;4.81;0.29;309.81;15.93;1194;68;5208.00;133
13849;64;626598360;13849;391;15040;15173;4.81;0.29;309.77;15.93;1191;68;5209.00;133
13852;64;626598373;13852;383;15040;15173;4.82;0.29;309.80;15.93;1188;68;5210.00;133
13853;64;626598386;13853;379;15041;15174;4.82;0.29;309.78;15.93;1188;68;5211.00;133
13855;64;626598400;13855;381;15042;15174;4.84;0.30;309.76;15.93;1187;68;5212.00;132
13858;64;626598412;13858;386;15045;15180;4.85;0.30;309.71;15.93;1187;68;5213.00;135
13860;64;626598426;13860;385;15045;15180;4.93;0.30;309.72;15.93;1185;68;5214.00;135
13862;64;626598439;13862;386;15046;15180;4.94;0.30;309.75;15.93;1184;68;5215.00;134
13863;64;626598452;13863;383;15047;15181;4.98;0.30;309.74;15.93;1184;68;5216.00;134
13865;64;626598465;13865;392;15048;15181;5.00;0.30;309.71;15.93;1183;68;5217.00;133
13867;64;626598479;13867;392;15048;15181;5.01;0.30;309.67;15.93;1181;68;5218.00;133
13870;64;626598492;13870;398;15048;15181;4.97;0.30;309.64;15.93;1178;68;5219.00;133
13873;64;626598507;13873;399;15070;15217;5.03;0.31;309.68;15.91;1197;68;5220.00;147
13874;64;626598523;13874;399;15071;15217;5.04;0.31;309.70;15.91;1197;68;5221.00;146
13875;64;626598537;13875;401;15072;15217;5.06;0.31;309.68;15.90;1197;68;5222.00;145
13876;64;626598550;13876;403;15073;15217;5.09;0.31;309.73;15.90;1197;68;5223.00;144
13879;64;626598578;13879;399;15074;15217;5.08;0.31;309.71;15.90;1195;68;5224.00;143
13879;64;626598592;13879;400;15076;15217;5.11;0.31;309.71;15.90;1197;68;5225.00;141
13880;64;626598611;13880;404;15079;15221;5.18;0.32;309.70;15.90;1199;68;5226.00;142
13880;64;626598624;13880;402;15081;15221;5.23;0.32;309.70;15.90;1201;68;5227.00;140
13882;64;626598637;13882;401;15085;15225;5.26;0.32;309.73;15.89;1203;68;5228.00;140
13884;64;626598651;13884;404;15087;15226;5.30;0.32;309.71;15.89;1203;68;5229.00;139
13886;64;626598665;13886;400;15090;15226;5.31;0.32;309.74;15.92;1204;68;5230.00;136
13888;64;626598678;13888;401;15091;15226;5.29;0.32;309.75;15.92;1203;68;5231.00;135
13890;64;626598692;13890;407;15101;15239;5.28;0.32;309.75;15.91;1211;68;5232.00;138
13890;64;626598707;13890;403;15102;15239;5.27;0.32;309.75;15.92;1212;68;5233.00;137
13890;64;626598720;13890;412;15104;15239;5.25;0.32;309.75;15.94;1214;68;5234.00;135
13893;64;626598733;13893;402;15106;15240;5.29;0.32;309.73;15.95;1213;68;5235.00;134
13894;64;626598747;13894;392;15106;15241;5.32;0.32;309.73;15.95;1212;68;5236.00;135
13894;64;626598761;13894;397;15108;15241;5.41;0.33;309.73;15.98;1214;68;5237.00;133
13897;64;626598774;13897;390;15111;15244;5.45;0.33;309.70;15.99;1214;68;5238.00;133
13898;64;626598789;13898;381;15112;15244;5.53;0.34;309.69;15.99;1214;68;5239.00;132
13899;64;626598803;13899;370;15112;15244;5.59;0.34;309.68;15.99;1213;68;5240.00;132
13900;64;626598823;13900;372;15113;15244;5.58;0.34;309.66;16.00;1213;68;5241.00;131
13900;64;626598838;13900;364;15119;15250;5.66;0.34;309.66;16.02;1219;68;5242.00;131
13902;64;626598853;13902;359;15121;15250;5.64;0.34;309.65;16.05;1219;68;5243.00;129
13903;65;626598869;13903;360;15123;15250;5.62;0.34;309.73;16.06;1220;69;5244.00;127
13905;65;626598890;13905;348;15125;15250;5.59;0.34;309.77;16.08;1220;69;5245.00;125
13907;65;626598903;13907;357;15128;15254;5.56;0.34;309.75;16.08;1221;69;5246.00;126
13907;65;626598928;13907;362;15131;15255;5.55;0.34;309.75;16.10;1224;69;5247.00;124
13908;65;626598942;13908;367;15131;15255;5.52;0.34;309.74;16.10;1223;69;5248.00;124
13910;65;626598955;13910;358;15134;15256;5.50;0.34;309.71;16.13;1224;69;5249.00;122
13915;65;626598972;13915;363;15134;15256;5.45;0.33;309.68;16.13;1219;69;5250.00;122
13915;65;626598991;13915;366;15136;15256;5.50;0.34;309.68;16.15;1221;69;5251.00;120
13916;65;626599004;13916;371;15137;15256;5.58;0.34;309.67;16.16;1221;69;5252.00;119
13917;65;626599024;13917;370;15138;15256;5.59;0.34;309.67;16.18;1221;69;5253.00;118
13918;65;626599038;13918;364;15138;15256;5.61;0.34;309.66;16.18;1220;69;5254.00;118
13921;65;626599051;13921;368;15138;15256;5.63;0.34;309.66;16.18;1217;69;5255.00;118
13923;65;626599064;13923;371;15177;15326;5.81;0.35;309.64;16.16;1254;69;5256.00;149
13925;65;626599084;13925;364;15179;15327;5.83;0.35;309.64;16.17;1254;69;5257.00;148
13926;65;626599098;13926;374;15189;15327;5.89;0.36;309.63;16.17;1263;69;5258.00;138
13929;65;626599112;13929;374;15197;15327;5.89;0.36;309.64;16.17;1268;69;5259.00;130
13930;65;626599126;13930;368;15202;15327;5.89;0.36;309.65;16.16;1272;69;5260.00;125
13933;65;626599140;13933;374;15208;15327;5.83;0.35;309.66;16.18;1275;69;5261.00;119
13938;65;626599154;13938;377;15210;15327;5.71;0.35;309.77;16.18;1272;69;5262.00;117
13939;65;626599168;13939;379;15212;15327;5.65;0.34;309.75;16.20;1273;69;5263.00;115
13944;65;626599187;13944;386;15214;15328;5.56;0.34;309.84;16.21;1270;69;5264.00;114
13946;65;626599209;13946;394;15217;15330;5.48;0.33;309.82;16.21;1271;69;5265.00;113
13950;65;626599235;13950;402;15217;15330;5.39;0.33;309.85;16.21;1267;69;5266.00;113
13960;65;626599257;13960;401;15220;15334;5.30;0.32;309.96;16.21;1260;69;5267.00;114
13961;65;626599279;13961;411;15220;15334;5.27;0.32;309.96;16.21;1259;69;5268.00;114
13965;65;626599299;13965;414;15224;15334;5.22;0.32;309.97;16.25;1259;69;5269.00;110
13969;65;626599315;13969;403;15224;15334;5.20;0.32;310.09;16.25;1255;69;5270.00;110
13972;65;626599331;13972;405;15231;15340;5.25;0.32;310.18;16.26;1259;69;5271.00;109
13977;65;626599348;13977;399;15232;15340;5.25;0.32;310.21;16.27;1255;69;5272.00;108
13980;65;626599364;13980;400;15232;15340;5.28;0.32;310.26;16.27;1252;69;5273.00;108
13982;65;626599380;13982;388;15236;15343;5.31;0.32;310.31;16.27;1254;69;5274.00;107
13987;65;626599396;13987;391;15236;15343;5.28;0.32;310.43;16.27;1249;69;5275.00;107
13990;65;626599412;13990;395;15236;15343;5.29;0.32;310.49;16.27;1246;69;5276.00;107
13995;65;626599426;13995;393;15236;15344;5.31;0.32;310.66;16.27;1241;69;5277.00;108
13999;65;626599442;13999;388;15237;15345;5.35;0.33;310.71;16.27;1238;69;5278.00;108
14000;65;626599458;14000;392;15237;15345;5.41;0.33;310.73;16.27;1237;69;5279.00;108
14004;65;626599476;14004;396;15257;15371;5.45;0.33;310.73;16.25;1253;69;5280.00;114
14008;65;626599494;14008;394;15257;15371;5.49;0.34;310.81;16.25;1249;69;5281.00;114
14011;65;626599509;14011;390;15258;15371;5.59;0.34;310.82;16.25;1247;69;5282.00;113
14018;65;626599525;14018;386;15260;15372;5.62;0.34;310.93;16.25;1242;69;5283.00;112
14022;65;626599542;14022;385;15260;15372;5.65;0.34;310.99;16.25;1238;69;5284.00;112
14028;65;626599557;14028;378;15264;15376;5.68;0.35;311.01;16.24;1236;69;5285.00;112
14032;65;626599574;14032;381;15264;15376;5.72;0.35;311.07;16.24;1232;69;5286.00;112
14036;65;626599589;14036;379;15267;15379;5.72;0.35;311.11;16.24;1231;69;5287.00;112
14040;65;626599606;14040;385;15267;15380;5.74;0.35;311.19;16.24;1227;69;5288.00;113
14043;65;626599622;14043;388;15267;15380;5.79;0.35;311.21;16.24;1224;69;5289.00;113
14049;65;626599637;14049;389;15267;15380;5.74;0.35;311.23;16.24;1218;69;5290.00;113
14053;65;626599660;14053;381;15267;15380;5.78;0.35;311.26;16.24;1214;69;5291.00;113
14059;65;626599676;14059;382;15276;15392;5.87;0.36;311.32;16.23;1217;69;5292.00;116
14063;65;626599693;14063;391;15276;15392;5.92;0.36;311.34;16.23;1213;69;5293.00;116
14067;65;626599710;14067;392;15278;15392;5.98;0.36;311.30;16.23;1211;69;5294.00;114
14069;65;626599732;14069;388;15278;15392;6.00;0.37;311.32;16.23;1209;69;5295.00;114
14075;65;626599749;14075;385;15278;15392;5.98;0.36;311.36;16.23;1203;69;5296.00;114
14078;65;626599766;14078;383;15278;15392;5.98;0.36;311.41;16.23;1200;69;5297.00;114
14081;65;626599782;14081;388;15278;15393;6.00;0.37;311.50;16.23;1197;69;5298.00;115
14084;65;626599799;14084;385;15278;15393;6.04;0.37;311.51;16.23;1194;69;5299.00;115
14089;65;626599821;14089;392;15282;15399;6.08;0.37;311.55;16.23;1193;69;5300.00;117
14095;65;626599842;14095;395;15284;15400;6.08;0.37;311.58;16.22;1189;69;5301.00;116
14100;65;626599858;14100;394;15284;15400;6.07;0.37;311.58;16.22;1184;69;5302.00;116
14103;65;626599877;14103;398;15284;15400;6.12;0.37;311.58;16.22;1181;69;5303.00;116
14108;65;626599893;14108;406;15287;15404;6.14;0.37;311.69;16.22;1179;69;5304.00;117
14113;65;626599916;14113;409;15287;15404;6.16;0.38;311.71;16.22;1174;69;5305.00;117
14120;65;626599933;14120;414;15287;15404;6.16;0.38;311.77;16.22;1167;69;5306.00;117
14125;65;626599948;14125;416;15288;15405;6.15;0.37;311.83;16.22;1163;69;5307.00;117
14131;65;626599964;14131;416;15291;15409;6.11;0.37;311.90;16.22;1160;69;5308.00;118
14133;65;626599981;14133;412;15291;15409;6.11;0.37;311.94;16.22;1158;69;5309.00;118
14137;65;626599999;14137;413;15294;15415;6.12;0.37;311.98;16.21;1157;69;5310.00;121
14138;65;626600015;14138;417;15294;15415;6.07;0.37;311.98;16.21;1156;69;5311.00;121
14142;65;626600032;14142;420;15295;15415;6.02;0.37;311.98;16.21;1153;69;5312.00;120
14143;65;626600046;14143;423;15295;15415;6.00;0.37;311.99;16.21;1152;69;5313.00;120
14147;65;626600062;14147;426;15298;15419;6.00;0.37;312.01;16.21;1151;69;5314.00;121
14151;65;626600077;14151;428;15298;15419;5.98;0.36;312.07;16.21;1147;69;5315.00;121
14154;65;626600094;14154;433;15299;15419;5.93;0.36;312.15;16.21;1145;69;5316.00;120
14162;65;626600109;14162;431;15299;15419;5.85;0.36;312.19;16.21;1137;69;5317.00;120
14165;65;626600125;14165;430;15300;15420;5.81;0.35;312.18;16.21;1135;69;5318.00;120
14166;65;626600141;14166;425;15301;15421;5.79;0.35;312.17;16.21;1135;69;5319.00;120
14167;65;626600157;14167;425;15302;15421;5.76;0.35;312.20;16.21;1135;69;5320.00;119
14169;65;626600175;14169;424;15303;15422;5.74;0.35;312.18;16.21;1134;69;5321.00;119
14173;65;626600192;14173;428;15303;15422;5.70;0.35;312.19;16.21;1130;69;5322.00;119
14177;65;626600210;14177;424;15303;15422;5.68;0.35;312.29;16.21;1126;69;5323.00;119
14180;65;626600227;14180;424;15303;15422;5.70;0.35;312.26;16.21;1123;69;5324.00;119
14182;65;626600241;14182;426;15303;15422;5.69;0.35;312.33;16.21;1121;69;5325.00;119
14189;65;626600256;14189;424;15303;15422;5.60;0.34;312.42;16.21;1114;69;5326.00;119
14192;65;626600270;14192;419;15303;15422;5.55;0.34;312.47;16.21;1111;69;5327.00;119
14193;65;626600290;14193;441;15373;15549;5.59;0.35;312.51;16.13;1180;69;5328.00;176
14196;65;626600314;14196;420;15375;15550;5.61;0.35;312.62;16.13;1179;69;5329.00;175
14197;65;626600329;14197;404;15380;15550;5.72;0.35;312.62;16.13;1183;69;5330.00;170
14200;65;626600344;14200;395;15383;15550;5.79;0.36;312.68;16.12;1183;69;5331.00;167
14204;65;626600359;14204;391;15387;15550;5.88;0.36;312.72;16.12;1183;69;5332.00;163
14206;65;626600374;14206;392;15391;15550;5.99;0.37;312.73;16.12;1185;69;5333.00;159
14206;65;626600389;14206;388;15395;15550;6.06;0.37;312.73;16.11;1189;69;5334.00;155
14212;65;626600409;14212;382;15399;15550;6.06;0.37;312.82;16.11;1187;69;5335.00;151
14215;65;626600424;14215;379;15404;15551;6.09;0.38;312.85;16.11;1189;69;5336.00;147
14219;65;626600439;14219;373;15409;15552;6.11;0.38;312.90;16.11;1190;69;5337.00;143
14223;65;626600454;14223;375;15411;15552;6.06;0.37;312.97;16.11;1188;69;5338.00;141
14223;65;626600470;14223;370;15413;15553;6.07;0.37;312.97;16.11;1190;69;5339.00;140
14228;65;626600486;14228;372;15416;15553;6.00;0.37;312.96;16.10;1188;69;5340.00;137
14230;65;626600500;14230;371;15417;15553;5.97;0.37;313.05;16.10;1187;69;5341.00;136
14230;65;626600515;14230;375;15419;15553;5.99;0.37;313.05;16.10;1189;69;5342.00;134
14234;65;626600529;14234;368;15422;15557;5.99;0.37;313.13;16.10;1188;69;5343.00;135
14240;65;626600545;14240;370;15424;15557;5.97;0.37;313.14;16.10;1184;69;5344.00;133
14245;65;626600559;14245;374;15425;15557;5.95;0.37;313.22;16.10;1180;69;5345.00;132
14246;65;626600574;14246;379;15428;15560;5.97;0.37;313.22;16.10;1182;69;5346.00;132
14249;66;626600588;14249;385;15428;15560;5.90;0.36;313.30;16.10;1179;70;5347.00;132
14252;66;626600612;14252;386;15429;15560;5.81;0.36;313.26;16.10;1177;70;5348.00;131
14253;66;626600627;14253;397;15432;15564;5.73;0.35;313.25;16.09;1179;70;5349.00;132
14253;66;626600641;14253;402;15434;15565;5.67;0.35;313.25;16.09;1181;70;5350.00;131
14255;66;626600655;14255;412;15434;15565;5.60;0.34;313.26;16.09;1179;70;5351.00;131
14256;66;626600669;14256;411;15438;15569;5.57;0.34;313.25;16.16;1182;70;5352.00;131
14257;66;626600684;14257;417;15438;15569;5.53;0.34;313.23;16.16;1181;70;5353.00;131
14259;66;626600697;14259;420;15438;15569;5.49;0.34;313.23;16.16;1179;70;5354.00;131
14261;66;626600710;14261;418;15440;15571;5.40;0.33;313.22;16.15;1179;70;5355.00;131
14262;66;626600724;14262;426;15440;15571;5.37;0.33;313.21;16.15;1178;70;5356.00;131
14264;66;626600737;14264;426;15444;15577;5.34;0.33;313.21;16.15;1180;70;5357.00;133
14266;66;626600751;14266;435;15444;15577;5.26;0.32;313.18;16.15;1178;70;5358.00;133
14268;66;626600764;14268;445;15445;15577;5.23;0.32;313.21;16.15;1177;70;5359.00;132
14270;66;626600778;14270;435;15445;15578;5.17;0.32;313.18;16.15;1175;70;5360.00;133
14273;66;626600791;14273;434;15445;15578;5.10;0.31;313.16;16.15;1172;70;5361.00;133
14275;66;626600803;14275;433;15445;15578;5.07;0.31;313.14;16.15;1170;70;5362.00;133
14276;66;626600816;14276;427;15445;15578;5.04;0.31;313.14;16.15;1169;70;5363.00;133
14279;66;626600829;14279;428;15455;15590;5.07;0.31;313.11;16.14;1176;70;5364.00;135
14281;66;626600847;14281;422;15455;15590;5.08;0.31;313.07;16.14;1174;70;5365.00;135
14281;66;626600860;14281;423;15456;15590;5.11;0.31;313.07;16.14;1175;70;5366.00;134
14282;66;626600872;14282;419;15456;15590;5.12;0.31;313.08;16.14;1174;70;5367.00;134
14287;66;626600885;14287;415;15456;15590;5.09;0.31;313.12;16.14;1169;70;5368.00;134
14287;66;626600897;14287;416;15456;15590;5.09;0.31;313.12;16.14;1169;70;5369.00;134
14289;66;626600911;14289;410;15459;15594;5.04;0.31;313.10;16.13;1170;70;5370.00;135
14292;66;626600924;14292;410;15459;15594;4.97;0.30;313.08;16.13;1167;70;5371.00;135
14296;66;626600937;14296;406;15462;15598;4.93;0.30;313.06;16.13;1166;71;5372.00;136
14300;66;626600954;14300;396;15463;15599;4.91;0.30;313.02;16.13;1163;71;5373.00;136
14305;66;626600967;14305;402;15466;15599;4.85;0.30;312.95;16.22;1161;71;5374.00;133
14306;66;626600981;14306;400;15466;15599;4.82;0.30;312.96;16.22;1160;71;5375.00;133
14309;66;626600993;14309;401;15476;15612;4.81;0.29;312.96;16.22;1167;71;5376.00;136
14314;66;626601006;14314;400;15476;15612;4.78;0.29;312.92;16.22;1162;71;5377.00;136
14318;66;626601018;14318;393;15479;15612;4.77;0.29;312.99;16.29;1161;71;5378.00;133
14322;66;626601030;14322;403;15480;15613;4.78;0.29;312.97;16.29;1158;71;5379.00;133
14323;66;626601042;14323;400;15482;15614;4.77;0.29;312.96;16.42;1159;71;5380.00;132
14326;66;626601055;14326;395;15482;15614;4.78;0.29;312.91;16.42;1156;71;5381.00;132
14328;66;626601067;14328;395;15485;15617;4.81;0.29;312.88;16.49;1157;71;5382.00;132
14328;66;626601080;14328;398;15485;15617;4.81;0.29;312.88;16.49;1157;71;5383.00;132
14329;66;626601092;14329;397;15486;15617;4.85;0.29;312.90;16.49;1157;71;5384.00;131
14329;66;626601104;14329;402;15486;15617;4.85;0.29;312.90;16.49;1157;71;5385.00;131
14330;66;626601116;14330;404;15490;15623;4.88;0.30;312.88;16.48;1160;71;5386.00;133
14332;66;626601129;14332;399;15492;15623;4.90;0.30;312.86;16.55;1160;71;5387.00;131
14334;66;626601141;14334;397;15492;15623;4.91;0.30;312.84;16.55;1158;71;5388.00;131
14336;66;626601154;14336;388;15494;15623;4.90;0.30;312.87;16.63;1158;71;5389.00;129
14337;66;626601167;14337;381;15497;15627;4.94;0.30;312.87;16.63;1160;71;5390.00;130
14338;66;626601186;14338;375;15498;15628;4.96;0.30;312.86;16.63;1160;71;5391.00;130
14342;66;626601211;14342;372;15498;15628;4.94;0.30;312.91;16.63;1156;71;5392.00;130
14342;66;626601234;14342;361;15499;15629;5.00;0.30;312.91;16.63;1157;71;5393.00;130
14343;67;626601271;14343;359;15499;15629;5.06;0.31;312.89;16.63;1156;72;5394.00;130
14344;67;626601308;14344;361;15499;15629;5.15;0.31;312.87;16.63;1155;72;5395.00;130
14345;67;626601326;14345;359;15499;15629;5.30;0.32;312.87;16.63;1154;72;5396.00;130
14345;67;626601342;14345;363;15499;15629;5.40;0.33;312.87;16.63;1154;72;5397.00;130
14347;67;626601370;14347;363;15500;15629;5.45;0.33;312.86;16.64;1153;72;5398.00;129
14348;67;626601385;14348;363;15501;15629;5.47;0.33;312.86;16.65;1153;72;5399.00;128
