step_arrived;step_collisions;step_duration;step_ended;step_halting;step_inserted;step_loaded;step_meanSpeed;step_meanSpeedRelative;step_meanTravelTime;step_meanWaitingTime;step_running;step_teleports;step_time;step_waiting
0;0;625575477;0;1;85;245;16.34;1.15;-1.00;0.00;85;0;0.00;160
0;0;625575505;0;1;97;245;15.51;1.08;-1.00;0.12;97;0;1.00;148
0;0;625575506;0;0;116;245;14.81;1.01;-1.00;0.43;116;0;2.00;129
0;0;625575507;0;2;133;245;13.65;0.92;-1.00;0.76;133;0;3.00;112
0;0;625575508;0;2;144;245;12.86;0.86;-1.00;1.01;144;0;4.00;101
0;0;625575509;0;4;154;245;11.94;0.80;-1.00;1.27;154;0;5.00;91
0;0;625575511;0;8;163;245;11.30;0.75;-1.00;1.53;163;0;6.00;82
0;0;625575513;0;12;172;245;10.63;0.71;-1.00;1.81;172;0;7.00;73
0;0;625575514;0;18;177;246;10.14;0.68;-1.00;1.99;177;0;8.00;69
0;0;625575517;0;18;184;247;9.65;0.64;-1.00;2.26;184;0;9.00;63
0;0;625575519;0;17;191;247;9.35;0.62;-1.00;2.50;191;0;10.00;56
0;0;625575521;0;23;194;248;9.25;0.61;-1.00;2.58;194;0;11.00;54
1;0;625575523;1;28;199;248;9.21;0.60;12.00;2.82;198;0;12.00;49
1;0;625575525;1;30;200;248;9.42;0.61;12.00;2.87;199;0;13.00;48
1;0;625575528;1;35;204;248;9.48;0.61;12.00;3.09;203;0;14.00;44
1;0;625575530;1;38;207;252;9.45;0.61;12.00;3.13;206;0;15.00;45
1;0;625575533;1;40;212;252;9.24;0.59;12.00;3.43;211;0;16.00;40
1;0;625575536;1;40;218;252;9.19;0.59;12.00;3.80;217;0;17.00;34
2;0;625575539;2;45;220;255;9.34;0.59;15.00;3.85;218;0;18.00;35
2;0;625575542;2;53;223;255;9.37;0.59;15.00;4.05;221;0;19.00;32
3;0;625575544;3;58;225;255;9.39;0.60;16.67;4.13;222;0;20.00;30
3;0;625575547;3;60;233;259;9.47;0.60;16.67;4.31;230;0;21.00;26
3;0;625575550;3;67;237;260;9.37;0.59;16.67;4.52;234;0;22.00;23
4;0;625575553;4;73;240;260;9.31;0.58;18.25;4.75;236;0;23.00;20
5;0;625575556;5;73;246;264;9.13;0.57;19.40;4.85;241;0;24.00;18
6;0;625575560;6;79;248;264;9.16;0.57;20.00;5.02;242;0;25.00;16
6;0;625575563;6;81;251;264;9.17;0.57;20.00;5.23;245;0;26.00;13
6;0;625575566;6;85;251;265;9.32;0.58;20.00;5.23;245;0;27.00;14
6;0;625575569;6;88;254;265;9.18;0.57;20.00;5.43;248;0;28.00;11
6;0;625575572;6;88;259;271;9.11;0.57;20.00;5.35;253;0;29.00;12
7;0;625575577;7;91;260;271;9.01;0.56;21.00;5.33;253;0;30.00;11
7;0;625575580;7;92;263;272;8.88;0.55;21.00;5.41;256;0;31.00;9
7;0;625575584;7;96;264;272;8.74;0.54;21.00;5.51;257;0;32.00;8
7;0;625575587;7;101;264;272;8.76;0.54;21.00;5.51;257;0;33.00;8
7;0;625575590;7;105;265;272;8.86;0.55;21.00;5.62;258;0;34.00;7
8;0;625575593;8;108;265;272;8.95;0.55;22.00;5.62;257;0;35.00;7
8;0;625575597;8;111;278;284;9.16;0.57;22.00;5.61;270;0;36.00;6
10;0;625575601;10;111;279;284;9.03;0.56;24.60;5.59;269;0;37.00;5
10;0;625575604;10;115;279;284;8.79;0.54;24.60;5.59;269;0;38.00;5
10;0;625575607;10;117;280;284;8.58;0.53;24.60;5.63;270;0;39.00;4
10;0;625575610;10;123;280;284;8.43;0.52;24.60;5.63;270;0;40.00;4
11;0;625575613;11;124;280;284;8.34;0.52;26.09;5.63;269;0;41.00;4
13;0;625575616;13;125;284;288;8.35;0.52;27.92;5.56;271;0;42.00;4
13;0;625575620;13;128;284;288;8.27;0.51;27.92;5.56;271;0;43.00;4
13;0;625575624;13;132;287;292;8.32;0.52;27.92;5.52;274;0;44.00;5
15;0;625575629;15;135;289;294;8.21;0.51;28.67;5.48;274;0;45.00;5
15;0;625575633;15;139;290;294;8.09;0.50;28.67;5.47;275;0;46.00;4
15;0;625575638;15;139;290;294;7.88;0.49;28.67;5.47;275;0;47.00;4
16;0;625575641;16;142;302;307;8.01;0.50;29.31;5.25;286;0;48.00;5
17;0;625575645;17;145;302;307;7.89;0.49;30.47;5.25;285;0;49.00;5
18;0;625575648;18;145;302;307;7.80;0.48;31.50;5.25;284;0;50.00;5
19;0;625575651;19;146;303;308;7.75;0.48;32.16;5.24;284;0;51.00;5
20;0;625575654;20;150;304;309;7.69;0.47;33.15;5.22;284;0;52.00;5
20;0;625575657;20;151;304;309;7.64;0.47;33.15;5.22;284;0;53.00;5
21;0;625575660;21;155;306;312;7.62;0.47;33.10;5.19;285;0;54.00;6
21;0;625575663;21;156;306;312;7.43;0.46;33.10;5.19;285;0;55.00;6
23;0;625575666;23;146;307;312;7.35;0.45;33.52;5.18;284;0;56.00;5
24;0;625575670;24;140;307;312;7.26;0.45;34.50;5.18;283;0;57.00;5
25;0;625575673;25;141;312;318;7.18;0.44;35.36;5.11;287;0;58.00;6
27;0;625575676;27;143;312;318;7.15;0.44;37.00;5.11;285;0;59.00;6
27;0;625575682;27;145;313;318;7.29;0.45;37.00;5.11;286;0;60.00;5
27;0;625575684;27;146;313;318;7.37;0.45;37.00;5.11;286;0;61.00;5
27;0;625575688;27;149;317;322;7.47;0.46;37.00;5.05;290;0;62.00;5
28;0;625575692;28;151;318;323;7.56;0.46;37.79;5.04;290;0;63.00;5
29;0;625575697;29;150;318;323;7.61;0.47;37.24;5.04;289;0;64.00;5
29;0;625575700;29;152;319;324;7.67;0.47;37.24;5.03;290;0;65.00;5
30;0;625575704;30;154;319;324;7.68;0.47;38.20;5.03;289;0;66.00;5
30;0;625575707;30;144;319;324;7.76;0.48;38.20;5.03;289;0;67.00;5
32;0;625575710;32;142;319;324;7.90;0.48;38.94;5.03;287;0;68.00;5
32;0;625575713;32;138;319;324;8.02;0.49;38.94;5.03;287;0;69.00;5
33;0;625575716;33;134;319;324;8.17;0.50;39.73;5.03;286;0;70.00;5
33;0;625575719;33;128;319;324;8.30;0.50;39.73;5.03;286;0;71.00;5
33;0;625575722;33;132;352;394;8.47;0.52;39.73;4.55;319;0;72.00;42
34;0;625575731;34;124;356;395;8.46;0.52;40.71;4.51;322;0;73.00;39
35;0;625575740;35;118;363;395;8.86;0.54;41.46;4.47;328;0;74.00;32
35;0;625575744;35;117;367;395;9.05;0.55;41.46;4.45;332;0;75.00;28
35;0;625575747;35;112;372;395;9.27;0.57;41.46;4.44;337;0;76.00;23
37;0;625575757;37;111;376;395;9.35;0.57;42.81;4.45;339;0;77.00;19
37;0;625575760;37;115;378;395;9.42;0.57;42.81;4.46;341;0;78.00;17
38;0;625575765;38;113;378;395;9.38;0.57;43.34;4.46;340;0;79.00;17
39;0;625575768;39;113;380;396;9.40;0.57;44.28;4.46;341;0;80.00;16
40;0;625575773;40;114;381;397;9.40;0.57;45.20;4.45;341;0;81.00;16
40;0;625575777;40;119;382;397;9.41;0.57;45.20;4.46;342;0;82.00;15
40;0;625575780;40;126;386;401;9.24;0.56;45.20;4.42;346;0;83.00;15
40;0;625575784;40;127;386;401;9.18;0.56;45.20;4.42;346;0;84.00;15
41;0;625575788;41;128;386;401;9.13;0.56;46.17;4.42;345;0;85.00;15
41;0;625575792;41;131;386;401;9.04;0.55;46.17;4.42;345;0;86.00;15
42;0;625575796;42;132;390;407;8.99;0.55;47.14;4.39;348;0;87.00;17
42;0;625575801;42;137;390;407;8.80;0.54;47.14;4.39;348;0;88.00;17
42;0;625575811;42;140;391;407;8.64;0.53;47.14;4.39;349;0;89.00;16
42;0;625575817;42;141;394;413;8.55;0.52;47.14;4.35;352;0;90.00;19
44;0;625575821;44;136;395;413;8.41;0.51;49.02;4.34;351;0;91.00;18
47;0;625575825;47;140;395;413;8.31;0.50;51.64;4.34;348;0;92.00;18
48;0;625575829;48;145;397;414;8.32;0.50;52.50;4.33;349;0;93.00;17
49;0;625575833;49;144;398;415;8.38;0.51;53.35;4.32;349;0;94.00;17
50;0;625575837;50;143;399;415;8.33;0.51;54.16;4.33;349;0;95.00;16
51;0;625575841;51;142;409;428;8.32;0.51;54.98;4.22;358;0;96.00;19
53;0;625575846;53;140;410;428;8.41;0.51;56.55;4.21;357;0;97.00;18
54;0;625575850;54;141;410;428;8.46;0.51;55.98;4.21;356;0;98.00;18
56;0;625575854;56;136;411;429;8.57;0.52;57.52;4.20;355;0;99.00;18
57;0;625575858;57;132;411;429;8.74;0.53;58.26;4.20;354;0;100.00;18
57;0;625575867;57;130;413;433;8.87;0.54;58.26;4.19;356;0;101.00;20
58;0;625575872;58;121;413;433;8.94;0.54;58.86;4.19;355;0;102.00;20
61;0;625575877;61;116;418;437;9.00;0.55;60.90;4.15;357;0;103.00;19
61;0;625575882;61;110;418;437;9.18;0.56;60.90;4.15;357;0;104.00;19
61;0;625575886;61;109;418;437;9.38;0.57;60.90;4.15;357;0;105.00;19
64;0;625575892;64;103;418;437;9.52;0.58;62.97;4.15;354;0;106.00;19
64;0;625575897;64;100;418;437;9.61;0.59;62.97;4.15;354;0;107.00;19
64;0;625575901;64;93;428;449;9.81;0.60;62.97;4.06;364;0;108.00;21
66;0;625575906;66;85;429;449;9.94;0.61;64.36;4.05;363;0;109.00;20
68;0;625575911;68;85;430;449;10.14;0.62;65.35;4.04;362;0;110.00;19
68;0;625575916;68;80;430;449;10.38;0.64;65.35;4.04;362;0;111.00;19
69;0;625575921;69;76;430;449;10.58;0.65;66.00;4.04;361;0;112.00;19
69;0;625575926;69;72;430;449;10.86;0.67;66.00;4.04;361;0;113.00;19
69;0;625575931;69;72;431;450;11.10;0.68;66.00;4.04;362;0;114.00;19
70;0;625575936;70;70;431;450;11.26;0.69;66.70;4.04;361;0;115.00;19
70;0;625575941;70;70;435;456;11.45;0.70;66.70;4.01;365;0;116.00;21
71;0;625575948;71;68;438;457;11.50;0.70;67.37;4.25;367;0;117.00;19
72;0;625575954;72;68;438;457;11.66;0.71;67.40;4.25;366;0;118.00;19
72;0;625575959;72;66;438;457;11.76;0.72;67.40;4.25;366;0;119.00;19
72;0;625575973;72;73;444;462;11.86;0.73;67.40;4.57;372;0;120.00;18
74;0;625575979;74;72;446;462;12.02;0.74;68.81;4.77;372;0;121.00;16
76;0;625575985;76;73;447;462;12.17;0.74;70.13;5.04;371;0;122.00;15
76;0;625575991;76;73;449;463;12.23;0.75;70.13;5.13;373;0;123.00;14
79;0;625575997;79;76;456;467;12.15;0.74;72.00;5.56;377;0;124.00;11
79;0;625576003;79;77;458;467;12.18;0.74;72.00;5.82;379;0;125.00;9
81;0;625576009;81;80;460;470;12.24;0.75;73.15;5.79;379;0;126.00;10
81;0;625576017;81;83;463;470;12.27;0.75;73.15;6.00;382;0;127.00;7
81;0;625576023;81;85;464;470;12.31;0.75;73.15;6.07;383;0;128.00;6
81;0;625576030;81;86;464;470;12.41;0.76;73.15;6.07;383;0;129.00;6
84;0;625576037;84;89;469;474;12.41;0.76;74.73;6.23;385;0;130.00;5
85;0;625576044;85;86;469;474;12.47;0.76;75.35;6.23;384;0;131.00;5
86;0;625576050;86;86;472;474;12.48;0.76;76.00;6.28;386;0;132.00;2
88;0;625576057;88;87;472;474;12.49;0.76;77.09;6.28;384;0;133.00;2
90;0;625576063;90;87;474;475;12.38;0.76;78.22;6.34;384;0;134.00;1
93;0;625576070;93;89;476;477;12.24;0.75;78.89;6.31;383;0;135.00;1
95;0;625576077;95;92;477;477;12.13;0.74;79.34;6.33;382;0;136.00;0
97;0;625576084;97;93;478;478;12.11;0.74;80.49;6.32;381;0;137.00;0
99;0;625576091;99;94;478;478;12.06;0.74;80.72;6.32;379;0;138.00;0
99;0;625576098;99;98;478;478;12.05;0.74;80.72;6.32;379;0;139.00;0
99;0;625576104;99;101;478;478;12.03;0.74;80.72;6.32;379;0;140.00;0
102;0;625576110;102;101;478;478;11.90;0.73;82.11;6.32;376;0;141.00;0
103;0;625576116;103;101;478;478;11.78;0.73;81.99;6.32;375;0;142.00;0
104;0;625576122;104;102;478;478;11.69;0.72;81.65;6.32;374;0;143.00;0
106;0;625576128;106;126;552;605;11.35;0.72;82.40;5.48;446;0;144.00;53
108;0;625576147;108;121;555;606;11.23;0.71;83.33;5.45;447;0;145.00;51
111;0;625576154;111;118;562;606;11.25;0.71;84.50;5.41;451;0;146.00;44
113;0;625576160;113;119;567;606;11.19;0.70;84.97;5.39;454;0;147.00;39
116;0;625576167;116;123;574;606;11.12;0.70;85.93;5.37;458;0;148.00;32
118;1;625576173;118;122;578;606;11.02;0.69;86.69;5.37;460;1;149.00;28
120;1;625576197;120;125;583;611;10.89;0.68;87.72;5.37;463;1;150.00;28
123;1;625576210;123;123;585;611;10.82;0.68;88.02;5.37;462;1;151.00;26
124;1;625576217;124;125;588;612;10.91;0.68;88.06;5.38;464;1;152.00;24
125;1;625576225;125;124;590;613;10.98;0.69;87.43;5.40;465;1;153.00;23
126;1;625576235;126;124;594;613;11.06;0.69;87.39;5.43;468;1;154.00;19
127;1;625576244;127;127;598;614;10.98;0.68;87.86;5.44;471;1;155.00;16
129;1;625576254;129;127;601;614;10.96;0.68;88.71;5.47;472;1;156.00;13
129;1;625576261;129;135;603;614;10.89;0.68;88.71;5.50;474;1;157.00;11
131;1;625576268;131;137;606;614;10.85;0.67;88.85;5.53;475;1;158.00;8
133;1;625576280;133;142;609;618;10.78;0.67;89.65;5.51;476;1;159.00;9
135;1;625576289;135;148;610;618;10.67;0.66;90.67;5.53;475;1;160.00;8
136;1;625576296;136;146;610;618;10.52;0.65;91.08;5.53;474;1;161.00;8
136;1;625576304;136;149;613;621;10.47;0.64;91.08;5.53;477;1;162.00;8
138;1;625576312;138;149;613;621;10.32;0.64;92.09;5.53;475;1;163.00;8
140;1;625576324;140;151;614;621;10.23;0.63;93.11;5.55;474;1;164.00;7
141;1;625576331;141;150;617;625;10.18;0.63;93.55;5.52;476;1;165.00;8
143;1;625576338;143;148;618;626;10.12;0.63;94.47;5.52;475;1;166.00;8
145;1;625576345;145;146;618;626;9.96;0.61;95.36;5.52;473;1;167.00;8
147;1;625576350;147;147;623;630;9.85;0.61;95.83;5.51;476;1;168.00;7
150;1;625576356;150;152;625;630;9.64;0.60;96.89;5.53;475;1;169.00;5
153;1;625576363;153;141;625;630;9.54;0.59;96.90;5.53;472;1;170.00;5
158;2;625576369;158;137;626;631;9.43;0.58;98.26;5.52;468;2;171.00;5
158;2;625576386;158;130;629;631;9.39;0.58;98.26;5.59;471;2;172.00;2
158;2;625576392;158;126;634;637;9.45;0.58;98.26;5.56;476;2;173.00;3
159;2;625576399;159;124;634;637;9.45;0.58;98.27;5.56;475;2;174.00;3
160;2;625576405;160;124;636;638;9.37;0.58;98.61;5.55;476;2;175.00;2
160;2;625576411;160;132;637;638;9.32;0.57;98.61;5.59;477;2;176.00;1
161;2;625576422;161;123;638;638;9.33;0.57;98.98;5.58;477;2;177.00;0
162;2;625576429;162;120;638;638;9.43;0.58;99.01;5.58;476;2;178.00;0
163;2;625576434;163;124;638;638;9.57;0.59;99.34;5.58;475;2;179.00;0
163;2;625576442;163;123;669;672;9.70;0.60;99.34;5.33;506;2;180.00;3
163;2;625576451;163;118;669;672;9.89;0.61;99.34;5.33;506;2;181.00;3
165;2;625576458;165;118;670;672;10.02;0.62;99.08;5.32;505;2;182.00;2
165;2;625576464;165;120;670;672;10.14;0.63;99.08;5.32;505;2;183.00;2
167;2;625576473;167;124;671;672;10.16;0.63;99.64;5.32;504;2;184.00;1
170;2;625576479;170;126;671;672;10.17;0.63;100.44;5.32;501;2;185.00;1
170;2;625576486;170;133;676;676;10.19;0.63;100.44;5.29;506;2;186.00;0
171;2;625576493;171;136;676;676;10.20;0.63;100.19;5.29;505;2;187.00;0
173;2;625576499;173;140;679;680;10.18;0.63;100.29;5.28;506;2;188.00;1
175;2;625576506;175;149;680;681;10.08;0.62;99.94;5.27;505;2;189.00;1
180;2;625576513;180;156;681;681;9.95;0.61;101.13;5.26;501;2;190.00;0
182;2;625576520;182;165;681;681;9.81;0.61;101.97;5.26;499;2;191.00;0
184;2;625576527;184;167;693;694;9.68;0.60;101.76;5.17;509;2;192.00;1
189;2;625576534;189;170;693;694;9.54;0.59;102.93;5.17;504;2;193.00;1
193;2;625576541;193;172;694;694;9.44;0.58;102.61;5.17;501;2;194.00;0
193;2;625576548;193;178;695;695;9.40;0.58;102.61;5.16;502;2;195.00;0
200;2;625576555;200;184;696;696;9.24;0.57;102.78;5.16;496;2;196.00;0
204;2;625576562;204;185;696;696;9.07;0.56;102.43;5.16;492;2;197.00;0
206;2;625576569;206;189;698;699;8.98;0.55;102.43;5.14;492;2;198.00;1
206;2;625576576;206;194;699;699;8.91;0.55;102.43;5.14;493;2;199.00;0
208;2;625576584;208;199;699;699;8.77;0.54;103.09;5.14;491;2;200.00;0
209;2;625576594;209;201;699;699;8.59;0.53;102.84;5.14;490;2;201.00;0
210;2;625576601;210;205;704;705;8.45;0.52;102.51;5.11;494;2;202.00;1
214;2;625576609;214;211;704;705;8.26;0.51;102.95;5.11;490;2;203.00;1
215;2;625576616;215;220;705;705;8.18;0.50;103.31;5.10;490;2;204.00;0
216;2;625576622;216;224;705;705;8.05;0.49;103.12;5.10;489;2;205.00;0
217;2;625576628;217;229;709;709;7.98;0.49;102.76;5.08;492;2;206.00;0
220;2;625576634;220;233;710;710;7.86;0.48;103.39;5.07;490;2;207.00;0
221;2;625576641;221;237;710;710;7.81;0.48;103.84;5.07;489;2;208.00;0
221;2;625576647;221;242;711;711;7.74;0.47;103.84;5.07;490;2;209.00;0
222;2;625576655;222;246;711;711;7.68;0.47;103.67;5.07;489;2;210.00;0
222;2;625576661;222;248;711;711;7.63;0.47;103.67;5.07;489;2;211.00;0
223;2;625576668;223;251;711;711;7.54;0.46;103.75;5.07;488;2;212.00;0
226;2;625576674;226;253;711;711;7.46;0.46;103.69;5.07;485;2;213.00;0
227;2;625576679;227;253;711;711;7.42;0.46;103.99;5.07;484;2;214.00;0
228;2;625576686;228;256;711;711;7.35;0.45;104.47;5.07;483;2;215.00;0
230;2;625576692;230;267;753;781;7.48;0.46;103.90;4.78;523;2;216.00;28
232;3;625576703;232;249;755;782;7.43;0.46;104.81;4.77;523;3;217.00;27
233;3;625576723;233;245;762;782;7.59;0.47;105.03;4.75;529;3;218.00;20
233;3;625576734;233;231;765;782;7.77;0.48;105.03;4.74;532;3;219.00;17
236;3;625576741;236;215;769;782;8.05;0.49;106.12;4.74;533;3;220.00;13
236;3;625576748;236;207;773;782;8.33;0.51;106.12;4.74;537;3;221.00;9
236;3;625576754;236;199;778;782;8.62;0.53;106.12;4.75;542;3;222.00;4
237;3;625576761;237;192;780;782;8.75;0.54;106.61;4.75;543;3;223.00;2
237;3;625576769;237;190;782;783;8.83;0.54;106.61;4.75;545;3;224.00;1
237;3;625576788;237;183;785;785;8.92;0.55;106.61;4.75;548;3;225.00;0
239;3;625576802;239;168;785;785;9.05;0.56;106.57;4.75;546;3;226.00;0
241;3;625576810;241;154;789;789;9.09;0.56;107.35;4.73;548;3;227.00;0
244;3;625576824;244;142;789;789;9.24;0.57;107.71;4.73;545;3;228.00;0
246;3;625576833;246;137;789;789;9.30;0.57;108.67;4.73;543;3;229.00;0
246;3;625576840;246;131;789;789;9.45;0.58;108.67;4.73;543;3;230.00;0
250;3;625576854;250;122;794;795;9.57;0.59;109.73;4.70;544;3;231.00;1
251;3;625576863;251;118;794;795;9.71;0.59;109.64;4.70;543;3;232.00;1
253;3;625576871;253;115;795;795;9.81;0.60;109.91;4.70;542;3;233.00;0
255;3;625576879;255;111;797;798;9.93;0.61;110.13;4.69;542;3;234.00;1
255;3;625576887;255;109;798;798;10.07;0.61;110.13;4.69;543;3;235.00;0
257;3;625576896;257;104;798;798;10.17;0.62;110.33;4.69;541;3;236.00;0
257;3;625576903;257;98;799;799;10.20;0.62;110.33;4.68;542;3;237.00;0
258;3;625576911;258;91;800;800;10.32;0.63;110.82;4.68;542;3;238.00;0
262;3;625576919;262;93;800;800;10.32;0.63;111.31;4.68;538;3;239.00;0
263;3;625576928;263;96;824;826;10.18;0.63;111.63;4.54;561;3;240.00;2
266;3;625576938;266;92;825;826;10.24;0.63;112.83;4.54;559;3;241.00;1
267;3;625576946;267;90;826;826;10.30;0.63;113.24;4.53;559;3;242.00;0
271;3;625576954;271;97;827;827;10.36;0.63;114.82;4.53;556;3;243.00;0
272;3;625576961;272;100;827;827;10.37;0.63;115.07;4.53;555;3;244.00;0
275;3;625576969;275;104;830;831;10.43;0.64;116.12;4.51;555;3;245.00;1
277;3;625576977;277;107;830;831;10.45;0.64;116.46;4.51;553;3;246.00;1
282;3;625576984;282;115;835;835;10.39;0.63;117.54;4.50;553;3;247.00;0
285;3;625576992;285;116;835;835;10.43;0.63;117.64;4.50;550;3;248.00;0
288;3;625577007;288;119;835;835;10.45;0.63;118.53;4.50;547;3;249.00;0
291;3;625577015;291;122;835;835;10.45;0.63;118.85;4.50;544;3;250.00;0
293;3;625577022;293;130;835;835;10.49;0.64;119.72;4.50;542;3;251.00;0
295;3;625577029;295;133;846;847;10.50;0.64;120.24;4.44;551;3;252.00;1
298;3;625577037;298;137;846;847;10.34;0.63;120.41;4.44;548;3;253.00;1
298;3;625577044;298;142;847;847;10.28;0.63;120.41;4.43;549;3;254.00;0
299;3;625577059;299;149;847;847;10.19;0.62;120.41;4.43;548;3;255.00;0
300;3;625577066;300;152;847;847;10.10;0.61;120.38;4.43;547;3;256.00;0
301;3;625577076;301;157;847;847;10.07;0.61;120.76;4.43;546;3;257.00;0
303;3;625577083;303;161;848;848;10.06;0.61;120.95;4.43;545;3;258.00;0
304;3;625577091;304;164;848;848;10.05;0.61;120.93;4.43;544;3;259.00;0
304;3;625577104;304;160;853;854;10.04;0.61;120.93;4.41;549;3;260.00;1
305;3;625577119;305;155;854;855;10.02;0.61;120.99;4.41;549;3;261.00;1
306;3;625577126;306;149;855;855;10.03;0.61;120.82;4.40;549;3;262.00;0
308;3;625577134;308;145;855;855;9.99;0.61;120.81;4.40;547;3;263.00;0
309;3;625577147;309;143;859;859;10.02;0.61;120.81;4.38;550;3;264.00;0
312;3;625577154;312;141;859;859;10.05;0.61;121.31;4.38;547;3;265.00;0
315;3;625577161;315;140;859;859;10.16;0.62;121.75;4.38;544;3;266.00;0
319;3;625577168;319;140;860;860;10.27;0.62;122.55;4.38;541;3;267.00;0
323;3;625577174;323;141;864;864;10.28;0.62;122.53;4.36;541;3;268.00;0
326;3;625577181;326;134;864;864;10.35;0.63;123.38;4.36;538;3;269.00;0
329;3;625577190;329;131;867;870;10.44;0.63;123.50;4.35;538;3;270.00;3
331;3;625577197;331;126;867;870;10.52;0.63;123.63;4.35;536;3;271.00;3
337;3;625577204;337;113;868;870;10.55;0.63;124.13;4.35;531;3;272.00;2
337;3;625577211;337;108;868;870;10.66;0.64;124.13;4.35;531;3;273.00;2
339;4;625577218;339;101;871;874;10.78;0.65;124.32;4.34;532;4;274.00;3
340;4;625577240;340;96;871;874;10.99;0.66;124.55;4.34;531;4;275.00;3
341;4;625577251;341;93;872;874;11.11;0.67;124.57;4.34;531;4;276.00;2
343;4;625577271;343;89;872;874;11.26;0.68;124.67;4.34;529;4;277.00;2
343;4;625577283;343;85;874;875;11.40;0.69;124.67;4.34;531;4;278.00;1
343;4;625577295;343;83;875;876;11.54;0.70;124.67;4.33;532;4;279.00;1
344;4;625577309;344;82;876;876;11.55;0.70;124.60;4.33;532;4;280.00;0
349;4;625577319;349;78;877;877;11.55;0.70;124.47;4.33;528;4;281.00;0
349;5;625577331;349;79;877;877;11.52;0.70;124.47;4.33;528;5;282.00;0
350;5;625577357;350;77;877;877;11.51;0.70;124.31;4.33;527;5;283.00;0
350;5;625577366;350;75;877;877;11.61;0.70;124.31;4.33;527;5;284.00;0
352;5;625577375;352;77;877;877;11.61;0.71;124.30;4.33;525;5;285.00;0
353;5;625577383;353;76;877;877;11.64;0.71;124.75;4.33;524;5;286.00;0
353;5;625577393;353;76;877;877;11.73;0.71;124.75;4.33;524;5;287.00;0
357;5;625577400;357;91;948;1004;11.41;0.71;125.50;4.01;591;5;288.00;56
358;5;625577421;358;79;950;1005;11.49;0.71;125.44;4.00;592;5;289.00;55
360;5;625577430;360;80;958;1005;11.66;0.72;126.18;3.99;598;5;290.00;47
360;5;625577439;360;80;961;1005;11.77;0.73;126.18;3.98;601;5;291.00;44
362;5;625577447;362;79;968;1005;11.89;0.73;126.69;3.98;606;5;292.00;37
362;5;625577456;362;80;972;1005;12.03;0.74;126.69;3.99;610;5;293.00;33
364;5;625577465;364;85;977;1005;12.13;0.75;127.05;4.00;613;5;294.00;28
365;5;625577475;365;78;979;1005;12.14;0.75;127.11;4.00;614;5;295.00;26
368;5;625577484;368;75;983;1006;12.29;0.76;128.14;4.02;615;5;296.00;23
371;5;625577493;371;74;987;1007;12.39;0.76;127.81;4.04;616;5;297.00;20
374;5;625577502;374;78;989;1007;12.43;0.76;127.83;4.05;615;5;298.00;18
377;5;625577511;377;81;990;1008;12.36;0.76;127.53;4.05;613;5;299.00;18
378;5;625577530;378;86;995;1014;12.23;0.75;127.79;4.08;617;5;300.00;19
381;5;625577557;381;88;996;1014;12.20;0.75;128.87;4.09;615;5;301.00;18
383;5;625577569;383;93;998;1014;12.21;0.75;128.83;4.11;615;5;302.00;16
385;5;625577579;385;99;1002;1018;12.09;0.74;129.21;4.12;617;5;303.00;16
389;5;625577589;389;108;1004;1018;11.92;0.73;130.78;4.15;615;5;304.00;14
389;5;625577598;389;115;1007;1018;11.85;0.72;130.78;4.17;618;5;305.00;11
392;5;625577608;392;124;1011;1021;11.78;0.72;131.63;4.18;619;5;306.00;10
392;5;625577618;392;123;1012;1021;11.74;0.72;131.63;4.18;620;5;307.00;9
394;5;625577633;394;128;1012;1021;11.65;0.71;131.90;4.18;618;5;308.00;9
396;5;625577644;396;136;1015;1025;11.48;0.70;132.36;4.17;619;5;309.00;10
399;5;625577653;399;142;1016;1026;11.34;0.69;132.54;4.17;617;5;310.00;10
400;5;625577662;400;147;1017;1026;11.14;0.68;132.75;4.17;617;5;311.00;9
402;5;625577671;402;154;1022;1030;11.02;0.68;133.27;4.16;620;5;312.00;8
403;5;625577687;403;157;1022;1030;10.85;0.67;133.40;4.16;619;5;313.00;8
407;5;625577695;407;160;1022;1030;10.78;0.66;133.63;4.16;615;5;314.00;8
407;5;625577705;407;165;1024;1032;10.75;0.66;133.63;4.16;617;5;315.00;8
409;5;625577713;409;168;1024;1032;10.68;0.66;134.07;4.16;615;5;316.00;8
411;5;625577722;411;171;1029;1038;10.55;0.65;134.23;4.16;618;5;317.00;9
413;5;625577730;413;170;1029;1038;10.40;0.64;134.46;4.16;616;5;318.00;9
414;5;625577739;414;175;1030;1039;10.25;0.63;134.27;4.15;616;5;319.00;9
419;5;625577747;419;179;1033;1039;10.11;0.62;134.65;4.21;614;5;320.00;6
422;5;625577757;422;178;1036;1039;9.98;0.61;135.35;4.23;614;5;321.00;3
424;5;625577766;424;182;1037;1039;9.93;0.61;135.51;4.23;613;5;322.00;2
427;5;625577781;427;187;1038;1039;9.90;0.61;135.83;4.26;611;5;323.00;1
428;5;625577789;428;189;1049;1051;9.91;0.61;136.21;4.21;621;5;324.00;2
430;5;625577798;430;191;1050;1051;9.92;0.61;136.44;4.21;620;5;325.00;1
432;5;625577806;432;191;1051;1051;9.94;0.61;136.60;4.24;619;5;326.00;0
433;5;625577814;433;199;1051;1051;9.98;0.61;136.54;4.24;618;5;327.00;0
436;5;625577821;436;199;1051;1051;10.00;0.61;136.72;4.24;615;5;328.00;0
437;5;625577830;437;202;1051;1051;10.06;0.61;136.66;4.24;614;5;329.00;0
438;5;625577839;438;210;1055;1055;9.95;0.61;136.77;4.23;617;5;330.00;0
440;5;625577853;440;210;1055;1055;9.89;0.60;136.73;4.23;615;5;331.00;0
440;5;625577860;440;212;1058;1059;9.86;0.60;136.73;4.22;618;5;332.00;1
443;5;625577868;443;216;1060;1060;9.77;0.60;137.13;4.21;617;5;333.00;0
445;5;625577875;445;216;1060;1060;9.70;0.59;137.52;4.21;615;5;334.00;0
451;5;625577882;451;217;1060;1060;9.56;0.58;138.55;4.21;609;5;335.00;0
454;5;625577890;454;222;1073;1073;9.37;0.57;139.06;4.16;619;5;336.00;0
458;5;625577899;458;223;1073;1073;9.18;0.56;139.60;4.16;615;5;337.00;0
463;5;625577907;463;230;1073;1073;9.01;0.55;140.18;4.16;610;5;338.00;0
469;5;625577913;469;233;1074;1074;8.71;0.53;141.50;4.16;605;5;339.00;0
471;5;625577920;471;221;1075;1075;8.49;0.52;141.83;4.16;604;5;340.00;0
473;5;625577927;473;219;1075;1075;8.35;0.51;142.65;4.16;602;5;341.00;0
475;5;625577933;475;216;1077;1078;8.32;0.51;142.36;4.15;602;5;342.00;1
478;5;625577940;478;217;1078;1078;8.34;0.51;143.44;4.15;600;5;343.00;0
483;5;625577947;483;218;1078;1078;8.28;0.51;144.10;4.15;595;5;344.00;0
484;5;625577954;484;218;1078;1078;8.27;0.51;144.02;4.15;594;5;345.00;0
487;5;625577960;487;224;1083;1084;8.28;0.51;144.33;4.13;596;5;346.00;1
490;5;625577969;490;219;1083;1084;8.18;0.50;144.89;4.13;593;5;347.00;1
493;5;625577977;493;211;1084;1084;8.09;0.50;145.06;4.13;591;5;348.00;0
498;5;625577983;498;210;1084;1084;8.01;0.49;146.10;4.13;586;5;349.00;0
501;5;625577991;501;213;1087;1088;8.01;0.49;146.72;4.12;586;5;350.00;1
503;5;625577998;503;212;1088;1089;7.99;0.49;146.61;4.12;585;5;351.00;1
507;5;625578005;507;212;1088;1089;7.91;0.49;146.52;4.12;581;5;352.00;1
511;6;625578012;511;216;1090;1090;7.90;0.49;146.58;4.12;579;6;353.00;0
514;6;625578027;514;218;1090;1090;7.94;0.49;146.42;4.12;576;6;354.00;0
520;6;625578039;520;219;1090;1090;7.91;0.49;146.66;4.12;570;6;355.00;0
524;6;625578046;524;223;1090;1090;7.87;0.48;146.16;4.12;566;6;356.00;0
526;6;625578053;526;222;1090;1090;7.83;0.48;146.32;4.12;564;6;357.00;0
530;6;625578060;530;222;1090;1090;7.77;0.48;146.70;4.12;560;6;358.00;0
532;6;625578067;532;220;1090;1090;7.69;0.47;146.55;4.12;558;6;359.00;0
535;6;625578077;535;234;1158;1215;8.09;0.50;146.77;3.87;623;6;360.00;57
535;6;625578096;535;230;1164;1216;7.95;0.50;146.77;3.86;629;6;361.00;52
540;6;625578103;540;230;1180;1216;8.05;0.50;146.99;3.83;640;6;362.00;36
541;6;625578111;541;230;1187;1216;7.97;0.50;146.98;3.83;646;6;363.00;29
542;6;625578120;542;236;1191;1216;7.88;0.49;147.03;3.83;649;6;364.00;25
544;6;625578134;544;239;1196;1216;7.83;0.49;147.49;3.83;652;6;365.00;20
545;6;625578149;545;241;1200;1216;7.82;0.49;147.83;3.84;655;6;366.00;16
547;6;625578156;547;244;1202;1216;7.66;0.48;147.88;3.85;655;6;367.00;14
550;6;625578164;550;243;1206;1217;7.53;0.47;148.05;3.85;656;6;368.00;11
552;6;625578172;552;255;1207;1218;7.39;0.46;147.81;3.86;655;6;369.00;11
556;6;625578181;556;262;1210;1218;7.28;0.45;147.42;3.87;654;6;370.00;8
558;6;625578189;558;254;1216;1222;7.16;0.44;147.34;3.87;658;6;371.00;6
558;6;625578205;558;248;1217;1222;7.23;0.45;147.34;3.88;659;6;372.00;5
559;6;625578220;559;244;1218;1222;7.29;0.45;147.55;3.88;659;6;373.00;4
560;6;625578235;560;238;1220;1222;7.33;0.45;147.64;3.90;660;6;374.00;2
561;6;625578245;561;236;1225;1228;7.43;0.46;147.75;3.89;664;6;375.00;3
562;6;625578254;562;231;1226;1228;7.56;0.47;147.90;3.90;664;6;376.00;2
563;6;625578263;563;229;1227;1228;7.68;0.48;148.04;3.90;664;6;377.00;1
567;6;625578278;567;226;1230;1231;7.78;0.48;148.19;3.90;663;6;378.00;1
567;6;625578287;567;224;1231;1231;7.90;0.49;148.19;3.90;664;6;379.00;0
569;6;625578301;569;225;1231;1231;8.04;0.50;148.24;3.90;662;6;380.00;0
570;6;625578310;570;228;1232;1232;8.16;0.50;148.30;3.90;662;6;381.00;0
573;6;625578319;573;226;1233;1233;8.33;0.51;148.27;3.90;660;6;382.00;0
577;6;625578328;577;227;1233;1233;8.45;0.52;148.30;3.90;656;6;383.00;0
579;6;625578337;579;237;1246;1246;8.62;0.53;148.18;3.85;667;6;384.00;0
579;6;625578348;579;238;1246;1246;8.70;0.53;148.18;3.85;667;6;385.00;0
579;6;625578357;579;238;1246;1246;8.77;0.54;148.18;3.85;667;6;386.00;0
581;6;625578365;581;228;1247;1247;8.81;0.54;148.07;3.85;666;6;387.00;0
582;6;625578375;582;224;1247;1247;8.78;0.54;147.87;3.85;665;6;388.00;0
582;6;625578390;582;217;1250;1251;8.84;0.54;147.87;3.84;668;6;389.00;1
583;6;625578401;583;218;1250;1251;8.92;0.55;147.90;3.84;667;6;390.00;1
585;6;625578410;585;222;1255;1255;9.00;0.55;148.06;3.84;670;6;391.00;0
587;6;625578420;587;223;1255;1255;9.03;0.55;148.27;3.84;668;6;392.00;0
589;6;625578429;589;218;1255;1255;9.14;0.56;148.36;3.84;666;6;393.00;0
593;6;625578439;593;216;1255;1255;9.19;0.56;148.81;3.84;662;6;394.00;0
596;6;625578449;596;216;1255;1255;9.24;0.56;149.16;3.84;659;6;395.00;0
599;6;625578464;599;202;1266;1267;9.39;0.57;149.56;3.80;667;6;396.00;1
602;6;625578475;602;189;1267;1267;9.46;0.58;150.30;3.80;665;6;397.00;0
606;6;625578485;606;178;1267;1267;9.51;0.58;150.82;3.80;661;6;398.00;0
608;6;625578494;608;170;1267;1267;9.59;0.58;150.79;3.80;659;6;399.00;0
609;6;625578505;609;168;1267;1267;9.67;0.59;150.97;3.80;658;6;400.00;0
611;6;625578518;611;159;1267;1267;9.73;0.59;151.28;3.80;656;6;401.00;0
614;6;625578527;614;158;1268;1268;9.74;0.59;151.64;3.80;654;6;402.00;0
617;6;625578538;617;159;1268;1268;9.81;0.60;151.91;3.80;651;6;403.00;0
619;6;625578553;619;167;1273;1274;9.81;0.60;152.41;3.79;654;6;404.00;1
621;6;625578564;621;168;1275;1276;9.87;0.60;152.37;3.78;654;6;405.00;1
624;6;625578573;624;174;1276;1276;9.90;0.60;152.87;3.78;652;6;406.00;0
627;7;625578583;627;170;1276;1276;9.92;0.61;153.53;3.78;649;7;407.00;0
630;7;625578603;630;161;1280;1280;9.95;0.61;154.31;3.77;650;7;408.00;0
633;7;625578613;633;165;1280;1280;9.97;0.61;154.65;3.77;647;7;409.00;0
635;7;625578623;635;166;1280;1280;10.06;0.61;155.28;3.77;645;7;410.00;0
638;7;625578632;638;162;1281;1281;10.12;0.62;155.37;3.77;643;7;411.00;0
641;7;625578642;641;157;1285;1285;10.12;0.62;155.57;3.76;644;7;412.00;0
644;7;625578651;644;156;1285;1285;10.17;0.62;156.23;3.76;641;7;413.00;0
646;7;625578661;646;155;1287;1288;10.25;0.63;156.49;3.75;641;7;414.00;1
649;7;625578670;649;156;1288;1288;10.36;0.63;157.16;3.75;639;7;415.00;0
652;7;625578679;652;154;1288;1288;10.47;0.64;157.94;3.75;636;7;416.00;0
655;7;625578689;655;150;1288;1288;10.57;0.64;158.80;3.75;633;7;417.00;0
660;7;625578703;660;150;1291;1292;10.63;0.65;159.48;3.74;631;7;418.00;1
662;7;625578718;662;148;1292;1292;10.71;0.65;159.40;3.74;630;7;419.00;0
666;7;625578738;666;151;1292;1292;10.74;0.65;159.85;3.74;626;7;420.00;0
666;7;625578757;666;150;1292;1292;10.74;0.66;159.85;3.74;626;7;421.00;0
669;7;625578765;669;149;1293;1293;10.72;0.65;160.03;3.74;624;7;422.00;0
670;7;625578774;670;154;1294;1294;10.73;0.66;160.20;3.74;624;7;423.00;0
676;7;625578783;676;154;1294;1294;10.70;0.65;160.75;3.74;618;7;424.00;0
677;7;625578792;677;157;1295;1295;10.64;0.65;161.02;3.73;618;7;425.00;0
678;7;625578800;678;159;1295;1295;10.57;0.64;161.19;3.73;617;7;426.00;0
683;7;625578808;683;161;1295;1295;10.50;0.64;161.82;3.73;612;7;427.00;0
685;7;625578817;685;166;1295;1295;10.42;0.63;161.68;3.73;610;7;428.00;0
686;7;625578824;686;166;1295;1295;10.41;0.63;161.72;3.73;609;7;429.00;0
686;7;625578833;686;160;1295;1295;10.43;0.64;161.72;3.73;609;7;430.00;0
688;7;625578841;688;152;1295;1295;10.46;0.64;161.86;3.73;607;7;431.00;0
693;7;625578849;693;180;1376;1422;9.88;0.61;162.49;3.52;683;7;432.00;46
696;7;625578868;696;163;1377;1423;9.95;0.62;162.68;3.51;681;7;433.00;46
698;7;625578877;698;149;1382;1423;10.10;0.62;162.93;3.51;684;7;434.00;41
700;7;625578886;700;141;1384;1423;10.19;0.63;162.90;3.51;684;7;435.00;39
700;7;625578895;700;135;1389;1423;10.33;0.64;162.90;3.51;689;7;436.00;34
704;7;625578903;704;135;1391;1423;10.32;0.64;163.50;3.51;687;7;437.00;32
706;7;625578918;706;134;1396;1423;10.36;0.64;164.20;3.52;690;7;438.00;27
711;7;625578927;711;133;1398;1423;10.45;0.64;164.56;3.53;687;7;439.00;25
718;7;625578936;718;138;1402;1424;10.45;0.64;165.23;3.54;684;7;440.00;22
720;7;625578946;720;132;1405;1425;10.46;0.64;165.44;3.55;685;7;441.00;20
721;7;625578955;721;133;1409;1425;10.47;0.64;165.42;3.57;688;7;442.00;16
723;7;625578963;723;127;1411;1426;10.39;0.64;165.39;3.57;688;7;443.00;15
728;7;625578972;728;123;1413;1426;10.34;0.63;166.01;3.59;685;7;444.00;13
731;7;625578981;731;121;1416;1426;10.26;0.63;166.32;3.60;685;7;445.00;10
736;7;625578990;736;117;1418;1426;10.22;0.62;166.89;3.61;682;7;446.00;8
738;7;625579000;738;118;1420;1430;10.14;0.62;167.19;3.62;682;7;447.00;10
740;7;625579009;740;116;1422;1430;10.10;0.61;167.69;3.63;682;7;448.00;8
741;7;625579018;741;113;1422;1430;10.12;0.62;167.58;3.63;681;7;449.00;8
743;7;625579029;743;111;1426;1436;10.21;0.62;167.80;3.63;683;7;450.00;10
746;7;625579039;746;115;1426;1436;10.21;0.62;167.92;3.63;680;7;451.00;10
749;7;625579048;749;112;1427;1436;10.26;0.62;167.90;3.64;678;7;452.00;9
750;7;625579058;750;114;1430;1440;10.19;0.62;168.01;3.63;680;7;453.00;10
754;7;625579067;754;112;1432;1441;10.23;0.62;168.18;3.63;678;7;454.00;9
755;7;625579078;755;114;1432;1441;10.29;0.63;168.27;3.63;677;7;455.00;9
757;7;625579087;757;111;1435;1445;10.37;0.63;168.52;3.63;678;7;456.00;10
761;7;625579097;761;111;1437;1445;10.45;0.64;168.52;3.65;676;7;457.00;8
765;7;625579107;765;113;1437;1445;10.53;0.64;168.43;3.65;672;7;458.00;8
766;7;625579116;766;116;1439;1446;10.65;0.65;168.43;3.65;673;7;459.00;7
767;7;625579125;767;119;1441;1446;10.67;0.65;168.34;3.68;674;7;460.00;5
768;7;625579135;768;121;1445;1452;10.67;0.65;168.25;3.68;677;7;461.00;7
768;7;625579145;768;120;1447;1452;10.64;0.65;168.25;3.70;679;7;462.00;5
774;7;625579154;774;119;1448;1453;10.55;0.64;168.83;3.70;674;7;463.00;5
774;7;625579164;774;123;1449;1453;10.49;0.64;168.83;3.70;675;7;464.00;4
777;7;625579173;777;125;1449;1453;10.37;0.63;168.52;3.70;672;7;465.00;4
778;7;625579183;778;127;1449;1453;10.40;0.63;168.59;3.70;671;7;466.00;4
779;7;625579192;779;128;1449;1453;10.46;0.64;168.63;3.70;670;7;467.00;4
780;7;625579201;780;132;1459;1465;10.63;0.65;168.98;3.68;679;7;468.00;6
781;7;625579211;781;133;1460;1465;10.75;0.65;169.06;3.68;679;7;469.00;5
785;7;625579224;785;136;1462;1465;10.86;0.66;169.06;3.69;677;7;470.00;3
786;7;625579238;786;142;1462;1465;10.94;0.66;169.14;3.69;676;7;471.00;3
787;7;625579265;787;145;1462;1465;11.02;0.67;169.33;3.69;675;7;472.00;3
791;7;625579281;791;145;1464;1465;11.02;0.67;169.23;3.70;673;7;473.00;1
793;7;625579299;793;149;1467;1469;10.90;0.66;169.09;3.70;674;7;474.00;2
796;7;625579315;796;151;1467;1469;10.91;0.66;169.13;3.70;671;7;475.00;2
796;7;625579329;796;154;1471;1473;10.92;0.66;169.13;3.69;675;7;476.00;2
798;7;625579356;798;158;1472;1474;10.96;0.67;169.21;3.69;674;7;477.00;2
801;7;625579366;801;161;1474;1474;10.96;0.67;169.37;3.69;673;7;478.00;0
803;7;625579377;803;165;1474;1474;10.90;0.66;169.37;3.69;671;7;479.00;0
805;7;625579390;805;173;1494;1500;10.85;0.66;169.33;3.64;689;7;480.00;6
805;7;625579403;805;173;1494;1500;10.86;0.66;169.33;3.64;689;7;481.00;6
806;7;625579413;806;180;1497;1500;10.85;0.66;169.36;3.64;691;7;482.00;3
809;7;625579423;809;183;1500;1501;10.90;0.67;169.43;3.64;691;7;483.00;1
809;7;625579434;809;187;1502;1502;10.88;0.67;169.43;3.64;693;7;484.00;0
810;7;625579445;810;192;1502;1502;10.73;0.66;169.37;3.64;692;7;485.00;0
813;7;625579455;813;198;1504;1505;10.57;0.65;169.21;3.63;691;7;486.00;1
816;7;625579473;816;199;1504;1505;10.40;0.64;169.12;3.63;688;7;487.00;1
818;7;625579483;818;206;1505;1505;10.30;0.63;169.34;3.63;687;7;488.00;0
821;7;625579493;821;209;1505;1505;10.22;0.62;169.33;3.63;684;7;489.00;0
823;7;625579503;823;211;1510;1511;10.13;0.62;169.32;3.62;687;7;490.00;1
823;7;625579514;823;212;1510;1511;10.06;0.62;169.32;3.62;687;7;491.00;1
823;7;625579524;823;214;1511;1511;10.02;0.61;169.32;3.62;688;7;492.00;0
826;7;625579533;826;215;1511;1511;9.99;0.61;169.28;3.62;685;7;493.00;0
828;7;625579543;828;214;1515;1515;9.94;0.61;169.11;3.61;687;7;494.00;0
831;7;625579553;831;216;1517;1517;9.86;0.60;168.83;3.61;686;7;495.00;0
831;7;625579563;831;222;1517;1517;9.83;0.60;168.83;3.61;686;7;496.00;0
834;7;625579573;834;223;1518;1518;9.77;0.60;168.79;3.61;684;7;497.00;0
836;7;625579584;836;225;1518;1518;9.75;0.60;168.55;3.61;682;7;498.00;0
838;7;625579593;838;228;1518;1518;9.76;0.60;168.56;3.61;680;7;499.00;0
841;7;625579603;841;229;1518;1518;9.67;0.59;168.37;3.61;677;7;500.00;0
843;7;625579617;843;231;1518;1518;9.53;0.58;168.26;3.61;675;7;501.00;0
845;7;625579626;845;234;1518;1518;9.41;0.58;168.09;3.61;673;7;502.00;0
847;8;625579635;847;234;1518;1518;9.24;0.56;168.17;3.61;671;8;503.00;0
852;8;625579656;852;242;1558;1588;9.22;0.56;168.05;3.51;706;8;504.00;30
855;8;625579671;855;247;1562;1589;9.07;0.56;168.64;3.51;707;8;505.00;27
858;8;625579680;858;247;1571;1589;8.97;0.55;168.89;3.50;713;8;506.00;18
863;9;625579689;863;255;1576;1589;8.78;0.54;169.23;3.50;713;9;507.00;13
867;9;625579714;867;262;1581;1589;8.58;0.52;169.26;3.50;714;9;508.00;8
869;9;625579724;869;265;1582;1589;8.32;0.51;169.42;3.50;713;9;509.00;7
873;9;625579734;873;255;1586;1589;8.11;0.50;169.74;3.51;713;9;510.00;3
875;9;625579743;875;254;1588;1589;7.94;0.49;169.92;3.51;713;9;511.00;1
878;9;625579752;878;253;1590;1590;7.84;0.48;170.76;3.51;712;9;512.00;0
880;9;625579761;880;254;1591;1591;7.80;0.48;170.88;3.51;711;9;513.00;0
882;9;625579771;882;259;1591;1591;7.71;0.47;171.32;3.51;709;9;514.00;0
887;9;625579779;887;262;1595;1595;7.65;0.47;172.16;3.50;708;9;515.00;0
888;9;625579790;888;265;1595;1595;7.69;0.47;172.14;3.50;707;9;516.00;0
891;9;625579799;891;264;1595;1595;7.72;0.47;172.91;3.50;704;9;517.00;0
894;9;625579808;894;271;1595;1595;7.78;0.48;173.42;3.50;701;9;518.00;0
894;9;625579818;894;267;1600;1601;7.87;0.48;173.42;3.50;706;9;519.00;1
898;9;625579827;898;271;1601;1601;7.88;0.48;174.08;3.50;703;9;520.00;0
901;9;625579837;901;273;1601;1601;7.88;0.48;174.03;3.50;700;9;521.00;0
905;9;625579847;905;276;1604;1604;7.87;0.48;174.27;3.49;699;9;522.00;0
908;9;625579858;908;265;1604;1604;7.89;0.48;174.38;3.49;696;9;523.00;0
909;9;625579868;909;250;1604;1604;7.98;0.49;174.69;3.49;695;9;524.00;0
914;9;625579878;914;242;1605;1605;8.06;0.49;174.95;3.49;691;9;525.00;0
919;9;625579889;919;236;1606;1606;8.15;0.50;174.94;3.49;687;9;526.00;0
921;9;625579901;921;225;1606;1606;8.24;0.50;175.47;3.49;685;9;527.00;0
926;9;625579910;926;224;1619;1619;8.27;0.51;176.03;3.46;693;9;528.00;0
928;9;625579921;928;216;1619;1619;8.28;0.51;175.73;3.46;691;9;529.00;0
933;9;625579938;933;208;1619;1619;8.31;0.51;175.90;3.46;686;9;530.00;0
936;9;625579949;936;206;1620;1620;8.38;0.51;176.45;3.46;684;9;531.00;0
939;9;625579960;939;208;1620;1620;8.45;0.52;176.63;3.46;681;9;532.00;0
942;9;625579972;942;201;1623;1624;8.54;0.52;176.71;3.45;681;9;533.00;1
945;9;625579983;945;197;1623;1624;8.62;0.53;177.14;3.45;678;9;534.00;1
948;9;625579993;948;193;1628;1628;8.72;0.53;177.03;3.44;680;9;535.00;0
950;9;625580004;950;191;1628;1628;8.72;0.53;177.09;3.44;678;9;536.00;0
955;9;625580015;955;192;1628;1628;8.71;0.53;177.38;3.44;673;9;537.00;0
959;9;625580025;959;190;1628;1628;8.78;0.54;177.52;3.44;669;9;538.00;0
962;9;625580036;962;188;1628;1628;8.82;0.54;177.82;3.44;666;9;539.00;0
967;9;625580057;967;194;1658;1662;8.88;0.54;178.41;3.38;691;9;540.00;4
970;9;625580072;970;197;1658;1662;8.91;0.55;178.36;3.38;688;9;541.00;4
972;9;625580084;972;199;1659;1662;8.97;0.55;178.53;3.38;687;9;542.00;3
974;9;625580095;974;196;1659;1662;9.00;0.55;178.74;3.38;685;9;543.00;3
977;9;625580106;977;198;1660;1662;9.00;0.55;178.84;3.38;683;9;544.00;2
980;9;625580119;980;201;1660;1662;8.98;0.55;179.29;3.38;680;9;545.00;2
982;9;625580130;982;201;1662;1663;9.02;0.55;179.17;3.38;680;9;546.00;1
983;9;625580141;983;205;1662;1663;9.07;0.56;179.11;3.38;679;9;547.00;1
986;9;625580152;986;208;1667;1669;9.09;0.56;179.01;3.38;681;9;548.00;2
989;9;625580165;989;211;1668;1670;9.09;0.56;179.38;3.38;679;9;549.00;2
990;9;625580176;990;215;1669;1670;9.10;0.56;179.36;3.38;679;9;550.00;1
994;9;625580187;994;220;1669;1670;9.10;0.56;179.81;3.38;675;9;551.00;1
996;9;625580197;996;219;1674;1674;9.07;0.56;179.97;3.37;678;9;552.00;0
998;9;625580211;998;224;1674;1674;9.02;0.55;180.41;3.37;676;9;553.00;0
1002;9;625580222;1002;226;1674;1674;8.90;0.55;180.86;3.37;672;9;554.00;0
1006;9;625580234;1006;232;1675;1675;8.82;0.54;181.22;3.37;669;9;555.00;0
1008;9;625580246;1008;237;1679;1679;8.80;0.54;181.29;3.36;671;9;556.00;0
1010;9;625580258;1010;227;1679;1679;8.77;0.54;181.76;3.36;669;9;557.00;0
1014;9;625580269;1014;222;1681;1682;8.77;0.54;181.75;3.36;667;9;558.00;1
1020;9;625580282;1020;218;1681;1682;8.71;0.53;182.08;3.36;661;9;559.00;1
1024;9;625580293;1024;209;1682;1682;8.79;0.54;182.04;3.36;658;9;560.00;0
1028;9;625580304;1028;205;1682;1682;8.89;0.54;182.10;3.36;654;9;561.00;0
1031;9;625580315;1031;205;1685;1686;8.99;0.55;182.38;3.35;654;9;562.00;1
1033;9;625580325;1033;212;1685;1686;9.06;0.55;182.51;3.35;652;9;563.00;1
1037;9;625580336;1037;210;1686;1686;9.10;0.55;182.80;3.35;649;9;564.00;0
1041;9;625580347;1041;220;1686;1686;9.12;0.55;183.47;3.35;645;9;565.00;0
1043;9;625580357;1043;204;1687;1687;9.16;0.56;183.80;3.35;644;9;566.00;0
1044;9;625580368;1044;192;1688;1688;9.23;0.56;183.97;3.35;644;9;567.00;0
1045;9;625580378;1045;179;1688;1688;9.32;0.57;184.14;3.35;643;9;568.00;0
1048;9;625580389;1048;173;1689;1689;9.40;0.57;184.64;3.35;641;9;569.00;0
1051;9;625580401;1051;166;1689;1689;9.50;0.58;184.92;3.35;638;9;570.00;0
1053;9;625580412;1053;165;1689;1689;9.62;0.59;185.07;3.35;636;9;571.00;0
1055;9;625580423;1055;160;1689;1689;9.74;0.59;185.12;3.35;634;9;572.00;0
1060;9;625580433;1060;161;1689;1689;9.84;0.60;185.57;3.35;629;9;573.00;0
1061;9;625580444;1061;161;1689;1689;9.93;0.60;185.72;3.35;628;9;574.00;0
1065;9;625580459;1065;163;1689;1689;9.95;0.60;186.20;3.35;624;9;575.00;0
1068;9;625580470;1068;191;1769;1816;9.83;0.61;186.37;3.20;701;9;576.00;47
1071;9;625580490;1071;174;1772;1817;9.91;0.61;186.75;3.20;701;9;577.00;45
1075;9;625580502;1075;164;1780;1817;10.05;0.62;186.90;3.19;705;9;578.00;37
1079;9;625580513;1079;151;1782;1817;10.06;0.62;187.23;3.19;703;9;579.00;35
1082;9;625580524;1082;147;1788;1817;10.19;0.63;187.29;3.19;706;9;580.00;29
1083;9;625580534;1083;141;1790;1817;10.30;0.64;187.43;3.19;707;9;581.00;27
1087;9;625580550;1087;140;1794;1817;10.36;0.64;187.41;3.20;707;9;582.00;23
1089;9;625580561;1089;135;1796;1817;10.39;0.64;187.47;3.20;707;9;583.00;21
1091;9;625580571;1091;138;1801;1818;10.40;0.64;187.39;3.22;710;9;584.00;17
1096;9;625580582;1096;146;1805;1820;10.38;0.64;187.50;3.23;709;9;585.00;15
1099;9;625580594;1099;151;1808;1820;10.32;0.63;187.85;3.24;709;9;586.00;12
1102;9;625580604;1102;153;1812;1821;10.32;0.63;187.99;3.25;710;9;587.00;9
1102;9;625580620;1102;157;1814;1821;10.33;0.63;187.99;3.25;712;9;588.00;7
1105;9;625580631;1105;160;1815;1821;10.40;0.64;188.11;3.26;710;9;589.00;6
1106;9;625580644;1106;159;1816;1821;10.49;0.64;188.10;3.27;710;9;590.00;5
1109;9;625580667;1109;160;1819;1825;10.51;0.65;188.11;3.27;710;9;591.00;6
1111;9;625580682;1111;163;1821;1825;10.60;0.65;188.19;3.28;710;9;592.00;4
1113;9;625580695;1113;164;1822;1825;10.56;0.65;188.53;3.29;709;9;593.00;3
1114;9;625580707;1114;170;1824;1828;10.71;0.66;188.49;3.29;710;9;594.00;4
1115;9;625580719;1115;171;1825;1828;10.80;0.66;188.71;3.29;710;9;595.00;3
1116;9;625580730;1116;173;1826;1828;10.88;0.67;188.64;3.29;710;9;596.00;2
1117;9;625580740;1117;179;1830;1832;10.86;0.66;188.74;3.29;713;9;597.00;2
1121;9;625580751;1121;182;1832;1833;10.91;0.67;188.88;3.29;711;9;598.00;1
1124;9;625580762;1124;186;1832;1833;10.93;0.67;188.82;3.29;708;9;599.00;1
1126;9;625580775;1126;187;1844;1859;10.81;0.66;188.91;3.27;718;9;600.00;15
1128;9;625580794;1128;178;1845;1859;10.77;0.66;189.06;3.27;717;9;601.00;14
1131;9;625580805;1131;178;1846;1859;10.81;0.66;189.20;3.27;715;9;602.00;13
1133;9;625580822;1133;175;1847;1860;10.80;0.66;189.42;3.27;714;9;603.00;13
1136;9;625580833;1136;175;1848;1860;10.81;0.66;189.56;3.27;712;9;604.00;12
1140;9;625580843;1140;171;1852;1866;10.78;0.65;189.79;3.26;712;9;605.00;14
1142;9;625580861;1142;174;1853;1866;10.77;0.65;189.89;3.26;711;9;606.00;13
1147;9;625580871;1147;171;1856;1867;10.76;0.65;190.32;3.27;709;9;607.00;11
1150;9;625580881;1150;166;1856;1867;10.78;0.65;190.45;3.27;706;9;608.00;11
1152;9;625580893;1152;160;1858;1867;10.85;0.66;190.72;3.27;706;9;609.00;9
1158;9;625580903;1158;155;1858;1867;10.86;0.66;190.95;3.27;700;9;610.00;9
1162;9;625580914;1162;151;1858;1867;10.92;0.66;191.40;3.27;696;9;611.00;9
1164;9;625580924;1164;145;1868;1879;10.93;0.66;191.45;3.26;704;9;612.00;11
1168;9;625580935;1168;130;1870;1879;10.85;0.66;191.71;3.26;702;9;613.00;9
1173;9;625580946;1173;124;1870;1879;10.82;0.66;192.11;3.26;697;9;614.00;9
1175;9;625580957;1175;118;1871;1879;10.85;0.66;192.29;3.26;696;9;615.00;8
1179;9;625580967;1179;114;1871;1879;10.86;0.66;192.30;3.26;692;9;616.00;8
1185;9;625580977;1185;111;1871;1879;10.90;0.66;192.72;3.26;686;9;617.00;8
1190;9;625580994;1190;107;1876;1883;10.95;0.66;193.08;3.26;686;9;618.00;7
1191;9;625581005;1191;101;1876;1883;11.10;0.67;193.29;3.26;685;9;619.00;7
1195;9;625581022;1195;104;1879;1887;11.29;0.68;193.44;3.26;684;9;620.00;8
1196;9;625581033;1196;97;1880;1888;11.40;0.69;193.56;3.26;684;9;621.00;8
1200;9;625581043;1200;100;1881;1888;11.46;0.69;193.87;3.26;681;9;622.00;7
1204;9;625581054;1204;95;1881;1888;11.54;0.70;193.73;3.26;677;9;623.00;7
1206;9;625581064;1206;99;1890;1901;11.51;0.70;193.49;3.26;684;9;624.00;11
1209;9;625581075;1209;98;1890;1901;11.57;0.70;193.90;3.26;681;9;625.00;11
1213;9;625581086;1213;102;1890;1901;11.59;0.70;194.55;3.26;677;9;626.00;11
1217;9;625581097;1217;104;1891;1902;11.58;0.70;195.09;3.26;674;9;627.00;11
1218;9;625581108;1218;107;1891;1903;11.63;0.70;195.06;3.26;673;9;628.00;12
1220;9;625581118;1220;111;1891;1903;11.64;0.70;195.45;3.26;671;9;629.00;12
1221;9;625581130;1221;116;1897;1909;11.66;0.71;195.41;3.29;676;9;630.00;12
1223;9;625581141;1223;116;1898;1909;11.68;0.71;195.59;3.29;675;9;631.00;11
1226;9;625581152;1226;117;1900;1909;11.68;0.71;195.80;3.29;674;9;632.00;9
1227;9;625581163;1227;121;1900;1909;11.69;0.71;195.66;3.29;673;9;633.00;9
1232;9;625581176;1232;126;1904;1915;11.73;0.71;195.84;3.28;672;9;634.00;11
1234;9;625581192;1234;126;1905;1915;11.65;0.71;195.71;3.30;671;9;635.00;10
1234;9;625581203;1234;124;1906;1915;11.57;0.70;195.71;3.30;672;9;636.00;9
1236;9;625581213;1236;130;1906;1915;11.40;0.69;195.72;3.30;670;9;637.00;9
1238;9;625581224;1238;133;1910;1919;11.35;0.69;195.60;3.30;672;9;638.00;9
1241;9;625581237;1241;136;1911;1920;11.34;0.69;195.51;3.30;670;9;639.00;9
1242;9;625581252;1242;144;1912;1920;11.25;0.68;195.52;3.30;670;9;640.00;8
1242;9;625581270;1242;150;1915;1921;11.19;0.68;195.52;3.33;673;9;641.00;6
1242;9;625581285;1242;152;1915;1921;11.09;0.67;195.52;3.33;673;9;642.00;6
1244;9;625581307;1244;162;1917;1921;11.00;0.67;195.63;3.34;673;9;643.00;4
1247;9;625581322;1247;166;1917;1921;10.89;0.66;195.42;3.34;670;9;644.00;4
1249;9;625581335;1249;173;1917;1921;10.81;0.66;195.56;3.34;668;9;645.00;4
1251;9;625581350;1251;174;1917;1921;10.64;0.65;195.46;3.34;666;9;646.00;4
1253;9;625581361;1253;183;1919;1921;10.52;0.64;195.43;3.37;666;9;647.00;2
1255;9;625581371;1255;194;1958;1991;10.50;0.64;195.22;3.31;703;9;648.00;33
1256;9;625581389;1256;199;1963;1992;10.35;0.63;195.09;3.32;707;9;649.00;29
1260;9;625581399;1260;204;1972;1992;10.25;0.63;195.10;3.31;712;9;650.00;20
1261;9;625581411;1261;203;1978;1992;10.17;0.62;195.00;3.31;717;9;651.00;14
1262;9;625581421;1262;209;1983;1992;10.05;0.61;194.90;3.31;721;9;652.00;9
1262;9;625581432;1262;214;1987;1992;9.91;0.61;194.90;3.31;725;9;653.00;5
1263;9;625581442;1263;218;1989;1992;9.79;0.60;194.81;3.32;726;9;654.00;3
1264;9;625581452;1264;222;1989;1992;9.67;0.59;194.85;3.32;725;9;655.00;3
1264;9;625581463;1264;228;1992;1993;9.62;0.59;194.85;3.32;728;9;656.00;1
1267;10;625581473;1267;230;1993;1994;9.50;0.58;194.59;3.32;726;10;657.00;1
1269;10;625581504;1269;234;1994;1994;9.35;0.57;194.48;3.32;725;10;658.00;0
1271;10;625581515;1271;232;1998;1998;9.16;0.56;194.31;3.32;727;10;659.00;0
1274;10;625581528;1274;239;1998;1998;8.99;0.55;194.12;3.32;724;10;660.00;0
1276;10;625581538;1276;243;1998;1998;8.81;0.54;193.94;3.32;722;10;661.00;0
1277;10;625581555;1277;247;1998;1998;8.71;0.53;193.89;3.32;721;10;662.00;0
1279;10;625581565;1279;252;2003;2004;8.71;0.53;193.90;3.31;724;10;663.00;1
1280;10;625581575;1280;262;2004;2004;8.64;0.53;193.87;3.31;724;10;664.00;0
1280;10;625581585;1280;264;2004;2004;8.56;0.52;193.87;3.31;724;10;665.00;0
1282;10;625581595;1282;271;2007;2007;8.50;0.52;194.03;3.31;725;10;666.00;0
1284;10;625581606;1284;278;2007;2007;8.43;0.51;193.90;3.31;723;10;667.00;0
1285;10;625581616;1285;284;2007;2007;8.35;0.51;194.04;3.31;722;10;668.00;0
1286;10;625581625;1286;288;2008;2008;8.19;0.50;193.95;3.30;722;10;669.00;0
1288;10;625581635;1288;294;2009;2009;8.10;0.49;193.84;3.30;721;10;670.00;0
1291;10;625581645;1291;299;2009;2009;7.97;0.48;193.63;3.30;718;10;671.00;0
1292;10;625581655;1292;304;2022;2022;7.85;0.48;193.50;3.28;730;10;672.00;0
1294;10;625581665;1294;311;2022;2022;7.70;0.47;193.58;3.28;728;10;673.00;0
1297;10;625581675;1297;311;2022;2022;7.56;0.46;193.31;3.28;725;10;674.00;0
1301;10;625581684;1301;297;2024;2024;7.44;0.45;193.06;3.28;723;10;675.00;0
1304;10;625581694;1304;294;2024;2024;7.37;0.45;193.48;3.28;720;10;676.00;0
1306;10;625581703;1306;287;2027;2028;7.33;0.45;193.67;3.28;721;10;677.00;1
1309;10;625581720;1309;279;2027;2028;7.22;0.44;194.06;3.28;718;10;678.00;1
1312;10;625581729;1312;276;2032;2032;7.12;0.44;194.26;3.27;720;10;679.00;0
1315;10;625581738;1315;259;2032;2032;7.06;0.43;194.55;3.27;717;10;680.00;0
1316;10;625581748;1316;244;2032;2032;7.07;0.43;194.65;3.27;716;10;681.00;0
1320;10;625581765;1320;240;2032;2032;7.11;0.43;195.08;3.27;712;10;682.00;0
1326;10;625581776;1326;227;2032;2032;7.14;0.44;194.95;3.27;706;10;683.00;0
1327;10;625581786;1327;223;2042;2044;7.29;0.45;195.16;3.26;715;10;684.00;2
1329;10;625581798;1329;221;2042;2044;7.37;0.45;195.51;3.26;713;10;685.00;2
1331;10;625581808;1331;221;2044;2044;7.57;0.46;195.75;3.25;713;10;686.00;0
1333;10;625581819;1333;209;2044;2044;7.66;0.47;196.06;3.25;711;10;687.00;0
1335;10;625581830;1335;208;2044;2044;7.84;0.48;196.21;3.25;709;10;688.00;0
1336;10;625581840;1336;203;2044;2044;7.98;0.49;196.26;3.25;708;10;689.00;0
1339;10;625581852;1339;201;2045;2045;8.10;0.50;196.44;3.25;706;10;690.00;0
1342;10;625581863;1342;197;2045;2045;8.19;0.50;196.67;3.25;703;10;691.00;0
1344;10;625581875;1344;194;2050;2051;8.31;0.51;196.93;3.25;706;10;692.00;1
1344;10;625581887;1344;194;2052;2052;8.44;0.52;196.93;3.25;708;10;693.00;0
1349;10;625581900;1349;187;2052;2052;8.52;0.52;197.26;3.25;703;10;694.00;0
1351;10;625581911;1351;187;2052;2052;8.62;0.53;197.31;3.25;701;10;695.00;0
1354;10;625581923;1354;190;2056;2056;8.75;0.54;197.32;3.24;702;10;696.00;0
1355;10;625581935;1355;191;2056;2056;8.80;0.54;197.26;3.24;701;10;697.00;0
1359;10;625581947;1359;184;2056;2056;8.85;0.54;197.37;3.24;697;10;698.00;0
1364;10;625581965;1364;178;2057;2057;8.93;0.55;197.52;3.24;693;10;699.00;0
1366;10;625581979;1366;175;2061;2061;9.06;0.56;197.70;3.23;695;10;700.00;0
1374;10;625581996;1374;167;2061;2061;9.05;0.55;197.73;3.23;687;10;701.00;0
1378;10;625582009;1378;159;2063;2064;9.15;0.56;197.56;3.23;685;10;702.00;1
1384;10;625582021;1384;156;2063;2064;9.21;0.56;197.54;3.23;679;10;703.00;1
1387;10;625582032;1387;150;2064;2064;9.28;0.57;197.48;3.23;677;10;704.00;0
1390;10;625582043;1390;149;2064;2064;9.38;0.57;197.66;3.23;674;10;705.00;0
1396;10;625582053;1396;148;2067;2068;9.49;0.58;197.92;3.23;671;10;706.00;1
1398;10;625582065;1398;145;2067;2068;9.63;0.59;197.95;3.23;669;10;707.00;1
1405;10;625582076;1405;146;2068;2068;9.71;0.59;198.00;3.23;663;10;708.00;0
1410;10;625582086;1410;143;2068;2068;9.67;0.59;198.19;3.23;658;10;709.00;0
1414;10;625582098;1414;140;2069;2069;9.69;0.59;198.21;3.23;655;10;710.00;0
1420;10;625582108;1420;140;2070;2070;9.68;0.59;198.66;3.22;650;10;711.00;0
1422;10;625582118;1422;144;2070;2070;9.76;0.60;198.73;3.22;648;10;712.00;0
1427;10;625582128;1427;142;2071;2071;9.78;0.60;198.93;3.22;644;10;713.00;0
1431;10;625582138;1431;139;2071;2071;9.87;0.60;199.09;3.22;640;10;714.00;0
1433;10;625582148;1433;138;2071;2071;9.88;0.60;199.17;3.22;638;10;715.00;0
1438;10;625582165;1438;139;2071;2071;9.89;0.60;199.29;3.22;633;10;716.00;0
1441;10;625582175;1441;136;2071;2071;9.95;0.61;199.05;3.22;630;10;717.00;0
1445;10;625582186;1445;139;2071;2071;10.02;0.61;199.09;3.22;626;10;718.00;0
1449;10;625582196;1449;139;2071;2071;10.10;0.61;199.55;3.22;622;10;719.00;0
1452;10;625582207;1452;178;2192;2301;10.10;0.63;199.63;3.05;740;10;720.00;109
1457;10;625582237;1457;169;2202;2302;10.08;0.63;199.74;3.04;745;10;721.00;100
1459;10;625582250;1459;155;2214;2302;10.18;0.64;199.80;3.03;755;10;722.00;88
1462;10;625582262;1462;155;2221;2302;10.11;0.63;200.13;3.03;759;10;723.00;81
1465;10;625582273;1465;157;2229;2302;10.03;0.63;200.46;3.03;764;10;724.00;73
1467;10;625582284;1467;165;2235;2302;9.94;0.62;200.73;3.04;768;10;725.00;67
1470;10;625582295;1470;164;2241;2302;9.77;0.61;201.11;3.05;771;10;726.00;61
1472;10;625582311;1472;161;2247;2302;9.65;0.60;201.35;3.06;775;10;727.00;55
1475;10;625582322;1475;163;2250;2303;9.64;0.60;201.68;3.06;775;10;728.00;53
1476;10;625582333;1476;172;2256;2304;9.62;0.60;201.64;3.08;780;10;729.00;48
1481;10;625582344;1481;177;2260;2304;9.57;0.60;202.20;3.09;779;10;730.00;44
1485;10;625582355;1485;180;2264;2305;9.52;0.59;202.40;3.10;779;10;731.00;41
1487;10;625582367;1487;187;2267;2305;9.54;0.59;202.39;3.11;780;10;732.00;38
1494;10;625582377;1494;188;2274;2305;9.55;0.59;202.44;3.14;780;10;733.00;31
1498;10;625582389;1498;197;2276;2305;9.59;0.59;202.71;3.15;778;10;734.00;29
1500;10;625582400;1500;207;2281;2309;9.53;0.59;202.84;3.16;781;10;735.00;28
1505;10;625582417;1505;202;2283;2309;9.48;0.59;203.10;3.18;778;10;736.00;26
1509;10;625582428;1509;193;2286;2309;9.43;0.58;203.16;3.19;777;10;737.00;23
1510;10;625582450;1510;189;2288;2312;9.50;0.58;203.35;3.20;778;10;738.00;24
1514;10;625582462;1514;190;2290;2312;9.52;0.59;203.45;3.21;776;10;739.00;22
1517;10;625582484;1517;189;2291;2312;9.61;0.59;203.49;3.22;774;10;740.00;21
1519;10;625582496;1519;189;2296;2316;9.72;0.60;203.48;3.22;777;10;741.00;20
1524;10;625582508;1524;192;2299;2317;9.80;0.60;203.59;3.24;775;10;742.00;18
1528;10;625582521;1528;195;2299;2317;9.93;0.61;203.70;3.24;771;10;743.00;18
1533;10;625582532;1533;196;2305;2321;9.95;0.61;203.95;3.25;772;10;744.00;16
1536;10;625582545;1536;200;2305;2321;9.99;0.61;204.14;3.25;769;10;745.00;16
1537;10;625582556;1537;206;2306;2321;10.01;0.61;204.13;3.25;769;10;746.00;15
1539;10;625582568;1539;199;2309;2322;10.04;0.62;204.16;3.27;770;10;747.00;13
1543;11;625582580;1543;202;2309;2322;10.09;0.62;204.27;3.27;766;11;748.00;13
1544;11;625582603;1544;200;2313;2328;10.07;0.62;204.34;3.27;769;11;749.00;15
1547;11;625582617;1547;201;2314;2328;10.10;0.62;204.55;3.28;767;11;750.00;14
1551;11;625582629;1551;202;2316;2329;10.06;0.61;204.43;3.28;765;11;751.00;13
1552;11;625582640;1552;200;2318;2329;10.07;0.62;204.61;3.29;766;11;752.00;11
1556;11;625582651;1556;197;2318;2329;10.15;0.62;204.63;3.29;762;11;753.00;11
1559;11;625582664;1559;200;2319;2329;10.16;0.62;205.05;3.29;760;11;754.00;10
1564;11;625582676;1564;195;2319;2329;10.22;0.62;205.07;3.29;755;11;755.00;10
1566;12;625582689;1566;199;2329;2341;10.29;0.63;205.37;3.28;763;12;756.00;12
1569;12;625582730;1569;197;2330;2341;10.36;0.63;205.40;3.28;761;12;757.00;11
1573;12;625582741;1573;198;2333;2341;10.35;0.63;205.50;3.30;760;12;758.00;8
1575;12;625582758;1575;200;2333;2341;10.39;0.63;205.51;3.30;758;12;759.00;8
1575;12;625582769;1575;204;2333;2341;10.40;0.63;205.51;3.30;758;12;760.00;8
1579;12;625582780;1579;204;2333;2341;10.46;0.64;205.66;3.30;754;12;761.00;8
1583;12;625582797;1583;206;2337;2345;10.42;0.63;205.61;3.29;754;12;762.00;8
1584;13;625582814;1584;204;2337;2345;10.43;0.63;205.69;3.29;753;13;763.00;8
1586;13;625582831;1586;210;2340;2349;10.40;0.63;205.71;3.29;754;13;764.00;9
1588;13;625582843;1588;215;2342;2351;10.36;0.63;205.64;3.29;754;13;765.00;9
1590;13;625582857;1590;220;2343;2351;10.31;0.63;205.74;3.29;753;13;766.00;8
1592;14;625582868;1592;223;2343;2351;10.17;0.62;205.69;3.29;751;14;767.00;8
1595;14;625582885;1595;229;2353;2364;10.03;0.61;205.92;3.27;758;14;768.00;11
1596;14;625582896;1596;227;2353;2364;9.96;0.61;205.99;3.27;757;14;769.00;11
1597;14;625582921;1597;220;2354;2364;9.97;0.61;206.00;3.27;757;14;770.00;10
1599;14;625582932;1599;217;2356;2365;9.96;0.61;206.02;3.29;757;14;771.00;9
1601;14;625582942;1601;213;2356;2366;9.92;0.60;206.08;3.29;755;14;772.00;10
1603;14;625582952;1603;211;2356;2366;9.89;0.60;206.20;3.29;753;14;773.00;10
1606;14;625582963;1606;210;2358;2369;9.91;0.60;206.17;3.29;752;14;774.00;11
1607;14;625582974;1607;210;2358;2369;9.95;0.60;206.15;3.29;751;14;775.00;11
1609;14;625582984;1609;211;2359;2369;9.99;0.61;206.15;3.29;750;14;776.00;10
1612;14;625583000;1612;213;2359;2369;9.97;0.61;206.43;3.29;747;14;777.00;10
1613;14;625583010;1613;212;2363;2375;9.95;0.60;206.59;3.28;750;14;778.00;12
1616;14;625583020;1616;212;2363;2375;9.82;0.60;206.89;3.28;747;14;779.00;12
1620;14;625583032;1620;209;2364;2375;9.73;0.59;207.00;3.28;744;14;780.00;11
1625;14;625583042;1625;204;2364;2375;9.60;0.58;207.28;3.28;739;14;781.00;11
1629;14;625583052;1629;191;2367;2379;9.49;0.58;207.38;3.28;738;14;782.00;12
1634;14;625583062;1634;186;2368;2380;9.46;0.58;207.41;3.28;734;14;783.00;12
1635;14;625583071;1635;178;2368;2380;9.42;0.57;207.39;3.28;733;14;784.00;12
1637;14;625583081;1637;174;2371;2381;9.36;0.57;207.29;3.29;734;14;785.00;10
1641;14;625583091;1641;173;2371;2381;9.32;0.57;207.34;3.29;730;14;786.00;10
1643;14;625583101;1643;172;2371;2381;9.30;0.57;207.23;3.29;728;14;787.00;10
1644;14;625583110;1644;171;2371;2381;9.28;0.57;207.15;3.29;727;14;788.00;10
1646;14;625583119;1646;166;2371;2381;9.35;0.57;207.08;3.29;725;14;789.00;10
1647;14;625583128;1647;170;2371;2381;9.35;0.57;207.00;3.29;724;14;790.00;10
1651;14;625583137;1651;170;2371;2381;9.40;0.57;207.02;3.29;720;14;791.00;10
1652;14;625583147;1652;173;2404;2451;9.58;0.59;206.95;3.24;752;14;792.00;47
1653;14;625583162;1653;169;2404;2452;9.58;0.59;206.91;3.24;751;14;793.00;48
1657;14;625583172;1657;167;2412;2452;9.66;0.59;206.85;3.24;755;14;794.00;40
1658;14;625583181;1658;174;2413;2452;9.67;0.59;206.77;3.24;755;14;795.00;39
1659;14;625583191;1659;174;2417;2452;9.76;0.60;206.75;3.24;758;14;796.00;35
1660;14;625583201;1660;169;2422;2452;9.85;0.60;206.69;3.24;762;14;797.00;30
1665;14;625583211;1665;172;2426;2452;9.80;0.60;206.52;3.27;761;14;798.00;26
1667;14;625583221;1667;170;2427;2452;9.80;0.60;206.42;3.28;760;14;799.00;25
1672;14;625583232;1672;171;2432;2453;9.71;0.59;206.11;3.31;760;14;800.00;21
1673;14;625583263;1673;177;2434;2454;9.66;0.59;206.04;3.31;761;14;801.00;20
1677;14;625583280;1677;184;2436;2454;9.61;0.59;205.88;3.32;759;14;802.00;18
1678;14;625583297;1678;184;2442;2458;9.53;0.58;205.78;3.36;764;14;803.00;16
1680;14;625583312;1680;187;2442;2458;9.49;0.58;205.68;3.36;762;14;804.00;16
1684;14;625583327;1684;193;2443;2458;9.45;0.57;205.56;3.36;759;14;805.00;15
1687;14;625583344;1687;198;2445;2458;9.38;0.57;205.49;3.40;758;14;806.00;13
1688;14;625583359;1688;204;2448;2464;9.39;0.57;205.39;3.39;760;14;807.00;16
1689;14;625583372;1689;212;2451;2464;9.30;0.57;205.40;3.43;762;14;808.00;13
1692;14;625583383;1692;218;2451;2464;9.28;0.56;205.39;3.43;759;14;809.00;13
1693;14;625583397;1693;229;2456;2470;9.26;0.56;205.32;3.44;763;14;810.00;14
1694;14;625583409;1694;238;2457;2470;9.22;0.56;205.23;3.48;763;14;811.00;13
1695;14;625583420;1695;242;2459;2470;9.12;0.56;205.12;3.48;764;14;812.00;11
1696;14;625583431;1696;247;2461;2471;9.05;0.55;205.16;3.49;765;14;813.00;10
1699;14;625583441;1699;254;2465;2472;8.94;0.55;204.83;3.53;766;14;814.00;7
1702;14;625583452;1702;261;2467;2472;8.84;0.54;204.72;3.55;765;14;815.00;5
1702;14;625583463;1702;268;2477;2485;8.78;0.54;204.72;3.54;775;14;816.00;8
1704;14;625583475;1704;277;2479;2485;8.74;0.53;204.67;3.56;775;14;817.00;6
1705;14;625583491;1705;278;2480;2485;8.71;0.53;204.67;3.56;775;14;818.00;5
1709;14;625583502;1709;287;2483;2486;8.73;0.53;204.68;3.57;774;14;819.00;3
1712;14;625583512;1712;294;2484;2486;8.66;0.53;204.59;3.58;772;14;820.00;2
1714;14;625583523;1714;298;2487;2490;8.65;0.53;204.55;3.58;773;14;821.00;3
1715;14;625583533;1715;299;2489;2490;8.60;0.52;204.65;3.58;774;14;822.00;1
1716;14;625583543;1716;306;2493;2494;8.51;0.52;204.55;3.57;777;14;823.00;1
1716;14;625583552;1716;313;2494;2494;8.42;0.51;204.55;3.57;778;14;824.00;0
1717;14;625583562;1717;314;2494;2494;8.28;0.51;204.44;3.57;777;14;825.00;0
1720;14;625583571;1720;320;2494;2494;8.17;0.50;204.32;3.57;774;14;826.00;0
1721;14;625583581;1721;308;2494;2494;8.08;0.49;204.30;3.57;773;14;827.00;0
1721;14;625583591;1721;301;2504;2506;8.08;0.49;204.30;3.56;783;14;828.00;2
1726;14;625583602;1726;294;2505;2506;8.09;0.49;204.18;3.56;779;14;829.00;1
1727;14;625583612;1727;290;2506;2506;8.17;0.50;204.23;3.56;779;14;830.00;0
1729;14;625583621;1729;286;2506;2506;8.26;0.50;204.28;3.56;777;14;831.00;0
1729;14;625583632;1729;280;2506;2506;8.39;0.51;204.28;3.56;777;14;832.00;0
1729;14;625583649;1729;275;2506;2506;8.51;0.52;204.28;3.56;777;14;833.00;0
1729;14;625583659;1729;269;2507;2507;8.58;0.52;204.28;3.56;778;14;834.00;0
1730;14;625583669;1730;266;2507;2507;8.68;0.53;204.23;3.56;777;14;835.00;0
1731;14;625583679;1731;261;2512;2513;8.82;0.54;204.18;3.55;781;14;836.00;1
1731;14;625583691;1731;256;2514;2514;8.99;0.55;204.18;3.55;783;14;837.00;0
1731;14;625583701;1731;254;2514;2514;9.04;0.55;204.18;3.55;783;14;838.00;0
1733;14;625583719;1733;255;2514;2514;9.05;0.55;204.18;3.55;781;14;839.00;0
1733;14;625583737;1733;258;2519;2519;9.06;0.55;204.18;3.54;786;14;840.00;0
1733;14;625583748;1733;255;2519;2519;9.04;0.55;204.18;3.54;786;14;841.00;0
1733;14;625583758;1733;257;2519;2519;9.00;0.55;204.18;3.54;786;14;842.00;0
1736;14;625583775;1736;260;2520;2520;8.96;0.55;204.20;3.54;784;14;843.00;0
1738;14;625583785;1738;266;2524;2524;8.87;0.54;204.14;3.54;786;14;844.00;0
1741;14;625583795;1741;269;2524;2524;8.74;0.53;204.38;3.54;783;14;845.00;0
1743;14;625583817;1743;269;2526;2527;8.63;0.53;204.66;3.54;783;14;846.00;1
1747;14;625583842;1747;271;2527;2527;8.51;0.52;204.64;3.53;780;14;847.00;0
1751;14;625583868;1751;272;2527;2527;8.35;0.51;204.93;3.53;776;14;848.00;0
1755;14;625583891;1755;280;2527;2527;8.21;0.50;205.20;3.53;772;14;849.00;0
1758;14;625583904;1758;268;2530;2531;8.20;0.50;205.42;3.53;772;14;850.00;1
1763;14;625583917;1763;262;2530;2531;8.16;0.50;205.68;3.53;767;14;851.00;1
1769;14;625583930;1769;256;2531;2531;8.15;0.50;205.96;3.53;762;14;852.00;0
1773;14;625583942;1773;251;2531;2531;8.13;0.50;206.13;3.53;758;14;853.00;0
1778;14;625583954;1778;245;2532;2532;8.11;0.50;206.57;3.53;754;14;854.00;0
1783;14;625583965;1783;239;2534;2534;8.11;0.50;206.97;3.53;751;14;855.00;0
1785;14;625583978;1785;235;2534;2534;8.25;0.51;207.06;3.53;749;14;856.00;0
1793;14;625583990;1793;226;2535;2535;8.35;0.51;207.42;3.53;742;14;857.00;0
1796;14;625584002;1796;218;2535;2535;8.48;0.52;207.85;3.53;739;14;858.00;0
1799;14;625584014;1799;210;2535;2535;8.54;0.52;208.06;3.53;736;14;859.00;0
1805;14;625584033;1805;202;2535;2535;8.57;0.52;208.13;3.53;730;14;860.00;0
1808;14;625584046;1808;197;2535;2535;8.62;0.53;208.47;3.53;727;14;861.00;0
1810;14;625584060;1810;187;2535;2535;8.72;0.53;208.59;3.53;725;14;862.00;0
1815;14;625584074;1815;186;2535;2535;8.75;0.53;208.82;3.53;720;14;863.00;0
1816;14;625584086;1816;192;2617;2662;9.04;0.56;208.79;3.42;801;14;864.00;45
1819;14;625584120;1819;188;2621;2663;9.07;0.56;208.87;3.41;802;14;865.00;42
1824;14;625584135;1824;183;2627;2663;9.21;0.57;209.02;3.41;803;14;866.00;36
1829;14;625584149;1829;181;2629;2663;9.27;0.57;209.00;3.41;800;14;867.00;34
1833;14;625584164;1833;183;2633;2663;9.38;0.58;209.19;3.41;800;14;868.00;30
1836;14;625584188;1836;179;2635;2663;9.42;0.58;209.46;3.41;799;14;869.00;28
1840;14;625584203;1840;180;2637;2663;9.42;0.58;209.60;3.41;797;14;870.00;26
1844;14;625584218;1844;178;2641;2663;9.39;0.58;209.89;3.42;797;14;871.00;22
1848;14;625584233;1848;180;2643;2664;9.33;0.57;209.96;3.42;795;14;872.00;21
1852;14;625584257;1852;188;2646;2665;9.29;0.57;210.24;3.43;794;14;873.00;19
1854;14;625584272;1854;191;2651;2665;9.36;0.58;210.24;3.44;797;14;874.00;14
1861;14;625584287;1861;196;2656;2666;9.37;0.58;210.30;3.45;795;14;875.00;10
1866;14;625584300;1866;203;2659;2666;9.43;0.58;210.54;3.46;793;14;876.00;7
1869;14;625584314;1869;207;2660;2666;9.46;0.58;210.48;3.46;791;14;877.00;6
1878;14;625584327;1878;203;2661;2666;9.44;0.58;210.74;3.47;783;14;878.00;5
1880;14;625584347;1880;211;2665;2670;9.48;0.58;210.71;3.47;785;14;879.00;5
1883;14;625584360;1883;209;2666;2670;9.51;0.58;210.82;3.47;783;14;880.00;4
1885;14;625584374;1885;209;2666;2670;9.49;0.58;210.88;3.47;781;14;881.00;4
1891;14;625584390;1891;213;2669;2673;9.50;0.58;210.71;3.48;778;14;882.00;4
1894;14;625584404;1894;218;2669;2673;9.53;0.58;210.84;3.48;775;14;883.00;4
1897;14;625584417;1897;215;2670;2673;9.51;0.58;211.08;3.48;773;14;884.00;3
1901;14;625584431;1901;213;2674;2677;9.50;0.58;211.06;3.48;773;14;885.00;3
1905;14;625584445;1905;213;2676;2678;9.49;0.58;211.07;3.48;771;14;886.00;2
1910;14;625584459;1910;212;2676;2678;9.51;0.58;211.22;3.48;766;14;887.00;2
1917;14;625584473;1917;211;2681;2682;9.49;0.58;211.38;3.48;764;14;888.00;1
1921;14;625584487;1921;215;2681;2682;9.52;0.58;211.68;3.48;760;14;889.00;1
1926;14;625584500;1926;218;2682;2682;9.57;0.58;211.60;3.48;756;14;890.00;0
1931;14;625584521;1931;222;2683;2683;9.59;0.58;211.66;3.48;752;14;891.00;0
1937;14;625584535;1937;227;2683;2683;9.59;0.58;211.91;3.48;746;14;892.00;0
1941;14;625584548;1941;227;2688;2689;9.55;0.58;211.96;3.47;747;14;893.00;1
1943;14;625584561;1943;231;2688;2689;9.52;0.58;212.03;3.47;745;14;894.00;1
1945;14;625584573;1945;236;2690;2690;9.43;0.58;212.23;3.47;745;14;895.00;0
1950;14;625584587;1950;242;2690;2690;9.29;0.57;212.54;3.47;740;14;896.00;0
1956;14;625584599;1956;231;2690;2690;9.16;0.56;212.75;3.47;734;14;897.00;0
1959;14;625584612;1959;225;2690;2690;9.11;0.56;212.80;3.47;731;14;898.00;0
1964;15;625584625;1964;220;2690;2690;9.04;0.55;213.20;3.47;726;15;899.00;0
1967;15;625584654;1967;221;2720;2736;8.95;0.55;213.44;3.43;753;15;900.00;16
1970;15;625584678;1970;212;2720;2736;8.97;0.55;213.83;3.43;750;15;901.00;16
1973;15;625584691;1973;206;2722;2736;9.05;0.56;213.93;3.43;749;15;902.00;14
1975;15;625584704;1975;209;2722;2736;9.12;0.56;214.09;3.43;747;15;903.00;14
1980;15;625584717;1980;213;2723;2736;9.18;0.56;214.08;3.43;743;15;904.00;13
1984;15;625584729;1984;211;2723;2736;9.26;0.57;214.16;3.43;739;15;905.00;13
1986;15;625584741;1986;200;2729;2740;9.27;0.57;214.28;3.43;743;15;906.00;11
1990;15;625584754;1990;193;2730;2740;9.36;0.57;214.71;3.43;740;15;907.00;10
1993;15;625584766;1993;183;2734;2744;9.44;0.58;214.55;3.43;741;15;908.00;10
1999;15;625584786;1999;182;2735;2745;9.47;0.58;214.66;3.43;736;15;909.00;10
1999;15;625584800;1999;176;2736;2745;9.50;0.58;214.66;3.44;737;15;910.00;9
2002;15;625584822;2002;173;2736;2745;9.51;0.58;214.75;3.44;734;15;911.00;9
2007;15;625584836;2007;172;2745;2758;9.53;0.58;214.97;3.42;738;15;912.00;13
2010;16;625584850;2010;179;2745;2758;9.55;0.58;214.90;3.42;735;16;913.00;13
2013;16;625584878;2013;178;2746;2758;9.55;0.58;215.04;3.43;733;16;914.00;12
2016;16;625584891;2016;179;2747;2759;9.58;0.58;215.06;3.43;731;16;915.00;12
2018;16;625584903;2018;183;2749;2760;9.61;0.59;215.18;3.43;731;16;916.00;11
2022;16;625584917;2022;182;2749;2760;9.59;0.58;215.28;3.43;727;16;917.00;11
2026;16;625584930;2026;181;2751;2763;9.63;0.59;215.26;3.43;725;16;918.00;12
2028;17;625584941;2028;182;2752;2763;9.63;0.58;215.27;3.43;724;17;919.00;11
2030;17;625584967;2030;178;2752;2763;9.64;0.59;215.30;3.43;722;17;920.00;11
2035;17;625584982;2035;173;2753;2763;9.63;0.58;215.39;3.44;718;17;921.00;10
2036;17;625584996;2036;163;2757;2769;9.62;0.58;215.41;3.44;721;17;922.00;12
2038;17;625585010;2038;161;2757;2769;9.70;0.59;215.40;3.44;719;17;923.00;12
2039;17;625585021;2039;161;2757;2769;9.85;0.60;215.42;3.44;718;17;924.00;12
2040;17;625585040;2040;159;2759;2769;9.94;0.60;215.34;3.45;719;17;925.00;10
2041;17;625585059;2041;159;2763;2773;9.98;0.61;215.34;3.44;722;17;926.00;10
2043;17;625585072;2043;162;2765;2774;10.00;0.61;215.36;3.45;722;17;927.00;9
2045;17;625585084;2045;162;2765;2774;9.99;0.61;215.28;3.45;720;17;928.00;9
2045;17;625585095;2045;169;2766;2775;10.03;0.61;215.28;3.45;721;17;929.00;9
2046;17;625585108;2046;171;2768;2775;9.96;0.61;215.32;3.47;722;17;930.00;7
2051;17;625585126;2051;175;2768;2775;9.91;0.60;215.21;3.47;717;17;931.00;7
2052;17;625585138;2052;181;2769;2775;9.92;0.60;215.20;3.47;717;17;932.00;6
2054;17;625585150;2054;186;2770;2775;9.87;0.60;215.27;3.48;716;17;933.00;5
2055;17;625585160;2055;194;2770;2775;9.81;0.60;215.25;3.48;715;17;934.00;5
2056;17;625585171;2056;197;2771;2775;9.77;0.60;215.25;3.48;715;17;935.00;4
2060;17;625585183;2060;215;2810;2845;9.56;0.58;215.24;3.44;750;17;936.00;35
2061;17;625585201;2061;213;2815;2846;9.46;0.58;215.27;3.45;754;17;937.00;31
2062;17;625585214;2062;210;2823;2846;9.48;0.58;215.26;3.44;761;17;938.00;23
2062;17;625585225;2062;218;2828;2846;9.50;0.58;215.26;3.44;766;17;939.00;18
2064;17;625585240;2064;212;2831;2846;9.51;0.58;215.43;3.44;767;17;940.00;15
2065;17;625585265;2065;211;2835;2846;9.50;0.58;215.43;3.45;770;17;941.00;11
2067;17;625585291;2067;210;2838;2846;9.59;0.59;215.38;3.45;771;17;942.00;8
2069;17;625585309;2069;210;2840;2846;9.69;0.59;215.33;3.45;771;17;943.00;6
2071;17;625585325;2071;204;2841;2847;9.64;0.59;215.54;3.45;770;17;944.00;6
2074;17;625585342;2074;207;2845;2849;9.60;0.59;215.55;3.45;771;17;945.00;4
2077;17;625585359;2077;202;2845;2849;9.61;0.59;215.67;3.45;768;17;946.00;4
2081;18;625585376;2081;197;2848;2853;9.56;0.58;215.89;3.45;767;18;947.00;5
2086;18;625585412;2086;199;2848;2853;9.51;0.58;215.92;3.45;762;18;948.00;5
2091;18;625585425;2091;200;2848;2853;9.46;0.58;215.97;3.45;757;18;949.00;5
2094;18;625585437;2094;197;2848;2853;9.31;0.57;215.91;3.45;754;18;950.00;5
2101;18;625585455;2101;199;2851;2859;9.17;0.56;215.96;3.45;750;18;951.00;8
2105;18;625585476;2105;192;2852;2859;9.05;0.55;216.19;3.45;747;18;952.00;7
2108;18;625585488;2108;189;2853;2859;8.93;0.54;216.24;3.45;745;18;953.00;6
2111;18;625585500;2111;191;2855;2862;8.89;0.54;216.32;3.45;744;18;954.00;7
2116;18;625585512;2116;192;2856;2862;8.74;0.53;216.25;3.45;740;18;955.00;6
2118;18;625585523;2118;182;2857;2862;8.67;0.53;216.31;3.45;739;18;956.00;5
2121;18;625585534;2121;189;2858;2863;8.62;0.52;216.39;3.45;737;18;957.00;5
2124;18;625585546;2124;189;2859;2864;8.64;0.52;216.40;3.45;735;18;958.00;5
2129;18;625585560;2129;192;2859;2864;8.60;0.52;216.33;3.45;730;18;959.00;5
2132;18;625585577;2132;194;2875;2890;8.56;0.52;216.18;3.43;743;18;960.00;15
2136;18;625585592;2136;194;2875;2890;8.55;0.52;216.00;3.43;739;18;961.00;15
2136;18;625585611;2136;192;2877;2890;8.65;0.53;216.00;3.43;741;18;962.00;13
2142;18;625585622;2142;199;2879;2891;8.71;0.53;215.75;3.43;737;18;963.00;12
2145;18;625585639;2145;199;2880;2891;8.83;0.54;215.55;3.43;735;18;964.00;11
2145;18;625585653;2145;202;2882;2895;8.95;0.54;215.55;3.43;737;18;965.00;13
2146;18;625585668;2146;204;2883;2895;8.96;0.55;215.46;3.43;737;18;966.00;12
2148;18;625585680;2148;207;2886;2899;8.97;0.55;215.41;3.42;738;18;967.00;13
2150;18;625585691;2150;210;2886;2899;8.97;0.55;215.36;3.42;736;18;968.00;13
2150;18;625585701;2150;217;2888;2899;8.95;0.54;215.36;3.46;738;18;969.00;11
2150;18;625585717;2150;216;2888;2899;8.99;0.55;215.36;3.46;738;18;970.00;11
2151;18;625585729;2151;219;2892;2899;8.91;0.54;215.35;3.48;741;18;971.00;7
2152;18;625585748;2152;223;2902;2911;8.95;0.55;215.27;3.46;750;18;972.00;9
2153;18;625585762;2153;227;2903;2911;8.93;0.54;215.18;3.46;750;18;973.00;8
2156;18;625585775;2156;234;2904;2911;8.85;0.54;215.08;3.47;748;18;974.00;7
2158;18;625585788;2158;237;2904;2911;8.82;0.54;215.17;3.47;746;18;975.00;7
2160;18;625585801;2160;240;2904;2911;8.78;0.54;215.47;3.47;744;18;976.00;7
2160;18;625585813;2160;249;2905;2911;8.74;0.53;215.47;3.47;745;18;977.00;6
2161;18;625585826;2161;252;2906;2912;8.71;0.53;215.49;3.48;745;18;978.00;6
2162;18;625585837;2162;247;2906;2912;8.75;0.53;215.51;3.48;744;18;979.00;6
2163;18;625585849;2163;242;2912;2918;8.83;0.54;215.52;3.49;749;18;980.00;6
2166;18;625585863;2166;236;2914;2919;8.94;0.55;215.49;3.49;748;18;981.00;5
2167;18;625585875;2167;233;2914;2919;9.03;0.55;215.47;3.49;747;18;982.00;5
2170;18;625585888;2170;233;2916;2919;8.99;0.55;215.35;3.50;746;18;983.00;3
2173;18;625585900;2173;228;2919;2923;9.02;0.55;215.30;3.49;746;18;984.00;4
2174;18;625585914;2174;226;2920;2923;9.00;0.55;215.21;3.50;746;18;985.00;3
2178;18;625585928;2178;221;2921;2923;9.00;0.55;215.11;3.50;743;18;986.00;2
2179;18;625585942;2179;228;2923;2924;9.11;0.55;215.13;3.50;744;18;987.00;1
2182;19;625585954;2182;227;2926;2928;9.19;0.56;214.98;3.50;744;19;988.00;2
2182;19;625585985;2182;227;2926;2928;9.30;0.57;214.98;3.50;744;19;989.00;2
2183;19;625586002;2183;227;2930;2934;9.33;0.57;215.00;3.50;747;19;990.00;4
2183;19;625586029;2183;226;2931;2934;9.36;0.57;215.00;3.49;748;19;991.00;3
2184;19;625586042;2184;226;2933;2934;9.38;0.57;214.96;3.49;749;19;992.00;1
2185;19;625586058;2185;227;2933;2934;9.38;0.57;214.95;3.49;748;19;993.00;1
2189;19;625586072;2189;230;2936;2938;9.35;0.57;215.13;3.49;747;19;994.00;2
2189;19;625586086;2189;232;2937;2938;9.30;0.57;215.13;3.49;748;19;995.00;1
2190;19;625586098;2190;231;2937;2938;9.19;0.56;215.12;3.49;747;19;996.00;1
2191;19;625586110;2191;232;2938;2938;9.11;0.56;215.15;3.49;747;19;997.00;0
2191;19;625586123;2191;238;2939;2939;9.03;0.55;215.15;3.49;748;19;998.00;0
2194;19;625586135;2194;238;2940;2940;8.95;0.54;215.14;3.49;746;19;999.00;0
2194;19;625586148;2194;234;2940;2940;8.80;0.54;215.14;3.49;746;19;1000.00;0
2198;19;625586164;2198;234;2941;2941;8.72;0.53;215.12;3.49;743;19;1001.00;0
2199;19;625586176;2199;230;2941;2941;8.68;0.53;215.08;3.49;742;19;1002.00;0
2201;19;625586188;2201;226;2941;2941;8.69;0.53;215.31;3.49;740;19;1003.00;0
2202;19;625586199;2202;226;2941;2941;8.74;0.54;215.24;3.49;739;19;1004.00;0
2205;19;625586209;2205;223;2941;2941;8.75;0.54;215.32;3.49;736;19;1005.00;0
2210;19;625586229;2210;221;2941;2941;8.78;0.54;215.46;3.49;731;19;1006.00;0
2213;19;625586244;2213;223;2941;2941;8.73;0.53;215.70;3.49;728;19;1007.00;0
2215;19;625586258;2215;245;3013;3068;8.80;0.55;215.93;3.41;798;19;1008.00;55
2218;19;625586291;2218;240;3015;3069;8.84;0.55;216.01;3.41;797;19;1009.00;54
2221;19;625586302;2221;227;3025;3069;8.96;0.56;216.33;3.40;804;19;1010.00;44
2227;19;625586312;2227;228;3031;3069;8.98;0.56;216.41;3.40;804;19;1011.00;38
2231;19;625586331;2231;227;3037;3069;9.02;0.56;216.58;3.40;806;19;1012.00;32
2234;19;625586348;2234;227;3042;3069;8.96;0.55;216.79;3.40;808;19;1013.00;27
2236;20;625586358;2236;230;3047;3069;8.91;0.55;216.85;3.41;811;20;1014.00;22
2243;20;625586378;2243;234;3049;3069;8.78;0.54;217.16;3.41;806;20;1015.00;20
2248;20;625586394;2248;240;3053;3070;8.81;0.54;217.15;3.42;805;20;1016.00;17
2256;20;625586405;2256;243;3056;3071;8.71;0.53;217.22;3.42;800;20;1017.00;15
2261;20;625586417;2261;247;3059;3071;8.64;0.53;217.45;3.43;798;20;1018.00;12
2264;20;625586428;2264;256;3062;3072;8.54;0.52;217.73;3.43;798;20;1019.00;10
2267;20;625586442;2267;243;3063;3072;8.50;0.52;217.95;3.43;796;20;1020.00;9
2270;20;625586459;2270;237;3064;3072;8.45;0.52;217.96;3.44;794;20;1021.00;8
2272;20;625586473;2272;233;3065;3072;8.40;0.52;218.16;3.44;793;20;1022.00;7
2277;20;625586487;2277;230;3068;3076;8.38;0.51;218.61;3.44;791;20;1023.00;8
2279;20;625586499;2279;226;3070;3076;8.38;0.51;218.69;3.45;791;20;1024.00;6
2283;20;625586519;2283;227;3071;3076;8.43;0.52;219.04;3.45;788;20;1025.00;5
2288;20;625586530;2288;226;3073;3079;8.51;0.52;219.04;3.46;785;20;1026.00;6
2292;20;625586544;2292;222;3076;3079;8.60;0.53;219.35;3.46;784;20;1027.00;3
2297;20;625586556;2297;216;3078;3079;8.62;0.53;219.58;3.47;781;20;1028.00;1
2300;20;625586573;2300;216;3083;3083;8.66;0.53;219.64;3.46;783;20;1029.00;0
2303;20;625586593;2303;212;3084;3084;8.72;0.53;219.71;3.46;781;20;1030.00;0
2308;20;625586606;2308;205;3084;3084;8.74;0.53;220.02;3.46;776;20;1031.00;0
2311;20;625586618;2311;199;3088;3088;8.84;0.54;219.95;3.46;777;20;1032.00;0
2314;20;625586631;2314;195;3088;3088;8.86;0.54;220.18;3.46;774;20;1033.00;0
2318;20;625586644;2318;195;3088;3088;8.87;0.54;220.57;3.46;770;20;1034.00;0
2326;20;625586656;2326;198;3090;3090;8.86;0.54;220.67;3.46;764;20;1035.00;0
2329;20;625586671;2329;199;3090;3090;8.89;0.54;220.62;3.46;761;20;1036.00;0
2333;20;625586683;2333;195;3095;3096;9.02;0.55;220.60;3.45;762;20;1037.00;1
2336;20;625586697;2336;186;3096;3096;9.15;0.56;220.63;3.45;760;20;1038.00;0
2344;20;625586711;2344;185;3097;3097;9.20;0.56;220.88;3.45;753;20;1039.00;0
2346;20;625586724;2346;183;3097;3097;9.23;0.56;220.92;3.45;751;20;1040.00;0
2350;20;625586737;2350;180;3097;3097;9.24;0.56;220.91;3.45;747;20;1041.00;0
2353;20;625586750;2353;177;3097;3097;9.22;0.56;221.05;3.45;744;20;1042.00;0
2356;20;625586772;2356;176;3097;3097;9.23;0.56;221.08;3.45;741;20;1043.00;0
2361;20;625586787;2361;165;3108;3109;9.28;0.57;221.21;3.44;747;20;1044.00;1
2364;20;625586811;2364;166;3108;3109;9.38;0.57;221.24;3.44;744;20;1045.00;1
2369;20;625586824;2369;175;3109;3109;9.43;0.57;221.27;3.44;740;20;1046.00;0
2373;20;625586839;2373;171;3109;3109;9.52;0.58;221.27;3.44;736;20;1047.00;0
2379;20;625586853;2379;175;3109;3109;9.52;0.58;221.32;3.44;730;20;1048.00;0
2383;20;625586865;2383;172;3109;3109;9.60;0.58;221.39;3.44;726;20;1049.00;0
2385;20;625586880;2385;173;3115;3115;9.66;0.59;221.60;3.43;730;20;1050.00;0
2388;20;625586895;2388;175;3115;3115;9.74;0.59;221.72;3.43;727;20;1051.00;0
2390;20;625586908;2390;175;3118;3119;9.82;0.60;221.90;3.43;728;20;1052.00;1
2394;20;625586921;2394;178;3120;3120;9.85;0.60;221.93;3.43;726;20;1053.00;0
2397;20;625586934;2397;176;3120;3120;9.86;0.60;222.00;3.43;723;20;1054.00;0
2401;20;625586947;2401;178;3120;3120;9.84;0.60;222.02;3.43;719;20;1055.00;0
2403;20;625586962;2403;179;3133;3133;9.81;0.60;222.08;3.41;730;20;1056.00;0
2407;20;625586977;2407;182;3133;3133;9.80;0.60;222.09;3.41;726;20;1057.00;0
2411;20;625586989;2411;183;3133;3133;9.80;0.60;222.16;3.41;722;20;1058.00;0
2414;20;625587003;2414;185;3134;3134;9.85;0.60;221.99;3.41;720;20;1059.00;0
2418;20;625587016;2418;186;3135;3135;9.86;0.60;222.05;3.41;717;20;1060.00;0
2423;20;625587029;2423;188;3135;3135;9.85;0.60;222.30;3.41;712;20;1061.00;0
2427;20;625587042;2427;191;3137;3138;9.90;0.60;222.25;3.41;710;20;1062.00;1
2427;20;625587055;2427;192;3137;3138;9.93;0.60;222.25;3.41;710;20;1063.00;1
2430;21;625587068;2430;199;3138;3138;9.87;0.60;222.44;3.41;708;21;1064.00;0
2434;21;625587098;2434;203;3138;3138;9.82;0.60;222.25;3.41;704;21;1065.00;0
2440;21;625587112;2440;210;3143;3144;9.73;0.59;222.54;3.41;703;21;1066.00;1
2442;21;625587130;2442;198;3143;3144;9.65;0.59;222.52;3.41;701;21;1067.00;1
2448;21;625587144;2448;195;3144;3144;9.55;0.58;222.79;3.41;696;21;1068.00;0
2453;21;625587157;2453;194;3144;3144;9.48;0.58;222.89;3.41;691;21;1069.00;0
2456;21;625587174;2456;193;3148;3148;9.45;0.58;223.08;3.40;692;21;1070.00;0
2460;21;625587188;2460;192;3149;3149;9.49;0.58;223.14;3.40;689;21;1071.00;0
2464;21;625587202;2464;194;3149;3149;9.43;0.57;223.25;3.40;685;21;1072.00;0
2467;21;625587215;2467;190;3150;3150;9.41;0.57;223.44;3.40;683;21;1073.00;0
2471;21;625587234;2471;198;3150;3150;9.35;0.57;223.42;3.40;679;21;1074.00;0
2474;21;625587251;2474;199;3150;3150;9.35;0.57;223.76;3.40;676;21;1075.00;0
2478;21;625587270;2478;193;3150;3150;9.31;0.57;223.90;3.40;672;21;1076.00;0
2480;21;625587291;2480;182;3150;3150;9.33;0.57;224.03;3.40;670;21;1077.00;0
2485;21;625587310;2485;175;3150;3150;9.37;0.57;224.13;3.40;665;21;1078.00;0
2488;21;625587328;2488;172;3150;3150;9.36;0.57;224.22;3.40;662;21;1079.00;0
2489;22;625587349;2489;204;3237;3275;9.11;0.56;224.30;3.31;748;22;1080.00;38
2492;22;625587395;2492;189;3240;3276;9.12;0.56;224.49;3.31;748;22;1081.00;36
2494;22;625587408;2494;177;3247;3276;9.30;0.57;224.62;3.30;753;22;1082.00;29
2497;22;625587430;2497;175;3249;3276;9.30;0.57;224.85;3.30;752;22;1083.00;27
2499;22;625587445;2499;173;3251;3276;9.30;0.57;224.92;3.30;752;22;1084.00;25
2500;22;625587460;2500;168;3254;3276;9.36;0.58;225.00;3.31;754;22;1085.00;22
2503;22;625587474;2503;174;3255;3276;9.38;0.58;225.07;3.31;752;22;1086.00;21
2505;22;625587496;2505;169;3259;3276;9.41;0.58;225.02;3.31;754;22;1087.00;17
2506;22;625587513;2506;178;3262;3277;9.37;0.58;225.08;3.32;756;22;1088.00;15
2509;22;625587529;2509;172;3266;3278;9.25;0.57;225.03;3.32;757;22;1089.00;12
2511;22;625587551;2511;173;3268;3278;9.17;0.57;225.10;3.32;757;22;1090.00;10
2512;22;625587569;2512;181;3274;3282;9.07;0.56;225.12;3.32;762;22;1091.00;8
2516;22;625587580;2516;183;3275;3282;9.01;0.55;225.06;3.33;759;22;1092.00;7
2519;22;625587592;2519;186;3276;3282;9.02;0.55;225.05;3.33;757;22;1093.00;6
2521;22;625587603;2521;188;3277;3282;9.03;0.55;224.99;3.33;756;22;1094.00;5
2524;22;625587615;2524;194;3282;3288;9.04;0.55;225.06;3.33;758;22;1095.00;6
2526;22;625587627;2526;195;3283;3288;9.00;0.55;224.95;3.33;757;22;1096.00;5
2527;22;625587638;2527;199;3283;3288;8.94;0.55;224.91;3.33;756;22;1097.00;5
2530;22;625587648;2530;205;3287;3291;8.90;0.54;224.86;3.33;757;22;1098.00;4
2531;22;625587659;2531;207;3287;3291;8.86;0.54;224.81;3.33;756;22;1099.00;4
2533;22;625587677;2533;216;3287;3291;8.80;0.54;224.73;3.33;754;22;1100.00;4
2534;22;625587691;2534;216;3288;3292;8.74;0.53;224.68;3.33;754;22;1101.00;4
2535;22;625587702;2535;220;3289;3293;8.77;0.54;224.61;3.33;754;22;1102.00;4
2541;22;625587712;2541;222;3289;3293;8.75;0.53;224.44;3.33;748;22;1103.00;4
2542;22;625587722;2542;231;3299;3306;8.77;0.54;224.44;3.32;757;22;1104.00;7
2543;22;625587733;2543;229;3299;3306;8.75;0.53;224.39;3.32;756;22;1105.00;7
2543;22;625587743;2543;234;3299;3306;8.74;0.53;224.39;3.32;756;22;1106.00;7
2548;22;625587753;2548;242;3300;3307;8.75;0.54;224.26;3.32;752;22;1107.00;7
2548;22;625587763;2548;247;3301;3307;8.73;0.54;224.26;3.33;753;22;1108.00;6
2550;22;625587773;2550;253;3304;3311;8.70;0.53;224.14;3.32;754;22;1109.00;7
2551;22;625587785;2551;252;3304;3311;8.72;0.53;224.20;3.32;753;22;1110.00;7
2553;22;625587795;2553;252;3309;3315;8.73;0.53;224.11;3.33;756;22;1111.00;6
2554;22;625587806;2554;247;3309;3315;8.77;0.54;224.12;3.33;755;22;1112.00;6
2556;22;625587816;2556;240;3309;3315;8.82;0.54;224.07;3.33;753;22;1113.00;6
2561;22;625587825;2561;240;3309;3315;8.76;0.53;223.91;3.33;748;22;1114.00;6
2563;22;625587836;2563;238;3310;3315;8.73;0.53;223.79;3.34;747;22;1115.00;5
2565;22;625587845;2565;238;3319;3327;8.70;0.53;223.68;3.33;754;22;1116.00;8
2566;23;625587856;2566;239;3319;3327;8.62;0.53;223.66;3.33;753;23;1117.00;8
2568;23;625587872;2568;240;3321;3327;8.60;0.53;223.74;3.33;753;23;1118.00;6
2571;23;625587883;2571;231;3321;3327;8.52;0.52;223.69;3.33;750;23;1119.00;6
2573;23;625587892;2573;230;3322;3327;8.50;0.52;223.67;3.34;749;23;1120.00;5
2575;23;625587901;2575;222;3322;3327;8.41;0.51;223.63;3.34;747;23;1121.00;5
2577;23;625587910;2577;219;3322;3328;8.32;0.51;223.63;3.34;745;23;1122.00;6
2579;23;625587920;2579;222;3322;3328;8.26;0.50;223.62;3.34;743;23;1123.00;6
2580;23;625587929;2580;216;3327;3334;8.20;0.50;223.66;3.34;747;23;1124.00;7
2581;23;625587939;2581;221;3332;3336;8.14;0.50;223.62;3.35;751;23;1125.00;4
2584;23;625587948;2584;214;3332;3336;8.10;0.49;223.65;3.35;748;23;1126.00;4
2586;23;625587957;2586;213;3332;3336;8.14;0.50;223.62;3.35;746;23;1127.00;4
2587;23;625587973;2587;215;3335;3340;8.18;0.50;223.64;3.35;748;23;1128.00;5
2589;23;625587982;2589;213;3335;3340;8.23;0.50;223.61;3.35;746;23;1129.00;5
2591;23;625587992;2591;213;3335;3340;8.30;0.51;223.55;3.35;744;23;1130.00;5
2594;23;625588000;2594;209;3336;3341;8.38;0.51;223.57;3.35;742;23;1131.00;5
2595;23;625588009;2595;203;3339;3345;8.50;0.52;223.56;3.34;744;23;1132.00;6
2597;23;625588019;2597;196;3339;3345;8.62;0.52;223.55;3.34;742;23;1133.00;6
2597;23;625588028;2597;191;3341;3348;8.80;0.53;223.55;3.34;744;23;1134.00;7
2599;23;625588038;2599;182;3342;3348;8.89;0.54;223.49;3.34;743;23;1135.00;6
2601;23;625588047;2601;179;3342;3348;8.99;0.55;223.46;3.34;741;23;1136.00;6
2603;23;625588057;2603;175;3342;3348;9.11;0.55;223.38;3.34;739;23;1137.00;6
2605;23;625588067;2605;166;3345;3352;9.25;0.56;223.30;3.34;740;23;1138.00;7
2605;23;625588078;2605;159;3345;3352;9.38;0.57;223.30;3.34;740;23;1139.00;7
2606;23;625588090;2606;155;3346;3352;9.51;0.58;223.23;3.34;740;23;1140.00;6
2606;23;625588106;2606;155;3346;3352;9.64;0.59;223.23;3.34;740;23;1141.00;6
2608;23;625588117;2608;154;3346;3353;9.74;0.59;223.22;3.34;738;23;1142.00;7
2608;23;625588127;2608;148;3347;3354;9.79;0.59;223.22;3.34;739;23;1143.00;7
2610;23;625588138;2610;147;3347;3354;9.81;0.59;223.17;3.34;737;23;1144.00;7
2610;23;625588153;2610;145;3348;3355;9.89;0.60;223.17;3.34;738;23;1145.00;7
2614;23;625588164;2614;146;3348;3355;9.93;0.60;223.05;3.34;734;23;1146.00;7
2618;23;625588174;2618;150;3348;3355;10.04;0.61;223.00;3.34;730;23;1147.00;7
2619;23;625588185;2619;148;3348;3355;10.12;0.61;222.97;3.34;729;23;1148.00;7
2621;23;625588196;2621;150;3349;3355;10.18;0.62;222.99;3.35;728;23;1149.00;6
2622;23;625588206;2622;150;3350;3355;10.21;0.62;222.94;3.36;728;23;1150.00;5
2623;23;625588216;2623;153;3350;3355;10.21;0.62;222.99;3.36;727;23;1151.00;5
2625;23;625588227;2625;176;3419;3482;10.20;0.63;222.93;3.30;794;23;1152.00;63
2627;23;625588252;2627;169;3422;3483;10.14;0.62;222.94;3.30;795;23;1153.00;61
2630;23;625588263;2630;163;3431;3483;10.17;0.63;223.02;3.30;801;23;1154.00;52
2631;23;625588274;2631;162;3437;3483;10.21;0.63;223.02;3.30;806;23;1155.00;46
2636;23;625588285;2636;162;3446;3483;10.23;0.63;223.16;3.31;810;23;1156.00;37
2638;23;625588297;2638;159;3448;3483;10.27;0.63;223.27;3.31;810;23;1157.00;35
2639;23;625588307;2639;156;3453;3483;10.26;0.63;223.26;3.32;814;23;1158.00;30
2641;23;625588318;2641;159;3456;3483;10.22;0.63;223.38;3.33;815;23;1159.00;27
2643;23;625588333;2643;165;3460;3484;10.16;0.63;223.42;3.33;817;23;1160.00;24
2647;23;625588344;2647;173;3463;3485;10.08;0.62;223.40;3.34;816;23;1161.00;22
2650;23;625588354;2650;175;3465;3485;10.02;0.62;223.41;3.34;815;23;1162.00;20
2653;23;625588365;2653;179;3471;3486;9.90;0.61;223.40;3.36;818;23;1163.00;15
2656;23;625588375;2656;184;3474;3486;9.83;0.60;223.65;3.36;818;23;1164.00;12
2656;23;625588385;2656;188;3478;3486;9.72;0.60;223.65;3.37;822;23;1165.00;8
2660;23;625588395;2660;195;3480;3486;9.57;0.59;223.95;3.38;820;23;1166.00;6
2662;23;625588405;2662;208;3484;3490;9.37;0.58;224.04;3.38;822;23;1167.00;6
2667;23;625588416;2667;216;3486;3490;9.19;0.57;224.01;3.39;819;23;1168.00;4
2669;23;625588426;2669;218;3487;3490;8.98;0.55;224.18;3.39;818;23;1169.00;3
2672;23;625588444;2672;226;3491;3496;8.88;0.55;224.28;3.39;819;23;1170.00;5
2674;23;625588455;2674;227;3491;3496;8.75;0.54;224.36;3.39;817;23;1171.00;5
2677;23;625588465;2677;238;3492;3496;8.67;0.53;224.44;3.39;815;23;1172.00;4
2679;23;625588476;2679;237;3496;3500;8.51;0.52;224.61;3.39;817;23;1173.00;4
2681;23;625588486;2681;242;3498;3501;8.52;0.52;224.61;3.39;817;23;1174.00;3
2684;23;625588496;2684;240;3498;3501;8.50;0.52;224.70;3.39;814;23;1175.00;3
2690;23;625588508;2690;238;3503;3505;8.49;0.52;224.54;3.39;813;23;1176.00;2
2692;23;625588518;2692;242;3503;3505;8.49;0.52;224.61;3.39;811;23;1177.00;2
2695;23;625588528;2695;241;3504;3505;8.49;0.52;224.83;3.39;809;23;1178.00;1
2696;23;625588538;2696;245;3505;3506;8.54;0.52;224.89;3.39;809;23;1179.00;1
2698;23;625588548;2698;243;3506;3506;8.53;0.52;225.01;3.39;808;23;1180.00;0
2701;23;625588558;2701;244;3511;3512;8.54;0.52;224.99;3.39;810;23;1181.00;1
2705;23;625588569;2705;250;3511;3512;8.46;0.51;224.90;3.39;806;23;1182.00;1
2708;23;625588579;2708;257;3513;3513;8.31;0.51;225.06;3.38;805;23;1183.00;0
2712;23;625588589;2712;258;3513;3513;8.26;0.50;225.23;3.38;801;23;1184.00;0
2715;23;625588599;2715;258;3513;3513;8.14;0.50;225.33;3.38;798;23;1185.00;0
2721;23;625588609;2721;258;3513;3513;8.06;0.49;225.38;3.38;792;23;1186.00;0
2723;23;625588619;2723;265;3513;3513;8.00;0.49;225.40;3.38;790;23;1187.00;0
2728;23;625588628;2728;264;3523;3525;7.97;0.49;225.66;3.37;795;23;1188.00;2
2731;23;625588639;2731;267;3524;3525;7.92;0.48;225.84;3.37;793;23;1189.00;1
2734;23;625588648;2734;249;3525;3525;7.87;0.48;226.02;3.37;791;23;1190.00;0
2739;23;625588658;2739;241;3525;3525;7.80;0.48;226.19;3.37;786;23;1191.00;0
2739;23;625588668;2739;242;3525;3525;7.81;0.48;226.19;3.37;786;23;1192.00;0
2743;23;625588677;2743;235;3525;3525;7.80;0.48;226.45;3.37;782;23;1193.00;0
2747;23;625588687;2747;237;3529;3529;7.83;0.48;226.55;3.37;782;23;1194.00;0
2749;23;625588697;2749;233;3529;3529;7.94;0.49;226.60;3.37;780;23;1195.00;0
2754;23;625588707;2754;232;3532;3533;8.02;0.49;226.67;3.37;778;23;1196.00;1
2756;23;625588718;2756;227;3533;3534;8.11;0.50;226.72;3.37;777;23;1197.00;1
2758;23;625588727;2758;222;3534;3534;8.23;0.50;226.87;3.37;776;23;1198.00;0
2762;23;625588737;2762;215;3534;3534;8.29;0.51;227.07;3.37;772;23;1199.00;0
2765;23;625588748;2765;219;3557;3575;8.26;0.51;227.17;3.35;792;23;1200.00;18
2770;23;625588767;2770;207;3559;3575;8.30;0.51;227.08;3.35;789;23;1201.00;16
2772;24;625588778;2772;207;3561;3575;8.40;0.51;227.13;3.34;789;24;1202.00;14
2775;24;625588799;2775;202;3564;3576;8.48;0.52;227.28;3.34;789;24;1203.00;12
2779;24;625588810;2779;197;3567;3577;8.57;0.52;227.35;3.34;788;24;1204.00;10
2782;24;625588824;2782;197;3569;3577;8.69;0.53;227.26;3.34;787;24;1205.00;8
2788;24;625588836;2788;194;3571;3580;8.79;0.54;227.26;3.34;783;24;1206.00;9
2792;24;625588847;2792;194;3572;3580;8.83;0.54;227.28;3.34;780;24;1207.00;8
2796;24;625588857;2796;197;3573;3580;8.83;0.54;227.41;3.34;777;24;1208.00;7
2798;24;625588868;2798;193;3574;3580;8.86;0.54;227.41;3.35;776;24;1209.00;6
2806;24;625588878;2806;187;3580;3586;8.82;0.54;227.48;3.34;774;24;1210.00;6
2812;24;625588890;2812;189;3580;3586;8.82;0.54;227.74;3.34;768;24;1211.00;6
2814;24;625588901;2814;191;3581;3586;8.86;0.54;227.87;3.34;767;24;1212.00;5
2818;24;625588916;2818;184;3582;3586;8.90;0.54;228.10;3.35;764;24;1213.00;4
2825;24;625588927;2825;180;3586;3590;8.91;0.55;228.04;3.34;761;24;1214.00;4
2831;24;625588939;2831;180;3588;3592;8.96;0.55;228.11;3.34;757;24;1215.00;4
2834;24;625588950;2834;182;3588;3592;9.03;0.55;228.39;3.34;754;24;1216.00;4
2839;24;625588961;2839;182;3589;3593;9.04;0.56;228.59;3.34;750;24;1217.00;4
2841;24;625588973;2841;179;3589;3593;9.14;0.56;228.65;3.34;748;24;1218.00;4
2846;24;625588983;2846;184;3590;3593;9.19;0.56;228.54;3.34;744;24;1219.00;3
2851;24;625588994;2851;183;3590;3593;9.16;0.56;228.64;3.34;739;24;1220.00;3
2858;24;625589005;2858;187;3590;3593;9.05;0.56;228.79;3.34;732;24;1221.00;3
2861;24;625589015;2861;192;3590;3593;9.01;0.55;228.97;3.34;729;24;1222.00;3
2867;24;625589026;2867;201;3590;3593;8.83;0.54;229.14;3.34;723;24;1223.00;3
2871;24;625589036;2871;208;3631;3663;8.62;0.53;229.14;3.31;760;24;1224.00;32
2876;24;625589052;2876;210;3633;3664;8.52;0.53;229.10;3.31;757;24;1225.00;31
2880;24;625589063;2880;207;3636;3664;8.58;0.53;229.32;3.31;756;24;1226.00;28
2887;24;625589078;2887;209;3637;3664;8.63;0.53;229.31;3.31;750;24;1227.00;27
2892;24;625589089;2892;219;3642;3666;8.77;0.54;229.54;3.31;750;24;1228.00;24
2899;24;625589100;2899;222;3643;3666;8.83;0.54;229.87;3.31;744;24;1229.00;23
2900;24;625589113;2900;225;3647;3666;8.88;0.55;229.93;3.32;747;24;1230.00;19
2902;24;625589123;2902;232;3651;3666;8.86;0.54;229.98;3.33;749;24;1231.00;15
2903;24;625589132;2903;240;3654;3667;8.75;0.54;229.98;3.33;751;24;1232.00;13
2908;24;625589143;2908;249;3657;3668;8.64;0.53;229.96;3.33;749;24;1233.00;11
2912;24;625589153;2912;257;3659;3668;8.56;0.53;229.96;3.34;747;24;1234.00;9
2916;24;625589164;2916;269;3664;3672;8.48;0.52;230.01;3.34;748;24;1235.00;8
2920;25;625589175;2920;282;3668;3672;8.38;0.51;229.93;3.34;748;25;1236.00;4
2925;25;625589196;2925;281;3671;3672;8.31;0.51;230.07;3.36;746;25;1237.00;1
2926;25;625589207;2926;268;3671;3672;8.26;0.51;230.10;3.36;745;25;1238.00;1
2930;25;625589217;2930;265;3677;3678;8.25;0.50;230.09;3.35;747;25;1239.00;1
2932;25;625589232;2932;264;3677;3678;8.27;0.51;230.26;3.35;745;25;1240.00;1
2934;25;625589243;2934;261;3677;3678;8.31;0.51;230.36;3.35;743;25;1241.00;1
2939;25;625589259;2939;262;3680;3681;8.40;0.51;230.47;3.35;741;25;1242.00;1
2943;26;625589279;2943;264;3681;3681;8.40;0.51;230.59;3.35;738;26;1243.00;0
2948;26;625589312;2948;267;3681;3681;8.38;0.51;230.87;3.35;733;26;1244.00;0
2951;26;625589328;2951;268;3682;3682;8.39;0.51;230.87;3.35;731;26;1245.00;0
2951;26;625589344;2951;253;3683;3683;8.49;0.52;230.87;3.35;732;26;1246.00;0
2955;26;625589359;2955;240;3683;3683;8.50;0.52;230.92;3.35;728;26;1247.00;0
2957;26;625589374;2957;236;3695;3696;8.61;0.52;230.83;3.34;738;26;1248.00;1
2958;26;625589387;2958;230;3695;3696;8.65;0.53;230.83;3.34;737;26;1249.00;1
2960;26;625589399;2960;224;3696;3696;8.66;0.53;230.77;3.34;736;26;1250.00;0
2964;26;625589411;2964;224;3697;3697;8.67;0.53;230.82;3.34;733;26;1251.00;0
2966;26;625589433;2966;225;3697;3697;8.67;0.53;230.95;3.34;731;26;1252.00;0
2968;26;625589445;2968;224;3700;3701;8.74;0.53;231.07;3.34;732;26;1253.00;1
2970;26;625589458;2970;229;3701;3701;8.82;0.54;231.01;3.34;731;26;1254.00;0
2972;26;625589470;2972;234;3705;3705;8.88;0.54;231.05;3.34;733;26;1255.00;0
2974;26;625589481;2974;237;3705;3705;8.90;0.54;231.04;3.34;731;26;1256.00;0
2978;26;625589495;2978;229;3705;3705;8.87;0.54;230.88;3.34;727;26;1257.00;0
2979;26;625589507;2979;226;3705;3705;8.84;0.54;230.91;3.34;726;26;1258.00;0
2981;26;625589517;2981;225;3705;3705;8.82;0.54;230.84;3.34;724;26;1259.00;0
2984;26;625589529;2984;231;3732;3739;8.75;0.53;230.80;3.31;748;26;1260.00;7
2986;26;625589543;2986;226;3732;3739;8.74;0.53;230.79;3.31;746;26;1261.00;7
2987;26;625589553;2987;226;3733;3739;8.75;0.53;230.77;3.31;746;26;1262.00;6
2989;26;625589564;2989;230;3733;3739;8.71;0.53;230.75;3.31;744;26;1263.00;6
2992;26;625589574;2992;228;3734;3739;8.69;0.53;230.68;3.31;742;26;1264.00;5
2995;26;625589584;2995;231;3734;3739;8.64;0.53;230.66;3.31;739;26;1265.00;5
2997;26;625589596;2997;228;3735;3740;8.65;0.53;230.52;3.31;738;26;1266.00;5
3002;26;625589608;3002;233;3735;3740;8.63;0.53;230.44;3.31;733;26;1267.00;5
3004;26;625589618;3004;230;3739;3746;8.67;0.53;230.62;3.31;735;26;1268.00;7
3007;26;625589628;3007;232;3740;3747;8.67;0.53;230.55;3.31;733;26;1269.00;7
3008;26;625589638;3008;234;3741;3747;8.63;0.53;230.56;3.31;733;26;1270.00;6
3010;26;625589655;3010;235;3741;3747;8.51;0.52;230.54;3.31;731;26;1271.00;6
3011;26;625589664;3011;243;3744;3751;8.50;0.52;230.52;3.31;733;26;1272.00;7
3011;26;625589674;3011;248;3744;3751;8.37;0.51;230.52;3.31;733;26;1273.00;7
3016;26;625589684;3016;257;3744;3751;8.23;0.50;230.68;3.31;728;26;1274.00;7
3016;26;625589700;3016;263;3745;3752;8.13;0.50;230.68;3.31;729;26;1275.00;7
3018;26;625589710;3018;271;3748;3756;8.07;0.49;230.60;3.31;730;26;1276.00;8
3020;26;625589720;3020;278;3748;3756;8.00;0.49;230.60;3.31;728;26;1277.00;8
3021;26;625589729;3021;280;3750;3759;7.97;0.49;230.61;3.30;729;26;1278.00;9
3022;26;625589738;3022;278;3750;3759;7.90;0.48;230.56;3.30;728;26;1279.00;9
3023;26;625589747;3023;279;3751;3759;7.87;0.48;230.55;3.30;728;26;1280.00;8
3024;26;625589757;3024;275;3751;3759;7.88;0.48;230.51;3.30;727;26;1281.00;8
3025;26;625589766;3025;274;3754;3763;7.83;0.48;230.57;3.30;729;26;1282.00;9
3027;26;625589776;3027;260;3754;3763;7.84;0.48;230.55;3.30;727;26;1283.00;9
3029;26;625589785;3029;243;3755;3763;7.88;0.48;230.55;3.30;726;26;1284.00;8
3030;26;625589795;3030;237;3755;3763;7.98;0.48;230.53;3.30;725;26;1285.00;8
3032;26;625589804;3032;226;3755;3764;8.06;0.49;230.58;3.30;723;26;1286.00;9
3033;26;625589814;3033;215;3756;3765;8.09;0.49;230.55;3.30;723;26;1287.00;9
3035;27;625589824;3035;207;3756;3765;8.12;0.49;230.61;3.30;721;27;1288.00;9
3037;27;625589860;3037;204;3757;3766;8.19;0.50;230.61;3.30;720;27;1289.00;9
3040;27;625589872;3040;196;3757;3766;8.19;0.50;230.57;3.30;717;27;1290.00;9
3041;27;625589881;3041;186;3757;3766;8.23;0.50;230.58;3.30;716;27;1291.00;9
3041;27;625589891;3041;170;3757;3766;8.36;0.51;230.58;3.30;716;27;1292.00;9
3043;27;625589907;3043;165;3757;3766;8.51;0.52;230.63;3.30;714;27;1293.00;9
3046;27;625589916;3046;157;3758;3766;8.63;0.52;230.54;3.31;712;27;1294.00;8
3048;27;625589926;3048;151;3759;3766;8.76;0.53;230.56;3.31;711;27;1295.00;7
3050;27;625589942;3050;164;3826;3893;8.89;0.55;230.53;3.26;776;27;1296.00;67
3052;27;625589963;3052;157;3826;3894;8.88;0.55;230.48;3.26;774;27;1297.00;68
3054;27;625589981;3054;145;3835;3894;9.13;0.56;230.39;3.26;781;27;1298.00;59
3055;27;625589991;3055;139;3838;3894;9.21;0.57;230.35;3.26;783;27;1299.00;56
3058;27;625590002;3058;134;3842;3894;9.35;0.58;230.44;3.26;784;27;1300.00;52
3058;27;625590021;3058;134;3846;3894;9.48;0.59;230.44;3.26;788;27;1301.00;48
3061;27;625590033;3061;126;3848;3894;9.57;0.59;230.40;3.27;787;27;1302.00;46
3062;27;625590053;3062;125;3852;3894;9.63;0.59;230.47;3.28;790;27;1303.00;42
3064;27;625590064;3064;123;3854;3895;9.69;0.59;230.41;3.28;790;27;1304.00;41
3068;27;625590075;3068;121;3859;3897;9.74;0.60;230.37;3.29;791;27;1305.00;38
3069;27;625590085;3069;126;3862;3897;9.82;0.60;230.33;3.30;793;27;1306.00;35
3075;27;625590097;3075;128;3866;3898;9.81;0.60;230.21;3.31;791;27;1307.00;32
3075;27;625590108;3075;127;3870;3898;9.88;0.61;230.21;3.32;795;27;1308.00;28
3079;27;625590120;3079;125;3873;3898;9.89;0.61;230.19;3.33;794;27;1309.00;25
3082;27;625590131;3082;129;3875;3898;9.86;0.60;230.02;3.34;793;27;1310.00;23
3085;27;625590143;3085;134;3879;3902;9.88;0.60;230.19;3.34;794;27;1311.00;23
3088;27;625590155;3088;135;3882;3902;9.86;0.60;230.17;3.36;794;27;1312.00;20
3092;27;625590167;3092;134;3883;3902;9.79;0.60;230.32;3.36;791;27;1313.00;19
3096;27;625590178;3096;141;3886;3905;9.84;0.60;230.47;3.36;790;27;1314.00;19
3099;27;625590190;3099;144;3888;3905;9.83;0.60;230.49;3.37;789;27;1315.00;17
3103;27;625590202;3103;146;3892;3905;9.83;0.60;230.66;3.39;789;27;1316.00;13
3105;27;625590213;3105;143;3896;3909;9.81;0.60;230.73;3.39;791;27;1317.00;13
3107;27;625590225;3107;151;3898;3910;9.94;0.60;230.79;3.39;791;27;1318.00;12
3111;27;625590237;3111;156;3899;3910;9.95;0.60;230.76;3.39;788;27;1319.00;11
3112;27;625590257;3112;158;3905;3915;10.08;0.61;230.87;3.40;793;27;1320.00;10
3114;27;625590270;3114;158;3906;3915;10.07;0.61;230.93;3.40;792;27;1321.00;9
3118;27;625590281;3118;161;3907;3915;10.04;0.61;230.99;3.41;789;27;1322.00;8
3119;27;625590293;3119;166;3908;3916;10.01;0.61;231.09;3.41;789;27;1323.00;8
3120;27;625590304;3120;168;3908;3916;9.89;0.60;231.15;3.41;788;27;1324.00;8
3122;27;625590315;3122;173;3914;3922;9.79;0.59;231.17;3.42;792;27;1325.00;8
3125;28;625590332;3125;173;3914;3922;9.68;0.59;231.28;3.42;789;28;1326.00;8
3127;28;625590353;3127;180;3915;3923;9.61;0.58;231.32;3.42;788;28;1327.00;8
3129;28;625590364;3129;178;3918;3923;9.54;0.58;231.42;3.44;789;28;1328.00;5
3131;28;625590375;3131;183;3918;3923;9.51;0.58;231.57;3.44;787;28;1329.00;5
3135;28;625590386;3135;179;3919;3923;9.47;0.58;231.66;3.44;784;28;1330.00;4
3139;28;625590396;3139;187;3919;3923;9.42;0.57;231.70;3.44;780;28;1331.00;4
3141;28;625590407;3141;190;3930;3935;9.43;0.57;231.88;3.45;789;28;1332.00;5
3144;28;625590419;3144;191;3933;3935;9.38;0.57;231.93;3.45;789;28;1333.00;2
3145;28;625590429;3145;195;3935;3935;9.36;0.57;231.89;3.45;790;28;1334.00;0
3147;28;625590440;3147;191;3935;3935;9.27;0.56;231.96;3.45;788;28;1335.00;0
3148;28;625590450;3148;195;3935;3935;9.25;0.56;231.99;3.45;787;28;1336.00;0
3150;28;625590460;3150;195;3935;3935;9.21;0.56;232.13;3.45;785;28;1337.00;0
3153;28;625590476;3153;205;3939;3939;9.08;0.55;232.16;3.45;786;28;1338.00;0
3153;28;625590486;3153;202;3939;3939;9.02;0.55;232.16;3.45;786;28;1339.00;0
3154;28;625590496;3154;203;3942;3943;8.99;0.55;232.13;3.44;788;28;1340.00;1
3159;28;625590506;3159;197;3943;3944;8.94;0.54;232.23;3.44;784;28;1341.00;1
3160;28;625590521;3160;198;3944;3944;8.91;0.54;232.24;3.44;784;28;1342.00;0
3162;28;625590531;3162;197;3944;3944;8.90;0.54;232.28;3.44;782;28;1343.00;0
3165;28;625590541;3165;198;3956;3957;8.85;0.54;232.26;3.43;791;28;1344.00;1
3169;28;625590552;3169;200;3956;3957;8.85;0.54;232.19;3.43;787;28;1345.00;1
3170;28;625590563;3170;200;3957;3957;8.86;0.54;232.18;3.43;787;28;1346.00;0
3172;29;625590572;3172;206;3958;3958;8.86;0.54;232.20;3.43;786;29;1347.00;0
3173;29;625590599;3173;203;3959;3959;8.86;0.54;232.16;3.43;786;29;1348.00;0
3175;29;625590610;3175;201;3959;3959;8.87;0.54;232.22;3.43;784;29;1349.00;0
3176;30;625590621;3176;203;3962;3968;8.90;0.54;232.25;3.43;786;30;1350.00;6
3179;30;625590646;3179;207;3963;3968;8.87;0.54;232.51;3.43;784;30;1351.00;5
3184;30;625590659;3184;205;3964;3968;8.86;0.54;232.51;3.43;780;30;1352.00;4
3187;30;625590669;3187;210;3964;3968;8.82;0.54;232.65;3.43;777;30;1353.00;4
3193;30;625590678;3193;210;3969;3974;8.80;0.54;232.96;3.42;776;30;1354.00;5
3199;30;625590689;3199;205;3969;3974;8.76;0.54;233.14;3.42;770;30;1355.00;5
3201;30;625590698;3201;204;3970;3974;8.73;0.53;233.21;3.43;769;30;1356.00;4
3205;30;625590707;3205;210;3970;3974;8.66;0.53;233.35;3.43;765;30;1357.00;4
3212;30;625590717;3212;217;3976;3978;8.58;0.53;233.47;3.42;764;30;1358.00;2
3214;30;625590726;3214;217;3977;3979;8.52;0.52;233.45;3.42;763;30;1359.00;2
3222;30;625590735;3222;213;3978;3979;8.38;0.51;233.70;3.42;756;30;1360.00;1
3227;30;625590745;3227;205;3979;3980;8.35;0.51;233.78;3.42;752;30;1361.00;1
3232;30;625590754;3232;201;3979;3980;8.29;0.51;233.85;3.42;747;30;1362.00;1
3237;30;625590763;3237;204;3979;3980;8.30;0.51;233.91;3.42;742;30;1363.00;1
3245;30;625590772;3245;205;3979;3980;8.28;0.50;233.86;3.42;734;30;1364.00;1
3248;30;625590782;3248;210;3979;3980;8.24;0.50;233.99;3.42;731;30;1365.00;1
3251;30;625590791;3251;213;3979;3980;8.26;0.50;234.12;3.42;728;30;1366.00;1
3254;30;625590800;3254;205;3979;3980;8.33;0.51;234.22;3.42;725;30;1367.00;1
3257;30;625590809;3257;207;4019;4050;8.43;0.52;234.25;3.39;762;30;1368.00;31
3261;30;625590825;3261;200;4024;4051;8.51;0.52;234.34;3.39;763;30;1369.00;27
3265;30;625590835;3265;198;4031;4051;8.70;0.53;234.37;3.38;766;30;1370.00;20
3267;30;625590845;3267;192;4032;4051;8.81;0.54;234.32;3.38;765;30;1371.00;19
3268;30;625590854;3268;186;4035;4051;8.95;0.55;234.37;3.38;767;30;1372.00;16
3271;30;625590864;3271;186;4040;4051;9.04;0.55;234.37;3.39;769;30;1373.00;11
3275;30;625590874;3275;188;4044;4051;9.15;0.56;234.35;3.39;769;30;1374.00;7
3278;30;625590884;3278;190;4047;4051;9.13;0.56;234.38;3.39;769;30;1375.00;4
3286;30;625590894;3286;190;4049;4052;9.08;0.55;234.51;3.39;763;30;1376.00;3
3290;30;625590904;3290;184;4051;4053;9.08;0.55;234.60;3.39;761;30;1377.00;2
3294;30;625590915;3294;192;4051;4053;9.09;0.55;234.62;3.39;757;30;1378.00;2
3300;30;625590926;3300;185;4054;4057;9.12;0.55;234.63;3.39;754;30;1379.00;3
3305;30;625590940;3305;189;4054;4057;9.19;0.56;234.68;3.39;749;30;1380.00;3
3308;30;625590957;3308;194;4054;4057;9.23;0.56;234.67;3.39;746;30;1381.00;3
3313;30;625590973;3313;199;4054;4057;9.19;0.56;234.81;3.39;741;30;1382.00;3
3319;30;625590984;3319;200;4059;4063;9.08;0.55;234.91;3.39;740;30;1383.00;4
3322;30;625590995;3322;205;4061;4063;9.07;0.55;234.93;3.39;739;30;1384.00;2
3325;30;625591007;3325;204;4061;4063;9.08;0.55;235.05;3.39;736;30;1385.00;2
3332;30;625591018;3332;206;4063;4066;9.06;0.55;235.27;3.39;731;30;1386.00;3
3335;30;625591030;3335;207;4063;4066;9.01;0.55;235.25;3.39;728;30;1387.00;3
3344;30;625591041;3344;208;4064;4066;8.91;0.54;235.42;3.39;720;30;1388.00;2
3346;30;625591052;3346;213;4065;4067;8.82;0.54;235.49;3.39;719;30;1389.00;2
3348;30;625591064;3348;221;4066;4068;8.73;0.53;235.56;3.39;718;30;1390.00;2
3352;30;625591074;3352;223;4067;4068;8.64;0.53;235.60;3.39;715;30;1391.00;1
3353;30;625591084;3353;225;4080;4081;8.63;0.53;235.60;3.38;727;30;1392.00;1
3357;30;625591095;3357;233;4081;4081;8.57;0.52;235.65;3.39;724;30;1393.00;0
3359;30;625591105;3359;238;4081;4081;8.50;0.52;235.76;3.39;722;30;1394.00;0
3364;30;625591115;3364;240;4083;4083;8.40;0.51;235.82;3.39;719;30;1395.00;0
3367;30;625591125;3367;243;4083;4083;8.32;0.51;236.06;3.39;716;30;1396.00;0
3373;30;625591135;3373;235;4086;4087;8.22;0.50;236.20;3.39;713;30;1397.00;1
3375;30;625591146;3375;244;4086;4087;8.14;0.50;236.18;3.39;711;30;1398.00;1
3377;30;625591156;3377;254;4090;4091;8.12;0.50;236.20;3.38;713;30;1399.00;1
3381;30;625591166;3381;263;4091;4091;8.05;0.49;236.08;3.38;710;30;1400.00;0
3382;30;625591180;3382;268;4091;4091;8.03;0.49;236.12;3.38;709;30;1401.00;0
3384;30;625591190;3384;276;4091;4091;8.00;0.49;236.11;3.38;707;30;1402.00;0
3388;30;625591199;3388;281;4091;4091;7.93;0.49;236.10;3.38;703;30;1403.00;0
3390;30;625591208;3390;292;4101;4103;7.93;0.48;236.10;3.38;711;30;1404.00;2
3393;30;625591219;3393;299;4101;4103;7.78;0.48;236.05;3.38;708;30;1405.00;2
3396;30;625591228;3396;308;4103;4103;7.66;0.47;235.98;3.37;707;30;1406.00;0
3400;30;625591237;3400;301;4103;4103;7.64;0.47;235.95;3.37;703;30;1407.00;0
3402;30;625591247;3402;300;4103;4103;7.59;0.46;235.93;3.37;701;30;1408.00;0
3406;30;625591261;3406;298;4103;4103;7.56;0.46;235.95;3.37;697;30;1409.00;0
3407;30;625591280;3407;302;4104;4104;7.56;0.46;236.11;3.37;697;30;1410.00;0
3411;30;625591295;3411;303;4104;4104;7.51;0.46;236.11;3.37;693;30;1411.00;0
3413;30;625591311;3413;304;4109;4110;7.48;0.45;236.01;3.37;696;30;1412.00;1
3418;30;625591327;3418;308;4110;4111;7.46;0.45;235.95;3.37;692;30;1413.00;1
3419;30;625591342;3419;312;4111;4111;7.52;0.46;235.95;3.37;692;30;1414.00;0
3421;30;625591356;3421;314;4111;4111;7.56;0.46;235.89;3.37;690;30;1415.00;0
3422;30;625591368;3422;299;4115;4115;7.63;0.46;235.88;3.37;693;30;1416.00;0
3422;30;625591380;3422;284;4115;4115;7.76;0.47;235.88;3.37;693;30;1417.00;0
3426;30;625591390;3426;273;4115;4115;7.74;0.47;235.69;3.37;689;30;1418.00;0
3428;30;625591399;3428;265;4116;4116;7.78;0.47;235.66;3.37;688;30;1419.00;0
3429;30;625591410;3429;252;4120;4120;7.81;0.48;235.60;3.36;691;30;1420.00;0
3431;30;625591420;3431;247;4120;4120;7.87;0.48;235.57;3.36;689;30;1421.00;0
3432;30;625591431;3432;248;4122;4123;7.93;0.48;235.50;3.36;690;30;1422.00;1
3434;30;625591443;3434;245;4122;4123;8.00;0.49;235.44;3.36;688;30;1423.00;1
3437;30;625591455;3437;242;4123;4123;8.10;0.49;235.47;3.36;686;30;1424.00;0
3438;30;625591466;3438;243;4123;4123;8.13;0.50;235.45;3.36;685;30;1425.00;0
3441;30;625591483;3441;248;4126;4127;8.16;0.50;235.40;3.36;685;30;1426.00;1
3442;30;625591494;3442;244;4126;4127;8.26;0.50;235.36;3.36;684;30;1427.00;1
3442;30;625591504;3442;247;4127;4127;8.25;0.50;235.36;3.36;685;30;1428.00;0
3443;30;625591514;3443;245;4127;4127;8.21;0.50;235.35;3.36;684;30;1429.00;0
3445;30;625591524;3445;247;4128;4128;8.17;0.50;235.35;3.36;683;30;1430.00;0
3445;30;625591533;3445;250;4129;4129;8.16;0.50;235.35;3.36;684;30;1431.00;0
3447;30;625591543;3447;250;4129;4129;8.14;0.50;235.29;3.36;682;30;1432.00;0
3449;30;625591552;3449;249;4130;4130;8.13;0.50;235.27;3.36;681;30;1433.00;0
3452;30;625591562;3452;251;4130;4130;8.10;0.50;235.24;3.36;678;30;1434.00;0
3454;30;625591572;3454;240;4130;4130;8.15;0.50;235.22;3.36;676;30;1435.00;0
3455;31;625591582;3455;230;4130;4130;8.20;0.50;235.21;3.36;675;31;1436.00;0
3458;31;625591599;3458;225;4130;4130;8.28;0.51;235.15;3.36;672;31;1437.00;0
3459;31;625591613;3459;223;4130;4130;8.36;0.51;235.15;3.36;671;31;1438.00;0
3460;31;625591629;3460;217;4130;4130;8.46;0.52;235.16;3.36;670;31;1439.00;0
3462;31;625591640;3462;273;4256;4360;8.35;0.53;235.15;3.26;794;31;1440.00;104
3463;31;625591676;3463;259;4259;4361;8.41;0.53;235.13;3.26;796;31;1441.00;102
3467;31;625591686;3467;241;4269;4361;8.57;0.54;235.18;3.26;802;31;1442.00;92
3468;32;625591697;3468;232;4276;4361;8.65;0.54;235.19;3.25;808;32;1443.00;85
3470;32;625591719;3470;234;4283;4361;8.65;0.54;235.14;3.26;813;32;1444.00;78
3473;32;625591737;3473;235;4288;4361;8.66;0.54;235.15;3.26;815;32;1445.00;73
3474;32;625591748;3474;242;4294;4361;8.67;0.54;235.13;3.26;820;32;1446.00;67
3475;32;625591758;3475;245;4296;4361;8.64;0.54;235.12;3.26;821;32;1447.00;65
3478;32;625591768;3478;252;4300;4362;8.58;0.53;235.10;3.27;822;32;1448.00;62
3480;32;625591786;3480;252;4304;4363;8.55;0.53;235.10;3.27;824;32;1449.00;59
3481;32;625591797;3481;253;4306;4363;8.53;0.53;235.08;3.27;825;32;1450.00;57
3481;32;625591808;3481;253;4309;4364;8.52;0.53;235.08;3.28;828;32;1451.00;55
3482;32;625591820;3482;253;4314;4364;8.51;0.53;235.09;3.29;832;32;1452.00;50
3484;32;625591831;3484;253;4315;4364;8.53;0.53;235.04;3.29;831;32;1453.00;49
3485;32;625591849;3485;249;4317;4364;8.58;0.53;235.02;3.30;832;32;1454.00;47
3487;32;625591860;3487;248;4322;4368;8.64;0.53;235.10;3.30;835;32;1455.00;46
3491;32;625591877;3491;247;4323;4368;8.65;0.53;235.03;3.31;832;32;1456.00;45
3497;32;625591889;3497;241;4325;4368;8.64;0.53;235.00;3.31;828;32;1457.00;43
3503;32;625591900;3503;245;4328;4371;8.67;0.53;235.00;3.32;825;32;1458.00;43
3504;32;625591911;3504;239;4329;4371;8.71;0.53;235.02;3.32;825;32;1459.00;42
3507;32;625591922;3507;233;4330;4371;8.74;0.53;235.19;3.33;823;32;1460.00;41
3511;32;625591933;3511;230;4334;4375;8.75;0.53;235.25;3.33;823;32;1461.00;41
3513;32;625591944;3513;220;4335;4376;8.83;0.54;235.21;3.33;822;32;1462.00;41
3517;32;625591955;3517;216;4337;4376;8.88;0.54;235.19;3.34;820;32;1463.00;39
3517;32;625591967;3517;206;4341;4380;8.98;0.55;235.19;3.34;824;32;1464.00;39
3519;32;625591978;3519;204;4344;4380;8.95;0.54;235.23;3.35;825;32;1465.00;36
3522;32;625592006;3522;200;4344;4380;8.97;0.55;235.32;3.35;822;32;1466.00;36
3522;32;625592025;3522;195;4346;4381;9.02;0.55;235.32;3.36;824;32;1467.00;35
3524;32;625592036;3524;188;4347;4381;9.03;0.55;235.39;3.37;823;32;1468.00;34
3528;32;625592059;3528;185;4350;4387;9.09;0.55;235.45;3.37;822;32;1469.00;37
3530;32;625592073;3530;172;4350;4387;9.14;0.55;235.52;3.37;820;32;1470.00;37
3532;32;625592091;3532;167;4352;4388;9.16;0.56;235.67;3.38;820;32;1471.00;36
3533;32;625592103;3533;157;4352;4388;9.23;0.56;235.71;3.38;819;32;1472.00;36
3536;32;625592115;3536;156;4354;4388;9.27;0.56;235.76;3.39;818;32;1473.00;34
3538;32;625592126;3538;160;4354;4388;9.27;0.56;235.78;3.39;816;32;1474.00;34
3542;32;625592144;3542;157;4356;4388;9.32;0.57;235.83;3.40;814;32;1475.00;32
3544;32;625592155;3544;155;4366;4400;9.45;0.57;235.94;3.39;822;32;1476.00;34
3548;32;625592167;3548;156;4369;4400;9.53;0.58;235.95;3.41;821;32;1477.00;31
3552;32;625592179;3552;157;4370;4400;9.63;0.58;235.95;3.41;818;32;1478.00;30
3554;32;625592192;3554;154;4370;4400;9.74;0.59;236.08;3.41;816;32;1479.00;30
3555;32;625592203;3555;160;4372;4400;9.77;0.59;236.02;3.42;817;32;1480.00;28
3558;32;625592215;3558;158;4373;4400;9.77;0.59;236.19;3.42;815;32;1481.00;27
3561;32;625592227;3561;155;4376;4404;9.78;0.59;236.21;3.42;815;32;1482.00;28
3563;32;625592240;3563;155;4377;4404;9.78;0.59;236.23;3.43;814;32;1483.00;27
3564;32;625592255;3564;154;4380;4408;9.83;0.60;236.31;3.43;816;32;1484.00;28
3565;32;625592268;3565;159;4383;4410;9.83;0.60;236.31;3.44;818;32;1485.00;27
3568;32;625592281;3568;157;4384;4410;9.88;0.60;236.39;3.43;816;32;1486.00;26
3571;32;625592293;3571;165;4385;4410;9.90;0.60;236.43;3.44;814;32;1487.00;25
3573;32;625592305;3573;167;4393;4423;9.90;0.60;236.55;3.44;820;32;1488.00;30
3575;32;625592318;3575;170;4394;4423;9.93;0.61;236.64;3.45;819;32;1489.00;29
3580;32;625592330;3580;177;4397;4423;9.96;0.61;236.62;3.47;817;32;1490.00;26
3584;32;625592342;3584;175;4399;4424;10.00;0.61;236.77;3.48;815;32;1491.00;25
3588;32;625592354;3588;177;4400;4425;10.01;0.61;236.74;3.49;812;32;1492.00;25
3591;32;625592366;3591;180;4401;4425;10.10;0.61;236.78;3.50;810;32;1493.00;24
3594;32;625592378;3594;183;4403;4428;10.16;0.62;236.78;3.50;809;32;1494.00;25
3597;32;625592390;3597;184;4406;4428;10.14;0.62;236.74;3.53;809;32;1495.00;22
3602;32;625592402;3602;191;4408;4428;10.14;0.62;236.86;3.54;806;32;1496.00;20
3605;33;625592413;3605;194;4411;4428;10.11;0.62;236.93;3.57;806;33;1497.00;17
3607;33;625592431;3607;195;4416;4434;10.10;0.61;236.91;3.57;809;33;1498.00;18
3610;33;625592443;3610;196;4417;4434;10.04;0.61;237.01;3.59;807;33;1499.00;17
3612;33;625592457;3612;200;4424;4453;9.84;0.60;237.06;3.61;812;33;1500.00;29
3614;33;625592479;3614;201;4426;4453;9.75;0.59;237.05;3.63;812;33;1501.00;27
3617;33;625592491;3617;207;4433;4457;9.59;0.58;237.13;3.66;816;33;1502.00;24
3618;33;625592502;3618;212;4436;4458;9.57;0.58;237.21;3.68;818;33;1503.00;22
3618;33;625592513;3618;217;4437;4458;9.51;0.58;237.21;3.69;819;33;1504.00;21
3621;33;625592523;3621;228;4440;4459;9.43;0.57;237.31;3.69;819;33;1505.00;19
3622;33;625592534;3622;233;4443;4459;9.36;0.57;237.38;3.70;821;33;1506.00;16
3625;33;625592545;3625;242;4444;4459;9.30;0.56;237.44;3.70;819;33;1507.00;15
3625;33;625592556;3625;250;4446;4459;9.19;0.56;237.44;3.70;821;33;1508.00;13
3628;33;625592573;3628;249;4447;4459;9.14;0.55;237.43;3.70;819;33;1509.00;12
3630;33;625592585;3630;249;4448;4459;9.14;0.56;237.56;3.70;818;33;1510.00;11
3630;33;625592596;3630;256;4448;4459;9.20;0.56;237.56;3.70;818;33;1511.00;11
3633;33;625592606;3633;262;4480;4529;9.18;0.56;237.63;3.68;847;33;1512.00;49
3635;33;625592624;3635;258;4481;4530;9.19;0.56;237.61;3.68;846;33;1513.00;49
3637;33;625592634;3637;254;4489;4530;9.20;0.56;237.65;3.68;852;33;1514.00;41
3640;33;625592646;3640;248;4492;4530;9.22;0.56;237.60;3.68;852;33;1515.00;38
3642;33;625592658;3642;256;4501;4530;9.21;0.56;237.70;3.68;859;33;1516.00;29
3644;33;625592669;3644;260;4501;4530;9.21;0.56;237.70;3.68;857;33;1517.00;29
3646;33;625592682;3646;257;4506;4530;9.22;0.56;237.72;3.69;860;33;1518.00;24
3647;33;625592693;3647;257;4508;4530;9.25;0.56;237.81;3.69;861;33;1519.00;22
3648;33;625592704;3648;258;4510;4531;9.24;0.56;237.81;3.69;862;33;1520.00;21
3651;33;625592715;3651;257;4513;4532;9.15;0.56;237.73;3.69;862;33;1521.00;19
3656;33;625592726;3656;257;4514;4532;9.02;0.55;237.67;3.69;858;33;1522.00;18
3659;33;625592737;3659;261;4518;4536;8.89;0.54;237.69;3.69;859;33;1523.00;18
3661;33;625592749;3661;265;4519;4536;8.77;0.54;237.63;3.70;858;33;1524.00;17
3668;33;625592759;3668;272;4519;4536;8.69;0.53;237.83;3.70;851;33;1525.00;17
3671;33;625592771;3671;278;4519;4536;8.56;0.52;237.77;3.70;848;33;1526.00;17
3676;33;625592782;3676;283;4523;4542;8.41;0.52;237.95;3.69;847;33;1527.00;19
3679;33;625592792;3679;294;4523;4542;8.19;0.50;238.01;3.69;844;33;1528.00;19
3682;33;625592802;3682;300;4523;4542;8.01;0.49;238.09;3.69;841;33;1529.00;19
3687;33;625592815;3687;296;4527;4548;7.83;0.48;238.12;3.70;840;33;1530.00;21
3690;33;625592826;3690;286;4527;4548;7.71;0.47;238.10;3.70;837;33;1531.00;21
3694;33;625592836;3694;283;4527;4548;7.57;0.47;238.14;3.70;833;33;1532.00;21
3698;33;625592846;3698;279;4529;4549;7.51;0.46;238.20;3.70;831;33;1533.00;20
3705;33;625592857;3705;287;4530;4550;7.52;0.46;238.08;3.70;825;33;1534.00;20
3707;33;625592867;3707;284;4530;4550;7.53;0.46;238.07;3.70;823;33;1535.00;20
3713;33;625592877;3713;294;4542;4563;7.48;0.46;238.16;3.71;829;33;1536.00;21
3713;33;625592888;3713;284;4543;4563;7.51;0.46;238.16;3.71;830;33;1537.00;20
3720;33;625592899;3720;282;4544;4563;7.52;0.46;238.18;3.71;824;33;1538.00;19
3722;33;625592909;3722;274;4548;4564;7.51;0.46;238.18;3.72;826;33;1539.00;16
3726;33;625592919;3726;263;4548;4564;7.53;0.46;238.18;3.72;822;33;1540.00;16
3730;33;625592930;3730;261;4550;4568;7.53;0.46;238.31;3.72;820;33;1541.00;18
3730;33;625592941;3730;258;4552;4568;7.57;0.46;238.31;3.74;822;33;1542.00;16
3733;33;625592950;3733;255;4556;4572;7.56;0.46;238.39;3.74;823;33;1543.00;16
3735;33;625592962;3735;255;4557;4572;7.61;0.47;238.42;3.74;822;33;1544.00;15
3737;33;625592973;3737;256;4558;4572;7.68;0.47;238.45;3.75;821;33;1545.00;14
3742;33;625592983;3742;253;4558;4572;7.73;0.47;238.48;3.75;816;33;1546.00;14
3750;33;625592994;3750;251;4558;4572;7.72;0.47;238.49;3.75;808;33;1547.00;14
3753;33;625593004;3753;254;4571;4584;7.77;0.48;238.52;3.75;818;33;1548.00;13
3759;33;625593016;3759;261;4571;4584;7.71;0.47;238.71;3.75;812;33;1549.00;13
3762;33;625593027;3762;257;4572;4584;7.69;0.47;238.79;3.76;810;33;1550.00;12
3764;33;625593037;3764;258;4572;4584;7.71;0.47;238.78;3.76;808;33;1551.00;12
3772;33;625593047;3772;255;4572;4584;7.70;0.47;238.88;3.76;800;33;1552.00;12
3778;33;625593058;3778;256;4573;4584;7.70;0.47;239.06;3.77;795;33;1553.00;11
3783;33;625593068;3783;262;4574;4585;7.61;0.47;239.08;3.77;791;33;1554.00;11
3785;33;625593079;3785;268;4576;4587;7.61;0.47;239.17;3.77;791;33;1555.00;11
3788;33;625593090;3788;272;4581;4593;7.61;0.46;239.10;3.78;793;33;1556.00;12
3792;33;625593101;3792;277;4582;4594;7.55;0.46;239.21;3.78;790;33;1557.00;12
3795;33;625593112;3795;282;4582;4594;7.46;0.46;239.27;3.78;787;33;1558.00;12
3798;33;625593121;3798;285;4583;4594;7.39;0.45;239.17;3.79;785;33;1559.00;11
3802;33;625593133;3802;284;4590;4599;7.29;0.45;239.08;3.79;788;33;1560.00;9
3808;33;625593143;3808;292;4590;4599;7.23;0.44;238.96;3.79;782;33;1561.00;9
3811;33;625593153;3811;302;4592;4599;7.18;0.44;238.93;3.81;781;33;1562.00;7
3817;33;625593163;3817;306;4593;4600;7.10;0.43;238.77;3.81;776;33;1563.00;7
3820;33;625593173;3820;314;4598;4604;7.03;0.43;238.84;3.81;778;33;1564.00;6
3822;33;625593184;3822;321;4600;4604;6.99;0.43;238.86;3.82;778;33;1565.00;4
3825;33;625593194;3825;325;4602;4607;6.89;0.42;238.82;3.82;777;33;1566.00;5
3830;33;625593204;3830;332;4603;4607;6.75;0.41;238.77;3.82;773;33;1567.00;4
3832;33;625593214;3832;345;4603;4607;6.72;0.41;238.71;3.82;771;33;1568.00;4
3834;33;625593224;3834;355;4603;4607;6.67;0.41;238.79;3.82;769;33;1569.00;4
3836;33;625593233;3836;364;4605;4611;6.68;0.41;238.80;3.82;769;33;1570.00;6
3839;33;625593243;3839;373;4606;4611;6.61;0.41;238.75;3.82;767;33;1571.00;5
3842;33;625593255;3842;378;4606;4611;6.57;0.40;238.69;3.82;764;33;1572.00;5
3843;33;625593268;3843;384;4607;4611;6.53;0.40;238.63;3.82;764;33;1573.00;4
3847;33;625593300;3847;388;4609;4612;6.45;0.40;238.60;3.83;762;33;1574.00;3
3851;33;625593328;3851;394;4612;4614;6.45;0.40;238.60;3.83;761;33;1575.00;2
3853;33;625593343;3853;395;4612;4614;6.39;0.39;238.64;3.83;759;33;1576.00;2
3855;33;625593356;3855;389;4614;4615;6.44;0.40;238.61;3.83;759;33;1577.00;1
3856;33;625593370;3856;380;4614;4615;6.43;0.40;238.56;3.83;758;33;1578.00;1
3859;33;625593380;3859;373;4615;4615;6.40;0.39;238.59;3.83;756;33;1579.00;0
3860;33;625593392;3860;368;4615;4615;6.45;0.40;238.70;3.83;755;33;1580.00;0
3861;33;625593402;3861;363;4615;4615;6.52;0.40;238.73;3.83;754;33;1581.00;0
3862;33;625593412;3862;363;4615;4615;6.58;0.41;238.80;3.83;753;33;1582.00;0
3864;33;625593422;3864;362;4615;4615;6.61;0.41;238.73;3.83;751;33;1583.00;0
3867;33;625593432;3867;380;4690;4742;6.89;0.43;238.76;3.77;823;33;1584.00;52
3868;33;625593454;3868;372;4695;4743;6.95;0.43;238.74;3.76;827;33;1585.00;48
3871;33;625593465;3871;349;4704;4743;7.07;0.44;238.64;3.76;833;33;1586.00;39
3874;33;625593477;3874;318;4707;4743;7.20;0.45;238.57;3.76;833;33;1587.00;36
3875;33;625593488;3875;291;4712;4743;7.37;0.46;238.57;3.76;837;33;1588.00;31
3877;33;625593501;3877;267;4714;4743;7.56;0.47;238.61;3.76;837;33;1589.00;29
3878;33;625593516;3878;255;4717;4743;7.70;0.48;238.58;3.76;839;33;1590.00;26
3881;33;625593529;3881;250;4721;4743;7.84;0.48;238.55;3.76;840;33;1591.00;22
3884;33;625593551;3884;242;4723;4744;8.01;0.49;238.54;3.77;839;33;1592.00;21
3886;33;625593564;3886;234;4727;4745;8.16;0.50;238.52;3.77;841;33;1593.00;18
3887;33;625593577;3887;227;4732;4745;8.37;0.51;238.49;3.78;845;33;1594.00;13
3889;33;625593592;3889;229;4735;4746;8.52;0.52;238.45;3.78;846;33;1595.00;11
3890;33;625593605;3890;228;4736;4746;8.61;0.53;238.44;3.78;846;33;1596.00;10
3892;33;625593620;3892;235;4737;4746;8.71;0.53;238.45;3.78;845;33;1597.00;9
3894;33;625593632;3894;236;4738;4746;8.78;0.54;238.45;3.79;844;33;1598.00;8
3895;33;625593646;3895;234;4741;4750;8.86;0.54;238.43;3.79;846;33;1599.00;9
3896;33;625593668;3896;227;4742;4750;8.96;0.55;238.41;3.79;846;33;1600.00;8
3897;33;625593687;3897;223;4743;4750;9.07;0.55;238.39;3.79;846;33;1601.00;7
3899;33;625593700;3899;221;4745;4753;9.17;0.56;238.37;3.80;846;33;1602.00;8
3900;33;625593714;3900;222;4746;4753;9.26;0.56;238.35;3.80;846;33;1603.00;7
3901;34;625593733;3901;224;4748;4753;9.32;0.57;238.34;3.80;847;34;1604.00;5
3904;34;625593758;3904;219;4752;4757;9.33;0.57;238.34;3.80;848;34;1605.00;5
3906;34;625593771;3906;219;4754;4758;9.36;0.57;238.26;3.80;848;34;1606.00;4
3908;34;625593783;3908;217;4755;4758;9.40;0.57;238.36;3.80;847;34;1607.00;3
3910;34;625593797;3910;213;4758;4762;9.48;0.57;238.31;3.80;848;34;1608.00;4
3914;34;625593810;3914;217;4758;4762;9.45;0.57;238.41;3.80;844;34;1609.00;4
3916;34;625593824;3916;218;4758;4762;9.43;0.57;238.42;3.80;842;34;1610.00;4
3918;34;625593837;3918;222;4759;4763;9.43;0.57;238.39;3.80;841;34;1611.00;4
3920;34;625593858;3920;220;4759;4763;9.46;0.57;238.37;3.80;839;34;1612.00;4
3922;34;625593873;3922;220;4764;4769;9.40;0.57;238.41;3.79;842;34;1613.00;5
3924;34;625593894;3924;217;4764;4769;9.41;0.57;238.50;3.79;840;34;1614.00;5
3926;34;625593906;3926;222;4764;4770;9.45;0.57;238.56;3.79;838;34;1615.00;6
3927;34;625593939;3927;223;4764;4770;9.50;0.58;238.62;3.79;837;34;1616.00;6
3930;34;625593951;3930;222;4764;4770;9.49;0.58;238.64;3.79;834;34;1617.00;6
3935;34;625593963;3935;222;4764;4770;9.46;0.57;238.79;3.79;829;34;1618.00;6
3936;35;625593976;3936;222;4764;4770;9.44;0.57;238.76;3.79;828;35;1619.00;6
3939;35;625594005;3939;218;4785;4806;9.37;0.57;238.81;3.78;846;35;1620.00;21
3943;35;625594020;3943;216;4785;4806;9.34;0.57;238.90;3.78;842;35;1621.00;21
3946;35;625594032;3946;207;4789;4806;9.39;0.57;238.95;3.77;843;35;1622.00;17
3948;35;625594044;3948;205;4790;4806;9.36;0.57;239.03;3.77;842;35;1623.00;16
3952;35;625594056;3952;202;4792;4806;9.36;0.57;239.14;3.77;840;35;1624.00;14
3954;35;625594068;3954;201;4792;4806;9.41;0.57;239.18;3.77;838;35;1625.00;14
3956;35;625594080;3956;195;4796;4810;9.46;0.58;239.23;3.77;840;35;1626.00;14
3957;35;625594104;3957;189;4798;4810;9.55;0.58;239.27;3.77;841;35;1627.00;12
3963;35;625594116;3963;190;4800;4814;9.60;0.58;239.38;3.77;837;35;1628.00;14
3970;35;625594128;3970;180;4803;4815;9.65;0.59;239.50;3.77;833;35;1629.00;12
3971;35;625594140;3971;166;4804;4815;9.68;0.59;239.47;3.77;833;35;1630.00;11
3975;35;625594152;3975;162;4805;4815;9.66;0.59;239.58;3.78;830;35;1631.00;10
3980;35;625594163;3980;158;4814;4828;9.56;0.58;239.87;3.77;834;35;1632.00;14
3983;35;625594175;3983;152;4815;4828;9.53;0.58;239.92;3.77;832;35;1633.00;13
3987;35;625594187;3987;155;4815;4828;9.51;0.58;239.97;3.77;828;35;1634.00;13
3993;35;625594206;3993;153;4817;4829;9.53;0.58;239.95;3.78;824;35;1635.00;12
3996;35;625594218;3996;147;4817;4830;9.56;0.58;239.92;3.78;821;35;1636.00;13
4000;35;625594230;4000;148;4817;4830;9.62;0.59;240.06;3.78;817;35;1637.00;13
4004;35;625594241;4004;146;4819;4833;9.75;0.60;240.11;3.78;815;35;1638.00;14
4009;35;625594253;4009;147;4819;4833;9.82;0.60;240.14;3.78;810;35;1639.00;14
4015;35;625594265;4015;146;4820;4833;9.88;0.60;240.21;3.77;805;35;1640.00;13
4021;35;625594276;4021;146;4820;4833;9.87;0.60;240.20;3.77;799;35;1641.00;13
4023;35;625594288;4023;142;4824;4839;9.88;0.60;240.22;3.77;801;35;1642.00;15
4025;35;625594300;4025;141;4824;4839;9.90;0.60;240.26;3.77;799;35;1643.00;15
4029;35;625594311;4029;135;4825;4839;9.93;0.61;240.25;3.77;796;35;1644.00;14
4032;35;625594322;4032;137;4825;4839;10.00;0.61;240.31;3.77;793;35;1645.00;14
4035;35;625594332;4035;138;4828;4843;10.00;0.61;240.40;3.77;793;35;1646.00;15
4037;35;625594356;4037;139;4831;4844;10.05;0.61;240.42;3.78;794;35;1647.00;13
4040;35;625594372;4040;147;4831;4844;10.12;0.62;240.49;3.78;791;35;1648.00;13
4043;35;625594383;4043;140;4832;4845;10.21;0.62;240.46;3.78;789;35;1649.00;13
4046;35;625594396;4046;137;4832;4845;10.29;0.63;240.49;3.78;786;35;1650.00;13
4048;35;625594406;4048;141;4832;4845;10.37;0.63;240.51;3.78;784;35;1651.00;13
4050;35;625594417;4050;142;4832;4845;10.47;0.64;240.55;3.78;782;35;1652.00;13
4054;35;625594428;4054;144;4832;4845;10.52;0.64;240.62;3.78;778;35;1653.00;13
4056;35;625594439;4056;146;4832;4845;10.54;0.64;240.63;3.78;776;35;1654.00;13
4060;35;625594456;4060;143;4832;4845;10.54;0.64;240.86;3.78;772;35;1655.00;13
4062;35;625594467;4062;154;4869;4915;10.45;0.64;240.91;3.75;807;35;1656.00;46
4066;35;625594484;4066;150;4870;4916;10.44;0.64;240.96;3.76;804;35;1657.00;46
4069;35;625594495;4069;149;4876;4916;10.48;0.64;240.98;3.75;807;35;1658.00;40
4069;35;625594507;4069;153;4884;4916;10.52;0.64;240.98;3.77;815;35;1659.00;32
4072;35;625594518;4072;150;4891;4916;10.54;0.64;241.09;3.77;819;35;1660.00;25
4075;35;625594530;4075;157;4895;4916;10.53;0.64;241.11;3.77;820;35;1661.00;21
4079;35;625594541;4079;161;4900;4916;10.50;0.64;241.11;3.79;821;35;1662.00;16
4082;35;625594553;4082;164;4901;4916;10.46;0.64;241.13;3.79;819;35;1663.00;15
4085;35;625594570;4085;161;4904;4917;10.43;0.63;241.17;3.80;819;35;1664.00;13
4089;35;625594581;4089;169;4906;4919;10.41;0.63;241.16;3.80;817;35;1665.00;13
4091;35;625594594;4091;171;4908;4919;10.31;0.63;241.17;3.81;817;35;1666.00;11
4095;35;625594612;4095;175;4911;4923;10.17;0.62;241.25;3.82;816;35;1667.00;12
4097;35;625594624;4097;176;4912;4923;10.03;0.61;241.32;3.82;815;35;1668.00;11
4100;35;625594641;4100;181;4912;4923;9.94;0.61;241.37;3.82;812;35;1669.00;11
4102;35;625594652;4102;192;4913;4923;9.79;0.60;241.34;3.83;811;35;1670.00;10
4105;35;625594663;4105;192;4919;4929;9.75;0.59;241.33;3.83;814;35;1671.00;10
4108;35;625594674;4108;197;4919;4929;9.67;0.59;241.36;3.83;811;35;1672.00;10
4110;35;625594685;4110;199;4921;4929;9.67;0.59;241.39;3.84;811;35;1673.00;8
4112;35;625594696;4112;201;4924;4932;9.66;0.59;241.43;3.85;812;35;1674.00;8
4113;35;625594707;4113;205;4926;4932;9.73;0.60;241.38;3.85;813;35;1675.00;6
4116;35;625594718;4116;203;4927;4932;9.67;0.59;241.37;3.85;811;35;1676.00;5
4118;35;625594728;4118;211;4928;4933;9.47;0.58;241.32;3.86;810;35;1677.00;5
4121;35;625594738;4121;215;4930;4934;9.31;0.57;241.25;3.86;809;35;1678.00;4
4127;35;625594748;4127;219;4930;4934;9.16;0.56;241.16;3.86;803;35;1679.00;4
4130;35;625594766;4130;225;4950;4960;8.93;0.55;241.16;3.85;820;35;1680.00;10
4133;35;625594783;4133;222;4952;4960;8.85;0.54;241.18;3.85;819;35;1681.00;8
4136;35;625594793;4136;223;4955;4960;8.77;0.54;241.19;3.85;819;35;1682.00;5
4141;35;625594803;4141;226;4957;4961;8.75;0.53;241.27;3.85;816;35;1683.00;4
4142;35;625594814;4142;215;4957;4961;8.70;0.53;241.27;3.85;815;35;1684.00;4
4144;35;625594823;4144;221;4960;4965;8.69;0.53;241.32;3.84;816;35;1685.00;5
4144;35;625594834;4144;222;4960;4965;8.73;0.53;241.32;3.84;816;35;1686.00;5
4146;35;625594849;4146;225;4964;4969;8.66;0.53;241.43;3.84;818;35;1687.00;5
4148;35;625594860;4148;230;4966;4969;8.60;0.53;241.45;3.85;818;35;1688.00;3
4151;35;625594870;4151;237;4966;4969;8.60;0.52;241.44;3.85;815;35;1689.00;3
4155;35;625594880;4155;249;4966;4969;8.49;0.52;241.38;3.85;811;35;1690.00;3
4161;35;625594890;4161;251;4967;4969;8.36;0.51;241.54;3.85;806;35;1691.00;2
4164;35;625594900;4164;257;4979;4981;8.27;0.50;241.49;3.84;815;35;1692.00;2
4166;35;625594910;4166;267;4979;4981;8.16;0.50;241.55;3.84;813;35;1693.00;2
4173;35;625594919;4173;271;4980;4981;8.05;0.49;241.61;3.84;807;35;1694.00;1
4176;35;625594929;4176;280;4981;4981;7.95;0.49;241.64;3.85;805;35;1695.00;0
4180;35;625594938;4180;281;4981;4981;7.81;0.48;241.60;3.85;801;35;1696.00;0
4185;35;625594947;4185;288;4981;4981;7.62;0.47;241.51;3.85;796;35;1697.00;0
4190;35;625594957;4190;288;4982;4982;7.41;0.45;241.63;3.85;792;35;1698.00;0
4194;35;625594966;4194;293;4982;4982;7.18;0.44;241.75;3.85;788;35;1699.00;0
4198;35;625594975;4198;288;4987;4988;7.04;0.43;241.83;3.84;789;35;1700.00;1
4200;35;625594989;4200;288;4988;4989;6.92;0.42;241.80;3.84;788;35;1701.00;1
4205;35;625594998;4205;286;4989;4989;6.82;0.42;241.83;3.84;784;35;1702.00;0
4208;35;625595007;4208;280;4989;4989;6.83;0.42;241.82;3.84;781;35;1703.00;0
4211;35;625595016;4211;280;4993;4993;6.85;0.42;241.80;3.84;782;35;1704.00;0
4214;35;625595025;4214;277;4993;4993;6.84;0.42;241.79;3.84;779;35;1705.00;0
4216;35;625595033;4216;280;4993;4993;6.84;0.42;241.84;3.84;777;35;1706.00;0
4218;35;625595042;4218;282;4994;4994;6.84;0.42;241.86;3.84;776;35;1707.00;0
4222;35;625595051;4222;276;4998;4998;6.86;0.42;241.94;3.84;776;35;1708.00;0
4225;35;625595061;4225;274;4998;4998;6.97;0.42;241.86;3.84;773;35;1709.00;0
4228;35;625595072;4228;280;5001;5004;7.07;0.43;241.87;3.83;773;35;1710.00;3
4232;35;625595082;4232;278;5002;5004;7.14;0.43;241.91;3.83;770;35;1711.00;2
4232;35;625595092;4232;277;5003;5004;7.19;0.44;241.91;3.83;771;35;1712.00;1
4234;35;625595100;4234;276;5003;5004;7.17;0.44;242.00;3.83;769;35;1713.00;1
4237;35;625595109;4237;282;5006;5008;7.18;0.44;242.04;3.83;769;35;1714.00;2
4239;35;625595119;4239;286;5006;5008;7.13;0.44;241.96;3.83;767;35;1715.00;2
4246;35;625595128;4246;288;5007;5008;7.10;0.43;241.90;3.83;761;35;1716.00;1
4249;35;625595138;4249;292;5007;5008;7.06;0.43;241.90;3.83;758;35;1717.00;1
4253;35;625595146;4253;293;5009;5009;7.01;0.43;241.86;3.83;756;35;1718.00;0
4258;35;625595155;4258;298;5010;5010;6.95;0.43;241.82;3.83;752;35;1719.00;0
4262;35;625595165;4262;298;5010;5010;6.93;0.42;241.83;3.83;748;35;1720.00;0
4264;35;625595174;4264;291;5011;5011;6.93;0.42;241.84;3.83;747;35;1721.00;0
4267;35;625595190;4267;298;5011;5011;6.92;0.42;241.86;3.83;744;35;1722.00;0
4270;35;625595199;4270;300;5011;5011;6.91;0.42;241.86;3.83;741;35;1723.00;0
4270;35;625595208;4270;301;5011;5011;6.95;0.43;241.86;3.83;741;35;1724.00;0
4271;35;625595217;4271;302;5011;5011;6.96;0.43;241.83;3.83;740;35;1725.00;0
4273;35;625595226;4273;300;5011;5011;6.99;0.43;241.82;3.83;738;35;1726.00;0
4278;35;625595235;4278;298;5011;5011;6.98;0.43;241.70;3.83;733;35;1727.00;0
4282;35;625595244;4282;307;5082;5138;7.27;0.45;241.60;3.78;800;35;1728.00;56
4287;35;625595272;4287;313;5085;5139;7.21;0.45;241.55;3.78;798;35;1729.00;54
4289;35;625595289;4289;318;5095;5139;7.29;0.45;241.57;3.77;806;35;1730.00;44
4295;35;625595303;4295;320;5100;5139;7.24;0.45;241.52;3.77;805;35;1731.00;39
4297;35;625595321;4297;319;5105;5139;7.26;0.45;241.61;3.77;808;35;1732.00;34
4300;35;625595337;4300;322;5110;5139;7.34;0.45;241.58;3.77;810;35;1733.00;29
4304;35;625595352;4304;322;5116;5139;7.38;0.45;241.70;3.78;812;35;1734.00;23
4307;35;625595369;4307;328;5118;5139;7.36;0.45;241.68;3.78;811;35;1735.00;21
4311;35;625595382;4311;337;5122;5140;7.36;0.45;241.70;3.78;811;35;1736.00;18
4313;35;625595394;4313;343;5125;5141;7.35;0.45;241.72;3.78;812;35;1737.00;16
4317;35;625595405;4317;350;5129;5141;7.28;0.45;241.68;3.79;812;35;1738.00;12
4318;35;625595416;4318;344;5132;5142;7.19;0.44;241.74;3.79;814;35;1739.00;10
4319;35;625595429;4319;336;5133;5142;7.18;0.44;241.75;3.79;814;35;1740.00;9
4319;35;625595440;4319;336;5135;5142;7.29;0.45;241.75;3.79;816;35;1741.00;7
4320;35;625595451;4320;337;5136;5142;7.38;0.45;241.76;3.80;816;35;1742.00;6
4322;35;625595463;4322;341;5140;5146;7.47;0.46;241.79;3.80;818;35;1743.00;6
4324;36;625595476;4324;335;5141;5146;7.52;0.46;241.73;3.80;817;36;1744.00;5
4324;36;625595503;4324;339;5141;5146;7.54;0.46;241.73;3.80;817;36;1745.00;5
4325;36;625595515;4325;341;5144;5149;7.58;0.46;241.71;3.80;819;36;1746.00;5
4329;36;625595526;4329;330;5144;5149;7.63;0.47;241.71;3.80;815;36;1747.00;5
4332;36;625595538;4332;319;5145;5149;7.67;0.47;241.73;3.80;813;36;1748.00;4
4333;36;625595555;4333;309;5150;5153;7.79;0.48;241.72;3.80;817;36;1749.00;3
4334;36;625595566;4334;297;5151;5154;7.91;0.48;241.70;3.80;817;36;1750.00;3
4335;36;625595578;4335;291;5152;5154;7.97;0.49;241.65;3.80;817;36;1751.00;2
4336;36;625595599;4336;287;5156;5158;8.09;0.49;241.60;3.80;820;36;1752.00;2
4340;36;625595612;4340;280;5156;5158;8.12;0.50;241.74;3.80;816;36;1753.00;2
4342;36;625595625;4342;276;5156;5158;8.21;0.50;241.70;3.80;814;36;1754.00;2
4342;36;625595638;4342;278;5158;5160;8.35;0.51;241.70;3.80;816;36;1755.00;2
4344;36;625595658;4344;265;5158;5160;8.37;0.51;241.67;3.80;814;36;1756.00;2
4348;36;625595671;4348;251;5163;5166;8.40;0.51;241.75;3.79;815;36;1757.00;3
4351;36;625595684;4351;242;5163;5166;8.49;0.52;241.71;3.79;812;36;1758.00;3
4352;36;625595697;4352;237;5165;5167;8.64;0.53;241.69;3.79;813;36;1759.00;2
4354;36;625595710;4354;233;5165;5167;8.77;0.53;241.65;3.79;811;36;1760.00;2
4358;36;625595723;4358;238;5165;5167;8.89;0.54;241.68;3.79;807;36;1761.00;2
4358;36;625595737;4358;234;5165;5167;8.96;0.54;241.68;3.79;807;36;1762.00;2
4361;36;625595749;4361;238;5165;5167;9.04;0.55;241.76;3.79;804;36;1763.00;2
4363;36;625595761;4363;240;5174;5179;9.15;0.56;241.87;3.79;811;36;1764.00;5
4364;36;625595774;4364;246;5174;5179;9.17;0.56;241.86;3.79;810;36;1765.00;5
4365;36;625595787;4365;245;5176;5179;9.24;0.56;241.83;3.78;811;36;1766.00;3
4370;36;625595800;4370;240;5176;5179;9.26;0.56;241.86;3.78;806;36;1767.00;3
4372;36;625595812;4372;247;5176;5179;9.29;0.56;241.83;3.78;804;36;1768.00;3
4374;36;625595825;4374;246;5176;5179;9.31;0.57;241.84;3.78;802;36;1769.00;3
4376;36;625595839;4376;241;5179;5183;9.26;0.56;241.85;3.78;803;36;1770.00;4
4379;36;625595852;4379;236;5179;5183;9.25;0.56;241.88;3.78;800;36;1771.00;4
4381;36;625595864;4381;237;5182;5187;9.33;0.57;241.86;3.78;801;36;1772.00;5
4386;36;625595877;4386;241;5184;5188;9.28;0.56;242.01;3.78;798;36;1773.00;4
4389;36;625595888;4389;241;5184;5188;9.31;0.57;242.01;3.78;795;36;1774.00;4
4391;36;625595899;4391;239;5184;5188;9.38;0.57;242.07;3.78;793;36;1775.00;4
4396;36;625595910;4396;243;5195;5201;9.39;0.57;242.16;3.77;799;36;1776.00;6
4400;36;625595923;4400;243;5195;5201;9.38;0.57;242.33;3.77;795;36;1777.00;6
4402;36;625595942;4402;244;5195;5201;9.36;0.57;242.39;3.77;793;36;1778.00;6
4404;36;625595953;4404;241;5196;5202;9.36;0.57;242.48;3.77;792;36;1779.00;6
4406;36;625595971;4406;245;5196;5203;9.31;0.56;242.57;3.77;790;36;1780.00;7
4409;36;625595982;4409;247;5196;5203;9.29;0.56;242.65;3.77;787;36;1781.00;7
4410;36;625595993;4410;247;5198;5206;9.31;0.56;242.70;3.77;788;36;1782.00;8
4413;36;625596013;4413;250;5198;5206;9.32;0.56;242.75;3.77;785;36;1783.00;8
4415;36;625596026;4415;246;5199;5206;9.30;0.56;242.77;3.77;784;36;1784.00;7
4419;36;625596039;4419;244;5199;5206;9.24;0.56;242.88;3.77;780;36;1785.00;7
4423;37;625596051;4423;246;5203;5212;9.23;0.56;242.98;3.77;780;37;1786.00;9
4425;37;625596079;4425;248;5204;5212;9.25;0.56;242.95;3.77;779;37;1787.00;8
4430;37;625596091;4430;250;5204;5212;9.26;0.56;242.96;3.77;774;37;1788.00;8
4433;37;625596108;4433;247;5204;5212;9.28;0.56;242.92;3.77;771;37;1789.00;8
4437;37;625596120;4437;239;5207;5216;9.26;0.56;242.99;3.77;770;37;1790.00;9
4439;37;625596131;4439;231;5208;5217;9.31;0.57;243.05;3.76;769;37;1791.00;9
4440;37;625596141;4440;220;5208;5217;9.38;0.57;243.04;3.76;768;37;1792.00;9
4442;37;625596152;4442;218;5209;5218;9.49;0.58;243.05;3.76;767;37;1793.00;9
4444;37;625596163;4444;211;5209;5218;9.52;0.58;243.09;3.76;765;37;1794.00;9
4444;37;625596174;4444;201;5209;5218;9.57;0.58;243.09;3.76;765;37;1795.00;9
4448;37;625596184;4448;196;5209;5218;9.63;0.59;243.16;3.76;761;37;1796.00;9
4449;37;625596195;4449;189;5209;5218;9.63;0.59;243.19;3.76;760;37;1797.00;9
4452;37;625596205;4452;186;5209;5218;9.64;0.59;243.29;3.76;757;37;1798.00;9
4454;37;625596222;4454;177;5209;5218;9.70;0.59;243.28;3.76;755;37;1799.00;9
4457;37;625596236;4457;196;5271;5356;9.49;0.59;243.34;3.72;814;37;1800.00;85
4462;37;625596268;4462;178;5271;5357;9.48;0.58;243.46;3.72;809;37;1801.00;86
4464;37;625596279;4464;159;5280;5357;9.47;0.58;243.54;3.72;816;37;1802.00;77
4471;37;625596290;4471;157;5284;5357;9.53;0.59;243.62;3.72;813;37;1803.00;73
4476;37;625596301;4476;152;5290;5357;9.52;0.59;243.70;3.73;814;37;1804.00;67
4480;37;625596312;4480;147;5297;5357;9.55;0.59;243.75;3.74;817;37;1805.00;60
4485;37;625596329;4485;142;5302;5357;9.59;0.59;243.92;3.75;817;37;1806.00;55
4491;37;625596340;4491;141;5303;5357;9.68;0.60;244.00;3.75;812;37;1807.00;54
4494;37;625596351;4494;138;5307;5358;9.76;0.60;244.20;3.75;813;37;1808.00;51
4500;37;625596362;4500;139;5311;5359;9.73;0.60;244.22;3.77;811;37;1809.00;48
4504;37;625596374;4504;132;5313;5359;9.74;0.60;244.19;3.77;809;37;1810.00;46
4506;37;625596385;4506;131;5318;5363;9.70;0.59;244.28;3.77;812;37;1811.00;45
4511;37;625596396;4511;127;5320;5363;9.61;0.59;244.31;3.77;809;37;1812.00;43
4514;37;625596408;4514;125;5321;5363;9.55;0.58;244.30;3.77;807;37;1813.00;42
4519;37;625596419;4519;129;5322;5363;9.49;0.58;244.29;3.78;803;37;1814.00;41
4521;37;625596431;4521;121;5326;5369;9.56;0.59;244.37;3.78;805;37;1815.00;43
4524;37;625596443;4524;118;5326;5369;9.59;0.59;244.36;3.78;802;37;1816.00;43
4529;37;625596454;4529;122;5327;5369;9.72;0.59;244.42;3.78;798;37;1817.00;42
4532;37;625596471;4532;128;5329;5372;9.77;0.60;244.48;3.78;797;37;1818.00;43
4533;37;625596483;4533;134;5330;5372;9.80;0.60;244.54;3.78;797;37;1819.00;42
4536;37;625596495;4536;139;5333;5372;9.85;0.60;244.51;3.79;797;37;1820.00;39
4540;37;625596506;4540;137;5333;5373;9.86;0.60;244.59;3.79;793;37;1821.00;40
4543;37;625596518;4543;136;5335;5374;9.95;0.61;244.57;3.79;792;37;1822.00;39
4545;37;625596529;4545;141;5336;5374;10.02;0.61;244.63;3.80;791;37;1823.00;38
4548;37;625596540;4548;139;5343;5387;10.12;0.62;244.73;3.79;795;37;1824.00;44
4550;37;625596552;4550;140;5343;5387;10.22;0.62;244.71;3.79;793;37;1825.00;44
4551;37;625596564;4551;150;5346;5387;10.23;0.62;244.78;3.80;795;37;1826.00;41
4555;37;625596581;4555;149;5347;5388;10.27;0.63;244.85;3.80;792;37;1827.00;41
4556;37;625596593;4556;153;5347;5388;10.28;0.63;244.83;3.80;791;37;1828.00;41
4559;37;625596604;4559;156;5350;5392;10.26;0.62;244.86;3.80;791;37;1829.00;42
4561;37;625596619;4561;158;5352;5392;10.22;0.62;245.04;3.82;791;37;1830.00;40
4564;37;625596631;4564;161;5356;5396;10.18;0.62;245.05;3.82;792;37;1831.00;40
4567;37;625596643;4567;158;5358;5396;10.09;0.62;245.20;3.84;791;37;1832.00;38
4569;37;625596654;4569;163;5359;5396;10.09;0.62;245.19;3.85;790;37;1833.00;37
4571;37;625596665;4571;168;5360;5396;10.13;0.62;245.24;3.85;789;37;1834.00;36
4574;37;625596676;4574;165;5363;5396;10.02;0.61;245.20;3.87;789;37;1835.00;33
4577;37;625596689;4577;167;5375;5408;10.01;0.61;245.22;3.87;798;37;1836.00;33
4579;37;625596703;4579;167;5377;5408;9.99;0.61;245.24;3.88;798;37;1837.00;31
4582;37;625596718;4582;172;5379;5408;9.99;0.61;245.33;3.88;797;37;1838.00;29
4584;37;625596732;4584;172;5381;5408;9.93;0.61;245.33;3.89;797;37;1839.00;27
4590;37;625596743;4590;180;5382;5408;9.84;0.60;245.31;3.90;792;37;1840.00;26
4591;37;625596759;4591;185;5383;5408;9.79;0.60;245.28;3.90;792;37;1841.00;25
4595;37;625596780;4595;190;5388;5409;9.68;0.59;245.35;3.93;793;37;1842.00;21
4597;37;625596792;4597;201;5389;5409;9.66;0.59;245.40;3.93;792;37;1843.00;20
4598;37;625596807;4598;206;5395;5415;9.63;0.59;245.37;3.94;797;37;1844.00;20
4602;37;625596825;4602;212;5398;5417;9.53;0.58;245.28;3.94;796;37;1845.00;19
4603;37;625596842;4603;215;5398;5417;9.43;0.58;245.32;3.94;795;37;1846.00;19
4609;37;625596859;4609;224;5400;5417;9.32;0.57;245.34;3.95;791;37;1847.00;17
4611;37;625596871;4611;225;5404;5421;9.29;0.57;245.29;3.95;793;37;1848.00;17
4615;37;625596881;4615;225;5405;5421;9.15;0.56;245.26;3.95;790;37;1849.00;16
4616;37;625596891;4616;228;5406;5421;9.09;0.55;245.33;3.96;790;37;1850.00;15
4617;37;625596901;4617;225;5408;5422;9.02;0.55;245.30;3.96;791;37;1851.00;14
4620;37;625596911;4620;227;5412;5426;8.97;0.55;245.50;3.96;792;37;1852.00;14
4623;37;625596922;4623;230;5413;5426;8.90;0.54;245.51;3.96;790;37;1853.00;13
4624;37;625596933;4624;237;5415;5429;8.95;0.54;245.51;3.96;791;37;1854.00;14
4625;37;625596943;4625;237;5416;5429;8.92;0.54;245.51;3.96;791;37;1855.00;13
4627;37;625596953;4627;242;5417;5429;8.99;0.55;245.52;3.96;790;37;1856.00;12
4629;37;625596963;4629;241;5417;5429;8.95;0.55;245.46;3.96;788;37;1857.00;12
4631;37;625596980;4631;243;5421;5433;8.95;0.55;245.43;3.96;790;37;1858.00;12
4632;37;625596990;4632;243;5422;5433;8.95;0.55;245.39;3.96;790;37;1859.00;11
4635;37;625597001;4635;241;5422;5433;8.92;0.55;245.45;3.96;787;37;1860.00;11
4638;37;625597011;4638;246;5422;5433;8.86;0.54;245.49;3.96;784;37;1861.00;11
4641;37;625597020;4641;251;5423;5434;8.73;0.53;245.44;3.96;782;37;1862.00;11
4648;37;625597030;4648;257;5424;5435;8.52;0.52;245.34;3.96;776;37;1863.00;11
4648;37;625597039;4648;260;5424;5435;8.41;0.51;245.34;3.96;776;37;1864.00;11
4653;37;625597048;4653;263;5425;5436;8.26;0.50;245.46;3.96;772;37;1865.00;11
4656;37;625597057;4656;270;5425;5436;8.05;0.49;245.50;3.96;769;37;1866.00;11
4659;37;625597067;4659;273;5425;5436;7.81;0.48;245.52;3.96;766;37;1867.00;11
4666;37;625597076;4666;282;5425;5436;7.43;0.46;245.49;3.96;759;37;1868.00;11
4669;37;625597086;4669;294;5425;5436;7.19;0.44;245.51;3.96;756;37;1869.00;11
4673;37;625597094;4673;291;5425;5436;7.03;0.43;245.57;3.96;752;37;1870.00;11
4674;37;625597104;4674;296;5425;5436;6.89;0.43;245.55;3.96;751;37;1871.00;11
4678;37;625597111;4678;324;5496;5563;7.08;0.44;245.57;3.91;818;37;1872.00;67
4682;37;625597137;4682;318;5499;5564;7.00;0.44;245.63;3.90;817;37;1873.00;65
4684;37;625597147;4684;321;5508;5564;6.97;0.44;245.76;3.90;824;37;1874.00;56
4686;37;625597157;4686;322;5515;5564;6.95;0.44;245.75;3.90;829;37;1875.00;49
4689;37;625597168;4689;329;5523;5564;6.92;0.43;245.91;3.90;834;37;1876.00;41
4690;37;625597182;4690;321;5528;5564;6.90;0.43;245.96;3.90;838;37;1877.00;36
4692;37;625597202;4692;321;5533;5564;6.85;0.43;246.02;3.90;841;37;1878.00;31
4695;37;625597211;4695;324;5535;5564;6.85;0.43;245.98;3.90;840;37;1879.00;29
4697;37;625597222;4697;327;5539;5565;6.83;0.43;246.01;3.91;842;37;1880.00;26
4699;37;625597231;4699;330;5542;5566;6.85;0.43;246.04;3.91;843;37;1881.00;24
4704;37;625597241;4704;326;5543;5568;6.78;0.42;246.04;3.91;839;37;1882.00;25
4705;37;625597251;4705;332;5546;5569;6.75;0.42;246.00;3.91;841;37;1883.00;23
4706;37;625597265;4706;341;5548;5569;6.74;0.42;246.03;3.91;842;37;1884.00;21
4709;37;625597279;4709;344;5548;5569;6.68;0.42;245.92;3.91;839;37;1885.00;21
4716;37;625597294;4716;348;5550;5569;6.52;0.41;245.95;3.92;834;37;1886.00;19
4716;37;625597311;4716;347;5553;5573;6.42;0.40;245.95;3.92;837;37;1887.00;20
4718;37;625597325;4718;348;5555;5573;6.37;0.40;246.02;3.92;837;37;1888.00;18
4723;37;625597339;4723;350;5556;5573;6.30;0.39;245.97;3.92;833;37;1889.00;17
4725;37;625597355;4725;352;5560;5579;6.29;0.39;245.92;3.92;835;37;1890.00;19
4727;37;625597370;4727;342;5562;5579;6.34;0.39;245.85;3.92;835;37;1891.00;17
4728;37;625597382;4728;334;5563;5579;6.38;0.40;245.86;3.92;835;37;1892.00;16
4732;37;625597393;4732;327;5568;5583;6.43;0.40;245.79;3.92;836;37;1893.00;15
4735;37;625597405;4735;325;5570;5584;6.47;0.40;245.80;3.92;835;37;1894.00;14
4739;37;625597416;4739;322;5570;5584;6.45;0.40;245.75;3.92;831;37;1895.00;14
4741;37;625597427;4741;330;5575;5588;6.49;0.40;245.81;3.92;834;37;1896.00;13
4746;37;625597440;4746;327;5576;5588;6.50;0.40;245.71;3.94;830;37;1897.00;12
4750;37;625597460;4750;328;5576;5588;6.58;0.41;245.72;3.94;826;37;1898.00;12
4752;37;625597473;4752;326;5577;5589;6.69;0.41;245.73;3.94;825;37;1899.00;12
4758;37;625597487;4758;327;5577;5589;6.73;0.41;245.81;3.94;819;37;1900.00;12
4764;37;625597507;4764;329;5582;5595;6.79;0.42;245.83;3.93;818;37;1901.00;13
4766;37;625597520;4766;328;5583;5595;6.87;0.42;245.85;3.93;817;37;1902.00;12
4769;37;625597532;4769;329;5584;5596;6.90;0.42;245.83;3.93;815;37;1903.00;12
4773;37;625597544;4773;332;5584;5596;6.90;0.42;245.82;3.93;811;37;1904.00;12
4775;37;625597557;4775;328;5584;5596;6.98;0.43;245.82;3.93;809;37;1905.00;12
4777;37;625597569;4777;325;5584;5596;7.04;0.43;245.80;3.93;807;37;1906.00;12
4780;37;625597584;4780;325;5584;5596;7.09;0.43;245.74;3.93;804;37;1907.00;12
4781;37;625597598;4781;329;5594;5608;7.27;0.44;245.70;3.93;813;37;1908.00;14
4783;37;625597613;4783;332;5595;5608;7.35;0.45;245.77;3.92;812;37;1909.00;13
4787;37;625597625;4787;341;5596;5608;7.41;0.45;245.73;3.92;809;37;1910.00;12
4788;38;625597639;4788;339;5597;5608;7.41;0.45;245.72;3.94;809;38;1911.00;11
4790;38;625597668;4790;343;5597;5608;7.41;0.45;245.79;3.94;807;38;1912.00;11
4792;38;625597682;4792;343;5597;5608;7.35;0.45;245.78;3.94;805;38;1913.00;11
4795;38;625597695;4795;348;5600;5612;7.36;0.45;245.89;3.94;805;38;1914.00;12
4796;38;625597709;4796;350;5601;5612;7.39;0.45;245.93;3.96;805;38;1915.00;11
4798;38;625597722;4798;355;5604;5616;7.41;0.45;245.94;3.96;806;38;1916.00;12
4804;38;625597734;4804;349;5606;5617;7.41;0.45;246.02;3.96;802;38;1917.00;11
4807;38;625597748;4807;337;5607;5617;7.40;0.45;246.01;3.98;800;38;1918.00;10
4808;38;625597762;4808;338;5607;5617;7.45;0.45;246.01;3.98;799;38;1919.00;10
4809;38;625597777;4809;340;5629;5646;7.65;0.47;246.02;3.96;820;38;1920.00;17
4815;38;625597792;4815;336;5631;5646;7.70;0.47;246.12;3.98;816;38;1921.00;15
4818;38;625597807;4818;331;5632;5646;7.75;0.47;246.08;3.98;814;38;1922.00;14
4818;38;625597820;4818;326;5635;5647;7.87;0.48;246.08;4.00;817;38;1923.00;12
4822;38;625597833;4822;328;5635;5648;7.97;0.48;246.12;4.00;813;38;1924.00;13
4824;38;625597846;4824;320;5635;5648;7.98;0.48;246.09;4.00;811;38;1925.00;13
4828;38;625597858;4828;304;5639;5651;7.99;0.48;246.08;4.02;811;38;1926.00;12
4830;38;625597872;4830;292;5639;5651;7.99;0.48;246.09;4.02;809;38;1927.00;12
4831;38;625597884;4831;278;5639;5651;8.04;0.49;246.10;4.02;808;38;1928.00;12
4833;38;625597898;4833;270;5639;5651;8.10;0.49;246.11;4.02;806;38;1929.00;12
4835;38;625597910;4835;270;5643;5657;8.16;0.49;246.11;4.02;808;38;1930.00;14
4837;38;625597924;4837;264;5644;5657;8.20;0.50;246.10;4.04;807;38;1931.00;13
4839;38;625597937;4839;260;5645;5657;8.28;0.50;246.14;4.04;806;38;1932.00;12
4840;38;625597951;4840;266;5646;5657;8.37;0.51;246.17;4.07;806;38;1933.00;11
4842;38;625597963;4842;266;5649;5661;8.42;0.51;246.20;4.06;807;38;1934.00;12
4844;38;625597986;4844;263;5651;5663;8.47;0.51;246.26;4.06;807;38;1935.00;12
4846;38;625598000;4846;263;5652;5663;8.51;0.52;246.27;4.09;806;38;1936.00;11
4849;38;625598013;4849;261;5653;5664;8.52;0.52;246.35;4.09;804;38;1937.00;11
4854;38;625598032;4854;262;5653;5664;8.47;0.51;246.41;4.09;799;38;1938.00;11
4856;38;625598047;4856;262;5653;5664;8.44;0.51;246.37;4.09;797;38;1939.00;11
4858;38;625598064;4858;254;5653;5664;8.47;0.52;246.44;4.09;795;38;1940.00;11
4859;38;625598080;4859;248;5654;5664;8.50;0.52;246.40;4.10;795;38;1941.00;10
4864;38;625598097;4864;248;5654;5664;8.52;0.52;246.41;4.10;790;38;1942.00;10
4866;38;625598110;4866;252;5654;5664;8.60;0.52;246.40;4.10;788;38;1943.00;10
4866;38;625598128;4866;269;5696;5734;8.53;0.52;246.40;4.07;830;38;1944.00;38
4868;38;625598146;4868;254;5696;5735;8.56;0.52;246.39;4.07;828;38;1945.00;39
4871;38;625598159;4871;250;5703;5735;8.72;0.53;246.35;4.07;832;38;1946.00;32
4875;38;625598170;4875;247;5703;5735;8.74;0.53;246.35;4.07;828;38;1947.00;32
4876;38;625598182;4876;252;5708;5735;8.86;0.54;246.36;4.06;832;38;1948.00;27
4877;38;625598194;4877;249;5709;5735;8.88;0.54;246.35;4.07;832;38;1949.00;26
4880;38;625598214;4880;251;5711;5737;8.94;0.55;246.33;4.07;831;38;1950.00;26
4881;38;625598228;4881;257;5714;5737;9.05;0.55;246.44;4.07;833;38;1951.00;23
4884;38;625598240;4884;256;5715;5738;9.08;0.55;246.48;4.07;831;38;1952.00;23
4889;38;625598261;4889;253;5719;5739;9.14;0.56;246.57;4.07;830;38;1953.00;20
4889;38;625598274;4889;258;5722;5739;9.12;0.56;246.57;4.07;833;38;1954.00;17
4892;38;625598288;4892;264;5725;5743;9.05;0.55;246.57;4.07;833;38;1955.00;18
4895;38;625598304;4895;264;5727;5743;9.03;0.55;246.57;4.07;832;38;1956.00;16
4899;38;625598319;4899;264;5727;5743;8.98;0.55;246.63;4.07;828;38;1957.00;16
4899;38;625598331;4899;264;5727;5743;8.94;0.55;246.63;4.07;828;38;1958.00;16
4899;38;625598342;4899;266;5732;5749;8.89;0.54;246.63;4.07;833;38;1959.00;17
4901;38;625598353;4901;264;5732;5749;8.86;0.54;246.64;4.07;831;38;1960.00;17
4903;38;625598364;4903;259;5732;5749;8.89;0.54;246.63;4.07;829;38;1961.00;17
4906;38;625598375;4906;255;5735;5752;8.95;0.54;246.60;4.07;829;38;1962.00;17
4910;38;625598387;4910;249;5735;5752;8.99;0.55;246.66;4.07;825;38;1963.00;17
4914;38;625598399;4914;242;5735;5752;9.01;0.55;246.74;4.07;821;38;1964.00;17
4918;38;625598410;4918;234;5735;5753;8.98;0.55;246.82;4.07;817;38;1965.00;18
4919;38;625598421;4919;230;5736;5754;9.05;0.55;246.80;4.07;817;38;1966.00;18
4922;38;625598432;4922;229;5736;5754;9.11;0.55;246.85;4.07;814;38;1967.00;18
4923;38;625598443;4923;227;5744;5767;9.15;0.56;246.83;4.06;821;38;1968.00;23
4925;38;625598455;4925;223;5744;5767;9.21;0.56;246.85;4.06;819;38;1969.00;23
4931;38;625598466;4931;215;5745;5767;9.15;0.55;246.88;4.06;814;38;1970.00;22
4938;38;625598479;4938;207;5746;5768;9.15;0.55;246.99;4.06;808;38;1971.00;22
4940;38;625598491;4940;204;5746;5768;9.10;0.55;246.98;4.06;806;38;1972.00;22
4942;38;625598502;4942;194;5749;5772;9.11;0.55;247.09;4.06;807;38;1973.00;23
4945;39;625598514;4945;184;5751;5772;9.11;0.55;247.14;4.07;806;39;1974.00;21
4949;39;625598535;4949;182;5755;5776;9.10;0.55;247.11;4.07;806;39;1975.00;21
4951;39;625598547;4951;167;5755;5776;9.18;0.55;247.21;4.07;804;39;1976.00;21
4955;39;625598557;4955;162;5756;5776;9.31;0.56;247.29;4.10;801;39;1977.00;20
4958;39;625598568;4958;157;5756;5776;9.37;0.57;247.34;4.10;798;39;1978.00;20
4963;39;625598579;4963;154;5756;5776;9.42;0.57;247.39;4.10;793;39;1979.00;20
4967;39;625598591;4967;157;5777;5810;9.45;0.57;247.54;4.11;810;39;1980.00;33
4969;39;625598605;4969;150;5778;5810;9.45;0.57;247.65;4.11;809;39;1981.00;32
4971;39;625598616;4971;148;5779;5810;9.44;0.57;247.73;4.11;808;39;1982.00;31
4974;39;625598626;4974;155;5779;5810;9.40;0.57;247.76;4.11;805;39;1983.00;31
4975;39;625598637;4975;159;5780;5810;9.47;0.58;247.78;4.11;805;39;1984.00;30
4977;39;625598649;4977;157;5780;5810;9.48;0.58;247.87;4.11;803;39;1985.00;30
4982;39;625598667;4982;159;5781;5811;9.47;0.57;247.96;4.11;799;39;1986.00;30
4984;39;625598678;4984;161;5783;5811;9.40;0.57;247.93;4.11;799;39;1987.00;28
4987;39;625598690;4987;168;5786;5817;9.40;0.57;247.95;4.11;799;39;1988.00;31
4992;39;625598705;4992;162;5790;5818;9.38;0.57;248.00;4.12;798;39;1989.00;28
4994;39;625598717;4994;160;5791;5818;9.38;0.57;247.96;4.12;797;39;1990.00;27
4998;39;625598729;4998;164;5791;5818;9.32;0.57;247.96;4.12;793;39;1991.00;27
4998;39;625598741;4998;168;5794;5822;9.29;0.56;247.96;4.12;796;39;1992.00;28
4998;39;625598752;4998;172;5794;5822;9.26;0.56;247.96;4.12;796;39;1993.00;28
5003;39;625598769;5003;177;5795;5822;9.21;0.56;247.87;4.12;792;39;1994.00;27
5004;39;625598780;5004;187;5796;5823;9.18;0.56;247.95;4.12;792;39;1995.00;27
5007;39;625598791;5007;186;5801;5827;9.12;0.55;247.98;4.13;794;39;1996.00;26
5009;39;625598813;5009;190;5802;5827;9.10;0.55;248.06;4.14;793;39;1997.00;25
5011;39;625598835;5011;192;5804;5830;9.12;0.55;248.03;4.13;793;39;1998.00;26
5013;39;625598849;5013;199;5807;5830;9.14;0.56;248.10;4.14;794;39;1999.00;23
5016;39;625598864;5016;199;5807;5830;9.06;0.55;248.22;4.14;791;39;2000.00;23
5016;39;625598883;5016;199;5808;5830;9.06;0.55;248.22;4.16;792;39;2001.00;22
5017;39;625598897;5017;201;5812;5834;9.12;0.56;248.28;4.16;795;39;2002.00;22
5019;39;625598908;5019;200;5813;5834;9.08;0.55;248.28;4.17;794;39;2003.00;21
5021;39;625598920;5021;204;5814;5834;9.07;0.55;248.41;4.17;793;39;2004.00;20
5025;39;625598933;5025;213;5815;5834;9.04;0.55;248.37;4.18;790;39;2005.00;19
5027;39;625598944;5027;213;5816;5835;8.99;0.55;248.46;4.19;789;39;2006.00;19
5028;39;625598956;5028;222;5818;5836;9.01;0.55;248.45;4.19;790;39;2007.00;18
5030;39;625598968;5030;223;5819;5836;8.98;0.55;248.49;4.20;789;39;2008.00;17
5031;39;625598980;5031;224;5821;5837;8.94;0.54;248.47;4.21;790;39;2009.00;16
5033;39;625598992;5033;229;5822;5837;8.93;0.54;248.43;4.22;789;39;2010.00;15
5034;39;625599004;5034;232;5822;5837;8.89;0.54;248.41;4.22;788;39;2011.00;15
5036;39;625599015;5036;236;5824;5837;8.82;0.54;248.37;4.23;788;39;2012.00;13
5038;39;625599026;5038;242;5825;5837;8.78;0.54;248.32;4.24;787;39;2013.00;12
5042;39;625599037;5042;244;5826;5837;8.68;0.53;248.32;4.24;784;39;2014.00;11
5045;39;625599048;5045;249;5826;5837;8.64;0.53;248.30;4.24;781;39;2015.00;11
5046;39;625599058;5046;264;5892;5964;8.74;0.54;248.26;4.22;846;39;2016.00;72
5048;39;625599079;5048;266;5893;5965;8.64;0.54;248.26;4.21;845;39;2017.00;72
5052;39;625599089;5052;267;5904;5965;8.62;0.53;248.21;4.21;852;39;2018.00;61
5053;39;625599100;5053;266;5910;5965;8.51;0.53;248.19;4.21;857;39;2019.00;55
5058;39;625599110;5058;271;5919;5965;8.46;0.52;248.11;4.22;861;39;2020.00;46
5058;39;625599121;5058;268;5924;5965;8.42;0.52;248.11;4.22;866;39;2021.00;41
5059;39;625599134;5059;267;5931;5965;8.38;0.52;248.09;4.22;872;39;2022.00;34
5062;39;625599147;5062;270;5933;5965;8.32;0.51;248.08;4.22;871;39;2023.00;32
5066;39;625599161;5066;271;5936;5966;8.30;0.51;247.93;4.22;870;39;2024.00;30
5069;39;625599174;5069;272;5941;5968;8.26;0.51;247.85;4.23;872;39;2025.00;27
5069;39;625599187;5069;278;5948;5968;8.27;0.51;247.85;4.23;879;39;2026.00;20
5070;39;625599199;5070;286;5951;5969;8.27;0.51;247.82;4.24;881;39;2027.00;18
5074;39;625599212;5074;292;5954;5969;8.18;0.50;247.76;4.24;880;39;2028.00;15
5078;39;625599224;5078;300;5954;5969;8.06;0.49;247.76;4.24;876;39;2029.00;15
5080;39;625599236;5080;306;5957;5969;7.88;0.48;247.81;4.24;877;39;2030.00;12
5083;39;625599254;5083;315;5960;5973;7.78;0.48;247.81;4.24;877;39;2031.00;13
5083;39;625599274;5083;325;5961;5973;7.71;0.47;247.81;4.25;878;39;2032.00;12
5085;39;625599291;5085;333;5962;5973;7.63;0.47;247.87;4.25;877;39;2033.00;11
5086;39;625599308;5086;338;5965;5976;7.57;0.46;247.86;4.25;879;39;2034.00;11
5090;39;625599323;5090;345;5965;5976;7.38;0.45;247.86;4.25;875;39;2035.00;11
5094;39;625599340;5094;346;5967;5976;7.20;0.44;247.84;4.25;873;39;2036.00;9
5096;39;625599356;5096;354;5971;5980;7.08;0.43;247.79;4.25;875;39;2037.00;9
5099;39;625599382;5099;361;5973;5981;6.92;0.43;247.77;4.25;874;39;2038.00;8
5104;39;625599396;5104;373;5973;5981;6.73;0.41;247.72;4.25;869;39;2039.00;8
5109;39;625599409;5109;361;5978;5986;6.61;0.41;247.63;4.25;869;39;2040.00;8
5114;39;625599419;5114;364;5979;5986;6.42;0.39;247.63;4.24;865;39;2041.00;7
5116;39;625599429;5116;365;5979;5986;6.29;0.39;247.70;4.24;863;39;2042.00;7
5118;39;625599439;5118;350;5980;5987;6.20;0.38;247.69;4.24;862;39;2043.00;7
5121;39;625599449;5121;344;5980;5987;6.19;0.38;247.65;4.24;859;39;2044.00;7
5124;39;625599460;5124;341;5985;5993;6.23;0.38;247.65;4.24;861;39;2045.00;8
5125;39;625599472;5125;337;5985;5993;6.24;0.38;247.61;4.24;860;39;2046.00;8
5127;39;625599482;5127;332;5987;5994;6.29;0.39;247.64;4.24;860;39;2047.00;7
5128;39;625599492;5128;322;5987;5994;6.34;0.39;247.59;4.24;859;39;2048.00;7
5130;39;625599502;5130;318;5987;5994;6.47;0.40;247.60;4.24;857;39;2049.00;7
5132;39;625599512;5132;307;5987;5994;6.62;0.40;247.76;4.24;855;39;2050.00;7
5134;39;625599523;5134;303;5987;5994;6.70;0.41;247.77;4.24;853;39;2051.00;7
5137;39;625599540;5137;288;5997;6006;6.82;0.42;247.74;4.23;860;39;2052.00;9
5140;40;625599559;5140;282;5997;6006;6.88;0.42;247.79;4.23;857;40;2053.00;9
5144;40;625599590;5144;281;5999;6006;6.92;0.42;247.71;4.23;855;40;2054.00;7
5147;40;625599603;5147;278;6000;6006;6.99;0.43;247.69;4.25;853;40;2055.00;6
5150;40;625599614;5150;275;6000;6006;7.14;0.43;247.71;4.25;850;40;2056.00;6
5152;40;625599627;5152;270;6000;6006;7.27;0.44;247.80;4.25;848;40;2057.00;6
5155;40;625599637;5155;275;6004;6010;7.39;0.45;247.82;4.25;849;40;2058.00;6
5156;40;625599649;5156;274;6004;6010;7.50;0.46;247.83;4.25;848;40;2059.00;6
5158;40;625599664;5158;271;6007;6014;7.59;0.46;247.84;4.25;849;40;2060.00;7
5160;40;625599675;5160;268;6008;6015;7.63;0.47;247.94;4.25;848;40;2061.00;7
5165;40;625599687;5165;271;6009;6015;7.66;0.47;247.96;4.25;844;40;2062.00;6
5165;40;625599699;5165;273;6009;6015;7.70;0.47;247.96;4.25;844;40;2063.00;6
5170;40;625599711;5170;279;6022;6028;7.64;0.47;247.96;4.24;852;40;2064.00;6
5172;40;625599723;5172;281;6022;6028;7.67;0.47;247.99;4.24;850;40;2065.00;6
5179;40;625599734;5179;281;6022;6028;7.61;0.46;248.15;4.24;843;40;2066.00;6
5184;40;625599746;5184;282;6023;6029;7.63;0.47;248.28;4.24;839;40;2067.00;6
5187;40;625599757;5187;280;6024;6030;7.73;0.47;248.36;4.24;837;40;2068.00;6
5189;40;625599769;5189;279;6024;6030;7.80;0.48;248.38;4.24;835;40;2069.00;6
5194;40;625599781;5194;281;6027;6036;7.89;0.48;248.55;4.24;833;40;2070.00;9
5203;40;625599794;5203;280;6027;6036;7.85;0.48;248.61;4.24;824;40;2071.00;9
5206;40;625599806;5206;275;6029;6036;7.82;0.48;248.63;4.26;823;40;2072.00;7
5209;40;625599818;5209;280;6029;6036;7.81;0.48;248.74;4.26;820;40;2073.00;7
5212;40;625599829;5212;281;6034;6042;7.84;0.48;248.71;4.26;822;40;2074.00;8
5220;40;625599842;5220;282;6034;6042;7.73;0.47;248.90;4.26;814;40;2075.00;8
5222;40;625599854;5222;277;6035;6042;7.76;0.47;248.94;4.26;813;40;2076.00;7
5224;40;625599865;5224;281;6035;6042;7.75;0.47;248.98;4.26;811;40;2077.00;7
5228;40;625599876;5228;280;6040;6046;7.82;0.48;249.00;4.26;812;40;2078.00;6
5233;40;625599887;5233;283;6041;6047;7.82;0.48;249.03;4.26;808;40;2079.00;6
5237;40;625599899;5237;285;6042;6047;7.83;0.48;249.00;4.26;805;40;2080.00;5
5242;40;625599910;5242;286;6043;6048;7.82;0.48;248.96;4.26;801;40;2081.00;5
5244;40;625599921;5244;285;6043;6048;7.81;0.48;248.99;4.26;799;40;2082.00;5
5248;40;625599933;5248;287;6043;6048;7.75;0.47;249.07;4.26;795;40;2083.00;5
5251;40;625599950;5251;296;6043;6048;7.74;0.47;249.16;4.26;792;40;2084.00;5
5254;40;625599962;5254;300;6043;6048;7.68;0.47;249.15;4.26;789;40;2085.00;5
5257;40;625599974;5257;305;6044;6048;7.66;0.47;249.19;4.28;787;40;2086.00;4
5261;40;625599985;5261;299;6044;6048;7.62;0.47;249.32;4.28;783;40;2087.00;4
5264;40;625599997;5264;308;6088;6118;7.75;0.48;249.39;4.25;824;40;2088.00;30
5270;40;625600013;5270;300;6089;6119;7.83;0.48;249.30;4.25;819;40;2089.00;30
5274;40;625600026;5274;294;6097;6119;7.96;0.49;249.42;4.26;823;40;2090.00;22
5277;40;625600038;5277;295;6099;6119;7.99;0.49;249.43;4.26;822;40;2091.00;20
5279;40;625600051;5279;286;6103;6119;8.10;0.50;249.53;4.26;824;40;2092.00;16
5286;40;625600063;5286;285;6104;6119;8.12;0.50;249.71;4.26;818;40;2093.00;15
5287;40;625600076;5287;287;6107;6119;8.22;0.50;249.71;4.26;820;40;2094.00;12
5288;40;625600088;5288;289;6109;6119;8.22;0.50;249.69;4.26;821;40;2095.00;10
5291;40;625600100;5291;275;6110;6120;8.20;0.50;249.67;4.26;819;40;2096.00;10
5294;40;625600117;5294;265;6113;6121;8.28;0.51;249.68;4.27;819;40;2097.00;8
5297;40;625600130;5297;255;6115;6121;8.34;0.51;249.67;4.27;818;40;2098.00;6
5301;40;625600142;5301;253;6118;6125;8.40;0.51;249.68;4.26;817;40;2099.00;7
5305;40;625600157;5305;251;6122;6140;8.45;0.51;249.73;4.26;817;40;2100.00;18
5308;40;625600176;5308;239;6122;6140;8.60;0.53;249.75;4.26;814;40;2101.00;18
5311;40;625600189;5311;236;6122;6140;8.73;0.53;249.79;4.26;811;40;2102.00;18
5314;40;625600201;5314;236;6125;6146;8.83;0.54;249.82;4.26;811;40;2103.00;21
5315;40;625600215;5315;237;6125;6146;8.98;0.55;249.88;4.26;810;40;2104.00;21
5319;40;625600227;5319;238;6126;6146;9.00;0.55;249.87;4.26;807;40;2105.00;20
5320;40;625600239;5320;238;6130;6149;9.05;0.55;249.89;4.28;810;40;2106.00;19
5323;40;625600255;5323;224;6130;6149;9.09;0.56;249.92;4.28;807;40;2107.00;19
5328;40;625600270;5328;219;6130;6149;9.11;0.56;249.96;4.28;802;40;2108.00;19
5331;40;625600283;5331;214;6130;6150;9.08;0.55;249.96;4.28;799;40;2109.00;20
5334;40;625600295;5334;207;6131;6151;9.08;0.55;249.90;4.28;797;40;2110.00;20
5337;40;625600308;5337;206;6132;6151;9.06;0.55;249.91;4.28;795;40;2111.00;19
5338;40;625600319;5338;204;6142;6164;9.04;0.55;249.88;4.27;804;40;2112.00;22
5339;40;625600332;5339;193;6142;6164;9.06;0.55;249.88;4.27;803;40;2113.00;22
5339;40;625600342;5339;196;6142;6164;9.14;0.56;249.88;4.27;803;40;2114.00;22
5340;40;625600353;5340;194;6144;6166;9.18;0.56;249.89;4.27;804;40;2115.00;22
5342;40;625600365;5342;192;6144;6166;9.24;0.56;249.87;4.27;802;40;2116.00;22
5349;40;625600376;5349;188;6147;6170;9.29;0.57;249.83;4.27;798;40;2117.00;23
5351;40;625600393;5351;187;6148;6170;9.30;0.57;249.84;4.28;797;40;2118.00;22
5354;40;625600409;5354;188;6151;6174;9.27;0.56;249.86;4.27;797;40;2119.00;23
5354;40;625600427;5354;191;6151;6174;9.36;0.57;249.86;4.27;797;40;2120.00;23
5357;40;625600437;5357;193;6151;6174;9.36;0.57;249.93;4.27;794;40;2121.00;23
5359;40;625600448;5359;193;6151;6174;9.33;0.57;250.00;4.27;792;40;2122.00;23
5362;40;625600459;5362;189;6153;6174;9.25;0.56;250.02;4.29;791;40;2123.00;21
5362;40;625600470;5362;194;6162;6186;9.28;0.56;250.02;4.29;800;40;2124.00;24
5364;40;625600488;5364;196;6162;6186;9.31;0.57;250.14;4.29;798;40;2125.00;24
5367;40;625600499;5367;201;6165;6186;9.30;0.57;250.14;4.30;798;40;2126.00;21
5368;40;625600510;5368;202;6165;6186;9.36;0.57;250.13;4.30;797;40;2127.00;21
5369;40;625600520;5369;203;6166;6186;9.36;0.57;250.10;4.30;797;40;2128.00;20
5369;40;625600531;5369;209;6168;6186;9.30;0.57;250.10;4.31;799;40;2129.00;18
5374;40;625600543;5374;204;6170;6187;9.23;0.56;250.11;4.31;796;40;2130.00;17
5378;40;625600555;5378;204;6170;6187;9.20;0.56;250.17;4.31;792;40;2131.00;17
5380;40;625600566;5380;199;6174;6193;9.22;0.56;250.15;4.31;794;40;2132.00;19
5382;40;625600578;5382;198;6176;6194;9.17;0.56;250.11;4.31;794;40;2133.00;18
5384;40;625600589;5384;196;6177;6194;9.18;0.56;250.11;4.31;793;40;2134.00;17
5386;40;625600600;5386;198;6178;6194;9.09;0.55;250.09;4.31;792;40;2135.00;16
5390;40;625600615;5390;194;6181;6198;9.09;0.55;250.22;4.31;791;40;2136.00;17
5392;40;625600627;5392;196;6183;6198;9.09;0.55;250.28;4.33;791;40;2137.00;15
5395;40;625600638;5395;200;6183;6198;9.12;0.56;250.27;4.33;788;40;2138.00;15
5400;40;625600648;5400;198;6184;6199;9.18;0.56;250.33;4.33;784;40;2139.00;15
5403;40;625600659;5403;194;6187;6203;9.19;0.56;250.35;4.33;784;40;2140.00;16
5406;40;625600669;5406;189;6187;6203;9.22;0.56;250.35;4.33;781;40;2141.00;16
5409;40;625600680;5409;179;6190;6206;9.19;0.56;250.34;4.33;781;40;2142.00;16
5411;40;625600690;5411;173;6191;6206;9.22;0.56;250.38;4.33;780;40;2143.00;15
5415;40;625600701;5415;170;6191;6206;9.20;0.56;250.27;4.33;776;40;2144.00;15
5418;40;625600712;5418;162;6193;6206;9.10;0.55;250.31;4.35;775;40;2145.00;13
5422;40;625600728;5422;161;6196;6210;9.02;0.55;250.38;4.34;774;40;2146.00;14
5423;40;625600755;5423;158;6196;6210;8.95;0.54;250.36;4.34;773;40;2147.00;14
5425;40;625600765;5425;155;6197;6210;8.87;0.54;250.48;4.34;772;40;2148.00;13
5430;40;625600776;5430;153;6197;6210;8.87;0.54;250.51;4.34;767;40;2149.00;13
5432;40;625600786;5432;153;6197;6211;8.83;0.54;250.47;4.34;765;40;2150.00;14
5434;40;625600801;5434;152;6198;6212;8.89;0.54;250.49;4.34;764;40;2151.00;14
5436;40;625600812;5436;156;6198;6212;8.90;0.54;250.44;4.34;762;40;2152.00;14
5439;40;625600822;5439;156;6199;6213;8.92;0.54;250.40;4.34;760;40;2153.00;14
5441;40;625600832;5441;163;6199;6213;8.86;0.54;250.40;4.34;758;40;2154.00;14
5443;40;625600842;5443;167;6199;6213;8.82;0.53;250.37;4.34;756;40;2155.00;14
5445;40;625600852;5445;165;6199;6213;8.76;0.53;250.36;4.34;754;40;2156.00;14
5449;40;625600862;5449;170;6199;6213;8.69;0.53;250.31;4.34;750;40;2157.00;14
5453;40;625600872;5453;176;6199;6213;8.64;0.52;250.29;4.34;746;40;2158.00;14
5456;40;625600881;5456;174;6199;6213;8.66;0.52;250.38;4.34;743;40;2159.00;14
5460;40;625600892;5460;214;6300;6443;8.72;0.54;250.35;4.27;840;40;2160.00;143
5462;40;625600920;5462;212;6304;6444;8.69;0.54;250.35;4.27;842;40;2161.00;140
5463;40;625600931;5463;197;6313;6444;8.77;0.55;250.32;4.27;850;40;2162.00;131
5467;40;625600942;5467;205;6320;6444;8.69;0.54;250.25;4.27;853;40;2163.00;124
5468;40;625600952;5468;205;6326;6444;8.71;0.54;250.23;4.27;858;40;2164.00;118
5470;40;625600962;5470;204;6333;6444;8.66;0.54;250.20;4.27;863;40;2165.00;111
5472;40;625600975;5472;207;6340;6444;8.59;0.53;250.13;4.27;868;40;2166.00;104
5475;40;625600985;5475;210;6345;6444;8.59;0.53;250.03;4.27;870;40;2167.00;99
5476;40;625600996;5476;209;6351;6445;8.63;0.53;249.98;4.28;875;40;2168.00;94
5477;40;625601007;5477;219;6355;6446;8.63;0.53;249.97;4.28;878;40;2169.00;91
5481;40;625601018;5481;218;6359;6446;8.66;0.54;250.14;4.28;878;40;2170.00;87
5482;40;625601029;5482;228;6366;6447;8.65;0.53;250.10;4.31;884;40;2171.00;81
5482;40;625601040;5482;226;6371;6447;8.62;0.53;250.10;4.32;889;40;2172.00;76
5484;41;625601051;5484;228;6373;6447;8.58;0.53;250.05;4.32;889;41;2173.00;74
5484;41;625601072;5484;236;6380;6447;8.53;0.53;250.05;4.35;896;41;2174.00;67
5486;41;625601084;5486;239;6383;6451;8.49;0.52;250.03;4.35;897;41;2175.00;68
5488;41;625601101;5488;243;6387;6451;8.40;0.52;250.07;4.36;899;41;2176.00;64
5488;41;625601118;5488;245;6389;6451;8.32;0.51;250.07;4.37;901;41;2177.00;62
5489;41;625601129;5489;248;6394;6454;8.25;0.51;250.07;4.38;905;41;2178.00;60
5489;41;625601141;5489;257;6396;6454;8.17;0.50;250.07;4.38;907;41;2179.00;58
5489;41;625601152;5489;267;6400;6454;8.11;0.50;250.07;4.41;911;41;2180.00;54
5491;41;625601162;5491;272;6404;6458;8.05;0.49;250.04;4.42;913;41;2181.00;54
5492;41;625601173;5492;285;6407;6459;7.96;0.49;250.02;4.43;915;41;2182.00;52
5493;41;625601190;5493;298;6412;6459;7.90;0.49;250.03;4.45;919;41;2183.00;47
5495;41;625601202;5495;304;6413;6463;7.87;0.48;249.96;4.45;918;41;2184.00;50
5499;41;625601213;5499;313;6418;6463;7.77;0.48;249.87;4.46;919;41;2185.00;45
5500;41;625601225;5500;319;6420;6463;7.67;0.47;249.84;4.47;920;41;2186.00;43
5503;41;625601235;5503;331;6425;6464;7.55;0.46;249.75;4.48;922;41;2187.00;39
5505;41;625601246;5505;346;6426;6464;7.44;0.46;249.76;4.49;921;41;2188.00;38
5506;41;625601257;5506;344;6431;6470;7.39;0.45;249.72;4.49;925;41;2189.00;39
5509;41;625601280;5509;349;6434;6470;7.31;0.45;249.70;4.50;925;41;2190.00;36
5510;41;625601299;5510;353;6437;6471;7.23;0.45;249.66;4.51;927;41;2191.00;34
5514;41;625601315;5514;360;6441;6471;7.12;0.44;249.56;4.52;927;41;2192.00;30
5514;41;625601334;5514;366;6445;6471;7.05;0.43;249.56;4.54;931;41;2193.00;26
5515;41;625601350;5515;374;6446;6471;7.02;0.43;249.56;4.54;931;41;2194.00;25
5516;41;625601366;5516;368;6447;6471;6.99;0.43;249.54;4.55;931;41;2195.00;24
5520;41;625601382;5520;363;6459;6483;7.00;0.43;249.44;4.54;939;41;2196.00;24
5521;41;625601397;5521;355;6460;6483;7.05;0.43;249.43;4.55;939;41;2197.00;23
5523;41;625601409;5523;355;6461;6483;7.09;0.43;249.40;4.55;938;41;2198.00;22
5525;41;625601421;5525;356;6463;6483;7.09;0.43;249.44;4.56;938;41;2199.00;20
5526;41;625601435;5526;352;6463;6483;7.07;0.43;249.47;4.56;937;41;2200.00;20
5530;41;625601451;5530;350;6465;6483;6.99;0.43;249.37;4.57;935;41;2201.00;18
5531;41;625601463;5531;347;6469;6487;6.97;0.42;249.39;4.57;938;41;2202.00;18
5532;41;625601476;5532;343;6470;6487;6.95;0.42;249.38;4.58;938;41;2203.00;17
5535;41;625601487;5535;345;6475;6491;7.00;0.43;249.41;4.58;940;41;2204.00;16
5538;42;625601504;5538;344;6479;6493;7.00;0.43;249.42;4.58;941;42;2205.00;14
5540;42;625601529;5540;345;6479;6493;7.06;0.43;249.43;4.58;939;42;2206.00;14
5542;42;625601540;5542;347;6479;6493;7.04;0.43;249.46;4.58;937;42;2207.00;14
5543;42;625601551;5543;353;6491;6506;6.96;0.42;249.49;4.57;948;42;2208.00;15
5546;42;625601563;5546;356;6492;6506;6.83;0.42;249.49;4.57;946;42;2209.00;14
5547;42;625601581;5547;342;6494;6508;6.71;0.41;249.53;4.57;947;42;2210.00;14
5549;42;625601599;5549;342;6496;6509;6.64;0.41;249.55;4.57;947;42;2211.00;13
5552;42;625601610;5552;332;6496;6510;6.53;0.40;249.58;4.57;944;42;2212.00;14
5553;42;625601622;5553;331;6496;6510;6.55;0.40;249.62;4.57;943;42;2213.00;14
5556;42;625601633;5556;331;6500;6513;6.55;0.40;249.59;4.57;944;42;2214.00;13
5558;42;625601645;5558;336;6500;6513;6.59;0.40;249.64;4.57;942;42;2215.00;13
5563;42;625601658;5563;336;6501;6513;6.64;0.41;249.75;4.57;938;42;2216.00;12
5566;42;625601669;5566;336;6501;6513;6.70;0.41;249.80;4.57;935;42;2217.00;12
5569;42;625601680;5569;332;6506;6519;6.81;0.42;249.91;4.57;937;42;2218.00;13
5574;42;625601693;5574;324;6507;6519;6.86;0.42;249.99;4.57;933;42;2219.00;12
5577;42;625601708;5577;314;6507;6519;6.92;0.42;250.06;4.57;930;42;2220.00;12
5578;42;625601720;5578;305;6508;6519;6.99;0.43;250.10;4.58;930;42;2221.00;11
5582;42;625601735;5582;296;6512;6523;7.07;0.43;250.15;4.57;930;42;2222.00;11
5584;42;625601748;5584;288;6513;6524;7.17;0.44;250.23;4.57;929;42;2223.00;11
5586;42;625601760;5586;278;6513;6524;7.30;0.45;250.40;4.57;927;42;2224.00;11
5589;42;625601773;5589;277;6514;6525;7.42;0.45;250.41;4.57;925;42;2225.00;11
5592;42;625601787;5592;276;6514;6525;7.54;0.46;250.49;4.57;922;42;2226.00;11
5598;42;625601800;5598;282;6514;6525;7.60;0.46;250.60;4.57;916;42;2227.00;11
5602;42;625601813;5602;285;6514;6525;7.66;0.47;250.58;4.57;912;42;2228.00;11
5605;42;625601826;5605;283;6514;6525;7.71;0.47;250.65;4.57;909;42;2229.00;11
5608;42;625601838;5608;286;6514;6525;7.72;0.47;250.75;4.57;906;42;2230.00;11
5613;42;625601851;5613;284;6514;6525;7.70;0.47;250.74;4.57;901;42;2231.00;11
5622;42;625601870;5622;297;6558;6595;7.79;0.48;250.78;4.54;936;42;2232.00;37
5626;42;625601892;5626;286;6561;6596;7.90;0.48;250.78;4.54;935;42;2233.00;35
5628;42;625601905;5628;276;6565;6596;8.02;0.49;250.80;4.54;937;42;2234.00;31
5631;42;625601920;5631;280;6569;6596;8.07;0.49;250.94;4.54;938;42;2235.00;27
5634;42;625601934;5634;281;6571;6596;8.13;0.50;250.99;4.54;937;42;2236.00;25
5637;42;625601948;5637;282;6576;6596;8.16;0.50;250.97;4.55;939;42;2237.00;20
5644;42;625601962;5644;281;6578;6596;8.13;0.50;251.08;4.55;934;42;2238.00;18
5647;42;625601977;5647;277;6579;6596;8.12;0.50;251.03;4.55;932;42;2239.00;17
5653;42;625601990;5653;276;6581;6597;8.13;0.50;251.06;4.55;928;42;2240.00;16
5655;42;625602004;5655;284;6583;6598;8.11;0.49;251.13;4.55;928;42;2241.00;15
5661;42;625602018;5661;287;6583;6598;8.06;0.49;251.17;4.55;922;42;2242.00;15
5666;42;625602031;5666;293;6586;6602;8.02;0.49;251.19;4.55;920;42;2243.00;16
5669;42;625602045;5669;290;6586;6602;7.98;0.49;251.21;4.55;917;42;2244.00;16
5677;42;625602058;5677;305;6586;6602;7.99;0.49;251.26;4.55;909;42;2245.00;16
5679;42;625602073;5679;302;6586;6602;7.99;0.49;251.32;4.55;907;42;2246.00;16
5683;42;625602086;5683;305;6590;6608;7.98;0.49;251.36;4.55;907;42;2247.00;18
5685;42;625602102;5685;306;6591;6608;8.03;0.49;251.41;4.55;906;42;2248.00;17
5688;42;625602116;5688;302;6591;6608;8.10;0.49;251.46;4.55;903;42;2249.00;17
5692;42;625602130;5692;307;6595;6614;8.17;0.50;251.57;4.54;903;42;2250.00;19
5695;42;625602144;5695;312;6595;6614;8.22;0.50;251.63;4.54;900;42;2251.00;19
5698;42;625602157;5698;311;6596;6614;8.22;0.50;251.68;4.54;898;42;2252.00;18
5702;42;625602177;5702;310;6596;6615;8.16;0.50;251.82;4.54;894;42;2253.00;19
5706;42;625602190;5706;318;6598;6616;8.14;0.50;251.88;4.54;892;42;2254.00;18
5712;42;625602204;5712;326;6598;6616;8.05;0.49;251.88;4.54;886;42;2255.00;18
5716;42;625602217;5716;329;6609;6629;8.05;0.49;251.95;4.53;893;42;2256.00;20
5723;42;625602240;5723;321;6609;6629;7.94;0.48;252.01;4.53;886;42;2257.00;20
5724;42;625602263;5724;318;6609;6629;7.96;0.49;252.03;4.53;885;42;2258.00;20
5729;42;625602287;5729;315;6610;6630;7.92;0.48;252.08;4.53;881;42;2259.00;20
5732;42;625602303;5732;310;6610;6630;7.91;0.48;252.20;4.53;878;42;2260.00;20
5735;42;625602318;5735;314;6613;6634;7.90;0.48;252.29;4.53;878;42;2261.00;21
5736;42;625602337;5736;314;6613;6634;7.88;0.48;252.38;4.53;877;42;2262.00;21
5738;42;625602355;5738;315;6617;6638;7.91;0.48;252.37;4.53;879;42;2263.00;21
5741;42;625602373;5741;310;6617;6638;7.89;0.48;252.34;4.53;876;42;2264.00;21
5746;42;625602387;5746;307;6617;6638;7.83;0.48;252.50;4.53;871;42;2265.00;21
5747;42;625602405;5747;289;6618;6638;7.82;0.48;252.50;4.55;871;42;2266.00;20
5750;42;625602418;5750;274;6618;6638;7.85;0.48;252.55;4.55;868;42;2267.00;20
5752;42;625602430;5752;256;6627;6650;8.00;0.49;252.65;4.54;875;42;2268.00;23
5754;42;625602444;5754;255;6628;6650;8.08;0.50;252.70;4.54;874;42;2269.00;22
5758;42;625602457;5758;247;6629;6650;8.24;0.50;252.68;4.54;871;42;2270.00;21
5760;42;625602471;5760;245;6629;6650;8.30;0.51;252.65;4.54;869;42;2271.00;21
5762;42;625602484;5762;243;6629;6650;8.40;0.51;252.62;4.54;867;42;2272.00;21
5766;42;625602496;5766;243;6629;6650;8.46;0.52;252.64;4.54;863;42;2273.00;21
5769;42;625602515;5769;241;6629;6651;8.51;0.52;252.72;4.54;860;42;2274.00;22
5773;42;625602529;5773;240;6629;6651;8.52;0.52;252.66;4.54;856;42;2275.00;22
5778;42;625602541;5778;244;6633;6657;8.50;0.52;252.69;4.54;855;42;2276.00;24
5783;42;625602554;5783;241;6635;6658;8.54;0.52;252.75;4.53;852;42;2277.00;23
5786;42;625602568;5786;239;6635;6658;8.57;0.52;252.74;4.53;849;42;2278.00;23
5789;42;625602580;5789;239;6635;6658;8.64;0.52;252.78;4.53;846;42;2279.00;23
5792;42;625602594;5792;231;6639;6663;8.72;0.53;252.77;4.53;847;42;2280.00;24
5797;42;625602607;5797;221;6639;6663;8.77;0.53;252.74;4.53;842;42;2281.00;24
5798;42;625602620;5798;212;6639;6663;8.85;0.54;252.75;4.53;841;42;2282.00;24
5800;42;625602631;5800;202;6640;6664;8.99;0.55;252.93;4.53;840;42;2283.00;24
5802;42;625602644;5802;201;6643;6668;9.01;0.55;253.00;4.53;841;42;2284.00;25
5805;42;625602656;5805;203;6643;6668;9.05;0.55;253.10;4.53;838;42;2285.00;25
5809;42;625602669;5809;194;6645;6671;9.12;0.55;253.22;4.53;836;42;2286.00;26
5813;42;625602682;5813;193;6645;6671;9.12;0.55;253.23;4.53;832;42;2287.00;26
5815;42;625602694;5815;192;6646;6671;9.14;0.56;253.24;4.53;831;42;2288.00;25
5818;42;625602705;5818;188;6646;6671;9.14;0.56;253.26;4.53;828;42;2289.00;25
5822;42;625602716;5822;190;6650;6675;9.14;0.56;253.36;4.55;828;42;2290.00;25
5824;42;625602728;5824;187;6650;6675;9.16;0.56;253.35;4.55;826;42;2291.00;25
5826;42;625602745;5826;190;6651;6675;9.12;0.55;253.37;4.55;825;42;2292.00;24
5828;43;625602756;5828;185;6651;6675;9.08;0.55;253.38;4.55;823;43;2293.00;24
5832;43;625602774;5832;193;6651;6676;9.05;0.55;253.43;4.55;819;43;2294.00;25
5832;43;625602785;5832;200;6653;6678;8.99;0.55;253.43;4.54;821;43;2295.00;25
5833;43;625602796;5833;204;6653;6678;8.91;0.54;253.48;4.54;820;43;2296.00;25
5835;43;625602806;5835;204;6654;6679;8.86;0.54;253.50;4.54;819;43;2297.00;25
5836;43;625602817;5836;209;6654;6679;8.79;0.54;253.51;4.54;818;43;2298.00;25
5836;43;625602828;5836;219;6654;6679;8.75;0.53;253.51;4.54;818;43;2299.00;25
5841;43;625602844;5841;217;6654;6679;8.70;0.53;253.64;4.54;813;43;2300.00;25
5843;43;625602859;5843;210;6654;6679;8.66;0.53;253.63;4.54;811;43;2301.00;25
5845;43;625602869;5845;212;6654;6679;8.64;0.53;253.63;4.54;809;43;2302.00;25
5847;43;625602880;5847;213;6654;6679;8.62;0.52;253.64;4.54;807;43;2303.00;25
5847;43;625602896;5847;237;6725;6806;8.45;0.52;253.64;4.50;878;43;2304.00;81
5848;43;625602916;5848;225;6726;6807;8.42;0.52;253.63;4.50;878;43;2305.00;81
5851;43;625602926;5851;218;6735;6807;8.51;0.52;253.65;4.49;884;43;2306.00;72
5852;43;625602938;5852;221;6739;6807;8.55;0.53;253.63;4.51;887;43;2307.00;68
5856;43;625602948;5856;218;6746;6807;8.57;0.53;253.66;4.51;890;43;2308.00;61
5856;43;625602959;5856;209;6750;6807;8.59;0.53;253.66;4.51;894;43;2309.00;57
5858;43;625602972;5858;205;6755;6807;8.56;0.53;253.64;4.51;897;43;2310.00;52
5862;43;625602983;5862;200;6758;6807;8.54;0.53;253.64;4.51;896;43;2311.00;49
5866;43;625602999;5866;194;6761;6808;8.53;0.52;253.69;4.51;895;43;2312.00;47
5869;43;625603011;5869;193;6763;6809;8.52;0.52;253.71;4.52;894;43;2313.00;46
5872;43;625603022;5872;196;6767;6809;8.47;0.52;253.66;4.55;895;43;2314.00;42
5875;43;625603034;5875;198;6769;6810;8.42;0.52;253.68;4.56;894;43;2315.00;41
5878;43;625603045;5878;199;6772;6810;8.38;0.51;253.65;4.57;894;43;2316.00;38
5880;43;625603056;5880;197;6774;6810;8.27;0.51;253.64;4.58;894;43;2317.00;36
5883;43;625603067;5883;198;6776;6810;8.14;0.50;253.67;4.58;893;43;2318.00;34
5889;43;625603078;5889;202;6778;6814;8.00;0.49;253.65;4.61;889;43;2319.00;36
5891;43;625603089;5891;209;6781;6814;7.96;0.49;253.72;4.61;890;43;2320.00;33
5894;43;625603100;5894;209;6781;6814;7.89;0.48;253.76;4.61;887;43;2321.00;33
5897;43;625603111;5897;216;6784;6817;7.89;0.48;253.68;4.61;887;43;2322.00;33
5902;43;625603122;5902;218;6785;6817;7.80;0.48;253.72;4.61;883;43;2323.00;32
5904;43;625603133;5904;222;6786;6817;7.69;0.47;253.74;4.61;882;43;2324.00;31
5905;43;625603143;5905;231;6789;6821;7.60;0.47;253.72;4.61;884;43;2325.00;32
5905;43;625603154;5905;239;6790;6822;7.50;0.46;253.72;4.61;885;43;2326.00;32
5906;43;625603165;5906;254;6792;6822;7.38;0.45;253.69;4.62;886;43;2327.00;30
5906;43;625603175;5906;260;6794;6826;7.36;0.45;253.69;4.62;888;43;2328.00;32
5910;43;625603186;5910;266;6795;6826;7.25;0.44;253.65;4.62;885;43;2329.00;31
5912;43;625603197;5912;267;6795;6826;7.18;0.44;253.58;4.62;883;43;2330.00;31
5914;43;625603207;5914;274;6796;6827;7.11;0.44;253.53;4.61;882;43;2331.00;31
5916;43;625603217;5916;280;6796;6827;7.09;0.43;253.47;4.61;880;43;2332.00;31
5919;43;625603228;5919;286;6800;6833;7.05;0.43;253.38;4.61;881;43;2333.00;33
5920;43;625603239;5920;290;6800;6833;7.07;0.43;253.35;4.61;880;43;2334.00;33
5923;43;625603250;5923;295;6801;6834;7.09;0.43;253.29;4.61;878;43;2335.00;33
5926;43;625603269;5926;298;6801;6834;7.08;0.43;253.24;4.61;875;43;2336.00;33
5927;43;625603285;5927;298;6801;6834;7.10;0.43;253.23;4.61;874;43;2337.00;33
5927;43;625603305;5927;303;6802;6834;7.09;0.43;253.23;4.62;875;43;2338.00;32
5930;43;625603321;5930;305;6803;6834;7.02;0.43;253.23;4.64;873;43;2339.00;31
5934;43;625603342;5934;314;6826;6870;7.04;0.43;253.13;4.63;892;43;2340.00;44
5937;43;625603363;5937;317;6827;6870;7.07;0.43;253.16;4.63;890;43;2341.00;43
5937;43;625603380;5937;319;6831;6870;7.05;0.43;253.16;4.64;894;43;2342.00;39
5939;43;625603395;5939;322;6833;6870;6.99;0.43;253.20;4.65;894;43;2343.00;37
5940;43;625603407;5940;321;6834;6870;7.00;0.43;253.21;4.65;894;43;2344.00;36
5943;43;625603419;5943;326;6836;6870;6.96;0.42;253.12;4.66;893;43;2345.00;34
5944;43;625603431;5944;328;6841;6874;6.95;0.42;253.11;4.67;897;43;2346.00;33
5946;43;625603443;5946;319;6842;6874;6.98;0.42;253.08;4.67;896;43;2347.00;32
5947;43;625603455;5947;311;6847;6878;7.04;0.43;253.07;4.68;900;43;2348.00;31
5947;43;625603472;5947;303;6849;6879;7.13;0.43;253.07;4.68;902;43;2349.00;30
5948;43;625603484;5948;305;6850;6879;7.15;0.44;253.07;4.68;902;43;2350.00;29
5948;43;625603495;5948;308;6851;6879;7.17;0.44;253.07;4.70;903;43;2351.00;28
5950;43;625603505;5950;305;6863;6892;7.14;0.43;253.01;4.69;913;43;2352.00;29
5950;43;625603518;5950;305;6864;6892;7.13;0.43;253.01;4.70;914;43;2353.00;28
5950;43;625603529;5950;303;6865;6892;7.13;0.43;253.01;4.70;915;43;2354.00;27
5951;43;625603539;5951;295;6866;6893;7.06;0.43;252.99;4.70;915;43;2355.00;27
5953;44;625603550;5953;302;6868;6894;7.02;0.43;252.96;4.71;915;44;2356.00;26
5954;44;625603574;5954;302;6869;6894;7.02;0.43;252.94;4.72;915;44;2357.00;25
5955;44;625603592;5955;306;6871;6897;7.03;0.43;252.95;4.72;916;44;2358.00;26
5956;44;625603616;5956;306;6873;6897;7.03;0.43;252.91;4.73;917;44;2359.00;24
5956;44;625603633;5956;298;6873;6897;7.06;0.43;252.91;4.73;917;44;2360.00;24
5958;44;625603645;5958;299;6873;6897;7.07;0.43;252.90;4.73;915;44;2361.00;24
5959;44;625603656;5959;300;6877;6903;7.12;0.43;252.88;4.73;918;44;2362.00;26
5959;44;625603669;5959;299;6877;6903;7.15;0.44;252.88;4.73;918;44;2363.00;26
5962;44;625603680;5962;299;6884;6903;7.16;0.44;252.81;4.77;922;44;2364.00;19
5962;44;625603691;5962;300;6884;6903;7.19;0.44;252.81;4.77;922;44;2365.00;19
5963;44;625603702;5963;299;6888;6907;7.22;0.44;252.82;4.78;925;44;2366.00;19
5965;44;625603714;5965;303;6889;6908;7.26;0.44;252.79;4.78;924;44;2367.00;19
5965;44;625603725;5965;298;6889;6908;7.29;0.44;252.79;4.78;924;44;2368.00;19
5969;44;625603742;5969;297;6891;6909;7.32;0.44;252.79;4.78;922;44;2369.00;18
5970;44;625603755;5970;299;6891;6909;7.34;0.45;252.77;4.78;921;44;2370.00;18
5973;44;625603767;5973;298;6894;6909;7.29;0.44;252.79;4.80;921;44;2371.00;15
5975;44;625603778;5975;293;6894;6909;7.20;0.44;252.80;4.80;919;44;2372.00;15
5980;44;625603789;5980;293;6894;6909;7.12;0.43;252.88;4.80;914;44;2373.00;15
5981;44;625603801;5981;296;6895;6909;7.08;0.43;252.91;4.81;914;44;2374.00;14
5985;44;625603812;5985;303;6895;6909;7.00;0.43;252.95;4.81;910;44;2375.00;14
5988;44;625603823;5988;311;6935;6979;7.15;0.44;252.97;4.79;947;44;2376.00;44
5995;44;625603840;5995;310;6935;6980;7.04;0.43;252.95;4.79;940;44;2377.00;45
5999;44;625603852;5999;311;6946;6980;7.01;0.43;252.98;4.79;947;44;2378.00;34
6003;44;625603863;6003;316;6949;6980;6.95;0.43;252.99;4.79;946;44;2379.00;31
6009;44;625603873;6009;304;6956;6980;6.89;0.42;253.12;4.78;947;44;2380.00;24
6013;44;625603885;6013;299;6960;6980;6.83;0.42;253.09;4.78;947;44;2381.00;20
6017;44;625603897;6017;302;6965;6980;6.78;0.42;253.15;4.79;948;44;2382.00;15
6024;44;625603908;6024;305;6966;6980;6.73;0.41;253.15;4.79;942;44;2383.00;14
6025;44;625603919;6025;304;6970;6981;6.73;0.41;253.18;4.79;945;44;2384.00;11
6029;44;625603931;6029;310;6972;6983;6.71;0.41;253.32;4.79;943;44;2385.00;11
6035;44;625603943;6035;314;6972;6983;6.74;0.41;253.45;4.79;937;44;2386.00;11
6037;44;625603955;6037;310;6976;6987;6.79;0.42;253.46;4.78;939;44;2387.00;11
6041;44;625603968;6041;314;6976;6987;6.81;0.42;253.59;4.78;935;44;2388.00;11
6047;44;625603980;6047;311;6976;6987;6.88;0.42;253.67;4.78;929;44;2389.00;11
6048;44;625603992;6048;313;6976;6987;6.97;0.43;253.71;4.78;928;44;2390.00;11
6053;44;625604004;6053;312;6981;6993;7.04;0.43;253.84;4.78;928;44;2391.00;12
6055;44;625604018;6055;316;6983;6993;7.11;0.44;253.92;4.81;928;44;2392.00;10
6057;44;625604030;6057;311;6983;6993;7.19;0.44;253.96;4.81;926;44;2393.00;10
6064;44;625604043;6064;310;6985;6996;7.25;0.45;254.12;4.81;921;44;2394.00;11
6068;44;625604063;6068;306;6985;6996;7.32;0.45;254.16;4.81;917;44;2395.00;11
6074;44;625604076;6074;302;6986;6996;7.38;0.45;254.20;4.81;912;44;2396.00;10
6081;44;625604089;6081;300;6986;6997;7.41;0.45;254.32;4.81;905;44;2397.00;11
6084;44;625604102;6084;294;6987;6998;7.49;0.46;254.26;4.81;903;44;2398.00;11
6094;44;625604114;6094;292;6988;6998;7.46;0.46;254.33;4.81;894;44;2399.00;10
6099;44;625604136;6099;290;7012;7057;7.60;0.46;254.37;4.79;913;44;2400.00;45
6102;44;625604162;6102;288;7014;7057;7.65;0.47;254.42;4.79;912;44;2401.00;43
6107;44;625604175;6107;287;7017;7057;7.71;0.47;254.48;4.79;910;44;2402.00;40
6111;44;625604188;6111;278;7018;7058;7.86;0.48;254.49;4.79;907;44;2403.00;40
6117;44;625604201;6117;278;7020;7058;7.85;0.48;254.60;4.79;903;44;2404.00;38
6120;44;625604222;6120;279;7023;7062;7.87;0.48;254.67;4.79;903;44;2405.00;39
6123;44;625604236;6123;282;7024;7062;7.84;0.48;254.68;4.79;901;44;2406.00;38
6126;44;625604250;6126;286;7028;7066;7.79;0.47;254.76;4.79;902;44;2407.00;38
6128;44;625604264;6128;288;7029;7066;7.77;0.47;254.82;4.79;901;44;2408.00;37
6133;44;625604278;6133;287;7029;7066;7.78;0.47;254.88;4.79;896;44;2409.00;37
6138;44;625604293;6138;292;7031;7066;7.78;0.47;254.89;4.79;893;44;2410.00;35
6143;44;625604306;6143;290;7031;7066;7.75;0.47;255.08;4.79;888;44;2411.00;35
6147;44;625604319;6147;293;7038;7078;7.78;0.47;255.05;4.79;891;44;2412.00;40
6150;44;625604333;6150;296;7039;7078;7.76;0.47;255.10;4.79;889;44;2413.00;39
6156;44;625604345;6156;301;7041;7078;7.74;0.47;255.19;4.79;885;44;2414.00;37
6158;44;625604357;6158;307;7041;7078;7.74;0.47;255.20;4.79;883;44;2415.00;37
6164;44;625604370;6164;311;7042;7078;7.71;0.47;255.28;4.79;878;44;2416.00;36
6167;44;625604382;6167;310;7042;7078;7.72;0.47;255.27;4.79;875;44;2417.00;36
6170;44;625604394;6170;312;7042;7079;7.68;0.47;255.31;4.79;872;44;2418.00;37
6173;44;625604406;6173;320;7043;7079;7.64;0.47;255.46;4.79;870;44;2419.00;36
6175;44;625604418;6175;317;7048;7085;7.60;0.46;255.62;4.79;873;44;2420.00;37
6177;44;625604431;6177;314;7049;7086;7.58;0.46;255.63;4.79;872;44;2421.00;37
6182;44;625604443;6182;319;7050;7086;7.54;0.46;255.68;4.79;868;44;2422.00;36
6184;44;625604455;6184;316;7050;7086;7.57;0.46;255.70;4.79;866;44;2423.00;36
6188;44;625604466;6188;324;7053;7090;7.52;0.46;255.81;4.79;865;44;2424.00;37
6191;44;625604478;6191;326;7053;7090;7.48;0.46;255.84;4.79;862;44;2425.00;37
6196;44;625604490;6196;330;7053;7090;7.44;0.45;255.94;4.79;857;44;2426.00;37
6198;44;625604502;6198;319;7056;7091;7.44;0.45;255.95;4.80;858;44;2427.00;35
6203;44;625604513;6203;318;7060;7095;7.39;0.45;256.08;4.80;857;44;2428.00;35
6203;44;625604526;6203;317;7062;7095;7.44;0.45;256.08;4.80;859;44;2429.00;33
6206;44;625604539;6206;311;7066;7101;7.46;0.45;256.14;4.80;860;44;2430.00;35
6209;44;625604551;6209;308;7067;7101;7.46;0.45;256.26;4.80;858;44;2431.00;34
6211;44;625604563;6211;307;7067;7101;7.51;0.46;256.25;4.80;856;44;2432.00;34
6215;44;625604575;6215;305;7069;7101;7.49;0.45;256.28;4.81;854;44;2433.00;32
6218;44;625604587;6218;304;7071;7105;7.49;0.45;256.29;4.80;853;44;2434.00;34
6222;44;625604604;6222;311;7071;7105;7.49;0.45;256.43;4.80;849;44;2435.00;34
6225;44;625604616;6225;297;7072;7105;7.44;0.45;256.43;4.80;847;44;2436.00;33
6227;44;625604632;6227;287;7073;7105;7.42;0.45;256.52;4.80;846;44;2437.00;32
6228;44;625604645;6228;287;7073;7106;7.46;0.45;256.54;4.80;845;44;2438.00;33
6230;44;625604657;6230;278;7076;7107;7.48;0.45;256.63;4.81;846;44;2439.00;31
6235;44;625604668;6235;266;7076;7107;7.50;0.45;256.66;4.81;841;44;2440.00;31
6237;44;625604680;6237;245;7077;7108;7.59;0.46;256.72;4.81;840;44;2441.00;31
6241;44;625604692;6241;237;7077;7108;7.72;0.47;256.77;4.81;836;44;2442.00;31
6243;44;625604704;6243;235;7077;7108;7.85;0.48;256.79;4.81;834;44;2443.00;31
6246;44;625604716;6246;238;7078;7108;7.91;0.48;256.90;4.81;832;44;2444.00;30
6248;44;625604727;6248;232;7078;7108;8.00;0.49;256.91;4.81;830;44;2445.00;30
6252;44;625604738;6252;232;7078;7108;8.06;0.49;256.89;4.81;826;44;2446.00;30
6254;44;625604749;6254;221;7078;7108;8.18;0.50;256.98;4.81;824;44;2447.00;30
6257;44;625604761;6257;225;7139;7235;8.42;0.52;256.99;4.77;882;44;2448.00;96
6258;44;625604782;6258;218;7143;7236;8.48;0.52;257.02;4.77;885;44;2449.00;93
6262;45;625604799;6262;204;7150;7236;8.61;0.53;257.09;4.78;888;45;2450.00;86
6263;45;625604823;6263;199;7152;7236;8.69;0.53;257.07;4.77;889;45;2451.00;84
6266;45;625604835;6266;198;7156;7236;8.75;0.54;257.09;4.77;890;45;2452.00;80
6267;45;625604846;6267;201;7159;7236;8.73;0.54;257.17;4.82;892;45;2453.00;77
6269;45;625604858;6269;198;7163;7236;8.78;0.54;257.20;4.82;894;45;2454.00;73
6273;45;625604870;6273;202;7165;7236;8.81;0.54;257.16;4.82;892;45;2455.00;71
6274;45;625604882;6274;210;7168;7237;8.79;0.54;257.19;4.83;894;45;2456.00;69
6277;45;625604895;6277;211;7173;7238;8.70;0.53;257.19;4.83;896;45;2457.00;65
6283;45;625604907;6283;216;7175;7238;8.60;0.53;257.32;4.83;892;45;2458.00;63
6287;45;625604919;6287;230;7178;7239;8.57;0.53;257.60;4.83;891;45;2459.00;61
6289;45;625604933;6289;232;7182;7239;8.52;0.52;257.66;4.84;893;45;2460.00;57
6292;45;625604945;6292;243;7186;7239;8.39;0.51;257.66;4.89;894;45;2461.00;53
6293;45;625604957;6293;249;7191;7239;8.27;0.51;257.63;4.90;898;45;2462.00;48
6293;45;625604969;6293;250;7194;7243;8.17;0.50;257.63;4.90;901;45;2463.00;49
6297;45;625604980;6297;261;7196;7243;8.08;0.49;257.57;4.90;899;45;2464.00;47
6300;45;625604991;6300;265;7199;7243;8.07;0.49;257.54;4.90;899;45;2465.00;44
6301;45;625605002;6301;271;7202;7246;7.99;0.49;257.55;4.95;901;45;2466.00;44
6304;45;625605014;6304;278;7206;7246;7.91;0.48;257.48;4.96;902;45;2467.00;40
6306;45;625605025;6306;281;7207;7246;7.88;0.48;257.43;4.96;901;45;2468.00;39
6308;45;625605036;6308;287;7211;7250;7.83;0.48;257.42;4.96;903;45;2469.00;39
6308;45;625605047;6308;275;7214;7251;7.81;0.48;257.42;4.96;906;45;2470.00;37
6309;45;625605058;6309;272;7214;7251;7.81;0.48;257.40;4.96;905;45;2471.00;37
6309;45;625605069;6309;274;7215;7255;7.75;0.48;257.40;4.96;906;45;2472.00;40
6310;45;625605080;6310;269;7216;7255;7.73;0.47;257.41;4.96;906;45;2473.00;39
6311;45;625605091;6311;266;7216;7255;7.60;0.47;257.39;4.96;905;45;2474.00;39
6314;45;625605102;6314;270;7218;7257;7.51;0.46;257.36;4.96;904;45;2475.00;39
6316;45;625605113;6316;273;7218;7257;7.43;0.46;257.29;4.96;902;45;2476.00;39
6321;45;625605124;6321;271;7223;7263;7.34;0.45;257.22;5.00;902;45;2477.00;40
6323;45;625605136;6323;269;7223;7263;7.33;0.45;257.17;5.00;900;45;2478.00;40
6325;45;625605146;6325;264;7224;7264;7.31;0.45;257.16;5.00;899;45;2479.00;40
6326;45;625605157;6326;258;7225;7264;7.26;0.44;257.17;5.03;899;45;2480.00;39
6330;45;625605168;6330;253;7225;7264;7.13;0.44;257.15;5.03;895;45;2481.00;39
6333;45;625605178;6333;244;7226;7264;7.02;0.43;257.11;5.06;893;45;2482.00;38
6336;45;625605188;6336;246;7226;7264;6.90;0.42;257.13;5.06;890;45;2483.00;38
6339;45;625605198;6339;254;7236;7276;6.89;0.42;257.12;5.05;897;45;2484.00;40
6343;45;625605209;6343;243;7239;7276;6.80;0.41;257.11;5.07;896;45;2485.00;37
6347;45;625605220;6347;241;7240;7276;6.73;0.41;257.12;5.10;893;45;2486.00;36
6349;45;625605230;6349;244;7240;7276;6.70;0.41;257.25;5.10;891;45;2487.00;36
6357;45;625605240;6357;246;7241;7276;6.61;0.40;257.19;5.12;884;45;2488.00;35
6359;45;625605251;6359;245;7241;7276;6.55;0.40;257.19;5.12;882;45;2489.00;35
6361;45;625605262;6361;250;7244;7280;6.58;0.40;257.17;5.11;883;45;2490.00;36
6365;45;625605278;6365;255;7244;7280;6.54;0.40;257.13;5.11;879;45;2491.00;36
6366;45;625605304;6366;258;7248;7284;6.59;0.40;257.13;5.13;882;45;2492.00;36
6366;45;625605321;6366;259;7250;7285;6.69;0.41;257.13;5.13;884;45;2493.00;35
6366;45;625605336;6366;260;7251;7285;6.74;0.41;257.13;5.15;885;45;2494.00;34
6368;45;625605350;6368;258;7251;7285;6.81;0.41;257.16;5.15;883;45;2495.00;34
6368;45;625605365;6368;258;7261;7298;6.84;0.42;257.16;5.15;893;45;2496.00;37
6369;45;625605381;6369;255;7262;7298;6.85;0.42;257.13;5.17;893;45;2497.00;36
6370;45;625605395;6370;255;7262;7298;6.86;0.42;257.11;5.17;892;45;2498.00;36
6371;45;625605405;6371;241;7263;7299;6.94;0.42;257.08;5.17;892;45;2499.00;36
6372;45;625605418;6372;230;7263;7300;6.98;0.43;257.05;5.17;891;45;2500.00;37
6374;45;625605433;6374;222;7263;7300;7.08;0.43;257.06;5.17;889;45;2501.00;37
6377;45;625605445;6377;215;7266;7303;7.18;0.44;257.03;5.18;889;45;2502.00;37
6380;45;625605457;6380;205;7267;7303;7.22;0.44;256.96;5.18;887;45;2503.00;36
6382;45;625605470;6382;207;7267;7303;7.34;0.44;256.98;5.18;885;45;2504.00;36
6383;45;625605482;6383;209;7267;7303;7.38;0.45;256.99;5.18;884;45;2505.00;36
6384;45;625605500;6384;205;7271;7309;7.54;0.46;257.02;5.17;887;45;2506.00;38
6387;46;625605512;6387;200;7271;7309;7.54;0.45;256.99;5.17;884;46;2507.00;38
6387;46;625605536;6387;197;7274;7309;7.63;0.46;256.99;5.20;887;46;2508.00;35
6389;46;625605547;6389;194;7274;7309;7.61;0.46;256.95;5.20;885;46;2509.00;35
6389;46;625605559;6389;193;7279;7313;7.57;0.46;256.95;5.21;890;46;2510.00;34
6390;46;625605571;6390;192;7281;7314;7.58;0.46;256.96;5.22;891;46;2511.00;33
6391;46;625605583;6391;194;7281;7314;7.58;0.46;256.95;5.22;890;46;2512.00;33
6392;46;625605595;6392;200;7282;7315;7.61;0.46;256.94;5.22;890;46;2513.00;33
6394;46;625605606;6394;195;7287;7315;7.59;0.46;256.92;5.27;893;46;2514.00;28
6394;46;625605624;6394;202;7288;7315;7.56;0.46;256.92;5.29;894;46;2515.00;27
6394;46;625605636;6394;200;7289;7315;7.57;0.46;256.92;5.29;895;46;2516.00;26
6397;46;625605648;6397;199;7293;7315;7.57;0.46;256.90;5.32;896;46;2517.00;22
6398;46;625605660;6398;207;7293;7315;7.61;0.46;256.91;5.32;895;46;2518.00;22
6399;46;625605672;6399;203;7295;7315;7.66;0.47;256.89;5.34;896;46;2519.00;20
6402;46;625605685;6402;216;7350;7440;7.92;0.49;256.89;5.31;948;46;2520.00;90
6403;46;625605706;6403;213;7351;7441;7.89;0.49;256.87;5.31;948;46;2521.00;90
6405;46;625605718;6405;210;7367;7441;7.97;0.49;256.82;5.32;962;46;2522.00;74
6406;46;625605729;6406;206;7373;7441;7.95;0.49;256.83;5.32;967;46;2523.00;68
6407;46;625605741;6407;215;7379;7441;7.91;0.49;256.86;5.32;972;46;2524.00;62
6411;46;625605753;6411;218;7385;7441;7.78;0.48;256.98;5.33;974;46;2525.00;56
6411;46;625605765;6411;219;7390;7441;7.68;0.47;256.98;5.33;979;46;2526.00;51
6419;46;625605777;6419;231;7392;7441;7.57;0.46;257.09;5.33;973;46;2527.00;49
6420;46;625605790;6420;231;7400;7442;7.55;0.46;257.11;5.34;980;46;2528.00;42
6423;46;625605802;6423;230;7400;7443;7.54;0.46;257.10;5.34;977;46;2529.00;43
6426;46;625605817;6426;230;7405;7443;7.50;0.46;257.13;5.35;979;46;2530.00;38
6426;46;625605832;6426;229;7411;7447;7.51;0.46;257.13;5.36;985;46;2531.00;36
6429;46;625605846;6429;233;7413;7447;7.48;0.46;257.09;5.36;984;46;2532.00;34
6430;46;625605858;6430;229;7415;7447;7.48;0.46;257.07;5.37;985;46;2533.00;32
6432;46;625605872;6432;230;7418;7447;7.39;0.45;257.09;5.38;986;46;2534.00;29
6432;46;625605888;6432;236;7422;7453;7.45;0.46;257.09;5.37;990;46;2535.00;31
6433;46;625605909;6433;240;7425;7453;7.41;0.45;257.11;5.38;992;46;2536.00;28
6435;46;625605922;6435;241;7427;7455;7.43;0.45;257.11;5.38;992;46;2537.00;28
6435;46;625605936;6435;252;7431;7458;7.47;0.46;257.11;5.39;996;46;2538.00;27
6438;46;625605948;6438;255;7431;7458;7.50;0.46;257.16;5.39;993;46;2539.00;27
6441;46;625605962;6441;263;7431;7458;7.51;0.46;257.21;5.39;990;46;2540.00;27
6444;46;625605975;6444;262;7432;7459;7.47;0.46;257.30;5.40;988;46;2541.00;27
6450;46;625605987;6450;266;7434;7460;7.40;0.45;257.35;5.40;984;46;2542.00;26
6454;46;625606001;6454;272;7434;7460;7.32;0.45;257.35;5.40;980;46;2543.00;26
6460;46;625606014;6460;274;7447;7473;7.18;0.44;257.44;5.39;987;46;2544.00;26
6463;46;625606029;6463;284;7447;7473;7.14;0.44;257.49;5.39;984;46;2545.00;26
6467;46;625606042;6467;288;7448;7473;7.09;0.43;257.55;5.39;981;46;2546.00;25
6471;46;625606054;6471;292;7450;7474;7.04;0.43;257.57;5.40;979;46;2547.00;24
6475;46;625606067;6475;297;7451;7474;6.96;0.43;257.62;5.41;976;46;2548.00;23
6477;46;625606080;6477;294;7456;7478;6.89;0.42;257.68;5.41;979;46;2549.00;22
6482;46;625606094;6482;289;7458;7481;6.78;0.42;257.69;5.41;976;46;2550.00;23
6486;46;625606107;6486;283;7462;7485;6.76;0.41;257.75;5.41;976;46;2551.00;23
6489;46;625606120;6489;288;7463;7485;6.81;0.42;257.83;5.41;974;46;2552.00;22
6496;46;625606133;6496;284;7464;7485;6.73;0.41;257.89;5.42;968;46;2553.00;21
6498;46;625606146;6498;283;7465;7485;6.73;0.41;257.96;5.42;967;46;2554.00;20
6500;46;625606158;6500;276;7466;7485;6.72;0.41;258.02;5.42;966;46;2555.00;19
6502;46;625606170;6502;277;7478;7497;6.76;0.42;258.03;5.41;976;46;2556.00;19
6509;46;625606184;6509;277;7479;7497;6.75;0.42;258.12;5.41;970;46;2557.00;18
6512;46;625606198;6512;271;7479;7497;6.84;0.42;258.19;5.41;967;46;2558.00;18
6517;46;625606210;6517;274;7479;7497;6.87;0.42;258.31;5.41;962;46;2559.00;18
6519;46;625606224;6519;263;7479;7497;6.96;0.43;258.37;5.41;960;46;2560.00;18
6525;46;625606236;6525;259;7479;7497;7.00;0.43;258.49;5.41;954;46;2561.00;18
6527;46;625606249;6527;262;7479;7498;7.06;0.43;258.50;5.41;952;46;2562.00;19
6532;46;625606262;6532;265;7479;7498;7.06;0.43;258.62;5.41;947;46;2563.00;19
6536;46;625606285;6536;262;7483;7504;7.16;0.44;258.60;5.41;947;46;2564.00;21
6541;46;625606299;6541;255;7486;7506;7.28;0.45;258.65;5.41;945;46;2565.00;20
6545;46;625606312;6545;251;7486;7506;7.35;0.45;258.75;5.41;941;46;2566.00;20
6548;46;625606326;6548;247;7486;7506;7.47;0.46;258.81;5.41;938;46;2567.00;20
6553;46;625606337;6553;243;7489;7510;7.58;0.47;258.85;5.41;936;46;2568.00;21
6558;46;625606350;6558;249;7489;7510;7.66;0.47;258.89;5.41;931;46;2569.00;21
6562;46;625606362;6562;251;7489;7510;7.76;0.48;258.98;5.41;927;46;2570.00;21
6569;46;625606374;6569;244;7490;7511;7.76;0.48;259.01;5.41;921;46;2571.00;21
6575;46;625606387;6575;235;7493;7515;7.78;0.48;258.97;5.40;918;46;2572.00;22
6578;46;625606400;6578;234;7493;7515;7.82;0.48;258.99;5.40;915;46;2573.00;22
6581;46;625606412;6581;226;7495;7518;7.90;0.49;259.12;5.40;914;46;2574.00;23
6584;46;625606424;6584;218;7496;7518;7.97;0.49;259.10;5.40;912;46;2575.00;22
6590;46;625606436;6590;221;7496;7518;7.98;0.49;259.20;5.40;906;46;2576.00;22
6596;46;625606454;6596;224;7496;7518;7.97;0.49;259.30;5.40;900;46;2577.00;22
6597;46;625606466;6597;226;7499;7522;7.99;0.49;259.28;5.40;902;46;2578.00;23
6605;46;625606479;6605;224;7499;7522;7.95;0.49;259.27;5.40;894;46;2579.00;23
6609;46;625606493;6609;223;7500;7522;7.97;0.49;259.31;5.40;891;46;2580.00;22
6614;46;625606505;6614;217;7500;7522;7.98;0.49;259.52;5.40;886;46;2581.00;22
6619;46;625606518;6619;221;7501;7523;7.97;0.49;259.56;5.42;882;46;2582.00;22
6623;46;625606530;6623;225;7502;7524;7.93;0.49;259.65;5.42;879;46;2583.00;22
6629;46;625606543;6629;221;7502;7524;7.96;0.49;259.76;5.42;873;46;2584.00;22
6632;46;625606555;6632;227;7503;7525;7.99;0.49;259.84;5.42;871;46;2585.00;22
6636;46;625606567;6636;228;7503;7525;7.99;0.49;259.86;5.42;867;46;2586.00;22
6640;46;625606579;6640;227;7503;7525;8.02;0.49;259.94;5.42;863;46;2587.00;22
6643;46;625606591;6643;227;7503;7525;7.97;0.49;259.87;5.42;860;46;2588.00;22
6650;46;625606602;6650;233;7503;7525;7.86;0.48;259.95;5.42;853;46;2589.00;22
6653;46;625606614;6653;237;7503;7525;7.79;0.48;260.02;5.42;850;46;2590.00;22
6654;46;625606626;6654;243;7503;7525;7.68;0.47;260.04;5.42;849;46;2591.00;22
6662;46;625606637;6662;268;7571;7652;7.84;0.49;260.14;5.37;909;46;2592.00;81
6663;46;625606658;6663;267;7574;7653;7.78;0.48;260.11;5.37;911;46;2593.00;79
6668;46;625606670;6668;269;7581;7653;7.74;0.48;260.06;5.39;913;46;2594.00;72
6669;46;625606682;6669;275;7585;7653;7.69;0.48;260.10;5.39;916;46;2595.00;68
6674;46;625606694;6674;278;7589;7653;7.65;0.47;260.11;5.39;915;46;2596.00;64
6677;46;625606706;6677;269;7590;7653;7.56;0.47;260.17;5.39;913;46;2597.00;63
6677;46;625606719;6677;265;7594;7653;7.55;0.47;260.17;5.39;917;46;2598.00;59
6679;46;625606730;6679;263;7597;7653;7.48;0.46;260.19;5.39;918;46;2599.00;56
6682;46;625606743;6682;266;7600;7654;7.49;0.46;260.20;5.41;918;46;2600.00;54
6683;46;625606765;6683;259;7605;7655;7.59;0.47;260.19;5.41;922;46;2601.00;50
6687;46;625606784;6687;256;7607;7655;7.60;0.47;260.20;5.41;920;46;2602.00;48
6689;46;625606797;6689;254;7611;7656;7.60;0.47;260.28;5.41;922;46;2603.00;45
6695;46;625606810;6695;254;7614;7656;7.55;0.46;260.27;5.42;919;46;2604.00;42
6700;46;625606823;6700;263;7618;7656;7.60;0.47;260.33;5.42;918;46;2605.00;38
6705;46;625606840;6705;248;7620;7656;7.56;0.46;260.40;5.42;915;46;2606.00;36
6707;46;625606854;6707;243;7623;7660;7.55;0.46;260.45;5.42;916;46;2607.00;37
6708;46;625606867;6708;235;7625;7660;7.59;0.46;260.45;5.42;917;46;2608.00;35
6712;46;625606880;6712;237;7626;7660;7.63;0.47;260.40;5.42;914;46;2609.00;34
6713;46;625606894;6713;234;7630;7666;7.77;0.48;260.39;5.42;917;46;2610.00;36
6718;46;625606908;6718;236;7630;7666;7.85;0.48;260.41;5.42;912;46;2611.00;36
6719;46;625606926;6719;236;7631;7666;7.93;0.48;260.42;5.42;912;46;2612.00;35
6719;46;625606939;6719;239;7634;7670;7.95;0.49;260.42;5.42;915;46;2613.00;36
6720;46;625606952;6720;236;7636;7671;8.01;0.49;260.39;5.42;916;46;2614.00;35
6721;46;625606971;6721;233;7636;7671;8.05;0.49;260.52;5.42;915;46;2615.00;35
6725;46;625606984;6725;243;7640;7675;8.06;0.49;260.59;5.42;915;46;2616.00;35
6726;46;625606997;6726;238;7640;7675;8.13;0.50;260.60;5.42;914;46;2617.00;35
6728;46;625607010;6728;236;7641;7675;8.16;0.50;260.59;5.42;913;46;2618.00;34
6730;46;625607023;6730;241;7642;7676;8.18;0.50;260.62;5.42;912;46;2619.00;34
6732;46;625607035;6732;242;7643;7676;8.15;0.50;260.63;5.42;911;46;2620.00;33
6734;46;625607048;6734;247;7646;7682;8.15;0.50;260.62;5.42;912;46;2621.00;36
6735;46;625607061;6735;249;7647;7682;8.20;0.50;260.60;5.42;912;46;2622.00;35
6737;46;625607072;6737;246;7648;7683;8.25;0.50;260.55;5.42;911;46;2623.00;35
6740;46;625607084;6740;246;7648;7683;8.25;0.50;260.53;5.42;908;46;2624.00;35
6741;46;625607097;6741;246;7648;7683;8.20;0.50;260.54;5.42;907;46;2625.00;35
6747;46;625607109;6747;247;7648;7683;8.10;0.49;260.49;5.42;901;46;2626.00;35
6748;46;625607120;6748;247;7648;7683;8.05;0.49;260.48;5.42;900;46;2627.00;35
6750;46;625607131;6750;252;7658;7695;8.01;0.49;260.44;5.41;908;46;2628.00;37
6753;46;625607144;6753;262;7659;7695;7.96;0.48;260.39;5.41;906;46;2629.00;36
6753;46;625607157;6753;263;7659;7695;7.92;0.48;260.39;5.41;906;46;2630.00;36
6758;46;625607169;6758;256;7659;7695;7.82;0.47;260.34;5.41;901;46;2631.00;36
6758;46;625607181;6758;260;7659;7695;7.74;0.47;260.34;5.41;901;46;2632.00;36
6759;46;625607192;6759;267;7659;7695;7.70;0.47;260.30;5.41;900;46;2633.00;36
6762;46;625607203;6762;274;7662;7699;7.61;0.46;260.28;5.41;900;46;2634.00;37
6763;46;625607215;6763;273;7662;7699;7.60;0.46;260.29;5.41;899;46;2635.00;37
6765;46;625607226;6765;286;7665;7703;7.56;0.46;260.25;5.41;900;46;2636.00;38
6766;46;625607237;6766;289;7666;7704;7.50;0.46;260.37;5.41;900;46;2637.00;38
6772;46;625607249;6772;294;7668;7704;7.39;0.45;260.32;5.42;896;46;2638.00;36
6772;46;625607259;6772;298;7668;7704;7.33;0.45;260.32;5.42;896;46;2639.00;36
6774;46;625607276;6774;295;7687;7733;7.25;0.44;260.27;5.41;913;46;2640.00;46
6775;46;625607299;6775;292;7688;7733;7.18;0.44;260.27;5.41;913;46;2641.00;45
6778;46;625607315;6778;287;7691;7733;7.15;0.44;260.28;5.40;913;46;2642.00;42
6779;46;625607332;6779;283;7692;7734;7.18;0.44;260.28;5.40;913;46;2643.00;42
6780;46;625607349;6780;294;7693;7735;7.21;0.44;260.29;5.40;913;46;2644.00;42
6782;46;625607366;6782;292;7694;7735;7.21;0.44;260.32;5.40;912;46;2645.00;41
6784;46;625607382;6784;293;7697;7738;7.18;0.44;260.35;5.40;913;46;2646.00;41
6786;46;625607396;6786;289;7697;7738;7.12;0.43;260.41;5.40;911;46;2647.00;41
6789;46;625607407;6789;289;7697;7738;7.02;0.43;260.41;5.40;908;46;2648.00;41
6790;46;625607419;6790;281;7697;7738;7.00;0.43;260.43;5.40;907;46;2649.00;41
6793;46;625607429;6793;279;7701;7744;6.92;0.42;260.45;5.40;908;46;2650.00;43
6797;46;625607442;6797;266;7701;7744;6.84;0.42;260.43;5.40;904;46;2651.00;43
6798;46;625607453;6798;249;7702;7744;6.81;0.42;260.41;5.40;904;46;2652.00;42
6799;46;625607464;6799;235;7702;7744;6.77;0.41;260.43;5.40;903;46;2653.00;42
6800;46;625607476;6800;221;7706;7748;6.83;0.42;260.41;5.41;906;46;2654.00;42
6803;46;625607489;6803;220;7709;7750;6.88;0.42;260.40;5.43;906;46;2655.00;41
6807;46;625607501;6807;208;7710;7750;6.92;0.42;260.42;5.44;903;46;2656.00;40
6812;46;625607514;6812;205;7711;7751;6.98;0.43;260.48;5.44;899;46;2657.00;40
6815;46;625607527;6815;203;7711;7751;7.02;0.43;260.51;5.44;896;46;2658.00;40
6818;46;625607539;6818;199;7711;7751;6.97;0.42;260.51;5.44;893;46;2659.00;40
6820;47;625607571;6820;200;7711;7751;7.02;0.43;260.60;5.44;891;47;2660.00;40
6823;47;625607594;6823;199;7711;7751;7.11;0.43;260.56;5.44;888;47;2661.00;40
6825;47;625607606;6825;194;7711;7751;7.15;0.43;260.50;5.44;886;47;2662.00;40
6825;47;625607617;6825;191;7711;7751;7.21;0.44;260.50;5.44;886;47;2663.00;40
6826;47;625607633;6826;191;7748;7821;7.40;0.45;260.47;5.43;922;47;2664.00;73
6827;47;625607651;6827;190;7749;7822;7.43;0.45;260.45;5.43;922;47;2665.00;73
6831;47;625607669;6831;187;7757;7822;7.54;0.46;260.39;5.43;926;47;2666.00;65
6833;47;625607681;6833;184;7761;7822;7.53;0.46;260.36;5.42;928;47;2667.00;61
6833;47;625607692;6833;179;7766;7822;7.66;0.47;260.36;5.42;933;47;2668.00;56
6835;47;625607703;6835;189;7771;7822;7.71;0.47;260.32;5.42;936;47;2669.00;51
6836;47;625607716;6836;185;7776;7822;7.75;0.47;260.31;5.42;940;47;2670.00;46
6840;47;625607728;6840;183;7776;7822;7.72;0.47;260.26;5.42;936;47;2671.00;46
6843;48;625607740;6843;187;7778;7823;7.74;0.47;260.28;5.42;935;48;2672.00;45
6843;48;625607768;6843;188;7779;7824;7.80;0.47;260.28;5.42;936;48;2673.00;45
6846;48;625607780;6846;189;7780;7824;7.73;0.47;260.20;5.42;934;48;2674.00;44
6848;48;625607792;6848;190;7783;7828;7.78;0.47;260.19;5.42;935;48;2675.00;45
6848;48;625607804;6848;194;7783;7828;7.74;0.47;260.19;5.42;935;48;2676.00;45
6850;48;625607817;6850;196;7784;7828;7.73;0.47;260.23;5.44;934;48;2677.00;44
6851;48;625607829;6851;195;7784;7828;7.72;0.47;260.27;5.44;933;48;2678.00;44
6852;48;625607840;6852;197;7788;7834;7.79;0.47;260.32;5.43;936;48;2679.00;46
6857;48;625607852;6857;197;7791;7834;7.78;0.47;260.47;5.46;934;48;2680.00;43
6858;48;625607866;6858;201;7791;7834;7.81;0.47;260.47;5.46;933;48;2681.00;43
6860;48;625607877;6860;202;7793;7837;7.86;0.48;260.51;5.46;933;48;2682.00;44
6863;48;625607890;6863;204;7795;7837;7.87;0.48;260.58;5.47;932;48;2683.00;42
6866;48;625607902;6866;208;7796;7837;7.88;0.48;260.54;5.48;930;48;2684.00;41
6869;48;625607915;6869;211;7796;7838;7.92;0.48;260.51;5.48;927;48;2685.00;42
6870;48;625607927;6870;214;7799;7839;7.95;0.48;260.53;5.51;929;48;2686.00;40
6872;48;625607939;6872;215;7800;7839;7.97;0.48;260.61;5.52;928;48;2687.00;39
6875;48;625607950;6875;220;7810;7852;7.99;0.48;260.67;5.51;935;48;2688.00;42
6876;48;625607964;6876;221;7812;7852;7.98;0.48;260.68;5.53;936;48;2689.00;40
6879;48;625607977;6879;224;7813;7852;7.96;0.48;260.70;5.53;934;48;2690.00;39
6881;48;625607990;6881;224;7815;7853;7.95;0.48;260.67;5.54;934;48;2691.00;38
6882;48;625608001;6882;224;7816;7853;7.96;0.48;260.72;5.55;934;48;2692.00;37
6886;48;625608013;6886;227;7820;7857;7.99;0.49;260.72;5.55;934;48;2693.00;37
6889;48;625608026;6889;223;7821;7857;7.93;0.48;260.77;5.55;932;48;2694.00;36
6893;48;625608039;6893;228;7826;7861;7.87;0.48;260.81;5.56;933;48;2695.00;35
6896;48;625608051;6896;229;7827;7861;7.79;0.47;260.80;5.57;931;48;2696.00;34
6896;48;625608062;6896;234;7828;7861;7.78;0.47;260.80;5.58;932;48;2697.00;33
6899;48;625608074;6899;235;7829;7861;7.72;0.47;260.86;5.59;930;48;2698.00;32
6902;48;625608086;6902;234;7830;7861;7.65;0.47;260.84;5.60;928;48;2699.00;31
6906;48;625608100;6906;236;7852;7910;7.67;0.47;260.87;5.59;946;48;2700.00;58
6909;48;625608121;6909;232;7855;7910;7.58;0.46;260.99;5.61;946;48;2701.00;55
6910;48;625608133;6910;232;7858;7910;7.55;0.46;261.03;5.61;948;48;2702.00;52
6913;48;625608145;6913;227;7861;7910;7.49;0.46;261.11;5.61;948;48;2703.00;49
6916;48;625608157;6916;231;7864;7910;7.47;0.46;261.24;5.62;948;48;2704.00;46
6919;48;625608175;6919;231;7864;7910;7.48;0.46;261.37;5.62;945;48;2705.00;46
6923;48;625608193;6923;230;7868;7911;7.47;0.46;261.45;5.63;945;48;2706.00;43
6925;48;625608205;6925;226;7869;7911;7.45;0.46;261.58;5.63;944;48;2707.00;42
6928;48;625608217;6928;231;7874;7917;7.50;0.46;261.63;5.63;946;48;2708.00;43
6929;48;625608229;6929;239;7876;7918;7.47;0.46;261.63;5.64;947;48;2709.00;42
6933;48;625608241;6933;243;7876;7918;7.39;0.45;261.70;5.64;943;48;2710.00;42
6935;48;625608254;6935;250;7878;7918;7.36;0.45;261.72;5.66;943;48;2711.00;40
6937;48;625608267;6937;255;7882;7922;7.35;0.45;261.68;5.65;945;48;2712.00;40
6940;48;625608281;6940;258;7884;7922;7.25;0.44;261.75;5.66;944;48;2713.00;38
6945;48;625608293;6945;267;7886;7922;7.11;0.43;261.81;5.67;941;48;2714.00;36
6946;48;625608305;6946;271;7887;7923;7.09;0.43;261.85;5.67;941;48;2715.00;36
6952;48;625608317;6952;275;7892;7927;6.95;0.42;261.85;5.68;940;48;2716.00;35
6955;48;625608334;6955;275;7892;7927;6.86;0.42;261.88;5.68;937;48;2717.00;35
6959;48;625608345;6959;280;7896;7930;6.77;0.41;261.86;5.68;937;48;2718.00;34
6962;48;625608357;6962;282;7898;7930;6.69;0.41;261.81;5.68;936;48;2719.00;32
6967;48;625608367;6967;270;7899;7930;6.63;0.40;261.84;5.69;932;48;2720.00;31
6970;48;625608378;6970;262;7900;7930;6.54;0.40;261.86;5.69;930;48;2721.00;30
6973;48;625608389;6973;258;7902;7934;6.58;0.40;261.90;5.69;929;48;2722.00;32
6977;48;625608400;6977;251;7903;7934;6.58;0.40;261.92;5.69;926;48;2723.00;31
6979;48;625608411;6979;255;7905;7934;6.65;0.41;262.01;5.69;926;48;2724.00;29
6982;48;625608421;6982;257;7906;7934;6.67;0.41;262.05;5.70;924;48;2725.00;28
6987;48;625608432;6987;249;7908;7935;6.71;0.41;262.18;5.70;921;48;2726.00;27
6988;48;625608443;6988;240;7909;7936;6.85;0.42;262.24;5.70;921;48;2727.00;27
6993;48;625608454;6993;232;7909;7936;6.87;0.42;262.32;5.70;916;48;2728.00;27
6996;48;625608466;6996;227;7912;7937;7.02;0.43;262.39;5.70;916;48;2729.00;25
6998;48;625608479;6998;226;7913;7937;7.13;0.43;262.43;5.70;915;48;2730.00;24
7005;48;625608491;7005;226;7914;7937;7.12;0.43;262.43;5.70;909;48;2731.00;23
7009;48;625608502;7009;224;7914;7937;7.21;0.44;262.51;5.70;905;48;2732.00;23
7016;48;625608513;7016;222;7916;7937;7.29;0.44;262.68;5.71;900;48;2733.00;21
7022;48;625608526;7022;228;7918;7937;7.33;0.45;262.77;5.71;896;48;2734.00;19
7029;48;625608538;7029;233;7918;7937;7.37;0.45;262.85;5.71;889;48;2735.00;19
7031;48;625608549;7031;240;7986;8064;7.65;0.47;262.81;5.67;955;48;2736.00;78
7035;48;625608570;7035;233;7991;8065;7.67;0.47;262.94;5.67;956;48;2737.00;74
7037;48;625608583;7037;235;7997;8065;7.71;0.48;263.00;5.66;960;48;2738.00;68
7040;48;625608595;7040;236;7999;8065;7.76;0.48;263.02;5.66;959;48;2739.00;66
7044;48;625608607;7044;238;8002;8065;7.76;0.48;263.10;5.66;958;48;2740.00;63
7049;48;625608619;7049;247;8005;8065;7.73;0.48;263.05;5.66;956;48;2741.00;60
7052;48;625608631;7052;246;8008;8065;7.66;0.47;263.09;5.66;956;48;2742.00;57
7056;48;625608643;7056;247;8009;8065;7.63;0.47;263.11;5.66;953;48;2743.00;56
7060;48;625608655;7060;244;8012;8066;7.55;0.47;263.20;5.66;952;48;2744.00;54
7064;48;625608667;7064;252;8019;8068;7.54;0.47;263.25;5.69;955;48;2745.00;49
7069;48;625608680;7069;262;8022;8068;7.47;0.46;263.27;5.69;953;48;2746.00;46
7074;48;625608693;7074;261;8024;8069;7.41;0.46;263.28;5.70;950;48;2747.00;45
7077;48;625608706;7077;257;8028;8069;7.40;0.46;263.32;5.70;951;48;2748.00;41
7082;48;625608717;7082;260;8031;8069;7.34;0.45;263.36;5.70;949;48;2749.00;38
7083;48;625608729;7083;267;8034;8069;7.37;0.45;263.38;5.70;951;48;2750.00;35
7087;48;625608741;7087;272;8039;8073;7.34;0.45;263.37;5.70;952;48;2751.00;34
7095;48;625608754;7095;272;8040;8073;7.26;0.45;263.41;5.70;945;48;2752.00;33
7099;48;625608772;7099;275;8041;8073;7.23;0.44;263.42;5.71;942;48;2753.00;32
7104;48;625608785;7104;281;8043;8076;7.14;0.44;263.61;5.70;939;48;2754.00;33
7109;48;625608797;7109;282;8045;8076;7.11;0.43;263.65;5.71;936;48;2755.00;31
7112;48;625608809;7112;290;8045;8076;7.07;0.43;263.73;5.71;933;48;2756.00;31
7115;48;625608821;7115;298;8051;8080;7.10;0.44;263.82;5.71;936;48;2757.00;29
7119;48;625608834;7119;300;8053;8081;7.14;0.44;263.81;5.71;934;48;2758.00;28
7124;48;625608846;7124;309;8053;8081;7.10;0.43;263.76;5.71;929;48;2759.00;28
7127;48;625608860;7127;313;8057;8086;7.01;0.43;263.72;5.71;930;48;2760.00;29
7130;48;625608874;7130;318;8057;8086;6.94;0.42;263.82;5.71;927;48;2761.00;29
7134;48;625608885;7134;322;8057;8086;6.93;0.42;263.81;5.71;923;48;2762.00;29
7138;48;625608898;7138;334;8058;8087;6.88;0.42;263.84;5.71;920;48;2763.00;29
7139;48;625608910;7139;345;8058;8087;6.86;0.42;263.87;5.71;919;48;2764.00;29
7142;48;625608922;7142;346;8062;8093;6.81;0.42;263.91;5.70;920;48;2765.00;31
7145;48;625608935;7145;348;8062;8093;6.68;0.41;263.95;5.70;917;48;2766.00;31
7146;48;625608952;7146;338;8063;8094;6.65;0.41;263.93;5.70;917;48;2767.00;31
7148;48;625608964;7148;332;8063;8094;6.64;0.41;263.94;5.70;915;48;2768.00;31
7149;48;625608976;7149;323;8063;8094;6.71;0.41;263.94;5.70;914;48;2769.00;31
7152;48;625608988;7152;328;8063;8094;6.71;0.41;263.94;5.70;911;48;2770.00;31
7153;48;625609000;7153;324;8063;8094;6.69;0.41;263.92;5.70;910;48;2771.00;31
7159;48;625609011;7159;332;8072;8106;6.77;0.41;263.92;5.70;913;48;2772.00;34
7160;48;625609025;7160;332;8072;8106;6.82;0.42;263.90;5.70;912;48;2773.00;34
7161;48;625609042;7161;335;8074;8106;6.92;0.42;263.89;5.70;913;48;2774.00;32
7165;48;625609054;7165;334;8074;8106;6.94;0.42;263.91;5.70;909;48;2775.00;32
7167;48;625609066;7167;318;8074;8106;6.98;0.43;263.99;5.70;907;48;2776.00;32
7168;48;625609084;7168;318;8074;8106;7.07;0.43;263.96;5.70;906;48;2777.00;32
7170;48;625609096;7170;313;8077;8110;7.14;0.44;263.95;5.69;907;48;2778.00;33
7174;48;625609108;7174;305;8077;8110;7.14;0.44;263.88;5.69;903;49;2779.00;33
7175;48;625609129;7175;303;8080;8114;7.19;0.44;263.87;5.69;905;49;2780.00;34
7177;48;625609141;7177;301;8082;8115;7.22;0.44;263.91;5.69;905;49;2781.00;33
7180;48;625609154;7180;296;8082;8115;7.21;0.44;263.98;5.69;902;49;2782.00;33
7182;48;625609172;7182;293;8082;8115;7.25;0.44;263.96;5.69;900;49;2783.00;33
7185;48;625609184;7185;300;8093;8128;7.34;0.45;263.91;5.68;908;49;2784.00;35
7187;48;625609197;7187;299;8093;8128;7.37;0.45;263.91;5.68;906;49;2785.00;35
7187;48;625609209;7187;301;8093;8128;7.39;0.45;263.91;5.68;906;49;2786.00;35
7188;48;625609226;7188;297;8094;8129;7.44;0.45;263.90;5.68;906;49;2787.00;35
7191;48;625609238;7191;289;8094;8130;7.48;0.46;263.91;5.68;903;49;2788.00;36
7191;48;625609250;7191;285;8094;8130;7.58;0.46;263.91;5.68;903;49;2789.00;36
7197;48;625609263;7197;283;8097;8136;7.65;0.46;263.86;5.68;900;49;2790.00;39
7198;48;625609279;7198;280;8099;8136;7.65;0.47;263.84;5.71;901;49;2791.00;37
7200;48;625609298;7200;283;8099;8136;7.64;0.46;263.82;5.71;899;49;2792.00;37
7204;48;625609316;7204;285;8100;8136;7.57;0.46;263.76;5.71;896;49;2793.00;36
7207;48;625609335;7207;284;8103;8142;7.50;0.46;263.70;5.71;896;49;2794.00;39
7210;48;625609353;7210;287;8104;8142;7.42;0.45;263.64;5.71;894;49;2795.00;38
7212;48;625609368;7212;290;8104;8142;7.33;0.44;263.63;5.71;892;49;2796.00;38
7215;48;625609385;7215;293;8105;8142;7.27;0.44;263.64;5.71;890;49;2797.00;37
7217;48;625609400;7217;293;8108;8146;7.20;0.44;263.72;5.71;891;49;2798.00;38
7217;48;625609413;7217;296;8110;8147;7.17;0.44;263.72;5.71;893;49;2799.00;37
7218;48;625609426;7218;299;8110;8147;7.15;0.43;263.72;5.71;892;49;2800.00;37
7218;48;625609442;7218;308;8111;8148;7.16;0.44;263.72;5.71;893;49;2801.00;37
7218;48;625609454;7218;307;8111;8148;7.12;0.43;263.72;5.71;893;49;2802.00;37
7218;48;625609464;7218;301;8111;8148;7.09;0.43;263.72;5.71;893;49;2803.00;37
7221;48;625609478;7221;294;8111;8148;7.02;0.43;263.80;5.71;890;49;2804.00;37
7222;48;625609489;7222;289;8111;8148;7.02;0.43;263.79;5.71;889;49;2805.00;37
7223;48;625609500;7223;288;8111;8148;7.05;0.43;263.79;5.71;888;49;2806.00;37
7224;48;625609511;7224;292;8111;8148;7.06;0.43;263.77;5.71;887;49;2807.00;37
7226;48;625609522;7226;303;8151;8218;7.06;0.43;263.76;5.68;925;49;2808.00;67
7227;48;625609539;7227;295;8151;8219;7.05;0.43;263.76;5.68;924;49;2809.00;68
7230;48;625609558;7230;282;8157;8219;7.08;0.43;263.73;5.71;927;49;2810.00;62
7231;48;625609570;7231;267;8160;8219;7.13;0.43;263.74;5.71;929;49;2811.00;59
7233;48;625609581;7233;251;8164;8219;7.22;0.44;263.73;5.71;931;49;2812.00;55
7234;49;625609593;7234;246;8168;8219;7.32;0.45;263.73;5.71;934;50;2813.00;51
7235;49;625609617;7235;240;8171;8219;7.44;0.45;263.72;5.71;936;50;2814.00;48
7235;49;625609629;7235;241;8173;8219;7.50;0.46;263.72;5.71;938;50;2815.00;46
7238;49;625609647;7238;236;8177;8220;7.54;0.46;263.72;5.71;939;50;2816.00;43
7240;49;625609658;7240;238;8179;8221;7.56;0.46;263.71;5.71;939;50;2817.00;42
7240;49;625609670;7240;237;8180;8221;7.56;0.46;263.71;5.71;940;50;2818.00;41
7242;49;625609681;7242;235;8183;8225;7.50;0.46;263.69;5.71;941;50;2819.00;42
7245;49;625609695;7245;229;8183;8225;7.46;0.45;263.68;5.71;938;50;2820.00;42
7249;49;625609706;7249;224;8183;8225;7.42;0.45;263.66;5.71;934;50;2821.00;42
7250;49;625609717;7250;217;8183;8225;7.41;0.45;263.66;5.71;933;50;2822.00;42
7252;49;625609729;7252;214;8186;8231;7.39;0.45;263.77;5.71;934;50;2823.00;45
7253;50;625609742;7253;218;8187;8231;7.40;0.45;263.76;5.71;934;51;2824.00;44
7257;50;625609765;7257;217;8190;8231;7.35;0.45;263.82;5.76;933;51;2825.00;41
7260;50;625609784;7260;215;8192;8234;7.37;0.45;263.87;5.76;932;51;2826.00;42
7264;50;625609795;7264;222;8192;8234;7.38;0.45;263.84;5.76;928;51;2827.00;42
7273;50;625609806;7273;222;8193;8234;7.35;0.45;263.86;5.76;920;51;2828.00;41
7273;50;625609819;7273;221;8193;8235;7.39;0.45;263.86;5.76;920;51;2829.00;42
7274;50;625609831;7274;206;8196;8236;7.43;0.45;263.85;5.84;922;51;2830.00;40
7277;50;625609843;7277;203;8196;8236;7.45;0.45;263.83;5.84;919;51;2831.00;40
7279;50;625609854;7279;210;8207;8249;7.48;0.46;263.83;5.87;928;51;2832.00;42
7281;50;625609866;7281;206;8207;8249;7.52;0.46;263.87;5.87;926;51;2833.00;42
7284;50;625609877;7284;207;8207;8249;7.57;0.46;263.85;5.87;923;51;2834.00;42
7289;50;625609889;7289;208;8210;8251;7.66;0.47;263.85;5.90;921;51;2835.00;41
7290;50;625609902;7290;203;8210;8251;7.73;0.47;263.88;5.90;920;51;2836.00;41
7293;50;625609917;7293;203;8213;8255;7.83;0.48;263.89;5.90;920;51;2837.00;42
7295;50;625609934;7295;200;8216;8255;7.89;0.48;263.91;5.94;921;51;2838.00;39
7297;50;625609947;7297;203;8219;8259;7.91;0.48;264.00;5.94;922;51;2839.00;40
7299;50;625609960;7299;205;8220;8259;7.94;0.48;264.05;5.94;921;51;2840.00;39
7301;50;625609973;7301;202;8220;8259;7.95;0.48;264.12;5.94;919;51;2841.00;39
7304;50;625609987;7304;203;8220;8259;7.95;0.48;264.11;5.94;916;51;2842.00;39
7307;50;625610000;7307;203;8220;8259;7.97;0.48;264.12;5.94;913;51;2843.00;39
7309;50;625610012;7309;205;8230;8271;8.02;0.49;264.09;5.93;921;51;2844.00;41
7311;50;625610025;7311;206;8231;8271;8.01;0.49;264.17;5.93;920;51;2845.00;40
7314;50;625610038;7314;211;8231;8271;8.03;0.49;264.25;5.93;917;51;2846.00;40
7315;50;625610051;7315;216;8231;8271;8.02;0.49;264.25;5.93;916;51;2847.00;40
7317;50;625610063;7317;220;8231;8271;8.05;0.49;264.30;5.93;914;51;2848.00;40
7322;50;625610076;7322;218;8232;8271;8.04;0.49;264.45;5.94;910;51;2849.00;39
7324;50;625610092;7324;220;8235;8274;7.99;0.48;264.45;5.95;911;51;2850.00;39
7326;50;625610106;7326;214;8235;8274;7.92;0.48;264.51;5.95;909;51;2851.00;39
7329;50;625610119;7329;215;8240;8280;8.01;0.49;264.66;5.96;911;51;2852.00;40
7330;50;625610133;7330;217;8243;8281;8.05;0.49;264.66;5.98;913;51;2853.00;38
7334;50;625610146;7334;224;8243;8281;8.08;0.49;264.75;5.98;909;51;2854.00;38
7336;50;625610159;7336;223;8244;8281;8.12;0.49;264.73;5.99;908;51;2855.00;37
7340;50;625610171;7340;221;8248;8285;8.15;0.50;264.76;6.00;908;51;2856.00;37
7342;50;625610184;7342;225;8248;8285;8.12;0.49;264.84;6.00;906;51;2857.00;37
7346;50;625610197;7346;223;8248;8285;8.12;0.49;264.90;6.00;902;51;2858.00;37
7347;50;625610210;7347;223;8251;8286;8.15;0.50;264.94;6.03;904;51;2859.00;35
7351;50;625610222;7351;226;8256;8290;8.13;0.50;264.96;6.05;905;51;2860.00;34
7354;50;625610235;7354;230;8256;8290;8.13;0.50;265.08;6.05;902;51;2861.00;34
7355;50;625610247;7355;231;8260;8293;8.16;0.50;265.06;6.07;905;51;2862.00;33
7359;50;625610268;7359;234;8264;8293;8.12;0.50;265.17;6.09;905;51;2863.00;29
7364;50;625610283;7364;232;8266;8295;8.04;0.49;265.38;6.10;902;51;2864.00;29
7367;50;625610296;7367;232;8269;8295;8.00;0.49;265.38;6.12;902;51;2865.00;26
7371;50;625610308;7371;231;8272;8299;7.99;0.49;265.52;6.11;901;51;2866.00;27
7373;50;625610321;7373;229;8275;8299;7.91;0.48;265.62;6.13;902;51;2867.00;24
7378;50;625610332;7378;231;8275;8299;7.86;0.48;265.68;6.13;897;51;2868.00;24
7381;50;625610344;7381;231;8277;8299;7.84;0.48;265.76;6.14;896;51;2869.00;22
7382;50;625610355;7382;224;8277;8300;7.81;0.48;265.81;6.14;895;51;2870.00;23
7384;50;625610366;7384;223;8279;8301;7.79;0.48;265.85;6.14;895;51;2871.00;22
7387;50;625610377;7387;211;8280;8301;7.76;0.47;265.91;6.15;893;51;2872.00;21
7394;50;625610388;7394;208;8281;8302;7.74;0.47;265.89;6.15;887;51;2873.00;21
7396;50;625610399;7396;210;8282;8302;7.66;0.47;265.99;6.15;886;51;2874.00;20
7399;50;625610410;7399;215;8283;8302;7.62;0.47;266.06;6.16;884;51;2875.00;19
7400;50;625610420;7400;219;8284;8302;7.65;0.47;266.07;6.16;884;51;2876.00;18
7403;50;625610431;7403;219;8284;8302;7.67;0.47;266.15;6.16;881;51;2877.00;18
7408;50;625610442;7408;227;8285;8302;7.67;0.47;266.25;6.17;877;51;2878.00;17
7409;50;625610452;7409;228;8285;8302;7.66;0.47;266.27;6.17;876;51;2879.00;17
7412;50;625610464;7412;264;8388;8532;7.71;0.48;266.30;6.10;976;51;2880.00;144
7415;50;625610493;7415;257;8390;8533;7.67;0.48;266.32;6.10;975;51;2881.00;143
7418;50;625610505;7418;246;8399;8533;7.65;0.48;266.39;6.10;981;51;2882.00;134
7425;50;625610516;7425;244;8407;8533;7.57;0.47;266.48;6.10;982;51;2883.00;126
7429;50;625610530;7429;243;8417;8533;7.55;0.47;266.54;6.10;988;51;2884.00;116
7432;50;625610542;7432;247;8423;8533;7.58;0.47;266.53;6.10;991;51;2885.00;110
7434;50;625610559;7434;246;8429;8533;7.54;0.47;266.55;6.10;995;51;2886.00;104
7438;50;625610570;7438;248;8435;8533;7.49;0.47;266.53;6.10;997;51;2887.00;98
7441;50;625610581;7441;260;8439;8534;7.44;0.46;266.48;6.10;998;51;2888.00;95
7445;50;625610593;7445;270;8445;8535;7.37;0.46;266.51;6.10;1000;51;2889.00;90
7449;50;625610604;7449;256;8450;8535;7.22;0.45;266.55;6.10;1001;51;2890.00;85
7456;50;625610616;7456;262;8454;8536;7.07;0.44;266.66;6.11;998;51;2891.00;82
7459;50;625610628;7459;265;8458;8536;6.98;0.43;266.74;6.11;999;51;2892.00;78
7465;50;625610640;7465;271;8461;8536;6.85;0.42;266.77;6.11;996;51;2893.00;75
7470;50;625610653;7470;275;8465;8536;6.75;0.42;266.91;6.11;995;51;2894.00;71
7473;50;625610665;7473;287;8472;8540;6.67;0.41;266.99;6.12;999;51;2895.00;68
7475;50;625610677;7475;298;8473;8540;6.55;0.40;267.05;6.12;998;51;2896.00;67
7478;50;625610689;7478;288;8477;8540;6.47;0.40;267.12;6.13;999;51;2897.00;63
7485;50;625610701;7485;290;8480;8543;6.43;0.40;267.24;6.13;995;51;2898.00;63
7487;50;625610713;7487;292;8483;8543;6.49;0.40;267.22;6.13;996;51;2899.00;60
7488;50;625610726;7488;282;8484;8543;6.53;0.40;267.24;6.13;996;51;2900.00;59
7495;50;625610742;7495;286;8490;8547;6.58;0.40;267.36;6.14;995;51;2901.00;57
7497;50;625610755;7497;286;8494;8548;6.67;0.41;267.36;6.14;997;51;2902.00;54
7500;50;625610767;7500;281;8494;8548;6.72;0.41;267.40;6.14;994;51;2903.00;54
7503;50;625610780;7503;279;8498;8552;6.79;0.42;267.40;6.14;995;51;2904.00;54
7507;50;625610793;7507;280;8504;8552;6.82;0.42;267.46;6.15;997;51;2905.00;48
7514;50;625610806;7514;282;8505;8552;6.83;0.42;267.47;6.16;991;51;2906.00;47
7515;50;625610818;7515;290;8507;8553;6.84;0.42;267.46;6.16;992;51;2907.00;46
7519;50;625610831;7519;294;8510;8553;6.78;0.41;267.42;6.16;991;51;2908.00;43
7524;50;625610844;7524;293;8514;8559;6.79;0.41;267.45;6.16;990;51;2909.00;45
7527;50;625610858;7527;295;8518;8559;6.74;0.41;267.46;6.17;991;51;2910.00;41
7532;50;625610871;7532;299;8521;8560;6.71;0.41;267.55;6.18;989;51;2911.00;39
7534;50;625610883;7534;313;8521;8560;6.71;0.41;267.61;6.18;987;51;2912.00;39
7535;50;625610895;7535;317;8522;8560;6.71;0.41;267.61;6.18;987;51;2913.00;38
7537;50;625610909;7537;324;8523;8560;6.66;0.41;267.61;6.18;986;51;2914.00;37
7544;50;625610930;7544;331;8523;8560;6.62;0.41;267.55;6.18;979;51;2915.00;37
7544;50;625610943;7544;340;8535;8572;6.70;0.41;267.55;6.18;991;51;2916.00;37
7548;50;625610957;7548;343;8535;8572;6.64;0.41;267.58;6.18;987;51;2917.00;37
7552;50;625610969;7552;349;8537;8572;6.56;0.40;267.68;6.18;985;51;2918.00;35
7559;50;625610982;7559;351;8537;8572;6.44;0.40;267.71;6.18;978;51;2919.00;35
7561;50;625610995;7561;359;8538;8572;6.41;0.39;267.73;6.23;977;51;2920.00;34
7567;50;625611007;7567;362;8538;8572;6.40;0.39;267.74;6.23;971;51;2921.00;34
7569;50;625611019;7569;369;8541;8576;6.44;0.40;267.75;6.23;972;51;2922.00;35
7570;50;625611032;7570;376;8541;8576;6.44;0.40;267.76;6.23;971;51;2923.00;35
7571;50;625611044;7571;378;8544;8580;6.53;0.40;267.77;6.22;973;51;2924.00;36
7574;50;625611056;7574;384;8547;8582;6.62;0.41;267.78;6.22;973;51;2925.00;35
7579;50;625611069;7579;384;8547;8582;6.60;0.41;267.77;6.22;968;51;2926.00;35
7580;50;625611081;7580;391;8547;8582;6.62;0.41;267.76;6.22;967;51;2927.00;35
7583;50;625611093;7583;395;8556;8595;6.69;0.41;267.74;6.22;973;51;2928.00;39
7585;50;625611111;7585;400;8556;8595;6.69;0.41;267.75;6.22;971;51;2929.00;39
7587;50;625611123;7587;401;8558;8595;6.65;0.41;267.81;6.25;971;51;2930.00;37
7595;50;625611136;7595;407;8559;8596;6.57;0.40;267.70;6.25;964;51;2931.00;37
7600;50;625611154;7600;411;8560;8597;6.53;0.40;267.66;6.29;960;51;2932.00;37
7604;50;625611168;7604;419;8560;8597;6.46;0.39;267.57;6.29;956;51;2933.00;37
7607;50;625611180;7607;424;8562;8600;6.40;0.39;267.49;6.29;955;51;2934.00;38
7610;50;625611192;7610;422;8563;8600;6.37;0.39;267.42;6.29;953;51;2935.00;37
7614;50;625611204;7614;430;8564;8600;6.27;0.38;267.43;6.32;950;51;2936.00;36
7616;50;625611215;7616;417;8564;8600;6.26;0.38;267.45;6.32;948;51;2937.00;36
7617;50;625611228;7617;414;8568;8606;6.30;0.38;267.45;6.32;951;51;2938.00;38
7619;50;625611241;7619;410;8568;8606;6.30;0.38;267.42;6.32;949;51;2939.00;38
7621;50;625611255;7621;408;8570;8606;6.25;0.38;267.37;6.36;949;51;2940.00;36
7622;50;625611267;7622;411;8570;8606;6.23;0.38;267.35;6.36;948;51;2941.00;36
7623;50;625611284;7623;415;8573;8610;6.25;0.38;267.32;6.35;950;51;2942.00;37
7624;50;625611305;7624;411;8574;8611;6.26;0.38;267.32;6.35;950;51;2943.00;37
7626;50;625611323;7626;412;8574;8611;6.26;0.38;267.27;6.35;948;51;2944.00;37
7628;50;625611340;7628;412;8575;8612;6.28;0.38;267.23;6.35;947;51;2945.00;37
7631;50;625611357;7631;403;8575;8612;6.30;0.38;267.23;6.35;944;51;2946.00;37
7632;50;625611376;7632;393;8575;8612;6.29;0.38;267.22;6.35;943;51;2947.00;37
7635;50;625611401;7635;378;8575;8612;6.28;0.38;267.23;6.35;940;51;2948.00;37
7636;50;625611424;7636;370;8575;8612;6.35;0.39;267.20;6.35;939;51;2949.00;37
7638;50;625611437;7638;363;8575;8612;6.40;0.39;267.16;6.35;937;51;2950.00;37
7639;50;625611449;7639;351;8575;8612;6.48;0.39;267.13;6.35;936;51;2951.00;37
7640;50;625611462;7640;362;8610;8682;6.66;0.41;267.13;6.33;970;51;2952.00;72
7640;50;625611483;7640;357;8610;8683;6.71;0.41;267.13;6.33;970;51;2953.00;73
7641;50;625611496;7641;354;8619;8683;6.86;0.42;267.12;6.36;978;51;2954.00;64
7643;50;625611509;7643;339;8621;8683;6.94;0.42;267.14;6.35;978;51;2955.00;62
7645;50;625611529;7645;338;8625;8683;7.05;0.43;267.13;6.35;980;51;2956.00;58
7645;50;625611542;7645;326;8629;8683;7.23;0.44;267.13;6.35;984;51;2957.00;54
7645;50;625611554;7645;313;8634;8683;7.38;0.45;267.13;6.35;989;51;2958.00;49
7646;50;625611568;7646;308;8635;8683;7.49;0.46;267.13;6.35;989;51;2959.00;48
7648;50;625611582;7648;301;8637;8684;7.57;0.46;267.15;6.35;989;51;2960.00;47
7650;50;625611596;7650;297;8638;8685;7.64;0.47;267.14;6.35;988;51;2961.00;47
7653;50;625611616;7653;296;8639;8685;7.70;0.47;267.15;6.35;986;51;2962.00;46
7653;50;625611632;7653;286;8642;8689;7.75;0.47;267.15;6.35;989;51;2963.00;47
7654;50;625611648;7654;281;8642;8689;7.81;0.48;267.14;6.35;988;51;2964.00;47
7656;50;625611671;7656;282;8642;8689;7.75;0.47;267.19;6.35;986;51;2965.00;47
7658;50;625611685;7658;287;8642;8689;7.74;0.47;267.18;6.35;984;51;2966.00;47
7660;50;625611705;7660;277;8645;8695;7.73;0.47;267.18;6.35;985;51;2967.00;50
7661;50;625611720;7661;282;8645;8695;7.67;0.47;267.18;6.35;984;51;2968.00;50
7662;50;625611733;7662;281;8647;8695;7.63;0.46;267.17;6.38;985;51;2969.00;48
7662;50;625611748;7662;284;8650;8701;7.60;0.46;267.17;6.38;988;51;2970.00;51
7663;50;625611762;7663;289;8651;8701;7.59;0.46;267.17;6.38;988;51;2971.00;50
7664;50;625611775;7664;293;8651;8701;7.56;0.46;267.18;6.38;987;51;2972.00;50
7666;50;625611788;7666;291;8652;8702;7.57;0.46;267.13;6.38;986;51;2973.00;50
7668;50;625611802;7668;298;8653;8703;7.60;0.46;267.12;6.37;985;51;2974.00;50
7669;50;625611816;7669;293;8654;8703;7.63;0.46;267.11;6.37;985;51;2975.00;49
7671;50;625611830;7671;292;8662;8716;7.62;0.46;267.23;6.37;991;51;2976.00;54
7672;50;625611844;7672;291;8664;8716;7.59;0.46;267.24;6.40;992;51;2977.00;52
7675;50;625611857;7675;294;8664;8716;7.52;0.46;267.25;6.40;989;51;2978.00;52
7676;50;625611870;7676;296;8665;8717;7.52;0.46;267.24;6.40;989;51;2979.00;52
7679;50;625611883;7679;293;8665;8717;7.52;0.46;267.34;6.40;986;51;2980.00;52
7681;50;625611897;7681;296;8667;8721;7.59;0.46;267.35;6.40;986;51;2981.00;54
7685;50;625611911;7685;286;8667;8721;7.55;0.46;267.41;6.40;982;51;2982.00;54
7688;50;625611924;7688;287;8671;8725;7.55;0.46;267.42;6.39;983;51;2983.00;54
7692;50;625611938;7692;293;8671;8725;7.58;0.46;267.45;6.39;979;51;2984.00;54
7696;50;625611951;7696;287;8671;8725;7.61;0.46;267.54;6.39;975;51;2985.00;54
7698;50;625611964;7698;288;8671;8725;7.62;0.46;267.51;6.39;973;51;2986.00;54
7702;50;625611978;7702;286;8671;8725;7.63;0.46;267.54;6.39;969;51;2987.00;54
7705;50;625611992;7705;287;8681;8737;7.63;0.46;267.53;6.39;976;51;2988.00;56
7707;50;625612005;7707;273;8683;8737;7.58;0.46;267.62;6.42;976;51;2989.00;54
7711;50;625612019;7711;277;8684;8737;7.54;0.46;267.69;6.42;973;51;2990.00;53
7717;50;625612032;7717;272;8684;8737;7.50;0.46;267.72;6.42;967;51;2991.00;53
7719;50;625612045;7719;270;8684;8737;7.46;0.45;267.69;6.42;965;51;2992.00;53
7723;50;625612057;7723;269;8685;8737;7.38;0.45;267.68;6.45;962;51;2993.00;52
7726;50;625612071;7726;257;8687;8738;7.36;0.45;267.65;6.46;961;51;2994.00;51
7727;50;625612084;7727;252;8690;8738;7.38;0.45;267.66;6.50;963;51;2995.00;48
7730;50;625612098;7730;244;8693;8744;7.44;0.45;267.65;6.50;963;51;2996.00;51
7734;50;625612110;7734;244;8695;8745;7.51;0.46;267.65;6.50;961;51;2997.00;50
7736;50;625612130;7736;233;8696;8745;7.60;0.46;267.67;6.51;960;51;2998.00;49
7740;50;625612143;7740;232;8696;8745;7.65;0.47;267.70;6.51;956;51;2999.00;49
7743;50;625612158;7743;238;8700;8765;7.63;0.46;267.71;6.51;957;51;3000.00;65
7747;50;625612177;7747;228;8701;8765;7.64;0.46;267.73;6.51;954;51;3001.00;64
7752;50;625612190;7752;223;8701;8765;7.67;0.47;267.70;6.51;949;51;3002.00;64
7755;50;625612204;7755;221;8702;8766;7.71;0.47;267.72;6.51;947;51;3003.00;64
7760;50;625612217;7760;212;8706;8770;7.70;0.47;267.78;6.52;946;51;3004.00;64
7763;50;625612230;7763;200;8706;8770;7.77;0.47;267.82;6.52;943;51;3005.00;64
7766;50;625612244;7766;201;8709;8773;7.84;0.47;267.81;6.52;943;51;3006.00;64
7768;50;625612257;7768;189;8713;8773;7.88;0.48;267.87;6.53;945;51;3007.00;60
7771;50;625612271;7771;196;8714;8773;7.94;0.48;267.90;6.55;943;51;3008.00;59
7773;50;625612285;7773;196;8716;8773;8.01;0.48;267.98;6.56;943;51;3009.00;57
7776;50;625612298;7776;190;8717;8777;8.11;0.49;267.99;6.56;941;51;3010.00;60
7777;50;625612311;7777;190;8720;8777;8.14;0.49;268.04;6.56;943;51;3011.00;57
7779;50;625612325;7779;190;8722;8777;8.15;0.49;268.03;6.56;943;51;3012.00;55
7783;50;625612338;7783;187;8723;8777;8.14;0.49;268.07;6.56;940;51;3013.00;54
7784;50;625612350;7784;184;8726;8778;8.16;0.49;268.12;6.57;942;51;3014.00;52
7787;50;625612363;7787;188;8728;8780;8.17;0.49;268.18;6.56;941;51;3015.00;52
7788;50;625612376;7788;175;8729;8780;8.19;0.50;268.19;6.56;941;51;3016.00;51
7793;50;625612388;7793;178;8731;8781;8.21;0.50;268.27;6.57;938;51;3017.00;50
7798;50;625612401;7798;174;8731;8781;8.27;0.50;268.30;6.57;933;51;3018.00;50
7800;50;625612415;7800;184;8732;8781;8.35;0.51;268.31;6.57;932;51;3019.00;49
7803;50;625612428;7803;185;8734;8781;8.44;0.51;268.37;6.59;931;51;3020.00;47
7805;50;625612441;7805;188;8734;8781;8.48;0.51;268.40;6.59;929;51;3021.00;47
7808;50;625612454;7808;190;8735;8781;8.54;0.52;268.47;6.59;927;51;3022.00;46
7811;50;625612467;7811;185;8737;8781;8.59;0.52;268.51;6.62;926;51;3023.00;44
7813;50;625612480;7813;215;8797;8908;8.57;0.53;268.56;6.57;984;51;3024.00;111
7817;50;625612502;7817;209;8801;8909;8.54;0.52;268.55;6.59;984;51;3025.00;108
7822;50;625612522;7822;199;8807;8909;8.62;0.53;268.58;6.59;985;51;3026.00;102
7824;50;625612535;7824;209;8811;8909;8.70;0.53;268.63;6.59;987;51;3027.00;98
7827;50;625612548;7827;210;8816;8909;8.74;0.54;268.72;6.61;989;51;3028.00;93
7829;50;625612562;7829;214;8823;8909;8.80;0.54;268.78;6.61;994;51;3029.00;86
7831;50;625612576;7831;210;8826;8909;8.77;0.54;268.80;6.63;995;51;3030.00;83
7833;50;625612589;7833;214;8833;8909;8.80;0.54;268.87;6.64;1000;51;3031.00;76
7837;50;625612602;7837;217;8837;8910;8.82;0.54;268.96;6.65;1000;51;3032.00;73
7839;50;625612615;7839;220;8841;8911;8.80;0.54;268.99;6.66;1002;51;3033.00;70
7843;50;625612629;7843;217;8847;8911;8.73;0.54;269.02;6.67;1004;51;3034.00;64
7847;50;625612642;7847;221;8851;8912;8.64;0.53;269.07;6.68;1004;51;3035.00;61
7849;50;625612655;7849;226;8854;8912;8.54;0.52;269.07;6.69;1005;51;3036.00;58
7851;50;625612667;7851;230;8860;8912;8.45;0.52;269.07;6.71;1009;51;3037.00;52
7856;50;625612680;7856;234;8864;8912;8.32;0.51;269.06;6.71;1008;51;3038.00;48
7860;50;625612694;7860;241;8870;8916;8.26;0.51;269.06;6.73;1010;51;3039.00;46
7862;50;625612708;7862;244;8873;8916;8.21;0.50;269.11;6.73;1011;51;3040.00;43
7865;50;625612721;7865;246;8875;8916;8.20;0.50;269.25;6.74;1010;51;3041.00;41
7867;50;625612734;7867;247;8878;8919;8.19;0.50;269.24;6.75;1011;51;3042.00;41
7872;50;625612752;7872;248;8881;8919;8.13;0.50;269.27;6.75;1009;51;3043.00;38
7875;50;625612766;7875;256;8883;8919;8.06;0.49;269.29;6.76;1008;51;3044.00;36
7879;50;625612780;7879;262;8887;8923;7.99;0.49;269.29;6.76;1008;51;3045.00;36
7881;50;625612793;7881;265;8890;8924;7.86;0.48;269.31;6.77;1009;51;3046.00;34
7884;50;625612806;7884;274;8890;8924;7.73;0.48;269.38;6.77;1006;51;3047.00;34
7889;50;625612818;7889;279;8893;8928;7.64;0.47;269.30;6.76;1004;51;3048.00;35
7892;50;625612831;7892;282;8895;8928;7.49;0.46;269.35;6.77;1003;51;3049.00;33
7894;50;625612844;7894;288;8895;8928;7.38;0.45;269.35;6.77;1001;51;3050.00;33
7898;50;625612855;7898;292;8896;8929;7.32;0.45;269.30;6.77;998;51;3051.00;33
7902;50;625612867;7902;295;8896;8929;7.27;0.44;269.37;6.77;994;51;3052.00;33
7906;50;625612879;7906;303;8903;8935;7.20;0.44;269.37;6.78;997;51;3053.00;32
7911;50;625612892;7911;305;8903;8935;7.08;0.43;269.35;6.78;992;51;3054.00;32
7914;50;625612904;7914;311;8907;8936;6.97;0.43;269.35;6.79;993;51;3055.00;29
7920;50;625612916;7920;318;8908;8936;6.85;0.42;269.48;6.79;988;51;3056.00;28
7922;50;625612927;7922;325;8909;8936;6.69;0.41;269.45;6.80;987;51;3057.00;27
7925;50;625612938;7925;326;8911;8936;6.51;0.40;269.47;6.80;986;51;3058.00;25
7928;50;625612949;7928;333;8911;8936;6.36;0.39;269.50;6.80;983;51;3059.00;25
7930;50;625612961;7930;325;8935;8972;6.41;0.40;269.56;6.79;1005;51;3060.00;37
7933;50;625612982;7933;315;8936;8972;6.36;0.39;269.65;6.79;1003;51;3061.00;36
7935;50;625612994;7935;324;8940;8972;6.26;0.39;269.72;6.79;1005;51;3062.00;32
7939;50;625613004;7939;327;8941;8972;6.16;0.38;269.82;6.79;1002;51;3063.00;31
7942;50;625613015;7942;339;8943;8972;6.14;0.38;269.85;6.79;1001;51;3064.00;29
7947;50;625613026;7947;341;8945;8972;6.08;0.38;269.92;6.79;998;51;3065.00;27
7950;50;625613043;7950;347;8948;8976;6.05;0.37;270.06;6.79;998;51;3066.00;28
7957;50;625613054;7957;350;8950;8976;5.99;0.37;270.05;6.79;993;51;3067.00;26
7960;50;625613066;7960;350;8954;8980;5.96;0.37;270.09;6.79;994;51;3068.00;26
7963;50;625613077;7963;345;8955;8981;5.97;0.37;270.21;6.79;992;51;3069.00;26
7966;50;625613089;7966;351;8955;8981;5.89;0.36;270.32;6.79;989;51;3070.00;26
7971;50;625613100;7971;357;8956;8981;5.79;0.36;270.38;6.79;985;51;3071.00;25
7975;51;625613111;7975;356;8967;8994;5.82;0.36;270.41;6.78;992;52;3072.00;27
7977;51;625613134;7977;364;8967;8994;5.85;0.36;270.46;6.78;990;52;3073.00;27
7979;51;625613146;7979;363;8967;8994;5.88;0.36;270.51;6.78;988;52;3074.00;27
7984;51;625613157;7984;356;8968;8995;5.90;0.36;270.54;6.78;984;52;3075.00;27
7988;51;625613168;7988;349;8968;8996;5.90;0.36;270.50;6.78;980;52;3076.00;28
7990;51;625613184;7990;351;8968;8996;5.91;0.36;270.53;6.78;978;52;3077.00;28
7994;51;625613195;7994;351;8970;8999;5.92;0.36;270.52;6.78;976;52;3078.00;29
7998;51;625613206;7998;347;8970;8999;5.91;0.36;270.45;6.78;972;52;3079.00;29
8000;51;625613218;8000;346;8971;8999;5.90;0.36;270.45;6.78;971;52;3080.00;28
8004;51;625613228;8004;349;8971;8999;5.86;0.36;270.56;6.78;967;52;3081.00;28
8008;51;625613239;8008;347;8975;9005;5.85;0.36;270.56;6.78;967;52;3082.00;30
8011;51;625613252;8011;349;8975;9005;5.87;0.36;270.59;6.78;964;52;3083.00;30
8016;51;625613263;8016;341;8976;9005;5.84;0.36;270.62;6.78;960;52;3084.00;29
8020;51;625613274;8020;347;8976;9005;5.84;0.36;270.59;6.78;956;52;3085.00;29
8025;51;625613290;8025;352;8979;9009;5.84;0.36;270.56;6.78;954;52;3086.00;30
8030;51;625613308;8030;353;8980;9010;5.82;0.36;270.55;6.78;950;52;3087.00;30
8038;51;625613325;8038;360;8980;9010;5.77;0.35;270.70;6.78;942;52;3088.00;30
8042;51;625613343;8042;365;8981;9011;5.76;0.35;270.66;6.77;939;52;3089.00;30
8047;51;625613362;8047;370;8981;9011;5.74;0.35;270.69;6.77;934;52;3090.00;30
8051;51;625613378;8051;380;8981;9011;5.73;0.35;270.62;6.77;930;52;3091.00;30
8057;51;625613395;8057;386;8981;9011;5.72;0.35;270.60;6.77;924;52;3092.00;30
8060;51;625613407;8060;385;8981;9011;5.75;0.35;270.60;6.77;921;52;3093.00;30
8063;51;625613419;8063;388;8981;9011;5.77;0.35;270.59;6.77;918;52;3094.00;30
8068;51;625613431;8068;391;8981;9011;5.80;0.35;270.56;6.77;913;52;3095.00;30
8071;51;625613442;8071;404;9019;9081;6.00;0.37;270.54;6.75;948;52;3096.00;62
8075;51;625613461;8075;396;9020;9082;6.00;0.37;270.49;6.75;945;52;3097.00;62
8077;51;625613473;8077;389;9028;9082;6.07;0.37;270.51;6.77;951;52;3098.00;54
8080;51;625613486;8080;391;9031;9082;6.08;0.37;270.49;6.76;951;52;3099.00;51
8081;51;625613498;8081;392;9035;9082;6.18;0.38;270.50;6.76;954;52;3100.00;47
8082;51;625613516;8082;399;9039;9082;6.24;0.38;270.52;6.76;957;52;3101.00;43
8083;51;625613527;8083;408;9043;9082;6.27;0.38;270.49;6.76;960;52;3102.00;39
8084;51;625613538;8084;413;9045;9082;6.27;0.38;270.50;6.76;961;52;3103.00;37
8088;51;625613549;8088;424;9048;9083;6.24;0.38;270.50;6.76;960;52;3104.00;35
8089;51;625613563;8089;426;9050;9085;6.17;0.38;270.53;6.76;961;52;3105.00;35
8091;51;625613575;8091;431;9051;9085;6.10;0.37;270.51;6.76;960;52;3106.00;34
8094;51;625613586;8094;413;9054;9089;6.09;0.37;270.52;6.76;960;52;3107.00;35
8097;51;625613599;8097;399;9054;9089;6.09;0.37;270.48;6.76;957;52;3108.00;35
8098;51;625613612;8098;388;9054;9089;6.14;0.38;270.51;6.76;956;52;3109.00;35
8099;51;625613624;8099;378;9054;9089;6.24;0.38;270.50;6.76;955;52;3110.00;35
8102;51;625613636;8102;370;9058;9095;6.34;0.39;270.54;6.76;956;52;3111.00;37
8104;51;625613650;8104;362;9058;9095;6.43;0.39;270.63;6.76;954;52;3112.00;37
8106;51;625613663;8106;357;9059;9095;6.59;0.40;270.62;6.76;953;52;3113.00;36
8107;51;625613688;8107;353;9061;9098;6.71;0.41;270.62;6.75;954;52;3114.00;37
8109;51;625613701;8109;347;9062;9098;6.75;0.41;270.60;6.75;953;52;3115.00;36
8109;51;625613714;8109;330;9062;9098;6.85;0.42;270.60;6.75;953;52;3116.00;36
8109;51;625613727;8109;313;9062;9099;7.00;0.43;270.60;6.75;953;52;3117.00;37
8112;51;625613741;8112;293;9063;9100;7.12;0.43;270.56;6.75;951;52;3118.00;37
8113;51;625613753;8113;276;9063;9100;7.24;0.44;270.53;6.75;950;52;3119.00;37
8115;51;625613769;8115;279;9083;9126;7.49;0.46;270.52;6.74;968;52;3120.00;43
8115;51;625613785;8115;268;9083;9126;7.65;0.47;270.52;6.74;968;52;3121.00;43
8117;51;625613800;8117;261;9084;9126;7.82;0.47;270.52;6.74;967;52;3122.00;42
8117;51;625613815;8117;256;9086;9127;7.96;0.48;270.52;6.74;969;52;3123.00;41
8117;51;625613836;8117;256;9086;9127;8.04;0.49;270.52;6.74;969;52;3124.00;41
8119;51;625613849;8119;252;9089;9131;8.17;0.50;270.52;6.73;970;52;3125.00;42
8120;51;625613865;8120;256;9089;9131;8.25;0.50;270.49;6.73;969;52;3126.00;42
8120;51;625613879;8120;251;9093;9135;8.24;0.50;270.49;6.73;973;52;3127.00;42
8123;51;625613894;8123;247;9093;9135;8.21;0.50;270.54;6.73;970;52;3128.00;42
8129;51;625613908;8129;242;9093;9135;8.14;0.49;270.58;6.73;964;53;3129.00;42
8132;51;625613932;8132;248;9093;9135;8.13;0.49;270.60;6.73;961;53;3130.00;42
8135;51;625613946;8135;252;9093;9135;8.17;0.50;270.57;6.73;958;53;3131.00;42
8138;51;625613959;8138;258;9103;9147;8.19;0.50;270.65;6.72;965;53;3132.00;44
8142;51;625613975;8142;260;9103;9147;8.21;0.50;270.70;6.72;961;53;3133.00;44
8143;51;625613989;8143;257;9104;9147;8.21;0.50;270.69;6.72;961;53;3134.00;43
8149;51;625614003;8149;265;9104;9147;8.19;0.50;270.79;6.72;955;53;3135.00;43
8153;51;625614017;8153;265;9104;9147;8.28;0.50;270.91;6.72;951;53;3136.00;43
8157;51;625614033;8157;268;9104;9147;8.26;0.50;270.91;6.72;947;53;3137.00;43
8160;51;625614048;8160;267;9104;9148;8.28;0.50;271.00;6.72;944;53;3138.00;44
8163;51;625614061;8163;264;9104;9148;8.31;0.50;271.01;6.72;941;53;3139.00;44
8164;51;625614076;8164;260;9108;9154;8.33;0.50;271.07;6.72;944;53;3140.00;46
8167;51;625614095;8167;261;9109;9155;8.25;0.50;271.10;6.72;942;53;3141.00;46
8168;51;625614109;8168;263;9110;9155;8.21;0.50;271.14;6.72;942;53;3142.00;45
8169;51;625614122;8169;269;9110;9155;8.15;0.49;271.18;6.72;941;53;3143.00;45
8173;51;625614135;8173;269;9113;9159;8.08;0.49;271.30;6.72;940;53;3144.00;46
8176;51;625614150;8176;273;9113;9159;8.06;0.49;271.29;6.72;937;53;3145.00;46
8180;51;625614163;8180;277;9113;9159;7.99;0.49;271.38;6.72;933;53;3146.00;46
8184;51;625614176;8184;278;9114;9160;7.95;0.48;271.46;6.72;930;53;3147.00;46
8184;51;625614189;8184;277;9117;9164;7.95;0.48;271.46;6.72;933;53;3148.00;47
8189;51;625614202;8189;282;9117;9164;7.89;0.48;271.49;6.72;928;53;3149.00;47
8190;51;625614217;8190;278;9120;9170;7.92;0.48;271.49;6.71;930;53;3150.00;50
8195;51;625614230;8195;279;9120;9170;7.87;0.48;271.66;6.71;925;53;3151.00;50
8195;51;625614244;8195;276;9121;9170;7.92;0.48;271.66;6.71;926;53;3152.00;49
8198;51;625614257;8198;272;9121;9170;7.93;0.48;271.74;6.71;923;53;3153.00;49
8201;51;625614271;8201;265;9124;9174;7.98;0.49;271.83;6.71;923;53;3154.00;50
8204;51;625614286;8204;263;9124;9174;8.00;0.49;271.82;6.71;920;53;3155.00;50
8212;51;625614299;8212;255;9125;9174;7.96;0.48;271.93;6.71;913;53;3156.00;49
8215;51;625614313;8215;254;9125;9174;7.94;0.48;271.95;6.71;910;53;3157.00;49
8220;51;625614325;8220;251;9127;9175;7.95;0.48;272.08;6.74;907;53;3158.00;48
8223;51;625614338;8223;247;9128;9176;7.97;0.48;272.06;6.74;905;53;3159.00;48
8229;51;625614350;8229;244;9129;9176;7.93;0.48;272.13;6.74;900;53;3160.00;47
8231;51;625614361;8231;234;9130;9177;7.92;0.48;272.16;6.74;899;53;3161.00;47
8234;51;625614373;8234;228;9130;9177;7.91;0.48;272.18;6.74;896;53;3162.00;47
8238;51;625614385;8238;224;9130;9177;7.85;0.48;272.22;6.74;892;53;3163.00;47
8241;51;625614396;8241;215;9131;9177;7.83;0.47;272.21;6.75;890;53;3164.00;46
8241;51;625614409;8241;206;9131;9177;7.86;0.48;272.21;6.75;890;53;3165.00;46
8246;51;625614420;8246;201;9132;9177;7.86;0.48;272.26;6.76;886;53;3166.00;45
8248;51;625614432;8248;197;9132;9177;7.87;0.48;272.30;6.76;884;53;3167.00;45
8251;51;625614443;8251;224;9199;9304;7.91;0.49;272.29;6.72;948;53;3168.00;105
8255;51;625614466;8255;203;9201;9305;7.90;0.48;272.39;6.71;946;53;3169.00;104
8258;51;625614478;8258;185;9211;9305;8.01;0.49;272.35;6.71;953;53;3170.00;94
8261;51;625614490;8261;184;9212;9305;8.06;0.49;272.37;6.71;951;53;3171.00;93
8266;51;625614502;8266;178;9216;9305;8.17;0.50;272.39;6.71;950;53;3172.00;89
8269;51;625614514;8269;177;9220;9305;8.27;0.51;272.37;6.71;951;53;3173.00;85
8273;51;625614527;8273;178;9226;9305;8.36;0.51;272.42;6.71;953;53;3174.00;79
8277;51;625614540;8277;178;9230;9305;8.44;0.51;272.44;6.71;953;53;3175.00;75
8278;51;625614552;8278;174;9234;9306;8.56;0.52;272.42;6.71;956;53;3176.00;72
8281;51;625614564;8281;175;9236;9307;8.62;0.52;272.42;6.71;955;53;3177.00;71
8285;51;625614577;8285;179;9237;9307;8.67;0.53;272.41;6.71;952;53;3178.00;70
8286;51;625614590;8286;184;9240;9308;8.68;0.53;272.40;6.71;954;53;3179.00;68
8288;51;625614604;8288;178;9244;9308;8.69;0.53;272.38;6.71;956;53;3180.00;64
8291;51;625614617;8291;181;9245;9308;8.63;0.53;272.42;6.71;954;53;3181.00;63
8294;51;625614634;8294;186;9247;9308;8.60;0.52;272.54;6.71;953;53;3182.00;61
8296;51;625614648;8296;194;9250;9312;8.55;0.52;272.59;6.71;954;53;3183.00;62
8299;51;625614660;8299;201;9252;9312;8.53;0.52;272.58;6.71;953;53;3184.00;60
8303;51;625614672;8303;206;9253;9312;8.45;0.51;272.57;6.72;950;53;3185.00;59
8305;51;625614685;8305;205;9256;9315;8.45;0.51;272.61;6.71;951;53;3186.00;59
8308;51;625614699;8308;208;9258;9315;8.48;0.52;272.65;6.73;950;53;3187.00;57
8309;52;625614711;8309;219;9259;9315;8.50;0.52;272.65;6.73;950;54;3188.00;56
8312;52;625614743;8312;218;9263;9319;8.48;0.52;272.69;6.74;951;54;3189.00;56
8316;52;625614756;8316;234;9266;9320;8.47;0.52;272.76;6.75;950;54;3190.00;54
8318;52;625614769;8318;234;9268;9322;8.46;0.51;272.78;6.75;950;54;3191.00;54
8321;52;625614782;8321;235;9272;9326;8.45;0.51;272.84;6.76;951;54;3192.00;54
8325;52;625614795;8325;237;9273;9326;8.39;0.51;272.93;6.77;948;54;3193.00;53
8328;52;625614808;8328;242;9273;9326;8.41;0.51;272.99;6.77;945;54;3194.00;53
8329;52;625614822;8329;243;9277;9328;8.44;0.51;273.03;6.79;948;54;3195.00;51
8332;52;625614840;8332;248;9278;9328;8.44;0.51;273.08;6.81;946;54;3196.00;50
8334;52;625614857;8334;248;9282;9334;8.45;0.51;273.11;6.80;948;54;3197.00;52
8339;52;625614871;8339;254;9283;9334;8.31;0.51;273.15;6.81;944;54;3198.00;51
8339;52;625614884;8339;260;9285;9335;8.25;0.50;273.15;6.82;946;54;3199.00;50
8341;52;625614896;8341;272;9286;9335;8.15;0.50;273.21;6.83;945;54;3200.00;49
8342;52;625614912;8342;272;9287;9335;8.07;0.49;273.23;6.84;945;54;3201.00;48
8347;52;625614923;8347;274;9289;9335;8.03;0.49;273.24;6.86;942;54;3202.00;46
8349;52;625614936;8349;270;9290;9335;8.01;0.49;273.27;6.87;941;54;3203.00;45
8351;52;625614948;8351;276;9299;9347;8.00;0.49;273.33;6.86;948;54;3204.00;48
8352;52;625614960;8352;276;9299;9347;7.98;0.49;273.32;6.86;947;54;3205.00;48
8354;52;625614972;8354;277;9304;9347;7.94;0.48;273.31;6.89;950;54;3206.00;43
8357;52;625614983;8357;279;9305;9347;7.87;0.48;273.35;6.90;948;54;3207.00;42
8359;52;625614995;8359;289;9306;9347;7.77;0.47;273.38;6.91;947;54;3208.00;41
8362;52;625615011;8362;285;9307;9347;7.70;0.47;273.43;6.91;945;54;3209.00;40
8364;52;625615024;8364;289;9311;9351;7.66;0.47;273.39;6.92;947;54;3210.00;40
8367;52;625615035;8367;287;9312;9351;7.63;0.47;273.42;6.92;945;54;3211.00;39
8369;52;625615046;8369;291;9315;9355;7.71;0.47;273.45;6.92;946;54;3212.00;40
8370;52;625615057;8370;286;9317;9356;7.74;0.47;273.45;6.93;947;54;3213.00;39
8372;52;625615069;8372;287;9319;9356;7.73;0.47;273.48;6.93;947;54;3214.00;37
8373;52;625615080;8373;291;9321;9356;7.69;0.47;273.45;6.95;948;54;3215.00;35
8376;52;625615091;8376;291;9332;9369;7.68;0.47;273.50;6.94;956;54;3216.00;37
8379;52;625615104;8379;292;9334;9369;7.61;0.46;273.45;6.95;955;54;3217.00;35
8380;52;625615114;8380;302;9334;9369;7.59;0.46;273.44;6.95;954;54;3218.00;35
8383;52;625615125;8383;303;9335;9370;7.54;0.46;273.43;6.95;952;54;3219.00;35
8385;52;625615141;8385;305;9337;9371;7.42;0.45;273.44;6.96;952;54;3220.00;34
8388;52;625615152;8388;309;9339;9371;7.33;0.45;273.41;6.97;951;54;3221.00;32
8393;52;625615163;8393;308;9342;9374;7.21;0.44;273.52;6.97;949;54;3222.00;32
8396;52;625615174;8396;314;9343;9374;7.10;0.43;273.48;6.97;947;54;3223.00;31
8397;52;625615184;8397;318;9344;9374;7.01;0.43;273.49;6.97;947;54;3224.00;30
8404;52;625615195;8404;322;9345;9374;6.82;0.42;273.47;6.97;941;54;3225.00;29
8408;52;625615206;8408;331;9350;9380;6.75;0.41;273.49;6.97;942;54;3226.00;30
8410;52;625615217;8410;343;9351;9380;6.62;0.40;273.47;6.97;941;54;3227.00;29
8412;52;625615229;8412;351;9353;9380;6.50;0.40;273.52;6.98;941;54;3228.00;27
8413;52;625615238;8413;352;9353;9380;6.37;0.39;273.54;6.98;940;54;3229.00;27
8414;52;625615248;8414;339;9357;9384;6.31;0.39;273.55;6.97;943;54;3230.00;27
8415;52;625615259;8415;332;9359;9385;6.28;0.39;273.57;6.98;944;54;3231.00;26
8416;52;625615270;8416;337;9359;9385;6.26;0.39;273.59;6.98;943;54;3232.00;26
8420;52;625615280;8420;338;9360;9386;6.24;0.38;273.59;6.98;940;54;3233.00;26
8426;52;625615295;8426;342;9360;9386;6.14;0.38;273.53;6.98;934;54;3234.00;26
8430;52;625615315;8430;350;9360;9386;6.09;0.37;273.57;6.98;930;54;3235.00;26
8433;52;625615336;8433;348;9360;9386;6.05;0.37;273.53;6.98;927;54;3236.00;26
8438;52;625615351;8438;352;9364;9386;5.96;0.37;273.54;6.98;926;54;3237.00;22
8443;52;625615368;8443;354;9364;9386;5.94;0.37;273.57;6.98;921;54;3238.00;22
8444;52;625615384;8444;353;9364;9386;5.98;0.37;273.55;6.98;920;54;3239.00;22
8447;52;625615399;8447;345;9417;9511;6.37;0.40;273.59;6.94;970;54;3240.00;94
8450;52;625615421;8450;344;9421;9512;6.34;0.39;273.57;6.94;971;54;3241.00;91
8452;52;625615434;8452;349;9431;9512;6.39;0.40;273.56;6.93;979;54;3242.00;81
8454;52;625615445;8454;352;9438;9512;6.37;0.40;273.52;6.93;984;54;3243.00;74
8457;52;625615457;8457;354;9443;9512;6.37;0.39;273.50;6.93;986;54;3244.00;69
8459;52;625615469;8459;352;9444;9512;6.29;0.39;273.49;6.93;985;54;3245.00;68
8464;52;625615481;8464;354;9450;9512;6.27;0.39;273.56;6.93;986;54;3246.00;62
8467;52;625615494;8467;363;9450;9512;6.24;0.39;273.59;6.93;983;54;3247.00;62
8471;52;625615505;8471;367;9455;9513;6.20;0.38;273.55;6.93;984;54;3248.00;58
8477;52;625615517;8477;373;9459;9514;6.11;0.38;273.52;6.93;982;54;3249.00;55
8481;53;625615528;8481;378;9462;9514;6.09;0.38;273.54;6.93;981;55;3250.00;52
8484;53;625615551;8484;387;9468;9518;6.05;0.37;273.55;6.93;984;55;3251.00;50
8488;53;625615563;8488;394;9470;9518;5.97;0.37;273.51;6.93;982;55;3252.00;48
8491;53;625615575;8491;397;9471;9518;5.90;0.36;273.52;6.93;980;55;3253.00;47
8495;53;625615587;8495;403;9472;9518;5.84;0.36;273.50;6.93;977;55;3254.00;46
8497;53;625615599;8497;403;9476;9524;5.80;0.36;273.51;6.93;979;55;3255.00;48
8500;53;625615611;8500;403;9477;9524;5.82;0.36;273.51;6.93;977;55;3256.00;47
8505;53;625615622;8505;409;9478;9524;5.76;0.36;273.51;6.93;973;55;3257.00;46
8507;53;625615634;8507;412;9480;9527;5.73;0.36;273.58;6.93;973;55;3258.00;47
8510;53;625615646;8510;398;9481;9527;5.75;0.36;273.60;6.93;971;55;3259.00;46
8514;53;625615658;8514;393;9481;9527;5.69;0.35;273.57;6.93;967;55;3260.00;46
8518;53;625615671;8518;386;9482;9528;5.68;0.35;273.53;6.97;964;55;3261.00;46
8522;53;625615683;8522;375;9484;9529;5.70;0.35;273.50;6.97;962;55;3262.00;45
8525;53;625615695;8525;379;9484;9529;5.76;0.36;273.51;6.97;959;55;3263.00;45
8528;53;625615707;8528;369;9495;9542;5.90;0.37;273.53;6.96;967;55;3264.00;47
8532;53;625615721;8532;366;9495;9542;5.92;0.37;273.55;6.96;963;55;3265.00;47
8536;53;625615748;8536;367;9495;9542;5.94;0.37;273.54;6.96;959;55;3266.00;47
8541;53;625615761;8541;366;9496;9543;6.00;0.37;273.55;6.96;955;55;3267.00;47
8543;53;625615773;8543;361;9496;9543;6.02;0.37;273.55;6.96;953;55;3268.00;47
8544;53;625615786;8544;361;9499;9547;6.07;0.37;273.57;6.96;955;55;3269.00;48
8547;53;625615800;8547;360;9499;9547;6.11;0.38;273.66;6.96;952;55;3270.00;48
8550;53;625615813;8550;358;9503;9551;6.23;0.38;273.64;6.95;953;55;3271.00;48
8552;53;625615827;8552;359;9503;9551;6.28;0.39;273.59;6.95;951;55;3272.00;48
8556;53;625615838;8556;356;9503;9551;6.30;0.39;273.57;6.95;947;55;3273.00;48
8557;53;625615851;8557;359;9504;9551;6.34;0.39;273.54;6.99;947;55;3274.00;47
8559;53;625615864;8559;361;9504;9551;6.37;0.39;273.53;6.99;945;55;3275.00;47
8560;53;625615877;8560;366;9514;9563;6.56;0.40;273.52;6.99;954;55;3276.00;49
8563;53;625615891;8563;352;9514;9563;6.61;0.40;273.52;6.99;951;55;3277.00;49
8564;53;625615904;8564;343;9516;9563;6.69;0.41;273.51;7.03;952;55;3278.00;47
8565;53;625615917;8565;337;9516;9563;6.77;0.41;273.58;7.03;951;55;3279.00;47
8569;53;625615930;8569;338;9516;9563;6.81;0.42;273.59;7.03;947;55;3280.00;47
8573;53;625615944;8573;333;9516;9563;6.93;0.42;273.66;7.03;943;55;3281.00;47
8574;53;625615958;8574;333;9516;9564;7.02;0.43;273.65;7.03;942;55;3282.00;48
8576;53;625615972;8576;338;9517;9564;7.06;0.43;273.63;7.07;941;55;3283.00;47
8579;53;625615985;8579;343;9521;9570;7.07;0.43;273.62;7.07;942;55;3284.00;49
8580;53;625616005;8580;348;9523;9572;7.13;0.43;273.64;7.07;943;55;3285.00;49
8581;53;625616025;8581;327;9524;9572;7.19;0.44;273.64;7.07;943;55;3286.00;48
8584;53;625616039;8584;320;9525;9572;7.16;0.44;273.65;7.11;941;55;3287.00;47
8586;53;625616053;8586;318;9528;9576;7.25;0.44;273.74;7.10;942;55;3288.00;48
8589;53;625616067;8589;311;9528;9576;7.31;0.45;273.81;7.10;939;55;3289.00;48
8590;53;625616081;8590;309;9528;9576;7.44;0.45;273.86;7.10;938;55;3290.00;48
8594;53;625616095;8594;304;9529;9577;7.56;0.46;273.89;7.10;935;55;3291.00;48
8596;53;625616109;8596;304;9532;9581;7.66;0.47;273.90;7.10;936;55;3292.00;49
8602;53;625616123;8602;308;9533;9581;7.72;0.47;273.95;7.14;931;55;3293.00;48
8606;53;625616137;8606;309;9535;9584;7.81;0.47;273.97;7.14;929;55;3294.00;49
8608;53;625616152;8608;311;9535;9584;7.83;0.47;274.04;7.14;927;55;3295.00;49
8609;53;625616165;8609;311;9536;9584;7.82;0.47;274.01;7.14;927;55;3296.00;48
8614;53;625616179;8614;307;9536;9584;7.77;0.47;274.06;7.14;922;55;3297.00;48
8615;53;625616192;8615;307;9539;9588;7.81;0.47;274.10;7.14;924;55;3298.00;49
8618;53;625616206;8618;309;9539;9588;7.80;0.47;274.10;7.14;921;55;3299.00;49
8620;53;625616221;8620;308;9543;9607;7.79;0.47;274.12;7.14;923;55;3300.00;64
8622;53;625616241;8622;304;9545;9607;7.78;0.47;274.12;7.18;923;55;3301.00;62
8626;53;625616255;8626;300;9545;9608;7.78;0.47;274.18;7.18;919;55;3302.00;63
8628;53;625616271;8628;289;9546;9609;7.77;0.47;274.25;7.18;918;55;3303.00;63
8630;53;625616285;8630;284;9546;9609;7.76;0.47;274.28;7.18;916;55;3304.00;63
8631;53;625616305;8631;288;9547;9610;7.75;0.47;274.32;7.18;916;55;3305.00;63
8634;53;625616318;8634;293;9548;9610;7.73;0.47;274.41;7.18;914;55;3306.00;62
8637;53;625616331;8637;291;9549;9610;7.69;0.47;274.46;7.18;912;55;3307.00;61
8641;53;625616343;8641;295;9549;9610;7.61;0.46;274.52;7.18;908;55;3308.00;61
8643;53;625616355;8643;296;9549;9610;7.58;0.46;274.60;7.18;906;55;3309.00;61
8645;53;625616367;8645;304;9549;9610;7.59;0.46;274.66;7.18;904;55;3310.00;61
8648;53;625616379;8648;301;9549;9610;7.58;0.46;274.68;7.18;901;55;3311.00;61
8650;53;625616391;8650;326;9617;9737;7.59;0.47;274.76;7.13;967;55;3312.00;120
8652;53;625616412;8652;321;9622;9738;7.57;0.47;274.74;7.13;970;55;3313.00;116
8654;53;625616424;8654;311;9624;9738;7.64;0.47;274.79;7.13;970;55;3314.00;114
8656;53;625616436;8656;314;9625;9738;7.65;0.47;274.79;7.13;969;55;3315.00;113
8659;53;625616448;8659;309;9627;9738;7.66;0.47;274.78;7.13;968;55;3316.00;111
8661;53;625616460;8661;306;9629;9738;7.67;0.47;274.86;7.13;968;55;3317.00;109
8663;53;625616478;8663;308;9633;9738;7.71;0.48;274.84;7.13;970;55;3318.00;105
8667;53;625616496;8667;308;9635;9738;7.68;0.47;274.86;7.13;968;55;3319.00;103
8669;53;625616508;8669;306;9637;9739;7.63;0.47;274.92;7.13;968;55;3320.00;102
8670;53;625616521;8670;302;9639;9740;7.61;0.47;274.90;7.13;969;55;3321.00;101
8675;53;625616533;8675;300;9641;9740;7.58;0.46;274.88;7.13;966;55;3322.00;99
8679;53;625616545;8679;298;9642;9741;7.61;0.47;274.94;7.13;963;55;3323.00;99
8683;53;625616557;8683;296;9647;9741;7.54;0.46;274.90;7.13;964;55;3324.00;94
8684;53;625616570;8684;294;9648;9741;7.51;0.46;274.93;7.13;964;55;3325.00;93
8687;53;625616582;8687;292;9651;9741;7.53;0.46;274.94;7.14;964;55;3326.00;90
8690;53;625616594;8690;300;9654;9745;7.50;0.46;274.98;7.14;964;55;3327.00;91
8693;53;625616607;8693;298;9658;9745;7.49;0.46;274.99;7.19;965;55;3328.00;87
8694;53;625616619;8694;293;9661;9745;7.49;0.46;275.01;7.19;967;55;3329.00;84
8697;53;625616631;8697;294;9666;9751;7.44;0.45;275.06;7.19;969;55;3330.00;85
8700;53;625616644;8700;292;9667;9751;7.40;0.45;275.07;7.19;967;55;3331.00;84
8704;53;625616655;8704;288;9669;9751;7.37;0.45;275.05;7.24;965;55;3332.00;82
8707;53;625616667;8707;282;9675;9755;7.32;0.44;275.08;7.24;968;55;3333.00;80
8712;53;625616679;8712;276;9677;9756;7.26;0.44;275.06;7.29;965;55;3334.00;79
8716;53;625616690;8716;270;9680;9756;7.18;0.44;275.09;7.31;964;55;3335.00;76
8718;54;625616703;8718;267;9685;9760;7.17;0.44;275.09;7.36;967;56;3336.00;75
8721;54;625616722;8721;258;9685;9760;7.15;0.43;275.09;7.36;964;56;3337.00;75
8726;54;625616738;8726;249;9686;9760;7.14;0.43;275.14;7.36;960;56;3338.00;74
8728;54;625616751;8728;242;9687;9761;7.20;0.44;275.15;7.36;959;56;3339.00;74
8729;54;625616762;8729;244;9689;9761;7.24;0.44;275.17;7.40;960;56;3340.00;72
8732;54;625616774;8732;239;9692;9767;7.30;0.44;275.22;7.40;960;56;3341.00;75
8735;54;625616786;8735;233;9696;9767;7.36;0.45;275.25;7.44;961;56;3342.00;71
8738;54;625616798;8738;231;9697;9768;7.44;0.45;275.28;7.44;959;56;3343.00;71
8741;54;625616810;8741;215;9699;9768;7.50;0.46;275.30;7.44;958;56;3344.00;69
8742;54;625616822;8742;216;9699;9768;7.57;0.46;275.31;7.44;957;56;3345.00;69
8745;54;625616835;8745;214;9701;9768;7.60;0.46;275.27;7.48;956;56;3346.00;67
8748;54;625616847;8748;207;9702;9768;7.63;0.46;275.28;7.48;954;56;3347.00;66
8748;54;625616859;8748;208;9713;9780;7.69;0.47;275.28;7.47;965;56;3348.00;67
8752;54;625616872;8752;208;9717;9780;7.67;0.46;275.39;7.48;965;56;3349.00;63
8757;54;625616885;8757;212;9719;9780;7.59;0.46;275.42;7.48;962;56;3350.00;61
8759;54;625616897;8759;217;9722;9780;7.54;0.46;275.41;7.49;963;56;3351.00;58
8762;54;625616910;8762;222;9722;9780;7.47;0.45;275.48;7.49;960;56;3352.00;58
8767;54;625616922;8767;223;9722;9780;7.41;0.45;275.54;7.49;955;56;3353.00;58
8771;54;625616933;8771;227;9725;9784;7.35;0.45;275.58;7.49;954;56;3354.00;59
8774;54;625616946;8774;220;9726;9784;7.34;0.44;275.55;7.49;952;56;3355.00;58
8776;54;625616963;8776;229;9729;9788;7.34;0.44;275.58;7.48;953;56;3356.00;59
8778;54;625616976;8778;235;9731;9789;7.34;0.45;275.58;7.48;953;56;3357.00;58
8780;54;625616988;8780;238;9731;9789;7.34;0.44;275.58;7.48;951;56;3358.00;58
8782;54;625617000;8782;253;9733;9789;7.32;0.44;275.57;7.52;951;56;3359.00;56
8784;54;625617013;8784;264;9753;9818;7.27;0.44;275.58;7.52;969;56;3360.00;65
8784;54;625617028;8784;270;9754;9818;7.30;0.44;275.58;7.52;970;56;3361.00;64
8788;54;625617039;8788;272;9759;9818;7.29;0.44;275.62;7.54;971;56;3362.00;59
8791;54;625617052;8791;289;9762;9819;7.32;0.45;275.58;7.54;971;56;3363.00;57
8793;54;625617064;8793;288;9762;9820;7.29;0.44;275.58;7.54;969;56;3364.00;58
8794;54;625617077;8794;297;9764;9820;7.33;0.45;275.59;7.56;970;56;3365.00;56
8799;54;625617089;8799;302;9767;9823;7.32;0.45;275.59;7.56;968;56;3366.00;56
8802;54;625617102;8802;306;9767;9823;7.32;0.44;275.60;7.56;965;56;3367.00;56
8803;54;625617114;8803;312;9768;9823;7.31;0.44;275.60;7.57;965;56;3368.00;55
8805;54;625617126;8805;314;9769;9823;7.27;0.44;275.62;7.58;964;56;3369.00;54
8806;54;625617138;8806;318;9775;9829;7.24;0.44;275.62;7.60;969;56;3370.00;54
8807;54;625617155;8807;313;9776;9829;7.16;0.44;275.61;7.60;969;56;3371.00;53
8808;54;625617167;8808;324;9777;9829;7.10;0.43;275.72;7.61;969;56;3372.00;52
8809;54;625617179;8809;329;9779;9829;7.02;0.43;275.69;7.63;970;56;3373.00;50
8809;54;625617190;8809;339;9783;9833;6.96;0.43;275.69;7.64;974;56;3374.00;50
8811;54;625617202;8811;341;9786;9835;6.87;0.42;275.68;7.65;975;56;3375.00;49
8811;54;625617213;8811;344;9786;9835;6.80;0.42;275.68;7.65;975;56;3376.00;49
8814;54;625617224;8814;348;9787;9836;6.72;0.41;275.65;7.64;973;56;3377.00;49
8816;54;625617235;8816;352;9789;9836;6.60;0.41;275.61;7.66;973;56;3378.00;47
8817;54;625617246;8817;359;9789;9836;6.54;0.40;275.61;7.66;972;56;3379.00;47
8818;54;625617258;8818;360;9789;9836;6.51;0.40;275.60;7.66;971;56;3380.00;47
8820;54;625617269;8820;362;9789;9836;6.50;0.40;275.55;7.66;969;56;3381.00;47
8827;54;625617281;8827;363;9793;9836;6.43;0.39;275.47;7.69;966;56;3382.00;43
8829;54;625617297;8829;368;9793;9836;6.40;0.39;275.52;7.69;964;56;3383.00;43
8831;54;625617317;8831;374;9829;9906;6.62;0.41;275.52;7.66;998;56;3384.00;77
8833;54;625617343;8833;371;9831;9907;6.58;0.40;275.55;7.66;998;56;3385.00;76
8834;54;625617360;8834;372;9839;9907;6.61;0.40;275.53;7.65;1005;56;3386.00;68
8836;54;625617376;8836;371;9847;9907;6.59;0.40;275.48;7.65;1011;56;3387.00;60
8837;54;625617393;8837;375;9858;9907;6.63;0.40;275.48;7.69;1021;56;3388.00;49
8839;54;625617405;8839;379;9861;9907;6.62;0.41;275.43;7.69;1022;56;3389.00;46
8841;54;625617419;8841;382;9866;9907;6.60;0.40;275.43;7.70;1025;56;3390.00;41
8842;54;625617431;8842;388;9867;9907;6.55;0.40;275.41;7.70;1025;56;3391.00;40
8845;54;625617442;8845;391;9868;9908;6.49;0.40;275.34;7.70;1023;56;3392.00;40
8847;54;625617455;8847;392;9870;9909;6.38;0.39;275.34;7.71;1023;56;3393.00;39
8852;54;625617467;8852;393;9870;9909;6.24;0.38;275.42;7.71;1018;56;3394.00;39
8858;54;625617486;8858;398;9875;9913;6.06;0.37;275.39;7.71;1017;56;3395.00;38
8862;54;625617498;8862;404;9876;9913;5.87;0.36;275.37;7.72;1014;56;3396.00;37
8864;54;625617509;8864;412;9877;9913;5.73;0.35;275.34;7.72;1013;56;3397.00;36
8867;54;625617520;8867;422;9878;9913;5.57;0.34;275.36;7.72;1011;56;3398.00;35
8868;54;625617531;8868;434;9882;9919;5.51;0.34;275.34;7.72;1014;56;3399.00;37
8872;54;625617543;8872;430;9883;9919;5.37;0.33;275.38;7.72;1011;56;3400.00;36
8873;54;625617559;8873;422;9884;9919;5.28;0.32;275.40;7.72;1011;56;3401.00;35
8878;54;625617571;8878;422;9886;9922;5.18;0.32;275.37;7.72;1008;56;3402.00;36
8882;54;625617583;8882;417;9886;9922;5.12;0.31;275.33;7.72;1004;56;3403.00;36
8884;54;625617594;8884;430;9887;9922;5.11;0.31;275.32;7.73;1003;56;3404.00;35
8887;54;625617605;8887;433;9888;9923;5.04;0.31;275.28;7.73;1001;56;3405.00;35
8888;54;625617616;8888;446;9890;9924;5.03;0.31;275.31;7.73;1002;56;3406.00;34
8891;54;625617627;8891;449;9890;9924;5.00;0.31;275.32;7.73;999;56;3407.00;34
8891;54;625617638;8891;453;9901;9937;5.10;0.31;275.32;7.73;1010;56;3408.00;36
8894;54;625617651;8894;451;9901;9937;5.12;0.31;275.34;7.73;1007;56;3409.00;36
8896;54;625617662;8896;452;9902;9937;5.14;0.31;275.37;7.73;1006;56;3410.00;35
8897;54;625617673;8897;437;9903;9938;5.22;0.32;275.36;7.73;1006;56;3411.00;35
8899;54;625617685;8899;426;9904;9938;5.29;0.32;275.35;7.73;1005;56;3412.00;34
8902;54;625617696;8902;418;9906;9942;5.40;0.33;275.33;7.72;1004;56;3413.00;36
8904;54;625617709;8904;411;9906;9942;5.46;0.33;275.36;7.72;1002;56;3414.00;36
8909;54;625617721;8909;410;9910;9946;5.49;0.33;275.27;7.72;1001;56;3415.00;36
8910;55;625617733;8910;402;9910;9946;5.58;0.34;275.25;7.72;1000;57;3416.00;36
8913;56;625617757;8913;396;9911;9946;5.62;0.34;275.24;7.72;998;58;3417.00;35
8914;56;625617781;8914;385;9911;9946;5.69;0.35;275.33;7.72;997;58;3418.00;35
8920;56;625617794;8920;381;9911;9946;5.71;0.35;275.32;7.72;991;58;3419.00;35
8921;56;625617808;8921;376;9938;9980;5.96;0.36;275.34;7.70;1017;58;3420.00;42
8923;57;625617823;8923;363;9939;9980;6.05;0.37;275.32;7.70;1016;59;3421.00;41
8925;57;625617849;8925;361;9940;9980;6.14;0.37;275.33;7.70;1015;59;3422.00;40
8928;57;625617868;8928;358;9940;9980;6.18;0.38;275.33;7.70;1012;59;3423.00;40
8929;57;625617889;8929;353;9940;9980;6.30;0.39;275.32;7.70;1011;59;3424.00;40
8933;57;625617908;8933;352;9940;9980;6.36;0.39;275.32;7.70;1007;59;3425.00;40
8937;57;625617922;8937;353;9940;9981;6.41;0.39;275.42;7.70;1003;59;3426.00;41
8938;57;625617936;8938;354;9940;9981;6.49;0.40;275.41;7.70;1002;59;3427.00;41
8940;57;625617948;8940;356;9944;9987;6.56;0.40;275.43;7.70;1004;59;3428.00;43
8943;57;625617962;8943;353;9946;9988;6.62;0.41;275.41;7.70;1003;59;3429.00;42
8946;57;625617977;8946;355;9946;9988;6.66;0.41;275.47;7.70;1000;59;3430.00;42
8951;57;625617990;8951;359;9946;9988;6.69;0.41;275.47;7.70;995;59;3431.00;42
8954;57;625618010;8954;360;9949;9992;6.75;0.41;275.53;7.69;995;59;3432.00;43
8956;57;625618024;8956;365;9949;9992;6.75;0.41;275.56;7.69;993;59;3433.00;43
8960;57;625618038;8960;365;9949;9992;6.73;0.41;275.52;7.69;989;59;3434.00;43
8965;57;625618052;8965;360;9950;9993;6.73;0.41;275.58;7.69;985;59;3435.00;43
8967;57;625618066;8967;361;9953;9997;6.77;0.42;275.55;7.69;986;59;3436.00;44
8973;57;625618080;8973;361;9953;9997;6.73;0.41;275.63;7.69;980;59;3437.00;44
8974;57;625618094;8974;361;9955;10000;6.75;0.42;275.68;7.69;981;59;3438.00;45
8977;57;625618108;8977;360;9956;10000;6.76;0.42;275.65;7.69;979;59;3439.00;44
8981;57;625618122;8981;356;9956;10000;6.74;0.41;275.68;7.69;975;59;3440.00;44
8987;57;625618138;8987;354;9956;10000;6.73;0.41;275.86;7.69;969;59;3441.00;44
8991;57;625618152;8991;349;9959;10004;6.68;0.41;275.90;7.69;968;59;3442.00;45
8995;57;625618166;8995;351;9960;10004;6.60;0.40;275.90;7.72;965;59;3443.00;44
8998;57;625618179;8998;350;9961;10004;6.52;0.40;275.99;7.72;963;59;3444.00;43
9003;57;625618194;9003;353;9961;10004;6.41;0.39;275.98;7.72;958;59;3445.00;43
9008;57;625618207;9008;357;9961;10005;6.32;0.39;275.99;7.72;953;59;3446.00;44
9014;57;625618220;9014;345;9962;10006;6.28;0.38;276.02;7.72;948;59;3447.00;44
9015;57;625618234;9015;343;9962;10006;6.32;0.38;276.02;7.72;947;59;3448.00;44
9017;57;625618246;9017;342;9963;10007;6.35;0.39;276.07;7.72;946;59;3449.00;44
9020;57;625618262;9020;336;9963;10007;6.36;0.39;276.21;7.72;943;59;3450.00;44
9024;57;625618277;9024;326;9964;10007;6.42;0.39;276.28;7.76;940;59;3451.00;43
9025;57;625618296;9025;324;9964;10007;6.49;0.40;276.26;7.76;939;59;3452.00;43
9028;57;625618310;9028;319;9964;10007;6.59;0.40;276.28;7.76;936;59;3453.00;43
9032;57;625618323;9032;316;9964;10007;6.66;0.41;276.29;7.76;932;59;3454.00;43
9035;57;625618337;9035;311;9964;10007;6.79;0.41;276.33;7.76;929;59;3455.00;43
9038;57;625618362;9038;318;10035;10134;7.07;0.44;276.31;7.70;997;59;3456.00;99
9040;57;625618386;9040;294;10037;10135;7.16;0.44;276.36;7.70;997;59;3457.00;98
9041;57;625618400;9041;273;10044;10135;7.32;0.45;276.35;7.70;1003;59;3458.00;91
9042;57;625618413;9042;261;10047;10135;7.43;0.46;276.33;7.70;1005;59;3459.00;88
9047;57;625618426;9047;253;10052;10135;7.50;0.46;276.34;7.69;1005;59;3460.00;83
9051;57;625618440;9051;252;10054;10135;7.57;0.47;276.44;7.69;1003;59;3461.00;81
9052;57;625618455;9052;253;10059;10135;7.68;0.47;276.48;7.69;1007;59;3462.00;76
9054;57;625618468;9054;250;10061;10135;7.73;0.48;276.50;7.69;1007;59;3463.00;74
9055;57;625618482;9055;252;10064;10136;7.78;0.48;276.53;7.69;1009;59;3464.00;72
9061;57;625618496;9061;261;10069;10138;7.75;0.48;276.61;7.69;1008;59;3465.00;69
9064;57;625618515;9064;265;10072;10138;7.74;0.48;276.64;7.69;1008;59;3466.00;66
9066;57;625618530;9066;268;10075;10139;7.76;0.48;276.65;7.69;1009;59;3467.00;64
9068;57;625618543;9068;278;10076;10139;7.76;0.48;276.71;7.69;1008;59;3468.00;63
9071;57;625618557;9071;274;10078;10139;7.74;0.48;276.70;7.73;1007;59;3469.00;61
9072;57;625618571;9072;272;10079;10139;7.73;0.47;276.69;7.73;1007;59;3470.00;60
9073;57;625618585;9073;263;10083;10143;7.76;0.48;276.70;7.73;1010;59;3471.00;60
9075;57;625618599;9075;264;10084;10143;7.75;0.48;276.72;7.73;1009;59;3472.00;59
9078;57;625618612;9078;257;10085;10143;7.77;0.48;276.86;7.73;1007;59;3473.00;58
9079;57;625618626;9079;260;10088;10146;7.80;0.48;276.86;7.73;1009;59;3474.00;58
9082;57;625618640;9082;254;10089;10146;7.82;0.48;276.88;7.73;1007;59;3475.00;57
9084;58;625618653;9084;258;10090;10146;7.84;0.48;276.93;7.73;1006;60;3476.00;56
9085;58;625618682;9085;263;10094;10150;7.78;0.48;276.94;7.73;1009;60;3477.00;56
9089;58;625618696;9089;263;10095;10151;7.75;0.47;277.03;7.73;1006;60;3478.00;56
9093;58;625618710;9093;257;10096;10151;7.72;0.47;277.01;7.73;1003;60;3479.00;55
9098;58;625618725;9098;265;10100;10156;7.70;0.47;277.06;7.73;1002;60;3480.00;56
9101;58;625618739;9101;268;10101;10156;7.71;0.47;277.10;7.73;1000;60;3481.00;55
9105;58;625618751;9105;271;10101;10156;7.68;0.47;277.17;7.73;996;60;3482.00;55
9108;58;625618765;9108;276;10102;10157;7.63;0.46;277.20;7.72;994;60;3483.00;55
9111;58;625618779;9111;273;10102;10157;7.58;0.46;277.23;7.72;991;60;3484.00;55
9112;58;625618792;9112;284;10106;10163;7.54;0.46;277.31;7.72;994;60;3485.00;57
9113;58;625618806;9113;290;10106;10163;7.53;0.46;277.32;7.72;993;60;3486.00;57
9114;58;625618819;9114;288;10107;10164;7.54;0.46;277.32;7.72;993;60;3487.00;57
9115;58;625618833;9115;286;10107;10164;7.52;0.46;277.36;7.72;992;60;3488.00;57
9117;58;625618846;9117;287;10107;10164;7.45;0.45;277.37;7.72;990;60;3489.00;57
9121;58;625618859;9121;283;10107;10164;7.40;0.45;277.40;7.72;986;60;3490.00;57
9123;58;625618872;9123;270;10107;10164;7.36;0.45;277.39;7.72;984;60;3491.00;57
9124;58;625618885;9124;269;10117;10176;7.45;0.45;277.38;7.71;993;60;3492.00;59
9124;58;625618899;9124;261;10117;10176;7.55;0.46;277.38;7.71;993;60;3493.00;59
9129;58;625618911;9129;255;10118;10176;7.58;0.46;277.36;7.71;989;60;3494.00;58
9133;58;625618923;9133;252;10118;10176;7.56;0.46;277.41;7.71;985;60;3495.00;58
9136;58;625618936;9136;250;10118;10176;7.56;0.46;277.47;7.71;982;60;3496.00;58
9137;58;625618949;9137;243;10118;10176;7.55;0.46;277.45;7.71;981;60;3497.00;58
9140;58;625618961;9140;237;10121;10180;7.50;0.46;277.52;7.71;981;60;3498.00;59
9141;58;625618973;9141;240;10121;10180;7.54;0.46;277.51;7.71;980;60;3499.00;59
9145;58;625618986;9145;231;10124;10184;7.51;0.46;277.60;7.71;979;60;3500.00;60
9147;58;625619002;9147;229;10126;10185;7.54;0.46;277.59;7.71;979;60;3501.00;59
9151;58;625619014;9151;225;10126;10185;7.47;0.45;277.67;7.71;975;60;3502.00;59
9157;58;625619026;9157;223;10126;10185;7.40;0.45;277.72;7.71;969;60;3503.00;59
9159;58;625619037;9159;213;10136;10198;7.32;0.45;277.72;7.70;977;60;3504.00;62
9163;58;625619050;9163;210;10137;10198;7.20;0.44;277.75;7.71;974;60;3505.00;61
9165;58;625619062;9165;215;10138;10198;7.17;0.44;277.82;7.73;973;60;3506.00;60
9167;58;625619074;9167;217;10139;10199;7.18;0.44;277.85;7.73;972;60;3507.00;60
9172;58;625619085;9172;216;10139;10200;7.15;0.44;277.89;7.73;967;60;3508.00;61
9177;58;625619097;9177;212;10139;10200;7.11;0.43;277.90;7.73;962;60;3509.00;61
9180;58;625619110;9180;205;10142;10206;7.15;0.43;277.88;7.72;962;60;3510.00;64
9180;58;625619123;9180;205;10143;10206;7.18;0.44;277.88;7.72;963;60;3511.00;63
9186;58;625619134;9186;203;10144;10206;7.17;0.44;278.01;7.72;958;60;3512.00;62
9187;58;625619146;9187;203;10145;10206;7.18;0.44;278.02;7.77;958;60;3513.00;61
9189;59;625619157;9189;206;10149;10212;7.19;0.44;278.05;7.77;960;61;3514.00;63
9192;59;625619176;9192;208;10151;10212;7.14;0.43;278.11;7.84;959;61;3515.00;61
9194;59;625619187;9194;205;10152;10212;7.07;0.43;278.12;7.84;958;61;3516.00;60
9198;59;625619204;9198;198;10153;10212;7.06;0.43;278.15;7.84;955;61;3517.00;59
9202;59;625619216;9202;198;10157;10216;7.04;0.43;278.19;7.84;955;61;3518.00;59
9202;59;625619228;9202;202;10160;10219;7.02;0.43;278.19;7.87;958;61;3519.00;59
9203;59;625619243;9203;204;10161;10219;6.99;0.42;278.19;7.87;958;61;3520.00;58
9206;59;625619255;9206;220;10162;10220;6.97;0.42;278.22;7.87;956;61;3521.00;58
9209;59;625619266;9209;223;10163;10220;6.96;0.42;278.27;7.88;954;61;3522.00;57
9212;59;625619278;9212;230;10163;10220;6.95;0.42;278.26;7.88;951;61;3523.00;57
9216;59;625619293;9216;235;10163;10220;6.92;0.42;278.39;7.88;947;61;3524.00;57
9216;59;625619311;9216;239;10163;10220;6.98;0.42;278.39;7.88;947;61;3525.00;57
9219;59;625619328;9219;237;10164;10220;6.99;0.42;278.45;7.89;945;61;3526.00;56
9220;59;625619348;9220;244;10164;10220;7.04;0.43;278.43;7.89;944;61;3527.00;56
9225;59;625619365;9225;252;10201;10290;7.23;0.44;278.41;7.86;976;61;3528.00;89
9228;59;625619394;9228;253;10204;10291;7.21;0.44;278.43;7.86;976;61;3529.00;87
9229;59;625619409;9229;252;10211;10291;7.25;0.44;278.42;7.87;982;61;3530.00;80
9234;59;625619423;9234;253;10214;10291;7.21;0.44;278.34;7.87;980;61;3531.00;77
9236;59;625619437;9236;257;10219;10291;7.19;0.44;278.32;7.88;983;61;3532.00;72
9238;59;625619450;9238;263;10222;10291;7.12;0.43;278.29;7.90;984;61;3533.00;69
9241;59;625619463;9241;267;10228;10291;7.08;0.43;278.22;7.91;987;61;3534.00;63
9242;59;625619477;9242;271;10228;10291;6.98;0.42;278.21;7.91;986;61;3535.00;63
9243;59;625619491;9243;276;10233;10292;6.89;0.42;278.18;7.93;990;61;3536.00;59
9244;59;625619504;9244;287;10238;10293;6.89;0.42;278.16;7.93;994;61;3537.00;55
9245;60;625619516;9245;291;10240;10293;6.85;0.42;278.13;7.94;995;62;3538.00;53
9246;60;625619544;9246;285;10244;10297;6.80;0.41;278.13;7.95;998;62;3539.00;53
9248;60;625619559;9248;296;10244;10297;6.70;0.41;278.08;7.95;996;62;3540.00;53
9249;60;625619572;9249;302;10245;10297;6.62;0.40;278.06;7.96;996;62;3541.00;52
9250;60;625619585;9250;306;10247;10297;6.52;0.40;278.05;7.98;997;62;3542.00;50
9250;60;625619597;9250;313;10251;10303;6.47;0.40;278.05;7.98;1001;62;3543.00;52
9250;60;625619610;9250;323;10252;10303;6.35;0.39;278.05;7.99;1002;62;3544.00;51
9252;61;625619622;9252;326;10255;10303;6.23;0.38;278.05;8.01;1003;63;3545.00;48
9253;61;625619647;9253;329;10257;10306;6.22;0.38;278.03;8.01;1004;63;3546.00;49
9254;61;625619663;9254;337;10258;10306;6.14;0.38;278.03;8.01;1004;63;3547.00;48
9255;61;625619675;9255;347;10261;10306;6.05;0.37;278.01;8.04;1006;63;3548.00;45
9256;61;625619693;9256;349;10261;10307;5.97;0.37;277.99;8.04;1005;63;3549.00;46
9258;61;625619705;9258;353;10264;10308;5.88;0.36;277.97;8.05;1006;63;3550.00;44
9259;61;625619717;9259;358;10265;10308;5.80;0.36;277.97;8.06;1006;63;3551.00;43
9260;61;625619728;9260;364;10276;10321;5.80;0.36;277.94;8.05;1016;63;3552.00;45
9262;61;625619740;9262;362;10278;10321;5.76;0.35;277.92;8.07;1016;63;3553.00;43
9267;61;625619751;9267;366;10278;10321;5.75;0.35;277.82;8.07;1011;63;3554.00;43
9272;61;625619762;9272;365;10282;10323;5.72;0.35;277.78;8.08;1010;63;3555.00;41
9274;61;625619773;9274;370;10282;10323;5.73;0.35;277.73;8.08;1008;63;3556.00;41
9275;61;625619785;9275;366;10285;10327;5.74;0.35;277.71;8.08;1010;63;3557.00;42
9275;61;625619797;9275;371;10288;10327;5.71;0.35;277.71;8.09;1013;63;3558.00;39
9277;61;625619808;9277;380;10291;10331;5.68;0.35;277.69;8.09;1014;63;3559.00;40
9279;61;625619822;9279;380;10293;10331;5.62;0.34;277.68;8.10;1014;63;3560.00;38
9280;61;625619842;9280;376;10293;10331;5.54;0.34;277.65;8.10;1013;63;3561.00;38
9283;61;625619853;9283;381;10293;10331;5.43;0.33;277.69;8.10;1010;63;3562.00;38
9284;61;625619865;9284;375;10295;10331;5.38;0.33;277.67;8.11;1011;63;3563.00;36
9286;61;625619876;9286;358;10305;10343;5.42;0.33;277.65;8.10;1019;63;3564.00;38
9290;61;625619888;9290;357;10307;10343;5.38;0.33;277.65;8.11;1017;63;3565.00;36
9292;61;625619899;9292;353;10308;10343;5.38;0.33;277.63;8.11;1016;63;3566.00;35
9294;61;625619910;9294;343;10310;10343;5.33;0.32;277.63;8.12;1016;63;3567.00;33
9295;61;625619922;9295;345;10310;10343;5.30;0.32;277.63;8.12;1015;63;3568.00;33
9298;61;625619934;9298;345;10310;10343;5.27;0.32;277.65;8.12;1012;63;3569.00;33
9300;61;625619958;9300;338;10312;10344;5.22;0.32;277.64;8.12;1012;63;3570.00;32
9301;61;625619971;9301;337;10312;10344;5.24;0.32;277.63;8.12;1011;63;3571.00;32
9303;61;625619982;9303;321;10316;10350;5.28;0.32;277.60;8.12;1013;63;3572.00;34
9305;61;625619994;9305;326;10320;10351;5.31;0.32;277.62;8.12;1015;63;3573.00;31
9307;61;625620009;9307;325;10320;10351;5.34;0.33;277.64;8.12;1013;63;3574.00;31
9310;61;625620028;9310;322;10322;10351;5.36;0.33;277.70;8.13;1012;63;3575.00;29
9313;61;625620045;9313;325;10325;10355;5.46;0.33;277.69;8.13;1012;63;3576.00;30
9316;61;625620059;9316;320;10325;10355;5.53;0.34;277.67;8.13;1009;63;3577.00;30
9319;61;625620071;9319;321;10325;10355;5.59;0.34;277.70;8.13;1006;63;3578.00;30
9320;61;625620083;9320;323;10326;10356;5.71;0.35;277.70;8.13;1006;63;3579.00;30
9321;61;625620096;9321;327;10329;10360;5.82;0.36;277.73;8.12;1008;63;3580.00;31
9323;61;625620108;9323;319;10329;10360;5.90;0.36;277.75;8.12;1006;63;3581.00;31
9323;61;625620120;9323;311;10332;10363;5.96;0.36;277.75;8.15;1009;63;3582.00;31
9325;61;625620132;9325;307;10333;10363;6.01;0.37;277.76;8.15;1008;63;3583.00;30
9328;61;625620145;9328;307;10333;10363;6.09;0.37;277.82;8.15;1005;63;3584.00;30
9333;61;625620157;9333;297;10333;10363;6.13;0.38;277.84;8.15;1000;63;3585.00;30
9337;61;625620170;9337;291;10336;10367;6.26;0.38;277.86;8.15;999;63;3586.00;31
9341;61;625620183;9341;287;10336;10367;6.31;0.39;277.91;8.15;995;63;3587.00;31
9345;61;625620194;9345;286;10337;10367;6.38;0.39;277.97;8.15;992;63;3588.00;30
9349;61;625620206;9349;287;10337;10367;6.39;0.39;278.07;8.15;988;63;3589.00;30
9354;61;625620219;9354;284;10337;10368;6.42;0.39;278.11;8.15;983;63;3590.00;31
9358;61;625620232;9358;287;10338;10369;6.45;0.40;278.12;8.15;980;63;3591.00;31
9365;61;625620251;9365;285;10338;10369;6.46;0.40;278.11;8.15;973;63;3592.00;31
9370;61;625620265;9370;283;10339;10370;6.49;0.40;278.18;8.15;969;63;3593.00;31
9374;61;625620278;9374;276;10339;10370;6.49;0.40;278.16;8.15;965;63;3594.00;31
9378;61;625620292;9378;271;10339;10370;6.55;0.40;278.21;8.15;961;63;3595.00;31
9380;61;625620305;9380;258;10339;10370;6.64;0.41;278.23;8.15;959;63;3596.00;31
9388;61;625620317;9388;251;10339;10370;6.70;0.41;278.31;8.15;951;63;3597.00;31
9394;61;625620331;9394;245;10339;10370;6.72;0.41;278.32;8.15;945;63;3598.00;31
9399;61;625620345;9399;248;10340;10370;6.74;0.41;278.37;8.18;941;63;3599.00;30
9403;61;625620359;9403;288;10452;10623;7.00;0.44;278.40;8.10;1049;63;3600.00;171
9411;61;625620395;9411;281;10460;10624;7.00;0.44;278.40;8.09;1049;63;3601.00;164
9415;61;625620409;9415;269;10471;10624;7.11;0.45;278.41;8.08;1056;63;3602.00;153
9421;61;625620422;9421;265;10478;10624;7.10;0.44;278.46;8.08;1057;63;3603.00;146
9423;61;625620436;9423;266;10483;10624;7.16;0.45;278.50;8.08;1060;63;3604.00;141
9430;61;625620450;9430;271;10486;10624;7.13;0.45;278.53;8.08;1056;63;3605.00;138
9434;61;625620463;9434;270;10492;10624;7.12;0.44;278.60;8.08;1058;63;3606.00;132
9441;61;625620478;9441;272;10500;10624;7.12;0.44;278.69;8.08;1059;63;3607.00;124
9444;62;625620492;9444;274;10501;10625;7.14;0.44;278.79;8.08;1057;64;3608.00;124
9448;62;625620516;9448;281;10507;10626;7.20;0.45;278.76;8.08;1059;64;3609.00;119
9450;62;625620530;9450;292;10511;10626;7.26;0.45;278.82;8.08;1061;64;3610.00;115
9454;62;625620543;9454;294;10515;10627;7.26;0.45;278.82;8.08;1061;64;3611.00;112
9454;62;625620558;9454;302;10520;10627;7.28;0.45;278.82;8.08;1066;64;3612.00;107
9459;62;625620571;9459;310;10525;10627;7.24;0.45;278.81;8.08;1066;64;3613.00;102
9462;62;625620585;9462;310;10528;10627;7.21;0.45;278.88;8.08;1066;64;3614.00;99
9466;63;625620600;9466;316;10531;10631;7.16;0.44;278.88;8.08;1065;65;3615.00;100
9470;63;625620624;9470;319;10533;10631;7.09;0.44;278.96;8.12;1063;65;3616.00;98
9472;63;625620638;9472;306;10534;10631;7.06;0.43;279.00;8.12;1062;65;3617.00;97
9475;63;625620658;9475;308;10539;10634;7.08;0.44;279.00;8.12;1064;65;3618.00;95
9479;63;625620672;9479;304;10540;10634;7.08;0.44;279.09;8.12;1061;65;3619.00;94
9482;63;625620693;9482;300;10542;10634;7.13;0.44;279.11;8.13;1060;65;3620.00;92
9486;63;625620707;9486;307;10549;10638;7.14;0.44;279.19;8.13;1063;65;3621.00;89
9491;63;625620723;9491;311;10555;10639;7.15;0.44;279.24;8.17;1064;65;3622.00;84
9494;63;625620738;9494;305;10557;10639;7.19;0.44;279.31;8.17;1063;65;3623.00;82
9496;63;625620758;9496;308;10559;10643;7.22;0.44;279.36;8.17;1063;65;3624.00;84
9496;63;625620773;9496;315;10559;10643;7.26;0.45;279.36;8.17;1063;65;3625.00;84
9501;63;625620787;9501;307;10562;10643;7.20;0.44;279.38;8.17;1061;65;3626.00;81
9502;63;625620802;9502;303;10564;10644;7.22;0.44;279.42;8.17;1062;65;3627.00;80
9506;63;625620827;9506;296;10565;10644;7.20;0.44;279.43;8.18;1059;65;3628.00;79
9510;63;625620842;9510;288;10570;10650;7.25;0.44;279.52;8.21;1060;65;3629.00;80
9513;63;625620859;9513;287;10570;10650;7.31;0.44;279.53;8.21;1057;65;3630.00;80
9517;63;625620874;9517;286;10573;10651;7.33;0.45;279.55;8.25;1056;65;3631.00;78
9520;63;625620890;9520;290;10573;10651;7.36;0.45;279.65;8.25;1053;65;3632.00;78
9522;63;625620904;9522;290;10574;10651;7.31;0.44;279.65;8.29;1052;65;3633.00;77
9525;63;625620919;9525;290;10575;10651;7.26;0.44;279.77;8.29;1050;65;3634.00;76
9527;63;625620935;9527;289;10575;10651;7.23;0.44;279.80;8.29;1048;65;3635.00;76
9530;63;625620949;9530;294;10583;10663;7.21;0.44;279.79;8.28;1053;65;3636.00;80
9533;63;625620965;9533;293;10585;10663;7.14;0.43;279.83;8.29;1052;65;3637.00;78
9533;63;625620980;9533;289;10588;10663;7.13;0.43;279.83;8.32;1055;65;3638.00;75
9537;63;625620996;9537;282;10589;10663;7.09;0.43;279.86;8.32;1052;65;3639.00;74
9541;63;625621011;9541;277;10590;10663;7.06;0.43;279.87;8.32;1049;65;3640.00;73
9542;63;625621025;9542;279;10590;10663;7.04;0.43;279.85;8.32;1048;65;3641.00;73
9544;63;625621038;9544;274;10594;10667;6.99;0.42;279.87;8.32;1050;65;3642.00;73
9546;63;625621053;9546;278;10597;10667;6.95;0.42;279.86;8.36;1051;65;3643.00;70
9549;63;625621067;9549;278;10600;10671;6.91;0.42;279.86;8.36;1051;65;3644.00;71
9549;63;625621081;9549;280;10602;10673;6.97;0.42;279.86;8.36;1053;65;3645.00;71
9551;63;625621095;9551;285;10602;10673;6.97;0.42;279.87;8.36;1051;65;3646.00;71
9553;63;625621109;9553;278;10603;10673;6.99;0.42;279.92;8.36;1050;65;3647.00;70
9554;63;625621127;9554;283;10611;10686;7.08;0.43;279.90;8.35;1057;65;3648.00;75
9557;63;625621141;9557;294;10612;10686;7.09;0.43;279.92;8.35;1055;65;3649.00;74
9558;63;625621155;9558;295;10612;10686;7.12;0.43;279.92;8.35;1054;65;3650.00;74
9561;63;625621168;9561;291;10614;10687;7.14;0.43;280.10;8.39;1053;65;3651.00;73
9564;63;625621181;9564;288;10614;10688;7.10;0.43;280.10;8.39;1050;65;3652.00;74
9565;63;625621194;9565;290;10614;10688;7.04;0.43;280.15;8.39;1049;65;3653.00;74
9567;63;625621207;9567;297;10616;10691;6.99;0.43;280.24;8.39;1049;65;3654.00;75
9569;63;625621220;9569;296;10617;10691;6.88;0.42;280.30;8.42;1048;65;3655.00;74
9572;63;625621233;9572;303;10618;10691;6.80;0.41;280.33;8.42;1046;65;3656.00;73
9572;63;625621245;9572;302;10618;10691;6.79;0.41;280.33;8.42;1046;65;3657.00;73
9572;63;625621258;9572;304;10622;10697;6.82;0.42;280.33;8.42;1050;65;3658.00;75
9575;63;625621270;9575;312;10622;10697;6.82;0.42;280.30;8.42;1047;65;3659.00;75
9576;63;625621285;9576;305;10623;10697;6.82;0.41;280.29;8.42;1047;65;3660.00;74
9577;63;625621304;9577;300;10623;10697;6.83;0.42;280.28;8.42;1046;65;3661.00;74
9580;63;625621326;9580;297;10626;10701;6.77;0.41;280.25;8.42;1046;65;3662.00;75
9581;63;625621347;9581;300;10627;10702;6.74;0.41;280.23;8.42;1046;65;3663.00;75
9583;63;625621367;9583;296;10627;10702;6.74;0.41;280.21;8.42;1044;65;3664.00;75
9584;63;625621385;9584;294;10628;10703;6.72;0.41;280.24;8.42;1044;65;3665.00;75
9585;63;625621402;9585;292;10628;10703;6.64;0.40;280.29;8.42;1043;65;3666.00;75
9589;63;625621416;9589;293;10630;10703;6.61;0.40;280.26;8.46;1041;65;3667.00;73
9593;63;625621429;9593;294;10630;10703;6.56;0.40;280.28;8.46;1037;65;3668.00;73
9595;63;625621449;9595;286;10630;10703;6.46;0.39;280.32;8.46;1035;65;3669.00;73
9598;63;625621470;9598;286;10630;10703;6.33;0.39;280.40;8.46;1032;65;3670.00;73
9600;63;625621483;9600;281;10630;10703;6.25;0.38;280.39;8.46;1030;65;3671.00;73
9600;63;625621502;9600;280;10658;10773;6.32;0.39;280.39;8.44;1058;65;3672.00;115
9605;63;625621521;9605;279;10660;10774;6.27;0.38;280.49;8.44;1055;65;3673.00;114
9606;63;625621534;9606;264;10665;10774;6.29;0.38;280.48;8.48;1059;65;3674.00;109
9607;63;625621546;9607;264;10670;10774;6.31;0.39;280.55;8.50;1063;65;3675.00;104
9611;63;625621562;9611;252;10673;10774;6.33;0.39;280.56;8.50;1062;65;3676.00;101
9615;63;625621575;9615;252;10677;10774;6.38;0.39;280.53;8.53;1062;65;3677.00;97
9619;64;625621589;9619;251;10679;10774;6.45;0.39;280.53;8.53;1060;66;3678.00;95
9621;64;625621610;9621;245;10680;10774;6.49;0.40;280.52;8.53;1059;66;3679.00;94
9622;64;625621629;9622;242;10683;10775;6.48;0.40;280.50;8.57;1061;66;3680.00;92
9624;64;625621643;9624;245;10687;10776;6.55;0.40;280.47;8.57;1063;66;3681.00;89
9624;64;625621657;9624;236;10689;10776;6.59;0.40;280.47;8.59;1065;66;3682.00;87
9627;64;625621670;9627;231;10695;10780;6.60;0.40;280.48;8.59;1068;66;3683.00;85
9631;64;625621683;9631;232;10696;10780;6.52;0.40;280.49;8.62;1065;66;3684.00;84
9632;64;625621697;9632;232;10699;10780;6.50;0.40;280.47;8.62;1067;66;3685.00;81
9632;64;625621710;9632;239;10700;10780;6.46;0.39;280.47;8.63;1068;66;3686.00;80
9635;64;625621730;9635;250;10703;10786;6.42;0.39;280.42;8.63;1068;66;3687.00;83
9637;64;625621744;9637;246;10705;10786;6.42;0.39;280.39;8.66;1068;66;3688.00;81
9639;64;625621758;9639;251;10708;10786;6.37;0.39;280.36;8.66;1069;66;3689.00;78
9641;64;625621773;9641;261;10711;10792;6.38;0.39;280.39;8.66;1070;66;3690.00;81
9646;64;625621787;9646;259;10713;10792;6.28;0.38;280.38;8.67;1067;66;3691.00;79
9647;64;625621800;9647;261;10714;10792;6.22;0.38;280.37;8.67;1067;66;3692.00;78
9649;64;625621813;9649;263;10717;10793;6.17;0.37;280.33;8.68;1068;66;3693.00;76
9652;64;625621827;9652;261;10719;10794;6.13;0.37;280.29;8.68;1067;66;3694.00;75
9652;64;625621841;9652;262;10721;10794;6.13;0.37;280.29;8.68;1069;66;3695.00;73
9654;65;625621855;9654;267;10731;10807;6.16;0.37;280.25;8.68;1077;67;3696.00;76
9658;65;625621877;9658;274;10731;10807;6.06;0.37;280.26;8.68;1073;67;3697.00;76
9659;65;625621891;9659;280;10734;10807;6.02;0.37;280.24;8.69;1075;67;3698.00;73
9661;65;625621904;9661;285;10735;10808;5.98;0.36;280.24;8.69;1074;67;3699.00;73
9662;65;625621918;9662;284;10738;10808;5.99;0.36;280.22;8.71;1076;67;3700.00;70
9665;65;625621935;9665;289;10742;10812;5.93;0.36;280.29;8.72;1077;67;3701.00;70
9667;65;625621955;9667;297;10743;10812;5.93;0.36;280.24;8.72;1076;67;3702.00;69
9672;65;625621968;9672;297;10749;10816;5.89;0.36;280.13;8.75;1077;67;3703.00;67
9673;65;625621982;9673;305;10749;10816;5.90;0.36;280.14;8.75;1076;67;3704.00;67
9674;65;625621999;9674;306;10749;10816;5.87;0.36;280.17;8.75;1075;67;3705.00;67
9674;65;625622012;9674;310;10751;10816;5.89;0.36;280.17;8.77;1077;67;3706.00;65
9676;65;625622025;9676;316;10752;10816;5.86;0.36;280.12;8.78;1076;67;3707.00;64
9679;65;625622037;9679;322;10763;10828;5.92;0.36;280.09;8.79;1084;67;3708.00;65
9681;65;625622051;9681;331;10767;10828;5.88;0.36;280.07;8.81;1086;67;3709.00;61
9681;65;625622065;9681;331;10769;10828;5.81;0.35;280.07;8.83;1088;67;3710.00;59
9683;65;625622077;9683;333;10772;10828;5.74;0.35;280.07;8.85;1089;67;3711.00;56
9683;65;625622091;9683;334;10774;10828;5.75;0.35;280.07;8.86;1091;67;3712.00;54
9683;65;625622104;9683;345;10774;10828;5.78;0.35;280.07;8.86;1091;67;3713.00;54
9684;65;625622116;9684;357;10777;10829;5.77;0.35;280.05;8.88;1093;67;3714.00;52
9685;65;625622129;9685;349;10777;10829;5.77;0.35;280.03;8.88;1092;67;3715.00;52
9686;65;625622142;9686;350;10783;10835;5.86;0.36;280.02;8.88;1097;67;3716.00;52
9686;65;625622155;9686;349;10786;10836;5.93;0.36;280.02;8.89;1100;67;3717.00;50
9686;65;625622169;9686;345;10786;10836;5.98;0.37;280.02;8.89;1100;67;3718.00;50
9686;65;625622182;9686;337;10788;10836;6.01;0.37;280.02;8.91;1102;67;3719.00;48
9688;65;625622198;9688;330;10793;10841;6.05;0.37;279.98;8.92;1105;67;3720.00;48
9690;65;625622213;9690;328;10793;10841;6.03;0.37;279.99;8.92;1103;67;3721.00;48
9691;65;625622244;9691;322;10794;10841;6.05;0.37;279.99;8.93;1103;67;3722.00;47
9691;65;625622258;9691;318;10796;10842;6.10;0.37;279.99;8.94;1105;67;3723.00;46
9692;65;625622272;9692;314;10799;10846;6.16;0.38;279.98;8.93;1107;67;3724.00;47
9695;65;625622289;9695;310;10799;10846;6.22;0.38;279.96;8.93;1104;67;3725.00;47
9696;65;625622305;9696;311;10801;10849;6.31;0.38;280.04;8.93;1105;67;3726.00;48
9697;65;625622321;9697;310;10801;10849;6.33;0.39;280.02;8.93;1104;67;3727.00;48
9700;65;625622334;9700;311;10805;10849;6.35;0.39;280.00;8.96;1105;67;3728.00;44
9700;65;625622348;9700;310;10805;10849;6.34;0.39;280.00;8.96;1105;67;3729.00;44
9702;65;625622360;9702;315;10810;10853;6.30;0.38;279.96;8.97;1108;67;3730.00;43
9705;65;625622373;9705;317;10812;10853;6.25;0.38;279.96;8.98;1107;67;3731.00;41
9707;65;625622386;9707;325;10813;10853;6.12;0.37;280.00;8.99;1106;67;3732.00;40
9709;65;625622398;9709;325;10814;10853;6.01;0.37;279.99;8.99;1105;67;3733.00;39
9712;65;625622410;9712;326;10815;10854;5.90;0.36;279.99;9.00;1103;67;3734.00;39
9712;65;625622422;9712;334;10817;10856;5.91;0.36;279.99;9.00;1105;67;3735.00;39
9715;65;625622434;9715;337;10818;10856;5.81;0.35;280.02;9.00;1103;67;3736.00;38
9718;65;625622446;9718;347;10820;10857;5.75;0.35;280.04;9.01;1102;67;3737.00;37
9720;65;625622458;9720;359;10821;10857;5.67;0.35;280.02;9.01;1101;67;3738.00;36
9723;65;625622470;9723;368;10821;10857;5.55;0.34;280.03;9.01;1098;67;3739.00;36
9730;65;625622481;9730;361;10823;10857;5.43;0.33;280.17;9.02;1093;67;3740.00;34
9731;65;625622493;9731;365;10823;10857;5.38;0.33;280.17;9.02;1092;67;3741.00;34
9734;65;625622505;9734;362;10823;10857;5.36;0.33;280.21;9.02;1089;67;3742.00;34
9739;65;625622516;9739;363;10825;10857;5.35;0.33;280.28;9.03;1086;67;3743.00;32
9743;65;625622527;9743;377;10889;10984;5.71;0.36;280.33;8.98;1146;67;3744.00;95
9746;65;625622549;9746;379;10891;10985;5.71;0.35;280.36;8.98;1145;67;3745.00;94
9749;65;625622562;9749;373;10902;10985;5.83;0.36;280.39;8.97;1153;67;3746.00;83
9753;65;625622574;9753;370;10907;10985;5.91;0.37;280.49;8.97;1154;67;3747.00;78
9755;65;625622586;9755;374;10917;10985;5.99;0.37;280.53;8.97;1162;67;3748.00;68
9759;65;625622599;9759;370;10920;10985;6.03;0.37;280.67;8.97;1161;67;3749.00;65
9761;65;625622613;9761;370;10927;10990;6.07;0.38;280.67;8.97;1166;67;3750.00;63
9767;65;625622627;9767;374;10930;10990;6.02;0.37;280.78;8.97;1163;67;3751.00;60
9771;65;625622640;9771;371;10936;10991;6.08;0.37;280.78;8.97;1165;67;3752.00;55
9775;65;625622654;9775;364;10937;10992;6.13;0.38;280.85;8.97;1162;67;3753.00;55
9777;65;625622669;9777;365;10940;10992;6.24;0.38;280.91;8.97;1163;67;3754.00;52
9782;65;625622682;9782;368;10942;10993;6.26;0.39;281.03;8.97;1160;67;3755.00;51
9787;65;625622696;9787;368;10943;10993;6.29;0.39;281.06;8.97;1156;67;3756.00;50
9792;65;625622710;9792;366;10945;10993;6.32;0.39;281.09;8.97;1153;67;3757.00;48
9795;65;625622723;9795;370;10946;10993;6.36;0.39;281.14;8.97;1151;67;3758.00;47
9797;65;625622742;9797;374;10950;10997;6.42;0.39;281.13;8.97;1153;67;3759.00;47
9802;65;625622756;9802;367;10952;10997;6.39;0.39;281.20;8.97;1150;67;3760.00;45
9805;65;625622771;9805;368;10952;10997;6.35;0.39;281.23;8.97;1147;67;3761.00;45
9808;65;625622785;9808;363;10955;11000;6.37;0.39;281.26;8.97;1147;67;3762.00;45
9811;65;625622799;9811;352;10955;11000;6.43;0.40;281.30;8.97;1144;67;3763.00;45
9816;65;625622813;9816;358;10956;11000;6.46;0.40;281.32;8.97;1140;67;3764.00;44
9818;65;625622827;9818;355;10959;11004;6.53;0.40;281.35;8.97;1141;67;3765.00;45
9822;65;625622841;9822;359;10960;11005;6.61;0.41;281.43;8.96;1138;67;3766.00;45
9823;65;625622856;9823;355;10960;11005;6.68;0.41;281.44;8.96;1137;67;3767.00;45
9828;65;625622870;9828;362;10962;11009;6.71;0.41;281.39;8.96;1134;67;3768.00;47
9832;65;625622885;9832;353;10963;11009;6.68;0.41;281.39;8.96;1131;67;3769.00;46
9837;65;625622899;9837;362;10964;11009;6.68;0.41;281.45;8.96;1127;67;3770.00;45
9843;65;625622914;9843;364;10965;11010;6.71;0.41;281.58;8.96;1122;67;3771.00;45
9849;65;625622929;9849;365;10967;11010;6.69;0.41;281.59;8.96;1118;67;3772.00;43
9852;65;625622943;9852;369;10970;11016;6.73;0.41;281.64;8.96;1118;67;3773.00;46
9859;65;625622958;9859;370;10972;11016;6.74;0.41;281.69;8.96;1113;67;3774.00;44
9863;65;625622972;9863;370;10973;11017;6.77;0.41;281.67;8.99;1110;67;3775.00;44
9868;65;625622987;9868;377;10974;11017;6.77;0.41;281.78;8.99;1106;67;3776.00;43
9873;65;625623001;9873;378;10974;11017;6.79;0.42;281.80;8.99;1101;67;3777.00;43
9880;65;625623015;9880;378;10974;11017;6.80;0.42;281.81;8.99;1094;67;3778.00;43
9883;65;625623030;9883;378;10974;11017;6.80;0.42;281.81;8.99;1091;67;3779.00;43
9887;65;625623045;9887;374;10998;11053;6.92;0.42;281.82;8.97;1111;67;3780.00;55
9892;65;625623068;9892;376;11000;11053;6.88;0.42;281.91;8.97;1108;67;3781.00;53
9898;65;625623082;9898;369;11001;11053;6.87;0.42;281.89;8.97;1103;67;3782.00;52
9901;65;625623097;9901;372;11001;11053;6.86;0.42;282.01;8.97;1100;67;3783.00;52
9904;65;625623110;9904;382;11002;11053;6.85;0.42;282.01;8.97;1098;67;3784.00;51
9911;65;625623125;9911;378;11002;11053;6.76;0.42;282.18;8.97;1091;67;3785.00;51
9918;65;625623139;9918;379;11006;11057;6.67;0.41;282.15;8.97;1088;67;3786.00;51
9922;65;625623153;9922;374;11006;11057;6.59;0.40;282.25;8.97;1084;67;3787.00;51
9927;65;625623167;9927;370;11009;11061;6.55;0.40;282.25;8.97;1082;67;3788.00;52
9931;65;625623182;9931;376;11010;11062;6.50;0.40;282.29;8.96;1079;67;3789.00;52
9933;65;625623196;9933;375;11011;11062;6.48;0.40;282.33;8.96;1078;67;3790.00;51
9938;65;625623210;9938;384;11012;11062;6.43;0.39;282.44;8.96;1074;67;3791.00;50
9943;65;625623224;9943;387;11021;11075;6.49;0.40;282.46;8.96;1078;67;3792.00;54
9945;65;625623239;9945;387;11023;11075;6.57;0.40;282.56;8.96;1078;67;3793.00;52
9948;65;625623259;9948;396;11023;11075;6.58;0.40;282.61;8.96;1075;67;3794.00;52
9950;65;625623274;9950;392;11025;11076;6.55;0.40;282.69;8.95;1075;67;3795.00;51
9952;65;625623288;9952;374;11025;11077;6.55;0.40;282.72;8.95;1073;67;3796.00;52
9953;65;625623307;9953;363;11025;11077;6.56;0.40;282.76;8.95;1072;67;3797.00;52
9956;65;625623346;9956;352;11028;11080;6.58;0.40;282.78;8.95;1072;67;3798.00;52
9958;65;625623368;9958;337;11028;11080;6.61;0.40;282.80;8.95;1070;67;3799.00;52
9962;65;625623391;9962;333;11028;11080;6.65;0.41;282.81;8.95;1066;67;3800.00;52
9965;65;625623419;9965;324;11028;11080;6.68;0.41;282.88;8.95;1063;67;3801.00;52
9968;65;625623436;9968;315;11032;11086;6.72;0.41;282.84;8.95;1064;67;3802.00;54
9972;65;625623453;9972;305;11032;11086;6.72;0.41;282.99;8.95;1060;67;3803.00;54
9976;65;625623469;9976;306;11033;11086;6.72;0.41;283.05;8.95;1057;67;3804.00;53
9980;65;625623485;9980;307;11033;11086;6.72;0.41;283.12;8.95;1053;67;3805.00;53
9984;65;625623500;9984;307;11036;11090;6.66;0.41;283.20;8.95;1052;67;3806.00;54
9986;65;625623515;9986;295;11037;11091;6.72;0.41;283.22;8.95;1051;67;3807.00;54
9988;65;625623530;9988;285;11037;11091;6.73;0.41;283.26;8.95;1049;67;3808.00;54
9993;65;625623545;9993;281;11038;11092;6.69;0.41;283.37;8.95;1045;67;3809.00;54
9995;65;625623562;9995;274;11038;11092;6.69;0.41;283.34;8.95;1043;67;3810.00;54
9997;65;625623577;9997;267;11038;11092;6.73;0.41;283.39;8.95;1041;67;3811.00;54
10001;65;625623591;10001;260;11038;11092;6.77;0.41;283.35;8.95;1037;67;3812.00;54
10005;65;625623605;10005;258;11038;11092;6.83;0.42;283.37;8.95;1033;67;3813.00;54
10007;65;625623621;10007;254;11038;11092;6.89;0.42;283.39;8.95;1031;67;3814.00;54
10011;65;625623634;10011;263;11038;11092;6.90;0.42;283.38;8.95;1027;67;3815.00;54
10017;65;625623648;10017;273;11076;11162;6.89;0.42;283.38;8.91;1059;67;3816.00;86
10021;65;625623674;10021;267;11078;11163;6.89;0.42;283.42;8.91;1057;67;3817.00;85
10022;65;625623689;10022;261;11084;11163;6.95;0.42;283.41;8.91;1062;67;3818.00;79
10022;65;625623704;10022;262;11086;11163;6.92;0.42;283.41;8.91;1064;67;3819.00;77
10024;65;625623717;10024;268;11090;11163;6.91;0.42;283.51;8.91;1066;67;3820.00;73
10027;65;625623731;10027;267;11095;11163;6.94;0.42;283.50;8.90;1068;67;3821.00;68
10027;65;625623746;10027;272;11099;11163;6.99;0.43;283.50;8.90;1072;67;3822.00;64
10029;65;625623759;10029;285;11100;11163;6.98;0.43;283.49;8.90;1071;67;3823.00;63
10033;65;625623773;10033;283;11102;11164;6.96;0.42;283.66;8.90;1069;67;3824.00;62
10033;65;625623788;10033;283;11104;11166;6.94;0.42;283.66;8.90;1071;67;3825.00;62
10035;65;625623801;10035;285;11106;11166;6.83;0.42;283.67;8.94;1071;67;3826.00;60
10037;65;625623816;10037;285;11109;11170;6.71;0.41;283.71;8.93;1072;67;3827.00;61
10039;65;625623832;10039;297;11109;11170;6.64;0.41;283.82;8.93;1070;67;3828.00;61
10041;65;625623846;10041;301;11109;11170;6.51;0.40;283.87;8.93;1068;67;3829.00;61
10044;65;625623858;10044;295;11109;11170;6.40;0.39;283.93;8.93;1065;67;3830.00;61
10048;65;625623879;10048;294;11112;11176;6.36;0.39;283.94;8.93;1064;67;3831.00;64
10050;65;625623894;10050;299;11112;11176;6.35;0.39;283.92;8.93;1062;67;3832.00;64
10056;65;625623909;10056;306;11113;11176;6.24;0.38;283.90;8.93;1057;67;3833.00;63
10058;65;625623922;10058;299;11115;11179;6.25;0.38;283.89;8.93;1057;67;3834.00;64
10060;65;625623936;10060;302;11116;11179;6.22;0.38;283.90;8.93;1056;67;3835.00;63
10062;65;625623949;10062;309;11116;11179;6.16;0.37;283.90;8.93;1054;67;3836.00;63
10065;65;625623962;10065;319;11116;11180;6.08;0.37;283.93;8.93;1051;67;3837.00;64
10070;65;625623975;10070;325;11117;11181;6.01;0.37;283.87;8.93;1047;67;3838.00;64
10072;65;625623987;10072;318;11117;11181;5.99;0.36;283.91;8.93;1045;67;3839.00;64
10073;65;625624001;10073;326;11131;11207;5.94;0.36;283.98;8.92;1058;67;3840.00;76
10076;65;625624016;10076;318;11131;11207;5.90;0.36;283.96;8.92;1055;67;3841.00;76
10078;65;625624028;10078;310;11133;11207;5.90;0.36;283.94;8.92;1055;67;3842.00;74
10080;65;625624040;10080;299;11136;11208;5.84;0.36;283.94;8.92;1056;67;3843.00;72
10082;66;625624053;10082;297;11137;11208;5.84;0.36;283.91;8.92;1055;68;3844.00;71
10086;66;625624077;10086;297;11140;11212;5.82;0.35;283.89;8.93;1054;68;3845.00;72
10090;66;625624091;10090;289;11141;11214;5.74;0.35;283.84;8.93;1051;68;3846.00;73
10092;66;625624105;10092;288;11145;11218;5.77;0.35;283.86;8.92;1053;68;3847.00;73
10097;66;625624117;10097;281;11145;11218;5.73;0.35;283.77;8.92;1048;68;3848.00;73
10099;66;625624130;10099;289;11146;11218;5.68;0.35;283.74;8.92;1047;68;3849.00;72
10100;66;625624142;10100;277;11146;11218;5.65;0.34;283.74;8.92;1046;68;3850.00;72
10102;66;625624154;10102;279;11146;11218;5.63;0.34;283.81;8.92;1044;68;3851.00;72
10107;66;625624166;10107;286;11156;11230;5.61;0.34;283.78;8.92;1049;68;3852.00;74
10109;66;625624180;10109;283;11156;11230;5.56;0.34;283.79;8.92;1047;68;3853.00;74
10112;66;625624191;10112;278;11157;11230;5.55;0.34;283.76;8.92;1045;68;3854.00;73
10115;66;625624203;10115;285;11157;11230;5.51;0.34;283.71;8.92;1042;68;3855.00;73
10117;66;625624215;10117;301;11158;11230;5.48;0.33;283.68;8.92;1041;68;3856.00;72
10121;66;625624227;10121;299;11158;11230;5.48;0.33;283.60;8.92;1037;68;3857.00;72
10123;66;625624238;10123;307;11158;11231;5.47;0.33;283.62;8.92;1035;68;3858.00;73
10124;66;625624250;10124;302;11159;11231;5.44;0.33;283.60;8.92;1035;68;3859.00;72
10126;66;625624262;10126;305;11163;11237;5.47;0.33;283.56;8.92;1037;68;3860.00;74
10128;66;625624275;10128;304;11165;11238;5.46;0.33;283.56;8.92;1037;68;3861.00;73
10130;66;625624293;10130;305;11167;11238;5.48;0.33;283.54;8.92;1037;68;3862.00;71
10130;66;625624305;10130;304;11168;11238;5.52;0.34;283.54;8.93;1038;68;3863.00;70
10134;66;625624317;10134;309;11171;11242;5.61;0.34;283.59;8.93;1037;68;3864.00;71
10135;66;625624330;10135;311;11171;11242;5.61;0.34;283.56;8.93;1036;68;3865.00;71
10136;66;625624341;10136;309;11173;11242;5.65;0.34;283.55;8.94;1037;68;3866.00;69
10138;66;625624354;10138;303;11174;11243;5.67;0.34;283.53;8.94;1036;68;3867.00;69
10139;66;625624366;10139;289;11178;11247;5.76;0.35;283.53;8.94;1039;68;3868.00;69
10140;66;625624378;10140;283;11179;11247;5.84;0.36;283.54;8.94;1039;68;3869.00;68
10141;66;625624392;10141;280;11184;11253;5.93;0.36;283.54;8.96;1043;68;3870.00;69
10142;66;625624404;10142;268;11185;11253;6.03;0.37;283.51;8.96;1043;68;3871.00;68
10143;66;625624417;10143;268;11188;11253;6.14;0.37;283.52;8.98;1045;68;3872.00;65
10145;66;625624429;10145;267;11188;11253;6.26;0.38;283.57;8.98;1043;68;3873.00;65
10146;66;625624442;10146;272;11191;11257;6.40;0.39;283.58;8.98;1045;68;3874.00;66
10150;66;625624455;10150;276;11193;11257;6.50;0.39;283.53;9.00;1043;68;3875.00;64
10151;66;625624468;10151;269;11194;11257;6.57;0.40;283.54;9.00;1043;68;3876.00;63
10152;67;625624486;10152;274;11195;11257;6.65;0.40;283.53;9.00;1043;69;3877.00;62
10154;67;625624509;10154;272;11197;11258;6.67;0.41;283.57;9.02;1043;69;3878.00;61
10154;67;625624522;10154;276;11199;11259;6.74;0.41;283.57;9.02;1045;69;3879.00;60
10155;67;625624534;10155;276;11200;11259;6.75;0.41;283.57;9.04;1045;69;3880.00;59
10156;67;625624547;10156;271;11202;11260;6.74;0.41;283.56;9.04;1046;69;3881.00;58
10159;67;625624559;10159;272;11203;11260;6.69;0.41;283.56;9.05;1044;69;3882.00;57
10160;67;625624577;10160;280;11204;11260;6.64;0.40;283.55;9.06;1044;69;3883.00;56
10161;67;625624590;10161;281;11204;11260;6.59;0.40;283.53;9.06;1043;69;3884.00;56
10161;68;625624601;10161;280;11206;11260;6.60;0.40;283.53;9.07;1045;70;3885.00;54
10161;68;625624620;10161;283;11207;11260;6.59;0.40;283.53;9.08;1046;70;3886.00;53
10162;68;625624632;10162;281;11208;11260;6.59;0.40;283.52;9.09;1046;70;3887.00;52
10165;68;625624644;10165;306;11275;11387;6.78;0.42;283.50;9.03;1110;70;3888.00;112
10165;68;625624667;10165;297;11279;11388;6.77;0.42;283.50;9.04;1114;70;3889.00;109
10168;68;625624679;10168;294;11285;11388;6.79;0.42;283.53;9.04;1117;70;3890.00;103
10169;68;625624692;10169;295;11295;11388;6.83;0.42;283.56;9.05;1126;70;3891.00;93
10171;68;625624708;10171;287;11301;11388;6.85;0.42;283.59;9.05;1130;70;3892.00;87
10172;68;625624727;10172;282;11304;11388;6.88;0.42;283.65;9.06;1132;70;3893.00;84
10174;68;625624739;10174;288;11308;11388;6.85;0.42;283.67;9.06;1134;70;3894.00;80
10177;68;625624752;10177;294;11310;11388;6.89;0.42;283.66;9.06;1133;70;3895.00;78
10180;68;625624765;10180;300;11315;11389;6.94;0.43;283.73;9.07;1135;70;3896.00;74
10185;68;625624778;10185;308;11319;11390;6.92;0.42;283.74;9.09;1134;70;3897.00;71
10186;68;625624792;10186;312;11323;11390;6.94;0.43;283.77;9.09;1137;70;3898.00;67
10188;68;625624805;10188;325;11327;11391;6.88;0.42;283.85;9.11;1139;70;3899.00;64
10188;69;625624821;10188;339;11335;11406;6.84;0.42;283.85;9.11;1147;71;3900.00;71
10193;69;625624851;10193;338;11336;11406;6.72;0.41;283.94;9.11;1143;71;3901.00;70
10196;69;625624864;10196;345;11340;11406;6.60;0.41;284.00;9.13;1144;71;3902.00;66
10198;69;625624882;10198;354;11343;11410;6.51;0.40;284.02;9.13;1145;71;3903.00;67
10203;69;625624896;10203;364;11346;11410;6.40;0.39;284.05;9.15;1143;71;3904.00;64
10209;69;625624909;10209;368;11347;11410;6.27;0.38;284.10;9.15;1138;71;3905.00;63
10212;69;625624922;10212;372;11351;11413;6.17;0.38;284.10;9.15;1139;71;3906.00;62
10217;69;625624944;10217;384;11353;11413;6.11;0.37;284.27;9.16;1136;71;3907.00;60
10219;69;625624958;10219;394;11355;11413;6.03;0.37;284.32;9.16;1136;71;3908.00;58
10224;69;625624971;10224;397;11358;11417;5.96;0.37;284.33;9.16;1134;71;3909.00;59
10229;69;625624983;10229;391;11361;11418;5.93;0.36;284.32;9.17;1132;71;3910.00;57
10236;69;625624997;10236;387;11361;11418;5.86;0.36;284.46;9.17;1125;71;3911.00;57
10237;69;625625010;10237;387;11367;11422;5.93;0.36;284.49;9.19;1130;71;3912.00;55
10241;69;625625023;10241;389;11368;11422;5.96;0.37;284.54;9.19;1127;71;3913.00;54
10245;69;625625036;10245;384;11369;11422;5.98;0.37;284.66;9.19;1124;71;3914.00;53
10248;69;625625049;10248;379;11372;11424;6.03;0.37;284.67;9.19;1124;71;3915.00;52
10254;69;625625062;10254;374;11372;11424;6.01;0.37;284.74;9.19;1118;71;3916.00;52
10259;69;625625076;10259;372;11378;11430;6.02;0.37;284.80;9.20;1119;71;3917.00;52
10261;69;625625091;10261;367;11379;11430;6.05;0.37;284.80;9.20;1118;71;3918.00;51
10268;69;625625104;10268;361;11379;11431;6.08;0.37;284.90;9.20;1111;71;3919.00;52
10273;69;625625118;10273;362;11379;11431;6.11;0.37;284.96;9.20;1106;71;3920.00;52
10277;70;625625131;10277;357;11379;11431;6.18;0.38;284.98;9.20;1102;72;3921.00;52
10280;70;625625156;10280;352;11379;11431;6.25;0.38;285.07;9.20;1099;72;3922.00;52
10286;70;625625169;10286;350;11380;11431;6.27;0.38;285.14;9.20;1094;72;3923.00;51
10287;70;625625188;10287;359;11389;11443;6.40;0.39;285.16;9.20;1102;72;3924.00;54
10295;70;625625207;10295;354;11389;11443;6.39;0.39;285.19;9.20;1094;72;3925.00;54
10300;70;625625221;10300;351;11390;11443;6.44;0.39;285.31;9.20;1090;72;3926.00;53
10305;70;625625235;10305;352;11390;11443;6.47;0.39;285.29;9.20;1085;72;3927.00;53
10309;70;625625249;10309;354;11390;11443;6.48;0.39;285.32;9.20;1081;72;3928.00;53
10311;70;625625262;10311;366;11392;11443;6.50;0.40;285.43;9.20;1081;72;3929.00;51
10313;70;625625284;10313;372;11396;11447;6.56;0.40;285.46;9.20;1083;72;3930.00;51
10316;70;625625302;10316;367;11396;11447;6.58;0.40;285.53;9.20;1080;72;3931.00;51
10321;71;625625322;10321;374;11400;11451;6.61;0.40;285.54;9.20;1079;73;3932.00;51
10325;71;625625373;10325;373;11402;11452;6.62;0.40;285.63;9.20;1077;73;3933.00;50
10329;71;625625393;10329;373;11403;11452;6.60;0.40;285.69;9.20;1074;73;3934.00;49
10332;71;625625413;10332;373;11403;11452;6.63;0.40;285.77;9.20;1071;73;3935.00;49
10338;71;625625429;10338;381;11414;11465;6.59;0.40;285.79;9.20;1076;73;3936.00;51
10340;71;625625446;10340;382;11414;11465;6.63;0.40;285.84;9.20;1074;73;3937.00;51
10348;71;625625460;10348;382;11415;11465;6.61;0.40;285.89;9.20;1067;73;3938.00;50
10352;71;625625475;10352;382;11418;11466;6.60;0.40;285.97;9.20;1066;73;3939.00;48
10357;71;625625490;10357;381;11418;11467;6.58;0.40;285.95;9.20;1061;73;3940.00;49
10361;71;625625505;10361;382;11419;11467;6.55;0.40;285.97;9.20;1058;73;3941.00;48
10364;71;625625519;10364;384;11421;11470;6.54;0.40;285.97;9.19;1057;73;3942.00;49
10366;71;625625532;10366;388;11422;11470;6.53;0.40;285.99;9.19;1056;73;3943.00;48
10371;71;625625546;10371;388;11422;11470;6.47;0.40;286.09;9.19;1051;73;3944.00;48
10372;71;625625560;10372;391;11422;11470;6.45;0.39;286.09;9.19;1050;73;3945.00;48
10376;71;625625574;10376;391;11426;11476;6.46;0.39;286.19;9.19;1050;73;3946.00;50
10381;71;625625589;10381;392;11426;11476;6.42;0.39;286.22;9.19;1045;73;3947.00;50
10382;71;625625605;10382;395;11427;11476;6.48;0.40;286.26;9.19;1045;73;3948.00;49
10388;71;625625618;10388;401;11427;11476;6.44;0.39;286.33;9.19;1039;73;3949.00;49
10391;71;625625632;10391;400;11430;11480;6.47;0.40;286.32;9.19;1039;73;3950.00;50
10394;71;625625646;10394;395;11431;11481;6.48;0.40;286.40;9.19;1037;73;3951.00;50
10399;71;625625661;10399;397;11431;11481;6.44;0.39;286.44;9.19;1032;73;3952.00;50
10403;71;625625674;10403;399;11432;11482;6.38;0.39;286.48;9.19;1029;73;3953.00;50
10407;71;625625688;10407;399;11432;11482;6.34;0.39;286.48;9.19;1025;73;3954.00;50
10411;71;625625701;10411;405;11432;11482;6.30;0.38;286.47;9.19;1021;73;3955.00;50
10414;71;625625714;10414;410;11432;11482;6.26;0.38;286.50;9.19;1018;73;3956.00;50
10416;71;625625728;10416;400;11432;11482;6.24;0.38;286.56;9.19;1016;73;3957.00;50
10416;71;625625741;10416;393;11432;11482;6.23;0.38;286.56;9.19;1016;73;3958.00;50
10421;71;625625754;10421;387;11432;11482;6.20;0.38;286.72;9.19;1011;73;3959.00;50
10426;71;625625768;10426;404;11501;11607;6.26;0.39;286.80;9.13;1075;73;3960.00;106
10430;71;625625791;10430;401;11503;11608;6.28;0.39;286.82;9.13;1073;73;3961.00;105
10434;71;625625805;10434;389;11508;11608;6.34;0.39;286.88;9.17;1074;73;3962.00;100
10439;71;625625821;10439;382;11510;11608;6.44;0.40;286.97;9.17;1071;73;3963.00;98
10443;71;625625835;10443;380;11514;11608;6.55;0.40;287.06;9.17;1071;73;3964.00;94
10446;71;625625849;10446;382;11518;11608;6.66;0.41;287.13;9.17;1072;73;3965.00;90
10450;71;625625862;10450;375;11523;11608;6.77;0.42;287.18;9.16;1073;73;3966.00;85
10453;71;625625877;10453;364;11524;11608;6.82;0.42;287.24;9.16;1071;73;3967.00;84
10458;71;625625891;10458;357;11529;11609;6.82;0.42;287.28;9.16;1071;73;3968.00;80
10458;71;625625906;10458;363;11532;11610;6.86;0.42;287.28;9.16;1074;73;3969.00;78
10463;71;625625927;10463;365;11534;11610;6.84;0.42;287.30;9.16;1071;73;3970.00;76
10467;71;625625948;10467;372;11540;11614;6.79;0.42;287.39;9.16;1073;73;3971.00;74
10472;71;625625962;10472;365;11541;11614;6.71;0.41;287.43;9.16;1069;73;3972.00;73
10476;71;625625983;10476;367;11541;11614;6.71;0.41;287.50;9.16;1065;73;3973.00;73
10481;71;625626003;10481;370;11542;11614;6.71;0.41;287.55;9.16;1061;73;3974.00;72
10483;71;625626018;10483;374;11546;11620;6.71;0.41;287.54;9.16;1063;73;3975.00;74
10488;72;625626033;10488;384;11546;11620;6.71;0.41;287.56;9.16;1058;74;3976.00;74
10490;72;625626055;10490;374;11547;11620;6.73;0.41;287.57;9.16;1057;74;3977.00;73
10491;73;625626075;10491;361;11550;11623;6.73;0.41;287.55;9.16;1059;75;3978.00;73
10492;73;625626102;10492;358;11550;11623;6.73;0.41;287.59;9.16;1058;75;3979.00;73
10492;73;625626116;10492;355;11550;11623;6.72;0.41;287.59;9.16;1058;75;3980.00;73
10496;73;625626130;10496;346;11551;11624;6.72;0.41;287.68;9.16;1055;75;3981.00;73
10497;73;625626143;10497;347;11552;11625;6.75;0.41;287.70;9.16;1055;75;3982.00;73
10499;73;625626157;10499;350;11552;11625;6.73;0.41;287.72;9.16;1053;75;3983.00;73
10500;73;625626171;10500;349;11562;11638;6.76;0.41;287.72;9.15;1062;75;3984.00;76
10503;73;625626185;10503;344;11562;11638;6.75;0.41;287.69;9.15;1059;75;3985.00;76
10504;73;625626202;10504;347;11562;11638;6.76;0.41;287.67;9.15;1058;75;3986.00;76
10507;73;625626216;10507;349;11563;11639;6.77;0.41;287.65;9.15;1056;75;3987.00;76
10509;73;625626229;10509;352;11563;11639;6.81;0.42;287.62;9.15;1054;75;3988.00;76
10510;73;625626242;10510;358;11566;11643;6.80;0.42;287.62;9.15;1056;75;3989.00;77
10511;73;625626258;10511;356;11567;11643;6.81;0.42;287.60;9.14;1056;75;3990.00;76
10513;73;625626272;10513;357;11570;11647;6.80;0.42;287.59;9.14;1057;75;3991.00;77
10517;73;625626285;10517;361;11570;11647;6.74;0.41;287.66;9.14;1053;75;3992.00;77
10521;73;625626300;10521;366;11570;11647;6.69;0.41;287.63;9.14;1049;75;3993.00;77
10524;73;625626315;10524;365;11570;11647;6.59;0.40;287.68;9.14;1046;75;3994.00;77
10529;73;625626328;10529;368;11570;11647;6.44;0.39;287.64;9.14;1041;75;3995.00;77
10532;73;625626345;10532;369;11580;11659;6.38;0.39;287.66;9.13;1048;75;3996.00;79
10535;73;625626358;10535;378;11581;11659;6.31;0.39;287.66;9.13;1046;75;3997.00;78
10538;73;625626371;10538;385;11581;11659;6.23;0.38;287.63;9.13;1043;75;3998.00;78
10540;73;625626384;10540;386;11581;11659;6.19;0.38;287.59;9.13;1041;75;3999.00;78
10543;73;625626398;10543;376;11581;11659;6.11;0.37;287.51;9.13;1038;75;4000.00;78
10545;73;625626414;10545;379;11581;11659;6.09;0.37;287.49;9.13;1036;75;4001.00;78
10546;73;625626427;10546;377;11581;11660;6.08;0.37;287.49;9.13;1035;75;4002.00;79
10549;73;625626438;10549;370;11581;11660;6.01;0.37;287.47;9.13;1032;75;4003.00;79
10552;73;625626451;10552;365;11585;11666;5.99;0.37;287.46;9.13;1033;75;4004.00;81
10555;73;625626469;10555;354;11588;11668;5.99;0.37;287.47;9.13;1033;75;4005.00;80
10556;73;625626481;10556;348;11588;11668;5.99;0.37;287.48;9.13;1032;75;4006.00;80
10558;73;625626493;10558;352;11588;11668;6.01;0.37;287.46;9.13;1030;75;4007.00;80
10560;73;625626504;10560;348;11591;11672;5.97;0.36;287.45;9.13;1031;75;4008.00;81
10565;73;625626516;10565;343;11591;11672;5.89;0.36;287.46;9.13;1026;75;4009.00;81
10566;73;625626527;10566;348;11591;11672;5.82;0.36;287.46;9.13;1025;75;4010.00;81
10568;73;625626538;10568;345;11592;11673;5.75;0.35;287.46;9.13;1024;75;4011.00;81
10572;73;625626549;10572;338;11596;11677;5.65;0.34;287.50;9.17;1024;75;4012.00;81
10574;73;625626561;10574;338;11596;11677;5.57;0.34;287.47;9.17;1022;75;4013.00;81
10576;73;625626571;10576;330;11598;11680;5.55;0.34;287.47;9.17;1022;75;4014.00;82
10578;73;625626582;10578;327;11601;11680;5.50;0.34;287.46;9.19;1023;75;4015.00;79
10580;73;625626595;10580;323;11601;11680;5.51;0.34;287.58;9.19;1021;75;4016.00;79
10582;73;625626606;10582;320;11602;11680;5.51;0.34;287.56;9.23;1020;75;4017.00;78
10585;73;625626617;10585;320;11605;11684;5.54;0.34;287.52;9.23;1020;75;4018.00;79
10588;73;625626628;10588;298;11606;11684;5.58;0.34;287.52;9.27;1018;75;4019.00;78
10591;73;625626655;10591;291;11607;11684;5.71;0.35;287.53;9.27;1016;75;4020.00;77
10591;73;625626666;10591;285;11607;11684;5.77;0.35;287.53;9.27;1016;75;4021.00;77
10592;73;625626678;10592;277;11608;11685;5.79;0.35;287.50;9.30;1016;75;4022.00;77
10594;73;625626689;10594;266;11609;11686;5.86;0.36;287.47;9.30;1015;75;4023.00;77
10596;73;625626701;10596;261;11609;11686;5.92;0.36;287.47;9.30;1013;75;4024.00;77
10598;73;625626713;10598;258;11611;11687;5.97;0.36;287.44;9.34;1013;75;4025.00;76
10599;73;625626725;10599;248;11611;11687;6.06;0.37;287.45;9.34;1012;75;4026.00;76
10600;73;625626736;10600;244;11612;11687;6.14;0.37;287.42;9.34;1012;75;4027.00;75
10602;73;625626753;10602;244;11613;11687;6.17;0.37;287.43;9.38;1011;75;4028.00;74
10603;73;625626764;10603;241;11613;11687;6.18;0.38;287.43;9.38;1010;75;4029.00;74
10603;73;625626776;10603;238;11614;11687;6.24;0.38;287.43;9.41;1011;75;4030.00;73
10603;73;625626787;10603;236;11614;11687;6.29;0.38;287.43;9.41;1011;75;4031.00;73
10608;73;625626798;10608;252;11678;11814;6.54;0.40;287.43;9.36;1070;75;4032.00;136
10608;73;625626821;10608;248;11681;11815;6.57;0.40;287.43;9.36;1073;75;4033.00;134
10609;73;625626834;10609;238;11691;11815;6.71;0.41;287.43;9.39;1082;75;4034.00;124
10610;73;625626846;10610;243;11695;11815;6.74;0.41;287.42;9.39;1085;75;4035.00;120
10610;73;625626858;10610;244;11701;11815;6.82;0.42;287.42;9.38;1091;75;4036.00;114
10610;73;625626871;10610;247;11705;11815;6.88;0.42;287.42;9.38;1095;75;4037.00;110
10612;73;625626883;10612;252;11708;11815;6.89;0.42;287.41;9.38;1096;75;4038.00;107
10614;73;625626896;10614;250;11710;11815;6.91;0.42;287.46;9.38;1096;75;4039.00;105
10619;73;625626908;10619;243;11714;11816;6.94;0.43;287.46;9.39;1095;75;4040.00;102
10619;73;625626922;10619;253;11717;11817;6.98;0.43;287.46;9.39;1098;75;4041.00;100
10622;73;625626935;10622;257;11722;11817;6.99;0.43;287.43;9.41;1100;75;4042.00;95
10623;73;625626949;10623;263;11725;11818;7.00;0.43;287.44;9.42;1102;75;4043.00;93
10627;73;625626962;10627;272;11729;11818;6.96;0.43;287.54;9.43;1102;75;4044.00;89
10629;73;625626976;10629;278;11732;11818;6.98;0.43;287.64;9.43;1103;75;4045.00;86
10630;73;625626989;10630;285;11736;11818;6.99;0.43;287.63;9.45;1106;75;4046.00;82
10632;73;625627002;10632;285;11740;11822;7.01;0.43;287.67;9.46;1108;75;4047.00;82
10634;73;625627016;10634;297;11742;11822;6.96;0.43;287.72;9.47;1108;75;4048.00;80
10635;73;625627029;10635;303;11744;11822;6.96;0.43;287.72;9.48;1109;75;4049.00;78
10636;73;625627044;10636;305;11749;11828;6.98;0.43;287.70;9.49;1113;75;4050.00;79
10641;73;625627058;10641;312;11752;11828;6.94;0.42;287.69;9.52;1111;75;4051.00;76
10642;73;625627072;10642;311;11754;11828;7.00;0.43;287.66;9.52;1112;75;4052.00;74
10644;73;625627086;10644;318;11758;11832;6.95;0.42;287.73;9.53;1114;75;4053.00;74
10646;73;625627100;10646;325;11762;11833;6.88;0.42;287.76;9.55;1116;75;4054.00;71
10650;73;625627113;10650;333;11763;11833;6.81;0.42;287.83;9.56;1113;75;4055.00;70
10652;73;625627127;10652;336;11767;11837;6.74;0.41;287.85;9.55;1115;75;4056.00;70
10653;73;625627141;10653;345;11771;11837;6.67;0.41;287.89;9.58;1118;75;4057.00;66
10655;73;625627154;10655;350;11771;11837;6.58;0.40;287.95;9.58;1116;75;4058.00;66
10657;73;625627167;10657;354;11773;11838;6.54;0.40;288.03;9.59;1116;75;4059.00;65
10660;73;625627181;10660;343;11774;11838;6.48;0.40;288.10;9.59;1114;75;4060.00;64
10665;73;625627194;10665;344;11779;11844;6.50;0.40;288.16;9.60;1114;75;4061.00;65
10666;73;625627208;10666;345;11779;11844;6.46;0.39;288.17;9.60;1113;75;4062.00;65
10670;73;625627222;10670;339;11781;11845;6.42;0.39;288.17;9.61;1111;75;4063.00;64
10671;73;625627235;10671;337;11782;11845;6.40;0.39;288.19;9.62;1111;75;4064.00;63
10672;73;625627248;10672;337;11782;11845;6.39;0.39;288.18;9.62;1110;75;4065.00;63
10674;73;625627267;10674;330;11783;11845;6.37;0.39;288.26;9.62;1109;75;4066.00;62
10675;73;625627279;10675;333;11784;11845;6.38;0.39;288.25;9.63;1109;75;4067.00;61
10678;73;625627293;10678;323;11794;11857;6.44;0.39;288.24;9.62;1116;75;4068.00;63
10682;73;625627313;10682;326;11799;11857;6.41;0.39;288.30;9.65;1117;75;4069.00;58
10684;73;625627338;10684;320;11800;11857;6.41;0.39;288.32;9.65;1116;75;4070.00;57
10685;73;625627360;10685;323;11800;11857;6.37;0.39;288.34;9.65;1115;75;4071.00;57
10688;73;625627380;10688;321;11802;11857;6.33;0.39;288.39;9.66;1114;75;4072.00;55
10692;73;625627399;10692;325;11802;11857;6.29;0.38;288.43;9.66;1110;75;4073.00;55
10693;73;625627418;10693;326;11806;11861;6.29;0.38;288.43;9.66;1113;75;4074.00;55
10696;73;625627432;10696;319;11806;11861;6.23;0.38;288.39;9.66;1110;75;4075.00;55
10699;73;625627446;10699;327;11809;11865;6.24;0.38;288.38;9.66;1110;75;4076.00;56
10704;73;625627461;10704;329;11812;11866;6.16;0.38;288.38;9.67;1108;75;4077.00;54
10709;73;625627475;10709;333;11813;11866;6.07;0.37;288.35;9.67;1104;75;4078.00;53
10715;73;625627488;10715;341;11814;11866;5.96;0.36;288.44;9.68;1099;75;4079.00;52
10719;73;625627503;10719;347;11833;11895;5.89;0.36;288.46;9.66;1114;75;4080.00;62
10725;73;625627519;10725;339;11833;11895;5.80;0.36;288.51;9.66;1108;75;4081.00;62
10729;73;625627532;10729;345;11838;11895;5.75;0.35;288.59;9.68;1109;75;4082.00;57
10734;73;625627544;10734;347;11842;11896;5.73;0.35;288.64;9.68;1108;75;4083.00;54
10736;73;625627558;10736;349;11843;11897;5.80;0.36;288.68;9.68;1107;75;4084.00;54
10741;73;625627571;10741;354;11845;11897;5.78;0.35;288.78;9.68;1104;75;4085.00;52
10745;73;625627587;10745;356;11848;11900;5.85;0.36;288.88;9.68;1103;75;4086.00;52
10749;73;625627607;10749;355;11848;11900;5.86;0.36;288.92;9.68;1099;75;4087.00;52
10754;73;625627621;10754;342;11848;11900;5.85;0.36;288.92;9.68;1094;75;4088.00;52
10757;73;625627634;10757;334;11848;11900;5.91;0.36;289.00;9.68;1091;75;4089.00;52
10760;73;625627647;10760;330;11852;11906;5.98;0.37;289.06;9.68;1092;75;4090.00;54
10763;73;625627661;10763;333;11853;11906;6.02;0.37;289.10;9.68;1090;75;4091.00;53
10767;73;625627675;10767;324;11853;11906;6.08;0.37;289.13;9.68;1086;75;4092.00;53
10772;73;625627687;10772;330;11853;11906;6.13;0.37;289.23;9.68;1081;75;4093.00;53
10777;73;625627701;10777;325;11856;11910;6.18;0.38;289.35;9.67;1079;75;4094.00;54
10782;73;625627715;10782;319;11858;11912;6.31;0.38;289.41;9.67;1076;75;4095.00;54
10786;73;625627730;10786;315;11858;11912;6.39;0.39;289.43;9.67;1072;75;4096.00;54
10792;73;625627743;10792;308;11859;11913;6.44;0.39;289.48;9.67;1067;75;4097.00;54
10793;73;625627756;10793;313;11859;11913;6.52;0.40;289.48;9.67;1066;75;4098.00;54
10798;73;625627769;10798;305;11859;11913;6.54;0.40;289.53;9.67;1061;75;4099.00;54
10803;73;625627783;10803;307;11859;11913;6.56;0.40;289.54;9.67;1056;75;4100.00;54
10808;73;625627800;10808;313;11859;11913;6.56;0.40;289.58;9.67;1051;75;4101.00;54
10812;73;625627814;10812;318;11859;11913;6.58;0.40;289.57;9.67;1047;75;4102.00;54
10816;73;625627828;10816;325;11859;11913;6.55;0.40;289.67;9.67;1043;75;4103.00;54
10823;73;625627843;10823;332;11900;11983;6.57;0.40;289.78;9.64;1077;75;4104.00;83
10825;73;625627862;10825;327;11901;11984;6.66;0.41;289.75;9.64;1076;75;4105.00;83
10833;73;625627877;10833;332;11905;11984;6.67;0.41;289.89;9.63;1072;75;4106.00;79
10837;73;625627892;10837;331;11910;11984;6.74;0.41;289.86;9.63;1073;75;4107.00;74
10842;73;625627906;10842;331;11914;11984;6.78;0.41;289.86;9.63;1072;75;4108.00;70
10846;73;625627920;10846;337;11917;11984;6.84;0.42;289.91;9.63;1071;75;4109.00;67
10850;73;625627936;10850;336;11919;11984;6.85;0.42;289.91;9.63;1069;75;4110.00;65
10851;73;625627950;10851;341;11920;11984;6.88;0.42;289.92;9.63;1069;75;4111.00;64
10855;73;625627964;10855;351;11922;11985;6.88;0.42;290.04;9.63;1067;75;4112.00;63
10860;73;625627978;10860;352;11924;11986;6.86;0.42;290.17;9.67;1064;75;4113.00;62
10863;73;625627994;10863;362;11925;11986;6.78;0.41;290.18;9.67;1062;75;4114.00;61
10866;73;625628008;10866;359;11927;11990;6.78;0.41;290.19;9.67;1061;75;4115.00;63
10868;73;625628023;10868;370;11927;11990;6.74;0.41;290.21;9.67;1059;75;4116.00;63
10870;73;625628036;10870;376;11927;11990;6.69;0.41;290.25;9.67;1057;75;4117.00;63
10874;73;625628050;10874;382;11927;11990;6.62;0.40;290.27;9.67;1053;75;4118.00;63
10875;73;625628063;10875;386;11931;11996;6.58;0.40;290.29;9.66;1056;75;4119.00;65
10879;73;625628078;10879;395;11934;11996;6.52;0.40;290.30;9.66;1055;75;4120.00;62
10884;73;625628092;10884;399;11934;11996;6.45;0.39;290.32;9.66;1050;75;4121.00;62
10888;73;625628112;10888;403;11937;11999;6.49;0.40;290.35;9.66;1049;75;4122.00;62
10891;73;625628126;10891;408;11937;11999;6.49;0.40;290.40;9.66;1046;75;4123.00;62
10896;73;625628139;10896;411;11939;11999;6.38;0.39;290.40;9.66;1043;75;4124.00;60
10900;73;625628153;10900;424;11939;12000;6.28;0.38;290.42;9.66;1039;75;4125.00;61
10903;73;625628167;10903;439;11940;12001;6.17;0.38;290.45;9.66;1037;75;4126.00;61
10908;73;625628180;10908;427;11940;12001;6.06;0.37;290.58;9.66;1032;75;4127.00;61
10910;73;625628194;10910;419;11951;12014;6.05;0.37;290.55;9.65;1041;75;4128.00;63
10915;73;625628214;10915;428;11951;12014;5.98;0.36;290.58;9.65;1036;75;4129.00;63
10918;73;625628228;10918;429;11951;12014;5.95;0.36;290.54;9.65;1033;75;4130.00;63
10921;73;625628241;10921;431;11952;12015;5.91;0.36;290.58;9.65;1031;75;4131.00;63
10923;73;625628254;10923;434;11953;12015;5.87;0.36;290.57;9.70;1030;75;4132.00;62
10925;73;625628268;10925;433;11956;12019;5.90;0.36;290.56;9.69;1031;75;4133.00;63
10925;73;625628282;10925;435;11956;12019;5.91;0.36;290.56;9.69;1031;75;4134.00;63
10926;73;625628295;10926;442;11960;12023;5.91;0.36;290.63;9.69;1034;75;4135.00;63
10930;73;625628310;10930;436;11960;12023;5.95;0.36;290.67;9.69;1030;75;4136.00;63
10932;73;625628324;10932;432;11960;12023;6.01;0.37;290.65;9.69;1028;75;4137.00;63
10935;73;625628338;10935;432;11960;12023;6.05;0.37;290.67;9.69;1025;75;4138.00;63
10936;73;625628357;10936;424;11960;12023;6.09;0.37;290.66;9.69;1024;75;4139.00;63
10938;73;625628372;10938;420;11984;12057;6.18;0.38;290.68;9.67;1046;75;4140.00;73
10940;73;625628388;10940;414;11985;12057;6.22;0.38;290.65;9.67;1045;75;4141.00;72
10943;73;625628401;10943;414;11986;12057;6.22;0.38;290.64;9.67;1043;75;4142.00;71
10947;73;625628414;10947;415;11986;12057;6.21;0.38;290.62;9.67;1039;75;4143.00;71
10949;73;625628427;10949;407;11987;12057;6.23;0.38;290.60;9.67;1038;75;4144.00;70
10952;73;625628440;10952;406;11987;12057;6.24;0.38;290.58;9.67;1035;75;4145.00;70
10954;73;625628453;10954;396;11988;12058;6.26;0.38;290.56;9.67;1034;75;4146.00;70
10957;73;625628468;10957;394;11988;12058;6.26;0.38;290.56;9.67;1031;75;4147.00;70
10958;73;625628481;10958;384;11992;12064;6.31;0.39;290.55;9.67;1034;75;4148.00;72
10962;73;625628494;10962;385;11993;12065;6.31;0.39;290.49;9.67;1031;75;4149.00;72
10964;73;625628507;10964;379;11995;12065;6.31;0.39;290.56;9.71;1031;75;4150.00;70
10967;73;625628521;10967;374;11995;12065;6.30;0.38;290.52;9.71;1028;75;4151.00;70
10967;73;625628533;10967;376;11999;12069;6.30;0.38;290.52;9.71;1032;75;4152.00;70
10968;73;625628545;10968;371;11999;12069;6.24;0.38;290.50;9.71;1031;75;4153.00;70
10972;73;625628558;10972;374;11999;12069;6.11;0.37;290.45;9.71;1027;75;4154.00;70
10974;73;625628570;10974;378;12000;12070;6.06;0.37;290.43;9.71;1026;75;4155.00;70
10975;73;625628582;10975;377;12003;12074;5.98;0.37;290.42;9.71;1028;75;4156.00;71
10977;73;625628595;10977;376;12003;12074;5.93;0.36;290.40;9.71;1026;75;4157.00;71
10979;73;625628607;10979;378;12005;12077;5.90;0.36;290.36;9.70;1026;75;4158.00;72
10982;73;625628619;10982;378;12005;12077;5.84;0.36;290.37;9.70;1023;75;4159.00;72
10982;73;625628631;10982;374;12006;12077;5.85;0.36;290.37;9.70;1024;75;4160.00;71
10983;73;625628643;10983;375;12006;12077;5.84;0.36;290.37;9.70;1023;75;4161.00;71
10983;73;625628655;10983;380;12009;12081;5.87;0.36;290.37;9.70;1026;75;4162.00;72
10985;73;625628667;10985;397;12009;12081;5.85;0.36;290.36;9.70;1024;75;4163.00;72
10985;73;625628679;10985;394;12011;12081;5.81;0.36;290.36;9.75;1026;75;4164.00;70
10988;73;625628690;10988;397;12011;12081;5.78;0.35;290.35;9.75;1023;75;4165.00;70
10990;73;625628711;10990;402;12011;12082;5.72;0.35;290.34;9.75;1021;75;4166.00;71
10992;73;625628725;10992;409;12013;12083;5.63;0.34;290.33;9.79;1021;75;4167.00;70
10992;73;625628736;10992;409;12013;12083;5.54;0.34;290.33;9.79;1021;75;4168.00;70
10992;73;625628747;10992;413;12014;12084;5.44;0.33;290.33;9.79;1022;75;4169.00;70
10994;73;625628764;10994;404;12015;12084;5.29;0.32;290.38;9.84;1021;75;4170.00;69
10995;73;625628775;10995;385;12015;12084;5.20;0.32;290.38;9.84;1020;75;4171.00;69
10995;73;625628786;10995;373;12015;12084;5.18;0.32;290.38;9.84;1020;75;4172.00;69
10996;73;625628797;10996;364;12018;12086;5.17;0.32;290.40;9.88;1022;75;4173.00;68
10999;73;625628808;10999;352;12018;12086;5.19;0.32;290.39;9.88;1019;75;4174.00;68
11002;73;625628820;11002;341;12018;12086;5.20;0.32;290.38;9.88;1016;75;4175.00;68
11005;73;625628832;11005;361;12089;12213;5.39;0.33;290.39;9.87;1084;75;4176.00;124
11005;73;625628853;11005;346;12090;12214;5.52;0.34;290.39;9.87;1085;75;4177.00;124
11008;73;625628870;11008;326;12096;12214;5.65;0.35;290.45;9.87;1088;75;4178.00;118
11014;73;625628882;11014;320;12100;12214;5.75;0.36;290.41;9.87;1086;75;4179.00;114
11017;73;625628894;11017;311;12105;12214;5.81;0.36;290.40;9.91;1088;75;4180.00;109
11018;73;625628911;11018;301;12109;12214;5.88;0.36;290.39;9.91;1091;75;4181.00;105
11020;73;625628922;11020;295;12114;12214;5.94;0.37;290.42;9.91;1094;75;4182.00;100
11021;73;625628939;11021;288;12117;12214;6.01;0.37;290.41;9.91;1096;75;4183.00;97
11024;73;625628951;11024;283;12120;12215;6.08;0.37;290.48;9.91;1096;75;4184.00;95
11027;73;625628963;11027;280;12126;12217;6.10;0.37;290.49;9.92;1099;75;4185.00;91
11032;73;625628978;11032;278;12128;12217;6.15;0.38;290.48;9.92;1096;75;4186.00;89
11034;73;625628990;11034;276;12132;12218;6.19;0.38;290.46;9.97;1098;75;4187.00;86
11035;73;625629003;11035;280;12133;12218;6.27;0.38;290.45;9.97;1098;75;4188.00;85
11037;73;625629015;11037;275;12134;12218;6.33;0.39;290.46;9.97;1097;75;4189.00;84
11037;73;625629027;11037;273;12135;12218;6.39;0.39;290.46;9.97;1098;75;4190.00;83
11038;73;625629039;11038;280;12138;12222;6.44;0.39;290.48;10.01;1100;75;4191.00;84
11040;73;625629053;11040;280;12139;12222;6.46;0.39;290.45;10.01;1099;75;4192.00;83
11042;73;625629065;11042;271;12141;12222;6.49;0.40;290.48;10.01;1099;75;4193.00;81
11044;73;625629078;11044;277;12144;12225;6.49;0.40;290.48;10.04;1100;75;4194.00;81
11046;73;625629092;11046;281;12146;12225;6.52;0.40;290.45;10.05;1100;75;4195.00;79
11046;73;625629105;11046;280;12146;12225;6.58;0.40;290.45;10.05;1100;75;4196.00;79
11050;73;625629118;11050;283;12151;12229;6.62;0.40;290.41;10.05;1101;75;4197.00;78
11055;73;625629131;11055;282;12153;12230;6.68;0.41;290.46;10.08;1098;75;4198.00;77
11059;73;625629144;11059;281;12153;12230;6.74;0.41;290.49;10.08;1094;75;4199.00;77
11063;73;625629159;11063;283;12162;12264;6.75;0.41;290.44;10.08;1099;75;4200.00;102
11065;73;625629179;11065;283;12164;12264;6.77;0.41;290.45;10.08;1099;75;4201.00;100
11069;73;625629192;11069;285;12166;12264;6.73;0.41;290.53;10.08;1097;75;4202.00;98
11071;73;625629205;11071;281;12169;12265;6.76;0.41;290.56;10.08;1098;75;4203.00;96
11073;73;625629218;11073;282;12169;12265;6.84;0.42;290.59;10.08;1096;75;4204.00;96
11076;73;625629231;11076;283;12173;12271;6.86;0.42;290.63;10.08;1097;75;4205.00;98
11079;73;625629244;11079;285;12175;12271;6.87;0.42;290.71;10.09;1096;75;4206.00;96
11082;73;625629258;11082;279;12177;12272;6.82;0.41;290.72;10.09;1095;75;4207.00;95
11086;73;625629272;11086;283;12178;12272;6.82;0.41;290.81;10.08;1092;75;4208.00;94
11090;73;625629285;11090;281;12179;12272;6.84;0.41;290.87;10.10;1089;75;4209.00;93
11091;73;625629298;11091;285;12180;12272;6.89;0.42;290.92;10.11;1089;75;4210.00;92
11092;73;625629318;11092;280;12180;12272;6.94;0.42;290.97;10.11;1088;75;4211.00;92
11095;73;625629339;11095;288;12189;12284;7.03;0.43;290.99;10.10;1094;75;4212.00;95
11096;73;625629365;11096;279;12193;12284;7.07;0.43;291.04;10.12;1097;75;4213.00;91
11101;73;625629387;11101;278;12195;12284;7.17;0.43;291.10;10.12;1094;75;4214.00;89
11103;73;625629411;11103;276;12197;12284;7.24;0.44;291.09;10.14;1094;75;4215.00;87
11106;73;625629427;11106;270;12197;12284;7.30;0.44;291.14;10.14;1091;75;4216.00;87
11109;73;625629442;11109;269;12199;12284;7.32;0.45;291.20;10.15;1090;75;4217.00;85
11110;73;625629459;11110;273;12203;12288;7.33;0.45;291.18;10.15;1093;75;4218.00;85
11114;73;625629483;11114;269;12205;12288;7.29;0.44;291.22;10.17;1091;75;4219.00;83
11116;73;625629498;11116;271;12209;12292;7.32;0.44;291.27;10.19;1093;75;4220.00;83
11119;73;625629514;11119;267;12211;12293;7.32;0.45;291.36;10.19;1092;75;4221.00;82
11122;73;625629530;11122;275;12211;12293;7.30;0.45;291.37;10.19;1089;75;4222.00;82
11124;73;625629545;11124;278;12214;12293;7.26;0.44;291.37;10.21;1090;75;4223.00;79
11128;73;625629560;11128;285;12221;12306;7.21;0.44;291.45;10.20;1093;75;4224.00;85
11130;73;625629575;11130;288;12223;12306;7.15;0.44;291.42;10.23;1093;75;4225.00;83
11131;73;625629590;11131;284;12225;12306;7.09;0.43;291.40;10.24;1094;75;4226.00;81
11134;73;625629605;11134;283;12226;12307;7.04;0.43;291.49;10.24;1092;75;4227.00;81
11136;73;625629618;11136;285;12228;12308;6.98;0.43;291.50;10.24;1092;75;4228.00;80
11140;73;625629632;11140;284;12228;12308;6.93;0.42;291.58;10.24;1088;75;4229.00;80
11145;73;625629649;11145;280;12232;12314;6.87;0.42;291.65;10.24;1087;75;4230.00;82
11147;73;625629664;11147;276;12236;12314;6.85;0.42;291.65;10.29;1089;75;4231.00;78
11150;73;625629678;11150;276;12237;12314;6.84;0.42;291.68;10.29;1087;75;4232.00;77
11152;73;625629692;11152;279;12239;12314;6.85;0.42;291.77;10.31;1087;75;4233.00;75
11153;73;625629705;11153;282;12243;12320;6.92;0.42;291.77;10.32;1090;75;4234.00;77
11156;73;625629720;11156;281;12244;12320;6.90;0.42;291.80;10.33;1088;75;4235.00;76
11160;73;625629735;11160;285;12244;12320;6.87;0.42;291.83;10.33;1084;75;4236.00;76
11162;73;625629749;11162;285;12244;12320;6.83;0.42;291.81;10.33;1082;75;4237.00;76
11166;73;625629762;11166;282;12250;12324;6.73;0.41;291.87;10.35;1084;75;4238.00;74
11171;73;625629777;11171;282;12253;12325;6.66;0.41;291.90;10.36;1082;75;4239.00;72
11171;73;625629790;11171;285;12253;12325;6.65;0.41;291.90;10.36;1082;75;4240.00;72
11178;73;625629803;11178;295;12256;12326;6.58;0.40;291.95;10.37;1078;75;4241.00;70
11181;73;625629817;11181;296;12256;12326;6.48;0.40;292.00;10.37;1075;75;4242.00;70
11183;73;625629830;11183;298;12256;12326;6.46;0.39;292.02;10.37;1073;75;4243.00;70
11187;73;625629845;11187;295;12260;12326;6.44;0.39;292.06;10.39;1073;75;4244.00;66
11192;73;625629858;11192;305;12260;12326;6.38;0.39;292.02;10.39;1068;75;4245.00;66
11197;73;625629872;11197;303;12262;12326;6.31;0.39;292.03;10.40;1065;75;4246.00;64
11204;73;625629885;11204;308;12262;12326;6.23;0.38;292.10;10.40;1058;75;4247.00;64
11207;73;625629899;11207;316;12297;12396;6.30;0.39;292.11;10.37;1090;75;4248.00;99
11212;73;625629917;11212;322;12300;12397;6.22;0.38;292.12;10.38;1088;75;4249.00;97
11217;73;625629930;11217;307;12305;12397;6.20;0.38;292.16;10.39;1088;75;4250.00;92
11222;73;625629944;11222;296;12310;12397;6.21;0.38;292.17;10.39;1088;75;4251.00;87
11224;73;625629958;11224;301;12314;12397;6.23;0.38;292.18;10.40;1090;75;4252.00;83
11229;73;625629972;11229;296;12315;12397;6.19;0.38;292.23;10.40;1086;75;4253.00;82
11231;73;625629985;11231;287;12321;12397;6.25;0.38;292.25;10.41;1090;75;4254.00;76
11234;73;625629998;11234;296;12325;12397;6.29;0.38;292.34;10.42;1091;75;4255.00;72
11239;73;625630011;11239;295;12327;12398;6.28;0.38;292.33;10.42;1088;75;4256.00;71
11244;73;625630025;11244;301;12332;12399;6.34;0.39;292.39;10.42;1088;75;4257.00;67
11246;73;625630039;11246;302;12335;12399;6.39;0.39;292.42;10.42;1089;75;4258.00;64
11252;73;625630052;11252;302;12340;12403;6.39;0.39;292.57;10.42;1088;75;4259.00;63
11255;73;625630069;11255;303;12341;12403;6.45;0.39;292.65;10.42;1086;75;4260.00;62
11258;73;625630084;11258;310;12342;12403;6.47;0.40;292.72;10.42;1084;75;4261.00;61
11264;73;625630098;11264;315;12342;12403;6.50;0.40;292.78;10.42;1078;75;4262.00;61
11269;73;625630112;11269;320;12347;12409;6.50;0.40;292.82;10.42;1078;75;4263.00;62
11270;73;625630127;11270;326;12347;12409;6.58;0.40;292.83;10.42;1077;75;4264.00;62
11272;73;625630141;11272;325;12348;12409;6.57;0.40;292.87;10.42;1076;75;4265.00;61
11276;73;625630154;11276;320;12350;12412;6.60;0.40;292.89;10.42;1074;75;4266.00;62
11280;73;625630169;11280;322;12351;12412;6.57;0.40;292.88;10.43;1071;75;4267.00;61
11283;73;625630182;11283;319;12351;12412;6.60;0.40;292.90;10.43;1068;75;4268.00;61
11286;73;625630196;11286;319;12353;12413;6.66;0.41;292.94;10.43;1067;75;4269.00;60
11292;73;625630211;11292;312;12355;12414;6.67;0.41;292.99;10.43;1063;75;4270.00;59
11295;73;625630225;11295;310;12356;12414;6.69;0.41;292.98;10.43;1061;75;4271.00;58
11300;74;625630238;11300;310;12367;12427;6.70;0.41;293.05;10.42;1067;76;4272.00;60
11305;74;625630275;11305;302;12369;12427;6.70;0.41;293.04;10.42;1064;76;4273.00;58
11309;74;625630290;11309;297;12369;12427;6.74;0.41;293.09;10.42;1060;76;4274.00;58
11315;74;625630305;11315;298;12371;12429;6.74;0.41;293.11;10.42;1056;76;4275.00;58
11323;74;625630320;11323;299;12371;12429;6.74;0.41;293.06;10.42;1048;76;4276.00;58
11326;74;625630335;11326;302;12375;12433;6.75;0.41;293.07;10.42;1049;76;4277.00;58
11328;74;625630350;11328;304;12376;12433;6.73;0.41;293.07;10.46;1048;76;4278.00;57
11332;74;625630365;11332;312;12380;12437;6.75;0.41;293.16;10.46;1048;76;4279.00;57
11335;74;625630378;11335;315;12381;12437;6.80;0.42;293.16;10.46;1046;76;4280.00;56
11343;74;625630392;11343;320;12382;12437;6.78;0.41;293.18;10.46;1039;76;4281.00;55
11351;74;625630405;11351;326;12383;12437;6.67;0.41;293.38;10.46;1032;76;4282.00;54
11356;74;625630431;11356;336;12383;12437;6.69;0.41;293.54;10.46;1027;76;4283.00;54
11361;74;625630447;11361;343;12394;12449;6.71;0.41;293.63;10.45;1033;76;4284.00;55
11365;74;625630468;11365;355;12394;12449;6.70;0.41;293.73;10.45;1029;76;4285.00;55
11367;74;625630481;11367;360;12395;12449;6.68;0.41;293.77;10.45;1028;76;4286.00;54
11371;74;625630495;11371;368;12395;12449;6.61;0.41;293.79;10.45;1024;76;4287.00;54
11377;74;625630508;11377;376;12395;12449;6.57;0.40;293.90;10.45;1018;76;4288.00;54
11378;74;625630521;11378;387;12395;12449;6.54;0.40;293.88;10.45;1017;76;4289.00;54
11380;74;625630535;11380;395;12395;12450;6.51;0.40;293.94;10.45;1015;76;4290.00;55
11384;74;625630547;11384;401;12395;12450;6.43;0.39;293.90;10.45;1011;76;4291.00;55
11387;74;625630560;11387;410;12399;12456;6.34;0.39;293.91;10.45;1012;76;4292.00;57
11392;74;625630573;11392;421;12400;12457;6.20;0.38;293.85;10.45;1008;76;4293.00;57
11395;74;625630585;11395;432;12401;12457;6.09;0.37;293.84;10.44;1006;76;4294.00;56
11400;74;625630598;11400;441;12401;12457;5.97;0.37;293.81;10.44;1001;76;4295.00;56
11404;74;625630610;11404;448;12404;12461;5.91;0.36;293.84;10.44;1000;76;4296.00;57
11408;74;625630622;11408;438;12404;12461;5.86;0.36;293.80;10.44;996;76;4297.00;57
11411;74;625630634;11411;438;12404;12461;5.81;0.36;293.80;10.44;993;76;4298.00;57
11414;74;625630647;11414;435;12405;12462;5.80;0.35;293.77;10.44;991;76;4299.00;57
11415;74;625630660;11415;437;12408;12466;5.81;0.36;293.76;10.44;993;76;4300.00;58
11418;74;625630676;11418;438;12408;12466;5.77;0.35;293.72;10.44;990;76;4301.00;58
11419;74;625630688;11419;441;12410;12469;5.81;0.36;293.72;10.44;991;76;4302.00;59
11423;74;625630700;11423;439;12410;12469;5.81;0.36;293.68;10.44;987;76;4303.00;59
11426;74;625630713;11426;440;12411;12469;5.85;0.36;293.62;10.44;985;76;4304.00;58
11428;74;625630725;11428;444;12411;12469;5.84;0.36;293.67;10.44;983;76;4305.00;58
11432;74;625630737;11432;436;12414;12473;5.85;0.36;293.64;10.43;982;76;4306.00;59
11435;74;625630750;11435;427;12415;12473;5.85;0.36;293.61;10.43;980;76;4307.00;58
11438;74;625630762;11438;419;12415;12473;5.90;0.36;293.65;10.43;977;76;4308.00;58
11441;74;625630774;11441;418;12415;12473;5.94;0.36;293.63;10.43;974;76;4309.00;58
11443;74;625630786;11443;409;12415;12474;5.98;0.36;293.65;10.43;972;76;4310.00;59
11444;75;625630799;11444;402;12416;12475;6.01;0.37;293.65;10.43;972;77;4311.00;59
11444;75;625630818;11444;392;12416;12475;6.08;0.37;293.65;10.43;972;77;4312.00;59
11446;75;625630830;11446;383;12417;12476;6.10;0.37;293.67;10.43;971;77;4313.00;59
11447;76;625630846;11447;380;12417;12476;6.11;0.37;293.66;10.43;970;78;4314.00;59
11448;76;625630869;11448;374;12417;12476;6.13;0.37;293.66;10.43;969;78;4315.00;59
11450;76;625630881;11450;374;12417;12476;6.14;0.37;293.66;10.43;967;78;4316.00;59
11452;76;625630894;11452;371;12418;12476;6.14;0.37;293.68;10.47;966;78;4317.00;58
11452;76;625630905;11452;362;12418;12476;6.15;0.37;293.68;10.47;966;78;4318.00;58
11455;76;625630923;11455;358;12418;12476;6.10;0.37;293.66;10.47;963;78;4319.00;58
11457;76;625630937;11457;409;12531;12706;6.26;0.39;293.68;10.38;1074;78;4320.00;175
11459;76;625630967;11459;402;12534;12707;6.21;0.39;293.66;10.38;1075;78;4321.00;173
11459;76;625630980;11459;386;12543;12707;6.23;0.39;293.66;10.37;1084;78;4322.00;164
11461;76;625630992;11461;369;12547;12707;6.21;0.39;293.62;10.37;1086;78;4323.00;160
11462;76;625631005;11462;352;12553;12707;6.20;0.39;293.61;10.37;1091;78;4324.00;154
11465;76;625631017;11465;345;12557;12707;6.15;0.38;293.60;10.36;1092;78;4325.00;150
11465;76;625631030;11465;342;12560;12707;6.13;0.38;293.60;10.36;1095;78;4326.00;147
11465;76;625631043;11465;338;12566;12707;6.15;0.38;293.60;10.36;1101;78;4327.00;141
11466;76;625631056;11466;337;12569;12708;6.20;0.39;293.66;10.36;1103;78;4328.00;139
11467;76;625631069;11467;329;12575;12709;6.21;0.39;293.70;10.36;1108;78;4329.00;134
11470;76;625631082;11470;339;12576;12709;6.20;0.39;293.68;10.36;1106;78;4330.00;133
11471;76;625631096;11471;339;12580;12710;6.21;0.39;293.71;10.36;1109;78;4331.00;130
11474;76;625631109;11474;338;12585;12710;6.22;0.39;293.71;10.36;1111;78;4332.00;125
11476;76;625631122;11476;341;12589;12710;6.25;0.39;293.70;10.36;1113;78;4333.00;121
11477;76;625631135;11477;348;12592;12710;6.23;0.39;293.70;10.36;1115;78;4334.00;118
11479;76;625631158;11479;347;12597;12714;6.14;0.38;293.70;10.36;1118;78;4335.00;117
11479;76;625631173;11479;353;12599;12714;6.08;0.38;293.70;10.36;1120;78;4336.00;115
11480;76;625631186;11480;356;12601;12714;6.08;0.38;293.69;10.36;1121;78;4337.00;113
11480;76;625631199;11480;367;12603;12717;6.05;0.37;293.69;10.36;1123;78;4338.00;114
11481;76;625631213;11481;372;12604;12717;6.08;0.38;293.68;10.37;1123;78;4339.00;113
11483;76;625631226;11483;366;12607;12717;6.08;0.37;293.66;10.41;1124;78;4340.00;110
11484;76;625631240;11484;369;12610;12721;6.05;0.37;293.63;10.41;1126;78;4341.00;111
11488;76;625631253;11488;368;12611;12722;6.09;0.37;293.66;10.40;1123;78;4342.00;111
11490;76;625631268;11490;357;12612;12722;6.09;0.37;293.68;10.40;1122;78;4343.00;110
11490;76;625631280;11490;359;12615;12726;6.14;0.38;293.68;10.40;1125;78;4344.00;111
11493;76;625631294;11493;357;12616;12726;6.06;0.37;293.69;10.44;1123;78;4345.00;110
11495;76;625631311;11495;353;12618;12726;6.06;0.37;293.68;10.48;1123;78;4346.00;108
11499;76;625631331;11499;350;12619;12727;6.01;0.37;293.68;10.48;1120;78;4347.00;108
11502;76;625631352;11502;358;12620;12727;5.96;0.36;293.64;10.48;1118;78;4348.00;107
11505;76;625631374;11505;350;12623;12733;5.96;0.36;293.64;10.52;1118;78;4349.00;110
11508;76;625631400;11508;339;12623;12733;5.90;0.36;293.66;10.52;1115;78;4350.00;110
11510;76;625631419;11510;344;12624;12734;5.86;0.36;293.65;10.52;1114;78;4351.00;110
11514;76;625631434;11514;339;12625;12734;5.75;0.35;293.66;10.52;1111;78;4352.00;109
11516;76;625631456;11516;336;12626;12734;5.74;0.35;293.65;10.56;1110;78;4353.00;108
11519;76;625631470;11519;322;12627;12734;5.70;0.35;293.66;10.56;1108;78;4354.00;107
11522;76;625631484;11522;309;12631;12734;5.73;0.35;293.75;10.61;1109;78;4355.00;103
11525;76;625631500;11525;301;12642;12746;5.79;0.35;293.81;10.60;1117;78;4356.00;104
11527;76;625631516;11527;294;12643;12746;5.84;0.35;293.80;10.63;1116;78;4357.00;103
11529;76;625631530;11529;290;12644;12746;5.90;0.36;293.79;10.63;1115;78;4358.00;102
11532;76;625631543;11532;289;12644;12746;5.96;0.36;293.82;10.63;1112;78;4359.00;102
11534;76;625631557;11534;282;12646;12746;6.04;0.37;293.83;10.66;1112;78;4360.00;100
11536;76;625631572;11536;267;12646;12746;6.10;0.37;293.80;10.66;1110;78;4361.00;100
11539;76;625631586;11539;261;12650;12750;6.15;0.37;293.77;10.69;1111;78;4362.00;100
11541;76;625631602;11541;251;12650;12750;6.22;0.38;293.83;10.69;1109;78;4363.00;100
11544;76;625631616;11544;254;12653;12754;6.31;0.38;293.86;10.72;1109;78;4364.00;101
11546;76;625631631;11546;259;12655;12756;6.30;0.38;293.87;10.72;1109;78;4365.00;101
11546;76;625631646;11546;254;12656;12756;6.35;0.39;293.87;10.72;1110;78;4366.00;100
11550;76;625631660;11550;250;12659;12756;6.40;0.39;293.96;10.75;1109;78;4367.00;97
11551;76;625631674;11551;260;12669;12769;6.46;0.39;294.01;10.75;1118;78;4368.00;100
11552;76;625631690;11552;259;12670;12769;6.58;0.40;293.99;10.78;1118;78;4369.00;99
11554;76;625631704;11554;258;12671;12769;6.64;0.40;294.08;10.78;1117;78;4370.00;98
11555;76;625631719;11555;258;12672;12770;6.75;0.41;294.13;10.78;1117;78;4371.00;98
11557;76;625631733;11557;255;12673;12771;6.84;0.42;294.12;10.81;1116;78;4372.00;98
11560;76;625631748;11560;255;12674;12771;6.90;0.42;294.10;10.81;1114;78;4373.00;97
11564;76;625631763;11564;253;12676;12774;7.00;0.42;294.16;10.81;1112;78;4374.00;98
11567;76;625631778;11567;255;12677;12774;7.07;0.43;294.22;10.82;1110;78;4375.00;97
11569;76;625631793;11569;253;12678;12774;7.17;0.44;294.35;10.82;1109;78;4376.00;96
11574;76;625631808;11574;261;12679;12774;7.21;0.44;294.43;10.82;1105;78;4377.00;95
11576;76;625631824;11576;267;12683;12780;7.34;0.45;294.53;10.82;1107;78;4378.00;97
11582;76;625631840;11582;258;12685;12780;7.40;0.45;294.63;10.82;1103;78;4379.00;95
11584;76;625631858;11584;262;12686;12780;7.47;0.45;294.69;10.83;1102;78;4380.00;94
11587;76;625631873;11587;259;12687;12780;7.49;0.45;294.67;10.84;1100;78;4381.00;93
11588;76;625631889;11588;260;12692;12784;7.50;0.45;294.69;10.85;1104;78;4382.00;92
11591;76;625631903;11591;269;12693;12785;7.46;0.45;294.73;10.85;1102;78;4383.00;92
11594;76;625631919;11594;270;12693;12785;7.40;0.45;294.76;10.85;1099;78;4384.00;92
11598;76;625631934;11598;275;12697;12786;7.38;0.45;294.75;10.88;1099;78;4385.00;89
11603;76;625631950;11603;270;12699;12786;7.35;0.45;294.83;10.90;1096;78;4386.00;87
11605;76;625631966;11605;267;12702;12786;7.35;0.45;294.82;10.93;1097;78;4387.00;84
11608;76;625631982;11608;266;12703;12786;7.31;0.45;294.90;10.94;1095;78;4388.00;83
11611;76;625631996;11611;268;12705;12786;7.29;0.44;294.92;10.96;1094;78;4389.00;81
11614;76;625632010;11614;269;12708;12786;7.28;0.44;294.93;10.98;1094;78;4390.00;78
11616;76;625632025;11616;274;12708;12786;7.24;0.44;295.01;10.98;1092;78;4391.00;78
11617;76;625632040;11617;282;12745;12856;7.31;0.45;295.00;10.97;1128;78;4392.00;111
11622;76;625632060;11622;284;12748;12857;7.23;0.44;295.09;10.98;1126;78;4393.00;109
11625;76;625632083;11625;285;12757;12857;7.24;0.44;295.11;10.98;1132;78;4394.00;100
11630;76;625632098;11630;287;12762;12857;7.23;0.44;295.10;10.99;1132;78;4395.00;95
11632;76;625632113;11632;286;12769;12857;7.26;0.44;295.13;11.00;1137;78;4396.00;88
11634;76;625632127;11634;292;12771;12857;7.26;0.44;295.16;11.01;1137;78;4397.00;86
11636;76;625632141;11636;297;12777;12857;7.24;0.44;295.15;11.02;1141;78;4398.00;80
11638;76;625632163;11638;288;12779;12857;7.24;0.44;295.18;11.04;1141;78;4399.00;78
11640;76;625632178;11640;289;12783;12858;7.23;0.44;295.24;11.05;1143;78;4400.00;75
11642;76;625632197;11642;281;12786;12859;7.22;0.44;295.22;11.05;1144;78;4401.00;73
11647;76;625632213;11647;280;12786;12859;7.19;0.44;295.35;11.05;1139;78;4402.00;73
11650;76;625632228;11650;278;12790;12863;7.13;0.44;295.45;11.06;1140;78;4403.00;73
11653;76;625632251;11653;281;12793;12863;7.08;0.43;295.53;11.07;1140;78;4404.00;70
11653;76;625632266;11653;276;12794;12863;7.04;0.43;295.53;11.08;1141;78;4405.00;69
11656;76;625632282;11656;284;12796;12863;7.00;0.43;295.59;11.09;1140;78;4406.00;67
11658;76;625632298;11658;288;12801;12869;7.06;0.43;295.64;11.09;1143;78;4407.00;68
11659;76;625632314;11659;285;12802;12869;7.10;0.43;295.62;11.09;1143;78;4408.00;67
11661;76;625632330;11661;286;12803;12869;7.07;0.43;295.68;11.10;1142;78;4409.00;66
11664;76;625632347;11664;291;12810;12875;7.05;0.43;295.70;11.10;1146;78;4410.00;65
11666;76;625632363;11666;288;12811;12875;7.09;0.43;295.67;11.11;1145;78;4411.00;64
11672;76;625632377;11672;287;12812;12875;7.00;0.43;295.74;11.12;1140;78;4412.00;63
11678;76;625632392;11678;297;12812;12876;6.91;0.42;295.81;11.12;1134;78;4413.00;64
11683;76;625632406;11683;301;12815;12877;6.81;0.41;295.88;11.13;1132;78;4414.00;62
11686;76;625632420;11686;310;12815;12877;6.70;0.41;295.92;11.13;1129;78;4415.00;62
11691;76;625632435;11691;320;12826;12890;6.57;0.40;295.93;11.13;1135;78;4416.00;64
11697;76;625632450;11697;317;12827;12890;6.44;0.39;295.93;11.13;1130;78;4417.00;63
11701;76;625632464;11701;327;12828;12890;6.29;0.38;295.96;11.13;1127;78;4418.00;62
11706;76;625632478;11706;330;12831;12891;6.10;0.37;296.03;11.14;1125;78;4419.00;60
11709;76;625632491;11709;328;12832;12891;6.02;0.37;296.09;11.15;1123;78;4420.00;59
11713;76;625632504;11713;336;12835;12895;5.98;0.36;296.11;11.15;1122;78;4421.00;60
11718;76;625632518;11718;327;12837;12895;5.96;0.36;296.13;11.15;1119;78;4422.00;58
11722;76;625632531;11722;333;12840;12899;5.96;0.36;296.24;11.15;1118;78;4423.00;59
11723;76;625632544;11723;347;12842;12899;5.95;0.36;296.25;11.16;1119;78;4424.00;57
11727;76;625632557;11727;352;12844;12899;5.92;0.36;296.33;11.16;1117;78;4425.00;55
11731;76;625632570;11731;354;12844;12899;5.90;0.36;296.33;11.16;1113;78;4426.00;55
11732;76;625632590;11732;356;12845;12899;5.92;0.36;296.34;11.17;1113;78;4427.00;54
11735;76;625632603;11735;360;12855;12911;5.99;0.37;296.35;11.16;1120;78;4428.00;56
11738;76;625632617;11738;360;12856;12911;6.00;0.37;296.39;11.16;1118;78;4429.00;55
11742;76;625632630;11742;349;12858;12911;5.99;0.37;296.48;11.16;1116;78;4430.00;53
11746;76;625632644;11746;347;12858;12911;6.04;0.37;296.52;11.16;1112;78;4431.00;53
11752;76;625632657;11752;341;12858;12911;6.04;0.37;296.67;11.16;1106;78;4432.00;53
11754;76;625632670;11754;336;12858;12911;6.12;0.38;296.67;11.16;1104;78;4433.00;53
11759;76;625632683;11759;334;12858;12912;6.15;0.38;296.69;11.16;1099;78;4434.00;54
11764;76;625632696;11764;337;12858;12912;6.15;0.38;296.74;11.16;1094;78;4435.00;54
11766;76;625632710;11766;345;12863;12918;6.23;0.38;296.73;11.15;1097;78;4436.00;55
11770;76;625632724;11770;360;12864;12919;6.24;0.38;296.75;11.15;1094;78;4437.00;55
11773;76;625632737;11773;352;12864;12919;6.28;0.38;296.73;11.15;1091;78;4438.00;55
11777;76;625632750;11777;358;12864;12919;6.28;0.38;296.75;11.15;1087;78;4439.00;55
11779;76;625632765;11779;357;12868;12924;6.23;0.38;296.74;11.15;1089;78;4440.00;56
11782;76;625632778;11782;360;12868;12924;6.19;0.38;296.73;11.15;1086;78;4441.00;56
11784;76;625632792;11784;367;12868;12924;6.17;0.38;296.70;11.15;1084;78;4442.00;56
11788;76;625632805;11788;379;12869;12925;6.18;0.38;296.66;11.15;1081;78;4443.00;56
11791;76;625632818;11791;381;12872;12929;6.19;0.38;296.65;11.15;1081;78;4444.00;57
11794;76;625632832;11794;388;12872;12929;6.16;0.38;296.63;11.15;1078;78;4445.00;57
11796;76;625632846;11796;384;12874;12932;6.16;0.38;296.64;11.15;1078;78;4446.00;58
11799;76;625632859;11799;392;12875;12932;6.13;0.38;296.64;11.14;1076;78;4447.00;57
11802;76;625632872;11802;404;12875;12932;6.10;0.37;296.68;11.14;1073;78;4448.00;57
11806;76;625632884;11806;406;12875;12932;6.05;0.37;296.67;11.14;1069;78;4449.00;57
11809;76;625632898;11809;416;12878;12936;6.08;0.37;296.66;11.14;1069;78;4450.00;58
11817;76;625632911;11817;410;12878;12936;6.04;0.37;296.63;11.14;1061;78;4451.00;58
11823;76;625632924;11823;410;12879;12936;6.00;0.37;296.58;11.14;1056;78;4452.00;57
11824;76;625632938;11824;417;12879;12936;6.04;0.37;296.57;11.14;1055;78;4453.00;57
11830;76;625632951;11830;424;12879;12937;5.96;0.36;296.51;11.14;1049;78;4454.00;58
11835;76;625632963;11835;433;12881;12939;5.94;0.36;296.53;11.14;1046;78;4455.00;58
11839;76;625632977;11839;441;12881;12939;5.89;0.36;296.47;11.14;1042;78;4456.00;58
11846;76;625632990;11846;441;12882;12940;5.86;0.36;296.37;11.14;1036;78;4457.00;58
11849;76;625633002;11849;442;12882;12940;5.82;0.35;296.35;11.14;1033;78;4458.00;58
11853;76;625633015;11853;448;12882;12940;5.75;0.35;296.32;11.14;1029;78;4459.00;58
11854;76;625633027;11854;448;12882;12940;5.67;0.34;296.30;11.14;1028;78;4460.00;58
11857;76;625633039;11857;456;12882;12940;5.56;0.34;296.25;11.14;1025;78;4461.00;58
11859;76;625633051;11859;463;12882;12940;5.52;0.34;296.34;11.14;1023;78;4462.00;58
11863;76;625633064;11863;469;12882;12940;5.43;0.33;296.33;11.14;1019;78;4463.00;58
11864;76;625633076;11864;490;12951;13067;5.88;0.36;296.31;11.08;1087;78;4464.00;116
11866;76;625633099;11866;488;12953;13068;5.82;0.36;296.29;11.08;1087;78;4465.00;115
11867;76;625633111;11867;486;12963;13068;5.85;0.36;296.28;11.07;1096;78;4466.00;105
11868;76;625633124;11868;485;12966;13068;5.82;0.36;296.29;11.07;1098;78;4467.00;102
11869;76;625633136;11869;475;12972;13068;5.78;0.36;296.27;11.10;1103;78;4468.00;96
11872;76;625633150;11872;468;12977;13068;5.76;0.36;296.23;11.10;1105;78;4469.00;91
11872;76;625633164;11872;470;12982;13068;5.76;0.36;296.23;11.10;1110;78;4470.00;86
11874;76;625633177;11874;470;12984;13068;5.73;0.35;296.25;11.10;1110;78;4471.00;84
11875;76;625633189;11875;469;12989;13069;5.79;0.36;296.24;11.10;1114;78;4472.00;80
11876;76;625633203;11876;474;12992;13070;5.78;0.36;296.22;11.10;1116;78;4473.00;78
11879;76;625633217;11879;479;12994;13070;5.73;0.35;296.21;11.10;1115;78;4474.00;76
11881;76;625633231;11881;471;12995;13071;5.69;0.35;296.20;11.10;1114;78;4475.00;76
11884;76;625633244;11884;454;12997;13071;5.71;0.35;296.21;11.10;1113;78;4476.00;74
11886;76;625633258;11886;440;12998;13071;5.77;0.35;296.22;11.10;1112;78;4477.00;73
11889;76;625633272;11889;419;12999;13071;5.84;0.36;296.21;11.10;1110;78;4478.00;72
11891;76;625633287;11891;408;13002;13075;5.93;0.36;296.20;11.10;1111;78;4479.00;73
11891;76;625633310;11891;392;13004;13075;6.04;0.37;296.20;11.10;1113;78;4480.00;71
11891;76;625633333;11891;380;13004;13075;6.15;0.38;296.20;11.10;1113;78;4481.00;71
11891;76;625633369;11891;378;13007;13078;6.30;0.38;296.20;11.10;1116;78;4482.00;71
11893;77;625633394;11893;366;13007;13078;6.37;0.39;296.18;11.10;1114;79;4483.00;71
11894;77;625633442;11894;363;13008;13078;6.43;0.39;296.19;11.10;1114;79;4484.00;70
11894;77;625633459;11894;358;13011;13082;6.53;0.40;296.19;11.09;1117;79;4485.00;71
11895;77;625633475;11895;353;13013;13083;6.63;0.40;296.16;11.09;1118;79;4486.00;70
11897;77;625633492;11897;342;13013;13083;6.66;0.41;296.13;11.09;1116;79;4487.00;70
11897;77;625633508;11897;339;13017;13087;6.74;0.41;296.13;11.09;1120;79;4488.00;70
11899;77;625633525;11899;338;13017;13087;6.78;0.41;296.12;11.09;1118;79;4489.00;70
11901;77;625633540;11901;330;13017;13087;6.78;0.41;296.09;11.09;1116;79;4490.00;70
11902;77;625633562;11902;324;13018;13088;6.82;0.41;296.08;11.09;1116;79;4491.00;70
11905;77;625633579;11905;324;13018;13088;6.78;0.41;296.06;11.09;1113;79;4492.00;70
11907;77;625633594;11907;325;13022;13094;6.81;0.41;296.03;11.09;1115;79;4493.00;72
11908;77;625633610;11908;328;13022;13094;6.85;0.41;296.03;11.09;1114;79;4494.00;72
11910;77;625633625;11910;324;13023;13095;6.86;0.41;296.07;11.08;1113;79;4495.00;72
11910;77;625633647;11910;312;13023;13095;6.87;0.42;296.07;11.08;1113;79;4496.00;72
11912;77;625633662;11912;314;13023;13095;6.88;0.42;296.08;11.08;1111;79;4497.00;72
11916;77;625633678;11916;310;13023;13095;6.89;0.42;296.15;11.08;1107;79;4498.00;72
11917;77;625633693;11917;313;13023;13095;6.91;0.42;296.16;11.08;1106;79;4499.00;72
11922;77;625633710;11922;316;13046;13145;6.87;0.42;296.30;11.07;1124;79;4500.00;99
11922;77;625633735;11922;309;13047;13147;6.88;0.42;296.30;11.06;1125;79;4501.00;100
11925;77;625633750;11925;308;13049;13147;6.88;0.42;296.30;11.06;1124;79;4502.00;98
11928;77;625633765;11928;310;13049;13147;6.84;0.41;296.39;11.06;1121;79;4503.00;98
11930;77;625633780;11930;319;13050;13147;6.84;0.42;296.42;11.06;1120;79;4504.00;97
11931;77;625633795;11931;320;13051;13147;6.79;0.41;296.45;11.06;1120;79;4505.00;96
11932;77;625633810;11932;331;13056;13151;6.78;0.41;296.49;11.06;1124;79;4506.00;95
11934;77;625633824;11934;328;13056;13151;6.81;0.41;296.54;11.06;1122;79;4507.00;95
11936;77;625633840;11936;337;13061;13155;6.78;0.41;296.60;11.06;1125;79;4508.00;94
11940;77;625633856;11940;329;13062;13156;6.73;0.41;296.61;11.06;1122;79;4509.00;94
11942;77;625633871;11942;326;13063;13156;6.69;0.41;296.64;11.06;1121;79;4510.00;93
11946;77;625633885;11946;321;13063;13156;6.58;0.40;296.68;11.06;1117;79;4511.00;93
11948;77;625633900;11948;318;13070;13169;6.55;0.40;296.74;11.05;1122;79;4512.00;99
11950;77;625633916;11950;315;13070;13169;6.53;0.40;296.74;11.05;1120;79;4513.00;99
11955;77;625633930;11955;314;13071;13169;6.47;0.40;296.81;11.05;1116;79;4514.00;98
11957;77;625633945;11957;317;13072;13170;6.46;0.40;296.81;11.05;1115;79;4515.00;98
11959;77;625633959;11959;312;13073;13171;6.47;0.40;296.90;11.05;1114;79;4516.00;98
11964;77;625633974;11964;310;13073;13171;6.49;0.40;296.94;11.05;1109;79;4517.00;98
11969;77;625633987;11969;310;13075;13174;6.50;0.40;297.00;11.05;1106;79;4518.00;99
11974;77;625634002;11974;301;13075;13174;6.50;0.40;296.98;11.05;1101;79;4519.00;99
11983;77;625634016;11983;297;13076;13174;6.44;0.39;297.07;11.05;1093;79;4520.00;98
11986;77;625634030;11986;291;13076;13174;6.41;0.39;297.08;11.05;1090;79;4521.00;98
11989;77;625634044;11989;286;13080;13180;6.41;0.39;297.14;11.05;1091;79;4522.00;100
11993;77;625634058;11993;273;13080;13180;6.40;0.39;297.14;11.05;1087;79;4523.00;100
11997;77;625634072;11997;267;13080;13180;6.41;0.39;297.24;11.05;1083;79;4524.00;100
12000;77;625634087;12000;264;13081;13180;6.44;0.39;297.24;11.06;1081;79;4525.00;99
12002;77;625634102;12002;262;13085;13184;6.46;0.39;297.22;11.06;1083;79;4526.00;99
12004;77;625634116;12004;259;13087;13185;6.55;0.40;297.27;11.10;1083;79;4527.00;98
12009;77;625634137;12009;256;13088;13185;6.62;0.40;297.33;11.10;1079;79;4528.00;97
12015;77;625634150;12015;256;13089;13186;6.67;0.41;297.31;11.10;1074;79;4529.00;97
12018;77;625634166;12018;254;13089;13186;6.68;0.41;297.34;11.10;1071;79;4530.00;97
12020;77;625634180;12020;254;13089;13186;6.73;0.41;297.30;11.10;1069;79;4531.00;97
12025;78;625634193;12025;244;13090;13186;6.76;0.41;297.34;11.10;1065;80;4532.00;96
12031;78;625634213;12031;248;13090;13186;6.82;0.41;297.33;11.10;1059;80;4533.00;96
12033;78;625634227;12033;246;13092;13186;6.83;0.41;297.33;11.11;1059;80;4534.00;94
12036;78;625634245;12036;239;13092;13186;6.90;0.42;297.36;11.11;1056;80;4535.00;94
12041;78;625634259;12041;249;13130;13256;6.99;0.43;297.37;11.08;1089;80;4536.00;126
12043;78;625634280;12043;243;13133;13257;7.00;0.43;297.38;11.12;1090;80;4537.00;124
12046;78;625634295;12046;241;13139;13257;7.08;0.43;297.41;11.12;1093;80;4538.00;118
12049;78;625634315;12049;245;13142;13257;7.16;0.43;297.37;11.12;1093;80;4539.00;115
12051;78;625634330;12051;249;13146;13257;7.23;0.44;297.39;11.12;1095;80;4540.00;111
12053;78;625634345;12053;249;13148;13257;7.30;0.44;297.42;11.12;1095;80;4541.00;109
12053;78;625634361;12053;250;13151;13257;7.37;0.45;297.42;11.12;1098;80;4542.00;106
12056;78;625634375;12056;251;13157;13257;7.41;0.45;297.44;11.17;1101;80;4543.00;100
12057;78;625634389;12057;250;13159;13258;7.47;0.45;297.49;11.17;1102;80;4544.00;99
12061;78;625634403;12061;249;13164;13260;7.47;0.45;297.48;11.17;1103;80;4545.00;96
12063;78;625634418;12063;247;13166;13260;7.46;0.45;297.57;11.17;1103;80;4546.00;94
12067;78;625634432;12067;242;13171;13264;7.43;0.45;297.61;11.17;1104;80;4547.00;93
12069;78;625634447;12069;248;13172;13264;7.37;0.45;297.68;11.18;1103;80;4548.00;92
12074;78;625634461;12074;246;13172;13264;7.36;0.45;297.71;11.18;1098;80;4549.00;92
12075;78;625634477;12075;246;13174;13264;7.35;0.45;297.75;11.20;1099;80;4550.00;90
12079;78;625634491;12079;247;13178;13270;7.34;0.45;297.77;11.20;1099;80;4551.00;92
12079;78;625634505;12079;254;13181;13270;7.31;0.44;297.77;11.22;1102;80;4552.00;89
12081;78;625634520;12081;257;13181;13270;7.25;0.44;297.81;11.22;1100;80;4553.00;89
12084;78;625634536;12084;261;13186;13273;7.26;0.44;297.87;11.24;1102;80;4554.00;87
12086;78;625634551;12086;271;13187;13273;7.23;0.44;297.92;11.24;1101;80;4555.00;86
12089;78;625634566;12089;274;13189;13273;7.20;0.44;297.93;11.25;1100;80;4556.00;84
12093;78;625634581;12093;272;13191;13274;7.22;0.44;297.93;11.27;1098;80;4557.00;83
12095;78;625634597;12095;272;13193;13275;7.20;0.44;297.99;11.27;1098;80;4558.00;82
12097;78;625634611;12097;272;13195;13275;7.22;0.44;297.99;11.29;1098;80;4559.00;80
12100;78;625634627;12100;283;13212;13301;7.24;0.44;297.99;11.28;1112;80;4560.00;89
12105;78;625634644;12105;280;13215;13301;7.27;0.44;298.03;11.29;1110;80;4561.00;86
12108;78;625634657;12108;277;13219;13301;7.27;0.44;298.06;11.29;1111;80;4562.00;82
12112;78;625634671;12112;285;13222;13302;7.27;0.44;298.05;11.31;1110;80;4563.00;80
12117;78;625634686;12117;290;13224;13302;7.17;0.43;298.08;11.32;1107;80;4564.00;78
12118;78;625634699;12118;302;13228;13306;7.12;0.43;298.07;11.32;1110;80;4565.00;78
12121;78;625634713;12121;297;13230;13306;6.99;0.42;298.14;11.33;1109;80;4566.00;76
12123;78;625634732;12123;306;13233;13310;6.91;0.42;298.19;11.33;1110;80;4567.00;77
12123;78;625634746;12123;313;13234;13310;6.82;0.41;298.19;11.33;1111;80;4568.00;76
12125;78;625634759;12125;305;13237;13310;6.71;0.41;298.24;11.37;1112;80;4569.00;73
12128;78;625634772;12128;301;13238;13310;6.69;0.41;298.25;11.38;1110;80;4570.00;72
12129;78;625634785;12129;303;13238;13310;6.66;0.41;298.29;11.38;1109;80;4571.00;72
12134;78;625634798;12134;299;13250;13322;6.68;0.41;298.33;11.38;1116;80;4572.00;72
12137;78;625634813;12137;298;13251;13322;6.66;0.41;298.39;11.39;1114;80;4573.00;71
12139;78;625634834;12139;301;13251;13322;6.62;0.40;298.43;11.39;1112;80;4574.00;71
12141;78;625634847;12141;305;13253;13322;6.58;0.40;298.47;11.41;1112;80;4575.00;69
12143;78;625634859;12143;308;13254;13322;6.53;0.40;298.51;11.41;1111;80;4576.00;68
12146;78;625634872;12146;314;13256;13322;6.50;0.40;298.58;11.43;1110;80;4577.00;66
12148;78;625634885;12148;322;13256;13323;6.51;0.40;298.63;11.43;1108;80;4578.00;67
12152;78;625634898;12152;326;13256;13323;6.49;0.40;298.68;11.43;1104;80;4579.00;67
12153;78;625634911;12153;331;13262;13329;6.52;0.40;298.69;11.45;1109;80;4580.00;67
12157;78;625634923;12157;331;13263;13330;6.47;0.39;298.75;11.45;1106;80;4581.00;67
12162;78;625634936;12162;342;13266;13330;6.39;0.39;298.80;11.46;1104;80;4582.00;64
12165;78;625634948;12165;346;13266;13330;6.26;0.38;298.76;11.46;1101;80;4583.00;64
12169;78;625634960;12169;348;13269;13334;6.17;0.38;298.82;11.46;1100;80;4584.00;65
12172;78;625634978;12172;359;13271;13334;6.02;0.37;298.86;11.48;1099;80;4585.00;63
12174;78;625634990;12174;363;13271;13334;5.87;0.36;298.84;11.48;1097;80;4586.00;63
12178;78;625635001;12178;379;13274;13335;5.72;0.35;298.85;11.49;1096;80;4587.00;61
12182;78;625635012;12182;383;13277;13339;5.58;0.34;298.93;11.49;1095;80;4588.00;62
12185;78;625635025;12185;401;13277;13339;5.47;0.34;298.92;11.49;1092;80;4589.00;62
12188;78;625635037;12188;396;13282;13345;5.43;0.33;298.92;11.50;1094;80;4590.00;63
12191;78;625635049;12191;394;13283;13345;5.34;0.33;299.01;11.50;1092;80;4591.00;62
12197;78;625635060;12197;395;13285;13345;5.25;0.32;298.95;11.51;1088;80;4592.00;60
12202;78;625635071;12202;396;13286;13345;5.23;0.32;298.91;11.51;1084;80;4593.00;59
12204;78;625635083;12204;387;13289;13349;5.25;0.32;298.87;11.52;1085;80;4594.00;60
12210;78;625635094;12210;393;13291;13349;5.22;0.32;298.88;11.52;1081;80;4595.00;58
12212;78;625635106;12212;405;13291;13349;5.22;0.32;298.89;11.52;1079;80;4596.00;58
12213;78;625635118;12213;405;13292;13349;5.29;0.32;298.93;11.52;1079;80;4597.00;57
12216;78;625635129;12216;406;13292;13350;5.29;0.32;298.94;11.52;1076;80;4598.00;58
12219;78;625635141;12219;405;13294;13351;5.34;0.33;298.95;11.52;1075;80;4599.00;57
12221;78;625635153;12221;410;13294;13351;5.34;0.33;298.95;11.52;1073;80;4600.00;57
12223;78;625635168;12223;411;13295;13352;5.38;0.33;298.92;11.52;1072;80;4601.00;57
12229;78;625635181;12229;410;13295;13352;5.41;0.33;298.95;11.52;1066;80;4602.00;57
12233;78;625635193;12233;408;13295;13352;5.42;0.33;298.90;11.52;1062;80;4603.00;57
12238;78;625635205;12238;410;13295;13352;5.42;0.33;298.88;11.52;1057;80;4604.00;57
12241;78;625635217;12241;410;13295;13352;5.38;0.33;298.87;11.52;1054;80;4605.00;57
12243;78;625635228;12243;404;13295;13352;5.38;0.33;298.87;11.52;1052;80;4606.00;57
12245;78;625635239;12245;404;13295;13352;5.35;0.33;298.86;11.52;1050;80;4607.00;57
12251;78;625635251;12251;410;13359;13479;5.71;0.36;298.90;11.46;1108;80;4608.00;120
12255;78;625635272;12255;413;13360;13480;5.71;0.36;298.86;11.46;1105;80;4609.00;120
12259;78;625635285;12259;411;13369;13480;5.80;0.36;298.86;11.46;1110;80;4610.00;111
12262;78;625635297;12262;417;13376;13480;5.83;0.36;298.86;11.45;1114;80;4611.00;104
12263;78;625635310;12263;414;13384;13480;5.89;0.37;298.85;11.45;1121;80;4612.00;96
12271;78;625635338;12271;424;13389;13480;5.82;0.36;298.78;11.45;1118;80;4613.00;91
12274;78;625635358;12274;428;13394;13480;5.78;0.36;298.80;11.44;1120;80;4614.00;86
12280;78;625635376;12280;436;13397;13480;5.72;0.36;298.76;11.44;1117;80;4615.00;83
12285;78;625635398;12285;441;13401;13481;5.69;0.35;298.74;11.44;1116;80;4616.00;80
12289;78;625635416;12289;445;13404;13482;5.61;0.35;298.72;11.44;1115;80;4617.00;78
12290;78;625635441;12290;449;13406;13482;5.60;0.35;298.73;11.44;1116;80;4618.00;76
12294;78;625635456;12294;457;13407;13483;5.60;0.35;298.71;11.44;1113;80;4619.00;76
12296;78;625635473;12296;462;13408;13483;5.57;0.35;298.72;11.44;1112;80;4620.00;75
12301;78;625635489;12301;477;13409;13483;5.54;0.34;298.71;11.44;1108;80;4621.00;74
12304;78;625635503;12304;491;13412;13483;5.52;0.34;298.70;11.49;1108;80;4622.00;71
12309;78;625635518;12309;498;13415;13487;5.51;0.34;298.70;11.49;1106;80;4623.00;72
12311;78;625635533;12311;510;13417;13487;5.50;0.34;298.71;11.49;1106;80;4624.00;70
12313;78;625635549;12313;512;13418;13487;5.46;0.34;298.70;11.49;1105;80;4625.00;69
12314;78;625635569;12314;524;13420;13490;5.45;0.34;298.70;11.49;1106;80;4626.00;70
12317;78;625635583;12317;516;13421;13490;5.41;0.33;298.67;11.49;1104;80;4627.00;69
12317;78;625635597;12317;499;13421;13490;5.44;0.34;298.67;11.49;1104;80;4628.00;69
12320;78;625635612;12320;496;13425;13494;5.46;0.34;298.67;11.48;1105;80;4629.00;69
12323;78;625635627;12323;495;13426;13495;5.47;0.34;298.69;11.48;1103;80;4630.00;69
12326;78;625635647;12326;489;13427;13495;5.50;0.34;298.66;11.48;1101;80;4631.00;68
12328;78;625635661;12328;484;13430;13499;5.59;0.34;298.67;11.48;1102;80;4632.00;69
12328;78;625635675;12328;476;13430;13499;5.64;0.35;298.67;11.48;1102;80;4633.00;69
12329;78;625635695;12329;470;13430;13499;5.65;0.35;298.65;11.48;1101;80;4634.00;69
12331;78;625635710;12331;474;13432;13501;5.68;0.35;298.64;11.48;1101;80;4635.00;69
12335;78;625635724;12335;471;13432;13501;5.72;0.35;298.62;11.48;1097;80;4636.00;69
12338;78;625635738;12338;459;13437;13507;5.78;0.35;298.57;11.52;1099;80;4637.00;70
12339;78;625635759;12339;443;13438;13507;5.87;0.36;298.57;11.52;1099;80;4638.00;69
12342;78;625635774;12342;436;13438;13508;5.95;0.36;298.56;11.52;1096;80;4639.00;70
12344;78;625635790;12344;433;13439;13508;6.03;0.37;298.52;11.56;1095;80;4640.00;69
12346;78;625635804;12346;430;13439;13508;6.10;0.37;298.50;11.56;1093;80;4641.00;69
12349;78;625635819;12349;416;13439;13508;6.19;0.38;298.48;11.56;1090;80;4642.00;69
12351;78;625635834;12351;409;13440;13508;6.26;0.38;298.53;11.60;1089;80;4643.00;68
12353;78;625635850;12353;408;13449;13520;6.40;0.39;298.50;11.60;1096;81;4644.00;71
12353;78;625635876;12353;410;13450;13520;6.46;0.39;298.50;11.60;1097;81;4645.00;70
12354;78;625635897;12354;408;13451;13520;6.58;0.40;298.49;11.60;1097;81;4646.00;69
12357;78;625635911;12357;400;13451;13520;6.66;0.40;298.47;11.60;1094;81;4647.00;69
12359;78;625635927;12359;394;13451;13520;6.72;0.41;298.49;11.60;1092;81;4648.00;69
12362;78;625635943;12362;387;13451;13520;6.76;0.41;298.47;11.60;1089;81;4649.00;69
12363;78;625635966;12363;378;13456;13526;6.82;0.41;298.48;11.59;1093;81;4650.00;70
12367;78;625635983;12367;373;13456;13526;6.87;0.42;298.48;11.59;1089;81;4651.00;70
12369;78;625635999;12369;369;13459;13530;6.93;0.42;298.48;11.59;1090;81;4652.00;71
12376;78;625636015;12376;364;13461;13531;6.91;0.42;298.52;11.59;1085;81;4653.00;70
12376;78;625636030;12376;369;13461;13531;6.94;0.42;298.52;11.59;1085;81;4654.00;70
12381;78;625636046;12381;367;13461;13531;6.89;0.42;298.63;11.59;1080;81;4655.00;70
12384;78;625636061;12384;374;13472;13544;6.91;0.42;298.63;11.58;1088;81;4656.00;72
12386;78;625636078;12386;370;13472;13544;6.88;0.42;298.64;11.58;1086;81;4657.00;72
12391;78;625636093;12391;376;13472;13544;6.80;0.41;298.74;11.58;1081;81;4658.00;72
12392;78;625636108;12392;373;13473;13545;6.81;0.41;298.75;11.58;1081;81;4659.00;72
12395;78;625636123;12395;375;13473;13546;6.80;0.41;298.79;11.58;1078;81;4660.00;73
12398;78;625636138;12398;374;13473;13546;6.75;0.41;298.79;11.58;1075;81;4661.00;73
12401;78;625636154;12401;369;13475;13549;6.76;0.41;298.87;11.58;1074;81;4662.00;74
12405;78;625636169;12405;364;13476;13549;6.72;0.41;298.91;11.62;1071;81;4663.00;73
12406;78;625636185;12406;365;13477;13549;6.70;0.41;298.94;11.62;1071;81;4664.00;72
12409;78;625636199;12409;367;13477;13549;6.66;0.40;298.99;11.62;1068;81;4665.00;72
12412;78;625636214;12412;362;13481;13555;6.66;0.41;299.04;11.61;1069;81;4666.00;74
12415;78;625636228;12415;366;13481;13555;6.64;0.40;299.07;11.61;1066;81;4667.00;74
12418;78;625636242;12418;363;13482;13555;6.66;0.41;299.10;11.61;1064;81;4668.00;73
12421;78;625636257;12421;369;13482;13555;6.69;0.41;299.12;11.61;1061;81;4669.00;73
12425;78;625636271;12425;370;13485;13559;6.65;0.41;299.19;11.61;1060;81;4670.00;74
12428;78;625636286;12428;365;13486;13560;6.64;0.40;299.22;11.61;1058;81;4671.00;74
12431;78;625636300;12431;368;13486;13560;6.63;0.40;299.22;11.61;1055;81;4672.00;74
12436;78;625636314;12436;368;13487;13561;6.56;0.40;299.29;11.61;1051;81;4673.00;74
12437;78;625636329;12437;372;13487;13561;6.52;0.40;299.29;11.61;1050;81;4674.00;74
12442;78;625636342;12442;371;13487;13561;6.48;0.40;299.40;11.61;1045;81;4675.00;74
12443;78;625636355;12443;372;13487;13561;6.47;0.39;299.39;11.61;1044;81;4676.00;74
12445;78;625636370;12445;373;13487;13561;6.46;0.39;299.40;11.61;1042;81;4677.00;74
12446;78;625636382;12446;364;13487;13561;6.53;0.40;299.44;11.61;1041;81;4678.00;74
12449;78;625636395;12449;358;13487;13561;6.56;0.40;299.48;11.61;1038;81;4679.00;74
12452;78;625636408;12452;377;13549;13686;6.54;0.40;299.54;11.56;1097;81;4680.00;137
12455;78;625636431;12455;360;13549;13687;6.58;0.41;299.58;11.56;1094;81;4681.00;138
12455;78;625636444;12455;359;13557;13687;6.67;0.41;299.58;11.55;1102;81;4682.00;130
12458;78;625636457;12458;345;13561;13687;6.76;0.42;299.56;11.55;1103;81;4683.00;126
12461;78;625636470;12461;334;13566;13687;6.82;0.42;299.60;11.54;1105;81;4684.00;121
12464;78;625636483;12464;325;13571;13687;6.87;0.42;299.65;11.58;1107;81;4685.00;116
12467;78;625636496;12467;319;13576;13687;6.87;0.43;299.65;11.58;1109;81;4686.00;111
12473;78;625636509;12473;321;13578;13687;6.89;0.43;299.75;11.58;1105;81;4687.00;109
12478;78;625636523;12478;324;13581;13688;6.89;0.42;299.76;11.58;1103;81;4688.00;107
12482;78;625636536;12482;326;13584;13689;6.82;0.42;299.80;11.58;1102;81;4689.00;105
12486;78;625636550;12486;325;13585;13689;6.71;0.41;299.87;11.58;1099;81;4690.00;104
12490;78;625636563;12490;326;13589;13693;6.64;0.41;299.90;11.58;1099;81;4691.00;104
12496;78;625636577;12496;314;13590;13693;6.57;0.40;299.99;11.58;1094;81;4692.00;103
12501;78;625636590;12501;317;13592;13693;6.48;0.40;300.09;11.62;1091;81;4693.00;101
12505;78;625636603;12505;317;13593;13693;6.48;0.40;300.17;11.62;1088;81;4694.00;100
12509;78;625636616;12509;320;13599;13699;6.44;0.40;300.18;11.64;1090;81;4695.00;100
12514;78;625636631;12514;318;13599;13699;6.40;0.39;300.28;11.64;1085;81;4696.00;100
12516;78;625636645;12516;315;13600;13699;6.40;0.39;300.27;11.64;1084;81;4697.00;99
12522;78;625636658;12522;315;13602;13702;6.40;0.39;300.26;11.64;1080;81;4698.00;100
12528;78;625636672;12528;315;13603;13702;6.40;0.39;300.35;11.64;1075;81;4699.00;99
12529;78;625636686;12529;312;13605;13702;6.46;0.39;300.38;11.68;1076;81;4700.00;97
12532;78;625636703;12532;310;13605;13703;6.54;0.40;300.39;11.68;1073;81;4701.00;98
12538;78;625636717;12538;310;13606;13704;6.64;0.40;300.43;11.68;1068;81;4702.00;98
12538;78;625636730;12538;301;13607;13704;6.69;0.41;300.43;11.71;1069;81;4703.00;97
12542;78;625636743;12542;294;13615;13717;6.74;0.41;300.44;11.71;1073;81;4704.00;102
12545;78;625636757;12545;296;13616;13717;6.74;0.41;300.38;11.75;1071;81;4705.00;101
12548;78;625636770;12548;283;13617;13717;6.79;0.41;300.41;11.74;1069;81;4706.00;100
12549;78;625636784;12549;278;13618;13718;6.83;0.42;300.47;11.74;1069;81;4707.00;100
12552;78;625636798;12552;274;13620;13718;6.83;0.42;300.57;11.78;1068;81;4708.00;98
12556;78;625636811;12556;272;13622;13722;6.84;0.42;300.58;11.78;1066;81;4709.00;100
12559;78;625636827;12559;274;13625;13722;6.85;0.42;300.57;11.78;1066;81;4710.00;97
12561;78;625636840;12561;274;13628;13726;6.87;0.42;300.56;11.77;1067;81;4711.00;98
12564;78;625636854;12564;281;13628;13726;6.90;0.42;300.60;11.77;1064;81;4712.00;98
12567;78;625636867;12567;276;13629;13726;6.91;0.42;300.61;11.78;1062;81;4713.00;97
12569;78;625636887;12569;285;13629;13726;6.91;0.42;300.70;11.78;1060;81;4714.00;97
12570;78;625636900;12570;282;13629;13726;6.92;0.42;300.70;11.78;1059;81;4715.00;97
12572;78;625636914;12572;280;13640;13738;6.95;0.42;300.74;11.77;1068;81;4716.00;98
12574;78;625636928;12574;280;13642;13738;6.96;0.42;300.84;11.77;1068;81;4717.00;96
12575;78;625636942;12575;284;13642;13738;6.99;0.43;300.84;11.77;1067;81;4718.00;96
12578;78;625636955;12578;283;13643;13738;7.01;0.43;300.90;11.77;1065;81;4719.00;95
12580;78;625636969;12580;283;13644;13738;7.03;0.43;300.91;11.78;1064;81;4720.00;94
12584;78;625636982;12584;282;13644;13738;7.09;0.43;300.93;11.78;1060;81;4721.00;94
12586;78;625636995;12586;288;13645;13739;7.10;0.43;301.00;11.78;1059;81;4722.00;94
12589;78;625637009;12589;288;13647;13739;7.12;0.43;301.04;11.81;1058;81;4723.00;92
12590;78;625637023;12590;286;13651;13745;7.16;0.44;301.08;11.81;1061;81;4724.00;94
12593;78;625637037;12593;285;13657;13747;7.17;0.44;301.11;11.85;1064;81;4725.00;90
12594;78;625637051;12594;288;13657;13747;7.19;0.44;301.15;11.85;1063;81;4726.00;90
12599;78;625637065;12599;295;13658;13747;7.19;0.44;301.14;11.86;1059;81;4727.00;89
12602;78;625637078;12602;295;13663;13751;7.24;0.44;301.21;11.88;1061;81;4728.00;88
12605;78;625637092;12605;297;13663;13751;7.25;0.44;301.31;11.88;1058;81;4729.00;88
12607;78;625637105;12607;300;13664;13751;7.24;0.44;301.34;11.89;1057;81;4730.00;87
12610;78;625637119;12610;303;13666;13752;7.20;0.44;301.36;11.90;1056;81;4731.00;86
12615;78;625637137;12615;307;13669;13756;7.15;0.44;301.40;11.90;1054;81;4732.00;87
12617;78;625637151;12617;313;13670;13756;7.11;0.43;301.46;11.91;1053;81;4733.00;86
12620;78;625637164;12620;312;13674;13759;7.07;0.43;301.48;11.93;1054;81;4734.00;85
12621;78;625637177;12621;313;13676;13759;7.04;0.43;301.48;11.94;1055;81;4735.00;83
12622;78;625637195;12622;316;13676;13759;7.03;0.43;301.50;11.94;1054;81;4736.00;83
12623;78;625637209;12623;325;13678;13759;7.01;0.43;301.55;11.96;1055;81;4737.00;81
12626;78;625637228;12626;328;13681;13763;7.05;0.43;301.59;11.96;1055;81;4738.00;82
12627;78;625637242;12627;327;13682;13763;7.01;0.43;301.58;11.97;1055;81;4739.00;81
12631;78;625637256;12631;328;13684;13763;6.90;0.42;301.55;11.97;1053;81;4740.00;79
12638;78;625637269;12638;330;13685;13763;6.81;0.42;301.55;11.98;1047;81;4741.00;78
12640;78;625637282;12640;326;13686;13764;6.75;0.41;301.53;11.99;1046;81;4742.00;78
12644;78;625637296;12644;321;13688;13765;6.74;0.41;301.59;12.00;1044;81;4743.00;77
12646;78;625637310;12646;318;13689;13765;6.69;0.41;301.57;12.00;1043;81;4744.00;76
12648;78;625637330;12648;325;13690;13766;6.67;0.41;301.54;12.00;1042;81;4745.00;76
12648;78;625637349;12648;332;13691;13766;6.69;0.41;301.54;12.01;1043;81;4746.00;75
12648;78;625637369;12648;328;13693;13766;6.69;0.41;301.54;12.03;1045;81;4747.00;73
12648;78;625637386;12648;327;13693;13766;6.70;0.41;301.54;12.03;1045;81;4748.00;73
12651;78;625637404;12651;328;13695;13766;6.65;0.41;301.51;12.04;1044;81;4749.00;71
12653;78;625637424;12653;335;13695;13766;6.58;0.40;301.47;12.04;1042;81;4750.00;71
12661;78;625637440;12661;341;13696;13766;6.44;0.39;301.46;12.05;1035;81;4751.00;70
12661;78;625637454;12661;355;13762;13893;6.64;0.41;301.46;12.00;1101;81;4752.00;131
12664;78;625637478;12664;360;13764;13894;6.56;0.41;301.48;12.00;1100;81;4753.00;130
12666;78;625637493;12666;363;13774;13894;6.59;0.41;301.50;12.01;1108;81;4754.00;120
12669;78;625637507;12669;371;13779;13894;6.50;0.40;301.46;12.01;1110;81;4755.00;115
12673;78;625637520;12673;370;13787;13894;6.44;0.40;301.45;12.00;1114;81;4756.00;107
12675;78;625637535;12675;378;13791;13894;6.35;0.39;301.44;12.01;1116;81;4757.00;103
12677;78;625637552;12677;378;13795;13894;6.26;0.39;301.45;12.01;1118;81;4758.00;99
12679;78;625637565;12679;381;13797;13894;6.23;0.39;301.42;12.01;1118;81;4759.00;97
12686;78;625637578;12686;383;13800;13895;6.16;0.38;301.33;12.02;1114;81;4760.00;95
12692;78;625637591;12692;381;13807;13896;6.12;0.38;301.29;12.03;1115;81;4761.00;89
12693;78;625637605;12693;378;13809;13896;6.07;0.38;301.29;12.03;1116;81;4762.00;87
12696;78;625637618;12696;376;13814;13897;6.03;0.37;301.27;12.04;1118;81;4763.00;83
12700;78;625637632;12700;380;13816;13897;5.98;0.37;301.29;12.04;1116;81;4764.00;81
12701;78;625637645;12701;390;13821;13897;6.00;0.37;301.28;12.05;1120;81;4765.00;76
12703;78;625637659;12703;406;13823;13897;5.99;0.37;301.31;12.05;1120;81;4766.00;74
12709;78;625637673;12709;402;13827;13901;5.99;0.37;301.26;12.05;1118;81;4767.00;74
12711;78;625637687;12711;406;13830;13901;6.04;0.37;301.26;12.06;1119;81;4768.00;71
12713;78;625637701;12713;408;13831;13901;6.03;0.37;301.27;12.06;1118;81;4769.00;70
12714;78;625637716;12714;408;13834;13907;6.04;0.37;301.28;12.06;1120;81;4770.00;73
12721;78;625637730;12721;415;13835;13907;5.94;0.36;301.26;12.06;1114;81;4771.00;72
12722;78;625637743;12722;423;13836;13907;5.95;0.36;301.24;12.06;1114;81;4772.00;71
12727;78;625637756;12727;432;13839;13911;5.88;0.36;301.21;12.05;1112;81;4773.00;72
12731;78;625637769;12731;432;13841;13912;5.83;0.36;301.19;12.05;1110;81;4774.00;71
12733;78;625637781;12733;430;13841;13912;5.81;0.36;301.17;12.05;1108;81;4775.00;71
12738;78;625637794;12738;433;13845;13916;5.76;0.35;301.18;12.05;1107;81;4776.00;71
12741;78;625637807;12741;435;13845;13916;5.73;0.35;301.17;12.05;1104;81;4777.00;71
12743;78;625637820;12743;445;13846;13916;5.66;0.35;301.17;12.05;1103;81;4778.00;70
12745;78;625637833;12745;432;13847;13917;5.67;0.35;301.17;12.05;1102;81;4779.00;70
12749;78;625637847;12749;427;13847;13917;5.63;0.35;301.15;12.05;1098;81;4780.00;70
12755;78;625637861;12755;426;13851;13923;5.64;0.35;301.08;12.04;1096;81;4781.00;72
12757;78;625637875;12757;423;13851;13923;5.67;0.35;301.08;12.04;1094;81;4782.00;72
12760;78;625637889;12760;416;13852;13924;5.73;0.35;301.04;12.04;1092;81;4783.00;72
12763;78;625637902;12763;408;13852;13924;5.80;0.36;301.05;12.04;1089;81;4784.00;72
12765;78;625637916;12765;407;13852;13924;5.86;0.36;301.02;12.04;1087;81;4785.00;72
12769;78;625637938;12769;400;13852;13924;5.90;0.36;301.01;12.04;1083;81;4786.00;72
12772;78;625637952;12772;391;13852;13924;5.94;0.36;301.04;12.04;1080;81;4787.00;72
12776;78;625637967;12776;396;13861;13936;6.01;0.37;301.02;12.04;1085;81;4788.00;75
12780;78;625637982;12780;398;13861;13936;6.02;0.37;301.00;12.04;1081;81;4789.00;75
12785;78;625637996;12785;395;13863;13936;6.05;0.37;300.98;12.04;1078;81;4790.00;73
12789;78;625638022;12789;399;13863;13936;6.04;0.37;300.97;12.04;1074;81;4791.00;73
12790;78;625638036;12790;399;13863;13936;6.07;0.37;300.98;12.04;1073;81;4792.00;73
12792;78;625638050;12792;403;13863;13936;6.11;0.37;300.97;12.04;1071;81;4793.00;73
12796;78;625638073;12796;408;13866;13940;6.10;0.37;300.94;12.03;1070;81;4794.00;74
12802;78;625638088;12802;413;13866;13940;6.06;0.37;300.95;12.03;1064;81;4795.00;74
12803;78;625638103;12803;415;13869;13944;6.07;0.37;300.93;12.03;1066;81;4796.00;75
12805;78;625638117;12805;418;13870;13945;6.04;0.37;300.93;12.03;1065;81;4797.00;75
12806;78;625638131;12806;424;13871;13945;5.99;0.37;300.91;12.03;1065;81;4798.00;74
12810;78;625638145;12810;426;13871;13945;5.90;0.36;300.89;12.03;1061;81;4799.00;74
12811;78;625638162;12811;436;13893;13986;5.96;0.36;300.89;12.01;1082;81;4800.00;93
12816;78;625638186;12816;435;13894;13986;5.89;0.36;300.92;12.01;1078;81;4801.00;92
12818;78;625638201;12818;437;13896;13986;5.89;0.36;300.96;12.01;1078;81;4802.00;90
12822;78;625638214;12822;439;13898;13987;5.93;0.36;300.97;12.01;1076;81;4803.00;89
12826;78;625638228;12826;445;13898;13988;5.88;0.36;301.04;12.01;1072;81;4804.00;90
12830;78;625638242;12830;448;13899;13988;5.86;0.36;301.04;12.01;1069;81;4805.00;89
12833;78;625638256;12833;457;13902;13991;5.80;0.35;301.13;12.00;1069;81;4806.00;89
12836;78;625638271;12836;442;13903;13991;5.80;0.35;301.17;12.00;1067;81;4807.00;88
12839;78;625638286;12839;439;13904;13991;5.74;0.35;301.21;12.00;1065;81;4808.00;87
12841;78;625638299;12841;443;13905;13991;5.71;0.35;301.27;12.00;1064;81;4809.00;86
12843;78;625638316;12843;450;13909;13997;5.67;0.35;301.29;12.00;1066;81;4810.00;88
12846;78;625638330;12846;448;13911;13997;5.65;0.34;301.30;12.00;1065;81;4811.00;86
12849;78;625638345;12849;444;13912;13997;5.66;0.35;301.32;12.00;1063;81;4812.00;85
12852;78;625638359;12852;442;13912;13997;5.69;0.35;301.37;12.00;1060;81;4813.00;85
12856;79;625638372;12856;443;13915;14001;5.72;0.35;301.42;12.00;1059;82;4814.00;86
12857;79;625638399;12857;443;13917;14003;5.78;0.35;301.40;11.99;1060;82;4815.00;86
12861;79;625638413;12861;430;13918;14003;5.82;0.36;301.46;11.99;1057;82;4816.00;85
12865;79;625638427;12865;412;13919;14004;5.91;0.36;301.52;11.99;1054;82;4817.00;85
12868;79;625638441;12868;408;13919;14004;6.03;0.37;301.50;11.99;1051;82;4818.00;85
12872;79;625638459;12872;394;13919;14004;6.11;0.37;301.54;11.99;1047;82;4819.00;85
12874;79;625638474;12874;391;13919;14004;6.18;0.37;301.52;11.99;1045;82;4820.00;85
12876;79;625638497;12876;383;13919;14004;6.21;0.38;301.52;11.99;1043;82;4821.00;85
12878;79;625638516;12878;375;13920;14004;6.19;0.38;301.49;11.99;1042;82;4822.00;84
12881;79;625638529;12881;377;13920;14004;6.14;0.37;301.52;11.99;1039;82;4823.00;84
12883;79;625638543;12883;387;13962;14074;6.16;0.38;301.53;11.96;1079;82;4824.00;112
12886;79;625638561;12886;376;13962;14075;6.16;0.37;301.56;11.96;1076;82;4825.00;113
12888;79;625638575;12888;373;13966;14075;6.20;0.38;301.60;11.96;1078;82;4826.00;109
12890;79;625638588;12890;365;13967;14075;6.24;0.38;301.61;11.95;1077;82;4827.00;108
12894;79;625638603;12894;361;13970;14077;6.25;0.38;301.60;11.95;1076;82;4828.00;107
12896;79;625638618;12896;359;13972;14077;6.29;0.38;301.62;11.95;1076;82;4829.00;105
12898;79;625638633;12898;353;13976;14077;6.37;0.39;301.69;11.95;1078;82;4830.00;101
12900;79;625638649;12900;353;13977;14077;6.38;0.39;301.72;11.95;1077;82;4831.00;100
12901;79;625638663;12901;352;13980;14078;6.37;0.39;301.75;11.95;1079;82;4832.00;98
12906;79;625638677;12906;350;13983;14079;6.35;0.39;301.78;11.95;1077;82;4833.00;96
12908;79;625638692;12908;350;13988;14079;6.31;0.38;301.83;11.95;1080;82;4834.00;91
12912;79;625638706;12912;350;13993;14083;6.25;0.38;301.86;11.95;1081;82;4835.00;90
12915;79;625638720;12915;355;13994;14083;6.22;0.38;301.92;11.95;1079;82;4836.00;89
12915;79;625638733;12915;360;13994;14083;6.26;0.38;301.92;11.95;1079;82;4837.00;89
12918;79;625638746;12918;363;13994;14083;6.26;0.38;302.03;11.95;1076;82;4838.00;89
12920;79;625638760;12920;357;13999;14089;6.31;0.38;302.04;11.94;1079;82;4839.00;90
12923;79;625638773;12923;361;14000;14089;6.30;0.38;302.04;11.94;1077;82;4840.00;89
12927;79;625638792;12927;362;14000;14089;6.28;0.38;302.16;11.94;1073;82;4841.00;89
12927;79;625638804;12927;364;14003;14092;6.30;0.38;302.16;11.94;1076;82;4842.00;89
12927;79;625638818;12927;368;14003;14092;6.31;0.38;302.16;11.94;1076;82;4843.00;89
12929;79;625638832;12929;362;14003;14092;6.25;0.38;302.21;11.94;1074;82;4844.00;89
12930;79;625638845;12930;362;14003;14093;6.24;0.38;302.20;11.94;1073;82;4845.00;90
12931;79;625638858;12931;371;14004;14094;6.21;0.38;302.18;11.94;1073;82;4846.00;90
12932;79;625638871;12932;369;14004;14094;6.17;0.38;302.18;11.94;1072;82;4847.00;90
12933;79;625638884;12933;370;14014;14107;6.17;0.38;302.17;11.93;1081;82;4848.00;93
12933;79;625638898;12933;371;14015;14107;6.17;0.38;302.17;11.93;1082;82;4849.00;92
12934;79;625638910;12934;367;14015;14107;6.17;0.38;302.18;11.93;1081;82;4850.00;92
12936;79;625638923;12936;364;14016;14108;6.14;0.38;302.19;11.93;1080;82;4851.00;92
12938;79;625638936;12938;354;14016;14108;6.13;0.37;302.24;11.93;1078;82;4852.00;92
12941;79;625638948;12941;348;14019;14112;6.11;0.37;302.25;11.93;1078;82;4853.00;93
12947;79;625638962;12947;341;14019;14112;6.11;0.37;302.28;11.93;1072;82;4854.00;93
12949;79;625638975;12949;336;14023;14116;6.09;0.37;302.27;11.92;1074;82;4855.00;93
12952;79;625638988;12952;327;14023;14116;6.12;0.37;302.30;11.92;1071;82;4856.00;93
12954;79;625639001;12954;321;14023;14116;6.12;0.37;302.31;11.92;1069;82;4857.00;93
12958;79;625639013;12958;318;14023;14116;6.14;0.37;302.31;11.92;1065;82;4858.00;93
12961;79;625639025;12961;315;14023;14116;6.17;0.37;302.36;11.92;1062;82;4859.00;93
12963;79;625639040;12963;317;14043;14150;6.27;0.38;302.41;11.91;1080;82;4860.00;107
12965;79;625639055;12965;307;14043;14150;6.29;0.38;302.41;11.91;1078;82;4861.00;107
12971;79;625639067;12971;298;14044;14150;6.30;0.38;302.52;11.91;1073;82;4862.00;106
12975;79;625639081;12975;289;14045;14150;6.32;0.38;302.60;11.91;1070;82;4863.00;105
12979;79;625639093;12979;279;14045;14150;6.36;0.39;302.65;11.91;1066;82;4864.00;105
12980;79;625639106;12980;268;14047;14150;6.48;0.39;302.68;11.92;1067;82;4865.00;103
12983;79;625639120;12983;268;14047;14151;6.50;0.40;302.67;11.92;1064;82;4866.00;104
12987;79;625639133;12987;258;14048;14151;6.53;0.40;302.71;11.92;1061;82;4867.00;103
12992;79;625639147;12992;252;14052;14157;6.56;0.40;302.74;11.93;1060;82;4868.00;105
12994;79;625639160;12994;248;14054;14158;6.60;0.40;302.83;11.93;1060;82;4869.00;104
12997;79;625639173;12997;245;14055;14158;6.60;0.40;302.86;11.96;1058;82;4870.00;103
13000;79;625639188;13000;249;14056;14158;6.62;0.40;302.86;11.96;1056;82;4871.00;102
13007;79;625639201;13007;254;14058;14162;6.53;0.40;302.86;11.96;1051;82;4872.00;104
13009;79;625639215;13009;246;14059;14162;6.55;0.40;302.89;11.96;1050;82;4873.00;103
13013;79;625639228;13013;246;14059;14162;6.54;0.40;302.93;11.96;1046;82;4874.00;103
13016;79;625639241;13016;251;14060;14163;6.54;0.40;302.95;11.96;1044;82;4875.00;103
13018;79;625639254;13018;251;14063;14167;6.54;0.40;302.98;11.96;1045;82;4876.00;104
13022;79;625639267;13022;251;14064;14167;6.52;0.40;302.97;11.96;1042;82;4877.00;103
13024;79;625639285;13024;242;14066;14170;6.58;0.40;302.95;11.96;1042;82;4878.00;104
13026;79;625639298;13026;242;14067;14170;6.62;0.40;302.93;11.96;1041;82;4879.00;103
13028;79;625639311;13028;234;14068;14170;6.66;0.40;302.91;11.96;1040;82;4880.00;102
13029;79;625639330;13029;234;14068;14170;6.64;0.40;302.91;11.96;1039;82;4881.00;102
13031;79;625639352;13031;233;14072;14174;6.66;0.40;302.88;11.96;1041;82;4882.00;102
13032;79;625639376;13032;233;14072;14174;6.66;0.40;302.89;11.96;1040;82;4883.00;102
13033;79;625639394;13033;228;14074;14174;6.65;0.40;302.87;11.96;1041;82;4884.00;100
13037;79;625639424;13037;240;14074;14174;6.62;0.40;303.00;11.96;1037;82;4885.00;100
13038;79;625639442;13038;234;14074;14175;6.65;0.40;302.99;11.96;1036;82;4886.00;101
13040;79;625639457;13040;236;14076;14176;6.63;0.40;303.02;11.96;1036;82;4887.00;100
13043;79;625639472;13043;244;14077;14176;6.60;0.40;303.00;11.96;1034;82;4888.00;99
13045;79;625639487;13045;242;14078;14177;6.56;0.40;303.02;11.96;1033;82;4889.00;99
13048;79;625639510;13048;251;14079;14177;6.50;0.39;303.05;11.97;1031;82;4890.00;98
13048;79;625639524;13048;259;14080;14177;6.47;0.39;303.05;11.99;1032;82;4891.00;97
13049;79;625639538;13049;266;14080;14177;6.44;0.39;303.10;11.99;1031;82;4892.00;97
13051;79;625639552;13051;276;14082;14177;6.41;0.39;303.11;12.01;1031;82;4893.00;95
13051;79;625639566;13051;277;14082;14177;6.41;0.39;303.11;12.01;1031;82;4894.00;95
13053;79;625639579;13053;282;14082;14177;6.44;0.39;303.17;12.01;1029;82;4895.00;95
13055;79;625639592;13055;306;14148;14304;6.69;0.41;303.15;11.98;1093;82;4896.00;156
13057;79;625639616;13057;297;14152;14305;6.67;0.41;303.14;11.98;1095;82;4897.00;153
13059;79;625639630;13059;298;14165;14305;6.74;0.42;303.11;12.01;1106;82;4898.00;140
13062;79;625639647;13062;301;14167;14305;6.70;0.41;303.13;12.01;1105;82;4899.00;138
13064;79;625639661;13064;299;14172;14305;6.67;0.41;303.10;12.02;1108;82;4900.00;133
13065;79;625639678;13065;305;14175;14305;6.65;0.41;303.08;12.02;1110;82;4901.00;130
13068;79;625639691;13068;308;14181;14305;6.67;0.41;303.04;12.02;1113;82;4902.00;124
13068;79;625639705;13068;315;14184;14305;6.63;0.41;303.04;12.05;1116;82;4903.00;121
13074;79;625639719;13074;315;14189;14306;6.62;0.41;302.94;12.05;1115;82;4904.00;117
13076;79;625639733;13076;327;14194;14308;6.62;0.41;302.91;12.07;1118;82;4905.00;114
13078;79;625639747;13078;319;14197;14308;6.56;0.40;302.89;12.06;1119;82;4906.00;111
13081;79;625639761;13081;326;14202;14309;6.46;0.40;302.84;12.08;1121;82;4907.00;107
13085;79;625639776;13085;344;14203;14309;6.33;0.39;302.79;12.08;1118;82;4908.00;106
13086;79;625639789;13086;340;14209;14309;6.28;0.38;302.89;12.09;1123;82;4909.00;100
13087;79;625639803;13087;343;14211;14309;6.19;0.38;302.87;12.09;1124;82;4910.00;98
13089;79;625639817;13089;341;14218;14313;6.14;0.38;302.85;12.11;1129;82;4911.00;95
13091;79;625639831;13091;345;14220;14313;6.01;0.37;302.83;12.11;1129;82;4912.00;93
13095;79;625639844;13095;353;14221;14313;5.89;0.36;302.81;12.11;1126;82;4913.00;92
13097;79;625639859;13097;365;14225;14316;5.88;0.36;302.81;12.13;1128;82;4914.00;91
13097;79;625639873;13097;365;14226;14316;5.88;0.36;302.81;12.13;1129;82;4915.00;90
13097;79;625639885;13097;377;14228;14316;5.85;0.36;302.81;12.13;1131;82;4916.00;88
13097;79;625639898;13097;379;14233;14320;5.82;0.36;302.81;12.14;1136;82;4917.00;87
13100;79;625639912;13100;386;14235;14321;5.77;0.35;302.75;12.14;1135;82;4918.00;86
13100;79;625639929;13100;394;14237;14321;5.70;0.35;302.75;12.15;1137;82;4919.00;84
13102;79;625639944;13102;403;14241;14326;5.66;0.34;302.74;12.15;1139;82;4920.00;85
13102;79;625639958;13102;410;14243;14326;5.57;0.34;302.74;12.16;1141;82;4921.00;83
13105;79;625639971;13105;409;14243;14326;5.42;0.33;302.70;12.16;1138;82;4922.00;83
13107;79;625639984;13107;415;14245;14327;5.30;0.32;302.68;12.17;1138;82;4923.00;82
13109;79;625639998;13109;420;14246;14327;5.22;0.32;302.67;12.17;1137;82;4924.00;81
13110;79;625640011;13110;424;14251;14333;5.18;0.32;302.69;12.18;1141;82;4925.00;82
13113;79;625640025;13113;434;14252;14333;5.05;0.31;302.64;12.18;1139;82;4926.00;81
13117;79;625640037;13117;438;14253;14334;4.93;0.30;302.62;12.18;1136;82;4927.00;81
13120;79;625640050;13120;448;14254;14334;4.78;0.29;302.56;12.19;1134;82;4928.00;80
13122;79;625640062;13122;458;14254;14334;4.64;0.28;302.55;12.19;1132;82;4929.00;80
13124;79;625640074;13124;445;14255;14334;4.52;0.28;302.56;12.20;1131;82;4930.00;79
13125;79;625640087;13125;429;14257;14334;4.49;0.28;302.56;12.22;1132;82;4931.00;77
13126;79;625640099;13126;419;14266;14346;4.55;0.28;302.57;12.22;1140;82;4932.00;80
13129;79;625640113;13129;418;14267;14346;4.56;0.28;302.55;12.23;1138;82;4933.00;79
13131;79;625640126;13131;423;14269;14346;4.59;0.28;302.57;12.22;1138;82;4934.00;77
13132;79;625640139;13132;422;14270;14346;4.67;0.29;302.56;12.23;1138;82;4935.00;76
13134;79;625640151;13134;420;14270;14346;4.74;0.29;302.59;12.23;1136;82;4936.00;76
13135;79;625640164;13135;414;14270;14346;4.78;0.29;302.60;12.23;1135;82;4937.00;76
13137;79;625640190;13137;410;14273;14350;4.84;0.30;302.59;12.23;1136;82;4938.00;77
13139;79;625640204;13139;408;14273;14350;4.90;0.30;302.59;12.23;1134;82;4939.00;77
13143;80;625640218;13143;402;14276;14354;5.00;0.31;302.63;12.23;1133;83;4940.00;78
13144;80;625640239;13144;411;14277;14355;5.11;0.31;302.65;12.23;1133;83;4941.00;78
13147;80;625640253;13147;416;14278;14355;5.18;0.32;302.64;12.23;1131;83;4942.00;77
13150;80;625640271;13150;415;14278;14355;5.24;0.32;302.64;12.23;1128;83;4943.00;77
13152;80;625640285;13152;403;14289;14368;5.36;0.33;302.64;12.22;1137;83;4944.00;79
13154;80;625640300;13154;398;14289;14368;5.43;0.33;302.63;12.22;1135;83;4945.00;79
13159;80;625640314;13159;393;14289;14368;5.46;0.33;302.58;12.22;1130;83;4946.00;79
13161;80;625640329;13161;400;14290;14369;5.54;0.34;302.57;12.22;1129;83;4947.00;79
13164;80;625640343;13164;402;14290;14370;5.60;0.34;302.56;12.22;1126;83;4948.00;80
13166;80;625640357;13166;401;14290;14370;5.67;0.35;302.55;12.22;1124;83;4949.00;80
13169;80;625640373;13169;406;14294;14379;5.77;0.35;302.54;12.21;1125;83;4950.00;85
13174;80;625640387;13174;401;14295;14379;5.77;0.35;302.56;12.21;1121;83;4951.00;84
13178;80;625640400;13178;400;14296;14379;5.82;0.36;302.57;12.21;1118;83;4952.00;83
13181;80;625640413;13181;399;14296;14379;5.85;0.36;302.56;12.21;1115;83;4953.00;83
13187;80;625640427;13187;395;14300;14385;5.87;0.36;302.50;12.21;1113;83;4954.00;85
13192;80;625640441;13192;390;14300;14385;5.86;0.36;302.50;12.21;1108;83;4955.00;85
13195;80;625640454;13195;382;14301;14385;5.85;0.36;302.48;12.21;1106;83;4956.00;84
13197;80;625640468;13197;388;14303;14385;5.85;0.36;302.49;12.25;1106;83;4957.00;82
13203;80;625640481;13203;384;14307;14389;5.91;0.36;302.62;12.25;1104;83;4958.00;82
13206;80;625640494;13206;388;14309;14390;5.99;0.36;302.62;12.25;1103;83;4959.00;81
13209;80;625640508;13209;390;14309;14390;6.01;0.37;302.67;12.25;1100;83;4960.00;81
13215;80;625640521;13215;390;14310;14391;6.12;0.37;302.68;12.25;1095;83;4961.00;81
13217;80;625640535;13217;386;14310;14391;6.14;0.37;302.67;12.25;1093;83;4962.00;81
13223;80;625640548;13223;385;14310;14391;6.14;0.37;302.74;12.25;1087;83;4963.00;81
13229;80;625640562;13229;389;14310;14391;6.14;0.37;302.74;12.25;1081;83;4964.00;81
13232;80;625640576;13232;392;14310;14391;6.15;0.37;302.74;12.25;1078;83;4965.00;81
13235;80;625640590;13235;385;14310;14391;6.16;0.37;302.74;12.25;1075;83;4966.00;81
13237;80;625640604;13237;389;14310;14391;6.16;0.37;302.83;12.25;1073;83;4967.00;81
13240;80;625640617;13240;403;14352;14461;6.32;0.38;302.84;12.21;1112;83;4968.00;109
13241;80;625640636;13241;398;14353;14462;6.37;0.39;302.86;12.21;1112;83;4969.00;109
13244;80;625640650;13244;395;14359;14462;6.40;0.39;302.89;12.21;1115;83;4970.00;103
13248;80;625640663;13248;401;14363;14462;6.40;0.39;302.96;12.20;1115;83;4971.00;99
13249;80;625640678;13249;405;14368;14462;6.42;0.39;302.97;12.25;1119;83;4972.00;94
13255;80;625640701;13255;413;14372;14462;6.35;0.39;303.03;12.24;1117;83;4973.00;90
13259;80;625640719;13259;413;14374;14462;6.32;0.38;303.09;12.24;1115;83;4974.00;88
13262;80;625640736;13262;414;14375;14462;6.28;0.38;303.10;12.24;1113;83;4975.00;87
13265;80;625640751;13265;417;14377;14463;6.20;0.38;303.14;12.24;1112;83;4976.00;86
13266;80;625640766;13266;410;14378;14464;6.20;0.38;303.19;12.24;1112;83;4977.00;86
13268;80;625640781;13268;405;14379;14464;6.15;0.37;303.26;12.24;1111;83;4978.00;85
13269;80;625640795;13269;411;14382;14468;6.08;0.37;303.28;12.24;1113;83;4979.00;86
13272;80;625640811;13272;420;14382;14468;6.06;0.37;303.35;12.24;1110;83;4980.00;86
13276;80;625640825;13276;413;14382;14468;6.05;0.37;303.38;12.24;1106;83;4981.00;86
13280;80;625640839;13280;410;14382;14468;6.06;0.37;303.38;12.24;1102;83;4982.00;86
13285;80;625640854;13285;418;14386;14474;6.14;0.38;303.40;12.24;1101;83;4983.00;88
13289;80;625640869;13289;409;14386;14474;6.19;0.38;303.44;12.24;1097;83;4984.00;88
13291;80;625640884;13291;413;14387;14474;6.26;0.38;303.46;12.24;1096;83;4985.00;87
13294;80;625640898;13294;403;14389;14477;6.31;0.38;303.49;12.23;1095;83;4986.00;88
13296;80;625640920;13296;393;14391;14477;6.38;0.39;303.53;12.28;1095;83;4987.00;86
13299;80;625640936;13299;384;14391;14477;6.44;0.39;303.54;12.28;1092;83;4988.00;86
13302;80;625640950;13302;373;14391;14478;6.44;0.39;303.56;12.28;1089;83;4989.00;87
13303;80;625640971;13303;370;14392;14479;6.46;0.39;303.55;12.28;1089;83;4990.00;87
13309;80;625640985;13309;378;14392;14479;6.44;0.39;303.63;12.28;1083;83;4991.00;87
13312;80;625641000;13312;370;14403;14492;6.50;0.40;303.72;12.27;1091;83;4992.00;89
13318;80;625641016;13318;375;14403;14492;6.46;0.39;303.73;12.27;1085;83;4993.00;89
13319;80;625641032;13319;366;14403;14492;6.48;0.40;303.75;12.27;1084;83;4994.00;89
13324;80;625641053;13324;366;14405;14494;6.50;0.40;303.81;12.27;1081;83;4995.00;89
13327;80;625641069;13327;378;14405;14494;6.49;0.39;303.79;12.27;1078;83;4996.00;89
13330;80;625641090;13330;369;14408;14498;6.47;0.39;303.86;12.26;1078;83;4997.00;90
13334;80;625641106;13334;367;14408;14498;6.43;0.39;303.83;12.26;1074;83;4998.00;90
13338;80;625641121;13338;360;14412;14502;6.34;0.39;303.90;12.26;1074;83;4999.00;90
13341;80;625641136;13341;351;14412;14502;6.30;0.38;303.90;12.26;1071;83;5000.00;90
13344;80;625641155;13344;346;14412;14502;6.29;0.38;303.98;12.26;1068;83;5001.00;90
13347;80;625641169;13347;345;14412;14502;6.27;0.38;303.99;12.26;1065;83;5002.00;90
13347;80;625641189;13347;349;14412;14502;6.27;0.38;303.99;12.26;1065;83;5003.00;90
13349;80;625641202;13349;341;14421;14514;6.31;0.38;304.08;12.25;1072;83;5004.00;93
13352;80;625641217;13352;343;14421;14514;6.32;0.38;304.11;12.25;1069;83;5005.00;93
13353;80;625641230;13353;343;14423;14514;6.34;0.39;304.09;12.25;1070;83;5006.00;91
13355;80;625641244;13355;335;14423;14514;6.28;0.38;304.14;12.25;1068;83;5007.00;91
13361;80;625641257;13361;335;14423;14514;6.27;0.38;304.08;12.25;1062;83;5008.00;91
13364;80;625641271;13364;332;14423;14514;6.24;0.38;304.11;12.25;1059;83;5009.00;91
13366;80;625641286;13366;331;14423;14515;6.21;0.38;304.15;12.25;1057;83;5010.00;92
13366;80;625641299;13366;328;14423;14515;6.21;0.38;304.15;12.25;1057;83;5011.00;92
13367;80;625641312;13367;331;14427;14521;6.23;0.38;304.14;12.25;1060;83;5012.00;94
13369;80;625641331;13369;330;14428;14522;6.23;0.38;304.17;12.25;1059;83;5013.00;94
13371;80;625641354;13371;326;14429;14522;6.26;0.38;304.18;12.25;1058;83;5014.00;93
13372;80;625641376;13372;322;14429;14522;6.24;0.38;304.18;12.25;1057;83;5015.00;93
13375;80;625641394;13375;323;14432;14526;6.27;0.38;304.20;12.24;1057;83;5016.00;94
13376;80;625641414;13376;328;14432;14526;6.25;0.38;304.20;12.24;1056;83;5017.00;94
13376;80;625641433;13376;328;14432;14526;6.26;0.38;304.20;12.24;1056;83;5018.00;94
13377;80;625641447;13377;334;14434;14527;6.24;0.38;304.20;12.29;1057;83;5019.00;93
13377;80;625641462;13377;327;14437;14531;6.21;0.38;304.20;12.29;1060;83;5020.00;94
13379;80;625641477;13379;325;14437;14531;6.15;0.37;304.17;12.29;1058;83;5021.00;94
13381;80;625641490;13381;333;14439;14534;6.05;0.37;304.16;12.29;1058;83;5022.00;95
13383;80;625641505;13383;329;14439;14534;5.96;0.36;304.14;12.29;1056;83;5023.00;95
13384;80;625641519;13384;318;14440;14534;5.88;0.36;304.14;12.29;1056;83;5024.00;94
13389;80;625641532;13389;314;14440;14534;5.77;0.35;304.17;12.29;1051;83;5025.00;94
13390;80;625641546;13390;315;14443;14538;5.77;0.35;304.17;12.28;1053;83;5026.00;95
13394;80;625641559;13394;307;14443;14538;5.71;0.35;304.23;12.28;1049;83;5027.00;95
13396;80;625641573;13396;300;14444;14538;5.73;0.35;304.23;12.28;1048;83;5028.00;94
13401;80;625641586;13401;292;14444;14538;5.70;0.35;304.23;12.28;1043;83;5029.00;94
13401;80;625641599;13401;285;14444;14539;5.71;0.35;304.23;12.28;1043;83;5030.00;95
13403;80;625641611;13403;283;14445;14540;5.65;0.34;304.25;12.28;1042;83;5031.00;95
13407;80;625641623;13407;272;14445;14540;5.61;0.34;304.38;12.28;1038;83;5032.00;95
13411;80;625641636;13411;268;14446;14541;5.55;0.34;304.42;12.28;1035;83;5033.00;95
13416;80;625641649;13416;266;14446;14541;5.44;0.33;304.43;12.28;1030;83;5034.00;95
13421;80;625641663;13421;264;14448;14541;5.35;0.32;304.48;12.35;1027;83;5035.00;93
13424;80;625641675;13424;264;14449;14541;5.31;0.32;304.50;12.36;1025;83;5036.00;92
13427;80;625641688;13427;260;14449;14541;5.33;0.32;304.53;12.36;1022;83;5037.00;92
13428;80;625641700;13428;257;14449;14541;5.34;0.32;304.56;12.36;1021;83;5038.00;92
13432;80;625641712;13432;262;14449;14541;5.31;0.32;304.61;12.36;1017;83;5039.00;92
13433;80;625641726;13433;294;14550;14771;5.69;0.36;304.60;12.28;1117;83;5040.00;221
13433;80;625641758;13433;280;14552;14772;5.71;0.36;304.60;12.28;1119;83;5041.00;220
13434;80;625641771;13434;274;14559;14772;5.75;0.36;304.58;12.27;1125;83;5042.00;213
13434;80;625641785;13434;269;14563;14772;5.76;0.36;304.58;12.27;1129;83;5043.00;209
13437;80;625641798;13437;259;14570;14772;5.77;0.36;304.61;12.27;1133;83;5044.00;202
13439;80;625641812;13439;255;14576;14772;5.81;0.36;304.65;12.26;1137;83;5045.00;196
13441;80;625641826;13441;251;14581;14772;5.91;0.37;304.66;12.26;1140;83;5046.00;191
13444;80;625641839;13444;252;14587;14772;6.03;0.38;304.61;12.26;1143;83;5047.00;185
13446;80;625641853;13446;252;14592;14773;6.15;0.38;304.59;12.26;1146;83;5048.00;181
13447;80;625641874;13447;254;14598;14774;6.23;0.39;304.58;12.26;1151;83;5049.00;176
13449;80;625641889;13449;253;14602;14774;6.29;0.39;304.57;12.26;1153;83;5050.00;172
13451;80;625641903;13451;262;14606;14775;6.34;0.39;304.56;12.26;1155;83;5051.00;169
13453;80;625641918;13453;267;14613;14775;6.36;0.39;304.55;12.32;1160;83;5052.00;162
13456;80;625641933;13456;272;14617;14775;6.35;0.39;304.54;12.32;1161;83;5053.00;158
13458;80;625641948;13458;273;14621;14775;6.34;0.39;304.51;12.37;1163;83;5054.00;154
13460;80;625641962;13460;281;14627;14779;6.33;0.39;304.61;12.37;1167;83;5055.00;152
13462;80;625641979;13462;280;14628;14779;6.31;0.39;304.59;12.37;1166;83;5056.00;151
13464;80;625641995;13464;289;14633;14779;6.23;0.38;304.56;12.37;1169;83;5057.00;146
13466;80;625642017;13466;294;14635;14782;6.20;0.38;304.53;12.37;1169;83;5058.00;147
13469;80;625642032;13469;302;14637;14782;6.21;0.38;304.53;12.38;1168;83;5059.00;145
13470;80;625642048;13470;314;14640;14782;6.20;0.38;304.51;12.38;1170;83;5060.00;142
13471;80;625642062;13471;329;14647;14786;6.18;0.38;304.51;12.40;1176;83;5061.00;139
13473;80;625642080;13473;333;14649;14787;6.17;0.38;304.57;12.40;1176;83;5062.00;138
13473;80;625642095;13473;332;14654;14787;6.14;0.38;304.57;12.47;1181;83;5063.00;133
13476;80;625642110;13476;345;14657;14791;6.08;0.37;304.55;12.47;1181;83;5064.00;134
13477;80;625642126;13477;347;14661;14791;6.06;0.37;304.53;12.49;1184;83;5065.00;130
13480;80;625642141;13480;358;14663;14791;6.05;0.37;304.49;12.51;1183;83;5066.00;128
13482;80;625642157;13482;369;14666;14792;5.97;0.37;304.45;12.51;1184;83;5067.00;126
13483;80;625642178;13483;381;14669;14792;5.93;0.36;304.45;12.53;1186;83;5068.00;123
13484;80;625642192;13484;384;14674;14798;5.89;0.36;304.43;12.53;1190;83;5069.00;124
13484;80;625642210;13484;388;14677;14798;5.83;0.36;304.43;12.55;1193;83;5070.00;121
13484;80;625642224;13484;390;14677;14799;5.77;0.35;304.43;12.55;1193;83;5071.00;122
13487;80;625642238;13487;394;14679;14799;5.67;0.35;304.39;12.55;1192;83;5072.00;120
13489;80;625642252;13489;404;14682;14799;5.59;0.34;304.36;12.57;1193;83;5073.00;117
13492;80;625642267;13492;412;14684;14799;5.46;0.33;304.37;12.57;1192;83;5074.00;115
13494;80;625642281;13494;421;14688;14799;5.38;0.33;304.37;12.59;1194;83;5075.00;111
13495;80;625642294;13495;422;14700;14811;5.39;0.33;304.35;12.60;1205;83;5076.00;111
13495;80;625642309;13495;447;14703;14811;5.32;0.33;304.35;12.60;1208;83;5077.00;108
13498;80;625642323;13498;454;14706;14811;5.24;0.32;304.41;12.61;1208;83;5078.00;105
13500;80;625642337;13500;462;14708;14811;5.15;0.32;304.40;12.62;1208;83;5079.00;103
13501;80;625642351;13501;467;14710;14811;5.06;0.31;304.39;12.63;1209;83;5080.00;101
13507;80;625642365;13507;468;14710;14811;4.99;0.30;304.40;12.63;1203;83;5081.00;101
13509;80;625642403;13509;463;14715;14815;4.92;0.30;304.38;12.65;1206;83;5082.00;100
13509;80;625642416;13509;448;14715;14815;4.91;0.30;304.38;12.65;1206;83;5083.00;100
13509;80;625642430;13509;441;14719;14819;4.94;0.30;304.38;12.65;1210;83;5084.00;100
13511;80;625642443;13511;439;14722;14821;4.94;0.30;304.35;12.66;1211;83;5085.00;99
13512;80;625642457;13512;433;14724;14821;4.99;0.30;304.33;12.66;1212;83;5086.00;97
13512;80;625642470;13512;433;14725;14821;5.04;0.31;304.33;12.67;1213;83;5087.00;96
13513;80;625642485;13513;431;14735;14834;5.16;0.32;304.32;12.66;1222;83;5088.00;99
13514;80;625642499;13514;436;14737;14834;5.19;0.32;304.31;12.68;1223;83;5089.00;97
13515;80;625642518;13515;437;14739;14834;5.24;0.32;304.31;12.69;1224;83;5090.00;95
13517;80;625642531;13517;433;14740;14835;5.28;0.32;304.29;12.69;1223;83;5091.00;95
13521;80;625642545;13521;441;14741;14836;5.24;0.32;304.26;12.70;1220;83;5092.00;95
13521;80;625642559;13521;442;14743;14836;5.22;0.32;304.26;12.73;1222;83;5093.00;93
13524;80;625642573;13524;451;14745;14839;5.25;0.32;304.24;12.72;1221;83;5094.00;94
13526;80;625642593;13526;449;14747;14839;5.27;0.32;304.23;12.74;1221;83;5095.00;92
13528;80;625642606;13528;445;14748;14839;5.28;0.32;304.20;12.75;1220;83;5096.00;91
13532;80;625642620;13532;448;14748;14839;5.27;0.32;304.18;12.75;1216;83;5097.00;91
13535;80;625642634;13535;463;14752;14845;5.33;0.32;304.17;12.74;1217;83;5098.00;93
13537;80;625642648;13537;464;14755;14845;5.34;0.33;304.15;12.78;1218;83;5099.00;90
13539;80;625642663;13539;460;14760;14864;5.33;0.33;304.13;12.78;1221;83;5100.00;104
13542;80;625642683;13542;457;14763;14864;5.34;0.33;304.15;12.79;1221;83;5101.00;101
13542;80;625642697;13542;455;14766;14868;5.40;0.33;304.15;12.78;1224;83;5102.00;102
13545;80;625642710;13545;457;14767;14869;5.42;0.33;304.23;12.78;1222;83;5103.00;102
13547;80;625642725;13547;465;14768;14869;5.42;0.33;304.24;12.79;1221;83;5104.00;101
13548;80;625642740;13548;464;14770;14870;5.45;0.33;304.23;12.79;1222;83;5105.00;100
13551;80;625642755;13551;451;14773;14870;5.41;0.33;304.27;12.81;1222;83;5106.00;97
13555;80;625642770;13555;451;14774;14870;5.44;0.33;304.30;12.81;1219;83;5107.00;96
13559;80;625642784;13559;442;14774;14870;5.49;0.34;304.41;12.81;1215;83;5108.00;96
13562;80;625642799;13562;439;14774;14870;5.55;0.34;304.44;12.81;1212;83;5109.00;96
13564;80;625642814;13564;428;14774;14870;5.61;0.34;304.44;12.81;1210;83;5110.00;96
13571;80;625642827;13571;418;14774;14870;5.63;0.35;304.47;12.81;1203;83;5111.00;96
13575;80;625642841;13575;415;14809;14940;5.73;0.35;304.43;12.84;1234;83;5112.00;131
13577;80;625642862;13577;414;14812;14941;5.81;0.36;304.50;12.83;1235;83;5113.00;129
13583;80;625642876;13583;412;14817;14941;5.85;0.36;304.52;12.83;1234;83;5114.00;124
13586;80;625642890;13586;411;14819;14941;5.92;0.36;304.55;12.83;1233;83;5115.00;122
13590;80;625642904;13590;399;14822;14941;5.96;0.37;304.67;12.83;1232;83;5116.00;119
13597;80;625642919;13597;397;14824;14941;6.01;0.37;304.76;12.83;1227;83;5117.00;117
13601;80;625642933;13601;397;14828;14941;6.03;0.37;304.86;12.83;1227;83;5118.00;113
13603;80;625642948;13603;399;14829;14941;6.04;0.37;304.90;12.83;1226;83;5119.00;112
13611;80;625642963;13611;408;14830;14942;6.02;0.37;304.84;12.83;1219;83;5120.00;112
13617;80;625642978;13617;400;14832;14943;6.01;0.37;304.92;12.82;1215;83;5121.00;111
13619;80;625642994;13619;404;14833;14943;6.00;0.37;305.02;12.82;1214;83;5122.00;110
13623;80;625643009;13623;413;14837;14947;6.02;0.37;305.03;12.82;1214;83;5123.00;110
13628;80;625643024;13628;417;14840;14947;6.01;0.37;305.12;12.82;1212;83;5124.00;107
13631;80;625643039;13631;419;14841;14947;6.01;0.37;305.12;12.82;1210;83;5125.00;106
13634;80;625643054;13634;425;14842;14947;6.00;0.37;305.18;12.82;1208;83;5126.00;105
13638;80;625643068;13638;436;14845;14953;5.98;0.37;305.26;12.82;1207;83;5127.00;108
13641;80;625643091;13641;438;14846;14953;5.98;0.36;305.23;12.82;1205;83;5128.00;107
13647;80;625643106;13647;438;14849;14953;5.93;0.36;305.29;12.82;1202;83;5129.00;104
13651;80;625643123;13651;438;14852;14959;5.94;0.36;305.30;12.82;1201;83;5130.00;107
13654;80;625643139;13654;443;14853;14959;5.91;0.36;305.33;12.82;1199;83;5131.00;106
13658;80;625643159;13658;448;14854;14959;5.88;0.36;305.35;12.82;1196;83;5132.00;105
13662;80;625643175;13662;453;14855;14960;5.88;0.36;305.36;12.82;1193;83;5133.00;105
13667;80;625643190;13667;449;14857;14961;5.86;0.36;305.39;12.82;1190;83;5134.00;104
13671;80;625643205;13671;455;14858;14961;5.90;0.36;305.40;12.82;1187;83;5135.00;103
13677;80;625643220;13677;460;14867;14974;5.91;0.36;305.51;12.82;1190;83;5136.00;107
13680;80;625643236;13680;461;14869;14974;5.97;0.36;305.52;12.82;1189;83;5137.00;105
13685;80;625643251;13685;463;14869;14974;5.99;0.37;305.60;12.82;1184;83;5138.00;105
13687;80;625643266;13687;463;14871;14975;6.06;0.37;305.60;12.82;1184;83;5139.00;104
13690;80;625643281;13690;461;14872;14975;6.08;0.37;305.64;12.82;1182;83;5140.00;103
13692;80;625643297;13692;465;14877;14979;6.05;0.37;305.62;12.82;1185;83;5141.00;102
13698;80;625643313;13698;469;14877;14979;5.96;0.36;305.63;12.82;1179;83;5142.00;102
13703;80;625643332;13703;475;14883;14983;5.88;0.36;305.69;12.82;1180;83;5143.00;100
13706;80;625643357;13706;479;14884;14983;5.86;0.36;305.81;12.82;1178;83;5144.00;99
13707;80;625643381;13707;494;14885;14983;5.85;0.36;305.80;12.82;1178;83;5145.00;98
13710;80;625643403;13710;495;14885;14983;5.80;0.35;305.84;12.82;1175;83;5146.00;98
13713;80;625643426;13713;485;14886;14983;5.80;0.35;305.82;12.82;1173;83;5147.00;97
13716;80;625643444;13716;477;14894;14995;5.80;0.35;305.87;12.81;1178;83;5148.00;101
13719;80;625643462;13719;477;14896;14995;5.81;0.35;305.94;12.81;1177;83;5149.00;99
13721;80;625643479;13721;478;14898;14995;5.82;0.36;305.95;12.81;1177;83;5150.00;97
13726;80;625643496;13726;473;14898;14995;5.82;0.35;306.03;12.81;1172;83;5151.00;97
13730;80;625643514;13730;467;14898;14995;5.86;0.36;306.10;12.81;1168;83;5152.00;97
13733;80;625643531;13733;469;14898;14995;5.90;0.36;306.16;12.81;1165;83;5153.00;97
13737;80;625643548;13737;470;14898;14996;5.92;0.36;306.21;12.81;1161;83;5154.00;98
13741;80;625643565;13741;473;14900;14998;5.96;0.36;306.29;12.80;1159;83;5155.00;98
13747;80;625643582;13747;462;14904;15004;5.94;0.36;306.31;12.80;1157;83;5156.00;100
13750;80;625643599;13750;449;14906;15005;5.97;0.36;306.36;12.80;1156;83;5157.00;99
13752;80;625643615;13752;441;14906;15005;6.03;0.37;306.37;12.80;1154;83;5158.00;99
13755;80;625643633;13755;435;14906;15005;6.07;0.37;306.45;12.80;1151;83;5159.00;99
13757;80;625643651;13757;428;14910;15010;6.06;0.37;306.53;12.80;1153;83;5160.00;100
13761;80;625643674;13761;432;14910;15010;6.07;0.37;306.53;12.80;1149;83;5161.00;100
13764;80;625643690;13764;430;14910;15010;6.08;0.37;306.54;12.80;1146;83;5162.00;100
13765;80;625643706;13765;422;14911;15011;6.14;0.37;306.53;12.80;1146;83;5163.00;100
13767;80;625643722;13767;419;14914;15015;6.18;0.37;306.55;12.79;1147;83;5164.00;101
13770;80;625643739;13770;419;14914;15015;6.18;0.38;306.65;12.79;1144;83;5165.00;101
13772;80;625643758;13772;417;14916;15018;6.24;0.38;306.66;12.79;1144;83;5166.00;102
13775;80;625643774;13775;411;14917;15018;6.27;0.38;306.73;12.79;1142;83;5167.00;101
13775;80;625643796;13775;403;14917;15018;6.30;0.38;306.73;12.79;1142;83;5168.00;101
13781;80;625643812;13781;407;14917;15018;6.25;0.38;306.85;12.79;1136;83;5169.00;101
13784;80;625643827;13784;402;14920;15022;6.27;0.38;306.87;12.79;1136;83;5170.00;102
13785;80;625643844;13785;400;14921;15022;6.29;0.38;306.86;12.79;1136;83;5171.00;101
13789;80;625643861;13789;396;14921;15022;6.33;0.38;306.83;12.79;1132;83;5172.00;101
13792;80;625643876;13792;386;14921;15022;6.36;0.39;306.88;12.79;1129;83;5173.00;101
13798;80;625643893;13798;384;14921;15023;6.37;0.39;306.94;12.79;1123;83;5174.00;102
13801;80;625643911;13801;381;14923;15025;6.34;0.38;306.96;12.79;1122;83;5175.00;102
13807;80;625643926;13807;379;14923;15025;6.27;0.38;306.99;12.79;1116;83;5176.00;102
13812;80;625643941;13812;379;14924;15026;6.19;0.38;307.12;12.78;1112;83;5177.00;102
13812;80;625643957;13812;377;14924;15026;6.14;0.37;307.12;12.78;1112;83;5178.00;102
13813;80;625643971;13813;371;14924;15026;6.09;0.37;307.17;12.78;1111;83;5179.00;102
13817;80;625643986;13817;379;14924;15026;6.01;0.37;307.31;12.78;1107;83;5180.00;102
13822;80;625644000;13822;378;14924;15026;5.92;0.36;307.40;12.78;1102;83;5181.00;102
13824;80;625644016;13824;381;14924;15026;5.89;0.36;307.45;12.78;1100;83;5182.00;102
13825;80;625644029;13825;380;14924;15026;5.84;0.35;307.45;12.78;1099;83;5183.00;102
13825;80;625644043;13825;406;14996;15153;5.91;0.36;307.45;12.72;1171;83;5184.00;157
13829;80;625644067;13829;400;14997;15154;5.88;0.36;307.42;12.72;1168;83;5185.00;157
13831;80;625644082;13831;398;15003;15154;5.95;0.37;307.51;12.72;1172;83;5186.00;151
13832;80;625644096;13832;406;15005;15154;5.98;0.37;307.50;12.72;1173;83;5187.00;149
13832;80;625644110;13832;414;15010;15154;5.96;0.37;307.50;12.71;1178;83;5188.00;144
13834;80;625644125;13834;422;15014;15154;5.92;0.36;307.54;12.71;1180;83;5189.00;140
13836;80;625644141;13836;424;15020;15154;5.93;0.36;307.53;12.71;1184;83;5190.00;134
13836;80;625644156;13836;428;15023;15154;5.93;0.36;307.53;12.71;1187;83;5191.00;131
13837;80;625644170;13837;425;15028;15155;5.93;0.36;307.52;12.71;1191;83;5192.00;127
13838;80;625644185;13838;424;15031;15156;5.90;0.36;307.52;12.76;1193;83;5193.00;125
13840;80;625644200;13840;433;15032;15156;5.80;0.36;307.54;12.76;1192;83;5194.00;124
13842;80;625644215;13842;435;15033;15157;5.72;0.35;307.51;12.76;1191;83;5195.00;124
13843;80;625644229;13843;443;15035;15157;5.65;0.35;307.50;12.76;1192;83;5196.00;122
13844;80;625644243;13844;438;15036;15157;5.58;0.34;307.51;12.76;1192;83;5197.00;121
13849;80;625644257;13849;442;15038;15157;5.53;0.34;307.56;12.76;1189;83;5198.00;119
13852;80;625644271;13852;435;15040;15161;5.48;0.34;307.55;12.76;1188;83;5199.00;121
13854;80;625644286;13854;433;15041;15161;5.42;0.33;307.55;12.76;1187;83;5200.00;120
13857;80;625644304;13857;427;15042;15161;5.30;0.33;307.52;12.76;1185;83;5201.00;119
13858;80;625644318;13858;419;15044;15164;5.26;0.32;307.51;12.76;1186;83;5202.00;120
13863;80;625644332;13863;414;15046;15164;5.17;0.32;307.50;12.76;1183;83;5203.00;118
13866;80;625644346;13866;415;15047;15164;5.15;0.32;307.46;12.76;1181;83;5204.00;117
13870;80;625644367;13870;412;15052;15168;5.11;0.31;307.42;12.79;1182;83;5205.00;116
13873;80;625644382;13873;412;15054;15169;5.08;0.31;307.38;12.79;1181;83;5206.00;115
13877;80;625644395;13877;414;15054;15169;5.02;0.31;307.38;12.79;1177;83;5207.00;115
13879;80;625644407;13879;409;15057;15173;4.97;0.31;307.37;12.79;1178;83;5208.00;116
13880;80;625644420;13880;406;15057;15173;5.02;0.31;307.36;12.79;1177;83;5209.00;116
13883;80;625644433;13883;399;15057;15173;4.99;0.31;307.32;12.79;1174;83;5210.00;116
13885;80;625644446;13885;392;15058;15174;5.01;0.31;307.32;12.79;1173;83;5211.00;116
13891;80;625644459;13891;399;15060;15174;5.00;0.31;307.35;12.79;1169;83;5212.00;114
13892;80;625644472;13892;398;15063;15180;5.09;0.31;307.33;12.78;1171;83;5213.00;117
13897;80;625644484;13897;406;15063;15180;5.10;0.31;307.30;12.78;1166;83;5214.00;117
13902;80;625644497;13902;411;15064;15180;5.13;0.31;307.34;12.78;1162;83;5215.00;116
13906;80;625644510;13906;412;15064;15181;5.14;0.31;307.30;12.78;1158;83;5216.00;117
13909;80;625644523;13909;413;15065;15181;5.13;0.31;307.26;12.79;1156;83;5217.00;116
13912;80;625644536;13912;414;15065;15181;5.13;0.31;307.22;12.79;1153;83;5218.00;116
13914;80;625644548;13914;408;15065;15181;5.14;0.31;307.19;12.79;1151;83;5219.00;116
13914;80;625644562;13914;414;15086;15217;5.21;0.32;307.19;12.77;1172;83;5220.00;131
13915;80;625644577;13915;413;15087;15217;5.20;0.32;307.22;12.77;1172;83;5221.00;130
13917;80;625644590;13917;415;15089;15217;5.18;0.32;307.21;12.77;1172;83;5222.00;128
13919;80;625644602;13919;416;15091;15217;5.18;0.32;307.19;12.77;1172;83;5223.00;126
13921;80;625644615;13921;416;15091;15217;5.16;0.32;307.22;12.77;1170;83;5224.00;126
13921;80;625644627;13921;422;15093;15217;5.20;0.32;307.22;12.76;1172;83;5225.00;124
13922;80;625644640;13922;422;15096;15221;5.25;0.32;307.20;12.76;1174;83;5226.00;125
13924;80;625644654;13924;426;15098;15221;5.26;0.32;307.19;12.76;1174;83;5227.00;123
13927;80;625644667;13927;428;15100;15225;5.32;0.32;307.20;12.76;1173;83;5228.00;125
13929;80;625644680;13929;438;15103;15226;5.34;0.32;307.19;12.76;1174;83;5229.00;123
13930;80;625644693;13930;443;15105;15226;5.37;0.33;307.18;12.77;1175;83;5230.00;121
13933;80;625644706;13933;441;15107;15226;5.32;0.32;307.19;12.77;1174;83;5231.00;119
13934;80;625644719;13934;440;15117;15239;5.28;0.32;307.19;12.78;1183;83;5232.00;122
13936;80;625644733;13936;439;15119;15239;5.25;0.32;307.21;12.80;1183;83;5233.00;120
13936;80;625644746;13936;436;15120;15239;5.22;0.32;307.21;12.81;1184;83;5234.00;119
13936;80;625644759;13936;427;15121;15240;5.27;0.32;307.21;12.81;1185;83;5235.00;119
13936;80;625644772;13936;427;15123;15241;5.34;0.33;307.21;12.82;1187;83;5236.00;118
13939;80;625644785;13939;420;15125;15241;5.38;0.33;307.19;12.84;1186;83;5237.00;116
13941;80;625644804;13941;416;15128;15244;5.49;0.33;307.18;12.84;1187;83;5238.00;116
13943;80;625644824;13943;414;15130;15244;5.57;0.34;307.26;12.86;1187;83;5239.00;114
13944;80;625644837;13944;411;15130;15244;5.59;0.34;307.25;12.86;1186;83;5240.00;114
13945;80;625644851;13945;405;15132;15244;5.56;0.34;307.25;12.89;1187;83;5241.00;112
13947;80;625644864;13947;398;15138;15250;5.59;0.34;307.25;12.91;1191;83;5242.00;112
13947;80;625644878;13947;400;15139;15250;5.57;0.34;307.25;12.91;1192;83;5243.00;111
13950;81;625644891;13950;394;15141;15250;5.54;0.34;307.22;12.93;1191;84;5244.00;109
13950;81;625644911;13950;389;15141;15250;5.51;0.34;307.22;12.93;1191;84;5245.00;109
13951;81;625644924;13951;393;15146;15254;5.50;0.34;307.22;12.95;1195;84;5246.00;108
13956;81;625644952;13956;389;15148;15255;5.46;0.33;307.18;12.95;1192;84;5247.00;107
13956;81;625644966;13956;391;15148;15255;5.47;0.33;307.18;12.95;1192;84;5248.00;107
13961;81;625644978;13961;388;15151;15256;5.41;0.33;307.17;12.96;1190;84;5249.00;105
13962;81;625644994;13962;390;15151;15256;5.44;0.33;307.16;12.96;1189;84;5250.00;105
13962;81;625645006;13962;383;15153;15256;5.48;0.33;307.16;12.98;1191;84;5251.00;103
13962;81;625645019;13962;388;15153;15256;5.51;0.33;307.16;12.98;1191;84;5252.00;103
13963;81;625645032;13963;390;15153;15256;5.55;0.34;307.16;12.98;1190;84;5253.00;103
13963;81;625645044;13963;387;15155;15256;5.58;0.34;307.16;12.99;1192;84;5254.00;101
13963;81;625645057;13963;383;15155;15256;5.62;0.34;307.16;12.99;1192;84;5255.00;101
13964;81;625645070;13964;391;15191;15326;5.80;0.35;307.14;12.98;1227;84;5256.00;135
13967;81;625645088;13967;386;15192;15327;5.79;0.35;307.19;12.98;1225;84;5257.00;135
13968;81;625645102;13968;390;15201;15327;5.87;0.36;307.17;12.97;1233;84;5258.00;126
13970;81;625645116;13970;393;15207;15327;5.89;0.36;307.24;12.98;1237;84;5259.00;120
13971;81;625645129;13971;391;15213;15327;5.93;0.36;307.26;12.98;1242;84;5260.00;114
13974;81;625645143;13974;397;15215;15327;5.87;0.36;307.34;12.98;1241;84;5261.00;112
13978;81;625645156;13978;400;15221;15327;5.79;0.35;307.35;12.99;1243;84;5262.00;106
13980;81;625645170;13980;406;15224;15327;5.72;0.35;307.36;12.99;1244;84;5263.00;103
13985;81;625645183;13985;414;15229;15328;5.60;0.34;307.35;12.99;1244;84;5264.00;99
13987;81;625645196;13987;422;15232;15330;5.50;0.34;307.36;13.00;1245;84;5265.00;98
13993;81;625645210;13993;429;15232;15330;5.42;0.33;307.40;13.00;1239;84;5266.00;98
13998;81;625645224;13998;437;15235;15334;5.34;0.32;307.39;13.00;1237;84;5267.00;99
14005;81;625645237;14005;449;15236;15334;5.20;0.32;307.50;13.01;1231;84;5268.00;98
14007;81;625645251;14007;457;15238;15334;5.20;0.32;307.50;13.04;1231;84;5269.00;96
14012;81;625645265;14012;446;15239;15334;5.19;0.32;307.59;13.05;1227;84;5270.00;95
14015;81;625645279;14015;441;15244;15340;5.25;0.32;307.66;13.04;1229;84;5271.00;96
14017;81;625645298;14017;432;15244;15340;5.32;0.32;307.69;13.04;1227;84;5272.00;96
14020;81;625645311;14020;426;15246;15340;5.38;0.33;307.74;13.05;1226;84;5273.00;94
14024;81;625645329;14024;418;15248;15343;5.42;0.33;307.81;13.05;1224;84;5274.00;95
14027;81;625645350;14027;424;15249;15343;5.43;0.33;307.82;13.06;1222;84;5275.00;94
14032;81;625645379;14032;419;15251;15343;5.45;0.33;307.86;13.07;1219;84;5276.00;92
14033;81;625645403;14033;421;15251;15344;5.51;0.34;307.88;13.07;1218;84;5277.00;93
14039;81;625645424;14039;416;15253;15345;5.57;0.34;307.94;13.08;1214;84;5278.00;92
14042;81;625645444;14042;413;15253;15345;5.65;0.34;308.05;13.08;1211;84;5279.00;92
14046;81;625645462;14046;413;15273;15371;5.72;0.35;308.04;13.07;1227;84;5280.00;98
14051;81;625645483;14051;400;15274;15371;5.79;0.35;308.08;13.07;1223;84;5281.00;97
14052;81;625645499;14052;394;15275;15371;5.90;0.36;308.11;13.07;1223;84;5282.00;96
14056;81;625645515;14056;387;15276;15372;5.96;0.36;308.15;13.06;1220;84;5283.00;96
14062;81;625645532;14062;380;15276;15372;5.97;0.36;308.26;13.06;1214;84;5284.00;96
14064;81;625645556;14064;384;15280;15376;6.09;0.37;308.29;13.06;1216;84;5285.00;96
14069;81;625645572;14069;384;15280;15376;6.08;0.37;308.40;13.06;1211;84;5286.00;96
14072;81;625645589;14072;377;15283;15379;6.10;0.37;308.41;13.06;1211;84;5287.00;96
14080;81;625645605;14080;376;15283;15380;6.08;0.37;308.53;13.06;1203;84;5288.00;97
14084;81;625645621;14084;379;15283;15380;6.10;0.37;308.51;13.06;1199;84;5289.00;97
14089;81;625645637;14089;374;15283;15380;6.07;0.37;308.59;13.06;1194;84;5290.00;97
14093;81;625645654;14093;381;15283;15380;6.04;0.37;308.66;13.06;1190;84;5291.00;97
14099;81;625645669;14099;387;15293;15392;6.07;0.37;308.67;13.05;1194;84;5292.00;99
14103;81;625645687;14103;391;15294;15392;6.05;0.37;308.73;13.05;1191;84;5293.00;98
14107;81;625645703;14107;388;15294;15392;6.05;0.37;308.84;13.05;1187;84;5294.00;98
14111;81;625645719;14111;390;15294;15392;6.05;0.37;308.95;13.05;1183;84;5295.00;98
14117;81;625645735;14117;397;15294;15392;6.04;0.37;309.00;13.05;1177;84;5296.00;98
14122;81;625645752;14122;403;15294;15392;6.04;0.37;309.05;13.05;1172;84;5297.00;98
14124;81;625645767;14124;397;15294;15393;6.07;0.37;309.09;13.05;1170;84;5298.00;99
14126;81;625645783;14126;403;15294;15393;6.06;0.37;309.12;13.05;1168;84;5299.00;99
14129;81;625645800;14129;403;15298;15399;6.08;0.37;309.18;13.05;1169;84;5300.00;101
14133;81;625645821;14133;411;15299;15400;6.08;0.37;309.20;13.05;1166;84;5301.00;101
14135;81;625645837;14135;413;15300;15400;6.16;0.38;309.22;13.05;1165;85;5302.00;100
14139;81;625645864;14139;411;15300;15400;6.22;0.38;309.23;13.05;1161;85;5303.00;100
14143;81;625645880;14143;406;15303;15404;6.22;0.38;309.28;13.04;1160;85;5304.00;101
14147;81;625645896;14147;408;15303;15404;6.20;0.38;309.34;13.04;1156;85;5305.00;101
14150;81;625645919;14150;412;15303;15404;6.20;0.38;309.32;13.04;1153;85;5306.00;101
14156;81;625645941;14156;414;15304;15405;6.17;0.38;309.37;13.04;1148;85;5307.00;101
14162;81;625645957;14162;417;15307;15409;6.18;0.38;309.39;13.04;1145;85;5308.00;102
14166;81;625645974;14166;419;15307;15409;6.14;0.37;309.39;13.04;1141;85;5309.00;102
14170;81;625645992;14170;426;15310;15415;6.17;0.38;309.42;13.04;1140;85;5310.00;105
14172;81;625646008;14172;432;15310;15415;6.14;0.37;309.45;13.04;1138;85;5311.00;105
14175;81;625646024;14175;435;15311;15415;6.13;0.37;309.51;13.04;1136;85;5312.00;104
14179;81;625646039;14179;435;15311;15415;6.07;0.37;309.55;13.04;1132;85;5313.00;104
14181;81;625646054;14181;445;15314;15419;6.08;0.37;309.57;13.03;1133;85;5314.00;105
14186;81;625646071;14186;458;15314;15419;6.01;0.37;309.57;13.03;1128;85;5315.00;105
14189;81;625646086;14189;470;15315;15419;5.95;0.36;309.65;13.03;1126;85;5316.00;104
14193;81;625646101;14193;465;15315;15419;5.89;0.36;309.66;13.03;1122;85;5317.00;104
14196;81;625646117;14196;454;15316;15420;5.83;0.35;309.69;13.03;1120;85;5318.00;104
14199;81;625646132;14199;455;15317;15421;5.76;0.35;309.74;13.03;1118;85;5319.00;104
14201;81;625646148;14201;451;15318;15421;5.75;0.35;309.86;13.03;1117;85;5320.00;103
14206;81;625646167;14206;449;15319;15422;5.74;0.35;309.90;13.03;1113;85;5321.00;103
14206;81;625646204;14206;443;15319;15422;5.79;0.35;309.90;13.03;1113;85;5322.00;103
14209;81;625646250;14209;445;15319;15422;5.83;0.35;309.93;13.03;1110;85;5323.00;103
14213;81;625646270;14213;449;15319;15422;5.84;0.36;310.03;13.03;1106;85;5324.00;103
14217;81;625646289;14217;444;15319;15422;5.86;0.36;310.10;13.03;1102;85;5325.00;103
14220;81;625646308;14220;433;15319;15422;5.87;0.36;310.10;13.03;1099;85;5326.00;103
14223;81;625646336;14223;424;15319;15422;5.84;0.36;310.17;13.03;1096;85;5327.00;103
14225;81;625646355;14225;440;15388;15549;5.94;0.37;310.19;12.97;1163;85;5328.00;161
14227;81;625646385;14227;431;15390;15550;5.95;0.37;310.20;12.97;1163;85;5329.00;160
14230;81;625646403;14230;417;15396;15550;6.04;0.37;310.24;12.97;1166;85;5330.00;154
14235;81;625646422;14235;419;15401;15550;6.09;0.38;310.28;12.96;1166;85;5331.00;149
14238;81;625646438;14238;405;15404;15550;6.19;0.38;310.33;12.96;1166;85;5332.00;146
14240;81;625646455;14240;410;15406;15550;6.21;0.38;310.36;12.96;1166;85;5333.00;144
14243;81;625646471;14243;407;15410;15550;6.22;0.38;310.42;12.96;1167;85;5334.00;140
14246;81;625646489;14246;407;15412;15550;6.27;0.39;310.45;12.96;1166;85;5335.00;138
14249;81;625646506;14249;398;15418;15551;6.28;0.39;310.47;12.96;1169;85;5336.00;133
14251;81;625646523;14251;391;15419;15552;6.27;0.39;310.49;12.96;1168;85;5337.00;133
14253;81;625646539;14253;390;15423;15552;6.25;0.39;310.46;12.96;1170;85;5338.00;129
14255;81;625646556;14255;397;15427;15553;6.20;0.38;310.45;12.96;1172;85;5339.00;126
14255;81;625646580;14255;396;15430;15553;6.22;0.38;310.45;12.95;1175;85;5340.00;123
14258;81;625646597;14258;392;15433;15553;6.25;0.39;310.42;12.95;1175;85;5341.00;120
14259;81;625646612;14259;397;15435;15553;6.27;0.39;310.43;12.95;1176;85;5342.00;118
14262;81;625646628;14262;401;15438;15557;6.27;0.39;310.44;12.95;1176;85;5343.00;119
14266;81;625646645;14266;408;15440;15557;6.25;0.38;310.47;12.95;1174;85;5344.00;117
14270;81;625646659;14270;410;15441;15557;6.24;0.38;310.49;12.95;1171;85;5345.00;116
14272;81;625646676;14272;410;15444;15560;6.22;0.38;310.49;12.95;1172;85;5346.00;116
14273;81;625646694;14273;413;15444;15560;6.18;0.38;310.47;12.95;1171;85;5347.00;116
14274;81;625646711;14274;419;15445;15560;6.11;0.37;310.48;12.95;1171;85;5348.00;115
14277;81;625646727;14277;425;15448;15564;6.03;0.37;310.46;12.95;1171;85;5349.00;116
14280;81;625646744;14280;437;15450;15565;5.96;0.36;310.44;12.95;1170;85;5350.00;115
14284;81;625646760;14284;439;15450;15565;5.83;0.36;310.44;12.95;1166;85;5351.00;115
14287;81;625646776;14287;447;15453;15569;5.76;0.35;310.43;12.94;1166;85;5352.00;116
14290;81;625646793;14290;452;15453;15569;5.66;0.35;310.39;12.94;1163;85;5353.00;116
14292;81;625646813;14292;463;15453;15569;5.62;0.34;310.40;12.94;1161;85;5354.00;116
14293;81;625646835;14293;468;15455;15571;5.57;0.34;310.41;12.94;1162;85;5355.00;116
14294;81;625646854;14294;475;15455;15571;5.49;0.33;310.40;12.94;1161;85;5356.00;116
14297;81;625646871;14297;475;15459;15577;5.43;0.33;310.42;12.94;1162;85;5357.00;118
14299;81;625646886;14299;479;15459;15577;5.36;0.33;310.43;12.94;1160;85;5358.00;118
14300;81;625646902;14300;491;15460;15577;5.35;0.33;310.41;12.94;1160;85;5359.00;117
14303;81;625646917;14303;493;15460;15578;5.30;0.32;310.40;12.94;1157;85;5360.00;118
14303;81;625646932;14303;485;15460;15578;5.28;0.32;310.40;12.94;1157;85;5361.00;118
14304;81;625646946;14304;488;15460;15578;5.21;0.32;310.39;12.94;1156;85;5362.00;118
14306;81;625646961;14306;487;15460;15578;5.17;0.32;310.46;12.94;1154;85;5363.00;118
14308;81;625646976;14308;485;15468;15590;5.15;0.32;310.44;12.93;1160;85;5364.00;122
14311;81;625646990;14311;484;15468;15590;5.08;0.31;310.42;12.93;1157;85;5365.00;122
14312;81;625647004;14312;485;15470;15590;5.11;0.31;310.40;12.93;1158;85;5366.00;120
14314;81;625647019;14314;484;15471;15590;5.10;0.31;310.40;13.00;1157;85;5367.00;119
14318;81;625647033;14318;475;15471;15590;5.08;0.31;310.43;13.00;1153;85;5368.00;119
14322;81;625647047;14322;471;15471;15590;5.01;0.31;310.40;13.00;1149;85;5369.00;119
14326;81;625647066;14326;469;15475;15594;4.94;0.30;310.39;12.99;1149;85;5370.00;119
14331;81;625647090;14331;467;15475;15594;4.90;0.30;310.36;12.99;1144;85;5371.00;119
14335;81;625647104;14335;458;15478;15598;4.90;0.30;310.36;12.99;1143;85;5372.00;120
14337;81;625647118;14337;447;15479;15599;4.88;0.30;310.32;12.99;1142;85;5373.00;120
14340;81;625647132;14340;440;15480;15599;4.89;0.30;310.32;12.99;1140;85;5374.00;119
14345;81;625647148;14345;441;15481;15599;4.87;0.30;310.34;13.01;1136;85;5375.00;118
14346;81;625647162;14346;437;15492;15612;4.94;0.30;310.33;13.02;1146;85;5376.00;120
14349;81;625647176;14349;435;15492;15612;4.95;0.30;310.33;13.02;1143;85;5377.00;120
14353;81;625647195;14353;429;15493;15612;4.94;0.30;310.32;13.01;1140;85;5378.00;119
14355;81;625647209;14355;426;15494;15613;4.98;0.31;310.31;13.01;1139;85;5379.00;119
14358;81;625647224;14358;427;15495;15614;4.99;0.31;310.26;13.02;1137;85;5380.00;119
14359;81;625647240;14359;428;15496;15614;5.00;0.31;310.25;13.09;1137;85;5381.00;118
14363;81;625647253;14363;427;15498;15617;5.04;0.31;310.23;13.09;1135;85;5382.00;119
14365;81;625647268;14365;425;15499;15617;5.07;0.31;310.21;13.08;1134;85;5383.00;118
14366;81;625647283;14366;428;15499;15617;5.06;0.31;310.20;13.08;1133;85;5384.00;118
14368;81;625647296;14368;429;15500;15617;5.05;0.31;310.19;13.15;1132;85;5385.00;117
14370;81;625647312;14370;428;15504;15623;5.09;0.31;310.21;13.15;1134;85;5386.00;119
14370;81;625647331;14370;415;15504;15623;5.12;0.31;310.21;13.15;1134;85;5387.00;119
14373;81;625647353;14373;408;15506;15623;5.11;0.31;310.18;13.22;1133;85;5388.00;117
14373;81;625647375;14373;404;15506;15623;5.10;0.31;310.18;13.22;1133;85;5389.00;117
14374;81;625647396;14374;402;15509;15627;5.12;0.31;310.17;13.21;1135;85;5390.00;118
14375;81;625647418;14375;388;15510;15628;5.17;0.31;310.16;13.21;1135;85;5391.00;118
14377;81;625647439;14377;383;15510;15628;5.22;0.32;310.17;13.21;1133;86;5392.00;118
14380;81;625647468;14380;376;15511;15629;5.30;0.32;310.14;13.21;1131;86;5393.00;118
14380;81;625647499;14380;374;15511;15629;5.36;0.32;310.14;13.21;1131;86;5394.00;118
14382;81;625647517;14382;373;15511;15629;5.40;0.33;310.13;13.21;1129;86;5395.00;118
14383;81;625647533;14383;366;15511;15629;5.48;0.33;310.12;13.21;1128;86;5396.00;118
14383;81;625647550;14383;361;15511;15629;5.53;0.33;310.12;13.21;1128;86;5397.00;118
14385;81;625647572;14385;354;15512;15629;5.53;0.33;310.11;13.22;1127;86;5398.00;117
14385;81;625647600;14385;354;15512;15629;5.55;0.34;310.11;13.22;1127;86;5399.00;117
