step_arrived;step_collisions;step_duration;step_ended;step_halting;step_inserted;step_loaded;step_meanSpeed;step_meanSpeedRelative;step_meanTravelTime;step_meanWaitingTime;step_running;step_teleports;step_time;step_waiting
0;0;626822932;0;1;83;245;16.44;1.16;-1.00;0.00;83;0;0.00;162
0;0;626822962;0;1;95;245;15.50;1.08;-1.00;0.13;95;0;1.00;150
0;0;626822963;0;0;117;245;14.99;1.02;-1.00;0.48;117;0;2.00;128
0;0;626822964;0;2;132;245;13.94;0.94;-1.00;0.77;132;0;3.00;113
0;0;626822965;0;1;143;245;13.09;0.88;-1.00;1.01;143;0;4.00;102
0;0;626822966;0;5;155;245;11.88;0.80;-1.00;1.32;155;0;5.00;90
0;0;626822969;0;6;164;245;11.12;0.74;-1.00;1.58;164;0;6.00;81
0;0;626822970;0;11;171;245;10.34;0.69;-1.00;1.80;171;0;7.00;74
0;0;626822972;0;17;178;246;9.82;0.65;-1.00;2.04;178;0;8.00;68
0;0;626822974;0;19;183;247;9.43;0.63;-1.00;2.23;183;0;9.00;64
0;0;626822977;0;21;186;247;9.30;0.62;-1.00;2.36;186;0;10.00;61
1;0;626822979;1;26;196;248;8.99;0.59;11.00;2.75;195;0;11.00;52
1;0;626822981;1;27;201;248;9.08;0.60;11.00;2.98;200;0;12.00;47
1;0;626822984;1;33;203;248;9.14;0.60;11.00;3.08;202;0;13.00;45
1;0;626822987;1;34;207;248;9.07;0.59;11.00;3.26;206;0;14.00;41
1;0;626822989;1;38;213;252;9.02;0.58;11.00;3.46;212;0;15.00;39
1;0;626822993;1;43;216;252;8.93;0.58;11.00;3.63;215;0;16.00;36
2;0;626822996;2;46;220;252;8.89;0.57;14.00;3.87;218;0;17.00;32
2;0;626822999;2;48;225;255;8.93;0.57;14.00;4.11;223;0;18.00;30
2;0;626823002;2;53;227;255;8.99;0.57;14.00;4.24;225;0;19.00;28
2;0;626823006;2;58;229;255;9.14;0.58;14.00;4.34;227;0;20.00;26
4;0;626823009;4;62;235;259;9.25;0.58;17.50;4.42;231;0;21.00;24
5;0;626823020;5;63;239;260;9.32;0.58;18.40;4.55;234;0;22.00;21
6;0;626823024;6;70;241;260;9.08;0.57;18.83;4.71;235;0;23.00;19
6;0;626823027;6;72;245;264;9.02;0.56;18.83;4.63;239;0;24.00;19
6;0;626823031;6;74;246;264;9.02;0.56;18.83;4.71;240;0;25.00;18
6;0;626823033;6;84;248;264;9.06;0.56;18.83;4.88;242;0;26.00;16
6;0;626823036;6;83;249;265;9.18;0.57;18.83;4.86;243;0;27.00;16
6;0;626823039;6;86;249;265;9.25;0.58;18.83;4.86;243;0;28.00;16
6;0;626823042;6;87;253;271;9.18;0.57;18.83;4.80;247;0;29.00;18
7;0;626823048;7;89;255;271;9.15;0.57;20.00;5.00;248;0;30.00;16
7;0;626823051;7;93;257;272;9.06;0.56;20.00;5.03;250;0;31.00;15
8;0;626823054;8;97;258;272;8.87;0.55;21.50;5.08;250;0;32.00;14
8;0;626823057;8;101;259;272;8.73;0.54;21.50;5.12;251;0;33.00;13
10;0;626823060;10;103;259;272;8.56;0.53;23.00;5.12;249;0;34.00;13
10;0;626823063;10;105;260;272;8.53;0.53;23.00;5.13;250;0;35.00;12
10;0;626823066;10;108;271;284;8.81;0.55;23.00;4.92;261;0;36.00;13
10;0;626823070;10;112;272;284;8.74;0.54;23.00;4.93;262;0;37.00;12
10;0;626823073;10;114;272;284;8.62;0.54;23.00;4.93;262;0;38.00;12
11;0;626823076;11;115;273;284;8.43;0.53;24.45;4.93;262;0;39.00;11
11;0;626823079;11;118;273;284;8.30;0.52;24.45;4.93;262;0;40.00;11
12;0;626823082;12;119;273;284;8.13;0.51;25.58;4.93;261;0;41.00;11
13;0;626823085;13;122;277;288;8.08;0.50;26.46;4.87;264;0;42.00;11
13;0;626823088;13;126;277;288;8.08;0.50;26.46;4.87;264;0;43.00;11
13;0;626823092;13;129;280;292;7.97;0.49;26.46;4.83;267;0;44.00;12
16;0;626823095;16;132;283;294;7.88;0.49;28.06;4.78;267;0;45.00;11
16;0;626823099;16;134;283;294;7.76;0.48;28.06;4.78;267;0;46.00;11
17;0;626823101;17;132;283;294;7.68;0.48;28.82;4.78;266;0;47.00;11
18;0;626823104;18;137;295;307;7.85;0.48;29.89;4.59;277;0;48.00;12
18;0;626823108;18;138;295;307;7.74;0.48;29.89;4.59;277;0;49.00;12
18;0;626823111;18;140;295;307;7.67;0.47;29.89;4.59;277;0;50.00;12
18;0;626823114;18;146;296;308;7.61;0.47;29.89;4.58;278;0;51.00;12
18;0;626823117;18;146;297;309;7.56;0.47;29.89;4.57;279;0;52.00;12
20;0;626823120;20;148;297;309;7.59;0.47;32.15;4.57;277;0;53.00;12
21;0;626823123;21;150;299;312;7.66;0.47;31.48;4.54;278;0;54.00;13
21;0;626823126;21;151;299;312;7.56;0.47;31.48;4.54;278;0;55.00;13
22;0;626823135;22;143;300;312;7.53;0.47;32.59;4.53;278;0;56.00;12
23;0;626823138;23;137;300;312;7.48;0.46;32.65;4.53;277;0;57.00;12
23;0;626823141;23;135;304;318;7.52;0.46;32.65;4.48;281;0;58.00;14
24;0;626823146;24;135;304;318;7.53;0.46;32.67;4.48;280;0;59.00;14
25;0;626823151;25;137;306;318;7.50;0.46;33.76;4.47;281;0;60.00;12
25;0;626823154;25;140;306;318;7.58;0.47;33.76;4.47;281;0;61.00;12
26;0;626823158;26;145;310;322;7.60;0.47;34.77;4.43;284;0;62.00;12
29;0;626823162;29;145;311;323;7.67;0.47;36.24;4.41;282;0;63.00;12
29;0;626823165;29;145;311;323;7.80;0.48;36.24;4.41;282;0;64.00;12
30;0;626823168;30;146;312;324;7.99;0.49;37.10;4.40;282;0;65.00;12
31;0;626823171;31;148;312;324;8.02;0.49;37.94;4.40;281;0;66.00;12
32;0;626823175;32;138;312;324;8.04;0.49;38.84;4.40;280;0;67.00;12
32;0;626823186;32;133;312;324;8.08;0.50;38.84;4.40;280;0;68.00;12
32;0;626823189;32;129;312;324;8.16;0.50;38.84;4.40;280;0;69.00;12
32;0;626823194;32;125;312;324;8.28;0.51;38.84;4.40;280;0;70.00;12
33;0;626823198;33;121;312;324;8.43;0.51;39.18;4.40;279;0;71.00;12
33;0;626823202;33;132;352;394;8.31;0.51;39.18;3.90;319;0;72.00;42
33;0;626823211;33;123;353;395;8.49;0.52;39.18;3.89;320;0;73.00;42
36;0;626823221;36;116;359;395;8.86;0.54;41.89;3.86;323;0;74.00;36
37;0;626823225;37;111;364;395;9.17;0.56;42.65;3.85;327;0;75.00;31
37;0;626823235;37;109;368;395;9.43;0.57;42.65;3.85;331;0;76.00;27
37;0;626823240;37;109;373;395;9.59;0.58;42.65;3.87;336;0;77.00;22
37;0;626823245;37;113;376;395;9.62;0.59;42.65;3.88;339;0;78.00;19
37;0;626823264;37;112;377;395;9.65;0.59;42.65;3.89;340;0;79.00;18
39;0;626823269;39;114;379;396;9.63;0.58;44.13;3.89;340;0;80.00;17
40;0;626823273;40;114;380;397;9.62;0.58;45.05;3.88;340;0;81.00;17
40;0;626823277;40;116;381;397;9.59;0.58;45.05;3.90;341;0;82.00;16
40;0;626823281;40;122;385;401;9.36;0.57;45.05;3.87;345;0;83.00;16
40;0;626823285;40;125;385;401;9.26;0.56;45.05;3.87;345;0;84.00;16
40;0;626823290;40;127;385;401;9.11;0.55;45.05;3.87;345;0;85.00;16
41;0;626823293;41;130;385;401;8.91;0.54;46.05;3.87;344;0;86.00;16
41;0;626823298;41;134;389;407;8.70;0.53;46.05;3.84;348;0;87.00;18
41;0;626823303;41;138;389;407;8.56;0.52;46.05;3.84;348;0;88.00;18
43;0;626823306;43;139;390;407;8.38;0.51;47.84;3.84;347;0;89.00;17
43;0;626823312;43;138;393;413;8.36;0.51;47.84;3.81;350;0;90.00;20
44;0;626823317;44;140;394;413;8.34;0.51;48.82;3.80;350;0;91.00;19
47;0;626823321;47;136;394;413;8.27;0.50;51.49;3.80;347;0;92.00;19
48;0;626823325;48;139;396;414;8.22;0.50;52.35;3.79;348;0;93.00;18
49;0;626823329;49;137;397;415;8.24;0.50;53.20;3.79;348;0;94.00;18
50;0;626823333;50;137;398;415;8.28;0.50;54.02;3.79;348;0;95.00;17
52;0;626823337;52;136;408;428;8.27;0.50;55.63;3.70;356;0;96.00;20
55;0;626823342;55;135;409;428;8.33;0.51;56.58;3.69;354;0;97.00;19
55;0;626823346;55;137;409;428;8.41;0.51;56.58;3.69;354;0;98.00;19
58;0;626823350;58;135;410;429;8.48;0.51;58.78;3.68;352;0;99.00;19
59;0;626823358;59;132;410;429;8.66;0.53;59.39;3.68;351;0;100.00;19
59;0;626823368;59;132;412;433;8.83;0.54;59.39;3.67;353;0;101.00;21
59;0;626823373;59;128;412;433;8.90;0.54;59.39;3.67;353;0;102.00;21
60;0;626823378;60;124;417;437;8.88;0.54;60.07;3.64;357;0;103.00;20
60;0;626823383;60;116;417;437;9.04;0.55;60.07;3.64;357;0;104.00;20
61;0;626823389;61;112;417;437;9.20;0.56;60.80;3.64;356;0;105.00;20
62;0;626823394;62;106;417;437;9.38;0.57;61.50;3.64;355;0;106.00;20
64;0;626823399;64;100;417;437;9.52;0.58;62.78;3.64;353;0;107.00;20
66;0;626823403;66;88;427;449;9.59;0.58;64.14;3.56;361;0;108.00;22
66;0;626823410;66;84;428;449;9.67;0.59;64.14;3.55;362;0;109.00;21
67;0;626823415;67;77;429;449;9.91;0.60;64.28;3.55;362;0;110.00;20
68;0;626823421;68;75;429;449;10.11;0.62;64.96;3.55;361;0;111.00;20
68;0;626823427;68;73;429;449;10.35;0.63;64.96;3.55;361;0;112.00;20
69;0;626823432;69;71;429;449;10.59;0.65;65.30;3.55;360;0;113.00;20
70;0;626823438;70;71;430;450;10.80;0.66;66.00;3.54;360;0;114.00;20
70;0;626823445;70;69;430;450;10.91;0.66;66.00;3.54;360;0;115.00;20
70;0;626823450;70;70;435;456;11.16;0.68;66.00;3.77;365;0;116.00;21
71;0;626823457;71;70;437;457;11.39;0.69;66.66;3.76;366;0;117.00;20
72;0;626823464;72;70;437;457;11.53;0.70;66.71;3.76;365;0;118.00;20
72;0;626823471;72;71;438;457;11.58;0.71;66.71;4.03;366;0;119.00;19
72;0;626823485;72;69;443;462;11.72;0.72;66.71;4.09;371;0;120.00;19
72;0;626823495;72;70;445;462;11.70;0.72;66.71;4.26;373;0;121.00;17
73;0;626823506;73;70;446;462;11.68;0.71;67.42;4.52;373;0;122.00;16
74;0;626823516;74;73;448;463;11.73;0.72;68.18;4.56;374;0;123.00;15
75;0;626823527;75;77;453;467;11.70;0.72;68.91;4.79;378;0;124.00;14
75;0;626823538;75;79;455;467;11.76;0.72;68.91;5.06;380;0;125.00;12
77;0;626823551;77;80;457;470;11.83;0.72;70.34;5.04;380;0;126.00;13
77;0;626823563;77;83;459;470;11.91;0.73;70.34;5.30;382;0;127.00;11
77;0;626823572;77;86;460;470;11.94;0.73;70.34;5.57;383;0;128.00;10
77;0;626823582;77;89;460;470;12.04;0.74;70.34;5.57;383;0;129.00;10
79;0;626823590;79;91;463;474;12.07;0.74;71.85;5.54;384;0;130.00;11
80;0;626823598;80;92;464;474;12.09;0.74;72.39;5.81;384;0;131.00;10
80;0;626823604;80;91;465;474;12.18;0.75;72.39;5.80;385;0;132.00;9
83;0;626823611;83;91;467;474;12.14;0.74;73.52;6.34;384;0;133.00;7
85;0;626823618;85;91;469;475;12.05;0.74;73.66;6.61;384;0;134.00;6
86;0;626823625;86;91;472;477;11.99;0.73;74.34;6.75;386;0;135.00;5
87;0;626823632;87;95;472;477;11.93;0.73;75.05;6.75;385;0;136.00;5
91;0;626823638;91;97;475;478;11.87;0.72;77.34;6.98;384;0;137.00;3
93;0;626823645;93;100;476;478;11.69;0.71;78.65;7.05;383;0;138.00;2
97;0;626823660;97;102;476;478;11.67;0.71;80.33;7.05;379;0;139.00;2
99;0;626823668;99;103;476;478;11.57;0.71;81.30;7.05;377;0;140.00;2
101;0;626823677;101;103;477;478;11.40;0.70;82.36;7.13;376;0;141.00;1
105;0;626823683;105;105;477;478;11.16;0.68;83.54;7.13;372;0;142.00;1
106;0;626823693;106;109;478;478;10.99;0.68;83.76;7.17;372;0;143.00;0
107;0;626823701;107;131;551;605;10.77;0.68;84.33;6.22;444;0;144.00;54
111;0;626823723;111;125;558;606;10.70;0.67;85.28;6.16;447;0;145.00;48
111;0;626823734;111;125;562;606;10.74;0.68;85.28;6.13;451;0;146.00;44
112;0;626823745;112;126;569;606;10.66;0.67;85.31;6.09;457;0;147.00;37
116;0;626823755;116;127;573;606;10.62;0.67;86.97;6.08;457;0;148.00;33
117;0;626823763;117;128;577;606;10.62;0.67;86.68;6.07;460;0;149.00;29
117;0;626823778;117;126;581;611;10.70;0.67;86.68;6.07;464;0;150.00;30
118;0;626823788;118;127;584;611;10.70;0.67;86.01;6.07;466;0;151.00;27
119;0;626823795;119;126;588;612;10.71;0.67;85.35;6.09;469;0;152.00;24
120;1;626823802;120;126;591;613;10.68;0.67;85.87;6.10;471;1;153.00;22
122;1;626823829;122;129;594;613;10.69;0.67;86.83;6.12;472;1;154.00;19
124;1;626823838;124;130;596;614;10.65;0.66;87.86;6.11;472;1;155.00;18
125;1;626823846;125;134;599;614;10.62;0.66;88.41;6.13;474;1;156.00;15
127;1;626823853;127;136;600;614;10.55;0.66;89.45;6.14;473;1;157.00;14
127;1;626823867;127;143;602;614;10.56;0.66;89.45;6.16;475;1;158.00;12
129;1;626823875;129;145;605;618;10.61;0.66;89.75;6.16;476;1;159.00;13
129;1;626823884;129;151;607;618;10.49;0.65;89.75;6.18;478;1;160.00;11
130;1;626823891;130;150;608;618;10.35;0.64;89.75;6.20;478;1;161.00;10
131;1;626823898;131;154;610;621;10.26;0.64;90.30;6.20;479;1;162.00;11
131;1;626823906;131;154;611;621;10.22;0.63;90.30;6.22;480;1;163.00;10
134;1;626823912;134;152;612;621;10.13;0.63;91.90;6.25;478;1;164.00;9
137;1;626823920;137;154;616;625;10.08;0.62;92.39;6.23;479;1;165.00;9
138;1;626823927;138;147;618;626;10.10;0.62;92.81;6.24;480;1;166.00;8
139;1;626823935;139;148;620;626;9.99;0.62;93.17;6.26;481;1;167.00;6
141;1;626823942;141;149;625;630;9.83;0.61;93.57;6.24;484;1;168.00;5
143;1;626823955;143;154;627;630;9.62;0.60;93.46;6.23;484;1;169.00;3
144;1;626823961;144;142;628;630;9.50;0.59;93.83;6.24;484;1;170.00;2
149;1;626823969;149;139;630;631;9.43;0.58;95.07;6.26;481;1;171.00;1
150;1;626823976;150;135;630;631;9.43;0.58;95.53;6.26;480;1;172.00;1
150;1;626823983;150;127;635;637;9.49;0.59;95.53;6.22;485;1;173.00;2
154;1;626823990;154;127;635;637;9.49;0.58;96.19;6.22;481;1;174.00;2
156;1;626823997;156;122;637;638;9.51;0.58;97.09;6.20;481;1;175.00;1
157;1;626824004;157;130;638;638;9.55;0.59;97.59;6.24;481;1;176.00;0
158;1;626824010;158;123;638;638;9.64;0.59;98.09;6.24;480;1;177.00;0
160;1;626824017;160;125;638;638;9.80;0.60;98.37;6.24;478;1;178.00;0
161;1;626824024;161;121;638;638;9.95;0.61;98.33;6.24;477;1;179.00;0
162;1;626824032;162;119;668;672;9.92;0.61;98.83;5.96;506;1;180.00;4
163;1;626824042;163;120;668;672;9.91;0.61;99.32;5.96;505;1;181.00;4
163;2;626824049;163;121;669;672;9.90;0.61;99.32;5.95;506;2;182.00;3
163;2;626824072;163;125;669;672;9.95;0.62;99.32;5.95;506;2;183.00;3
163;2;626824080;163;129;670;672;10.01;0.62;99.32;5.95;507;2;184.00;2
165;2;626824087;165;138;670;672;9.96;0.62;100.04;5.95;505;2;185.00;2
167;2;626824095;167;142;675;676;10.00;0.62;100.63;5.92;508;2;186.00;1
168;3;626824103;168;143;675;676;9.98;0.62;101.12;5.92;507;3;187.00;1
171;3;626824123;171;147;678;680;9.89;0.61;100.96;5.91;507;3;188.00;2
174;3;626824131;174;156;679;681;9.79;0.61;101.90;5.90;505;3;189.00;2
178;3;626824139;178;162;680;681;9.69;0.60;102.38;5.89;502;3;190.00;1
181;3;626824146;181;165;680;681;9.49;0.59;102.72;5.89;499;3;191.00;1
183;3;626824153;183;167;693;694;9.42;0.58;102.62;5.79;510;3;192.00;1
185;3;626824163;185;171;693;694;9.26;0.57;102.66;5.79;508;3;193.00;1
191;3;626824176;191;173;694;694;9.13;0.56;102.77;5.78;503;3;194.00;0
194;3;626824184;194;180;695;695;8.99;0.55;102.59;5.78;501;3;195.00;0
196;3;626824192;196;185;696;696;8.90;0.55;103.01;5.77;500;3;196.00;0
198;3;626824200;198;187;696;696;8.80;0.54;102.81;5.77;498;3;197.00;0
201;3;626824207;201;191;698;699;8.69;0.53;103.16;5.75;497;3;198.00;1
204;3;626824215;204;196;699;699;8.61;0.53;103.39;5.75;495;3;199.00;0
207;3;626824223;207;200;699;699;8.44;0.52;103.13;5.75;492;3;200.00;0
210;3;626824234;210;205;699;699;8.27;0.51;102.31;5.75;489;3;201.00;0
211;3;626824242;211;207;704;705;8.13;0.50;102.42;5.71;493;3;202.00;1
212;3;626824250;212;213;705;705;8.03;0.49;102.78;5.71;493;3;203.00;0
214;3;626824257;214;219;705;705;7.99;0.49;102.26;5.71;491;3;204.00;0
215;3;626824265;215;222;705;705;7.89;0.48;101.90;5.71;490;3;205.00;0
216;3;626824272;216;225;709;709;7.81;0.48;101.71;5.68;493;3;206.00;0
217;3;626824279;217;230;710;710;7.74;0.48;102.00;5.67;493;3;207.00;0
217;3;626824286;217;231;710;710;7.71;0.48;102.00;5.67;493;3;208.00;0
217;3;626824293;217;235;711;711;7.64;0.47;102.00;5.67;494;3;209.00;0
219;3;626824301;219;239;711;711;7.62;0.47;102.63;5.67;492;3;210.00;0
220;3;626824308;220;244;711;711;7.53;0.46;103.05;5.67;491;3;211.00;0
222;3;626824315;222;251;711;711;7.41;0.46;102.75;5.67;489;3;212.00;0
226;3;626824321;226;252;711;711;7.32;0.45;102.49;5.67;485;3;213.00;0
226;3;626824328;226;255;711;711;7.25;0.45;102.49;5.67;485;3;214.00;0
226;3;626824335;226;253;711;711;7.15;0.44;102.49;5.67;485;3;215.00;0
227;3;626824343;227;268;753;781;7.29;0.45;102.96;5.35;526;3;216.00;28
228;3;626824356;228;258;755;782;7.25;0.45;103.46;5.34;527;3;217.00;27
228;3;626824364;228;253;763;782;7.38;0.46;103.46;5.30;535;3;218.00;19
230;3;626824371;230;233;767;782;7.56;0.47;103.77;5.29;537;3;219.00;15
232;3;626824378;232;216;772;782;7.82;0.48;104.14;5.28;540;3;220.00;10
232;3;626824386;232;214;776;782;8.05;0.50;104.14;5.28;544;3;221.00;6
234;3;626824394;234;204;779;782;8.23;0.51;104.52;5.28;545;3;222.00;3
236;3;626824402;236;196;781;782;8.41;0.52;105.14;5.29;545;3;223.00;1
236;3;626824411;236;191;782;783;8.57;0.53;105.14;5.28;546;3;224.00;1
239;3;626824418;239;183;785;785;8.67;0.53;106.17;5.28;546;3;225.00;0
240;3;626824428;240;171;785;785;8.84;0.54;106.65;5.28;545;3;226.00;0
242;3;626824437;242;153;789;789;8.95;0.55;107.62;5.25;547;3;227.00;0
245;3;626824447;245;146;789;789;9.12;0.56;108.57;5.25;544;3;228.00;0
247;3;626824456;247;138;789;789;9.29;0.57;109.47;5.25;542;3;229.00;0
248;4;626824479;248;130;789;789;9.41;0.58;109.95;5.25;541;4;230.00;0
250;4;626824501;250;123;794;795;9.55;0.58;110.09;5.23;544;4;231.00;1
252;4;626824510;252;117;794;795;9.70;0.59;110.29;5.23;542;4;232.00;1
253;4;626824518;253;113;795;795;9.82;0.60;110.08;5.22;542;4;233.00;0
254;4;626824526;254;109;797;798;9.98;0.61;110.38;5.21;543;4;234.00;1
255;4;626824536;255;106;798;798;10.03;0.61;110.31;5.21;543;4;235.00;0
256;4;626824545;256;107;798;798;10.13;0.62;110.78;5.21;542;4;236.00;0
257;4;626824554;257;104;799;799;10.14;0.62;110.63;5.20;542;4;237.00;0
259;4;626824562;259;100;800;800;10.23;0.62;111.42;5.20;541;4;238.00;0
261;4;626824570;261;99;800;800;10.28;0.63;112.13;5.20;539;4;239.00;0
264;4;626824578;264;106;824;826;10.20;0.62;112.56;5.04;560;4;240.00;2
268;4;626824588;268;101;825;826;10.33;0.63;112.67;5.04;557;4;241.00;1
272;4;626824596;272;94;826;826;10.38;0.63;113.86;5.04;554;4;242.00;0
273;4;626824604;273;97;827;827;10.57;0.64;113.98;5.03;554;4;243.00;0
275;4;626824611;275;101;827;827;10.60;0.65;114.40;5.03;552;4;244.00;0
278;4;626824618;278;104;830;831;10.55;0.64;114.88;5.01;552;4;245.00;1
278;4;626824626;278;106;830;831;10.59;0.65;114.88;5.01;552;4;246.00;1
281;4;626824633;281;108;835;835;10.54;0.64;115.99;4.99;554;4;247.00;0
283;4;626824641;283;113;835;835;10.51;0.64;116.10;4.99;552;4;248.00;0
284;4;626824655;284;113;835;835;10.51;0.64;116.54;4.99;551;4;249.00;0
287;4;626824670;287;114;835;835;10.47;0.64;116.90;4.99;548;4;250.00;0
288;4;626824682;288;117;835;835;10.46;0.64;117.08;4.99;547;4;251.00;0
289;4;626824690;289;120;846;847;10.47;0.64;117.29;4.93;557;4;252.00;1
289;5;626824698;289;127;846;847;10.42;0.64;117.29;4.93;557;5;253.00;1
289;5;626824711;289;133;847;847;10.40;0.63;117.29;4.92;558;5;254.00;0
290;5;626824726;290;140;847;847;10.33;0.63;117.27;4.92;557;5;255.00;0
292;5;626824734;292;147;847;847;10.24;0.62;117.94;4.92;555;5;256.00;0
296;5;626824743;296;152;847;847;10.19;0.62;118.56;4.92;551;5;257.00;0
296;5;626824751;296;155;848;848;10.12;0.62;118.56;4.92;552;5;258.00;0
298;5;626824758;298;157;848;848;10.09;0.61;118.60;4.92;550;5;259.00;0
300;5;626824771;300;152;853;854;10.02;0.61;118.75;4.90;553;5;260.00;1
303;5;626824779;303;149;854;855;9.96;0.60;118.88;4.89;551;5;261.00;1
305;5;626824786;305;147;855;855;9.93;0.60;118.60;4.89;550;5;262.00;0
305;5;626824793;305;143;855;855;9.93;0.60;118.60;4.89;550;5;263.00;0
305;5;626824799;305;142;859;859;9.97;0.60;118.60;4.87;554;5;264.00;0
308;5;626824806;308;138;859;859;10.02;0.61;118.91;4.87;551;5;265.00;0
311;5;626824813;311;137;859;859;10.05;0.61;119.49;4.87;548;5;266.00;0
313;5;626824820;313;131;860;860;10.14;0.61;119.81;4.86;547;5;267.00;0
314;5;626824827;314;130;864;864;10.21;0.62;119.82;4.84;550;5;268.00;0
317;5;626824833;317;127;864;864;10.30;0.62;120.40;4.84;547;5;269.00;0
324;5;626824843;324;124;867;870;10.37;0.63;121.44;4.83;543;5;270.00;3
326;5;626824850;326;122;867;870;10.45;0.63;121.88;4.83;541;5;271.00;3
329;5;626824857;329;111;868;870;10.58;0.64;122.50;4.82;539;5;272.00;2
333;5;626824864;333;106;868;870;10.68;0.65;122.65;4.82;535;5;273.00;2
334;5;626824870;334;103;871;874;10.86;0.66;122.68;4.81;537;5;274.00;3
336;5;626824878;336;101;871;874;11.09;0.67;122.80;4.81;535;5;275.00;3
338;5;626824885;338;100;872;874;11.21;0.68;122.74;4.82;534;5;276.00;2
340;5;626824892;340;94;872;874;11.26;0.68;123.06;4.82;532;5;277.00;2
342;5;626824899;342;88;874;875;11.29;0.68;123.33;4.81;532;5;278.00;1
343;5;626824908;343;85;875;876;11.39;0.69;123.52;4.81;532;5;279.00;1
343;5;626824915;343;83;876;876;11.38;0.69;123.52;4.81;533;5;280.00;0
344;5;626824922;344;79;877;877;11.40;0.69;123.46;4.80;533;5;281.00;0
348;5;626824930;348;76;877;877;11.37;0.69;123.21;4.80;529;5;282.00;0
350;5;626824938;350;79;877;877;11.42;0.69;123.81;4.80;527;5;283.00;0
351;5;626824945;351;77;877;877;11.43;0.69;123.55;4.80;526;5;284.00;0
353;5;626824952;353;76;877;877;11.49;0.70;124.12;4.80;524;5;285.00;0
354;5;626824960;354;79;877;877;11.51;0.70;124.17;4.80;523;5;286.00;0
355;5;626824968;355;82;877;877;11.56;0.70;124.23;4.80;522;5;287.00;0
356;5;626824976;356;100;947;1004;11.21;0.69;124.53;4.45;591;5;288.00;57
356;5;626824994;356;89;949;1005;11.23;0.69;124.53;4.44;593;5;289.00;56
358;5;626825003;358;84;955;1005;11.38;0.70;125.22;4.43;597;5;290.00;50
359;5;626825011;359;88;960;1005;11.48;0.71;125.28;4.42;601;5;291.00;45
359;5;626825020;359;90;964;1005;11.58;0.72;125.28;4.42;605;5;292.00;41
362;5;626825029;362;94;970;1005;11.70;0.72;125.93;4.42;608;5;293.00;35
363;5;626825037;363;92;975;1005;11.72;0.72;125.90;4.43;612;5;294.00;30
365;5;626825045;365;90;979;1005;11.77;0.72;126.45;4.44;614;5;295.00;26
370;5;626825059;370;88;985;1006;11.78;0.72;125.80;4.46;615;5;296.00;21
371;5;626825069;371;89;988;1007;11.90;0.73;126.25;4.47;617;5;297.00;19
372;5;626825079;372;92;990;1007;12.00;0.74;126.70;4.48;618;5;298.00;17
373;5;626825089;373;94;990;1008;12.02;0.74;126.58;4.48;617;5;299.00;18
373;5;626825103;373;99;995;1014;11.98;0.74;126.58;4.51;622;5;300.00;19
375;5;626825118;375;102;996;1014;11.93;0.74;127.11;4.52;621;5;301.00;18
379;5;626825129;379;109;998;1014;11.89;0.73;128.43;4.54;619;5;302.00;16
379;5;626825141;379;113;1002;1018;11.84;0.73;128.43;4.55;623;5;303.00;16
383;5;626825152;383;120;1005;1018;11.75;0.72;129.05;4.58;622;5;304.00;13
384;5;626825163;384;126;1007;1018;11.64;0.72;129.32;4.59;623;5;305.00;11
385;5;626825173;385;137;1011;1021;11.57;0.71;129.41;4.60;626;5;306.00;10
389;5;626825184;389;140;1011;1021;11.54;0.71;129.81;4.60;622;5;307.00;10
392;5;626825195;392;141;1012;1021;11.48;0.71;130.33;4.60;620;5;308.00;9
395;6;626825206;395;146;1015;1025;11.36;0.70;130.41;4.59;620;6;309.00;10
395;6;626825229;395;152;1016;1026;11.28;0.69;130.41;4.58;621;6;310.00;10
397;6;626825239;397;162;1018;1026;11.10;0.68;130.64;4.60;621;6;311.00;8
402;6;626825250;402;162;1022;1030;10.97;0.67;131.26;4.58;620;6;312.00;8
402;6;626825267;402;167;1022;1030;10.85;0.67;131.26;4.58;620;6;313.00;8
403;6;626825279;403;171;1022;1030;10.67;0.66;131.41;4.58;619;6;314.00;8
407;6;626825294;407;171;1024;1032;10.54;0.65;131.59;4.57;617;6;315.00;8
408;6;626825304;408;178;1024;1032;10.43;0.64;131.92;4.57;616;6;316.00;8
410;6;626825313;410;182;1029;1038;10.32;0.63;132.61;4.57;619;6;317.00;9
411;6;626825323;411;187;1029;1038;10.14;0.62;132.63;4.57;618;6;318.00;9
413;6;626825332;413;183;1030;1039;10.02;0.62;132.97;4.56;617;6;319.00;9
415;6;626825341;415;182;1033;1039;9.96;0.61;133.23;4.62;618;6;320.00;6
418;6;626825350;418;190;1036;1039;9.86;0.61;133.51;4.65;618;6;321.00;3
422;6;626825359;422;195;1036;1039;9.79;0.60;134.19;4.65;614;6;322.00;3
422;6;626825369;422;194;1037;1039;9.78;0.60;134.19;4.66;615;6;323.00;2
425;6;626825377;425;200;1050;1051;9.76;0.60;134.58;4.65;625;6;324.00;1
428;6;626825387;428;197;1050;1051;9.75;0.60;134.81;4.65;622;6;325.00;1
430;6;626825396;430;203;1051;1051;9.74;0.60;135.20;4.65;621;6;326.00;0
432;6;626825404;432;205;1051;1051;9.79;0.60;135.27;4.65;619;6;327.00;0
434;6;626825413;434;208;1051;1051;9.89;0.60;135.80;4.65;617;6;328.00;0
436;6;626825421;436;214;1051;1051;9.92;0.60;135.53;4.65;615;6;329.00;0
438;6;626825431;438;217;1055;1055;9.83;0.60;135.98;4.63;617;6;330.00;0
439;6;626825441;439;220;1055;1055;9.73;0.59;136.41;4.63;616;6;331.00;0
440;6;626825448;440;223;1058;1059;9.65;0.59;136.35;4.62;618;6;332.00;1
443;6;626825457;443;222;1059;1060;9.45;0.57;137.38;4.62;616;6;333.00;1
444;6;626825465;444;221;1060;1060;9.25;0.56;137.33;4.62;616;6;334.00;0
447;6;626825474;447;227;1060;1060;9.11;0.56;138.34;4.62;613;6;335.00;0
453;6;626825485;453;230;1072;1073;8.88;0.54;138.34;4.56;619;6;336.00;1
456;6;626825499;456;232;1072;1073;8.79;0.54;138.95;4.56;616;6;337.00;1
460;6;626825514;460;239;1073;1073;8.65;0.53;139.68;4.56;613;6;338.00;0
462;6;626825526;462;243;1074;1074;8.50;0.52;139.67;4.56;612;6;339.00;0
467;6;626825540;467;236;1075;1075;8.27;0.51;140.83;4.56;608;6;340.00;0
470;6;626825553;470;227;1075;1075;8.05;0.49;141.21;4.56;605;6;341.00;0
472;6;626825565;472;224;1077;1078;8.01;0.49;141.50;4.55;605;6;342.00;1
472;6;626825576;472;219;1078;1078;7.97;0.49;141.50;4.54;606;6;343.00;0
472;6;626825587;472;220;1078;1078;7.91;0.49;141.50;4.54;606;6;344.00;0
475;6;626825596;475;221;1078;1078;7.82;0.48;141.70;4.54;603;6;345.00;0
480;6;626825604;480;225;1083;1084;7.82;0.48;143.03;4.53;603;6;346.00;1
482;6;626825613;482;225;1083;1084;7.87;0.48;143.50;4.53;601;6;347.00;1
486;6;626825621;486;220;1084;1084;7.88;0.48;143.66;4.53;598;6;348.00;0
486;6;626825629;486;220;1084;1084;7.85;0.48;143.66;4.53;598;6;349.00;0
490;6;626825636;490;227;1088;1088;7.82;0.48;144.80;4.51;598;6;350.00;0
495;6;626825644;495;225;1089;1089;7.85;0.48;144.95;4.51;594;6;351.00;0
500;6;626825652;500;226;1089;1089;7.76;0.47;145.53;4.51;589;6;352.00;0
504;6;626825660;504;229;1090;1090;7.67;0.47;145.63;4.51;586;6;353.00;0
506;6;626825667;506;230;1090;1090;7.59;0.47;145.79;4.51;584;6;354.00;0
512;6;626825676;512;229;1090;1090;7.53;0.46;145.35;4.51;578;6;355.00;0
515;6;626825684;515;236;1090;1090;7.48;0.46;145.05;4.51;575;6;356.00;0
516;6;626825699;516;233;1090;1090;7.45;0.46;145.28;4.51;574;6;357.00;0
518;6;626825707;518;234;1090;1090;7.42;0.46;145.36;4.51;572;6;358.00;0
521;6;626825715;521;242;1090;1090;7.36;0.45;145.73;4.51;569;6;359.00;0
524;6;626825725;524;261;1158;1215;7.72;0.48;145.97;4.24;634;6;360.00;57
526;6;626825747;526;263;1166;1216;7.71;0.48;146.33;4.22;640;6;361.00;50
528;6;626825757;528;255;1178;1216;7.77;0.48;146.19;4.20;650;6;362.00;38
530;6;626825765;530;252;1184;1216;7.80;0.48;146.78;4.19;654;6;363.00;32
530;6;626825776;530;248;1189;1216;7.80;0.48;146.78;4.19;659;6;364.00;27
533;6;626825785;533;250;1193;1216;7.78;0.48;146.85;4.19;660;6;365.00;23
534;6;626825794;534;251;1199;1216;7.81;0.48;146.99;4.20;665;6;366.00;17
536;6;626825802;536;251;1200;1216;7.71;0.48;146.93;4.20;664;6;367.00;16
538;6;626825812;538;251;1206;1217;7.65;0.47;147.25;4.22;668;6;368.00;11
543;6;626825821;543;260;1207;1218;7.55;0.47;147.04;4.22;664;6;369.00;11
543;6;626825837;543;263;1209;1218;7.52;0.47;147.04;4.22;666;6;370.00;9
545;6;626825846;545;256;1213;1222;7.45;0.46;146.74;4.21;668;6;371.00;9
549;6;626825857;549;257;1216;1222;7.42;0.46;147.06;4.23;667;6;372.00;6
549;6;626825866;549;253;1217;1222;7.50;0.47;147.06;4.24;668;6;373.00;5
550;6;626825876;550;256;1218;1222;7.61;0.47;147.17;4.25;668;6;374.00;4
552;6;626825886;552;249;1223;1228;7.73;0.48;147.34;4.24;671;6;375.00;5
553;6;626825897;553;241;1226;1228;7.83;0.48;147.36;4.26;673;6;376.00;2
555;6;626825908;555;239;1227;1228;7.92;0.49;147.43;4.26;672;6;377.00;1
557;6;626825929;557;237;1229;1231;8.06;0.50;147.85;4.25;672;6;378.00;2
558;6;626825940;558;233;1231;1231;8.13;0.50;147.66;4.26;673;6;379.00;0
561;6;626825951;561;231;1231;1231;8.20;0.50;147.76;4.26;670;6;380.00;0
562;6;626825961;562;231;1232;1232;8.26;0.51;147.53;4.26;670;6;381.00;0
564;7;626825973;564;231;1233;1233;8.34;0.51;147.87;4.26;669;7;382.00;0
567;7;626825991;567;234;1233;1233;8.35;0.51;147.84;4.26;666;7;383.00;0
569;7;626826007;569;234;1246;1246;8.43;0.52;147.77;4.21;677;7;384.00;0
571;7;626826020;571;236;1246;1246;8.49;0.52;147.86;4.21;675;7;385.00;0
573;7;626826032;573;237;1246;1246;8.54;0.52;147.93;4.21;673;7;386.00;0
573;8;626826044;573;231;1247;1247;8.65;0.53;147.93;4.21;674;8;387.00;0
577;8;626826066;577;224;1247;1247;8.69;0.53;147.77;4.21;670;8;388.00;0
577;8;626826078;577;219;1250;1251;8.78;0.54;147.77;4.20;673;8;389.00;1
579;8;626826098;579;215;1250;1251;8.80;0.54;148.07;4.20;671;8;390.00;1
581;8;626826109;581;214;1255;1255;8.84;0.54;148.02;4.19;674;8;391.00;0
584;8;626826120;584;212;1255;1255;8.86;0.54;147.78;4.19;671;8;392.00;0
585;8;626826131;585;215;1255;1255;8.97;0.55;147.95;4.19;670;8;393.00;0
586;8;626826143;586;216;1255;1255;9.05;0.55;148.16;4.19;669;8;394.00;0
590;8;626826160;590;215;1255;1255;9.09;0.55;148.56;4.19;665;8;395.00;0
591;8;626826181;591;198;1265;1267;9.25;0.56;148.96;4.16;674;8;396.00;2
594;8;626826195;594;185;1265;1267;9.23;0.56;149.40;4.16;671;8;397.00;2
598;8;626826207;598;178;1267;1267;9.30;0.57;150.09;4.15;669;8;398.00;0
601;8;626826224;601;166;1267;1267;9.43;0.58;150.28;4.15;666;8;399.00;0
602;8;626826236;602;161;1267;1267;9.55;0.59;150.62;4.15;665;8;400.00;0
607;8;626826253;607;159;1267;1267;9.58;0.59;151.33;4.15;660;8;401.00;0
609;8;626826266;609;154;1268;1268;9.65;0.59;152.05;4.15;659;8;402.00;0
613;8;626826277;613;157;1268;1268;9.68;0.59;152.67;4.15;655;8;403.00;0
614;8;626826289;614;158;1273;1274;9.70;0.59;152.98;4.14;659;8;404.00;1
616;8;626826301;616;164;1275;1276;9.77;0.60;153.11;4.13;659;8;405.00;1
617;8;626826312;617;160;1276;1276;9.89;0.61;153.02;4.13;659;8;406.00;0
618;8;626826323;618;160;1276;1276;10.02;0.62;153.40;4.13;658;8;407.00;0
622;8;626826334;622;160;1280;1280;10.08;0.62;153.35;4.12;658;8;408.00;0
625;8;626826347;625;160;1280;1280;10.15;0.62;154.20;4.12;655;8;409.00;0
631;8;626826358;631;159;1280;1280;10.21;0.62;154.55;4.12;649;8;410.00;0
634;8;626826370;634;155;1281;1281;10.26;0.63;155.42;4.12;647;8;411.00;0
638;8;626826383;638;151;1285;1285;10.35;0.63;156.15;4.11;647;8;412.00;0
640;8;626826395;640;154;1285;1285;10.43;0.64;156.72;4.11;645;8;413.00;0
642;8;626826407;642;155;1287;1288;10.56;0.64;157.17;4.10;645;8;414.00;1
644;8;626826417;644;149;1287;1288;10.65;0.65;157.57;4.10;643;8;415.00;1
646;8;626826427;646;152;1288;1288;10.77;0.66;158.00;4.10;642;8;416.00;0
651;8;626826436;651;149;1288;1288;10.76;0.66;158.37;4.10;637;8;417.00;0
654;8;626826446;654;156;1291;1292;10.74;0.66;158.91;4.09;637;8;418.00;1
656;8;626826456;656;155;1291;1292;10.72;0.65;159.50;4.09;635;8;419.00;1
659;8;626826467;659;156;1292;1292;10.74;0.65;159.92;4.09;633;8;420.00;0
662;8;626826478;662;157;1292;1292;10.78;0.66;160.39;4.09;630;8;421.00;0
665;8;626826500;665;155;1293;1293;10.80;0.66;160.74;4.09;628;8;422.00;0
666;8;626826511;666;154;1294;1294;10.83;0.66;160.70;4.09;628;8;423.00;0
672;8;626826521;672;158;1294;1294;10.78;0.66;161.56;4.09;622;8;424.00;0
672;8;626826531;672;165;1295;1295;10.84;0.66;161.56;4.08;623;8;425.00;0
677;8;626826541;677;166;1295;1295;10.72;0.65;162.37;4.08;618;8;426.00;0
679;8;626826551;679;168;1295;1295;10.64;0.65;162.37;4.08;616;8;427.00;0
679;8;626826560;679;166;1295;1295;10.60;0.64;162.37;4.08;616;8;428.00;0
682;8;626826569;682;171;1295;1295;10.52;0.64;162.87;4.08;613;8;429.00;0
683;8;626826578;683;167;1295;1295;10.47;0.64;162.98;4.08;612;8;430.00;0
685;8;626826587;685;159;1295;1295;10.38;0.63;162.89;4.08;610;8;431.00;0
689;8;626826597;689;189;1374;1422;9.76;0.60;163.33;3.85;685;8;432.00;48
690;8;626826618;690;169;1375;1423;9.76;0.60;163.51;3.85;685;8;433.00;48
691;8;626826628;691;154;1380;1423;9.87;0.61;163.49;3.84;689;8;434.00;43
695;8;626826638;695;150;1384;1423;9.94;0.61;163.95;3.84;689;8;435.00;39
697;8;626826647;697;141;1389;1423;10.03;0.62;163.88;3.84;692;8;436.00;34
701;8;626826658;701;137;1393;1423;10.21;0.63;164.22;3.84;692;8;437.00;30
705;8;626826666;705;140;1398;1423;10.28;0.63;165.10;3.85;693;8;438.00;25
706;8;626826676;706;139;1401;1423;10.40;0.64;165.18;3.86;695;8;439.00;22
711;8;626826686;711;136;1404;1424;10.46;0.64;165.30;3.87;693;8;440.00;20
714;8;626826701;714;137;1407;1425;10.48;0.64;165.62;3.87;693;8;441.00;18
717;8;626826711;717;129;1409;1425;10.49;0.64;165.88;3.88;692;8;442.00;16
720;8;626826721;720;128;1411;1426;10.45;0.64;165.82;3.89;691;8;443.00;15
722;8;626826735;722;124;1413;1426;10.40;0.63;165.86;3.90;691;8;444.00;13
726;8;626826745;726;122;1415;1426;10.30;0.63;166.67;3.91;689;8;445.00;11
727;8;626826754;727;119;1418;1426;10.29;0.63;166.62;3.93;691;8;446.00;8
731;8;626826763;731;118;1419;1430;10.19;0.62;167.18;3.93;688;8;447.00;11
732;8;626826773;732;117;1422;1430;10.13;0.62;167.31;3.94;690;8;448.00;8
734;8;626826782;734;118;1422;1430;10.08;0.62;167.19;3.94;688;8;449.00;8
737;8;626826792;737;123;1426;1436;10.14;0.62;167.59;3.95;689;8;450.00;10
738;8;626826802;738;122;1427;1436;10.23;0.62;167.68;3.95;689;8;451.00;9
739;8;626826811;739;118;1428;1436;10.19;0.62;167.68;3.95;689;8;452.00;8
742;8;626826820;742;115;1431;1440;10.11;0.62;168.05;3.94;689;8;453.00;9
746;8;626826829;746;117;1433;1441;10.20;0.62;168.42;3.94;687;8;454.00;8
749;8;626826839;749;117;1434;1441;10.22;0.62;168.41;3.94;685;8;455.00;7
751;8;626826849;751;119;1437;1445;10.26;0.63;168.26;3.95;686;8;456.00;8
752;8;626826858;752;116;1438;1445;10.30;0.63;168.12;3.95;686;8;457.00;7
755;8;626826867;755;119;1438;1445;10.37;0.63;168.09;3.95;683;8;458.00;7
760;8;626826877;760;125;1441;1446;10.45;0.64;168.01;3.97;681;8;459.00;5
761;8;626826887;761;128;1441;1446;10.55;0.64;168.14;3.97;680;8;460.00;5
761;8;626826896;761;130;1445;1452;10.57;0.64;168.14;3.97;684;8;461.00;7
764;8;626826906;764;129;1447;1452;10.53;0.64;168.09;3.98;683;8;462.00;5
766;8;626826915;766;132;1447;1453;10.52;0.64;168.46;3.98;681;8;463.00;6
769;8;626826931;769;129;1447;1453;10.53;0.64;168.30;3.98;678;8;464.00;6
770;8;626826940;770;131;1448;1453;10.54;0.64;168.45;4.00;678;8;465.00;5
771;8;626826949;771;132;1448;1453;10.57;0.64;168.46;4.00;677;8;466.00;5
776;8;626826964;776;138;1448;1453;10.58;0.64;168.80;4.00;672;8;467.00;5
777;8;626826974;777;136;1458;1465;10.70;0.65;168.90;3.98;681;8;468.00;7
778;8;626826985;778;138;1458;1465;10.82;0.66;168.92;3.98;680;8;469.00;7
780;8;626826994;780;138;1462;1465;10.93;0.67;169.01;3.99;682;8;470.00;3
781;8;626827003;781;144;1462;1465;10.99;0.67;168.94;3.99;681;8;471.00;3
783;8;626827013;783;148;1462;1465;11.00;0.67;168.91;3.99;679;8;472.00;3
785;8;626827022;785;151;1463;1465;11.04;0.67;168.82;4.00;678;8;473.00;2
789;8;626827032;789;152;1466;1469;10.97;0.67;168.75;4.00;677;8;474.00;3
789;8;626827042;789;157;1468;1469;10.92;0.66;168.75;4.00;679;8;475.00;1
792;8;626827051;792;161;1471;1473;10.90;0.66;168.70;4.00;679;8;476.00;2
795;8;626827061;795;165;1472;1474;10.93;0.67;168.65;4.00;677;8;477.00;2
797;8;626827076;797;170;1474;1474;10.93;0.67;168.77;4.00;677;8;478.00;0
798;8;626827086;798;172;1474;1474;10.87;0.66;168.68;4.00;676;8;479.00;0
800;8;626827097;800;175;1495;1500;10.76;0.66;168.53;3.94;695;8;480.00;5
802;8;626827108;802;178;1496;1500;10.67;0.65;168.92;3.94;694;8;481.00;4
803;8;626827117;803;183;1499;1500;10.60;0.65;168.85;3.93;696;8;482.00;1
805;8;626827126;805;189;1501;1501;10.50;0.64;168.83;3.93;696;8;483.00;0
806;8;626827135;806;194;1502;1502;10.43;0.64;168.77;3.93;696;8;484.00;0
808;8;626827147;808;199;1502;1502;10.28;0.63;168.93;3.93;694;8;485.00;0
808;8;626827157;808;202;1504;1505;10.22;0.63;168.93;3.92;696;8;486.00;1
810;8;626827167;810;209;1505;1505;10.21;0.63;168.80;3.92;695;8;487.00;0
813;8;626827177;813;217;1505;1505;10.14;0.62;169.00;3.92;692;8;488.00;0
814;8;626827187;814;214;1505;1505;10.12;0.62;168.95;3.92;691;8;489.00;0
816;8;626827197;816;215;1510;1511;10.10;0.62;168.73;3.91;694;8;490.00;1
817;8;626827208;817;215;1510;1511;9.99;0.61;168.68;3.91;693;8;491.00;1
818;8;626827218;818;214;1511;1511;9.93;0.61;168.62;3.91;693;8;492.00;0
821;8;626827228;821;214;1511;1511;9.88;0.61;168.46;3.91;690;8;493.00;0
824;8;626827238;824;221;1515;1515;9.77;0.60;168.66;3.90;691;8;494.00;0
827;8;626827248;827;221;1517;1517;9.70;0.60;168.84;3.90;690;8;495.00;0
828;8;626827259;828;223;1517;1517;9.67;0.59;168.71;3.90;689;8;496.00;0
831;8;626827268;831;225;1518;1518;9.61;0.59;168.60;3.90;687;8;497.00;0
835;8;626827278;835;227;1518;1518;9.53;0.58;168.79;3.90;683;8;498.00;0
841;8;626827288;841;230;1518;1518;9.51;0.58;169.13;3.90;677;8;499.00;0
845;8;626827298;845;234;1518;1518;9.43;0.58;168.91;3.90;673;8;500.00;0
847;8;626827311;847;240;1518;1518;9.32;0.57;168.86;3.90;671;8;501.00;0
850;8;626827319;850;241;1518;1518;9.20;0.56;169.06;3.90;668;8;502.00;0
854;8;626827328;854;241;1518;1518;9.09;0.55;168.91;3.90;664;8;503.00;0
855;8;626827336;855;253;1557;1588;9.12;0.56;169.04;3.80;702;8;504.00;31
859;8;626827353;859;250;1558;1589;9.02;0.55;169.99;3.80;699;8;505.00;31
863;8;626827361;863;256;1569;1589;8.98;0.55;169.95;3.79;706;8;506.00;20
867;8;626827370;867;263;1572;1589;8.76;0.54;170.13;3.78;705;8;507.00;17
868;8;626827378;868;263;1578;1589;8.67;0.53;170.44;3.78;710;8;508.00;11
871;8;626827386;871;265;1579;1589;8.48;0.52;170.81;3.79;708;8;509.00;10
874;8;626827397;874;260;1583;1589;8.33;0.51;171.28;3.79;709;8;510.00;6
877;8;626827406;877;254;1584;1589;8.20;0.50;171.69;3.79;707;8;511.00;5
880;8;626827415;880;251;1587;1590;8.11;0.50;172.62;3.80;707;8;512.00;3
882;8;626827424;882;245;1590;1591;8.05;0.49;172.47;3.81;708;8;513.00;1
886;8;626827432;886;249;1591;1591;7.92;0.48;173.36;3.80;705;8;514.00;0
889;8;626827442;889;257;1595;1595;7.85;0.48;173.53;3.80;706;8;515.00;0
892;8;626827452;892;260;1595;1595;7.85;0.48;173.80;3.80;703;8;516.00;0
895;8;626827461;895;265;1595;1595;7.88;0.48;174.42;3.80;700;8;517.00;0
896;8;626827471;896;267;1595;1595;7.95;0.49;174.65;3.80;699;8;518.00;0
898;8;626827480;898;263;1600;1601;8.01;0.49;174.65;3.79;702;8;519.00;1
900;8;626827495;900;266;1601;1601;8.08;0.49;174.85;3.79;701;8;520.00;0
902;8;626827509;902;264;1601;1601;8.06;0.49;175.13;3.79;699;8;521.00;0
903;8;626827521;903;267;1604;1604;8.11;0.50;175.17;3.78;701;8;522.00;0
904;8;626827540;904;253;1604;1604;8.08;0.50;175.13;3.78;700;8;523.00;0
908;8;626827553;908;245;1604;1604;8.05;0.49;175.65;3.78;696;8;524.00;0
912;8;626827567;912;234;1605;1605;8.11;0.50;175.48;3.78;693;8;525.00;0
913;8;626827580;913;226;1606;1606;8.18;0.50;175.69;3.78;693;8;526.00;0
916;8;626827593;916;219;1606;1606;8.24;0.51;175.82;3.78;690;8;527.00;0
920;8;626827603;920;221;1619;1619;8.33;0.51;176.22;3.75;699;8;528.00;0
927;8;626827623;927;213;1619;1619;8.35;0.51;176.46;3.75;692;8;529.00;0
931;8;626827648;931;211;1619;1619;8.37;0.51;176.24;3.75;688;8;530.00;0
935;8;626827660;935;204;1620;1620;8.44;0.51;176.65;3.74;685;8;531.00;0
937;8;626827676;937;206;1620;1620;8.45;0.51;176.78;3.74;683;8;532.00;0
940;8;626827688;940;200;1623;1624;8.46;0.51;177.33;3.74;683;8;533.00;1
944;8;626827700;944;200;1623;1624;8.44;0.51;177.26;3.74;679;8;534.00;1
946;8;626827711;946;196;1628;1628;8.58;0.52;177.44;3.73;682;8;535.00;0
951;8;626827723;951;191;1628;1628;8.57;0.52;177.99;3.73;677;8;536.00;0
954;8;626827734;954;195;1628;1628;8.58;0.52;177.89;3.73;674;8;537.00;0
957;8;626827745;957;196;1628;1628;8.55;0.52;178.06;3.73;671;8;538.00;0
960;8;626827756;960;199;1628;1628;8.58;0.52;178.47;3.73;668;8;539.00;0
964;8;626827769;964;197;1658;1662;8.62;0.53;178.73;3.66;694;8;540.00;4
965;8;626827783;965;197;1658;1662;8.60;0.53;178.79;3.66;693;8;541.00;4
970;8;626827794;970;200;1659;1662;8.62;0.53;179.02;3.66;689;8;542.00;3
972;8;626827806;972;204;1659;1662;8.71;0.54;179.07;3.66;687;8;543.00;3
973;8;626827817;973;201;1660;1662;8.78;0.54;179.18;3.66;687;8;544.00;2
973;8;626827828;973;206;1660;1662;8.86;0.55;179.18;3.66;687;8;545.00;2
977;8;626827838;977;209;1662;1663;8.97;0.55;179.38;3.66;685;8;546.00;1
977;8;626827851;977;213;1662;1663;9.07;0.56;179.38;3.66;685;8;547.00;1
983;8;626827862;983;212;1667;1669;9.08;0.55;179.59;3.66;684;8;548.00;2
985;8;626827874;985;216;1668;1670;9.05;0.55;179.51;3.66;683;8;549.00;2
987;8;626827885;987;215;1669;1670;9.14;0.56;179.56;3.66;682;8;550.00;1
991;8;626827896;991;219;1669;1670;9.13;0.56;179.56;3.66;678;8;551.00;1
993;8;626827906;993;224;1674;1674;9.08;0.55;179.74;3.65;681;8;552.00;0
996;8;626827917;996;227;1674;1674;9.02;0.55;179.81;3.65;678;8;553.00;0
999;8;626827929;999;231;1674;1674;8.96;0.55;180.11;3.65;675;8;554.00;0
1003;8;626827940;1003;231;1675;1675;8.88;0.54;180.15;3.65;672;8;555.00;0
1004;8;626827952;1004;232;1679;1679;8.84;0.54;180.40;3.64;675;8;556.00;0
1008;8;626827964;1008;227;1679;1679;8.80;0.54;180.98;3.64;671;8;557.00;0
1010;8;626827983;1010;220;1681;1682;8.76;0.53;181.01;3.64;671;8;558.00;1
1016;8;626827993;1016;219;1681;1682;8.75;0.53;181.46;3.64;665;8;559.00;1
1017;8;626828004;1017;218;1682;1682;8.80;0.53;181.82;3.64;665;8;560.00;0
1019;8;626828014;1019;208;1682;1682;8.88;0.54;182.09;3.64;663;8;561.00;0
1024;8;626828025;1024;213;1685;1686;8.97;0.54;182.14;3.63;661;8;562.00;1
1027;8;626828037;1027;211;1685;1686;9.02;0.55;182.61;3.63;658;8;563.00;1
1030;8;626828047;1030;212;1686;1686;9.05;0.55;183.06;3.63;656;8;564.00;0
1031;8;626828057;1031;209;1686;1686;9.05;0.55;183.30;3.63;655;8;565.00;0
1036;8;626828068;1036;196;1687;1687;9.05;0.55;183.45;3.63;651;8;566.00;0
1038;8;626828090;1038;191;1688;1688;9.09;0.55;183.78;3.63;650;8;567.00;0
1040;8;626828103;1040;179;1688;1688;9.20;0.56;183.86;3.63;648;8;568.00;0
1042;8;626828115;1042;175;1689;1689;9.32;0.57;184.10;3.63;647;8;569.00;0
1044;8;626828129;1044;165;1689;1689;9.42;0.57;184.55;3.63;645;8;570.00;0
1046;8;626828141;1046;163;1689;1689;9.43;0.57;184.89;3.63;643;8;571.00;0
1049;8;626828152;1049;165;1689;1689;9.49;0.58;185.47;3.63;640;8;572.00;0
1052;8;626828166;1052;168;1689;1689;9.53;0.58;185.79;3.63;637;8;573.00;0
1053;9;626828176;1053;170;1689;1689;9.65;0.59;185.69;3.63;636;9;574.00;0
1055;9;626828199;1055;176;1689;1689;9.70;0.59;186.18;3.63;634;9;575.00;0
1059;9;626828209;1059;204;1771;1816;9.63;0.60;186.09;3.46;712;9;576.00;45
1061;9;626828229;1061;192;1774;1817;9.63;0.60;186.21;3.46;713;9;577.00;43
1063;9;626828240;1063;176;1781;1817;9.68;0.60;186.31;3.45;718;9;578.00;36
1065;9;626828258;1065;168;1786;1817;9.71;0.60;186.82;3.45;721;9;579.00;31
1066;9;626828268;1066;164;1791;1817;9.77;0.60;186.85;3.45;725;9;580.00;26
1069;10;626828279;1069;162;1795;1817;9.81;0.61;187.03;3.45;726;10;581.00;22
1070;10;626828308;1070;162;1800;1817;9.89;0.61;187.04;3.46;730;10;582.00;17
1073;10;626828318;1073;161;1802;1817;9.88;0.61;187.07;3.46;729;10;583.00;15
1076;10;626828341;1076;162;1806;1818;9.88;0.61;187.08;3.47;730;10;584.00;12
1078;10;626828351;1078;160;1808;1820;9.92;0.61;187.19;3.47;730;10;585.00;12
1080;10;626828368;1080;163;1810;1820;10.00;0.61;187.57;3.48;730;10;586.00;10
1083;10;626828379;1083;170;1812;1821;10.04;0.62;187.70;3.48;729;10;587.00;9
1085;11;626828391;1085;175;1814;1821;10.09;0.62;187.68;3.49;729;11;588.00;7
1090;11;626828415;1090;179;1815;1821;10.12;0.62;187.70;3.50;725;11;589.00;6
1093;11;626828425;1093;181;1817;1821;10.18;0.63;187.83;3.51;724;11;590.00;4
1095;11;626828436;1095;182;1820;1825;10.21;0.63;187.95;3.51;725;11;591.00;5
1098;11;626828446;1098;183;1822;1825;10.26;0.63;187.94;3.53;724;11;592.00;3
1101;11;626828457;1101;185;1823;1825;10.27;0.63;188.12;3.53;722;11;593.00;2
1102;11;626828468;1102;189;1825;1828;10.33;0.63;188.05;3.53;723;11;594.00;3
1102;11;626828479;1102;183;1826;1828;10.38;0.63;188.05;3.52;724;11;595.00;2
1103;11;626828495;1103;186;1827;1828;10.41;0.64;188.03;3.53;724;11;596.00;1
1104;11;626828508;1104;191;1831;1832;10.41;0.64;188.13;3.52;727;11;597.00;1
1108;11;626828524;1108;195;1833;1833;10.46;0.64;188.19;3.52;725;11;598.00;0
1109;11;626828536;1109;194;1833;1833;10.42;0.63;188.05;3.52;724;11;599.00;0
1110;11;626828548;1110;198;1845;1859;10.32;0.63;188.21;3.50;735;11;600.00;14
1110;11;626828568;1110;189;1846;1859;10.37;0.63;188.21;3.50;736;11;601.00;13
1112;11;626828579;1112;184;1846;1859;10.40;0.64;188.24;3.50;734;11;602.00;13
1118;11;626828596;1118;182;1847;1860;10.46;0.64;188.51;3.49;729;11;603.00;13
1122;11;626828608;1122;182;1848;1860;10.47;0.64;188.62;3.49;726;11;604.00;12
1126;11;626828620;1126;180;1852;1866;10.56;0.64;189.03;3.49;726;11;605.00;14
1128;12;626828632;1128;175;1853;1866;10.63;0.65;188.87;3.49;725;12;606.00;13
1132;12;626828649;1132;170;1855;1867;10.61;0.64;189.22;3.49;723;12;607.00;12
1135;12;626828660;1135;171;1855;1867;10.64;0.65;189.65;3.49;720;12;608.00;12
1138;12;626828671;1138;169;1857;1867;10.64;0.65;189.67;3.49;719;12;609.00;10
1142;12;626828682;1142;162;1857;1867;10.69;0.65;189.74;3.49;715;12;610.00;10
1146;12;626828693;1146;158;1858;1867;10.69;0.65;190.08;3.50;712;12;611.00;9
1152;12;626828704;1152;150;1868;1879;10.76;0.65;190.45;3.49;716;12;612.00;11
1159;12;626828717;1159;143;1868;1879;10.72;0.65;190.81;3.49;709;12;613.00;11
1162;12;626828736;1162;137;1869;1879;10.71;0.65;190.90;3.48;707;12;614.00;10
1166;12;626828750;1166;133;1871;1879;10.74;0.65;191.19;3.49;705;12;615.00;8
1169;12;626828762;1169;127;1871;1879;10.73;0.65;191.73;3.49;702;12;616.00;8
1172;12;626828781;1172;126;1872;1879;10.74;0.65;192.27;3.50;700;12;617.00;7
1173;12;626828796;1173;117;1875;1883;10.78;0.65;192.14;3.49;702;12;618.00;8
1176;12;626828807;1176;109;1875;1883;10.87;0.65;192.21;3.49;699;12;619.00;8
1180;12;626828818;1180;106;1878;1887;10.98;0.66;192.57;3.49;698;12;620.00;9
1183;12;626828831;1183;102;1879;1888;11.10;0.67;193.00;3.49;696;12;621.00;9
1185;12;626828843;1185;99;1880;1888;11.11;0.67;193.13;3.49;695;12;622.00;8
1186;12;626828855;1186;97;1881;1888;11.17;0.68;193.31;3.50;695;12;623.00;7
1191;13;626828866;1191;102;1889;1901;11.20;0.68;193.70;3.48;698;13;624.00;12
1193;13;626828890;1193;104;1889;1901;11.30;0.68;193.85;3.48;696;13;625.00;12
1196;13;626828900;1196;107;1889;1901;11.38;0.69;194.13;3.48;693;13;626.00;12
1197;13;626828913;1197;111;1890;1902;11.43;0.69;194.28;3.48;693;13;627.00;12
1201;14;626828925;1201;112;1890;1903;11.41;0.69;194.53;3.48;689;14;628.00;13
1202;14;626828947;1202;119;1893;1903;11.40;0.69;194.59;3.51;691;14;629.00;10
1205;14;626828964;1205;120;1896;1909;11.47;0.70;194.95;3.51;691;14;630.00;13
1209;14;626828982;1209;119;1898;1909;11.49;0.70;195.00;3.51;689;14;631.00;11
1213;14;626828993;1213;124;1899;1909;11.47;0.70;195.13;3.51;686;14;632.00;10
1216;14;626829005;1216;127;1899;1909;11.49;0.70;195.42;3.51;683;14;633.00;10
1217;14;626829016;1217;131;1903;1915;11.48;0.70;195.39;3.50;686;14;634.00;12
1217;14;626829028;1217;132;1904;1915;11.37;0.69;195.39;3.52;687;14;635.00;11
1218;14;626829039;1218;132;1905;1915;11.37;0.69;195.34;3.52;687;14;636.00;10
1221;14;626829050;1221;136;1905;1915;11.30;0.69;195.30;3.52;684;14;637.00;10
1222;14;626829061;1222;140;1909;1919;11.20;0.68;195.42;3.52;687;14;638.00;10
1225;14;626829072;1225;144;1911;1920;11.08;0.67;195.27;3.53;686;14;639.00;9
1227;14;626829084;1227;151;1912;1920;11.07;0.67;195.09;3.53;685;14;640.00;8
1230;14;626829095;1230;157;1914;1921;11.00;0.67;194.93;3.55;684;14;641.00;7
1231;14;626829106;1231;160;1916;1921;10.91;0.66;195.06;3.56;685;14;642.00;5
1232;14;626829116;1232;162;1916;1921;10.83;0.66;195.01;3.56;684;14;643.00;5
1236;14;626829127;1236;170;1916;1921;10.77;0.66;194.92;3.56;680;14;644.00;5
1239;14;626829137;1239;173;1917;1921;10.73;0.65;194.73;3.57;678;14;645.00;4
1240;14;626829147;1240;178;1917;1921;10.70;0.65;194.69;3.57;677;14;646.00;4
1242;14;626829158;1242;186;1919;1921;10.59;0.64;194.47;3.60;677;14;647.00;2
1243;14;626829173;1243;191;1954;1991;10.61;0.65;194.51;3.54;711;14;648.00;37
1246;14;626829190;1246;198;1957;1992;10.45;0.64;194.24;3.55;711;14;649.00;35
1247;14;626829201;1247;198;1963;1992;10.42;0.64;194.14;3.55;716;14;650.00;29
1248;14;626829211;1248;201;1971;1992;10.29;0.63;194.16;3.54;723;14;651.00;21
1248;14;626829221;1248;205;1976;1992;10.20;0.62;194.16;3.54;728;14;652.00;16
1252;14;626829231;1252;215;1979;1992;10.11;0.62;194.13;3.55;727;14;653.00;13
1252;14;626829241;1252;223;1981;1992;10.02;0.61;194.13;3.55;729;14;654.00;11
1254;14;626829251;1254;223;1985;1992;9.91;0.61;194.12;3.56;731;14;655.00;7
1256;14;626829260;1256;228;1990;1993;9.77;0.60;194.03;3.57;734;14;656.00;3
1260;14;626829270;1260;234;1993;1994;9.57;0.58;193.71;3.57;733;14;657.00;1
1260;14;626829280;1260;240;1994;1994;9.44;0.58;193.71;3.57;734;14;658.00;0
1261;14;626829289;1261;245;1998;1998;9.23;0.56;193.84;3.57;737;14;659.00;0
1262;14;626829306;1262;249;1998;1998;9.03;0.55;193.78;3.57;736;14;660.00;0
1263;14;626829316;1263;251;1998;1998;8.86;0.54;193.64;3.57;735;14;661.00;0
1264;14;626829330;1264;252;1998;1998;8.75;0.54;193.60;3.57;734;14;662.00;0
1266;14;626829338;1266;260;2003;2004;8.71;0.53;193.77;3.56;737;14;663.00;1
1268;14;626829347;1268;268;2003;2004;8.62;0.53;193.59;3.56;735;14;664.00;1
1269;14;626829356;1269;277;2004;2004;8.58;0.52;193.62;3.56;735;14;665.00;0
1269;14;626829364;1269;282;2006;2007;8.59;0.52;193.62;3.56;737;14;666.00;1
1269;14;626829373;1269;285;2007;2007;8.56;0.52;193.62;3.55;738;14;667.00;0
1271;14;626829381;1271;292;2007;2007;8.52;0.52;193.52;3.55;736;14;668.00;0
1272;14;626829389;1272;296;2008;2008;8.41;0.51;193.44;3.55;736;14;669.00;0
1272;14;626829397;1272;300;2009;2009;8.30;0.51;193.44;3.55;737;14;670.00;0
1275;14;626829406;1275;308;2009;2009;8.18;0.50;193.65;3.55;734;14;671.00;0
1278;14;626829414;1278;312;2022;2022;8.02;0.49;193.53;3.53;744;14;672.00;0
1282;14;626829422;1282;318;2022;2022;7.85;0.48;193.48;3.53;740;14;673.00;0
1286;14;626829430;1286;317;2022;2022;7.66;0.47;193.59;3.53;736;14;674.00;0
1290;14;626829438;1290;305;2024;2024;7.51;0.46;193.46;3.53;734;14;675.00;0
1293;14;626829446;1293;298;2024;2024;7.47;0.46;193.50;3.53;731;14;676.00;0
1296;14;626829455;1296;292;2027;2028;7.45;0.45;193.91;3.52;731;14;677.00;1
1298;14;626829463;1298;290;2027;2028;7.34;0.45;194.03;3.52;729;14;678.00;1
1304;14;626829472;1304;283;2032;2032;7.20;0.44;194.14;3.52;728;14;679.00;0
1307;14;626829481;1307;268;2032;2032;7.11;0.43;194.67;3.52;725;14;680.00;0
1309;14;626829495;1309;257;2032;2032;7.12;0.43;194.67;3.52;723;14;681.00;0
1312;14;626829508;1312;251;2032;2032;7.15;0.44;195.07;3.52;720;14;682.00;0
1317;14;626829523;1317;244;2032;2032;7.19;0.44;195.13;3.52;715;14;683.00;0
1318;14;626829539;1318;244;2042;2044;7.42;0.45;195.23;3.50;724;14;684.00;2
1321;15;626829554;1321;240;2043;2044;7.56;0.46;195.67;3.50;722;15;685.00;1
1324;15;626829602;1324;241;2044;2044;7.66;0.47;196.23;3.50;720;15;686.00;0
1324;15;626829613;1324;235;2044;2044;7.75;0.47;196.23;3.50;720;15;687.00;0
1325;15;626829631;1325;230;2044;2044;7.87;0.48;196.42;3.50;719;15;688.00;0
1327;15;626829642;1327;228;2044;2044;7.97;0.49;196.51;3.50;717;15;689.00;0
1329;15;626829655;1329;224;2045;2045;8.07;0.49;196.77;3.50;716;15;690.00;0
1331;15;626829666;1331;216;2045;2045;8.14;0.50;197.02;3.50;714;15;691.00;0
1332;15;626829677;1332;215;2050;2051;8.30;0.51;197.17;3.49;718;15;692.00;1
1333;15;626829689;1333;205;2051;2052;8.41;0.52;197.33;3.49;718;15;693.00;1
1334;15;626829700;1334;201;2052;2052;8.58;0.53;197.48;3.49;718;15;694.00;0
1338;15;626829711;1338;198;2052;2052;8.65;0.53;197.51;3.49;714;15;695.00;0
1343;15;626829723;1343;199;2056;2056;8.76;0.54;197.87;3.48;713;15;696.00;0
1349;15;626829735;1349;198;2056;2056;8.86;0.54;197.77;3.48;707;15;697.00;0
1352;15;626829746;1352;195;2056;2056;8.92;0.54;197.93;3.48;704;15;698.00;0
1356;15;626829762;1356;186;2057;2057;8.98;0.55;198.15;3.48;701;15;699.00;0
1359;15;626829775;1359;183;2061;2061;9.06;0.55;198.25;3.48;702;15;700.00;0
1365;15;626829792;1365;179;2061;2061;9.13;0.56;198.56;3.48;696;15;701.00;0
1368;15;626829804;1368;176;2063;2064;9.19;0.56;198.63;3.47;695;15;702.00;1
1371;15;626829814;1371;171;2063;2064;9.14;0.56;198.56;3.47;692;15;703.00;1
1377;15;626829825;1377;171;2064;2064;9.16;0.56;198.99;3.47;687;15;704.00;0
1383;15;626829835;1383;167;2064;2064;9.15;0.56;199.28;3.47;681;15;705.00;0
1385;15;626829846;1385;170;2067;2068;9.28;0.57;199.26;3.47;682;15;706.00;1
1390;15;626829858;1390;166;2067;2068;9.33;0.57;199.20;3.47;677;15;707.00;1
1395;15;626829869;1395;173;2068;2068;9.39;0.57;199.36;3.47;673;15;708.00;0
1399;16;626829879;1399;171;2068;2068;9.46;0.58;199.22;3.47;669;16;709.00;0
1403;16;626829905;1403;168;2069;2069;9.47;0.58;199.54;3.47;666;16;710.00;0
1408;16;626829916;1408;162;2070;2070;9.50;0.58;199.77;3.46;662;16;711.00;0
1411;16;626829928;1411;160;2070;2070;9.52;0.58;199.81;3.46;659;16;712.00;0
1418;16;626829940;1418;160;2071;2071;9.53;0.58;199.88;3.46;653;16;713.00;0
1422;16;626829952;1422;160;2071;2071;9.56;0.58;199.97;3.46;649;16;714.00;0
1427;16;626829963;1427;163;2071;2071;9.71;0.59;200.27;3.46;644;16;715.00;0
1429;16;626829975;1429;161;2071;2071;9.83;0.60;200.37;3.46;642;16;716.00;0
1432;16;626829986;1432;167;2071;2071;9.84;0.60;200.32;3.46;639;16;717.00;0
1433;16;626829998;1433;166;2071;2071;9.87;0.60;200.36;3.46;638;16;718.00;0
1438;16;626830009;1438;164;2071;2071;9.86;0.60;200.65;3.46;633;16;719.00;0
1440;16;626830024;1440;200;2189;2301;9.85;0.62;200.71;3.28;749;16;720.00;112
1444;16;626830059;1444;195;2200;2302;9.87;0.62;200.76;3.27;756;16;721.00;102
1449;16;626830072;1449;183;2212;2302;9.97;0.62;200.99;3.26;763;16;722.00;90
1455;16;626830084;1455;178;2219;2302;9.93;0.62;201.04;3.26;764;16;723.00;83
1459;18;626830097;1459;185;2225;2302;9.88;0.62;201.36;3.26;766;18;724.00;77
1461;18;626830135;1461;181;2230;2302;9.77;0.61;201.68;3.26;769;18;725.00;72
1464;18;626830148;1464;181;2240;2302;9.63;0.60;201.90;3.28;776;18;726.00;62
1466;18;626830160;1466;178;2246;2302;9.58;0.60;202.08;3.29;780;18;727.00;56
1469;18;626830171;1469;172;2252;2303;9.49;0.59;202.25;3.30;783;18;728.00;51
1472;18;626830185;1472;175;2256;2304;9.48;0.59;202.45;3.31;784;18;729.00;48
1476;18;626830203;1476;186;2262;2304;9.42;0.59;202.75;3.33;786;18;730.00;42
1477;18;626830220;1477;185;2268;2305;9.41;0.59;202.91;3.34;791;18;731.00;37
1480;18;626830246;1480;194;2272;2305;9.42;0.59;202.95;3.36;792;18;732.00;33
1487;18;626830262;1487;197;2276;2305;9.24;0.57;203.24;3.37;789;18;733.00;29
1488;18;626830278;1488;201;2278;2305;9.21;0.57;203.31;3.38;790;18;734.00;27
1490;18;626830294;1490;211;2282;2309;9.21;0.57;203.42;3.39;792;18;735.00;27
1494;18;626830308;1494;207;2284;2309;9.19;0.57;203.65;3.40;790;18;736.00;25
1497;18;626830321;1497;200;2285;2309;9.23;0.57;203.79;3.41;788;18;737.00;24
1500;18;626830342;1500;198;2288;2312;9.31;0.57;203.81;3.42;788;18;738.00;24
1503;18;626830356;1503;196;2288;2312;9.41;0.58;204.15;3.42;785;18;739.00;24
1506;18;626830369;1506;199;2288;2312;9.51;0.58;203.95;3.42;782;18;740.00;24
1508;18;626830381;1508;197;2295;2316;9.50;0.58;204.24;3.44;787;18;741.00;21
1514;18;626830395;1514;197;2297;2317;9.60;0.59;204.64;3.44;783;18;742.00;20
1517;18;626830408;1517;196;2300;2317;9.67;0.59;204.75;3.47;783;18;743.00;17
1520;18;626830430;1520;200;2303;2321;9.77;0.60;204.97;3.46;783;18;744.00;18
1524;18;626830445;1524;202;2305;2321;9.76;0.60;205.12;3.47;781;18;745.00;16
1528;18;626830460;1528;208;2306;2321;9.80;0.60;204.92;3.48;778;18;746.00;15
1529;18;626830475;1529;205;2308;2322;9.85;0.60;205.07;3.50;779;18;747.00;14
1530;18;626830507;1530;199;2310;2322;9.84;0.60;205.04;3.51;780;18;748.00;12
1532;18;626830527;1532;200;2316;2328;9.84;0.60;205.22;3.51;784;18;749.00;12
1536;18;626830550;1536;193;2316;2328;9.82;0.60;205.33;3.51;780;18;750.00;12
1536;18;626830564;1536;194;2317;2329;9.82;0.60;205.33;3.51;781;18;751.00;12
1538;18;626830576;1538;194;2318;2329;9.80;0.60;205.37;3.52;780;18;752.00;11
1542;18;626830588;1542;191;2319;2329;9.77;0.60;205.46;3.52;777;18;753.00;10
1545;18;626830601;1545;195;2319;2329;9.76;0.60;205.59;3.52;774;18;754.00;10
1546;18;626830613;1546;198;2320;2329;9.82;0.60;205.52;3.52;774;18;755.00;9
1549;18;626830625;1549;202;2332;2341;9.86;0.60;205.69;3.51;783;18;756.00;9
1549;18;626830638;1549;200;2332;2341;9.93;0.61;205.69;3.51;783;18;757.00;9
1553;18;626830656;1553;209;2333;2341;10.00;0.61;205.85;3.51;780;18;758.00;8
1558;18;626830668;1558;210;2333;2341;10.04;0.61;206.32;3.51;775;18;759.00;8
1561;18;626830681;1561;215;2333;2341;10.10;0.62;206.40;3.51;772;18;760.00;8
1563;19;626830693;1563;213;2333;2341;10.13;0.62;206.68;3.51;770;19;761.00;8
1565;19;626830716;1565;220;2337;2345;10.10;0.62;206.78;3.50;772;19;762.00;8
1567;19;626830734;1567;217;2337;2345;10.09;0.62;206.66;3.50;770;19;763.00;8
1569;19;626830746;1569;224;2340;2349;10.10;0.62;206.60;3.50;771;19;764.00;9
1569;19;626830759;1569;224;2342;2351;10.09;0.62;206.60;3.50;773;19;765.00;9
1571;19;626830771;1571;227;2343;2351;10.02;0.61;206.71;3.50;772;19;766.00;8
1572;19;626830782;1572;230;2343;2351;9.92;0.61;206.92;3.50;771;19;767.00;8
1576;19;626830800;1576;232;2355;2364;9.86;0.60;206.89;3.48;779;19;768.00;9
1578;19;626830813;1578;234;2355;2364;9.77;0.60;206.96;3.48;777;19;769.00;9
1580;19;626830825;1580;235;2355;2364;9.74;0.59;206.94;3.48;775;19;770.00;9
1586;19;626830838;1586;228;2356;2365;9.66;0.59;206.90;3.48;770;19;771.00;9
1589;19;626830851;1589;225;2356;2366;9.62;0.59;206.85;3.48;767;19;772.00;10
1591;19;626830863;1591;221;2356;2366;9.61;0.58;206.94;3.48;765;19;773.00;10
1593;19;626830875;1593;213;2358;2369;9.64;0.59;207.08;3.48;765;19;774.00;11
1597;19;626830886;1597;215;2358;2369;9.62;0.59;207.31;3.48;761;19;775.00;11
1600;19;626830899;1600;213;2359;2369;9.62;0.58;207.59;3.48;759;19;776.00;10
1602;19;626830910;1602;213;2359;2369;9.57;0.58;207.73;3.48;757;19;777.00;10
1607;19;626830921;1607;215;2363;2375;9.47;0.58;207.80;3.47;756;19;778.00;12
1611;19;626830932;1611;210;2363;2375;9.45;0.57;208.00;3.47;752;19;779.00;12
1616;19;626830945;1616;210;2364;2375;9.47;0.58;208.40;3.47;748;19;780.00;11
1617;19;626830955;1617;210;2364;2375;9.49;0.58;208.33;3.47;747;19;781.00;11
1621;19;626830964;1621;204;2367;2379;9.42;0.58;208.87;3.47;746;19;782.00;12
1624;19;626830974;1624;202;2368;2380;9.40;0.57;208.80;3.47;744;19;783.00;12
1626;19;626830984;1626;196;2368;2380;9.40;0.57;208.94;3.47;742;19;784.00;12
1630;19;626830993;1630;186;2370;2381;9.34;0.57;208.84;3.47;740;19;785.00;11
1631;19;626831004;1631;180;2370;2381;9.26;0.57;208.79;3.47;739;19;786.00;11
1633;19;626831012;1633;177;2370;2381;9.21;0.56;208.67;3.47;737;19;787.00;11
1634;19;626831022;1634;172;2370;2381;9.27;0.57;208.71;3.47;736;19;788.00;11
1638;19;626831032;1638;167;2370;2381;9.31;0.57;208.58;3.47;732;19;789.00;11
1639;19;626831041;1639;161;2370;2381;9.39;0.57;208.50;3.47;731;19;790.00;11
1642;19;626831050;1642;162;2370;2381;9.40;0.57;208.34;3.47;728;19;791.00;11
1643;19;626831059;1643;168;2401;2451;9.45;0.58;208.27;3.43;758;19;792.00;50
1647;19;626831075;1647;171;2401;2452;9.47;0.58;208.05;3.43;754;19;793.00;51
1648;19;626831093;1648;170;2408;2452;9.65;0.59;207.97;3.42;760;19;794.00;44
1648;19;626831116;1648;171;2413;2452;9.78;0.60;207.97;3.42;765;19;795.00;39
1650;19;626831141;1650;174;2418;2452;9.80;0.60;207.90;3.42;768;19;796.00;34
1652;19;626831162;1652;179;2423;2452;9.86;0.60;207.87;3.45;771;19;797.00;29
1654;19;626831176;1654;174;2426;2452;9.80;0.60;207.79;3.46;772;19;798.00;26
1655;19;626831187;1655;175;2427;2452;9.81;0.60;207.83;3.46;772;19;799.00;25
1659;19;626831204;1659;178;2430;2453;9.81;0.60;207.60;3.49;771;19;800.00;23
1660;19;626831221;1660;184;2431;2454;9.76;0.60;207.61;3.49;771;19;801.00;23
1663;19;626831233;1663;188;2436;2454;9.71;0.59;207.47;3.53;773;19;802.00;18
1666;19;626831248;1666;193;2440;2458;9.66;0.59;207.23;3.53;774;19;803.00;18
1667;19;626831264;1667;197;2442;2458;9.60;0.59;207.17;3.57;775;19;804.00;16
1672;19;626831280;1672;197;2444;2458;9.48;0.58;206.87;3.61;772;19;805.00;14
1672;19;626831292;1672;202;2444;2458;9.46;0.58;206.87;3.61;772;19;806.00;14
1675;19;626831308;1675;214;2448;2464;9.40;0.57;206.71;3.61;773;19;807.00;16
1678;19;626831320;1678;220;2451;2464;9.31;0.57;206.57;3.64;773;19;808.00;13
1679;19;626831332;1679;225;2452;2464;9.28;0.57;206.50;3.65;773;19;809.00;12
1682;19;626831345;1682;233;2457;2470;9.26;0.56;206.49;3.66;775;19;810.00;13
1685;19;626831357;1685;240;2458;2470;9.16;0.56;206.37;3.69;773;19;811.00;12
1687;19;626831368;1687;243;2460;2470;9.09;0.55;206.36;3.70;773;19;812.00;10
1688;19;626831380;1688;248;2463;2471;8.97;0.55;206.25;3.74;775;19;813.00;8
1690;19;626831397;1690;252;2466;2472;8.77;0.53;206.07;3.76;776;19;814.00;6
1693;19;626831408;1693;256;2467;2472;8.61;0.52;206.02;3.77;774;19;815.00;5
1694;19;626831418;1694;269;2479;2485;8.55;0.52;206.08;3.77;785;19;816.00;6
1696;19;626831431;1696;274;2480;2485;8.48;0.52;205.95;3.78;784;19;817.00;5
1697;19;626831443;1697;282;2483;2485;8.39;0.51;205.84;3.78;786;19;818.00;2
1699;19;626831456;1699;287;2484;2486;8.35;0.51;205.63;3.78;785;19;819.00;2
1700;19;626831469;1700;294;2484;2486;8.29;0.51;205.57;3.78;784;19;820.00;2
1701;19;626831481;1701;301;2489;2490;8.23;0.50;205.51;3.78;788;19;821.00;1
1701;19;626831498;1701;310;2489;2490;8.26;0.50;205.51;3.78;788;19;822.00;1
1701;19;626831515;1701;322;2494;2494;8.24;0.50;205.51;3.77;793;19;823.00;0
1702;19;626831533;1702;323;2494;2494;8.17;0.50;205.45;3.77;792;19;824.00;0
1702;19;626831550;1702;329;2494;2494;8.12;0.50;205.45;3.77;792;19;825.00;0
1705;19;626831571;1705;332;2494;2494;8.01;0.49;205.34;3.77;789;19;826.00;0
1705;19;626831586;1705;325;2494;2494;7.96;0.49;205.34;3.77;789;19;827.00;0
1707;19;626831604;1707;317;2505;2506;7.97;0.49;205.24;3.76;798;19;828.00;1
1709;19;626831619;1709;306;2506;2506;7.95;0.49;205.17;3.76;797;19;829.00;0
1709;19;626831632;1709;304;2506;2506;7.94;0.49;205.17;3.76;797;19;830.00;0
1713;19;626831644;1713;291;2506;2506;7.95;0.49;205.26;3.76;793;19;831.00;0
1713;20;626831658;1713;287;2506;2506;8.00;0.49;205.26;3.76;793;20;832.00;0
1716;20;626831689;1716;285;2506;2506;8.03;0.49;205.33;3.76;790;20;833.00;0
1716;20;626831710;1716;279;2507;2507;8.11;0.49;205.33;3.75;791;20;834.00;0
1716;20;626831723;1716;275;2507;2507;8.18;0.50;205.33;3.75;791;20;835.00;0
1716;20;626831736;1716;278;2512;2513;8.34;0.51;205.33;3.75;796;20;836.00;1
1717;20;626831756;1717;279;2514;2514;8.41;0.51;205.28;3.75;797;20;837.00;0
1717;20;626831771;1717;276;2514;2514;8.47;0.52;205.28;3.75;797;20;838.00;0
1717;20;626831793;1717;275;2514;2514;8.51;0.52;205.28;3.75;797;20;839.00;0
1721;20;626831808;1721;275;2519;2519;8.49;0.52;205.10;3.74;798;20;840.00;0
1721;20;626831822;1721;279;2519;2519;8.46;0.52;205.10;3.74;798;20;841.00;0
1724;20;626831834;1724;280;2519;2519;8.32;0.51;205.23;3.74;795;20;842.00;0
1726;20;626831856;1726;283;2520;2520;8.24;0.50;205.30;3.74;794;20;843.00;0
1729;20;626831867;1729;292;2524;2524;8.11;0.50;205.50;3.73;795;20;844.00;0
1731;20;626831879;1731;292;2524;2524;7.96;0.49;205.67;3.73;793;20;845.00;0
1733;20;626831891;1733;303;2526;2527;7.91;0.48;205.75;3.73;793;20;846.00;1
1735;20;626831909;1735;306;2527;2527;7.83;0.48;205.88;3.73;792;20;847.00;0
1738;20;626831922;1738;306;2527;2527;7.75;0.47;205.95;3.73;789;20;848.00;0
1743;20;626831934;1743;307;2527;2527;7.70;0.47;206.66;3.73;784;20;849.00;0
1745;20;626831946;1745;300;2530;2531;7.75;0.47;206.90;3.73;785;20;850.00;1
1750;20;626831958;1750;291;2530;2531;7.78;0.48;206.86;3.73;780;20;851.00;1
1756;20;626831972;1756;280;2531;2531;7.80;0.48;206.98;3.73;775;20;852.00;0
1759;20;626831983;1759;276;2531;2531;7.82;0.48;207.46;3.73;772;20;853.00;0
1765;20;626831995;1765;264;2532;2532;7.82;0.48;207.77;3.73;767;20;854.00;0
1768;20;626832007;1768;261;2534;2534;7.82;0.48;208.11;3.72;766;20;855.00;0
1770;20;626832020;1770;261;2534;2534;7.95;0.48;208.38;3.72;764;20;856.00;0
1774;20;626832032;1774;252;2535;2535;8.13;0.50;208.61;3.72;761;20;857.00;0
1778;20;626832044;1778;246;2535;2535;8.22;0.50;208.64;3.72;757;20;858.00;0
1782;20;626832056;1782;234;2535;2535;8.31;0.51;208.81;3.72;753;20;859.00;0
1786;20;626832069;1786;228;2535;2535;8.29;0.50;209.21;3.72;749;20;860.00;0
1789;20;626832083;1789;221;2535;2535;8.32;0.51;209.51;3.72;746;20;861.00;0
1795;20;626832098;1795;218;2535;2535;8.36;0.51;210.09;3.72;740;20;862.00;0
1797;20;626832112;1797;203;2535;2535;8.45;0.52;210.13;3.72;738;20;863.00;0
1802;20;626832126;1802;208;2616;2662;8.67;0.54;210.27;3.61;814;20;864.00;46
1809;20;626832159;1809;198;2620;2663;8.71;0.54;210.66;3.60;811;20;865.00;43
1812;20;626832174;1812;183;2624;2663;8.84;0.55;210.86;3.60;812;20;866.00;39
1814;20;626832188;1814;183;2629;2663;8.96;0.55;210.98;3.60;815;20;867.00;34
1820;20;626832202;1820;183;2634;2663;9.06;0.56;211.26;3.60;814;20;868.00;29
1822;20;626832218;1822;180;2634;2663;9.01;0.56;211.46;3.60;812;20;869.00;29
1825;20;626832236;1825;183;2638;2663;9.05;0.56;211.76;3.60;813;20;870.00;25
1830;20;626832261;1830;189;2640;2663;9.04;0.56;211.80;3.61;810;20;871.00;23
1834;20;626832278;1834;190;2642;2664;9.05;0.56;211.96;3.61;808;20;872.00;22
1837;20;626832295;1837;196;2645;2665;9.11;0.56;211.90;3.62;808;20;873.00;20
1840;20;626832314;1840;198;2647;2665;9.14;0.56;211.99;3.62;807;20;874.00;18
1844;20;626832328;1844;205;2652;2666;9.16;0.56;212.10;3.63;808;20;875.00;14
1850;20;626832344;1850;210;2657;2666;9.22;0.57;212.65;3.65;807;20;876.00;9
1853;20;626832359;1853;217;2659;2666;9.26;0.57;212.61;3.65;806;20;877.00;7
1856;20;626832373;1856;222;2660;2666;9.27;0.57;212.93;3.65;804;20;878.00;6
1862;20;626832389;1862;220;2664;2670;9.32;0.57;213.07;3.66;802;20;879.00;6
1865;20;626832405;1865;220;2665;2670;9.31;0.57;213.46;3.67;800;20;880.00;5
1872;20;626832420;1872;219;2666;2670;9.25;0.57;213.60;3.67;794;20;881.00;4
1876;20;626832436;1876;220;2669;2673;9.22;0.56;213.79;3.67;793;20;882.00;4
1882;20;626832452;1882;223;2669;2673;9.17;0.56;213.75;3.67;787;20;883.00;4
1883;20;626832468;1883;224;2670;2673;9.26;0.57;213.72;3.68;787;20;884.00;3
1889;20;626832484;1889;218;2674;2677;9.30;0.57;213.72;3.67;785;20;885.00;3
1892;20;626832500;1892;221;2676;2678;9.43;0.58;213.75;3.67;784;20;886.00;2
1896;20;626832517;1896;220;2676;2678;9.47;0.58;213.94;3.67;780;20;887.00;2
1899;20;626832539;1899;223;2681;2682;9.59;0.59;213.92;3.67;782;20;888.00;1
1904;20;626832555;1904;222;2681;2682;9.65;0.59;213.71;3.67;777;20;889.00;1
1908;20;626832570;1908;224;2682;2682;9.71;0.59;213.69;3.67;774;20;890.00;0
1911;20;626832584;1911;227;2683;2683;9.73;0.59;213.64;3.67;772;20;891.00;0
1917;20;626832600;1917;227;2683;2683;9.65;0.59;214.16;3.67;766;20;892.00;0
1919;20;626832615;1919;226;2688;2689;9.62;0.59;214.23;3.67;769;20;893.00;1
1926;20;626832631;1926;229;2688;2689;9.54;0.58;214.41;3.67;762;20;894.00;1
1926;20;626832647;1926;235;2690;2690;9.45;0.58;214.41;3.66;764;20;895.00;0
1931;20;626832660;1931;234;2690;2690;9.34;0.57;214.68;3.66;759;20;896.00;0
1934;20;626832674;1934;228;2690;2690;9.25;0.57;214.78;3.66;756;20;897.00;0
1938;20;626832689;1938;221;2690;2690;9.24;0.56;214.83;3.66;752;20;898.00;0
1944;20;626832705;1944;214;2690;2690;9.16;0.56;215.26;3.66;746;20;899.00;0
1951;20;626832722;1951;217;2718;2736;9.07;0.56;215.48;3.63;767;20;900.00;18
1954;20;626832745;1954;210;2718;2736;9.05;0.55;215.62;3.63;764;20;901.00;18
1958;20;626832767;1958;207;2722;2736;9.02;0.55;215.70;3.62;764;20;902.00;14
1961;21;626832786;1961;207;2722;2736;9.07;0.56;215.79;3.62;761;21;903.00;14
1965;21;626832811;1965;211;2723;2736;9.08;0.56;215.86;3.62;758;21;904.00;13
1970;21;626832831;1970;214;2723;2736;9.12;0.56;216.04;3.62;753;21;905.00;13
1973;21;626832845;1973;202;2729;2740;9.10;0.56;216.13;3.62;756;21;906.00;11
1975;21;626832860;1975;193;2730;2740;9.17;0.56;216.26;3.62;755;21;907.00;10
1980;21;626832874;1980;185;2734;2744;9.22;0.56;216.35;3.62;754;21;908.00;10
1982;21;626832887;1982;178;2735;2745;9.27;0.57;216.45;3.62;753;21;909.00;10
1985;21;626832905;1985;171;2736;2745;9.28;0.57;216.53;3.63;751;21;910.00;9
1988;21;626832918;1988;165;2736;2745;9.25;0.56;216.60;3.63;748;21;911.00;9
1992;21;626832931;1992;160;2745;2758;9.30;0.57;216.72;3.61;753;21;912.00;13
1995;21;626832947;1995;165;2746;2758;9.35;0.57;216.82;3.62;751;21;913.00;12
1997;21;626832961;1997;169;2746;2758;9.41;0.57;216.89;3.62;749;21;914.00;12
1999;21;626832977;1999;170;2748;2759;9.40;0.57;216.87;3.62;749;21;915.00;11
2000;21;626832990;2000;169;2749;2760;9.41;0.57;216.99;3.62;749;21;916.00;11
2002;21;626833009;2002;167;2749;2760;9.41;0.57;217.00;3.62;747;21;917.00;11
2004;21;626833023;2004;166;2751;2763;9.43;0.57;216.98;3.62;747;21;918.00;12
2006;21;626833035;2006;167;2752;2763;9.37;0.57;217.03;3.62;746;21;919.00;11
2008;21;626833048;2008;169;2752;2763;9.42;0.57;216.99;3.62;744;21;920.00;11
2011;21;626833067;2011;164;2753;2763;9.39;0.57;217.04;3.63;742;21;921.00;10
2013;21;626833078;2013;159;2757;2769;9.38;0.57;216.96;3.62;744;21;922.00;12
2013;22;626833090;2013;159;2757;2769;9.48;0.58;216.96;3.62;744;22;923.00;12
2015;22;626833124;2015;157;2759;2769;9.52;0.58;216.88;3.64;744;22;924.00;10
2018;22;626833137;2018;155;2759;2769;9.56;0.58;216.86;3.64;741;22;925.00;10
2021;22;626833150;2021;155;2763;2773;9.58;0.58;216.73;3.63;742;22;926.00;10
2025;22;626833163;2025;157;2765;2774;9.63;0.58;216.81;3.64;740;22;927.00;9
2026;22;626833175;2026;161;2765;2774;9.68;0.59;216.85;3.64;739;22;928.00;9
2027;22;626833188;2027;160;2766;2775;9.71;0.59;216.80;3.64;739;22;929.00;9
2027;22;626833201;2027;164;2768;2775;9.69;0.59;216.80;3.65;741;22;930.00;7
2027;22;626833212;2027;166;2769;2775;9.63;0.58;216.80;3.66;742;22;931.00;6
2028;22;626833224;2028;168;2770;2775;9.60;0.58;216.87;3.66;742;22;932.00;5
2030;22;626833236;2030;175;2771;2775;9.53;0.58;216.86;3.66;741;22;933.00;4
2031;22;626833248;2031;187;2771;2775;9.54;0.58;216.85;3.66;740;22;934.00;4
2033;22;626833261;2033;196;2771;2775;9.48;0.58;216.88;3.66;738;22;935.00;4
2035;22;626833272;2035;214;2815;2845;9.23;0.56;216.79;3.61;780;22;936.00;30
2038;22;626833297;2038;209;2816;2846;9.10;0.56;216.78;3.62;778;22;937.00;30
2040;22;626833308;2040;211;2823;2846;9.08;0.55;216.85;3.62;783;22;938.00;23
2041;22;626833319;2041;215;2828;2846;9.02;0.55;216.85;3.61;787;22;939.00;18
2043;22;626833330;2043;217;2832;2846;8.96;0.55;216.84;3.61;789;22;940.00;14
2044;22;626833342;2044;221;2835;2846;8.94;0.55;216.87;3.62;791;22;941.00;11
2047;22;626833352;2047;222;2838;2846;9.01;0.55;216.88;3.62;791;22;942.00;8
2051;22;626833364;2051;218;2838;2846;9.06;0.55;217.26;3.62;787;22;943.00;8
2053;22;626833377;2053;221;2841;2847;9.13;0.56;217.30;3.62;788;22;944.00;6
2055;22;626833390;2055;215;2844;2849;9.14;0.56;217.34;3.62;789;22;945.00;5
2059;22;626833404;2059;208;2844;2849;9.20;0.56;217.32;3.62;785;22;946.00;5
2063;22;626833418;2063;214;2847;2853;9.16;0.56;217.47;3.62;784;22;947.00;6
2065;22;626833430;2065;210;2847;2853;9.13;0.56;217.54;3.62;782;22;948.00;6
2070;22;626833442;2070;205;2847;2853;9.03;0.55;217.56;3.62;777;22;949.00;6
2071;22;626833454;2071;207;2847;2853;8.95;0.55;217.63;3.62;776;22;950.00;6
2073;22;626833466;2073;204;2850;2859;8.87;0.54;217.49;3.61;777;22;951.00;9
2077;22;626833481;2077;197;2850;2859;8.77;0.54;217.62;3.61;773;22;952.00;9
2083;22;626833495;2083;194;2852;2859;8.68;0.53;217.67;3.63;769;22;953.00;7
2088;22;626833510;2088;191;2854;2862;8.63;0.53;217.53;3.63;766;22;954.00;8
2092;22;626833536;2092;195;2857;2862;8.58;0.52;217.60;3.63;765;22;955.00;5
2094;22;626833559;2094;198;2857;2862;8.60;0.52;217.54;3.63;763;22;956.00;5
2097;22;626833574;2097;197;2857;2863;8.56;0.52;217.57;3.63;760;22;957.00;6
2103;22;626833587;2103;197;2858;2864;8.51;0.52;217.48;3.63;755;22;958.00;6
2107;22;626833609;2107;198;2858;2864;8.54;0.52;217.43;3.63;751;22;959.00;6
2111;22;626833625;2111;198;2875;2890;8.55;0.52;217.33;3.61;764;22;960.00;15
2114;22;626833647;2114;196;2876;2890;8.57;0.52;217.25;3.61;762;22;961.00;14
2118;22;626833660;2118;194;2878;2890;8.54;0.52;216.92;3.61;760;22;962.00;12
2120;22;626833673;2120;197;2879;2891;8.56;0.52;216.79;3.61;759;22;963.00;12
2123;22;626833688;2123;196;2879;2891;8.56;0.52;216.81;3.61;756;22;964.00;12
2125;22;626833701;2125;199;2881;2895;8.56;0.52;216.69;3.60;756;22;965.00;14
2126;22;626833723;2126;200;2881;2895;8.62;0.53;216.61;3.60;755;22;966.00;14
2127;22;626833734;2127;206;2885;2899;8.74;0.53;216.55;3.60;758;22;967.00;14
2129;22;626833749;2129;207;2885;2899;8.71;0.53;216.48;3.60;756;22;968.00;14
2130;22;626833761;2130;211;2888;2899;8.72;0.53;216.49;3.63;758;22;969.00;11
2130;22;626833773;2130;215;2889;2899;8.77;0.53;216.49;3.64;759;22;970.00;10
2131;22;626833785;2131;214;2890;2899;8.76;0.53;216.52;3.65;759;22;971.00;9
2131;22;626833797;2131;221;2900;2911;8.75;0.53;216.52;3.64;769;22;972.00;11
2135;22;626833811;2135;221;2901;2911;8.63;0.53;216.41;3.64;766;22;973.00;10
2139;22;626833825;2139;227;2902;2911;8.52;0.52;216.22;3.64;763;22;974.00;9
2140;22;626833840;2140;229;2902;2911;8.49;0.52;216.27;3.64;762;22;975.00;9
2141;22;626833852;2141;233;2902;2911;8.49;0.52;216.27;3.64;761;22;976.00;9
2142;22;626833864;2142;237;2903;2911;8.48;0.52;216.35;3.65;761;22;977.00;8
2142;22;626833877;2142;244;2903;2912;8.43;0.51;216.35;3.65;761;22;978.00;9
2143;22;626833888;2143;233;2903;2912;8.42;0.51;216.37;3.65;760;22;979.00;9
2143;22;626833909;2143;228;2908;2918;8.50;0.52;216.37;3.65;765;22;980.00;10
2143;22;626833923;2143;225;2912;2919;8.57;0.52;216.37;3.66;769;22;981.00;7
2146;22;626833936;2146;227;2913;2919;8.57;0.52;216.60;3.67;767;22;982.00;6
2148;22;626833949;2148;224;2913;2919;8.63;0.52;216.46;3.67;765;22;983.00;6
2153;22;626833965;2153;221;2918;2923;8.69;0.53;216.42;3.68;765;22;984.00;5
2155;22;626833980;2155;217;2918;2923;8.73;0.53;216.39;3.68;763;22;985.00;5
2156;22;626834009;2156;216;2919;2923;8.80;0.53;216.41;3.68;763;22;986.00;4
2159;22;626834023;2159;214;2921;2924;8.92;0.54;216.29;3.69;762;22;987.00;3
2159;22;626834038;2159;216;2925;2928;9.00;0.55;216.29;3.69;766;22;988.00;3
2159;22;626834053;2159;215;2925;2928;9.09;0.55;216.29;3.69;766;22;989.00;3
2161;22;626834068;2161;209;2930;2934;9.11;0.55;216.26;3.69;769;22;990.00;4
2161;22;626834082;2161;205;2931;2934;9.21;0.56;216.26;3.69;770;22;991.00;3
2162;22;626834096;2162;207;2932;2934;9.21;0.56;216.34;3.69;770;22;992.00;2
2163;22;626834110;2163;209;2933;2934;9.23;0.56;216.37;3.69;770;22;993.00;1
2164;22;626834125;2164;214;2935;2938;9.24;0.56;216.40;3.68;771;22;994.00;3
2167;22;626834144;2167;213;2936;2938;9.18;0.56;216.32;3.68;769;22;995.00;2
2167;22;626834157;2167;214;2936;2938;9.12;0.56;216.32;3.68;769;22;996.00;2
2167;23;626834170;2167;219;2937;2938;9.00;0.55;216.32;3.68;770;23;997.00;1
2169;23;626834209;2169;224;2938;2939;8.84;0.54;216.34;3.68;769;23;998.00;1
2170;23;626834222;2170;226;2940;2940;8.77;0.53;216.30;3.68;770;23;999.00;0
2170;23;626834238;2170;230;2940;2940;8.67;0.53;216.30;3.68;770;23;1000.00;0
2172;23;626834256;2172;230;2941;2941;8.59;0.52;216.16;3.68;769;23;1001.00;0
2173;23;626834272;2173;224;2941;2941;8.48;0.52;216.21;3.68;768;23;1002.00;0
2176;23;626834286;2176;221;2941;2941;8.39;0.51;216.44;3.68;765;23;1003.00;0
2177;23;626834298;2177;219;2941;2941;8.35;0.51;216.40;3.68;764;23;1004.00;0
2177;23;626834311;2177;217;2941;2941;8.41;0.51;216.40;3.68;764;23;1005.00;0
2180;23;626834324;2180;218;2941;2941;8.46;0.52;216.54;3.68;761;23;1006.00;0
2182;23;626834336;2182;220;2941;2941;8.54;0.52;216.69;3.68;759;23;1007.00;0
2184;23;626834347;2184;248;3013;3068;8.66;0.54;216.62;3.60;829;23;1008.00;55
2188;23;626834375;2188;239;3015;3069;8.69;0.54;216.94;3.59;827;23;1009.00;54
2190;23;626834390;2190;225;3023;3069;8.75;0.54;217.21;3.59;833;23;1010.00;46
2195;23;626834406;2195;227;3030;3069;8.76;0.54;217.27;3.59;835;23;1011.00;39
2200;23;626834420;2200;231;3034;3069;8.73;0.54;217.47;3.59;834;23;1012.00;35
2205;23;626834436;2205;231;3037;3069;8.66;0.54;217.90;3.59;832;23;1013.00;32
2210;23;626834450;2210;232;3042;3069;8.54;0.53;217.92;3.59;832;23;1014.00;27
2215;23;626834464;2215;236;3045;3069;8.50;0.52;217.98;3.60;830;23;1015.00;24
2222;23;626834479;2222;238;3049;3070;8.49;0.52;217.93;3.60;827;23;1016.00;21
2225;23;626834498;2225;238;3052;3071;8.49;0.52;217.89;3.61;827;23;1017.00;19
2232;23;626834512;2232;247;3056;3071;8.44;0.52;218.20;3.62;824;23;1018.00;15
2236;23;626834527;2236;254;3060;3072;8.40;0.52;218.48;3.62;824;23;1019.00;12
2239;23;626834543;2239;246;3063;3072;8.31;0.51;218.76;3.63;824;23;1020.00;9
2244;23;626834555;2244;245;3065;3072;8.19;0.50;219.05;3.64;821;23;1021.00;7
2244;23;626834574;2244;240;3065;3072;8.18;0.50;219.05;3.64;821;23;1022.00;7
2250;23;626834587;2250;237;3070;3076;8.15;0.50;219.41;3.64;820;23;1023.00;6
2251;23;626834601;2251;238;3071;3076;8.13;0.50;219.53;3.64;820;23;1024.00;5
2256;23;626834613;2256;233;3072;3076;8.14;0.50;220.03;3.65;816;23;1025.00;4
2260;23;626834628;2260;235;3075;3079;8.09;0.50;220.09;3.65;815;23;1026.00;4
2264;23;626834644;2264;229;3076;3079;8.09;0.50;220.29;3.65;812;23;1027.00;3
2266;23;626834666;2266;224;3077;3079;8.16;0.50;220.35;3.66;811;23;1028.00;2
2271;23;626834679;2271;215;3082;3083;8.19;0.50;220.73;3.66;811;23;1029.00;1
2277;23;626834692;2277;215;3084;3084;8.32;0.51;220.89;3.65;807;23;1030.00;0
2280;23;626834707;2280;213;3084;3084;8.44;0.52;221.21;3.65;804;23;1031.00;0
2285;23;626834721;2285;205;3088;3088;8.54;0.52;221.36;3.65;803;23;1032.00;0
2290;23;626834734;2290;207;3088;3088;8.58;0.53;221.70;3.65;798;23;1033.00;0
2294;23;626834747;2294;205;3088;3088;8.63;0.53;221.94;3.65;794;23;1034.00;0
2299;23;626834761;2299;209;3090;3090;8.64;0.53;221.92;3.65;791;23;1035.00;0
2304;23;626834772;2304;210;3090;3090;8.63;0.53;222.12;3.65;786;23;1036.00;0
2308;23;626834784;2308;209;3095;3096;8.72;0.53;222.28;3.64;787;23;1037.00;1
2313;23;626834795;2313;209;3096;3096;8.80;0.54;222.71;3.64;783;23;1038.00;0
2317;23;626834806;2317;207;3097;3097;8.88;0.54;222.89;3.64;780;23;1039.00;0
2321;23;626834817;2321;209;3097;3097;8.92;0.54;223.26;3.64;776;23;1040.00;0
2324;24;626834828;2324;210;3097;3097;8.97;0.55;223.43;3.64;773;24;1041.00;0
2330;24;626834855;2330;209;3097;3097;8.98;0.55;223.59;3.64;767;24;1042.00;0
2334;24;626834866;2334;203;3097;3097;9.01;0.55;223.82;3.64;763;24;1043.00;0
2340;25;626834878;2340;209;3107;3109;9.15;0.56;224.09;3.63;767;25;1044.00;2
2343;25;626834896;2343;202;3108;3109;9.20;0.56;224.15;3.63;765;25;1045.00;1
2348;25;626834913;2348;198;3109;3109;9.25;0.56;224.13;3.63;761;25;1046.00;0
2356;25;626834924;2356;194;3109;3109;9.30;0.56;224.31;3.63;753;25;1047.00;0
2359;25;626834937;2359;191;3109;3109;9.29;0.56;224.39;3.63;750;25;1048.00;0
2364;25;626834949;2364;193;3109;3109;9.26;0.56;224.65;3.63;745;25;1049.00;0
2366;25;626834962;2366;192;3114;3115;9.27;0.56;224.91;3.62;748;25;1050.00;1
2369;25;626834975;2369;195;3115;3115;9.33;0.57;225.02;3.62;746;25;1051.00;0
2374;25;626834986;2374;193;3118;3119;9.35;0.57;225.08;3.62;744;25;1052.00;1
2379;25;626834998;2379;192;3120;3120;9.39;0.57;225.22;3.62;741;25;1053.00;0
2382;25;626835013;2382;192;3120;3120;9.43;0.58;225.30;3.62;738;25;1054.00;0
2387;25;626835024;2387;194;3120;3120;9.46;0.58;225.35;3.62;733;25;1055.00;0
2391;25;626835036;2391;199;3133;3133;9.51;0.58;225.30;3.60;742;25;1056.00;0
2392;25;626835048;2392;199;3133;3133;9.58;0.59;225.33;3.60;741;25;1057.00;0
2396;25;626835059;2396;197;3133;3133;9.63;0.59;225.31;3.60;737;25;1058.00;0
2401;25;626835071;2401;201;3134;3134;9.65;0.59;225.20;3.60;733;25;1059.00;0
2403;25;626835082;2403;201;3135;3135;9.68;0.59;225.31;3.60;732;25;1060.00;0
2407;25;626835093;2407;199;3135;3135;9.66;0.59;225.44;3.60;728;25;1061.00;0
2412;25;626835105;2412;200;3137;3138;9.66;0.59;225.77;3.60;725;25;1062.00;1
2418;25;626835116;2418;200;3137;3138;9.60;0.58;225.76;3.60;719;25;1063.00;1
2422;25;626835127;2422;202;3138;3138;9.51;0.58;225.84;3.60;716;25;1064.00;0
2425;25;626835138;2425;213;3138;3138;9.41;0.57;225.75;3.60;713;25;1065.00;0
2427;25;626835148;2427;211;3143;3144;9.33;0.57;225.70;3.60;716;25;1066.00;1
2433;25;626835160;2433;209;3143;3144;9.23;0.56;225.68;3.60;710;25;1067.00;1
2435;25;626835171;2435;201;3144;3144;9.21;0.56;225.58;3.60;709;25;1068.00;0
2437;25;626835188;2437;199;3144;3144;9.17;0.56;225.65;3.60;707;25;1069.00;0
2442;25;626835199;2442;198;3148;3148;9.09;0.55;225.85;3.59;706;25;1070.00;0
2443;25;626835211;2443;199;3149;3149;9.05;0.55;225.89;3.59;706;25;1071.00;0
2446;25;626835223;2446;203;3149;3149;9.01;0.55;226.01;3.59;703;25;1072.00;0
2452;25;626835235;2452;211;3150;3150;8.89;0.54;226.25;3.59;698;25;1073.00;0
2455;25;626835246;2455;214;3150;3150;8.86;0.54;226.20;3.59;695;25;1074.00;0
2456;25;626835258;2456;213;3150;3150;8.92;0.54;226.26;3.59;694;25;1075.00;0
2460;25;626835269;2460;205;3150;3150;8.96;0.54;226.10;3.59;690;25;1076.00;0
2462;25;626835281;2462;189;3150;3150;9.01;0.55;226.10;3.59;688;25;1077.00;0
2463;25;626835297;2463;185;3150;3150;9.06;0.55;226.23;3.59;687;25;1078.00;0
2466;25;626835309;2466;182;3150;3150;9.12;0.55;226.34;3.59;684;25;1079.00;0
2466;25;626835322;2466;206;3229;3275;8.97;0.55;226.34;3.50;763;25;1080.00;46
2468;25;626835346;2468;196;3233;3276;8.99;0.55;226.47;3.50;765;25;1081.00;43
2473;25;626835359;2473;178;3238;3276;9.03;0.55;226.53;3.50;765;25;1082.00;38
2476;25;626835370;2476;176;3242;3276;9.05;0.56;226.62;3.50;766;25;1083.00;34
2480;25;626835382;2480;166;3246;3276;9.09;0.56;226.77;3.50;766;25;1084.00;30
2482;25;626835392;2482;170;3248;3276;9.10;0.56;226.79;3.50;766;25;1085.00;28
2483;25;626835403;2483;172;3253;3276;9.11;0.56;226.81;3.50;770;25;1086.00;23
2484;25;626835413;2484;169;3254;3276;9.12;0.56;226.77;3.50;770;25;1087.00;22
2487;25;626835424;2487;160;3258;3277;9.08;0.56;226.84;3.51;771;25;1088.00;19
2489;25;626835435;2489;158;3260;3278;9.00;0.55;226.87;3.51;771;25;1089.00;18
2491;25;626835446;2491;159;3265;3278;8.96;0.55;226.76;3.52;774;25;1090.00;13
2491;25;626835457;2491;164;3272;3282;8.91;0.55;226.76;3.52;781;25;1091.00;10
2492;25;626835474;2492;170;3274;3282;8.90;0.55;226.75;3.53;782;25;1092.00;8
2494;25;626835487;2494;180;3275;3282;8.87;0.54;226.75;3.53;781;25;1093.00;7
2498;25;626835505;2498;178;3275;3282;8.81;0.54;226.72;3.53;777;25;1094.00;7
2498;25;626835523;2498;180;3279;3288;8.77;0.54;226.72;3.53;781;25;1095.00;9
2498;25;626835543;2498;182;3280;3288;8.74;0.54;226.72;3.53;782;25;1096.00;8
2500;25;626835572;2500;194;3280;3288;8.73;0.54;226.67;3.53;780;25;1097.00;8
2500;25;626835602;2500;196;3283;3291;8.70;0.53;226.67;3.52;783;25;1098.00;8
2502;25;626835617;2502;196;3283;3291;8.72;0.54;226.62;3.52;781;25;1099.00;8
2503;25;626835630;2503;207;3283;3291;8.76;0.54;226.62;3.52;780;25;1100.00;8
2507;25;626835647;2507;212;3284;3292;8.79;0.54;226.72;3.52;777;25;1101.00;8
2512;25;626835660;2512;217;3285;3293;8.79;0.54;226.67;3.52;773;25;1102.00;8
2512;25;626835673;2512;218;3285;3293;8.77;0.54;226.67;3.52;773;25;1103.00;8
2513;25;626835685;2513;226;3295;3306;8.71;0.53;226.63;3.51;782;25;1104.00;11
2516;25;626835697;2516;229;3295;3306;8.67;0.53;226.54;3.51;779;25;1105.00;11
2520;25;626835709;2520;236;3296;3306;8.60;0.53;226.40;3.52;776;25;1106.00;10
2520;26;626835721;2520;242;3297;3307;8.61;0.53;226.40;3.52;777;26;1107.00;10
2521;26;626835746;2521;247;3298;3307;8.55;0.52;226.39;3.52;777;26;1108.00;9
2526;26;626835764;2526;248;3301;3311;8.46;0.52;226.17;3.52;775;26;1109.00;10
2527;26;626835777;2527;251;3302;3311;8.44;0.52;226.13;3.52;775;26;1110.00;9
2528;26;626835788;2528;246;3306;3315;8.45;0.52;226.19;3.53;778;26;1111.00;9
2528;26;626835799;2528;244;3306;3315;8.52;0.52;226.19;3.53;778;26;1112.00;9
2531;26;626835810;2531;246;3306;3315;8.57;0.53;226.08;3.53;775;26;1113.00;9
2535;26;626835822;2535;249;3306;3315;8.54;0.52;226.03;3.53;771;26;1114.00;9
2538;26;626835832;2538;245;3306;3315;8.52;0.52;226.04;3.53;768;26;1115.00;9
2542;26;626835843;2542;248;3316;3327;8.55;0.52;226.01;3.53;774;26;1116.00;11
2545;26;626835861;2545;247;3316;3327;8.50;0.52;225.95;3.53;771;26;1117.00;11
2545;26;626835871;2545;252;3318;3327;8.50;0.52;225.95;3.53;773;26;1118.00;9
2547;26;626835881;2547;241;3319;3327;8.45;0.52;225.83;3.54;772;26;1119.00;8
2550;26;626835898;2550;239;3319;3327;8.35;0.51;225.86;3.54;769;26;1120.00;8
2553;26;626835909;2553;234;3319;3327;8.27;0.50;225.80;3.54;766;26;1121.00;8
2555;26;626835919;2555;240;3320;3328;8.19;0.50;225.74;3.55;765;26;1122.00;8
2558;26;626835929;2558;234;3320;3328;8.11;0.49;225.77;3.55;762;26;1123.00;8
2559;27;626835940;2559;232;3325;3334;8.08;0.49;225.78;3.56;766;27;1124.00;9
2561;27;626835962;2561;232;3330;3336;7.99;0.48;225.74;3.57;769;27;1125.00;6
2562;27;626835974;2562;233;3330;3336;8.00;0.48;225.75;3.57;768;27;1126.00;6
2563;27;626835984;2563;232;3330;3336;8.04;0.49;225.71;3.57;767;27;1127.00;6
2567;27;626835993;2567;235;3332;3340;8.00;0.48;226.00;3.57;765;27;1128.00;8
2569;27;626836002;2569;234;3332;3340;8.08;0.49;225.90;3.57;763;27;1129.00;8
2571;27;626836012;2571;230;3332;3340;8.11;0.49;225.89;3.57;761;27;1130.00;8
2572;27;626836022;2572;216;3333;3341;8.20;0.50;225.82;3.56;761;27;1131.00;8
2573;27;626836031;2573;206;3336;3345;8.27;0.50;225.75;3.56;763;27;1132.00;9
2575;27;626836042;2575;199;3336;3345;8.36;0.51;225.67;3.56;761;27;1133.00;9
2576;27;626836051;2576;191;3338;3348;8.55;0.52;225.65;3.56;762;27;1134.00;10
2576;27;626836062;2576;185;3339;3348;8.74;0.53;225.65;3.56;763;27;1135.00;9
2577;27;626836071;2577;182;3339;3348;8.83;0.53;225.57;3.56;762;27;1136.00;9
2578;27;626836081;2578;175;3340;3348;8.89;0.54;225.53;3.57;762;27;1137.00;8
2578;27;626836100;2578;170;3343;3352;8.99;0.55;225.53;3.57;765;27;1138.00;9
2579;27;626836113;2579;169;3344;3352;9.08;0.55;225.52;3.57;765;27;1139.00;8
2581;27;626836127;2581;163;3345;3352;9.16;0.56;225.50;3.57;764;27;1140.00;7
2582;27;626836138;2582;161;3345;3352;9.21;0.56;225.51;3.57;763;27;1141.00;7
2582;27;626836150;2582;158;3345;3353;9.25;0.56;225.51;3.57;763;27;1142.00;8
2583;27;626836162;2583;161;3346;3354;9.34;0.57;225.49;3.57;763;27;1143.00;8
2586;27;626836174;2586;158;3346;3354;9.33;0.57;225.47;3.57;760;27;1144.00;8
2587;27;626836185;2587;157;3347;3355;9.40;0.57;225.42;3.57;760;27;1145.00;8
2588;27;626836197;2588;159;3347;3355;9.43;0.57;225.41;3.57;759;27;1146.00;8
2590;27;626836208;2590;166;3347;3355;9.50;0.58;225.43;3.57;757;27;1147.00;8
2594;27;626836220;2594;168;3347;3355;9.51;0.58;225.29;3.57;753;27;1148.00;8
2594;27;626836232;2594;169;3347;3355;9.58;0.58;225.29;3.57;753;27;1149.00;8
2594;27;626836243;2594;170;3348;3355;9.61;0.58;225.29;3.58;754;27;1150.00;7
2598;27;626836257;2598;174;3349;3355;9.62;0.58;225.64;3.59;751;27;1151.00;6
2598;27;626836270;2598;192;3415;3482;9.71;0.60;225.64;3.52;817;27;1152.00;67
2600;27;626836294;2600;184;3419;3483;9.75;0.60;225.59;3.54;819;27;1153.00;64
2603;27;626836309;2603;174;3429;3483;9.86;0.61;225.94;3.53;826;27;1154.00;54
2606;27;626836321;2606;174;3437;3483;9.91;0.61;225.90;3.54;831;27;1155.00;46
2607;27;626836333;2607;178;3444;3483;9.94;0.61;225.91;3.54;837;27;1156.00;39
2610;27;626836346;2610;178;3449;3483;9.93;0.61;225.80;3.55;839;27;1157.00;34
2613;27;626836362;2613;176;3455;3483;9.87;0.61;226.02;3.56;842;27;1158.00;28
2615;27;626836374;2615;180;3459;3483;9.83;0.60;226.05;3.56;844;27;1159.00;24
2617;27;626836386;2617;184;3465;3484;9.77;0.60;225.94;3.57;848;27;1160.00;19
2620;27;626836398;2620;188;3468;3485;9.69;0.60;226.03;3.58;848;27;1161.00;17
2623;27;626836410;2623;193;3470;3485;9.63;0.59;226.12;3.58;847;27;1162.00;15
2628;27;626836421;2628;201;3471;3486;9.53;0.59;226.28;3.58;843;27;1163.00;15
2632;27;626836433;2632;205;3474;3486;9.46;0.58;226.46;3.59;842;27;1164.00;12
2632;27;626836444;2632;219;3476;3486;9.36;0.58;226.46;3.60;844;27;1165.00;10
2636;27;626836455;2636;225;3479;3486;9.19;0.57;226.60;3.61;843;27;1166.00;7
2641;27;626836475;2641;231;3485;3490;8.99;0.55;226.80;3.62;844;27;1167.00;5
2645;27;626836488;2645;239;3486;3490;8.85;0.54;226.75;3.62;841;27;1168.00;4
2647;27;626836502;2647;240;3487;3490;8.73;0.54;226.96;3.62;840;27;1169.00;3
2651;27;626836517;2651;241;3491;3496;8.68;0.53;227.07;3.62;840;27;1170.00;5
2654;27;626836530;2654;243;3491;3496;8.61;0.53;227.20;3.62;837;27;1171.00;5
2655;28;626836543;2655;244;3492;3496;8.52;0.52;227.28;3.62;837;28;1172.00;4
2660;28;626836567;2660;247;3496;3500;8.48;0.52;227.42;3.62;836;28;1173.00;4
2662;28;626836579;2662;247;3498;3501;8.48;0.52;227.43;3.62;836;28;1174.00;3
2664;28;626836591;2664;246;3498;3501;8.47;0.52;227.69;3.62;834;28;1175.00;3
2666;28;626836603;2666;244;3503;3505;8.52;0.52;227.72;3.62;837;28;1176.00;2
2667;28;626836615;2667;246;3503;3505;8.48;0.52;227.72;3.62;836;28;1177.00;2
2669;28;626836626;2669;246;3504;3505;8.47;0.52;227.95;3.62;835;28;1178.00;1
2671;28;626836638;2671;245;3505;3506;8.52;0.52;227.99;3.62;834;28;1179.00;1
2674;28;626836656;2674;244;3506;3506;8.49;0.52;228.15;3.62;832;28;1180.00;0
2677;28;626836670;2677;248;3510;3512;8.43;0.52;228.15;3.61;833;28;1181.00;2
2680;28;626836688;2680;253;3511;3512;8.35;0.51;228.34;3.61;831;28;1182.00;1
2686;28;626836699;2686;257;3511;3513;8.21;0.50;228.39;3.61;825;28;1183.00;2
2692;28;626836711;2692;257;3513;3513;8.13;0.50;228.78;3.61;821;28;1184.00;0
2698;28;626836727;2698;259;3513;3513;8.10;0.49;228.70;3.61;815;28;1185.00;0
2702;28;626836743;2702;260;3513;3513;8.04;0.49;228.84;3.61;811;28;1186.00;0
2705;28;626836754;2705;257;3513;3513;7.99;0.49;228.89;3.61;808;28;1187.00;0
2709;28;626836764;2709;262;3523;3525;7.89;0.48;229.08;3.60;814;28;1188.00;2
2714;28;626836776;2714;263;3523;3525;7.80;0.48;229.09;3.60;809;28;1189.00;2
2716;28;626836787;2716;254;3525;3525;7.75;0.47;229.26;3.60;809;28;1190.00;0
2718;28;626836797;2718;250;3525;3525;7.72;0.47;229.36;3.60;807;28;1191.00;0
2721;28;626836808;2721;245;3525;3525;7.73;0.47;229.59;3.60;804;28;1192.00;0
2727;28;626836819;2727;241;3525;3525;7.69;0.47;229.89;3.60;798;28;1193.00;0
2728;28;626836830;2728;243;3529;3529;7.69;0.47;229.85;3.60;801;28;1194.00;0
2734;28;626836841;2734;244;3529;3529;7.71;0.47;229.90;3.60;795;28;1195.00;0
2737;28;626836853;2737;246;3532;3533;7.74;0.47;229.94;3.60;795;28;1196.00;1
2740;28;626836864;2740;248;3534;3534;7.83;0.48;230.22;3.60;794;28;1197.00;0
2743;28;626836875;2743;236;3534;3534;7.81;0.48;230.41;3.60;791;28;1198.00;0
2746;28;626836886;2746;234;3534;3534;7.86;0.48;230.45;3.60;788;28;1199.00;0
2750;28;626836900;2750;229;3559;3575;7.78;0.48;230.60;3.57;809;28;1200.00;16
2754;28;626836922;2754;229;3561;3575;7.84;0.48;230.80;3.57;807;28;1201.00;14
2759;29;626836934;2759;223;3563;3575;7.90;0.48;230.79;3.57;804;29;1202.00;12
2764;29;626836956;2764;218;3565;3576;8.02;0.49;230.68;3.57;801;29;1203.00;11
2768;29;626836969;2768;214;3568;3577;8.04;0.49;230.78;3.57;800;29;1204.00;9
2771;29;626836982;2771;213;3570;3577;8.11;0.49;230.84;3.57;799;29;1205.00;7
2775;29;626836995;2775;212;3573;3580;8.23;0.50;230.97;3.57;798;29;1206.00;7
2779;29;626837007;2779;212;3573;3580;8.25;0.50;231.04;3.57;794;29;1207.00;7
2780;29;626837020;2780;210;3574;3580;8.26;0.50;231.03;3.57;794;29;1208.00;6
2782;29;626837033;2782;206;3575;3580;8.32;0.51;231.06;3.57;793;29;1209.00;5
2785;29;626837045;2785;201;3580;3586;8.35;0.51;231.29;3.56;795;29;1210.00;6
2786;29;626837057;2786;201;3581;3586;8.41;0.51;231.33;3.57;795;29;1211.00;5
2790;29;626837070;2790;199;3582;3586;8.41;0.51;231.48;3.57;792;29;1212.00;4
2792;29;626837083;2792;197;3582;3586;8.45;0.52;231.43;3.57;790;29;1213.00;4
2797;29;626837099;2797;198;3586;3590;8.48;0.52;231.70;3.56;789;29;1214.00;4
2803;29;626837110;2803;189;3588;3592;8.57;0.52;231.94;3.56;785;29;1215.00;4
2808;29;626837121;2808;193;3588;3592;8.58;0.53;232.10;3.56;780;29;1216.00;4
2814;29;626837133;2814;194;3590;3593;8.58;0.53;232.40;3.56;776;29;1217.00;3
2818;29;626837144;2818;197;3590;3593;8.63;0.53;232.53;3.56;772;29;1218.00;3
2826;29;626837155;2826;197;3590;3593;8.67;0.53;232.77;3.56;764;29;1219.00;3
2830;29;626837167;2830;199;3590;3593;8.81;0.54;232.99;3.56;760;29;1220.00;3
2836;29;626837177;2836;198;3590;3593;8.91;0.55;233.14;3.56;754;29;1221.00;3
2843;29;626837188;2843;205;3590;3593;8.89;0.55;233.40;3.56;747;29;1222.00;3
2848;29;626837199;2848;213;3591;3593;8.82;0.54;233.50;3.57;743;29;1223.00;2
2854;29;626837209;2854;226;3634;3663;8.64;0.53;233.71;3.53;780;29;1224.00;29
2857;29;626837226;2857;223;3635;3664;8.59;0.53;233.87;3.53;778;29;1225.00;29
2861;29;626837237;2861;216;3639;3664;8.69;0.53;233.93;3.53;778;29;1226.00;25
2865;29;626837248;2865;222;3642;3664;8.74;0.54;234.05;3.52;777;29;1227.00;22
2868;29;626837259;2868;225;3645;3666;8.82;0.54;234.07;3.53;777;29;1228.00;21
2876;29;626837270;2876;228;3648;3666;8.75;0.54;234.12;3.53;772;29;1229.00;18
2883;29;626837283;2883;231;3652;3666;8.72;0.54;234.32;3.54;769;29;1230.00;14
2889;29;626837293;2889;230;3654;3666;8.70;0.53;234.52;3.54;765;29;1231.00;12
2891;29;626837304;2891;238;3658;3667;8.66;0.53;234.52;3.54;767;29;1232.00;9
2893;29;626837315;2893;253;3660;3668;8.56;0.53;234.53;3.54;767;29;1233.00;8
2897;29;626837325;2897;258;3662;3668;8.46;0.52;234.60;3.54;765;29;1234.00;6
2900;29;626837336;2900;267;3668;3672;8.32;0.51;234.75;3.55;768;29;1235.00;4
2905;29;626837347;2905;273;3670;3672;8.19;0.50;234.69;3.56;765;29;1236.00;2
2909;29;626837358;2909;266;3670;3672;8.18;0.50;234.68;3.56;761;29;1237.00;2
2913;29;626837369;2913;264;3671;3672;8.14;0.50;234.76;3.56;758;29;1238.00;1
2917;29;626837380;2917;264;3677;3678;8.20;0.50;234.83;3.55;760;29;1239.00;1
2919;29;626837391;2919;263;3677;3678;8.23;0.50;234.75;3.55;758;29;1240.00;1
2922;29;626837401;2922;268;3678;3678;8.21;0.50;234.70;3.56;756;29;1241.00;0
2924;29;626837412;2924;266;3681;3681;8.37;0.51;234.70;3.55;757;29;1242.00;0
2926;29;626837423;2926;267;3681;3681;8.42;0.51;234.66;3.55;755;29;1243.00;0
2927;29;626837444;2927;265;3681;3681;8.36;0.51;234.71;3.55;754;29;1244.00;0
2930;29;626837455;2930;267;3682;3682;8.32;0.51;234.68;3.55;752;29;1245.00;0
2933;29;626837465;2933;261;3683;3683;8.31;0.50;234.68;3.55;750;29;1246.00;0
2935;29;626837477;2935;253;3683;3683;8.32;0.50;234.66;3.55;748;29;1247.00;0
2938;29;626837487;2938;250;3696;3696;8.37;0.51;234.56;3.54;758;29;1248.00;0
2942;29;626837504;2942;242;3696;3696;8.38;0.51;234.53;3.54;754;29;1249.00;0
2944;29;626837522;2944;239;3696;3696;8.42;0.51;234.64;3.54;752;29;1250.00;0
2944;29;626837552;2944;235;3697;3697;8.53;0.52;234.64;3.54;753;29;1251.00;0
2945;29;626837570;2945;233;3697;3697;8.62;0.52;234.73;3.54;752;29;1252.00;0
2945;29;626837587;2945;236;3700;3701;8.70;0.53;234.73;3.54;755;29;1253.00;1
2947;29;626837616;2947;230;3700;3701;8.72;0.53;234.71;3.54;753;29;1254.00;1
2949;29;626837629;2949;230;3705;3705;8.72;0.53;234.71;3.53;756;29;1255.00;0
2950;29;626837641;2950;226;3705;3705;8.76;0.53;234.67;3.53;755;29;1256.00;0
2953;29;626837653;2953;217;3705;3705;8.79;0.54;234.60;3.53;752;29;1257.00;0
2958;29;626837665;2958;221;3705;3705;8.74;0.53;234.50;3.53;747;29;1258.00;0
2958;29;626837676;2958;220;3705;3705;8.70;0.53;234.50;3.53;747;29;1259.00;0
2961;29;626837689;2961;228;3729;3739;8.56;0.53;234.45;3.51;768;29;1260.00;10
2962;29;626837703;2962;224;3729;3739;8.49;0.52;234.43;3.51;767;29;1261.00;10
2965;29;626837715;2965;228;3731;3739;8.48;0.52;234.35;3.51;766;29;1262.00;8
2968;29;626837727;2968;232;3731;3739;8.45;0.52;234.24;3.51;763;29;1263.00;8
2969;29;626837738;2969;229;3732;3739;8.45;0.52;234.29;3.51;763;29;1264.00;7
2971;29;626837748;2971;239;3733;3739;8.42;0.52;234.23;3.51;762;29;1265.00;6
2973;29;626837760;2973;236;3734;3740;8.43;0.52;234.20;3.51;761;29;1266.00;6
2976;29;626837771;2976;237;3734;3740;8.41;0.51;234.27;3.51;758;29;1267.00;6
2978;29;626837791;2978;245;3739;3746;8.34;0.51;234.16;3.51;761;29;1268.00;7
2980;29;626837804;2980;246;3740;3747;8.35;0.51;234.12;3.51;760;29;1269.00;7
2982;29;626837816;2982;254;3741;3747;8.31;0.51;234.09;3.51;759;29;1270.00;6
2982;29;626837826;2982;264;3741;3747;8.23;0.50;234.09;3.51;759;29;1271.00;6
2982;29;626837844;2982;266;3744;3751;8.19;0.50;234.09;3.51;762;29;1272.00;7
2985;29;626837855;2985;271;3745;3751;8.07;0.49;234.11;3.51;760;29;1273.00;6
2987;29;626837866;2987;276;3745;3751;7.98;0.49;234.03;3.51;758;29;1274.00;6
2989;29;626837877;2989;283;3746;3752;7.90;0.48;234.03;3.51;757;29;1275.00;6
2991;29;626837887;2991;291;3750;3756;7.80;0.48;234.05;3.51;759;29;1276.00;6
2992;29;626837898;2992;298;3750;3756;7.72;0.47;234.00;3.51;758;29;1277.00;6
2996;29;626837908;2996;306;3752;3759;7.67;0.47;233.91;3.51;756;29;1278.00;7
2998;29;626837919;2998;311;3752;3759;7.66;0.47;233.90;3.51;754;29;1279.00;7
2998;29;626837929;2998;309;3753;3759;7.68;0.47;233.90;3.51;755;29;1280.00;6
2998;29;626837940;2998;304;3753;3759;7.68;0.47;233.90;3.51;755;29;1281.00;6
3001;29;626837950;3001;299;3756;3763;7.67;0.47;233.81;3.51;755;29;1282.00;7
3004;29;626837961;3004;283;3756;3763;7.68;0.47;233.94;3.51;752;29;1283.00;7
3004;29;626837973;3004;269;3757;3763;7.77;0.47;233.94;3.51;753;29;1284.00;6
3006;29;626837983;3006;251;3757;3763;7.79;0.47;233.92;3.51;751;29;1285.00;6
3006;29;626837994;3006;237;3757;3764;7.85;0.48;233.92;3.51;751;29;1286.00;7
3009;29;626838005;3009;230;3758;3765;7.89;0.48;233.92;3.51;749;29;1287.00;7
3011;29;626838016;3011;224;3758;3765;7.95;0.48;233.86;3.51;747;29;1288.00;7
3011;29;626838026;3011;217;3759;3766;8.01;0.49;233.86;3.50;748;29;1289.00;7
3013;29;626838044;3013;207;3759;3766;8.08;0.49;233.92;3.50;746;29;1290.00;7
3014;29;626838055;3014;200;3759;3766;8.19;0.50;233.93;3.50;745;29;1291.00;7
3017;29;626838071;3017;185;3759;3766;8.25;0.50;233.85;3.50;742;29;1292.00;7
3020;29;626838082;3020;178;3759;3766;8.31;0.50;233.92;3.50;739;29;1293.00;7
3023;29;626838092;3023;177;3760;3766;8.41;0.51;233.83;3.51;737;29;1294.00;6
3026;29;626838103;3026;164;3761;3766;8.47;0.51;233.76;3.52;735;29;1295.00;5
3026;29;626838114;3026;179;3825;3893;8.74;0.54;233.76;3.46;799;29;1296.00;68
3027;29;626838138;3027;163;3825;3894;8.86;0.54;233.77;3.46;798;29;1297.00;69
3028;29;626838149;3028;156;3833;3894;9.07;0.56;233.74;3.46;805;29;1298.00;61
3029;29;626838161;3029;152;3837;3894;9.16;0.56;233.74;3.46;808;29;1299.00;57
3032;29;626838172;3032;151;3843;3894;9.24;0.57;233.61;3.46;811;29;1300.00;51
3033;29;626838188;3033;146;3846;3894;9.27;0.57;233.63;3.46;813;29;1301.00;48
3033;29;626838199;3033;143;3850;3894;9.33;0.57;233.63;3.46;817;29;1302.00;44
3037;29;626838210;3037;139;3852;3894;9.33;0.57;233.72;3.46;815;29;1303.00;42
3040;29;626838222;3040;140;3856;3895;9.41;0.58;233.68;3.47;816;29;1304.00;39
3041;29;626838240;3041;141;3860;3897;9.48;0.58;233.64;3.47;819;29;1305.00;37
3043;29;626838252;3043;145;3862;3897;9.53;0.58;233.55;3.47;819;29;1306.00;35
3045;29;626838263;3045;145;3863;3898;9.54;0.59;233.65;3.48;818;29;1307.00;35
3049;29;626838275;3049;146;3866;3898;9.56;0.59;233.52;3.48;817;29;1308.00;32
3050;29;626838287;3050;149;3868;3898;9.59;0.59;233.54;3.49;818;29;1309.00;30
3055;29;626838299;3055;147;3871;3898;9.57;0.59;233.42;3.50;816;29;1310.00;27
3058;29;626838311;3058;154;3874;3902;9.56;0.58;233.35;3.50;816;29;1311.00;28
3063;29;626838323;3063;159;3878;3902;9.52;0.58;233.35;3.51;815;29;1312.00;24
3065;29;626838336;3065;156;3879;3902;9.47;0.58;233.36;3.52;814;29;1313.00;23
3067;29;626838348;3067;163;3883;3905;9.45;0.57;233.38;3.52;816;29;1314.00;22
3069;29;626838360;3069;168;3885;3905;9.42;0.57;233.47;3.53;816;29;1315.00;20
3072;29;626838373;3072;167;3889;3905;9.40;0.57;233.56;3.56;817;29;1316.00;16
3073;29;626838386;3073;171;3893;3909;9.39;0.57;233.67;3.55;820;29;1317.00;16
3078;29;626838400;3078;181;3895;3910;9.38;0.57;233.79;3.56;817;29;1318.00;15
3083;29;626838414;3083;182;3896;3910;9.33;0.57;233.98;3.56;813;29;1319.00;14
3085;29;626838428;3085;184;3902;3915;9.36;0.57;234.09;3.58;817;29;1320.00;13
3088;29;626838441;3088;190;3902;3915;9.35;0.57;234.14;3.58;814;29;1321.00;13
3092;29;626838454;3092;192;3903;3915;9.31;0.57;234.31;3.58;811;29;1322.00;12
3095;29;626838467;3095;193;3906;3916;9.29;0.56;234.45;3.59;811;29;1323.00;10
3098;29;626838480;3098;194;3906;3916;9.25;0.56;234.53;3.59;808;29;1324.00;10
3101;29;626838493;3101;196;3911;3922;9.22;0.56;234.57;3.60;810;29;1325.00;11
3102;29;626838507;3102;192;3912;3922;9.26;0.56;234.65;3.61;810;29;1326.00;10
3105;29;626838520;3105;193;3914;3923;9.28;0.56;234.85;3.61;809;29;1327.00;9
3106;29;626838534;3106;196;3915;3923;9.29;0.57;234.95;3.61;809;29;1328.00;8
3109;29;626838547;3109;196;3916;3923;9.31;0.57;235.02;3.62;807;29;1329.00;7
3113;29;626838560;3113;193;3916;3923;9.35;0.57;235.14;3.62;803;29;1330.00;7
3117;29;626838573;3117;196;3917;3923;9.32;0.57;235.35;3.63;800;29;1331.00;6
3119;29;626838585;3119;198;3928;3935;9.35;0.57;235.39;3.63;809;29;1332.00;7
3120;29;626838599;3120;203;3932;3935;9.32;0.57;235.46;3.65;812;29;1333.00;3
3123;29;626838616;3123;204;3932;3935;9.30;0.57;235.49;3.65;809;29;1334.00;3
3125;29;626838629;3125;210;3934;3935;9.30;0.57;235.51;3.65;809;29;1335.00;1
3129;29;626838640;3129;212;3934;3935;9.23;0.56;235.57;3.65;805;29;1336.00;1
3131;29;626838653;3131;212;3935;3935;9.16;0.56;235.62;3.65;804;29;1337.00;0
3132;29;626838665;3132;217;3939;3939;9.12;0.56;235.58;3.65;807;29;1338.00;0
3134;29;626838677;3134;215;3939;3939;9.08;0.55;235.72;3.65;805;29;1339.00;0
3137;29;626838689;3137;210;3942;3943;9.01;0.55;235.79;3.65;805;29;1340.00;1
3139;29;626838701;3139;206;3943;3944;8.96;0.55;235.90;3.64;804;29;1341.00;1
3142;29;626838712;3142;207;3944;3944;8.95;0.55;235.96;3.64;802;29;1342.00;0
3146;29;626838724;3146;209;3944;3944;8.84;0.54;236.14;3.64;798;29;1343.00;0
3150;29;626838736;3150;217;3956;3957;8.76;0.53;236.12;3.63;806;29;1344.00;1
3152;29;626838749;3152;218;3956;3957;8.75;0.53;236.22;3.63;804;29;1345.00;1
3153;29;626838760;3153;219;3957;3957;8.76;0.54;236.30;3.63;804;29;1346.00;0
3157;29;626838771;3157;225;3958;3958;8.71;0.53;236.42;3.63;801;29;1347.00;0
3158;29;626838783;3158;225;3959;3959;8.67;0.53;236.49;3.63;801;29;1348.00;0
3159;29;626838795;3159;228;3959;3959;8.70;0.53;236.56;3.63;800;29;1349.00;0
3163;29;626838807;3163;231;3963;3968;8.66;0.53;236.53;3.63;800;29;1350.00;5
3164;29;626838820;3164;232;3963;3968;8.63;0.53;236.62;3.63;799;29;1351.00;5
3170;29;626838837;3170;237;3964;3968;8.63;0.53;236.65;3.63;794;29;1352.00;4
3173;29;626838848;3173;243;3964;3968;8.59;0.53;236.81;3.63;791;29;1353.00;4
3178;29;626838864;3178;246;3969;3974;8.59;0.52;236.85;3.63;791;29;1354.00;5
3181;29;626838876;3181;252;3969;3974;8.54;0.52;236.89;3.63;788;29;1355.00;5
3184;29;626838887;3184;248;3970;3974;8.44;0.52;236.93;3.63;786;29;1356.00;4
3187;29;626838898;3187;251;3972;3974;8.36;0.51;237.04;3.63;785;29;1357.00;2
3195;29;626838909;3195;264;3976;3978;8.15;0.50;237.22;3.62;781;29;1358.00;2
3200;29;626838919;3200;268;3978;3979;8.02;0.49;237.21;3.62;778;29;1359.00;1
3203;29;626838930;3203;257;3978;3979;7.98;0.49;237.25;3.62;775;29;1360.00;1
3207;29;626838940;3207;245;3979;3980;8.00;0.49;237.41;3.62;772;29;1361.00;1
3208;29;626838950;3208;241;3979;3980;7.98;0.49;237.50;3.62;771;29;1362.00;1
3211;29;626838961;3211;234;3979;3980;7.99;0.49;237.64;3.62;768;29;1363.00;1
3216;29;626838972;3216;235;3979;3980;8.01;0.49;237.83;3.62;763;29;1364.00;1
3218;29;626838983;3218;228;3979;3980;8.05;0.49;237.81;3.62;761;29;1365.00;1
3222;29;626838994;3222;221;3979;3980;8.04;0.49;238.03;3.62;757;29;1366.00;1
3229;29;626839004;3229;214;3979;3980;8.08;0.49;238.16;3.62;750;29;1367.00;1
3232;29;626839015;3232;213;4019;4050;8.33;0.51;238.22;3.59;787;29;1368.00;31
3235;29;626839033;3235;204;4021;4051;8.46;0.52;238.34;3.59;786;29;1369.00;30
3242;29;626839045;3242;204;4030;4051;8.64;0.53;238.57;3.58;788;29;1370.00;21
3246;29;626839056;3246;199;4036;4051;8.82;0.54;238.57;3.58;790;29;1371.00;15
3250;29;626839067;3250;195;4043;4051;8.93;0.55;238.58;3.58;793;29;1372.00;8
3254;29;626839078;3254;193;4045;4051;8.97;0.55;238.68;3.58;791;29;1373.00;6
3257;29;626839090;3257;190;4047;4051;9.01;0.55;238.69;3.58;790;29;1374.00;4
3261;29;626839102;3261;191;4047;4051;9.00;0.55;238.88;3.58;786;29;1375.00;4
3264;29;626839113;3264;194;4049;4052;9.00;0.55;238.89;3.58;785;29;1376.00;3
3272;29;626839125;3272;196;4050;4053;8.96;0.55;239.10;3.58;778;29;1377.00;3
3276;29;626839137;3276;199;4051;4053;8.96;0.55;239.04;3.59;775;29;1378.00;2
3281;29;626839149;3281;200;4054;4057;8.93;0.55;239.09;3.58;773;29;1379.00;3
3285;29;626839163;3285;199;4054;4057;8.94;0.55;239.18;3.58;769;29;1380.00;3
3287;29;626839175;3287;197;4054;4057;9.02;0.55;239.18;3.58;767;29;1381.00;3
3293;29;626839191;3293;208;4054;4057;8.99;0.55;239.22;3.58;761;29;1382.00;3
3297;29;626839209;3297;217;4059;4063;8.97;0.55;239.16;3.58;762;29;1383.00;4
3305;29;626839223;3305;213;4059;4063;8.87;0.54;239.07;3.58;754;29;1384.00;4
3309;29;626839241;3309;216;4060;4063;8.83;0.54;239.04;3.58;751;29;1385.00;3
3312;29;626839253;3312;225;4062;4066;8.79;0.54;239.18;3.58;750;29;1386.00;4
3318;29;626839271;3318;228;4063;4066;8.76;0.53;239.25;3.58;745;29;1387.00;3
3322;29;626839283;3322;232;4066;4066;8.71;0.53;239.21;3.59;744;29;1388.00;0
3326;29;626839294;3326;230;4067;4067;8.62;0.53;239.23;3.59;741;29;1389.00;0
3329;29;626839305;3329;231;4068;4068;8.54;0.52;239.20;3.59;739;29;1390.00;0
3334;29;626839317;3334;232;4068;4068;8.46;0.52;239.40;3.59;734;29;1391.00;0
3341;29;626839328;3341;233;4081;4081;8.44;0.51;239.35;3.58;740;29;1392.00;0
3345;29;626839341;3345;242;4081;4081;8.42;0.51;239.27;3.58;736;29;1393.00;0
3349;29;626839353;3349;241;4081;4081;8.28;0.50;239.50;3.58;732;29;1394.00;0
3349;29;626839363;3349;249;4083;4083;8.25;0.50;239.50;3.58;734;29;1395.00;0
3352;29;626839374;3352;249;4083;4083;8.19;0.50;239.55;3.58;731;29;1396.00;0
3354;29;626839385;3354;261;4086;4087;8.16;0.50;239.70;3.58;732;29;1397.00;1
3356;29;626839398;3356;264;4086;4087;8.09;0.49;239.79;3.58;730;29;1398.00;1
3362;29;626839409;3362;273;4091;4091;8.02;0.49;239.88;3.57;729;29;1399.00;0
3364;29;626839421;3364;278;4091;4091;7.94;0.48;239.86;3.57;727;29;1400.00;0
3366;29;626839434;3366;286;4091;4091;7.86;0.48;239.98;3.57;725;29;1401.00;0
3369;29;626839445;3369;289;4091;4091;7.78;0.47;239.89;3.57;722;29;1402.00;0
3371;29;626839455;3371;297;4091;4091;7.78;0.47;239.83;3.57;720;29;1403.00;0
3374;29;626839466;3374;306;4102;4103;7.82;0.48;239.76;3.56;728;29;1404.00;1
3376;29;626839478;3376;313;4102;4103;7.74;0.47;239.76;3.56;726;29;1405.00;1
3380;29;626839488;3380;324;4103;4103;7.72;0.47;239.78;3.56;723;29;1406.00;0
3383;29;626839501;3383;312;4103;4103;7.65;0.47;239.80;3.56;720;29;1407.00;0
3386;29;626839516;3386;309;4103;4103;7.59;0.46;239.78;3.56;717;29;1408.00;0
3391;29;626839534;3391;309;4103;4103;7.53;0.46;239.70;3.56;712;29;1409.00;0
3394;29;626839563;3394;309;4104;4104;7.48;0.45;239.83;3.56;710;29;1410.00;0
3398;29;626839578;3398;310;4104;4104;7.43;0.45;239.76;3.56;706;29;1411.00;0
3399;29;626839592;3399;312;4109;4110;7.43;0.45;239.75;3.56;710;29;1412.00;1
3400;29;626839606;3400;316;4110;4111;7.41;0.45;239.69;3.56;710;29;1413.00;1
3401;29;626839618;3401;310;4111;4111;7.40;0.45;239.71;3.56;710;29;1414.00;0
3404;29;626839628;3404;308;4111;4111;7.38;0.45;239.63;3.56;707;29;1415.00;0
3405;29;626839638;3405;294;4115;4115;7.43;0.45;239.57;3.55;710;29;1416.00;0
3407;29;626839650;3407;281;4115;4115;7.50;0.46;239.48;3.55;708;29;1417.00;0
3408;29;626839662;3408;273;4115;4115;7.59;0.46;239.43;3.55;707;29;1418.00;0
3411;29;626839673;3411;266;4116;4116;7.67;0.47;239.40;3.55;705;29;1419.00;0
3412;29;626839685;3412;264;4120;4120;7.74;0.47;239.42;3.55;708;29;1420.00;0
3415;29;626839696;3415;254;4120;4120;7.77;0.47;239.34;3.55;705;29;1421.00;0
3417;29;626839709;3417;250;4122;4123;7.85;0.48;239.25;3.55;705;29;1422.00;1
3418;29;626839720;3418;250;4122;4123;7.88;0.48;239.24;3.55;704;29;1423.00;1
3419;29;626839731;3419;247;4123;4123;7.89;0.48;239.20;3.55;704;29;1424.00;0
3421;29;626839743;3421;242;4123;4123;7.87;0.48;239.19;3.55;702;29;1425.00;0
3422;29;626839754;3422;238;4126;4127;7.94;0.48;239.22;3.55;704;29;1426.00;1
3422;29;626839765;3422;239;4126;4127;7.95;0.49;239.22;3.55;704;29;1427.00;1
3425;29;626839776;3425;241;4127;4127;7.96;0.49;239.24;3.55;702;29;1428.00;0
3428;29;626839786;3428;239;4127;4127;7.99;0.49;239.21;3.55;699;29;1429.00;0
3430;29;626839797;3430;238;4128;4128;8.03;0.49;239.18;3.55;698;29;1430.00;0
3431;29;626839808;3431;240;4129;4129;8.05;0.49;239.19;3.55;698;29;1431.00;0
3432;29;626839818;3432;243;4129;4129;8.02;0.49;239.20;3.55;697;29;1432.00;0
3433;29;626839828;3433;245;4130;4130;8.01;0.49;239.17;3.55;697;29;1433.00;0
3434;29;626839840;3434;252;4130;4130;7.97;0.49;239.18;3.55;696;29;1434.00;0
3435;29;626839850;3435;240;4130;4130;8.01;0.49;239.16;3.55;695;29;1435.00;0
3437;29;626839861;3437;231;4130;4130;8.08;0.49;239.11;3.55;693;29;1436.00;0
3439;29;626839872;3439;230;4130;4130;8.10;0.49;239.13;3.55;691;29;1437.00;0
3440;29;626839882;3440;224;4130;4130;8.13;0.50;239.10;3.55;690;29;1438.00;0
3443;29;626839899;3443;221;4130;4130;8.16;0.50;239.06;3.55;687;29;1439.00;0
3444;30;626839912;3444;259;4246;4360;8.25;0.52;239.01;3.45;802;30;1440.00;114
3444;30;626839961;3444;241;4249;4361;8.39;0.53;239.01;3.45;805;30;1441.00;112
3446;30;626839975;3446;230;4259;4361;8.53;0.54;238.96;3.44;813;30;1442.00;102
3447;30;626839987;3447;230;4270;4361;8.57;0.54;238.93;3.44;823;30;1443.00;91
3450;30;626839999;3450;227;4278;4361;8.60;0.54;238.89;3.44;828;30;1444.00;83
3450;30;626840011;3450;227;4283;4361;8.63;0.54;238.89;3.45;833;30;1445.00;78
3451;30;626840023;3451;232;4288;4361;8.60;0.54;238.88;3.45;837;30;1446.00;73
3453;30;626840042;3453;234;4292;4361;8.60;0.54;238.82;3.45;839;30;1447.00;69
3454;30;626840060;3454;246;4298;4362;8.60;0.54;238.80;3.46;844;30;1448.00;64
3455;30;626840073;3455;238;4301;4363;8.60;0.54;238.77;3.46;846;30;1449.00;62
3456;30;626840085;3456;240;4306;4363;8.59;0.53;238.75;3.47;850;30;1450.00;57
3460;30;626840097;3460;241;4310;4364;8.55;0.53;238.70;3.48;850;30;1451.00;54
3462;30;626840110;3462;237;4311;4364;8.51;0.53;238.82;3.48;849;30;1452.00;53
3467;30;626840122;3467;236;4315;4364;8.49;0.52;238.76;3.49;848;30;1453.00;49
3469;30;626840135;3469;231;4319;4364;8.44;0.52;238.75;3.50;850;30;1454.00;45
3475;30;626840146;3475;229;4323;4368;8.45;0.52;238.70;3.50;848;30;1455.00;45
3475;30;626840159;3475;233;4327;4368;8.50;0.52;238.70;3.51;852;30;1456.00;41
3475;30;626840171;3475;238;4327;4368;8.58;0.53;238.70;3.51;852;30;1457.00;41
3477;30;626840183;3477;231;4331;4371;8.61;0.53;238.69;3.52;854;30;1458.00;40
3479;30;626840195;3479;226;4332;4371;8.65;0.53;238.77;3.52;853;30;1459.00;39
3481;30;626840207;3481;227;4335;4371;8.67;0.53;238.78;3.54;854;30;1460.00;36
3483;30;626840222;3483;223;4341;4375;8.67;0.53;238.83;3.54;858;30;1461.00;34
3487;30;626840234;3487;220;4342;4376;8.78;0.54;238.79;3.54;855;30;1462.00;34
3490;30;626840245;3490;213;4343;4376;8.82;0.54;238.86;3.55;853;30;1463.00;33
3492;30;626840259;3492;205;4347;4380;8.91;0.55;238.90;3.55;855;30;1464.00;33
3494;30;626840287;3494;201;4349;4380;8.99;0.55;239.01;3.56;855;30;1465.00;31
3498;30;626840305;3498;200;4349;4380;9.05;0.55;239.07;3.56;851;30;1466.00;31
3500;30;626840317;3500;195;4352;4381;9.05;0.55;239.19;3.56;852;30;1467.00;29
3505;30;626840330;3505;196;4353;4381;9.07;0.55;239.15;3.57;848;30;1468.00;28
3509;30;626840343;3509;196;4356;4387;9.14;0.56;239.19;3.56;847;30;1469.00;31
3511;30;626840358;3511;187;4357;4387;9.13;0.56;239.22;3.56;846;30;1470.00;30
3515;30;626840376;3515;187;4357;4388;9.11;0.55;239.31;3.56;842;30;1471.00;31
3515;30;626840389;3515;183;4357;4388;9.13;0.56;239.31;3.56;842;30;1472.00;31
3520;30;626840401;3520;182;4357;4388;9.11;0.55;239.49;3.56;837;30;1473.00;31
3524;30;626840421;3524;180;4357;4388;9.09;0.55;239.63;3.56;833;30;1474.00;31
3525;30;626840434;3525;182;4357;4388;9.19;0.56;239.58;3.56;832;30;1475.00;31
3528;30;626840447;3528;182;4368;4400;9.28;0.56;239.75;3.56;840;30;1476.00;32
3530;30;626840460;3530;184;4369;4400;9.34;0.57;239.71;3.56;839;30;1477.00;31
3534;30;626840476;3534;181;4369;4400;9.41;0.57;239.76;3.56;835;30;1478.00;31
3538;30;626840489;3538;188;4371;4400;9.46;0.57;239.79;3.57;833;30;1479.00;29
3539;30;626840504;3539;189;4371;4400;9.53;0.58;239.79;3.57;832;30;1480.00;29
3540;30;626840519;3540;188;4371;4400;9.59;0.58;239.88;3.57;831;30;1481.00;29
3544;30;626840533;3544;187;4375;4404;9.58;0.58;240.05;3.58;831;30;1482.00;29
3545;30;626840547;3545;189;4375;4404;9.62;0.58;240.11;3.58;830;30;1483.00;29
3545;30;626840567;3545;184;4379;4408;9.76;0.59;240.11;3.59;834;30;1484.00;29
3548;30;626840579;3548;186;4382;4410;9.78;0.59;240.16;3.58;834;30;1485.00;28
3551;30;626840590;3551;189;4382;4410;9.80;0.60;240.32;3.58;831;30;1486.00;28
3555;30;626840602;3555;187;4383;4410;9.78;0.59;240.29;3.59;828;30;1487.00;27
3556;30;626840613;3556;194;4392;4423;9.79;0.59;240.37;3.59;836;30;1488.00;31
3558;30;626840627;3558;192;4393;4423;9.78;0.59;240.50;3.60;835;30;1489.00;30
3561;30;626840638;3561;191;4395;4423;9.77;0.59;240.50;3.62;834;30;1490.00;28
3562;30;626840650;3562;194;4397;4424;9.85;0.60;240.55;3.63;835;30;1491.00;27
3565;30;626840662;3565;200;4398;4425;9.91;0.60;240.65;3.64;833;30;1492.00;27
3568;30;626840674;3568;207;4400;4425;9.88;0.60;240.62;3.66;832;30;1493.00;25
3570;30;626840685;3570;213;4403;4428;9.86;0.60;240.74;3.67;833;30;1494.00;25
3574;30;626840697;3574;214;4406;4428;9.77;0.60;240.63;3.70;832;30;1495.00;22
3576;30;626840709;3576;216;4408;4428;9.78;0.60;240.73;3.72;832;30;1496.00;20
3578;30;626840721;3578;214;4409;4428;9.74;0.59;240.79;3.72;831;30;1497.00;19
3580;30;626840732;3580;222;4416;4434;9.75;0.60;240.78;3.75;836;30;1498.00;18
3583;30;626840745;3583;224;4416;4434;9.71;0.59;240.74;3.75;833;30;1499.00;18
3586;30;626840759;3586;225;4422;4453;9.65;0.59;240.88;3.78;836;30;1500.00;31
3590;30;626840778;3590;227;4424;4453;9.57;0.58;240.88;3.79;834;30;1501.00;29
3592;30;626840789;3592;232;4429;4457;9.49;0.58;240.89;3.80;837;30;1502.00;28
3594;30;626840800;3594;232;4433;4458;9.40;0.57;241.00;3.83;839;30;1503.00;25
3596;30;626840812;3596;240;4434;4458;9.29;0.56;241.06;3.83;838;30;1504.00;24
3597;30;626840829;3597;241;4437;4459;9.26;0.56;241.05;3.84;840;30;1505.00;22
3600;30;626840841;3600;251;4438;4459;9.20;0.56;241.12;3.84;838;30;1506.00;21
3601;30;626840853;3601;251;4441;4459;9.15;0.56;241.15;3.86;840;30;1507.00;18
3606;30;626840865;3606;257;4443;4459;9.05;0.55;241.27;3.87;837;30;1508.00;16
3610;30;626840877;3610;254;4444;4459;9.01;0.55;241.48;3.87;834;30;1509.00;15
3613;30;626840889;3613;257;4446;4459;8.95;0.55;241.54;3.88;833;30;1510.00;13
3616;30;626840901;3616;250;4447;4459;8.95;0.55;241.55;3.88;831;30;1511.00;12
3620;30;626840913;3620;255;4479;4529;8.88;0.54;241.62;3.85;859;30;1512.00;50
3624;30;626840932;3624;249;4482;4530;8.87;0.54;241.63;3.85;858;30;1513.00;48
3627;30;626840944;3627;253;4491;4530;8.88;0.54;241.73;3.85;864;30;1514.00;39
3629;30;626840957;3629;259;4493;4530;8.88;0.54;241.84;3.85;864;30;1515.00;37
3634;30;626840970;3634;260;4499;4530;8.96;0.55;241.88;3.85;865;30;1516.00;31
3636;30;626840982;3636;264;4500;4530;9.03;0.55;241.85;3.86;864;30;1517.00;30
3640;30;626840994;3640;262;4503;4530;9.13;0.56;241.93;3.86;863;30;1518.00;27
3642;30;626841007;3642;269;4505;4530;9.17;0.56;241.89;3.86;863;30;1519.00;25
3644;30;626841019;3644;269;4508;4531;9.12;0.55;241.88;3.87;864;30;1520.00;23
3646;30;626841032;3646;268;4510;4532;9.11;0.55;242.04;3.87;864;30;1521.00;22
3648;30;626841044;3648;268;4512;4532;9.06;0.55;242.08;3.87;864;30;1522.00;20
3651;30;626841056;3651;268;4517;4536;8.92;0.54;242.15;3.87;866;30;1523.00;19
3654;30;626841069;3654;276;4519;4536;8.87;0.54;242.13;3.87;865;30;1524.00;17
3662;30;626841083;3662;272;4519;4536;8.81;0.54;242.09;3.87;857;30;1525.00;17
3664;30;626841096;3664;277;4519;4536;8.71;0.53;242.14;3.87;855;30;1526.00;17
3669;30;626841108;3669;282;4523;4542;8.59;0.53;242.26;3.87;854;30;1527.00;19
3672;30;626841121;3672;289;4523;4542;8.46;0.52;242.41;3.87;851;30;1528.00;19
3676;30;626841133;3676;292;4524;4542;8.35;0.51;242.41;3.88;848;30;1529.00;18
3679;30;626841154;3679;289;4528;4548;8.21;0.50;242.52;3.88;849;30;1530.00;20
3684;30;626841166;3684;281;4528;4548;8.07;0.49;242.54;3.88;844;30;1531.00;20
3687;30;626841178;3687;272;4528;4548;8.01;0.49;242.58;3.88;841;30;1532.00;20
3690;30;626841190;3690;268;4529;4549;8.02;0.49;242.73;3.88;839;30;1533.00;20
3698;30;626841202;3698;267;4531;4550;7.93;0.48;242.60;3.89;833;30;1534.00;19
3700;30;626841216;3700;269;4532;4550;7.91;0.48;242.68;3.89;832;30;1535.00;18
3706;30;626841228;3706;272;4544;4563;7.84;0.48;242.70;3.89;838;30;1536.00;19
3710;30;626841242;3710;266;4545;4563;7.91;0.48;242.71;3.89;835;30;1537.00;18
3714;30;626841254;3714;261;4545;4563;7.90;0.48;242.85;3.89;831;30;1538.00;18
3718;30;626841266;3718;258;4547;4564;7.93;0.48;242.90;3.90;829;30;1539.00;17
3722;30;626841278;3722;241;4550;4564;7.89;0.48;243.13;3.91;828;30;1540.00;14
3725;30;626841290;3725;238;4553;4568;7.93;0.48;243.15;3.92;828;30;1541.00;15
3729;30;626841302;3729;235;4554;4568;7.89;0.48;243.18;3.92;825;30;1542.00;14
3732;30;626841315;3732;233;4558;4572;7.87;0.48;243.23;3.92;826;30;1543.00;14
3734;30;626841327;3734;243;4560;4572;7.85;0.48;243.21;3.93;826;30;1544.00;12
3739;30;626841338;3739;247;4560;4572;7.79;0.48;243.25;3.93;821;30;1545.00;12
3746;30;626841352;3746;237;4560;4572;7.79;0.47;243.15;3.93;814;30;1546.00;12
3749;30;626841365;3749;245;4561;4572;7.76;0.47;243.13;3.94;812;30;1547.00;11
3753;30;626841378;3753;252;4570;4584;7.70;0.47;243.42;3.93;817;30;1548.00;14
3758;30;626841399;3758;259;4571;4584;7.64;0.47;243.38;3.93;813;30;1549.00;13
3762;30;626841422;3762;263;4573;4584;7.63;0.46;243.33;3.94;811;30;1550.00;11
3766;30;626841437;3766;267;4573;4584;7.61;0.46;243.51;3.94;807;30;1551.00;11
3769;30;626841448;3769;273;4575;4584;7.60;0.46;243.52;3.95;806;30;1552.00;9
3769;30;626841459;3769;275;4575;4584;7.56;0.46;243.52;3.95;806;30;1553.00;9
3773;30;626841469;3773;279;4577;4585;7.40;0.45;243.65;3.96;804;30;1554.00;8
3777;30;626841480;3777;290;4578;4587;7.29;0.44;243.54;3.96;801;30;1555.00;9
3782;30;626841491;3782;301;4583;4593;7.16;0.44;243.70;3.96;801;30;1556.00;10
3783;30;626841503;3783;313;4584;4594;7.16;0.44;243.73;3.96;801;30;1557.00;10
3786;30;626841520;3786;316;4585;4594;7.11;0.43;243.76;3.96;799;30;1558.00;9
3791;30;626841539;3791;319;4585;4594;7.00;0.43;243.76;3.96;794;30;1559.00;9
3793;30;626841568;3793;324;4591;4599;6.95;0.43;243.75;3.96;798;30;1560.00;8
3796;30;626841586;3796;323;4592;4599;6.97;0.43;243.78;3.97;796;30;1561.00;7
3800;30;626841604;3800;322;4592;4599;6.93;0.42;243.77;3.97;792;30;1562.00;7
3806;31;626841621;3806;322;4594;4600;6.91;0.42;243.76;3.97;788;31;1563.00;6
3808;31;626841646;3808;328;4599;4604;7.01;0.43;243.77;3.98;791;31;1564.00;5
3812;31;626841666;3812;333;4600;4604;7.02;0.43;243.68;3.98;788;31;1565.00;4
3815;31;626841678;3815;336;4602;4607;7.10;0.44;243.72;3.98;787;31;1566.00;5
3817;31;626841691;3817;340;4603;4607;7.07;0.44;243.66;3.98;786;31;1567.00;4
3823;31;626841702;3823;345;4606;4607;6.96;0.43;243.61;3.99;783;31;1568.00;1
3826;31;626841713;3826;354;4606;4607;6.86;0.42;243.52;3.99;780;31;1569.00;1
3830;31;626841726;3830;361;4608;4611;6.73;0.41;243.37;3.99;778;31;1570.00;3
3830;31;626841737;3830;365;4609;4611;6.73;0.41;243.37;3.99;779;31;1571.00;2
3832;31;626841748;3832;372;4609;4611;6.68;0.41;243.33;3.99;777;31;1572.00;2
3835;31;626841765;3835;379;4610;4611;6.60;0.41;243.35;3.99;775;31;1573.00;1
3836;31;626841775;3836;384;4612;4612;6.47;0.40;243.32;3.99;776;31;1574.00;0
3839;31;626841787;3839;387;4614;4614;6.40;0.39;243.38;3.98;775;31;1575.00;0
3843;31;626841798;3843;394;4614;4614;6.33;0.39;243.40;3.98;771;31;1576.00;0
3848;31;626841815;3848;392;4615;4615;6.31;0.39;243.34;3.98;767;31;1577.00;0
3850;31;626841827;3850;385;4615;4615;6.36;0.39;243.29;3.98;765;31;1578.00;0
3851;31;626841837;3851;379;4615;4615;6.41;0.39;243.24;3.98;764;31;1579.00;0
3852;32;626841848;3852;380;4615;4615;6.45;0.40;243.29;3.98;763;32;1580.00;0
3854;32;626841872;3854;376;4615;4615;6.54;0.40;243.38;3.98;761;32;1581.00;0
3854;32;626841884;3854;375;4615;4615;6.62;0.41;243.38;3.98;761;32;1582.00;0
3859;32;626841895;3859;372;4615;4615;6.57;0.40;243.28;3.98;756;32;1583.00;0
3860;32;626841905;3860;389;4690;4742;6.85;0.42;243.28;3.92;830;32;1584.00;52
3860;32;626841930;3860;379;4692;4743;6.89;0.43;243.28;3.92;832;32;1585.00;51
3864;32;626841943;3864;360;4702;4743;7.02;0.43;243.20;3.92;838;32;1586.00;41
3866;32;626841954;3866;331;4707;4743;7.17;0.44;243.17;3.91;841;32;1587.00;36
3868;32;626841966;3868;304;4712;4743;7.32;0.45;243.13;3.91;844;32;1588.00;31
3870;32;626841979;3870;285;4717;4743;7.49;0.46;243.15;3.92;847;32;1589.00;26
3872;32;626841994;3872;275;4722;4743;7.57;0.47;243.15;3.92;850;32;1590.00;21
3874;32;626842014;3874;268;4726;4743;7.59;0.47;243.14;3.92;852;32;1591.00;17
3875;33;626842027;3875;258;4731;4744;7.71;0.47;243.13;3.92;856;33;1592.00;13
3876;33;626842052;3876;250;4732;4745;7.83;0.48;243.11;3.92;856;33;1593.00;13
3878;33;626842066;3878;240;4733;4745;8.03;0.49;243.14;3.93;855;33;1594.00;12
3878;33;626842081;3878;239;4733;4746;8.20;0.50;243.14;3.93;855;33;1595.00;13
3879;33;626842095;3879;245;4734;4746;8.38;0.51;243.19;3.93;855;33;1596.00;12
3881;33;626842108;3881;241;4735;4746;8.48;0.52;243.20;3.93;854;33;1597.00;11
3884;33;626842123;3884;239;4736;4746;8.55;0.52;243.19;3.93;852;33;1598.00;10
3885;33;626842143;3885;237;4741;4750;8.61;0.53;243.19;3.93;856;33;1599.00;9
3886;33;626842159;3886;229;4742;4750;8.70;0.53;243.17;3.94;856;33;1600.00;8
3889;33;626842179;3889;230;4744;4750;8.68;0.53;243.10;3.94;855;33;1601.00;6
3890;33;626842193;3890;225;4746;4753;8.72;0.53;243.09;3.94;856;33;1602.00;7
3892;33;626842207;3892;221;4748;4753;8.78;0.53;243.07;3.94;856;33;1603.00;5
3893;33;626842221;3893;224;4748;4753;8.89;0.54;243.06;3.94;855;33;1604.00;5
3893;33;626842234;3893;224;4752;4757;8.96;0.54;243.06;3.94;859;33;1605.00;5
3894;33;626842249;3894;232;4753;4758;9.07;0.55;243.08;3.94;859;33;1606.00;5
3895;33;626842262;3895;234;4753;4758;9.07;0.55;243.06;3.94;858;33;1607.00;5
3899;33;626842276;3899;232;4756;4762;9.04;0.55;243.03;3.94;857;33;1608.00;6
3899;33;626842296;3899;230;4756;4762;9.02;0.55;243.03;3.94;857;33;1609.00;6
3901;34;626842310;3901;232;4756;4762;8.98;0.55;243.02;3.94;855;34;1610.00;6
3903;34;626842341;3903;232;4757;4763;9.05;0.55;243.05;3.94;854;34;1611.00;6
3906;34;626842355;3906;240;4757;4763;9.07;0.55;243.07;3.94;851;34;1612.00;6
3909;34;626842375;3909;236;4761;4769;9.07;0.55;243.05;3.93;852;34;1613.00;8
3910;34;626842389;3910;240;4761;4769;9.07;0.55;243.03;3.93;851;34;1614.00;8
3913;34;626842401;3913;245;4762;4770;9.10;0.55;243.10;3.93;849;34;1615.00;8
3917;34;626842415;3917;247;4762;4770;9.10;0.55;243.14;3.93;845;34;1616.00;8
3918;34;626842428;3918;240;4762;4770;9.09;0.55;243.17;3.93;844;34;1617.00;8
3924;34;626842440;3924;239;4762;4770;9.02;0.55;243.17;3.93;838;34;1618.00;8
3927;34;626842453;3927;240;4762;4770;8.97;0.54;243.31;3.93;835;34;1619.00;8
3929;34;626842468;3929;246;4784;4806;8.95;0.55;243.37;3.92;855;34;1620.00;22
3933;34;626842484;3933;238;4784;4806;8.95;0.55;243.45;3.92;851;34;1621.00;22
3937;34;626842498;3937;240;4787;4806;8.93;0.55;243.59;3.91;850;34;1622.00;19
3940;34;626842512;3940;230;4787;4806;8.96;0.55;243.70;3.91;847;34;1623.00;19
3945;34;626842525;3945;230;4789;4806;8.93;0.54;243.75;3.91;844;34;1624.00;17
3949;34;626842538;3949;226;4789;4806;8.97;0.55;243.84;3.91;840;34;1625.00;17
3952;34;626842551;3952;224;4793;4810;9.08;0.55;243.87;3.91;841;34;1626.00;17
3954;34;626842565;3954;216;4793;4810;9.09;0.55;244.01;3.91;839;34;1627.00;17
3956;34;626842576;3956;209;4796;4814;9.18;0.56;244.08;3.91;840;34;1628.00;18
3961;34;626842588;3961;204;4797;4815;9.25;0.56;244.25;3.91;836;34;1629.00;18
3963;34;626842601;3963;198;4798;4815;9.31;0.57;244.36;3.91;835;34;1630.00;17
3966;34;626842613;3966;192;4799;4815;9.29;0.57;244.44;3.91;833;34;1631.00;16
3972;34;626842624;3972;187;4807;4828;9.20;0.56;244.41;3.91;835;34;1632.00;21
3977;34;626842637;3977;186;4809;4828;9.18;0.56;244.46;3.91;832;34;1633.00;19
3979;34;626842649;3979;181;4809;4828;9.18;0.56;244.51;3.91;830;34;1634.00;19
3983;34;626842660;3983;171;4811;4829;9.18;0.56;244.51;3.92;828;34;1635.00;18
3987;34;626842673;3987;170;4811;4830;9.21;0.56;244.46;3.92;824;34;1636.00;19
3991;34;626842685;3991;166;4811;4830;9.27;0.56;244.43;3.92;820;34;1637.00;19
3999;34;626842696;3999;157;4814;4833;9.33;0.57;244.57;3.91;815;34;1638.00;19
4001;34;626842707;4001;157;4814;4833;9.46;0.58;244.65;3.91;813;34;1639.00;19
4004;34;626842717;4004;147;4814;4833;9.58;0.58;244.63;3.91;810;34;1640.00;19
4008;34;626842734;4008;143;4814;4833;9.72;0.59;244.79;3.91;806;34;1641.00;19
4011;34;626842744;4011;131;4818;4839;9.88;0.60;244.78;3.91;807;34;1642.00;21
4014;34;626842756;4014;128;4818;4839;9.91;0.60;244.85;3.91;804;34;1643.00;21
4017;34;626842767;4017;128;4819;4839;9.92;0.60;244.89;3.91;802;34;1644.00;20
4020;34;626842777;4020;128;4819;4839;9.89;0.60;244.91;3.91;799;34;1645.00;20
4025;34;626842789;4025;126;4822;4843;9.88;0.60;245.01;3.91;797;34;1646.00;21
4028;34;626842800;4028;127;4824;4844;9.93;0.60;245.11;3.91;796;34;1647.00;20
4032;34;626842811;4032;125;4825;4844;9.95;0.60;245.21;3.93;793;34;1648.00;19
4035;34;626842822;4035;122;4827;4845;9.95;0.61;245.26;3.93;792;34;1649.00;18
4036;34;626842835;4036;126;4827;4845;9.98;0.61;245.32;3.93;791;34;1650.00;18
4037;34;626842846;4037;132;4828;4845;10.01;0.61;245.37;3.94;791;34;1651.00;17
4038;34;626842856;4038;137;4829;4845;9.98;0.61;245.43;3.94;791;34;1652.00;16
4042;34;626842867;4042;137;4829;4845;10.06;0.61;245.48;3.94;787;34;1653.00;16
4044;34;626842878;4044;136;4831;4845;10.15;0.62;245.53;3.96;787;34;1654.00;14
4046;34;626842889;4046;138;4831;4845;10.22;0.62;245.57;3.96;785;34;1655.00;14
4049;34;626842899;4049;150;4867;4915;10.21;0.62;245.68;3.93;818;34;1656.00;48
4053;34;626842916;4053;148;4870;4916;10.20;0.62;245.65;3.93;817;34;1657.00;46
4054;34;626842927;4054;151;4877;4916;10.29;0.63;245.69;3.93;823;34;1658.00;39
4057;34;626842939;4057;151;4881;4916;10.28;0.63;245.76;3.93;824;34;1659.00;35
4062;34;626842950;4062;154;4886;4916;10.30;0.63;245.85;3.95;824;34;1660.00;30
4064;34;626842961;4064;157;4891;4916;10.34;0.63;245.88;3.95;827;34;1661.00;25
4068;34;626842973;4068;161;4896;4916;10.39;0.63;245.91;3.96;828;34;1662.00;20
4070;34;626842984;4070;164;4899;4916;10.42;0.64;245.89;3.97;829;34;1663.00;17
4074;34;626843003;4074;166;4902;4917;10.43;0.64;245.83;3.97;828;34;1664.00;15
4077;34;626843021;4077;169;4905;4919;10.38;0.63;245.86;3.98;828;34;1665.00;14
4079;34;626843034;4079;169;4907;4919;10.31;0.63;245.89;3.99;828;34;1666.00;12
4082;34;626843046;4082;179;4909;4923;10.19;0.62;245.90;3.99;827;34;1667.00;14
4084;34;626843059;4084;178;4911;4923;10.03;0.61;245.84;4.01;827;34;1668.00;12
4087;34;626843072;4087;185;4911;4923;9.93;0.61;245.90;4.01;824;34;1669.00;12
4090;34;626843084;4090;189;4913;4923;9.84;0.60;245.86;4.02;823;34;1670.00;10
4092;34;626843097;4092;197;4918;4929;9.81;0.60;245.91;4.02;826;34;1671.00;11
4095;34;626843110;4095;202;4918;4929;9.78;0.60;245.98;4.02;823;34;1672.00;11
4098;34;626843122;4098;203;4921;4929;9.75;0.60;245.93;4.03;823;34;1673.00;8
4103;34;626843135;4103;204;4923;4932;9.75;0.60;245.97;4.03;820;34;1674.00;9
4103;34;626843148;4103;203;4924;4932;9.74;0.60;245.97;4.04;821;34;1675.00;8
4105;34;626843159;4105;209;4925;4932;9.60;0.59;246.01;4.03;820;34;1676.00;7
4107;34;626843171;4107;213;4926;4933;9.53;0.58;246.14;4.04;819;34;1677.00;7
4109;34;626843182;4109;217;4927;4934;9.35;0.57;246.07;4.04;818;34;1678.00;7
4111;34;626843193;4111;221;4930;4934;9.24;0.57;246.11;4.05;819;34;1679.00;4
4116;34;626843206;4116;225;4948;4960;9.10;0.56;246.11;4.04;832;34;1680.00;12
4123;34;626843220;4123;230;4951;4960;9.02;0.55;246.18;4.04;828;34;1681.00;9
4128;34;626843232;4128;229;4953;4960;8.99;0.55;246.14;4.04;825;34;1682.00;7
4133;34;626843243;4133;229;4956;4961;8.97;0.55;246.09;4.04;823;34;1683.00;5
4137;34;626843259;4137;229;4956;4961;8.94;0.55;246.12;4.04;819;34;1684.00;5
4140;34;626843276;4140;229;4959;4965;8.94;0.55;246.14;4.03;819;34;1685.00;6
4143;34;626843288;4143;241;4961;4965;8.95;0.55;246.11;4.03;818;34;1686.00;4
4145;34;626843303;4145;245;4964;4969;8.95;0.55;246.11;4.03;819;34;1687.00;5
4149;34;626843315;4149;257;4965;4969;8.89;0.54;246.11;4.04;816;34;1688.00;4
4152;34;626843326;4152;263;4966;4969;8.87;0.54;246.16;4.04;814;34;1689.00;3
4155;34;626843336;4155;264;4966;4969;8.81;0.54;246.12;4.04;811;34;1690.00;3
4158;34;626843348;4158;266;4967;4969;8.70;0.53;246.12;4.04;809;34;1691.00;2
4159;34;626843358;4159;268;4978;4981;8.66;0.53;246.14;4.04;819;34;1692.00;3
4166;34;626843369;4166;271;4978;4981;8.47;0.52;246.04;4.04;812;34;1693.00;3
4170;34;626843380;4170;277;4981;4981;8.24;0.50;246.08;4.04;811;34;1694.00;0
4174;34;626843390;4174;289;4981;4981;8.07;0.49;246.07;4.04;807;34;1695.00;0
4178;34;626843401;4178;291;4981;4981;7.89;0.48;246.10;4.04;803;34;1696.00;0
4179;34;626843412;4179;301;4981;4981;7.70;0.47;246.10;4.04;802;34;1697.00;0
4183;35;626843421;4183;306;4982;4982;7.42;0.46;246.23;4.04;799;35;1698.00;0
4186;35;626843441;4186;319;4982;4982;7.20;0.44;246.22;4.04;796;35;1699.00;0
4188;35;626843451;4188;317;4987;4988;7.11;0.44;246.30;4.03;799;35;1700.00;1
4192;35;626843465;4192;312;4988;4989;6.99;0.43;246.39;4.03;796;35;1701.00;1
4196;35;626843477;4196;308;4989;4989;6.91;0.42;246.53;4.03;793;35;1702.00;0
4198;35;626843486;4198;309;4989;4989;6.89;0.42;246.53;4.03;791;35;1703.00;0
4202;35;626843495;4202;303;4993;4993;6.90;0.42;246.70;4.03;791;35;1704.00;0
4204;35;626843506;4204;310;4993;4993;6.87;0.42;246.72;4.03;789;35;1705.00;0
4206;35;626843521;4206;302;4993;4993;6.87;0.42;246.86;4.03;787;35;1706.00;0
4208;35;626843538;4208;296;4994;4994;6.84;0.42;246.91;4.03;786;35;1707.00;0
4210;35;626843553;4210;292;4998;4998;6.87;0.42;246.85;4.03;788;35;1708.00;0
4213;35;626843573;4213;292;4998;4998;6.89;0.42;246.87;4.03;785;35;1709.00;0
4218;35;626843593;4218;288;5001;5004;6.97;0.43;246.67;4.02;783;35;1710.00;3
4221;35;626843610;4221;286;5001;5004;6.96;0.43;246.70;4.02;780;35;1711.00;3
4223;35;626843625;4223;287;5002;5004;6.94;0.43;246.71;4.02;779;35;1712.00;2
4228;35;626843635;4228;285;5003;5004;6.87;0.42;246.62;4.02;775;35;1713.00;1
4233;35;626843647;4233;281;5005;5008;6.88;0.42;246.61;4.02;772;35;1714.00;3
4237;35;626843659;4237;283;5006;5008;6.84;0.42;246.54;4.02;769;35;1715.00;2
4241;35;626843669;4241;278;5006;5008;6.81;0.42;246.61;4.02;765;35;1716.00;2
4246;35;626843680;4246;286;5007;5008;6.84;0.42;246.46;4.02;761;35;1717.00;1
4250;35;626843691;4250;286;5008;5009;6.82;0.42;246.54;4.02;758;35;1718.00;1
4251;35;626843702;4251;286;5010;5010;6.85;0.42;246.51;4.02;759;35;1719.00;0
4254;35;626843712;4254;289;5010;5010;6.79;0.41;246.45;4.02;756;35;1720.00;0
4254;35;626843724;4254;290;5011;5011;6.82;0.42;246.45;4.02;757;35;1721.00;0
4259;35;626843740;4259;302;5011;5011;6.81;0.42;246.39;4.02;752;35;1722.00;0
4262;35;626843757;4262;301;5011;5011;6.77;0.41;246.37;4.02;749;35;1723.00;0
4263;35;626843767;4263;304;5011;5011;6.78;0.41;246.43;4.02;748;35;1724.00;0
4266;35;626843777;4266;306;5011;5011;6.79;0.42;246.43;4.02;745;35;1725.00;0
4272;35;626843788;4272;308;5011;5011;6.76;0.41;246.38;4.02;739;35;1726.00;0
4274;35;626843799;4274;307;5011;5011;6.87;0.42;246.42;4.02;737;35;1727.00;0
4278;35;626843808;4278;325;5083;5138;7.30;0.45;246.38;3.96;805;35;1728.00;55
4283;35;626843833;4283;319;5086;5139;7.33;0.46;246.41;3.96;803;35;1729.00;53
4285;35;626843844;4285;312;5096;5139;7.34;0.46;246.44;3.96;811;35;1730.00;43
4288;35;626843855;4288;313;5098;5139;7.38;0.46;246.41;3.96;810;35;1731.00;41
4291;35;626843866;4291;316;5103;5139;7.42;0.46;246.40;3.96;812;35;1732.00;36
4294;35;626843877;4294;321;5108;5139;7.34;0.45;246.40;3.96;814;35;1733.00;31
4295;35;626843889;4295;327;5111;5139;7.33;0.45;246.43;3.96;816;35;1734.00;28
4299;35;626843900;4299;336;5114;5139;7.33;0.45;246.39;3.96;815;35;1735.00;25
4302;35;626843911;4302;340;5117;5140;7.31;0.45;246.39;3.96;815;35;1736.00;23
4304;35;626843923;4304;346;5118;5141;7.26;0.45;246.44;3.97;814;35;1737.00;23
4305;35;626843936;4305;353;5123;5141;7.28;0.45;246.39;3.97;818;35;1738.00;18
4308;35;626843947;4308;345;5125;5142;7.27;0.45;246.36;3.97;817;35;1739.00;17
4309;35;626843961;4309;346;5129;5142;7.34;0.45;246.42;3.98;820;35;1740.00;13
4312;35;626843973;4312;343;5133;5142;7.39;0.45;246.40;3.99;821;35;1741.00;9
4314;35;626843986;4314;337;5136;5142;7.47;0.46;246.44;3.99;822;35;1742.00;6
4317;35;626843998;4317;330;5138;5146;7.51;0.46;246.41;3.99;821;35;1743.00;8
4319;35;626844018;4319;327;5141;5146;7.66;0.47;246.44;4.00;822;35;1744.00;5
4322;35;626844031;4322;326;5141;5146;7.73;0.47;246.40;4.00;819;35;1745.00;5
4322;35;626844049;4322;322;5144;5149;7.83;0.48;246.40;4.00;822;35;1746.00;5
4323;35;626844062;4323;311;5145;5149;7.96;0.49;246.35;4.00;822;35;1747.00;4
4326;35;626844083;4326;293;5146;5149;8.04;0.49;246.33;4.00;820;35;1748.00;3
4329;35;626844102;4329;283;5151;5153;8.15;0.50;246.45;3.99;822;35;1749.00;2
4333;35;626844115;4333;278;5152;5154;8.21;0.50;246.33;3.99;819;35;1750.00;2
4334;35;626844129;4334;269;5152;5154;8.29;0.50;246.32;3.99;818;35;1751.00;2
4336;35;626844143;4336;265;5156;5158;8.38;0.51;246.26;3.99;820;35;1752.00;2
4338;35;626844156;4338;260;5156;5158;8.43;0.51;246.19;3.99;818;35;1753.00;2
4340;35;626844176;4340;255;5156;5158;8.46;0.51;246.18;3.99;816;35;1754.00;2
4340;35;626844189;4340;262;5158;5160;8.48;0.52;246.18;3.99;818;35;1755.00;2
4342;35;626844208;4342;245;5158;5160;8.46;0.51;246.12;3.99;816;35;1756.00;2
4343;35;626844223;4343;242;5163;5166;8.52;0.52;246.14;3.99;820;35;1757.00;3
4344;35;626844238;4344;237;5164;5166;8.65;0.53;246.12;3.99;820;35;1758.00;2
4345;35;626844251;4345;231;5165;5167;8.77;0.53;246.14;3.99;820;35;1759.00;2
4349;35;626844265;4349;232;5165;5167;8.85;0.54;246.14;3.99;816;35;1760.00;2
4351;35;626844279;4351;228;5165;5167;8.96;0.54;246.16;3.99;814;35;1761.00;2
4353;35;626844292;4353;234;5165;5167;9.02;0.55;246.14;3.99;812;35;1762.00;2
4356;35;626844306;4356;237;5165;5167;9.08;0.55;246.18;3.99;809;35;1763.00;2
4359;35;626844319;4359;239;5175;5179;9.23;0.56;246.26;3.98;816;35;1764.00;4
4360;35;626844333;4360;241;5176;5179;9.32;0.57;246.28;3.98;816;35;1765.00;3
4362;35;626844348;4362;242;5176;5179;9.37;0.57;246.28;3.98;814;35;1766.00;3
4362;35;626844362;4362;237;5176;5179;9.41;0.57;246.28;3.98;814;35;1767.00;3
4366;36;626844381;4366;238;5176;5179;9.41;0.57;246.40;3.98;810;36;1768.00;3
4371;36;626844404;4371;238;5176;5179;9.37;0.57;246.33;3.98;805;36;1769.00;3
4375;36;626844430;4375;239;5179;5183;9.33;0.57;246.34;3.98;804;36;1770.00;4
4377;36;626844445;4377;239;5179;5183;9.36;0.57;246.48;3.98;802;36;1771.00;4
4382;36;626844459;4382;233;5182;5187;9.30;0.56;246.53;3.98;800;36;1772.00;5
4383;36;626844474;4383;230;5183;5188;9.30;0.56;246.51;3.98;800;36;1773.00;5
4385;36;626844487;4385;235;5184;5188;9.25;0.56;246.53;3.98;799;36;1774.00;4
4387;36;626844500;4387;238;5184;5188;9.27;0.56;246.59;3.98;797;36;1775.00;4
4390;36;626844515;4390;244;5195;5201;9.34;0.57;246.62;3.97;805;36;1776.00;6
4391;36;626844529;4391;249;5195;5201;9.40;0.57;246.64;3.97;804;36;1777.00;6
4394;37;626844542;4394;247;5195;5201;9.42;0.57;246.68;3.97;801;37;1778.00;6
4397;37;626844567;4397;249;5196;5202;9.49;0.58;246.79;3.97;799;37;1779.00;6
4402;37;626844580;4402;256;5196;5203;9.45;0.57;246.83;3.97;794;37;1780.00;7
4405;37;626844592;4405;254;5196;5203;9.45;0.57;246.97;3.97;791;37;1781.00;7
4405;37;626844604;4405;257;5198;5206;9.47;0.57;246.97;3.97;793;37;1782.00;8
4409;37;626844616;4409;258;5198;5206;9.44;0.57;247.02;3.97;789;37;1783.00;8
4411;37;626844628;4411;260;5199;5206;9.41;0.57;247.04;3.97;788;37;1784.00;7
4414;37;626844641;4414;263;5199;5206;9.37;0.57;247.12;3.97;785;37;1785.00;7
4416;37;626844652;4416;264;5203;5212;9.33;0.57;247.17;3.96;787;37;1786.00;9
4418;37;626844665;4418;260;5203;5212;9.30;0.56;247.16;3.96;785;37;1787.00;9
4421;37;626844676;4421;265;5204;5212;9.30;0.56;247.17;3.96;783;37;1788.00;8
4423;37;626844688;4423;261;5204;5212;9.30;0.56;247.17;3.96;781;37;1789.00;8
4426;37;626844700;4426;253;5207;5216;9.29;0.57;247.18;3.96;781;37;1790.00;9
4427;37;626844712;4427;243;5208;5217;9.36;0.57;247.17;3.96;781;37;1791.00;9
4428;37;626844724;4428;235;5208;5217;9.41;0.57;247.19;3.96;780;37;1792.00;9
4431;37;626844735;4431;232;5209;5218;9.45;0.58;247.15;3.96;778;37;1793.00;9
4432;37;626844747;4432;225;5209;5218;9.48;0.58;247.19;3.96;777;37;1794.00;9
4437;37;626844758;4437;220;5209;5218;9.40;0.57;247.30;3.96;772;37;1795.00;9
4440;37;626844770;4440;211;5209;5218;9.39;0.57;247.36;3.96;769;37;1796.00;9
4443;37;626844782;4443;206;5209;5218;9.35;0.57;247.38;3.96;766;37;1797.00;9
4444;37;626844793;4444;196;5209;5218;9.34;0.57;247.36;3.96;765;37;1798.00;9
4450;37;626844803;4450;192;5209;5218;9.33;0.57;247.52;3.96;759;37;1799.00;9
4454;37;626844817;4454;207;5270;5356;9.04;0.56;247.65;3.91;816;37;1800.00;86
4456;37;626844847;4456;190;5270;5357;9.04;0.56;247.63;3.91;814;37;1801.00;87
4460;37;626844859;4460;174;5278;5357;9.04;0.56;247.73;3.91;818;37;1802.00;79
4462;37;626844870;4462;165;5281;5357;9.05;0.56;247.78;3.93;819;37;1803.00;76
4464;37;626844881;4464;161;5287;5357;9.10;0.56;247.80;3.93;823;37;1804.00;70
4470;37;626844898;4470;156;5292;5357;9.04;0.56;247.93;3.94;822;37;1805.00;65
4473;37;626844912;4473;154;5296;5357;9.12;0.56;248.02;3.94;823;37;1806.00;61
4478;37;626844923;4478;153;5300;5357;9.17;0.56;248.12;3.95;822;37;1807.00;57
4482;37;626844935;4482;153;5304;5358;9.26;0.57;248.18;3.95;822;37;1808.00;54
4484;37;626844947;4484;150;5311;5359;9.26;0.57;248.23;3.95;827;37;1809.00;48
4489;37;626844959;4489;139;5314;5359;9.27;0.57;248.21;3.96;825;37;1810.00;45
4491;37;626844972;4491;134;5320;5363;9.32;0.57;248.24;3.96;829;37;1811.00;43
4493;37;626844985;4493;133;5321;5363;9.38;0.57;248.19;3.96;828;37;1812.00;42
4498;37;626844997;4498;128;5323;5363;9.40;0.58;248.23;3.96;825;37;1813.00;40
4499;37;626845010;4499;129;5323;5363;9.46;0.58;248.21;3.96;824;37;1814.00;40
4502;37;626845028;4502;130;5326;5369;9.52;0.58;248.25;3.96;824;37;1815.00;43
4506;37;626845047;4506;138;5328;5369;9.54;0.58;248.25;3.97;822;37;1816.00;41
4513;37;626845060;4513;140;5329;5369;9.58;0.58;248.28;3.97;816;37;1817.00;40
4514;37;626845072;4514;140;5331;5372;9.65;0.59;248.36;3.97;817;37;1818.00;41
4517;37;626845085;4517;140;5331;5372;9.73;0.59;248.47;3.97;814;37;1819.00;41
4519;37;626845098;4519;143;5334;5372;9.78;0.60;248.51;3.98;815;37;1820.00;38
4526;37;626845110;4526;143;5334;5373;9.84;0.60;248.50;3.98;808;37;1821.00;39
4528;37;626845123;4528;145;5336;5374;9.88;0.60;248.58;3.98;808;37;1822.00;38
4532;37;626845136;4532;151;5337;5374;9.88;0.60;248.66;3.98;805;37;1823.00;37
4534;37;626845149;4534;154;5344;5387;9.86;0.60;248.63;3.98;810;37;1824.00;43
4537;37;626845164;4537;153;5345;5387;9.93;0.60;248.66;3.98;808;37;1825.00;42
4538;37;626845178;4538;152;5346;5387;9.98;0.61;248.69;3.98;808;37;1826.00;41
4541;37;626845190;4541;157;5348;5388;10.02;0.61;248.64;3.98;807;37;1827.00;40
4546;37;626845204;4546;155;5349;5388;10.07;0.61;248.80;3.99;803;37;1828.00;39
4549;37;626845218;4549;160;5352;5392;10.10;0.61;248.78;4.00;803;37;1829.00;40
4550;37;626845234;4550;164;5356;5392;10.08;0.61;248.79;4.02;806;37;1830.00;36
4553;37;626845248;4553;166;5359;5396;10.07;0.61;248.83;4.01;806;37;1831.00;37
4555;37;626845261;4555;169;5362;5396;10.08;0.61;248.87;4.04;807;37;1832.00;34
4558;37;626845280;4558;176;5364;5396;10.03;0.61;248.83;4.04;806;37;1833.00;32
4560;37;626845292;4560;175;5364;5396;10.00;0.61;248.82;4.04;804;37;1834.00;32
4562;37;626845304;4562;181;5367;5396;9.94;0.61;248.82;4.06;805;37;1835.00;29
4564;37;626845317;4564;186;5377;5408;9.98;0.61;248.79;4.05;813;37;1836.00;31
4567;37;626845336;4567;189;5379;5408;9.93;0.61;248.99;4.06;812;37;1837.00;29
4570;37;626845354;4570;192;5382;5408;9.88;0.61;249.06;4.07;812;37;1838.00;26
4574;37;626845367;4574;194;5384;5408;9.87;0.60;249.13;4.08;810;37;1839.00;24
4579;37;626845379;4579;203;5386;5408;9.83;0.60;249.17;4.09;807;37;1840.00;22
4580;37;626845392;4580;206;5387;5408;9.79;0.60;249.23;4.09;807;37;1841.00;21
4582;37;626845404;4582;210;5389;5409;9.75;0.60;249.31;4.11;807;37;1842.00;20
4584;37;626845416;4584;213;5390;5409;9.64;0.59;249.34;4.11;806;37;1843.00;19
4586;37;626845427;4586;221;5395;5415;9.58;0.59;249.40;4.12;809;37;1844.00;20
4589;37;626845440;4589;226;5399;5417;9.44;0.58;249.43;4.12;810;37;1845.00;18
4591;37;626845452;4591;238;5400;5417;9.32;0.57;249.51;4.12;809;37;1846.00;17
4593;37;626845463;4593;245;5400;5417;9.18;0.56;249.49;4.12;807;37;1847.00;17
4599;37;626845475;4599;257;5405;5421;8.99;0.55;249.48;4.13;806;37;1848.00;16
4603;37;626845487;4603;257;5405;5421;8.85;0.54;249.44;4.13;802;37;1849.00;16
4603;37;626845499;4603;265;5408;5421;8.76;0.54;249.44;4.14;805;37;1850.00;13
4605;37;626845513;4605;263;5409;5422;8.71;0.53;249.43;4.14;804;37;1851.00;13
4607;37;626845532;4607;261;5414;5426;8.67;0.53;249.38;4.14;807;37;1852.00;12
4608;37;626845548;4608;263;5414;5426;8.65;0.53;249.35;4.14;806;37;1853.00;12
4612;37;626845567;4612;265;5416;5429;8.61;0.53;249.27;4.14;804;37;1854.00;13
4614;37;626845582;4614;261;5418;5429;8.59;0.52;249.24;4.14;804;37;1855.00;11
4616;37;626845609;4616;256;5418;5429;8.68;0.53;249.31;4.14;802;37;1856.00;11
4620;37;626845624;4620;248;5418;5429;8.75;0.53;249.30;4.14;798;37;1857.00;11
4622;37;626845636;4622;243;5422;5433;8.82;0.54;249.28;4.14;800;37;1858.00;11
4623;37;626845648;4623;247;5422;5433;8.77;0.54;249.24;4.14;799;37;1859.00;11
4624;37;626845661;4624;249;5423;5433;8.65;0.53;249.20;4.14;799;37;1860.00;10
4627;37;626845672;4627;248;5423;5433;8.39;0.51;249.25;4.14;796;37;1861.00;10
4631;37;626845682;4631;252;5424;5434;8.15;0.50;249.29;4.14;793;37;1862.00;10
4633;37;626845692;4633;259;5425;5435;7.99;0.49;249.43;4.14;792;37;1863.00;10
4637;37;626845703;4637;265;5425;5435;7.88;0.48;249.48;4.14;788;37;1864.00;10
4637;37;626845713;4637;270;5426;5436;7.85;0.48;249.48;4.14;789;37;1865.00;10
4641;37;626845723;4641;277;5426;5436;7.73;0.48;249.53;4.14;785;37;1866.00;10
4646;37;626845732;4646;287;5426;5436;7.56;0.46;249.51;4.14;780;37;1867.00;10
4649;37;626845742;4649;290;5426;5436;7.34;0.45;249.40;4.14;777;37;1868.00;10
4654;37;626845751;4654;294;5426;5436;7.16;0.44;249.38;4.14;772;37;1869.00;10
4657;37;626845760;4657;289;5426;5436;7.08;0.44;249.38;4.14;769;37;1870.00;10
4662;37;626845769;4662;291;5426;5436;6.98;0.43;249.30;4.14;764;37;1871.00;10
4665;37;626845778;4665;311;5496;5563;7.20;0.45;249.34;4.09;831;37;1872.00;67
4669;37;626845797;4669;303;5501;5564;7.13;0.45;249.43;4.08;832;37;1873.00;63
4671;37;626845806;4671;302;5509;5564;7.26;0.45;249.45;4.08;838;37;1874.00;55
4672;37;626845816;4672;302;5513;5564;7.23;0.45;249.50;4.08;841;37;1875.00;51
4675;37;626845825;4675;307;5519;5564;7.25;0.45;249.55;4.08;844;37;1876.00;45
4678;37;626845834;4678;304;5521;5564;7.17;0.45;249.60;4.08;843;37;1877.00;43
4679;37;626845844;4679;306;5526;5564;7.23;0.45;249.57;4.08;847;37;1878.00;38
4682;37;626845854;4682;305;5528;5564;7.18;0.45;249.48;4.08;846;37;1879.00;36
4686;37;626845863;4686;307;5532;5565;7.13;0.44;249.47;4.09;846;37;1880.00;33
4688;37;626845874;4688;306;5536;5566;7.07;0.44;249.39;4.09;848;37;1881.00;30
4690;37;626845885;4690;307;5541;5568;7.07;0.44;249.39;4.10;851;37;1882.00;27
4696;37;626845895;4696;323;5546;5569;7.00;0.43;249.40;4.10;850;37;1883.00;23
4699;37;626845906;4699;329;5547;5569;6.93;0.43;249.39;4.10;848;37;1884.00;22
4703;37;626845916;4703;343;5550;5569;6.90;0.43;249.52;4.10;847;37;1885.00;19
4706;37;626845927;4706;350;5551;5569;6.87;0.42;249.64;4.10;845;37;1886.00;18
4708;37;626845938;4708;355;5555;5573;6.89;0.43;249.68;4.11;847;37;1887.00;18
4709;37;626845949;4709;357;5556;5573;6.85;0.42;249.64;4.11;847;37;1888.00;17
4711;37;626845959;4711;357;5557;5573;6.77;0.42;249.72;4.11;846;37;1889.00;16
4714;37;626845972;4714;362;5561;5579;6.73;0.42;249.76;4.11;847;37;1890.00;18
4718;37;626845984;4718;349;5561;5579;6.65;0.41;249.74;4.11;843;37;1891.00;18
4721;37;626845995;4721;341;5563;5579;6.67;0.41;249.73;4.11;842;37;1892.00;16
4725;37;626846005;4725;333;5567;5583;6.72;0.41;249.71;4.11;842;37;1893.00;16
4729;37;626846017;4729;333;5570;5584;6.77;0.42;249.66;4.11;841;37;1894.00;14
4734;37;626846028;4734;325;5571;5584;6.81;0.42;249.66;4.11;837;37;1895.00;13
4735;37;626846039;4735;322;5576;5588;6.84;0.42;249.67;4.11;841;37;1896.00;12
4738;37;626846052;4738;322;5576;5588;6.88;0.42;249.64;4.11;838;37;1897.00;12
4745;37;626846064;4745;321;5577;5588;6.89;0.42;249.61;4.12;832;37;1898.00;11
4747;37;626846075;4747;329;5578;5589;6.96;0.43;249.62;4.12;831;37;1899.00;11
4750;37;626846087;4750;329;5578;5589;6.99;0.43;249.63;4.12;828;37;1900.00;11
4754;37;626846109;4754;321;5583;5595;7.01;0.43;249.64;4.12;829;37;1901.00;12
4758;37;626846123;4758;322;5584;5595;7.02;0.43;249.65;4.12;826;37;1902.00;11
4763;37;626846134;4763;321;5585;5596;7.02;0.43;249.52;4.12;822;37;1903.00;11
4767;37;626846145;4767;319;5585;5596;7.09;0.43;249.70;4.12;818;37;1904.00;11
4769;37;626846156;4769;327;5585;5596;7.14;0.43;249.73;4.12;816;37;1905.00;11
4774;37;626846167;4774;328;5585;5596;7.15;0.43;249.68;4.12;811;37;1906.00;11
4775;37;626846180;4775;338;5585;5596;7.16;0.43;249.70;4.12;810;37;1907.00;11
4778;37;626846192;4778;336;5596;5608;7.29;0.44;249.72;4.11;818;37;1908.00;12
4780;37;626846205;4780;338;5596;5608;7.32;0.44;249.74;4.11;816;37;1909.00;12
4781;37;626846216;4781;341;5597;5608;7.40;0.45;249.90;4.11;816;37;1910.00;11
4783;37;626846227;4783;344;5597;5608;7.47;0.45;249.91;4.11;814;37;1911.00;11
4786;37;626846238;4786;353;5597;5608;7.48;0.46;250.06;4.11;811;37;1912.00;11
4788;37;626846249;4788;352;5598;5608;7.46;0.45;250.13;4.13;810;37;1913.00;10
4790;37;626846260;4790;354;5601;5612;7.46;0.45;250.11;4.13;811;37;1914.00;11
4792;37;626846273;4792;356;5601;5612;7.46;0.45;250.12;4.13;809;37;1915.00;11
4795;37;626846284;4795;364;5604;5616;7.43;0.45;250.13;4.13;809;37;1916.00;12
4798;37;626846298;4798;359;5606;5617;7.40;0.45;250.15;4.13;808;37;1917.00;11
4802;37;626846311;4802;351;5606;5617;7.38;0.45;250.22;4.13;804;37;1918.00;11
4805;37;626846325;4805;342;5606;5617;7.39;0.45;250.27;4.13;801;37;1919.00;11
4807;37;626846339;4807;343;5628;5646;7.47;0.45;250.29;4.11;821;37;1920.00;18
4809;37;626846356;4809;343;5628;5646;7.47;0.45;250.28;4.11;819;37;1921.00;18
4811;37;626846369;4811;335;5630;5646;7.45;0.45;250.23;4.11;819;37;1922.00;16
4815;37;626846381;4815;329;5632;5647;7.52;0.46;250.18;4.11;817;37;1923.00;15
4817;37;626846394;4817;327;5632;5648;7.57;0.46;250.19;4.11;815;37;1924.00;16
4821;37;626846407;4821;327;5632;5648;7.55;0.46;250.24;4.11;811;37;1925.00;16
4826;37;626846420;4826;314;5635;5651;7.56;0.46;250.20;4.11;809;37;1926.00;16
4827;37;626846433;4827;302;5635;5651;7.58;0.46;250.20;4.11;808;37;1927.00;16
4832;37;626846446;4832;286;5636;5651;7.58;0.46;250.26;4.13;804;37;1928.00;15
4835;37;626846459;4835;279;5636;5651;7.65;0.46;250.28;4.13;801;37;1929.00;15
4835;37;626846473;4835;273;5640;5657;7.73;0.47;250.28;4.13;805;37;1930.00;17
4837;37;626846486;4837;276;5640;5657;7.82;0.48;250.31;4.13;803;37;1931.00;17
4838;37;626846500;4838;270;5642;5657;7.91;0.48;250.33;4.15;804;37;1932.00;15
4841;37;626846520;4841;273;5642;5657;7.99;0.49;250.31;4.15;801;37;1933.00;15
4845;37;626846533;4845;273;5645;5661;8.02;0.49;250.30;4.15;800;37;1934.00;16
4847;37;626846546;4847;280;5647;5663;8.09;0.49;250.28;4.15;800;37;1935.00;16
4848;37;626846560;4848;285;5647;5663;8.09;0.49;250.28;4.15;799;37;1936.00;16
4848;37;626846572;4848;285;5648;5664;8.09;0.49;250.28;4.15;800;37;1937.00;16
4852;38;626846584;4852;277;5648;5664;8.11;0.49;250.38;4.15;796;38;1938.00;16
4855;38;626846604;4855;281;5648;5664;8.14;0.49;250.43;4.15;793;38;1939.00;16
4856;38;626846620;4856;277;5648;5664;8.16;0.50;250.51;4.15;792;38;1940.00;16
4861;38;626846632;4861;272;5648;5664;8.13;0.49;250.62;4.15;787;38;1941.00;16
4864;38;626846644;4864;268;5649;5664;8.14;0.49;250.61;4.17;785;38;1942.00;15
4866;38;626846663;4866;272;5649;5664;8.16;0.49;250.63;4.17;783;38;1943.00;15
4869;38;626846673;4869;295;5692;5734;8.03;0.49;250.68;4.14;823;38;1944.00;42
4869;38;626846693;4869;278;5692;5735;8.08;0.49;250.68;4.14;823;38;1945.00;43
4872;38;626846704;4872;268;5698;5735;8.25;0.50;250.67;4.14;826;38;1946.00;37
4874;39;626846716;4874;264;5699;5735;8.34;0.51;250.74;4.14;825;39;1947.00;36
4878;39;626846738;4878;262;5703;5735;8.48;0.52;250.78;4.14;825;39;1948.00;32
4880;39;626846750;4880;258;5707;5735;8.57;0.53;250.75;4.14;827;39;1949.00;28
4881;40;626846764;4881;255;5711;5737;8.66;0.53;250.72;4.14;830;40;1950.00;26
4885;41;626846787;4885;255;5713;5737;8.76;0.54;250.72;4.14;828;41;1951.00;24
4889;41;626846803;4889;261;5716;5738;8.81;0.54;250.75;4.14;827;41;1952.00;22
4889;41;626846825;4889;258;5717;5739;8.88;0.54;250.75;4.14;828;41;1953.00;22
4891;42;626846837;4891;259;5718;5739;8.90;0.54;250.72;4.14;827;42;1954.00;21
4894;42;626846856;4894;259;5722;5743;8.93;0.55;250.73;4.14;828;42;1955.00;21
4897;42;626846868;4897;254;5722;5743;8.93;0.54;250.75;4.14;825;42;1956.00;21
4897;42;626846880;4897;256;5722;5743;9.02;0.55;250.75;4.14;825;42;1957.00;21
4898;42;626846896;4898;253;5723;5743;9.01;0.55;250.73;4.16;825;42;1958.00;20
4901;42;626846919;4901;255;5728;5749;8.97;0.55;250.78;4.16;827;42;1959.00;21
4901;42;626846931;4901;250;5728;5749;8.99;0.55;250.78;4.16;827;42;1960.00;21
4902;42;626846942;4902;247;5728;5749;8.95;0.55;250.77;4.16;826;42;1961.00;21
4903;42;626846952;4903;247;5731;5752;9.01;0.55;250.80;4.16;828;42;1962.00;21
4904;42;626846963;4904;241;5732;5752;8.96;0.55;250.79;4.19;828;42;1963.00;20
4910;42;626846974;4910;242;5732;5752;8.95;0.54;250.73;4.19;822;42;1964.00;20
4912;42;626846985;4912;237;5733;5753;8.97;0.55;250.68;4.21;821;42;1965.00;20
4915;42;626846995;4915;239;5734;5754;9.05;0.55;250.85;4.21;819;42;1966.00;20
4916;42;626847006;4916;238;5734;5754;9.07;0.55;250.88;4.21;818;42;1967.00;20
4919;42;626847016;4919;244;5743;5767;8.99;0.55;250.93;4.21;824;42;1968.00;24
4923;42;626847027;4923;234;5744;5767;8.89;0.54;250.97;4.24;821;42;1969.00;23
4926;42;626847037;4926;229;5744;5767;8.83;0.54;251.07;4.24;818;42;1970.00;23
4930;42;626847052;4930;219;5746;5768;8.75;0.53;251.19;4.25;816;42;1971.00;22
4932;42;626847063;4932;211;5746;5768;8.75;0.53;251.27;4.25;814;42;1972.00;22
4938;42;626847074;4938;202;5749;5772;8.74;0.53;251.31;4.25;811;42;1973.00;23
4943;42;626847085;4943;193;5750;5772;8.78;0.53;251.30;4.26;807;42;1974.00;22
4947;42;626847096;4947;189;5755;5776;8.82;0.53;251.40;4.28;808;42;1975.00;21
4948;42;626847107;4948;184;5756;5776;8.95;0.54;251.37;4.29;808;42;1976.00;20
4952;42;626847117;4952;174;5756;5776;9.04;0.55;251.44;4.29;804;42;1977.00;20
4957;42;626847128;4957;173;5756;5776;9.05;0.55;251.42;4.29;799;42;1978.00;20
4960;42;626847139;4960;158;5756;5776;9.06;0.55;251.44;4.29;796;42;1979.00;20
4964;42;626847150;4964;163;5777;5810;9.10;0.55;251.58;4.28;813;42;1980.00;33
4966;42;626847163;4966;160;5777;5810;9.11;0.55;251.66;4.28;811;42;1981.00;33
4972;42;626847173;4972;153;5778;5810;9.12;0.55;251.69;4.28;806;42;1982.00;32
4972;42;626847185;4972;153;5779;5810;9.09;0.55;251.69;4.28;807;42;1983.00;31
4974;42;626847194;4974;146;5779;5810;9.08;0.55;251.76;4.28;805;42;1984.00;31
4976;42;626847205;4976;154;5780;5810;9.15;0.56;251.77;4.28;804;42;1985.00;30
4978;42;626847215;4978;150;5780;5811;9.14;0.56;251.85;4.28;802;42;1986.00;31
4981;42;626847232;4981;150;5783;5811;9.16;0.56;251.84;4.29;802;42;1987.00;28
4986;42;626847244;4986;157;5785;5817;9.20;0.56;251.77;4.29;799;42;1988.00;32
4991;42;626847256;4991;151;5789;5818;9.25;0.56;251.90;4.29;798;42;1989.00;29
4992;42;626847269;4992;153;5789;5818;9.27;0.56;251.86;4.29;797;42;1990.00;29
4996;42;626847281;4996;160;5791;5818;9.30;0.57;251.92;4.30;795;42;1991.00;27
4996;42;626847293;4996;161;5794;5822;9.38;0.57;251.92;4.30;798;42;1992.00;28
5000;42;626847305;5000;168;5794;5822;9.40;0.57;251.90;4.30;794;42;1993.00;28
5001;42;626847317;5001;168;5794;5822;9.47;0.58;251.87;4.30;793;42;1994.00;28
5005;42;626847328;5005;176;5796;5823;9.46;0.57;252.03;4.30;791;42;1995.00;27
5007;42;626847341;5007;182;5799;5827;9.42;0.57;252.03;4.30;792;42;1996.00;28
5008;42;626847352;5008;183;5800;5827;9.36;0.57;252.08;4.31;792;42;1997.00;27
5009;42;626847364;5009;188;5803;5830;9.37;0.57;252.16;4.32;794;42;1998.00;27
5010;42;626847377;5010;198;5804;5830;9.36;0.57;252.17;4.31;794;42;1999.00;26
5012;42;626847389;5012;200;5804;5830;9.35;0.57;252.13;4.31;792;42;2000.00;26
5014;42;626847406;5014;204;5806;5830;9.30;0.57;252.20;4.33;792;42;2001.00;24
5017;42;626847418;5017;208;5810;5834;9.32;0.57;252.25;4.34;793;42;2002.00;24
5017;42;626847430;5017;211;5811;5834;9.34;0.57;252.25;4.35;794;42;2003.00;23
5021;42;626847441;5021;215;5814;5834;9.32;0.57;252.34;4.36;793;42;2004.00;20
5022;42;626847453;5022;219;5814;5834;9.20;0.56;252.32;4.36;792;42;2005.00;20
5023;42;626847464;5023;215;5816;5835;9.14;0.56;252.36;4.38;793;42;2006.00;19
5027;42;626847476;5027;214;5818;5836;9.06;0.55;252.32;4.38;791;42;2007.00;18
5029;42;626847489;5029;217;5820;5836;9.00;0.55;252.29;4.39;791;42;2008.00;16
5031;42;626847500;5031;225;5821;5837;9.05;0.55;252.29;4.39;790;42;2009.00;16
5032;42;626847519;5032;229;5821;5837;9.03;0.55;252.28;4.39;789;42;2010.00;16
5034;42;626847534;5034;235;5823;5837;8.97;0.55;252.28;4.40;789;42;2011.00;14
5036;42;626847551;5036;244;5824;5837;8.94;0.54;252.31;4.41;788;42;2012.00;13
5039;42;626847580;5039;247;5824;5837;8.87;0.54;252.37;4.41;785;42;2013.00;13
5042;42;626847599;5042;256;5824;5837;8.78;0.54;252.41;4.41;782;42;2014.00;13
5044;42;626847614;5044;259;5827;5837;8.64;0.53;252.38;4.43;783;42;2015.00;10
5048;42;626847628;5048;280;5891;5964;8.68;0.54;252.31;4.38;843;42;2016.00;73
5052;42;626847651;5052;277;5895;5965;8.53;0.53;252.17;4.39;843;42;2017.00;70
5052;42;626847664;5052;278;5905;5965;8.49;0.53;252.17;4.39;853;42;2018.00;60
5056;42;626847674;5056;278;5913;5965;8.41;0.52;252.12;4.39;857;42;2019.00;52
5059;42;626847684;5059;272;5918;5965;8.36;0.52;252.13;4.39;859;42;2020.00;47
5060;42;626847695;5060;273;5923;5965;8.29;0.51;252.19;4.39;863;42;2021.00;42
5061;42;626847706;5061;272;5928;5965;8.28;0.51;252.20;4.39;867;42;2022.00;37
5061;42;626847717;5061;271;5930;5965;8.21;0.51;252.20;4.39;869;42;2023.00;35
5065;42;626847727;5065;274;5936;5966;8.17;0.50;252.05;4.40;871;42;2024.00;30
5067;42;626847738;5067;280;5938;5968;8.13;0.50;251.98;4.40;871;42;2025.00;30
5068;42;626847749;5068;285;5944;5968;8.10;0.50;251.95;4.40;876;42;2026.00;24
5071;42;626847760;5071;289;5946;5969;8.02;0.49;251.90;4.40;875;42;2027.00;23
5073;42;626847770;5073;295;5949;5969;7.96;0.49;251.86;4.41;876;42;2028.00;20
5077;42;626847783;5077;296;5952;5969;7.87;0.48;251.86;4.41;875;42;2029.00;17
5077;42;626847794;5077;293;5954;5969;7.81;0.48;251.86;4.41;877;42;2030.00;15
5080;42;626847804;5080;303;5960;5973;7.75;0.47;251.88;4.42;880;42;2031.00;13
5085;42;626847816;5085;309;5962;5973;7.63;0.47;251.90;4.42;877;42;2032.00;11
5087;42;626847826;5087;318;5962;5973;7.52;0.46;251.86;4.42;875;42;2033.00;11
5092;42;626847845;5092;327;5965;5976;7.39;0.45;251.90;4.42;873;42;2034.00;11
5094;42;626847858;5094;335;5966;5976;7.25;0.44;251.87;4.42;872;42;2035.00;10
5096;42;626847876;5096;342;5967;5976;7.08;0.43;251.91;4.42;871;42;2036.00;9
5099;42;626847887;5099;348;5972;5980;6.94;0.43;251.89;4.42;873;42;2037.00;8
5101;42;626847899;5101;352;5974;5981;6.85;0.42;251.87;4.42;873;42;2038.00;7
5107;42;626847910;5107;356;5974;5981;6.66;0.41;251.82;4.42;867;42;2039.00;7
5109;42;626847922;5109;351;5979;5986;6.68;0.41;251.75;4.42;870;42;2040.00;7
5111;42;626847933;5111;350;5979;5986;6.60;0.41;251.82;4.42;868;42;2041.00;7
5114;42;626847944;5114;354;5979;5986;6.54;0.40;251.86;4.42;865;42;2042.00;7
5115;42;626847954;5115;338;5980;5987;6.56;0.40;251.84;4.42;865;42;2043.00;7
5118;42;626847972;5118;332;5980;5987;6.52;0.40;251.87;4.42;862;42;2044.00;7
5120;42;626847989;5120;324;5985;5993;6.57;0.40;251.86;4.41;865;42;2045.00;8
5123;42;626848000;5123;320;5986;5993;6.58;0.40;251.89;4.41;863;42;2046.00;7
5126;42;626848011;5126;308;5987;5994;6.64;0.41;251.89;4.41;861;42;2047.00;7
5129;42;626848023;5129;300;5987;5994;6.71;0.41;251.85;4.41;858;42;2048.00;7
5131;42;626848036;5131;296;5987;5994;6.83;0.42;251.86;4.41;856;42;2049.00;7
5132;42;626848054;5132;287;5987;5994;6.91;0.42;251.82;4.41;855;42;2050.00;7
5135;42;626848065;5135;282;5987;5994;6.95;0.42;251.91;4.41;852;42;2051.00;7
5137;42;626848076;5137;280;5998;6006;7.02;0.43;251.97;4.41;861;42;2052.00;8
5141;42;626848088;5141;275;5998;6006;7.03;0.43;251.92;4.41;857;42;2053.00;8
5142;42;626848100;5142;270;5999;6006;7.12;0.43;251.95;4.40;857;42;2054.00;7
5144;42;626848111;5144;265;5999;6006;7.20;0.44;251.91;4.40;855;42;2055.00;7
5146;42;626848122;5146;261;5999;6006;7.23;0.44;251.97;4.40;853;42;2056.00;7
5149;42;626848134;5149;260;5999;6006;7.29;0.44;252.05;4.40;850;42;2057.00;7
5152;42;626848145;5152;258;6003;6010;7.33;0.45;252.07;4.40;851;42;2058.00;7
5156;42;626848156;5156;257;6003;6010;7.33;0.45;252.01;4.40;847;42;2059.00;7
5157;42;626848168;5157;250;6006;6014;7.48;0.46;251.97;4.40;849;42;2060.00;8
5161;42;626848180;5161;245;6007;6015;7.58;0.46;251.91;4.40;846;42;2061.00;8
5162;42;626848193;5162;244;6008;6015;7.64;0.47;251.94;4.40;846;42;2062.00;7
5166;42;626848204;5166;245;6008;6015;7.63;0.47;251.91;4.40;842;42;2063.00;7
5167;42;626848216;5167;245;6021;6028;7.75;0.47;251.94;4.39;854;42;2064.00;7
5174;42;626848228;5174;256;6021;6028;7.73;0.47;251.93;4.39;847;42;2065.00;7
5177;42;626848240;5177;250;6021;6028;7.74;0.47;251.99;4.39;844;42;2066.00;7
5180;42;626848252;5180;255;6022;6029;7.72;0.47;252.06;4.39;842;42;2067.00;7
5185;42;626848264;5185;260;6023;6030;7.71;0.47;251.99;4.39;838;42;2068.00;7
5189;42;626848276;5189;260;6023;6030;7.68;0.47;251.99;4.39;834;42;2069.00;7
5193;42;626848289;5193;264;6026;6036;7.77;0.48;251.97;4.39;833;42;2070.00;10
5200;42;626848302;5200;266;6026;6036;7.81;0.48;252.04;4.39;826;42;2071.00;10
5203;42;626848315;5203;265;6027;6036;7.85;0.48;252.11;4.39;824;42;2072.00;9
5207;42;626848326;5207;268;6027;6036;7.82;0.48;252.14;4.39;820;42;2073.00;9
5209;42;626848338;5209;269;6032;6042;7.84;0.48;252.20;4.38;823;42;2074.00;10
5213;42;626848350;5213;263;6032;6042;7.84;0.48;252.23;4.38;819;42;2075.00;10
5215;42;626848362;5215;263;6033;6042;7.92;0.49;252.31;4.38;818;42;2076.00;9
5219;42;626848373;5219;263;6033;6042;7.97;0.49;252.36;4.38;814;42;2077.00;9
5226;42;626848385;5226;272;6038;6046;7.97;0.49;252.54;4.38;812;42;2078.00;8
5227;42;626848399;5227;267;6039;6047;8.02;0.49;252.61;4.38;812;42;2079.00;8
5233;42;626848411;5233;270;6040;6047;8.04;0.49;252.65;4.38;807;42;2080.00;7
5238;42;626848428;5238;275;6041;6048;8.05;0.49;252.69;4.38;803;42;2081.00;7
5241;42;626848439;5241;279;6041;6048;8.05;0.49;252.90;4.38;800;42;2082.00;7
5248;42;626848452;5248;281;6041;6048;7.94;0.49;252.98;4.38;793;42;2083.00;7
5253;42;626848464;5253;286;6042;6048;7.90;0.48;253.00;4.41;789;42;2084.00;6
5261;42;626848481;5261;290;6042;6048;7.81;0.48;253.14;4.41;781;42;2085.00;6
5262;43;626848493;5262;297;6042;6048;7.82;0.48;253.16;4.41;780;43;2086.00;6
5264;43;626848524;5264;288;6042;6048;7.80;0.48;253.18;4.41;778;43;2087.00;6
5266;43;626848538;5266;296;6086;6118;7.91;0.48;253.25;4.38;820;43;2088.00;32
5269;43;626848567;5269;283;6087;6119;7.92;0.48;253.38;4.38;818;43;2089.00;32
5271;43;626848580;5271;275;6094;6119;8.07;0.49;253.36;4.37;823;43;2090.00;25
5274;43;626848593;5274;281;6094;6119;8.09;0.49;253.36;4.37;820;43;2091.00;25
5278;43;626848607;5278;283;6099;6119;8.24;0.50;253.39;4.37;821;43;2092.00;20
5282;43;626848619;5282;283;6100;6119;8.26;0.50;253.49;4.37;818;43;2093.00;19
5283;43;626848631;5283;283;6101;6119;8.31;0.51;253.58;4.37;818;43;2094.00;18
5287;43;626848642;5287;281;6105;6119;8.29;0.51;253.68;4.37;818;43;2095.00;14
5287;43;626848659;5287;266;6107;6120;8.30;0.51;253.68;4.38;820;43;2096.00;13
5290;43;626848672;5290;261;6111;6121;8.32;0.51;253.77;4.38;821;43;2097.00;10
5291;43;626848684;5291;256;6112;6121;8.30;0.51;253.79;4.38;821;43;2098.00;9
5294;43;626848702;5294;257;6115;6125;8.26;0.50;253.85;4.38;821;43;2099.00;10
5299;43;626848718;5299;258;6119;6140;8.25;0.50;253.83;4.37;820;43;2100.00;21
5300;43;626848738;5300;250;6119;6140;8.36;0.51;253.83;4.37;819;43;2101.00;21
5304;43;626848751;5304;251;6119;6140;8.42;0.51;253.90;4.37;815;43;2102.00;21
5306;43;626848765;5306;250;6122;6146;8.48;0.52;253.89;4.37;816;43;2103.00;24
5310;43;626848779;5310;247;6122;6146;8.54;0.52;253.90;4.37;812;43;2104.00;24
5310;43;626848792;5310;247;6123;6146;8.61;0.52;253.90;4.37;813;43;2105.00;23
5316;43;626848805;5316;246;6126;6149;8.69;0.53;253.81;4.37;810;43;2106.00;23
5317;43;626848818;5317;235;6127;6149;8.78;0.53;253.82;4.42;810;43;2107.00;22
5322;43;626848831;5322;230;6127;6149;8.83;0.54;253.82;4.42;805;43;2108.00;22
5325;43;626848843;5325;222;6127;6150;8.90;0.54;253.82;4.42;802;43;2109.00;23
5327;43;626848855;5327;213;6129;6151;8.96;0.54;253.84;4.42;802;43;2110.00;22
5332;43;626848866;5332;211;6129;6151;8.97;0.54;253.89;4.42;797;43;2111.00;22
5334;43;626848877;5334;213;6139;6164;8.93;0.54;253.88;4.41;805;43;2112.00;25
5335;43;626848889;5335;200;6139;6164;8.95;0.54;253.89;4.41;804;43;2113.00;25
5338;43;626848900;5338;200;6139;6164;8.96;0.54;253.88;4.41;801;43;2114.00;25
5340;43;626848911;5340;200;6141;6166;8.99;0.55;253.84;4.41;801;43;2115.00;25
5342;43;626848922;5342;205;6142;6166;9.01;0.55;253.85;4.42;800;43;2116.00;24
5344;43;626848933;5344;203;6144;6170;9.09;0.55;254.04;4.41;800;43;2117.00;26
5346;43;626848951;5346;204;6145;6170;9.14;0.56;254.01;4.42;799;43;2118.00;25
5347;43;626848963;5347;203;6148;6174;9.16;0.56;254.05;4.41;801;43;2119.00;26
5351;43;626848977;5351;205;6148;6174;9.21;0.56;254.11;4.41;797;43;2120.00;26
5352;43;626848993;5352;206;6148;6174;9.19;0.56;254.21;4.41;796;43;2121.00;26
5354;43;626849004;5354;210;6149;6174;9.20;0.56;254.21;4.42;795;43;2122.00;25
5356;43;626849015;5356;215;6149;6174;9.18;0.56;254.22;4.42;793;43;2123.00;25
5358;43;626849025;5358;218;6160;6186;9.13;0.55;254.23;4.42;802;43;2124.00;26
5359;43;626849042;5359;219;6160;6186;9.13;0.55;254.24;4.42;801;43;2125.00;26
5359;43;626849054;5359;220;6161;6186;9.17;0.56;254.24;4.42;802;43;2126.00;25
5360;43;626849065;5360;221;6162;6186;9.15;0.56;254.26;4.42;802;43;2127.00;24
5363;43;626849075;5363;222;6163;6186;9.16;0.56;254.22;4.42;800;43;2128.00;23
5364;43;626849086;5364;224;6163;6186;9.13;0.56;254.20;4.42;799;43;2129.00;23
5365;43;626849098;5365;223;6166;6187;9.11;0.55;254.20;4.46;801;43;2130.00;21
5367;43;626849109;5367;216;6168;6187;9.12;0.56;254.20;4.46;801;43;2131.00;19
5368;43;626849119;5368;210;6173;6193;9.08;0.55;254.21;4.46;805;43;2132.00;20
5370;43;626849130;5370;208;6175;6194;9.08;0.55;254.17;4.46;805;43;2133.00;19
5371;43;626849142;5371;204;6176;6194;9.00;0.55;254.16;4.46;805;43;2134.00;18
5371;43;626849153;5371;201;6176;6194;8.95;0.54;254.16;4.46;805;43;2135.00;18
5377;43;626849164;5377;200;6179;6198;8.87;0.54;254.17;4.46;802;43;2136.00;19
5377;43;626849175;5377;201;6179;6198;8.84;0.54;254.17;4.46;802;43;2137.00;19
5381;43;626849185;5381;199;6179;6198;8.80;0.54;254.14;4.46;798;43;2138.00;19
5385;43;626849196;5385;198;6180;6199;8.79;0.53;254.14;4.46;795;43;2139.00;19
5385;43;626849207;5385;192;6183;6203;8.78;0.53;254.14;4.46;798;43;2140.00;20
5388;43;626849217;5388;185;6183;6203;8.77;0.53;254.18;4.46;795;43;2141.00;20
5390;43;626849227;5390;179;6185;6206;8.82;0.54;254.15;4.46;795;43;2142.00;21
5397;43;626849237;5397;173;6185;6206;8.79;0.54;254.15;4.46;788;43;2143.00;21
5401;43;626849248;5401;174;6186;6206;8.86;0.54;254.15;4.46;785;43;2144.00;20
5406;43;626849259;5406;172;6189;6206;8.86;0.54;254.05;4.50;783;43;2145.00;17
5411;43;626849271;5411;175;6192;6210;8.87;0.54;254.07;4.50;781;43;2146.00;18
5415;43;626849284;5415;177;6192;6210;8.88;0.54;254.13;4.50;777;43;2147.00;18
5416;43;626849294;5416;170;6194;6210;8.89;0.54;254.14;4.52;778;43;2148.00;16
5419;43;626849304;5419;173;6194;6210;8.88;0.54;254.21;4.52;775;43;2149.00;16
5423;43;626849315;5423;167;6194;6211;8.85;0.54;254.16;4.52;771;43;2150.00;17
5424;43;626849325;5424;168;6196;6212;8.84;0.54;254.13;4.54;772;43;2151.00;16
5426;43;626849337;5426;164;6196;6212;8.87;0.54;254.12;4.54;770;43;2152.00;16
5428;43;626849348;5428;166;6198;6213;8.87;0.54;254.15;4.56;770;43;2153.00;15
5434;43;626849359;5434;168;6198;6213;8.86;0.54;254.17;4.56;764;43;2154.00;15
5434;43;626849369;5434;171;6198;6213;8.86;0.54;254.17;4.56;764;43;2155.00;15
5437;43;626849379;5437;170;6198;6213;8.79;0.53;254.18;4.56;761;43;2156.00;15
5440;43;626849388;5440;172;6198;6213;8.84;0.54;254.34;4.56;758;43;2157.00;15
5445;43;626849398;5445;173;6199;6213;8.80;0.53;254.31;4.57;754;43;2158.00;14
5447;44;626849408;5447;176;6199;6213;8.79;0.53;254.30;4.57;752;44;2159.00;14
5448;44;626849436;5448;215;6295;6443;8.86;0.55;254.27;4.51;847;44;2160.00;148
5450;44;626849471;5450;214;6296;6444;8.78;0.55;254.24;4.50;846;44;2161.00;148
5451;44;626849482;5451;206;6305;6444;8.86;0.55;254.21;4.50;854;44;2162.00;139
5452;44;626849494;5452;205;6311;6444;8.83;0.55;254.20;4.50;859;44;2163.00;133
5454;44;626849505;5454;206;6319;6444;8.83;0.55;254.24;4.50;865;44;2164.00;125
5455;44;626849521;5455;209;6324;6444;8.75;0.54;254.26;4.50;869;44;2165.00;120
5455;44;626849559;5455;214;6329;6444;8.72;0.54;254.26;4.50;874;44;2166.00;115
5458;44;626849578;5458;217;6336;6444;8.70;0.54;254.14;4.50;878;44;2167.00;108
5463;44;626849595;5463;221;6341;6445;8.68;0.54;254.04;4.51;878;44;2168.00;104
5465;44;626849614;5465;229;6348;6446;8.67;0.54;253.97;4.51;883;44;2169.00;98
5466;44;626849633;5466;230;6355;6446;8.64;0.53;253.93;4.53;889;44;2170.00;91
5471;44;626849646;5471;238;6360;6447;8.58;0.53;253.91;4.53;889;44;2171.00;87
5471;44;626849660;5471;237;6367;6447;8.52;0.52;253.91;4.55;896;44;2172.00;80
5471;44;626849672;5471;248;6374;6447;8.44;0.52;253.91;4.57;903;44;2173.00;73
5474;44;626849692;5474;251;6378;6447;8.35;0.51;253.88;4.57;904;44;2174.00;69
5475;44;626849706;5475;257;6383;6451;8.24;0.51;253.85;4.59;908;44;2175.00;68
5475;44;626849721;5475;265;6383;6451;8.16;0.50;253.85;4.59;908;44;2176.00;68
5478;44;626849741;5478;271;6388;6451;8.04;0.49;253.78;4.60;910;44;2177.00;63
5480;44;626849754;5480;278;6392;6454;7.92;0.49;253.80;4.61;912;44;2178.00;62
5481;44;626849767;5481;285;6397;6454;7.77;0.48;253.90;4.64;916;44;2179.00;57
5481;44;626849780;5481;290;6400;6454;7.68;0.47;253.90;4.65;919;44;2180.00;54
5482;44;626849793;5482;289;6408;6458;7.63;0.47;253.87;4.68;926;44;2181.00;50
5483;44;626849813;5483;301;6410;6459;7.55;0.47;253.85;4.68;927;44;2182.00;49
5486;44;626849825;5486;309;6414;6459;7.53;0.46;253.78;4.69;928;44;2183.00;45
5489;44;626849837;5489;312;6418;6463;7.46;0.46;253.81;4.70;929;44;2184.00;45
5492;44;626849850;5492;321;6422;6463;7.41;0.45;253.73;4.71;930;44;2185.00;41
5493;44;626849862;5493;330;6424;6463;7.38;0.45;253.69;4.72;931;44;2186.00;39
5493;44;626849873;5493;339;6427;6464;7.34;0.45;253.69;4.73;934;44;2187.00;37
5495;44;626849890;5495;347;6428;6464;7.28;0.45;253.69;4.74;933;44;2188.00;36
5496;44;626849901;5496;345;6437;6470;7.26;0.45;253.70;4.75;941;44;2189.00;33
5501;44;626849916;5501;345;6439;6470;7.17;0.44;253.57;4.75;938;44;2190.00;31
5503;44;626849928;5503;351;6441;6471;7.14;0.44;253.52;4.76;938;44;2191.00;30
5504;44;626849941;5504;349;6442;6471;7.11;0.44;253.48;4.76;938;44;2192.00;29
5505;44;626849953;5505;357;6444;6471;7.04;0.43;253.44;4.77;939;44;2193.00;27
5505;44;626849965;5505;354;6445;6471;6.99;0.43;253.44;4.77;940;44;2194.00;26
5505;44;626849977;5505;347;6447;6471;6.96;0.43;253.44;4.78;942;44;2195.00;24
5508;44;626849989;5508;346;6458;6483;7.02;0.43;253.40;4.77;950;44;2196.00;25
5511;44;626850004;5511;342;6459;6483;6.99;0.43;253.35;4.78;948;44;2197.00;24
5513;44;626850028;5513;346;6461;6483;7.04;0.43;253.34;4.78;948;44;2198.00;22
5515;44;626850042;5515;350;6463;6483;7.05;0.43;253.33;4.79;948;44;2199.00;20
5516;44;626850056;5516;350;6463;6483;7.05;0.43;253.29;4.79;947;44;2200.00;20
5517;44;626850074;5517;343;6463;6483;7.03;0.43;253.27;4.79;946;44;2201.00;20
5520;44;626850093;5520;342;6467;6487;7.01;0.43;253.31;4.79;947;44;2202.00;20
5523;45;626850106;5523;347;6467;6487;7.00;0.43;253.28;4.79;944;45;2203.00;20
5527;45;626850130;5527;337;6471;6491;7.00;0.43;253.30;4.79;944;45;2204.00;20
5530;46;626850144;5530;339;6474;6493;6.95;0.42;253.25;4.79;944;46;2205.00;19
5532;46;626850168;5532;335;6474;6493;6.85;0.42;253.29;4.79;942;46;2206.00;19
5537;46;626850180;5537;333;6476;6493;6.63;0.41;253.28;4.79;939;46;2207.00;17
5538;46;626850192;5538;338;6488;6506;6.53;0.40;253.32;4.78;950;46;2208.00;18
5539;46;626850205;5539;349;6488;6506;6.50;0.40;253.28;4.78;949;46;2209.00;18
5542;46;626850217;5542;341;6490;6508;6.43;0.39;253.35;4.78;948;46;2210.00;18
5544;46;626850229;5544;332;6492;6509;6.39;0.39;253.30;4.78;948;46;2211.00;17
5546;46;626850241;5546;322;6492;6510;6.34;0.39;253.35;4.78;946;46;2212.00;18
5547;46;626850254;5547;322;6493;6510;6.35;0.39;253.38;4.78;946;46;2213.00;17
5549;46;626850266;5549;325;6496;6513;6.39;0.39;253.41;4.78;947;46;2214.00;17
5551;46;626850281;5551;324;6496;6513;6.49;0.40;253.49;4.78;945;46;2215.00;17
5552;46;626850293;5552;325;6496;6513;6.59;0.40;253.51;4.78;944;46;2216.00;17
5559;46;626850304;5559;320;6497;6513;6.67;0.41;253.59;4.78;938;46;2217.00;16
5560;46;626850317;5560;317;6500;6519;6.81;0.42;253.62;4.78;940;46;2218.00;19
5564;46;626850330;5564;305;6502;6519;6.90;0.42;253.78;4.78;938;46;2219.00;17
5567;46;626850345;5567;296;6502;6519;6.98;0.43;253.80;4.78;935;46;2220.00;17
5574;46;626850358;5574;287;6504;6519;7.01;0.43;253.76;4.78;930;46;2221.00;15
5577;46;626850370;5577;284;6508;6523;7.09;0.43;253.89;4.78;931;46;2222.00;15
5580;46;626850382;5580;273;6510;6524;7.15;0.44;253.99;4.79;930;46;2223.00;14
5582;46;626850396;5582;268;6510;6524;7.23;0.44;254.00;4.79;928;46;2224.00;14
5588;46;626850410;5588;262;6511;6525;7.26;0.44;254.06;4.79;923;46;2225.00;14
5592;46;626850422;5592;267;6511;6525;7.31;0.45;254.12;4.79;919;46;2226.00;14
5595;46;626850436;5595;262;6511;6525;7.35;0.45;254.10;4.79;916;46;2227.00;14
5600;46;626850448;5600;260;6511;6525;7.37;0.45;254.20;4.79;911;46;2228.00;14
5603;46;626850461;5603;258;6511;6525;7.42;0.45;254.30;4.79;908;46;2229.00;14
5607;46;626850476;5607;254;6511;6525;7.45;0.45;254.35;4.79;904;46;2230.00;14
5614;46;626850488;5614;256;6511;6525;7.48;0.46;254.29;4.79;897;46;2231.00;14
5616;46;626850504;5616;260;6551;6595;7.62;0.47;254.23;4.76;935;46;2232.00;44
5618;46;626850530;5618;262;6554;6596;7.64;0.47;254.30;4.75;936;46;2233.00;42
5624;46;626850544;5624;256;6562;6596;7.76;0.47;254.42;4.75;938;46;2234.00;34
5629;46;626850558;5629;257;6563;6596;7.80;0.48;254.60;4.75;934;46;2235.00;33
5631;46;626850573;5631;255;6565;6596;7.84;0.48;254.67;4.75;934;46;2236.00;31
5634;46;626850586;5634;254;6568;6596;7.92;0.48;254.69;4.75;934;46;2237.00;28
5641;46;626850601;5641;253;6570;6596;7.91;0.48;254.80;4.75;929;46;2238.00;26
5647;46;626850615;5647;259;6574;6596;7.94;0.48;254.86;4.75;927;46;2239.00;22
5651;46;626850629;5651;261;6575;6597;7.91;0.48;254.98;4.75;924;46;2240.00;22
5657;46;626850643;5657;260;6579;6598;7.90;0.48;255.04;4.75;922;46;2241.00;19
5659;46;626850658;5659;273;6580;6598;7.98;0.49;255.07;4.75;921;46;2242.00;18
5663;46;626850671;5663;276;6584;6602;7.99;0.49;255.17;4.75;921;46;2243.00;18
5671;46;626850686;5671;274;6584;6602;8.02;0.49;255.12;4.75;913;46;2244.00;18
5674;46;626850700;5674;276;6584;6602;8.09;0.49;255.20;4.75;910;46;2245.00;18
5676;46;626850714;5676;277;6584;6602;8.10;0.50;255.30;4.75;908;46;2246.00;18
5681;46;626850728;5681;276;6588;6608;8.10;0.49;255.38;4.75;907;46;2247.00;20
5686;46;626850743;5686;280;6589;6608;8.12;0.49;255.52;4.75;903;46;2248.00;19
5689;46;626850757;5689;282;6589;6608;8.11;0.49;255.56;4.75;900;46;2249.00;19
5694;46;626850779;5694;280;6593;6614;8.09;0.49;255.62;4.75;899;46;2250.00;21
5698;46;626850793;5698;285;6593;6614;8.05;0.49;255.69;4.75;895;46;2251.00;21
5703;46;626850807;5703;287;6594;6614;7.98;0.48;255.82;4.75;891;46;2252.00;20
5706;46;626850821;5706;290;6594;6615;7.91;0.48;255.98;4.75;888;46;2253.00;21
5711;46;626850834;5711;295;6596;6616;7.90;0.48;255.97;4.75;885;46;2254.00;20
5717;46;626850848;5717;304;6596;6616;7.85;0.48;256.12;4.75;879;46;2255.00;20
5720;46;626850862;5720;306;6607;6629;7.95;0.48;256.13;4.74;887;46;2256.00;22
5722;46;626850876;5722;295;6607;6629;7.94;0.48;256.15;4.74;885;46;2257.00;22
5728;46;626850890;5728;287;6607;6629;7.95;0.48;256.36;4.74;879;46;2258.00;22
5729;46;626850904;5729;286;6608;6630;8.00;0.49;256.41;4.74;879;46;2259.00;22
5732;46;626850918;5732;284;6608;6630;8.04;0.49;256.38;4.74;876;46;2260.00;22
5737;46;626850932;5737;279;6611;6634;8.04;0.49;256.58;4.74;874;46;2261.00;23
5741;46;626850947;5741;278;6612;6634;8.05;0.49;256.67;4.74;871;46;2262.00;22
5744;46;626850961;5744;277;6615;6638;7.98;0.49;256.83;4.73;871;46;2263.00;23
5749;46;626850982;5749;276;6615;6638;7.94;0.48;256.79;4.73;866;46;2264.00;23
5752;46;626850996;5752;280;6615;6638;7.93;0.48;256.82;4.73;863;46;2265.00;23
5755;46;626851010;5755;265;6615;6638;7.88;0.48;256.82;4.73;860;46;2266.00;23
5761;46;626851029;5761;257;6615;6638;7.87;0.48;256.85;4.73;854;46;2267.00;23
5763;46;626851044;5763;245;6625;6650;7.93;0.48;256.86;4.73;862;46;2268.00;25
5764;47;626851058;5764;238;6625;6650;8.05;0.49;256.84;4.73;861;47;2269.00;25
5765;47;626851085;5765;235;6626;6650;8.25;0.50;256.82;4.73;861;47;2270.00;24
5768;47;626851099;5768;234;6626;6650;8.36;0.51;256.89;4.73;858;47;2271.00;24
5772;47;626851113;5772;234;6626;6650;8.45;0.52;256.96;4.73;854;47;2272.00;24
5773;47;626851127;5773;233;6626;6650;8.56;0.52;256.96;4.73;853;47;2273.00;24
5777;47;626851142;5777;234;6626;6651;8.66;0.53;256.98;4.73;849;47;2274.00;25
5779;47;626851155;5779;238;6626;6651;8.72;0.53;257.05;4.73;847;47;2275.00;25
5784;47;626851169;5784;237;6630;6657;8.77;0.53;257.05;4.72;846;47;2276.00;27
5786;47;626851184;5786;238;6631;6658;8.85;0.54;257.04;4.72;845;47;2277.00;27
5790;47;626851198;5790;231;6632;6658;8.86;0.54;257.02;4.72;842;47;2278.00;26
5792;47;626851212;5792;224;6632;6658;8.90;0.54;257.08;4.72;840;47;2279.00;26
5793;47;626851227;5793;216;6636;6663;8.94;0.54;257.09;4.72;843;47;2280.00;27
5797;47;626851241;5797;214;6636;6663;8.95;0.54;257.04;4.72;839;47;2281.00;27
5799;47;626851254;5799;213;6636;6663;8.94;0.54;257.11;4.72;837;47;2282.00;27
5804;47;626851268;5804;205;6637;6664;8.93;0.54;257.16;4.72;833;47;2283.00;27
5806;47;626851286;5806;210;6640;6668;8.94;0.54;257.25;4.72;834;47;2284.00;28
5807;47;626851299;5807;202;6640;6668;8.97;0.54;257.30;4.72;833;47;2285.00;28
5811;47;626851312;5811;196;6642;6671;9.02;0.55;257.28;4.72;831;47;2286.00;29
5812;47;626851325;5812;189;6642;6671;9.05;0.55;257.25;4.72;830;47;2287.00;29
5814;47;626851338;5814;191;6643;6671;9.01;0.55;257.21;4.72;829;47;2288.00;28
5815;47;626851351;5815;191;6643;6671;9.04;0.55;257.18;4.72;828;47;2289.00;28
5815;47;626851363;5815;190;6646;6675;9.01;0.55;257.18;4.71;831;47;2290.00;29
5818;47;626851381;5818;195;6646;6675;8.95;0.54;257.18;4.71;828;47;2291.00;29
5820;47;626851394;5820;193;6647;6675;8.96;0.54;257.27;4.71;827;47;2292.00;28
5823;47;626851405;5823;186;6647;6675;8.97;0.55;257.23;4.71;824;47;2293.00;28
5827;47;626851416;5827;185;6648;6676;8.88;0.54;257.33;4.73;821;47;2294.00;28
5828;47;626851429;5828;191;6650;6678;8.82;0.54;257.31;4.73;822;47;2295.00;28
5829;47;626851441;5829;193;6650;6678;8.77;0.53;257.30;4.73;821;47;2296.00;28
5831;47;626851453;5831;202;6651;6679;8.72;0.53;257.31;4.73;820;47;2297.00;28
5834;47;626851464;5834;201;6651;6679;8.64;0.52;257.27;4.73;817;47;2298.00;28
5838;47;626851477;5838;206;6651;6679;8.56;0.52;257.22;4.73;813;47;2299.00;28
5839;47;626851489;5839;205;6651;6679;8.48;0.51;257.29;4.73;812;47;2300.00;28
5839;47;626851504;5839;204;6651;6679;8.44;0.51;257.29;4.73;812;47;2301.00;28
5841;47;626851516;5841;193;6651;6679;8.40;0.51;257.30;4.73;810;47;2302.00;28
5843;47;626851532;5843;196;6651;6679;8.33;0.51;257.36;4.73;808;47;2303.00;28
5844;47;626851549;5844;224;6722;6806;8.22;0.51;257.38;4.68;878;47;2304.00;84
5845;47;626851583;5845;208;6722;6807;8.16;0.50;257.40;4.68;877;47;2305.00;85
5846;47;626851600;5846;197;6728;6807;8.24;0.51;257.38;4.68;882;47;2306.00;79
5848;47;626851616;5848;189;6730;6807;8.29;0.51;257.43;4.68;882;47;2307.00;77
5852;47;626851631;5852;186;6734;6807;8.34;0.52;257.48;4.68;882;47;2308.00;73
5853;47;626851644;5853;193;6737;6807;8.34;0.52;257.46;4.68;884;47;2309.00;70
5856;47;626851657;5856;191;6740;6807;8.36;0.52;257.53;4.68;884;47;2310.00;67
5861;47;626851668;5861;189;6742;6807;8.35;0.51;257.57;4.68;881;47;2311.00;65
5865;47;626851680;5865;196;6748;6808;8.38;0.51;257.52;4.68;883;47;2312.00;60
5869;47;626851692;5869;191;6750;6809;8.34;0.51;257.52;4.68;881;47;2313.00;59
5872;47;626851704;5872;190;6755;6809;8.31;0.51;257.51;4.69;883;47;2314.00;54
5874;47;626851717;5874;193;6757;6810;8.27;0.51;257.49;4.70;883;47;2315.00;53
5878;47;626851731;5878;191;6762;6810;8.24;0.51;257.47;4.71;884;47;2316.00;48
5881;47;626851744;5881;194;6765;6810;8.12;0.50;257.42;4.71;884;47;2317.00;45
5882;47;626851756;5882;191;6768;6810;8.07;0.49;257.40;4.71;886;47;2318.00;42
5883;47;626851769;5883;196;6771;6814;8.00;0.49;257.37;4.71;888;47;2319.00;43
5886;47;626851782;5886;196;6772;6814;7.92;0.49;257.33;4.71;886;47;2320.00;42
5886;47;626851794;5886;205;6772;6814;7.87;0.48;257.33;4.71;886;47;2321.00;42
5892;47;626851804;5892;209;6775;6817;7.75;0.47;257.25;4.71;883;47;2322.00;42
5892;47;626851816;5892;211;6775;6817;7.69;0.47;257.25;4.71;883;47;2323.00;42
5894;47;626851827;5894;219;6776;6817;7.71;0.47;257.19;4.72;882;47;2324.00;41
5897;47;626851838;5897;218;6780;6821;7.69;0.47;257.19;4.72;883;47;2325.00;41
5901;47;626851850;5901;220;6781;6822;7.65;0.47;257.22;4.72;880;47;2326.00;41
5903;47;626851862;5903;223;6782;6822;7.65;0.47;257.19;4.72;879;47;2327.00;40
5904;47;626851874;5904;225;6785;6826;7.68;0.47;257.21;4.71;881;47;2328.00;41
5906;47;626851886;5906;232;6786;6826;7.65;0.47;257.17;4.71;880;47;2329.00;40
5909;47;626851899;5909;237;6786;6826;7.58;0.46;257.11;4.71;877;47;2330.00;40
5911;47;626851910;5911;240;6787;6827;7.46;0.45;257.07;4.71;876;47;2331.00;40
5913;47;626851922;5913;243;6787;6827;7.38;0.45;257.08;4.71;874;47;2332.00;40
5914;47;626851941;5914;244;6791;6833;7.42;0.45;257.04;4.71;877;47;2333.00;42
5916;47;626851954;5916;250;6791;6833;7.36;0.45;256.96;4.71;875;47;2334.00;42
5918;47;626851967;5918;267;6792;6834;7.30;0.44;256.94;4.71;874;47;2335.00;42
5919;47;626851979;5919;270;6793;6834;7.23;0.44;256.90;4.73;874;47;2336.00;41
5920;47;626851993;5920;277;6793;6834;7.15;0.43;256.87;4.73;873;47;2337.00;41
5921;47;626852006;5921;281;6793;6834;7.15;0.43;256.88;4.73;872;47;2338.00;41
5921;47;626852019;5921;283;6793;6834;7.18;0.44;256.88;4.73;872;47;2339.00;41
5921;47;626852032;5921;291;6815;6870;7.30;0.45;256.88;4.72;894;47;2340.00;55
5925;47;626852048;5925;293;6817;6870;7.31;0.45;256.82;4.74;892;47;2341.00;53
5926;47;626852062;5926;293;6820;6870;7.33;0.45;256.85;4.75;894;47;2342.00;50
5927;47;626852074;5927;301;6823;6870;7.31;0.44;256.84;4.76;896;47;2343.00;47
5928;47;626852087;5928;303;6826;6870;7.27;0.44;256.84;4.77;898;47;2344.00;44
5928;47;626852100;5928;313;6828;6870;7.23;0.44;256.84;4.78;900;47;2345.00;42
5929;47;626852112;5929;318;6832;6874;7.20;0.44;256.84;4.79;903;47;2346.00;42
5929;47;626852124;5929;308;6833;6874;7.18;0.44;256.84;4.79;904;47;2347.00;41
5930;47;626852143;5930;303;6836;6878;7.12;0.43;256.84;4.80;906;47;2348.00;42
5933;47;626852161;5933;299;6839;6879;7.07;0.43;256.78;4.80;906;47;2349.00;40
5933;47;626852172;5933;286;6841;6879;7.07;0.43;256.78;4.81;908;47;2350.00;38
5933;47;626852184;5933;287;6842;6879;7.07;0.43;256.78;4.81;909;47;2351.00;37
5936;48;626852195;5936;282;6855;6892;7.06;0.43;256.72;4.82;919;48;2352.00;37
5936;48;626852221;5936;278;6855;6892;7.05;0.43;256.72;4.82;919;48;2353.00;37
5937;48;626852233;5937;270;6855;6892;7.06;0.43;256.71;4.82;918;48;2354.00;37
5938;48;626852245;5938;277;6858;6893;7.09;0.43;256.73;4.84;920;48;2355.00;35
5938;48;626852258;5938;278;6859;6894;7.05;0.43;256.73;4.85;921;48;2356.00;35
5939;48;626852270;5939;282;6859;6894;7.03;0.43;256.74;4.85;920;48;2357.00;35
5940;48;626852294;5940;284;6862;6897;7.10;0.43;256.70;4.85;922;48;2358.00;35
5943;48;626852306;5943;287;6862;6897;7.07;0.43;256.70;4.85;919;48;2359.00;35
5945;48;626852324;5945;288;6866;6897;7.07;0.43;256.64;4.87;921;48;2360.00;31
5946;48;626852336;5946;284;6866;6897;7.08;0.43;256.63;4.87;920;48;2361.00;31
5946;49;626852348;5946;283;6872;6903;7.13;0.43;256.63;4.88;926;49;2362.00;31
5946;49;626852373;5946;286;6872;6903;7.15;0.43;256.63;4.88;926;49;2363.00;31
5946;49;626852392;5946;285;6875;6903;7.11;0.43;256.63;4.89;929;49;2364.00;28
5948;49;626852405;5948;289;6875;6903;7.07;0.43;256.58;4.89;927;49;2365.00;28
5949;49;626852423;5949;291;6879;6907;7.08;0.43;256.55;4.90;930;49;2366.00;28
5950;49;626852436;5950;294;6881;6908;7.10;0.43;256.53;4.90;931;49;2367.00;27
5952;49;626852449;5952;297;6881;6908;7.15;0.43;256.48;4.90;929;49;2368.00;27
5953;49;626852461;5953;297;6884;6909;7.11;0.43;256.49;4.90;931;49;2369.00;25
5953;49;626852475;5953;294;6884;6909;7.19;0.44;256.49;4.90;931;49;2370.00;25
5957;49;626852488;5957;294;6885;6909;7.19;0.44;256.49;4.91;928;49;2371.00;24
5959;49;626852499;5959;296;6885;6909;7.18;0.44;256.49;4.91;926;49;2372.00;24
5960;49;626852510;5960;293;6887;6909;7.16;0.44;256.53;4.92;927;49;2373.00;22
5962;49;626852525;5962;288;6887;6909;7.18;0.44;256.54;4.92;925;49;2374.00;22
5967;49;626852537;5967;286;6888;6909;7.14;0.44;256.58;4.92;921;49;2375.00;21
5971;49;626852549;5971;288;6926;6979;7.24;0.45;256.63;4.90;955;49;2376.00;53
5974;49;626852569;5974;293;6926;6980;7.18;0.44;256.60;4.90;952;49;2377.00;54
5982;49;626852581;5982;296;6936;6980;7.13;0.44;256.69;4.90;954;49;2378.00;44
5986;49;626852592;5986;296;6942;6980;7.06;0.43;256.74;4.90;956;49;2379.00;38
5990;49;626852604;5990;288;6947;6980;6.97;0.43;256.82;4.90;957;49;2380.00;33
5993;49;626852615;5993;282;6953;6980;6.90;0.42;256.88;4.90;960;49;2381.00;27
5999;49;626852626;5999;274;6957;6980;6.84;0.42;256.88;4.90;958;49;2382.00;23
6002;49;626852638;6002;286;6958;6980;6.84;0.42;256.99;4.90;956;49;2383.00;22
6007;49;626852650;6007;295;6962;6981;6.84;0.42;256.95;4.90;955;49;2384.00;19
6010;49;626852662;6010;305;6964;6983;6.85;0.42;257.05;4.90;954;49;2385.00;19
6013;49;626852675;6013;308;6964;6983;6.90;0.42;257.17;4.90;951;49;2386.00;19
6015;49;626852687;6015;314;6968;6987;6.94;0.43;257.24;4.90;953;49;2387.00;19
6018;49;626852705;6018;318;6968;6987;6.99;0.43;257.35;4.90;950;49;2388.00;19
6023;49;626852718;6023;311;6968;6987;7.02;0.43;257.40;4.90;945;49;2389.00;19
6028;49;626852731;6028;310;6968;6987;7.06;0.43;257.40;4.90;940;49;2390.00;19
6032;49;626852743;6032;312;6973;6993;7.09;0.43;257.43;4.89;941;49;2391.00;20
6037;49;626852757;6037;311;6973;6993;7.11;0.44;257.53;4.89;936;49;2392.00;20
6040;49;626852770;6040;311;6974;6993;7.15;0.44;257.53;4.89;934;49;2393.00;19
6045;49;626852788;6045;309;6976;6996;7.17;0.44;257.66;4.89;931;49;2394.00;20
6047;49;626852802;6047;308;6976;6996;7.30;0.45;257.72;4.89;929;49;2395.00;20
6054;49;626852815;6054;304;6977;6996;7.35;0.45;257.86;4.89;923;49;2396.00;19
6059;49;626852828;6059;302;6977;6997;7.38;0.45;257.93;4.89;918;49;2397.00;20
6062;49;626852841;6062;299;6978;6998;7.41;0.46;257.95;4.89;916;49;2398.00;20
6068;49;626852853;6068;291;6978;6998;7.46;0.46;257.98;4.89;910;49;2399.00;20
6074;49;626852869;6074;292;7003;7057;7.51;0.46;258.17;4.87;929;49;2400.00;54
6081;49;626852894;6081;284;7006;7057;7.56;0.46;258.19;4.87;925;49;2401.00;51
6086;49;626852908;6086;280;7008;7057;7.64;0.47;258.20;4.87;922;49;2402.00;49
6090;49;626852922;6090;268;7010;7058;7.68;0.47;258.31;4.87;920;49;2403.00;48
6094;49;626852935;6094;273;7011;7058;7.73;0.47;258.38;4.87;917;49;2404.00;47
6100;49;626852949;6100;273;7013;7062;7.74;0.47;258.36;4.87;913;49;2405.00;49
6103;49;626852970;6103;276;7015;7062;7.73;0.47;258.45;4.87;912;49;2406.00;47
6106;49;626852989;6106;279;7019;7066;7.75;0.47;258.49;4.87;913;49;2407.00;47
6110;49;626853004;6110;287;7021;7066;7.76;0.48;258.54;4.87;911;49;2408.00;45
6114;49;626853018;6114;287;7021;7066;7.77;0.48;258.53;4.87;907;49;2409.00;45
6120;49;626853032;6120;289;7021;7066;7.80;0.48;258.58;4.87;901;49;2410.00;45
6125;49;626853046;6125;288;7021;7066;7.78;0.48;258.76;4.87;896;49;2411.00;45
6131;49;626853066;6131;292;7029;7078;7.76;0.48;258.84;4.86;898;49;2412.00;49
6134;49;626853082;6134;294;7030;7078;7.72;0.47;258.85;4.87;896;49;2413.00;48
6138;49;626853096;6138;300;7033;7078;7.64;0.47;258.98;4.87;895;49;2414.00;45
6140;49;626853109;6140;302;7033;7078;7.60;0.47;258.94;4.87;893;49;2415.00;45
6143;49;626853122;6143;311;7033;7078;7.54;0.46;258.96;4.87;890;49;2416.00;45
6148;49;626853136;6148;317;7033;7078;7.48;0.46;258.96;4.87;885;49;2417.00;45
6153;49;626853149;6153;317;7034;7079;7.44;0.45;259.07;4.87;881;49;2418.00;45
6154;49;626853163;6154;317;7035;7079;7.49;0.46;259.06;4.87;881;49;2419.00;44
6159;49;626853176;6159;321;7040;7085;7.49;0.46;259.13;4.87;881;49;2420.00;45
6165;49;626853190;6165;317;7041;7086;7.41;0.45;259.21;4.87;876;49;2421.00;45
6166;49;626853203;6166;313;7041;7086;7.39;0.45;259.27;4.87;875;49;2422.00;45
6168;49;626853216;6168;316;7041;7086;7.35;0.45;259.32;4.87;873;49;2423.00;45
6171;49;626853229;6171;323;7044;7090;7.33;0.45;259.46;4.87;873;49;2424.00;46
6175;49;626853242;6175;329;7045;7090;7.23;0.44;259.56;4.88;870;49;2425.00;45
6175;49;626853255;6175;329;7047;7090;7.20;0.44;259.56;4.88;872;49;2426.00;43
6181;49;626853267;6181;316;7048;7091;7.15;0.43;259.70;4.88;867;49;2427.00;43
6184;49;626853281;6184;305;7052;7095;7.17;0.44;259.83;4.88;868;49;2428.00;43
6188;49;626853294;6188;300;7053;7095;7.24;0.44;259.84;4.88;865;49;2429.00;42
6192;49;626853309;6192;295;7058;7101;7.29;0.44;259.89;4.88;866;49;2430.00;43
6194;49;626853323;6194;285;7058;7101;7.34;0.45;259.90;4.88;864;49;2431.00;43
6198;49;626853336;6198;276;7058;7101;7.37;0.45;259.97;4.88;860;49;2432.00;43
6201;49;626853350;6201;275;7059;7101;7.38;0.45;260.05;4.88;858;49;2433.00;42
6204;49;626853362;6204;276;7062;7105;7.45;0.45;260.17;4.88;858;49;2434.00;43
6207;49;626853377;6207;279;7064;7105;7.44;0.45;260.28;4.89;857;49;2435.00;41
6208;49;626853389;6208;261;7064;7105;7.54;0.46;260.26;4.89;856;49;2436.00;41
6210;49;626853402;6210;257;7064;7105;7.68;0.47;260.31;4.89;854;49;2437.00;41
6211;49;626853414;6211;247;7065;7106;7.75;0.47;260.31;4.89;854;49;2438.00;41
6214;49;626853426;6214;240;7067;7107;7.83;0.48;260.32;4.89;853;49;2439.00;40
6216;49;626853441;6216;237;7067;7107;7.99;0.49;260.33;4.89;851;49;2440.00;40
6217;49;626853454;6217;234;7069;7108;8.12;0.49;260.32;4.89;852;49;2441.00;39
6219;49;626853468;6219;235;7069;7108;8.17;0.50;260.39;4.89;850;49;2442.00;39
6221;49;626853481;6221;235;7069;7108;8.25;0.50;260.47;4.89;848;49;2443.00;39
6225;49;626853495;6225;227;7069;7108;8.32;0.51;260.53;4.89;844;49;2444.00;39
6226;49;626853508;6226;219;7070;7108;8.40;0.51;260.53;4.93;844;49;2445.00;38
6230;49;626853526;6230;219;7070;7108;8.41;0.51;260.55;4.93;840;49;2446.00;38
6233;49;626853559;6233;209;7071;7108;8.48;0.52;260.54;4.94;838;49;2447.00;37
6237;49;626853580;6237;217;7132;7235;8.66;0.53;260.55;4.89;895;49;2448.00;103
6239;49;626853626;6239;215;7138;7236;8.68;0.54;260.56;4.89;899;49;2449.00;98
6241;49;626853643;6241;209;7143;7236;8.79;0.54;260.61;4.89;902;49;2450.00;93
6242;49;626853656;6242;204;7148;7236;8.87;0.55;260.59;4.89;906;49;2451.00;88
6246;49;626853669;6246;198;7150;7236;8.91;0.55;260.61;4.89;904;49;2452.00;86
6247;49;626853688;6247;197;7154;7236;8.97;0.55;260.60;4.90;907;49;2453.00;82
6252;49;626853701;6252;199;7157;7236;9.00;0.55;260.64;4.90;905;49;2454.00;79
6253;49;626853713;6253;197;7160;7236;8.99;0.55;260.70;4.90;907;49;2455.00;76
6257;49;626853726;6257;197;7162;7237;8.92;0.55;260.76;4.90;905;49;2456.00;75
6258;49;626853739;6258;200;7165;7238;8.92;0.55;260.81;4.90;907;49;2457.00;73
6264;49;626853751;6264;206;7170;7238;8.81;0.54;260.94;4.91;906;49;2458.00;68
6268;49;626853765;6268;208;7173;7239;8.72;0.53;261.10;4.91;905;49;2459.00;66
6269;49;626853778;6269;216;7176;7239;8.63;0.53;261.10;4.92;907;49;2460.00;63
6274;49;626853790;6274;228;7181;7239;8.53;0.52;261.19;4.96;907;49;2461.00;58
6276;49;626853802;6276;235;7184;7239;8.43;0.52;261.21;4.97;908;49;2462.00;55
6278;50;626853815;6278;242;7188;7243;8.38;0.51;261.20;4.97;910;50;2463.00;55
6281;50;626853850;6281;253;7192;7243;8.31;0.51;261.23;4.98;911;50;2464.00;51
6284;50;626853862;6284;256;7194;7243;8.21;0.50;261.21;4.99;910;50;2465.00;49
6287;50;626853874;6287;262;7197;7246;8.14;0.50;261.23;4.99;910;50;2466.00;49
6289;50;626853886;6289;269;7199;7246;8.06;0.49;261.22;5.03;910;50;2467.00;47
6294;50;626853898;6294;276;7199;7246;7.94;0.48;261.25;5.03;905;50;2468.00;47
6295;50;626853909;6295;275;7203;7250;7.91;0.48;261.22;5.03;908;50;2469.00;47
6296;50;626853921;6296;272;7205;7251;7.84;0.48;261.26;5.03;909;50;2470.00;46
6299;50;626853933;6299;269;7206;7251;7.80;0.48;261.26;5.07;907;50;2471.00;45
6303;50;626853944;6303;266;7209;7255;7.78;0.47;261.18;5.07;906;50;2472.00;46
6306;50;626853956;6306;266;7210;7255;7.76;0.47;261.12;5.11;904;50;2473.00;45
6308;50;626853967;6308;260;7210;7255;7.67;0.47;261.12;5.11;902;50;2474.00;45
6309;50;626853979;6309;259;7213;7257;7.61;0.46;261.08;5.16;904;50;2475.00;44
6312;50;626853990;6312;263;7213;7257;7.54;0.46;261.11;5.16;901;50;2476.00;44
6315;50;626854002;6315;263;7217;7263;7.50;0.46;261.12;5.15;902;50;2477.00;46
6316;50;626854013;6316;266;7218;7263;7.49;0.46;261.09;5.20;902;50;2478.00;45
6322;50;626854024;6322;260;7219;7264;7.38;0.45;261.03;5.20;897;50;2479.00;45
6324;50;626854035;6324;259;7220;7264;7.29;0.44;261.06;5.24;896;50;2480.00;44
6328;50;626854045;6328;255;7220;7264;7.13;0.43;261.14;5.24;892;50;2481.00;44
6329;50;626854057;6329;243;7220;7264;7.01;0.43;261.25;5.24;891;50;2482.00;44
6331;50;626854068;6331;235;7221;7264;6.90;0.42;261.24;5.28;890;50;2483.00;43
6334;50;626854077;6334;230;7231;7276;6.94;0.42;261.18;5.28;897;50;2484.00;45
6339;50;626854089;6339;225;7233;7276;6.89;0.42;261.13;5.30;894;50;2485.00;43
6345;50;626854101;6345;232;7235;7276;6.87;0.42;261.08;5.34;890;50;2486.00;41
6348;50;626854118;6348;233;7235;7276;6.82;0.41;261.11;5.34;887;50;2487.00;41
6348;50;626854128;6348;232;7236;7276;6.84;0.41;261.11;5.39;888;50;2488.00;40
6351;50;626854138;6351;229;7236;7276;6.79;0.41;261.04;5.39;885;50;2489.00;40
6353;50;626854150;6353;235;7240;7280;6.80;0.41;261.02;5.43;887;50;2490.00;40
6355;50;626854162;6355;239;7240;7280;6.81;0.41;261.01;5.43;885;50;2491.00;40
6356;50;626854171;6356;233;7243;7284;6.87;0.41;261.01;5.43;887;50;2492.00;41
6356;50;626854182;6356;238;7245;7285;6.97;0.42;261.01;5.43;889;50;2493.00;40
6357;50;626854192;6357;249;7246;7285;6.98;0.42;261.00;5.47;889;50;2494.00;39
6357;50;626854202;6357;240;7247;7285;7.00;0.42;261.00;5.48;890;50;2495.00;38
6359;50;626854212;6359;250;7255;7298;6.97;0.42;260.95;5.48;896;50;2496.00;43
6359;50;626854232;6359;246;7255;7298;6.95;0.42;260.95;5.48;896;50;2497.00;43
6362;50;626854242;6362;251;7256;7298;6.97;0.42;260.87;5.48;894;50;2498.00;42
6362;50;626854252;6362;241;7257;7299;7.00;0.42;260.87;5.48;895;50;2499.00;42
6365;50;626854265;6365;226;7257;7300;6.98;0.42;260.83;5.48;892;50;2500.00;43
6366;50;626854281;6366;222;7258;7300;6.99;0.42;260.79;5.49;892;50;2501.00;42
6367;50;626854292;6367;215;7260;7303;7.05;0.43;260.78;5.49;893;50;2502.00;43
6370;50;626854304;6370;214;7261;7303;7.13;0.43;260.74;5.49;891;50;2503.00;42
6370;50;626854315;6370;211;7261;7303;7.26;0.44;260.74;5.49;891;50;2504.00;42
6370;50;626854326;6370;214;7261;7303;7.36;0.45;260.74;5.49;891;50;2505.00;42
6372;50;626854344;6372;208;7265;7309;7.56;0.46;260.76;5.49;893;50;2506.00;44
6372;51;626854356;6372;210;7267;7309;7.61;0.46;260.76;5.51;895;51;2507.00;42
6372;51;626854386;6372;205;7268;7309;7.71;0.47;260.76;5.51;896;51;2508.00;41
6373;51;626854398;6373;206;7269;7309;7.73;0.47;260.81;5.51;896;51;2509.00;40
6375;51;626854410;6375;205;7273;7313;7.70;0.47;260.80;5.52;898;51;2510.00;40
6378;51;626854421;6378;200;7275;7314;7.68;0.46;260.76;5.53;897;51;2511.00;39
6378;51;626854432;6378;204;7277;7314;7.72;0.47;260.76;5.55;899;51;2512.00;37
6379;51;626854443;6379;201;7280;7315;7.71;0.47;260.75;5.56;901;51;2513.00;35
6380;51;626854455;6380;203;7281;7315;7.71;0.47;260.76;5.58;901;51;2514.00;34
6381;51;626854465;6381;208;7283;7315;7.74;0.47;260.74;5.59;902;51;2515.00;32
6382;51;626854478;6382;210;7284;7315;7.75;0.47;260.75;5.60;902;51;2516.00;31
6382;51;626854489;6382;207;7285;7315;7.80;0.47;260.75;5.61;903;51;2517.00;30
6382;51;626854501;6382;211;7285;7315;7.83;0.48;260.75;5.61;903;51;2518.00;30
6384;51;626854512;6384;208;7287;7315;7.84;0.48;260.73;5.63;903;51;2519.00;28
6384;51;626854533;6384;223;7344;7440;8.04;0.49;260.73;5.60;960;51;2520.00;96
6386;51;626854554;6386;221;7347;7441;7.98;0.49;260.69;5.60;961;51;2521.00;94
6388;51;626854566;6388;215;7360;7441;7.98;0.49;260.72;5.60;972;51;2522.00;81
6389;51;626854578;6389;221;7367;7441;7.96;0.49;260.70;5.60;978;51;2523.00;74
6391;51;626854589;6391;224;7371;7441;7.93;0.49;260.70;5.60;980;51;2524.00;70
6394;51;626854606;6394;223;7376;7441;7.87;0.48;260.72;5.62;982;51;2525.00;65
6396;51;626854624;6396;230;7379;7441;7.83;0.48;260.81;5.62;983;51;2526.00;62
6399;51;626854635;6399;236;7383;7441;7.74;0.47;260.87;5.63;984;51;2527.00;58
6401;51;626854651;6401;239;7388;7442;7.74;0.47;260.82;5.63;987;51;2528.00;54
6403;51;626854669;6403;239;7396;7443;7.73;0.47;260.85;5.64;993;51;2529.00;47
6405;51;626854682;6405;239;7397;7443;7.68;0.47;260.92;5.64;992;51;2530.00;46
6410;51;626854695;6410;235;7404;7447;7.57;0.46;260.88;5.65;994;51;2531.00;43
6411;51;626854709;6411;235;7405;7447;7.54;0.46;260.89;5.65;994;51;2532.00;42
6416;51;626854722;6416;235;7406;7447;7.51;0.46;260.88;5.65;990;51;2533.00;41
6417;51;626854735;6417;239;7408;7447;7.52;0.46;260.89;5.66;991;51;2534.00;39
6420;51;626854748;6420;234;7412;7453;7.60;0.46;260.94;5.66;992;51;2535.00;41
6423;51;626854762;6423;238;7414;7453;7.60;0.46;260.95;5.66;991;51;2536.00;39
6426;51;626854776;6426;241;7417;7455;7.60;0.46;261.00;5.67;991;51;2537.00;38
6430;51;626854790;6430;237;7421;7458;7.63;0.47;260.99;5.67;991;51;2538.00;37
6433;51;626854804;6433;236;7421;7458;7.67;0.47;261.03;5.67;988;51;2539.00;37
6435;51;626854817;6435;244;7423;7458;7.60;0.46;261.02;5.68;988;51;2540.00;35
6436;51;626854830;6436;252;7423;7459;7.58;0.46;261.05;5.68;987;51;2541.00;36
6441;51;626854844;6441;259;7424;7460;7.47;0.46;261.06;5.68;983;51;2542.00;36
6445;51;626854857;6445;258;7425;7460;7.35;0.45;261.11;5.69;980;51;2543.00;35
6450;51;626854870;6450;271;7438;7473;7.21;0.44;261.12;5.69;988;51;2544.00;35
6454;51;626854885;6454;275;7438;7473;7.19;0.44;261.19;5.69;984;51;2545.00;35
6457;51;626854898;6457;276;7440;7473;7.14;0.44;261.21;5.69;983;51;2546.00;33
6461;51;626854911;6461;280;7442;7474;7.11;0.44;261.20;5.69;981;51;2547.00;32
6467;51;626854924;6467;281;7443;7474;7.01;0.43;261.25;5.70;976;51;2548.00;31
6472;51;626854937;6472;282;7448;7478;6.94;0.43;261.32;5.71;976;51;2549.00;30
6475;51;626854953;6475;272;7452;7481;6.88;0.42;261.29;5.71;977;51;2550.00;29
6480;51;626854967;6480;263;7455;7485;6.80;0.42;261.34;5.71;975;51;2551.00;30
6485;51;626854980;6485;264;7455;7485;6.73;0.41;261.48;5.71;970;51;2552.00;30
6488;51;626854991;6488;259;7456;7485;6.69;0.41;261.50;5.71;968;51;2553.00;29
6489;51;626855003;6489;262;7459;7485;6.71;0.41;261.51;5.72;970;51;2554.00;26
6494;51;626855015;6494;264;7460;7485;6.66;0.41;261.60;5.72;966;51;2555.00;25
6498;51;626855026;6498;268;7471;7497;6.77;0.42;261.69;5.71;973;51;2556.00;26
6499;51;626855039;6499;271;7472;7497;6.82;0.42;261.69;5.71;973;51;2557.00;25
6503;51;626855050;6503;271;7472;7497;6.87;0.42;261.78;5.71;969;51;2558.00;25
6507;51;626855062;6507;262;7472;7497;6.92;0.43;261.79;5.71;965;51;2559.00;25
6512;51;626855074;6512;258;7472;7497;6.99;0.43;261.99;5.71;960;51;2560.00;25
6515;51;626855085;6515;254;7473;7497;7.04;0.43;262.12;5.75;958;51;2561.00;24
6517;51;626855099;6517;250;7473;7498;7.09;0.44;262.18;5.75;956;51;2562.00;25
6520;51;626855110;6520;249;7473;7498;7.12;0.44;262.30;5.75;953;51;2563.00;25
6527;51;626855122;6527;246;7477;7504;7.24;0.45;262.34;5.75;950;51;2564.00;27
6529;51;626855136;6529;250;7480;7506;7.38;0.45;262.36;5.75;951;51;2565.00;26
6534;51;626855148;6534;247;7480;7506;7.45;0.46;262.50;5.75;946;51;2566.00;26
6540;51;626855161;6540;245;7480;7506;7.50;0.46;262.56;5.75;940;51;2567.00;26
6546;51;626855173;6546;245;7483;7510;7.61;0.47;262.59;5.75;937;51;2568.00;27
6551;51;626855185;6551;241;7483;7510;7.61;0.47;262.61;5.75;932;51;2569.00;27
6559;51;626855197;6559;238;7483;7510;7.62;0.47;262.65;5.75;924;51;2570.00;27
6561;51;626855209;6561;235;7484;7511;7.71;0.47;262.67;5.75;923;51;2571.00;27
6565;51;626855221;6565;232;7487;7515;7.80;0.48;262.69;5.74;922;51;2572.00;28
6573;51;626855234;6573;223;7487;7515;7.85;0.48;262.69;5.74;914;51;2573.00;28
6574;51;626855247;6574;225;7489;7518;8.00;0.49;262.70;5.74;915;51;2574.00;29
6578;51;626855259;6578;222;7490;7518;8.06;0.49;262.86;5.74;912;51;2575.00;28
6585;51;626855272;6585;221;7490;7518;8.05;0.49;263.01;5.74;905;51;2576.00;28
6589;51;626855284;6589;220;7490;7518;8.10;0.50;263.04;5.74;901;51;2577.00;28
6596;51;626855296;6596;215;7493;7522;8.11;0.50;263.15;5.74;897;51;2578.00;29
6602;51;626855309;6602;216;7494;7522;8.07;0.49;263.22;5.78;892;51;2579.00;28
6605;51;626855323;6605;216;7495;7522;8.10;0.50;263.19;5.78;890;51;2580.00;27
6611;51;626855335;6611;217;7495;7522;8.03;0.49;263.37;5.78;884;51;2581.00;27
6615;51;626855348;6615;220;7495;7523;7.97;0.49;263.42;5.78;880;51;2582.00;28
6620;51;626855360;6620;226;7496;7524;7.99;0.49;263.46;5.78;876;51;2583.00;28
6624;51;626855372;6624;230;7496;7524;8.00;0.49;263.43;5.78;872;51;2584.00;28
6627;51;626855384;6627;232;7497;7525;8.02;0.49;263.50;5.77;870;51;2585.00;28
6631;51;626855396;6631;242;7497;7525;8.03;0.49;263.63;5.77;866;51;2586.00;28
6633;51;626855408;6633;244;7497;7525;7.99;0.49;263.56;5.77;864;51;2587.00;28
6639;51;626855420;6639;247;7497;7525;7.95;0.49;263.71;5.77;858;51;2588.00;28
6643;51;626855432;6643;244;7497;7525;7.90;0.48;263.74;5.77;854;51;2589.00;28
6645;51;626855443;6645;248;7497;7525;7.81;0.48;263.77;5.77;852;51;2590.00;28
6647;51;626855454;6647;251;7497;7525;7.71;0.47;263.82;5.77;850;51;2591.00;28
6649;51;626855465;6649;278;7563;7652;7.78;0.48;263.90;5.72;914;51;2592.00;89
6653;51;626855486;6653;274;7566;7653;7.66;0.48;263.94;5.72;913;51;2593.00;87
6659;51;626855498;6659;278;7576;7653;7.61;0.47;263.88;5.72;917;51;2594.00;77
6666;51;626855511;6666;276;7578;7653;7.54;0.47;263.95;5.72;912;51;2595.00;75
6667;51;626855525;6667;284;7582;7653;7.51;0.46;263.96;5.72;915;51;2596.00;71
6670;51;626855543;6670;280;7586;7653;7.55;0.47;264.00;5.72;916;51;2597.00;67
6672;51;626855562;6672;271;7590;7653;7.55;0.47;264.00;5.72;918;51;2598.00;63
6674;51;626855582;6674;270;7593;7653;7.61;0.47;264.04;5.72;919;51;2599.00;60
6676;51;626855601;6676;272;7596;7654;7.60;0.47;264.08;5.72;920;51;2600.00;58
6680;51;626855628;6680;269;7602;7655;7.64;0.47;264.10;5.72;922;51;2601.00;53
6683;51;626855644;6683;268;7604;7655;7.66;0.47;264.13;5.72;921;51;2602.00;51
6684;51;626855658;6684;267;7607;7656;7.66;0.47;264.12;5.72;923;51;2603.00;49
6689;51;626855672;6689;271;7609;7656;7.63;0.47;264.14;5.72;920;51;2604.00;47
6694;51;626855686;6694;271;7611;7656;7.60;0.47;264.23;5.73;917;51;2605.00;45
6697;51;626855701;6697;264;7613;7656;7.62;0.47;264.21;5.73;916;51;2606.00;43
6701;51;626855714;6701;249;7616;7660;7.69;0.47;264.21;5.73;915;51;2607.00;44
6703;51;626855730;6703;246;7618;7660;7.72;0.48;264.30;5.73;915;51;2608.00;42
6705;52;626855743;6705;251;7619;7660;7.81;0.48;264.30;5.73;914;52;2609.00;41
6709;52;626855773;6709;248;7622;7666;7.86;0.48;264.30;5.73;913;52;2610.00;44
6713;52;626855787;6713;248;7623;7666;7.90;0.48;264.32;5.73;910;52;2611.00;43
6717;52;626855807;6717;249;7624;7666;7.87;0.48;264.37;5.73;907;52;2612.00;42
6717;52;626855820;6717;252;7627;7670;7.90;0.48;264.37;5.73;910;52;2613.00;43
6720;52;626855834;6720;257;7629;7671;7.95;0.49;264.40;5.73;909;52;2614.00;42
6722;52;626855848;6722;264;7629;7671;7.99;0.49;264.35;5.73;907;52;2615.00;42
6725;52;626855860;6725;266;7633;7675;8.04;0.49;264.48;5.72;908;52;2616.00;42
6727;52;626855874;6727;257;7634;7675;8.10;0.49;264.48;5.72;907;52;2617.00;41
6729;52;626855894;6729;250;7634;7675;8.12;0.49;264.50;5.72;905;52;2618.00;41
6731;52;626855907;6731;253;7635;7676;8.21;0.50;264.50;5.72;904;52;2619.00;41
6734;52;626855920;6734;248;7635;7676;8.32;0.50;264.51;5.72;901;52;2620.00;41
6736;52;626855934;6736;245;7639;7682;8.38;0.51;264.51;5.72;903;52;2621.00;43
6737;52;626855947;6737;248;7640;7682;8.40;0.51;264.51;5.72;903;52;2622.00;42
6738;52;626855960;6738;254;7640;7683;8.43;0.51;264.50;5.72;902;52;2623.00;43
6741;52;626855973;6741;259;7640;7683;8.40;0.51;264.54;5.72;899;52;2624.00;43
6744;52;626855985;6744;254;7640;7683;8.34;0.51;264.58;5.72;896;52;2625.00;43
6745;52;626855998;6745;263;7640;7683;8.35;0.51;264.55;5.72;895;52;2626.00;43
6748;52;626856009;6748;265;7640;7683;8.33;0.51;264.54;5.72;892;52;2627.00;43
6750;52;626856022;6750;266;7650;7695;8.34;0.51;264.49;5.71;900;52;2628.00;45
6750;52;626856035;6750;265;7651;7695;8.32;0.51;264.49;5.71;901;52;2629.00;44
6752;52;626856046;6752;267;7651;7695;8.27;0.50;264.45;5.71;899;52;2630.00;44
6756;52;626856058;6756;268;7651;7695;8.17;0.50;264.39;5.71;895;52;2631.00;44
6758;52;626856071;6758;275;7651;7695;8.16;0.50;264.37;5.71;893;52;2632.00;44
6758;52;626856082;6758;278;7651;7695;8.11;0.49;264.37;5.71;893;52;2633.00;44
6761;52;626856094;6761;281;7654;7699;8.01;0.49;264.33;5.71;893;52;2634.00;45
6763;52;626856105;6763;287;7654;7699;7.94;0.48;264.28;5.71;891;52;2635.00;45
6769;52;626856117;6769;293;7657;7703;7.86;0.48;264.22;5.71;888;52;2636.00;46
6770;52;626856129;6770;291;7658;7704;7.79;0.47;264.20;5.71;888;52;2637.00;46
6771;52;626856141;6771;301;7659;7704;7.76;0.47;264.17;5.71;888;52;2638.00;45
6774;52;626856152;6774;304;7659;7704;7.60;0.46;264.16;5.71;885;52;2639.00;45
6778;52;626856165;6778;308;7679;7733;7.53;0.46;264.24;5.69;901;52;2640.00;54
6779;52;626856179;6779;301;7680;7733;7.39;0.45;264.25;5.69;901;52;2641.00;53
6780;52;626856190;6780;307;7683;7733;7.36;0.45;264.26;5.69;903;52;2642.00;50
6784;52;626856200;6784;303;7685;7734;7.29;0.44;264.22;5.69;901;52;2643.00;49
6785;52;626856211;6785;302;7685;7735;7.25;0.44;264.18;5.69;900;52;2644.00;50
6786;52;626856222;6786;299;7685;7735;7.17;0.44;264.21;5.69;899;52;2645.00;50
6789;52;626856232;6789;300;7688;7738;7.13;0.43;264.27;5.69;899;52;2646.00;50
6790;52;626856243;6790;306;7688;7738;7.06;0.43;264.25;5.69;898;52;2647.00;50
6792;52;626856254;6792;309;7688;7738;7.04;0.43;264.31;5.69;896;52;2648.00;50
6792;52;626856264;6792;305;7688;7738;7.01;0.43;264.31;5.69;896;52;2649.00;50
6793;52;626856274;6793;306;7692;7744;6.96;0.42;264.33;5.68;899;52;2650.00;52
6794;52;626856284;6794;291;7692;7744;6.88;0.42;264.35;5.68;898;52;2651.00;52
6796;52;626856295;6796;282;7693;7744;6.83;0.42;264.35;5.68;897;52;2652.00;51
6799;52;626856305;6799;269;7693;7744;6.79;0.41;264.34;5.68;894;52;2653.00;51
6802;52;626856315;6802;256;7698;7748;6.77;0.41;264.35;5.74;896;52;2654.00;50
6804;52;626856327;6804;243;7700;7750;6.81;0.41;264.35;5.74;896;52;2655.00;50
6805;53;626856338;6805;236;7701;7750;6.89;0.42;264.36;5.75;896;53;2656.00;49
6809;53;626856365;6809;228;7702;7751;6.91;0.42;264.39;5.75;893;53;2657.00;49
6812;53;626856377;6812;221;7702;7751;7.00;0.43;264.39;5.75;890;53;2658.00;49
6816;53;626856389;6816;213;7702;7751;7.05;0.43;264.35;5.75;886;53;2659.00;49
6818;53;626856401;6818;209;7702;7751;7.10;0.43;264.31;5.75;884;53;2660.00;49
6821;53;626856421;6821;208;7702;7751;7.18;0.43;264.28;5.75;881;53;2661.00;49
6823;53;626856432;6823;203;7702;7751;7.23;0.44;264.23;5.75;879;53;2662.00;49
6823;53;626856442;6823;201;7702;7751;7.30;0.44;264.23;5.75;879;53;2663.00;49
6827;53;626856460;6827;202;7738;7821;7.51;0.46;264.12;5.72;911;53;2664.00;83
6828;53;626856478;6828;199;7741;7822;7.54;0.46;264.09;5.72;913;53;2665.00;81
6830;53;626856491;6830;192;7748;7822;7.70;0.47;264.10;5.72;918;53;2666.00;74
6833;53;626856502;6833;191;7752;7822;7.72;0.47;264.04;5.72;919;53;2667.00;70
6835;53;626856513;6835;190;7756;7822;7.78;0.47;264.04;5.72;921;53;2668.00;66
6835;53;626856525;6835;193;7757;7822;7.83;0.47;264.04;5.72;922;53;2669.00;65
6836;53;626856538;6836;201;7760;7822;7.86;0.48;264.05;5.72;924;53;2670.00;62
6838;53;626856550;6838;194;7763;7822;7.91;0.48;264.01;5.72;925;53;2671.00;59
6840;53;626856562;6840;192;7764;7823;7.91;0.48;263.96;5.72;924;53;2672.00;59
6842;54;626856574;6842;195;7768;7824;7.98;0.48;263.98;5.72;926;54;2673.00;56
6843;54;626856604;6843;200;7770;7824;8.03;0.49;263.95;5.72;927;54;2674.00;54
6845;54;626856616;6845;203;7773;7828;8.01;0.49;263.92;5.72;928;54;2675.00;55
6846;54;626856627;6846;205;7773;7828;8.01;0.49;263.88;5.72;927;54;2676.00;55
6850;54;626856639;6850;204;7774;7828;8.00;0.49;263.94;5.73;924;54;2677.00;54
6852;54;626856651;6852;204;7774;7828;8.00;0.49;264.00;5.73;922;54;2678.00;54
6855;54;626856662;6855;207;7778;7834;8.05;0.49;264.00;5.73;923;54;2679.00;56
6857;54;626856675;6857;212;7780;7834;8.06;0.49;264.07;5.74;923;54;2680.00;54
6860;54;626856686;6860;211;7781;7834;8.05;0.49;264.17;5.75;921;54;2681.00;53
6863;54;626856698;6863;217;7783;7837;8.09;0.49;264.20;5.75;920;54;2682.00;54
6865;54;626856710;6865;218;7784;7837;8.11;0.49;264.29;5.76;919;54;2683.00;53
6870;54;626856722;6870;221;7785;7837;8.10;0.49;264.30;5.76;915;54;2684.00;52
6871;54;626856733;6871;219;7787;7838;8.09;0.49;264.28;5.79;916;54;2685.00;51
6876;54;626856744;6876;219;7789;7839;8.08;0.49;264.25;5.80;913;54;2686.00;50
6879;54;626856756;6879;222;7791;7839;8.04;0.49;264.24;5.82;912;54;2687.00;48
6882;54;626856767;6882;228;7803;7852;8.05;0.49;264.36;5.82;921;54;2688.00;49
6883;54;626856780;6883;232;7804;7852;8.08;0.49;264.41;5.84;921;54;2689.00;48
6887;54;626856792;6887;237;7805;7852;8.03;0.49;264.43;5.84;918;54;2690.00;47
6889;54;626856803;6889;242;7806;7853;8.06;0.49;264.45;5.84;917;54;2691.00;47
6892;54;626856815;6892;244;7807;7853;8.03;0.49;264.53;5.85;915;54;2692.00;46
6895;54;626856826;6895;245;7811;7857;8.02;0.49;264.50;5.86;916;54;2693.00;46
6896;54;626856838;6896;247;7812;7857;8.03;0.49;264.56;5.86;916;54;2694.00;45
6897;54;626856849;6897;251;7816;7861;7.98;0.49;264.58;5.87;919;54;2695.00;45
6902;54;626856860;6902;254;7816;7861;7.92;0.48;264.71;5.87;914;54;2696.00;45
6906;54;626856878;6906;259;7819;7861;7.84;0.48;264.78;5.88;913;54;2697.00;42
6909;54;626856890;6909;258;7819;7861;7.78;0.47;264.78;5.88;910;54;2698.00;42
6913;54;626856902;6913;260;7821;7861;7.71;0.47;264.76;5.90;908;54;2699.00;40
6916;54;626856917;6916;260;7842;7910;7.76;0.47;264.86;5.88;926;54;2700.00;68
6917;54;626856939;6917;262;7845;7910;7.73;0.47;264.88;5.88;928;54;2701.00;65
6919;54;626856951;6919;259;7847;7910;7.75;0.47;264.91;5.89;928;54;2702.00;63
6923;54;626856964;6923;259;7850;7910;7.72;0.47;264.92;5.89;927;54;2703.00;60
6926;54;626856976;6926;257;7854;7910;7.67;0.47;264.97;5.90;928;54;2704.00;56
6928;54;626856993;6928;255;7855;7910;7.63;0.47;265.01;5.90;927;54;2705.00;55
6930;54;626857011;6930;244;7857;7911;7.61;0.46;265.08;5.91;927;54;2706.00;54
6932;54;626857023;6932;248;7860;7911;7.62;0.47;265.12;5.91;928;54;2707.00;51
6933;54;626857035;6933;239;7864;7917;7.67;0.47;265.11;5.90;931;54;2708.00;53
6935;54;626857048;6935;247;7866;7918;7.71;0.47;265.19;5.91;931;54;2709.00;52
6937;54;626857060;6937;248;7866;7918;7.68;0.47;265.25;5.91;929;54;2710.00;52
6939;54;626857072;6939;251;7867;7918;7.66;0.47;265.24;5.92;928;54;2711.00;51
6944;54;626857084;6944;255;7869;7922;7.65;0.47;265.31;5.92;925;54;2712.00;53
6950;54;626857096;6950;260;7873;7922;7.54;0.46;265.53;5.92;923;54;2713.00;49
6952;54;626857109;6952;258;7876;7922;7.55;0.46;265.49;5.95;924;54;2714.00;46
6957;54;626857121;6957;263;7877;7923;7.47;0.46;265.57;5.95;920;54;2715.00;46
6960;54;626857134;6960;261;7880;7927;7.39;0.45;265.69;5.94;920;54;2716.00;47
6965;54;626857146;6965;265;7881;7927;7.32;0.45;265.75;5.95;916;54;2717.00;46
6970;54;626857157;6970;276;7884;7930;7.22;0.44;265.90;5.95;914;54;2718.00;46
6973;54;626857168;6973;279;7885;7930;7.20;0.44;265.97;5.95;912;54;2719.00;45
6980;54;626857178;6980;270;7888;7930;7.11;0.43;266.02;5.97;908;54;2720.00;42
6984;54;626857189;6984;261;7888;7930;7.07;0.43;266.07;5.97;904;54;2721.00;42
6988;54;626857199;6988;254;7891;7934;7.04;0.43;266.03;5.97;903;54;2722.00;43
6992;54;626857210;6992;254;7891;7934;7.05;0.43;266.03;5.97;899;54;2723.00;43
6995;54;626857221;6995;259;7892;7934;7.04;0.43;266.07;5.98;897;54;2724.00;42
6999;54;626857231;6999;253;7897;7934;7.03;0.43;266.05;5.99;898;54;2725.00;37
7001;54;626857242;7001;252;7897;7935;7.01;0.43;266.09;5.99;896;54;2726.00;38
7005;54;626857258;7005;248;7898;7936;7.01;0.43;266.12;5.99;893;54;2727.00;38
7008;54;626857271;7008;247;7900;7936;7.06;0.43;266.22;5.99;892;54;2728.00;36
7010;54;626857283;7010;238;7901;7937;7.15;0.44;266.22;5.99;891;54;2729.00;36
7013;54;626857297;7013;242;7902;7937;7.17;0.44;266.26;5.99;889;54;2730.00;35
7016;54;626857310;7016;249;7904;7937;7.17;0.44;266.36;6.00;888;54;2731.00;33
7020;54;626857322;7020;250;7904;7937;7.17;0.44;266.42;6.00;884;54;2732.00;33
7024;54;626857334;7024;247;7906;7937;7.14;0.43;266.55;6.00;882;54;2733.00;31
7028;54;626857351;7028;246;7906;7937;7.14;0.43;266.61;6.00;878;54;2734.00;31
7035;54;626857365;7035;251;7907;7937;7.16;0.44;266.81;6.00;872;54;2735.00;30
7041;54;626857377;7041;259;7976;8064;7.35;0.45;266.78;5.96;935;54;2736.00;88
7045;54;626857402;7045;253;7981;8065;7.38;0.46;266.81;5.95;936;54;2737.00;84
7048;54;626857415;7048;253;7986;8065;7.47;0.46;266.75;5.95;938;54;2738.00;79
7051;54;626857428;7051;256;7990;8065;7.46;0.46;266.83;5.95;939;54;2739.00;75
7056;54;626857441;7056;255;7993;8065;7.56;0.47;266.93;5.95;937;54;2740.00;72
7058;54;626857455;7058;262;7996;8065;7.61;0.47;266.92;5.95;938;54;2741.00;69
7064;54;626857469;7064;260;7999;8065;7.57;0.47;267.01;5.95;935;54;2742.00;66
7068;54;626857483;7068;255;8005;8065;7.60;0.47;267.10;5.95;937;54;2743.00;60
7071;54;626857495;7071;261;8008;8066;7.59;0.47;267.15;5.95;937;54;2744.00;58
7074;54;626857507;7074;254;8012;8068;7.58;0.47;267.24;5.95;938;54;2745.00;56
7079;54;626857520;7079;259;8015;8068;7.54;0.46;267.26;5.95;936;54;2746.00;53
7082;54;626857538;7082;263;8018;8069;7.60;0.47;267.27;5.96;936;54;2747.00;51
7085;54;626857567;7085;273;8021;8069;7.58;0.47;267.30;5.96;936;54;2748.00;48
7088;54;626857587;7088;271;8024;8069;7.56;0.47;267.34;5.96;936;54;2749.00;45
7092;54;626857605;7092;277;8026;8069;7.59;0.47;267.36;5.96;934;54;2750.00;43
7096;54;626857623;7096;282;8029;8073;7.63;0.47;267.41;5.96;933;54;2751.00;44
7100;54;626857643;7100;283;8030;8073;7.63;0.47;267.43;5.96;930;54;2752.00;43
7103;54;626857657;7103;282;8033;8073;7.59;0.47;267.45;5.96;930;54;2753.00;40
7106;54;626857670;7106;290;8036;8076;7.60;0.47;267.47;5.96;930;54;2754.00;40
7111;54;626857684;7111;294;8036;8076;7.48;0.46;267.65;5.96;925;54;2755.00;40
7115;54;626857699;7115;301;8038;8076;7.48;0.46;267.63;5.97;923;54;2756.00;38
7121;54;626857719;7121;309;8042;8080;7.48;0.46;267.68;5.97;921;54;2757.00;38
7125;54;626857733;7125;307;8044;8081;7.51;0.46;267.73;5.97;919;54;2758.00;37
7128;55;626857747;7128;312;8044;8081;7.50;0.46;267.69;5.97;916;55;2759.00;37
7135;55;626857778;7135;319;8048;8086;7.46;0.46;267.69;5.96;913;55;2760.00;38
7140;55;626857798;7140;322;8048;8086;7.44;0.46;267.65;5.96;908;55;2761.00;38
7144;55;626857812;7144;320;8048;8086;7.45;0.46;267.77;5.96;904;55;2762.00;38
7152;55;626857825;7152;320;8049;8087;7.45;0.46;267.86;5.96;897;55;2763.00;38
7159;55;626857840;7159;321;8049;8087;7.35;0.45;267.91;5.96;890;55;2764.00;38
7161;55;626857854;7161;327;8054;8093;7.29;0.45;267.89;6.01;893;55;2765.00;39
7165;55;626857869;7165;328;8055;8093;7.18;0.44;267.94;6.01;890;55;2766.00;38
7168;55;626857882;7168;322;8055;8094;7.15;0.44;267.91;6.01;887;55;2767.00;39
7170;55;626857895;7170;314;8055;8094;7.12;0.44;267.87;6.01;885;55;2768.00;39
7176;55;626857910;7176;318;8055;8094;7.08;0.43;267.96;6.01;879;55;2769.00;39
7177;55;626857925;7177;310;8055;8094;7.09;0.43;267.98;6.01;878;55;2770.00;39
7181;55;626857939;7181;314;8055;8094;7.14;0.44;267.96;6.01;874;55;2771.00;39
7183;55;626857952;7183;313;8064;8106;7.32;0.45;267.92;6.00;881;55;2772.00;42
7187;55;626857967;7187;314;8065;8106;7.34;0.45;267.97;6.00;878;55;2773.00;41
7191;55;626857980;7191;316;8066;8106;7.37;0.45;267.97;6.00;875;55;2774.00;40
7192;55;626857992;7192;315;8066;8106;7.36;0.45;267.95;6.00;874;55;2775.00;40
7194;55;626858014;7194;305;8066;8106;7.38;0.45;267.90;6.00;872;55;2776.00;40
7198;55;626858027;7198;290;8066;8106;7.44;0.45;267.81;6.00;868;55;2777.00;40
7203;55;626858041;7203;280;8069;8110;7.46;0.45;267.78;6.00;866;55;2778.00;41
7207;55;626858055;7207;269;8069;8110;7.53;0.46;267.84;6.00;862;55;2779.00;41
7208;55;626858069;7208;264;8072;8114;7.60;0.46;267.83;6.00;864;55;2780.00;42
7209;55;626858083;7209;263;8073;8115;7.66;0.47;267.82;6.00;864;55;2781.00;42
7213;55;626858096;7213;270;8074;8115;7.69;0.47;267.84;6.00;861;55;2782.00;41
7217;55;626858110;7217;274;8074;8115;7.76;0.47;267.83;6.00;857;55;2783.00;41
7219;55;626858123;7219;280;8085;8128;7.85;0.48;267.79;5.99;866;55;2784.00;43
7220;55;626858138;7220;283;8085;8128;7.86;0.48;267.76;5.99;865;55;2785.00;43
7221;55;626858151;7221;287;8085;8128;7.84;0.48;267.75;5.99;864;55;2786.00;43
7225;56;626858164;7225;284;8086;8129;7.85;0.48;267.78;5.99;861;56;2787.00;43
7227;56;626858195;7227;288;8086;8130;7.79;0.47;267.77;5.99;859;56;2788.00;44
7229;56;626858207;7229;288;8086;8130;7.77;0.47;267.76;5.99;857;56;2789.00;44
7230;56;626858228;7230;292;8089;8136;7.77;0.47;267.75;5.99;859;57;2790.00;47
7230;56;626858252;7230;293;8090;8136;7.74;0.47;267.75;5.99;860;57;2791.00;46
7231;56;626858265;7231;298;8090;8136;7.74;0.47;267.74;5.99;859;57;2792.00;46
7231;56;626858278;7231;298;8091;8136;7.76;0.47;267.74;5.99;860;57;2793.00;45
7232;56;626858290;7232;295;8094;8142;7.72;0.47;267.73;5.98;862;57;2794.00;48
7233;56;626858304;7233;298;8095;8142;7.65;0.46;267.72;5.98;862;57;2795.00;47
7235;56;626858316;7235;307;8095;8142;7.54;0.46;267.71;5.98;860;57;2796.00;47
7236;56;626858327;7236;312;8096;8142;7.43;0.45;267.68;5.98;860;57;2797.00;46
7238;56;626858339;7238;319;8099;8146;7.31;0.44;267.67;5.98;861;57;2798.00;47
7241;56;626858352;7241;316;8101;8147;7.20;0.44;267.63;5.98;860;57;2799.00;46
7242;56;626858366;7242;323;8101;8147;7.09;0.43;267.60;5.98;859;57;2800.00;46
7243;56;626858382;7243;323;8102;8148;7.02;0.43;267.58;5.98;859;57;2801.00;46
7244;56;626858395;7244;330;8102;8148;6.94;0.42;267.67;5.98;858;57;2802.00;46
7245;56;626858407;7245;327;8102;8148;6.95;0.43;267.68;5.98;857;57;2803.00;46
7247;56;626858419;7247;317;8102;8148;6.95;0.42;267.69;5.98;855;57;2804.00;46
7249;56;626858431;7249;304;8103;8148;6.92;0.42;267.70;6.04;854;57;2805.00;45
7250;56;626858442;7250;309;8103;8148;6.98;0.42;267.73;6.04;853;57;2806.00;45
7251;56;626858454;7251;303;8103;8148;6.98;0.43;267.73;6.04;852;57;2807.00;45
7252;56;626858465;7252;311;8145;8218;7.04;0.43;267.74;6.01;893;57;2808.00;73
7253;56;626858489;7253;297;8145;8219;7.11;0.43;267.75;6.01;892;57;2809.00;74
7255;57;626858508;7255;288;8151;8219;7.24;0.44;267.73;6.00;896;58;2810.00;68
7256;57;626858534;7256;282;8153;8219;7.37;0.45;267.72;6.00;897;58;2811.00;66
7257;57;626858547;7257;277;8157;8219;7.50;0.46;267.74;6.00;900;58;2812.00;62
7260;57;626858565;7260;271;8159;8219;7.57;0.46;267.70;6.00;899;58;2813.00;60
7261;57;626858578;7261;268;8161;8219;7.67;0.47;267.70;6.00;900;58;2814.00;58
7262;57;626858590;7262;272;8164;8219;7.74;0.47;267.70;6.00;902;58;2815.00;55
7263;57;626858602;7263;271;8165;8220;7.80;0.47;267.69;6.00;902;58;2816.00;55
7263;57;626858620;7263;269;8169;8221;7.87;0.48;267.69;6.00;906;58;2817.00;52
7265;57;626858632;7265;261;8170;8221;7.90;0.48;267.69;6.00;905;58;2818.00;51
7267;57;626858644;7267;267;8175;8225;7.92;0.48;267.66;6.05;908;58;2819.00;50
7268;57;626858658;7268;263;8175;8225;7.91;0.48;267.66;6.05;907;58;2820.00;50
7270;57;626858670;7270;259;8175;8225;7.91;0.48;267.62;6.05;905;58;2821.00;50
7273;57;626858682;7273;254;8175;8225;7.84;0.48;267.66;6.05;902;58;2822.00;50
7280;57;626858694;7280;246;8179;8231;7.80;0.47;267.63;6.10;899;58;2823.00;52
7282;58;626858708;7282;241;8180;8231;7.78;0.47;267.75;6.10;898;59;2824.00;51
7284;58;626858731;7284;236;8182;8231;7.74;0.47;267.82;6.16;898;59;2825.00;49
7287;58;626858744;7287;232;8184;8234;7.78;0.47;267.76;6.16;897;59;2826.00;50
7289;58;626858755;7289;229;8184;8234;7.73;0.47;267.81;6.16;895;59;2827.00;50
7290;58;626858766;7290;229;8185;8234;7.78;0.47;267.78;6.16;895;59;2828.00;49
7296;58;626858777;7296;220;8187;8235;7.69;0.47;267.76;6.25;891;59;2829.00;48
7301;58;626858788;7301;218;8188;8236;7.66;0.46;267.72;6.25;887;59;2830.00;48
7302;58;626858800;7302;207;8188;8236;7.67;0.46;267.70;6.25;886;59;2831.00;48
7305;58;626858811;7305;214;8199;8249;7.71;0.47;267.72;6.28;894;59;2832.00;50
7306;58;626858823;7306;211;8199;8249;7.83;0.47;267.77;6.28;893;59;2833.00;50
7308;58;626858834;7308;205;8200;8249;7.90;0.48;267.73;6.32;892;59;2834.00;49
7309;58;626858845;7309;207;8202;8251;7.91;0.48;267.74;6.32;893;59;2835.00;49
7311;58;626858856;7311;202;8202;8251;7.96;0.48;267.75;6.32;891;59;2836.00;49
7314;58;626858867;7314;199;8206;8255;8.03;0.48;267.70;6.36;892;59;2837.00;49
7318;58;626858879;7318;193;8208;8255;8.10;0.49;267.77;6.36;890;59;2838.00;47
7321;58;626858890;7321;198;8212;8259;8.17;0.49;267.80;6.35;891;59;2839.00;47
7323;58;626858909;7323;194;8213;8259;8.23;0.50;267.81;6.39;890;59;2840.00;46
7325;58;626858940;7325;192;8213;8259;8.25;0.50;267.82;6.39;888;59;2841.00;46
7327;58;626858952;7327;195;8213;8259;8.30;0.50;267.82;6.39;886;59;2842.00;46
7328;58;626858963;7328;184;8213;8259;8.30;0.50;267.80;6.39;885;59;2843.00;46
7330;58;626858974;7330;185;8222;8271;8.40;0.51;267.81;6.38;892;59;2844.00;49
7332;58;626858986;7332;186;8223;8271;8.37;0.51;267.89;6.38;891;59;2845.00;48
7334;58;626858998;7334;192;8224;8271;8.44;0.51;267.94;6.38;890;59;2846.00;47
7337;58;626859009;7337;190;8224;8271;8.48;0.51;268.00;6.38;887;59;2847.00;47
7338;58;626859021;7338;191;8224;8271;8.52;0.52;268.00;6.38;886;59;2848.00;47
7340;58;626859032;7340;203;8224;8271;8.59;0.52;267.97;6.38;884;59;2849.00;47
7343;58;626859053;7343;205;8228;8274;8.51;0.52;267.99;6.41;885;59;2850.00;46
7346;58;626859066;7346;203;8228;8274;8.49;0.52;268.06;6.41;882;59;2851.00;46
7347;58;626859079;7347;206;8233;8280;8.54;0.52;268.08;6.42;886;59;2852.00;47
7351;58;626859092;7351;205;8235;8281;8.57;0.52;268.07;6.42;884;59;2853.00;46
7353;58;626859106;7353;202;8237;8281;8.58;0.52;268.14;6.44;884;59;2854.00;44
7357;58;626859119;7357;200;8237;8281;8.61;0.52;268.15;6.44;880;59;2855.00;44
7360;58;626859131;7360;201;8242;8285;8.67;0.53;268.20;6.47;882;59;2856.00;43
7363;58;626859145;7363;207;8242;8285;8.69;0.53;268.24;6.47;879;59;2857.00;43
7365;58;626859158;7365;208;8243;8285;8.68;0.53;268.26;6.48;878;59;2858.00;42
7368;58;626859170;7368;209;8245;8286;8.72;0.53;268.30;6.49;877;59;2859.00;41
7369;58;626859183;7369;208;8249;8290;8.70;0.53;268.34;6.50;880;59;2860.00;41
7370;58;626859195;7370;211;8250;8290;8.72;0.53;268.39;6.51;880;59;2861.00;40
7376;58;626859207;7376;211;8253;8293;8.64;0.53;268.55;6.51;877;59;2862.00;40
7380;58;626859220;7380;209;8256;8293;8.55;0.52;268.61;6.53;876;59;2863.00;37
7382;58;626859233;7382;213;8259;8295;8.48;0.52;268.67;6.54;877;59;2864.00;36
7387;58;626859245;7387;210;8260;8295;8.43;0.51;268.69;6.55;873;59;2865.00;35
7391;58;626859259;7391;213;8264;8299;8.45;0.52;268.76;6.55;873;59;2866.00;35
7393;58;626859272;7393;214;8265;8299;8.45;0.52;268.78;6.55;872;59;2867.00;34
7399;58;626859284;7399;216;8267;8299;8.33;0.51;268.85;6.56;868;59;2868.00;32
7401;58;626859296;7401;217;8267;8299;8.26;0.50;268.86;6.56;866;59;2869.00;32
7403;58;626859308;7403;214;8269;8300;8.17;0.50;268.87;6.58;866;59;2870.00;31
7406;58;626859326;7406;214;8270;8301;8.13;0.49;268.89;6.57;864;59;2871.00;31
7406;58;626859338;7406;211;8271;8301;8.09;0.49;268.89;6.58;865;59;2872.00;30
7410;58;626859350;7410;215;8273;8302;8.04;0.49;268.93;6.59;863;59;2873.00;29
7411;58;626859361;7411;217;8273;8302;7.95;0.48;268.95;6.59;862;59;2874.00;29
7415;58;626859372;7415;217;8274;8302;7.90;0.48;268.96;6.59;859;59;2875.00;28
7419;58;626859384;7419;222;8275;8302;7.83;0.48;269.03;6.59;856;59;2876.00;27
7420;58;626859396;7420;218;8276;8302;7.80;0.47;269.04;6.60;856;59;2877.00;26
7424;58;626859407;7424;221;8276;8302;7.81;0.47;269.12;6.60;852;59;2878.00;26
7427;58;626859419;7427;224;8278;8302;7.82;0.47;269.17;6.61;851;59;2879.00;24
7430;58;626859432;7430;264;8379;8532;7.83;0.49;269.19;6.53;949;59;2880.00;153
7433;58;626859465;7433;253;8380;8533;7.86;0.49;269.21;6.53;947;59;2881.00;153
7439;58;626859478;7439;244;8389;8533;7.83;0.49;269.29;6.53;950;59;2882.00;144
7442;58;626859490;7442;243;8397;8533;7.80;0.49;269.34;6.53;955;59;2883.00;136
7445;58;626859502;7445;248;8407;8533;7.75;0.48;269.37;6.53;962;59;2884.00;126
7450;58;626859514;7450;249;8413;8533;7.67;0.48;269.43;6.53;963;59;2885.00;120
7453;59;626859526;7453;246;8421;8533;7.62;0.48;269.42;6.53;968;60;2886.00;112
7457;59;626859576;7457;249;8423;8533;7.54;0.47;269.44;6.53;966;60;2887.00;110
7461;59;626859595;7461;256;8429;8534;7.45;0.46;269.47;6.53;968;60;2888.00;105
7467;59;626859623;7467;270;8434;8535;7.39;0.46;269.53;6.53;967;60;2889.00;101
7470;59;626859641;7470;256;8440;8535;7.31;0.45;269.54;6.53;970;60;2890.00;95
7477;59;626859654;7477;256;8442;8536;7.22;0.45;269.60;6.54;965;60;2891.00;94
7479;59;626859667;7479;257;8450;8536;7.15;0.44;269.67;6.54;971;60;2892.00;86
7482;59;626859679;7482;263;8453;8536;7.03;0.44;269.72;6.54;971;60;2893.00;83
7485;59;626859692;7485;272;8458;8536;6.99;0.43;269.75;6.55;973;60;2894.00;78
7488;59;626859704;7488;281;8463;8540;6.90;0.43;269.82;6.55;975;60;2895.00;77
7494;59;626859723;7494;280;8466;8540;6.79;0.42;269.81;6.55;972;60;2896.00;74
7499;59;626859737;7499;286;8469;8540;6.71;0.41;269.92;6.56;970;60;2897.00;71
7501;59;626859750;7501;280;8473;8543;6.73;0.42;269.97;6.56;972;60;2898.00;70
7505;59;626859764;7505;272;8477;8543;6.70;0.41;270.01;6.56;972;60;2899.00;66
7508;59;626859778;7508;264;8477;8543;6.75;0.42;269.98;6.56;969;60;2900.00;66
7513;59;626859797;7513;259;8481;8547;6.82;0.42;270.04;6.57;968;60;2901.00;66
7515;59;626859809;7515;264;8485;8548;6.92;0.42;270.08;6.57;970;60;2902.00;63
7517;59;626859823;7517;267;8488;8548;6.96;0.43;270.12;6.58;971;60;2903.00;60
7521;59;626859834;7521;267;8493;8552;7.03;0.43;270.16;6.58;972;60;2904.00;59
7523;59;626859848;7523;281;8496;8552;7.02;0.43;270.16;6.58;973;60;2905.00;56
7527;59;626859869;7527;273;8497;8552;7.03;0.43;270.20;6.58;970;60;2906.00;55
7532;59;626859881;7532;280;8500;8553;7.06;0.43;270.22;6.59;968;60;2907.00;53
7537;59;626859895;7537;280;8502;8553;7.07;0.43;270.29;6.59;965;60;2908.00;51
7542;59;626859907;7542;281;8506;8559;7.12;0.44;270.33;6.59;964;60;2909.00;53
7544;59;626859922;7544;289;8509;8559;7.09;0.44;270.32;6.60;965;60;2910.00;50
7551;59;626859936;7551;288;8509;8560;7.04;0.43;270.35;6.60;958;60;2911.00;51
7557;59;626859948;7557;286;8512;8560;6.96;0.43;270.33;6.61;955;60;2912.00;48
7560;59;626859961;7560;290;8513;8560;6.84;0.42;270.39;6.61;953;60;2913.00;47
7564;59;626859975;7564;290;8515;8560;6.79;0.41;270.42;6.62;951;60;2914.00;45
7566;59;626859988;7566;297;8517;8560;6.77;0.41;270.43;6.62;951;60;2915.00;43
7569;59;626860000;7569;309;8528;8572;6.83;0.42;270.53;6.61;959;60;2916.00;44
7571;59;626860013;7571;315;8530;8572;6.80;0.42;270.55;6.66;959;60;2917.00;42
7576;59;626860025;7576;327;8530;8572;6.67;0.41;270.60;6.66;954;60;2918.00;42
7581;59;626860037;7581;334;8531;8572;6.59;0.40;270.71;6.66;950;60;2919.00;41
7583;59;626860049;7583;343;8531;8572;6.53;0.40;270.74;6.66;948;60;2920.00;41
7586;59;626860061;7586;354;8531;8572;6.49;0.40;270.78;6.66;945;60;2921.00;41
7592;59;626860080;7592;360;8534;8576;6.51;0.40;270.81;6.66;942;60;2922.00;42
7595;59;626860092;7595;363;8534;8576;6.46;0.40;270.85;6.66;939;60;2923.00;42
7596;59;626860104;7596;371;8537;8580;6.54;0.40;270.85;6.65;941;60;2924.00;43
7598;59;626860117;7598;376;8539;8582;6.56;0.40;270.87;6.65;941;60;2925.00;43
7600;59;626860130;7600;373;8540;8582;6.59;0.41;270.89;6.65;940;60;2926.00;42
7601;59;626860143;7601;375;8540;8582;6.59;0.41;270.89;6.65;939;60;2927.00;42
7601;59;626860154;7601;380;8550;8595;6.67;0.41;270.89;6.64;949;60;2928.00;45
7603;59;626860167;7603;381;8550;8595;6.59;0.41;270.85;6.64;947;60;2929.00;45
7607;59;626860179;7607;385;8550;8595;6.54;0.40;270.79;6.64;943;60;2930.00;45
7611;59;626860190;7611;388;8551;8596;6.48;0.40;270.80;6.64;940;60;2931.00;45
7617;59;626860202;7617;384;8551;8597;6.48;0.40;270.72;6.64;934;60;2932.00;46
7619;59;626860214;7619;388;8551;8597;6.50;0.40;270.68;6.64;932;60;2933.00;46
7624;59;626860225;7624;390;8553;8600;6.49;0.40;270.57;6.64;929;60;2934.00;47
7627;59;626860237;7627;396;8554;8600;6.52;0.40;270.54;6.64;927;60;2935.00;46
7629;59;626860250;7629;395;8554;8600;6.48;0.40;270.50;6.64;925;60;2936.00;46
7633;59;626860262;7633;387;8554;8600;6.48;0.40;270.45;6.64;921;60;2937.00;46
7635;59;626860274;7635;385;8558;8606;6.59;0.40;270.45;6.64;923;60;2938.00;48
7638;60;626860286;7638;383;8559;8606;6.64;0.40;270.43;6.69;921;61;2939.00;47
7642;60;626860313;7642;380;8560;8606;6.68;0.41;270.51;6.69;918;61;2940.00;46
7644;60;626860325;7644;375;8561;8606;6.68;0.41;270.46;6.73;917;61;2941.00;45
7645;60;626860346;7645;367;8564;8610;6.71;0.41;270.44;6.73;919;61;2942.00;46
7646;60;626860359;7646;367;8565;8611;6.68;0.41;270.41;6.73;919;61;2943.00;46
7647;60;626860378;7647;373;8566;8611;6.68;0.41;270.44;6.78;919;61;2944.00;45
7649;60;626860391;7649;371;8567;8612;6.63;0.40;270.38;6.78;918;61;2945.00;45
7651;60;626860402;7651;361;8567;8612;6.69;0.41;270.36;6.78;916;61;2946.00;45
7654;60;626860415;7654;355;8567;8612;6.64;0.40;270.30;6.78;913;61;2947.00;45
7656;60;626860427;7656;346;8568;8612;6.64;0.40;270.32;6.83;912;61;2948.00;44
7661;60;626860438;7661;336;8568;8612;6.67;0.40;270.26;6.83;907;61;2949.00;44
7662;60;626860450;7662;330;8568;8612;6.73;0.41;270.27;6.83;906;61;2950.00;44
7662;60;626860470;7662;330;8569;8612;6.82;0.41;270.27;6.88;907;61;2951.00;43
7663;60;626860482;7663;338;8604;8682;7.00;0.43;270.26;6.85;941;61;2952.00;78
7664;60;626860500;7664;334;8604;8683;7.04;0.43;270.25;6.85;940;61;2953.00;79
7665;60;626860513;7665;333;8612;8683;7.18;0.44;270.26;6.85;947;61;2954.00;71
7665;60;626860526;7665;320;8614;8683;7.28;0.44;270.26;6.84;949;61;2955.00;69
7667;60;626860541;7667;314;8618;8683;7.33;0.45;270.23;6.84;951;61;2956.00;65
7668;60;626860563;7668;302;8623;8683;7.44;0.45;270.23;6.89;955;61;2957.00;60
7670;60;626860577;7670;298;8628;8683;7.55;0.46;270.20;6.89;958;61;2958.00;55
7671;60;626860590;7671;295;8629;8683;7.67;0.47;270.21;6.89;958;61;2959.00;54
7671;60;626860604;7671;290;8631;8684;7.74;0.47;270.21;6.89;960;61;2960.00;53
7671;60;626860616;7671;281;8632;8685;7.77;0.47;270.21;6.89;961;61;2961.00;53
7672;60;626860636;7672;281;8633;8685;7.81;0.47;270.21;6.89;961;61;2962.00;52
7675;60;626860650;7675;272;8636;8689;7.82;0.48;270.25;6.89;961;61;2963.00;53
7676;60;626860663;7676;268;8636;8689;7.81;0.48;270.27;6.89;960;61;2964.00;53
7678;60;626860682;7678;255;8636;8689;7.84;0.48;270.25;6.89;958;61;2965.00;53
7679;60;626860695;7679;259;8636;8689;7.88;0.48;270.26;6.89;957;61;2966.00;53
7681;60;626860713;7681;259;8639;8695;7.89;0.48;270.23;6.89;958;61;2967.00;56
7682;60;626860726;7682;256;8640;8695;7.87;0.48;270.22;6.94;958;61;2968.00;55
7682;60;626860744;7682;265;8641;8695;7.94;0.48;270.22;6.94;959;61;2969.00;54
7683;60;626860758;7683;261;8644;8701;7.89;0.48;270.21;6.93;961;61;2970.00;57
7684;60;626860772;7684;266;8646;8701;7.86;0.48;270.20;6.99;962;61;2971.00;55
7685;60;626860785;7685;270;8646;8701;7.83;0.48;270.17;6.99;961;61;2972.00;55
7686;60;626860797;7686;278;8647;8702;7.79;0.47;270.16;6.98;961;61;2973.00;55
7688;60;626860809;7688;285;8648;8703;7.75;0.47;270.14;6.98;960;61;2974.00;55
7690;60;626860822;7690;286;8649;8703;7.74;0.47;270.18;6.98;959;61;2975.00;54
7694;60;626860835;7694;293;8657;8716;7.72;0.47;270.17;6.98;963;61;2976.00;59
7696;60;626860850;7696;297;8658;8716;7.72;0.47;270.15;6.98;962;61;2977.00;58
7697;60;626860864;7697;296;8658;8716;7.76;0.47;270.15;6.98;961;61;2978.00;58
7700;60;626860877;7700;301;8659;8717;7.78;0.47;270.20;6.98;959;61;2979.00;58
7704;60;626860891;7704;298;8659;8717;7.77;0.47;270.28;6.98;955;61;2980.00;58
7707;60;626860905;7707;293;8661;8721;7.79;0.47;270.28;6.97;954;61;2981.00;60
7710;60;626860920;7710;292;8661;8721;7.75;0.47;270.32;6.97;951;61;2982.00;60
7712;60;626860939;7712;287;8665;8725;7.68;0.47;270.35;6.97;953;61;2983.00;60
7713;60;626860953;7713;278;8665;8725;7.67;0.47;270.33;6.97;952;61;2984.00;60
7717;60;626860966;7717;280;8665;8725;7.67;0.47;270.40;6.97;948;61;2985.00;60
7719;60;626860981;7719;275;8666;8725;7.72;0.47;270.38;7.02;947;61;2986.00;59
7724;60;626860994;7724;267;8666;8725;7.75;0.47;270.49;7.02;942;61;2987.00;59
7729;60;626861008;7729;264;8676;8737;7.83;0.48;270.55;7.01;947;61;2988.00;61
7730;60;626861022;7730;260;8677;8737;7.86;0.48;270.57;7.01;947;61;2989.00;60
7733;60;626861035;7733;253;8678;8737;7.84;0.48;270.53;7.01;945;61;2990.00;59
7737;60;626861048;7737;255;8678;8737;7.82;0.47;270.56;7.01;941;61;2991.00;59
7738;60;626861060;7738;243;8678;8737;7.85;0.48;270.57;7.01;940;61;2992.00;59
7743;60;626861073;7743;240;8678;8737;7.78;0.47;270.57;7.01;935;61;2993.00;59
7745;60;626861086;7745;235;8680;8738;7.77;0.47;270.59;7.02;935;61;2994.00;58
7750;60;626861099;7750;233;8683;8738;7.79;0.47;270.67;7.09;933;61;2995.00;55
7755;60;626861113;7755;233;8686;8744;7.83;0.47;270.72;7.09;931;61;2996.00;58
7758;60;626861126;7758;232;8689;8745;7.86;0.48;270.70;7.12;931;61;2997.00;56
7761;60;626861140;7761;231;8689;8745;7.87;0.48;270.81;7.12;928;61;2998.00;56
7765;60;626861152;7765;227;8689;8745;7.90;0.48;270.80;7.12;924;61;2999.00;56
7768;60;626861167;7768;226;8693;8765;7.96;0.48;270.85;7.12;925;61;3000.00;72
7768;60;626861186;7768;232;8694;8765;8.01;0.49;270.85;7.16;926;61;3001.00;71
7772;60;626861200;7772;227;8695;8765;8.03;0.49;270.90;7.16;923;61;3002.00;70
7773;60;626861213;7773;223;8696;8766;8.05;0.49;270.95;7.16;923;61;3003.00;70
7775;60;626861226;7775;219;8700;8770;8.02;0.49;270.95;7.20;925;61;3004.00;70
7778;60;626861238;7778;217;8700;8770;8.02;0.49;270.99;7.20;922;61;3005.00;70
7783;60;626861252;7783;220;8703;8773;8.02;0.49;271.09;7.20;920;61;3006.00;70
7786;60;626861264;7786;214;8705;8773;8.04;0.49;271.14;7.21;919;61;3007.00;68
7788;60;626861276;7788;208;8708;8773;8.04;0.49;271.13;7.25;920;61;3008.00;65
7789;60;626861289;7789;207;8709;8773;8.06;0.49;271.17;7.25;920;61;3009.00;64
7794;60;626861300;7794;202;8711;8777;8.14;0.49;271.25;7.26;917;61;3010.00;66
7796;60;626861312;7796;204;8716;8777;8.17;0.50;271.30;7.29;920;61;3011.00;61
7800;60;626861324;7800;195;8716;8777;8.20;0.50;271.38;7.29;916;61;3012.00;61
7804;60;626861336;7804;193;8717;8777;8.21;0.50;271.37;7.29;913;61;3013.00;60
7807;60;626861347;7807;190;8720;8778;8.21;0.50;271.39;7.30;913;61;3014.00;58
7809;60;626861360;7809;193;8723;8780;8.30;0.50;271.40;7.30;914;61;3015.00;57
7811;60;626861372;7811;193;8724;8780;8.36;0.51;271.43;7.30;913;61;3016.00;56
7814;60;626861385;7814;188;8726;8781;8.41;0.51;271.43;7.30;912;61;3017.00;55
7816;60;626861397;7816;190;8726;8781;8.53;0.52;271.46;7.30;910;61;3018.00;55
7818;60;626861410;7818;192;8727;8781;8.64;0.52;271.52;7.31;909;61;3019.00;54
7819;60;626861422;7819;200;8728;8781;8.70;0.53;271.54;7.31;909;61;3020.00;53
7824;60;626861434;7824;205;8730;8781;8.76;0.53;271.60;7.33;906;61;3021.00;51
7826;60;626861447;7826;203;8731;8781;8.79;0.53;271.58;7.34;905;61;3022.00;50
7829;60;626861460;7829;198;8731;8781;8.85;0.54;271.58;7.34;902;61;3023.00;50
7832;60;626861473;7832;223;8797;8908;8.87;0.54;271.62;7.30;965;61;3024.00;111
7834;60;626861495;7834;220;8803;8909;8.86;0.54;271.60;7.31;969;61;3025.00;106
7836;60;626861516;7836;215;8811;8909;8.87;0.54;271.63;7.31;975;61;3026.00;98
7838;60;626861533;7838;211;8817;8909;8.93;0.55;271.62;7.32;979;61;3027.00;92
7839;60;626861555;7839;213;8821;8909;8.94;0.55;271.60;7.33;982;61;3028.00;88
7842;60;626861574;7842;220;8824;8909;8.94;0.55;271.63;7.33;982;61;3029.00;85
7844;60;626861598;7844;216;8829;8909;8.96;0.55;271.63;7.34;985;61;3030.00;80
7847;60;626861617;7847;222;8834;8909;8.97;0.55;271.65;7.35;987;61;3031.00;75
7850;60;626861638;7850;221;8839;8910;8.93;0.55;271.68;7.37;989;61;3032.00;71
7851;60;626861668;7851;219;8842;8911;8.93;0.55;271.73;7.37;991;61;3033.00;69
7854;60;626861690;7854;227;8848;8911;8.89;0.54;271.81;7.39;994;61;3034.00;63
7857;60;626861705;7857;237;8851;8912;8.84;0.54;271.81;7.39;994;61;3035.00;61
7859;60;626861721;7859;237;8852;8912;8.76;0.54;271.77;7.40;993;61;3036.00;60
7861;60;626861738;7861;242;8857;8912;8.66;0.53;271.83;7.42;996;61;3037.00;55
7863;60;626861753;7863;247;8859;8912;8.56;0.53;271.82;7.42;996;61;3038.00;53
7866;60;626861770;7866;253;8864;8916;8.48;0.52;271.84;7.43;998;61;3039.00;52
7868;60;626861786;7868;254;8867;8916;8.35;0.51;271.86;7.43;999;61;3040.00;49
7872;60;626861801;7872;255;8868;8916;8.28;0.51;271.90;7.44;996;61;3041.00;48
7874;60;626861816;7874;259;8873;8919;8.27;0.51;271.90;7.45;999;61;3042.00;46
7878;60;626861831;7878;264;8873;8919;8.21;0.50;271.93;7.45;995;61;3043.00;46
7881;60;626861845;7881;264;8875;8919;8.21;0.50;271.97;7.45;994;61;3044.00;44
7884;60;626861860;7884;271;8880;8923;8.12;0.50;271.98;7.46;996;61;3045.00;43
7888;60;626861875;7888;277;8882;8924;8.05;0.49;271.92;7.46;994;61;3046.00;42
7892;60;626861890;7892;282;8884;8924;7.93;0.49;272.00;7.47;992;61;3047.00;40
7895;60;626861903;7895;287;8888;8928;7.89;0.48;272.04;7.46;993;61;3048.00;40
7896;60;626861917;7896;302;8888;8928;7.82;0.48;272.05;7.46;992;61;3049.00;40
7900;60;626861931;7900;300;8890;8928;7.70;0.47;272.01;7.47;990;61;3050.00;38
7904;60;626861946;7904;310;8891;8929;7.59;0.46;272.11;7.47;987;61;3051.00;38
7908;60;626861960;7908;313;8891;8929;7.39;0.45;272.11;7.47;983;61;3052.00;38
7912;60;626861974;7912;320;8895;8935;7.29;0.45;272.13;7.47;983;61;3053.00;40
7918;60;626861988;7918;318;8896;8935;7.18;0.44;272.10;7.47;978;61;3054.00;39
7920;60;626862002;7920;323;8899;8936;7.10;0.43;272.11;7.48;979;61;3055.00;37
7925;60;626862015;7925;320;8900;8936;6.92;0.42;272.05;7.48;975;61;3056.00;36
7928;60;626862028;7928;326;8903;8936;6.72;0.41;272.10;7.49;975;61;3057.00;33
7931;60;626862041;7931;332;8904;8936;6.55;0.40;272.10;7.50;973;61;3058.00;32
7935;60;626862053;7935;338;8904;8936;6.40;0.39;272.17;7.50;969;61;3059.00;32
7937;60;626862067;7937;329;8929;8972;6.40;0.40;272.23;7.49;992;61;3060.00;43
7940;60;626862083;7940;323;8932;8972;6.34;0.39;272.27;7.49;992;61;3061.00;40
7942;60;626862096;7942;319;8934;8972;6.30;0.39;272.29;7.48;992;61;3062.00;38
7949;60;626862108;7949;318;8937;8972;6.19;0.38;272.47;7.49;988;61;3063.00;35
7955;60;626862119;7955;316;8938;8972;6.18;0.38;272.52;7.49;983;61;3064.00;34
7960;60;626862131;7960;315;8939;8972;6.19;0.38;272.60;7.49;979;61;3065.00;33
7962;60;626862144;7962;315;8943;8976;6.22;0.38;272.69;7.49;981;61;3066.00;33
7965;60;626862166;7965;318;8943;8976;6.22;0.38;272.74;7.49;978;61;3067.00;33
7972;60;626862178;7972;314;8947;8980;6.24;0.38;272.88;7.49;975;61;3068.00;33
7975;60;626862191;7975;318;8948;8981;6.20;0.38;272.86;7.49;973;61;3069.00;33
7978;60;626862203;7978;333;8949;8981;6.20;0.38;272.89;7.49;971;61;3070.00;32
7982;60;626862215;7982;333;8950;8981;6.11;0.37;272.92;7.49;968;61;3071.00;31
7982;60;626862227;7982;343;8960;8994;6.11;0.37;272.92;7.48;978;61;3072.00;34
7987;61;626862240;7987;337;8962;8994;6.03;0.37;272.94;7.48;975;62;3073.00;32
7990;61;626862271;7990;344;8962;8994;6.02;0.37;272.95;7.48;972;62;3074.00;32
7993;61;626862285;7993;341;8963;8995;6.00;0.37;272.94;7.48;970;62;3075.00;32
7996;61;626862298;7996;338;8963;8996;5.95;0.37;272.97;7.48;967;62;3076.00;33
8000;61;626862310;8000;335;8963;8996;5.86;0.36;272.93;7.48;963;62;3077.00;33
8003;61;626862321;8003;339;8966;8999;5.88;0.36;272.91;7.47;963;62;3078.00;33
8006;61;626862333;8006;341;8966;8999;5.92;0.37;272.93;7.47;960;62;3079.00;33
8009;61;626862346;8009;338;8966;8999;5.89;0.36;272.98;7.47;957;62;3080.00;33
8011;61;626862358;8011;335;8966;8999;5.86;0.36;272.96;7.47;955;62;3081.00;33
8016;61;626862370;8016;338;8970;9005;5.85;0.36;272.96;7.47;954;62;3082.00;35
8019;61;626862384;8019;338;8971;9005;5.86;0.36;272.90;7.47;952;62;3083.00;34
8023;61;626862397;8023;342;8971;9005;5.84;0.36;272.89;7.47;948;62;3084.00;34
8029;61;626862409;8029;338;8971;9005;5.82;0.36;272.87;7.47;942;62;3085.00;34
8033;61;626862422;8033;330;8974;9009;5.88;0.36;272.85;7.47;941;62;3086.00;35
8035;61;626862434;8035;335;8976;9010;5.89;0.36;272.85;7.51;941;62;3087.00;34
8045;61;626862447;8045;338;8976;9010;5.85;0.36;272.96;7.51;931;62;3088.00;34
8046;61;626862460;8046;338;8977;9011;5.86;0.36;272.95;7.50;931;62;3089.00;34
8052;61;626862481;8052;338;8977;9011;5.81;0.35;272.91;7.50;925;62;3090.00;34
8055;61;626862494;8055;344;8977;9011;5.79;0.35;272.89;7.50;922;62;3091.00;34
8059;61;626862506;8059;349;8977;9011;5.78;0.35;272.83;7.50;918;62;3092.00;34
8064;61;626862519;8064;360;8977;9011;5.73;0.35;272.78;7.50;913;62;3093.00;34
8068;61;626862533;8068;368;8977;9011;5.70;0.35;272.78;7.50;909;62;3094.00;34
8069;61;626862546;8069;374;8977;9011;5.73;0.35;272.83;7.50;908;62;3095.00;34
8076;61;626862556;8076;392;9016;9081;5.92;0.36;272.88;7.47;940;62;3096.00;65
8080;61;626862574;8080;388;9017;9082;5.89;0.36;272.88;7.47;937;62;3097.00;65
8081;61;626862586;8081;390;9024;9082;6.00;0.37;272.90;7.47;943;62;3098.00;58
8083;61;626862596;8083;396;9026;9082;6.03;0.37;272.87;7.47;943;62;3099.00;56
8084;61;626862608;8084;394;9030;9082;6.11;0.37;272.89;7.46;946;62;3100.00;52
8085;61;626862624;8085;399;9035;9082;6.19;0.38;272.86;7.46;950;62;3101.00;47
8087;61;626862636;8087;402;9039;9082;6.23;0.38;272.84;7.46;952;62;3102.00;43
8087;61;626862648;8087;403;9041;9082;6.22;0.38;272.84;7.46;954;62;3103.00;41
8090;61;626862661;8090;411;9043;9083;6.17;0.38;272.83;7.46;953;62;3104.00;40
8092;61;626862673;8092;419;9045;9085;6.14;0.38;272.80;7.46;953;62;3105.00;40
8095;61;626862686;8095;425;9046;9085;6.04;0.37;272.81;7.46;951;62;3106.00;39
8098;61;626862699;8098;409;9049;9089;6.04;0.37;272.78;7.46;951;62;3107.00;40
8101;61;626862712;8101;398;9049;9089;6.06;0.37;272.73;7.46;948;62;3108.00;40
8103;61;626862726;8103;387;9049;9089;6.14;0.38;272.74;7.46;946;62;3109.00;40
8105;61;626862739;8105;366;9049;9089;6.25;0.38;272.73;7.46;944;62;3110.00;40
8107;61;626862752;8107;358;9053;9095;6.37;0.39;272.71;7.46;946;62;3111.00;42
8108;61;626862766;8108;342;9054;9095;6.55;0.40;272.80;7.46;946;62;3112.00;41
8111;61;626862780;8111;342;9054;9095;6.67;0.41;272.88;7.46;943;62;3113.00;41
8113;62;626862803;8113;331;9057;9098;6.82;0.42;272.91;7.45;944;63;3114.00;41
8113;62;626862827;8113;323;9057;9098;6.95;0.43;272.91;7.45;944;63;3115.00;41
8117;62;626862839;8117;307;9057;9098;7.00;0.43;272.89;7.45;940;63;3116.00;41
8119;62;626862857;8119;292;9057;9099;7.15;0.44;272.85;7.45;938;63;3117.00;42
8121;62;626862871;8121;275;9058;9100;7.25;0.44;272.78;7.45;937;63;3118.00;42
8122;62;626862884;8122;261;9058;9100;7.37;0.45;272.79;7.45;936;63;3119.00;42
8123;62;626862904;8123;265;9078;9126;7.55;0.46;272.78;7.44;955;63;3120.00;48
8123;62;626862920;8123;258;9078;9126;7.64;0.47;272.78;7.44;955;63;3121.00;48
8124;62;626862935;8124;242;9079;9126;7.82;0.48;272.77;7.43;955;63;3122.00;47
8125;62;626862949;8125;240;9081;9127;7.96;0.49;272.77;7.43;956;63;3123.00;46
8126;62;626862964;8126;235;9081;9127;8.09;0.49;272.74;7.43;955;63;3124.00;46
8128;63;626862984;8128;239;9085;9131;8.22;0.50;272.71;7.47;957;64;3125.00;46
8130;63;626863010;8130;233;9086;9131;8.31;0.51;272.68;7.47;956;64;3126.00;45
8131;63;626863023;8131;230;9089;9135;8.38;0.51;272.71;7.47;958;64;3127.00;46
8135;63;626863037;8135;224;9089;9135;8.43;0.51;272.77;7.47;954;64;3128.00;46
8139;63;626863051;8139;219;9089;9135;8.48;0.52;272.82;7.47;950;64;3129.00;46
8143;63;626863064;8143;223;9089;9135;8.51;0.52;272.94;7.47;946;64;3130.00;46
8144;63;626863078;8144;216;9089;9135;8.54;0.52;272.92;7.47;945;64;3131.00;46
8147;63;626863098;8147;219;9099;9147;8.53;0.52;272.90;7.46;952;64;3132.00;48
8148;63;626863114;8148;221;9099;9147;8.57;0.52;272.89;7.46;951;64;3133.00;48
8149;63;626863133;8149;223;9100;9147;8.58;0.52;272.89;7.46;951;64;3134.00;47
8151;63;626863148;8151;224;9100;9147;8.57;0.52;272.87;7.46;949;64;3135.00;47
8156;63;626863162;8156;222;9100;9147;8.49;0.52;272.99;7.46;944;64;3136.00;47
8160;63;626863177;8160;220;9100;9147;8.48;0.52;273.09;7.46;940;64;3137.00;47
8165;63;626863190;8165;228;9100;9148;8.51;0.52;273.11;7.46;935;64;3138.00;48
8171;63;626863204;8171;232;9100;9148;8.49;0.52;273.14;7.46;929;64;3139.00;48
8176;63;626863218;8176;236;9104;9154;8.47;0.51;273.24;7.46;928;64;3140.00;50
8177;63;626863233;8177;235;9105;9155;8.47;0.51;273.22;7.46;928;64;3141.00;50
8180;63;626863248;8180;243;9106;9155;8.45;0.51;273.34;7.46;926;64;3142.00;49
8183;63;626863267;8183;246;9106;9155;8.42;0.51;273.44;7.46;923;64;3143.00;49
8184;63;626863281;8184;256;9109;9159;8.38;0.51;273.48;7.46;925;64;3144.00;50
8189;63;626863294;8189;259;9109;9159;8.32;0.51;273.55;7.46;920;64;3145.00;50
8192;63;626863307;8192;260;9109;9159;8.33;0.51;273.53;7.46;917;64;3146.00;50
8193;63;626863321;8193;267;9110;9160;8.33;0.51;273.55;7.45;917;64;3147.00;50
8197;63;626863334;8197;266;9114;9164;8.24;0.50;273.56;7.49;917;64;3148.00;50
8200;63;626863348;8200;263;9114;9164;8.15;0.50;273.58;7.49;914;64;3149.00;50
8204;63;626863363;8204;265;9117;9170;8.11;0.49;273.58;7.49;913;64;3150.00;53
8210;63;626863378;8210;256;9117;9170;8.00;0.49;273.64;7.49;907;64;3151.00;53
8211;63;626863392;8211;253;9118;9170;7.98;0.48;273.65;7.49;907;64;3152.00;52
8214;63;626863405;8214;253;9118;9170;7.95;0.48;273.69;7.49;904;64;3153.00;52
8216;63;626863418;8216;251;9121;9174;7.95;0.48;273.71;7.48;905;64;3154.00;53
8218;63;626863436;8218;239;9121;9174;7.94;0.48;273.72;7.48;903;64;3155.00;53
8220;63;626863449;8220;245;9122;9174;8.03;0.49;273.76;7.48;902;64;3156.00;52
8226;63;626863462;8226;237;9122;9174;8.01;0.49;273.85;7.48;896;64;3157.00;52
8230;63;626863475;8230;236;9123;9175;7.97;0.48;273.97;7.48;893;64;3158.00;52
8233;63;626863487;8233;232;9124;9176;8.00;0.49;274.02;7.48;891;64;3159.00;52
8235;63;626863500;8235;230;9125;9176;8.02;0.49;274.04;7.48;890;64;3160.00;51
8242;63;626863512;8242;227;9126;9177;7.97;0.48;274.10;7.48;884;64;3161.00;51
8244;63;626863524;8244;221;9126;9177;7.94;0.48;274.09;7.48;882;64;3162.00;51
8246;63;626863540;8246;214;9127;9177;7.89;0.48;274.14;7.51;881;64;3163.00;50
8247;63;626863560;8247;213;9128;9177;7.79;0.47;274.16;7.52;881;64;3164.00;49
8252;63;626863578;8252;208;9129;9177;7.68;0.47;274.12;7.54;877;64;3165.00;48
8254;63;626863606;8254;202;9130;9177;7.71;0.47;274.13;7.57;876;64;3166.00;47
8258;63;626863623;8258;191;9130;9177;7.72;0.47;274.16;7.57;872;64;3167.00;47
8261;63;626863638;8261;210;9194;9304;7.72;0.48;274.17;7.51;933;64;3168.00;110
8265;63;626863665;8265;199;9195;9305;7.76;0.48;274.18;7.51;930;64;3169.00;110
8267;63;626863679;8267;186;9205;9305;7.86;0.48;274.17;7.54;938;64;3170.00;100
8272;63;626863692;8272;178;9207;9305;7.91;0.49;274.17;7.54;935;64;3171.00;98
8274;63;626863704;8274;173;9210;9305;8.05;0.49;274.21;7.54;936;64;3172.00;95
8280;63;626863717;8280;170;9211;9305;8.17;0.50;274.22;7.54;931;64;3173.00;94
8284;63;626863730;8284;167;9218;9305;8.26;0.51;274.18;7.57;934;64;3174.00;87
8286;63;626863743;8286;166;9218;9305;8.35;0.51;274.24;7.57;932;64;3175.00;87
8288;63;626863756;8288;168;9224;9306;8.50;0.52;274.28;7.57;936;64;3176.00;82
8293;63;626863768;8293;167;9227;9307;8.61;0.53;274.27;7.60;934;64;3177.00;80
8294;63;626863781;8294;165;9231;9307;8.78;0.54;274.29;7.60;937;64;3178.00;76
8295;63;626863794;8295;163;9233;9308;8.82;0.54;274.33;7.60;938;64;3179.00;75
8302;63;626863808;8302;168;9240;9308;8.81;0.54;274.40;7.63;938;64;3180.00;68
8307;63;626863821;8307;166;9245;9308;8.80;0.54;274.50;7.64;938;64;3181.00;63
8309;63;626863835;8309;176;9248;9308;8.78;0.54;274.50;7.64;939;64;3182.00;60
8313;63;626863855;8313;180;9251;9312;8.79;0.54;274.52;7.64;938;64;3183.00;61
8315;63;626863869;8315;191;9254;9312;8.82;0.54;274.57;7.64;939;64;3184.00;58
8317;63;626863882;8317;196;9255;9312;8.88;0.54;274.57;7.64;938;64;3185.00;57
8320;63;626863895;8320;200;9258;9315;8.94;0.54;274.59;7.64;938;64;3186.00;57
8322;63;626863915;8322;206;9259;9315;8.89;0.54;274.59;7.65;937;64;3187.00;56
8325;63;626863929;8325;209;9260;9315;8.83;0.54;274.65;7.65;935;64;3188.00;55
8327;63;626863951;8327;211;9263;9319;8.77;0.53;274.74;7.65;936;64;3189.00;56
8329;63;626863964;8329;218;9266;9320;8.76;0.53;274.74;7.66;937;64;3190.00;54
8334;63;626863978;8334;217;9268;9322;8.77;0.53;274.74;7.67;934;64;3191.00;54
8335;63;626863991;8335;215;9272;9326;8.85;0.54;274.73;7.67;937;64;3192.00;54
8337;63;626864006;8337;218;9274;9326;8.89;0.54;274.76;7.70;937;64;3193.00;52
8338;63;626864018;8338;222;9275;9326;8.91;0.54;274.78;7.70;937;64;3194.00;51
8339;63;626864032;8339;222;9278;9328;8.94;0.54;274.79;7.71;939;64;3195.00;50
8344;63;626864045;8344;221;9280;9328;8.89;0.54;274.81;7.73;936;64;3196.00;48
8346;63;626864058;8346;225;9285;9334;8.81;0.53;274.84;7.72;939;64;3197.00;49
8347;63;626864071;8347;228;9286;9334;8.72;0.53;274.87;7.74;939;64;3198.00;48
8350;63;626864085;8350;241;9287;9335;8.58;0.52;274.90;7.74;937;64;3199.00;48
8351;63;626864100;8351;242;9287;9335;8.52;0.52;274.95;7.74;936;64;3200.00;48
8353;63;626864119;8353;244;9289;9335;8.46;0.52;274.98;7.76;936;64;3201.00;46
8356;63;626864138;8356;247;9289;9335;8.42;0.51;274.99;7.76;933;64;3202.00;46
8358;63;626864159;8358;251;9291;9335;8.32;0.51;275.00;7.78;933;64;3203.00;44
8360;63;626864170;8360;258;9302;9347;8.34;0.51;275.03;7.78;942;64;3204.00;45
8365;63;626864183;8365;263;9302;9347;8.27;0.50;275.02;7.78;937;64;3205.00;45
8367;63;626864195;8367;264;9305;9347;8.24;0.50;275.01;7.79;938;64;3206.00;42
8371;63;626864207;8371;263;9305;9347;8.15;0.50;275.08;7.79;934;64;3207.00;42
8373;63;626864219;8373;270;9306;9347;8.04;0.49;275.15;7.80;933;64;3208.00;41
8373;63;626864231;8373;273;9307;9347;7.97;0.49;275.15;7.81;934;64;3209.00;40
8376;63;626864243;8376;277;9310;9351;7.88;0.48;275.18;7.81;934;64;3210.00;41
8379;63;626864263;8379;275;9313;9351;7.81;0.48;275.20;7.83;934;64;3211.00;38
8379;63;626864274;8379;276;9317;9355;7.82;0.48;275.20;7.84;938;64;3212.00;38
8382;63;626864286;8382;275;9318;9356;7.78;0.48;275.27;7.83;936;64;3213.00;38
8386;63;626864301;8386;277;9320;9356;7.74;0.47;275.39;7.84;934;64;3214.00;36
8387;63;626864318;8387;277;9321;9356;7.71;0.47;275.42;7.84;934;64;3215.00;35
8391;63;626864330;8391;287;9331;9369;7.64;0.47;275.39;7.84;940;64;3216.00;38
8393;63;626864343;8393;289;9334;9369;7.60;0.46;275.38;7.84;941;64;3217.00;35
8394;63;626864355;8394;296;9334;9369;7.59;0.46;275.36;7.84;940;64;3218.00;35
8395;63;626864367;8395;303;9335;9370;7.55;0.46;275.34;7.84;940;64;3219.00;35
8397;63;626864379;8397;307;9337;9371;7.49;0.46;275.37;7.85;940;64;3220.00;34
8401;63;626864391;8401;310;9337;9371;7.43;0.46;275.39;7.85;936;64;3221.00;34
8404;63;626864402;8404;314;9339;9374;7.37;0.45;275.36;7.85;935;64;3222.00;35
8408;63;626864415;8408;321;9340;9374;7.31;0.45;275.30;7.85;932;64;3223.00;34
8411;63;626864425;8411;323;9341;9374;7.23;0.44;275.28;7.85;930;64;3224.00;33
8413;63;626864436;8413;325;9342;9374;7.13;0.44;275.32;7.86;929;64;3225.00;32
8418;63;626864447;8418;332;9348;9380;7.09;0.44;275.28;7.86;930;64;3226.00;32
8424;63;626864458;8424;333;9348;9380;6.93;0.43;275.25;7.86;924;64;3227.00;32
8428;63;626864471;8428;341;9350;9380;6.78;0.42;275.29;7.86;922;64;3228.00;30
8434;63;626864482;8434;349;9350;9380;6.54;0.40;275.26;7.86;916;64;3229.00;30
8437;63;626864492;8437;343;9354;9384;6.39;0.39;275.26;7.87;917;64;3230.00;30
8441;63;626864503;8441;337;9356;9385;6.24;0.38;275.32;7.87;915;64;3231.00;29
8444;63;626864514;8444;340;9356;9385;6.15;0.38;275.31;7.87;912;64;3232.00;29
8447;63;626864526;8447;342;9359;9386;6.10;0.37;275.32;7.88;912;64;3233.00;27
8449;63;626864539;8449;350;9359;9386;6.11;0.37;275.30;7.88;910;64;3234.00;27
8452;63;626864549;8452;354;9360;9386;6.08;0.37;275.28;7.88;908;64;3235.00;26
8459;63;626864559;8459;362;9361;9386;5.99;0.37;275.29;7.88;902;64;3236.00;25
8462;63;626864570;8462;352;9361;9386;5.98;0.37;275.23;7.88;899;64;3237.00;25
8469;63;626864581;8469;342;9363;9386;5.93;0.36;275.27;7.89;894;64;3238.00;23
8471;63;626864591;8471;350;9363;9386;5.92;0.36;275.26;7.89;892;64;3239.00;23
8473;63;626864603;8473;342;9416;9511;6.25;0.39;275.27;7.85;943;64;3240.00;95
8477;63;626864621;8477;345;9420;9512;6.25;0.39;275.28;7.88;943;64;3241.00;92
8480;63;626864632;8480;343;9433;9512;6.44;0.40;275.26;7.87;953;64;3242.00;79
8484;63;626864643;8484;345;9441;9512;6.49;0.40;275.27;7.87;957;64;3243.00;71
8487;63;626864654;8487;341;9446;9512;6.50;0.40;275.26;7.87;959;64;3244.00;66
8488;63;626864665;8488;343;9451;9512;6.51;0.40;275.24;7.87;963;64;3245.00;61
8491;63;626864675;8491;350;9456;9512;6.44;0.39;275.22;7.86;965;64;3246.00;56
8492;63;626864686;8492;346;9457;9512;6.38;0.39;275.23;7.86;965;64;3247.00;55
8494;63;626864696;8494;349;9462;9513;6.34;0.39;275.22;7.86;968;64;3248.00;51
8497;63;626864707;8497;357;9464;9514;6.29;0.39;275.19;7.86;967;64;3249.00;50
8499;63;626864718;8499;358;9467;9514;6.26;0.39;275.18;7.86;968;64;3250.00;47
8502;63;626864729;8502;365;9471;9518;6.24;0.38;275.21;7.86;969;64;3251.00;47
8505;63;626864740;8505;375;9474;9518;6.14;0.38;275.23;7.86;969;64;3252.00;44
8507;63;626864752;8507;380;9475;9518;6.09;0.38;275.23;7.86;968;64;3253.00;43
8511;63;626864762;8511;378;9475;9518;6.09;0.38;275.25;7.86;964;64;3254.00;43
8514;63;626864774;8514;384;9478;9524;6.03;0.37;275.23;7.86;964;64;3255.00;46
8516;63;626864786;8516;392;9479;9524;6.02;0.37;275.24;7.86;963;64;3256.00;45
8520;63;626864796;8520;400;9480;9524;5.93;0.37;275.18;7.90;960;64;3257.00;44
8522;63;626864807;8522;404;9483;9527;5.87;0.36;275.17;7.90;961;64;3258.00;44
8527;63;626864820;8527;399;9483;9527;5.83;0.36;275.28;7.90;956;64;3259.00;44
8529;63;626864831;8529;388;9484;9527;5.81;0.36;275.31;7.90;955;64;3260.00;43
8532;63;626864842;8532;388;9484;9528;5.76;0.35;275.31;7.90;952;64;3261.00;44
8537;63;626864853;8537;382;9486;9529;5.79;0.36;275.43;7.90;949;64;3262.00;43
8541;63;626864865;8541;380;9486;9529;5.78;0.35;275.41;7.90;945;64;3263.00;43
8543;63;626864876;8543;385;9497;9542;5.91;0.36;275.43;7.89;954;64;3264.00;45
8544;63;626864894;8544;376;9497;9542;6.05;0.37;275.43;7.89;953;64;3265.00;45
8549;63;626864912;8549;373;9497;9542;6.12;0.37;275.35;7.89;948;64;3266.00;45
8552;63;626864925;8552;364;9498;9543;6.22;0.38;275.33;7.89;946;64;3267.00;45
8552;63;626864938;8552;367;9498;9543;6.32;0.39;275.33;7.89;946;64;3268.00;45
8554;63;626864956;8554;359;9501;9547;6.43;0.39;275.33;7.89;947;64;3269.00;46
8559;63;626864973;8559;351;9502;9547;6.46;0.40;275.26;7.89;943;64;3270.00;45
8561;63;626864986;8561;356;9505;9551;6.59;0.40;275.24;7.88;944;64;3271.00;46
8565;63;626864999;8565;356;9505;9551;6.61;0.40;275.33;7.88;940;64;3272.00;46
8566;63;626865012;8566;358;9505;9551;6.66;0.41;275.31;7.88;939;64;3273.00;46
8570;63;626865025;8570;358;9505;9551;6.61;0.40;275.23;7.88;935;64;3274.00;46
8570;63;626865038;8570;361;9505;9551;6.55;0.40;275.23;7.88;935;64;3275.00;46
8574;63;626865051;8574;358;9514;9563;6.61;0.40;275.25;7.88;940;64;3276.00;49
8574;63;626865066;8574;351;9514;9563;6.69;0.41;275.25;7.88;940;64;3277.00;49
8579;63;626865079;8579;339;9516;9563;6.74;0.41;275.25;7.87;937;64;3278.00;47
8581;63;626865092;8581;338;9516;9563;6.82;0.42;275.27;7.87;935;64;3279.00;47
8584;63;626865106;8584;342;9516;9563;6.85;0.42;275.34;7.87;932;64;3280.00;47
8586;63;626865119;8586;329;9516;9563;6.92;0.42;275.37;7.87;930;64;3281.00;47
8590;63;626865133;8590;324;9517;9564;6.94;0.42;275.40;7.92;927;64;3282.00;47
8592;63;626865152;8592;318;9517;9564;7.00;0.43;275.49;7.92;925;64;3283.00;47
8594;63;626865165;8594;319;9521;9570;7.04;0.43;275.44;7.91;927;64;3284.00;49
8598;63;626865179;8598;320;9523;9572;6.97;0.42;275.44;7.91;925;64;3285.00;49
8601;63;626865193;8601;313;9524;9572;6.99;0.43;275.55;7.91;923;64;3286.00;48
8603;63;626865207;8603;302;9524;9572;7.02;0.43;275.59;7.91;921;64;3287.00;48
8604;63;626865226;8604;295;9527;9576;7.11;0.43;275.62;7.91;923;64;3288.00;49
8607;63;626865240;8607;294;9527;9576;7.11;0.43;275.72;7.91;920;64;3289.00;49
8611;63;626865256;8611;287;9527;9576;7.20;0.44;275.79;7.91;916;64;3290.00;49
8614;63;626865275;8614;286;9528;9577;7.26;0.44;275.74;7.91;914;64;3291.00;49
8617;63;626865290;8617;289;9531;9581;7.34;0.45;275.79;7.91;914;64;3292.00;50
8619;63;626865304;8619;293;9531;9581;7.40;0.45;275.82;7.91;912;64;3293.00;50
8620;63;626865318;8620;287;9533;9584;7.42;0.45;275.83;7.90;913;64;3294.00;51
8623;63;626865337;8623;290;9533;9584;7.45;0.45;275.90;7.90;910;64;3295.00;51
8625;63;626865351;8625;296;9534;9584;7.50;0.46;275.96;7.90;909;64;3296.00;50
8628;63;626865365;8628;302;9534;9584;7.49;0.46;275.95;7.90;906;64;3297.00;50
8633;63;626865379;8633;301;9537;9588;7.57;0.46;275.99;7.90;904;64;3298.00;51
8633;63;626865400;8633;297;9537;9588;7.68;0.47;275.99;7.90;904;64;3299.00;51
8636;63;626865416;8636;289;9541;9607;7.71;0.47;276.00;7.90;905;64;3300.00;66
8636;63;626865435;8636;291;9541;9607;7.72;0.47;276.00;7.90;905;64;3301.00;66
8639;63;626865449;8639;283;9542;9608;7.74;0.47;275.98;7.90;903;64;3302.00;66
8641;63;626865463;8641;279;9543;9609;7.75;0.47;276.07;7.90;902;64;3303.00;66
8644;63;626865477;8644;282;9543;9609;7.74;0.47;276.03;7.90;899;64;3304.00;66
8649;63;626865491;8649;278;9544;9610;7.71;0.47;276.01;7.90;895;64;3305.00;66
8650;63;626865505;8650;281;9545;9610;7.68;0.47;276.02;7.90;895;64;3306.00;65
8651;63;626865518;8651;275;9546;9610;7.66;0.47;276.06;7.90;895;64;3307.00;64
8657;63;626865532;8657;270;9546;9610;7.65;0.46;276.07;7.90;889;64;3308.00;64
8658;63;626865553;8658;274;9546;9610;7.70;0.47;276.09;7.90;888;64;3309.00;64
8660;63;626865572;8660;275;9546;9610;7.68;0.47;276.11;7.90;886;64;3310.00;64
8661;63;626865597;8661;280;9547;9610;7.72;0.47;276.16;7.94;886;64;3311.00;63
8664;63;626865614;8664;307;9617;9737;7.69;0.48;276.19;7.88;953;64;3312.00;120
8665;63;626865647;8665;295;9621;9738;7.66;0.47;276.19;7.88;956;64;3313.00;117
8668;63;626865664;8668;286;9624;9738;7.70;0.48;276.20;7.88;956;64;3314.00;114
8669;63;626865679;8669;288;9627;9738;7.77;0.48;276.20;7.88;958;64;3315.00;111
8671;63;626865694;8671;292;9629;9738;7.85;0.49;276.22;7.88;958;64;3316.00;109
8675;63;626865712;8675;293;9631;9738;7.90;0.49;276.31;7.88;956;64;3317.00;107
8676;63;626865729;8676;293;9635;9738;7.95;0.49;276.29;7.88;959;64;3318.00;103
8680;63;626865743;8680;301;9637;9738;7.98;0.49;276.38;7.88;957;64;3319.00;101
8681;63;626865759;8681;304;9639;9739;8.02;0.49;276.41;7.88;958;64;3320.00;100
8681;63;626865776;8681;300;9642;9740;8.05;0.50;276.41;7.88;961;64;3321.00;98
8684;63;626865790;8684;298;9645;9740;8.02;0.49;276.41;7.88;961;64;3322.00;95
8689;63;626865804;8689;298;9646;9741;7.97;0.49;276.39;7.88;957;64;3323.00;95
8692;63;626865818;8692;295;9651;9741;7.95;0.49;276.38;7.88;959;64;3324.00;90
8695;63;626865832;8695;292;9654;9741;7.96;0.49;276.38;7.89;959;64;3325.00;87
8697;63;626865848;8697;293;9655;9741;7.93;0.48;276.35;7.89;958;64;3326.00;86
8702;63;626865864;8702;288;9658;9745;7.85;0.48;276.32;7.93;956;64;3327.00;87
8704;63;626865879;8704;291;9659;9745;7.83;0.48;276.35;7.93;955;64;3328.00;86
8706;63;626865894;8706;290;9662;9745;7.79;0.47;276.36;7.94;956;64;3329.00;83
8708;63;626865915;8708;284;9665;9751;7.75;0.47;276.36;7.94;957;64;3330.00;86
8711;63;626865930;8711;288;9666;9751;7.68;0.47;276.39;7.94;955;64;3331.00;85
8712;63;626865944;8712;279;9669;9751;7.66;0.47;276.41;7.98;957;64;3332.00;82
8716;63;626865957;8716;278;9673;9755;7.57;0.46;276.46;7.98;957;64;3333.00;82
8719;64;626865972;8719;268;9676;9756;7.57;0.46;276.49;8.03;957;65;3334.00;80
8723;64;626866004;8723;264;9679;9756;7.48;0.45;276.52;8.05;956;65;3335.00;77
8725;64;626866020;8725;262;9682;9760;7.50;0.46;276.51;8.10;957;65;3336.00;78
8729;64;626866034;8729;261;9683;9760;7.43;0.45;276.55;8.10;954;65;3337.00;77
8732;64;626866048;8732;259;9683;9760;7.44;0.45;276.56;8.10;951;65;3338.00;77
8733;64;626866063;8733;252;9686;9761;7.46;0.45;276.56;8.14;953;65;3339.00;75
8734;64;626866078;8734;243;9687;9761;7.46;0.45;276.55;8.15;953;65;3340.00;74
8737;64;626866093;8737;239;9692;9767;7.49;0.45;276.61;8.20;955;65;3341.00;75
8740;64;626866107;8740;233;9692;9767;7.54;0.46;276.62;8.20;952;65;3342.00;75
8743;64;626866123;8743;240;9694;9768;7.59;0.46;276.78;8.20;951;65;3343.00;74
8746;64;626866137;8746;236;9696;9768;7.62;0.46;276.82;8.24;950;65;3344.00;72
8752;64;626866151;8752;238;9697;9768;7.62;0.46;276.89;8.25;945;65;3345.00;71
8755;64;626866165;8755;234;9698;9768;7.68;0.46;276.91;8.25;943;65;3346.00;70
8758;64;626866180;8758;234;9699;9768;7.71;0.47;276.89;8.25;941;65;3347.00;69
8760;64;626866194;8760;236;9708;9780;7.79;0.47;276.95;8.27;948;65;3348.00;72
8761;64;626866209;8761;235;9713;9780;7.84;0.48;276.96;8.28;952;65;3349.00;67
8764;64;626866224;8764;243;9715;9780;7.84;0.48;276.93;8.28;951;65;3350.00;65
8766;64;626866239;8766;241;9718;9780;7.85;0.48;276.92;8.29;952;65;3351.00;62
8769;64;626866255;8769;241;9719;9780;7.84;0.47;276.92;8.29;950;65;3352.00;61
8770;64;626866270;8770;245;9720;9780;7.81;0.47;276.91;8.29;950;65;3353.00;60
8773;64;626866284;8773;247;9725;9784;7.75;0.47;276.95;8.29;952;65;3354.00;59
8774;64;626866297;8774;251;9725;9784;7.80;0.47;276.97;8.29;951;65;3355.00;59
8778;64;626866311;8778;254;9728;9788;7.78;0.47;276.98;8.29;950;65;3356.00;60
8779;64;626866326;8779;262;9730;9789;7.81;0.47;276.99;8.28;951;65;3357.00;59
8783;64;626866340;8783;264;9730;9789;7.78;0.47;276.98;8.28;947;65;3358.00;59
8786;64;626866355;8786;269;9730;9789;7.76;0.47;277.04;8.28;944;65;3359.00;59
8789;64;626866371;8789;278;9749;9818;7.71;0.47;276.99;8.29;960;65;3360.00;69
8792;64;626866388;8792;272;9751;9818;7.66;0.46;277.05;8.29;959;65;3361.00;67
8796;64;626866402;8796;272;9754;9818;7.65;0.46;277.00;8.29;958;65;3362.00;64
8798;64;626866416;8798;276;9759;9819;7.65;0.46;277.07;8.31;961;65;3363.00;60
8799;64;626866430;8799;284;9760;9820;7.65;0.46;277.09;8.31;961;65;3364.00;60
8800;64;626866444;8800;294;9761;9820;7.61;0.46;277.09;8.32;961;65;3365.00;59
8805;64;626866458;8805;299;9765;9823;7.57;0.46;277.21;8.33;960;65;3366.00;58
8808;64;626866473;8808;301;9766;9823;7.54;0.46;277.30;8.34;958;65;3367.00;57
8809;64;626866486;8809;310;9767;9823;7.52;0.46;277.28;8.35;958;65;3368.00;56
8811;64;626866501;8811;312;9768;9823;7.46;0.45;277.28;8.36;957;65;3369.00;55
8811;64;626866521;8811;314;9773;9829;7.42;0.45;277.28;8.37;962;65;3370.00;56
8812;64;626866540;8812;320;9775;9829;7.36;0.45;277.32;8.38;963;65;3371.00;54
8813;64;626866556;8813;322;9777;9829;7.29;0.45;277.34;8.40;964;65;3372.00;52
8815;64;626866569;8815;334;9777;9829;7.25;0.44;277.36;8.40;962;65;3373.00;52
8816;64;626866580;8816;338;9782;9833;7.27;0.45;277.33;8.41;966;65;3374.00;51
8816;64;626866592;8816;344;9784;9835;7.23;0.44;277.33;8.41;968;65;3375.00;51
8817;64;626866604;8817;349;9786;9835;7.18;0.44;277.31;8.43;969;65;3376.00;49
8819;64;626866615;8819;357;9787;9836;7.12;0.44;277.35;8.43;968;65;3377.00;49
8819;64;626866626;8819;358;9787;9836;7.04;0.43;277.35;8.43;968;65;3378.00;49
8821;64;626866637;8821;358;9789;9836;6.95;0.43;277.43;8.44;968;65;3379.00;47
8822;64;626866649;8822;359;9789;9836;6.90;0.43;277.44;8.44;967;65;3380.00;47
8826;64;626866660;8826;355;9790;9836;6.84;0.42;277.39;8.45;964;65;3381.00;46
8827;64;626866671;8827;356;9791;9836;6.82;0.42;277.38;8.45;964;65;3382.00;45
8831;64;626866682;8831;360;9791;9836;6.76;0.42;277.36;8.45;960;65;3383.00;45
8833;64;626866693;8833;360;9825;9906;6.93;0.43;277.32;8.43;992;65;3384.00;81
8835;64;626866710;8835;360;9832;9907;6.85;0.42;277.30;8.46;997;65;3385.00;75
8837;64;626866721;8837;365;9840;9907;6.85;0.42;277.29;8.46;1003;65;3386.00;67
8837;64;626866732;8837;364;9847;9907;6.78;0.42;277.29;8.46;1010;65;3387.00;60
8839;64;626866743;8839;364;9855;9907;6.77;0.41;277.29;8.46;1016;65;3388.00;52
8843;64;626866755;8843;370;9859;9907;6.74;0.41;277.38;8.46;1016;65;3389.00;48
8844;64;626866768;8844;374;9863;9907;6.70;0.41;277.35;8.46;1019;65;3390.00;44
8848;64;626866778;8848;385;9866;9907;6.57;0.40;277.33;8.47;1018;65;3391.00;41
8852;64;626866790;8852;396;9869;9908;6.51;0.40;277.29;8.46;1017;65;3392.00;39
8855;64;626866801;8855;399;9869;9909;6.37;0.39;277.27;8.46;1014;65;3393.00;40
8858;64;626866812;8858;402;9870;9909;6.20;0.38;277.24;8.47;1012;65;3394.00;39
8865;64;626866822;8865;404;9873;9913;6.05;0.37;277.24;8.47;1008;65;3395.00;40
8866;64;626866833;8866;414;9874;9913;5.93;0.36;277.21;8.47;1008;65;3396.00;39
8869;64;626866843;8869;413;9875;9913;5.83;0.36;277.22;8.47;1006;65;3397.00;38
8871;64;626866854;8871;418;9877;9913;5.73;0.35;277.19;8.48;1006;65;3398.00;36
8876;64;626866864;8876;422;9882;9919;5.65;0.35;277.14;8.49;1006;65;3399.00;37
8882;64;626866876;8882;410;9883;9919;5.50;0.34;277.07;8.48;1001;65;3400.00;36
8883;64;626866890;8883;408;9884;9919;5.42;0.33;277.07;8.49;1001;65;3401.00;35
8888;64;626866901;8888;407;9886;9922;5.28;0.32;277.02;8.49;998;65;3402.00;36
8889;64;626866912;8889;413;9886;9922;5.26;0.32;277.04;8.49;997;65;3403.00;36
8891;64;626866922;8891;414;9887;9922;5.22;0.32;276.99;8.49;996;65;3404.00;35
8894;64;626866932;8894;425;9887;9923;5.16;0.32;276.97;8.49;993;65;3405.00;36
8896;64;626866942;8896;426;9889;9924;5.18;0.32;276.96;8.49;993;65;3406.00;35
8898;64;626866953;8898;428;9889;9924;5.20;0.32;276.97;8.49;991;65;3407.00;35
8899;64;626866963;8899;422;9899;9937;5.29;0.33;276.95;8.48;1000;65;3408.00;38
8901;64;626866975;8901;421;9900;9937;5.32;0.33;276.99;8.48;999;65;3409.00;37
8902;64;626866985;8902;416;9900;9937;5.41;0.33;277.01;8.48;998;65;3410.00;37
8906;64;626866996;8906;411;9902;9938;5.48;0.34;277.17;8.48;996;65;3411.00;36
8909;64;626867007;8909;398;9902;9938;5.55;0.34;277.12;8.48;993;65;3412.00;36
8913;64;626867018;8913;391;9904;9942;5.67;0.35;277.11;8.48;991;65;3413.00;38
8917;64;626867030;8917;389;9905;9942;5.72;0.35;277.13;8.48;988;65;3414.00;37
8920;64;626867041;8920;385;9909;9946;5.81;0.36;277.07;8.47;989;65;3415.00;37
8927;64;626867053;8927;377;9909;9946;5.82;0.36;277.07;8.47;982;65;3416.00;37
8931;64;626867065;8931;374;9909;9946;5.91;0.36;277.07;8.47;978;65;3417.00;37
8936;64;626867085;8936;369;9909;9946;5.97;0.36;277.04;8.47;973;65;3418.00;37
8937;64;626867098;8937;358;9909;9946;6.09;0.37;277.02;8.47;972;65;3419.00;37
8940;64;626867112;8940;352;9934;9980;6.33;0.39;277.04;8.45;994;65;3420.00;46
8943;64;626867134;8943;348;9934;9980;6.41;0.39;277.04;8.45;991;65;3421.00;46
8944;64;626867148;8944;342;9935;9980;6.52;0.40;277.03;8.45;991;65;3422.00;45
8950;64;626867167;8950;338;9936;9980;6.61;0.40;277.01;8.45;986;65;3423.00;44
8954;64;626867180;8954;339;9936;9980;6.67;0.41;276.99;8.45;982;65;3424.00;44
8958;64;626867193;8958;337;9937;9980;6.70;0.41;276.96;8.45;979;65;3425.00;43
8961;64;626867206;8961;338;9938;9981;6.71;0.41;276.93;8.45;977;65;3426.00;43
8965;64;626867218;8965;338;9938;9981;6.75;0.41;276.97;8.45;973;65;3427.00;43
8967;64;626867231;8967;339;9942;9987;6.85;0.42;276.96;8.45;975;65;3428.00;45
8970;64;626867243;8970;341;9943;9988;6.88;0.42;276.99;8.45;973;65;3429.00;45
8972;64;626867256;8972;344;9944;9988;6.87;0.42;277.02;8.45;972;65;3430.00;44
8975;64;626867268;8975;346;9944;9988;6.92;0.42;277.01;8.45;969;65;3431.00;44
8981;64;626867280;8981;352;9947;9992;6.97;0.43;277.13;8.44;966;65;3432.00;45
8988;64;626867294;8988;346;9947;9992;7.00;0.43;277.25;8.44;959;65;3433.00;45
8992;64;626867309;8992;347;9948;9992;7.05;0.43;277.35;8.49;956;65;3434.00;44
8995;64;626867322;8995;343;9949;9993;7.08;0.43;277.35;8.48;954;65;3435.00;44
8998;64;626867335;8998;338;9952;9997;7.14;0.44;277.34;8.48;954;65;3436.00;45
9002;64;626867348;9002;341;9952;9997;7.20;0.44;277.43;8.48;950;65;3437.00;45
9003;64;626867362;9003;342;9954;10000;7.29;0.45;277.42;8.48;951;65;3438.00;46
9007;64;626867382;9007;344;9955;10000;7.30;0.45;277.43;8.48;948;65;3439.00;45
9008;64;626867395;9008;339;9955;10000;7.30;0.45;277.42;8.48;947;65;3440.00;45
9011;64;626867408;9011;338;9955;10000;7.32;0.45;277.46;8.48;944;65;3441.00;45
9017;64;626867422;9017;339;9958;10004;7.28;0.44;277.48;8.48;941;65;3442.00;46
9021;64;626867436;9021;338;9958;10004;7.19;0.44;277.52;8.48;937;65;3443.00;46
9023;64;626867450;9023;343;9959;10004;7.13;0.43;277.50;8.48;936;65;3444.00;45
9026;64;626867463;9026;347;9959;10004;6.99;0.43;277.58;8.48;933;65;3445.00;45
9034;64;626867477;9034;350;9959;10005;6.89;0.42;277.60;8.48;925;65;3446.00;46
9035;64;626867490;9035;345;9960;10006;6.92;0.42;277.62;8.48;925;65;3447.00;46
9037;64;626867504;9037;341;9961;10006;6.90;0.42;277.67;8.51;924;65;3448.00;45
9038;64;626867517;9038;336;9962;10007;6.92;0.42;277.69;8.51;924;65;3449.00;45
9042;64;626867533;9042;328;9962;10007;6.91;0.42;277.70;8.51;920;65;3450.00;45
9043;64;626867552;9043;321;9962;10007;6.95;0.42;277.72;8.51;919;65;3451.00;45
9046;64;626867574;9046;318;9962;10007;6.98;0.43;277.76;8.51;916;65;3452.00;45
9050;64;626867597;9050;323;9962;10007;6.99;0.43;277.78;8.51;912;65;3453.00;45
9053;64;626867616;9053;322;9962;10007;7.07;0.43;277.90;8.51;909;65;3454.00;45
9057;65;626867637;9057;326;9962;10007;7.16;0.43;277.93;8.51;905;66;3455.00;45
9060;65;626867677;9060;340;10033;10134;7.38;0.46;277.95;8.45;973;66;3456.00;101
9062;65;626867706;9062;320;10035;10135;7.43;0.46;278.03;8.45;973;66;3457.00;100
9066;65;626867735;9066;314;10043;10135;7.56;0.47;278.07;8.45;977;66;3458.00;92
9070;65;626867750;9070;303;10044;10135;7.63;0.47;278.08;8.45;974;66;3459.00;91
9071;65;626867766;9071;297;10050;10135;7.74;0.48;278.09;8.44;979;66;3460.00;85
9076;65;626867782;9076;297;10054;10135;7.81;0.48;278.15;8.48;978;66;3461.00;81
9078;65;626867805;9078;298;10059;10135;7.84;0.48;278.17;8.48;981;66;3462.00;76
9083;65;626867820;9083;300;10063;10135;7.77;0.48;278.18;8.48;980;66;3463.00;72
9085;65;626867834;9085;297;10068;10136;7.76;0.47;278.25;8.48;983;66;3464.00;68
9087;65;626867856;9087;298;10072;10138;7.72;0.47;278.33;8.48;985;66;3465.00;66
9089;65;626867871;9089;304;10074;10138;7.63;0.47;278.41;8.48;985;66;3466.00;64
9089;65;626867886;9089;298;10075;10139;7.65;0.47;278.41;8.48;986;66;3467.00;64
9094;65;626867902;9094;298;10077;10139;7.68;0.47;278.47;8.48;983;66;3468.00;62
9098;65;626867917;9098;303;10078;10139;7.73;0.47;278.51;8.48;980;66;3469.00;61
9103;65;626867933;9103;304;10080;10139;7.71;0.47;278.57;8.48;977;66;3470.00;59
9105;65;626867949;9105;299;10083;10143;7.73;0.47;278.62;8.48;978;66;3471.00;60
9108;65;626867964;9108;303;10085;10143;7.76;0.47;278.66;8.48;977;66;3472.00;58
9108;65;626867981;9108;298;10086;10143;7.83;0.48;278.66;8.48;978;66;3473.00;57
9112;65;626868003;9112;296;10088;10146;7.87;0.48;278.63;8.48;976;66;3474.00;58
9113;65;626868019;9113;298;10089;10146;7.93;0.48;278.68;8.48;976;66;3475.00;57
9115;65;626868034;9115;297;10089;10146;7.95;0.48;278.72;8.48;974;66;3476.00;57
9117;65;626868048;9117;292;10093;10150;7.95;0.48;278.75;8.48;976;66;3477.00;57
9121;65;626868063;9121;292;10094;10151;7.98;0.49;278.86;8.48;973;66;3478.00;57
9124;65;626868078;9124;290;10095;10151;7.94;0.48;278.82;8.48;971;66;3479.00;56
9126;65;626868096;9126;288;10099;10156;7.94;0.48;278.83;8.47;973;66;3480.00;57
9128;65;626868110;9128;297;10099;10156;7.92;0.48;278.84;8.47;971;66;3481.00;57
9129;65;626868124;9129;293;10099;10156;7.89;0.48;278.88;8.47;970;66;3482.00;57
9131;65;626868138;9131;297;10100;10157;7.80;0.47;278.90;8.47;969;66;3483.00;57
9132;65;626868154;9132;298;10100;10157;7.75;0.47;278.96;8.47;968;66;3484.00;57
9132;65;626868168;9132;306;10104;10163;7.73;0.47;278.96;8.47;972;66;3485.00;59
9134;65;626868183;9134;307;10104;10163;7.72;0.47;278.98;8.47;970;66;3486.00;59
9138;65;626868197;9138;299;10105;10164;7.72;0.47;278.98;8.47;967;66;3487.00;59
9141;65;626868211;9141;300;10105;10164;7.68;0.47;278.96;8.47;964;66;3488.00;59
9143;65;626868225;9143;305;10105;10164;7.67;0.47;278.96;8.47;962;66;3489.00;59
9144;65;626868238;9144;299;10105;10164;7.62;0.46;278.96;8.47;961;66;3490.00;59
9148;65;626868253;9148;294;10105;10164;7.59;0.46;278.97;8.47;957;66;3491.00;59
9149;65;626868267;9149;286;10114;10176;7.58;0.46;278.98;8.46;965;66;3492.00;62
9150;65;626868282;9150;281;10115;10176;7.59;0.46;278.96;8.46;965;66;3493.00;61
9151;65;626868296;9151;281;10116;10176;7.59;0.46;278.96;8.46;965;66;3494.00;60
9154;65;626868310;9154;273;10116;10176;7.57;0.46;278.99;8.46;962;66;3495.00;60
9155;65;626868323;9155;264;10117;10176;7.60;0.46;278.98;8.50;962;66;3496.00;59
9158;65;626868337;9158;261;10117;10176;7.61;0.46;278.98;8.50;959;66;3497.00;59
9162;65;626868351;9162;261;10120;10180;7.56;0.46;279.07;8.50;958;66;3498.00;60
9165;65;626868366;9165;246;10120;10180;7.57;0.46;279.04;8.50;955;66;3499.00;60
9166;65;626868379;9166;242;10123;10184;7.60;0.46;279.08;8.49;957;66;3500.00;61
9170;65;626868398;9170;236;10125;10185;7.56;0.46;279.17;8.49;955;66;3501.00;60
9173;65;626868413;9173;233;10125;10185;7.48;0.45;279.18;8.49;952;66;3502.00;60
9176;65;626868426;9176;234;10125;10185;7.41;0.45;279.23;8.49;949;66;3503.00;60
9179;65;626868439;9179;245;10135;10198;7.35;0.45;279.26;8.48;956;66;3504.00;63
9181;65;626868453;9181;234;10136;10198;7.30;0.44;279.26;8.50;955;66;3505.00;62
9184;65;626868469;9184;232;10137;10198;7.28;0.44;279.31;8.51;953;66;3506.00;61
9188;65;626868482;9188;229;10138;10199;7.25;0.44;279.40;8.51;950;66;3507.00;61
9192;65;626868495;9192;230;10138;10200;7.22;0.44;279.45;8.51;946;66;3508.00;62
9196;65;626868508;9196;220;10138;10200;7.18;0.44;279.51;8.51;942;66;3509.00;62
9199;65;626868523;9199;219;10141;10206;7.18;0.44;279.59;8.51;942;66;3510.00;65
9203;65;626868537;9203;218;10142;10206;7.23;0.44;279.57;8.51;939;66;3511.00;64
9206;65;626868552;9206;224;10144;10206;7.32;0.44;279.58;8.52;938;66;3512.00;62
9209;65;626868565;9209;221;10144;10206;7.33;0.44;279.65;8.52;935;66;3513.00;62
9209;66;626868578;9209;223;10148;10212;7.45;0.45;279.65;8.51;939;67;3514.00;64
9211;66;626868604;9211;215;10150;10212;7.48;0.45;279.71;8.56;939;67;3515.00;62
9215;66;626868616;9215;213;10150;10212;7.38;0.45;279.70;8.56;935;67;3516.00;62
9217;66;626868635;9217;219;10152;10212;7.29;0.44;279.69;8.56;935;67;3517.00;60
9219;66;626868648;9219;212;10155;10216;7.17;0.43;279.72;8.56;936;67;3518.00;61
9224;66;626868661;9224;217;10157;10219;7.11;0.43;279.80;8.56;933;67;3519.00;62
9225;66;626868674;9225;220;10157;10219;7.08;0.43;279.89;8.56;932;67;3520.00;62
9227;66;626868686;9227;230;10159;10220;7.07;0.43;279.91;8.56;932;67;3521.00;61
9228;66;626868698;9228;234;10159;10220;7.08;0.43;279.89;8.56;931;67;3522.00;61
9230;66;626868711;9230;231;10159;10220;7.05;0.43;279.87;8.56;929;67;3523.00;61
9232;66;626868724;9232;236;10159;10220;7.02;0.43;279.92;8.56;927;67;3524.00;61
9233;66;626868737;9233;239;10159;10220;6.96;0.42;279.91;8.56;926;67;3525.00;61
9235;66;626868749;9235;243;10159;10220;6.86;0.42;279.89;8.56;924;67;3526.00;61
9238;66;626868762;9238;251;10160;10220;6.83;0.41;279.89;8.57;922;67;3527.00;60
9238;66;626868775;9238;259;10192;10290;7.04;0.43;279.89;8.54;954;67;3528.00;98
9239;66;626868793;9239;260;10193;10291;7.01;0.43;279.89;8.55;954;67;3529.00;98
9240;66;626868806;9240;266;10203;10291;7.07;0.43;279.93;8.56;963;67;3530.00;88
9244;66;626868819;9244;267;10208;10291;7.06;0.43;279.89;8.57;964;67;3531.00;83
9245;66;626868831;9245;278;10216;10291;7.11;0.43;279.87;8.56;971;67;3532.00;75
9247;66;626868845;9247;280;10221;10291;7.11;0.43;279.85;8.58;974;67;3533.00;70
9250;66;626868858;9250;280;10224;10291;7.11;0.43;279.80;8.59;974;67;3534.00;67
9251;66;626868870;9251;282;10230;10291;7.10;0.43;279.79;8.60;979;67;3535.00;61
9252;66;626868883;9252;282;10233;10292;7.06;0.43;279.77;8.61;981;67;3536.00;59
9256;66;626868895;9256;291;10237;10293;7.04;0.43;279.72;8.62;981;67;3537.00;56
9258;66;626868909;9258;296;10238;10293;7.02;0.43;279.69;8.63;980;67;3538.00;55
9262;66;626868922;9262;299;10241;10297;6.95;0.42;279.62;8.63;979;67;3539.00;56
9262;67;626868937;9262;301;10243;10297;6.92;0.42;279.62;8.64;981;68;3540.00;54
9263;67;626868954;9263;311;10243;10297;6.86;0.42;279.61;8.64;980;68;3541.00;54
9265;67;626868971;9265;320;10244;10297;6.77;0.41;279.69;8.66;979;68;3542.00;53
9266;67;626868983;9266;327;10249;10303;6.74;0.41;279.67;8.66;983;68;3543.00;54
9268;67;626868996;9268;341;10250;10303;6.66;0.41;279.63;8.66;982;68;3544.00;53
9270;67;626869008;9270;348;10252;10303;6.54;0.40;279.60;8.68;982;68;3545.00;51
9272;67;626869020;9272;360;10255;10306;6.44;0.39;279.57;8.68;983;68;3546.00;51
9273;67;626869032;9273;368;10257;10306;6.31;0.39;279.55;8.70;984;68;3547.00;49
9274;67;626869043;9274;376;10257;10306;6.19;0.38;279.52;8.70;983;68;3548.00;49
9275;67;626869055;9275;371;10259;10307;6.04;0.37;279.51;8.72;984;68;3549.00;48
9277;67;626869066;9277;376;10260;10308;5.92;0.36;279.49;8.72;983;68;3550.00;48
9279;67;626869078;9279;377;10260;10308;5.82;0.36;279.46;8.72;981;68;3551.00;48
9283;67;626869089;9283;379;10272;10321;5.76;0.35;279.45;8.72;989;68;3552.00;49
9283;67;626869102;9283;378;10272;10321;5.71;0.35;279.45;8.72;989;68;3553.00;49
9286;67;626869112;9286;375;10273;10321;5.71;0.35;279.44;8.72;987;68;3554.00;48
9286;67;626869123;9286;381;10275;10323;5.75;0.35;279.44;8.72;989;68;3555.00;48
9291;67;626869134;9291;378;10277;10323;5.74;0.35;279.34;8.74;986;68;3556.00;46
9293;67;626869146;9293;381;10281;10327;5.85;0.36;279.30;8.74;988;68;3557.00;46
9296;67;626869158;9296;387;10282;10327;5.85;0.36;279.25;8.75;986;68;3558.00;45
9298;67;626869170;9298;387;10286;10331;5.85;0.36;279.20;8.75;988;68;3559.00;45
9301;67;626869181;9301;386;10286;10331;5.78;0.35;279.17;8.75;985;68;3560.00;45
9301;67;626869192;9301;388;10288;10331;5.72;0.35;279.17;8.76;987;68;3561.00;43
9304;67;626869203;9304;392;10289;10331;5.60;0.34;279.13;8.77;985;68;3562.00;42
9307;67;626869214;9307;386;10290;10331;5.52;0.34;279.13;8.77;983;68;3563.00;41
9307;67;626869225;9307;370;10300;10343;5.57;0.34;279.13;8.76;993;68;3564.00;43
9311;67;626869237;9311;370;10302;10343;5.53;0.34;279.12;8.77;991;68;3565.00;41
9317;67;626869248;9317;369;10303;10343;5.51;0.34;279.09;8.77;986;68;3566.00;40
9317;67;626869260;9317;369;10305;10343;5.50;0.33;279.09;8.78;988;68;3567.00;38
9319;67;626869271;9319;363;10305;10343;5.43;0.33;279.07;8.78;986;68;3568.00;38
9322;67;626869282;9322;363;10305;10343;5.34;0.33;279.08;8.78;983;68;3569.00;38
9324;67;626869304;9324;350;10307;10344;5.27;0.32;279.07;8.79;983;68;3570.00;37
9326;67;626869315;9326;339;10307;10344;5.22;0.32;279.07;8.79;981;68;3571.00;37
9328;67;626869326;9328;337;10311;10350;5.23;0.32;279.07;8.78;983;68;3572.00;39
9329;67;626869343;9329;336;10315;10351;5.26;0.32;279.09;8.79;986;68;3573.00;36
9332;67;626869355;9332;331;10315;10351;5.30;0.32;279.10;8.79;983;68;3574.00;36
9332;67;626869367;9332;329;10315;10351;5.35;0.33;279.10;8.79;983;68;3575.00;36
9334;67;626869377;9334;336;10320;10355;5.42;0.33;279.14;8.79;986;68;3576.00;35
9335;67;626869389;9335;339;10320;10355;5.50;0.34;279.17;8.79;985;68;3577.00;35
9336;67;626869401;9336;344;10320;10355;5.53;0.34;279.18;8.79;984;68;3578.00;35
9340;67;626869416;9340;340;10323;10356;5.60;0.34;279.15;8.79;983;68;3579.00;33
9341;67;626869429;9341;339;10326;10360;5.68;0.35;279.13;8.79;985;68;3580.00;34
9345;67;626869447;9345;338;10326;10360;5.70;0.35;279.13;8.79;981;68;3581.00;34
9346;67;626869459;9346;329;10329;10363;5.80;0.35;279.15;8.83;983;68;3582.00;34
9350;67;626869472;9350;321;10330;10363;5.87;0.36;279.17;8.83;980;68;3583.00;33
9353;67;626869484;9353;326;10330;10363;5.98;0.36;279.23;8.83;977;68;3584.00;33
9356;67;626869497;9356;324;10330;10363;6.07;0.37;279.25;8.83;974;68;3585.00;33
9358;67;626869509;9358;327;10333;10367;6.17;0.38;279.28;8.83;975;68;3586.00;34
9363;67;626869522;9363;327;10333;10367;6.25;0.38;279.29;8.83;970;68;3587.00;34
9367;67;626869535;9367;321;10334;10367;6.30;0.38;279.34;8.83;967;68;3588.00;33
9373;67;626869553;9373;325;10334;10367;6.31;0.38;279.35;8.83;961;68;3589.00;33
9377;68;626869574;9377;320;10334;10368;6.37;0.39;279.36;8.83;957;69;3590.00;34
9379;68;626869610;9379;323;10335;10369;6.46;0.39;279.41;8.83;956;69;3591.00;34
9384;68;626869630;9384;320;10335;10369;6.47;0.39;279.45;8.83;951;69;3592.00;34
9387;68;626869651;9387;317;10336;10370;6.53;0.40;279.48;8.83;949;69;3593.00;34
9392;68;626869668;9392;313;10336;10370;6.59;0.40;279.49;8.83;944;69;3594.00;34
9396;68;626869683;9396;305;10336;10370;6.64;0.40;279.51;8.83;940;69;3595.00;34
9399;68;626869698;9399;303;10336;10370;6.75;0.41;279.58;8.83;937;69;3596.00;34
9403;68;626869712;9403;298;10337;10370;6.82;0.42;279.60;8.87;934;69;3597.00;33
9408;68;626869727;9408;292;10337;10370;6.80;0.42;279.63;8.87;929;69;3598.00;33
9412;68;626869742;9412;295;10337;10370;6.81;0.42;279.68;8.87;925;69;3599.00;33
9416;68;626869760;9416;327;10449;10623;7.13;0.45;279.72;8.78;1033;69;3600.00;174
9419;68;626869810;9419;327;10455;10624;7.25;0.46;279.71;8.78;1036;69;3601.00;169
9424;68;626869828;9424;315;10467;10624;7.37;0.46;279.76;8.77;1043;69;3602.00;157
9429;68;626869845;9429;310;10474;10624;7.39;0.46;279.87;8.76;1045;69;3603.00;150
9435;68;626869861;9435;304;10479;10624;7.41;0.47;279.89;8.76;1044;69;3604.00;145
9437;68;626869880;9437;309;10486;10624;7.44;0.47;279.90;8.76;1049;69;3605.00;138
9441;68;626869895;9441;316;10493;10624;7.45;0.47;279.93;8.76;1052;69;3606.00;131
9447;68;626869910;9447;320;10500;10624;7.44;0.47;279.94;8.80;1053;69;3607.00;124
9449;68;626869927;9449;326;10505;10625;7.46;0.47;279.98;8.80;1056;69;3608.00;120
9453;68;626869950;9453;331;10509;10626;7.49;0.47;279.98;8.80;1056;69;3609.00;117
9454;69;626869974;9454;326;10517;10626;7.46;0.47;280.02;8.80;1063;70;3610.00;109
9459;69;626870002;9459;333;10519;10627;7.38;0.46;280.05;8.80;1060;70;3611.00;108
9465;69;626870030;9465;338;10520;10627;7.31;0.46;280.09;8.80;1055;70;3612.00;107
9466;69;626870048;9466;338;10525;10627;7.30;0.45;280.10;8.80;1059;70;3613.00;102
9474;69;626870064;9474;344;10528;10627;7.25;0.45;280.12;8.80;1054;70;3614.00;99
9479;69;626870081;9479;348;10530;10631;7.19;0.45;280.19;8.80;1051;70;3615.00;101
9484;69;626870098;9484;345;10533;10631;7.13;0.44;280.26;8.80;1049;70;3616.00;98
9488;69;626870120;9488;342;10536;10631;7.05;0.43;280.28;8.80;1048;70;3617.00;95
9492;69;626870137;9492;332;10539;10634;7.07;0.44;280.34;8.80;1047;70;3618.00;95
9493;69;626870160;9493;333;10541;10634;7.12;0.44;280.34;8.81;1048;70;3619.00;93
9495;69;626870177;9495;335;10542;10634;7.16;0.44;280.31;8.81;1047;70;3620.00;92
9500;69;626870193;9500;337;10549;10638;7.14;0.44;280.39;8.85;1049;70;3621.00;89
9504;69;626870209;9504;334;10552;10639;7.20;0.44;280.49;8.85;1048;70;3622.00;87
9504;69;626870226;9504;336;10554;10639;7.27;0.45;280.49;8.86;1050;70;3623.00;85
9506;69;626870242;9506;337;10558;10643;7.36;0.45;280.50;8.86;1052;70;3624.00;85
9511;69;626870268;9511;334;10561;10643;7.35;0.45;280.50;8.86;1050;70;3625.00;82
9516;69;626870286;9516;324;10562;10643;7.37;0.45;280.48;8.86;1046;70;3626.00;81
9519;69;626870308;9519;313;10563;10644;7.39;0.45;280.55;8.86;1044;70;3627.00;81
9521;69;626870327;9521;305;10565;10644;7.34;0.45;280.64;8.86;1044;70;3628.00;79
9525;69;626870345;9525;304;10569;10650;7.30;0.44;280.67;8.89;1044;70;3629.00;81
9529;69;626870365;9529;299;10570;10650;7.29;0.44;280.66;8.89;1041;70;3630.00;80
9535;69;626870382;9535;300;10572;10651;7.26;0.44;280.73;8.90;1037;70;3631.00;79
9536;69;626870400;9536;297;10572;10651;7.29;0.44;280.79;8.90;1036;70;3632.00;79
9536;69;626870416;9536;297;10574;10651;7.34;0.44;280.79;8.93;1038;70;3633.00;77
9539;70;626870432;9539;303;10574;10651;7.32;0.44;280.84;8.93;1035;71;3634.00;77
9540;70;626870461;9540;300;10574;10651;7.29;0.44;280.89;8.93;1034;71;3635.00;77
9542;70;626870477;9542;303;10583;10663;7.26;0.44;280.94;8.93;1041;71;3636.00;80
9545;70;626870495;9545;301;10585;10663;7.26;0.44;280.99;8.93;1040;71;3637.00;78
9546;70;626870511;9546;303;10586;10663;7.29;0.44;280.98;8.93;1040;71;3638.00;77
9548;70;626870527;9548;297;10587;10663;7.28;0.44;281.04;8.96;1039;71;3639.00;76
9550;70;626870546;9550;285;10587;10663;7.26;0.44;281.07;8.96;1037;71;3640.00;76
9553;70;626870563;9553;284;10587;10663;7.25;0.44;281.10;8.96;1034;71;3641.00;76
9553;70;626870584;9553;287;10590;10667;7.25;0.44;281.10;8.96;1037;71;3642.00;77
9554;71;626870600;9554;285;10592;10667;7.25;0.44;281.16;8.96;1038;72;3643.00;75
9555;71;626870632;9555;291;10595;10671;7.31;0.44;281.16;8.96;1040;72;3644.00;76
9558;71;626870648;9558;284;10597;10673;7.31;0.44;281.28;8.96;1039;72;3645.00;76
9561;71;626870663;9561;289;10599;10673;7.29;0.44;281.25;9.00;1038;72;3646.00;74
9565;71;626870678;9565;292;10599;10673;7.28;0.44;281.35;9.00;1034;72;3647.00;74
9568;71;626870692;9568;294;10608;10686;7.29;0.44;281.33;8.99;1040;72;3648.00;78
9569;71;626870709;9569;299;10608;10686;7.30;0.44;281.32;8.99;1039;72;3649.00;78
9571;71;626870723;9571;303;10608;10686;7.28;0.44;281.40;8.99;1037;72;3650.00;78
9576;71;626870738;9576;303;10609;10687;7.25;0.44;281.41;8.99;1033;72;3651.00;78
9577;71;626870752;9577;305;10609;10688;7.25;0.44;281.40;8.99;1032;72;3652.00;79
9579;71;626870766;9579;305;10609;10688;7.20;0.44;281.41;8.99;1030;72;3653.00;79
9582;71;626870781;9582;310;10611;10691;7.13;0.43;281.41;8.99;1029;72;3654.00;80
9584;71;626870795;9584;307;10611;10691;7.07;0.43;281.40;8.99;1027;72;3655.00;80
9584;71;626870808;9584;316;10612;10691;7.07;0.43;281.40;8.99;1028;72;3656.00;79
9586;71;626870822;9586;319;10612;10691;6.99;0.43;281.37;8.99;1026;72;3657.00;79
9589;71;626870835;9589;319;10616;10697;6.90;0.42;281.39;8.98;1027;72;3658.00;81
9590;71;626870850;9590;323;10616;10697;6.83;0.42;281.43;8.98;1026;72;3659.00;81
9592;71;626870864;9592;318;10617;10697;6.77;0.41;281.43;8.98;1025;72;3660.00;80
9594;71;626870878;9594;314;10618;10697;6.73;0.41;281.46;9.02;1024;72;3661.00;79
9597;71;626870892;9597;304;10621;10701;6.67;0.41;281.44;9.02;1024;72;3662.00;80
9600;71;626870905;9600;299;10622;10702;6.67;0.41;281.40;9.02;1022;72;3663.00;80
9604;71;626870919;9604;299;10622;10702;6.62;0.40;281.40;9.02;1018;72;3664.00;80
9607;71;626870933;9607;300;10623;10703;6.59;0.40;281.40;9.02;1016;72;3665.00;80
9610;71;626870946;9610;290;10623;10703;6.58;0.40;281.45;9.02;1013;72;3666.00;80
9612;71;626870959;9612;287;10624;10703;6.54;0.40;281.47;9.02;1012;72;3667.00;79
9613;71;626870977;9613;286;10624;10703;6.53;0.40;281.50;9.02;1011;72;3668.00;79
9614;71;626870989;9614;283;10625;10703;6.47;0.39;281.48;9.06;1011;72;3669.00;78
9615;71;626871007;9615;281;10625;10703;6.41;0.39;281.46;9.06;1010;72;3670.00;78
9615;71;626871018;9615;281;10625;10703;6.35;0.39;281.46;9.06;1010;72;3671.00;78
9617;71;626871029;9617;283;10655;10773;6.37;0.39;281.51;9.08;1038;72;3672.00;118
9623;71;626871046;9623;271;10656;10774;6.31;0.38;281.63;9.08;1033;72;3673.00;118
9624;71;626871058;9624;263;10664;10774;6.40;0.39;281.63;9.12;1040;72;3674.00;110
9626;71;626871070;9626;265;10669;10774;6.42;0.39;281.66;9.13;1043;72;3675.00;105
9627;71;626871084;9627;257;10675;10774;6.49;0.40;281.67;9.14;1048;72;3676.00;99
9628;71;626871097;9628;255;10679;10774;6.54;0.40;281.68;9.17;1051;72;3677.00;95
9631;71;626871109;9631;252;10683;10774;6.59;0.40;281.65;9.17;1052;72;3678.00;91
9634;72;626871121;9634;244;10685;10774;6.63;0.40;281.65;9.17;1051;73;3679.00;89
9638;72;626871140;9638;246;10688;10775;6.63;0.40;281.64;9.21;1050;73;3680.00;87
9641;72;626871153;9641;241;10689;10776;6.67;0.40;281.61;9.21;1048;73;3681.00;87
9641;72;626871167;9641;245;10690;10776;6.73;0.41;281.61;9.21;1049;73;3682.00;86
9641;72;626871181;9641;250;10694;10780;6.77;0.41;281.61;9.25;1053;73;3683.00;86
9643;72;626871195;9643;247;10694;10780;6.77;0.41;281.58;9.25;1051;73;3684.00;86
9646;72;626871209;9646;256;10694;10780;6.75;0.41;281.55;9.25;1048;73;3685.00;86
9647;72;626871223;9647;264;10694;10780;6.74;0.41;281.53;9.25;1047;73;3686.00;86
9650;72;626871237;9650;267;10698;10786;6.72;0.41;281.50;9.25;1048;73;3687.00;88
9653;72;626871252;9653;276;10699;10786;6.67;0.40;281.44;9.25;1046;73;3688.00;87
9655;72;626871266;9655;288;10699;10786;6.62;0.40;281.40;9.25;1044;73;3689.00;87
9657;72;626871282;9657;292;10703;10792;6.56;0.40;281.35;9.26;1046;73;3690.00;89
9658;72;626871296;9658;302;10705;10792;6.49;0.39;281.33;9.26;1047;73;3691.00;87
9662;72;626871310;9662;305;10706;10792;6.45;0.39;281.41;9.26;1044;73;3692.00;86
9666;72;626871323;9666;305;10710;10793;6.40;0.39;281.39;9.27;1044;73;3693.00;83
9668;72;626871338;9668;308;10712;10794;6.42;0.39;281.34;9.27;1044;73;3694.00;82
9668;72;626871352;9668;315;10714;10794;6.40;0.39;281.34;9.28;1046;73;3695.00;80
9669;72;626871366;9669;326;10723;10807;6.35;0.39;281.32;9.27;1054;73;3696.00;84
9672;72;626871381;9672;324;10723;10807;6.29;0.38;281.40;9.27;1051;73;3697.00;84
9673;72;626871396;9673;322;10725;10807;6.33;0.38;281.44;9.28;1052;73;3698.00;82
9673;72;626871409;9673;331;10726;10808;6.31;0.38;281.44;9.28;1053;73;3699.00;82
9673;72;626871428;9673;331;10729;10808;6.28;0.38;281.44;9.29;1056;73;3700.00;79
9676;72;626871445;9676;335;10733;10812;6.24;0.38;281.41;9.31;1057;73;3701.00;79
9678;72;626871459;9678;341;10735;10812;6.19;0.38;281.38;9.31;1057;73;3702.00;77
9683;72;626871472;9683;343;10740;10816;6.13;0.37;281.30;9.32;1057;73;3703.00;76
9687;72;626871485;9687;352;10742;10816;6.05;0.37;281.24;9.34;1055;73;3704.00;74
9688;72;626871497;9688;356;10742;10816;6.02;0.37;281.22;9.34;1054;73;3705.00;74
9690;72;626871509;9690;369;10743;10816;5.97;0.36;281.18;9.35;1053;73;3706.00;73
9692;72;626871521;9692;369;10745;10816;5.89;0.36;281.17;9.37;1053;73;3707.00;71
9694;72;626871533;9694;377;10757;10828;5.91;0.36;281.16;9.38;1063;73;3708.00;71
9697;72;626871548;9697;385;10758;10828;5.87;0.36;281.14;9.38;1061;73;3709.00;70
9697;72;626871572;9697;387;10760;10828;5.82;0.36;281.14;9.40;1063;73;3710.00;68
9700;72;626871595;9700;393;10760;10828;5.76;0.35;281.11;9.40;1060;73;3711.00;68
9702;72;626871622;9702;399;10763;10828;5.74;0.35;281.09;9.43;1061;73;3712.00;65
9703;72;626871644;9703;405;10763;10828;5.67;0.35;281.08;9.43;1060;73;3713.00;65
9706;72;626871665;9706;405;10767;10829;5.57;0.34;281.15;9.46;1061;73;3714.00;62
9707;72;626871688;9707;397;10767;10829;5.55;0.34;281.16;9.46;1060;73;3715.00;62
9708;72;626871713;9708;386;10775;10835;5.61;0.34;281.14;9.49;1067;73;3716.00;60
9710;72;626871732;9710;377;10778;10836;5.65;0.35;281.14;9.50;1068;73;3717.00;58
9710;72;626871757;9710;370;10779;10836;5.71;0.35;281.14;9.50;1069;73;3718.00;57
9714;72;626871781;9714;368;10780;10836;5.73;0.35;281.17;9.50;1066;73;3719.00;56
9714;73;626871804;9714;359;10786;10841;5.81;0.35;281.17;9.52;1072;74;3720.00;55
9715;74;626871841;9715;351;10787;10841;5.83;0.36;281.16;9.53;1072;75;3721.00;54
9715;74;626871867;9715;345;10790;10841;5.88;0.36;281.16;9.54;1075;75;3722.00;51
9715;74;626871880;9715;342;10791;10842;5.95;0.36;281.16;9.54;1076;75;3723.00;51
9716;74;626871900;9716;342;10795;10846;6.01;0.37;281.14;9.54;1079;75;3724.00;51
9717;74;626871923;9717;344;10797;10846;6.03;0.37;281.13;9.55;1080;75;3725.00;49
9719;74;626871938;9719;347;10799;10849;6.13;0.38;281.12;9.55;1080;75;3726.00;50
9720;74;626871952;9720;347;10801;10849;6.19;0.38;281.13;9.56;1081;75;3727.00;48
9721;74;626871969;9721;346;10801;10849;6.26;0.38;281.11;9.56;1080;75;3728.00;48
9721;74;626871984;9721;352;10803;10849;6.32;0.39;281.11;9.57;1082;75;3729.00;46
9725;74;626872006;9725;354;10806;10853;6.32;0.39;281.10;9.57;1081;75;3730.00;47
9727;74;626872020;9727;368;10808;10853;6.23;0.38;281.10;9.58;1081;75;3731.00;45
9729;74;626872035;9729;368;10809;10853;6.15;0.38;281.08;9.58;1080;75;3732.00;44
9730;74;626872050;9730;375;10810;10853;6.09;0.37;281.08;9.58;1080;75;3733.00;43
9733;74;626872064;9733;374;10811;10854;6.03;0.37;281.05;9.59;1078;75;3734.00;43
9737;74;626872078;9737;376;10813;10856;5.99;0.36;281.00;9.58;1076;75;3735.00;43
9740;75;626872093;9740;383;10814;10856;5.86;0.36;280.97;9.59;1074;76;3736.00;42
9742;75;626872133;9742;388;10815;10857;5.81;0.35;280.99;9.59;1073;76;3737.00;42
9746;75;626872153;9746;389;10815;10857;5.70;0.35;281.07;9.59;1069;76;3738.00;42
9748;75;626872179;9748;383;10816;10857;5.61;0.34;281.10;9.60;1068;76;3739.00;41
9751;75;626872198;9751;374;10816;10857;5.55;0.34;281.06;9.60;1065;76;3740.00;41
9754;75;626872219;9754;369;10817;10857;5.57;0.34;281.11;9.60;1063;76;3741.00;40
9758;75;626872236;9758;363;10819;10857;5.56;0.34;281.10;9.61;1061;76;3742.00;38
9762;75;626872249;9762;372;10820;10857;5.52;0.34;281.19;9.62;1058;76;3743.00;37
9763;75;626872264;9763;387;10887;10984;5.85;0.36;281.18;9.56;1124;76;3744.00;97
9767;75;626872290;9767;378;10892;10985;5.82;0.36;281.29;9.55;1125;76;3745.00;93
9771;75;626872306;9771;370;10901;10985;5.88;0.36;281.30;9.55;1130;76;3746.00;84
9775;75;626872321;9775;368;10905;10985;5.95;0.37;281.41;9.55;1130;76;3747.00;80
9778;75;626872337;9778;376;10911;10985;6.02;0.37;281.46;9.55;1133;76;3748.00;74
9781;75;626872353;9781;375;10915;10985;6.09;0.38;281.52;9.55;1134;76;3749.00;70
9784;75;626872370;9784;369;10920;10990;6.17;0.38;281.60;9.54;1136;76;3750.00;70
9787;75;626872386;9787;361;10922;10990;6.18;0.38;281.68;9.54;1135;76;3751.00;68
9789;75;626872402;9789;356;10927;10991;6.25;0.38;281.68;9.54;1138;76;3752.00;64
9794;75;626872418;9794;355;10931;10992;6.29;0.39;281.73;9.54;1137;76;3753.00;61
9798;75;626872435;9798;358;10933;10992;6.35;0.39;281.78;9.54;1135;76;3754.00;59
9801;75;626872451;9801;360;10936;10993;6.44;0.40;281.77;9.54;1135;76;3755.00;57
9808;75;626872468;9808;363;10937;10993;6.44;0.40;281.85;9.54;1129;76;3756.00;56
9809;75;626872487;9809;363;10939;10993;6.49;0.40;281.87;9.54;1130;76;3757.00;54
9814;75;626872505;9814;361;10940;10993;6.51;0.40;281.89;9.54;1126;76;3758.00;53
9818;75;626872523;9818;363;10943;10997;6.53;0.40;281.95;9.54;1125;76;3759.00;54
9821;75;626872543;9821;359;10945;10997;6.57;0.40;281.90;9.54;1124;76;3760.00;52
9825;75;626872566;9825;360;10946;10997;6.55;0.40;282.02;9.54;1121;76;3761.00;51
9831;75;626872586;9831;356;10949;11000;6.60;0.41;282.08;9.54;1118;76;3762.00;51
9832;75;626872604;9832;357;10949;11000;6.68;0.41;282.06;9.54;1117;76;3763.00;51
9838;75;626872620;9838;363;10950;11000;6.68;0.41;282.21;9.54;1112;76;3764.00;50
9842;76;626872636;9842;362;10953;11004;6.71;0.41;282.26;9.54;1111;77;3765.00;51
9846;76;626872677;9846;359;10954;11005;6.77;0.41;282.28;9.54;1108;77;3766.00;51
9849;76;626872695;9849;359;10954;11005;6.79;0.42;282.30;9.54;1105;77;3767.00;51
9856;76;626872712;9856;358;10956;11009;6.82;0.42;282.40;9.54;1100;77;3768.00;53
9861;76;626872739;9861;349;10958;11009;6.83;0.42;282.52;9.54;1097;77;3769.00;51
9865;76;626872755;9865;354;10958;11009;6.82;0.42;282.59;9.54;1093;77;3770.00;51
9872;76;626872771;9872;347;10959;11010;6.79;0.41;282.65;9.54;1087;77;3771.00;51
9874;76;626872789;9874;341;10961;11010;6.78;0.41;282.66;9.54;1087;77;3772.00;49
9879;76;626872807;9879;339;10965;11016;6.73;0.41;282.68;9.58;1086;77;3773.00;51
9884;76;626872827;9884;337;10966;11016;6.71;0.41;282.69;9.58;1082;77;3774.00;50
9888;76;626872848;9888;342;10967;11017;6.69;0.41;282.72;9.58;1079;77;3775.00;50
9895;76;626872864;9895;343;10967;11017;6.71;0.41;282.67;9.58;1072;77;3776.00;50
9896;76;626872880;9896;343;10968;11017;6.76;0.41;282.68;9.58;1072;77;3777.00;49
9899;76;626872894;9899;343;10968;11017;6.80;0.41;282.71;9.58;1069;77;3778.00;49
9906;76;626872910;9906;353;10968;11017;6.80;0.41;282.81;9.58;1062;77;3779.00;49
9908;76;626872928;9908;357;10995;11053;6.99;0.43;282.83;9.56;1087;77;3780.00;58
9911;76;626872945;9911;357;10996;11053;6.99;0.43;282.87;9.56;1085;77;3781.00;57
9916;76;626872960;9916;353;10998;11053;6.96;0.43;282.94;9.56;1082;77;3782.00;55
9923;76;626872976;9923;362;10998;11053;6.90;0.42;282.96;9.56;1075;77;3783.00;55
9928;76;626872991;9928;366;10999;11053;6.82;0.42;283.00;9.56;1071;77;3784.00;54
9930;76;626873006;9930;373;10999;11053;6.83;0.42;283.06;9.56;1069;77;3785.00;54
9933;76;626873020;9933;376;11002;11057;6.84;0.42;283.07;9.55;1069;77;3786.00;55
9937;76;626873036;9937;357;11002;11057;6.85;0.42;283.12;9.55;1065;77;3787.00;55
9939;76;626873056;9939;352;11006;11061;6.87;0.42;283.14;9.55;1067;77;3788.00;55
9942;76;626873079;9942;355;11007;11062;6.88;0.42;283.23;9.55;1065;77;3789.00;55
9945;76;626873102;9945;354;11007;11062;6.87;0.42;283.27;9.55;1062;77;3790.00;55
9946;76;626873124;9946;353;11007;11062;6.85;0.42;283.25;9.55;1061;77;3791.00;55
9952;76;626873157;9952;361;11018;11075;6.87;0.42;283.39;9.54;1066;77;3792.00;57
9955;76;626873176;9955;358;11018;11075;6.86;0.42;283.42;9.54;1063;77;3793.00;57
9957;76;626873191;9957;359;11018;11075;6.94;0.43;283.39;9.54;1061;77;3794.00;57
9960;76;626873206;9960;361;11019;11076;6.99;0.43;283.40;9.54;1059;77;3795.00;57
9963;76;626873221;9963;344;11019;11077;7.00;0.43;283.44;9.54;1056;77;3796.00;58
9966;76;626873236;9966;336;11019;11077;7.03;0.43;283.55;9.54;1053;77;3797.00;58
9970;76;626873252;9970;326;11021;11080;7.09;0.43;283.64;9.54;1051;77;3798.00;59
9972;76;626873276;9972;311;11022;11080;7.14;0.44;283.69;9.54;1050;77;3799.00;58
9977;76;626873296;9977;304;11022;11080;7.15;0.44;283.72;9.54;1045;77;3800.00;58
9984;76;626873318;9984;297;11022;11080;7.11;0.44;283.89;9.54;1038;77;3801.00;58
9986;76;626873334;9986;291;11026;11086;7.13;0.44;283.91;9.53;1040;77;3802.00;60
9988;76;626873352;9988;290;11026;11086;7.15;0.44;283.99;9.53;1038;77;3803.00;60
9996;76;626873369;9996;281;11027;11086;7.12;0.43;284.10;9.53;1031;77;3804.00;59
10000;76;626873384;10000;279;11027;11086;7.11;0.43;284.11;9.53;1027;77;3805.00;59
10006;76;626873401;10006;287;11030;11090;7.10;0.43;284.21;9.53;1024;77;3806.00;60
10009;76;626873417;10009;279;11031;11091;7.14;0.44;284.27;9.53;1022;77;3807.00;60
10013;76;626873433;10013;273;11031;11091;7.12;0.43;284.26;9.53;1018;77;3808.00;60
10017;76;626873448;10017;268;11032;11092;7.10;0.43;284.32;9.53;1015;77;3809.00;60
10020;76;626873464;10020;250;11032;11092;7.13;0.44;284.34;9.53;1012;77;3810.00;60
10023;76;626873479;10023;245;11032;11092;7.11;0.43;284.31;9.53;1009;77;3811.00;60
10028;76;626873492;10028;243;11032;11092;7.11;0.43;284.33;9.53;1004;77;3812.00;60
10030;76;626873506;10030;236;11032;11092;7.14;0.44;284.35;9.53;1002;77;3813.00;60
10035;76;626873520;10035;228;11032;11092;7.15;0.44;284.34;9.53;997;77;3814.00;60
10038;76;626873534;10038;230;11032;11092;7.17;0.44;284.32;9.53;994;77;3815.00;60
10043;76;626873548;10043;246;11069;11162;7.11;0.43;284.30;9.50;1026;77;3816.00;93
10043;76;626873569;10043;240;11072;11163;7.08;0.43;284.30;9.49;1029;77;3817.00;91
10044;77;626873582;10044;238;11076;11163;7.10;0.43;284.29;9.49;1032;78;3818.00;87
10048;77;626873609;10048;247;11077;11163;7.08;0.43;284.32;9.49;1029;78;3819.00;86
10051;77;626873626;10051;247;11082;11163;7.11;0.43;284.33;9.49;1031;78;3820.00;81
10053;77;626873659;10053;256;11085;11163;7.13;0.43;284.38;9.49;1032;78;3821.00;78
10055;77;626873674;10055;264;11089;11163;7.19;0.44;284.38;9.49;1034;78;3822.00;74
10056;77;626873688;10056;273;11091;11163;7.20;0.44;284.39;9.49;1035;78;3823.00;72
10060;77;626873703;10060;266;11094;11164;7.15;0.44;284.47;9.49;1034;78;3824.00;70
10061;77;626873719;10061;272;11097;11166;7.08;0.43;284.46;9.48;1036;78;3825.00;69
10062;77;626873733;10062;279;11099;11166;7.02;0.43;284.44;9.48;1037;78;3826.00;67
10062;77;626873748;10062;287;11102;11170;6.97;0.42;284.44;9.48;1040;78;3827.00;68
10063;77;626873764;10063;295;11102;11170;6.87;0.42;284.42;9.48;1039;78;3828.00;68
10066;77;626873778;10066;297;11102;11170;6.75;0.41;284.47;9.48;1036;78;3829.00;68
10068;77;626873793;10068;299;11102;11170;6.67;0.41;284.45;9.48;1034;78;3830.00;68
10071;77;626873807;10071;307;11105;11176;6.58;0.40;284.52;9.48;1034;78;3831.00;71
10073;77;626873822;10073;306;11105;11176;6.51;0.40;284.48;9.48;1032;78;3832.00;71
10075;77;626873838;10075;303;11106;11176;6.47;0.39;284.46;9.48;1031;78;3833.00;70
10077;77;626873852;10077;301;11108;11179;6.49;0.39;284.47;9.48;1031;78;3834.00;71
10079;77;626873874;10079;296;11109;11179;6.45;0.39;284.44;9.48;1030;78;3835.00;70
10081;77;626873889;10081;295;11109;11179;6.39;0.39;284.45;9.48;1028;78;3836.00;70
10082;77;626873904;10082;302;11109;11180;6.35;0.39;284.45;9.48;1027;78;3837.00;71
10086;77;626873922;10086;303;11110;11181;6.28;0.38;284.41;9.47;1024;78;3838.00;71
10087;77;626873937;10087;306;11110;11181;6.22;0.38;284.40;9.47;1023;78;3839.00;71
10090;77;626873951;10090;312;11125;11207;6.16;0.38;284.37;9.46;1035;78;3840.00;82
10092;77;626873966;10092;312;11125;11207;6.07;0.37;284.34;9.46;1033;78;3841.00;82
10096;77;626873981;10096;302;11127;11207;6.07;0.37;284.27;9.46;1031;78;3842.00;80
10101;77;626873994;10101;301;11130;11208;5.97;0.36;284.21;9.46;1029;78;3843.00;78
10104;77;626874008;10104;296;11130;11208;5.97;0.36;284.15;9.46;1026;78;3844.00;78
10106;77;626874020;10106;297;11133;11212;5.95;0.36;284.12;9.47;1027;78;3845.00;79
10110;77;626874034;10110;296;11134;11214;5.89;0.36;284.14;9.47;1024;78;3846.00;80
10112;77;626874047;10112;294;11138;11218;5.88;0.36;284.18;9.47;1026;78;3847.00;80
10119;77;626874059;10119;289;11138;11218;5.76;0.35;284.09;9.47;1019;78;3848.00;80
10122;77;626874072;10122;290;11139;11218;5.68;0.35;284.04;9.47;1017;78;3849.00;79
10123;77;626874084;10123;290;11139;11218;5.67;0.34;284.03;9.47;1016;78;3850.00;79
10125;77;626874096;10125;291;11139;11218;5.63;0.34;284.00;9.47;1014;78;3851.00;79
10126;77;626874108;10126;281;11150;11230;5.72;0.35;283.99;9.46;1024;78;3852.00;80
10126;77;626874121;10126;285;11150;11230;5.69;0.35;283.99;9.46;1024;78;3853.00;80
10128;77;626874133;10128;280;11150;11230;5.62;0.34;283.94;9.46;1022;78;3854.00;80
10131;77;626874144;10131;291;11150;11230;5.58;0.34;283.98;9.46;1019;78;3855.00;80
10133;77;626874155;10133;288;11150;11230;5.61;0.34;283.97;9.46;1017;78;3856.00;80
10135;77;626874167;10135;300;11151;11230;5.66;0.35;283.98;9.46;1016;78;3857.00;79
10138;77;626874178;10138;300;11151;11231;5.68;0.35;283.96;9.46;1013;78;3858.00;80
10138;77;626874189;10138;305;11153;11231;5.70;0.35;283.96;9.46;1015;78;3859.00;78
10141;77;626874200;10141;294;11157;11237;5.76;0.35;283.93;9.46;1016;78;3860.00;80
10143;77;626874212;10143;302;11160;11238;5.86;0.36;283.91;9.47;1017;78;3861.00;78
10145;77;626874223;10145;309;11161;11238;5.87;0.36;283.89;9.47;1016;78;3862.00;77
10148;77;626874234;10148;310;11161;11238;5.86;0.36;283.85;9.47;1013;78;3863.00;77
10150;77;626874246;10150;308;11163;11242;5.85;0.36;283.83;9.47;1013;78;3864.00;79
10153;77;626874258;10153;312;11163;11242;5.81;0.35;283.84;9.47;1010;78;3865.00;79
10155;77;626874269;10155;311;11166;11242;5.77;0.35;283.83;9.48;1011;78;3866.00;76
10158;77;626874280;10158;306;11167;11243;5.79;0.35;283.82;9.48;1009;78;3867.00;76
10159;77;626874292;10159;309;11171;11247;5.84;0.35;283.82;9.48;1012;78;3868.00;76
10161;77;626874304;10161;309;11172;11247;5.87;0.36;283.85;9.48;1011;78;3869.00;75
10161;77;626874317;10161;308;11177;11253;6.01;0.36;283.85;9.50;1016;78;3870.00;76
10162;77;626874329;10162;302;11178;11253;6.11;0.37;283.85;9.50;1016;78;3871.00;75
10165;77;626874341;10165;290;11180;11253;6.18;0.37;283.84;9.51;1015;78;3872.00;73
10166;77;626874353;10166;290;11181;11253;6.30;0.38;283.85;9.52;1015;78;3873.00;72
10167;77;626874365;10167;285;11184;11257;6.42;0.39;283.83;9.52;1017;78;3874.00;73
10168;77;626874377;10168;280;11187;11257;6.48;0.39;283.81;9.54;1019;78;3875.00;70
10168;77;626874390;10168;275;11187;11257;6.51;0.40;283.81;9.54;1019;78;3876.00;70
10168;77;626874408;10168;280;11189;11257;6.53;0.40;283.81;9.54;1021;78;3877.00;68
10169;77;626874421;10169;281;11191;11258;6.52;0.40;283.81;9.56;1022;78;3878.00;67
10170;77;626874435;10170;277;11192;11259;6.50;0.40;283.80;9.56;1022;78;3879.00;67
10172;77;626874448;10172;274;11192;11259;6.51;0.40;283.81;9.56;1020;78;3880.00;67
10173;77;626874462;10173;277;11196;11260;6.56;0.40;283.80;9.58;1023;78;3881.00;64
10176;77;626874475;10176;276;11196;11260;6.55;0.40;283.79;9.58;1020;78;3882.00;64
10176;77;626874488;10176;282;11198;11260;6.59;0.40;283.79;9.60;1022;78;3883.00;62
10176;77;626874500;10176;283;11198;11260;6.64;0.40;283.79;9.60;1022;78;3884.00;62
10178;77;626874513;10178;282;11199;11260;6.63;0.40;283.78;9.60;1021;78;3885.00;61
10178;77;626874526;10178;288;11199;11260;6.63;0.40;283.78;9.60;1021;78;3886.00;61
10179;77;626874539;10179;289;11201;11260;6.58;0.40;283.76;9.62;1022;78;3887.00;59
10181;77;626874552;10181;312;11269;11387;6.80;0.42;283.73;9.57;1088;78;3888.00;118
10181;77;626874577;10181;306;11275;11388;6.77;0.42;283.73;9.57;1094;78;3889.00;113
10183;77;626874590;10183;301;11283;11388;6.82;0.42;283.71;9.57;1100;78;3890.00;105
10186;77;626874605;10186;295;11289;11388;6.85;0.42;283.73;9.58;1103;78;3891.00;99
10188;77;626874619;10188;298;11293;11388;6.89;0.42;283.82;9.58;1105;78;3892.00;95
10188;77;626874632;10188;298;11300;11388;6.90;0.43;283.82;9.59;1112;78;3893.00;88
10190;77;626874645;10190;299;11304;11388;6.88;0.42;283.92;9.58;1114;78;3894.00;84
10193;77;626874659;10193;305;11310;11388;6.81;0.42;283.91;9.60;1117;78;3895.00;78
10195;77;626874673;10195;306;11314;11389;6.80;0.42;283.93;9.59;1119;78;3896.00;75
10197;77;626874687;10197;307;11316;11390;6.86;0.42;283.96;9.59;1119;78;3897.00;74
10199;77;626874702;10199;315;11321;11390;6.91;0.42;283.98;9.63;1122;78;3898.00;69
10201;77;626874715;10201;316;11321;11391;6.97;0.43;284.01;9.63;1120;78;3899.00;70
10201;77;626874732;10201;330;11327;11406;6.92;0.42;284.01;9.63;1126;78;3900.00;79
10206;77;626874753;10206;330;11329;11406;6.83;0.42;284.03;9.63;1123;78;3901.00;77
10209;77;626874768;10209;332;11331;11406;6.71;0.41;284.15;9.63;1122;78;3902.00;75
10212;77;626874782;10212;337;11336;11410;6.57;0.40;284.19;9.66;1124;78;3903.00;74
10214;77;626874797;10214;345;11338;11410;6.48;0.40;284.23;9.66;1124;78;3904.00;72
10220;77;626874811;10220;351;11340;11410;6.37;0.39;284.27;9.67;1120;78;3905.00;70
10225;77;626874825;10225;354;11343;11413;6.21;0.38;284.33;9.67;1118;78;3906.00;70
10228;77;626874839;10228;365;11344;11413;6.10;0.37;284.37;9.67;1116;78;3907.00;69
10230;77;626874852;10230;368;11346;11413;6.06;0.37;284.44;9.68;1116;78;3908.00;67
10234;77;626874866;10234;375;11350;11417;6.03;0.37;284.51;9.67;1116;78;3909.00;67
10238;77;626874880;10238;366;11352;11418;5.99;0.37;284.56;9.67;1114;78;3910.00;66
10243;77;626874894;10243;367;11354;11418;5.93;0.36;284.63;9.67;1111;78;3911.00;64
10246;77;626874908;10246;367;11358;11422;5.94;0.36;284.68;9.68;1112;78;3912.00;64
10248;77;626874923;10248;368;11358;11422;5.93;0.36;284.73;9.68;1110;78;3913.00;64
10252;77;626874937;10252;361;11359;11422;5.91;0.36;284.76;9.69;1107;78;3914.00;63
10254;77;626874951;10254;363;11362;11424;5.91;0.36;284.84;9.69;1108;78;3915.00;62
10260;77;626874966;10260;362;11364;11424;5.87;0.36;284.86;9.70;1104;78;3916.00;60
10262;77;626874981;10262;358;11369;11430;5.90;0.36;284.88;9.70;1107;78;3917.00;61
10267;77;626874996;10267;348;11369;11430;5.89;0.36;284.97;9.70;1102;78;3918.00;61
10269;77;626875010;10269;351;11370;11431;5.93;0.36;284.97;9.71;1101;78;3919.00;61
10274;77;626875024;10274;348;11370;11431;5.96;0.37;285.07;9.71;1096;78;3920.00;61
10279;77;626875038;10279;359;11371;11431;6.00;0.37;285.27;9.71;1092;78;3921.00;60
10283;77;626875053;10283;358;11371;11431;6.06;0.37;285.29;9.71;1088;78;3922.00;60
10287;77;626875067;10287;364;11372;11431;6.05;0.37;285.38;9.71;1085;78;3923.00;59
10292;77;626875082;10292;364;11381;11443;6.13;0.38;285.42;9.70;1089;78;3924.00;62
10296;77;626875099;10296;365;11381;11443;6.16;0.38;285.46;9.70;1085;78;3925.00;62
10302;77;626875123;10302;363;11381;11443;6.20;0.38;285.52;9.70;1079;78;3926.00;62
10306;77;626875145;10306;365;11382;11443;6.27;0.38;285.52;9.70;1076;78;3927.00;61
10309;77;626875166;10309;355;11382;11443;6.28;0.38;285.53;9.70;1073;78;3928.00;61
10312;77;626875184;10312;353;11385;11443;6.29;0.38;285.50;9.76;1073;78;3929.00;58
10317;77;626875209;10317;351;11389;11447;6.35;0.39;285.57;9.76;1072;78;3930.00;58
10320;77;626875227;10320;347;11389;11447;6.36;0.39;285.59;9.76;1069;78;3931.00;58
10323;77;626875242;10323;347;11392;11451;6.42;0.39;285.60;9.76;1069;78;3932.00;59
10328;77;626875258;10328;344;11394;11452;6.46;0.39;285.61;9.76;1066;78;3933.00;58
10333;77;626875274;10333;354;11394;11452;6.47;0.39;285.66;9.76;1061;78;3934.00;58
10334;77;626875290;10334;359;11395;11452;6.53;0.40;285.67;9.76;1061;78;3935.00;57
10338;77;626875305;10338;363;11406;11465;6.53;0.40;285.66;9.76;1068;78;3936.00;59
10342;77;626875321;10342;366;11407;11465;6.56;0.40;285.74;9.76;1065;78;3937.00;58
10345;77;626875335;10345;370;11407;11465;6.59;0.40;285.78;9.76;1062;78;3938.00;58
10348;77;626875350;10348;368;11410;11466;6.60;0.40;285.79;9.76;1062;78;3939.00;56
10351;77;626875365;10351;374;11410;11467;6.59;0.40;285.82;9.76;1059;78;3940.00;57
10354;77;626875379;10354;366;11410;11467;6.59;0.40;285.87;9.76;1056;78;3941.00;57
10357;77;626875394;10357;369;11413;11470;6.58;0.40;285.91;9.75;1056;78;3942.00;57
10363;77;626875409;10363;369;11414;11470;6.54;0.40;285.93;9.75;1051;78;3943.00;56
10369;77;626875423;10369;371;11414;11470;6.52;0.40;285.90;9.75;1045;78;3944.00;56
10371;77;626875438;10371;365;11414;11470;6.57;0.40;285.91;9.75;1043;78;3945.00;56
10378;77;626875451;10378;359;11419;11476;6.57;0.40;286.12;9.75;1041;78;3946.00;57
10381;77;626875467;10381;351;11419;11476;6.60;0.40;286.14;9.75;1038;78;3947.00;57
10384;77;626875484;10384;353;11419;11476;6.68;0.41;286.17;9.75;1035;78;3948.00;57
10387;77;626875507;10387;353;11419;11476;6.73;0.41;286.21;9.75;1032;78;3949.00;57
10393;77;626875523;10393;359;11422;11480;6.76;0.41;286.21;9.75;1029;78;3950.00;58
10394;77;626875540;10394;364;11423;11481;6.74;0.41;286.21;9.75;1029;78;3951.00;58
10401;77;626875555;10401;362;11423;11481;6.64;0.40;286.32;9.75;1022;78;3952.00;58
10406;77;626875572;10406;364;11424;11482;6.59;0.40;286.42;9.75;1018;78;3953.00;58
10408;77;626875587;10408;368;11424;11482;6.58;0.40;286.48;9.75;1016;78;3954.00;58
10413;77;626875602;10413;375;11424;11482;6.50;0.40;286.52;9.75;1011;78;3955.00;58
10416;77;626875617;10416;382;11424;11482;6.49;0.40;286.54;9.75;1008;78;3956.00;58
10419;77;626875635;10419;373;11424;11482;6.41;0.39;286.55;9.75;1005;78;3957.00;58
10423;77;626875650;10423;366;11424;11482;6.32;0.39;286.65;9.75;1001;78;3958.00;58
10426;77;626875666;10426;363;11424;11482;6.31;0.39;286.63;9.75;998;78;3959.00;58
10429;77;626875682;10429;387;11494;11607;6.31;0.39;286.76;9.69;1065;78;3960.00;113
10432;77;626875709;10432;382;11496;11608;6.34;0.39;286.76;9.69;1064;78;3961.00;112
10437;78;626875726;10437;372;11502;11608;6.40;0.39;286.83;9.68;1065;79;3962.00;106
10439;78;626875760;10439;376;11503;11608;6.48;0.40;286.87;9.68;1064;79;3963.00;105
10442;78;626875776;10442;373;11508;11608;6.54;0.40;286.92;9.68;1066;79;3964.00;100
10445;78;626875791;10445;377;11511;11608;6.63;0.41;286.96;9.68;1066;79;3965.00;97
10448;78;626875806;10448;368;11517;11608;6.75;0.42;286.98;9.67;1069;79;3966.00;91
10453;78;626875822;10453;357;11518;11608;6.74;0.41;287.10;9.67;1065;79;3967.00;90
10455;78;626875838;10455;346;11523;11609;6.76;0.42;287.12;9.67;1068;79;3968.00;86
10457;78;626875865;10457;344;11523;11610;6.75;0.42;287.10;9.67;1066;79;3969.00;87
10463;78;626875885;10463;344;11525;11610;6.70;0.41;287.14;9.67;1062;79;3970.00;85
10468;78;626875918;10468;333;11528;11614;6.64;0.41;287.16;9.67;1060;79;3971.00;86
10471;78;626875941;10471;330;11529;11614;6.61;0.41;287.20;9.67;1058;79;3972.00;85
10478;78;626875967;10478;334;11529;11614;6.50;0.40;287.22;9.67;1051;79;3973.00;85
10481;78;626875984;10481;334;11530;11614;6.54;0.40;287.20;9.67;1049;79;3974.00;84
10483;78;626876000;10483;333;11533;11620;6.62;0.41;287.22;9.67;1050;79;3975.00;87
10485;78;626876018;10485;336;11534;11620;6.63;0.41;287.21;9.67;1049;79;3976.00;86
10487;78;626876041;10487;333;11534;11620;6.68;0.41;287.20;9.67;1047;79;3977.00;86
10487;78;626876065;10487;327;11537;11623;6.81;0.42;287.20;9.67;1050;79;3978.00;86
10490;78;626876080;10490;325;11538;11623;6.88;0.42;287.21;9.67;1048;79;3979.00;85
10493;78;626876102;10493;320;11539;11623;6.90;0.42;287.24;9.67;1046;79;3980.00;84
10494;78;626876119;10494;319;11540;11624;6.97;0.42;287.22;9.67;1046;79;3981.00;84
10496;78;626876135;10496;323;11542;11625;7.01;0.43;287.36;9.67;1046;79;3982.00;83
10498;78;626876152;10498;324;11542;11625;7.05;0.43;287.37;9.67;1044;79;3983.00;83
10501;78;626876168;10501;325;11551;11638;7.05;0.43;287.39;9.66;1050;79;3984.00;87
10503;78;626876184;10503;323;11552;11638;7.06;0.43;287.36;9.72;1049;79;3985.00;86
10506;78;626876200;10506;332;11552;11638;7.06;0.43;287.33;9.72;1046;79;3986.00;86
10507;78;626876228;10507;334;11553;11639;7.05;0.43;287.34;9.72;1046;79;3987.00;86
10510;78;626876242;10510;341;11553;11639;7.05;0.43;287.32;9.72;1043;79;3988.00;86
10511;78;626876258;10511;348;11556;11643;7.06;0.43;287.30;9.71;1045;79;3989.00;87
10512;78;626876276;10512;346;11556;11643;7.01;0.43;287.28;9.71;1044;79;3990.00;87
10512;78;626876290;10512;344;11560;11647;6.95;0.42;287.28;9.71;1048;79;3991.00;87
10515;78;626876304;10515;346;11560;11647;6.86;0.42;287.28;9.71;1045;79;3992.00;87
10517;78;626876318;10517;347;11560;11647;6.78;0.41;287.24;9.71;1043;79;3993.00;87
10521;78;626876331;10521;346;11560;11647;6.62;0.40;287.19;9.71;1039;79;3994.00;87
10521;78;626876346;10521;352;11560;11647;6.52;0.40;287.19;9.71;1039;79;3995.00;87
10525;78;626876359;10525;357;11570;11659;6.44;0.39;287.16;9.70;1045;79;3996.00;89
10526;78;626876373;10526;354;11571;11659;6.36;0.39;287.21;9.70;1045;79;3997.00;88
10529;78;626876386;10529;358;11571;11659;6.29;0.39;287.14;9.70;1042;79;3998.00;88
10532;78;626876399;10532;363;11571;11659;6.29;0.39;287.13;9.70;1039;79;3999.00;88
10535;78;626876415;10535;359;11571;11659;6.25;0.38;287.14;9.70;1036;79;4000.00;88
10536;78;626876434;10536;351;11571;11659;6.22;0.38;287.16;9.70;1035;79;4001.00;88
10538;78;626876448;10538;347;11572;11660;6.22;0.38;287.13;9.76;1034;79;4002.00;88
10539;78;626876462;10539;343;11572;11660;6.19;0.38;287.14;9.76;1033;79;4003.00;88
10544;78;626876476;10544;341;11576;11666;6.15;0.38;287.18;9.76;1032;79;4004.00;90
10548;78;626876492;10548;333;11579;11668;6.14;0.37;287.14;9.76;1031;79;4005.00;89
10549;78;626876506;10549;331;11579;11668;6.12;0.37;287.15;9.76;1030;79;4006.00;89
10550;78;626876519;10550;338;11580;11668;6.11;0.37;287.17;9.81;1030;79;4007.00;88
10552;78;626876531;10552;338;11582;11672;6.12;0.37;287.18;9.81;1030;79;4008.00;90
10556;78;626876545;10556;338;11582;11672;6.08;0.37;287.21;9.81;1026;79;4009.00;90
10557;78;626876558;10557;333;11583;11672;6.07;0.37;287.20;9.86;1026;79;4010.00;89
10561;78;626876571;10561;328;11584;11673;5.98;0.37;287.19;9.86;1023;79;4011.00;89
10564;78;626876584;10564;328;11587;11677;5.90;0.36;287.17;9.86;1023;79;4012.00;90
10568;78;626876596;10568;326;11587;11677;5.78;0.35;287.19;9.86;1019;79;4013.00;90
10568;78;626876608;10568;314;11591;11680;5.75;0.35;287.19;9.93;1023;79;4014.00;89
10570;78;626876622;10570;311;11592;11680;5.70;0.35;287.19;9.93;1022;79;4015.00;88
10571;78;626876635;10571;311;11593;11680;5.65;0.35;287.20;9.94;1022;79;4016.00;87
10573;78;626876649;10573;309;11594;11680;5.60;0.34;287.19;9.99;1021;79;4017.00;86
10575;78;626876662;10575;312;11597;11684;5.59;0.34;287.18;9.99;1022;79;4018.00;87
10577;78;626876675;10577;291;11598;11684;5.60;0.34;287.17;10.04;1021;79;4019.00;86
10579;78;626876689;10579;279;11599;11684;5.65;0.34;287.16;10.04;1020;79;4020.00;85
10580;78;626876702;10580;263;11599;11684;5.69;0.35;287.15;10.04;1019;79;4021.00;85
10582;78;626876714;10582;253;11601;11685;5.73;0.35;287.10;10.09;1019;79;4022.00;84
10585;78;626876728;10585;250;11602;11686;5.77;0.35;287.08;10.09;1017;79;4023.00;84
10586;78;626876741;10586;254;11602;11686;5.85;0.36;287.07;10.09;1016;79;4024.00;84
10588;78;626876754;10588;252;11603;11687;5.86;0.36;287.05;10.09;1015;79;4025.00;84
10589;78;626876773;10589;241;11604;11687;5.86;0.36;287.02;10.14;1015;79;4026.00;83
10589;78;626876787;10589;240;11604;11687;5.89;0.36;287.02;10.14;1015;79;4027.00;83
10589;78;626876800;10589;237;11605;11687;5.96;0.36;287.02;10.14;1016;79;4028.00;82
10593;78;626876814;10593;242;11606;11687;6.04;0.37;287.16;10.18;1013;79;4029.00;81
10594;78;626876827;10594;237;11607;11687;6.14;0.37;287.16;10.18;1013;79;4030.00;80
10596;78;626876839;10596;240;11607;11687;6.22;0.38;287.17;10.18;1011;79;4031.00;80
10596;78;626876853;10596;255;11670;11814;6.54;0.40;287.17;10.17;1074;79;4032.00;144
10597;78;626876879;10597;247;11673;11815;6.60;0.41;287.16;10.17;1076;79;4033.00;142
10598;78;626876894;10598;234;11682;11815;6.71;0.41;287.14;10.16;1084;79;4034.00;133
10601;78;626876909;10601;236;11689;11815;6.81;0.42;287.11;10.17;1088;79;4035.00;126
10604;78;626876923;10604;237;11696;11815;6.91;0.43;287.10;10.16;1092;79;4036.00;119
10604;78;626876938;10604;225;11702;11815;7.00;0.43;287.10;10.16;1098;79;4037.00;113
10607;78;626876952;10607;233;11706;11815;7.04;0.43;287.12;10.16;1099;79;4038.00;109
10608;78;626876974;10608;230;11712;11815;7.04;0.43;287.11;10.16;1104;79;4039.00;103
10611;78;626876995;10611;236;11716;11816;7.03;0.43;287.07;10.18;1105;79;4040.00;100
10613;78;626877010;10613;237;11721;11817;7.05;0.43;287.12;10.18;1108;79;4041.00;96
10616;78;626877026;10616;237;11724;11817;7.04;0.43;287.18;10.18;1108;79;4042.00;93
10619;78;626877042;10619;237;11726;11818;7.02;0.43;287.22;10.20;1107;79;4043.00;92
10620;78;626877058;10620;244;11729;11818;7.05;0.43;287.22;10.20;1109;79;4044.00;89
10623;78;626877079;10623;248;11731;11818;7.02;0.43;287.28;10.22;1108;79;4045.00;87
10625;78;626877096;10625;245;11733;11818;6.99;0.43;287.29;10.23;1108;79;4046.00;85
10627;78;626877119;10627;257;11736;11822;6.99;0.43;287.36;10.22;1109;79;4047.00;86
10628;78;626877141;10628;251;11739;11822;7.01;0.43;287.37;10.24;1111;79;4048.00;83
10632;78;626877166;10632;260;11740;11822;6.96;0.42;287.49;10.24;1108;79;4049.00;82
10633;78;626877201;10633;266;11744;11828;6.94;0.42;287.53;10.24;1111;79;4050.00;84
10634;78;626877223;10634;277;11746;11828;6.90;0.42;287.56;10.26;1112;79;4051.00;82
10637;78;626877239;10637;283;11747;11828;6.86;0.42;287.71;10.26;1110;79;4052.00;81
10639;78;626877255;10639;289;11752;11832;6.82;0.42;287.72;10.28;1113;79;4053.00;80
10642;78;626877272;10642;290;11754;11833;6.80;0.42;287.80;10.28;1112;79;4054.00;79
10644;78;626877288;10644;299;11755;11833;6.78;0.42;287.87;10.28;1111;79;4055.00;78
10650;78;626877310;10650;303;11760;11837;6.78;0.41;287.94;10.29;1110;79;4056.00;77
10653;78;626877325;10653;304;11761;11837;6.75;0.41;287.95;10.30;1108;79;4057.00;76
10657;78;626877340;10657;306;11764;11837;6.66;0.41;288.08;10.32;1107;79;4058.00;73
10657;78;626877356;10657;309;11765;11838;6.63;0.41;288.08;10.32;1108;79;4059.00;73
10661;78;626877371;10661;309;11767;11838;6.56;0.40;288.17;10.33;1106;79;4060.00;71
10663;78;626877387;10663;306;11772;11844;6.61;0.40;288.22;10.33;1109;79;4061.00;72
10666;78;626877403;10666;303;11773;11844;6.62;0.40;288.27;10.34;1107;79;4062.00;71
10670;78;626877419;10670;299;11775;11845;6.60;0.40;288.33;10.34;1105;79;4063.00;70
10672;78;626877440;10672;298;11775;11845;6.56;0.40;288.37;10.34;1103;79;4064.00;70
10675;78;626877454;10675;298;11776;11845;6.60;0.40;288.39;10.35;1101;79;4065.00;69
10676;78;626877468;10676;293;11777;11845;6.58;0.40;288.42;10.35;1101;79;4066.00;68
10678;78;626877482;10678;294;11778;11845;6.58;0.40;288.46;10.37;1100;79;4067.00;67
10680;78;626877496;10680;289;11789;11857;6.62;0.40;288.49;10.36;1109;79;4068.00;68
10682;78;626877512;10682;288;11790;11857;6.60;0.40;288.52;10.37;1108;79;4069.00;67
10683;78;626877526;10683;283;11791;11857;6.64;0.41;288.55;10.37;1108;79;4070.00;66
10686;78;626877540;10686;288;11792;11857;6.59;0.40;288.61;10.38;1106;79;4071.00;65
10689;78;626877553;10689;289;11792;11857;6.54;0.40;288.64;10.38;1103;79;4072.00;65
10693;78;626877567;10693;294;11792;11857;6.48;0.40;288.67;10.38;1099;79;4073.00;65
10696;78;626877580;10696;289;11798;11861;6.39;0.39;288.69;10.41;1102;79;4074.00;63
10702;78;626877595;10702;290;11798;11861;6.28;0.39;288.74;10.41;1096;79;4075.00;63
10704;78;626877608;10704;295;11802;11865;6.26;0.38;288.74;10.41;1098;79;4076.00;63
10709;78;626877622;10709;295;11803;11866;6.16;0.38;288.84;10.41;1094;79;4077.00;63
10715;78;626877635;10715;301;11804;11866;6.05;0.37;288.93;10.41;1089;79;4078.00;62
10719;78;626877648;10719;311;11804;11866;5.95;0.37;288.97;10.41;1085;79;4079.00;62
10725;78;626877663;10725;313;11824;11895;5.87;0.36;289.03;10.40;1099;79;4080.00;71
10731;78;626877679;10731;306;11830;11895;5.79;0.36;289.11;10.44;1099;79;4081.00;65
10737;78;626877692;10737;309;11832;11895;5.78;0.36;289.12;10.44;1095;79;4082.00;63
10740;78;626877704;10740;308;11837;11896;5.82;0.36;289.15;10.44;1097;79;4083.00;59
10744;78;626877717;10744;305;11837;11897;5.82;0.36;289.16;10.44;1093;79;4084.00;60
10749;78;626877731;10749;306;11837;11897;5.81;0.36;289.22;10.44;1088;79;4085.00;60
10752;78;626877745;10752;306;11841;11900;5.87;0.36;289.18;10.44;1089;79;4086.00;59
10757;78;626877759;10757;302;11841;11900;5.92;0.36;289.38;10.44;1084;79;4087.00;59
10760;78;626877773;10760;295;11844;11900;5.98;0.36;289.34;10.46;1084;79;4088.00;56
10765;78;626877787;10765;297;11844;11900;6.03;0.37;289.44;10.46;1079;79;4089.00;56
10767;78;626877801;10767;295;11849;11906;6.16;0.37;289.47;10.46;1082;79;4090.00;57
10769;78;626877816;10769;292;11850;11906;6.17;0.38;289.50;10.46;1081;79;4091.00;56
10772;78;626877829;10772;292;11850;11906;6.22;0.38;289.55;10.46;1078;79;4092.00;56
10775;78;626877842;10775;288;11850;11906;6.26;0.38;289.57;10.46;1075;79;4093.00;56
10777;78;626877855;10777;287;11853;11910;6.31;0.39;289.62;10.46;1076;79;4094.00;57
10782;78;626877869;10782;293;11855;11912;6.39;0.39;289.62;10.46;1073;79;4095.00;57
10788;78;626877884;10788;293;11855;11912;6.42;0.39;289.73;10.46;1067;79;4096.00;57
10792;78;626877897;10792;287;11856;11913;6.54;0.40;289.75;10.46;1064;79;4097.00;57
10798;78;626877912;10798;293;11856;11913;6.57;0.40;289.80;10.46;1058;79;4098.00;57
10802;78;626877926;10802;291;11856;11913;6.68;0.41;289.89;10.46;1054;79;4099.00;57
10805;78;626877941;10805;290;11856;11913;6.78;0.41;289.90;10.46;1051;79;4100.00;57
10811;78;626877961;10811;288;11856;11913;6.80;0.41;290.01;10.46;1045;79;4101.00;57
10813;78;626877978;10813;294;11856;11913;6.86;0.42;290.06;10.46;1043;79;4102.00;57
10817;78;626877995;10817;290;11856;11913;6.87;0.42;290.06;10.46;1039;79;4103.00;57
10822;78;626878012;10822;301;11897;11983;6.87;0.42;290.09;10.42;1075;79;4104.00;86
10827;78;626878039;10827;300;11898;11984;6.87;0.42;290.06;10.42;1071;79;4105.00;86
10832;78;626878058;10832;294;11903;11984;6.92;0.42;290.07;10.42;1071;79;4106.00;81
10835;78;626878075;10835;301;11907;11984;7.02;0.43;290.14;10.42;1072;79;4107.00;77
10840;78;626878091;10840;311;11911;11984;7.10;0.43;290.15;10.41;1071;79;4108.00;73
10843;78;626878108;10843;310;11913;11984;7.18;0.44;290.13;10.41;1070;79;4109.00;71
10847;78;626878128;10847;318;11917;11984;7.24;0.44;290.19;10.41;1070;79;4110.00;67
10852;78;626878144;10852;317;11917;11984;7.22;0.44;290.15;10.41;1065;79;4111.00;67
10858;78;626878160;10858;322;11920;11985;7.15;0.44;290.22;10.45;1062;79;4112.00;65
10866;78;626878177;10866;328;11922;11986;7.17;0.44;290.28;10.45;1056;79;4113.00;64
10871;78;626878193;10871;334;11922;11986;7.12;0.43;290.28;10.45;1051;79;4114.00;64
10876;78;626878208;10876;342;11924;11990;7.09;0.43;290.31;10.45;1048;79;4115.00;66
10882;78;626878224;10882;351;11924;11990;7.08;0.43;290.39;10.45;1042;79;4116.00;66
10887;78;626878239;10887;363;11924;11990;7.03;0.43;290.40;10.45;1037;79;4117.00;66
10892;78;626878254;10892;368;11924;11990;7.00;0.43;290.43;10.45;1032;79;4118.00;66
10897;78;626878270;10897;366;11928;11996;6.92;0.42;290.54;10.45;1031;79;4119.00;68
10898;78;626878285;10898;372;11930;11996;6.94;0.42;290.62;10.45;1032;79;4120.00;66
10903;78;626878299;10903;380;11930;11996;6.87;0.42;290.70;10.45;1027;79;4121.00;66
10906;78;626878314;10906;383;11933;11999;6.83;0.42;290.75;10.44;1027;79;4122.00;66
10911;78;626878328;10911;385;11933;11999;6.77;0.41;290.74;10.44;1022;79;4123.00;66
10915;78;626878343;10915;397;11935;11999;6.74;0.41;290.79;10.44;1020;79;4124.00;64
10917;78;626878358;10917;406;11936;12000;6.63;0.40;290.79;10.44;1019;79;4125.00;64
10922;78;626878377;10922;412;11937;12001;6.48;0.39;290.86;10.44;1015;79;4126.00;64
10928;79;626878393;10928;414;11937;12001;6.34;0.39;290.88;10.44;1009;80;4127.00;64
10932;79;626878417;10932;414;11948;12014;6.33;0.38;290.88;10.43;1016;80;4128.00;66
10935;79;626878433;10935;418;11948;12014;6.29;0.38;290.93;10.43;1013;80;4129.00;66
10937;79;626878447;10937;422;11948;12014;6.28;0.38;290.92;10.43;1011;80;4130.00;66
10940;79;626878461;10940;420;11950;12015;6.26;0.38;290.93;10.48;1010;80;4131.00;65
10941;79;626878476;10941;420;11950;12015;6.26;0.38;290.95;10.48;1009;80;4132.00;65
10944;79;626878495;10944;425;11953;12019;6.24;0.38;290.91;10.47;1009;80;4133.00;66
10946;79;626878510;10946;428;11953;12019;6.23;0.38;290.89;10.47;1007;80;4134.00;66
10948;79;626878524;10948;425;11957;12023;6.18;0.38;290.97;10.47;1009;80;4135.00;66
10948;79;626878538;10948;419;11957;12023;6.14;0.38;290.97;10.47;1009;80;4136.00;66
10949;79;626878552;10949;408;11957;12023;6.08;0.37;290.99;10.47;1008;80;4137.00;66
10953;79;626878566;10953;398;11957;12023;6.04;0.37;291.00;10.47;1004;80;4138.00;66
10957;79;626878579;10957;404;11957;12023;5.99;0.37;291.00;10.47;1000;80;4139.00;66
10959;79;626878595;10959;395;11980;12057;6.03;0.37;291.05;10.45;1021;80;4140.00;77
10961;79;626878612;10961;392;11981;12057;6.05;0.37;291.08;10.45;1020;80;4141.00;76
10962;79;626878626;10962;385;11983;12057;6.17;0.38;291.13;10.45;1021;80;4142.00;74
10968;79;626878641;10968;382;11983;12057;6.21;0.38;291.18;10.45;1015;80;4143.00;74
10970;79;626878653;10970;376;11984;12057;6.27;0.38;291.23;10.45;1014;80;4144.00;73
10971;79;626878666;10971;379;11984;12057;6.36;0.39;291.21;10.45;1013;80;4145.00;73
10975;79;626878678;10975;382;11985;12058;6.46;0.40;291.17;10.45;1010;80;4146.00;73
10979;79;626878690;10979;373;11985;12058;6.48;0.40;291.13;10.45;1006;80;4147.00;73
10982;79;626878703;10982;366;11989;12064;6.47;0.40;291.09;10.45;1007;80;4148.00;75
10984;79;626878715;10984;366;11990;12065;6.45;0.39;291.05;10.44;1006;80;4149.00;75
10987;79;626878727;10987;362;11991;12065;6.46;0.40;291.09;10.44;1004;80;4150.00;74
10988;79;626878739;10988;365;11991;12065;6.47;0.40;291.09;10.44;1003;80;4151.00;74
10990;79;626878751;10990;365;11996;12069;6.47;0.40;291.05;10.49;1006;80;4152.00;73
10993;79;626878763;10993;362;11996;12069;6.41;0.39;291.00;10.49;1003;80;4153.00;73
10994;79;626878775;10994;355;11996;12069;6.38;0.39;291.00;10.49;1002;80;4154.00;73
10997;79;626878788;10997;350;11997;12070;6.30;0.39;290.95;10.49;1000;80;4155.00;73
10999;79;626878800;10999;361;12000;12074;6.28;0.38;290.98;10.48;1001;80;4156.00;74
11001;79;626878812;11001;362;12000;12074;6.24;0.38;290.97;10.48;999;80;4157.00;74
11005;79;626878824;11005;365;12002;12077;6.22;0.38;291.02;10.48;997;80;4158.00;75
11007;79;626878843;11007;365;12002;12077;6.15;0.37;291.01;10.48;995;80;4159.00;75
11009;79;626878854;11009;366;12003;12077;6.09;0.37;291.00;10.48;994;80;4160.00;74
11010;79;626878866;11010;370;12003;12077;6.03;0.37;291.03;10.48;993;80;4161.00;74
11011;79;626878877;11011;374;12006;12081;5.97;0.36;291.01;10.48;995;80;4162.00;75
11011;79;626878895;11011;374;12006;12081;5.97;0.36;291.01;10.48;995;80;4163.00;75
11011;79;626878907;11011;375;12007;12081;5.96;0.36;291.01;10.48;996;80;4164.00;74
11012;79;626878920;11012;380;12007;12081;5.93;0.36;290.99;10.48;995;80;4165.00;74
11013;79;626878931;11013;383;12007;12082;5.88;0.36;290.98;10.48;994;80;4166.00;75
11013;79;626878948;11013;384;12009;12083;5.82;0.35;290.98;10.52;996;80;4167.00;74
11015;79;626878959;11015;389;12009;12083;5.70;0.35;290.99;10.52;994;80;4168.00;74
11015;79;626878972;11015;391;12010;12084;5.63;0.34;290.99;10.52;995;80;4169.00;74
11016;79;626878986;11016;388;12011;12084;5.52;0.34;290.99;10.57;995;80;4170.00;73
11017;79;626878997;11017;379;12011;12084;5.44;0.33;290.97;10.57;994;80;4171.00;73
11018;79;626879009;11018;364;12012;12084;5.43;0.33;290.96;10.62;994;80;4172.00;72
11019;79;626879022;11019;357;12014;12086;5.47;0.33;290.96;10.61;995;80;4173.00;72
11022;79;626879034;11022;336;12014;12086;5.46;0.33;290.96;10.61;992;80;4174.00;72
11022;79;626879046;11022;331;12015;12086;5.46;0.33;290.96;10.66;993;80;4175.00;71
11025;79;626879058;11025;342;12085;12213;5.59;0.35;290.95;10.60;1060;80;4176.00;128
11026;79;626879083;11026;323;12086;12214;5.65;0.35;290.94;10.60;1060;80;4177.00;128
11030;79;626879102;11030;307;12092;12214;5.75;0.36;290.96;10.59;1062;80;4178.00;122
11032;80;626879121;11032;302;12095;12214;5.85;0.36;290.96;10.59;1063;81;4179.00;119
11032;80;626879160;11032;287;12098;12214;5.98;0.37;290.96;10.59;1066;81;4180.00;116
11035;81;626879180;11035;286;12104;12214;6.03;0.37;290.95;10.59;1069;82;4181.00;110
11037;81;626879218;11037;283;12108;12214;6.09;0.37;290.96;10.63;1071;82;4182.00;106
11040;81;626879234;11040;275;12114;12214;6.17;0.38;290.95;10.63;1074;82;4183.00;100
11040;81;626879249;11040;274;12115;12215;6.25;0.38;290.95;10.63;1075;82;4184.00;100
11042;81;626879262;11042;269;12121;12217;6.31;0.39;290.92;10.65;1079;82;4185.00;96
11045;81;626879286;11045;257;12124;12217;6.36;0.39;290.98;10.65;1079;82;4186.00;93
11047;81;626879300;11047;258;12126;12218;6.41;0.39;290.96;10.65;1079;82;4187.00;92
11048;81;626879316;11048;256;12129;12218;6.50;0.40;290.95;10.65;1081;82;4188.00;89
11051;81;626879330;11051;242;12131;12218;6.56;0.40;290.94;10.65;1080;82;4189.00;87
11053;81;626879345;11053;237;12132;12218;6.59;0.40;290.96;10.65;1079;82;4190.00;86
11054;81;626879360;11054;233;12135;12222;6.66;0.41;290.94;10.65;1081;82;4191.00;87
11056;81;626879375;11056;230;12135;12222;6.66;0.41;290.94;10.65;1079;82;4192.00;87
11059;81;626879390;11059;231;12136;12222;6.69;0.41;290.97;10.65;1077;82;4193.00;86
11062;81;626879411;11062;238;12138;12225;6.78;0.41;290.97;10.65;1076;82;4194.00;87
11068;81;626879426;11068;241;12139;12225;6.79;0.41;290.99;10.65;1071;82;4195.00;86
11069;81;626879440;11069;240;12139;12225;6.85;0.42;290.97;10.65;1070;82;4196.00;86
11070;81;626879455;11070;243;12144;12229;6.84;0.42;290.95;10.65;1074;82;4197.00;85
11073;81;626879469;11073;238;12145;12230;6.88;0.42;290.94;10.65;1072;82;4198.00;85
11078;81;626879483;11078;241;12145;12230;6.89;0.42;291.01;10.65;1067;82;4199.00;85
11082;81;626879499;11082;252;12155;12264;6.90;0.42;290.98;10.64;1073;82;4200.00;109
11085;81;626879523;11085;241;12156;12264;6.89;0.42;291.03;10.64;1071;82;4201.00;108
11086;81;626879538;11086;240;12157;12264;6.92;0.42;291.04;10.64;1071;82;4202.00;107
11091;82;626879552;11091;239;12160;12265;6.94;0.42;291.10;10.64;1069;83;4203.00;105
11092;82;626879575;11092;247;12160;12265;6.99;0.43;291.14;10.64;1068;83;4204.00;105
11096;82;626879591;11096;245;12163;12271;7.05;0.43;291.14;10.64;1067;83;4205.00;108
11098;82;626879619;11098;251;12166;12271;7.06;0.43;291.13;10.64;1068;83;4206.00;105
11102;82;626879635;11102;246;12167;12272;7.08;0.43;291.19;10.64;1065;83;4207.00;105
11105;82;626879651;11105;245;12168;12272;7.11;0.43;291.24;10.64;1063;83;4208.00;104
11109;82;626879666;11109;248;12168;12272;7.09;0.43;291.27;10.64;1059;83;4209.00;104
11110;82;626879682;11110;250;12170;12272;7.16;0.44;291.30;10.66;1060;83;4210.00;102
11112;82;626879696;11112;247;12172;12272;7.23;0.44;291.34;10.66;1060;83;4211.00;100
11115;82;626879712;11115;245;12181;12284;7.30;0.44;291.43;10.67;1066;83;4212.00;103
11118;82;626879734;11118;244;12184;12284;7.32;0.44;291.43;10.68;1066;83;4213.00;100
11120;82;626879749;11120;241;12185;12284;7.43;0.45;291.48;10.68;1065;83;4214.00;99
11123;82;626879764;11123;242;12188;12284;7.46;0.45;291.51;10.70;1065;83;4215.00;96
11125;82;626879781;11125;232;12188;12284;7.49;0.46;291.54;10.70;1063;83;4216.00;96
11127;82;626879796;11127;235;12190;12284;7.53;0.46;291.56;10.71;1063;83;4217.00;94
11130;82;626879810;11130;231;12195;12288;7.56;0.46;291.56;10.72;1065;83;4218.00;93
11131;82;626879826;11131;233;12196;12288;7.60;0.46;291.59;10.72;1065;83;4219.00;92
11135;82;626879840;11135;237;12200;12292;7.63;0.46;291.65;10.74;1065;83;4220.00;92
11135;82;626879856;11135;236;12201;12293;7.65;0.47;291.65;10.74;1066;83;4221.00;92
11144;82;626879870;11144;237;12203;12293;7.52;0.46;291.75;10.75;1059;83;4222.00;90
11148;82;626879884;11148;237;12204;12293;7.48;0.46;291.77;10.75;1056;83;4223.00;89
11149;82;626879899;11149;248;12213;12306;7.42;0.45;291.76;10.76;1064;83;4224.00;93
11155;82;626879914;11155;247;12215;12306;7.33;0.45;291.77;10.79;1060;83;4225.00;91
11158;82;626879929;11158;250;12216;12306;7.29;0.44;291.81;10.79;1058;83;4226.00;90
11160;82;626879943;11160;255;12219;12307;7.27;0.44;291.85;10.81;1059;83;4227.00;88
11163;82;626879957;11163;266;12219;12308;7.20;0.44;291.85;10.81;1056;83;4228.00;89
11164;82;626879971;11164;268;12222;12308;7.12;0.43;291.87;10.83;1058;83;4229.00;86
11166;82;626879988;11166;265;12225;12314;7.11;0.43;291.87;10.83;1059;83;4230.00;89
11170;82;626880004;11170;261;12225;12314;7.07;0.43;291.95;10.83;1055;83;4231.00;89
11172;82;626880025;11172;264;12227;12314;7.05;0.43;292.01;10.83;1055;83;4232.00;87
11173;82;626880043;11173;265;12227;12314;7.06;0.43;292.06;10.83;1054;83;4233.00;87
11176;82;626880059;11176;262;12235;12320;7.09;0.43;292.07;10.86;1059;83;4234.00;85
11178;82;626880075;11178;266;12236;12320;7.12;0.43;292.14;10.86;1058;83;4235.00;84
11178;82;626880090;11178;264;12238;12320;7.14;0.44;292.14;10.88;1060;83;4236.00;82
11181;82;626880104;11181;262;12238;12320;7.12;0.43;292.19;10.88;1057;83;4237.00;82
11181;82;626880120;11181;272;12241;12324;7.10;0.43;292.19;10.88;1060;83;4238.00;83
11186;82;626880136;11186;270;12244;12325;7.05;0.43;292.26;10.89;1058;83;4239.00;81
11189;82;626880151;11189;282;12244;12325;6.97;0.43;292.30;10.89;1055;83;4240.00;81
11193;82;626880165;11193;279;12248;12326;6.85;0.42;292.32;10.90;1055;83;4241.00;78
11197;82;626880178;11197;278;12248;12326;6.80;0.42;292.33;10.90;1051;83;4242.00;78
11200;82;626880191;11200;283;12250;12326;6.72;0.41;292.36;10.92;1050;83;4243.00;76
11201;82;626880203;11201;276;12250;12326;6.71;0.41;292.34;10.92;1049;83;4244.00;76
11205;82;626880215;11205;278;12250;12326;6.66;0.41;292.35;10.92;1045;83;4245.00;76
11209;82;626880228;11209;282;12252;12326;6.52;0.40;292.37;10.93;1043;83;4246.00;74
11214;82;626880240;11214;280;12254;12326;6.38;0.39;292.36;10.93;1040;83;4247.00;72
11218;82;626880253;11218;298;12293;12396;6.39;0.39;292.36;10.91;1075;83;4248.00;103
11221;82;626880270;11221;299;12294;12397;6.33;0.39;292.38;10.91;1073;83;4249.00;103
11223;82;626880283;11223;278;12300;12397;6.33;0.39;292.38;10.91;1077;83;4250.00;97
11230;82;626880295;11230;281;12305;12397;6.26;0.39;292.44;10.92;1075;83;4251.00;92
11235;82;626880307;11235;287;12309;12397;6.29;0.39;292.48;10.92;1074;83;4252.00;88
11244;82;626880320;11244;286;12314;12397;6.27;0.38;292.49;10.93;1070;83;4253.00;83
11246;82;626880333;11246;283;12319;12397;6.32;0.39;292.51;10.94;1073;83;4254.00;78
11249;82;626880345;11249;287;12324;12397;6.34;0.39;292.54;10.94;1075;83;4255.00;73
11253;82;626880358;11253;293;12329;12398;6.32;0.39;292.68;10.95;1076;83;4256.00;69
11254;82;626880372;11254;299;12330;12399;6.33;0.39;292.69;10.94;1076;83;4257.00;69
11258;82;626880384;11258;299;12333;12399;6.33;0.39;292.76;10.95;1075;83;4258.00;66
11263;82;626880396;11263;303;12336;12403;6.37;0.39;292.79;10.95;1073;83;4259.00;67
11267;82;626880411;11267;305;12337;12403;6.34;0.39;292.78;10.95;1070;83;4260.00;66
11271;82;626880424;11271;308;12338;12403;6.33;0.39;292.85;10.95;1067;83;4261.00;65
11275;82;626880437;11275;317;12338;12403;6.27;0.39;292.92;10.95;1063;83;4262.00;65
11277;82;626880449;11277;323;12342;12409;6.26;0.38;292.88;10.95;1065;83;4263.00;67
11283;82;626880462;11283;324;12344;12409;6.19;0.38;292.94;11.01;1061;83;4264.00;65
11287;82;626880476;11287;332;12344;12409;6.18;0.38;292.92;11.01;1057;83;4265.00;65
11292;82;626880489;11292;328;12347;12412;6.21;0.38;292.99;11.01;1055;83;4266.00;65
11296;82;626880502;11296;327;12348;12412;6.22;0.38;292.99;11.01;1052;83;4267.00;64
11299;82;626880514;11299;328;12348;12412;6.27;0.38;292.96;11.01;1049;83;4268.00;64
11304;82;626880527;11304;324;12349;12413;6.25;0.38;293.00;11.01;1045;83;4269.00;64
11309;82;626880540;11309;322;12351;12414;6.23;0.38;292.98;11.01;1042;83;4270.00;63
11314;82;626880553;11314;307;12352;12414;6.18;0.38;292.97;11.01;1038;83;4271.00;62
11316;82;626880566;11316;319;12365;12427;6.17;0.38;293.01;11.00;1049;83;4272.00;62
11321;82;626880580;11321;318;12366;12427;6.17;0.38;293.04;11.00;1045;83;4273.00;61
11324;82;626880593;11324;322;12367;12427;6.19;0.38;293.11;11.00;1043;83;4274.00;60
11330;82;626880605;11330;333;12371;12429;6.19;0.38;293.10;11.00;1041;83;4275.00;58
11336;82;626880619;11336;336;12371;12429;6.20;0.38;293.17;11.00;1035;83;4276.00;58
11341;82;626880632;11341;340;12373;12433;6.19;0.38;293.21;11.00;1032;83;4277.00;60
11344;82;626880650;11344;341;12374;12433;6.19;0.38;293.31;11.00;1030;83;4278.00;59
11347;82;626880664;11347;341;12377;12437;6.15;0.37;293.42;11.00;1030;83;4279.00;60
11350;82;626880677;11350;341;12377;12437;6.10;0.37;293.43;11.00;1027;83;4280.00;60
11351;82;626880689;11351;348;12378;12437;6.12;0.37;293.44;10.99;1027;83;4281.00;59
11354;82;626880701;11354;349;12378;12437;6.13;0.37;293.51;10.99;1024;83;4282.00;59
11358;82;626880713;11358;352;12378;12437;6.12;0.37;293.48;10.99;1020;83;4283.00;59
11362;82;626880725;11362;360;12390;12449;6.16;0.38;293.50;11.04;1028;83;4284.00;59
11365;82;626880741;11365;365;12390;12449;6.12;0.37;293.49;11.04;1025;83;4285.00;59
11371;82;626880753;11371;364;12390;12449;6.05;0.37;293.51;11.04;1019;83;4286.00;59
11374;82;626880766;11374;372;12390;12449;6.03;0.37;293.54;11.04;1016;83;4287.00;59
11380;82;626880778;11380;379;12390;12449;6.03;0.37;293.56;11.04;1010;83;4288.00;59
11383;82;626880790;11383;385;12390;12449;6.06;0.37;293.63;11.04;1007;83;4289.00;59
11383;82;626880804;11383;389;12390;12450;6.04;0.37;293.63;11.04;1007;83;4290.00;60
11385;82;626880815;11385;395;12390;12450;6.00;0.37;293.64;11.04;1005;83;4291.00;60
11389;82;626880826;11389;411;12394;12456;5.98;0.37;293.63;11.04;1005;83;4292.00;62
11392;82;626880838;11392;419;12396;12457;5.99;0.37;293.64;11.03;1004;83;4293.00;61
11394;82;626880856;11394;426;12396;12457;5.92;0.36;293.65;11.03;1002;83;4294.00;61
11397;82;626880868;11397;438;12396;12457;5.84;0.36;293.63;11.03;999;83;4295.00;61
11401;82;626880879;11401;444;12399;12461;5.78;0.35;293.63;11.03;998;83;4296.00;62
11403;82;626880891;11403;438;12399;12461;5.72;0.35;293.61;11.03;996;83;4297.00;62
11405;82;626880903;11405;436;12399;12461;5.71;0.35;293.59;11.03;994;83;4298.00;62
11411;82;626880914;11411;438;12400;12462;5.73;0.35;293.65;11.03;989;83;4299.00;62
11413;82;626880927;11413;440;12403;12466;5.79;0.35;293.63;11.03;990;83;4300.00;63
11417;82;626880943;11417;440;12403;12466;5.78;0.35;293.56;11.03;986;83;4301.00;63
11419;82;626880954;11419;441;12405;12469;5.85;0.36;293.64;11.03;986;83;4302.00;64
11423;82;626880966;11423;440;12406;12469;5.84;0.36;293.60;11.03;983;83;4303.00;63
11426;82;626880978;11426;443;12406;12469;5.83;0.36;293.55;11.03;980;83;4304.00;63
11427;82;626880990;11427;446;12406;12469;5.82;0.36;293.57;11.03;979;83;4305.00;63
11430;83;626881001;11430;434;12409;12473;5.89;0.36;293.60;11.02;979;84;4306.00;64
11431;83;626881022;11431;419;12409;12473;5.96;0.36;293.59;11.02;978;84;4307.00;64
11432;83;626881034;11432;403;12410;12473;6.01;0.37;293.58;11.02;978;84;4308.00;63
11436;83;626881047;11436;396;12410;12473;6.07;0.37;293.55;11.02;974;84;4309.00;63
11438;83;626881059;11438;385;12410;12474;6.11;0.37;293.56;11.02;972;84;4310.00;64
11439;83;626881077;11439;379;12411;12475;6.15;0.38;293.56;11.02;972;84;4311.00;64
11441;83;626881090;11441;372;12411;12475;6.16;0.38;293.52;11.02;970;84;4312.00;64
11443;83;626881109;11443;369;12412;12476;6.13;0.37;293.51;11.02;969;84;4313.00;64
11444;83;626881129;11444;369;12412;12476;6.17;0.38;293.56;11.02;968;84;4314.00;64
11446;83;626881147;11446;370;12412;12476;6.24;0.38;293.53;11.02;966;84;4315.00;64
11448;83;626881175;11448;372;12412;12476;6.32;0.39;293.51;11.02;964;84;4316.00;64
11448;83;626881194;11448;366;12412;12476;6.40;0.39;293.51;11.02;964;84;4317.00;64
11449;83;626881212;11449;361;12413;12476;6.48;0.40;293.51;11.08;964;84;4318.00;63
11451;83;626881233;11451;356;12413;12476;6.49;0.40;293.50;11.08;962;84;4319.00;63
11452;83;626881249;11452;393;12523;12706;6.66;0.42;293.48;10.98;1071;84;4320.00;183
11454;83;626881282;11454;384;12526;12707;6.67;0.42;293.46;10.98;1072;84;4321.00;181
11456;83;626881296;11456;373;12537;12707;6.72;0.42;293.45;10.97;1081;84;4322.00;170
11459;83;626881310;11459;353;12542;12707;6.74;0.42;293.51;10.97;1083;84;4323.00;165
11460;83;626881326;11460;341;12549;12707;6.73;0.42;293.53;10.96;1089;84;4324.00;158
11462;83;626881341;11462;335;12554;12707;6.76;0.42;293.62;10.96;1092;84;4325.00;153
11463;83;626881361;11463;325;12559;12707;6.77;0.42;293.62;10.96;1096;84;4326.00;148
11465;83;626881375;11465;326;12563;12707;6.80;0.42;293.60;10.96;1098;84;4327.00;144
11466;83;626881390;11466;323;12568;12708;6.83;0.42;293.59;10.96;1102;84;4328.00;140
11466;83;626881404;11466;321;12575;12709;6.82;0.42;293.59;10.96;1109;84;4329.00;134
11468;83;626881425;11468;313;12580;12709;6.77;0.42;293.58;10.96;1112;84;4330.00;129
11469;83;626881439;11469;319;12582;12710;6.73;0.42;293.59;10.96;1113;84;4331.00;128
11470;84;626881453;11470;324;12587;12710;6.65;0.41;293.59;10.96;1117;85;4332.00;123
11473;84;626881488;11473;324;12589;12710;6.60;0.41;293.58;10.96;1116;85;4333.00;121
11473;84;626881503;11473;329;12589;12710;6.54;0.41;293.58;10.96;1116;85;4334.00;121
11474;84;626881529;11474;334;12594;12714;6.43;0.40;293.57;10.96;1120;85;4335.00;120
11475;84;626881544;11475;340;12595;12714;6.35;0.39;293.62;10.96;1120;85;4336.00;119
11476;84;626881559;11476;343;12597;12714;6.33;0.39;293.61;11.01;1121;85;4337.00;117
11476;84;626881573;11476;348;12599;12717;6.32;0.39;293.61;11.01;1123;85;4338.00;118
11476;84;626881587;11476;351;12599;12717;6.31;0.39;293.61;11.01;1123;85;4339.00;118
11480;84;626881602;11480;348;12600;12717;6.28;0.39;293.60;11.07;1120;85;4340.00;117
11481;84;626881616;11481;354;12606;12721;6.24;0.39;293.60;11.07;1125;85;4341.00;115
11483;84;626881631;11483;345;12609;12722;6.29;0.39;293.60;11.07;1126;85;4342.00;113
11484;84;626881647;11484;343;12610;12722;6.32;0.39;293.61;11.07;1126;85;4343.00;112
11485;84;626881660;11485;344;12613;12726;6.31;0.39;293.60;11.13;1128;85;4344.00;113
11489;84;626881675;11489;342;12616;12726;6.25;0.39;293.62;11.19;1127;85;4345.00;110
11496;84;626881690;11496;345;12616;12726;6.18;0.38;293.76;11.19;1120;85;4346.00;110
11500;84;626881705;11500;338;12617;12727;6.14;0.38;293.72;11.19;1117;85;4347.00;110
11502;84;626881719;11502;338;12618;12727;6.12;0.38;293.75;11.19;1116;85;4348.00;109
11503;84;626881733;11503;336;12621;12733;6.12;0.38;293.74;11.24;1118;85;4349.00;112
11509;84;626881749;11509;327;12622;12733;6.07;0.37;293.82;11.24;1113;85;4350.00;111
11512;84;626881773;11512;325;12622;12734;6.03;0.37;293.90;11.24;1110;85;4351.00;112
11517;84;626881788;11517;319;12623;12734;5.98;0.37;293.98;11.24;1106;85;4352.00;111
11523;84;626881802;11523;312;12625;12734;5.94;0.36;294.02;11.24;1102;85;4353.00;109
11528;84;626881817;11528;296;12626;12734;5.93;0.36;294.06;11.24;1098;85;4354.00;108
11531;84;626881831;11531;294;12628;12734;5.96;0.36;294.16;11.26;1097;85;4355.00;106
11533;84;626881847;11533;289;12639;12746;6.09;0.37;294.18;11.30;1106;85;4356.00;107
11538;84;626881862;11538;287;12639;12746;6.16;0.38;294.17;11.30;1101;85;4357.00;107
11542;84;626881876;11542;282;12641;12746;6.24;0.38;294.18;11.34;1099;85;4358.00;105
11544;84;626881890;11544;278;12641;12746;6.29;0.38;294.18;11.34;1097;85;4359.00;105
11546;84;626881904;11546;274;12641;12746;6.38;0.39;294.17;11.34;1095;85;4360.00;105
11548;84;626881918;11548;264;12641;12746;6.46;0.39;294.19;11.34;1093;85;4361.00;105
11550;84;626881932;11550;263;12645;12750;6.51;0.40;294.17;11.39;1095;85;4362.00;105
11553;84;626881947;11553;260;12645;12750;6.58;0.40;294.15;11.39;1092;85;4363.00;105
11557;84;626881961;11557;256;12649;12754;6.64;0.41;294.17;11.43;1092;85;4364.00;105
11559;84;626881977;11559;259;12652;12756;6.80;0.41;294.15;11.43;1093;85;4365.00;104
11561;84;626881991;11561;256;12653;12756;6.88;0.42;294.18;11.47;1092;85;4366.00;103
11564;84;626882006;11564;257;12654;12756;6.89;0.42;294.25;11.47;1090;85;4367.00;102
11568;84;626882028;11568;261;12662;12769;6.91;0.42;294.34;11.47;1094;85;4368.00;107
11571;84;626882045;11571;249;12664;12769;6.88;0.42;294.38;11.51;1093;85;4369.00;105
11573;84;626882061;11573;255;12665;12769;6.90;0.42;294.42;11.51;1092;85;4370.00;104
11574;84;626882076;11574;253;12666;12770;6.99;0.43;294.46;11.51;1092;85;4371.00;104
11576;84;626882091;11576;251;12667;12771;7.05;0.43;294.44;11.51;1091;85;4372.00;104
11578;84;626882108;11578;249;12667;12771;7.11;0.43;294.45;11.51;1089;85;4373.00;104
11580;84;626882125;11580;251;12670;12774;7.15;0.43;294.49;11.51;1090;85;4374.00;104
11582;84;626882142;11582;250;12670;12774;7.22;0.44;294.52;11.51;1088;85;4375.00;104
11584;84;626882157;11584;249;12671;12774;7.33;0.45;294.54;11.51;1087;85;4376.00;103
11585;84;626882173;11585;247;12672;12774;7.36;0.45;294.56;11.52;1087;85;4377.00;102
11588;84;626882188;11588;245;12676;12780;7.45;0.45;294.56;11.51;1088;85;4378.00;104
11590;84;626882203;11590;245;12676;12780;7.48;0.45;294.54;11.51;1086;85;4379.00;104
11592;84;626882220;11592;253;12678;12780;7.52;0.46;294.56;11.52;1086;85;4380.00;102
11595;84;626882234;11595;249;12678;12780;7.55;0.46;294.61;11.52;1083;85;4381.00;102
11598;84;626882249;11598;262;12684;12784;7.54;0.46;294.60;11.54;1086;85;4382.00;100
11600;84;626882263;11600;264;12687;12785;7.58;0.46;294.61;11.56;1087;85;4383.00;98
11603;84;626882278;11603;269;12689;12785;7.61;0.46;294.68;11.58;1086;85;4384.00;96
11604;84;626882292;11604;273;12691;12786;7.65;0.47;294.67;11.59;1087;85;4385.00;95
11609;84;626882306;11609;270;12693;12786;7.66;0.47;294.70;11.61;1084;85;4386.00;93
11613;84;626882320;11613;274;12697;12786;7.62;0.46;294.77;11.63;1084;85;4387.00;89
11618;84;626882334;11618;282;12698;12786;7.55;0.46;294.81;11.64;1080;85;4388.00;88
11623;84;626882354;11623;284;12700;12786;7.52;0.46;294.86;11.65;1077;85;4389.00;86
11629;84;626882368;11629;287;12702;12786;7.48;0.46;294.87;11.67;1073;85;4390.00;84
11632;84;626882382;11632;284;12704;12786;7.48;0.46;294.94;11.68;1072;85;4391.00;82
11632;84;626882396;11632;288;12742;12856;7.63;0.47;294.94;11.66;1110;85;4392.00;114
11637;84;626882416;11637;293;12744;12857;7.65;0.47;295.02;11.67;1107;85;4393.00;113
11641;84;626882431;11641;294;12750;12857;7.61;0.46;295.11;11.67;1109;85;4394.00;107
11644;84;626882445;11644;292;12753;12857;7.55;0.46;295.15;11.68;1109;85;4395.00;104
11647;84;626882459;11647;291;12759;12857;7.49;0.46;295.20;11.69;1112;85;4396.00;98
11650;84;626882474;11650;291;12764;12857;7.40;0.45;295.31;11.70;1114;85;4397.00;93
11651;84;626882487;11651;296;12767;12857;7.37;0.45;295.34;11.70;1116;85;4398.00;90
11652;84;626882502;11652;296;12771;12857;7.40;0.45;295.36;11.71;1119;85;4399.00;86
11655;84;626882517;11655;289;12775;12858;7.39;0.45;295.38;11.71;1120;85;4400.00;83
11658;84;626882541;11658;290;12779;12859;7.38;0.45;295.43;11.71;1121;85;4401.00;80
11660;84;626882559;11660;282;12783;12859;7.38;0.45;295.45;11.73;1123;85;4402.00;76
11662;84;626882574;11662;282;12785;12863;7.38;0.45;295.46;11.72;1123;85;4403.00;78
11666;84;626882589;11666;280;12786;12863;7.33;0.45;295.49;11.73;1120;85;4404.00;77
11668;84;626882603;11668;287;12788;12863;7.32;0.45;295.47;11.74;1120;85;4405.00;75
11671;84;626882618;11671;285;12789;12863;7.32;0.45;295.57;11.75;1118;85;4406.00;74
11673;84;626882632;11673;290;12793;12869;7.42;0.45;295.64;11.74;1120;85;4407.00;76
11677;84;626882647;11677;297;12794;12869;7.44;0.45;295.63;11.75;1117;85;4408.00;75
11680;84;626882662;11680;305;12796;12869;7.34;0.45;295.67;11.76;1116;85;4409.00;73
11682;84;626882678;11682;306;12800;12875;7.29;0.44;295.73;11.76;1118;85;4410.00;75
11684;84;626882698;11684;304;12802;12875;7.27;0.44;295.80;11.77;1118;85;4411.00;73
11687;84;626882712;11687;317;12804;12875;7.16;0.44;295.82;11.77;1117;85;4412.00;71
11694;84;626882727;11694;311;12805;12876;6.96;0.42;295.84;11.77;1111;85;4413.00;71
11698;84;626882742;11698;316;12807;12877;6.85;0.42;295.82;11.77;1109;85;4414.00;70
11705;84;626882762;11705;322;12808;12877;6.66;0.41;295.75;11.78;1103;85;4415.00;69
11708;84;626882776;11708;328;12820;12890;6.52;0.40;295.77;11.77;1112;85;4416.00;70
11712;84;626882790;11712;338;12821;12890;6.41;0.39;295.80;11.77;1109;85;4417.00;69
11715;84;626882803;11715;339;12821;12890;6.29;0.38;295.82;11.77;1106;85;4418.00;69
11719;84;626882815;11719;350;12824;12891;6.17;0.38;295.87;11.78;1105;85;4419.00;67
11723;84;626882828;11723;341;12824;12891;6.10;0.37;295.90;11.78;1101;85;4420.00;67
11727;84;626882841;11727;343;12828;12895;6.08;0.37;296.01;11.78;1101;85;4421.00;67
11729;84;626882854;11729;336;12829;12895;6.06;0.37;296.02;11.79;1100;85;4422.00;66
11734;84;626882867;11734;337;12832;12899;6.02;0.37;296.04;11.78;1098;85;4423.00;67
11739;84;626882880;11739;338;12834;12899;6.00;0.37;296.11;11.79;1095;85;4424.00;65
11743;84;626882893;11743;344;12836;12899;5.99;0.37;296.16;11.79;1093;85;4425.00;63
11746;84;626882912;11746;344;12837;12899;6.01;0.37;296.15;11.80;1091;85;4426.00;62
11748;84;626882924;11748;344;12839;12899;6.06;0.37;296.14;11.80;1091;85;4427.00;60
11751;84;626882936;11751;336;12850;12911;6.17;0.38;296.17;11.79;1099;85;4428.00;61
11754;84;626882950;11754;329;12850;12911;6.24;0.38;296.23;11.79;1096;85;4429.00;61
11759;84;626882963;11759;331;12851;12911;6.26;0.38;296.24;11.79;1092;85;4430.00;60
11762;84;626882977;11762;323;12851;12911;6.25;0.38;296.28;11.79;1089;85;4431.00;60
11764;84;626882989;11764;320;12851;12911;6.21;0.38;296.41;11.79;1087;85;4432.00;60
11767;84;626883002;11767;320;12851;12911;6.21;0.38;296.39;11.79;1084;85;4433.00;60
11771;84;626883015;11771;321;12851;12912;6.20;0.38;296.40;11.79;1080;85;4434.00;61
11775;84;626883028;11775;320;12851;12912;6.23;0.38;296.39;11.79;1076;85;4435.00;61
11776;84;626883041;11776;318;12855;12918;6.33;0.39;296.42;11.79;1079;85;4436.00;63
11782;84;626883054;11782;312;12857;12919;6.38;0.39;296.43;11.79;1075;85;4437.00;62
11783;84;626883067;11783;322;12857;12919;6.40;0.39;296.44;11.79;1074;85;4438.00;62
11789;84;626883080;11789;323;12857;12919;6.32;0.39;296.45;11.79;1068;85;4439.00;62
11792;84;626883095;11792;324;12861;12924;6.29;0.39;296.48;11.78;1069;85;4440.00;63
11794;84;626883108;11794;330;12861;12924;6.35;0.39;296.48;11.78;1067;85;4441.00;63
11800;84;626883127;11800;333;12861;12924;6.27;0.38;296.45;11.78;1061;85;4442.00;63
11804;84;626883149;11804;337;12862;12925;6.24;0.38;296.41;11.78;1058;85;4443.00;63
11808;84;626883171;11808;349;12865;12929;6.24;0.38;296.38;11.78;1057;85;4444.00;64
11812;84;626883191;11812;354;12865;12929;6.23;0.38;296.34;11.78;1053;85;4445.00;64
11814;84;626883209;11814;354;12867;12932;6.28;0.39;296.37;11.78;1053;85;4446.00;65
11820;84;626883229;11820;360;12867;12932;6.24;0.38;296.42;11.78;1047;85;4447.00;65
11825;84;626883243;11825;366;12868;12932;6.19;0.38;296.40;11.78;1043;85;4448.00;64
11829;84;626883258;11829;364;12868;12932;6.12;0.37;296.50;11.78;1039;85;4449.00;64
11833;84;626883273;11833;367;12871;12936;6.14;0.38;296.46;11.78;1038;85;4450.00;65
11838;84;626883288;11838;367;12871;12936;6.11;0.37;296.44;11.78;1033;85;4451.00;65
11843;84;626883303;11843;369;12872;12936;6.06;0.37;296.39;11.78;1029;85;4452.00;64
11847;84;626883316;11847;378;12872;12936;5.99;0.37;296.35;11.78;1025;85;4453.00;64
11850;84;626883330;11850;385;12872;12937;5.96;0.37;296.37;11.78;1022;85;4454.00;65
11857;84;626883342;11857;391;12874;12939;5.94;0.37;296.29;11.77;1017;85;4455.00;65
11863;84;626883355;11863;398;12874;12939;5.89;0.36;296.24;11.77;1011;85;4456.00;65
11867;84;626883368;11867;402;12875;12940;5.88;0.36;296.23;11.77;1008;85;4457.00;65
11872;84;626883381;11872;411;12875;12940;5.86;0.36;296.16;11.77;1003;85;4458.00;65
11876;84;626883396;11876;416;12876;12940;5.85;0.36;296.09;11.82;1000;85;4459.00;64
11878;84;626883410;11878;417;12876;12940;5.82;0.35;296.06;11.82;998;85;4460.00;64
11879;84;626883423;11879;426;12876;12940;5.78;0.35;296.05;11.82;997;85;4461.00;64
11881;84;626883435;11881;432;12876;12940;5.68;0.35;296.02;11.82;995;85;4462.00;64
11882;84;626883447;11882;435;12876;12940;5.56;0.34;296.04;11.82;994;85;4463.00;64
11883;84;626883459;11883;454;12945;13067;5.96;0.37;296.03;11.76;1062;85;4464.00;122
11884;84;626883481;11884;451;12947;13068;5.92;0.37;296.01;11.76;1063;85;4465.00;121
11884;84;626883494;11884;453;12956;13068;5.99;0.37;296.01;11.75;1072;85;4466.00;112
11886;84;626883506;11886;449;12961;13068;5.99;0.37;295.99;11.75;1075;85;4467.00;107
11887;84;626883519;11887;437;12966;13068;6.00;0.37;295.99;11.74;1079;85;4468.00;102
11890;84;626883532;11890;438;12970;13068;6.02;0.37;295.94;11.74;1080;85;4469.00;98
11894;84;626883548;11894;435;12975;13068;6.00;0.37;295.90;11.74;1081;85;4470.00;93
11894;84;626883562;11894;434;12977;13068;5.99;0.37;295.90;11.74;1083;85;4471.00;91
11896;84;626883576;11896;431;12981;13069;5.99;0.37;295.89;11.74;1085;85;4472.00;88
11898;84;626883590;11898;439;12983;13070;5.99;0.37;295.88;11.74;1085;85;4473.00;87
11900;84;626883604;11900;446;12987;13070;5.96;0.37;295.87;11.73;1087;85;4474.00;83
11900;84;626883618;11900;440;12988;13071;5.95;0.37;295.87;11.73;1088;85;4475.00;83
11903;85;626883632;11903;424;12989;13071;5.95;0.37;295.85;11.73;1086;86;4476.00;82
11904;85;626883660;11904;420;12990;13071;5.98;0.37;295.85;11.74;1086;86;4477.00;81
11906;85;626883676;11906;409;12992;13071;6.04;0.37;295.86;11.74;1086;86;4478.00;79
11906;85;626883691;11906;405;12994;13075;6.15;0.38;295.86;11.73;1088;86;4479.00;81
11907;85;626883706;11907;388;12997;13075;6.22;0.38;295.86;11.73;1090;86;4480.00;78
11909;85;626883728;11909;378;12997;13075;6.28;0.38;295.85;11.73;1088;86;4481.00;78
11909;85;626883742;11909;369;13001;13078;6.47;0.40;295.85;11.73;1092;86;4482.00;77
11910;85;626883759;11910;361;13001;13078;6.56;0.40;295.84;11.73;1091;86;4483.00;77
11911;85;626883781;11911;360;13002;13078;6.62;0.40;295.83;11.73;1091;86;4484.00;76
11911;85;626883796;11911;358;13005;13082;6.71;0.41;295.83;11.73;1094;86;4485.00;77
11914;85;626883819;11914;354;13007;13083;6.81;0.41;295.80;11.73;1093;86;4486.00;76
11916;85;626883837;11916;342;13007;13083;6.88;0.42;295.78;11.73;1091;86;4487.00;76
11916;85;626883852;11916;338;13011;13087;6.94;0.42;295.78;11.77;1095;86;4488.00;76
11918;85;626883867;11918;335;13011;13087;7.00;0.43;295.75;11.77;1093;86;4489.00;76
11920;85;626883887;11920;327;13011;13087;7.05;0.43;295.72;11.77;1091;86;4490.00;76
11920;85;626883902;11920;317;13012;13088;7.07;0.43;295.72;11.77;1092;86;4491.00;76
11922;85;626883919;11922;320;13012;13088;7.03;0.43;295.71;11.77;1090;86;4492.00;76
11923;85;626883933;11923;320;13016;13094;7.04;0.43;295.74;11.77;1093;86;4493.00;78
11927;85;626883949;11927;319;13016;13094;7.02;0.43;295.73;11.77;1089;86;4494.00;78
11930;85;626883965;11930;317;13017;13095;7.05;0.43;295.74;11.77;1087;86;4495.00;78
11932;85;626883981;11932;322;13017;13095;7.09;0.43;295.72;11.77;1085;86;4496.00;78
11936;85;626883996;11936;321;13017;13095;7.04;0.43;295.78;11.77;1081;86;4497.00;78
11939;85;626884011;11939;320;13017;13095;7.02;0.43;295.79;11.77;1078;86;4498.00;78
11941;85;626884026;11941;315;13017;13095;6.96;0.42;295.78;11.77;1076;86;4499.00;78
11941;85;626884044;11941;324;13040;13145;6.92;0.42;295.78;11.74;1099;86;4500.00;105
11944;85;626884068;11944;321;13041;13147;6.93;0.42;295.81;11.74;1097;86;4501.00;106
11944;85;626884084;11944;317;13043;13147;6.99;0.43;295.81;11.74;1099;86;4502.00;104
11949;85;626884100;11949;323;13043;13147;7.03;0.43;295.84;11.74;1094;86;4503.00;104
11951;85;626884117;11951;323;13045;13147;7.00;0.43;295.85;11.74;1094;86;4504.00;102
11953;85;626884133;11953;319;13045;13147;6.97;0.42;295.91;11.74;1092;86;4505.00;102
11954;85;626884148;11954;324;13050;13151;6.93;0.42;295.94;11.74;1096;86;4506.00;101
11959;85;626884163;11959;334;13051;13151;6.85;0.42;296.04;11.74;1092;86;4507.00;100
11961;85;626884177;11961;338;13055;13155;6.82;0.41;296.10;11.74;1094;86;4508.00;100
11965;85;626884192;11965;347;13057;13156;6.74;0.41;296.19;11.73;1092;86;4509.00;99
11968;85;626884205;11968;341;13057;13156;6.72;0.41;296.23;11.73;1089;86;4510.00;99
11971;85;626884219;11971;343;13057;13156;6.69;0.41;296.31;11.73;1086;86;4511.00;99
11973;85;626884233;11973;340;13064;13169;6.67;0.41;296.33;11.73;1091;86;4512.00;105
11975;85;626884247;11975;334;13065;13169;6.68;0.41;296.37;11.73;1090;86;4513.00;104
11975;85;626884266;11975;336;13065;13169;6.67;0.41;296.37;11.73;1090;86;4514.00;104
11977;85;626884281;11977;339;13067;13170;6.62;0.40;296.47;11.73;1090;86;4515.00;103
11981;85;626884294;11981;326;13067;13171;6.56;0.40;296.57;11.73;1086;86;4516.00;104
11981;85;626884308;11981;328;13067;13171;6.55;0.40;296.57;11.73;1086;86;4517.00;104
11984;85;626884321;11984;322;13069;13174;6.53;0.40;296.63;11.73;1085;86;4518.00;105
11989;85;626884334;11989;319;13070;13174;6.49;0.40;296.65;11.73;1081;86;4519.00;104
11993;85;626884347;11993;310;13070;13174;6.47;0.39;296.70;11.73;1077;86;4520.00;104
11996;85;626884360;11996;304;13071;13174;6.49;0.40;296.75;11.73;1075;86;4521.00;103
12002;85;626884372;12002;293;13074;13180;6.50;0.40;296.78;11.72;1072;86;4522.00;106
12005;85;626884386;12005;285;13074;13180;6.58;0.40;296.79;11.72;1069;86;4523.00;106
12010;85;626884399;12010;273;13074;13180;6.57;0.40;296.78;11.72;1064;86;4524.00;106
12017;85;626884412;12017;268;13076;13180;6.52;0.40;296.82;11.74;1059;86;4525.00;104
12019;85;626884426;12019;265;13079;13184;6.54;0.40;296.86;11.74;1060;86;4526.00;105
12023;85;626884440;12023;247;13082;13185;6.57;0.40;296.83;11.78;1059;86;4527.00;103
12028;85;626884453;12028;236;13082;13185;6.60;0.40;296.83;11.78;1054;86;4528.00;103
12031;85;626884466;12031;233;13083;13186;6.67;0.40;296.83;11.78;1052;86;4529.00;103
12034;85;626884481;12034;232;13084;13186;6.68;0.41;296.84;11.78;1050;86;4530.00;102
12036;85;626884494;12036;229;13084;13186;6.70;0.41;296.84;11.78;1048;86;4531.00;102
12038;85;626884507;12038;231;13084;13186;6.71;0.41;296.88;11.78;1046;86;4532.00;102
12039;85;626884520;12039;224;13085;13186;6.73;0.41;296.90;11.79;1046;86;4533.00;101
12043;85;626884533;12043;222;13085;13186;6.76;0.41;296.89;11.79;1042;86;4534.00;101
12044;85;626884546;12044;223;13086;13186;6.77;0.41;296.88;11.79;1042;86;4535.00;100
12047;85;626884559;12047;229;13123;13256;6.81;0.42;296.92;11.76;1076;86;4536.00;133
12049;85;626884578;12049;227;13126;13257;6.87;0.42;296.93;11.76;1077;86;4537.00;131
12054;85;626884592;12054;230;13130;13257;6.94;0.42;296.93;11.76;1076;86;4538.00;127
12057;85;626884605;12057;229;13133;13257;7.01;0.43;297.04;11.76;1076;86;4539.00;124
12062;85;626884619;12062;234;13136;13257;7.10;0.43;296.99;11.76;1074;86;4540.00;121
12064;85;626884632;12064;234;13144;13257;7.15;0.43;297.05;11.80;1080;86;4541.00;113
12069;85;626884646;12069;242;13149;13257;7.19;0.44;297.13;11.80;1080;86;4542.00;108
12072;85;626884659;12072;241;13153;13257;7.24;0.44;297.16;11.80;1081;86;4543.00;104
12080;85;626884673;12080;233;13156;13258;7.26;0.44;297.21;11.80;1076;86;4544.00;102
12081;85;626884687;12081;232;13160;13260;7.30;0.44;297.25;11.80;1079;86;4545.00;100
12084;85;626884701;12084;231;13161;13260;7.32;0.44;297.29;11.80;1077;86;4546.00;99
12087;85;626884714;12087;232;13165;13264;7.30;0.44;297.33;11.81;1078;86;4547.00;99
12089;85;626884729;12089;229;13166;13264;7.29;0.44;297.33;11.81;1077;86;4548.00;98
12092;85;626884743;12092;225;13167;13264;7.29;0.44;297.37;11.81;1075;86;4549.00;97
12093;85;626884758;12093;236;13170;13264;7.23;0.44;297.39;11.82;1077;86;4550.00;94
12097;85;626884772;12097;243;13174;13270;7.23;0.44;297.46;11.83;1077;86;4551.00;96
12100;85;626884786;12100;250;13175;13270;7.25;0.44;297.51;11.83;1075;86;4552.00;95
12105;85;626884800;12105;253;13177;13270;7.21;0.44;297.48;11.85;1072;86;4553.00;93
12107;85;626884814;12107;252;13180;13273;7.21;0.44;297.52;11.84;1073;86;4554.00;93
12112;85;626884829;12112;260;13182;13273;7.14;0.43;297.60;11.86;1070;86;4555.00;91
12113;85;626884843;12113;260;13183;13273;7.20;0.44;297.62;11.88;1070;86;4556.00;90
12117;85;626884857;12117;260;13185;13274;7.20;0.44;297.65;11.88;1068;86;4557.00;89
12119;85;626884872;12119;263;13187;13275;7.23;0.44;297.73;11.88;1068;86;4558.00;88
12124;85;626884886;12124;259;13189;13275;7.26;0.44;297.73;11.90;1065;86;4559.00;86
12126;85;626884902;12126;267;13206;13301;7.31;0.44;297.75;11.88;1080;86;4560.00;95
12130;85;626884918;12130;264;13209;13301;7.32;0.44;297.74;11.90;1079;86;4561.00;92
12133;85;626884932;12133;263;13212;13301;7.35;0.44;297.81;11.90;1079;86;4562.00;89
12134;85;626884946;12134;264;13216;13302;7.35;0.45;297.82;11.91;1082;86;4563.00;86
12135;85;626884959;12135;264;13217;13302;7.31;0.44;297.83;11.91;1082;86;4564.00;85
12138;85;626884972;12138;270;13220;13306;7.25;0.44;297.85;11.91;1082;86;4565.00;86
12139;85;626884986;12139;277;13223;13306;7.11;0.43;297.91;11.93;1084;86;4566.00;83
12143;85;626884998;12143;283;13227;13310;6.98;0.42;297.88;11.93;1084;86;4567.00;83
12147;85;626885012;12147;288;13227;13310;6.84;0.42;297.91;11.93;1080;86;4568.00;83
12149;85;626885025;12149;292;13229;13310;6.75;0.41;297.89;11.94;1080;86;4569.00;81
12153;85;626885038;12153;292;13230;13310;6.70;0.41;297.96;11.94;1077;86;4570.00;80
12155;85;626885050;12155;291;13231;13310;6.66;0.41;298.01;11.95;1076;86;4571.00;79
12156;85;626885063;12156;291;13242;13322;6.73;0.41;298.03;11.94;1086;86;4572.00;80
12158;85;626885082;12158;298;13243;13322;6.70;0.41;298.02;11.96;1085;86;4573.00;79
12161;85;626885096;12161;299;13244;13322;6.68;0.41;298.07;11.96;1083;86;4574.00;78
12163;85;626885109;12163;304;13244;13322;6.68;0.41;298.08;11.96;1081;86;4575.00;78
12164;85;626885129;12164;305;13246;13322;6.67;0.41;298.10;11.97;1082;86;4576.00;76
12166;85;626885162;12166;310;13246;13322;6.69;0.41;298.13;11.97;1080;86;4577.00;76
12171;85;626885180;12171;315;13246;13323;6.65;0.41;298.18;11.97;1075;86;4578.00;77
12173;85;626885199;12173;321;13247;13323;6.67;0.41;298.23;11.98;1074;86;4579.00;76
12175;85;626885216;12175;328;13252;13329;6.69;0.41;298.23;11.98;1077;86;4580.00;77
12178;85;626885233;12178;337;13253;13330;6.62;0.40;298.28;11.97;1075;86;4581.00;77
12181;85;626885247;12181;349;13255;13330;6.54;0.40;298.29;11.98;1074;86;4582.00;75
12184;85;626885268;12184;361;13256;13330;6.44;0.39;298.33;12.00;1072;86;4583.00;74
12188;85;626885281;12188;357;13259;13334;6.37;0.39;298.35;11.99;1071;86;4584.00;75
12190;85;626885295;12190;370;13260;13334;6.22;0.38;298.32;12.00;1070;86;4585.00;74
12194;85;626885308;12194;374;13262;13334;6.04;0.37;298.38;12.02;1068;86;4586.00;72
12196;85;626885321;12196;378;13264;13335;5.92;0.36;298.36;12.03;1068;86;4587.00;71
12201;85;626885333;12201;385;13267;13339;5.75;0.35;298.37;12.03;1066;86;4588.00;72
12208;85;626885346;12208;391;13267;13339;5.51;0.34;298.40;12.03;1059;86;4589.00;72
12210;85;626885360;12210;387;13270;13345;5.47;0.34;298.41;12.03;1060;86;4590.00;75
12212;85;626885372;12212;387;13271;13345;5.43;0.33;298.43;12.04;1059;86;4591.00;74
12218;85;626885383;12218;386;13274;13345;5.37;0.33;298.48;12.05;1056;86;4592.00;71
12222;85;626885395;12222;391;13275;13345;5.32;0.33;298.53;12.06;1053;86;4593.00;70
12228;85;626885406;12228;387;13278;13349;5.28;0.32;298.48;12.06;1050;86;4594.00;71
12230;85;626885418;12230;382;13278;13349;5.31;0.33;298.45;12.06;1048;86;4595.00;71
12231;85;626885429;12231;384;13280;13349;5.28;0.32;298.43;12.07;1049;86;4596.00;69
12233;85;626885440;12233;383;13280;13349;5.28;0.32;298.43;12.07;1047;86;4597.00;69
12238;85;626885453;12238;383;13283;13350;5.27;0.32;298.42;12.08;1045;86;4598.00;67
12239;85;626885465;12239;386;13286;13351;5.31;0.33;298.47;12.09;1047;86;4599.00;65
12244;85;626885480;12244;390;13286;13351;5.30;0.33;298.50;12.09;1042;86;4600.00;65
12245;85;626885497;12245;387;13287;13352;5.31;0.33;298.50;12.09;1042;86;4601.00;65
12250;85;626885510;12250;392;13287;13352;5.29;0.33;298.44;12.09;1037;86;4602.00;65
12253;85;626885522;12253;400;13287;13352;5.27;0.32;298.39;12.09;1034;86;4603.00;65
12257;85;626885534;12257;399;13287;13352;5.20;0.32;298.35;12.09;1030;86;4604.00;65
12260;85;626885547;12260;398;13287;13352;5.18;0.32;298.33;12.09;1027;86;4605.00;65
12263;85;626885559;12263;398;13287;13352;5.19;0.32;298.33;12.09;1024;86;4606.00;65
12267;85;626885571;12267;393;13287;13352;5.19;0.32;298.31;12.09;1020;86;4607.00;65
12272;85;626885583;12272;391;13353;13479;5.63;0.35;298.31;12.03;1081;86;4608.00;126
12275;85;626885606;12275;402;13356;13480;5.62;0.35;298.38;12.03;1081;86;4609.00;124
12277;85;626885619;12277;401;13366;13480;5.67;0.35;298.37;12.02;1089;86;4610.00;114
12286;85;626885632;12286;411;13369;13480;5.59;0.35;298.28;12.02;1083;86;4611.00;111
12289;85;626885645;12289;412;13375;13480;5.57;0.35;298.28;12.01;1086;86;4612.00;105
12293;85;626885658;12293;409;13380;13480;5.52;0.34;298.28;12.01;1087;86;4613.00;100
12294;85;626885670;12294;413;13384;13480;5.53;0.34;298.26;12.01;1090;86;4614.00;96
12297;85;626885685;12297;416;13387;13480;5.54;0.34;298.24;12.01;1090;86;4615.00;93
12298;85;626885699;12298;422;13390;13481;5.55;0.34;298.25;12.01;1092;86;4616.00;91
12300;85;626885714;12300;428;13393;13482;5.53;0.34;298.25;12.01;1093;86;4617.00;89
12302;85;626885728;12302;433;13396;13482;5.49;0.34;298.22;12.01;1094;86;4618.00;86
12306;85;626885742;12306;443;13399;13483;5.46;0.34;298.27;12.00;1093;86;4619.00;84
12307;85;626885757;12307;455;13401;13483;5.44;0.34;298.27;12.00;1094;86;4620.00;82
12311;85;626885772;12311;460;13403;13483;5.40;0.34;298.27;12.05;1092;86;4621.00;80
12314;85;626885786;12314;470;13405;13483;5.36;0.33;298.27;12.05;1091;86;4622.00;78
12317;85;626885800;12317;479;13408;13487;5.33;0.33;298.25;12.05;1091;86;4623.00;79
12318;85;626885815;12318;478;13409;13487;5.30;0.33;298.26;12.05;1091;86;4624.00;78
12324;85;626885836;12324;492;13409;13487;5.27;0.33;298.22;12.05;1085;86;4625.00;78
12325;85;626885851;12325;503;13412;13490;5.30;0.33;298.21;12.05;1087;86;4626.00;78
12329;85;626885864;12329;492;13414;13490;5.31;0.33;298.22;12.05;1085;86;4627.00;76
12331;85;626885878;12331;485;13415;13490;5.30;0.33;298.24;12.05;1084;86;4628.00;75
12334;85;626885892;12334;471;13418;13494;5.36;0.33;298.23;12.05;1084;86;4629.00;76
12334;85;626885905;12334;467;13419;13495;5.46;0.34;298.23;12.04;1085;86;4630.00;76
12336;85;626885919;12336;459;13419;13495;5.54;0.34;298.19;12.04;1083;86;4631.00;76
12339;85;626885933;12339;451;13422;13499;5.61;0.35;298.17;12.04;1083;86;4632.00;77
12341;85;626885959;12341;448;13422;13499;5.69;0.35;298.16;12.04;1081;86;4633.00;77
12341;85;626885980;12341;443;13422;13499;5.76;0.36;298.16;12.04;1081;86;4634.00;77
12343;85;626885994;12343;445;13424;13501;5.84;0.36;298.15;12.04;1081;86;4635.00;77
12346;85;626886008;12346;442;13424;13501;5.83;0.36;298.15;12.04;1078;86;4636.00;77
12348;85;626886023;12348;429;13429;13507;5.89;0.36;298.15;12.09;1081;86;4637.00;78
12352;85;626886038;12352;420;13429;13507;5.95;0.37;298.07;12.09;1077;86;4638.00;78
12353;85;626886053;12353;413;13430;13508;6.05;0.37;298.05;12.09;1077;86;4639.00;78
12355;85;626886067;12355;399;13430;13508;6.14;0.38;298.09;12.09;1075;86;4640.00;78
12358;85;626886082;12358;387;13430;13508;6.22;0.38;298.05;12.09;1072;86;4641.00;78
12361;85;626886097;12361;385;13430;13508;6.33;0.39;298.02;12.09;1069;86;4642.00;78
12363;85;626886111;12363;381;13431;13508;6.43;0.39;298.01;12.14;1068;86;4643.00;77
12364;85;626886127;12364;385;13441;13520;6.60;0.40;298.00;12.13;1077;86;4644.00;79
12367;85;626886143;12367;382;13442;13520;6.72;0.41;297.98;12.13;1075;86;4645.00;78
12368;85;626886159;12368;374;13442;13520;6.80;0.42;297.97;12.13;1074;86;4646.00;78
12369;85;626886173;12369;368;13442;13520;6.87;0.42;297.97;12.13;1073;86;4647.00;78
12373;85;626886189;12373;350;13442;13520;6.93;0.42;298.03;12.13;1069;86;4648.00;78
12379;85;626886204;12379;343;13443;13520;6.97;0.43;298.04;12.18;1064;86;4649.00;77
12383;85;626886222;12383;343;13448;13526;7.00;0.43;298.04;12.17;1065;86;4650.00;78
12389;85;626886244;12389;332;13448;13526;7.05;0.43;298.10;12.17;1059;86;4651.00;78
12392;85;626886260;12392;320;13452;13530;7.15;0.43;298.08;12.17;1060;86;4652.00;78
12394;85;626886276;12394;318;13453;13531;7.19;0.44;298.07;12.17;1059;86;4653.00;78
12397;85;626886291;12397;312;13454;13531;7.13;0.43;298.16;12.22;1057;86;4654.00;77
12399;85;626886310;12399;315;13454;13531;7.07;0.43;298.21;12.22;1055;86;4655.00;77
12401;85;626886337;12401;316;13465;13544;7.04;0.43;298.28;12.21;1064;86;4656.00;79
12404;85;626886358;12404;315;13465;13544;6.99;0.42;298.35;12.21;1061;86;4657.00;79
12407;85;626886378;12407;316;13466;13544;7.00;0.42;298.36;12.26;1059;86;4658.00;78
12411;85;626886397;12411;309;13467;13545;6.98;0.42;298.39;12.26;1056;86;4659.00;78
12415;85;626886416;12415;308;13467;13546;6.92;0.42;298.43;12.26;1052;86;4660.00;79
12418;85;626886437;12418;311;13468;13546;6.85;0.41;298.47;12.31;1050;86;4661.00;78
12420;85;626886451;12420;310;13470;13549;6.87;0.42;298.47;12.31;1050;86;4662.00;79
12423;85;626886466;12423;304;13471;13549;6.81;0.41;298.51;12.31;1048;86;4663.00;78
12424;85;626886480;12424;300;13471;13549;6.82;0.41;298.54;12.31;1047;86;4664.00;78
12428;85;626886494;12428;307;13471;13549;6.79;0.41;298.50;12.31;1043;86;4665.00;78
12432;85;626886507;12432;306;13475;13555;6.76;0.41;298.54;12.30;1043;86;4666.00;80
12434;85;626886521;12434;314;13475;13555;6.72;0.41;298.62;12.30;1041;86;4667.00;80
12437;85;626886536;12437;317;13476;13555;6.72;0.41;298.68;12.30;1039;86;4668.00;79
12441;85;626886551;12441;322;13476;13555;6.64;0.40;298.71;12.30;1035;86;4669.00;79
12445;85;626886566;12445;328;13479;13559;6.61;0.40;298.81;12.30;1034;86;4670.00;80
12445;85;626886585;12445;334;13480;13560;6.62;0.40;298.81;12.30;1035;86;4671.00;80
12447;85;626886600;12447;341;13480;13560;6.62;0.40;298.81;12.30;1033;86;4672.00;80
12449;85;626886614;12449;347;13481;13561;6.64;0.40;298.82;12.30;1032;86;4673.00;80
12452;85;626886630;12452;346;13481;13561;6.57;0.40;298.91;12.30;1029;86;4674.00;80
12454;85;626886650;12454;351;13481;13561;6.57;0.40;298.95;12.30;1027;86;4675.00;80
12458;85;626886665;12458;349;13481;13561;6.51;0.39;299.02;12.30;1023;86;4676.00;80
12460;85;626886679;12460;346;13481;13561;6.52;0.40;299.05;12.30;1021;86;4677.00;80
12463;85;626886692;12463;346;13481;13561;6.49;0.39;299.05;12.30;1018;86;4678.00;80
12463;85;626886705;12463;346;13481;13561;6.51;0.40;299.05;12.30;1018;86;4679.00;80
12465;85;626886719;12465;359;13544;13686;6.51;0.40;299.09;12.24;1079;86;4680.00;142
12466;85;626886742;12466;345;13546;13687;6.58;0.40;299.09;12.24;1080;86;4681.00;141
12470;85;626886757;12470;334;13554;13687;6.66;0.41;299.07;12.23;1084;86;4682.00;133
12472;85;626886772;12472;318;13555;13687;6.76;0.42;299.08;12.23;1083;86;4683.00;132
12474;85;626886785;12474;307;13560;13687;6.82;0.42;299.10;12.23;1086;86;4684.00;127
12477;85;626886798;12477;301;13564;13687;6.90;0.42;299.20;12.23;1087;86;4685.00;123
12480;85;626886813;12480;294;13571;13687;6.98;0.43;299.20;12.28;1091;86;4686.00;116
12483;85;626886827;12483;288;13572;13687;6.99;0.43;299.21;12.28;1089;86;4687.00;115
12485;85;626886841;12485;288;13577;13688;7.00;0.43;299.24;12.28;1092;86;4688.00;111
12488;85;626886854;12488;288;13579;13689;6.99;0.43;299.29;12.27;1091;86;4689.00;110
12489;85;626886868;12489;279;13581;13689;6.88;0.42;299.32;12.33;1092;86;4690.00;108
12492;85;626886881;12492;280;13584;13693;6.80;0.42;299.35;12.32;1092;86;4691.00;109
12494;85;626886895;12494;285;13585;13693;6.70;0.41;299.35;12.32;1091;86;4692.00;108
12496;85;626886909;12496;282;13586;13693;6.61;0.40;299.37;12.32;1090;86;4693.00;107
12501;85;626886922;12501;283;13588;13693;6.50;0.40;299.38;12.38;1087;86;4694.00;105
12505;85;626886936;12505;288;13591;13699;6.49;0.40;299.40;12.39;1086;86;4695.00;108
12509;85;626886951;12509;290;13593;13699;6.44;0.39;299.51;12.44;1084;86;4696.00;106
12512;85;626886966;12512;292;13595;13699;6.41;0.39;299.57;12.44;1083;86;4697.00;104
12514;85;626886980;12514;290;13596;13702;6.48;0.40;299.56;12.44;1082;86;4698.00;106
12520;85;626886995;12520;281;13597;13702;6.49;0.40;299.56;12.44;1077;86;4699.00;105
12524;85;626887012;12524;279;13599;13702;6.51;0.40;299.58;12.49;1075;86;4700.00;103
12528;85;626887031;12528;274;13599;13703;6.51;0.40;299.59;12.49;1071;86;4701.00;104
12530;85;626887045;12530;266;13602;13704;6.53;0.40;299.64;12.54;1072;86;4702.00;102
12533;85;626887060;12533;267;13602;13704;6.55;0.40;299.64;12.54;1069;86;4703.00;102
12535;85;626887073;12535;263;13611;13717;6.58;0.40;299.62;12.53;1076;86;4704.00;106
12538;85;626887089;12538;257;13612;13717;6.64;0.40;299.64;12.58;1074;86;4705.00;105
12542;85;626887103;12542;256;13612;13717;6.66;0.41;299.65;12.58;1070;86;4706.00;105
12543;85;626887122;12543;255;13613;13718;6.76;0.41;299.67;12.58;1070;86;4707.00;105
12545;85;626887146;12545;255;13615;13718;6.83;0.42;299.74;12.63;1070;86;4708.00;103
12552;85;626887169;12552;259;13618;13722;6.89;0.42;299.73;12.62;1066;86;4709.00;104
12554;85;626887196;12554;252;13621;13722;6.95;0.42;299.87;12.63;1067;86;4710.00;101
12558;85;626887220;12558;251;13624;13726;6.98;0.42;299.89;12.63;1066;86;4711.00;102
12561;85;626887240;12561;252;13624;13726;7.06;0.43;299.99;12.63;1063;86;4712.00;102
12562;85;626887260;12562;255;13625;13726;7.11;0.43;299.97;12.63;1063;86;4713.00;101
12564;85;626887279;12564;254;13625;13726;7.09;0.43;300.01;12.63;1061;86;4714.00;101
12567;85;626887296;12567;250;13625;13726;7.08;0.43;300.07;12.63;1058;86;4715.00;101
12568;85;626887314;12568;259;13635;13738;7.10;0.43;300.07;12.62;1067;86;4716.00;103
12570;85;626887332;12570;259;13636;13738;7.10;0.43;300.10;12.63;1066;86;4717.00;102
12573;85;626887351;12573;263;13639;13738;7.11;0.43;300.14;12.63;1066;86;4718.00;99
12576;85;626887368;12576;270;13639;13738;7.16;0.43;300.22;12.63;1063;86;4719.00;99
12578;85;626887385;12578;274;13641;13738;7.17;0.44;300.22;12.64;1063;86;4720.00;97
12579;85;626887404;12579;280;13642;13738;7.21;0.44;300.26;12.65;1063;86;4721.00;96
12582;85;626887422;12582;283;13643;13739;7.19;0.44;300.29;12.65;1061;86;4722.00;96
12588;85;626887439;12588;285;13645;13739;7.15;0.44;300.31;12.67;1057;86;4723.00;94
12590;85;626887459;12590;287;13649;13745;7.25;0.44;300.33;12.67;1059;86;4724.00;96
12591;85;626887487;12591;284;13653;13747;7.31;0.45;300.35;12.67;1062;86;4725.00;94
12591;85;626887510;12591;285;13654;13747;7.28;0.44;300.35;12.69;1063;86;4726.00;93
12596;85;626887534;12596;287;13654;13747;7.24;0.44;300.34;12.69;1058;86;4727.00;93
12600;85;626887559;12600;295;13658;13751;7.23;0.44;300.34;12.69;1058;86;4728.00;93
12604;85;626887580;12604;294;13658;13751;7.18;0.44;300.37;12.69;1054;86;4729.00;93
12607;85;626887601;12607;296;13661;13751;7.21;0.44;300.38;12.72;1054;86;4730.00;90
12608;85;626887621;12608;302;13662;13752;7.15;0.44;300.39;12.72;1054;86;4731.00;90
12610;85;626887636;12610;302;13666;13756;7.14;0.43;300.46;12.73;1056;86;4732.00;90
12611;85;626887653;12611;303;13667;13756;7.15;0.44;300.51;12.73;1056;86;4733.00;89
12613;85;626887669;12613;305;13670;13759;7.17;0.44;300.60;12.74;1057;86;4734.00;89
12616;85;626887685;12616;308;13671;13759;7.13;0.44;300.60;12.74;1055;86;4735.00;88
12619;85;626887700;12619;309;13671;13759;7.10;0.43;300.64;12.74;1052;86;4736.00;88
12623;85;626887716;12623;311;13674;13759;7.05;0.43;300.65;12.78;1051;86;4737.00;85
12626;85;626887732;12626;313;13677;13763;6.97;0.43;300.64;12.78;1051;86;4738.00;86
12627;85;626887746;12627;317;13679;13763;6.89;0.42;300.64;12.79;1052;86;4739.00;84
12629;85;626887764;12629;309;13680;13763;6.83;0.42;300.66;12.79;1051;86;4740.00;83
12630;85;626887780;12630;311;13682;13763;6.76;0.41;300.65;12.81;1052;86;4741.00;81
12632;85;626887794;12632;309;13682;13764;6.68;0.41;300.62;12.81;1050;86;4742.00;82
12639;85;626887813;12639;312;13685;13765;6.55;0.40;300.62;12.82;1046;86;4743.00;80
12640;85;626887841;12640;310;13685;13765;6.51;0.40;300.62;12.82;1045;86;4744.00;80
12642;85;626887855;12642;316;13687;13766;6.52;0.40;300.61;12.83;1045;86;4745.00;79
12644;85;626887868;12644;319;13688;13766;6.50;0.40;300.58;12.84;1044;86;4746.00;78
12644;85;626887882;12644;322;13688;13766;6.50;0.40;300.58;12.84;1044;86;4747.00;78
12646;85;626887895;12646;328;13689;13766;6.49;0.40;300.55;12.85;1043;86;4748.00;77
12649;85;626887908;12649;330;13691;13766;6.53;0.40;300.50;12.87;1042;86;4749.00;75
12650;85;626887921;12650;331;13691;13766;6.55;0.40;300.49;12.87;1041;86;4750.00;75
12652;85;626887933;12652;342;13692;13766;6.48;0.40;300.49;12.88;1040;86;4751.00;74
12655;85;626887946;12655;362;13756;13893;6.63;0.41;300.50;12.83;1101;86;4752.00;137
12657;85;626887979;12657;361;13760;13894;6.53;0.40;300.52;12.83;1103;86;4753.00;134
12660;85;626887994;12660;363;13771;13894;6.51;0.40;300.49;12.84;1111;86;4754.00;123
12662;85;626888011;12662;360;13774;13894;6.44;0.40;300.52;12.84;1112;86;4755.00;120
12668;85;626888027;12668;363;13781;13894;6.41;0.40;300.65;12.85;1113;86;4756.00;113
12670;85;626888042;12670;362;13786;13894;6.31;0.39;300.64;12.85;1116;86;4757.00;108
12672;85;626888056;12672;366;13792;13894;6.23;0.38;300.65;12.85;1120;86;4758.00;102
12676;85;626888070;12676;375;13797;13894;6.13;0.38;300.59;12.85;1121;86;4759.00;97
12681;86;626888093;12681;367;13804;13895;6.09;0.38;300.53;12.87;1123;87;4760.00;91
12686;86;626888131;12686;372;13809;13896;6.00;0.37;300.50;12.87;1123;87;4761.00;87
12687;86;626888145;12687;371;13810;13896;5.96;0.37;300.49;12.87;1123;87;4762.00;86
12690;86;626888163;12690;379;13811;13897;5.90;0.36;300.49;12.87;1121;87;4763.00;86
12696;86;626888176;12696;386;13815;13897;5.84;0.36;300.46;12.89;1119;87;4764.00;82
12698;86;626888190;12698;396;13816;13897;5.82;0.36;300.46;12.89;1118;87;4765.00;81
12700;86;626888202;12700;405;13818;13897;5.81;0.36;300.43;12.89;1118;87;4766.00;79
12701;86;626888218;12701;403;13823;13901;5.80;0.36;300.44;12.90;1122;87;4767.00;78
12703;86;626888232;12703;409;13824;13901;5.79;0.36;300.47;12.90;1121;87;4768.00;77
12706;86;626888245;12706;417;13826;13901;5.79;0.36;300.44;12.90;1120;87;4769.00;75
12708;86;626888260;12708;423;13829;13907;5.83;0.36;300.43;12.90;1121;87;4770.00;78
12712;86;626888275;12712;428;13830;13907;5.82;0.36;300.43;12.90;1118;87;4771.00;77
12716;86;626888289;12716;427;13831;13907;5.83;0.36;300.40;12.90;1115;87;4772.00;76
12718;86;626888302;12718;428;13833;13911;5.84;0.36;300.37;12.89;1115;87;4773.00;78
12721;86;626888316;12721;439;13836;13912;5.86;0.36;300.36;12.89;1115;87;4774.00;76
12723;86;626888330;12723;441;13836;13912;5.84;0.36;300.33;12.89;1113;87;4775.00;76
12729;86;626888343;12729;446;13840;13916;5.79;0.36;300.29;12.89;1111;87;4776.00;76
12730;86;626888358;12730;452;13840;13916;5.77;0.35;300.30;12.89;1110;87;4777.00;76
12737;86;626888372;12737;451;13841;13916;5.72;0.35;300.37;12.89;1104;87;4778.00;75
12739;86;626888389;12739;441;13842;13917;5.74;0.35;300.37;12.89;1103;87;4779.00;75
12743;86;626888405;12743;431;13843;13917;5.75;0.35;300.36;12.89;1100;87;4780.00;74
12749;86;626888422;12749;417;13846;13923;5.73;0.35;300.26;12.88;1097;87;4781.00;77
12752;86;626888439;12752;414;13847;13923;5.77;0.35;300.28;12.88;1095;87;4782.00;76
12755;86;626888459;12755;412;13847;13924;5.83;0.36;300.25;12.88;1092;87;4783.00;77
12759;86;626888476;12759;406;13848;13924;5.91;0.36;300.24;12.88;1089;87;4784.00;76
12765;86;626888493;12765;403;13848;13924;5.93;0.36;300.24;12.88;1083;87;4785.00;76
12768;86;626888520;12768;397;13848;13924;5.99;0.37;300.24;12.88;1080;87;4786.00;76
12771;86;626888535;12771;388;13849;13924;6.03;0.37;300.23;12.93;1078;87;4787.00;75
12775;86;626888549;12775;390;13858;13936;6.14;0.37;300.23;12.93;1083;87;4788.00;78
12776;86;626888565;12776;386;13858;13936;6.13;0.37;300.21;12.93;1082;87;4789.00;78
12781;86;626888579;12781;382;13860;13936;6.11;0.37;300.19;12.92;1079;87;4790.00;76
12783;86;626888594;12783;381;13860;13936;6.18;0.38;300.19;12.92;1077;87;4791.00;76
12787;86;626888608;12787;387;13860;13936;6.22;0.38;300.15;12.92;1073;87;4792.00;76
12792;86;626888622;12792;389;13860;13936;6.29;0.38;300.18;12.92;1068;87;4793.00;76
12793;86;626888637;12793;392;13863;13940;6.38;0.39;300.18;12.92;1070;87;4794.00;77
12797;86;626888654;12797;395;13863;13940;6.39;0.39;300.24;12.92;1066;87;4795.00;77
12798;86;626888672;12798;393;13866;13944;6.40;0.39;300.25;12.92;1068;87;4796.00;78
12800;86;626888689;12800;396;13867;13945;6.41;0.39;300.26;12.92;1067;87;4797.00;78
12805;86;626888708;12805;397;13868;13945;6.37;0.39;300.28;12.92;1063;87;4798.00;77
12806;86;626888726;12806;404;13868;13945;6.28;0.38;300.30;12.92;1062;87;4799.00;77
12812;86;626888746;12812;417;13890;13986;6.25;0.38;300.25;12.90;1078;87;4800.00;96
12813;86;626888774;12813;424;13892;13986;6.17;0.38;300.25;12.89;1079;87;4801.00;94
12819;86;626888791;12819;419;13893;13986;6.09;0.37;300.36;12.89;1074;87;4802.00;93
12819;86;626888810;12819;428;13896;13987;6.12;0.37;300.36;12.94;1077;87;4803.00;91
12823;86;626888834;12823;434;13896;13988;6.06;0.37;300.44;12.94;1073;87;4804.00;92
12825;86;626888853;12825;444;13897;13988;5.99;0.37;300.42;12.94;1072;87;4805.00;91
12830;86;626888869;12830;452;13901;13991;5.94;0.36;300.45;12.94;1071;87;4806.00;90
12836;86;626888885;12836;440;13902;13991;5.88;0.36;300.49;12.94;1066;87;4807.00;89
12839;86;626888902;12839;434;13903;13991;5.86;0.36;300.53;12.94;1064;87;4808.00;88
12842;86;626888921;12842;435;13904;13991;5.83;0.36;300.52;12.94;1062;87;4809.00;87
12846;86;626888939;12846;440;13908;13997;5.82;0.36;300.63;12.93;1062;87;4810.00;89
12847;86;626888955;12847;445;13910;13997;5.86;0.36;300.68;12.93;1063;87;4811.00;87
12850;86;626888971;12850;441;13910;13997;5.88;0.36;300.68;12.93;1060;87;4812.00;87
12855;86;626888986;12855;442;13910;13997;5.92;0.36;300.69;12.93;1055;87;4813.00;87
12857;86;626889000;12857;449;13913;14001;6.02;0.37;300.65;12.93;1056;87;4814.00;88
12860;86;626889014;12860;448;13915;14003;6.01;0.37;300.70;12.93;1055;87;4815.00;88
12865;86;626889032;12865;439;13916;14003;6.03;0.37;300.69;12.93;1051;87;4816.00;87
12870;86;626889045;12870;425;13917;14004;6.08;0.37;300.77;12.93;1047;87;4817.00;87
12876;86;626889060;12876;413;13917;14004;6.11;0.37;300.77;12.93;1041;87;4818.00;87
12878;86;626889091;12878;411;13917;14004;6.16;0.38;300.77;12.93;1039;87;4819.00;87
12881;86;626889112;12881;404;13918;14004;6.24;0.38;300.77;12.98;1037;87;4820.00;86
12886;86;626889135;12886;403;13918;14004;6.26;0.38;300.78;12.98;1032;87;4821.00;86
12889;86;626889161;12889;405;13919;14004;6.26;0.38;300.85;12.98;1030;87;4822.00;85
12889;86;626889190;12889;401;13919;14004;6.26;0.38;300.85;12.98;1030;87;4823.00;85
12891;86;626889209;12891;417;13963;14074;6.26;0.38;300.88;12.98;1072;87;4824.00;111
12893;86;626889236;12893;416;13963;14075;6.23;0.38;300.91;12.98;1070;87;4825.00;112
12894;86;626889253;12894;401;13967;14075;6.30;0.39;300.94;12.98;1073;87;4826.00;108
12896;86;626889267;12896;405;13968;14075;6.39;0.39;301.00;12.98;1072;87;4827.00;107
12900;86;626889282;12900;403;13972;14077;6.43;0.39;301.04;12.98;1072;87;4828.00;105
12902;86;626889296;12902;397;13974;14077;6.48;0.40;301.11;12.98;1072;87;4829.00;103
12906;86;626889312;12906;396;13978;14077;6.50;0.40;301.19;12.98;1072;87;4830.00;99
12909;86;626889327;12909;395;13979;14077;6.47;0.40;301.24;12.98;1070;87;4831.00;98
12914;86;626889341;12914;395;13981;14078;6.45;0.39;301.31;12.97;1067;87;4832.00;97
12916;86;626889356;12916;391;13983;14079;6.38;0.39;301.36;12.97;1067;87;4833.00;96
12918;86;626889370;12918;393;13987;14079;6.41;0.39;301.36;12.97;1069;87;4834.00;92
12919;86;626889384;12919;399;13992;14083;6.42;0.39;301.35;12.97;1073;87;4835.00;91
12920;86;626889397;12920;403;13993;14083;6.41;0.39;301.34;12.97;1073;87;4836.00;90
12923;86;626889411;12923;398;13994;14083;6.39;0.39;301.37;12.97;1071;87;4837.00;89
12926;86;626889424;12926;396;13994;14083;6.39;0.39;301.39;12.97;1068;87;4838.00;89
12928;86;626889437;12928;394;14000;14089;6.41;0.39;301.40;12.97;1072;87;4839.00;89
12933;86;626889450;12933;390;14000;14089;6.41;0.39;301.44;12.97;1067;87;4840.00;89
12936;86;626889463;12936;392;14000;14089;6.42;0.39;301.43;12.97;1064;87;4841.00;89
12939;86;626889477;12939;402;14003;14092;6.42;0.39;301.40;12.96;1064;87;4842.00;89
12943;86;626889490;12943;402;14003;14092;6.41;0.39;301.41;12.96;1060;87;4843.00;89
12946;86;626889503;12946;398;14003;14092;6.37;0.39;301.42;12.96;1057;87;4844.00;89
12947;86;626889518;12947;397;14003;14093;6.35;0.39;301.41;12.96;1056;87;4845.00;90
12949;86;626889532;12949;397;14004;14094;6.36;0.39;301.47;12.96;1055;87;4846.00;90
12950;86;626889544;12950;393;14004;14094;6.36;0.39;301.49;12.96;1054;87;4847.00;90
12952;86;626889557;12952;389;14014;14107;6.38;0.39;301.48;12.95;1062;87;4848.00;93
12954;86;626889570;12954;391;14015;14107;6.39;0.39;301.45;12.95;1061;87;4849.00;92
12956;86;626889582;12956;390;14015;14107;6.39;0.39;301.46;12.95;1059;87;4850.00;92
12958;86;626889596;12958;384;14016;14108;6.37;0.39;301.45;12.95;1058;87;4851.00;92
12962;86;626889610;12962;384;14016;14108;6.41;0.39;301.55;12.95;1054;87;4852.00;92
12965;86;626889623;12965;380;14019;14112;6.41;0.39;301.56;12.95;1054;87;4853.00;93
12967;86;626889636;12967;377;14019;14112;6.42;0.39;301.55;12.95;1052;87;4854.00;93
12971;86;626889649;12971;378;14023;14116;6.41;0.39;301.54;12.95;1052;87;4855.00;93
12974;86;626889662;12974;368;14023;14116;6.37;0.39;301.56;12.95;1049;87;4856.00;93
12977;86;626889683;12977;364;14023;14116;6.38;0.39;301.57;12.95;1046;87;4857.00;93
12980;86;626889695;12980;363;14023;14116;6.38;0.39;301.58;12.95;1043;87;4858.00;93
12983;86;626889708;12983;353;14023;14116;6.36;0.38;301.61;12.95;1040;87;4859.00;93
12983;86;626889727;12983;354;14042;14150;6.46;0.39;301.61;12.93;1059;87;4860.00;108
12988;86;626889744;12988;353;14042;14150;6.40;0.39;301.67;12.93;1054;87;4861.00;108
12990;86;626889758;12990;344;14045;14150;6.44;0.39;301.69;12.98;1055;87;4862.00;105
12995;86;626889772;12995;334;14045;14150;6.44;0.39;301.73;12.98;1050;87;4863.00;105
12999;86;626889786;12999;330;14046;14150;6.45;0.39;301.77;12.97;1047;87;4864.00;104
13002;86;626889800;13002;329;14048;14150;6.50;0.40;301.77;13.00;1046;87;4865.00;102
13004;86;626889815;13004;327;14049;14151;6.64;0.40;301.79;13.00;1045;87;4866.00;102
13005;86;626889830;13005;318;14049;14151;6.68;0.41;301.78;13.00;1044;87;4867.00;102
13008;86;626889843;13008;304;14053;14157;6.75;0.41;301.78;13.00;1045;87;4868.00;104
13010;86;626889864;13010;297;14054;14158;6.73;0.41;301.79;12.99;1044;87;4869.00;104
13012;86;626889878;13012;292;14055;14158;6.70;0.41;301.80;12.99;1043;87;4870.00;103
13014;86;626889892;13014;290;14056;14158;6.68;0.41;301.82;12.99;1042;87;4871.00;102
13019;86;626889905;13019;283;14059;14162;6.65;0.40;301.84;12.99;1040;87;4872.00;103
13020;86;626889919;13020;285;14060;14162;6.66;0.41;301.89;12.99;1040;87;4873.00;102
13025;86;626889932;13025;280;14060;14162;6.64;0.40;302.03;12.99;1035;87;4874.00;102
13029;86;626889945;13029;278;14062;14163;6.58;0.40;302.07;13.04;1033;87;4875.00;101
13030;86;626889960;13030;282;14066;14167;6.61;0.40;302.09;13.04;1036;87;4876.00;101
13033;86;626889973;13033;273;14066;14167;6.58;0.40;302.10;13.04;1033;87;4877.00;101
13036;86;626889986;13036;266;14069;14170;6.62;0.40;302.11;13.08;1033;87;4878.00;101
13038;86;626890000;13038;275;14070;14170;6.63;0.40;302.09;13.08;1032;87;4879.00;100
13043;86;626890014;13043;281;14071;14170;6.52;0.40;302.12;13.08;1028;87;4880.00;99
13044;86;626890027;13044;284;14071;14170;6.46;0.39;302.11;13.08;1027;87;4881.00;99
13046;86;626890041;13046;290;14075;14174;6.46;0.39;302.15;13.08;1029;87;4882.00;99
13049;86;626890054;13049;283;14075;14174;6.42;0.39;302.21;13.08;1026;87;4883.00;99
13051;86;626890069;13051;283;14077;14174;6.46;0.39;302.28;13.08;1026;87;4884.00;97
13051;86;626890082;13051;285;14077;14174;6.47;0.39;302.28;13.08;1026;87;4885.00;97
13056;86;626890102;13056;283;14077;14175;6.42;0.39;302.35;13.08;1021;87;4886.00;98
13057;86;626890116;13057;286;14078;14176;6.47;0.39;302.36;13.07;1021;87;4887.00;98
13058;86;626890131;13058;290;14078;14176;6.47;0.39;302.39;13.07;1020;87;4888.00;98
13059;86;626890144;13059;292;14079;14177;6.50;0.39;302.37;13.07;1020;87;4889.00;98
13060;86;626890160;13060;297;14081;14177;6.45;0.39;302.36;13.10;1021;87;4890.00;96
13060;86;626890173;13060;291;14081;14177;6.38;0.39;302.36;13.10;1021;87;4891.00;96
13061;86;626890186;13061;296;14081;14177;6.33;0.38;302.38;13.10;1020;87;4892.00;96
13063;86;626890199;13063;300;14083;14177;6.28;0.38;302.42;13.13;1020;87;4893.00;94
13066;86;626890213;13066;298;14083;14177;6.20;0.38;302.45;13.13;1017;87;4894.00;94
13069;86;626890227;13069;302;14084;14177;6.17;0.38;302.50;13.14;1015;87;4895.00;93
13070;86;626890239;13070;315;14150;14304;6.50;0.40;302.48;13.09;1080;87;4896.00;154
13071;86;626890263;13071;311;14154;14305;6.52;0.40;302.47;13.09;1083;87;4897.00;151
13074;86;626890280;13074;306;14165;14305;6.64;0.41;302.44;13.10;1091;87;4898.00;140
13077;86;626890295;13077;311;14168;14305;6.65;0.41;302.51;13.10;1091;87;4899.00;137
13080;86;626890312;13080;310;14176;14305;6.65;0.41;302.51;13.12;1096;87;4900.00;129
13082;86;626890332;13082;316;14178;14305;6.63;0.41;302.57;13.12;1096;87;4901.00;127
13082;86;626890347;13082;318;14184;14305;6.63;0.41;302.57;13.13;1102;87;4902.00;121
13083;86;626890361;13083;327;14188;14305;6.63;0.41;302.55;13.14;1105;87;4903.00;117
13088;86;626890377;13088;328;14190;14306;6.57;0.40;302.46;13.15;1102;87;4904.00;116
13090;86;626890391;13090;334;14198;14308;6.57;0.40;302.42;13.16;1108;87;4905.00;110
13092;86;626890405;13092;342;14199;14308;6.51;0.40;302.39;13.16;1107;87;4906.00;109
13096;86;626890418;13096;344;14206;14309;6.44;0.40;302.36;13.18;1110;87;4907.00;103
13097;86;626890432;13097;347;14210;14309;6.41;0.39;302.35;13.18;1113;87;4908.00;99
13097;86;626890446;13097;339;14212;14309;6.39;0.39;302.35;13.18;1115;87;4909.00;97
13098;86;626890460;13098;343;14215;14309;6.31;0.39;302.39;13.20;1117;87;4910.00;94
13099;86;626890475;13099;347;14219;14313;6.26;0.38;302.38;13.22;1120;87;4911.00;94
13103;86;626890489;13103;354;14222;14313;6.23;0.38;302.40;13.22;1119;87;4912.00;91
13104;86;626890502;13104;357;14224;14313;6.17;0.38;302.38;13.24;1120;87;4913.00;89
13105;86;626890518;13105;355;14227;14316;6.16;0.38;302.40;13.24;1122;87;4914.00;89
13108;86;626890533;13108;365;14227;14316;6.12;0.37;302.41;13.24;1119;87;4915.00;89
13108;86;626890547;13108;371;14230;14316;6.05;0.37;302.41;13.25;1122;87;4916.00;86
13109;86;626890561;13109;378;14233;14320;6.05;0.37;302.39;13.25;1124;87;4917.00;87
13110;86;626890577;13110;383;14237;14321;6.02;0.37;302.39;13.27;1127;87;4918.00;84
13112;86;626890590;13112;392;14239;14321;5.99;0.37;302.40;13.27;1127;87;4919.00;82
13115;86;626890605;13115;397;14244;14326;5.97;0.36;302.37;13.28;1129;87;4920.00;82
13116;86;626890619;13116;402;14244;14326;5.89;0.36;302.37;13.28;1128;87;4921.00;82
13122;86;626890632;13122;408;14244;14326;5.75;0.35;302.42;13.28;1122;87;4922.00;82
13123;86;626890648;13123;414;14245;14327;5.66;0.35;302.41;13.28;1122;87;4923.00;82
13125;86;626890662;13125;420;14249;14327;5.57;0.34;302.39;13.30;1124;87;4924.00;78
13132;86;626890674;13132;426;14253;14333;5.46;0.33;302.35;13.30;1121;87;4925.00;80
13135;86;626890690;13135;427;14256;14333;5.27;0.32;302.33;13.32;1121;87;4926.00;77
13136;86;626890705;13136;437;14257;14334;5.09;0.31;302.33;13.32;1121;87;4927.00;77
13138;86;626890717;13138;442;14257;14334;4.92;0.30;302.32;13.32;1119;87;4928.00;77
13141;86;626890729;13141;455;14259;14334;4.77;0.29;302.32;13.33;1118;87;4929.00;75
13145;86;626890741;13145;447;14259;14334;4.66;0.28;302.32;13.33;1114;87;4930.00;75
13146;86;626890753;13146;437;14260;14334;4.66;0.29;302.34;13.34;1114;87;4931.00;74
13147;86;626890764;13147;424;14270;14346;4.69;0.29;302.34;13.33;1123;87;4932.00;76
13149;86;626890777;13149;425;14270;14346;4.70;0.29;302.37;13.33;1121;87;4933.00;76
13150;86;626890790;13150;416;14272;14346;4.77;0.29;302.37;13.33;1122;87;4934.00;74
13152;86;626890801;13152;414;14274;14346;4.79;0.29;302.38;13.34;1122;87;4935.00;72
13154;86;626890814;13154;410;14274;14346;4.80;0.29;302.38;13.34;1120;87;4936.00;72
13157;86;626890827;13157;400;14274;14346;4.87;0.30;302.35;13.34;1117;87;4937.00;72
13159;86;626890840;13159;402;14277;14350;4.99;0.31;302.37;13.34;1118;87;4938.00;73
13162;86;626890854;13162;399;14277;14350;5.09;0.31;302.32;13.34;1115;87;4939.00;73
13163;86;626890868;13163;398;14280;14354;5.21;0.32;302.33;13.33;1117;87;4940.00;74
13165;86;626890888;13165;385;14281;14355;5.29;0.32;302.30;13.33;1116;87;4941.00;74
13166;86;626890901;13166;388;14282;14355;5.36;0.33;302.29;13.33;1116;87;4942.00;73
13169;86;626890913;13169;390;14282;14355;5.39;0.33;302.28;13.33;1113;87;4943.00;73
13170;86;626890926;13170;384;14293;14368;5.54;0.34;302.29;13.32;1123;87;4944.00;75
13176;86;626890942;13176;379;14293;14368;5.60;0.34;302.23;13.32;1117;87;4945.00;75
13179;86;626890955;13179;384;14293;14368;5.62;0.34;302.21;13.32;1114;87;4946.00;75
13181;86;626890970;13181;389;14294;14369;5.70;0.35;302.18;13.32;1113;87;4947.00;75
13184;86;626890982;13184;392;14294;14370;5.71;0.35;302.15;13.32;1110;87;4948.00;76
13185;86;626890996;13185;383;14294;14370;5.75;0.35;302.16;13.32;1109;87;4949.00;76
13188;86;626891010;13188;390;14298;14379;5.80;0.35;302.19;13.32;1110;87;4950.00;81
13192;86;626891025;13192;389;14298;14379;5.81;0.35;302.18;13.32;1106;87;4951.00;81
13194;86;626891040;13194;394;14300;14379;5.88;0.36;302.18;13.32;1106;87;4952.00;79
13197;86;626891053;13197;383;14301;14379;5.95;0.36;302.15;13.36;1104;87;4953.00;78
13202;86;626891067;13202;389;14305;14385;6.01;0.37;302.21;13.36;1103;87;4954.00;80
13206;86;626891082;13206;383;14305;14385;6.03;0.37;302.17;13.36;1099;87;4955.00;80
13209;86;626891096;13209;384;14306;14385;6.05;0.37;302.16;13.36;1097;87;4956.00;79
13214;86;626891110;13214;388;14306;14385;6.07;0.37;302.19;13.36;1092;87;4957.00;79
13217;86;626891126;13217;394;14310;14389;6.12;0.37;302.25;13.35;1093;87;4958.00;79
13218;86;626891148;13218;389;14312;14390;6.18;0.38;302.24;13.35;1094;87;4959.00;78
13223;86;626891167;13223;389;14313;14390;6.20;0.38;302.31;13.35;1090;87;4960.00;77
13229;86;626891188;13229;383;14314;14391;6.19;0.38;302.38;13.35;1085;87;4961.00;77
13235;86;626891219;13235;389;14314;14391;6.21;0.38;302.34;13.35;1079;87;4962.00;77
13240;86;626891238;13240;390;14314;14391;6.21;0.38;302.40;13.35;1074;87;4963.00;77
13248;86;626891254;13248;389;14314;14391;6.25;0.38;302.39;13.35;1066;87;4964.00;77
13250;86;626891269;13250;389;14314;14391;6.30;0.38;302.41;13.35;1064;87;4965.00;77
13252;86;626891283;13252;383;14314;14391;6.32;0.38;302.47;13.35;1062;87;4966.00;77
13255;86;626891298;13255;383;14314;14391;6.32;0.38;302.51;13.35;1059;87;4967.00;77
13257;86;626891324;13257;403;14357;14461;6.41;0.39;302.51;13.31;1100;87;4968.00;104
13261;86;626891349;13261;396;14357;14462;6.38;0.39;302.50;13.31;1096;87;4969.00;105
13264;86;626891368;13264;394;14364;14462;6.42;0.39;302.52;13.35;1100;87;4970.00;98
13267;86;626891386;13267;397;14365;14462;6.39;0.39;302.57;13.35;1098;87;4971.00;97
13268;86;626891407;13268;402;14369;14462;6.41;0.39;302.56;13.35;1101;87;4972.00;93
13270;86;626891423;13270;410;14371;14462;6.37;0.39;302.57;13.35;1101;87;4973.00;91
13271;86;626891438;13271;413;14373;14462;6.34;0.39;302.60;13.34;1102;87;4974.00;89
13274;86;626891452;13274;417;14376;14462;6.26;0.38;302.67;13.34;1102;87;4975.00;86
13277;86;626891468;13277;420;14377;14463;6.16;0.38;302.67;13.34;1100;87;4976.00;86
13281;86;626891484;13281;410;14381;14464;6.11;0.37;302.67;13.34;1100;87;4977.00;83
13285;86;626891498;13285;410;14383;14464;6.05;0.37;302.69;13.34;1098;87;4978.00;81
13287;86;626891513;13287;407;14386;14468;6.03;0.37;302.69;13.34;1099;87;4979.00;82
13290;86;626891529;13290;407;14386;14468;6.01;0.37;302.70;13.34;1096;87;4980.00;82
13291;86;626891544;13291;400;14386;14468;6.09;0.37;302.69;13.34;1095;87;4981.00;82
13293;86;626891558;13293;403;14386;14468;6.18;0.38;302.68;13.34;1093;87;4982.00;82
13295;86;626891580;13295;393;14390;14474;6.23;0.38;302.72;13.33;1095;87;4983.00;84
13298;86;626891596;13298;395;14390;14474;6.22;0.38;302.86;13.33;1092;87;4984.00;84
13300;86;626891611;13300;395;14391;14474;6.21;0.38;302.91;13.33;1091;87;4985.00;83
13304;86;626891625;13304;378;14393;14477;6.26;0.38;303.04;13.33;1089;87;4986.00;84
13308;86;626891643;13308;369;14393;14477;6.27;0.38;303.06;13.33;1085;87;4987.00;84
13310;86;626891658;13310;355;14395;14477;6.32;0.39;303.12;13.38;1085;87;4988.00;82
13315;86;626891672;13315;344;14395;14478;6.30;0.38;303.21;13.38;1080;87;4989.00;83
13323;86;626891687;13323;339;14396;14479;6.31;0.38;303.31;13.37;1073;87;4990.00;83
13326;86;626891702;13326;337;14396;14479;6.32;0.38;303.28;13.37;1070;87;4991.00;83
13332;86;626891717;13332;337;14407;14492;6.37;0.39;303.33;13.36;1075;87;4992.00;85
13336;86;626891732;13336;330;14407;14492;6.29;0.38;303.41;13.36;1071;87;4993.00;85
13338;86;626891746;13338;334;14407;14492;6.23;0.38;303.42;13.36;1069;87;4994.00;85
13339;86;626891760;13339;334;14409;14494;6.22;0.38;303.41;13.36;1070;87;4995.00;85
13343;86;626891774;13343;334;14409;14494;6.19;0.37;303.44;13.36;1066;87;4996.00;85
13345;86;626891789;13345;335;14412;14498;6.17;0.37;303.49;13.36;1067;87;4997.00;86
13347;86;626891803;13347;328;14412;14498;6.12;0.37;303.53;13.36;1065;87;4998.00;86
13351;86;626891819;13351;324;14416;14502;6.02;0.36;303.63;13.36;1065;87;4999.00;86
13351;86;626891833;13351;317;14416;14502;6.00;0.36;303.63;13.36;1065;87;5000.00;86
13355;86;626891851;13355;315;14416;14502;5.97;0.36;303.61;13.36;1061;87;5001.00;86
13355;86;626891865;13355;325;14416;14502;5.98;0.36;303.61;13.36;1061;87;5002.00;86
13357;86;626891879;13357;324;14416;14502;6.02;0.37;303.60;13.36;1059;87;5003.00;86
13357;86;626891892;13357;323;14426;14514;6.08;0.37;303.60;13.35;1069;87;5004.00;88
13357;86;626891907;13357;320;14426;14514;6.10;0.37;303.60;13.35;1069;87;5005.00;88
13358;86;626891920;13358;322;14427;14514;6.18;0.38;303.66;13.35;1069;87;5006.00;87
13360;86;626891934;13360;323;14427;14514;6.25;0.38;303.70;13.35;1067;87;5007.00;87
13361;86;626891948;13361;327;14427;14514;6.32;0.38;303.69;13.35;1066;87;5008.00;87
13363;86;626891962;13363;315;14427;14514;6.35;0.39;303.73;13.35;1064;87;5009.00;87
13365;86;626891978;13365;311;14427;14515;6.38;0.39;303.70;13.35;1062;87;5010.00;88
13367;86;626891991;13367;309;14427;14515;6.35;0.39;303.68;13.35;1060;87;5011.00;88
13371;86;626892005;13371;310;14431;14521;6.34;0.38;303.73;13.34;1060;87;5012.00;90
13373;86;626892020;13373;312;14432;14522;6.34;0.38;303.73;13.34;1059;87;5013.00;90
13374;86;626892034;13374;313;14433;14522;6.33;0.38;303.73;13.34;1059;87;5014.00;89
13375;86;626892048;13375;316;14433;14522;6.31;0.38;303.76;13.34;1058;87;5015.00;89
13377;86;626892061;13377;310;14436;14526;6.32;0.38;303.75;13.34;1059;87;5016.00;90
13378;86;626892074;13378;314;14436;14526;6.28;0.38;303.77;13.34;1058;87;5017.00;90
13379;86;626892086;13379;318;14436;14526;6.27;0.38;303.82;13.34;1057;87;5018.00;90
13382;86;626892099;13382;313;14437;14527;6.24;0.38;303.82;13.34;1055;87;5019.00;90
13382;86;626892119;13382;302;14441;14531;6.23;0.38;303.82;13.38;1059;87;5020.00;90
13383;86;626892134;13383;292;14441;14531;6.21;0.38;303.85;13.38;1058;87;5021.00;90
13384;86;626892147;13384;286;14443;14534;6.21;0.38;303.88;13.38;1059;87;5022.00;91
13387;86;626892160;13387;285;14443;14534;6.15;0.38;303.87;13.38;1056;87;5023.00;91
13388;86;626892173;13388;275;14444;14534;6.14;0.38;303.87;13.38;1056;87;5024.00;90
13391;86;626892185;13391;268;14444;14534;6.09;0.37;303.86;13.38;1053;87;5025.00;90
13393;86;626892198;13393;264;14447;14538;6.09;0.37;303.91;13.38;1054;87;5026.00;91
13398;86;626892211;13398;263;14447;14538;6.08;0.37;303.89;13.38;1049;87;5027.00;91
13400;86;626892224;13400;247;14448;14538;6.11;0.37;303.96;13.38;1048;87;5028.00;90
13405;86;626892237;13405;233;14448;14538;6.06;0.37;303.97;13.38;1043;87;5029.00;90
13409;86;626892251;13409;233;14448;14539;6.00;0.37;304.02;13.38;1039;87;5030.00;91
13411;86;626892263;13411;231;14449;14540;5.97;0.36;304.08;13.38;1038;87;5031.00;91
13414;86;626892276;13414;225;14449;14540;5.88;0.36;304.08;13.38;1035;87;5032.00;91
13417;86;626892289;13417;227;14450;14541;5.83;0.36;304.19;13.38;1033;87;5033.00;91
13420;86;626892301;13420;221;14450;14541;5.72;0.35;304.17;13.38;1030;87;5034.00;91
13423;86;626892313;13423;216;14451;14541;5.64;0.34;304.28;13.39;1028;87;5035.00;90
13429;86;626892327;13429;223;14451;14541;5.63;0.34;304.34;13.39;1022;87;5036.00;90
13432;86;626892339;13432;219;14451;14541;5.65;0.34;304.33;13.39;1019;87;5037.00;90
13436;86;626892352;13436;214;14451;14541;5.68;0.34;304.37;13.39;1015;87;5038.00;90
13439;86;626892373;13439;214;14452;14541;5.72;0.35;304.43;13.44;1013;87;5039.00;89
13443;86;626892387;13443;246;14553;14771;6.01;0.38;304.44;13.35;1110;87;5040.00;218
13446;86;626892418;13446;240;14556;14772;6.02;0.38;304.40;13.35;1110;87;5041.00;216
13447;87;626892431;13447;226;14564;14772;6.12;0.38;304.38;13.34;1117;88;5042.00;208
13449;87;626892451;13449;224;14568;14772;6.15;0.38;304.45;13.34;1119;88;5043.00;204
13453;87;626892471;13453;225;14575;14772;6.18;0.38;304.48;13.34;1122;88;5044.00;197
13453;87;626892485;13453;220;14582;14772;6.27;0.39;304.48;13.33;1129;88;5045.00;190
13456;87;626892498;13456;222;14590;14772;6.29;0.39;304.54;13.33;1134;88;5046.00;182
13457;87;626892512;13457;220;14595;14772;6.34;0.39;304.54;13.33;1138;88;5047.00;177
13462;87;626892526;13462;213;14602;14773;6.31;0.39;304.46;13.32;1140;88;5048.00;171
13465;87;626892541;13465;216;14605;14774;6.27;0.39;304.44;13.32;1140;88;5049.00;169
13468;87;626892554;13468;219;14610;14774;6.24;0.39;304.41;13.32;1142;88;5050.00;164
13469;87;626892569;13469;224;14613;14775;6.27;0.39;304.40;13.32;1144;88;5051.00;162
13470;87;626892582;13470;227;14617;14775;6.28;0.39;304.40;13.32;1147;88;5052.00;158
13471;87;626892597;13471;230;14618;14775;6.23;0.38;304.38;13.32;1147;88;5053.00;157
13471;87;626892611;13471;231;14620;14775;6.23;0.38;304.38;13.32;1149;88;5054.00;155
13473;87;626892625;13473;233;14626;14779;6.22;0.38;304.35;13.32;1153;88;5055.00;153
13473;87;626892640;13473;247;14628;14779;6.20;0.38;304.35;13.32;1155;88;5056.00;151
13476;87;626892655;13476;246;14631;14779;6.13;0.38;304.30;13.33;1155;88;5057.00;148
13479;87;626892669;13479;248;14636;14782;6.12;0.37;304.34;13.33;1157;88;5058.00;146
13480;87;626892685;13480;253;14639;14782;6.10;0.37;304.33;13.33;1159;88;5059.00;143
13481;87;626892700;13481;260;14641;14782;6.09;0.37;304.33;13.35;1160;88;5060.00;141
13483;87;626892714;13483;273;14647;14786;6.08;0.37;304.34;13.36;1164;88;5061.00;139
13487;87;626892729;13487;274;14649;14787;6.11;0.37;304.33;13.36;1162;88;5062.00;138
13489;87;626892745;13489;283;14652;14787;6.12;0.37;304.32;13.37;1163;88;5063.00;135
13490;87;626892760;13490;288;14656;14791;6.13;0.38;304.32;13.38;1166;88;5064.00;135
13491;87;626892774;13491;298;14658;14791;6.12;0.38;304.31;13.38;1167;88;5065.00;133
13493;87;626892788;13493;305;14662;14791;6.07;0.37;304.29;13.41;1169;88;5066.00;129
13497;87;626892801;13497;312;14664;14792;6.02;0.37;304.23;13.41;1167;88;5067.00;128
13498;87;626892822;13498;322;14667;14792;6.01;0.37;304.23;13.43;1169;88;5068.00;125
13500;87;626892835;13500;327;14671;14798;6.01;0.37;304.20;13.43;1171;88;5069.00;127
13503;87;626892851;13503;337;14674;14798;5.94;0.36;304.19;13.45;1171;88;5070.00;124
13506;87;626892865;13506;341;14675;14799;5.87;0.36;304.15;13.45;1169;88;5071.00;124
13507;87;626892878;13507;354;14678;14799;5.78;0.35;304.13;13.47;1171;88;5072.00;121
13507;87;626892892;13507;366;14678;14799;5.71;0.35;304.13;13.47;1171;88;5073.00;121
13507;87;626892905;13507;376;14682;14799;5.65;0.35;304.13;13.48;1175;88;5074.00;117
13510;87;626892918;13510;381;14684;14799;5.49;0.34;304.10;13.49;1174;88;5075.00;115
13510;87;626892931;13510;391;14694;14811;5.41;0.33;304.10;13.49;1184;88;5076.00;117
13511;87;626892944;13511;403;14697;14811;5.28;0.32;304.13;13.50;1186;88;5077.00;114
13512;87;626892957;13512;412;14699;14811;5.24;0.32;304.12;13.51;1187;88;5078.00;112
13512;87;626892970;13512;415;14702;14811;5.19;0.32;304.12;13.51;1190;88;5079.00;109
13513;87;626892988;13513;418;14704;14811;5.13;0.31;304.10;13.53;1191;88;5080.00;107
13517;87;626893001;13517;414;14706;14811;5.07;0.31;304.06;13.53;1189;88;5081.00;105
13517;87;626893014;13517;410;14711;14815;5.06;0.31;304.06;13.55;1194;88;5082.00;104
13517;87;626893027;13517;400;14712;14815;5.04;0.31;304.06;13.55;1195;88;5083.00;103
13519;87;626893040;13519;387;14716;14819;5.09;0.31;304.03;13.55;1197;88;5084.00;103
13521;87;626893053;13521;382;14719;14821;5.13;0.31;304.00;13.56;1198;88;5085.00;102
13521;87;626893067;13521;375;14721;14821;5.19;0.32;304.00;13.56;1200;88;5086.00;100
13523;87;626893079;13523;368;14721;14821;5.30;0.32;303.98;13.56;1198;88;5087.00;100
13526;87;626893092;13526;369;14732;14834;5.37;0.33;303.94;13.56;1206;88;5088.00;102
13526;87;626893107;13526;363;14733;14834;5.43;0.33;303.94;13.56;1207;88;5089.00;101
13527;87;626893120;13527;362;14735;14834;5.49;0.34;303.95;13.57;1208;88;5090.00;99
13527;87;626893139;13527;361;14737;14835;5.57;0.34;303.95;13.57;1210;88;5091.00;98
13532;87;626893162;13532;354;14737;14836;5.57;0.34;303.91;13.57;1205;88;5092.00;99
13532;87;626893192;13532;359;14739;14836;5.63;0.34;303.91;13.59;1207;88;5093.00;97
13536;87;626893212;13536;355;14742;14839;5.61;0.34;303.92;13.59;1206;88;5094.00;97
13536;88;626893232;13536;356;14742;14839;5.65;0.34;303.92;13.59;1206;89;5095.00;97
13538;88;626893265;13538;356;14744;14839;5.62;0.34;303.91;13.60;1206;89;5096.00;95
13543;88;626893281;13543;363;14744;14839;5.54;0.34;303.87;13.60;1201;89;5097.00;95
13545;88;626893295;13545;370;14749;14845;5.53;0.34;303.85;13.60;1204;89;5098.00;96
13550;88;626893310;13550;376;14750;14845;5.42;0.33;303.83;13.61;1200;89;5099.00;95
13554;88;626893328;13554;373;14757;14864;5.32;0.33;303.83;13.61;1203;89;5100.00;107
13557;88;626893353;13557;364;14757;14864;5.25;0.32;303.82;13.61;1200;89;5101.00;107
13560;88;626893368;13560;366;14762;14868;5.27;0.32;303.83;13.62;1202;89;5102.00;106
13561;88;626893382;13561;367;14764;14869;5.35;0.33;303.83;13.62;1203;89;5103.00;105
13566;88;626893397;13566;378;14764;14869;5.38;0.33;303.92;13.62;1198;89;5104.00;105
13569;88;626893411;13569;376;14766;14870;5.41;0.33;303.95;13.62;1197;89;5105.00;104
13572;88;626893425;13572;373;14769;14870;5.41;0.33;304.03;13.62;1197;89;5106.00;101
13576;88;626893439;13576;371;14771;14870;5.43;0.33;304.08;13.63;1195;89;5107.00;99
13578;88;626893469;13578;368;14771;14870;5.50;0.34;304.11;13.63;1193;89;5108.00;99
13581;88;626893502;13581;371;14771;14870;5.58;0.34;304.13;13.63;1190;89;5109.00;99
13584;88;626893537;13584;369;14772;14870;5.63;0.34;304.21;13.64;1188;89;5110.00;98
13588;88;626893556;13588;360;14773;14870;5.67;0.35;304.20;13.65;1185;89;5111.00;97
13592;88;626893574;13592;361;14806;14940;5.77;0.35;304.25;13.62;1214;89;5112.00;134
13596;88;626893600;13596;357;14809;14941;5.82;0.36;304.18;13.62;1213;89;5113.00;132
13601;88;626893619;13601;352;14816;14941;5.93;0.36;304.22;13.61;1215;89;5114.00;125
13605;88;626893640;13605;351;14817;14941;6.00;0.37;304.20;13.61;1212;89;5115.00;124
13609;88;626893659;13609;356;14820;14941;6.09;0.37;304.19;13.61;1211;89;5116.00;121
13613;88;626893678;13613;359;14821;14941;6.09;0.37;304.25;13.61;1208;89;5117.00;120
13619;88;626893696;13619;359;14826;14941;6.12;0.37;304.31;13.61;1207;89;5118.00;115
13622;88;626893716;13622;353;14827;14941;6.13;0.38;304.33;13.61;1205;89;5119.00;114
13626;88;626893734;13626;350;14830;14942;6.16;0.38;304.39;13.61;1204;89;5120.00;112
13631;88;626893756;13631;354;14833;14943;6.21;0.38;304.45;13.61;1202;89;5121.00;110
13636;88;626893775;13636;360;14835;14943;6.28;0.38;304.54;13.61;1199;89;5122.00;108
13639;88;626893794;13639;363;14841;14947;6.31;0.39;304.56;13.60;1202;89;5123.00;106
13645;88;626893814;13645;364;14842;14947;6.32;0.39;304.67;13.60;1197;89;5124.00;105
13648;88;626893833;13648;372;14843;14947;6.36;0.39;304.63;13.60;1195;89;5125.00;104
13652;88;626893852;13652;368;14843;14947;6.38;0.39;304.66;13.60;1191;89;5126.00;104
13659;88;626893889;13659;382;14846;14953;6.33;0.39;304.69;13.60;1187;89;5127.00;107
13659;88;626893910;13659;385;14847;14953;6.34;0.39;304.69;13.60;1188;89;5128.00;106
13664;88;626893929;13664;385;14847;14953;6.36;0.39;304.68;13.60;1183;89;5129.00;106
13668;88;626893949;13668;383;14850;14959;6.37;0.39;304.69;13.60;1182;89;5130.00;109
13671;88;626893970;13671;392;14851;14959;6.36;0.39;304.73;13.60;1180;89;5131.00;108
13674;88;626893988;13674;392;14851;14959;6.40;0.39;304.75;13.60;1177;89;5132.00;108
13680;88;626894007;13680;396;14851;14960;6.37;0.39;304.77;13.60;1171;89;5133.00;109
13684;88;626894027;13684;403;14855;14961;6.33;0.39;304.75;13.60;1171;89;5134.00;106
13689;88;626894045;13689;403;14855;14961;6.28;0.38;304.79;13.60;1166;89;5135.00;106
13697;88;626894072;13697;409;14864;14974;6.26;0.38;304.80;13.59;1167;89;5136.00;110
13702;88;626894092;13702;404;14865;14974;6.22;0.38;304.81;13.59;1163;89;5137.00;109
13706;88;626894119;13706;405;14865;14974;6.21;0.38;304.87;13.59;1159;89;5138.00;109
13707;88;626894139;13707;409;14866;14975;6.25;0.38;304.90;13.59;1159;89;5139.00;109
13710;88;626894158;13710;415;14869;14975;6.25;0.38;304.93;13.60;1159;89;5140.00;106
13714;88;626894177;13714;417;14872;14979;6.20;0.38;304.98;13.60;1158;89;5141.00;107
13721;88;626894195;13721;421;14873;14979;6.11;0.37;305.04;13.60;1152;89;5142.00;106
13724;88;626894212;13724;426;14877;14983;6.07;0.37;305.08;13.60;1153;89;5143.00;106
13730;88;626894231;13730;430;14878;14983;5.96;0.36;305.18;13.60;1148;89;5144.00;105
13732;88;626894249;13732;436;14879;14983;5.97;0.36;305.22;13.60;1147;89;5145.00;104
13737;88;626894267;13737;443;14879;14983;5.91;0.36;305.22;13.60;1142;89;5146.00;104
13742;88;626894284;13742;438;14879;14983;5.87;0.36;305.28;13.60;1137;89;5147.00;104
13747;88;626894307;13747;442;14889;14995;5.92;0.36;305.30;13.59;1142;89;5148.00;106
13747;88;626894327;13747;437;14890;14995;5.93;0.36;305.30;13.59;1143;89;5149.00;105
13751;88;626894346;13751;438;14893;14995;5.90;0.36;305.33;13.59;1142;89;5150.00;102
13755;88;626894365;13755;440;14894;14995;5.94;0.36;305.35;13.59;1139;89;5151.00;101
13756;88;626894381;13756;441;14895;14995;5.98;0.36;305.38;13.59;1139;89;5152.00;100
13760;88;626894398;13760;444;14896;14995;5.95;0.36;305.44;13.59;1136;89;5153.00;99
13761;88;626894426;13761;447;14896;14996;5.93;0.36;305.45;13.59;1135;89;5154.00;100
13766;88;626894444;13766;447;14897;14998;5.88;0.36;305.50;13.59;1131;89;5155.00;101
13770;88;626894468;13770;434;14900;15004;5.90;0.36;305.48;13.58;1130;89;5156.00;104
13773;88;626894488;13773;422;14903;15005;5.89;0.36;305.51;13.58;1130;89;5157.00;102
13778;88;626894504;13778;414;14903;15005;5.86;0.36;305.53;13.58;1125;89;5158.00;102
13785;88;626894521;13785;408;14903;15005;5.87;0.35;305.63;13.58;1118;89;5159.00;102
13786;88;626894540;13786;402;14908;15010;5.96;0.36;305.62;13.58;1122;89;5160.00;102
13788;88;626894557;13788;394;14908;15010;6.00;0.36;305.66;13.58;1120;89;5161.00;102
13792;88;626894575;13792;383;14908;15010;5.96;0.36;305.69;13.58;1116;89;5162.00;102
13794;88;626894590;13794;378;14909;15011;6.05;0.37;305.75;13.58;1115;89;5163.00;102
13796;88;626894607;13796;376;14912;15015;6.06;0.37;305.76;13.57;1116;89;5164.00;103
13799;88;626894625;13799;372;14912;15015;6.08;0.37;305.85;13.57;1113;89;5165.00;103
13801;88;626894641;13801;372;14915;15018;6.15;0.37;305.83;13.57;1114;89;5166.00;103
13803;88;626894658;13803;368;14915;15018;6.19;0.38;305.87;13.57;1112;89;5167.00;103
13804;88;626894675;13804;364;14915;15018;6.21;0.38;305.88;13.57;1111;89;5168.00;103
13807;88;626894690;13807;362;14915;15018;6.22;0.38;305.90;13.57;1108;89;5169.00;103
13809;88;626894706;13809;364;14918;15022;6.25;0.38;305.89;13.57;1109;89;5170.00;104
13810;88;626894724;13810;352;14919;15022;6.30;0.38;305.89;13.57;1109;89;5171.00;103
13810;88;626894744;13810;347;14919;15022;6.30;0.38;305.89;13.57;1109;89;5172.00;103
13813;88;626894759;13813;354;14919;15022;6.28;0.38;305.90;13.57;1106;89;5173.00;103
13814;88;626894776;13814;342;14919;15023;6.27;0.38;305.95;13.57;1105;89;5174.00;104
13816;88;626894797;13816;343;14921;15025;6.27;0.38;305.93;13.57;1105;89;5175.00;104
13819;88;626894812;13819;342;14921;15025;6.22;0.38;305.94;13.57;1102;89;5176.00;104
13820;88;626894828;13820;332;14922;15026;6.14;0.38;305.99;13.57;1102;89;5177.00;104
13826;88;626894844;13826;334;14922;15026;6.02;0.37;306.01;13.57;1096;89;5178.00;104
13827;88;626894859;13827;332;14922;15026;5.99;0.37;306.05;13.57;1095;89;5179.00;104
13835;88;626894874;13835;323;14922;15026;5.89;0.36;306.15;13.57;1087;89;5180.00;104
13839;88;626894889;13839;327;14922;15026;5.85;0.36;306.17;13.57;1083;89;5181.00;104
13842;88;626894904;13842;340;14922;15026;5.86;0.36;306.25;13.57;1080;89;5182.00;104
13843;88;626894918;13843;341;14922;15026;5.83;0.35;306.25;13.57;1079;89;5183.00;104
13844;88;626894932;13844;365;14993;15153;5.90;0.36;306.24;13.50;1149;89;5184.00;160
13844;88;626894960;13844;363;14994;15154;5.86;0.36;306.24;13.50;1150;89;5185.00;160
13844;88;626894976;13844;365;15001;15154;5.89;0.36;306.24;13.49;1157;89;5186.00;153
13845;88;626894992;13845;370;15003;15154;5.87;0.36;306.23;13.49;1158;89;5187.00;151
13847;88;626895018;13847;371;15008;15154;5.86;0.36;306.20;13.49;1161;89;5188.00;146
13847;88;626895035;13847;374;15013;15154;5.80;0.36;306.20;13.54;1166;89;5189.00;141
13848;88;626895058;13848;376;15019;15154;5.86;0.36;306.20;13.54;1171;89;5190.00;135
13850;88;626895075;13850;374;15020;15154;5.79;0.36;306.21;13.54;1170;89;5191.00;134
13851;88;626895091;13851;374;15024;15155;5.83;0.36;306.22;13.54;1173;89;5192.00;131
13855;88;626895113;13855;379;15028;15156;5.83;0.36;306.25;13.54;1173;89;5193.00;128
13856;88;626895131;13856;378;15032;15156;5.83;0.36;306.24;13.54;1176;89;5194.00;124
13858;88;626895153;13858;382;15033;15157;5.76;0.35;306.30;13.54;1175;89;5195.00;124
13859;88;626895175;13859;379;15035;15157;5.74;0.35;306.31;13.54;1176;89;5196.00;122
13860;88;626895196;13860;373;15035;15157;5.68;0.35;306.30;13.54;1175;89;5197.00;122
13863;88;626895218;13863;377;15038;15157;5.65;0.35;306.31;13.54;1175;89;5198.00;119
13867;88;626895240;13867;379;15039;15161;5.55;0.34;306.28;13.54;1172;89;5199.00;122
13869;88;626895260;13869;375;15040;15161;5.52;0.34;306.27;13.54;1171;89;5200.00;121
13869;88;626895284;13869;374;15042;15161;5.53;0.34;306.27;13.54;1173;89;5201.00;119
13873;88;626895300;13873;366;15044;15164;5.48;0.33;306.23;13.53;1171;89;5202.00;120
13874;88;626895317;13874;358;15047;15164;5.46;0.33;306.22;13.59;1173;89;5203.00;117
13877;89;626895334;13877;356;15047;15164;5.36;0.33;306.25;13.59;1170;90;5204.00;117
13878;89;626895373;13878;354;15053;15168;5.32;0.33;306.25;13.62;1175;90;5205.00;115
13881;89;626895393;13881;347;15054;15169;5.27;0.32;306.20;13.62;1173;90;5206.00;115
13884;89;626895410;13884;355;15055;15169;5.27;0.32;306.16;13.67;1171;90;5207.00;114
13886;89;626895427;13886;348;15057;15173;5.31;0.32;306.16;13.67;1171;90;5208.00;116
13889;89;626895446;13889;344;15057;15173;5.33;0.33;306.13;13.67;1168;90;5209.00;116
13891;89;626895462;13891;332;15057;15173;5.31;0.32;306.11;13.67;1166;90;5210.00;116
13895;89;626895479;13895;337;15058;15174;5.27;0.32;306.06;13.67;1163;90;5211.00;116
13897;89;626895498;13897;341;15058;15174;5.23;0.32;306.05;13.67;1161;90;5212.00;116
13901;89;626895513;13901;344;15062;15180;5.24;0.32;306.01;13.67;1161;90;5213.00;118
13902;89;626895531;13902;342;15062;15180;5.22;0.32;305.99;13.67;1160;90;5214.00;118
13903;89;626895550;13903;349;15064;15180;5.23;0.32;305.99;13.73;1161;90;5215.00;116
13905;89;626895567;13905;351;15064;15181;5.20;0.32;305.95;13.73;1159;90;5216.00;117
13909;89;626895584;13909;363;15065;15181;5.17;0.31;305.89;13.73;1156;90;5217.00;116
13911;89;626895601;13911;372;15066;15181;5.16;0.31;305.88;13.73;1155;90;5218.00;115
13915;89;626895624;13915;374;15066;15181;5.15;0.31;305.81;13.73;1151;90;5219.00;115
13918;89;626895644;13918;370;15087;15217;5.23;0.32;305.79;13.71;1169;90;5220.00;130
13920;89;626895665;13920;365;15089;15217;5.22;0.32;305.75;13.71;1169;90;5221.00;128
13920;89;626895682;13920;368;15091;15217;5.20;0.32;305.75;13.71;1171;90;5222.00;126
13922;89;626895707;13922;374;15092;15217;5.22;0.32;305.83;13.71;1170;90;5223.00;125
13923;89;626895728;13923;379;15093;15217;5.22;0.32;305.83;13.71;1170;90;5224.00;124
13926;89;626895745;13926;387;15093;15217;5.24;0.32;305.83;13.71;1167;90;5225.00;124
13929;89;626895761;13929;383;15098;15221;5.28;0.32;305.86;13.70;1169;90;5226.00;123
13929;89;626895779;13929;388;15099;15221;5.31;0.32;305.86;13.70;1170;90;5227.00;122
13930;89;626895795;13930;394;15102;15225;5.35;0.33;305.85;13.70;1172;90;5228.00;123
13931;89;626895812;13931;402;15104;15226;5.38;0.33;305.83;13.70;1173;90;5229.00;122
13932;89;626895829;13932;409;15107;15226;5.39;0.33;305.82;13.71;1175;90;5230.00;119
13933;89;626895846;13933;417;15107;15226;5.38;0.33;305.80;13.71;1174;90;5231.00;119
13933;89;626895865;13933;420;15117;15239;5.41;0.33;305.80;13.71;1184;90;5232.00;122
13934;89;626895882;13934;426;15119;15239;5.41;0.33;305.79;13.73;1185;90;5233.00;120
13935;89;626895900;13935;430;15119;15239;5.37;0.33;305.77;13.73;1184;90;5234.00;120
13935;89;626895916;13935;428;15123;15240;5.39;0.33;305.77;13.74;1188;90;5235.00;117
13937;89;626895933;13937;415;15124;15241;5.39;0.33;305.78;13.76;1187;90;5236.00;117
13937;89;626895952;13937;405;15125;15241;5.43;0.33;305.78;13.76;1188;90;5237.00;116
13939;89;626895971;13939;395;15129;15244;5.49;0.34;305.78;13.76;1190;90;5238.00;115
13942;89;626895992;13942;392;15131;15244;5.53;0.34;305.78;13.78;1189;90;5239.00;113
13944;89;626896012;13944;390;15131;15244;5.55;0.34;305.76;13.78;1187;90;5240.00;113
13945;89;626896035;13945;394;15132;15244;5.57;0.34;305.79;13.78;1187;90;5241.00;112
13946;89;626896053;13946;388;15137;15250;5.61;0.34;305.79;13.79;1191;90;5242.00;113
13946;89;626896073;13946;388;15138;15250;5.62;0.34;305.79;13.80;1192;90;5243.00;112
13948;89;626896094;13948;385;15140;15250;5.58;0.34;305.77;13.81;1192;90;5244.00;110
13950;89;626896127;13950;381;15140;15250;5.55;0.34;305.84;13.81;1190;90;5245.00;110
13950;89;626896145;13950;379;15145;15254;5.52;0.34;305.84;13.83;1195;90;5246.00;109
13952;89;626896163;13952;384;15146;15255;5.51;0.34;305.80;13.82;1194;90;5247.00;109
13953;89;626896181;13953;388;15147;15255;5.49;0.33;305.78;13.84;1194;90;5248.00;108
13953;89;626896196;13953;378;15148;15256;5.50;0.34;305.78;13.84;1195;90;5249.00;108
13953;89;626896222;13953;376;15149;15256;5.53;0.34;305.78;13.85;1196;90;5250.00;107
13956;89;626896238;13956;377;15151;15256;5.54;0.34;305.76;13.85;1195;90;5251.00;105
13957;89;626896254;13957;377;15152;15256;5.56;0.34;305.75;13.87;1195;90;5252.00;104
13958;90;626896269;13958;371;15153;15256;5.56;0.34;305.74;13.87;1195;91;5253.00;103
13960;90;626896299;13960;373;15153;15256;5.58;0.34;305.78;13.87;1193;91;5254.00;103
13960;90;626896314;13960;370;15155;15256;5.63;0.34;305.78;13.88;1195;91;5255.00;101
13962;90;626896335;13962;369;15194;15326;5.85;0.36;305.75;13.85;1232;91;5256.00;132
13966;90;626896366;13966;366;15197;15327;5.88;0.36;305.74;13.84;1231;91;5257.00;130
13967;90;626896384;13967;367;15207;15327;5.93;0.36;305.73;13.85;1240;91;5258.00;120
13968;90;626896401;13968;369;15211;15327;5.95;0.36;305.72;13.85;1243;91;5259.00;116
13973;90;626896429;13973;362;15217;15327;5.91;0.36;305.80;13.84;1244;91;5260.00;110
13974;90;626896446;13974;367;15223;15327;5.86;0.36;305.80;13.86;1249;91;5261.00;104
13980;90;626896462;13980;371;15224;15327;5.77;0.35;305.79;13.85;1244;91;5262.00;103
13982;90;626896478;13982;375;15224;15327;5.68;0.35;305.83;13.85;1242;91;5263.00;103
13988;90;626896493;13988;377;15227;15328;5.64;0.34;305.83;13.87;1239;91;5264.00;101
13993;90;626896510;13993;377;15229;15330;5.54;0.34;305.87;13.87;1236;91;5265.00;101
13998;90;626896528;13998;390;15231;15330;5.45;0.33;305.85;13.89;1233;91;5266.00;99
14002;90;626896545;14002;401;15234;15334;5.40;0.33;305.85;13.89;1232;91;5267.00;100
14005;90;626896570;14005;406;15236;15334;5.32;0.32;305.83;13.91;1231;91;5268.00;98
14008;90;626896585;14008;412;15237;15334;5.25;0.32;305.87;13.93;1229;91;5269.00;97
14011;90;626896602;14011;408;15238;15334;5.23;0.32;305.92;13.94;1227;91;5270.00;96
14018;90;626896618;14018;406;15244;15340;5.22;0.32;306.03;13.94;1226;91;5271.00;96
14018;90;626896643;14018;402;15244;15340;5.23;0.32;306.03;13.94;1226;91;5272.00;96
14022;90;626896658;14022;405;15245;15340;5.20;0.32;306.08;13.95;1223;91;5273.00;95
14026;90;626896673;14026;404;15249;15343;5.20;0.32;306.13;13.96;1223;91;5274.00;94
14028;90;626896691;14028;407;15249;15343;5.26;0.32;306.18;13.96;1221;91;5275.00;94
14031;90;626896707;14031;407;15251;15343;5.30;0.32;306.21;13.97;1220;91;5276.00;92
14034;90;626896726;14034;397;15251;15344;5.33;0.32;306.29;13.97;1217;91;5277.00;93
14037;90;626896743;14037;396;15252;15345;5.40;0.33;306.33;13.97;1215;91;5278.00;93
14040;90;626896760;14040;392;15253;15345;5.51;0.34;306.39;13.98;1213;91;5279.00;92
14045;90;626896779;14045;395;15273;15371;5.60;0.34;306.42;13.96;1228;91;5280.00;98
14046;90;626896799;14046;394;15274;15371;5.71;0.35;306.43;13.96;1228;91;5281.00;97
14051;90;626896817;14051;388;15276;15371;5.77;0.35;306.48;14.02;1225;91;5282.00;95
14055;90;626896836;14055;375;15277;15372;5.83;0.36;306.54;14.02;1222;91;5283.00;95
14059;90;626896853;14059;378;15277;15372;5.84;0.36;306.51;14.02;1218;91;5284.00;95
14063;90;626896871;14063;368;15281;15376;5.90;0.36;306.58;14.02;1218;91;5285.00;95
14067;90;626896888;14067;371;15281;15376;5.92;0.36;306.59;14.02;1214;91;5286.00;95
14075;90;626896906;14075;373;15284;15379;5.91;0.36;306.58;14.02;1209;91;5287.00;95
14080;90;626896925;14080;370;15284;15380;5.90;0.36;306.65;14.02;1204;91;5288.00;96
14084;90;626896946;14084;371;15284;15380;5.90;0.36;306.69;14.02;1200;91;5289.00;96
14087;90;626896965;14087;372;15284;15380;5.88;0.36;306.72;14.02;1197;91;5290.00;96
14091;90;626896989;14091;372;15284;15380;5.90;0.36;306.82;14.02;1193;91;5291.00;96
14092;90;626897008;14092;379;15294;15392;6.03;0.37;306.81;14.01;1202;91;5292.00;98
14097;90;626897026;14097;377;15294;15392;6.05;0.37;306.85;14.01;1197;91;5293.00;98
14101;90;626897044;14101;375;15295;15392;6.07;0.37;306.91;14.01;1194;91;5294.00;97
14106;90;626897062;14106;376;15295;15392;6.10;0.37;306.96;14.01;1189;91;5295.00;97
14111;90;626897080;14111;375;15295;15392;6.12;0.37;306.96;14.01;1184;91;5296.00;97
14120;90;626897103;14120;376;15295;15392;6.11;0.37;307.10;14.01;1175;91;5297.00;97
14122;90;626897119;14122;377;15295;15393;6.16;0.38;307.11;14.01;1173;91;5298.00;98
14126;90;626897138;14126;376;15296;15393;6.15;0.37;307.12;14.07;1170;91;5299.00;97
14131;90;626897163;14131;374;15300;15399;6.19;0.38;307.15;14.07;1169;91;5300.00;99
14135;90;626897197;14135;378;15302;15400;6.20;0.38;307.23;14.06;1167;91;5301.00;98
14137;90;626897221;14137;380;15302;15400;6.25;0.38;307.29;14.06;1165;91;5302.00;98
14140;90;626897243;14140;377;15302;15400;6.21;0.38;307.36;14.06;1162;91;5303.00;98
14144;90;626897260;14144;379;15305;15404;6.20;0.38;307.41;14.06;1161;91;5304.00;99
14148;90;626897278;14148;390;15305;15404;6.20;0.38;307.38;14.06;1157;91;5305.00;99
14154;90;626897294;14154;387;15305;15404;6.19;0.38;307.49;14.06;1151;91;5306.00;99
14158;90;626897319;14158;393;15306;15405;6.21;0.38;307.54;14.06;1148;91;5307.00;99
14161;90;626897335;14161;396;15309;15409;6.28;0.38;307.53;14.06;1148;91;5308.00;100
14164;90;626897352;14164;396;15309;15409;6.27;0.38;307.60;14.06;1145;91;5309.00;100
14170;90;626897371;14170;404;15312;15415;6.30;0.39;307.72;14.06;1142;91;5310.00;103
14173;90;626897388;14173;411;15312;15415;6.26;0.38;307.74;14.06;1139;91;5311.00;103
14175;90;626897404;14175;407;15313;15415;6.24;0.38;307.73;14.05;1138;91;5312.00;102
14180;90;626897420;14180;418;15313;15415;6.13;0.37;307.85;14.05;1133;91;5313.00;102
14184;90;626897436;14184;419;15316;15419;6.08;0.37;307.89;14.05;1132;91;5314.00;103
14189;90;626897452;14189;431;15316;15419;6.02;0.37;307.92;14.05;1127;91;5315.00;103
14193;90;626897468;14193;444;15318;15419;5.94;0.36;307.96;14.12;1125;91;5316.00;101
14196;90;626897485;14196;432;15318;15419;5.89;0.36;308.00;14.12;1122;91;5317.00;101
14200;90;626897500;14200;424;15319;15420;5.82;0.35;308.06;14.12;1119;91;5318.00;101
14204;90;626897516;14204;428;15320;15421;5.82;0.35;308.12;14.11;1116;91;5319.00;101
14206;90;626897532;14206;424;15321;15421;5.79;0.35;308.21;14.11;1115;91;5320.00;100
14208;90;626897545;14208;424;15322;15422;5.84;0.36;308.20;14.11;1114;91;5321.00;100
14214;90;626897560;14214;429;15322;15422;5.83;0.35;308.27;14.11;1108;91;5322.00;100
14216;90;626897576;14216;428;15322;15422;5.85;0.35;308.26;14.11;1106;91;5323.00;100
14221;90;626897591;14221;438;15322;15422;5.81;0.35;308.28;14.11;1101;91;5324.00;100
14225;90;626897605;14225;441;15322;15422;5.78;0.35;308.38;14.11;1097;92;5325.00;100
14228;90;626897636;14228;435;15322;15422;5.76;0.35;308.41;14.11;1094;92;5326.00;100
14229;90;626897652;14229;432;15322;15422;5.72;0.35;308.40;14.11;1093;92;5327.00;100
14231;90;626897668;14231;456;15395;15549;5.68;0.35;308.42;14.05;1164;92;5328.00;154
14232;90;626897693;14232;435;15395;15550;5.75;0.35;308.47;14.05;1163;92;5329.00;155
14235;90;626897708;14235;417;15399;15550;5.86;0.36;308.52;14.04;1164;92;5330.00;151
14238;90;626897724;14238;410;15401;15550;5.92;0.36;308.55;14.04;1163;92;5331.00;149
14241;90;626897739;14241;399;15406;15550;6.03;0.37;308.65;14.04;1165;92;5332.00;144
14241;90;626897754;14241;393;15407;15550;6.09;0.38;308.65;14.04;1166;92;5333.00;143
14244;90;626897769;14244;384;15412;15550;6.20;0.38;308.70;14.04;1168;92;5334.00;138
14247;90;626897785;14247;388;15416;15550;6.27;0.39;308.73;14.03;1169;92;5335.00;134
14250;90;626897808;14250;391;15422;15551;6.30;0.39;308.73;14.03;1172;92;5336.00;129
14253;90;626897830;14253;379;15427;15552;6.34;0.39;308.80;14.03;1174;92;5337.00;125
14255;90;626897847;14255;378;15431;15552;6.35;0.39;308.77;14.03;1176;92;5338.00;121
14258;90;626897862;14258;372;15433;15553;6.33;0.39;308.79;14.03;1175;92;5339.00;120
14260;90;626897879;14260;359;15436;15553;6.32;0.39;308.79;14.03;1176;92;5340.00;117
14263;90;626897894;14263;359;15437;15553;6.33;0.39;308.78;14.03;1174;92;5341.00;116
14265;90;626897909;14265;365;15439;15553;6.36;0.39;308.87;14.03;1174;92;5342.00;114
14267;90;626897924;14267;358;15442;15557;6.34;0.39;308.88;14.03;1175;92;5343.00;115
14270;90;626897940;14270;357;15444;15557;6.29;0.39;308.92;14.02;1174;92;5344.00;113
14272;90;626897954;14272;357;15445;15557;6.21;0.38;308.94;14.02;1173;92;5345.00;112
14277;90;626897970;14277;367;15447;15560;6.13;0.38;308.94;14.02;1170;92;5346.00;113
14278;90;626897986;14278;378;15448;15560;6.08;0.37;308.93;14.02;1170;92;5347.00;112
14281;90;626898001;14281;383;15448;15560;5.98;0.37;308.95;14.02;1167;92;5348.00;112
14285;90;626898017;14285;384;15452;15564;5.90;0.36;308.94;14.02;1167;92;5349.00;112
14286;90;626898031;14286;394;15453;15565;5.86;0.36;308.92;14.02;1167;92;5350.00;112
14288;90;626898046;14288;390;15453;15565;5.80;0.35;308.94;14.02;1165;92;5351.00;112
14290;90;626898060;14290;403;15456;15569;5.70;0.35;308.91;14.02;1166;92;5352.00;113
14292;90;626898074;14292;403;15456;15569;5.58;0.34;308.89;14.02;1164;92;5353.00;113
14293;90;626898087;14293;405;15456;15569;5.48;0.34;308.91;14.02;1163;92;5354.00;113
14294;90;626898101;14294;407;15458;15571;5.39;0.33;308.90;14.01;1164;92;5355.00;113
14294;90;626898114;14294;410;15458;15571;5.32;0.33;308.90;14.01;1164;92;5356.00;113
14296;90;626898131;14296;418;15462;15577;5.28;0.32;308.88;14.01;1166;92;5357.00;115
14300;90;626898149;14300;430;15462;15577;5.19;0.32;308.88;14.01;1162;92;5358.00;115
14302;90;626898164;14302;435;15463;15577;5.13;0.31;308.86;14.01;1161;92;5359.00;114
14307;90;626898177;14307;438;15463;15578;5.02;0.31;308.84;14.01;1156;92;5360.00;115
14308;90;626898191;14308;427;15463;15578;4.94;0.30;308.82;14.01;1155;92;5361.00;115
14310;90;626898203;14310;434;15463;15578;4.84;0.30;308.79;14.01;1153;92;5362.00;115
14311;90;626898216;14311;427;15463;15578;4.80;0.29;308.87;14.01;1152;92;5363.00;115
14313;90;626898228;14313;428;15474;15590;4.80;0.29;308.84;14.07;1161;92;5364.00;116
14317;90;626898242;14317;418;15474;15590;4.73;0.29;308.82;14.07;1157;92;5365.00;116
14320;90;626898254;14320;426;15475;15590;4.68;0.29;308.82;14.07;1155;92;5366.00;115
14324;90;626898266;14324;432;15475;15590;4.68;0.29;308.83;14.07;1151;92;5367.00;115
14326;90;626898278;14326;435;15475;15590;4.70;0.29;308.82;14.07;1149;92;5368.00;115
14331;90;626898290;14331;424;15475;15590;4.66;0.28;308.80;14.07;1144;92;5369.00;115
14339;90;626898304;14339;414;15478;15594;4.59;0.28;308.73;14.06;1139;92;5370.00;116
14339;90;626898316;14339;413;15478;15594;4.60;0.28;308.73;14.06;1139;92;5371.00;116
14341;90;626898327;14341;405;15481;15598;4.60;0.28;308.72;14.06;1140;92;5372.00;117
14343;90;626898339;14343;415;15482;15599;4.59;0.28;308.73;14.06;1139;92;5373.00;117
14346;90;626898351;14346;403;15483;15599;4.55;0.28;308.73;14.06;1137;92;5374.00;116
14348;90;626898364;14348;404;15484;15599;4.50;0.28;308.74;14.08;1136;92;5375.00;115
14350;90;626898376;14350;402;15495;15612;4.52;0.28;308.77;14.08;1145;92;5376.00;117
14352;90;626898390;14352;398;15495;15612;4.53;0.28;308.79;14.08;1143;92;5377.00;117
14358;90;626898402;14358;396;15496;15612;4.47;0.27;308.72;14.08;1138;92;5378.00;116
14360;90;626898414;14360;406;15497;15613;4.51;0.27;308.72;14.08;1137;92;5379.00;116
14362;90;626898426;14362;407;15498;15614;4.51;0.27;308.69;14.15;1136;92;5380.00;116
14364;90;626898438;14364;417;15498;15614;4.54;0.28;308.67;14.15;1134;92;5381.00;116
14365;90;626898450;14365;410;15500;15617;4.60;0.28;308.65;14.15;1135;92;5382.00;117
14367;90;626898463;14367;415;15501;15617;4.65;0.28;308.64;14.14;1134;92;5383.00;116
14368;90;626898476;14368;425;15501;15617;4.70;0.29;308.63;14.14;1133;92;5384.00;116
14370;90;626898488;14370;422;15501;15617;4.74;0.29;308.61;14.14;1131;92;5385.00;116
14372;90;626898501;14372;412;15505;15623;4.83;0.29;308.59;14.14;1133;92;5386.00;118
14373;90;626898516;14373;396;15505;15623;4.92;0.30;308.59;14.14;1132;92;5387.00;118
14374;90;626898529;14374;381;15507;15623;5.00;0.30;308.57;14.21;1133;92;5388.00;116
14374;90;626898542;14374;372;15507;15623;5.06;0.31;308.57;14.21;1133;92;5389.00;116
14379;90;626898555;14379;365;15510;15627;5.09;0.31;308.55;14.21;1131;92;5390.00;117
14380;90;626898568;14380;356;15511;15628;5.18;0.31;308.53;14.21;1131;92;5391.00;117
14380;90;626898583;14380;358;15511;15628;5.25;0.32;308.53;14.21;1131;92;5392.00;117
14381;90;626898596;14381;347;15512;15629;5.34;0.32;308.53;14.20;1131;92;5393.00;117
14383;90;626898609;14383;336;15512;15629;5.42;0.33;308.58;14.20;1129;92;5394.00;117
14384;90;626898623;14384;342;15512;15629;5.54;0.34;308.58;14.20;1128;92;5395.00;117
14384;90;626898635;14384;331;15512;15629;5.61;0.34;308.58;14.20;1128;92;5396.00;117
14387;90;626898648;14387;335;15512;15629;5.67;0.34;308.57;14.20;1125;92;5397.00;117
14387;90;626898661;14387;336;15513;15629;5.72;0.35;308.57;14.21;1126;92;5398.00;116
14388;90;626898674;14388;332;15513;15629;5.76;0.35;308.56;14.21;1125;92;5399.00;116
