step_arrived;step_collisions;step_duration;step_ended;step_halting;step_inserted;step_loaded;step_meanSpeed;step_meanSpeedRelative;step_meanTravelTime;step_meanWaitingTime;step_running;step_teleports;step_time;step_waiting
0;0;625870385;0;1;85;245;16.23;1.14;-1.00;0.00;85;0;0.00;160
0;0;625870411;0;0;99;245;15.39;1.07;-1.00;0.14;99;0;1.00;146
0;0;625870413;0;1;117;245;14.67;1.00;-1.00;0.43;117;0;2.00;128
0;0;625870414;0;2;133;245;13.43;0.91;-1.00;0.74;133;0;3.00;112
0;0;625870415;0;1;145;245;12.49;0.84;-1.00;1.01;145;0;4.00;100
0;0;625870416;0;6;153;245;11.66;0.78;-1.00;1.22;153;0;5.00;92
0;0;625870418;0;5;163;245;10.83;0.73;-1.00;1.51;163;0;6.00;82
0;0;625870419;0;9;169;245;10.17;0.68;-1.00;1.70;169;0;7.00;76
0;0;625870421;0;16;174;246;9.81;0.65;-1.00;1.89;174;0;8.00;72
0;0;625870423;0;17;182;247;9.52;0.63;-1.00;2.20;182;0;9.00;65
0;0;625870426;0;22;188;247;9.30;0.62;-1.00;2.45;188;0;10.00;59
0;0;625870428;0;23;194;248;9.09;0.60;-1.00;2.62;194;0;11.00;54
1;0;625870430;1;29;198;248;8.97;0.59;12.00;2.81;197;0;12.00;50
1;0;625870432;1;29;202;248;8.97;0.58;12.00;3.01;201;0;13.00;46
1;0;625870434;1;34;209;248;8.84;0.57;12.00;3.38;208;0;14.00;39
1;0;625870437;1;37;214;252;8.87;0.57;12.00;3.52;213;0;15.00;38
1;0;625870440;1;38;216;252;8.80;0.56;12.00;3.64;215;0;16.00;36
2;0;625870442;2;41;219;252;8.76;0.56;14.50;3.82;217;0;17.00;33
2;0;625870444;2;48;223;255;8.85;0.57;14.50;4.00;221;0;18.00;32
2;0;625870447;2;51;226;255;9.01;0.57;14.50;4.19;224;0;19.00;29
3;0;625870450;3;55;226;255;9.04;0.57;16.33;4.19;223;0;20.00;29
3;0;625870452;3;61;233;259;9.12;0.58;16.33;4.36;230;0;21.00;26
4;0;625870455;4;65;236;260;9.11;0.58;17.75;4.49;232;0;22.00;24
5;0;625870458;5;69;239;260;9.03;0.57;18.80;4.72;234;0;23.00;21
5;0;625870461;5;77;243;264;9.08;0.57;18.80;4.74;238;0;24.00;21
6;0;625870464;6;80;248;264;8.85;0.55;19.50;5.15;242;0;25.00;16
6;0;625870474;6;80;250;264;8.71;0.55;19.50;5.28;244;0;26.00;14
6;0;625870477;6;85;253;265;8.51;0.53;19.50;5.54;247;0;27.00;12
6;0;625870480;6;88;255;265;8.41;0.53;19.50;5.59;249;0;28.00;10
6;0;625870483;6;90;262;271;8.26;0.51;19.50;5.60;256;0;29.00;9
6;0;625870488;6;94;264;271;8.13;0.51;19.50;5.73;258;0;30.00;7
7;0;625870491;7;95;265;272;8.02;0.50;20.71;5.71;258;0;31.00;7
8;0;625870495;8;102;265;272;8.02;0.50;22.13;5.71;257;0;32.00;7
8;0;625870498;8;105;266;272;8.13;0.50;22.13;5.74;258;0;33.00;6
9;0;625870501;9;108;268;272;8.20;0.51;22.89;5.85;259;0;34.00;4
10;0;625870504;10;113;268;272;8.26;0.51;23.70;5.85;258;0;35.00;4
10;0;625870507;10;116;279;284;8.43;0.52;23.70;5.65;269;0;36.00;5
10;0;625870511;10;118;279;284;8.30;0.52;23.70;5.65;269;0;37.00;5
10;0;625870514;10;118;281;284;8.38;0.52;23.70;5.62;271;0;38.00;3
12;0;625870518;12;122;281;284;8.33;0.52;26.00;5.62;269;0;39.00;3
13;0;625870521;13;124;281;284;8.24;0.51;26.69;5.62;268;0;40.00;3
13;0;625870524;13;127;281;284;8.25;0.51;26.69;5.62;268;0;41.00;3
13;0;625870528;13;130;285;288;8.37;0.52;26.69;5.56;272;0;42.00;3
15;0;625870531;15;132;285;288;8.20;0.51;27.33;5.56;270;0;43.00;3
15;0;625870534;15;134;288;292;8.09;0.50;27.33;5.51;273;0;44.00;4
15;0;625870537;15;135;290;294;7.97;0.49;27.33;5.47;275;0;45.00;4
17;0;625870540;17;138;291;294;7.78;0.48;29.00;5.46;274;0;46.00;3
17;0;625870543;17;137;291;294;7.68;0.48;29.00;5.46;274;0;47.00;3
17;0;625870546;17;140;302;307;7.98;0.49;29.00;5.26;285;0;48.00;5
18;0;625870551;18;142;302;307;7.89;0.49;29.72;5.26;284;0;49.00;5
18;0;625870554;18;143;302;307;7.81;0.48;29.72;5.26;284;0;50.00;5
18;0;625870557;18;145;303;308;7.78;0.48;29.72;5.25;285;0;51.00;5
18;0;625870560;18;144;304;309;7.71;0.48;29.72;5.24;286;0;52.00;5
19;0;625870563;19;147;304;309;7.59;0.47;30.89;5.24;285;0;53.00;5
19;0;625870566;19;148;306;312;7.50;0.46;30.89;5.20;287;0;54.00;6
19;0;625870569;19;152;306;312;7.32;0.45;30.89;5.20;287;0;55.00;6
21;0;625870572;21;143;307;312;7.26;0.45;31.57;5.19;286;0;56.00;5
22;0;625870576;22;139;307;312;7.24;0.45;32.73;5.19;285;0;57.00;5
22;0;625870579;22;140;312;318;7.29;0.45;32.73;5.13;290;0;58.00;6
24;0;625870582;24;143;312;318;7.23;0.44;33.83;5.13;288;0;59.00;6
25;0;625870587;25;145;313;318;7.28;0.45;34.72;5.12;288;0;60.00;5
25;0;625870590;25;146;313;318;7.36;0.45;34.72;5.12;288;0;61.00;5
25;0;625870593;25;149;317;322;7.44;0.46;34.72;5.07;292;0;62.00;5
27;0;625870597;27;151;318;323;7.52;0.46;35.26;5.05;291;0;63.00;5
27;0;625870600;27;153;318;323;7.58;0.47;35.26;5.05;291;0;64.00;5
28;0;625870603;28;155;319;324;7.69;0.47;36.18;5.04;291;0;65.00;5
28;0;625870606;28;156;319;324;7.71;0.47;36.18;5.04;291;0;66.00;5
29;0;625870609;29;146;319;324;7.74;0.47;36.07;5.04;290;0;67.00;5
29;0;625870613;29;143;319;324;7.79;0.48;36.07;5.04;290;0;68.00;5
30;0;625870616;30;137;319;324;7.89;0.48;37.17;5.04;289;0;69.00;5
30;0;625870621;30;133;319;324;7.99;0.49;37.17;5.04;289;0;70.00;5
31;0;625870625;31;131;319;324;8.08;0.49;38.26;5.04;288;0;71.00;5
31;0;625870635;31;134;355;394;8.25;0.51;38.26;4.53;324;0;72.00;39
31;0;625870646;31;126;356;395;8.48;0.52;38.26;4.52;325;0;73.00;39
32;0;625870650;32;121;361;395;8.82;0.54;39.25;4.48;329;0;74.00;34
35;0;625870654;35;117;367;395;9.25;0.56;41.94;4.46;332;0;75.00;28
35;0;625870657;35;115;370;395;9.48;0.58;41.94;4.45;335;0;76.00;25
35;0;625870676;35;112;373;395;9.60;0.59;41.94;4.46;338;0;77.00;22
35;0;625870681;35;110;376;395;9.74;0.59;41.94;4.47;341;0;78.00;19
36;0;625870696;36;110;378;395;9.79;0.60;42.47;4.48;342;0;79.00;17
36;0;625870712;36;113;380;396;9.78;0.59;42.47;4.48;344;0;80.00;16
37;0;625870719;37;113;381;397;9.75;0.59;43.51;4.47;344;0;81.00;16
37;0;625870734;37;116;382;397;9.84;0.60;43.51;4.49;345;0;82.00;15
39;0;625870741;39;120;386;401;9.68;0.59;45.54;4.45;347;0;83.00;15
39;0;625870748;39;123;386;401;9.66;0.59;45.54;4.45;347;0;84.00;15
39;0;625870753;39;126;386;401;9.61;0.58;45.54;4.45;347;0;85.00;15
39;0;625870759;39;128;386;401;9.49;0.58;45.54;4.45;347;0;86.00;15
42;0;625870764;42;130;390;407;9.26;0.56;48.29;4.42;348;0;87.00;17
43;0;625870780;43;130;390;407;9.11;0.55;49.21;4.42;347;0;88.00;17
45;0;625870784;45;131;391;407;8.97;0.55;50.98;4.41;346;0;89.00;16
46;0;625870791;46;130;394;413;8.94;0.54;51.83;4.38;348;0;90.00;19
49;0;625870795;49;132;395;413;8.84;0.54;54.10;4.37;346;0;91.00;18
50;0;625870799;50;137;395;413;8.84;0.54;54.86;4.37;345;0;92.00;18
51;0;625870803;51;136;397;414;8.85;0.54;55.61;4.36;346;0;93.00;17
51;0;625870807;51;136;398;415;8.94;0.54;55.61;4.35;347;0;94.00;17
51;0;625870811;51;136;399;415;8.95;0.54;55.61;4.35;348;0;95.00;16
51;0;625870815;51;138;409;428;8.88;0.54;55.61;4.24;358;0;96.00;19
53;0;625870820;53;138;410;428;8.83;0.54;57.17;4.24;357;0;97.00;18
55;0;625870824;55;138;410;428;8.89;0.54;57.35;4.24;355;0;98.00;18
58;0;625870829;58;133;411;429;8.91;0.54;59.50;4.23;353;0;99.00;18
61;0;625870835;61;131;411;429;8.90;0.54;61.13;4.23;350;0;100.00;18
61;0;625870846;61;129;413;433;9.07;0.55;61.13;4.21;352;0;101.00;20
62;0;625870851;62;123;413;433;9.08;0.56;61.77;4.21;351;0;102.00;20
63;0;625870855;63;116;418;437;9.04;0.55;62.43;4.18;355;0;103.00;19
63;0;625870861;63;112;418;437;9.15;0.56;62.43;4.18;355;0;104.00;19
63;0;625870865;63;109;418;437;9.27;0.57;62.43;4.18;355;0;105.00;19
65;0;625870871;65;101;418;437;9.40;0.57;63.69;4.18;353;0;106.00;19
65;0;625870876;65;92;418;437;9.52;0.58;63.69;4.18;353;0;107.00;19
67;0;625870881;67;85;429;449;9.64;0.59;64.91;4.07;362;0;108.00;20
67;0;625870887;67;81;429;449;9.72;0.60;64.91;4.07;362;0;109.00;20
68;0;625870892;68;77;430;449;9.97;0.61;65.22;4.07;362;0;110.00;19
69;0;625870896;69;75;430;449;10.19;0.62;65.86;4.07;361;0;111.00;19
69;0;625870901;69;74;430;449;10.37;0.64;65.86;4.07;361;0;112.00;19
69;0;625870907;69;73;430;449;10.55;0.65;65.86;4.07;361;0;113.00;19
69;0;625870912;69;70;431;450;10.74;0.66;65.86;4.06;362;0;114.00;19
70;0;625870917;70;68;431;450;10.87;0.67;66.26;4.06;361;0;115.00;19
70;0;625870922;70;66;435;456;11.00;0.68;66.26;4.03;365;0;116.00;21
72;0;625870928;72;68;438;457;11.15;0.68;67.57;4.27;366;0;117.00;19
73;0;625870935;73;68;439;457;11.16;0.68;67.60;4.37;366;0;118.00;18
75;1;625870947;75;68;439;457;11.29;0.69;68.93;4.37;364;1;119.00;18
76;1;625870972;76;74;445;462;11.49;0.70;69.59;4.69;369;1;120.00;17
76;1;625870979;76;75;445;462;11.57;0.71;69.59;4.69;369;1;121.00;17
78;1;625870984;78;75;448;462;11.62;0.71;70.91;5.15;370;1;122.00;14
80;1;625870991;80;75;449;463;11.74;0.71;72.16;5.14;369;1;123.00;14
80;1;625870997;80;76;455;467;11.64;0.71;72.16;5.36;375;1;124.00;12
83;1;625871003;83;79;456;467;11.66;0.71;73.60;5.47;373;1;125.00;11
83;1;625871009;83;83;461;470;11.68;0.71;73.60;5.81;378;1;126.00;9
83;1;625871022;83;86;461;470;11.74;0.72;73.60;5.81;378;1;127.00;9
84;1;625871029;84;87;462;470;11.83;0.72;74.23;5.81;378;1;128.00;8
85;1;625871035;85;87;465;470;11.85;0.72;74.85;6.05;380;1;129.00;5
85;1;625871042;85;89;467;474;12.04;0.73;74.85;6.02;382;1;130.00;7
88;1;625871048;88;91;469;474;12.01;0.73;75.60;6.04;381;1;131.00;5
90;1;625871055;90;91;471;474;12.05;0.73;76.86;6.14;381;1;132.00;3
91;1;625871062;91;92;471;474;12.15;0.74;77.46;6.14;380;1;133.00;3
93;1;625871068;93;92;473;475;12.14;0.74;77.49;6.20;380;1;134.00;2
95;1;625871075;95;89;475;477;12.13;0.74;78.35;6.17;380;1;135.00;2
95;1;625871082;95;89;475;477;12.17;0.74;78.35;6.17;380;1;136.00;2
96;1;625871088;96;90;476;478;12.18;0.74;78.80;6.16;380;1;137.00;2
99;1;625871095;99;90;478;478;12.09;0.74;80.45;6.26;379;1;138.00;0
100;1;625871102;100;94;478;478;12.04;0.73;80.32;6.26;378;1;139.00;0
102;1;625871108;102;96;478;478;11.86;0.72;80.75;6.26;376;1;140.00;0
104;1;625871114;104;99;478;478;11.75;0.72;81.88;6.26;374;1;141.00;0
108;1;625871121;108;102;478;478;11.70;0.72;82.40;6.26;370;1;142.00;0
109;1;625871129;109;103;478;478;11.57;0.71;82.95;6.26;369;1;143.00;0
109;1;625871137;109;123;551;605;11.16;0.70;82.95;5.44;442;1;144.00;54
113;1;625871157;113;116;557;606;11.03;0.69;84.73;5.39;444;1;145.00;49
114;1;625871168;114;116;564;606;11.03;0.69;85.03;5.35;450;1;146.00;42
116;1;625871176;116;118;567;606;10.96;0.69;85.41;5.34;451;1;147.00;39
116;1;625871184;116;119;571;606;10.91;0.68;85.41;5.33;455;1;148.00;35
117;1;625871192;117;119;574;606;10.88;0.68;85.45;5.33;457;1;149.00;32
120;1;625871200;120;120;576;611;10.69;0.67;86.85;5.33;456;1;150.00;35
122;1;625871209;122;121;581;611;10.62;0.66;87.75;5.34;459;1;151.00;30
124;1;625871217;124;118;583;612;10.59;0.66;88.18;5.35;459;1;152.00;29
125;1;625871223;125;121;586;613;10.62;0.66;88.68;5.37;461;1;153.00;27
129;1;625871239;129;124;589;613;10.61;0.66;88.45;5.39;460;1;154.00;24
131;1;625871246;131;128;591;614;10.58;0.66;88.78;5.40;460;1;155.00;23
131;1;625871253;131;130;595;614;10.63;0.66;88.78;5.44;464;1;156.00;19
131;1;625871259;131;134;596;614;10.70;0.67;88.78;5.45;465;1;157.00;18
131;1;625871266;131;140;600;614;10.72;0.67;88.78;5.51;469;1;158.00;14
132;1;625871271;132;144;604;618;10.64;0.66;89.23;5.54;472;1;159.00;14
134;1;625871285;134;150;606;618;10.50;0.65;89.75;5.56;472;1;160.00;12
134;1;625871299;134;151;609;618;10.45;0.65;89.75;5.58;475;1;161.00;9
135;1;625871306;135;151;610;621;10.26;0.63;90.24;5.60;475;1;162.00;11
136;1;625871312;136;153;612;621;10.15;0.63;90.77;5.59;476;1;163.00;9
136;1;625871318;136;156;613;621;9.97;0.62;90.77;5.60;477;1;164.00;8
139;1;625871324;139;156;617;625;9.77;0.60;90.47;5.59;478;1;165.00;8
141;1;625871330;141;154;618;626;9.66;0.60;91.52;5.59;477;1;166.00;8
143;1;625871337;143;152;618;626;9.37;0.58;92.23;5.59;475;1;167.00;8
144;1;625871342;144;152;623;630;9.22;0.57;92.67;5.58;479;1;168.00;7
146;1;625871349;146;153;624;630;9.06;0.56;93.59;5.58;478;1;169.00;6
146;2;625871355;146;149;625;630;9.08;0.56;93.59;5.60;479;2;170.00;5
149;2;625871368;149;144;627;631;9.08;0.56;94.06;5.63;478;2;171.00;4
153;2;625871380;153;139;629;631;9.03;0.56;95.92;5.65;476;2;172.00;2
155;2;625871386;155;137;633;637;9.06;0.56;96.25;5.62;478;2;173.00;4
156;2;625871396;156;135;633;637;9.08;0.56;96.68;5.62;477;2;174.00;4
156;3;625871403;156;134;635;638;9.11;0.56;96.68;5.63;479;3;175.00;3
157;3;625871424;157;137;636;638;9.18;0.57;97.08;5.66;479;3;176.00;2
157;3;625871430;157;132;637;638;9.30;0.57;97.08;5.66;480;3;177.00;1
158;3;625871437;158;130;638;638;9.40;0.58;97.04;5.66;480;3;178.00;0
158;3;625871443;158;133;638;638;9.55;0.59;97.04;5.66;480;3;179.00;0
158;3;625871451;158;138;668;672;9.62;0.60;97.04;5.41;510;3;180.00;4
161;3;625871459;161;130;669;672;9.68;0.60;97.73;5.40;508;3;181.00;3
162;3;625871466;162;123;670;672;9.76;0.60;97.48;5.39;508;3;182.00;2
164;3;625871480;164;125;670;672;9.81;0.61;97.98;5.39;506;3;183.00;2
165;3;625871487;165;131;671;672;9.83;0.61;98.43;5.39;506;3;184.00;1
167;3;625871494;167;134;672;672;9.81;0.61;98.75;5.39;505;3;185.00;0
168;3;625871500;168;142;676;676;9.88;0.61;99.26;5.37;508;3;186.00;0
171;3;625871507;171;149;676;676;9.86;0.61;99.50;5.37;505;3;187.00;0
173;3;625871514;173;153;679;680;9.86;0.61;99.37;5.35;506;3;188.00;1
175;3;625871521;175;155;681;681;9.76;0.61;99.63;5.33;506;3;189.00;0
179;3;625871528;179;166;681;681;9.62;0.59;99.97;5.33;502;3;190.00;0
180;3;625871535;180;168;681;681;9.51;0.59;100.06;5.33;501;3;191.00;0
183;3;625871541;183;177;694;694;9.52;0.59;99.32;5.23;511;3;192.00;0
185;3;625871549;185;175;694;694;9.34;0.58;99.96;5.23;509;3;193.00;0
191;3;625871555;191;177;694;694;9.15;0.56;100.26;5.23;503;3;194.00;0
196;3;625871562;196;183;695;695;9.00;0.55;101.02;5.23;499;3;195.00;0
196;3;625871569;196;193;696;696;8.86;0.54;101.02;5.22;500;3;196.00;0
199;3;625871582;199;197;696;696;8.73;0.54;100.29;5.22;497;3;197.00;0
201;3;625871589;201;202;698;699;8.66;0.53;100.94;5.21;497;3;198.00;1
204;3;625871596;204;203;699;699;8.54;0.52;101.19;5.20;495;3;199.00;0
208;3;625871604;208;205;699;699;8.43;0.51;100.61;5.20;491;3;200.00;0
209;3;625871615;209;207;699;699;8.30;0.51;100.82;5.20;490;3;201.00;0
210;3;625871622;210;211;704;705;8.22;0.50;100.49;5.17;494;3;202.00;1
211;3;625871628;211;212;705;705;8.16;0.50;100.81;5.17;494;3;203.00;0
213;3;625871634;213;219;705;705;8.02;0.49;101.74;5.17;492;3;204.00;0
213;3;625871648;213;225;705;705;7.93;0.49;101.74;5.17;492;3;205.00;0
216;3;625871655;216;229;709;709;7.81;0.48;101.98;5.14;493;3;206.00;0
216;3;625871662;216;233;710;710;7.74;0.48;101.98;5.14;494;3;207.00;0
217;3;625871670;217;236;710;710;7.63;0.47;102.41;5.14;493;3;208.00;0
217;3;625871676;217;241;711;711;7.55;0.46;102.41;5.13;494;3;209.00;0
217;3;625871683;217;246;711;711;7.46;0.46;102.41;5.13;494;3;210.00;0
218;3;625871689;218;251;711;711;7.38;0.46;102.24;5.13;493;3;211.00;0
219;3;625871695;219;257;711;711;7.35;0.45;101.87;5.13;492;3;212.00;0
221;3;625871702;221;263;711;711;7.29;0.45;101.76;5.13;490;3;213.00;0
223;3;625871708;223;263;711;711;7.25;0.45;101.74;5.13;488;3;214.00;0
223;3;625871713;223;262;711;711;7.20;0.45;101.74;5.13;488;3;215.00;0
225;3;625871719;225;273;754;781;7.40;0.46;101.72;4.84;529;3;216.00;27
225;3;625871731;225;257;756;782;7.40;0.46;101.72;4.83;531;3;217.00;26
228;3;625871738;228;250;764;782;7.50;0.47;102.75;4.80;536;3;218.00;18
228;3;625871745;228;227;766;782;7.63;0.47;102.75;4.79;538;3;219.00;16
232;3;625871751;232;217;770;782;7.80;0.48;104.15;4.79;538;3;220.00;12
232;3;625871758;232;216;774;782;8.00;0.49;104.15;4.79;542;3;221.00;8
233;3;625871766;233;207;779;782;8.28;0.51;104.39;4.80;546;3;222.00;3
234;3;625871773;234;199;780;782;8.40;0.52;104.27;4.80;546;3;223.00;2
235;4;625871779;235;195;782;783;8.52;0.52;104.43;4.80;547;4;224.00;1
238;4;625871798;238;189;785;785;8.53;0.52;105.90;4.79;547;4;225.00;0
240;4;625871806;240;178;785;785;8.61;0.53;106.47;4.79;545;4;226.00;0
242;5;625871815;242;166;789;789;8.68;0.53;107.43;4.77;547;5;227.00;0
243;5;625871836;243;153;789;789;8.87;0.54;107.72;4.77;546;5;228.00;0
243;6;625871844;243;141;789;789;9.12;0.56;107.72;4.77;546;6;229.00;0
244;6;625871871;244;133;789;789;9.34;0.57;107.38;4.77;545;6;230.00;0
245;6;625871879;245;125;794;795;9.54;0.58;107.38;4.75;549;6;231.00;1
246;6;625871888;246;122;794;795;9.70;0.59;107.17;4.75;548;6;232.00;1
250;6;625871896;250;117;795;795;9.85;0.60;108.39;4.75;545;6;233.00;0
250;7;625871911;250;117;797;798;9.92;0.60;108.39;4.74;547;7;234.00;1
253;7;625871927;253;114;798;798;10.04;0.61;109.08;4.73;545;7;235.00;0
254;7;625871936;254;111;798;798;10.05;0.61;108.72;4.73;544;7;236.00;0
255;7;625871950;255;105;799;799;10.12;0.62;109.12;4.73;544;7;237.00;0
256;7;625871959;256;99;800;800;10.17;0.62;108.98;4.72;544;7;238.00;0
259;7;625871975;259;96;800;800;10.20;0.62;110.27;4.72;541;7;239.00;0
262;7;625871984;262;102;824;826;10.04;0.61;111.10;4.58;562;7;240.00;2
265;7;625872000;265;96;825;826;10.08;0.61;112.53;4.58;560;7;241.00;1
266;7;625872008;266;91;826;826;10.21;0.62;112.47;4.58;560;7;242.00;0
270;7;625872015;270;94;827;827;10.28;0.63;112.83;4.57;557;7;243.00;0
272;7;625872022;272;98;827;827;10.32;0.63;113.23;4.57;555;7;244.00;0
274;7;625872030;274;101;830;831;10.34;0.63;113.50;4.56;556;7;245.00;1
276;7;625872038;276;106;830;831;10.36;0.63;113.67;4.56;554;7;246.00;1
278;7;625872045;278;110;835;835;10.38;0.63;114.35;4.54;557;7;247.00;0
282;7;625872053;282;119;835;835;10.37;0.63;115.71;4.54;553;7;248.00;0
285;7;625872061;285;123;835;835;10.35;0.63;116.33;4.54;550;7;249.00;0
289;7;625872067;289;132;835;835;10.31;0.63;116.93;4.54;546;7;250.00;0
289;7;625872075;289;135;835;835;10.28;0.63;116.93;4.54;546;7;251.00;0
289;7;625872081;289;137;846;847;10.22;0.62;116.93;4.48;557;7;252.00;1
291;7;625872098;291;137;846;847;10.22;0.62;117.54;4.48;555;7;253.00;1
293;7;625872105;293;142;847;847;10.21;0.62;117.99;4.48;554;7;254.00;0
294;7;625872118;294;151;847;847;10.20;0.62;118.11;4.48;553;7;255.00;0
295;7;625872125;295;149;847;847;10.17;0.62;118.31;4.48;552;7;256.00;0
296;7;625872131;296;155;847;847;10.09;0.61;118.70;4.48;551;7;257.00;0
298;7;625872138;298;160;848;848;10.04;0.61;118.98;4.47;550;7;258.00;0
298;7;625872144;298;159;848;848;9.99;0.61;118.98;4.47;550;7;259.00;0
298;7;625872151;298;154;853;854;9.97;0.61;118.98;4.45;555;7;260.00;1
300;7;625872160;300;153;854;855;10.01;0.61;118.81;4.45;554;7;261.00;1
301;7;625872167;301;149;855;855;10.03;0.61;118.80;4.45;554;7;262.00;0
304;7;625872175;304;143;855;855;10.05;0.61;118.97;4.45;551;7;263.00;0
304;7;625872190;304;141;859;859;10.08;0.61;118.97;4.42;555;7;264.00;0
304;7;625872198;304;136;859;859;10.14;0.61;118.97;4.42;555;7;265.00;0
305;7;625872205;305;131;859;859;10.20;0.62;119.44;4.42;554;7;266.00;0
308;7;625872212;308;132;860;860;10.28;0.62;120.33;4.42;552;7;267.00;0
311;7;625872220;311;133;864;864;10.23;0.62;120.78;4.41;553;7;268.00;0
315;7;625872228;315;130;864;864;10.29;0.62;121.63;4.41;549;7;269.00;0
319;7;625872237;319;125;867;870;10.42;0.63;122.24;4.39;548;7;270.00;3
321;7;625872245;321;121;867;870;10.54;0.64;122.71;4.39;546;7;271.00;3
322;7;625872253;322;120;868;870;10.61;0.64;122.60;4.39;546;7;272.00;2
325;7;625872260;325;116;868;870;10.68;0.65;122.55;4.39;543;7;273.00;2
329;7;625872267;329;112;871;874;10.74;0.65;122.93;4.38;542;7;274.00;3
331;7;625872274;331;106;871;874;10.84;0.66;122.98;4.38;540;7;275.00;3
333;7;625872281;333;102;872;874;10.98;0.67;122.88;4.38;539;7;276.00;2
337;7;625872288;337;95;872;874;11.06;0.67;123.38;4.38;535;7;277.00;2
341;7;625872295;341;92;874;875;11.10;0.67;124.23;4.38;533;7;278.00;1
341;7;625872303;341;86;875;876;11.19;0.68;124.23;4.37;534;7;279.00;1
342;7;625872310;342;84;876;876;11.25;0.68;124.15;4.38;534;7;280.00;0
343;7;625872317;343;81;877;877;11.35;0.69;123.98;4.37;534;7;281.00;0
344;7;625872325;344;82;877;877;11.39;0.69;123.81;4.37;533;7;282.00;0
345;7;625872333;345;82;877;877;11.44;0.70;123.54;4.37;532;7;283.00;0
349;7;625872340;349;83;877;877;11.56;0.70;124.06;4.37;528;7;284.00;0
351;7;625872348;351;85;877;877;11.69;0.71;124.35;4.37;526;7;285.00;0
354;7;625872355;354;86;877;877;11.77;0.71;124.83;4.37;523;7;286.00;0
354;7;625872363;354;84;877;877;11.76;0.71;124.83;4.37;523;7;287.00;0
355;7;625872370;355;103;945;1004;11.28;0.70;124.88;4.06;590;7;288.00;59
358;7;625872389;358;93;949;1005;11.28;0.69;125.65;4.05;591;7;289.00;56
359;7;625872399;359;86;954;1005;11.38;0.70;125.98;4.04;595;7;290.00;51
359;7;625872407;359;87;958;1005;11.44;0.70;125.98;4.03;599;7;291.00;47
359;7;625872415;359;83;964;1005;11.59;0.71;125.98;4.03;605;7;292.00;41
360;7;625872424;360;87;966;1005;11.65;0.72;126.43;4.03;606;7;293.00;39
366;7;625872432;366;85;971;1005;11.68;0.72;126.67;4.04;605;7;294.00;34
367;7;625872441;367;87;976;1005;11.72;0.72;127.07;4.06;609;7;295.00;29
369;7;625872449;369;89;981;1006;11.75;0.72;126.55;4.08;612;7;296.00;25
372;7;625872458;372;92;983;1007;11.81;0.73;126.94;4.09;611;7;297.00;24
372;7;625872469;372;95;986;1007;11.86;0.73;126.94;4.11;614;7;298.00;21
374;7;625872477;374;96;989;1008;11.90;0.73;127.86;4.13;615;7;299.00;19
375;7;625872488;375;99;994;1014;11.84;0.73;127.98;4.16;619;7;300.00;20
375;7;625872502;375;102;996;1014;11.78;0.73;127.98;4.18;621;7;301.00;18
377;7;625872511;377;110;999;1014;11.71;0.72;128.53;4.20;622;7;302.00;15
379;7;625872520;379;114;1003;1018;11.66;0.72;128.44;4.21;624;7;303.00;15
379;7;625872529;379;122;1005;1018;11.58;0.71;128.44;4.23;626;7;304.00;13
381;7;625872539;381;126;1007;1018;11.48;0.71;129.30;4.25;626;7;305.00;11
383;7;625872549;383;132;1011;1021;11.39;0.70;129.78;4.25;628;7;306.00;10
386;7;625872560;386;144;1012;1021;11.29;0.69;130.27;4.25;626;7;307.00;9
389;7;625872570;389;145;1012;1021;11.24;0.69;130.45;4.25;623;7;308.00;9
391;7;625872580;391;151;1015;1025;11.15;0.68;130.80;4.24;624;7;309.00;10
393;7;625872590;393;155;1016;1026;11.13;0.68;131.14;4.24;623;7;310.00;10
393;7;625872599;393;161;1016;1026;11.02;0.68;131.14;4.24;623;7;311.00;10
399;7;625872607;399;165;1021;1030;10.85;0.67;131.97;4.23;622;7;312.00;9
402;7;625872618;402;168;1022;1030;10.71;0.66;132.61;4.24;620;7;313.00;8
402;7;625872626;402;169;1022;1030;10.63;0.66;132.61;4.24;620;7;314.00;8
405;7;625872634;405;173;1024;1032;10.49;0.65;132.60;4.23;619;7;315.00;8
406;7;625872649;406;176;1024;1032;10.31;0.64;132.73;4.23;618;7;316.00;8
408;7;625872657;408;178;1028;1038;10.15;0.63;132.55;4.22;620;7;317.00;10
409;7;625872677;409;182;1029;1038;10.01;0.62;132.98;4.23;620;7;318.00;9
413;7;625872689;413;181;1030;1039;9.85;0.61;133.65;4.23;617;7;319.00;9
415;7;625872704;415;180;1031;1039;9.78;0.60;134.19;4.25;616;7;320.00;8
419;7;625872717;419;184;1034;1039;9.72;0.60;135.29;4.29;615;7;321.00;5
421;7;625872731;421;190;1036;1039;9.68;0.59;135.74;4.30;615;7;322.00;3
424;7;625872755;424;194;1036;1039;9.66;0.59;136.17;4.30;612;7;323.00;3
426;7;625872768;426;199;1049;1051;9.71;0.59;135.92;4.29;623;7;324.00;2
429;7;625872782;429;196;1049;1051;9.68;0.59;136.42;4.29;620;7;325.00;2
431;7;625872791;431;198;1051;1051;9.59;0.59;136.56;4.32;620;7;326.00;0
433;7;625872800;433;200;1051;1051;9.56;0.58;136.99;4.32;618;7;327.00;0
435;7;625872809;435;204;1051;1051;9.58;0.58;136.96;4.32;616;7;328.00;0
436;7;625872817;436;207;1051;1051;9.55;0.58;137.07;4.32;615;7;329.00;0
438;7;625872827;438;211;1055;1055;9.51;0.58;137.08;4.31;617;7;330.00;0
438;7;625872836;438;214;1055;1055;9.49;0.58;137.08;4.31;617;7;331.00;0
441;7;625872850;441;217;1058;1059;9.45;0.57;138.08;4.30;617;7;332.00;1
442;7;625872859;442;220;1060;1060;9.28;0.57;138.25;4.29;618;7;333.00;0
443;7;625872867;443;224;1060;1060;9.18;0.56;138.69;4.29;617;7;334.00;0
445;7;625872874;445;223;1060;1060;8.98;0.55;139.25;4.29;615;7;335.00;0
449;7;625872889;449;231;1073;1073;8.80;0.54;139.48;4.24;624;7;336.00;0
454;7;625872897;454;235;1073;1073;8.55;0.52;139.66;4.24;619;7;337.00;0
459;7;625872904;459;241;1073;1073;8.24;0.51;140.82;4.24;614;7;338.00;0
460;7;625872911;460;248;1074;1074;8.09;0.50;140.92;4.24;614;7;339.00;0
466;7;625872917;466;245;1075;1075;7.89;0.48;142.20;4.24;609;7;340.00;0
468;7;625872924;468;245;1075;1075;7.70;0.48;143.05;4.24;607;7;341.00;0
473;7;625872931;473;246;1077;1078;7.62;0.47;143.61;4.23;604;7;342.00;1
476;7;625872938;476;247;1077;1078;7.56;0.47;144.06;4.23;601;7;343.00;1
479;7;625872944;479;241;1078;1078;7.56;0.47;144.94;4.23;599;7;344.00;0
482;7;625872951;482;245;1078;1078;7.56;0.47;144.68;4.23;596;7;345.00;0
486;7;625872958;486;243;1083;1084;7.61;0.47;145.41;4.21;597;7;346.00;1
488;7;625872966;488;242;1083;1084;7.56;0.47;145.73;4.21;595;7;347.00;1
491;7;625872974;491;237;1084;1084;7.55;0.46;146.34;4.21;593;7;348.00;0
492;7;625872981;492;234;1084;1084;7.50;0.46;146.68;4.21;592;7;349.00;0
494;7;625872987;494;231;1088;1088;7.54;0.47;147.19;4.20;594;7;350.00;0
499;7;625872994;499;229;1089;1089;7.46;0.46;146.98;4.19;590;7;351.00;0
505;7;625873001;505;237;1089;1089;7.40;0.45;147.23;4.19;584;7;352.00;0
508;7;625873007;508;234;1090;1090;7.45;0.46;146.79;4.19;582;7;353.00;0
509;7;625873015;509;239;1090;1090;7.56;0.46;147.18;4.19;581;7;354.00;0
513;7;625873022;513;242;1090;1090;7.53;0.46;146.52;4.19;577;7;355.00;0
515;7;625873028;515;245;1090;1090;7.52;0.46;146.44;4.19;575;7;356.00;0
517;7;625873035;517;249;1090;1090;7.48;0.46;146.55;4.19;573;7;357.00;0
521;7;625873048;521;248;1090;1090;7.36;0.45;146.06;4.19;569;7;358.00;0
523;7;625873057;523;249;1090;1090;7.28;0.45;146.04;4.19;567;7;359.00;0
526;7;625873067;526;263;1157;1215;7.50;0.47;146.37;3.95;631;7;360.00;58
526;7;625873085;526;259;1165;1216;7.45;0.47;146.37;3.93;639;7;361.00;51
528;8;625873094;528;260;1178;1216;7.51;0.47;146.27;3.91;650;8;362.00;38
528;8;625873119;528;257;1181;1216;7.54;0.47;146.27;3.91;653;8;363.00;35
533;8;625873127;533;255;1187;1216;7.56;0.47;146.76;3.91;654;8;364.00;29
534;8;625873141;534;253;1189;1216;7.57;0.47;146.84;3.91;655;8;365.00;27
538;8;625873149;538;257;1195;1216;7.54;0.47;146.66;3.92;657;8;366.00;21
538;8;625873157;538;258;1198;1216;7.48;0.46;146.66;3.93;660;8;367.00;18
540;8;625873166;540;261;1203;1217;7.44;0.46;146.58;3.94;663;8;368.00;14
542;8;625873174;542;266;1205;1218;7.36;0.45;146.53;3.95;663;8;369.00;13
543;8;625873183;543;271;1208;1218;7.34;0.45;146.71;3.96;665;8;370.00;10
544;8;625873191;544;266;1213;1222;7.31;0.45;146.53;3.96;669;8;371.00;9
544;8;625873201;544;260;1217;1222;7.32;0.45;146.53;3.98;673;8;372.00;5
547;8;625873210;547;261;1218;1222;7.35;0.45;146.71;3.98;671;8;373.00;4
548;8;625873219;548;253;1218;1222;7.42;0.46;147.06;3.98;670;8;374.00;4
550;8;625873228;550;246;1223;1228;7.54;0.47;146.89;3.98;673;8;375.00;5
550;8;625873238;550;245;1223;1228;7.73;0.48;146.89;3.98;673;8;376.00;5
553;8;625873246;553;241;1224;1228;7.86;0.48;147.13;3.98;671;8;377.00;4
554;8;625873255;554;236;1227;1231;7.98;0.49;147.29;3.99;673;8;378.00;4
555;8;625873265;555;234;1229;1231;8.07;0.50;147.40;4.00;674;8;379.00;2
555;8;625873275;555;228;1230;1231;8.16;0.50;147.40;4.00;675;8;380.00;1
558;8;625873289;558;228;1232;1232;8.16;0.50;147.55;4.01;674;8;381.00;0
560;8;625873299;560;228;1233;1233;8.32;0.51;147.41;4.01;673;8;382.00;0
561;8;625873314;561;229;1233;1233;8.43;0.52;147.44;4.01;672;8;383.00;0
562;8;625873323;562;229;1246;1246;8.57;0.52;147.51;3.96;684;8;384.00;0
563;8;625873334;563;231;1246;1246;8.61;0.53;147.67;3.96;683;8;385.00;0
564;8;625873344;564;230;1246;1246;8.69;0.53;147.76;3.96;682;8;386.00;0
565;8;625873353;565;222;1247;1247;8.78;0.54;147.92;3.96;682;8;387.00;0
566;8;625873364;566;216;1247;1247;8.80;0.54;148.03;3.96;681;8;388.00;0
569;8;625873373;569;214;1250;1251;8.87;0.54;147.97;3.95;681;8;389.00;1
571;8;625873387;571;211;1250;1251;8.92;0.54;148.02;3.95;679;8;390.00;1
574;8;625873397;574;215;1255;1255;8.97;0.55;147.65;3.94;681;8;391.00;0
578;8;625873414;578;213;1255;1255;9.03;0.55;147.54;3.94;677;8;392.00;0
579;8;625873425;579;214;1255;1255;9.10;0.55;147.72;3.94;676;8;393.00;0
580;8;625873441;580;214;1255;1255;9.19;0.56;147.87;3.94;675;8;394.00;0
581;8;625873451;581;214;1255;1255;9.22;0.56;148.17;3.94;674;8;395.00;0
584;8;625873467;584;199;1266;1267;9.26;0.56;148.74;3.91;682;8;396.00;1
585;8;625873478;585;185;1267;1267;9.32;0.57;148.79;3.91;682;8;397.00;0
590;8;625873489;590;180;1267;1267;9.32;0.57;149.37;3.91;677;8;398.00;0
590;8;625873498;590;177;1267;1267;9.42;0.58;149.37;3.91;677;8;399.00;0
594;8;625873509;594;165;1267;1267;9.46;0.58;149.62;3.91;673;8;400.00;0
596;8;625873524;596;160;1267;1267;9.53;0.58;150.15;3.91;671;8;401.00;0
597;8;625873536;597;154;1268;1268;9.56;0.58;150.09;3.91;671;8;402.00;0
601;8;625873546;601;156;1268;1268;9.61;0.59;150.66;3.91;667;8;403.00;0
603;8;625873557;603;161;1273;1274;9.63;0.59;151.13;3.89;670;8;404.00;1
605;8;625873567;605;167;1276;1276;9.69;0.59;151.43;3.89;671;8;405.00;0
607;8;625873578;607;173;1276;1276;9.76;0.60;151.79;3.89;669;8;406.00;0
610;8;625873588;610;169;1276;1276;9.76;0.60;152.72;3.89;666;8;407.00;0
614;8;625873598;614;170;1280;1280;9.73;0.59;153.33;3.87;666;8;408.00;0
617;8;625873608;617;170;1280;1280;9.80;0.60;153.51;3.87;663;8;409.00;0
620;8;625873624;620;166;1280;1280;9.87;0.60;153.80;3.87;660;8;410.00;0
623;8;625873634;623;161;1281;1281;9.98;0.61;154.35;3.87;658;8;411.00;0
629;8;625873644;629;166;1285;1285;9.87;0.60;155.53;3.86;656;8;412.00;0
632;8;625873655;632;162;1285;1285;9.92;0.60;156.15;3.86;653;8;413.00;0
636;8;625873668;636;159;1287;1288;10.04;0.61;156.23;3.86;651;8;414.00;1
637;8;625873681;637;154;1287;1288;10.20;0.62;156.50;3.86;650;8;415.00;1
638;8;625873691;638;155;1288;1288;10.28;0.63;156.90;3.86;650;8;416.00;0
643;8;625873700;643;156;1288;1288;10.32;0.63;158.11;3.86;645;8;417.00;0
644;8;625873710;644;156;1291;1292;10.43;0.64;158.49;3.85;647;8;418.00;1
646;9;625873721;646;157;1291;1292;10.51;0.64;158.84;3.85;645;9;419.00;1
648;9;625873741;648;156;1292;1292;10.57;0.65;159.42;3.85;644;9;420.00;0
651;9;625873750;651;155;1292;1292;10.63;0.65;160.39;3.85;641;9;421.00;0
653;9;625873759;653;158;1293;1293;10.59;0.65;161.05;3.85;640;9;422.00;0
655;9;625873768;655;165;1294;1294;10.66;0.65;161.21;3.84;639;9;423.00;0
658;9;625873777;658;164;1294;1294;10.61;0.65;161.18;3.84;636;9;424.00;0
660;9;625873792;660;167;1295;1295;10.57;0.65;161.51;3.84;635;9;425.00;0
665;9;625873800;665;167;1295;1295;10.53;0.64;161.69;3.84;630;9;426.00;0
669;9;625873809;669;166;1295;1295;10.46;0.64;162.00;3.84;626;9;427.00;0
671;9;625873818;671;169;1295;1295;10.41;0.63;162.43;3.84;624;9;428.00;0
671;9;625873826;671;171;1295;1295;10.39;0.63;162.43;3.84;624;9;429.00;0
673;9;625873835;673;166;1295;1295;10.40;0.63;162.61;3.84;622;9;430.00;0
674;9;625873844;674;160;1295;1295;10.43;0.63;162.54;3.84;621;9;431.00;0
675;9;625873852;675;182;1376;1422;9.93;0.61;162.51;3.62;701;9;432.00;46
678;9;625873871;678;161;1376;1423;9.96;0.61;162.82;3.62;698;9;433.00;47
681;9;625873879;681;154;1382;1423;10.08;0.62;163.29;3.61;701;9;434.00;41
683;9;625873889;683;142;1383;1423;10.10;0.62;163.17;3.61;700;9;435.00;40
685;9;625873897;685;141;1388;1423;10.20;0.63;163.51;3.61;703;9;436.00;35
687;9;625873906;687;138;1391;1423;10.16;0.63;163.58;3.61;704;9;437.00;32
695;9;625873920;695;139;1396;1423;10.22;0.63;164.54;3.62;701;9;438.00;27
702;9;625873929;702;147;1397;1423;10.20;0.63;165.21;3.62;695;9;439.00;26
703;9;625873938;703;147;1400;1424;10.26;0.63;165.55;3.63;697;9;440.00;24
707;9;625873947;707;141;1404;1425;10.31;0.63;166.03;3.65;697;9;441.00;21
708;9;625873956;708;136;1407;1425;10.38;0.64;166.21;3.66;699;9;442.00;18
712;9;625873965;712;131;1410;1426;10.45;0.64;166.39;3.67;698;9;443.00;16
716;9;625873975;716;130;1412;1426;10.41;0.64;166.96;3.69;696;9;444.00;14
717;9;625873984;717;129;1415;1426;10.39;0.64;166.84;3.71;698;9;445.00;11
721;9;625873994;721;120;1417;1426;10.38;0.63;167.58;3.72;696;9;446.00;9
723;9;625874003;723;121;1418;1430;10.38;0.63;167.74;3.72;695;9;447.00;12
725;9;625874019;725;121;1420;1430;10.42;0.64;167.59;3.74;695;9;448.00;10
729;9;625874028;729;119;1421;1430;10.47;0.64;167.94;3.74;692;9;449.00;9
734;9;625874040;734;119;1425;1436;10.54;0.64;168.30;3.74;691;9;450.00;11
735;9;625874051;735;118;1426;1436;10.55;0.64;168.29;3.74;691;9;451.00;10
738;9;625874067;738;120;1427;1436;10.53;0.64;168.27;3.74;689;9;452.00;9
740;9;625874077;740;113;1430;1440;10.50;0.64;168.26;3.74;690;9;453.00;10
741;9;625874087;741;114;1432;1441;10.49;0.64;168.31;3.74;691;9;454.00;9
743;9;625874096;743;117;1432;1441;10.50;0.64;168.49;3.74;689;9;455.00;9
746;9;625874106;746;116;1435;1445;10.59;0.65;168.87;3.73;689;9;456.00;10
748;9;625874116;748;116;1438;1445;10.53;0.64;168.68;3.76;690;9;457.00;7
749;9;625874126;749;119;1438;1445;10.54;0.64;168.57;3.76;689;9;458.00;7
751;9;625874136;751;122;1439;1446;10.53;0.64;168.64;3.76;688;9;459.00;7
753;9;625874145;753;121;1441;1446;10.53;0.64;168.78;3.78;688;9;460.00;5
756;9;625874154;756;124;1445;1452;10.50;0.64;168.81;3.78;689;9;461.00;7
758;9;625874164;758;126;1447;1452;10.43;0.63;168.78;3.79;689;9;462.00;5
760;9;625874174;760;125;1447;1453;10.40;0.63;168.69;3.79;687;9;463.00;6
764;9;625874184;764;128;1447;1453;10.42;0.63;168.42;3.79;683;9;464.00;6
765;9;625874194;765;129;1448;1453;10.38;0.63;168.43;3.80;683;9;465.00;5
767;9;625874203;767;127;1448;1453;10.42;0.63;168.51;3.80;681;9;466.00;5
768;9;625874213;768;129;1448;1453;10.41;0.63;168.62;3.80;680;9;467.00;5
769;9;625874223;769;134;1458;1465;10.49;0.64;168.73;3.77;689;9;468.00;7
769;9;625874234;769;133;1459;1465;10.52;0.64;168.73;3.78;690;9;469.00;6
773;9;625874243;773;134;1460;1465;10.59;0.65;169.40;3.77;687;9;470.00;5
775;9;625874253;775;141;1461;1465;10.59;0.65;169.53;3.79;686;9;471.00;4
778;9;625874262;778;149;1461;1465;10.62;0.65;169.30;3.79;683;9;472.00;4
781;9;625874272;781;153;1461;1465;10.67;0.65;169.17;3.79;680;9;473.00;4
783;9;625874281;783;157;1465;1469;10.63;0.65;169.27;3.80;682;9;474.00;4
784;9;625874291;784;163;1465;1469;10.71;0.65;169.31;3.80;681;9;475.00;4
787;9;625874301;787;169;1469;1473;10.82;0.66;169.35;3.80;682;9;476.00;4
788;9;625874311;788;170;1472;1474;10.90;0.66;169.47;3.81;684;9;477.00;2
789;9;625874325;789;170;1474;1474;10.96;0.67;169.40;3.81;685;9;478.00;0
793;9;625874335;793;173;1474;1474;10.95;0.67;169.47;3.81;681;9;479.00;0
796;9;625874346;796;176;1495;1500;10.81;0.66;169.29;3.76;699;9;480.00;5
798;9;625874358;798;176;1497;1500;10.73;0.65;169.34;3.75;699;9;481.00;3
800;9;625874373;800;175;1499;1500;10.64;0.65;169.37;3.75;699;9;482.00;1
801;9;625874382;801;178;1501;1501;10.58;0.65;169.40;3.75;700;9;483.00;0
803;9;625874391;803;187;1502;1502;10.47;0.64;169.55;3.75;699;9;484.00;0
804;9;625874400;804;192;1502;1502;10.28;0.63;169.58;3.75;698;9;485.00;0
806;9;625874409;806;196;1504;1505;10.18;0.62;169.46;3.74;698;9;486.00;1
807;9;625874418;807;203;1505;1505;10.06;0.62;169.39;3.74;698;9;487.00;0
807;9;625874426;807;210;1505;1505;10.07;0.62;169.39;3.74;698;9;488.00;0
808;9;625874435;808;211;1505;1505;10.01;0.62;169.53;3.74;697;9;489.00;0
813;9;625874444;813;215;1509;1511;9.94;0.61;169.31;3.73;696;9;490.00;2
816;9;625874454;816;213;1510;1511;9.88;0.61;169.12;3.73;694;9;491.00;1
818;9;625874463;818;213;1511;1511;9.82;0.60;168.91;3.73;693;9;492.00;0
819;9;625874471;819;221;1511;1511;9.80;0.60;169.08;3.73;692;9;493.00;0
822;9;625874486;822;224;1515;1515;9.69;0.60;169.10;3.73;693;9;494.00;0
823;9;625874501;823;231;1517;1517;9.67;0.60;168.97;3.72;694;9;495.00;0
824;9;625874510;824;228;1517;1517;9.65;0.60;169.18;3.72;693;9;496.00;0
831;9;625874519;831;230;1518;1518;9.66;0.59;168.87;3.72;687;9;497.00;0
832;9;625874528;832;231;1518;1518;9.62;0.59;168.69;3.72;686;9;498.00;0
835;9;625874536;835;232;1518;1518;9.62;0.59;168.93;3.72;683;9;499.00;0
838;9;625874545;838;235;1518;1518;9.55;0.59;168.85;3.72;680;9;500.00;0
841;9;625874557;841;240;1518;1518;9.42;0.58;168.58;3.72;677;9;501.00;0
844;9;625874565;844;240;1518;1518;9.28;0.57;168.48;3.72;674;9;502.00;0
848;9;625874572;848;244;1518;1518;9.10;0.56;169.39;3.72;670;9;503.00;0
850;9;625874580;850;249;1560;1588;9.13;0.56;169.41;3.62;710;9;504.00;28
856;9;625874593;856;251;1564;1589;8.88;0.54;169.49;3.61;708;9;505.00;25
859;9;625874602;859;258;1574;1589;8.77;0.54;169.74;3.60;715;9;506.00;15
861;9;625874609;861;259;1575;1589;8.59;0.53;170.38;3.60;714;9;507.00;14
865;9;625874617;865;267;1580;1589;8.39;0.51;170.38;3.60;715;9;508.00;9
866;9;625874625;866;275;1581;1589;8.23;0.50;170.65;3.60;715;9;509.00;8
868;9;625874634;868;270;1585;1589;8.13;0.50;171.25;3.61;717;9;510.00;4
870;9;625874642;870;274;1586;1589;8.05;0.49;171.44;3.61;716;9;511.00;3
871;9;625874650;871;265;1589;1590;8.03;0.49;171.77;3.62;718;9;512.00;1
872;9;625874657;872;266;1591;1591;8.02;0.49;172.10;3.62;719;9;513.00;0
875;9;625874666;875;263;1591;1591;8.01;0.49;172.36;3.62;716;9;514.00;0
881;9;625874679;881;271;1595;1595;7.87;0.48;172.71;3.61;714;9;515.00;0
884;9;625874694;884;277;1595;1595;7.79;0.47;172.85;3.61;711;9;516.00;0
886;9;625874710;886;267;1595;1595;7.74;0.47;173.40;3.61;709;9;517.00;0
888;9;625874725;888;267;1595;1595;7.74;0.47;173.59;3.61;707;9;518.00;0
889;9;625874737;889;267;1600;1601;7.74;0.47;173.90;3.60;711;9;519.00;1
891;9;625874752;891;267;1600;1601;7.77;0.47;174.13;3.60;709;9;520.00;1
892;9;625874764;892;263;1601;1601;7.88;0.48;174.44;3.60;709;9;521.00;0
896;9;625874776;896;266;1603;1604;7.99;0.49;175.00;3.60;707;9;522.00;1
898;9;625874786;898;246;1604;1604;8.03;0.49;175.23;3.60;706;9;523.00;0
900;9;625874797;900;232;1604;1604;8.11;0.50;175.42;3.60;704;9;524.00;0
901;9;625874806;901;231;1605;1605;8.26;0.51;175.38;3.59;704;9;525.00;0
904;9;625874816;904;223;1606;1606;8.46;0.52;175.59;3.59;702;9;526.00;0
908;9;625874827;908;214;1606;1606;8.55;0.52;176.11;3.59;698;9;527.00;0
911;9;625874836;911;208;1619;1619;8.67;0.53;176.22;3.56;708;9;528.00;0
914;9;625874850;914;201;1619;1619;8.71;0.53;176.52;3.56;705;9;529.00;0
919;9;625874881;919;201;1619;1619;8.70;0.53;176.45;3.56;700;9;530.00;0
921;9;625874895;921;194;1620;1620;8.78;0.54;176.52;3.56;699;9;531.00;0
925;9;625874905;925;194;1620;1620;8.80;0.54;176.89;3.56;695;9;532.00;0
928;9;625874916;928;190;1623;1624;8.80;0.54;176.90;3.56;695;9;533.00;1
936;9;625874932;936;189;1623;1624;8.76;0.53;177.39;3.56;687;9;534.00;1
941;9;625874946;941;189;1628;1628;8.75;0.53;177.86;3.55;687;9;535.00;0
945;9;625874963;945;191;1628;1628;8.75;0.53;178.26;3.55;683;9;536.00;0
949;9;625874981;949;193;1628;1628;8.77;0.53;178.23;3.55;679;9;537.00;0
953;9;625874997;953;197;1628;1628;8.74;0.53;178.55;3.55;675;9;538.00;0
958;9;625875008;958;197;1628;1628;8.76;0.53;179.04;3.55;670;9;539.00;0
962;9;625875022;962;206;1658;1662;8.88;0.55;179.52;3.49;696;9;540.00;4
965;9;625875038;965;201;1658;1662;8.92;0.55;179.37;3.49;693;9;541.00;4
969;9;625875050;969;199;1659;1662;8.97;0.55;179.72;3.48;690;9;542.00;3
969;9;625875062;969;197;1659;1662;9.07;0.56;179.72;3.48;690;9;543.00;3
973;9;625875074;973;201;1660;1662;9.01;0.55;179.68;3.48;687;9;544.00;2
974;9;625875086;974;203;1660;1662;9.00;0.55;179.67;3.48;686;9;545.00;2
977;9;625875098;977;212;1662;1663;9.00;0.55;179.52;3.48;685;9;546.00;1
977;9;625875110;977;209;1662;1663;9.08;0.56;179.52;3.48;685;9;547.00;1
985;9;625875122;985;208;1667;1669;9.05;0.55;179.83;3.48;682;9;548.00;2
988;9;625875135;988;213;1668;1670;9.08;0.55;179.96;3.48;680;9;549.00;2
991;9;625875146;991;215;1669;1670;9.09;0.55;180.08;3.48;678;9;550.00;1
992;9;625875157;992;215;1669;1670;9.11;0.55;180.12;3.48;677;9;551.00;1
995;9;625875169;995;214;1674;1674;9.04;0.55;180.40;3.47;679;9;552.00;0
999;9;625875181;999;223;1674;1674;8.92;0.54;180.46;3.47;675;9;553.00;0
1002;9;625875192;1002;228;1674;1674;8.89;0.54;181.22;3.47;672;9;554.00;0
1005;9;625875204;1005;230;1675;1675;8.80;0.53;181.61;3.47;670;9;555.00;0
1006;9;625875216;1006;231;1679;1679;8.81;0.53;181.71;3.46;673;9;556.00;0
1008;9;625875227;1008;221;1679;1679;8.85;0.54;182.26;3.46;671;9;557.00;0
1010;9;625875239;1010;217;1681;1682;8.88;0.54;182.36;3.46;671;9;558.00;1
1012;9;625875253;1012;208;1681;1682;8.92;0.54;182.56;3.46;669;9;559.00;1
1015;9;625875265;1015;204;1682;1682;8.89;0.54;182.43;3.46;667;9;560.00;0
1017;9;625875276;1017;206;1682;1682;8.90;0.54;182.72;3.46;665;9;561.00;0
1020;10;625875288;1020;204;1685;1686;8.92;0.54;183.35;3.46;665;10;562.00;1
1021;10;625875314;1021;203;1685;1686;8.96;0.55;183.60;3.46;664;10;563.00;1
1023;10;625875326;1023;208;1686;1686;9.00;0.55;183.86;3.45;663;10;564.00;0
1027;10;625875338;1027;209;1686;1686;9.01;0.55;184.38;3.45;659;10;565.00;0
1030;10;625875350;1030;198;1687;1687;9.04;0.55;184.64;3.45;657;10;566.00;0
1033;10;625875362;1033;185;1688;1688;9.09;0.55;184.96;3.45;655;10;567.00;0
1037;10;625875375;1037;175;1688;1688;9.10;0.55;185.35;3.45;651;10;568.00;0
1038;10;625875386;1038;170;1689;1689;9.23;0.56;185.50;3.45;651;10;569.00;0
1041;10;625875401;1041;162;1689;1689;9.33;0.57;185.88;3.45;648;10;570.00;0
1042;10;625875413;1042;161;1689;1689;9.51;0.58;185.95;3.45;647;10;571.00;0
1045;10;625875425;1045;160;1689;1689;9.57;0.58;186.41;3.45;644;10;572.00;0
1049;10;625875437;1049;160;1689;1689;9.69;0.59;186.62;3.45;640;10;573.00;0
1050;10;625875449;1050;157;1689;1689;9.83;0.60;186.81;3.45;639;10;574.00;0
1052;10;625875461;1052;163;1689;1689;9.95;0.61;187.25;3.45;637;10;575.00;0
1056;11;625875474;1056;188;1772;1816;9.83;0.61;187.62;3.29;716;11;576.00;44
1058;11;625875520;1058;179;1775;1817;9.86;0.61;187.89;3.29;717;11;577.00;42
1061;12;625875537;1061;163;1783;1817;9.99;0.62;187.79;3.28;722;12;578.00;34
1063;12;625875565;1063;160;1786;1817;10.03;0.62;187.74;3.28;723;12;579.00;31
1069;12;625875579;1069;151;1790;1817;10.04;0.62;188.26;3.28;721;12;580.00;27
1070;12;625875599;1070;147;1794;1817;10.07;0.62;188.27;3.29;724;12;581.00;23
1073;12;625875611;1073;152;1798;1817;10.11;0.62;188.46;3.29;725;12;582.00;19
1076;12;625875624;1076;153;1800;1817;10.10;0.62;188.84;3.30;724;12;583.00;17
1079;12;625875636;1079;155;1805;1818;10.10;0.62;188.93;3.31;726;12;584.00;13
1083;12;625875649;1083;163;1808;1820;10.06;0.62;189.42;3.31;725;12;585.00;12
1086;12;625875661;1086;165;1811;1820;10.05;0.62;189.44;3.32;725;12;586.00;9
1089;12;625875675;1089;167;1813;1821;10.03;0.61;189.45;3.32;724;12;587.00;8
1090;12;625875687;1090;164;1815;1821;10.13;0.62;189.55;3.33;725;12;588.00;6
1093;12;625875699;1093;172;1816;1821;10.20;0.63;189.72;3.34;723;12;589.00;5
1095;12;625875711;1095;176;1818;1821;10.16;0.62;189.73;3.35;723;12;590.00;3
1097;12;625875724;1097;175;1821;1825;10.19;0.63;189.70;3.35;724;12;591.00;4
1098;12;625875734;1098;181;1823;1825;10.14;0.62;189.83;3.36;725;12;592.00;2
1099;12;625875747;1099;181;1824;1825;10.21;0.63;189.87;3.36;725;12;593.00;1
1104;12;625875768;1104;190;1826;1828;10.30;0.63;189.70;3.36;722;12;594.00;2
1110;12;625875793;1110;188;1827;1828;10.25;0.63;190.11;3.36;717;12;595.00;1
1114;12;625875806;1114;190;1828;1828;10.31;0.63;190.51;3.36;714;12;596.00;0
1114;12;625875817;1114;191;1832;1832;10.35;0.63;190.51;3.35;718;12;597.00;0
1117;12;625875828;1117;189;1833;1833;10.42;0.63;190.66;3.35;716;12;598.00;0
1117;12;625875839;1117;185;1833;1833;10.46;0.64;190.66;3.35;716;12;599.00;0
1117;12;625875851;1117;191;1845;1859;10.38;0.63;190.66;3.33;728;12;600.00;14
1120;12;625875870;1120;178;1845;1859;10.40;0.63;190.71;3.33;725;12;601.00;14
1122;12;625875881;1122;179;1845;1859;10.43;0.63;190.58;3.33;723;12;602.00;14
1123;12;625875896;1123;178;1847;1860;10.48;0.64;190.49;3.33;724;12;603.00;13
1127;12;625875916;1127;176;1848;1860;10.54;0.64;191.03;3.33;721;12;604.00;12
1128;12;625875927;1128;173;1851;1866;10.59;0.64;190.95;3.33;723;12;605.00;15
1129;12;625875938;1129;176;1853;1866;10.64;0.65;191.13;3.33;724;12;606.00;13
1132;12;625875948;1132;170;1853;1867;10.68;0.65;191.36;3.33;721;12;607.00;14
1134;12;625875959;1134;167;1853;1867;10.76;0.65;191.25;3.33;719;12;608.00;14
1137;12;625875970;1137;163;1856;1867;10.78;0.65;191.47;3.33;719;12;609.00;11
1139;12;625875980;1139;159;1856;1867;10.81;0.66;191.55;3.33;717;12;610.00;11
1141;12;625875995;1141;154;1856;1867;10.81;0.66;191.93;3.33;715;12;611.00;11
1150;12;625876004;1150;147;1866;1879;10.74;0.65;192.52;3.32;716;12;612.00;13
1150;13;625876016;1150;139;1866;1879;10.74;0.65;192.52;3.32;716;13;613.00;13
1153;14;625876038;1153;135;1866;1879;10.69;0.65;192.84;3.32;713;14;614.00;13
1156;14;625876063;1156;135;1870;1879;10.70;0.65;193.33;3.33;714;14;615.00;9
1160;14;625876073;1160;128;1870;1879;10.74;0.65;193.76;3.33;710;14;616.00;9
1164;14;625876087;1164;122;1870;1879;10.79;0.65;194.21;3.33;706;14;617.00;9
1169;14;625876097;1169;111;1874;1883;10.83;0.66;194.53;3.34;705;14;618.00;9
1174;14;625876108;1174;105;1874;1883;10.90;0.66;194.91;3.34;700;14;619.00;9
1177;14;625876118;1177;101;1877;1887;11.09;0.67;194.80;3.34;700;14;620.00;10
1182;14;625876129;1182;104;1879;1888;11.24;0.68;194.95;3.33;697;14;621.00;9
1186;14;625876139;1186;99;1879;1888;11.32;0.69;194.97;3.33;693;14;622.00;9
1191;14;625876149;1191;97;1879;1888;11.39;0.69;195.48;3.33;688;14;623.00;9
1194;14;625876160;1194;99;1888;1901;11.38;0.69;196.00;3.33;694;14;624.00;13
1195;14;625876173;1195;99;1888;1901;11.42;0.69;195.88;3.33;693;14;625.00;13
1200;14;625876186;1200;109;1888;1901;11.44;0.69;196.26;3.33;688;14;626.00;13
1202;14;625876197;1202;113;1889;1902;11.51;0.69;196.63;3.33;687;14;627.00;13
1205;14;625876210;1205;116;1889;1903;11.49;0.69;196.76;3.33;684;14;628.00;14
1207;14;625876220;1207;121;1890;1903;11.50;0.69;196.94;3.34;683;14;629.00;13
1212;14;625876232;1212;118;1895;1909;11.46;0.69;197.16;3.36;683;14;630.00;14
1214;14;625876244;1214;121;1896;1909;11.57;0.70;197.07;3.36;682;14;631.00;13
1216;14;625876254;1216;123;1898;1909;11.55;0.70;197.19;3.36;682;14;632.00;11
1218;14;625876265;1218;128;1898;1909;11.48;0.69;196.91;3.36;680;14;633.00;11
1219;14;625876277;1219;133;1902;1915;11.48;0.69;196.97;3.36;683;14;634.00;13
1220;14;625876288;1220;134;1903;1915;11.34;0.69;197.01;3.37;683;14;635.00;12
1222;14;625876298;1222;129;1904;1915;11.34;0.69;197.33;3.37;682;14;636.00;11
1222;14;625876309;1222;131;1904;1915;11.30;0.69;197.33;3.37;682;14;637.00;11
1226;14;625876320;1226;131;1908;1919;11.30;0.69;197.19;3.37;682;14;638.00;11
1227;14;625876334;1227;139;1910;1920;11.26;0.68;197.12;3.38;683;14;639.00;10
1229;14;625876345;1229;145;1912;1920;11.25;0.68;197.11;3.41;683;14;640.00;8
1230;14;625876356;1230;147;1913;1921;11.14;0.68;196.98;3.40;683;14;641.00;8
1233;14;625876366;1233;153;1915;1921;11.01;0.67;197.05;3.42;682;14;642.00;6
1233;14;625876375;1233;157;1915;1921;10.90;0.66;197.05;3.42;682;14;643.00;6
1236;14;625876385;1236;163;1916;1921;10.79;0.66;196.95;3.43;680;14;644.00;5
1239;14;625876395;1239;172;1918;1921;10.65;0.65;196.86;3.46;679;14;645.00;3
1240;14;625876404;1240;174;1918;1921;10.59;0.65;196.76;3.46;678;14;646.00;3
1244;14;625876413;1244;178;1920;1921;10.44;0.64;196.59;3.48;676;14;647.00;1
1245;14;625876423;1245;191;1955;1991;10.50;0.64;196.45;3.42;710;14;648.00;36
1247;14;625876445;1247;194;1957;1992;10.37;0.64;196.31;3.42;710;14;649.00;35
1250;14;625876455;1250;194;1966;1992;10.35;0.63;196.24;3.41;716;14;650.00;26
1250;14;625876465;1250;199;1971;1992;10.22;0.63;196.24;3.41;721;14;651.00;21
1251;14;625876475;1251;198;1979;1992;10.16;0.62;196.14;3.41;728;14;652.00;13
1252;14;625876485;1252;202;1981;1992;10.09;0.62;196.08;3.41;729;14;653.00;11
1253;14;625876494;1253;211;1985;1992;10.03;0.61;196.02;3.42;732;14;654.00;7
1253;14;625876509;1253;212;1987;1992;9.95;0.61;196.02;3.42;734;14;655.00;5
1254;14;625876518;1254;215;1990;1993;9.90;0.61;195.87;3.43;736;14;656.00;3
1256;14;625876527;1256;222;1992;1994;9.76;0.60;195.90;3.43;736;14;657.00;2
1257;14;625876543;1257;234;1994;1994;9.58;0.59;195.87;3.43;737;14;658.00;0
1260;14;625876553;1260;236;1998;1998;9.34;0.57;195.73;3.43;738;14;659.00;0
1262;14;625876571;1262;238;1998;1998;9.16;0.56;195.50;3.43;736;14;660.00;0
1264;14;625876581;1264;242;1998;1998;9.05;0.56;195.72;3.43;734;14;661.00;0
1267;14;625876590;1267;248;1998;1998;9.01;0.55;195.56;3.43;731;14;662.00;0
1267;14;625876600;1267;255;2003;2004;9.02;0.55;195.56;3.42;736;14;663.00;1
1268;14;625876610;1268;257;2004;2004;9.00;0.55;195.53;3.42;736;14;664.00;0
1270;14;625876619;1270;263;2004;2004;8.94;0.55;195.51;3.42;734;14;665.00;0
1272;14;625876628;1272;268;2007;2007;8.87;0.54;195.51;3.42;735;14;666.00;0
1274;14;625876639;1274;269;2007;2007;8.73;0.53;195.44;3.42;733;14;667.00;0
1274;14;625876648;1274;272;2007;2007;8.59;0.53;195.44;3.42;733;14;668.00;0
1277;14;625876659;1277;277;2008;2008;8.42;0.51;195.28;3.42;731;14;669.00;0
1278;14;625876669;1278;278;2009;2009;8.27;0.50;195.14;3.41;731;14;670.00;0
1279;14;625876682;1279;281;2009;2009;8.12;0.50;195.09;3.41;730;14;671.00;0
1282;14;625876694;1282;292;2022;2022;8.00;0.49;195.13;3.39;740;14;672.00;0
1285;14;625876709;1285;295;2022;2022;7.88;0.48;195.13;3.39;737;14;673.00;0
1286;14;625876721;1286;301;2022;2022;7.80;0.48;195.16;3.39;736;14;674.00;0
1290;14;625876738;1290;289;2024;2024;7.70;0.47;195.36;3.39;734;14;675.00;0
1296;14;625876752;1296;281;2024;2024;7.54;0.46;195.17;3.39;728;14;676.00;0
1299;14;625876776;1299;277;2027;2028;7.48;0.45;195.37;3.39;728;14;677.00;1
1303;14;625876790;1303;271;2028;2028;7.38;0.45;195.32;3.39;725;14;678.00;0
1307;14;625876801;1307;264;2032;2032;7.22;0.44;195.79;3.38;725;14;679.00;0
1309;14;625876811;1309;243;2032;2032;7.18;0.44;196.06;3.38;723;14;680.00;0
1312;14;625876822;1312;239;2032;2032;7.23;0.44;196.14;3.38;720;14;681.00;0
1316;14;625876839;1316;231;2032;2032;7.24;0.44;196.79;3.38;716;14;682.00;0
1318;14;625876849;1318;224;2032;2032;7.34;0.45;196.92;3.38;714;14;683.00;0
1322;14;625876868;1322;220;2043;2044;7.47;0.46;196.93;3.36;721;14;684.00;1
1325;14;625876879;1325;223;2044;2044;7.53;0.46;197.25;3.36;719;14;685.00;0
1327;14;625876890;1327;224;2044;2044;7.58;0.46;197.55;3.36;717;14;686.00;0
1328;14;625876900;1328;210;2044;2044;7.67;0.47;197.65;3.36;716;14;687.00;0
1330;14;625876915;1330;207;2044;2044;7.75;0.47;197.99;3.36;714;14;688.00;0
1333;14;625876929;1333;204;2044;2044;7.82;0.48;198.31;3.36;711;14;689.00;0
1334;14;625876941;1334;203;2045;2045;7.90;0.48;198.46;3.36;711;14;690.00;0
1337;14;625876953;1337;199;2045;2045;8.03;0.49;198.71;3.36;708;14;691.00;0
1340;14;625876966;1340;196;2050;2051;8.22;0.50;199.02;3.35;710;14;692.00;1
1343;14;625876988;1343;199;2052;2052;8.37;0.51;199.17;3.35;709;14;693.00;0
1345;14;625877001;1345;196;2052;2052;8.55;0.52;199.53;3.35;707;14;694.00;0
1346;14;625877015;1346;192;2052;2052;8.69;0.53;199.64;3.35;706;14;695.00;0
1351;14;625877029;1351;187;2056;2056;8.85;0.54;199.53;3.35;705;14;696.00;0
1358;14;625877045;1358;184;2056;2056;8.88;0.54;199.74;3.35;698;14;697.00;0
1360;14;625877062;1360;177;2056;2056;9.00;0.55;199.75;3.35;696;14;698.00;0
1365;14;625877087;1365;178;2057;2057;9.19;0.56;199.78;3.34;692;14;699.00;0
1368;14;625877107;1368;176;2061;2061;9.30;0.57;199.87;3.34;693;14;700.00;0
1375;14;625877128;1375;171;2061;2061;9.39;0.57;200.04;3.34;686;14;701.00;0
1378;14;625877155;1378;172;2063;2064;9.50;0.58;200.19;3.34;685;14;702.00;1
1381;14;625877168;1381;168;2063;2064;9.56;0.58;200.14;3.34;682;14;703.00;1
1386;14;625877181;1386;160;2064;2064;9.57;0.58;200.31;3.34;678;14;704.00;0
1388;14;625877195;1388;160;2064;2064;9.58;0.58;200.31;3.34;676;14;705.00;0
1394;14;625877210;1394;161;2067;2068;9.59;0.58;200.36;3.33;673;14;706.00;1
1395;14;625877226;1395;157;2067;2068;9.69;0.59;200.49;3.33;672;14;707.00;1
1402;14;625877240;1402;155;2068;2068;9.64;0.59;200.66;3.33;666;14;708.00;0
1405;14;625877254;1405;159;2068;2068;9.66;0.59;200.63;3.33;663;14;709.00;0
1410;14;625877267;1410;148;2069;2069;9.69;0.59;200.89;3.33;659;14;710.00;0
1414;14;625877280;1414;146;2070;2070;9.71;0.59;200.77;3.33;656;14;711.00;0
1420;14;625877293;1420;150;2070;2070;9.75;0.59;200.84;3.33;650;14;712.00;0
1423;14;625877307;1423;146;2071;2071;9.87;0.60;201.01;3.33;648;14;713.00;0
1425;14;625877320;1425;147;2071;2071;9.96;0.61;201.11;3.33;646;14;714.00;0
1430;14;625877333;1430;147;2071;2071;10.01;0.61;201.40;3.33;641;14;715.00;0
1435;14;625877346;1435;149;2071;2071;10.04;0.61;201.48;3.33;636;14;716.00;0
1440;14;625877359;1440;148;2071;2071;10.11;0.61;201.42;3.33;631;14;717.00;0
1444;14;625877372;1444;149;2071;2071;10.17;0.62;201.55;3.33;627;14;718.00;0
1445;14;625877386;1445;147;2071;2071;10.31;0.63;201.66;3.33;626;14;719.00;0
1447;14;625877400;1447;182;2192;2301;10.21;0.64;201.70;3.15;745;14;720.00;109
1451;14;625877436;1451;180;2203;2302;10.13;0.63;202.12;3.14;752;14;721.00;99
1453;14;625877451;1453;169;2214;2302;10.15;0.64;202.14;3.13;761;14;722.00;88
1458;14;625877465;1458;167;2224;2302;10.04;0.63;202.57;3.13;766;14;723.00;78
1463;14;625877488;1463;167;2229;2302;9.93;0.62;202.80;3.13;766;14;724.00;73
1466;14;625877505;1466;168;2236;2302;9.73;0.61;203.18;3.14;770;14;725.00;66
1469;14;625877527;1469;173;2243;2302;9.53;0.60;203.35;3.15;774;14;726.00;59
1474;14;625877540;1474;163;2247;2302;9.40;0.59;203.71;3.15;773;14;727.00;55
1475;14;625877555;1475;164;2252;2303;9.33;0.58;203.93;3.16;777;14;728.00;51
1479;14;625877578;1479;171;2256;2304;9.37;0.58;204.09;3.17;777;14;729.00;48
1482;14;625877592;1482;180;2260;2304;9.38;0.58;204.40;3.19;778;14;730.00;44
1486;14;625877607;1486;184;2266;2305;9.38;0.58;204.36;3.20;780;14;731.00;39
1491;14;625877621;1491;187;2270;2305;9.34;0.58;204.44;3.21;779;14;732.00;35
1493;14;625877636;1493;194;2272;2305;9.42;0.58;204.58;3.22;779;14;733.00;33
1495;14;625877650;1495;198;2275;2305;9.40;0.58;204.63;3.24;780;14;734.00;30
1499;14;625877666;1499;200;2278;2309;9.40;0.58;204.93;3.24;779;14;735.00;31
1501;14;625877687;1501;195;2281;2309;9.43;0.58;205.08;3.26;780;14;736.00;28
1504;14;625877708;1504;189;2283;2309;9.42;0.58;204.99;3.27;779;14;737.00;26
1505;14;625877729;1505;191;2287;2312;9.43;0.58;205.06;3.29;782;14;738.00;25
1509;14;625877743;1509;192;2289;2312;9.48;0.58;205.48;3.30;780;14;739.00;23
1511;14;625877757;1511;195;2291;2312;9.54;0.59;205.80;3.32;780;14;740.00;21
1514;14;625877777;1514;198;2296;2316;9.64;0.59;205.80;3.32;782;14;741.00;20
1519;14;625877793;1519;197;2298;2317;9.74;0.60;206.26;3.31;779;14;742.00;19
1523;14;625877808;1523;204;2298;2317;9.83;0.60;206.41;3.31;775;14;743.00;19
1524;14;625877823;1524;206;2303;2321;9.90;0.61;206.29;3.33;779;14;744.00;18
1528;14;625877836;1528;209;2303;2321;9.92;0.61;206.57;3.33;775;14;745.00;18
1530;15;625877849;1530;205;2303;2321;9.94;0.61;206.65;3.33;773;15;746.00;18
1534;15;625877874;1534;202;2307;2322;9.94;0.61;206.84;3.36;773;15;747.00;15
1538;15;625877890;1538;204;2307;2322;9.94;0.61;206.92;3.36;769;15;748.00;15
1540;15;625877911;1540;200;2311;2328;9.94;0.61;207.12;3.35;771;15;749.00;17
1541;15;625877932;1541;203;2312;2328;9.97;0.61;207.11;3.35;771;15;750.00;16
1541;15;625877947;1541;203;2314;2329;9.94;0.61;207.11;3.37;773;15;751.00;15
1544;15;625877963;1544;201;2315;2329;9.95;0.61;207.25;3.38;771;15;752.00;14
1545;15;625877978;1545;207;2315;2329;9.91;0.61;207.32;3.38;770;15;753.00;14
1547;15;625877990;1547;198;2316;2329;9.89;0.61;207.40;3.39;769;15;754.00;13
1553;15;625878003;1553;202;2317;2329;9.91;0.61;207.63;3.39;764;15;755.00;12
1553;15;625878016;1553;201;2327;2341;9.96;0.61;207.63;3.38;774;15;756.00;14
1557;15;625878029;1557;206;2328;2341;9.98;0.61;207.50;3.38;771;15;757.00;13
1558;15;625878042;1558;203;2329;2341;10.05;0.62;207.57;3.38;771;15;758.00;12
1563;16;625878056;1563;209;2330;2341;10.04;0.62;207.49;3.40;767;16;759.00;11
1563;16;625878083;1563;207;2331;2341;10.09;0.62;207.49;3.40;768;16;760.00;10
1568;16;625878096;1568;206;2332;2341;10.11;0.62;207.66;3.41;764;16;761.00;9
1571;16;625878108;1571;213;2337;2345;10.11;0.62;207.77;3.40;766;16;762.00;8
1572;16;625878121;1572;216;2337;2345;10.14;0.62;207.81;3.40;765;16;763.00;8
1575;16;625878133;1575;216;2340;2349;10.10;0.62;207.76;3.40;765;16;764.00;9
1576;17;625878146;1576;220;2343;2351;10.04;0.61;207.71;3.40;767;17;765.00;8
1578;17;625878173;1578;221;2343;2351;9.97;0.61;207.71;3.40;765;17;766.00;8
1579;17;625878185;1579;226;2343;2351;9.90;0.61;207.75;3.40;764;17;767.00;8
1582;17;625878198;1582;232;2352;2364;9.90;0.61;207.98;3.38;770;17;768.00;12
1587;17;625878210;1587;232;2352;2364;9.81;0.60;208.02;3.38;765;17;769.00;12
1589;17;625878222;1589;226;2352;2364;9.75;0.59;208.05;3.38;763;17;770.00;12
1591;17;625878234;1591;224;2353;2365;9.73;0.59;208.05;3.38;762;17;771.00;12
1592;17;625878247;1592;215;2353;2366;9.72;0.59;208.04;3.38;761;17;772.00;13
1593;17;625878259;1593;213;2353;2366;9.71;0.59;207.94;3.38;760;17;773.00;13
1595;17;625878279;1595;206;2356;2369;9.71;0.59;208.15;3.40;761;17;774.00;13
1599;17;625878291;1599;205;2356;2369;9.64;0.59;208.17;3.40;757;17;775.00;13
1602;17;625878303;1602;207;2357;2369;9.59;0.59;208.34;3.40;755;17;776.00;12
1606;17;625878314;1606;206;2357;2369;9.50;0.58;208.60;3.40;751;17;777.00;12
1607;17;625878328;1607;210;2361;2375;9.43;0.58;208.69;3.40;754;17;778.00;14
1612;18;625878340;1612;209;2361;2375;9.39;0.57;208.95;3.40;749;18;779.00;14
1617;18;625878360;1617;208;2362;2375;9.28;0.57;208.93;3.40;745;18;780.00;13
1620;18;625878372;1620;205;2362;2375;9.19;0.56;209.16;3.40;742;18;781.00;13
1625;18;625878382;1625;201;2365;2379;9.10;0.56;209.24;3.39;740;18;782.00;14
1630;18;625878395;1630;195;2366;2380;9.01;0.55;209.13;3.39;736;18;783.00;14
1632;18;625878406;1632;186;2366;2380;9.02;0.55;209.11;3.39;734;18;784.00;14
1632;18;625878422;1632;185;2369;2381;9.10;0.56;209.11;3.40;737;18;785.00;12
1634;18;625878434;1634;182;2369;2381;9.17;0.56;209.03;3.40;735;18;786.00;12
1636;18;625878444;1636;175;2369;2381;9.20;0.56;209.02;3.40;733;18;787.00;12
1637;18;625878454;1637;176;2369;2381;9.29;0.57;208.98;3.40;732;18;788.00;12
1641;18;625878467;1641;180;2369;2381;9.38;0.57;208.88;3.40;728;18;789.00;12
1644;18;625878480;1644;171;2369;2381;9.44;0.58;208.73;3.40;725;18;790.00;12
1645;18;625878493;1645;168;2369;2381;9.48;0.58;208.66;3.40;724;18;791.00;12
1646;18;625878506;1646;171;2404;2451;9.61;0.59;208.63;3.35;758;18;792.00;47
1650;18;625878526;1650;175;2404;2452;9.60;0.59;208.41;3.35;754;18;793.00;48
1652;18;625878540;1652;173;2411;2452;9.73;0.59;208.31;3.35;759;18;794.00;41
1654;18;625878552;1654;178;2416;2452;9.78;0.60;208.28;3.35;762;18;795.00;36
1657;18;625878564;1657;180;2420;2452;9.76;0.59;208.20;3.35;763;18;796.00;32
1658;18;625878578;1658;182;2424;2452;9.71;0.59;208.12;3.38;766;18;797.00;28
1662;18;625878593;1662;183;2426;2452;9.68;0.59;207.91;3.38;764;18;798.00;26
1665;18;625878605;1665;184;2426;2452;9.74;0.59;207.80;3.38;761;18;799.00;26
1668;18;625878617;1668;189;2430;2453;9.75;0.59;207.60;3.42;762;18;800.00;23
1670;18;625878632;1670;195;2433;2454;9.77;0.59;207.45;3.42;763;18;801.00;21
1670;18;625878644;1670;200;2436;2454;9.78;0.59;207.45;3.43;766;18;802.00;18
1671;18;625878655;1671;198;2440;2458;9.75;0.59;207.37;3.46;769;18;803.00;18
1672;18;625878668;1672;202;2440;2458;9.68;0.59;207.38;3.46;768;18;804.00;18
1674;18;625878683;1674;203;2441;2458;9.54;0.58;207.21;3.46;767;18;805.00;17
1675;18;625878701;1675;210;2443;2458;9.44;0.58;207.17;3.50;768;18;806.00;15
1676;18;625878716;1676;214;2447;2464;9.38;0.57;207.09;3.50;771;18;807.00;17
1679;18;625878734;1679;224;2449;2464;9.33;0.57;206.89;3.53;770;18;808.00;15
1680;18;625878749;1680;228;2449;2464;9.30;0.57;206.82;3.53;769;18;809.00;15
1684;18;625878768;1684;234;2453;2470;9.30;0.57;206.65;3.54;769;18;810.00;17
1687;18;625878786;1687;243;2455;2470;9.26;0.56;206.70;3.59;768;18;811.00;15
1690;18;625878801;1690;253;2457;2470;9.18;0.56;206.69;3.59;767;18;812.00;13
1692;18;625878817;1692;260;2460;2471;9.12;0.55;206.58;3.64;768;18;813.00;11
1695;18;625878830;1695;264;2463;2472;9.01;0.55;206.71;3.67;768;18;814.00;9
1698;18;625878852;1698;269;2465;2472;8.90;0.54;206.55;3.68;767;18;815.00;7
1699;18;625878865;1699;279;2476;2485;8.86;0.54;206.57;3.69;777;18;816.00;9
1702;18;625878879;1702;292;2477;2485;8.80;0.53;206.29;3.69;775;18;817.00;8
1703;19;625878892;1703;294;2479;2485;8.74;0.53;206.18;3.70;776;19;818.00;6
1704;19;625878919;1704;300;2481;2486;8.70;0.53;206.12;3.71;777;19;819.00;5
1704;19;625878933;1704;304;2485;2486;8.60;0.52;206.12;3.72;781;19;820.00;1
1704;19;625878945;1704;308;2488;2490;8.62;0.53;206.12;3.71;784;19;821.00;2
1706;19;625878959;1706;312;2489;2490;8.55;0.52;206.01;3.71;783;19;822.00;1
1708;19;625878974;1708;317;2494;2494;8.45;0.52;205.94;3.71;786;19;823.00;0
1710;19;625878986;1710;326;2494;2494;8.34;0.51;205.98;3.71;784;19;824.00;0
1711;19;625878999;1711;330;2494;2494;8.22;0.50;205.92;3.71;783;19;825.00;0
1712;19;625879011;1712;338;2494;2494;8.05;0.49;205.90;3.71;782;19;826.00;0
1713;19;625879023;1713;328;2494;2494;7.94;0.49;205.80;3.71;781;19;827.00;0
1714;19;625879046;1714;319;2505;2506;7.90;0.49;205.74;3.69;791;19;828.00;1
1715;19;625879063;1715;314;2506;2506;7.91;0.49;205.70;3.69;791;19;829.00;0
1717;19;625879075;1717;308;2506;2506;7.92;0.49;205.67;3.69;789;19;830.00;0
1718;19;625879087;1718;302;2506;2506;7.95;0.49;205.72;3.69;788;19;831.00;0
1718;19;625879101;1718;296;2506;2506;7.92;0.48;205.72;3.69;788;19;832.00;0
1719;19;625879113;1719;288;2506;2506;7.98;0.49;205.77;3.69;787;19;833.00;0
1720;19;625879127;1720;283;2507;2507;8.08;0.49;205.88;3.69;787;19;834.00;0
1723;19;625879142;1723;279;2507;2507;8.21;0.50;205.80;3.69;784;19;835.00;0
1724;19;625879154;1724;277;2512;2513;8.37;0.51;205.91;3.68;788;19;836.00;1
1724;19;625879171;1724;280;2514;2514;8.48;0.52;205.91;3.68;790;19;837.00;0
1729;20;625879185;1729;275;2514;2514;8.54;0.52;205.83;3.68;785;20;838.00;0
1729;20;625879220;1729;278;2514;2514;8.60;0.52;205.83;3.68;785;20;839.00;0
1729;20;625879244;1729;281;2519;2519;8.61;0.52;205.83;3.68;790;20;840.00;0
1729;20;625879258;1729;291;2519;2519;8.63;0.52;205.83;3.68;790;20;841.00;0
1730;20;625879270;1730;284;2519;2519;8.61;0.52;205.78;3.68;789;20;842.00;0
1734;20;625879281;1734;285;2520;2520;8.59;0.52;205.79;3.67;786;20;843.00;0
1737;20;625879293;1737;283;2524;2524;8.47;0.51;205.70;3.67;787;20;844.00;0
1740;20;625879305;1740;288;2524;2524;8.37;0.51;205.93;3.67;784;20;845.00;0
1741;20;625879318;1741;287;2526;2527;8.33;0.51;206.05;3.67;785;20;846.00;1
1743;20;625879333;1743;290;2527;2527;8.23;0.50;206.15;3.67;784;20;847.00;0
1748;20;625879346;1748;289;2527;2527;8.07;0.49;206.56;3.67;779;20;848.00;0
1750;20;625879360;1750;288;2527;2527;7.96;0.49;206.63;3.67;777;20;849.00;0
1753;20;625879372;1753;274;2530;2531;7.97;0.49;206.67;3.66;777;20;850.00;1
1757;20;625879385;1757;269;2530;2531;7.90;0.48;206.89;3.66;773;20;851.00;1
1761;20;625879398;1761;266;2531;2531;7.90;0.48;206.91;3.66;770;20;852.00;0
1764;20;625879412;1764;260;2531;2531;7.93;0.48;207.21;3.66;767;20;853.00;0
1768;20;625879426;1768;259;2532;2532;7.89;0.48;207.41;3.66;764;20;854.00;0
1771;20;625879442;1771;249;2534;2534;7.96;0.49;207.48;3.66;763;20;855.00;0
1776;20;625879455;1776;246;2534;2534;7.98;0.49;208.10;3.66;758;20;856.00;0
1777;20;625879467;1777;234;2535;2535;8.07;0.49;208.27;3.66;758;20;857.00;0
1781;20;625879478;1781;223;2535;2535;8.14;0.50;208.53;3.66;754;20;858.00;0
1786;20;625879490;1786;218;2535;2535;8.27;0.50;208.86;3.66;749;20;859.00;0
1789;20;625879500;1789;211;2535;2535;8.37;0.51;209.35;3.66;746;20;860.00;0
1791;20;625879512;1791;207;2535;2535;8.43;0.51;209.42;3.66;744;20;861.00;0
1797;20;625879523;1797;200;2535;2535;8.46;0.51;210.02;3.66;738;20;862.00;0
1800;20;625879534;1800;195;2535;2535;8.53;0.52;210.33;3.66;735;20;863.00;0
1807;20;625879547;1807;198;2615;2662;8.77;0.54;210.33;3.55;808;20;864.00;47
1813;20;625879572;1813;190;2619;2663;8.79;0.54;210.76;3.54;806;20;865.00;44
1816;20;625879587;1816;178;2625;2663;8.84;0.54;210.81;3.54;809;20;866.00;38
1818;20;625879600;1818;173;2629;2663;8.89;0.55;210.96;3.54;811;20;867.00;34
1822;20;625879612;1822;171;2632;2663;8.94;0.55;211.20;3.54;810;20;868.00;31
1827;20;625879624;1827;173;2634;2663;8.95;0.55;211.34;3.54;807;20;869.00;29
1830;20;625879637;1830;176;2638;2663;8.97;0.55;211.55;3.54;808;20;870.00;25
1833;20;625879650;1833;185;2639;2663;8.99;0.55;211.49;3.55;806;20;871.00;24
1835;20;625879662;1835;191;2643;2664;9.01;0.55;211.65;3.55;808;20;872.00;21
1840;20;625879681;1840;201;2645;2665;9.01;0.55;211.67;3.56;805;20;873.00;20
1843;20;625879693;1843;202;2649;2665;9.05;0.56;211.85;3.57;806;20;874.00;16
1845;20;625879705;1845;218;2652;2666;9.09;0.56;211.99;3.57;807;20;875.00;14
1849;20;625879723;1849;220;2656;2666;9.16;0.56;212.27;3.58;807;20;876.00;10
1853;20;625879746;1853;224;2658;2666;9.21;0.57;212.89;3.59;805;20;877.00;8
1857;20;625879769;1857;220;2662;2666;9.26;0.57;213.12;3.60;805;20;878.00;4
1863;20;625879780;1863;221;2665;2670;9.25;0.57;213.51;3.61;802;20;879.00;5
1867;20;625879793;1867;222;2667;2670;9.28;0.57;213.51;3.61;800;20;880.00;3
1874;20;625879805;1874;222;2667;2670;9.29;0.57;213.65;3.61;793;20;881.00;3
1878;20;625879816;1878;220;2670;2673;9.35;0.57;213.60;3.61;792;20;882.00;3
1885;20;625879828;1885;216;2670;2673;9.32;0.57;213.63;3.61;785;20;883.00;3
1889;20;625879840;1889;212;2671;2673;9.33;0.57;213.93;3.62;782;20;884.00;2
1893;20;625879852;1893;208;2674;2677;9.36;0.57;213.89;3.61;781;20;885.00;3
1901;20;625879864;1901;207;2676;2678;9.40;0.57;213.73;3.61;775;20;886.00;2
1907;20;625879876;1907;212;2676;2678;9.45;0.58;213.73;3.61;769;20;887.00;2
1912;20;625879888;1912;210;2682;2682;9.52;0.58;213.97;3.61;770;20;888.00;0
1917;20;625879900;1917;212;2682;2682;9.57;0.58;214.02;3.61;765;20;889.00;0
1917;20;625879911;1917;211;2682;2682;9.68;0.59;214.02;3.61;765;20;890.00;0
1921;20;625879922;1921;214;2683;2683;9.66;0.59;214.09;3.61;762;20;891.00;0
1925;20;625879939;1925;219;2683;2683;9.56;0.58;214.28;3.61;758;20;892.00;0
1926;20;625879954;1926;218;2688;2689;9.52;0.58;214.20;3.60;762;20;893.00;1
1930;20;625879972;1930;223;2688;2689;9.46;0.58;214.21;3.60;758;20;894.00;1
1934;20;625879986;1934;220;2690;2690;9.32;0.57;214.35;3.60;756;20;895.00;0
1938;20;625879999;1938;224;2690;2690;9.18;0.56;214.56;3.60;752;20;896.00;0
1944;20;625880011;1944;214;2690;2690;9.06;0.55;214.85;3.60;746;20;897.00;0
1948;20;625880024;1948;212;2690;2690;8.99;0.55;214.89;3.60;742;20;898.00;0
1950;20;625880035;1950;212;2690;2690;8.99;0.55;214.91;3.60;740;20;899.00;0
1955;20;625880049;1955;219;2719;2736;8.83;0.54;215.48;3.56;764;20;900.00;17
1957;20;625880081;1957;216;2719;2736;8.88;0.55;215.60;3.56;762;20;901.00;17
1959;20;625880097;1959;208;2721;2736;9.00;0.55;215.87;3.56;762;20;902.00;15
1962;20;625880111;1962;211;2721;2736;9.04;0.56;216.03;3.56;759;20;903.00;15
1967;20;625880131;1967;217;2723;2736;9.09;0.56;216.06;3.56;756;20;904.00;13
1970;20;625880144;1970;220;2723;2736;9.08;0.56;216.13;3.56;753;20;905.00;13
1975;21;625880157;1975;204;2729;2740;9.00;0.55;216.60;3.56;754;21;906.00;11
1976;21;625880181;1976;193;2730;2740;9.07;0.56;216.58;3.56;754;21;907.00;10
1981;21;625880206;1981;180;2733;2744;9.08;0.56;216.92;3.56;752;21;908.00;11
1984;21;625880222;1984;173;2735;2745;9.13;0.56;217.10;3.56;751;21;909.00;10
1984;21;625880237;1984;169;2736;2745;9.20;0.56;217.10;3.56;752;21;910.00;9
1989;21;625880250;1989;164;2736;2745;9.24;0.56;217.29;3.56;747;21;911.00;9
1990;21;625880263;1990;165;2745;2758;9.34;0.57;217.27;3.55;755;21;912.00;13
1993;21;625880279;1993;168;2745;2758;9.41;0.58;217.36;3.55;752;21;913.00;13
1994;21;625880291;1994;175;2745;2758;9.44;0.58;217.34;3.55;751;21;914.00;13
1998;21;625880303;1998;179;2747;2759;9.52;0.58;217.54;3.56;749;21;915.00;12
2002;21;625880315;2002;187;2749;2760;9.47;0.58;217.62;3.56;747;21;916.00;11
2003;21;625880327;2003;181;2749;2760;9.42;0.58;217.61;3.56;746;21;917.00;11
2005;21;625880339;2005;175;2751;2763;9.50;0.58;217.65;3.56;746;21;918.00;12
2007;21;625880351;2007;172;2751;2763;9.55;0.59;217.54;3.56;744;21;919.00;12
2012;21;625880362;2012;167;2751;2763;9.56;0.58;217.51;3.56;739;21;920.00;12
2013;21;625880374;2013;168;2752;2763;9.60;0.59;217.57;3.56;739;21;921.00;11
2017;21;625880384;2017;165;2757;2769;9.58;0.58;217.74;3.57;740;21;922.00;12
2017;21;625880397;2017;162;2757;2769;9.62;0.59;217.74;3.57;740;21;923.00;12
2021;21;625880407;2021;160;2757;2769;9.68;0.59;217.84;3.57;736;21;924.00;12
2024;21;625880418;2024;158;2757;2769;9.69;0.59;217.88;3.57;733;21;925.00;12
2026;21;625880429;2026;160;2761;2773;9.66;0.59;217.82;3.56;735;21;926.00;12
2029;21;625880446;2029;166;2764;2774;9.70;0.59;217.71;3.57;735;21;927.00;10
2031;21;625880457;2031;166;2765;2774;9.71;0.59;217.64;3.58;734;21;928.00;9
2035;22;625880468;2035;166;2766;2775;9.75;0.59;217.77;3.58;731;22;929.00;9
2037;22;625880492;2037;165;2766;2775;9.79;0.59;217.76;3.58;729;22;930.00;9
2038;22;625880502;2038;168;2768;2775;9.79;0.60;217.69;3.60;730;22;931.00;7
2039;22;625880519;2039;178;2768;2775;9.76;0.59;217.72;3.60;729;22;932.00;7
2042;22;625880529;2042;181;2768;2775;9.70;0.59;217.69;3.60;726;22;933.00;7
2043;22;625880539;2043;187;2769;2775;9.71;0.59;217.65;3.60;726;22;934.00;6
2044;22;625880550;2044;193;2769;2775;9.65;0.59;217.61;3.60;725;22;935.00;6
2045;22;625880560;2045;214;2811;2845;9.44;0.58;217.65;3.56;766;22;936.00;34
2047;22;625880576;2047;213;2814;2846;9.33;0.57;217.65;3.57;767;22;937.00;32
2049;22;625880587;2049;210;2820;2846;9.31;0.57;217.92;3.56;771;22;938.00;26
2050;22;625880597;2050;218;2822;2846;9.25;0.57;217.99;3.57;772;22;939.00;24
2054;22;625880607;2054;215;2827;2846;9.24;0.56;218.03;3.57;773;22;940.00;19
2057;22;625880618;2057;217;2830;2846;9.20;0.56;218.10;3.57;773;22;941.00;16
2060;22;625880628;2060;218;2832;2846;9.22;0.56;218.04;3.57;772;22;942.00;14
2063;22;625880639;2063;222;2835;2846;9.25;0.57;218.10;3.58;772;22;943.00;11
2065;22;625880649;2065;227;2838;2847;9.26;0.57;218.27;3.58;773;22;944.00;9
2068;22;625880660;2068;222;2842;2849;9.18;0.56;218.30;3.58;774;22;945.00;7
2071;22;625880671;2071;218;2843;2849;9.10;0.55;218.27;3.58;772;22;946.00;6
2073;22;625880685;2073;216;2847;2853;9.04;0.55;218.43;3.58;774;22;947.00;6
2079;22;625880706;2079;213;2847;2853;8.96;0.55;218.21;3.58;768;22;948.00;6
2081;22;625880722;2081;216;2847;2853;8.87;0.54;218.14;3.58;766;22;949.00;6
2084;22;625880739;2084;211;2847;2853;8.79;0.53;217.99;3.58;763;22;950.00;6
2086;22;625880754;2086;207;2850;2859;8.65;0.52;218.11;3.58;764;22;951.00;9
2090;22;625880771;2090;197;2851;2859;8.58;0.52;218.45;3.58;761;22;952.00;8
2091;22;625880788;2091;192;2852;2859;8.52;0.52;218.40;3.59;761;22;953.00;7
2098;22;625880802;2098;191;2854;2862;8.46;0.51;218.42;3.59;756;22;954.00;8
2101;22;625880815;2101;189;2857;2862;8.51;0.52;218.40;3.60;756;22;955.00;5
2103;22;625880829;2103;188;2857;2862;8.56;0.52;218.31;3.60;754;22;956.00;5
2106;22;625880842;2106;186;2857;2863;8.55;0.52;218.40;3.60;751;22;957.00;6
2111;22;625880853;2111;187;2858;2864;8.54;0.52;218.40;3.59;747;22;958.00;6
2113;22;625880865;2113;184;2858;2864;8.54;0.52;218.41;3.59;745;22;959.00;6
2114;22;625880878;2114;187;2875;2890;8.62;0.53;218.32;3.57;761;22;960.00;15
2114;22;625880894;2114;181;2876;2890;8.63;0.53;218.32;3.57;762;22;961.00;14
2119;22;625880905;2119;182;2878;2890;8.60;0.52;218.04;3.57;759;22;962.00;12
2120;22;625880915;2120;185;2879;2891;8.60;0.52;218.05;3.57;759;22;963.00;12
2123;22;625880927;2123;194;2879;2891;8.62;0.53;217.89;3.57;756;22;964.00;12
2124;22;625880939;2124;194;2881;2895;8.71;0.53;217.80;3.57;757;22;965.00;14
2127;22;625880949;2127;203;2881;2895;8.68;0.53;217.60;3.57;754;22;966.00;14
2130;22;625880959;2130;206;2885;2899;8.72;0.53;217.79;3.56;755;22;967.00;14
2131;22;625880973;2131;204;2885;2899;8.82;0.54;217.74;3.56;754;22;968.00;14
2135;22;625880984;2135;210;2885;2899;8.87;0.54;217.60;3.56;750;22;969.00;14
2136;23;625880995;2136;210;2888;2899;8.90;0.54;217.51;3.59;752;23;970.00;11
2138;23;625881021;2138;218;2889;2899;8.92;0.54;217.53;3.61;751;23;971.00;10
2140;23;625881032;2140;218;2899;2911;8.95;0.54;217.56;3.61;759;23;972.00;12
2142;23;625881043;2142;219;2900;2911;8.91;0.54;217.60;3.60;758;23;973.00;11
2144;23;625881059;2144;222;2901;2911;8.85;0.54;217.59;3.60;757;23;974.00;10
2144;23;625881071;2144;227;2902;2911;8.76;0.53;217.59;3.61;758;23;975.00;9
2145;23;625881082;2145;233;2903;2911;8.67;0.53;217.56;3.61;758;23;976.00;8
2146;23;625881093;2146;243;2904;2911;8.55;0.52;217.51;3.62;758;23;977.00;7
2147;23;625881105;2147;245;2904;2912;8.49;0.52;217.46;3.62;757;23;978.00;8
2147;23;625881118;2147;238;2904;2912;8.50;0.52;217.46;3.62;757;23;979.00;8
2150;23;625881152;2150;231;2911;2918;8.56;0.52;217.49;3.63;761;23;980.00;7
2152;23;625881170;2152;228;2913;2919;8.59;0.52;217.54;3.63;761;23;981.00;6
2155;23;625881190;2155;224;2913;2919;8.58;0.52;217.35;3.63;758;23;982.00;6
2156;23;625881207;2156;223;2915;2919;8.60;0.52;217.37;3.65;759;23;983.00;4
2156;23;625881219;2156;222;2918;2923;8.65;0.53;217.37;3.64;762;23;984.00;5
2157;23;625881230;2157;221;2920;2923;8.67;0.53;217.39;3.65;763;23;985.00;3
2161;23;625881241;2161;217;2920;2923;8.62;0.52;217.20;3.65;759;23;986.00;3
2161;23;625881251;2161;213;2922;2924;8.75;0.53;217.20;3.65;761;23;987.00;2
2161;23;625881262;2161;216;2926;2928;8.80;0.54;217.20;3.65;765;23;988.00;2
2163;23;625881278;2163;214;2927;2928;8.87;0.54;217.19;3.65;764;23;989.00;1
2165;23;625881301;2165;215;2930;2934;8.98;0.55;217.12;3.65;765;23;990.00;4
2165;23;625881312;2165;209;2932;2934;9.04;0.55;217.12;3.65;767;23;991.00;2
2166;23;625881328;2166;210;2932;2934;9.08;0.55;217.11;3.65;766;23;992.00;2
2169;23;625881338;2169;211;2933;2934;9.06;0.55;217.18;3.65;764;23;993.00;1
2171;23;625881349;2171;213;2935;2938;9.11;0.56;217.12;3.65;764;23;994.00;3
2172;23;625881359;2172;220;2936;2938;9.07;0.55;217.11;3.65;764;23;995.00;2
2172;23;625881368;2172;220;2936;2938;9.00;0.55;217.11;3.65;764;23;996.00;2
2173;23;625881377;2173;220;2937;2938;8.90;0.54;217.13;3.65;764;23;997.00;1
2176;23;625881387;2176;224;2939;2939;8.86;0.54;217.08;3.65;763;23;998.00;0
2178;23;625881402;2178;225;2940;2940;8.83;0.54;216.99;3.64;762;23;999.00;0
2181;23;625881413;2181;225;2940;2940;8.73;0.53;216.94;3.64;759;23;1000.00;0
2182;23;625881426;2182;220;2941;2941;8.72;0.53;216.93;3.64;759;23;1001.00;0
2185;23;625881436;2185;217;2941;2941;8.70;0.53;217.05;3.64;756;23;1002.00;0
2186;23;625881446;2186;217;2941;2941;8.72;0.53;217.20;3.64;755;23;1003.00;0
2189;23;625881455;2189;218;2941;2941;8.74;0.53;217.22;3.64;752;23;1004.00;0
2193;23;625881464;2193;217;2941;2941;8.73;0.53;217.50;3.64;748;23;1005.00;0
2195;23;625881475;2195;218;2941;2941;8.75;0.53;217.77;3.64;746;23;1006.00;0
2195;23;625881483;2195;219;2941;2941;8.78;0.54;217.77;3.64;746;23;1007.00;0
2197;23;625881492;2197;239;3019;3068;8.91;0.55;217.91;3.55;822;23;1008.00;49
2198;23;625881512;2198;235;3023;3069;8.89;0.55;218.01;3.55;825;23;1009.00;46
2203;23;625881525;2203;228;3029;3069;8.85;0.55;218.17;3.54;826;23;1010.00;40
2207;23;625881536;2207;231;3036;3069;8.83;0.55;218.39;3.54;829;23;1011.00;33
2211;23;625881548;2211;231;3042;3069;8.78;0.54;218.65;3.54;831;23;1012.00;27
2216;23;625881557;2216;229;3045;3069;8.69;0.54;218.52;3.54;829;23;1013.00;24
2222;23;625881574;2222;228;3052;3069;8.57;0.53;218.78;3.55;830;23;1014.00;17
2227;23;625881584;2227;227;3054;3069;8.51;0.52;218.97;3.55;827;23;1015.00;15
2231;23;625881595;2231;236;3058;3070;8.55;0.53;218.85;3.56;827;23;1016.00;12
2236;23;625881605;2236;241;3058;3071;8.46;0.52;219.13;3.56;822;23;1017.00;13
2239;23;625881615;2239;241;3061;3071;8.37;0.51;219.16;3.56;822;23;1018.00;10
2248;23;625881625;2248;245;3062;3072;8.16;0.50;219.36;3.56;814;23;1019.00;10
2254;23;625881637;2254;238;3065;3072;8.02;0.49;219.71;3.57;811;23;1020.00;7
2256;23;625881648;2256;234;3065;3072;7.98;0.49;219.80;3.57;809;23;1021.00;7
2260;23;625881658;2260;232;3068;3072;7.95;0.49;220.00;3.58;808;23;1022.00;4
2265;23;625881668;2265;228;3071;3076;7.94;0.49;220.42;3.58;806;23;1023.00;5
2269;23;625881683;2269;229;3073;3076;7.96;0.49;220.51;3.59;804;23;1024.00;3
2272;23;625881695;2272;232;3074;3076;7.99;0.49;220.75;3.59;802;23;1025.00;2
2274;23;625881706;2274;241;3077;3079;8.04;0.49;220.95;3.59;803;23;1026.00;2
2278;23;625881717;2278;232;3078;3079;8.10;0.50;220.86;3.59;800;23;1027.00;1
2281;23;625881728;2281;229;3078;3079;8.18;0.50;221.11;3.59;797;23;1028.00;1
2285;23;625881739;2285;225;3083;3083;8.25;0.50;221.57;3.59;798;23;1029.00;0
2291;23;625881750;2291;221;3084;3084;8.37;0.51;221.62;3.59;793;23;1030.00;0
2295;23;625881761;2295;217;3084;3084;8.50;0.52;221.99;3.59;789;23;1031.00;0
2297;23;625881772;2297;210;3088;3088;8.64;0.53;221.95;3.58;791;23;1032.00;0
2301;23;625881783;2301;209;3088;3088;8.68;0.53;222.24;3.58;787;23;1033.00;0
2303;23;625881794;2303;207;3088;3088;8.73;0.53;222.39;3.58;785;23;1034.00;0
2306;23;625881805;2306;206;3090;3090;8.78;0.54;222.37;3.58;784;23;1035.00;0
2312;23;625881816;2312;212;3090;3090;8.88;0.54;222.61;3.58;778;23;1036.00;0
2314;23;625881827;2314;210;3095;3096;9.00;0.55;222.75;3.57;781;23;1037.00;1
2318;23;625881838;2318;213;3095;3096;9.08;0.55;222.76;3.57;777;23;1038.00;1
2323;23;625881849;2323;208;3097;3097;9.14;0.56;222.88;3.57;774;23;1039.00;0
2326;23;625881861;2326;203;3097;3097;9.19;0.56;223.14;3.57;771;23;1040.00;0
2332;23;625881872;2332;199;3097;3097;9.17;0.56;223.41;3.57;765;23;1041.00;0
2336;23;625881894;2336;202;3097;3097;9.18;0.56;223.52;3.57;761;23;1042.00;0
2339;23;625881905;2339;202;3097;3097;9.26;0.56;223.61;3.57;758;23;1043.00;0
2344;24;625881916;2344;198;3108;3109;9.27;0.57;223.86;3.56;764;24;1044.00;1
2345;24;625881944;2345;196;3108;3109;9.32;0.57;223.84;3.56;763;24;1045.00;1
2348;24;625881956;2348;186;3109;3109;9.38;0.57;223.91;3.56;761;24;1046.00;0
2352;24;625881968;2352;188;3109;3109;9.43;0.58;223.88;3.56;757;24;1047.00;0
2358;24;625881980;2358;186;3109;3109;9.43;0.58;223.93;3.56;751;24;1048.00;0
2362;24;625881994;2362;191;3109;3109;9.47;0.58;224.07;3.56;747;24;1049.00;0
2365;24;625882008;2365;187;3115;3115;9.51;0.58;224.15;3.55;750;24;1050.00;0
2370;24;625882020;2370;185;3115;3115;9.59;0.58;224.38;3.55;745;24;1051.00;0
2373;24;625882031;2373;184;3118;3119;9.66;0.59;224.47;3.55;745;24;1052.00;1
2378;24;625882043;2378;182;3120;3120;9.70;0.59;224.58;3.55;742;24;1053.00;0
2383;24;625882056;2383;180;3120;3120;9.75;0.59;224.60;3.55;737;24;1054.00;0
2387;24;625882068;2387;174;3120;3120;9.81;0.60;224.68;3.55;733;24;1055.00;0
2392;24;625882085;2392;178;3133;3133;9.79;0.60;224.55;3.54;741;24;1056.00;0
2395;24;625882098;2395;177;3133;3133;9.87;0.60;224.61;3.54;738;24;1057.00;0
2396;24;625882108;2396;177;3133;3133;9.90;0.60;224.62;3.54;737;24;1058.00;0
2401;24;625882120;2401;176;3134;3134;9.89;0.60;224.65;3.54;733;24;1059.00;0
2402;24;625882132;2402;177;3135;3135;9.86;0.60;224.74;3.53;733;24;1060.00;0
2410;24;625882143;2410;176;3135;3135;9.81;0.60;224.95;3.53;725;24;1061.00;0
2415;24;625882154;2415;182;3137;3138;9.77;0.59;225.21;3.53;722;24;1062.00;1
2416;24;625882166;2416;184;3137;3138;9.67;0.59;225.23;3.53;721;24;1063.00;1
2418;24;625882178;2418;189;3138;3138;9.56;0.58;225.29;3.53;720;24;1064.00;0
2420;24;625882189;2420;196;3138;3138;9.45;0.57;225.31;3.53;718;24;1065.00;0
2423;24;625882200;2423;203;3143;3144;9.29;0.57;225.40;3.53;720;24;1066.00;1
2426;24;625882211;2426;197;3143;3144;9.31;0.57;225.51;3.53;717;24;1067.00;1
2429;24;625882222;2429;194;3144;3144;9.34;0.57;225.64;3.53;715;24;1068.00;0
2434;24;625882233;2434;193;3144;3144;9.31;0.57;225.67;3.53;710;24;1069.00;0
2435;24;625882244;2435;189;3148;3148;9.31;0.57;225.60;3.52;713;24;1070.00;0
2438;24;625882256;2438;194;3149;3149;9.37;0.57;225.64;3.52;711;24;1071.00;0
2443;24;625882267;2443;201;3149;3149;9.32;0.57;225.70;3.52;706;24;1072.00;0
2445;24;625882278;2445;201;3150;3150;9.29;0.57;225.95;3.52;705;24;1073.00;0
2446;24;625882288;2446;201;3150;3150;9.35;0.57;226.05;3.52;704;24;1074.00;0
2452;24;625882298;2452;202;3150;3150;9.32;0.57;226.07;3.52;698;24;1075.00;0
2453;24;625882309;2453;188;3150;3150;9.37;0.57;226.07;3.52;697;24;1076.00;0
2457;24;625882320;2457;178;3150;3150;9.38;0.57;226.14;3.52;693;24;1077.00;0
2462;24;625882330;2462;172;3150;3150;9.44;0.57;226.16;3.52;688;24;1078.00;0
2465;24;625882341;2465;167;3150;3150;9.50;0.58;226.05;3.52;685;24;1079.00;0
2467;24;625882354;2467;192;3236;3275;9.19;0.56;226.15;3.43;769;24;1080.00;39
2470;24;625882374;2470;178;3239;3276;9.18;0.56;226.20;3.43;769;24;1081.00;37
2473;24;625882386;2473;163;3244;3276;9.28;0.57;226.30;3.42;771;24;1082.00;32
2475;24;625882397;2475;158;3247;3276;9.35;0.57;226.39;3.42;772;24;1083.00;29
2480;24;625882408;2480;156;3252;3276;9.36;0.57;226.53;3.42;772;24;1084.00;24
2481;24;625882420;2481;156;3255;3276;9.44;0.58;226.58;3.43;774;24;1085.00;21
2483;24;625882431;2483;156;3260;3276;9.47;0.58;226.54;3.43;777;24;1086.00;16
2484;24;625882442;2484;154;3261;3276;9.40;0.58;226.60;3.43;777;24;1087.00;15
2487;24;625882453;2487;148;3266;3277;9.36;0.58;226.63;3.44;779;24;1088.00;11
2489;24;625882471;2489;152;3269;3278;9.32;0.57;226.63;3.44;780;24;1089.00;9
2491;24;625882482;2491;153;3271;3278;9.21;0.57;226.63;3.44;780;24;1090.00;7
2492;24;625882493;2492;156;3277;3282;9.12;0.56;226.57;3.44;785;24;1091.00;5
2493;24;625882505;2493;160;3278;3282;9.08;0.56;226.52;3.45;785;24;1092.00;4
2497;24;625882516;2497;163;3279;3282;9.02;0.55;226.74;3.45;782;24;1093.00;3
2499;24;625882526;2499;170;3280;3282;9.00;0.55;226.62;3.45;781;24;1094.00;2
2503;24;625882543;2503;173;3286;3288;8.90;0.55;226.60;3.45;783;24;1095.00;2
2506;24;625882554;2506;182;3286;3288;8.92;0.55;226.62;3.45;780;24;1096.00;2
2508;24;625882566;2508;183;3286;3288;8.84;0.54;226.67;3.45;778;24;1097.00;2
2508;24;625882583;2508;193;3289;3291;8.74;0.53;226.67;3.45;781;24;1098.00;2
2512;24;625882593;2512;196;3290;3291;8.66;0.53;226.73;3.45;778;24;1099.00;1
2514;24;625882605;2514;210;3290;3291;8.58;0.52;226.74;3.45;776;24;1100.00;1
2516;24;625882624;2516;216;3291;3292;8.49;0.52;226.60;3.45;775;24;1101.00;1
2518;24;625882635;2518;221;3292;3293;8.48;0.52;226.58;3.45;774;24;1102.00;1
2518;24;625882651;2518;220;3292;3293;8.43;0.52;226.58;3.45;774;24;1103.00;1
2519;24;625882666;2519;231;3302;3306;8.42;0.52;226.56;3.44;783;24;1104.00;4
2521;24;625882677;2521;236;3303;3306;8.40;0.52;226.50;3.44;782;24;1105.00;3
2522;24;625882692;2522;240;3303;3306;8.42;0.52;226.50;3.44;781;24;1106.00;3
2524;24;625882707;2524;250;3304;3307;8.44;0.52;226.42;3.44;780;24;1107.00;3
2525;24;625882724;2525;257;3304;3307;8.42;0.52;226.43;3.44;779;24;1108.00;3
2529;24;625882741;2529;260;3307;3311;8.40;0.52;226.49;3.44;778;24;1109.00;4
2531;24;625882758;2531;255;3307;3311;8.35;0.51;226.41;3.44;776;24;1110.00;4
2533;24;625882772;2533;257;3311;3315;8.41;0.52;226.39;3.44;778;24;1111.00;4
2536;24;625882792;2536;250;3311;3315;8.43;0.52;226.30;3.44;775;24;1112.00;4
2540;24;625882804;2540;252;3311;3315;8.44;0.52;226.29;3.44;771;24;1113.00;4
2544;24;625882815;2544;250;3311;3315;8.36;0.51;226.21;3.44;767;24;1114.00;4
2547;24;625882825;2547;248;3311;3315;8.27;0.51;226.17;3.44;764;24;1115.00;4
2548;24;625882835;2548;248;3321;3327;8.26;0.51;226.18;3.43;773;24;1116.00;6
2551;24;625882846;2551;246;3321;3327;8.21;0.50;226.30;3.43;770;24;1117.00;6
2553;24;625882856;2553;244;3322;3327;8.20;0.50;226.23;3.43;769;24;1118.00;5
2557;24;625882865;2557;243;3322;3327;8.16;0.50;226.09;3.43;765;24;1119.00;5
2561;24;625882875;2561;237;3322;3327;8.18;0.50;226.15;3.43;761;24;1120.00;5
2564;24;625882884;2564;231;3322;3327;8.15;0.50;226.05;3.43;758;24;1121.00;5
2569;24;625882894;2569;228;3322;3328;8.11;0.49;225.82;3.43;753;24;1122.00;6
2570;24;625882904;2570;229;3323;3328;8.07;0.49;225.77;3.43;753;24;1123.00;5
2573;24;625882912;2573;222;3327;3334;8.03;0.49;225.64;3.43;754;24;1124.00;7
2574;24;625882929;2574;224;3332;3336;7.98;0.48;225.67;3.44;758;24;1125.00;4
2577;24;625882939;2577;222;3332;3336;7.93;0.48;225.56;3.44;755;24;1126.00;4
2579;24;625882948;2579;223;3332;3336;7.90;0.48;225.49;3.44;753;24;1127.00;4
2582;24;625882964;2582;215;3335;3340;7.91;0.48;225.40;3.43;753;24;1128.00;5
2583;24;625882976;2583;220;3335;3340;7.94;0.48;225.35;3.43;752;24;1129.00;5
2584;24;625882985;2584;218;3335;3340;8.02;0.49;225.28;3.43;751;24;1130.00;5
2586;24;625882994;2586;204;3336;3341;8.15;0.49;225.36;3.43;750;24;1131.00;5
2588;24;625883003;2588;194;3339;3345;8.22;0.50;225.21;3.43;751;24;1132.00;6
2589;24;625883014;2589;181;3339;3345;8.34;0.50;225.21;3.43;750;24;1133.00;6
2591;24;625883024;2591;173;3341;3348;8.51;0.51;225.18;3.43;750;24;1134.00;7
2592;25;625883035;2592;167;3342;3348;8.72;0.53;225.15;3.43;750;25;1135.00;6
2593;25;625883063;2593;162;3342;3348;8.85;0.54;225.07;3.43;749;25;1136.00;6
2593;25;625883073;2593;158;3342;3348;9.01;0.55;225.07;3.43;749;25;1137.00;6
2593;25;625883083;2593;150;3345;3352;9.15;0.56;225.07;3.43;752;25;1138.00;7
2593;26;625883093;2593;150;3345;3352;9.31;0.57;225.07;3.43;752;26;1139.00;7
2596;26;625883122;2596;151;3346;3352;9.49;0.58;225.12;3.43;750;26;1140.00;6
2596;27;625883132;2596;143;3346;3352;9.60;0.58;225.12;3.43;750;27;1141.00;6
2597;27;625883154;2597;140;3346;3353;9.70;0.59;225.10;3.43;749;27;1142.00;7
2598;27;625883165;2598;137;3347;3354;9.82;0.60;225.11;3.43;749;27;1143.00;7
2601;27;625883181;2601;138;3347;3354;9.86;0.60;225.09;3.43;746;27;1144.00;7
2601;27;625883191;2601;137;3348;3355;9.95;0.60;225.09;3.43;747;27;1145.00;7
2603;27;625883207;2603;141;3348;3355;10.02;0.61;225.07;3.43;745;27;1146.00;7
2603;27;625883219;2603;139;3348;3355;10.08;0.61;225.07;3.43;745;27;1147.00;7
2606;27;625883233;2606;144;3348;3355;10.03;0.61;224.93;3.43;742;27;1148.00;7
2606;27;625883246;2606;143;3349;3355;10.04;0.61;224.93;3.44;743;27;1149.00;6
2609;27;625883261;2609;149;3350;3355;9.91;0.60;224.90;3.44;741;27;1150.00;5
2609;27;625883276;2609;150;3350;3355;9.83;0.60;224.90;3.44;741;27;1151.00;5
2611;27;625883287;2611;171;3415;3482;9.78;0.60;225.06;3.38;804;27;1152.00;67
2613;27;625883309;2613;164;3419;3483;9.74;0.60;225.08;3.39;806;27;1153.00;64
2614;27;625883320;2614;161;3430;3483;9.86;0.61;225.05;3.38;816;27;1154.00;53
2616;27;625883331;2616;157;3437;3483;9.90;0.61;224.99;3.39;821;27;1155.00;46
2619;27;625883342;2619;158;3443;3483;9.95;0.61;225.25;3.39;824;27;1156.00;40
2622;27;625883353;2622;155;3446;3483;9.93;0.61;225.42;3.40;824;27;1157.00;37
2626;27;625883365;2626;159;3449;3483;9.88;0.61;225.56;3.40;823;27;1158.00;34
2629;27;625883383;2629;162;3453;3483;9.86;0.61;225.47;3.41;824;27;1159.00;30
2631;27;625883396;2631;162;3457;3484;9.85;0.61;225.33;3.42;826;27;1160.00;27
2634;27;625883418;2634;168;3460;3485;9.78;0.60;225.49;3.42;826;27;1161.00;25
2639;27;625883429;2639;168;3465;3485;9.72;0.60;225.81;3.43;826;27;1162.00;20
2642;27;625883440;2642;178;3468;3486;9.70;0.60;225.77;3.44;826;27;1163.00;18
2646;27;625883451;2646;178;3474;3486;9.60;0.59;225.96;3.46;828;27;1164.00;12
2650;27;625883461;2650;186;3476;3486;9.46;0.58;226.19;3.46;826;27;1165.00;10
2651;27;625883472;2651;192;3481;3486;9.33;0.57;226.22;3.47;830;27;1166.00;5
2653;27;625883488;2653;200;3485;3490;9.21;0.57;226.36;3.48;832;27;1167.00;5
2654;27;625883499;2654;209;3487;3490;9.12;0.56;226.50;3.48;833;27;1168.00;3
2657;27;625883509;2657;214;3488;3490;9.03;0.56;226.51;3.48;831;27;1169.00;2
2659;27;625883522;2659;216;3492;3496;8.98;0.55;226.64;3.48;833;27;1170.00;4
2663;27;625883533;2663;219;3492;3496;8.81;0.54;226.90;3.48;829;27;1171.00;4
2666;27;625883544;2666;226;3494;3496;8.73;0.54;226.90;3.48;828;27;1172.00;2
2670;27;625883554;2670;227;3498;3500;8.63;0.53;227.04;3.48;828;27;1173.00;2
2672;27;625883566;2672;231;3500;3501;8.64;0.53;226.91;3.48;828;27;1174.00;1
2673;27;625883577;2673;237;3500;3501;8.73;0.54;227.02;3.48;827;27;1175.00;1
2675;27;625883588;2675;233;3505;3505;8.84;0.54;227.10;3.48;830;27;1176.00;0
2679;27;625883599;2679;236;3505;3505;8.93;0.55;227.25;3.48;826;27;1177.00;0
2681;28;625883610;2681;231;3505;3505;8.95;0.55;227.31;3.48;824;28;1178.00;0
2683;28;625883632;2683;230;3506;3506;8.94;0.55;227.37;3.47;823;28;1179.00;0
2686;28;625883643;2686;232;3506;3506;8.84;0.54;227.54;3.47;820;28;1180.00;0
2689;28;625883654;2689;234;3511;3512;8.82;0.54;227.54;3.47;822;28;1181.00;1
2692;28;625883665;2692;236;3511;3512;8.69;0.53;227.48;3.47;819;28;1182.00;1
2696;28;625883676;2696;241;3513;3513;8.49;0.52;227.55;3.47;817;28;1183.00;0
2702;28;625883686;2702;243;3513;3513;8.33;0.51;227.76;3.47;811;28;1184.00;0
2706;28;625883696;2706;252;3513;3513;8.25;0.50;228.01;3.47;807;28;1185.00;0
2711;28;625883706;2711;253;3513;3513;8.13;0.50;228.29;3.47;802;28;1186.00;0
2715;29;625883716;2715;256;3513;3513;8.06;0.49;228.47;3.47;798;29;1187.00;0
2716;29;625883734;2716;256;3524;3525;8.09;0.49;228.54;3.46;808;29;1188.00;1
2720;29;625883745;2720;255;3524;3525;7.95;0.49;228.83;3.46;804;29;1189.00;1
2721;29;625883764;2721;242;3525;3525;7.95;0.49;228.79;3.46;804;29;1190.00;0
2724;29;625883773;2724;238;3525;3525;7.89;0.48;228.96;3.46;801;29;1191.00;0
2726;29;625883783;2726;226;3525;3525;7.91;0.48;229.11;3.46;799;29;1192.00;0
2731;29;625883792;2731;217;3525;3525;7.90;0.48;229.51;3.46;794;29;1193.00;0
2733;29;625883803;2733;218;3529;3529;7.92;0.49;229.61;3.46;796;29;1194.00;0
2737;29;625883813;2737;214;3529;3529;7.97;0.49;229.84;3.46;792;29;1195.00;0
2743;29;625883823;2743;214;3532;3533;8.09;0.49;230.03;3.45;789;29;1196.00;1
2750;29;625883835;2750;206;3534;3534;8.12;0.50;230.09;3.45;784;29;1197.00;0
2754;29;625883845;2754;201;3534;3534;8.17;0.50;230.33;3.45;780;29;1198.00;0
2757;29;625883856;2757;194;3534;3534;8.21;0.50;230.54;3.45;777;29;1199.00;0
2761;29;625883868;2761;193;3558;3575;8.17;0.50;230.50;3.43;797;29;1200.00;17
2765;29;625883887;2765;192;3559;3575;8.26;0.50;230.53;3.43;794;29;1201.00;16
2770;29;625883899;2770;192;3562;3575;8.31;0.51;230.66;3.43;792;29;1202.00;13
2773;29;625883909;2773;186;3564;3576;8.42;0.51;230.83;3.43;791;29;1203.00;12
2777;29;625883920;2777;191;3568;3577;8.43;0.51;231.10;3.43;791;29;1204.00;9
2778;29;625883931;2778;182;3568;3577;8.56;0.52;231.04;3.43;790;29;1205.00;9
2784;29;625883942;2784;185;3572;3580;8.68;0.53;231.16;3.43;788;29;1206.00;8
2790;29;625883953;2790;190;3573;3580;8.73;0.53;231.31;3.43;783;29;1207.00;7
2794;29;625883963;2794;186;3574;3580;8.80;0.54;231.48;3.43;780;29;1208.00;6
2799;29;625883974;2799;187;3574;3580;8.87;0.54;231.74;3.43;775;29;1209.00;6
2803;29;625883985;2803;185;3578;3586;8.92;0.54;231.84;3.43;775;29;1210.00;8
2806;29;625883996;2806;183;3580;3586;8.89;0.54;231.99;3.43;774;29;1211.00;6
2812;29;625884006;2812;189;3582;3586;8.85;0.54;232.34;3.43;770;29;1212.00;4
2815;29;625884023;2815;182;3582;3586;8.84;0.54;232.41;3.43;767;29;1213.00;4
2820;29;625884033;2820;178;3586;3590;8.80;0.54;232.59;3.43;766;29;1214.00;4
2825;29;625884044;2825;177;3588;3592;8.79;0.54;232.60;3.42;763;29;1215.00;4
2828;29;625884055;2828;176;3588;3592;8.81;0.54;232.70;3.42;760;29;1216.00;4
2833;29;625884066;2833;180;3589;3593;8.79;0.54;232.99;3.42;756;29;1217.00;4
2841;29;625884077;2841;181;3590;3593;8.77;0.54;232.94;3.43;749;29;1218.00;3
2848;29;625884087;2848;188;3590;3593;8.71;0.53;232.91;3.43;742;29;1219.00;3
2852;29;625884098;2852;192;3590;3593;8.69;0.53;233.09;3.43;738;29;1220.00;3
2855;29;625884109;2855;192;3590;3593;8.68;0.53;233.13;3.43;735;29;1221.00;3
2860;29;625884119;2860;195;3590;3593;8.67;0.53;232.96;3.43;730;29;1222.00;3
2865;29;625884129;2865;200;3590;3593;8.63;0.53;232.86;3.43;725;29;1223.00;3
2868;29;625884140;2868;208;3634;3663;8.49;0.52;232.90;3.39;766;29;1224.00;29
2871;29;625884155;2871;209;3635;3664;8.46;0.52;232.95;3.39;764;29;1225.00;29
2874;29;625884166;2874;209;3640;3664;8.56;0.52;232.98;3.39;766;29;1226.00;24
2877;29;625884176;2877;216;3640;3664;8.65;0.53;232.97;3.39;763;29;1227.00;24
2880;29;625884187;2880;221;3645;3666;8.77;0.54;232.97;3.39;765;29;1228.00;21
2883;29;625884203;2883;227;3648;3666;8.81;0.54;232.96;3.39;765;29;1229.00;18
2888;29;625884215;2888;230;3652;3666;8.88;0.54;233.02;3.39;764;29;1230.00;14
2891;29;625884226;2891;238;3655;3666;8.85;0.54;233.03;3.40;764;29;1231.00;11
2895;29;625884236;2895;242;3659;3667;8.71;0.53;233.02;3.41;764;29;1232.00;8
2898;29;625884252;2898;246;3661;3668;8.54;0.52;232.99;3.41;763;29;1233.00;7
2900;29;625884269;2900;253;3662;3668;8.45;0.52;233.01;3.41;762;29;1234.00;6
2902;29;625884279;2902;272;3666;3672;8.31;0.51;233.09;3.41;764;29;1235.00;6
2906;29;625884290;2906;281;3667;3672;8.20;0.50;233.14;3.41;761;29;1236.00;5
2911;29;625884300;2911;278;3671;3672;8.07;0.49;233.08;3.43;760;29;1237.00;1
2913;29;625884311;2913;271;3671;3672;8.01;0.49;233.12;3.43;758;29;1238.00;1
2917;29;625884321;2917;267;3677;3678;8.03;0.49;233.12;3.42;760;29;1239.00;1
2919;29;625884334;2919;267;3677;3678;8.06;0.49;233.15;3.42;758;29;1240.00;1
2924;29;625884345;2924;265;3677;3678;8.04;0.49;233.27;3.42;753;29;1241.00;1
2926;29;625884356;2926;268;3680;3681;8.17;0.50;233.29;3.42;754;29;1242.00;1
2929;29;625884367;2929;267;3681;3681;8.22;0.50;233.23;3.42;752;29;1243.00;0
2931;29;625884378;2931;267;3681;3681;8.27;0.51;233.19;3.42;750;29;1244.00;0
2934;29;625884389;2934;263;3682;3682;8.29;0.51;233.31;3.42;748;29;1245.00;0
2937;29;625884399;2937;250;3683;3683;8.35;0.51;233.58;3.42;746;29;1246.00;0
2940;29;625884410;2940;245;3683;3683;8.39;0.51;233.52;3.42;743;29;1247.00;0
2945;29;625884421;2945;243;3695;3696;8.55;0.52;233.95;3.41;750;29;1248.00;1
2946;29;625884433;2946;237;3695;3696;8.64;0.53;233.98;3.41;749;29;1249.00;1
2949;29;625884443;2949;235;3696;3696;8.69;0.53;233.98;3.41;747;29;1250.00;0
2952;29;625884455;2952;229;3697;3697;8.77;0.53;234.07;3.41;745;29;1251.00;0
2954;29;625884466;2954;236;3697;3697;8.84;0.54;234.00;3.41;743;29;1252.00;0
2956;30;625884478;2956;237;3700;3701;8.89;0.54;233.94;3.41;744;30;1253.00;1
2959;30;625884506;2959;238;3700;3701;8.96;0.54;233.89;3.41;741;30;1254.00;1
2960;30;625884519;2960;235;3705;3705;8.96;0.55;233.83;3.40;745;30;1255.00;0
2961;30;625884530;2961;236;3705;3705;8.92;0.54;233.84;3.40;744;30;1256.00;0
2962;30;625884540;2962;223;3705;3705;8.89;0.54;233.77;3.40;743;30;1257.00;0
2964;30;625884551;2964;225;3705;3705;8.87;0.54;233.76;3.40;741;30;1258.00;0
2967;30;625884562;2967;225;3705;3705;8.83;0.54;233.65;3.40;738;30;1259.00;0
2969;30;625884574;2969;233;3731;3739;8.77;0.54;233.57;3.38;762;30;1260.00;8
2971;30;625884588;2971;225;3731;3739;8.79;0.54;233.48;3.38;760;30;1261.00;8
2976;30;625884599;2976;229;3732;3739;8.77;0.54;233.52;3.38;756;30;1262.00;7
2978;30;625884610;2978;226;3732;3739;8.76;0.54;233.53;3.38;754;30;1263.00;7
2981;30;625884620;2981;227;3733;3739;8.77;0.54;233.50;3.38;752;30;1264.00;6
2982;30;625884636;2982;225;3734;3739;8.75;0.54;233.46;3.38;752;30;1265.00;5
2983;30;625884651;2983;227;3735;3740;8.76;0.54;233.45;3.38;752;30;1266.00;5
2987;30;625884662;2987;227;3735;3740;8.72;0.54;233.34;3.38;748;30;1267.00;5
2988;30;625884672;2988;226;3740;3746;8.66;0.53;233.32;3.38;752;30;1268.00;6
2990;30;625884692;2990;232;3741;3747;8.55;0.53;233.22;3.38;751;30;1269.00;6
2990;30;625884721;2990;239;3742;3747;8.46;0.52;233.22;3.38;752;30;1270.00;5
2994;30;625884738;2994;246;3742;3747;8.35;0.51;233.26;3.38;748;30;1271.00;5
2997;30;625884754;2997;252;3745;3751;8.24;0.51;233.12;3.38;748;30;1272.00;6
2997;30;625884768;2997;257;3745;3751;8.17;0.50;233.12;3.38;748;30;1273.00;6
3000;30;625884791;3000;263;3746;3751;8.00;0.49;233.10;3.38;746;30;1274.00;5
3001;30;625884805;3001;275;3747;3752;7.94;0.48;233.09;3.38;746;30;1275.00;5
3004;30;625884817;3004;287;3750;3756;7.83;0.48;233.05;3.38;746;30;1276.00;6
3004;30;625884829;3004;291;3751;3756;7.77;0.47;233.05;3.38;747;30;1277.00;5
3007;30;625884839;3007;296;3753;3759;7.78;0.47;233.09;3.38;746;30;1278.00;6
3008;30;625884850;3008;298;3754;3759;7.71;0.47;233.02;3.38;746;30;1279.00;5
3010;30;625884861;3010;298;3754;3759;7.72;0.47;233.09;3.38;744;30;1280.00;5
3011;30;625884872;3011;298;3754;3759;7.68;0.47;233.23;3.38;743;30;1281.00;5
3013;30;625884882;3013;289;3757;3763;7.66;0.46;233.22;3.38;744;30;1282.00;6
3014;30;625884894;3014;268;3757;3763;7.68;0.47;233.26;3.38;743;30;1283.00;6
3014;30;625884907;3014;260;3758;3763;7.75;0.47;233.26;3.38;744;30;1284.00;5
3019;30;625884917;3019;245;3758;3763;7.74;0.47;233.26;3.38;739;30;1285.00;5
3020;30;625884931;3020;238;3758;3764;7.80;0.47;233.25;3.38;738;30;1286.00;6
3022;30;625884943;3022;230;3759;3765;7.92;0.48;233.31;3.37;737;30;1287.00;6
3023;30;625884955;3023;222;3759;3765;7.99;0.48;233.30;3.37;736;30;1288.00;6
3024;30;625884966;3024;207;3760;3766;8.07;0.49;233.37;3.37;736;30;1289.00;6
3026;30;625884980;3026;198;3760;3766;8.14;0.49;233.31;3.37;734;30;1290.00;6
3029;30;625884992;3029;190;3760;3766;8.20;0.50;233.34;3.37;731;30;1291.00;6
3031;30;625885012;3031;172;3760;3766;8.31;0.50;233.31;3.37;729;30;1292.00;6
3034;30;625885030;3034;167;3760;3766;8.37;0.51;233.29;3.37;726;30;1293.00;6
3036;30;625885040;3036;158;3761;3766;8.45;0.51;233.27;3.38;725;30;1294.00;5
3039;30;625885051;3039;153;3761;3766;8.53;0.51;233.20;3.38;722;30;1295.00;5
3041;30;625885062;3041;161;3826;3893;8.70;0.53;233.15;3.33;785;30;1296.00;67
3044;30;625885084;3044;150;3826;3894;8.74;0.54;233.02;3.33;782;30;1297.00;68
3044;30;625885096;3044;145;3834;3894;8.92;0.55;233.02;3.33;790;30;1298.00;60
3047;30;625885107;3047;143;3837;3894;9.04;0.56;233.02;3.33;790;30;1299.00;57
3048;30;625885120;3048;135;3842;3894;9.15;0.56;233.04;3.33;794;30;1300.00;52
3048;30;625885137;3048;131;3846;3894;9.24;0.57;233.04;3.33;798;30;1301.00;48
3048;30;625885148;3048;131;3850;3894;9.36;0.57;233.04;3.34;802;30;1302.00;44
3050;30;625885158;3050;130;3852;3894;9.47;0.58;233.00;3.34;802;30;1303.00;42
3054;30;625885182;3054;126;3858;3895;9.57;0.58;233.07;3.34;804;30;1304.00;37
3055;30;625885197;3055;121;3861;3897;9.60;0.59;233.03;3.35;806;30;1305.00;36
3057;30;625885209;3057;117;3863;3897;9.71;0.59;233.06;3.35;806;30;1306.00;34
3060;30;625885224;3060;122;3865;3898;9.71;0.59;233.03;3.35;805;30;1307.00;33
3063;30;625885235;3063;125;3867;3898;9.76;0.60;232.94;3.36;804;30;1308.00;31
3068;30;625885248;3068;123;3870;3898;9.74;0.60;232.99;3.36;802;30;1309.00;28
3073;30;625885261;3073;129;3872;3898;9.70;0.59;233.17;3.37;799;30;1310.00;26
3074;30;625885275;3074;127;3875;3902;9.69;0.59;233.24;3.38;801;30;1311.00;27
3078;30;625885287;3078;133;3878;3902;9.68;0.59;233.24;3.39;800;30;1312.00;24
3080;30;625885299;3080;139;3880;3902;9.72;0.59;233.35;3.40;800;30;1313.00;22
3080;30;625885312;3080;149;3887;3905;9.69;0.59;233.35;3.42;807;30;1314.00;18
3082;30;625885325;3082;143;3889;3905;9.70;0.59;233.44;3.42;807;30;1315.00;16
3085;30;625885339;3085;148;3892;3905;9.64;0.59;233.52;3.42;807;30;1316.00;13
3087;30;625885352;3087;154;3896;3909;9.56;0.58;233.59;3.43;809;30;1317.00;13
3093;30;625885366;3093;158;3899;3910;9.52;0.58;233.73;3.43;806;30;1318.00;11
3093;30;625885383;3093;161;3899;3910;9.48;0.58;233.73;3.43;806;30;1319.00;11
3095;30;625885398;3095;166;3905;3915;9.44;0.58;233.90;3.44;810;30;1320.00;10
3100;30;625885413;3100;171;3905;3915;9.46;0.58;234.07;3.44;805;30;1321.00;10
3104;30;625885426;3104;174;3905;3915;9.45;0.57;233.99;3.44;801;30;1322.00;10
3108;30;625885438;3108;176;3907;3916;9.42;0.57;234.22;3.46;799;30;1323.00;9
3108;30;625885451;3108;178;3907;3916;9.45;0.57;234.22;3.46;799;30;1324.00;9
3111;30;625885464;3111;187;3913;3922;9.48;0.58;234.47;3.46;802;30;1325.00;9
3113;30;625885478;3113;191;3913;3922;9.49;0.58;234.53;3.46;800;30;1326.00;9
3115;30;625885491;3115;191;3915;3923;9.48;0.58;234.62;3.47;800;30;1327.00;8
3118;30;625885509;3118;194;3916;3923;9.42;0.57;234.73;3.48;798;30;1328.00;7
3121;30;625885527;3121;195;3917;3923;9.36;0.57;234.90;3.48;796;30;1329.00;6
3124;30;625885539;3124;197;3918;3923;9.30;0.56;235.03;3.49;794;30;1330.00;5
3126;30;625885551;3126;202;3919;3923;9.24;0.56;235.09;3.50;793;30;1331.00;4
3129;30;625885564;3129;203;3929;3935;9.19;0.56;235.13;3.50;800;30;1332.00;6
3133;30;625885577;3133;203;3930;3935;9.09;0.55;235.12;3.50;797;30;1333.00;5
3134;30;625885603;3134;202;3933;3935;9.16;0.56;235.20;3.50;799;30;1334.00;2
3137;30;625885614;3137;202;3933;3935;9.15;0.56;235.21;3.50;796;30;1335.00;2
3140;30;625885627;3140;202;3935;3935;9.09;0.55;235.44;3.50;795;30;1336.00;0
3141;30;625885641;3141;208;3935;3935;9.06;0.55;235.50;3.50;794;30;1337.00;0
3144;30;625885652;3144;204;3939;3939;8.98;0.55;235.52;3.50;795;30;1338.00;0
3147;30;625885664;3147;203;3939;3939;8.95;0.54;235.60;3.50;792;30;1339.00;0
3150;30;625885676;3150;202;3942;3943;9.00;0.55;235.71;3.50;792;30;1340.00;1
3152;30;625885690;3152;203;3943;3944;9.06;0.55;235.79;3.50;791;30;1341.00;1
3154;30;625885702;3154;204;3944;3944;9.06;0.55;235.80;3.50;790;30;1342.00;0
3155;30;625885713;3155;202;3944;3944;9.04;0.55;235.86;3.50;789;30;1343.00;0
3156;30;625885725;3156;207;3955;3957;8.97;0.55;235.84;3.49;799;30;1344.00;2
3162;30;625885747;3162;205;3955;3957;8.93;0.55;235.76;3.49;793;30;1345.00;2
3164;30;625885759;3164;204;3957;3957;9.05;0.55;235.81;3.49;793;30;1346.00;0
3166;30;625885769;3166;208;3958;3958;9.12;0.56;235.88;3.49;792;30;1347.00;0
3168;30;625885780;3168;209;3959;3959;9.16;0.56;235.96;3.49;791;30;1348.00;0
3169;30;625885791;3169;211;3959;3959;9.17;0.56;236.02;3.49;790;30;1349.00;0
3171;30;625885803;3171;215;3962;3968;9.15;0.56;236.15;3.48;791;30;1350.00;6
3172;30;625885821;3172;216;3963;3968;9.12;0.56;236.15;3.48;791;30;1351.00;5
3176;30;625885832;3176;218;3964;3968;9.04;0.55;236.22;3.48;788;30;1352.00;4
3179;30;625885842;3179;221;3964;3968;8.98;0.55;236.28;3.48;785;30;1353.00;4
3181;30;625885853;3181;223;3969;3974;8.96;0.55;236.25;3.48;788;30;1354.00;5
3184;30;625885863;3184;222;3970;3974;8.89;0.55;236.27;3.48;786;30;1355.00;4
3191;30;625885873;3191;226;3970;3974;8.79;0.54;236.38;3.48;779;30;1356.00;4
3195;30;625885884;3195;234;3972;3974;8.68;0.53;236.45;3.48;777;30;1357.00;2
3202;30;625885894;3202;241;3977;3978;8.52;0.52;236.57;3.48;775;30;1358.00;1
3205;30;625885905;3205;243;3978;3979;8.47;0.52;236.56;3.48;773;30;1359.00;1
3208;30;625885915;3208;231;3978;3979;8.45;0.52;236.70;3.48;770;30;1360.00;1
3209;30;625885925;3209;219;3979;3980;8.44;0.52;236.77;3.48;770;30;1361.00;1
3214;30;625885935;3214;208;3979;3980;8.40;0.51;236.82;3.48;765;30;1362.00;1
3219;30;625885945;3219;197;3979;3980;8.41;0.51;236.88;3.48;760;30;1363.00;1
3223;30;625885959;3223;199;3979;3980;8.45;0.52;237.03;3.48;756;30;1364.00;1
3227;30;625885982;3227;201;3979;3980;8.48;0.52;236.97;3.48;752;30;1365.00;1
3231;30;625885998;3231;199;3979;3980;8.44;0.52;237.22;3.48;748;30;1366.00;1
3234;30;625886012;3234;192;3979;3980;8.53;0.52;237.34;3.48;745;30;1367.00;1
3238;30;625886024;3238;192;4022;4050;8.62;0.53;237.43;3.44;784;30;1368.00;28
3243;30;625886040;3243;195;4027;4051;8.71;0.53;237.40;3.44;784;30;1369.00;24
3245;30;625886051;3245;188;4034;4051;8.83;0.54;237.49;3.44;789;30;1370.00;17
3251;30;625886062;3251;184;4037;4051;8.98;0.55;237.48;3.44;786;30;1371.00;14
3252;30;625886073;3252;182;4042;4051;9.11;0.56;237.52;3.44;790;30;1372.00;9
3257;30;625886084;3257;184;4044;4051;9.10;0.56;237.48;3.44;787;30;1373.00;7
3262;30;625886095;3262;190;4047;4051;9.10;0.56;237.74;3.44;785;30;1374.00;4
3264;30;625886106;3264;189;4047;4051;9.11;0.56;237.79;3.44;783;30;1375.00;4
3272;30;625886117;3272;185;4049;4052;9.11;0.56;237.92;3.44;777;30;1376.00;3
3277;30;625886128;3277;190;4050;4053;9.11;0.56;237.97;3.44;773;30;1377.00;3
3280;30;625886139;3280;192;4051;4053;9.14;0.56;237.99;3.44;771;30;1378.00;2
3288;30;625886150;3288;196;4054;4057;9.08;0.56;238.06;3.44;766;30;1379.00;3
3293;30;625886163;3293;195;4054;4057;9.00;0.55;238.15;3.44;761;30;1380.00;3
3300;30;625886174;3300;205;4054;4057;9.04;0.55;238.14;3.44;754;30;1381.00;3
3305;30;625886185;3305;204;4054;4057;9.01;0.55;238.20;3.44;749;30;1382.00;3
3309;30;625886196;3309;205;4059;4063;8.99;0.55;238.19;3.44;750;30;1383.00;4
3314;30;625886214;3314;207;4061;4063;8.99;0.55;238.18;3.44;747;30;1384.00;2
3320;30;625886227;3320;206;4061;4063;9.00;0.55;238.19;3.44;741;30;1385.00;2
3328;30;625886238;3328;205;4064;4066;8.97;0.55;238.27;3.43;736;30;1386.00;2
3330;30;625886250;3330;209;4065;4066;8.90;0.54;238.23;3.44;735;30;1387.00;1
3336;30;625886261;3336;219;4065;4066;8.84;0.54;238.48;3.44;729;30;1388.00;1
3340;30;625886272;3340;220;4067;4067;8.73;0.53;238.53;3.44;727;30;1389.00;0
3342;30;625886283;3342;220;4068;4068;8.73;0.53;238.58;3.44;726;30;1390.00;0
3348;30;625886293;3348;225;4068;4068;8.59;0.52;238.73;3.44;720;30;1391.00;0
3353;30;625886304;3353;230;4081;4081;8.55;0.52;238.77;3.43;728;30;1392.00;0
3358;30;625886316;3358;234;4081;4081;8.48;0.51;238.84;3.43;723;30;1393.00;0
3361;30;625886326;3361;238;4081;4081;8.41;0.51;238.79;3.43;720;30;1394.00;0
3365;30;625886338;3365;247;4083;4083;8.36;0.51;239.01;3.43;718;30;1395.00;0
3366;30;625886348;3366;250;4083;4083;8.28;0.51;239.04;3.43;717;30;1396.00;0
3369;30;625886364;3369;255;4086;4087;8.29;0.51;239.13;3.43;717;30;1397.00;1
3373;30;625886375;3373;256;4086;4087;8.19;0.50;239.11;3.43;713;30;1398.00;1
3376;31;625886385;3376;263;4091;4091;8.16;0.50;239.09;3.43;715;31;1399.00;0
3379;31;625886408;3379;275;4091;4091;8.02;0.49;239.17;3.43;712;31;1400.00;0
3380;31;625886423;3380;287;4091;4091;7.90;0.48;239.22;3.43;711;31;1401.00;0
3383;31;625886433;3383;293;4091;4091;7.79;0.47;239.18;3.43;708;31;1402.00;0
3385;31;625886443;3385;302;4091;4091;7.69;0.47;239.18;3.43;706;31;1403.00;0
3387;31;625886454;3387;306;4102;4103;7.71;0.47;239.19;3.42;715;31;1404.00;1
3389;31;625886465;3389;311;4102;4103;7.68;0.47;239.15;3.42;713;31;1405.00;1
3390;31;625886475;3390;312;4103;4103;7.61;0.46;239.11;3.42;713;31;1406.00;0
3391;31;625886485;3391;304;4103;4103;7.53;0.46;239.14;3.42;712;31;1407.00;0
3393;31;625886495;3393;296;4103;4103;7.51;0.46;239.15;3.42;710;31;1408.00;0
3394;31;625886506;3394;298;4103;4103;7.44;0.45;239.10;3.42;709;31;1409.00;0
3398;31;625886518;3398;300;4104;4104;7.45;0.45;238.99;3.42;706;31;1410.00;0
3401;31;625886528;3401;299;4104;4104;7.48;0.45;239.12;3.42;703;31;1411.00;0
3401;31;625886538;3401;299;4109;4110;7.55;0.46;239.12;3.41;708;31;1412.00;1
3405;31;625886549;3405;301;4110;4111;7.61;0.46;238.94;3.41;705;31;1413.00;1
3406;31;625886559;3406;301;4111;4111;7.69;0.47;238.94;3.41;705;31;1414.00;0
3408;31;625886569;3408;305;4111;4111;7.71;0.47;238.92;3.41;703;31;1415.00;0
3411;31;625886579;3411;287;4115;4115;7.72;0.47;238.79;3.41;704;31;1416.00;0
3412;31;625886596;3412;279;4115;4115;7.79;0.47;238.76;3.41;703;31;1417.00;0
3413;31;625886607;3413;269;4115;4115;7.88;0.48;238.73;3.41;702;31;1418.00;0
3413;31;625886617;3413;259;4116;4116;7.92;0.48;238.73;3.41;703;31;1419.00;0
3414;31;625886633;3414;257;4120;4120;7.95;0.49;238.66;3.41;706;31;1420.00;0
3415;31;625886644;3415;254;4120;4120;8.03;0.49;238.64;3.41;705;31;1421.00;0
3415;31;625886655;3415;251;4122;4123;8.17;0.50;238.64;3.41;707;31;1422.00;1
3420;31;625886666;3420;245;4122;4123;8.17;0.50;238.50;3.41;702;31;1423.00;1
3421;31;625886676;3421;243;4123;4123;8.28;0.51;238.45;3.41;702;31;1424.00;0
3421;31;625886691;3421;244;4123;4123;8.39;0.51;238.45;3.41;702;31;1425.00;0
3424;31;625886707;3424;244;4126;4127;8.51;0.52;238.41;3.40;702;31;1426.00;1
3425;31;625886724;3425;240;4126;4127;8.50;0.52;238.42;3.40;701;31;1427.00;1
3427;31;625886739;3427;244;4127;4127;8.56;0.52;238.38;3.40;700;31;1428.00;0
3428;31;625886754;3428;240;4127;4127;8.57;0.52;238.37;3.40;699;31;1429.00;0
3430;31;625886771;3430;242;4128;4128;8.53;0.52;238.34;3.40;698;31;1430.00;0
3430;31;625886788;3430;239;4129;4129;8.53;0.52;238.34;3.40;699;31;1431.00;0
3432;31;625886802;3432;243;4129;4129;8.49;0.52;238.36;3.40;697;31;1432.00;0
3434;31;625886815;3434;244;4130;4130;8.46;0.52;238.34;3.40;696;31;1433.00;0
3436;31;625886827;3436;242;4130;4130;8.45;0.52;238.34;3.40;694;31;1434.00;0
3439;31;625886837;3439;237;4130;4130;8.46;0.52;238.30;3.40;691;31;1435.00;0
3439;31;625886847;3439;230;4130;4130;8.56;0.52;238.30;3.40;691;31;1436.00;0
3440;31;625886857;3440;226;4130;4130;8.58;0.52;238.25;3.40;690;31;1437.00;0
3442;32;625886866;3442;221;4130;4130;8.66;0.53;238.21;3.40;688;32;1438.00;0
3447;32;625886891;3447;215;4130;4130;8.69;0.53;238.18;3.40;683;32;1439.00;0
3451;32;625886903;3451;256;4249;4360;8.73;0.55;238.15;3.31;798;32;1440.00;111
3451;32;625886932;3451;245;4253;4361;8.83;0.55;238.15;3.30;802;32;1441.00;108
3453;32;625886943;3453;230;4265;4361;8.97;0.56;238.12;3.30;812;32;1442.00;96
3454;32;625886953;3454;221;4270;4361;9.03;0.57;238.14;3.30;816;32;1443.00;91
3458;32;625886963;3458;215;4277;4361;9.02;0.56;238.13;3.30;819;32;1444.00;84
3459;32;625886988;3459;218;4281;4361;8.99;0.56;238.12;3.30;822;32;1445.00;80
3459;32;625887000;3459;219;4286;4361;9.00;0.56;238.12;3.31;827;32;1446.00;75
3459;32;625887025;3459;224;4289;4361;8.94;0.56;238.12;3.31;830;32;1447.00;72
3463;32;625887035;3463;225;4294;4362;8.93;0.56;238.12;3.31;831;32;1448.00;68
3465;33;625887046;3465;229;4298;4363;8.88;0.55;238.08;3.32;833;33;1449.00;65
3466;33;625887073;3466;232;4301;4363;8.86;0.55;238.05;3.32;835;33;1450.00;62
3469;33;625887083;3469;237;4306;4364;8.83;0.55;238.00;3.33;837;33;1451.00;58
3472;33;625887095;3472;234;4310;4364;8.82;0.55;238.01;3.34;838;33;1452.00;54
3474;33;625887105;3474;234;4313;4364;8.80;0.54;237.99;3.35;839;33;1453.00;51
3476;33;625887116;3476;231;4317;4364;8.82;0.54;238.05;3.36;841;33;1454.00;47
3478;33;625887126;3478;234;4322;4368;8.79;0.54;238.15;3.37;844;33;1455.00;46
3479;33;625887137;3479;237;4324;4368;8.81;0.54;238.16;3.37;845;33;1456.00;44
3483;33;625887147;3483;237;4327;4368;8.78;0.54;238.07;3.38;844;33;1457.00;41
3490;33;625887164;3490;239;4330;4371;8.72;0.54;238.07;3.39;840;33;1458.00;41
3491;33;625887174;3491;239;4333;4371;8.73;0.54;238.11;3.40;842;33;1459.00;38
3495;33;625887185;3495;235;4334;4371;8.77;0.54;238.10;3.40;839;33;1460.00;37
3497;33;625887195;3497;234;4338;4375;8.76;0.54;238.16;3.40;841;33;1461.00;37
3500;33;625887206;3500;222;4340;4376;8.81;0.54;238.11;3.41;840;33;1462.00;36
3505;33;625887217;3505;216;4340;4376;8.85;0.54;238.27;3.41;835;33;1463.00;36
3509;33;625887232;3509;211;4343;4380;8.90;0.54;238.30;3.41;834;33;1464.00;37
3512;33;625887254;3512;198;4347;4380;8.88;0.54;238.29;3.42;835;33;1465.00;33
3517;33;625887275;3517;187;4348;4380;8.88;0.54;238.31;3.43;831;33;1466.00;32
3519;33;625887288;3519;182;4349;4381;8.93;0.54;238.35;3.43;830;33;1467.00;32
3522;33;625887301;3522;177;4350;4381;9.00;0.55;238.33;3.43;828;33;1468.00;31
3525;33;625887322;3525;173;4352;4387;9.05;0.55;238.45;3.43;827;33;1469.00;35
3528;33;625887338;3528;169;4352;4387;9.13;0.55;238.47;3.43;824;33;1470.00;35
3529;33;625887352;3529;170;4353;4388;9.22;0.56;238.55;3.44;824;33;1471.00;35
3534;33;625887365;3534;162;4353;4388;9.26;0.56;238.56;3.44;819;33;1472.00;35
3536;34;625887377;3536;159;4354;4388;9.37;0.57;238.63;3.44;818;34;1473.00;34
3540;34;625887408;3540;161;4354;4388;9.46;0.57;238.71;3.44;814;34;1474.00;34
3541;34;625887421;3541;162;4355;4388;9.63;0.58;238.69;3.45;814;34;1475.00;33
3544;34;625887434;3544;168;4364;4400;9.67;0.59;238.80;3.44;820;34;1476.00;36
3545;34;625887447;3545;168;4366;4400;9.75;0.59;238.84;3.45;821;34;1477.00;34
3548;34;625887459;3548;163;4367;4400;9.88;0.60;238.80;3.45;819;34;1478.00;33
3554;34;625887471;3554;162;4368;4400;9.91;0.60;238.92;3.45;814;34;1479.00;32
3555;34;625887483;3555;158;4368;4400;9.99;0.61;238.93;3.45;813;34;1480.00;32
3557;34;625887494;3557;163;4371;4400;10.02;0.61;238.98;3.46;814;34;1481.00;29
3560;34;625887506;3560;166;4375;4404;10.00;0.61;239.07;3.46;815;34;1482.00;29
3561;34;625887524;3561;168;4376;4404;10.05;0.61;239.05;3.47;815;34;1483.00;28
3563;34;625887536;3563;164;4379;4408;10.13;0.62;239.21;3.47;816;34;1484.00;29
3566;34;625887548;3566;170;4382;4410;10.10;0.62;239.23;3.48;816;34;1485.00;28
3566;34;625887560;3566;170;4383;4410;10.09;0.62;239.23;3.49;817;34;1486.00;27
3569;34;625887572;3569;174;4384;4410;10.03;0.61;239.23;3.49;815;34;1487.00;26
3572;34;625887584;3572;175;4394;4423;9.98;0.61;239.30;3.49;822;34;1488.00;29
3575;34;625887599;3575;179;4394;4423;9.98;0.61;239.25;3.49;819;34;1489.00;29
3579;34;625887612;3579;176;4396;4423;9.97;0.61;239.40;3.51;817;34;1490.00;27
3580;34;625887624;3580;176;4398;4424;10.05;0.61;239.47;3.52;818;34;1491.00;26
3587;34;625887636;3587;184;4399;4425;10.02;0.61;239.45;3.53;812;34;1492.00;26
3590;34;625887648;3590;184;4401;4425;10.01;0.61;239.57;3.55;811;34;1493.00;24
3592;34;625887661;3592;185;4403;4428;10.01;0.61;239.64;3.55;811;34;1494.00;25
3595;34;625887674;3595;189;4406;4428;10.03;0.61;239.65;3.58;811;34;1495.00;22
3598;34;625887687;3598;192;4407;4428;10.09;0.61;239.67;3.58;809;34;1496.00;21
3603;34;625887699;3603;199;4409;4428;10.04;0.61;239.76;3.60;806;34;1497.00;19
3605;34;625887711;3605;205;4414;4434;10.05;0.61;239.87;3.61;809;34;1498.00;20
3607;34;625887723;3607;209;4415;4434;9.95;0.60;239.88;3.62;808;34;1499.00;19
3611;34;625887738;3611;213;4421;4453;9.83;0.60;239.95;3.64;810;34;1500.00;32
3614;34;625887761;3614;214;4423;4453;9.66;0.59;239.98;3.65;809;34;1501.00;30
3617;34;625887778;3617;220;4427;4457;9.51;0.58;240.00;3.65;810;34;1502.00;30
3618;34;625887789;3618;225;4430;4458;9.43;0.57;240.05;3.66;812;34;1503.00;28
3620;34;625887800;3620;229;4431;4458;9.35;0.57;240.08;3.66;811;34;1504.00;27
3621;34;625887811;3621;238;4435;4459;9.21;0.56;240.13;3.70;814;34;1505.00;24
3622;34;625887822;3622;241;4436;4459;9.09;0.55;240.18;3.70;814;34;1506.00;23
3623;34;625887832;3623;244;4438;4459;9.01;0.55;240.19;3.70;815;34;1507.00;21
3626;34;625887843;3626;252;4441;4459;8.96;0.55;240.26;3.73;815;34;1508.00;18
3628;34;625887853;3628;249;4442;4459;8.94;0.55;240.36;3.73;814;34;1509.00;17
3634;34;625887864;3634;249;4443;4459;8.92;0.54;240.28;3.75;809;34;1510.00;16
3640;34;625887875;3640;246;4446;4459;8.83;0.54;240.46;3.76;806;34;1511.00;13
3643;34;625887885;3643;249;4480;4529;8.83;0.54;240.48;3.74;837;34;1512.00;49
3645;34;625887901;3645;253;4483;4530;8.87;0.54;240.61;3.74;838;34;1513.00;47
3646;34;625887911;3646;250;4493;4530;8.92;0.55;240.56;3.74;847;34;1514.00;37
3647;34;625887922;3647;249;4495;4530;8.95;0.55;240.53;3.74;848;34;1515.00;35
3648;34;625887933;3648;248;4499;4530;8.96;0.55;240.64;3.74;851;34;1516.00;31
3648;34;625887943;3648;251;4500;4530;8.97;0.55;240.64;3.74;852;34;1517.00;30
3650;34;625887954;3650;253;4503;4530;9.00;0.55;240.68;3.74;853;34;1518.00;27
3658;34;625887967;3658;262;4506;4530;8.99;0.55;240.51;3.75;848;34;1519.00;24
3660;34;625887979;3660;262;4508;4531;9.03;0.55;240.56;3.75;848;34;1520.00;23
3662;34;625887996;3662;266;4510;4532;9.03;0.55;240.64;3.75;848;34;1521.00;22
3663;34;625888006;3663;268;4511;4532;8.98;0.55;240.64;3.75;848;34;1522.00;21
3669;34;625888017;3669;270;4515;4536;8.85;0.54;240.62;3.75;846;34;1523.00;21
3671;34;625888027;3671;280;4516;4536;8.76;0.53;240.61;3.76;845;34;1524.00;20
3676;34;625888038;3676;280;4518;4536;8.59;0.52;240.81;3.76;842;34;1525.00;18
3679;34;625888048;3679;285;4518;4536;8.48;0.52;240.79;3.76;839;34;1526.00;18
3684;34;625888058;3684;284;4523;4542;8.38;0.51;240.92;3.76;839;34;1527.00;19
3687;34;625888069;3687;291;4523;4542;8.22;0.50;241.07;3.76;836;34;1528.00;19
3691;34;625888079;3691;297;4524;4542;8.03;0.49;241.09;3.77;833;34;1529.00;18
3695;34;625888091;3695;288;4527;4548;7.90;0.48;241.17;3.77;832;34;1530.00;21
3695;34;625888102;3695;281;4527;4548;7.85;0.48;241.17;3.77;832;34;1531.00;21
3699;34;625888112;3699;273;4527;4548;7.75;0.48;241.34;3.77;828;34;1532.00;21
3702;34;625888122;3702;269;4529;4549;7.69;0.47;241.36;3.77;827;34;1533.00;20
3706;34;625888133;3706;258;4530;4550;7.69;0.47;241.39;3.77;824;34;1534.00;20
3715;34;625888143;3715;254;4531;4550;7.72;0.47;241.55;3.78;816;34;1535.00;19
3722;34;625888154;3722;253;4544;4563;7.73;0.47;241.58;3.78;822;34;1536.00;19
3726;34;625888166;3726;244;4544;4563;7.80;0.48;241.49;3.78;818;34;1537.00;19
3732;34;625888176;3732;240;4544;4563;7.87;0.48;241.55;3.78;812;34;1538.00;19
3735;34;625888187;3735;236;4546;4564;7.95;0.49;241.57;3.78;811;34;1539.00;18
3738;34;625888198;3738;230;4547;4564;7.93;0.49;241.65;3.79;809;34;1540.00;17
3743;34;625888208;3743;231;4552;4568;7.91;0.48;241.77;3.81;809;34;1541.00;16
3746;34;625888219;3746;233;4552;4568;8.00;0.49;241.79;3.81;806;34;1542.00;16
3749;34;625888229;3749;229;4557;4572;8.08;0.49;241.83;3.80;808;34;1543.00;15
3751;34;625888240;3751;228;4557;4572;8.17;0.50;241.82;3.80;806;34;1544.00;15
3757;34;625888251;3757;232;4558;4572;8.18;0.50;241.93;3.81;801;34;1545.00;14
3759;34;625888261;3759;243;4558;4572;8.20;0.50;241.93;3.81;799;34;1546.00;14
3764;34;625888271;3764;238;4560;4572;8.14;0.50;241.96;3.83;796;34;1547.00;12
3771;34;625888282;3771;249;4571;4584;8.07;0.49;242.00;3.82;800;34;1548.00;13
3776;34;625888300;3776;254;4571;4584;7.97;0.49;241.92;3.82;795;34;1549.00;13
3780;34;625888310;3780;257;4572;4584;7.89;0.48;242.02;3.83;792;34;1550.00;12
3783;34;625888323;3783;264;4573;4584;7.80;0.48;242.08;3.83;790;34;1551.00;11
3785;34;625888333;3785;266;4573;4584;7.70;0.47;242.02;3.83;788;34;1552.00;11
3786;34;625888344;3786;273;4573;4584;7.61;0.47;242.05;3.83;787;34;1553.00;11
3788;34;625888355;3788;276;4575;4585;7.50;0.46;242.05;3.84;787;34;1554.00;10
3791;34;625888366;3791;278;4577;4587;7.35;0.45;241.98;3.85;786;34;1555.00;10
3793;34;625888376;3793;283;4582;4593;7.30;0.45;242.03;3.85;789;34;1556.00;11
3799;34;625888387;3799;280;4584;4594;7.19;0.44;242.27;3.86;785;34;1557.00;10
3801;34;625888398;3801;285;4585;4594;7.19;0.44;242.26;3.86;784;34;1558.00;9
3805;34;625888408;3805;292;4586;4594;7.15;0.44;242.17;3.87;781;34;1559.00;8
3810;34;625888420;3810;295;4592;4599;7.10;0.43;242.11;3.87;782;34;1560.00;7
3817;34;625888431;3817;294;4593;4599;6.99;0.43;241.94;3.87;776;34;1561.00;6
3819;34;625888441;3819;298;4594;4599;7.01;0.43;241.86;3.88;775;34;1562.00;5
3821;34;625888455;3821;305;4596;4600;6.98;0.43;241.96;3.88;775;34;1563.00;4
3826;34;625888467;3826;306;4600;4604;6.96;0.42;241.91;3.88;774;34;1564.00;4
3828;34;625888480;3828;307;4600;4604;6.95;0.43;241.89;3.88;772;34;1565.00;4
3832;34;625888492;3832;309;4603;4607;6.96;0.43;241.94;3.88;771;34;1566.00;4
3834;34;625888506;3834;310;4603;4607;6.92;0.42;241.88;3.88;769;34;1567.00;4
3836;34;625888516;3836;316;4603;4607;6.89;0.42;241.95;3.88;767;34;1568.00;4
3838;34;625888526;3838;323;4603;4607;6.88;0.42;241.95;3.88;765;34;1569.00;4
3842;34;625888541;3842;336;4608;4611;6.82;0.42;241.89;3.89;766;34;1570.00;3
3846;34;625888551;3846;345;4609;4611;6.73;0.41;241.85;3.89;763;34;1571.00;2
3849;34;625888561;3849;352;4609;4611;6.63;0.41;241.80;3.89;760;34;1572.00;2
3851;34;625888570;3851;357;4610;4611;6.51;0.40;241.86;3.89;759;34;1573.00;1
3853;34;625888580;3853;365;4611;4612;6.39;0.39;241.87;3.89;758;34;1574.00;1
3856;34;625888595;3856;370;4613;4614;6.31;0.39;241.86;3.88;757;34;1575.00;1
3857;34;625888604;3857;377;4614;4614;6.29;0.39;241.81;3.88;757;34;1576.00;0
3859;34;625888613;3859;374;4615;4615;6.29;0.39;241.81;3.88;756;34;1577.00;0
3861;34;625888622;3861;366;4615;4615;6.32;0.39;241.78;3.88;754;34;1578.00;0
3865;34;625888632;3865;368;4615;4615;6.27;0.38;241.71;3.88;750;34;1579.00;0
3867;35;625888647;3867;359;4615;4615;6.29;0.39;241.79;3.88;748;35;1580.00;0
3869;35;625888668;3869;352;4615;4615;6.32;0.39;241.78;3.88;746;35;1581.00;0
3871;35;625888678;3871;354;4615;4615;6.42;0.39;241.76;3.88;744;35;1582.00;0
3873;35;625888690;3873;350;4615;4615;6.54;0.40;241.73;3.88;742;35;1583.00;0
3874;35;625888703;3874;370;4688;4742;6.91;0.43;241.71;3.82;814;35;1584.00;54
3874;35;625888738;3874;360;4690;4743;7.00;0.44;241.71;3.82;816;35;1585.00;53
3877;35;625888753;3877;344;4700;4743;7.19;0.45;241.64;3.82;823;35;1586.00;43
3879;35;625888780;3879;313;4703;4743;7.30;0.45;241.67;3.82;824;35;1587.00;40
3883;35;625888796;3883;296;4709;4743;7.41;0.46;241.57;3.82;826;35;1588.00;34
3885;35;625888809;3885;279;4714;4743;7.52;0.46;241.59;3.82;829;35;1589.00;29
3885;35;625888823;3885;269;4718;4743;7.68;0.47;241.59;3.82;833;35;1590.00;25
3885;35;625888838;3885;262;4721;4743;7.84;0.48;241.59;3.82;836;35;1591.00;22
3886;35;625888850;3886;250;4725;4744;7.97;0.49;241.56;3.83;839;35;1592.00;19
3888;35;625888863;3888;246;4727;4745;8.10;0.50;241.56;3.83;839;35;1593.00;18
3890;35;625888876;3890;239;4731;4745;8.27;0.51;241.54;3.83;841;35;1594.00;14
3892;35;625888888;3892;237;4734;4746;8.41;0.52;241.49;3.84;842;35;1595.00;12
3893;35;625888901;3893;235;4736;4746;8.45;0.52;241.53;3.84;843;35;1596.00;10
3893;35;625888923;3893;236;4736;4746;8.50;0.52;241.53;3.84;843;35;1597.00;10
3893;35;625888935;3893;233;4737;4746;8.60;0.53;241.53;3.84;844;35;1598.00;9
3894;35;625888947;3894;226;4742;4750;8.74;0.54;241.52;3.84;848;35;1599.00;8
3894;35;625888961;3894;231;4743;4750;8.79;0.54;241.52;3.85;849;35;1600.00;7
3897;35;625888980;3897;229;4744;4750;8.80;0.54;241.47;3.85;847;35;1601.00;6
3898;35;625888994;3898;226;4747;4753;8.84;0.54;241.44;3.85;849;35;1602.00;6
3899;35;625889008;3899;229;4747;4753;8.90;0.54;241.43;3.85;848;35;1603.00;6
3901;35;625889020;3901;229;4748;4753;8.96;0.55;241.38;3.85;847;35;1604.00;5
3904;35;625889036;3904;231;4751;4757;8.96;0.54;241.36;3.85;847;35;1605.00;6
3906;35;625889049;3906;233;4753;4758;8.98;0.54;241.35;3.85;847;35;1606.00;5
3909;35;625889063;3909;231;4753;4758;9.03;0.55;241.34;3.85;844;35;1607.00;5
3912;35;625889076;3912;229;4756;4762;9.06;0.55;241.36;3.85;844;35;1608.00;6
3913;35;625889090;3913;234;4756;4762;9.08;0.55;241.38;3.85;843;35;1609.00;6
3914;35;625889103;3914;238;4756;4762;9.06;0.55;241.38;3.85;842;35;1610.00;6
3918;35;625889115;3918;247;4757;4763;9.00;0.55;241.44;3.85;839;35;1611.00;6
3919;35;625889127;3919;244;4757;4763;8.95;0.54;241.45;3.85;838;35;1612.00;6
3922;35;625889138;3922;244;4761;4769;8.93;0.54;241.53;3.84;839;35;1613.00;8
3925;35;625889151;3925;247;4762;4769;8.99;0.55;241.53;3.84;837;35;1614.00;7
3926;35;625889163;3926;248;4762;4770;9.01;0.55;241.56;3.84;836;35;1615.00;8
3927;35;625889174;3927;249;4762;4770;9.06;0.55;241.63;3.84;835;35;1616.00;8
3927;35;625889186;3927;248;4762;4770;9.04;0.55;241.63;3.84;835;35;1617.00;8
3931;35;625889197;3931;247;4762;4770;9.06;0.55;241.62;3.84;831;35;1618.00;8
3933;35;625889208;3933;249;4762;4770;8.98;0.55;241.71;3.84;829;35;1619.00;8
3938;35;625889222;3938;242;4785;4806;8.94;0.55;241.82;3.82;847;35;1620.00;21
3941;35;625889237;3941;231;4786;4806;8.91;0.54;241.87;3.82;845;35;1621.00;20
3943;35;625889250;3943;226;4787;4806;8.93;0.54;241.88;3.82;844;35;1622.00;19
3945;35;625889261;3945;224;4788;4806;9.01;0.55;241.91;3.82;843;35;1623.00;18
3949;35;625889272;3949;215;4789;4806;9.05;0.55;241.97;3.82;840;35;1624.00;17
3951;35;625889283;3951;205;4789;4806;9.12;0.56;242.04;3.82;838;35;1625.00;17
3956;35;625889295;3956;205;4793;4810;9.17;0.56;242.25;3.82;837;35;1626.00;17
3959;35;625889307;3959;203;4794;4810;9.24;0.56;242.36;3.82;835;35;1627.00;16
3963;35;625889319;3963;199;4797;4814;9.32;0.57;242.42;3.82;834;35;1628.00;17
3967;35;625889330;3967;190;4798;4815;9.43;0.57;242.48;3.82;831;35;1629.00;17
3971;35;625889341;3971;181;4799;4815;9.46;0.57;242.53;3.82;828;35;1630.00;16
3974;35;625889353;3974;175;4799;4815;9.46;0.58;242.59;3.82;825;35;1631.00;16
3980;35;625889364;3980;168;4808;4828;9.41;0.57;242.66;3.81;828;35;1632.00;20
3985;35;625889375;3985;166;4808;4828;9.39;0.57;242.69;3.81;823;35;1633.00;20
3990;35;625889386;3990;162;4808;4828;9.39;0.57;242.81;3.81;818;35;1634.00;20
3993;35;625889397;3993;155;4810;4829;9.45;0.58;242.79;3.82;817;35;1635.00;19
3998;35;625889409;3998;149;4810;4830;9.52;0.58;242.78;3.82;812;35;1636.00;20
4000;35;625889419;4000;142;4810;4830;9.58;0.58;242.75;3.82;810;35;1637.00;20
4007;35;625889430;4007;136;4812;4833;9.62;0.59;242.71;3.82;805;35;1638.00;21
4011;35;625889442;4011;133;4812;4833;9.76;0.59;242.82;3.82;801;35;1639.00;21
4014;35;625889453;4014;133;4813;4833;9.85;0.60;242.79;3.82;799;35;1640.00;20
4016;35;625889473;4016;131;4813;4833;9.88;0.60;242.86;3.82;797;35;1641.00;20
4021;35;625889484;4021;130;4818;4839;9.90;0.60;242.82;3.82;797;35;1642.00;21
4023;35;625889496;4023;132;4818;4839;9.93;0.60;242.79;3.82;795;35;1643.00;21
4027;35;625889507;4027;136;4819;4839;9.96;0.61;242.87;3.82;792;35;1644.00;20
4032;35;625889518;4032;135;4820;4839;10.00;0.61;242.90;3.83;788;35;1645.00;19
4034;35;625889530;4034;135;4823;4843;10.02;0.61;242.97;3.83;789;35;1646.00;20
4036;35;625889541;4036;131;4825;4844;10.07;0.61;243.09;3.84;789;35;1647.00;19
4036;35;625889552;4036;131;4825;4844;10.10;0.61;243.09;3.84;789;35;1648.00;19
4039;35;625889563;4039;129;4826;4845;10.18;0.62;243.20;3.84;787;35;1649.00;19
4044;35;625889576;4044;132;4827;4845;10.19;0.62;243.23;3.84;783;35;1650.00;18
4047;35;625889587;4047;131;4827;4845;10.21;0.62;243.28;3.84;780;35;1651.00;18
4049;35;625889599;4049;128;4827;4845;10.30;0.62;243.25;3.84;778;35;1652.00;18
4050;35;625889610;4050;127;4828;4845;10.38;0.63;243.29;3.85;778;35;1653.00;17
4053;35;625889621;4053;130;4828;4845;10.49;0.64;243.41;3.85;775;35;1654.00;17
4055;35;625889633;4055;133;4829;4845;10.55;0.64;243.50;3.85;774;35;1655.00;16
4059;35;625889645;4059;141;4869;4915;10.54;0.64;243.52;3.83;810;35;1656.00;46
4061;35;625889662;4061;134;4871;4916;10.54;0.64;243.56;3.83;810;35;1657.00;45
4065;35;625889674;4065;134;4878;4916;10.61;0.65;243.67;3.83;813;35;1658.00;38
4067;35;625889696;4067;137;4884;4916;10.67;0.65;243.72;3.84;817;35;1659.00;32
4069;35;625889710;4069;145;4890;4916;10.73;0.65;243.76;3.86;821;35;1660.00;26
4073;35;625889724;4073;147;4893;4916;10.77;0.66;243.78;3.86;820;35;1661.00;23
4075;35;625889737;4075;149;4898;4916;10.79;0.66;243.78;3.87;823;35;1662.00;18
4077;35;625889749;4077;153;4899;4916;10.77;0.66;243.81;3.88;822;35;1663.00;17
4079;35;625889760;4079;157;4902;4917;10.74;0.65;243.73;3.89;823;35;1664.00;15
4082;35;625889777;4082;159;4905;4919;10.67;0.65;243.84;3.90;823;35;1665.00;14
4083;35;625889789;4083;165;4907;4919;10.67;0.65;243.90;3.90;824;35;1666.00;12
4085;35;625889800;4085;163;4909;4923;10.60;0.65;243.91;3.90;824;35;1667.00;14
4090;35;625889817;4090;163;4911;4923;10.48;0.64;244.06;3.92;821;35;1668.00;12
4095;35;625889829;4095;169;4912;4923;10.39;0.63;244.06;3.92;817;35;1669.00;11
4097;35;625889840;4097;172;4914;4923;10.30;0.63;244.10;3.94;817;35;1670.00;9
4100;35;625889851;4100;179;4919;4929;10.24;0.62;244.10;3.93;819;35;1671.00;10
4102;35;625889862;4102;186;4919;4929;10.19;0.62;244.15;3.93;817;35;1672.00;10
4104;35;625889873;4104;183;4921;4929;10.16;0.62;244.15;3.94;817;35;1673.00;8
4107;35;625889883;4107;185;4923;4932;10.18;0.62;244.20;3.94;816;35;1674.00;9
4111;35;625889895;4111;193;4924;4932;10.12;0.62;244.22;3.94;813;35;1675.00;8
4111;35;625889906;4111;200;4925;4932;10.07;0.62;244.22;3.95;814;35;1676.00;7
4113;35;625889916;4113;205;4925;4933;9.95;0.61;244.24;3.95;812;35;1677.00;8
4115;35;625889926;4115;207;4929;4934;9.84;0.60;244.24;3.96;814;35;1678.00;5
4117;35;625889936;4117;205;4929;4934;9.71;0.59;244.27;3.96;812;35;1679.00;5
4122;35;625889948;4122;211;4949;4960;9.56;0.58;244.15;3.95;827;35;1680.00;11
4125;35;625889961;4125;206;4951;4960;9.55;0.58;244.31;3.95;826;35;1681.00;9
4128;35;625889977;4128;207;4953;4960;9.49;0.58;244.33;3.94;825;35;1682.00;7
4135;35;625889988;4135;208;4955;4961;9.43;0.58;244.42;3.95;820;35;1683.00;6
4138;35;625889998;4138;209;4955;4961;9.39;0.57;244.44;3.95;817;35;1684.00;6
4141;35;625890010;4141;214;4960;4965;9.37;0.57;244.50;3.95;819;35;1685.00;5
4142;35;625890023;4142;221;4960;4965;9.41;0.57;244.48;3.95;818;35;1686.00;5
4145;35;625890034;4145;227;4964;4969;9.37;0.57;244.51;3.94;819;35;1687.00;5
4148;35;625890045;4148;230;4965;4969;9.30;0.57;244.55;3.95;817;35;1688.00;4
4150;35;625890056;4150;237;4965;4969;9.23;0.56;244.53;3.95;815;35;1689.00;4
4154;35;625890066;4154;238;4965;4969;9.08;0.55;244.45;3.95;811;35;1690.00;4
4158;35;625890076;4158;251;4966;4969;8.94;0.55;244.39;3.95;808;35;1691.00;3
4163;35;625890086;4163;251;4977;4981;8.76;0.53;244.40;3.95;814;35;1692.00;4
4166;35;625890097;4166;259;4977;4981;8.55;0.52;244.37;3.95;811;35;1693.00;4
4168;35;625890106;4168;270;4979;4981;8.44;0.52;244.49;3.95;811;35;1694.00;2
4173;35;625890115;4173;277;4980;4981;8.22;0.50;244.53;3.95;807;35;1695.00;1
4176;35;625890124;4176;281;4980;4981;7.97;0.49;244.64;3.95;804;35;1696.00;1
4180;35;625890133;4180;291;4980;4981;7.75;0.47;244.67;3.95;800;35;1697.00;1
4183;35;625890142;4183;299;4982;4982;7.60;0.46;244.74;3.95;799;35;1698.00;0
4184;35;625890150;4184;312;4982;4982;7.40;0.45;244.74;3.95;798;35;1699.00;0
4190;35;625890159;4190;305;4987;4988;7.27;0.45;244.81;3.95;797;35;1700.00;1
4195;35;625890172;4195;301;4988;4989;7.19;0.44;244.90;3.95;793;35;1701.00;1
4198;35;625890181;4198;294;4989;4989;7.22;0.44;245.05;3.95;791;35;1702.00;0
4200;35;625890190;4200;297;4989;4989;7.20;0.44;245.15;3.95;789;35;1703.00;0
4203;35;625890199;4203;299;4993;4993;7.23;0.44;245.21;3.94;790;35;1704.00;0
4206;35;625890207;4206;296;4993;4993;7.20;0.44;245.32;3.94;787;35;1705.00;0
4208;35;625890216;4208;289;4993;4993;7.23;0.45;245.36;3.94;785;35;1706.00;0
4212;35;625890225;4212;282;4994;4994;7.27;0.45;245.46;3.94;782;35;1707.00;0
4215;35;625890234;4215;279;4998;4998;7.33;0.45;245.64;3.94;783;35;1708.00;0
4218;35;625890244;4218;280;4998;4998;7.38;0.45;245.71;3.94;780;35;1709.00;0
4219;35;625890255;4219;275;5001;5004;7.43;0.46;245.77;3.94;782;35;1710.00;3
4225;35;625890265;4225;280;5002;5004;7.41;0.46;245.67;3.94;777;35;1711.00;2
4227;35;625890275;4227;272;5003;5004;7.48;0.46;245.70;3.94;776;35;1712.00;1
4230;35;625890284;4230;276;5003;5004;7.45;0.46;245.71;3.94;773;35;1713.00;1
4238;35;625890294;4238;275;5006;5008;7.44;0.46;245.42;3.94;768;35;1714.00;2
4240;35;625890309;4240;278;5007;5008;7.48;0.46;245.42;3.94;767;35;1715.00;1
4245;35;625890318;4245;275;5007;5008;7.51;0.46;245.30;3.94;762;35;1716.00;1
4247;35;625890328;4247;275;5008;5008;7.57;0.46;245.24;3.94;761;35;1717.00;0
4248;35;625890337;4248;277;5009;5009;7.53;0.46;245.28;3.93;761;35;1718.00;0
4253;35;625890347;4253;278;5010;5010;7.46;0.46;245.15;3.93;757;35;1719.00;0
4256;35;625890356;4256;280;5010;5010;7.40;0.45;245.11;3.93;754;35;1720.00;0
4262;35;625890365;4262;279;5011;5011;7.34;0.45;245.09;3.93;749;35;1721.00;0
4266;35;625890375;4266;283;5011;5011;7.34;0.45;245.09;3.93;745;35;1722.00;0
4272;35;625890385;4272;284;5011;5011;7.24;0.45;244.98;3.93;739;35;1723.00;0
4276;35;625890395;4276;289;5011;5011;7.21;0.44;244.94;3.93;735;35;1724.00;0
4281;35;625890404;4281;287;5011;5011;7.13;0.44;244.93;3.93;730;35;1725.00;0
4283;35;625890413;4283;293;5011;5011;7.14;0.44;244.91;3.93;728;35;1726.00;0
4286;35;625890422;4286;296;5011;5011;7.14;0.44;244.99;3.93;725;35;1727.00;0
4290;35;625890431;4290;316;5083;5138;7.48;0.47;245.05;3.88;793;35;1728.00;55
4294;35;625890451;4294;314;5086;5139;7.44;0.46;244.95;3.88;792;35;1729.00;53
4302;35;625890462;4302;317;5099;5139;7.48;0.46;244.75;3.87;797;35;1730.00;40
4303;35;625890472;4303;312;5103;5139;7.47;0.46;244.69;3.87;800;35;1731.00;36
4306;35;625890482;4306;316;5107;5139;7.49;0.46;244.64;3.87;801;35;1732.00;32
4309;35;625890492;4309;324;5110;5139;7.51;0.47;244.69;3.87;801;35;1733.00;29
4313;35;625890502;4313;327;5114;5139;7.54;0.47;244.64;3.87;801;35;1734.00;25
4316;35;625890513;4316;332;5116;5139;7.54;0.46;244.62;3.87;800;35;1735.00;23
4317;35;625890523;4317;339;5118;5140;7.52;0.46;244.57;3.88;801;35;1736.00;22
4320;35;625890541;4320;350;5122;5141;7.47;0.46;244.60;3.88;802;35;1737.00;19
4323;35;625890558;4323;349;5124;5141;7.39;0.45;244.75;3.88;801;35;1738.00;17
4324;35;625890569;4324;341;5129;5142;7.38;0.45;244.75;3.89;805;35;1739.00;13
4328;35;625890580;4328;338;5134;5142;7.40;0.45;244.88;3.90;806;35;1740.00;8
4330;35;625890591;4330;335;5136;5142;7.43;0.46;244.99;3.90;806;35;1741.00;6
4332;35;625890602;4332;340;5138;5142;7.54;0.46;245.02;3.90;806;35;1742.00;4
4332;35;625890613;4332;333;5141;5146;7.63;0.47;245.02;3.90;809;35;1743.00;5
4336;36;625890624;4336;332;5143;5146;7.70;0.47;245.07;3.91;807;36;1744.00;3
4338;36;625890645;4338;332;5144;5146;7.73;0.47;245.03;3.91;806;36;1745.00;2
4340;37;625890661;4340;329;5147;5149;7.85;0.48;245.02;3.91;807;37;1746.00;2
4342;37;625890688;4342;311;5147;5149;7.91;0.48;244.95;3.91;805;37;1747.00;2
4344;37;625890705;4344;305;5148;5149;7.94;0.49;244.94;3.91;804;37;1748.00;1
4346;38;625890733;4346;295;5152;5153;8.00;0.49;244.92;3.90;806;38;1749.00;1
4346;38;625890779;4346;289;5154;5154;8.09;0.50;244.92;3.90;808;38;1750.00;0
4348;38;625890797;4348;278;5154;5154;8.14;0.50;244.88;3.90;806;38;1751.00;0
4351;38;625890816;4351;270;5158;5158;8.28;0.51;244.99;3.90;807;38;1752.00;0
4355;38;625890830;4355;265;5158;5158;8.37;0.51;244.98;3.90;803;38;1753.00;0
4357;38;625890844;4357;263;5158;5158;8.45;0.52;244.94;3.90;801;38;1754.00;0
4358;38;625890857;4358;261;5160;5160;8.45;0.52;244.98;3.90;802;38;1755.00;0
4360;38;625890885;4360;254;5160;5160;8.50;0.52;244.95;3.90;800;38;1756.00;0
4362;38;625890899;4362;247;5164;5166;8.54;0.52;244.87;3.90;802;38;1757.00;2
4363;38;625890913;4363;235;5165;5166;8.67;0.53;244.82;3.90;802;38;1758.00;1
4363;38;625890928;4363;230;5165;5167;8.79;0.53;244.82;3.90;802;38;1759.00;2
4364;38;625890942;4364;229;5165;5167;8.87;0.54;244.84;3.90;801;38;1760.00;2
4364;38;625890955;4364;226;5165;5167;8.93;0.54;244.84;3.90;801;38;1761.00;2
4367;38;625890969;4367;220;5165;5167;8.97;0.55;244.84;3.90;798;38;1762.00;2
4371;38;625890983;4371;229;5165;5167;9.03;0.55;244.81;3.90;794;38;1763.00;2
4371;38;625890997;4371;228;5174;5179;9.18;0.56;244.81;3.89;803;38;1764.00;5
4374;38;625891014;4374;237;5174;5179;9.18;0.56;244.84;3.89;800;38;1765.00;5
4380;38;625891028;4380;235;5176;5179;9.25;0.56;244.90;3.89;796;38;1766.00;3
4382;38;625891045;4382;233;5176;5179;9.30;0.56;244.87;3.89;794;38;1767.00;3
4387;38;625891058;4387;232;5176;5179;9.29;0.56;244.92;3.89;789;38;1768.00;3
4387;38;625891075;4387;228;5176;5179;9.35;0.57;244.92;3.89;789;38;1769.00;3
4387;38;625891099;4387;230;5179;5183;9.40;0.57;244.92;3.89;792;38;1770.00;4
4389;38;625891116;4389;222;5179;5183;9.49;0.58;244.94;3.89;790;38;1771.00;4
4390;38;625891131;4390;221;5182;5187;9.58;0.58;244.96;3.89;792;38;1772.00;5
4394;38;625891151;4394;220;5183;5188;9.60;0.58;245.01;3.89;789;38;1773.00;5
4397;38;625891171;4397;222;5184;5188;9.64;0.58;245.00;3.89;787;38;1774.00;4
4399;38;625891187;4399;220;5184;5188;9.63;0.58;245.16;3.89;785;38;1775.00;4
4402;38;625891205;4402;221;5194;5201;9.66;0.58;245.20;3.88;792;38;1776.00;7
4403;38;625891224;4403;222;5194;5201;9.64;0.58;245.26;3.88;791;38;1777.00;7
4405;38;625891238;4405;227;5195;5201;9.68;0.59;245.26;3.88;790;38;1778.00;6
4410;38;625891250;4410;224;5196;5202;9.66;0.59;245.33;3.88;786;38;1779.00;6
4411;38;625891263;4411;224;5196;5203;9.62;0.58;245.39;3.88;785;38;1780.00;7
4411;38;625891275;4411;228;5196;5203;9.67;0.59;245.39;3.88;785;38;1781.00;7
4414;39;625891285;4414;226;5198;5206;9.65;0.58;245.46;3.88;784;39;1782.00;8
4417;39;625891310;4417;223;5198;5206;9.63;0.59;245.45;3.88;781;39;1783.00;8
4422;39;625891322;4422;226;5199;5206;9.61;0.59;245.50;3.88;777;39;1784.00;7
4426;39;625891340;4426;225;5199;5206;9.60;0.58;245.61;3.88;773;39;1785.00;7
4431;39;625891351;4431;227;5203;5212;9.64;0.59;245.68;3.87;772;39;1786.00;9
4434;39;625891363;4434;217;5203;5212;9.67;0.59;245.69;3.87;769;39;1787.00;9
4435;39;625891374;4435;213;5204;5212;9.71;0.59;245.71;3.87;769;39;1788.00;8
4441;39;625891385;4441;209;5204;5212;9.71;0.59;245.70;3.87;763;39;1789.00;8
4443;39;625891397;4443;203;5207;5216;9.71;0.59;245.70;3.87;764;39;1790.00;9
4445;39;625891408;4445;198;5208;5217;9.76;0.59;245.72;3.87;763;39;1791.00;9
4446;39;625891419;4446;197;5208;5217;9.85;0.60;245.73;3.87;762;39;1792.00;9
4447;39;625891430;4447;197;5209;5218;9.92;0.60;245.72;3.87;762;39;1793.00;9
4450;39;625891441;4450;192;5209;5218;9.96;0.61;245.76;3.87;759;39;1794.00;9
4452;39;625891454;4452;186;5209;5218;9.99;0.61;245.77;3.87;757;39;1795.00;9
4456;39;625891465;4456;173;5209;5218;9.94;0.61;245.91;3.87;753;39;1796.00;9
4460;39;625891478;4460;175;5209;5218;9.88;0.60;246.00;3.87;749;39;1797.00;9
4464;39;625891488;4464;174;5209;5218;9.94;0.61;246.03;3.87;745;39;1798.00;9
4470;39;625891499;4470;168;5209;5218;9.87;0.60;246.08;3.87;739;39;1799.00;9
4472;39;625891513;4472;190;5278;5356;9.56;0.59;246.08;3.82;806;39;1800.00;78
4474;39;625891541;4474;171;5278;5357;9.50;0.58;246.12;3.82;804;39;1801.00;79
4477;39;625891552;4477;165;5289;5357;9.52;0.59;246.26;3.82;812;39;1802.00;68
4480;39;625891564;4480;155;5291;5357;9.47;0.58;246.35;3.82;811;39;1803.00;66
4484;39;625891574;4484;155;5294;5357;9.51;0.58;246.37;3.82;810;39;1804.00;63
4488;39;625891586;4488;147;5301;5357;9.50;0.58;246.40;3.83;813;39;1805.00;56
4495;39;625891599;4495;146;5308;5357;9.49;0.58;246.49;3.84;813;39;1806.00;49
4499;39;625891610;4499;145;5310;5357;9.46;0.58;246.51;3.84;811;39;1807.00;47
4506;39;625891622;4506;146;5315;5358;9.51;0.58;246.58;3.84;809;39;1808.00;43
4509;39;625891634;4509;146;5318;5359;9.53;0.58;246.58;3.84;809;39;1809.00;41
4512;39;625891646;4512;140;5321;5359;9.56;0.58;246.58;3.85;809;39;1810.00;38
4514;39;625891657;4514;137;5326;5363;9.58;0.59;246.60;3.85;812;39;1811.00;37
4517;39;625891668;4517;133;5327;5363;9.63;0.59;246.66;3.85;810;39;1812.00;36
4520;39;625891680;4520;128;5327;5363;9.62;0.59;246.65;3.85;807;39;1813.00;36
4523;39;625891692;4523;122;5329;5363;9.56;0.58;246.70;3.85;806;39;1814.00;34
4527;40;625891704;4527;121;5331;5369;9.63;0.59;246.75;3.85;804;40;1815.00;38
4529;40;625891734;4529;129;5333;5369;9.65;0.59;246.82;3.85;804;40;1816.00;36
4533;40;625891746;4533;122;5334;5369;9.74;0.59;246.87;3.86;801;40;1817.00;35
4536;40;625891758;4536;126;5337;5372;9.85;0.60;246.99;3.86;801;40;1818.00;35
4541;40;625891769;4541;124;5338;5372;9.93;0.61;246.97;3.86;797;40;1819.00;34
4545;40;625891781;4545;127;5340;5372;10.04;0.61;247.11;3.87;795;40;1820.00;32
4547;40;625891792;4547;129;5343;5373;10.09;0.62;247.12;3.87;796;40;1821.00;30
4550;40;625891803;4550;132;5344;5374;10.15;0.62;247.11;3.87;794;40;1822.00;30
4553;40;625891815;4553;131;5345;5374;10.11;0.62;247.14;3.88;792;40;1823.00;29
4554;40;625891826;4554;139;5352;5387;10.11;0.62;247.15;3.88;798;40;1824.00;35
4556;40;625891838;4556;141;5354;5387;10.12;0.62;247.21;3.88;798;40;1825.00;33
4560;40;625891849;4560;143;5354;5387;10.17;0.62;247.25;3.88;794;40;1826.00;33
4563;41;625891861;4563;151;5359;5388;10.19;0.62;247.19;3.89;796;41;1827.00;29
4567;41;625891883;4567;158;5360;5388;10.14;0.62;247.23;3.89;793;41;1828.00;28
4568;41;625891895;4568;157;5363;5392;10.12;0.62;247.22;3.90;795;41;1829.00;29
4570;41;625891914;4570;167;5364;5392;10.07;0.61;247.23;3.90;794;41;1830.00;28
4571;42;625891925;4571;176;5370;5396;10.07;0.61;247.29;3.92;799;42;1831.00;26
4575;42;625891947;4575;176;5370;5396;10.11;0.62;247.32;3.92;795;42;1832.00;26
4576;43;625891959;4576;180;5376;5396;10.03;0.61;247.31;3.94;800;43;1833.00;20
4578;43;625891980;4578;179;5377;5396;10.05;0.61;247.31;3.94;799;43;1834.00;19
4580;43;625891992;4580;180;5377;5396;10.04;0.61;247.37;3.94;797;43;1835.00;19
4583;43;625892009;4583;179;5388;5408;10.10;0.62;247.43;3.95;805;43;1836.00;20
4588;43;625892022;4588;179;5389;5408;10.14;0.62;247.46;3.95;801;43;1837.00;19
4590;43;625892038;4590;182;5390;5408;10.17;0.62;247.48;3.95;800;43;1838.00;18
4593;43;625892050;4593;182;5392;5408;10.13;0.62;247.46;3.97;799;43;1839.00;16
4597;43;625892061;4597;191;5393;5408;10.12;0.62;247.68;3.98;796;43;1840.00;15
4597;43;625892072;4597;198;5393;5408;10.09;0.62;247.68;3.98;796;43;1841.00;15
4601;43;625892083;4601;196;5394;5409;10.03;0.61;247.91;3.99;793;43;1842.00;15
4604;43;625892094;4604;204;5395;5409;9.96;0.61;247.93;3.99;791;43;1843.00;14
4605;43;625892104;4605;214;5400;5415;9.97;0.61;247.91;4.00;795;43;1844.00;15
4608;43;625892116;4608;220;5402;5417;9.86;0.60;247.94;4.00;794;43;1845.00;15
4613;43;625892126;4613;229;5404;5417;9.78;0.60;247.96;4.00;791;43;1846.00;13
4615;43;625892136;4615;235;5404;5417;9.67;0.59;247.87;4.00;789;43;1847.00;13
4620;43;625892147;4620;241;5409;5421;9.59;0.59;247.79;4.02;789;43;1848.00;12
4621;43;625892157;4621;247;5409;5421;9.47;0.58;247.78;4.02;788;43;1849.00;12
4627;43;625892168;4627;247;5411;5421;9.34;0.57;247.77;4.03;784;43;1850.00;10
4628;43;625892178;4628;240;5412;5422;9.35;0.57;247.76;4.03;784;43;1851.00;10
4629;43;625892189;4629;244;5417;5426;9.25;0.56;247.77;4.04;788;43;1852.00;9
4631;43;625892199;4631;242;5417;5426;9.19;0.56;247.84;4.04;786;43;1853.00;9
4634;43;625892209;4634;237;5420;5429;9.14;0.56;247.85;4.04;786;43;1854.00;9
4637;43;625892219;4637;238;5422;5429;9.05;0.55;247.86;4.05;785;43;1855.00;7
4638;43;625892228;4638;239;5423;5429;9.05;0.55;247.83;4.05;785;43;1856.00;6
4640;43;625892238;4640;239;5424;5429;9.05;0.55;247.83;4.05;784;43;1857.00;5
4642;43;625892248;4642;238;5427;5433;9.06;0.55;247.76;4.05;785;43;1858.00;6
4645;43;625892258;4645;246;5429;5433;9.03;0.55;247.69;4.05;784;43;1859.00;4
4647;43;625892270;4647;247;5429;5433;8.96;0.55;247.61;4.05;782;43;1860.00;4
4648;43;625892279;4648;250;5429;5433;8.88;0.54;247.59;4.05;781;43;1861.00;4
4649;43;625892294;4649;259;5430;5434;8.71;0.53;247.59;4.05;781;43;1862.00;4
4653;43;625892303;4653;265;5431;5435;8.56;0.52;247.66;4.05;778;43;1863.00;4
4655;43;625892313;4655;269;5431;5435;8.42;0.51;247.67;4.05;776;43;1864.00;4
4661;43;625892321;4661;273;5432;5436;8.23;0.50;247.70;4.05;771;43;1865.00;4
4667;43;625892331;4667;280;5434;5436;7.99;0.49;247.72;4.05;767;43;1866.00;2
4671;43;625892339;4671;283;5434;5436;7.71;0.47;247.78;4.05;763;43;1867.00;2
4673;43;625892348;4673;287;5434;5436;7.48;0.46;247.82;4.05;761;43;1868.00;2
4676;43;625892355;4676;291;5434;5436;7.28;0.45;247.73;4.05;758;43;1869.00;2
4677;43;625892363;4677;283;5434;5436;7.13;0.44;247.70;4.05;757;43;1870.00;2
4682;43;625892372;4682;283;5434;5436;6.93;0.43;247.65;4.05;752;43;1871.00;2
4683;43;625892380;4683;302;5501;5563;7.12;0.45;247.62;4.00;818;43;1872.00;62
4685;43;625892398;4685;295;5501;5564;7.02;0.44;247.73;4.00;816;43;1873.00;63
4688;43;625892407;4688;297;5513;5564;7.05;0.44;247.85;4.00;825;43;1874.00;51
4690;43;625892416;4690;297;5520;5564;7.13;0.45;247.90;4.00;830;43;1875.00;44
4693;43;625892424;4693;297;5528;5564;7.15;0.45;247.88;4.00;835;43;1876.00;36
4696;43;625892433;4696;291;5535;5564;7.14;0.44;247.88;4.00;839;43;1877.00;29
4699;43;625892442;4699;298;5542;5564;7.14;0.44;247.76;4.00;843;43;1878.00;22
4703;43;625892451;4703;295;5544;5564;7.12;0.44;247.95;4.00;841;43;1879.00;20
4704;43;625892461;4704;299;5549;5565;7.09;0.44;247.91;4.01;845;43;1880.00;16
4708;43;625892471;4708;300;5550;5566;7.05;0.44;247.88;4.01;842;43;1881.00;16
4714;43;625892481;4714;305;5552;5568;6.97;0.43;247.85;4.01;838;43;1882.00;16
4715;43;625892496;4715;309;5555;5569;6.97;0.43;247.83;4.01;840;43;1883.00;14
4718;43;625892506;4718;315;5556;5569;6.95;0.43;247.87;4.01;838;43;1884.00;13
4722;43;625892516;4722;318;5558;5569;6.97;0.43;247.87;4.01;836;43;1885.00;11
4724;43;625892526;4724;328;5560;5569;7.06;0.44;247.83;4.02;836;43;1886.00;9
4727;43;625892535;4727;326;5564;5573;7.12;0.44;248.04;4.02;837;43;1887.00;9
4732;43;625892545;4732;323;5565;5573;7.09;0.44;248.01;4.02;833;43;1888.00;8
4733;43;625892555;4733;323;5566;5573;7.11;0.44;248.02;4.02;833;43;1889.00;7
4735;43;625892566;4735;332;5571;5579;7.08;0.44;248.13;4.02;836;43;1890.00;8
4740;43;625892576;4740;323;5571;5579;7.03;0.43;248.11;4.02;831;43;1891.00;8
4745;43;625892586;4745;316;5573;5579;6.99;0.43;248.01;4.02;828;43;1892.00;6
4746;43;625892597;4746;310;5577;5583;7.06;0.43;247.98;4.02;831;43;1893.00;6
4750;43;625892607;4750;305;5579;5584;7.08;0.43;247.93;4.02;829;43;1894.00;5
4751;43;625892619;4751;302;5580;5584;7.09;0.44;247.95;4.02;829;43;1895.00;4
4755;43;625892634;4755;302;5584;5588;7.12;0.44;247.82;4.02;829;43;1896.00;4
4757;43;625892645;4757;301;5584;5588;7.16;0.44;247.86;4.02;827;43;1897.00;4
4760;43;625892662;4760;304;5584;5588;7.16;0.44;248.05;4.02;824;43;1898.00;4
4765;43;625892673;4765;303;5585;5589;7.22;0.44;248.10;4.02;820;43;1899.00;4
4769;43;625892684;4769;304;5585;5589;7.21;0.44;248.07;4.02;816;43;1900.00;4
4773;43;625892714;4773;303;5589;5595;7.23;0.44;248.04;4.01;816;43;1901.00;6
4777;43;625892732;4777;302;5589;5595;7.21;0.44;248.03;4.01;812;43;1902.00;6
4778;43;625892754;4778;306;5591;5596;7.28;0.44;248.04;4.01;813;43;1903.00;5
4780;43;625892780;4780;307;5591;5596;7.32;0.44;248.08;4.01;811;43;1904.00;5
4781;43;625892797;4781;309;5591;5596;7.39;0.45;248.13;4.01;810;43;1905.00;5
4783;43;625892811;4783;310;5591;5596;7.45;0.45;248.13;4.01;808;43;1906.00;5
4785;43;625892824;4785;311;5591;5596;7.48;0.45;248.08;4.01;806;43;1907.00;5
4788;44;625892835;4788;308;5600;5608;7.63;0.46;248.14;4.01;812;44;1908.00;8
4792;44;625892860;4792;309;5601;5608;7.65;0.46;248.20;4.01;809;44;1909.00;7
4794;44;625892872;4794;318;5602;5608;7.67;0.47;248.20;4.00;808;44;1910.00;6
4797;44;625892891;4797;322;5602;5608;7.70;0.47;248.21;4.00;805;44;1911.00;6
4798;44;625892902;4798;325;5602;5608;7.71;0.47;248.21;4.00;804;44;1912.00;6
4802;44;625892918;4802;325;5602;5608;7.65;0.47;248.32;4.00;800;44;1913.00;6
4804;44;625892935;4804;330;5605;5612;7.62;0.46;248.31;4.00;801;44;1914.00;7
4806;44;625892947;4806;331;5605;5612;7.52;0.46;248.35;4.00;799;44;1915.00;7
4808;44;625892958;4808;337;5608;5616;7.43;0.45;248.43;4.00;800;44;1916.00;8
4812;44;625892970;4812;329;5609;5617;7.43;0.45;248.40;4.00;797;44;1917.00;8
4816;44;625892981;4816;327;5610;5617;7.39;0.45;248.52;4.00;794;44;1918.00;7
4817;44;625892993;4817;324;5611;5617;7.39;0.45;248.51;4.02;794;44;1919.00;6
4820;44;625893005;4820;323;5633;5646;7.48;0.46;248.53;4.01;813;44;1920.00;13
4822;44;625893019;4822;322;5633;5646;7.54;0.46;248.52;4.01;811;44;1921.00;13
4823;44;625893031;4823;318;5635;5646;7.64;0.47;248.62;4.00;812;44;1922.00;11
4829;44;625893042;4829;317;5637;5647;7.72;0.47;248.60;4.00;808;44;1923.00;10
4830;44;625893054;4830;318;5637;5648;7.80;0.47;248.62;4.00;807;44;1924.00;11
4832;44;625893065;4832;316;5637;5648;7.81;0.48;248.57;4.00;805;44;1925.00;11
4835;44;625893083;4835;303;5640;5651;7.82;0.48;248.64;4.00;805;44;1926.00;11
4838;44;625893095;4838;291;5640;5651;7.86;0.48;248.64;4.00;802;44;1927.00;11
4840;44;625893108;4840;278;5640;5651;7.90;0.48;248.80;4.00;800;44;1928.00;11
4844;44;625893120;4844;265;5640;5651;7.92;0.48;248.77;4.00;796;44;1929.00;11
4849;44;625893135;4849;264;5644;5657;7.96;0.49;248.82;4.00;795;44;1930.00;13
4852;44;625893148;4852;260;5644;5657;8.01;0.49;248.82;4.00;792;44;1931.00;13
4858;44;625893160;4858;258;5645;5657;8.04;0.49;248.72;4.00;787;44;1932.00;12
4861;44;625893173;4861;261;5645;5657;8.09;0.49;248.74;4.00;784;44;1933.00;12
4862;44;625893185;4862;269;5648;5661;8.11;0.49;248.73;4.00;786;44;1934.00;13
4864;44;625893199;4864;265;5650;5663;8.10;0.49;248.81;4.00;786;44;1935.00;13
4867;44;625893211;4867;267;5650;5663;8.18;0.50;248.88;4.00;783;44;1936.00;13
4870;44;625893223;4870;261;5651;5664;8.25;0.50;248.93;4.00;781;44;1937.00;13
4875;44;625893235;4875;256;5651;5664;8.25;0.50;248.96;4.00;776;44;1938.00;13
4876;44;625893247;4876;251;5651;5664;8.26;0.50;248.99;4.00;775;44;1939.00;13
4878;44;625893258;4878;251;5651;5664;8.31;0.51;249.00;4.00;773;44;1940.00;13
4879;44;625893269;4879;249;5651;5664;8.37;0.51;249.06;4.00;772;44;1941.00;13
4881;44;625893280;4881;249;5651;5664;8.46;0.52;249.08;4.00;770;44;1942.00;13
4884;44;625893290;4884;245;5651;5664;8.53;0.52;249.05;4.00;767;44;1943.00;13
4886;44;625893301;4886;262;5694;5734;8.47;0.52;249.04;3.97;808;44;1944.00;40
4889;45;625893318;4889;253;5694;5735;8.56;0.52;249.02;3.97;805;45;1945.00;41
4891;45;625893348;4891;248;5699;5735;8.74;0.53;249.06;3.96;808;45;1946.00;36
4894;45;625893360;4894;239;5700;5735;8.81;0.54;249.07;3.96;806;45;1947.00;35
4898;45;625893370;4898;236;5703;5735;8.88;0.54;249.04;3.96;805;45;1948.00;32
4899;45;625893382;4899;233;5706;5735;9.01;0.55;249.04;3.96;807;45;1949.00;29
4905;45;625893396;4905;231;5709;5737;9.07;0.55;249.05;3.98;804;45;1950.00;28
4907;45;625893408;4907;235;5712;5737;9.17;0.56;249.06;3.98;805;45;1951.00;25
4908;46;625893419;4908;234;5713;5738;9.17;0.56;249.04;3.98;805;46;1952.00;25
4911;46;625893438;4911;236;5717;5739;9.18;0.56;249.06;3.98;806;46;1953.00;22
4911;46;625893450;4911;235;5720;5739;9.22;0.56;249.06;3.98;809;46;1954.00;19
4914;46;625893461;4914;237;5723;5743;9.17;0.56;249.06;3.98;809;46;1955.00;20
4917;46;625893478;4917;240;5725;5743;9.11;0.56;249.06;3.98;808;46;1956.00;18
4918;46;625893490;4918;244;5725;5743;9.14;0.56;249.05;3.98;807;46;1957.00;18
4918;46;625893500;4918;239;5725;5743;9.16;0.56;249.05;3.98;807;46;1958.00;18
4920;46;625893510;4920;241;5730;5749;9.12;0.56;249.06;3.98;810;46;1959.00;19
4921;46;625893522;4921;238;5730;5749;9.14;0.56;249.05;3.98;809;46;1960.00;19
4922;46;625893532;4922;233;5730;5749;9.13;0.56;249.06;3.98;808;46;1961.00;19
4923;46;625893543;4923;229;5733;5752;9.15;0.56;249.09;3.98;810;46;1962.00;19
4928;46;625893554;4928;234;5733;5752;9.10;0.55;249.11;3.98;805;46;1963.00;19
4932;46;625893565;4932;231;5733;5752;9.07;0.55;249.18;3.98;801;46;1964.00;19
4935;46;625893576;4935;228;5733;5753;9.10;0.55;249.13;3.98;798;46;1965.00;20
4937;46;625893587;4937;227;5734;5754;9.10;0.55;249.07;3.98;797;46;1966.00;20
4939;46;625893598;4939;231;5734;5754;9.04;0.55;249.15;3.98;795;46;1967.00;20
4942;46;625893609;4942;226;5743;5767;8.94;0.54;249.15;3.97;801;46;1968.00;24
4945;46;625893620;4945;223;5743;5767;8.91;0.54;249.17;3.97;798;46;1969.00;24
4948;46;625893630;4948;217;5743;5767;8.90;0.54;249.18;3.97;795;46;1970.00;24
4951;46;625893641;4951;218;5744;5768;8.89;0.54;249.24;3.97;793;46;1971.00;24
4953;46;625893651;4953;206;5744;5768;8.89;0.54;249.29;3.97;791;46;1972.00;24
4959;46;625893662;4959;195;5747;5772;8.86;0.54;249.47;3.97;788;46;1973.00;25
4961;46;625893673;4961;183;5749;5772;8.88;0.54;249.45;3.98;788;46;1974.00;23
4963;46;625893683;4963;179;5752;5776;8.88;0.54;249.52;3.98;789;46;1975.00;24
4967;46;625893698;4967;176;5753;5776;8.95;0.54;249.61;3.99;786;46;1976.00;23
4970;46;625893709;4970;174;5753;5776;9.04;0.55;249.70;3.99;783;46;1977.00;23
4974;46;625893720;4974;168;5753;5776;9.10;0.55;249.72;3.99;779;46;1978.00;23
4975;46;625893730;4975;161;5753;5776;9.16;0.55;249.75;3.99;778;46;1979.00;23
4976;46;625893743;4976;158;5773;5810;9.24;0.56;249.81;3.98;797;46;1980.00;37
4981;46;625893756;4981;150;5775;5810;9.24;0.56;249.93;4.01;794;46;1981.00;35
4984;46;625893767;4984;152;5776;5810;9.27;0.57;249.94;4.01;792;46;1982.00;34
4987;46;625893778;4987;151;5776;5810;9.30;0.57;250.02;4.01;789;46;1983.00;34
4988;46;625893788;4988;153;5777;5810;9.33;0.57;250.05;4.01;789;46;1984.00;33
4989;46;625893798;4989;155;5777;5810;9.32;0.57;250.11;4.01;788;46;1985.00;33
4990;46;625893810;4990;152;5779;5811;9.34;0.57;250.09;4.03;789;46;1986.00;32
4994;46;625893820;4994;150;5780;5811;9.36;0.57;250.16;4.03;786;46;1987.00;31
4996;46;625893832;4996;157;5783;5817;9.40;0.57;250.22;4.03;787;46;1988.00;34
4999;46;625893843;4999;160;5785;5818;9.46;0.58;250.19;4.03;786;46;1989.00;33
5005;46;625893854;5005;158;5787;5818;9.42;0.57;250.20;4.03;782;46;1990.00;31
5007;46;625893864;5007;164;5788;5818;9.47;0.58;250.26;4.04;781;46;1991.00;30
5010;46;625893875;5010;166;5791;5822;9.45;0.58;250.27;4.04;781;46;1992.00;31
5013;46;625893885;5013;170;5791;5822;9.43;0.57;250.28;4.04;778;46;1993.00;31
5016;46;625893896;5016;173;5792;5822;9.41;0.57;250.37;4.04;776;46;1994.00;30
5021;46;625893907;5021;180;5793;5823;9.41;0.57;250.37;4.04;772;46;1995.00;30
5022;46;625893924;5022;180;5798;5827;9.38;0.57;250.40;4.05;776;46;1996.00;29
5025;46;625893935;5025;179;5799;5827;9.39;0.57;250.43;4.06;774;46;1997.00;28
5027;46;625893946;5027;178;5801;5830;9.48;0.58;250.49;4.05;774;46;1998.00;29
5029;46;625893957;5029;184;5803;5830;9.53;0.58;250.57;4.06;774;46;1999.00;27
5030;46;625893969;5030;191;5804;5830;9.53;0.58;250.56;4.07;774;46;2000.00;26
5031;46;625893984;5031;196;5805;5830;9.53;0.58;250.58;4.08;774;46;2001.00;25
5032;46;625893999;5032;195;5809;5834;9.64;0.59;250.59;4.08;777;46;2002.00;25
5035;46;625894011;5035;201;5811;5834;9.61;0.59;250.58;4.10;776;46;2003.00;23
5038;46;625894022;5038;205;5812;5834;9.60;0.58;250.67;4.10;774;46;2004.00;22
5039;46;625894032;5039;212;5814;5834;9.55;0.58;250.70;4.12;775;46;2005.00;20
5042;46;625894042;5042;214;5815;5835;9.38;0.57;250.71;4.12;773;46;2006.00;20
5047;46;625894052;5047;213;5817;5836;9.28;0.56;250.81;4.13;770;46;2007.00;19
5048;46;625894062;5048;216;5817;5836;9.22;0.56;250.83;4.13;769;46;2008.00;19
5050;46;625894072;5050;219;5820;5837;9.11;0.56;250.79;4.15;770;46;2009.00;17
5052;46;625894084;5052;221;5821;5837;8.99;0.55;250.73;4.16;769;46;2010.00;16
5055;46;625894093;5055;222;5822;5837;8.91;0.54;250.79;4.16;767;46;2011.00;15
5059;46;625894103;5059;228;5822;5837;8.83;0.54;250.77;4.16;763;46;2012.00;15
5061;46;625894112;5061;233;5823;5837;8.76;0.54;250.75;4.17;762;46;2013.00;14
5061;46;625894122;5061;245;5823;5837;8.68;0.53;250.75;4.17;762;46;2014.00;14
5064;46;625894132;5064;249;5826;5837;8.61;0.53;250.66;4.20;762;46;2015.00;11
5065;46;625894141;5065;273;5890;5964;8.68;0.54;250.64;4.16;825;46;2016.00;74
5067;46;625894161;5067;275;5893;5965;8.60;0.53;250.66;4.16;826;46;2017.00;72
5069;46;625894171;5069;278;5904;5965;8.58;0.53;250.63;4.17;835;46;2018.00;61
5071;46;625894181;5071;273;5911;5965;8.49;0.53;250.58;4.17;840;46;2019.00;54
5075;46;625894191;5075;274;5919;5965;8.43;0.52;250.47;4.17;844;46;2020.00;46
5078;46;625894201;5078;265;5925;5965;8.39;0.52;250.38;4.17;847;46;2021.00;40
5080;46;625894212;5080;266;5930;5965;8.40;0.52;250.38;4.17;850;46;2022.00;35
5083;46;625894225;5083;266;5934;5965;8.39;0.52;250.28;4.18;851;46;2023.00;31
5087;46;625894236;5087;268;5937;5966;8.39;0.52;250.17;4.18;850;46;2024.00;29
5089;46;625894250;5089;270;5944;5968;8.37;0.51;250.12;4.18;855;46;2025.00;24
5091;46;625894264;5091;277;5947;5968;8.33;0.51;250.07;4.19;856;46;2026.00;21
5093;46;625894277;5093;283;5950;5969;8.24;0.51;250.09;4.19;857;46;2027.00;19
5094;46;625894290;5094;285;5952;5969;8.23;0.51;250.20;4.19;858;46;2028.00;17
5095;46;625894303;5095;290;5954;5969;8.13;0.50;250.21;4.20;859;46;2029.00;15
5096;46;625894316;5096;300;5955;5969;8.03;0.49;250.19;4.20;859;46;2030.00;14
5097;46;625894328;5097;302;5959;5973;7.95;0.49;250.20;4.20;862;46;2031.00;14
5098;46;625894341;5098;304;5961;5973;7.86;0.48;250.19;4.20;863;46;2032.00;12
5099;46;625894353;5099;317;5961;5973;7.69;0.47;250.21;4.20;862;46;2033.00;12
5104;46;625894365;5104;326;5964;5976;7.54;0.46;250.19;4.20;860;46;2034.00;12
5107;46;625894384;5107;332;5965;5976;7.39;0.45;250.17;4.21;858;46;2035.00;11
5110;46;625894396;5110;337;5967;5976;7.24;0.44;250.11;4.21;857;46;2036.00;9
5114;46;625894407;5114;345;5971;5980;7.04;0.43;250.01;4.20;857;46;2037.00;9
5121;46;625894421;5121;354;5973;5981;6.76;0.42;249.95;4.20;852;46;2038.00;8
5123;46;625894431;5123;363;5973;5981;6.60;0.41;249.90;4.20;850;46;2039.00;8
5126;46;625894444;5126;358;5979;5986;6.51;0.40;249.88;4.20;853;46;2040.00;7
5128;46;625894455;5128;359;5979;5986;6.42;0.39;249.85;4.20;851;46;2041.00;7
5131;46;625894467;5131;355;5979;5986;6.32;0.39;249.85;4.20;848;46;2042.00;7
5134;46;625894477;5134;346;5980;5987;6.27;0.39;249.93;4.20;846;46;2043.00;7
5135;46;625894488;5135;338;5980;5987;6.26;0.38;249.97;4.20;845;46;2044.00;7
5137;46;625894499;5137;331;5985;5993;6.33;0.39;249.98;4.20;848;46;2045.00;8
5140;46;625894511;5140;329;5986;5993;6.39;0.39;250.02;4.20;846;46;2046.00;7
5140;46;625894523;5140;316;5987;5994;6.48;0.40;250.02;4.20;847;46;2047.00;7
5144;47;625894534;5144;311;5987;5994;6.56;0.40;250.00;4.20;843;47;2048.00;7
5147;47;625894559;5147;301;5987;5994;6.70;0.41;249.90;4.20;840;47;2049.00;7
5150;47;625894577;5150;294;5987;5994;6.78;0.41;249.93;4.20;837;47;2050.00;7
5152;47;625894589;5152;291;5987;5994;6.89;0.42;250.06;4.20;835;47;2051.00;7
5156;47;625894601;5156;287;5998;6006;6.99;0.43;250.08;4.19;842;47;2052.00;8
5158;47;625894618;5158;282;5999;6006;7.04;0.43;250.07;4.21;841;47;2053.00;7
5162;47;625894630;5162;274;6000;6006;7.13;0.44;250.09;4.21;838;47;2054.00;6
5165;47;625894642;5165;267;6000;6006;7.23;0.44;250.08;4.21;835;47;2055.00;6
5168;47;625894653;5168;263;6000;6006;7.36;0.45;250.07;4.21;832;47;2056.00;6
5170;47;625894665;5170;268;6000;6006;7.43;0.45;250.08;4.21;830;47;2057.00;6
5173;47;625894676;5173;267;6003;6010;7.47;0.46;250.05;4.21;830;47;2058.00;7
5176;47;625894688;5176;264;6004;6010;7.57;0.46;250.04;4.21;828;47;2059.00;6
5180;47;625894703;5180;260;6007;6014;7.64;0.46;250.11;4.21;827;47;2060.00;7
5181;47;625894721;5181;256;6008;6015;7.70;0.47;250.10;4.21;827;47;2061.00;7
5183;47;625894737;5183;259;6009;6015;7.71;0.47;250.12;4.21;826;47;2062.00;6
5186;47;625894757;5186;261;6009;6015;7.73;0.47;250.07;4.21;823;47;2063.00;6
5190;47;625894776;5190;267;6021;6028;7.79;0.47;250.13;4.20;831;47;2064.00;7
5192;47;625894794;5192;267;6021;6028;7.86;0.48;250.08;4.20;829;47;2065.00;7
5196;47;625894811;5196;268;6022;6028;7.88;0.48;250.11;4.20;826;47;2066.00;6
5200;47;625894825;5200;273;6023;6029;7.98;0.49;250.20;4.20;823;47;2067.00;6
5203;47;625894840;5203;277;6024;6030;7.97;0.49;250.29;4.20;821;47;2068.00;6
5207;47;625894854;5207;276;6024;6030;8.04;0.49;250.19;4.20;817;47;2069.00;6
5211;47;625894871;5211;274;6027;6036;8.14;0.50;250.23;4.19;816;47;2070.00;9
5213;47;625894895;5213;272;6027;6036;8.19;0.50;250.28;4.19;814;47;2071.00;9
5218;47;625894913;5218;267;6028;6036;8.16;0.50;250.43;4.19;810;47;2072.00;8
5224;47;625894930;5224;271;6028;6036;8.12;0.50;250.60;4.19;804;47;2073.00;8
5226;47;625894946;5226;272;6033;6042;8.15;0.50;250.64;4.19;807;47;2074.00;9
5233;47;625894961;5233;275;6033;6042;8.20;0.50;250.72;4.19;800;47;2075.00;9
5240;47;625894978;5240;275;6034;6042;8.18;0.50;250.85;4.19;794;47;2076.00;8
5244;47;625894995;5244;280;6034;6042;8.17;0.50;250.87;4.19;790;47;2077.00;8
5249;47;625895008;5249;277;6039;6046;8.19;0.50;250.99;4.19;790;47;2078.00;7
5253;47;625895022;5253;279;6040;6047;8.08;0.49;251.23;4.19;787;47;2079.00;7
5256;47;625895035;5256;274;6041;6047;8.02;0.49;251.24;4.19;785;47;2080.00;6
5263;47;625895048;5263;278;6042;6048;8.01;0.49;251.28;4.19;779;47;2081.00;6
5266;47;625895061;5266;284;6042;6048;7.97;0.49;251.32;4.19;776;47;2082.00;6
5268;47;625895074;5268;287;6042;6048;7.92;0.49;251.31;4.19;774;47;2083.00;6
5272;47;625895087;5272;290;6042;6048;7.83;0.48;251.35;4.19;770;47;2084.00;6
5273;47;625895100;5273;302;6042;6048;7.78;0.48;251.35;4.19;769;47;2085.00;6
5277;47;625895113;5277;306;6042;6048;7.71;0.47;251.41;4.19;765;47;2086.00;6
5281;47;625895126;5281;295;6042;6048;7.72;0.47;251.52;4.19;761;47;2087.00;6
5283;47;625895139;5283;300;6084;6118;7.78;0.48;251.52;4.16;801;47;2088.00;34
5287;47;625895158;5287;289;6085;6119;7.84;0.48;251.53;4.16;798;47;2089.00;34
5290;47;625895174;5290;276;6091;6119;8.02;0.49;251.52;4.16;801;47;2090.00;28
5292;47;625895189;5292;276;6092;6119;8.18;0.50;251.51;4.16;800;47;2091.00;27
5294;47;625895203;5294;278;6095;6119;8.35;0.51;251.51;4.16;801;47;2092.00;24
5300;47;625895218;5300;275;6098;6119;8.47;0.52;251.55;4.16;798;47;2093.00;21
5303;47;625895233;5303;277;6102;6119;8.59;0.53;251.54;4.16;799;47;2094.00;17
5307;47;625895248;5307;281;6104;6119;8.67;0.53;251.55;4.16;797;47;2095.00;15
5311;47;625895264;5311;269;6106;6120;8.75;0.53;251.54;4.16;795;47;2096.00;14
5317;47;625895278;5317;254;6108;6121;8.78;0.53;251.51;4.16;791;47;2097.00;13
5320;47;625895294;5320;250;6110;6121;8.77;0.53;251.57;4.16;790;47;2098.00;11
5326;47;625895309;5326;243;6113;6125;8.70;0.53;251.52;4.16;787;47;2099.00;12
5329;47;625895327;5329;241;6117;6140;8.59;0.52;251.53;4.16;788;47;2100.00;23
5330;47;625895359;5330;239;6117;6140;8.67;0.53;251.59;4.16;787;47;2101.00;23
5332;47;625895374;5332;233;6117;6140;8.76;0.53;251.58;4.16;785;47;2102.00;23
5334;47;625895388;5334;232;6120;6146;8.82;0.54;251.68;4.16;786;47;2103.00;26
5337;47;625895404;5337;230;6120;6146;8.94;0.54;251.73;4.16;783;47;2104.00;26
5339;47;625895419;5339;227;6120;6146;9.05;0.55;251.75;4.16;781;47;2105.00;26
5344;47;625895434;5344;231;6124;6149;9.07;0.55;251.81;4.16;780;47;2106.00;25
5345;47;625895450;5345;221;6124;6149;9.13;0.55;251.82;4.16;779;47;2107.00;25
5347;47;625895465;5347;218;6124;6149;9.22;0.56;251.87;4.16;777;47;2108.00;25
5350;47;625895480;5350;210;6124;6150;9.22;0.56;251.86;4.16;774;47;2109.00;26
5352;47;625895496;5352;205;6125;6151;9.26;0.56;251.84;4.15;773;47;2110.00;26
5355;47;625895510;5355;196;6126;6151;9.22;0.56;251.88;4.16;771;47;2111.00;25
5357;47;625895525;5357;194;6135;6164;9.20;0.56;251.88;4.15;778;47;2112.00;29
5361;47;625895541;5361;185;6136;6164;9.18;0.56;251.86;4.15;775;47;2113.00;28
5361;47;625895555;5361;180;6136;6164;9.22;0.56;251.86;4.15;775;47;2114.00;28
5363;47;625895569;5363;181;6138;6166;9.27;0.56;251.85;4.15;775;47;2115.00;28
5365;47;625895584;5365;188;6138;6166;9.34;0.57;251.92;4.15;773;47;2116.00;28
5367;47;625895606;5367;192;6141;6170;9.36;0.57;251.87;4.15;774;47;2117.00;29
5367;47;625895623;5367;192;6142;6170;9.39;0.57;251.87;4.15;775;47;2118.00;28
5369;47;625895640;5369;202;6145;6174;9.38;0.57;251.90;4.15;776;47;2119.00;29
5371;47;625895656;5371;201;6145;6174;9.46;0.57;251.87;4.15;774;47;2120.00;29
5371;47;625895685;5371;207;6145;6174;9.51;0.58;251.87;4.15;774;47;2121.00;29
5372;47;625895714;5372;211;6146;6174;9.58;0.58;251.87;4.15;774;47;2122.00;28
5374;47;625895742;5374;211;6146;6174;9.59;0.58;251.89;4.15;772;47;2123.00;28
5376;47;625895759;5376;214;6156;6186;9.60;0.58;251.88;4.15;780;47;2124.00;30
5377;48;625895774;5377;215;6157;6186;9.56;0.58;251.87;4.18;780;48;2125.00;29
5380;48;625895805;5380;219;6157;6186;9.49;0.58;252.00;4.18;777;48;2126.00;29
5383;48;625895827;5383;223;6159;6186;9.48;0.58;251.99;4.19;776;48;2127.00;27
5384;48;625895839;5384;221;6161;6186;9.50;0.58;251.99;4.20;777;48;2128.00;25
5386;48;625895855;5386;224;6162;6186;9.52;0.58;252.01;4.20;776;48;2129.00;24
5386;48;625895875;5386;219;6164;6187;9.48;0.58;252.01;4.20;778;48;2130.00;23
5387;48;625895889;5387;219;6164;6187;9.49;0.58;251.99;4.20;777;48;2131.00;23
5389;48;625895906;5389;212;6168;6193;9.50;0.58;252.03;4.20;779;48;2132.00;25
5391;48;625895918;5391;205;6170;6194;9.43;0.58;252.01;4.20;779;48;2133.00;24
5394;48;625895935;5394;201;6170;6194;9.44;0.57;251.97;4.20;776;48;2134.00;24
5399;48;625895947;5399;194;6171;6194;9.37;0.57;252.00;4.21;772;48;2135.00;23
5402;48;625895959;5402;195;6174;6198;9.33;0.57;251.97;4.20;772;48;2136.00;24
5405;48;625895973;5405;191;6175;6198;9.28;0.57;252.00;4.20;770;48;2137.00;23
5407;48;625895986;5407;188;6175;6198;9.24;0.56;251.99;4.20;768;48;2138.00;23
5410;48;625895998;5410;184;6177;6199;9.19;0.56;252.03;4.20;767;48;2139.00;22
5414;48;625896009;5414;181;6181;6203;9.06;0.55;252.10;4.23;767;48;2140.00;22
5416;48;625896021;5416;178;6181;6203;9.10;0.55;252.09;4.23;765;48;2141.00;22
5422;48;625896031;5422;173;6183;6206;9.11;0.55;252.18;4.23;761;48;2142.00;23
5423;48;625896044;5423;176;6183;6206;9.10;0.55;252.25;4.23;760;48;2143.00;23
5425;48;625896055;5425;173;6185;6206;9.11;0.56;252.26;4.26;760;48;2144.00;21
5429;48;625896067;5429;171;6186;6206;9.13;0.56;252.29;4.27;757;48;2145.00;20
5432;48;625896080;5432;175;6190;6210;9.14;0.56;252.31;4.27;758;48;2146.00;20
5436;48;625896091;5436;174;6192;6210;9.09;0.55;252.29;4.30;756;48;2147.00;18
5444;48;625896102;5444;171;6192;6210;9.06;0.55;252.36;4.30;748;48;2148.00;18
5446;48;625896113;5446;167;6192;6210;9.03;0.55;252.38;4.30;746;48;2149.00;18
5450;48;625896125;5450;164;6193;6211;8.95;0.54;252.40;4.32;743;48;2150.00;18
5451;48;625896136;5451;167;6194;6212;9.00;0.55;252.37;4.32;743;48;2151.00;18
5455;48;625896146;5455;169;6195;6212;9.09;0.55;252.30;4.34;740;48;2152.00;17
5456;48;625896157;5456;172;6196;6213;9.20;0.56;252.29;4.34;740;48;2153.00;17
5459;48;625896169;5459;175;6196;6213;9.15;0.56;252.21;4.34;737;48;2154.00;17
5461;48;625896180;5461;174;6196;6213;9.12;0.55;252.20;4.34;735;48;2155.00;17
5462;48;625896192;5462;175;6196;6213;9.13;0.55;252.18;4.34;734;48;2156.00;17
5466;48;625896203;5466;178;6197;6213;9.09;0.55;252.11;4.35;731;48;2157.00;16
5468;48;625896214;5468;179;6197;6213;9.09;0.55;252.15;4.35;729;48;2158.00;16
5470;48;625896225;5470;175;6197;6213;9.06;0.55;252.21;4.35;727;48;2159.00;16
5473;48;625896238;5473;212;6292;6443;9.10;0.57;252.17;4.28;819;48;2160.00;151
5475;48;625896271;5475;211;6293;6444;9.11;0.57;252.25;4.28;818;48;2161.00;151
5477;48;625896283;5477;201;6304;6444;9.18;0.57;252.22;4.28;827;48;2162.00;140
5477;48;625896294;5477;200;6310;6444;9.20;0.57;252.22;4.28;833;48;2163.00;134
5478;48;625896314;5478;205;6319;6444;9.18;0.57;252.24;4.28;841;48;2164.00;125
5479;48;625896332;5479;197;6326;6444;9.16;0.57;252.20;4.28;847;48;2165.00;118
5483;48;625896358;5483;200;6334;6444;9.11;0.56;252.17;4.28;851;48;2166.00;110
5484;48;625896370;5484;204;6339;6444;9.14;0.56;252.15;4.28;855;48;2167.00;105
5486;48;625896382;5486;209;6346;6445;9.14;0.56;252.09;4.29;860;48;2168.00;99
5488;48;625896395;5488;208;6350;6446;9.12;0.56;252.05;4.29;862;48;2169.00;96
5490;48;625896407;5490;211;6357;6446;9.06;0.56;251.98;4.31;867;48;2170.00;89
5492;48;625896426;5492;219;6359;6447;9.06;0.56;251.93;4.31;867;48;2171.00;88
5492;48;625896438;5492;221;6365;6447;9.12;0.56;251.93;4.33;873;48;2172.00;82
5492;48;625896451;5492;220;6368;6447;9.12;0.56;251.93;4.34;876;48;2173.00;79
5495;48;625896464;5495;225;6372;6447;9.06;0.56;251.89;4.35;877;48;2174.00;75
5497;48;625896476;5497;229;6379;6451;8.96;0.55;251.87;4.37;882;48;2175.00;72
5499;48;625896490;5499;234;6380;6451;8.87;0.55;251.85;4.37;881;48;2176.00;71
5500;48;625896503;5500;241;6383;6451;8.76;0.54;251.85;4.39;883;48;2177.00;68
5501;48;625896519;5501;251;6389;6454;8.66;0.53;251.83;4.40;888;48;2178.00;65
5503;48;625896539;5503;257;6392;6454;8.57;0.53;251.79;4.41;889;48;2179.00;62
5505;48;625896550;5505;268;6399;6454;8.42;0.52;251.74;4.45;894;48;2180.00;55
5505;48;625896563;5505;278;6402;6458;8.29;0.51;251.74;4.45;897;48;2181.00;56
5507;48;625896575;5507;282;6409;6459;8.17;0.50;251.75;4.47;902;48;2182.00;50
5510;48;625896588;5510;295;6414;6459;8.05;0.50;251.79;4.49;904;48;2183.00;45
5515;48;625896609;5515;304;6416;6463;7.97;0.49;251.80;4.49;901;48;2184.00;47
5516;48;625896623;5516;315;6418;6463;7.87;0.48;251.79;4.49;902;48;2185.00;45
5518;48;625896636;5518;326;6422;6463;7.73;0.47;251.70;4.51;904;48;2186.00;41
5519;48;625896647;5519;336;6424;6464;7.61;0.47;251.70;4.51;905;48;2187.00;40
5519;48;625896659;5519;348;6426;6464;7.55;0.46;251.70;4.52;907;48;2188.00;38
5521;48;625896671;5521;353;6432;6470;7.52;0.46;251.66;4.53;911;48;2189.00;38
5523;48;625896686;5523;354;6434;6470;7.42;0.46;251.63;4.54;911;48;2190.00;36
5527;48;625896699;5527;361;6437;6471;7.33;0.45;251.50;4.55;910;48;2191.00;34
5527;48;625896726;5527;365;6438;6471;7.25;0.45;251.50;4.55;911;48;2192.00;33
5529;48;625896745;5529;373;6441;6471;7.15;0.44;251.49;4.56;912;48;2193.00;30
5534;48;625896768;5534;377;6442;6471;7.02;0.43;251.40;4.57;908;48;2194.00;29
5536;48;625896798;5536;364;6444;6471;6.96;0.42;251.33;4.58;908;48;2195.00;27
5537;48;625896815;5537;357;6455;6483;7.00;0.43;251.31;4.57;918;48;2196.00;28
5537;48;625896831;5537;359;6456;6483;7.04;0.43;251.31;4.58;919;48;2197.00;27
5540;48;625896846;5540;360;6460;6483;7.09;0.43;251.24;4.59;920;48;2198.00;23
5540;48;625896861;5540;364;6461;6483;7.20;0.44;251.24;4.59;921;48;2199.00;22
5540;48;625896877;5540;359;6461;6483;7.22;0.44;251.24;4.59;921;48;2200.00;22
5542;48;625896901;5542;354;6462;6483;7.15;0.44;251.28;4.60;920;48;2201.00;21
5545;48;625896931;5545;357;6465;6487;7.09;0.43;251.27;4.60;920;48;2202.00;22
5547;48;625896949;5547;350;6465;6487;7.05;0.43;251.25;4.60;918;48;2203.00;22
5549;48;625896962;5549;350;6471;6491;7.04;0.43;251.26;4.60;922;48;2204.00;20
5553;48;625896989;5553;352;6475;6493;6.96;0.42;251.20;4.61;922;48;2205.00;18
5556;48;625897003;5556;355;6476;6493;6.89;0.42;251.25;4.61;920;48;2206.00;17
5558;48;625897018;5558;350;6477;6493;6.77;0.41;251.24;4.61;919;48;2207.00;16
5560;48;625897042;5560;358;6488;6506;6.65;0.41;251.23;4.60;928;48;2208.00;18
5562;48;625897057;5562;354;6489;6506;6.57;0.40;251.32;4.60;927;48;2209.00;17
5564;48;625897071;5564;348;6490;6508;6.54;0.40;251.33;4.60;926;48;2210.00;18
5565;48;625897085;5565;335;6492;6509;6.54;0.40;251.37;4.60;927;48;2211.00;17
5567;48;625897099;5567;332;6494;6510;6.51;0.40;251.43;4.60;927;48;2212.00;16
5569;48;625897113;5569;328;6494;6510;6.58;0.40;251.48;4.60;925;48;2213.00;16
5572;48;625897126;5572;336;6496;6513;6.66;0.41;251.48;4.60;924;48;2214.00;17
5573;48;625897141;5573;334;6496;6513;6.74;0.41;251.50;4.60;923;48;2215.00;17
5577;48;625897156;5577;332;6496;6513;6.79;0.42;251.65;4.60;919;48;2216.00;17
5580;48;625897171;5580;335;6497;6513;6.83;0.42;251.68;4.60;917;48;2217.00;16
5585;48;625897185;5585;331;6500;6519;6.89;0.42;251.77;4.60;915;48;2218.00;19
5587;48;625897200;5587;322;6500;6519;6.93;0.42;251.80;4.60;913;48;2219.00;19
5588;48;625897217;5588;310;6501;6519;7.01;0.43;251.85;4.60;913;48;2220.00;18
5596;48;625897232;5596;299;6502;6519;7.05;0.43;251.96;4.60;906;48;2221.00;17
5601;48;625897248;5601;288;6507;6523;7.10;0.43;252.06;4.60;906;48;2222.00;16
5604;48;625897265;5604;276;6509;6524;7.19;0.44;252.16;4.61;905;48;2223.00;15
5607;48;625897279;5607;271;6510;6524;7.24;0.44;252.22;4.61;903;48;2224.00;14
5613;48;625897293;5613;269;6511;6525;7.32;0.45;252.39;4.61;898;48;2225.00;14
5617;48;625897309;5617;272;6511;6525;7.42;0.45;252.27;4.61;894;48;2226.00;14
5623;48;625897323;5623;270;6511;6525;7.50;0.46;252.42;4.61;888;48;2227.00;14
5626;48;625897337;5626;263;6511;6525;7.53;0.46;252.42;4.61;885;48;2228.00;14
5629;48;625897351;5629;262;6511;6525;7.60;0.46;252.45;4.61;882;48;2229.00;14
5634;48;625897365;5634;263;6511;6525;7.63;0.47;252.54;4.61;877;48;2230.00;14
5641;48;625897380;5641;262;6511;6525;7.57;0.46;252.51;4.61;870;48;2231.00;14
5645;48;625897396;5645;268;6551;6595;7.66;0.47;252.63;4.58;906;48;2232.00;44
5648;48;625897419;5648;265;6554;6596;7.71;0.47;252.58;4.58;906;48;2233.00;42
5653;48;625897437;5653;260;6562;6596;7.78;0.48;252.70;4.57;909;48;2234.00;34
5657;48;625897453;5657;256;6563;6596;7.82;0.48;252.79;4.57;906;48;2235.00;33
5660;48;625897471;5660;256;6566;6596;7.91;0.48;252.76;4.57;906;48;2236.00;30
5664;48;625897487;5664;256;6568;6596;7.93;0.48;252.85;4.57;904;48;2237.00;28
5670;48;625897503;5670;261;6573;6596;7.97;0.49;253.00;4.58;903;48;2238.00;23
5674;48;625897519;5674;267;6575;6596;8.02;0.49;253.15;4.59;901;48;2239.00;21
5682;48;625897534;5682;267;6579;6597;8.04;0.49;253.34;4.59;897;48;2240.00;18
5682;48;625897553;5682;273;6580;6598;8.09;0.49;253.34;4.59;898;48;2241.00;18
5687;48;625897570;5687;275;6581;6598;8.09;0.49;253.32;4.60;894;48;2242.00;17
5692;48;625897586;5692;278;6584;6602;8.10;0.49;253.41;4.60;892;48;2243.00;18
5693;48;625897604;5693;279;6584;6602;8.16;0.50;253.49;4.60;891;48;2244.00;18
5698;48;625897620;5698;281;6584;6602;8.17;0.50;253.54;4.60;886;48;2245.00;18
5702;48;625897639;5702;279;6584;6602;8.22;0.50;253.67;4.60;882;48;2246.00;18
5703;48;625897655;5703;281;6588;6608;8.28;0.51;253.68;4.59;885;48;2247.00;20
5709;48;625897670;5709;282;6588;6608;8.25;0.50;253.85;4.59;879;48;2248.00;20
5709;48;625897687;5709;286;6589;6608;8.26;0.50;253.85;4.59;880;48;2249.00;19
5717;48;625897706;5717;285;6592;6614;8.20;0.50;253.89;4.59;875;48;2250.00;22
5721;48;625897720;5721;289;6593;6614;8.21;0.50;253.92;4.59;872;48;2251.00;21
5727;48;625897736;5727;295;6594;6614;8.17;0.50;253.87;4.59;867;48;2252.00;20
5731;48;625897753;5731;297;6594;6615;8.11;0.49;253.96;4.59;863;48;2253.00;21
5736;48;625897767;5736;303;6596;6616;8.06;0.49;254.00;4.59;860;48;2254.00;20
5739;48;625897782;5739;305;6596;6616;8.05;0.49;253.99;4.59;857;48;2255.00;20
5742;48;625897795;5742;315;6607;6629;8.03;0.49;254.09;4.58;865;48;2256.00;22
5744;48;625897812;5744;307;6607;6629;7.94;0.48;254.18;4.58;863;48;2257.00;22
5750;48;625897826;5750;303;6607;6629;7.85;0.48;254.24;4.58;857;48;2258.00;22
5752;48;625897842;5752;304;6608;6630;7.86;0.48;254.26;4.58;856;48;2259.00;22
5756;48;625897856;5756;302;6608;6630;7.85;0.48;254.28;4.58;852;48;2260.00;22
5757;48;625897870;5757;299;6611;6634;7.94;0.48;254.29;4.58;854;48;2261.00;23
5760;48;625897884;5760;300;6612;6634;8.00;0.49;254.37;4.58;852;48;2262.00;22
5765;48;625897899;5765;300;6615;6638;8.10;0.49;254.40;4.58;850;48;2263.00;23
5767;48;625897913;5767;302;6615;6638;8.15;0.50;254.36;4.58;848;48;2264.00;23
5769;48;625897926;5769;299;6615;6638;8.20;0.50;254.40;4.58;846;48;2265.00;23
5771;48;625897941;5771;282;6615;6638;8.24;0.50;254.42;4.58;844;48;2266.00;23
5773;48;625897961;5773;271;6615;6638;8.30;0.51;254.42;4.58;842;48;2267.00;23
5776;48;625897975;5776;269;6624;6650;8.40;0.51;254.41;4.57;848;48;2268.00;26
5779;48;625897990;5779;257;6625;6650;8.47;0.51;254.45;4.57;846;48;2269.00;25
5782;48;625898007;5782;247;6626;6650;8.51;0.52;254.47;4.57;844;48;2270.00;24
5787;48;625898035;5787;244;6626;6650;8.59;0.52;254.43;4.57;839;48;2271.00;24
5791;48;625898054;5791;242;6626;6650;8.66;0.53;254.41;4.57;835;48;2272.00;24
5794;48;625898067;5794;239;6626;6650;8.73;0.53;254.49;4.57;832;48;2273.00;24
5797;48;625898080;5797;239;6626;6651;8.78;0.53;254.50;4.57;829;48;2274.00;25
5798;48;625898094;5798;234;6626;6651;8.84;0.54;254.56;4.57;828;48;2275.00;25
5802;48;625898108;5802;235;6630;6657;8.83;0.54;254.53;4.57;828;48;2276.00;27
5804;48;625898123;5804;226;6632;6658;8.93;0.54;254.54;4.57;828;48;2277.00;26
5807;48;625898137;5807;222;6632;6658;8.96;0.55;254.54;4.57;825;48;2278.00;26
5809;48;625898151;5809;216;6632;6658;8.93;0.54;254.62;4.57;823;48;2279.00;26
5810;48;625898167;5810;213;6636;6663;9.04;0.55;254.62;4.56;826;48;2280.00;27
5814;48;625898188;5814;212;6636;6663;9.12;0.56;254.67;4.56;822;48;2281.00;27
5819;48;625898202;5819;205;6636;6663;9.19;0.56;254.63;4.56;817;48;2282.00;27
5822;48;625898216;5822;199;6637;6664;9.32;0.57;254.77;4.56;815;48;2283.00;27
5826;48;625898231;5826;195;6640;6668;9.31;0.57;254.75;4.56;814;48;2284.00;28
5828;48;625898248;5828;195;6640;6668;9.28;0.56;254.80;4.56;812;48;2285.00;28
5831;48;625898262;5831;196;6642;6671;9.27;0.57;254.77;4.56;811;48;2286.00;29
5832;48;625898276;5832;193;6642;6671;9.24;0.56;254.74;4.56;810;48;2287.00;29
5833;48;625898288;5833;189;6644;6671;9.26;0.56;254.73;4.58;811;48;2288.00;27
5838;48;625898303;5838;189;6644;6671;9.29;0.57;254.72;4.58;806;48;2289.00;27
5839;48;625898315;5839;192;6647;6675;9.29;0.57;254.71;4.58;808;48;2290.00;28
5841;48;625898336;5841;188;6647;6675;9.26;0.56;254.72;4.58;806;48;2291.00;28
5842;48;625898348;5842;187;6648;6675;9.21;0.56;254.71;4.58;806;48;2292.00;27
5843;48;625898361;5843;187;6648;6675;9.16;0.56;254.73;4.58;805;48;2293.00;27
5843;48;625898374;5843;190;6648;6676;9.11;0.56;254.73;4.58;805;48;2294.00;28
5846;48;625898394;5846;192;6650;6678;8.95;0.55;254.70;4.58;804;48;2295.00;28
5849;48;625898405;5849;189;6650;6678;8.78;0.53;254.68;4.58;801;48;2296.00;28
5850;48;625898417;5850;200;6651;6679;8.69;0.53;254.66;4.58;801;48;2297.00;28
5852;48;625898429;5852;197;6651;6679;8.61;0.53;254.66;4.58;799;48;2298.00;28
5855;48;625898441;5855;201;6651;6679;8.56;0.52;254.64;4.58;796;48;2299.00;28
5856;48;625898455;5856;202;6651;6679;8.47;0.52;254.64;4.58;795;48;2300.00;28
5858;48;625898471;5858;202;6651;6679;8.42;0.51;254.65;4.58;793;48;2301.00;28
5859;48;625898482;5859;205;6651;6679;8.38;0.51;254.63;4.58;792;48;2302.00;28
5863;48;625898499;5863;202;6652;6679;8.33;0.51;254.65;4.60;789;48;2303.00;27
5865;48;625898512;5865;226;6725;6806;8.26;0.51;254.64;4.55;860;48;2304.00;81
5867;48;625898545;5867;211;6725;6807;8.18;0.51;254.66;4.55;858;48;2305.00;82
5870;48;625898557;5870;203;6730;6807;8.17;0.50;254.73;4.54;860;48;2306.00;77
5871;48;625898569;5871;201;6733;6807;8.24;0.51;254.77;4.54;862;48;2307.00;74
5871;48;625898581;5871;197;6736;6807;8.29;0.51;254.77;4.54;865;48;2308.00;71
5875;48;625898591;5875;188;6740;6807;8.36;0.51;254.80;4.54;865;48;2309.00;67
5881;48;625898605;5881;189;6744;6807;8.41;0.52;254.86;4.55;863;48;2310.00;63
5883;48;625898619;5883;194;6747;6807;8.47;0.52;254.85;4.55;864;48;2311.00;60
5886;48;625898637;5886;192;6750;6808;8.47;0.52;254.86;4.55;864;48;2312.00;58
5889;48;625898649;5889;193;6753;6809;8.44;0.52;254.88;4.57;864;48;2313.00;56
5890;48;625898661;5890;201;6758;6809;8.41;0.51;254.91;4.58;868;48;2314.00;51
5893;48;625898673;5893;197;6761;6810;8.32;0.51;254.89;4.59;868;48;2315.00;49
5896;48;625898686;5896;200;6766;6810;8.23;0.50;254.95;4.60;870;48;2316.00;44
5900;48;625898708;5900;198;6768;6810;8.13;0.50;255.00;4.61;868;48;2317.00;42
5904;48;625898725;5904;197;6772;6810;8.05;0.49;254.98;4.63;868;48;2318.00;38
5909;48;625898748;5909;199;6775;6814;7.88;0.48;254.91;4.63;866;48;2319.00;39
5911;48;625898765;5911;195;6778;6814;7.83;0.48;254.85;4.66;867;48;2320.00;36
5912;48;625898783;5912;203;6780;6814;7.83;0.48;254.83;4.66;868;48;2321.00;34
5913;48;625898809;5913;209;6782;6817;7.81;0.48;254.79;4.66;869;48;2322.00;35
5916;48;625898826;5916;209;6783;6817;7.83;0.48;254.76;4.66;867;48;2323.00;34
5920;48;625898842;5920;216;6784;6817;7.77;0.47;254.71;4.66;864;48;2324.00;33
5920;48;625898856;5920;226;6787;6821;7.74;0.47;254.71;4.66;867;48;2325.00;34
5920;48;625898871;5920;229;6789;6822;7.78;0.47;254.71;4.66;869;48;2326.00;33
5920;48;625898885;5920;233;6789;6822;7.87;0.48;254.71;4.66;869;48;2327.00;33
5923;48;625898899;5923;235;6792;6826;7.92;0.48;254.66;4.66;869;48;2328.00;34
5925;48;625898914;5925;243;6792;6826;7.86;0.48;254.60;4.66;867;48;2329.00;34
5928;48;625898928;5928;250;6792;6826;7.85;0.48;254.55;4.66;864;48;2330.00;34
5930;48;625898943;5930;248;6793;6827;7.82;0.48;254.48;4.66;863;48;2331.00;34
5933;48;625898965;5933;257;6793;6827;7.78;0.47;254.40;4.66;860;48;2332.00;34
5934;48;625898980;5934;263;6797;6833;7.80;0.48;254.37;4.65;863;48;2333.00;36
5937;48;625898998;5937;265;6797;6833;7.76;0.47;254.35;4.65;860;48;2334.00;36
5939;48;625899012;5939;270;6798;6834;7.69;0.47;254.31;4.65;859;48;2335.00;36
5940;48;625899028;5940;277;6799;6834;7.63;0.46;254.27;4.67;859;48;2336.00;35
5941;48;625899042;5941;280;6799;6834;7.56;0.46;254.24;4.67;858;48;2337.00;35
5943;48;625899056;5943;281;6799;6834;7.55;0.46;254.21;4.67;856;48;2338.00;35
5945;48;625899071;5945;287;6799;6834;7.52;0.46;254.21;4.67;854;48;2339.00;35
5946;48;625899089;5946;290;6823;6870;7.53;0.46;254.22;4.68;877;48;2340.00;47
5946;48;625899107;5946;295;6823;6870;7.51;0.46;254.22;4.68;877;48;2341.00;47
5947;48;625899127;5947;300;6827;6870;7.49;0.46;254.23;4.69;880;48;2342.00;43
5950;48;625899141;5950;308;6830;6870;7.44;0.46;254.19;4.70;880;48;2343.00;40
5953;48;625899155;5953;311;6831;6870;7.40;0.45;254.18;4.70;878;48;2344.00;39
5957;48;625899167;5957;314;6833;6870;7.36;0.45;254.12;4.71;876;48;2345.00;37
5957;48;625899182;5957;315;6836;6874;7.33;0.45;254.12;4.71;879;48;2346.00;38
5959;48;625899197;5959;307;6838;6874;7.32;0.45;254.21;4.72;879;48;2347.00;36
5960;48;625899210;5960;298;6843;6878;7.30;0.45;254.20;4.72;883;48;2348.00;35
5961;48;625899224;5961;294;6844;6879;7.33;0.45;254.16;4.72;883;48;2349.00;35
5961;48;625899240;5961;288;6847;6879;7.38;0.45;254.16;4.74;886;48;2350.00;32
5963;48;625899251;5963;281;6848;6879;7.32;0.45;254.13;4.75;885;48;2351.00;31
5964;48;625899263;5964;283;6859;6892;7.27;0.45;254.09;4.75;895;48;2352.00;33
5969;48;625899277;5969;278;6861;6892;7.25;0.44;254.10;4.76;892;48;2353.00;31
5971;48;625899288;5971;280;6862;6892;7.27;0.44;254.06;4.76;891;48;2354.00;30
5972;48;625899298;5972;282;6864;6893;7.32;0.45;254.04;4.77;892;48;2355.00;29
5972;48;625899308;5972;282;6866;6894;7.37;0.45;254.04;4.78;894;48;2356.00;28
5972;48;625899326;5972;288;6866;6894;7.44;0.45;254.04;4.78;894;48;2357.00;28
5975;48;625899343;5975;293;6870;6897;7.43;0.45;253.97;4.79;895;48;2358.00;27
5975;48;625899359;5975;294;6871;6897;7.42;0.45;253.97;4.80;896;48;2359.00;26
5976;48;625899370;5976;290;6873;6897;7.45;0.45;253.97;4.80;897;48;2360.00;24
5979;48;625899387;5979;289;6873;6897;7.40;0.45;253.93;4.80;894;48;2361.00;24
5979;48;625899397;5979;291;6878;6903;7.41;0.45;253.93;4.81;899;48;2362.00;25
5979;48;625899408;5979;290;6878;6903;7.36;0.45;253.93;4.81;899;48;2363.00;25
5979;48;625899420;5979;294;6879;6903;7.37;0.45;253.93;4.81;900;48;2364.00;24
5980;48;625899430;5980;293;6882;6903;7.36;0.45;253.90;4.83;902;48;2365.00;21
5982;48;625899441;5982;294;6885;6907;7.38;0.45;253.86;4.83;903;48;2366.00;22
5983;48;625899453;5983;298;6888;6908;7.41;0.45;253.86;4.83;905;48;2367.00;20
5985;48;625899464;5985;298;6888;6908;7.50;0.46;253.80;4.83;903;48;2368.00;20
5987;48;625899475;5987;295;6892;6909;7.53;0.46;253.77;4.84;905;48;2369.00;17
5991;48;625899488;5991;296;6892;6909;7.58;0.46;253.75;4.84;901;48;2370.00;17
5992;48;625899499;5992;293;6893;6909;7.58;0.46;253.74;4.84;901;48;2371.00;16
5997;48;625899509;5997;298;6894;6909;7.48;0.45;253.76;4.85;897;48;2372.00;15
5999;48;625899520;5999;296;6894;6909;7.45;0.45;253.81;4.85;895;48;2373.00;15
6002;48;625899530;6002;293;6896;6909;7.44;0.45;253.82;4.85;894;48;2374.00;13
6003;48;625899541;6003;291;6896;6909;7.45;0.45;253.85;4.85;893;48;2375.00;13
6008;48;625899550;6008;301;6934;6979;7.50;0.46;253.92;4.82;926;48;2376.00;45
6012;48;625899567;6012;299;6934;6980;7.44;0.46;253.99;4.82;922;48;2377.00;46
6016;48;625899578;6016;303;6946;6980;7.42;0.45;254.05;4.82;930;48;2378.00;34
6022;48;625899589;6022;305;6949;6980;7.29;0.45;254.09;4.82;927;48;2379.00;31
6024;48;625899600;6024;290;6955;6980;7.28;0.45;254.11;4.82;931;48;2380.00;25
6029;48;625899611;6029;286;6958;6980;7.25;0.44;254.23;4.82;929;48;2381.00;22
6030;48;625899622;6030;291;6963;6980;7.20;0.44;254.23;4.82;933;48;2382.00;17
6036;48;625899632;6036;288;6965;6980;7.18;0.44;254.33;4.82;929;48;2383.00;15
6037;48;625899644;6037;287;6967;6981;7.21;0.44;254.35;4.82;930;48;2384.00;14
6042;48;625899655;6042;293;6969;6983;7.23;0.44;254.42;4.82;927;48;2385.00;14
6046;48;625899667;6046;302;6969;6983;7.34;0.45;254.54;4.82;923;48;2386.00;14
6050;48;625899678;6050;303;6973;6987;7.37;0.45;254.57;4.81;923;48;2387.00;14
6052;48;625899691;6052;298;6973;6987;7.48;0.46;254.59;4.81;921;48;2388.00;14
6057;48;625899704;6057;298;6973;6987;7.58;0.46;254.59;4.81;916;48;2389.00;14
6060;48;625899718;6060;296;6973;6987;7.70;0.47;254.66;4.81;913;48;2390.00;14
6063;48;625899733;6063;292;6977;6993;7.78;0.48;254.80;4.81;914;48;2391.00;16
6065;48;625899753;6065;292;6977;6993;7.82;0.48;254.78;4.81;912;48;2392.00;16
6071;48;625899767;6071;290;6979;6993;7.80;0.48;254.96;4.81;908;48;2393.00;14
6076;48;625899781;6076;290;6981;6996;7.85;0.48;255.01;4.81;905;48;2394.00;15
6081;48;625899799;6081;292;6982;6996;7.92;0.48;254.97;4.81;901;48;2395.00;14
6089;48;625899814;6089;286;6982;6996;7.90;0.48;255.06;4.81;893;48;2396.00;14
6092;48;625899827;6092;285;6983;6997;7.92;0.48;255.15;4.81;891;48;2397.00;14
6098;48;625899843;6098;286;6984;6998;7.89;0.48;255.10;4.81;886;48;2398.00;14
6102;48;625899862;6102;284;6984;6998;7.91;0.48;255.25;4.81;882;48;2399.00;14
6105;48;625899883;6105;289;7010;7057;7.97;0.49;255.26;4.79;905;48;2400.00;47
6111;48;625899907;6111;283;7012;7057;8.02;0.49;255.27;4.79;901;48;2401.00;45
6115;48;625899920;6115;277;7014;7057;8.06;0.49;255.31;4.79;899;48;2402.00;43
6121;48;625899933;6121;277;7015;7058;8.07;0.49;255.38;4.79;894;48;2403.00;43
6126;48;625899946;6126;280;7017;7058;8.05;0.49;255.36;4.79;891;48;2404.00;41
6128;48;625899958;6128;277;7019;7062;8.08;0.49;255.38;4.79;891;48;2405.00;43
6132;48;625899971;6132;277;7021;7062;8.06;0.49;255.49;4.79;889;48;2406.00;41
6136;48;625899985;6136;280;7025;7066;8.06;0.49;255.54;4.79;889;48;2407.00;41
6141;48;625899997;6141;283;7026;7066;8.05;0.49;255.73;4.79;885;48;2408.00;40
6149;48;625900010;6149;282;7026;7066;8.03;0.49;255.90;4.79;877;48;2409.00;40
6153;48;625900022;6153;286;7027;7066;8.04;0.49;255.96;4.79;874;48;2410.00;39
6158;48;625900034;6158;291;7027;7066;8.01;0.49;256.03;4.79;869;48;2411.00;39
6161;48;625900046;6161;292;7036;7078;8.05;0.49;256.08;4.78;875;48;2412.00;42
6165;48;625900060;6165;296;7037;7078;8.05;0.49;256.16;4.78;872;48;2413.00;41
6168;48;625900072;6168;299;7038;7078;8.07;0.49;256.24;4.78;870;48;2414.00;40
6173;48;625900084;6173;299;7038;7078;8.00;0.49;256.30;4.78;865;48;2415.00;40
6178;48;625900096;6178;298;7039;7078;7.95;0.49;256.40;4.79;861;48;2416.00;39
6182;48;625900108;6182;304;7039;7078;7.99;0.49;256.44;4.79;857;48;2417.00;39
6187;48;625900120;6187;301;7040;7079;7.99;0.49;256.65;4.79;853;48;2418.00;39
6192;48;625900132;6192;305;7042;7079;8.00;0.49;256.70;4.79;850;48;2419.00;37
6194;48;625900144;6194;304;7045;7085;7.99;0.49;256.71;4.79;851;48;2420.00;40
6199;48;625900156;6199;308;7046;7086;7.95;0.48;256.71;4.79;847;48;2421.00;40
6202;48;625900168;6202;315;7047;7086;7.91;0.48;256.79;4.79;845;48;2422.00;39
6206;48;625900179;6206;314;7047;7086;7.85;0.48;256.81;4.79;841;48;2423.00;39
6210;48;625900191;6210;321;7050;7090;7.83;0.48;256.89;4.79;840;48;2424.00;40
6213;48;625900203;6213;327;7050;7090;7.74;0.47;256.95;4.79;837;48;2425.00;40
6218;48;625900214;6218;335;7050;7090;7.63;0.46;257.02;4.79;832;48;2426.00;40
6221;48;625900225;6221;328;7053;7091;7.59;0.46;257.06;4.80;832;48;2427.00;38
6223;48;625900238;6223;320;7059;7095;7.52;0.46;257.10;4.80;836;48;2428.00;36
6228;48;625900252;6228;322;7059;7095;7.43;0.45;257.26;4.80;831;48;2429.00;36
6231;48;625900267;6231;317;7063;7101;7.46;0.45;257.38;4.80;832;48;2430.00;38
6233;48;625900282;6233;319;7063;7101;7.46;0.45;257.48;4.80;830;48;2431.00;38
6235;48;625900297;6235;320;7065;7101;7.44;0.45;257.53;4.80;830;48;2432.00;36
6238;48;625900309;6238;320;7065;7101;7.44;0.45;257.69;4.80;827;48;2433.00;36
6241;48;625900332;6241;321;7068;7105;7.47;0.45;257.69;4.80;827;48;2434.00;37
6245;48;625900356;6245;312;7069;7105;7.47;0.45;257.71;4.80;824;48;2435.00;36
6250;48;625900376;6250;301;7070;7105;7.46;0.45;257.75;4.80;820;48;2436.00;35
6251;48;625900387;6251;287;7071;7105;7.50;0.46;257.75;4.80;820;48;2437.00;34
6253;48;625900398;6253;282;7071;7106;7.53;0.46;257.77;4.80;818;48;2438.00;35
6255;48;625900410;6255;273;7073;7107;7.50;0.46;257.80;4.81;818;48;2439.00;34
6259;48;625900421;6259;270;7073;7107;7.54;0.46;257.81;4.81;814;48;2440.00;34
6261;48;625900433;6261;256;7074;7108;7.66;0.47;257.80;4.80;813;48;2441.00;34
6263;48;625900446;6263;248;7074;7108;7.73;0.47;257.78;4.80;811;48;2442.00;34
6266;48;625900459;6266;242;7074;7108;7.77;0.47;257.79;4.80;808;48;2443.00;34
6266;48;625900476;6266;245;7074;7108;7.79;0.47;257.79;4.80;808;48;2444.00;34
6269;48;625900487;6269;245;7075;7108;7.88;0.48;257.83;4.81;806;48;2445.00;33
6272;48;625900505;6272;237;7075;7108;7.92;0.48;257.92;4.81;803;48;2446.00;33
6273;48;625900516;6273;226;7075;7108;8.02;0.49;257.89;4.81;802;48;2447.00;33
6277;48;625900527;6277;228;7137;7235;8.33;0.51;257.95;4.77;860;48;2448.00;98
6280;48;625900549;6280;215;7140;7236;8.45;0.52;257.94;4.77;860;48;2449.00;96
6284;48;625900561;6284;204;7147;7236;8.57;0.53;257.93;4.80;863;48;2450.00;89
6284;48;625900573;6284;201;7151;7236;8.71;0.54;257.93;4.81;867;48;2451.00;85
6285;48;625900584;6285;196;7156;7236;8.80;0.54;257.93;4.81;871;48;2452.00;80
6285;48;625900595;6285;192;7160;7236;8.88;0.55;257.93;4.81;875;48;2453.00;76
6286;48;625900606;6286;200;7166;7236;8.91;0.55;257.91;4.81;880;48;2454.00;70
6288;48;625900618;6288;191;7170;7236;8.95;0.55;258.06;4.82;882;48;2455.00;66
6291;48;625900630;6291;197;7175;7237;8.97;0.55;258.05;4.82;884;48;2456.00;62
6292;48;625900643;6292;197;7176;7238;8.92;0.55;258.02;4.83;884;48;2457.00;62
6296;48;625900656;6296;196;7180;7238;8.85;0.54;258.00;4.83;884;48;2458.00;58
6297;49;625900668;6297;200;7182;7239;8.74;0.54;258.04;4.83;885;49;2459.00;57
6298;49;625900691;6298;206;7184;7239;8.73;0.54;258.04;4.83;886;49;2460.00;55
6303;49;625900708;6303;211;7187;7239;8.72;0.54;258.11;4.84;884;49;2461.00;52
6306;49;625900734;6306;224;7191;7239;8.66;0.53;258.08;4.89;885;49;2462.00;48
6307;49;625900752;6307;227;7195;7243;8.61;0.53;258.06;4.89;888;49;2463.00;48
6308;49;625900780;6308;229;7196;7243;8.55;0.52;258.05;4.89;888;49;2464.00;47
6309;49;625900798;6309;231;7197;7243;8.47;0.52;258.03;4.89;888;49;2465.00;46
6312;49;625900816;6312;239;7201;7246;8.41;0.52;258.04;4.90;889;49;2466.00;45
6315;49;625900831;6315;248;7203;7246;8.34;0.51;258.00;4.95;888;49;2467.00;43
6320;49;625900844;6320;252;7205;7246;8.26;0.50;257.96;4.95;885;49;2468.00;41
6321;49;625900858;6321;260;7209;7250;8.20;0.50;257.96;4.95;888;49;2469.00;41
6322;49;625900872;6322;258;7210;7251;8.19;0.50;257.95;4.95;888;49;2470.00;41
6324;49;625900892;6324;256;7212;7251;8.18;0.50;257.94;4.99;888;49;2471.00;39
6324;49;625900906;6324;258;7213;7255;8.15;0.50;257.94;4.99;889;49;2472.00;42
6326;49;625900927;6326;255;7215;7255;8.09;0.50;257.92;4.99;889;49;2473.00;40
6328;49;625900939;6328;253;7216;7255;7.98;0.49;257.85;5.03;888;49;2474.00;39
6332;49;625900951;6332;258;7218;7257;7.93;0.48;257.85;5.03;886;49;2475.00;39
6335;49;625900963;6335;257;7218;7257;7.89;0.48;257.81;5.03;883;49;2476.00;39
6337;49;625900976;6337;257;7222;7263;7.85;0.48;257.76;5.03;885;49;2477.00;41
6340;49;625900989;6340;259;7224;7263;7.83;0.48;257.75;5.07;884;49;2478.00;39
6344;49;625901001;6344;256;7224;7264;7.73;0.47;257.73;5.07;880;49;2479.00;40
6346;49;625901013;6346;252;7224;7264;7.67;0.47;257.72;5.07;878;49;2480.00;40
6349;49;625901025;6349;252;7225;7264;7.59;0.46;257.75;5.12;876;49;2481.00;39
6353;49;625901036;6353;244;7225;7264;7.50;0.46;257.72;5.12;872;49;2482.00;39
6354;49;625901047;6354;240;7226;7264;7.46;0.46;257.68;5.16;872;49;2483.00;38
6358;49;625901058;6358;238;7235;7276;7.41;0.45;257.75;5.16;877;49;2484.00;41
6360;49;625901079;6360;234;7236;7276;7.37;0.45;257.75;5.17;876;49;2485.00;40
6362;49;625901093;6362;236;7238;7276;7.36;0.45;257.73;5.16;876;49;2486.00;38
6363;49;625901104;6363;235;7239;7276;7.34;0.45;257.71;5.20;876;49;2487.00;37
6368;49;625901115;6368;236;7239;7276;7.19;0.44;257.69;5.20;871;49;2488.00;37
6373;49;625901127;6373;239;7240;7276;7.17;0.44;257.61;5.22;867;49;2489.00;36
6375;49;625901143;6375;242;7244;7280;7.16;0.44;257.60;5.25;869;49;2490.00;36
6380;49;625901157;6380;241;7244;7280;7.09;0.43;257.52;5.25;864;49;2491.00;36
6382;49;625901172;6382;245;7247;7284;7.15;0.44;257.54;5.25;865;49;2492.00;37
6383;49;625901186;6383;248;7250;7285;7.16;0.44;257.50;5.26;867;49;2493.00;35
6385;49;625901199;6385;250;7250;7285;7.16;0.44;257.50;5.26;865;49;2494.00;35
6386;49;625901211;6386;257;7251;7285;7.16;0.44;257.47;5.29;865;49;2495.00;34
6388;49;625901222;6388;257;7260;7298;7.14;0.43;257.48;5.28;872;49;2496.00;38
6389;49;625901235;6389;266;7261;7298;7.15;0.43;257.46;5.29;872;49;2497.00;37
6392;49;625901247;6392;261;7262;7298;7.09;0.43;257.52;5.31;870;49;2498.00;36
6393;49;625901258;6393;252;7263;7299;7.11;0.43;257.50;5.31;870;49;2499.00;36
6394;49;625901270;6394;245;7263;7300;7.08;0.43;257.47;5.31;869;49;2500.00;37
6396;49;625901284;6396;239;7264;7300;7.08;0.43;257.46;5.32;868;49;2501.00;36
6397;49;625901295;6397;234;7267;7303;7.13;0.43;257.46;5.33;870;49;2502.00;36
6399;49;625901308;6399;235;7268;7303;7.19;0.44;257.41;5.33;869;49;2503.00;35
6399;49;625901321;6399;232;7269;7303;7.31;0.44;257.41;5.34;870;49;2504.00;34
6401;49;625901333;6401;224;7269;7303;7.38;0.45;257.37;5.34;868;49;2505.00;34
6401;49;625901348;6401;220;7273;7309;7.53;0.46;257.37;5.34;872;49;2506.00;36
6401;49;625901360;6401;223;7273;7309;7.63;0.46;257.37;5.34;872;49;2507.00;36
6402;49;625901374;6402;219;7276;7309;7.74;0.47;257.39;5.36;874;49;2508.00;33
6403;50;625901388;6403;220;7276;7309;7.77;0.47;257.39;5.36;873;50;2509.00;33
6406;50;625901423;6406;224;7282;7313;7.77;0.47;257.36;5.39;876;50;2510.00;31
6407;50;625901443;6407;219;7283;7314;7.82;0.47;257.37;5.39;876;50;2511.00;31
6407;50;625901456;6407;217;7284;7314;7.88;0.48;257.37;5.40;877;50;2512.00;30
6409;51;625901468;6409;217;7287;7315;7.91;0.48;257.34;5.42;878;51;2513.00;28
6409;51;625901495;6409;210;7289;7315;7.93;0.48;257.34;5.43;880;51;2514.00;26
6411;51;625901507;6411;214;7290;7315;7.97;0.48;257.32;5.45;879;51;2515.00;25
6413;51;625901526;6413;216;7293;7315;7.98;0.48;257.31;5.47;880;51;2516.00;22
6414;51;625901547;6414;222;7294;7315;8.02;0.49;257.33;5.48;880;51;2517.00;21
6415;51;625901560;6415;219;7294;7315;8.08;0.49;257.32;5.48;879;51;2518.00;21
6417;51;625901572;6417;224;7295;7315;8.11;0.49;257.29;5.49;878;51;2519.00;20
6419;51;625901592;6419;229;7350;7440;8.29;0.51;257.28;5.46;931;51;2520.00;90
6423;51;625901618;6423;227;7357;7441;8.27;0.51;257.24;5.47;934;51;2521.00;84
6425;51;625901630;6425;229;7369;7441;8.23;0.50;257.22;5.47;944;51;2522.00;72
6427;51;625901643;6427;224;7374;7441;8.20;0.50;257.27;5.47;947;51;2523.00;67
6428;51;625901655;6428;226;7381;7441;8.13;0.50;257.29;5.50;953;51;2524.00;60
6428;51;625901666;6428;227;7384;7441;8.07;0.49;257.29;5.50;956;51;2525.00;57
6431;51;625901678;6431;229;7387;7441;7.99;0.49;257.26;5.50;956;51;2526.00;54
6435;51;625901690;6435;234;7390;7441;7.95;0.49;257.29;5.51;955;51;2527.00;51
6438;51;625901703;6438;238;7396;7442;7.86;0.48;257.29;5.51;958;51;2528.00;46
6439;51;625901715;6439;238;7399;7443;7.85;0.48;257.30;5.52;960;51;2529.00;44
6442;51;625901727;6442;236;7402;7443;7.78;0.48;257.36;5.52;960;51;2530.00;41
6446;51;625901740;6446;242;7411;7447;7.70;0.47;257.32;5.53;965;51;2531.00;36
6447;51;625901753;6447;243;7415;7447;7.60;0.46;257.33;5.54;968;51;2532.00;32
6449;51;625901765;6449;239;7415;7447;7.54;0.46;257.41;5.54;966;51;2533.00;32
6449;51;625901776;6449;247;7419;7447;7.47;0.46;257.41;5.55;970;51;2534.00;28
6451;51;625901789;6451;251;7423;7453;7.51;0.46;257.46;5.55;972;51;2535.00;30
6454;51;625901803;6454;259;7425;7453;7.49;0.46;257.53;5.55;971;51;2536.00;28
6456;51;625901816;6456;259;7427;7455;7.50;0.46;257.53;5.55;971;51;2537.00;28
6459;51;625901829;6459;261;7430;7458;7.51;0.46;257.60;5.55;971;51;2538.00;28
6460;51;625901842;6460;262;7433;7458;7.48;0.46;257.65;5.56;973;51;2539.00;25
6462;51;625901857;6462;273;7433;7458;7.38;0.45;257.66;5.56;971;51;2540.00;25
6463;51;625901871;6463;272;7434;7459;7.31;0.45;257.71;5.56;971;51;2541.00;25
6468;51;625901884;6468;276;7436;7460;7.18;0.44;257.82;5.56;968;51;2542.00;24
6471;51;625901895;6471;283;7436;7460;7.10;0.43;257.85;5.56;965;51;2543.00;24
6472;51;625901907;6472;289;7448;7473;7.02;0.43;257.89;5.56;976;51;2544.00;25
6474;51;625901920;6474;287;7449;7473;7.00;0.43;257.99;5.56;975;51;2545.00;24
6476;51;625901933;6476;287;7450;7473;6.94;0.42;258.03;5.57;974;51;2546.00;23
6482;51;625901946;6482;294;7451;7474;6.90;0.42;258.06;5.57;969;51;2547.00;23
6487;51;625901960;6487;298;7453;7474;6.80;0.42;258.09;5.57;966;51;2548.00;21
6492;51;625901975;6492;307;7455;7478;6.76;0.41;258.13;5.57;963;51;2549.00;23
6498;51;625901989;6498;299;7458;7481;6.67;0.41;258.37;5.57;960;51;2550.00;23
6503;51;625902003;6503;292;7463;7485;6.66;0.41;258.44;5.57;960;51;2551.00;22
6504;51;625902019;6504;286;7465;7485;6.70;0.41;258.44;5.57;961;51;2552.00;20
6509;51;625902035;6509;286;7465;7485;6.70;0.41;258.61;5.57;956;51;2553.00;20
6512;51;625902047;6512;279;7466;7485;6.73;0.41;258.59;5.57;954;51;2554.00;19
6516;51;625902059;6516;277;7467;7485;6.73;0.41;258.65;5.57;951;51;2555.00;18
6520;51;625902072;6520;282;7477;7497;6.75;0.41;258.72;5.57;957;51;2556.00;20
6524;51;625902086;6524;280;7478;7497;6.72;0.41;258.78;5.57;954;51;2557.00;19
6528;51;625902098;6528;277;7480;7497;6.73;0.41;258.84;5.57;952;51;2558.00;17
6531;51;625902111;6531;278;7480;7497;6.77;0.42;258.94;5.57;949;51;2559.00;17
6537;51;625902123;6537;273;7480;7497;6.83;0.42;258.95;5.57;943;51;2560.00;17
6540;51;625902137;6540;278;7480;7497;6.92;0.43;259.02;5.57;940;51;2561.00;17
6544;51;625902149;6544;276;7480;7498;6.99;0.43;259.09;5.57;936;51;2562.00;18
6547;51;625902162;6547;273;7480;7498;7.12;0.44;259.06;5.57;933;51;2563.00;18
6551;51;625902176;6551;266;7484;7504;7.30;0.45;259.12;5.57;933;51;2564.00;20
6555;51;625902192;6555;262;7487;7506;7.39;0.45;259.17;5.56;932;51;2565.00;19
6560;51;625902207;6560;265;7487;7506;7.42;0.46;259.20;5.56;927;51;2566.00;19
6566;51;625902223;6566;266;7487;7506;7.50;0.46;259.24;5.56;921;51;2567.00;19
6570;51;625902236;6570;262;7490;7510;7.67;0.47;259.33;5.56;920;51;2568.00;20
6574;51;625902251;6574;262;7490;7510;7.77;0.48;259.37;5.56;916;51;2569.00;20
6580;51;625902268;6580;258;7490;7510;7.84;0.48;259.46;5.56;910;51;2570.00;20
6584;51;625902289;6584;259;7491;7511;7.96;0.49;259.46;5.56;907;51;2571.00;20
6588;52;625902302;6588;251;7494;7515;8.06;0.50;259.64;5.56;906;52;2572.00;21
6593;52;625902333;6593;250;7494;7515;8.11;0.50;259.69;5.56;901;52;2573.00;21
6596;52;625902348;6596;250;7496;7518;8.20;0.50;259.73;5.56;900;52;2574.00;22
6601;52;625902361;6601;243;7497;7518;8.24;0.51;259.71;5.56;896;52;2575.00;21
6606;52;625902375;6606;237;7497;7518;8.31;0.51;259.86;5.56;891;52;2576.00;21
6610;52;625902388;6610;239;7497;7518;8.31;0.51;259.89;5.56;887;52;2577.00;21
6615;52;625902400;6615;238;7500;7522;8.35;0.51;259.91;5.56;885;52;2578.00;22
6621;52;625902413;6621;239;7500;7522;8.33;0.51;259.99;5.56;879;52;2579.00;22
6627;52;625902429;6627;242;7501;7522;8.37;0.51;260.01;5.55;874;52;2580.00;21
6634;52;625902442;6634;246;7501;7522;8.32;0.51;260.06;5.55;867;52;2581.00;21
6638;52;625902455;6638;242;7501;7523;8.36;0.51;260.06;5.55;863;52;2582.00;22
6644;52;625902469;6644;248;7502;7524;8.27;0.51;260.31;5.55;858;52;2583.00;22
6649;52;625902486;6649;249;7502;7524;8.26;0.51;260.33;5.55;853;52;2584.00;22
6655;52;625902500;6655;249;7503;7525;8.22;0.50;260.41;5.55;848;52;2585.00;22
6659;52;625902514;6659;254;7503;7525;8.18;0.50;260.39;5.55;844;52;2586.00;22
6664;52;625902525;6664;258;7503;7525;8.14;0.50;260.42;5.55;839;52;2587.00;22
6666;52;625902537;6666;257;7503;7525;8.15;0.50;260.42;5.55;837;52;2588.00;22
6673;52;625902549;6673;257;7503;7525;8.11;0.50;260.40;5.55;830;52;2589.00;22
6674;52;625902560;6674;262;7503;7525;8.10;0.50;260.44;5.55;829;52;2590.00;22
6678;52;625902571;6678;266;7504;7525;8.07;0.49;260.44;5.57;826;52;2591.00;21
6682;52;625902584;6682;284;7570;7652;8.26;0.51;260.41;5.52;888;52;2592.00;82
6684;52;625902606;6684;279;7573;7653;8.20;0.51;260.46;5.52;889;52;2593.00;80
6692;52;625902622;6692;274;7582;7653;8.19;0.51;260.46;5.52;890;52;2594.00;71
6696;52;625902639;6696;277;7585;7653;8.18;0.51;260.41;5.52;889;52;2595.00;68
6699;52;625902652;6699;283;7589;7653;8.14;0.50;260.49;5.52;890;52;2596.00;64
6701;52;625902665;6701;272;7593;7653;8.15;0.50;260.47;5.52;892;52;2597.00;60
6703;52;625902678;6703;267;7598;7653;8.15;0.50;260.53;5.52;895;52;2598.00;55
6708;52;625902690;6708;264;7602;7653;8.13;0.50;260.61;5.52;894;52;2599.00;51
6712;52;625902703;6712;262;7609;7654;8.11;0.50;260.60;5.52;897;52;2600.00;45
6712;52;625902743;6712;254;7611;7655;8.16;0.50;260.60;5.52;899;52;2601.00;44
6718;52;625902764;6718;250;7613;7655;8.16;0.50;260.62;5.52;895;52;2602.00;42
6720;52;625902783;6720;244;7615;7656;8.10;0.50;260.69;5.52;895;52;2603.00;41
6722;52;625902803;6722;250;7617;7656;8.05;0.50;260.68;5.52;895;52;2604.00;39
6726;52;625902822;6726;259;7618;7656;7.96;0.49;260.80;5.52;892;52;2605.00;38
6728;52;625902836;6728;255;7619;7656;7.97;0.49;260.80;5.53;891;52;2606.00;37
6731;52;625902851;6731;248;7623;7660;8.04;0.50;260.86;5.53;892;52;2607.00;37
6736;52;625902865;6736;243;7624;7660;8.07;0.50;260.90;5.53;888;52;2608.00;36
6736;52;625902879;6736;237;7625;7660;8.16;0.50;260.90;5.53;889;52;2609.00;35
6741;52;625902894;6741;239;7629;7666;8.24;0.50;261.04;5.53;888;53;2610.00;37
6743;52;625902920;6743;235;7629;7666;8.32;0.51;261.08;5.53;886;53;2611.00;37
6747;52;625902942;6747;240;7630;7666;8.32;0.51;261.14;5.53;883;53;2612.00;36
6750;52;625902955;6750;237;7633;7670;8.30;0.51;261.14;5.53;883;53;2613.00;37
6751;52;625902969;6751;234;7635;7671;8.37;0.51;261.14;5.53;884;53;2614.00;36
6755;53;625902984;6755;233;7635;7671;8.36;0.51;261.23;5.53;880;54;2615.00;36
6755;53;625903014;6755;232;7640;7675;8.43;0.52;261.23;5.55;885;54;2616.00;35
6758;53;625903039;6758;229;7640;7675;8.47;0.52;261.24;5.55;882;54;2617.00;35
6761;53;625903057;6761;231;7641;7675;8.50;0.52;261.21;5.55;880;54;2618.00;34
6762;53;625903071;6762;232;7642;7676;8.54;0.52;261.20;5.54;880;54;2619.00;34
6764;53;625903085;6764;223;7643;7676;8.60;0.52;261.28;5.55;879;54;2620.00;33
6764;53;625903104;6764;220;7646;7682;8.59;0.52;261.28;5.54;882;54;2621.00;36
6766;53;625903116;6766;219;7647;7682;8.62;0.52;261.32;5.54;881;54;2622.00;35
6768;53;625903128;6768;226;7648;7683;8.67;0.53;261.28;5.54;880;54;2623.00;35
6771;53;625903141;6771;230;7648;7683;8.65;0.53;261.31;5.54;877;54;2624.00;35
6775;53;625903153;6775;233;7648;7683;8.58;0.52;261.24;5.54;873;54;2625.00;35
6780;54;625903166;6780;237;7648;7683;8.48;0.51;261.18;5.54;868;55;2626.00;35
6781;54;625903198;6781;233;7648;7683;8.45;0.51;261.19;5.54;867;55;2627.00;35
6783;54;625903210;6783;236;7658;7695;8.46;0.51;261.14;5.54;875;55;2628.00;37
6786;54;625903223;6786;247;7659;7695;8.44;0.51;261.09;5.53;873;55;2629.00;36
6787;54;625903235;6787;251;7659;7695;8.34;0.51;261.06;5.53;872;55;2630.00;36
6789;54;625903246;6789;258;7659;7695;8.23;0.50;261.05;5.53;870;55;2631.00;36
6792;54;625903258;6792;262;7659;7695;8.11;0.49;261.08;5.53;867;55;2632.00;36
6796;54;625903277;6796;270;7659;7695;8.02;0.49;261.17;5.53;863;55;2633.00;36
6796;54;625903288;6796;274;7662;7699;7.94;0.48;261.17;5.53;866;55;2634.00;37
6800;55;625903300;6800;284;7662;7699;7.85;0.48;261.11;5.53;862;56;2635.00;37
6801;55;625903318;6801;292;7665;7703;7.80;0.47;261.12;5.53;864;56;2636.00;38
6803;55;625903334;6803;295;7666;7704;7.77;0.47;261.11;5.53;863;56;2637.00;38
6805;55;625903346;6805;294;7667;7704;7.68;0.47;261.04;5.53;862;56;2638.00;37
6805;55;625903375;6805;298;7667;7704;7.59;0.46;261.04;5.53;862;56;2639.00;37
6805;55;625903389;6805;299;7687;7733;7.64;0.46;261.04;5.52;882;56;2640.00;46
6806;55;625903403;6806;296;7689;7733;7.61;0.46;261.04;5.53;883;56;2641.00;44
6806;55;625903414;6806;295;7692;7733;7.67;0.47;261.04;5.53;886;56;2642.00;41
6809;55;625903425;6809;292;7694;7734;7.65;0.46;261.07;5.53;885;56;2643.00;40
6810;55;625903437;6810;288;7694;7735;7.63;0.46;261.06;5.53;884;56;2644.00;41
6812;55;625903448;6812;288;7694;7735;7.59;0.46;261.07;5.53;882;56;2645.00;41
6813;55;625903459;6813;282;7697;7738;7.59;0.46;261.06;5.53;884;56;2646.00;41
6817;55;625903470;6817;284;7697;7738;7.50;0.46;261.11;5.53;880;56;2647.00;41
6819;55;625903486;6819;288;7697;7738;7.41;0.45;261.11;5.53;878;56;2648.00;41
6823;55;625903496;6823;286;7697;7738;7.29;0.44;261.09;5.53;874;56;2649.00;41
6825;55;625903507;6825;288;7701;7744;7.23;0.44;261.11;5.52;876;56;2650.00;43
6825;55;625903518;6825;273;7701;7744;7.14;0.43;261.11;5.52;876;56;2651.00;43
6825;55;625903529;6825;259;7702;7744;7.07;0.43;261.11;5.52;877;56;2652.00;42
6826;55;625903539;6826;248;7702;7744;7.06;0.43;261.10;5.52;876;56;2653.00;42
6827;55;625903549;6827;245;7706;7748;7.03;0.43;261.11;5.53;879;56;2654.00;42
6831;55;625903568;6831;232;7708;7750;7.10;0.43;261.18;5.53;877;56;2655.00;42
6835;55;625903579;6835;226;7709;7750;7.18;0.44;261.15;5.55;874;56;2656.00;41
6836;55;625903590;6836;219;7710;7751;7.29;0.45;261.14;5.54;874;56;2657.00;41
6839;55;625903601;6839;211;7710;7751;7.36;0.45;261.14;5.54;871;56;2658.00;41
6843;55;625903612;6843;204;7710;7751;7.38;0.45;261.07;5.54;867;56;2659.00;41
6846;55;625903623;6846;199;7711;7751;7.44;0.45;261.01;5.56;865;56;2660.00;40
6848;55;625903634;6848;191;7711;7751;7.52;0.46;260.99;5.56;863;56;2661.00;40
6850;55;625903645;6850;195;7712;7751;7.60;0.46;260.99;5.58;862;56;2662.00;39
6850;55;625903665;6850;194;7712;7751;7.67;0.47;260.99;5.58;862;56;2663.00;39
6851;55;625903676;6851;197;7747;7821;7.87;0.48;260.96;5.55;896;56;2664.00;74
6854;55;625903694;6854;184;7752;7822;7.89;0.48;260.91;5.55;898;56;2665.00;70
6857;55;625903706;6857;183;7756;7822;7.93;0.48;260.89;5.55;899;56;2666.00;66
6859;55;625903718;6859;184;7764;7822;7.95;0.48;260.89;5.57;905;56;2667.00;58
6859;55;625903729;6859;179;7769;7822;7.99;0.49;260.89;5.56;910;56;2668.00;53
6861;55;625903742;6861;181;7771;7822;8.08;0.49;260.84;5.56;910;56;2669.00;51
6863;55;625903756;6863;180;7776;7822;8.20;0.50;260.81;5.56;913;56;2670.00;46
6866;55;625903767;6866;180;7777;7822;8.28;0.50;260.78;5.56;911;56;2671.00;45
6868;56;625903778;6868;182;7780;7823;8.28;0.50;260.77;5.58;912;57;2672.00;43
6872;56;625903807;6872;183;7781;7824;8.32;0.50;260.85;5.58;909;57;2673.00;43
6874;56;625903819;6874;181;7782;7824;8.39;0.51;260.92;5.58;908;57;2674.00;42
6876;56;625903835;6876;184;7785;7828;8.41;0.51;260.86;5.58;909;57;2675.00;43
6882;56;625903847;6882;187;7786;7828;8.43;0.51;260.89;5.60;904;57;2676.00;42
6882;56;625903859;6882;181;7786;7828;8.44;0.51;260.89;5.60;904;57;2677.00;42
6884;56;625903871;6884;183;7786;7828;8.50;0.52;260.92;5.60;902;57;2678.00;42
6885;56;625903882;6885;188;7790;7834;8.59;0.52;260.91;5.59;905;57;2679.00;44
6888;56;625903894;6888;190;7793;7834;8.64;0.52;260.90;5.62;905;57;2680.00;41
6889;56;625903906;6889;200;7793;7834;8.66;0.52;260.91;5.62;904;57;2681.00;41
6891;56;625903917;6891;206;7796;7837;8.69;0.53;260.92;5.62;905;57;2682.00;41
6894;56;625903929;6894;208;7798;7837;8.68;0.53;260.97;5.64;904;57;2683.00;39
6896;56;625903941;6896;208;7798;7837;8.71;0.53;260.99;5.64;902;57;2684.00;39
6899;56;625903952;6899;208;7800;7838;8.64;0.52;260.91;5.67;901;57;2685.00;38
6901;56;625903964;6901;211;7801;7839;8.57;0.52;260.95;5.66;900;57;2686.00;38
6903;56;625903976;6903;210;7802;7839;8.48;0.51;260.96;5.67;899;57;2687.00;37
6907;56;625903987;6907;206;7814;7852;8.48;0.51;260.92;5.68;907;57;2688.00;38
6911;56;625904000;6911;209;7816;7852;8.46;0.51;261.04;5.69;905;57;2689.00;36
6913;56;625904012;6913;206;7817;7852;8.49;0.52;261.07;5.70;904;57;2690.00;35
6914;56;625904024;6914;206;7818;7853;8.56;0.52;261.08;5.70;904;57;2691.00;35
6917;56;625904040;6917;207;7819;7853;8.54;0.52;261.11;5.70;902;57;2692.00;34
6920;56;625904052;6920;215;7822;7857;8.56;0.52;261.18;5.70;902;57;2693.00;35
6920;56;625904064;6920;217;7825;7857;8.57;0.52;261.18;5.71;905;57;2694.00;32
6925;56;625904075;6925;216;7829;7861;8.48;0.52;261.26;5.72;904;57;2695.00;32
6929;56;625904088;6929;219;7830;7861;8.34;0.51;261.33;5.72;901;57;2696.00;31
6931;56;625904100;6931;228;7831;7861;8.23;0.50;261.30;5.74;900;57;2697.00;30
6934;56;625904111;6934;229;7831;7861;8.10;0.49;261.38;5.74;897;57;2698.00;30
6937;56;625904123;6937;227;7833;7861;7.95;0.48;261.45;5.76;896;57;2699.00;28
6938;56;625904137;6938;230;7855;7910;7.99;0.49;261.43;5.75;917;57;2700.00;55
6944;56;625904157;6944;231;7858;7910;7.86;0.48;261.47;5.77;914;57;2701.00;52
6947;56;625904169;6947;228;7860;7910;7.83;0.48;261.66;5.76;913;57;2702.00;50
6949;56;625904180;6949;233;7863;7910;7.77;0.48;261.67;5.77;914;57;2703.00;47
6953;56;625904191;6953;234;7867;7910;7.67;0.47;261.74;5.78;914;57;2704.00;43
6956;56;625904202;6956;234;7867;7910;7.60;0.47;261.79;5.78;911;57;2705.00;43
6958;56;625904213;6958;226;7871;7911;7.59;0.46;261.79;5.80;913;57;2706.00;40
6960;56;625904224;6960;237;7873;7911;7.56;0.46;261.83;5.80;913;57;2707.00;38
6962;56;625904235;6962;238;7877;7917;7.58;0.46;261.87;5.80;915;57;2708.00;40
6967;56;625904247;6967;241;7879;7918;7.49;0.46;261.99;5.80;912;57;2709.00;39
6969;56;625904258;6969;248;7880;7918;7.47;0.46;261.99;5.80;911;57;2710.00;38
6973;56;625904269;6973;253;7882;7918;7.42;0.45;262.07;5.81;909;57;2711.00;36
6977;56;625904280;6977;260;7886;7922;7.39;0.45;262.09;5.81;909;57;2712.00;36
6980;56;625904291;6980;268;7888;7922;7.31;0.45;262.16;5.81;908;57;2713.00;34
6984;56;625904301;6984;264;7889;7922;7.29;0.44;262.19;5.82;905;57;2714.00;33
6987;56;625904312;6987;270;7890;7923;7.31;0.45;262.26;5.82;903;57;2715.00;33
6990;56;625904324;6990;269;7895;7927;7.29;0.44;262.27;5.83;905;57;2716.00;32
6995;56;625904335;6995;264;7895;7927;7.27;0.44;262.26;5.83;900;57;2717.00;32
7001;56;625904346;7001;264;7900;7930;7.20;0.44;262.25;5.83;899;57;2718.00;30
7004;56;625904357;7004;267;7901;7930;7.09;0.43;262.28;5.84;897;57;2719.00;29
7007;56;625904367;7007;257;7901;7930;7.02;0.43;262.29;5.84;894;57;2720.00;29
7011;56;625904377;7011;257;7902;7930;6.97;0.43;262.38;5.84;891;57;2721.00;28
7015;56;625904388;7015;250;7905;7934;7.00;0.43;262.34;5.84;890;57;2722.00;29
7020;56;625904399;7020;245;7906;7934;7.02;0.43;262.39;5.84;886;57;2723.00;28
7024;56;625904410;7024;250;7908;7934;6.99;0.43;262.48;5.85;884;57;2724.00;26
7026;56;625904420;7026;254;7909;7934;6.99;0.43;262.64;5.85;883;57;2725.00;25
7028;56;625904431;7028;254;7909;7935;7.02;0.43;262.65;5.85;881;57;2726.00;26
7030;56;625904442;7030;247;7910;7936;7.08;0.43;262.68;5.85;880;57;2727.00;26
7032;56;625904453;7032;245;7910;7936;7.09;0.43;262.73;5.85;878;57;2728.00;26
7038;56;625904464;7038;238;7914;7937;7.10;0.43;262.85;5.85;876;57;2729.00;23
7039;56;625904477;7039;227;7914;7937;7.20;0.44;262.89;5.85;875;57;2730.00;23
7044;56;625904487;7044;231;7915;7937;7.21;0.44;263.01;5.86;871;57;2731.00;22
7046;56;625904498;7046;220;7917;7937;7.28;0.45;263.03;5.86;871;57;2732.00;20
7050;56;625904508;7050;221;7917;7937;7.35;0.45;263.07;5.86;867;57;2733.00;20
7056;56;625904521;7056;223;7918;7937;7.44;0.45;263.09;5.86;862;57;2734.00;19
7060;56;625904532;7060;217;7919;7937;7.49;0.46;263.09;5.86;859;57;2735.00;18
7064;56;625904543;7064;220;7986;8064;7.73;0.48;263.13;5.82;922;57;2736.00;78
7066;56;625904563;7066;215;7989;8065;7.84;0.49;263.12;5.82;923;57;2737.00;76
7071;56;625904574;7071;213;7997;8065;7.85;0.49;263.29;5.82;926;57;2738.00;68
7075;56;625904586;7075;211;7999;8065;7.91;0.49;263.37;5.81;924;57;2739.00;66
7082;56;625904598;7082;207;8003;8065;7.93;0.49;263.33;5.81;921;57;2740.00;62
7083;56;625904609;7083;209;8004;8065;7.92;0.49;263.36;5.81;921;57;2741.00;61
7087;56;625904621;7087;213;8006;8065;7.85;0.49;263.41;5.81;919;57;2742.00;59
7091;56;625904632;7091;215;8010;8065;7.76;0.48;263.45;5.81;919;57;2743.00;55
7095;56;625904644;7095;218;8014;8066;7.67;0.48;263.46;5.82;919;57;2744.00;52
7100;56;625904656;7100;226;8019;8068;7.67;0.48;263.51;5.82;919;57;2745.00;49
7102;56;625904668;7102;231;8023;8068;7.70;0.48;263.49;5.85;921;57;2746.00;45
7108;56;625904680;7108;240;8025;8069;7.66;0.47;263.57;5.85;917;57;2747.00;44
7114;56;625904693;7114;237;8029;8069;7.72;0.48;263.60;5.85;915;57;2748.00;40
7116;56;625904705;7116;237;8033;8069;7.78;0.48;263.67;5.85;917;57;2749.00;36
7122;56;625904730;7122;242;8036;8069;7.75;0.48;263.73;5.86;914;57;2750.00;33
7127;56;625904751;7127;245;8039;8073;7.71;0.48;263.68;5.86;912;57;2751.00;34
7134;57;625904770;7134;250;8042;8073;7.68;0.48;263.77;5.86;908;58;2752.00;31
7139;57;625904815;7139;256;8043;8073;7.69;0.47;263.77;5.86;904;58;2753.00;30
7141;57;625904829;7141;255;8045;8076;7.76;0.48;263.78;5.86;904;58;2754.00;31
7147;57;625904850;7147;261;8047;8076;7.75;0.48;263.82;5.86;900;58;2755.00;29
7152;57;625904864;7152;262;8047;8076;7.75;0.48;263.79;5.86;895;58;2756.00;29
7160;57;625904878;7160;269;8051;8080;7.75;0.48;263.83;5.86;891;58;2757.00;29
7163;57;625904891;7163;271;8053;8081;7.72;0.47;263.86;5.86;890;58;2758.00;28
7168;57;625904905;7168;273;8054;8081;7.67;0.47;263.87;5.86;886;58;2759.00;27
7172;57;625904921;7172;282;8059;8086;7.55;0.46;263.87;5.89;887;58;2760.00;27
7174;57;625904934;7174;290;8059;8086;7.45;0.46;263.90;5.89;885;58;2761.00;27
7177;57;625904954;7177;291;8059;8086;7.42;0.45;263.91;5.89;882;58;2762.00;27
7180;57;625904966;7180;306;8061;8087;7.39;0.45;263.92;5.91;881;58;2763.00;26
7182;57;625904979;7182;312;8061;8087;7.35;0.45;263.98;5.91;879;58;2764.00;26
7184;57;625904991;7184;319;8066;8093;7.33;0.45;263.97;5.94;882;58;2765.00;27
7188;57;625905004;7188;333;8066;8093;7.21;0.44;263.95;5.94;878;58;2766.00;27
7189;57;625905016;7189;320;8067;8094;7.20;0.44;263.98;5.94;878;58;2767.00;27
7191;57;625905029;7191;313;8068;8094;7.16;0.44;264.00;5.97;877;58;2768.00;26
7194;57;625905041;7194;309;8068;8094;7.19;0.44;264.04;5.97;874;58;2769.00;26
7199;57;625905053;7199;321;8068;8094;7.19;0.44;264.05;5.97;869;58;2770.00;26
7202;57;625905066;7202;322;8069;8094;7.16;0.44;264.16;6.00;867;58;2771.00;25
7203;57;625905079;7203;326;8079;8106;7.26;0.44;264.15;5.99;876;58;2772.00;27
7207;57;625905092;7207;330;8080;8106;7.24;0.44;264.11;5.99;873;58;2773.00;26
7209;57;625905117;7209;330;8081;8106;7.25;0.44;264.12;6.02;872;58;2774.00;25
7212;57;625905135;7212;330;8081;8106;7.28;0.44;264.09;6.02;869;58;2775.00;25
7214;57;625905147;7214;313;8081;8106;7.32;0.44;264.06;6.02;867;58;2776.00;25
7215;57;625905159;7215;292;8081;8106;7.38;0.45;264.03;6.02;866;58;2777.00;25
7217;57;625905170;7217;290;8084;8110;7.46;0.45;264.00;6.02;867;58;2778.00;26
7218;57;625905183;7218;276;8084;8110;7.56;0.46;263.97;6.02;866;58;2779.00;26
7222;57;625905195;7222;266;8087;8114;7.66;0.47;264.01;6.02;865;58;2780.00;27
7226;57;625905209;7226;269;8089;8115;7.73;0.47;264.05;6.02;863;58;2781.00;26
7230;57;625905222;7230;263;8089;8115;7.78;0.47;264.02;6.02;859;58;2782.00;26
7231;57;625905234;7231;268;8089;8115;7.83;0.48;263.99;6.02;858;58;2783.00;26
7231;57;625905252;7231;269;8100;8128;7.94;0.48;263.99;6.01;869;58;2784.00;28
7233;57;625905271;7233;273;8101;8128;7.94;0.48;263.95;6.04;868;58;2785.00;27
7235;57;625905284;7235;281;8101;8128;7.91;0.48;263.92;6.04;866;58;2786.00;27
7235;57;625905296;7235;274;8102;8129;7.92;0.48;263.92;6.04;867;58;2787.00;27
7237;57;625905308;7237;271;8102;8130;7.89;0.48;263.93;6.04;865;58;2788.00;28
7239;57;625905326;7239;279;8102;8130;7.87;0.48;263.91;6.04;863;58;2789.00;28
7240;57;625905340;7240;270;8106;8136;7.84;0.48;263.90;6.06;866;58;2790.00;30
7243;57;625905352;7243;269;8107;8136;7.79;0.47;263.86;6.06;864;58;2791.00;29
7244;57;625905364;7244;268;8107;8136;7.75;0.47;263.83;6.06;863;58;2792.00;29
7246;57;625905375;7246;273;8108;8136;7.72;0.47;263.80;6.06;862;58;2793.00;28
7247;57;625905387;7247;276;8111;8142;7.67;0.47;263.80;6.06;864;58;2794.00;31
7248;57;625905399;7248;277;8112;8142;7.65;0.46;263.80;6.06;864;58;2795.00;30
7251;57;625905411;7251;289;8112;8142;7.56;0.46;263.87;6.06;861;58;2796.00;30
7253;57;625905423;7253;294;8113;8142;7.50;0.45;263.87;6.06;860;58;2797.00;29
7254;57;625905435;7254;295;8116;8146;7.40;0.45;263.86;6.06;862;58;2798.00;30
7255;57;625905450;7255;302;8118;8147;7.30;0.44;263.83;6.06;863;58;2799.00;29
7256;57;625905462;7256;313;8118;8147;7.22;0.44;263.82;6.06;862;58;2800.00;29
7260;57;625905479;7260;316;8119;8148;7.14;0.43;263.81;6.06;859;58;2801.00;29
7260;57;625905492;7260;318;8119;8148;7.13;0.43;263.81;6.06;859;58;2802.00;29
7261;57;625905505;7261;310;8119;8148;7.12;0.43;263.82;6.06;858;58;2803.00;29
7262;57;625905518;7262;304;8119;8148;7.03;0.43;263.81;6.06;857;58;2804.00;29
7262;57;625905528;7262;295;8119;8148;7.01;0.43;263.81;6.06;857;58;2805.00;29
7265;57;625905539;7265;294;8119;8148;7.06;0.43;263.88;6.06;854;58;2806.00;29
7266;57;625905550;7266;287;8119;8148;7.09;0.43;263.89;6.06;853;58;2807.00;29
7267;57;625905561;7267;300;8160;8218;7.10;0.43;263.88;6.03;893;58;2808.00;58
7268;57;625905578;7268;286;8161;8219;7.17;0.44;263.87;6.05;893;58;2809.00;58
7269;57;625905597;7269;268;8168;8219;7.28;0.44;263.86;6.05;899;58;2810.00;51
7271;57;625905609;7271;260;8170;8219;7.33;0.45;263.85;6.05;899;58;2811.00;49
7273;57;625905621;7273;261;8173;8219;7.48;0.46;263.85;6.05;900;58;2812.00;46
7275;57;625905631;7275;252;8175;8219;7.59;0.46;263.82;6.05;900;58;2813.00;44
7275;57;625905644;7275;244;8179;8219;7.71;0.47;263.82;6.05;904;58;2814.00;40
7276;57;625905655;7276;243;8180;8219;7.78;0.47;263.83;6.05;904;58;2815.00;39
7277;57;625905667;7277;243;8183;8220;7.87;0.48;263.83;6.05;906;58;2816.00;37
7280;57;625905678;7280;244;8186;8221;7.92;0.48;263.80;6.05;906;58;2817.00;35
7282;57;625905690;7282;244;8187;8221;7.89;0.48;263.78;6.05;905;58;2818.00;34
7284;57;625905704;7284;243;8191;8225;7.85;0.48;263.84;6.05;907;58;2819.00;34
7284;57;625905724;7284;241;8191;8225;7.88;0.48;263.84;6.05;907;58;2820.00;34
7285;57;625905735;7285;237;8191;8225;7.85;0.48;263.88;6.05;906;58;2821.00;34
7286;57;625905746;7286;237;8191;8225;7.87;0.48;263.86;6.05;905;58;2822.00;34
7288;57;625905758;7288;234;8194;8231;7.87;0.48;263.85;6.04;906;58;2823.00;37
7291;57;625905769;7291;226;8195;8231;7.88;0.48;263.88;6.04;904;58;2824.00;36
7294;57;625905781;7294;221;8198;8231;7.80;0.47;263.88;6.09;904;58;2825.00;33
7296;57;625905793;7296;215;8200;8234;7.78;0.47;263.94;6.09;904;58;2826.00;34
7301;57;625905804;7301;215;8200;8234;7.77;0.47;263.96;6.09;899;58;2827.00;34
7303;57;625905815;7303;209;8202;8234;7.80;0.47;263.91;6.11;899;58;2828.00;32
7308;57;625905826;7308;209;8202;8235;7.84;0.48;263.99;6.11;894;58;2829.00;33
7310;57;625905843;7310;196;8204;8236;7.85;0.48;264.06;6.13;894;58;2830.00;32
7314;57;625905854;7314;188;8205;8236;7.83;0.48;264.12;6.14;891;58;2831.00;31
7319;57;625905865;7319;183;8215;8249;7.80;0.47;264.05;6.13;896;58;2832.00;34
7322;57;625905877;7322;180;8216;8249;7.81;0.48;264.09;6.15;894;58;2833.00;33
7326;57;625905888;7326;181;8216;8249;7.88;0.48;264.09;6.15;890;58;2834.00;33
7330;57;625905899;7330;178;8218;8251;7.87;0.48;264.09;6.14;888;58;2835.00;33
7332;57;625905910;7332;186;8219;8251;7.94;0.48;264.05;6.16;887;58;2836.00;32
7335;57;625905922;7335;183;8223;8255;7.96;0.48;264.08;6.16;888;58;2837.00;32
7342;57;625905933;7342;183;8224;8255;7.99;0.49;264.17;6.16;882;58;2838.00;31
7343;57;625905944;7343;179;8229;8259;8.02;0.49;264.17;6.17;886;58;2839.00;30
7346;57;625905955;7346;185;8229;8259;8.01;0.49;264.22;6.17;883;58;2840.00;30
7350;57;625905966;7350;188;8229;8259;7.99;0.48;264.26;6.17;879;58;2841.00;30
7353;57;625905977;7353;186;8229;8259;7.97;0.48;264.26;6.17;876;58;2842.00;30
7355;57;625905987;7355;188;8229;8259;7.97;0.48;264.32;6.17;874;58;2843.00;30
7359;57;625905998;7359;188;8239;8271;7.96;0.48;264.37;6.16;880;58;2844.00;32
7363;57;625906011;7363;187;8240;8271;7.95;0.48;264.39;6.16;877;58;2845.00;31
7365;57;625906022;7365;187;8240;8271;8.02;0.49;264.43;6.16;875;58;2846.00;31
7367;57;625906033;7367;193;8240;8271;8.07;0.49;264.45;6.16;873;58;2847.00;31
7371;57;625906044;7371;194;8240;8271;8.08;0.49;264.50;6.16;869;58;2848.00;31
7372;57;625906056;7372;193;8240;8271;8.11;0.49;264.50;6.16;868;58;2849.00;31
7373;57;625906068;7373;203;8243;8274;8.15;0.50;264.51;6.17;870;58;2850.00;31
7377;57;625906080;7377;199;8244;8274;8.15;0.50;264.62;6.18;867;58;2851.00;30
7378;57;625906092;7378;197;8248;8280;8.26;0.50;264.60;6.18;870;58;2852.00;32
7383;57;625906109;7383;199;8251;8281;8.21;0.50;264.66;6.19;868;58;2853.00;30
7386;57;625906121;7386;200;8252;8281;8.17;0.50;264.70;6.21;866;58;2854.00;29
7387;57;625906132;7387;200;8253;8281;8.16;0.50;264.68;6.22;866;58;2855.00;28
7391;57;625906144;7391;204;8257;8285;8.22;0.50;264.74;6.23;866;58;2856.00;28
7392;57;625906155;7392;201;8259;8285;8.27;0.50;264.74;6.26;867;58;2857.00;26
7395;57;625906167;7395;206;8259;8285;8.34;0.51;264.79;6.26;864;58;2858.00;26
7397;57;625906178;7397;205;8261;8286;8.47;0.52;264.77;6.27;864;58;2859.00;25
7402;57;625906189;7402;208;8265;8290;8.44;0.51;264.83;6.28;863;58;2860.00;25
7404;57;625906201;7404;210;8266;8290;8.48;0.52;264.86;6.29;862;58;2861.00;24
7404;57;625906212;7404;217;8269;8293;8.54;0.52;264.86;6.30;865;58;2862.00;24
7405;57;625906223;7405;222;8272;8293;8.51;0.52;264.89;6.31;867;58;2863.00;21
7405;57;625906234;7405;223;8274;8295;8.45;0.52;264.89;6.31;869;58;2864.00;21
7406;57;625906246;7406;228;8276;8295;8.44;0.52;264.91;6.33;870;58;2865.00;19
7406;57;625906257;7406;230;8281;8299;8.45;0.52;264.91;6.34;875;58;2866.00;18
7409;57;625906268;7409;228;8282;8299;8.34;0.51;264.96;6.34;873;58;2867.00;17
7412;57;625906279;7412;232;8282;8299;8.27;0.51;264.94;6.34;870;58;2868.00;17
7413;57;625906290;7413;230;8284;8299;8.19;0.50;264.92;6.36;871;58;2869.00;15
7417;57;625906301;7417;228;8284;8300;8.08;0.49;264.97;6.36;867;58;2870.00;16
7417;57;625906312;7417;225;8287;8301;8.01;0.49;264.97;6.37;870;58;2871.00;14
7420;57;625906323;7420;219;8287;8301;7.88;0.48;264.98;6.37;867;58;2872.00;14
7424;57;625906333;7424;224;8288;8302;7.85;0.48;265.05;6.37;864;58;2873.00;14
7430;57;625906345;7430;218;8290;8302;7.78;0.47;264.95;6.38;860;58;2874.00;12
7432;57;625906355;7432;217;8290;8302;7.75;0.47;265.00;6.38;858;58;2875.00;12
7436;57;625906366;7436;217;8292;8302;7.68;0.47;265.07;6.39;856;58;2876.00;10
7438;57;625906377;7438;216;8292;8302;7.71;0.47;265.08;6.39;854;58;2877.00;10
7440;57;625906388;7440;219;8292;8302;7.75;0.47;265.16;6.39;852;58;2878.00;10
7443;57;625906403;7443;221;8294;8302;7.74;0.47;265.19;6.40;851;58;2879.00;8
7446;57;625906415;7446;258;8390;8532;7.79;0.49;265.21;6.33;944;58;2880.00;142
7450;57;625906443;7450;250;8393;8533;7.75;0.48;265.28;6.33;943;58;2881.00;140
7454;57;625906454;7454;239;8403;8533;7.85;0.49;265.25;6.33;949;58;2882.00;130
7457;57;625906465;7457;241;8409;8533;7.89;0.49;265.37;6.32;952;58;2883.00;124
7460;57;625906476;7460;244;8417;8533;7.83;0.49;265.39;6.33;957;58;2884.00;116
7463;57;625906487;7463;249;8425;8533;7.80;0.48;265.40;6.33;962;58;2885.00;108
7468;57;625906497;7468;248;8432;8533;7.73;0.48;265.47;6.33;964;58;2886.00;101
7472;57;625906508;7472;251;8438;8533;7.65;0.47;265.42;6.33;966;58;2887.00;95
7477;57;625906524;7477;261;8443;8534;7.61;0.47;265.45;6.33;966;58;2888.00;91
7484;57;625906535;7484;267;8449;8535;7.52;0.46;265.51;6.33;965;58;2889.00;86
7487;57;625906547;7487;259;8451;8535;7.45;0.46;265.51;6.34;964;58;2890.00;84
7490;57;625906558;7490;259;8457;8536;7.36;0.46;265.54;6.34;967;58;2891.00;79
7491;57;625906569;7491;260;8467;8536;7.23;0.45;265.56;6.35;976;58;2892.00;69
7494;57;625906580;7494;264;8471;8536;7.11;0.44;265.64;6.35;977;58;2893.00;65
7500;57;625906591;7500;263;8475;8536;6.97;0.43;265.73;6.35;975;58;2894.00;61
7501;57;625906602;7501;275;8480;8540;6.89;0.43;265.74;6.35;979;58;2895.00;60
7504;57;625906614;7504;283;8483;8540;6.79;0.42;265.84;6.36;979;58;2896.00;57
7508;57;625906625;7508;290;8487;8540;6.74;0.42;265.87;6.36;979;58;2897.00;53
7511;57;625906637;7511;287;8491;8543;6.66;0.41;265.97;6.36;980;58;2898.00;52
7515;57;625906649;7515;286;8492;8543;6.69;0.41;266.03;6.37;977;58;2899.00;51
7517;57;625906663;7517;291;8495;8543;6.67;0.41;266.03;6.37;978;58;2900.00;48
7519;57;625906678;7519;291;8498;8547;6.65;0.41;266.09;6.37;979;58;2901.00;49
7523;57;625906690;7523;291;8500;8548;6.66;0.41;266.17;6.37;977;58;2902.00;48
7529;57;625906701;7529;289;8503;8548;6.63;0.41;266.22;6.38;974;58;2903.00;45
7532;57;625906718;7532;287;8507;8552;6.65;0.41;266.24;6.38;975;58;2904.00;45
7538;57;625906738;7538;284;8509;8552;6.71;0.41;266.23;6.38;971;58;2905.00;43
7542;57;625906757;7542;286;8512;8552;6.78;0.41;266.28;6.39;970;58;2906.00;40
7545;57;625906775;7545;284;8513;8553;6.81;0.42;266.26;6.39;968;58;2907.00;40
7551;57;625906795;7551;289;8516;8553;6.79;0.42;266.42;6.39;965;58;2908.00;37
7552;57;625906814;7552;296;8519;8559;6.85;0.42;266.46;6.39;967;58;2909.00;40
7554;57;625906833;7554;297;8522;8559;6.84;0.42;266.51;6.40;968;58;2910.00;37
7560;57;625906847;7560;299;8525;8560;6.73;0.41;266.56;6.41;965;58;2911.00;35
7562;57;625906861;7562;300;8527;8560;6.71;0.41;266.59;6.41;965;58;2912.00;33
7566;57;625906875;7566;304;8527;8560;6.67;0.41;266.63;6.41;961;58;2913.00;33
7568;57;625906887;7568;317;8528;8560;6.65;0.41;266.62;6.42;960;58;2914.00;32
7574;57;625906900;7574;326;8529;8560;6.59;0.40;266.59;6.42;955;58;2915.00;31
7578;57;625906913;7578;338;8542;8572;6.56;0.40;266.60;6.42;964;58;2916.00;30
7584;57;625906927;7584;348;8544;8572;6.50;0.40;266.58;6.44;960;58;2917.00;28
7587;57;625906941;7587;358;8545;8572;6.46;0.40;266.56;6.44;958;58;2918.00;27
7591;57;625906953;7591;370;8546;8572;6.39;0.39;266.65;6.44;955;58;2919.00;26
7593;57;625906966;7593;380;8546;8572;6.28;0.38;266.65;6.44;953;58;2920.00;26
7595;57;625906978;7595;385;8546;8572;6.20;0.38;266.60;6.44;951;58;2921.00;26
7597;57;625906990;7597;385;8550;8576;6.18;0.38;266.61;6.44;953;58;2922.00;26
7599;57;625907002;7599;387;8550;8576;6.14;0.37;266.62;6.44;951;58;2923.00;26
7602;57;625907014;7602;391;8553;8580;6.13;0.37;266.59;6.44;951;58;2924.00;27
7605;57;625907026;7605;400;8556;8582;6.10;0.37;266.58;6.43;951;58;2925.00;26
7609;57;625907038;7609;399;8556;8582;6.03;0.37;266.59;6.43;947;58;2926.00;26
7610;57;625907049;7610;391;8557;8582;6.02;0.37;266.59;6.45;947;58;2927.00;25
7613;57;625907067;7613;385;8565;8595;6.12;0.37;266.59;6.44;952;58;2928.00;30
7616;57;625907081;7616;385;8566;8595;6.05;0.37;266.59;6.44;950;58;2929.00;29
7617;57;625907094;7617;391;8567;8595;6.11;0.37;266.56;6.44;950;58;2930.00;28
7620;57;625907105;7620;391;8568;8596;6.17;0.38;266.58;6.44;948;58;2931.00;28
7623;57;625907118;7623;398;8568;8597;6.17;0.38;266.50;6.44;945;58;2932.00;29
7627;57;625907130;7627;404;8568;8597;6.17;0.38;266.44;6.44;941;58;2933.00;29
7629;57;625907141;7629;405;8570;8600;6.21;0.38;266.40;6.44;941;58;2934.00;30
7629;57;625907153;7629;404;8571;8600;6.25;0.38;266.40;6.44;942;58;2935.00;29
7632;57;625907165;7632;412;8572;8600;6.23;0.38;266.33;6.44;940;58;2936.00;28
7634;57;625907176;7634;405;8572;8600;6.22;0.38;266.32;6.44;938;58;2937.00;28
7635;57;625907188;7635;407;8576;8606;6.24;0.38;266.29;6.44;941;58;2938.00;30
7636;57;625907200;7636;405;8576;8606;6.27;0.39;266.26;6.44;940;58;2939.00;30
7637;57;625907214;7637;403;8578;8606;6.32;0.39;266.25;6.45;941;58;2940.00;28
7638;57;625907226;7638;402;8578;8606;6.35;0.39;266.25;6.45;940;58;2941.00;28
7641;57;625907238;7641;402;8581;8610;6.35;0.39;266.25;6.44;940;58;2942.00;29
7642;57;625907251;7642;403;8582;8611;6.36;0.39;266.25;6.44;940;58;2943.00;29
7644;57;625907264;7644;407;8582;8611;6.38;0.39;266.20;6.44;938;58;2944.00;29
7647;57;625907275;7647;420;8583;8612;6.36;0.39;266.19;6.44;936;58;2945.00;29
7651;57;625907293;7651;402;8583;8612;6.38;0.39;266.17;6.44;932;58;2946.00;29
7654;57;625907305;7654;387;8584;8612;6.39;0.39;266.10;6.45;930;58;2947.00;28
7657;57;625907317;7657;377;8584;8612;6.44;0.39;266.08;6.45;927;58;2948.00;28
7658;57;625907328;7658;370;8584;8612;6.49;0.40;266.11;6.45;926;58;2949.00;28
7658;57;625907340;7658;364;8584;8612;6.54;0.40;266.11;6.45;926;58;2950.00;28
7659;57;625907352;7659;358;8584;8612;6.62;0.40;266.13;6.45;925;58;2951.00;28
7661;57;625907364;7661;361;8615;8682;6.79;0.41;266.13;6.43;954;58;2952.00;67
7663;57;625907381;7663;360;8615;8683;6.88;0.42;266.13;6.43;952;58;2953.00;68
7665;57;625907394;7665;351;8621;8683;6.95;0.42;266.13;6.42;956;58;2954.00;62
7667;57;625907407;7667;339;8624;8683;7.02;0.43;266.12;6.42;957;58;2955.00;59
7669;57;625907419;7669;328;8627;8683;7.09;0.43;266.11;6.42;958;58;2956.00;56
7670;57;625907432;7670;322;8631;8683;7.22;0.44;266.13;6.42;961;58;2957.00;52
7671;57;625907446;7671;313;8633;8683;7.30;0.44;266.13;6.42;962;58;2958.00;50
7672;57;625907459;7672;302;8635;8683;7.44;0.45;266.12;6.42;963;58;2959.00;48
7672;57;625907475;7672;296;8638;8684;7.58;0.46;266.12;6.42;966;58;2960.00;46
7672;57;625907488;7672;285;8640;8685;7.65;0.47;266.12;6.42;968;58;2961.00;45
7675;57;625907507;7675;281;8643;8685;7.74;0.47;266.10;6.42;968;58;2962.00;42
7675;57;625907521;7675;279;8647;8689;7.79;0.47;266.10;6.42;972;58;2963.00;42
7676;57;625907534;7676;280;8647;8689;7.82;0.48;266.09;6.42;971;58;2964.00;42
7678;57;625907547;7678;277;8647;8689;7.86;0.48;266.05;6.42;969;58;2965.00;42
7680;57;625907566;7680;278;8648;8689;7.88;0.48;266.12;6.43;968;58;2966.00;41
7680;57;625907578;7680;273;8651;8695;7.90;0.48;266.12;6.43;971;58;2967.00;44
7683;57;625907592;7683;274;8651;8695;7.87;0.48;266.10;6.43;968;58;2968.00;44
7684;57;625907612;7684;275;8652;8695;7.78;0.47;266.10;6.43;968;58;2969.00;43
7687;57;625907626;7687;272;8656;8701;7.75;0.47;266.07;6.43;969;58;2970.00;45
7687;57;625907641;7687;275;8657;8701;7.76;0.47;266.07;6.43;970;58;2971.00;44
7691;57;625907653;7691;282;8657;8701;7.70;0.47;266.10;6.43;966;58;2972.00;44
7691;57;625907667;7691;285;8659;8702;7.68;0.47;266.10;6.44;968;58;2973.00;43
7691;57;625907686;7691;289;8660;8703;7.69;0.47;266.10;6.44;969;58;2974.00;43
7692;57;625907698;7692;293;8661;8703;7.72;0.47;266.07;6.44;969;58;2975.00;42
7693;57;625907711;7693;296;8670;8716;7.70;0.47;266.12;6.45;977;58;2976.00;46
7695;57;625907727;7695;290;8671;8716;7.68;0.47;266.16;6.45;976;58;2977.00;45
7697;57;625907740;7697;290;8671;8716;7.62;0.46;266.13;6.45;974;58;2978.00;45
7703;57;625907752;7703;296;8672;8717;7.56;0.46;266.11;6.45;969;58;2979.00;45
7704;57;625907766;7704;295;8672;8717;7.55;0.46;266.11;6.45;968;58;2980.00;45
7711;57;625907779;7711;292;8675;8721;7.54;0.46;266.11;6.46;964;58;2981.00;46
7714;57;625907792;7714;289;8675;8721;7.52;0.46;266.16;6.46;961;58;2982.00;46
7717;57;625907804;7717;284;8679;8725;7.52;0.46;266.33;6.45;962;58;2983.00;46
7721;57;625907817;7721;284;8679;8725;7.49;0.46;266.39;6.45;958;58;2984.00;46
7725;57;625907829;7725;277;8679;8725;7.42;0.45;266.39;6.45;954;58;2985.00;46
7727;57;625907841;7727;278;8679;8725;7.40;0.45;266.42;6.45;952;58;2986.00;46
7731;57;625907853;7731;273;8679;8725;7.37;0.45;266.44;6.45;948;58;2987.00;46
7735;57;625907865;7735;275;8689;8737;7.36;0.45;266.46;6.45;954;58;2988.00;48
7736;57;625907877;7736;272;8690;8737;7.36;0.45;266.44;6.45;954;58;2989.00;47
7741;57;625907888;7741;266;8691;8737;7.39;0.45;266.50;6.45;950;58;2990.00;46
7744;57;625907900;7744;269;8691;8737;7.40;0.45;266.51;6.45;947;58;2991.00;46
7749;57;625907911;7749;267;8691;8737;7.41;0.45;266.62;6.45;942;58;2992.00;46
7751;57;625907922;7751;259;8692;8737;7.39;0.45;266.64;6.46;941;58;2993.00;45
7759;57;625907933;7759;246;8694;8738;7.28;0.44;266.67;6.47;935;58;2994.00;44
7759;57;625907945;7759;249;8696;8738;7.27;0.44;266.67;6.49;937;58;2995.00;42
7762;57;625907957;7762;239;8699;8744;7.34;0.45;266.68;6.49;937;58;2996.00;45
7765;57;625907969;7765;243;8701;8745;7.36;0.45;266.72;6.49;936;58;2997.00;44
7767;57;625907986;7767;234;8701;8745;7.44;0.45;266.78;6.49;934;58;2998.00;44
7770;57;625907998;7770;229;8702;8745;7.51;0.46;266.81;6.50;932;58;2999.00;43
7774;57;625908011;7774;219;8706;8765;7.59;0.46;266.87;6.50;932;58;3000.00;59
7775;57;625908030;7775;211;8707;8765;7.68;0.47;266.86;6.51;932;58;3001.00;58
7778;57;625908041;7778;202;8708;8765;7.77;0.47;266.87;6.51;930;58;3002.00;57
7781;57;625908053;7781;193;8709;8766;7.81;0.47;267.02;6.51;928;58;3003.00;57
7783;57;625908064;7783;192;8713;8770;7.87;0.48;266.98;6.52;930;58;3004.00;57
7787;57;625908076;7787;186;8713;8770;7.93;0.48;266.99;6.52;926;58;3005.00;57
7790;57;625908088;7790;185;8717;8773;7.98;0.48;266.95;6.53;927;58;3006.00;56
7794;57;625908100;7794;183;8717;8773;8.00;0.48;266.98;6.53;923;58;3007.00;56
7796;57;625908112;7796;185;8719;8773;8.04;0.49;266.99;6.54;923;58;3008.00;54
7799;57;625908124;7799;183;8722;8773;8.11;0.49;267.08;6.56;923;58;3009.00;51
7801;57;625908136;7801;189;8725;8777;8.27;0.50;267.06;6.58;924;58;3010.00;52
7803;57;625908148;7803;189;8728;8777;8.36;0.51;267.05;6.59;925;58;3011.00;49
7807;57;625908160;7807;189;8729;8777;8.44;0.51;267.08;6.59;922;58;3012.00;48
7807;57;625908173;7807;191;8732;8777;8.54;0.52;267.08;6.60;925;58;3013.00;45
7812;57;625908185;7812;192;8735;8778;8.53;0.52;267.20;6.60;923;58;3014.00;43
7815;57;625908197;7815;190;8740;8780;8.53;0.52;267.18;6.60;925;58;3015.00;40
7817;57;625908210;7817;191;8740;8780;8.52;0.51;267.20;6.60;923;58;3016.00;40
7821;57;625908222;7821;192;8741;8781;8.54;0.52;267.20;6.60;920;58;3017.00;40
7824;57;625908235;7824;192;8742;8781;8.59;0.52;267.28;6.60;918;58;3018.00;39
7826;57;625908247;7826;195;8744;8781;8.58;0.52;267.29;6.62;918;58;3019.00;37
7827;57;625908260;7827;197;8745;8781;8.63;0.52;267.30;6.63;918;58;3020.00;36
7830;57;625908279;7830;199;8745;8781;8.69;0.53;267.43;6.63;915;58;3021.00;36
7831;57;625908292;7831;204;8747;8781;8.70;0.53;267.41;6.66;916;58;3022.00;34
7833;57;625908304;7833;205;8748;8781;8.76;0.53;267.53;6.66;915;58;3023.00;33
7837;57;625908317;7837;217;8811;8908;8.69;0.53;267.60;6.61;974;58;3024.00;97
7838;57;625908346;7838;205;8817;8909;8.69;0.53;267.59;6.64;979;58;3025.00;92
7843;57;625908358;7843;193;8821;8909;8.78;0.54;267.78;6.64;978;58;3026.00;88
7846;57;625908371;7846;194;8825;8909;8.81;0.54;267.82;6.65;979;58;3027.00;84
7847;57;625908384;7847;197;8834;8909;8.86;0.54;267.82;6.66;987;58;3028.00;75
7850;57;625908397;7850;193;8839;8909;8.89;0.55;267.94;6.67;989;58;3029.00;70
7855;57;625908412;7855;204;8845;8909;8.90;0.55;268.03;6.68;990;58;3030.00;64
7857;57;625908425;7857;211;8849;8909;8.91;0.55;268.00;6.69;992;58;3031.00;60
7859;58;625908438;7859;213;8852;8910;8.96;0.55;268.00;6.69;993;59;3032.00;58
7861;58;625908462;7861;218;8859;8911;8.96;0.55;268.05;6.71;998;59;3033.00;52
7863;58;625908476;7863;222;8863;8911;8.95;0.55;268.11;6.71;1000;59;3034.00;48
7866;58;625908493;7866;226;8865;8912;8.90;0.55;268.11;6.71;999;59;3035.00;47
7870;58;625908506;7870;234;8867;8912;8.80;0.54;268.09;6.72;997;59;3036.00;45
7872;58;625908521;7872;236;8873;8912;8.75;0.54;268.09;6.74;1001;59;3037.00;39
7875;58;625908534;7875;246;8875;8912;8.61;0.53;268.15;6.74;1000;59;3038.00;37
7878;58;625908547;7878;250;8882;8916;8.47;0.52;268.18;6.75;1004;59;3039.00;34
7880;58;625908560;7880;254;8882;8916;8.37;0.52;268.20;6.75;1002;59;3040.00;34
7881;58;625908579;7881;260;8887;8916;8.33;0.51;268.21;6.78;1006;59;3041.00;29
7885;58;625908591;7885;263;8889;8919;8.27;0.51;268.24;6.77;1004;59;3042.00;30
7890;58;625908605;7890;265;8891;8919;8.19;0.50;268.27;6.78;1001;59;3043.00;28
7891;58;625908618;7891;271;8892;8919;8.17;0.50;268.25;6.78;1001;59;3044.00;27
7894;58;625908631;7894;273;8898;8923;8.06;0.50;268.32;6.80;1004;59;3045.00;25
7900;58;625908645;7900;271;8900;8924;8.01;0.49;268.36;6.80;1000;59;3046.00;24
7902;58;625908658;7902;270;8900;8924;7.94;0.49;268.33;6.80;998;59;3047.00;24
7906;58;625908671;7906;276;8904;8928;7.88;0.48;268.34;6.80;998;59;3048.00;24
7908;58;625908683;7908;280;8906;8928;7.84;0.48;268.35;6.81;998;59;3049.00;22
7912;58;625908696;7912;277;8907;8928;7.79;0.48;268.40;6.81;995;59;3050.00;21
7915;58;625908709;7915;277;8910;8929;7.70;0.47;268.44;6.82;995;59;3051.00;19
7922;58;625908726;7922;285;8910;8929;7.59;0.46;268.44;6.82;988;59;3052.00;19
7928;58;625908748;7928;290;8915;8935;7.47;0.46;268.49;6.82;987;59;3053.00;20
7931;58;625908769;7931;295;8916;8935;7.37;0.45;268.47;6.82;985;59;3054.00;19
7935;58;625908784;7935;292;8919;8936;7.25;0.44;268.52;6.82;984;59;3055.00;17
7939;58;625908803;7939;293;8919;8936;7.13;0.44;268.61;6.82;980;59;3056.00;17
7942;58;625908822;7942;298;8920;8936;6.94;0.42;268.64;6.83;978;59;3057.00;16
7949;58;625908845;7949;296;8921;8936;6.78;0.41;268.69;6.83;972;59;3058.00;15
7953;58;625908858;7953;319;8921;8936;6.64;0.41;268.87;6.83;968;59;3059.00;15
7958;58;625908871;7958;314;8945;8972;6.60;0.40;268.91;6.82;987;59;3060.00;27
7962;58;625908886;7962;317;8947;8972;6.49;0.40;269.07;6.82;985;59;3061.00;25
7964;58;625908898;7964;319;8950;8972;6.46;0.40;269.12;6.82;986;59;3062.00;22
7969;58;625908910;7969;326;8952;8972;6.37;0.39;269.19;6.82;983;59;3063.00;20
7971;58;625908921;7971;334;8954;8972;6.32;0.39;269.21;6.82;983;59;3064.00;18
7975;58;625908933;7975;341;8954;8972;6.24;0.38;269.26;6.82;979;59;3065.00;18
7979;58;625908945;7979;350;8959;8976;6.26;0.38;269.32;6.82;980;59;3066.00;17
7980;58;625908956;7980;343;8961;8976;6.24;0.38;269.30;6.82;981;59;3067.00;15
7986;58;625908967;7986;338;8963;8980;6.22;0.38;269.32;6.82;977;59;3068.00;17
7987;58;625908981;7987;336;8966;8981;6.24;0.38;269.32;6.83;979;59;3069.00;15
7989;58;625908992;7989;333;8967;8981;6.23;0.38;269.37;6.83;978;59;3070.00;14
7993;58;625909003;7993;335;8968;8981;6.22;0.38;269.42;6.83;975;59;3071.00;13
7996;58;625909015;7996;331;8979;8994;6.27;0.39;269.41;6.82;983;59;3072.00;15
8000;58;625909027;8000;338;8979;8994;6.25;0.38;269.42;6.82;979;59;3073.00;15
8005;58;625909039;8005;338;8979;8994;6.18;0.38;269.46;6.82;974;59;3074.00;15
8006;58;625909051;8006;332;8980;8995;6.15;0.38;269.45;6.82;974;59;3075.00;15
8009;58;625909062;8009;338;8980;8996;6.09;0.38;269.46;6.82;971;59;3076.00;16
8011;58;625909074;8011;340;8980;8996;6.07;0.37;269.50;6.82;969;59;3077.00;16
8016;58;625909085;8016;338;8982;8999;6.05;0.37;269.45;6.81;966;59;3078.00;17
8018;58;625909097;8018;342;8982;8999;6.10;0.38;269.44;6.81;964;59;3079.00;17
8021;58;625909108;8021;347;8983;8999;6.06;0.37;269.47;6.81;962;59;3080.00;16
8025;58;625909120;8025;346;8983;8999;6.05;0.37;269.47;6.81;958;59;3081.00;16
8030;58;625909132;8030;350;8987;9005;6.05;0.37;269.45;6.81;957;59;3082.00;18
8037;58;625909144;8037;350;8987;9005;5.99;0.37;269.38;6.81;950;59;3083.00;18
8041;58;625909156;8041;351;8988;9005;5.95;0.37;269.33;6.81;947;59;3084.00;17
8044;58;625909167;8044;354;8988;9005;5.96;0.37;269.29;6.81;944;59;3085.00;17
8050;58;625909178;8050;365;8991;9009;5.91;0.36;269.29;6.81;941;59;3086.00;18
8055;58;625909190;8055;379;8992;9010;5.81;0.36;269.21;6.81;937;59;3087.00;18
8057;58;625909202;8057;383;8992;9010;5.72;0.35;269.29;6.81;935;59;3088.00;18
8060;58;625909213;8060;379;8993;9011;5.69;0.35;269.29;6.81;933;59;3089.00;18
8064;58;625909226;8064;374;8993;9011;5.63;0.35;269.24;6.81;929;59;3090.00;18
8068;58;625909237;8068;380;8993;9011;5.62;0.34;269.18;6.81;925;59;3091.00;18
8072;58;625909249;8072;387;8993;9011;5.63;0.35;269.15;6.81;921;59;3092.00;18
8077;58;625909260;8077;390;8993;9011;5.67;0.35;269.12;6.81;916;59;3093.00;18
8080;58;625909273;8080;395;8993;9011;5.76;0.35;269.13;6.81;913;59;3094.00;18
8082;58;625909284;8082;398;8993;9011;5.82;0.36;269.15;6.81;911;59;3095.00;18
8085;58;625909295;8085;408;9031;9081;6.07;0.37;269.15;6.78;946;59;3096.00;50
8087;58;625909313;8087;404;9032;9082;6.11;0.37;269.16;6.78;945;59;3097.00;50
8087;58;625909325;8087;402;9041;9082;6.23;0.38;269.16;6.77;954;59;3098.00;41
8090;58;625909337;8090;406;9042;9082;6.24;0.38;269.13;6.77;952;59;3099.00;40
8092;58;625909350;8092;407;9048;9082;6.34;0.39;269.19;6.77;956;59;3100.00;34
8093;58;625909366;8093;404;9052;9082;6.40;0.39;269.20;6.77;959;59;3101.00;30
8097;58;625909377;8097;409;9056;9082;6.41;0.39;269.19;6.77;959;59;3102.00;26
8099;58;625909389;8099;416;9057;9082;6.41;0.39;269.13;6.77;958;59;3103.00;25
8100;58;625909401;8100;423;9059;9083;6.37;0.39;269.11;6.77;959;59;3104.00;24
8105;58;625909413;8105;431;9061;9085;6.30;0.38;269.15;6.77;956;59;3105.00;24
8106;58;625909425;8106;436;9062;9085;6.23;0.38;269.16;6.77;956;59;3106.00;23
8108;58;625909437;8108;418;9065;9089;6.22;0.38;269.18;6.77;957;59;3107.00;24
8110;58;625909449;8110;401;9065;9089;6.20;0.38;269.14;6.77;955;59;3108.00;24
8111;58;625909462;8111;392;9065;9089;6.22;0.38;269.14;6.77;954;59;3109.00;24
8111;58;625909480;8111;389;9065;9089;6.31;0.38;269.14;6.77;954;59;3110.00;24
8111;58;625909493;8111;376;9069;9095;6.40;0.39;269.14;6.76;958;59;3111.00;26
8112;58;625909506;8112;371;9070;9095;6.52;0.40;269.11;6.76;958;59;3112.00;25
8114;58;625909520;8114;361;9070;9095;6.64;0.41;269.19;6.76;956;59;3113.00;25
8116;58;625909541;8116;352;9073;9098;6.80;0.42;269.19;6.76;957;59;3114.00;25
8117;58;625909558;8117;345;9073;9098;6.95;0.43;269.20;6.76;956;59;3115.00;25
8121;58;625909573;8121;327;9073;9098;7.04;0.43;269.16;6.76;952;59;3116.00;25
8124;58;625909588;8124;306;9073;9099;7.17;0.44;269.12;6.76;949;59;3117.00;26
8127;58;625909601;8127;290;9074;9100;7.30;0.45;269.09;6.76;947;59;3118.00;26
8129;58;625909617;8129;283;9074;9100;7.45;0.45;269.07;6.76;945;59;3119.00;26
8129;58;625909632;8129;278;9094;9126;7.70;0.47;269.07;6.75;965;59;3120.00;32
8133;58;625909648;8133;269;9094;9126;7.80;0.48;269.10;6.75;961;59;3121.00;32
8134;58;625909669;8134;264;9095;9126;7.95;0.49;269.10;6.75;961;59;3122.00;31
8136;58;625909682;8136;265;9097;9127;8.10;0.49;269.06;6.74;961;59;3123.00;30
8137;58;625909697;8137;262;9097;9127;8.21;0.50;269.05;6.74;960;59;3124.00;30
8140;58;625909711;8140;255;9100;9131;8.24;0.50;269.04;6.74;960;59;3125.00;31
8141;58;625909728;8141;256;9100;9131;8.34;0.51;269.04;6.74;959;59;3126.00;31
8145;58;625909742;8145;250;9105;9135;8.39;0.51;269.01;6.77;960;59;3127.00;30
8146;58;625909763;8146;246;9105;9135;8.42;0.51;268.98;6.77;959;59;3128.00;30
8150;58;625909776;8150;241;9105;9135;8.39;0.51;269.07;6.77;955;59;3129.00;30
8151;58;625909791;8151;235;9105;9135;8.38;0.51;269.07;6.77;954;59;3130.00;30
8153;58;625909804;8153;231;9105;9135;8.36;0.51;269.06;6.77;952;59;3131.00;30
8156;58;625909818;8156;239;9114;9147;8.35;0.51;269.02;6.76;958;59;3132.00;33
8157;58;625909832;8157;241;9114;9147;8.38;0.51;269.06;6.76;957;59;3133.00;33
8162;58;625909846;8162;245;9116;9147;8.42;0.51;269.07;6.76;954;59;3134.00;31
8167;58;625909860;8167;246;9116;9147;8.44;0.51;269.20;6.76;949;59;3135.00;31
8171;58;625909873;8171;243;9116;9147;8.45;0.52;269.21;6.76;945;59;3136.00;31
8174;58;625909885;8174;249;9116;9147;8.40;0.51;269.20;6.76;942;59;3137.00;31
8180;58;625909898;8180;249;9117;9148;8.40;0.51;269.26;6.79;937;59;3138.00;31
8185;58;625909911;8185;245;9117;9148;8.33;0.51;269.30;6.79;932;59;3139.00;31
8187;58;625909924;8187;249;9121;9154;8.35;0.51;269.28;6.78;934;59;3140.00;33
8191;58;625909938;8191;249;9122;9155;8.40;0.51;269.38;6.78;931;59;3141.00;33
8192;58;625909954;8192;252;9123;9155;8.39;0.51;269.43;6.78;931;59;3142.00;32
8195;58;625909967;8195;253;9123;9155;8.33;0.51;269.47;6.78;928;59;3143.00;32
8197;58;625909979;8197;256;9126;9159;8.31;0.50;269.49;6.78;929;59;3144.00;33
8200;58;625909992;8200;262;9126;9159;8.27;0.50;269.57;6.78;926;59;3145.00;33
8202;58;625910005;8202;271;9126;9159;8.23;0.50;269.60;6.78;924;59;3146.00;33
8203;58;625910016;8203;273;9127;9160;8.19;0.50;269.65;6.78;924;59;3147.00;33
8204;58;625910028;8204;271;9130;9164;8.09;0.49;269.68;6.78;926;59;3148.00;34
8206;58;625910041;8206;270;9130;9164;8.04;0.49;269.70;6.78;924;59;3149.00;34
8208;58;625910055;8208;269;9133;9170;7.95;0.48;269.73;6.78;925;59;3150.00;37
8211;58;625910068;8211;270;9133;9170;7.91;0.48;269.80;6.78;922;59;3151.00;37
8212;58;625910081;8212;272;9134;9170;7.88;0.48;269.84;6.78;922;59;3152.00;36
8213;58;625910092;8213;273;9134;9170;7.87;0.48;269.87;6.78;921;59;3153.00;36
8215;58;625910104;8215;268;9137;9174;7.89;0.48;269.94;6.77;922;59;3154.00;37
8217;58;625910116;8217;271;9137;9174;7.94;0.48;269.95;6.77;920;59;3155.00;37
8222;58;625910128;8222;267;9138;9174;7.94;0.48;270.07;6.77;916;59;3156.00;36
8224;58;625910140;8224;268;9138;9174;7.99;0.49;270.07;6.77;914;59;3157.00;36
8228;58;625910152;8228;269;9139;9175;7.95;0.48;270.16;6.77;911;59;3158.00;36
8228;58;625910165;8228;263;9140;9176;7.95;0.48;270.16;6.77;912;59;3159.00;36
8230;58;625910178;8230;260;9141;9176;7.89;0.48;270.20;6.77;911;59;3160.00;35
8233;58;625910189;8233;260;9142;9177;7.87;0.48;270.18;6.77;909;59;3161.00;35
8238;58;625910201;8238;257;9142;9177;7.76;0.47;270.17;6.77;904;59;3162.00;35
8240;58;625910213;8240;250;9142;9177;7.71;0.47;270.15;6.77;902;59;3163.00;35
8244;59;625910223;8244;244;9143;9177;7.63;0.46;270.23;6.78;899;60;3164.00;34
8248;59;625910243;8248;238;9144;9177;7.62;0.46;270.26;6.80;896;60;3165.00;33
8252;59;625910254;8252;228;9144;9177;7.65;0.46;270.33;6.80;892;60;3166.00;33
8259;59;625910270;8259;231;9144;9177;7.68;0.47;270.36;6.80;885;60;3167.00;33
8263;59;625910282;8263;247;9215;9304;7.77;0.48;270.52;6.74;952;60;3168.00;89
8268;59;625910303;8268;229;9215;9305;7.76;0.48;270.57;6.74;947;60;3169.00;90
8273;59;625910316;8273;217;9220;9305;7.82;0.48;270.53;6.74;947;60;3170.00;85
8275;59;625910328;8275;211;9225;9305;7.95;0.49;270.59;6.74;950;60;3171.00;80
8278;59;625910340;8278;205;9230;9305;8.08;0.50;270.63;6.74;952;60;3172.00;75
8278;59;625910352;8278;202;9234;9305;8.22;0.50;270.63;6.74;956;60;3173.00;71
8282;59;625910364;8282;197;9239;9305;8.30;0.51;270.63;6.74;957;60;3174.00;66
8286;59;625910377;8286;197;9241;9305;8.39;0.51;270.61;6.74;955;60;3175.00;64
8287;59;625910389;8287;193;9246;9306;8.52;0.52;270.61;6.74;959;60;3176.00;60
8289;59;625910402;8289;199;9249;9307;8.55;0.52;270.60;6.74;960;60;3177.00;58
8294;59;625910414;8294;199;9252;9307;8.64;0.53;270.63;6.74;958;60;3178.00;55
8295;59;625910426;8295;202;9253;9308;8.68;0.53;270.61;6.74;958;60;3179.00;55
8298;59;625910441;8298;201;9255;9308;8.68;0.53;270.64;6.74;957;60;3180.00;53
8300;59;625910453;8300;210;9257;9308;8.66;0.53;270.64;6.74;957;60;3181.00;51
8301;59;625910466;8301;214;9259;9308;8.66;0.53;270.69;6.74;958;60;3182.00;49
8307;59;625910479;8307;210;9263;9312;8.60;0.52;270.68;6.74;956;60;3183.00;49
8308;59;625910492;8308;226;9265;9312;8.59;0.52;270.70;6.75;957;60;3184.00;47
8311;59;625910505;8311;228;9265;9312;8.58;0.52;270.69;6.75;954;60;3185.00;47
8313;59;625910518;8313;232;9269;9315;8.59;0.52;270.69;6.76;956;60;3186.00;46
8318;59;625910531;8318;234;9269;9315;8.59;0.52;270.68;6.76;951;60;3187.00;46
8318;59;625910544;8318;238;9271;9315;8.58;0.52;270.68;6.77;953;60;3188.00;44
8321;59;625910562;8321;243;9275;9319;8.56;0.52;270.67;6.77;954;60;3189.00;44
8323;59;625910575;8323;246;9277;9320;8.59;0.52;270.72;6.77;954;60;3190.00;43
8325;59;625910588;8325;246;9280;9322;8.63;0.52;270.76;6.79;955;60;3191.00;42
8328;59;625910601;8328;249;9284;9326;8.57;0.52;270.82;6.78;956;60;3192.00;42
8329;59;625910615;8329;242;9286;9326;8.57;0.52;270.85;6.81;957;60;3193.00;40
8332;59;625910632;8332;248;9286;9326;8.60;0.52;270.96;6.81;954;60;3194.00;40
8336;59;625910646;8336;246;9289;9328;8.60;0.52;270.97;6.82;953;60;3195.00;39
8339;59;625910660;8339;248;9290;9328;8.63;0.53;271.01;6.83;951;60;3196.00;38
8343;59;625910673;8343;249;9296;9334;8.67;0.53;271.09;6.84;953;60;3197.00;38
8345;59;625910692;8345;247;9297;9334;8.65;0.53;271.17;6.84;952;60;3198.00;37
8346;59;625910703;8346;255;9299;9335;8.58;0.52;271.17;6.86;953;60;3199.00;36
8348;59;625910717;8348;257;9299;9335;8.49;0.52;271.26;6.86;951;60;3200.00;36
8354;59;625910745;8354;255;9301;9335;8.40;0.52;271.32;6.87;947;60;3201.00;34
8356;59;625910766;8356;255;9301;9335;8.32;0.51;271.35;6.87;945;60;3202.00;34
8357;59;625910786;8357;262;9302;9335;8.29;0.51;271.34;6.88;945;60;3203.00;33
8360;59;625910805;8360;266;9313;9347;8.26;0.51;271.31;6.88;953;60;3204.00;34
8364;59;625910824;8364;268;9314;9347;8.18;0.50;271.40;6.89;950;60;3205.00;33
8367;59;625910843;8367;275;9315;9347;8.10;0.50;271.38;6.89;948;60;3206.00;32
8369;59;625910855;8369;275;9316;9347;8.04;0.49;271.44;6.90;947;60;3207.00;31
8374;59;625910867;8374;286;9318;9347;7.97;0.49;271.50;6.91;944;60;3208.00;29
8379;59;625910881;8379;292;9319;9347;7.92;0.48;271.50;6.92;940;60;3209.00;28
8381;59;625910895;8381;291;9322;9351;7.84;0.48;271.55;6.92;941;60;3210.00;29
8383;59;625910908;8383;287;9323;9351;7.78;0.48;271.58;6.93;940;60;3211.00;28
8385;59;625910919;8385;292;9328;9355;7.76;0.48;271.62;6.94;943;60;3212.00;27
8388;59;625910932;8388;297;9330;9356;7.74;0.48;271.64;6.95;942;60;3213.00;26
8393;59;625910948;8393;301;9332;9356;7.70;0.47;271.68;6.95;939;60;3214.00;24
8396;59;625910967;8396;302;9332;9356;7.65;0.47;271.67;6.95;936;60;3215.00;24
8399;59;625910979;8399;306;9344;9369;7.62;0.47;271.69;6.96;945;60;3216.00;25
8403;59;625910991;8403;302;9345;9369;7.64;0.47;271.71;6.96;942;60;3217.00;24
8407;59;625911002;8407;299;9348;9369;7.70;0.47;271.74;6.97;941;60;3218.00;21
8408;59;625911014;8408;298;9349;9370;7.68;0.47;271.75;6.97;941;60;3219.00;21
8409;59;625911025;8409;297;9350;9371;7.62;0.46;271.75;6.97;941;60;3220.00;21
8411;59;625911036;8411;312;9350;9371;7.53;0.46;271.77;6.97;939;60;3221.00;21
8414;59;625911047;8414;313;9352;9374;7.43;0.45;271.79;6.97;938;60;3222.00;22
8417;59;625911058;8417;316;9353;9374;7.35;0.45;271.85;6.97;936;60;3223.00;21
8422;59;625911068;8422;327;9355;9374;7.24;0.44;271.86;6.98;933;60;3224.00;19
8426;59;625911079;8426;327;9355;9374;7.19;0.44;272.01;6.98;929;60;3225.00;19
8432;59;625911089;8432;334;9362;9380;7.11;0.43;272.06;6.99;930;60;3226.00;18
8436;59;625911100;8436;336;9362;9380;6.98;0.43;272.09;6.99;926;60;3227.00;18
8439;59;625911111;8439;337;9364;9380;6.76;0.41;272.08;6.99;925;60;3228.00;16
8443;59;625911121;8443;340;9365;9380;6.57;0.40;272.09;6.99;922;60;3229.00;15
8447;59;625911131;8447;334;9369;9384;6.43;0.39;272.09;6.99;922;60;3230.00;15
8450;59;625911141;8450;323;9370;9385;6.32;0.39;272.13;6.99;920;60;3231.00;15
8455;59;625911151;8455;331;9372;9385;6.22;0.38;272.12;6.99;917;60;3232.00;13
8458;59;625911162;8458;326;9373;9386;6.20;0.38;272.16;6.99;915;60;3233.00;13
8460;59;625911172;8460;334;9373;9386;6.18;0.38;272.16;6.99;913;60;3234.00;13
8463;59;625911182;8463;335;9375;9386;6.19;0.38;272.16;6.99;912;60;3235.00;11
8469;59;625911193;8469;344;9375;9386;6.11;0.38;272.08;6.99;906;60;3236.00;11
8472;59;625911204;8472;338;9375;9386;6.11;0.37;272.01;6.99;903;60;3237.00;11
8475;59;625911215;8475;341;9375;9386;6.14;0.38;271.98;6.99;900;60;3238.00;11
8478;59;625911225;8478;341;9375;9386;6.13;0.38;271.99;6.99;897;60;3239.00;11
8481;59;625911237;8481;345;9425;9511;6.47;0.40;272.02;6.95;944;60;3240.00;86
8483;59;625911257;8483;348;9429;9512;6.48;0.40;272.06;6.95;946;60;3241.00;83
8489;59;625911268;8489;350;9442;9512;6.59;0.41;272.01;6.94;953;60;3242.00;70
8492;59;625911279;8492;353;9453;9512;6.57;0.40;272.01;6.94;961;60;3243.00;59
8497;59;625911295;8497;361;9458;9512;6.53;0.40;271.98;6.94;961;60;3244.00;54
8500;59;625911307;8500;375;9463;9512;6.47;0.40;271.95;6.94;963;60;3245.00;49
8503;59;625911325;8503;375;9467;9512;6.46;0.40;271.95;6.94;964;60;3246.00;45
8505;59;625911336;8505;373;9467;9512;6.40;0.39;271.94;6.94;962;60;3247.00;45
8509;59;625911346;8509;369;9472;9513;6.33;0.39;271.92;6.94;963;60;3248.00;41
8512;59;625911357;8512;367;9475;9514;6.27;0.39;271.93;6.97;963;60;3249.00;39
8514;59;625911369;8514;365;9477;9514;6.25;0.39;271.89;6.97;963;60;3250.00;37
8518;59;625911381;8518;367;9480;9518;6.24;0.39;271.93;6.97;962;60;3251.00;38
8522;59;625911393;8522;373;9481;9518;6.18;0.38;271.96;6.97;959;60;3252.00;37
8523;59;625911404;8523;378;9484;9518;6.14;0.38;271.98;6.97;961;60;3253.00;34
8527;59;625911415;8527;386;9484;9518;6.08;0.38;271.98;6.97;957;60;3254.00;34
8528;59;625911426;8528;390;9487;9524;6.09;0.38;272.00;6.97;959;60;3255.00;37
8530;59;625911438;8530;399;9488;9524;6.05;0.37;272.00;6.97;958;60;3256.00;36
8534;59;625911448;8534;403;9489;9524;6.01;0.37;272.11;6.97;955;60;3257.00;35
8536;59;625911460;8536;410;9491;9527;6.00;0.37;272.10;6.97;955;60;3258.00;36
8539;59;625911472;8539;400;9492;9527;5.93;0.37;272.13;6.97;953;60;3259.00;35
8546;59;625911484;8546;381;9492;9527;5.87;0.36;272.14;6.97;946;60;3260.00;35
8547;59;625911495;8547;379;9493;9528;5.92;0.37;272.20;6.97;946;60;3261.00;35
8553;59;625911507;8553;373;9495;9529;5.94;0.37;272.11;6.97;942;60;3262.00;34
8558;59;625911520;8558;365;9495;9529;5.99;0.37;272.08;6.97;937;60;3263.00;34
8559;59;625911533;8559;368;9505;9542;6.12;0.38;272.05;6.96;946;60;3264.00;37
8563;59;625911545;8563;364;9505;9542;6.17;0.38;272.04;6.96;942;60;3265.00;37
8566;59;625911573;8566;363;9506;9542;6.25;0.38;272.01;6.96;940;60;3266.00;36
8569;59;625911585;8569;361;9507;9543;6.31;0.39;272.00;6.96;938;60;3267.00;36
8570;59;625911598;8570;360;9507;9543;6.43;0.39;272.01;6.96;937;60;3268.00;36
8571;59;625911611;8571;365;9511;9547;6.53;0.40;272.04;6.95;940;60;3269.00;36
8573;59;625911625;8573;360;9512;9547;6.57;0.40;272.01;6.98;939;60;3270.00;35
8577;59;625911636;8577;359;9515;9551;6.64;0.41;272.04;6.98;938;60;3271.00;36
8579;59;625911649;8579;360;9515;9551;6.70;0.41;272.08;6.98;936;60;3272.00;36
8584;59;625911661;8584;353;9515;9551;6.68;0.41;272.11;6.98;931;60;3273.00;36
8588;59;625911673;8588;351;9515;9551;6.71;0.41;272.06;6.98;927;60;3274.00;36
8590;59;625911686;8590;351;9515;9551;6.69;0.41;272.07;6.98;925;60;3275.00;36
8591;59;625911705;8591;354;9524;9563;6.77;0.41;272.07;6.97;933;60;3276.00;39
8596;59;625911720;8596;349;9524;9563;6.79;0.42;272.09;6.97;928;60;3277.00;39
8597;59;625911732;8597;347;9526;9563;6.91;0.42;272.09;6.97;929;60;3278.00;37
8598;59;625911745;8598;335;9526;9563;6.99;0.43;272.10;6.97;928;60;3279.00;37
8604;59;625911757;8604;339;9526;9563;7.03;0.43;272.18;6.97;922;60;3280.00;37
8606;59;625911770;8606;338;9526;9563;7.07;0.43;272.18;6.97;920;60;3281.00;37
8610;59;625911782;8610;337;9526;9564;7.13;0.44;272.22;6.97;916;60;3282.00;38
8613;59;625911795;8613;343;9526;9564;7.20;0.44;272.22;6.97;913;60;3283.00;38
8617;59;625911806;8617;342;9530;9570;7.24;0.44;272.22;6.97;913;60;3284.00;40
8620;59;625911826;8620;344;9532;9572;7.33;0.45;272.26;6.97;912;60;3285.00;40
8622;60;625911838;8622;335;9534;9572;7.36;0.45;272.33;6.99;912;61;3286.00;38
8625;60;625911860;8625;318;9534;9572;7.38;0.45;272.39;6.99;909;61;3287.00;38
8627;60;625911877;8627;301;9537;9576;7.48;0.45;272.38;6.99;910;61;3288.00;39
8631;60;625911889;8631;300;9537;9576;7.55;0.46;272.44;6.99;906;61;3289.00;39
8632;60;625911902;8632;296;9537;9576;7.66;0.47;272.46;6.99;905;61;3290.00;39
8635;60;625911914;8635;291;9538;9577;7.74;0.47;272.50;6.99;903;61;3291.00;39
8639;60;625911926;8639;300;9541;9581;7.74;0.47;272.58;6.99;902;61;3292.00;40
8642;60;625911939;8642;301;9541;9581;7.76;0.47;272.57;6.99;899;61;3293.00;40
8644;60;625911951;8644;298;9543;9584;7.82;0.48;272.62;6.99;899;61;3294.00;41
8645;60;625911969;8645;295;9543;9584;7.85;0.48;272.62;6.99;898;61;3295.00;41
8648;60;625911980;8648;296;9544;9584;7.86;0.48;272.72;6.99;896;61;3296.00;40
8649;60;625911997;8649;297;9544;9584;7.86;0.48;272.75;6.99;895;61;3297.00;40
8650;60;625912010;8650;291;9547;9588;7.89;0.48;272.74;6.98;897;61;3298.00;41
8652;60;625912022;8652;288;9547;9588;7.93;0.48;272.74;6.98;895;61;3299.00;41
8655;60;625912038;8655;290;9551;9607;7.90;0.48;272.75;6.98;896;61;3300.00;56
8657;60;625912055;8657;281;9551;9607;7.95;0.48;272.78;6.98;894;61;3301.00;56
8661;60;625912067;8661;281;9552;9608;7.95;0.48;272.83;6.98;891;61;3302.00;56
8666;60;625912085;8666;281;9553;9609;8.01;0.49;272.86;6.98;887;61;3303.00;56
8667;60;625912096;8667;280;9553;9609;8.05;0.49;272.89;6.98;886;61;3304.00;56
8672;60;625912108;8672;282;9554;9610;8.05;0.49;272.92;6.98;882;61;3305.00;56
8676;60;625912119;8676;282;9555;9610;8.04;0.49;272.99;6.98;879;61;3306.00;55
8679;60;625912130;8679;283;9555;9610;8.01;0.49;272.99;6.98;876;61;3307.00;55
8683;60;625912142;8683;284;9556;9610;8.01;0.49;273.04;6.98;873;61;3308.00;54
8685;60;625912153;8685;287;9556;9610;7.99;0.49;273.01;6.98;871;61;3309.00;54
8686;60;625912164;8686;281;9557;9610;7.98;0.49;273.00;7.00;871;61;3310.00;53
8688;60;625912175;8688;281;9557;9610;8.01;0.49;272.98;7.00;869;61;3311.00;53
8692;60;625912187;8692;304;9625;9737;7.99;0.49;272.99;6.96;933;61;3312.00;112
8696;60;625912208;8696;296;9629;9738;7.89;0.49;272.97;6.95;933;61;3313.00;109
8697;60;625912220;8697;286;9633;9738;7.94;0.49;273.01;6.95;936;61;3314.00;105
8698;60;625912231;8698;290;9634;9738;7.96;0.49;273.00;6.95;936;61;3315.00;104
8700;60;625912243;8700;293;9636;9738;7.97;0.49;273.03;6.95;936;61;3316.00;102
8703;60;625912255;8703;285;9637;9738;7.96;0.49;273.00;6.95;934;61;3317.00;101
8706;60;625912266;8706;286;9640;9738;7.92;0.49;272.99;6.95;934;61;3318.00;98
8708;60;625912278;8708;290;9642;9738;7.90;0.49;273.04;6.95;934;61;3319.00;96
8711;60;625912289;8711;293;9646;9739;7.86;0.49;273.05;6.95;935;61;3320.00;93
8714;60;625912301;8714;286;9647;9740;7.82;0.48;273.08;6.95;933;61;3321.00;93
8717;60;625912313;8717;284;9650;9740;7.83;0.48;273.11;6.96;933;61;3322.00;90
8720;60;625912325;8720;281;9653;9741;7.88;0.48;273.08;6.96;933;61;3323.00;88
8721;60;625912336;8721;285;9657;9741;7.87;0.48;273.08;6.96;936;61;3324.00;84
8726;60;625912348;8726;293;9659;9741;7.84;0.48;273.11;6.96;933;61;3325.00;82
8727;60;625912360;8727;289;9662;9741;7.86;0.48;273.13;6.97;935;61;3326.00;79
8729;60;625912371;8729;293;9664;9745;7.79;0.48;273.10;6.97;935;61;3327.00;81
8732;60;625912383;8732;296;9667;9745;7.79;0.48;273.11;7.00;935;61;3328.00;78
8733;60;625912395;8733;296;9670;9745;7.78;0.47;273.11;7.00;937;61;3329.00;75
8734;60;625912408;8734;293;9677;9751;7.70;0.47;273.10;7.03;943;61;3330.00;74
8737;60;625912419;8737;286;9678;9751;7.65;0.47;273.13;7.06;941;61;3331.00;73
8739;60;625912431;8739;283;9678;9751;7.59;0.46;273.14;7.06;939;61;3332.00;73
8744;60;625912448;8744;283;9685;9755;7.51;0.46;273.16;7.08;941;61;3333.00;70
8746;60;625912460;8746;280;9686;9756;7.52;0.46;273.19;7.08;940;61;3334.00;70
8749;60;625912472;8749;276;9690;9756;7.52;0.46;273.25;7.10;941;61;3335.00;66
8755;60;625912486;8755;275;9691;9760;7.57;0.46;273.29;7.10;936;61;3336.00;69
8758;60;625912498;8758;278;9693;9760;7.65;0.46;273.29;7.12;935;61;3337.00;67
8760;60;625912510;8760;273;9694;9760;7.69;0.47;273.33;7.12;934;61;3338.00;66
8767;60;625912521;8767;265;9696;9761;7.68;0.47;273.34;7.14;929;61;3339.00;65
8770;60;625912534;8770;262;9697;9761;7.73;0.47;273.37;7.14;927;61;3340.00;64
8770;60;625912545;8770;255;9702;9767;7.83;0.47;273.37;7.15;932;61;3341.00;65
8774;60;625912557;8774;244;9705;9767;7.87;0.48;273.42;7.17;931;61;3342.00;62
8776;60;625912569;8776;240;9707;9768;7.87;0.48;273.42;7.17;931;61;3343.00;61
8777;60;625912582;8777;238;9708;9768;7.91;0.48;273.40;7.18;931;61;3344.00;60
8784;60;625912594;8784;234;9710;9768;7.91;0.48;273.44;7.19;926;61;3345.00;58
8786;60;625912606;8786;230;9710;9768;7.96;0.48;273.46;7.19;924;61;3346.00;58
8789;60;625912618;8789;231;9713;9768;7.97;0.48;273.41;7.20;924;61;3347.00;55
8792;60;625912630;8792;230;9722;9780;8.02;0.48;273.51;7.19;930;61;3348.00;58
8794;60;625912643;8794;230;9727;9780;8.04;0.49;273.55;7.20;933;61;3349.00;53
8796;60;625912655;8796;230;9729;9780;8.07;0.49;273.56;7.20;933;61;3350.00;51
8799;60;625912667;8799;231;9732;9780;8.02;0.49;273.53;7.21;933;61;3351.00;48
8801;60;625912679;8801;236;9732;9780;7.99;0.48;273.57;7.21;931;61;3352.00;48
8804;60;625912691;8804;232;9732;9780;7.96;0.48;273.61;7.21;928;61;3353.00;48
8804;60;625912703;8804;238;9736;9784;7.96;0.48;273.61;7.21;932;61;3354.00;48
8808;60;625912715;8808;243;9736;9784;7.93;0.48;273.65;7.21;928;61;3355.00;48
8813;60;625912732;8813;241;9740;9788;7.94;0.48;273.63;7.20;927;61;3356.00;48
8815;60;625912751;8815;249;9741;9789;7.98;0.48;273.67;7.20;926;61;3357.00;48
8818;60;625912772;8818;252;9741;9789;7.99;0.48;273.65;7.20;923;61;3358.00;48
8822;60;625912791;8822;261;9741;9789;8.01;0.48;273.76;7.20;919;61;3359.00;48
8826;60;625912810;8826;274;9762;9818;7.94;0.48;273.76;7.21;936;61;3360.00;56
8826;60;625912831;8826;278;9763;9818;7.95;0.48;273.76;7.21;937;61;3361.00;55
8831;60;625912844;8831;277;9766;9818;7.95;0.48;273.73;7.22;935;61;3362.00;52
8832;60;625912858;8832;283;9771;9819;7.93;0.48;273.79;7.23;939;61;3363.00;48
8833;61;625912872;8833;286;9771;9820;7.90;0.48;273.77;7.23;938;62;3364.00;49
8836;61;625912895;8836;288;9773;9820;7.80;0.47;273.80;7.26;937;62;3365.00;47
8837;61;625912909;8837;290;9776;9823;7.80;0.47;273.82;7.25;939;62;3366.00;47
8837;61;625912929;8837;295;9778;9823;7.78;0.47;273.82;7.28;941;62;3367.00;45
8842;61;625912947;8842;293;9778;9823;7.78;0.47;273.82;7.28;936;62;3368.00;45
8845;61;625912959;8845;299;9780;9823;7.77;0.47;273.87;7.30;935;62;3369.00;43
8846;61;625912972;8846;300;9785;9829;7.78;0.47;273.86;7.30;939;62;3370.00;44
8848;61;625912991;8848;303;9786;9829;7.76;0.47;274.02;7.30;938;62;3371.00;43
8848;61;625913003;8848;310;9786;9829;7.72;0.47;274.02;7.30;938;62;3372.00;43
8850;61;625913015;8850;316;9789;9829;7.64;0.47;274.04;7.33;939;62;3373.00;40
8851;61;625913026;8851;324;9793;9833;7.54;0.46;274.05;7.34;942;62;3374.00;40
8853;61;625913039;8853;331;9795;9835;7.51;0.46;274.07;7.34;942;62;3375.00;40
8854;61;625913051;8854;337;9797;9835;7.38;0.45;274.05;7.35;943;62;3376.00;38
8855;61;625913062;8855;341;9798;9836;7.27;0.45;274.09;7.35;943;62;3377.00;38
8857;61;625913074;8857;349;9798;9836;7.19;0.44;274.07;7.35;941;62;3378.00;38
8860;61;625913085;8860;356;9798;9836;7.07;0.43;274.08;7.35;938;62;3379.00;38
8862;61;625913096;8862;356;9798;9836;6.97;0.43;274.04;7.35;936;62;3380.00;38
8865;61;625913107;8865;360;9800;9836;6.92;0.43;273.99;7.37;935;62;3381.00;36
8868;61;625913118;8868;364;9801;9836;6.88;0.42;273.93;7.37;933;62;3382.00;35
8870;61;625913129;8870;367;9802;9836;6.84;0.42;273.90;7.38;932;62;3383.00;34
8872;61;625913140;8872;374;9836;9906;7.03;0.43;273.86;7.35;964;62;3384.00;70
8872;61;625913157;8872;372;9840;9907;7.03;0.43;273.86;7.35;968;62;3385.00;67
8876;61;625913168;8876;373;9849;9907;7.00;0.43;273.81;7.35;973;62;3386.00;58
8876;61;625913180;8876;378;9861;9907;6.90;0.42;273.81;7.39;985;62;3387.00;46
8879;61;625913192;8879;376;9865;9907;6.89;0.42;273.75;7.39;986;62;3388.00;42
8882;61;625913203;8882;382;9870;9907;6.83;0.42;273.70;7.40;988;62;3389.00;37
8884;61;625913217;8884;388;9871;9907;6.77;0.42;273.67;7.40;987;62;3390.00;36
8888;61;625913228;8888;389;9876;9907;6.68;0.41;273.61;7.41;988;62;3391.00;31
8892;61;625913239;8892;397;9877;9908;6.56;0.40;273.60;7.41;985;62;3392.00;31
8897;61;625913251;8897;402;9880;9909;6.40;0.39;273.51;7.41;983;62;3393.00;29
8902;61;625913263;8902;401;9882;9909;6.29;0.38;273.62;7.41;980;62;3394.00;27
8904;61;625913274;8904;406;9887;9913;6.16;0.38;273.60;7.41;983;62;3395.00;26
8907;61;625913285;8907;413;9887;9913;5.97;0.37;273.61;7.41;980;62;3396.00;26
8910;61;625913296;8910;420;9888;9913;5.87;0.36;273.63;7.42;978;62;3397.00;25
8915;61;625913307;8915;429;9888;9913;5.72;0.35;273.63;7.42;973;62;3398.00;25
8918;61;625913317;8918;442;9893;9919;5.60;0.34;273.69;7.42;975;62;3399.00;26
8921;61;625913329;8921;438;9894;9919;5.51;0.34;273.66;7.42;973;62;3400.00;25
8925;61;625913344;8925;440;9895;9919;5.43;0.33;273.66;7.42;970;62;3401.00;24
8931;61;625913354;8931;442;9897;9922;5.34;0.33;273.63;7.42;966;62;3402.00;25
8933;61;625913366;8933;439;9898;9922;5.26;0.32;273.66;7.42;965;62;3403.00;24
8934;61;625913376;8934;442;9898;9922;5.20;0.32;273.68;7.42;964;62;3404.00;24
8936;61;625913387;8936;446;9898;9923;5.13;0.31;273.68;7.42;962;62;3405.00;25
8939;61;625913398;8939;452;9900;9924;5.08;0.31;273.70;7.43;961;62;3406.00;24
8940;61;625913408;8940;447;9900;9924;5.14;0.31;273.71;7.43;960;62;3407.00;24
8942;61;625913418;8942;443;9911;9937;5.27;0.32;273.72;7.42;969;62;3408.00;26
8945;61;625913429;8945;441;9911;9937;5.32;0.32;273.69;7.42;966;62;3409.00;26
8949;61;625913440;8949;443;9911;9937;5.32;0.32;273.61;7.42;962;62;3410.00;26
8952;61;625913451;8952;423;9913;9938;5.33;0.32;273.59;7.42;961;62;3411.00;25
8953;61;625913462;8953;420;9913;9938;5.47;0.33;273.58;7.42;960;62;3412.00;25
8954;61;625913473;8954;407;9916;9942;5.64;0.34;273.57;7.43;962;62;3413.00;26
8955;61;625913485;8955;399;9917;9942;5.71;0.35;273.55;7.43;962;62;3414.00;25
8957;61;625913496;8957;394;9921;9946;5.86;0.36;273.52;7.43;964;62;3415.00;25
8960;61;625913508;8960;389;9921;9946;5.94;0.36;273.58;7.43;961;62;3416.00;25
8961;61;625913520;8961;382;9921;9946;5.99;0.36;273.57;7.43;960;62;3417.00;25
8965;61;625913531;8965;373;9921;9946;6.03;0.37;273.57;7.43;956;62;3418.00;25
8966;61;625913543;8966;375;9921;9946;6.14;0.37;273.57;7.43;955;62;3419.00;25
8970;61;625913556;8970;371;9946;9980;6.37;0.39;273.58;7.41;976;62;3420.00;34
8974;61;625913571;8974;369;9946;9980;6.42;0.39;273.54;7.41;972;62;3421.00;34
8976;61;625913584;8976;365;9948;9980;6.52;0.40;273.51;7.41;972;62;3422.00;32
8978;61;625913596;8978;359;9948;9980;6.59;0.40;273.50;7.41;970;62;3423.00;32
8982;61;625913609;8982;359;9949;9980;6.65;0.41;273.51;7.41;967;62;3424.00;31
8984;61;625913622;8984;356;9950;9980;6.72;0.41;273.51;7.41;966;62;3425.00;30
8986;61;625913636;8986;347;9950;9981;6.82;0.42;273.57;7.41;964;62;3426.00;31
8989;61;625913650;8989;349;9951;9981;6.84;0.42;273.57;7.43;962;62;3427.00;30
8990;61;625913665;8990;350;9955;9987;6.91;0.42;273.58;7.42;965;62;3428.00;32
8994;61;625913679;8994;348;9956;9988;6.90;0.42;273.58;7.42;962;62;3429.00;32
8996;61;625913692;8996;344;9957;9988;6.92;0.42;273.62;7.42;961;62;3430.00;31
9000;61;625913706;9000;347;9957;9988;6.87;0.42;273.61;7.42;957;62;3431.00;31
9005;61;625913720;9005;343;9960;9992;6.87;0.42;273.65;7.42;955;62;3432.00;32
9007;61;625913735;9007;348;9960;9992;6.83;0.42;273.64;7.42;953;62;3433.00;32
9010;61;625913747;9010;350;9960;9992;6.84;0.42;273.64;7.42;950;62;3434.00;32
9011;61;625913760;9011;346;9961;9993;6.85;0.42;273.70;7.42;950;62;3435.00;32
9014;61;625913772;9014;348;9964;9997;6.89;0.42;273.78;7.42;950;62;3436.00;33
9015;61;625913785;9015;347;9964;9997;6.93;0.42;273.80;7.42;949;62;3437.00;33
9017;61;625913797;9017;337;9966;10000;6.95;0.43;273.90;7.42;949;62;3438.00;34
9023;61;625913809;9023;339;9967;10000;6.93;0.42;273.92;7.42;944;62;3439.00;33
9026;61;625913821;9026;338;9967;10000;6.93;0.43;273.89;7.42;941;62;3440.00;33
9029;61;625913834;9029;345;9967;10000;6.95;0.43;273.93;7.42;938;62;3441.00;33
9034;61;625913853;9034;350;9970;10004;6.95;0.43;273.99;7.41;936;62;3442.00;34
9037;61;625913865;9037;351;9970;10004;6.95;0.43;273.97;7.41;933;62;3443.00;34
9042;61;625913878;9042;358;9971;10004;6.88;0.42;274.03;7.41;929;62;3444.00;33
9044;61;625913889;9044;357;9971;10004;6.79;0.42;274.07;7.41;927;62;3445.00;33
9045;61;625913906;9045;359;9972;10005;6.74;0.41;274.07;7.43;927;62;3446.00;33
9050;61;625913918;9050;353;9973;10006;6.69;0.41;274.16;7.43;923;62;3447.00;33
9056;61;625913930;9056;348;9973;10006;6.63;0.41;274.31;7.43;917;62;3448.00;33
9057;61;625913943;9057;336;9974;10007;6.67;0.41;274.30;7.43;917;62;3449.00;33
9062;61;625913957;9062;336;9974;10007;6.67;0.41;274.41;7.43;912;62;3450.00;33
9065;61;625913969;9065;335;9974;10007;6.77;0.41;274.44;7.43;909;62;3451.00;33
9067;61;625913981;9067;332;9974;10007;6.85;0.42;274.47;7.43;907;62;3452.00;33
9069;61;625913993;9069;333;9974;10007;6.89;0.42;274.51;7.43;905;62;3453.00;33
9071;61;625914004;9071;328;9974;10007;6.95;0.42;274.54;7.43;903;62;3454.00;33
9076;61;625914017;9076;327;9974;10007;6.97;0.42;274.59;7.43;898;62;3455.00;33
9077;61;625914029;9077;339;10045;10134;7.21;0.45;274.58;7.38;968;62;3456.00;89
9080;61;625914051;9080;317;10047;10135;7.24;0.45;274.66;7.38;967;62;3457.00;88
9086;61;625914069;9086;303;10054;10135;7.35;0.45;274.71;7.38;968;62;3458.00;81
9088;61;625914082;9088;290;10059;10135;7.42;0.46;274.74;7.37;971;62;3459.00;76
9091;61;625914095;9091;282;10063;10135;7.50;0.46;274.77;7.37;972;62;3460.00;72
9096;61;625914109;9096;282;10067;10135;7.53;0.46;274.87;7.37;971;62;3461.00;68
9097;61;625914127;9097;285;10073;10135;7.61;0.47;274.90;7.39;976;62;3462.00;62
9100;61;625914140;9100;283;10076;10135;7.63;0.47;274.98;7.39;976;62;3463.00;59
9101;61;625914153;9101;285;10079;10136;7.70;0.47;274.97;7.39;978;62;3464.00;57
9106;61;625914166;9106;285;10084;10138;7.69;0.47;275.01;7.39;978;62;3465.00;54
9108;61;625914179;9108;286;10086;10138;7.63;0.47;275.06;7.39;978;62;3466.00;52
9110;61;625914193;9110;290;10087;10139;7.65;0.47;275.06;7.39;977;62;3467.00;52
9112;61;625914206;9112;293;10089;10139;7.69;0.47;275.05;7.39;977;62;3468.00;50
9115;61;625914219;9115;293;10090;10139;7.66;0.47;275.02;7.39;975;62;3469.00;49
9119;61;625914232;9119;299;10092;10139;7.60;0.46;275.00;7.39;973;62;3470.00;47
9121;61;625914245;9121;303;10095;10143;7.65;0.47;275.04;7.39;974;62;3471.00;48
9122;61;625914259;9122;297;10097;10143;7.70;0.47;275.07;7.40;975;62;3472.00;46
9126;61;625914273;9126;292;10097;10143;7.70;0.47;275.16;7.40;971;62;3473.00;46
9126;61;625914286;9126;288;10100;10146;7.74;0.47;275.16;7.39;974;62;3474.00;46
9127;61;625914304;9127;284;10101;10146;7.76;0.47;275.16;7.39;974;62;3475.00;45
9129;61;625914318;9129;283;10103;10146;7.80;0.48;275.12;7.42;974;62;3476.00;43
9130;61;625914331;9130;282;10106;10150;7.80;0.48;275.12;7.41;976;62;3477.00;44
9133;61;625914344;9133;284;10108;10151;7.80;0.48;275.09;7.41;975;62;3478.00;43
9134;61;625914357;9134;283;10108;10151;7.77;0.47;275.13;7.41;974;62;3479.00;43
9134;61;625914371;9134;281;10112;10156;7.85;0.48;275.13;7.41;978;62;3480.00;44
9137;61;625914384;9137;291;10112;10156;7.83;0.48;275.21;7.41;975;62;3481.00;44
9139;61;625914397;9139;287;10112;10156;7.78;0.47;275.23;7.41;973;62;3482.00;44
9140;61;625914410;9140;297;10113;10157;7.73;0.47;275.26;7.41;973;62;3483.00;44
9143;61;625914422;9143;299;10113;10157;7.68;0.47;275.22;7.41;970;62;3484.00;44
9143;61;625914435;9143;302;10117;10163;7.65;0.47;275.22;7.41;974;62;3485.00;46
9146;61;625914448;9146;304;10117;10163;7.58;0.46;275.20;7.41;971;62;3486.00;46
9147;61;625914460;9147;307;10118;10164;7.58;0.46;275.18;7.41;971;62;3487.00;46
9148;61;625914473;9148;305;10118;10164;7.52;0.46;275.20;7.41;970;62;3488.00;46
9149;61;625914486;9149;304;10118;10164;7.53;0.46;275.19;7.41;969;62;3489.00;46
9150;61;625914498;9150;301;10118;10164;7.54;0.46;275.17;7.41;968;62;3490.00;46
9152;61;625914510;9152;296;10118;10164;7.55;0.46;275.19;7.41;966;62;3491.00;46
9154;61;625914522;9154;294;10128;10176;7.63;0.46;275.17;7.40;974;62;3492.00;48
9157;61;625914535;9157;284;10129;10176;7.65;0.47;275.18;7.40;972;62;3493.00;47
9163;61;625914548;9163;279;10129;10176;7.67;0.47;275.21;7.40;966;62;3494.00;47
9166;61;625914560;9166;272;10129;10176;7.70;0.47;275.22;7.40;963;62;3495.00;47
9171;61;625914572;9171;270;10130;10176;7.65;0.46;275.23;7.42;959;62;3496.00;46
9173;61;625914584;9173;267;10130;10176;7.65;0.47;275.27;7.42;957;62;3497.00;46
9176;61;625914602;9176;261;10133;10180;7.64;0.46;275.27;7.42;957;62;3498.00;47
9181;61;625914613;9181;255;10133;10180;7.60;0.46;275.25;7.42;952;62;3499.00;47
9182;61;625914626;9182;255;10136;10184;7.64;0.46;275.26;7.42;954;62;3500.00;48
9184;61;625914642;9184;249;10138;10185;7.61;0.46;275.32;7.42;954;62;3501.00;47
9187;61;625914654;9187;243;10138;10185;7.51;0.46;275.39;7.42;951;62;3502.00;47
9190;61;625914665;9190;243;10138;10185;7.37;0.45;275.39;7.42;948;62;3503.00;47
9194;62;625914676;9194;248;10149;10198;7.28;0.44;275.44;7.42;955;63;3504.00;49
9196;62;625914700;9196;239;10150;10198;7.22;0.44;275.46;7.44;954;63;3505.00;48
9200;62;625914711;9200;242;10150;10198;7.20;0.44;275.43;7.44;950;63;3506.00;48
9202;62;625914724;9202;250;10151;10199;7.24;0.44;275.48;7.44;949;63;3507.00;48
9205;62;625914744;9205;233;10151;10200;7.28;0.44;275.55;7.44;946;63;3508.00;49
9207;62;625914764;9207;234;10152;10200;7.32;0.44;275.58;7.46;945;63;3509.00;48
9211;62;625914786;9211;231;10155;10206;7.27;0.44;275.62;7.46;944;63;3510.00;51
9212;62;625914817;9212;229;10156;10206;7.35;0.45;275.66;7.46;944;63;3511.00;50
9215;62;625914835;9215;230;10157;10206;7.38;0.45;275.69;7.46;942;63;3512.00;49
9219;62;625914851;9219;239;10157;10206;7.39;0.45;275.78;7.46;938;63;3513.00;49
9222;62;625914863;9222;245;10161;10212;7.45;0.45;275.81;7.46;939;63;3514.00;51
9223;62;625914877;9223;242;10161;10212;7.46;0.45;275.85;7.46;938;63;3515.00;51
9225;62;625914892;9225;238;10162;10212;7.48;0.45;275.85;7.46;937;63;3516.00;50
9230;62;625914905;9230;233;10163;10212;7.47;0.45;275.99;7.46;933;63;3517.00;49
9235;62;625914918;9235;235;10167;10216;7.46;0.45;276.05;7.45;932;63;3518.00;49
9236;62;625914930;9236;241;10169;10219;7.41;0.45;276.04;7.45;933;63;3519.00;50
9237;62;625914944;9237;246;10169;10219;7.38;0.45;276.07;7.45;932;63;3520.00;50
9238;62;625914956;9238;244;10171;10220;7.33;0.44;276.08;7.45;933;63;3521.00;49
9241;62;625914969;9241;243;10171;10220;7.26;0.44;276.07;7.45;930;63;3522.00;49
9242;62;625914981;9242;243;10171;10220;7.23;0.44;276.06;7.45;929;63;3523.00;49
9244;62;625914993;9244;246;10171;10220;7.22;0.44;276.11;7.45;927;63;3524.00;49
9245;62;625915005;9245;245;10171;10220;7.27;0.44;276.10;7.45;926;63;3525.00;49
9248;62;625915016;9248;247;10172;10220;7.27;0.44;276.10;7.46;924;63;3526.00;48
9249;62;625915028;9249;257;10173;10220;7.25;0.44;276.10;7.47;924;63;3527.00;47
9250;62;625915039;9250;263;10208;10290;7.39;0.45;276.13;7.45;958;63;3528.00;82
9252;62;625915057;9252;269;10211;10291;7.29;0.44;276.14;7.44;959;63;3529.00;80
9254;62;625915070;9254;266;10219;10291;7.27;0.44;276.13;7.47;965;63;3530.00;72
9255;62;625915081;9255;265;10223;10291;7.27;0.45;276.15;7.47;968;63;3531.00;68
9257;62;625915093;9257;272;10226;10291;7.28;0.45;276.13;7.47;969;63;3532.00;65
9258;62;625915105;9258;273;10230;10291;7.25;0.44;276.11;7.49;972;63;3533.00;61
9260;62;625915117;9260;284;10234;10291;7.25;0.44;276.09;7.49;974;63;3534.00;57
9263;62;625915128;9263;292;10237;10291;7.23;0.44;276.06;7.49;974;63;3535.00;54
9265;62;625915141;9265;295;10241;10292;7.19;0.44;276.00;7.51;976;63;3536.00;51
9266;62;625915165;9266;303;10244;10293;7.21;0.44;275.98;7.51;978;63;3537.00;49
9270;62;625915177;9270;305;10247;10293;7.17;0.44;275.95;7.52;977;63;3538.00;46
9272;62;625915190;9272;307;10252;10297;7.10;0.43;275.94;7.53;980;63;3539.00;45
9274;62;625915205;9274;313;10253;10297;6.99;0.43;275.99;7.53;979;63;3540.00;44
9277;62;625915217;9277;319;10255;10297;6.82;0.42;275.93;7.55;978;63;3541.00;42
9279;62;625915229;9279;328;10255;10297;6.73;0.41;275.90;7.55;976;63;3542.00;42
9281;62;625915240;9281;337;10260;10303;6.72;0.41;275.86;7.55;979;63;3543.00;43
9282;62;625915253;9282;341;10261;10303;6.70;0.41;275.84;7.56;979;63;3544.00;42
9282;62;625915267;9282;345;10263;10303;6.64;0.41;275.84;7.57;981;63;3545.00;40
9282;62;625915279;9282;357;10266;10306;6.57;0.40;275.84;7.57;984;63;3546.00;40
9284;62;625915291;9284;363;10267;10306;6.49;0.40;275.81;7.59;983;63;3547.00;39
9284;62;625915301;9284;370;10269;10306;6.42;0.39;275.81;7.59;985;63;3548.00;37
9286;62;625915320;9286;373;10270;10307;6.30;0.39;275.80;7.60;984;63;3549.00;37
9287;62;625915332;9287;371;10272;10308;6.21;0.38;275.79;7.60;985;63;3550.00;36
9288;62;625915343;9288;373;10273;10308;6.12;0.38;275.79;7.61;985;63;3551.00;35
9289;62;625915354;9289;372;10284;10321;6.06;0.37;275.76;7.60;995;63;3552.00;37
9293;62;625915366;9293;366;10285;10321;5.97;0.37;275.71;7.61;992;63;3553.00;36
9295;62;625915376;9295;376;10286;10321;5.95;0.36;275.68;7.61;991;63;3554.00;35
9295;62;625915387;9295;381;10288;10323;5.95;0.36;275.68;7.61;993;63;3555.00;35
9296;62;625915398;9296;377;10289;10323;5.97;0.37;275.67;7.62;993;63;3556.00;34
9296;62;625915408;9296;376;10293;10327;6.02;0.37;275.67;7.63;997;63;3557.00;34
9298;62;625915418;9298;377;10293;10327;5.98;0.37;275.68;7.63;995;63;3558.00;34
9303;62;625915444;9303;378;10300;10331;5.89;0.36;275.60;7.65;997;63;3559.00;31
9305;62;625915455;9305;380;10300;10331;5.85;0.36;275.58;7.65;995;63;3560.00;31
9305;62;625915465;9305;384;10300;10331;5.78;0.35;275.58;7.65;995;63;3561.00;31
9308;62;625915476;9308;389;10301;10331;5.70;0.35;275.52;7.66;993;63;3562.00;30
9312;62;625915486;9312;383;10301;10331;5.58;0.34;275.48;7.66;989;63;3563.00;30
9314;62;625915505;9314;378;10316;10343;5.59;0.34;275.49;7.69;1002;63;3564.00;27
9317;62;625915517;9317;367;10317;10343;5.54;0.34;275.52;7.69;1000;63;3565.00;26
9320;62;625915528;9320;367;10317;10343;5.48;0.33;275.53;7.69;997;63;3566.00;26
9321;62;625915540;9321;369;10318;10343;5.46;0.33;275.52;7.70;997;63;3567.00;25
9323;62;625915550;9323;372;10318;10343;5.40;0.33;275.55;7.70;995;63;3568.00;25
9327;62;625915561;9327;371;10318;10343;5.35;0.33;275.56;7.70;991;63;3569.00;25
9328;62;625915573;9328;364;10321;10344;5.29;0.32;275.56;7.71;993;63;3570.00;23
9332;62;625915591;9332;358;10321;10344;5.25;0.32;275.57;7.71;989;63;3571.00;23
9333;62;625915610;9333;354;10326;10350;5.32;0.32;275.57;7.71;993;63;3572.00;24
9336;62;625915631;9336;344;10329;10351;5.30;0.32;275.54;7.71;993;63;3573.00;22
9337;62;625915650;9337;353;10329;10351;5.34;0.33;275.53;7.71;992;63;3574.00;22
9341;62;625915661;9341;349;10330;10351;5.40;0.33;275.52;7.71;989;63;3575.00;21
9341;62;625915672;9341;349;10333;10355;5.53;0.34;275.52;7.71;992;63;3576.00;22
9343;62;625915683;9343;350;10333;10355;5.64;0.34;275.54;7.71;990;63;3577.00;22
9346;62;625915694;9346;346;10335;10355;5.72;0.35;275.53;7.72;989;63;3578.00;20
9347;62;625915706;9347;339;10336;10356;5.85;0.36;275.55;7.72;989;63;3579.00;20
9351;62;625915717;9351;336;10339;10360;5.94;0.36;275.57;7.72;988;63;3580.00;21
9353;62;625915730;9353;333;10339;10360;6.05;0.37;275.57;7.72;986;63;3581.00;21
9355;62;625915742;9355;327;10341;10363;6.13;0.37;275.59;7.72;986;63;3582.00;22
9357;62;625915753;9357;325;10341;10363;6.21;0.38;275.63;7.72;984;63;3583.00;22
9358;62;625915772;9358;322;10342;10363;6.32;0.39;275.62;7.72;984;63;3584.00;21
9363;62;625915783;9363;318;10342;10363;6.36;0.39;275.78;7.72;979;63;3585.00;21
9368;62;625915795;9368;312;10345;10367;6.45;0.39;275.81;7.71;977;63;3586.00;22
9370;62;625915807;9370;307;10345;10367;6.51;0.40;275.80;7.71;975;63;3587.00;22
9374;62;625915819;9374;303;10346;10367;6.55;0.40;275.85;7.71;972;63;3588.00;21
9380;62;625915831;9380;302;10347;10367;6.57;0.40;275.90;7.75;967;63;3589.00;20
9382;62;625915843;9382;298;10347;10368;6.61;0.40;275.92;7.75;965;63;3590.00;21
9389;62;625915854;9389;302;10348;10369;6.64;0.41;275.92;7.74;959;63;3591.00;21
9394;62;625915867;9394;302;10348;10369;6.67;0.41;275.91;7.74;954;63;3592.00;21
9397;62;625915880;9397;301;10349;10370;6.70;0.41;275.93;7.74;952;63;3593.00;21
9404;62;625915891;9404;303;10349;10370;6.69;0.41;275.92;7.74;945;63;3594.00;21
9407;62;625915903;9407;296;10349;10370;6.72;0.41;275.97;7.74;942;63;3595.00;21
9412;62;625915915;9412;299;10349;10370;6.77;0.41;275.99;7.74;937;63;3596.00;21
9417;62;625915927;9417;299;10349;10370;6.78;0.42;276.05;7.74;932;63;3597.00;21
9420;62;625915939;9420;298;10349;10370;6.78;0.42;276.11;7.74;929;63;3598.00;21
9424;62;625915951;9424;303;10349;10370;6.81;0.42;276.11;7.74;925;63;3599.00;21
9429;62;625915965;9429;335;10463;10623;7.13;0.45;276.16;7.66;1034;63;3600.00;160
9432;62;625916001;9432;336;10471;10624;7.17;0.45;276.19;7.66;1039;63;3601.00;153
9437;62;625916015;9437;333;10483;10624;7.27;0.46;276.32;7.65;1046;63;3602.00;141
9442;62;625916028;9442;334;10490;10624;7.29;0.46;276.42;7.65;1048;63;3603.00;134
9448;62;625916041;9448;333;10496;10624;7.29;0.46;276.39;7.64;1048;63;3604.00;128
9451;62;625916059;9451;331;10502;10624;7.32;0.46;276.44;7.64;1051;63;3605.00;122
9456;62;625916072;9456;339;10509;10624;7.28;0.45;276.53;7.64;1053;63;3606.00;115
9461;62;625916086;9461;341;10517;10624;7.27;0.45;276.55;7.64;1056;63;3607.00;107
9464;62;625916099;9464;338;10520;10625;7.24;0.45;276.57;7.64;1056;63;3608.00;105
9468;62;625916113;9468;336;10523;10626;7.25;0.45;276.59;7.64;1055;63;3609.00;103
9475;62;625916133;9475;347;10527;10626;7.22;0.45;276.68;7.64;1052;63;3610.00;99
9480;62;625916147;9480;348;10529;10627;7.18;0.45;276.67;7.64;1049;63;3611.00;98
9486;62;625916161;9486;345;10536;10627;7.15;0.44;276.68;7.65;1050;63;3612.00;91
9488;62;625916174;9488;352;10537;10627;7.17;0.45;276.68;7.65;1049;63;3613.00;90
9492;62;625916188;9492;357;10541;10627;7.12;0.44;276.69;7.65;1049;63;3614.00;86
9496;62;625916202;9496;354;10545;10631;7.12;0.44;276.75;7.65;1049;63;3615.00;86
9501;62;625916222;9501;354;10547;10631;7.08;0.44;276.78;7.65;1046;63;3616.00;84
9503;62;625916236;9503;344;10548;10631;7.06;0.44;276.82;7.65;1045;63;3617.00;83
9507;62;625916257;9507;340;10552;10634;7.06;0.43;276.90;7.69;1045;63;3618.00;82
9510;62;625916277;9510;338;10554;10634;7.09;0.44;276.92;7.69;1044;63;3619.00;80
9513;62;625916291;9513;334;10554;10634;7.16;0.44;276.92;7.69;1041;63;3620.00;80
9516;62;625916310;9516;336;10560;10638;7.19;0.44;277.02;7.69;1044;63;3621.00;78
9518;62;625916325;9518;336;10563;10639;7.22;0.44;277.04;7.69;1045;63;3622.00;76
9521;62;625916339;9521;347;10567;10639;7.22;0.44;277.07;7.70;1046;63;3623.00;72
9524;62;625916354;9524;348;10569;10643;7.28;0.44;277.08;7.70;1045;63;3624.00;74
9527;62;625916368;9527;349;10571;10643;7.28;0.44;277.18;7.70;1044;63;3625.00;72
9532;62;625916382;9532;346;10573;10643;7.26;0.44;277.17;7.70;1041;63;3626.00;70
9535;62;625916401;9535;325;10574;10644;7.32;0.44;277.23;7.70;1039;63;3627.00;70
9537;62;625916416;9537;313;10574;10644;7.36;0.45;277.25;7.70;1037;63;3628.00;70
9542;62;625916429;9542;312;10578;10650;7.37;0.45;277.31;7.70;1036;63;3629.00;72
9543;62;625916446;9543;307;10581;10650;7.40;0.45;277.33;7.70;1038;63;3630.00;69
9545;62;625916460;9545;306;10582;10651;7.40;0.45;277.34;7.70;1037;63;3631.00;69
9547;62;625916475;9547;309;10582;10651;7.36;0.45;277.34;7.70;1035;63;3632.00;69
9550;62;625916494;9550;315;10584;10651;7.32;0.44;277.36;7.74;1034;63;3633.00;67
9551;62;625916508;9551;316;10585;10651;7.37;0.45;277.40;7.74;1034;63;3634.00;66
9552;62;625916522;9552;320;10585;10651;7.48;0.46;277.43;7.74;1033;63;3635.00;66
9556;62;625916536;9556;326;10596;10663;7.56;0.46;277.52;7.73;1040;63;3636.00;67
9560;62;625916550;9560;317;10597;10663;7.59;0.46;277.52;7.77;1037;63;3637.00;66
9560;62;625916565;9560;310;10597;10663;7.62;0.46;277.52;7.77;1037;63;3638.00;66
9563;62;625916578;9563;311;10597;10663;7.58;0.46;277.53;7.77;1034;63;3639.00;66
9564;62;625916592;9564;304;10597;10663;7.63;0.46;277.52;7.77;1033;63;3640.00;66
9567;62;625916606;9567;309;10597;10663;7.63;0.46;277.56;7.77;1030;63;3641.00;66
9570;62;625916619;9570;307;10602;10667;7.57;0.46;277.54;7.77;1032;63;3642.00;65
9571;62;625916633;9571;304;10602;10667;7.54;0.46;277.57;7.77;1031;63;3643.00;65
9573;62;625916647;9573;307;10605;10671;7.53;0.46;277.56;7.77;1032;63;3644.00;66
9576;62;625916661;9576;308;10607;10673;7.53;0.46;277.62;7.77;1031;63;3645.00;66
9577;62;625916675;9577;310;10608;10673;7.56;0.46;277.72;7.77;1031;63;3646.00;65
9581;62;625916689;9581;319;10608;10673;7.53;0.46;277.73;7.77;1027;63;3647.00;65
9582;62;625916708;9582;322;10617;10686;7.57;0.46;277.72;7.76;1035;63;3648.00;69
9589;62;625916722;9589;325;10617;10686;7.54;0.46;277.88;7.76;1028;63;3649.00;69
9593;62;625916741;9593;328;10617;10686;7.55;0.46;277.96;7.76;1024;63;3650.00;69
9594;62;625916762;9594;325;10618;10687;7.57;0.46;277.96;7.76;1024;63;3651.00;69
9597;63;625916783;9597;326;10618;10688;7.53;0.46;278.03;7.76;1021;64;3652.00;70
9598;63;625916813;9598;328;10619;10688;7.49;0.46;278.03;7.79;1021;64;3653.00;69
9600;63;625916832;9600;329;10621;10691;7.43;0.45;278.09;7.79;1021;64;3654.00;70
9603;63;625916848;9603;332;10621;10691;7.36;0.45;278.10;7.79;1018;64;3655.00;70
9604;63;625916862;9604;331;10622;10691;7.36;0.45;278.17;7.79;1018;64;3656.00;69
9606;63;625916876;9606;333;10622;10691;7.37;0.45;278.14;7.79;1016;64;3657.00;69
9610;63;625916901;9610;331;10626;10697;7.31;0.45;278.08;7.79;1016;64;3658.00;71
9612;63;625916922;9612;327;10626;10697;7.30;0.44;278.06;7.79;1014;64;3659.00;71
9614;63;625916944;9614;325;10627;10697;7.29;0.44;278.10;7.79;1013;64;3660.00;70
9614;63;625916958;9614;315;10627;10697;7.23;0.44;278.10;7.79;1013;64;3661.00;70
9617;63;625916971;9617;313;10630;10701;7.17;0.44;278.08;7.78;1013;64;3662.00;71
9620;63;625916985;9620;307;10631;10702;7.12;0.43;278.16;7.78;1011;64;3663.00;71
9623;63;625916998;9623;303;10631;10702;7.05;0.43;278.16;7.78;1008;64;3664.00;71
9624;63;625917010;9624;306;10632;10703;7.03;0.43;278.19;7.78;1008;64;3665.00;71
9627;63;625917023;9627;301;10632;10703;6.96;0.42;278.19;7.78;1005;64;3666.00;71
9630;63;625917036;9630;300;10633;10703;6.87;0.42;278.20;7.79;1003;64;3667.00;70
9630;63;625917048;9630;298;10633;10703;6.84;0.42;278.20;7.79;1003;64;3668.00;70
9631;63;625917070;9631;295;10634;10703;6.82;0.42;278.19;7.82;1003;64;3669.00;69
9636;63;625917083;9636;296;10634;10703;6.76;0.41;278.17;7.82;998;64;3670.00;69
9637;63;625917095;9637;288;10634;10703;6.71;0.41;278.20;7.82;997;64;3671.00;69
9639;63;625917107;9639;287;10665;10773;6.79;0.41;278.22;7.83;1026;64;3672.00;108
9645;63;625917123;9645;283;10666;10774;6.72;0.41;278.37;7.83;1021;64;3673.00;108
9648;63;625917135;9648;275;10672;10774;6.76;0.41;278.44;7.83;1024;64;3674.00;102
9650;63;625917148;9650;268;10680;10774;6.77;0.41;278.47;7.88;1030;64;3675.00;94
9653;63;625917162;9653;268;10687;10774;6.77;0.41;278.44;7.87;1034;64;3676.00;87
9656;63;625917184;9656;267;10691;10774;6.74;0.41;278.42;7.87;1035;64;3677.00;83
9658;63;625917197;9658;270;10694;10774;6.70;0.41;278.43;7.90;1036;64;3678.00;80
9660;63;625917210;9660;270;10694;10774;6.71;0.41;278.42;7.90;1034;64;3679.00;80
9663;63;625917223;9663;267;10696;10775;6.72;0.41;278.37;7.90;1033;64;3680.00;79
9665;63;625917236;9665;264;10698;10776;6.70;0.41;278.39;7.92;1033;64;3681.00;78
9665;63;625917250;9665;266;10699;10776;6.73;0.41;278.39;7.92;1034;64;3682.00;77
9666;63;625917262;9666;274;10702;10780;6.71;0.41;278.37;7.92;1036;64;3683.00;78
9668;63;625917276;9668;271;10703;10780;6.67;0.41;278.34;7.94;1035;64;3684.00;77
9671;63;625917296;9671;274;10703;10780;6.66;0.40;278.28;7.94;1032;64;3685.00;77
9671;63;625917309;9671;268;10703;10780;6.64;0.40;278.28;7.94;1032;64;3686.00;77
9671;63;625917322;9671;272;10708;10786;6.66;0.41;278.28;7.97;1037;64;3687.00;78
9672;63;625917335;9672;280;10708;10786;6.62;0.40;278.26;7.97;1036;64;3688.00;78
9674;63;625917347;9674;282;10710;10786;6.58;0.40;278.23;7.99;1036;64;3689.00;76
9676;63;625917362;9676;288;10714;10792;6.52;0.40;278.25;7.99;1038;64;3690.00;78
9676;63;625917374;9676;288;10716;10792;6.50;0.40;278.25;8.00;1040;64;3691.00;76
9678;63;625917387;9678;287;10719;10792;6.50;0.40;278.25;8.02;1041;64;3692.00;73
9679;63;625917400;9679;300;10720;10793;6.48;0.40;278.23;8.02;1041;64;3693.00;73
9681;63;625917412;9681;293;10724;10794;6.48;0.40;278.20;8.03;1043;64;3694.00;70
9685;63;625917425;9685;299;10725;10794;6.45;0.39;278.24;8.04;1040;64;3695.00;69
9688;63;625917438;9688;305;10737;10807;6.46;0.39;278.20;8.04;1049;64;3696.00;70
9690;63;625917451;9690;309;10737;10807;6.42;0.39;278.17;8.04;1047;64;3697.00;70
9692;63;625917464;9692;310;10741;10807;6.40;0.39;278.13;8.05;1049;64;3698.00;66
9695;63;625917477;9695;315;10743;10808;6.37;0.39;278.20;8.06;1048;64;3699.00;65
9697;63;625917491;9697;323;10746;10808;6.31;0.38;278.25;8.08;1049;64;3700.00;62
9699;63;625917509;9699;335;10749;10812;6.29;0.38;278.21;8.08;1050;64;3701.00;63
9704;63;625917522;9704;334;10751;10812;6.25;0.38;278.14;8.09;1047;64;3702.00;61
9706;63;625917535;9706;347;10755;10816;6.19;0.38;278.12;8.10;1049;64;3703.00;61
9709;63;625917554;9709;347;10756;10816;6.12;0.37;278.10;8.11;1047;64;3704.00;60
9711;63;625917567;9711;351;10757;10816;6.09;0.37;278.07;8.12;1046;64;3705.00;59
9713;63;625917579;9713;353;10758;10816;6.08;0.37;278.08;8.13;1045;64;3706.00;58
9716;63;625917590;9716;366;10759;10816;6.05;0.37;278.08;8.14;1043;64;3707.00;57
9719;63;625917602;9719;369;10769;10828;6.06;0.37;278.02;8.13;1050;64;3708.00;59
9721;63;625917615;9721;375;10771;10828;6.02;0.37;277.98;8.14;1050;64;3709.00;57
9722;63;625917635;9722;375;10774;10828;5.99;0.37;277.98;8.17;1052;64;3710.00;54
9723;63;625917647;9723;380;10775;10828;5.95;0.36;277.95;8.18;1052;64;3711.00;53
9725;63;625917659;9725;380;10776;10828;5.90;0.36;277.93;8.18;1051;64;3712.00;52
9726;63;625917671;9726;389;10779;10828;5.88;0.36;277.94;8.21;1053;64;3713.00;49
9727;63;625917683;9727;386;10779;10829;5.84;0.36;277.95;8.21;1052;64;3714.00;50
9729;63;625917695;9729;372;10781;10829;5.84;0.36;277.95;8.22;1052;64;3715.00;48
9730;63;625917708;9730;362;10786;10835;5.92;0.36;277.94;8.23;1056;64;3716.00;49
9732;63;625917721;9732;355;10789;10836;5.99;0.37;277.97;8.24;1057;64;3717.00;47
9736;63;625917737;9736;353;10792;10836;5.98;0.37;278.01;8.26;1056;64;3718.00;44
9737;63;625917752;9737;347;10793;10836;6.00;0.37;278.00;8.26;1056;64;3719.00;43
9737;64;625917768;9737;346;10796;10841;6.11;0.37;278.00;8.26;1059;65;3720.00;45
9737;64;625917792;9737;343;10797;10841;6.14;0.38;278.00;8.26;1060;65;3721.00;44
9738;64;625917812;9738;345;10800;10841;6.17;0.38;277.97;8.29;1062;65;3722.00;41
9739;64;625917824;9739;340;10801;10842;6.18;0.38;277.94;8.29;1062;65;3723.00;41
9740;64;625917837;9740;340;10808;10846;6.19;0.38;278.03;8.32;1068;65;3724.00;38
9742;64;625917849;9742;335;10808;10846;6.23;0.38;278.00;8.32;1066;65;3725.00;38
9743;64;625917861;9743;336;10811;10849;6.34;0.39;277.99;8.32;1068;65;3726.00;38
9743;64;625917873;9743;335;10814;10849;6.45;0.40;277.99;8.34;1071;65;3727.00;35
9745;64;625917885;9745;342;10814;10849;6.53;0.40;277.95;8.34;1069;65;3728.00;35
9745;64;625917898;9745;341;10814;10849;6.58;0.40;277.95;8.34;1069;65;3729.00;35
9748;64;625917910;9748;341;10820;10853;6.61;0.40;277.99;8.35;1072;65;3730.00;33
9752;64;625917923;9752;343;10821;10853;6.61;0.40;278.03;8.35;1069;65;3731.00;32
9757;64;625917935;9757;340;10822;10853;6.49;0.40;278.01;8.36;1065;65;3732.00;31
9764;64;625917948;9764;348;10824;10853;6.36;0.39;278.00;8.36;1060;65;3733.00;29
9765;64;625917960;9765;349;10824;10854;6.28;0.38;277.98;8.36;1059;65;3734.00;30
9767;64;625917972;9767;350;10827;10856;6.22;0.38;278.00;8.37;1060;65;3735.00;29
9771;64;625917984;9771;359;10827;10856;6.12;0.37;278.06;8.37;1056;65;3736.00;29
9774;64;625917996;9774;360;10828;10857;6.07;0.37;278.08;8.37;1054;65;3737.00;29
9777;64;625918008;9777;365;10828;10857;5.96;0.36;278.08;8.37;1051;65;3738.00;29
9780;64;625918019;9780;366;10829;10857;5.89;0.36;278.07;8.37;1049;65;3739.00;28
9780;64;625918030;9780;361;10831;10857;5.88;0.36;278.07;8.38;1051;65;3740.00;26
9785;64;625918042;9785;360;10832;10857;5.83;0.36;278.09;8.39;1047;65;3741.00;25
9789;64;625918053;9789;362;10832;10857;5.82;0.36;278.15;8.39;1043;65;3742.00;25
9790;64;625918065;9790;363;10833;10857;5.85;0.36;278.18;8.39;1043;65;3743.00;24
9795;64;625918076;9795;370;10897;10984;6.12;0.38;278.25;8.35;1102;65;3744.00;87
9799;64;625918098;9799;371;10900;10985;6.13;0.38;278.27;8.35;1101;65;3745.00;85
9801;64;625918111;9801;366;10910;10985;6.25;0.39;278.23;8.35;1109;65;3746.00;75
9805;64;625918122;9805;357;10915;10985;6.29;0.39;278.27;8.34;1110;65;3747.00;70
9809;64;625918134;9809;357;10923;10985;6.37;0.39;278.31;8.34;1114;65;3748.00;62
9811;64;625918147;9811;352;10926;10985;6.41;0.40;278.32;8.34;1115;65;3749.00;59
9815;64;625918161;9815;349;10931;10990;6.48;0.40;278.43;8.34;1116;65;3750.00;59
9821;64;625918174;9821;357;10934;10990;6.47;0.40;278.52;8.34;1113;65;3751.00;56
9825;64;625918187;9825;356;10938;10991;6.51;0.40;278.56;8.34;1113;65;3752.00;53
9832;64;625918200;9832;353;10942;10992;6.60;0.41;278.60;8.34;1110;65;3753.00;50
9835;64;625918213;9835;358;10945;10992;6.65;0.41;278.65;8.34;1110;65;3754.00;47
9842;64;625918226;9842;358;10948;10993;6.69;0.41;278.74;8.34;1106;65;3755.00;45
9845;64;625918240;9845;366;10950;10993;6.72;0.41;278.78;8.34;1105;65;3756.00;43
9850;64;625918255;9850;365;10952;10993;6.73;0.41;278.91;8.34;1102;65;3757.00;41
9854;64;625918268;9854;366;10954;10993;6.74;0.41;278.95;8.34;1100;65;3758.00;39
9858;64;625918282;9858;362;10956;10997;6.78;0.42;279.02;8.34;1098;65;3759.00;41
9864;64;625918296;9864;364;10959;10997;6.76;0.41;279.08;8.34;1095;65;3760.00;38
9869;64;625918310;9869;361;10959;10997;6.83;0.42;279.12;8.34;1090;65;3761.00;38
9873;64;625918324;9873;361;10962;11000;6.88;0.42;279.16;8.34;1089;65;3762.00;38
9879;64;625918340;9879;356;10963;11000;6.87;0.42;279.40;8.34;1084;65;3763.00;37
9882;64;625918369;9882;349;10963;11000;6.88;0.42;279.45;8.34;1081;65;3764.00;37
9886;64;625918383;9886;346;10966;11004;6.89;0.42;279.45;8.34;1080;65;3765.00;38
9887;64;625918404;9887;347;10967;11005;6.94;0.42;279.50;8.34;1080;65;3766.00;38
9893;64;625918417;9893;343;10967;11005;6.96;0.42;279.51;8.34;1074;65;3767.00;38
9900;64;625918431;9900;342;10970;11009;6.93;0.42;279.47;8.34;1070;65;3768.00;39
9902;64;625918446;9902;341;10971;11009;6.97;0.42;279.50;8.33;1069;65;3769.00;38
9905;64;625918460;9905;344;10971;11009;7.00;0.43;279.54;8.33;1066;65;3770.00;38
9909;64;625918475;9909;346;10974;11010;7.09;0.43;279.62;8.33;1065;65;3771.00;36
9912;64;625918490;9912;346;10974;11010;7.14;0.43;279.66;8.33;1062;65;3772.00;36
9915;64;625918509;9915;348;10978;11016;7.18;0.44;279.68;8.33;1063;65;3773.00;38
9920;64;625918524;9920;346;10979;11016;7.22;0.44;279.73;8.33;1059;65;3774.00;37
9923;64;625918537;9923;344;10979;11017;7.30;0.44;279.75;8.33;1056;65;3775.00;38
9926;64;625918552;9926;344;10980;11017;7.32;0.45;279.76;8.33;1054;65;3776.00;37
9931;64;625918572;9931;335;10980;11017;7.32;0.45;279.78;8.33;1049;65;3777.00;37
9934;64;625918585;9934;337;10980;11017;7.31;0.44;279.79;8.33;1046;65;3778.00;37
9937;64;625918604;9937;341;10980;11017;7.33;0.45;279.78;8.33;1043;65;3779.00;37
9943;64;625918619;9943;347;11006;11053;7.40;0.45;279.83;8.31;1063;65;3780.00;47
9947;64;625918636;9947;343;11007;11053;7.35;0.45;279.82;8.31;1060;65;3781.00;46
9952;64;625918650;9952;339;11009;11053;7.25;0.44;279.85;8.31;1057;65;3782.00;44
9955;64;625918664;9955;344;11009;11053;7.25;0.44;279.86;8.31;1054;65;3783.00;44
9960;64;625918678;9960;343;11009;11053;7.20;0.44;279.90;8.31;1049;65;3784.00;44
9963;64;625918693;9963;344;11010;11053;7.12;0.44;279.96;8.31;1047;65;3785.00;43
9968;64;625918712;9968;356;11013;11057;7.04;0.43;280.03;8.31;1045;65;3786.00;44
9970;64;625918726;9970;350;11014;11057;7.04;0.43;280.08;8.31;1044;65;3787.00;43
9977;64;625918748;9977;340;11016;11061;7.01;0.43;280.24;8.31;1039;65;3788.00;45
9981;64;625918773;9981;340;11019;11062;7.05;0.43;280.28;8.31;1038;65;3789.00;43
9985;64;625918797;9985;336;11019;11062;7.04;0.43;280.33;8.31;1034;65;3790.00;43
9989;64;625918818;9989;333;11019;11062;7.07;0.43;280.41;8.31;1030;65;3791.00;43
9992;64;625918840;9992;341;11030;11075;7.13;0.44;280.53;8.30;1038;65;3792.00;45
9996;64;625918860;9996;339;11031;11075;7.14;0.44;280.55;8.31;1035;65;3793.00;44
10002;64;625918885;10002;344;11031;11075;7.12;0.44;280.61;8.31;1029;65;3794.00;44
10005;64;625918901;10005;347;11032;11076;7.10;0.44;280.70;8.31;1027;65;3795.00;44
10009;64;625918916;10009;335;11032;11077;7.14;0.44;280.70;8.31;1023;65;3796.00;45
10012;64;625918933;10012;320;11032;11077;7.16;0.44;280.70;8.31;1020;65;3797.00;45
10013;64;625918949;10013;307;11034;11080;7.29;0.45;280.73;8.31;1021;65;3798.00;46
10017;64;625918966;10017;295;11034;11080;7.35;0.45;280.70;8.31;1017;65;3799.00;46
10020;64;625918984;10020;285;11035;11080;7.44;0.45;280.72;8.31;1015;65;3800.00;45
10025;64;625919004;10025;281;11035;11080;7.49;0.46;280.83;8.31;1010;65;3801.00;45
10027;64;625919020;10027;274;11039;11086;7.56;0.46;280.81;8.31;1012;65;3802.00;47
10029;64;625919037;10029;266;11039;11086;7.54;0.46;280.94;8.31;1010;65;3803.00;47
10034;64;625919053;10034;269;11040;11086;7.50;0.46;280.99;8.31;1006;65;3804.00;46
10036;64;625919070;10036;275;11040;11086;7.45;0.46;280.98;8.31;1004;65;3805.00;46
10039;64;625919083;10039;272;11043;11090;7.36;0.45;281.02;8.31;1004;65;3806.00;47
10042;64;625919104;10042;275;11044;11091;7.34;0.45;281.04;8.30;1002;65;3807.00;47
10046;64;625919117;10046;266;11044;11091;7.30;0.45;281.10;8.30;998;65;3808.00;47
10053;64;625919131;10053;259;11045;11092;7.29;0.44;281.04;8.30;992;65;3809.00;47
10054;65;625919147;10054;248;11045;11092;7.30;0.44;281.03;8.30;991;66;3810.00;47
10057;65;625919181;10057;241;11045;11092;7.30;0.44;281.09;8.30;988;66;3811.00;47
10059;65;625919194;10059;239;11045;11092;7.33;0.45;281.12;8.30;986;66;3812.00;47
10064;65;625919208;10064;237;11045;11092;7.31;0.44;281.10;8.30;981;66;3813.00;47
10067;65;625919221;10067;238;11045;11092;7.39;0.45;281.21;8.30;978;66;3814.00;47
10070;65;625919235;10070;242;11045;11092;7.38;0.45;281.18;8.30;975;66;3815.00;47
10074;65;625919255;10074;252;11082;11162;7.33;0.45;281.20;8.28;1008;66;3816.00;80
10077;65;625919276;10077;244;11084;11163;7.34;0.45;281.18;8.28;1007;66;3817.00;79
10080;65;625919289;10080;245;11089;11163;7.42;0.45;281.20;8.27;1009;66;3818.00;74
10081;65;625919302;10081;248;11092;11163;7.46;0.45;281.18;8.27;1011;66;3819.00;71
10083;65;625919315;10083;247;11096;11163;7.53;0.46;281.19;8.27;1013;66;3820.00;67
10084;65;625919327;10084;251;11101;11163;7.53;0.46;281.18;8.27;1017;66;3821.00;62
10086;65;625919341;10086;256;11105;11163;7.56;0.46;281.20;8.27;1019;66;3822.00;58
10087;65;625919355;10087;262;11107;11163;7.50;0.46;281.20;8.27;1020;66;3823.00;56
10090;65;625919369;10090;268;11109;11164;7.44;0.45;281.26;8.27;1019;66;3824.00;55
10093;65;625919382;10093;268;11111;11166;7.34;0.45;281.39;8.26;1018;66;3825.00;55
10094;65;625919396;10094;279;11112;11166;7.27;0.44;281.38;8.26;1018;66;3826.00;54
10095;65;625919409;10095;280;11115;11170;7.17;0.44;281.36;8.26;1020;66;3827.00;55
10098;65;625919421;10098;295;11115;11170;7.07;0.43;281.42;8.26;1017;66;3828.00;55
10099;65;625919434;10099;306;11116;11170;6.97;0.43;281.41;8.28;1017;66;3829.00;54
10105;65;625919447;10105;302;11116;11170;6.87;0.42;281.42;8.28;1011;66;3830.00;54
10108;65;625919459;10108;298;11119;11176;6.83;0.42;281.40;8.28;1011;66;3831.00;57
10113;65;625919474;10113;297;11120;11176;6.74;0.41;281.43;8.28;1007;66;3832.00;56
10113;65;625919487;10113;296;11120;11176;6.72;0.41;281.43;8.28;1007;66;3833.00;56
10118;65;625919500;10118;295;11122;11179;6.66;0.41;281.43;8.28;1004;66;3834.00;57
10120;65;625919512;10120;291;11122;11179;6.59;0.40;281.38;8.28;1002;66;3835.00;57
10124;65;625919525;10124;285;11123;11179;6.51;0.40;281.36;8.28;999;66;3836.00;56
10126;65;625919537;10126;288;11123;11180;6.41;0.39;281.33;8.28;997;66;3837.00;57
10128;65;625919549;10128;284;11124;11181;6.37;0.39;281.30;8.28;996;66;3838.00;57
10128;65;625919562;10128;281;11124;11181;6.34;0.39;281.30;8.28;996;66;3839.00;57
10131;65;625919575;10131;282;11139;11207;6.27;0.38;281.27;8.27;1008;66;3840.00;68
10133;65;625919589;10133;281;11140;11207;6.18;0.38;281.30;8.27;1007;66;3841.00;67
10136;65;625919600;10136;270;11142;11207;6.13;0.37;281.28;8.26;1006;66;3842.00;65
10138;65;625919612;10138;264;11144;11208;6.06;0.37;281.28;8.27;1006;66;3843.00;64
10141;65;625919624;10141;268;11145;11208;6.04;0.37;281.26;8.28;1004;66;3844.00;63
10143;65;625919637;10143;270;11148;11212;6.05;0.37;281.23;8.30;1005;66;3845.00;64
10145;65;625919649;10145;272;11150;11214;6.04;0.37;281.25;8.31;1005;66;3846.00;64
10149;65;625919661;10149;267;11154;11218;6.03;0.37;281.30;8.31;1005;66;3847.00;64
10150;65;625919673;10150;266;11155;11218;6.01;0.37;281.29;8.31;1005;66;3848.00;63
10157;65;625919684;10157;263;11155;11218;5.95;0.36;281.26;8.31;998;66;3849.00;63
10160;65;625919696;10160;270;11155;11218;5.97;0.36;281.24;8.31;995;66;3850.00;63
10163;65;625919709;10163;265;11155;11218;5.95;0.36;281.20;8.31;992;66;3851.00;63
10166;65;625919726;10166;265;11166;11230;5.94;0.36;281.16;8.30;1000;66;3852.00;64
10166;65;625919738;10166;265;11166;11230;5.97;0.36;281.16;8.30;1000;66;3853.00;64
10170;65;625919751;10170;262;11166;11230;5.95;0.36;281.09;8.30;996;66;3854.00;64
10173;65;625919764;10173;264;11166;11230;5.93;0.36;281.06;8.30;993;66;3855.00;64
10174;65;625919777;10174;265;11166;11230;5.97;0.36;281.07;8.30;992;66;3856.00;64
10175;65;625919788;10175;270;11167;11230;6.05;0.37;281.06;8.30;992;66;3857.00;63
10177;65;625919799;10177;267;11167;11231;6.06;0.37;281.02;8.30;990;66;3858.00;64
10177;65;625919810;10177;275;11168;11231;6.06;0.37;281.02;8.30;991;66;3859.00;63
10179;65;625919821;10179;278;11173;11237;6.09;0.37;281.01;8.30;994;66;3860.00;64
10179;65;625919833;10179;282;11176;11238;6.10;0.37;281.01;8.31;997;66;3861.00;62
10182;65;625919844;10182;285;11177;11238;6.11;0.37;281.00;8.31;995;66;3862.00;61
10184;65;625919855;10184;287;11178;11238;6.15;0.37;280.97;8.31;994;66;3863.00;60
10186;65;625919866;10186;298;11180;11242;6.14;0.37;280.96;8.31;994;66;3864.00;62
10188;65;625919877;10188;294;11181;11242;6.13;0.37;280.96;8.31;993;66;3865.00;61
10190;65;625919888;10190;299;11183;11242;6.12;0.37;280.99;8.32;993;66;3866.00;59
10191;65;625919899;10191;293;11185;11243;6.14;0.37;280.99;8.32;994;66;3867.00;58
10192;65;625919911;10192;290;11188;11247;6.14;0.37;280.97;8.32;996;66;3868.00;59
10192;65;625919923;10192;283;11188;11247;6.23;0.38;280.97;8.32;996;66;3869.00;59
10194;65;625919936;10194;279;11193;11253;6.29;0.38;281.02;8.34;999;66;3870.00;60
10196;65;625919948;10196;273;11194;11253;6.38;0.39;281.00;8.34;998;66;3871.00;59
10197;65;625919960;10197;262;11195;11253;6.44;0.39;280.98;8.34;998;66;3872.00;58
10197;65;625919972;10197;262;11197;11253;6.49;0.39;280.98;8.36;1000;66;3873.00;56
10198;65;625919990;10198;257;11200;11257;6.57;0.40;281.00;8.36;1002;66;3874.00;57
10199;66;625920006;10199;254;11201;11257;6.61;0.40;280.98;8.37;1002;67;3875.00;56
10200;66;625920058;10200;243;11203;11257;6.65;0.40;281.01;8.38;1003;67;3876.00;54
10201;66;625920072;10201;242;11204;11257;6.64;0.40;281.01;8.39;1003;67;3877.00;53
10202;66;625920087;10202;238;11206;11258;6.67;0.41;281.01;8.40;1004;67;3878.00;52
10203;66;625920100;10203;245;11208;11259;6.67;0.41;281.01;8.41;1005;67;3879.00;51
10206;66;625920118;10206;246;11210;11259;6.64;0.40;280.99;8.43;1004;67;3880.00;49
10207;66;625920130;10207;247;11211;11260;6.73;0.41;280.98;8.43;1004;67;3881.00;49
10209;66;625920146;10209;251;11213;11260;6.73;0.41;280.97;8.45;1004;67;3882.00;47
10210;66;625920159;10210;257;11213;11260;6.73;0.41;280.95;8.45;1003;67;3883.00;47
10210;66;625920171;10210;254;11214;11260;6.76;0.41;280.95;8.45;1004;67;3884.00;46
10210;66;625920183;10210;266;11215;11260;6.75;0.41;280.95;8.46;1005;67;3885.00;45
10211;66;625920200;10211;270;11216;11260;6.72;0.41;280.94;8.47;1005;67;3886.00;44
10213;66;625920212;10213;275;11216;11260;6.66;0.41;280.93;8.47;1003;67;3887.00;44
10213;66;625920223;10213;299;11285;11387;6.91;0.43;280.93;8.42;1072;67;3888.00;102
10214;66;625920245;10214;296;11288;11388;6.88;0.43;280.92;8.44;1074;67;3889.00;100
10216;66;625920258;10216;281;11297;11388;6.96;0.43;280.92;8.44;1081;67;3890.00;91
10216;66;625920270;10216;276;11305;11388;7.01;0.43;280.92;8.45;1089;67;3891.00;83
10220;66;625920288;10220;275;11312;11388;7.03;0.43;281.01;8.44;1092;67;3892.00;76
10222;66;625920301;10222;271;11317;11388;7.05;0.43;281.02;8.44;1095;67;3893.00;71
10225;66;625920314;10225;281;11323;11388;7.04;0.43;281.04;8.45;1098;67;3894.00;65
10225;66;625920326;10225;275;11326;11388;7.04;0.43;281.04;8.45;1101;67;3895.00;62
10230;66;625920339;10230;283;11330;11389;7.03;0.43;281.05;8.46;1100;67;3896.00;59
10232;66;625920352;10232;286;11334;11390;7.06;0.43;281.11;8.47;1102;67;3897.00;56
10235;66;625920365;10235;292;11338;11390;7.09;0.44;281.15;8.48;1103;67;3898.00;52
10238;66;625920378;10238;306;11340;11391;7.05;0.43;281.17;8.48;1102;67;3899.00;51
10240;66;625920399;10240;312;11347;11406;6.92;0.42;281.19;8.49;1107;67;3900.00;59
10246;66;625920418;10246;316;11347;11406;6.79;0.42;281.19;8.49;1101;67;3901.00;59
10250;66;625920431;10250;322;11349;11406;6.69;0.41;281.27;8.49;1099;67;3902.00;57
10253;66;625920444;10253;329;11355;11410;6.57;0.40;281.29;8.51;1102;67;3903.00;55
10258;66;625920458;10258;336;11357;11410;6.44;0.39;281.27;8.51;1099;67;3904.00;53
10260;66;625920471;10260;336;11358;11410;6.33;0.39;281.28;8.52;1098;67;3905.00;52
10263;66;625920484;10263;352;11362;11413;6.27;0.38;281.34;8.52;1099;67;3906.00;51
10266;66;625920497;10266;359;11363;11413;6.19;0.38;281.34;8.53;1097;67;3907.00;50
10270;66;625920509;10270;369;11365;11413;6.05;0.37;281.41;8.53;1095;67;3908.00;48
10274;66;625920522;10274;378;11368;11417;5.95;0.36;281.42;8.53;1094;67;3909.00;49
10277;66;625920534;10277;368;11371;11418;5.92;0.36;281.43;8.54;1094;67;3910.00;47
10281;66;625920547;10281;365;11371;11418;5.93;0.36;281.41;8.54;1090;67;3911.00;47
10287;66;625920560;10287;357;11376;11422;5.95;0.36;281.55;8.55;1089;67;3912.00;46
10289;66;625920573;10289;355;11377;11422;6.01;0.37;281.55;8.55;1088;67;3913.00;45
10292;66;625920586;10292;358;11378;11422;6.03;0.37;281.61;8.55;1086;67;3914.00;44
10298;66;625920599;10298;359;11382;11424;6.04;0.37;281.71;8.55;1084;67;3915.00;42
10300;66;625920613;10300;352;11382;11424;6.05;0.37;281.71;8.55;1082;67;3916.00;42
10304;66;625920626;10304;347;11385;11430;6.08;0.37;281.79;8.55;1081;67;3917.00;45
10306;66;625920645;10306;349;11386;11430;6.06;0.37;281.82;8.55;1080;67;3918.00;44
10310;66;625920658;10310;344;11386;11431;6.10;0.37;281.81;8.55;1076;67;3919.00;45
10313;66;625920671;10313;339;11387;11431;6.12;0.37;281.84;8.55;1074;67;3920.00;44
10318;66;625920684;10318;337;11387;11431;6.08;0.37;281.94;8.55;1069;67;3921.00;44
10320;67;625920697;10320;334;11387;11431;6.05;0.37;281.96;8.55;1067;68;3922.00;44
10324;67;625920722;10324;327;11387;11431;6.09;0.37;282.03;8.55;1063;68;3923.00;44
10328;67;625920749;10328;327;11397;11443;6.17;0.38;282.04;8.55;1069;68;3924.00;46
10333;67;625920786;10333;333;11398;11443;6.23;0.38;282.13;8.55;1065;68;3925.00;45
10337;67;625920807;10337;331;11398;11443;6.34;0.39;282.26;8.55;1061;68;3926.00;45
10343;67;625920827;10343;327;11398;11443;6.43;0.39;282.37;8.55;1055;68;3927.00;45
10346;67;625920846;10346;328;11398;11443;6.55;0.40;282.41;8.55;1052;68;3928.00;45
10354;67;625920861;10354;331;11400;11443;6.55;0.40;282.52;8.55;1046;68;3929.00;43
10358;67;625920877;10358;330;11403;11447;6.58;0.40;282.51;8.55;1045;68;3930.00;44
10363;67;625920893;10363;332;11404;11447;6.61;0.40;282.56;8.55;1041;68;3931.00;43
10368;67;625920914;10368;330;11406;11451;6.63;0.41;282.65;8.55;1038;68;3932.00;45
10373;67;625920930;10373;338;11407;11452;6.68;0.41;282.68;8.55;1034;68;3933.00;45
10376;67;625920944;10376;345;11409;11452;6.71;0.41;282.74;8.55;1033;68;3934.00;43
10381;67;625920959;10381;346;11411;11452;6.72;0.41;282.84;8.58;1030;68;3935.00;41
10388;67;625920974;10388;344;11421;11465;6.74;0.41;282.84;8.58;1033;68;3936.00;44
10392;67;625920990;10392;339;11422;11465;6.76;0.41;282.90;8.58;1030;68;3937.00;43
10395;67;625921006;10395;337;11422;11465;6.75;0.41;282.89;8.58;1027;68;3938.00;43
10403;67;625921021;10403;334;11424;11466;6.71;0.41;282.89;8.58;1021;68;3939.00;42
10407;67;625921038;10407;334;11426;11467;6.72;0.41;283.01;8.58;1019;68;3940.00;41
10408;67;625921053;10408;335;11426;11467;6.78;0.41;283.00;8.58;1018;68;3941.00;41
10412;67;625921067;10412;335;11429;11470;6.84;0.42;283.06;8.58;1017;68;3942.00;41
10417;67;625921095;10417;330;11430;11470;6.86;0.42;283.03;8.58;1013;68;3943.00;40
10420;67;625921109;10420;339;11431;11470;6.94;0.42;283.08;8.58;1011;68;3944.00;39
10423;67;625921123;10423;340;11431;11470;6.97;0.43;283.10;8.58;1008;68;3945.00;39
10426;67;625921137;10426;340;11436;11476;7.04;0.43;283.13;8.57;1010;68;3946.00;40
10430;67;625921152;10430;345;11436;11476;7.08;0.43;283.15;8.57;1006;68;3947.00;40
10433;67;625921166;10433;345;11436;11476;7.06;0.43;283.21;8.57;1003;68;3948.00;40
10438;67;625921179;10438;342;11436;11476;7.00;0.43;283.22;8.57;998;68;3949.00;40
10441;67;625921194;10441;348;11439;11480;6.97;0.43;283.23;8.57;998;68;3950.00;41
10444;67;625921208;10444;349;11440;11481;6.93;0.42;283.28;8.57;996;68;3951.00;41
10451;67;625921224;10451;354;11440;11481;6.87;0.42;283.38;8.57;989;68;3952.00;41
10453;67;625921239;10453;355;11441;11482;6.83;0.42;283.39;8.57;988;68;3953.00;41
10458;67;625921252;10458;360;11441;11482;6.76;0.41;283.45;8.57;983;68;3954.00;41
10461;67;625921267;10461;365;11441;11482;6.69;0.41;283.51;8.57;980;68;3955.00;41
10463;67;625921280;10463;366;11441;11482;6.59;0.40;283.53;8.57;978;68;3956.00;41
10467;67;625921293;10467;356;11441;11482;6.51;0.40;283.54;8.57;974;68;3957.00;41
10472;67;625921306;10472;353;11441;11482;6.48;0.40;283.55;8.57;969;68;3958.00;41
10473;67;625921319;10473;356;11441;11482;6.44;0.39;283.53;8.57;968;68;3959.00;41
10479;67;625921334;10479;372;11511;11607;6.45;0.40;283.56;8.52;1032;68;3960.00;96
10482;67;625921357;10482;361;11513;11608;6.49;0.40;283.61;8.52;1031;68;3961.00;95
10485;67;625921370;10485;340;11519;11608;6.63;0.41;283.57;8.51;1034;68;3962.00;89
10488;67;625921384;10488;345;11521;11608;6.66;0.41;283.66;8.51;1033;68;3963.00;87
10496;67;625921403;10496;342;11524;11608;6.71;0.41;283.87;8.51;1028;68;3964.00;84
10497;67;625921418;10497;345;11525;11608;6.74;0.41;283.89;8.51;1028;68;3965.00;83
10500;67;625921438;10500;336;11530;11608;6.85;0.42;283.96;8.51;1030;68;3966.00;78
10502;67;625921451;10502;335;11530;11608;6.91;0.42;284.00;8.51;1028;68;3967.00;78
10504;67;625921465;10504;337;11537;11609;7.00;0.43;284.07;8.51;1033;68;3968.00;72
10506;67;625921486;10506;331;11541;11610;7.11;0.44;284.13;8.51;1035;68;3969.00;69
10512;67;625921500;10512;325;11543;11610;7.09;0.43;284.18;8.51;1031;68;3970.00;67
10514;67;625921514;10514;327;11548;11614;7.08;0.44;284.23;8.51;1034;68;3971.00;66
10518;67;625921528;10518;319;11549;11614;7.04;0.43;284.28;8.51;1031;68;3972.00;65
10521;67;625921542;10521;320;11550;11614;7.01;0.43;284.30;8.54;1029;68;3973.00;64
10524;67;625921557;10524;318;11551;11614;7.01;0.43;284.34;8.54;1027;68;3974.00;63
10527;67;625921571;10527;316;11555;11620;6.95;0.43;284.37;8.54;1028;68;3975.00;65
10529;67;625921586;10529;315;11555;11620;6.90;0.42;284.41;8.54;1026;68;3976.00;65
10531;67;625921600;10531;313;11557;11620;6.91;0.42;284.38;8.54;1026;68;3977.00;63
10535;67;625921615;10535;317;11560;11623;6.86;0.42;284.42;8.54;1025;68;3978.00;63
10538;67;625921630;10538;312;11560;11623;6.81;0.42;284.45;8.54;1022;68;3979.00;63
10540;67;625921650;10540;309;11560;11623;6.80;0.42;284.42;8.54;1020;68;3980.00;63
10542;68;625921664;10542;308;11560;11624;6.79;0.41;284.44;8.54;1018;69;3981.00;64
10544;68;625921694;10544;295;11561;11625;6.83;0.42;284.46;8.53;1017;69;3982.00;64
10545;68;625921708;10545;289;11561;11625;6.85;0.42;284.47;8.53;1016;69;3983.00;64
10545;68;625921723;10545;287;11571;11638;6.93;0.42;284.47;8.53;1026;69;3984.00;67
10547;68;625921743;10547;284;11571;11638;6.98;0.43;284.49;8.53;1024;69;3985.00;67
10550;68;625921757;10550;286;11571;11638;7.03;0.43;284.54;8.53;1021;69;3986.00;67
10552;68;625921771;10552;289;11572;11639;7.06;0.43;284.53;8.53;1020;69;3987.00;67
10553;68;625921785;10553;289;11572;11639;7.06;0.43;284.55;8.53;1019;69;3988.00;67
10556;68;625921798;10556;294;11575;11643;7.03;0.43;284.55;8.52;1019;69;3989.00;68
10558;68;625921818;10558;300;11576;11643;7.03;0.43;284.53;8.52;1018;69;3990.00;67
10560;68;625921831;10560;303;11580;11647;6.95;0.42;284.51;8.56;1020;69;3991.00;67
10563;68;625921844;10563;301;11580;11647;6.88;0.42;284.53;8.56;1017;69;3992.00;67
10564;68;625921859;10564;306;11580;11647;6.80;0.41;284.53;8.56;1016;69;3993.00;67
10566;68;625921872;10566;312;11580;11647;6.74;0.41;284.49;8.56;1014;69;3994.00;67
10570;68;625921884;10570;321;11580;11647;6.65;0.41;284.51;8.56;1010;69;3995.00;67
10572;68;625921897;10572;320;11590;11659;6.62;0.40;284.52;8.55;1018;69;3996.00;69
10574;68;625921912;10574;328;11591;11659;6.58;0.40;284.49;8.55;1017;69;3997.00;68
10575;68;625921924;10575;330;11592;11659;6.56;0.40;284.48;8.58;1017;69;3998.00;67
10576;68;625921935;10576;335;11592;11659;6.52;0.40;284.47;8.58;1016;69;3999.00;67
10577;68;625921948;10577;331;11592;11659;6.50;0.40;284.45;8.58;1015;69;4000.00;67
10577;68;625921964;10577;325;11592;11659;6.42;0.40;284.45;8.58;1015;69;4001.00;67
10582;68;625921977;10582;321;11593;11660;6.33;0.39;284.37;8.61;1011;69;4002.00;67
10585;68;625921989;10585;316;11593;11660;6.28;0.39;284.36;8.61;1008;69;4003.00;67
10587;68;625922000;10587;324;11597;11666;6.22;0.38;284.36;8.61;1010;69;4004.00;69
10590;68;625922012;10590;314;11600;11668;6.20;0.38;284.34;8.61;1010;69;4005.00;68
10592;68;625922025;10592;316;11600;11668;6.12;0.38;284.31;8.61;1008;69;4006.00;68
10595;68;625922037;10595;324;11601;11668;6.05;0.37;284.31;8.64;1006;69;4007.00;67
10600;68;625922049;10600;325;11605;11672;6.01;0.37;284.32;8.68;1005;69;4008.00;67
10601;68;625922061;10601;321;11605;11672;6.05;0.37;284.34;8.68;1004;69;4009.00;67
10602;68;625922072;10602;311;11606;11672;6.02;0.37;284.35;8.71;1004;69;4010.00;66
10606;68;625922083;10606;309;11607;11673;6.01;0.37;284.33;8.71;1001;69;4011.00;66
10606;68;625922095;10606;309;11610;11677;6.00;0.37;284.33;8.71;1004;69;4012.00;67
10609;68;625922106;10609;302;11610;11677;5.92;0.36;284.36;8.71;1001;69;4013.00;67
10612;69;625922116;10612;298;11613;11680;5.94;0.36;284.34;8.74;1001;70;4014.00;67
10617;69;625922139;10617;300;11616;11680;5.92;0.36;284.30;8.76;999;70;4015.00;64
10620;69;625922152;10620;300;11617;11680;5.87;0.36;284.29;8.80;997;70;4016.00;63
10625;69;625922163;10625;296;11617;11680;5.85;0.36;284.23;8.80;992;70;4017.00;63
10628;69;625922174;10628;299;11620;11684;5.86;0.36;284.21;8.80;992;70;4018.00;64
10633;69;625922185;10633;282;11621;11684;5.83;0.36;284.21;8.83;988;70;4019.00;63
10636;69;625922203;10636;264;11622;11684;5.87;0.36;284.17;8.83;986;70;4020.00;62
10638;69;625922220;10638;256;11622;11684;5.94;0.36;284.15;8.83;984;70;4021.00;62
10641;69;625922231;10641;252;11622;11685;6.03;0.37;284.14;8.83;981;70;4022.00;63
10641;69;625922243;10641;249;11624;11686;6.13;0.37;284.14;8.87;983;70;4023.00;62
10643;69;625922254;10643;241;11624;11686;6.17;0.37;284.13;8.87;981;70;4024.00;62
10645;69;625922266;10645;239;11626;11687;6.21;0.38;284.15;8.90;981;70;4025.00;61
10647;69;625922278;10647;238;11626;11687;6.25;0.38;284.11;8.90;979;70;4026.00;61
10650;69;625922290;10650;239;11627;11687;6.32;0.38;284.10;8.90;977;70;4027.00;60
10651;69;625922300;10651;235;11628;11687;6.32;0.38;284.09;8.92;977;70;4028.00;59
10652;69;625922324;10652;241;11628;11687;6.35;0.38;284.10;8.92;976;70;4029.00;59
10653;69;625922335;10653;241;11629;11687;6.45;0.39;284.10;8.95;976;70;4030.00;58
10653;69;625922354;10653;237;11629;11687;6.46;0.39;284.10;8.95;976;70;4031.00;58
10654;69;625922371;10654;243;11695;11814;6.78;0.42;284.10;8.90;1041;70;4032.00;119
10655;69;625922399;10655;244;11698;11815;6.89;0.42;284.07;8.89;1043;70;4033.00;117
10655;69;625922411;10655;242;11710;11815;7.11;0.44;284.07;8.89;1055;70;4034.00;105
10656;69;625922424;10656;236;11714;11815;7.19;0.44;284.08;8.89;1058;70;4035.00;101
10656;69;625922437;10656;234;11719;11815;7.28;0.45;284.08;8.88;1063;70;4036.00;96
10658;69;625922450;10658;230;11724;11815;7.33;0.45;284.08;8.88;1066;70;4037.00;91
10658;69;625922469;10658;233;11726;11815;7.36;0.45;284.08;8.88;1068;70;4038.00;89
10658;69;625922481;10658;234;11730;11815;7.45;0.46;284.08;8.88;1072;70;4039.00;85
10663;69;625922495;10663;241;11735;11816;7.53;0.46;284.09;8.89;1072;70;4040.00;81
10667;69;625922508;10667;240;11739;11817;7.55;0.46;284.11;8.89;1072;70;4041.00;78
10668;69;625922528;10668;249;11741;11817;7.57;0.46;284.09;8.90;1073;70;4042.00;76
10669;69;625922541;10669;255;11743;11818;7.54;0.46;284.07;8.92;1074;70;4043.00;75
10672;69;625922555;10672;248;11745;11818;7.51;0.46;284.10;8.92;1073;70;4044.00;73
10675;69;625922569;10675;255;11748;11818;7.47;0.46;284.08;8.94;1073;70;4045.00;70
10678;69;625922583;10678;257;11750;11818;7.43;0.45;284.18;8.94;1072;70;4046.00;68
10680;69;625922596;10680;264;11755;11822;7.39;0.45;284.20;8.97;1075;70;4047.00;67
10680;69;625922609;10680;268;11756;11822;7.33;0.45;284.20;8.97;1076;70;4048.00;66
10683;69;625922627;10683;275;11760;11822;7.22;0.44;284.29;9.00;1077;70;4049.00;62
10687;69;625922648;10687;277;11764;11828;7.14;0.44;284.34;9.00;1077;70;4050.00;64
10690;69;625922663;10690;284;11765;11828;7.08;0.43;284.33;9.01;1075;70;4051.00;63
10693;69;625922676;10693;291;11768;11828;7.05;0.43;284.37;9.02;1075;70;4052.00;60
10694;69;625922689;10694;300;11772;11832;7.00;0.43;284.40;9.03;1078;70;4053.00;60
10697;69;625922702;10697;305;11775;11833;6.93;0.42;284.44;9.04;1078;70;4054.00;58
10699;69;625922715;10699;305;11776;11833;6.90;0.42;284.48;9.05;1077;70;4055.00;57
10700;69;625922728;10700;313;11780;11837;6.94;0.43;284.47;9.05;1080;70;4056.00;57
10703;69;625922745;10703;319;11783;11837;6.89;0.42;284.60;9.07;1080;70;4057.00;54
10707;69;625922765;10707;316;11784;11837;6.82;0.42;284.65;9.07;1077;70;4058.00;53
10707;69;625922785;10707;317;11788;11838;6.79;0.42;284.65;9.09;1081;70;4059.00;50
10710;69;625922805;10710;322;11788;11838;6.75;0.42;284.69;9.09;1078;70;4060.00;50
10710;69;625922824;10710;320;11794;11844;6.78;0.42;284.69;9.10;1084;70;4061.00;50
10712;69;625922846;10712;314;11794;11844;6.77;0.42;284.81;9.10;1082;70;4062.00;50
10713;69;625922864;10713;311;11795;11845;6.78;0.42;284.80;9.10;1082;70;4063.00;50
10715;69;625922878;10715;307;11797;11845;6.73;0.41;284.87;9.11;1082;70;4064.00;48
10718;69;625922892;10718;311;11797;11845;6.73;0.41;284.97;9.11;1079;70;4065.00;48
10721;69;625922905;10721;311;11798;11845;6.78;0.42;285.00;9.12;1077;70;4066.00;47
10725;69;625922919;10725;312;11798;11845;6.79;0.42;285.08;9.12;1073;70;4067.00;47
10730;69;625922933;10730;312;11809;11857;6.79;0.42;285.15;9.12;1079;70;4068.00;48
10735;69;625922949;10735;307;11811;11857;6.71;0.41;285.16;9.13;1076;70;4069.00;46
10739;69;625922963;10739;305;11812;11857;6.66;0.41;285.19;9.13;1073;70;4070.00;45
10742;69;625922978;10742;308;11814;11857;6.61;0.41;285.27;9.14;1072;70;4071.00;43
10747;69;625922991;10747;310;11814;11857;6.55;0.40;285.31;9.14;1067;70;4072.00;43
10750;69;625923004;10750;313;11814;11857;6.52;0.40;285.27;9.14;1064;70;4073.00;43
10754;69;625923017;10754;315;11819;11861;6.50;0.40;285.23;9.15;1065;70;4074.00;42
10755;69;625923030;10755;315;11819;11861;6.50;0.40;285.24;9.15;1064;70;4075.00;42
10760;69;625923043;10760;311;11824;11865;6.44;0.40;285.26;9.16;1064;70;4076.00;41
10768;69;625923056;10768;317;11825;11866;6.34;0.39;285.28;9.15;1057;70;4077.00;41
10771;69;625923068;10771;330;11826;11866;6.21;0.38;285.37;9.15;1055;70;4078.00;40
10776;69;625923080;10776;337;11827;11866;6.08;0.37;285.41;9.16;1051;70;4079.00;39
10785;69;625923095;10785;339;11848;11895;5.96;0.37;285.41;9.15;1063;70;4080.00;47
10790;69;625923110;10790;328;11849;11895;5.86;0.36;285.51;9.15;1059;70;4081.00;46
10797;69;625923122;10797;326;11852;11895;5.79;0.35;285.63;9.15;1055;70;4082.00;43
10800;69;625923135;10800;321;11855;11896;5.75;0.35;285.64;9.15;1055;70;4083.00;41
10804;69;625923147;10804;324;11856;11897;5.76;0.35;285.76;9.16;1052;70;4084.00;41
10809;69;625923160;10809;326;11858;11897;5.74;0.35;285.77;9.17;1049;70;4085.00;39
10813;69;625923172;10813;324;11862;11900;5.74;0.35;285.80;9.17;1049;70;4086.00;38
10816;69;625923185;10816;317;11862;11900;5.77;0.35;285.83;9.17;1046;70;4087.00;38
10820;69;625923198;10820;324;11862;11900;5.80;0.35;285.85;9.17;1042;70;4088.00;38
10825;69;625923210;10825;308;11862;11900;5.81;0.35;285.92;9.17;1037;70;4089.00;38
10827;69;625923222;10827;309;11867;11906;5.93;0.36;285.99;9.17;1040;70;4090.00;39
10828;69;625923234;10828;303;11867;11906;6.05;0.37;286.00;9.17;1039;70;4091.00;39
10832;69;625923247;10832;295;11867;11906;6.14;0.38;286.04;9.17;1035;70;4092.00;39
10832;69;625923260;10832;290;11867;11906;6.26;0.38;286.04;9.17;1035;70;4093.00;39
10839;69;625923279;10839;290;11870;11910;6.34;0.39;286.05;9.17;1031;70;4094.00;40
10841;69;625923294;10841;286;11872;11912;6.45;0.40;286.09;9.16;1031;70;4095.00;40
10844;69;625923307;10844;283;11872;11912;6.53;0.40;286.05;9.16;1028;70;4096.00;40
10846;69;625923320;10846;277;11873;11913;6.63;0.41;286.04;9.16;1027;70;4097.00;40
10850;69;625923332;10850;280;11873;11913;6.72;0.41;286.04;9.16;1023;70;4098.00;40
10856;69;625923345;10856;279;11873;11913;6.75;0.41;286.15;9.16;1017;70;4099.00;40
10861;69;625923359;10861;284;11873;11913;6.82;0.42;286.17;9.16;1012;70;4100.00;40
10863;69;625923376;10863;284;11873;11913;6.88;0.42;286.16;9.16;1010;70;4101.00;40
10868;69;625923391;10868;287;11873;11913;6.96;0.43;286.20;9.16;1005;70;4102.00;40
10871;69;625923405;10871;283;11873;11913;7.07;0.43;286.17;9.16;1002;70;4103.00;40
10874;69;625923418;10874;292;11913;11983;7.10;0.44;286.23;9.13;1039;70;4104.00;70
10878;69;625923437;10878;291;11913;11984;7.17;0.44;286.22;9.13;1035;70;4105.00;71
10881;69;625923451;10881;292;11919;11984;7.31;0.45;286.28;9.13;1038;70;4106.00;65
10889;69;625923465;10889;287;11920;11984;7.34;0.45;286.27;9.13;1031;70;4107.00;64
10892;69;625923480;10892;292;11924;11984;7.47;0.46;286.28;9.13;1032;70;4108.00;60
10898;69;625923494;10898;296;11925;11984;7.51;0.46;286.52;9.13;1027;70;4109.00;59
10902;69;625923509;10902;305;11930;11984;7.52;0.46;286.52;9.12;1028;70;4110.00;54
10907;69;625923523;10907;318;11931;11984;7.52;0.46;286.51;9.12;1024;70;4111.00;53
10914;69;625923538;10914;316;11934;11985;7.47;0.45;286.54;9.12;1020;70;4112.00;51
10919;69;625923552;10919;322;11936;11986;7.43;0.45;286.55;9.12;1017;70;4113.00;50
10921;70;625923566;10921;327;11938;11986;7.42;0.45;286.55;9.12;1017;71;4114.00;48
10927;70;625923592;10927;333;11940;11990;7.38;0.45;286.61;9.12;1013;71;4115.00;50
10929;70;625923606;10929;344;11940;11990;7.32;0.45;286.68;9.12;1011;71;4116.00;50
10931;70;625923619;10931;345;11940;11990;7.26;0.44;286.72;9.12;1009;71;4117.00;50
10935;70;625923633;10935;353;11940;11990;7.21;0.44;286.73;9.12;1005;71;4118.00;50
10940;70;625923647;10940;361;11944;11996;7.14;0.44;286.77;9.12;1004;71;4119.00;52
10943;70;625923661;10943;365;11945;11996;7.07;0.43;286.87;9.12;1002;71;4120.00;51
10947;70;625923674;10947;371;11946;11996;7.03;0.43;286.87;9.12;999;71;4121.00;50
10951;70;625923688;10951;384;11949;11999;7.00;0.43;286.94;9.12;998;71;4122.00;50
10955;70;625923701;10955;392;11949;11999;6.90;0.42;286.96;9.12;994;71;4123.00;50
10959;70;625923714;10959;400;11951;11999;6.76;0.41;286.93;9.12;992;71;4124.00;48
10964;70;625923727;10964;403;11952;12000;6.61;0.40;286.98;9.12;988;71;4125.00;48
10965;70;625923743;10965;413;11953;12001;6.47;0.39;287.01;9.12;988;71;4126.00;48
10973;70;625923756;10973;410;11953;12001;6.29;0.38;286.98;9.12;980;71;4127.00;48
10974;70;625923769;10974;413;11964;12014;6.31;0.38;286.99;9.11;990;71;4128.00;50
10974;70;625923783;10974;421;11964;12014;6.27;0.38;286.99;9.11;990;71;4129.00;50
10976;70;625923801;10976;415;11964;12014;6.24;0.38;286.95;9.11;988;71;4130.00;50
10981;70;625923814;10981;414;11965;12015;6.27;0.38;287.11;9.11;984;71;4131.00;50
10982;70;625923827;10982;414;11965;12015;6.30;0.38;287.16;9.11;983;71;4132.00;50
10983;70;625923840;10983;407;11968;12019;6.33;0.39;287.13;9.11;985;71;4133.00;51
10985;70;625923853;10985;404;11968;12019;6.32;0.39;287.18;9.11;983;71;4134.00;51
10989;70;625923866;10989;411;11972;12023;6.28;0.38;287.14;9.10;983;71;4135.00;51
10989;70;625923879;10989;400;11972;12023;6.29;0.38;287.14;9.10;983;71;4136.00;51
10991;70;625923892;10991;385;11972;12023;6.32;0.39;287.15;9.10;981;71;4137.00;51
10993;70;625923905;10993;378;11972;12023;6.35;0.39;287.14;9.10;979;71;4138.00;51
10996;70;625923917;10996;368;11972;12023;6.38;0.39;287.13;9.10;976;71;4139.00;51
10999;70;625923932;10999;365;11995;12057;6.42;0.39;287.10;9.09;996;71;4140.00;62
11001;70;625923947;11001;363;11997;12057;6.45;0.39;287.08;9.09;996;71;4141.00;60
11003;70;625923960;11003;360;11998;12057;6.44;0.39;287.05;9.08;995;71;4142.00;59
11003;70;625923973;11003;361;11998;12057;6.45;0.40;287.05;9.08;995;71;4143.00;59
11005;70;625923986;11005;365;11999;12057;6.49;0.40;287.02;9.08;994;71;4144.00;58
11006;70;625923998;11006;369;11999;12057;6.53;0.40;287.00;9.08;993;71;4145.00;58
11007;70;625924011;11007;361;12000;12058;6.53;0.40;287.00;9.08;993;71;4146.00;58
11010;70;625924023;11010;356;12000;12058;6.49;0.40;286.99;9.08;990;71;4147.00;58
11012;70;625924041;11012;352;12004;12064;6.55;0.40;286.97;9.08;992;71;4148.00;60
11015;70;625924054;11015;343;12005;12065;6.59;0.40;286.94;9.08;990;71;4149.00;60
11017;70;625924069;11017;346;12006;12065;6.61;0.40;286.91;9.08;989;71;4150.00;59
11018;70;625924081;11018;342;12006;12065;6.61;0.40;286.88;9.08;988;71;4151.00;59
11020;70;625924094;11020;336;12010;12069;6.63;0.40;286.87;9.08;990;71;4152.00;59
11025;71;625924106;11025;339;12010;12069;6.54;0.40;286.93;9.08;985;72;4153.00;59
11029;71;625924135;11029;339;12010;12069;6.50;0.40;286.91;9.08;981;72;4154.00;59
11031;71;625924147;11031;335;12011;12070;6.52;0.40;286.95;9.08;980;72;4155.00;59
11033;71;625924159;11033;335;12015;12074;6.45;0.39;286.92;9.11;982;72;4156.00;59
11034;71;625924171;11034;335;12015;12074;6.44;0.39;286.91;9.11;981;72;4157.00;59
11037;71;625924183;11037;342;12017;12077;6.39;0.39;286.88;9.10;980;72;4158.00;60
11040;71;625924195;11040;345;12017;12077;6.30;0.38;286.85;9.10;977;72;4159.00;60
11041;71;625924207;11041;348;12018;12077;6.25;0.38;286.83;9.10;977;72;4160.00;59
11042;71;625924218;11042;348;12018;12077;6.16;0.38;286.83;9.10;976;72;4161.00;59
11043;71;625924229;11043;349;12021;12081;6.17;0.38;286.83;9.10;978;72;4162.00;60
11044;71;625924241;11044;352;12021;12081;6.09;0.37;286.83;9.10;977;72;4163.00;60
11047;71;625924252;11047;354;12022;12081;6.05;0.37;286.79;9.10;975;72;4164.00;59
11047;71;625924263;11047;351;12022;12081;5.99;0.36;286.79;9.10;975;72;4165.00;59
11047;71;625924274;11047;356;12022;12082;5.92;0.36;286.79;9.10;975;72;4166.00;60
11047;71;625924284;11047;358;12023;12083;5.86;0.36;286.79;9.10;976;72;4167.00;60
11047;71;625924295;11047;367;12023;12083;5.78;0.35;286.79;9.10;976;72;4168.00;60
11050;71;625924305;11050;364;12024;12084;5.66;0.35;286.76;9.10;974;72;4169.00;60
11052;71;625924317;11052;365;12024;12084;5.59;0.34;286.73;9.10;972;72;4170.00;60
11053;71;625924328;11053;355;12024;12084;5.58;0.34;286.75;9.10;971;72;4171.00;60
11055;71;625924338;11055;342;12024;12084;5.54;0.34;286.75;9.10;969;72;4172.00;60
11057;71;625924349;11057;327;12026;12086;5.52;0.34;286.76;9.10;969;72;4173.00;60
11060;71;625924360;11060;314;12026;12086;5.54;0.34;286.74;9.10;966;72;4174.00;60
11061;71;625924371;11061;306;12026;12086;5.54;0.34;286.75;9.10;965;72;4175.00;60
11063;71;625924383;11063;317;12096;12213;5.73;0.36;286.75;9.05;1033;72;4176.00;117
11064;71;625924404;11064;299;12098;12214;5.84;0.36;286.86;9.08;1034;72;4177.00;116
11066;71;625924422;11066;280;12104;12214;6.01;0.37;286.88;9.07;1038;72;4178.00;110
11069;72;625924434;11069;273;12106;12214;6.10;0.38;286.91;9.07;1037;73;4179.00;108
11071;72;625924456;11071;266;12111;12214;6.21;0.38;286.94;9.07;1040;73;4180.00;103
11073;72;625924468;11073;252;12115;12214;6.28;0.39;286.93;9.07;1042;73;4181.00;99
11075;72;625924485;11075;239;12118;12214;6.36;0.39;286.93;9.07;1043;73;4182.00;96
11075;72;625924496;11075;248;12122;12214;6.44;0.40;286.93;9.07;1047;73;4183.00;92
11078;72;625924508;11078;242;12125;12215;6.58;0.40;286.92;9.07;1047;73;4184.00;90
11079;72;625924525;11079;247;12131;12217;6.64;0.41;286.91;9.08;1052;73;4185.00;86
11084;72;625924539;11084;240;12134;12217;6.64;0.41;286.90;9.08;1050;73;4186.00;83
11087;72;625924551;11087;238;12138;12218;6.69;0.41;286.93;9.08;1051;73;4187.00;80
11089;72;625924563;11089;236;12139;12218;6.75;0.41;286.91;9.08;1050;73;4188.00;79
11093;72;625924576;11093;223;12141;12218;6.78;0.41;286.94;9.08;1048;73;4189.00;77
11094;72;625924588;11094;220;12143;12218;6.85;0.42;286.95;9.09;1049;73;4190.00;75
11097;72;625924600;11097;224;12146;12222;6.80;0.42;287.04;9.09;1049;73;4191.00;76
11099;72;625924619;11099;216;12146;12222;6.76;0.41;287.01;9.09;1047;73;4192.00;76
11102;72;625924631;11102;214;12148;12222;6.79;0.42;287.02;9.12;1046;73;4193.00;74
11104;72;625924644;11104;209;12150;12225;6.81;0.42;287.03;9.12;1046;73;4194.00;75
11106;72;625924658;11106;208;12151;12225;6.82;0.42;287.03;9.12;1045;73;4195.00;74
11109;72;625924670;11109;205;12152;12225;6.87;0.42;287.06;9.12;1043;73;4196.00;73
11115;72;625924683;11115;208;12158;12229;6.87;0.42;287.09;9.12;1043;73;4197.00;71
11118;72;625924696;11118;203;12159;12230;6.93;0.42;287.14;9.12;1041;73;4198.00;71
11120;72;625924708;11120;203;12160;12230;6.98;0.42;287.15;9.12;1040;73;4199.00;70
11123;72;625924724;11123;210;12169;12264;7.02;0.43;287.17;9.14;1046;73;4200.00;95
11126;72;625924748;11126;209;12169;12264;7.01;0.43;287.28;9.14;1043;73;4201.00;95
11129;72;625924775;11129;210;12173;12264;7.00;0.43;287.27;9.14;1044;73;4202.00;91
11132;72;625924795;11132;202;12175;12265;7.04;0.43;287.28;9.14;1043;73;4203.00;90
11134;72;625924815;11134;205;12175;12265;7.14;0.43;287.33;9.14;1041;73;4204.00;90
11136;72;625924834;11136;204;12179;12271;7.21;0.44;287.34;9.14;1043;73;4205.00;92
11138;72;625924854;11138;202;12181;12271;7.25;0.44;287.34;9.14;1043;73;4206.00;90
11140;72;625924868;11140;201;12182;12272;7.33;0.45;287.38;9.14;1042;73;4207.00;90
11142;72;625924882;11142;206;12183;12272;7.42;0.45;287.42;9.14;1041;73;4208.00;89
11144;72;625924897;11144;205;12184;12272;7.47;0.45;287.48;9.14;1040;73;4209.00;88
11147;72;625924911;11147;208;12185;12272;7.53;0.46;287.49;9.16;1038;73;4210.00;87
11150;72;625924926;11150;206;12186;12272;7.57;0.46;287.50;9.16;1036;73;4211.00;86
11153;72;625924941;11153;215;12196;12284;7.61;0.46;287.50;9.16;1043;73;4212.00;88
11153;72;625924956;11153;220;12200;12284;7.66;0.46;287.50;9.18;1047;73;4213.00;84
11156;72;625924971;11156;222;12201;12284;7.69;0.47;287.56;9.18;1045;73;4214.00;83
11158;72;625924986;11158;220;12202;12284;7.76;0.47;287.53;9.19;1044;73;4215.00;82
11161;72;625925002;11161;219;12203;12284;7.82;0.48;287.60;9.20;1042;73;4216.00;81
11164;72;625925017;11164;219;12205;12284;7.88;0.48;287.72;9.21;1041;73;4217.00;79
11165;72;625925031;11165;223;12210;12288;7.91;0.48;287.70;9.22;1045;73;4218.00;78
11167;72;625925046;11167;218;12211;12288;7.86;0.48;287.73;9.23;1044;73;4219.00;77
11168;72;625925069;11168;219;12215;12292;7.85;0.48;287.72;9.24;1047;73;4220.00;77
11171;72;625925085;11171;223;12216;12293;7.87;0.48;287.77;9.24;1045;73;4221.00;77
11173;72;625925100;11173;223;12218;12293;7.83;0.48;287.73;9.25;1045;73;4222.00;75
11176;72;625925113;11176;230;12220;12293;7.79;0.48;287.77;9.26;1044;73;4223.00;73
11179;72;625925127;11179;224;12229;12306;7.72;0.47;287.79;9.27;1050;73;4224.00;77
11183;72;625925141;11183;235;12232;12306;7.61;0.46;287.83;9.27;1049;73;4225.00;74
11186;72;625925155;11186;236;12232;12306;7.56;0.46;287.85;9.27;1046;73;4226.00;74
11188;72;625925171;11188;241;12235;12307;7.49;0.46;287.92;9.28;1047;73;4227.00;72
11191;72;625925192;11191;246;12236;12308;7.40;0.45;287.93;9.29;1045;73;4228.00;72
11194;72;625925205;11194;241;12238;12308;7.31;0.45;287.99;9.30;1044;73;4229.00;70
11200;72;625925221;11200;236;12241;12314;7.26;0.44;288.06;9.30;1041;73;4230.00;73
11202;72;625925235;11202;241;12243;12314;7.21;0.44;288.10;9.31;1041;73;4231.00;71
11204;72;625925248;11204;242;12243;12314;7.22;0.44;288.15;9.31;1039;73;4232.00;71
11205;72;625925261;11205;243;12243;12314;7.17;0.44;288.18;9.31;1038;73;4233.00;71
11208;72;625925275;11208;249;12250;12320;7.13;0.44;288.15;9.32;1042;73;4234.00;70
11211;72;625925289;11211;253;12250;12320;7.08;0.43;288.18;9.32;1039;73;4235.00;70
11212;72;625925302;11212;251;12251;12320;7.06;0.43;288.17;9.34;1039;73;4236.00;69
11215;72;625925316;11215;248;12251;12320;7.04;0.43;288.13;9.34;1036;73;4237.00;69
11217;72;625925328;11217;251;12254;12324;6.99;0.43;288.18;9.33;1037;73;4238.00;70
11223;72;625925342;11223;250;12256;12325;6.96;0.42;288.22;9.34;1033;73;4239.00;69
11224;72;625925356;11224;261;12258;12325;6.90;0.42;288.24;9.36;1034;73;4240.00;67
11226;72;625925368;11226;256;12259;12326;6.87;0.42;288.30;9.36;1033;73;4241.00;67
11231;72;625925381;11231;260;12260;12326;6.78;0.41;288.37;9.37;1029;73;4242.00;66
11235;72;625925394;11235;263;12262;12326;6.72;0.41;288.36;9.39;1027;73;4243.00;64
11242;72;625925406;11242;269;12263;12326;6.63;0.40;288.34;9.40;1021;73;4244.00;63
11245;72;625925418;11245;270;12263;12326;6.58;0.40;288.34;9.40;1018;73;4245.00;63
11248;72;625925439;11248;277;12265;12326;6.51;0.40;288.39;9.40;1017;73;4246.00;61
11251;72;625925452;11251;281;12267;12326;6.41;0.39;288.48;9.42;1016;73;4247.00;59
11257;72;625925464;11257;295;12303;12396;6.36;0.39;288.55;9.41;1046;73;4248.00;93
11260;72;625925482;11260;302;12305;12397;6.28;0.39;288.61;9.42;1045;73;4249.00;92
11265;72;625925496;11265;292;12310;12397;6.24;0.38;288.68;9.42;1045;73;4250.00;87
11268;72;625925508;11268;287;12317;12397;6.19;0.38;288.74;9.42;1049;73;4251.00;80
11273;72;625925520;11273;281;12320;12397;6.17;0.38;288.77;9.43;1047;73;4252.00;77
11277;72;625925531;11277;273;12323;12397;6.24;0.38;288.85;9.43;1046;73;4253.00;74
11281;72;625925543;11281;277;12326;12397;6.27;0.39;288.88;9.44;1045;73;4254.00;71
11286;72;625925555;11286;286;12330;12397;6.30;0.39;288.90;9.44;1044;73;4255.00;67
11289;72;625925568;11289;292;12335;12398;6.34;0.39;288.97;9.45;1046;73;4256.00;63
11293;72;625925580;11293;288;12338;12399;6.37;0.39;289.01;9.45;1045;73;4257.00;61
11298;72;625925593;11298;285;12343;12399;6.39;0.39;289.17;9.46;1045;73;4258.00;56
11300;72;625925606;11300;292;12348;12403;6.43;0.39;289.17;9.46;1048;73;4259.00;55
11305;72;625925621;11305;293;12349;12403;6.36;0.39;289.20;9.46;1044;73;4260.00;54
11311;72;625925634;11311;290;12349;12403;6.34;0.39;289.24;9.46;1038;73;4261.00;54
11313;72;625925647;11313;297;12350;12403;6.39;0.39;289.27;9.46;1037;73;4262.00;53
11318;72;625925659;11318;301;12353;12409;6.35;0.39;289.31;9.46;1035;73;4263.00;56
11324;72;625925672;11324;305;12354;12409;6.35;0.39;289.34;9.46;1030;73;4264.00;55
11328;72;625925684;11328;307;12355;12409;6.35;0.39;289.35;9.46;1027;73;4265.00;54
11332;72;625925696;11332;302;12358;12412;6.40;0.39;289.35;9.46;1026;73;4266.00;54
11334;72;625925709;11334;306;12358;12412;6.42;0.39;289.40;9.46;1024;73;4267.00;54
11342;72;625925722;11342;305;12360;12412;6.42;0.39;289.38;9.46;1018;73;4268.00;52
11345;72;625925734;11345;312;12360;12413;6.41;0.39;289.41;9.46;1015;73;4269.00;53
11353;72;625925748;11353;316;12361;12414;6.39;0.39;289.46;9.46;1008;73;4270.00;53
11359;73;625925760;11359;315;12362;12414;6.38;0.39;289.62;9.46;1003;74;4271.00;52
11364;73;625925793;11364;321;12373;12427;6.42;0.39;289.66;9.46;1009;74;4272.00;54
11368;73;625925806;11368;321;12375;12427;6.38;0.39;289.65;9.46;1007;74;4273.00;52
11377;73;625925819;11377;320;12375;12427;6.29;0.38;289.68;9.46;998;74;4274.00;52
11381;73;625925831;11381;329;12378;12429;6.25;0.38;289.65;9.46;997;74;4275.00;51
11386;73;625925844;11386;326;12380;12429;6.20;0.38;289.69;9.46;994;74;4276.00;49
11391;73;625925856;11391;334;12382;12433;6.17;0.37;289.75;9.46;991;74;4277.00;51
11392;73;625925868;11392;335;12382;12433;6.22;0.38;289.76;9.46;990;74;4278.00;51
11398;73;625925880;11398;343;12386;12437;6.21;0.38;289.84;9.46;988;74;4279.00;51
11400;73;625925898;11400;348;12387;12437;6.22;0.38;289.82;9.45;987;74;4280.00;50
11403;73;625925910;11403;352;12388;12437;6.24;0.38;289.81;9.45;985;74;4281.00;49
11406;73;625925922;11406;352;12388;12437;6.27;0.38;289.77;9.45;982;74;4282.00;49
11409;73;625925935;11409;356;12388;12437;6.20;0.38;289.75;9.45;979;74;4283.00;49
11414;73;625925947;11414;358;12399;12449;6.26;0.38;289.77;9.45;985;74;4284.00;50
11416;73;625925962;11416;371;12399;12449;6.25;0.38;289.77;9.45;983;74;4285.00;50
11420;73;625925975;11420;379;12399;12449;6.20;0.38;289.83;9.45;979;74;4286.00;50
11421;73;625925987;11421;381;12399;12449;6.16;0.38;289.84;9.45;978;74;4287.00;50
11422;73;625926000;11422;386;12399;12449;6.16;0.38;289.84;9.45;977;74;4288.00;50
11423;73;625926013;11423;391;12399;12449;6.16;0.38;289.85;9.45;976;74;4289.00;50
11427;73;625926026;11427;401;12399;12450;6.08;0.37;289.82;9.45;972;74;4290.00;51
11429;73;625926038;11429;406;12399;12450;6.06;0.37;289.82;9.45;970;74;4291.00;51
11430;73;625926049;11430;409;12403;12456;6.11;0.37;289.81;9.44;973;74;4292.00;53
11435;73;625926061;11435;416;12405;12457;6.04;0.37;289.86;9.44;970;74;4293.00;52
11439;73;625926073;11439;425;12405;12457;5.98;0.36;289.85;9.44;966;74;4294.00;52
11441;73;625926085;11441;431;12405;12457;5.91;0.36;289.83;9.44;964;74;4295.00;52
11443;73;625926097;11443;439;12408;12461;5.85;0.36;289.84;9.44;965;74;4296.00;53
11444;73;625926108;11444;432;12408;12461;5.80;0.35;289.83;9.44;964;74;4297.00;53
11446;73;625926120;11446;425;12408;12461;5.74;0.35;289.81;9.44;962;74;4298.00;53
11449;73;625926131;11449;424;12409;12462;5.73;0.35;289.83;9.44;960;74;4299.00;53
11451;73;625926145;11451;422;12412;12466;5.74;0.35;289.78;9.44;961;74;4300.00;54
11454;73;625926161;11454;422;12412;12466;5.75;0.35;289.82;9.44;958;74;4301.00;54
11457;73;625926173;11457;423;12414;12469;5.77;0.35;289.78;9.44;957;74;4302.00;55
11457;73;625926185;11457;424;12414;12469;5.79;0.35;289.78;9.44;957;74;4303.00;55
11458;73;625926196;11458;423;12415;12469;5.80;0.35;289.76;9.43;957;74;4304.00;54
11460;73;625926208;11460;424;12415;12469;5.85;0.36;289.72;9.43;955;74;4305.00;54
11462;73;625926219;11462;410;12418;12473;5.90;0.36;289.70;9.43;956;74;4306.00;55
11464;73;625926231;11464;405;12419;12473;5.97;0.36;289.71;9.43;955;74;4307.00;54
11465;73;625926242;11465;393;12419;12473;6.04;0.37;289.70;9.43;954;74;4308.00;54
11470;73;625926255;11470;378;12419;12473;6.03;0.37;289.68;9.43;949;74;4309.00;54
11470;73;625926267;11470;371;12419;12474;6.06;0.37;289.68;9.43;949;74;4310.00;55
11471;73;625926285;11471;358;12420;12475;6.10;0.37;289.66;9.43;949;74;4311.00;55
11473;73;625926297;11473;355;12420;12475;6.08;0.37;289.65;9.43;947;74;4312.00;55
11474;73;625926309;11474;353;12421;12476;6.10;0.37;289.65;9.43;947;74;4313.00;55
11475;73;625926321;11475;356;12421;12476;6.13;0.37;289.66;9.43;946;74;4314.00;55
11477;73;625926333;11477;361;12421;12476;6.16;0.37;289.65;9.43;944;74;4315.00;55
11481;73;625926345;11481;363;12421;12476;6.20;0.38;289.71;9.43;940;74;4316.00;55
11483;73;625926356;11483;362;12421;12476;6.25;0.38;289.68;9.43;938;74;4317.00;55
11484;73;625926368;11484;361;12421;12476;6.27;0.38;289.68;9.43;937;74;4318.00;55
11485;73;625926379;11485;358;12421;12476;6.26;0.38;289.66;9.43;936;74;4319.00;55
11485;73;625926392;11485;402;12532;12706;6.50;0.41;289.66;9.35;1047;74;4320.00;174
11486;73;625926420;11486;385;12535;12707;6.53;0.41;289.66;9.35;1049;74;4321.00;172
11487;73;625926432;11487;371;12545;12707;6.59;0.41;289.65;9.34;1058;74;4322.00;162
11488;73;625926444;11488;347;12551;12707;6.65;0.41;289.64;9.34;1063;74;4323.00;156
11490;73;625926457;11490;344;12558;12707;6.64;0.41;289.71;9.33;1068;74;4324.00;149
11493;73;625926469;11493;335;12562;12707;6.60;0.41;289.66;9.33;1069;74;4325.00;145
11493;73;625926482;11493;334;12567;12707;6.62;0.41;289.66;9.33;1074;74;4326.00;140
11493;73;625926494;11493;335;12572;12707;6.63;0.41;289.66;9.33;1079;74;4327.00;135
11493;73;625926506;11493;330;12576;12708;6.58;0.41;289.66;9.33;1083;74;4328.00;132
11494;73;625926519;11494;331;12580;12709;6.56;0.41;289.66;9.33;1086;74;4329.00;129
11494;73;625926539;11494;325;12583;12709;6.53;0.40;289.66;9.33;1089;74;4330.00;126
11494;73;625926552;11494;327;12588;12710;6.47;0.40;289.66;9.33;1094;74;4331.00;122
11496;73;625926570;11496;322;12592;12710;6.38;0.40;289.67;9.37;1096;74;4332.00;118
11498;73;625926589;11498;323;12597;12710;6.26;0.39;289.66;9.37;1099;74;4333.00;113
11498;73;625926602;11498;332;12599;12710;6.20;0.38;289.66;9.37;1101;74;4334.00;111
11500;73;625926614;11500;336;12602;12714;6.17;0.38;289.66;9.37;1102;74;4335.00;112
11500;73;625926627;11500;349;12604;12714;6.11;0.38;289.66;9.37;1104;74;4336.00;110
11501;73;625926640;11501;354;12606;12714;6.09;0.38;289.65;9.37;1105;74;4337.00;108
11505;73;625926658;11505;364;12607;12717;6.07;0.37;289.69;9.37;1102;74;4338.00;110
11506;73;625926671;11506;374;12608;12717;6.07;0.37;289.67;9.37;1102;74;4339.00;109
11508;73;625926683;11508;371;12608;12717;6.06;0.37;289.67;9.37;1100;74;4340.00;109
11508;73;625926701;11508;368;12612;12721;6.11;0.37;289.67;9.37;1104;74;4341.00;109
11510;73;625926714;11510;359;12615;12722;6.13;0.37;289.65;9.37;1105;74;4342.00;107
11512;73;625926727;11512;357;12615;12722;6.17;0.38;289.64;9.37;1103;74;4343.00;107
11514;73;625926741;11514;354;12616;12726;6.23;0.38;289.68;9.37;1102;74;4344.00;110
11517;73;625926760;11517;342;12618;12726;6.21;0.38;289.79;9.37;1101;74;4345.00;108
11518;73;625926780;11518;339;12619;12726;6.21;0.38;289.78;9.37;1101;74;4346.00;107
11521;73;625926800;11521;344;12621;12727;6.20;0.38;289.83;9.41;1100;74;4347.00;106
11522;73;625926820;11522;338;12621;12727;6.17;0.38;289.87;9.41;1099;74;4348.00;106
11526;73;625926839;11526;336;12623;12733;6.11;0.37;289.91;9.40;1097;74;4349.00;110
11529;73;625926857;11529;334;12625;12733;6.02;0.37;289.96;9.44;1096;74;4350.00;108
11532;73;625926872;11532;334;12625;12734;5.98;0.37;289.98;9.44;1093;74;4351.00;109
11539;73;625926886;11539;327;12627;12734;5.84;0.36;289.97;9.47;1088;74;4352.00;107
11542;73;625926900;11542;320;12627;12734;5.86;0.36;289.96;9.47;1085;74;4353.00;107
11546;73;625926915;11546;310;12627;12734;5.90;0.36;290.02;9.47;1081;74;4354.00;107
11547;73;625926930;11547;303;12629;12734;5.94;0.36;290.05;9.49;1082;74;4355.00;105
11550;73;625926944;11550;301;12640;12746;6.08;0.37;290.10;9.48;1090;74;4356.00;106
11552;73;625926962;11552;299;12641;12746;6.14;0.37;290.11;9.51;1089;74;4357.00;105
11555;73;625926976;11555;289;12643;12746;6.16;0.37;290.11;9.51;1088;74;4358.00;103
11558;73;625926990;11558;283;12644;12746;6.18;0.38;290.17;9.51;1086;74;4359.00;102
11561;73;625927003;11561;274;12646;12746;6.22;0.38;290.16;9.51;1085;74;4360.00;100
11563;73;625927016;11563;275;12646;12746;6.28;0.38;290.15;9.51;1083;74;4361.00;100
11566;73;625927029;11566;284;12650;12750;6.33;0.38;290.15;9.54;1084;74;4362.00;100
11567;73;625927044;11567;285;12650;12750;6.43;0.39;290.15;9.54;1083;74;4363.00;100
11573;73;625927057;11573;276;12653;12754;6.50;0.39;290.11;9.57;1080;74;4364.00;101
11575;73;625927071;11575;284;12656;12756;6.57;0.40;290.09;9.57;1081;74;4365.00;100
11578;73;625927085;11578;281;12656;12756;6.62;0.40;290.14;9.57;1078;74;4366.00;100
11579;73;625927099;11579;273;12657;12756;6.64;0.40;290.14;9.57;1078;74;4367.00;99
11582;73;625927113;11582;271;12669;12769;6.73;0.41;290.17;9.61;1087;74;4368.00;100
11584;73;625927127;11584;271;12670;12769;6.75;0.41;290.26;9.61;1086;74;4369.00;99
11585;73;625927141;11585;270;12672;12769;6.83;0.42;290.27;9.64;1087;74;4370.00;97
11588;73;625927155;11588;271;12673;12770;6.95;0.42;290.29;9.64;1085;74;4371.00;97
11589;73;625927169;11589;278;12674;12771;7.04;0.43;290.30;9.65;1085;74;4372.00;97
11590;73;625927183;11590;277;12674;12771;7.11;0.43;290.33;9.65;1084;74;4373.00;97
11593;73;625927198;11593;272;12676;12774;7.13;0.43;290.39;9.64;1083;74;4374.00;98
11596;73;625927215;11596;271;12678;12774;7.24;0.44;290.39;9.65;1082;74;4375.00;96
11599;73;625927230;11599;273;12680;12774;7.35;0.45;290.47;9.66;1081;74;4376.00;94
11604;73;625927244;11604;276;12681;12774;7.37;0.45;290.49;9.66;1077;74;4377.00;93
11604;73;625927260;11604;276;12685;12780;7.44;0.45;290.49;9.66;1081;74;4378.00;95
11611;73;625927276;11611;274;12686;12780;7.45;0.45;290.52;9.66;1075;74;4379.00;94
11614;73;625927292;11614;280;12689;12780;7.47;0.45;290.61;9.68;1075;74;4380.00;91
11618;73;625927307;11618;283;12690;12780;7.47;0.45;290.60;9.69;1072;74;4381.00;90
11620;73;625927322;11620;283;12693;12784;7.45;0.45;290.65;9.69;1073;74;4382.00;91
11625;73;625927336;11625;292;12698;12785;7.43;0.45;290.72;9.71;1073;74;4383.00;87
11627;73;625927351;11627;300;12699;12785;7.43;0.45;290.75;9.72;1072;74;4384.00;86
11629;73;625927365;11629;296;12703;12786;7.48;0.45;290.74;9.74;1074;74;4385.00;83
11632;73;625927379;11632;311;12705;12786;7.50;0.46;290.81;9.75;1073;74;4386.00;81
11635;73;625927393;11635;313;12706;12786;7.57;0.46;290.93;9.77;1071;74;4387.00;80
11637;73;625927407;11637;315;12707;12786;7.59;0.46;290.95;9.77;1070;74;4388.00;79
11641;73;625927422;11641;315;12710;12786;7.62;0.46;290.96;9.79;1069;74;4389.00;76
11644;73;625927436;11644;311;12713;12786;7.58;0.46;291.03;9.81;1069;74;4390.00;73
11646;73;625927450;11646;308;12714;12786;7.58;0.46;291.03;9.81;1068;74;4391.00;72
11651;73;625927463;11651;315;12749;12856;7.60;0.46;291.09;9.81;1098;74;4392.00;107
11655;73;625927484;11655;311;12753;12857;7.61;0.46;291.16;9.81;1098;74;4393.00;104
11657;73;625927499;11657;309;12761;12857;7.62;0.46;291.19;9.82;1104;74;4394.00;96
11660;73;625927519;11660;313;12764;12857;7.54;0.46;291.23;9.82;1104;74;4395.00;93
11662;73;625927533;11662;318;12769;12857;7.47;0.45;291.31;9.82;1107;74;4396.00;88
11665;73;625927548;11665;322;12772;12857;7.41;0.45;291.35;9.82;1107;74;4397.00;85
11666;73;625927563;11666;323;12779;12857;7.36;0.45;291.34;9.83;1113;74;4398.00;78
11669;73;625927577;11669;324;12782;12857;7.31;0.44;291.33;9.83;1113;74;4399.00;75
11670;73;625927592;11670;322;12788;12858;7.30;0.44;291.36;9.86;1118;74;4400.00;70
11676;73;625927611;11676;328;12789;12859;7.28;0.44;291.37;9.86;1113;74;4401.00;70
11677;73;625927626;11677;319;12791;12859;7.25;0.44;291.37;9.87;1114;74;4402.00;68
11679;73;625927647;11679;324;12793;12863;7.22;0.44;291.38;9.87;1114;74;4403.00;70
11680;73;625927664;11680;323;12794;12863;7.19;0.44;291.40;9.87;1114;74;4404.00;69
11684;73;625927678;11684;329;12795;12863;7.18;0.44;291.42;9.88;1111;74;4405.00;68
11686;73;625927693;11686;336;12795;12863;7.19;0.44;291.42;9.88;1109;74;4406.00;68
11687;73;625927707;11687;330;12802;12869;7.26;0.44;291.45;9.89;1115;74;4407.00;67
11689;73;625927722;11689;330;12802;12869;7.31;0.45;291.45;9.89;1113;74;4408.00;67
11692;73;625927737;11692;331;12802;12869;7.31;0.45;291.58;9.89;1110;74;4409.00;67
11697;73;625927753;11697;335;12807;12875;7.27;0.44;291.72;9.90;1110;74;4410.00;68
11698;73;625927769;11698;339;12809;12875;7.19;0.44;291.73;9.90;1111;74;4411.00;66
11702;73;625927783;11702;341;12809;12875;7.06;0.43;291.77;9.90;1107;74;4412.00;66
11704;73;625927797;11704;344;12812;12876;6.96;0.43;291.79;9.93;1108;74;4413.00;64
11707;73;625927811;11707;344;12813;12877;6.90;0.42;291.82;9.93;1106;74;4414.00;64
11717;73;625927824;11717;356;12814;12877;6.74;0.41;291.85;9.94;1097;74;4415.00;63
11721;73;625927838;11721;361;12826;12890;6.60;0.40;291.84;9.93;1105;74;4416.00;64
11724;73;625927863;11724;363;12826;12890;6.41;0.39;291.85;9.93;1102;74;4417.00;64
11728;73;625927876;11728;370;12827;12890;6.23;0.38;291.89;9.94;1099;74;4418.00;63
11731;73;625927890;11731;375;12828;12891;6.08;0.37;291.88;9.94;1097;74;4419.00;63
11736;73;625927902;11736;366;12828;12891;5.94;0.36;291.91;9.94;1092;74;4420.00;63
11742;73;625927914;11742;360;12834;12895;5.83;0.36;291.91;9.96;1092;74;4421.00;61
11746;73;625927928;11746;362;12834;12895;5.80;0.35;291.93;9.96;1088;74;4422.00;61
11749;73;625927940;11749;362;12837;12899;5.81;0.35;291.97;9.96;1088;74;4423.00;62
11751;74;625927952;11751;363;12839;12899;5.83;0.36;292.01;9.96;1088;75;4424.00;60
11756;74;625927976;11756;357;12840;12899;5.81;0.36;292.06;9.97;1084;75;4425.00;59
11757;74;625927989;11757;357;12840;12899;5.84;0.36;292.07;9.97;1083;75;4426.00;59
11763;74;625928001;11763;360;12845;12899;5.83;0.36;292.07;10.00;1082;75;4427.00;54
11766;74;625928014;11766;360;12857;12911;5.91;0.36;292.08;9.99;1091;75;4428.00;54
11769;74;625928028;11769;353;12857;12911;5.94;0.36;292.14;9.99;1088;75;4429.00;54
11772;74;625928040;11772;355;12858;12911;5.96;0.36;292.16;10.00;1086;75;4430.00;53
11774;74;625928052;11774;348;12858;12911;6.03;0.37;292.13;10.00;1084;75;4431.00;53
11782;74;625928064;11782;341;12858;12911;6.06;0.37;292.22;10.00;1076;75;4432.00;53
11784;74;625928077;11784;340;12858;12911;6.15;0.38;292.24;10.00;1074;75;4433.00;53
11788;74;625928090;11788;340;12858;12912;6.22;0.38;292.32;10.00;1070;75;4434.00;54
11793;74;625928103;11793;340;12858;12912;6.26;0.38;292.38;10.00;1065;75;4435.00;54
11796;74;625928116;11796;340;12862;12918;6.35;0.39;292.45;10.00;1066;75;4436.00;56
11803;74;625928134;11803;352;12863;12919;6.33;0.39;292.43;9.99;1060;75;4437.00;56
11808;74;625928147;11808;354;12864;12919;6.35;0.39;292.48;9.99;1056;75;4438.00;55
11813;74;625928160;11813;362;12864;12919;6.35;0.39;292.49;9.99;1051;75;4439.00;55
11817;74;625928174;11817;371;12868;12924;6.36;0.39;292.52;9.99;1051;75;4440.00;56
11821;74;625928187;11821;375;12868;12924;6.36;0.39;292.53;9.99;1047;75;4441.00;56
11826;74;625928200;11826;384;12868;12924;6.30;0.39;292.56;9.99;1042;75;4442.00;56
11828;74;625928213;11828;387;12869;12925;6.29;0.39;292.54;9.99;1041;75;4443.00;56
11831;74;625928226;11831;384;12872;12929;6.26;0.38;292.57;9.99;1041;75;4444.00;57
11835;74;625928239;11835;392;12872;12929;6.23;0.38;292.54;9.99;1037;75;4445.00;57
11837;74;625928252;11837;396;12874;12932;6.29;0.39;292.54;9.99;1037;75;4446.00;58
11844;74;625928265;11844;399;12875;12932;6.25;0.38;292.52;9.99;1031;75;4447.00;57
11848;74;625928278;11848;396;12875;12932;6.22;0.38;292.51;9.99;1027;75;4448.00;57
11852;74;625928290;11852;402;12875;12932;6.18;0.38;292.50;9.99;1023;75;4449.00;57
11861;74;625928303;11861;403;12878;12936;6.12;0.37;292.44;9.98;1017;75;4450.00;58
11862;74;625928317;11862;413;12879;12936;6.09;0.37;292.45;10.02;1017;75;4451.00;57
11869;74;625928329;11869;419;12880;12936;6.06;0.37;292.39;10.02;1011;75;4452.00;56
11872;74;625928342;11872;423;12880;12936;6.00;0.37;292.37;10.02;1008;75;4453.00;56
11876;74;625928355;11876;424;12880;12937;5.97;0.37;292.31;10.02;1004;75;4454.00;57
11879;74;625928367;11879;424;12882;12939;6.04;0.37;292.28;10.02;1003;75;4455.00;57
11881;74;625928379;11881;422;12882;12939;6.01;0.37;292.31;10.02;1001;75;4456.00;57
11885;74;625928392;11885;428;12883;12940;6.00;0.37;292.24;10.02;998;75;4457.00;57
11885;74;625928403;11885;437;12883;12940;5.98;0.37;292.24;10.02;998;75;4458.00;57
11888;74;625928416;11888;439;12883;12940;6.00;0.37;292.24;10.02;995;75;4459.00;57
11892;74;625928427;11892;445;12883;12940;5.96;0.36;292.23;10.02;991;75;4460.00;57
11893;74;625928440;11893;455;12883;12940;5.95;0.36;292.23;10.02;990;75;4461.00;57
11898;74;625928452;11898;459;12883;12940;5.90;0.36;292.19;10.02;985;75;4462.00;57
11899;74;625928463;11899;463;12883;12940;5.82;0.36;292.17;10.02;984;75;4463.00;57
11901;74;625928475;11901;482;12948;13067;6.15;0.38;292.15;9.97;1047;75;4464.00;119
11904;74;625928499;11904;476;12953;13068;6.05;0.38;292.17;9.96;1049;75;4465.00;115
11904;74;625928511;11904;481;12959;13068;6.02;0.37;292.17;9.96;1055;75;4466.00;109
11909;74;625928523;11909;469;12964;13068;6.00;0.37;292.27;9.96;1055;75;4467.00;104
11909;74;625928536;11909;459;12970;13068;6.04;0.38;292.27;9.96;1061;75;4468.00;98
11913;74;625928549;11913;454;12971;13068;6.04;0.38;292.26;9.96;1058;75;4469.00;97
11918;74;625928563;11918;452;12976;13068;6.04;0.37;292.23;9.95;1058;75;4470.00;92
11919;74;625928582;11919;452;12977;13068;6.06;0.37;292.26;9.95;1058;75;4471.00;91
11920;74;625928595;11920;448;12982;13069;6.15;0.38;292.26;9.99;1062;75;4472.00;87
11923;74;625928608;11923;454;12984;13070;6.15;0.38;292.27;9.99;1061;75;4473.00;86
11924;74;625928626;11924;461;12987;13070;6.14;0.38;292.26;9.99;1063;75;4474.00;83
11925;74;625928640;11925;450;12989;13071;6.09;0.37;292.25;9.99;1064;75;4475.00;82
11926;74;625928653;11926;436;12993;13071;6.11;0.38;292.24;9.99;1067;75;4476.00;78
11928;74;625928667;11928;418;12993;13071;6.18;0.38;292.24;9.99;1065;75;4477.00;78
11929;74;625928681;11929;406;12998;13071;6.33;0.39;292.23;9.99;1069;75;4478.00;73
11931;74;625928694;11931;401;13003;13075;6.45;0.40;292.21;9.99;1072;75;4479.00;72
11932;74;625928709;11932;393;13005;13075;6.57;0.40;292.21;9.99;1073;75;4480.00;70
11933;74;625928723;11933;382;13005;13075;6.65;0.41;292.21;9.99;1072;75;4481.00;70
11933;74;625928738;11933;369;13008;13078;6.78;0.41;292.21;9.99;1075;75;4482.00;70
11934;75;625928758;11934;365;13009;13078;6.89;0.42;292.19;9.99;1075;76;4483.00;69
11935;75;625928815;11935;354;13010;13078;6.96;0.43;292.18;9.99;1075;76;4484.00;68
11936;75;625928867;11936;349;13013;13082;7.03;0.43;292.16;9.99;1077;76;4485.00;69
11936;75;625928885;11936;336;13015;13083;7.07;0.43;292.16;9.99;1079;76;4486.00;68
11936;75;625928900;11936;326;13015;13083;7.12;0.44;292.16;9.99;1079;76;4487.00;68
11941;75;625928915;11941;320;13018;13087;7.16;0.44;292.12;9.99;1077;76;4488.00;69
11943;75;625928932;11943;314;13018;13087;7.17;0.44;292.11;9.99;1075;76;4489.00;69
11945;75;625928948;11945;309;13018;13087;7.19;0.44;292.08;9.99;1073;76;4490.00;69
11946;75;625928964;11946;297;13019;13088;7.23;0.44;292.07;9.99;1073;76;4491.00;69
11947;75;625928979;11947;291;13019;13088;7.25;0.44;292.06;9.99;1072;76;4492.00;69
11949;75;625929001;11949;284;13024;13094;7.27;0.44;292.04;10.02;1075;76;4493.00;70
11950;75;625929016;11950;290;13024;13094;7.28;0.44;292.03;10.02;1074;76;4494.00;70
11953;75;625929031;11953;284;13025;13095;7.26;0.44;291.99;10.02;1072;76;4495.00;70
11955;75;625929045;11955;291;13025;13095;7.25;0.44;291.97;10.02;1070;76;4496.00;70
11958;75;625929060;11958;286;13025;13095;7.24;0.44;292.03;10.02;1067;76;4497.00;70
11964;75;625929075;11964;285;13025;13095;7.22;0.44;292.06;10.02;1061;76;4498.00;70
11965;75;625929091;11965;282;13025;13095;7.19;0.44;292.06;10.02;1060;76;4499.00;70
11969;75;625929108;11969;292;13048;13145;7.12;0.43;292.03;10.00;1079;76;4500.00;97
11969;75;625929130;11969;286;13049;13147;7.13;0.43;292.03;10.00;1080;76;4501.00;98
11969;75;625929150;11969;291;13051;13147;7.14;0.43;292.03;10.00;1082;76;4502.00;96
11972;75;625929164;11972;291;13051;13147;7.13;0.43;292.05;10.00;1079;76;4503.00;96
11977;75;625929178;11977;293;13052;13147;7.08;0.43;292.12;10.00;1075;76;4504.00;95
11978;75;625929192;11978;295;13052;13147;7.12;0.43;292.15;10.00;1074;76;4505.00;95
11979;75;625929207;11979;291;13058;13151;7.11;0.43;292.19;10.00;1079;76;4506.00;93
11982;75;625929220;11982;287;13058;13151;7.00;0.43;292.26;10.00;1076;76;4507.00;93
11983;75;625929234;11983;293;13062;13155;6.96;0.42;292.26;10.00;1079;76;4508.00;93
11985;75;625929249;11985;294;13064;13156;6.91;0.42;292.28;10.00;1079;76;4509.00;92
11989;75;625929263;11989;294;13065;13156;6.88;0.42;292.38;10.00;1076;76;4510.00;91
11992;75;625929278;11992;299;13065;13156;6.89;0.42;292.43;10.00;1073;76;4511.00;91
11993;75;625929293;11993;297;13072;13169;6.85;0.42;292.45;9.99;1079;76;4512.00;97
11996;75;625929308;11996;290;13073;13169;6.83;0.42;292.51;9.99;1077;76;4513.00;96
11998;75;625929322;11998;289;13073;13169;6.83;0.42;292.56;9.99;1075;76;4514.00;96
12005;75;625929335;12005;297;13075;13170;6.84;0.42;292.67;9.99;1070;76;4515.00;95
12007;75;625929350;12007;285;13075;13171;6.84;0.42;292.67;9.99;1068;76;4516.00;96
12012;75;625929363;12012;278;13075;13171;6.86;0.42;292.78;9.99;1063;76;4517.00;96
12015;75;625929376;12015;277;13077;13174;6.92;0.42;292.78;9.99;1062;76;4518.00;97
12020;75;625929390;12020;272;13078;13174;6.89;0.42;292.83;9.99;1058;76;4519.00;96
12024;75;625929403;12024;263;13078;13174;6.90;0.42;292.86;9.99;1054;76;4520.00;96
12029;75;625929416;12029;256;13079;13174;6.89;0.42;292.85;9.99;1050;76;4521.00;95
12034;75;625929438;12034;246;13082;13180;6.89;0.42;292.95;9.99;1048;76;4522.00;98
12037;75;625929451;12037;245;13082;13180;6.88;0.42;293.00;9.99;1045;76;4523.00;98
12043;75;625929463;12043;242;13083;13180;6.85;0.42;293.02;10.03;1040;76;4524.00;97
12048;75;625929485;12048;240;13086;13180;6.80;0.41;292.98;10.06;1038;76;4525.00;94
12050;75;625929499;12050;236;13089;13184;6.81;0.41;293.08;10.06;1039;76;4526.00;95
12052;75;625929513;12052;229;13091;13185;6.93;0.42;293.08;10.06;1039;76;4527.00;94
12058;75;625929526;12058;223;13091;13185;6.97;0.42;293.06;10.06;1033;76;4528.00;94
12061;75;625929540;12061;220;13092;13186;7.09;0.43;293.09;10.06;1031;76;4529.00;94
12064;75;625929555;12064;219;13092;13186;7.16;0.44;293.16;10.06;1028;76;4530.00;94
12066;75;625929570;12066;216;13093;13186;7.24;0.44;293.17;10.06;1027;76;4531.00;93
12070;75;625929589;12070;205;13093;13186;7.27;0.44;293.25;10.06;1023;76;4532.00;93
12072;75;625929603;12072;204;13095;13186;7.34;0.45;293.28;10.06;1023;76;4533.00;91
12078;75;625929616;12078;197;13095;13186;7.39;0.45;293.33;10.06;1017;76;4534.00;91
12084;75;625929629;12084;200;13095;13186;7.41;0.45;293.40;10.06;1011;76;4535.00;91
12086;75;625929643;12086;207;13132;13256;7.46;0.45;293.44;10.04;1046;76;4536.00;124
12089;75;625929663;12089;206;13135;13257;7.49;0.46;293.51;10.08;1046;76;4537.00;122
12093;75;625929688;12093;199;13141;13257;7.57;0.46;293.53;10.08;1048;76;4538.00;116
12098;75;625929702;12098;202;13143;13257;7.59;0.46;293.51;10.08;1045;76;4539.00;114
12101;75;625929715;12101;201;13146;13257;7.65;0.46;293.59;10.08;1045;76;4540.00;111
12105;75;625929730;12105;198;13148;13257;7.66;0.46;293.59;10.08;1043;76;4541.00;109
12109;75;625929744;12109;203;13154;13257;7.64;0.46;293.72;10.08;1045;76;4542.00;103
12110;75;625929759;12110;210;13156;13257;7.69;0.47;293.75;10.09;1046;76;4543.00;101
12114;75;625929772;12114;205;13159;13258;7.73;0.47;293.76;10.09;1045;76;4544.00;99
12117;75;625929787;12117;205;13165;13260;7.77;0.47;293.77;10.09;1048;76;4545.00;95
12119;75;625929802;12119;200;13166;13260;7.78;0.47;293.77;10.09;1047;76;4546.00;94
12122;75;625929816;12122;200;13170;13264;7.74;0.47;293.80;10.09;1048;76;4547.00;94
12122;75;625929830;12122;200;13173;13264;7.78;0.47;293.80;10.09;1051;76;4548.00;91
12124;75;625929844;12124;203;13173;13264;7.72;0.47;293.84;10.09;1049;76;4549.00;91
12126;75;625929857;12126;214;13175;13264;7.69;0.47;293.84;10.09;1049;76;4550.00;89
12129;75;625929871;12129;212;13180;13270;7.68;0.47;293.89;10.12;1051;76;4551.00;90
12129;75;625929891;12129;222;13181;13270;7.69;0.47;293.89;10.12;1052;76;4552.00;89
12132;75;625929905;12132;228;13183;13270;7.68;0.47;293.93;10.15;1051;76;4553.00;87
12133;75;625929919;12133;226;13186;13273;7.75;0.47;293.94;10.14;1053;76;4554.00;87
12137;75;625929934;12137;229;13188;13273;7.77;0.47;293.97;10.16;1051;76;4555.00;85
12138;75;625929948;12138;231;13190;13273;7.78;0.47;294.00;10.17;1052;76;4556.00;83
12145;75;625929962;12145;229;13193;13274;7.74;0.47;293.97;10.19;1048;76;4557.00;81
12149;75;625929976;12149;237;13195;13275;7.75;0.47;294.01;10.20;1046;76;4558.00;80
12153;75;625929991;12153;240;13195;13275;7.78;0.47;294.01;10.20;1042;76;4559.00;80
12155;75;625930006;12155;251;13214;13301;7.77;0.47;294.01;10.21;1059;76;4560.00;87
12158;75;625930028;12158;256;13217;13301;7.70;0.47;294.09;10.22;1059;76;4561.00;84
12159;75;625930057;12159;258;13221;13301;7.66;0.46;294.12;10.23;1062;76;4562.00;80
12163;75;625930075;12163;262;13224;13302;7.63;0.46;294.12;10.24;1061;76;4563.00;78
12165;75;625930094;12165;265;13225;13302;7.58;0.46;294.16;10.25;1060;76;4564.00;77
12165;75;625930109;12165;273;13229;13306;7.55;0.46;294.16;10.26;1064;76;4565.00;77
12168;75;625930124;12168;280;13232;13306;7.45;0.45;294.20;10.28;1064;76;4566.00;74
12172;75;625930137;12172;287;13235;13310;7.32;0.45;294.25;10.28;1063;76;4567.00;75
12173;75;625930151;12173;292;13237;13310;7.22;0.44;294.24;10.29;1064;76;4568.00;73
12177;75;625930164;12177;299;13237;13310;7.12;0.43;294.30;10.29;1060;76;4569.00;73
12178;75;625930176;12178;295;13239;13310;7.02;0.43;294.29;10.31;1061;76;4570.00;71
12180;75;625930189;12180;291;13241;13310;6.94;0.42;294.28;10.32;1061;76;4571.00;69
12182;75;625930202;12182;296;13250;13322;6.96;0.43;294.29;10.32;1068;76;4572.00;72
12184;75;625930215;12184;300;13252;13322;6.95;0.42;294.32;10.33;1068;76;4573.00;70
12187;75;625930228;12187;300;13254;13322;6.93;0.42;294.35;10.33;1067;76;4574.00;68
12189;75;625930240;12189;304;13255;13322;6.90;0.42;294.35;10.34;1066;76;4575.00;67
12190;75;625930253;12190;302;13256;13322;6.88;0.42;294.35;10.35;1066;76;4576.00;66
12192;75;625930265;12192;308;13257;13322;6.84;0.42;294.39;10.35;1065;76;4577.00;65
12193;75;625930277;12193;315;13259;13323;6.83;0.42;294.41;10.36;1066;76;4578.00;64
12194;75;625930289;12194;316;13259;13323;6.84;0.42;294.41;10.36;1065;76;4579.00;64
12197;75;625930301;12197;319;13264;13329;6.84;0.42;294.40;10.37;1067;76;4580.00;65
12201;75;625930314;12201;319;13267;13330;6.73;0.41;294.40;10.38;1066;76;4581.00;63
12203;75;625930325;12203;328;13268;13330;6.64;0.41;294.40;10.38;1065;76;4582.00;62
12210;75;625930337;12210;336;13270;13330;6.47;0.40;294.47;10.39;1060;76;4583.00;60
12214;75;625930349;12214;336;13273;13334;6.41;0.39;294.47;10.39;1059;76;4584.00;61
12220;75;625930361;12220;352;13274;13334;6.26;0.38;294.46;10.39;1054;76;4585.00;60
12224;75;625930372;12224;357;13274;13334;6.10;0.37;294.46;10.39;1050;76;4586.00;60
12229;75;625930384;12229;359;13277;13335;5.95;0.36;294.41;10.40;1048;76;4587.00;58
12231;75;625930395;12231;367;13280;13339;5.76;0.35;294.45;10.40;1049;76;4588.00;59
12233;75;625930407;12233;378;13280;13339;5.59;0.34;294.44;10.40;1047;76;4589.00;59
12236;75;625930418;12236;380;13283;13345;5.51;0.34;294.45;10.40;1047;76;4590.00;62
12239;75;625930429;12239;380;13286;13345;5.43;0.33;294.50;10.42;1047;76;4591.00;59
12242;75;625930440;12242;382;13287;13345;5.38;0.33;294.45;10.42;1045;76;4592.00;58
12246;75;625930451;12246;383;13288;13345;5.37;0.33;294.43;10.42;1042;76;4593.00;57
12247;75;625930462;12247;389;13292;13349;5.41;0.33;294.44;10.42;1045;76;4594.00;57
12251;75;625930474;12251;393;13292;13349;5.38;0.33;294.49;10.42;1041;76;4595.00;57
12256;75;625930484;12256;389;13293;13349;5.36;0.33;294.45;10.42;1037;76;4596.00;56
12257;75;625930495;12257;386;13293;13349;5.40;0.33;294.43;10.42;1036;76;4597.00;56
12259;75;625930506;12259;380;13294;13350;5.42;0.33;294.46;10.42;1035;76;4598.00;56
12265;75;625930517;12265;382;13295;13351;5.46;0.33;294.46;10.42;1030;76;4599.00;56
12265;75;625930529;12265;379;13295;13351;5.47;0.33;294.46;10.42;1030;76;4600.00;56
12268;75;625930543;12268;389;13296;13352;5.45;0.33;294.46;10.42;1028;76;4601.00;56
12270;75;625930555;12270;398;13296;13352;5.42;0.33;294.44;10.42;1026;76;4602.00;56
12276;75;625930566;12276;394;13296;13352;5.33;0.33;294.36;10.42;1020;76;4603.00;56
12278;75;625930578;12278;400;13296;13352;5.27;0.32;294.36;10.42;1018;76;4604.00;56
12284;75;625930589;12284;401;13296;13352;5.24;0.32;294.28;10.42;1012;76;4605.00;56
12285;75;625930600;12285;401;13296;13352;5.23;0.32;294.28;10.42;1011;76;4606.00;56
12290;75;625930611;12290;404;13296;13352;5.20;0.32;294.23;10.42;1006;76;4607.00;56
12294;75;625930622;12294;406;13362;13479;5.63;0.35;294.20;10.37;1068;76;4608.00;117
12296;75;625930644;12296;403;13363;13480;5.65;0.35;294.20;10.36;1067;76;4609.00;117
12299;75;625930656;12299;405;13371;13480;5.71;0.35;294.19;10.36;1072;76;4610.00;109
12303;75;625930668;12303;409;13377;13480;5.68;0.35;294.20;10.36;1074;76;4611.00;103
12305;75;625930679;12305;414;13382;13480;5.67;0.35;294.19;10.35;1077;76;4612.00;98
12309;75;625930692;12309;412;13388;13480;5.66;0.35;294.16;10.35;1079;76;4613.00;92
12314;75;625930706;12314;415;13392;13480;5.60;0.35;294.29;10.35;1078;76;4614.00;88
12316;75;625930724;12316;411;13395;13480;5.61;0.35;294.26;10.35;1079;76;4615.00;85
12319;75;625930741;12319;424;13398;13481;5.57;0.34;294.24;10.35;1079;76;4616.00;83
12320;75;625930766;12320;427;13401;13482;5.56;0.34;294.23;10.35;1081;76;4617.00;81
12326;75;625930787;12326;433;13406;13482;5.52;0.34;294.27;10.40;1080;76;4618.00;76
12329;75;625930810;12329;438;13407;13483;5.50;0.34;294.26;10.40;1078;76;4619.00;76
12331;75;625930831;12331;441;13409;13483;5.51;0.34;294.27;10.40;1078;76;4620.00;74
12334;75;625930851;12334;437;13410;13483;5.47;0.34;294.25;10.40;1076;76;4621.00;73
12337;75;625930869;12337;448;13412;13483;5.49;0.34;294.26;10.40;1075;76;4622.00;71
12339;75;625930883;12339;453;13415;13487;5.53;0.34;294.24;10.40;1076;76;4623.00;72
12340;75;625930897;12340;458;13417;13487;5.58;0.34;294.24;10.40;1077;76;4624.00;70
12344;75;625930910;12344;465;13418;13487;5.58;0.34;294.26;10.40;1074;76;4625.00;69
12345;75;625930923;12345;471;13421;13490;5.62;0.34;294.24;10.40;1076;76;4626.00;69
12347;75;625930938;12347;463;13422;13490;5.62;0.34;294.25;10.40;1075;76;4627.00;68
12350;76;625930959;12350;452;13422;13490;5.64;0.34;294.24;10.40;1072;77;4628.00;68
12352;76;625930985;12352;449;13426;13494;5.66;0.35;294.21;10.39;1074;77;4629.00;68
12354;76;625930999;12354;442;13427;13495;5.68;0.35;294.21;10.39;1073;77;4630.00;68
12354;76;625931012;12354;448;13428;13495;5.75;0.35;294.21;10.39;1074;77;4631.00;67
12356;76;625931025;12356;451;13431;13499;5.81;0.36;294.19;10.39;1075;77;4632.00;68
12357;76;625931039;12357;448;13431;13499;5.87;0.36;294.17;10.39;1074;77;4633.00;68
12358;76;625931065;12358;451;13431;13499;5.92;0.36;294.19;10.39;1073;77;4634.00;68
12361;76;625931080;12361;447;13433;13501;6.00;0.37;294.26;10.39;1072;77;4635.00;68
12366;76;625931094;12366;454;13433;13501;5.97;0.36;294.23;10.39;1067;77;4636.00;68
12370;76;625931107;12370;441;13437;13507;5.98;0.36;294.20;10.39;1067;77;4637.00;70
12374;76;625931122;12374;424;13438;13507;5.99;0.36;294.20;10.39;1064;77;4638.00;69
12376;76;625931136;12376;414;13438;13508;6.02;0.37;294.16;10.39;1062;77;4639.00;70
12377;76;625931151;12377;408;13438;13508;6.11;0.37;294.20;10.39;1061;77;4640.00;70
12378;76;625931164;12378;404;13438;13508;6.18;0.37;294.19;10.39;1060;77;4641.00;70
12379;76;625931179;12379;398;13438;13508;6.26;0.38;294.16;10.39;1059;77;4642.00;70
12382;76;625931193;12382;392;13438;13508;6.37;0.39;294.12;10.39;1056;77;4643.00;70
12383;76;625931207;12383;390;13447;13520;6.49;0.39;294.14;10.38;1064;77;4644.00;73
12384;76;625931222;12384;388;13447;13520;6.56;0.40;294.13;10.38;1063;77;4645.00;73
12384;76;625931236;12384;381;13449;13520;6.65;0.40;294.13;10.38;1065;77;4646.00;71
12386;76;625931251;12386;371;13449;13520;6.72;0.41;294.13;10.38;1063;77;4647.00;71
12389;76;625931266;12389;360;13449;13520;6.78;0.41;294.16;10.38;1060;77;4648.00;71
12394;76;625931288;12394;350;13450;13520;6.79;0.41;294.22;10.43;1056;77;4649.00;70
12395;76;625931304;12395;349;13455;13526;6.88;0.42;294.22;10.42;1060;77;4650.00;71
12397;76;625931320;12397;338;13455;13526;6.92;0.42;294.21;10.42;1058;77;4651.00;71
12399;76;625931335;12399;333;13458;13530;6.98;0.42;294.23;10.42;1059;77;4652.00;72
12401;76;625931351;12401;334;13460;13531;6.99;0.42;294.21;10.42;1059;77;4653.00;71
12404;76;625931365;12404;335;13460;13531;6.93;0.42;294.25;10.42;1056;77;4654.00;71
12406;76;625931380;12406;340;13460;13531;6.87;0.42;294.22;10.42;1054;77;4655.00;71
12409;76;625931394;12409;335;13471;13544;6.86;0.42;294.24;10.41;1062;77;4656.00;73
12414;76;625931410;12414;335;13471;13544;6.85;0.42;294.34;10.41;1057;77;4657.00;73
12417;76;625931424;12417;334;13471;13544;6.90;0.42;294.35;10.41;1054;77;4658.00;73
12423;76;625931439;12423;332;13472;13545;6.91;0.42;294.35;10.41;1049;77;4659.00;73
12426;76;625931453;12426;321;13472;13546;6.91;0.42;294.39;10.41;1046;77;4660.00;74
12429;76;625931468;12429;311;13472;13546;6.92;0.42;294.39;10.41;1043;77;4661.00;74
12431;76;625931482;12431;316;13474;13549;6.95;0.42;294.44;10.41;1043;77;4662.00;75
12435;76;625931496;12435;319;13475;13549;6.89;0.42;294.49;10.41;1040;77;4663.00;74
12438;76;625931510;12438;323;13475;13549;6.87;0.42;294.55;10.41;1037;77;4664.00;74
12441;76;625931524;12441;321;13475;13549;6.90;0.42;294.60;10.41;1034;77;4665.00;74
12445;76;625931537;12445;324;13479;13555;6.95;0.42;294.64;10.41;1034;77;4666.00;76
12447;76;625931552;12447;320;13479;13555;6.99;0.42;294.67;10.41;1032;77;4667.00;76
12450;76;625931565;12450;329;13480;13555;7.02;0.43;294.67;10.41;1030;77;4668.00;75
12452;76;625931578;12452;331;13480;13555;6.96;0.42;294.72;10.41;1028;77;4669.00;75
12453;76;625931592;12453;326;13483;13559;6.95;0.42;294.76;10.40;1030;77;4670.00;76
12457;76;625931607;12457;327;13484;13560;6.90;0.42;294.78;10.40;1027;77;4671.00;76
12461;76;625931620;12461;331;13484;13560;6.76;0.41;294.84;10.40;1023;77;4672.00;76
12463;76;625931634;12463;333;13485;13561;6.71;0.41;294.89;10.40;1022;77;4673.00;76
12464;76;625931647;12464;333;13485;13561;6.71;0.41;294.89;10.40;1021;77;4674.00;76
12467;76;625931660;12467;341;13485;13561;6.67;0.40;294.94;10.40;1018;77;4675.00;76
12472;76;625931674;12472;348;13485;13561;6.63;0.40;295.01;10.40;1013;77;4676.00;76
12474;76;625931686;12474;350;13485;13561;6.64;0.40;295.07;10.40;1011;77;4677.00;76
12477;76;625931699;12477;351;13485;13561;6.61;0.40;295.18;10.40;1008;77;4678.00;76
12479;76;625931713;12479;350;13485;13561;6.59;0.40;295.22;10.40;1006;77;4679.00;76
12481;76;625931728;12481;367;13550;13686;6.65;0.41;295.26;10.35;1069;77;4680.00;136
12484;76;625931755;12484;352;13550;13687;6.69;0.41;295.24;10.35;1066;77;4681.00;137
12487;76;625931768;12487;333;13557;13687;6.77;0.41;295.27;10.35;1070;77;4682.00;130
12491;76;625931782;12491;322;13562;13687;6.87;0.42;295.31;10.35;1071;77;4683.00;125
12492;76;625931796;12492;312;13567;13687;6.92;0.42;295.32;10.34;1075;77;4684.00;120
12497;76;625931809;12497;306;13572;13687;6.88;0.42;295.38;10.39;1075;77;4685.00;115
12498;76;625931830;12498;304;13576;13687;6.91;0.42;295.44;10.39;1078;77;4686.00;111
12503;76;625931843;12503;304;13576;13687;6.86;0.42;295.48;10.39;1073;77;4687.00;111
12507;76;625931856;12507;295;13580;13688;6.86;0.42;295.56;10.39;1073;77;4688.00;108
12510;76;625931869;12510;301;13582;13689;6.85;0.42;295.56;10.39;1072;77;4689.00;107
12512;76;625931882;12512;295;13584;13689;6.84;0.42;295.58;10.39;1072;77;4690.00;105
12513;76;625931896;12513;293;13588;13693;6.85;0.42;295.57;10.38;1075;77;4691.00;105
12516;76;625931909;12516;291;13589;13693;6.84;0.42;295.60;10.38;1073;77;4692.00;104
12519;76;625931922;12519;280;13589;13693;6.86;0.42;295.61;10.38;1070;77;4693.00;104
12525;76;625931936;12525;278;13591;13693;6.78;0.41;295.63;10.40;1066;77;4694.00;102
12527;76;625931950;12527;270;13595;13699;6.75;0.41;295.68;10.41;1068;77;4695.00;104
12529;76;625931965;12529;267;13595;13699;6.76;0.41;295.73;10.41;1066;77;4696.00;104
12536;76;625931984;12536;267;13596;13699;6.65;0.41;295.82;10.41;1060;77;4697.00;103
12539;76;625931998;12539;265;13600;13702;6.63;0.41;295.84;10.40;1061;77;4698.00;102
12542;76;625932012;12542;265;13600;13702;6.62;0.41;295.88;10.40;1058;77;4699.00;102
12544;76;625932025;12544;266;13600;13702;6.63;0.41;295.93;10.40;1056;77;4700.00;102
12549;76;625932042;12549;253;13600;13703;6.59;0.40;296.00;10.40;1051;77;4701.00;103
12551;76;625932056;12551;250;13601;13704;6.61;0.41;295.99;10.40;1050;77;4702.00;103
12554;76;625932069;12554;247;13601;13704;6.63;0.41;296.03;10.40;1047;77;4703.00;103
12556;76;625932083;12556;244;13610;13717;6.68;0.41;296.02;10.40;1054;77;4704.00;107
12560;76;625932098;12560;243;13610;13717;6.70;0.41;295.99;10.40;1050;77;4705.00;107
12563;76;625932112;12563;241;13610;13717;6.78;0.42;296.10;10.40;1047;77;4706.00;107
12566;76;625932126;12566;238;13612;13718;6.87;0.42;296.11;10.40;1046;77;4707.00;106
12570;76;625932141;12570;242;13612;13718;6.92;0.42;296.16;10.40;1042;77;4708.00;106
12575;76;625932156;12575;240;13614;13722;6.99;0.43;296.16;10.39;1039;77;4709.00;108
12578;76;625932172;12578;238;13617;13722;7.01;0.43;296.18;10.40;1039;77;4710.00;105
12583;76;625932187;12583;241;13621;13726;7.04;0.43;296.27;10.39;1038;77;4711.00;105
12585;76;625932201;12585;232;13621;13726;7.07;0.43;296.27;10.39;1036;77;4712.00;105
12586;76;625932215;12586;237;13622;13726;7.17;0.44;296.31;10.40;1036;77;4713.00;104
12590;76;625932228;12590;236;13622;13726;7.17;0.44;296.37;10.40;1032;77;4714.00;104
12593;76;625932242;12593;239;13622;13726;7.17;0.44;296.47;10.40;1029;77;4715.00;104
12596;76;625932257;12596;245;13632;13738;7.25;0.44;296.47;10.39;1036;77;4716.00;106
12599;76;625932271;12599;249;13634;13738;7.20;0.44;296.54;10.40;1035;77;4717.00;104
12603;76;625932285;12603;261;13636;13738;7.24;0.44;296.66;10.40;1033;77;4718.00;102
12606;76;625932298;12606;267;13637;13738;7.20;0.44;296.68;10.42;1031;77;4719.00;101
12610;76;625932312;12610;275;13639;13738;7.22;0.44;296.74;10.43;1029;77;4720.00;99
12611;76;625932325;12611;276;13641;13738;7.25;0.44;296.78;10.44;1030;77;4721.00;97
12612;76;625932338;12612;279;13642;13739;7.24;0.44;296.81;10.46;1030;77;4722.00;97
12615;76;625932351;12615;285;13643;13739;7.18;0.44;296.85;10.47;1028;77;4723.00;96
12616;76;625932364;12616;292;13647;13745;7.19;0.44;296.87;10.46;1031;77;4724.00;98
12619;76;625932383;12619;294;13651;13747;7.21;0.44;296.88;10.47;1032;77;4725.00;96
12623;76;625932397;12623;299;13652;13747;7.26;0.44;296.87;10.48;1029;77;4726.00;95
12625;76;625932410;12625;300;13653;13747;7.33;0.45;296.85;10.50;1028;77;4727.00;94
12627;76;625932424;12627;302;13657;13751;7.39;0.45;296.85;10.50;1030;77;4728.00;94
12630;76;625932437;12630;308;13657;13751;7.36;0.45;296.85;10.50;1027;77;4729.00;94
12632;76;625932449;12632;304;13659;13751;7.32;0.45;296.87;10.52;1027;77;4730.00;92
12633;76;625932468;12633;307;13660;13752;7.29;0.45;296.90;10.52;1027;77;4731.00;92
12635;76;625932487;12635;310;13665;13756;7.24;0.44;296.95;10.54;1030;77;4732.00;91
12637;76;625932500;12637;312;13665;13756;7.18;0.44;296.96;10.54;1028;77;4733.00;91
12640;76;625932512;12640;314;13669;13759;7.19;0.44;297.01;10.56;1029;77;4734.00;90
12643;76;625932525;12643;315;13672;13759;7.15;0.44;297.02;10.58;1029;77;4735.00;87
12643;76;625932537;12643;318;13672;13759;7.17;0.44;297.02;10.58;1029;77;4736.00;87
12650;76;625932549;12650;316;13672;13759;7.13;0.43;297.06;10.58;1022;77;4737.00;87
12652;76;625932562;12652;324;13677;13763;7.14;0.43;297.03;10.60;1025;77;4738.00;86
12652;76;625932580;12652;316;13677;13763;7.11;0.43;297.03;10.60;1025;77;4739.00;86
12656;76;625932593;12656;314;13680;13763;7.05;0.43;297.02;10.62;1024;77;4740.00;83
12656;76;625932611;12656;318;13680;13763;6.98;0.43;297.02;10.62;1024;77;4741.00;83
12659;76;625932623;12659;319;13682;13764;6.93;0.42;297.09;10.63;1023;77;4742.00;82
12661;76;625932635;12661;317;13683;13765;6.86;0.42;297.12;10.63;1022;77;4743.00;82
12662;76;625932648;12662;317;13683;13765;6.82;0.42;297.12;10.63;1021;77;4744.00;82
12666;76;625932659;12666;319;13686;13766;6.80;0.42;297.19;10.65;1020;77;4745.00;80
12667;76;625932671;12667;325;13686;13766;6.76;0.41;297.23;10.65;1019;77;4746.00;80
12669;76;625932683;12669;326;13688;13766;6.72;0.41;297.21;10.67;1019;77;4747.00;78
12672;76;625932695;12672;337;13688;13766;6.70;0.41;297.23;10.67;1016;77;4748.00;78
12674;76;625932707;12674;338;13688;13766;6.66;0.41;297.28;10.67;1014;77;4749.00;78
12676;76;625932719;12676;348;13690;13766;6.63;0.41;297.25;10.68;1014;77;4750.00;76
12680;76;625932730;12680;345;13690;13766;6.54;0.40;297.21;10.68;1010;77;4751.00;76
12684;76;625932741;12684;370;13752;13893;6.68;0.41;297.21;10.65;1068;77;4752.00;141
12684;76;625932776;12684;366;13754;13894;6.65;0.41;297.21;10.65;1070;77;4753.00;140
12686;76;625932794;12686;368;13765;13894;6.70;0.42;297.20;10.65;1079;77;4754.00;129
12689;76;625932817;12689;371;13771;13894;6.72;0.42;297.23;10.65;1082;77;4755.00;123
12695;76;625932835;12695;370;13778;13894;6.64;0.41;297.19;10.66;1083;77;4756.00;116
12698;76;625932852;12698;375;13784;13894;6.57;0.41;297.16;10.66;1086;77;4757.00;110
12700;76;625932873;12700;380;13791;13894;6.49;0.40;297.15;10.66;1091;77;4758.00;103
12702;76;625932885;12702;392;13796;13894;6.39;0.40;297.15;10.67;1094;77;4759.00;98
12705;76;625932898;12705;392;13800;13895;6.33;0.39;297.14;10.67;1095;77;4760.00;95
12708;76;625932919;12708;385;13804;13896;6.31;0.39;297.11;10.66;1096;77;4761.00;92
12715;76;625932933;12715;396;13809;13896;6.19;0.38;297.06;10.67;1094;77;4762.00;87
12716;76;625932946;12716;405;13811;13897;6.07;0.38;297.07;10.67;1095;77;4763.00;86
12718;76;625932960;12718;412;13813;13897;5.98;0.37;297.06;10.67;1095;77;4764.00;84
12719;76;625932973;12719;419;13814;13897;5.90;0.36;297.07;10.67;1095;77;4765.00;83
12721;76;625932985;12721;436;13816;13897;5.84;0.36;297.08;10.68;1095;77;4766.00;81
12726;76;625932997;12726;431;13822;13901;5.67;0.35;297.05;10.70;1096;77;4767.00;79
12732;76;625933010;12732;428;13825;13901;5.59;0.34;297.11;10.70;1093;77;4768.00;76
12735;76;625933023;12735;430;13825;13901;5.54;0.34;297.08;10.70;1090;77;4769.00;76
12736;76;625933037;12736;429;13829;13907;5.52;0.34;297.09;10.69;1093;77;4770.00;78
12740;76;625933050;12740;436;13829;13907;5.45;0.33;297.09;10.69;1089;77;4771.00;78
12742;76;625933063;12742;446;13830;13907;5.47;0.34;297.09;10.69;1088;77;4772.00;77
12745;76;625933075;12745;453;13833;13911;5.45;0.33;297.08;10.69;1088;77;4773.00;78
12748;76;625933088;12748;460;13835;13912;5.42;0.33;297.09;10.69;1087;77;4774.00;77
12750;76;625933101;12750;461;13835;13912;5.38;0.33;297.09;10.69;1085;77;4775.00;77
12753;76;625933113;12753;463;13839;13916;5.42;0.33;297.06;10.69;1086;77;4776.00;77
12756;76;625933125;12756;463;13839;13916;5.40;0.33;297.07;10.69;1083;77;4777.00;77
12759;76;625933136;12759;468;13840;13916;5.40;0.33;297.03;10.69;1081;77;4778.00;76
12761;76;625933152;12761;460;13841;13917;5.45;0.33;297.00;10.69;1080;77;4779.00;76
12765;76;625933165;12765;447;13842;13917;5.49;0.34;296.95;10.69;1077;77;4780.00;75
12767;76;625933177;12767;439;13845;13923;5.55;0.34;296.96;10.68;1078;77;4781.00;78
12769;76;625933192;12769;432;13846;13923;5.60;0.34;296.94;10.68;1077;77;4782.00;77
12771;76;625933204;12771;430;13846;13924;5.65;0.35;296.93;10.68;1075;77;4783.00;78
12773;76;625933218;12773;427;13847;13924;5.70;0.35;296.90;10.68;1074;77;4784.00;77
12774;76;625933230;12774;426;13847;13924;5.78;0.35;296.90;10.68;1073;77;4785.00;77
12777;76;625933244;12777;420;13847;13924;5.83;0.36;296.89;10.68;1070;77;4786.00;77
12781;76;625933258;12781;416;13847;13924;5.87;0.36;296.90;10.68;1066;77;4787.00;77
12782;76;625933273;12782;419;13857;13936;6.04;0.37;296.90;10.68;1075;77;4788.00;79
12790;76;625933295;12790;416;13857;13936;6.01;0.36;296.87;10.68;1067;77;4789.00;79
12793;76;625933309;12793;416;13858;13936;6.04;0.37;296.92;10.68;1065;77;4790.00;78
12796;76;625933322;12796;417;13858;13936;6.10;0.37;296.90;10.68;1062;77;4791.00;78
12801;76;625933336;12801;419;13858;13936;6.14;0.37;296.91;10.68;1057;77;4792.00;78
12802;76;625933351;12802;411;13858;13936;6.22;0.38;296.92;10.68;1056;77;4793.00;78
12804;76;625933365;12804;419;13861;13940;6.28;0.38;296.91;10.67;1057;77;4794.00;79
12807;76;625933378;12807;423;13861;13940;6.29;0.38;296.90;10.67;1054;77;4795.00;79
12808;76;625933393;12808;419;13864;13944;6.27;0.38;296.91;10.67;1056;77;4796.00;80
12809;76;625933407;12809;423;13865;13945;6.27;0.38;296.91;10.67;1056;77;4797.00;80
12813;76;625933421;12813;427;13866;13945;6.20;0.38;296.88;10.67;1053;77;4798.00;79
12814;76;625933434;12814;425;13866;13945;6.15;0.37;296.88;10.67;1052;77;4799.00;79
12816;76;625933450;12816;438;13888;13986;6.20;0.38;296.91;10.65;1072;77;4800.00;98
12817;76;625933472;12817;442;13891;13986;6.16;0.38;296.94;10.71;1074;77;4801.00;95
12820;76;625933486;12820;440;13892;13986;6.14;0.37;296.96;10.71;1072;77;4802.00;94
12823;76;625933500;12823;443;13894;13987;6.13;0.37;296.95;10.70;1071;77;4803.00;93
12824;76;625933513;12824;450;13894;13988;6.13;0.37;296.96;10.70;1070;77;4804.00;94
12828;76;625933527;12828;447;13895;13988;6.03;0.37;297.00;10.70;1067;77;4805.00;93
12829;76;625933539;12829;454;13898;13991;6.01;0.37;297.00;10.70;1069;77;4806.00;93
12831;76;625933553;12831;447;13900;13991;6.00;0.37;297.04;10.70;1069;77;4807.00;91
12835;76;625933567;12835;438;13901;13991;6.00;0.37;297.10;10.70;1066;77;4808.00;90
12838;76;625933581;12838;440;13901;13991;6.02;0.37;297.12;10.70;1063;77;4809.00;90
12842;76;625933595;12842;437;13907;13997;6.00;0.37;297.14;10.70;1065;77;4810.00;90
12846;76;625933610;12846;431;13907;13997;6.00;0.37;297.22;10.70;1061;77;4811.00;90
12848;76;625933624;12848;432;13908;13997;6.04;0.37;297.23;10.70;1060;77;4812.00;89
12851;76;625933638;12851;428;13908;13997;6.04;0.37;297.21;10.70;1057;77;4813.00;89
12855;76;625933657;12855;426;13911;14001;6.05;0.37;297.30;10.70;1056;77;4814.00;90
12858;76;625933672;12858;427;13914;14003;6.06;0.37;297.39;10.69;1056;77;4815.00;89
12864;76;625933692;12864;412;13914;14003;6.03;0.37;297.34;10.69;1050;77;4816.00;89
12866;76;625933706;12866;403;13915;14004;6.04;0.37;297.37;10.69;1049;77;4817.00;89
12869;76;625933720;12869;396;13915;14004;6.12;0.37;297.37;10.69;1046;77;4818.00;89
12874;76;625933734;12874;381;13915;14004;6.15;0.37;297.40;10.69;1041;77;4819.00;89
12878;76;625933748;12878;377;13915;14004;6.17;0.38;297.44;10.69;1037;77;4820.00;89
12881;76;625933762;12881;362;13916;14004;6.15;0.37;297.46;10.69;1035;77;4821.00;88
12882;76;625933776;12882;355;13916;14004;6.18;0.38;297.48;10.69;1034;77;4822.00;88
12887;76;625933790;12887;353;13916;14004;6.12;0.37;297.59;10.69;1029;77;4823.00;88
12888;76;625933804;12888;366;13957;14074;6.17;0.38;297.63;10.66;1069;77;4824.00;117
12891;76;625933823;12891;369;13957;14075;6.20;0.38;297.64;10.66;1066;77;4825.00;118
12894;76;625933837;12894;364;13961;14075;6.30;0.38;297.71;10.66;1067;77;4826.00;114
12898;76;625933851;12898;355;13962;14075;6.33;0.38;297.77;10.66;1064;77;4827.00;113
12902;76;625933864;12902;344;13966;14077;6.39;0.39;297.77;10.66;1064;77;4828.00;111
12906;76;625933878;12906;336;13966;14077;6.32;0.38;297.84;10.66;1060;77;4829.00;111
12908;76;625933894;12908;338;13971;14077;6.43;0.39;297.82;10.66;1063;77;4830.00;106
12911;76;625933907;12911;337;13971;14077;6.44;0.39;297.86;10.66;1060;77;4831.00;106
12911;76;625933920;12911;336;13974;14078;6.51;0.40;297.86;10.66;1063;77;4832.00;104
12913;76;625933933;12913;335;13979;14079;6.54;0.40;297.84;10.66;1066;77;4833.00;100
12916;76;625933947;12916;335;13982;14079;6.55;0.40;297.84;10.66;1066;77;4834.00;97
12921;76;625933959;12921;331;13987;14083;6.50;0.39;297.89;10.66;1066;77;4835.00;96
12924;76;625933973;12924;328;13990;14083;6.46;0.39;297.90;10.66;1066;77;4836.00;93
12924;76;625933986;12924;327;13990;14083;6.51;0.40;297.90;10.66;1066;77;4837.00;93
12928;76;625933999;12928;319;13990;14083;6.51;0.40;297.89;10.66;1062;77;4838.00;93
12928;76;625934013;12928;323;13996;14089;6.56;0.40;297.89;10.65;1068;77;4839.00;93
12928;76;625934027;12928;319;13996;14089;6.58;0.40;297.89;10.65;1068;77;4840.00;93
12928;76;625934040;12928;320;13996;14089;6.60;0.40;297.89;10.65;1068;77;4841.00;93
12929;76;625934053;12929;312;13999;14092;6.64;0.40;297.93;10.65;1070;77;4842.00;93
12929;76;625934067;12929;307;13999;14092;6.68;0.41;297.93;10.65;1070;77;4843.00;93
12932;76;625934080;12932;314;14000;14092;6.66;0.41;297.93;10.70;1068;77;4844.00;92
12933;76;625934093;12933;318;14000;14093;6.67;0.41;297.93;10.70;1067;77;4845.00;93
12936;76;625934106;12936;309;14001;14094;6.63;0.40;297.95;10.70;1065;77;4846.00;93
12936;76;625934120;12936;299;14001;14094;6.63;0.40;297.95;10.70;1065;77;4847.00;93
12937;76;625934133;12937;308;14010;14107;6.66;0.41;297.94;10.70;1073;77;4848.00;97
12939;76;625934147;12939;307;14011;14107;6.66;0.41;297.98;10.70;1072;77;4849.00;96
12942;76;625934162;12942;296;14011;14107;6.64;0.41;298.00;10.70;1069;77;4850.00;96
12942;76;625934175;12942;301;14012;14108;6.69;0.41;298.00;10.69;1070;77;4851.00;96
12945;76;625934188;12945;301;14012;14108;6.70;0.41;298.01;10.69;1067;77;4852.00;96
12946;76;625934201;12946;304;14015;14112;6.71;0.41;298.01;10.69;1069;77;4853.00;97
12948;76;625934216;12948;297;14015;14112;6.77;0.41;297.99;10.69;1067;77;4854.00;97
12954;76;625934229;12954;289;14019;14116;6.71;0.41;298.02;10.69;1065;77;4855.00;97
12959;76;625934243;12959;282;14019;14116;6.70;0.41;298.04;10.69;1060;77;4856.00;97
12963;76;625934257;12963;277;14019;14116;6.70;0.41;298.06;10.69;1056;77;4857.00;97
12969;76;625934270;12969;274;14019;14116;6.63;0.40;298.12;10.69;1050;77;4858.00;97
12974;76;625934282;12974;264;14019;14116;6.58;0.40;298.18;10.69;1045;77;4859.00;97
12978;76;625934297;12978;262;14038;14150;6.58;0.40;298.28;10.68;1060;77;4860.00;112
12983;76;625934312;12983;257;14039;14150;6.53;0.40;298.32;10.73;1056;77;4861.00;111
12984;76;625934326;12984;248;14041;14150;6.55;0.40;298.33;10.73;1057;77;4862.00;109
12987;76;625934338;12987;239;14041;14150;6.55;0.40;298.35;10.73;1054;77;4863.00;109
12988;76;625934350;12988;238;14042;14150;6.58;0.40;298.37;10.73;1054;77;4864.00;108
12989;76;625934369;12989;229;14044;14150;6.62;0.40;298.40;10.75;1055;77;4865.00;106
12992;76;625934382;12992;228;14046;14151;6.68;0.41;298.44;10.80;1054;77;4866.00;105
12995;76;625934395;12995;227;14046;14151;6.67;0.41;298.47;10.80;1051;77;4867.00;105
12999;76;625934407;12999;222;14050;14157;6.70;0.41;298.52;10.80;1051;77;4868.00;107
13003;76;625934421;13003;219;14051;14158;6.66;0.41;298.54;10.80;1048;77;4869.00;107
13005;76;625934434;13005;223;14052;14158;6.66;0.41;298.59;10.80;1047;77;4870.00;106
13011;76;625934447;13011;223;14052;14158;6.62;0.41;298.66;10.80;1041;77;4871.00;106
13014;76;625934460;13014;222;14055;14162;6.57;0.40;298.71;10.80;1041;77;4872.00;107
13020;76;625934474;13020;217;14058;14162;6.57;0.40;298.75;10.85;1038;77;4873.00;104
13022;76;625934486;13022;214;14058;14162;6.59;0.40;298.72;10.85;1036;77;4874.00;104
13026;76;625934498;13026;212;14059;14163;6.63;0.40;298.74;10.85;1033;77;4875.00;104
13027;76;625934511;13027;211;14064;14167;6.73;0.41;298.73;10.90;1037;77;4876.00;103
13033;76;625934524;13033;218;14064;14167;6.71;0.41;298.78;10.90;1031;77;4877.00;103
13038;76;625934537;13038;210;14067;14170;6.73;0.41;298.85;10.90;1029;77;4878.00;103
13040;76;625934550;13040;206;14069;14170;6.76;0.41;298.82;10.95;1029;77;4879.00;101
13043;76;625934563;13043;205;14070;14170;6.81;0.41;298.87;10.95;1027;77;4880.00;100
13043;76;625934576;13043;203;14070;14170;6.81;0.42;298.87;10.95;1027;77;4881.00;100
13047;76;625934588;13047;207;14075;14174;6.81;0.42;298.91;11.00;1028;77;4882.00;99
13050;76;625934602;13050;203;14075;14174;6.83;0.42;298.96;11.00;1025;77;4883.00;99
13055;76;625934615;13055;205;14076;14174;6.82;0.42;299.08;10.99;1021;77;4884.00;98
13060;76;625934628;13060;204;14076;14174;6.82;0.41;299.14;10.99;1016;77;4885.00;98
13062;76;625934642;13062;212;14077;14175;6.83;0.41;299.16;11.00;1015;77;4886.00;98
13062;76;625934654;13062;211;14078;14176;6.85;0.42;299.16;10.99;1016;77;4887.00;98
13066;76;625934667;13066;220;14078;14176;6.82;0.42;299.25;10.99;1012;77;4888.00;98
13071;76;625934680;13071;226;14079;14177;6.86;0.42;299.28;10.99;1008;77;4889.00;98
13072;76;625934695;13072;229;14081;14177;6.85;0.42;299.27;11.02;1009;77;4890.00;96
13073;76;625934708;13073;239;14081;14177;6.86;0.42;299.26;11.02;1008;77;4891.00;96
13075;76;625934721;13075;242;14081;14177;6.88;0.42;299.28;11.02;1006;77;4892.00;96
13078;76;625934733;13078;251;14083;14177;6.84;0.42;299.36;11.05;1005;77;4893.00;94
13080;76;625934746;13080;251;14083;14177;6.82;0.42;299.36;11.05;1003;77;4894.00;94
13083;76;625934764;13083;254;14083;14177;6.76;0.41;299.39;11.05;1000;77;4895.00;94
13087;76;625934784;13087;270;14151;14304;6.98;0.43;299.41;11.02;1064;77;4896.00;153
13089;76;625934823;13089;267;14155;14305;6.92;0.43;299.39;11.02;1066;77;4897.00;150
13094;76;625934841;13094;270;14167;14305;6.97;0.43;299.39;11.02;1073;77;4898.00;138
13095;76;625934861;13095;279;14169;14305;6.95;0.43;299.39;11.02;1074;77;4899.00;136
13100;76;625934879;13100;281;14179;14305;6.93;0.43;299.41;11.06;1079;77;4900.00;126
13100;76;625934898;13100;282;14184;14305;6.95;0.43;299.41;11.06;1084;77;4901.00;121
13101;76;625934912;13101;280;14192;14305;6.92;0.43;299.40;11.08;1091;77;4902.00;113
13103;76;625934925;13103;283;14196;14305;6.89;0.42;299.41;11.10;1093;77;4903.00;109
13104;76;625934939;13104;286;14200;14306;6.89;0.42;299.41;11.10;1096;77;4904.00;106
13106;76;625934953;13106;297;14204;14308;6.84;0.42;299.37;11.11;1098;77;4905.00;104
13110;76;625934967;13110;303;14208;14308;6.77;0.41;299.33;11.12;1098;77;4906.00;100
13112;76;625934980;13112;301;14210;14309;6.71;0.41;299.41;11.13;1098;77;4907.00;99
13114;76;625934993;13114;311;14212;14309;6.57;0.40;299.37;11.13;1098;77;4908.00;97
13115;76;625935014;13115;312;14214;14309;6.41;0.39;299.38;11.14;1099;77;4909.00;95
13116;76;625935027;13116;317;14217;14309;6.30;0.39;299.36;11.15;1101;77;4910.00;92
13119;76;625935041;13119;320;14220;14313;6.21;0.38;299.31;11.15;1101;77;4911.00;93
13120;76;625935054;13120;324;14221;14313;6.10;0.37;299.30;11.15;1101;77;4912.00;92
13122;76;625935068;13122;329;14224;14313;6.05;0.37;299.30;11.17;1102;77;4913.00;89
13124;76;625935081;13124;334;14227;14316;6.02;0.37;299.27;11.17;1103;77;4914.00;89
13126;76;625935095;13126;337;14230;14316;5.96;0.37;299.24;11.19;1104;77;4915.00;86
13126;76;625935108;13126;346;14232;14316;5.95;0.36;299.24;11.19;1106;77;4916.00;84
13126;76;625935121;13126;359;14235;14320;5.96;0.37;299.24;11.18;1109;77;4917.00;85
13128;76;625935134;13128;367;14239;14321;5.93;0.36;299.22;11.20;1111;77;4918.00;82
13129;76;625935146;13129;365;14240;14321;5.91;0.36;299.22;11.20;1111;77;4919.00;81
13132;76;625935162;13132;364;14244;14326;5.89;0.36;299.21;11.20;1112;77;4920.00;82
13135;76;625935175;13135;370;14245;14326;5.76;0.35;299.20;11.21;1110;77;4921.00;81
13136;76;625935188;13136;383;14246;14326;5.67;0.35;299.21;11.21;1110;77;4922.00;80
13138;76;625935200;13138;394;14247;14327;5.63;0.35;299.19;11.21;1109;77;4923.00;80
13141;76;625935212;13141;399;14249;14327;5.54;0.34;299.18;11.22;1108;77;4924.00;78
13143;76;625935225;13143;399;14253;14333;5.49;0.34;299.17;11.22;1110;77;4925.00;80
13148;76;625935238;13148;410;14255;14333;5.35;0.33;299.15;11.23;1107;77;4926.00;78
13152;76;625935251;13152;418;14255;14334;5.26;0.32;299.11;11.23;1103;77;4927.00;79
13156;76;625935262;13156;428;14256;14334;5.12;0.31;299.06;11.23;1100;77;4928.00;78
13158;76;625935273;13158;441;14257;14334;4.99;0.31;299.07;11.24;1099;77;4929.00;77
13159;76;625935284;13159;433;14258;14334;4.93;0.30;299.07;11.24;1099;77;4930.00;76
13162;76;625935296;13162;415;14259;14334;4.84;0.30;299.04;11.25;1097;77;4931.00;75
13166;76;625935308;13166;408;14271;14346;4.84;0.30;299.02;11.24;1105;77;4932.00;75
13168;76;625935321;13168;406;14271;14346;4.83;0.30;299.04;11.24;1103;77;4933.00;75
13173;76;625935333;13173;403;14272;14346;4.81;0.30;299.01;11.25;1099;77;4934.00;74
13175;76;625935345;13175;408;14272;14346;4.85;0.30;299.03;11.25;1097;77;4935.00;74
13176;76;625935357;13176;405;14273;14346;4.94;0.30;299.01;11.26;1097;77;4936.00;73
13179;76;625935369;13179;393;14273;14346;5.01;0.31;299.05;11.26;1094;77;4937.00;73
13182;76;625935395;13182;384;14276;14350;5.10;0.31;299.09;11.25;1094;77;4938.00;74
13183;76;625935407;13183;381;14276;14350;5.22;0.32;299.10;11.25;1093;77;4939.00;74
13186;76;625935419;13186;382;14279;14354;5.30;0.32;299.08;11.25;1093;77;4940.00;75
13189;76;625935432;13189;383;14280;14355;5.35;0.33;299.08;11.25;1091;77;4941.00;75
13190;76;625935445;13190;379;14281;14355;5.40;0.33;299.08;11.25;1091;77;4942.00;74
13195;76;625935464;13195;378;14281;14355;5.38;0.33;299.04;11.25;1086;77;4943.00;74
13198;76;625935477;13198;375;14292;14368;5.55;0.34;299.04;11.24;1094;77;4944.00;76
13200;76;625935492;13200;378;14292;14368;5.60;0.34;299.02;11.24;1092;77;4945.00;76
13204;76;625935505;13204;374;14292;14368;5.66;0.35;299.01;11.24;1088;77;4946.00;76
13208;76;625935518;13208;378;14293;14369;5.73;0.35;299.02;11.24;1085;77;4947.00;76
13209;76;625935531;13209;377;14293;14370;5.81;0.35;299.00;11.24;1084;77;4948.00;77
13213;76;625935551;13213;377;14293;14370;5.80;0.35;298.98;11.24;1080;77;4949.00;77
13214;76;625935566;13214;374;14297;14379;5.86;0.36;298.99;11.24;1083;77;4950.00;82
13218;76;625935582;13218;369;14298;14379;5.88;0.36;298.97;11.24;1080;77;4951.00;81
13222;76;625935596;13222;368;14299;14379;5.90;0.36;299.04;11.24;1077;77;4952.00;80
13226;76;625935610;13226;371;14299;14379;5.90;0.36;299.09;11.24;1073;77;4953.00;80
13229;76;625935627;13229;369;14303;14385;5.94;0.36;299.11;11.23;1074;77;4954.00;82
13233;76;625935642;13233;372;14303;14385;5.98;0.36;299.08;11.23;1070;77;4955.00;82
13235;76;625935655;13235;372;14304;14385;6.08;0.37;299.07;11.23;1069;77;4956.00;81
13238;76;625935668;13238;373;14305;14385;6.13;0.37;299.06;11.23;1067;77;4957.00;80
13238;76;625935682;13238;369;14308;14389;6.27;0.38;299.06;11.23;1070;77;4958.00;81
13243;76;625935696;13243;366;14312;14390;6.31;0.39;299.11;11.28;1069;77;4959.00;78
13247;76;625935710;13247;367;14312;14390;6.36;0.39;299.13;11.28;1065;77;4960.00;78
13252;76;625935723;13252;368;14313;14391;6.44;0.39;299.19;11.28;1061;77;4961.00;78
13256;76;625935738;13256;365;14313;14391;6.47;0.40;299.21;11.28;1057;77;4962.00;78
13259;76;625935753;13259;371;14313;14391;6.52;0.40;299.27;11.28;1054;77;4963.00;78
13265;76;625935768;13265;375;14313;14391;6.56;0.40;299.25;11.28;1048;77;4964.00;78
13271;76;625935781;13271;372;14313;14391;6.58;0.40;299.33;11.28;1042;77;4965.00;78
13275;76;625935795;13275;361;14313;14391;6.60;0.40;299.39;11.28;1038;77;4966.00;78
13277;76;625935810;13277;363;14313;14391;6.62;0.40;299.43;11.28;1036;77;4967.00;78
13281;76;625935828;13281;377;14354;14461;6.73;0.41;299.52;11.25;1073;77;4968.00;107
13286;76;625935848;13286;364;14355;14462;6.78;0.42;299.55;11.25;1069;77;4969.00;107
13288;76;625935862;13288;357;14360;14462;6.79;0.42;299.56;11.24;1072;77;4970.00;102
13293;76;625935875;13293;356;14363;14462;6.85;0.42;299.61;11.24;1070;77;4971.00;99
13297;76;625935889;13297;363;14366;14462;6.88;0.42;299.64;11.24;1069;77;4972.00;96
13298;76;625935902;13298;367;14368;14462;6.91;0.43;299.68;11.24;1070;77;4973.00;94
13304;76;625935916;13304;372;14372;14462;6.91;0.42;299.69;11.24;1068;77;4974.00;90
13305;76;625935929;13305;378;14373;14462;6.92;0.42;299.72;11.24;1068;77;4975.00;89
13311;76;625935943;13311;380;14377;14463;6.85;0.42;299.74;11.24;1066;77;4976.00;86
13314;76;625935957;13314;378;14380;14464;6.78;0.41;299.77;11.23;1066;77;4977.00;84
13316;76;625935972;13316;374;14382;14464;6.74;0.41;299.77;11.28;1066;77;4978.00;82
13319;76;625935986;13319;383;14385;14468;6.68;0.41;299.82;11.28;1066;77;4979.00;83
13326;76;625936002;13326;381;14385;14468;6.63;0.40;299.88;11.28;1059;77;4980.00;83
13327;76;625936016;13327;385;14385;14468;6.62;0.40;299.90;11.28;1058;77;4981.00;83
13332;76;625936030;13332;391;14385;14468;6.59;0.40;299.87;11.28;1053;77;4982.00;83
13334;76;625936043;13334;389;14389;14474;6.65;0.41;299.86;11.27;1055;77;4983.00;85
13339;76;625936058;13339;393;14389;14474;6.73;0.41;299.89;11.27;1050;77;4984.00;85
13344;76;625936073;13344;397;14390;14474;6.80;0.42;300.02;11.27;1046;77;4985.00;84
13346;76;625936086;13346;388;14392;14477;6.88;0.42;300.04;11.27;1046;77;4986.00;85
13351;76;625936101;13351;382;14392;14477;6.91;0.42;300.07;11.27;1041;77;4987.00;85
13353;76;625936120;13353;367;14393;14477;7.03;0.43;300.12;11.27;1040;77;4988.00;84
13354;76;625936134;13354;358;14393;14478;7.09;0.43;300.14;11.27;1039;77;4989.00;85
13361;76;625936148;13361;344;14394;14479;7.13;0.43;300.17;11.27;1033;77;4990.00;85
13363;76;625936169;13363;333;14395;14479;7.10;0.43;300.21;11.32;1032;77;4991.00;84
13366;76;625936184;13366;335;14406;14492;7.19;0.44;300.21;11.31;1040;77;4992.00;86
13367;76;625936199;13367;329;14406;14492;7.15;0.44;300.23;11.31;1039;77;4993.00;86
13372;76;625936213;13372;324;14406;14492;7.08;0.43;300.23;11.31;1034;77;4994.00;86
13374;76;625936227;13374;321;14408;14494;7.04;0.43;300.26;11.31;1034;77;4995.00;86
13376;76;625936242;13376;327;14408;14494;7.01;0.43;300.25;11.31;1032;77;4996.00;86
13378;77;625936263;13378;318;14411;14498;7.00;0.43;300.29;11.30;1033;78;4997.00;87
13381;77;625936295;13381;314;14411;14498;6.97;0.42;300.34;11.30;1030;78;4998.00;87
13385;77;625936309;13385;306;14415;14502;6.90;0.42;300.40;11.30;1030;78;4999.00;87
13389;77;625936324;13389;301;14415;14502;6.87;0.42;300.39;11.30;1026;78;5000.00;87
13391;77;625936342;13391;297;14415;14502;6.84;0.41;300.48;11.30;1024;78;5001.00;87
13393;77;625936355;13393;297;14415;14502;6.82;0.41;300.54;11.30;1022;78;5002.00;87
13396;78;625936374;13396;295;14415;14502;6.80;0.41;300.52;11.30;1019;79;5003.00;87
13401;78;625936397;13401;297;14424;14514;6.73;0.41;300.53;11.29;1023;79;5004.00;90
13405;78;625936412;13405;292;14424;14514;6.70;0.40;300.57;11.29;1019;79;5005.00;90
13405;78;625936425;13405;292;14426;14514;6.74;0.41;300.57;11.29;1021;79;5006.00;88
13408;78;625936438;13408;295;14426;14514;6.71;0.41;300.54;11.29;1018;79;5007.00;88
13408;78;625936451;13408;304;14426;14514;6.69;0.40;300.54;11.29;1018;79;5008.00;88
13411;78;625936464;13411;304;14426;14514;6.72;0.41;300.52;11.29;1015;79;5009.00;88
13412;78;625936479;13412;307;14426;14515;6.71;0.41;300.53;11.29;1014;79;5010.00;89
13414;78;625936493;13414;307;14426;14515;6.64;0.40;300.50;11.29;1012;79;5011.00;89
13414;78;625936506;13414;310;14430;14521;6.59;0.40;300.50;11.29;1016;79;5012.00;91
13414;78;625936519;13414;310;14431;14522;6.60;0.40;300.50;11.29;1017;79;5013.00;91
13414;78;625936531;13414;313;14432;14522;6.62;0.40;300.50;11.29;1018;79;5014.00;90
13415;78;625936543;13415;310;14432;14522;6.59;0.40;300.52;11.29;1017;79;5015.00;90
13415;78;625936556;13415;317;14435;14526;6.55;0.40;300.52;11.29;1020;79;5016.00;91
13416;78;625936569;13416;313;14436;14526;6.56;0.40;300.51;11.33;1020;79;5017.00;90
13418;78;625936582;13418;313;14436;14526;6.59;0.40;300.50;11.33;1018;79;5018.00;90
13419;78;625936594;13419;315;14437;14527;6.58;0.40;300.50;11.33;1018;79;5019.00;90
13420;78;625936606;13420;309;14440;14531;6.54;0.40;300.53;11.33;1020;79;5020.00;91
13422;78;625936619;13422;307;14440;14531;6.49;0.40;300.52;11.33;1018;79;5021.00;91
13423;78;625936632;13423;300;14442;14534;6.43;0.39;300.51;11.33;1019;79;5022.00;92
13427;78;625936645;13427;296;14442;14534;6.32;0.38;300.50;11.33;1015;79;5023.00;92
13429;78;625936658;13429;292;14443;14534;6.24;0.38;300.54;11.33;1014;79;5024.00;91
13429;78;625936670;13429;294;14443;14534;6.21;0.38;300.54;11.33;1014;79;5025.00;91
13431;78;625936682;13431;291;14446;14538;6.19;0.38;300.55;11.33;1015;79;5026.00;92
13436;78;625936694;13436;289;14446;14538;6.14;0.38;300.58;11.33;1010;79;5027.00;92
13438;78;625936706;13438;292;14447;14538;6.17;0.38;300.57;11.33;1009;79;5028.00;91
13440;78;625936718;13440;287;14447;14538;6.16;0.38;300.60;11.33;1007;79;5029.00;91
13442;78;625936730;13442;281;14447;14539;6.12;0.37;300.64;11.33;1005;79;5030.00;92
13444;78;625936741;13444;277;14448;14540;6.06;0.37;300.66;11.33;1004;79;5031.00;92
13450;78;625936754;13450;267;14448;14540;5.92;0.36;300.70;11.33;998;79;5032.00;92
13454;78;625936773;13454;264;14449;14541;5.86;0.36;300.73;11.32;995;79;5033.00;92
13458;78;625936792;13458;256;14449;14541;5.78;0.35;300.78;11.32;991;79;5034.00;92
13463;78;625936813;13463;253;14450;14541;5.73;0.35;300.84;11.34;987;79;5035.00;91
13467;78;625936835;13467;254;14450;14541;5.71;0.35;300.85;11.34;983;79;5036.00;91
13470;78;625936851;13470;248;14450;14541;5.71;0.35;300.95;11.34;980;79;5037.00;91
13473;78;625936868;13473;248;14450;14541;5.70;0.35;300.96;11.34;977;79;5038.00;91
13476;78;625936880;13476;247;14451;14541;5.69;0.34;301.03;11.40;975;79;5039.00;90
13478;78;625936907;13478;285;14551;14771;6.04;0.38;301.04;11.32;1073;79;5040.00;220
13479;78;625936941;13479;268;14554;14772;6.07;0.38;301.02;11.37;1075;79;5041.00;218
13482;78;625936955;13482;250;14560;14772;6.14;0.38;301.06;11.36;1078;79;5042.00;212
13484;78;625936970;13484;247;14563;14772;6.19;0.38;301.07;11.36;1079;79;5043.00;209
13485;78;625936989;13485;246;14571;14772;6.29;0.39;301.05;11.36;1086;79;5044.00;201
13487;78;625937002;13487;247;14575;14772;6.34;0.39;301.08;11.40;1088;79;5045.00;197
13489;78;625937016;13489;238;14582;14772;6.42;0.40;301.09;11.40;1093;79;5046.00;190
13492;78;625937029;13492;242;14588;14772;6.47;0.40;301.08;11.45;1096;79;5047.00;184
13493;78;625937050;13493;240;14596;14773;6.55;0.40;301.07;11.45;1103;79;5048.00;177
13496;78;625937063;13496;243;14602;14774;6.59;0.41;301.03;11.45;1106;79;5049.00;172
13499;78;625937077;13499;243;14606;14774;6.59;0.41;300.98;11.44;1107;79;5050.00;168
13502;78;625937091;13502;247;14609;14775;6.61;0.41;300.96;11.45;1107;79;5051.00;166
13503;78;625937104;13503;248;14616;14775;6.62;0.41;300.95;11.45;1113;79;5052.00;159
13504;78;625937118;13504;254;14617;14775;6.61;0.41;300.93;11.45;1113;79;5053.00;158
13504;78;625937131;13504;262;14624;14775;6.59;0.40;300.93;11.46;1120;79;5054.00;151
13506;78;625937145;13506;264;14627;14779;6.58;0.40;300.91;11.46;1121;79;5055.00;152
13507;78;625937160;13507;274;14633;14779;6.56;0.40;300.92;11.46;1126;79;5056.00;146
13510;78;625937180;13510;277;14637;14779;6.48;0.40;300.89;11.47;1127;79;5057.00;142
13513;78;625937194;13513;286;14641;14782;6.47;0.40;300.87;11.47;1128;79;5058.00;141
13516;78;625937209;13516;293;14642;14782;6.45;0.39;300.83;11.47;1126;79;5059.00;140
13517;78;625937223;13517;296;14647;14782;6.40;0.39;300.81;11.49;1130;79;5060.00;135
13518;78;625937238;13518;303;14651;14786;6.38;0.39;300.80;11.49;1133;79;5061.00;135
13521;78;625937256;13521;312;14655;14787;6.41;0.39;300.87;11.49;1134;79;5062.00;132
13521;79;625937271;13521;322;14658;14787;6.45;0.39;300.87;11.50;1137;80;5063.00;129
13524;79;625937305;13524;330;14664;14791;6.43;0.39;300.83;11.51;1140;80;5064.00;127
13526;79;625937320;13526;328;14666;14791;6.40;0.39;300.80;11.51;1140;80;5065.00;125
13527;79;625937334;13527;331;14669;14791;6.35;0.39;300.80;11.53;1142;80;5066.00;122
13528;79;625937348;13528;334;14673;14792;6.32;0.39;300.78;11.54;1145;80;5067.00;119
13530;79;625937362;13530;341;14675;14792;6.27;0.38;300.75;11.55;1145;80;5068.00;117
13533;79;625937376;13533;343;14680;14798;6.25;0.38;300.75;11.55;1147;80;5069.00;118
13533;79;625937392;13533;347;14683;14798;6.21;0.38;300.75;11.57;1150;80;5070.00;115
13535;79;625937406;13535;355;14685;14799;6.10;0.37;300.70;11.59;1150;80;5071.00;114
13536;79;625937420;13536;366;14687;14799;5.98;0.36;300.70;11.59;1151;80;5072.00;112
13538;79;625937434;13538;375;14690;14799;5.85;0.36;300.68;11.61;1152;80;5073.00;109
13538;79;625937447;13538;386;14691;14799;5.74;0.35;300.68;11.61;1153;80;5074.00;108
13539;79;625937460;13539;400;14693;14799;5.64;0.35;300.67;11.62;1154;80;5075.00;106
13540;79;625937479;13540;408;14705;14811;5.61;0.34;300.65;11.62;1165;80;5076.00;106
13540;79;625937492;13540;419;14707;14811;5.52;0.34;300.65;11.63;1167;80;5077.00;104
13542;79;625937505;13542;420;14711;14811;5.44;0.33;300.62;11.65;1169;80;5078.00;100
13543;79;625937518;13543;415;14711;14811;5.40;0.33;300.61;11.65;1168;80;5079.00;100
13544;79;625937531;13544;414;14713;14811;5.33;0.33;300.60;11.66;1169;80;5080.00;98
13547;79;625937543;13547;415;14713;14811;5.29;0.32;300.57;11.66;1166;80;5081.00;98
13549;79;625937556;13549;416;14716;14815;5.25;0.32;300.56;11.66;1167;80;5082.00;99
13551;79;625937569;13551;402;14717;14815;5.24;0.32;300.53;11.66;1166;80;5083.00;98
13553;79;625937583;13553;394;14721;14819;5.31;0.32;300.51;11.67;1168;80;5084.00;98
13554;79;625937597;13554;384;14724;14821;5.36;0.33;300.49;11.68;1170;80;5085.00;97
13556;79;625937611;13556;377;14727;14821;5.39;0.33;300.47;11.69;1171;80;5086.00;94
13556;79;625937624;13556;372;14727;14821;5.44;0.33;300.47;11.69;1171;80;5087.00;94
13558;79;625937637;13558;372;14739;14834;5.50;0.34;300.46;11.70;1181;80;5088.00;95
13559;79;625937652;13559;359;14739;14834;5.54;0.34;300.46;11.70;1180;80;5089.00;95
13562;79;625937666;13562;364;14741;14834;5.56;0.34;300.41;11.70;1179;80;5090.00;93
13562;80;625937679;13562;365;14743;14835;5.58;0.34;300.41;11.71;1181;81;5091.00;92
13565;80;625937704;13565;365;14743;14836;5.56;0.34;300.42;11.71;1178;81;5092.00;93
13569;80;625937718;13569;369;14744;14836;5.53;0.34;300.40;11.71;1175;81;5093.00;92
13570;80;625937731;13570;370;14747;14839;5.59;0.34;300.40;11.72;1177;81;5094.00;92
13573;80;625937747;13573;367;14747;14839;5.61;0.34;300.37;11.72;1174;81;5095.00;92
13574;80;625937767;13574;369;14749;14839;5.63;0.34;300.39;11.73;1175;81;5096.00;90
13576;80;625937787;13576;375;14749;14839;5.61;0.34;300.38;11.73;1173;81;5097.00;90
13580;80;625937806;13580;383;14756;14845;5.61;0.34;300.38;11.76;1176;81;5098.00;89
13582;80;625937821;13582;385;14756;14845;5.57;0.34;300.36;11.76;1174;81;5099.00;89
13586;80;625937836;13586;381;14762;14864;5.48;0.34;300.35;11.76;1176;81;5100.00;102
13588;80;625937855;13588;374;14763;14864;5.44;0.33;300.35;11.77;1175;81;5101.00;101
13591;80;625937868;13591;382;14767;14868;5.38;0.33;300.35;11.76;1176;81;5102.00;101
13594;80;625937881;13594;387;14769;14869;5.36;0.33;300.40;11.77;1175;81;5103.00;100
13597;80;625937894;13597;387;14769;14869;5.32;0.33;300.42;11.77;1172;81;5104.00;100
13599;80;625937907;13599;390;14773;14870;5.35;0.33;300.40;11.78;1174;81;5105.00;97
13601;80;625937920;13601;391;14774;14870;5.40;0.33;300.39;11.79;1173;81;5106.00;96
13604;80;625937938;13604;381;14774;14870;5.45;0.33;300.49;11.79;1170;81;5107.00;96
13608;80;625937951;13608;382;14775;14870;5.53;0.34;300.56;11.79;1167;81;5108.00;95
13612;80;625937964;13612;381;14775;14870;5.59;0.34;300.58;11.79;1163;81;5109.00;95
13613;80;625937978;13613;384;14775;14870;5.68;0.35;300.57;11.79;1162;81;5110.00;95
13618;80;625937991;13618;379;14776;14870;5.68;0.35;300.55;11.79;1158;81;5111.00;94
13621;80;625938004;13621;381;14811;14940;5.83;0.36;300.58;11.81;1190;81;5112.00;129
13624;80;625938023;13624;378;14815;14941;5.87;0.36;300.59;11.81;1191;81;5113.00;126
13629;80;625938038;13629;369;14821;14941;5.95;0.36;300.69;11.81;1192;81;5114.00;120
13632;80;625938052;13632;352;14822;14941;6.05;0.37;300.71;11.81;1190;81;5115.00;119
13639;80;625938065;13639;344;14825;14941;6.09;0.37;300.75;11.81;1186;81;5116.00;116
13643;80;625938080;13643;333;14829;14941;6.09;0.37;300.78;11.80;1186;81;5117.00;112
13648;80;625938093;13648;335;14830;14941;6.08;0.37;300.80;11.80;1182;81;5118.00;111
13652;80;625938107;13652;336;14832;14941;6.10;0.37;300.85;11.80;1180;81;5119.00;109
13655;80;625938121;13655;345;14833;14942;6.08;0.37;300.87;11.80;1178;81;5120.00;109
13659;80;625938136;13659;346;14836;14943;6.10;0.37;300.92;11.80;1177;81;5121.00;107
13662;80;625938150;13662;352;14839;14943;6.10;0.37;300.96;11.80;1177;81;5122.00;104
13666;80;625938164;13666;355;14844;14947;6.06;0.37;300.98;11.80;1178;81;5123.00;103
13670;80;625938180;13670;355;14845;14947;6.04;0.37;301.00;11.80;1175;81;5124.00;102
13674;80;625938194;13674;353;14845;14947;6.05;0.37;301.01;11.80;1171;81;5125.00;102
13677;80;625938209;13677;357;14846;14947;6.09;0.37;301.01;11.80;1169;81;5126.00;101
13679;80;625938224;13679;358;14849;14953;6.18;0.38;301.02;11.80;1170;81;5127.00;104
13682;80;625938239;13682;361;14850;14953;6.23;0.38;301.00;11.80;1168;81;5128.00;103
13686;80;625938256;13686;365;14850;14953;6.25;0.38;301.04;11.80;1164;81;5129.00;103
13690;80;625938273;13690;366;14853;14959;6.33;0.39;301.02;11.80;1163;81;5130.00;106
13692;80;625938290;13692;374;14854;14959;6.38;0.39;301.07;11.80;1162;81;5131.00;105
13695;80;625938305;13695;378;14854;14959;6.40;0.39;301.12;11.80;1159;81;5132.00;105
13701;80;625938322;13701;378;14855;14960;6.39;0.39;301.15;11.80;1154;81;5133.00;105
13705;80;625938337;13705;380;14858;14961;6.43;0.39;301.19;11.80;1153;81;5134.00;103
13709;80;625938352;13709;381;14858;14961;6.42;0.39;301.23;11.80;1149;81;5135.00;103
13715;80;625938367;13715;389;14868;14974;6.44;0.39;301.23;11.79;1153;81;5136.00;106
13721;80;625938383;13721;393;14868;14974;6.44;0.39;301.31;11.79;1147;81;5137.00;106
13726;80;625938400;13726;399;14868;14974;6.42;0.39;301.27;11.79;1142;81;5138.00;106
13729;80;625938415;13729;403;14872;14975;6.41;0.39;301.35;11.80;1143;81;5139.00;103
13733;80;625938429;13733;399;14872;14975;6.38;0.39;301.44;11.80;1139;81;5140.00;103
13736;80;625938444;13736;397;14876;14979;6.35;0.39;301.46;11.80;1140;81;5141.00;103
13738;80;625938460;13738;403;14877;14979;6.29;0.38;301.48;11.80;1139;81;5142.00;102
13743;80;625938475;13743;407;14880;14983;6.26;0.38;301.52;11.80;1137;81;5143.00;103
13749;80;625938490;13749;415;14880;14983;6.20;0.38;301.50;11.80;1131;81;5144.00;103
13753;80;625938505;13753;424;14881;14983;6.18;0.38;301.53;11.80;1128;81;5145.00;102
13758;80;625938520;13758;434;14882;14983;6.11;0.37;301.56;11.80;1124;81;5146.00;101
13761;80;625938534;13761;428;14882;14983;6.06;0.37;301.62;11.80;1121;81;5147.00;101
13764;80;625938550;13764;424;14893;14995;6.08;0.37;301.64;11.79;1129;81;5148.00;102
13767;80;625938566;13767;417;14894;14995;6.07;0.37;301.65;11.79;1127;81;5149.00;101
13769;80;625938581;13769;419;14896;14995;6.09;0.37;301.62;11.79;1127;81;5150.00;99
13774;80;625938595;13774;416;14897;14995;6.11;0.37;301.70;11.79;1123;81;5151.00;98
13777;80;625938610;13777;422;14897;14995;6.06;0.37;301.69;11.79;1120;81;5152.00;98
13781;80;625938631;13781;417;14898;14995;6.08;0.37;301.71;11.79;1117;81;5153.00;97
13785;80;625938646;13785;415;14899;14996;6.08;0.37;301.77;11.79;1114;81;5154.00;97
13787;80;625938661;13787;416;14900;14998;6.11;0.37;301.75;11.79;1113;81;5155.00;98
13792;80;625938676;13792;405;14903;15004;6.13;0.37;301.79;11.79;1111;81;5156.00;101
13795;80;625938691;13795;401;14905;15005;6.15;0.37;301.79;11.79;1110;81;5157.00;100
13796;80;625938706;13796;392;14905;15005;6.19;0.38;301.78;11.79;1109;81;5158.00;100
13799;80;625938720;13799;387;14907;15005;6.21;0.38;301.83;11.79;1108;81;5159.00;98
13802;80;625938737;13802;386;14911;15010;6.25;0.38;301.88;11.78;1109;81;5160.00;99
13804;80;625938761;13804;375;14911;15010;6.26;0.38;301.88;11.78;1107;81;5161.00;99
13811;80;625938784;13811;370;14911;15010;6.26;0.38;301.88;11.78;1100;81;5162.00;99
13813;80;625938806;13813;372;14912;15011;6.32;0.38;301.93;11.78;1099;81;5163.00;99
13815;80;625938833;13815;373;14915;15015;6.32;0.38;301.92;11.78;1100;81;5164.00;100
13820;80;625938855;13820;372;14915;15015;6.30;0.38;302.11;11.78;1095;81;5165.00;100
13824;80;625938875;13824;364;14918;15018;6.35;0.38;302.11;11.78;1094;81;5166.00;100
13826;80;625938891;13826;365;14918;15018;6.32;0.38;302.14;11.78;1092;81;5167.00;100
13832;80;625938906;13832;361;14918;15018;6.26;0.38;302.20;11.78;1086;81;5168.00;100
13832;80;625938922;13832;363;14918;15018;6.26;0.38;302.20;11.78;1086;81;5169.00;100
13834;80;625938938;13834;349;14921;15022;6.31;0.38;302.18;11.77;1087;81;5170.00;101
13838;80;625938954;13838;345;14922;15022;6.25;0.38;302.23;11.77;1084;81;5171.00;100
13839;80;625938971;13839;346;14922;15022;6.22;0.38;302.22;11.77;1083;81;5172.00;100
13843;80;625938985;13843;338;14922;15022;6.18;0.38;302.22;11.77;1079;81;5173.00;100
13844;80;625939000;13844;328;14922;15023;6.16;0.37;302.21;11.77;1078;81;5174.00;101
13847;80;625939014;13847;328;14924;15025;6.10;0.37;302.22;11.77;1077;81;5175.00;101
13852;80;625939028;13852;323;14924;15025;6.06;0.37;302.28;11.77;1072;81;5176.00;101
13853;80;625939041;13853;324;14925;15026;6.06;0.37;302.31;11.77;1072;81;5177.00;101
13857;80;625939056;13857;313;14925;15026;6.01;0.37;302.34;11.77;1068;81;5178.00;101
13859;80;625939070;13859;325;14925;15026;6.00;0.37;302.38;11.77;1066;81;5179.00;101
13861;80;625939083;13861;325;14925;15026;5.97;0.36;302.40;11.77;1064;81;5180.00;101
13863;80;625939097;13863;329;14925;15026;5.93;0.36;302.43;11.77;1062;81;5181.00;101
13863;80;625939109;13863;319;14925;15026;5.96;0.36;302.43;11.77;1062;81;5182.00;101
13864;80;625939122;13864;329;14925;15026;5.95;0.36;302.47;11.77;1061;81;5183.00;101
13865;80;625939135;13865;348;14996;15153;6.05;0.37;302.51;11.72;1131;81;5184.00;157
13868;80;625939159;13868;343;14996;15154;6.05;0.37;302.54;11.72;1128;81;5185.00;158
13869;80;625939173;13869;346;15004;15154;6.19;0.38;302.61;11.71;1135;81;5186.00;150
13871;80;625939186;13871;348;15006;15154;6.18;0.38;302.64;11.71;1135;81;5187.00;148
13873;80;625939200;13873;354;15010;15154;6.19;0.38;302.72;11.71;1137;81;5188.00;144
13875;80;625939216;13875;357;15014;15154;6.16;0.38;302.70;11.71;1139;81;5189.00;140
13877;80;625939235;13877;362;15017;15154;6.14;0.38;302.70;11.70;1140;81;5190.00;137
13881;80;625939252;13881;360;15021;15154;6.13;0.38;302.70;11.76;1140;81;5191.00;133
13883;80;625939268;13883;361;15025;15155;6.14;0.38;302.74;11.76;1142;81;5192.00;130
13884;80;625939284;13884;359;15028;15156;6.14;0.38;302.75;11.76;1144;81;5193.00;128
13889;80;625939301;13889;356;15031;15156;6.05;0.37;302.76;11.76;1142;81;5194.00;125
13896;80;625939317;13896;358;15035;15157;5.96;0.36;302.72;11.76;1139;81;5195.00;122
13896;80;625939334;13896;357;15036;15157;5.88;0.36;302.72;11.76;1140;81;5196.00;121
13899;80;625939349;13899;364;15037;15157;5.81;0.36;302.73;11.76;1138;81;5197.00;120
13901;80;625939365;13901;361;15038;15157;5.75;0.35;302.73;11.76;1137;81;5198.00;119
13904;80;625939381;13904;372;15041;15161;5.69;0.35;302.71;11.76;1137;81;5199.00;120
13907;80;625939398;13907;370;15042;15161;5.58;0.34;302.70;11.76;1135;81;5200.00;119
13909;80;625939420;13909;371;15043;15161;5.49;0.34;302.68;11.76;1134;81;5201.00;118
13911;80;625939436;13911;362;15045;15164;5.41;0.33;302.72;11.76;1134;81;5202.00;119
13912;80;625939451;13912;363;15046;15164;5.38;0.33;302.74;11.76;1134;81;5203.00;118
13914;80;625939466;13914;359;15047;15164;5.32;0.33;302.72;11.76;1133;81;5204.00;117
13919;80;625939482;13919;361;15054;15168;5.25;0.32;302.67;11.84;1135;81;5205.00;114
13921;80;625939501;13921;355;15056;15169;5.22;0.32;302.65;11.84;1135;81;5206.00;113
13925;80;625939517;13925;352;15057;15169;5.19;0.32;302.62;11.84;1132;81;5207.00;112
13927;80;625939531;13927;347;15059;15173;5.16;0.32;302.59;11.84;1132;81;5208.00;114
13931;80;625939545;13931;342;15059;15173;5.14;0.31;302.55;11.84;1128;81;5209.00;114
13934;80;625939561;13934;342;15059;15173;5.16;0.31;302.50;11.84;1125;81;5210.00;114
13935;80;625939576;13935;336;15061;15174;5.17;0.32;302.48;11.90;1126;81;5211.00;113
13936;80;625939591;13936;340;15062;15174;5.17;0.32;302.49;11.90;1126;81;5212.00;112
13938;80;625939606;13938;343;15065;15180;5.25;0.32;302.47;11.90;1127;81;5213.00;115
13943;80;625939622;13943;347;15065;15180;5.21;0.32;302.40;11.90;1122;81;5214.00;115
13944;80;625939637;13944;350;15067;15180;5.20;0.32;302.39;11.90;1123;81;5215.00;113
13946;80;625939652;13946;350;15067;15181;5.19;0.32;302.37;11.90;1121;81;5216.00;114
13949;80;625939667;13949;348;15068;15181;5.18;0.32;302.40;11.90;1119;81;5217.00;113
13951;80;625939682;13951;336;15068;15181;5.15;0.31;302.46;11.90;1117;81;5218.00;113
13952;80;625939697;13952;344;15068;15181;5.14;0.31;302.45;11.90;1116;81;5219.00;113
13953;80;625939714;13953;351;15090;15217;5.24;0.32;302.43;11.88;1137;81;5220.00;127
13956;80;625939734;13956;346;15090;15217;5.23;0.32;302.39;11.88;1134;81;5221.00;127
13956;80;625939749;13956;352;15093;15217;5.23;0.32;302.39;11.88;1137;81;5222.00;124
13957;80;625939765;13957;360;15093;15217;5.25;0.32;302.40;11.88;1136;81;5223.00;124
13959;80;625939780;13959;363;15095;15217;5.25;0.32;302.40;11.88;1136;81;5224.00;122
13961;80;625939806;13961;365;15095;15217;5.26;0.32;302.37;11.88;1134;81;5225.00;122
13961;80;625939821;13961;365;15100;15221;5.31;0.32;302.37;11.88;1139;81;5226.00;121
13962;80;625939835;13962;374;15101;15221;5.40;0.33;302.35;11.88;1139;81;5227.00;120
13963;80;625939848;13963;373;15103;15225;5.45;0.33;302.34;11.87;1140;81;5228.00;122
13964;80;625939862;13964;377;15106;15226;5.50;0.34;302.32;11.87;1142;81;5229.00;120
13966;80;625939877;13966;379;15107;15226;5.58;0.34;302.32;11.87;1141;81;5230.00;119
13970;80;625939891;13970;386;15110;15226;5.57;0.34;302.30;11.89;1140;81;5231.00;116
13972;80;625939905;13972;384;15119;15239;5.60;0.34;302.31;11.88;1147;81;5232.00;120
13972;80;625939921;13972;382;15122;15239;5.57;0.34;302.31;11.91;1150;81;5233.00;117
13974;80;625939936;13974;386;15122;15239;5.56;0.34;302.27;11.91;1148;81;5234.00;117
13975;80;625939950;13975;375;15124;15240;5.58;0.34;302.26;11.92;1149;81;5235.00;116
13976;80;625939964;13976;370;15126;15241;5.56;0.34;302.28;11.93;1150;81;5236.00;115
13977;80;625939985;13977;363;15128;15241;5.60;0.34;302.28;11.95;1151;81;5237.00;113
13977;80;625940001;13977;365;15131;15244;5.65;0.34;302.28;11.94;1154;81;5238.00;113
13977;80;625940017;13977;358;15132;15244;5.68;0.35;302.28;11.96;1155;81;5239.00;112
13977;80;625940030;13977;360;15134;15244;5.69;0.35;302.28;11.97;1157;81;5240.00;110
13978;80;625940044;13978;363;15135;15244;5.67;0.35;302.28;11.98;1157;81;5241.00;109
13978;80;625940059;13978;363;15139;15250;5.72;0.35;302.28;11.98;1161;81;5242.00;111
13979;80;625940074;13979;355;15141;15250;5.69;0.35;302.27;12.00;1162;81;5243.00;109
13980;80;625940088;13980;357;15142;15250;5.65;0.34;302.26;12.00;1162;81;5244.00;108
13980;80;625940102;13980;352;15142;15250;5.62;0.34;302.26;12.00;1162;81;5245.00;108
13982;80;625940122;13982;355;15148;15254;5.58;0.34;302.24;12.02;1166;81;5246.00;106
13982;80;625940136;13982;362;15149;15255;5.56;0.34;302.24;12.02;1167;81;5247.00;106
13984;80;625940150;13984;365;15150;15255;5.52;0.34;302.21;12.03;1166;81;5248.00;105
13985;80;625940178;13985;364;15151;15256;5.51;0.34;302.20;12.03;1166;81;5249.00;105
13987;80;625940194;13987;358;15152;15256;5.44;0.33;302.17;12.03;1165;81;5250.00;104
13989;80;625940208;13989;365;15155;15256;5.40;0.33;302.15;12.06;1166;81;5251.00;101
13990;80;625940222;13990;360;15156;15256;5.43;0.33;302.15;12.06;1166;81;5252.00;100
13990;80;625940236;13990;364;15156;15256;5.41;0.33;302.15;12.06;1166;81;5253.00;100
13991;80;625940250;13991;362;15157;15256;5.45;0.33;302.15;12.06;1166;81;5254.00;99
13992;80;625940263;13992;369;15159;15256;5.49;0.33;302.14;12.09;1167;81;5255.00;97
13994;80;625940277;13994;371;15199;15326;5.68;0.35;302.11;12.06;1205;81;5256.00;127
13996;80;625940297;13996;375;15204;15327;5.70;0.35;302.11;12.07;1208;81;5257.00;123
13998;80;625940311;13998;374;15211;15327;5.73;0.35;302.12;12.06;1213;81;5258.00;116
14001;80;625940325;14001;374;15218;15327;5.73;0.35;302.14;12.07;1217;81;5259.00;109
14004;80;625940339;14004;369;15223;15327;5.72;0.35;302.14;12.07;1219;81;5260.00;104
14005;80;625940354;14005;364;15225;15327;5.71;0.35;302.16;12.07;1220;81;5261.00;102
14009;80;625940368;14009;375;15229;15327;5.64;0.34;302.16;12.08;1220;81;5262.00;98
14010;80;625940382;14010;376;15229;15327;5.63;0.34;302.16;12.08;1219;81;5263.00;98
14017;80;625940396;14017;373;15231;15328;5.63;0.34;302.16;12.08;1214;81;5264.00;97
14023;80;625940411;14023;381;15234;15330;5.59;0.34;302.20;12.09;1211;81;5265.00;96
14027;80;625940427;14027;376;15234;15330;5.55;0.34;302.21;12.09;1207;81;5266.00;96
14030;80;625940441;14030;380;15238;15334;5.51;0.34;302.21;12.10;1208;81;5267.00;96
14036;80;625940456;14036;385;15239;15334;5.41;0.33;302.24;12.11;1203;81;5268.00;95
14038;80;625940471;14038;390;15239;15334;5.36;0.33;302.28;12.11;1201;81;5269.00;95
14040;80;625940485;14040;386;15240;15334;5.32;0.33;302.32;12.12;1200;81;5270.00;94
14045;80;625940499;14045;376;15245;15340;5.36;0.33;302.41;12.13;1200;81;5271.00;95
14047;80;625940514;14047;376;15245;15340;5.40;0.33;302.45;12.13;1198;81;5272.00;95
14053;80;625940528;14053;372;15248;15340;5.37;0.33;302.47;12.14;1195;81;5273.00;92
14057;80;625940543;14057;374;15250;15343;5.38;0.33;302.53;12.14;1193;81;5274.00;93
14061;80;625940558;14061;367;15251;15343;5.43;0.33;302.64;12.15;1190;81;5275.00;92
14064;80;625940573;14064;364;15252;15343;5.49;0.34;302.67;12.16;1188;81;5276.00;91
14067;80;625940587;14067;360;15252;15344;5.58;0.34;302.75;12.16;1185;81;5277.00;92
14072;80;625940603;14072;356;15255;15345;5.64;0.34;302.81;12.17;1183;81;5278.00;90
14076;80;625940618;14076;358;15255;15345;5.73;0.35;302.82;12.17;1179;81;5279.00;90
14081;80;625940635;14081;360;15274;15371;5.79;0.35;302.88;12.15;1193;81;5280.00;97
14087;80;625940652;14087;360;15274;15371;5.79;0.35;302.94;12.15;1187;81;5281.00;97
14088;80;625940667;14088;356;15276;15371;5.88;0.36;302.99;12.21;1188;81;5282.00;95
14093;81;625940683;14093;362;15278;15372;5.93;0.36;303.10;12.21;1185;82;5283.00;94
14094;81;625940706;14094;359;15279;15372;5.98;0.36;303.09;12.21;1185;82;5284.00;93
14098;81;625940722;14098;358;15283;15376;6.00;0.37;303.16;12.21;1185;82;5285.00;93
14103;81;625940738;14103;360;15283;15376;6.02;0.37;303.21;12.21;1180;82;5286.00;93
14106;81;625940753;14106;352;15286;15379;6.04;0.37;303.22;12.21;1180;82;5287.00;93
14111;81;625940775;14111;351;15286;15380;6.10;0.37;303.25;12.21;1175;82;5288.00;94
14116;81;625940811;14116;352;15286;15380;6.13;0.37;303.33;12.21;1170;82;5289.00;94
14117;81;625940840;14117;344;15286;15380;6.16;0.38;303.32;12.21;1169;82;5290.00;94
14120;81;625940862;14120;341;15286;15380;6.17;0.38;303.38;12.21;1166;82;5291.00;94
14123;81;625940883;14123;338;15296;15392;6.23;0.38;303.43;12.20;1173;82;5292.00;96
14126;81;625940904;14126;340;15297;15392;6.26;0.38;303.40;12.20;1171;82;5293.00;95
14132;81;625940923;14132;340;15297;15392;6.24;0.38;303.46;12.20;1165;82;5294.00;95
14134;81;625940941;14134;352;15297;15392;6.21;0.38;303.45;12.20;1163;82;5295.00;95
14138;81;625940959;14138;350;15297;15392;6.25;0.38;303.54;12.20;1159;82;5296.00;95
14144;81;625940977;14144;352;15297;15392;6.24;0.38;303.59;12.20;1153;82;5297.00;95
14146;81;625940995;14146;358;15297;15393;6.28;0.38;303.60;12.20;1151;82;5298.00;96
14151;81;625941014;14151;351;15297;15393;6.29;0.38;303.67;12.20;1146;82;5299.00;96
14154;81;625941034;14154;359;15301;15399;6.34;0.38;303.69;12.20;1147;82;5300.00;98
14156;81;625941057;14156;358;15303;15400;6.37;0.39;303.70;12.19;1147;82;5301.00;97
14159;81;625941075;14159;367;15303;15400;6.38;0.39;303.69;12.19;1144;82;5302.00;97
14164;81;625941094;14164;369;15303;15400;6.39;0.39;303.74;12.19;1139;82;5303.00;97
14173;81;625941118;14173;375;15306;15404;6.40;0.39;303.79;12.19;1133;82;5304.00;98
14178;81;625941138;14178;378;15306;15404;6.41;0.39;303.76;12.19;1128;82;5305.00;98
14182;81;625941154;14182;378;15306;15404;6.38;0.39;303.77;12.19;1124;82;5306.00;98
14186;81;625941173;14186;381;15307;15405;6.37;0.38;303.80;12.19;1121;82;5307.00;98
14187;81;625941190;14187;383;15310;15409;6.41;0.39;303.84;12.19;1123;82;5308.00;99
14188;81;625941207;14188;380;15310;15409;6.38;0.39;303.83;12.19;1122;82;5309.00;99
14191;81;625941225;14191;377;15313;15415;6.36;0.39;303.89;12.19;1122;82;5310.00;102
14193;81;625941241;14193;382;15314;15415;6.30;0.38;303.89;12.19;1121;82;5311.00;101
14195;81;625941259;14195;379;15314;15415;6.27;0.38;303.98;12.19;1119;82;5312.00;101
14198;81;625941275;14198;384;15315;15415;6.21;0.38;304.00;12.19;1117;82;5313.00;100
14201;81;625941297;14201;388;15317;15419;6.21;0.38;303.98;12.18;1116;82;5314.00;102
14203;81;625941311;14203;399;15318;15419;6.17;0.38;303.98;12.18;1115;82;5315.00;101
14208;81;625941326;14208;411;15318;15419;6.09;0.37;304.11;12.18;1110;82;5316.00;101
14212;81;625941340;14212;402;15319;15419;6.07;0.37;304.15;12.18;1107;82;5317.00;100
14215;81;625941355;14215;395;15319;15420;5.99;0.37;304.19;12.18;1104;82;5318.00;101
14220;81;625941375;14220;393;15321;15421;5.97;0.36;304.23;12.18;1101;82;5319.00;100
14225;81;625941391;14225;392;15321;15421;5.91;0.36;304.38;12.18;1096;82;5320.00;100
14229;81;625941405;14229;396;15322;15422;5.92;0.36;304.39;12.18;1093;82;5321.00;100
14230;81;625941421;14230;396;15322;15422;5.96;0.36;304.43;12.18;1092;82;5322.00;100
14234;81;625941435;14234;398;15322;15422;5.93;0.36;304.45;12.18;1088;82;5323.00;100
14238;81;625941449;14238;400;15322;15422;5.92;0.36;304.44;12.18;1084;82;5324.00;100
14244;81;625941464;14244;402;15322;15422;5.91;0.36;304.49;12.18;1078;82;5325.00;100
14246;81;625941478;14246;390;15322;15422;5.90;0.36;304.51;12.18;1076;82;5326.00;100
14251;81;625941493;14251;384;15322;15422;5.85;0.36;304.58;12.18;1071;82;5327.00;100
14257;81;625941507;14257;404;15394;15549;5.88;0.36;304.57;12.12;1137;82;5328.00;155
14259;81;625941552;14259;386;15395;15550;5.88;0.36;304.59;12.12;1136;82;5329.00;155
14264;81;625941575;14264;375;15401;15550;5.97;0.37;304.69;12.12;1137;82;5330.00;149
14269;81;625941591;14269;365;15406;15550;6.05;0.37;304.72;12.12;1137;82;5331.00;144
14272;81;625941607;14272;353;15410;15550;6.12;0.38;304.71;12.11;1138;82;5332.00;140
14275;81;625941621;14275;348;15413;15550;6.21;0.38;304.72;12.11;1138;82;5333.00;137
14277;81;625941637;14277;348;15419;15550;6.36;0.39;304.72;12.11;1142;82;5334.00;131
14277;81;625941651;14277;349;15420;15550;6.44;0.40;304.72;12.11;1143;82;5335.00;130
14279;81;625941665;14279;349;15425;15551;6.52;0.40;304.76;12.11;1146;82;5336.00;126
14281;81;625941680;14281;348;15427;15552;6.54;0.40;304.75;12.11;1146;82;5337.00;125
14283;81;625941701;14283;347;15428;15552;6.58;0.41;304.78;12.11;1145;82;5338.00;124
14285;81;625941716;14285;346;15429;15553;6.58;0.41;304.76;12.11;1144;82;5339.00;124
14285;81;625941732;14285;342;15432;15553;6.62;0.41;304.76;12.11;1147;82;5340.00;121
14289;81;625941747;14289;337;15434;15553;6.57;0.40;304.78;12.11;1145;82;5341.00;119
14290;81;625941763;14290;339;15436;15553;6.61;0.41;304.77;12.11;1146;82;5342.00;117
14296;81;625941778;14296;336;15439;15557;6.53;0.40;304.90;12.11;1143;82;5343.00;118
14297;81;625941793;14297;341;15441;15557;6.52;0.40;304.89;12.11;1144;82;5344.00;116
14302;81;625941808;14302;345;15442;15557;6.45;0.40;304.88;12.11;1140;82;5345.00;115
14306;81;625941823;14306;351;15445;15560;6.36;0.39;304.88;12.11;1139;82;5346.00;115
14308;81;625941837;14308;355;15446;15560;6.28;0.38;304.89;12.11;1138;82;5347.00;114
14310;81;625941851;14310;369;15447;15560;6.15;0.38;304.87;12.11;1137;82;5348.00;113
14310;81;625941865;14310;373;15450;15564;6.05;0.37;304.87;12.10;1140;82;5349.00;114
14313;81;625941878;14313;380;15452;15565;6.01;0.37;304.85;12.10;1139;82;5350.00;113
14315;81;625941892;14315;394;15452;15565;5.87;0.36;304.89;12.10;1137;82;5351.00;113
14318;81;625941905;14318;403;15457;15569;5.80;0.35;304.88;12.17;1139;82;5352.00;112
14319;81;625941919;14319;394;15457;15569;5.78;0.35;304.87;12.17;1138;82;5353.00;112
14322;81;625941932;14322;401;15457;15569;5.72;0.35;304.84;12.17;1135;82;5354.00;112
14325;81;625941946;14325;409;15459;15571;5.65;0.34;304.89;12.16;1134;82;5355.00;112
14325;81;625941959;14325;412;15459;15571;5.59;0.34;304.89;12.16;1134;82;5356.00;112
14326;81;625941973;14326;423;15463;15577;5.58;0.34;304.88;12.16;1137;82;5357.00;114
14328;81;625941986;14328;425;15463;15577;5.51;0.34;304.90;12.16;1135;82;5358.00;114
14331;81;625941999;14331;436;15464;15577;5.46;0.33;304.92;12.16;1133;82;5359.00;113
14335;81;625942011;14335;430;15464;15578;5.35;0.33;304.89;12.16;1129;82;5360.00;114
14336;81;625942024;14336;428;15464;15578;5.32;0.32;304.88;12.16;1128;82;5361.00;114
14338;81;625942036;14338;430;15464;15578;5.28;0.32;304.85;12.16;1126;82;5362.00;114
14339;81;625942048;14339;434;15464;15578;5.27;0.32;304.87;12.16;1125;82;5363.00;114
14340;81;625942060;14340;432;15473;15590;5.29;0.32;304.88;12.15;1133;82;5364.00;117
14342;81;625942073;14342;421;15473;15590;5.25;0.32;304.92;12.15;1131;82;5365.00;117
14346;81;625942086;14346;421;15476;15590;5.20;0.32;304.87;12.22;1130;82;5366.00;114
14348;81;625942098;14348;424;15476;15590;5.16;0.32;304.87;12.22;1128;82;5367.00;114
14349;81;625942110;14349;424;15476;15590;5.17;0.32;304.86;12.22;1127;82;5368.00;114
14356;81;625942122;14356;422;15476;15590;5.08;0.31;304.81;12.22;1120;82;5369.00;114
14360;81;625942136;14360;411;15479;15594;5.06;0.31;304.75;12.22;1119;82;5370.00;115
14362;81;625942148;14362;409;15479;15594;5.04;0.31;304.74;12.22;1117;82;5371.00;115
14366;81;625942160;14366;405;15483;15598;5.02;0.31;304.71;12.28;1117;82;5372.00;115
14368;81;625942172;14368;403;15485;15599;5.04;0.31;304.70;12.28;1117;82;5373.00;114
14370;81;625942184;14370;395;15487;15599;5.01;0.31;304.68;12.36;1117;82;5374.00;112
14372;81;625942197;14372;392;15488;15599;5.01;0.31;304.68;12.38;1116;82;5375.00;111
14376;81;625942210;14376;393;15497;15612;5.02;0.31;304.72;12.37;1121;82;5376.00;115
14378;81;625942223;14378;390;15497;15612;5.06;0.31;304.72;12.37;1119;82;5377.00;115
14381;81;625942234;14381;394;15499;15612;5.10;0.31;304.72;12.44;1118;82;5378.00;113
14385;81;625942246;14385;396;15501;15613;5.12;0.31;304.73;12.44;1116;82;5379.00;112
14387;81;625942258;14387;398;15503;15614;5.09;0.31;304.71;12.51;1116;82;5380.00;111
14388;82;625942270;14388;397;15503;15614;5.10;0.31;304.70;12.51;1115;83;5381.00;111
14388;82;625942294;14388;401;15505;15617;5.14;0.31;304.70;12.51;1117;83;5382.00;112
14391;82;625942307;14391;402;15506;15617;5.15;0.32;304.67;12.50;1115;83;5383.00;111
14394;82;625942319;14394;410;15507;15617;5.18;0.32;304.64;12.56;1113;83;5384.00;110
14396;82;625942330;14396;409;15507;15617;5.21;0.32;304.62;12.56;1111;83;5385.00;110
14399;82;625942343;14399;408;15511;15623;5.24;0.32;304.61;12.56;1112;83;5386.00;112
14401;82;625942357;14401;397;15511;15623;5.25;0.32;304.63;12.56;1110;83;5387.00;112
14403;82;625942370;14403;381;15512;15623;5.23;0.32;304.66;12.56;1109;83;5388.00;111
14404;82;625942383;14404;379;15512;15623;5.26;0.32;304.65;12.56;1108;83;5389.00;111
14406;82;625942396;14406;378;15515;15627;5.27;0.32;304.63;12.56;1109;83;5390.00;112
14406;82;625942409;14406;375;15516;15628;5.29;0.32;304.63;12.56;1110;83;5391.00;112
14408;82;625942424;14408;357;15516;15628;5.27;0.32;304.62;12.56;1108;83;5392.00;112
14409;82;625942436;14409;349;15517;15629;5.34;0.32;304.64;12.56;1108;83;5393.00;112
14412;82;625942449;14412;350;15517;15629;5.39;0.33;304.66;12.56;1105;83;5394.00;112
14413;82;625942462;14413;338;15517;15629;5.45;0.33;304.65;12.56;1104;83;5395.00;112
14413;82;625942476;14413;335;15517;15629;5.52;0.33;304.65;12.56;1104;83;5396.00;112
14415;82;625942488;14415;340;15517;15629;5.56;0.34;304.64;12.56;1102;83;5397.00;112
14416;82;625942507;14416;344;15517;15629;5.60;0.34;304.64;12.56;1101;83;5398.00;112
14417;82;625942520;14417;343;15518;15629;5.59;0.34;304.62;12.56;1101;83;5399.00;111
