step_arrived;step_collisions;step_duration;step_ended;step_halting;step_inserted;step_loaded;step_meanSpeed;step_meanSpeedRelative;step_meanTravelTime;step_meanWaitingTime;step_running;step_teleports;step_time;step_waiting
0;0;625280396;0;1;85;245;16.64;1.17;-1.00;0.00;85;0;0.00;160
0;0;625280424;0;1;98;245;15.89;1.10;-1.00;0.13;98;0;1.00;147
0;0;625280425;0;0;118;245;15.20;1.03;-1.00;0.45;118;0;2.00;127
0;0;625280427;0;1;134;245;14.25;0.96;-1.00;0.75;134;0;3.00;111
0;0;625280428;0;0;148;245;13.16;0.88;-1.00;1.06;148;0;4.00;97
0;0;625280429;0;3;157;245;11.99;0.80;-1.00;1.29;157;0;5.00;88
0;0;625280431;0;6;165;245;11.30;0.75;-1.00;1.52;165;0;6.00;80
0;0;625280433;0;8;173;245;10.69;0.71;-1.00;1.77;173;0;7.00;72
0;0;625280434;0;13;179;246;10.24;0.68;-1.00;1.98;179;0;8.00;67
0;0;625280437;0;15;187;247;9.66;0.64;-1.00;2.28;187;0;9.00;60
0;0;625280439;0;21;192;247;9.51;0.63;-1.00;2.44;192;0;10.00;55
1;0;625280441;1;21;199;248;9.13;0.60;11.00;2.69;198;0;11.00;49
1;0;625280443;1;26;203;248;9.01;0.59;11.00;2.88;202;0;12.00;45
1;0;625280445;1;30;204;248;9.07;0.59;11.00;2.93;203;0;13.00;44
1;0;625280448;1;37;208;248;8.95;0.58;11.00;3.14;207;0;14.00;40
1;0;625280450;1;41;214;252;8.78;0.57;11.00;3.34;213;0;15.00;38
1;0;625280453;1;44;214;252;8.75;0.57;11.00;3.34;213;0;16.00;38
1;0;625280456;1;47;218;252;8.61;0.56;11.00;3.59;217;0;17.00;34
2;0;625280459;2;53;220;255;8.75;0.56;14.50;3.64;218;0;18.00;35
2;0;625280462;2;57;222;255;8.85;0.57;14.50;3.78;220;0;19.00;33
3;0;625280471;3;62;224;255;8.72;0.55;16.33;3.92;221;0;20.00;31
4;0;625280474;4;67;230;259;8.82;0.56;17.50;4.02;226;0;21.00;29
4;0;625280477;4;70;235;260;8.75;0.55;17.50;4.31;231;0;22.00;25
5;0;625280480;5;73;238;260;8.62;0.54;18.60;4.55;233;0;23.00;22
5;0;625280483;5;74;245;264;8.56;0.54;18.60;4.78;240;0;24.00;19
6;0;625280486;6;79;247;264;8.46;0.53;19.33;4.87;241;0;25.00;17
6;0;625280489;6;84;249;264;8.49;0.53;19.33;5.04;243;0;26.00;15
6;0;625280493;6;85;253;265;8.51;0.53;19.33;5.28;247;0;27.00;12
6;0;625280498;6;88;253;265;8.64;0.54;19.33;5.28;247;0;28.00;12
6;0;625280502;6;92;257;271;8.62;0.53;19.33;5.21;251;0;29.00;14
6;0;625280507;6;94;259;271;8.53;0.53;19.33;5.40;253;0;30.00;12
7;0;625280511;7;99;261;272;8.42;0.52;20.57;5.48;254;0;31.00;11
7;0;625280514;7;101;261;272;8.48;0.52;20.57;5.48;254;0;32.00;11
7;0;625280517;7;104;263;272;8.48;0.52;20.57;5.60;256;0;33.00;9
9;0;625280520;9;109;264;272;8.53;0.53;23.00;5.66;255;0;34.00;8
9;0;625280524;9;113;265;272;8.57;0.53;23.00;5.71;256;0;35.00;7
9;0;625280528;9;116;277;284;8.71;0.54;23.00;5.53;268;0;36.00;7
10;0;625280533;10;118;277;284;8.53;0.53;24.00;5.53;267;0;37.00;7
10;0;625280536;10;119;277;284;8.46;0.52;24.00;5.53;267;0;38.00;7
11;0;625280539;11;122;277;284;8.36;0.52;25.36;5.53;266;0;39.00;7
11;0;625280543;11;123;279;284;8.19;0.51;25.36;5.58;268;0;40.00;5
13;0;625280546;13;126;280;284;8.10;0.50;27.15;5.58;267;0;41.00;4
13;0;625280549;13;128;284;288;8.21;0.51;27.15;5.51;271;0;42.00;4
14;0;625280553;14;131;284;288;8.10;0.50;26.79;5.51;270;0;43.00;4
14;0;625280556;14;136;287;292;8.05;0.50;26.79;5.46;273;0;44.00;5
15;0;625280559;15;139;289;294;8.10;0.50;27.87;5.43;274;0;45.00;5
16;0;625280562;16;140;290;294;8.00;0.50;29.00;5.42;274;0;46.00;4
17;0;625280565;17;138;290;294;7.97;0.49;29.53;5.42;273;0;47.00;4
17;0;625280569;17;141;301;307;8.24;0.51;29.53;5.22;284;0;48.00;6
17;0;625280573;17;141;301;307;8.08;0.50;29.53;5.22;284;0;49.00;6
18;0;625280576;18;145;301;307;8.01;0.50;30.28;5.22;283;0;50.00;6
19;0;625280579;19;146;302;308;7.98;0.49;31.37;5.21;283;0;51.00;6
19;0;625280582;19;146;303;309;7.94;0.49;31.37;5.19;284;0;52.00;6
19;0;625280585;19;149;303;309;7.91;0.49;31.37;5.19;284;0;53.00;6
19;0;625280588;19;149;305;312;7.98;0.49;31.37;5.16;286;0;54.00;7
21;0;625280592;21;149;305;312;7.82;0.48;31.86;5.16;284;0;55.00;7
22;0;625280595;22;140;306;312;7.71;0.48;31.91;5.15;284;0;56.00;6
23;0;625280598;23;136;306;312;7.58;0.47;33.00;5.15;283;0;57.00;6
23;0;625280602;23;136;310;318;7.54;0.46;33.00;5.09;287;0;58.00;8
23;0;625280605;23;138;310;318;7.46;0.46;33.00;5.09;287;0;59.00;8
26;0;625280610;26;143;311;318;7.50;0.46;35.88;5.09;285;0;60.00;7
26;0;625280614;26;147;311;318;7.63;0.47;35.88;5.09;285;0;61.00;7
27;0;625280619;27;148;316;322;7.64;0.47;36.85;5.03;289;0;62.00;6
27;0;625280623;27;150;317;323;7.81;0.48;36.85;5.02;290;0;63.00;6
30;0;625280627;30;151;317;323;7.86;0.48;38.40;5.02;287;0;64.00;6
30;0;625280630;30;152;318;324;8.00;0.49;38.40;5.01;288;0;65.00;6
30;0;625280633;30;154;318;324;8.05;0.49;38.40;5.01;288;0;66.00;6
31;0;625280637;31;143;318;324;8.08;0.49;37.97;5.01;287;0;67.00;6
31;0;625280641;31;138;318;324;8.19;0.50;37.97;5.01;287;0;68.00;6
31;0;625280644;31;134;318;324;8.23;0.51;37.97;5.01;287;0;69.00;6
31;0;625280647;31;131;318;324;8.34;0.51;37.97;5.01;287;0;70.00;6
32;0;625280650;32;127;318;324;8.43;0.52;38.81;5.01;286;0;71.00;6
33;0;625280653;33;133;354;394;8.44;0.52;39.18;4.50;321;0;72.00;40
34;0;625280663;34;124;355;395;8.63;0.53;39.97;4.49;321;0;73.00;40
35;0;625280674;35;119;362;395;8.99;0.55;40.94;4.44;327;0;74.00;33
35;0;625280678;35;115;364;395;9.19;0.56;40.94;4.43;329;0;75.00;31
36;0;625280682;36;113;368;395;9.49;0.58;41.92;4.43;332;0;76.00;27
36;0;625280692;36;111;370;395;9.61;0.59;41.92;4.43;334;0;77.00;25
36;0;625280696;36;108;372;395;9.66;0.59;41.92;4.44;336;0;78.00;23
37;0;625280706;37;108;375;395;9.72;0.59;42.92;4.46;338;0;79.00;20
39;0;625280710;39;111;376;396;9.76;0.59;44.38;4.47;337;0;80.00;20
40;0;625280714;40;114;380;397;9.80;0.59;45.08;4.49;340;0;81.00;17
41;0;625280720;41;117;382;397;9.76;0.59;45.98;4.50;341;0;82.00;15
41;0;625280724;41;125;386;401;9.64;0.59;45.98;4.47;345;0;83.00;15
41;0;625280728;41;128;386;401;9.68;0.59;45.98;4.47;345;0;84.00;15
42;0;625280733;42;128;386;401;9.56;0.58;46.90;4.47;344;0;85.00;15
42;0;625280743;42;129;386;401;9.49;0.58;46.90;4.47;344;0;86.00;15
43;0;625280747;43;130;390;407;9.36;0.57;47.72;4.43;347;0;87.00;17
44;0;625280751;44;132;390;407;9.24;0.56;48.64;4.43;346;0;88.00;17
45;0;625280756;45;137;391;407;9.11;0.55;49.53;4.43;346;0;89.00;16
46;0;625280761;46;136;394;413;9.04;0.55;50.28;4.39;348;0;90.00;19
47;0;625280766;47;137;395;413;8.96;0.54;51.15;4.38;348;0;91.00;18
50;0;625280770;50;134;395;413;8.82;0.53;53.60;4.38;345;0;92.00;18
50;0;625280774;50;135;397;414;8.73;0.53;53.60;4.37;347;0;93.00;17
51;0;625280783;51;135;398;415;8.79;0.54;52.98;4.36;347;0;94.00;17
54;0;625280787;54;136;399;415;8.80;0.54;55.31;4.37;345;0;95.00;16
58;0;625280791;58;138;409;428;8.60;0.53;58.12;4.26;351;0;96.00;19
59;0;625280796;59;138;410;428;8.68;0.53;58.76;4.25;351;0;97.00;18
59;0;625280800;59;139;410;428;8.65;0.53;58.76;4.25;351;0;98.00;18
62;0;625280804;62;137;411;429;8.72;0.53;60.58;4.24;349;0;99.00;18
62;0;625280810;62;129;411;429;8.83;0.54;60.58;4.24;349;0;100.00;18
63;0;625280820;63;128;413;433;8.93;0.54;61.17;4.23;350;0;101.00;20
64;0;625280829;64;125;413;433;8.97;0.54;61.81;4.23;349;0;102.00;20
64;0;625280834;64;123;418;437;8.98;0.55;61.81;4.19;354;0;103.00;19
67;0;625280842;67;116;418;437;9.02;0.55;63.34;4.19;351;0;104.00;19
67;0;625280849;67;110;418;437;9.16;0.55;63.34;4.19;351;0;105.00;19
67;0;625280856;67;102;418;437;9.26;0.56;63.34;4.19;351;0;106.00;19
67;0;625280863;67;94;418;437;9.38;0.57;63.34;4.19;351;0;107.00;19
68;0;625280869;68;89;429;449;9.64;0.59;63.99;4.08;361;0;108.00;20
69;0;625280878;69;82;430;449;9.81;0.60;64.64;4.08;361;0;109.00;19
69;0;625280886;69;78;430;449;10.11;0.62;64.64;4.08;361;0;110.00;19
69;0;625280893;69;75;430;449;10.31;0.63;64.64;4.08;361;0;111.00;19
69;0;625280909;69;70;430;449;10.56;0.64;64.64;4.08;361;0;112.00;19
69;0;625280917;69;70;430;449;10.74;0.66;64.64;4.08;361;0;113.00;19
69;0;625280923;69;68;431;450;10.93;0.67;64.64;4.07;362;0;114.00;19
70;0;625280932;70;68;431;450;11.02;0.67;64.67;4.07;361;0;115.00;19
70;0;625280939;70;67;435;456;11.20;0.69;64.67;4.04;365;0;116.00;21
70;0;625280946;70;66;438;457;11.36;0.70;64.67;4.29;368;0;117.00;19
73;0;625280953;73;66;438;457;11.43;0.70;66.77;4.29;365;0;118.00;19
75;0;625280959;75;68;441;457;11.54;0.70;68.13;4.74;366;0;119.00;16
75;0;625280975;75;70;445;462;11.67;0.71;68.13;4.70;370;0;120.00;17
76;0;625280981;76;72;445;462;11.76;0.72;68.82;4.70;369;0;121.00;17
77;0;625280988;77;74;448;462;11.77;0.72;68.57;5.16;371;0;122.00;14
78;0;625280994;78;73;449;463;11.79;0.72;68.81;5.15;371;0;123.00;14
78;0;625281003;78;76;455;467;11.71;0.72;68.81;5.48;377;0;124.00;12
80;0;625281010;80;78;456;467;11.80;0.72;69.90;5.58;376;0;125.00;11
80;0;625281017;80;80;458;470;11.86;0.72;69.90;5.56;378;0;126.00;12
80;0;625281025;80;82;462;470;11.88;0.73;69.90;5.89;382;0;127.00;8
80;0;625281032;80;84;462;470;11.93;0.73;69.90;5.89;382;0;128.00;8
80;0;625281038;80;87;465;470;11.84;0.73;69.90;6.12;385;0;129.00;5
83;0;625281045;83;84;467;474;11.97;0.73;71.61;6.10;384;0;130.00;7
83;0;625281060;83;85;469;474;12.03;0.74;71.61;6.20;386;0;131.00;5
85;0;625281066;85;86;470;474;12.09;0.74;73.00;6.20;385;0;132.00;4
86;0;625281073;86;88;470;474;12.18;0.74;73.70;6.20;384;0;133.00;4
89;0;625281080;89;90;472;475;12.17;0.74;74.49;6.30;383;0;134.00;3
93;0;625281086;93;90;474;477;12.07;0.74;76.78;6.28;381;0;135.00;3
93;0;625281097;93;92;475;477;12.05;0.73;76.78;6.35;382;0;136.00;2
94;0;625281106;94;93;476;478;12.01;0.73;77.43;6.34;382;0;137.00;2
94;0;625281118;94;95;476;478;12.06;0.74;77.43;6.34;382;0;138.00;2
96;0;625281128;96;97;477;478;12.01;0.73;78.27;6.41;381;0;139.00;1
99;1;625281138;99;99;477;478;12.01;0.73;79.41;6.41;378;1;140.00;1
101;1;625281163;101;102;478;478;11.78;0.72;79.56;6.44;377;1;141.00;0
103;1;625281173;103;102;478;478;11.52;0.70;80.43;6.44;375;1;142.00;0
107;1;625281182;107;105;478;478;11.32;0.69;81.20;6.44;371;1;143.00;0
107;1;625281189;107;124;552;605;10.98;0.69;81.20;5.59;445;1;144.00;53
107;1;625281207;107;118;557;606;10.88;0.69;81.20;5.54;450;1;145.00;49
110;1;625281213;110;117;566;606;10.88;0.69;82.26;5.49;456;1;146.00;40
114;1;625281220;114;118;568;606;10.81;0.68;83.70;5.48;454;1;147.00;38
114;1;625281227;114;122;572;606;10.83;0.68;83.70;5.47;458;1;148.00;34
117;1;625281233;117;120;578;606;10.84;0.68;84.88;5.46;461;1;149.00;28
118;1;625281241;118;124;582;611;10.75;0.67;85.43;5.47;464;1;150.00;29
120;1;625281249;120;124;584;611;10.76;0.67;86.46;5.47;464;1;151.00;27
121;1;625281256;121;125;589;612;10.75;0.67;86.90;5.49;468;1;152.00;23
125;1;625281262;125;122;593;613;10.74;0.67;87.60;5.52;468;1;153.00;20
128;1;625281270;128;125;596;613;10.79;0.67;87.85;5.53;468;1;154.00;17
130;1;625281277;130;129;599;614;10.69;0.67;88.85;5.53;469;1;155.00;15
131;1;625281283;131;130;600;614;10.68;0.67;89.18;5.54;469;1;156.00;14
131;1;625281290;131;135;601;614;10.57;0.66;89.18;5.55;470;1;157.00;13
133;1;625281302;133;140;603;614;10.49;0.65;90.01;5.58;470;1;158.00;11
133;1;625281308;133;146;606;618;10.49;0.65;90.01;5.58;473;1;159.00;12
136;1;625281314;136;150;608;618;10.31;0.64;91.55;5.62;472;1;160.00;10
136;1;625281321;136;153;610;618;10.26;0.64;91.55;5.64;474;1;161.00;8
140;1;625281327;140;152;613;621;10.12;0.63;92.93;5.65;473;1;162.00;8
141;1;625281333;141;152;614;621;10.01;0.62;93.39;5.64;473;1;163.00;7
143;1;625281340;143;150;614;621;9.95;0.62;93.48;5.64;471;1;164.00;7
145;1;625281346;145;151;617;625;9.81;0.61;93.45;5.62;472;1;165.00;8
149;1;625281352;149;149;618;626;9.68;0.60;94.45;5.61;469;1;166.00;8
150;1;625281358;150;148;618;626;9.60;0.59;94.45;5.61;468;1;167.00;8
152;1;625281364;152;151;624;630;9.46;0.58;95.16;5.59;472;1;168.00;6
152;1;625281376;152;153;625;630;9.25;0.57;95.16;5.62;473;1;169.00;5
155;1;625281382;155;143;625;630;9.11;0.56;96.35;5.62;470;1;170.00;5
157;1;625281388;157;134;629;631;9.06;0.56;96.72;5.67;472;1;171.00;2
158;1;625281395;158;132;629;631;9.03;0.56;97.06;5.67;471;1;172.00;2
160;1;625281401;160;129;633;637;9.02;0.56;97.91;5.64;473;1;173.00;4
160;1;625281408;160;129;634;637;9.07;0.56;97.91;5.65;474;1;174.00;3
160;1;625281414;160;130;635;638;9.06;0.56;97.91;5.65;475;1;175.00;3
163;1;625281421;163;132;637;638;9.16;0.56;97.82;5.68;474;1;176.00;1
164;1;625281427;164;128;638;638;9.24;0.57;97.58;5.67;474;1;177.00;0
164;1;625281434;164;127;638;638;9.38;0.58;97.58;5.67;474;1;178.00;0
164;1;625281441;164;125;638;638;9.51;0.58;97.58;5.67;474;1;179.00;0
164;1;625281448;164;127;668;672;9.58;0.59;97.58;5.42;504;1;180.00;4
164;1;625281457;164;124;668;672;9.59;0.59;97.58;5.42;504;1;181.00;4
166;1;625281463;166;121;670;672;9.63;0.60;98.45;5.41;504;1;182.00;2
168;1;625281471;168;127;670;672;9.68;0.60;99.38;5.41;502;1;183.00;2
168;1;625281477;168;130;671;672;9.72;0.60;99.38;5.41;503;1;184.00;1
171;1;625281484;171;139;671;672;9.65;0.60;100.09;5.41;500;1;185.00;1
172;1;625281490;172;145;676;676;9.67;0.60;100.17;5.38;504;1;186.00;0
172;1;625281497;172;149;676;676;9.64;0.60;100.17;5.38;504;1;187.00;0
173;1;625281509;173;152;679;680;9.58;0.59;100.32;5.36;506;1;188.00;1
174;1;625281516;174;159;681;681;9.53;0.59;100.28;5.35;507;1;189.00;0
178;1;625281523;178;163;681;681;9.41;0.58;100.83;5.35;503;1;190.00;0
181;1;625281530;181;168;681;681;9.40;0.58;101.30;5.35;500;1;191.00;0
184;1;625281537;184;181;693;694;9.33;0.58;101.76;5.26;509;1;192.00;1
187;1;625281556;187;184;693;694;9.13;0.56;101.55;5.26;506;1;193.00;1
193;1;625281564;193;185;694;694;8.99;0.55;101.24;5.25;501;1;194.00;0
196;1;625281571;196;192;695;695;8.88;0.55;100.70;5.25;499;1;195.00;0
199;1;625281577;199;196;696;696;8.78;0.54;100.93;5.24;497;1;196.00;0
204;1;625281584;204;196;696;696;8.67;0.53;100.72;5.24;492;1;197.00;0
208;1;625281590;208;202;698;699;8.46;0.52;101.29;5.22;490;1;198.00;1
210;1;625281597;210;200;699;699;8.25;0.50;101.27;5.22;489;1;199.00;0
212;1;625281605;212;206;699;699;8.08;0.49;101.47;5.22;487;1;200.00;0
212;1;625281618;212;211;699;699;7.96;0.49;101.47;5.22;487;1;201.00;0
214;2;625281625;214;218;704;705;7.86;0.48;100.93;5.19;490;2;202.00;1
214;2;625281656;214;223;704;705;7.80;0.48;100.93;5.19;490;2;203.00;1
214;2;625281664;214;226;705;705;7.81;0.48;100.93;5.19;491;2;204.00;0
216;2;625281670;216;235;705;705;7.65;0.47;100.29;5.19;489;2;205.00;0
217;2;625281677;217;240;709;709;7.53;0.46;100.11;5.16;492;2;206.00;0
217;2;625281683;217;246;710;710;7.37;0.45;100.11;5.15;493;2;207.00;0
217;2;625281690;217;248;710;710;7.30;0.45;100.11;5.15;493;2;208.00;0
218;2;625281696;218;252;711;711;7.21;0.44;100.17;5.15;493;2;209.00;0
219;2;625281705;219;251;711;711;7.17;0.44;100.31;5.15;492;2;210.00;0
221;2;625281722;221;254;711;711;7.15;0.44;100.84;5.15;490;2;211.00;0
221;2;625281729;221;265;711;711;7.18;0.44;100.84;5.15;490;2;212.00;0
224;2;625281736;224;262;711;711;7.20;0.44;101.68;5.15;487;2;213.00;0
226;2;625281742;226;266;711;711;7.14;0.44;101.00;5.15;485;2;214.00;0
226;2;625281748;226;267;711;711;7.10;0.44;101.00;5.15;485;2;215.00;0
226;2;625281753;226;279;755;781;7.26;0.45;101.00;4.85;529;2;216.00;26
227;2;625281767;227;265;757;782;7.24;0.45;101.50;4.84;530;2;217.00;25
227;2;625281774;227;254;765;782;7.43;0.46;101.50;4.81;538;2;218.00;17
228;2;625281781;228;238;769;782;7.54;0.47;101.83;4.80;541;2;219.00;13
230;2;625281788;230;221;774;782;7.73;0.48;102.21;4.79;544;2;220.00;8
231;3;625281796;231;216;778;782;7.89;0.49;102.71;4.80;547;3;221.00;4
232;3;625281811;232;213;780;782;8.11;0.50;103.22;4.80;548;3;222.00;2
234;3;625281819;234;205;780;782;8.26;0.51;103.94;4.80;546;3;223.00;2
235;3;625281829;235;196;782;783;8.40;0.51;103.84;4.80;547;3;224.00;1
238;3;625281840;238;191;784;785;8.45;0.52;105.02;4.79;546;3;225.00;1
238;3;625281855;238;181;785;785;8.58;0.52;105.02;4.79;547;3;226.00;0
241;3;625281870;241;166;789;789;8.57;0.52;105.33;4.77;548;3;227.00;0
241;3;625281879;241;151;789;789;8.70;0.53;105.33;4.77;548;3;228.00;0
244;3;625281886;244;144;789;789;8.85;0.54;106.12;4.77;545;3;229.00;0
247;3;625281899;247;135;789;789;8.97;0.55;107.48;4.77;542;3;230.00;0
248;3;625281907;248;131;794;795;9.10;0.56;107.56;4.75;546;3;231.00;1
250;3;625281921;250;127;794;795;9.25;0.57;107.28;4.75;544;3;232.00;1
252;3;625281930;252;124;795;795;9.38;0.57;108.23;4.75;543;3;233.00;0
253;3;625281939;253;120;797;798;9.57;0.58;108.71;4.74;544;3;234.00;1
254;3;625281947;254;115;798;798;9.68;0.59;109.17;4.73;544;3;235.00;0
255;3;625281955;255;108;798;798;9.79;0.60;109.10;4.73;543;3;236.00;0
256;3;625281963;256;102;799;799;9.82;0.60;109.22;4.73;543;3;237.00;0
257;3;625281971;257;99;800;800;9.90;0.60;109.72;4.72;543;3;238.00;0
258;3;625281979;258;97;800;800;9.95;0.61;109.93;4.72;542;3;239.00;0
259;3;625281987;259;101;824;826;9.88;0.60;110.40;4.58;565;3;240.00;2
261;3;625281998;261;97;824;826;9.94;0.61;110.02;4.58;563;3;241.00;2
265;3;625282005;265;95;825;826;10.07;0.62;111.35;4.58;560;3;242.00;1
265;3;625282013;265;100;827;827;10.19;0.62;111.35;4.57;562;3;243.00;0
268;3;625282020;268;107;827;827;10.23;0.63;111.57;4.57;559;3;244.00;0
271;3;625282027;271;112;830;831;10.27;0.63;112.55;4.56;559;3;245.00;1
272;3;625282036;272;114;830;831;10.30;0.63;112.64;4.56;558;3;246.00;1
275;3;625282043;275;117;835;835;10.26;0.63;113.74;4.54;560;3;247.00;0
278;3;625282050;278;118;835;835;10.23;0.62;114.65;4.54;557;3;248.00;0
281;3;625282057;281;125;835;835;10.17;0.62;114.90;4.54;554;3;249.00;0
283;3;625282070;283;128;835;835;10.16;0.62;115.67;4.54;552;3;250.00;0
285;3;625282077;285;133;835;835;10.07;0.61;116.08;4.54;550;3;251.00;0
286;3;625282089;286;137;845;847;10.00;0.61;116.06;4.49;559;3;252.00;2
287;3;625282097;287;141;845;847;9.96;0.61;116.03;4.49;558;3;253.00;2
289;3;625282104;289;142;847;847;10.03;0.61;116.50;4.48;558;3;254.00;0
291;3;625282111;291;145;847;847;9.95;0.61;117.14;4.48;556;3;255.00;0
291;3;625282123;291;150;847;847;9.95;0.61;117.14;4.48;556;3;256.00;0
292;3;625282130;292;154;847;847;9.88;0.60;117.34;4.48;555;3;257.00;0
294;3;625282143;294;153;848;848;9.83;0.60;117.62;4.48;554;3;258.00;0
294;3;625282150;294;154;848;848;9.90;0.60;117.62;4.48;554;3;259.00;0
296;3;625282156;296;156;853;854;9.93;0.60;117.85;4.46;557;3;260.00;1
301;3;625282164;301;150;854;855;9.93;0.60;117.75;4.45;553;3;261.00;1
301;3;625282171;301;144;855;855;9.94;0.60;117.75;4.45;554;3;262.00;0
303;3;625282177;303;138;855;855;9.92;0.60;117.82;4.45;552;3;263.00;0
304;3;625282183;304;136;859;859;9.94;0.60;117.92;4.43;555;3;264.00;0
306;3;625282190;306;132;859;859;10.03;0.61;117.82;4.43;553;3;265.00;0
310;3;625282197;310;128;859;859;10.16;0.62;118.41;4.43;549;3;266.00;0
311;3;625282204;311;131;860;860;10.29;0.62;118.42;4.43;549;3;267.00;0
313;3;625282210;313;130;864;864;10.31;0.62;118.92;4.41;551;3;268.00;0
314;3;625282218;314;125;864;864;10.41;0.63;118.82;4.41;550;3;269.00;0
319;3;625282226;319;121;867;870;10.49;0.64;120.21;4.39;548;3;270.00;3
322;3;625282233;322;118;867;870;10.53;0.64;120.48;4.39;545;3;271.00;3
323;3;625282240;323;117;868;870;10.66;0.65;120.51;4.39;545;3;272.00;2
325;3;625282247;325;113;868;870;10.77;0.65;120.78;4.39;543;3;273.00;2
331;3;625282254;331;105;871;874;10.85;0.66;121.05;4.38;540;3;274.00;3
331;3;625282262;331;100;871;874;10.94;0.66;121.05;4.38;540;3;275.00;3
334;3;625282269;334;96;872;874;11.08;0.67;121.00;4.39;538;3;276.00;2
335;3;625282276;335;91;872;874;11.14;0.67;121.04;4.39;537;3;277.00;2
336;3;625282282;336;86;874;875;11.23;0.68;121.29;4.38;538;3;278.00;1
338;3;625282290;338;81;875;876;11.25;0.68;121.62;4.38;537;3;279.00;1
343;3;625282297;343;78;876;876;11.24;0.68;121.78;4.38;533;3;280.00;0
343;3;625282305;343;79;877;877;11.31;0.69;121.78;4.38;534;3;281.00;0
344;3;625282312;344;78;877;877;11.45;0.69;121.62;4.38;533;3;282.00;0
345;3;625282320;345;80;877;877;11.55;0.70;122.08;4.38;532;3;283.00;0
348;3;625282327;348;77;877;877;11.61;0.70;122.48;4.38;529;3;284.00;0
349;3;625282334;349;79;877;877;11.70;0.71;122.74;4.38;528;3;285.00;0
351;3;625282342;351;78;877;877;11.81;0.72;122.85;4.38;526;3;286.00;0
352;3;625282349;352;82;877;877;11.80;0.71;123.25;4.38;525;3;287.00;0
352;3;625282357;352;98;947;1004;11.38;0.70;123.25;4.06;595;3;288.00;57
353;3;625282375;353;90;949;1005;11.37;0.70;123.51;4.05;596;3;289.00;56
353;3;625282383;353;81;954;1005;11.42;0.70;123.51;4.04;601;3;290.00;51
353;3;625282392;353;86;961;1005;11.45;0.71;123.51;4.03;608;3;291.00;44
355;3;625282400;355;85;967;1005;11.48;0.71;124.35;4.03;612;3;292.00;38
357;3;625282408;357;86;972;1005;11.55;0.71;125.16;4.04;615;3;293.00;33
358;3;625282417;358;85;978;1005;11.62;0.71;125.13;4.05;620;3;294.00;27
361;3;625282430;361;82;982;1005;11.72;0.72;125.58;4.06;621;3;295.00;23
363;3;625282440;363;80;986;1006;11.80;0.73;125.26;4.08;623;3;296.00;20
367;3;625282449;367;82;988;1007;11.89;0.73;124.84;4.08;621;3;297.00;19
369;3;625282463;369;82;989;1007;11.99;0.74;125.14;4.08;620;3;298.00;18
371;3;625282473;371;87;990;1008;12.07;0.74;125.36;4.09;619;3;299.00;18
373;3;625282485;373;90;995;1014;12.03;0.74;125.62;4.12;622;3;300.00;19
373;3;625282498;373;93;996;1014;11.97;0.73;125.62;4.13;623;3;301.00;18
373;3;625282507;373;98;999;1014;11.94;0.73;125.62;4.16;626;3;302.00;15
375;3;625282516;375;104;1003;1018;11.91;0.73;125.98;4.17;628;3;303.00;15
377;3;625282526;377;112;1005;1018;11.84;0.73;126.34;4.20;628;3;304.00;13
380;3;625282535;380;121;1007;1018;11.77;0.72;127.22;4.20;627;3;305.00;11
381;3;625282544;381;128;1010;1021;11.69;0.72;127.30;4.21;629;3;306.00;11
383;3;625282554;383;130;1012;1021;11.64;0.71;127.66;4.21;629;3;307.00;9
384;3;625282564;384;136;1012;1021;11.55;0.71;127.94;4.21;628;3;308.00;9
385;3;625282573;385;142;1015;1025;11.42;0.70;128.03;4.20;630;3;309.00;10
387;3;625282582;387;144;1016;1026;11.34;0.70;128.21;4.20;629;3;310.00;10
391;3;625282592;391;150;1016;1026;11.24;0.69;129.11;4.20;625;3;311.00;10
395;3;625282600;395;157;1020;1030;11.13;0.68;130.23;4.20;625;3;312.00;10
396;3;625282609;396;158;1022;1030;11.01;0.67;130.63;4.20;626;3;313.00;8
397;3;625282618;397;159;1022;1030;10.88;0.67;130.72;4.20;625;3;314.00;8
398;3;625282627;398;163;1024;1032;10.73;0.66;130.81;4.19;626;3;315.00;8
401;3;625282635;401;167;1024;1032;10.56;0.65;131.04;4.19;623;3;316.00;8
405;3;625282644;405;173;1028;1038;10.45;0.64;131.90;4.18;623;3;317.00;10
406;3;625282653;406;180;1029;1038;10.29;0.63;132.29;4.20;623;3;318.00;9
408;3;625282661;408;177;1030;1039;10.22;0.63;132.46;4.19;622;3;319.00;9
408;3;625282670;408;179;1032;1039;10.19;0.63;132.46;4.23;624;3;320.00;7
410;3;625282677;410;186;1033;1039;10.14;0.62;132.98;4.24;623;3;321.00;6
411;3;625282686;411;190;1034;1039;10.15;0.62;132.73;4.26;623;3;322.00;5
415;3;625282699;415;192;1036;1039;10.15;0.62;133.21;4.30;621;3;323.00;3
417;3;625282707;417;198;1048;1051;10.12;0.62;133.49;4.26;631;3;324.00;3
421;3;625282716;421;197;1048;1051;10.10;0.62;134.52;4.26;627;3;325.00;3
424;3;625282725;424;197;1050;1051;10.03;0.61;135.23;4.29;626;3;326.00;1
424;3;625282733;424;198;1050;1051;10.09;0.62;135.23;4.29;626;3;327.00;1
426;3;625282741;426;206;1051;1051;10.11;0.62;135.82;4.29;625;3;328.00;0
428;3;625282749;428;203;1051;1051;10.04;0.61;135.77;4.29;623;3;329.00;0
430;3;625282758;430;207;1055;1055;9.93;0.61;135.88;4.28;625;3;330.00;0
431;3;625282765;431;210;1055;1055;9.85;0.60;135.66;4.28;624;3;331.00;0
432;3;625282772;432;214;1058;1059;9.81;0.60;135.73;4.27;626;3;332.00;1
435;3;625282780;435;215;1060;1060;9.62;0.59;136.25;4.27;625;3;333.00;0
439;3;625282787;439;214;1060;1060;9.50;0.58;136.03;4.27;621;3;334.00;0
442;3;625282795;442;213;1060;1060;9.38;0.57;136.33;4.27;618;3;335.00;0
446;3;625282802;446;219;1072;1073;9.13;0.56;137.15;4.22;626;3;336.00;1
449;3;625282811;449;225;1072;1073;8.97;0.55;138.16;4.22;623;3;337.00;1
453;3;625282818;453;230;1073;1073;8.79;0.54;139.13;4.22;620;3;338.00;0
459;3;625282824;459;234;1074;1074;8.57;0.53;139.59;4.21;615;3;339.00;0
460;3;625282835;460;226;1075;1075;8.39;0.52;140.02;4.21;615;3;340.00;0
466;3;625282846;466;221;1075;1075;8.13;0.50;141.45;4.21;609;3;341.00;0
468;3;625282857;468;219;1077;1078;8.11;0.50;141.99;4.20;609;3;342.00;1
470;3;625282868;470;223;1077;1078;8.05;0.50;141.79;4.20;607;3;343.00;1
474;3;625282877;474;224;1078;1078;8.09;0.50;142.36;4.20;604;3;344.00;0
474;3;625282889;474;231;1078;1078;8.19;0.51;142.36;4.20;604;3;345.00;0
478;3;625282898;478;231;1083;1084;8.22;0.51;143.53;4.19;605;3;346.00;1
483;3;625282910;483;225;1083;1084;8.14;0.50;144.58;4.19;600;3;347.00;1
484;3;625282919;484;222;1084;1084;8.12;0.50;144.95;4.18;600;3;348.00;0
489;3;625282930;489;224;1084;1084;8.04;0.49;145.95;4.18;595;3;349.00;0
493;3;625282943;493;225;1088;1088;8.01;0.49;145.86;4.17;595;3;350.00;0
497;3;625282954;497;222;1089;1089;7.96;0.49;146.45;4.17;592;3;351.00;0
499;3;625282963;499;221;1089;1089;7.95;0.49;146.32;4.17;590;3;352.00;0
501;3;625282973;501;220;1090;1090;8.00;0.49;146.52;4.17;589;3;353.00;0
507;3;625282981;507;222;1090;1090;7.94;0.49;146.63;4.17;583;3;354.00;0
513;3;625282990;513;224;1090;1090;7.86;0.48;146.85;4.17;577;3;355.00;0
517;3;625282998;517;226;1090;1090;7.83;0.48;146.73;4.17;573;3;356.00;0
518;3;625283007;518;227;1090;1090;7.83;0.48;146.77;4.17;572;3;357.00;0
521;3;625283015;521;229;1090;1090;7.83;0.48;146.27;4.17;569;3;358.00;0
522;3;625283025;522;234;1090;1090;7.86;0.48;146.34;4.17;568;3;359.00;0
523;3;625283034;523;249;1155;1215;8.02;0.50;146.70;3.93;632;3;360.00;60
526;3;625283055;526;243;1161;1216;8.00;0.50;146.70;3.92;635;3;361.00;55
527;3;625283065;527;238;1175;1216;8.14;0.51;146.69;3.89;648;3;362.00;41
531;3;625283073;531;230;1180;1216;8.14;0.50;146.95;3.89;649;3;363.00;36
532;3;625283082;532;233;1185;1216;8.13;0.50;146.82;3.89;653;3;364.00;31
533;3;625283091;533;240;1192;1216;8.10;0.50;146.82;3.90;659;3;365.00;24
537;3;625283100;537;242;1198;1216;8.07;0.50;147.15;3.91;661;3;366.00;18
539;3;625283109;539;243;1199;1216;8.01;0.50;147.25;3.91;660;3;367.00;17
540;3;625283119;540;248;1205;1217;7.93;0.49;147.49;3.93;665;3;368.00;12
541;3;625283135;541;252;1206;1218;7.83;0.49;147.36;3.93;665;3;369.00;12
544;3;625283146;544;257;1207;1218;7.68;0.48;147.01;3.93;663;3;370.00;11
546;4;625283161;546;256;1214;1222;7.54;0.47;146.90;3.93;668;4;371.00;8
551;4;625283179;551;247;1215;1222;7.42;0.46;147.55;3.94;664;4;372.00;7
553;4;625283194;553;240;1215;1222;7.39;0.46;147.58;3.94;662;4;373.00;7
554;4;625283204;554;240;1217;1222;7.37;0.46;147.73;3.96;663;4;374.00;5
556;4;625283213;556;241;1221;1228;7.45;0.46;147.78;3.95;665;4;375.00;7
557;4;625283224;557;239;1223;1228;7.56;0.47;147.86;3.97;666;4;376.00;5
558;4;625283235;558;236;1224;1228;7.70;0.47;147.97;3.98;666;4;377.00;4
558;4;625283245;558;233;1227;1231;7.87;0.48;147.97;3.98;669;4;378.00;4
560;4;625283256;560;232;1228;1231;8.01;0.49;147.84;3.98;668;4;379.00;3
561;4;625283267;561;231;1229;1231;8.14;0.50;148.07;3.99;668;4;380.00;2
561;4;625283277;561;231;1231;1232;8.18;0.50;148.07;4.00;670;4;381.00;1
563;4;625283293;563;231;1233;1233;8.27;0.51;148.26;3.99;670;4;382.00;0
563;4;625283314;563;227;1233;1233;8.28;0.51;148.26;3.99;670;4;383.00;0
569;4;625283322;569;227;1246;1246;8.37;0.51;148.37;3.95;677;4;384.00;0
570;4;625283333;570;227;1246;1246;8.44;0.52;148.46;3.95;676;4;385.00;0
573;4;625283343;573;229;1246;1246;8.45;0.52;147.93;3.95;673;4;386.00;0
577;4;625283352;577;218;1247;1247;8.47;0.52;148.13;3.95;670;4;387.00;0
578;4;625283371;578;219;1247;1247;8.54;0.52;147.93;3.95;669;4;388.00;0
579;4;625283381;579;215;1250;1251;8.57;0.52;148.12;3.94;671;4;389.00;1
579;4;625283395;579;213;1251;1251;8.62;0.53;148.12;3.94;672;4;390.00;0
580;4;625283405;580;211;1255;1255;8.77;0.54;148.17;3.93;675;4;391.00;0
581;4;625283415;581;212;1255;1255;8.85;0.54;148.59;3.93;674;4;392.00;0
581;5;625283432;581;215;1255;1255;8.95;0.55;148.59;3.93;674;5;393.00;0
584;5;625283450;584;217;1255;1255;9.08;0.55;148.57;3.93;671;5;394.00;0
586;5;625283461;586;216;1255;1255;9.07;0.55;149.13;3.93;669;5;395.00;0
589;5;625283479;589;199;1265;1267;9.20;0.56;149.35;3.90;676;5;396.00;2
591;5;625283505;591;193;1265;1267;9.27;0.56;149.32;3.90;674;5;397.00;2
596;5;625283517;596;183;1267;1267;9.36;0.57;149.65;3.90;671;5;398.00;0
598;5;625283528;598;173;1267;1267;9.45;0.58;149.94;3.90;669;5;399.00;0
602;5;625283541;602;166;1267;1267;9.46;0.58;150.52;3.90;665;5;400.00;0
606;5;625283557;606;159;1267;1267;9.52;0.58;151.02;3.90;661;5;401.00;0
606;5;625283568;606;159;1268;1268;9.59;0.59;151.02;3.90;662;5;402.00;0
608;5;625283578;608;160;1268;1268;9.64;0.59;151.33;3.90;660;5;403.00;0
608;5;625283588;608;160;1273;1274;9.64;0.59;151.33;3.88;665;5;404.00;1
609;5;625283599;609;161;1276;1276;9.73;0.60;151.31;3.88;667;5;405.00;0
612;5;625283609;612;166;1276;1276;9.75;0.60;152.52;3.88;664;5;406.00;0
616;5;625283620;616;160;1276;1276;9.83;0.60;153.31;3.88;660;5;407.00;0
620;5;625283630;620;159;1280;1280;9.93;0.61;154.02;3.86;660;5;408.00;0
625;5;625283641;625;158;1280;1280;9.94;0.61;154.77;3.86;655;5;409.00;0
627;5;625283651;627;160;1280;1280;9.99;0.61;155.06;3.86;653;5;410.00;0
630;5;625283661;630;160;1281;1281;10.09;0.62;155.70;3.86;651;5;411.00;0
632;5;625283670;632;154;1285;1285;10.22;0.63;155.90;3.85;653;5;412.00;0
635;5;625283681;635;152;1285;1285;10.38;0.64;156.62;3.85;650;5;413.00;0
637;5;625283691;637;149;1287;1288;10.52;0.65;157.02;3.85;650;5;414.00;1
641;5;625283701;641;151;1288;1288;10.69;0.66;157.65;3.84;647;5;415.00;0
645;5;625283710;645;150;1288;1288;10.79;0.66;158.24;3.84;643;5;416.00;0
647;5;625283720;647;147;1288;1288;10.83;0.66;158.36;3.84;641;5;417.00;0
651;5;625283729;651;145;1291;1292;10.85;0.66;158.94;3.84;640;5;418.00;1
655;5;625283739;655;146;1291;1292;10.91;0.67;159.35;3.84;636;5;419.00;1
656;5;625283750;656;148;1292;1292;10.94;0.67;159.34;3.84;636;5;420.00;0
659;5;625283766;659;152;1292;1292;10.91;0.67;159.91;3.84;633;5;421.00;0
662;5;625283775;662;152;1293;1293;10.89;0.67;160.45;3.84;631;5;422.00;0
662;5;625283785;662;158;1294;1294;10.94;0.67;160.45;3.83;632;5;423.00;0
665;5;625283796;665;162;1294;1294;10.90;0.67;160.85;3.83;629;5;424.00;0
671;5;625283805;671;158;1295;1295;10.83;0.66;162.01;3.83;624;5;425.00;0
673;5;625283815;673;157;1295;1295;10.79;0.66;162.25;3.83;622;5;426.00;0
679;5;625283824;679;155;1295;1295;10.65;0.65;163.17;3.83;616;5;427.00;0
681;5;625283835;681;157;1295;1295;10.60;0.64;163.07;3.83;614;5;428.00;0
683;5;625283850;683;160;1295;1295;10.62;0.65;163.18;3.83;612;5;429.00;0
685;5;625283859;685;159;1295;1295;10.66;0.65;163.05;3.83;610;5;430.00;0
686;5;625283868;686;154;1295;1295;10.67;0.65;162.91;3.83;609;5;431.00;0
687;5;625283876;687;180;1374;1422;10.10;0.63;162.89;3.61;687;5;432.00;48
690;5;625283895;690;163;1374;1423;10.15;0.63;163.21;3.61;684;5;433.00;49
691;5;625283904;691;147;1377;1423;10.24;0.63;163.27;3.61;686;5;434.00;46
697;5;625283913;697;136;1380;1423;10.29;0.63;163.49;3.61;683;5;435.00;43
701;5;625283921;701;134;1382;1423;10.30;0.64;164.31;3.61;681;5;436.00;41
703;5;625283935;703;136;1383;1423;10.30;0.64;164.46;3.61;680;5;437.00;40
707;5;625283944;707;133;1389;1423;10.33;0.64;164.61;3.62;682;5;438.00;34
712;5;625283952;712;133;1391;1423;10.28;0.63;165.41;3.62;679;5;439.00;32
714;5;625283974;714;139;1395;1424;10.42;0.64;165.28;3.64;681;5;440.00;29
720;5;625283988;720;133;1397;1425;10.45;0.64;165.68;3.64;677;5;441.00;28
721;5;625283997;721;131;1399;1425;10.53;0.65;165.96;3.65;678;5;442.00;26
724;5;625284006;724;129;1403;1426;10.56;0.65;166.55;3.67;679;5;443.00;23
727;5;625284015;727;122;1405;1426;10.60;0.65;166.31;3.69;678;5;444.00;21
730;5;625284024;730;120;1410;1426;10.57;0.65;166.89;3.72;680;5;445.00;16
732;5;625284033;732;113;1413;1426;10.57;0.65;167.18;3.74;681;5;446.00;13
734;5;625284042;734;112;1415;1430;10.47;0.64;167.23;3.76;681;5;447.00;15
736;5;625284052;736;116;1419;1430;10.44;0.64;167.70;3.78;683;5;448.00;11
739;5;625284061;739;117;1419;1430;10.38;0.63;167.90;3.78;680;5;449.00;11
742;5;625284071;742;115;1423;1436;10.36;0.63;168.07;3.78;681;5;450.00;13
744;5;625284081;744;117;1424;1436;10.46;0.64;168.17;3.78;680;5;451.00;12
745;5;625284090;745;118;1425;1436;10.54;0.64;168.36;3.79;680;5;452.00;11
747;5;625284099;747;117;1428;1440;10.49;0.64;168.48;3.79;681;5;453.00;12
751;5;625284114;751;115;1430;1441;10.56;0.64;168.80;3.79;679;5;454.00;11
754;5;625284124;754;111;1430;1441;10.55;0.64;169.12;3.79;676;5;455.00;11
759;5;625284133;759;111;1433;1445;10.62;0.64;169.55;3.79;674;5;456.00;12
763;5;625284143;763;113;1434;1445;10.69;0.65;169.60;3.79;671;5;457.00;11
764;5;625284152;764;116;1435;1445;10.70;0.65;169.60;3.81;671;5;458.00;10
766;5;625284161;766;115;1437;1446;10.75;0.65;169.59;3.81;671;5;459.00;9
769;5;625284171;769;127;1439;1446;10.65;0.64;169.85;3.84;670;5;460.00;7
772;5;625284180;772;126;1443;1452;10.61;0.64;169.86;3.85;671;5;461.00;9
773;5;625284191;773;123;1446;1452;10.56;0.64;169.77;3.87;673;5;462.00;6
775;5;625284200;775;126;1446;1453;10.45;0.63;169.74;3.87;671;5;463.00;7
777;5;625284210;777;128;1448;1453;10.47;0.64;169.47;3.87;671;5;464.00;5
778;5;625284219;778;129;1448;1453;10.43;0.63;169.61;3.87;670;5;465.00;5
779;5;625284228;779;129;1448;1453;10.46;0.64;169.71;3.87;669;5;466.00;5
781;5;625284237;781;130;1448;1453;10.49;0.64;169.82;3.87;667;5;467.00;5
782;5;625284246;782;138;1458;1465;10.57;0.64;169.84;3.84;676;5;468.00;7
783;5;625284258;783;141;1458;1465;10.59;0.65;169.91;3.84;675;5;469.00;7
783;5;625284267;783;144;1460;1465;10.67;0.65;169.91;3.84;677;5;470.00;5
785;5;625284277;785;149;1461;1465;10.67;0.65;169.94;3.86;676;5;471.00;4
791;5;625284286;791;149;1461;1465;10.69;0.65;169.53;3.86;670;5;472.00;4
791;5;625284295;791;156;1462;1465;10.73;0.66;169.53;3.87;671;5;473.00;3
794;6;625284305;794;160;1466;1469;10.71;0.65;169.60;3.88;672;6;474.00;3
796;6;625284326;796;164;1466;1469;10.80;0.66;169.72;3.88;670;6;475.00;3
797;6;625284336;797;170;1470;1473;10.93;0.67;170.08;3.88;673;6;476.00;3
799;6;625284351;799;171;1472;1474;10.98;0.67;170.03;3.87;673;6;477.00;2
801;6;625284360;801;176;1474;1474;10.92;0.67;169.90;3.88;673;6;478.00;0
802;6;625284369;802;174;1474;1474;10.85;0.66;169.70;3.88;672;6;479.00;0
804;6;625284379;804;181;1494;1500;10.70;0.66;169.84;3.83;690;6;480.00;6
806;6;625284396;806;184;1496;1500;10.54;0.64;169.69;3.82;690;6;481.00;4
808;6;625284405;808;188;1498;1500;10.50;0.64;169.65;3.82;690;6;482.00;2
808;6;625284415;808;195;1501;1501;10.46;0.64;169.65;3.82;693;6;483.00;0
808;6;625284423;808;197;1502;1502;10.40;0.64;169.65;3.82;694;6;484.00;0
810;6;625284432;810;203;1502;1502;10.33;0.63;169.95;3.82;692;6;485.00;0
813;6;625284447;813;207;1504;1505;10.22;0.63;169.82;3.81;691;6;486.00;1
814;6;625284456;814;212;1504;1505;10.10;0.62;169.73;3.81;690;6;487.00;1
815;6;625284465;815;213;1505;1505;10.00;0.61;169.66;3.81;690;6;488.00;0
816;6;625284475;816;215;1505;1505;9.99;0.61;169.60;3.81;689;6;489.00;0
820;6;625284489;820;218;1510;1511;9.93;0.61;169.17;3.80;690;6;490.00;1
821;6;625284498;821;225;1510;1511;9.86;0.61;169.12;3.80;689;6;491.00;1
824;6;625284507;824;227;1511;1511;9.76;0.60;169.07;3.80;687;6;492.00;0
825;6;625284515;825;226;1511;1511;9.72;0.60;168.94;3.80;686;6;493.00;0
827;6;625284523;827;229;1515;1515;9.64;0.59;168.85;3.79;688;6;494.00;0
830;6;625284532;830;233;1517;1517;9.61;0.59;168.70;3.79;687;6;495.00;0
831;6;625284541;831;235;1517;1517;9.60;0.59;168.57;3.79;686;6;496.00;0
832;6;625284550;832;239;1518;1518;9.61;0.59;168.78;3.79;686;6;497.00;0
833;6;625284564;833;239;1518;1518;9.56;0.59;168.74;3.79;685;6;498.00;0
836;6;625284571;836;242;1518;1518;9.57;0.59;168.65;3.79;682;6;499.00;0
841;6;625284581;841;244;1518;1518;9.47;0.58;168.51;3.79;677;6;500.00;0
841;6;625284593;841;243;1518;1518;9.36;0.57;168.51;3.79;677;6;501.00;0
846;6;625284601;846;246;1518;1518;9.14;0.56;168.89;3.79;672;6;502.00;0
848;6;625284610;848;250;1518;1518;8.98;0.55;168.85;3.79;670;6;503.00;0
853;6;625284617;853;253;1557;1588;8.95;0.55;169.78;3.69;704;6;504.00;31
856;6;625284631;856;259;1558;1589;8.83;0.54;169.88;3.69;702;6;505.00;31
860;6;625284640;860;262;1567;1589;8.78;0.54;170.25;3.68;707;6;506.00;22
863;6;625284648;863;267;1573;1589;8.67;0.53;170.50;3.68;710;6;507.00;16
866;6;625284656;866;269;1580;1589;8.60;0.53;170.17;3.68;714;6;508.00;9
868;6;625284664;868;272;1583;1589;8.47;0.52;170.38;3.68;715;6;509.00;6
873;6;625284673;873;260;1586;1589;8.31;0.51;170.73;3.69;713;6;510.00;3
874;6;625284681;874;256;1588;1589;8.22;0.50;171.11;3.69;714;6;511.00;1
877;6;625284689;877;253;1590;1590;8.15;0.50;171.70;3.69;713;6;512.00;0
881;6;625284698;881;252;1591;1591;8.05;0.49;172.08;3.69;710;6;513.00;0
883;6;625284706;883;257;1591;1591;7.96;0.48;172.00;3.69;708;6;514.00;0
885;6;625284714;885;261;1595;1595;7.87;0.48;172.54;3.68;710;6;515.00;0
886;6;625284723;886;269;1595;1595;7.81;0.47;172.87;3.68;709;6;516.00;0
888;6;625284731;888;266;1595;1595;7.77;0.47;173.38;3.68;707;6;517.00;0
889;6;625284740;889;268;1595;1595;7.81;0.48;173.21;3.68;706;6;518.00;0
892;6;625284748;892;273;1600;1601;7.84;0.48;173.94;3.67;708;6;519.00;1
895;6;625284756;895;271;1601;1601;7.84;0.48;174.55;3.67;706;6;520.00;0
897;6;625284765;897;274;1601;1601;7.87;0.48;174.79;3.67;704;6;521.00;0
898;6;625284773;898;274;1603;1604;7.93;0.48;174.72;3.67;705;6;522.00;1
900;6;625284782;900;262;1603;1604;7.99;0.49;175.18;3.67;703;6;523.00;1
904;6;625284791;904;246;1604;1604;7.97;0.49;175.62;3.67;700;6;524.00;0
904;6;625284800;904;238;1605;1605;8.03;0.49;175.62;3.66;701;6;525.00;0
906;6;625284808;906;227;1606;1606;8.11;0.50;175.91;3.66;700;6;526.00;0
910;6;625284817;910;219;1606;1606;8.23;0.50;175.81;3.66;696;6;527.00;0
912;6;625284826;912;212;1619;1619;8.34;0.51;175.76;3.63;707;6;528.00;0
917;6;625284842;917;210;1619;1619;8.41;0.52;175.78;3.63;702;6;529.00;0
921;6;625284877;921;211;1619;1619;8.44;0.52;176.07;3.63;698;6;530.00;0
923;6;625284891;923;210;1620;1620;8.55;0.52;176.02;3.63;697;6;531.00;0
927;6;625284906;927;206;1620;1620;8.52;0.52;176.00;3.63;693;6;532.00;0
928;6;625284920;928;200;1623;1624;8.58;0.53;175.84;3.63;695;6;533.00;1
933;6;625284936;933;201;1623;1624;8.58;0.53;175.74;3.63;690;6;534.00;1
937;6;625284948;937;198;1628;1628;8.66;0.53;175.97;3.62;691;6;535.00;0
942;6;625284960;942;194;1628;1628;8.69;0.53;175.69;3.62;686;6;536.00;0
949;6;625284971;949;192;1628;1628;8.72;0.53;176.41;3.62;679;6;537.00;0
951;6;625284982;951;199;1628;1628;8.73;0.53;176.63;3.62;677;6;538.00;0
954;6;625284992;954;203;1628;1628;8.69;0.53;176.92;3.62;674;6;539.00;0
957;6;625285005;957;204;1657;1662;8.80;0.54;177.21;3.56;700;6;540.00;5
959;6;625285018;959;204;1657;1662;8.87;0.55;177.23;3.56;698;6;541.00;5
962;6;625285028;962;205;1659;1662;8.96;0.55;177.37;3.55;697;6;542.00;3
967;6;625285039;967;208;1659;1662;8.99;0.55;177.77;3.55;692;6;543.00;3
970;6;625285050;970;208;1660;1662;9.03;0.56;177.98;3.55;690;6;544.00;2
975;6;625285061;975;204;1660;1662;9.06;0.56;178.38;3.55;685;6;545.00;2
977;6;625285072;977;205;1662;1663;9.13;0.56;178.54;3.55;685;6;546.00;1
981;6;625285082;981;209;1662;1663;9.13;0.56;178.63;3.55;681;6;547.00;1
984;6;625285093;984;209;1667;1669;9.11;0.56;178.74;3.55;683;6;548.00;2
988;6;625285103;988;212;1668;1670;9.13;0.56;178.41;3.55;680;6;549.00;2
991;6;625285113;991;211;1669;1670;9.17;0.56;178.52;3.55;678;6;550.00;1
994;6;625285123;994;209;1669;1670;9.13;0.56;178.38;3.55;675;6;551.00;1
997;6;625285139;997;212;1674;1674;9.14;0.56;178.59;3.54;677;6;552.00;0
1001;6;625285150;1001;216;1674;1674;9.08;0.55;179.21;3.54;673;6;553.00;0
1002;6;625285159;1002;215;1674;1674;9.01;0.55;179.30;3.54;672;6;554.00;0
1007;6;625285168;1007;222;1675;1675;8.89;0.54;179.83;3.54;668;6;555.00;0
1013;6;625285178;1013;225;1679;1679;8.78;0.54;180.51;3.53;666;6;556.00;0
1014;6;625285189;1014;216;1679;1679;8.74;0.53;180.77;3.53;665;6;557.00;0
1016;6;625285199;1016;211;1681;1682;8.68;0.53;181.11;3.53;665;6;558.00;1
1017;6;625285210;1017;208;1681;1682;8.74;0.53;181.44;3.53;664;6;559.00;1
1020;6;625285220;1020;206;1682;1682;8.82;0.54;182.08;3.53;662;6;560.00;0
1026;6;625285230;1026;207;1682;1682;8.84;0.54;182.21;3.53;656;6;561.00;0
1029;6;625285241;1029;211;1685;1686;8.98;0.55;182.55;3.52;656;6;562.00;1
1032;6;625285253;1032;207;1685;1686;9.06;0.55;182.64;3.52;653;6;563.00;1
1034;6;625285263;1034;211;1686;1686;9.08;0.55;182.90;3.52;652;6;564.00;0
1037;6;625285273;1037;210;1686;1686;9.04;0.55;183.13;3.52;649;6;565.00;0
1039;6;625285285;1039;201;1687;1687;9.00;0.55;183.50;3.52;648;6;566.00;0
1041;6;625285295;1041;186;1688;1688;9.10;0.55;183.73;3.52;647;6;567.00;0
1044;6;625285306;1044;184;1688;1688;9.13;0.55;183.91;3.52;644;6;568.00;0
1046;6;625285317;1046;173;1689;1689;9.23;0.56;184.17;3.52;643;6;569.00;0
1048;6;625285330;1048;168;1689;1689;9.26;0.56;184.44;3.52;641;6;570.00;0
1051;6;625285340;1051;168;1689;1689;9.28;0.56;184.81;3.52;638;6;571.00;0
1054;6;625285351;1054;165;1689;1689;9.29;0.56;184.85;3.52;635;6;572.00;0
1057;6;625285361;1057;164;1689;1689;9.36;0.57;185.31;3.52;632;6;573.00;0
1059;6;625285372;1059;164;1689;1689;9.47;0.57;185.78;3.52;630;6;574.00;0
1061;6;625285382;1061;166;1689;1689;9.58;0.58;186.00;3.52;628;6;575.00;0
1063;6;625285392;1063;201;1769;1816;9.53;0.59;186.57;3.36;706;6;576.00;47
1063;6;625285413;1063;187;1772;1817;9.68;0.60;186.57;3.36;709;6;577.00;45
1066;6;625285425;1066;177;1779;1817;9.85;0.61;186.66;3.35;713;6;578.00;38
1070;6;625285435;1070;168;1782;1817;9.91;0.61;186.82;3.35;712;6;579.00;35
1072;6;625285447;1072;157;1787;1817;10.03;0.62;186.85;3.35;715;6;580.00;30
1074;6;625285457;1074;151;1790;1817;10.06;0.62;186.98;3.36;716;6;581.00;27
1074;6;625285474;1074;150;1795;1817;10.11;0.62;186.98;3.36;721;6;582.00;22
1078;6;625285486;1078;150;1797;1817;10.04;0.62;187.29;3.37;719;6;583.00;20
1083;6;625285497;1083;154;1800;1818;10.00;0.62;187.60;3.38;717;6;584.00;18
1086;6;625285508;1086;160;1804;1820;10.01;0.62;187.93;3.38;718;6;585.00;16
1087;6;625285520;1087;161;1808;1820;9.99;0.62;188.27;3.40;721;6;586.00;12
1091;6;625285537;1091;169;1811;1821;9.96;0.61;188.47;3.40;720;6;587.00;10
1095;6;625285547;1095;172;1813;1821;9.99;0.62;188.49;3.41;718;6;588.00;8
1096;6;625285557;1096;177;1814;1821;10.04;0.62;188.46;3.42;718;6;589.00;7
1098;6;625285567;1098;179;1815;1821;10.06;0.62;188.43;3.42;717;6;590.00;6
1101;6;625285578;1101;180;1819;1825;10.09;0.62;188.40;3.43;718;6;591.00;6
1102;6;625285596;1102;186;1820;1825;10.12;0.62;188.41;3.44;718;6;592.00;5
1103;6;625285606;1103;189;1822;1825;10.14;0.62;188.33;3.45;719;6;593.00;3
1105;6;625285622;1105;189;1824;1828;10.20;0.63;188.34;3.45;719;6;594.00;4
1108;6;625285632;1108;191;1825;1828;10.24;0.63;188.26;3.45;717;6;595.00;3
1109;6;625285643;1109;193;1826;1828;10.33;0.63;188.23;3.45;717;6;596.00;2
1111;6;625285653;1111;195;1830;1832;10.30;0.63;188.38;3.45;719;6;597.00;2
1118;6;625285664;1118;193;1832;1833;10.37;0.63;188.33;3.45;714;6;598.00;1
1119;7;625285687;1119;194;1832;1833;10.44;0.64;188.44;3.45;713;7;599.00;1
1120;7;625285711;1120;198;1844;1859;10.41;0.63;188.38;3.43;724;7;600.00;15
1123;7;625285730;1123;187;1845;1859;10.41;0.63;188.32;3.43;722;7;601.00;14
1125;7;625285742;1125;181;1846;1859;10.38;0.63;188.29;3.43;721;7;602.00;13
1127;7;625285756;1127;178;1847;1860;10.41;0.63;188.56;3.43;720;7;603.00;13
1129;7;625285770;1129;182;1848;1860;10.41;0.63;188.64;3.43;719;7;604.00;12
1131;7;625285781;1131;179;1851;1866;10.45;0.63;188.92;3.42;720;7;605.00;15
1132;7;625285799;1132;180;1853;1866;10.46;0.63;188.87;3.43;721;7;606.00;13
1134;7;625285810;1134;171;1854;1867;10.54;0.64;188.89;3.43;720;7;607.00;13
1136;7;625285823;1136;172;1854;1867;10.63;0.64;189.02;3.43;718;7;608.00;13
1138;7;625285836;1138;163;1856;1867;10.65;0.65;189.49;3.43;718;7;609.00;11
1142;7;625285849;1142;162;1856;1867;10.69;0.65;190.17;3.43;714;7;610.00;11
1144;7;625285859;1144;156;1856;1867;10.70;0.65;190.47;3.43;712;7;611.00;11
1150;7;625285870;1150;150;1866;1879;10.72;0.65;190.65;3.42;716;7;612.00;13
1152;7;625285882;1152;143;1868;1879;10.72;0.65;190.78;3.42;716;7;613.00;11
1156;7;625285898;1156;132;1868;1879;10.71;0.65;191.43;3.42;712;7;614.00;11
1161;7;625285908;1161;125;1870;1879;10.62;0.64;191.74;3.43;709;7;615.00;9
1164;7;625285918;1164;115;1870;1879;10.62;0.64;192.35;3.43;706;7;616.00;9
1169;7;625285927;1169;113;1872;1879;10.57;0.64;192.47;3.44;703;7;617.00;7
1173;7;625285938;1173;108;1875;1883;10.61;0.64;192.59;3.43;702;7;618.00;8
1174;7;625285948;1174;101;1875;1883;10.74;0.65;192.78;3.43;701;7;619.00;8
1178;7;625285958;1178;98;1878;1887;10.91;0.66;193.28;3.43;700;7;620.00;9
1179;7;625285970;1179;95;1880;1888;11.11;0.67;193.45;3.43;701;7;621.00;8
1183;7;625285980;1183;99;1880;1888;11.19;0.67;193.53;3.43;697;7;622.00;8
1186;7;625285990;1186;104;1881;1888;11.31;0.68;194.03;3.44;695;7;623.00;7
1189;7;625285999;1189;104;1889;1901;11.31;0.68;193.97;3.42;700;7;624.00;12
1193;7;625286010;1193;106;1889;1901;11.34;0.68;194.32;3.42;696;7;625.00;12
1195;7;625286020;1195;107;1889;1901;11.33;0.68;194.56;3.42;694;7;626.00;12
1198;7;625286036;1198;111;1890;1902;11.30;0.68;194.88;3.42;692;7;627.00;12
1202;7;625286046;1202;110;1890;1903;11.27;0.68;195.17;3.42;688;7;628.00;13
1204;7;625286056;1204;118;1893;1903;11.26;0.68;195.67;3.45;689;7;629.00;10
1206;7;625286067;1206;120;1896;1909;11.24;0.68;196.04;3.45;690;7;630.00;13
1210;7;625286078;1210;121;1897;1909;11.10;0.67;196.23;3.45;687;7;631.00;12
1211;7;625286088;1211;130;1898;1909;11.04;0.67;196.23;3.45;687;7;632.00;11
1213;7;625286098;1213;132;1898;1909;11.00;0.67;196.05;3.45;685;7;633.00;11
1213;7;625286108;1213;135;1902;1915;10.95;0.66;196.05;3.45;689;7;634.00;13
1215;7;625286118;1215;138;1903;1915;10.85;0.66;195.98;3.46;688;7;635.00;12
1216;7;625286128;1216;136;1904;1915;10.86;0.66;195.87;3.46;688;7;636.00;11
1217;7;625286138;1217;139;1904;1915;10.77;0.66;195.89;3.46;687;7;637.00;11
1218;7;625286147;1218;144;1908;1919;10.72;0.65;195.90;3.46;690;7;638.00;11
1222;7;625286157;1222;150;1910;1920;10.68;0.65;196.04;3.47;688;7;639.00;10
1225;7;625286173;1225;158;1912;1920;10.64;0.65;195.87;3.48;687;7;640.00;8
1227;7;625286183;1227;166;1914;1921;10.65;0.65;195.87;3.50;687;7;641.00;7
1229;7;625286192;1229;168;1915;1921;10.62;0.65;195.69;3.50;686;7;642.00;6
1230;7;625286202;1230;169;1916;1921;10.53;0.64;195.76;3.51;686;7;643.00;5
1230;7;625286211;1230;172;1916;1921;10.48;0.64;195.76;3.51;686;7;644.00;5
1233;7;625286220;1233;178;1917;1921;10.36;0.63;195.78;3.51;684;7;645.00;4
1235;7;625286228;1235;180;1917;1921;10.32;0.63;195.63;3.51;682;7;646.00;4
1237;7;625286237;1237;186;1919;1921;10.26;0.63;195.42;3.55;682;7;647.00;2
1240;7;625286247;1240;196;1956;1991;10.30;0.63;195.23;3.48;716;7;648.00;35
1245;7;625286262;1245;193;1961;1992;10.18;0.62;194.95;3.49;716;7;649.00;31
1245;7;625286272;1245;197;1973;1992;10.17;0.62;194.95;3.48;728;7;650.00;19
1247;7;625286281;1247;204;1977;1992;10.10;0.62;194.75;3.48;730;7;651.00;15
1247;7;625286290;1247;206;1980;1992;10.09;0.62;194.75;3.48;733;7;652.00;12
1248;7;625286298;1248;210;1981;1992;9.98;0.61;194.88;3.48;733;7;653.00;11
1249;7;625286307;1249;217;1986;1992;9.91;0.61;194.83;3.49;737;7;654.00;6
1249;7;625286316;1249;221;1987;1992;9.78;0.60;194.83;3.49;738;7;655.00;5
1250;7;625286324;1250;225;1990;1993;9.63;0.59;194.68;3.50;740;7;656.00;3
1252;7;625286333;1252;233;1993;1994;9.47;0.58;194.55;3.50;741;7;657.00;1
1255;7;625286342;1255;241;1994;1994;9.26;0.57;194.61;3.50;739;7;658.00;0
1257;7;625286351;1257;246;1998;1998;9.10;0.56;194.64;3.50;741;7;659.00;0
1261;7;625286362;1261;249;1998;1998;9.00;0.55;194.25;3.50;737;7;660.00;0
1261;7;625286371;1261;254;1998;1998;8.92;0.55;194.25;3.50;737;7;661.00;0
1264;7;625286379;1264;258;1998;1998;8.83;0.54;194.14;3.50;734;7;662.00;0
1265;7;625286388;1265;261;2003;2004;8.77;0.54;194.05;3.49;738;7;663.00;1
1266;7;625286397;1266;271;2004;2004;8.67;0.53;194.08;3.49;738;7;664.00;0
1266;7;625286406;1266;277;2004;2004;8.56;0.52;194.08;3.49;738;7;665.00;0
1266;7;625286415;1266;281;2007;2007;8.52;0.52;194.08;3.48;741;7;666.00;0
1267;7;625286423;1267;282;2007;2007;8.44;0.52;194.03;3.48;740;7;667.00;0
1267;7;625286432;1267;286;2007;2007;8.37;0.51;194.03;3.48;740;7;668.00;0
1269;7;625286441;1269;286;2008;2008;8.29;0.51;194.09;3.48;739;7;669.00;0
1270;7;625286449;1270;290;2009;2009;8.19;0.50;194.09;3.48;739;7;670.00;0
1271;7;625286457;1271;301;2009;2009;8.09;0.49;193.95;3.48;738;7;671.00;0
1273;7;625286465;1273;309;2022;2022;7.94;0.48;193.90;3.46;749;7;672.00;0
1277;7;625286474;1277;316;2022;2022;7.76;0.47;193.95;3.46;745;7;673.00;0
1282;7;625286482;1282;315;2022;2022;7.59;0.46;193.69;3.46;740;7;674.00;0
1287;7;625286491;1287;303;2024;2024;7.39;0.45;193.47;3.46;737;7;675.00;0
1289;7;625286505;1289;296;2024;2024;7.28;0.44;193.56;3.46;735;7;676.00;0
1294;7;625286513;1294;285;2027;2028;7.23;0.44;193.60;3.45;733;7;677.00;1
1296;7;625286522;1296;283;2028;2028;7.16;0.44;193.87;3.45;732;7;678.00;0
1300;7;625286530;1300;275;2032;2032;7.13;0.43;194.37;3.45;732;7;679.00;0
1303;7;625286538;1303;253;2032;2032;7.09;0.43;194.59;3.45;729;7;680.00;0
1304;7;625286546;1304;242;2032;2032;7.17;0.44;194.74;3.45;728;7;681.00;0
1307;7;625286560;1307;240;2032;2032;7.22;0.44;194.87;3.45;725;7;682.00;0
1312;8;625286568;1312;231;2032;2032;7.26;0.44;195.25;3.45;720;8;683.00;0
1313;8;625286587;1313;231;2043;2044;7.50;0.46;195.43;3.43;730;8;684.00;1
1315;8;625286596;1315;232;2044;2044;7.64;0.47;195.73;3.43;729;8;685.00;0
1318;8;625286605;1318;235;2044;2044;7.69;0.47;196.24;3.43;726;8;686.00;0
1320;8;625286614;1320;228;2044;2044;7.75;0.47;196.34;3.43;724;8;687.00;0
1322;8;625286623;1322;216;2044;2044;7.80;0.48;196.70;3.43;722;8;688.00;0
1323;8;625286637;1323;204;2044;2044;7.85;0.48;196.88;3.43;721;8;689.00;0
1324;8;625286648;1324;201;2044;2045;7.97;0.49;196.85;3.43;720;8;690.00;1
1325;8;625286657;1325;199;2044;2045;8.12;0.50;197.01;3.43;719;8;691.00;1
1330;8;625286666;1330;200;2050;2051;8.23;0.50;197.32;3.42;720;8;692.00;1
1333;8;625286676;1333;194;2051;2052;8.33;0.51;197.50;3.42;718;8;693.00;1
1337;8;625286685;1337;190;2052;2052;8.52;0.52;197.86;3.42;715;8;694.00;0
1340;8;625286695;1340;188;2052;2052;8.64;0.53;198.10;3.42;712;8;695.00;0
1346;8;625286704;1346;185;2056;2056;8.78;0.53;197.93;3.41;710;8;696.00;0
1346;8;625286715;1346;183;2056;2056;8.87;0.54;197.93;3.41;710;8;697.00;0
1351;8;625286724;1351;174;2056;2056;8.96;0.55;198.35;3.41;705;8;698.00;0
1353;8;625286740;1353;172;2057;2057;9.06;0.55;198.23;3.41;704;8;699.00;0
1355;8;625286751;1355;167;2061;2061;9.13;0.56;198.28;3.41;706;8;700.00;0
1358;8;625286764;1358;168;2061;2061;9.22;0.56;198.32;3.41;703;8;701.00;0
1362;8;625286774;1362;164;2063;2064;9.28;0.57;198.38;3.40;701;8;702.00;1
1365;8;625286785;1365;166;2063;2064;9.37;0.57;198.55;3.40;698;8;703.00;1
1371;8;625286799;1371;166;2064;2064;9.45;0.58;198.44;3.40;693;8;704.00;0
1376;8;625286809;1376;161;2064;2064;9.49;0.58;198.68;3.40;688;8;705.00;0
1381;8;625286819;1381;160;2067;2068;9.54;0.58;198.87;3.40;686;8;706.00;1
1385;8;625286830;1385;158;2067;2068;9.57;0.58;199.24;3.40;682;8;707.00;1
1392;8;625286846;1392;158;2068;2068;9.63;0.59;199.54;3.40;676;8;708.00;0
1399;8;625286874;1399;157;2068;2068;9.65;0.59;199.46;3.40;669;8;709.00;0
1401;8;625286892;1401;157;2069;2069;9.76;0.59;199.35;3.40;668;8;710.00;0
1406;8;625286907;1406;152;2070;2070;9.81;0.60;199.65;3.40;664;8;711.00;0
1411;8;625286921;1411;153;2070;2070;9.89;0.60;199.92;3.40;659;8;712.00;0
1417;8;625286937;1417;154;2071;2071;9.96;0.61;200.10;3.40;654;8;713.00;0
1422;8;625286952;1422;153;2071;2071;9.98;0.61;200.32;3.40;649;8;714.00;0
1424;8;625286964;1424;152;2071;2071;10.02;0.61;200.42;3.40;647;8;715.00;0
1429;8;625286974;1429;152;2071;2071;10.04;0.61;200.76;3.40;642;8;716.00;0
1433;8;625286985;1433;157;2071;2071;10.00;0.61;201.08;3.40;638;8;717.00;0
1436;8;625286995;1436;158;2071;2071;10.01;0.61;201.14;3.40;635;8;718.00;0
1437;8;625287006;1437;157;2071;2071;10.02;0.61;201.16;3.40;634;8;719.00;0
1442;8;625287018;1442;195;2194;2301;9.99;0.63;201.79;3.21;752;8;720.00;107
1446;8;625287049;1446;189;2203;2302;9.89;0.62;202.10;3.20;757;8;721.00;99
1450;8;625287061;1450;167;2215;2302;9.90;0.62;202.21;3.19;765;8;722.00;87
1454;8;625287073;1454;165;2227;2302;9.78;0.61;202.33;3.19;773;8;723.00;75
1456;8;625287084;1456;165;2232;2302;9.68;0.60;202.42;3.19;776;8;724.00;70
1459;8;625287095;1459;166;2239;2302;9.55;0.60;202.63;3.20;780;8;725.00;63
1460;8;625287106;1460;177;2244;2302;9.40;0.59;202.78;3.20;784;8;726.00;58
1462;8;625287117;1462;173;2249;2302;9.33;0.58;202.94;3.21;787;8;727.00;53
1466;8;625287130;1466;173;2253;2303;9.26;0.58;203.34;3.22;787;8;728.00;50
1470;8;625287146;1470;175;2256;2304;9.26;0.58;203.38;3.23;786;8;729.00;48
1472;8;625287165;1472;181;2260;2304;9.27;0.58;203.60;3.24;788;8;730.00;44
1475;8;625287178;1475;188;2264;2305;9.28;0.58;203.82;3.25;789;8;731.00;41
1476;8;625287190;1476;199;2268;2305;9.33;0.58;203.81;3.26;792;8;732.00;37
1481;8;625287202;1481;205;2273;2305;9.30;0.58;204.01;3.28;792;8;733.00;32
1484;8;625287215;1484;206;2274;2305;9.35;0.58;204.04;3.29;790;8;734.00;31
1488;8;625287227;1488;212;2278;2309;9.31;0.57;204.03;3.30;790;8;735.00;31
1492;8;625287249;1492;210;2279;2309;9.30;0.57;204.04;3.30;787;8;736.00;30
1494;8;625287270;1494;198;2280;2309;9.35;0.58;204.19;3.31;786;8;737.00;29
1497;9;625287284;1497;202;2284;2312;9.36;0.58;204.49;3.33;787;9;738.00;28
1498;9;625287314;1498;194;2287;2312;9.45;0.58;204.61;3.35;789;9;739.00;25
1503;9;625287329;1503;194;2288;2312;9.49;0.58;204.73;3.35;785;9;740.00;24
1507;9;625287343;1507;197;2295;2316;9.41;0.58;205.10;3.37;788;9;741.00;21
1508;9;625287356;1508;199;2296;2317;9.52;0.58;205.10;3.37;788;9;742.00;21
1511;9;625287370;1511;202;2299;2317;9.61;0.59;205.12;3.40;788;9;743.00;18
1513;9;625287384;1513;202;2302;2321;9.70;0.59;205.21;3.40;789;9;744.00;19
1519;9;625287399;1519;210;2304;2321;9.74;0.59;205.20;3.41;785;9;745.00;17
1521;9;625287413;1521;214;2305;2321;9.83;0.60;205.40;3.42;784;9;746.00;16
1524;9;625287426;1524;211;2308;2322;9.87;0.60;205.67;3.44;784;9;747.00;14
1525;9;625287446;1525;207;2308;2322;9.93;0.61;205.65;3.44;783;9;748.00;14
1527;9;625287466;1527;206;2313;2328;9.90;0.60;205.80;3.43;786;9;749.00;15
1530;9;625287482;1530;206;2315;2328;9.91;0.60;205.86;3.44;785;9;750.00;13
1531;9;625287516;1531;206;2316;2329;9.89;0.60;205.84;3.43;785;9;751.00;13
1537;9;625287528;1537;208;2316;2329;9.83;0.60;205.79;3.43;779;9;752.00;13
1539;9;625287541;1539;208;2317;2329;9.85;0.60;205.68;3.44;778;9;753.00;12
1541;9;625287552;1541;207;2318;2329;9.89;0.60;205.78;3.44;777;9;754.00;11
1541;9;625287565;1541;210;2319;2329;9.89;0.60;205.78;3.44;778;9;755.00;10
1546;9;625287577;1546;215;2331;2341;9.92;0.60;206.09;3.42;785;9;756.00;10
1547;9;625287590;1547;217;2331;2341;10.00;0.61;206.16;3.42;784;9;757.00;10
1550;9;625287602;1550;217;2331;2341;9.97;0.61;206.25;3.42;781;9;758.00;10
1551;9;625287622;1551;222;2331;2341;9.91;0.60;206.36;3.42;780;9;759.00;10
1553;9;625287633;1553;226;2331;2341;9.88;0.60;206.41;3.42;778;9;760.00;10
1556;9;625287645;1556;226;2331;2341;9.89;0.60;206.52;3.42;775;9;761.00;10
1557;9;625287657;1557;234;2335;2345;9.83;0.60;206.64;3.42;778;9;762.00;10
1558;9;625287677;1558;237;2335;2345;9.89;0.61;206.63;3.42;777;9;763.00;10
1559;9;625287688;1559;240;2338;2349;9.89;0.61;206.62;3.42;779;9;764.00;11
1564;9;625287700;1564;241;2341;2351;9.83;0.60;206.70;3.43;777;9;765.00;10
1567;9;625287712;1567;238;2342;2351;9.77;0.60;206.71;3.43;775;9;766.00;9
1569;9;625287723;1569;237;2342;2351;9.76;0.60;206.86;3.43;773;9;767.00;9
1570;9;625287734;1570;238;2350;2364;9.70;0.59;206.85;3.42;780;9;768.00;14
1572;9;625287746;1572;235;2350;2364;9.63;0.59;206.78;3.42;778;9;769.00;14
1574;9;625287757;1574;228;2351;2364;9.65;0.59;206.93;3.42;777;9;770.00;13
1578;9;625287768;1578;226;2352;2365;9.65;0.59;206.91;3.42;774;9;771.00;13
1580;9;625287778;1580;220;2352;2366;9.66;0.59;207.00;3.42;772;9;772.00;14
1583;9;625287790;1583;213;2352;2366;9.59;0.59;207.25;3.42;769;9;773.00;14
1588;9;625287800;1588;215;2354;2369;9.57;0.59;207.10;3.42;766;9;774.00;15
1590;9;625287811;1590;203;2354;2369;9.54;0.58;207.02;3.42;764;9;775.00;15
1593;9;625287822;1593;206;2355;2369;9.51;0.58;207.06;3.42;762;9;776.00;14
1597;9;625287834;1597;204;2355;2369;9.45;0.58;207.33;3.42;758;9;777.00;14
1599;9;625287847;1599;207;2359;2375;9.45;0.58;207.50;3.41;760;9;778.00;16
1603;9;625287859;1603;213;2359;2375;9.37;0.57;207.72;3.41;756;9;779.00;16
1605;9;625287874;1605;208;2360;2375;9.34;0.57;207.77;3.41;755;9;780.00;15
1609;9;625287886;1609;211;2361;2375;9.25;0.57;207.82;3.44;752;9;781.00;14
1616;9;625287896;1616;207;2364;2379;9.17;0.56;207.95;3.43;748;9;782.00;15
1620;9;625287907;1620;207;2365;2380;9.14;0.56;208.02;3.43;745;9;783.00;15
1626;9;625287918;1626;199;2365;2380;9.07;0.55;208.17;3.43;739;9;784.00;15
1627;9;625287929;1627;195;2368;2381;9.05;0.55;208.08;3.44;741;9;785.00;13
1629;9;625287940;1629;193;2369;2381;8.98;0.55;208.22;3.47;740;9;786.00;12
1632;9;625287951;1632;188;2369;2381;8.96;0.55;208.07;3.47;737;9;787.00;12
1635;9;625287961;1635;180;2369;2381;8.99;0.55;208.54;3.47;734;9;788.00;12
1640;9;625287972;1640;167;2369;2381;8.93;0.54;208.34;3.47;729;9;789.00;12
1641;9;625287982;1641;171;2369;2381;9.01;0.55;208.34;3.47;728;9;790.00;12
1643;9;625287992;1643;172;2369;2381;9.06;0.55;208.31;3.47;726;9;791.00;12
1645;9;625288002;1645;175;2400;2451;9.15;0.56;208.22;3.42;755;9;792.00;51
1645;9;625288019;1645;170;2400;2452;9.21;0.56;208.22;3.42;755;9;793.00;52
1650;9;625288030;1650;168;2408;2452;9.34;0.57;208.33;3.42;758;9;794.00;44
1651;9;625288042;1651;170;2410;2452;9.47;0.58;208.26;3.42;759;9;795.00;42
1652;9;625288052;1652;171;2415;2452;9.59;0.59;208.24;3.42;763;9;796.00;37
1654;9;625288064;1654;173;2420;2452;9.67;0.59;208.09;3.45;766;9;797.00;32
1655;9;625288075;1655;170;2424;2452;9.73;0.59;208.01;3.46;769;9;798.00;28
1660;9;625288085;1660;173;2425;2452;9.75;0.59;207.86;3.46;765;9;799.00;27
1661;9;625288098;1661;173;2429;2453;9.72;0.59;207.78;3.49;768;9;800.00;24
1665;9;625288112;1665;176;2435;2454;9.63;0.59;207.59;3.53;770;9;801.00;19
1667;9;625288124;1667;180;2436;2454;9.66;0.59;207.42;3.53;769;9;802.00;18
1668;9;625288135;1668;184;2439;2458;9.66;0.59;207.34;3.53;771;9;803.00;19
1672;9;625288149;1672;188;2442;2458;9.62;0.59;207.28;3.57;770;9;804.00;16
1674;9;625288160;1674;191;2442;2458;9.58;0.58;207.21;3.57;768;9;805.00;16
1678;9;625288172;1678;198;2444;2458;9.49;0.58;207.01;3.61;766;9;806.00;14
1680;9;625288182;1680;209;2448;2464;9.39;0.57;206.86;3.60;768;9;807.00;16
1682;9;625288194;1682;213;2450;2464;9.31;0.57;206.70;3.64;768;9;808.00;14
1684;9;625288206;1684;224;2450;2464;9.22;0.56;206.69;3.64;766;9;809.00;14
1685;9;625288218;1685;233;2454;2470;9.15;0.56;206.58;3.67;769;9;810.00;16
1687;9;625288229;1687;236;2456;2470;9.05;0.55;206.42;3.69;769;9;811.00;14
1690;9;625288240;1690;245;2458;2470;8.90;0.54;206.24;3.71;768;9;812.00;12
1692;9;625288251;1692;249;2460;2471;8.83;0.54;206.38;3.72;768;9;813.00;11
1692;9;625288263;1692;256;2464;2472;8.75;0.53;206.38;3.74;772;9;814.00;8
1694;9;625288274;1694;260;2465;2472;8.62;0.53;206.28;3.75;771;9;815.00;7
1695;9;625288284;1695;268;2476;2485;8.55;0.52;206.36;3.76;781;9;816.00;9
1696;9;625288296;1696;271;2476;2485;8.52;0.52;206.38;3.76;780;9;817.00;9
1699;9;625288307;1699;280;2477;2485;8.49;0.52;206.31;3.77;778;9;818.00;8
1702;9;625288318;1702;284;2482;2486;8.43;0.52;206.19;3.78;780;9;819.00;4
1703;9;625288329;1703;293;2482;2486;8.41;0.52;206.08;3.78;779;9;820.00;4
1705;9;625288340;1705;303;2487;2490;8.50;0.52;206.09;3.78;782;9;821.00;3
1705;9;625288351;1705;314;2488;2490;8.45;0.52;206.09;3.78;783;9;822.00;2
1707;9;625288361;1707;320;2492;2494;8.43;0.52;206.05;3.78;785;9;823.00;2
1709;9;625288371;1709;321;2493;2494;8.27;0.51;205.84;3.78;784;9;824.00;1
1709;9;625288382;1709;328;2494;2494;8.15;0.50;205.84;3.78;785;9;825.00;0
1713;9;625288393;1713;333;2494;2494;8.02;0.49;205.84;3.78;781;9;826.00;0
1715;9;625288403;1715;320;2494;2494;7.97;0.49;205.87;3.78;779;9;827.00;0
1716;9;625288413;1716;319;2505;2506;7.98;0.49;205.81;3.76;789;9;828.00;1
1716;9;625288424;1716;315;2505;2506;7.98;0.49;205.81;3.76;789;9;829.00;1
1716;9;625288434;1716;310;2506;2506;8.01;0.49;205.81;3.76;790;9;830.00;0
1718;9;625288445;1718;301;2506;2506;8.01;0.49;205.94;3.76;788;9;831.00;0
1718;9;625288455;1718;295;2506;2506;8.10;0.50;205.94;3.76;788;9;832.00;0
1720;9;625288466;1720;288;2506;2506;8.16;0.50;205.89;3.76;786;9;833.00;0
1722;9;625288482;1722;282;2507;2507;8.22;0.50;205.83;3.76;785;9;834.00;0
1723;9;625288492;1723;276;2507;2507;8.33;0.51;205.77;3.76;784;9;835.00;0
1723;9;625288502;1723;274;2512;2513;8.50;0.52;205.77;3.76;789;9;836.00;1
1724;9;625288519;1724;271;2513;2514;8.65;0.53;205.75;3.76;789;9;837.00;1
1725;9;625288530;1725;269;2514;2514;8.69;0.53;205.63;3.75;789;9;838.00;0
1727;9;625288541;1727;270;2514;2514;8.73;0.53;205.60;3.75;787;9;839.00;0
1727;9;625288554;1727;273;2519;2519;8.78;0.53;205.60;3.75;792;9;840.00;0
1728;9;625288566;1728;274;2519;2519;8.73;0.53;205.71;3.75;791;9;841.00;0
1729;9;625288582;1729;273;2519;2519;8.61;0.52;205.83;3.75;790;9;842.00;0
1731;9;625288592;1731;276;2520;2520;8.57;0.52;205.97;3.75;789;9;843.00;0
1734;9;625288601;1734;276;2524;2524;8.50;0.52;206.16;3.74;790;9;844.00;0
1736;9;625288611;1736;274;2524;2524;8.47;0.52;206.10;3.74;788;9;845.00;0
1737;9;625288621;1737;278;2526;2527;8.44;0.52;206.05;3.74;789;9;846.00;1
1740;9;625288630;1740;279;2527;2527;8.34;0.51;206.10;3.74;787;9;847.00;0
1746;9;625288640;1746;278;2527;2527;8.22;0.50;206.55;3.74;781;9;848.00;0
1746;9;625288649;1746;281;2527;2527;8.21;0.50;206.55;3.74;781;9;849.00;0
1748;9;625288658;1748;269;2530;2531;8.21;0.50;206.85;3.73;782;9;850.00;1
1751;9;625288668;1751;257;2530;2531;8.22;0.50;207.00;3.73;779;9;851.00;1
1754;9;625288677;1754;256;2531;2531;8.30;0.51;207.44;3.73;777;9;852.00;0
1756;9;625288686;1756;250;2531;2531;8.33;0.51;207.79;3.73;775;9;853.00;0
1761;9;625288695;1761;247;2532;2532;8.37;0.51;207.88;3.73;771;9;854.00;0
1765;9;625288705;1765;247;2534;2534;8.45;0.52;208.10;3.73;769;9;855.00;0
1768;9;625288715;1768;249;2534;2534;8.56;0.52;208.20;3.73;766;9;856.00;0
1774;9;625288724;1774;237;2535;2535;8.62;0.53;208.34;3.73;761;9;857.00;0
1777;9;625288734;1777;225;2535;2535;8.69;0.53;208.59;3.73;758;9;858.00;0
1783;9;625288743;1783;215;2535;2535;8.70;0.53;209.03;3.73;752;9;859.00;0
1783;9;625288753;1783;208;2535;2535;8.75;0.53;209.03;3.73;752;9;860.00;0
1786;9;625288762;1786;202;2535;2535;8.81;0.54;209.19;3.73;749;9;861.00;0
1791;9;625288772;1791;192;2535;2535;8.87;0.54;209.00;3.73;744;9;862.00;0
1793;9;625288781;1793;182;2535;2535;8.87;0.54;209.35;3.73;742;9;863.00;0
1796;9;625288791;1796;193;2614;2662;9.00;0.56;209.44;3.62;818;9;864.00;48
1805;9;625288812;1805;182;2618;2663;8.97;0.56;209.97;3.61;813;9;865.00;45
1809;9;625288824;1809;172;2625;2663;9.07;0.56;210.04;3.61;816;9;866.00;38
1812;9;625288838;1812;172;2629;2663;9.16;0.57;210.47;3.61;817;9;867.00;34
1816;9;625288855;1816;175;2632;2663;9.24;0.57;210.62;3.61;816;9;868.00;31
1818;9;625288874;1818;175;2637;2663;9.30;0.58;210.63;3.61;819;9;869.00;26
1825;9;625288900;1825;173;2642;2663;9.36;0.58;210.99;3.62;817;9;870.00;21
1827;9;625288918;1827;177;2644;2663;9.34;0.58;211.07;3.62;817;9;871.00;19
1831;9;625288934;1831;181;2647;2664;9.30;0.57;211.28;3.62;816;9;872.00;17
1835;9;625288950;1835;182;2651;2665;9.23;0.57;211.43;3.63;816;9;873.00;14
1840;9;625288969;1840;188;2654;2665;9.21;0.57;211.61;3.64;814;9;874.00;11
1844;9;625288983;1844;197;2658;2666;9.19;0.56;212.03;3.64;814;9;875.00;8
1850;9;625288995;1850;204;2660;2666;9.20;0.57;212.57;3.65;810;9;876.00;6
1852;9;625289008;1852;210;2661;2666;9.24;0.57;212.82;3.65;809;9;877.00;5
1857;9;625289028;1857;209;2663;2666;9.23;0.57;213.12;3.66;806;9;878.00;3
1863;9;625289041;1863;209;2666;2670;9.18;0.56;213.16;3.66;803;9;879.00;4
1866;9;625289054;1866;219;2668;2670;9.18;0.56;213.26;3.67;802;9;880.00;2
1871;9;625289068;1871;219;2668;2670;9.17;0.56;213.33;3.67;797;9;881.00;2
1876;9;625289080;1876;224;2671;2673;9.20;0.57;213.33;3.67;795;9;882.00;2
1880;9;625289094;1880;219;2671;2673;9.27;0.57;213.39;3.67;791;9;883.00;2
1882;9;625289106;1882;220;2672;2673;9.34;0.57;213.44;3.67;790;9;884.00;1
1888;9;625289119;1888;224;2676;2677;9.37;0.57;213.57;3.66;788;9;885.00;1
1890;9;625289131;1890;223;2678;2678;9.47;0.58;213.55;3.66;788;9;886.00;0
1897;9;625289145;1897;226;2678;2678;9.47;0.58;213.73;3.66;781;9;887.00;0
1901;9;625289158;1901;223;2682;2682;9.54;0.58;213.73;3.66;781;9;888.00;0
1907;9;625289171;1907;224;2682;2682;9.56;0.58;213.68;3.66;775;9;889.00;0
1911;9;625289183;1911;229;2682;2682;9.56;0.58;213.79;3.66;771;9;890.00;0
1915;9;625289195;1915;232;2683;2683;9.51;0.58;213.85;3.66;768;9;891.00;0
1917;9;625289207;1917;234;2683;2683;9.49;0.58;213.81;3.66;766;9;892.00;0
1921;9;625289220;1921;234;2688;2689;9.38;0.57;213.76;3.65;767;9;893.00;1
1929;9;625289232;1929;239;2688;2689;9.23;0.56;214.19;3.65;759;9;894.00;1
1931;9;625289245;1931;241;2690;2690;9.15;0.56;214.31;3.65;759;9;895.00;0
1934;9;625289257;1934;236;2690;2690;9.08;0.55;214.36;3.65;756;9;896.00;0
1938;9;625289269;1938;232;2690;2690;9.04;0.55;214.33;3.65;752;9;897.00;0
1944;9;625289282;1944;227;2690;2690;8.98;0.55;214.88;3.65;746;9;898.00;0
1948;9;625289302;1948;223;2690;2690;8.97;0.55;214.96;3.65;742;9;899.00;0
1952;9;625289318;1952;227;2720;2736;8.79;0.54;215.34;3.61;768;9;900.00;16
1956;9;625289349;1956;217;2720;2736;8.77;0.54;215.52;3.61;764;9;901.00;16
1959;9;625289362;1959;214;2722;2736;8.76;0.54;215.79;3.61;763;9;902.00;14
1960;9;625289374;1960;206;2722;2736;8.83;0.54;215.90;3.61;762;9;903.00;14
1962;9;625289387;1962;211;2723;2736;8.91;0.55;216.00;3.61;761;9;904.00;13
1965;9;625289398;1965;208;2723;2736;8.99;0.55;216.20;3.61;758;9;905.00;13
1968;9;625289409;1968;202;2729;2740;8.98;0.55;216.12;3.61;761;9;906.00;11
1972;9;625289430;1972;192;2731;2740;9.05;0.55;216.33;3.61;759;9;907.00;9
1974;9;625289443;1974;183;2734;2744;9.14;0.56;216.37;3.61;760;9;908.00;10
1976;9;625289456;1976;182;2736;2745;9.19;0.56;216.61;3.61;760;9;909.00;9
1978;9;625289468;1978;180;2736;2745;9.22;0.56;216.86;3.61;758;9;910.00;9
1981;9;625289480;1981;179;2736;2745;9.29;0.57;216.77;3.61;755;9;911.00;9
1984;9;625289492;1984;182;2745;2758;9.38;0.57;216.89;3.60;761;9;912.00;13
1987;9;625289511;1987;191;2746;2758;9.37;0.57;217.01;3.60;759;9;913.00;12
1989;9;625289523;1989;187;2746;2758;9.42;0.57;217.10;3.60;757;9;914.00;12
1991;9;625289535;1991;192;2748;2759;9.40;0.57;217.18;3.60;757;9;915.00;11
1995;9;625289547;1995;190;2749;2760;9.35;0.57;217.25;3.60;754;9;916.00;11
1998;9;625289559;1998;191;2749;2760;9.28;0.56;217.43;3.60;751;9;917.00;11
2000;10;625289570;2000;185;2751;2763;9.31;0.57;217.48;3.60;751;10;918.00;12
2005;10;625289602;2005;191;2752;2763;9.27;0.56;217.70;3.61;747;10;919.00;11
2009;10;625289613;2009;184;2752;2763;9.22;0.56;217.70;3.61;743;10;920.00;11
2010;10;625289624;2010;178;2753;2763;9.27;0.56;217.69;3.61;743;10;921.00;10
2013;10;625289634;2013;171;2757;2769;9.35;0.57;217.55;3.61;744;10;922.00;12
2014;11;625289646;2014;173;2757;2769;9.40;0.57;217.62;3.61;743;11;923.00;12
2018;11;625289668;2018;171;2757;2769;9.38;0.57;217.69;3.61;739;11;924.00;12
2021;11;625289679;2021;168;2759;2769;9.40;0.57;217.75;3.62;738;11;925.00;10
2023;11;625289690;2023;166;2763;2773;9.37;0.57;217.63;3.62;740;11;926.00;10
2025;12;625289708;2025;171;2765;2774;9.32;0.57;217.66;3.62;740;12;927.00;9
2027;12;625289737;2027;176;2765;2774;9.26;0.56;217.68;3.62;738;12;928.00;9
2029;12;625289749;2029;178;2768;2775;9.24;0.56;217.64;3.64;739;12;929.00;7
2029;12;625289768;2029;186;2768;2775;9.21;0.56;217.64;3.64;739;12;930.00;7
2031;12;625289778;2031;190;2768;2775;9.18;0.56;217.74;3.64;737;12;931.00;7
2031;12;625289795;2031;196;2768;2775;9.20;0.56;217.74;3.64;737;12;932.00;7
2033;13;625289806;2033;204;2769;2775;9.24;0.56;217.80;3.64;736;13;933.00;6
2034;13;625289825;2034;212;2769;2775;9.32;0.57;217.95;3.64;735;13;934.00;6
2036;13;625289837;2036;210;2770;2775;9.34;0.57;218.01;3.65;734;13;935.00;5
2039;13;625289860;2039;227;2810;2845;9.17;0.56;218.41;3.60;771;13;936.00;35
2042;13;625289882;2042;226;2812;2846;9.14;0.56;218.40;3.61;770;13;937.00;34
2045;13;625289894;2045;220;2819;2846;9.17;0.56;218.63;3.61;774;13;938.00;27
2047;13;625289904;2047;229;2822;2846;9.11;0.55;218.59;3.61;775;13;939.00;24
2048;13;625289926;2048;226;2825;2846;9.10;0.55;218.52;3.61;777;13;940.00;21
2051;13;625289937;2051;229;2826;2846;9.11;0.56;218.47;3.61;775;13;941.00;20
2054;13;625289947;2054;226;2831;2846;9.21;0.56;218.58;3.61;777;13;942.00;15
2055;13;625289957;2055;224;2832;2846;9.24;0.56;218.67;3.61;777;13;943.00;14
2057;13;625289968;2057;218;2836;2847;9.27;0.56;218.67;3.62;779;13;944.00;11
2061;13;625289978;2061;223;2839;2849;9.26;0.56;218.83;3.62;778;13;945.00;10
2064;13;625289988;2064;220;2841;2849;9.23;0.56;219.01;3.62;777;13;946.00;8
2065;13;625289998;2065;216;2845;2853;9.20;0.56;218.97;3.62;780;13;947.00;8
2070;13;625290008;2070;212;2845;2853;9.17;0.56;219.17;3.62;775;13;948.00;8
2071;13;625290023;2071;206;2846;2853;9.08;0.56;219.25;3.62;775;13;949.00;7
2075;13;625290033;2075;199;2846;2853;8.96;0.55;219.25;3.62;771;13;950.00;7
2079;13;625290044;2079;197;2849;2859;8.86;0.54;219.28;3.62;770;13;951.00;10
2084;13;625290054;2084;192;2850;2859;8.80;0.54;219.09;3.62;766;13;952.00;9
2090;13;625290063;2090;186;2851;2859;8.75;0.54;219.05;3.63;761;13;953.00;8
2096;13;625290072;2096;181;2853;2862;8.75;0.53;218.83;3.63;757;13;954.00;9
2099;13;625290082;2099;185;2854;2862;8.66;0.53;218.76;3.64;755;13;955.00;8
2101;13;625290092;2101;186;2856;2862;8.64;0.53;218.82;3.64;755;13;956.00;6
2105;13;625290100;2105;185;2856;2863;8.56;0.52;218.70;3.64;751;13;957.00;7
2111;13;625290110;2111;184;2857;2864;8.48;0.52;218.47;3.64;746;13;958.00;7
2112;13;625290119;2112;184;2857;2864;8.49;0.52;218.44;3.64;745;13;959.00;7
2113;13;625290129;2113;185;2874;2890;8.53;0.52;218.38;3.62;761;13;960.00;16
2117;13;625290141;2117;180;2874;2890;8.53;0.52;218.44;3.62;757;13;961.00;16
2121;13;625290150;2121;186;2876;2890;8.59;0.52;218.34;3.62;755;13;962.00;14
2122;13;625290159;2122;189;2878;2891;8.67;0.53;218.25;3.62;756;13;963.00;13
2124;13;625290170;2124;191;2878;2891;8.72;0.53;218.09;3.62;754;13;964.00;13
2127;13;625290179;2127;191;2880;2895;8.81;0.54;218.05;3.62;753;13;965.00;15
2127;13;625290189;2127;196;2881;2895;8.90;0.54;218.05;3.61;754;13;966.00;14
2133;13;625290198;2133;197;2884;2899;8.91;0.54;217.88;3.61;751;13;967.00;15
2135;13;625290209;2135;195;2884;2899;8.91;0.54;217.77;3.61;749;13;968.00;15
2137;13;625290220;2137;198;2887;2899;8.86;0.54;217.67;3.64;750;13;969.00;12
2138;13;625290237;2138;199;2887;2899;8.80;0.54;217.63;3.64;749;13;970.00;12
2141;13;625290246;2141;204;2889;2899;8.79;0.53;217.83;3.66;748;13;971.00;10
2141;13;625290257;2141;208;2898;2911;8.79;0.54;217.83;3.65;757;13;972.00;13
2141;13;625290269;2141;212;2899;2911;8.76;0.53;217.83;3.65;758;13;973.00;12
2142;13;625290279;2142;217;2901;2911;8.71;0.53;217.84;3.65;759;13;974.00;10
2143;13;625290290;2143;223;2902;2911;8.62;0.53;217.86;3.66;759;13;975.00;9
2144;13;625290300;2144;229;2902;2911;8.62;0.53;217.88;3.66;758;13;976.00;9
2147;13;625290311;2147;238;2902;2911;8.56;0.52;217.88;3.66;755;13;977.00;9
2148;13;625290321;2148;246;2903;2912;8.55;0.52;217.83;3.66;755;13;978.00;9
2150;13;625290331;2150;235;2904;2912;8.62;0.53;217.82;3.67;754;13;979.00;8
2152;14;625290342;2152;228;2909;2918;8.71;0.53;217.79;3.67;757;14;980.00;9
2153;14;625290368;2153;227;2912;2919;8.78;0.53;217.74;3.68;759;14;981.00;7
2154;14;625290378;2154;227;2912;2919;8.85;0.54;217.71;3.68;758;14;982.00;7
2155;14;625290388;2155;228;2913;2919;8.94;0.54;217.66;3.69;758;14;983.00;6
2158;14;625290398;2158;225;2917;2923;8.95;0.54;217.72;3.69;759;14;984.00;6
2163;14;625290408;2163;224;2918;2923;8.94;0.54;217.49;3.70;755;14;985.00;5
2165;14;625290429;2165;225;2919;2923;8.89;0.54;217.49;3.71;754;14;986.00;4
2167;14;625290439;2167;219;2921;2924;8.91;0.54;217.50;3.71;754;14;987.00;3
2171;14;625290455;2171;223;2925;2928;8.93;0.54;217.39;3.71;754;14;988.00;3
2172;14;625290466;2172;219;2926;2928;8.98;0.54;217.34;3.71;754;14;989.00;2
2172;14;625290479;2172;228;2930;2934;9.05;0.55;217.34;3.71;758;14;990.00;4
2173;14;625290489;2173;227;2931;2934;9.01;0.55;217.26;3.71;758;14;991.00;3
2174;14;625290498;2174;228;2932;2934;8.94;0.54;217.28;3.71;758;14;992.00;2
2174;14;625290507;2174;229;2933;2934;8.95;0.55;217.28;3.71;759;14;993.00;1
2175;14;625290516;2175;229;2935;2938;8.96;0.55;217.36;3.70;760;14;994.00;3
2176;14;625290526;2176;232;2936;2938;8.93;0.54;217.32;3.71;760;14;995.00;2
2176;14;625290535;2176;231;2936;2938;8.87;0.54;217.32;3.71;760;14;996.00;2
2178;14;625290544;2178;232;2937;2938;8.77;0.53;217.27;3.71;759;14;997.00;1
2179;14;625290553;2179;235;2939;2939;8.68;0.53;217.30;3.70;760;14;998.00;0
2181;14;625290562;2181;227;2940;2940;8.66;0.53;217.34;3.70;759;14;999.00;0
2182;14;625290573;2182;225;2940;2940;8.61;0.53;217.30;3.70;758;14;1000.00;0
2183;14;625290585;2183;229;2941;2941;8.55;0.52;217.23;3.70;758;14;1001.00;0
2185;14;625290595;2185;229;2941;2941;8.52;0.52;217.37;3.70;756;14;1002.00;0
2187;14;625290604;2187;228;2941;2941;8.53;0.52;217.47;3.70;754;14;1003.00;0
2189;14;625290614;2189;228;2941;2941;8.50;0.52;217.45;3.70;752;14;1004.00;0
2191;14;625290623;2191;223;2941;2941;8.53;0.52;217.55;3.70;750;14;1005.00;0
2193;14;625290632;2193;224;2941;2941;8.55;0.52;217.54;3.70;748;14;1006.00;0
2196;14;625290641;2196;223;2941;2941;8.58;0.52;217.55;3.70;745;14;1007.00;0
2199;14;625290650;2199;247;3015;3068;8.63;0.53;217.84;3.61;816;14;1008.00;53
2200;14;625290675;2200;239;3020;3069;8.67;0.54;218.01;3.61;820;14;1009.00;49
2202;14;625290685;2202;231;3028;3069;8.79;0.54;218.22;3.60;826;14;1010.00;41
2203;14;625290695;2203;235;3032;3069;8.83;0.54;218.17;3.60;829;14;1011.00;37
2210;14;625290704;2210;234;3038;3069;8.78;0.54;218.48;3.60;828;14;1012.00;31
2215;14;625290714;2215;238;3038;3069;8.69;0.53;218.66;3.60;823;14;1013.00;31
2216;14;625290724;2216;238;3044;3069;8.67;0.53;218.82;3.61;828;14;1014.00;25
2222;14;625290733;2222;242;3045;3069;8.59;0.53;218.89;3.61;823;14;1015.00;24
2225;14;625290749;2225;256;3050;3070;8.60;0.53;218.78;3.62;825;14;1016.00;20
2231;14;625290760;2231;261;3050;3071;8.49;0.52;219.11;3.62;819;14;1017.00;21
2237;14;625290770;2237;264;3055;3071;8.36;0.51;219.44;3.63;818;14;1018.00;16
2241;14;625290780;2241;267;3060;3072;8.21;0.50;219.46;3.64;819;14;1019.00;12
2245;14;625290792;2245;259;3063;3072;8.12;0.50;219.74;3.64;818;14;1020.00;9
2248;14;625290802;2248;259;3064;3072;8.01;0.49;219.79;3.65;816;14;1021.00;8
2251;14;625290813;2251;253;3065;3072;7.98;0.49;220.02;3.65;814;14;1022.00;7
2256;14;625290822;2256;250;3068;3076;7.96;0.49;220.20;3.65;812;14;1023.00;8
2260;14;625290834;2260;255;3070;3076;7.96;0.49;220.43;3.66;810;14;1024.00;6
2265;14;625290851;2265;257;3072;3076;7.97;0.49;220.52;3.67;807;14;1025.00;4
2269;14;625290870;2269;258;3075;3079;8.05;0.49;220.68;3.67;806;14;1026.00;4
2271;14;625290888;2271;247;3076;3079;8.09;0.49;220.86;3.67;805;14;1027.00;3
2277;14;625290903;2277;235;3078;3079;8.08;0.49;221.29;3.67;801;14;1028.00;1
2282;14;625290919;2282;224;3083;3083;8.08;0.49;221.52;3.67;801;14;1029.00;0
2284;14;625290938;2284;224;3084;3084;8.19;0.50;221.65;3.67;800;14;1030.00;0
2288;14;625290955;2288;224;3084;3084;8.23;0.50;222.07;3.67;796;14;1031.00;0
2289;14;625290969;2289;219;3088;3088;8.38;0.51;222.11;3.66;799;14;1032.00;0
2293;14;625290983;2293;214;3088;3088;8.46;0.52;222.43;3.66;795;14;1033.00;0
2296;14;625291007;2296;208;3088;3088;8.54;0.52;222.65;3.66;792;14;1034.00;0
2302;14;625291020;2302;205;3090;3090;8.57;0.53;222.86;3.66;788;14;1035.00;0
2308;14;625291032;2308;202;3090;3090;8.58;0.53;222.95;3.66;782;14;1036.00;0
2310;14;625291045;2310;200;3095;3096;8.67;0.53;223.06;3.66;785;14;1037.00;1
2312;14;625291058;2312;195;3095;3096;8.77;0.54;223.23;3.66;783;14;1038.00;1
2316;14;625291071;2316;194;3097;3097;8.80;0.54;223.26;3.66;781;14;1039.00;0
2320;14;625291089;2320;188;3097;3097;8.79;0.54;223.34;3.66;777;14;1040.00;0
2322;14;625291101;2322;192;3097;3097;8.80;0.54;223.43;3.66;775;14;1041.00;0
2325;14;625291113;2325;198;3097;3097;8.82;0.54;223.53;3.66;772;14;1042.00;0
2328;14;625291124;2328;198;3097;3097;8.89;0.54;223.51;3.66;769;14;1043.00;0
2333;14;625291136;2333;198;3108;3109;9.07;0.55;223.57;3.64;775;14;1044.00;1
2336;14;625291149;2336;199;3109;3109;9.15;0.56;223.65;3.64;773;14;1045.00;0
2341;15;625291167;2341;196;3109;3109;9.21;0.56;223.87;3.64;768;15;1046.00;0
2345;15;625291193;2345;195;3109;3109;9.36;0.57;223.93;3.64;764;15;1047.00;0
2348;15;625291210;2348;198;3109;3109;9.47;0.58;223.88;3.64;761;15;1048.00;0
2353;15;625291223;2353;198;3109;3109;9.58;0.58;224.03;3.64;756;15;1049.00;0
2359;15;625291237;2359;194;3114;3115;9.64;0.59;224.27;3.64;755;15;1050.00;1
2365;15;625291251;2365;190;3115;3115;9.61;0.58;224.86;3.64;750;15;1051.00;0
2371;15;625291264;2371;192;3118;3119;9.60;0.58;224.91;3.63;747;15;1052.00;1
2374;15;625291278;2374;196;3120;3120;9.61;0.58;224.98;3.63;746;15;1053.00;0
2379;15;625291290;2379;194;3120;3120;9.57;0.58;225.04;3.63;741;15;1054.00;0
2385;15;625291305;2385;197;3120;3120;9.58;0.58;225.22;3.63;735;15;1055.00;0
2388;15;625291318;2388;192;3133;3133;9.58;0.58;225.34;3.62;745;15;1056.00;0
2392;15;625291330;2392;188;3133;3133;9.62;0.59;225.38;3.62;741;15;1057.00;0
2397;15;625291343;2397;185;3133;3133;9.63;0.59;225.45;3.62;736;15;1058.00;0
2399;15;625291355;2399;184;3134;3134;9.69;0.59;225.51;3.62;735;15;1059.00;0
2404;15;625291368;2404;183;3135;3135;9.68;0.59;225.61;3.62;731;15;1060.00;0
2406;15;625291380;2406;189;3135;3135;9.70;0.59;225.54;3.62;729;15;1061.00;0
2408;15;625291392;2408;190;3137;3138;9.70;0.59;225.49;3.61;729;15;1062.00;1
2412;15;625291403;2412;192;3137;3138;9.65;0.59;225.52;3.61;725;15;1063.00;1
2414;15;625291416;2414;193;3138;3138;9.65;0.59;225.50;3.61;724;15;1064.00;0
2417;15;625291427;2417;195;3138;3138;9.56;0.58;225.61;3.61;721;15;1065.00;0
2421;15;625291439;2421;201;3143;3144;9.49;0.58;225.58;3.61;722;15;1066.00;1
2425;15;625291452;2425;195;3143;3144;9.38;0.57;225.67;3.61;718;15;1067.00;1
2428;15;625291464;2428;197;3144;3144;9.33;0.57;225.67;3.61;716;15;1068.00;0
2431;15;625291476;2431;197;3144;3144;9.22;0.56;225.83;3.61;713;15;1069.00;0
2433;15;625291488;2433;200;3148;3148;9.25;0.56;225.74;3.61;715;15;1070.00;0
2438;15;625291500;2438;191;3149;3149;9.26;0.56;225.80;3.60;711;15;1071.00;0
2441;15;625291511;2441;193;3149;3149;9.29;0.57;226.07;3.60;708;15;1072.00;0
2444;15;625291523;2444;194;3150;3150;9.32;0.57;226.21;3.60;706;15;1073.00;0
2446;15;625291534;2446;195;3150;3150;9.33;0.57;226.45;3.60;704;15;1074.00;0
2451;15;625291545;2451;195;3150;3150;9.38;0.57;226.27;3.60;699;15;1075.00;0
2452;16;625291556;2452;182;3150;3150;9.39;0.57;226.37;3.60;698;16;1076.00;0
2459;16;625291587;2459;175;3150;3150;9.35;0.57;226.33;3.60;691;16;1077.00;0
2460;16;625291598;2460;172;3150;3150;9.39;0.57;226.34;3.60;690;16;1078.00;0
2465;16;625291615;2465;171;3150;3150;9.35;0.57;226.47;3.60;685;16;1079.00;0
2466;16;625291628;2466;202;3235;3275;9.17;0.56;226.44;3.51;769;16;1080.00;40
2467;16;625291650;2467;187;3238;3276;9.15;0.56;226.44;3.51;771;16;1081.00;38
2467;16;625291663;2467;172;3244;3276;9.25;0.57;226.44;3.50;777;16;1082.00;32
2470;16;625291673;2470;166;3248;3276;9.35;0.58;226.50;3.50;778;16;1083.00;28
2477;16;625291685;2477;163;3253;3276;9.37;0.58;226.68;3.50;776;16;1084.00;23
2477;16;625291697;2477;162;3257;3276;9.39;0.58;226.68;3.51;780;16;1085.00;19
2482;16;625291708;2482;163;3260;3276;9.34;0.57;226.66;3.51;778;16;1086.00;16
2485;16;625291720;2485;167;3261;3276;9.35;0.57;226.82;3.51;776;16;1087.00;15
2490;16;625291732;2490;167;3263;3277;9.27;0.57;226.78;3.51;773;16;1088.00;14
2493;16;625291744;2493;171;3265;3278;9.15;0.56;226.96;3.51;772;16;1089.00;13
2495;16;625291756;2495;177;3266;3278;9.09;0.56;227.00;3.51;771;16;1090.00;12
2497;16;625291768;2497;185;3271;3282;9.01;0.55;227.08;3.51;774;16;1091.00;11
2497;16;625291779;2497;191;3272;3282;8.94;0.55;227.08;3.51;775;16;1092.00;10
2499;16;625291791;2499;194;3273;3282;8.85;0.54;227.06;3.52;774;16;1093.00;9
2502;16;625291802;2502;192;3274;3282;8.76;0.54;227.01;3.52;772;16;1094.00;8
2504;16;625291814;2504;193;3278;3288;8.74;0.54;226.98;3.52;774;16;1095.00;10
2506;16;625291825;2506;198;3278;3288;8.76;0.54;227.04;3.52;772;16;1096.00;10
2507;16;625291837;2507;203;3279;3288;8.76;0.54;227.04;3.52;772;16;1097.00;9
2507;16;625291856;2507;205;3283;3291;8.77;0.54;227.04;3.52;776;16;1098.00;8
2508;16;625291867;2508;211;3283;3291;8.79;0.54;226.99;3.52;775;16;1099.00;8
2508;16;625291881;2508;219;3283;3291;8.82;0.54;226.99;3.52;775;16;1100.00;8
2513;16;625291895;2513;217;3284;3292;8.80;0.54;226.87;3.52;771;16;1101.00;8
2513;16;625291905;2513;227;3285;3293;8.73;0.54;226.87;3.52;772;16;1102.00;8
2514;16;625291915;2514;232;3285;3293;8.72;0.54;226.85;3.52;771;16;1103.00;8
2516;16;625291925;2516;233;3295;3306;8.62;0.53;226.74;3.51;779;16;1104.00;11
2519;16;625291936;2519;241;3295;3306;8.61;0.53;226.67;3.51;776;16;1105.00;11
2520;16;625291946;2520;251;3295;3306;8.59;0.53;226.61;3.51;775;16;1106.00;11
2521;16;625291960;2521;255;3296;3307;8.66;0.53;226.60;3.50;775;16;1107.00;11
2523;16;625291970;2523;262;3296;3307;8.71;0.54;226.58;3.50;773;16;1108.00;11
2524;16;625291980;2524;263;3299;3311;8.72;0.54;226.59;3.50;775;16;1109.00;12
2526;16;625291991;2526;257;3299;3311;8.75;0.54;226.49;3.50;773;16;1110.00;12
2528;16;625292001;2528;256;3303;3315;8.71;0.54;226.38;3.50;775;16;1111.00;12
2533;16;625292011;2533;262;3303;3315;8.66;0.53;226.40;3.50;770;16;1112.00;12
2537;16;625292021;2537;257;3303;3315;8.64;0.53;226.27;3.50;766;16;1113.00;12
2544;16;625292030;2544;255;3304;3315;8.57;0.52;226.32;3.51;760;16;1114.00;11
2545;16;625292040;2545;251;3304;3315;8.53;0.52;226.24;3.51;759;16;1115.00;11
2551;16;625292049;2551;252;3315;3327;8.41;0.51;226.05;3.51;764;16;1116.00;12
2557;16;625292059;2557;250;3315;3327;8.26;0.50;226.06;3.51;758;16;1117.00;12
2560;16;625292068;2560;249;3317;3327;8.18;0.50;226.07;3.52;757;16;1118.00;10
2560;16;625292078;2560;246;3317;3327;8.16;0.50;226.07;3.52;757;16;1119.00;10
2563;16;625292086;2563;248;3317;3327;8.14;0.50;226.09;3.52;754;16;1120.00;10
2564;16;625292095;2564;243;3317;3327;8.10;0.49;226.07;3.52;753;16;1121.00;10
2566;16;625292103;2566;242;3318;3328;8.07;0.49;226.05;3.53;752;16;1122.00;10
2569;16;625292112;2569;233;3319;3328;7.97;0.49;226.00;3.53;750;16;1123.00;9
2569;16;625292120;2569;229;3323;3334;7.97;0.49;226.00;3.53;754;16;1124.00;11
2569;16;625292129;2569;228;3328;3336;7.99;0.49;226.00;3.56;759;16;1125.00;8
2571;16;625292139;2571;233;3329;3336;8.03;0.49;225.97;3.56;758;16;1126.00;7
2572;16;625292147;2572;233;3329;3336;8.07;0.49;225.98;3.56;757;16;1127.00;7
2574;16;625292155;2574;229;3333;3340;8.10;0.49;225.96;3.57;759;16;1128.00;7
2577;16;625292164;2577;225;3333;3340;8.11;0.49;225.90;3.57;756;16;1129.00;7
2578;16;625292173;2578;225;3333;3340;8.18;0.50;225.89;3.57;755;16;1130.00;7
2580;16;625292182;2580;213;3334;3341;8.30;0.50;225.79;3.56;754;16;1131.00;7
2581;16;625292191;2581;204;3338;3345;8.37;0.51;225.79;3.58;757;16;1132.00;7
2583;16;625292200;2583;200;3338;3345;8.45;0.51;225.67;3.58;755;16;1133.00;7
2585;16;625292209;2585;190;3340;3348;8.48;0.51;225.56;3.57;755;16;1134.00;8
2585;16;625292220;2585;185;3341;3348;8.61;0.52;225.56;3.57;756;16;1135.00;7
2586;16;625292229;2586;181;3341;3348;8.71;0.53;225.62;3.57;755;16;1136.00;7
2588;16;625292238;2588;175;3341;3348;8.77;0.53;225.60;3.57;753;16;1137.00;7
2593;16;625292248;2593;171;3344;3352;8.85;0.53;225.49;3.57;751;16;1138.00;8
2595;16;625292258;2595;166;3344;3352;8.91;0.54;225.39;3.57;749;16;1139.00;8
2596;16;625292270;2596;165;3345;3352;9.05;0.55;225.38;3.57;749;16;1140.00;7
2596;16;625292279;2596;160;3345;3352;9.17;0.55;225.38;3.57;749;16;1141.00;7
2597;16;625292289;2597;154;3345;3353;9.25;0.56;225.37;3.57;748;16;1142.00;8
2598;16;625292304;2598;157;3346;3354;9.33;0.56;225.32;3.57;748;16;1143.00;8
2599;16;625292314;2599;162;3346;3354;9.39;0.57;225.29;3.57;747;16;1144.00;8
2599;16;625292324;2599;161;3347;3355;9.53;0.58;225.29;3.57;748;16;1145.00;8
2600;16;625292333;2600;160;3347;3355;9.59;0.58;225.30;3.57;747;16;1146.00;8
2600;16;625292344;2600;163;3347;3355;9.71;0.59;225.30;3.57;747;16;1147.00;8
2601;16;625292354;2601;164;3347;3355;9.76;0.59;225.27;3.57;746;16;1148.00;8
2602;16;625292364;2602;168;3349;3355;9.75;0.59;225.24;3.59;747;16;1149.00;6
2602;16;625292374;2602;171;3349;3355;9.79;0.60;225.24;3.59;747;16;1150.00;6
2603;16;625292384;2603;169;3349;3355;9.82;0.60;225.25;3.59;746;16;1151.00;6
2605;16;625292394;2605;186;3417;3482;9.70;0.60;225.40;3.54;812;16;1152.00;65
2607;16;625292414;2607;176;3418;3483;9.76;0.60;225.39;3.54;811;16;1153.00;65
2608;16;625292425;2608;180;3426;3483;9.86;0.61;225.36;3.54;818;16;1154.00;57
2610;16;625292436;2610;176;3434;3483;9.85;0.61;225.39;3.54;824;16;1155.00;49
2612;16;625292446;2612;176;3441;3483;9.87;0.61;225.46;3.55;829;16;1156.00;42
2614;16;625292457;2614;180;3444;3483;9.86;0.61;225.62;3.55;830;16;1157.00;39
2616;16;625292467;2616;178;3448;3483;9.88;0.61;225.58;3.56;832;16;1158.00;35
2622;16;625292478;2622;183;3452;3483;9.89;0.61;225.73;3.56;830;16;1159.00;31
2624;16;625292488;2624;190;3455;3484;9.86;0.61;225.81;3.57;831;16;1160.00;29
2627;16;625292499;2627;191;3461;3485;9.86;0.61;225.72;3.58;834;16;1161.00;24
2629;16;625292510;2629;194;3464;3485;9.82;0.60;225.97;3.59;835;16;1162.00;21
2631;16;625292521;2631;197;3468;3486;9.78;0.60;225.94;3.60;837;16;1163.00;18
2633;16;625292532;2633;206;3471;3486;9.62;0.59;226.02;3.60;838;16;1164.00;15
2638;16;625292542;2638;214;3473;3486;9.41;0.58;226.13;3.61;835;16;1165.00;13
2640;16;625292553;2640;219;3478;3486;9.26;0.57;226.22;3.62;838;16;1166.00;8
2646;16;625292563;2646;230;3482;3490;9.05;0.55;226.32;3.63;836;16;1167.00;8
2647;16;625292574;2647;232;3487;3490;8.87;0.54;226.30;3.64;840;16;1168.00;3
2650;16;625292585;2650;242;3487;3490;8.69;0.53;226.50;3.64;837;16;1169.00;3
2650;16;625292597;2650;248;3491;3496;8.57;0.53;226.50;3.64;841;16;1170.00;5
2652;16;625292613;2652;247;3491;3496;8.48;0.52;226.72;3.64;839;16;1171.00;5
2654;16;625292628;2654;257;3492;3496;8.43;0.52;226.68;3.64;838;16;1172.00;4
2656;16;625292639;2656;258;3496;3500;8.33;0.51;226.85;3.64;840;16;1173.00;4
2657;16;625292650;2657;260;3498;3501;8.33;0.51;226.77;3.64;841;16;1174.00;3
2659;16;625292661;2659;258;3499;3501;8.37;0.51;227.00;3.64;840;16;1175.00;2
2664;16;625292678;2664;260;3503;3505;8.37;0.51;227.15;3.64;839;16;1176.00;2
2665;16;625292689;2665;259;3504;3505;8.37;0.51;227.10;3.64;839;16;1177.00;1
2667;16;625292699;2667;260;3504;3505;8.37;0.51;227.33;3.64;837;16;1178.00;1
2670;16;625292710;2670;256;3506;3506;8.43;0.51;227.50;3.64;836;16;1179.00;0
2670;16;625292721;2670;262;3506;3506;8.46;0.52;227.50;3.64;836;16;1180.00;0
2674;16;625292731;2674;260;3511;3512;8.46;0.52;227.66;3.63;837;16;1181.00;1
2679;16;625292743;2679;264;3511;3512;8.37;0.51;227.95;3.63;832;16;1182.00;1
2683;16;625292753;2683;263;3513;3513;8.34;0.51;228.08;3.63;830;16;1183.00;0
2684;16;625292764;2684;263;3513;3513;8.36;0.51;228.20;3.63;829;16;1184.00;0
2690;16;625292773;2690;268;3513;3513;8.25;0.50;228.13;3.63;823;16;1185.00;0
2694;16;625292789;2694;262;3513;3513;8.21;0.50;228.24;3.63;819;16;1186.00;0
2696;16;625292799;2696;266;3513;3513;8.16;0.50;228.23;3.63;817;16;1187.00;0
2701;16;625292809;2701;264;3523;3525;8.13;0.50;228.51;3.62;822;16;1188.00;2
2704;16;625292821;2704;267;3523;3525;8.09;0.50;228.48;3.62;819;16;1189.00;2
2710;16;625292831;2710;251;3525;3525;8.02;0.49;228.76;3.62;815;16;1190.00;0
2715;16;625292845;2715;246;3525;3525;7.96;0.49;229.07;3.62;810;16;1191.00;0
2718;16;625292860;2718;240;3525;3525;7.98;0.49;229.20;3.62;807;16;1192.00;0
2721;16;625292875;2721;240;3525;3525;7.98;0.49;229.41;3.62;804;16;1193.00;0
2725;16;625292896;2725;240;3529;3529;7.94;0.49;229.62;3.62;804;16;1194.00;0
2730;16;625292913;2730;238;3529;3529;7.93;0.48;229.74;3.62;799;16;1195.00;0
2733;16;625292930;2733;244;3532;3533;8.01;0.49;229.94;3.62;799;16;1196.00;1
2739;16;625292947;2739;241;3533;3534;8.03;0.49;230.19;3.61;794;16;1197.00;1
2743;16;625292960;2743;235;3534;3534;8.03;0.49;230.38;3.61;791;16;1198.00;0
2747;16;625292972;2747;226;3534;3534;8.02;0.49;230.53;3.61;787;16;1199.00;0
2750;16;625292986;2750;230;3557;3575;8.00;0.49;230.72;3.59;807;16;1200.00;18
2754;16;625293007;2754;230;3559;3575;8.03;0.49;230.80;3.59;805;16;1201.00;16
2759;16;625293020;2759;227;3562;3575;8.03;0.49;230.85;3.59;803;16;1202.00;13
2762;16;625293031;2762;220;3565;3576;8.11;0.49;230.90;3.59;803;16;1203.00;11
2765;16;625293044;2765;219;3568;3577;8.15;0.50;230.94;3.59;803;16;1204.00;9
2770;16;625293055;2770;213;3569;3577;8.24;0.50;231.02;3.59;799;16;1205.00;8
2774;16;625293067;2774;208;3571;3580;8.46;0.51;230.91;3.59;797;16;1206.00;9
2780;16;625293079;2780;202;3571;3580;8.58;0.52;230.94;3.59;791;16;1207.00;9
2782;16;625293092;2782;200;3573;3580;8.63;0.53;230.86;3.59;791;16;1208.00;7
2786;16;625293103;2786;194;3573;3580;8.65;0.53;231.16;3.59;787;16;1209.00;7
2788;16;625293114;2788;196;3578;3586;8.67;0.53;231.22;3.59;790;16;1210.00;8
2792;16;625293126;2792;194;3580;3586;8.70;0.53;231.38;3.59;788;16;1211.00;6
2798;16;625293137;2798;195;3581;3586;8.63;0.53;231.69;3.59;783;16;1212.00;5
2803;16;625293156;2803;189;3581;3586;8.66;0.53;231.74;3.59;778;16;1213.00;5
2807;16;625293168;2807;190;3585;3590;8.72;0.53;231.65;3.58;778;16;1214.00;5
2811;16;625293180;2811;186;3587;3592;8.79;0.54;231.81;3.58;776;16;1215.00;5
2813;16;625293192;2813;191;3588;3592;8.83;0.54;231.91;3.59;775;16;1216.00;4
2816;16;625293204;2816;195;3589;3593;8.92;0.55;232.07;3.58;773;16;1217.00;4
2821;16;625293216;2821;195;3590;3593;8.95;0.55;232.24;3.59;769;16;1218.00;3
2825;16;625293228;2825;195;3590;3593;8.96;0.55;232.45;3.59;765;16;1219.00;3
2830;16;625293240;2830;194;3590;3593;9.00;0.55;232.45;3.59;760;16;1220.00;3
2835;16;625293252;2835;196;3591;3593;8.98;0.55;232.60;3.59;756;16;1221.00;2
2839;16;625293264;2839;193;3591;3593;8.95;0.55;232.64;3.59;752;16;1222.00;2
2847;16;625293276;2847;198;3591;3593;8.88;0.54;232.78;3.59;744;16;1223.00;2
2852;16;625293288;2852;212;3630;3663;8.70;0.54;232.81;3.55;778;16;1224.00;33
2857;16;625293306;2857;210;3630;3664;8.63;0.53;232.90;3.55;773;16;1225.00;34
2861;16;625293318;2861;208;3634;3664;8.63;0.53;232.94;3.55;773;16;1226.00;30
2868;16;625293330;2868;212;3640;3664;8.58;0.53;232.88;3.56;772;16;1227.00;24
2872;16;625293348;2872;212;3643;3666;8.63;0.53;232.89;3.56;771;16;1228.00;23
2878;16;625293359;2878;219;3645;3666;8.63;0.53;233.22;3.56;767;16;1229.00;21
2880;16;625293373;2880;222;3647;3666;8.68;0.53;233.28;3.56;767;16;1230.00;19
2884;16;625293384;2884;225;3650;3666;8.68;0.53;233.37;3.56;766;16;1231.00;16
2887;16;625293397;2887;235;3655;3667;8.65;0.53;233.28;3.57;768;16;1232.00;12
2890;16;625293415;2890;239;3659;3668;8.57;0.52;233.28;3.58;769;16;1233.00;9
2892;16;625293432;2892;246;3662;3668;8.44;0.52;233.55;3.59;770;16;1234.00;6
2895;16;625293444;2895;253;3668;3672;8.34;0.51;233.57;3.59;773;16;1235.00;4
2896;16;625293456;2896;266;3670;3672;8.23;0.50;233.68;3.59;774;16;1236.00;2
2900;16;625293468;2900;259;3670;3672;8.17;0.50;233.71;3.59;770;16;1237.00;2
2902;16;625293480;2902;256;3672;3672;8.15;0.50;233.84;3.59;770;16;1238.00;0
2906;16;625293498;2906;255;3678;3678;8.17;0.50;234.03;3.59;772;16;1239.00;0
2909;16;625293510;2909;258;3678;3678;8.16;0.50;234.01;3.59;769;16;1240.00;0
2912;16;625293522;2912;261;3678;3678;8.23;0.50;233.94;3.59;766;16;1241.00;0
2913;16;625293533;2913;259;3681;3681;8.35;0.51;233.98;3.59;768;16;1242.00;0
2915;16;625293545;2915;259;3681;3681;8.36;0.51;234.12;3.59;766;16;1243.00;0
2921;16;625293555;2921;262;3681;3681;8.32;0.51;234.05;3.59;760;16;1244.00;0
2924;16;625293567;2924;268;3682;3682;8.33;0.51;234.08;3.59;758;16;1245.00;0
2925;16;625293578;2925;255;3683;3683;8.37;0.51;234.09;3.58;758;16;1246.00;0
2929;16;625293589;2929;246;3683;3683;8.30;0.51;233.99;3.58;754;16;1247.00;0
2931;16;625293601;2931;233;3696;3696;8.43;0.51;233.98;3.57;765;16;1248.00;0
2932;16;625293619;2932;231;3696;3696;8.47;0.52;233.97;3.57;764;16;1249.00;0
2935;17;625293631;2935;232;3696;3696;8.45;0.52;233.87;3.57;761;17;1250.00;0
2938;17;625293653;2938;237;3697;3697;8.43;0.51;233.90;3.57;759;17;1251.00;0
2939;17;625293665;2939;231;3697;3697;8.41;0.51;234.00;3.57;758;17;1252.00;0
2940;17;625293677;2940;235;3700;3701;8.39;0.51;234.05;3.57;760;17;1253.00;1
2942;17;625293688;2942;239;3700;3701;8.44;0.52;234.06;3.57;758;17;1254.00;1
2945;17;625293699;2945;235;3705;3705;8.44;0.52;234.07;3.57;760;17;1255.00;0
2949;17;625293710;2949;235;3705;3705;8.42;0.51;233.98;3.57;756;17;1256.00;0
2951;17;625293722;2951;225;3705;3705;8.40;0.51;233.94;3.57;754;17;1257.00;0
2951;17;625293732;2951;229;3705;3705;8.40;0.51;233.94;3.57;754;17;1258.00;0
2953;17;625293743;2953;229;3705;3705;8.41;0.51;233.94;3.57;752;17;1259.00;0
2955;17;625293755;2955;231;3731;3739;8.37;0.51;233.89;3.54;776;17;1260.00;8
2957;17;625293769;2957;229;3731;3739;8.38;0.51;233.80;3.54;774;17;1261.00;8
2960;17;625293780;2960;226;3732;3739;8.41;0.52;233.69;3.54;772;17;1262.00;7
2962;17;625293791;2962;229;3732;3739;8.44;0.52;233.65;3.54;770;17;1263.00;7
2964;17;625293801;2964;229;3733;3739;8.47;0.52;233.59;3.54;769;17;1264.00;6
2969;17;625293812;2969;233;3733;3739;8.44;0.52;233.54;3.54;764;17;1265.00;6
2972;17;625293836;2972;236;3734;3740;8.44;0.52;233.50;3.54;762;17;1266.00;6
2975;17;625293850;2975;238;3734;3740;8.47;0.52;233.41;3.54;759;17;1267.00;6
2976;17;625293867;2976;240;3738;3746;8.41;0.52;233.39;3.54;762;17;1268.00;8
2978;17;625293878;2978;247;3739;3747;8.42;0.51;233.36;3.54;761;17;1269.00;8
2981;17;625293889;2981;253;3740;3747;8.39;0.51;233.25;3.54;759;17;1270.00;7
2984;17;625293899;2984;254;3740;3747;8.34;0.51;233.18;3.54;756;17;1271.00;7
2986;17;625293908;2986;259;3743;3751;8.31;0.51;233.35;3.54;757;17;1272.00;8
2987;17;625293917;2987;260;3743;3751;8.24;0.50;233.29;3.54;756;17;1273.00;8
2988;17;625293927;2988;264;3743;3751;8.16;0.50;233.24;3.54;755;17;1274.00;8
2990;17;625293937;2990;270;3744;3752;8.05;0.49;233.35;3.54;754;17;1275.00;8
2992;17;625293947;2992;281;3747;3756;7.96;0.49;233.32;3.54;755;17;1276.00;9
2994;17;625293957;2994;282;3747;3756;7.92;0.48;233.47;3.54;753;17;1277.00;9
2998;17;625293969;2998;288;3749;3759;7.91;0.48;233.45;3.53;751;17;1278.00;10
2998;17;625293979;2998;297;3749;3759;7.83;0.48;233.45;3.53;751;17;1279.00;10
2999;17;625293988;2999;290;3750;3759;7.82;0.48;233.46;3.53;751;17;1280.00;9
3001;17;625293997;3001;289;3750;3759;7.72;0.47;233.54;3.53;749;17;1281.00;9
3001;17;625294007;3001;286;3753;3763;7.69;0.47;233.54;3.53;752;17;1282.00;10
3002;17;625294016;3002;272;3753;3763;7.70;0.47;233.53;3.53;751;17;1283.00;10
3002;17;625294027;3002;264;3754;3763;7.76;0.47;233.53;3.53;752;17;1284.00;9
3002;17;625294037;3002;250;3754;3763;7.86;0.48;233.53;3.53;752;17;1285.00;9
3003;17;625294046;3003;241;3754;3764;7.90;0.48;233.51;3.53;751;17;1286.00;10
3004;17;625294055;3004;232;3755;3765;7.92;0.48;233.49;3.53;751;17;1287.00;10
3005;17;625294064;3005;223;3755;3765;7.94;0.48;233.50;3.53;750;17;1288.00;10
3008;17;625294073;3008;217;3756;3766;7.94;0.48;233.55;3.53;748;17;1289.00;10
3011;17;625294095;3011;209;3756;3766;7.94;0.48;233.61;3.53;745;17;1290.00;10
3013;17;625294104;3013;206;3756;3766;7.97;0.49;233.55;3.53;743;17;1291.00;10
3018;17;625294113;3018;186;3756;3766;8.02;0.49;233.48;3.53;738;17;1292.00;10
3021;17;625294122;3021;184;3756;3766;8.06;0.49;233.41;3.53;735;17;1293.00;10
3022;17;625294131;3022;170;3757;3766;8.14;0.49;233.41;3.54;735;17;1294.00;9
3025;17;625294140;3025;162;3757;3766;8.27;0.50;233.46;3.54;732;17;1295.00;9
3026;17;625294149;3026;178;3822;3893;8.37;0.52;233.44;3.49;796;17;1296.00;71
3028;17;625294167;3028;162;3822;3894;8.42;0.52;233.34;3.49;794;17;1297.00;72
3030;17;625294178;3030;150;3828;3894;8.63;0.53;233.37;3.48;798;17;1298.00;66
3033;17;625294187;3033;148;3832;3894;8.77;0.54;233.31;3.48;799;17;1299.00;62
3034;17;625294197;3034;145;3836;3894;8.91;0.55;233.29;3.48;802;17;1300.00;58
3035;17;625294211;3035;140;3839;3894;8.95;0.55;233.26;3.49;804;17;1301.00;55
3036;17;625294221;3036;134;3842;3894;9.11;0.56;233.27;3.49;806;17;1302.00;52
3038;17;625294231;3038;131;3844;3894;9.21;0.56;233.24;3.50;806;17;1303.00;50
3041;17;625294246;3041;133;3847;3895;9.31;0.57;233.26;3.50;806;17;1304.00;48
3043;17;625294257;3043;133;3850;3897;9.36;0.57;233.34;3.50;807;17;1305.00;47
3046;17;625294268;3046;131;3853;3897;9.41;0.57;233.36;3.52;807;17;1306.00;44
3048;17;625294278;3048;135;3859;3898;9.46;0.58;233.38;3.54;811;17;1307.00;39
3051;17;625294289;3051;131;3860;3898;9.46;0.58;233.26;3.54;809;17;1308.00;38
3053;17;625294299;3053;137;3865;3898;9.48;0.58;233.22;3.56;812;17;1309.00;33
3055;17;625294310;3055;139;3867;3898;9.50;0.58;233.32;3.57;812;17;1310.00;31
3059;17;625294322;3059;141;3869;3902;9.50;0.58;233.28;3.57;810;17;1311.00;33
3064;17;625294333;3064;141;3875;3902;9.52;0.58;233.33;3.59;811;17;1312.00;27
3069;17;625294345;3069;142;3878;3902;9.46;0.57;233.46;3.60;809;17;1313.00;24
3071;17;625294355;3071;147;3882;3905;9.45;0.57;233.55;3.61;811;17;1314.00;23
3075;17;625294373;3075;151;3886;3905;9.44;0.57;233.60;3.61;811;17;1315.00;19
3078;17;625294390;3078;155;3889;3905;9.39;0.57;233.79;3.63;811;17;1316.00;16
3080;17;625294401;3080;161;3894;3909;9.30;0.56;233.81;3.63;814;17;1317.00;15
3082;17;625294413;3082;160;3896;3910;9.31;0.56;233.88;3.63;814;17;1318.00;14
3085;17;625294424;3085;167;3898;3910;9.37;0.57;234.00;3.64;813;17;1319.00;12
3088;17;625294436;3088;168;3903;3915;9.46;0.57;234.08;3.65;815;17;1320.00;12
3091;17;625294448;3091;169;3903;3915;9.50;0.58;234.09;3.65;812;17;1321.00;12
3092;17;625294459;3092;172;3904;3915;9.51;0.58;234.16;3.65;812;17;1322.00;11
3095;17;625294470;3095;174;3907;3916;9.54;0.58;234.26;3.67;812;17;1323.00;9
3098;17;625294481;3098;177;3907;3916;9.58;0.58;234.34;3.67;809;17;1324.00;9
3101;17;625294492;3101;179;3911;3922;9.60;0.58;234.59;3.67;810;17;1325.00;11
3103;17;625294504;3103;182;3913;3922;9.65;0.59;234.66;3.68;810;17;1326.00;9
3106;17;625294521;3106;181;3914;3923;9.64;0.59;234.84;3.68;808;17;1327.00;9
3110;17;625294532;3110;180;3915;3923;9.56;0.58;234.81;3.68;805;17;1328.00;8
3112;17;625294544;3112;184;3915;3923;9.50;0.58;234.82;3.68;803;17;1329.00;8
3115;17;625294561;3115;184;3916;3923;9.48;0.57;234.87;3.69;801;17;1330.00;7
3116;17;625294572;3116;186;3918;3923;9.39;0.57;234.93;3.71;802;17;1331.00;5
3119;17;625294582;3119;192;3928;3935;9.36;0.57;235.03;3.70;809;17;1332.00;7
3122;17;625294594;3122;194;3930;3935;9.27;0.56;235.14;3.71;808;17;1333.00;5
3122;17;625294611;3122;197;3931;3935;9.27;0.56;235.14;3.71;809;17;1334.00;4
3125;17;625294623;3125;198;3932;3935;9.14;0.56;235.16;3.72;807;17;1335.00;3
3125;17;625294633;3125;201;3933;3935;9.09;0.55;235.16;3.72;808;17;1336.00;2
3127;17;625294644;3127;204;3935;3935;8.97;0.55;235.30;3.72;808;17;1337.00;0
3130;17;625294654;3130;209;3938;3939;8.83;0.54;235.44;3.72;808;17;1338.00;1
3130;17;625294665;3130;202;3939;3939;8.81;0.54;235.44;3.72;809;17;1339.00;0
3132;17;625294675;3132;200;3942;3943;8.81;0.54;235.54;3.72;810;17;1340.00;1
3136;17;625294686;3136;202;3943;3944;8.83;0.54;235.66;3.71;807;17;1341.00;1
3137;17;625294697;3137;203;3944;3944;8.79;0.54;235.64;3.71;807;17;1342.00;0
3140;17;625294707;3140;205;3944;3944;8.70;0.53;235.73;3.71;804;17;1343.00;0
3144;17;625294717;3144;208;3956;3957;8.59;0.52;235.73;3.70;812;17;1344.00;1
3145;17;625294731;3145;209;3956;3957;8.54;0.52;235.85;3.70;811;17;1345.00;1
3147;17;625294741;3147;212;3957;3957;8.59;0.53;235.93;3.70;810;17;1346.00;0
3150;17;625294752;3150;219;3958;3958;8.62;0.53;236.05;3.70;808;17;1347.00;0
3153;17;625294762;3153;227;3959;3959;8.72;0.53;236.10;3.70;806;17;1348.00;0
3154;17;625294773;3154;232;3959;3959;8.79;0.54;236.11;3.70;805;17;1349.00;0
3157;17;625294784;3157;231;3962;3968;8.80;0.54;236.07;3.70;805;17;1350.00;6
3161;17;625294795;3161;235;3963;3968;8.76;0.54;236.25;3.70;802;17;1351.00;5
3165;17;625294805;3165;230;3964;3968;8.78;0.54;236.35;3.70;799;17;1352.00;4
3170;17;625294815;3170;235;3964;3968;8.70;0.53;236.48;3.70;794;17;1353.00;4
3174;17;625294825;3174;236;3969;3974;8.71;0.53;236.54;3.70;795;17;1354.00;5
3177;17;625294836;3177;236;3970;3974;8.70;0.53;236.61;3.70;793;17;1355.00;4
3183;17;625294850;3183;234;3970;3974;8.54;0.52;236.94;3.70;787;17;1356.00;4
3185;17;625294865;3185;237;3972;3974;8.42;0.52;237.02;3.70;787;17;1357.00;2
3188;17;625294880;3188;243;3976;3978;8.26;0.51;237.20;3.69;788;17;1358.00;2
3191;17;625294901;3191;244;3978;3979;8.16;0.50;237.34;3.69;787;17;1359.00;1
3197;17;625294917;3197;234;3978;3979;8.07;0.50;237.33;3.69;781;17;1360.00;1
3201;17;625294931;3201;228;3979;3980;8.03;0.49;237.48;3.69;778;17;1361.00;1
3204;17;625294946;3204;223;3979;3980;8.04;0.50;237.52;3.69;775;17;1362.00;1
3210;17;625294960;3210;215;3979;3980;8.02;0.49;237.59;3.69;769;17;1363.00;1
3218;17;625294972;3218;212;3979;3980;7.99;0.49;237.65;3.69;761;17;1364.00;1
3221;17;625294983;3221;210;3979;3980;8.01;0.49;237.73;3.69;758;17;1365.00;1
3225;17;625294994;3225;204;3979;3980;8.00;0.49;237.65;3.69;754;17;1366.00;1
3231;17;625295012;3231;202;3979;3980;7.99;0.49;237.88;3.69;748;17;1367.00;1
3234;17;625295023;3234;202;4022;4050;8.15;0.50;238.05;3.65;788;17;1368.00;28
3239;17;625295041;3239;201;4027;4051;8.20;0.50;238.19;3.65;788;17;1369.00;24
3241;17;625295053;3241;200;4034;4051;8.40;0.51;238.19;3.65;793;17;1370.00;17
3244;17;625295064;3244;200;4037;4051;8.52;0.52;238.26;3.65;793;17;1371.00;14
3245;17;625295075;3245;199;4042;4051;8.71;0.53;238.24;3.65;797;17;1372.00;9
3249;17;625295086;3249;207;4044;4051;8.76;0.54;238.43;3.65;795;17;1373.00;7
3255;17;625295097;3255;206;4047;4051;8.76;0.53;238.52;3.65;792;17;1374.00;4
3257;17;625295108;3257;209;4047;4051;8.76;0.53;238.45;3.65;790;17;1375.00;4
3262;17;625295119;3262;210;4049;4052;8.72;0.53;238.61;3.65;787;17;1376.00;3
3264;17;625295129;3264;216;4050;4053;8.78;0.54;238.62;3.65;786;17;1377.00;3
3267;17;625295141;3267;217;4051;4053;8.85;0.54;238.59;3.65;784;17;1378.00;2
3274;17;625295152;3274;219;4054;4057;8.83;0.54;238.60;3.65;780;17;1379.00;3
3280;17;625295166;3280;223;4054;4057;8.83;0.54;238.75;3.65;774;17;1380.00;3
3281;17;625295176;3281;224;4054;4057;8.86;0.54;238.84;3.65;773;17;1381.00;3
3285;17;625295187;3285;226;4054;4057;8.85;0.54;238.91;3.65;769;17;1382.00;3
3294;17;625295198;3294;227;4059;4063;8.72;0.53;238.97;3.65;765;17;1383.00;4
3297;17;625295211;3297;224;4060;4063;8.65;0.53;238.97;3.65;763;17;1384.00;3
3303;17;625295222;3303;223;4061;4063;8.52;0.52;239.14;3.65;758;17;1385.00;2
3305;17;625295234;3305;223;4063;4066;8.49;0.52;239.32;3.64;758;17;1386.00;3
3309;17;625295244;3309;226;4064;4066;8.40;0.51;239.50;3.64;755;17;1387.00;2
3313;17;625295256;3313;235;4065;4066;8.32;0.51;239.66;3.65;752;17;1388.00;1
3315;17;625295266;3315;236;4065;4067;8.33;0.51;239.66;3.65;750;17;1389.00;2
3319;17;625295277;3319;235;4067;4068;8.32;0.51;239.56;3.66;748;17;1390.00;1
3326;17;625295289;3326;239;4068;4068;8.23;0.50;239.69;3.66;742;17;1391.00;0
3330;17;625295300;3330;241;4081;4081;8.26;0.50;239.73;3.64;751;17;1392.00;0
3338;17;625295312;3338;238;4081;4081;8.18;0.50;239.79;3.64;743;17;1393.00;0
3341;17;625295323;3341;242;4081;4081;8.15;0.50;239.70;3.64;740;17;1394.00;0
3344;17;625295334;3344;242;4083;4083;8.16;0.50;239.65;3.64;739;17;1395.00;0
3347;17;625295345;3347;251;4083;4083;8.17;0.50;239.63;3.64;736;17;1396.00;0
3349;17;625295356;3349;257;4086;4087;8.20;0.50;239.62;3.64;737;17;1397.00;1
3352;17;625295368;3352;261;4086;4087;8.18;0.50;239.55;3.64;734;17;1398.00;1
3354;17;625295379;3354;269;4091;4091;8.16;0.50;239.64;3.64;737;17;1399.00;0
3357;17;625295398;3357;281;4091;4091;8.07;0.49;239.66;3.64;734;17;1400.00;0
3359;17;625295412;3359;296;4091;4091;8.02;0.49;239.74;3.64;732;17;1401.00;0
3361;17;625295429;3361;292;4091;4091;7.95;0.49;239.70;3.64;730;17;1402.00;0
3362;17;625295441;3362;299;4091;4091;7.87;0.48;239.75;3.64;729;17;1403.00;0
3366;17;625295450;3366;302;4101;4103;7.92;0.49;239.61;3.63;735;17;1404.00;2
3368;17;625295462;3368;303;4101;4103;7.86;0.48;239.62;3.63;733;17;1405.00;2
3373;17;625295473;3373;313;4103;4103;7.77;0.47;239.58;3.63;730;17;1406.00;0
3375;18;625295484;3375;308;4103;4103;7.68;0.47;239.67;3.63;728;18;1407.00;0
3377;18;625295501;3377;306;4103;4103;7.57;0.46;239.64;3.63;726;18;1408.00;0
3379;18;625295511;3379;307;4103;4103;7.59;0.46;239.82;3.63;724;18;1409.00;0
3381;18;625295528;3381;308;4104;4104;7.62;0.47;239.85;3.63;723;18;1410.00;0
3386;18;625295538;3386;311;4104;4104;7.63;0.47;239.87;3.63;718;18;1411.00;0
3391;18;625295548;3391;312;4109;4110;7.53;0.46;239.67;3.62;718;18;1412.00;1
3393;18;625295559;3393;316;4110;4111;7.51;0.46;239.72;3.62;717;18;1413.00;1
3398;18;625295569;3398;319;4111;4111;7.49;0.46;239.57;3.62;713;18;1414.00;0
3400;18;625295580;3400;318;4111;4111;7.43;0.45;239.49;3.62;711;18;1415.00;0
3404;18;625295590;3404;306;4115;4115;7.49;0.46;239.43;3.62;711;18;1416.00;0
3406;18;625295602;3406;292;4115;4115;7.53;0.46;239.33;3.62;709;18;1417.00;0
3406;18;625295613;3406;285;4115;4115;7.60;0.47;239.33;3.62;709;18;1418.00;0
3407;18;625295622;3407;279;4116;4116;7.71;0.47;239.31;3.62;709;18;1419.00;0
3409;18;625295640;3409;282;4120;4120;7.70;0.47;239.23;3.62;711;18;1420.00;0
3411;18;625295650;3411;275;4120;4120;7.77;0.47;239.23;3.62;709;18;1421.00;0
3414;18;625295661;3414;267;4122;4123;7.88;0.48;239.16;3.61;708;18;1422.00;1
3414;18;625295672;3414;269;4122;4123;7.92;0.48;239.16;3.61;708;18;1423.00;1
3415;18;625295682;3415;266;4123;4123;7.97;0.49;239.14;3.61;708;18;1424.00;0
3416;18;625295692;3416;263;4123;4123;8.02;0.49;239.14;3.61;707;18;1425.00;0
3419;18;625295702;3419;259;4126;4127;8.09;0.49;239.05;3.61;707;18;1426.00;1
3419;18;625295713;3419;252;4126;4127;8.18;0.50;239.05;3.61;707;18;1427.00;1
3420;18;625295724;3420;249;4127;4127;8.22;0.50;239.05;3.61;707;18;1428.00;0
3421;18;625295734;3421;248;4127;4127;8.20;0.50;239.07;3.61;706;18;1429.00;0
3423;18;625295743;3423;243;4128;4128;8.13;0.50;239.07;3.61;705;18;1430.00;0
3424;18;625295753;3424;244;4129;4129;8.16;0.50;239.10;3.61;705;18;1431.00;0
3426;18;625295763;3426;247;4129;4129;8.13;0.50;239.03;3.61;703;18;1432.00;0
3428;19;625295773;3428;252;4130;4130;8.07;0.49;239.01;3.61;702;19;1433.00;0
3429;19;625295802;3429;253;4130;4130;8.03;0.49;238.97;3.61;701;19;1434.00;0
3430;19;625295813;3430;245;4130;4130;8.08;0.49;238.96;3.61;700;19;1435.00;0
3433;20;625295822;3433;240;4130;4130;8.14;0.50;238.89;3.61;697;20;1436.00;0
3435;20;625295845;3435;231;4130;4130;8.19;0.50;238.89;3.61;695;20;1437.00;0
3438;20;625295855;3438;226;4130;4130;8.31;0.51;238.90;3.61;692;20;1438.00;0
3440;20;625295864;3440;227;4130;4130;8.35;0.51;238.84;3.61;690;20;1439.00;0
3442;20;625295875;3442;272;4250;4360;8.26;0.52;238.83;3.51;808;20;1440.00;110
3443;20;625295905;3443;262;4259;4361;8.24;0.52;238.84;3.50;816;20;1441.00;102
3444;20;625295920;3444;244;4267;4361;8.43;0.53;238.82;3.50;823;20;1442.00;94
3446;21;625295931;3446;238;4272;4361;8.53;0.53;238.74;3.50;826;21;1443.00;89
3447;21;625295952;3447;235;4277;4361;8.57;0.54;238.72;3.50;830;21;1444.00;84
3449;22;625295963;3449;234;4280;4361;8.57;0.53;238.63;3.50;831;22;1445.00;81
3450;22;625295981;3450;235;4286;4361;8.57;0.53;238.67;3.50;836;22;1446.00;75
3453;22;625295997;3453;237;4288;4361;8.56;0.53;238.64;3.51;835;22;1447.00;73
3455;22;625296014;3455;236;4296;4362;8.60;0.53;238.63;3.51;841;22;1448.00;66
3457;22;625296030;3457;240;4299;4363;8.64;0.53;238.62;3.52;842;22;1449.00;64
3458;22;625296041;3458;236;4302;4363;8.67;0.54;238.60;3.52;844;22;1450.00;61
3458;22;625296051;3458;236;4307;4364;8.67;0.54;238.60;3.53;849;22;1451.00;57
3460;22;625296062;3460;238;4312;4364;8.65;0.54;238.64;3.54;852;22;1452.00;52
3463;22;625296072;3463;237;4313;4364;8.62;0.53;238.60;3.54;850;22;1453.00;51
3465;22;625296084;3465;238;4316;4364;8.64;0.53;238.59;3.55;851;22;1454.00;48
3467;22;625296099;3467;238;4319;4368;8.68;0.53;238.57;3.55;852;22;1455.00;49
3470;22;625296110;3470;240;4323;4368;8.70;0.54;238.60;3.56;853;22;1456.00;45
3471;22;625296120;3471;235;4323;4368;8.75;0.54;238.58;3.56;852;22;1457.00;45
3473;22;625296131;3473;239;4325;4371;8.73;0.54;238.56;3.57;852;22;1458.00;46
3475;22;625296142;3475;233;4325;4371;8.77;0.54;238.54;3.57;850;22;1459.00;46
3478;22;625296152;3478;234;4325;4371;8.81;0.54;238.47;3.57;847;22;1460.00;46
3481;22;625296163;3481;235;4330;4375;8.79;0.54;238.52;3.57;849;22;1461.00;45
3484;22;625296174;3484;224;4332;4376;8.80;0.54;238.56;3.58;848;22;1462.00;44
3487;22;625296185;3487;216;4334;4376;8.78;0.54;238.59;3.58;847;22;1463.00;42
3493;22;625296195;3493;210;4337;4380;8.91;0.54;238.61;3.59;844;22;1464.00;43
3497;22;625296206;3497;206;4339;4380;8.95;0.55;238.66;3.60;842;22;1465.00;41
3501;22;625296218;3501;206;4341;4380;8.95;0.55;238.70;3.61;840;22;1466.00;39
3503;22;625296228;3503;203;4342;4381;9.08;0.55;238.81;3.61;839;22;1467.00;39
3506;22;625296240;3506;203;4343;4381;9.15;0.56;238.82;3.61;837;22;1468.00;38
3508;22;625296252;3508;193;4348;4387;9.24;0.56;238.87;3.62;840;22;1469.00;39
3510;22;625296266;3510;186;4348;4387;9.26;0.56;239.02;3.62;838;22;1470.00;39
3512;22;625296277;3512;181;4350;4388;9.28;0.56;239.02;3.63;838;22;1471.00;38
3514;22;625296288;3514;175;4350;4388;9.33;0.57;239.06;3.63;836;22;1472.00;38
3518;22;625296299;3518;173;4351;4388;9.34;0.57;239.10;3.64;833;22;1473.00;37
3521;22;625296310;3521;168;4352;4388;9.39;0.57;239.12;3.64;831;22;1474.00;36
3523;22;625296322;3523;172;4353;4388;9.42;0.57;239.20;3.65;830;22;1475.00;35
3524;22;625296333;3524;172;4365;4400;9.48;0.58;239.21;3.65;841;22;1476.00;35
3525;22;625296345;3525;177;4365;4400;9.51;0.58;239.28;3.65;840;22;1477.00;35
3527;22;625296356;3527;178;4366;4400;9.58;0.58;239.31;3.65;839;22;1478.00;34
3530;22;625296368;3530;181;4367;4400;9.56;0.58;239.35;3.66;837;22;1479.00;33
3533;22;625296379;3533;181;4369;4400;9.55;0.58;239.45;3.66;836;22;1480.00;31
3537;22;625296392;3537;187;4370;4400;9.52;0.58;239.61;3.67;833;22;1481.00;30
3538;22;625296403;3538;192;4374;4404;9.53;0.58;239.64;3.67;836;22;1482.00;30
3542;22;625296414;3542;188;4374;4404;9.58;0.58;239.79;3.67;832;22;1483.00;30
3544;22;625296431;3544;188;4377;4408;9.65;0.59;239.88;3.67;833;22;1484.00;31
3546;22;625296443;3546;187;4380;4410;9.67;0.59;239.92;3.68;834;22;1485.00;30
3548;22;625296455;3548;189;4381;4410;9.74;0.59;240.02;3.68;833;22;1486.00;29
3550;23;625296467;3550;199;4382;4410;9.77;0.59;240.07;3.69;832;23;1487.00;28
3551;23;625296491;3551;203;4391;4423;9.82;0.60;240.18;3.68;840;23;1488.00;32
3554;23;625296511;3554;207;4392;4423;9.85;0.60;240.21;3.69;838;23;1489.00;31
3556;23;625296530;3556;211;4392;4423;9.82;0.60;240.34;3.69;836;23;1490.00;31
3560;23;625296551;3560;214;4396;4424;9.78;0.59;240.38;3.72;836;23;1491.00;28
3564;23;625296563;3564;217;4397;4425;9.79;0.59;240.41;3.73;833;23;1492.00;28
3566;23;625296575;3566;215;4399;4425;9.79;0.59;240.56;3.76;833;23;1493.00;26
3568;23;625296587;3568;214;4401;4428;9.83;0.60;240.53;3.75;833;23;1494.00;27
3571;23;625296600;3571;219;4403;4428;9.76;0.59;240.64;3.78;832;23;1495.00;25
3574;23;625296612;3574;223;4405;4428;9.74;0.59;240.61;3.79;831;23;1496.00;23
3577;23;625296624;3577;226;4406;4428;9.77;0.59;240.64;3.80;829;23;1497.00;22
3581;23;625296635;3581;228;4412;4434;9.76;0.59;240.57;3.82;831;23;1498.00;22
3583;23;625296647;3583;233;4413;4434;9.72;0.59;240.67;3.83;830;23;1499.00;21
3586;23;625296661;3586;236;4419;4453;9.67;0.59;240.66;3.85;833;23;1500.00;34
3588;23;625296680;3588;237;4421;4453;9.61;0.59;240.82;3.88;833;23;1501.00;32
3591;23;625296691;3591;244;4427;4457;9.54;0.58;240.85;3.90;836;23;1502.00;30
3593;23;625296704;3593;245;4428;4458;9.48;0.58;240.90;3.89;835;23;1503.00;30
3595;23;625296715;3595;253;4428;4458;9.37;0.57;241.03;3.89;833;23;1504.00;30
3599;23;625296726;3599;257;4431;4459;9.29;0.57;241.12;3.91;832;23;1505.00;28
3601;23;625296737;3601;258;4436;4459;9.20;0.56;241.15;3.96;835;23;1506.00;23
3602;23;625296748;3602;264;4438;4459;9.17;0.56;241.20;3.96;836;23;1507.00;21
3603;23;625296758;3603;269;4440;4459;9.13;0.56;241.27;3.98;837;23;1508.00;19
3605;23;625296769;3605;266;4442;4459;9.07;0.55;241.37;3.98;837;23;1509.00;17
3607;23;625296780;3607;254;4443;4459;9.00;0.55;241.43;3.98;836;23;1510.00;16
3611;24;625296791;3611;254;4445;4459;8.88;0.54;241.53;3.99;834;24;1511.00;14
3614;24;625296816;3614;256;4474;4529;8.78;0.54;241.51;3.97;860;24;1512.00;55
3618;24;625296838;3618;253;4477;4530;8.72;0.53;241.47;3.97;859;24;1513.00;53
3619;24;625296853;3619;249;4485;4530;8.72;0.53;241.47;3.97;866;24;1514.00;45
3624;24;625296870;3624;248;4488;4530;8.64;0.53;241.65;3.97;864;24;1515.00;42
3626;24;625296888;3626;252;4494;4530;8.64;0.53;241.64;3.97;868;24;1516.00;36
3629;24;625296905;3629;259;4497;4530;8.57;0.52;241.64;3.98;868;24;1517.00;33
3630;24;625296922;3630;265;4501;4530;8.61;0.52;241.61;3.98;871;24;1518.00;29
3632;24;625296938;3632;264;4502;4530;8.60;0.52;241.63;3.98;870;24;1519.00;28
3634;24;625296953;3634;271;4504;4531;8.57;0.52;241.63;3.98;870;24;1520.00;27
3638;24;625296967;3638;272;4507;4532;8.54;0.52;241.64;3.98;869;24;1521.00;25
3641;24;625296980;3641;274;4513;4532;8.47;0.52;241.53;4.00;872;24;1522.00;19
3644;24;625296992;3644;276;4519;4536;8.35;0.51;241.53;4.00;875;24;1523.00;17
3646;24;625297004;3646;283;4519;4536;8.31;0.51;241.60;4.00;873;24;1524.00;17
3650;24;625297016;3650;289;4519;4536;8.25;0.50;241.76;4.00;869;24;1525.00;17
3653;24;625297027;3653;293;4519;4536;8.17;0.50;241.69;4.00;866;24;1526.00;17
3654;24;625297039;3654;293;4523;4542;8.11;0.49;241.75;3.99;869;24;1527.00;19
3658;24;625297050;3658;302;4524;4542;7.95;0.49;241.94;4.00;866;24;1528.00;18
3660;24;625297063;3660;305;4524;4542;7.81;0.48;242.02;4.00;864;24;1529.00;18
3665;24;625297076;3665;296;4527;4548;7.68;0.47;242.17;4.00;862;24;1530.00;21
3667;24;625297088;3667;292;4527;4548;7.53;0.46;242.21;4.00;860;24;1531.00;21
3673;24;625297099;3673;287;4528;4548;7.38;0.45;242.44;4.00;855;24;1532.00;20
3675;24;625297110;3675;282;4529;4549;7.30;0.45;242.47;4.00;854;24;1533.00;20
3679;24;625297129;3679;279;4531;4550;7.30;0.45;242.43;4.01;852;24;1534.00;19
3685;24;625297140;3685;280;4531;4550;7.30;0.45;242.41;4.01;846;24;1535.00;19
3688;24;625297152;3688;284;4542;4563;7.32;0.45;242.42;4.00;854;24;1536.00;21
3690;24;625297163;3690;280;4544;4563;7.45;0.46;242.44;4.01;854;24;1537.00;19
3693;24;625297174;3693;276;4545;4563;7.57;0.46;242.73;4.02;852;24;1538.00;18
3698;24;625297186;3698;270;4546;4564;7.66;0.47;242.80;4.01;848;24;1539.00;18
3702;24;625297197;3702;271;4550;4564;7.64;0.47;242.94;4.04;848;24;1540.00;14
3704;24;625297208;3704;257;4552;4568;7.66;0.47;243.10;4.03;848;24;1541.00;16
3708;24;625297220;3708;245;4553;4568;7.67;0.47;243.13;4.04;845;24;1542.00;15
3713;24;625297231;3713;243;4558;4572;7.74;0.47;243.23;4.04;845;24;1543.00;14
3716;24;625297244;3716;236;4558;4572;7.82;0.48;243.27;4.04;842;24;1544.00;14
3723;24;625297256;3723;240;4558;4572;7.86;0.48;243.24;4.04;835;24;1545.00;14
3728;24;625297267;3728;247;4559;4572;7.88;0.48;243.43;4.05;831;24;1546.00;13
3734;24;625297277;3734;255;4560;4572;7.82;0.48;243.45;4.05;826;24;1547.00;12
3738;24;625297288;3738;256;4572;4584;7.79;0.48;243.40;4.05;834;24;1548.00;12
3743;24;625297301;3743;257;4572;4584;7.73;0.47;243.56;4.05;829;24;1549.00;12
3749;24;625297312;3749;261;4573;4584;7.60;0.46;243.72;4.06;824;24;1550.00;11
3753;24;625297323;3753;266;4573;4584;7.55;0.46;243.75;4.06;820;24;1551.00;11
3759;24;625297334;3759;271;4574;4584;7.50;0.46;243.73;4.07;815;24;1552.00;10
3761;24;625297346;3761;278;4574;4584;7.50;0.46;243.73;4.07;813;24;1553.00;10
3763;24;625297356;3763;280;4576;4585;7.50;0.46;243.73;4.07;813;24;1554.00;9
3768;24;625297367;3768;280;4577;4587;7.37;0.45;243.83;4.07;809;24;1555.00;10
3772;24;625297379;3772;280;4582;4593;7.27;0.44;243.86;4.08;810;24;1556.00;11
3776;24;625297391;3776;285;4584;4594;7.18;0.44;243.89;4.08;808;24;1557.00;10
3778;24;625297401;3778;296;4584;4594;7.07;0.43;243.82;4.08;806;24;1558.00;10
3779;24;625297412;3779;303;4586;4594;7.04;0.43;243.86;4.09;807;24;1559.00;8
3782;24;625297423;3782;306;4592;4599;7.03;0.43;243.75;4.09;810;24;1560.00;7
3786;24;625297434;3786;310;4593;4599;7.02;0.43;243.74;4.10;807;24;1561.00;6
3790;24;625297445;3790;313;4594;4599;6.95;0.43;243.75;4.10;804;24;1562.00;5
3794;24;625297455;3794;315;4596;4600;6.87;0.42;243.65;4.11;802;24;1563.00;4
3796;24;625297467;3796;317;4600;4604;6.92;0.42;243.58;4.10;804;24;1564.00;4
3801;24;625297478;3801;321;4601;4604;6.85;0.42;243.54;4.11;800;24;1565.00;3
3806;24;625297488;3806;329;4603;4607;6.87;0.42;243.42;4.10;797;24;1566.00;4
3808;24;625297499;3808;336;4603;4607;6.88;0.42;243.50;4.10;795;24;1567.00;4
3811;24;625297512;3811;342;4603;4607;6.89;0.42;243.40;4.10;792;24;1568.00;4
3816;24;625297523;3816;353;4604;4607;6.82;0.42;243.38;4.11;788;24;1569.00;3
3818;24;625297540;3818;358;4606;4611;6.74;0.41;243.42;4.11;788;24;1570.00;5
3822;24;625297551;3822;362;4608;4611;6.64;0.41;243.36;4.11;786;24;1571.00;3
3824;24;625297561;3824;366;4608;4611;6.58;0.40;243.35;4.11;784;24;1572.00;3
3826;24;625297570;3826;370;4608;4611;6.52;0.40;243.30;4.11;782;24;1573.00;3
3829;24;625297581;3829;373;4610;4612;6.47;0.40;243.22;4.11;781;24;1574.00;2
3832;24;625297591;3832;374;4613;4614;6.42;0.40;243.35;4.11;781;24;1575.00;1
3834;24;625297602;3834;383;4613;4614;6.37;0.39;243.27;4.11;779;24;1576.00;1
3835;24;625297612;3835;378;4614;4615;6.43;0.40;243.26;4.11;779;24;1577.00;1
3838;24;625297622;3838;373;4615;4615;6.41;0.40;243.40;4.11;777;24;1578.00;0
3838;24;625297633;3838;369;4615;4615;6.48;0.40;243.40;4.11;777;24;1579.00;0
3842;24;625297644;3842;369;4615;4615;6.51;0.40;243.52;4.11;773;24;1580.00;0
3844;24;625297654;3844;369;4615;4615;6.50;0.40;243.48;4.11;771;24;1581.00;0
3845;24;625297664;3845;371;4615;4615;6.59;0.41;243.43;4.11;770;24;1582.00;0
3849;24;625297674;3849;365;4615;4615;6.64;0.41;243.38;4.11;766;24;1583.00;0
3850;24;625297684;3850;383;4686;4742;6.99;0.43;243.36;4.05;836;24;1584.00;56
3851;24;625297705;3851;377;4688;4743;7.03;0.44;243.38;4.05;837;24;1585.00;55
3855;24;625297716;3855;349;4698;4743;7.15;0.44;243.32;4.04;843;24;1586.00;45
3857;24;625297727;3857;331;4703;4743;7.29;0.45;243.30;4.04;846;24;1587.00;40
3859;24;625297738;3859;311;4709;4743;7.47;0.46;243.28;4.04;850;24;1588.00;34
3861;24;625297755;3861;295;4715;4743;7.58;0.47;243.25;4.04;854;24;1589.00;28
3863;24;625297768;3863;289;4719;4743;7.68;0.47;243.29;4.04;856;24;1590.00;24
3865;24;625297780;3865;281;4723;4743;7.77;0.48;243.27;4.05;858;24;1591.00;20
3866;24;625297793;3866;276;4726;4744;7.92;0.49;243.25;4.05;860;24;1592.00;18
3868;24;625297805;3868;267;4729;4745;8.02;0.49;243.20;4.05;861;24;1593.00;16
3871;24;625297818;3871;258;4731;4745;8.14;0.50;243.21;4.05;860;24;1594.00;14
3874;24;625297830;3874;256;4731;4746;8.23;0.50;243.22;4.05;857;24;1595.00;15
3875;24;625297850;3875;249;4732;4746;8.36;0.51;243.19;4.05;857;24;1596.00;14
3876;24;625297872;3876;243;4732;4746;8.44;0.52;243.17;4.05;856;24;1597.00;14
3880;24;625297885;3880;244;4733;4746;8.55;0.52;243.14;4.06;853;24;1598.00;13
3881;24;625297898;3881;241;4737;4750;8.65;0.53;243.11;4.06;856;24;1599.00;13
3883;24;625297911;3883;238;4738;4750;8.76;0.53;243.11;4.06;855;24;1600.00;12
3887;24;625297927;3887;238;4740;4750;8.74;0.53;243.09;4.07;853;24;1601.00;10
3887;24;625297939;3887;243;4742;4753;8.83;0.54;243.09;4.07;855;24;1602.00;11
3890;24;625297952;3890;242;4742;4753;8.85;0.54;243.04;4.07;852;24;1603.00;11
3890;24;625297964;3890;243;4744;4753;8.91;0.54;243.04;4.07;854;24;1604.00;9
3890;24;625297976;3890;244;4748;4757;8.94;0.54;243.04;4.07;858;24;1605.00;9
3892;25;625297988;3892;246;4750;4758;9.00;0.55;242.97;4.07;858;25;1606.00;8
3895;25;625298016;3895;242;4751;4758;9.02;0.55;242.94;4.07;856;25;1607.00;7
3896;25;625298029;3896;239;4754;4762;9.06;0.55;242.95;4.07;858;25;1608.00;8
3898;25;625298048;3898;237;4754;4762;9.11;0.55;243.02;4.07;856;25;1609.00;8
3900;25;625298061;3900;236;4754;4762;9.09;0.55;242.99;4.07;854;25;1610.00;8
3902;25;625298075;3902;239;4755;4763;9.13;0.56;242.99;4.07;853;25;1611.00;8
3903;25;625298087;3903;239;4755;4763;9.12;0.56;243.00;4.07;852;25;1612.00;8
3906;25;625298104;3906;244;4759;4769;9.13;0.56;243.00;4.06;853;25;1613.00;10
3909;25;625298136;3909;247;4760;4769;9.08;0.55;243.02;4.06;851;25;1614.00;9
3911;25;625298148;3911;250;4760;4770;9.07;0.55;243.00;4.06;849;25;1615.00;10
3914;25;625298159;3914;248;4760;4770;9.05;0.55;243.16;4.06;846;25;1616.00;10
3916;25;625298171;3916;250;4760;4770;9.05;0.55;243.14;4.06;844;25;1617.00;10
3918;25;625298182;3918;248;4760;4770;9.04;0.55;243.19;4.06;842;25;1618.00;10
3921;25;625298193;3921;248;4760;4770;9.02;0.55;243.27;4.06;839;25;1619.00;10
3927;25;625298206;3927;241;4781;4806;9.01;0.55;243.37;4.05;854;25;1620.00;25
3930;25;625298220;3930;228;4782;4806;9.06;0.55;243.38;4.05;852;25;1621.00;24
3934;25;625298231;3934;224;4783;4806;9.04;0.55;243.39;4.05;849;25;1622.00;23
3938;25;625298243;3938;227;4784;4806;9.06;0.55;243.52;4.04;846;25;1623.00;22
3943;25;625298254;3943;224;4784;4806;9.09;0.55;243.58;4.04;841;25;1624.00;22
3944;25;625298265;3944;217;4785;4806;9.16;0.56;243.55;4.05;841;25;1625.00;21
3946;25;625298276;3946;218;4788;4810;9.21;0.56;243.71;4.04;842;25;1626.00;22
3951;25;625298287;3951;212;4789;4810;9.32;0.57;243.98;4.04;838;25;1627.00;21
3953;25;625298298;3953;208;4791;4814;9.37;0.57;244.02;4.04;838;25;1628.00;23
3957;25;625298310;3957;198;4794;4815;9.38;0.57;244.15;4.04;837;25;1629.00;21
3964;25;625298320;3964;196;4794;4815;9.43;0.57;244.17;4.04;830;25;1630.00;21
3967;25;625298332;3967;194;4795;4815;9.41;0.57;244.26;4.04;828;25;1631.00;20
3972;25;625298342;3972;185;4804;4828;9.34;0.57;244.22;4.03;832;25;1632.00;24
3976;25;625298354;3976;183;4804;4828;9.35;0.57;244.30;4.03;828;25;1633.00;24
3979;25;625298364;3979;181;4804;4828;9.28;0.56;244.24;4.03;825;25;1634.00;24
3983;25;625298375;3983;172;4806;4829;9.28;0.56;244.28;4.04;823;25;1635.00;23
3988;25;625298386;3988;172;4806;4830;9.29;0.56;244.38;4.04;818;25;1636.00;24
3992;25;625298397;3992;161;4806;4830;9.35;0.57;244.44;4.04;814;25;1637.00;24
3996;25;625298408;3996;158;4808;4833;9.41;0.57;244.46;4.04;812;25;1638.00;25
4000;25;625298419;4000;146;4808;4833;9.51;0.58;244.55;4.04;808;25;1639.00;25
4004;25;625298430;4004;151;4809;4833;9.66;0.59;244.52;4.04;805;25;1640.00;24
4006;25;625298440;4006;151;4810;4833;9.78;0.59;244.55;4.05;804;25;1641.00;23
4009;25;625298451;4009;141;4814;4839;9.90;0.60;244.57;4.04;805;25;1642.00;25
4010;25;625298462;4010;135;4814;4839;9.89;0.60;244.59;4.04;804;25;1643.00;25
4012;25;625298472;4012;136;4815;4839;9.84;0.60;244.72;4.04;803;25;1644.00;24
4015;25;625298483;4015;134;4815;4839;9.79;0.59;244.73;4.04;800;25;1645.00;24
4017;25;625298494;4017;135;4818;4843;9.78;0.59;244.78;4.04;801;25;1646.00;25
4019;25;625298505;4019;133;4820;4844;9.89;0.60;244.79;4.04;801;25;1647.00;24
4024;25;625298516;4024;132;4820;4844;9.88;0.60;244.89;4.04;796;25;1648.00;24
4025;25;625298527;4025;138;4821;4845;9.91;0.60;244.92;4.04;796;25;1649.00;24
4027;25;625298539;4027;142;4822;4845;9.96;0.60;244.95;4.05;795;25;1650.00;23
4031;25;625298550;4031;138;4823;4845;9.98;0.61;245.09;4.06;792;25;1651.00;22
4032;25;625298560;4032;142;4823;4845;10.06;0.61;245.10;4.06;791;25;1652.00;22
4035;25;625298571;4035;145;4824;4845;10.10;0.61;245.26;4.07;789;25;1653.00;21
4037;25;625298582;4037;146;4824;4845;10.14;0.61;245.34;4.07;787;25;1654.00;21
4040;25;625298593;4040;147;4826;4845;10.13;0.61;245.34;4.09;786;25;1655.00;19
4042;25;625298604;4042;151;4862;4915;10.10;0.61;245.44;4.06;820;25;1656.00;53
4044;25;625298620;4044;155;4864;4916;10.04;0.61;245.46;4.05;820;25;1657.00;52
4045;25;625298632;4045;157;4874;4916;10.06;0.61;245.49;4.06;829;25;1658.00;42
4050;25;625298643;4050;161;4875;4916;10.04;0.61;245.55;4.06;825;25;1659.00;41
4053;25;625298655;4053;163;4881;4916;10.05;0.61;245.64;4.08;828;25;1660.00;35
4054;25;625298665;4054;168;4883;4916;10.04;0.61;245.66;4.08;829;25;1661.00;33
4055;25;625298676;4055;164;4888;4916;10.03;0.61;245.72;4.09;833;25;1662.00;28
4058;25;625298688;4058;162;4892;4916;10.02;0.61;245.81;4.11;834;25;1663.00;24
4062;25;625298699;4062;167;4894;4917;10.03;0.61;245.76;4.11;832;25;1664.00;23
4064;25;625298711;4064;165;4899;4919;10.02;0.61;245.82;4.12;835;25;1665.00;20
4067;25;625298723;4067;170;4900;4919;10.00;0.61;245.78;4.12;833;25;1666.00;19
4072;25;625298735;4072;171;4904;4923;9.87;0.60;245.74;4.13;832;25;1667.00;19
4073;25;625298747;4073;179;4904;4923;9.85;0.60;245.78;4.13;831;25;1668.00;19
4076;25;625298758;4076;181;4906;4923;9.79;0.60;245.76;4.15;830;25;1669.00;17
4079;25;625298770;4079;187;4906;4923;9.72;0.59;245.95;4.15;827;25;1670.00;17
4081;25;625298781;4081;194;4912;4929;9.64;0.59;245.91;4.16;831;25;1671.00;17
4082;25;625298792;4082;198;4913;4929;9.60;0.59;245.89;4.16;831;25;1672.00;16
4086;25;625298803;4086;202;4915;4929;9.58;0.59;245.99;4.17;829;25;1673.00;14
4088;25;625298815;4088;202;4918;4932;9.61;0.59;245.90;4.18;830;25;1674.00;14
4091;25;625298825;4091;213;4919;4932;9.55;0.59;245.97;4.18;828;25;1675.00;13
4092;25;625298837;4092;217;4922;4932;9.51;0.58;245.97;4.21;830;25;1676.00;10
4097;25;625298851;4097;217;4922;4933;9.34;0.57;245.98;4.21;825;25;1677.00;11
4100;25;625298866;4100;223;4923;4934;9.18;0.56;245.97;4.21;823;25;1678.00;11
4101;25;625298884;4101;220;4924;4934;9.07;0.56;245.95;4.21;823;25;1679.00;10
4107;25;625298909;4107;226;4941;4960;8.95;0.55;246.08;4.20;834;25;1680.00;19
4109;25;625298928;4109;222;4944;4960;8.87;0.54;246.07;4.20;835;25;1681.00;16
4110;25;625298942;4110;226;4946;4960;8.80;0.54;246.13;4.20;836;25;1682.00;14
4113;25;625298958;4113;222;4950;4961;8.72;0.53;246.21;4.21;837;25;1683.00;11
4117;25;625298972;4117;225;4950;4961;8.71;0.53;246.19;4.21;833;25;1684.00;11
4120;25;625298989;4120;227;4953;4965;8.69;0.53;246.18;4.21;833;25;1685.00;12
4124;25;625299006;4124;230;4955;4965;8.70;0.53;246.13;4.21;831;25;1686.00;10
4126;25;625299018;4126;238;4957;4969;8.72;0.53;246.12;4.21;831;25;1687.00;12
4131;25;625299028;4131;247;4961;4969;8.64;0.53;246.15;4.22;830;25;1688.00;8
4134;26;625299039;4134;251;4961;4969;8.54;0.52;246.09;4.22;827;26;1689.00;8
4138;26;625299070;4138;256;4961;4969;8.47;0.52;246.11;4.22;823;26;1690.00;8
4141;26;625299081;4141;254;4961;4969;8.39;0.51;246.06;4.22;820;26;1691.00;8
4146;26;625299096;4146;261;4973;4981;8.32;0.51;245.97;4.21;827;26;1692.00;8
4149;26;625299107;4149;270;4973;4981;8.14;0.50;246.11;4.21;824;26;1693.00;8
4155;26;625299117;4155;271;4976;4981;8.06;0.49;246.18;4.21;821;26;1694.00;5
4158;26;625299128;4158;293;4976;4981;8.01;0.49;246.18;4.21;818;26;1695.00;5
4162;26;625299139;4162;298;4976;4981;7.85;0.48;246.34;4.21;814;26;1696.00;5
4165;26;625299149;4165;304;4976;4981;7.71;0.47;246.37;4.21;811;26;1697.00;5
4169;26;625299159;4169;310;4977;4982;7.43;0.46;246.47;4.21;808;26;1698.00;5
4173;26;625299174;4173;322;4977;4982;7.15;0.44;246.53;4.21;804;26;1699.00;5
4177;26;625299190;4177;310;4982;4988;7.00;0.43;246.43;4.21;805;26;1700.00;6
4182;26;625299204;4182;302;4983;4989;6.84;0.42;246.55;4.21;801;26;1701.00;6
4187;26;625299214;4187;299;4984;4989;6.81;0.42;246.80;4.21;797;26;1702.00;5
4190;26;625299223;4190;295;4984;4989;6.79;0.42;246.83;4.21;794;26;1703.00;5
4195;26;625299232;4195;294;4988;4993;6.77;0.42;246.90;4.20;793;26;1704.00;5
4197;26;625299242;4197;293;4988;4993;6.75;0.42;247.01;4.20;791;26;1705.00;5
4200;26;625299251;4200;298;4988;4993;6.73;0.41;247.01;4.20;788;26;1706.00;5
4201;26;625299261;4201;298;4989;4994;6.77;0.42;247.05;4.20;788;26;1707.00;5
4203;26;625299270;4203;296;4993;4998;6.78;0.42;247.14;4.20;790;26;1708.00;5
4205;26;625299280;4205;296;4993;4998;6.80;0.42;247.08;4.20;788;26;1709.00;5
4210;26;625299291;4210;300;4996;5004;6.83;0.42;247.04;4.20;786;26;1710.00;8
4213;26;625299301;4213;298;4997;5004;6.89;0.42;247.06;4.20;784;26;1711.00;7
4217;26;625299311;4217;300;4998;5004;6.91;0.43;247.10;4.20;781;26;1712.00;6
4223;26;625299320;4223;302;4998;5004;6.86;0.42;247.07;4.20;775;26;1713.00;6
4227;26;625299331;4227;301;5001;5008;6.93;0.43;246.91;4.20;774;26;1714.00;7
4231;26;625299341;4231;303;5001;5008;6.93;0.43;246.98;4.20;770;26;1715.00;7
4234;26;625299350;4234;305;5002;5008;6.99;0.43;246.87;4.20;768;26;1716.00;6
4236;26;625299359;4236;312;5002;5008;6.98;0.43;246.85;4.20;766;26;1717.00;6
4240;26;625299369;4240;306;5004;5009;7.01;0.43;246.70;4.20;764;26;1718.00;5
4244;26;625299378;4244;314;5005;5010;6.99;0.43;246.61;4.19;761;26;1719.00;5
4247;26;625299389;4247;311;5005;5010;6.97;0.43;246.57;4.19;758;26;1720.00;5
4249;26;625299398;4249;311;5006;5011;6.98;0.43;246.59;4.19;757;26;1721.00;5
4253;26;625299408;4253;313;5006;5011;6.95;0.43;246.45;4.19;753;26;1722.00;5
4255;26;625299417;4255;313;5006;5011;6.95;0.43;246.49;4.19;751;26;1723.00;5
4258;26;625299427;4258;311;5007;5011;6.96;0.43;246.38;4.21;749;26;1724.00;4
4259;26;625299437;4259;310;5007;5011;6.98;0.43;246.33;4.21;748;26;1725.00;4
4263;26;625299446;4263;308;5007;5011;6.98;0.43;246.34;4.21;744;26;1726.00;4
4267;26;625299456;4267;308;5007;5011;6.91;0.42;246.30;4.21;740;26;1727.00;4
4273;26;625299465;4273;318;5075;5138;7.19;0.45;246.24;4.16;802;26;1728.00;63
4275;26;625299490;4275;316;5078;5139;7.11;0.44;246.25;4.16;803;26;1729.00;61
4279;26;625299501;4279;318;5086;5139;7.19;0.45;246.27;4.15;807;26;1730.00;53
4281;26;625299513;4281;315;5092;5139;7.20;0.45;246.31;4.15;811;26;1731.00;47
4285;26;625299524;4285;322;5098;5139;7.22;0.45;246.31;4.15;813;26;1732.00;41
4288;26;625299535;4288;331;5105;5139;7.29;0.45;246.31;4.15;817;26;1733.00;34
4292;26;625299546;4292;334;5109;5139;7.27;0.45;246.18;4.15;817;26;1734.00;30
4293;26;625299557;4293;337;5112;5139;7.31;0.45;246.17;4.16;819;26;1735.00;27
4297;26;625299568;4297;342;5116;5140;7.29;0.45;246.17;4.16;819;26;1736.00;24
4299;26;625299578;4299;346;5118;5141;7.18;0.44;246.26;4.16;819;26;1737.00;23
4303;26;625299589;4303;354;5122;5141;7.11;0.44;246.20;4.16;819;26;1738.00;19
4305;26;625299600;4305;345;5125;5142;7.10;0.44;246.16;4.17;820;26;1739.00;17
4305;26;625299613;4305;341;5127;5142;7.10;0.44;246.16;4.17;822;26;1740.00;15
4306;26;625299624;4306;338;5128;5142;7.14;0.44;246.17;4.17;822;26;1741.00;14
4307;26;625299635;4307;342;5130;5142;7.21;0.44;246.16;4.18;823;26;1742.00;12
4311;26;625299646;4311;345;5133;5146;7.26;0.44;246.20;4.18;822;26;1743.00;13
4312;26;625299658;4312;348;5135;5146;7.34;0.45;246.25;4.18;823;26;1744.00;11
4314;26;625299676;4314;351;5136;5146;7.36;0.45;246.25;4.18;822;26;1745.00;10
4316;26;625299687;4316;351;5139;5149;7.39;0.45;246.23;4.18;823;26;1746.00;10
4316;26;625299706;4316;336;5140;5149;7.44;0.46;246.23;4.18;824;26;1747.00;9
4316;26;625299717;4316;321;5141;5149;7.55;0.46;246.23;4.18;825;26;1748.00;8
4318;26;625299729;4318;311;5145;5153;7.64;0.47;246.35;4.18;827;26;1749.00;8
4321;26;625299741;4321;307;5146;5154;7.73;0.47;246.32;4.18;825;26;1750.00;8
4324;26;625299759;4324;305;5146;5154;7.81;0.48;246.27;4.18;822;26;1751.00;8
4328;26;625299778;4328;294;5149;5158;7.91;0.48;246.23;4.18;821;26;1752.00;9
4330;26;625299797;4330;288;5149;5158;8.03;0.49;246.31;4.18;819;26;1753.00;9
4331;26;625299808;4331;288;5149;5158;8.12;0.49;246.31;4.18;818;26;1754.00;9
4332;26;625299820;4332;281;5151;5160;8.22;0.50;246.26;4.18;819;26;1755.00;9
4333;26;625299832;4333;274;5151;5160;8.27;0.50;246.24;4.18;818;26;1756.00;9
4333;26;625299845;4333;264;5155;5166;8.34;0.51;246.24;4.17;822;26;1757.00;11
4334;26;625299858;4334;254;5155;5166;8.43;0.51;246.19;4.17;821;26;1758.00;11
4336;26;625299871;4336;245;5156;5167;8.45;0.51;246.20;4.17;820;26;1759.00;11
4338;26;625299884;4338;239;5156;5167;8.51;0.52;246.25;4.17;818;26;1760.00;11
4339;26;625299898;4339;242;5156;5167;8.59;0.52;246.24;4.17;817;26;1761.00;11
4341;27;625299910;4341;238;5156;5167;8.66;0.53;246.20;4.17;815;27;1762.00;11
4344;27;625299928;4344;244;5156;5167;8.67;0.53;246.19;4.17;812;27;1763.00;11
4346;27;625299940;4346;249;5166;5179;8.78;0.53;246.19;4.17;820;27;1764.00;13
4347;27;625299952;4347;253;5167;5179;8.76;0.53;246.24;4.17;820;27;1765.00;12
4350;27;625299963;4350;259;5167;5179;8.75;0.53;246.18;4.17;817;27;1766.00;12
4351;27;625299975;4351;259;5167;5179;8.76;0.53;246.18;4.17;816;27;1767.00;12
4355;27;625299986;4355;251;5167;5179;8.83;0.54;246.24;4.17;812;27;1768.00;12
4358;27;625299998;4358;247;5167;5179;8.94;0.54;246.22;4.17;809;27;1769.00;12
4365;27;625300011;4365;249;5170;5183;8.91;0.54;246.25;4.16;805;27;1770.00;13
4372;27;625300023;4372;245;5170;5183;8.96;0.54;246.20;4.16;798;27;1771.00;13
4376;27;625300035;4376;239;5173;5187;9.02;0.55;246.38;4.16;797;27;1772.00;14
4377;27;625300046;4377;239;5174;5188;9.05;0.55;246.42;4.16;797;27;1773.00;14
4379;27;625300057;4379;236;5175;5188;9.13;0.55;246.49;4.16;796;27;1774.00;13
4379;27;625300068;4379;234;5175;5188;9.15;0.56;246.49;4.16;796;27;1775.00;13
4382;27;625300078;4382;235;5186;5201;9.21;0.56;246.52;4.15;804;27;1776.00;15
4383;27;625300094;4383;232;5186;5201;9.29;0.56;246.54;4.15;803;27;1777.00;15
4388;27;625300105;4388;232;5186;5201;9.28;0.56;246.53;4.15;798;27;1778.00;15
4389;28;625300116;4389;234;5187;5202;9.37;0.57;246.62;4.15;798;28;1779.00;15
4394;28;625300138;4394;237;5187;5203;9.39;0.57;246.77;4.15;793;28;1780.00;16
4397;28;625300149;4397;236;5187;5203;9.37;0.57;246.79;4.15;790;28;1781.00;16
4399;28;625300160;4399;237;5190;5206;9.36;0.57;246.84;4.18;791;28;1782.00;16
4403;28;625300171;4403;240;5190;5206;9.31;0.57;246.98;4.18;787;28;1783.00;16
4407;28;625300181;4407;239;5191;5206;9.29;0.57;246.98;4.18;784;28;1784.00;15
4409;28;625300192;4409;239;5191;5206;9.23;0.56;247.04;4.18;782;28;1785.00;15
4412;28;625300202;4412;237;5195;5212;9.17;0.56;247.14;4.18;783;28;1786.00;17
4414;28;625300217;4414;239;5195;5212;9.15;0.56;247.18;4.18;781;28;1787.00;17
4417;28;625300227;4417;241;5196;5212;9.13;0.56;247.21;4.18;779;28;1788.00;16
4419;28;625300238;4419;248;5196;5212;9.14;0.56;247.20;4.18;777;28;1789.00;16
4421;28;625300248;4421;238;5199;5216;9.12;0.56;247.25;4.18;778;28;1790.00;17
4423;28;625300259;4423;228;5200;5217;9.19;0.56;247.22;4.17;777;28;1791.00;17
4429;28;625300269;4429;221;5200;5217;9.26;0.56;247.26;4.17;771;28;1792.00;17
4431;28;625300280;4431;216;5201;5218;9.39;0.57;247.27;4.17;770;28;1793.00;17
4433;28;625300291;4433;211;5201;5218;9.44;0.58;247.28;4.17;768;28;1794.00;17
4433;28;625300301;4433;203;5201;5218;9.52;0.58;247.28;4.17;768;28;1795.00;17
4437;28;625300311;4437;193;5201;5218;9.54;0.58;247.37;4.17;764;28;1796.00;17
4442;28;625300321;4442;187;5202;5218;9.60;0.59;247.43;4.20;760;28;1797.00;16
4446;28;625300331;4446;185;5202;5218;9.65;0.59;247.59;4.20;756;28;1798.00;16
4448;28;625300342;4448;177;5202;5218;9.66;0.59;247.57;4.20;754;28;1799.00;16
4451;28;625300353;4451;196;5267;5356;9.48;0.58;247.67;4.17;816;28;1800.00;89
4455;28;625300379;4455;181;5267;5357;9.48;0.58;247.74;4.17;812;28;1801.00;90
4459;28;625300390;4459;170;5277;5357;9.55;0.59;247.87;4.17;818;28;1802.00;80
4463;28;625300401;4463;159;5282;5357;9.56;0.59;248.06;4.19;819;28;1803.00;75
4467;28;625300412;4467;148;5286;5357;9.51;0.58;248.18;4.19;819;28;1804.00;71
4470;28;625300422;4470;146;5293;5357;9.43;0.58;248.20;4.21;823;28;1805.00;64
4474;28;625300439;4474;141;5297;5357;9.45;0.58;248.21;4.21;823;28;1806.00;60
4479;28;625300450;4479;147;5301;5357;9.44;0.58;248.27;4.23;822;28;1807.00;56
4482;28;625300461;4482;144;5305;5358;9.47;0.58;248.33;4.23;823;28;1808.00;53
4486;29;625300473;4486;145;5307;5359;9.43;0.58;248.39;4.25;821;29;1809.00;52
4486;29;625300494;4486;148;5308;5359;9.48;0.58;248.39;4.25;822;29;1810.00;51
4489;29;625300505;4489;144;5315;5363;9.44;0.58;248.41;4.25;826;29;1811.00;48
4492;29;625300516;4492;143;5315;5363;9.44;0.58;248.49;4.25;823;29;1812.00;48
4493;29;625300527;4493;137;5318;5363;9.43;0.58;248.46;4.25;825;29;1813.00;45
4499;29;625300538;4499;137;5319;5363;9.43;0.58;248.55;4.25;820;29;1814.00;44
4499;29;625300556;4499;138;5321;5369;9.44;0.58;248.55;4.25;822;29;1815.00;48
4505;29;625300574;4505;134;5323;5369;9.40;0.57;248.51;4.26;818;29;1816.00;46
4509;29;625300585;4509;140;5324;5369;9.43;0.57;248.56;4.26;815;29;1817.00;45
4510;29;625300597;4510;143;5328;5372;9.49;0.58;248.51;4.26;818;29;1818.00;44
4513;29;625300608;4513;143;5329;5372;9.53;0.58;248.58;4.26;816;29;1819.00;43
4514;29;625300619;4514;139;5330;5372;9.61;0.58;248.56;4.27;816;29;1820.00;42
4516;29;625300631;4516;138;5330;5373;9.68;0.59;248.66;4.27;814;29;1821.00;43
4518;29;625300643;4518;137;5333;5374;9.74;0.59;248.66;4.27;815;29;1822.00;41
4521;29;625300655;4521;139;5333;5374;9.86;0.60;248.66;4.27;812;29;1823.00;41
4524;29;625300667;4524;140;5341;5387;9.87;0.60;248.70;4.27;817;29;1824.00;46
4526;29;625300692;4526;144;5344;5387;9.98;0.61;248.66;4.28;818;29;1825.00;43
4529;29;625300703;4529;148;5345;5387;10.03;0.61;248.70;4.28;816;29;1826.00;42
4532;29;625300715;4532;147;5346;5388;10.06;0.61;248.70;4.28;814;29;1827.00;42
4536;29;625300728;4536;155;5348;5388;10.01;0.61;248.83;4.29;812;29;1828.00;40
4538;29;625300745;4538;160;5351;5392;9.98;0.61;248.89;4.29;813;29;1829.00;41
4541;29;625300759;4541;167;5354;5392;9.91;0.60;248.91;4.32;813;29;1830.00;38
4543;29;625300771;4543;168;5359;5396;9.82;0.60;248.99;4.32;816;29;1831.00;37
4545;29;625300783;4545;179;5361;5396;9.76;0.59;249.00;4.33;816;29;1832.00;35
4547;29;625300794;4547;178;5362;5396;9.80;0.60;249.01;4.35;815;29;1833.00;34
4553;29;625300805;4553;188;5364;5396;9.77;0.59;249.13;4.36;811;29;1834.00;32
4555;29;625300817;4555;192;5365;5396;9.75;0.59;249.19;4.37;810;29;1835.00;31
4558;29;625300828;4558;194;5375;5408;9.73;0.59;249.23;4.36;817;29;1836.00;33
4561;29;625300840;4561;203;5379;5408;9.72;0.59;249.33;4.39;818;29;1837.00;29
4563;29;625300864;4563;210;5380;5408;9.70;0.59;249.38;4.39;817;29;1838.00;28
4566;29;625300883;4566;211;5383;5408;9.64;0.59;249.45;4.40;817;29;1839.00;25
4567;29;625300902;4567;216;5383;5408;9.57;0.59;249.44;4.40;816;29;1840.00;25
4570;29;625300919;4570;213;5384;5408;9.51;0.58;249.44;4.41;814;29;1841.00;24
4572;29;625300937;4572;218;5386;5409;9.48;0.58;249.51;4.43;814;29;1842.00;23
4576;29;625300953;4576;222;5386;5409;9.46;0.58;249.53;4.43;810;29;1843.00;23
4578;29;625300967;4578;222;5392;5415;9.45;0.58;249.54;4.44;814;29;1844.00;23
4580;29;625300979;4580;224;5394;5417;9.40;0.57;249.61;4.44;814;29;1845.00;23
4580;29;625300992;4580;231;5396;5417;9.31;0.57;249.61;4.44;816;29;1846.00;21
4584;29;625301003;4584;239;5397;5417;9.18;0.56;249.68;4.45;813;29;1847.00;20
4590;29;625301014;4590;241;5400;5421;9.08;0.56;249.86;4.45;810;29;1848.00;21
4592;29;625301026;4592;242;5400;5421;9.00;0.55;249.85;4.45;808;29;1849.00;21
4595;29;625301037;4595;245;5401;5421;8.89;0.54;249.82;4.46;806;29;1850.00;20
4598;29;625301049;4598;245;5403;5422;8.79;0.54;249.77;4.47;805;29;1851.00;19
4599;29;625301060;4599;245;5407;5426;8.72;0.53;249.72;4.47;808;29;1852.00;19
4602;29;625301071;4602;247;5409;5426;8.70;0.53;249.78;4.48;807;29;1853.00;17
4603;29;625301087;4603;248;5411;5429;8.76;0.53;249.79;4.48;808;29;1854.00;18
4604;29;625301098;4604;245;5412;5429;8.74;0.53;249.76;4.49;808;29;1855.00;17
4610;29;625301108;4610;242;5414;5429;8.69;0.53;249.62;4.49;804;29;1856.00;15
4612;29;625301118;4612;235;5415;5429;8.74;0.53;249.68;4.49;803;29;1857.00;14
4614;29;625301135;4614;235;5418;5433;8.77;0.54;249.66;4.49;804;29;1858.00;15
4616;29;625301146;4616;239;5420;5433;8.77;0.54;249.66;4.50;804;29;1859.00;13
4617;29;625301163;4617;245;5420;5433;8.67;0.53;249.63;4.50;803;29;1860.00;13
4620;29;625301173;4620;250;5420;5433;8.47;0.52;249.65;4.50;800;29;1861.00;13
4621;29;625301182;4621;259;5421;5434;8.33;0.51;249.61;4.50;800;29;1862.00;13
4623;29;625301191;4623;262;5424;5435;8.15;0.50;249.73;4.50;801;29;1863.00;11
4626;29;625301201;4626;259;5425;5435;8.02;0.49;249.70;4.51;799;29;1864.00;10
4628;29;625301210;4628;263;5426;5436;7.84;0.48;249.75;4.50;798;29;1865.00;10
4632;29;625301219;4632;268;5427;5436;7.66;0.47;249.77;4.50;795;29;1866.00;9
4635;29;625301228;4635;276;5427;5436;7.53;0.46;249.76;4.50;792;29;1867.00;9
4639;29;625301237;4639;282;5427;5436;7.28;0.45;249.78;4.50;788;29;1868.00;9
4641;29;625301245;4641;288;5427;5436;7.07;0.44;249.77;4.50;786;29;1869.00;9
4646;29;625301254;4646;288;5427;5436;6.89;0.42;249.76;4.50;781;29;1870.00;9
4649;29;625301264;4649;282;5427;5436;6.80;0.42;249.87;4.50;778;29;1871.00;9
4652;29;625301272;4652;300;5497;5563;7.02;0.44;249.80;4.45;845;29;1872.00;66
4657;29;625301291;4657;297;5501;5564;6.93;0.43;249.83;4.45;844;29;1873.00;63
4660;29;625301300;4660;302;5511;5564;6.92;0.43;249.77;4.44;851;29;1874.00;53
4663;29;625301309;4663;301;5515;5564;6.95;0.44;249.77;4.44;852;29;1875.00;49
4664;29;625301318;4664;302;5521;5564;7.02;0.44;249.73;4.44;857;29;1876.00;43
4667;29;625301327;4667;299;5526;5564;7.05;0.44;249.71;4.44;859;29;1877.00;38
4669;29;625301337;4669;298;5532;5564;7.13;0.44;249.77;4.44;863;29;1878.00;32
4672;29;625301347;4672;300;5535;5564;7.14;0.44;249.70;4.44;863;29;1879.00;29
4676;29;625301358;4676;301;5538;5565;7.15;0.44;249.78;4.44;862;29;1880.00;27
4678;29;625301368;4678;308;5541;5566;7.15;0.44;249.79;4.45;863;29;1881.00;25
4680;29;625301377;4680;306;5544;5568;7.19;0.45;249.77;4.45;864;29;1882.00;24
4682;29;625301388;4682;307;5545;5569;7.20;0.45;249.77;4.45;863;29;1883.00;24
4686;29;625301400;4686;309;5549;5569;7.16;0.44;249.78;4.45;863;29;1884.00;20
4692;29;625301411;4692;311;5550;5569;7.17;0.44;249.78;4.45;858;29;1885.00;19
4692;29;625301421;4692;315;5552;5569;7.21;0.45;249.78;4.46;860;29;1886.00;17
4697;29;625301431;4697;317;5555;5573;7.21;0.45;249.76;4.46;858;29;1887.00;18
4699;29;625301442;4699;317;5557;5573;7.19;0.44;249.75;4.46;858;29;1888.00;16
4701;29;625301452;4701;322;5558;5573;7.18;0.44;249.78;4.46;857;29;1889.00;15
4704;29;625301464;4704;320;5561;5579;7.14;0.44;249.87;4.46;857;29;1890.00;18
4706;29;625301475;4706;315;5562;5579;7.04;0.43;249.87;4.46;856;29;1891.00;17
4713;29;625301492;4713;310;5563;5579;6.98;0.43;249.80;4.46;850;29;1892.00;16
4715;29;625301504;4715;305;5568;5583;7.03;0.43;249.80;4.46;853;29;1893.00;15
4719;29;625301516;4719;306;5571;5584;7.02;0.43;249.81;4.46;852;29;1894.00;13
4722;29;625301528;4722;303;5571;5584;7.00;0.43;249.95;4.46;849;29;1895.00;13
4727;30;625301539;4727;303;5575;5588;6.94;0.42;249.94;4.46;848;30;1896.00;13
4733;30;625301565;4733;309;5576;5588;6.86;0.42;249.86;4.46;843;30;1897.00;12
4734;30;625301578;4734;314;5576;5588;6.97;0.43;249.90;4.46;842;30;1898.00;12
4738;30;625301590;4738;312;5577;5589;7.05;0.43;249.87;4.46;839;30;1899.00;12
4742;30;625301611;4742;312;5577;5589;7.13;0.43;249.88;4.46;835;30;1900.00;12
4745;30;625301628;4745;313;5581;5595;7.17;0.44;249.77;4.46;836;30;1901.00;14
4750;30;625301649;4750;309;5581;5595;7.19;0.44;249.81;4.46;831;30;1902.00;14
4753;30;625301661;4753;312;5582;5596;7.20;0.44;249.82;4.46;829;30;1903.00;14
4758;30;625301673;4758;312;5582;5596;7.26;0.44;249.93;4.46;824;30;1904.00;14
4762;30;625301684;4762;309;5582;5596;7.27;0.44;249.87;4.46;820;30;1905.00;14
4763;30;625301695;4763;308;5582;5596;7.30;0.44;249.88;4.46;819;30;1906.00;14
4764;30;625301707;4764;312;5582;5596;7.30;0.44;249.88;4.46;818;30;1907.00;14
4766;30;625301718;4766;315;5591;5608;7.37;0.45;249.89;4.45;825;30;1908.00;17
4767;30;625301730;4767;314;5591;5608;7.36;0.45;249.89;4.45;824;30;1909.00;17
4768;30;625301742;4768;324;5593;5608;7.34;0.45;249.93;4.45;825;30;1910.00;15
4771;30;625301763;4771;324;5593;5608;7.32;0.45;249.92;4.45;822;30;1911.00;15
4777;30;625301774;4777;328;5593;5608;7.33;0.45;249.99;4.45;816;30;1912.00;15
4782;30;625301786;4782;328;5593;5608;7.37;0.45;250.08;4.45;811;30;1913.00;15
4784;30;625301797;4784;326;5596;5612;7.44;0.45;250.05;4.45;812;30;1914.00;16
4785;30;625301808;4785;331;5596;5612;7.46;0.45;250.06;4.45;811;30;1915.00;16
4788;30;625301824;4788;334;5599;5616;7.43;0.45;250.12;4.44;811;30;1916.00;17
4791;30;625301836;4791;322;5600;5617;7.43;0.45;250.25;4.44;809;30;1917.00;17
4794;30;625301850;4794;322;5601;5617;7.39;0.45;250.33;4.44;807;30;1918.00;16
4797;30;625301862;4797;322;5601;5617;7.44;0.45;250.42;4.44;804;30;1919.00;16
4800;30;625301875;4800;327;5623;5646;7.50;0.45;250.50;4.43;823;30;1920.00;23
4805;30;625301889;4805;320;5624;5646;7.49;0.45;250.68;4.43;819;30;1921.00;22
4806;30;625301901;4806;322;5625;5646;7.51;0.46;250.66;4.43;819;30;1922.00;21
4809;30;625301912;4809;319;5628;5647;7.54;0.46;250.71;4.45;819;30;1923.00;19
4810;30;625301923;4810;321;5628;5648;7.55;0.46;250.72;4.45;818;30;1924.00;20
4810;30;625301933;4810;323;5628;5648;7.51;0.46;250.72;4.45;818;30;1925.00;20
4814;30;625301944;4814;313;5631;5651;7.48;0.45;250.85;4.44;817;30;1926.00;20
4818;30;625301956;4818;304;5631;5651;7.45;0.45;250.90;4.44;813;30;1927.00;20
4824;30;625301966;4824;292;5631;5651;7.44;0.45;251.04;4.44;807;30;1928.00;20
4825;30;625301978;4825;285;5631;5651;7.48;0.45;251.09;4.44;806;30;1929.00;20
4827;30;625301988;4827;286;5635;5657;7.54;0.46;251.12;4.44;808;30;1930.00;22
4829;30;625302000;4829;281;5635;5657;7.56;0.46;251.14;4.44;806;30;1931.00;22
4833;30;625302012;4833;282;5636;5657;7.59;0.46;251.10;4.44;803;30;1932.00;21
4834;30;625302022;4834;287;5636;5657;7.64;0.46;251.12;4.44;802;30;1933.00;21
4838;30;625302038;4838;287;5639;5661;7.67;0.47;251.09;4.44;801;30;1934.00;22
4840;30;625302056;4840;296;5641;5663;7.71;0.47;251.13;4.44;801;30;1935.00;22
4841;30;625302067;4841;299;5641;5663;7.77;0.47;251.10;4.44;800;30;1936.00;22
4845;30;625302077;4845;293;5642;5664;7.78;0.47;251.03;4.44;797;30;1937.00;22
4849;30;625302088;4849;287;5642;5664;7.79;0.47;251.04;4.44;793;30;1938.00;22
4850;30;625302105;4850;283;5642;5664;7.81;0.48;251.03;4.44;792;30;1939.00;22
4852;30;625302116;4852;277;5642;5664;7.86;0.48;251.02;4.44;790;30;1940.00;22
4852;30;625302129;4852;275;5642;5664;7.96;0.48;251.02;4.44;790;30;1941.00;22
4853;30;625302140;4853;270;5642;5664;7.97;0.49;251.01;4.44;789;30;1942.00;22
4854;30;625302157;4854;267;5642;5664;8.04;0.49;250.99;4.44;788;30;1943.00;22
4854;30;625302170;4854;284;5685;5734;7.97;0.49;250.99;4.40;831;30;1944.00;49
4856;30;625302189;4856;271;5685;5735;8.09;0.49;251.01;4.40;829;30;1945.00;50
4859;30;625302201;4859;261;5691;5735;8.27;0.50;251.02;4.40;832;30;1946.00;44
4861;30;625302213;4861;263;5692;5735;8.35;0.51;251.02;4.40;831;30;1947.00;43
4865;30;625302226;4865;259;5696;5735;8.47;0.51;250.98;4.40;831;30;1948.00;39
4866;30;625302239;4866;255;5698;5735;8.52;0.52;250.97;4.40;832;30;1949.00;37
4868;30;625302253;4868;259;5701;5737;8.59;0.52;250.97;4.40;833;30;1950.00;36
4869;30;625302265;4869;264;5703;5737;8.66;0.53;250.95;4.40;834;30;1951.00;34
4871;30;625302277;4871;258;5708;5738;8.69;0.53;250.98;4.40;837;30;1952.00;30
4872;30;625302288;4872;261;5709;5739;8.68;0.53;250.97;4.40;837;30;1953.00;30
4875;30;625302299;4875;263;5711;5739;8.62;0.52;250.97;4.40;836;30;1954.00;28
4876;30;625302310;4876;268;5714;5743;8.62;0.53;250.98;4.40;838;30;1955.00;29
4876;30;625302322;4876;267;5715;5743;8.60;0.53;250.98;4.40;839;30;1956.00;28
4879;30;625302332;4879;265;5715;5743;8.63;0.53;251.01;4.40;836;30;1957.00;28
4881;30;625302343;4881;264;5716;5743;8.59;0.52;251.02;4.43;835;30;1958.00;27
4883;30;625302354;4883;262;5721;5749;8.62;0.53;250.99;4.43;838;30;1959.00;28
4885;30;625302365;4885;258;5721;5749;8.66;0.53;251.07;4.43;836;30;1960.00;28
4887;30;625302378;4887;254;5721;5749;8.67;0.53;251.06;4.43;834;30;1961.00;28
4887;30;625302391;4887;249;5724;5752;8.74;0.53;251.06;4.42;837;30;1962.00;28
4889;30;625302406;4889;246;5724;5752;8.74;0.53;251.06;4.42;835;30;1963.00;28
4891;30;625302420;4891;247;5724;5752;8.77;0.53;251.01;4.42;833;30;1964.00;28
4894;30;625302432;4894;239;5724;5753;8.85;0.54;251.01;4.42;830;30;1965.00;29
4895;30;625302446;4895;241;5725;5754;8.91;0.54;251.04;4.42;830;30;1966.00;29
4899;30;625302469;4899;235;5725;5754;8.91;0.54;251.04;4.42;826;30;1967.00;29
4902;30;625302480;4902;234;5734;5767;8.85;0.54;251.03;4.42;832;30;1968.00;33
4903;30;625302492;4903;233;5734;5767;8.82;0.54;251.06;4.42;831;30;1969.00;33
4905;30;625302503;4905;220;5734;5767;8.77;0.53;251.06;4.42;829;30;1970.00;33
4905;30;625302519;4905;218;5735;5768;8.82;0.54;251.06;4.42;830;30;1971.00;33
4910;30;625302535;4910;208;5735;5768;8.78;0.53;251.14;4.42;825;30;1972.00;33
4914;30;625302552;4914;194;5738;5772;8.79;0.53;251.29;4.41;824;30;1973.00;34
4920;30;625302565;4920;189;5741;5772;8.78;0.53;251.38;4.46;821;30;1974.00;31
4924;30;625302577;4924;195;5744;5776;8.78;0.53;251.44;4.45;820;30;1975.00;32
4927;30;625302588;4927;189;5745;5776;8.86;0.54;251.51;4.47;818;30;1976.00;31
4932;30;625302600;4932;182;5745;5776;8.86;0.54;251.52;4.47;813;30;1977.00;31
4935;30;625302611;4935;178;5746;5776;8.88;0.54;251.47;4.50;811;30;1978.00;30
4941;30;625302622;4941;171;5746;5776;8.85;0.54;251.60;4.50;805;30;1979.00;30
4943;30;625302634;4943;171;5766;5810;8.91;0.54;251.68;4.48;823;30;1980.00;44
4946;30;625302648;4946;165;5767;5810;8.88;0.54;251.69;4.48;821;30;1981.00;43
4948;30;625302659;4948;168;5768;5810;8.94;0.54;251.76;4.48;820;30;1982.00;42
4949;30;625302669;4949;170;5768;5810;8.89;0.54;251.75;4.48;819;30;1983.00;42
4952;31;625302680;4952;168;5769;5810;8.85;0.54;251.82;4.48;817;31;1984.00;41
4957;31;625302702;4957;164;5769;5810;8.86;0.54;251.85;4.48;812;31;1985.00;41
4958;31;625302714;4958;168;5770;5811;8.94;0.54;251.85;4.48;812;31;1986.00;41
4962;31;625302725;4962;168;5770;5811;8.98;0.54;251.92;4.48;808;31;1987.00;41
4965;31;625302742;4965;172;5775;5817;9.07;0.55;251.99;4.50;810;31;1988.00;42
4966;31;625302759;4966;166;5777;5818;9.17;0.56;251.94;4.49;811;31;1989.00;41
4971;31;625302771;4971;165;5779;5818;9.14;0.55;251.95;4.50;808;31;1990.00;39
4974;31;625302782;4974;169;5779;5818;9.09;0.55;251.97;4.50;805;31;1991.00;39
4975;31;625302793;4975;172;5782;5822;9.17;0.56;251.95;4.50;807;31;1992.00;40
4978;31;625302806;4978;173;5782;5822;9.22;0.56;251.97;4.50;804;31;1993.00;40
4980;31;625302817;4980;180;5783;5822;9.20;0.56;252.03;4.50;803;31;1994.00;39
4982;31;625302829;4982;181;5784;5823;9.24;0.56;252.05;4.50;802;31;1995.00;39
4983;31;625302841;4983;190;5788;5827;9.23;0.56;252.13;4.50;805;31;1996.00;39
4988;31;625302864;4988;190;5789;5827;9.18;0.56;252.26;4.51;801;31;1997.00;38
4990;31;625302884;4990;191;5792;5830;9.18;0.56;252.26;4.51;802;31;1998.00;38
4994;31;625302913;4994;196;5794;5830;9.13;0.55;252.37;4.51;800;31;1999.00;36
4996;31;625302939;4996;195;5796;5830;9.09;0.55;252.40;4.54;800;31;2000.00;34
4997;31;625302972;4997;200;5797;5830;9.14;0.55;252.38;4.54;800;31;2001.00;33
4998;31;625302989;4998;201;5800;5834;9.21;0.56;252.46;4.54;802;31;2002.00;34
5000;31;625303003;5000;204;5802;5834;9.22;0.56;252.60;4.56;802;31;2003.00;32
5000;31;625303019;5000;211;5803;5834;9.21;0.56;252.60;4.56;803;31;2004.00;31
5001;31;625303037;5001;211;5804;5834;9.25;0.56;252.64;4.58;803;31;2005.00;30
5003;31;625303052;5003;217;5805;5835;9.18;0.56;252.62;4.58;802;31;2006.00;30
5004;31;625303064;5004;215;5806;5836;9.22;0.56;252.61;4.58;802;31;2007.00;30
5007;31;625303077;5007;221;5807;5836;9.21;0.56;252.66;4.60;800;31;2008.00;29
5008;31;625303089;5008;228;5809;5837;9.17;0.56;252.66;4.60;801;31;2009.00;28
5011;31;625303102;5011;231;5810;5837;9.11;0.55;252.71;4.61;799;31;2010.00;27
5012;31;625303114;5012;233;5811;5837;9.08;0.55;252.68;4.62;799;31;2011.00;26
5014;31;625303126;5014;237;5813;5837;9.02;0.55;252.64;4.63;799;31;2012.00;24
5015;32;625303139;5015;241;5814;5837;8.97;0.55;252.61;4.65;799;32;2013.00;23
5016;32;625303170;5016;249;5815;5837;8.89;0.54;252.57;4.66;799;32;2014.00;22
5019;32;625303182;5019;248;5816;5837;8.75;0.54;252.57;4.66;797;32;2015.00;21
5023;32;625303194;5023;267;5883;5964;8.79;0.55;252.50;4.62;860;32;2016.00;81
5025;32;625303216;5025;269;5888;5965;8.63;0.54;252.55;4.62;863;32;2017.00;77
5026;32;625303227;5026;270;5897;5965;8.59;0.53;252.51;4.62;871;32;2018.00;68
5028;32;625303238;5028;273;5903;5965;8.46;0.52;252.47;4.62;875;32;2019.00;62
5031;32;625303249;5031;271;5909;5965;8.38;0.52;252.41;4.63;878;32;2020.00;56
5035;32;625303260;5035;268;5913;5965;8.30;0.51;252.31;4.63;878;32;2021.00;52
5037;32;625303272;5037;268;5921;5965;8.28;0.51;252.40;4.64;884;32;2022.00;44
5041;32;625303282;5041;263;5925;5965;8.24;0.51;252.29;4.64;884;32;2023.00;40
5043;32;625303294;5043;267;5931;5966;8.25;0.51;252.26;4.64;888;32;2024.00;35
5044;32;625303305;5044;271;5934;5968;8.27;0.51;252.22;4.65;890;32;2025.00;34
5049;32;625303317;5049;274;5935;5968;8.23;0.51;252.11;4.65;886;32;2026.00;33
5052;32;625303331;5052;278;5938;5969;8.22;0.51;252.07;4.66;886;32;2027.00;31
5056;32;625303344;5056;287;5940;5969;8.20;0.50;252.02;4.66;884;32;2028.00;29
5057;32;625303355;5057;294;5942;5969;8.09;0.50;252.00;4.67;885;32;2029.00;27
5058;32;625303367;5058;304;5944;5969;7.96;0.49;252.01;4.67;886;32;2030.00;25
5061;32;625303378;5061;312;5947;5973;7.84;0.48;252.00;4.67;886;32;2031.00;26
5064;32;625303392;5064;315;5951;5973;7.69;0.47;252.00;4.68;887;32;2032.00;22
5065;32;625303405;5065;326;5951;5973;7.52;0.46;252.01;4.68;886;32;2033.00;22
5068;32;625303418;5068;336;5955;5976;7.38;0.45;251.98;4.69;887;32;2034.00;21
5072;32;625303432;5072;346;5957;5976;7.24;0.44;251.96;4.69;885;32;2035.00;19
5074;32;625303443;5074;350;5958;5976;7.10;0.43;251.93;4.69;884;32;2036.00;18
5076;32;625303455;5076;354;5963;5980;6.94;0.43;251.89;4.69;887;32;2037.00;17
5080;32;625303468;5080;364;5965;5981;6.79;0.42;251.86;4.69;885;32;2038.00;16
5082;32;625303479;5082;368;5966;5981;6.67;0.41;251.92;4.69;884;32;2039.00;15
5086;32;625303491;5086;362;5972;5986;6.54;0.40;251.91;4.69;886;32;2040.00;14
5090;32;625303502;5090;357;5972;5986;6.41;0.39;251.83;4.69;882;32;2041.00;14
5092;32;625303514;5092;353;5972;5986;6.33;0.39;251.83;4.69;880;32;2042.00;14
5095;32;625303525;5095;344;5973;5987;6.27;0.39;251.87;4.69;878;32;2043.00;14
5097;32;625303536;5097;337;5973;5987;6.26;0.38;251.91;4.69;876;32;2044.00;14
5100;32;625303548;5100;328;5978;5993;6.30;0.39;251.99;4.68;878;32;2045.00;15
5103;32;625303560;5103;325;5979;5993;6.34;0.39;251.95;4.68;876;32;2046.00;14
5105;32;625303572;5105;322;5980;5994;6.45;0.39;251.98;4.68;875;32;2047.00;14
5109;32;625303585;5109;312;5980;5994;6.52;0.40;252.00;4.68;871;32;2048.00;14
5112;32;625303599;5112;304;5980;5994;6.59;0.40;251.97;4.68;868;32;2049.00;14
5113;32;625303611;5113;296;5980;5994;6.69;0.41;252.01;4.68;867;32;2050.00;14
5114;32;625303623;5114;293;5980;5994;6.78;0.41;252.04;4.68;866;32;2051.00;14
5117;32;625303635;5117;295;5991;6006;6.92;0.42;252.03;4.67;874;32;2052.00;15
5120;32;625303649;5120;294;5991;6006;6.99;0.43;251.98;4.67;871;32;2053.00;15
5122;32;625303671;5122;288;5992;6006;7.07;0.43;251.98;4.67;870;32;2054.00;14
5124;32;625303686;5124;287;5992;6006;7.15;0.44;251.97;4.67;868;32;2055.00;14
5126;32;625303701;5126;290;5992;6006;7.25;0.44;251.93;4.67;866;32;2056.00;14
5127;32;625303714;5127;288;5992;6006;7.29;0.45;251.96;4.67;865;32;2057.00;14
5131;32;625303728;5131;286;5996;6010;7.35;0.45;251.99;4.67;865;32;2058.00;14
5133;32;625303743;5133;279;5996;6010;7.46;0.46;252.00;4.67;863;32;2059.00;14
5135;32;625303755;5135;275;6000;6014;7.59;0.46;251.99;4.71;865;32;2060.00;14
5138;32;625303771;5138;276;6001;6015;7.59;0.46;252.01;4.71;863;32;2061.00;14
5141;32;625303786;5141;272;6002;6015;7.64;0.47;252.05;4.71;861;32;2062.00;13
5143;32;625303800;5143;269;6002;6015;7.65;0.47;252.07;4.71;859;32;2063.00;13
5146;32;625303815;5146;275;6015;6028;7.62;0.47;252.04;4.70;869;32;2064.00;13
5151;32;625303831;5151;278;6015;6028;7.61;0.47;252.07;4.70;864;32;2065.00;13
5156;32;625303847;5156;272;6015;6028;7.63;0.47;252.19;4.70;859;32;2066.00;13
5161;32;625303865;5161;267;6016;6029;7.69;0.47;252.24;4.70;855;32;2067.00;13
5162;32;625303882;5162;264;6016;6030;7.74;0.47;252.22;4.70;854;32;2068.00;14
5166;32;625303898;5166;271;6016;6030;7.78;0.48;252.16;4.70;850;32;2069.00;14
5170;32;625303914;5170;275;6019;6036;7.86;0.48;252.23;4.70;849;32;2070.00;17
5173;32;625303929;5173;268;6019;6036;7.88;0.48;252.33;4.70;846;32;2071.00;17
5178;32;625303941;5178;265;6020;6036;7.91;0.48;252.56;4.70;842;32;2072.00;16
5183;32;625303959;5183;268;6020;6036;7.90;0.48;252.68;4.70;837;32;2073.00;16
5189;32;625303972;5189;275;6024;6042;7.89;0.48;252.76;4.69;835;32;2074.00;18
5194;32;625303984;5194;276;6024;6042;7.83;0.48;252.80;4.69;830;32;2075.00;18
5197;32;625303996;5197;279;6026;6042;7.84;0.48;252.87;4.74;829;32;2076.00;16
5201;32;625304014;5201;282;6026;6042;7.89;0.48;252.91;4.74;825;32;2077.00;16
5205;32;625304026;5205;284;6030;6046;7.94;0.48;252.99;4.74;825;32;2078.00;16
5210;32;625304038;5210;287;6031;6047;7.95;0.48;253.09;4.74;821;32;2079.00;16
5216;32;625304049;5216;283;6032;6047;7.96;0.48;253.25;4.74;816;32;2080.00;15
5221;32;625304061;5221;283;6033;6048;7.98;0.49;253.20;4.74;812;32;2081.00;15
5224;32;625304073;5224;287;6033;6048;7.95;0.48;253.23;4.74;809;32;2082.00;15
5227;32;625304084;5227;293;6033;6048;7.86;0.48;253.19;4.74;806;32;2083.00;15
5231;32;625304096;5231;294;6033;6048;7.72;0.47;253.33;4.74;802;32;2084.00;15
5233;32;625304111;5233;297;6033;6048;7.64;0.47;253.42;4.74;800;32;2085.00;15
5238;32;625304125;5238;298;6033;6048;7.58;0.46;253.49;4.74;795;32;2086.00;15
5239;32;625304138;5239;288;6033;6048;7.59;0.46;253.51;4.74;794;32;2087.00;15
5243;32;625304150;5243;297;6076;6118;7.71;0.47;253.60;4.70;833;32;2088.00;42
5245;32;625304167;5245;289;6077;6119;7.82;0.48;253.74;4.70;832;32;2089.00;42
5247;32;625304179;5247;281;6083;6119;8.01;0.49;253.67;4.70;836;32;2090.00;36
5248;32;625304191;5248;276;6087;6119;8.15;0.50;253.73;4.75;839;32;2091.00;32
5252;33;625304203;5252;275;6091;6119;8.27;0.50;253.88;4.75;839;33;2092.00;28
5254;33;625304227;5254;272;6094;6119;8.38;0.51;253.97;4.75;840;33;2093.00;25
5258;33;625304239;5258;277;6097;6119;8.44;0.51;254.08;4.75;839;33;2094.00;22
5260;33;625304252;5260;275;6098;6119;8.42;0.51;254.25;4.75;838;33;2095.00;21
5263;33;625304264;5263;262;6100;6120;8.40;0.51;254.18;4.75;837;33;2096.00;20
5268;33;625304290;5268;259;6101;6121;8.38;0.51;254.40;4.75;833;33;2097.00;20
5270;33;625304304;5270;253;6102;6121;8.43;0.51;254.41;4.75;832;33;2098.00;19
5271;33;625304317;5271;251;6105;6125;8.39;0.51;254.43;4.74;834;33;2099.00;20
5277;33;625304332;5277;257;6109;6140;8.36;0.51;254.45;4.74;832;33;2100.00;31
5279;33;625304353;5279;254;6109;6140;8.46;0.52;254.45;4.74;830;33;2101.00;31
5282;33;625304366;5282;252;6109;6140;8.46;0.52;254.49;4.74;827;33;2102.00;31
5283;33;625304378;5283;246;6112;6146;8.49;0.52;254.49;4.74;829;33;2103.00;34
5286;33;625304391;5286;242;6112;6146;8.54;0.52;254.63;4.74;826;33;2104.00;34
5291;33;625304403;5291;244;6112;6146;8.58;0.52;254.61;4.74;821;33;2105.00;34
5292;34;625304415;5292;239;6117;6149;8.66;0.53;254.63;4.79;825;34;2106.00;32
5296;34;625304441;5296;235;6117;6149;8.75;0.53;254.72;4.79;821;34;2107.00;32
5302;34;625304455;5302;229;6117;6149;8.76;0.53;254.74;4.79;815;34;2108.00;32
5303;34;625304468;5303;224;6117;6150;8.82;0.54;254.73;4.79;814;34;2109.00;33
5307;34;625304482;5307;220;6118;6151;8.87;0.54;254.75;4.79;811;34;2110.00;33
5310;34;625304494;5310;214;6118;6151;8.87;0.54;254.75;4.79;808;34;2111.00;33
5312;34;625304507;5312;214;6129;6164;8.87;0.54;254.76;4.78;817;34;2112.00;35
5315;34;625304524;5315;207;6129;6164;8.86;0.54;254.73;4.78;814;34;2113.00;35
5317;34;625304537;5317;204;6129;6164;8.86;0.54;254.67;4.78;812;34;2114.00;35
5319;34;625304550;5319;208;6131;6166;8.94;0.54;254.69;4.78;812;34;2115.00;35
5322;34;625304562;5322;206;6131;6166;8.97;0.55;254.76;4.78;809;34;2116.00;35
5324;34;625304574;5324;204;6134;6170;9.07;0.55;254.76;4.78;810;34;2117.00;36
5326;35;625304585;5326;206;6135;6170;9.08;0.55;254.87;4.78;809;35;2118.00;35
5329;35;625304609;5329;204;6138;6174;9.15;0.56;254.85;4.78;809;35;2119.00;36
5331;35;625304624;5331;201;6139;6174;9.17;0.56;254.85;4.82;808;35;2120.00;35
5334;35;625304638;5334;205;6139;6174;9.18;0.56;254.89;4.82;805;35;2121.00;35
5334;35;625304660;5334;201;6139;6174;9.23;0.56;254.89;4.82;805;35;2122.00;35
5337;35;625304674;5337;202;6140;6174;9.22;0.56;254.88;4.82;803;35;2123.00;34
5338;35;625304688;5338;203;6150;6186;9.22;0.56;254.87;4.82;812;35;2124.00;36
5339;35;625304725;5339;213;6150;6186;9.25;0.56;254.87;4.82;811;35;2125.00;36
5341;35;625304738;5341;207;6152;6186;9.27;0.56;254.86;4.83;811;35;2126.00;34
5344;35;625304751;5344;207;6152;6186;9.29;0.56;254.96;4.83;808;35;2127.00;34
5346;35;625304763;5346;208;6153;6186;9.27;0.56;254.98;4.83;807;35;2128.00;33
5347;35;625304775;5347;210;6154;6186;9.26;0.56;254.98;4.83;807;35;2129.00;32
5348;35;625304789;5348;203;6156;6187;9.27;0.56;254.95;4.84;808;35;2130.00;31
5349;35;625304801;5349;191;6158;6187;9.30;0.57;254.97;4.84;809;35;2131.00;29
5350;35;625304812;5350;189;6161;6193;9.29;0.56;254.96;4.84;811;35;2132.00;32
5352;35;625304824;5352;183;6163;6194;9.27;0.56;254.93;4.84;811;35;2133.00;31
5358;35;625304838;5358;182;6164;6194;9.14;0.56;254.98;4.84;806;35;2134.00;30
5359;35;625304856;5359;181;6164;6194;9.03;0.55;255.00;4.84;805;35;2135.00;30
5360;35;625304873;5360;182;6167;6198;8.98;0.55;255.02;4.84;807;35;2136.00;31
5363;35;625304892;5363;180;6169;6198;8.92;0.54;254.98;4.89;806;35;2137.00;29
5363;35;625304913;5363;183;6171;6198;8.90;0.54;254.98;4.93;808;35;2138.00;27
5367;35;625304931;5367;175;6172;6199;8.91;0.54;254.99;4.93;805;35;2139.00;27
5374;35;625304949;5374;171;6176;6203;8.87;0.54;255.00;4.97;802;35;2140.00;27
5376;35;625304968;5376;168;6176;6203;8.92;0.54;254.98;4.97;800;35;2141.00;27
5380;35;625304982;5380;163;6179;6206;8.93;0.54;255.01;4.96;799;35;2142.00;27
5388;35;625304995;5388;158;6180;6206;8.86;0.54;254.95;5.00;792;35;2143.00;26
5390;35;625305011;5390;155;6180;6206;8.85;0.54;254.96;5.00;790;35;2144.00;26
5394;35;625305025;5394;162;6182;6206;8.75;0.53;254.96;5.02;788;35;2145.00;24
5401;35;625305040;5401;163;6186;6210;8.72;0.53;254.94;5.05;785;35;2146.00;24
5403;35;625305064;5403;164;6187;6210;8.71;0.53;254.93;5.05;784;35;2147.00;23
5406;35;625305079;5406;163;6188;6210;8.70;0.53;254.90;5.08;782;35;2148.00;22
5408;35;625305095;5408;162;6188;6210;8.65;0.53;254.89;5.08;780;35;2149.00;22
5411;35;625305109;5411;166;6189;6211;8.55;0.52;254.82;5.10;778;35;2150.00;22
5411;35;625305121;5411;167;6190;6212;8.60;0.53;254.82;5.10;779;35;2151.00;22
5413;35;625305133;5413;166;6190;6212;8.65;0.53;254.81;5.10;777;35;2152.00;22
5415;35;625305146;5415;164;6192;6213;8.72;0.53;254.82;5.12;777;35;2153.00;21
5418;35;625305158;5418;165;6192;6213;8.76;0.54;254.78;5.12;774;35;2154.00;21
5421;35;625305171;5421;161;6193;6213;8.78;0.54;254.80;5.15;772;35;2155.00;20
5423;35;625305189;5423;165;6193;6213;8.75;0.53;254.75;5.15;770;35;2156.00;20
5427;35;625305204;5427;166;6193;6213;8.69;0.53;254.83;5.15;766;35;2157.00;20
5429;35;625305216;5429;168;6194;6213;8.65;0.53;254.81;5.16;765;35;2158.00;19
5432;35;625305229;5432;172;6194;6213;8.72;0.53;254.83;5.16;762;35;2159.00;19
5434;35;625305242;5434;211;6290;6443;8.83;0.55;254.77;5.08;856;35;2160.00;153
5438;35;625305276;5438;208;6291;6444;8.79;0.55;254.85;5.08;853;35;2161.00;153
5439;35;625305293;5439;199;6303;6444;8.87;0.55;254.87;5.07;864;35;2162.00;141
5439;35;625305316;5439;204;6311;6444;8.90;0.55;254.87;5.07;872;35;2163.00;133
5442;35;625305328;5442;204;6319;6444;8.85;0.55;254.81;5.07;877;35;2164.00;125
5443;35;625305339;5443;206;6327;6444;8.75;0.54;254.79;5.07;884;35;2165.00;117
5446;35;625305358;5446;205;6334;6444;8.69;0.54;254.77;5.07;888;35;2166.00;110
5449;35;625305376;5449;213;6340;6444;8.60;0.53;254.72;5.07;891;35;2167.00;104
5452;35;625305387;5452;216;6344;6445;8.58;0.53;254.64;5.07;892;35;2168.00;101
5453;35;625305406;5453;225;6351;6446;8.57;0.53;254.63;5.09;898;35;2169.00;95
5454;35;625305418;5454;231;6356;6446;8.52;0.53;254.68;5.10;902;35;2170.00;90
5456;35;625305429;5456;240;6357;6447;8.50;0.53;254.62;5.10;901;35;2171.00;90
5457;35;625305441;5457;242;6361;6447;8.49;0.53;254.59;5.12;904;35;2172.00;86
5460;35;625305453;5460;248;6364;6447;8.46;0.52;254.56;5.12;904;35;2173.00;83
5464;35;625305465;5464;256;6369;6447;8.36;0.52;254.52;5.13;905;35;2174.00;78
5465;35;625305476;5465;259;6376;6451;8.25;0.51;254.54;5.16;911;35;2175.00;75
5465;35;625305488;5465;264;6378;6451;8.16;0.50;254.54;5.16;913;35;2176.00;73
5465;35;625305499;5465;271;6381;6451;8.05;0.50;254.54;5.18;916;35;2177.00;70
5471;35;625305517;5471;277;6386;6454;7.88;0.49;254.56;5.19;915;35;2178.00;68
5473;35;625305534;5473;285;6390;6454;7.80;0.48;254.54;5.20;917;35;2179.00;64
5474;35;625305545;5474;286;6394;6454;7.69;0.47;254.52;5.22;920;35;2180.00;60
5478;35;625305562;5478;296;6400;6458;7.57;0.46;254.48;5.25;922;35;2181.00;58
5478;35;625305573;5478;304;6403;6459;7.52;0.46;254.48;5.26;925;35;2182.00;56
5478;35;625305584;5478;320;6406;6459;7.45;0.46;254.48;5.27;928;35;2183.00;53
5480;35;625305596;5480;334;6410;6463;7.37;0.45;254.52;5.29;930;35;2184.00;53
5483;35;625305607;5483;341;6413;6463;7.29;0.45;254.40;5.30;930;35;2185.00;50
5484;35;625305617;5484;348;6418;6463;7.21;0.44;254.41;5.31;934;35;2186.00;45
5486;35;625305628;5486;352;6422;6464;7.15;0.44;254.35;5.32;936;35;2187.00;42
5488;35;625305639;5488;359;6425;6464;7.00;0.43;254.29;5.34;937;35;2188.00;39
5490;35;625305650;5490;363;6429;6470;6.90;0.42;254.22;5.34;939;35;2189.00;41
5492;35;625305663;5492;365;6433;6470;6.77;0.42;254.21;5.36;941;35;2190.00;37
5493;35;625305674;5493;370;6433;6471;6.70;0.41;254.17;5.36;940;35;2191.00;38
5495;35;625305685;5495;374;6437;6471;6.59;0.40;254.16;5.37;942;35;2192.00;34
5495;35;625305702;5495;380;6438;6471;6.58;0.40;254.16;5.38;943;35;2193.00;33
5497;35;625305717;5497;387;6441;6471;6.51;0.40;254.12;5.39;944;35;2194.00;30
5499;35;625305727;5499;381;6444;6471;6.47;0.40;254.08;5.39;945;35;2195.00;27
5502;35;625305738;5502;370;6455;6483;6.49;0.40;254.08;5.39;953;35;2196.00;28
5504;35;625305750;5504;369;6456;6483;6.48;0.40;254.03;5.39;952;35;2197.00;27
5504;35;625305761;5504;362;6458;6483;6.52;0.40;254.03;5.40;954;35;2198.00;25
5505;35;625305772;5505;364;6458;6483;6.56;0.40;254.00;5.40;953;35;2199.00;25
5505;35;625305784;5505;366;6460;6483;6.61;0.40;254.00;5.41;955;35;2200.00;23
5508;35;625305799;5508;364;6460;6483;6.62;0.40;253.96;5.41;952;35;2201.00;23
5509;35;625305817;5509;362;6463;6487;6.63;0.40;253.96;5.40;954;35;2202.00;24
5510;36;625305828;5510;364;6464;6487;6.61;0.40;253.92;5.41;954;36;2203.00;23
5513;36;625305850;5513;363;6468;6491;6.57;0.40;253.91;5.41;955;36;2204.00;23
5514;36;625305864;5514;370;6470;6493;6.55;0.40;253.90;5.41;956;36;2205.00;23
5518;36;625305875;5518;368;6471;6493;6.53;0.40;253.99;5.41;953;36;2206.00;22
5522;36;625305886;5522;367;6472;6493;6.48;0.40;253.99;5.42;950;36;2207.00;21
5523;36;625305898;5523;373;6484;6506;6.45;0.40;254.03;5.41;961;36;2208.00;22
5525;36;625305910;5525;374;6484;6506;6.38;0.39;254.03;5.41;959;36;2209.00;22
5529;36;625305921;5529;351;6486;6508;6.36;0.39;254.00;5.41;957;36;2210.00;22
5530;36;625305960;5530;340;6488;6509;6.41;0.39;254.03;5.41;958;36;2211.00;21
5533;36;625305971;5533;329;6488;6510;6.41;0.39;254.07;5.41;955;36;2212.00;22
5535;36;625305982;5535;338;6488;6510;6.40;0.39;254.13;5.41;953;36;2213.00;22
5536;36;625305992;5536;336;6493;6513;6.39;0.39;254.09;5.42;957;36;2214.00;20
5539;36;625306010;5539;338;6493;6513;6.44;0.40;254.12;5.42;954;36;2215.00;20
5545;36;625306021;5545;335;6494;6513;6.45;0.40;254.21;5.42;949;36;2216.00;19
5549;36;625306037;5549;320;6494;6513;6.53;0.40;254.23;5.42;945;36;2217.00;19
5551;36;625306049;5551;321;6497;6519;6.65;0.41;254.29;5.41;946;36;2218.00;22
5554;36;625306061;5554;312;6498;6519;6.72;0.41;254.48;5.42;944;36;2219.00;21
5558;36;625306074;5558;311;6498;6519;6.74;0.41;254.65;5.42;940;36;2220.00;21
5558;36;625306085;5558;300;6500;6519;6.84;0.42;254.65;5.42;942;36;2221.00;19
5563;36;625306097;5563;291;6503;6523;6.93;0.43;254.82;5.41;940;36;2222.00;20
5567;36;625306108;5567;281;6506;6524;7.00;0.43;255.05;5.42;939;36;2223.00;18
5569;36;625306121;5569;283;6506;6524;7.11;0.44;255.07;5.42;937;36;2224.00;18
5576;36;625306132;5576;283;6507;6525;7.16;0.44;255.17;5.42;931;36;2225.00;18
5580;36;625306144;5580;276;6507;6525;7.25;0.44;255.11;5.42;927;36;2226.00;18
5585;36;625306155;5585;283;6507;6525;7.32;0.45;255.22;5.42;922;36;2227.00;18
5592;36;625306166;5592;274;6507;6525;7.30;0.45;255.28;5.42;915;36;2228.00;18
5598;36;625306178;5598;271;6507;6525;7.30;0.45;255.29;5.42;909;36;2229.00;18
5602;36;625306190;5602;273;6507;6525;7.30;0.45;255.29;5.42;905;36;2230.00;18
5604;36;625306202;5604;266;6507;6525;7.34;0.45;255.29;5.42;903;36;2231.00;18
5609;36;625306214;5609;267;6544;6595;7.45;0.46;255.37;5.39;935;36;2232.00;51
5612;36;625306239;5612;261;6546;6596;7.53;0.46;255.42;5.39;934;36;2233.00;50
5620;36;625306252;5620;260;6554;6596;7.59;0.46;255.31;5.38;934;36;2234.00;42
5621;36;625306267;5621;260;6555;6596;7.65;0.47;255.33;5.38;934;36;2235.00;41
5624;36;625306280;5624;266;6559;6596;7.70;0.47;255.36;5.38;935;36;2236.00;37
5630;36;625306293;5630;268;6563;6596;7.76;0.47;255.47;5.38;933;36;2237.00;33
5634;36;625306306;5634;272;6568;6596;7.83;0.48;255.50;5.38;934;36;2238.00;28
5637;36;625306321;5637;278;6570;6596;7.90;0.48;255.53;5.38;933;36;2239.00;26
5644;36;625306334;5644;272;6573;6597;7.87;0.48;255.65;5.38;929;36;2240.00;24
5646;36;625306347;5646;276;6574;6598;7.92;0.48;255.70;5.38;928;36;2241.00;24
5649;36;625306360;5649;275;6575;6598;7.94;0.49;255.72;5.38;926;36;2242.00;23
5652;36;625306373;5652;281;6578;6602;7.94;0.49;255.77;5.38;926;36;2243.00;24
5658;36;625306386;5658;283;6578;6602;7.94;0.48;255.68;5.38;920;36;2244.00;24
5660;36;625306399;5660;287;6578;6602;7.92;0.48;255.72;5.38;918;36;2245.00;24
5665;36;625306411;5665;288;6578;6602;7.97;0.49;255.77;5.38;913;36;2246.00;24
5669;36;625306424;5669;294;6582;6608;7.98;0.49;255.93;5.38;913;36;2247.00;26
5672;36;625306443;5672;295;6582;6608;8.00;0.49;255.94;5.38;910;36;2248.00;26
5677;36;625306459;5677;291;6583;6608;7.98;0.49;255.94;5.38;906;36;2249.00;25
5681;36;625306474;5681;291;6586;6614;8.04;0.49;255.99;5.38;905;36;2250.00;28
5686;36;625306488;5686;289;6587;6614;8.00;0.49;256.08;5.38;901;36;2251.00;27
5689;36;625306500;5689;296;6587;6614;7.99;0.49;256.06;5.38;898;36;2252.00;27
5692;36;625306516;5692;304;6588;6615;7.99;0.49;256.21;5.38;896;36;2253.00;27
5698;36;625306531;5698;303;6589;6616;7.96;0.48;256.24;5.38;891;36;2254.00;27
5700;36;625306545;5700;305;6590;6616;7.97;0.49;256.33;5.38;890;36;2255.00;26
5704;36;625306557;5704;312;6600;6629;8.03;0.49;256.35;5.37;896;36;2256.00;29
5705;36;625306570;5705;300;6600;6629;8.03;0.49;256.41;5.37;895;36;2257.00;29
5710;36;625306583;5710;298;6601;6629;8.02;0.49;256.62;5.37;891;36;2258.00;28
5712;36;625306596;5712;296;6602;6630;8.04;0.49;256.69;5.37;890;36;2259.00;28
5717;36;625306608;5717;298;6602;6630;8.06;0.49;256.74;5.37;885;36;2260.00;28
5721;36;625306621;5721;294;6605;6634;8.03;0.49;256.84;5.36;884;36;2261.00;29
5727;36;625306635;5727;290;6605;6634;8.07;0.49;256.85;5.36;878;36;2262.00;29
5730;36;625306648;5730;288;6609;6638;7.99;0.49;256.90;5.36;879;36;2263.00;29
5734;36;625306661;5734;288;6609;6638;7.96;0.48;257.01;5.36;875;36;2264.00;29
5737;36;625306673;5737;292;6609;6638;7.92;0.48;257.06;5.36;872;36;2265.00;29
5738;36;625306691;5738;280;6609;6638;7.97;0.49;257.10;5.36;871;36;2266.00;29
5742;36;625306704;5742;270;6609;6638;7.98;0.49;257.01;5.36;867;36;2267.00;29
5745;36;625306716;5745;263;6618;6650;8.03;0.49;257.18;5.35;873;36;2268.00;32
5747;36;625306730;5747;258;6618;6650;8.13;0.50;257.22;5.35;871;36;2269.00;32
5750;36;625306742;5750;257;6620;6650;8.20;0.50;257.26;5.35;870;36;2270.00;30
5755;36;625306755;5755;260;6620;6650;8.28;0.50;257.29;5.35;865;36;2271.00;30
5761;36;625306768;5761;250;6620;6650;8.33;0.51;257.38;5.35;859;36;2272.00;30
5763;36;625306780;5763;252;6620;6650;8.39;0.51;257.37;5.35;857;36;2273.00;30
5773;36;625306794;5773;254;6620;6651;8.35;0.51;257.52;5.35;847;36;2274.00;31
5774;36;625306808;5774;247;6620;6651;8.37;0.51;257.52;5.35;846;36;2275.00;31
5777;36;625306820;5777;248;6624;6657;8.38;0.51;257.58;5.35;847;36;2276.00;33
5783;36;625306833;5783;239;6625;6658;8.40;0.51;257.73;5.35;842;36;2277.00;33
5783;36;625306846;5783;237;6626;6658;8.48;0.51;257.73;5.35;843;36;2278.00;32
5785;36;625306861;5785;232;6626;6658;8.53;0.52;257.86;5.35;841;36;2279.00;32
5787;36;625306882;5787;228;6630;6663;8.54;0.52;257.83;5.35;843;36;2280.00;33
5790;36;625306903;5790;228;6630;6663;8.55;0.52;257.90;5.35;840;36;2281.00;33
5791;36;625306921;5791;226;6630;6663;8.55;0.52;257.87;5.35;839;36;2282.00;33
5793;36;625306940;5793;225;6631;6664;8.62;0.52;257.93;5.35;838;36;2283.00;33
5797;36;625306958;5797;224;6634;6668;8.59;0.52;258.00;5.34;837;36;2284.00;34
5804;36;625306976;5804;220;6634;6668;8.51;0.52;258.23;5.34;830;36;2285.00;34
5804;36;625306990;5804;218;6636;6671;8.57;0.52;258.23;5.34;832;36;2286.00;35
5808;36;625307002;5808;220;6636;6671;8.52;0.52;258.19;5.34;828;36;2287.00;35
5808;36;625307015;5808;215;6637;6671;8.55;0.52;258.19;5.34;829;36;2288.00;34
5809;36;625307027;5809;210;6637;6671;8.60;0.52;258.25;5.34;828;36;2289.00;34
5810;36;625307040;5810;210;6640;6675;8.62;0.52;258.23;5.34;830;36;2290.00;35
5812;36;625307054;5812;212;6640;6675;8.51;0.52;258.30;5.34;828;36;2291.00;35
5814;36;625307065;5814;214;6641;6675;8.54;0.52;258.28;5.34;827;36;2292.00;34
5816;36;625307077;5816;215;6641;6675;8.48;0.52;258.34;5.34;825;36;2293.00;34
5818;36;625307088;5818;219;6641;6676;8.45;0.51;258.38;5.34;823;36;2294.00;35
5821;36;625307100;5821;217;6643;6678;8.41;0.51;258.46;5.34;822;36;2295.00;35
5822;36;625307111;5822;222;6643;6678;8.36;0.51;258.46;5.34;821;36;2296.00;35
5824;36;625307122;5824;227;6644;6679;8.32;0.51;258.55;5.34;820;36;2297.00;35
5825;36;625307133;5825;231;6645;6679;8.26;0.50;258.53;5.36;820;36;2298.00;34
5826;36;625307145;5826;223;6645;6679;8.21;0.50;258.53;5.36;819;36;2299.00;34
5829;36;625307157;5829;220;6645;6679;8.17;0.50;258.51;5.36;816;36;2300.00;34
5833;36;625307172;5833;219;6645;6679;8.09;0.49;258.56;5.36;812;36;2301.00;34
5835;36;625307184;5835;208;6645;6679;8.09;0.49;258.55;5.36;810;36;2302.00;34
5835;36;625307196;5835;206;6645;6679;8.10;0.49;258.55;5.36;810;36;2303.00;34
5837;36;625307207;5837;230;6716;6806;8.02;0.49;258.56;5.30;879;36;2304.00;90
5840;36;625307229;5840;219;6716;6807;7.99;0.49;258.57;5.30;876;36;2305.00;91
5841;36;625307241;5841;202;6724;6807;8.11;0.50;258.61;5.30;883;36;2306.00;83
5843;36;625307252;5843;199;6726;6807;8.17;0.50;258.57;5.30;883;36;2307.00;81
5846;36;625307263;5846;196;6730;6807;8.19;0.50;258.53;5.30;884;36;2308.00;77
5849;36;625307276;5849;190;6733;6807;8.20;0.50;258.57;5.30;884;36;2309.00;74
5853;36;625307288;5853;191;6738;6807;8.21;0.50;258.60;5.30;885;36;2310.00;69
5855;36;625307307;5855;192;6740;6807;8.24;0.50;258.55;5.30;885;36;2311.00;67
5856;36;625307318;5856;189;6744;6808;8.24;0.50;258.56;5.30;888;36;2312.00;64
5856;36;625307329;5856;188;6747;6809;8.22;0.50;258.56;5.30;891;36;2313.00;62
5857;36;625307340;5857;193;6751;6809;8.19;0.50;258.55;5.30;894;36;2314.00;58
5863;36;625307350;5863;188;6754;6810;8.08;0.50;258.51;5.32;891;36;2315.00;56
5867;36;625307362;5867;191;6760;6810;7.98;0.49;258.45;5.36;893;36;2316.00;50
5869;36;625307374;5869;191;6762;6810;7.91;0.48;258.43;5.36;893;36;2317.00;48
5873;36;625307386;5873;197;6765;6810;7.84;0.48;258.40;5.36;892;36;2318.00;45
5873;36;625307397;5873;198;6768;6814;7.76;0.48;258.40;5.36;895;36;2319.00;46
5876;36;625307409;5876;198;6770;6814;7.64;0.47;258.34;5.36;894;36;2320.00;44
5878;36;625307420;5878;199;6770;6814;7.50;0.46;258.34;5.36;892;36;2321.00;44
5879;36;625307431;5879;207;6773;6817;7.45;0.46;258.31;5.36;894;36;2322.00;44
5883;36;625307450;5883;205;6774;6817;7.28;0.44;258.24;5.39;891;36;2323.00;43
5884;36;625307462;5884;209;6775;6817;7.21;0.44;258.25;5.39;891;36;2324.00;42
5885;36;625307474;5885;209;6778;6821;7.18;0.44;258.23;5.38;893;36;2325.00;43
5886;36;625307485;5886;216;6780;6822;7.17;0.44;258.27;5.38;894;36;2326.00;42
5887;36;625307496;5887;219;6780;6822;7.15;0.44;258.23;5.38;893;36;2327.00;42
5889;36;625307506;5889;224;6783;6826;7.13;0.44;258.17;5.38;894;36;2328.00;43
5891;36;625307518;5891;229;6783;6826;7.04;0.43;258.15;5.38;892;36;2329.00;43
5895;36;625307529;5895;238;6783;6826;7.03;0.43;258.14;5.38;888;36;2330.00;43
5896;36;625307540;5896;242;6784;6827;6.98;0.43;258.10;5.38;888;36;2331.00;43
5898;36;625307551;5898;245;6784;6827;6.90;0.42;258.06;5.38;886;36;2332.00;43
5902;36;625307563;5902;249;6788;6833;6.89;0.42;258.07;5.38;886;36;2333.00;45
5904;36;625307575;5904;257;6788;6833;6.91;0.42;258.00;5.38;884;36;2334.00;45
5904;36;625307585;5904;257;6789;6834;6.95;0.42;258.00;5.38;885;36;2335.00;45
5907;36;625307598;5907;262;6790;6834;6.93;0.42;257.93;5.39;883;36;2336.00;44
5907;36;625307610;5907;266;6790;6834;6.91;0.42;257.93;5.39;883;36;2337.00;44
5907;36;625307621;5907;269;6790;6834;6.95;0.42;257.93;5.39;883;36;2338.00;44
5909;36;625307632;5909;276;6791;6834;6.93;0.42;257.92;5.41;882;36;2339.00;43
5910;36;625307645;5910;281;6814;6870;7.04;0.43;257.93;5.41;904;36;2340.00;56
5913;36;625307664;5913;289;6814;6870;7.04;0.43;257.94;5.41;901;36;2341.00;56
5913;36;625307676;5913;295;6819;6870;7.03;0.43;257.94;5.43;906;36;2342.00;51
5916;36;625307687;5916;302;6820;6870;7.01;0.43;257.96;5.43;904;36;2343.00;50
5917;36;625307698;5917;304;6823;6870;7.01;0.43;257.94;5.45;906;36;2344.00;47
5919;36;625307709;5919;309;6824;6870;6.92;0.42;257.93;5.46;905;36;2345.00;46
5920;36;625307721;5920;316;6828;6874;6.91;0.42;257.90;5.46;908;36;2346.00;46
5921;36;625307732;5921;301;6830;6874;6.94;0.42;257.89;5.47;909;36;2347.00;44
5921;36;625307743;5921;299;6834;6878;6.96;0.42;257.89;5.49;913;36;2348.00;44
5921;36;625307761;5921;297;6836;6879;6.99;0.43;257.89;5.49;915;36;2349.00;43
5924;36;625307772;5924;288;6840;6879;7.00;0.43;257.82;5.53;916;36;2350.00;39
5924;36;625307783;5924;281;6841;6879;6.95;0.42;257.82;5.53;917;36;2351.00;38
5925;36;625307794;5925;280;6851;6892;6.89;0.42;257.78;5.52;926;36;2352.00;41
5928;36;625307806;5928;281;6854;6892;6.90;0.42;257.75;5.54;926;36;2353.00;38
5929;36;625307817;5929;276;6854;6892;6.90;0.42;257.77;5.54;925;36;2354.00;38
5930;36;625307828;5930;281;6855;6893;6.91;0.42;257.76;5.53;925;36;2355.00;38
5931;37;625307846;5931;282;6857;6894;6.90;0.42;257.74;5.56;926;37;2356.00;37
5933;37;625307870;5933;290;6857;6894;6.90;0.42;257.74;5.56;924;37;2357.00;37
5934;37;625307881;5934;295;6859;6897;6.91;0.42;257.70;5.55;925;37;2358.00;38
5935;37;625307901;5935;295;6861;6897;6.92;0.42;257.68;5.57;926;37;2359.00;36
5936;37;625307912;5936;293;6863;6897;6.96;0.42;257.66;5.58;927;37;2360.00;34
5936;37;625307922;5936;292;6864;6897;7.00;0.43;257.66;5.59;928;37;2361.00;33
5936;37;625307933;5936;289;6868;6903;7.12;0.43;257.66;5.59;932;37;2362.00;35
5938;37;625307944;5938;289;6870;6903;7.16;0.44;257.64;5.60;932;37;2363.00;33
5939;37;625307954;5939;288;6871;6903;7.18;0.44;257.63;5.60;932;37;2364.00;32
5940;37;625307965;5940;283;6871;6903;7.21;0.44;257.61;5.60;931;37;2365.00;32
5941;37;625307977;5941;283;6876;6907;7.22;0.44;257.60;5.61;935;37;2366.00;31
5942;37;625307988;5942;278;6877;6908;7.23;0.44;257.59;5.61;935;37;2367.00;31
5944;37;625307999;5944;285;6877;6908;7.27;0.44;257.54;5.61;933;37;2368.00;31
5948;37;625308010;5948;287;6880;6909;7.29;0.44;257.51;5.63;932;37;2369.00;29
5949;37;625308022;5949;289;6880;6909;7.31;0.44;257.49;5.63;931;37;2370.00;29
5954;37;625308033;5954;291;6882;6909;7.26;0.44;257.48;5.64;928;37;2371.00;27
5958;37;625308043;5958;291;6882;6909;7.23;0.44;257.50;5.64;924;37;2372.00;27
5962;37;625308054;5962;288;6883;6909;7.18;0.44;257.52;5.64;921;37;2373.00;26
5964;37;625308070;5964;285;6884;6909;7.16;0.44;257.54;5.65;920;37;2374.00;25
5968;37;625308080;5968;288;6885;6909;7.14;0.44;257.55;5.65;917;37;2375.00;24
5969;37;625308091;5969;296;6923;6979;7.30;0.45;257.59;5.62;954;37;2376.00;56
5975;37;625308106;5975;297;6926;6980;7.26;0.45;257.66;5.63;951;37;2377.00;54
5979;37;625308116;5979;298;6935;6980;7.25;0.44;257.70;5.63;956;37;2378.00;45
5981;37;625308126;5981;299;6939;6980;7.14;0.44;257.71;5.63;958;37;2379.00;41
5986;37;625308142;5986;292;6945;6980;7.05;0.43;257.78;5.63;959;37;2380.00;35
5988;37;625308152;5988;294;6947;6980;6.96;0.43;257.78;5.63;959;37;2381.00;33
5991;37;625308163;5991;284;6951;6980;6.88;0.42;257.86;5.63;960;37;2382.00;29
5995;37;625308179;5995;291;6954;6980;6.83;0.42;257.98;5.63;959;37;2383.00;26
5999;37;625308190;5999;290;6959;6981;6.78;0.42;258.03;5.63;960;37;2384.00;22
6004;37;625308201;6004;298;6963;6983;6.80;0.42;258.05;5.63;959;37;2385.00;20
6007;37;625308212;6007;300;6963;6983;6.80;0.42;258.13;5.63;956;37;2386.00;20
6009;37;625308224;6009;304;6968;6987;6.85;0.42;258.19;5.63;959;37;2387.00;19
6011;37;625308235;6011;303;6968;6987;6.97;0.43;258.20;5.63;957;37;2388.00;19
6016;37;625308247;6016;304;6968;6987;7.08;0.43;258.24;5.63;952;37;2389.00;19
6022;37;625308259;6022;299;6968;6987;7.15;0.44;258.24;5.63;946;37;2390.00;19
6024;37;625308271;6024;295;6972;6993;7.28;0.45;258.32;5.63;948;37;2391.00;21
6030;37;625308283;6030;298;6973;6993;7.33;0.45;258.43;5.63;943;37;2392.00;20
6033;37;625308295;6033;300;6973;6993;7.37;0.45;258.51;5.63;940;37;2393.00;20
6037;37;625308307;6037;300;6976;6996;7.41;0.45;258.56;5.63;939;37;2394.00;20
6040;37;625308319;6040;297;6976;6996;7.49;0.46;258.65;5.63;936;37;2395.00;20
6046;37;625308331;6046;295;6976;6996;7.57;0.46;258.71;5.63;930;37;2396.00;20
6051;37;625308344;6051;289;6976;6997;7.62;0.47;258.76;5.63;925;37;2397.00;21
6059;37;625308356;6059;284;6977;6998;7.62;0.47;258.76;5.63;918;37;2398.00;21
6064;37;625308368;6064;277;6978;6998;7.64;0.47;258.81;5.66;914;37;2399.00;20
6069;37;625308383;6069;280;7002;7057;7.69;0.47;258.81;5.64;933;37;2400.00;55
6072;37;625308405;6072;276;7004;7057;7.73;0.47;258.87;5.64;932;37;2401.00;53
6077;37;625308418;6077;269;7006;7057;7.78;0.48;258.96;5.64;929;37;2402.00;51
6080;37;625308430;6080;266;7007;7058;7.87;0.48;259.05;5.64;927;37;2403.00;51
6088;37;625308443;6088;265;7009;7058;7.86;0.48;259.06;5.64;921;37;2404.00;49
6093;37;625308455;6093;266;7012;7062;7.88;0.48;259.16;5.64;919;37;2405.00;50
6097;37;625308469;6097;264;7013;7062;7.89;0.48;259.23;5.64;916;37;2406.00;49
6102;37;625308481;6102;262;7017;7066;7.93;0.48;259.28;5.63;915;37;2407.00;49
6106;37;625308499;6106;269;7018;7066;7.89;0.48;259.32;5.63;912;37;2408.00;48
6109;37;625308512;6109;267;7019;7066;7.84;0.48;259.37;5.63;910;37;2409.00;47
6111;37;625308524;6111;271;7019;7066;7.87;0.48;259.46;5.63;908;37;2410.00;47
6116;37;625308536;6116;277;7020;7066;7.83;0.48;259.59;5.64;904;37;2411.00;46
6119;37;625308549;6119;275;7028;7078;7.85;0.48;259.71;5.63;909;37;2412.00;50
6125;37;625308562;6125;283;7030;7078;7.80;0.48;259.75;5.63;905;37;2413.00;48
6128;37;625308574;6128;282;7030;7078;7.76;0.48;259.87;5.63;902;37;2414.00;48
6133;37;625308587;6133;295;7031;7078;7.70;0.47;259.89;5.63;898;37;2415.00;47
6135;37;625308599;6135;295;7031;7078;7.69;0.47;259.98;5.63;896;37;2416.00;47
6137;37;625308610;6137;297;7031;7078;7.69;0.47;260.05;5.63;894;37;2417.00;47
6139;37;625308622;6139;305;7031;7079;7.76;0.47;260.02;5.63;892;37;2418.00;48
6147;37;625308634;6147;310;7034;7079;7.69;0.47;260.14;5.64;887;37;2419.00;45
6149;37;625308647;6149;313;7037;7085;7.67;0.47;260.14;5.63;888;37;2420.00;48
6155;37;625308659;6155;314;7039;7086;7.62;0.46;260.24;5.64;884;37;2421.00;47
6158;37;625308672;6158;315;7039;7086;7.57;0.46;260.23;5.64;881;37;2422.00;47
6160;37;625308683;6160;314;7039;7086;7.55;0.46;260.32;5.64;879;37;2423.00;47
6163;37;625308696;6163;316;7041;7090;7.48;0.45;260.35;5.63;878;37;2424.00;49
6166;37;625308708;6166;318;7042;7090;7.41;0.45;260.55;5.64;876;37;2425.00;48
6168;37;625308719;6168;323;7042;7090;7.30;0.44;260.57;5.64;874;37;2426.00;48
6170;37;625308731;6170;314;7046;7091;7.25;0.44;260.58;5.64;876;37;2427.00;45
6174;37;625308742;6174;310;7049;7095;7.18;0.44;260.60;5.64;875;37;2428.00;46
6176;37;625308754;6176;312;7049;7095;7.16;0.43;260.67;5.64;873;37;2429.00;46
6179;37;625308768;6179;309;7053;7101;7.17;0.44;260.73;5.64;874;37;2430.00;48
6182;37;625308780;6182;307;7054;7101;7.23;0.44;260.74;5.64;872;37;2431.00;47
6185;37;625308791;6185;304;7054;7101;7.26;0.44;260.83;5.64;869;37;2432.00;47
6187;37;625308803;6187;304;7055;7101;7.34;0.45;260.78;5.65;868;37;2433.00;46
6188;37;625308815;6188;296;7058;7105;7.40;0.45;260.84;5.65;870;37;2434.00;47
6191;37;625308836;6191;295;7059;7105;7.43;0.45;260.87;5.65;868;37;2435.00;46
6193;37;625308848;6193;278;7060;7105;7.51;0.46;261.03;5.65;867;37;2436.00;45
6196;37;625308864;6196;261;7060;7105;7.57;0.46;261.05;5.65;864;37;2437.00;45
6198;37;625308882;6198;259;7061;7106;7.65;0.47;261.04;5.65;863;37;2438.00;45
6203;37;625308901;6203;250;7064;7107;7.71;0.47;261.17;5.65;861;37;2439.00;43
6205;37;625308921;6205;238;7064;7107;7.77;0.47;261.22;5.65;859;37;2440.00;43
6207;37;625308940;6207;224;7066;7108;7.84;0.48;261.26;5.65;859;37;2441.00;42
6211;37;625308959;6211;216;7066;7108;7.88;0.48;261.31;5.65;855;37;2442.00;42
6213;37;625308984;6213;210;7066;7108;7.97;0.48;261.34;5.65;853;37;2443.00;42
6215;37;625308997;6215;207;7068;7108;7.97;0.48;261.35;5.69;853;37;2444.00;40
6218;37;625309011;6218;209;7068;7108;8.05;0.49;261.44;5.69;850;37;2445.00;40
6221;37;625309042;6221;211;7068;7108;8.05;0.49;261.51;5.69;847;37;2446.00;40
6223;37;625309056;6223;194;7068;7108;8.11;0.49;261.67;5.69;845;37;2447.00;40
6224;37;625309070;6224;207;7130;7235;8.42;0.52;261.66;5.65;906;37;2448.00;105
6227;37;625309094;6227;202;7134;7236;8.48;0.52;261.71;5.69;907;37;2449.00;102
6229;37;625309106;6229;192;7143;7236;8.66;0.53;261.80;5.69;914;37;2450.00;93
6232;37;625309121;6232;194;7144;7236;8.69;0.54;261.85;5.69;912;37;2451.00;92
6233;37;625309134;6233;188;7150;7236;8.79;0.54;261.88;5.68;917;37;2452.00;86
6238;37;625309147;6238;187;7151;7236;8.79;0.54;261.96;5.72;913;37;2453.00;85
6241;37;625309160;6241;200;7158;7236;8.83;0.54;262.04;5.73;917;37;2454.00;78
6243;38;625309173;6243;203;7161;7236;8.86;0.55;262.10;5.73;918;38;2455.00;75
6251;38;625309199;6251;208;7165;7237;8.82;0.54;262.20;5.74;914;38;2456.00;72
6253;38;625309213;6253;210;7168;7238;8.86;0.54;262.19;5.74;915;38;2457.00;70
6259;38;625309225;6259;214;7173;7238;8.81;0.54;262.33;5.78;914;38;2458.00;65
6260;38;625309238;6260;228;7176;7239;8.77;0.54;262.44;5.78;916;38;2459.00;63
6263;38;625309253;6263;235;7179;7239;8.67;0.53;262.44;5.79;916;38;2460.00;60
6265;38;625309266;6265;236;7183;7239;8.58;0.53;262.51;5.80;918;38;2461.00;56
6272;38;625309279;6272;245;7185;7239;8.45;0.52;262.47;5.84;913;38;2462.00;54
6276;38;625309291;6276;249;7188;7243;8.33;0.51;262.50;5.84;912;38;2463.00;55
6277;38;625309305;6277;257;7190;7243;8.25;0.50;262.52;5.84;913;38;2464.00;53
6280;38;625309317;6280;259;7194;7243;8.21;0.50;262.52;5.86;914;38;2465.00;49
6280;38;625309330;6280;260;7196;7246;8.21;0.50;262.52;5.86;916;38;2466.00;50
6281;38;625309343;6281;267;7199;7246;8.16;0.50;262.50;5.86;918;38;2467.00;47
6282;38;625309356;6282;276;7201;7246;8.09;0.49;262.47;5.90;919;38;2468.00;45
6287;38;625309368;6287;278;7205;7250;7.99;0.49;262.55;5.90;918;38;2469.00;45
6288;38;625309380;6288;276;7206;7251;7.91;0.48;262.54;5.90;918;38;2470.00;45
6291;38;625309394;6291;273;7207;7251;7.86;0.48;262.46;5.90;916;38;2471.00;44
6294;38;625309406;6294;274;7210;7255;7.78;0.48;262.38;5.94;916;38;2472.00;45
6295;38;625309418;6295;276;7210;7255;7.75;0.47;262.35;5.94;915;38;2473.00;45
6297;38;625309430;6297;270;7211;7255;7.71;0.47;262.35;5.98;914;38;2474.00;44
6299;38;625309443;6299;271;7213;7257;7.67;0.47;262.41;5.98;914;38;2475.00;44
6302;38;625309455;6302;270;7214;7257;7.64;0.47;262.39;6.02;912;38;2476.00;43
6305;38;625309466;6305;275;7218;7263;7.59;0.46;262.45;6.02;913;38;2477.00;45
6310;38;625309479;6310;281;7219;7263;7.49;0.46;262.46;6.02;909;38;2478.00;44
6314;38;625309491;6314;270;7219;7264;7.43;0.45;262.44;6.02;905;38;2479.00;45
6316;38;625309502;6316;267;7220;7264;7.28;0.44;262.41;6.07;904;38;2480.00;44
6319;38;625309512;6319;261;7220;7264;7.14;0.44;262.47;6.07;901;38;2481.00;44
6324;38;625309525;6324;255;7221;7264;6.99;0.43;262.51;6.11;897;38;2482.00;43
6328;38;625309536;6328;245;7222;7264;6.87;0.42;262.47;6.14;894;38;2483.00;42
6330;38;625309547;6330;242;7232;7276;6.85;0.42;262.47;6.13;902;38;2484.00;44
6332;38;625309565;6332;233;7234;7276;6.79;0.41;262.49;6.16;902;38;2485.00;42
6335;38;625309577;6335;236;7236;7276;6.83;0.42;262.47;6.18;901;38;2486.00;40
6339;38;625309588;6339;239;7236;7276;6.83;0.42;262.41;6.18;897;38;2487.00;40
6343;38;625309598;6343;245;7236;7276;6.87;0.42;262.46;6.18;893;38;2488.00;40
6347;38;625309609;6347;252;7237;7276;6.88;0.42;262.41;6.21;890;38;2489.00;39
6350;38;625309621;6350;253;7240;7280;6.90;0.42;262.36;6.20;890;38;2490.00;40
6350;38;625309632;6350;255;7241;7280;6.94;0.42;262.36;6.22;891;38;2491.00;39
6350;38;625309643;6350;252;7244;7284;6.94;0.42;262.36;6.22;894;38;2492.00;40
6352;38;625309654;6352;255;7245;7285;6.97;0.42;262.35;6.22;893;38;2493.00;40
6353;38;625309664;6353;256;7247;7285;7.02;0.43;262.34;6.24;894;38;2494.00;38
6354;38;625309675;6354;254;7247;7285;7.06;0.43;262.32;6.24;893;38;2495.00;38
6355;38;625309684;6355;256;7258;7298;7.06;0.43;262.35;6.26;903;38;2496.00;40
6357;38;625309696;6357;254;7258;7298;7.04;0.43;262.29;6.26;901;38;2497.00;40
6359;38;625309707;6359;257;7258;7298;7.07;0.43;262.26;6.26;899;38;2498.00;40
6361;38;625309718;6361;245;7260;7299;7.05;0.43;262.20;6.27;899;38;2499.00;39
6363;38;625309729;6363;242;7260;7300;7.08;0.43;262.15;6.27;897;38;2500.00;40
6363;38;625309745;6363;238;7261;7300;7.12;0.43;262.15;6.29;898;38;2501.00;39
6365;38;625309756;6365;231;7263;7303;7.22;0.44;262.13;6.29;898;38;2502.00;40
6366;38;625309767;6366;227;7263;7303;7.26;0.44;262.09;6.29;897;38;2503.00;40
6367;38;625309778;6367;226;7264;7303;7.39;0.45;262.08;6.28;897;38;2504.00;39
6371;38;625309790;6371;216;7264;7303;7.46;0.45;262.10;6.28;893;38;2505.00;39
6372;38;625309802;6372;213;7268;7309;7.55;0.46;262.08;6.28;896;38;2506.00;41
6375;38;625309815;6375;209;7271;7309;7.57;0.46;262.07;6.30;896;38;2507.00;38
6376;38;625309827;6376;203;7271;7309;7.61;0.46;262.05;6.30;895;38;2508.00;38
6376;38;625309839;6376;199;7274;7309;7.60;0.46;262.05;6.33;898;38;2509.00;35
6377;38;625309859;6377;200;7278;7313;7.61;0.46;262.06;6.35;901;38;2510.00;35
6378;38;625309871;6378;199;7279;7314;7.65;0.46;262.02;6.34;901;38;2511.00;35
6379;38;625309882;6379;198;7282;7314;7.69;0.47;262.01;6.38;903;38;2512.00;32
6380;38;625309895;6380;201;7284;7315;7.76;0.47;262.02;6.38;904;38;2513.00;31
6381;38;625309906;6381;199;7286;7315;7.81;0.47;262.01;6.39;905;38;2514.00;29
6382;38;625309917;6382;202;7286;7315;7.86;0.47;262.01;6.39;904;38;2515.00;29
6382;38;625309929;6382;204;7287;7315;7.90;0.48;262.01;6.41;905;38;2516.00;28
6382;38;625309940;6382;205;7287;7315;7.91;0.48;262.01;6.41;905;38;2517.00;28
6383;38;625309951;6383;205;7290;7315;7.94;0.48;261.98;6.45;907;38;2518.00;25
6386;38;625309967;6386;205;7291;7315;7.93;0.48;261.99;6.46;905;38;2519.00;24
6389;38;625309980;6389;211;7345;7440;8.12;0.50;261.94;6.42;956;39;2520.00;95
6392;38;625310010;6392;210;7351;7441;8.09;0.50;261.91;6.44;959;39;2521.00;90
6393;38;625310021;6393;208;7364;7441;8.05;0.49;261.89;6.43;971;39;2522.00;77
6396;38;625310033;6396;206;7370;7441;7.98;0.49;261.94;6.44;974;39;2523.00;71
6398;38;625310044;6398;217;7377;7441;7.88;0.48;261.95;6.45;979;39;2524.00;64
6400;38;625310054;6400;221;7381;7441;7.81;0.48;262.00;6.45;981;39;2525.00;60
6402;38;625310065;6402;221;7388;7441;7.74;0.48;261.99;6.46;986;39;2526.00;53
6404;38;625310076;6404;233;7390;7441;7.69;0.47;262.04;6.46;986;39;2527.00;51
6406;38;625310087;6406;240;7399;7442;7.63;0.47;261.99;6.47;993;39;2528.00;43
6410;38;625310098;6410;239;7401;7443;7.60;0.47;261.98;6.47;991;39;2529.00;42
6413;38;625310110;6413;239;7406;7443;7.54;0.46;261.96;6.49;993;39;2530.00;37
6414;38;625310121;6414;236;7411;7447;7.49;0.46;261.97;6.48;997;39;2531.00;36
6417;38;625310138;6417;241;7415;7447;7.45;0.46;261.96;6.50;998;39;2532.00;32
6419;38;625310150;6419;243;7415;7447;7.46;0.46;261.99;6.50;996;39;2533.00;32
6420;38;625310162;6420;245;7417;7447;7.42;0.45;262.01;6.51;997;39;2534.00;30
6424;38;625310173;6424;246;7422;7453;7.41;0.45;262.06;6.50;998;39;2535.00;31
6425;38;625310186;6425;246;7425;7453;7.43;0.45;262.09;6.51;1000;39;2536.00;28
6427;38;625310198;6427;246;7427;7455;7.39;0.45;262.10;6.51;1000;39;2537.00;28
6431;38;625310211;6431;254;7429;7458;7.45;0.45;262.15;6.51;998;39;2538.00;29
6432;38;625310224;6432;258;7430;7458;7.45;0.46;262.13;6.52;998;39;2539.00;28
6434;38;625310241;6434;256;7432;7458;7.40;0.45;262.16;6.53;998;39;2540.00;26
6440;38;625310253;6440;260;7433;7459;7.30;0.44;262.28;6.54;993;39;2541.00;26
6444;38;625310265;6444;266;7435;7460;7.19;0.44;262.29;6.54;991;39;2542.00;25
6444;38;625310277;6444;267;7435;7460;7.11;0.43;262.29;6.54;991;39;2543.00;25
6449;38;625310288;6449;270;7447;7473;7.04;0.43;262.33;6.54;998;39;2544.00;26
6453;38;625310300;6453;274;7449;7473;7.00;0.43;262.36;6.53;996;39;2545.00;24
6458;38;625310312;6458;284;7450;7473;6.94;0.43;262.27;6.54;992;39;2546.00;23
6465;38;625310324;6465;287;7451;7474;6.85;0.42;262.28;6.54;986;39;2547.00;23
6468;38;625310335;6468;303;7453;7474;6.76;0.42;262.33;6.55;985;39;2548.00;21
6472;38;625310347;6472;301;7457;7478;6.73;0.41;262.33;6.55;985;39;2549.00;21
6478;38;625310361;6478;292;7459;7481;6.63;0.41;262.41;6.54;981;39;2550.00;22
6481;38;625310375;6481;284;7463;7485;6.61;0.41;262.37;6.54;982;39;2551.00;22
6485;38;625310387;6485;280;7465;7485;6.63;0.41;262.45;6.54;980;39;2552.00;20
6488;38;625310398;6488;276;7465;7485;6.66;0.41;262.52;6.54;977;39;2553.00;20
6493;38;625310410;6493;281;7465;7485;6.71;0.41;262.61;6.54;972;39;2554.00;20
6496;38;625310424;6496;278;7465;7485;6.76;0.42;262.72;6.54;969;39;2555.00;20
6497;38;625310436;6497;286;7475;7497;6.84;0.42;262.74;6.54;978;39;2556.00;22
6502;38;625310448;6502;284;7475;7497;6.87;0.42;262.84;6.54;973;39;2557.00;22
6506;38;625310460;6506;280;7476;7497;6.97;0.43;263.02;6.54;970;39;2558.00;21
6509;38;625310473;6509;270;7476;7497;7.05;0.43;263.03;6.54;967;39;2559.00;21
6513;38;625310485;6513;261;7476;7497;7.05;0.43;263.10;6.54;963;39;2560.00;21
6517;38;625310497;6517;260;7476;7497;7.05;0.43;263.24;6.54;959;39;2561.00;21
6521;38;625310509;6521;251;7476;7498;7.04;0.43;263.30;6.54;955;39;2562.00;22
6523;38;625310521;6523;246;7476;7498;7.05;0.44;263.34;6.54;953;39;2563.00;22
6527;38;625310532;6527;245;7480;7504;7.13;0.44;263.42;6.53;953;39;2564.00;24
6531;38;625310550;6531;245;7482;7506;7.24;0.45;263.43;6.53;951;39;2565.00;24
6537;38;625310562;6537;242;7483;7506;7.32;0.45;263.47;6.53;946;39;2566.00;23
6540;38;625310575;6540;244;7483;7506;7.40;0.46;263.45;6.53;943;39;2567.00;23
6544;38;625310586;6544;245;7486;7510;7.53;0.47;263.53;6.53;942;39;2568.00;24
6550;38;625310599;6550;242;7486;7510;7.58;0.47;263.61;6.53;936;39;2569.00;24
6553;38;625310611;6553;237;7486;7510;7.67;0.47;263.64;6.53;933;39;2570.00;24
6556;38;625310623;6556;232;7487;7511;7.71;0.48;263.70;6.53;931;39;2571.00;24
6563;38;625310634;6563;230;7490;7515;7.69;0.47;263.74;6.52;927;39;2572.00;25
6569;38;625310649;6569;230;7490;7515;7.72;0.48;263.83;6.52;921;39;2573.00;25
6574;38;625310661;6574;221;7492;7518;7.80;0.48;263.89;6.52;918;39;2574.00;26
6581;38;625310674;6581;218;7493;7518;7.83;0.48;263.97;6.52;912;39;2575.00;25
6585;38;625310685;6585;221;7493;7518;7.88;0.48;263.93;6.52;908;39;2576.00;25
6590;38;625310697;6590;221;7493;7518;7.87;0.48;263.96;6.52;903;39;2577.00;25
6598;38;625310710;6598;219;7496;7522;7.90;0.48;264.07;6.52;898;39;2578.00;26
6601;38;625310723;6601;225;7496;7522;7.93;0.49;264.07;6.52;895;39;2579.00;26
6606;38;625310736;6606;230;7497;7522;7.97;0.49;264.03;6.52;891;39;2580.00;25
6611;38;625310748;6611;227;7497;7522;7.95;0.49;264.06;6.52;886;39;2581.00;25
6614;38;625310760;6614;229;7497;7523;7.96;0.49;264.24;6.52;883;39;2582.00;26
6619;38;625310773;6619;231;7498;7524;7.99;0.49;264.26;6.52;879;39;2583.00;26
6623;38;625310786;6623;233;7498;7524;8.00;0.49;264.20;6.52;875;39;2584.00;26
6626;38;625310801;6626;239;7499;7525;7.99;0.49;264.24;6.52;873;39;2585.00;26
6629;38;625310814;6629;248;7499;7525;7.98;0.49;264.32;6.52;870;39;2586.00;26
6634;38;625310826;6634;252;7499;7525;7.97;0.49;264.39;6.52;865;39;2587.00;26
6637;38;625310838;6637;260;7499;7525;8.00;0.49;264.39;6.52;862;39;2588.00;26
6642;38;625310850;6642;259;7499;7525;7.88;0.48;264.42;6.52;857;39;2589.00;26
6646;38;625310865;6646;263;7499;7525;7.79;0.48;264.36;6.52;853;39;2590.00;26
6649;38;625310882;6649;263;7499;7525;7.65;0.47;264.31;6.52;850;39;2591.00;26
6651;38;625310901;6651;283;7566;7652;7.83;0.48;264.31;6.46;915;39;2592.00;86
6653;38;625310940;6653;283;7569;7653;7.73;0.48;264.32;6.46;916;39;2593.00;84
6656;38;625310957;6656;278;7575;7653;7.68;0.47;264.39;6.45;919;39;2594.00;78
6657;38;625310976;6657;287;7580;7653;7.61;0.47;264.37;6.45;923;39;2595.00;73
6660;38;625310991;6660;292;7582;7653;7.59;0.47;264.39;6.45;922;39;2596.00;71
6661;38;625311004;6661;289;7585;7653;7.62;0.47;264.40;6.45;924;39;2597.00;68
6663;38;625311018;6663;286;7587;7653;7.59;0.47;264.42;6.45;924;39;2598.00;66
6668;38;625311037;6668;284;7592;7653;7.62;0.47;264.49;6.45;924;39;2599.00;61
6673;38;625311052;6673;278;7595;7654;7.58;0.47;264.54;6.45;922;39;2600.00;59
6674;38;625311077;6674;276;7599;7655;7.59;0.47;264.54;6.45;925;39;2601.00;56
6679;38;625311091;6679;269;7601;7655;7.57;0.46;264.58;6.45;922;39;2602.00;54
6684;38;625311104;6684;269;7605;7656;7.53;0.46;264.72;6.46;921;39;2603.00;51
6684;38;625311120;6684;266;7607;7656;7.59;0.47;264.72;6.46;923;39;2604.00;49
6688;38;625311133;6688;271;7611;7656;7.64;0.47;264.87;6.46;923;39;2605.00;45
6691;38;625311147;6691;269;7613;7656;7.63;0.47;264.91;6.46;922;39;2606.00;43
6692;38;625311160;6692;259;7617;7660;7.68;0.47;264.91;6.46;925;39;2607.00;43
6697;38;625311174;6697;256;7619;7660;7.74;0.47;264.87;6.47;922;39;2608.00;41
6700;38;625311193;6700;255;7619;7660;7.69;0.47;264.90;6.47;919;39;2609.00;41
6704;38;625311209;6704;255;7623;7666;7.70;0.47;264.89;6.47;919;39;2610.00;43
6708;38;625311223;6708;256;7624;7666;7.70;0.47;265.03;6.47;916;39;2611.00;42
6710;38;625311237;6710;248;7625;7666;7.75;0.47;265.04;6.47;915;39;2612.00;41
6711;38;625311251;6711;249;7628;7670;7.77;0.47;265.03;6.46;917;39;2613.00;42
6713;38;625311265;6713;251;7630;7671;7.81;0.48;265.01;6.46;917;39;2614.00;41
6715;39;625311285;6715;253;7631;7671;7.87;0.48;265.00;6.46;916;40;2615.00;40
6717;39;625311309;6717;254;7634;7675;7.88;0.48;265.04;6.46;917;40;2616.00;41
6719;39;625311323;6719;249;7635;7675;7.87;0.48;265.04;6.46;916;40;2617.00;40
6720;39;625311343;6720;245;7635;7675;7.90;0.48;265.06;6.46;915;40;2618.00;40
6721;39;625311356;6721;244;7637;7676;7.96;0.48;265.06;6.46;916;40;2619.00;39
6723;39;625311371;6723;244;7637;7676;8.02;0.49;265.04;6.46;914;40;2620.00;39
6726;39;625311384;6726;247;7641;7682;8.03;0.49;265.04;6.46;915;40;2621.00;41
6728;39;625311399;6728;249;7641;7682;8.02;0.49;265.03;6.46;913;40;2622.00;41
6729;39;625311413;6729;247;7642;7683;8.01;0.49;265.00;6.46;913;40;2623.00;41
6731;39;625311426;6731;249;7642;7683;8.00;0.49;264.98;6.46;911;40;2624.00;41
6731;39;625311440;6731;250;7642;7683;8.03;0.49;264.98;6.46;911;40;2625.00;41
6734;39;625311452;6734;259;7642;7683;7.95;0.48;264.94;6.46;908;40;2626.00;41
6736;39;625311464;6736;263;7642;7683;7.80;0.47;264.91;6.46;906;40;2627.00;41
6738;39;625311479;6738;263;7652;7695;7.73;0.47;264.88;6.45;914;40;2628.00;43
6742;39;625311492;6742;271;7653;7695;7.65;0.47;264.89;6.45;911;40;2629.00;42
6745;39;625311505;6745;274;7653;7695;7.65;0.47;264.81;6.45;908;40;2630.00;42
6746;39;625311517;6746;275;7653;7695;7.66;0.47;264.81;6.45;907;40;2631.00;42
6747;39;625311530;6747;278;7653;7695;7.60;0.46;264.81;6.45;906;40;2632.00;42
6748;39;625311542;6748;285;7653;7695;7.55;0.46;264.82;6.45;905;40;2633.00;42
6751;39;625311553;6751;297;7656;7699;7.51;0.46;264.76;6.44;905;40;2634.00;43
6751;39;625311566;6751;298;7656;7699;7.52;0.46;264.76;6.44;905;40;2635.00;43
6754;39;625311578;6754;308;7659;7703;7.50;0.46;264.77;6.44;905;40;2636.00;44
6755;39;625311592;6755;308;7660;7704;7.47;0.45;264.74;6.44;905;40;2637.00;44
6758;39;625311604;6758;316;7661;7704;7.43;0.45;264.72;6.44;903;40;2638.00;43
6760;39;625311616;6760;318;7661;7704;7.32;0.44;264.67;6.44;901;40;2639.00;43
6764;39;625311629;6764;323;7681;7733;7.17;0.43;264.61;6.42;917;40;2640.00;52
6765;39;625311650;6765;316;7682;7733;7.06;0.43;264.60;6.42;917;40;2641.00;51
6766;39;625311662;6766;320;7685;7733;7.02;0.43;264.62;6.42;919;40;2642.00;48
6770;39;625311672;6770;318;7687;7734;6.97;0.42;264.59;6.42;917;40;2643.00;47
6770;39;625311684;6770;319;7687;7735;6.91;0.42;264.59;6.42;917;40;2644.00;48
6770;39;625311694;6770;315;7687;7735;6.86;0.42;264.59;6.42;917;40;2645.00;48
6774;39;625311705;6774;321;7690;7738;6.85;0.42;264.60;6.42;916;40;2646.00;48
6775;39;625311718;6775;317;7690;7738;6.81;0.41;264.62;6.42;915;40;2647.00;48
6776;39;625311728;6776;316;7690;7738;6.76;0.41;264.61;6.42;914;40;2648.00;48
6778;39;625311739;6778;314;7690;7738;6.69;0.41;264.61;6.42;912;40;2649.00;48
6779;39;625311751;6779;311;7694;7744;6.62;0.40;264.60;6.42;915;40;2650.00;50
6781;39;625311763;6781;299;7694;7744;6.53;0.40;264.65;6.42;913;40;2651.00;50
6782;39;625311773;6782;281;7695;7744;6.51;0.40;264.63;6.42;913;40;2652.00;49
6784;39;625311784;6784;261;7695;7744;6.47;0.39;264.66;6.42;911;40;2653.00;49
6788;39;625311797;6788;250;7699;7748;6.40;0.39;264.67;6.43;911;40;2654.00;49
6789;39;625311811;6789;250;7701;7750;6.47;0.39;264.64;6.43;912;40;2655.00;49
6791;39;625311823;6791;238;7702;7750;6.53;0.40;264.63;6.44;911;40;2656.00;48
6792;39;625311834;6792;228;7703;7751;6.64;0.40;264.63;6.44;911;40;2657.00;48
6795;39;625311845;6795;220;7703;7751;6.71;0.41;264.61;6.44;908;40;2658.00;48
6799;39;625311858;6799;214;7703;7751;6.78;0.41;264.69;6.44;904;40;2659.00;48
6801;39;625311870;6801;201;7703;7751;6.85;0.41;264.69;6.44;902;40;2660.00;48
6801;39;625311887;6801;205;7703;7751;6.99;0.42;264.69;6.44;902;40;2661.00;48
6803;39;625311899;6803;201;7703;7751;7.08;0.43;264.69;6.44;900;40;2662.00;48
6804;39;625311910;6804;196;7703;7751;7.16;0.43;264.67;6.44;899;40;2663.00;48
6808;39;625311921;6808;200;7740;7821;7.32;0.45;264.61;6.41;932;40;2664.00;81
6808;39;625311939;6808;199;7742;7822;7.37;0.45;264.61;6.41;934;40;2665.00;80
6810;39;625311950;6810;198;7749;7822;7.50;0.46;264.57;6.40;939;40;2666.00;73
6812;39;625311961;6812;204;7753;7822;7.53;0.46;264.51;6.40;941;40;2667.00;69
6814;39;625311973;6814;206;7757;7822;7.62;0.46;264.52;6.40;943;40;2668.00;65
6815;39;625311990;6815;200;7759;7822;7.70;0.47;264.50;6.40;944;40;2669.00;63
6817;39;625312009;6817;200;7763;7822;7.78;0.47;264.50;6.40;946;40;2670.00;59
6817;39;625312020;6817;197;7765;7822;7.86;0.48;264.50;6.40;948;40;2671.00;57
6818;39;625312032;6818;194;7768;7823;7.97;0.48;264.50;6.40;950;40;2672.00;55
6821;39;625312049;6821;194;7770;7824;8.01;0.49;264.45;6.40;949;40;2673.00;54
6824;39;625312062;6824;192;7771;7824;8.00;0.49;264.53;6.40;947;40;2674.00;53
6829;39;625312073;6829;189;7774;7828;7.96;0.48;264.52;6.40;945;40;2675.00;54
6830;39;625312086;6830;192;7774;7828;7.98;0.48;264.50;6.40;944;40;2676.00;54
6832;39;625312098;6832;192;7774;7828;7.95;0.48;264.59;6.40;942;40;2677.00;54
6837;39;625312110;6837;194;7774;7828;7.94;0.48;264.51;6.40;937;40;2678.00;54
6838;39;625312122;6838;193;7779;7834;7.99;0.49;264.48;6.41;941;40;2679.00;55
6841;39;625312134;6841;192;7782;7834;8.02;0.49;264.52;6.44;941;40;2680.00;52
6842;39;625312146;6842;197;7782;7834;8.05;0.49;264.56;6.44;940;40;2681.00;52
6845;39;625312158;6845;197;7784;7837;8.12;0.49;264.69;6.44;939;40;2682.00;53
6848;39;625312170;6848;204;7786;7837;8.10;0.49;264.65;6.47;938;40;2683.00;51
6852;39;625312182;6852;204;7787;7837;8.09;0.49;264.59;6.47;935;40;2684.00;50
6855;39;625312194;6855;206;7789;7838;8.08;0.49;264.65;6.49;934;40;2685.00;49
6856;39;625312206;6856;218;7791;7839;8.05;0.49;264.62;6.51;935;40;2686.00;48
6860;39;625312217;6860;217;7792;7839;7.99;0.49;264.62;6.52;932;40;2687.00;47
6864;39;625312234;6864;224;7805;7852;7.97;0.48;264.67;6.53;941;40;2688.00;47
6866;39;625312248;6866;232;7805;7852;7.95;0.48;264.68;6.53;939;40;2689.00;47
6869;39;625312259;6869;239;7807;7852;7.94;0.48;264.71;6.56;938;40;2690.00;45
6871;39;625312272;6871;241;7808;7853;7.95;0.48;264.76;6.56;937;40;2691.00;45
6875;39;625312283;6875;247;7809;7853;7.96;0.48;264.79;6.57;934;40;2692.00;44
6877;39;625312296;6877;251;7813;7857;7.94;0.48;264.89;6.58;936;40;2693.00;44
6877;39;625312308;6877;259;7814;7857;7.93;0.48;264.89;6.59;937;40;2694.00;43
6879;39;625312320;6879;262;7818;7861;7.86;0.48;264.96;6.59;939;40;2695.00;43
6881;39;625312331;6881;262;7820;7861;7.71;0.47;264.99;6.61;939;40;2696.00;41
6882;39;625312343;6882;267;7820;7861;7.65;0.47;264.98;6.61;938;40;2697.00;41
6884;39;625312354;6884;275;7821;7861;7.55;0.46;265.02;6.62;937;40;2698.00;40
6885;39;625312365;6885;266;7822;7861;7.46;0.46;265.03;6.63;937;40;2699.00;39
6886;39;625312379;6886;269;7845;7910;7.44;0.46;265.09;6.63;959;40;2700.00;65
6889;39;625312398;6889;266;7846;7910;7.40;0.45;265.11;6.63;957;40;2701.00;64
6893;39;625312410;6893;262;7849;7910;7.37;0.45;265.19;6.63;956;40;2702.00;61
6895;39;625312422;6895;258;7853;7910;7.34;0.45;265.16;6.64;958;40;2703.00;57
6898;40;625312434;6898;256;7855;7910;7.28;0.45;265.19;6.64;957;41;2704.00;55
6901;40;625312461;6901;251;7859;7910;7.30;0.45;265.27;6.65;958;41;2705.00;51
6902;40;625312473;6902;251;7860;7911;7.29;0.45;265.30;6.65;958;41;2706.00;51
6904;40;625312485;6904;247;7861;7911;7.34;0.45;265.35;6.66;957;41;2707.00;50
6908;41;625312496;6908;245;7866;7917;7.42;0.45;265.37;6.66;958;42;2708.00;51
6910;41;625312525;6910;248;7867;7918;7.45;0.45;265.36;6.66;957;42;2709.00;51
6914;41;625312537;6914;255;7870;7918;7.39;0.45;265.46;6.67;956;42;2710.00;48
6917;41;625312549;6917;262;7872;7918;7.33;0.45;265.66;6.68;955;42;2711.00;46
6920;41;625312560;6920;262;7875;7922;7.33;0.45;265.64;6.68;955;42;2712.00;47
6921;41;625312572;6921;273;7877;7922;7.30;0.44;265.67;6.68;956;42;2713.00;45
6928;41;625312583;6928;272;7878;7922;7.22;0.44;265.75;6.68;950;42;2714.00;44
6933;41;625312595;6933;275;7881;7923;7.14;0.43;265.70;6.69;948;42;2715.00;42
6934;41;625312606;6934;275;7885;7927;7.07;0.43;265.75;6.69;951;42;2716.00;42
6938;41;625312618;6938;271;7886;7927;6.98;0.42;265.83;6.69;948;42;2717.00;41
6945;41;625312629;6945;268;7889;7930;6.89;0.42;265.80;6.69;944;42;2718.00;41
6949;41;625312641;6949;271;7890;7930;6.75;0.41;265.89;6.70;941;42;2719.00;40
6951;41;625312652;6951;261;7892;7930;6.63;0.40;265.92;6.70;941;42;2720.00;38
6957;41;625312663;6957;249;7892;7930;6.51;0.40;265.95;6.70;935;42;2721.00;38
6960;41;625312673;6960;239;7896;7934;6.50;0.40;265.99;6.70;936;42;2722.00;38
6961;41;625312685;6961;244;7896;7934;6.49;0.40;265.99;6.70;935;42;2723.00;38
6966;41;625312695;6966;257;7898;7934;6.50;0.39;266.04;6.71;932;42;2724.00;36
6967;41;625312706;6967;248;7899;7934;6.59;0.40;266.07;6.71;932;42;2725.00;35
6970;41;625312717;6970;251;7901;7935;6.67;0.41;266.15;6.71;931;42;2726.00;34
6974;41;625312728;6974;236;7902;7936;6.71;0.41;266.29;6.71;928;42;2727.00;34
6976;41;625312739;6976;237;7903;7936;6.69;0.41;266.35;6.72;927;42;2728.00;33
6979;41;625312750;6979;233;7904;7937;6.77;0.41;266.43;6.71;925;42;2729.00;33
6981;41;625312763;6981;231;7905;7937;6.82;0.42;266.43;6.72;924;42;2730.00;32
6985;41;625312774;6985;225;7905;7937;6.86;0.42;266.56;6.72;920;42;2731.00;32
6990;41;625312785;6990;229;7905;7937;6.88;0.42;266.65;6.72;915;42;2732.00;32
6995;41;625312796;6995;231;7908;7937;6.87;0.42;266.57;6.73;913;42;2733.00;29
7000;41;625312808;7000;230;7909;7937;6.88;0.42;266.78;6.77;909;42;2734.00;28
7006;41;625312827;7006;232;7910;7937;6.88;0.42;266.75;6.77;904;42;2735.00;27
7010;41;625312839;7010;239;7978;8064;7.18;0.44;266.90;6.71;968;42;2736.00;86
7013;41;625312861;7013;233;7981;8065;7.23;0.45;266.97;6.71;968;42;2737.00;84
7020;41;625312882;7020;236;7987;8065;7.25;0.45;267.10;6.71;967;42;2738.00;78
7022;41;625312902;7022;236;7990;8065;7.27;0.45;267.06;6.71;968;42;2739.00;75
7027;41;625312923;7027;230;7994;8065;7.28;0.45;267.20;6.71;967;42;2740.00;71
7031;41;625312941;7031;233;7998;8065;7.28;0.45;267.20;6.71;967;42;2741.00;67
7036;41;625312958;7036;244;8000;8065;7.27;0.45;267.31;6.71;964;42;2742.00;65
7040;41;625312985;7040;249;8002;8065;7.29;0.45;267.33;6.71;962;42;2743.00;63
7042;41;625312998;7042;247;8005;8066;7.32;0.45;267.36;6.71;963;42;2744.00;61
7047;41;625313012;7047;245;8009;8068;7.36;0.46;267.43;6.71;962;42;2745.00;59
7052;41;625313025;7052;247;8014;8068;7.30;0.45;267.51;6.71;962;42;2746.00;54
7054;41;625313039;7054;253;8018;8069;7.24;0.45;267.53;6.71;964;42;2747.00;51
7060;41;625313052;7060;257;8020;8069;7.21;0.45;267.51;6.72;960;42;2748.00;49
7065;41;625313065;7065;259;8023;8069;7.16;0.44;267.62;6.72;958;42;2749.00;46
7067;41;625313077;7067;256;8025;8069;7.19;0.45;267.62;6.72;958;42;2750.00;44
7075;41;625313090;7075;253;8029;8073;7.18;0.44;267.63;6.72;954;42;2751.00;44
7081;41;625313103;7081;257;8032;8073;7.21;0.44;267.66;6.72;951;42;2752.00;41
7084;41;625313118;7084;267;8034;8073;7.22;0.44;267.73;6.72;950;42;2753.00;39
7089;41;625313130;7089;274;8037;8076;7.13;0.44;267.82;6.72;948;42;2754.00;39
7093;41;625313143;7093;282;8038;8076;7.08;0.44;267.88;6.72;945;42;2755.00;38
7098;41;625313155;7098;283;8041;8076;7.04;0.43;267.85;6.73;943;42;2756.00;35
7105;41;625313167;7105;282;8044;8080;6.99;0.43;267.93;6.72;939;42;2757.00;36
7113;41;625313179;7113;290;8045;8081;6.93;0.43;267.96;6.72;932;42;2758.00;36
7116;41;625313192;7116;296;8045;8081;6.92;0.43;267.97;6.72;929;42;2759.00;36
7121;41;625313206;7121;302;8049;8086;6.89;0.42;267.95;6.72;928;42;2760.00;37
7122;41;625313218;7122;306;8049;8086;6.91;0.42;268.00;6.72;927;42;2761.00;37
7123;41;625313229;7123;314;8049;8086;6.91;0.42;268.01;6.72;926;42;2762.00;37
7124;41;625313248;7124;317;8050;8087;6.90;0.42;268.01;6.72;926;42;2763.00;37
7129;41;625313261;7129;327;8050;8087;6.86;0.42;268.11;6.72;921;42;2764.00;37
7132;41;625313273;7132;331;8054;8093;6.90;0.42;268.10;6.72;922;42;2765.00;39
7136;41;625313285;7136;335;8054;8093;6.86;0.42;268.18;6.72;918;42;2766.00;39
7140;41;625313297;7140;329;8055;8094;6.84;0.42;268.24;6.71;915;42;2767.00;39
7142;41;625313310;7142;323;8055;8094;6.83;0.42;268.36;6.71;913;42;2768.00;39
7147;41;625313322;7147;323;8055;8094;6.74;0.41;268.34;6.71;908;42;2769.00;39
7148;41;625313335;7148;325;8056;8094;6.76;0.41;268.33;6.75;908;42;2770.00;38
7151;41;625313347;7151;330;8056;8094;6.80;0.42;268.45;6.75;905;42;2771.00;38
7155;41;625313360;7155;331;8066;8106;6.90;0.42;268.47;6.75;911;42;2772.00;40
7159;41;625313374;7159;331;8066;8106;6.97;0.43;268.45;6.75;907;42;2773.00;40
7162;41;625313386;7162;326;8067;8106;7.06;0.43;268.50;6.75;905;42;2774.00;39
7165;41;625313400;7165;328;8068;8106;7.16;0.44;268.46;6.78;903;42;2775.00;38
7167;41;625313412;7167;313;8068;8106;7.22;0.44;268.42;6.78;901;42;2776.00;38
7168;41;625313430;7168;301;8068;8106;7.30;0.45;268.52;6.78;900;42;2777.00;38
7173;41;625313443;7173;288;8071;8110;7.34;0.45;268.55;6.78;898;42;2778.00;39
7176;41;625313462;7176;281;8071;8110;7.37;0.45;268.59;6.78;895;42;2779.00;39
7177;41;625313475;7177;272;8075;8114;7.48;0.46;268.60;6.81;898;42;2780.00;39
7181;41;625313488;7181;264;8077;8115;7.59;0.46;268.53;6.81;896;42;2781.00;38
7182;41;625313500;7182;263;8077;8115;7.66;0.47;268.51;6.81;895;42;2782.00;38
7185;41;625313513;7185;264;8077;8115;7.63;0.46;268.43;6.81;892;42;2783.00;38
7187;41;625313525;7187;268;8089;8128;7.73;0.47;268.43;6.83;902;42;2784.00;39
7190;41;625313538;7190;269;8089;8128;7.76;0.47;268.41;6.83;899;42;2785.00;39
7191;41;625313551;7191;268;8090;8128;7.80;0.47;268.41;6.87;899;42;2786.00;38
7193;41;625313562;7193;273;8091;8129;7.83;0.48;268.41;6.86;898;42;2787.00;38
7194;41;625313574;7194;270;8091;8130;7.86;0.48;268.41;6.86;897;42;2788.00;39
7197;41;625313587;7197;268;8091;8130;7.84;0.48;268.37;6.86;894;42;2789.00;39
7198;41;625313601;7198;275;8095;8136;7.78;0.47;268.34;6.89;897;42;2790.00;41
7199;41;625313614;7199;275;8095;8136;7.71;0.47;268.32;6.89;896;42;2791.00;41
7201;41;625313625;7201;283;8096;8136;7.70;0.47;268.42;6.89;895;42;2792.00;40
7203;41;625313637;7203;289;8096;8136;7.70;0.47;268.40;6.89;893;42;2793.00;40
7208;41;625313649;7208;296;8100;8142;7.64;0.46;268.32;6.89;892;42;2794.00;42
7208;41;625313662;7208;296;8101;8142;7.53;0.46;268.32;6.92;893;42;2795.00;41
7211;41;625313674;7211;298;8102;8142;7.49;0.45;268.29;6.92;891;42;2796.00;40
7211;41;625313685;7211;297;8102;8142;7.41;0.45;268.29;6.92;891;42;2797.00;40
7212;41;625313697;7212;296;8106;8146;7.36;0.45;268.28;6.92;894;42;2798.00;40
7216;41;625313709;7216;300;8107;8147;7.23;0.44;268.30;6.92;891;42;2799.00;40
7217;41;625313722;7217;300;8108;8147;7.19;0.44;268.30;6.92;891;42;2800.00;39
7217;41;625313737;7217;307;8109;8148;7.14;0.43;268.30;6.92;892;42;2801.00;39
7218;41;625313749;7218;315;8109;8148;7.05;0.43;268.39;6.92;891;42;2802.00;39
7220;41;625313761;7220;302;8109;8148;6.97;0.42;268.39;6.92;889;42;2803.00;39
7221;41;625313772;7221;296;8110;8148;6.90;0.42;268.37;6.95;889;42;2804.00;38
7221;41;625313783;7221;291;8110;8148;6.86;0.42;268.37;6.95;889;42;2805.00;38
7222;41;625313794;7222;282;8110;8148;6.86;0.42;268.38;6.95;888;42;2806.00;38
7222;41;625313806;7222;280;8110;8148;6.88;0.42;268.38;6.95;888;42;2807.00;38
7222;41;625313817;7222;283;8151;8218;6.89;0.42;268.38;6.92;929;42;2808.00;67
7223;41;625313835;7223;277;8152;8219;6.97;0.43;268.39;6.92;929;42;2809.00;67
7225;41;625313853;7225;262;8158;8219;7.10;0.43;268.38;6.91;933;42;2810.00;61
7226;43;625313871;7226;252;8160;8219;7.24;0.44;268.37;6.91;934;44;2811.00;59
7228;43;625313915;7228;244;8164;8219;7.40;0.45;268.36;6.91;936;44;2812.00;55
7229;44;625313926;7229;238;8165;8219;7.52;0.46;268.35;6.91;936;45;2813.00;54
7230;44;625313949;7230;230;8170;8219;7.63;0.47;268.37;6.91;940;45;2814.00;49
7231;44;625313962;7231;227;8170;8219;7.67;0.47;268.37;6.91;939;45;2815.00;49
7234;44;625313980;7234;230;8174;8220;7.75;0.47;268.50;6.91;940;45;2816.00;46
7236;44;625313992;7236;231;8177;8221;7.81;0.48;268.48;6.91;941;45;2817.00;44
7239;44;625314004;7239;228;8178;8221;7.79;0.48;268.45;6.91;939;45;2818.00;43
7239;44;625314016;7239;224;8182;8225;7.79;0.48;268.45;6.95;943;45;2819.00;43
7240;44;625314029;7240;217;8182;8225;7.82;0.48;268.44;6.95;942;45;2820.00;43
7243;44;625314040;7243;212;8182;8225;7.81;0.48;268.42;6.95;939;45;2821.00;43
7243;44;625314052;7243;206;8183;8225;7.78;0.48;268.42;6.98;940;45;2822.00;42
7247;44;625314063;7247;201;8186;8231;7.72;0.47;268.41;6.98;939;45;2823.00;45
7251;44;625314075;7251;203;8187;8231;7.69;0.47;268.41;6.98;936;45;2824.00;44
7255;44;625314087;7255;199;8190;8231;7.69;0.47;268.54;7.04;935;45;2825.00;41
7258;44;625314101;7258;197;8192;8234;7.72;0.47;268.50;7.04;934;45;2826.00;42
7261;44;625314112;7261;196;8192;8234;7.70;0.47;268.56;7.04;931;45;2827.00;42
7264;44;625314124;7264;194;8194;8234;7.74;0.47;268.63;7.07;930;45;2828.00;40
7267;44;625314135;7267;186;8194;8235;7.76;0.47;268.63;7.07;927;45;2829.00;41
7268;44;625314147;7268;179;8196;8236;7.87;0.48;268.60;7.11;928;45;2830.00;40
7273;44;625314158;7273;177;8196;8236;7.90;0.48;268.61;7.11;923;45;2831.00;40
7275;44;625314170;7275;176;8207;8249;7.93;0.48;268.63;7.14;932;45;2832.00;42
7276;44;625314183;7276;173;8207;8249;8.03;0.49;268.66;7.14;931;45;2833.00;42
7280;44;625314195;7280;168;8207;8249;8.05;0.49;268.67;7.14;927;45;2834.00;42
7282;44;625314206;7282;175;8210;8251;8.09;0.49;268.74;7.17;928;45;2835.00;41
7287;44;625314217;7287;172;8210;8251;8.10;0.49;268.69;7.17;923;45;2836.00;41
7289;44;625314229;7289;177;8213;8255;8.15;0.49;268.68;7.17;924;45;2837.00;42
7290;44;625314241;7290;180;8215;8255;8.14;0.49;268.68;7.20;925;45;2838.00;40
7293;44;625314254;7293;181;8218;8259;8.10;0.49;268.64;7.20;925;45;2839.00;41
7297;44;625314265;7297;176;8221;8259;8.13;0.49;268.76;7.23;924;45;2840.00;38
7300;44;625314277;7300;174;8221;8259;8.13;0.49;268.75;7.23;921;45;2841.00;38
7304;44;625314288;7304;181;8221;8259;8.12;0.49;268.80;7.23;917;45;2842.00;38
7308;44;625314300;7308;181;8221;8259;8.12;0.49;268.83;7.23;913;45;2843.00;38
7311;44;625314312;7311;182;8231;8271;8.17;0.49;268.90;7.22;920;45;2844.00;40
7312;44;625314325;7312;181;8232;8271;8.14;0.49;268.89;7.22;920;45;2845.00;39
7314;44;625314337;7314;182;8232;8271;8.13;0.49;268.86;7.22;918;45;2846.00;39
7316;44;625314350;7316;182;8232;8271;8.14;0.49;268.89;7.22;916;45;2847.00;39
7318;44;625314362;7318;192;8232;8271;8.15;0.50;268.91;7.22;914;45;2848.00;39
7320;44;625314374;7320;193;8233;8271;8.19;0.50;268.92;7.23;913;45;2849.00;38
7323;44;625314387;7323;197;8236;8274;8.21;0.50;268.93;7.24;913;45;2850.00;38
7325;45;625314400;7325;187;8236;8274;8.20;0.50;268.97;7.24;911;46;2851.00;38
7329;45;625314429;7329;181;8241;8280;8.28;0.50;269.05;7.25;912;46;2852.00;39
7330;45;625314443;7330;179;8244;8281;8.31;0.51;269.06;7.26;914;46;2853.00;37
7331;45;625314455;7331;175;8245;8281;8.34;0.51;269.07;7.28;914;46;2854.00;36
7333;45;625314471;7333;174;8246;8281;8.38;0.51;269.05;7.29;913;46;2855.00;35
7336;45;625314484;7336;174;8249;8285;8.43;0.52;269.05;7.29;913;46;2856.00;36
7339;45;625314496;7339;175;8251;8285;8.46;0.52;268.99;7.31;912;46;2857.00;34
7342;45;625314509;7342;171;8251;8285;8.49;0.52;269.07;7.31;909;46;2858.00;34
7347;45;625314528;7347;178;8254;8286;8.49;0.52;269.12;7.33;907;46;2859.00;32
7351;45;625314541;7351;180;8258;8290;8.42;0.52;269.16;7.34;907;46;2860.00;32
7357;45;625314554;7357;182;8259;8290;8.44;0.52;269.29;7.35;902;46;2861.00;31
7359;45;625314565;7359;184;8261;8293;8.51;0.52;269.33;7.35;902;46;2862.00;32
7364;45;625314578;7364;188;8264;8293;8.52;0.52;269.40;7.37;900;46;2863.00;29
7368;45;625314590;7368;190;8267;8295;8.46;0.52;269.54;7.38;899;46;2864.00;28
7373;45;625314601;7373;194;8269;8295;8.38;0.51;269.60;7.39;896;46;2865.00;26
7376;45;625314613;7376;203;8273;8299;8.32;0.51;269.63;7.40;897;46;2866.00;26
7378;45;625314626;7378;207;8275;8299;8.25;0.50;269.73;7.40;897;46;2867.00;24
7382;45;625314637;7382;218;8275;8299;8.18;0.50;269.84;7.40;893;46;2868.00;24
7386;45;625314648;7386;212;8277;8299;8.12;0.49;269.92;7.42;891;46;2869.00;22
7389;45;625314659;7389;208;8277;8300;8.05;0.49;269.96;7.42;888;46;2870.00;23
7393;45;625314670;7393;207;8279;8301;7.99;0.49;270.01;7.42;886;46;2871.00;22
7393;45;625314681;7393;201;8279;8301;7.99;0.49;270.01;7.42;886;46;2872.00;22
7395;45;625314693;7395;201;8283;8302;8.00;0.49;270.03;7.45;888;46;2873.00;19
7399;45;625314704;7399;204;8283;8302;7.99;0.49;270.07;7.45;884;46;2874.00;19
7403;45;625314715;7403;204;8283;8302;7.95;0.48;270.12;7.45;880;46;2875.00;19
7403;45;625314726;7403;203;8284;8302;7.99;0.48;270.12;7.46;881;46;2876.00;18
7406;45;625314736;7406;206;8284;8302;7.99;0.48;270.24;7.46;878;46;2877.00;18
7409;45;625314747;7409;201;8284;8302;8.02;0.49;270.23;7.46;875;46;2878.00;18
7413;45;625314758;7413;208;8285;8302;7.93;0.48;270.36;7.46;872;46;2879.00;17
7415;45;625314771;7415;251;8392;8532;7.92;0.49;270.43;7.38;977;46;2880.00;140
7421;45;625314799;7421;240;8398;8533;7.84;0.49;270.45;7.37;977;46;2881.00;135
7422;45;625314811;7422;238;8406;8533;7.82;0.49;270.53;7.37;984;46;2882.00;127
7424;45;625314823;7424;239;8411;8533;7.77;0.48;270.51;7.37;987;46;2883.00;122
7428;46;625314834;7428;238;8420;8533;7.73;0.48;270.61;7.37;992;47;2884.00;113
7431;46;625314852;7431;241;8427;8533;7.72;0.48;270.59;7.37;996;47;2885.00;106
7436;46;625314873;7436;248;8433;8533;7.64;0.47;270.64;7.37;997;47;2886.00;100
7440;46;625314892;7440;258;8438;8533;7.53;0.47;270.73;7.37;998;47;2887.00;95
7443;46;625314909;7443;264;8442;8534;7.44;0.46;270.75;7.37;999;47;2888.00;92
7446;46;625314927;7446;276;8447;8535;7.32;0.45;270.84;7.38;1001;47;2889.00;88
7452;46;625314944;7452;265;8450;8535;7.18;0.45;270.88;7.38;998;47;2890.00;85
7455;46;625314962;7455;266;8455;8536;7.05;0.44;270.88;7.39;1000;47;2891.00;81
7458;46;625314980;7458;270;8457;8536;6.95;0.43;270.95;7.39;999;47;2892.00;79
7459;46;625314994;7459;276;8462;8536;6.87;0.43;270.99;7.39;1003;47;2893.00;74
7462;46;625315007;7462;284;8463;8536;6.79;0.42;271.01;7.40;1001;47;2894.00;73
7466;46;625315021;7466;293;8469;8540;6.68;0.41;271.12;7.40;1003;47;2895.00;71
7470;46;625315034;7470;304;8472;8540;6.61;0.41;271.10;7.40;1002;47;2896.00;68
7473;46;625315047;7473;303;8474;8540;6.53;0.40;271.18;7.40;1001;47;2897.00;66
7475;46;625315060;7475;302;8476;8543;6.53;0.40;271.23;7.40;1001;47;2898.00;67
7483;46;625315073;7483;302;8480;8543;6.51;0.40;271.29;7.41;997;47;2899.00;63
7486;46;625315089;7486;295;8481;8543;6.55;0.40;271.30;7.41;995;47;2900.00;62
7492;46;625315108;7492;295;8486;8547;6.53;0.40;271.36;7.41;994;47;2901.00;61
7494;46;625315122;7494;286;8489;8548;6.54;0.40;271.39;7.42;995;47;2902.00;59
7499;46;625315135;7499;276;8491;8548;6.56;0.40;271.43;7.42;992;47;2903.00;57
7501;46;625315149;7501;279;8496;8552;6.67;0.41;271.45;7.42;995;47;2904.00;56
7506;46;625315161;7506;277;8497;8552;6.69;0.41;271.48;7.42;991;47;2905.00;55
7510;46;625315175;7510;277;8499;8552;6.71;0.41;271.48;7.43;989;47;2906.00;53
7514;46;625315188;7514;275;8502;8553;6.72;0.41;271.52;7.43;988;47;2907.00;51
7518;46;625315201;7518;279;8508;8553;6.72;0.41;271.61;7.44;990;47;2908.00;45
7521;46;625315214;7521;282;8511;8559;6.72;0.41;271.58;7.44;990;47;2909.00;48
7524;46;625315229;7524;296;8511;8559;6.73;0.41;271.58;7.44;987;47;2910.00;48
7528;46;625315241;7528;305;8515;8560;6.72;0.41;271.62;7.45;987;47;2911.00;45
7532;46;625315255;7532;308;8517;8560;6.71;0.41;271.62;7.45;985;47;2912.00;43
7535;46;625315268;7535;313;8518;8560;6.69;0.41;271.68;7.45;983;47;2913.00;42
7539;46;625315281;7539;321;8520;8560;6.61;0.40;271.79;7.46;981;47;2914.00;40
7542;46;625315294;7542;329;8521;8560;6.50;0.40;271.81;7.46;979;47;2915.00;39
7547;46;625315306;7547;336;8532;8572;6.47;0.40;271.83;7.45;985;47;2916.00;40
7551;46;625315319;7551;334;8534;8572;6.46;0.40;271.80;7.46;983;47;2917.00;38
7553;46;625315333;7553;344;8534;8572;6.48;0.40;271.79;7.46;981;47;2918.00;38
7556;46;625315346;7556;352;8535;8572;6.44;0.39;271.91;7.46;979;47;2919.00;37
7562;46;625315359;7562;355;8537;8572;6.34;0.39;272.02;7.49;975;47;2920.00;35
7566;46;625315371;7566;363;8537;8572;6.26;0.38;272.01;7.49;971;47;2921.00;35
7567;46;625315391;7567;366;8540;8576;6.28;0.39;272.01;7.49;973;47;2922.00;36
7572;46;625315406;7572;373;8540;8576;6.22;0.38;272.08;7.49;968;47;2923.00;36
7574;46;625315419;7574;373;8543;8580;6.25;0.38;272.08;7.49;969;47;2924.00;37
7579;46;625315434;7579;373;8545;8582;6.26;0.38;272.07;7.49;966;47;2925.00;37
7579;46;625315448;7579;371;8546;8582;6.28;0.39;272.07;7.49;967;47;2926.00;36
7580;46;625315461;7580;372;8546;8582;6.27;0.39;272.05;7.49;966;47;2927.00;36
7583;46;625315475;7583;379;8555;8595;6.33;0.39;272.01;7.48;972;47;2928.00;40
7585;46;625315489;7585;381;8555;8595;6.29;0.39;272.01;7.48;970;47;2929.00;40
7588;46;625315502;7588;381;8556;8595;6.26;0.39;271.97;7.48;968;47;2930.00;39
7591;46;625315516;7591;387;8557;8596;6.27;0.39;271.95;7.48;966;47;2931.00;39
7594;46;625315529;7594;387;8557;8597;6.24;0.38;271.89;7.48;963;47;2932.00;40
7599;46;625315542;7599;392;8557;8597;6.21;0.38;271.80;7.48;958;47;2933.00;40
7602;46;625315554;7602;395;8560;8600;6.23;0.38;271.76;7.51;958;47;2934.00;40
7606;46;625315568;7606;406;8561;8600;6.21;0.38;271.69;7.51;955;47;2935.00;39
7609;46;625315581;7609;414;8561;8600;6.17;0.38;271.66;7.51;952;47;2936.00;39
7614;46;625315594;7614;412;8561;8600;6.15;0.38;271.63;7.51;947;47;2937.00;39
7616;46;625315608;7616;405;8565;8606;6.19;0.38;271.57;7.50;949;47;2938.00;41
7619;46;625315622;7619;403;8565;8606;6.21;0.38;271.51;7.50;946;47;2939.00;41
7621;46;625315638;7621;402;8566;8606;6.26;0.38;271.45;7.50;945;47;2940.00;40
7622;46;625315652;7622;404;8566;8606;6.30;0.39;271.44;7.50;944;47;2941.00;40
7623;46;625315664;7623;402;8570;8610;6.39;0.39;271.44;7.53;947;47;2942.00;40
7625;46;625315678;7625;400;8571;8611;6.47;0.40;271.43;7.53;946;47;2943.00;40
7626;46;625315691;7626;405;8572;8611;6.46;0.40;271.43;7.56;946;47;2944.00;39
7626;46;625315704;7626;409;8573;8612;6.48;0.40;271.43;7.56;947;47;2945.00;39
7628;46;625315717;7628;390;8574;8612;6.44;0.39;271.42;7.59;946;47;2946.00;38
7630;46;625315737;7630;376;8574;8612;6.44;0.39;271.38;7.59;944;47;2947.00;38
7634;46;625315750;7634;364;8575;8612;6.49;0.40;271.30;7.61;941;47;2948.00;37
7635;46;625315770;7635;349;8575;8612;6.57;0.40;271.32;7.61;940;47;2949.00;37
7636;46;625315783;7636;349;8576;8612;6.64;0.41;271.28;7.63;940;47;2950.00;36
7637;46;625315797;7637;343;8576;8612;6.76;0.41;271.27;7.63;939;47;2951.00;36
7641;46;625315812;7641;346;8610;8682;6.95;0.42;271.24;7.60;969;47;2952.00;72
7643;46;625315834;7643;338;8611;8683;7.04;0.43;271.27;7.62;968;47;2953.00;72
7645;46;625315857;7645;332;8619;8683;7.20;0.44;271.25;7.62;974;47;2954.00;64
7646;46;625315876;7646;321;8621;8683;7.34;0.45;271.24;7.61;975;47;2955.00;62
7647;46;625315890;7647;315;8626;8683;7.48;0.45;271.25;7.62;979;47;2956.00;57
7647;46;625315904;7647;313;8628;8683;7.56;0.46;271.25;7.62;981;47;2957.00;55
7648;46;625315919;7648;301;8631;8683;7.66;0.47;271.25;7.62;983;47;2958.00;52
7648;46;625315934;7648;297;8634;8683;7.74;0.47;271.25;7.62;986;47;2959.00;49
7650;46;625315948;7650;292;8636;8684;7.77;0.47;271.27;7.62;986;47;2960.00;48
7650;46;625315963;7650;295;8639;8685;7.79;0.47;271.27;7.62;989;47;2961.00;46
7651;46;625315977;7651;292;8640;8685;7.77;0.47;271.27;7.62;989;47;2962.00;45
7652;46;625315992;7652;287;8643;8689;7.80;0.47;271.27;7.62;991;47;2963.00;46
7657;46;625316007;7657;281;8643;8689;7.80;0.47;271.22;7.62;986;47;2964.00;46
7659;46;625316022;7659;284;8643;8689;7.88;0.48;271.29;7.62;984;47;2965.00;46
7659;46;625316036;7659;294;8644;8689;7.86;0.48;271.29;7.62;985;47;2966.00;45
7661;46;625316056;7661;288;8647;8695;7.92;0.48;271.27;7.62;986;47;2967.00;48
7661;46;625316071;7661;285;8647;8695;7.90;0.48;271.27;7.62;986;47;2968.00;48
7662;46;625316086;7662;281;8648;8695;7.90;0.48;271.26;7.62;986;47;2969.00;47
7666;46;625316101;7666;289;8651;8701;7.84;0.48;271.26;7.62;985;47;2970.00;50
7667;46;625316116;7667;295;8652;8701;7.82;0.47;271.25;7.62;985;47;2971.00;49
7668;46;625316130;7668;301;8652;8701;7.79;0.47;271.24;7.62;984;47;2972.00;49
7669;46;625316144;7669;302;8653;8702;7.75;0.47;271.22;7.62;984;47;2973.00;49
7672;46;625316158;7672;299;8654;8703;7.71;0.47;271.17;7.62;982;47;2974.00;49
7674;46;625316173;7674;303;8655;8703;7.62;0.46;271.17;7.62;981;47;2975.00;48
7674;46;625316186;7674;308;8663;8716;7.66;0.47;271.17;7.61;989;47;2976.00;53
7674;46;625316201;7674;310;8664;8716;7.69;0.47;271.17;7.61;990;47;2977.00;52
7676;46;625316215;7676;313;8664;8716;7.70;0.47;271.19;7.61;988;47;2978.00;52
7678;46;625316229;7678;308;8665;8717;7.69;0.47;271.16;7.61;987;47;2979.00;52
7681;46;625316243;7681;303;8665;8717;7.64;0.47;271.26;7.61;984;47;2980.00;52
7684;46;625316257;7684;297;8668;8721;7.61;0.46;271.29;7.62;984;47;2981.00;53
7687;46;625316272;7687;295;8668;8721;7.58;0.46;271.39;7.62;981;47;2982.00;53
7687;46;625316286;7687;291;8672;8725;7.63;0.46;271.39;7.61;985;47;2983.00;53
7693;46;625316300;7693;292;8672;8725;7.64;0.46;271.47;7.61;979;47;2984.00;53
7695;46;625316314;7695;287;8672;8725;7.65;0.47;271.51;7.61;977;47;2985.00;53
7696;46;625316328;7696;287;8672;8725;7.66;0.47;271.51;7.61;976;47;2986.00;53
7700;46;625316341;7700;281;8672;8725;7.61;0.46;271.61;7.61;972;47;2987.00;53
7704;46;625316354;7704;281;8682;8737;7.59;0.46;271.61;7.61;978;47;2988.00;55
7708;46;625316368;7708;277;8683;8737;7.53;0.46;271.66;7.61;975;47;2989.00;54
7710;46;625316381;7710;271;8684;8737;7.50;0.46;271.65;7.61;974;47;2990.00;53
7713;46;625316394;7713;268;8685;8737;7.48;0.45;271.71;7.62;972;47;2991.00;52
7716;46;625316406;7716;258;8685;8737;7.44;0.45;271.77;7.62;969;47;2992.00;52
7720;46;625316419;7720;253;8685;8737;7.43;0.45;271.81;7.62;965;47;2993.00;52
7723;47;625316432;7723;248;8687;8738;7.42;0.45;271.82;7.63;964;48;2994.00;51
7728;47;625316456;7728;242;8689;8738;7.32;0.44;271.81;7.65;961;48;2995.00;49
7731;47;625316469;7731;242;8692;8744;7.37;0.45;271.83;7.65;961;48;2996.00;52
7736;47;625316481;7736;239;8694;8745;7.37;0.45;271.85;7.65;958;48;2997.00;51
7738;47;625316493;7738;240;8694;8745;7.37;0.45;271.86;7.65;956;48;2998.00;51
7743;47;625316505;7743;229;8694;8745;7.36;0.45;271.90;7.65;951;48;2999.00;51
7745;47;625316521;7745;231;8699;8765;7.38;0.45;271.94;7.65;954;48;3000.00;66
7747;47;625316540;7747;228;8700;8765;7.43;0.45;271.90;7.66;953;48;3001.00;65
7750;47;625316558;7750;223;8700;8765;7.49;0.45;271.92;7.66;950;48;3002.00;65
7751;47;625316572;7751;213;8701;8766;7.55;0.46;271.93;7.66;950;48;3003.00;65
7755;47;625316585;7755;206;8704;8770;7.52;0.46;271.95;7.66;949;48;3004.00;66
7758;47;625316599;7758;201;8704;8770;7.52;0.45;271.92;7.66;946;48;3005.00;66
7762;47;625316612;7762;200;8709;8773;7.55;0.46;271.88;7.67;947;48;3006.00;64
7765;47;625316626;7765;197;8710;8773;7.62;0.46;272.04;7.68;945;48;3007.00;63
7767;47;625316639;7767;203;8710;8773;7.71;0.47;272.03;7.68;943;48;3008.00;63
7770;47;625316652;7770;202;8711;8773;7.73;0.47;272.09;7.68;941;48;3009.00;62
7772;47;625316665;7772;204;8715;8777;7.73;0.47;272.07;7.70;943;48;3010.00;62
7775;47;625316679;7775;203;8715;8777;7.78;0.47;272.07;7.70;940;48;3011.00;62
7781;47;625316693;7781;206;8721;8777;7.75;0.47;272.08;7.70;940;48;3012.00;56
7781;47;625316707;7781;205;8722;8777;7.79;0.47;272.08;7.71;941;48;3013.00;55
7785;47;625316721;7785;201;8723;8778;7.81;0.47;272.07;7.71;938;48;3014.00;55
7785;47;625316735;7785;204;8727;8780;7.88;0.48;272.07;7.71;942;48;3015.00;53
7789;47;625316749;7789;209;8729;8780;7.92;0.48;272.11;7.71;940;48;3016.00;51
7791;47;625316763;7791;216;8730;8781;7.99;0.48;272.10;7.71;939;48;3017.00;51
7794;47;625316777;7794;217;8731;8781;8.01;0.48;272.09;7.71;937;48;3018.00;50
7794;47;625316791;7794;219;8731;8781;8.06;0.49;272.09;7.71;937;48;3019.00;50
7798;47;625316805;7798;216;8733;8781;8.09;0.49;272.13;7.72;935;48;3020.00;48
7799;47;625316819;7799;218;8734;8781;8.13;0.49;272.18;7.74;935;48;3021.00;47
7801;47;625316833;7801;220;8734;8781;8.19;0.50;272.25;7.74;933;48;3022.00;47
7803;47;625316847;7803;218;8736;8781;8.19;0.50;272.32;7.75;933;48;3023.00;45
7806;47;625316861;7806;241;8799;8908;8.17;0.50;272.35;7.71;993;48;3024.00;109
7808;47;625316901;7808;232;8801;8909;8.18;0.50;272.38;7.72;993;48;3025.00;108
7810;47;625316922;7810;227;8810;8909;8.23;0.50;272.43;7.73;1000;48;3026.00;99
7812;47;625316942;7812;228;8816;8909;8.29;0.51;272.45;7.74;1004;48;3027.00;93
7814;47;625316961;7814;226;8824;8909;8.37;0.51;272.49;7.75;1010;48;3028.00;85
7814;47;625316981;7814;226;8831;8909;8.43;0.52;272.49;7.76;1017;48;3029.00;78
7818;47;625316997;7818;225;8835;8909;8.55;0.53;272.60;7.76;1017;48;3030.00;74
7823;47;625317012;7823;231;8839;8909;8.62;0.53;272.76;7.78;1016;48;3031.00;70
7826;47;625317041;7826;240;8842;8910;8.68;0.53;272.80;7.78;1016;48;3032.00;68
7829;47;625317057;7829;250;8846;8911;8.67;0.53;272.90;7.80;1017;48;3033.00;65
7830;47;625317071;7830;247;8849;8911;8.66;0.53;272.91;7.80;1019;48;3034.00;62
7832;47;625317085;7832;253;8854;8912;8.61;0.53;272.99;7.81;1022;48;3035.00;58
7836;47;625317099;7836;257;8858;8912;8.49;0.52;273.07;7.82;1022;48;3036.00;54
7838;47;625317115;7838;266;8862;8912;8.39;0.52;273.03;7.83;1024;48;3037.00;50
7841;47;625317129;7841;272;8865;8912;8.32;0.51;273.06;7.83;1024;48;3038.00;47
7842;47;625317144;7842;279;8870;8916;8.22;0.51;273.09;7.84;1028;48;3039.00;46
7845;47;625317158;7845;287;8872;8916;8.05;0.50;273.10;7.85;1027;48;3040.00;44
7849;47;625317173;7849;284;8874;8916;7.93;0.49;273.07;7.86;1025;48;3041.00;42
7851;47;625317186;7851;284;8878;8919;7.88;0.49;273.13;7.86;1027;48;3042.00;41
7854;47;625317201;7854;297;8879;8919;7.77;0.48;273.15;7.86;1025;48;3043.00;40
7854;47;625317214;7854;297;8881;8919;7.74;0.48;273.15;7.87;1027;48;3044.00;38
7861;47;625317227;7861;303;8886;8923;7.60;0.47;273.20;7.87;1025;48;3045.00;37
7867;47;625317243;7867;310;8888;8924;7.50;0.46;273.28;7.88;1021;48;3046.00;36
7868;47;625317257;7868;309;8889;8924;7.44;0.46;273.25;7.89;1021;48;3047.00;35
7871;47;625317270;7871;316;8891;8928;7.41;0.45;273.29;7.89;1020;48;3048.00;37
7875;47;625317283;7875;315;8893;8928;7.32;0.45;273.31;7.90;1018;48;3049.00;35
7877;47;625317296;7877;320;8893;8928;7.31;0.45;273.28;7.90;1016;48;3050.00;35
7880;47;625317309;7880;311;8894;8929;7.24;0.44;273.28;7.90;1014;48;3051.00;35
7883;47;625317322;7883;315;8895;8929;7.15;0.44;273.24;7.91;1012;48;3052.00;34
7886;47;625317335;7886;319;8902;8935;7.07;0.43;273.24;7.93;1016;48;3053.00;33
7891;47;625317348;7891;320;8903;8935;6.94;0.42;273.26;7.93;1012;48;3054.00;32
7895;47;625317360;7895;324;8904;8936;6.87;0.42;273.30;7.93;1009;48;3055.00;32
7901;47;625317373;7901;327;8906;8936;6.76;0.41;273.35;7.94;1005;48;3056.00;30
7901;47;625317386;7901;336;8906;8936;6.71;0.41;273.35;7.94;1005;48;3057.00;30
7906;47;625317397;7906;347;8907;8936;6.58;0.40;273.40;7.95;1001;48;3058.00;29
7909;47;625317409;7909;355;8909;8936;6.47;0.40;273.43;7.96;1000;48;3059.00;27
7911;47;625317422;7911;354;8933;8972;6.52;0.40;273.49;7.94;1022;48;3060.00;39
7913;47;625317437;7913;347;8935;8972;6.42;0.40;273.54;7.95;1022;48;3061.00;37
7920;47;625317449;7920;342;8938;8972;6.30;0.39;273.65;7.95;1018;48;3062.00;34
7923;47;625317461;7923;342;8939;8972;6.19;0.38;273.68;7.94;1016;48;3063.00;33
7926;47;625317474;7926;346;8941;8972;6.14;0.38;273.73;7.95;1015;48;3064.00;31
7932;47;625317485;7932;348;8941;8972;6.09;0.37;273.79;7.95;1009;48;3065.00;31
7934;47;625317497;7934;351;8946;8976;6.08;0.37;273.78;7.95;1012;48;3066.00;30
7937;47;625317509;7937;345;8948;8976;6.05;0.37;273.82;7.96;1011;48;3067.00;28
7939;47;625317521;7939;345;8950;8980;6.09;0.37;273.84;7.96;1011;48;3068.00;30
7944;47;625317533;7944;348;8953;8981;6.04;0.37;273.88;7.96;1009;48;3069.00;28
7945;47;625317546;7945;350;8954;8981;6.06;0.37;273.89;7.96;1009;48;3070.00;27
7950;47;625317557;7950;356;8955;8981;6.02;0.37;273.93;7.96;1005;48;3071.00;26
7952;47;625317569;7952;358;8966;8994;6.04;0.37;273.99;7.95;1014;48;3072.00;28
7953;47;625317582;7953;353;8966;8994;6.00;0.37;274.01;7.95;1013;48;3073.00;28
7954;47;625317595;7954;350;8966;8994;6.00;0.37;274.02;7.95;1012;48;3074.00;28
7959;47;625317607;7959;353;8967;8995;6.00;0.37;274.02;7.95;1008;48;3075.00;28
7964;47;625317619;7964;357;8967;8996;5.95;0.37;274.06;7.95;1003;48;3076.00;29
7969;47;625317631;7969;360;8967;8996;5.90;0.36;274.04;7.95;998;48;3077.00;29
7973;47;625317649;7973;363;8969;8999;5.92;0.37;274.05;7.95;996;48;3078.00;30
7979;47;625317669;7979;362;8970;8999;5.92;0.37;274.14;7.95;991;48;3079.00;29
7985;47;625317681;7985;369;8970;8999;5.89;0.36;274.11;7.95;985;48;3080.00;29
7987;47;625317700;7987;367;8970;8999;5.87;0.36;274.12;7.95;983;48;3081.00;29
7990;47;625317712;7990;369;8974;9005;5.91;0.37;274.17;7.94;984;48;3082.00;31
7999;47;625317724;7999;375;8975;9005;5.86;0.36;274.17;7.94;976;48;3083.00;30
8003;47;625317736;8003;367;8975;9005;5.82;0.36;274.19;7.94;972;48;3084.00;30
8008;47;625317749;8008;375;8975;9005;5.76;0.35;274.17;7.94;967;48;3085.00;30
8010;47;625317760;8010;376;8978;9009;5.73;0.35;274.16;7.94;968;48;3086.00;31
8013;47;625317772;8013;384;8979;9010;5.70;0.35;274.13;7.94;966;48;3087.00;31
8021;47;625317784;8021;390;8979;9010;5.59;0.34;274.04;7.94;958;48;3088.00;31
8024;47;625317795;8024;402;8980;9011;5.57;0.34;274.15;7.94;956;48;3089.00;31
8029;47;625317810;8029;403;8980;9011;5.55;0.34;274.13;7.94;951;48;3090.00;31
8035;47;625317823;8035;410;8980;9011;5.55;0.34;274.13;7.94;945;48;3091.00;31
8039;47;625317835;8039;413;8980;9011;5.55;0.34;274.11;7.94;941;48;3092.00;31
8042;47;625317847;8042;407;8980;9011;5.59;0.34;274.13;7.94;938;48;3093.00;31
8049;47;625317858;8049;411;8980;9011;5.57;0.34;274.10;7.94;931;48;3094.00;31
8053;47;625317872;8053;419;8980;9011;5.56;0.34;274.15;7.94;927;48;3095.00;31
8056;47;625317885;8056;424;9017;9081;5.80;0.35;274.13;7.91;961;48;3096.00;64
8058;47;625317902;8058;421;9018;9082;5.88;0.36;274.11;7.91;960;48;3097.00;64
8059;47;625317914;8059;418;9025;9082;5.96;0.36;274.11;7.90;966;48;3098.00;57
8061;47;625317925;8061;425;9027;9082;6.01;0.37;274.15;7.90;966;48;3099.00;55
8063;47;625317937;8063;422;9031;9082;6.06;0.37;274.13;7.90;968;48;3100.00;51
8065;47;625317953;8065;426;9033;9082;6.10;0.37;274.16;7.90;968;48;3101.00;49
8069;47;625317965;8069;427;9035;9082;6.07;0.37;274.11;7.90;966;48;3102.00;47
8072;47;625317977;8072;436;9039;9082;6.06;0.37;274.18;7.90;967;48;3103.00;43
8073;47;625317988;8073;436;9040;9083;5.99;0.37;274.20;7.90;967;48;3104.00;43
8074;47;625317999;8074;445;9045;9085;6.00;0.37;274.20;7.90;971;48;3105.00;40
8078;47;625318011;8078;447;9049;9085;5.94;0.36;274.20;7.90;971;48;3106.00;36
8079;47;625318022;8079;425;9052;9089;5.92;0.36;274.19;7.89;973;48;3107.00;37
8081;47;625318034;8081;410;9052;9089;5.92;0.36;274.19;7.89;971;48;3108.00;37
8083;47;625318046;8083;396;9052;9089;6.01;0.37;274.22;7.89;969;48;3109.00;37
8084;47;625318057;8084;391;9052;9089;6.19;0.38;274.21;7.89;968;49;3110.00;37
8087;47;625318078;8087;383;9056;9095;6.30;0.39;274.29;7.89;969;49;3111.00;39
8088;47;625318094;8088;378;9056;9095;6.42;0.39;274.28;7.89;968;49;3112.00;39
8090;47;625318107;8090;369;9057;9095;6.63;0.41;274.25;7.89;967;49;3113.00;38
8091;47;625318121;8091;361;9059;9098;6.78;0.42;274.28;7.89;968;49;3114.00;39
8094;47;625318145;8094;352;9060;9098;6.80;0.42;274.26;7.89;966;49;3115.00;38
8095;47;625318162;8095;331;9060;9098;6.87;0.42;274.26;7.89;965;49;3116.00;38
8096;47;625318175;8096;309;9060;9099;6.96;0.43;274.25;7.89;964;49;3117.00;39
8099;47;625318188;8099;297;9061;9100;7.06;0.43;274.23;7.89;962;49;3118.00;39
8102;47;625318201;8102;284;9061;9100;7.17;0.44;274.21;7.89;959;49;3119.00;39
8102;47;625318216;8102;279;9081;9126;7.38;0.45;274.21;7.87;979;49;3120.00;45
8105;47;625318232;8105;269;9082;9126;7.47;0.46;274.16;7.87;977;49;3121.00;44
8109;47;625318245;8109;262;9083;9126;7.58;0.46;274.14;7.87;974;49;3122.00;43
8110;47;625318259;8110;259;9084;9127;7.65;0.47;274.15;7.87;974;49;3123.00;43
8111;47;625318273;8111;255;9084;9127;7.73;0.47;274.16;7.87;973;49;3124.00;43
8113;47;625318286;8113;258;9087;9131;7.79;0.47;274.13;7.86;974;49;3125.00;44
8114;47;625318300;8114;259;9088;9131;7.85;0.48;274.12;7.86;974;49;3126.00;43
8116;47;625318314;8116;257;9091;9135;7.86;0.48;274.11;7.86;975;49;3127.00;44
8120;47;625318327;8120;246;9091;9135;7.90;0.48;274.13;7.86;971;49;3128.00;44
8121;47;625318342;8121;248;9091;9135;7.91;0.48;274.17;7.86;970;49;3129.00;44
8122;47;625318354;8122;247;9091;9135;7.94;0.49;274.16;7.86;969;49;3130.00;44
8125;47;625318368;8125;244;9091;9135;7.93;0.48;274.21;7.86;966;49;3131.00;44
8127;47;625318381;8127;249;9101;9147;7.96;0.49;274.23;7.85;974;49;3132.00;46
8132;47;625318396;8132;250;9101;9147;7.97;0.49;274.34;7.85;969;49;3133.00;46
8136;47;625318409;8136;255;9102;9147;8.00;0.49;274.39;7.85;966;49;3134.00;45
8139;47;625318422;8139;249;9102;9147;8.02;0.49;274.44;7.85;963;49;3135.00;45
8143;47;625318435;8143;256;9102;9147;8.00;0.49;274.51;7.85;959;49;3136.00;45
8149;47;625318448;8149;256;9102;9147;7.97;0.49;274.61;7.85;953;49;3137.00;45
8154;47;625318462;8154;261;9102;9148;7.96;0.48;274.61;7.85;948;49;3138.00;46
8156;47;625318475;8156;265;9102;9148;7.95;0.48;274.71;7.85;946;49;3139.00;46
8160;47;625318487;8160;268;9106;9154;7.98;0.49;274.78;7.85;946;49;3140.00;48
8163;47;625318500;8163;269;9107;9155;7.94;0.48;274.92;7.85;944;49;3141.00;48
8167;47;625318513;8167;269;9108;9155;7.91;0.48;274.95;7.85;941;49;3142.00;47
8167;47;625318526;8167;270;9108;9155;7.92;0.48;274.95;7.85;941;49;3143.00;47
8171;47;625318538;8171;271;9111;9159;7.90;0.48;275.03;7.85;940;49;3144.00;48
8174;47;625318552;8174;277;9111;9159;7.80;0.47;275.08;7.85;937;49;3145.00;48
8178;47;625318566;8178;277;9111;9159;7.72;0.47;275.11;7.85;933;49;3146.00;48
8181;47;625318582;8181;287;9112;9160;7.66;0.46;275.18;7.84;931;49;3147.00;48
8184;47;625318595;8184;294;9115;9164;7.56;0.46;275.28;7.84;931;49;3148.00;49
8186;47;625318608;8186;292;9115;9164;7.54;0.46;275.31;7.84;929;49;3149.00;49
8189;47;625318622;8189;293;9118;9170;7.52;0.46;275.38;7.84;929;49;3150.00;52
8190;47;625318636;8190;286;9118;9170;7.49;0.45;275.37;7.84;928;49;3151.00;52
8195;47;625318648;8195;279;9119;9170;7.44;0.45;275.45;7.84;924;49;3152.00;51
8197;47;625318660;8197;273;9119;9170;7.43;0.45;275.50;7.84;922;49;3153.00;51
8201;47;625318672;8201;265;9122;9174;7.42;0.45;275.51;7.84;921;49;3154.00;52
8205;47;625318684;8205;262;9122;9174;7.43;0.45;275.60;7.84;917;49;3155.00;52
8207;47;625318696;8207;253;9124;9174;7.47;0.45;275.60;7.87;917;49;3156.00;50
8211;47;625318709;8211;247;9124;9174;7.48;0.45;275.72;7.87;913;49;3157.00;50
8214;47;625318720;8214;244;9125;9175;7.50;0.46;275.72;7.87;911;49;3158.00;50
8216;47;625318732;8216;245;9126;9176;7.45;0.45;275.73;7.87;910;49;3159.00;50
8219;47;625318749;8219;237;9127;9176;7.43;0.45;275.71;7.87;908;49;3160.00;49
8221;47;625318761;8221;241;9128;9177;7.42;0.45;275.72;7.86;907;49;3161.00;49
8226;47;625318772;8226;234;9128;9177;7.39;0.45;275.72;7.86;902;49;3162.00;49
8229;47;625318784;8229;224;9128;9177;7.34;0.45;275.75;7.86;899;49;3163.00;49
8232;47;625318796;8232;221;9129;9177;7.38;0.45;275.77;7.88;897;49;3164.00;48
8235;47;625318808;8235;215;9129;9177;7.38;0.45;275.75;7.88;894;49;3165.00;48
8239;47;625318819;8239;210;9130;9177;7.41;0.45;275.87;7.89;891;49;3166.00;47
8241;47;625318831;8241;207;9130;9177;7.45;0.45;275.92;7.89;889;49;3167.00;47
8242;47;625318843;8242;232;9197;9304;7.43;0.46;275.90;7.84;955;49;3168.00;107
8245;47;625318866;8245;215;9197;9305;7.48;0.46;275.88;7.84;952;49;3169.00;108
8249;47;625318885;8249;200;9205;9305;7.58;0.47;275.88;7.83;956;49;3170.00;100
8250;47;625318907;8250;190;9206;9305;7.62;0.47;275.88;7.86;956;49;3171.00;99
8252;47;625318924;8252;190;9212;9305;7.79;0.48;275.90;7.86;960;49;3172.00;93
8254;47;625318944;8254;184;9215;9305;7.91;0.49;275.89;7.86;961;49;3173.00;90
8257;47;625318962;8257;188;9222;9305;8.04;0.49;276.01;7.89;965;49;3174.00;83
8262;47;625318982;8262;183;9225;9305;8.06;0.49;275.95;7.89;963;49;3175.00;80
8266;47;625318998;8266;178;9230;9306;8.16;0.50;276.01;7.89;964;49;3176.00;76
8266;47;625319013;8266;174;9237;9307;8.25;0.50;276.01;7.92;971;49;3177.00;70
8268;47;625319028;8268;168;9240;9307;8.34;0.51;276.05;7.92;972;49;3178.00;67
8270;47;625319043;8270;168;9244;9308;8.40;0.51;276.10;7.95;974;49;3179.00;64
8271;47;625319061;8271;171;9246;9308;8.48;0.52;276.11;7.95;975;49;3180.00;62
8276;47;625319076;8276;174;9248;9308;8.47;0.52;276.06;7.95;972;49;3181.00;60
8278;47;625319091;8278;177;9250;9308;8.46;0.52;276.09;7.96;972;49;3182.00;58
8281;47;625319105;8281;184;9253;9312;8.48;0.52;276.05;7.96;972;49;3183.00;59
8283;47;625319119;8283;193;9255;9312;8.46;0.51;276.08;7.96;972;49;3184.00;57
8286;47;625319132;8286;199;9255;9312;8.48;0.52;276.10;7.96;969;49;3185.00;57
8288;47;625319146;8288;207;9259;9315;8.52;0.52;276.11;7.97;971;49;3186.00;56
8290;47;625319160;8290;217;9259;9315;8.54;0.52;276.17;7.97;969;49;3187.00;56
8292;47;625319173;8292;224;9260;9315;8.59;0.52;276.17;7.97;968;49;3188.00;55
8292;47;625319192;8292;226;9263;9319;8.54;0.52;276.17;7.96;971;49;3189.00;56
8297;47;625319206;8297;229;9267;9320;8.52;0.52;276.28;7.99;970;49;3190.00;53
8304;47;625319220;8304;237;9268;9322;8.50;0.52;276.38;7.99;964;49;3191.00;54
8306;47;625319234;8306;235;9273;9326;8.54;0.52;276.39;8.00;967;49;3192.00;53
8309;48;625319247;8309;236;9274;9326;8.57;0.52;276.51;8.01;965;50;3193.00;52
8312;48;625319277;8312;242;9274;9326;8.60;0.52;276.54;8.01;962;50;3194.00;52
8315;48;625319290;8315;241;9278;9328;8.59;0.52;276.56;8.04;963;50;3195.00;50
8320;48;625319304;8320;246;9278;9328;8.56;0.52;276.62;8.04;958;50;3196.00;50
8324;48;625319318;8324;249;9283;9334;8.50;0.52;276.67;8.04;959;50;3197.00;51
8326;48;625319332;8326;252;9284;9334;8.38;0.51;276.70;8.06;958;50;3198.00;50
8329;48;625319346;8329;257;9286;9335;8.25;0.50;276.79;8.06;957;50;3199.00;49
8334;48;625319360;8334;263;9287;9335;8.11;0.49;276.82;8.08;953;50;3200.00;48
8335;48;625319376;8335;267;9288;9335;8.05;0.49;276.83;8.08;953;50;3201.00;47
8338;48;625319389;8338;268;9288;9335;7.99;0.49;276.86;8.08;950;50;3202.00;47
8339;48;625319401;8339;270;9290;9335;7.92;0.48;276.87;8.10;951;50;3203.00;45
8341;48;625319414;8341;272;9301;9347;7.88;0.48;276.87;8.09;960;50;3204.00;46
8345;48;625319427;8345;273;9302;9347;7.83;0.48;276.95;8.11;957;50;3205.00;45
8348;48;625319439;8348;275;9303;9347;7.81;0.48;276.96;8.11;955;50;3206.00;44
8353;48;625319450;8353;275;9305;9347;7.71;0.47;276.98;8.12;952;50;3207.00;42
8356;48;625319469;8356;282;9306;9347;7.64;0.47;276.98;8.12;950;50;3208.00;41
8359;48;625319480;8359;273;9307;9347;7.57;0.46;277.01;8.14;948;50;3209.00;40
8362;48;625319493;8362;271;9310;9351;7.54;0.46;277.04;8.14;948;50;3210.00;41
8364;48;625319505;8364;274;9311;9351;7.48;0.46;277.07;8.15;947;50;3211.00;40
8366;48;625319517;8366;276;9314;9355;7.55;0.46;277.08;8.15;948;50;3212.00;41
8368;48;625319529;8368;274;9318;9356;7.57;0.46;277.15;8.18;950;50;3213.00;38
8370;48;625319540;8370;283;9319;9356;7.58;0.46;277.16;8.18;949;50;3214.00;37
8373;48;625319552;8373;286;9319;9356;7.55;0.46;277.18;8.18;946;50;3215.00;37
8373;48;625319568;8373;292;9332;9369;7.55;0.46;277.18;8.18;959;50;3216.00;37
8373;48;625319582;8373;299;9332;9369;7.57;0.46;277.18;8.18;959;50;3217.00;37
8375;48;625319594;8375;299;9332;9369;7.59;0.46;277.17;8.18;957;50;3218.00;37
8379;48;625319606;8379;302;9334;9370;7.52;0.46;277.27;8.19;955;50;3219.00;36
8381;48;625319618;8381;307;9334;9371;7.49;0.46;277.31;8.19;953;50;3220.00;37
8385;48;625319629;8385;317;9337;9371;7.40;0.45;277.33;8.22;952;50;3221.00;34
8392;48;625319640;8392;319;9339;9374;7.31;0.45;277.35;8.22;947;50;3222.00;35
8396;48;625319652;8396;326;9339;9374;7.24;0.44;277.34;8.22;943;50;3223.00;35
8400;48;625319663;8400;335;9341;9374;7.15;0.44;277.30;8.23;941;50;3224.00;33
8402;48;625319674;8402;337;9341;9374;7.10;0.43;277.29;8.23;939;50;3225.00;33
8408;48;625319685;8408;343;9348;9380;7.02;0.43;277.29;8.25;940;50;3226.00;32
8413;48;625319696;8413;347;9349;9380;6.84;0.42;277.28;8.25;936;50;3227.00;31
8414;48;625319707;8414;350;9350;9380;6.67;0.41;277.30;8.25;936;50;3228.00;30
8415;48;625319718;8415;357;9351;9380;6.47;0.40;277.33;8.26;936;50;3229.00;29
8418;48;625319728;8418;349;9354;9384;6.28;0.38;277.35;8.25;936;50;3230.00;30
8420;48;625319739;8420;349;9355;9385;6.18;0.38;277.35;8.25;935;50;3231.00;30
8426;48;625319750;8426;341;9356;9385;6.10;0.37;277.32;8.26;930;50;3232.00;29
8429;48;625319761;8429;350;9357;9386;6.05;0.37;277.30;8.26;928;50;3233.00;29
8432;48;625319772;8432;347;9360;9386;5.99;0.37;277.27;8.28;928;50;3234.00;26
8434;48;625319782;8434;349;9360;9386;5.97;0.37;277.30;8.28;926;50;3235.00;26
8439;48;625319792;8439;354;9361;9386;5.92;0.36;277.26;8.28;922;50;3236.00;25
8442;48;625319802;8442;351;9361;9386;5.89;0.36;277.22;8.28;919;50;3237.00;25
8445;48;625319813;8445;347;9361;9386;5.85;0.36;277.23;8.28;916;50;3238.00;25
8450;48;625319824;8450;344;9364;9386;5.84;0.36;277.18;8.30;914;50;3239.00;22
8452;48;625319836;8452;344;9419;9511;6.21;0.38;277.17;8.25;967;50;3240.00;92
8455;48;625319856;8455;343;9425;9512;6.23;0.38;277.16;8.24;970;50;3241.00;87
8455;48;625319867;8455;345;9438;9512;6.36;0.39;277.16;8.24;983;50;3242.00;74
8457;48;625319878;8457;346;9442;9512;6.37;0.39;277.16;8.24;985;50;3243.00;70
8461;48;625319890;8461;344;9447;9512;6.33;0.39;277.25;8.24;986;50;3244.00;65
8463;48;625319902;8463;355;9451;9512;6.35;0.39;277.23;8.23;988;50;3245.00;61
8466;48;625319913;8466;359;9456;9512;6.35;0.39;277.18;8.23;990;50;3246.00;56
8469;48;625319925;8469;361;9457;9512;6.31;0.39;277.17;8.23;988;50;3247.00;55
8471;48;625319935;8471;369;9461;9513;6.27;0.39;277.16;8.23;990;50;3248.00;52
8472;48;625319946;8472;371;9462;9514;6.21;0.38;277.14;8.23;990;50;3249.00;52
8475;48;625319957;8475;371;9464;9514;6.17;0.38;277.15;8.23;989;50;3250.00;50
8476;48;625319969;8476;377;9470;9518;6.15;0.38;277.12;8.23;994;50;3251.00;48
8477;49;625319981;8477;383;9471;9518;6.05;0.37;277.13;8.23;994;51;3252.00;47
8480;49;625320013;8480;389;9471;9518;5.99;0.37;277.11;8.23;991;51;3253.00;47
8485;49;625320028;8485;398;9473;9518;5.89;0.36;277.06;8.23;988;51;3254.00;45
8489;49;625320043;8489;401;9476;9524;5.86;0.36;277.11;8.23;987;51;3255.00;48
8493;49;625320056;8493;403;9478;9524;5.81;0.36;277.13;8.23;985;51;3256.00;46
8495;49;625320068;8495;406;9478;9524;5.80;0.36;277.12;8.23;983;51;3257.00;46
8501;49;625320080;8501;417;9480;9527;5.75;0.35;277.17;8.23;979;51;3258.00;47
8506;49;625320092;8506;414;9482;9527;5.72;0.35;277.10;8.23;976;51;3259.00;45
8512;49;625320105;8512;403;9483;9527;5.71;0.35;277.05;8.27;971;51;3260.00;44
8516;49;625320118;8516;394;9484;9528;5.73;0.35;277.04;8.27;968;51;3261.00;44
8516;49;625320130;8516;392;9485;9529;5.79;0.35;277.04;8.27;969;51;3262.00;44
8520;49;625320142;8520;382;9485;9529;5.79;0.36;277.04;8.27;965;51;3263.00;44
8522;49;625320155;8522;379;9496;9542;5.95;0.36;277.01;8.26;974;51;3264.00;46
8523;49;625320167;8523;386;9496;9542;6.05;0.37;276.99;8.26;973;51;3265.00;46
8526;49;625320179;8526;385;9496;9542;6.14;0.38;277.00;8.26;970;51;3266.00;46
8529;49;625320192;8529;384;9497;9543;6.21;0.38;276.96;8.26;968;51;3267.00;46
8530;49;625320205;8530;388;9497;9543;6.29;0.38;276.96;8.26;967;51;3268.00;46
8534;49;625320217;8534;387;9500;9547;6.34;0.39;276.90;8.25;966;51;3269.00;47
8537;49;625320231;8537;391;9500;9547;6.33;0.39;276.90;8.25;963;51;3270.00;47
8542;49;625320243;8542;385;9504;9551;6.34;0.39;276.87;8.25;962;51;3271.00;47
8544;49;625320256;8544;384;9504;9551;6.37;0.39;276.88;8.25;960;51;3272.00;47
8547;49;625320274;8547;381;9504;9551;6.34;0.39;276.91;8.25;957;51;3273.00;47
8547;49;625320286;8547;381;9504;9551;6.35;0.39;276.91;8.25;957;51;3274.00;47
8547;49;625320297;8547;393;9505;9551;6.41;0.39;276.91;8.29;958;51;3275.00;46
8548;49;625320309;8548;397;9515;9563;6.54;0.40;276.89;8.28;967;51;3276.00;48
8549;49;625320323;8549;389;9515;9563;6.58;0.40;276.89;8.28;966;51;3277.00;48
8550;49;625320336;8550;379;9516;9563;6.68;0.41;276.88;8.28;966;51;3278.00;47
8551;49;625320349;8551;372;9516;9563;6.76;0.41;276.90;8.28;965;51;3279.00;47
8553;49;625320361;8553;367;9517;9563;6.77;0.41;276.95;8.32;964;51;3280.00;46
8553;49;625320374;8553;361;9517;9563;6.85;0.42;276.95;8.32;964;51;3281.00;46
8555;49;625320386;8555;358;9517;9564;6.89;0.42;276.98;8.32;962;51;3282.00;47
8555;49;625320399;8555;356;9517;9564;6.97;0.42;276.98;8.32;962;51;3283.00;47
8560;49;625320416;8560;354;9521;9570;7.00;0.43;276.93;8.32;961;51;3284.00;49
8561;49;625320430;8561;355;9523;9572;7.02;0.43;276.93;8.32;962;51;3285.00;49
8563;49;625320449;8563;341;9524;9572;7.05;0.43;276.97;8.32;961;51;3286.00;48
8565;49;625320462;8565;334;9524;9572;7.10;0.43;276.95;8.32;959;51;3287.00;48
8567;49;625320481;8567;326;9527;9576;7.18;0.44;276.97;8.32;960;51;3288.00;49
8570;49;625320494;8570;321;9527;9576;7.29;0.44;277.03;8.32;957;51;3289.00;49
8571;49;625320507;8571;314;9527;9576;7.40;0.45;277.06;8.32;956;51;3290.00;49
8574;49;625320520;8574;304;9528;9577;7.47;0.45;277.11;8.31;954;51;3291.00;49
8577;49;625320533;8577;312;9531;9581;7.49;0.46;277.15;8.31;954;51;3292.00;50
8580;49;625320552;8580;310;9531;9581;7.51;0.46;277.18;8.31;951;51;3293.00;50
8583;49;625320565;8583;306;9533;9584;7.54;0.46;277.25;8.31;950;51;3294.00;51
8583;49;625320578;8583;305;9534;9584;7.56;0.46;277.25;8.35;951;51;3295.00;50
8586;49;625320590;8586;302;9535;9584;7.59;0.46;277.30;8.35;949;51;3296.00;49
8588;49;625320603;8588;305;9535;9584;7.55;0.46;277.32;8.35;947;51;3297.00;49
8592;49;625320615;8592;304;9538;9588;7.51;0.46;277.38;8.35;946;51;3298.00;50
8596;49;625320627;8596;304;9538;9588;7.46;0.45;277.49;8.35;942;51;3299.00;50
8597;50;625320643;8597;304;9542;9607;7.44;0.45;277.53;8.35;945;52;3300.00;65
8599;50;625320676;8599;300;9543;9607;7.40;0.45;277.53;8.35;944;52;3301.00;64
8602;50;625320688;8602;296;9543;9608;7.30;0.44;277.60;8.35;941;52;3302.00;65
8604;50;625320701;8604;289;9544;9609;7.25;0.44;277.63;8.35;940;52;3303.00;65
8604;50;625320712;8604;286;9544;9609;7.24;0.44;277.63;8.35;940;52;3304.00;65
8607;50;625320724;8607;287;9546;9610;7.21;0.44;277.71;8.34;939;52;3305.00;64
8612;50;625320736;8612;286;9546;9610;7.16;0.44;277.71;8.34;934;52;3306.00;64
8614;50;625320747;8614;288;9547;9610;7.18;0.44;277.75;8.34;933;52;3307.00;63
8616;50;625320759;8616;289;9547;9610;7.17;0.44;277.78;8.34;931;52;3308.00;63
8621;50;625320771;8621;290;9547;9610;7.16;0.44;277.76;8.34;926;52;3309.00;63
8626;50;625320782;8626;295;9547;9610;7.14;0.43;277.85;8.34;921;52;3310.00;63
8630;50;625320794;8630;292;9548;9610;7.10;0.43;277.90;8.34;918;52;3311.00;62
8633;50;625320805;8633;321;9614;9737;7.12;0.44;277.99;8.29;981;52;3312.00;123
8636;50;625320828;8636;315;9619;9738;7.10;0.44;278.04;8.28;983;52;3313.00;119
8639;50;625320839;8639;308;9622;9738;7.17;0.44;278.10;8.28;983;52;3314.00;116
8644;50;625320851;8644;313;9625;9738;7.19;0.44;278.16;8.28;981;52;3315.00;113
8645;50;625320863;8645;313;9626;9738;7.17;0.44;278.18;8.28;981;52;3316.00;112
8647;50;625320879;8647;313;9630;9738;7.20;0.44;278.21;8.28;983;52;3317.00;108
8652;50;625320900;8652;322;9630;9738;7.19;0.44;278.24;8.28;978;52;3318.00;108
8654;50;625320921;8654;322;9634;9738;7.23;0.44;278.21;8.28;980;52;3319.00;104
8657;50;625320943;8657;312;9638;9739;7.25;0.44;278.25;8.33;981;52;3320.00;101
8661;50;625320963;8661;310;9641;9740;7.27;0.45;278.30;8.33;980;52;3321.00;99
8662;50;625320983;8662;309;9644;9740;7.30;0.45;278.29;8.33;982;52;3322.00;96
8664;50;625320999;8664;313;9648;9741;7.35;0.45;278.26;8.33;984;52;3323.00;93
8667;50;625321014;8667;313;9650;9741;7.29;0.45;278.27;8.33;983;52;3324.00;91
8668;50;625321028;8668;314;9653;9741;7.26;0.44;278.26;8.33;985;52;3325.00;88
8670;50;625321041;8670;314;9656;9741;7.21;0.44;278.25;8.33;986;52;3326.00;85
8674;50;625321054;8674;321;9657;9745;7.19;0.44;278.30;8.33;983;52;3327.00;88
8676;50;625321067;8676;317;9658;9745;7.25;0.44;278.29;8.33;982;52;3328.00;87
8677;50;625321081;8677;318;9660;9745;7.24;0.44;278.33;8.34;983;52;3329.00;85
8679;50;625321102;8679;315;9663;9751;7.24;0.44;278.34;8.34;984;52;3330.00;88
8680;50;625321116;8680;315;9665;9751;7.26;0.44;278.35;8.34;985;52;3331.00;86
8683;50;625321129;8683;307;9666;9751;7.26;0.44;278.43;8.34;983;52;3332.00;85
8688;50;625321141;8688;300;9670;9755;7.19;0.44;278.50;8.34;982;52;3333.00;85
8691;50;625321154;8691;304;9674;9756;7.16;0.44;278.56;8.34;983;52;3334.00;82
8694;50;625321167;8694;296;9677;9756;7.17;0.44;278.54;8.41;983;52;3335.00;79
8698;50;625321182;8698;295;9680;9760;7.19;0.44;278.55;8.41;982;52;3336.00;80
8702;50;625321196;8702;288;9680;9760;7.19;0.44;278.55;8.41;978;52;3337.00;80
8703;50;625321209;8703;288;9681;9760;7.23;0.44;278.54;8.41;978;52;3338.00;79
8706;50;625321222;8706;288;9682;9761;7.25;0.44;278.50;8.41;976;52;3339.00;79
8708;50;625321235;8708;281;9685;9761;7.27;0.44;278.53;8.41;977;52;3340.00;76
8709;50;625321248;8709;280;9688;9767;7.34;0.45;278.56;8.45;979;52;3341.00;79
8712;50;625321261;8712;279;9691;9767;7.35;0.45;278.55;8.45;979;52;3342.00;76
8714;50;625321275;8714;268;9692;9768;7.41;0.45;278.57;8.48;978;52;3343.00;76
8717;50;625321289;8717;265;9693;9768;7.42;0.45;278.57;8.49;976;52;3344.00;75
8718;50;625321303;8718;259;9693;9768;7.45;0.45;278.57;8.49;975;52;3345.00;75
8720;50;625321316;8720;258;9694;9768;7.45;0.45;278.62;8.49;974;52;3346.00;74
8723;50;625321329;8723;250;9695;9768;7.48;0.45;278.66;8.52;972;52;3347.00;73
8726;50;625321342;8726;253;9707;9780;7.50;0.45;278.66;8.51;981;52;3348.00;73
8728;50;625321359;8728;258;9708;9780;7.48;0.45;278.67;8.52;980;52;3349.00;72
8733;50;625321372;8733;260;9713;9780;7.43;0.45;278.65;8.53;980;52;3350.00;67
8736;50;625321385;8736;264;9715;9780;7.38;0.45;278.68;8.53;979;52;3351.00;65
8739;50;625321398;8739;265;9718;9780;7.35;0.45;278.72;8.53;979;52;3352.00;62
8742;50;625321412;8742;268;9718;9780;7.40;0.45;278.80;8.53;976;52;3353.00;62
8746;50;625321424;8746;273;9721;9784;7.38;0.45;278.83;8.53;975;52;3354.00;63
8747;50;625321438;8747;276;9721;9784;7.40;0.45;278.87;8.53;974;52;3355.00;63
8751;50;625321451;8751;280;9726;9788;7.35;0.45;278.82;8.53;975;52;3356.00;62
8752;50;625321465;8752;277;9727;9789;7.42;0.45;278.84;8.53;975;52;3357.00;62
8754;50;625321478;8754;283;9727;9789;7.45;0.45;278.86;8.53;973;52;3358.00;62
8757;50;625321491;8757;287;9727;9789;7.47;0.45;278.88;8.53;970;52;3359.00;62
8762;50;625321506;8762;298;9746;9818;7.37;0.45;278.89;8.52;984;52;3360.00;72
8764;50;625321522;8764;298;9749;9818;7.30;0.44;278.94;8.54;985;52;3361.00;69
8766;50;625321536;8766;307;9750;9818;7.28;0.44;278.99;8.53;984;52;3362.00;68
8768;50;625321549;8768;319;9756;9819;7.35;0.45;279.04;8.56;988;52;3363.00;63
8774;50;625321562;8774;318;9756;9820;7.34;0.45;279.07;8.56;982;52;3364.00;64
8775;50;625321576;8775;318;9758;9820;7.32;0.45;279.08;8.57;983;52;3365.00;62
8779;50;625321596;8779;320;9762;9823;7.30;0.45;279.16;8.58;983;52;3366.00;61
8782;50;625321616;8782;322;9764;9823;7.25;0.44;279.23;8.60;982;52;3367.00;59
8784;50;625321629;8784;325;9765;9823;7.21;0.44;279.22;8.62;981;52;3368.00;58
8787;50;625321643;8787;326;9766;9823;7.21;0.44;279.26;8.63;979;52;3369.00;57
8791;50;625321656;8791;329;9771;9829;7.21;0.44;279.30;8.62;980;52;3370.00;58
8792;50;625321670;8792;333;9773;9829;7.12;0.43;279.32;8.65;981;52;3371.00;56
8793;50;625321685;8793;336;9773;9829;7.04;0.43;279.30;8.65;980;52;3372.00;56
8797;50;625321697;8797;345;9775;9829;6.97;0.42;279.23;8.67;978;52;3373.00;54
8798;50;625321710;8798;352;9779;9833;6.87;0.42;279.30;8.68;981;52;3374.00;54
8798;50;625321722;8798;356;9782;9835;6.83;0.42;279.30;8.69;984;52;3375.00;53
8800;50;625321737;8800;363;9782;9835;6.77;0.41;279.44;8.69;982;52;3376.00;53
8800;50;625321751;8800;368;9784;9836;6.73;0.41;279.44;8.70;984;52;3377.00;52
8802;50;625321763;8802;378;9784;9836;6.63;0.41;279.39;8.70;982;52;3378.00;52
8802;50;625321775;8802;374;9785;9836;6.59;0.40;279.39;8.71;983;52;3379.00;51
8805;50;625321787;8805;378;9786;9836;6.49;0.40;279.31;8.71;981;52;3380.00;50
8807;50;625321810;8807;373;9786;9836;6.42;0.39;279.28;8.71;979;52;3381.00;50
8808;50;625321822;8808;380;9787;9836;6.43;0.39;279.31;8.72;979;52;3382.00;49
8809;50;625321834;8809;379;9788;9836;6.36;0.39;279.29;8.73;979;52;3383.00;48
8811;50;625321845;8811;388;9822;9906;6.52;0.40;279.27;8.70;1011;52;3384.00;84
8814;50;625321862;8814;388;9825;9907;6.46;0.40;279.27;8.71;1011;52;3385.00;82
8817;50;625321875;8817;383;9834;9907;6.45;0.40;279.23;8.71;1017;52;3386.00;73
8819;50;625321888;8819;394;9842;9907;6.42;0.39;279.23;8.71;1023;52;3387.00;65
8821;50;625321900;8821;394;9847;9907;6.38;0.39;279.20;8.71;1026;52;3388.00;60
8822;50;625321911;8822;399;9850;9907;6.39;0.39;279.17;8.71;1028;52;3389.00;57
8822;50;625321926;8822;406;9856;9907;6.34;0.39;279.17;8.73;1034;52;3390.00;51
8825;50;625321939;8825;409;9858;9907;6.23;0.38;279.15;8.73;1033;52;3391.00;49
8829;50;625321955;8829;402;9862;9908;6.13;0.38;279.05;8.74;1033;52;3392.00;46
8835;50;625321967;8835;402;9863;9909;6.04;0.37;279.00;8.75;1028;52;3393.00;46
8835;50;625321979;8835;409;9863;9909;6.01;0.37;279.00;8.75;1028;52;3394.00;46
8840;50;625321991;8840;410;9868;9913;5.90;0.36;278.94;8.76;1028;52;3395.00;45
8845;50;625322003;8845;415;9868;9913;5.80;0.36;278.90;8.76;1023;52;3396.00;45
8850;50;625322014;8850;425;9869;9913;5.68;0.35;278.87;8.76;1019;52;3397.00;44
8851;50;625322026;8851;426;9871;9913;5.57;0.34;278.89;8.77;1020;52;3398.00;42
8853;50;625322036;8853;439;9874;9919;5.48;0.34;278.91;8.77;1021;52;3399.00;45
8855;50;625322048;8855;434;9878;9919;5.41;0.33;279.02;8.79;1023;52;3400.00;41
8859;50;625322063;8859;426;9878;9919;5.32;0.33;279.00;8.79;1019;52;3401.00;41
8861;50;625322074;8861;424;9881;9922;5.29;0.32;279.00;8.79;1020;52;3402.00;41
8862;50;625322086;8862;428;9882;9922;5.22;0.32;278.99;8.80;1020;52;3403.00;40
8864;50;625322096;8864;428;9882;9922;5.15;0.31;279.03;8.80;1018;52;3404.00;40
8868;50;625322107;8868;440;9883;9923;5.07;0.31;279.01;8.80;1015;52;3405.00;40
8870;50;625322118;8870;441;9885;9924;5.06;0.31;279.01;8.80;1015;52;3406.00;39
8872;50;625322128;8872;444;9885;9924;5.05;0.31;279.00;8.80;1013;52;3407.00;39
8875;50;625322139;8875;445;9895;9937;5.03;0.31;279.05;8.79;1020;52;3408.00;42
8876;50;625322151;8876;450;9896;9937;5.11;0.31;279.07;8.79;1020;52;3409.00;41
8878;50;625322162;8878;444;9896;9937;5.11;0.31;279.06;8.79;1018;52;3410.00;41
8879;50;625322173;8879;429;9897;9938;5.16;0.31;279.03;8.79;1018;52;3411.00;41
8882;50;625322184;8882;422;9899;9938;5.20;0.32;279.01;8.83;1017;52;3412.00;39
8885;50;625322195;8885;420;9902;9942;5.29;0.32;279.03;8.82;1017;52;3413.00;40
8888;50;625322207;8888;417;9903;9942;5.29;0.32;279.02;8.82;1015;52;3414.00;39
8891;50;625322219;8891;406;9906;9946;5.35;0.33;279.01;8.82;1015;52;3415.00;40
8894;50;625322230;8894;396;9906;9946;5.42;0.33;279.05;8.82;1012;52;3416.00;40
8898;50;625322242;8898;395;9906;9946;5.54;0.34;279.01;8.82;1008;52;3417.00;40
8900;50;625322260;8900;390;9906;9946;5.66;0.35;279.00;8.82;1006;52;3418.00;40
8904;50;625322271;8904;383;9906;9946;5.71;0.35;279.00;8.82;1002;52;3419.00;40
8904;51;625322284;8904;377;9932;9980;5.97;0.37;279.00;8.80;1028;53;3420.00;48
8907;51;625322313;8907;372;9934;9980;6.01;0.37;279.01;8.80;1027;53;3421.00;46
8911;51;625322325;8911;366;9935;9980;6.09;0.37;278.94;8.80;1024;53;3422.00;45
8914;51;625322344;8914;363;9935;9980;6.16;0.38;278.97;8.80;1021;53;3423.00;45
8919;51;625322356;8919;352;9935;9980;6.20;0.38;278.95;8.80;1016;53;3424.00;45
8921;51;625322369;8921;358;9935;9980;6.28;0.38;278.92;8.80;1014;53;3425.00;45
8925;51;625322382;8925;350;9935;9981;6.35;0.39;278.93;8.80;1010;53;3426.00;46
8927;51;625322401;8927;349;9935;9981;6.40;0.39;278.93;8.80;1008;53;3427.00;46
8929;51;625322417;8929;350;9940;9987;6.49;0.40;278.95;8.79;1011;53;3428.00;47
8932;51;625322444;8932;345;9941;9988;6.57;0.40;278.99;8.79;1009;53;3429.00;47
8936;51;625322458;8936;349;9941;9988;6.62;0.40;279.03;8.79;1005;53;3430.00;47
8939;51;625322471;8939;349;9941;9988;6.63;0.41;279.08;8.79;1002;53;3431.00;47
8945;51;625322484;8945;348;9944;9992;6.66;0.41;279.05;8.79;999;53;3432.00;48
8947;51;625322497;8947;349;9945;9992;6.71;0.41;279.04;8.83;998;53;3433.00;47
8950;51;625322510;8950;346;9945;9992;6.74;0.41;279.16;8.83;995;53;3434.00;47
8952;51;625322523;8952;347;9946;9993;6.81;0.42;279.17;8.82;994;53;3435.00;47
8957;51;625322536;8957;350;9949;9997;6.91;0.42;279.23;8.82;992;53;3436.00;48
8961;51;625322549;8961;353;9949;9997;6.94;0.42;279.19;8.82;988;53;3437.00;48
8963;51;625322562;8963;348;9951;10000;6.98;0.43;279.18;8.82;988;53;3438.00;49
8968;51;625322575;8968;348;9951;10000;6.92;0.42;279.28;8.82;983;53;3439.00;49
8969;51;625322588;8969;353;9952;10000;6.93;0.42;279.33;8.82;983;53;3440.00;48
8971;51;625322601;8971;354;9952;10000;6.86;0.42;279.35;8.82;981;53;3441.00;48
8974;51;625322614;8974;361;9955;10004;6.79;0.42;279.33;8.82;981;53;3442.00;49
8977;51;625322628;8977;365;9957;10004;6.72;0.41;279.38;8.85;980;53;3443.00;47
8981;51;625322641;8981;369;9957;10004;6.64;0.41;279.50;8.85;976;53;3444.00;47
8986;51;625322655;8986;371;9957;10004;6.54;0.40;279.59;8.85;971;53;3445.00;47
8987;51;625322671;8987;374;9957;10005;6.47;0.40;279.61;8.85;970;53;3446.00;48
8991;51;625322684;8991;358;9958;10006;6.45;0.39;279.64;8.85;967;53;3447.00;48
8996;51;625322698;8996;351;9958;10006;6.42;0.39;279.75;8.85;962;53;3448.00;48
9001;51;625322711;9001;343;9959;10007;6.46;0.39;279.80;8.85;958;53;3449.00;48
9005;51;625322727;9005;347;9959;10007;6.49;0.39;279.81;8.85;954;53;3450.00;48
9008;51;625322741;9008;341;9959;10007;6.53;0.40;279.86;8.85;951;53;3451.00;48
9010;51;625322754;9010;338;9959;10007;6.59;0.40;279.90;8.85;949;53;3452.00;48
9011;51;625322772;9011;331;9959;10007;6.66;0.40;279.94;8.85;948;53;3453.00;48
9014;51;625322784;9014;328;9959;10007;6.68;0.41;280.05;8.85;945;53;3454.00;48
9017;51;625322797;9017;331;9959;10007;6.69;0.41;280.10;8.85;942;53;3455.00;48
9020;51;625322809;9020;339;10030;10134;6.95;0.43;280.19;8.79;1010;53;3456.00;104
9022;51;625322833;9022;314;10032;10135;7.05;0.43;280.19;8.79;1010;53;3457.00;103
9025;51;625322847;9025;298;10039;10135;7.22;0.44;280.27;8.78;1014;53;3458.00;96
9027;51;625322860;9027;285;10044;10135;7.36;0.45;280.28;8.78;1017;53;3459.00;91
9030;51;625322874;9030;278;10048;10135;7.50;0.46;280.33;8.78;1018;53;3460.00;87
9032;51;625322897;9032;267;10053;10135;7.60;0.47;280.35;8.77;1021;53;3461.00;82
9034;51;625322934;9034;268;10057;10135;7.61;0.47;280.40;8.77;1023;53;3462.00;78
9035;51;625322957;9035;275;10060;10135;7.62;0.47;280.40;8.77;1025;53;3463.00;75
9039;51;625322976;9039;279;10064;10136;7.61;0.47;280.45;8.77;1025;53;3464.00;72
9044;51;625322995;9044;286;10067;10138;7.57;0.46;280.50;8.77;1023;53;3465.00;71
9045;51;625323011;9045;293;10070;10138;7.57;0.46;280.49;8.77;1025;53;3466.00;68
9049;51;625323026;9049;290;10071;10139;7.47;0.46;280.56;8.77;1022;53;3467.00;68
9053;51;625323041;9053;289;10072;10139;7.39;0.45;280.69;8.77;1019;53;3468.00;67
9054;51;625323056;9054;283;10074;10139;7.44;0.46;280.68;8.77;1020;54;3469.00;65
9056;51;625323082;9056;288;10075;10139;7.45;0.46;280.72;8.77;1019;54;3470.00;64
9059;51;625323097;9059;286;10079;10143;7.42;0.46;280.69;8.77;1020;54;3471.00;64
9061;51;625323114;9061;285;10080;10143;7.45;0.46;280.67;8.77;1019;54;3472.00;63
9063;51;625323128;9063;282;10081;10143;7.43;0.46;280.73;8.77;1018;54;3473.00;62
9065;51;625323143;9065;278;10083;10146;7.48;0.46;280.72;8.77;1018;54;3474.00;63
9067;52;625323158;9067;285;10084;10146;7.51;0.46;280.78;8.77;1017;55;3475.00;62
9069;52;625323190;9069;277;10084;10146;7.51;0.46;280.80;8.77;1015;55;3476.00;62
9071;52;625323204;9071;270;10088;10150;7.57;0.46;280.81;8.77;1017;55;3477.00;62
9073;52;625323219;9073;271;10089;10151;7.67;0.47;280.81;8.77;1016;55;3478.00;62
9076;52;625323233;9076;265;10090;10151;7.67;0.47;280.76;8.77;1014;55;3479.00;61
9081;52;625323255;9081;267;10095;10156;7.66;0.47;280.86;8.77;1014;55;3480.00;61
9084;52;625323270;9084;269;10095;10156;7.64;0.47;280.95;8.77;1011;55;3481.00;61
9087;52;625323283;9087;271;10095;10156;7.59;0.46;280.98;8.77;1008;55;3482.00;61
9090;52;625323303;9090;273;10096;10157;7.52;0.46;281.03;8.76;1006;55;3483.00;61
9092;52;625323317;9092;279;10096;10157;7.47;0.45;281.06;8.76;1004;55;3484.00;61
9092;52;625323331;9092;279;10100;10163;7.45;0.45;281.06;8.76;1008;55;3485.00;63
9094;52;625323345;9094;285;10100;10163;7.44;0.45;281.07;8.76;1006;55;3486.00;63
9096;52;625323358;9096;284;10101;10164;7.46;0.45;281.06;8.76;1005;55;3487.00;63
9099;52;625323371;9099;285;10101;10164;7.42;0.45;281.04;8.76;1002;55;3488.00;63
9100;52;625323384;9100;286;10101;10164;7.38;0.45;281.03;8.76;1001;55;3489.00;63
9103;52;625323398;9103;285;10101;10164;7.28;0.44;281.02;8.76;998;55;3490.00;63
9107;52;625323412;9107;279;10101;10164;7.25;0.44;281.04;8.76;994;55;3491.00;63
9110;52;625323425;9110;281;10112;10176;7.30;0.44;281.06;8.79;1002;55;3492.00;64
9114;52;625323440;9114;276;10112;10176;7.29;0.44;281.11;8.79;998;55;3493.00;64
9118;52;625323453;9118;265;10113;10176;7.31;0.44;281.17;8.79;995;55;3494.00;63
9119;52;625323466;9119;254;10113;10176;7.33;0.45;281.15;8.79;994;55;3495.00;63
9120;52;625323479;9120;255;10113;10176;7.37;0.45;281.15;8.79;993;55;3496.00;63
9125;52;625323492;9125;256;10113;10176;7.36;0.45;281.14;8.79;988;55;3497.00;63
9127;52;625323504;9127;252;10116;10180;7.32;0.45;281.21;8.79;989;55;3498.00;64
9129;52;625323518;9129;249;10116;10180;7.34;0.45;281.20;8.79;987;55;3499.00;64
9130;52;625323532;9130;244;10119;10184;7.36;0.45;281.25;8.78;989;55;3500.00;65
9134;52;625323550;9134;241;10121;10185;7.31;0.45;281.29;8.78;987;55;3501.00;64
9140;52;625323562;9140;238;10121;10185;7.21;0.44;281.35;8.78;981;55;3502.00;64
9142;52;625323575;9142;238;10121;10185;7.15;0.44;281.38;8.78;979;55;3503.00;64
9145;52;625323588;9145;239;10131;10198;7.11;0.43;281.48;8.79;986;55;3504.00;67
9149;52;625323603;9149;239;10132;10198;7.07;0.43;281.51;8.80;983;55;3505.00;66
9153;52;625323615;9153;240;10133;10198;7.07;0.43;281.54;8.80;980;55;3506.00;65
9158;52;625323626;9158;243;10134;10199;7.08;0.43;281.61;8.80;976;55;3507.00;65
9163;52;625323638;9163;241;10135;10200;7.04;0.43;281.63;8.84;972;55;3508.00;65
9165;52;625323651;9165;235;10135;10200;7.07;0.43;281.66;8.84;970;55;3509.00;65
9169;52;625323664;9169;236;10138;10206;7.07;0.43;281.66;8.84;969;55;3510.00;68
9172;52;625323677;9172;232;10139;10206;7.11;0.43;281.69;8.83;967;55;3511.00;67
9176;52;625323689;9176;233;10140;10206;7.15;0.44;281.78;8.83;964;55;3512.00;66
9176;52;625323701;9176;225;10140;10206;7.20;0.44;281.78;8.83;964;55;3513.00;66
9182;53;625323712;9182;228;10144;10212;7.15;0.43;281.85;8.83;962;56;3514.00;68
9183;53;625323737;9183;232;10144;10212;7.11;0.43;281.82;8.83;961;56;3515.00;68
9185;53;625323749;9185;228;10146;10212;7.11;0.43;281.90;8.86;961;56;3516.00;66
9188;53;625323761;9188;220;10148;10212;7.01;0.43;281.95;8.88;960;56;3517.00;64
9190;53;625323774;9190;222;10152;10216;6.98;0.42;281.95;8.88;962;56;3518.00;64
9194;53;625323786;9194;216;10154;10219;6.94;0.42;282.00;8.87;960;56;3519.00;65
9198;53;625323798;9198;212;10155;10219;6.90;0.42;282.06;8.87;957;56;3520.00;64
9200;53;625323811;9200;211;10157;10220;6.85;0.41;282.04;8.89;957;56;3521.00;63
9203;53;625323825;9203;213;10157;10220;6.82;0.41;282.10;8.89;954;56;3522.00;63
9203;53;625323838;9203;217;10157;10220;6.79;0.41;282.10;8.89;954;56;3523.00;63
9204;53;625323851;9204;223;10157;10220;6.78;0.41;282.10;8.89;953;56;3524.00;63
9205;53;625323862;9205;228;10157;10220;6.79;0.41;282.09;8.89;952;56;3525.00;63
9207;53;625323875;9207;240;10158;10220;6.80;0.41;282.17;8.90;951;56;3526.00;62
9210;53;625323888;9210;236;10158;10220;6.80;0.41;282.13;8.90;948;56;3527.00;62
9211;53;625323900;9211;251;10191;10290;7.01;0.43;282.15;8.87;980;56;3528.00;99
9215;53;625323918;9215;251;10192;10291;6.96;0.42;282.29;8.88;977;56;3529.00;99
9215;53;625323931;9215;260;10201;10291;6.98;0.43;282.29;8.89;986;56;3530.00;90
9216;53;625323943;9216;258;10206;10291;7.00;0.43;282.31;8.89;990;56;3531.00;85
9217;53;625323955;9217;264;10213;10291;7.00;0.43;282.32;8.90;996;56;3532.00;78
9220;53;625323967;9220;274;10216;10291;7.01;0.43;282.32;8.91;996;56;3533.00;75
9222;53;625323979;9222;282;10219;10291;7.01;0.43;282.30;8.91;997;56;3534.00;72
9222;53;625323992;9222;282;10221;10291;7.01;0.43;282.30;8.92;999;56;3535.00;70
9224;53;625324003;9224;281;10225;10292;6.98;0.43;282.25;8.94;1001;56;3536.00;67
9226;53;625324015;9226;283;10228;10293;6.94;0.42;282.21;8.95;1002;56;3537.00;65
9231;53;625324027;9231;281;10231;10293;6.87;0.42;282.16;8.95;1000;56;3538.00;62
9234;53;625324039;9234;285;10237;10297;6.83;0.42;282.13;8.97;1003;56;3539.00;60
9237;53;625324053;9237;294;10238;10297;6.81;0.42;282.08;8.97;1001;56;3540.00;59
9238;53;625324065;9238;286;10239;10297;6.78;0.41;282.06;8.98;1001;56;3541.00;58
9241;53;625324077;9241;288;10241;10297;6.72;0.41;282.00;9.01;1000;56;3542.00;56
9241;53;625324088;9241;301;10247;10303;6.69;0.41;282.00;9.03;1006;56;3543.00;56
9241;53;625324100;9241;315;10248;10303;6.63;0.40;282.00;9.04;1007;56;3544.00;55
9241;53;625324111;9241;321;10251;10303;6.53;0.40;282.00;9.06;1010;56;3545.00;52
9241;53;625324123;9241;337;10254;10306;6.44;0.39;282.00;9.07;1013;56;3546.00;52
9243;53;625324134;9243;345;10256;10306;6.31;0.39;281.97;9.07;1013;56;3547.00;50
9244;53;625324145;9244;351;10257;10306;6.18;0.38;281.96;9.08;1013;56;3548.00;49
9244;53;625324156;9244;347;10258;10307;6.07;0.37;281.96;9.09;1014;56;3549.00;49
9247;53;625324168;9247;341;10259;10308;6.00;0.37;281.96;9.09;1012;56;3550.00;49
9249;53;625324179;9249;339;10260;10308;5.92;0.36;281.94;9.09;1011;56;3551.00;48
9252;53;625324190;9252;347;10272;10321;5.89;0.36;281.89;9.10;1020;56;3552.00;49
9255;53;625324202;9255;347;10272;10321;5.84;0.36;281.83;9.10;1017;56;3553.00;49
9257;53;625324219;9257;347;10275;10321;5.82;0.36;281.81;9.12;1018;56;3554.00;46
9259;53;625324231;9259;355;10277;10323;5.84;0.36;281.78;9.12;1018;56;3555.00;46
9260;53;625324243;9260;360;10278;10323;5.83;0.36;281.77;9.13;1018;56;3556.00;45
9264;53;625324255;9264;360;10282;10327;5.83;0.36;281.74;9.13;1018;56;3557.00;45
9265;53;625324268;9265;362;10284;10327;5.82;0.36;281.73;9.14;1019;56;3558.00;43
9268;53;625324279;9268;363;10288;10331;5.72;0.35;281.73;9.14;1020;56;3559.00;43
9270;53;625324292;9270;369;10288;10331;5.63;0.34;281.67;9.14;1018;56;3560.00;43
9274;53;625324303;9274;374;10289;10331;5.50;0.33;281.65;9.14;1015;56;3561.00;42
9277;53;625324315;9277;380;10290;10331;5.34;0.32;281.62;9.15;1013;56;3562.00;41
9278;53;625324326;9278;374;10291;10331;5.28;0.32;281.62;9.15;1013;56;3563.00;40
9279;53;625324337;9279;369;10302;10343;5.33;0.32;281.66;9.15;1023;56;3564.00;41
9283;53;625324349;9283;365;10302;10343;5.24;0.32;281.68;9.15;1019;56;3565.00;41
9286;53;625324360;9286;366;10304;10343;5.16;0.31;281.67;9.15;1018;56;3566.00;39
9288;53;625324371;9288;362;10305;10343;5.10;0.31;281.66;9.16;1017;56;3567.00;38
9292;53;625324383;9292;356;10305;10343;5.04;0.31;281.71;9.16;1013;56;3568.00;38
9294;53;625324394;9294;352;10307;10343;4.99;0.30;281.69;9.17;1013;56;3569.00;36
9296;53;625324407;9296;338;10307;10344;4.99;0.30;281.69;9.17;1011;56;3570.00;37
9298;53;625324419;9298;346;10307;10344;5.06;0.31;281.67;9.17;1009;56;3571.00;37
9300;53;625324430;9300;337;10313;10350;5.18;0.32;281.64;9.18;1013;56;3572.00;37
9303;53;625324442;9303;330;10315;10351;5.28;0.32;281.61;9.18;1012;56;3573.00;36
9306;53;625324459;9306;329;10317;10351;5.33;0.32;281.60;9.19;1011;56;3574.00;34
9309;53;625324471;9309;333;10317;10351;5.37;0.33;281.63;9.19;1008;56;3575.00;34
9310;53;625324482;9310;333;10320;10355;5.49;0.33;281.64;9.19;1010;56;3576.00;35
9313;53;625324493;9313;334;10320;10355;5.53;0.33;281.63;9.19;1007;56;3577.00;35
9316;53;625324504;9316;325;10320;10355;5.57;0.34;281.64;9.19;1004;56;3578.00;35
9317;53;625324515;9317;333;10321;10356;5.69;0.34;281.66;9.19;1004;56;3579.00;35
9318;53;625324527;9318;334;10324;10360;5.74;0.35;281.66;9.19;1006;56;3580.00;36
9320;53;625324539;9320;327;10324;10360;5.82;0.35;281.69;9.19;1004;56;3581.00;36
9320;53;625324550;9320;318;10327;10363;5.93;0.36;281.69;9.22;1007;56;3582.00;36
9323;53;625324563;9323;311;10328;10363;6.03;0.37;281.73;9.22;1005;56;3583.00;35
9326;53;625324575;9326;307;10328;10363;6.10;0.37;281.85;9.22;1002;56;3584.00;35
9330;53;625324587;9330;300;10328;10363;6.16;0.37;281.87;9.22;998;56;3585.00;35
9334;53;625324600;9334;299;10331;10367;6.22;0.38;281.90;9.22;997;56;3586.00;36
9337;53;625324612;9337;297;10331;10367;6.30;0.38;281.93;9.22;994;56;3587.00;36
9339;53;625324624;9339;300;10332;10367;6.42;0.39;281.96;9.22;993;56;3588.00;35
9342;53;625324636;9342;293;10332;10367;6.48;0.39;281.93;9.22;990;56;3589.00;35
9345;53;625324649;9345;295;10332;10368;6.54;0.40;282.00;9.22;987;56;3590.00;36
9350;53;625324661;9350;295;10333;10369;6.54;0.40;282.10;9.22;983;56;3591.00;36
9355;53;625324673;9355;292;10333;10369;6.56;0.40;282.14;9.22;978;56;3592.00;36
9360;53;625324691;9360;282;10334;10370;6.61;0.40;282.20;9.22;974;56;3593.00;36
9364;53;625324704;9364;283;10334;10370;6.57;0.40;282.22;9.22;970;56;3594.00;36
9369;53;625324716;9369;280;10334;10370;6.58;0.40;282.31;9.22;965;56;3595.00;36
9373;53;625324729;9373;279;10334;10370;6.63;0.40;282.38;9.22;961;56;3596.00;36
9377;53;625324746;9377;279;10334;10370;6.64;0.41;282.44;9.22;957;56;3597.00;36
9380;53;625324766;9380;281;10334;10370;6.71;0.41;282.54;9.22;954;56;3598.00;36
9382;53;625324779;9382;288;10334;10370;6.72;0.41;282.51;9.22;952;56;3599.00;36
9387;53;625324795;9387;324;10443;10623;7.02;0.44;282.54;9.12;1056;56;3600.00;180
9389;53;625324838;9389;315;10448;10624;7.08;0.44;282.53;9.12;1059;56;3601.00;176
9397;53;625324852;9397;310;10464;10624;7.13;0.45;282.64;9.11;1067;56;3602.00;160
9405;53;625324866;9405;301;10471;10624;7.16;0.45;282.67;9.10;1066;56;3603.00;153
9408;53;625324885;9408;300;10477;10624;7.26;0.45;282.64;9.10;1069;56;3604.00;147
9414;53;625324907;9414;304;10485;10624;7.30;0.45;282.75;9.10;1071;56;3605.00;139
9419;53;625324930;9419;299;10493;10624;7.32;0.45;282.86;9.13;1074;56;3606.00;131
9421;53;625324951;9421;297;10497;10624;7.36;0.46;282.86;9.13;1076;56;3607.00;127
9425;53;625324972;9425;297;10501;10625;7.37;0.46;282.90;9.13;1076;56;3608.00;124
9429;53;625325006;9429;301;10503;10626;7.39;0.46;282.94;9.13;1074;56;3609.00;123
9433;53;625325023;9433;308;10510;10626;7.37;0.46;283.00;9.13;1077;56;3610.00;116
9435;53;625325040;9435;314;10517;10627;7.32;0.45;282.95;9.13;1082;56;3611.00;110
9439;53;625325056;9439;315;10519;10627;7.34;0.46;282.96;9.13;1080;56;3612.00;108
9443;53;625325071;9443;318;10522;10627;7.29;0.45;282.96;9.13;1079;56;3613.00;105
9447;53;625325087;9447;325;10524;10627;7.25;0.45;282.98;9.13;1077;56;3614.00;103
9451;53;625325109;9451;325;10529;10631;7.21;0.45;283.06;9.13;1078;56;3615.00;102
9452;53;625325126;9452;336;10531;10631;7.20;0.45;283.06;9.13;1079;56;3616.00;100
9458;53;625325147;9458;329;10532;10631;7.18;0.44;283.15;9.13;1074;56;3617.00;99
9461;53;625325163;9461;319;10535;10634;7.24;0.45;283.21;9.13;1074;56;3618.00;99
9466;53;625325179;9466;322;10536;10634;7.23;0.45;283.25;9.14;1070;56;3619.00;98
9470;53;625325194;9470;317;10537;10634;7.22;0.44;283.32;9.14;1067;56;3620.00;97
9474;53;625325212;9474;313;10544;10638;7.24;0.44;283.37;9.14;1070;56;3621.00;94
9478;53;625325228;9478;313;10546;10639;7.24;0.44;283.44;9.17;1068;56;3622.00;93
9484;53;625325244;9484;320;10549;10639;7.23;0.44;283.48;9.18;1065;56;3623.00;90
9486;53;625325260;9486;326;10552;10643;7.23;0.44;283.46;9.18;1066;56;3624.00;91
9488;53;625325275;9488;329;10555;10643;7.20;0.44;283.52;9.18;1067;56;3625.00;88
9491;53;625325290;9491;320;10556;10643;7.18;0.44;283.52;9.18;1065;56;3626.00;87
9494;53;625325305;9494;306;10557;10644;7.17;0.44;283.54;9.18;1063;56;3627.00;87
9499;53;625325321;9499;299;10558;10644;7.20;0.44;283.58;9.18;1059;56;3628.00;86
9504;53;625325337;9504;290;10562;10650;7.24;0.44;283.62;9.18;1058;56;3629.00;88
9506;53;625325356;9506;288;10563;10650;7.28;0.44;283.63;9.18;1057;56;3630.00;87
9512;53;625325371;9512;290;10564;10651;7.29;0.44;283.64;9.22;1052;56;3631.00;87
9514;53;625325388;9514;293;10565;10651;7.33;0.44;283.64;9.22;1051;56;3632.00;86
9516;53;625325410;9516;292;10566;10651;7.34;0.45;283.65;9.22;1050;56;3633.00;85
9520;54;625325425;9520;299;10567;10651;7.23;0.44;283.78;9.22;1047;57;3634.00;84
9522;54;625325453;9522;296;10570;10651;7.17;0.44;283.82;9.26;1048;57;3635.00;81
9524;54;625325470;9524;301;10580;10663;7.15;0.43;283.85;9.25;1056;57;3636.00;83
9525;54;625325486;9525;299;10581;10663;7.17;0.44;283.87;9.25;1056;57;3637.00;82
9528;54;625325501;9528;294;10583;10663;7.21;0.44;283.89;9.25;1055;57;3638.00;80
9533;54;625325516;9533;299;10583;10663;7.22;0.44;283.89;9.25;1050;57;3639.00;80
9536;54;625325530;9536;289;10583;10663;7.21;0.44;283.95;9.25;1047;57;3640.00;80
9538;54;625325545;9538;293;10583;10663;7.19;0.44;283.96;9.25;1045;57;3641.00;80
9538;54;625325559;9538;302;10585;10667;7.13;0.43;283.96;9.25;1047;57;3642.00;82
9540;54;625325580;9540;306;10587;10667;7.10;0.43;283.95;9.26;1047;57;3643.00;80
9541;54;625325595;9541;312;10590;10671;7.12;0.43;283.94;9.25;1049;57;3644.00;81
9543;54;625325610;9543;309;10592;10673;7.09;0.43;283.91;9.25;1049;57;3645.00;81
9544;54;625325624;9544;312;10594;10673;7.09;0.43;283.92;9.29;1050;57;3646.00;79
9547;54;625325638;9547;312;10594;10673;7.06;0.43;283.95;9.29;1047;57;3647.00;79
9548;54;625325653;9548;321;10603;10686;7.07;0.43;283.92;9.28;1055;57;3648.00;83
9549;54;625325667;9549;320;10603;10686;7.06;0.43;283.92;9.28;1054;57;3649.00;83
9551;54;625325682;9551;321;10603;10686;7.09;0.43;283.92;9.28;1052;57;3650.00;83
9553;54;625325696;9553;325;10604;10687;7.07;0.43;284.01;9.28;1051;57;3651.00;83
9553;54;625325710;9553;329;10604;10688;7.11;0.43;284.01;9.28;1051;57;3652.00;84
9556;54;625325724;9556;326;10604;10688;7.06;0.43;284.01;9.28;1048;57;3653.00;84
9558;54;625325737;9558;328;10606;10691;7.06;0.43;284.00;9.28;1048;57;3654.00;85
9559;54;625325751;9559;325;10606;10691;7.05;0.43;284.00;9.28;1047;57;3655.00;85
9562;54;625325765;9562;325;10607;10691;7.05;0.43;284.03;9.28;1045;57;3656.00;84
9562;54;625325778;9562;325;10607;10691;7.01;0.43;284.03;9.28;1045;57;3657.00;84
9564;54;625325791;9564;326;10611;10697;6.98;0.43;284.01;9.27;1047;57;3658.00;86
9564;54;625325805;9564;331;10611;10697;6.97;0.43;284.01;9.27;1047;57;3659.00;86
9565;54;625325821;9565;318;10612;10697;7.01;0.43;284.00;9.27;1047;57;3660.00;85
9569;54;625325834;9569;309;10612;10697;6.99;0.43;283.94;9.27;1043;57;3661.00;85
9570;54;625325848;9570;309;10614;10701;6.94;0.43;283.92;9.27;1044;57;3662.00;87
9573;54;625325861;9573;301;10616;10702;6.90;0.42;283.96;9.31;1043;57;3663.00;86
9574;54;625325875;9574;301;10616;10702;6.89;0.42;284.01;9.31;1042;57;3664.00;86
9579;54;625325890;9579;301;10617;10703;6.86;0.42;284.04;9.31;1038;57;3665.00;86
9582;54;625325904;9582;303;10618;10703;6.81;0.42;284.12;9.35;1036;57;3666.00;85
9583;54;625325917;9583;302;10620;10703;6.77;0.41;284.09;9.36;1037;57;3667.00;83
9586;54;625325930;9586;301;10621;10703;6.77;0.41;284.10;9.36;1035;57;3668.00;82
9592;54;625325943;9592;292;10622;10703;6.65;0.41;284.16;9.39;1030;57;3669.00;81
9594;54;625325956;9594;293;10622;10703;6.59;0.40;284.12;9.39;1028;57;3670.00;81
9596;54;625325975;9596;296;10622;10703;6.49;0.40;284.17;9.39;1026;57;3671.00;81
9599;54;625325993;9599;297;10654;10773;6.50;0.40;284.15;9.41;1055;57;3672.00;119
9603;54;625326010;9603;293;10657;10774;6.43;0.39;284.11;9.41;1054;57;3673.00;117
9606;54;625326023;9606;284;10664;10774;6.49;0.40;284.17;9.41;1058;57;3674.00;110
9607;54;625326035;9607;278;10668;10774;6.48;0.40;284.16;9.47;1061;57;3675.00;106
9609;54;625326050;9609;275;10673;10774;6.53;0.40;284.20;9.47;1064;57;3676.00;101
9610;54;625326062;9610;274;10677;10774;6.61;0.40;284.21;9.47;1067;57;3677.00;97
9612;54;625326075;9612;258;10682;10774;6.67;0.41;284.26;9.51;1070;57;3678.00;92
9615;54;625326088;9615;257;10682;10774;6.66;0.41;284.24;9.51;1067;57;3679.00;92
9617;54;625326100;9617;250;10685;10775;6.68;0.41;284.25;9.55;1068;57;3680.00;90
9622;54;625326113;9622;250;10686;10776;6.62;0.40;284.19;9.54;1064;57;3681.00;90
9626;54;625326126;9626;250;10688;10776;6.54;0.40;284.15;9.59;1062;57;3682.00;88
9629;54;625326139;9629;244;10691;10780;6.44;0.39;284.13;9.58;1062;57;3683.00;89
9630;54;625326152;9630;241;10691;10780;6.34;0.39;284.12;9.58;1061;57;3684.00;89
9633;54;625326171;9633;240;10692;10780;6.25;0.38;284.07;9.62;1059;57;3685.00;88
9634;54;625326184;9634;251;10693;10780;6.22;0.38;284.18;9.62;1059;57;3686.00;87
9636;54;625326197;9636;264;10697;10786;6.27;0.38;284.15;9.66;1061;57;3687.00;89
9636;54;625326210;9636;273;10698;10786;6.32;0.38;284.15;9.65;1062;57;3688.00;88
9640;54;625326223;9640;275;10699;10786;6.27;0.38;284.11;9.68;1059;57;3689.00;87
9641;54;625326237;9641;273;10704;10792;6.26;0.38;284.09;9.69;1063;57;3690.00;88
9643;54;625326251;9643;283;10704;10792;6.26;0.38;284.10;9.69;1061;57;3691.00;88
9645;54;625326264;9645;285;10708;10792;6.22;0.38;284.05;9.70;1063;57;3692.00;84
9647;54;625326277;9647;294;10709;10793;6.16;0.38;284.03;9.73;1062;57;3693.00;84
9649;54;625326289;9649;289;10714;10794;6.14;0.37;284.00;9.74;1065;57;3694.00;80
9652;54;625326302;9652;296;10715;10794;6.11;0.37;283.93;9.74;1063;57;3695.00;79
9653;54;625326317;9653;300;10727;10807;6.09;0.37;283.90;9.74;1074;57;3696.00;80
9656;54;625326330;9656;310;10727;10807;6.05;0.37;283.85;9.74;1071;57;3697.00;80
9660;54;625326343;9660;317;10729;10807;5.99;0.36;283.93;9.75;1069;57;3698.00;78
9662;54;625326356;9662;321;10731;10808;6.02;0.37;283.92;9.75;1069;57;3699.00;77
9662;54;625326369;9662;323;10734;10808;6.00;0.37;283.92;9.78;1072;57;3700.00;74
9663;54;625326385;9663;329;10737;10812;6.07;0.37;283.90;9.78;1074;57;3701.00;75
9665;54;625326398;9665;334;10737;10812;6.06;0.37;283.88;9.78;1072;57;3702.00;75
9667;54;625326411;9667;340;10742;10816;6.11;0.37;283.84;9.79;1075;57;3703.00;74
9670;54;625326424;9670;347;10743;10816;6.13;0.37;283.82;9.80;1073;57;3704.00;73
9672;54;625326436;9672;351;10743;10816;6.12;0.37;283.81;9.80;1071;57;3705.00;73
9674;54;625326449;9674;351;10745;10816;6.05;0.37;283.76;9.82;1071;57;3706.00;71
9676;54;625326461;9676;357;10745;10816;5.98;0.36;283.72;9.82;1069;57;3707.00;71
9678;54;625326473;9678;359;10758;10828;6.00;0.37;283.69;9.84;1080;57;3708.00;70
9680;54;625326487;9680;359;10762;10828;6.00;0.37;283.68;9.87;1082;57;3709.00;66
9682;54;625326499;9682;354;10764;10828;5.97;0.36;283.76;9.88;1082;57;3710.00;64
9684;54;625326511;9684;359;10764;10828;5.94;0.36;283.75;9.88;1080;57;3711.00;64
9685;54;625326523;9685;364;10765;10828;5.87;0.36;283.73;9.89;1080;57;3712.00;63
9687;54;625326534;9687;366;10767;10828;5.81;0.36;283.71;9.91;1080;57;3713.00;61
9688;54;625326546;9688;373;10768;10829;5.78;0.35;283.74;9.91;1080;57;3714.00;61
9689;54;625326559;9689;365;10768;10829;5.77;0.35;283.73;9.91;1079;57;3715.00;61
9690;54;625326571;9690;352;10775;10835;5.80;0.35;283.74;9.93;1085;57;3716.00;60
9691;54;625326584;9691;347;10777;10836;5.82;0.36;283.76;9.93;1086;57;3717.00;59
9693;54;625326596;9693;357;10778;10836;5.87;0.36;283.74;9.94;1085;57;3718.00;58
9694;54;625326609;9694;349;10779;10836;5.89;0.36;283.76;9.95;1085;57;3719.00;57
9695;54;625326623;9695;342;10784;10841;5.93;0.36;283.74;9.95;1089;57;3720.00;57
9696;54;625326637;9696;337;10785;10841;5.94;0.36;283.82;9.97;1089;57;3721.00;56
9698;54;625326656;9698;331;10785;10841;5.92;0.36;283.79;9.97;1087;57;3722.00;56
9700;54;625326674;9700;325;10786;10842;5.96;0.36;283.77;9.97;1086;57;3723.00;56
9702;54;625326687;9702;322;10790;10846;5.96;0.36;283.77;9.97;1088;57;3724.00;56
9703;54;625326700;9703;325;10791;10846;6.01;0.37;283.78;9.99;1088;57;3725.00;55
9703;54;625326713;9703;323;10793;10849;6.10;0.37;283.78;9.98;1090;57;3726.00;56
9705;54;625326726;9705;321;10797;10849;6.13;0.37;283.75;10.01;1092;57;3727.00;52
9706;54;625326741;9706;322;10797;10849;6.17;0.38;283.73;10.01;1091;57;3728.00;52
9708;54;625326754;9708;319;10797;10849;6.17;0.38;283.69;10.01;1089;57;3729.00;52
9708;54;625326775;9708;317;10803;10853;6.21;0.38;283.69;10.03;1095;57;3730.00;50
9711;54;625326788;9711;325;10803;10853;6.19;0.38;283.71;10.03;1092;57;3731.00;50
9714;54;625326801;9714;328;10805;10853;6.13;0.37;283.75;10.04;1091;57;3732.00;48
9716;54;625326814;9716;328;10806;10853;6.03;0.37;283.85;10.04;1090;57;3733.00;47
9718;54;625326828;9718;332;10807;10854;5.99;0.36;283.85;10.05;1089;57;3734.00;47
9722;54;625326840;9722;340;10810;10856;5.92;0.36;283.90;10.05;1088;57;3735.00;46
9724;54;625326858;9724;346;10810;10856;5.86;0.36;283.87;10.05;1086;57;3736.00;46
9729;54;625326870;9729;351;10812;10857;5.79;0.35;283.81;10.06;1083;57;3737.00;45
9732;54;625326887;9732;352;10813;10857;5.72;0.35;283.85;10.07;1081;57;3738.00;44
9736;54;625326903;9736;363;10813;10857;5.66;0.34;283.84;10.07;1077;57;3739.00;44
9737;54;625326922;9737;353;10814;10857;5.65;0.35;283.83;10.08;1077;57;3740.00;43
9739;54;625326941;9739;348;10814;10857;5.68;0.35;283.90;10.08;1075;57;3741.00;43
9745;54;625326960;9745;349;10815;10857;5.69;0.35;283.97;10.09;1070;57;3742.00;42
9749;54;625326978;9749;348;10815;10857;5.70;0.35;283.97;10.09;1066;57;3743.00;42
9752;54;625326997;9752;362;10884;10984;6.04;0.37;284.01;10.02;1132;57;3744.00;100
9756;54;625327022;9756;361;10889;10985;6.05;0.37;283.99;10.03;1133;57;3745.00;96
9760;54;625327036;9760;358;10896;10985;6.07;0.38;283.97;10.03;1136;57;3746.00;89
9762;54;625327057;9762;353;10902;10985;6.10;0.38;284.03;10.02;1140;57;3747.00;83
9766;54;625327071;9766;358;10907;10985;6.09;0.38;284.11;10.02;1141;57;3748.00;78
9769;54;625327084;9769;357;10910;10985;6.10;0.38;284.12;10.02;1141;57;3749.00;75
9772;54;625327100;9772;353;10915;10990;6.20;0.38;284.20;10.02;1143;57;3750.00;75
9777;54;625327115;9777;361;10919;10990;6.20;0.38;284.30;10.01;1142;57;3751.00;71
9780;54;625327129;9780;352;10924;10991;6.27;0.39;284.29;10.01;1144;57;3752.00;67
9782;54;625327144;9782;352;10927;10992;6.36;0.39;284.35;10.01;1145;57;3753.00;65
9785;54;625327158;9785;351;10928;10992;6.45;0.40;284.39;10.01;1143;57;3754.00;64
9789;54;625327173;9789;363;10929;10993;6.50;0.40;284.45;10.01;1140;57;3755.00;64
9792;54;625327188;9792;356;10931;10993;6.53;0.40;284.49;10.01;1139;57;3756.00;62
9798;54;625327203;9798;357;10933;10993;6.50;0.40;284.50;10.01;1135;57;3757.00;60
9801;54;625327218;9801;353;10934;10993;6.48;0.40;284.55;10.01;1133;57;3758.00;59
9806;54;625327233;9806;357;10937;10997;6.51;0.40;284.60;10.01;1131;57;3759.00;60
9809;54;625327249;9809;361;10939;10997;6.53;0.40;284.69;10.01;1130;57;3760.00;58
9814;54;625327264;9814;360;10940;10997;6.53;0.40;284.75;10.01;1126;57;3761.00;57
9818;54;625327278;9818;359;10943;11000;6.59;0.40;284.75;10.01;1125;57;3762.00;57
9820;54;625327294;9820;353;10944;11000;6.63;0.41;284.77;10.01;1124;57;3763.00;56
9822;54;625327309;9822;355;10945;11000;6.66;0.41;284.77;10.01;1123;57;3764.00;55
9828;54;625327324;9828;351;10948;11004;6.67;0.41;284.82;10.01;1120;57;3765.00;56
9833;54;625327340;9833;350;10949;11005;6.68;0.41;284.88;10.01;1116;57;3766.00;56
9836;54;625327355;9836;360;10949;11005;6.75;0.41;284.86;10.01;1113;57;3767.00;56
9838;54;625327370;9838;360;10951;11009;6.80;0.42;284.87;10.01;1113;57;3768.00;58
9841;54;625327385;9841;361;10952;11009;6.79;0.42;284.95;10.01;1111;57;3769.00;57
9850;54;625327400;9850;364;10953;11009;6.72;0.41;284.95;10.01;1103;57;3770.00;56
9851;54;625327415;9851;362;10954;11010;6.69;0.41;284.96;10.01;1103;57;3771.00;56
9857;54;625327431;9857;365;10954;11010;6.64;0.41;284.96;10.01;1097;57;3772.00;56
9860;54;625327446;9860;371;10958;11016;6.58;0.40;285.02;10.00;1098;57;3773.00;58
9865;54;625327462;9865;369;10959;11016;6.59;0.40;285.00;10.00;1094;57;3774.00;57
9871;54;625327478;9871;371;10960;11017;6.56;0.40;285.10;10.00;1089;57;3775.00;57
9874;54;625327493;9874;375;10961;11017;6.62;0.40;285.13;10.00;1087;57;3776.00;56
9879;54;625327507;9879;376;10961;11017;6.62;0.40;285.20;10.00;1082;57;3777.00;56
9881;54;625327522;9881;378;10962;11017;6.66;0.41;285.22;10.00;1081;57;3778.00;55
9886;54;625327537;9886;382;10962;11017;6.65;0.41;285.38;10.00;1076;57;3779.00;55
9890;54;625327555;9890;385;10988;11053;6.76;0.41;285.47;9.98;1098;57;3780.00;65
9893;54;625327572;9893;386;10988;11053;6.74;0.41;285.52;9.98;1095;57;3781.00;65
9898;54;625327587;9898;383;10990;11053;6.71;0.41;285.64;9.98;1092;57;3782.00;63
9901;54;625327605;9901;376;10991;11053;6.72;0.41;285.67;9.98;1090;57;3783.00;62
9902;54;625327620;9902;380;10992;11053;6.77;0.42;285.73;9.98;1090;57;3784.00;61
9907;54;625327635;9907;385;10992;11053;6.75;0.41;285.76;9.98;1085;57;3785.00;61
9910;54;625327650;9910;393;10996;11057;6.75;0.41;285.84;9.97;1086;57;3786.00;61
9913;54;625327665;9913;382;10996;11057;6.76;0.41;285.92;9.97;1083;57;3787.00;61
9915;54;625327680;9915;375;11000;11061;6.78;0.42;285.96;9.97;1085;57;3788.00;61
9920;54;625327696;9920;367;11001;11062;6.75;0.41;285.99;9.97;1081;57;3789.00;61
9923;54;625327712;9923;368;11001;11062;6.75;0.41;286.02;9.97;1078;57;3790.00;61
9925;54;625327727;9925;367;11002;11062;6.71;0.41;286.02;10.01;1077;57;3791.00;60
9929;54;625327748;9929;371;11013;11075;6.69;0.41;286.14;10.00;1084;57;3792.00;62
9934;54;625327767;9934;369;11013;11075;6.63;0.41;286.15;10.00;1079;57;3793.00;62
9938;54;625327782;9938;374;11013;11075;6.56;0.40;286.15;10.00;1075;57;3794.00;62
9941;54;625327802;9941;372;11014;11076;6.53;0.40;286.29;10.00;1073;57;3795.00;62
9943;54;625327817;9943;365;11014;11077;6.56;0.40;286.30;10.00;1071;57;3796.00;63
9949;54;625327832;9949;358;11014;11077;6.58;0.40;286.40;10.00;1065;57;3797.00;63
9955;54;625327847;9955;355;11016;11080;6.65;0.41;286.40;9.99;1061;57;3798.00;64
9957;54;625327864;9957;347;11017;11080;6.73;0.41;286.39;9.99;1060;57;3799.00;63
9961;54;625327881;9961;340;11017;11080;6.73;0.41;286.42;9.99;1056;57;3800.00;63
9964;54;625327908;9964;335;11017;11080;6.82;0.42;286.51;9.99;1053;57;3801.00;63
9964;54;625327923;9964;332;11021;11086;6.85;0.42;286.51;9.99;1057;57;3802.00;65
9965;54;625327939;9965;324;11021;11086;6.83;0.42;286.50;9.99;1056;57;3803.00;65
9969;54;625327953;9969;321;11022;11086;6.81;0.42;286.58;9.99;1053;57;3804.00;64
9972;54;625327967;9972;321;11022;11086;6.81;0.42;286.59;9.99;1050;57;3805.00;64
9976;54;625327981;9976;314;11025;11090;6.80;0.42;286.61;9.99;1049;57;3806.00;65
9980;54;625328001;9980;306;11026;11091;6.83;0.42;286.63;9.99;1046;57;3807.00;65
9983;54;625328015;9983;298;11026;11091;6.89;0.42;286.72;9.99;1043;57;3808.00;65
9984;54;625328029;9984;288;11027;11092;6.96;0.42;286.73;9.99;1043;57;3809.00;65
9987;54;625328044;9987;282;11027;11092;7.00;0.43;286.86;9.99;1040;57;3810.00;65
9992;54;625328057;9992;270;11027;11092;7.07;0.43;287.00;9.99;1035;57;3811.00;65
9994;54;625328072;9994;269;11027;11092;7.16;0.44;287.03;9.99;1033;57;3812.00;65
9998;54;625328085;9998;262;11027;11092;7.14;0.44;287.12;9.99;1029;57;3813.00;65
10002;54;625328100;10002;261;11027;11092;7.15;0.44;287.17;9.99;1025;57;3814.00;65
10007;54;625328114;10007;261;11027;11092;7.15;0.44;287.39;9.99;1020;57;3815.00;65
10009;54;625328133;10009;274;11064;11162;7.16;0.44;287.50;9.95;1055;57;3816.00;98
10013;54;625328152;10013;269;11065;11163;7.17;0.44;287.52;9.95;1052;57;3817.00;98
10017;54;625328166;10017;274;11072;11163;7.24;0.44;287.59;9.95;1055;57;3818.00;91
10020;54;625328185;10020;274;11075;11163;7.22;0.44;287.62;9.94;1055;57;3819.00;88
10026;54;625328204;10026;277;11080;11163;7.21;0.44;287.66;9.94;1054;57;3820.00;83
10027;55;625328218;10027;275;11084;11163;7.22;0.44;287.70;9.94;1057;58;3821.00;79
10030;55;625328242;10030;281;11088;11163;7.18;0.44;287.72;9.94;1058;58;3822.00;75
10030;55;625328256;10030;282;11089;11163;7.17;0.44;287.72;9.94;1059;58;3823.00;74
10031;55;625328269;10031;285;11091;11164;7.11;0.43;287.71;9.94;1060;58;3824.00;73
10035;55;625328281;10035;292;11093;11166;6.98;0.43;287.76;9.94;1058;58;3825.00;73
10036;55;625328295;10036;292;11094;11166;6.87;0.42;287.79;9.94;1058;58;3826.00;72
10039;55;625328308;10039;300;11097;11170;6.77;0.41;287.76;9.93;1058;58;3827.00;73
10041;55;625328321;10041;299;11097;11170;6.67;0.41;287.84;9.93;1056;58;3828.00;73
10042;55;625328339;10042;301;11097;11170;6.63;0.41;287.86;9.93;1055;58;3829.00;73
10046;55;625328352;10046;301;11097;11170;6.57;0.40;287.90;9.93;1051;58;3830.00;73
10047;55;625328365;10047;304;11100;11176;6.60;0.40;287.90;9.93;1053;58;3831.00;76
10048;55;625328378;10048;303;11100;11176;6.54;0.40;287.90;9.93;1052;58;3832.00;76
10051;55;625328390;10051;306;11101;11176;6.48;0.40;287.85;9.93;1050;58;3833.00;75
10052;55;625328403;10052;307;11103;11179;6.44;0.39;287.84;9.93;1051;58;3834.00;76
10057;55;625328415;10057;304;11105;11179;6.34;0.39;287.82;9.96;1048;58;3835.00;74
10060;55;625328428;10060;301;11105;11179;6.27;0.38;287.82;9.96;1045;58;3836.00;74
10065;55;625328440;10065;304;11105;11180;6.19;0.38;287.79;9.96;1040;58;3837.00;75
10070;55;625328453;10070;309;11106;11181;6.11;0.37;287.74;9.96;1036;58;3838.00;75
10071;55;625328466;10071;305;11106;11181;6.02;0.37;287.75;9.96;1035;58;3839.00;75
10074;55;625328480;10074;312;11121;11207;5.96;0.36;287.81;9.95;1047;58;3840.00;86
10079;55;625328493;10079;306;11122;11207;5.83;0.35;287.77;9.95;1043;58;3841.00;85
10083;55;625328505;10083;304;11124;11207;5.77;0.35;287.79;9.95;1041;58;3842.00;83
10084;55;625328517;10084;307;11126;11208;5.69;0.35;287.77;9.95;1042;58;3843.00;82
10086;55;625328529;10086;307;11126;11208;5.62;0.34;287.78;9.95;1040;58;3844.00;82
10088;55;625328540;10088;300;11128;11212;5.60;0.34;287.73;9.95;1040;58;3845.00;84
10090;55;625328552;10090;302;11130;11214;5.57;0.34;287.75;9.96;1040;58;3846.00;84
10093;55;625328565;10093;298;11134;11218;5.57;0.34;287.81;9.96;1041;58;3847.00;84
10097;55;625328578;10097;288;11134;11218;5.53;0.34;287.76;9.96;1037;58;3848.00;84
10100;55;625328589;10100;287;11135;11218;5.49;0.33;287.72;9.96;1035;58;3849.00;83
10102;55;625328600;10102;284;11136;11218;5.45;0.33;287.68;10.00;1034;58;3850.00;82
10102;55;625328611;10102;287;11136;11218;5.48;0.33;287.68;10.00;1034;58;3851.00;82
10105;55;625328623;10105;293;11147;11230;5.52;0.34;287.64;9.99;1042;58;3852.00;83
10110;55;625328635;10110;287;11147;11230;5.52;0.34;287.59;9.99;1037;58;3853.00;83
10112;55;625328647;10112;288;11147;11230;5.53;0.34;287.55;9.99;1035;58;3854.00;83
10113;55;625328659;10113;281;11147;11230;5.54;0.34;287.53;9.99;1034;58;3855.00;83
10114;55;625328670;10114;290;11148;11230;5.58;0.34;287.55;9.99;1034;58;3856.00;82
10117;55;625328681;10117;284;11148;11230;5.62;0.34;287.52;9.99;1031;58;3857.00;82
10117;55;625328692;10117;287;11148;11231;5.68;0.35;287.52;9.99;1031;58;3858.00;83
10119;55;625328704;10119;294;11149;11231;5.70;0.35;287.52;9.99;1030;58;3859.00;82
10123;55;625328715;10123;300;11154;11237;5.73;0.35;287.50;9.99;1031;58;3860.00;83
10124;55;625328727;10124;301;11157;11238;5.79;0.35;287.50;9.99;1033;58;3861.00;81
10127;55;625328739;10127;302;11157;11238;5.82;0.35;287.51;9.99;1030;58;3862.00;81
10128;55;625328751;10128;309;11158;11238;5.83;0.36;287.50;9.99;1030;58;3863.00;80
10129;55;625328763;10129;317;11160;11242;5.88;0.36;287.49;9.99;1031;58;3864.00;82
10130;55;625328778;10130;326;11162;11242;5.84;0.36;287.47;10.00;1032;58;3865.00;80
10132;55;625328793;10132;331;11163;11242;5.82;0.35;287.45;10.01;1031;58;3866.00;79
10133;55;625328805;10133;320;11165;11243;5.82;0.35;287.51;10.01;1032;58;3867.00;78
10136;55;625328818;10136;316;11169;11247;5.82;0.35;287.48;10.01;1033;58;3868.00;78
10138;55;625328831;10138;309;11169;11247;5.86;0.36;287.47;10.01;1031;58;3869.00;78
10140;55;625328845;10140;299;11174;11253;5.89;0.36;287.52;10.03;1034;58;3870.00;79
10140;55;625328858;10140;296;11175;11253;5.97;0.36;287.52;10.03;1035;58;3871.00;78
10142;55;625328870;10142;290;11177;11253;6.05;0.37;287.53;10.04;1035;58;3872.00;76
10142;55;625328884;10142;290;11178;11253;6.14;0.37;287.53;10.06;1036;58;3873.00;75
10144;55;625328913;10144;285;11181;11257;6.28;0.38;287.53;10.06;1037;58;3874.00;76
10147;55;625328932;10147;285;11183;11257;6.34;0.39;287.50;10.08;1036;58;3875.00;74
10149;55;625328951;10149;280;11184;11257;6.42;0.39;287.51;10.08;1035;58;3876.00;73
10150;55;625328969;10150;283;11185;11257;6.51;0.40;287.51;10.08;1035;58;3877.00;72
10151;55;625328989;10151;278;11187;11258;6.54;0.40;287.49;10.11;1036;58;3878.00;71
10151;55;625329012;10151;260;11188;11259;6.60;0.40;287.49;10.11;1037;58;3879.00;71
10153;55;625329027;10153;258;11190;11259;6.63;0.40;287.51;10.13;1037;58;3880.00;69
10155;55;625329041;10155;260;11191;11260;6.63;0.40;287.47;10.13;1036;58;3881.00;69
10155;55;625329054;10155;255;11192;11260;6.67;0.41;287.47;10.15;1037;58;3882.00;68
10158;55;625329068;10158;260;11193;11260;6.61;0.40;287.45;10.17;1035;58;3883.00;67
10159;55;625329081;10159;260;11194;11260;6.58;0.40;287.43;10.19;1035;58;3884.00;66
10163;55;625329095;10163;264;11195;11260;6.52;0.40;287.55;10.20;1032;58;3885.00;65
10163;55;625329108;10163;266;11196;11260;6.44;0.39;287.55;10.21;1033;58;3886.00;64
10163;55;625329120;10163;280;11196;11260;6.37;0.39;287.55;10.21;1033;58;3887.00;64
10165;55;625329132;10165;296;11261;11387;6.55;0.40;287.53;10.17;1096;58;3888.00;126
10166;55;625329156;10166;291;11262;11388;6.54;0.40;287.52;10.17;1096;58;3889.00;126
10166;55;625329169;10166;285;11273;11388;6.62;0.41;287.52;10.18;1107;58;3890.00;115
10167;55;625329189;10167;285;11280;11388;6.69;0.41;287.55;10.18;1113;58;3891.00;108
10167;55;625329202;10167;273;11287;11388;6.73;0.41;287.55;10.19;1120;58;3892.00;101
10170;55;625329215;10170;279;11293;11388;6.70;0.41;287.59;10.19;1123;58;3893.00;95
10173;55;625329228;10173;283;11299;11388;6.66;0.41;287.64;10.21;1126;58;3894.00;89
10174;55;625329242;10174;277;11303;11388;6.66;0.41;287.63;10.20;1129;58;3895.00;85
10178;55;625329256;10178;284;11308;11389;6.66;0.41;287.65;10.23;1130;58;3896.00;81
10179;55;625329270;10179;294;11312;11390;6.74;0.41;287.62;10.23;1133;58;3897.00;78
10182;55;625329284;10182;306;11316;11390;6.78;0.42;287.73;10.23;1134;58;3898.00;74
10183;55;625329297;10183;315;11318;11391;6.77;0.42;287.77;10.25;1135;58;3899.00;73
10184;55;625329313;10184;322;11324;11406;6.71;0.41;287.79;10.24;1140;58;3900.00;82
10187;55;625329333;10187;322;11325;11406;6.63;0.41;287.84;10.24;1138;58;3901.00;81
10190;55;625329347;10190;333;11328;11406;6.58;0.41;287.84;10.26;1138;58;3902.00;78
10192;55;625329361;10192;343;11332;11410;6.54;0.40;287.90;10.26;1140;58;3903.00;78
10196;55;625329375;10196;351;11334;11410;6.45;0.40;287.93;10.27;1138;58;3904.00;76
10200;55;625329390;10200;356;11335;11410;6.41;0.40;287.90;10.27;1135;58;3905.00;75
10206;55;625329404;10206;358;11339;11413;6.34;0.39;287.98;10.27;1133;58;3906.00;74
10212;55;625329420;10212;363;11341;11413;6.28;0.39;288.07;10.30;1129;58;3907.00;72
10217;55;625329434;10217;378;11343;11413;6.18;0.38;288.11;10.30;1126;58;3908.00;70
10226;55;625329448;10226;382;11347;11417;6.05;0.37;288.17;10.31;1121;58;3909.00;70
10230;55;625329464;10230;378;11349;11418;5.97;0.37;288.16;10.32;1119;58;3910.00;69
10236;55;625329478;10236;371;11349;11418;5.86;0.36;288.24;10.32;1113;58;3911.00;69
10239;55;625329492;10239;368;11352;11422;5.82;0.36;288.27;10.32;1113;58;3912.00;70
10242;55;625329506;10242;365;11352;11422;5.80;0.36;288.33;10.32;1110;58;3913.00;70
10247;55;625329519;10247;371;11358;11422;5.76;0.35;288.39;10.37;1111;58;3914.00;64
10249;55;625329533;10249;364;11360;11424;5.78;0.36;288.45;10.37;1111;58;3915.00;64
10253;55;625329547;10253;367;11360;11424;5.76;0.35;288.58;10.37;1107;58;3916.00;64
10257;55;625329561;10257;365;11366;11430;5.79;0.35;288.58;10.39;1109;58;3917.00;64
10264;55;625329575;10264;367;11366;11430;5.79;0.35;288.68;10.39;1102;58;3918.00;64
10268;55;625329588;10268;363;11366;11431;5.81;0.36;288.80;10.39;1098;58;3919.00;65
10272;55;625329603;10272;361;11367;11431;5.84;0.36;288.82;10.39;1095;58;3920.00;64
10274;55;625329617;10274;361;11367;11431;5.89;0.36;288.86;10.39;1093;58;3921.00;64
10280;55;625329630;10280;353;11367;11431;5.91;0.36;288.91;10.39;1087;58;3922.00;64
10282;55;625329644;10282;353;11368;11431;5.97;0.36;288.96;10.39;1086;58;3923.00;63
10287;55;625329658;10287;355;11377;11443;6.05;0.37;288.99;10.38;1090;58;3924.00;66
10288;55;625329681;10288;343;11377;11443;6.16;0.38;289.04;10.38;1089;58;3925.00;66
10293;55;625329694;10293;339;11378;11443;6.17;0.38;289.08;10.38;1085;58;3926.00;65
10297;55;625329709;10297;345;11378;11443;6.24;0.38;289.10;10.38;1081;58;3927.00;65
10300;55;625329723;10300;344;11380;11443;6.30;0.38;289.16;10.38;1080;58;3928.00;63
10306;55;625329737;10306;338;11380;11443;6.32;0.38;289.17;10.38;1074;58;3929.00;63
10307;55;625329753;10307;337;11383;11447;6.34;0.39;289.19;10.38;1076;58;3930.00;64
10312;55;625329768;10312;338;11383;11447;6.35;0.39;289.20;10.38;1071;58;3931.00;64
10316;55;625329782;10316;334;11386;11451;6.42;0.39;289.27;10.38;1070;58;3932.00;65
10319;55;625329803;10319;335;11387;11452;6.51;0.40;289.28;10.38;1068;58;3933.00;65
10323;55;625329819;10323;340;11387;11452;6.56;0.40;289.31;10.38;1064;58;3934.00;65
10329;55;625329834;10329;346;11389;11452;6.61;0.40;289.32;10.38;1060;58;3935.00;63
10334;55;625329848;10334;352;11399;11465;6.66;0.41;289.34;10.38;1065;58;3936.00;66
10338;55;625329864;10338;356;11400;11465;6.69;0.41;289.38;10.38;1062;58;3937.00;65
10342;55;625329879;10342;359;11401;11465;6.68;0.41;289.36;10.38;1059;58;3938.00;64
10343;55;625329899;10343;355;11402;11466;6.71;0.41;289.39;10.38;1059;58;3939.00;64
10346;55;625329914;10346;357;11403;11467;6.70;0.41;289.43;10.42;1057;58;3940.00;64
10351;55;625329930;10351;351;11404;11467;6.71;0.41;289.36;10.42;1053;58;3941.00;63
10356;55;625329943;10356;355;11406;11470;6.74;0.41;289.44;10.42;1050;58;3942.00;64
10359;55;625329958;10359;360;11407;11470;6.78;0.41;289.49;10.42;1048;58;3943.00;63
10362;55;625329973;10362;364;11408;11470;6.84;0.41;289.55;10.42;1046;58;3944.00;62
10366;55;625329987;10366;365;11408;11470;6.80;0.41;289.59;10.42;1042;58;3945.00;62
10370;55;625330000;10370;369;11412;11476;6.81;0.41;289.61;10.42;1042;58;3946.00;64
10376;55;625330015;10376;380;11412;11476;6.75;0.41;289.64;10.42;1036;58;3947.00;64
10377;55;625330029;10377;378;11413;11476;6.75;0.41;289.64;10.42;1036;58;3948.00;63
10380;55;625330042;10380;382;11413;11476;6.72;0.41;289.69;10.42;1033;58;3949.00;63
10381;55;625330057;10381;386;11417;11480;6.77;0.41;289.69;10.41;1036;58;3950.00;63
10385;55;625330070;10385;386;11418;11481;6.71;0.41;289.78;10.41;1033;58;3951.00;63
10388;55;625330093;10388;383;11419;11481;6.65;0.40;289.84;10.41;1031;58;3952.00;62
10389;55;625330107;10389;385;11421;11482;6.63;0.40;289.85;10.41;1032;58;3953.00;61
10392;55;625330121;10392;383;11421;11482;6.56;0.40;289.85;10.41;1029;58;3954.00;61
10397;55;625330133;10397;395;11422;11482;6.46;0.39;289.92;10.45;1025;58;3955.00;60
10402;55;625330147;10402;393;11422;11482;6.40;0.39;289.94;10.45;1020;58;3956.00;60
10405;55;625330161;10405;387;11422;11482;6.34;0.39;289.96;10.45;1017;58;3957.00;60
10410;55;625330173;10410;385;11422;11482;6.23;0.38;290.10;10.45;1012;58;3958.00;60
10413;55;625330187;10413;384;11422;11482;6.18;0.38;290.15;10.45;1009;58;3959.00;60
10413;55;625330202;10413;400;11493;11607;6.16;0.38;290.15;10.39;1080;58;3960.00;114
10418;55;625330225;10418;392;11494;11608;6.12;0.38;290.22;10.39;1076;58;3961.00;114
10421;55;625330239;10421;383;11498;11608;6.19;0.38;290.30;10.39;1077;58;3962.00;110
10423;55;625330253;10423;381;11504;11608;6.24;0.39;290.35;10.42;1081;58;3963.00;104
10427;55;625330267;10427;377;11508;11608;6.29;0.39;290.47;10.42;1081;58;3964.00;100
10431;55;625330280;10431;370;11512;11608;6.40;0.39;290.52;10.42;1081;58;3965.00;96
10433;56;625330300;10433;360;11516;11608;6.48;0.40;290.51;10.41;1083;59;3966.00;92
10438;56;625330320;10438;354;11519;11608;6.55;0.40;290.59;10.41;1081;59;3967.00;89
10442;56;625330340;10442;353;11523;11609;6.60;0.41;290.55;10.41;1081;59;3968.00;86
10447;56;625330354;10447;348;11526;11610;6.61;0.41;290.63;10.41;1079;59;3969.00;84
10452;56;625330373;10452;351;11528;11610;6.61;0.41;290.70;10.41;1076;59;3970.00;82
10453;56;625330387;10453;343;11531;11614;6.58;0.40;290.73;10.41;1078;59;3971.00;83
10459;56;625330413;10459;342;11532;11614;6.55;0.40;290.74;10.41;1073;59;3972.00;82
10463;56;625330427;10463;346;11533;11614;6.55;0.40;290.72;10.41;1070;59;3973.00;81
10465;56;625330441;10465;341;11533;11614;6.58;0.40;290.75;10.41;1068;59;3974.00;81
10467;56;625330461;10467;342;11538;11620;6.56;0.40;290.77;10.40;1071;59;3975.00;82
10471;56;625330482;10471;338;11538;11620;6.60;0.40;290.81;10.40;1067;59;3976.00;82
10474;56;625330496;10474;340;11538;11620;6.61;0.40;290.90;10.40;1064;59;3977.00;82
10476;56;625330510;10476;335;11541;11623;6.65;0.41;290.88;10.40;1065;59;3978.00;82
10477;56;625330524;10477;326;11541;11623;6.68;0.41;290.87;10.40;1064;59;3979.00;82
10478;56;625330538;10478;326;11541;11623;6.74;0.41;290.85;10.40;1063;59;3980.00;82
10482;56;625330552;10482;321;11542;11624;6.79;0.41;290.87;10.43;1060;59;3981.00;82
10482;56;625330566;10482;327;11543;11625;6.87;0.42;290.87;10.43;1061;59;3982.00;82
10483;56;625330580;10483;326;11543;11625;6.84;0.42;290.88;10.43;1060;59;3983.00;82
10486;56;625330594;10486;327;11553;11638;6.83;0.42;290.93;10.42;1067;59;3984.00;85
10490;56;625330609;10490;325;11553;11638;6.78;0.41;290.89;10.42;1063;59;3985.00;85
10491;56;625330622;10491;322;11553;11638;6.81;0.42;290.89;10.42;1062;59;3986.00;85
10493;56;625330635;10493;330;11554;11639;6.82;0.42;290.86;10.42;1061;59;3987.00;85
10494;56;625330650;10494;330;11554;11639;6.80;0.42;290.87;10.42;1060;59;3988.00;85
10497;56;625330663;10497;334;11557;11643;6.77;0.41;290.86;10.42;1060;59;3989.00;86
10497;56;625330678;10497;327;11557;11643;6.75;0.41;290.86;10.42;1060;59;3990.00;86
10498;56;625330691;10498;330;11561;11647;6.73;0.41;290.86;10.42;1063;59;3991.00;86
10500;56;625330705;10500;333;11561;11647;6.72;0.41;290.84;10.42;1061;59;3992.00;86
10502;56;625330717;10502;332;11561;11647;6.68;0.41;290.82;10.42;1059;59;3993.00;86
10503;56;625330730;10503;337;11561;11647;6.67;0.41;290.87;10.42;1058;59;3994.00;86
10504;56;625330743;10504;338;11561;11647;6.63;0.41;290.86;10.42;1057;59;3995.00;86
10509;56;625330755;10509;351;11570;11659;6.54;0.40;290.79;10.41;1061;59;3996.00;89
10510;56;625330769;10510;350;11571;11659;6.42;0.40;290.77;10.41;1061;59;3997.00;88
10516;56;625330782;10516;355;11572;11659;6.32;0.39;290.84;10.41;1056;59;3998.00;87
10519;56;625330794;10519;355;11572;11659;6.22;0.38;290.79;10.41;1053;59;3999.00;87
10520;56;625330807;10520;346;11572;11659;6.15;0.38;290.77;10.41;1052;59;4000.00;87
10522;56;625330824;10522;345;11573;11659;6.05;0.37;290.75;10.44;1051;59;4001.00;86
10524;56;625330837;10524;343;11573;11660;6.00;0.37;290.79;10.44;1049;59;4002.00;87
10526;56;625330850;10526;342;11573;11660;5.97;0.37;290.75;10.44;1047;59;4003.00;87
10529;56;625330864;10529;344;11577;11666;5.91;0.36;290.72;10.44;1048;59;4004.00;89
10531;56;625330878;10531;347;11580;11668;5.90;0.36;290.72;10.44;1049;59;4005.00;88
10533;56;625330895;10533;345;11580;11668;5.85;0.36;290.72;10.44;1047;59;4006.00;88
10535;56;625330914;10535;345;11580;11668;5.79;0.36;290.71;10.44;1045;59;4007.00;88
10537;56;625330932;10537;340;11584;11672;5.75;0.35;290.71;10.47;1047;59;4008.00;88
10539;56;625330951;10539;343;11584;11672;5.66;0.35;290.73;10.47;1045;59;4009.00;88
10542;56;625330970;10542;348;11584;11672;5.55;0.34;290.72;10.47;1042;59;4010.00;88
10546;56;625330986;10546;342;11585;11673;5.50;0.34;290.74;10.47;1039;59;4011.00;88
10547;56;625331002;10547;339;11589;11677;5.46;0.33;290.75;10.50;1042;59;4012.00;88
10549;56;625331015;10549;334;11589;11677;5.41;0.33;290.74;10.50;1040;59;4013.00;88
10551;56;625331027;10551;332;11592;11680;5.45;0.33;290.77;10.53;1041;59;4014.00;88
10554;56;625331042;10554;329;11595;11680;5.45;0.33;290.75;10.57;1041;59;4015.00;85
10555;56;625331056;10555;324;11595;11680;5.43;0.33;290.73;10.57;1040;59;4016.00;85
10559;56;625331068;10559;329;11596;11680;5.35;0.33;290.68;10.60;1037;59;4017.00;84
10563;56;625331080;10563;330;11599;11684;5.30;0.32;290.66;10.60;1036;59;4018.00;85
10566;56;625331093;10566;327;11600;11684;5.27;0.32;290.67;10.64;1034;59;4019.00;84
10569;56;625331107;10569;312;11601;11684;5.27;0.32;290.61;10.64;1032;59;4020.00;83
10570;56;625331119;10570;304;11602;11684;5.34;0.33;290.62;10.67;1032;59;4021.00;82
10574;56;625331131;10574;300;11602;11685;5.39;0.33;290.69;10.67;1028;59;4022.00;83
10577;56;625331144;10577;289;11603;11686;5.45;0.33;290.68;10.67;1026;59;4023.00;83
10578;56;625331156;10578;284;11604;11686;5.51;0.33;290.67;10.71;1026;59;4024.00;82
10579;56;625331169;10579;274;11605;11687;5.58;0.34;290.66;10.70;1026;59;4025.00;82
10581;56;625331188;10581;262;11606;11687;5.70;0.34;290.70;10.74;1025;59;4026.00;81
10582;56;625331200;10582;259;11607;11687;5.79;0.35;290.68;10.74;1025;59;4027.00;80
10582;56;625331213;10582;257;11608;11687;5.90;0.36;290.68;10.78;1026;59;4028.00;79
10583;56;625331226;10583;258;11608;11687;6.00;0.36;290.65;10.78;1025;59;4029.00;79
10584;56;625331239;10584;254;11608;11687;6.07;0.37;290.65;10.78;1024;59;4030.00;79
10586;56;625331252;10586;254;11609;11687;6.13;0.37;290.68;10.81;1023;59;4031.00;78
10586;56;625331264;10586;273;11672;11814;6.44;0.39;290.68;10.76;1086;59;4032.00;142
10587;56;625331288;10587;271;11675;11815;6.53;0.40;290.67;10.75;1088;59;4033.00;140
10587;56;625331301;10587;261;11686;11815;6.67;0.41;290.67;10.75;1099;59;4034.00;129
10589;56;625331315;10589;254;11690;11815;6.70;0.41;290.63;10.74;1101;59;4035.00;125
10589;56;625331328;10589;247;11696;11815;6.83;0.42;290.63;10.74;1107;59;4036.00;119
10590;56;625331342;10590;245;11701;11815;6.89;0.42;290.62;10.74;1111;59;4037.00;114
10591;56;625331355;10591;243;11707;11815;7.01;0.43;290.60;10.74;1116;59;4038.00;108
10592;56;625331369;10592;244;11708;11815;7.02;0.43;290.60;10.73;1116;59;4039.00;107
10594;56;625331383;10594;246;11713;11816;7.05;0.43;290.55;10.75;1119;59;4040.00;103
10596;56;625331397;10596;246;11716;11817;7.09;0.43;290.54;10.75;1120;59;4041.00;101
10598;56;625331411;10598;243;11719;11817;7.06;0.43;290.60;10.75;1121;59;4042.00;98
10600;56;625331427;10600;241;11723;11818;6.99;0.43;290.67;10.79;1123;59;4043.00;95
10604;56;625331441;10604;250;11727;11818;6.93;0.42;290.70;10.83;1123;59;4044.00;91
10607;56;625331456;10607;252;11728;11818;6.93;0.42;290.71;10.83;1121;59;4045.00;90
10608;56;625331473;10608;261;11731;11818;6.95;0.43;290.70;10.84;1123;59;4046.00;87
10610;56;625331488;10610;270;11735;11822;6.94;0.42;290.73;10.85;1125;59;4047.00;87
10613;56;625331503;10613;273;11737;11822;6.93;0.42;290.79;10.85;1124;59;4048.00;85
10614;56;625331517;10614;274;11740;11822;6.96;0.43;290.78;10.88;1126;59;4049.00;82
10618;56;625331533;10618;277;11744;11828;6.97;0.43;290.84;10.89;1126;59;4050.00;84
10623;56;625331548;10623;280;11746;11828;6.93;0.42;290.88;10.90;1123;59;4051.00;82
10623;56;625331563;10623;286;11748;11828;6.90;0.42;290.88;10.91;1125;59;4052.00;80
10626;56;625331577;10626;288;11752;11832;6.84;0.42;290.97;10.92;1126;59;4053.00;80
10629;56;625331592;10629;291;11755;11833;6.80;0.42;291.01;10.93;1126;59;4054.00;78
10631;56;625331605;10631;294;11757;11833;6.70;0.41;290.97;10.95;1126;59;4055.00;76
10633;56;625331618;10633;296;11761;11837;6.71;0.41;291.02;10.95;1128;59;4056.00;76
10636;56;625331632;10636;308;11763;11837;6.61;0.40;291.08;10.97;1127;59;4057.00;74
10636;56;625331646;10636;311;11764;11837;6.57;0.40;291.08;10.97;1128;59;4058.00;73
10640;56;625331658;10640;310;11766;11838;6.48;0.40;291.13;10.99;1126;59;4059.00;72
10643;56;625331672;10643;315;11767;11838;6.44;0.39;291.15;10.99;1124;59;4060.00;71
10645;56;625331686;10645;320;11772;11844;6.45;0.40;291.20;11.01;1127;59;4061.00;72
10648;56;625331701;10648;319;11772;11844;6.46;0.40;291.27;11.01;1124;59;4062.00;72
10648;56;625331714;10648;312;11775;11845;6.45;0.40;291.27;11.03;1127;59;4063.00;70
10651;56;625331729;10651;312;11775;11845;6.48;0.40;291.25;11.03;1124;59;4064.00;70
10653;56;625331742;10653;311;11776;11845;6.50;0.40;291.29;11.03;1123;59;4065.00;69
10654;56;625331756;10654;304;11777;11845;6.49;0.40;291.32;11.05;1123;59;4066.00;68
10658;56;625331770;10658;304;11777;11845;6.47;0.40;291.38;11.05;1119;59;4067.00;68
10661;56;625331783;10661;298;11789;11857;6.51;0.40;291.42;11.06;1128;59;4068.00;68
10662;56;625331798;10662;305;11789;11857;6.52;0.40;291.46;11.06;1127;59;4069.00;68
10665;56;625331812;10665;304;11791;11857;6.52;0.40;291.48;11.06;1126;59;4070.00;66
10667;56;625331825;10667;305;11792;11857;6.45;0.40;291.55;11.08;1125;59;4071.00;65
10673;56;625331838;10673;301;11793;11857;6.33;0.39;291.57;11.08;1120;59;4072.00;64
10674;56;625331853;10674;309;11794;11857;6.26;0.38;291.59;11.09;1120;59;4073.00;63
10680;56;625331866;10680;310;11797;11861;6.18;0.38;291.71;11.09;1117;59;4074.00;64
10684;56;625331882;10684;307;11799;11861;6.15;0.38;291.72;11.11;1115;59;4075.00;62
10689;56;625331897;10689;308;11802;11865;6.17;0.38;291.70;11.11;1113;59;4076.00;63
10693;56;625331910;10693;305;11804;11866;6.08;0.37;291.75;11.11;1111;59;4077.00;62
10699;56;625331922;10699;314;11805;11866;6.01;0.37;291.73;11.11;1106;59;4078.00;61
10701;56;625331935;10701;326;11807;11866;5.96;0.37;291.71;11.13;1106;59;4079.00;59
10706;56;625331949;10706;326;11827;11895;5.90;0.36;291.82;11.12;1121;59;4080.00;68
10710;56;625331964;10710;314;11831;11895;5.83;0.36;291.84;11.13;1121;59;4081.00;64
10716;56;625331977;10716;322;11833;11895;5.83;0.36;291.84;11.13;1117;59;4082.00;62
10720;56;625331990;10720;321;11836;11896;5.82;0.36;291.92;11.14;1116;59;4083.00;60
10725;56;625332003;10725;328;11836;11897;5.81;0.36;291.91;11.14;1111;59;4084.00;61
10732;56;625332015;10732;327;11837;11897;5.77;0.35;292.03;11.14;1105;59;4085.00;60
10735;56;625332028;10735;331;11841;11900;5.83;0.36;292.05;11.15;1106;59;4086.00;59
10740;56;625332041;10740;333;11841;11900;5.81;0.36;292.17;11.15;1101;59;4087.00;59
10743;56;625332053;10743;336;11841;11900;5.84;0.36;292.19;11.15;1098;59;4088.00;59
10748;56;625332066;10748;331;11841;11900;5.86;0.36;292.27;11.15;1093;59;4089.00;59
10749;56;625332079;10749;327;11845;11906;5.95;0.36;292.25;11.14;1096;59;4090.00;61
10753;56;625332092;10753;325;11846;11906;5.95;0.36;292.30;11.14;1093;59;4091.00;60
10758;56;625332105;10758;323;11846;11906;6.00;0.37;292.41;11.14;1088;59;4092.00;60
10761;56;625332118;10761;324;11846;11906;6.03;0.37;292.42;11.14;1085;59;4093.00;60
10764;56;625332131;10764;316;11849;11910;6.07;0.37;292.47;11.14;1085;59;4094.00;61
10772;56;625332144;10772;304;11851;11912;6.15;0.38;292.51;11.14;1079;59;4095.00;61
10775;56;625332159;10775;297;11851;11912;6.20;0.38;292.54;11.14;1076;59;4096.00;61
10778;56;625332171;10778;298;11852;11913;6.25;0.38;292.55;11.14;1074;59;4097.00;61
10780;56;625332184;10780;303;11852;11913;6.35;0.39;292.55;11.14;1072;59;4098.00;61
10785;56;625332197;10785;300;11852;11913;6.35;0.39;292.62;11.14;1067;59;4099.00;61
10790;56;625332211;10790;298;11852;11913;6.34;0.39;292.58;11.14;1062;59;4100.00;61
10797;56;625332229;10797;298;11852;11913;6.36;0.39;292.62;11.14;1055;59;4101.00;61
10800;56;625332247;10800;306;11852;11913;6.39;0.39;292.75;11.14;1052;59;4102.00;61
10804;56;625332260;10804;308;11852;11913;6.44;0.39;292.81;11.14;1048;59;4103.00;61
10808;56;625332274;10808;312;11882;11983;6.49;0.40;292.92;11.11;1074;59;4104.00;101
10810;56;625332293;10810;309;11884;11984;6.54;0.40;292.96;11.11;1074;59;4105.00;100
10814;56;625332306;10814;311;11891;11984;6.67;0.41;293.00;11.10;1077;59;4106.00;93
10815;56;625332320;10815;312;11896;11984;6.73;0.41;293.03;11.10;1081;59;4107.00;88
10822;56;625332333;10822;319;11900;11984;6.77;0.41;293.14;11.10;1078;59;4108.00;84
10826;56;625332347;10826;334;11902;11984;6.76;0.41;293.18;11.09;1076;59;4109.00;82
10830;56;625332362;10830;338;11907;11984;6.82;0.42;293.20;11.09;1077;59;4110.00;77
10834;56;625332375;10834;347;11908;11984;6.77;0.41;293.22;11.09;1074;59;4111.00;76
10841;56;625332389;10841;355;11912;11985;6.74;0.41;293.32;11.09;1071;59;4112.00;73
10844;56;625332402;10844;358;11916;11986;6.75;0.41;293.36;11.09;1072;59;4113.00;70
10852;56;625332416;10852;367;11917;11986;6.66;0.41;293.44;11.09;1065;59;4114.00;69
10856;56;625332430;10856;376;11919;11990;6.66;0.41;293.50;11.09;1063;59;4115.00;71
10860;56;625332443;10860;379;11919;11990;6.62;0.40;293.56;11.09;1059;59;4116.00;71
10864;56;625332457;10864;377;11919;11990;6.59;0.40;293.58;11.09;1055;59;4117.00;71
10866;56;625332471;10866;382;11919;11990;6.61;0.40;293.59;11.09;1053;59;4118.00;71
10872;56;625332484;10872;382;11924;11996;6.60;0.40;293.64;11.13;1052;59;4119.00;72
10876;56;625332498;10876;385;11926;11996;6.55;0.40;293.69;11.13;1050;59;4120.00;70
10879;56;625332517;10879;388;11927;11996;6.51;0.40;293.69;11.13;1048;59;4121.00;69
10882;56;625332530;10882;384;11929;11999;6.48;0.39;293.75;11.12;1047;59;4122.00;70
10884;56;625332543;10884;395;11932;11999;6.39;0.39;293.79;11.12;1048;59;4123.00;67
10888;56;625332556;10888;401;11932;11999;6.30;0.38;293.85;11.12;1044;59;4124.00;67
10892;56;625332569;10892;403;11932;12000;6.24;0.38;293.94;11.12;1040;59;4125.00;68
10897;56;625332582;10897;415;11933;12001;6.17;0.38;293.98;11.12;1036;59;4126.00;68
10903;56;625332595;10903;405;11933;12001;6.07;0.37;294.04;11.12;1030;59;4127.00;68
10905;56;625332608;10905;403;11944;12014;6.10;0.37;294.02;11.11;1039;59;4128.00;70
10908;56;625332622;10908;400;11944;12014;6.08;0.37;294.05;11.11;1036;59;4129.00;70
10912;56;625332635;10912;397;11944;12014;6.07;0.37;294.10;11.11;1032;59;4130.00;70
10913;57;625332648;10913;401;11945;12015;6.08;0.37;294.17;11.11;1032;60;4131.00;70
10918;57;625332667;10918;407;11945;12015;6.08;0.37;294.20;11.11;1027;60;4132.00;70
10920;57;625332684;10920;412;11948;12019;6.09;0.37;294.18;11.11;1028;60;4133.00;71
10921;57;625332698;10921;413;11948;12019;6.04;0.37;294.17;11.11;1027;60;4134.00;71
10927;57;625332710;10927;421;11952;12023;5.98;0.36;294.24;11.11;1025;60;4135.00;71
10929;57;625332723;10929;410;11952;12023;6.00;0.36;294.23;11.11;1023;60;4136.00;71
10933;57;625332736;10933;405;11952;12023;6.00;0.36;294.27;11.11;1019;60;4137.00;71
10933;57;625332748;10933;397;11952;12023;6.03;0.37;294.27;11.11;1019;60;4138.00;71
10934;57;625332767;10934;390;11952;12023;6.02;0.37;294.31;11.11;1018;60;4139.00;71
10939;57;625332781;10939;396;11976;12057;6.09;0.37;294.24;11.08;1037;60;4140.00;81
10941;57;625332797;10941;391;11977;12057;6.12;0.37;294.31;11.08;1036;60;4141.00;80
10942;57;625332810;10942;381;11978;12057;6.19;0.38;294.36;11.08;1036;60;4142.00;79
10943;57;625332822;10943;385;11978;12057;6.20;0.38;294.35;11.08;1035;60;4143.00;79
10945;57;625332835;10945;390;11979;12057;6.22;0.38;294.38;11.08;1034;60;4144.00;78
10950;57;625332847;10950;384;11979;12057;6.18;0.38;294.35;11.08;1029;60;4145.00;78
10951;57;625332860;10951;384;11980;12058;6.23;0.38;294.34;11.08;1029;60;4146.00;78
10953;57;625332872;10953;383;11980;12058;6.22;0.38;294.31;11.08;1027;60;4147.00;78
10953;57;625332884;10953;383;11984;12064;6.23;0.38;294.31;11.08;1031;60;4148.00;80
10957;57;625332902;10957;379;11985;12065;6.23;0.38;294.24;11.08;1028;60;4149.00;80
10959;57;625332923;10959;378;11986;12065;6.25;0.38;294.20;11.08;1027;60;4150.00;79
10962;57;625332948;10962;367;11986;12065;6.24;0.38;294.19;11.08;1024;60;4151.00;79
10967;57;625332967;10967;363;11990;12069;6.23;0.38;294.22;11.07;1023;60;4152.00;79
10970;57;625332995;10970;362;11990;12069;6.24;0.38;294.22;11.07;1020;60;4153.00;79
10971;57;625333013;10971;360;11991;12069;6.20;0.38;294.20;11.12;1020;60;4154.00;78
10972;57;625333026;10972;358;11992;12070;6.17;0.38;294.20;11.12;1020;60;4155.00;78
10975;57;625333039;10975;363;11995;12074;6.10;0.37;294.18;11.12;1020;60;4156.00;79
10977;57;625333053;10977;370;11995;12074;6.04;0.37;294.22;11.12;1018;60;4157.00;79
10979;57;625333067;10979;375;11997;12077;6.02;0.37;294.18;11.11;1018;60;4158.00;80
10981;57;625333079;10981;379;11997;12077;5.94;0.36;294.20;11.11;1016;60;4159.00;80
10981;57;625333092;10981;381;11998;12077;5.93;0.36;294.20;11.11;1017;60;4160.00;79
10981;57;625333104;10981;376;11998;12077;5.88;0.36;294.20;11.11;1017;60;4161.00;79
10983;57;625333116;10983;376;12001;12081;5.83;0.36;294.17;11.11;1018;60;4162.00;80
10984;57;625333128;10984;382;12001;12081;5.77;0.35;294.17;11.11;1017;60;4163.00;80
10985;57;625333139;10985;381;12002;12081;5.74;0.35;294.17;11.11;1017;60;4164.00;79
10987;57;625333151;10987;388;12002;12081;5.69;0.35;294.16;11.11;1015;60;4165.00;79
10988;57;625333162;10988;395;12002;12082;5.63;0.34;294.16;11.11;1014;60;4166.00;80
10989;57;625333180;10989;398;12003;12083;5.59;0.34;294.18;11.11;1014;60;4167.00;80
10989;57;625333191;10989;397;12003;12083;5.52;0.34;294.18;11.11;1014;60;4168.00;80
10992;57;625333203;10992;399;12005;12084;5.44;0.33;294.15;11.15;1013;60;4169.00;79
10993;57;625333217;10993;393;12005;12084;5.40;0.33;294.14;11.15;1012;60;4170.00;79
10993;57;625333228;10993;374;12005;12084;5.41;0.33;294.14;11.15;1012;60;4171.00;79
10994;57;625333239;10994;361;12005;12084;5.41;0.33;294.16;11.15;1011;60;4172.00;79
10996;57;625333250;10996;346;12007;12086;5.42;0.33;294.15;11.15;1011;60;4173.00;79
10999;57;625333263;10999;334;12008;12086;5.44;0.33;294.16;11.20;1009;60;4174.00;78
11001;57;625333275;11001;320;12008;12086;5.53;0.34;294.15;11.20;1007;60;4175.00;78
11004;57;625333286;11004;330;12078;12213;5.68;0.35;294.15;11.14;1074;60;4176.00;135
11005;57;625333307;11005;313;12079;12214;5.76;0.36;294.13;11.13;1074;60;4177.00;135
11010;57;625333319;11010;290;12087;12214;5.83;0.36;294.11;11.17;1077;60;4178.00;127
11011;58;625333332;11011;288;12090;12214;5.91;0.36;294.12;11.17;1079;61;4179.00;124
11015;58;625333356;11015;276;12096;12214;5.95;0.37;294.13;11.16;1081;61;4180.00;118
11017;58;625333375;11017;274;12100;12214;5.98;0.37;294.11;11.16;1083;61;4181.00;114
11021;58;625333387;11021;266;12102;12214;6.00;0.37;294.08;11.20;1081;61;4182.00;112
11021;58;625333400;11021;266;12106;12214;6.07;0.37;294.08;11.20;1085;61;4183.00;108
11023;58;625333412;11023;266;12109;12215;6.16;0.38;294.09;11.19;1086;61;4184.00;106
11023;58;625333428;11023;263;12114;12217;6.23;0.38;294.09;11.25;1091;61;4185.00;103
11024;58;625333449;11024;260;12117;12217;6.32;0.39;294.08;11.25;1093;61;4186.00;100
11026;58;625333462;11026;263;12120;12218;6.41;0.39;294.10;11.25;1094;61;4187.00;98
11029;59;625333476;11029;258;12123;12218;6.46;0.40;294.08;11.28;1094;62;4188.00;95
11030;59;625333496;11030;259;12124;12218;6.48;0.40;294.07;11.28;1094;62;4189.00;94
11030;59;625333508;11030;266;12125;12218;6.52;0.40;294.07;11.28;1095;62;4190.00;93
11032;59;625333521;11032;271;12128;12222;6.53;0.40;294.07;11.28;1096;62;4191.00;94
11033;59;625333540;11033;269;12130;12222;6.53;0.40;294.07;11.29;1097;62;4192.00;92
11034;59;625333559;11034;278;12132;12222;6.51;0.40;294.05;11.29;1098;62;4193.00;90
11037;59;625333580;11037;275;12134;12225;6.55;0.40;294.10;11.29;1097;62;4194.00;91
11039;59;625333595;11039;275;12135;12225;6.62;0.40;294.12;11.29;1096;62;4195.00;90
11044;59;625333608;11044;274;12135;12225;6.61;0.40;294.15;11.29;1091;62;4196.00;90
11050;59;625333621;11050;272;12140;12229;6.57;0.40;294.25;11.28;1090;62;4197.00;89
11052;59;625333635;11052;273;12141;12230;6.58;0.40;294.27;11.28;1089;62;4198.00;89
11056;59;625333648;11056;273;12141;12230;6.56;0.40;294.30;11.28;1085;62;4199.00;89
11059;59;625333665;11059;276;12150;12264;6.56;0.40;294.26;11.28;1091;62;4200.00;114
11064;59;625333686;11064;280;12153;12264;6.52;0.40;294.27;11.28;1089;62;4201.00;111
11065;59;625333700;11065;287;12154;12264;6.56;0.40;294.30;11.27;1089;62;4202.00;110
11066;59;625333713;11066;275;12155;12265;6.60;0.40;294.29;11.27;1089;62;4203.00;110
11068;59;625333726;11068;282;12157;12265;6.64;0.40;294.31;11.28;1089;62;4204.00;108
11070;59;625333740;11070;282;12162;12271;6.69;0.41;294.37;11.28;1092;62;4205.00;109
11070;59;625333755;11070;274;12163;12271;6.77;0.41;294.37;11.28;1093;62;4206.00;108
11074;59;625333769;11074;275;12165;12272;6.76;0.41;294.47;11.28;1091;62;4207.00;107
11075;59;625333783;11075;276;12166;12272;6.82;0.42;294.46;11.28;1091;62;4208.00;106
11078;59;625333796;11078;272;12166;12272;6.90;0.42;294.52;11.28;1088;62;4209.00;106
11079;59;625333810;11079;275;12168;12272;6.96;0.43;294.51;11.31;1089;62;4210.00;104
11082;59;625333824;11082;282;12170;12272;7.02;0.43;294.55;11.31;1088;62;4211.00;102
11087;59;625333839;11087;287;12181;12284;7.08;0.43;294.55;11.31;1094;62;4212.00;103
11089;59;625333855;11089;281;12183;12284;7.11;0.43;294.63;11.33;1094;62;4213.00;101
11091;59;625333870;11091;278;12184;12284;7.16;0.44;294.65;11.33;1093;62;4214.00;100
11094;59;625333885;11094;275;12185;12284;7.23;0.44;294.67;11.35;1091;62;4215.00;99
11098;59;625333900;11098;279;12186;12284;7.29;0.44;294.70;11.36;1088;62;4216.00;98
11102;59;625333916;11102;279;12189;12284;7.34;0.45;294.72;11.38;1087;62;4217.00;95
11106;59;625333931;11106;278;12193;12288;7.39;0.45;294.77;11.38;1087;62;4218.00;95
11109;59;625333953;11109;282;12195;12288;7.39;0.45;294.79;11.40;1086;62;4219.00;93
11113;59;625333967;11113;277;12199;12292;7.40;0.45;294.90;11.42;1086;62;4220.00;93
11116;59;625333981;11116;278;12201;12293;7.35;0.45;294.92;11.42;1085;62;4221.00;92
11119;59;625333995;11119;278;12203;12293;7.28;0.44;294.91;11.44;1084;62;4222.00;90
11122;59;625334008;11122;276;12204;12293;7.22;0.44;294.97;11.45;1082;62;4223.00;89
11124;60;625334022;11124;279;12211;12306;7.21;0.44;294.99;11.44;1087;63;4224.00;95
11126;60;625334051;11126;277;12213;12306;7.20;0.44;295.00;11.46;1087;63;4225.00;93
11129;60;625334066;11129;280;12213;12306;7.18;0.44;295.04;11.46;1084;63;4226.00;93
11132;60;625334079;11132;278;12216;12307;7.20;0.44;295.05;11.50;1084;63;4227.00;91
11135;60;625334093;11135;294;12218;12308;7.18;0.44;295.12;11.50;1083;63;4228.00;90
11136;60;625334106;11136;294;12220;12308;7.18;0.44;295.17;11.53;1084;63;4229.00;88
11137;60;625334121;11137;293;12224;12314;7.14;0.44;295.20;11.53;1087;63;4230.00;90
11144;60;625334135;11144;289;12227;12314;7.05;0.43;295.25;11.56;1083;63;4231.00;87
11148;60;625334148;11148;285;12227;12314;7.02;0.43;295.23;11.56;1079;63;4232.00;87
11153;60;625334161;11153;284;12227;12314;7.01;0.43;295.29;11.56;1074;63;4233.00;87
11156;60;625334175;11156;287;12232;12320;6.97;0.43;295.38;11.59;1076;63;4234.00;88
11157;60;625334188;11157;285;12233;12320;6.96;0.42;295.37;11.61;1076;63;4235.00;87
11160;60;625334201;11160;285;12234;12320;6.88;0.42;295.42;11.62;1074;63;4236.00;86
11162;60;625334214;11162;288;12235;12320;6.88;0.42;295.47;11.62;1073;63;4237.00;85
11166;60;625334227;11166;294;12239;12324;6.80;0.42;295.50;11.64;1073;63;4238.00;85
11169;60;625334240;11169;291;12241;12325;6.75;0.41;295.54;11.65;1072;63;4239.00;84
11171;60;625334253;11171;294;12241;12325;6.69;0.41;295.57;11.65;1070;63;4240.00;84
11173;60;625334265;11173;301;12245;12326;6.67;0.41;295.57;11.69;1072;63;4241.00;81
11176;60;625334278;11176;301;12245;12326;6.56;0.40;295.61;11.69;1069;63;4242.00;81
11181;60;625334290;11181;303;12246;12326;6.48;0.40;295.65;11.70;1065;63;4243.00;80
11185;60;625334303;11185;303;12248;12326;6.44;0.39;295.64;11.72;1063;63;4244.00;78
11190;60;625334316;11190;305;12250;12326;6.37;0.39;295.67;11.74;1060;63;4245.00;76
11192;60;625334329;11192;301;12250;12326;6.37;0.39;295.75;11.74;1058;63;4246.00;76
11198;60;625334343;11198;303;12252;12326;6.28;0.38;295.80;11.76;1054;63;4247.00;74
11204;60;625334374;11204;315;12285;12396;6.35;0.39;295.79;11.73;1081;63;4248.00;111
11208;60;625334419;11208;320;12288;12397;6.22;0.38;295.84;11.75;1080;63;4249.00;109
11212;60;625334437;11212;303;12294;12397;6.24;0.38;295.84;11.75;1082;63;4250.00;103
11215;60;625334452;11215;305;12298;12397;6.19;0.38;295.89;11.75;1083;63;4251.00;99
11219;60;625334466;11219;299;12306;12397;6.20;0.38;295.92;11.77;1087;63;4252.00;91
11226;60;625334480;11226;304;12308;12397;6.18;0.38;295.96;11.77;1082;63;4253.00;89
11231;60;625334494;11231;318;12313;12397;6.17;0.38;296.00;11.78;1082;63;4254.00;84
11232;60;625334508;11232;317;12318;12397;6.19;0.38;296.01;11.79;1086;63;4255.00;79
11235;60;625334524;11235;319;12322;12398;6.22;0.38;296.01;11.79;1087;63;4256.00;76
11239;60;625334539;11239;306;12325;12399;6.28;0.38;296.11;11.79;1086;63;4257.00;74
11242;60;625334555;11242;314;12327;12399;6.34;0.39;296.12;11.79;1085;63;4258.00;72
11245;60;625334571;11245;321;12330;12403;6.40;0.39;296.19;11.79;1085;63;4259.00;73
11248;60;625334587;11248;324;12330;12403;6.43;0.39;296.20;11.79;1082;63;4260.00;73
11250;60;625334606;11250;329;12331;12403;6.45;0.40;296.23;11.79;1081;63;4261.00;72
11254;60;625334622;11254;328;12332;12403;6.45;0.40;296.27;11.79;1078;63;4262.00;71
11258;60;625334636;11258;337;12337;12409;6.48;0.40;296.29;11.80;1079;63;4263.00;72
11262;60;625334653;11262;339;12337;12409;6.48;0.40;296.34;11.80;1075;63;4264.00;72
11267;60;625334669;11267;334;12338;12409;6.52;0.40;296.32;11.80;1071;63;4265.00;71
11272;60;625334683;11272;328;12340;12412;6.55;0.40;296.31;11.80;1068;63;4266.00;72
11278;60;625334699;11278;323;12341;12412;6.56;0.40;296.29;11.80;1063;63;4267.00;71
11281;60;625334713;11281;327;12342;12412;6.58;0.40;296.34;11.80;1061;63;4268.00;70
11284;60;625334729;11284;321;12343;12413;6.59;0.40;296.36;11.84;1059;63;4269.00;70
11290;60;625334743;11290;319;12345;12414;6.59;0.40;296.40;11.84;1055;63;4270.00;69
11294;60;625334757;11294;324;12346;12414;6.56;0.40;296.53;11.84;1052;63;4271.00;68
11300;60;625334773;11300;321;12358;12427;6.56;0.40;296.53;11.83;1058;63;4272.00;69
11307;60;625334788;11307;321;12359;12427;6.54;0.40;296.55;11.83;1052;63;4273.00;68
11311;60;625334803;11311;323;12360;12427;6.54;0.40;296.58;11.83;1049;63;4274.00;67
11317;60;625334817;11317;323;12364;12429;6.51;0.40;296.63;11.83;1047;63;4275.00;65
11324;60;625334832;11324;328;12364;12429;6.45;0.39;296.74;11.83;1040;63;4276.00;65
11327;60;625334847;11327;340;12366;12433;6.43;0.39;296.82;11.83;1039;63;4277.00;67
11331;60;625334864;11331;346;12367;12433;6.41;0.39;296.89;11.83;1036;63;4278.00;66
11339;60;625334880;11339;351;12370;12437;6.37;0.39;296.99;11.83;1031;63;4279.00;67
11344;60;625334917;11344;354;12371;12437;6.35;0.39;296.97;11.83;1027;63;4280.00;66
11348;60;625334941;11348;361;12372;12437;6.31;0.38;296.94;11.83;1024;63;4281.00;65
11351;60;625334967;11351;367;12372;12437;6.30;0.38;296.92;11.83;1021;63;4282.00;65
11355;60;625334987;11355;374;12373;12437;6.28;0.38;297.01;11.83;1018;63;4283.00;64
11357;60;625335008;11357;382;12383;12449;6.33;0.38;296.97;11.82;1026;63;4284.00;66
11360;60;625335028;11360;397;12383;12449;6.27;0.38;296.98;11.82;1023;63;4285.00;66
11363;60;625335046;11363;406;12385;12449;6.24;0.38;297.00;11.82;1022;63;4286.00;64
11364;60;625335062;11364;413;12386;12449;6.19;0.38;297.04;11.85;1022;63;4287.00;63
11366;60;625335080;11366;413;12386;12449;6.16;0.38;297.07;11.85;1020;63;4288.00;63
11370;60;625335097;11370;417;12386;12449;6.09;0.37;297.12;11.85;1016;63;4289.00;63
11372;60;625335115;11372;422;12386;12450;6.06;0.37;297.10;11.85;1014;63;4290.00;64
11376;60;625335131;11376;418;12386;12450;6.01;0.37;297.13;11.85;1010;63;4291.00;64
11377;60;625335150;11377;425;12390;12456;6.01;0.37;297.14;11.85;1013;63;4292.00;66
11378;60;625335167;11378;433;12391;12457;5.96;0.36;297.12;11.85;1013;63;4293.00;66
11382;60;625335189;11382;450;12392;12457;5.90;0.36;297.11;11.85;1010;63;4294.00;65
11384;60;625335208;11384;452;12392;12457;5.82;0.36;297.11;11.85;1008;63;4295.00;65
11392;60;625335224;11392;461;12395;12461;5.79;0.35;297.06;11.84;1003;63;4296.00;66
11392;60;625335240;11392;461;12395;12461;5.80;0.35;297.06;11.84;1003;63;4297.00;66
11395;60;625335256;11395;461;12395;12461;5.74;0.35;297.12;11.84;1000;63;4298.00;66
11398;60;625335274;11398;466;12396;12462;5.79;0.35;297.10;11.84;998;63;4299.00;66
11404;60;625335291;11404;461;12399;12466;5.82;0.35;297.07;11.84;995;63;4300.00;67
11406;60;625335315;11406;456;12399;12466;5.84;0.36;297.04;11.84;993;63;4301.00;67
11410;60;625335331;11410;455;12401;12469;5.88;0.36;297.04;11.84;991;63;4302.00;68
11411;60;625335347;11411;455;12402;12469;5.91;0.36;297.04;11.84;991;63;4303.00;67
11414;60;625335361;11414;460;12402;12469;5.90;0.36;297.02;11.84;988;63;4304.00;67
11416;60;625335379;11416;454;12402;12469;5.91;0.36;297.00;11.84;986;63;4305.00;67
11420;60;625335394;11420;442;12405;12473;5.99;0.36;296.98;11.84;985;63;4306.00;68
11422;60;625335411;11422;435;12405;12473;6.06;0.37;297.01;11.84;983;63;4307.00;68
11424;60;625335431;11424;420;12407;12473;6.12;0.37;296.97;11.87;983;63;4308.00;66
11426;60;625335448;11426;412;12407;12473;6.17;0.38;296.95;11.87;981;63;4309.00;66
11429;60;625335464;11429;397;12407;12474;6.21;0.38;296.92;11.87;978;63;4310.00;67
11431;60;625335482;11431;388;12408;12475;6.20;0.38;296.89;11.87;977;63;4311.00;67
11432;60;625335498;11432;381;12408;12475;6.20;0.38;296.88;11.87;976;63;4312.00;67
11435;60;625335516;11435;374;12409;12476;6.19;0.38;296.85;11.87;974;63;4313.00;67
11437;60;625335541;11437;368;12409;12476;6.17;0.37;296.84;11.87;972;63;4314.00;67
11438;60;625335559;11438;363;12409;12476;6.16;0.37;296.87;11.87;971;63;4315.00;67
11438;60;625335574;11438;363;12409;12476;6.23;0.38;296.87;11.87;971;63;4316.00;67
11438;60;625335592;11438;360;12409;12476;6.30;0.38;296.87;11.87;971;63;4317.00;67
11439;60;625335608;11439;358;12409;12476;6.31;0.38;296.87;11.87;970;63;4318.00;67
11439;60;625335624;11439;354;12409;12476;6.29;0.38;296.87;11.87;970;63;4319.00;67
11441;60;625335651;11441;392;12521;12706;6.53;0.41;296.87;11.76;1080;63;4320.00;185
11442;60;625335691;11442;382;12524;12707;6.52;0.41;296.87;11.76;1082;63;4321.00;183
11444;60;625335707;11444;366;12533;12707;6.54;0.41;296.94;11.75;1089;63;4322.00;174
11445;60;625335724;11445;347;12538;12707;6.55;0.41;296.94;11.75;1093;63;4323.00;169
11447;60;625335739;11447;332;12547;12707;6.57;0.41;296.91;11.78;1100;63;4324.00;160
11448;60;625335757;11448;318;12550;12707;6.54;0.41;296.91;11.78;1102;63;4325.00;157
11449;60;625335775;11449;315;12555;12707;6.60;0.41;296.90;11.78;1106;63;4326.00;152
11450;60;625335792;11450;323;12558;12707;6.56;0.41;296.96;11.78;1108;63;4327.00;149
11451;60;625335808;11451;323;12563;12708;6.53;0.41;297.00;11.78;1112;63;4328.00;145
11453;60;625335826;11453;323;12567;12709;6.47;0.40;296.99;11.78;1114;63;4329.00;142
11456;60;625335852;11456;324;12570;12709;6.39;0.40;297.00;11.78;1114;63;4330.00;139
11457;60;625335872;11457;330;12574;12710;6.35;0.39;297.00;11.78;1117;63;4331.00;136
11457;60;625335890;11457;335;12580;12710;6.32;0.39;297.00;11.78;1123;63;4332.00;130
11458;60;625335915;11458;341;12582;12710;6.30;0.39;296.99;11.78;1124;63;4333.00;128
11461;60;625335941;11461;341;12588;12710;6.25;0.39;297.02;11.78;1127;63;4334.00;122
11461;60;625335956;11461;344;12590;12714;6.14;0.38;297.02;11.78;1129;63;4335.00;124
11463;60;625335979;11463;344;12591;12714;6.13;0.38;297.03;11.77;1128;63;4336.00;123
11464;60;625335995;11464;352;12594;12714;6.09;0.38;297.02;11.81;1130;63;4337.00;120
11464;60;625336012;11464;354;12596;12717;6.07;0.38;297.02;11.81;1132;63;4338.00;121
11466;60;625336027;11466;364;12596;12717;6.09;0.38;297.03;11.81;1130;63;4339.00;121
11466;60;625336042;11466;364;12596;12717;6.13;0.38;297.03;11.81;1130;63;4340.00;121
11469;60;625336059;11469;348;12600;12721;6.17;0.38;297.02;11.81;1131;63;4341.00;121
11471;60;625336074;11471;347;12603;12722;6.23;0.38;297.03;11.81;1132;63;4342.00;119
11474;60;625336089;11474;340;12603;12722;6.24;0.38;297.00;11.81;1129;63;4343.00;119
11477;60;625336105;11477;340;12606;12726;6.31;0.39;297.07;11.81;1129;63;4344.00;120
11481;60;625336119;11481;334;12606;12726;6.27;0.39;297.06;11.81;1125;63;4345.00;120
11486;60;625336136;11486;324;12607;12726;6.24;0.38;297.11;11.81;1121;63;4346.00;119
11490;60;625336153;11490;327;12609;12727;6.20;0.38;297.14;11.84;1119;63;4347.00;118
11491;60;625336170;11491;323;12609;12727;6.20;0.38;297.13;11.84;1118;63;4348.00;118
11496;60;625336185;11496;312;12612;12733;6.19;0.38;297.12;11.84;1116;63;4349.00;121
11498;60;625336211;11498;303;12613;12733;6.17;0.38;297.20;11.87;1115;63;4350.00;120
11500;60;625336227;11500;292;12614;12734;6.13;0.38;297.17;11.87;1114;63;4351.00;120
11501;60;625336243;11501;278;12614;12734;6.11;0.37;297.17;11.87;1113;63;4352.00;120
11504;60;625336265;11504;280;12617;12734;6.03;0.37;297.18;11.91;1113;63;4353.00;117
11506;60;625336281;11506;272;12618;12734;5.99;0.37;297.20;11.90;1112;63;4354.00;116
11507;60;625336297;11507;279;12622;12734;5.94;0.36;297.20;11.97;1115;63;4355.00;112
11510;60;625336320;11510;276;12631;12746;5.97;0.36;297.19;11.96;1121;63;4356.00;115
11513;60;625336337;11513;270;12633;12746;6.01;0.37;297.26;11.99;1120;63;4357.00;113
11513;60;625336353;11513;261;12634;12746;6.13;0.37;297.26;11.99;1121;63;4358.00;112
11519;60;625336373;11519;257;12636;12746;6.18;0.38;297.32;12.02;1117;63;4359.00;110
11521;60;625336388;11521;252;12636;12746;6.26;0.38;297.34;12.02;1115;63;4360.00;110
11524;60;625336405;11524;244;12638;12746;6.34;0.39;297.32;12.05;1114;63;4361.00;108
11528;60;625336419;11528;241;12642;12750;6.41;0.39;297.38;12.05;1114;63;4362.00;108
11530;60;625336436;11530;237;12642;12750;6.51;0.40;297.36;12.05;1112;63;4363.00;108
11534;60;625336452;11534;230;12645;12754;6.61;0.40;297.34;12.08;1111;63;4364.00;109
11538;60;625336467;11538;240;12649;12756;6.70;0.41;297.37;12.08;1111;63;4365.00;107
11540;60;625336484;11540;234;12649;12756;6.79;0.41;297.41;12.08;1109;63;4366.00;107
11541;60;625336501;11541;237;12650;12756;6.85;0.42;297.43;12.08;1109;63;4367.00;106
11544;60;625336517;11544;241;12658;12769;6.87;0.42;297.52;12.07;1114;63;4368.00;111
11546;60;625336536;11546;240;12658;12769;6.89;0.42;297.55;12.07;1112;63;4369.00;111
11548;60;625336552;11548;241;12660;12769;6.92;0.42;297.58;12.07;1112;63;4370.00;109
11550;60;625336569;11550;243;12661;12770;6.93;0.42;297.64;12.07;1111;63;4371.00;109
11554;60;625336584;11554;238;12662;12771;6.94;0.42;297.69;12.07;1108;63;4372.00;109
11556;60;625336602;11556;238;12662;12771;7.01;0.42;297.73;12.07;1106;63;4373.00;109
11559;60;625336620;11559;233;12665;12774;7.12;0.43;297.85;12.08;1106;63;4374.00;109
11559;60;625336637;11559;228;12666;12774;7.19;0.44;297.85;12.08;1107;63;4375.00;108
11563;60;625336653;11563;231;12667;12774;7.28;0.44;297.98;12.08;1104;63;4376.00;107
11567;60;625336670;11567;229;12668;12774;7.27;0.44;298.01;12.08;1101;63;4377.00;106
11568;60;625336685;11568;235;12672;12780;7.35;0.45;297.99;12.08;1104;63;4378.00;108
11571;60;625336701;11571;233;12673;12780;7.39;0.45;298.02;12.08;1102;63;4379.00;107
11572;60;625336729;11572;233;12674;12780;7.44;0.45;298.05;12.08;1102;63;4380.00;106
11576;60;625336747;11576;231;12675;12780;7.42;0.45;298.02;12.10;1099;63;4381.00;105
11580;60;625336765;11580;234;12679;12784;7.40;0.45;298.03;12.10;1099;63;4382.00;105
11581;60;625336781;11581;235;12680;12785;7.39;0.45;298.06;12.10;1099;63;4383.00;105
11583;60;625336797;11583;238;12682;12785;7.39;0.45;298.12;12.12;1099;63;4384.00;103
11584;60;625336812;11584;238;12685;12786;7.39;0.45;298.15;12.13;1101;63;4385.00;101
11588;60;625336828;11588;238;12687;12786;7.34;0.45;298.18;12.16;1099;63;4386.00;99
11589;60;625336846;11589;245;12688;12786;7.37;0.45;298.20;12.17;1099;63;4387.00;98
11593;60;625336865;11593;247;12692;12786;7.37;0.45;298.20;12.20;1099;63;4388.00;94
11596;60;625336883;11596;254;12693;12786;7.37;0.45;298.27;12.22;1097;63;4389.00;93
11596;60;625336903;11596;260;12693;12786;7.38;0.45;298.27;12.22;1097;63;4390.00;93
11598;60;625336931;11598;258;12696;12786;7.35;0.45;298.33;12.25;1098;63;4391.00;90
11601;60;625336955;11601;266;12732;12856;7.38;0.45;298.39;12.22;1131;63;4392.00;124
11604;60;625336993;11604;269;12735;12857;7.30;0.45;298.44;12.24;1131;63;4393.00;122
11607;60;625337020;11607;268;12744;12857;7.32;0.45;298.47;12.24;1137;63;4394.00;113
11609;60;625337050;11609;268;12748;12857;7.34;0.45;298.49;12.26;1139;63;4395.00;109
11611;60;625337072;11611;265;12751;12857;7.35;0.45;298.50;12.26;1140;63;4396.00;106
11613;60;625337094;11613;265;12756;12857;7.33;0.45;298.51;12.29;1143;63;4397.00;101
11620;60;625337112;11620;266;12761;12857;7.30;0.45;298.62;12.29;1141;63;4398.00;96
11623;60;625337131;11623;271;12763;12857;7.27;0.44;298.65;12.31;1140;63;4399.00;94
11628;60;625337152;11628;269;12768;12858;7.27;0.44;298.74;12.31;1140;63;4400.00;90
11631;60;625337177;11631;275;12773;12859;7.25;0.44;298.81;12.33;1142;63;4401.00;86
11634;60;625337198;11634;271;12774;12859;7.22;0.44;298.88;12.33;1140;63;4402.00;85
11637;60;625337218;11637;272;12778;12863;7.21;0.44;298.95;12.35;1141;63;4403.00;85
11641;60;625337239;11641;274;12779;12863;7.25;0.44;299.06;12.35;1138;63;4404.00;84
11644;60;625337260;11644;278;12779;12863;7.30;0.45;299.08;12.35;1135;63;4405.00;84
11646;60;625337281;11646;288;12780;12863;7.38;0.45;299.16;12.36;1134;63;4406.00;83
11651;60;625337307;11651;295;12786;12869;7.44;0.45;299.22;12.37;1135;63;4407.00;83
11654;60;625337330;11654;300;12786;12869;7.41;0.45;299.24;12.37;1132;63;4408.00;83
11661;60;625337354;11661;308;12788;12869;7.34;0.45;299.33;12.39;1127;63;4409.00;81
11662;60;625337377;11662;309;12792;12875;7.30;0.45;299.34;12.39;1130;63;4410.00;83
11666;60;625337401;11666;316;12794;12875;7.23;0.44;299.42;12.39;1128;63;4411.00;81
11669;60;625337427;11669;317;12796;12875;7.12;0.43;299.46;12.41;1127;63;4412.00;79
11675;60;625337457;11675;320;12797;12876;6.98;0.43;299.48;12.42;1122;63;4413.00;79
11681;60;625337477;11681;322;12799;12877;6.79;0.41;299.49;12.42;1118;63;4414.00;78
11685;60;625337496;11685;330;12800;12877;6.69;0.41;299.48;12.43;1115;63;4415.00;77
11690;60;625337515;11690;333;12812;12890;6.58;0.40;299.53;12.43;1122;63;4416.00;78
11695;60;625337534;11695;342;12813;12890;6.46;0.39;299.60;12.44;1118;63;4417.00;77
11696;60;625337552;11696;342;12814;12890;6.37;0.39;299.61;12.44;1118;63;4418.00;76
11698;60;625337568;11698;352;12815;12891;6.32;0.39;299.64;12.44;1117;63;4419.00;76
11702;60;625337586;11702;339;12817;12891;6.26;0.38;299.65;12.46;1115;63;4420.00;74
11706;60;625337611;11706;332;12820;12895;6.24;0.38;299.67;12.46;1114;63;4421.00;75
11709;60;625337628;11709;335;12822;12895;6.22;0.38;299.70;12.46;1113;63;4422.00;73
11715;60;625337646;11715;329;12824;12899;6.16;0.38;299.78;12.45;1109;63;4423.00;75
11718;60;625337672;11718;334;12827;12899;6.11;0.37;299.79;12.47;1109;63;4424.00;72
11724;60;625337690;11724;338;12827;12899;6.10;0.37;299.84;12.47;1103;63;4425.00;72
11729;60;625337708;11729;347;12828;12899;6.09;0.37;299.91;12.48;1099;63;4426.00;71
11735;60;625337726;11735;351;12829;12899;6.09;0.37;299.99;12.49;1094;63;4427.00;70
11739;60;625337743;11739;348;12839;12911;6.18;0.38;300.00;12.48;1100;63;4428.00;72
11742;60;625337763;11742;349;12840;12911;6.23;0.38;300.01;12.48;1098;63;4429.00;71
11747;60;625337781;11747;353;12842;12911;6.24;0.38;300.10;12.48;1095;63;4430.00;69
11750;60;625337796;11750;352;12842;12911;6.24;0.38;300.17;12.48;1092;63;4431.00;69
11755;60;625337815;11755;347;12842;12911;6.20;0.38;300.19;12.48;1087;63;4432.00;69
11757;60;625337844;11757;355;12842;12911;6.18;0.38;300.23;12.48;1085;63;4433.00;69
11762;60;625337862;11762;352;12842;12912;6.20;0.38;300.22;12.48;1080;63;4434.00;70
11765;60;625337881;11765;342;12842;12912;6.23;0.38;300.18;12.48;1077;63;4435.00;70
11770;60;625337899;11770;346;12847;12918;6.27;0.39;300.25;12.47;1077;63;4436.00;71
11774;60;625337917;11774;348;12848;12919;6.30;0.39;300.19;12.47;1074;63;4437.00;71
11778;60;625337933;11778;352;12848;12919;6.30;0.39;300.18;12.47;1070;63;4438.00;71
11782;60;625337954;11782;356;12848;12919;6.31;0.39;300.16;12.47;1066;63;4439.00;71
11782;61;625337972;11782;358;12852;12924;6.33;0.39;300.16;12.47;1070;64;4440.00;72
11787;61;625338001;11787;359;12852;12924;6.33;0.39;300.13;12.47;1065;64;4441.00;72
11790;61;625338023;11790;365;12852;12924;6.30;0.39;300.10;12.47;1062;64;4442.00;72
11795;61;625338043;11795;365;12853;12925;6.29;0.39;300.08;12.47;1058;64;4443.00;72
11799;61;625338059;11799;369;12856;12929;6.32;0.39;300.07;12.46;1057;64;4444.00;73
11803;61;625338076;11803;370;12856;12929;6.32;0.39;300.06;12.46;1053;64;4445.00;73
11807;61;625338094;11807;378;12858;12932;6.36;0.39;300.04;12.46;1051;64;4446.00;74
11810;61;625338110;11810;381;12858;12932;6.37;0.39;300.04;12.46;1048;64;4447.00;74
11815;61;625338125;11815;383;12859;12932;6.36;0.39;300.03;12.46;1044;64;4448.00;73
11821;61;625338142;11821;389;12859;12932;6.31;0.39;300.02;12.46;1038;64;4449.00;73
11825;61;625338157;11825;396;12862;12936;6.31;0.38;299.98;12.46;1037;64;4450.00;74
11829;61;625338174;11829;398;12862;12936;6.26;0.38;299.93;12.46;1033;64;4451.00;74
11833;61;625338188;11833;405;12863;12936;6.23;0.38;299.91;12.46;1030;64;4452.00;73
11836;61;625338201;11836;406;12863;12936;6.18;0.38;299.88;12.46;1027;64;4453.00;73
11840;61;625338214;11840;411;12863;12937;6.13;0.37;299.87;12.46;1023;64;4454.00;74
11845;61;625338226;11845;417;12865;12939;6.12;0.37;299.94;12.45;1020;64;4455.00;74
11848;61;625338238;11848;425;12865;12939;6.03;0.37;299.93;12.45;1017;64;4456.00;74
11854;61;625338251;11854;425;12866;12940;5.99;0.37;299.88;12.45;1012;64;4457.00;74
11857;61;625338264;11857;432;12866;12940;5.95;0.36;299.83;12.45;1009;64;4458.00;74
11862;61;625338276;11862;431;12866;12940;5.88;0.36;299.86;12.45;1004;64;4459.00;74
11865;61;625338288;11865;439;12866;12940;5.83;0.36;299.85;12.45;1001;64;4460.00;74
11870;61;625338300;11870;444;12866;12940;5.75;0.35;299.81;12.45;996;64;4461.00;74
11875;61;625338312;11875;451;12866;12940;5.67;0.35;299.81;12.45;991;64;4462.00;74
11877;61;625338323;11877;460;12866;12940;5.60;0.34;299.79;12.45;989;64;4463.00;74
11880;61;625338335;11880;480;12931;13067;5.94;0.37;299.76;12.39;1051;64;4464.00;136
11880;61;625338356;11880;480;12934;13068;5.90;0.37;299.76;12.39;1054;64;4465.00;134
11881;61;625338368;11881;484;12943;13068;5.90;0.36;299.75;12.38;1062;64;4466.00;125
11883;61;625338381;11883;473;12946;13068;5.89;0.36;299.74;12.38;1063;64;4467.00;122
11884;61;625338393;11884;468;12950;13068;5.90;0.37;299.72;12.38;1066;64;4468.00;118
11885;61;625338405;11885;470;12953;13068;5.91;0.37;299.71;12.37;1068;64;4469.00;115
11885;61;625338419;11885;467;12957;13068;5.92;0.37;299.71;12.37;1072;64;4470.00;111
11887;61;625338437;11887;466;12958;13068;5.92;0.37;299.73;12.37;1071;64;4471.00;110
11889;61;625338456;11889;467;12964;13069;5.93;0.37;299.73;12.37;1075;64;4472.00;105
11890;61;625338470;11890;469;12965;13070;5.96;0.37;299.73;12.37;1075;64;4473.00;105
11892;61;625338483;11892;480;12970;13070;5.97;0.37;299.72;12.37;1078;64;4474.00;100
11893;61;625338502;11893;474;12974;13071;6.00;0.37;299.72;12.37;1081;65;4475.00;97
11893;61;625338524;11893;457;12979;13071;6.04;0.37;299.72;12.37;1086;65;4476.00;92
11893;61;625338538;11893;446;12981;13071;6.12;0.38;299.72;12.37;1088;65;4477.00;90
11896;61;625338552;11896;435;12982;13071;6.18;0.38;299.69;12.37;1086;65;4478.00;89
11898;61;625338566;11898;427;12986;13075;6.25;0.38;299.72;12.37;1088;65;4479.00;89
11899;62;625338580;11899;424;12987;13075;6.31;0.39;299.72;12.37;1088;66;4480.00;88
11900;62;625338606;11900;416;12987;13075;6.36;0.39;299.69;12.37;1087;66;4481.00;88
11901;62;625338621;11901;408;12990;13078;6.52;0.40;299.69;12.37;1089;66;4482.00;88
11903;62;625338635;11903;403;12990;13078;6.61;0.40;299.66;12.37;1087;66;4483.00;88
11905;62;625338650;11905;389;12991;13078;6.67;0.41;299.62;12.36;1086;66;4484.00;87
11905;62;625338670;11905;384;12994;13082;6.71;0.41;299.62;12.36;1089;66;4485.00;88
11906;62;625338684;11906;379;12996;13083;6.76;0.41;299.61;12.36;1090;66;4486.00;87
11911;62;625338704;11911;367;12996;13083;6.80;0.41;299.56;12.36;1085;66;4487.00;87
11913;62;625338724;11913;363;13000;13087;6.85;0.42;299.54;12.36;1087;66;4488.00;87
11913;62;625338745;11913;362;13000;13087;6.89;0.42;299.54;12.36;1087;66;4489.00;87
11916;62;625338765;11916;349;13000;13087;6.93;0.42;299.50;12.36;1084;66;4490.00;87
11916;62;625338780;11916;339;13001;13088;7.04;0.43;299.50;12.36;1085;66;4491.00;87
11917;62;625338794;11917;347;13001;13088;7.08;0.43;299.50;12.36;1084;66;4492.00;87
11918;62;625338808;11918;348;13005;13094;7.08;0.43;299.50;12.35;1087;66;4493.00;89
11920;62;625338823;11920;349;13005;13094;7.07;0.43;299.48;12.35;1085;66;4494.00;89
11920;62;625338838;11920;345;13006;13095;7.07;0.43;299.48;12.35;1086;66;4495.00;89
11925;62;625338852;11925;345;13006;13095;7.00;0.42;299.62;12.35;1081;66;4496.00;89
11927;62;625338865;11927;342;13006;13095;7.01;0.42;299.61;12.35;1079;66;4497.00;89
11928;62;625338879;11928;345;13006;13095;6.98;0.42;299.65;12.35;1078;66;4498.00;89
11934;62;625338894;11934;338;13006;13095;6.93;0.42;299.67;12.35;1072;66;4499.00;89
11935;62;625338925;11935;341;13029;13145;6.91;0.42;299.66;12.33;1094;66;4500.00;116
11938;62;625338961;11938;338;13030;13147;6.89;0.42;299.75;12.33;1092;66;4501.00;117
11940;62;625338985;11940;337;13032;13147;6.86;0.42;299.83;12.33;1092;66;4502.00;115
11941;62;625339008;11941;341;13033;13147;6.85;0.42;299.86;12.33;1092;66;4503.00;114
11944;62;625339026;11944;345;13034;13147;6.86;0.42;299.93;12.33;1090;66;4504.00;113
11946;62;625339041;11946;342;13036;13147;6.90;0.42;299.97;12.33;1090;66;4505.00;111
11948;62;625339055;11948;345;13040;13151;6.87;0.42;299.96;12.32;1092;66;4506.00;111
11949;62;625339070;11949;343;13041;13151;6.90;0.42;299.99;12.32;1092;66;4507.00;110
11950;62;625339084;11950;354;13045;13155;6.86;0.42;299.98;12.32;1095;66;4508.00;110
11952;62;625339100;11952;347;13046;13156;6.80;0.41;300.02;12.32;1094;66;4509.00;110
11954;62;625339114;11954;345;13046;13156;6.71;0.41;300.05;12.32;1092;66;4510.00;110
11955;62;625339133;11955;344;13046;13156;6.63;0.40;300.06;12.32;1091;66;4511.00;110
11959;62;625339148;11959;345;13053;13169;6.59;0.40;300.05;12.31;1094;66;4512.00;116
11965;62;625339164;11965;341;13053;13169;6.51;0.40;300.18;12.31;1088;66;4513.00;116
11969;62;625339183;11969;336;13055;13169;6.50;0.40;300.20;12.31;1086;66;4514.00;114
11972;62;625339197;11972;331;13056;13170;6.53;0.40;300.23;12.31;1084;66;4515.00;114
11975;62;625339212;11975;336;13056;13171;6.53;0.40;300.23;12.31;1081;66;4516.00;115
11979;62;625339228;11979;333;13056;13171;6.52;0.40;300.30;12.31;1077;66;4517.00;115
11980;62;625339243;11980;326;13059;13174;6.57;0.40;300.33;12.35;1079;66;4518.00;115
11982;62;625339257;11982;311;13060;13174;6.58;0.40;300.36;12.35;1078;66;4519.00;114
11987;62;625339271;11987;303;13061;13174;6.51;0.40;300.43;12.35;1074;66;4520.00;113
11992;62;625339284;11992;296;13061;13174;6.48;0.40;300.44;12.35;1069;66;4521.00;113
11996;62;625339297;11996;283;13064;13180;6.46;0.39;300.44;12.35;1068;66;4522.00;116
11999;62;625339311;11999;279;13064;13180;6.43;0.39;300.45;12.35;1065;66;4523.00;116
12003;62;625339324;12003;269;13064;13180;6.44;0.39;300.46;12.35;1061;66;4524.00;116
12005;62;625339347;12005;260;13066;13180;6.44;0.39;300.45;12.37;1061;66;4525.00;114
12011;62;625339363;12011;251;13070;13184;6.38;0.39;300.48;12.37;1059;66;4526.00;114
12017;62;625339379;12017;239;13071;13185;6.45;0.39;300.48;12.37;1054;66;4527.00;114
12019;62;625339396;12019;238;13071;13185;6.51;0.40;300.47;12.37;1052;66;4528.00;114
12022;62;625339411;12022;242;13072;13186;6.61;0.40;300.53;12.37;1050;66;4529.00;114
12026;62;625339427;12026;231;13072;13186;6.69;0.41;300.54;12.37;1046;66;4530.00;114
12026;62;625339443;12026;226;13073;13186;6.79;0.41;300.54;12.37;1047;66;4531.00;113
12028;62;625339458;12028;225;13075;13186;6.81;0.41;300.54;12.38;1047;66;4532.00;111
12029;62;625339473;12029;216;13076;13186;6.86;0.42;300.53;12.42;1047;66;4533.00;110
12031;62;625339488;12031;217;13077;13186;6.89;0.42;300.55;12.42;1046;66;4534.00;109
12031;62;625339502;12031;221;13078;13186;6.98;0.43;300.55;12.47;1047;66;4535.00;108
12033;62;625339517;12033;231;13116;13256;7.07;0.43;300.58;12.43;1083;66;4536.00;140
12038;62;625339539;12038;225;13119;13257;7.11;0.43;300.60;12.44;1081;66;4537.00;138
12040;62;625339554;12040;217;13125;13257;7.21;0.44;300.58;12.43;1085;66;4538.00;132
12044;62;625339571;12044;220;13128;13257;7.23;0.44;300.65;12.43;1084;66;4539.00;129
12047;62;625339586;12047;215;13133;13257;7.23;0.44;300.63;12.43;1086;66;4540.00;124
12052;62;625339602;12052;224;13137;13257;7.21;0.44;300.69;12.52;1085;66;4541.00;120
12053;62;625339618;12053;218;13141;13257;7.29;0.44;300.68;12.52;1088;66;4542.00;116
12058;62;625339634;12058;223;13145;13257;7.30;0.44;300.71;12.52;1087;66;4543.00;112
12062;62;625339651;12062;218;13148;13258;7.34;0.45;300.77;12.56;1086;66;4544.00;110
12064;62;625339667;12064;221;13153;13260;7.39;0.45;300.84;12.56;1089;66;4545.00;107
12068;62;625339683;12068;224;13155;13260;7.38;0.45;300.87;12.56;1087;66;4546.00;105
12073;62;625339699;12073;219;13160;13264;7.33;0.45;300.84;12.57;1087;66;4547.00;104
12074;62;625339716;12074;221;13161;13264;7.37;0.45;300.83;12.57;1087;66;4548.00;103
12076;62;625339732;12076;223;13161;13264;7.37;0.45;300.85;12.57;1085;66;4549.00;103
12079;62;625339748;12079;227;13164;13264;7.33;0.44;300.88;12.60;1085;66;4550.00;100
12083;62;625339765;12083;232;13167;13270;7.31;0.44;300.99;12.60;1084;66;4551.00;103
12085;62;625339788;12085;229;13168;13270;7.28;0.44;301.03;12.60;1083;66;4552.00;102
12088;62;625339805;12088;240;13172;13270;7.26;0.44;301.01;12.62;1084;66;4553.00;98
12090;62;625339820;12090;244;13175;13273;7.25;0.44;301.07;12.62;1085;66;4554.00;98
12093;62;625339837;12093;252;13177;13273;7.22;0.44;301.12;12.64;1084;66;4555.00;96
12096;62;625339865;12096;252;13179;13273;7.17;0.43;301.10;12.65;1083;66;4556.00;94
12098;62;625339881;12098;252;13181;13274;7.19;0.44;301.16;12.67;1083;66;4557.00;93
12100;62;625339898;12100;253;13183;13275;7.26;0.44;301.18;12.69;1083;66;4558.00;92
12104;62;625339913;12104;265;13184;13275;7.25;0.44;301.24;12.69;1080;66;4559.00;91
12106;62;625339929;12106;269;13202;13301;7.30;0.44;301.28;12.70;1096;66;4560.00;99
12107;62;625339946;12107;271;13205;13301;7.29;0.44;301.28;12.70;1098;66;4561.00;96
12111;62;625339961;12111;271;13207;13301;7.27;0.44;301.32;12.70;1096;66;4562.00;94
12114;62;625339976;12114;278;13210;13302;7.25;0.44;301.30;12.72;1096;66;4563.00;92
12117;62;625339990;12117;281;13212;13302;7.20;0.44;301.38;12.74;1095;66;4564.00;90
12117;62;625340003;12117;287;13215;13306;7.17;0.44;301.38;12.74;1098;66;4565.00;91
12121;62;625340017;12121;291;13219;13306;7.08;0.43;301.47;12.80;1098;66;4566.00;87
12123;62;625340029;12123;297;13222;13310;6.97;0.42;301.49;12.79;1099;66;4567.00;88
12124;62;625340043;12124;301;13223;13310;6.89;0.42;301.49;12.81;1099;66;4568.00;87
12128;62;625340055;12128;300;13223;13310;6.80;0.42;301.57;12.81;1095;66;4569.00;87
12130;62;625340068;12130;290;13225;13310;6.72;0.41;301.56;12.85;1095;66;4570.00;85
12133;62;625340081;12133;285;13225;13310;6.67;0.41;301.65;12.85;1092;66;4571.00;85
12135;62;625340093;12135;286;13237;13322;6.70;0.41;301.65;12.87;1102;66;4572.00;85
12139;62;625340107;12139;285;13237;13322;6.67;0.41;301.76;12.87;1098;66;4573.00;85
12144;62;625340120;12144;287;13238;13322;6.65;0.41;301.79;12.87;1094;66;4574.00;84
12145;62;625340132;12145;286;13239;13322;6.68;0.41;301.85;12.89;1094;66;4575.00;83
12148;62;625340144;12148;289;13241;13322;6.68;0.41;301.88;12.91;1093;66;4576.00;81
12151;62;625340157;12151;291;13241;13322;6.68;0.41;301.93;12.91;1090;66;4577.00;81
12152;62;625340169;12152;297;13243;13323;6.68;0.41;301.92;12.94;1091;66;4578.00;80
12156;62;625340181;12156;302;13243;13323;6.69;0.41;301.94;12.94;1087;66;4579.00;80
12158;62;625340194;12158;311;13248;13329;6.67;0.41;301.94;12.95;1090;66;4580.00;81
12161;62;625340208;12161;315;13250;13330;6.61;0.40;302.01;12.96;1089;66;4581.00;80
12165;62;625340220;12165;321;13251;13330;6.56;0.40;302.02;12.96;1086;66;4582.00;79
12170;62;625340232;12170;327;13253;13330;6.43;0.39;302.01;12.99;1083;66;4583.00;77
12175;62;625340244;12175;332;13256;13334;6.38;0.39;302.00;12.99;1081;66;4584.00;78
12178;62;625340257;12178;336;13257;13334;6.30;0.39;302.05;13.00;1079;66;4585.00;77
12181;62;625340269;12181;343;13258;13334;6.19;0.38;302.05;13.02;1077;66;4586.00;76
12184;62;625340281;12184;353;13259;13335;6.05;0.37;302.09;13.02;1075;66;4587.00;76
12187;62;625340292;12187;366;13264;13339;5.90;0.36;302.10;13.04;1077;66;4588.00;75
12191;62;625340303;12191;371;13264;13339;5.77;0.35;302.08;13.04;1073;66;4589.00;75
12194;62;625340316;12194;362;13267;13345;5.69;0.35;302.10;13.04;1073;66;4590.00;78
12197;62;625340327;12197;361;13269;13345;5.61;0.34;302.10;13.06;1072;66;4591.00;76
12203;62;625340339;12203;354;13270;13345;5.54;0.34;302.12;13.06;1067;66;4592.00;75
12206;62;625340350;12206;351;13270;13345;5.51;0.34;302.10;13.06;1064;66;4593.00;75
12209;62;625340361;12209;354;13274;13349;5.58;0.34;302.07;13.07;1065;66;4594.00;75
12214;62;625340372;12214;349;13275;13349;5.58;0.34;302.14;13.08;1061;66;4595.00;74
12219;62;625340383;12219;359;13277;13349;5.59;0.34;302.13;13.09;1058;66;4596.00;72
12222;62;625340395;12222;356;13279;13349;5.61;0.34;302.13;13.10;1057;66;4597.00;70
12224;62;625340407;12224;351;13279;13350;5.65;0.35;302.16;13.10;1055;66;4598.00;71
12227;62;625340418;12227;350;13281;13351;5.71;0.35;302.22;13.10;1054;66;4599.00;70
12229;62;625340430;12229;348;13281;13351;5.72;0.35;302.24;13.10;1052;66;4600.00;70
12234;62;625340445;12234;356;13282;13352;5.68;0.35;302.30;13.09;1048;66;4601.00;70
12238;62;625340457;12238;365;13282;13352;5.66;0.35;302.29;13.09;1044;66;4602.00;70
12241;62;625340469;12241;364;13282;13352;5.56;0.34;302.33;13.09;1041;66;4603.00;70
12246;62;625340481;12246;363;13282;13352;5.45;0.34;302.30;13.09;1036;66;4604.00;70
12249;62;625340492;12249;360;13282;13352;5.41;0.33;302.27;13.09;1033;66;4605.00;70
12255;62;625340503;12255;362;13282;13352;5.35;0.33;302.24;13.09;1027;66;4606.00;70
12256;62;625340514;12256;371;13282;13352;5.35;0.33;302.24;13.09;1026;66;4607.00;70
12260;62;625340527;12260;376;13351;13479;5.84;0.37;302.23;13.03;1091;66;4608.00;128
12266;62;625340553;12266;381;13353;13480;5.76;0.36;302.18;13.03;1087;66;4609.00;127
12270;62;625340568;12270;385;13363;13480;5.81;0.36;302.16;13.02;1093;66;4610.00;117
12271;62;625340582;12271;393;13367;13480;5.82;0.36;302.15;13.01;1096;66;4611.00;113
12275;62;625340603;12275;396;13373;13480;5.84;0.36;302.16;13.01;1098;66;4612.00;107
12279;62;625340616;12279;391;13378;13480;5.83;0.36;302.12;13.01;1099;66;4613.00;102
12283;62;625340629;12283;392;13382;13480;5.88;0.36;302.10;13.01;1099;66;4614.00;98
12285;62;625340648;12285;394;13386;13480;5.87;0.36;302.09;13.00;1101;66;4615.00;94
12287;62;625340661;12287;401;13389;13481;5.87;0.36;302.06;13.00;1102;66;4616.00;92
12287;62;625340673;12287;402;13390;13482;5.85;0.36;302.06;13.00;1103;66;4617.00;92
12293;62;625340686;12293;411;13392;13482;5.81;0.36;302.03;13.00;1099;66;4618.00;90
12296;62;625340704;12296;417;13394;13483;5.74;0.35;302.01;13.04;1098;66;4619.00;89
12301;62;625340720;12301;423;13396;13483;5.72;0.35;302.05;13.04;1095;66;4620.00;87
12303;62;625340733;12303;428;13397;13483;5.72;0.35;302.03;13.04;1094;66;4621.00;86
12307;62;625340745;12307;427;13398;13483;5.68;0.35;302.03;13.04;1091;66;4622.00;85
12310;62;625340765;12310;425;13401;13487;5.67;0.35;302.02;13.04;1091;66;4623.00;86
12310;62;625340778;12310;430;13402;13487;5.63;0.35;302.02;13.04;1092;66;4624.00;85
12314;62;625340790;12314;443;13404;13487;5.62;0.34;301.99;13.04;1090;66;4625.00;83
12319;62;625340803;12319;444;13406;13490;5.56;0.34;302.00;13.04;1087;66;4626.00;84
12319;62;625340816;12319;437;13408;13490;5.59;0.34;302.00;13.04;1089;66;4627.00;82
12323;62;625340830;12323;427;13408;13490;5.57;0.34;301.94;13.04;1085;66;4628.00;82
12325;62;625340852;12325;424;13412;13494;5.65;0.35;301.93;13.04;1087;66;4629.00;82
12325;62;625340866;12325;424;13413;13495;5.71;0.35;301.93;13.04;1088;66;4630.00;82
12328;62;625340879;12328;419;13414;13495;5.73;0.35;301.90;13.04;1086;66;4631.00;81
12329;62;625340902;12329;421;13417;13499;5.79;0.35;301.87;13.03;1088;66;4632.00;82
12330;62;625340921;12330;421;13417;13499;5.83;0.36;301.89;13.03;1087;66;4633.00;82
12333;62;625340956;12333;420;13418;13499;5.87;0.36;301.88;13.08;1085;66;4634.00;81
12336;62;625340978;12336;427;13420;13501;5.92;0.36;301.87;13.07;1084;66;4635.00;81
12339;62;625341007;12339;435;13420;13501;5.93;0.36;301.84;13.07;1081;66;4636.00;81
12342;62;625341026;12342;417;13424;13507;5.92;0.36;301.83;13.07;1082;66;4637.00;83
12345;62;625341044;12345;405;13425;13507;5.96;0.36;301.80;13.11;1080;66;4638.00;82
12347;62;625341060;12347;401;13426;13508;6.03;0.37;301.76;13.11;1079;66;4639.00;82
12349;62;625341077;12349;401;13426;13508;6.09;0.37;301.76;13.11;1077;66;4640.00;82
12353;62;625341094;12353;401;13426;13508;6.11;0.37;301.76;13.11;1073;66;4641.00;82
12354;62;625341117;12354;389;13426;13508;6.21;0.38;301.76;13.11;1072;66;4642.00;82
12354;62;625341131;12354;383;13426;13508;6.30;0.38;301.76;13.11;1072;66;4643.00;82
12358;62;625341152;12358;374;13436;13520;6.40;0.39;301.78;13.10;1078;66;4644.00;84
12360;62;625341168;12360;377;13436;13520;6.49;0.39;301.77;13.10;1076;66;4645.00;84
12362;62;625341190;12362;366;13437;13520;6.61;0.40;301.75;13.10;1075;66;4646.00;83
12364;62;625341205;12364;353;13438;13520;6.64;0.40;301.73;13.14;1074;66;4647.00;82
12365;62;625341221;12365;339;13438;13520;6.70;0.41;301.73;13.14;1073;66;4648.00;82
12368;62;625341236;12368;333;13438;13520;6.76;0.41;301.85;13.14;1070;66;4649.00;82
12370;62;625341259;12370;328;13443;13526;6.80;0.41;301.85;13.14;1073;66;4650.00;83
12374;62;625341281;12374;318;13443;13526;6.82;0.42;301.92;13.14;1069;66;4651.00;83
12374;62;625341296;12374;318;13447;13530;6.89;0.42;301.92;13.13;1073;66;4652.00;83
12377;62;625341312;12377;319;13448;13531;6.87;0.42;301.96;13.13;1071;66;4653.00;83
12381;62;625341327;12381;314;13448;13531;6.86;0.42;301.98;13.13;1067;66;4654.00;83
12383;62;625341344;12383;327;13448;13531;6.86;0.42;302.04;13.13;1065;66;4655.00;83
12386;62;625341359;12386;330;13459;13544;6.87;0.42;302.06;13.12;1073;66;4656.00;85
12390;62;625341375;12390;330;13459;13544;6.87;0.42;302.11;13.12;1069;66;4657.00;85
12393;62;625341390;12393;320;13459;13544;6.90;0.42;302.08;13.12;1066;66;4658.00;85
12399;62;625341405;12399;324;13460;13545;6.95;0.42;302.15;13.12;1061;66;4659.00;85
12402;62;625341420;12402;321;13460;13546;6.95;0.42;302.21;13.12;1058;66;4660.00;86
12404;62;625341435;12404;323;13460;13546;6.95;0.42;302.19;13.12;1056;66;4661.00;86
12408;62;625341450;12408;322;13462;13549;6.95;0.42;302.23;13.12;1054;66;4662.00;87
12411;62;625341465;12411;313;13463;13549;6.91;0.42;302.28;13.12;1052;66;4663.00;86
12415;62;625341479;12415;307;13463;13549;6.87;0.42;302.28;13.12;1048;66;4664.00;86
12417;62;625341494;12417;307;13463;13549;6.83;0.42;302.30;13.12;1046;66;4665.00;86
12422;62;625341508;12422;301;13467;13555;6.77;0.41;302.37;13.11;1045;66;4666.00;88
12425;62;625341524;12425;309;13467;13555;6.73;0.41;302.42;13.11;1042;66;4667.00;88
12428;62;625341538;12428;313;13468;13555;6.71;0.41;302.48;13.11;1040;66;4668.00;87
12431;62;625341553;12431;313;13468;13555;6.64;0.40;302.55;13.11;1037;66;4669.00;87
12433;62;625341570;12433;315;13471;13559;6.60;0.40;302.54;13.11;1038;66;4670.00;88
12436;62;625341584;12436;321;13472;13560;6.50;0.40;302.57;13.11;1036;66;4671.00;88
12438;62;625341598;12438;318;13473;13560;6.43;0.39;302.63;13.15;1035;66;4672.00;87
12442;62;625341612;12442;321;13474;13561;6.42;0.39;302.66;13.15;1032;66;4673.00;87
12445;62;625341625;12445;328;13474;13561;6.38;0.39;302.73;13.15;1029;66;4674.00;87
12449;62;625341638;12449;330;13474;13561;6.31;0.38;302.75;13.15;1025;66;4675.00;87
12452;62;625341651;12452;328;13474;13561;6.29;0.38;302.81;13.15;1022;66;4676.00;87
12454;62;625341665;12454;324;13474;13561;6.29;0.38;302.86;13.15;1020;66;4677.00;87
12457;62;625341677;12457;332;13474;13561;6.28;0.38;302.92;13.15;1017;66;4678.00;87
12458;62;625341690;12458;337;13474;13561;6.27;0.38;302.94;13.15;1016;66;4679.00;87
12460;62;625341706;12460;348;13539;13686;6.28;0.39;302.96;13.09;1079;66;4680.00;147
12462;62;625341728;12462;338;13539;13687;6.27;0.38;303.01;13.09;1077;66;4681.00;148
12465;62;625341743;12465;322;13546;13687;6.37;0.39;303.03;13.08;1081;66;4682.00;141
12466;62;625341757;12466;317;13550;13687;6.47;0.40;303.04;13.08;1084;66;4683.00;137
12468;62;625341770;12468;308;13555;13687;6.52;0.40;303.04;13.07;1087;66;4684.00;132
12471;62;625341789;12471;303;13558;13687;6.54;0.40;303.02;13.07;1087;66;4685.00;129
12475;62;625341803;12475;312;13563;13687;6.56;0.40;303.03;13.07;1088;66;4686.00;124
12478;62;625341817;12478;309;13564;13687;6.60;0.41;303.03;13.07;1086;66;4687.00;123
12478;62;625341831;12478;304;13568;13688;6.67;0.41;303.03;13.07;1090;66;4688.00;120
12482;62;625341844;12482;306;13568;13689;6.64;0.41;303.07;13.07;1086;66;4689.00;121
12486;62;625341859;12486;306;13570;13689;6.59;0.40;303.10;13.07;1084;66;4690.00;119
12490;62;625341872;12490;306;13576;13693;6.49;0.40;303.17;13.10;1086;66;4691.00;117
12493;62;625341894;12493;310;13578;13693;6.44;0.39;303.17;13.10;1085;66;4692.00;115
12497;62;625341908;12497;313;13578;13693;6.38;0.39;303.21;13.10;1081;66;4693.00;115
12503;62;625341922;12503;309;13579;13693;6.32;0.39;303.22;13.10;1076;66;4694.00;114
12505;62;625341935;12505;308;13584;13699;6.26;0.38;303.26;13.14;1079;66;4695.00;115
12508;62;625341951;12508;311;13584;13699;6.27;0.38;303.28;13.14;1076;66;4696.00;115
12509;62;625341965;12509;303;13585;13699;6.32;0.39;303.27;13.14;1076;66;4697.00;114
12514;62;625341978;12514;294;13587;13702;6.32;0.39;303.24;13.13;1073;66;4698.00;115
12519;62;625341992;12519;287;13588;13702;6.33;0.39;303.27;13.13;1069;66;4699.00;114
12521;62;625342006;12521;278;13588;13702;6.34;0.39;303.27;13.13;1067;66;4700.00;114
12524;62;625342023;12524;278;13589;13703;6.39;0.39;303.26;13.13;1065;66;4701.00;114
12526;63;625342036;12526;275;13590;13704;6.44;0.39;303.24;13.13;1064;67;4702.00;114
12533;63;625342060;12533;264;13590;13704;6.46;0.39;303.21;13.13;1057;67;4703.00;114
12536;63;625342074;12536;267;13599;13717;6.54;0.40;303.22;13.12;1063;67;4704.00;118
12537;63;625342087;12537;260;13599;13717;6.65;0.41;303.22;13.12;1062;67;4705.00;118
12544;63;625342101;12544;261;13599;13717;6.67;0.41;303.25;13.12;1055;67;4706.00;118
12547;63;625342115;12547;257;13601;13718;6.73;0.41;303.33;13.12;1054;67;4707.00;117
12549;63;625342128;12549;249;13602;13718;6.77;0.41;303.33;13.16;1053;67;4708.00;116
12553;63;625342141;12553;257;13604;13722;6.80;0.41;303.45;13.16;1051;67;4709.00;118
12557;63;625342156;12557;257;13608;13722;6.80;0.41;303.42;13.16;1051;67;4710.00;114
12559;63;625342170;12559;259;13611;13726;6.75;0.41;303.41;13.16;1052;67;4711.00;115
12560;63;625342183;12560;256;13612;13726;6.80;0.41;303.45;13.16;1052;67;4712.00;114
12563;63;625342196;12563;258;13612;13726;6.82;0.41;303.50;13.16;1049;67;4713.00;114
12565;63;625342209;12565;256;13613;13726;6.84;0.41;303.49;13.16;1048;67;4714.00;113
12567;63;625342223;12567;264;13613;13726;6.84;0.41;303.53;13.16;1046;67;4715.00;113
12570;63;625342236;12570;271;13623;13738;6.88;0.42;303.55;13.16;1053;67;4716.00;115
12571;63;625342250;12571;273;13624;13738;6.82;0.41;303.58;13.15;1053;67;4717.00;114
12572;63;625342268;12572;278;13626;13738;6.83;0.42;303.62;13.15;1054;67;4718.00;112
12574;63;625342281;12574;274;13627;13738;6.81;0.42;303.68;13.15;1053;67;4719.00;111
12576;63;625342294;12576;283;13629;13738;6.83;0.42;303.68;13.19;1053;67;4720.00;109
12581;63;625342307;12581;283;13629;13738;6.85;0.42;303.69;13.19;1048;67;4721.00;109
12582;63;625342321;12582;288;13629;13739;6.87;0.42;303.71;13.19;1047;67;4722.00;110
12582;63;625342334;12582;284;13631;13739;6.94;0.42;303.71;13.23;1049;67;4723.00;108
12583;63;625342347;12583;287;13635;13745;7.05;0.43;303.69;13.22;1052;67;4724.00;110
12585;63;625342361;12585;286;13639;13747;7.10;0.43;303.75;13.24;1054;67;4725.00;108
12587;63;625342374;12587;284;13640;13747;7.14;0.43;303.76;13.26;1053;67;4726.00;107
12591;63;625342387;12591;288;13640;13747;7.19;0.44;303.79;13.26;1049;67;4727.00;107
12591;63;625342401;12591;287;13645;13751;7.28;0.44;303.79;13.29;1054;67;4728.00;106
12595;63;625342414;12595;289;13645;13751;7.26;0.44;303.86;13.29;1050;67;4729.00;106
12595;63;625342426;12595;288;13645;13751;7.28;0.44;303.86;13.29;1050;67;4730.00;106
12596;63;625342439;12596;288;13646;13752;7.29;0.44;303.87;13.29;1050;67;4731.00;106
12599;63;625342452;12599;295;13650;13756;7.25;0.44;303.94;13.30;1051;67;4732.00;106
12601;63;625342465;12601;301;13651;13756;7.22;0.44;304.01;13.32;1050;67;4733.00;105
12604;63;625342478;12604;306;13654;13759;7.21;0.44;304.11;13.33;1050;67;4734.00;105
12605;63;625342491;12605;303;13657;13759;7.15;0.44;304.14;13.36;1052;67;4735.00;102
12609;63;625342504;12609;310;13658;13759;7.08;0.43;304.18;13.38;1049;67;4736.00;101
12610;63;625342517;12610;320;13661;13759;7.02;0.43;304.19;13.42;1051;67;4737.00;98
12616;63;625342530;12616;322;13665;13763;7.01;0.43;304.20;13.43;1049;67;4738.00;98
12619;63;625342543;12619;323;13665;13763;6.95;0.43;304.20;13.43;1046;67;4739.00;98
12621;63;625342557;12621;319;13668;13763;6.93;0.42;304.18;13.46;1047;67;4740.00;95
12623;63;625342571;12623;315;13669;13763;6.89;0.42;304.21;13.47;1046;67;4741.00;94
12626;63;625342584;12626;316;13669;13764;6.81;0.42;304.24;13.47;1043;67;4742.00;95
12626;63;625342597;12626;317;13672;13765;6.77;0.41;304.24;13.50;1046;67;4743.00;93
12628;63;625342609;12628;317;13672;13765;6.73;0.41;304.22;13.50;1044;67;4744.00;93
12630;63;625342622;12630;320;13675;13766;6.68;0.41;304.20;13.52;1045;67;4745.00;91
12630;63;625342634;12630;317;13675;13766;6.67;0.41;304.20;13.52;1045;67;4746.00;91
12631;63;625342652;12631;323;13676;13766;6.62;0.41;304.23;13.53;1045;67;4747.00;90
12635;63;625342663;12635;329;13676;13766;6.59;0.40;304.18;13.53;1041;67;4748.00;90
12639;63;625342676;12639;324;13678;13766;6.52;0.40;304.14;13.55;1039;67;4749.00;88
12641;63;625342688;12641;331;13679;13766;6.51;0.40;304.10;13.56;1038;67;4750.00;87
12644;63;625342700;12644;336;13681;13766;6.45;0.39;304.08;13.58;1037;67;4751.00;85
12647;63;625342712;12647;354;13741;13893;6.63;0.41;304.07;13.52;1094;67;4752.00;152
12648;63;625342734;12648;347;13744;13894;6.54;0.40;304.07;13.54;1096;67;4753.00;150
12653;63;625342746;12653;349;13752;13894;6.53;0.40;304.06;13.53;1099;67;4754.00;142
12654;63;625342758;12654;338;13759;13894;6.48;0.40;304.04;13.53;1105;67;4755.00;135
12657;63;625342771;12657;339;13765;13894;6.39;0.39;304.03;13.55;1108;67;4756.00;129
12662;63;625342783;12662;345;13770;13894;6.22;0.39;304.01;13.55;1108;67;4757.00;124
12666;63;625342794;12666;346;13775;13894;6.09;0.38;303.97;13.55;1109;67;4758.00;119
12668;63;625342806;12668;356;13781;13894;6.02;0.37;304.05;13.56;1113;67;4759.00;113
12672;63;625342823;12672;356;13784;13895;5.91;0.37;303.99;13.56;1112;67;4760.00;111
12675;63;625342836;12675;359;13788;13896;5.84;0.36;303.94;13.56;1113;67;4761.00;108
12677;63;625342848;12677;369;13794;13896;5.81;0.36;303.99;13.57;1117;67;4762.00;102
12681;63;625342860;12681;373;13798;13897;5.77;0.36;304.00;13.57;1117;67;4763.00;99
12683;63;625342872;12683;388;13802;13897;5.71;0.36;304.01;13.59;1119;67;4764.00;95
12684;63;625342884;12684;402;13805;13897;5.69;0.35;304.01;13.59;1121;67;4765.00;92
12689;63;625342896;12689;411;13807;13897;5.65;0.35;303.98;13.59;1118;67;4766.00;90
12692;63;625342914;12692;409;13810;13901;5.66;0.35;303.95;13.59;1118;67;4767.00;91
12696;63;625342935;12696;414;13812;13901;5.63;0.35;303.91;13.59;1116;67;4768.00;89
12697;63;625342968;12697;413;13813;13901;5.62;0.35;303.92;13.59;1116;67;4769.00;88
12700;63;625342995;12700;419;13817;13907;5.66;0.35;303.91;13.58;1117;67;4770.00;90
12704;63;625343015;12704;422;13818;13907;5.64;0.35;303.89;13.63;1114;67;4771.00;89
12708;63;625343038;12708;428;13819;13907;5.62;0.34;303.89;13.63;1111;67;4772.00;88
12713;63;625343051;12713;437;13821;13911;5.58;0.34;303.85;13.62;1108;67;4773.00;90
12716;63;625343066;12716;442;13824;13912;5.58;0.34;303.85;13.62;1108;67;4774.00;88
12720;63;625343080;12720;444;13824;13912;5.56;0.34;303.79;13.62;1104;67;4775.00;88
12722;63;625343093;12722;446;13828;13916;5.54;0.34;303.80;13.62;1106;68;4776.00;88
12725;63;625343128;12725;444;13828;13916;5.44;0.33;303.81;13.62;1103;68;4777.00;88
12727;63;625343141;12727;446;13829;13916;5.44;0.34;303.80;13.62;1102;68;4778.00;87
12728;63;625343153;12728;435;13830;13917;5.43;0.34;303.81;13.62;1102;68;4779.00;87
12732;63;625343165;12732;431;13831;13917;5.45;0.34;303.80;13.62;1099;68;4780.00;86
12737;63;625343178;12737;417;13834;13923;5.46;0.34;303.76;13.61;1097;68;4781.00;89
12742;63;625343193;12742;410;13835;13923;5.53;0.34;303.82;13.61;1093;68;4782.00;88
12744;63;625343208;12744;408;13836;13924;5.60;0.34;303.83;13.61;1092;68;4783.00;88
12750;64;625343223;12750;408;13836;13924;5.63;0.34;303.76;13.61;1086;69;4784.00;88
12752;64;625343251;12752;411;13836;13924;5.64;0.35;303.75;13.61;1084;69;4785.00;88
12755;65;625343266;12755;410;13836;13924;5.69;0.35;303.74;13.61;1081;70;4786.00;88
12758;65;625343294;12758;404;13836;13924;5.77;0.35;303.76;13.61;1078;70;4787.00;88
12763;65;625343308;12763;411;13846;13936;5.90;0.36;303.70;13.60;1083;70;4788.00;90
12767;65;625343323;12767;416;13846;13936;5.92;0.36;303.68;13.60;1079;70;4789.00;90
12769;65;625343337;12769;421;13847;13936;5.93;0.36;303.68;13.60;1078;70;4790.00;89
12771;65;625343352;12771;426;13847;13936;5.96;0.36;303.71;13.60;1076;70;4791.00;89
12771;65;625343366;12771;425;13847;13936;6.01;0.37;303.71;13.60;1076;70;4792.00;89
12773;65;625343386;12773;427;13847;13936;6.07;0.37;303.68;13.60;1074;70;4793.00;89
12777;65;625343401;12777;438;13850;13940;6.12;0.37;303.68;13.60;1073;70;4794.00;90
12778;65;625343415;12778;438;13850;13940;6.12;0.37;303.67;13.60;1072;70;4795.00;90
12782;65;625343429;12782;442;13853;13944;6.09;0.37;303.66;13.60;1071;70;4796.00;91
12783;65;625343445;12783;438;13854;13945;6.09;0.37;303.65;13.60;1071;70;4797.00;91
12788;65;625343458;12788;445;13855;13945;6.02;0.37;303.72;13.59;1067;70;4798.00;90
12790;65;625343474;12790;447;13855;13945;5.94;0.36;303.73;13.59;1065;70;4799.00;90
12794;65;625343490;12794;459;13877;13986;5.94;0.36;303.83;13.57;1083;70;4800.00;109
12797;65;625343512;12797;447;13878;13986;5.91;0.36;303.80;13.62;1081;70;4801.00;108
12798;65;625343526;12798;449;13881;13986;5.92;0.36;303.79;13.61;1083;70;4802.00;105
12800;65;625343539;12800;452;13883;13987;5.94;0.36;303.81;13.61;1083;70;4803.00;104
12801;65;625343552;12801;459;13883;13988;5.93;0.36;303.82;13.61;1082;70;4804.00;105
12804;65;625343569;12804;459;13884;13988;5.89;0.36;303.83;13.61;1080;70;4805.00;104
12810;65;625343582;12810;465;13887;13991;5.82;0.36;303.83;13.61;1077;70;4806.00;104
12815;65;625343597;12815;458;13888;13991;5.78;0.35;303.92;13.61;1073;70;4807.00;103
12816;65;625343612;12816;451;13890;13991;5.78;0.35;303.95;13.61;1074;70;4808.00;101
12822;65;625343625;12822;443;13890;13991;5.74;0.35;303.96;13.61;1068;70;4809.00;101
12825;65;625343640;12825;433;13895;13997;5.78;0.35;304.00;13.60;1070;70;4810.00;102
12826;65;625343655;12826;430;13896;13997;5.83;0.36;304.00;13.60;1070;70;4811.00;101
12831;65;625343669;12831;431;13896;13997;5.80;0.35;304.09;13.60;1065;70;4812.00;101
12834;66;625343683;12834;434;13897;13997;5.83;0.36;304.19;13.60;1063;71;4813.00;100
12835;66;625343717;12835;430;13900;14001;5.95;0.36;304.23;13.60;1065;71;4814.00;101
12839;66;625343736;12839;437;13902;14003;6.00;0.37;304.28;13.60;1063;71;4815.00;101
12841;66;625343751;12841;427;13903;14003;6.06;0.37;304.30;13.60;1062;71;4816.00;100
12843;66;625343766;12843;419;13904;14004;6.13;0.37;304.30;13.60;1061;71;4817.00;100
12848;66;625343781;12848;407;13904;14004;6.21;0.38;304.33;13.60;1056;71;4818.00;100
12850;66;625343796;12850;402;13904;14004;6.30;0.38;304.31;13.60;1054;71;4819.00;100
12852;66;625343811;12852;395;13904;14004;6.37;0.39;304.32;13.60;1052;71;4820.00;100
12856;66;625343825;12856;387;13905;14004;6.38;0.39;304.34;13.60;1049;71;4821.00;99
12857;66;625343841;12857;375;13905;14004;6.40;0.39;304.32;13.60;1048;71;4822.00;99
12861;66;625343856;12861;372;13905;14004;6.39;0.39;304.48;13.60;1044;71;4823.00;99
12862;66;625343870;12862;382;13948;14074;6.38;0.39;304.50;13.56;1086;71;4824.00;126
12867;66;625343892;12867;379;13948;14075;6.41;0.39;304.56;13.56;1081;71;4825.00;127
12869;66;625343908;12869;369;13952;14075;6.46;0.39;304.58;13.55;1083;71;4826.00;123
12872;66;625343922;12872;361;13953;14075;6.43;0.39;304.62;13.55;1081;71;4827.00;122
12874;66;625343938;12874;358;13957;14077;6.53;0.40;304.62;13.55;1083;71;4828.00;120
12875;66;625343954;12875;356;13958;14077;6.53;0.40;304.61;13.55;1083;71;4829.00;119
12878;66;625343970;12878;355;13962;14077;6.60;0.40;304.61;13.55;1084;71;4830.00;115
12881;66;625343984;12881;357;13964;14077;6.61;0.40;304.65;13.55;1083;71;4831.00;113
12884;66;625343998;12884;349;13969;14078;6.60;0.40;304.63;13.55;1085;71;4832.00;109
12886;66;625344011;12886;347;13973;14079;6.59;0.40;304.68;13.59;1087;71;4833.00;106
12889;66;625344025;12889;347;13976;14079;6.60;0.40;304.72;13.59;1087;71;4834.00;103
12891;66;625344039;12891;348;13979;14083;6.61;0.40;304.71;13.58;1088;71;4835.00;104
12893;66;625344053;12893;351;13980;14083;6.59;0.40;304.77;13.58;1087;71;4836.00;103
12897;66;625344067;12897;344;13980;14083;6.61;0.40;304.82;13.58;1083;71;4837.00;103
12901;66;625344080;12901;351;13981;14083;6.57;0.40;304.87;13.58;1080;71;4838.00;102
12903;66;625344094;12903;343;13986;14089;6.62;0.40;304.90;13.58;1083;71;4839.00;103
12904;66;625344108;12904;343;13986;14089;6.64;0.40;304.89;13.58;1082;71;4840.00;103
12908;66;625344121;12908;340;13986;14089;6.65;0.40;304.85;13.58;1078;71;4841.00;103
12909;66;625344135;12909;349;13989;14092;6.69;0.41;304.85;13.57;1080;71;4842.00;103
12910;66;625344148;12910;351;13989;14092;6.64;0.40;304.86;13.57;1079;71;4843.00;103
12910;66;625344162;12910;348;13989;14092;6.58;0.40;304.86;13.57;1079;71;4844.00;103
12910;66;625344175;12910;352;13989;14093;6.52;0.40;304.86;13.57;1079;71;4845.00;104
12914;66;625344188;12914;354;13990;14094;6.48;0.39;304.84;13.57;1076;71;4846.00;104
12918;66;625344201;12918;364;13990;14094;6.41;0.39;304.89;13.57;1072;71;4847.00;104
12918;66;625344214;12918;361;13999;14107;6.44;0.39;304.89;13.56;1081;71;4848.00;108
12920;66;625344227;12920;365;14000;14107;6.45;0.39;304.89;13.56;1080;71;4849.00;107
12921;66;625344245;12921;358;14000;14107;6.44;0.39;304.93;13.56;1079;71;4850.00;107
12923;66;625344259;12923;350;14001;14108;6.42;0.39;304.93;13.56;1078;71;4851.00;107
12923;66;625344272;12923;354;14001;14108;6.46;0.39;304.93;13.56;1078;71;4852.00;107
12926;66;625344284;12926;341;14005;14112;6.52;0.40;304.94;13.61;1079;71;4853.00;107
12929;66;625344298;12929;331;14005;14112;6.52;0.40;304.96;13.61;1076;71;4854.00;107
12933;66;625344311;12933;325;14010;14116;6.51;0.40;304.94;13.64;1077;71;4855.00;106
12937;66;625344324;12937;321;14010;14116;6.53;0.40;305.00;13.64;1073;71;4856.00;106
12941;66;625344337;12941;316;14010;14116;6.49;0.40;305.05;13.64;1069;71;4857.00;106
12944;66;625344350;12944;308;14010;14116;6.53;0.40;305.08;13.64;1066;71;4858.00;106
12945;66;625344363;12945;299;14011;14116;6.52;0.40;305.15;13.68;1066;71;4859.00;105
12951;66;625344377;12951;296;14030;14150;6.51;0.40;305.21;13.66;1079;71;4860.00;120
12955;66;625344392;12955;298;14031;14150;6.49;0.40;305.26;13.66;1076;71;4861.00;119
12958;66;625344404;12958;279;14033;14150;6.47;0.40;305.30;13.66;1075;71;4862.00;117
12963;66;625344417;12963;271;14033;14150;6.42;0.39;305.47;13.66;1070;71;4863.00;117
12965;66;625344429;12965;277;14034;14150;6.41;0.39;305.46;13.66;1069;71;4864.00;116
12969;66;625344448;12969;277;14035;14150;6.38;0.39;305.50;13.69;1066;71;4865.00;115
12971;66;625344485;12971;264;14037;14151;6.44;0.39;305.53;13.71;1066;71;4866.00;114
12976;66;625344499;12976;265;14037;14151;6.43;0.39;305.57;13.71;1061;71;4867.00;114
12981;66;625344512;12981;257;14041;14157;6.50;0.39;305.60;13.71;1060;71;4868.00;116
12985;66;625344526;12985;255;14043;14158;6.48;0.39;305.65;13.71;1058;71;4869.00;115
12987;66;625344539;12987;255;14043;14158;6.41;0.39;305.67;13.71;1056;71;4870.00;115
12990;66;625344551;12990;255;14043;14158;6.37;0.38;305.67;13.71;1053;71;4871.00;115
12992;66;625344564;12992;258;14045;14162;6.39;0.39;305.67;13.70;1053;71;4872.00;117
12994;66;625344577;12994;252;14047;14162;6.45;0.39;305.73;13.70;1053;71;4873.00;115
12998;66;625344590;12998;248;14047;14162;6.47;0.39;305.77;13.70;1049;71;4874.00;115
13000;66;625344602;13000;251;14048;14163;6.51;0.39;305.75;13.70;1048;71;4875.00;115
13002;66;625344615;13002;256;14052;14167;6.57;0.40;305.76;13.71;1050;71;4876.00;115
13005;66;625344628;13005;251;14053;14167;6.58;0.40;305.78;13.71;1048;71;4877.00;114
13007;66;625344641;13007;261;14055;14170;6.60;0.40;305.77;13.71;1048;71;4878.00;115
13011;66;625344655;13011;247;14056;14170;6.59;0.40;305.81;13.71;1045;71;4879.00;114
13013;66;625344668;13013;252;14057;14170;6.64;0.40;305.86;13.71;1044;71;4880.00;113
13015;66;625344680;13015;251;14057;14170;6.68;0.40;305.89;13.71;1042;71;4881.00;113
13016;66;625344693;13016;251;14061;14174;6.71;0.41;305.89;13.71;1045;71;4882.00;113
13021;66;625344713;13021;258;14061;14174;6.66;0.40;305.85;13.71;1040;71;4883.00;113
13022;66;625344726;13022;257;14063;14174;6.64;0.40;305.85;13.71;1041;71;4884.00;111
13025;66;625344739;13025;254;14063;14174;6.63;0.40;305.89;13.71;1038;71;4885.00;111
13029;66;625344752;13029;263;14064;14175;6.57;0.40;305.95;13.71;1035;71;4886.00;111
13030;66;625344765;13030;256;14066;14176;6.54;0.40;305.96;13.72;1036;71;4887.00;110
13033;66;625344778;13033;258;14066;14176;6.48;0.39;306.01;13.72;1033;71;4888.00;110
13034;66;625344791;13034;271;14068;14177;6.46;0.39;305.99;13.73;1034;71;4889.00;109
13036;66;625344806;13036;277;14069;14177;6.48;0.39;306.05;13.75;1033;71;4890.00;108
13038;66;625344819;13038;281;14069;14177;6.47;0.39;306.04;13.75;1031;71;4891.00;108
13039;66;625344832;13039;284;14070;14177;6.48;0.39;306.04;13.76;1031;71;4892.00;107
13040;66;625344845;13040;287;14071;14177;6.47;0.39;306.04;13.78;1031;71;4893.00;106
13042;66;625344857;13042;291;14071;14177;6.49;0.39;306.06;13.78;1029;71;4894.00;106
13043;66;625344870;13043;295;14073;14177;6.47;0.39;306.06;13.81;1030;71;4895.00;104
13044;66;625344882;13044;317;14135;14304;6.73;0.41;306.05;13.75;1091;71;4896.00;169
13046;66;625344907;13046;314;14138;14305;6.66;0.41;306.02;13.78;1092;71;4897.00;167
13047;66;625344928;13047;308;14147;14305;6.71;0.41;306.01;13.77;1100;71;4898.00;158
13049;66;625344946;13049;313;14153;14305;6.69;0.41;305.98;13.78;1104;71;4899.00;152
13051;66;625344969;13051;320;14162;14305;6.66;0.41;305.96;13.78;1111;71;4900.00;143
13054;66;625344994;13054;321;14168;14305;6.63;0.41;305.91;13.80;1114;71;4901.00;137
13055;66;625345016;13055;321;14175;14305;6.62;0.41;305.90;13.80;1120;71;4902.00;130
13056;66;625345032;13056;325;14178;14305;6.65;0.41;305.88;13.82;1122;71;4903.00;127
13059;66;625345047;13059;325;14181;14306;6.63;0.41;305.83;13.82;1122;71;4904.00;125
13060;66;625345069;13060;325;14186;14308;6.61;0.41;305.81;13.83;1126;71;4905.00;122
13061;66;625345084;13061;335;14191;14308;6.57;0.40;305.79;13.86;1130;71;4906.00;117
13063;66;625345099;13063;334;14195;14309;6.51;0.40;305.76;13.86;1132;71;4907.00;114
13068;66;625345113;13068;346;14198;14309;6.38;0.39;305.71;13.88;1130;71;4908.00;111
13070;66;625345128;13070;348;14199;14309;6.27;0.38;305.79;13.88;1129;71;4909.00;110
13070;66;625345142;13070;359;14201;14309;6.19;0.38;305.79;13.88;1131;71;4910.00;108
13071;66;625345155;13071;358;14206;14313;6.10;0.37;305.77;13.90;1135;71;4911.00;107
13073;66;625345170;13073;361;14209;14313;5.97;0.37;305.75;13.91;1136;71;4912.00;104
13075;66;625345183;13075;366;14210;14313;5.87;0.36;305.73;13.93;1135;71;4913.00;103
13075;66;625345197;13075;370;14214;14316;5.80;0.35;305.73;13.93;1139;71;4914.00;102
13077;66;625345212;13077;382;14216;14316;5.72;0.35;305.75;13.95;1139;71;4915.00;100
13077;66;625345225;13077;393;14219;14316;5.67;0.35;305.75;13.95;1142;71;4916.00;97
13079;66;625345238;13079;400;14223;14320;5.60;0.34;305.72;13.96;1144;71;4917.00;97
13080;66;625345252;13080;408;14225;14321;5.58;0.34;305.71;13.96;1145;71;4918.00;96
13081;66;625345266;13081;417;14228;14321;5.53;0.34;305.69;13.96;1147;71;4919.00;93
13084;66;625345281;13084;426;14233;14326;5.49;0.34;305.64;13.98;1149;71;4920.00;93
13086;66;625345295;13086;428;14234;14326;5.40;0.33;305.64;13.98;1148;71;4921.00;92
13089;66;625345307;13089;437;14235;14326;5.25;0.32;305.66;13.99;1146;71;4922.00;91
13091;66;625345320;13091;448;14237;14327;5.15;0.32;305.63;13.99;1146;71;4923.00;90
13093;66;625345332;13093;452;14238;14327;5.05;0.31;305.63;14.01;1145;71;4924.00;89
13097;66;625345345;13097;449;14243;14333;4.98;0.31;305.58;14.00;1146;71;4925.00;90
13102;66;625345359;13102;453;14243;14333;4.86;0.30;305.63;14.00;1141;71;4926.00;90
13105;66;625345372;13105;461;14245;14334;4.79;0.29;305.64;14.02;1140;71;4927.00;89
13110;66;625345384;13110;462;14245;14334;4.66;0.28;305.56;14.02;1135;71;4928.00;89
13113;66;625345396;13113;478;14245;14334;4.51;0.28;305.52;14.02;1132;71;4929.00;89
13116;66;625345407;13116;466;14246;14334;4.45;0.27;305.51;14.04;1130;71;4930.00;88
13117;66;625345419;13117;453;14246;14334;4.42;0.27;305.51;14.04;1129;71;4931.00;88
13121;66;625345432;13121;448;14258;14346;4.49;0.27;305.50;14.06;1137;71;4932.00;88
13122;66;625345446;13122;448;14259;14346;4.53;0.28;305.52;14.07;1137;71;4933.00;87
13124;66;625345465;13124;447;14260;14346;4.63;0.28;305.52;14.07;1136;71;4934.00;86
13127;66;625345479;13127;440;14260;14346;4.71;0.29;305.55;14.07;1133;71;4935.00;86
13128;66;625345492;13128;441;14260;14346;4.73;0.29;305.56;14.07;1132;71;4936.00;86
13130;66;625345505;13130;433;14260;14346;4.81;0.29;305.55;14.07;1130;71;4937.00;86
13133;66;625345518;13133;419;14263;14350;4.90;0.30;305.56;14.07;1130;71;4938.00;87
13135;67;625345530;13135;414;14263;14350;5.00;0.31;305.55;14.07;1128;72;4939.00;87
13136;67;625345555;13136;411;14266;14354;5.13;0.31;305.56;14.06;1130;72;4940.00;88
13139;67;625345569;13139;417;14267;14355;5.18;0.32;305.55;14.06;1128;72;4941.00;88
13140;67;625345583;13140;412;14268;14355;5.23;0.32;305.55;14.06;1128;72;4942.00;87
13143;67;625345603;13143;415;14268;14355;5.24;0.32;305.54;14.06;1125;72;4943.00;87
13146;67;625345624;13146;414;14279;14368;5.37;0.33;305.53;14.05;1133;72;4944.00;89
13148;67;625345638;13148;416;14279;14368;5.42;0.33;305.49;14.05;1131;72;4945.00;89
13151;67;625345652;13151;421;14279;14368;5.48;0.34;305.50;14.05;1128;72;4946.00;89
13155;67;625345665;13155;423;14280;14369;5.53;0.34;305.46;14.05;1125;72;4947.00;89
13156;67;625345679;13156;416;14280;14370;5.55;0.34;305.46;14.05;1124;72;4948.00;90
13158;67;625345699;13158;417;14280;14370;5.52;0.34;305.46;14.05;1122;72;4949.00;90
13159;67;625345715;13159;413;14284;14379;5.59;0.34;305.45;14.05;1125;72;4950.00;95
13163;67;625345729;13163;408;14285;14379;5.61;0.34;305.42;14.05;1122;72;4951.00;94
13167;67;625345744;13167;409;14286;14379;5.67;0.35;305.40;14.04;1119;72;4952.00;93
13171;67;625345757;13171;407;14286;14379;5.73;0.35;305.37;14.04;1115;72;4953.00;93
13175;67;625345772;13175;403;14290;14385;5.85;0.36;305.37;14.04;1115;72;4954.00;95
13182;67;625345786;13182;400;14290;14385;5.89;0.36;305.29;14.04;1108;72;4955.00;95
13184;67;625345801;13184;403;14291;14385;5.95;0.36;305.32;14.04;1107;72;4956.00;94
13187;67;625345815;13187;392;14291;14385;5.98;0.36;305.37;14.04;1104;72;4957.00;94
13189;67;625345834;13189;397;14295;14389;6.04;0.37;305.35;14.04;1106;72;4958.00;94
13194;67;625345848;13194;392;14297;14390;6.10;0.37;305.35;14.04;1103;72;4959.00;93
13197;67;625345864;13197;392;14298;14390;6.18;0.38;305.41;14.04;1101;72;4960.00;92
13202;67;625345878;13202;396;14299;14391;6.18;0.38;305.45;14.03;1097;72;4961.00;92
13203;67;625345902;13203;394;14299;14391;6.21;0.38;305.46;14.03;1096;72;4962.00;92
13207;67;625345924;13207;395;14299;14391;6.26;0.38;305.52;14.03;1092;72;4963.00;92
13213;67;625345940;13213;394;14299;14391;6.23;0.38;305.55;14.03;1086;72;4964.00;92
13217;67;625345955;13217;395;14299;14391;6.23;0.38;305.57;14.03;1082;72;4965.00;92
13222;67;625345969;13222;390;14299;14391;6.21;0.38;305.67;14.03;1077;72;4966.00;92
13230;67;625345982;13230;396;14299;14391;6.17;0.38;305.72;14.03;1069;72;4967.00;92
13233;67;625345995;13233;410;14342;14461;6.28;0.38;305.77;13.99;1109;72;4968.00;119
13236;67;625346014;13236;405;14345;14462;6.36;0.39;305.78;14.04;1109;72;4969.00;117
13242;67;625346029;13242;399;14347;14462;6.37;0.39;305.87;14.03;1105;72;4970.00;115
13245;67;625346042;13245;399;14349;14462;6.44;0.39;305.88;14.03;1104;72;4971.00;113
13249;67;625346056;13249;404;14352;14462;6.48;0.40;305.95;14.03;1103;72;4972.00;110
13249;67;625346069;13249;407;14353;14462;6.49;0.40;305.95;14.03;1104;72;4973.00;109
13256;67;625346083;13256;406;14359;14462;6.44;0.39;305.99;14.03;1103;72;4974.00;103
13258;67;625346097;13258;410;14359;14462;6.38;0.39;306.01;14.03;1101;72;4975.00;103
13262;67;625346110;13262;417;14363;14463;6.31;0.38;306.05;14.02;1101;72;4976.00;100
13264;67;625346123;13264;405;14367;14464;6.29;0.38;306.05;14.02;1103;72;4977.00;97
13269;67;625346138;13269;405;14368;14464;6.22;0.38;306.10;14.02;1099;72;4978.00;96
13271;67;625346151;13271;402;14371;14468;6.22;0.38;306.10;14.02;1100;72;4979.00;97
13272;67;625346167;13272;408;14371;14468;6.27;0.38;306.15;14.02;1099;72;4980.00;97
13275;67;625346181;13275;405;14371;14468;6.28;0.38;306.16;14.02;1096;72;4981.00;97
13277;67;625346195;13277;407;14371;14468;6.35;0.39;306.15;14.02;1094;72;4982.00;97
13281;67;625346209;13281;413;14376;14474;6.38;0.39;306.23;14.06;1095;72;4983.00;98
13284;67;625346224;13284;417;14376;14474;6.34;0.39;306.32;14.06;1092;72;4984.00;98
13285;67;625346243;13285;418;14377;14474;6.39;0.39;306.32;14.06;1092;72;4985.00;97
13290;67;625346263;13290;411;14379;14477;6.40;0.39;306.36;14.06;1089;72;4986.00;98
13293;67;625346278;13293;406;14381;14477;6.43;0.39;306.36;14.10;1088;72;4987.00;96
13295;67;625346292;13295;391;14381;14477;6.48;0.39;306.37;14.10;1086;72;4988.00;96
13298;67;625346307;13298;387;14381;14478;6.55;0.40;306.34;14.10;1083;72;4989.00;97
13299;67;625346321;13299;383;14382;14479;6.60;0.40;306.37;14.10;1083;72;4990.00;97
13302;67;625346335;13302;381;14382;14479;6.54;0.40;306.40;14.10;1080;72;4991.00;97
13303;67;625346350;13303;377;14393;14492;6.58;0.40;306.44;14.09;1090;72;4992.00;99
13304;67;625346364;13304;374;14393;14492;6.52;0.40;306.47;14.09;1089;72;4993.00;99
13309;67;625346378;13309;376;14394;14492;6.41;0.39;306.45;14.14;1085;72;4994.00;98
13310;67;625346393;13310;378;14396;14494;6.42;0.39;306.44;14.13;1086;72;4995.00;98
13313;67;625346413;13313;388;14396;14494;6.44;0.39;306.48;14.13;1083;72;4996.00;98
13315;67;625346432;13315;375;14399;14498;6.51;0.40;306.49;14.13;1084;72;4997.00;99
13320;67;625346447;13320;378;14399;14498;6.45;0.39;306.49;14.13;1079;72;4998.00;99
13323;67;625346461;13323;371;14403;14502;6.43;0.39;306.60;14.13;1080;72;4999.00;99
13325;67;625346477;13325;363;14403;14502;6.43;0.39;306.60;14.13;1078;72;5000.00;99
13326;67;625346495;13326;356;14403;14502;6.42;0.39;306.59;14.13;1077;72;5001.00;99
13327;67;625346508;13327;351;14403;14502;6.44;0.39;306.66;14.13;1076;72;5002.00;99
13333;67;625346522;13333;344;14403;14502;6.39;0.39;306.63;14.13;1070;72;5003.00;99
13336;67;625346535;13336;341;14412;14514;6.40;0.39;306.67;14.12;1076;72;5004.00;102
13339;67;625346549;13339;343;14412;14514;6.40;0.39;306.74;14.12;1073;72;5005.00;102
13342;67;625346563;13342;335;14414;14514;6.42;0.39;306.79;14.12;1072;72;5006.00;100
13342;67;625346576;13342;335;14414;14514;6.42;0.39;306.79;14.12;1072;72;5007.00;100
13346;67;625346589;13346;333;14414;14514;6.37;0.39;306.87;14.12;1068;72;5008.00;100
13347;67;625346602;13347;326;14414;14514;6.38;0.39;306.86;14.12;1067;72;5009.00;100
13347;67;625346617;13347;332;14414;14515;6.35;0.39;306.86;14.12;1067;72;5010.00;101
13348;67;625346630;13348;332;14414;14515;6.36;0.39;306.84;14.12;1066;72;5011.00;101
13351;67;625346644;13351;343;14418;14521;6.33;0.38;306.87;14.11;1067;72;5012.00;103
13353;67;625346657;13353;341;14419;14522;6.29;0.38;306.90;14.11;1066;72;5013.00;103
13354;67;625346670;13354;338;14420;14522;6.29;0.38;306.92;14.11;1066;72;5014.00;102
13356;67;625346682;13356;339;14420;14522;6.28;0.38;306.98;14.11;1064;72;5015.00;102
13356;67;625346695;13356;336;14423;14526;6.31;0.38;306.98;14.11;1067;72;5016.00;103
13357;67;625346709;13357;333;14423;14526;6.30;0.38;306.97;14.11;1066;72;5017.00;103
13359;67;625346722;13359;332;14423;14526;6.27;0.38;307.05;14.11;1064;72;5018.00;103
13360;67;625346734;13360;337;14424;14527;6.25;0.38;307.04;14.11;1064;72;5019.00;103
13363;67;625346747;13363;335;14427;14531;6.26;0.38;307.01;14.11;1064;72;5020.00;104
13366;67;625346760;13366;326;14427;14531;6.16;0.38;307.03;14.11;1061;72;5021.00;104
13370;67;625346773;13370;325;14430;14534;6.11;0.37;307.13;14.15;1060;72;5022.00;104
13372;67;625346786;13372;317;14430;14534;6.09;0.37;307.11;14.15;1058;72;5023.00;104
13373;67;625346798;13373;318;14431;14534;6.04;0.37;307.12;14.15;1058;72;5024.00;103
13375;67;625346811;13375;316;14431;14534;5.97;0.36;307.10;14.15;1056;72;5025.00;103
13378;67;625346823;13378;304;14434;14538;5.92;0.36;307.19;14.15;1056;72;5026.00;104
13382;67;625346836;13382;294;14434;14538;5.89;0.36;307.21;14.15;1052;72;5027.00;104
13385;67;625346848;13385;289;14436;14538;5.87;0.36;307.23;14.19;1051;72;5028.00;102
13387;67;625346861;13387;288;14436;14538;5.83;0.35;307.23;14.19;1049;72;5029.00;102
13390;67;625346873;13390;281;14436;14539;5.81;0.35;307.30;14.19;1046;72;5030.00;103
13391;67;625346885;13391;284;14437;14540;5.83;0.35;307.37;14.19;1046;72;5031.00;103
13394;67;625346896;13394;274;14437;14540;5.71;0.35;307.39;14.19;1043;72;5032.00;103
13397;67;625346912;13397;274;14438;14541;5.65;0.34;307.41;14.19;1041;72;5033.00;103
13400;67;625346933;13400;264;14438;14541;5.58;0.34;307.42;14.19;1038;72;5034.00;103
13406;67;625346951;13406;260;14439;14541;5.53;0.34;307.43;14.21;1033;72;5035.00;102
13410;67;625346973;13410;262;14439;14541;5.51;0.34;307.50;14.21;1029;72;5036.00;102
13414;67;625346989;13414;254;14440;14541;5.47;0.33;307.50;14.26;1026;72;5037.00;101
13419;67;625347007;13419;255;14440;14541;5.43;0.33;307.52;14.26;1021;72;5038.00;101
13423;67;625347025;13423;252;14440;14541;5.43;0.33;307.53;14.26;1017;72;5039.00;101
13426;67;625347041;13426;281;14542;14771;5.72;0.36;307.55;14.21;1116;72;5040.00;229
13428;67;625347075;13428;271;14544;14772;5.72;0.36;307.59;14.21;1116;72;5041.00;228
13432;67;625347089;13432;266;14552;14772;5.80;0.36;307.66;14.20;1120;72;5042.00;220
13434;67;625347112;13434;269;14559;14772;5.88;0.37;307.65;14.20;1125;72;5043.00;213
13439;67;625347127;13439;273;14568;14772;5.87;0.37;307.67;14.24;1129;72;5044.00;204
13440;67;625347141;13440;263;14574;14772;5.92;0.37;307.65;14.24;1134;72;5045.00;198
13441;67;625347154;13441;256;14579;14772;6.00;0.37;307.70;14.23;1138;72;5046.00;193
13442;67;625347169;13442;256;14586;14772;6.09;0.38;307.69;14.23;1144;72;5047.00;186
13445;67;625347183;13445;250;14589;14773;6.14;0.38;307.68;14.23;1144;72;5048.00;184
13447;67;625347199;13447;253;14593;14774;6.17;0.38;307.64;14.23;1146;72;5049.00;181
13448;67;625347213;13448;253;14596;14774;6.22;0.39;307.66;14.23;1148;72;5050.00;178
13450;67;625347227;13450;257;14599;14775;6.22;0.39;307.65;14.23;1149;72;5051.00;176
13453;67;625347241;13453;261;14606;14775;6.19;0.38;307.61;14.23;1153;72;5052.00;169
13454;67;625347256;13454;262;14608;14775;6.20;0.38;307.60;14.23;1154;72;5053.00;167
13456;67;625347270;13456;267;14610;14775;6.19;0.38;307.57;14.23;1154;72;5054.00;165
13458;67;625347285;13458;275;14616;14779;6.12;0.38;307.56;14.23;1158;72;5055.00;163
13459;67;625347301;13459;280;14618;14779;6.06;0.37;307.55;14.23;1159;72;5056.00;161
13462;67;625347317;13462;280;14621;14779;5.98;0.37;307.52;14.23;1159;72;5057.00;158
13464;67;625347334;13464;285;14624;14782;5.94;0.36;307.49;14.23;1160;72;5058.00;158
13464;67;625347351;13464;289;14628;14782;5.95;0.37;307.49;14.24;1164;72;5059.00;154
13466;67;625347367;13466;296;14633;14782;5.93;0.36;307.48;14.26;1167;72;5060.00;149
13466;67;625347384;13466;295;14637;14786;5.97;0.37;307.48;14.26;1171;72;5061.00;149
13468;67;625347406;13468;307;14641;14787;5.97;0.37;307.44;14.26;1173;72;5062.00;146
13468;67;625347420;13468;319;14644;14787;5.95;0.36;307.44;14.29;1176;72;5063.00;143
13470;67;625347434;13470;328;14648;14791;5.94;0.36;307.43;14.29;1178;72;5064.00;143
13473;67;625347450;13473;337;14651;14791;5.88;0.36;307.51;14.31;1178;72;5065.00;140
13474;67;625347465;13474;336;14653;14791;5.80;0.36;307.51;14.32;1179;72;5066.00;138
13476;67;625347481;13476;352;14657;14792;5.78;0.35;307.50;14.34;1181;72;5067.00;135
13479;67;625347496;13479;358;14659;14792;5.73;0.35;307.45;14.34;1180;72;5068.00;133
13482;67;625347511;13482;366;14666;14798;5.69;0.35;307.45;14.36;1184;72;5069.00;132
13483;67;625347527;13483;373;14666;14798;5.62;0.34;307.44;14.36;1183;72;5070.00;132
13483;67;625347542;13483;374;14670;14799;5.60;0.34;307.44;14.41;1187;72;5071.00;129
13487;67;625347557;13487;383;14671;14799;5.53;0.34;307.39;14.41;1184;72;5072.00;128
13489;67;625347578;13489;395;14674;14799;5.48;0.33;307.39;14.45;1185;72;5073.00;125
13490;67;625347593;13490;403;14675;14799;5.42;0.33;307.37;14.45;1185;72;5074.00;124
13491;67;625347606;13491;415;14677;14799;5.35;0.33;307.37;14.45;1186;72;5075.00;122
13493;67;625347620;13493;422;14690;14811;5.33;0.32;307.34;14.48;1197;72;5076.00;121
13493;67;625347634;13493;431;14692;14811;5.25;0.32;307.34;14.48;1199;72;5077.00;119
13494;67;625347648;13494;432;14695;14811;5.18;0.32;307.35;14.52;1201;72;5078.00;116
13495;67;625347663;13495;440;14697;14811;5.10;0.31;307.33;14.53;1202;72;5079.00;114
13496;67;625347684;13496;447;14699;14811;5.11;0.31;307.31;14.54;1203;72;5080.00;112
13496;67;625347698;13496;442;14701;14811;5.12;0.31;307.31;14.58;1205;72;5081.00;110
13499;67;625347718;13499;448;14704;14815;5.11;0.31;307.28;14.58;1205;72;5082.00;111
13501;67;625347732;13501;437;14704;14815;5.10;0.31;307.27;14.58;1203;72;5083.00;111
13501;67;625347747;13501;428;14709;14819;5.16;0.32;307.27;14.61;1208;72;5084.00;110
13502;67;625347762;13502;428;14711;14821;5.21;0.32;307.26;14.61;1209;72;5085.00;110
13505;67;625347776;13505;426;14714;14821;5.24;0.32;307.21;14.64;1209;72;5086.00;107
13506;67;625347790;13506;424;14715;14821;5.31;0.32;307.20;14.66;1209;72;5087.00;106
13506;67;625347804;13506;424;14726;14834;5.43;0.33;307.20;14.67;1220;72;5088.00;108
13508;67;625347821;13508;420;14727;14834;5.49;0.33;307.28;14.66;1219;72;5089.00;107
13509;67;625347836;13509;418;14727;14834;5.54;0.34;307.28;14.66;1218;72;5090.00;107
13511;67;625347850;13511;410;14728;14835;5.57;0.34;307.32;14.66;1217;72;5091.00;107
13513;67;625347864;13513;419;14728;14836;5.54;0.34;307.34;14.66;1215;72;5092.00;108
13517;67;625347878;13517;420;14728;14836;5.48;0.33;307.31;14.66;1211;72;5093.00;108
13519;67;625347900;13519;419;14734;14839;5.46;0.33;307.28;14.72;1215;72;5094.00;105
13521;67;625347915;13521;421;14735;14839;5.41;0.33;307.29;14.74;1214;72;5095.00;104
13525;67;625347937;13525;424;14737;14839;5.38;0.33;307.30;14.75;1212;72;5096.00;102
13525;67;625347951;13525;430;14737;14839;5.35;0.33;307.30;14.75;1212;72;5097.00;102
13528;67;625347963;13528;439;14741;14845;5.35;0.33;307.31;14.75;1213;72;5098.00;104
13528;67;625347979;13528;447;14743;14845;5.30;0.32;307.31;14.78;1215;72;5099.00;102
13532;67;625347994;13532;446;14748;14864;5.23;0.32;307.30;14.77;1216;72;5100.00;116
13533;67;625348014;13533;447;14748;14864;5.21;0.32;307.31;14.77;1215;72;5101.00;116
13536;67;625348027;13536;460;14754;14868;5.17;0.32;307.32;14.79;1218;72;5102.00;114
13538;67;625348041;13538;454;14755;14869;5.19;0.32;307.33;14.79;1217;72;5103.00;114
13541;67;625348054;13541;447;14755;14869;5.18;0.32;307.37;14.79;1214;72;5104.00;114
13544;67;625348068;13544;444;14758;14870;5.19;0.32;307.38;14.82;1214;72;5105.00;112
13547;67;625348081;13547;452;14760;14870;5.17;0.32;307.45;14.82;1213;72;5106.00;110
13550;67;625348095;13550;442;14760;14870;5.19;0.32;307.44;14.82;1210;72;5107.00;110
13554;67;625348109;13554;438;14763;14870;5.21;0.32;307.50;14.84;1209;72;5108.00;107
13554;67;625348122;13554;430;14763;14870;5.31;0.32;307.50;14.84;1209;72;5109.00;107
13559;67;625348135;13559;419;14763;14870;5.34;0.33;307.51;14.84;1204;72;5110.00;107
13564;67;625348149;13564;413;14764;14870;5.36;0.33;307.58;14.89;1200;72;5111.00;106
13566;67;625348162;13566;409;14799;14940;5.55;0.34;307.61;14.86;1233;72;5112.00;141
13572;67;625348182;13572;396;14802;14941;5.57;0.34;307.61;14.86;1230;72;5113.00;139
13577;67;625348196;13577;386;14810;14941;5.66;0.35;307.68;14.85;1233;72;5114.00;131
13580;67;625348210;13580;378;14813;14941;5.77;0.35;307.74;14.85;1233;72;5115.00;128
13586;67;625348224;13586;372;14815;14941;5.82;0.36;307.76;14.85;1229;72;5116.00;126
13592;67;625348238;13592;371;14818;14941;5.86;0.36;307.81;14.85;1226;72;5117.00;123
13597;67;625348252;13597;369;14822;14941;5.88;0.36;307.83;14.84;1225;72;5118.00;119
13602;67;625348267;13602;375;14823;14941;5.90;0.36;307.83;14.84;1221;72;5119.00;118
13605;67;625348281;13605;378;14826;14942;5.87;0.36;307.86;14.84;1221;72;5120.00;116
13610;67;625348295;13610;390;14828;14943;5.84;0.36;307.92;14.84;1218;72;5121.00;115
13611;67;625348310;13611;402;14829;14943;5.87;0.36;307.93;14.84;1218;72;5122.00;114
13613;67;625348329;13613;407;14833;14947;5.88;0.36;307.99;14.84;1220;72;5123.00;114
13616;67;625348350;13616;411;14833;14947;5.87;0.36;307.98;14.84;1217;72;5124.00;114
13620;67;625348364;13620;410;14833;14947;5.84;0.36;308.03;14.84;1213;72;5125.00;114
13622;67;625348378;13622;407;14834;14947;5.82;0.36;308.02;14.84;1212;72;5126.00;113
13627;67;625348398;13627;404;14837;14953;5.83;0.36;308.10;14.84;1210;72;5127.00;116
13630;67;625348413;13630;404;14837;14953;5.88;0.36;308.11;14.84;1207;72;5128.00;116
13632;67;625348429;13632;408;14838;14953;5.90;0.36;308.07;14.84;1206;72;5129.00;115
13637;67;625348445;13637;410;14841;14959;5.92;0.36;308.06;14.83;1204;72;5130.00;118
13642;67;625348461;13642;407;14842;14959;5.94;0.36;308.06;14.89;1200;72;5131.00;117
13646;67;625348476;13646;408;14843;14959;5.96;0.36;308.12;14.89;1197;72;5132.00;116
13650;67;625348492;13650;411;14843;14960;5.98;0.36;308.09;14.89;1193;72;5133.00;117
13652;67;625348506;13652;407;14846;14961;5.99;0.37;308.14;14.89;1194;72;5134.00;115
13656;67;625348521;13656;410;14847;14961;5.93;0.36;308.15;14.89;1191;72;5135.00;114
13660;67;625348536;13660;410;14855;14974;5.95;0.36;308.18;14.88;1195;72;5136.00;119
13665;67;625348552;13665;406;14857;14974;5.99;0.37;308.20;14.88;1192;72;5137.00;117
13667;67;625348571;13667;404;14858;14974;6.07;0.37;308.24;14.88;1191;72;5138.00;116
13670;67;625348586;13670;406;14860;14975;6.13;0.38;308.27;14.88;1190;72;5139.00;115
13676;67;625348601;13676;410;14860;14975;6.14;0.38;308.29;14.88;1184;72;5140.00;115
13680;67;625348616;13680;409;14865;14979;6.13;0.37;308.38;14.88;1185;72;5141.00;114
13682;67;625348631;13682;417;14866;14979;6.11;0.37;308.41;14.88;1184;72;5142.00;113
13686;67;625348647;13686;419;14871;14983;6.10;0.37;308.40;14.88;1185;72;5143.00;112
13687;67;625348662;13687;430;14873;14983;6.10;0.37;308.39;14.94;1186;72;5144.00;110
13692;67;625348676;13692;443;14873;14983;6.04;0.37;308.51;14.94;1181;72;5145.00;110
13693;67;625348691;13693;448;14874;14983;5.98;0.37;308.50;14.94;1181;72;5146.00;109
13699;67;625348706;13699;440;14874;14983;5.89;0.36;308.64;14.94;1175;72;5147.00;109
13703;67;625348721;13703;439;14883;14995;5.82;0.36;308.74;14.93;1180;72;5148.00;112
13707;67;625348737;13707;446;14884;14995;5.85;0.36;308.77;14.93;1177;72;5149.00;111
13711;67;625348752;13711;446;14887;14995;5.84;0.36;308.81;14.93;1176;72;5150.00;108
13718;67;625348767;13718;444;14888;14995;5.83;0.36;308.97;14.93;1170;72;5151.00;107
13721;67;625348782;13721;445;14889;14995;5.86;0.36;308.96;14.92;1168;72;5152.00;106
13724;67;625348797;13724;440;14889;14995;5.85;0.36;309.01;14.92;1165;72;5153.00;106
13727;67;625348811;13727;442;14889;14996;5.90;0.36;308.97;14.92;1162;72;5154.00;107
13734;67;625348826;13734;452;14891;14998;5.88;0.36;309.10;14.92;1157;72;5155.00;107
13740;67;625348848;13740;447;14895;15004;5.88;0.36;309.17;14.92;1155;72;5156.00;109
13743;67;625348864;13743;440;14897;15005;5.95;0.36;309.15;14.92;1154;72;5157.00;108
13748;67;625348879;13748;427;14897;15005;6.00;0.36;309.18;14.92;1149;72;5158.00;108
13750;67;625348894;13750;418;14897;15005;6.00;0.37;309.22;14.92;1147;72;5159.00;108
13753;67;625348912;13753;409;14901;15010;6.03;0.37;309.25;14.91;1148;72;5160.00;109
13757;67;625348936;13757;402;14901;15010;6.04;0.37;309.27;14.91;1144;72;5161.00;109
13759;67;625348962;13759;402;14901;15010;6.04;0.37;309.27;14.91;1142;72;5162.00;109
13761;67;625348985;13761;392;14902;15011;6.08;0.37;309.29;14.91;1141;72;5163.00;109
13765;67;625349015;13765;387;14905;15015;6.04;0.37;309.28;14.91;1140;72;5164.00;110
13765;67;625349035;13765;393;14905;15015;6.05;0.37;309.28;14.91;1140;72;5165.00;110
13767;67;625349050;13767;384;14907;15018;6.09;0.37;309.30;14.91;1140;72;5166.00;111
13771;67;625349067;13771;374;14908;15018;6.14;0.37;309.36;14.91;1137;72;5167.00;110
13775;67;625349083;13775;363;14908;15018;6.14;0.37;309.34;14.91;1133;72;5168.00;110
13778;67;625349100;13778;353;14908;15018;6.12;0.37;309.34;14.91;1130;72;5169.00;110
13781;67;625349121;13781;347;14911;15022;6.13;0.37;309.36;14.90;1130;72;5170.00;111
13781;67;625349138;13781;346;14912;15022;6.15;0.38;309.36;14.90;1131;72;5171.00;110
13784;67;625349152;13784;339;14912;15022;6.13;0.37;309.38;14.90;1128;72;5172.00;110
13788;67;625349168;13788;343;14913;15022;6.18;0.38;309.51;14.96;1125;72;5173.00;109
13789;67;625349184;13789;335;14913;15023;6.19;0.38;309.55;14.96;1124;72;5174.00;110
13793;67;625349199;13793;343;14915;15025;6.17;0.38;309.62;14.96;1122;72;5175.00;110
13797;67;625349214;13797;348;14915;15025;6.14;0.37;309.72;14.96;1118;72;5176.00;110
13800;67;625349230;13800;346;14916;15026;6.11;0.37;309.73;14.96;1116;72;5177.00;110
13803;67;625349244;13803;344;14916;15026;6.08;0.37;309.79;14.96;1113;72;5178.00;110
13807;67;625349258;13807;349;14916;15026;6.03;0.37;309.82;14.96;1109;72;5179.00;110
13808;67;625349273;13808;352;14916;15026;5.99;0.36;309.81;14.96;1108;72;5180.00;110
13808;67;625349287;13808;362;14916;15026;5.93;0.36;309.81;14.96;1108;72;5181.00;110
13810;67;625349300;13810;360;14916;15026;5.91;0.36;309.82;14.96;1106;72;5182.00;110
13810;67;625349314;13810;359;14916;15026;5.87;0.36;309.82;14.96;1106;72;5183.00;110
13813;67;625349328;13813;388;14988;15153;5.87;0.36;309.84;14.88;1175;72;5184.00;165
13813;67;625349353;13813;380;14989;15154;5.87;0.36;309.84;14.88;1176;72;5185.00;165
13814;67;625349367;13814;371;14994;15154;5.91;0.36;309.84;14.88;1180;72;5186.00;160
13815;67;625349387;13815;372;14997;15154;5.90;0.36;309.83;14.88;1182;72;5187.00;157
13816;67;625349402;13816;373;15001;15154;5.93;0.37;309.83;14.87;1185;72;5188.00;153
13817;67;625349417;13817;385;15004;15154;5.91;0.36;309.81;14.87;1187;72;5189.00;150
13818;67;625349433;13818;382;15011;15154;5.97;0.37;309.81;14.87;1193;72;5190.00;143
13821;67;625349455;13821;383;15012;15154;5.91;0.36;309.82;14.87;1191;72;5191.00;142
13824;67;625349471;13824;382;15016;15155;5.90;0.36;309.85;14.87;1192;72;5192.00;139
13826;67;625349486;13826;387;15019;15156;5.89;0.36;309.84;14.86;1193;72;5193.00;137
13831;67;625349507;13831;387;15022;15156;5.86;0.36;309.86;14.86;1191;72;5194.00;134
13834;67;625349523;13834;393;15024;15157;5.83;0.36;309.90;14.86;1190;72;5195.00;133
13836;67;625349538;13836;390;15027;15157;5.78;0.36;309.92;14.91;1191;72;5196.00;130
13841;67;625349552;13841;383;15028;15157;5.71;0.35;309.95;14.91;1187;72;5197.00;129
13843;67;625349566;13843;383;15030;15157;5.64;0.35;310.01;14.91;1187;72;5198.00;127
13846;67;625349580;13846;381;15032;15161;5.59;0.34;310.06;14.91;1186;72;5199.00;129
13847;67;625349596;13847;390;15033;15161;5.50;0.34;310.05;14.91;1186;72;5200.00;128
13852;67;625349616;13852;390;15034;15161;5.38;0.33;310.03;14.91;1182;72;5201.00;127
13853;67;625349630;13853;390;15037;15164;5.35;0.33;310.05;14.91;1184;72;5202.00;127
13857;67;625349646;13857;383;15038;15164;5.23;0.32;310.05;14.91;1181;72;5203.00;126
13860;67;625349659;13860;385;15040;15164;5.15;0.32;310.03;14.91;1180;72;5204.00;124
13863;67;625349680;13863;383;15045;15168;5.04;0.31;309.99;14.94;1182;72;5205.00;123
13865;67;625349697;13865;379;15047;15169;5.01;0.31;309.98;14.94;1182;72;5206.00;122
13867;67;625349711;13867;372;15048;15169;4.98;0.31;309.97;14.96;1181;72;5207.00;121
13870;67;625349725;13870;372;15050;15173;4.98;0.31;309.97;14.96;1180;72;5208.00;123
13872;67;625349740;13872;369;15050;15173;4.99;0.31;309.94;14.96;1178;72;5209.00;123
13878;67;625349753;13878;357;15050;15173;4.96;0.30;309.97;14.96;1172;72;5210.00;123
13879;67;625349769;13879;361;15051;15174;4.99;0.31;309.97;14.96;1172;72;5211.00;123
13883;67;625349783;13883;366;15052;15174;4.97;0.30;309.91;14.96;1169;72;5212.00;122
13887;67;625349797;13887;366;15055;15180;4.97;0.30;309.89;14.95;1168;72;5213.00;125
13889;67;625349812;13889;373;15056;15180;5.05;0.31;309.85;14.95;1167;72;5214.00;124
13892;67;625349827;13892;376;15057;15180;5.06;0.31;309.82;14.95;1165;72;5215.00;123
13893;67;625349841;13893;372;15057;15181;5.07;0.31;309.80;14.95;1164;72;5216.00;124
13895;67;625349855;13895;368;15058;15181;5.04;0.31;309.77;14.96;1163;72;5217.00;123
13896;67;625349869;13896;374;15058;15181;5.03;0.31;309.75;14.96;1162;72;5218.00;123
13898;67;625349882;13898;381;15059;15181;5.06;0.31;309.73;14.95;1161;72;5219.00;122
13901;67;625349899;13901;385;15078;15217;5.16;0.32;309.67;14.94;1177;72;5220.00;139
13902;67;625349920;13902;389;15078;15217;5.16;0.32;309.66;14.94;1176;72;5221.00;139
13902;67;625349934;13902;389;15081;15217;5.23;0.32;309.66;14.93;1179;72;5222.00;136
13903;67;625349948;13903;391;15082;15217;5.26;0.32;309.65;14.93;1179;72;5223.00;135
13905;67;625349963;13905;399;15084;15217;5.27;0.32;309.68;14.93;1179;72;5224.00;133
13905;67;625349979;13905;400;15085;15217;5.31;0.33;309.68;14.93;1180;72;5225.00;132
13906;67;625349992;13906;397;15088;15221;5.37;0.33;309.66;14.93;1182;72;5226.00;133
13909;67;625350005;13909;403;15090;15221;5.42;0.33;309.65;14.93;1181;72;5227.00;131
13911;67;625350021;13911;405;15094;15225;5.45;0.33;309.66;14.92;1183;72;5228.00;131
13914;67;625350037;13914;411;15095;15226;5.46;0.33;309.72;14.92;1181;72;5229.00;131
13916;67;625350050;13916;417;15099;15226;5.44;0.33;309.74;14.94;1183;72;5230.00;127
13920;67;625350070;13920;421;15099;15226;5.40;0.33;309.75;14.94;1179;72;5231.00;127
13921;67;625350084;13921;430;15109;15239;5.38;0.33;309.73;14.95;1188;72;5232.00;130
13924;67;625350100;13924;424;15111;15239;5.37;0.33;309.74;14.97;1187;72;5233.00;128
13925;67;625350114;13925;419;15111;15239;5.38;0.33;309.73;14.97;1186;72;5234.00;128
13926;67;625350128;13926;409;15115;15240;5.41;0.33;309.73;15.00;1189;72;5235.00;125
13928;67;625350143;13928;401;15117;15241;5.40;0.33;309.71;15.03;1189;72;5236.00;124
13928;67;625350157;13928;399;15117;15241;5.46;0.33;309.71;15.03;1189;72;5237.00;124
13929;67;625350172;13929;396;15121;15244;5.54;0.34;309.69;15.04;1192;72;5238.00;123
13929;67;625350187;13929;387;15121;15244;5.54;0.34;309.69;15.04;1192;72;5239.00;123
13931;67;625350208;13931;385;15122;15244;5.56;0.34;309.73;15.04;1191;72;5240.00;122
13933;67;625350222;13933;384;15122;15244;5.49;0.33;309.73;15.04;1189;72;5241.00;122
13934;67;625350236;13934;383;15127;15250;5.53;0.34;309.71;15.06;1193;72;5242.00;123
13935;68;625350256;13935;379;15130;15250;5.54;0.34;309.70;15.09;1195;73;5243.00;120
13936;68;625350280;13936;385;15132;15250;5.52;0.34;309.68;15.11;1196;73;5244.00;118
13937;69;625350300;13937;387;15134;15250;5.46;0.33;309.73;15.14;1197;74;5245.00;116
13937;70;625350322;13937;388;15139;15254;5.42;0.33;309.73;15.17;1202;75;5246.00;115
13940;70;625350349;13940;384;15141;15255;5.34;0.32;309.73;15.18;1201;75;5247.00;114
13940;70;625350363;13940;383;15143;15255;5.33;0.32;309.73;15.21;1203;75;5248.00;112
13942;70;625350376;13942;379;15144;15256;5.33;0.32;309.71;15.21;1202;75;5249.00;112
13943;70;625350391;13943;373;15146;15256;5.35;0.32;309.69;15.24;1203;75;5250.00;110
13944;70;625350404;13944;376;15146;15256;5.35;0.32;309.68;15.24;1202;75;5251.00;110
13945;70;625350417;13945;372;15147;15256;5.42;0.33;309.68;15.25;1202;75;5252.00;109
13946;70;625350430;13946;364;15148;15256;5.43;0.33;309.66;15.26;1202;75;5253.00;108
13947;70;625350443;13947;356;15148;15256;5.46;0.33;309.67;15.26;1201;75;5254.00;108
13949;70;625350457;13949;360;15149;15256;5.46;0.33;309.65;15.27;1200;75;5255.00;107
13951;70;625350472;13951;364;15186;15326;5.69;0.35;309.62;15.25;1235;75;5256.00;140
13951;70;625350494;13951;359;15191;15327;5.75;0.35;309.62;15.26;1240;75;5257.00;136
13952;70;625350508;13952;361;15199;15327;5.80;0.35;309.60;15.27;1247;75;5258.00;128
13956;70;625350523;13956;357;15206;15327;5.81;0.35;309.62;15.27;1250;75;5259.00;121
13957;70;625350538;13957;358;15212;15327;5.85;0.35;309.61;15.28;1255;75;5260.00;115
13960;70;625350552;13960;356;15216;15327;5.80;0.35;309.70;15.28;1256;75;5261.00;111
13963;70;625350567;13963;354;15217;15327;5.72;0.35;309.70;15.28;1254;75;5262.00;110
13966;70;625350582;13966;359;15220;15327;5.62;0.34;309.72;15.29;1254;75;5263.00;107
13968;70;625350597;13968;364;15223;15328;5.57;0.34;309.74;15.31;1255;75;5264.00;105
13971;70;625350612;13971;358;15226;15330;5.49;0.33;309.75;15.32;1255;75;5265.00;104
13974;70;625350627;13974;362;15226;15330;5.40;0.33;309.78;15.32;1252;75;5266.00;104
13978;70;625350643;13978;375;15229;15334;5.30;0.32;309.83;15.32;1251;75;5267.00;105
13982;70;625350659;13982;382;15231;15334;5.24;0.32;309.84;15.34;1249;75;5268.00;103
13986;70;625350673;13986;394;15231;15334;5.17;0.31;309.84;15.34;1245;75;5269.00;103
13989;70;625350688;13989;386;15233;15334;5.13;0.31;309.85;15.37;1244;75;5270.00;101
13994;70;625350705;13994;377;15237;15340;5.11;0.31;309.91;15.36;1243;75;5271.00;103
13995;70;625350721;13995;380;15237;15340;5.18;0.31;309.89;15.36;1242;75;5272.00;103
13999;70;625350735;13999;383;15239;15340;5.19;0.32;309.96;15.38;1240;75;5273.00;101
14004;70;625350752;14004;384;15241;15343;5.22;0.32;310.05;15.38;1237;75;5274.00;102
14007;70;625350769;14007;383;15241;15343;5.24;0.32;310.11;15.38;1234;75;5275.00;102
14010;70;625350784;14010;384;15243;15343;5.23;0.32;310.16;15.40;1233;75;5276.00;100
14013;70;625350800;14013;382;15243;15344;5.23;0.32;310.23;15.40;1230;75;5277.00;101
14014;70;625350815;14014;378;15248;15345;5.28;0.32;310.23;15.42;1234;75;5278.00;97
14019;70;625350832;14019;378;15248;15345;5.38;0.33;310.31;15.42;1229;75;5279.00;97
14022;70;625350850;14022;375;15267;15371;5.49;0.33;310.33;15.40;1245;75;5280.00;104
14027;70;625350868;14027;367;15268;15371;5.55;0.34;310.40;15.40;1241;75;5281.00;103
14030;70;625350884;14030;355;15269;15371;5.60;0.34;310.46;15.40;1239;75;5282.00;102
14035;70;625350900;14035;356;15271;15372;5.65;0.34;310.45;15.40;1236;75;5283.00;101
14038;70;625350921;14038;356;15271;15372;5.68;0.35;310.46;15.40;1233;75;5284.00;101
14044;70;625350947;14044;356;15275;15376;5.72;0.35;310.58;15.39;1231;75;5285.00;101
14047;70;625350977;14047;354;15275;15376;5.74;0.35;310.55;15.39;1228;75;5286.00;101
14053;70;625350997;14053;348;15278;15379;5.74;0.35;310.59;15.39;1225;75;5287.00;101
14060;70;625351019;14060;347;15278;15380;5.74;0.35;310.66;15.39;1218;75;5288.00;102
14062;70;625351036;14062;352;15278;15380;5.77;0.35;310.63;15.39;1216;75;5289.00;102
14067;70;625351053;14067;351;15278;15380;5.76;0.35;310.69;15.39;1211;75;5290.00;102
14074;70;625351070;14074;344;15278;15380;5.78;0.35;310.78;15.39;1204;75;5291.00;102
14075;70;625351086;14075;344;15288;15392;5.94;0.36;310.78;15.38;1213;75;5292.00;104
14081;70;625351109;14081;346;15289;15392;5.96;0.36;310.87;15.43;1208;75;5293.00;103
14088;70;625351128;14088;349;15289;15392;6.01;0.37;310.94;15.43;1201;75;5294.00;103
14091;70;625351145;14091;354;15289;15392;6.09;0.37;310.93;15.43;1198;75;5295.00;103
14098;70;625351161;14098;346;15289;15392;6.10;0.37;311.10;15.43;1191;75;5296.00;103
14103;70;625351177;14103;353;15289;15392;6.08;0.37;311.09;15.43;1186;75;5297.00;103
14107;70;625351192;14107;359;15289;15393;6.09;0.37;311.15;15.43;1182;75;5298.00;104
14113;70;625351209;14113;356;15289;15393;6.04;0.37;311.25;15.43;1176;75;5299.00;104
14117;70;625351225;14117;353;15293;15399;6.12;0.37;311.26;15.43;1176;75;5300.00;106
14120;70;625351245;14120;350;15294;15400;6.12;0.37;311.31;15.43;1174;75;5301.00;106
14126;70;625351260;14126;361;15295;15400;6.12;0.37;311.39;15.43;1169;75;5302.00;105
14130;71;625351276;14130;365;15295;15400;6.12;0.37;311.38;15.43;1165;76;5303.00;105
14134;71;625351308;14134;372;15298;15404;6.13;0.37;311.43;15.42;1164;76;5304.00;106
14139;71;625351323;14139;374;15298;15404;6.16;0.37;311.50;15.42;1159;76;5305.00;106
14139;71;625351339;14139;383;15298;15404;6.17;0.38;311.50;15.42;1159;76;5306.00;106
14144;72;625351353;14144;386;15299;15405;6.15;0.37;311.55;15.42;1155;77;5307.00;106
14151;72;625351386;14151;387;15302;15409;6.14;0.37;311.59;15.42;1151;77;5308.00;107
14155;72;625351403;14155;391;15302;15409;6.13;0.37;311.54;15.42;1147;77;5309.00;107
14162;72;625351422;14162;390;15306;15415;6.12;0.37;311.60;15.47;1144;77;5310.00;109
14166;72;625351440;14166;396;15307;15415;6.13;0.37;311.69;15.47;1141;77;5311.00;108
14168;72;625351457;14168;396;15307;15415;6.10;0.37;311.71;15.47;1139;77;5312.00;108
14172;72;625351475;14172;402;15308;15415;6.06;0.37;311.72;15.47;1136;77;5313.00;107
14175;72;625351491;14175;413;15310;15419;6.03;0.37;311.79;15.47;1135;77;5314.00;109
14176;72;625351506;14176;418;15311;15419;6.01;0.37;311.81;15.47;1135;77;5315.00;108
14178;72;625351520;14178;429;15311;15419;5.95;0.36;311.80;15.47;1133;77;5316.00;108
14181;72;625351535;14181;417;15312;15419;5.90;0.36;311.91;15.47;1131;77;5317.00;107
14184;72;625351550;14184;413;15312;15420;5.86;0.36;311.92;15.47;1128;77;5318.00;108
14189;72;625351565;14189;411;15314;15421;5.78;0.35;311.96;15.47;1125;77;5319.00;107
14193;72;625351580;14193;405;15314;15421;5.71;0.35;312.03;15.47;1121;77;5320.00;107
14193;72;625351595;14193;404;15315;15422;5.75;0.35;312.03;15.46;1122;77;5321.00;107
14197;72;625351609;14197;407;15315;15422;5.72;0.35;312.08;15.46;1118;77;5322.00;107
14199;72;625351624;14199;412;15316;15422;5.72;0.35;312.10;15.52;1117;77;5323.00;106
14203;72;625351639;14203;414;15316;15422;5.72;0.35;312.14;15.52;1113;77;5324.00;106
14207;72;625351654;14207;426;15316;15422;5.65;0.34;312.25;15.52;1109;77;5325.00;106
14210;72;625351668;14210;417;15316;15422;5.63;0.34;312.30;15.52;1106;77;5326.00;106
14213;72;625351682;14213;410;15316;15422;5.63;0.34;312.31;15.52;1103;77;5327.00;106
14215;72;625351696;14215;425;15385;15549;5.76;0.36;312.36;15.45;1170;77;5328.00;164
14216;72;625351721;14216;410;15387;15550;5.84;0.36;312.38;15.45;1171;77;5329.00;163
14218;73;625351735;14218;392;15393;15550;5.93;0.37;312.44;15.44;1175;78;5330.00;157
14221;73;625351758;14221;381;15396;15550;5.98;0.37;312.46;15.44;1175;78;5331.00;154
14226;73;625351774;14226;382;15401;15550;6.02;0.37;312.51;15.43;1175;78;5332.00;149
14230;73;625351789;14230;371;15402;15550;6.05;0.37;312.59;15.43;1172;78;5333.00;148
14230;73;625351804;14230;371;15407;15550;6.08;0.37;312.59;15.43;1177;78;5334.00;143
14233;73;625351820;14233;370;15411;15550;6.09;0.38;312.66;15.43;1178;78;5335.00;139
14237;73;625351843;14237;367;15418;15551;6.12;0.38;312.70;15.42;1181;78;5336.00;133
14238;73;625351859;14238;369;15421;15552;6.18;0.38;312.69;15.42;1183;78;5337.00;131
14240;73;625351876;14240;360;15422;15552;6.18;0.38;312.73;15.42;1182;78;5338.00;130
14242;73;625351893;14242;357;15425;15553;6.18;0.38;312.76;15.42;1183;78;5339.00;128
14245;73;625351912;14245;351;15427;15553;6.18;0.38;312.77;15.42;1182;78;5340.00;126
14248;73;625351930;14248;353;15428;15553;6.18;0.38;312.79;15.42;1180;78;5341.00;125
14249;73;625351946;14249;342;15430;15553;6.24;0.39;312.78;15.42;1181;78;5342.00;123
14255;73;625351962;14255;344;15433;15557;6.22;0.38;312.79;15.42;1178;78;5343.00;124
14259;73;625351978;14259;358;15435;15557;6.22;0.38;312.76;15.42;1176;78;5344.00;122
14264;73;625351997;14264;362;15436;15557;6.16;0.38;312.83;15.42;1172;78;5345.00;121
14267;73;625352012;14267;359;15438;15560;6.16;0.38;312.81;15.42;1171;78;5346.00;122
14271;73;625352027;14271;369;15439;15560;6.11;0.37;312.80;15.42;1168;78;5347.00;121
14276;73;625352042;14276;373;15440;15560;6.03;0.37;312.85;15.42;1164;78;5348.00;120
14278;73;625352056;14278;373;15443;15564;5.97;0.36;312.86;15.41;1165;78;5349.00;121
14280;73;625352070;14280;383;15445;15565;5.91;0.36;312.84;15.41;1165;78;5350.00;120
14281;73;625352084;14281;383;15445;15565;5.86;0.36;312.92;15.41;1164;78;5351.00;120
14282;73;625352098;14282;389;15450;15569;5.81;0.35;312.92;15.46;1168;78;5352.00;119
14284;73;625352112;14284;392;15450;15569;5.72;0.35;312.90;15.46;1166;78;5353.00;119
14285;73;625352126;14285;394;15450;15569;5.66;0.34;312.90;15.46;1165;78;5354.00;119
14285;73;625352139;14285;398;15452;15571;5.62;0.34;312.90;15.46;1167;78;5355.00;119
14289;73;625352152;14289;405;15452;15571;5.49;0.33;312.91;15.46;1163;78;5356.00;119
14290;73;625352166;14290;408;15456;15577;5.44;0.33;312.90;15.46;1166;78;5357.00;121
14293;73;625352179;14293;416;15456;15577;5.39;0.33;312.87;15.46;1163;78;5358.00;121
14293;73;625352192;14293;425;15457;15577;5.38;0.33;312.87;15.46;1164;78;5359.00;120
14295;73;625352204;14295;418;15457;15578;5.36;0.33;312.85;15.46;1162;78;5360.00;121
14297;73;625352218;14297;423;15457;15578;5.33;0.32;312.88;15.46;1160;78;5361.00;121
14298;73;625352230;14298;429;15457;15578;5.34;0.33;312.87;15.46;1159;79;5362.00;121
14301;73;625352248;14301;424;15457;15578;5.29;0.32;312.86;15.46;1156;79;5363.00;121
14303;73;625352261;14303;422;15466;15590;5.27;0.32;312.83;15.45;1163;79;5364.00;124
14309;73;625352275;14309;423;15466;15590;5.16;0.31;312.79;15.45;1157;79;5365.00;124
14310;73;625352288;14310;422;15467;15590;5.14;0.31;312.77;15.45;1157;79;5366.00;123
14313;73;625352300;14313;424;15467;15590;5.09;0.31;312.77;15.45;1154;79;5367.00;123
14316;73;625352312;14316;423;15467;15590;5.07;0.31;312.75;15.45;1151;79;5368.00;123
14318;73;625352324;14318;421;15468;15590;5.05;0.31;312.77;15.50;1150;79;5369.00;122
14319;73;625352339;14319;427;15471;15594;5.03;0.31;312.77;15.50;1152;79;5370.00;123
14320;73;625352352;14320;422;15471;15594;4.98;0.30;312.78;15.50;1151;79;5371.00;123
14322;73;625352363;14322;422;15474;15598;4.98;0.30;312.78;15.49;1152;79;5372.00;124
14326;73;625352376;14326;417;15476;15599;4.97;0.30;312.74;15.50;1150;79;5373.00;123
14329;73;625352388;14329;409;15477;15599;4.95;0.30;312.71;15.50;1148;79;5374.00;122
14333;73;625352400;14333;407;15479;15599;4.91;0.30;312.66;15.53;1146;79;5375.00;120
14336;73;625352413;14336;399;15489;15612;4.95;0.30;312.68;15.52;1153;79;5376.00;123
14338;73;625352427;14338;394;15489;15612;4.93;0.30;312.65;15.52;1151;79;5377.00;123
14341;73;625352439;14341;390;15490;15612;4.90;0.30;312.63;15.52;1149;79;5378.00;122
14343;73;625352451;14343;388;15491;15613;4.89;0.30;312.61;15.52;1148;79;5379.00;122
14346;73;625352464;14346;383;15491;15614;4.90;0.30;312.57;15.52;1145;79;5380.00;123
14347;73;625352477;14347;378;15491;15614;4.92;0.30;312.66;15.52;1144;79;5381.00;123
14349;73;625352489;14349;375;15493;15617;4.96;0.30;312.63;15.51;1144;79;5382.00;124
14350;73;625352502;14350;377;15494;15617;5.01;0.31;312.63;15.51;1144;79;5383.00;123
14353;73;625352514;14353;379;15495;15617;5.00;0.30;312.61;15.57;1142;79;5384.00;122
14353;73;625352526;14353;377;15495;15617;5.00;0.30;312.61;15.57;1142;79;5385.00;122
14354;73;625352538;14354;382;15499;15623;5.05;0.31;312.59;15.56;1145;79;5386.00;124
14354;73;625352550;14354;376;15499;15623;5.04;0.31;312.59;15.56;1145;79;5387.00;124
14355;73;625352562;14355;353;15500;15623;5.09;0.31;312.58;15.56;1145;79;5388.00;123
14356;73;625352574;14356;351;15500;15623;5.10;0.31;312.57;15.56;1144;79;5389.00;123
14358;73;625352587;14358;349;15505;15627;5.11;0.31;312.58;15.66;1147;79;5390.00;122
14362;73;625352604;14362;349;15507;15628;5.13;0.31;312.56;15.66;1145;79;5391.00;121
14363;73;625352617;14363;346;15507;15628;5.14;0.31;312.56;15.66;1144;79;5392.00;121
14364;73;625352630;14364;337;15508;15629;5.17;0.31;312.56;15.66;1144;79;5393.00;121
14366;73;625352649;14366;332;15509;15629;5.25;0.32;312.57;15.71;1143;79;5394.00;120
14366;74;625352665;14366;332;15509;15629;5.30;0.32;312.57;15.71;1143;80;5395.00;120
14366;74;625352689;14366;330;15509;15629;5.38;0.33;312.57;15.71;1143;80;5396.00;120
14368;75;625352702;14368;326;15509;15629;5.47;0.33;312.56;15.71;1141;81;5397.00;120
14369;75;625352727;14369;328;15509;15629;5.54;0.34;312.56;15.71;1140;81;5398.00;120
14370;76;625352740;14370;334;15509;15629;5.59;0.34;312.54;15.71;1139;82;5399.00;120
