step_arrived;step_collisions;step_duration;step_ended;step_halting;step_inserted;step_loaded;step_meanSpeed;step_meanSpeedRelative;step_meanTravelTime;step_meanWaitingTime;step_running;step_teleports;step_time;step_waiting
0;0;626899495;0;1;84;245;16.54;1.17;-1.00;0.00;84;0;0.00;161
0;0;626899525;0;1;96;245;15.51;1.08;-1.00;0.13;96;0;1.00;149
0;0;626899527;0;0;115;245;14.69;1.01;-1.00;0.43;115;0;2.00;130
0;0;626899528;0;1;129;245;13.81;0.94;-1.00;0.71;129;0;3.00;116
0;0;626899529;0;1;141;245;12.87;0.87;-1.00;0.99;141;0;4.00;104
0;0;626899530;0;7;152;245;11.91;0.80;-1.00;1.28;152;0;5.00;93
0;0;626899532;0;5;160;245;11.26;0.75;-1.00;1.52;160;0;6.00;85
0;0;626899534;0;13;168;245;10.66;0.71;-1.00;1.78;168;0;7.00;77
0;0;626899535;0;15;176;246;10.08;0.67;-1.00;2.06;176;0;8.00;70
0;0;626899537;0;18;181;247;9.77;0.65;-1.00;2.25;181;0;9.00;66
0;0;626899539;0;21;189;247;9.49;0.63;-1.00;2.58;189;0;10.00;58
0;0;626899541;0;21;195;248;9.31;0.61;-1.00;2.75;195;0;11.00;53
1;0;626899544;1;22;198;248;9.26;0.61;12.00;2.89;197;0;12.00;50
1;0;626899546;1;29;201;248;9.27;0.60;12.00;3.04;200;0;13.00;47
1;0;626899549;1;33;204;248;9.33;0.61;12.00;3.21;203;0;14.00;44
1;0;626899551;1;38;210;252;9.26;0.60;12.00;3.41;209;0;15.00;42
1;0;626899554;1;40;213;252;9.18;0.59;12.00;3.59;212;0;16.00;39
1;0;626899557;1;43;216;252;9.11;0.58;12.00;3.77;215;0;17.00;36
1;0;626899566;1;49;220;255;9.20;0.58;12.00;3.95;219;0;18.00;35
2;0;626899570;2;55;221;255;9.29;0.59;15.50;4.02;219;0;19.00;34
2;0;626899573;2;56;226;255;9.22;0.59;15.50;4.37;224;0;20.00;29
4;0;626899576;4;58;232;259;9.15;0.58;18.25;4.46;228;0;21.00;27
5;0;626899579;5;62;234;260;9.08;0.57;19.00;4.52;229;0;22.00;26
5;0;626899582;5;68;237;260;9.00;0.56;19.00;4.69;232;0;23.00;23
5;0;626899585;5;76;245;264;8.85;0.55;19.00;4.97;240;0;24.00;19
5;0;626899588;5;77;245;264;8.85;0.55;19.00;4.97;240;0;25.00;19
5;0;626899592;5;80;248;264;8.77;0.55;19.00;5.23;243;0;26.00;16
5;0;626899595;5;83;249;265;8.77;0.54;19.00;5.31;244;0;27.00;16
5;0;626899598;5;85;252;265;8.76;0.54;19.00;5.51;247;0;28.00;13
6;0;626899601;6;88;258;271;8.54;0.53;20.00;5.52;252;0;29.00;13
6;0;626899606;6;90;259;271;8.47;0.53;20.00;5.58;253;0;30.00;12
8;0;626899609;8;94;263;272;8.27;0.51;22.38;5.67;255;0;31.00;9
8;0;626899613;8;96;265;272;8.27;0.51;22.38;5.77;257;0;32.00;7
8;0;626899616;8;99;265;272;8.37;0.52;22.38;5.77;257;0;33.00;7
9;0;626899619;9;103;266;272;8.48;0.52;23.11;5.88;257;0;34.00;6
10;0;626899623;10;104;266;272;8.46;0.52;23.90;5.88;256;0;35.00;6
10;0;626899626;10;106;279;284;8.64;0.53;23.90;5.73;269;0;36.00;5
10;0;626899631;10;110;279;284;8.57;0.53;23.90;5.73;269;0;37.00;5
11;0;626899634;11;112;279;284;8.52;0.53;24.91;5.73;268;0;38.00;5
12;0;626899637;12;118;280;284;8.40;0.52;26.08;5.76;268;0;39.00;4
13;0;626899640;13;119;280;284;8.28;0.51;26.77;5.76;267;0;40.00;4
13;0;626899644;13;124;280;284;8.22;0.51;26.77;5.76;267;0;41.00;4
14;0;626899647;14;129;284;288;8.14;0.50;27.71;5.70;270;0;42.00;4
15;0;626899650;15;131;284;288;7.93;0.49;27.33;5.70;269;0;43.00;4
15;0;626899653;15;136;287;292;7.83;0.48;27.33;5.65;272;0;44.00;5
15;0;626899657;15;138;289;294;7.83;0.49;27.33;5.61;274;0;45.00;5
16;0;626899660;16;143;290;294;7.73;0.48;27.94;5.60;274;0;46.00;4
16;0;626899663;16;141;290;294;7.74;0.48;27.94;5.60;274;0;47.00;4
16;0;626899666;16;144;300;307;8.01;0.50;27.94;5.41;284;0;48.00;7
18;0;626899670;18;146;300;307;7.78;0.48;29.89;5.41;282;0;49.00;7
18;0;626899674;18;149;301;307;7.78;0.48;29.89;5.40;283;0;50.00;6
18;0;626899677;18;148;302;308;7.70;0.48;29.89;5.39;284;0;51.00;6
19;0;626899680;19;148;303;309;7.58;0.47;31.05;5.37;284;0;52.00;6
20;0;626899683;20;150;303;309;7.48;0.46;30.35;5.37;283;0;53.00;6
20;0;626899686;20;153;305;312;7.48;0.46;30.35;5.34;285;0;54.00;7
20;0;626899689;20;155;305;312;7.34;0.46;30.35;5.34;285;0;55.00;7
22;0;626899692;22;143;306;312;7.31;0.45;31.64;5.33;284;0;56.00;6
23;0;626899695;23;139;306;312;7.24;0.45;32.70;5.33;283;0;57.00;6
23;0;626899698;23;140;310;318;7.23;0.45;32.70;5.27;287;0;58.00;8
23;0;626899702;23;143;310;318;7.27;0.45;32.70;5.27;287;0;59.00;8
24;0;626899707;24;144;311;318;7.27;0.45;33.83;5.26;287;0;60.00;7
27;0;626899710;27;145;311;318;7.32;0.45;36.59;5.26;284;0;61.00;7
29;0;626899714;29;147;316;322;7.34;0.45;38.28;5.21;287;0;62.00;6
30;0;626899717;30;151;317;323;7.45;0.46;38.07;5.19;287;0;63.00;6
31;0;626899721;31;153;317;323;7.46;0.46;37.55;5.19;286;0;64.00;6
31;0;626899725;31;154;318;324;7.64;0.47;37.55;5.18;287;0;65.00;6
31;0;626899730;31;157;318;324;7.77;0.48;37.55;5.18;287;0;66.00;6
31;0;626899734;31;146;318;324;7.92;0.49;37.55;5.18;287;0;67.00;6
32;0;626899737;32;137;318;324;8.05;0.49;38.50;5.18;286;0;68.00;6
33;0;626899741;33;131;318;324;8.10;0.49;39.42;5.18;285;0;69.00;6
34;0;626899744;34;128;318;324;8.19;0.50;40.18;5.18;284;0;70.00;6
34;0;626899747;34;125;318;324;8.26;0.50;40.18;5.18;284;0;71.00;6
35;1;626899750;35;132;356;394;8.46;0.52;40.89;4.63;321;1;72.00;38
35;1;626899775;35;126;357;395;8.63;0.53;40.89;4.62;322;1;73.00;38
35;1;626899779;35;121;363;395;9.02;0.55;40.89;4.57;328;1;74.00;32
36;2;626899782;36;116;368;395;9.31;0.57;41.25;4.55;332;2;75.00;27
36;2;626899798;36;113;373;395;9.62;0.59;41.25;4.54;337;2;76.00;22
36;3;626899802;36;111;376;395;9.89;0.61;41.25;4.55;340;3;77.00;19
37;3;626899819;37;109;377;395;10.04;0.62;41.78;4.55;340;3;78.00;18
37;3;626899824;37;109;378;395;10.09;0.62;41.78;4.56;341;3;79.00;17
39;3;626899835;39;111;380;396;10.08;0.61;43.74;4.56;341;3;80.00;16
40;4;626899839;40;113;381;397;10.11;0.62;44.67;4.55;341;4;81.00;16
40;4;626899863;40;114;382;397;10.09;0.61;44.67;4.56;342;4;82.00;15
41;4;626899867;41;118;386;401;9.87;0.60;45.61;4.52;345;4;83.00;15
42;4;626899872;42;121;386;401;9.82;0.60;46.52;4.52;344;4;84.00;15
42;4;626899876;42;124;386;401;9.74;0.59;46.52;4.52;344;4;85.00;15
42;4;626899880;42;123;386;401;9.63;0.59;46.52;4.52;344;4;86.00;15
42;4;626899884;42;125;390;407;9.57;0.58;46.52;4.49;348;4;87.00;17
45;4;626899889;45;129;390;407;9.36;0.57;49.18;4.49;345;4;88.00;17
45;4;626899893;45;133;391;407;9.33;0.57;49.18;4.48;346;4;89.00;16
46;4;626899899;46;133;394;413;9.23;0.56;50.07;4.45;348;4;90.00;19
48;4;626899903;48;131;395;413;9.09;0.55;51.77;4.44;347;4;91.00;18
48;5;626899908;48;132;395;413;9.08;0.55;51.77;4.44;347;5;92.00;18
50;5;626899932;50;133;397;414;9.04;0.55;53.26;4.43;347;5;93.00;17
51;5;626899937;51;134;398;415;9.11;0.56;52.65;4.42;347;5;94.00;17
52;5;626899941;52;136;399;415;9.17;0.56;53.46;4.42;347;5;95.00;16
53;5;626899945;53;138;409;428;9.08;0.55;54.26;4.31;356;5;96.00;19
56;5;626899950;56;135;410;428;9.04;0.55;56.55;4.30;354;5;97.00;18
58;5;626899954;58;137;410;428;9.06;0.55;57.88;4.30;352;5;98.00;18
59;5;626899958;59;132;411;429;9.19;0.56;58.56;4.29;352;5;99.00;18
60;5;626899964;60;134;411;429;9.24;0.56;59.23;4.29;351;5;100.00;18
60;5;626899974;60;130;413;433;9.36;0.57;59.23;4.28;353;5;101.00;20
61;5;626899978;61;123;413;433;9.38;0.57;59.59;4.28;352;5;102.00;20
62;5;626899983;62;122;418;437;9.31;0.57;60.27;4.24;356;5;103.00;19
63;5;626899987;63;118;418;437;9.45;0.57;60.94;4.24;355;5;104.00;19
64;5;626900000;64;113;418;437;9.59;0.58;61.61;4.24;354;5;105.00;19
66;5;626900005;66;108;418;437;9.70;0.59;62.80;4.24;352;5;106.00;19
66;5;626900010;66;102;418;437;9.80;0.60;62.80;4.24;352;5;107.00;19
67;5;626900014;67;94;429;449;9.90;0.60;63.48;4.14;362;5;108.00;20
68;5;626900020;68;86;430;449;10.01;0.61;64.15;4.13;362;5;109.00;19
68;5;626900026;68;82;430;449;10.19;0.62;64.15;4.13;362;5;110.00;19
68;5;626900032;68;75;430;449;10.35;0.63;64.15;4.13;362;5;111.00;19
70;5;626900038;70;75;430;449;10.53;0.64;65.34;4.13;360;5;112.00;19
71;5;626900044;71;74;430;449;10.77;0.66;66.00;4.13;359;5;113.00;19
72;5;626900049;72;73;431;450;10.94;0.67;66.67;4.12;359;5;114.00;19
73;5;626900062;73;71;431;450;11.07;0.67;66.67;4.12;358;5;115.00;19
75;5;626900067;75;71;435;456;11.21;0.68;67.51;4.09;360;5;116.00;21
75;5;626900073;75;68;438;457;11.36;0.69;67.51;4.34;363;5;117.00;19
75;5;626900079;75;68;438;457;11.43;0.70;67.51;4.34;363;5;118.00;19
75;5;626900084;75;69;438;457;11.51;0.70;67.51;4.34;363;5;119.00;19
77;5;626900091;77;71;444;462;11.60;0.71;68.81;4.66;367;5;120.00;18
78;5;626900098;78;72;445;462;11.69;0.71;69.17;4.76;367;5;121.00;17
78;5;626900104;78;72;445;462;11.73;0.72;69.17;4.76;367;5;122.00;17
81;5;626900109;81;73;450;463;11.74;0.71;70.12;5.48;369;5;123.00;13
81;5;626900116;81;77;454;467;11.66;0.71;70.12;5.44;373;5;124.00;13
81;5;626900122;81;79;456;467;11.68;0.71;70.12;5.65;375;5;125.00;11
82;5;626900128;82;81;458;470;11.78;0.72;70.78;5.62;376;5;126.00;12
83;5;626900135;83;84;461;470;11.86;0.73;71.46;5.97;378;5;127.00;9
84;5;626900142;84;87;462;470;11.92;0.73;72.11;5.96;378;5;128.00;8
84;5;626900149;84;88;464;470;11.96;0.73;72.11;6.17;380;5;129.00;6
86;5;626900155;86;89;467;474;12.07;0.74;73.16;6.16;381;5;130.00;7
87;5;626900162;87;90;469;474;12.15;0.74;73.80;6.27;382;5;131.00;5
90;5;626900168;90;90;471;474;12.16;0.74;75.57;6.38;381;5;132.00;3
90;5;626900175;90;95;471;474;12.22;0.75;75.57;6.38;381;5;133.00;3
91;5;626900181;91;95;472;475;12.30;0.75;76.16;6.36;381;5;134.00;3
93;5;626900188;93;96;475;477;12.22;0.75;76.24;6.41;382;5;135.00;2
96;5;626900195;96;94;475;477;12.08;0.74;77.96;6.41;379;5;136.00;2
98;5;626900203;98;95;477;478;12.05;0.73;78.98;6.47;379;5;137.00;1
99;5;626900210;99;97;477;478;12.05;0.74;79.58;6.47;378;5;138.00;1
101;5;626900218;101;99;478;478;12.07;0.74;80.03;6.49;377;5;139.00;0
101;5;626900225;101;100;478;478;12.06;0.74;80.03;6.49;377;5;140.00;0
104;5;626900233;104;102;478;478;11.98;0.73;80.69;6.49;374;5;141.00;0
106;5;626900241;106;106;478;478;11.85;0.73;80.94;6.49;372;5;142.00;0
107;5;626900248;107;108;478;478;11.75;0.72;81.11;6.49;371;5;143.00;0
109;5;626900255;109;126;550;605;11.33;0.71;82.27;5.65;441;5;144.00;55
110;5;626900283;110;121;556;606;11.33;0.71;82.51;5.60;446;5;145.00;50
112;5;626900290;112;119;563;606;11.31;0.71;83.61;5.55;451;5;146.00;43
114;5;626900298;114;123;568;606;11.19;0.70;84.66;5.53;454;5;147.00;38
117;5;626900304;117;122;574;606;11.10;0.70;85.91;5.52;457;5;148.00;32
118;5;626900311;118;122;577;606;10.95;0.69;85.84;5.51;459;5;149.00;29
119;5;626900320;119;121;581;611;10.86;0.68;86.27;5.51;462;5;150.00;30
121;5;626900329;121;120;584;611;10.77;0.67;87.26;5.51;463;5;151.00;27
123;5;626900336;123;119;588;612;10.75;0.67;87.71;5.53;465;5;152.00;24
124;5;626900343;124;122;593;613;10.75;0.67;87.07;5.56;469;5;153.00;20
126;5;626900350;126;124;596;613;10.72;0.67;88.02;5.58;470;5;154.00;17
128;5;626900358;128;125;600;614;10.67;0.66;88.94;5.58;472;5;155.00;14
130;5;626900366;130;127;602;614;10.65;0.66;88.42;5.60;472;5;156.00;12
130;5;626900378;130;132;603;614;10.69;0.66;88.42;5.61;473;5;157.00;11
131;5;626900385;131;136;605;614;10.71;0.67;88.40;5.64;474;5;158.00;9
131;5;626900391;131;136;608;618;10.84;0.67;88.40;5.64;477;5;159.00;10
132;5;626900398;132;144;610;618;10.75;0.67;88.94;5.68;478;5;160.00;8
135;5;626900404;135;145;610;618;10.67;0.66;90.27;5.68;475;5;161.00;8
136;5;626900411;136;150;613;621;10.54;0.65;90.76;5.68;477;5;162.00;8
139;5;626900417;139;151;614;621;10.42;0.64;90.94;5.67;475;5;163.00;7
141;5;626900423;141;147;614;621;10.34;0.64;91.89;5.67;473;5;164.00;7
145;5;626900430;145;144;617;625;10.20;0.63;93.25;5.65;472;5;165.00;8
146;5;626900436;146;143;618;626;10.16;0.63;93.75;5.64;472;5;166.00;8
147;5;626900443;147;142;618;626;10.07;0.62;93.27;5.64;471;5;167.00;8
152;6;626900448;152;141;625;630;9.97;0.62;94.97;5.65;473;6;168.00;5
154;6;626900468;154;144;625;630;9.81;0.61;95.65;5.65;471;6;169.00;5
158;6;626900474;158;133;625;630;9.73;0.60;97.02;5.65;467;6;170.00;5
161;6;626900481;161;129;629;631;9.58;0.59;97.96;5.70;468;6;171.00;2
161;6;626900487;161;128;630;631;9.52;0.59;97.96;5.71;469;6;172.00;1
162;6;626900493;162;124;634;637;9.57;0.59;98.42;5.68;472;6;173.00;3
163;6;626900501;163;122;635;637;9.61;0.59;98.78;5.67;472;6;174.00;2
163;6;626900507;163;124;636;638;9.63;0.59;98.78;5.67;473;6;175.00;2
164;6;626900513;164;129;638;638;9.59;0.59;98.72;5.70;474;6;176.00;0
164;6;626900520;164;126;638;638;9.72;0.60;98.72;5.70;474;6;177.00;0
164;6;626900526;164;123;638;638;9.91;0.61;98.72;5.70;474;6;178.00;0
166;6;626900532;166;119;638;638;10.05;0.62;98.96;5.70;472;6;179.00;0
167;6;626900540;167;116;668;672;10.13;0.63;99.02;5.44;501;6;180.00;4
170;6;626900549;170;111;668;672;10.20;0.63;99.28;5.44;498;6;181.00;4
170;6;626900556;170;115;669;672;10.29;0.64;99.28;5.43;499;6;182.00;3
172;6;626900562;172;117;669;672;10.36;0.64;99.86;5.43;497;6;183.00;3
172;6;626900569;172;120;670;672;10.38;0.64;99.86;5.43;498;6;184.00;2
175;6;626900576;175;125;670;672;10.40;0.64;100.70;5.43;495;6;185.00;2
175;6;626900583;175;132;675;676;10.39;0.64;100.70;5.41;500;6;186.00;1
176;6;626900591;176;136;675;676;10.37;0.64;100.61;5.41;499;6;187.00;1
179;6;626900598;179;140;678;680;10.26;0.63;100.93;5.40;499;6;188.00;2
182;6;626900605;182;146;680;681;10.11;0.62;100.70;5.39;498;6;189.00;1
185;6;626900613;185;153;680;681;9.88;0.61;101.28;5.39;495;6;190.00;1
187;6;626900620;187;161;681;681;9.66;0.60;101.70;5.38;494;6;191.00;0
188;6;626900633;188;166;692;694;9.56;0.59;101.41;5.30;504;6;192.00;2
191;6;626900641;191;170;693;694;9.45;0.58;101.14;5.29;502;6;193.00;1
194;6;626900649;194;176;694;694;9.38;0.58;101.65;5.29;500;6;194.00;0
199;6;626900656;199;180;695;695;9.26;0.57;102.20;5.28;496;6;195.00;0
202;6;626900663;202;181;696;696;9.19;0.56;101.36;5.27;494;6;196.00;0
205;6;626900670;205;182;696;696;9.16;0.56;101.79;5.27;491;6;197.00;0
207;6;626900677;207;185;698;699;9.13;0.56;102.00;5.26;491;6;198.00;1
209;6;626900685;209;189;699;699;9.00;0.55;101.89;5.25;490;6;199.00;0
211;6;626900692;211;193;699;699;8.90;0.55;101.68;5.25;488;6;200.00;0
211;6;626900702;211;196;699;699;8.76;0.54;101.68;5.25;488;6;201.00;0
213;6;626900715;213;204;704;705;8.65;0.53;101.56;5.22;491;6;202.00;1
214;6;626900723;214;208;704;705;8.53;0.52;101.36;5.22;490;6;203.00;1
217;6;626900730;217;212;705;705;8.40;0.51;102.63;5.22;488;6;204.00;0
220;6;626900736;220;220;705;705;8.27;0.51;102.19;5.22;485;6;205.00;0
220;6;626900742;220;223;709;709;8.20;0.50;102.19;5.20;489;6;206.00;0
221;6;626900755;221;229;710;710;8.12;0.50;102.67;5.19;489;6;207.00;0
222;6;626900767;222;231;710;710;7.96;0.49;103.12;5.19;488;6;208.00;0
222;6;626900773;222;233;711;711;7.81;0.48;103.12;5.18;489;6;209.00;0
223;6;626900781;223;237;711;711;7.64;0.47;102.95;5.18;488;6;210.00;0
224;6;626900788;224;241;711;711;7.56;0.46;102.68;5.18;487;6;211.00;0
224;6;626900794;224;246;711;711;7.51;0.46;102.68;5.18;487;6;212.00;0
225;6;626900799;225;249;711;711;7.44;0.46;102.53;5.18;486;6;213.00;0
227;6;626900806;227;255;711;711;7.35;0.45;102.70;5.18;484;6;214.00;0
229;6;626900812;229;259;711;711;7.27;0.44;102.41;5.18;482;6;215.00;0
229;6;626900818;229;273;753;781;7.43;0.46;102.41;4.89;524;6;216.00;28
229;6;626900829;229;260;755;782;7.43;0.46;102.41;4.88;526;6;217.00;27
231;6;626900836;231;249;762;782;7.56;0.46;103.23;4.86;531;6;218.00;20
232;6;626900843;232;228;765;782;7.75;0.48;103.72;4.85;533;6;219.00;17
232;6;626900850;232;212;767;782;7.97;0.49;103.72;4.85;535;6;220.00;15
232;6;626900857;232;204;770;782;8.19;0.50;103.72;4.85;538;6;221.00;12
234;6;626900864;234;200;773;782;8.44;0.52;104.46;4.85;539;6;222.00;9
234;6;626900871;234;195;776;782;8.64;0.53;104.46;4.86;542;6;223.00;6
236;6;626900878;236;191;778;783;8.75;0.54;104.84;4.87;542;6;224.00;5
237;6;626900885;237;182;782;785;8.87;0.54;105.00;4.87;545;6;225.00;3
237;6;626900894;237;166;784;785;9.01;0.55;105.00;4.88;547;6;226.00;1
240;6;626900902;240;154;789;789;9.05;0.55;105.59;4.86;549;6;227.00;0
244;6;626900911;244;141;789;789;9.29;0.57;106.93;4.86;545;6;228.00;0
245;6;626900919;245;129;789;789;9.55;0.58;107.12;4.86;544;6;229.00;0
246;6;626900934;246;123;789;789;9.75;0.60;107.11;4.86;543;6;230.00;0
246;6;626900948;246;115;794;795;9.87;0.60;107.11;4.84;548;6;231.00;1
248;6;626900963;248;114;794;795;9.97;0.61;107.90;4.84;546;6;232.00;1
252;6;626900972;252;109;795;795;10.00;0.61;108.98;4.83;543;6;233.00;0
252;6;626900980;252;107;797;798;10.11;0.61;108.98;4.82;545;6;234.00;1
253;6;626900988;253;105;798;798;10.21;0.62;108.91;4.82;545;6;235.00;0
253;6;626900996;253;105;798;798;10.27;0.63;108.91;4.82;545;6;236.00;0
256;6;626901005;256;100;799;799;10.30;0.63;109.79;4.81;543;6;237.00;0
258;6;626901013;258;98;800;800;10.44;0.64;109.86;4.81;542;6;238.00;0
261;6;626901022;261;90;800;800;10.47;0.64;110.21;4.81;539;6;239.00;0
261;6;626901031;261;97;824;826;10.38;0.63;110.21;4.67;563;6;240.00;2
263;6;626901041;263;94;825;826;10.46;0.64;110.66;4.66;562;6;241.00;1
264;6;626901048;264;93;826;826;10.53;0.64;110.61;4.66;562;6;242.00;0
266;7;626901056;266;97;827;827;10.61;0.65;111.50;4.65;561;7;243.00;0
268;7;626901076;268;99;827;827;10.64;0.65;111.91;4.65;559;7;244.00;0
272;7;626901084;272;103;830;831;10.67;0.65;113.31;4.64;558;7;245.00;1
273;7;626901092;273;106;830;831;10.66;0.65;113.11;4.64;557;7;246.00;1
275;7;626901100;275;114;835;835;10.59;0.65;113.30;4.62;560;7;247.00;0
279;7;626901108;279;115;835;835;10.62;0.65;113.94;4.62;556;7;248.00;0
283;7;626901120;283;122;835;835;10.65;0.65;115.07;4.62;552;7;249.00;0
283;7;626901127;283;122;835;835;10.62;0.65;115.07;4.62;552;7;250.00;0
285;7;626901133;285;128;835;835;10.52;0.64;115.94;4.62;550;7;251.00;0
288;8;626901144;288;136;846;847;10.39;0.63;116.65;4.56;558;8;252.00;1
292;8;626901170;292;137;846;847;10.19;0.62;116.84;4.56;554;8;253.00;1
292;9;626901188;292;140;847;847;10.12;0.62;116.84;4.56;555;9;254.00;0
296;9;626901211;296;145;847;847;10.12;0.62;117.76;4.56;551;9;255.00;0
296;9;626901222;296;147;847;847;10.12;0.62;117.76;4.56;551;9;256.00;0
298;9;626901240;298;152;847;847;10.05;0.61;118.24;4.56;549;9;257.00;0
299;9;626901249;299;157;848;848;9.92;0.60;118.10;4.55;549;9;258.00;0
299;9;626901259;299;161;848;848;9.81;0.60;118.10;4.55;549;9;259.00;0
300;9;626901266;300;161;853;854;9.78;0.59;118.10;4.53;553;9;260.00;1
301;9;626901276;301;155;854;855;9.84;0.60;118.12;4.53;553;9;261.00;1
302;9;626901285;302;151;855;855;9.88;0.60;118.12;4.53;553;9;262.00;0
302;9;626901292;302;147;855;855;9.89;0.60;118.12;4.53;553;9;263.00;0
305;9;626901299;305;150;859;859;9.93;0.60;118.60;4.50;554;9;264.00;0
306;9;626901307;306;144;859;859;10.00;0.61;118.85;4.50;553;9;265.00;0
307;9;626901314;307;143;859;859;10.10;0.61;119.33;4.50;552;9;266.00;0
312;9;626901322;312;141;860;860;10.17;0.62;119.68;4.50;548;9;267.00;0
313;9;626901330;313;141;864;864;10.18;0.62;119.93;4.48;551;9;268.00;0
316;9;626901338;316;135;864;864;10.27;0.62;120.58;4.48;548;9;269.00;0
320;9;626901346;320;128;867;870;10.29;0.62;121.04;4.47;547;9;270.00;3
322;9;626901355;322;123;867;870;10.35;0.63;121.34;4.47;545;9;271.00;3
326;9;626901362;326;114;868;870;10.34;0.63;121.87;4.47;542;9;272.00;2
331;9;626901370;331;112;868;870;10.38;0.63;122.52;4.47;537;9;273.00;2
333;9;626901379;333;109;871;874;10.51;0.64;123.00;4.46;538;9;274.00;3
336;9;626901387;336;106;871;874;10.69;0.65;122.96;4.46;535;9;275.00;3
336;9;626901397;336;100;872;874;10.80;0.66;122.96;4.46;536;9;276.00;2
338;9;626901405;338;97;872;874;10.88;0.66;123.18;4.46;534;9;277.00;2
338;9;626901412;338;94;874;875;10.99;0.67;123.18;4.46;536;9;278.00;1
340;9;626901420;340;91;875;876;11.16;0.68;123.46;4.45;535;9;279.00;1
342;9;626901428;342;87;876;876;11.29;0.69;123.21;4.45;534;9;280.00;0
343;9;626901440;343;82;877;877;11.42;0.69;123.25;4.45;534;9;281.00;0
345;9;626901449;345;82;877;877;11.50;0.70;123.13;4.45;532;9;282.00;0
345;9;626901458;345;79;877;877;11.58;0.70;123.13;4.45;532;9;283.00;0
349;9;626901467;349;81;877;877;11.62;0.71;123.17;4.45;528;9;284.00;0
349;9;626901482;349;82;877;877;11.68;0.71;123.17;4.45;528;9;285.00;0
350;9;626901491;350;82;877;877;11.66;0.71;123.22;4.45;527;9;286.00;0
351;9;626901498;351;78;877;877;11.72;0.71;123.55;4.45;526;9;287.00;0
352;9;626901507;352;96;947;1004;11.36;0.70;124.01;4.12;595;9;288.00;57
354;9;626901527;354;87;949;1005;11.42;0.70;124.64;4.12;595;9;289.00;56
355;9;626901537;355;84;954;1005;11.50;0.71;124.90;4.11;599;9;290.00;51
356;9;626901546;356;88;958;1005;11.52;0.71;124.69;4.10;602;9;291.00;47
357;9;626901555;357;88;963;1005;11.61;0.72;125.14;4.10;606;9;292.00;42
359;9;626901564;359;88;964;1005;11.68;0.72;125.41;4.10;605;9;293.00;41
361;9;626901583;361;87;970;1005;11.79;0.72;125.73;4.11;609;9;294.00;35
364;9;626901593;364;87;973;1005;11.83;0.73;126.61;4.12;609;9;295.00;32
368;9;626901602;368;87;977;1006;11.96;0.73;126.10;4.14;609;9;296.00;29
369;9;626901612;369;88;978;1007;12.07;0.74;126.22;4.14;609;9;297.00;29
370;9;626901622;370;90;981;1007;12.20;0.75;126.04;4.16;611;9;298.00;26
373;9;626901632;373;92;984;1008;12.23;0.75;127.02;4.18;611;9;299.00;24
374;9;626901646;374;97;989;1014;12.18;0.75;127.35;4.22;615;9;300.00;25
376;9;626901663;376;102;992;1014;12.11;0.75;127.93;4.25;616;9;301.00;22
376;9;626901673;376;107;994;1014;12.11;0.75;127.93;4.27;618;9;302.00;20
378;9;626901684;378;118;999;1018;12.08;0.75;128.57;4.30;621;9;303.00;19
380;9;626901694;380;123;1003;1018;11.95;0.74;128.49;4.32;623;9;304.00;15
383;9;626901704;383;126;1005;1018;11.88;0.73;128.70;4.35;622;9;305.00;13
384;9;626901713;384;132;1008;1021;11.86;0.73;128.83;4.36;624;9;306.00;13
385;9;626901724;385;140;1010;1021;11.80;0.72;129.20;4.37;625;9;307.00;11
387;9;626901733;387;145;1011;1021;11.70;0.72;129.19;4.36;624;9;308.00;10
388;10;626901743;388;148;1014;1025;11.52;0.71;129.34;4.36;626;10;309.00;11
393;10;626901773;393;151;1016;1026;11.29;0.69;131.05;4.36;623;10;310.00;10
396;10;626901785;396;155;1016;1026;11.11;0.68;131.42;4.36;620;10;311.00;10
400;10;626901795;400;161;1019;1030;10.96;0.67;132.38;4.34;619;10;312.00;11
402;10;626901806;402;163;1021;1030;10.78;0.66;132.50;4.35;619;10;313.00;9
406;10;626901816;406;164;1021;1030;10.71;0.66;133.06;4.35;615;10;314.00;9
408;10;626901825;408;169;1024;1032;10.61;0.65;133.53;4.35;616;10;315.00;8
411;10;626901835;411;172;1024;1032;10.49;0.65;133.94;4.35;613;10;316.00;8
412;10;626901844;412;174;1028;1038;10.40;0.64;134.21;4.34;616;10;317.00;10
413;10;626901854;413;178;1028;1038;10.24;0.63;134.02;4.34;615;10;318.00;10
413;10;626901863;413;172;1030;1039;10.09;0.62;134.02;4.35;617;10;319.00;9
415;10;626901872;415;172;1031;1039;10.00;0.61;134.22;4.38;616;10;320.00;8
419;10;626901882;419;175;1032;1039;9.96;0.61;134.75;4.38;613;10;321.00;7
420;12;626901891;420;183;1035;1039;9.96;0.61;134.90;4.44;615;12;322.00;4
421;12;626901919;421;186;1037;1039;9.97;0.61;135.04;4.49;616;12;323.00;2
427;12;626901928;427;188;1049;1051;9.98;0.61;135.25;4.44;622;12;324.00;2
430;12;626901937;430;189;1050;1051;9.97;0.61;135.78;4.45;620;12;325.00;1
432;12;626901957;432;191;1050;1051;9.97;0.61;135.88;4.45;618;12;326.00;1
434;12;626901965;434;190;1051;1051;9.94;0.61;136.06;4.44;617;12;327.00;0
437;12;626901974;437;195;1051;1051;9.99;0.61;135.73;4.44;614;12;328.00;0
437;12;626901983;437;196;1051;1051;9.94;0.61;135.73;4.44;614;12;329.00;0
440;12;626902000;440;198;1055;1055;9.84;0.60;136.06;4.43;615;12;330.00;0
440;12;626902008;440;201;1055;1055;9.81;0.60;136.06;4.43;615;12;331.00;0
442;12;626902016;442;204;1058;1059;9.76;0.59;136.40;4.42;616;12;332.00;1
445;12;626902025;445;212;1059;1060;9.63;0.59;136.63;4.42;614;12;333.00;1
448;12;626902033;448;211;1060;1060;9.56;0.58;137.60;4.42;612;12;334.00;0
450;12;626902040;450;214;1060;1060;9.40;0.58;138.05;4.42;610;12;335.00;0
452;12;626902047;452;218;1072;1073;9.30;0.57;138.93;4.37;620;12;336.00;1
456;12;626902056;456;219;1072;1073;9.15;0.56;138.89;4.37;616;12;337.00;1
459;12;626902063;459;227;1073;1073;8.90;0.55;139.38;4.36;614;12;338.00;0
462;12;626902070;462;229;1074;1074;8.65;0.53;140.04;4.36;612;12;339.00;0
468;12;626902076;468;220;1075;1075;8.41;0.52;141.14;4.36;607;12;340.00;0
471;12;626902084;471;218;1075;1075;8.38;0.52;141.96;4.36;604;12;341.00;0
474;12;626902091;474;212;1077;1078;8.39;0.52;142.24;4.35;603;12;342.00;1
479;12;626902098;479;212;1078;1078;8.38;0.52;142.60;4.35;599;12;343.00;0
481;12;626902105;481;212;1078;1078;8.44;0.52;142.96;4.35;597;12;344.00;0
485;12;626902111;485;213;1078;1078;8.41;0.52;143.79;4.35;593;12;345.00;0
491;12;626902118;491;214;1083;1084;8.42;0.52;144.77;4.33;592;12;346.00;1
492;12;626902126;492;208;1083;1084;8.45;0.52;145.16;4.33;591;12;347.00;1
497;12;626902134;497;205;1084;1084;8.40;0.52;146.04;4.33;587;12;348.00;0
501;12;626902142;501;208;1084;1084;8.37;0.51;145.75;4.33;583;12;349.00;0
506;12;626902150;506;212;1088;1088;8.24;0.50;146.41;4.32;582;12;350.00;0
508;12;626902158;508;214;1089;1089;8.13;0.50;146.55;4.31;581;12;351.00;0
511;12;626902173;511;210;1089;1089;8.11;0.49;146.38;4.31;578;12;352.00;0
512;12;626902181;512;208;1090;1090;8.12;0.50;146.32;4.31;578;12;353.00;0
516;12;626902188;516;215;1090;1090;8.07;0.49;146.53;4.31;574;12;354.00;0
518;12;626902195;518;219;1090;1090;8.04;0.49;146.32;4.31;572;12;355.00;0
523;12;626902202;523;223;1090;1090;7.97;0.49;146.76;4.31;567;12;356.00;0
527;12;626902209;527;226;1090;1090;7.89;0.48;146.96;4.31;563;12;357.00;0
531;12;626902216;531;222;1090;1090;7.83;0.48;147.32;4.31;559;12;358.00;0
533;12;626902223;533;223;1090;1090;7.75;0.48;147.35;4.31;557;12;359.00;0
534;12;626902231;534;239;1158;1215;8.05;0.51;147.56;4.06;624;12;360.00;57
538;12;626902248;538;249;1166;1216;7.98;0.50;148.12;4.04;628;12;361.00;50
538;12;626902256;538;239;1178;1216;8.01;0.50;148.12;4.02;640;12;362.00;38
542;12;626902263;542;233;1186;1216;8.05;0.50;148.24;4.01;644;12;363.00;30
543;12;626902276;543;234;1192;1216;8.13;0.51;148.06;4.01;649;12;364.00;24
545;12;626902283;545;239;1196;1216;8.04;0.50;148.25;4.01;651;12;365.00;20
546;12;626902291;546;240;1200;1216;8.04;0.50;148.63;4.02;654;12;366.00;16
547;12;626902298;547;242;1202;1216;7.99;0.50;148.41;4.02;655;12;367.00;14
551;12;626902306;551;245;1206;1217;7.94;0.49;148.40;4.03;655;12;368.00;11
551;12;626902314;551;252;1208;1218;7.91;0.49;148.40;4.03;657;12;369.00;10
553;12;626902322;553;262;1210;1218;7.85;0.49;148.51;4.04;657;12;370.00;8
556;12;626902330;556;257;1215;1222;7.81;0.48;148.89;4.04;659;12;371.00;7
558;12;626902338;558;252;1216;1222;7.71;0.48;148.54;4.04;658;12;372.00;6
558;12;626902346;558;243;1216;1222;7.67;0.48;148.54;4.04;658;12;373.00;6
560;12;626902354;560;241;1219;1222;7.68;0.48;148.77;4.07;659;12;374.00;3
562;12;626902363;562;239;1224;1228;7.67;0.48;149.18;4.07;662;12;375.00;4
567;13;626902372;567;239;1226;1228;7.75;0.48;149.49;4.08;659;13;376.00;2
567;13;626902390;567;233;1226;1228;7.90;0.49;149.49;4.08;659;13;377.00;2
569;13;626902404;569;230;1230;1231;7.93;0.49;149.68;4.08;661;13;378.00;1
572;14;626902418;572;228;1231;1231;8.06;0.50;150.18;4.08;659;14;379.00;0
574;14;626902440;574;230;1231;1231;8.13;0.50;149.97;4.08;657;14;380.00;0
574;14;626902453;574;231;1232;1232;8.25;0.51;149.97;4.08;658;14;381.00;0
574;14;626902461;574;231;1233;1233;8.39;0.52;149.97;4.07;659;14;382.00;0
576;14;626902471;576;231;1233;1233;8.44;0.52;149.81;4.07;657;14;383.00;0
578;14;626902480;578;226;1246;1246;8.59;0.53;149.70;4.03;668;14;384.00;0
580;14;626902495;580;228;1246;1246;8.61;0.53;149.79;4.03;666;14;385.00;0
582;14;626902517;582;235;1246;1246;8.63;0.53;149.66;4.03;664;14;386.00;0
583;14;626902526;583;226;1247;1247;8.76;0.54;149.57;4.03;664;14;387.00;0
585;14;626902536;585;222;1247;1247;8.85;0.54;149.77;4.03;662;14;388.00;0
587;14;626902546;587;220;1250;1251;8.93;0.55;149.72;4.02;663;14;389.00;1
590;14;626902557;590;217;1250;1251;8.95;0.55;149.94;4.02;660;14;390.00;1
591;14;626902567;591;215;1255;1255;9.00;0.55;149.86;4.01;664;14;391.00;0
594;14;626902577;594;213;1255;1255;9.07;0.56;150.08;4.01;661;14;392.00;0
596;14;626902586;596;216;1255;1255;9.07;0.56;149.91;4.01;659;14;393.00;0
599;14;626902596;599;214;1255;1255;9.02;0.55;150.15;4.01;656;14;394.00;0
600;14;626902605;600;216;1255;1255;9.02;0.55;150.31;4.01;655;14;395.00;0
604;14;626902614;604;199;1265;1267;8.98;0.55;150.24;3.98;661;14;396.00;2
607;14;626902627;607;191;1265;1267;9.04;0.55;151.00;3.98;658;14;397.00;2
609;14;626902636;609;186;1267;1267;9.05;0.55;151.45;3.97;658;14;398.00;0
612;14;626902659;612;178;1267;1267;9.11;0.56;151.88;3.97;655;14;399.00;0
615;14;626902670;615;169;1267;1267;9.23;0.56;152.72;3.97;652;14;400.00;0
616;14;626902685;616;166;1267;1267;9.38;0.57;152.66;3.97;651;14;401.00;0
621;14;626902694;621;163;1268;1268;9.47;0.58;153.71;3.97;647;14;402.00;0
625;14;626902704;625;162;1268;1268;9.53;0.58;154.71;3.97;643;14;403.00;0
627;14;626902714;627;166;1273;1274;9.61;0.59;154.68;3.96;646;14;404.00;1
630;14;626902725;630;167;1276;1276;9.73;0.59;155.19;3.95;646;14;405.00;0
633;14;626902735;633;169;1276;1276;9.82;0.60;156.08;3.95;643;14;406.00;0
633;14;626902744;633;168;1276;1276;9.88;0.60;156.08;3.95;643;14;407.00;0
636;14;626902754;636;165;1280;1280;9.90;0.60;156.33;3.94;644;14;408.00;0
641;14;626902764;641;162;1280;1280;9.92;0.60;156.64;3.94;639;14;409.00;0
644;14;626902773;644;159;1280;1280;9.97;0.61;157.10;3.94;636;14;410.00;0
645;14;626902782;645;160;1281;1281;10.00;0.61;157.48;3.94;636;14;411.00;0
648;14;626902791;648;159;1285;1285;9.96;0.61;157.65;3.93;637;14;412.00;0
650;14;626902800;650;155;1285;1285;9.98;0.61;158.11;3.93;635;14;413.00;0
653;14;626902809;653;152;1287;1288;9.99;0.61;158.64;3.92;634;14;414.00;1
655;14;626902818;655;156;1287;1288;10.07;0.62;159.07;3.92;632;14;415.00;1
657;14;626902827;657;156;1288;1288;10.13;0.62;159.60;3.92;631;14;416.00;0
660;14;626902835;660;154;1288;1288;10.18;0.62;159.95;3.92;628;14;417.00;0
660;14;626902844;660;153;1291;1292;10.25;0.63;159.95;3.91;631;14;418.00;1
664;14;626902853;664;153;1291;1292;10.20;0.62;160.93;3.91;627;14;419.00;1
665;14;626902864;665;152;1292;1292;10.21;0.62;160.82;3.91;627;14;420.00;0
667;14;626902873;667;155;1292;1292;10.23;0.63;161.31;3.91;625;14;421.00;0
669;14;626902881;669;156;1293;1293;10.30;0.63;161.51;3.91;624;14;422.00;0
672;15;626902889;672;154;1294;1294;10.39;0.64;161.80;3.91;622;15;423.00;0
672;15;626902904;672;154;1294;1294;10.44;0.64;161.80;3.91;622;15;424.00;0
678;15;626902918;678;156;1295;1295;10.44;0.64;162.61;3.91;617;15;425.00;0
680;15;626902927;680;160;1295;1295;10.48;0.64;162.90;3.91;615;15;426.00;0
681;15;626902935;681;165;1295;1295;10.50;0.64;162.94;3.91;614;15;427.00;0
685;15;626902943;685;173;1295;1295;10.49;0.64;163.00;3.91;610;15;428.00;0
689;15;626902951;689;178;1295;1295;10.39;0.63;163.54;3.91;606;15;429.00;0
691;15;626902959;691;167;1295;1295;10.29;0.63;163.57;3.91;604;15;430.00;0
695;15;626902967;695;166;1295;1295;10.20;0.62;164.56;3.91;600;15;431.00;0
698;15;626902976;698;188;1375;1422;9.67;0.60;164.65;3.68;677;15;432.00;47
701;15;626902994;701;166;1375;1423;9.77;0.60;164.91;3.68;674;15;433.00;48
706;15;626903003;706;147;1381;1423;9.88;0.61;165.37;3.67;675;15;434.00;42
707;15;626903012;707;140;1382;1423;9.95;0.61;165.74;3.67;675;15;435.00;41
708;17;626903020;708;142;1388;1423;10.19;0.63;165.71;3.68;680;17;436.00;35
712;17;626903046;712;135;1389;1423;10.20;0.63;166.09;3.68;677;17;437.00;34
716;17;626903054;716;135;1393;1423;10.30;0.63;165.99;3.68;677;17;438.00;30
721;17;626903079;721;136;1397;1423;10.34;0.63;166.74;3.69;676;17;439.00;26
722;17;626903087;722;140;1402;1424;10.38;0.63;166.79;3.71;680;17;440.00;22
726;17;626903096;726;138;1404;1425;10.34;0.63;167.11;3.72;678;17;441.00;21
729;17;626903105;729;132;1407;1425;10.39;0.63;167.14;3.73;678;17;442.00;18
733;17;626903114;733;129;1412;1426;10.43;0.64;166.91;3.75;679;17;443.00;14
736;17;626903128;736;122;1413;1426;10.45;0.64;167.14;3.76;677;17;444.00;13
739;17;626903144;739;122;1416;1426;10.43;0.64;167.51;3.77;677;17;445.00;10
741;17;626903168;741;118;1418;1426;10.36;0.63;167.88;3.78;677;17;446.00;8
744;17;626903181;744;117;1420;1430;10.31;0.63;168.36;3.79;676;17;447.00;10
745;17;626903197;745;118;1422;1430;10.29;0.63;168.26;3.80;677;17;448.00;8
749;17;626903211;749;119;1422;1430;10.25;0.63;168.52;3.80;673;17;449.00;8
751;17;626903227;751;119;1426;1436;10.27;0.63;168.73;3.80;675;17;450.00;10
753;17;626903250;753;117;1426;1436;10.35;0.63;168.81;3.80;673;17;451.00;10
756;17;626903262;756;117;1427;1436;10.38;0.63;169.12;3.80;671;17;452.00;9
758;17;626903273;758;115;1430;1440;10.41;0.63;169.44;3.80;672;17;453.00;10
759;17;626903285;759;116;1432;1441;10.54;0.64;169.24;3.80;673;17;454.00;9
762;17;626903296;762;114;1433;1441;10.58;0.64;169.23;3.80;671;17;455.00;8
766;17;626903307;766;113;1435;1445;10.70;0.65;169.13;3.79;669;17;456.00;10
767;17;626903317;767;118;1438;1445;10.79;0.66;169.13;3.82;671;17;457.00;7
767;17;626903328;767;121;1438;1445;10.84;0.66;169.13;3.82;671;17;458.00;7
771;17;626903338;771;119;1442;1446;10.88;0.66;169.05;3.85;671;17;459.00;4
774;17;626903349;774;119;1442;1446;10.88;0.66;169.16;3.85;668;17;460.00;4
774;17;626903360;774;123;1445;1452;10.92;0.66;169.16;3.84;671;17;461.00;7
778;17;626903377;778;125;1448;1452;10.79;0.65;169.10;3.86;670;17;462.00;4
779;17;626903389;779;123;1448;1453;10.76;0.65;169.24;3.86;669;17;463.00;5
780;17;626903399;780;123;1448;1453;10.67;0.65;169.07;3.86;668;17;464.00;5
780;17;626903415;780;122;1449;1453;10.69;0.65;169.07;3.86;669;17;465.00;4
782;17;626903425;782;122;1449;1453;10.73;0.65;169.17;3.86;667;17;466.00;4
784;17;626903435;784;128;1449;1453;10.84;0.66;169.45;3.86;665;17;467.00;4
785;17;626903447;785;132;1458;1465;10.93;0.66;169.37;3.84;673;17;468.00;7
787;17;626903458;787;135;1459;1465;11.02;0.67;169.55;3.84;672;17;469.00;6
790;17;626903472;790;134;1462;1465;11.07;0.67;169.96;3.85;672;17;470.00;3
792;17;626903503;792;139;1462;1465;11.23;0.68;169.99;3.85;670;17;471.00;3
793;17;626903515;793;139;1462;1465;11.30;0.69;170.01;3.85;669;17;472.00;3
797;17;626903525;797;141;1463;1465;11.39;0.69;169.94;3.86;666;17;473.00;2
797;17;626903536;797;147;1467;1469;11.32;0.69;169.94;3.86;670;17;474.00;2
801;17;626903546;801;147;1468;1469;11.31;0.69;170.02;3.86;667;17;475.00;1
802;17;626903556;802;150;1472;1473;11.31;0.69;170.04;3.85;670;17;476.00;1
805;17;626903567;805;155;1473;1474;11.29;0.69;170.11;3.85;668;17;477.00;1
806;17;626903577;806;158;1474;1474;11.29;0.69;170.13;3.85;668;17;478.00;0
810;17;626903587;810;166;1474;1474;11.26;0.69;170.24;3.85;664;17;479.00;0
810;17;626903601;810;172;1495;1500;11.17;0.68;170.24;3.80;685;17;480.00;5
812;17;626903612;812;171;1496;1500;11.09;0.68;170.16;3.79;684;17;481.00;4
813;17;626903623;813;174;1499;1500;11.00;0.67;170.07;3.79;686;17;482.00;1
814;17;626903632;814;180;1501;1501;10.93;0.67;170.01;3.79;687;17;483.00;0
815;17;626903642;815;185;1502;1502;10.81;0.66;169.96;3.79;687;17;484.00;0
816;17;626903652;816;192;1502;1502;10.64;0.65;169.81;3.79;686;17;485.00;0
819;17;626903662;819;196;1504;1505;10.55;0.65;169.74;3.78;685;17;486.00;1
822;17;626903673;822;202;1504;1505;10.42;0.64;169.66;3.78;682;17;487.00;1
826;17;626903683;826;206;1505;1505;10.24;0.63;169.47;3.78;679;17;488.00;0
828;17;626903693;828;209;1505;1505;10.16;0.62;169.29;3.78;677;17;489.00;0
830;17;626903703;830;208;1510;1511;10.17;0.62;169.51;3.77;680;17;490.00;1
832;17;626903712;832;209;1510;1511;10.02;0.61;169.38;3.77;678;17;491.00;1
833;17;626903721;833;211;1511;1511;9.94;0.61;169.32;3.77;678;17;492.00;0
834;17;626903730;834;213;1511;1511;9.87;0.61;169.19;3.77;677;17;493.00;0
836;17;626903738;836;218;1515;1515;9.77;0.60;169.02;3.76;679;17;494.00;0
838;17;626903748;838;221;1517;1517;9.70;0.60;169.07;3.76;679;17;495.00;0
841;17;626903757;841;223;1517;1517;9.60;0.59;169.12;3.76;676;17;496.00;0
844;17;626903772;844;226;1518;1518;9.57;0.59;168.92;3.76;674;17;497.00;0
847;17;626903780;847;228;1518;1518;9.54;0.58;168.78;3.76;671;17;498.00;0
851;17;626903789;851;229;1518;1518;9.52;0.58;168.84;3.76;667;17;499.00;0
852;17;626903798;852;231;1518;1518;9.44;0.58;168.68;3.76;666;17;500.00;0
856;17;626903811;856;233;1518;1518;9.36;0.57;169.02;3.76;662;17;501.00;0
857;17;626903820;857;234;1518;1518;9.22;0.57;169.25;3.76;661;17;502.00;0
861;17;626903827;861;242;1518;1518;9.11;0.56;169.31;3.76;657;17;503.00;0
863;17;626903836;863;247;1556;1588;9.20;0.56;169.56;3.66;693;17;504.00;32
869;17;626903850;869;247;1560;1589;8.96;0.55;169.78;3.66;691;17;505.00;29
871;17;626903859;871;247;1569;1589;8.88;0.54;169.58;3.65;698;17;506.00;20
873;17;626903867;873;244;1570;1589;8.75;0.54;170.13;3.65;697;17;507.00;19
875;17;626903875;875;252;1577;1589;8.68;0.53;170.19;3.65;702;17;508.00;12
877;17;626903883;877;252;1577;1589;8.49;0.52;170.50;3.65;700;17;509.00;12
881;17;626903892;881;247;1582;1589;8.39;0.52;171.43;3.66;701;17;510.00;7
885;17;626903901;885;240;1585;1589;8.32;0.51;171.83;3.66;700;17;511.00;4
890;17;626903912;890;237;1589;1590;8.28;0.51;172.10;3.67;699;17;512.00;1
892;17;626903921;892;237;1590;1591;8.14;0.50;172.54;3.67;698;17;513.00;1
896;17;626903929;896;243;1591;1591;8.04;0.49;172.88;3.67;695;17;514.00;0
899;17;626903937;899;245;1595;1595;7.93;0.49;172.95;3.66;696;17;515.00;0
902;17;626903946;902;250;1595;1595;7.91;0.48;172.98;3.66;693;17;516.00;0
905;17;626903954;905;252;1595;1595;7.90;0.48;173.34;3.66;690;17;517.00;0
909;17;626903963;909;256;1595;1595;7.82;0.48;173.68;3.66;686;17;518.00;0
910;17;626903972;910;257;1600;1601;7.89;0.48;173.75;3.66;690;17;519.00;1
913;17;626903981;913;260;1600;1601;7.87;0.48;174.24;3.66;687;17;520.00;1
914;17;626903990;914;261;1601;1601;7.89;0.48;174.25;3.66;687;17;521.00;0
916;17;626903998;916;262;1603;1604;7.89;0.48;174.43;3.65;687;17;522.00;1
916;17;626904007;916;241;1604;1604;7.98;0.49;174.43;3.65;688;17;523.00;0
919;17;626904016;919;223;1604;1604;8.07;0.49;174.56;3.65;685;17;524.00;0
921;17;626904025;921;218;1605;1605;8.14;0.50;174.65;3.65;684;17;525.00;0
926;17;626904034;926;212;1606;1606;8.19;0.50;174.94;3.65;680;17;526.00;0
929;17;626904043;929;205;1606;1606;8.27;0.50;175.06;3.65;677;17;527.00;0
932;17;626904052;932;203;1617;1619;8.43;0.51;175.21;3.62;685;17;528.00;2
933;17;626904069;933;194;1617;1619;8.53;0.52;175.44;3.62;684;17;529.00;2
937;17;626904084;937;192;1619;1619;8.56;0.52;176.05;3.62;682;17;530.00;0
941;17;626904094;941;196;1620;1620;8.66;0.53;175.94;3.62;679;17;531.00;0
944;17;626904103;944;193;1620;1620;8.68;0.53;175.99;3.62;676;17;532.00;0
946;17;626904119;946;192;1623;1624;8.71;0.53;176.06;3.61;677;17;533.00;1
949;17;626904129;949;187;1623;1624;8.79;0.54;175.99;3.61;674;17;534.00;1
952;17;626904139;952;186;1628;1628;8.86;0.54;176.09;3.61;676;17;535.00;0
956;17;626904150;956;185;1628;1628;8.85;0.54;176.61;3.61;672;17;536.00;0
957;17;626904160;957;184;1628;1628;8.94;0.55;176.50;3.61;671;17;537.00;0
964;17;626904170;964;182;1628;1628;8.98;0.55;176.80;3.61;664;17;538.00;0
969;17;626904180;969;180;1628;1628;9.01;0.55;177.12;3.61;659;17;539.00;0
971;17;626904192;971;186;1658;1662;9.05;0.55;177.23;3.54;687;17;540.00;4
972;17;626904204;972;186;1658;1662;9.06;0.56;177.26;3.54;686;17;541.00;4
977;17;626904214;977;194;1659;1662;9.01;0.55;177.25;3.54;682;17;542.00;3
978;17;626904224;978;192;1659;1662;9.03;0.55;177.25;3.54;681;17;543.00;3
980;17;626904233;980;194;1660;1662;9.05;0.56;177.11;3.54;680;17;544.00;2
983;17;626904243;983;198;1660;1662;9.14;0.56;176.84;3.54;677;17;545.00;2
988;17;626904252;988;197;1662;1663;9.20;0.57;176.96;3.54;674;17;546.00;1
993;17;626904262;993;198;1662;1663;9.23;0.57;177.53;3.54;669;17;547.00;1
995;17;626904272;995;188;1667;1669;9.27;0.57;177.60;3.54;672;17;548.00;2
1000;17;626904283;1000;193;1668;1670;9.28;0.57;177.52;3.53;668;17;549.00;2
1003;17;626904292;1003;192;1669;1670;9.28;0.57;177.59;3.53;666;17;550.00;1
1007;17;626904302;1007;191;1669;1670;9.32;0.57;177.70;3.53;662;17;551.00;1
1008;17;626904311;1008;193;1674;1674;9.33;0.57;177.74;3.53;666;17;552.00;0
1012;17;626904320;1012;193;1674;1674;9.30;0.57;178.22;3.53;662;17;553.00;0
1013;17;626904329;1013;200;1674;1674;9.33;0.57;178.29;3.53;661;17;554.00;0
1017;17;626904339;1017;204;1675;1675;9.28;0.57;178.79;3.52;658;17;555.00;0
1021;17;626904348;1021;205;1679;1679;9.22;0.56;178.97;3.52;658;17;556.00;0
1026;17;626904357;1026;198;1679;1679;9.14;0.56;179.66;3.52;653;17;557.00;0
1028;17;626904367;1028;194;1681;1682;9.15;0.56;179.96;3.51;653;17;558.00;1
1032;17;626904377;1032;197;1681;1682;9.18;0.56;180.57;3.51;649;17;559.00;1
1036;17;626904386;1036;199;1682;1682;9.22;0.56;180.82;3.51;646;17;560.00;0
1039;17;626904396;1039;206;1682;1682;9.30;0.56;181.22;3.51;643;17;561.00;0
1042;17;626904405;1042;208;1685;1686;9.37;0.57;181.34;3.51;643;17;562.00;1
1044;17;626904416;1044;204;1685;1686;9.40;0.57;181.81;3.51;641;17;563.00;1
1048;17;626904426;1048;205;1686;1686;9.43;0.57;181.99;3.51;638;17;564.00;0
1049;17;626904436;1049;207;1686;1686;9.43;0.57;182.19;3.51;637;17;565.00;0
1052;17;626904446;1052;196;1687;1687;9.42;0.57;182.58;3.51;635;17;566.00;0
1054;17;626904456;1054;185;1688;1688;9.48;0.57;182.69;3.50;634;17;567.00;0
1056;17;626904466;1056;175;1688;1688;9.56;0.58;182.90;3.50;632;17;568.00;0
1058;17;626904476;1058;167;1689;1689;9.64;0.59;183.24;3.50;631;17;569.00;0
1059;17;626904488;1059;161;1689;1689;9.70;0.59;183.46;3.50;630;17;570.00;0
1061;17;626904498;1061;162;1689;1689;9.80;0.59;183.60;3.50;628;17;571.00;0
1064;17;626904507;1064;168;1689;1689;9.91;0.60;183.74;3.50;625;17;572.00;0
1066;17;626904517;1066;165;1689;1689;10.06;0.61;184.03;3.50;623;17;573.00;0
1070;17;626904527;1070;167;1689;1689;10.15;0.62;184.04;3.50;619;17;574.00;0
1072;17;626904536;1072;163;1689;1689;10.24;0.62;184.08;3.50;617;17;575.00;0
1076;17;626904545;1076;192;1771;1816;10.08;0.62;184.52;3.34;695;17;576.00;45
1077;17;626904565;1077;176;1774;1817;10.09;0.62;184.66;3.34;697;17;577.00;43
1080;18;626904580;1080;158;1782;1817;10.16;0.63;184.57;3.33;702;18;578.00;35
1082;18;626904611;1082;149;1785;1817;10.21;0.63;184.65;3.33;703;18;579.00;32
1085;18;626904621;1085;145;1789;1817;10.28;0.64;184.96;3.33;704;18;580.00;28
1087;18;626904636;1087;137;1793;1817;10.37;0.64;185.38;3.34;706;18;581.00;24
1090;18;626904646;1090;138;1798;1817;10.45;0.65;185.59;3.34;708;18;582.00;19
1090;18;626904656;1090;140;1802;1817;10.48;0.65;185.59;3.35;712;18;583.00;15
1096;18;626904665;1096;137;1807;1818;10.55;0.65;185.79;3.36;711;18;584.00;11
1097;18;626904675;1097;144;1808;1820;10.53;0.65;186.08;3.36;711;18;585.00;12
1103;18;626904685;1103;143;1811;1820;10.48;0.65;186.52;3.37;708;18;586.00;9
1103;18;626904701;1103;149;1812;1821;10.49;0.65;186.52;3.37;709;18;587.00;9
1107;18;626904710;1107;152;1815;1821;10.49;0.65;186.90;3.38;708;18;588.00;6
1109;18;626904721;1109;154;1815;1821;10.51;0.65;187.09;3.38;706;18;589.00;6
1113;18;626904731;1113;153;1818;1821;10.55;0.65;187.21;3.40;705;18;590.00;3
1115;18;626904741;1115;153;1820;1825;10.53;0.65;187.29;3.40;705;18;591.00;5
1116;18;626904752;1116;158;1821;1825;10.52;0.65;187.22;3.41;705;18;592.00;4
1119;18;626904762;1119;161;1822;1825;10.55;0.65;187.51;3.41;703;18;593.00;3
1121;18;626904772;1121;167;1825;1828;10.57;0.65;187.66;3.41;704;18;594.00;3
1123;18;626904782;1123;169;1825;1828;10.58;0.65;187.80;3.41;702;18;595.00;3
1124;18;626904792;1124;174;1826;1828;10.59;0.65;187.78;3.41;702;18;596.00;2
1124;18;626904806;1124;176;1830;1832;10.59;0.65;187.78;3.41;706;18;597.00;2
1125;18;626904822;1125;182;1832;1833;10.66;0.65;187.86;3.41;707;18;598.00;1
1128;18;626904832;1128;184;1832;1833;10.70;0.65;187.80;3.41;704;18;599.00;1
1130;18;626904850;1130;188;1843;1859;10.65;0.65;187.84;3.39;713;18;600.00;16
1132;18;626904867;1132;183;1846;1859;10.58;0.65;187.97;3.39;714;18;601.00;13
1133;18;626904877;1133;178;1846;1859;10.59;0.65;187.90;3.39;713;18;602.00;13
1136;19;626904886;1136;173;1847;1860;10.63;0.65;187.77;3.39;711;19;603.00;13
1138;19;626904904;1138;175;1848;1860;10.65;0.65;187.98;3.39;710;19;604.00;12
1141;19;626904918;1141;173;1852;1866;10.67;0.65;187.98;3.38;711;19;605.00;14
1145;19;626904928;1145;172;1852;1866;10.68;0.65;188.62;3.38;707;19;606.00;14
1149;19;626904937;1149;170;1856;1867;10.60;0.65;189.15;3.39;707;19;607.00;11
1151;19;626904947;1151;164;1856;1867;10.64;0.65;189.14;3.39;705;19;608.00;11
1155;19;626904957;1155;165;1856;1867;10.66;0.65;189.15;3.39;701;19;609.00;11
1158;19;626904966;1158;159;1858;1867;10.65;0.65;189.65;3.39;700;19;610.00;9
1161;19;626904976;1161;157;1858;1867;10.66;0.65;189.72;3.39;697;19;611.00;9
1164;19;626904985;1164;149;1869;1879;10.65;0.65;189.67;3.38;705;19;612.00;10
1170;19;626904994;1170;138;1870;1879;10.54;0.64;189.81;3.38;700;19;613.00;9
1173;19;626905010;1173;136;1870;1879;10.58;0.64;190.02;3.38;697;19;614.00;9
1180;19;626905025;1180;129;1871;1879;10.55;0.64;190.44;3.38;691;19;615.00;8
1185;19;626905034;1185;124;1871;1879;10.55;0.64;190.56;3.38;686;19;616.00;8
1187;19;626905044;1187;115;1871;1879;10.61;0.64;190.95;3.38;684;19;617.00;8
1188;19;626905053;1188;111;1875;1883;10.65;0.64;190.89;3.38;687;19;618.00;8
1190;19;626905062;1190;108;1876;1883;10.72;0.65;191.01;3.38;686;19;619.00;7
1191;19;626905071;1191;99;1879;1887;10.88;0.66;191.18;3.38;688;19;620.00;8
1191;19;626905081;1191;96;1880;1888;11.08;0.67;191.18;3.38;689;19;621.00;8
1195;19;626905091;1195;94;1881;1888;11.19;0.68;191.64;3.38;686;19;622.00;7
1203;19;626905101;1203;92;1881;1888;11.24;0.68;191.98;3.38;678;19;623.00;7
1205;19;626905111;1205;95;1889;1901;11.20;0.68;191.74;3.36;684;19;624.00;12
1209;19;626905121;1209;95;1890;1901;11.20;0.68;192.23;3.38;681;19;625.00;11
1211;20;626905131;1211;98;1890;1901;11.21;0.68;192.26;3.38;679;20;626.00;11
1214;20;626905161;1214;101;1891;1902;11.23;0.68;192.17;3.37;677;20;627.00;11
1218;20;626905176;1218;104;1891;1903;11.23;0.68;192.45;3.37;673;20;628.00;12
1221;20;626905205;1221;108;1892;1903;11.20;0.68;192.40;3.39;671;20;629.00;11
1223;20;626905230;1223;113;1895;1909;11.18;0.68;192.65;3.38;672;20;630.00;14
1229;20;626905245;1229;118;1898;1909;11.18;0.68;192.87;3.40;669;20;631.00;11
1229;20;626905260;1229;122;1899;1909;11.18;0.68;192.87;3.40;670;20;632.00;10
1230;20;626905273;1230;121;1900;1909;11.21;0.68;192.74;3.41;670;20;633.00;9
1234;20;626905285;1234;126;1904;1915;11.21;0.68;192.98;3.40;670;20;634.00;11
1235;20;626905296;1235;124;1905;1915;11.17;0.68;193.06;3.42;670;20;635.00;10
1238;20;626905307;1238;126;1906;1915;11.15;0.68;193.03;3.42;668;20;636.00;9
1239;20;626905318;1239;130;1906;1915;11.14;0.68;193.10;3.42;667;20;637.00;9
1240;20;626905329;1240;130;1910;1919;11.14;0.68;192.97;3.42;670;20;638.00;9
1242;20;626905340;1242;136;1911;1920;11.12;0.68;192.79;3.41;669;20;639.00;9
1243;20;626905351;1243;142;1913;1920;11.02;0.67;192.84;3.43;670;20;640.00;7
1245;20;626905362;1245;150;1915;1921;11.01;0.67;192.88;3.45;670;20;641.00;6
1247;20;626905373;1247;152;1915;1921;10.94;0.66;192.88;3.45;668;20;642.00;6
1248;20;626905383;1248;154;1917;1921;10.82;0.66;192.78;3.45;669;20;643.00;4
1251;20;626905400;1251;163;1917;1921;10.66;0.65;192.77;3.45;666;20;644.00;4
1251;20;626905410;1251;164;1917;1921;10.56;0.64;192.77;3.45;666;20;645.00;4
1251;20;626905421;1251;168;1917;1921;10.48;0.64;192.77;3.45;666;20;646.00;4
1255;20;626905430;1255;173;1920;1921;10.37;0.63;192.36;3.49;665;20;647.00;1
1255;20;626905439;1255;181;1956;1991;10.42;0.64;192.36;3.43;701;20;648.00;35
1257;20;626905454;1257;185;1960;1992;10.25;0.63;192.39;3.44;703;20;649.00;32
1259;20;626905464;1259;186;1969;1992;10.18;0.62;192.17;3.43;710;20;650.00;23
1260;20;626905475;1260;190;1976;1992;10.07;0.62;192.08;3.43;716;20;651.00;16
1261;20;626905491;1261;198;1981;1992;10.03;0.61;191.99;3.43;720;20;652.00;11
1261;20;626905501;1261;200;1986;1992;10.06;0.62;191.99;3.43;725;20;653.00;6
1262;20;626905510;1262;195;1989;1992;10.03;0.61;191.90;3.44;727;20;654.00;3
1264;20;626905519;1264;200;1990;1992;9.98;0.61;191.78;3.44;726;20;655.00;2
1268;20;626905528;1268;206;1992;1993;9.89;0.60;191.69;3.44;724;20;656.00;1
1268;20;626905539;1268;210;1993;1994;9.80;0.60;191.69;3.44;725;20;657.00;1
1268;20;626905549;1268;215;1994;1994;9.73;0.60;191.69;3.44;726;20;658.00;0
1269;20;626905559;1269;222;1998;1998;9.60;0.59;191.63;3.44;729;20;659.00;0
1270;20;626905602;1270;222;1998;1998;9.42;0.58;191.49;3.44;728;20;660.00;0
1270;20;626905617;1270;228;1998;1998;9.31;0.57;191.49;3.44;728;20;661.00;0
1274;20;626905627;1274;236;1998;1998;9.16;0.56;191.38;3.44;724;20;662.00;0
1277;20;626905635;1277;240;2003;2004;9.07;0.56;191.36;3.43;726;20;663.00;1
1279;20;626905646;1279;244;2003;2004;9.01;0.55;191.44;3.43;724;20;664.00;1
1281;20;626905655;1281;252;2004;2004;8.94;0.55;191.43;3.43;723;20;665.00;0
1281;20;626905664;1281;256;2006;2007;8.95;0.55;191.43;3.43;725;20;666.00;1
1281;20;626905673;1281;261;2007;2007;8.89;0.54;191.43;3.43;726;20;667.00;0
1281;20;626905691;1281;264;2007;2007;8.76;0.54;191.43;3.43;726;20;668.00;0
1281;20;626905699;1281;268;2008;2008;8.66;0.53;191.43;3.42;727;20;669.00;0
1283;20;626905708;1283;271;2009;2009;8.50;0.52;191.33;3.42;726;20;670.00;0
1288;20;626905716;1288;281;2009;2009;8.32;0.51;191.43;3.42;721;20;671.00;0
1289;20;626905726;1289;291;2022;2022;8.18;0.50;191.36;3.40;733;20;672.00;0
1295;20;626905735;1295;294;2022;2022;7.93;0.48;191.36;3.40;727;20;673.00;0
1301;20;626905744;1301;295;2022;2022;7.74;0.47;191.08;3.40;721;20;674.00;0
1304;20;626905752;1304;283;2024;2024;7.66;0.46;191.16;3.40;720;20;675.00;0
1307;20;626905761;1307;274;2024;2024;7.52;0.46;191.37;3.40;717;20;676.00;0
1307;20;626905769;1307;269;2027;2028;7.46;0.45;191.37;3.39;720;20;677.00;1
1310;20;626905778;1310;265;2027;2028;7.35;0.45;191.54;3.39;717;20;678.00;1
1312;20;626905786;1312;267;2032;2032;7.27;0.44;191.86;3.39;720;20;679.00;0
1312;20;626905794;1312;250;2032;2032;7.25;0.44;191.86;3.39;720;20;680.00;0
1316;20;626905809;1316;241;2032;2032;7.18;0.44;192.06;3.39;716;20;681.00;0
1317;20;626905830;1317;232;2032;2032;7.23;0.44;192.22;3.39;715;20;682.00;0
1320;20;626905838;1320;231;2032;2032;7.26;0.44;192.43;3.39;712;20;683.00;0
1324;20;626905847;1324;230;2043;2044;7.35;0.45;192.53;3.37;719;20;684.00;1
1326;20;626905857;1326;226;2043;2044;7.35;0.45;192.56;3.37;717;20;685.00;1
1328;20;626905866;1328;229;2044;2044;7.37;0.45;192.82;3.37;716;20;686.00;0
1330;20;626905875;1330;219;2044;2044;7.41;0.45;193.19;3.37;714;20;687.00;0
1333;20;626905884;1333;218;2044;2044;7.50;0.46;193.44;3.37;711;20;688.00;0
1334;20;626905893;1334;207;2044;2044;7.68;0.47;193.60;3.37;710;20;689.00;0
1338;20;626905904;1338;200;2045;2045;7.80;0.48;194.11;3.37;707;20;690.00;0
1339;20;626905913;1339;193;2045;2045;7.98;0.49;194.27;3.37;706;20;691.00;0
1340;20;626905923;1340;188;2050;2051;8.21;0.50;194.42;3.36;710;20;692.00;1
1342;20;626905932;1342;189;2052;2052;8.35;0.51;194.65;3.36;710;20;693.00;0
1344;20;626905943;1344;184;2052;2052;8.51;0.52;194.69;3.36;708;20;694.00;0
1347;20;626905953;1347;182;2052;2052;8.57;0.52;194.81;3.36;705;20;695.00;0
1349;20;626905963;1349;182;2056;2056;8.70;0.53;194.91;3.35;707;20;696.00;0
1354;20;626905973;1354;180;2056;2056;8.80;0.54;195.33;3.35;702;20;697.00;0
1359;20;626905983;1359;175;2056;2056;8.88;0.54;195.17;3.35;697;20;698.00;0
1360;20;626905993;1360;173;2057;2057;9.04;0.55;195.12;3.35;697;20;699.00;0
1364;20;626906004;1364;171;2061;2061;9.19;0.56;195.29;3.35;697;20;700.00;0
1368;20;626906019;1368;166;2061;2061;9.22;0.56;195.47;3.35;693;20;701.00;0
1372;20;626906036;1372;166;2063;2064;9.26;0.57;195.34;3.35;691;20;702.00;1
1376;20;626906046;1376;158;2063;2064;9.35;0.57;195.25;3.35;687;20;703.00;1
1381;20;626906056;1381;152;2064;2064;9.40;0.57;195.46;3.34;683;20;704.00;0
1385;20;626906067;1385;148;2064;2064;9.38;0.57;195.47;3.34;679;20;705.00;0
1390;20;626906076;1390;151;2067;2068;9.48;0.58;195.72;3.34;677;20;706.00;1
1398;20;626906087;1398;147;2067;2068;9.53;0.58;195.92;3.34;669;20;707.00;1
1401;20;626906098;1401;147;2068;2068;9.60;0.59;196.16;3.34;667;20;708.00;0
1409;20;626906107;1409;151;2068;2068;9.64;0.59;196.42;3.34;659;20;709.00;0
1412;20;626906118;1412;151;2069;2069;9.71;0.59;196.43;3.34;657;20;710.00;0
1418;20;626906128;1418;151;2070;2070;9.74;0.60;196.62;3.34;652;20;711.00;0
1422;20;626906139;1422;153;2070;2070;9.78;0.60;196.76;3.34;648;20;712.00;0
1425;20;626906152;1425;151;2071;2071;9.85;0.60;196.85;3.34;646;20;713.00;0
1428;20;626906163;1428;153;2071;2071;9.91;0.61;196.93;3.34;643;20;714.00;0
1432;20;626906173;1432;148;2071;2071;9.96;0.61;197.06;3.34;639;20;715.00;0
1435;20;626906182;1435;145;2071;2071;9.99;0.61;197.09;3.34;636;20;716.00;0
1439;20;626906192;1439;143;2071;2071;10.00;0.61;196.92;3.34;632;20;717.00;0
1445;20;626906203;1445;146;2071;2071;10.05;0.61;197.07;3.34;626;20;718.00;0
1449;20;626906212;1449;150;2071;2071;10.02;0.61;197.19;3.34;622;20;719.00;0
1451;20;626906223;1451;184;2194;2301;10.02;0.63;197.24;3.15;743;20;720.00;107
1458;20;626906253;1458;177;2203;2302;9.86;0.62;197.82;3.14;745;20;721.00;99
1461;20;626906264;1461;166;2215;2302;9.86;0.62;198.35;3.14;754;20;722.00;87
1463;21;626906275;1463;165;2224;2302;9.75;0.61;198.34;3.14;761;21;723.00;78
1467;21;626906300;1467;171;2229;2302;9.67;0.60;198.90;3.14;762;21;724.00;73
1469;21;626906311;1469;173;2238;2302;9.58;0.60;199.26;3.15;769;21;725.00;64
1475;21;626906321;1475;180;2243;2302;9.47;0.59;199.60;3.15;768;21;726.00;59
1478;21;626906331;1478;176;2247;2302;9.32;0.58;199.86;3.16;769;21;727.00;55
1482;21;626906342;1482;177;2253;2303;9.21;0.57;200.10;3.17;771;21;728.00;50
1482;21;626906353;1482;183;2256;2304;9.20;0.57;200.10;3.18;774;21;729.00;48
1486;21;626906363;1486;187;2261;2304;9.19;0.57;200.29;3.19;775;21;730.00;43
1488;21;626906374;1488;191;2265;2305;9.20;0.57;200.41;3.20;777;21;731.00;40
1492;21;626906385;1492;201;2271;2305;9.17;0.57;200.52;3.23;779;21;732.00;34
1497;21;626906396;1497;201;2274;2305;9.15;0.57;200.90;3.24;777;21;733.00;31
1501;21;626906408;1501;212;2277;2305;9.13;0.56;201.31;3.25;776;21;734.00;28
1502;21;626906419;1502;218;2280;2309;9.16;0.56;201.45;3.25;778;21;735.00;29
1505;21;626906436;1505;212;2283;2309;9.20;0.57;201.67;3.27;778;21;736.00;26
1507;21;626906447;1507;210;2286;2309;9.25;0.57;201.79;3.29;779;21;737.00;23
1511;21;626906463;1511;197;2287;2312;9.30;0.57;201.92;3.29;776;21;738.00;25
1513;21;626906485;1513;194;2288;2312;9.35;0.57;202.11;3.29;775;21;739.00;24
1515;21;626906501;1515;201;2288;2312;9.46;0.58;202.20;3.29;773;21;740.00;24
1518;21;626906513;1518;207;2294;2316;9.45;0.58;202.56;3.31;776;21;741.00;22
1522;21;626906525;1522;201;2297;2317;9.51;0.58;202.67;3.32;775;21;742.00;20
1526;22;626906538;1526;202;2297;2317;9.62;0.59;202.64;3.32;771;22;743.00;20
1528;22;626906556;1528;202;2302;2321;9.71;0.59;202.81;3.33;774;22;744.00;19
1532;22;626906568;1532;202;2303;2321;9.80;0.60;203.05;3.34;771;22;745.00;18
1534;22;626906584;1534;209;2305;2321;9.86;0.60;203.11;3.35;771;22;746.00;16
1539;22;626906596;1539;207;2305;2322;9.90;0.60;203.14;3.35;766;22;747.00;17
1540;22;626906608;1540;207;2305;2322;9.91;0.60;203.29;3.35;765;22;748.00;17
1542;22;626906620;1542;210;2311;2328;9.88;0.60;203.34;3.36;769;22;749.00;17
1545;22;626906634;1545;207;2312;2328;9.95;0.61;203.45;3.36;767;22;750.00;16
1545;23;626906652;1545;207;2313;2329;10.08;0.62;203.45;3.36;768;23;751.00;16
1547;23;626906685;1547;202;2314;2329;10.17;0.62;203.32;3.36;767;23;752.00;15
1550;23;626906698;1550;197;2315;2329;10.20;0.62;203.56;3.38;765;23;753.00;14
1555;23;626906714;1555;195;2316;2329;10.21;0.62;203.73;3.38;761;23;754.00;13
1558;23;626906728;1558;195;2316;2329;10.19;0.62;203.92;3.38;758;23;755.00;13
1561;23;626906739;1561;194;2327;2341;10.12;0.62;203.96;3.38;766;23;756.00;14
1563;23;626906751;1563;195;2327;2341;10.11;0.62;204.07;3.38;764;23;757.00;14
1565;23;626906762;1565;193;2328;2341;10.13;0.62;204.27;3.38;763;23;758.00;13
1566;23;626906787;1566;197;2329;2341;10.11;0.62;204.44;3.38;763;23;759.00;12
1568;23;626906798;1568;196;2330;2341;10.15;0.62;204.40;3.38;762;23;760.00;11
1570;24;626906808;1570;204;2330;2341;10.15;0.62;204.28;3.38;760;24;761.00;11
1574;24;626906828;1574;205;2335;2345;10.11;0.62;204.38;3.38;761;24;762.00;10
1576;25;626906839;1576;205;2335;2345;10.17;0.62;204.56;3.38;759;25;763.00;10
1578;25;626906859;1578;206;2338;2349;10.14;0.62;204.74;3.38;760;25;764.00;11
1580;25;626906876;1580;212;2340;2351;10.10;0.62;204.77;3.37;760;25;765.00;11
1582;25;626906887;1582;214;2341;2351;10.09;0.62;204.79;3.37;759;25;766.00;10
1584;25;626906897;1584;219;2341;2351;10.05;0.61;204.77;3.37;757;25;767.00;10
1585;25;626906907;1585;218;2351;2364;9.95;0.61;204.75;3.36;766;25;768.00;13
1588;25;626906918;1588;222;2352;2364;9.92;0.61;204.90;3.38;764;25;769.00;12
1589;25;626906928;1589;214;2353;2364;9.91;0.61;204.85;3.38;764;25;770.00;11
1595;25;626906939;1595;214;2354;2365;9.88;0.60;205.02;3.38;759;25;771.00;11
1596;25;626906949;1596;210;2354;2366;9.84;0.60;205.05;3.38;758;25;772.00;12
1598;25;626906959;1598;214;2354;2366;9.80;0.60;205.21;3.38;756;25;773.00;12
1601;25;626906970;1601;211;2356;2369;9.73;0.59;205.41;3.37;755;25;774.00;13
1603;25;626906980;1603;211;2356;2369;9.71;0.59;205.59;3.37;753;25;775.00;13
1610;25;626906990;1610;210;2357;2369;9.66;0.59;205.81;3.37;747;25;776.00;12
1616;25;626907007;1616;210;2357;2369;9.51;0.58;206.11;3.37;741;25;777.00;12
1619;25;626907017;1619;213;2361;2375;9.43;0.57;206.36;3.37;742;25;778.00;14
1622;25;626907027;1622;208;2361;2375;9.38;0.57;206.53;3.37;739;25;779.00;14
1624;26;626907038;1624;202;2362;2375;9.34;0.57;206.68;3.37;738;26;780.00;13
1629;26;626907054;1629;203;2362;2375;9.28;0.56;206.75;3.37;733;26;781.00;13
1630;26;626907063;1630;200;2365;2379;9.18;0.56;206.83;3.37;735;26;782.00;14
1632;26;626907078;1632;194;2366;2380;9.14;0.56;207.02;3.37;734;26;783.00;14
1635;26;626907087;1635;183;2367;2380;9.10;0.55;207.11;3.39;732;26;784.00;13
1636;26;626907097;1636;183;2370;2381;9.10;0.55;207.20;3.40;734;26;785.00;11
1638;26;626907110;1638;181;2370;2381;9.17;0.56;207.29;3.40;732;26;786.00;11
1640;26;626907119;1640;183;2370;2381;9.26;0.56;207.30;3.40;730;26;787.00;11
1644;26;626907128;1644;177;2370;2381;9.32;0.57;207.23;3.40;726;26;788.00;11
1647;26;626907138;1647;174;2370;2381;9.37;0.57;207.21;3.40;723;26;789.00;11
1648;26;626907149;1648;172;2370;2381;9.46;0.58;207.12;3.40;722;26;790.00;11
1652;26;626907162;1652;172;2370;2381;9.48;0.58;206.83;3.40;718;26;791.00;11
1653;26;626907180;1653;178;2400;2451;9.60;0.59;206.77;3.35;747;26;792.00;51
1653;26;626907205;1653;173;2401;2452;9.63;0.59;206.77;3.35;748;26;793.00;51
1655;26;626907219;1655;167;2407;2452;9.70;0.60;206.61;3.35;752;26;794.00;45
1658;26;626907232;1658;173;2410;2452;9.70;0.59;206.42;3.38;752;26;795.00;42
1660;26;626907247;1660;173;2413;2452;9.78;0.60;206.33;3.38;753;26;796.00;39
1661;26;626907262;1661;175;2416;2452;9.79;0.60;206.34;3.41;755;26;797.00;36
1663;26;626907274;1663;177;2419;2452;9.82;0.60;206.37;3.41;756;26;798.00;33
1666;26;626907285;1666;181;2420;2452;9.85;0.60;206.19;3.42;754;26;799.00;32
1667;26;626907297;1667;186;2423;2453;9.89;0.60;206.12;3.45;756;26;800.00;30
1670;26;626907312;1670;190;2426;2454;9.82;0.60;206.02;3.45;756;26;801.00;28
1673;26;626907324;1673;195;2433;2454;9.83;0.60;205.85;3.47;760;26;802.00;21
1674;26;626907335;1674;203;2437;2458;9.78;0.60;205.78;3.50;763;26;803.00;21
1676;26;626907348;1676;206;2443;2458;9.74;0.59;205.69;3.55;767;26;804.00;15
1677;26;626907359;1677;210;2444;2458;9.65;0.59;205.60;3.55;767;26;805.00;14
1681;26;626907370;1681;210;2444;2458;9.56;0.58;205.56;3.55;763;26;806.00;14
1684;26;626907381;1684;217;2449;2464;9.54;0.58;205.64;3.58;765;26;807.00;15
1686;26;626907393;1686;225;2450;2464;9.58;0.58;205.52;3.58;764;26;808.00;14
1686;26;626907403;1686;234;2452;2464;9.56;0.58;205.52;3.62;766;26;809.00;12
1691;26;626907416;1691;239;2456;2470;9.56;0.58;205.33;3.63;765;26;810.00;14
1692;27;626907428;1692;246;2458;2470;9.51;0.58;205.22;3.66;766;27;811.00;12
1692;27;626907446;1692;252;2460;2470;9.44;0.58;205.22;3.67;768;27;812.00;10
1695;27;626907456;1695;261;2462;2471;9.30;0.57;205.14;3.69;767;27;813.00;9
1699;27;626907468;1699;264;2465;2472;9.17;0.56;205.00;3.71;766;27;814.00;7
1702;27;626907484;1702;268;2467;2472;9.08;0.55;204.80;3.72;765;27;815.00;5
1703;27;626907494;1703;278;2478;2485;9.01;0.55;204.82;3.71;775;27;816.00;7
1706;27;626907506;1706;281;2480;2485;8.92;0.54;204.66;3.73;774;27;817.00;5
1710;27;626907516;1710;292;2480;2485;8.84;0.54;204.33;3.73;770;27;818.00;5
1712;27;626907526;1712;295;2482;2486;8.78;0.53;204.41;3.73;770;27;819.00;4
1712;27;626907537;1712;303;2484;2486;8.69;0.53;204.41;3.73;772;27;820.00;2
1713;27;626907547;1713;307;2488;2490;8.67;0.53;204.35;3.72;775;27;821.00;2
1713;27;626907558;1713;316;2488;2490;8.59;0.52;204.35;3.72;775;27;822.00;2
1714;27;626907569;1714;323;2493;2494;8.53;0.52;204.37;3.72;779;27;823.00;1
1714;27;626907580;1714;329;2493;2494;8.46;0.52;204.37;3.72;779;27;824.00;1
1716;27;626907589;1716;336;2493;2494;8.36;0.51;204.26;3.72;777;27;825.00;1
1718;27;626907600;1718;339;2493;2494;8.22;0.50;204.20;3.72;775;27;826.00;1
1718;27;626907610;1718;327;2493;2494;8.12;0.50;204.20;3.72;775;27;827.00;1
1719;27;626907619;1719;322;2503;2506;8.06;0.49;204.16;3.70;784;27;828.00;3
1720;27;626907631;1720;313;2504;2506;8.00;0.49;204.27;3.70;784;27;829.00;2
1721;27;626907641;1721;300;2505;2506;8.01;0.49;204.21;3.70;784;27;830.00;1
1723;27;626907651;1723;292;2505;2506;8.00;0.49;204.10;3.70;782;27;831.00;1
1724;27;626907661;1724;289;2505;2506;8.05;0.49;204.13;3.70;781;27;832.00;1
1725;27;626907678;1725;280;2505;2506;8.09;0.49;204.17;3.70;780;27;833.00;1
1728;27;626907701;1728;274;2506;2507;8.10;0.49;204.20;3.70;778;27;834.00;1
1728;27;626907712;1728;276;2506;2507;8.19;0.50;204.20;3.70;778;27;835.00;1
1729;27;626907723;1729;271;2511;2513;8.24;0.50;204.19;3.70;782;27;836.00;2
1729;27;626907735;1729;271;2513;2514;8.34;0.51;204.19;3.69;784;27;837.00;1
1730;27;626907745;1730;268;2513;2514;8.44;0.51;204.14;3.69;783;27;838.00;1
1731;27;626907755;1731;269;2513;2514;8.48;0.52;204.15;3.69;782;27;839.00;1
1732;27;626907767;1732;269;2518;2519;8.50;0.52;204.04;3.69;786;27;840.00;1
1733;27;626907777;1733;272;2518;2519;8.45;0.51;204.04;3.69;785;27;841.00;1
1737;27;626907787;1737;279;2518;2519;8.33;0.51;203.98;3.69;781;27;842.00;1
1738;27;626907803;1738;283;2519;2520;8.29;0.51;203.98;3.69;781;27;843.00;1
1742;27;626907813;1742;288;2523;2524;8.21;0.50;203.89;3.68;781;27;844.00;1
1743;27;626907823;1743;294;2523;2524;8.15;0.50;203.89;3.68;780;27;845.00;1
1749;27;626907833;1749;291;2525;2527;8.07;0.49;203.77;3.68;776;27;846.00;2
1752;27;626907843;1752;294;2525;2527;7.99;0.49;204.06;3.68;773;27;847.00;2
1755;27;626907853;1755;297;2526;2527;7.87;0.48;204.10;3.68;771;27;848.00;1
1757;27;626907862;1757;296;2526;2527;7.82;0.48;204.40;3.68;769;27;849.00;1
1760;27;626907871;1760;279;2529;2531;7.83;0.48;204.82;3.67;769;27;850.00;2
1763;27;626907881;1763;278;2529;2531;7.82;0.48;204.82;3.67;766;27;851.00;2
1768;27;626907891;1768;270;2530;2531;7.82;0.48;205.04;3.67;762;27;852.00;1
1771;27;626907900;1771;267;2530;2531;7.88;0.48;205.46;3.67;759;27;853.00;1
1774;27;626907910;1774;261;2531;2532;7.94;0.49;205.84;3.67;757;27;854.00;1
1779;27;626907921;1779;264;2533;2534;7.98;0.49;206.28;3.67;754;27;855.00;1
1781;27;626907931;1781;256;2533;2534;8.09;0.49;206.26;3.67;752;27;856.00;1
1785;27;626907941;1785;247;2534;2535;8.14;0.50;206.59;3.67;749;27;857.00;1
1790;27;626907951;1790;238;2534;2535;8.23;0.50;206.80;3.67;744;27;858.00;1
1793;27;626907961;1793;224;2534;2535;8.27;0.51;206.95;3.67;741;27;859.00;1
1797;27;626907971;1797;215;2534;2535;8.34;0.51;207.10;3.67;737;27;860.00;1
1802;27;626907981;1802;212;2534;2535;8.38;0.51;207.38;3.67;732;27;861.00;1
1806;27;626907992;1806;203;2534;2535;8.45;0.52;207.62;3.67;728;27;862.00;1
1809;27;626908002;1809;200;2534;2535;8.53;0.52;207.70;3.67;725;27;863.00;1
1813;27;626908012;1813;209;2610;2662;8.82;0.55;207.56;3.56;797;27;864.00;52
1816;27;626908033;1816;198;2612;2663;8.85;0.55;207.56;3.56;796;27;865.00;51
1817;27;626908043;1817;188;2618;2663;9.00;0.56;207.47;3.56;801;27;866.00;45
1821;27;626908054;1821;188;2623;2663;9.12;0.56;207.91;3.56;802;27;867.00;40
1823;27;626908066;1823;178;2629;2663;9.24;0.57;208.00;3.56;806;27;868.00;34
1829;27;626908077;1829;177;2633;2663;9.26;0.57;208.30;3.56;804;27;869.00;30
1831;27;626908090;1831;179;2638;2663;9.27;0.57;208.36;3.56;807;27;870.00;25
1836;27;626908102;1836;187;2642;2663;9.25;0.57;208.56;3.57;806;27;871.00;21
1840;27;626908125;1840;189;2647;2664;9.21;0.57;208.40;3.58;807;27;872.00;17
1842;27;626908138;1842;193;2649;2665;9.21;0.57;208.68;3.58;807;27;873.00;16
1849;27;626908151;1849;197;2653;2665;9.22;0.57;208.66;3.59;804;27;874.00;12
1855;27;626908164;1855;199;2654;2666;9.24;0.57;209.06;3.59;799;27;875.00;12
1858;27;626908176;1858;205;2656;2666;9.35;0.57;209.17;3.59;798;27;876.00;10
1863;27;626908188;1863;210;2657;2666;9.39;0.58;209.63;3.60;794;27;877.00;9
1866;27;626908207;1866;214;2658;2666;9.48;0.58;209.78;3.60;792;27;878.00;8
1868;27;626908219;1868;212;2661;2670;9.52;0.59;209.75;3.60;793;27;879.00;9
1876;27;626908236;1876;205;2663;2670;9.53;0.58;209.76;3.61;787;27;880.00;7
1880;27;626908249;1880;212;2664;2670;9.53;0.59;209.94;3.62;784;27;881.00;6
1884;27;626908266;1884;206;2667;2673;9.66;0.59;210.12;3.62;783;27;882.00;6
1887;27;626908278;1887;202;2668;2673;9.72;0.60;210.33;3.62;781;27;883.00;5
1890;27;626908296;1890;200;2669;2673;9.77;0.60;210.44;3.62;779;27;884.00;4
1897;27;626908308;1897;203;2673;2677;9.80;0.60;210.73;3.62;776;27;885.00;4
1903;27;626908320;1903;202;2675;2678;9.82;0.60;211.04;3.61;772;27;886.00;3
1906;27;626908332;1906;204;2675;2678;9.89;0.60;210.93;3.61;769;27;887.00;3
1913;27;626908345;1913;204;2679;2682;9.94;0.61;211.14;3.61;766;27;888.00;3
1920;27;626908357;1920;204;2679;2682;9.94;0.60;211.18;3.61;759;27;889.00;3
1923;27;626908370;1923;204;2679;2682;9.98;0.61;211.28;3.61;756;27;890.00;3
1926;27;626908382;1926;208;2680;2683;10.02;0.61;211.38;3.61;754;27;891.00;3
1929;27;626908394;1929;213;2680;2683;9.98;0.61;211.54;3.61;751;27;892.00;3
1933;27;626908406;1933;215;2685;2689;9.94;0.61;211.59;3.60;752;27;893.00;4
1937;27;626908418;1937;219;2685;2689;9.84;0.60;212.04;3.60;748;27;894.00;4
1941;27;626908430;1941;227;2687;2690;9.74;0.59;211.93;3.60;746;27;895.00;3
1945;27;626908441;1945;233;2687;2690;9.58;0.58;212.28;3.60;742;27;896.00;3
1951;27;626908453;1951;226;2687;2690;9.53;0.58;212.49;3.60;736;27;897.00;3
1954;27;626908464;1954;222;2687;2690;9.55;0.58;212.55;3.60;733;27;898.00;3
1958;27;626908476;1958;221;2687;2690;9.55;0.58;212.82;3.60;729;27;899.00;3
1962;27;626908490;1962;224;2715;2736;9.42;0.58;213.03;3.57;753;27;900.00;21
1968;27;626908510;1968;219;2715;2736;9.43;0.58;213.59;3.57;747;27;901.00;21
1973;27;626908521;1973;220;2718;2736;9.37;0.57;213.76;3.56;745;27;902.00;18
1977;27;626908533;1977;220;2718;2736;9.34;0.57;214.18;3.56;741;27;903.00;18
1980;27;626908544;1980;229;2719;2736;9.27;0.57;214.34;3.56;739;27;904.00;17
1986;27;626908561;1986;228;2719;2736;9.22;0.56;214.62;3.56;733;27;905.00;17
1989;27;626908572;1989;217;2724;2740;9.16;0.56;214.52;3.56;735;27;906.00;16
1991;27;626908583;1991;200;2725;2740;9.15;0.56;214.74;3.56;734;27;907.00;15
1993;27;626908594;1993;190;2729;2744;9.20;0.56;214.77;3.56;736;27;908.00;15
1996;27;626908605;1996;186;2730;2745;9.20;0.56;214.87;3.56;734;27;909.00;15
1999;27;626908622;1999;180;2731;2745;9.19;0.56;214.93;3.56;732;27;910.00;14
2001;27;626908633;2001;178;2731;2745;9.17;0.56;215.20;3.56;730;27;911.00;14
2001;27;626908644;2001;180;2740;2758;9.29;0.57;215.20;3.55;739;27;912.00;18
2005;27;626908656;2005;181;2740;2758;9.33;0.57;215.52;3.55;735;27;913.00;18
2009;27;626908668;2009;187;2741;2758;9.40;0.57;215.68;3.56;732;27;914.00;17
2012;27;626908678;2012;192;2743;2759;9.42;0.57;215.60;3.56;731;27;915.00;16
2015;27;626908695;2015;192;2744;2760;9.45;0.57;215.74;3.56;729;27;916.00;16
2016;27;626908705;2016;187;2744;2760;9.47;0.58;215.84;3.56;728;27;917.00;16
2017;27;626908716;2017;188;2746;2763;9.51;0.58;215.80;3.56;729;27;918.00;17
2019;27;626908727;2019;179;2746;2763;9.55;0.58;215.78;3.56;727;27;919.00;17
2022;27;626908737;2022;179;2747;2763;9.56;0.58;215.72;3.56;725;27;920.00;16
2024;28;626908747;2024;178;2748;2763;9.63;0.59;215.72;3.57;724;28;921.00;15
2028;28;626908768;2028;170;2752;2769;9.68;0.59;215.66;3.56;724;28;922.00;17
2029;28;626908780;2029;164;2752;2769;9.77;0.59;215.66;3.56;723;28;923.00;17
2031;29;626908790;2031;158;2752;2769;9.80;0.59;215.67;3.56;721;29;924.00;17
2035;29;626908817;2035;152;2752;2769;9.82;0.60;215.88;3.56;717;29;925.00;17
2037;29;626908827;2037;153;2758;2773;9.76;0.59;215.90;3.57;721;29;926.00;15
2040;29;626908844;2040;155;2760;2774;9.72;0.59;215.90;3.58;720;29;927.00;14
2043;29;626908854;2043;162;2760;2774;9.70;0.59;215.88;3.58;717;29;928.00;14
2045;29;626908864;2045;169;2761;2775;9.68;0.59;215.87;3.58;716;29;929.00;14
2049;29;626908875;2049;169;2763;2775;9.65;0.58;215.95;3.59;714;29;930.00;12
2049;29;626908885;2049;173;2763;2775;9.60;0.58;215.95;3.59;714;29;931.00;12
2050;29;626908895;2050;176;2764;2775;9.63;0.58;216.04;3.60;714;29;932.00;11
2051;30;626908904;2051;187;2765;2775;9.59;0.58;216.08;3.60;714;30;933.00;10
2054;30;626908930;2054;190;2765;2775;9.58;0.58;216.06;3.60;711;30;934.00;10
2056;30;626908940;2056;192;2765;2775;9.52;0.58;216.06;3.60;709;30;935.00;10
2057;30;626908949;2057;211;2805;2845;9.31;0.57;216.09;3.56;748;30;936.00;40
2060;30;626908964;2060;213;2808;2846;9.29;0.57;216.02;3.56;748;30;937.00;38
2062;30;626908974;2062;204;2813;2846;9.34;0.57;216.01;3.57;751;30;938.00;33
2063;30;626908984;2063;210;2817;2846;9.36;0.57;216.08;3.56;754;30;939.00;29
2066;30;626908994;2066;208;2820;2846;9.30;0.57;216.14;3.57;754;30;940.00;26
2069;30;626909003;2069;202;2822;2846;9.29;0.57;216.43;3.57;753;30;941.00;24
2072;30;626909012;2072;201;2827;2846;9.34;0.57;216.36;3.57;755;30;942.00;19
2072;30;626909022;2072;204;2830;2846;9.32;0.57;216.36;3.57;758;30;943.00;16
2073;30;626909037;2073;200;2832;2847;9.34;0.57;216.33;3.58;759;30;944.00;15
2077;30;626909047;2077;198;2836;2849;9.32;0.57;216.36;3.58;759;30;945.00;13
2080;30;626909057;2080;200;2838;2849;9.27;0.57;216.34;3.58;758;30;946.00;11
2082;30;626909066;2082;199;2842;2853;9.21;0.56;216.39;3.58;760;30;947.00;11
2084;30;626909081;2084;204;2842;2853;9.15;0.56;216.39;3.58;758;30;948.00;11
2085;30;626909091;2085;195;2843;2853;9.11;0.56;216.49;3.63;758;30;949.00;10
2087;30;626909100;2087;198;2843;2853;9.10;0.56;216.58;3.63;756;30;950.00;10
2091;30;626909110;2091;196;2846;2859;9.07;0.55;216.39;3.63;755;30;951.00;13
2092;30;626909119;2092;192;2847;2859;9.03;0.55;216.50;3.63;755;30;952.00;12
2098;30;626909128;2098;189;2848;2859;8.89;0.54;216.35;3.64;750;30;953.00;11
2102;30;626909138;2102;188;2850;2862;8.81;0.54;216.31;3.64;748;30;954.00;12
2107;30;626909150;2107;191;2852;2862;8.80;0.54;216.20;3.64;745;30;955.00;10
2110;30;626909167;2110;187;2852;2862;8.73;0.53;216.11;3.64;742;30;956.00;10
2113;30;626909182;2113;190;2852;2863;8.64;0.53;216.02;3.64;739;30;957.00;11
2118;30;626909195;2118;192;2854;2864;8.56;0.52;215.90;3.64;736;30;958.00;10
2122;30;626909213;2122;193;2854;2864;8.57;0.52;215.74;3.64;732;30;959.00;10
2126;30;626909229;2126;195;2869;2890;8.58;0.52;215.59;3.62;743;30;960.00;21
2130;30;626909246;2130;194;2869;2890;8.59;0.52;215.36;3.62;739;30;961.00;21
2132;30;626909261;2132;191;2871;2890;8.73;0.53;215.38;3.62;739;30;962.00;19
2134;30;626909273;2134;192;2873;2891;8.83;0.54;215.33;3.62;739;30;963.00;18
2138;30;626909283;2138;190;2873;2891;8.85;0.54;215.15;3.62;735;30;964.00;18
2138;30;626909293;2138;198;2875;2895;8.93;0.54;215.15;3.62;737;30;965.00;20
2141;30;626909310;2141;198;2875;2895;8.91;0.54;215.00;3.62;734;30;966.00;20
2141;30;626909320;2141;205;2879;2899;8.92;0.54;215.00;3.61;738;30;967.00;20
2142;30;626909330;2142;208;2879;2899;8.91;0.54;214.92;3.61;737;30;968.00;20
2145;30;626909340;2145;209;2879;2899;8.87;0.54;215.16;3.61;734;30;969.00;20
2146;30;626909351;2146;208;2882;2899;8.84;0.54;215.08;3.64;736;30;970.00;17
2148;30;626909360;2148;212;2882;2899;8.83;0.54;215.17;3.64;734;30;971.00;17
2149;30;626909370;2149;212;2894;2911;8.87;0.54;215.19;3.65;745;30;972.00;17
2149;30;626909381;2149;216;2895;2911;8.88;0.54;215.19;3.65;746;30;973.00;16
2150;30;626909391;2150;220;2895;2911;8.85;0.54;215.21;3.65;745;30;974.00;16
2150;30;626909400;2150;228;2897;2911;8.86;0.54;215.21;3.66;747;30;975.00;14
2154;30;626909410;2154;233;2897;2911;8.85;0.54;215.27;3.66;743;30;976.00;14
2156;30;626909420;2156;238;2897;2911;8.83;0.54;215.23;3.66;741;30;977.00;14
2156;30;626909430;2156;243;2898;2912;8.79;0.54;215.23;3.67;742;30;978.00;14
2158;30;626909439;2158;233;2898;2912;8.72;0.53;215.25;3.67;740;30;979.00;14
2158;30;626909455;2158;230;2904;2918;8.78;0.54;215.25;3.68;746;30;980.00;14
2159;30;626909467;2159;225;2907;2919;8.89;0.54;215.27;3.68;748;30;981.00;12
2163;30;626909477;2163;224;2907;2919;8.94;0.55;215.38;3.68;744;30;982.00;12
2164;30;626909487;2164;221;2909;2919;9.00;0.55;215.33;3.69;745;30;983.00;10
2168;30;626909497;2168;219;2912;2923;9.08;0.55;215.34;3.69;744;30;984.00;11
2172;30;626909508;2172;216;2912;2923;9.15;0.56;215.12;3.69;740;30;985.00;11
2174;30;626909525;2174;214;2914;2923;9.24;0.56;215.16;3.69;740;30;986.00;9
2174;30;626909535;2174;215;2915;2924;9.31;0.57;215.16;3.69;741;30;987.00;9
2176;31;626909546;2176;218;2919;2928;9.39;0.57;214.99;3.69;743;31;988.00;9
2179;31;626909565;2179;212;2919;2928;9.45;0.58;214.95;3.69;740;31;989.00;9
2179;31;626909587;2179;213;2922;2934;9.53;0.58;214.95;3.69;743;31;990.00;12
2180;31;626909610;2180;213;2924;2934;9.51;0.58;214.98;3.69;744;31;991.00;10
2184;31;626909620;2184;214;2925;2934;9.51;0.58;214.95;3.69;741;31;992.00;9
2184;31;626909630;2184;213;2926;2934;9.53;0.58;214.95;3.69;742;31;993.00;8
2186;31;626909640;2186;222;2929;2938;9.53;0.58;214.99;3.69;743;31;994.00;9
2186;31;626909651;2186;227;2929;2938;9.42;0.57;214.99;3.69;743;31;995.00;9
2189;31;626909660;2189;225;2930;2938;9.35;0.57;215.00;3.69;741;31;996.00;8
2189;31;626909675;2189;223;2930;2938;9.25;0.56;215.00;3.69;741;31;997.00;8
2191;31;626909686;2191;224;2932;2939;9.10;0.55;214.99;3.69;741;31;998.00;7
2192;31;626909696;2192;226;2933;2940;9.00;0.55;214.95;3.68;741;31;999.00;7
2193;31;626909708;2193;224;2933;2940;8.87;0.54;214.91;3.68;740;31;1000.00;7
2195;31;626909722;2195;223;2934;2941;8.78;0.53;214.81;3.68;739;31;1001.00;7
2197;31;626909731;2197;220;2934;2941;8.76;0.53;214.81;3.68;737;31;1002.00;7
2200;31;626909740;2200;217;2934;2941;8.73;0.53;214.65;3.68;734;31;1003.00;7
2202;31;626909749;2202;220;2934;2941;8.80;0.54;214.65;3.68;732;31;1004.00;7
2202;31;626909758;2202;216;2934;2941;8.81;0.54;214.65;3.68;732;31;1005.00;7
2203;31;626909767;2203;217;2934;2941;8.89;0.54;214.74;3.68;731;31;1006.00;7
2204;31;626909776;2204;211;2934;2941;8.92;0.54;214.84;3.68;730;31;1007.00;7
2206;31;626909785;2206;231;3005;3068;9.02;0.56;215.03;3.60;799;31;1008.00;63
2208;31;626909805;2208;230;3008;3069;9.00;0.56;215.08;3.60;800;31;1009.00;61
2209;31;626909815;2209;217;3015;3069;9.00;0.56;215.12;3.59;806;31;1010.00;54
2211;31;626909825;2211;217;3023;3069;8.99;0.55;215.19;3.59;812;31;1011.00;46
2215;31;626909835;2215;222;3029;3069;9.00;0.55;215.23;3.59;814;31;1012.00;40
2220;31;626909844;2220;222;3029;3069;8.97;0.55;215.23;3.59;809;31;1013.00;40
2228;31;626909854;2228;224;3034;3069;8.95;0.55;215.53;3.59;806;31;1014.00;35
2231;31;626909865;2231;228;3035;3069;8.96;0.55;215.57;3.60;804;31;1015.00;34
2236;31;626909874;2236;235;3040;3070;8.91;0.55;215.59;3.60;804;31;1016.00;30
2240;31;626909884;2240;239;3041;3071;8.83;0.54;215.76;3.61;801;31;1017.00;30
2246;31;626909896;2246;238;3046;3071;8.73;0.54;216.23;3.62;800;31;1018.00;25
2249;32;626909906;2249;244;3048;3072;8.65;0.53;216.56;3.62;799;32;1019.00;24
2252;32;626909935;2252;239;3053;3072;8.64;0.53;216.84;3.63;801;32;1020.00;19
2258;32;626909945;2258;234;3056;3072;8.61;0.53;217.28;3.64;798;32;1021.00;16
2260;32;626909956;2260;230;3059;3072;8.61;0.53;217.51;3.65;799;32;1022.00;13
2265;32;626909966;2265;226;3062;3076;8.63;0.53;217.82;3.65;797;32;1023.00;14
2270;32;626909979;2270;228;3064;3076;8.61;0.53;218.08;3.66;794;32;1024.00;12
2271;32;626909990;2271;224;3065;3076;8.62;0.53;218.15;3.66;794;32;1025.00;11
2277;32;626910001;2277;228;3068;3079;8.59;0.53;218.60;3.66;791;32;1026.00;11
2281;32;626910016;2281;225;3069;3079;8.59;0.53;218.61;3.66;788;32;1027.00;10
2286;32;626910028;2286;222;3070;3079;8.60;0.52;218.92;3.66;784;32;1028.00;9
2290;32;626910043;2290;214;3074;3083;8.63;0.53;218.95;3.65;784;32;1029.00;9
2292;32;626910055;2292;214;3075;3084;8.75;0.54;219.03;3.65;783;32;1030.00;9
2295;32;626910066;2295;205;3076;3084;8.82;0.54;219.13;3.71;781;32;1031.00;8
2302;32;626910078;2302;196;3079;3088;8.88;0.54;219.35;3.70;777;32;1032.00;9
2308;32;626910090;2308;195;3079;3088;8.92;0.54;219.41;3.70;771;32;1033.00;9
2311;32;626910101;2311;192;3079;3088;9.01;0.55;219.47;3.70;768;32;1034.00;9
2318;32;626910113;2318;190;3082;3090;9.00;0.55;219.74;3.70;764;32;1035.00;8
2322;32;626910125;2322;185;3082;3090;9.06;0.55;219.82;3.70;760;32;1036.00;8
2324;32;626910137;2324;180;3087;3096;9.18;0.56;219.83;3.70;763;32;1037.00;9
2327;32;626910151;2327;181;3087;3096;9.21;0.56;219.91;3.70;760;32;1038.00;9
2332;32;626910162;2332;178;3089;3097;9.27;0.56;219.99;3.69;757;32;1039.00;8
2335;32;626910174;2335;170;3089;3097;9.37;0.57;220.08;3.69;754;32;1040.00;8
2340;32;626910185;2340;173;3089;3097;9.42;0.57;220.12;3.69;749;32;1041.00;8
2342;32;626910198;2342;170;3089;3097;9.47;0.58;220.19;3.69;747;32;1042.00;8
2345;32;626910210;2345;167;3089;3097;9.55;0.58;220.14;3.69;744;32;1043.00;8
2348;32;626910221;2348;168;3099;3109;9.66;0.59;220.31;3.68;751;32;1044.00;10
2354;32;626910232;2354;169;3099;3109;9.74;0.59;220.47;3.68;745;32;1045.00;10
2358;32;626910244;2358;165;3101;3109;9.87;0.60;220.50;3.68;743;32;1046.00;8
2364;32;626910255;2364;167;3101;3109;9.97;0.61;220.58;3.68;737;32;1047.00;8
2368;32;626910267;2368;165;3101;3109;10.02;0.61;220.57;3.68;733;32;1048.00;8
2372;32;626910278;2372;163;3101;3109;10.07;0.61;220.70;3.68;729;32;1049.00;8
2375;32;626910291;2375;171;3107;3115;10.13;0.62;220.97;3.68;732;32;1050.00;8
2376;32;626910303;2376;176;3107;3115;10.23;0.62;221.04;3.68;731;32;1051.00;8
2381;32;626910315;2381;177;3111;3119;10.31;0.63;221.08;3.73;730;32;1052.00;8
2383;32;626910326;2383;177;3113;3120;10.35;0.63;221.19;3.73;730;32;1053.00;7
2388;32;626910338;2388;185;3113;3120;10.26;0.63;221.12;3.73;725;32;1054.00;7
2392;32;626910350;2392;180;3113;3120;10.26;0.63;221.21;3.73;721;32;1055.00;7
2397;32;626910361;2397;187;3126;3133;10.26;0.63;221.31;3.71;729;32;1056.00;7
2404;32;626910373;2404;188;3126;3133;10.27;0.63;221.47;3.71;722;32;1057.00;7
2406;32;626910384;2406;180;3126;3133;10.26;0.63;221.49;3.71;720;32;1058.00;7
2411;32;626910395;2411;175;3127;3134;10.27;0.63;221.57;3.71;716;32;1059.00;7
2416;32;626910407;2416;178;3128;3135;10.21;0.62;221.78;3.71;712;32;1060.00;7
2418;32;626910418;2418;180;3128;3135;10.19;0.62;221.94;3.71;710;32;1061.00;7
2422;32;626910429;2422;181;3130;3138;10.13;0.62;222.06;3.71;708;32;1062.00;8
2428;32;626910440;2428;185;3130;3138;10.08;0.61;222.22;3.71;702;32;1063.00;8
2432;32;626910451;2432;186;3131;3138;10.00;0.61;222.16;3.71;699;32;1064.00;7
2436;32;626910461;2436;192;3131;3138;9.87;0.60;222.29;3.71;695;32;1065.00;7
2439;32;626910473;2439;198;3135;3144;9.76;0.59;222.42;3.71;696;32;1066.00;9
2439;32;626910490;2439;189;3135;3144;9.65;0.59;222.42;3.71;696;32;1067.00;9
2442;32;626910500;2442;187;3137;3144;9.52;0.58;222.57;3.71;695;32;1068.00;7
2445;32;626910511;2445;193;3137;3144;9.44;0.58;222.70;3.71;692;32;1069.00;7
2448;32;626910521;2448;192;3141;3148;9.45;0.58;222.67;3.70;693;32;1070.00;7
2451;32;626910532;2451;194;3142;3149;9.45;0.58;222.73;3.70;691;32;1071.00;7
2458;32;626910544;2458;199;3142;3149;9.38;0.57;223.00;3.70;684;32;1072.00;7
2461;32;626910555;2461;191;3143;3150;9.35;0.57;223.00;3.70;682;32;1073.00;7
2465;32;626910566;2465;195;3143;3150;9.32;0.57;223.10;3.70;678;32;1074.00;7
2469;32;626910576;2469;196;3143;3150;9.34;0.57;223.24;3.70;674;32;1075.00;7
2472;32;626910592;2472;192;3143;3150;9.39;0.57;223.19;3.70;671;32;1076.00;7
2473;32;626910602;2473;185;3143;3150;9.49;0.58;223.27;3.70;670;32;1077.00;7
2475;32;626910612;2475;175;3143;3150;9.55;0.58;223.26;3.70;668;32;1078.00;7
2479;32;626910622;2479;173;3143;3150;9.52;0.58;223.34;3.70;664;32;1079.00;7
2484;32;626910635;2484;191;3222;3275;9.38;0.58;223.55;3.61;738;32;1080.00;53
2488;32;626910656;2488;180;3227;3276;9.37;0.58;223.87;3.66;739;32;1081.00;49
2491;32;626910667;2491;161;3233;3276;9.43;0.58;223.85;3.66;742;32;1082.00;43
2492;32;626910678;2492;162;3237;3276;9.51;0.59;223.97;3.66;745;32;1083.00;39
2493;32;626910689;2493;159;3243;3276;9.58;0.59;224.01;3.66;750;32;1084.00;33
2496;32;626910699;2496;156;3246;3276;9.59;0.59;224.03;3.66;750;32;1085.00;30
2498;32;626910710;2498;159;3250;3276;9.52;0.59;224.07;3.66;752;32;1086.00;26
2499;32;626910721;2499;156;3250;3276;9.46;0.58;224.08;3.66;751;32;1087.00;26
2503;32;626910732;2503;162;3252;3277;9.37;0.58;224.14;3.66;749;32;1088.00;25
2504;32;626910743;2504;158;3254;3278;9.31;0.58;224.20;3.67;750;32;1089.00;24
2509;32;626910753;2509;162;3255;3278;9.24;0.57;224.11;3.67;746;32;1090.00;23
2512;32;626910764;2512;161;3261;3282;9.16;0.56;224.04;3.67;749;32;1091.00;21
2512;32;626910776;2512;162;3261;3282;9.07;0.56;224.04;3.67;749;32;1092.00;21
2512;32;626910791;2512;169;3262;3282;9.05;0.56;224.04;3.67;750;32;1093.00;20
2512;32;626910802;2512;176;3263;3282;9.13;0.56;224.04;3.67;751;32;1094.00;19
2518;32;626910813;2518;176;3267;3288;9.11;0.56;224.09;3.67;749;32;1095.00;21
2518;32;626910826;2518;187;3267;3288;9.06;0.56;224.09;3.67;749;32;1096.00;21
2521;32;626910836;2521;188;3269;3288;9.05;0.56;223.96;3.73;748;32;1097.00;19
2521;32;626910852;2521;194;3271;3291;9.11;0.56;223.96;3.73;750;32;1098.00;20
2525;32;626910862;2525;195;3272;3291;9.13;0.56;224.11;3.73;747;32;1099.00;19
2526;32;626910874;2526;200;3273;3291;9.15;0.56;224.12;3.73;747;32;1100.00;18
2528;32;626910888;2528;206;3274;3292;9.14;0.56;224.07;3.73;746;32;1101.00;18
2531;32;626910898;2531;213;3275;3293;9.08;0.56;224.01;3.72;744;32;1102.00;18
2531;32;626910908;2531;217;3275;3293;9.08;0.56;224.01;3.72;744;32;1103.00;18
2534;32;626910917;2534;227;3287;3306;8.98;0.55;224.01;3.71;753;32;1104.00;19
2538;32;626910927;2538;233;3287;3306;8.98;0.55;223.97;3.71;749;32;1105.00;19
2542;32;626910938;2542;238;3287;3306;8.95;0.55;224.00;3.71;745;32;1106.00;19
2545;32;626910947;2545;241;3288;3307;8.89;0.55;223.86;3.71;743;32;1107.00;19
2546;32;626910957;2546;249;3289;3307;8.80;0.54;223.85;3.76;743;32;1108.00;18
2548;32;626910965;2548;250;3292;3311;8.75;0.54;223.77;3.76;744;32;1109.00;19
2550;32;626910977;2550;249;3292;3311;8.66;0.53;223.67;3.76;742;32;1110.00;19
2550;32;626910986;2550;247;3296;3315;8.65;0.53;223.67;3.76;746;32;1111.00;19
2554;32;626910996;2554;235;3296;3315;8.64;0.53;223.54;3.76;742;32;1112.00;19
2555;32;626911005;2555;232;3296;3315;8.70;0.54;223.51;3.76;741;32;1113.00;19
2556;32;626911014;2556;229;3297;3315;8.72;0.54;223.52;3.80;741;32;1114.00;18
2557;32;626911023;2557;224;3297;3315;8.74;0.54;223.58;3.80;740;32;1115.00;18
2561;32;626911032;2561;221;3307;3327;8.79;0.54;223.46;3.79;746;32;1116.00;20
2563;32;626911042;2563;218;3307;3327;8.79;0.54;223.57;3.79;744;32;1117.00;20
2568;32;626911051;2568;225;3308;3327;8.80;0.54;223.80;3.79;740;32;1118.00;19
2572;32;626911060;2572;217;3309;3327;8.76;0.54;223.77;3.84;737;32;1119.00;18
2574;32;626911070;2574;216;3310;3327;8.77;0.54;223.65;3.87;736;32;1120.00;17
2580;32;626911079;2580;217;3310;3327;8.70;0.53;223.79;3.87;730;32;1121.00;17
2582;32;626911088;2582;213;3311;3328;8.67;0.53;223.75;3.90;729;32;1122.00;17
2583;32;626911102;2583;210;3312;3328;8.57;0.52;223.70;3.91;729;32;1123.00;16
2586;33;626911110;2586;212;3317;3334;8.54;0.52;223.75;3.91;731;33;1124.00;17
2588;33;626911130;2588;209;3321;3336;8.54;0.52;223.71;3.92;733;33;1125.00;15
2590;33;626911139;2590;211;3322;3336;8.58;0.52;223.70;3.93;732;33;1126.00;14
2591;33;626911148;2591;211;3322;3336;8.57;0.52;223.72;3.93;731;33;1127.00;14
2592;33;626911160;2592;214;3325;3340;8.66;0.53;223.68;3.92;733;33;1128.00;15
2597;33;626911174;2597;206;3326;3340;8.65;0.53;223.58;3.94;729;33;1129.00;14
2599;33;626911191;2599;211;3326;3340;8.67;0.53;223.65;3.94;727;33;1130.00;14
2599;33;626911206;2599;200;3328;3341;8.76;0.53;223.65;3.95;729;33;1131.00;13
2600;33;626911219;2600;186;3331;3345;8.81;0.53;223.63;3.95;731;33;1132.00;14
2600;33;626911233;2600;179;3332;3345;8.92;0.54;223.63;3.96;732;33;1133.00;13
2603;33;626911247;2603;171;3334;3348;9.04;0.55;223.64;3.96;731;33;1134.00;14
2605;33;626911261;2605;168;3336;3348;9.15;0.55;223.52;3.98;731;33;1135.00;12
2608;33;626911274;2608;159;3336;3348;9.27;0.56;223.42;3.98;728;33;1136.00;12
2611;33;626911285;2611;154;3336;3348;9.35;0.56;223.32;3.98;725;33;1137.00;12
2611;33;626911296;2611;155;3339;3352;9.53;0.58;223.32;3.97;728;33;1138.00;13
2612;33;626911306;2612;152;3340;3352;9.63;0.58;223.29;3.99;728;33;1139.00;12
2612;33;626911318;2612;145;3341;3352;9.70;0.59;223.29;3.99;729;33;1140.00;11
2615;33;626911328;2615;143;3341;3352;9.71;0.59;223.13;3.99;726;33;1141.00;11
2616;33;626911339;2616;143;3342;3353;9.78;0.59;223.12;4.01;726;33;1142.00;11
2617;33;626911357;2617;144;3343;3354;9.82;0.60;223.07;4.01;726;33;1143.00;11
2617;33;626911368;2617;144;3343;3354;9.88;0.60;223.07;4.01;726;33;1144.00;11
2618;33;626911379;2618;144;3344;3355;9.87;0.60;223.08;4.00;726;33;1145.00;11
2619;33;626911390;2619;148;3344;3355;9.99;0.61;223.06;4.00;725;33;1146.00;11
2621;33;626911401;2621;152;3344;3355;10.11;0.61;222.98;4.00;723;33;1147.00;11
2622;33;626911419;2622;154;3344;3355;10.18;0.62;222.99;4.00;722;33;1148.00;11
2623;33;626911430;2623;159;3345;3355;10.19;0.62;223.06;4.01;722;33;1149.00;10
2624;33;626911440;2624;157;3346;3355;10.20;0.62;223.06;4.02;722;33;1150.00;9
2624;33;626911451;2624;163;3346;3355;10.24;0.62;223.06;4.02;722;33;1151.00;9
2626;33;626911461;2626;182;3415;3482;10.31;0.63;223.06;3.95;789;33;1152.00;67
2627;33;626911484;2627;180;3417;3483;10.33;0.63;223.17;3.95;790;33;1153.00;66
2631;33;626911495;2631;169;3424;3483;10.39;0.64;223.18;3.95;793;33;1154.00;59
2634;33;626911506;2634;170;3431;3483;10.34;0.63;223.33;3.95;797;33;1155.00;52
2635;33;626911517;2635;170;3439;3483;10.31;0.63;223.40;3.96;804;33;1156.00;44
2637;33;626911528;2637;165;3442;3483;10.23;0.63;223.41;3.96;805;33;1157.00;41
2640;33;626911538;2640;169;3447;3483;10.17;0.63;223.58;3.96;807;33;1158.00;36
2643;33;626911549;2643;168;3450;3483;10.13;0.62;223.61;3.96;807;33;1159.00;33
2647;33;626911566;2647;172;3454;3484;10.13;0.62;223.73;3.97;807;33;1160.00;30
2651;33;626911584;2651;175;3457;3485;10.12;0.62;223.78;3.97;806;33;1161.00;28
2655;33;626911595;2655;177;3464;3485;10.03;0.62;223.78;3.98;809;33;1162.00;21
2656;33;626911618;2656;189;3466;3486;9.92;0.61;223.88;3.99;810;33;1163.00;20
2657;33;626911630;2657;195;3472;3486;9.84;0.61;223.98;4.00;815;33;1164.00;14
2659;33;626911641;2659;196;3474;3486;9.68;0.60;224.16;4.00;815;33;1165.00;12
2662;33;626911652;2662;206;3476;3486;9.56;0.59;224.17;4.01;814;33;1166.00;10
2664;33;626911663;2664;216;3479;3490;9.48;0.58;224.14;4.01;815;33;1167.00;11
2667;33;626911674;2667;221;3480;3490;9.32;0.57;224.37;4.01;813;33;1168.00;10
2670;33;626911686;2670;223;3480;3490;9.22;0.57;224.51;4.01;810;33;1169.00;10
2675;33;626911699;2675;227;3484;3496;9.09;0.56;224.66;4.01;809;33;1170.00;12
2676;33;626911711;2676;229;3484;3496;9.00;0.55;224.62;4.01;808;33;1171.00;12
2680;33;626911722;2680;228;3485;3496;8.92;0.55;224.84;4.01;805;33;1172.00;11
2681;33;626911732;2681;232;3489;3500;8.85;0.54;224.90;4.01;808;33;1173.00;11
2684;33;626911743;2684;235;3491;3501;8.83;0.54;224.94;4.01;807;33;1174.00;10
2686;33;626911754;2686;234;3491;3501;8.85;0.54;224.93;4.01;805;33;1175.00;10
2690;33;626911764;2690;242;3496;3505;8.87;0.55;225.20;4.01;806;33;1176.00;9
2693;33;626911775;2693;248;3497;3505;8.92;0.55;225.27;4.01;804;33;1177.00;8
2696;33;626911786;2696;241;3497;3505;8.96;0.55;225.24;4.01;801;33;1178.00;8
2700;33;626911796;2700;237;3499;3506;9.02;0.55;225.16;4.01;799;33;1179.00;7
2703;33;626911807;2703;237;3499;3506;8.95;0.55;225.30;4.01;796;33;1180.00;7
2707;33;626911819;2707;236;3504;3512;8.89;0.54;225.39;4.00;797;33;1181.00;8
2713;33;626911832;2713;241;3504;3512;8.75;0.53;225.26;4.00;791;33;1182.00;8
2717;33;626911844;2717;243;3506;3513;8.61;0.52;225.37;4.00;789;33;1183.00;7
2719;33;626911860;2719;243;3506;3513;8.54;0.52;225.60;4.00;787;33;1184.00;7
2725;33;626911876;2725;246;3506;3513;8.42;0.51;225.68;4.00;781;33;1185.00;7
2730;33;626911892;2730;243;3506;3513;8.39;0.51;225.62;4.00;776;33;1186.00;7
2735;33;626911902;2735;247;3506;3513;8.34;0.51;225.87;4.00;771;33;1187.00;7
2744;33;626911912;2744;244;3517;3525;8.29;0.50;226.07;3.99;773;33;1188.00;8
2746;33;626911923;2746;241;3518;3525;8.27;0.50;226.12;3.99;772;33;1189.00;7
2750;33;626911933;2750;229;3518;3525;8.18;0.50;226.37;3.99;768;33;1190.00;7
2753;33;626911943;2753;218;3518;3525;8.16;0.50;226.47;3.99;765;33;1191.00;7
2755;33;626911953;2755;217;3518;3525;8.12;0.49;226.65;3.99;763;33;1192.00;7
2758;33;626911969;2758;219;3518;3525;8.16;0.50;226.83;3.99;760;33;1193.00;7
2760;33;626911979;2760;216;3522;3529;8.15;0.50;226.89;3.98;762;33;1194.00;7
2761;33;626911990;2761;219;3522;3529;8.27;0.50;226.96;3.98;761;33;1195.00;7
2765;33;626912000;2765;218;3525;3533;8.36;0.51;227.20;3.98;760;33;1196.00;8
2767;33;626912011;2767;208;3526;3534;8.47;0.51;227.12;3.98;759;33;1197.00;8
2771;33;626912022;2771;201;3527;3534;8.46;0.52;227.36;3.98;756;33;1198.00;7
2774;33;626912039;2774;202;3527;3534;8.49;0.52;227.34;3.98;753;33;1199.00;7
2776;33;626912053;2776;201;3549;3575;8.50;0.52;227.41;3.96;773;33;1200.00;26
2779;33;626912078;2779;195;3551;3575;8.50;0.52;227.55;3.95;772;33;1201.00;24
2783;33;626912101;2783;191;3554;3575;8.49;0.52;227.55;3.95;771;33;1202.00;21
2786;33;626912112;2786;185;3557;3576;8.53;0.52;227.59;3.95;771;33;1203.00;19
2792;33;626912123;2792;189;3560;3577;8.51;0.52;227.72;3.95;768;33;1204.00;17
2794;33;626912136;2794;181;3561;3577;8.64;0.53;227.72;3.95;767;33;1205.00;16
2797;33;626912147;2797;175;3563;3580;8.78;0.54;227.77;3.95;766;33;1206.00;17
2804;33;626912158;2804;174;3564;3580;8.81;0.54;227.72;3.95;760;33;1207.00;16
2807;33;626912170;2807;174;3565;3580;8.91;0.54;227.67;3.95;758;33;1208.00;15
2810;33;626912180;2810;178;3565;3580;9.03;0.55;227.68;3.95;755;33;1209.00;15
2813;33;626912191;2813;174;3571;3586;9.05;0.55;227.89;3.95;758;33;1210.00;15
2816;33;626912202;2816;178;3572;3586;9.06;0.56;227.97;3.95;756;33;1211.00;14
2818;33;626912214;2818;177;3573;3586;9.05;0.56;227.98;3.95;755;33;1212.00;13
2822;33;626912229;2822;175;3573;3586;9.03;0.56;228.11;3.95;751;33;1213.00;13
2826;33;626912240;2826;176;3577;3590;9.08;0.56;228.41;3.94;751;33;1214.00;13
2832;33;626912251;2832;176;3579;3592;9.17;0.56;228.54;3.94;747;33;1215.00;13
2836;33;626912262;2836;179;3579;3592;9.22;0.57;228.67;3.94;743;33;1216.00;13
2840;33;626912273;2840;186;3581;3593;9.30;0.57;228.96;3.94;741;33;1217.00;12
2849;33;626912284;2849;185;3581;3593;9.36;0.57;229.14;3.94;732;33;1218.00;12
2854;33;626912295;2854;182;3581;3593;9.45;0.58;229.33;3.94;727;33;1219.00;12
2859;33;626912305;2859;183;3581;3593;9.54;0.58;229.30;3.94;722;33;1220.00;12
2865;33;626912316;2865;186;3581;3593;9.55;0.58;229.39;3.94;716;33;1221.00;12
2869;33;626912327;2869;192;3582;3593;9.48;0.58;229.50;3.95;713;33;1222.00;11
2877;33;626912337;2877;195;3583;3593;9.39;0.57;229.80;3.99;706;33;1223.00;10
2882;33;626912348;2882;209;3625;3663;9.17;0.56;229.87;3.94;743;33;1224.00;38
2887;33;626912364;2887;213;3626;3664;9.18;0.56;229.93;3.94;739;33;1225.00;38
2894;33;626912376;2894;212;3631;3664;9.23;0.56;230.13;3.94;737;33;1226.00;33
2898;33;626912388;2898;216;3631;3664;9.27;0.57;230.24;3.94;733;33;1227.00;33
2906;33;626912398;2906;221;3637;3666;9.20;0.56;230.24;3.95;731;33;1228.00;29
2910;33;626912409;2910;223;3640;3666;9.21;0.56;230.29;3.95;730;33;1229.00;26
2916;33;626912422;2916;226;3643;3666;9.18;0.56;230.40;3.95;727;33;1230.00;23
2920;33;626912438;2920;233;3644;3666;9.11;0.56;230.36;3.95;724;33;1231.00;22
2922;33;626912447;2922;238;3647;3667;9.05;0.55;230.37;3.95;725;33;1232.00;20
2926;33;626912458;2926;247;3651;3668;8.88;0.54;230.43;3.96;725;33;1233.00;17
2931;33;626912469;2931;258;3655;3668;8.74;0.53;230.40;3.97;724;33;1234.00;13
2934;33;626912479;2934;264;3660;3672;8.62;0.53;230.42;3.97;726;33;1235.00;12
2936;33;626912490;2936;276;3660;3672;8.50;0.52;230.35;3.97;724;33;1236.00;12
2938;33;626912500;2938;270;3662;3672;8.42;0.51;230.52;3.97;724;33;1237.00;10
2944;33;626912511;2944;267;3662;3672;8.34;0.51;230.50;3.97;718;33;1238.00;10
2946;33;626912522;2946;269;3670;3678;8.29;0.51;230.59;4.01;724;33;1239.00;8
2949;33;626912532;2949;263;3670;3678;8.22;0.50;230.66;4.01;721;33;1240.00;8
2950;33;626912542;2950;264;3670;3678;8.19;0.50;230.71;4.01;720;33;1241.00;8
2952;33;626912552;2952;264;3673;3681;8.23;0.50;230.78;4.01;721;33;1242.00;8
2953;33;626912562;2953;271;3673;3681;8.30;0.51;230.75;4.01;720;33;1243.00;8
2954;33;626912578;2954;274;3673;3681;8.29;0.50;230.71;4.01;719;33;1244.00;8
2957;33;626912588;2957;278;3675;3682;8.24;0.50;230.69;4.05;718;33;1245.00;7
2960;33;626912604;2960;272;3676;3683;8.18;0.50;230.57;4.05;716;33;1246.00;7
2960;33;626912614;2960;259;3676;3683;8.24;0.50;230.57;4.05;716;33;1247.00;7
2962;33;626912624;2962;249;3689;3696;8.35;0.51;230.53;4.03;727;33;1248.00;7
2964;33;626912635;2964;240;3689;3696;8.43;0.51;230.77;4.03;725;33;1249.00;7
2968;33;626912645;2968;237;3689;3696;8.48;0.51;230.83;4.03;721;33;1250.00;7
2968;33;626912655;2968;231;3690;3697;8.59;0.52;230.83;4.03;722;33;1251.00;7
2970;33;626912665;2970;230;3690;3697;8.66;0.53;230.81;4.03;720;33;1252.00;7
2972;33;626912675;2972;236;3693;3701;8.72;0.53;230.81;4.03;721;33;1253.00;8
2973;33;626912685;2973;232;3693;3701;8.78;0.53;230.76;4.03;720;33;1254.00;8
2976;33;626912695;2976;238;3698;3705;8.81;0.53;230.82;4.03;722;33;1255.00;7
2976;33;626912706;2976;233;3698;3705;8.86;0.54;230.82;4.03;722;33;1256.00;7
2978;33;626912716;2978;220;3698;3705;8.87;0.54;230.82;4.03;720;33;1257.00;7
2979;33;626912726;2979;218;3698;3705;8.82;0.54;230.85;4.03;719;33;1258.00;7
2980;34;626912736;2980;219;3698;3705;8.85;0.54;230.79;4.03;718;34;1259.00;7
2982;34;626912758;2982;217;3722;3739;8.83;0.54;230.75;4.00;740;34;1260.00;17
2985;34;626912771;2985;216;3722;3739;8.90;0.54;230.67;4.00;737;34;1261.00;17
2987;34;626912781;2987;215;3724;3739;8.93;0.55;230.61;4.00;737;34;1262.00;15
2989;34;626912790;2989;219;3724;3739;8.88;0.54;230.61;4.00;735;34;1263.00;15
2991;34;626912800;2991;219;3725;3739;8.81;0.54;230.55;4.00;734;34;1264.00;14
2992;34;626912810;2992;223;3725;3739;8.75;0.53;230.49;4.00;733;34;1265.00;14
2995;34;626912819;2995;223;3727;3740;8.71;0.53;230.40;4.00;732;34;1266.00;13
2996;34;626912828;2996;224;3727;3740;8.67;0.53;230.42;4.00;731;34;1267.00;13
2999;34;626912837;2999;229;3732;3746;8.66;0.53;230.27;4.05;733;34;1268.00;14
2999;34;626912853;2999;231;3733;3747;8.65;0.53;230.27;4.05;734;34;1269.00;14
3002;34;626912862;3002;233;3734;3747;8.64;0.53;230.24;4.05;732;34;1270.00;13
3005;34;626912871;3005;239;3734;3747;8.56;0.52;230.13;4.05;729;34;1271.00;13
3007;34;626912880;3007;244;3738;3751;8.57;0.52;230.08;4.04;731;34;1272.00;13
3009;34;626912890;3009;253;3738;3751;8.48;0.52;230.05;4.04;729;34;1273.00;13
3009;34;626912898;3009;255;3738;3751;8.39;0.51;230.05;4.04;729;34;1274.00;13
3013;34;626912907;3013;262;3739;3752;8.28;0.51;229.96;4.04;726;34;1275.00;13
3014;34;626912916;3014;262;3742;3756;8.18;0.50;229.93;4.04;728;34;1276.00;14
3016;34;626912925;3016;269;3742;3756;8.14;0.50;229.91;4.04;726;34;1277.00;14
3017;34;626912941;3017;274;3744;3759;8.11;0.50;229.86;4.04;727;34;1278.00;15
3019;34;626912949;3019;276;3744;3759;8.06;0.49;230.02;4.04;725;34;1279.00;15
3021;34;626912958;3021;275;3745;3759;7.99;0.49;230.17;4.04;724;34;1280.00;14
3022;34;626912972;3022;273;3745;3759;7.92;0.48;230.12;4.04;723;34;1281.00;14
3024;34;626912981;3024;277;3748;3763;7.82;0.48;230.12;4.03;724;34;1282.00;15
3026;34;626912989;3026;262;3748;3763;7.78;0.47;230.17;4.03;722;34;1283.00;15
3027;34;626912998;3027;246;3750;3763;7.81;0.48;230.18;4.09;723;34;1284.00;13
3028;34;626913006;3028;238;3750;3763;7.89;0.48;230.17;4.09;722;34;1285.00;13
3030;34;626913015;3030;232;3751;3764;7.90;0.48;230.16;4.12;721;34;1286.00;13
3032;34;626913025;3032;224;3752;3765;8.02;0.49;230.15;4.12;720;34;1287.00;13
3033;34;626913034;3033;219;3752;3765;8.06;0.49;230.11;4.12;719;34;1288.00;13
3033;34;626913043;3033;208;3754;3766;8.18;0.50;230.11;4.16;721;34;1289.00;12
3035;34;626913053;3035;200;3754;3766;8.26;0.50;230.06;4.16;719;34;1290.00;12
3037;34;626913062;3037;189;3754;3766;8.43;0.51;230.12;4.16;717;34;1291.00;12
3037;34;626913071;3037;180;3755;3766;8.55;0.52;230.12;4.18;718;34;1292.00;11
3041;34;626913089;3041;172;3755;3766;8.54;0.52;230.21;4.18;714;34;1293.00;11
3042;34;626913099;3042;166;3756;3766;8.62;0.52;230.23;4.19;714;34;1294.00;10
3044;34;626913107;3044;156;3757;3766;8.66;0.53;230.21;4.19;713;34;1295.00;9
3050;34;626913116;3050;171;3823;3893;8.64;0.53;230.18;4.14;773;34;1296.00;70
3051;34;626913135;3051;151;3823;3894;8.76;0.54;230.16;4.14;772;34;1297.00;71
3053;34;626913145;3053;141;3830;3894;9.02;0.56;230.11;4.16;777;34;1298.00;64
3055;34;626913155;3055;139;3832;3894;9.13;0.56;230.04;4.16;777;34;1299.00;62
3056;34;626913171;3056;134;3839;3894;9.39;0.58;230.01;4.16;783;34;1300.00;55
3057;34;626913198;3057;127;3839;3894;9.49;0.58;230.03;4.16;782;34;1301.00;55
3058;35;626913214;3058;123;3844;3894;9.60;0.59;230.00;4.16;786;35;1302.00;50
3059;35;626913246;3059;120;3846;3894;9.70;0.59;230.03;4.17;787;35;1303.00;48
3062;35;626913266;3062;125;3851;3895;9.78;0.60;230.08;4.18;789;35;1304.00;44
3063;35;626913281;3063;128;3857;3897;9.88;0.61;230.04;4.18;794;35;1305.00;40
3066;35;626913293;3066;127;3861;3897;9.96;0.61;230.00;4.19;795;35;1306.00;36
3068;35;626913304;3068;125;3866;3898;10.00;0.61;229.92;4.20;798;35;1307.00;32
3072;35;626913316;3072;128;3870;3898;10.01;0.61;230.03;4.21;798;35;1308.00;28
3073;35;626913327;3073;126;3871;3898;9.94;0.61;229.97;4.21;798;35;1309.00;27
3079;35;626913339;3079;128;3875;3898;9.88;0.60;229.94;4.23;796;35;1310.00;23
3080;35;626913351;3080;132;3877;3902;9.88;0.60;229.91;4.23;797;35;1311.00;25
3083;35;626913364;3083;134;3881;3902;9.84;0.60;229.79;4.25;798;35;1312.00;21
3086;35;626913376;3086;139;3882;3902;9.85;0.60;229.78;4.25;796;35;1313.00;20
3088;35;626913388;3088;139;3885;3905;9.90;0.61;229.87;4.25;797;35;1314.00;20
3092;35;626913400;3092;145;3886;3905;9.96;0.61;229.93;4.25;794;35;1315.00;19
3095;35;626913412;3095;150;3888;3905;10.02;0.61;230.08;4.26;793;35;1316.00;17
3098;35;626913423;3098;152;3892;3909;9.98;0.61;230.02;4.26;794;35;1317.00;17
3102;35;626913435;3102;151;3895;3910;10.06;0.61;230.21;4.26;793;35;1318.00;15
3105;35;626913465;3105;153;3895;3910;10.04;0.61;230.30;4.26;790;35;1319.00;15
3108;35;626913480;3108;159;3900;3915;10.02;0.61;230.35;4.27;792;35;1320.00;15
3110;35;626913492;3110;161;3901;3915;9.90;0.60;230.47;4.28;791;35;1321.00;14
3114;35;626913503;3114;162;3901;3915;9.89;0.60;230.59;4.28;787;35;1322.00;14
3114;35;626913515;3114;166;3905;3916;9.86;0.60;230.59;4.29;791;35;1323.00;11
3116;35;626913527;3116;167;3905;3916;9.86;0.60;230.74;4.29;789;35;1324.00;11
3120;35;626913538;3120;171;3910;3922;9.86;0.60;230.92;4.29;790;35;1325.00;12
3122;35;626913551;3122;178;3911;3922;9.78;0.60;230.90;4.29;789;35;1326.00;11
3125;35;626913562;3125;178;3912;3923;9.74;0.59;230.95;4.29;787;35;1327.00;11
3130;35;626913573;3130;176;3912;3923;9.67;0.59;231.02;4.29;782;35;1328.00;11
3133;35;626913585;3133;177;3914;3923;9.66;0.59;231.10;4.30;781;35;1329.00;9
3137;35;626913597;3137;180;3914;3923;9.62;0.58;231.23;4.30;777;35;1330.00;9
3141;35;626913608;3141;178;3917;3923;9.56;0.58;231.35;4.32;776;35;1331.00;6
3142;35;626913619;3142;183;3927;3935;9.58;0.58;231.33;4.31;785;35;1332.00;8
3146;35;626913631;3146;182;3928;3935;9.51;0.58;231.49;4.31;782;35;1333.00;7
3149;35;626913642;3149;187;3930;3935;9.49;0.58;231.66;4.31;781;35;1334.00;5
3150;35;626913653;3150;186;3931;3935;9.51;0.58;231.66;4.31;781;35;1335.00;4
3152;35;626913664;3152;189;3931;3935;9.49;0.58;231.77;4.31;779;35;1336.00;4
3154;35;626913675;3154;194;3931;3935;9.46;0.58;231.87;4.31;777;35;1337.00;4
3155;35;626913692;3155;197;3935;3939;9.40;0.57;231.84;4.31;780;35;1338.00;4
3157;35;626913703;3157;190;3935;3939;9.35;0.57;231.96;4.31;778;35;1339.00;4
3159;35;626913713;3159;190;3938;3943;9.40;0.57;231.96;4.30;779;35;1340.00;5
3160;35;626913724;3160;186;3939;3944;9.44;0.57;231.96;4.30;779;35;1341.00;5
3162;35;626913736;3162;187;3940;3944;9.47;0.58;232.22;4.30;778;35;1342.00;4
3164;35;626913747;3164;189;3940;3944;9.48;0.58;232.19;4.30;776;35;1343.00;4
3169;35;626913758;3169;193;3953;3957;9.45;0.57;232.29;4.29;784;35;1344.00;4
3171;35;626913770;3171;195;3953;3957;9.54;0.58;232.28;4.29;782;35;1345.00;4
3174;35;626913781;3174;198;3953;3957;9.54;0.58;232.28;4.29;779;35;1346.00;4
3177;35;626913791;3177;202;3954;3958;9.57;0.58;232.36;4.29;777;35;1347.00;4
3178;35;626913801;3178;206;3955;3959;9.61;0.59;232.34;4.29;777;35;1348.00;4
3183;35;626913813;3183;207;3955;3959;9.60;0.58;232.42;4.29;772;35;1349.00;4
3185;35;626913826;3185;206;3958;3968;9.66;0.59;232.49;4.28;773;35;1350.00;10
3191;35;626913838;3191;204;3958;3968;9.64;0.59;232.50;4.28;767;35;1351.00;10
3196;35;626913849;3196;204;3960;3968;9.56;0.58;232.66;4.28;764;35;1352.00;8
3197;35;626913859;3197;206;3960;3968;9.52;0.58;232.76;4.28;763;35;1353.00;8
3202;35;626913869;3202;206;3965;3974;9.53;0.58;232.88;4.28;763;35;1354.00;9
3205;35;626913880;3205;209;3966;3974;9.37;0.57;233.08;4.28;761;35;1355.00;8
3208;35;626913891;3208;213;3966;3974;9.20;0.56;233.22;4.28;758;35;1356.00;8
3213;35;626913901;3213;222;3967;3974;9.04;0.55;233.34;4.28;754;35;1357.00;7
3214;35;626913912;3214;224;3972;3978;8.87;0.54;233.44;4.28;758;35;1358.00;6
3221;35;626913921;3221;226;3974;3979;8.69;0.53;233.59;4.28;753;35;1359.00;5
3229;35;626913931;3229;215;3974;3979;8.56;0.53;233.80;4.28;745;35;1360.00;5
3231;35;626913942;3231;212;3975;3980;8.57;0.53;233.72;4.28;744;35;1361.00;5
3237;35;626913950;3237;205;3975;3980;8.52;0.52;233.95;4.28;738;35;1362.00;5
3241;35;626913960;3241;207;3975;3980;8.52;0.52;234.05;4.28;734;35;1363.00;5
3243;35;626913970;3243;203;3975;3980;8.52;0.52;234.00;4.28;732;35;1364.00;5
3246;35;626913980;3246;206;3975;3980;8.51;0.52;234.06;4.28;729;35;1365.00;5
3254;35;626913989;3254;208;3975;3980;8.50;0.52;233.93;4.28;721;35;1366.00;5
3259;35;626913999;3259;201;3975;3980;8.56;0.52;233.93;4.28;716;35;1367.00;5
3261;35;626914009;3261;200;4010;4050;8.72;0.54;233.96;4.24;749;35;1368.00;40
3264;35;626914025;3264;194;4012;4051;8.79;0.54;234.00;4.24;748;35;1369.00;39
3266;35;626914036;3266;190;4022;4051;9.06;0.56;233.96;4.23;756;35;1370.00;29
3270;35;626914046;3270;194;4025;4051;9.17;0.56;234.04;4.23;755;35;1371.00;26
3273;35;626914056;3273;191;4030;4051;9.20;0.57;234.05;4.23;757;35;1372.00;21
3278;35;626914067;3278;193;4032;4051;9.17;0.56;234.10;4.23;754;35;1373.00;19
3280;35;626914078;3280;198;4036;4051;9.17;0.56;234.19;4.23;756;35;1374.00;15
3286;35;626914088;3286;201;4038;4051;9.06;0.56;234.17;4.23;752;35;1375.00;13
3291;35;626914099;3291;200;4041;4052;8.99;0.55;234.19;4.24;750;35;1376.00;11
3300;35;626914110;3300;201;4044;4053;8.87;0.54;234.26;4.24;744;35;1377.00;9
3306;35;626914121;3306;205;4045;4053;8.77;0.54;234.33;4.24;739;35;1378.00;8
3313;35;626914131;3313;207;4047;4057;8.73;0.53;234.34;4.24;734;35;1379.00;10
3317;35;626914147;3317;211;4047;4057;8.75;0.53;234.45;4.24;730;35;1380.00;10
3321;35;626914163;3321;219;4047;4057;8.75;0.53;234.37;4.24;726;35;1381.00;10
3325;35;626914174;3325;219;4048;4057;8.74;0.53;234.51;4.24;723;35;1382.00;9
3327;35;626914185;3327;228;4053;4063;8.78;0.54;234.51;4.23;726;35;1383.00;10
3332;35;626914196;3332;224;4055;4063;8.73;0.53;234.67;4.23;723;35;1384.00;8
3336;35;626914207;3336;227;4055;4063;8.74;0.53;234.72;4.23;719;35;1385.00;8
3338;35;626914218;3338;226;4057;4066;8.76;0.54;234.72;4.23;719;35;1386.00;9
3344;35;626914227;3344;230;4057;4066;8.69;0.53;234.83;4.23;713;35;1387.00;9
3349;35;626914238;3349;230;4059;4066;8.63;0.53;235.16;4.23;710;35;1388.00;7
3351;35;626914248;3351;229;4060;4067;8.64;0.53;235.24;4.23;709;35;1389.00;7
3356;35;626914258;3356;234;4061;4068;8.61;0.53;235.23;4.23;705;35;1390.00;7
3361;35;626914268;3361;239;4062;4068;8.51;0.52;235.45;4.24;701;35;1391.00;6
3366;35;626914278;3366;239;4075;4081;8.47;0.51;235.45;4.23;709;35;1392.00;6
3370;35;626914289;3370;246;4076;4081;8.29;0.50;235.47;4.23;706;35;1393.00;5
3375;35;626914298;3375;251;4076;4081;8.15;0.49;235.58;4.23;701;35;1394.00;5
3379;35;626914308;3379;256;4078;4083;8.06;0.49;235.68;4.23;699;35;1395.00;5
3382;35;626914318;3382;266;4078;4083;7.97;0.48;235.65;4.23;696;35;1396.00;5
3385;35;626914327;3385;272;4081;4087;7.83;0.48;235.54;4.23;696;35;1397.00;6
3386;36;626914338;3386;277;4081;4087;7.74;0.47;235.58;4.23;695;36;1398.00;6
3386;36;626914364;3386;286;4087;4091;7.69;0.47;235.58;4.26;701;36;1399.00;4
3389;36;626914374;3389;292;4087;4091;7.58;0.46;235.57;4.26;698;36;1400.00;4
3390;36;626914388;3390;297;4087;4091;7.54;0.46;235.53;4.26;697;36;1401.00;4
3390;36;626914402;3390;309;4087;4091;7.45;0.45;235.53;4.26;697;36;1402.00;4
3391;36;626914411;3391;316;4087;4091;7.40;0.45;235.52;4.26;696;36;1403.00;4
3392;36;626914420;3392;320;4098;4103;7.47;0.45;235.51;4.25;706;36;1404.00;5
3395;36;626914430;3395;323;4098;4103;7.41;0.45;235.51;4.25;703;36;1405.00;5
3396;36;626914439;3396;329;4099;4103;7.37;0.45;235.47;4.25;703;36;1406.00;4
3397;36;626914448;3397;319;4099;4103;7.38;0.45;235.47;4.25;702;36;1407.00;4
3398;36;626914457;3398;315;4099;4103;7.42;0.45;235.43;4.25;701;36;1408.00;4
3400;36;626914467;3400;309;4099;4103;7.46;0.46;235.44;4.25;699;36;1409.00;4
3401;36;626914478;3401;313;4100;4104;7.49;0.46;235.42;4.24;699;36;1410.00;4
3403;36;626914488;3403;314;4100;4104;7.57;0.46;235.40;4.24;697;36;1411.00;4
3405;36;626914497;3405;314;4105;4110;7.62;0.46;235.39;4.24;700;36;1412.00;5
3406;36;626914506;3406;317;4106;4111;7.67;0.47;235.40;4.24;700;36;1413.00;5
3407;36;626914516;3407;314;4107;4111;7.73;0.47;235.41;4.24;700;36;1414.00;4
3410;36;626914524;3410;318;4107;4111;7.76;0.47;235.28;4.24;697;36;1415.00;4
3412;36;626914534;3412;299;4111;4115;7.83;0.48;235.23;4.23;699;36;1416.00;4
3414;36;626914544;3414;289;4111;4115;7.88;0.48;235.18;4.23;697;36;1417.00;4
3417;36;626914553;3417;277;4111;4115;7.86;0.48;235.06;4.23;694;36;1418.00;4
3419;36;626914563;3419;272;4112;4116;7.92;0.48;235.01;4.23;693;36;1419.00;4
3421;36;626914572;3421;266;4116;4120;7.91;0.48;234.93;4.23;695;36;1420.00;4
3424;36;626914582;3424;258;4116;4120;7.91;0.48;234.82;4.23;692;36;1421.00;4
3426;37;626914592;3426;250;4118;4123;7.96;0.49;234.75;4.23;692;37;1422.00;5
3428;37;626914608;3428;243;4118;4123;8.00;0.49;234.66;4.23;690;37;1423.00;5
3431;37;626914617;3431;241;4119;4123;8.10;0.50;234.60;4.23;688;37;1424.00;4
3434;37;626914627;3434;241;4119;4123;8.20;0.50;234.56;4.23;685;37;1425.00;4
3437;37;626914641;3437;238;4122;4127;8.24;0.50;234.56;4.23;685;37;1426.00;5
3438;37;626914651;3438;239;4122;4127;8.25;0.50;234.55;4.23;684;37;1427.00;5
3440;37;626914660;3440;239;4124;4127;8.29;0.51;234.55;4.27;684;37;1428.00;3
3441;37;626914669;3441;240;4124;4127;8.35;0.51;234.53;4.27;683;37;1429.00;3
3441;37;626914678;3441;236;4125;4128;8.37;0.51;234.53;4.26;684;37;1430.00;3
3443;37;626914687;3443;236;4126;4129;8.37;0.51;234.51;4.26;683;37;1431.00;3
3443;37;626914697;3443;241;4126;4129;8.28;0.51;234.51;4.26;683;37;1432.00;3
3446;37;626914705;3446;241;4127;4130;8.26;0.51;234.46;4.26;681;37;1433.00;3
3447;37;626914714;3447;240;4127;4130;8.20;0.50;234.42;4.26;680;37;1434.00;3
3449;37;626914722;3449;231;4127;4130;8.20;0.50;234.39;4.26;678;37;1435.00;3
3450;37;626914731;3450;222;4127;4130;8.23;0.51;234.42;4.26;677;37;1436.00;3
3453;38;626914739;3453;218;4127;4130;8.28;0.51;234.35;4.26;674;38;1437.00;3
3454;38;626914759;3454;210;4127;4130;8.32;0.51;234.36;4.26;673;38;1438.00;3
3456;38;626914768;3456;211;4127;4130;8.39;0.51;234.29;4.26;671;38;1439.00;3
3460;38;626914778;3460;262;4251;4360;8.27;0.52;234.35;4.14;791;38;1440.00;109
3461;38;626914805;3461;245;4252;4361;8.37;0.53;234.36;4.14;791;38;1441.00;109
3465;38;626914820;3465;231;4259;4361;8.54;0.53;234.54;4.14;794;38;1442.00;102
3466;39;626914836;3466;222;4267;4361;8.74;0.55;234.56;4.17;801;39;1443.00;94
3467;39;626914857;3467;212;4273;4361;8.83;0.55;234.55;4.17;806;39;1444.00;88
3469;40;626914872;3469;213;4278;4361;8.87;0.55;234.50;4.17;809;40;1445.00;83
3469;40;626914894;3469;219;4284;4361;8.92;0.55;234.50;4.17;815;40;1446.00;77
3472;40;626914905;3472;217;4287;4361;8.94;0.56;234.44;4.17;815;40;1447.00;74
3472;40;626914916;3472;228;4293;4362;8.96;0.56;234.44;4.18;821;40;1448.00;69
3474;40;626914927;3474;230;4293;4363;8.92;0.55;234.41;4.18;819;40;1449.00;70
3475;40;626914938;3475;225;4296;4363;8.96;0.56;234.42;4.18;821;40;1450.00;67
3479;40;626914948;3479;227;4300;4364;9.03;0.56;234.37;4.19;821;40;1451.00;64
3481;40;626914958;3481;221;4301;4364;9.10;0.56;234.38;4.19;820;40;1452.00;63
3485;40;626914969;3485;222;4304;4364;9.10;0.56;234.28;4.19;819;40;1453.00;60
3487;40;626914982;3487;220;4306;4364;9.07;0.56;234.28;4.20;819;40;1454.00;58
3488;40;626914993;3488;222;4310;4368;9.08;0.56;234.36;4.20;822;40;1455.00;58
3490;40;626915004;3490;220;4312;4368;9.05;0.55;234.30;4.21;822;40;1456.00;56
3494;40;626915015;3494;219;4315;4368;8.94;0.55;234.43;4.22;821;40;1457.00;53
3496;40;626915025;3496;220;4319;4371;8.96;0.55;234.41;4.26;823;40;1458.00;52
3499;40;626915036;3499;219;4322;4371;9.02;0.55;234.46;4.27;823;40;1459.00;49
3502;40;626915046;3502;213;4324;4371;9.07;0.56;234.63;4.28;822;40;1460.00;47
3506;40;626915057;3506;205;4329;4375;9.05;0.55;234.57;4.28;823;40;1461.00;46
3506;40;626915067;3506;199;4331;4376;9.20;0.56;234.57;4.28;825;40;1462.00;45
3510;40;626915078;3510;190;4332;4376;9.24;0.56;234.46;4.28;822;40;1463.00;44
3513;40;626915088;3513;182;4334;4380;9.34;0.57;234.53;4.28;821;40;1464.00;46
3516;40;626915099;3516;177;4336;4380;9.36;0.57;234.52;4.28;820;40;1465.00;44
3519;40;626915111;3519;174;4337;4380;9.45;0.58;234.61;4.29;818;40;1466.00;43
3522;40;626915121;3522;167;4339;4381;9.50;0.58;234.63;4.31;817;40;1467.00;42
3525;40;626915138;3525;169;4340;4381;9.55;0.58;234.69;4.31;815;40;1468.00;41
3528;40;626915149;3528;164;4343;4387;9.65;0.59;234.76;4.31;815;40;1469.00;44
3531;40;626915167;3531;155;4345;4387;9.74;0.59;234.81;4.31;814;40;1470.00;42
3534;40;626915186;3534;151;4345;4388;9.85;0.60;234.87;4.31;811;40;1471.00;43
3537;40;626915203;3537;146;4345;4388;9.93;0.60;234.96;4.31;808;40;1472.00;43
3537;40;626915224;3537;142;4346;4388;10.01;0.61;234.96;4.32;809;40;1473.00;42
3541;40;626915240;3541;141;4346;4388;10.11;0.61;235.06;4.32;805;40;1474.00;42
3544;40;626915258;3544;144;4347;4388;10.20;0.62;235.08;4.33;803;40;1475.00;41
3547;40;626915275;3547;146;4357;4400;10.31;0.63;235.21;4.32;810;40;1476.00;43
3549;40;626915291;3549;147;4359;4400;10.40;0.63;235.18;4.32;810;40;1477.00;41
3551;40;626915303;3551;148;4360;4400;10.41;0.63;235.20;4.33;809;40;1478.00;40
3554;40;626915315;3554;154;4360;4400;10.47;0.63;235.27;4.33;806;40;1479.00;40
3558;40;626915327;3558;155;4362;4400;10.48;0.63;235.39;4.34;804;40;1480.00;38
3559;40;626915340;3559;158;4363;4400;10.47;0.64;235.43;4.35;804;40;1481.00;37
3562;40;626915353;3562;157;4367;4404;10.44;0.63;235.58;4.36;805;40;1482.00;37
3563;40;626915366;3563;156;4367;4404;10.47;0.63;235.55;4.36;804;40;1483.00;37
3566;40;626915379;3566;156;4370;4408;10.49;0.64;235.68;4.35;804;40;1484.00;38
3568;40;626915393;3568;162;4374;4410;10.48;0.64;235.79;4.37;806;40;1485.00;36
3569;40;626915405;3569;163;4375;4410;10.49;0.64;235.79;4.37;806;40;1486.00;35
3573;40;626915417;3573;168;4376;4410;10.52;0.64;235.99;4.38;803;40;1487.00;34
3575;40;626915439;3575;179;4385;4423;10.52;0.64;236.03;4.37;810;40;1488.00;38
3576;40;626915459;3576;177;4386;4423;10.54;0.64;236.07;4.38;810;40;1489.00;37
3580;40;626915472;3580;180;4388;4423;10.53;0.64;236.37;4.40;808;40;1490.00;35
3581;40;626915485;3581;181;4390;4424;10.57;0.64;236.43;4.41;809;40;1491.00;34
3583;40;626915497;3583;183;4391;4425;10.61;0.64;236.36;4.42;808;40;1492.00;34
3587;40;626915509;3587;183;4393;4425;10.60;0.64;236.54;4.44;806;40;1493.00;32
3595;40;626915522;3595;192;4395;4428;10.62;0.64;236.57;4.44;800;40;1494.00;33
3596;40;626915535;3596;199;4399;4428;10.63;0.64;236.58;4.46;803;40;1495.00;29
3599;40;626915548;3599;200;4400;4428;10.61;0.64;236.66;4.48;801;40;1496.00;28
3604;40;626915560;3604;205;4402;4428;10.62;0.64;236.64;4.49;798;40;1497.00;26
3607;40;626915573;3607;211;4407;4434;10.68;0.65;236.73;4.49;800;40;1498.00;27
3611;40;626915585;3611;213;4408;4434;10.66;0.65;236.90;4.51;797;40;1499.00;26
3613;40;626915600;3613;219;4414;4453;10.52;0.64;236.83;4.51;801;40;1500.00;39
3615;40;626915620;3615;222;4417;4453;10.45;0.64;236.93;4.53;802;40;1501.00;36
3619;40;626915633;3619;227;4422;4457;10.31;0.63;237.01;4.54;803;40;1502.00;35
3622;40;626915646;3622;229;4425;4458;10.26;0.63;236.98;4.55;803;40;1503.00;33
3624;40;626915660;3624;229;4425;4458;10.23;0.62;236.95;4.55;801;40;1504.00;33
3629;40;626915672;3629;234;4426;4459;10.18;0.62;236.94;4.55;797;40;1505.00;33
3632;40;626915683;3632;237;4428;4459;10.08;0.61;237.06;4.57;796;40;1506.00;31
3635;40;626915695;3635;238;4432;4459;10.03;0.61;237.06;4.58;797;40;1507.00;27
3640;40;626915707;3640;246;4434;4459;9.95;0.61;237.10;4.60;794;40;1508.00;25
3645;40;626915718;3645;247;4435;4459;9.90;0.60;237.02;4.61;790;40;1509.00;24
3648;40;626915729;3648;244;4435;4459;9.80;0.60;237.04;4.61;787;40;1510.00;24
3648;40;626915748;3648;246;4436;4459;9.74;0.59;237.04;4.61;788;40;1511.00;23
3650;40;626915759;3650;247;4471;4529;9.55;0.58;237.04;4.58;821;40;1512.00;58
3653;40;626915776;3653;250;4476;4530;9.54;0.58;236.98;4.58;823;40;1513.00;54
3656;40;626915788;3656;245;4483;4530;9.45;0.58;236.96;4.58;827;40;1514.00;47
3659;40;626915799;3659;250;4484;4530;9.45;0.58;236.95;4.58;825;40;1515.00;46
3662;40;626915809;3662;250;4488;4530;9.43;0.57;237.01;4.58;826;40;1516.00;42
3666;40;626915828;3666;248;4489;4530;9.47;0.58;236.97;4.58;823;40;1517.00;41
3668;40;626915840;3668;244;4493;4530;9.56;0.58;236.97;4.58;825;40;1518.00;37
3668;40;626915851;3668;251;4496;4530;9.61;0.59;236.97;4.59;828;40;1519.00;34
3670;40;626915862;3670;247;4501;4531;9.59;0.58;236.91;4.59;831;40;1520.00;30
3674;40;626915881;3674;251;4504;4532;9.48;0.58;236.87;4.59;830;40;1521.00;28
3675;40;626915893;3675;256;4505;4532;9.39;0.57;236.83;4.60;830;40;1522.00;27
3681;40;626915903;3681;266;4508;4536;9.15;0.56;236.70;4.59;827;40;1523.00;28
3686;40;626915915;3686;262;4509;4536;8.96;0.55;236.85;4.60;823;40;1524.00;27
3692;40;626915929;3692;267;4509;4536;8.83;0.54;236.87;4.60;817;40;1525.00;27
3696;40;626915940;3696;269;4509;4536;8.67;0.53;236.89;4.60;813;40;1526.00;27
3699;40;626915951;3699;276;4513;4542;8.57;0.52;236.96;4.59;814;40;1527.00;29
3704;40;626915963;3704;284;4513;4542;8.36;0.51;237.16;4.59;809;40;1528.00;29
3707;40;626915974;3707;292;4513;4542;8.21;0.50;237.26;4.59;806;40;1529.00;29
3711;40;626915986;3711;285;4517;4548;8.10;0.50;237.35;4.60;806;40;1530.00;31
3714;40;626915997;3714;277;4517;4548;7.98;0.49;237.54;4.60;803;40;1531.00;31
3719;40;626916008;3719;272;4517;4548;7.88;0.48;237.62;4.60;798;40;1532.00;31
3722;40;626916018;3722;265;4519;4549;7.81;0.48;237.63;4.60;797;40;1533.00;30
3727;40;626916028;3727;263;4520;4550;7.76;0.48;237.72;4.60;793;40;1534.00;30
3731;40;626916038;3731;264;4521;4550;7.73;0.47;237.77;4.61;790;40;1535.00;29
3736;40;626916049;3736;261;4534;4563;7.65;0.47;237.71;4.61;798;40;1536.00;29
3743;40;626916060;3743;260;4534;4563;7.65;0.47;237.80;4.61;791;40;1537.00;29
3745;40;626916071;3745;253;4534;4563;7.73;0.47;237.87;4.61;789;40;1538.00;29
3749;40;626916081;3749;252;4536;4564;7.77;0.48;237.90;4.61;787;40;1539.00;28
3752;40;626916093;3752;253;4539;4564;7.79;0.48;237.97;4.63;787;40;1540.00;25
3755;40;626916104;3755;251;4542;4568;7.79;0.48;238.08;4.63;787;40;1541.00;26
3757;40;626916114;3757;246;4545;4568;7.84;0.48;238.11;4.64;788;40;1542.00;23
3761;40;626916124;3761;242;4549;4572;7.84;0.48;238.31;4.64;788;40;1543.00;23
3765;40;626916136;3765;239;4550;4572;7.87;0.48;238.38;4.65;785;40;1544.00;22
3771;40;626916147;3771;241;4550;4572;7.86;0.48;238.35;4.65;779;40;1545.00;22
3774;40;626916158;3774;255;4550;4572;7.96;0.49;238.30;4.65;776;40;1546.00;22
3776;40;626916170;3776;259;4551;4572;7.98;0.49;238.25;4.65;775;40;1547.00;21
3778;40;626916180;3778;259;4561;4584;8.07;0.49;238.29;4.65;783;40;1548.00;23
3783;40;626916191;3783;256;4563;4584;8.09;0.49;238.21;4.66;780;40;1549.00;21
3785;40;626916202;3785;259;4564;4584;8.07;0.49;238.22;4.66;779;40;1550.00;20
3789;40;626916213;3789;266;4564;4584;8.04;0.49;238.35;4.66;775;40;1551.00;20
3791;40;626916224;3791;264;4566;4584;7.98;0.49;238.35;4.67;775;40;1552.00;18
3794;40;626916234;3794;263;4567;4584;7.93;0.49;238.37;4.67;773;40;1553.00;17
3795;40;626916244;3795;265;4569;4585;7.83;0.48;238.41;4.67;774;40;1554.00;16
3801;40;626916255;3801;266;4570;4587;7.71;0.47;238.41;4.67;769;40;1555.00;17
3804;40;626916266;3804;274;4575;4593;7.64;0.47;238.47;4.67;771;40;1556.00;18
3807;40;626916277;3807;286;4576;4594;7.58;0.46;238.59;4.67;769;40;1557.00;18
3810;40;626916293;3810;290;4577;4594;7.52;0.46;238.57;4.68;767;40;1558.00;17
3813;40;626916302;3813;298;4578;4594;7.50;0.46;238.57;4.68;765;40;1559.00;16
3817;40;626916314;3817;288;4584;4599;7.50;0.46;238.52;4.68;767;40;1560.00;15
3822;40;626916324;3822;293;4585;4599;7.46;0.46;238.47;4.68;763;40;1561.00;14
3826;40;626916334;3826;298;4585;4599;7.44;0.46;238.35;4.68;759;40;1562.00;14
3831;40;626916344;3831;303;4586;4600;7.38;0.45;238.45;4.68;755;40;1563.00;14
3836;40;626916354;3836;310;4591;4604;7.33;0.45;238.36;4.68;755;40;1564.00;13
3841;40;626916365;3841;314;4592;4604;7.26;0.44;238.34;4.68;751;40;1565.00;12
3843;40;626916375;3843;317;4595;4607;7.27;0.44;238.37;4.68;752;40;1566.00;12
3845;40;626916385;3845;324;4595;4607;7.35;0.45;238.37;4.68;750;40;1567.00;12
3850;40;626916395;3850;333;4596;4607;7.29;0.45;238.22;4.68;746;40;1568.00;11
3852;40;626916410;3852;336;4596;4607;7.34;0.45;238.15;4.68;744;40;1569.00;11
3854;40;626916419;3854;338;4599;4611;7.34;0.45;238.17;4.67;745;40;1570.00;12
3857;40;626916429;3857;344;4599;4611;7.30;0.45;238.17;4.67;742;40;1571.00;12
3858;40;626916438;3858;349;4600;4611;7.25;0.44;238.11;4.70;742;40;1572.00;11
3860;41;626916448;3860;352;4601;4611;7.17;0.44;238.17;4.70;741;41;1573.00;10
3865;41;626916464;3865;356;4602;4612;7.12;0.43;238.16;4.70;737;41;1574.00;10
3866;41;626916475;3866;364;4604;4614;7.14;0.44;238.15;4.70;738;41;1575.00;10
3869;41;626916484;3869;365;4604;4614;7.07;0.43;238.23;4.70;735;41;1576.00;10
3872;41;626916494;3872;357;4605;4615;7.09;0.43;238.20;4.70;733;41;1577.00;10
3875;41;626916504;3875;346;4605;4615;7.08;0.43;238.05;4.70;730;41;1578.00;10
3878;41;626916514;3878;339;4605;4615;7.04;0.43;238.13;4.70;727;41;1579.00;10
3879;41;626916533;3879;334;4605;4615;7.04;0.43;238.24;4.70;726;41;1580.00;10
3879;41;626916542;3879;334;4605;4615;7.05;0.43;238.24;4.70;726;41;1581.00;10
3882;41;626916552;3882;331;4605;4615;7.09;0.43;238.21;4.70;723;41;1582.00;10
3884;41;626916561;3884;329;4605;4615;7.09;0.43;238.15;4.70;721;41;1583.00;10
3886;41;626916570;3886;348;4681;4742;7.42;0.46;238.18;4.62;795;41;1584.00;61
3890;41;626916589;3890;339;4683;4743;7.44;0.46;238.18;4.62;793;41;1585.00;60
3891;41;626916600;3891;315;4692;4743;7.61;0.47;238.15;4.62;801;41;1586.00;51
3893;41;626916616;3893;289;4699;4743;7.76;0.48;238.19;4.61;806;41;1587.00;44
3895;41;626916626;3895;268;4705;4743;7.88;0.49;238.16;4.61;810;41;1588.00;38
3895;41;626916643;3895;250;4712;4743;7.98;0.49;238.16;4.61;817;41;1589.00;31
3897;41;626916655;3897;242;4715;4743;8.08;0.50;238.13;4.61;818;41;1590.00;28
3897;41;626916666;3897;233;4719;4743;8.20;0.51;238.13;4.62;822;41;1591.00;24
3898;42;626916683;3898;227;4722;4744;8.36;0.51;238.13;4.62;824;42;1592.00;22
3899;42;626916705;3899;222;4723;4745;8.49;0.52;238.15;4.62;824;42;1593.00;22
3899;42;626916717;3899;211;4724;4745;8.63;0.53;238.15;4.62;825;42;1594.00;21
3902;43;626916729;3902;211;4725;4746;8.75;0.54;238.20;4.62;823;43;1595.00;21
3904;43;626916755;3904;209;4726;4746;8.87;0.54;238.16;4.62;822;43;1596.00;20
3906;43;626916767;3906;207;4727;4746;8.98;0.55;238.18;4.62;821;43;1597.00;19
3910;43;626916778;3910;210;4727;4746;9.06;0.55;238.11;4.62;817;43;1598.00;19
3912;43;626916790;3912;207;4732;4750;9.12;0.56;238.14;4.62;820;43;1599.00;18
3913;43;626916809;3913;206;4732;4750;9.16;0.56;238.12;4.62;819;43;1600.00;18
3914;43;626916829;3914;205;4734;4750;9.21;0.56;238.13;4.63;820;43;1601.00;16
3916;43;626916841;3916;200;4737;4753;9.30;0.57;238.08;4.63;821;43;1602.00;16
3917;43;626916853;3917;200;4737;4753;9.39;0.57;238.10;4.63;820;43;1603.00;16
3919;44;626916864;3919;201;4737;4753;9.47;0.58;238.06;4.63;818;44;1604.00;16
3921;44;626916893;3921;199;4741;4757;9.57;0.58;238.13;4.63;820;44;1605.00;16
3924;44;626916905;3924;203;4744;4758;9.58;0.58;238.13;4.63;820;44;1606.00;14
3925;44;626916922;3925;201;4744;4758;9.60;0.58;238.14;4.63;819;44;1607.00;14
3929;44;626916934;3929;203;4747;4762;9.57;0.58;238.15;4.63;818;44;1608.00;15
3931;44;626916946;3931;205;4747;4762;9.58;0.58;238.05;4.63;816;44;1609.00;15
3932;44;626916957;3932;201;4747;4762;9.58;0.58;238.11;4.63;815;44;1610.00;15
3935;45;626916969;3935;204;4748;4763;9.54;0.58;238.14;4.63;813;45;1611.00;15
3936;45;626916992;3936;207;4748;4763;9.52;0.58;238.22;4.63;812;45;1612.00;15
3939;45;626917004;3939;210;4753;4769;9.46;0.57;238.27;4.66;814;45;1613.00;16
3941;45;626917019;3941;211;4753;4769;9.41;0.57;238.35;4.66;812;45;1614.00;16
3944;45;626917040;3944;214;4754;4770;9.37;0.57;238.41;4.66;810;45;1615.00;16
3947;45;626917050;3947;216;4754;4770;9.35;0.57;238.48;4.66;807;45;1616.00;16
3947;45;626917065;3947;211;4754;4770;9.34;0.57;238.48;4.66;807;45;1617.00;16
3951;45;626917075;3951;208;4754;4770;9.34;0.57;238.52;4.66;803;45;1618.00;16
3954;45;626917086;3954;209;4754;4770;9.31;0.57;238.49;4.66;800;45;1619.00;16
3957;45;626917098;3957;204;4774;4806;9.26;0.57;238.55;4.64;817;45;1620.00;32
3960;45;626917112;3960;197;4774;4806;9.30;0.57;238.58;4.64;814;45;1621.00;32
3962;45;626917123;3962;195;4776;4806;9.36;0.57;238.67;4.64;814;45;1622.00;30
3965;45;626917134;3965;190;4778;4806;9.38;0.57;238.74;4.64;813;45;1623.00;28
3967;45;626917144;3967;187;4779;4806;9.40;0.58;238.77;4.64;812;45;1624.00;27
3970;45;626917154;3970;190;4780;4806;9.49;0.58;238.73;4.64;810;45;1625.00;26
3976;45;626917170;3976;188;4783;4810;9.56;0.58;238.73;4.63;807;45;1626.00;27
3980;45;626917187;3980;186;4784;4810;9.62;0.59;238.82;4.64;804;45;1627.00;26
3982;45;626917205;3982;187;4788;4814;9.69;0.59;238.90;4.63;806;45;1628.00;26
3986;45;626917230;3986;185;4789;4815;9.74;0.59;239.06;4.63;803;45;1629.00;26
3989;45;626917248;3989;184;4790;4815;9.78;0.60;239.07;4.63;801;45;1630.00;25
3994;45;626917264;3994;183;4790;4815;9.75;0.59;239.20;4.63;796;45;1631.00;25
3998;45;626917279;3998;180;4799;4828;9.74;0.59;239.29;4.62;801;45;1632.00;29
4002;45;626917293;4002;172;4799;4828;9.74;0.59;239.26;4.62;797;45;1633.00;29
4005;45;626917304;4005;171;4799;4828;9.77;0.60;239.30;4.62;794;45;1634.00;29
4008;45;626917316;4008;168;4800;4829;9.83;0.60;239.34;4.62;792;45;1635.00;29
4012;45;626917327;4012;163;4801;4830;9.88;0.60;239.47;4.63;789;45;1636.00;29
4013;45;626917339;4013;154;4801;4830;9.98;0.61;239.46;4.63;788;45;1637.00;29
4020;45;626917351;4020;153;4803;4833;10.09;0.62;239.53;4.63;783;45;1638.00;30
4024;45;626917362;4024;145;4804;4833;10.17;0.62;239.61;4.63;780;45;1639.00;29
4029;45;626917380;4029;140;4804;4833;10.31;0.63;239.63;4.63;775;45;1640.00;29
4030;45;626917393;4030;139;4804;4833;10.44;0.64;239.67;4.63;774;45;1641.00;29
4034;45;626917403;4034;136;4808;4839;10.53;0.64;239.70;4.63;774;45;1642.00;31
4037;45;626917415;4037;138;4810;4839;10.55;0.64;239.65;4.67;773;45;1643.00;29
4041;45;626917426;4041;136;4810;4839;10.54;0.64;239.77;4.67;769;45;1644.00;29
4046;45;626917437;4046;132;4810;4839;10.49;0.64;239.80;4.67;764;45;1645.00;29
4046;45;626917448;4046;136;4813;4843;10.43;0.63;239.80;4.66;767;45;1646.00;30
4049;45;626917458;4049;131;4816;4844;10.41;0.63;239.84;4.68;767;45;1647.00;28
4052;45;626917471;4052;137;4816;4844;10.43;0.63;239.84;4.68;764;45;1648.00;28
4055;45;626917482;4055;140;4818;4845;10.43;0.63;239.80;4.68;763;45;1649.00;27
4059;45;626917495;4059;140;4818;4845;10.41;0.63;239.79;4.68;759;45;1650.00;27
4062;45;626917506;4062;139;4818;4845;10.43;0.63;239.74;4.68;756;45;1651.00;27
4062;45;626917516;4062;140;4819;4845;10.40;0.63;239.74;4.69;757;45;1652.00;26
4065;45;626917527;4065;149;4819;4845;10.45;0.64;239.77;4.69;754;45;1653.00;26
4069;45;626917538;4069;153;4819;4845;10.48;0.64;239.77;4.69;750;45;1654.00;26
4070;45;626917548;4070;153;4820;4845;10.49;0.64;239.79;4.69;750;45;1655.00;25
4072;45;626917559;4072;159;4857;4915;10.45;0.64;239.81;4.67;785;45;1656.00;58
4074;45;626917577;4074;156;4859;4916;10.45;0.64;239.80;4.67;785;45;1657.00;57
4075;45;626917588;4075;155;4867;4916;10.65;0.65;239.80;4.66;792;45;1658.00;49
4076;45;626917600;4076;160;4870;4916;10.70;0.65;239.86;4.66;794;45;1659.00;46
4081;45;626917612;4081;164;4877;4916;10.77;0.66;239.87;4.68;796;45;1660.00;39
4085;45;626917625;4085;168;4881;4916;10.84;0.66;239.93;4.68;796;45;1661.00;35
4087;45;626917636;4087;165;4887;4916;10.78;0.66;239.90;4.69;800;45;1662.00;29
4091;45;626917650;4091;170;4889;4916;10.70;0.65;240.06;4.70;798;45;1663.00;27
4096;45;626917665;4096;169;4891;4917;10.67;0.65;239.95;4.70;795;45;1664.00;26
4100;45;626917685;4100;173;4894;4919;10.64;0.65;239.88;4.70;794;45;1665.00;25
4104;45;626917701;4104;172;4896;4919;10.58;0.64;239.99;4.71;792;45;1666.00;23
4105;45;626917715;4105;178;4899;4923;10.54;0.64;239.96;4.71;794;45;1667.00;24
4107;45;626917735;4107;182;4899;4923;10.46;0.64;239.87;4.71;792;45;1668.00;24
4111;45;626917748;4111;179;4900;4923;10.40;0.63;239.88;4.72;789;45;1669.00;23
4112;45;626917760;4112;188;4901;4923;10.37;0.63;239.89;4.72;789;45;1670.00;22
4116;45;626917777;4116;190;4907;4929;10.36;0.63;239.87;4.73;791;45;1671.00;22
4118;45;626917797;4118;196;4907;4929;10.32;0.63;239.84;4.73;789;45;1672.00;22
4120;45;626917814;4120;200;4909;4929;10.29;0.63;239.78;4.73;789;45;1673.00;20
4124;45;626917829;4124;201;4912;4932;10.24;0.62;239.70;4.73;788;45;1674.00;20
4128;45;626917840;4128;203;4913;4932;10.15;0.62;239.57;4.73;785;45;1675.00;19
4131;45;626917851;4131;207;4914;4932;10.01;0.61;239.52;4.74;783;45;1676.00;18
4132;45;626917862;4132;216;4915;4933;9.86;0.60;239.53;4.74;783;45;1677.00;18
4137;45;626917878;4137;223;4917;4934;9.67;0.59;239.52;4.74;780;45;1678.00;17
4138;45;626917888;4138;225;4917;4934;9.41;0.57;239.52;4.74;779;45;1679.00;17
4141;45;626917901;4141;226;4935;4960;9.24;0.56;239.54;4.73;794;45;1680.00;25
4144;45;626917915;4144;219;4938;4960;9.11;0.56;239.55;4.73;794;45;1681.00;22
4145;45;626917927;4145;221;4941;4960;9.03;0.55;239.54;4.72;796;45;1682.00;19
4150;45;626917938;4150;220;4942;4961;8.97;0.55;239.53;4.72;792;45;1683.00;19
4151;45;626917954;4151;226;4942;4961;8.97;0.55;239.52;4.72;791;45;1684.00;19
4153;45;626917968;4153;231;4945;4965;9.01;0.55;239.52;4.72;792;45;1685.00;20
4154;45;626917978;4154;231;4945;4965;9.02;0.55;239.49;4.72;791;45;1686.00;20
4157;45;626917990;4157;240;4949;4969;8.98;0.55;239.44;4.72;792;45;1687.00;20
4164;45;626918006;4164;245;4951;4969;8.91;0.54;239.51;4.73;787;45;1688.00;18
4165;45;626918023;4165;245;4951;4969;8.90;0.54;239.51;4.73;786;45;1689.00;18
4169;45;626918035;4169;250;4951;4969;8.85;0.54;239.65;4.73;782;45;1690.00;18
4170;45;626918046;4170;252;4953;4969;8.81;0.54;239.71;4.73;783;45;1691.00;16
4176;45;626918057;4176;258;4964;4981;8.75;0.54;239.75;4.72;788;45;1692.00;17
4180;45;626918068;4180;264;4964;4981;8.68;0.53;239.79;4.72;784;45;1693.00;17
4183;45;626918078;4183;269;4966;4981;8.59;0.53;239.88;4.72;783;45;1694.00;15
4188;45;626918088;4188;274;4966;4981;8.44;0.52;239.85;4.72;778;45;1695.00;15
4191;45;626918097;4191;281;4966;4981;8.26;0.51;239.93;4.72;775;45;1696.00;15
4195;45;626918106;4195;286;4966;4981;7.98;0.49;239.91;4.72;771;45;1697.00;15
4201;45;626918116;4201;288;4967;4982;7.64;0.47;239.94;4.72;766;45;1698.00;15
4205;45;626918126;4205;297;4967;4982;7.39;0.45;240.04;4.72;762;45;1699.00;15
4206;45;626918137;4206;290;4972;4988;7.31;0.45;240.04;4.72;766;45;1700.00;16
4208;45;626918151;4208;291;4973;4989;7.22;0.44;240.13;4.71;765;45;1701.00;16
4211;45;626918163;4211;295;4974;4989;7.12;0.44;240.03;4.71;763;45;1702.00;15
4215;45;626918173;4215;288;4974;4989;7.08;0.44;240.11;4.71;759;45;1703.00;15
4222;45;626918181;4222;292;4978;4993;7.09;0.43;240.29;4.71;756;45;1704.00;15
4222;45;626918190;4222;292;4978;4993;7.14;0.44;240.29;4.71;756;45;1705.00;15
4226;45;626918199;4226;292;4978;4993;7.15;0.44;240.45;4.71;752;45;1706.00;15
4231;45;626918215;4231;289;4979;4994;7.17;0.44;240.44;4.71;748;45;1707.00;15
4233;45;626918225;4233;290;4983;4998;7.22;0.44;240.45;4.71;750;45;1708.00;15
4236;45;626918234;4236;290;4983;4998;7.24;0.44;240.50;4.71;747;45;1709.00;15
4239;45;626918244;4239;292;4986;5004;7.35;0.45;240.42;4.70;747;45;1710.00;18
4242;45;626918254;4242;294;4987;5004;7.41;0.45;240.40;4.70;745;45;1711.00;17
4244;45;626918263;4244;288;4987;5004;7.42;0.45;240.39;4.70;743;45;1712.00;17
4249;45;626918272;4249;290;4988;5004;7.35;0.45;240.32;4.70;739;45;1713.00;16
4251;45;626918281;4251;289;4991;5008;7.36;0.45;240.31;4.70;740;45;1714.00;17
4255;45;626918290;4255;290;4991;5008;7.26;0.44;240.29;4.70;736;45;1715.00;17
4258;45;626918299;4258;289;4992;5008;7.21;0.44;240.28;4.70;734;45;1716.00;16
4263;45;626918308;4263;287;4992;5008;7.13;0.44;240.30;4.70;729;45;1717.00;16
4269;45;626918318;4269;290;4994;5009;7.11;0.44;240.24;4.70;725;45;1718.00;15
4272;45;626918327;4272;291;4995;5010;7.10;0.43;240.17;4.70;723;45;1719.00;15
4274;45;626918336;4274;290;4995;5010;7.02;0.43;240.18;4.70;721;45;1720.00;15
4279;45;626918345;4279;289;4996;5011;7.02;0.43;240.21;4.70;717;45;1721.00;15
4282;45;626918354;4282;292;4996;5011;7.03;0.43;240.16;4.70;714;45;1722.00;15
4285;45;626918363;4285;283;4996;5011;7.12;0.44;240.11;4.70;711;45;1723.00;15
4288;45;626918372;4288;284;4996;5011;7.14;0.44;239.98;4.70;708;45;1724.00;15
4291;45;626918383;4291;289;4996;5011;7.19;0.44;240.01;4.70;705;45;1725.00;15
4292;45;626918394;4292;287;4996;5011;7.25;0.45;240.01;4.70;704;45;1726.00;15
4295;45;626918403;4295;285;4996;5011;7.28;0.45;240.03;4.70;701;45;1727.00;15
4298;45;626918411;4298;298;5070;5138;7.67;0.48;239.99;4.63;772;45;1728.00;68
4304;45;626918430;4304;291;5074;5139;7.62;0.48;239.89;4.63;770;45;1729.00;65
4307;45;626918441;4307;290;5083;5139;7.72;0.48;239.83;4.62;776;45;1730.00;56
4308;45;626918450;4308;293;5089;5139;7.77;0.49;239.86;4.62;781;45;1731.00;50
4310;45;626918465;4310;298;5096;5139;7.87;0.49;239.84;4.62;786;45;1732.00;43
4314;45;626918475;4314;305;5100;5139;7.93;0.49;239.80;4.62;786;45;1733.00;39
4317;45;626918487;4317;302;5106;5139;7.95;0.49;239.76;4.62;789;45;1734.00;33
4321;45;626918497;4321;307;5109;5139;7.97;0.49;239.78;4.62;788;45;1735.00;30
4325;45;626918508;4325;315;5112;5140;7.91;0.49;239.80;4.62;787;45;1736.00;28
4326;45;626918519;4326;320;5113;5141;7.88;0.49;239.81;4.63;787;45;1737.00;28
4328;45;626918529;4328;327;5115;5141;7.84;0.48;239.76;4.63;787;45;1738.00;26
4329;45;626918540;4329;319;5117;5142;7.82;0.48;239.77;4.63;788;45;1739.00;25
4332;45;626918552;4332;316;5119;5142;7.78;0.48;239.74;4.63;787;45;1740.00;23
4335;45;626918564;4335;317;5120;5142;7.77;0.48;239.72;4.63;785;45;1741.00;22
4337;45;626918575;4337;319;5122;5142;7.86;0.48;239.70;4.64;785;45;1742.00;20
4340;45;626918586;4340;317;5125;5146;7.94;0.49;239.74;4.64;785;45;1743.00;21
4343;45;626918598;4343;313;5127;5146;8.04;0.49;239.69;4.64;784;45;1744.00;19
4344;45;626918609;4344;309;5128;5146;8.03;0.49;239.69;4.64;784;45;1745.00;18
4347;45;626918626;4347;305;5131;5149;8.11;0.50;239.74;4.64;784;45;1746.00;18
4348;45;626918638;4348;290;5131;5149;8.20;0.50;239.73;4.64;783;45;1747.00;18
4349;45;626918656;4349;282;5132;5149;8.28;0.51;239.75;4.64;783;45;1748.00;17
4350;45;626918667;4350;275;5136;5153;8.41;0.51;239.74;4.63;786;45;1749.00;17
4353;45;626918680;4353;265;5137;5154;8.49;0.52;239.84;4.63;784;45;1750.00;17
4354;45;626918691;4354;263;5137;5154;8.59;0.52;239.82;4.63;783;45;1751.00;17
4358;45;626918703;4358;253;5141;5158;8.66;0.53;239.86;4.63;783;45;1752.00;17
4360;45;626918717;4360;247;5141;5158;8.77;0.53;239.79;4.63;781;45;1753.00;17
4361;45;626918728;4361;240;5141;5158;8.84;0.54;239.75;4.63;780;45;1754.00;17
4362;45;626918741;4362;242;5143;5160;8.89;0.54;239.75;4.63;781;45;1755.00;17
4366;45;626918754;4366;232;5143;5160;8.92;0.54;239.61;4.63;777;45;1756.00;17
4368;45;626918775;4368;225;5148;5166;8.98;0.54;239.66;4.62;780;45;1757.00;18
4371;45;626918791;4371;210;5148;5166;9.07;0.55;239.69;4.62;777;45;1758.00;18
4371;45;626918811;4371;204;5150;5167;9.19;0.56;239.69;4.62;779;45;1759.00;17
4373;45;626918829;4373;199;5150;5167;9.30;0.56;239.64;4.62;777;45;1760.00;17
4376;45;626918841;4376;197;5150;5167;9.40;0.57;239.63;4.62;774;45;1761.00;17
4378;45;626918859;4378;199;5150;5167;9.46;0.57;239.65;4.62;772;45;1762.00;17
4379;45;626918871;4379;203;5150;5167;9.51;0.58;239.67;4.62;771;45;1763.00;17
4381;45;626918882;4381;200;5161;5179;9.62;0.58;239.62;4.61;780;45;1764.00;18
4383;45;626918895;4383;206;5161;5179;9.64;0.58;239.62;4.61;778;45;1765.00;18
4387;45;626918907;4387;207;5162;5179;9.61;0.58;239.71;4.61;775;45;1766.00;17
4388;45;626918919;4388;202;5162;5179;9.63;0.58;239.78;4.61;774;45;1767.00;17
4389;45;626918931;4389;201;5162;5179;9.67;0.59;239.85;4.61;773;45;1768.00;17
4391;45;626918946;4391;198;5162;5179;9.72;0.59;239.89;4.61;771;45;1769.00;17
4393;45;626918959;4393;198;5166;5183;9.70;0.59;239.98;4.61;773;45;1770.00;17
4395;45;626918980;4395;199;5166;5183;9.74;0.59;240.02;4.61;771;45;1771.00;17
4397;45;626918996;4397;198;5169;5187;9.76;0.59;240.09;4.61;772;45;1772.00;18
4403;45;626919010;4403;199;5170;5188;9.76;0.59;240.11;4.61;767;45;1773.00;18
4408;45;626919025;4408;205;5171;5188;9.79;0.60;240.19;4.61;763;45;1774.00;17
4411;45;626919036;4411;204;5171;5188;9.77;0.59;240.30;4.61;760;45;1775.00;17
4417;45;626919054;4417;202;5182;5201;9.83;0.60;240.42;4.60;765;45;1776.00;19
4422;45;626919068;4422;208;5182;5201;9.80;0.60;240.52;4.60;760;45;1777.00;19
4425;45;626919080;4425;215;5182;5201;9.82;0.60;240.61;4.60;757;45;1778.00;19
4427;45;626919091;4427;208;5183;5202;9.83;0.60;240.60;4.60;756;45;1779.00;19
4430;45;626919103;4430;218;5183;5203;9.76;0.59;240.70;4.60;753;45;1780.00;20
4432;45;626919114;4432;215;5183;5203;9.71;0.59;240.66;4.60;751;45;1781.00;20
4434;45;626919124;4434;218;5185;5206;9.69;0.59;240.70;4.59;751;45;1782.00;21
4438;45;626919135;4438;214;5186;5206;9.64;0.59;240.84;4.66;748;45;1783.00;20
4441;45;626919146;4441;209;5187;5206;9.59;0.58;240.86;4.66;746;45;1784.00;19
4443;45;626919158;4443;210;5187;5206;9.57;0.58;240.94;4.66;744;45;1785.00;19
4445;45;626919175;4445;210;5191;5212;9.57;0.58;240.98;4.66;746;45;1786.00;21
4447;45;626919195;4447;212;5191;5212;9.60;0.58;240.98;4.66;744;45;1787.00;21
4449;45;626919211;4449;212;5192;5212;9.66;0.59;240.99;4.66;743;45;1788.00;20
4452;45;626919228;4452;205;5192;5212;9.65;0.59;241.00;4.66;740;45;1789.00;20
4455;45;626919251;4455;198;5195;5216;9.61;0.58;241.07;4.65;740;45;1790.00;21
4458;45;626919267;4458;185;5196;5217;9.63;0.59;241.04;4.65;738;45;1791.00;21
4459;45;626919282;4459;180;5196;5217;9.70;0.59;241.08;4.65;737;45;1792.00;21
4461;45;626919295;4461;175;5197;5218;9.78;0.60;241.18;4.65;736;45;1793.00;21
4463;45;626919306;4463;170;5197;5218;9.86;0.60;241.19;4.65;734;45;1794.00;21
4464;45;626919318;4464;166;5197;5218;9.90;0.60;241.17;4.65;733;45;1795.00;21
4468;45;626919329;4468;162;5197;5218;9.93;0.61;241.34;4.65;729;45;1796.00;21
4472;45;626919341;4472;157;5197;5218;9.99;0.61;241.34;4.65;725;45;1797.00;21
4476;45;626919352;4476;154;5197;5218;10.03;0.61;241.39;4.65;721;45;1798.00;21
4478;45;626919363;4478;150;5198;5218;9.96;0.61;241.41;4.72;720;45;1799.00;20
4481;45;626919378;4481;174;5260;5356;9.70;0.60;241.37;4.66;779;45;1800.00;96
4484;45;626919410;4484;152;5261;5357;9.69;0.60;241.45;4.73;777;45;1801.00;96
4489;45;626919421;4489;146;5271;5357;9.68;0.60;241.52;4.73;782;45;1802.00;86
4494;45;626919434;4494;135;5274;5357;9.73;0.60;241.75;4.73;780;45;1803.00;83
4497;46;626919447;4497;136;5279;5357;9.79;0.60;241.77;4.79;782;46;1804.00;78
4502;46;626919475;4502;134;5285;5357;9.78;0.60;241.99;4.80;783;46;1805.00;72
4506;46;626919494;4506;128;5291;5357;9.88;0.61;242.10;4.80;785;46;1806.00;66
4511;46;626919505;4511;135;5294;5357;9.94;0.61;242.16;4.81;783;46;1807.00;63
4517;46;626919519;4517;134;5297;5358;9.97;0.61;242.34;4.81;780;46;1808.00;61
4519;46;626919534;4519;132;5302;5359;10.03;0.62;242.38;4.95;783;46;1809.00;57
4524;46;626919551;4524;127;5303;5359;10.05;0.62;242.34;4.95;779;46;1810.00;56
4525;46;626919570;4525;123;5311;5363;10.02;0.62;242.32;5.02;786;46;1811.00;52
4531;46;626919587;4531;122;5311;5363;10.01;0.61;242.36;5.02;780;46;1812.00;52
4536;46;626919603;4536;121;5313;5363;10.02;0.61;242.39;5.07;777;46;1813.00;50
4539;46;626919619;4539;120;5314;5363;10.06;0.61;242.36;5.08;775;46;1814.00;49
4542;46;626919631;4542;121;5318;5369;10.14;0.62;242.38;5.12;776;46;1815.00;51
4544;46;626919646;4544;125;5318;5369;10.25;0.63;242.39;5.12;774;46;1816.00;51
4548;46;626919664;4548;129;5319;5369;10.35;0.63;242.36;5.12;771;46;1817.00;50
4553;46;626919676;4553;128;5322;5372;10.44;0.64;242.37;5.16;769;46;1818.00;50
4558;46;626919689;4558;135;5323;5372;10.50;0.64;242.54;5.16;765;46;1819.00;49
4559;46;626919702;4559;135;5325;5372;10.54;0.64;242.60;5.17;766;46;1820.00;47
4564;46;626919716;4564;137;5326;5373;10.57;0.64;242.62;5.17;762;46;1821.00;47
4565;46;626919730;4565;138;5328;5374;10.63;0.65;242.57;5.17;763;46;1822.00;46
4567;46;626919754;4567;139;5328;5374;10.62;0.65;242.67;5.17;761;46;1823.00;46
4569;46;626919767;4569;140;5336;5387;10.57;0.64;242.68;5.17;767;46;1824.00;51
4572;46;626919781;4572;148;5337;5387;10.55;0.64;242.68;5.17;765;46;1825.00;50
4573;46;626919795;4573;150;5340;5387;10.55;0.64;242.69;5.18;767;46;1826.00;47
4575;46;626919814;4575;158;5343;5388;10.57;0.64;242.66;5.18;768;46;1827.00;45
4579;46;626919827;4579;161;5344;5388;10.59;0.64;242.68;5.19;765;46;1828.00;44
4581;46;626919840;4581;162;5346;5392;10.57;0.64;242.76;5.18;765;46;1829.00;46
4584;46;626919863;4584;160;5349;5392;10.57;0.64;242.88;5.20;765;46;1830.00;43
4585;46;626919876;4585;170;5354;5396;10.50;0.64;242.94;5.20;769;46;1831.00;42
4589;46;626919889;4589;173;5354;5396;10.54;0.64;243.04;5.20;765;46;1832.00;42
4591;46;626919902;4591;175;5357;5396;10.54;0.64;243.12;5.22;766;46;1833.00;39
4594;46;626919915;4594;172;5357;5396;10.57;0.64;243.10;5.22;763;46;1834.00;39
4596;46;626919928;4596;178;5360;5396;10.59;0.65;243.14;5.23;764;46;1835.00;36
4598;46;626919941;4598;181;5371;5408;10.71;0.65;243.12;5.22;773;46;1836.00;37
4602;46;626919958;4602;181;5375;5408;10.66;0.65;243.12;5.24;773;46;1837.00;33
4603;46;626919973;4603;180;5375;5408;10.73;0.66;243.12;5.24;772;46;1838.00;33
4603;46;626919988;4603;182;5378;5408;10.69;0.65;243.12;5.25;775;46;1839.00;30
4604;46;626920002;4604;191;5378;5408;10.60;0.65;243.13;5.25;774;46;1840.00;30
4606;46;626920017;4606;196;5380;5408;10.53;0.65;243.12;5.26;774;46;1841.00;28
4611;46;626920033;4611;201;5381;5409;10.42;0.64;243.18;5.27;770;46;1842.00;28
4613;46;626920046;4613;210;5381;5409;10.30;0.63;243.15;5.27;768;46;1843.00;28
4618;46;626920059;4618;216;5386;5415;10.20;0.62;243.26;5.27;768;46;1844.00;29
4619;46;626920072;4619;224;5389;5417;10.11;0.62;243.24;5.27;770;46;1845.00;28
4622;46;626920084;4622;230;5393;5417;9.95;0.61;243.19;5.28;771;46;1846.00;24
4623;46;626920105;4623;237;5394;5417;9.79;0.60;243.15;5.28;771;46;1847.00;23
4626;46;626920116;4626;245;5397;5421;9.62;0.59;243.12;5.28;771;46;1848.00;24
4629;46;626920127;4629;244;5399;5421;9.48;0.58;243.13;5.28;770;46;1849.00;22
4634;46;626920139;4634;243;5399;5421;9.34;0.57;243.08;5.28;765;46;1850.00;22
4635;46;626920153;4635;241;5401;5422;9.23;0.57;243.11;5.28;766;46;1851.00;21
4638;46;626920166;4638;243;5404;5426;9.14;0.56;243.20;5.28;766;46;1852.00;22
4640;46;626920181;4640;250;5405;5426;9.06;0.55;243.14;5.28;765;46;1853.00;21
4644;46;626920194;4644;247;5407;5429;9.03;0.55;243.04;5.27;763;46;1854.00;22
4645;46;626920207;4645;246;5407;5429;9.04;0.55;243.02;5.27;762;46;1855.00;22
4646;46;626920225;4646;247;5408;5429;9.03;0.55;243.01;5.27;762;46;1856.00;21
4648;46;626920235;4648;246;5408;5429;9.06;0.55;242.99;5.27;760;46;1857.00;21
4652;46;626920245;4652;246;5411;5433;9.10;0.56;242.96;5.27;759;46;1858.00;22
4656;46;626920255;4656;248;5411;5433;9.07;0.55;242.98;5.27;755;46;1859.00;22
4659;46;626920266;4659;249;5412;5433;9.01;0.55;242.92;5.27;753;46;1860.00;21
4661;46;626920280;4661;255;5412;5433;8.93;0.54;242.92;5.27;751;46;1861.00;21
4664;46;626920289;4664;259;5413;5434;8.78;0.53;242.97;5.27;749;46;1862.00;21
4667;46;626920298;4667;269;5414;5435;8.67;0.53;243.02;5.27;747;46;1863.00;21
4669;46;626920306;4669;275;5414;5435;8.55;0.52;243.08;5.27;745;46;1864.00;21
4672;46;626920315;4672;281;5415;5436;8.46;0.52;243.05;5.27;743;46;1865.00;21
4674;46;626920324;4674;286;5415;5436;8.28;0.51;243.01;5.27;741;46;1866.00;21
4678;46;626920338;4678;292;5415;5436;8.08;0.49;242.92;5.27;737;46;1867.00;21
4684;46;626920346;4684;300;5415;5436;7.79;0.48;243.04;5.27;731;46;1868.00;21
4687;46;626920354;4687;307;5415;5436;7.47;0.46;242.97;5.27;728;46;1869.00;21
4689;46;626920362;4689;301;5415;5436;7.22;0.44;242.96;5.27;726;46;1870.00;21
4690;46;626920370;4690;294;5415;5436;7.12;0.44;243.00;5.27;725;46;1871.00;21
4694;46;626920378;4694;315;5485;5563;7.33;0.46;242.95;5.20;791;46;1872.00;78
4696;46;626920396;4696;304;5490;5564;7.29;0.46;242.96;5.20;794;46;1873.00;74
4698;46;626920407;4698;298;5499;5564;7.32;0.46;242.95;5.19;801;46;1874.00;65
4699;46;626920419;4699;305;5503;5564;7.34;0.46;242.99;5.19;804;46;1875.00;61
4701;46;626920432;4701;300;5510;5564;7.36;0.46;243.07;5.19;809;46;1876.00;54
4704;46;626920441;4704;297;5514;5564;7.32;0.46;243.03;5.19;810;46;1877.00;50
4706;46;626920450;4706;309;5520;5564;7.31;0.46;243.09;5.19;814;46;1878.00;44
4709;47;626920459;4709;309;5521;5564;7.32;0.46;243.12;5.19;812;47;1879.00;43
4710;48;626920480;4710;316;5525;5565;7.40;0.46;243.15;5.19;815;48;1880.00;40
4713;48;626920506;4713;316;5528;5566;7.45;0.46;243.13;5.19;815;48;1881.00;38
4715;48;626920516;4715;316;5531;5568;7.49;0.47;243.12;5.20;816;48;1882.00;37
4721;48;626920526;4721;312;5535;5569;7.41;0.46;243.11;5.20;814;48;1883.00;34
4723;48;626920536;4723;314;5536;5569;7.37;0.46;243.04;5.20;813;48;1884.00;33
4727;48;626920546;4727;320;5539;5569;7.30;0.45;243.03;5.20;812;48;1885.00;30
4731;48;626920556;4731;325;5540;5569;7.19;0.45;243.08;5.20;809;48;1886.00;29
4735;48;626920565;4735;325;5543;5573;7.11;0.44;243.09;5.20;808;48;1887.00;30
4738;48;626920575;4738;329;5544;5573;7.03;0.43;243.13;5.21;806;48;1888.00;29
4741;48;626920584;4741;331;5546;5573;7.01;0.43;243.14;5.21;805;48;1889.00;27
4744;48;626920595;4744;337;5549;5579;7.00;0.43;243.13;5.20;805;48;1890.00;30
4748;48;626920606;4748;323;5550;5579;7.02;0.43;243.28;5.21;802;48;1891.00;29
4751;48;626920615;4751;317;5550;5579;7.01;0.43;243.33;5.21;799;48;1892.00;29
4754;48;626920630;4754;310;5556;5583;7.10;0.44;243.27;5.21;802;48;1893.00;27
4756;48;626920641;4756;302;5557;5584;7.14;0.44;243.32;5.21;801;48;1894.00;27
4761;48;626920652;4761;300;5559;5584;7.15;0.44;243.16;5.21;798;48;1895.00;25
4763;48;626920668;4763;300;5563;5588;7.23;0.45;243.13;5.20;800;48;1896.00;25
4767;48;626920679;4767;302;5565;5588;7.29;0.45;243.13;5.20;798;48;1897.00;23
4770;48;626920689;4770;302;5566;5588;7.33;0.45;243.05;5.25;796;48;1898.00;22
4770;48;626920699;4770;304;5567;5589;7.47;0.46;243.05;5.25;797;48;1899.00;22
4774;48;626920711;4774;301;5567;5589;7.52;0.46;243.03;5.25;793;48;1900.00;22
4777;48;626920730;4777;300;5572;5595;7.54;0.46;243.06;5.25;795;48;1901.00;23
4779;48;626920741;4779;302;5573;5595;7.66;0.47;243.05;5.25;794;48;1902.00;22
4786;48;626920752;4786;305;5574;5596;7.64;0.47;242.99;5.25;788;48;1903.00;22
4789;48;626920763;4789;301;5574;5596;7.68;0.47;242.94;5.25;785;48;1904.00;22
4791;48;626920774;4791;307;5574;5596;7.70;0.47;242.94;5.25;783;48;1905.00;22
4795;48;626920784;4795;306;5574;5596;7.72;0.47;242.97;5.25;779;48;1906.00;22
4799;48;626920794;4799;305;5574;5596;7.78;0.47;242.97;5.25;775;48;1907.00;22
4801;48;626920804;4801;301;5584;5608;7.90;0.48;243.03;5.24;783;48;1908.00;24
4802;48;626920816;4802;301;5585;5608;7.94;0.48;243.05;5.24;783;48;1909.00;23
4804;48;626920826;4804;303;5586;5608;7.98;0.49;243.11;5.23;782;48;1910.00;22
4804;48;626920836;4804;305;5586;5608;8.03;0.49;243.11;5.23;782;48;1911.00;22
4807;48;626920846;4807;309;5586;5608;8.02;0.49;243.20;5.23;779;48;1912.00;22
4810;48;626920855;4810;312;5586;5608;8.03;0.49;243.29;5.23;776;48;1913.00;22
4815;48;626920866;4815;315;5590;5612;8.03;0.49;243.33;5.23;775;48;1914.00;22
4820;48;626920876;4820;319;5591;5612;7.94;0.48;243.33;5.28;771;48;1915.00;21
4824;48;626920887;4824;323;5594;5616;7.90;0.48;243.36;5.28;770;48;1916.00;22
4828;48;626920898;4828;304;5595;5617;7.85;0.48;243.48;5.28;767;48;1917.00;22
4829;48;626920909;4829;299;5596;5617;7.87;0.48;243.52;5.28;767;48;1918.00;21
4832;48;626920920;4832;291;5596;5617;7.87;0.48;243.55;5.28;764;48;1919.00;21
4834;48;626920933;4834;296;5620;5646;7.95;0.48;243.56;5.26;786;48;1920.00;26
4835;48;626920946;4835;291;5620;5646;7.98;0.49;243.54;5.26;785;48;1921.00;26
4839;48;626920957;4839;286;5622;5646;8.03;0.49;243.57;5.26;783;48;1922.00;24
4842;48;626920968;4842;290;5624;5647;8.11;0.49;243.56;5.26;782;48;1923.00;23
4844;48;626920979;4844;285;5625;5648;8.15;0.50;243.65;5.30;781;48;1924.00;23
4848;48;626920989;4848;281;5625;5648;8.16;0.50;243.68;5.30;777;48;1925.00;23
4849;48;626921000;4849;272;5628;5651;8.28;0.50;243.69;5.30;779;48;1926.00;23
4853;49;626921011;4853;250;5628;5651;8.31;0.50;243.73;5.30;775;49;1927.00;23
4857;49;626921035;4857;234;5628;5651;8.32;0.50;243.68;5.30;771;49;1928.00;23
4860;49;626921046;4860;226;5628;5651;8.40;0.51;243.76;5.30;768;49;1929.00;23
4864;49;626921062;4864;233;5632;5657;8.48;0.51;243.80;5.30;768;49;1930.00;25
4867;49;626921073;4867;230;5632;5657;8.54;0.52;243.88;5.30;765;49;1931.00;25
4869;49;626921084;4869;228;5633;5657;8.61;0.52;243.94;5.30;764;49;1932.00;24
4874;50;626921095;4874;226;5633;5657;8.63;0.52;243.87;5.30;759;50;1933.00;24
4875;50;626921121;4875;229;5636;5661;8.62;0.52;243.93;5.29;761;50;1934.00;25
4880;50;626921132;4880;228;5638;5663;8.63;0.52;244.01;5.29;758;50;1935.00;25
4881;50;626921149;4881;224;5638;5663;8.66;0.53;244.00;5.29;757;50;1936.00;25
4884;50;626921159;4884;219;5640;5664;8.72;0.53;244.02;5.34;756;50;1937.00;24
4887;50;626921176;4887;217;5640;5664;8.79;0.54;244.04;5.34;753;50;1938.00;24
4891;50;626921197;4891;214;5640;5664;8.80;0.54;244.02;5.34;749;50;1939.00;24
4892;50;626921219;4892;214;5640;5664;8.85;0.54;244.07;5.34;748;50;1940.00;24
4895;50;626921244;4895;209;5640;5664;8.88;0.54;244.10;5.34;745;50;1941.00;24
4897;50;626921269;4897;202;5641;5664;8.95;0.55;244.15;5.38;744;50;1942.00;23
4900;50;626921286;4900;198;5641;5664;9.04;0.55;244.20;5.38;741;50;1943.00;23
4902;50;626921300;4902;215;5684;5734;8.90;0.55;244.19;5.34;782;50;1944.00;50
4907;50;626921318;4907;204;5684;5735;9.01;0.55;244.25;5.34;777;50;1945.00;51
4910;50;626921330;4910;196;5689;5735;9.14;0.56;244.25;5.34;779;50;1946.00;46
4914;50;626921342;4914;189;5691;5735;9.24;0.56;244.27;5.34;777;50;1947.00;44
4914;50;626921354;4914;189;5694;5735;9.37;0.57;244.27;5.34;780;50;1948.00;41
4919;50;626921365;4919;194;5696;5735;9.37;0.57;244.27;5.34;777;50;1949.00;39
4921;50;626921379;4921;196;5702;5737;9.40;0.57;244.26;5.37;781;50;1950.00;35
4922;50;626921392;4922;199;5705;5737;9.38;0.57;244.25;5.37;783;50;1951.00;32
4924;50;626921410;4924;198;5708;5738;9.34;0.57;244.21;5.38;784;50;1952.00;30
4926;50;626921422;4926;206;5710;5739;9.27;0.56;244.26;5.37;784;50;1953.00;29
4927;50;626921433;4927;208;5711;5739;9.28;0.57;244.25;5.37;784;50;1954.00;28
4928;50;626921444;4928;217;5714;5743;9.27;0.56;244.25;5.37;786;50;1955.00;29
4929;50;626921455;4929;226;5715;5743;9.29;0.57;244.23;5.37;786;50;1956.00;28
4932;50;626921468;4932;228;5715;5743;9.32;0.57;244.26;5.37;783;50;1957.00;28
4932;50;626921479;4932;229;5715;5743;9.31;0.57;244.26;5.37;783;50;1958.00;28
4933;50;626921489;4933;229;5720;5749;9.31;0.57;244.26;5.37;787;50;1959.00;29
4935;50;626921500;4935;225;5720;5749;9.32;0.57;244.24;5.37;785;50;1960.00;29
4940;50;626921511;4940;222;5720;5749;9.32;0.57;244.29;5.37;780;50;1961.00;29
4941;50;626921522;4941;217;5723;5752;9.41;0.57;244.27;5.37;782;50;1962.00;29
4943;50;626921533;4943;213;5723;5752;9.45;0.57;244.31;5.37;780;50;1963.00;29
4946;50;626921544;4946;212;5723;5752;9.46;0.58;244.33;5.37;777;50;1964.00;29
4949;50;626921554;4949;207;5724;5753;9.50;0.58;244.34;5.41;775;50;1965.00;29
4953;50;626921566;4953;205;5725;5754;9.51;0.58;244.38;5.41;772;50;1966.00;29
4955;50;626921577;4955;208;5725;5754;9.55;0.58;244.44;5.41;770;50;1967.00;29
4961;50;626921588;4961;206;5734;5767;9.49;0.58;244.46;5.40;773;50;1968.00;33
4965;50;626921600;4965;195;5735;5767;9.48;0.58;244.50;5.43;770;50;1969.00;32
4967;50;626921610;4967;184;5735;5767;9.45;0.57;244.53;5.43;768;50;1970.00;32
4969;50;626921621;4969;176;5736;5768;9.52;0.58;244.55;5.42;767;50;1971.00;32
4973;50;626921634;4973;167;5736;5768;9.50;0.58;244.58;5.42;763;50;1972.00;32
4977;50;626921645;4977;161;5739;5772;9.52;0.58;244.60;5.42;762;50;1973.00;33
4981;51;626921655;4981;153;5742;5772;9.53;0.58;244.65;5.46;761;51;1974.00;30
4987;51;626921680;4987;148;5746;5776;9.52;0.58;244.80;5.46;759;51;1975.00;30
4992;51;626921698;4992;144;5746;5776;9.57;0.58;244.79;5.46;754;51;1976.00;30
4996;51;626921710;4996;141;5747;5776;9.65;0.58;244.91;5.49;751;51;1977.00;29
5001;51;626921721;5001;132;5747;5776;9.78;0.59;244.90;5.49;746;51;1978.00;29
5004;51;626921731;5004;123;5748;5776;9.80;0.59;244.93;5.52;744;51;1979.00;28
5005;51;626921744;5005;125;5768;5810;9.79;0.60;244.96;5.50;763;51;1980.00;42
5007;51;626921758;5007;123;5769;5810;9.77;0.60;245.03;5.50;762;51;1981.00;41
5011;51;626921769;5011;128;5770;5810;9.77;0.59;245.06;5.50;759;51;1982.00;40
5013;51;626921783;5013;120;5770;5810;9.80;0.60;245.07;5.50;757;51;1983.00;40
5015;51;626921793;5015;125;5772;5810;9.80;0.60;245.11;5.53;757;51;1984.00;38
5016;51;626921804;5016;127;5772;5810;9.85;0.60;245.18;5.53;756;51;1985.00;38
5018;51;626921821;5018;126;5773;5811;9.93;0.60;245.17;5.53;755;51;1986.00;38
5023;51;626921831;5023;128;5775;5811;9.99;0.61;245.27;5.55;752;51;1987.00;36
5024;51;626921842;5024;131;5778;5817;10.12;0.61;245.24;5.54;754;51;1988.00;39
5028;51;626921854;5028;132;5779;5818;10.15;0.62;245.33;5.54;751;51;1989.00;39
5030;51;626921864;5030;131;5781;5818;10.14;0.62;245.34;5.54;751;51;1990.00;37
5033;51;626921875;5033;138;5781;5818;10.09;0.61;245.34;5.54;748;51;1991.00;37
5035;51;626921886;5035;142;5785;5822;10.04;0.61;245.42;5.54;750;51;1992.00;37
5038;51;626921897;5038;147;5785;5822;10.00;0.61;245.41;5.54;747;51;1993.00;37
5039;51;626921908;5039;151;5785;5822;9.99;0.61;245.46;5.54;746;51;1994.00;37
5043;51;626921918;5043;155;5787;5823;9.92;0.60;245.49;5.54;744;51;1995.00;36
5046;52;626921929;5046;153;5792;5827;9.89;0.60;245.56;5.55;746;52;1996.00;35
5048;52;626921954;5048;153;5792;5827;9.89;0.60;245.60;5.55;744;52;1997.00;35
5051;52;626921965;5051;160;5795;5830;9.92;0.60;245.66;5.55;744;52;1998.00;35
5053;52;626921977;5053;163;5797;5830;9.89;0.60;245.70;5.56;744;52;1999.00;33
5054;52;626921995;5054;168;5799;5830;9.86;0.60;245.73;5.57;745;52;2000.00;31
5056;52;626922010;5056;168;5799;5830;9.83;0.60;245.75;5.57;743;52;2001.00;31
5057;52;626922021;5057;175;5803;5834;9.88;0.60;245.74;5.57;746;52;2002.00;31
5058;52;626922032;5058;183;5804;5834;9.89;0.60;245.80;5.58;746;52;2003.00;30
5060;52;626922043;5060;185;5806;5834;9.97;0.61;245.85;5.58;746;52;2004.00;28
5063;52;626922054;5063;182;5807;5834;9.94;0.60;245.88;5.58;744;52;2005.00;27
5063;52;626922065;5063;187;5808;5835;9.92;0.60;245.88;5.59;745;52;2006.00;27
5065;52;626922074;5065;194;5809;5836;9.90;0.60;245.96;5.59;744;52;2007.00;27
5066;52;626922091;5066;200;5811;5836;9.83;0.60;246.03;5.60;745;52;2008.00;25
5070;52;626922102;5070;202;5812;5837;9.77;0.59;245.94;5.60;742;52;2009.00;25
5072;52;626922115;5072;207;5813;5837;9.68;0.59;245.96;5.61;741;52;2010.00;24
5074;52;626922126;5074;211;5814;5837;9.55;0.58;245.98;5.61;740;52;2011.00;23
5077;52;626922136;5077;213;5814;5837;9.43;0.57;246.00;5.61;737;52;2012.00;23
5079;52;626922147;5079;215;5815;5837;9.35;0.57;246.01;5.62;736;52;2013.00;22
5081;52;626922158;5081;221;5815;5837;9.26;0.56;246.02;5.62;734;52;2014.00;22
5082;52;626922168;5082;229;5819;5837;9.17;0.56;246.02;5.64;737;52;2015.00;18
5085;52;626922177;5085;251;5883;5964;9.27;0.57;245.95;5.58;798;52;2016.00;81
5088;52;626922198;5088;255;5884;5965;9.18;0.57;245.88;5.58;796;52;2017.00;81
5089;52;626922208;5089;254;5896;5965;9.20;0.57;245.84;5.57;807;52;2018.00;69
5091;52;626922219;5091;250;5900;5965;9.01;0.56;245.77;5.57;809;52;2019.00;65
5092;52;626922228;5092;252;5907;5965;8.92;0.55;245.75;5.57;815;52;2020.00;58
5097;52;626922238;5097;250;5912;5965;8.80;0.54;245.70;5.57;815;52;2021.00;53
5101;52;626922248;5101;253;5917;5965;8.74;0.54;245.74;5.57;816;52;2022.00;48
5103;52;626922258;5103;254;5921;5965;8.70;0.53;245.69;5.57;818;52;2023.00;44
5104;52;626922274;5104;258;5927;5966;8.66;0.53;245.66;5.58;823;52;2024.00;39
5109;52;626922284;5109;263;5930;5968;8.65;0.53;245.52;5.58;821;52;2025.00;38
5109;52;626922295;5109;265;5935;5968;8.63;0.53;245.52;5.58;826;52;2026.00;33
5109;53;626922304;5109;272;5938;5969;8.55;0.53;245.52;5.58;829;53;2027.00;31
5112;53;626922325;5112;279;5943;5969;8.48;0.52;245.48;5.59;831;53;2028.00;26
5113;53;626922335;5113;286;5943;5969;8.36;0.51;245.47;5.59;830;53;2029.00;26
5114;53;626922345;5114;292;5945;5969;8.26;0.51;245.46;5.59;831;53;2030.00;24
5115;53;626922360;5115;299;5949;5973;8.19;0.50;245.45;5.59;834;53;2031.00;24
5116;53;626922374;5116;313;5950;5973;8.09;0.50;245.42;5.59;834;53;2032.00;23
5119;53;626922384;5119;325;5951;5973;7.96;0.49;245.40;5.59;832;53;2033.00;22
5121;53;626922394;5121;333;5954;5976;7.82;0.48;245.41;5.59;833;53;2034.00;22
5124;53;626922404;5124;347;5954;5976;7.62;0.47;245.45;5.59;830;53;2035.00;22
5126;53;626922418;5126;354;5956;5976;7.40;0.45;245.40;5.59;830;53;2036.00;20
5129;53;626922428;5129;360;5960;5980;7.18;0.44;245.44;5.59;831;53;2037.00;20
5132;53;626922439;5132;369;5962;5981;7.03;0.43;245.48;5.59;830;53;2038.00;19
5135;53;626922448;5135;377;5962;5981;6.81;0.42;245.44;5.59;827;53;2039.00;19
5140;53;626922458;5140;368;5968;5986;6.68;0.41;245.41;5.59;828;53;2040.00;18
5142;53;626922468;5142;374;5968;5986;6.59;0.41;245.43;5.59;826;53;2041.00;18
5146;53;626922477;5146;373;5968;5986;6.44;0.40;245.44;5.59;822;53;2042.00;18
5149;53;626922485;5149;363;5969;5987;6.40;0.40;245.49;5.58;820;53;2043.00;18
5153;53;626922494;5153;351;5969;5987;6.36;0.39;245.42;5.58;816;53;2044.00;18
5155;53;626922509;5155;344;5974;5993;6.46;0.40;245.43;5.58;819;53;2045.00;19
5158;53;626922519;5158;334;5974;5993;6.48;0.40;245.39;5.58;816;53;2046.00;19
5162;53;626922528;5162;322;5976;5994;6.59;0.40;245.43;5.58;814;53;2047.00;18
5162;53;626922538;5162;312;5976;5994;6.75;0.41;245.43;5.58;814;53;2048.00;18
5165;53;626922548;5165;302;5976;5994;6.89;0.42;245.39;5.58;811;53;2049.00;18
5166;53;626922564;5166;298;5976;5994;7.05;0.43;245.36;5.58;810;53;2050.00;18
5168;53;626922573;5168;291;5976;5994;7.18;0.44;245.42;5.58;808;53;2051.00;18
5171;53;626922583;5171;285;5986;6006;7.29;0.45;245.46;5.57;815;53;2052.00;20
5172;53;626922600;5172;280;5986;6006;7.42;0.45;245.44;5.57;814;53;2053.00;20
5174;53;626922610;5174;280;5988;6006;7.62;0.47;245.46;5.57;814;53;2054.00;18
5176;53;626922620;5176;272;5988;6006;7.73;0.47;245.46;5.57;812;53;2055.00;18
5179;53;626922631;5179;271;5988;6006;7.79;0.48;245.46;5.57;809;53;2056.00;18
5182;53;626922641;5182;267;5988;6006;7.84;0.48;245.41;5.57;806;53;2057.00;18
5185;53;626922652;5185;271;5992;6010;7.90;0.48;245.33;5.57;807;53;2058.00;18
5186;53;626922663;5186;270;5992;6010;7.95;0.49;245.36;5.57;806;53;2059.00;18
5189;53;626922673;5189;262;5995;6014;8.03;0.49;245.33;5.56;806;53;2060.00;19
5191;53;626922685;5191;265;5996;6015;8.09;0.49;245.31;5.56;805;53;2061.00;19
5196;53;626922696;5196;264;5997;6015;8.10;0.49;245.27;5.56;801;53;2062.00;18
5196;53;626922707;5196;265;5997;6015;8.15;0.50;245.27;5.56;801;53;2063.00;18
5199;53;626922718;5199;268;6010;6028;8.19;0.50;245.33;5.55;811;53;2064.00;18
5203;53;626922730;5203;271;6010;6028;8.17;0.50;245.40;5.55;807;53;2065.00;18
5208;53;626922740;5208;267;6010;6028;8.18;0.50;245.51;5.55;802;53;2066.00;18
5211;53;626922751;5211;263;6011;6029;8.27;0.50;245.46;5.55;800;53;2067.00;18
5214;53;626922762;5214;260;6011;6030;8.28;0.50;245.53;5.55;797;53;2068.00;19
5223;53;626922773;5223;260;6012;6030;8.25;0.50;245.84;5.55;789;53;2069.00;18
5227;53;626922786;5227;256;6015;6036;8.25;0.50;245.87;5.55;788;53;2070.00;21
5231;53;626922797;5231;253;6015;6036;8.25;0.50;245.91;5.55;784;53;2071.00;21
5239;53;626922808;5239;254;6016;6036;8.19;0.50;245.95;5.55;777;53;2072.00;20
5244;53;626922819;5244;254;6016;6036;8.20;0.50;246.04;5.55;772;53;2073.00;20
5247;53;626922830;5247;258;6021;6042;8.27;0.50;246.05;5.54;774;53;2074.00;21
5251;53;626922841;5251;259;6021;6042;8.26;0.50;246.13;5.54;770;53;2075.00;21
5256;53;626922852;5256;265;6022;6042;8.26;0.50;246.10;5.54;766;53;2076.00;20
5259;53;626922863;5259;269;6022;6042;8.27;0.50;246.23;5.54;763;53;2077.00;20
5264;53;626922874;5264;272;6027;6046;8.23;0.50;246.27;5.54;763;53;2078.00;19
5267;53;626922885;5267;267;6028;6047;8.21;0.50;246.26;5.54;761;53;2079.00;19
5269;53;626922896;5269;269;6029;6047;8.18;0.50;246.35;5.54;760;53;2080.00;18
5272;53;626922907;5272;277;6030;6048;8.19;0.50;246.41;5.54;758;53;2081.00;18
5277;53;626922917;5277;278;6030;6048;8.11;0.49;246.38;5.54;753;53;2082.00;18
5278;53;626922929;5278;285;6030;6048;8.11;0.49;246.36;5.54;752;53;2083.00;18
5281;53;626922939;5281;283;6030;6048;8.03;0.49;246.33;5.54;749;53;2084.00;18
5284;53;626922950;5284;286;6031;6048;7.95;0.48;246.40;5.58;747;53;2085.00;17
5286;53;626922960;5286;293;6031;6048;7.87;0.48;246.39;5.58;745;53;2086.00;17
5287;53;626922971;5287;281;6031;6048;7.84;0.48;246.39;5.58;744;53;2087.00;17
5288;53;626922982;5288;288;6075;6118;7.89;0.48;246.39;5.54;787;53;2088.00;43
5292;53;626922999;5292;276;6077;6119;7.94;0.49;246.37;5.54;785;53;2089.00;42
5297;53;626923017;5297;262;6081;6119;8.08;0.49;246.34;5.54;784;53;2090.00;38
5302;53;626923028;5302;258;6082;6119;8.13;0.50;246.37;5.54;780;53;2091.00;37
5304;53;626923039;5304;253;6084;6119;8.28;0.51;246.38;5.54;780;53;2092.00;35
5310;53;626923050;5310;255;6086;6119;8.39;0.51;246.38;5.54;776;53;2093.00;33
5312;53;626923061;5312;256;6090;6119;8.55;0.52;246.41;5.54;778;53;2094.00;29
5315;53;626923072;5315;263;6093;6119;8.60;0.52;246.38;5.54;778;53;2095.00;26
5317;53;626923083;5317;253;6094;6120;8.63;0.52;246.37;5.54;777;53;2096.00;26
5320;53;626923096;5320;234;6098;6121;8.72;0.53;246.36;5.54;778;53;2097.00;23
5323;53;626923108;5323;224;6099;6121;8.83;0.54;246.35;5.54;776;53;2098.00;22
5325;53;626923121;5325;214;6105;6125;8.90;0.54;246.37;5.54;780;53;2099.00;20
5328;53;626923136;5328;215;6109;6140;8.93;0.54;246.39;5.54;781;53;2100.00;31
5329;53;626923155;5329;209;6110;6140;9.02;0.55;246.45;5.54;781;53;2101.00;30
5331;53;626923169;5331;209;6111;6140;9.06;0.55;246.50;5.54;780;53;2102.00;29
5335;53;626923188;5335;206;6114;6146;9.11;0.55;246.48;5.54;779;53;2103.00;32
5336;53;626923209;5336;205;6114;6146;9.18;0.56;246.53;5.54;778;53;2104.00;32
5339;53;626923229;5339;202;6114;6146;9.20;0.56;246.65;5.54;775;53;2105.00;32
5341;53;626923254;5341;208;6117;6149;9.24;0.56;246.66;5.53;776;53;2106.00;32
5343;53;626923272;5343;202;6117;6149;9.33;0.57;246.68;5.53;774;53;2107.00;32
5349;53;626923290;5349;199;6118;6149;9.29;0.57;246.68;5.53;769;53;2108.00;31
5350;53;626923304;5350;192;6118;6150;9.29;0.57;246.68;5.53;768;53;2109.00;32
5353;53;626923317;5353;187;6119;6151;9.29;0.57;246.62;5.53;766;53;2110.00;32
5357;53;626923329;5357;184;6120;6151;9.28;0.57;246.58;5.54;763;53;2111.00;31
5359;53;626923342;5359;182;6128;6164;9.28;0.57;246.55;5.53;769;53;2112.00;36
5360;53;626923355;5360;178;6129;6164;9.34;0.57;246.53;5.53;769;53;2113.00;35
5363;53;626923368;5363;175;6131;6164;9.35;0.57;246.62;5.58;768;53;2114.00;33
5364;53;626923380;5364;170;6133;6166;9.41;0.58;246.63;5.58;769;53;2115.00;33
5366;53;626923394;5366;171;6133;6166;9.51;0.58;246.60;5.58;767;53;2116.00;33
5368;53;626923405;5368;166;6136;6170;9.56;0.58;246.63;5.58;768;53;2117.00;34
5371;53;626923417;5371;174;6136;6170;9.68;0.59;246.57;5.58;765;53;2118.00;34
5372;53;626923429;5372;181;6139;6174;9.67;0.59;246.56;5.58;767;53;2119.00;35
5376;53;626923447;5376;184;6140;6174;9.68;0.59;246.52;5.58;764;53;2120.00;34
5379;53;626923459;5379;183;6140;6174;9.65;0.59;246.48;5.58;761;53;2121.00;34
5380;53;626923477;5380;187;6141;6174;9.56;0.58;246.50;5.58;761;53;2122.00;33
5382;53;626923488;5382;187;6141;6174;9.48;0.58;246.54;5.58;759;53;2123.00;33
5383;53;626923499;5383;188;6150;6186;9.47;0.58;246.54;5.57;767;53;2124.00;36
5383;53;626923510;5383;192;6152;6186;9.43;0.57;246.54;5.58;769;53;2125.00;34
5384;53;626923528;5384;198;6154;6186;9.41;0.57;246.57;5.58;770;53;2126.00;32
5385;53;626923539;5385;199;6154;6186;9.43;0.57;246.55;5.58;769;53;2127.00;32
5387;53;626923550;5387;197;6155;6186;9.41;0.57;246.53;5.59;768;53;2128.00;31
5387;53;626923561;5387;201;6155;6186;9.36;0.57;246.53;5.59;768;53;2129.00;31
5390;53;626923574;5390;197;6156;6187;9.39;0.57;246.62;5.59;766;53;2130.00;31
5392;53;626923592;5392;199;6157;6187;9.34;0.57;246.60;5.64;765;53;2131.00;30
5392;53;626923605;5392;198;6163;6193;9.36;0.57;246.60;5.65;771;53;2132.00;30
5394;53;626923617;5394;191;6164;6194;9.39;0.57;246.65;5.64;770;53;2133.00;30
5397;53;626923628;5397;184;6166;6194;9.41;0.57;246.60;5.65;769;53;2134.00;28
5401;53;626923639;5401;183;6167;6194;9.39;0.57;246.62;5.65;766;53;2135.00;27
5406;53;626923650;5406;185;6170;6198;9.39;0.57;246.59;5.64;764;53;2136.00;28
5411;53;626923662;5411;180;6171;6198;9.36;0.57;246.63;5.64;760;53;2137.00;27
5419;53;626923673;5419;174;6171;6198;9.30;0.56;246.70;5.64;752;53;2138.00;27
5420;53;626923684;5420;170;6173;6199;9.32;0.57;246.70;5.70;753;53;2139.00;26
5421;53;626923694;5421;167;6176;6203;9.32;0.57;246.75;5.69;755;53;2140.00;27
5424;53;626923705;5424;163;6176;6203;9.37;0.57;246.77;5.69;752;53;2141.00;27
5427;53;626923715;5427;158;6179;6206;9.41;0.57;246.88;5.75;752;53;2142.00;27
5429;53;626923726;5429;160;6179;6206;9.44;0.57;246.91;5.75;750;53;2143.00;27
5431;53;626923737;5431;155;6180;6206;9.51;0.58;246.95;5.75;749;53;2144.00;26
5435;53;626923747;5435;154;6183;6206;9.49;0.58;246.92;5.81;748;53;2145.00;23
5439;53;626923758;5439;150;6186;6210;9.49;0.58;247.00;5.81;747;53;2146.00;24
5440;53;626923769;5440;151;6186;6210;9.56;0.58;247.03;5.81;746;53;2147.00;24
5442;53;626923787;5442;150;6188;6210;9.51;0.58;247.07;5.86;746;53;2148.00;22
5445;53;626923797;5445;154;6188;6210;9.51;0.58;247.13;5.86;743;53;2149.00;22
5449;53;626923808;5449;151;6189;6211;9.49;0.58;247.12;5.92;740;53;2150.00;22
5452;53;626923818;5452;150;6190;6212;9.53;0.58;247.07;5.92;738;53;2151.00;22
5454;53;626923828;5454;149;6190;6212;9.54;0.58;247.06;5.92;736;53;2152.00;22
5455;53;626923839;5455;145;6191;6213;9.53;0.58;247.08;5.92;736;53;2153.00;22
5458;53;626923850;5458;153;6191;6213;9.51;0.58;247.01;5.92;733;53;2154.00;22
5461;53;626923861;5461;151;6191;6213;9.45;0.57;247.08;5.92;730;53;2155.00;22
5466;53;626923871;5466;157;6192;6213;9.42;0.57;247.22;5.97;726;53;2156.00;21
5466;53;626923881;5466;157;6192;6213;9.42;0.57;247.22;5.97;726;53;2157.00;21
5469;53;626923890;5469;150;6192;6213;9.45;0.57;247.27;5.97;723;53;2158.00;21
5470;53;626923900;5470;151;6192;6213;9.49;0.58;247.25;5.97;722;53;2159.00;21
5471;53;626923912;5471;184;6288;6443;9.42;0.59;247.27;5.88;817;53;2160.00;155
5473;53;626923948;5473;183;6289;6444;9.36;0.58;247.25;5.88;816;53;2161.00;155
5477;53;626923959;5477;172;6297;6444;9.42;0.59;247.25;5.88;820;53;2162.00;147
5478;53;626923972;5478;177;6304;6444;9.37;0.58;247.26;5.88;826;53;2163.00;140
5479;53;626923983;5479;177;6312;6444;9.39;0.58;247.25;5.87;833;53;2164.00;132
5483;53;626923994;5483;175;6317;6444;9.36;0.58;247.22;5.87;834;53;2165.00;127
5484;53;626924011;5484;180;6325;6444;9.39;0.58;247.29;5.87;841;53;2166.00;119
5485;53;626924023;5485;182;6328;6444;9.41;0.58;247.30;5.87;843;53;2167.00;116
5489;53;626924034;5489;185;6334;6445;9.43;0.58;247.17;5.87;845;53;2168.00;111
5495;53;626924045;5495;190;6340;6446;9.38;0.58;247.06;5.88;845;53;2169.00;106
5495;53;626924063;5495;183;6346;6446;9.40;0.58;247.06;5.89;851;53;2170.00;100
5497;53;626924074;5497;190;6350;6447;9.44;0.58;247.02;5.89;853;53;2171.00;97
5499;53;626924086;5499;196;6356;6447;9.44;0.58;247.00;5.91;857;53;2172.00;91
5500;53;626924104;5500;201;6363;6447;9.35;0.58;246.97;5.92;863;53;2173.00;84
5502;53;626924122;5502;206;6366;6447;9.23;0.57;246.97;5.93;864;53;2174.00;81
5503;53;626924134;5503;217;6373;6451;9.15;0.57;246.94;5.94;870;53;2175.00;78
5506;53;626924146;5506;220;6376;6451;9.02;0.56;246.92;5.94;870;53;2176.00;75
5507;53;626924158;5507;228;6380;6451;8.89;0.55;246.93;5.97;873;53;2177.00;71
5509;53;626924171;5509;236;6384;6454;8.80;0.54;246.95;5.98;875;53;2178.00;70
5509;53;626924183;5509;239;6390;6454;8.79;0.54;246.95;5.99;881;53;2179.00;64
5514;53;626924195;5514;248;6392;6454;8.67;0.53;246.98;6.00;878;53;2180.00;62
5516;53;626924207;5516;255;6398;6458;8.61;0.53;246.92;6.00;882;53;2181.00;60
5518;53;626924219;5518;266;6402;6459;8.48;0.52;246.90;6.01;884;53;2182.00;57
5520;53;626924230;5520;277;6405;6459;8.42;0.52;246.88;6.02;885;53;2183.00;54
5521;53;626924241;5521;291;6408;6463;8.34;0.51;246.84;6.02;887;53;2184.00;55
5522;53;626924252;5522;299;6412;6463;8.26;0.51;246.87;6.03;890;53;2185.00;51
5524;53;626924263;5524;305;6415;6463;8.16;0.50;246.84;6.04;891;53;2186.00;48
5526;53;626924273;5526;311;6420;6464;8.03;0.49;246.83;6.05;894;53;2187.00;44
5528;53;626924285;5528;322;6423;6464;7.89;0.48;246.79;6.06;895;53;2188.00;41
5530;53;626924295;5530;323;6428;6470;7.80;0.48;246.71;6.06;898;53;2189.00;42
5531;53;626924307;5531;329;6431;6470;7.68;0.47;246.69;6.07;900;53;2190.00;39
5535;53;626924318;5535;330;6433;6471;7.58;0.46;246.65;6.08;898;53;2191.00;38
5538;53;626924328;5538;334;6435;6471;7.45;0.46;246.61;6.08;897;53;2192.00;36
5538;53;626924338;5538;340;6438;6471;7.39;0.45;246.61;6.09;900;53;2193.00;33
5540;53;626924349;5540;350;6440;6471;7.26;0.44;246.61;6.09;900;53;2194.00;31
5543;53;626924360;5543;340;6440;6471;7.19;0.44;246.63;6.09;897;53;2195.00;31
5544;53;626924376;5544;337;6451;6483;7.13;0.44;246.59;6.08;907;53;2196.00;32
5545;53;626924388;5545;332;6452;6483;7.08;0.43;246.59;6.09;907;53;2197.00;31
5548;53;626924398;5548;331;6452;6483;7.04;0.43;246.54;6.09;904;53;2198.00;31
5549;53;626924409;5549;329;6452;6483;7.00;0.43;246.51;6.09;903;53;2199.00;31
5549;53;626924420;5549;334;6453;6483;6.96;0.42;246.51;6.09;904;53;2200.00;30
5552;53;626924434;5552;325;6453;6483;6.94;0.42;246.58;6.09;901;53;2201.00;30
5554;53;626924445;5554;327;6459;6487;6.93;0.42;246.56;6.09;905;53;2202.00;28
5555;54;626924455;5555;327;6460;6487;7.00;0.43;246.52;6.09;905;54;2203.00;27
5557;54;626924477;5557;325;6464;6491;7.08;0.43;246.50;6.09;907;54;2204.00;27
5559;54;626924488;5559;323;6466;6493;7.08;0.43;246.49;6.09;907;54;2205.00;27
5562;54;626924498;5562;326;6467;6493;6.99;0.43;246.51;6.09;905;54;2206.00;26
5565;54;626924509;5565;330;6467;6493;6.91;0.42;246.50;6.09;902;54;2207.00;26
5569;54;626924519;5569;340;6479;6506;6.80;0.42;246.49;6.08;910;54;2208.00;27
5571;54;626924530;5571;341;6480;6506;6.69;0.41;246.50;6.08;909;54;2209.00;26
5573;54;626924541;5573;331;6481;6508;6.59;0.40;246.57;6.08;908;54;2210.00;27
5576;54;626924551;5576;327;6482;6509;6.52;0.40;246.59;6.07;906;54;2211.00;27
5578;54;626924561;5578;320;6483;6510;6.54;0.40;246.62;6.07;905;54;2212.00;27
5580;54;626924572;5580;322;6483;6510;6.59;0.40;246.62;6.07;903;54;2213.00;27
5582;54;626924582;5582;331;6485;6513;6.69;0.41;246.62;6.07;903;54;2214.00;28
5586;54;626924593;5586;326;6486;6513;6.75;0.41;246.64;6.07;900;54;2215.00;27
5587;54;626924609;5587;317;6486;6513;6.83;0.42;246.69;6.07;899;54;2216.00;27
5590;54;626924620;5590;311;6486;6513;6.86;0.42;246.80;6.07;896;54;2217.00;27
5592;54;626924631;5592;302;6491;6519;7.01;0.43;246.86;6.07;899;54;2218.00;28
5593;54;626924643;5593;297;6491;6519;7.11;0.44;246.88;6.07;898;54;2219.00;28
5596;54;626924656;5596;286;6492;6519;7.18;0.44;246.94;6.07;896;54;2220.00;27
5598;54;626924667;5598;276;6492;6519;7.26;0.44;246.98;6.07;894;54;2221.00;27
5601;54;626924678;5601;269;6497;6523;7.33;0.45;247.03;6.12;896;54;2222.00;26
5607;54;626924690;5607;255;6499;6524;7.40;0.45;247.09;6.12;892;54;2223.00;25
5613;54;626924701;5613;249;6499;6524;7.49;0.46;247.11;6.12;886;54;2224.00;25
5616;54;626924713;5616;250;6500;6525;7.61;0.46;247.11;6.12;884;54;2225.00;25
5623;54;626924724;5623;251;6500;6525;7.67;0.47;247.21;6.12;877;54;2226.00;25
5625;54;626924736;5625;248;6500;6525;7.70;0.47;247.22;6.12;875;54;2227.00;25
5630;54;626924747;5630;247;6500;6525;7.73;0.47;247.32;6.12;870;54;2228.00;25
5633;55;626924758;5633;254;6500;6525;7.77;0.47;247.34;6.12;867;55;2229.00;25
5638;55;626924781;5638;253;6500;6525;7.83;0.48;247.41;6.12;862;55;2230.00;25
5641;55;626924796;5641;242;6500;6525;7.91;0.49;247.56;6.12;859;55;2231.00;25
5647;55;626924807;5647;249;6542;6595;8.08;0.50;247.55;6.08;895;55;2232.00;53
5652;55;626924830;5652;247;6546;6596;8.15;0.50;247.73;6.07;894;55;2233.00;50
5654;55;626924842;5654;248;6552;6596;8.19;0.50;247.76;6.07;898;55;2234.00;44
5663;55;626924854;5663;243;6556;6596;8.21;0.50;247.86;6.07;893;55;2235.00;40
5667;55;626924867;5667;236;6560;6596;8.29;0.51;248.01;6.07;893;55;2236.00;36
5672;55;626924879;5672;240;6561;6596;8.36;0.51;248.07;6.07;889;55;2237.00;35
5678;55;626924891;5678;242;6564;6596;8.36;0.51;248.16;6.07;886;55;2238.00;32
5683;55;626924903;5683;240;6567;6596;8.41;0.51;248.25;6.07;884;55;2239.00;29
5689;55;626924916;5689;247;6569;6597;8.48;0.52;248.21;6.07;880;55;2240.00;28
5694;55;626924929;5694;251;6570;6598;8.56;0.52;248.31;6.07;876;55;2241.00;28
5699;55;626924942;5699;257;6571;6598;8.57;0.52;248.31;6.07;872;55;2242.00;27
5702;55;626924954;5702;256;6574;6602;8.55;0.52;248.34;6.06;872;55;2243.00;28
5707;55;626924967;5707;260;6574;6602;8.57;0.52;248.45;6.06;867;55;2244.00;28
5710;55;626924980;5710;267;6574;6602;8.67;0.53;248.47;6.06;864;55;2245.00;28
5714;55;626924993;5714;266;6574;6602;8.70;0.53;248.47;6.06;860;55;2246.00;28
5718;55;626925005;5718;270;6578;6608;8.60;0.52;248.55;6.06;860;55;2247.00;30
5721;55;626925018;5721;265;6579;6608;8.59;0.52;248.59;6.06;858;55;2248.00;29
5724;55;626925030;5724;267;6579;6608;8.50;0.52;248.62;6.06;855;55;2249.00;29
5727;55;626925044;5727;270;6583;6614;8.47;0.52;248.61;6.06;856;55;2250.00;31
5730;55;626925063;5730;271;6584;6614;8.50;0.52;248.65;6.11;854;55;2251.00;30
5736;55;626925075;5736;276;6585;6614;8.47;0.52;248.65;6.11;849;55;2252.00;29
5738;55;626925088;5738;273;6585;6615;8.44;0.52;248.64;6.11;847;55;2253.00;30
5740;55;626925099;5740;277;6587;6616;8.48;0.52;248.73;6.11;847;55;2254.00;29
5742;55;626925112;5742;282;6587;6616;8.52;0.52;248.75;6.11;845;55;2255.00;29
5747;55;626925123;5747;285;6598;6629;8.51;0.52;248.81;6.10;851;55;2256.00;31
5748;55;626925138;5748;276;6598;6629;8.44;0.52;248.85;6.10;850;55;2257.00;31
5753;55;626925150;5753;276;6598;6629;8.42;0.52;248.86;6.10;845;55;2258.00;31
5756;55;626925163;5756;276;6599;6630;8.42;0.52;248.92;6.10;843;55;2259.00;31
5758;55;626925181;5758;276;6599;6630;8.40;0.51;248.95;6.10;841;55;2260.00;31
5763;56;626925201;5763;271;6602;6634;8.43;0.52;248.95;6.10;839;56;2261.00;32
5769;56;626925240;5769;270;6602;6634;8.40;0.51;248.92;6.10;833;56;2262.00;32
5773;56;626925260;5773;274;6606;6638;8.40;0.51;248.95;6.10;833;56;2263.00;32
5777;56;626925303;5777;277;6607;6638;8.31;0.51;248.96;6.15;830;56;2264.00;31
5779;56;626925317;5779;278;6607;6638;8.29;0.51;248.96;6.15;828;56;2265.00;31
5781;56;626925329;5781;266;6607;6638;8.29;0.51;248.94;6.15;826;56;2266.00;31
5783;56;626925343;5783;253;6607;6638;8.32;0.51;248.98;6.15;824;56;2267.00;31
5785;56;626925356;5785;239;6617;6650;8.43;0.52;248.98;6.14;832;56;2268.00;33
5791;56;626925370;5791;233;6619;6650;8.52;0.52;248.99;6.19;828;56;2269.00;31
5793;56;626925390;5793;231;6619;6650;8.59;0.52;249.03;6.19;826;56;2270.00;31
5797;56;626925403;5797;224;6619;6650;8.70;0.53;249.00;6.19;822;56;2271.00;31
5801;56;626925415;5801;221;6619;6650;8.69;0.53;249.00;6.19;818;56;2272.00;31
5805;56;626925428;5805;220;6619;6650;8.73;0.53;249.10;6.19;814;56;2273.00;31
5809;56;626925440;5809;217;6619;6651;8.75;0.53;249.10;6.19;810;56;2274.00;32
5813;56;626925452;5813;218;6619;6651;8.77;0.53;249.11;6.19;806;56;2275.00;32
5813;56;626925465;5813;219;6623;6657;8.74;0.53;249.11;6.19;810;56;2276.00;34
5817;56;626925477;5817;206;6624;6658;8.79;0.53;249.11;6.18;807;56;2277.00;34
5817;56;626925492;5817;195;6625;6658;8.85;0.54;249.11;6.18;808;56;2278.00;33
5821;56;626925503;5821;192;6625;6658;8.82;0.54;249.11;6.18;804;56;2279.00;33
5823;56;626925517;5823;188;6629;6663;8.83;0.54;249.09;6.18;806;56;2280.00;34
5826;56;626925530;5826;182;6629;6663;8.88;0.54;249.08;6.18;803;56;2281.00;34
5829;56;626925542;5829;180;6629;6663;8.94;0.55;249.02;6.18;800;56;2282.00;34
5832;56;626925553;5832;179;6630;6664;9.07;0.55;249.00;6.18;798;56;2283.00;34
5833;56;626925566;5833;181;6633;6668;9.07;0.55;248.98;6.18;800;56;2284.00;35
5835;56;626925584;5835;178;6633;6668;9.07;0.55;249.05;6.18;798;56;2285.00;35
5837;56;626925602;5837;173;6635;6671;9.08;0.56;249.06;6.18;798;56;2286.00;36
5839;56;626925614;5839;175;6635;6671;9.07;0.55;249.00;6.18;796;56;2287.00;36
5842;56;626925625;5842;179;6636;6671;9.02;0.55;249.01;6.17;794;56;2288.00;35
5843;56;626925636;5843;172;6636;6671;8.98;0.55;248.99;6.17;793;56;2289.00;35
5845;56;626925648;5845;173;6639;6675;8.97;0.55;248.96;6.17;794;56;2290.00;36
5846;56;626925660;5846;181;6639;6675;9.02;0.55;248.96;6.17;793;56;2291.00;36
5846;56;626925679;5846;182;6640;6675;9.09;0.56;248.96;6.17;794;56;2292.00;35
5850;56;626925690;5850;187;6640;6675;9.15;0.56;248.94;6.17;790;56;2293.00;35
5853;56;626925701;5853;187;6640;6676;9.13;0.56;248.91;6.17;787;56;2294.00;36
5854;56;626925714;5854;194;6642;6678;9.08;0.55;248.90;6.17;788;56;2295.00;36
5855;56;626925726;5855;200;6642;6678;9.03;0.55;248.89;6.17;787;56;2296.00;36
5856;56;626925737;5856;197;6643;6679;8.98;0.55;248.91;6.17;787;56;2297.00;36
5858;56;626925748;5858;206;6643;6679;8.86;0.54;248.91;6.17;785;56;2298.00;36
5858;56;626925765;5858;211;6644;6679;8.77;0.54;248.91;6.22;786;56;2299.00;35
5862;56;626925780;5862;212;6644;6679;8.62;0.53;248.91;6.22;782;56;2300.00;35
5864;56;626925797;5864;206;6644;6679;8.55;0.52;248.92;6.22;780;56;2301.00;35
5868;56;626925808;5868;205;6644;6679;8.45;0.51;248.87;6.22;776;56;2302.00;35
5870;56;626925818;5870;203;6644;6679;8.38;0.51;248.90;6.22;774;56;2303.00;35
5871;56;626925828;5871;228;6714;6806;8.21;0.51;248.92;6.16;843;56;2304.00;92
5875;56;626925849;5875;223;6714;6807;8.18;0.50;249.06;6.16;839;56;2305.00;93
5878;56;626925860;5878;208;6721;6807;8.28;0.51;249.04;6.15;843;56;2306.00;86
5879;56;626925872;5879;200;6725;6807;8.37;0.51;249.05;6.15;846;56;2307.00;82
5881;56;626925882;5881;202;6731;6807;8.40;0.52;249.17;6.15;850;56;2308.00;76
5884;56;626925893;5884;198;6736;6807;8.41;0.52;249.13;6.15;852;56;2309.00;71
5886;56;626925904;5886;193;6741;6807;8.38;0.51;249.16;6.15;855;56;2310.00;66
5891;56;626925916;5891;189;6744;6807;8.32;0.51;249.14;6.15;853;56;2311.00;63
5897;56;626925927;5897;190;6748;6808;8.19;0.50;249.20;6.15;851;56;2312.00;60
5900;56;626925939;5900;186;6752;6809;8.13;0.50;249.21;6.15;852;56;2313.00;57
5902;56;626925949;5902;195;6755;6809;8.11;0.50;249.16;6.16;853;56;2314.00;54
5904;56;626925961;5904;196;6758;6810;8.17;0.50;249.13;6.22;854;56;2315.00;52
5906;56;626925973;5906;191;6760;6810;8.20;0.50;249.11;6.22;854;56;2316.00;50
5906;56;626925984;5906;191;6761;6810;8.24;0.50;249.11;6.22;855;56;2317.00;49
5910;56;626925994;5910;196;6763;6810;8.16;0.50;249.04;6.23;853;56;2318.00;47
5913;56;626926005;5913;192;6766;6814;8.09;0.49;248.98;6.23;853;56;2319.00;48
5915;56;626926016;5915;193;6768;6814;8.03;0.49;248.99;6.23;853;56;2320.00;46
5918;56;626926027;5918;191;6768;6814;7.96;0.48;249.01;6.23;850;56;2321.00;46
5920;56;626926038;5920;192;6771;6817;7.98;0.49;248.97;6.23;851;56;2322.00;46
5920;56;626926049;5920;200;6771;6817;7.99;0.49;248.97;6.23;851;56;2323.00;46
5922;56;626926060;5922;208;6772;6817;7.95;0.49;248.94;6.23;850;56;2324.00;45
5922;56;626926071;5922;206;6776;6821;7.87;0.48;248.94;6.23;854;56;2325.00;45
5925;56;626926082;5925;219;6777;6822;7.88;0.48;248.88;6.23;852;56;2326.00;45
5927;56;626926093;5927;226;6778;6822;7.79;0.47;248.82;6.22;851;56;2327.00;44
5931;56;626926104;5931;231;6781;6826;7.76;0.47;248.83;6.22;850;56;2328.00;45
5932;56;626926115;5932;235;6781;6826;7.70;0.47;248.81;6.22;849;56;2329.00;45
5936;56;626926125;5936;241;6781;6826;7.69;0.47;248.72;6.22;845;56;2330.00;45
5937;56;626926136;5937;245;6782;6827;7.66;0.47;248.82;6.22;845;56;2331.00;45
5941;56;626926147;5941;247;6782;6827;7.56;0.46;248.81;6.22;841;56;2332.00;45
5945;56;626926158;5945;250;6786;6833;7.56;0.46;248.77;6.22;841;56;2333.00;47
5946;56;626926171;5946;258;6787;6833;7.55;0.46;248.74;6.22;841;56;2334.00;46
5949;56;626926182;5949;266;6787;6834;7.52;0.46;248.72;6.22;838;56;2335.00;47
5951;56;626926193;5951;264;6787;6834;7.51;0.45;248.72;6.22;836;56;2336.00;47
5951;56;626926204;5951;274;6788;6834;7.45;0.45;248.72;6.23;837;56;2337.00;46
5951;56;626926215;5951;273;6788;6834;7.44;0.45;248.72;6.23;837;56;2338.00;46
5952;56;626926227;5952;276;6788;6834;7.42;0.45;248.74;6.23;836;56;2339.00;46
5953;56;626926239;5953;291;6811;6870;7.48;0.46;248.74;6.23;858;56;2340.00;59
5956;56;626926253;5956;287;6813;6870;7.44;0.45;248.73;6.23;857;56;2341.00;57
5956;56;626926263;5956;292;6815;6870;7.49;0.46;248.73;6.23;859;56;2342.00;55
5958;56;626926274;5958;298;6819;6870;7.47;0.46;248.71;6.25;861;56;2343.00;51
5958;56;626926284;5958;301;6820;6870;7.45;0.45;248.71;6.25;862;56;2344.00;50
5959;56;626926295;5959;300;6823;6870;7.46;0.45;248.71;6.27;864;56;2345.00;47
5959;56;626926305;5959;304;6827;6874;7.44;0.45;248.71;6.27;868;56;2346.00;47
5959;56;626926322;5959;291;6828;6874;7.49;0.46;248.71;6.27;869;56;2347.00;46
5960;56;626926334;5960;286;6833;6878;7.53;0.46;248.67;6.28;873;56;2348.00;45
5960;56;626926346;5960;285;6835;6879;7.60;0.46;248.67;6.28;875;56;2349.00;44
5963;56;626926358;5963;279;6837;6879;7.63;0.47;248.65;6.29;874;56;2350.00;42
5965;56;626926370;5965;278;6838;6879;7.65;0.47;248.74;6.30;873;56;2351.00;41
5967;56;626926381;5967;274;6849;6892;7.64;0.47;248.72;6.30;882;56;2352.00;43
5968;56;626926399;5968;269;6851;6892;7.60;0.46;248.69;6.31;883;56;2353.00;41
5969;56;626926416;5969;267;6852;6892;7.62;0.47;248.68;6.31;883;56;2354.00;40
5969;56;626926426;5969;269;6855;6893;7.61;0.47;248.68;6.31;886;56;2355.00;38
5970;56;626926437;5970;270;6855;6894;7.62;0.47;248.67;6.31;885;56;2356.00;39
5971;56;626926447;5971;273;6856;6894;7.60;0.46;248.65;6.31;885;56;2357.00;38
5973;56;626926458;5973;279;6859;6897;7.62;0.47;248.59;6.32;886;56;2358.00;38
5974;56;626926469;5974;278;6859;6897;7.62;0.47;248.61;6.32;885;56;2359.00;38
5974;56;626926480;5974;275;6861;6897;7.60;0.46;248.61;6.33;887;56;2360.00;36
5975;56;626926490;5975;276;6861;6897;7.55;0.46;248.58;6.33;886;56;2361.00;36
5976;56;626926501;5976;280;6868;6903;7.61;0.47;248.57;6.35;892;56;2362.00;35
5977;56;626926512;5977;276;6868;6903;7.57;0.46;248.57;6.35;891;56;2363.00;35
5979;56;626926522;5979;276;6871;6903;7.50;0.46;248.56;6.35;892;56;2364.00;32
5980;56;626926533;5980;275;6871;6903;7.46;0.46;248.55;6.35;891;56;2365.00;32
5980;56;626926544;5980;275;6874;6907;7.50;0.46;248.55;6.35;894;56;2366.00;33
5985;56;626926554;5985;272;6876;6908;7.47;0.45;248.50;6.35;891;56;2367.00;32
5985;56;626926565;5985;281;6876;6908;7.51;0.46;248.50;6.35;891;56;2368.00;32
5986;56;626926575;5986;278;6877;6909;7.62;0.46;248.49;6.35;891;56;2369.00;32
5991;56;626926587;5991;280;6880;6909;7.59;0.46;248.53;6.36;889;56;2370.00;29
5991;56;626926598;5991;278;6880;6909;7.57;0.46;248.53;6.36;889;56;2371.00;29
5997;56;626926608;5997;279;6881;6909;7.47;0.46;248.48;6.37;884;56;2372.00;28
6000;56;626926619;6000;282;6883;6909;7.46;0.46;248.57;6.37;883;56;2373.00;26
6005;56;626926628;6005;282;6883;6909;7.43;0.45;248.60;6.37;878;56;2374.00;26
6008;56;626926639;6008;286;6884;6909;7.42;0.45;248.60;6.37;876;56;2375.00;25
6011;56;626926649;6011;299;6924;6979;7.44;0.46;248.62;6.34;913;56;2376.00;55
6014;56;626926665;6014;295;6928;6980;7.25;0.44;248.63;6.33;914;56;2377.00;52
6020;56;626926675;6020;297;6935;6980;7.13;0.44;248.74;6.33;915;56;2378.00;45
6026;56;626926686;6026;303;6935;6980;6.98;0.43;248.85;6.33;909;56;2379.00;45
6031;56;626926695;6031;290;6939;6980;6.89;0.42;248.89;6.33;908;56;2380.00;41
6033;56;626926706;6033;281;6942;6980;6.91;0.42;248.96;6.33;909;56;2381.00;38
6037;56;626926716;6037;284;6944;6980;6.89;0.42;249.02;6.33;907;56;2382.00;36
6041;56;626926726;6041;280;6947;6980;6.96;0.43;249.09;6.33;906;56;2383.00;33
6047;56;626926744;6047;287;6948;6981;6.96;0.43;249.15;6.33;901;56;2384.00;33
6050;56;626926755;6050;290;6953;6983;7.09;0.43;249.27;6.33;903;56;2385.00;30
6055;56;626926766;6055;301;6957;6983;7.19;0.44;249.24;6.33;902;56;2386.00;26
6058;56;626926777;6058;302;6961;6987;7.30;0.45;249.31;6.32;903;56;2387.00;26
6064;56;626926788;6064;294;6961;6987;7.37;0.45;249.41;6.32;897;56;2388.00;26
6066;56;626926799;6066;295;6961;6987;7.52;0.46;249.47;6.32;895;56;2389.00;26
6071;56;626926809;6071;293;6961;6987;7.62;0.47;249.62;6.32;890;56;2390.00;26
6074;56;626926821;6074;287;6966;6993;7.68;0.47;249.71;6.32;892;56;2391.00;27
6079;56;626926833;6079;291;6967;6993;7.69;0.47;249.77;6.32;888;56;2392.00;26
6081;56;626926845;6081;288;6967;6993;7.68;0.47;249.78;6.32;886;56;2393.00;26
6086;56;626926856;6086;282;6969;6996;7.73;0.47;249.75;6.32;883;56;2394.00;27
6093;56;626926868;6093;277;6969;6996;7.71;0.47;249.76;6.32;876;56;2395.00;27
6099;56;626926880;6099;275;6970;6996;7.76;0.47;249.72;6.32;871;56;2396.00;26
6104;56;626926891;6104;272;6971;6997;7.78;0.47;249.86;6.32;867;56;2397.00;26
6108;56;626926903;6108;273;6972;6998;7.82;0.47;249.93;6.32;864;56;2398.00;26
6111;56;626926914;6111;269;6972;6998;7.87;0.48;249.92;6.32;861;56;2399.00;26
6115;56;626926929;6115;268;6997;7057;7.91;0.48;250.02;6.29;882;56;2400.00;60
6119;56;626926950;6119;261;7000;7057;7.92;0.48;250.13;6.29;881;56;2401.00;57
6122;56;626926962;6122;262;7002;7057;8.02;0.49;250.18;6.29;880;56;2402.00;55
6127;56;626926975;6127;260;7003;7058;8.06;0.49;250.31;6.29;876;56;2403.00;55
6132;56;626926987;6132;261;7005;7058;8.11;0.49;250.34;6.29;873;56;2404.00;53
6135;56;626926999;6135;255;7007;7062;8.18;0.50;250.35;6.29;872;56;2405.00;55
6138;56;626927012;6138;258;7009;7062;8.23;0.50;250.43;6.29;871;56;2406.00;53
6143;56;626927024;6143;260;7014;7066;8.26;0.50;250.48;6.28;871;56;2407.00;52
6146;56;626927037;6146;258;7015;7066;8.27;0.50;250.51;6.28;869;56;2408.00;51
6151;56;626927048;6151;264;7015;7066;8.24;0.50;250.52;6.28;864;56;2409.00;51
6151;56;626927061;6151;262;7016;7066;8.26;0.50;250.52;6.28;865;56;2410.00;50
6159;56;626927072;6159;263;7017;7066;8.17;0.50;250.78;6.28;858;56;2411.00;49
6161;56;626927084;6161;264;7025;7078;8.19;0.50;250.82;6.28;864;56;2412.00;53
6168;56;626927097;6168;267;7026;7078;8.12;0.49;250.89;6.28;858;56;2413.00;52
6172;56;626927108;6172;272;7028;7078;8.05;0.49;250.99;6.28;856;56;2414.00;50
6175;56;626927120;6175;277;7029;7078;7.99;0.49;251.06;6.28;854;56;2415.00;49
6179;56;626927132;6179;279;7029;7078;7.99;0.49;251.21;6.28;850;56;2416.00;49
6182;56;626927150;6182;281;7029;7078;7.96;0.49;251.25;6.28;847;56;2417.00;49
6187;56;626927163;6187;287;7030;7079;7.97;0.49;251.30;6.28;843;56;2418.00;49
6191;56;626927178;6191;285;7032;7079;7.95;0.49;251.36;6.28;841;56;2419.00;47
6194;56;626927198;6194;288;7035;7085;7.91;0.48;251.37;6.28;841;56;2420.00;50
6197;56;626927219;6197;292;7037;7086;7.84;0.48;251.45;6.28;840;56;2421.00;49
6201;56;626927237;6201;292;7037;7086;7.72;0.47;251.53;6.28;836;56;2422.00;49
6202;56;626927256;6202;299;7038;7086;7.77;0.48;251.59;6.29;836;56;2423.00;48
6206;56;626927274;6206;306;7040;7090;7.80;0.48;251.66;6.28;834;56;2424.00;50
6209;56;626927293;6209;309;7040;7090;7.79;0.48;251.61;6.28;831;56;2425.00;50
6215;56;626927306;6215;313;7042;7090;7.70;0.47;251.69;6.29;827;56;2426.00;48
6218;56;626927319;6218;304;7044;7091;7.68;0.47;251.75;6.29;826;56;2427.00;47
6220;56;626927333;6220;295;7048;7095;7.59;0.46;251.79;6.29;828;56;2428.00;47
6223;56;626927348;6223;295;7049;7095;7.59;0.46;251.83;6.29;826;56;2429.00;46
6224;56;626927365;6224;291;7052;7101;7.66;0.47;251.82;6.29;828;56;2430.00;49
6228;56;626927378;6228;291;7052;7101;7.68;0.47;251.89;6.29;824;56;2431.00;49
6230;56;626927391;6230;287;7053;7101;7.72;0.47;251.92;6.29;823;56;2432.00;48
6234;56;626927404;6234;288;7055;7101;7.74;0.47;252.02;6.29;821;56;2433.00;46
6240;56;626927416;6240;289;7059;7105;7.72;0.47;252.17;6.29;819;56;2434.00;46
6243;56;626927435;6243;288;7060;7105;7.71;0.47;252.20;6.29;817;56;2435.00;45
6249;56;626927447;6249;272;7061;7105;7.67;0.47;252.27;6.29;812;56;2436.00;44
6250;56;626927460;6250;264;7061;7105;7.69;0.47;252.29;6.29;811;56;2437.00;44
6254;56;626927473;6254;251;7061;7106;7.68;0.47;252.30;6.29;807;56;2438.00;45
6257;56;626927492;6257;252;7063;7107;7.73;0.47;252.28;6.29;806;56;2439.00;44
6260;56;626927504;6260;251;7063;7107;7.78;0.47;252.30;6.29;803;56;2440.00;44
6263;56;626927515;6263;237;7064;7108;7.88;0.48;252.32;6.29;801;56;2441.00;44
6264;56;626927528;6264;227;7064;7108;7.94;0.48;252.33;6.29;800;56;2442.00;44
6265;56;626927539;6265;229;7064;7108;8.10;0.49;252.37;6.29;799;56;2443.00;44
6266;56;626927551;6266;225;7064;7108;8.20;0.50;252.36;6.29;798;56;2444.00;44
6269;56;626927576;6269;218;7065;7108;8.37;0.51;252.42;6.30;796;56;2445.00;43
6270;56;626927588;6270;222;7065;7108;8.44;0.51;252.43;6.30;795;56;2446.00;43
6273;56;626927601;6273;220;7065;7108;8.52;0.52;252.48;6.30;792;56;2447.00;43
6277;56;626927612;6277;228;7128;7235;8.78;0.54;252.52;6.24;851;56;2448.00;107
6279;56;626927635;6279;225;7131;7236;8.81;0.54;252.50;6.24;852;56;2449.00;105
6280;56;626927648;6280;211;7138;7236;8.89;0.55;252.51;6.23;858;56;2450.00;98
6285;56;626927661;6285;210;7144;7236;8.92;0.55;252.60;6.24;859;56;2451.00;92
6286;56;626927673;6286;206;7148;7236;9.01;0.55;252.60;6.24;862;56;2452.00;88
6286;56;626927685;6286;202;7150;7236;9.07;0.56;252.60;6.24;864;56;2453.00;86
6287;56;626927697;6287;199;7154;7236;9.14;0.56;252.59;6.24;867;56;2454.00;82
6288;56;626927709;6288;199;7156;7236;9.18;0.56;252.57;6.24;868;56;2455.00;80
6292;56;626927726;6292;200;7160;7237;9.14;0.56;252.59;6.24;868;56;2456.00;77
6294;56;626927739;6294;208;7163;7238;9.18;0.56;252.59;6.25;869;56;2457.00;75
6296;56;626927752;6296;209;7166;7238;9.11;0.56;252.61;6.25;870;56;2458.00;72
6297;56;626927764;6297;212;7168;7239;9.00;0.55;252.60;6.25;871;56;2459.00;71
6301;56;626927778;6301;221;7172;7239;8.95;0.55;252.59;6.32;871;56;2460.00;67
6304;56;626927791;6304;217;7174;7239;8.86;0.54;252.76;6.32;870;56;2461.00;65
6307;56;626927803;6307;229;7178;7239;8.79;0.54;252.77;6.33;871;56;2462.00;61
6308;56;626927814;6308;233;7181;7243;8.66;0.53;252.75;6.33;873;56;2463.00;62
6310;56;626927826;6310;239;7184;7243;8.60;0.53;252.71;6.33;874;56;2464.00;59
6310;56;626927838;6310;244;7186;7243;8.50;0.52;252.71;6.34;876;56;2465.00;57
6311;56;626927849;6311;248;7189;7246;8.40;0.51;252.69;6.34;878;56;2466.00;57
6312;56;626927868;6312;252;7191;7246;8.22;0.50;252.68;6.35;879;56;2467.00;55
6317;56;626927879;6317;255;7192;7246;8.10;0.50;252.63;6.35;875;56;2468.00;54
6320;56;626927891;6320;261;7196;7250;8.01;0.49;252.71;6.35;876;56;2469.00;54
6322;56;626927903;6322;261;7198;7251;7.93;0.49;252.67;6.35;876;56;2470.00;53
6326;56;626927915;6326;261;7199;7251;7.87;0.48;252.66;6.35;873;56;2471.00;52
6328;56;626927926;6328;256;7202;7255;7.82;0.48;252.61;6.35;874;56;2472.00;53
6330;56;626927938;6330;261;7202;7255;7.74;0.47;252.59;6.35;872;56;2473.00;53
6332;56;626927948;6332;263;7202;7255;7.65;0.47;252.60;6.35;870;56;2474.00;53
6333;56;626927959;6333;264;7204;7257;7.57;0.46;252.62;6.35;871;56;2475.00;53
6336;56;626927970;6336;265;7205;7257;7.52;0.46;252.62;6.41;869;56;2476.00;52
6338;56;626927981;6338;260;7209;7263;7.51;0.46;252.60;6.41;871;56;2477.00;54
6342;56;626927993;6342;252;7210;7263;7.49;0.46;252.58;6.41;868;56;2478.00;53
6346;56;626928003;6346;254;7210;7264;7.41;0.45;252.56;6.41;864;56;2479.00;54
6347;56;626928014;6347;244;7210;7264;7.38;0.45;252.60;6.41;863;56;2480.00;54
6352;56;626928025;6352;252;7210;7264;7.28;0.44;252.61;6.41;858;56;2481.00;54
6354;56;626928035;6354;243;7210;7264;7.16;0.44;252.60;6.41;856;56;2482.00;54
6357;56;626928045;6357;239;7210;7264;7.09;0.43;252.56;6.41;853;56;2483.00;54
6361;56;626928055;6361;240;7220;7276;7.05;0.43;252.49;6.47;859;56;2484.00;56
6364;56;626928066;6364;236;7223;7276;6.96;0.43;252.55;6.48;859;56;2485.00;53
6366;56;626928077;6366;238;7224;7276;6.93;0.42;252.51;6.48;858;56;2486.00;52
6366;56;626928087;6366;240;7224;7276;6.96;0.43;252.51;6.48;858;56;2487.00;52
6373;56;626928097;6373;240;7225;7276;6.89;0.42;252.46;6.54;852;56;2488.00;51
6375;56;626928108;6375;243;7225;7276;6.90;0.42;252.48;6.54;850;56;2489.00;51
6377;56;626928120;6377;249;7228;7280;6.93;0.42;252.53;6.53;851;56;2490.00;52
6378;56;626928131;6378;254;7228;7280;7.00;0.43;252.51;6.53;850;56;2491.00;52
6381;56;626928141;6381;255;7232;7284;7.11;0.43;252.48;6.58;851;56;2492.00;52
6382;56;626928152;6382;262;7234;7285;7.21;0.44;252.49;6.57;852;56;2493.00;51
6386;56;626928163;6386;264;7234;7285;7.27;0.44;252.58;6.57;848;56;2494.00;51
6388;56;626928176;6388;264;7235;7285;7.25;0.44;252.56;6.62;847;56;2495.00;50
6389;56;626928186;6389;263;7245;7298;7.23;0.44;252.54;6.62;856;56;2496.00;53
6392;56;626928198;6392;259;7245;7298;7.19;0.44;252.47;6.62;853;56;2497.00;53
6392;56;626928208;6392;258;7246;7298;7.19;0.44;252.47;6.67;854;56;2498.00;52
6394;56;626928219;6394;243;7247;7299;7.19;0.44;252.45;6.67;853;56;2499.00;52
6396;56;626928230;6396;240;7247;7300;7.22;0.44;252.41;6.67;851;56;2500.00;53
6396;56;626928244;6396;231;7247;7300;7.28;0.44;252.41;6.67;851;56;2501.00;53
6399;56;626928255;6399;229;7250;7303;7.31;0.44;252.33;6.68;851;56;2502.00;53
6400;56;626928265;6400;225;7251;7303;7.37;0.45;252.34;6.68;851;56;2503.00;52
6401;56;626928276;6401;216;7251;7303;7.37;0.45;252.35;6.68;850;56;2504.00;52
6403;56;626928291;6403;207;7251;7303;7.45;0.45;252.33;6.68;848;56;2505.00;52
6404;56;626928302;6404;203;7255;7309;7.60;0.46;252.32;6.68;851;56;2506.00;54
6404;56;626928313;6404;202;7256;7309;7.69;0.47;252.32;6.68;852;56;2507.00;53
6404;56;626928324;6404;201;7258;7309;7.76;0.47;252.32;6.70;854;56;2508.00;51
6405;56;626928340;6405;197;7258;7309;7.82;0.47;252.31;6.70;853;56;2509.00;51
6408;56;626928351;6408;196;7264;7313;7.82;0.47;252.33;6.72;856;56;2510.00;49
6408;56;626928361;6408;197;7265;7314;7.86;0.47;252.33;6.72;857;56;2511.00;49
6409;56;626928372;6409;203;7265;7314;7.92;0.48;252.30;6.72;856;56;2512.00;49
6409;56;626928382;6409;204;7269;7315;7.97;0.48;252.30;6.75;860;56;2513.00;46
6411;57;626928397;6411;198;7271;7315;7.99;0.48;252.28;6.76;860;57;2514.00;44
6411;57;626928419;6411;195;7273;7315;8.05;0.49;252.28;6.78;862;57;2515.00;42
6411;57;626928430;6411;200;7274;7315;8.09;0.49;252.28;6.78;863;57;2516.00;41
6411;57;626928445;6411;206;7276;7315;8.16;0.49;252.28;6.80;865;57;2517.00;39
6412;57;626928461;6412;202;7277;7315;8.13;0.49;252.30;6.81;865;57;2518.00;38
6412;57;626928472;6412;203;7277;7315;8.12;0.49;252.30;6.81;865;57;2519.00;38
6415;57;626928484;6415;212;7330;7440;8.25;0.50;252.24;6.78;915;57;2520.00;110
6417;57;626928503;6417;208;7335;7441;8.18;0.50;252.24;6.78;918;57;2521.00;106
6419;57;626928515;6419;206;7349;7441;8.17;0.50;252.24;6.78;930;57;2522.00;92
6421;57;626928525;6421;209;7355;7441;8.11;0.50;252.19;6.78;934;57;2523.00;86
6425;57;626928541;6425;211;7360;7441;8.05;0.49;252.23;6.78;935;57;2524.00;81
6426;57;626928557;6426;218;7368;7441;8.03;0.49;252.25;6.79;942;57;2525.00;73
6429;57;626928568;6429;228;7373;7441;7.95;0.49;252.33;6.78;944;57;2526.00;68
6430;57;626928579;6430;233;7377;7441;7.85;0.48;252.35;6.79;947;57;2527.00;64
6434;57;626928590;6434;236;7381;7442;7.77;0.48;252.36;6.79;947;57;2528.00;61
6435;57;626928601;6435;233;7384;7443;7.66;0.47;252.35;6.80;949;57;2529.00;59
6439;57;626928612;6439;236;7388;7443;7.54;0.46;252.41;6.80;949;57;2530.00;55
6444;57;626928623;6444;236;7394;7447;7.43;0.46;252.39;6.80;950;57;2531.00;53
6445;57;626928635;6445;237;7396;7447;7.34;0.45;252.40;6.81;951;57;2532.00;51
6448;57;626928646;6448;242;7398;7447;7.28;0.45;252.40;6.81;950;57;2533.00;49
6449;57;626928663;6449;237;7401;7447;7.23;0.44;252.42;6.82;952;57;2534.00;46
6453;58;626928675;6453;246;7406;7453;7.24;0.44;252.44;6.81;953;58;2535.00;47
6454;58;626928694;6454;251;7408;7453;7.25;0.44;252.45;6.82;954;58;2536.00;45
6456;58;626928705;6456;257;7410;7455;7.25;0.45;252.42;6.82;954;58;2537.00;45
6458;58;626928718;6458;257;7413;7458;7.27;0.45;252.43;6.82;955;58;2538.00;45
6462;58;626928735;6462;257;7414;7458;7.28;0.45;252.49;6.82;952;58;2539.00;44
6463;58;626928752;6463;263;7414;7458;7.33;0.45;252.49;6.82;951;58;2540.00;44
6469;58;626928766;6469;265;7415;7459;7.30;0.45;252.60;6.83;946;58;2541.00;44
6473;58;626928782;6473;265;7416;7460;7.31;0.45;252.64;6.83;943;58;2542.00;44
6474;58;626928794;6474;274;7416;7460;7.34;0.45;252.68;6.83;942;58;2543.00;44
6481;58;626928809;6481;276;7428;7473;7.29;0.44;252.67;6.82;947;58;2544.00;45
6484;58;626928822;6484;281;7429;7473;7.25;0.44;252.74;6.82;945;58;2545.00;44
6488;58;626928834;6488;283;7430;7473;7.21;0.44;252.81;6.82;942;58;2546.00;43
6490;58;626928846;6490;286;7432;7474;7.20;0.44;252.85;6.82;942;58;2547.00;42
6498;58;626928857;6498;288;7435;7474;7.07;0.43;252.96;6.83;937;58;2548.00;39
6501;58;626928868;6501;293;7438;7478;6.98;0.43;252.98;6.83;937;58;2549.00;40
6506;58;626928881;6506;289;7441;7481;6.88;0.42;253.05;6.82;935;58;2550.00;40
6510;58;626928893;6510;283;7445;7485;6.80;0.42;253.16;6.82;935;58;2551.00;40
6514;58;626928905;6514;278;7446;7485;6.78;0.42;253.11;6.82;932;58;2552.00;39
6518;58;626928916;6518;281;7449;7485;6.71;0.41;253.21;6.82;931;58;2553.00;36
6520;58;626928927;6520;277;7449;7485;6.73;0.41;253.25;6.82;929;58;2554.00;36
6525;58;626928938;6525;281;7449;7485;6.74;0.41;253.31;6.82;924;58;2555.00;36
6529;58;626928950;6529;285;7460;7497;6.83;0.42;253.40;6.81;931;58;2556.00;37
6530;58;626928962;6530;278;7460;7497;6.87;0.42;253.43;6.81;930;58;2557.00;37
6534;58;626928974;6534;273;7461;7497;6.90;0.42;253.53;6.81;927;58;2558.00;36
6538;58;626928986;6538;270;7461;7497;6.90;0.42;253.60;6.81;923;58;2559.00;36
6539;58;626928997;6539;274;7461;7497;6.94;0.43;253.59;6.81;922;58;2560.00;36
6543;58;626929008;6543;267;7462;7497;6.99;0.43;253.67;6.86;919;58;2561.00;35
6548;58;626929020;6548;264;7463;7498;7.04;0.43;253.80;6.86;915;58;2562.00;35
6552;58;626929032;6552;263;7463;7498;7.12;0.44;253.90;6.86;911;58;2563.00;35
6553;58;626929044;6553;261;7467;7504;7.32;0.45;253.87;6.86;914;58;2564.00;37
6557;58;626929062;6557;266;7470;7506;7.47;0.46;253.92;6.86;913;58;2565.00;36
6561;58;626929073;6561;262;7470;7506;7.58;0.47;253.98;6.86;909;58;2566.00;36
6564;58;626929085;6564;258;7470;7506;7.69;0.47;253.97;6.86;906;58;2567.00;36
6568;58;626929096;6568;254;7473;7510;7.83;0.48;253.98;6.85;905;58;2568.00;37
6571;58;626929108;6571;249;7473;7510;7.89;0.49;254.07;6.85;902;58;2569.00;37
6579;58;626929120;6579;236;7473;7510;7.91;0.49;254.14;6.85;894;58;2570.00;37
6582;58;626929132;6582;227;7474;7511;7.94;0.49;254.10;6.85;892;58;2571.00;37
6588;58;626929144;6588;230;7477;7515;7.96;0.49;254.16;6.85;889;58;2572.00;38
6592;58;626929156;6592;226;7477;7515;8.00;0.49;254.15;6.85;885;58;2573.00;38
6595;58;626929168;6595;216;7479;7518;8.05;0.49;254.31;6.85;884;58;2574.00;39
6602;58;626929185;6602;215;7480;7518;8.06;0.49;254.34;6.85;878;58;2575.00;38
6606;58;626929207;6606;219;7480;7518;8.13;0.50;254.42;6.85;874;58;2576.00;38
6611;58;626929227;6611;217;7480;7518;8.17;0.50;254.59;6.85;869;58;2577.00;38
6618;58;626929246;6618;213;7484;7522;8.22;0.50;254.67;6.90;866;58;2578.00;38
6620;58;626929265;6620;217;7484;7522;8.25;0.50;254.71;6.90;864;58;2579.00;38
6623;58;626929287;6623;218;7485;7522;8.26;0.50;254.72;6.90;862;58;2580.00;37
6625;58;626929308;6625;223;7485;7522;8.23;0.50;254.78;6.90;860;58;2581.00;37
6629;58;626929328;6629;224;7485;7523;8.18;0.50;254.79;6.90;856;58;2582.00;38
6632;58;626929341;6632;226;7486;7524;8.19;0.50;254.78;6.90;854;58;2583.00;38
6637;58;626929355;6637;232;7486;7524;8.21;0.50;254.74;6.90;849;58;2584.00;38
6641;58;626929368;6641;238;7487;7525;8.14;0.50;254.75;6.90;846;58;2585.00;38
6645;58;626929381;6645;238;7487;7525;8.12;0.50;254.84;6.90;842;58;2586.00;38
6647;58;626929402;6647;244;7487;7525;8.10;0.50;254.81;6.90;840;58;2587.00;38
6652;58;626929415;6652;247;7487;7525;8.09;0.50;254.81;6.90;835;58;2588.00;38
6654;58;626929427;6654;246;7487;7525;8.04;0.49;254.83;6.90;833;58;2589.00;38
6659;58;626929439;6659;248;7488;7525;7.90;0.48;254.93;6.96;829;58;2590.00;37
6662;58;626929452;6662;250;7488;7525;7.75;0.47;254.84;6.96;826;58;2591.00;37
6668;58;626929464;6668;269;7554;7652;7.89;0.49;254.89;6.90;886;58;2592.00;98
6670;58;626929487;6670;268;7557;7653;7.86;0.49;254.91;6.89;887;58;2593.00;96
6674;58;626929500;6674;272;7567;7653;7.96;0.49;254.93;6.89;893;58;2594.00;86
6676;58;626929512;6676;270;7571;7653;7.91;0.49;254.94;6.94;895;58;2595.00;82
6681;58;626929524;6681;269;7575;7653;7.87;0.49;254.98;6.94;894;58;2596.00;78
6683;58;626929537;6683;261;7578;7653;7.84;0.48;255.01;6.94;895;58;2597.00;75
6685;58;626929550;6685;265;7583;7653;7.82;0.48;255.03;7.00;898;58;2598.00;70
6685;58;626929563;6685;263;7586;7653;7.80;0.48;255.03;7.00;901;58;2599.00;67
6686;58;626929577;6686;263;7590;7654;7.79;0.48;255.08;7.00;904;58;2600.00;64
6688;58;626929595;6688;267;7595;7655;7.77;0.48;255.19;7.05;907;58;2601.00;60
6690;58;626929608;6690;266;7598;7655;7.80;0.48;255.34;7.06;908;58;2602.00;57
6694;58;626929622;6694;262;7601;7656;7.80;0.48;255.37;7.06;907;58;2603.00;55
6696;58;626929636;6696;260;7605;7656;7.82;0.48;255.36;7.12;909;58;2604.00;51
6699;58;626929649;6699;262;7606;7656;7.85;0.48;255.43;7.12;907;58;2605.00;50
6704;58;626929662;6704;249;7608;7656;7.89;0.49;255.48;7.12;904;58;2606.00;48
6709;58;626929675;6709;243;7611;7660;7.95;0.49;255.49;7.12;902;58;2607.00;49
6713;58;626929691;6713;231;7613;7660;8.01;0.49;255.56;7.12;900;58;2608.00;47
6714;58;626929704;6714;221;7614;7660;8.10;0.50;255.56;7.12;900;58;2609.00;46
6720;58;626929727;6720;224;7618;7666;8.19;0.50;255.58;7.12;898;58;2610.00;48
6726;58;626929742;6726;220;7618;7666;8.17;0.50;255.61;7.12;892;58;2611.00;48
6727;58;626929756;6727;219;7619;7666;8.19;0.50;255.58;7.12;892;58;2612.00;47
6732;58;626929770;6732;217;7622;7670;8.20;0.50;255.75;7.11;890;58;2613.00;48
6733;58;626929784;6733;215;7624;7671;8.27;0.50;255.75;7.11;891;58;2614.00;47
6736;58;626929798;6736;223;7624;7671;8.30;0.51;255.76;7.11;888;58;2615.00;47
6738;58;626929813;6738;225;7628;7675;8.37;0.51;255.88;7.11;890;58;2616.00;47
6738;58;626929826;6738;218;7628;7675;8.41;0.51;255.88;7.11;890;58;2617.00;47
6742;58;626929840;6742;223;7629;7675;8.44;0.51;255.87;7.11;887;58;2618.00;46
6743;58;626929854;6743;227;7630;7676;8.46;0.51;255.92;7.11;887;58;2619.00;46
6745;58;626929867;6745;222;7630;7676;8.49;0.52;255.88;7.11;885;58;2620.00;46
6748;58;626929881;6748;221;7634;7682;8.51;0.52;255.84;7.11;886;58;2621.00;48
6750;58;626929895;6750;218;7634;7682;8.56;0.52;255.85;7.11;884;58;2622.00;48
6752;58;626929908;6752;221;7635;7683;8.63;0.52;255.85;7.11;883;58;2623.00;48
6754;58;626929921;6754;222;7635;7683;8.65;0.52;255.93;7.11;881;58;2624.00;48
6757;58;626929934;6757;226;7635;7683;8.69;0.53;255.92;7.11;878;58;2625.00;48
6760;58;626929947;6760;224;7635;7683;8.67;0.52;255.87;7.11;875;58;2626.00;48
6762;58;626929959;6762;225;7635;7683;8.65;0.52;255.90;7.11;873;58;2627.00;48
6765;58;626929972;6765;231;7645;7695;8.59;0.52;255.87;7.10;880;58;2628.00;50
6767;58;626929986;6767;238;7646;7695;8.55;0.52;255.85;7.10;879;58;2629.00;49
6770;58;626929998;6770;242;7646;7695;8.48;0.52;255.92;7.10;876;58;2630.00;49
6771;58;626930016;6771;244;7646;7695;8.46;0.51;255.89;7.10;875;58;2631.00;49
6774;58;626930028;6774;249;7646;7695;8.40;0.51;255.91;7.10;872;58;2632.00;49
6776;58;626930041;6776;247;7646;7695;8.32;0.51;255.93;7.10;870;58;2633.00;49
6777;58;626930052;6777;255;7649;7699;8.26;0.50;255.93;7.09;872;58;2634.00;50
6780;58;626930064;6780;262;7649;7699;8.14;0.49;255.89;7.09;869;58;2635.00;50
6782;58;626930075;6782;266;7652;7703;8.10;0.49;255.85;7.09;870;58;2636.00;51
6783;58;626930087;6783;271;7653;7704;8.03;0.49;255.96;7.09;870;58;2637.00;51
6786;58;626930099;6786;270;7654;7704;7.96;0.49;255.89;7.09;868;58;2638.00;50
6787;58;626930110;6787;280;7654;7704;7.87;0.48;255.90;7.09;867;58;2639.00;50
6789;58;626930123;6789;281;7674;7733;7.82;0.48;255.90;7.07;885;58;2640.00;59
6792;58;626930137;6792;277;7675;7733;7.70;0.47;255.83;7.07;883;58;2641.00;58
6793;58;626930148;6793;277;7678;7733;7.65;0.47;255.83;7.07;885;58;2642.00;55
6794;58;626930160;6794;276;7680;7734;7.62;0.46;255.80;7.07;886;58;2643.00;54
6795;58;626930173;6795;284;7680;7735;7.62;0.46;255.80;7.07;885;58;2644.00;55
6797;58;626930189;6797;290;7680;7735;7.58;0.46;255.84;7.07;883;58;2645.00;55
6801;58;626930202;6801;287;7683;7738;7.59;0.46;255.83;7.06;882;58;2646.00;55
6801;58;626930214;6801;287;7683;7738;7.53;0.46;255.83;7.06;882;58;2647.00;55
6805;58;626930227;6805;288;7683;7738;7.47;0.45;255.89;7.06;878;58;2648.00;55
6809;58;626930237;6809;290;7683;7738;7.40;0.45;255.89;7.06;874;58;2649.00;55
6811;58;626930248;6811;289;7687;7744;7.36;0.45;255.91;7.06;876;58;2650.00;57
6813;58;626930258;6813;266;7688;7744;7.28;0.44;255.95;7.06;875;58;2651.00;56
6815;58;626930269;6815;253;7688;7744;7.20;0.44;255.96;7.06;873;58;2652.00;56
6815;58;626930279;6815;250;7688;7744;7.22;0.44;255.96;7.06;873;58;2653.00;56
6820;58;626930289;6820;237;7692;7748;7.17;0.43;255.95;7.07;872;58;2654.00;56
6823;58;626930301;6823;227;7694;7750;7.22;0.44;255.99;7.07;871;58;2655.00;56
6824;59;626930312;6824;213;7695;7750;7.28;0.44;256.02;7.08;871;59;2656.00;55
6824;59;626930334;6824;202;7696;7751;7.40;0.45;256.02;7.08;872;59;2657.00;55
6825;60;626930345;6825;193;7696;7751;7.55;0.46;256.01;7.08;871;60;2658.00;55
6826;60;626930366;6826;189;7696;7751;7.70;0.47;255.99;7.08;870;60;2659.00;55
6829;62;626930376;6829;185;7696;7751;7.72;0.47;256.07;7.08;867;62;2660.00;55
6831;62;626930411;6831;174;7696;7751;7.83;0.48;256.05;7.08;865;62;2661.00;55
6835;62;626930426;6835;171;7696;7751;7.88;0.48;256.04;7.08;861;62;2662.00;55
6835;62;626930437;6835;173;7696;7751;7.96;0.48;256.04;7.08;861;62;2663.00;55
6836;62;626930447;6836;178;7734;7821;8.21;0.50;256.01;7.04;898;62;2664.00;87
6838;63;626930463;6838;176;7737;7822;8.16;0.50;255.97;7.04;899;63;2665.00;85
6841;63;626930490;6841;181;7743;7822;8.19;0.50;255.92;7.04;902;63;2666.00;79
6842;63;626930502;6842;180;7749;7822;8.21;0.50;255.91;7.03;907;63;2667.00;73
6846;63;626930519;6846;180;7753;7822;8.21;0.50;255.91;7.03;907;63;2668.00;69
6847;63;626930536;6847;179;7757;7822;8.23;0.50;255.91;7.03;910;63;2669.00;65
6848;63;626930548;6848;183;7759;7822;8.26;0.50;255.87;7.03;911;63;2670.00;63
6850;63;626930560;6850;184;7760;7822;8.31;0.50;255.87;7.03;910;63;2671.00;62
6851;63;626930572;6851;183;7762;7823;8.37;0.51;255.84;7.03;911;63;2672.00;61
6853;63;626930584;6853;185;7763;7824;8.42;0.51;255.84;7.03;910;63;2673.00;61
6856;63;626930596;6856;187;7764;7824;8.44;0.51;255.89;7.03;908;63;2674.00;60
6856;63;626930608;6856;188;7767;7828;8.49;0.52;255.89;7.03;911;63;2675.00;61
6859;63;626930620;6859;183;7767;7828;8.52;0.52;255.83;7.03;908;63;2676.00;61
6862;63;626930632;6862;179;7768;7828;8.52;0.52;255.87;7.04;906;63;2677.00;60
6864;63;626930650;6864;183;7768;7828;8.53;0.52;255.87;7.04;904;63;2678.00;60
6865;63;626930662;6865;186;7772;7834;8.56;0.52;255.86;7.03;907;63;2679.00;62
6867;63;626930674;6867;188;7774;7834;8.59;0.53;255.89;7.06;907;63;2680.00;60
6869;63;626930686;6869;190;7775;7834;8.72;0.53;255.92;7.06;906;63;2681.00;59
6871;63;626930698;6871;193;7777;7837;8.78;0.54;255.92;7.05;906;63;2682.00;60
6876;63;626930710;6876;192;7777;7837;8.77;0.53;256.04;7.05;901;63;2683.00;60
6879;63;626930722;6879;199;7779;7837;8.77;0.53;256.04;7.07;900;63;2684.00;58
6882;63;626930734;6882;202;7779;7838;8.76;0.53;256.10;7.07;897;63;2685.00;59
6886;63;626930745;6886;201;7781;7839;8.72;0.53;256.11;7.08;895;63;2686.00;58
6890;63;626930757;6890;204;7782;7839;8.68;0.53;256.10;7.09;892;63;2687.00;57
6895;63;626930769;6895;212;7795;7852;8.68;0.53;256.10;7.10;900;63;2688.00;57
6897;63;626930782;6897;217;7796;7852;8.71;0.53;256.09;7.10;899;63;2689.00;56
6900;63;626930793;6900;223;7799;7852;8.65;0.53;256.13;7.14;899;63;2690.00;53
6901;63;626930805;6901;224;7800;7853;8.55;0.52;256.15;7.14;899;63;2691.00;53
6904;63;626930816;6904;232;7802;7853;8.47;0.51;256.28;7.15;898;63;2692.00;51
6907;63;626930827;6907;241;7806;7857;8.42;0.51;256.31;7.15;899;63;2693.00;51
6910;63;626930839;6910;245;7807;7857;8.33;0.51;256.32;7.16;897;63;2694.00;50
6914;63;626930850;6914;248;7813;7861;8.20;0.50;256.38;7.17;899;63;2695.00;48
6918;63;626930862;6918;256;7813;7861;8.14;0.49;256.42;7.17;895;63;2696.00;48
6920;63;626930873;6920;257;7814;7861;8.05;0.49;256.43;7.18;894;63;2697.00;47
6921;63;626930890;6921;262;7815;7861;7.94;0.48;256.48;7.18;894;63;2698.00;46
6925;63;626930901;6925;256;7816;7861;7.78;0.47;256.54;7.19;891;63;2699.00;45
6928;64;626930914;6928;254;7839;7910;7.76;0.47;256.59;7.16;911;64;2700.00;71
6932;64;626930945;6932;252;7841;7910;7.72;0.47;256.59;7.17;909;64;2701.00;69
6935;64;626930956;6935;250;7843;7910;7.72;0.47;256.67;7.17;908;64;2702.00;67
6936;64;626930969;6936;245;7845;7910;7.80;0.48;256.69;7.17;909;64;2703.00;65
6938;64;626930980;6938;244;7849;7910;7.82;0.48;256.74;7.17;911;64;2704.00;61
6941;64;626930991;6941;241;7850;7910;7.80;0.48;256.85;7.18;909;64;2705.00;60
6945;64;626931003;6945;234;7852;7911;7.84;0.48;256.95;7.17;907;64;2706.00;59
6946;64;626931015;6946;232;7855;7911;7.81;0.48;257.00;7.18;909;64;2707.00;56
6951;64;626931026;6951;229;7859;7917;7.80;0.48;257.16;7.18;908;64;2708.00;58
6952;64;626931037;6952;232;7861;7918;7.84;0.48;257.17;7.18;909;64;2709.00;57
6956;64;626931048;6956;233;7861;7918;7.85;0.48;257.23;7.18;905;64;2710.00;57
6960;64;626931059;6960;234;7861;7918;7.74;0.47;257.35;7.18;901;64;2711.00;57
6964;64;626931070;6964;238;7868;7922;7.68;0.47;257.38;7.20;904;64;2712.00;54
6969;64;626931081;6969;246;7870;7922;7.63;0.47;257.37;7.20;901;64;2713.00;52
6973;64;626931092;6973;245;7870;7922;7.60;0.46;257.45;7.20;897;64;2714.00;52
6978;64;626931102;6978;250;7872;7923;7.55;0.46;257.42;7.20;894;64;2715.00;51
6983;64;626931113;6983;255;7875;7927;7.47;0.46;257.53;7.20;892;64;2716.00;52
6987;64;626931124;6987;252;7878;7927;7.41;0.45;257.67;7.21;891;64;2717.00;49
6993;64;626931134;6993;254;7881;7930;7.34;0.45;257.65;7.21;888;64;2718.00;49
6997;64;626931146;6997;263;7883;7930;7.23;0.44;257.68;7.21;886;64;2719.00;47
6999;64;626931156;6999;246;7883;7930;7.23;0.44;257.74;7.21;884;64;2720.00;47
7002;64;626931168;7002;237;7883;7930;7.22;0.44;257.81;7.21;881;64;2721.00;47
7007;64;626931179;7007;235;7888;7934;7.21;0.44;257.95;7.21;881;64;2722.00;46
7009;64;626931197;7009;238;7888;7934;7.24;0.44;257.97;7.21;879;64;2723.00;46
7014;64;626931213;7014;232;7889;7934;7.20;0.44;258.02;7.21;875;64;2724.00;45
7015;64;626931229;7015;234;7890;7934;7.18;0.44;258.05;7.22;875;64;2725.00;44
7019;64;626931249;7019;228;7891;7935;7.17;0.44;258.08;7.21;872;64;2726.00;44
7024;64;626931264;7024;225;7892;7936;7.17;0.44;258.11;7.21;868;64;2727.00;44
7027;64;626931281;7027;218;7892;7936;7.22;0.44;258.12;7.21;865;64;2728.00;44
7032;64;626931298;7032;215;7894;7937;7.26;0.45;258.16;7.22;862;64;2729.00;43
7035;64;626931314;7035;213;7894;7937;7.32;0.45;258.19;7.22;859;64;2730.00;43
7038;64;626931325;7038;216;7895;7937;7.42;0.45;258.19;7.22;857;64;2731.00;42
7043;64;626931338;7043;210;7895;7937;7.50;0.46;258.26;7.22;852;64;2732.00;42
7049;64;626931350;7049;210;7895;7937;7.51;0.46;258.32;7.22;846;64;2733.00;42
7052;64;626931363;7052;206;7898;7937;7.54;0.46;258.34;7.23;846;64;2734.00;39
7054;64;626931376;7054;208;7898;7937;7.58;0.46;258.40;7.23;844;64;2735.00;39
7061;64;626931389;7061;220;7972;8064;7.77;0.48;258.36;7.16;911;64;2736.00;92
7063;64;626931415;7063;208;7976;8065;7.82;0.48;258.36;7.16;913;64;2737.00;89
7066;64;626931427;7066;210;7981;8065;7.86;0.49;258.46;7.16;915;64;2738.00;84
7067;64;626931440;7067;205;7983;8065;7.94;0.49;258.49;7.16;916;64;2739.00;82
7073;64;626931455;7073;213;7985;8065;7.97;0.49;258.52;7.16;912;64;2740.00;80
7077;64;626931468;7077;213;7989;8065;7.99;0.49;258.51;7.16;912;64;2741.00;76
7082;64;626931480;7082;221;7992;8065;7.97;0.49;258.59;7.16;910;64;2742.00;73
7084;64;626931492;7084;226;7994;8065;7.97;0.49;258.60;7.16;910;64;2743.00;71
7089;64;626931505;7089;232;7997;8066;8.00;0.49;258.60;7.16;908;64;2744.00;69
7096;64;626931518;7096;237;8000;8068;8.04;0.50;258.63;7.16;904;64;2745.00;68
7099;64;626931531;7099;239;8002;8068;8.10;0.50;258.68;7.16;903;64;2746.00;66
7107;64;626931543;7107;237;8006;8069;8.09;0.50;258.89;7.16;899;64;2747.00;63
7109;64;626931555;7109;242;8009;8069;8.07;0.50;258.96;7.16;900;64;2748.00;60
7115;64;626931573;7115;240;8012;8069;8.00;0.49;258.96;7.16;897;64;2749.00;57
7119;64;626931586;7119;239;8015;8069;8.02;0.50;259.04;7.17;896;64;2750.00;54
7123;64;626931599;7123;238;8019;8073;8.00;0.49;259.06;7.17;896;64;2751.00;54
7127;64;626931619;7127;247;8023;8073;8.01;0.49;259.10;7.17;896;64;2752.00;50
7132;64;626931632;7132;252;8025;8073;7.97;0.49;259.15;7.17;893;64;2753.00;48
7138;64;626931645;7138;264;8027;8076;7.94;0.49;259.14;7.17;889;64;2754.00;49
7142;64;626931659;7142;266;8030;8076;7.83;0.48;259.35;7.17;888;64;2755.00;46
7149;64;626931670;7149;275;8031;8076;7.77;0.48;259.36;7.17;882;64;2756.00;45
7155;64;626931685;7155;279;8035;8080;7.72;0.47;259.42;7.17;880;64;2757.00;45
7161;64;626931705;7161;286;8037;8081;7.66;0.47;259.48;7.17;876;64;2758.00;44
7168;64;626931719;7168;290;8037;8081;7.53;0.46;259.45;7.17;869;64;2759.00;44
7171;64;626931734;7171;293;8041;8086;7.47;0.46;259.52;7.17;870;64;2760.00;45
7178;64;626931747;7178;292;8041;8086;7.45;0.45;259.56;7.17;863;64;2761.00;45
7180;64;626931760;7180;303;8041;8086;7.41;0.45;259.56;7.17;861;64;2762.00;45
7181;64;626931772;7181;311;8042;8087;7.45;0.46;259.56;7.17;861;64;2763.00;45
7183;64;626931785;7183;317;8043;8087;7.37;0.45;259.57;7.24;860;64;2764.00;44
7187;64;626931798;7187;323;8047;8093;7.34;0.45;259.63;7.24;860;64;2765.00;46
7188;64;626931811;7188;325;8047;8093;7.34;0.45;259.65;7.24;859;64;2766.00;46
7190;64;626931823;7190;312;8048;8094;7.39;0.45;259.68;7.24;858;64;2767.00;46
7192;64;626931835;7192;309;8048;8094;7.40;0.45;259.69;7.24;856;64;2768.00;46
7193;64;626931848;7193;303;8048;8094;7.43;0.45;259.67;7.24;855;64;2769.00;46
7197;64;626931860;7197;308;8048;8094;7.41;0.45;259.61;7.24;851;64;2770.00;46
7200;64;626931873;7200;309;8048;8094;7.41;0.45;259.58;7.24;848;64;2771.00;46
7203;64;626931885;7203;305;8058;8106;7.59;0.46;259.53;7.23;855;64;2772.00;48
7204;64;626931899;7204;308;8059;8106;7.72;0.47;259.55;7.23;855;64;2773.00;47
7208;64;626931911;7208;308;8059;8106;7.78;0.48;259.56;7.23;851;65;2774.00;47
7212;64;626931943;7212;308;8059;8106;7.81;0.48;259.60;7.23;847;65;2775.00;47
7212;64;626931956;7212;292;8059;8106;7.85;0.48;259.60;7.23;847;65;2776.00;47
7216;64;626931969;7216;276;8059;8106;7.89;0.48;259.54;7.23;843;65;2777.00;47
7217;64;626931981;7217;268;8062;8110;7.98;0.49;259.51;7.22;845;65;2778.00;48
7220;64;626931994;7220;258;8063;8110;8.01;0.49;259.57;7.30;843;65;2779.00;47
7223;64;626932006;7223;255;8066;8114;8.06;0.49;259.53;7.30;843;65;2780.00;48
7226;64;626932019;7226;259;8068;8115;8.12;0.49;259.54;7.30;842;65;2781.00;47
7230;64;626932032;7230;263;8069;8115;8.08;0.49;259.52;7.37;839;65;2782.00;46
7232;65;626932051;7232;264;8069;8115;8.12;0.49;259.53;7.37;837;66;2783.00;46
7234;65;626932086;7234;268;8080;8128;8.22;0.50;259.63;7.36;846;66;2784.00;48
7236;65;626932101;7236;272;8081;8128;8.20;0.50;259.64;7.44;845;66;2785.00;47
7238;65;626932113;7238;274;8081;8128;8.20;0.50;259.59;7.44;843;66;2786.00;47
7239;65;626932125;7239;276;8082;8129;8.23;0.50;259.57;7.44;843;66;2787.00;47
7241;65;626932137;7241;271;8082;8130;8.22;0.50;259.56;7.44;841;66;2788.00;48
7242;65;626932148;7242;272;8082;8130;8.16;0.49;259.55;7.44;840;66;2789.00;48
7245;65;626932162;7245;274;8085;8136;8.13;0.49;259.56;7.43;840;66;2790.00;51
7245;65;626932175;7245;276;8085;8136;8.09;0.49;259.56;7.43;840;66;2791.00;51
7247;65;626932189;7247;281;8086;8136;8.02;0.48;259.53;7.43;839;66;2792.00;50
7247;65;626932200;7247;284;8086;8136;7.99;0.48;259.53;7.43;839;66;2793.00;50
7248;65;626932212;7248;288;8090;8142;7.94;0.48;259.53;7.43;842;66;2794.00;52
7251;65;626932224;7251;288;8090;8142;7.88;0.48;259.52;7.43;839;66;2795.00;52
7252;65;626932235;7252;294;8091;8142;7.84;0.48;259.52;7.43;839;66;2796.00;51
7256;65;626932251;7256;299;8091;8142;7.73;0.47;259.51;7.43;835;66;2797.00;51
7257;66;626932262;7257;300;8096;8146;7.64;0.46;259.51;7.51;839;67;2798.00;50
7260;66;626932282;7260;300;8097;8147;7.52;0.46;259.44;7.51;837;67;2799.00;50
7263;66;626932294;7263;306;8098;8147;7.47;0.45;259.46;7.51;835;67;2800.00;49
7263;66;626932308;7263;313;8099;8148;7.40;0.45;259.46;7.50;836;67;2801.00;49
7264;66;626932319;7264;315;8099;8148;7.28;0.44;259.45;7.50;835;67;2802.00;49
7265;66;626932329;7265;307;8099;8148;7.20;0.44;259.54;7.50;834;67;2803.00;49
7266;66;626932339;7266;305;8099;8148;7.10;0.43;259.54;7.50;833;67;2804.00;49
7268;66;626932349;7268;296;8099;8148;7.13;0.43;259.53;7.50;831;67;2805.00;49
7269;66;626932359;7269;287;8099;8148;7.14;0.43;259.53;7.50;830;67;2806.00;49
7270;66;626932369;7270;286;8099;8148;7.16;0.43;259.50;7.50;829;67;2807.00;49
7270;66;626932379;7270;293;8142;8218;7.19;0.44;259.50;7.46;872;67;2808.00;76
7272;66;626932395;7272;283;8142;8219;7.24;0.44;259.48;7.46;870;67;2809.00;77
7273;66;626932406;7273;274;8149;8219;7.37;0.45;259.48;7.46;876;67;2810.00;70
7274;66;626932417;7274;263;8153;8219;7.49;0.46;259.47;7.46;879;67;2811.00;66
7274;66;626932428;7274;252;8159;8219;7.64;0.47;259.47;7.46;885;67;2812.00;60
7276;67;626932444;7276;253;8161;8219;7.77;0.47;259.47;7.45;885;68;2813.00;58
7278;67;626932466;7278;247;8164;8219;7.92;0.48;259.47;7.53;886;68;2814.00;55
7279;67;626932477;7279;251;8164;8219;8.01;0.49;259.48;7.53;885;68;2815.00;55
7280;67;626932493;7280;245;8166;8220;8.14;0.50;259.49;7.53;886;68;2816.00;54
7281;67;626932504;7281;246;8167;8221;8.20;0.50;259.48;7.53;886;68;2817.00;54
7282;67;626932516;7282;246;8168;8221;8.25;0.50;259.48;7.53;886;68;2818.00;53
7285;67;626932527;7285;242;8171;8225;8.18;0.50;259.44;7.53;886;68;2819.00;54
7287;67;626932540;7287;240;8171;8225;8.22;0.50;259.43;7.53;884;68;2820.00;54
7288;67;626932551;7288;236;8171;8225;8.20;0.50;259.43;7.53;883;68;2821.00;54
7290;67;626932562;7290;234;8171;8225;8.14;0.50;259.41;7.53;881;68;2822.00;54
7294;67;626932573;7294;226;8174;8231;8.12;0.50;259.41;7.53;880;68;2823.00;57
7298;67;626932584;7298;226;8176;8231;8.07;0.49;259.43;7.53;878;68;2824.00;55
7299;67;626932601;7299;221;8178;8231;8.06;0.49;259.43;7.55;879;68;2825.00;53
7303;67;626932613;7303;225;8180;8234;8.12;0.50;259.43;7.54;877;68;2826.00;54
7308;67;626932624;7308;219;8181;8234;8.12;0.50;259.49;7.62;873;68;2827.00;53
7310;67;626932635;7310;204;8182;8234;8.14;0.50;259.48;7.62;872;68;2828.00;52
7314;67;626932646;7314;209;8182;8235;8.15;0.50;259.44;7.62;868;68;2829.00;53
7316;67;626932657;7316;203;8184;8236;8.20;0.50;259.44;7.68;868;68;2830.00;52
7320;67;626932668;7320;207;8184;8236;8.22;0.50;259.44;7.68;864;68;2831.00;52
7326;67;626932679;7326;200;8195;8249;8.25;0.50;259.40;7.73;869;68;2832.00;54
7326;67;626932690;7326;198;8195;8249;8.39;0.51;259.40;7.73;869;68;2833.00;54
7331;67;626932701;7331;190;8196;8249;8.38;0.51;259.35;7.79;865;68;2834.00;53
7334;67;626932712;7334;191;8198;8251;8.44;0.51;259.33;7.79;864;68;2835.00;53
7336;67;626932723;7336;197;8199;8251;8.49;0.52;259.34;7.85;863;68;2836.00;52
7339;67;626932734;7339;195;8202;8255;8.56;0.52;259.35;7.85;863;68;2837.00;53
7340;67;626932745;7340;197;8205;8255;8.61;0.53;259.37;7.90;865;68;2838.00;50
7344;67;626932756;7344;191;8208;8259;8.57;0.52;259.38;7.90;864;68;2839.00;51
7347;67;626932768;7347;188;8208;8259;8.60;0.52;259.44;7.90;861;68;2840.00;51
7351;67;626932779;7351;190;8209;8259;8.60;0.52;259.44;7.95;858;68;2841.00;50
7355;67;626932789;7355;191;8209;8259;8.59;0.52;259.45;7.95;854;68;2842.00;50
7359;67;626932805;7359;191;8209;8259;8.55;0.52;259.52;7.95;850;68;2843.00;50
7359;67;626932817;7359;195;8218;8271;8.59;0.52;259.52;7.94;859;68;2844.00;53
7365;67;626932828;7365;190;8220;8271;8.56;0.52;259.53;7.99;855;68;2845.00;51
7368;67;626932839;7368;201;8221;8271;8.58;0.52;259.56;7.99;853;68;2846.00;50
7369;67;626932850;7369;204;8221;8271;8.58;0.52;259.56;7.99;852;68;2847.00;50
7373;67;626932861;7373;206;8221;8271;8.54;0.52;259.60;7.99;848;68;2848.00;50
7376;67;626932878;7376;212;8223;8271;8.52;0.52;259.64;8.02;847;68;2849.00;48
7377;67;626932890;7377;212;8225;8274;8.54;0.52;259.67;8.02;848;68;2850.00;49
7381;67;626932907;7381;209;8225;8274;8.55;0.52;259.74;8.02;844;68;2851.00;49
7384;67;626932918;7384;212;8231;8280;8.61;0.52;259.71;8.04;847;68;2852.00;49
7387;67;626932930;7387;210;8233;8281;8.70;0.53;259.78;8.03;846;68;2853.00;48
7391;67;626932942;7391;206;8233;8281;8.72;0.53;259.78;8.03;842;68;2854.00;48
7392;67;626932954;7392;203;8234;8281;8.73;0.53;259.81;8.04;842;68;2855.00;47
7394;67;626932965;7394;207;8239;8285;8.78;0.53;259.86;8.06;845;68;2856.00;46
7396;67;626932982;7396;202;8239;8285;8.75;0.53;259.88;8.06;843;68;2857.00;46
7398;67;626932994;7398;199;8241;8285;8.77;0.53;259.91;8.08;843;68;2858.00;44
7401;67;626933005;7401;203;8242;8286;8.81;0.54;259.94;8.08;841;68;2859.00;44
7404;67;626933016;7404;206;8247;8290;8.81;0.54;260.02;8.09;843;68;2860.00;43
7405;67;626933028;7405;209;8247;8290;8.88;0.54;260.04;8.09;842;68;2861.00;43
7408;67;626933039;7408;206;8249;8293;8.91;0.54;260.13;8.09;841;68;2862.00;44
7409;67;626933052;7409;203;8252;8293;8.90;0.54;260.11;8.10;843;68;2863.00;41
7412;67;626933063;7412;203;8253;8295;8.85;0.54;260.22;8.10;841;68;2864.00;42
7414;67;626933074;7414;203;8255;8295;8.83;0.54;260.25;8.11;841;68;2865.00;40
7416;67;626933085;7416;206;8259;8299;8.82;0.54;260.29;8.11;843;68;2866.00;40
7418;67;626933097;7418;212;8261;8299;8.82;0.54;260.37;8.12;843;68;2867.00;38
7419;67;626933108;7419;215;8262;8299;8.77;0.54;260.42;8.12;843;68;2868.00;37
7422;67;626933119;7422;211;8263;8299;8.75;0.53;260.42;8.12;841;68;2869.00;36
7426;67;626933130;7426;209;8264;8300;8.72;0.53;260.49;8.13;838;68;2870.00;36
7427;67;626933142;7427;208;8265;8301;8.72;0.53;260.49;8.13;838;68;2871.00;36
7431;67;626933152;7431;204;8265;8301;8.64;0.53;260.52;8.13;834;68;2872.00;36
7435;67;626933164;7435;203;8267;8302;8.61;0.52;260.56;8.14;832;68;2873.00;35
7438;67;626933175;7438;202;8267;8302;8.53;0.52;260.59;8.14;829;68;2874.00;35
7441;67;626933189;7441;203;8270;8302;8.46;0.51;260.64;8.15;829;68;2875.00;32
7443;67;626933207;7443;204;8270;8302;8.40;0.51;260.65;8.15;827;68;2876.00;32
7444;67;626933225;7444;202;8270;8302;8.38;0.51;260.69;8.15;826;68;2877.00;32
7449;67;626933241;7449;204;8271;8302;8.32;0.50;260.74;8.16;822;68;2878.00;31
7451;67;626933258;7451;204;8271;8302;8.35;0.51;260.76;8.16;820;68;2879.00;31
7454;67;626933276;7454;245;8372;8532;8.27;0.52;260.78;8.06;918;68;2880.00;160
7457;67;626933315;7457;237;8377;8533;8.19;0.51;260.93;8.06;920;68;2881.00;156
7459;67;626933328;7459;229;8388;8533;8.20;0.51;260.92;8.05;929;68;2882.00;145
7465;67;626933339;7465;231;8392;8533;8.13;0.51;260.95;8.05;927;68;2883.00;141
7467;67;626933351;7467;229;8399;8533;8.16;0.51;260.98;8.05;932;68;2884.00;134
7475;67;626933363;7475;231;8405;8533;8.15;0.51;261.06;8.05;930;68;2885.00;128
7478;67;626933376;7478;234;8410;8533;8.17;0.51;261.12;8.05;932;68;2886.00;123
7485;67;626933390;7485;240;8416;8533;8.11;0.50;261.15;8.05;931;68;2887.00;117
7493;67;626933409;7493;248;8421;8534;8.06;0.50;261.15;8.05;928;68;2888.00;113
7495;67;626933422;7495;253;8427;8535;7.96;0.49;261.21;8.05;932;68;2889.00;108
7499;67;626933433;7499;246;8432;8535;7.89;0.49;261.30;8.06;933;68;2890.00;103
7504;67;626933444;7504;245;8437;8536;7.84;0.49;261.42;8.06;933;68;2891.00;99
7507;67;626933456;7507;247;8440;8536;7.78;0.48;261.50;8.06;933;68;2892.00;96
7511;67;626933469;7511;250;8447;8536;7.71;0.48;261.54;8.07;936;68;2893.00;89
7515;67;626933480;7515;263;8451;8536;7.57;0.47;261.60;8.07;936;68;2894.00;85
7519;67;626933499;7519;278;8457;8540;7.43;0.46;261.66;8.07;938;68;2895.00;83
7522;67;626933512;7522;284;8462;8540;7.31;0.45;261.74;8.08;940;68;2896.00;78
7526;67;626933523;7526;281;8464;8540;7.21;0.45;261.83;8.08;938;68;2897.00;76
7529;67;626933536;7529;279;8469;8543;7.16;0.44;261.86;8.08;940;68;2898.00;74
7535;67;626933548;7535;274;8470;8543;7.14;0.44;261.89;8.08;935;68;2899.00;73
7538;67;626933561;7538;276;8473;8543;7.16;0.44;261.86;8.09;935;68;2900.00;70
7543;67;626933578;7543;273;8476;8547;7.16;0.44;261.81;8.09;933;68;2901.00;71
7546;67;626933592;7546;267;8479;8548;7.24;0.45;261.84;8.09;933;68;2902.00;69
7549;67;626933604;7549;264;8481;8548;7.24;0.44;261.88;8.09;932;68;2903.00;67
7552;67;626933617;7552;270;8487;8552;7.30;0.45;261.91;8.09;935;68;2904.00;65
7556;67;626933629;7556;266;8488;8552;7.32;0.45;261.89;8.10;932;68;2905.00;64
7558;67;626933641;7558;269;8490;8552;7.34;0.45;261.91;8.10;932;68;2906.00;62
7563;67;626933654;7563;280;8495;8553;7.25;0.44;261.94;8.11;932;68;2907.00;58
7565;67;626933667;7565;283;8495;8553;7.28;0.45;261.95;8.11;930;68;2908.00;58
7570;67;626933679;7570;284;8500;8559;7.26;0.45;261.92;8.11;930;68;2909.00;59
7572;67;626933694;7572;282;8505;8559;7.25;0.44;261.98;8.11;933;68;2910.00;54
7576;67;626933706;7576;282;8506;8560;7.23;0.44;262.02;8.12;930;68;2911.00;54
7579;68;626933719;7579;282;8509;8560;7.20;0.44;262.01;8.12;930;69;2912.00;51
7583;68;626933750;7583;284;8509;8560;7.20;0.44;262.02;8.12;926;69;2913.00;51
7587;68;626933764;7587;290;8509;8560;7.19;0.44;262.01;8.12;922;69;2914.00;51
7593;68;626933776;7593;296;8511;8560;7.14;0.44;262.04;8.13;918;69;2915.00;49
7595;68;626933790;7595;302;8522;8572;7.19;0.44;262.06;8.12;927;69;2916.00;50
7602;68;626933808;7602;309;8523;8572;7.14;0.44;262.16;8.18;921;69;2917.00;49
7604;68;626933822;7604;322;8525;8572;7.13;0.44;262.16;8.18;921;69;2918.00;47
7609;68;626933835;7609;328;8525;8572;7.06;0.43;262.16;8.18;916;69;2919.00;47
7612;68;626933847;7612;331;8526;8572;7.05;0.43;262.27;8.18;914;69;2920.00;46
7618;68;626933859;7618;339;8526;8572;7.00;0.43;262.22;8.18;908;69;2921.00;46
7625;68;626933871;7625;349;8529;8576;7.01;0.43;262.35;8.18;904;69;2922.00;47
7627;68;626933884;7627;360;8529;8576;6.96;0.43;262.40;8.18;902;69;2923.00;47
7629;68;626933896;7629;355;8532;8580;6.99;0.43;262.42;8.17;903;69;2924.00;48
7633;68;626933908;7633;364;8535;8582;7.00;0.43;262.43;8.17;902;69;2925.00;47
7636;68;626933920;7636;366;8535;8582;6.97;0.43;262.41;8.17;899;69;2926.00;47
7637;68;626933935;7637;372;8536;8582;7.00;0.43;262.40;8.23;899;69;2927.00;46
7640;68;626933947;7640;373;8545;8595;7.06;0.43;262.38;8.22;905;69;2928.00;50
7646;68;626933961;7646;379;8545;8595;6.97;0.43;262.36;8.22;899;69;2929.00;50
7647;68;626933973;7647;385;8547;8595;6.92;0.42;262.39;8.26;900;69;2930.00;48
7651;68;626933984;7651;383;8548;8596;6.91;0.42;262.34;8.26;897;69;2931.00;48
7652;68;626933996;7652;393;8548;8597;6.87;0.42;262.31;8.26;896;69;2932.00;49
7654;68;626934008;7654;393;8548;8597;6.83;0.42;262.26;8.26;894;69;2933.00;49
7658;68;626934019;7658;407;8551;8600;6.79;0.42;262.17;8.31;893;69;2934.00;49
7661;68;626934031;7661;411;8552;8600;6.71;0.41;262.17;8.31;891;69;2935.00;48
7663;68;626934043;7663;421;8552;8600;6.64;0.41;262.15;8.31;889;69;2936.00;48
7664;68;626934054;7664;407;8552;8600;6.65;0.41;262.12;8.31;888;69;2937.00;48
7665;68;626934065;7665;407;8556;8606;6.72;0.41;262.12;8.30;891;69;2938.00;50
7670;68;626934077;7670;405;8557;8606;6.68;0.41;262.11;8.35;887;69;2939.00;49
7670;68;626934090;7670;406;8558;8606;6.72;0.41;262.11;8.35;888;69;2940.00;48
7672;68;626934103;7672;408;8559;8606;6.75;0.41;262.10;8.40;887;69;2941.00;47
7676;68;626934115;7676;402;8562;8610;6.83;0.42;262.03;8.40;886;69;2942.00;48
7679;68;626934127;7679;394;8563;8611;6.85;0.42;262.01;8.40;884;69;2943.00;48
7682;68;626934139;7682;395;8563;8611;6.86;0.42;262.03;8.40;881;69;2944.00;48
7682;68;626934150;7682;396;8564;8612;6.93;0.42;262.03;8.40;882;69;2945.00;48
7684;68;626934163;7684;393;8565;8612;6.92;0.42;262.00;8.44;881;69;2946.00;47
7685;68;626934175;7685;378;8565;8612;6.96;0.42;262.03;8.44;880;69;2947.00;47
7685;68;626934191;7685;365;8565;8612;7.01;0.43;262.03;8.44;880;69;2948.00;47
7686;68;626934203;7686;351;8565;8612;7.02;0.43;262.00;8.44;879;69;2949.00;47
7688;68;626934224;7688;346;8565;8612;7.00;0.43;261.98;8.44;877;69;2950.00;47
7690;68;626934237;7690;343;8565;8612;7.06;0.43;261.96;8.44;875;69;2951.00;47
7691;68;626934249;7691;349;8598;8682;7.19;0.44;261.96;8.41;907;69;2952.00;84
7696;68;626934267;7696;344;8598;8683;7.20;0.44;261.95;8.41;902;69;2953.00;85
7697;68;626934278;7697;341;8605;8683;7.30;0.44;261.96;8.41;908;69;2954.00;78
7699;68;626934290;7699;335;8609;8683;7.33;0.44;261.96;8.45;910;69;2955.00;74
7699;68;626934302;7699;328;8613;8683;7.42;0.45;261.96;8.45;914;69;2956.00;70
7700;68;626934314;7700;324;8617;8683;7.53;0.46;261.95;8.45;917;69;2957.00;66
7703;68;626934326;7703;317;8620;8683;7.62;0.46;261.92;8.45;917;69;2958.00;63
7704;68;626934339;7704;313;8622;8683;7.66;0.47;261.93;8.45;918;69;2959.00;61
7704;68;626934351;7704;305;8627;8684;7.76;0.47;261.93;8.50;923;69;2960.00;57
7706;68;626934364;7706;297;8628;8685;7.77;0.47;261.91;8.50;922;69;2961.00;57
7707;68;626934382;7707;298;8629;8685;7.81;0.47;261.93;8.50;922;69;2962.00;56
7707;68;626934395;7707;294;8632;8689;7.88;0.48;261.93;8.50;925;69;2963.00;57
7709;68;626934407;7709;293;8632;8689;7.89;0.48;261.89;8.50;923;69;2964.00;57
7711;68;626934419;7711;294;8632;8689;7.91;0.48;261.89;8.50;921;69;2965.00;57
7712;68;626934432;7712;288;8632;8689;7.94;0.48;261.90;8.50;920;69;2966.00;57
7714;68;626934444;7714;289;8635;8695;7.95;0.48;261.87;8.49;921;69;2967.00;60
7716;68;626934463;7716;291;8635;8695;7.96;0.48;261.85;8.49;919;69;2968.00;60
7717;68;626934476;7717;292;8636;8695;7.96;0.48;261.83;8.49;919;69;2969.00;59
7719;68;626934490;7719;296;8639;8701;7.95;0.48;261.83;8.49;920;69;2970.00;62
7719;68;626934502;7719;300;8640;8701;7.93;0.48;261.83;8.49;921;69;2971.00;61
7719;68;626934515;7719;302;8640;8701;7.89;0.48;261.83;8.49;921;69;2972.00;61
7719;68;626934526;7719;303;8641;8702;7.93;0.48;261.83;8.49;922;69;2973.00;61
7721;68;626934538;7721;303;8643;8703;7.93;0.48;261.79;8.54;922;69;2974.00;60
7722;68;626934550;7722;308;8644;8703;7.97;0.49;261.78;8.54;922;69;2975.00;59
7724;68;626934562;7724;308;8652;8716;7.98;0.48;261.80;8.53;928;69;2976.00;64
7726;68;626934575;7726;304;8653;8716;7.99;0.49;261.87;8.53;927;69;2977.00;63
7727;68;626934587;7727;309;8653;8716;8.03;0.49;261.87;8.53;926;69;2978.00;63
7730;68;626934599;7730;311;8654;8717;8.09;0.49;261.86;8.53;924;69;2979.00;63
7731;68;626934612;7731;308;8654;8717;8.14;0.50;261.89;8.53;923;69;2980.00;63
7733;68;626934624;7733;308;8656;8721;8.21;0.50;261.88;8.53;923;69;2981.00;65
7736;68;626934636;7736;302;8656;8721;8.18;0.50;261.88;8.53;920;69;2982.00;65
7738;68;626934649;7738;301;8660;8725;8.19;0.50;261.89;8.52;922;69;2983.00;65
7740;68;626934661;7740;304;8660;8725;8.24;0.50;261.91;8.52;920;69;2984.00;65
7748;68;626934672;7748;305;8660;8725;8.18;0.50;261.93;8.52;912;69;2985.00;65
7752;68;626934685;7752;301;8660;8725;8.12;0.49;262.01;8.52;908;69;2986.00;65
7754;68;626934697;7754;299;8660;8725;8.08;0.49;262.01;8.52;906;69;2987.00;65
7755;68;626934707;7755;299;8669;8737;8.11;0.49;261.99;8.51;914;69;2988.00;68
7759;68;626934720;7759;293;8670;8737;8.05;0.49;261.97;8.52;911;69;2989.00;67
7762;68;626934731;7762;284;8672;8737;8.08;0.49;262.07;8.52;910;69;2990.00;65
7765;68;626934742;7765;277;8672;8737;8.00;0.49;262.15;8.52;907;69;2991.00;65
7768;68;626934753;7768;265;8672;8737;8.05;0.49;262.13;8.52;904;69;2992.00;65
7774;68;626934764;7774;255;8672;8737;8.04;0.49;262.21;8.52;898;69;2993.00;65
7778;68;626934775;7778;256;8674;8738;8.05;0.49;262.28;8.52;896;69;2994.00;64
7780;68;626934786;7780;247;8676;8738;8.09;0.49;262.28;8.54;896;69;2995.00;62
7783;68;626934804;7783;241;8679;8744;8.18;0.50;262.28;8.54;896;69;2996.00;65
7788;68;626934816;7788;234;8681;8745;8.23;0.50;262.29;8.54;893;69;2997.00;64
7791;68;626934828;7791;229;8681;8745;8.32;0.51;262.27;8.54;890;69;2998.00;64
7794;68;626934839;7794;219;8681;8745;8.39;0.51;262.23;8.54;887;69;2999.00;64
7797;68;626934853;7797;219;8686;8765;8.45;0.51;262.25;8.59;889;69;3000.00;79
7799;68;626934870;7799;212;8687;8765;8.52;0.52;262.30;8.59;888;69;3001.00;78
7803;68;626934882;7803;205;8687;8765;8.54;0.52;262.33;8.59;884;69;3002.00;78
7806;68;626934894;7806;204;8688;8766;8.59;0.52;262.38;8.59;882;69;3003.00;78
7811;68;626934906;7811;196;8691;8770;8.57;0.52;262.46;8.59;880;69;3004.00;79
7814;68;626934918;7814;195;8692;8770;8.61;0.52;262.50;8.59;878;69;3005.00;78
7820;68;626934930;7820;195;8694;8773;8.68;0.53;262.59;8.58;874;69;3006.00;79
7822;68;626934943;7822;194;8696;8773;8.73;0.53;262.64;8.59;874;69;3007.00;77
7826;68;626934954;7826;192;8697;8773;8.81;0.53;262.67;8.60;871;69;3008.00;76
7828;68;626934966;7828;190;8699;8773;8.83;0.53;262.66;8.61;871;69;3009.00;74
7833;68;626934978;7833;182;8702;8777;8.95;0.54;262.67;8.61;869;69;3010.00;75
7836;68;626934990;7836;174;8704;8777;8.98;0.54;262.71;8.62;868;69;3011.00;73
7841;68;626935002;7841;176;8708;8777;9.01;0.54;262.70;8.67;867;69;3012.00;69
7843;68;626935015;7843;179;8710;8777;9.10;0.55;262.77;8.68;867;69;3013.00;67
7846;68;626935027;7846;172;8712;8778;9.17;0.55;262.83;8.68;866;69;3014.00;66
7849;68;626935038;7849;172;8717;8780;9.19;0.55;262.84;8.73;868;69;3015.00;63
7851;68;626935051;7851;170;8717;8780;9.23;0.56;262.86;8.73;866;69;3016.00;63
7853;68;626935063;7853;169;8718;8781;9.26;0.56;262.83;8.73;865;69;3017.00;63
7853;68;626935075;7853;167;8719;8781;9.28;0.56;262.83;8.73;866;69;3018.00;62
7857;68;626935087;7857;167;8720;8781;9.33;0.56;262.91;8.73;863;69;3019.00;61
7858;68;626935099;7858;165;8722;8781;9.35;0.57;262.99;8.80;864;69;3020.00;59
7860;68;626935110;7860;172;8723;8781;9.38;0.57;263.00;8.81;863;69;3021.00;58
7862;68;626935123;7862;179;8723;8781;9.41;0.57;263.03;8.81;861;69;3022.00;58
7864;68;626935135;7864;178;8726;8781;9.37;0.57;263.09;8.84;862;69;3023.00;55
7865;68;626935146;7865;200;8790;8908;9.29;0.57;263.12;8.77;925;69;3024.00;118
7868;68;626935169;7868;193;8796;8909;9.24;0.57;263.18;8.77;928;69;3025.00;113
7870;68;626935181;7870;190;8800;8909;9.23;0.57;263.21;8.79;930;69;3026.00;109
7874;68;626935201;7874;193;8806;8909;9.17;0.56;263.20;8.78;932;69;3027.00;103
7876;68;626935220;7876;198;8813;8909;9.18;0.56;263.22;8.80;937;69;3028.00;96
7880;68;626935241;7880;198;8817;8909;9.19;0.56;263.31;8.80;937;69;3029.00;92
7883;68;626935274;7883;204;8822;8909;9.20;0.57;263.33;8.80;939;69;3030.00;87
7885;68;626935294;7885;201;8826;8909;9.23;0.57;263.37;8.81;941;69;3031.00;83
7887;68;626935310;7887;204;8829;8910;9.28;0.57;263.40;8.81;942;69;3032.00;81
7889;68;626935324;7889;205;8833;8911;9.33;0.57;263.41;8.83;944;69;3033.00;78
7890;68;626935338;7890;207;8840;8911;9.32;0.57;263.44;8.84;950;69;3034.00;71
7892;68;626935352;7892;208;8843;8912;9.25;0.57;263.44;8.86;951;69;3035.00;69
7894;68;626935367;7894;208;8847;8912;9.15;0.56;263.44;8.86;953;69;3036.00;65
7900;68;626935381;7900;210;8849;8912;9.04;0.56;263.44;8.86;949;69;3037.00;63
7901;68;626935395;7901;221;8853;8912;8.93;0.55;263.46;8.88;952;69;3038.00;59
7903;68;626935409;7903;228;8857;8916;8.87;0.55;263.50;8.88;954;69;3039.00;59
7907;68;626935423;7907;223;8861;8916;8.75;0.54;263.53;8.89;954;69;3040.00;55
7908;68;626935437;7908;227;8861;8916;8.65;0.53;263.56;8.89;953;69;3041.00;55
7912;68;626935451;7912;225;8866;8919;8.54;0.52;263.57;8.90;954;69;3042.00;53
7917;68;626935465;7917;226;8868;8919;8.50;0.52;263.65;8.91;951;69;3043.00;51
7919;68;626935480;7919;234;8870;8919;8.50;0.52;263.78;8.91;951;69;3044.00;49
7925;68;626935496;7925;238;8874;8923;8.44;0.52;263.86;8.91;949;69;3045.00;49
7929;68;626935510;7929;242;8877;8924;8.40;0.51;263.97;8.92;948;69;3046.00;47
7931;68;626935524;7931;248;8878;8924;8.37;0.51;263.93;8.92;947;69;3047.00;46
7935;68;626935538;7935;256;8881;8928;8.29;0.51;263.94;8.91;946;69;3048.00;47
7938;68;626935554;7938;263;8881;8928;8.16;0.50;263.99;8.91;943;69;3049.00;47
7943;68;626935567;7943;271;8881;8928;8.02;0.49;263.99;8.91;938;69;3050.00;47
7947;68;626935580;7947;277;8885;8929;7.88;0.48;264.03;8.92;938;69;3051.00;44
7952;68;626935592;7952;273;8885;8929;7.78;0.48;264.07;8.92;933;69;3052.00;44
7957;68;626935604;7957;278;8892;8935;7.70;0.47;264.04;8.93;935;69;3053.00;43
7960;68;626935617;7960;283;8892;8935;7.60;0.46;264.07;8.93;932;69;3054.00;43
7967;68;626935628;7967;276;8894;8936;7.47;0.46;264.13;8.93;927;69;3055.00;42
7969;68;626935640;7969;281;8896;8936;7.40;0.45;264.11;8.93;927;69;3056.00;40
7976;68;626935652;7976;289;8897;8936;7.24;0.44;264.20;8.93;921;69;3057.00;39
7982;68;626935663;7982;288;8898;8936;7.12;0.43;264.20;8.94;916;69;3058.00;38
7984;68;626935674;7984;295;8898;8936;7.00;0.43;264.25;8.94;914;69;3059.00;38
7987;68;626935686;7987;290;8921;8972;6.97;0.43;264.22;8.92;934;69;3060.00;51
7990;68;626935700;7990;289;8923;8972;6.88;0.42;264.25;8.92;933;69;3061.00;49
7995;68;626935711;7995;289;8927;8972;6.80;0.42;264.20;8.92;932;69;3062.00;45
7998;68;626935722;7998;294;8929;8972;6.74;0.42;264.30;8.92;931;69;3063.00;43
8003;68;626935733;8003;296;8930;8972;6.73;0.41;264.32;8.92;927;69;3064.00;42
8004;68;626935745;8004;298;8931;8972;6.71;0.41;264.31;8.92;927;69;3065.00;41
8010;68;626935761;8010;299;8936;8976;6.70;0.41;264.35;8.92;926;69;3066.00;40
8011;68;626935773;8011;294;8937;8976;6.71;0.41;264.37;8.92;926;69;3067.00;39
8013;68;626935785;8013;294;8940;8980;6.73;0.41;264.37;8.92;927;69;3068.00;40
8014;68;626935797;8014;298;8943;8981;6.78;0.42;264.39;8.92;929;69;3069.00;38
8018;68;626935808;8018;300;8944;8981;6.74;0.41;264.41;8.92;926;69;3070.00;37
8021;68;626935820;8021;298;8945;8981;6.70;0.41;264.42;8.98;924;69;3071.00;36
8023;68;626935831;8023;301;8956;8994;6.71;0.41;264.47;8.97;933;69;3072.00;38
8029;68;626935850;8029;306;8956;8994;6.71;0.41;264.45;8.97;927;69;3073.00;38
8030;68;626935861;8030;312;8956;8994;6.73;0.41;264.46;8.97;926;69;3074.00;38
8034;68;626935872;8034;312;8957;8995;6.72;0.41;264.43;8.96;923;69;3075.00;38
8039;68;626935883;8039;316;8957;8996;6.69;0.41;264.46;8.96;918;69;3076.00;39
8042;68;626935895;8042;317;8957;8996;6.67;0.41;264.50;8.96;915;69;3077.00;39
8046;68;626935905;8046;317;8959;8999;6.61;0.41;264.45;8.96;913;69;3078.00;40
8048;68;626935917;8048;315;8960;8999;6.54;0.40;264.45;8.96;912;69;3079.00;39
8052;68;626935927;8052;316;8960;8999;6.45;0.40;264.46;8.96;908;69;3080.00;39
8054;68;626935938;8054;316;8960;8999;6.38;0.39;264.45;8.96;906;69;3081.00;39
8057;68;626935949;8057;320;8964;9005;6.34;0.39;264.48;8.96;907;69;3082.00;41
8061;68;626935960;8061;320;8964;9005;6.26;0.39;264.40;8.96;903;69;3083.00;41
8066;68;626935973;8066;323;8965;9005;6.18;0.38;264.43;8.96;899;69;3084.00;40
8074;68;626935984;8074;322;8965;9005;6.08;0.37;264.46;8.96;891;69;3085.00;40
8077;68;626935995;8077;332;8968;9009;6.13;0.38;264.42;8.95;891;69;3086.00;41
8081;68;626936006;8081;334;8969;9010;6.10;0.37;264.45;8.95;888;69;3087.00;41
8085;68;626936017;8085;338;8969;9010;6.10;0.37;264.39;8.95;884;69;3088.00;41
8087;68;626936028;8087;345;8970;9011;6.12;0.38;264.36;8.95;883;69;3089.00;41
8091;68;626936040;8091;353;8970;9011;6.13;0.38;264.36;8.95;879;69;3090.00;41
8094;68;626936052;8094;356;8970;9011;6.11;0.37;264.30;8.95;876;69;3091.00;41
8101;68;626936063;8101;363;8970;9011;6.11;0.37;264.29;8.95;869;69;3092.00;41
8105;68;626936074;8105;367;8970;9011;6.11;0.37;264.29;8.95;865;69;3093.00;41
8107;68;626936085;8107;366;8971;9011;6.10;0.37;264.35;9.01;864;69;3094.00;40
8109;68;626936096;8109;367;8971;9011;6.13;0.37;264.37;9.01;862;69;3095.00;40
8113;68;626936107;8113;372;9010;9081;6.34;0.39;264.37;8.97;897;69;3096.00;71
8114;68;626936125;8114;376;9011;9082;6.37;0.39;264.37;8.97;897;69;3097.00;71
8117;68;626936137;8117;373;9017;9082;6.47;0.39;264.36;8.96;900;69;3098.00;65
8119;68;626936148;8119;375;9019;9082;6.48;0.39;264.33;8.96;900;69;3099.00;63
8119;68;626936161;8119;375;9024;9082;6.58;0.40;264.33;8.96;905;69;3100.00;58
8119;68;626936176;8119;379;9026;9082;6.63;0.40;264.33;8.96;907;69;3101.00;56
8121;68;626936188;8121;381;9028;9082;6.64;0.41;264.35;8.96;907;69;3102.00;54
8124;68;626936200;8124;380;9031;9082;6.61;0.40;264.35;8.96;907;69;3103.00;51
8127;68;626936212;8127;381;9032;9083;6.54;0.40;264.36;8.96;905;69;3104.00;51
8130;68;626936224;8130;387;9037;9085;6.55;0.40;264.37;8.96;907;69;3105.00;48
8130;68;626936237;8130;396;9040;9085;6.52;0.40;264.37;8.95;910;69;3106.00;45
8134;68;626936247;8134;377;9043;9089;6.50;0.40;264.42;8.95;909;69;3107.00;46
8137;68;626936259;8137;367;9043;9089;6.54;0.40;264.48;8.95;906;69;3108.00;46
8138;68;626936272;8138;361;9044;9089;6.62;0.41;264.47;9.01;906;69;3109.00;45
8140;68;626936283;8140;352;9044;9089;6.68;0.41;264.43;9.01;904;69;3110.00;45
8142;68;626936295;8142;347;9048;9095;6.77;0.42;264.40;9.00;906;69;3111.00;47
8143;68;626936308;8143;344;9048;9095;6.85;0.42;264.41;9.00;905;69;3112.00;47
8146;68;626936319;8146;336;9049;9095;7.00;0.43;264.40;9.00;903;69;3113.00;46
8147;68;626936337;8147;330;9051;9098;7.17;0.44;264.39;9.00;904;69;3114.00;47
8150;69;626936349;8150;326;9052;9098;7.27;0.45;264.50;9.00;902;70;3115.00;46
8151;69;626936378;8151;307;9053;9098;7.41;0.45;264.47;9.05;902;70;3116.00;45
8155;69;626936391;8155;289;9053;9099;7.53;0.46;264.44;9.05;898;70;3117.00;46
8156;69;626936403;8156;278;9054;9100;7.70;0.47;264.41;9.05;898;70;3118.00;46
8158;69;626936416;8158;267;9054;9100;7.82;0.48;264.38;9.05;896;70;3119.00;46
8160;69;626936430;8160;261;9074;9126;8.05;0.49;264.38;9.03;914;70;3120.00;52
8164;69;626936452;8164;251;9074;9126;8.09;0.49;264.31;9.03;910;70;3121.00;52
8167;69;626936465;8167;246;9075;9126;8.17;0.50;264.30;9.03;908;70;3122.00;51
8169;69;626936485;8169;254;9077;9127;8.26;0.50;264.31;9.03;908;70;3123.00;50
8169;69;626936499;8169;245;9078;9127;8.33;0.51;264.31;9.08;909;70;3124.00;49
8170;69;626936511;8170;239;9081;9131;8.33;0.51;264.31;9.08;911;70;3125.00;50
8171;69;626936531;8171;245;9081;9131;8.29;0.50;264.32;9.08;910;70;3126.00;50
8171;69;626936549;8171;238;9085;9135;8.24;0.50;264.32;9.08;914;70;3127.00;50
8175;69;626936562;8175;233;9085;9135;8.28;0.51;264.32;9.08;910;70;3128.00;50
8178;69;626936575;8178;232;9085;9135;8.32;0.51;264.27;9.08;907;70;3129.00;50
8181;69;626936588;8181;229;9085;9135;8.33;0.51;264.23;9.08;904;70;3130.00;50
8183;69;626936600;8183;235;9085;9135;8.40;0.51;264.23;9.08;902;70;3131.00;50
8187;69;626936612;8187;239;9095;9147;8.49;0.52;264.24;9.07;908;70;3132.00;52
8191;69;626936626;8191;239;9095;9147;8.46;0.52;264.23;9.07;904;70;3133.00;52
8194;69;626936639;8194;239;9096;9147;8.43;0.51;264.23;9.06;902;70;3134.00;51
8196;69;626936651;8196;241;9096;9147;8.45;0.52;264.22;9.06;900;70;3135.00;51
8199;69;626936663;8199;250;9096;9147;8.44;0.52;264.25;9.06;897;70;3136.00;51
8204;69;626936675;8204;255;9096;9147;8.38;0.51;264.35;9.06;892;70;3137.00;51
8207;69;626936687;8207;254;9096;9148;8.37;0.51;264.37;9.06;889;70;3138.00;52
8209;69;626936700;8209;257;9096;9148;8.43;0.51;264.38;9.06;887;70;3139.00;52
8209;69;626936711;8209;256;9100;9154;8.50;0.52;264.38;9.06;891;70;3140.00;54
8211;69;626936729;8211;258;9101;9155;8.46;0.52;264.37;9.06;890;70;3141.00;54
8214;69;626936742;8214;257;9102;9155;8.44;0.52;264.41;9.06;888;70;3142.00;53
8214;69;626936753;8214;263;9102;9155;8.43;0.52;264.41;9.06;888;70;3143.00;53
8217;69;626936765;8217;265;9105;9159;8.46;0.52;264.44;9.06;888;70;3144.00;54
8222;69;626936777;8222;270;9105;9159;8.39;0.51;264.49;9.06;883;70;3145.00;54
8222;69;626936790;8222;268;9105;9159;8.36;0.51;264.49;9.06;883;70;3146.00;54
8225;69;626936801;8225;269;9106;9160;8.30;0.51;264.57;9.06;881;70;3147.00;54
8230;69;626936813;8230;278;9109;9164;8.22;0.50;264.57;9.05;879;70;3148.00;55
8232;69;626936825;8232;285;9109;9164;8.26;0.51;264.62;9.05;877;70;3149.00;55
8235;69;626936838;8235;277;9113;9170;8.31;0.51;264.62;9.10;878;70;3150.00;57
8239;69;626936851;8239;277;9113;9170;8.27;0.50;264.67;9.10;874;70;3151.00;57
8245;69;626936862;8245;272;9114;9170;8.28;0.50;264.63;9.10;869;70;3152.00;56
8249;69;626936874;8249;269;9114;9170;8.33;0.51;264.73;9.10;865;70;3153.00;56
8252;69;626936886;8252;256;9117;9174;8.44;0.51;264.77;9.10;865;70;3154.00;57
8254;69;626936898;8254;246;9117;9174;8.50;0.52;264.79;9.10;863;70;3155.00;57
8261;69;626936910;8261;242;9118;9174;8.48;0.52;264.79;9.10;857;70;3156.00;56
8262;69;626936922;8262;240;9118;9174;8.53;0.52;264.79;9.10;856;70;3157.00;56
8265;69;626936933;8265;240;9119;9175;8.55;0.52;264.77;9.10;854;70;3158.00;56
8269;69;626936944;8269;237;9120;9176;8.60;0.52;264.80;9.10;851;70;3159.00;56
8272;69;626936955;8272;226;9121;9176;8.61;0.52;264.81;9.10;849;70;3160.00;55
8275;69;626936967;8275;220;9122;9177;8.59;0.52;264.90;9.10;847;70;3161.00;55
8277;69;626936978;8277;209;9122;9177;8.68;0.53;265.02;9.10;845;70;3162.00;55
8281;70;626936989;8281;200;9122;9177;8.60;0.52;265.05;9.10;841;71;3163.00;55
8285;70;626937009;8285;188;9123;9177;8.61;0.52;265.14;9.11;838;71;3164.00;54
8288;70;626937022;8288;186;9124;9177;8.58;0.52;265.17;9.12;836;71;3165.00;53
8294;70;626937033;8294;177;9125;9177;8.57;0.52;265.23;9.17;831;71;3166.00;52
8296;70;626937050;8296;179;9125;9177;8.62;0.52;265.21;9.17;829;71;3167.00;52
8300;70;626937062;8300;188;9193;9304;8.58;0.53;265.24;9.10;893;71;3168.00;111
8304;70;626937082;8304;172;9193;9305;8.56;0.53;265.27;9.10;889;71;3169.00;112
8307;70;626937095;8307;163;9200;9305;8.67;0.53;265.25;9.10;893;71;3170.00;105
8310;70;626937106;8310;160;9202;9305;8.76;0.54;265.27;9.10;892;71;3171.00;103
8312;70;626937117;8312;158;9206;9305;8.88;0.55;265.25;9.09;894;71;3172.00;99
8314;70;626937128;8314;161;9210;9305;9.00;0.55;265.29;9.09;896;71;3173.00;95
8318;70;626937146;8318;160;9216;9305;9.06;0.56;265.29;9.09;898;71;3174.00;89
8322;70;626937158;8322;159;9219;9305;9.14;0.56;265.24;9.14;897;71;3175.00;86
8323;70;626937169;8323;167;9223;9306;9.23;0.56;265.26;9.14;900;71;3176.00;83
8329;70;626937181;8329;162;9230;9307;9.29;0.57;265.26;9.14;901;71;3177.00;77
8332;70;626937200;8332;161;9235;9307;9.32;0.57;265.27;9.19;903;71;3178.00;72
8333;70;626937222;8333;162;9237;9308;9.38;0.57;265.25;9.19;904;71;3179.00;71
8335;70;626937245;8335;162;9240;9308;9.41;0.57;265.25;9.19;905;71;3180.00;68
8338;70;626937263;8338;171;9242;9308;9.38;0.57;265.31;9.23;904;71;3181.00;66
8338;70;626937285;8338;168;9245;9308;9.39;0.57;265.31;9.24;907;71;3182.00;63
8340;70;626937303;8340;159;9248;9312;9.41;0.58;265.33;9.23;908;71;3183.00;64
8346;70;626937319;8346;162;9250;9312;9.38;0.57;265.45;9.25;904;71;3184.00;62
8350;70;626937334;8350;164;9250;9312;9.33;0.57;265.45;9.25;900;71;3185.00;62
8351;70;626937348;8351;166;9254;9315;9.31;0.57;265.47;9.25;903;71;3186.00;61
8354;70;626937362;8354;172;9254;9315;9.32;0.57;265.52;9.25;900;71;3187.00;61
8358;70;626937376;8358;184;9255;9315;9.29;0.57;265.62;9.25;897;71;3188.00;60
8360;70;626937391;8360;185;9259;9319;9.28;0.57;265.63;9.25;899;71;3189.00;60
8365;70;626937405;8365;188;9262;9320;9.25;0.56;265.74;9.27;897;71;3190.00;58
8367;70;626937420;8367;190;9264;9322;9.24;0.56;265.76;9.27;897;71;3191.00;58
8371;70;626937434;8371;190;9268;9326;9.29;0.57;265.78;9.27;897;71;3192.00;58
8375;70;626937448;8375;191;9270;9326;9.31;0.57;265.82;9.29;895;71;3193.00;56
8379;70;626937461;8379;198;9270;9326;9.31;0.57;265.80;9.29;891;71;3194.00;56
8382;70;626937475;8382;201;9274;9328;9.29;0.57;265.86;9.31;892;71;3195.00;54
8386;70;626937489;8386;201;9274;9328;9.29;0.56;265.88;9.31;888;71;3196.00;54
8387;70;626937502;8387;198;9279;9334;9.24;0.56;265.91;9.31;892;71;3197.00;55
8390;70;626937515;8390;199;9281;9334;9.13;0.56;265.98;9.32;891;71;3198.00;53
8393;70;626937528;8393;203;9282;9335;9.04;0.55;265.98;9.32;889;71;3199.00;53
8396;70;626937543;8396;206;9284;9335;8.95;0.54;266.00;9.34;888;71;3200.00;51
8398;70;626937559;8398;203;9284;9335;8.91;0.54;265.98;9.34;886;71;3201.00;51
8400;70;626937571;8400;203;9285;9335;8.82;0.54;266.02;9.35;885;71;3202.00;50
8403;70;626937584;8403;213;9286;9335;8.75;0.53;266.05;9.36;883;71;3203.00;49
8406;70;626937596;8406;216;9297;9347;8.72;0.53;266.06;9.36;891;71;3204.00;50
8408;70;626937609;8408;221;9298;9347;8.64;0.53;266.07;9.36;890;71;3205.00;49
8409;70;626937629;8409;226;9299;9347;8.62;0.53;266.12;9.36;890;71;3206.00;48
8412;70;626937641;8412;234;9301;9347;8.53;0.52;266.11;9.37;889;71;3207.00;46
8414;70;626937652;8414;249;9302;9347;8.42;0.51;266.13;9.38;888;71;3208.00;45
8418;70;626937663;8418;250;9302;9347;8.34;0.51;266.15;9.38;884;71;3209.00;45
8421;70;626937676;8421;253;9307;9351;8.30;0.51;266.27;9.39;886;71;3210.00;44
8424;70;626937687;8424;253;9307;9351;8.28;0.51;266.28;9.39;883;71;3211.00;44
8425;70;626937698;8425;254;9311;9355;8.30;0.51;266.28;9.40;886;71;3212.00;44
8429;70;626937709;8429;251;9313;9356;8.24;0.50;266.32;9.40;884;71;3213.00;43
8432;70;626937721;8432;255;9314;9356;8.23;0.50;266.34;9.40;882;71;3214.00;42
8438;70;626937732;8438;263;9316;9356;8.16;0.50;266.36;9.41;878;71;3215.00;40
8439;70;626937743;8439;258;9327;9369;8.18;0.50;266.35;9.40;888;71;3216.00;42
8442;70;626937763;8442;260;9329;9369;8.14;0.50;266.35;9.41;887;71;3217.00;40
8445;70;626937774;8445;264;9330;9369;8.11;0.50;266.33;9.41;885;71;3218.00;39
8447;70;626937785;8447;269;9332;9370;8.16;0.50;266.36;9.42;885;71;3219.00;38
8449;70;626937796;8449;267;9332;9371;8.12;0.50;266.39;9.42;883;71;3220.00;39
8451;70;626937807;8451;272;9332;9371;8.06;0.49;266.36;9.42;881;71;3221.00;39
8453;70;626937818;8453;276;9337;9374;8.01;0.49;266.42;9.43;884;71;3222.00;37
8458;70;626937829;8458;277;9337;9374;7.96;0.49;266.47;9.43;879;71;3223.00;37
8460;70;626937840;8460;281;9339;9374;7.86;0.48;266.48;9.43;879;71;3224.00;35
8463;70;626937851;8463;284;9339;9374;7.78;0.48;266.42;9.43;876;71;3225.00;35
8467;70;626937861;8467;280;9344;9380;7.69;0.47;266.40;9.43;877;71;3226.00;36
8472;70;626937872;8472;282;9346;9380;7.49;0.46;266.44;9.43;874;71;3227.00;34
8475;70;626937883;8475;290;9346;9380;7.32;0.45;266.42;9.43;871;71;3228.00;34
8478;70;626937893;8478;296;9348;9380;7.10;0.44;266.44;9.43;870;71;3229.00;32
8480;70;626937902;8480;294;9351;9384;6.96;0.43;266.43;9.43;871;71;3230.00;33
8485;70;626937914;8485;289;9352;9385;6.79;0.42;266.45;9.43;867;71;3231.00;33
8489;70;626937924;8489;300;9354;9385;6.68;0.41;266.45;9.43;865;71;3232.00;31
8492;70;626937934;8492;303;9355;9386;6.60;0.40;266.43;9.43;863;71;3233.00;31
8493;70;626937946;8493;302;9357;9386;6.53;0.40;266.46;9.43;864;71;3234.00;29
8497;70;626937955;8497;303;9357;9386;6.49;0.40;266.45;9.43;860;71;3235.00;29
8498;70;626937965;8498;302;9357;9386;6.54;0.40;266.47;9.43;859;71;3236.00;29
8501;70;626937976;8501;301;9358;9386;6.56;0.40;266.52;9.43;857;71;3237.00;28
8508;70;626937989;8508;304;9358;9386;6.51;0.40;266.49;9.43;850;71;3238.00;28
8509;70;626937999;8509;297;9358;9386;6.52;0.40;266.51;9.43;849;71;3239.00;28
8513;70;626938010;8513;300;9414;9511;6.81;0.42;266.48;9.38;901;71;3240.00;97
8517;70;626938029;8517;300;9419;9512;6.79;0.42;266.55;9.42;902;71;3241.00;93
8518;70;626938041;8518;306;9428;9512;6.87;0.42;266.52;9.41;910;71;3242.00;84
8522;70;626938051;8522;306;9432;9512;6.90;0.43;266.50;9.41;910;71;3243.00;80
8526;70;626938062;8526;306;9437;9512;6.92;0.43;266.47;9.41;911;71;3244.00;75
8530;70;626938073;8530;312;9439;9512;6.89;0.42;266.43;9.41;909;71;3245.00;73
8532;70;626938083;8532;318;9443;9512;6.93;0.43;266.46;9.41;911;71;3246.00;69
8537;70;626938094;8537;322;9446;9512;6.85;0.42;266.50;9.40;909;71;3247.00;66
8539;70;626938105;8539;317;9450;9513;6.82;0.42;266.52;9.40;911;71;3248.00;63
8541;70;626938116;8541;322;9456;9514;6.86;0.42;266.57;9.40;915;71;3249.00;58
8545;70;626938127;8545;327;9456;9514;6.77;0.41;266.50;9.40;911;71;3250.00;58
8547;70;626938137;8547;328;9463;9518;6.79;0.42;266.49;9.40;916;71;3251.00;55
8550;70;626938149;8550;329;9466;9518;6.74;0.41;266.47;9.40;916;71;3252.00;52
8550;70;626938159;8550;327;9466;9518;6.67;0.41;266.47;9.40;916;71;3253.00;52
8555;70;626938170;8555;331;9469;9518;6.61;0.41;266.47;9.40;914;71;3254.00;49
8557;70;626938181;8557;336;9473;9524;6.55;0.40;266.50;9.40;916;71;3255.00;51
8560;70;626938196;8560;345;9474;9524;6.49;0.40;266.47;9.40;914;71;3256.00;50
8562;70;626938207;8562;346;9474;9524;6.46;0.39;266.51;9.40;912;71;3257.00;50
8566;70;626938218;8566;351;9478;9527;6.40;0.39;266.60;9.44;912;71;3258.00;49
8567;70;626938230;8567;337;9479;9527;6.42;0.39;266.61;9.43;912;71;3259.00;48
8572;70;626938242;8572;332;9479;9527;6.37;0.39;266.59;9.43;907;71;3260.00;48
8577;70;626938254;8577;330;9479;9528;6.41;0.39;266.61;9.43;902;71;3261.00;49
8578;70;626938265;8578;329;9480;9529;6.43;0.40;266.61;9.43;902;71;3262.00;49
8583;70;626938276;8583;326;9480;9529;6.37;0.39;266.60;9.43;897;71;3263.00;49
8587;71;626938287;8587;327;9491;9542;6.51;0.40;266.70;9.42;904;72;3264.00;51
8590;71;626938311;8590;326;9491;9542;6.58;0.40;266.72;9.42;901;72;3265.00;51
8594;71;626938322;8594;325;9491;9542;6.66;0.41;266.74;9.42;897;72;3266.00;51
8597;71;626938334;8597;322;9492;9543;6.75;0.41;266.70;9.42;895;72;3267.00;51
8602;71;626938350;8602;327;9492;9543;6.81;0.42;266.70;9.42;890;72;3268.00;51
8607;71;626938362;8607;326;9495;9547;6.80;0.42;266.70;9.42;888;72;3269.00;52
8610;71;626938376;8610;332;9495;9547;6.84;0.42;266.70;9.42;885;72;3270.00;52
8611;71;626938387;8611;335;9499;9551;6.89;0.42;266.71;9.42;888;72;3271.00;52
8612;71;626938399;8612;330;9500;9551;6.93;0.42;266.69;9.46;888;72;3272.00;51
8615;71;626938416;8615;331;9500;9551;6.92;0.42;266.66;9.46;885;72;3273.00;51
8616;71;626938427;8616;339;9500;9551;6.82;0.42;266.65;9.46;884;72;3274.00;51
8618;71;626938438;8618;339;9500;9551;6.82;0.42;266.66;9.46;882;72;3275.00;51
8618;71;626938449;8618;341;9510;9563;6.90;0.42;266.66;9.45;892;72;3276.00;53
8619;71;626938461;8619;334;9510;9563;6.98;0.43;266.66;9.45;891;72;3277.00;53
8623;71;626938474;8623;340;9511;9563;7.04;0.43;266.63;9.45;888;72;3278.00;52
8626;71;626938486;8626;334;9511;9563;7.08;0.43;266.64;9.45;885;72;3279.00;52
8627;71;626938497;8627;328;9512;9563;7.11;0.43;266.67;9.49;885;72;3280.00;51
8627;71;626938509;8627;332;9512;9563;7.19;0.44;266.67;9.49;885;72;3281.00;51
8631;71;626938520;8631;325;9512;9564;7.22;0.44;266.68;9.49;881;72;3282.00;52
8632;71;626938532;8632;315;9512;9564;7.27;0.44;266.67;9.49;880;72;3283.00;52
8633;71;626938549;8633;316;9516;9570;7.28;0.44;266.67;9.48;883;72;3284.00;54
8633;71;626938562;8633;318;9518;9572;7.27;0.44;266.67;9.48;885;72;3285.00;54
8636;71;626938573;8636;313;9519;9572;7.30;0.45;266.70;9.48;883;72;3286.00;53
8638;71;626938586;8638;305;9519;9572;7.28;0.44;266.69;9.48;881;72;3287.00;53
8641;71;626938598;8641;297;9522;9576;7.31;0.45;266.77;9.48;881;72;3288.00;54
8645;71;626938610;8645;296;9522;9576;7.37;0.45;266.83;9.48;877;72;3289.00;54
8645;71;626938622;8645;294;9522;9576;7.44;0.45;266.83;9.48;877;72;3290.00;54
8645;71;626938633;8645;293;9523;9577;7.55;0.46;266.83;9.48;878;72;3291.00;54
8648;71;626938646;8648;284;9527;9581;7.58;0.46;266.87;9.52;879;72;3292.00;54
8650;71;626938658;8650;281;9527;9581;7.58;0.46;266.93;9.52;877;72;3293.00;54
8652;71;626938670;8652;283;9529;9584;7.67;0.47;266.93;9.51;877;72;3294.00;55
8656;71;626938682;8656;281;9529;9584;7.75;0.47;266.94;9.51;873;72;3295.00;55
8659;71;626938694;8659;285;9530;9584;7.81;0.48;267.01;9.51;871;72;3296.00;54
8660;71;626938706;8660;285;9530;9584;7.83;0.48;266.98;9.51;870;72;3297.00;54
8664;71;626938718;8664;281;9533;9588;7.80;0.48;267.02;9.51;869;72;3298.00;55
8666;71;626938730;8666;276;9533;9588;7.83;0.48;267.02;9.51;867;72;3299.00;55
8669;71;626938746;8669;281;9537;9607;7.84;0.48;267.03;9.51;868;72;3300.00;70
8670;71;626938765;8670;277;9537;9607;7.86;0.48;267.04;9.51;867;72;3301.00;70
8674;71;626938777;8674;283;9538;9608;7.85;0.48;267.05;9.51;864;72;3302.00;70
8675;71;626938788;8675;275;9539;9609;7.91;0.48;267.04;9.50;864;72;3303.00;70
8678;71;626938801;8678;279;9539;9609;7.88;0.48;267.08;9.50;861;72;3304.00;70
8682;71;626938812;8682;285;9540;9610;7.90;0.48;267.06;9.50;858;72;3305.00;70
8685;71;626938824;8685;287;9541;9610;7.92;0.48;267.10;9.50;856;72;3306.00;69
8687;71;626938836;8687;281;9542;9610;8.04;0.49;267.18;9.50;855;72;3307.00;68
8690;71;626938848;8690;283;9542;9610;8.13;0.50;267.14;9.50;852;72;3308.00;68
8693;71;626938859;8693;281;9542;9610;8.16;0.50;267.17;9.50;849;72;3309.00;68
8696;71;626938871;8696;278;9542;9610;8.11;0.49;267.18;9.50;846;72;3310.00;68
8699;71;626938882;8699;279;9542;9610;8.05;0.49;267.16;9.50;843;72;3311.00;68
8704;71;626938894;8704;310;9611;9737;8.01;0.49;267.30;9.44;907;72;3312.00;126
8707;71;626938914;8707;304;9617;9738;7.92;0.49;267.31;9.48;910;72;3313.00;121
8709;71;626938926;8709;294;9621;9738;7.96;0.49;267.37;9.47;912;72;3314.00;117
8711;71;626938937;8711;292;9623;9738;8.05;0.50;267.37;9.47;912;72;3315.00;115
8715;71;626938948;8715;294;9625;9738;8.08;0.50;267.41;9.47;910;72;3316.00;113
8718;71;626938959;8718;301;9628;9738;8.13;0.50;267.39;9.47;910;72;3317.00;110
8720;71;626938970;8720;294;9631;9738;8.19;0.50;267.38;9.47;911;72;3318.00;107
8724;71;626938988;8724;296;9634;9738;8.21;0.50;267.42;9.47;910;72;3319.00;104
8725;71;626938999;8725;290;9636;9739;8.28;0.51;267.43;9.47;911;72;3320.00;103
8729;71;626939011;8729;281;9638;9740;8.36;0.51;267.42;9.47;909;72;3321.00;102
8732;71;626939023;8732;278;9641;9740;8.42;0.52;267.45;9.47;909;72;3322.00;99
8735;71;626939035;8735;276;9644;9741;8.44;0.52;267.44;9.47;909;72;3323.00;97
8741;71;626939047;8741;275;9647;9741;8.36;0.51;267.41;9.47;906;72;3324.00;94
8743;71;626939059;8743;280;9649;9741;8.35;0.51;267.39;9.48;906;72;3325.00;92
8743;71;626939071;8743;279;9651;9741;8.33;0.51;267.39;9.48;908;72;3326.00;90
8746;71;626939082;8746;282;9653;9745;8.26;0.50;267.46;9.48;907;72;3327.00;92
8752;71;626939094;8752;292;9656;9745;8.17;0.50;267.46;9.52;904;72;3328.00;89
8755;71;626939106;8755;291;9658;9745;8.08;0.49;267.48;9.52;903;72;3329.00;87
8758;71;626939119;8758;286;9662;9751;8.00;0.49;267.48;9.52;904;72;3330.00;89
8760;71;626939131;8760;280;9662;9751;7.95;0.48;267.50;9.52;902;72;3331.00;89
8762;71;626939142;8762;272;9663;9751;7.86;0.48;267.51;9.57;901;72;3332.00;88
8764;71;626939154;8764;267;9669;9755;7.77;0.47;267.52;9.57;905;72;3333.00;86
8767;71;626939166;8767;263;9672;9756;7.77;0.47;267.59;9.62;905;72;3334.00;84
8769;71;626939178;8769;260;9676;9756;7.80;0.48;267.67;9.68;907;72;3335.00;80
8774;71;626939195;8774;259;9679;9760;7.82;0.48;267.70;9.68;905;72;3336.00;81
8776;71;626939215;8776;261;9679;9760;7.83;0.48;267.72;9.68;903;72;3337.00;81
8777;71;626939235;8777;254;9681;9760;7.86;0.48;267.69;9.73;904;72;3338.00;79
8781;71;626939255;8781;252;9684;9761;7.95;0.48;267.68;9.73;903;72;3339.00;77
8782;71;626939272;8782;252;9685;9761;7.99;0.48;267.68;9.78;903;72;3340.00;76
8784;71;626939290;8784;249;9689;9767;8.04;0.49;267.67;9.78;905;72;3341.00;78
8786;71;626939308;8786;242;9690;9767;8.12;0.49;267.70;9.78;904;72;3342.00;77
8789;71;626939322;8789;240;9692;9768;8.22;0.50;267.70;9.83;903;72;3343.00;76
8793;71;626939337;8793;232;9693;9768;8.31;0.50;267.73;9.83;900;72;3344.00;75
8795;71;626939351;8795;231;9694;9768;8.43;0.51;267.72;9.84;899;72;3345.00;74
8797;71;626939364;8797;226;9696;9768;8.47;0.51;267.75;9.88;899;72;3346.00;72
8800;71;626939378;8800;225;9697;9768;8.50;0.51;267.73;9.88;897;72;3347.00;71
8803;71;626939392;8803;231;9706;9780;8.49;0.51;267.82;9.92;903;72;3348.00;74
8806;71;626939406;8806;230;9711;9780;8.40;0.51;267.82;9.93;905;72;3349.00;69
8807;71;626939418;8807;241;9714;9780;8.36;0.51;267.86;9.98;907;72;3350.00;66
8810;71;626939429;8810;242;9718;9780;8.30;0.50;267.88;9.98;908;72;3351.00;62
8812;71;626939442;8812;237;9719;9780;8.28;0.50;267.85;9.98;907;72;3352.00;61
8815;71;626939454;8815;239;9720;9780;8.35;0.51;267.90;10.03;905;72;3353.00;60
8816;71;626939466;8816;248;9724;9784;8.33;0.50;267.89;10.03;908;72;3354.00;60
8818;71;626939479;8818;252;9724;9784;8.29;0.50;267.91;10.03;906;72;3355.00;60
8821;71;626939503;8821;253;9728;9788;8.28;0.50;267.93;10.03;907;72;3356.00;60
8823;71;626939516;8823;260;9729;9789;8.35;0.51;267.93;10.02;906;72;3357.00;60
8828;71;626939529;8828;255;9729;9789;8.30;0.50;267.98;10.02;901;72;3358.00;60
8831;71;626939541;8831;259;9730;9789;8.28;0.50;268.03;10.04;899;72;3359.00;59
8834;71;626939557;8834;271;9748;9818;8.18;0.49;268.02;10.03;914;72;3360.00;70
8837;71;626939572;8837;267;9749;9818;8.14;0.49;268.03;10.03;912;72;3361.00;69
8840;71;626939584;8840;271;9753;9818;8.12;0.49;268.06;10.04;913;72;3362.00;65
8842;71;626939601;8842;279;9758;9819;8.16;0.49;268.08;10.04;916;72;3363.00;61
8843;71;626939620;8843;279;9759;9820;8.09;0.49;268.10;10.04;916;72;3364.00;61
8846;71;626939634;8846;285;9761;9820;8.03;0.49;268.17;10.07;915;72;3365.00;59
8846;71;626939647;8846;289;9764;9823;8.07;0.49;268.17;10.06;918;72;3366.00;59
8847;71;626939662;8847;294;9765;9823;8.03;0.49;268.15;10.07;918;72;3367.00;58
8849;71;626939675;8849;294;9766;9823;8.00;0.49;268.14;10.08;917;72;3368.00;57
8853;71;626939689;8853;298;9768;9823;8.02;0.49;268.19;10.10;915;72;3369.00;55
8856;71;626939701;8856;298;9772;9829;8.06;0.49;268.28;10.10;916;72;3370.00;57
8859;71;626939713;8859;307;9774;9829;8.00;0.49;268.31;10.12;915;72;3371.00;55
8860;71;626939727;8860;309;9775;9829;7.92;0.48;268.31;10.12;915;72;3372.00;54
8860;71;626939739;8860;310;9777;9829;7.83;0.48;268.31;10.13;917;72;3373.00;52
8861;71;626939751;8861;319;9781;9833;7.66;0.47;268.29;10.14;920;72;3374.00;52
8863;71;626939762;8863;323;9783;9835;7.55;0.46;268.26;10.14;920;72;3375.00;52
8865;71;626939775;8865;332;9783;9835;7.44;0.46;268.28;10.14;918;72;3376.00;52
8865;71;626939787;8865;332;9785;9836;7.31;0.45;268.28;10.14;920;72;3377.00;51
8865;71;626939798;8865;340;9785;9836;7.18;0.44;268.28;10.14;920;72;3378.00;51
8866;71;626939808;8866;345;9788;9836;7.08;0.43;268.27;10.16;922;72;3379.00;48
8867;71;626939825;8867;349;9788;9836;7.03;0.43;268.30;10.16;921;72;3380.00;48
8869;71;626939836;8869;349;9788;9836;6.93;0.43;268.28;10.16;919;72;3381.00;48
8873;71;626939847;8873;346;9789;9836;6.86;0.42;268.29;10.17;916;72;3382.00;47
8874;71;626939858;8874;350;9789;9836;6.87;0.42;268.27;10.17;915;72;3383.00;47
8877;71;626939868;8877;353;9826;9906;7.02;0.43;268.23;10.13;949;72;3384.00;80
8877;71;626939885;8877;351;9835;9907;6.96;0.43;268.23;10.17;958;72;3385.00;72
8877;71;626939897;8877;351;9844;9907;6.99;0.43;268.23;10.16;967;72;3386.00;63
8879;71;626939908;8879;358;9853;9907;6.92;0.43;268.20;10.16;974;72;3387.00;54
8881;71;626939920;8881;362;9856;9907;6.87;0.43;268.16;10.16;975;72;3388.00;51
8883;71;626939933;8883;369;9859;9907;6.85;0.42;268.13;10.17;976;72;3389.00;48
8885;71;626939947;8885;374;9861;9907;6.81;0.42;268.12;10.17;976;72;3390.00;46
8889;71;626939958;8889;380;9864;9907;6.71;0.41;268.08;10.17;975;72;3391.00;43
8891;71;626939970;8891;380;9866;9908;6.71;0.41;268.08;10.17;975;72;3392.00;42
8894;71;626939981;8894;388;9868;9909;6.63;0.41;268.03;10.17;974;72;3393.00;41
8899;71;626939992;8899;388;9869;9909;6.57;0.40;268.07;10.18;970;72;3394.00;40
8905;71;626940008;8905;399;9872;9913;6.46;0.40;268.00;10.17;967;72;3395.00;41
8911;71;626940028;8911;406;9874;9913;6.27;0.38;268.00;10.18;963;72;3396.00;39
8913;71;626940044;8913;411;9874;9913;6.13;0.38;267.98;10.18;961;72;3397.00;39
8917;71;626940056;8917;416;9875;9913;5.97;0.37;267.96;10.18;958;72;3398.00;38
8921;71;626940067;8921;428;9879;9919;5.83;0.36;267.95;10.18;958;72;3399.00;40
8924;71;626940079;8924;412;9881;9919;5.69;0.35;267.90;10.18;957;72;3400.00;38
8927;71;626940094;8927;410;9881;9919;5.56;0.34;267.91;10.18;954;72;3401.00;38
8934;71;626940105;8934;415;9884;9922;5.45;0.33;267.88;10.18;950;72;3402.00;38
8935;71;626940116;8935;419;9884;9922;5.37;0.33;267.87;10.18;949;72;3403.00;38
8937;71;626940127;8937;415;9884;9922;5.28;0.32;267.91;10.18;947;72;3404.00;38
8939;71;626940137;8939;422;9886;9923;5.26;0.32;267.90;10.19;947;72;3405.00;37
8942;71;626940148;8942;427;9887;9924;5.30;0.32;267.90;10.19;945;72;3406.00;37
8945;71;626940159;8945;419;9887;9924;5.28;0.32;267.89;10.19;942;72;3407.00;37
8947;71;626940171;8947;421;9898;9937;5.40;0.33;267.89;10.17;951;72;3408.00;39
8949;71;626940182;8949;420;9898;9937;5.49;0.33;267.89;10.17;949;72;3409.00;39
8953;71;626940195;8953;416;9899;9937;5.56;0.34;267.84;10.17;946;72;3410.00;38
8956;71;626940206;8956;402;9900;9938;5.62;0.34;267.86;10.17;944;72;3411.00;38
8957;71;626940217;8957;391;9900;9938;5.72;0.35;267.88;10.17;943;72;3412.00;38
8960;71;626940228;8960;379;9903;9942;5.79;0.35;267.89;10.17;943;72;3413.00;39
8960;71;626940239;8960;377;9904;9942;5.91;0.36;267.89;10.17;944;72;3414.00;38
8967;71;626940250;8967;372;9907;9946;5.98;0.36;267.89;10.17;940;72;3415.00;39
8972;71;626940262;8972;366;9907;9946;6.06;0.37;267.88;10.17;935;72;3416.00;39
8975;71;626940273;8975;356;9907;9946;6.18;0.38;267.97;10.17;932;72;3417.00;39
8979;71;626940290;8979;349;9907;9946;6.29;0.38;267.91;10.17;928;72;3418.00;39
8981;71;626940301;8981;348;9907;9946;6.42;0.39;267.91;10.17;926;72;3419.00;39
8982;71;626940314;8982;349;9932;9980;6.65;0.41;267.93;10.14;950;72;3420.00;48
8984;71;626940328;8984;336;9933;9980;6.74;0.41;267.93;10.14;949;72;3421.00;47
8984;71;626940340;8984;330;9934;9980;6.86;0.42;267.93;10.14;950;72;3422.00;46
8987;71;626940351;8987;329;9935;9980;6.94;0.43;267.93;10.14;948;72;3423.00;45
8991;71;626940363;8991;324;9935;9980;7.01;0.43;267.92;10.14;944;72;3424.00;45
8996;71;626940381;8996;314;9936;9980;7.04;0.43;267.91;10.14;940;72;3425.00;44
9000;71;626940399;9000;309;9936;9981;7.08;0.43;267.87;10.14;936;72;3426.00;45
9002;71;626940411;9002;308;9936;9981;7.16;0.44;267.90;10.14;934;72;3427.00;45
9007;71;626940424;9007;303;9940;9987;7.30;0.44;267.97;10.13;933;72;3428.00;47
9011;71;626940437;9011;307;9941;9988;7.32;0.44;267.96;10.13;930;72;3429.00;47
9011;71;626940450;9011;318;9942;9988;7.38;0.45;267.96;10.13;931;72;3430.00;46
9014;71;626940462;9014;317;9942;9988;7.41;0.45;267.97;10.13;928;72;3431.00;46
9016;71;626940475;9016;326;9945;9992;7.44;0.46;267.96;10.13;929;72;3432.00;47
9018;71;626940487;9018;328;9945;9992;7.48;0.46;267.93;10.13;927;72;3433.00;47
9023;71;626940500;9023;329;9945;9992;7.44;0.46;267.94;10.13;922;72;3434.00;47
9026;71;626940511;9026;322;9946;9993;7.40;0.45;268.01;10.13;920;72;3435.00;47
9028;71;626940524;9028;322;9949;9997;7.46;0.46;268.01;10.13;921;72;3436.00;48
9031;71;626940537;9031;324;9949;9997;7.51;0.46;268.02;10.13;918;72;3437.00;48
9033;71;626940554;9033;321;9951;10000;7.52;0.46;268.02;10.12;918;72;3438.00;49
9036;71;626940567;9036;321;9951;10000;7.50;0.46;268.07;10.12;915;72;3439.00;49
9039;71;626940578;9039;327;9952;10000;7.50;0.46;268.05;10.12;913;72;3440.00;48
9042;71;626940590;9042;326;9953;10000;7.42;0.46;268.08;10.17;911;72;3441.00;47
9047;71;626940603;9047;328;9956;10004;7.36;0.45;268.11;10.17;909;72;3442.00;48
9050;71;626940615;9050;333;9956;10004;7.30;0.45;268.14;10.17;906;72;3443.00;48
9055;71;626940627;9055;338;9957;10004;7.25;0.45;268.19;10.17;902;72;3444.00;47
9061;71;626940639;9061;344;9957;10004;7.16;0.44;268.26;10.17;896;72;3445.00;47
9065;71;626940651;9065;350;9957;10005;7.06;0.43;268.26;10.17;892;72;3446.00;48
9068;71;626940663;9068;334;9958;10006;7.09;0.43;268.27;10.17;890;72;3447.00;48
9071;71;626940675;9071;326;9958;10006;7.08;0.43;268.28;10.17;887;72;3448.00;48
9074;71;626940687;9074;323;9959;10007;7.11;0.43;268.34;10.17;885;72;3449.00;48
9076;71;626940701;9076;311;9959;10007;7.09;0.43;268.45;10.17;883;72;3450.00;48
9080;71;626940714;9080;309;9959;10007;7.08;0.43;268.48;10.17;879;72;3451.00;48
9082;71;626940726;9082;302;9959;10007;7.09;0.43;268.52;10.17;877;72;3452.00;48
9083;71;626940738;9083;301;9959;10007;7.12;0.43;268.51;10.17;876;72;3453.00;48
9089;71;626940750;9089;299;9959;10007;7.06;0.43;268.60;10.17;870;72;3454.00;48
9090;71;626940762;9090;294;9959;10007;7.09;0.43;268.62;10.17;869;72;3455.00;48
9095;71;626940779;9095;299;10032;10134;7.27;0.45;268.62;10.09;937;72;3456.00;102
9097;71;626940802;9097;275;10035;10135;7.35;0.45;268.66;10.13;938;72;3457.00;100
9099;71;626940816;9099;262;10041;10135;7.46;0.46;268.67;10.13;942;72;3458.00;94
9101;71;626940834;9101;251;10047;10135;7.56;0.47;268.70;10.12;946;72;3459.00;88
9104;71;626940847;9104;249;10050;10135;7.69;0.47;268.70;10.12;946;72;3460.00;85
9107;71;626940860;9107;241;10054;10135;7.73;0.48;268.79;10.12;947;72;3461.00;81
9111;71;626940873;9111;237;10057;10135;7.77;0.48;268.79;10.12;946;72;3462.00;78
9114;71;626940886;9114;246;10060;10135;7.83;0.48;268.84;10.12;946;72;3463.00;75
9117;71;626940900;9117;251;10063;10136;7.91;0.48;268.88;10.12;946;72;3464.00;73
9122;71;626940913;9122;249;10066;10138;7.95;0.49;268.91;10.12;944;72;3465.00;72
9125;71;626940928;9125;261;10071;10138;7.98;0.49;268.95;10.11;946;72;3466.00;67
9128;71;626940942;9128;257;10072;10139;8.03;0.49;268.98;10.11;944;72;3467.00;67
9129;71;626940956;9129;256;10074;10139;8.08;0.49;268.99;10.11;945;72;3468.00;65
9130;71;626940969;9130;257;10075;10139;8.10;0.50;269.02;10.12;945;72;3469.00;64
9134;71;626940982;9134;256;10077;10139;8.10;0.50;268.99;10.12;943;72;3470.00;62
9138;71;626940996;9138;259;10080;10143;8.09;0.49;269.01;10.11;942;72;3471.00;63
9139;71;626941010;9139;255;10082;10143;8.13;0.50;269.00;10.11;943;72;3472.00;61
9143;71;626941022;9143;255;10082;10143;8.16;0.50;269.04;10.11;939;72;3473.00;61
9145;71;626941035;9145;261;10085;10146;8.26;0.50;269.15;10.11;940;72;3474.00;61
9148;71;626941054;9148;259;10086;10146;8.29;0.50;269.17;10.11;938;72;3475.00;60
9150;72;626941067;9150;260;10087;10146;8.31;0.51;269.15;10.11;937;73;3476.00;59
9153;72;626941091;9153;257;10091;10150;8.29;0.50;269.20;10.11;938;73;3477.00;59
9155;72;626941105;9155;260;10092;10151;8.26;0.50;269.23;10.11;937;73;3478.00;59
9157;72;626941118;9157;266;10092;10151;8.23;0.50;269.24;10.11;935;73;3479.00;59
9158;72;626941132;9158;272;10096;10156;8.22;0.50;269.27;10.10;938;73;3480.00;60
9161;72;626941145;9161;273;10096;10156;8.21;0.50;269.25;10.10;935;73;3481.00;60
9161;72;626941157;9161;270;10096;10156;8.26;0.50;269.25;10.10;935;73;3482.00;60
9165;72;626941169;9165;277;10097;10157;8.25;0.50;269.27;10.10;932;73;3483.00;60
9166;72;626941182;9166;277;10097;10157;8.23;0.50;269.25;10.10;931;73;3484.00;60
9167;72;626941197;9167;278;10101;10163;8.19;0.50;269.24;10.10;934;73;3485.00;62
9169;72;626941225;9169;283;10102;10163;8.16;0.49;269.27;10.10;933;73;3486.00;61
9170;72;626941249;9170;291;10102;10164;8.12;0.49;269.27;10.10;932;73;3487.00;62
9173;72;626941267;9173;295;10102;10164;8.11;0.49;269.26;10.10;929;73;3488.00;62
9174;72;626941285;9174;294;10102;10164;8.05;0.49;269.24;10.10;928;73;3489.00;62
9176;72;626941303;9176;291;10102;10164;8.07;0.49;269.26;10.10;926;73;3490.00;62
9178;72;626941318;9178;279;10102;10164;8.09;0.49;269.29;10.10;924;73;3491.00;62
9179;72;626941332;9179;281;10112;10176;8.14;0.49;269.28;10.09;933;73;3492.00;64
9180;72;626941346;9180;271;10113;10176;8.18;0.50;269.30;10.09;933;73;3493.00;63
9182;72;626941360;9182;271;10113;10176;8.17;0.50;269.31;10.09;931;73;3494.00;63
9184;72;626941374;9184;253;10113;10176;8.16;0.50;269.30;10.09;929;73;3495.00;63
9189;72;626941387;9189;253;10113;10176;8.17;0.50;269.42;10.09;924;73;3496.00;63
9191;72;626941401;9191;261;10113;10176;8.18;0.50;269.41;10.09;922;73;3497.00;63
9193;72;626941414;9193;256;10116;10180;8.23;0.50;269.45;10.09;923;73;3498.00;64
9197;72;626941426;9197;251;10116;10180;8.25;0.50;269.45;10.09;919;73;3499.00;64
9201;72;626941439;9201;242;10119;10184;8.24;0.50;269.45;10.08;918;73;3500.00;65
9203;72;626941456;9203;241;10121;10185;8.16;0.50;269.51;10.08;918;73;3501.00;64
9206;72;626941470;9206;232;10121;10185;7.95;0.48;269.51;10.08;915;73;3502.00;64
9209;72;626941483;9209;232;10121;10185;7.86;0.48;269.61;10.08;912;73;3503.00;64
9212;73;626941495;9212;235;10131;10198;7.79;0.47;269.65;10.08;919;74;3504.00;67
9214;73;626941522;9214;234;10132;10198;7.78;0.47;269.65;10.10;918;74;3505.00;66
9216;73;626941534;9216;228;10133;10198;7.75;0.47;269.70;10.10;917;74;3506.00;65
9219;73;626941545;9219;231;10134;10199;7.77;0.47;269.72;10.10;915;74;3507.00;65
9221;73;626941557;9221;216;10134;10200;7.78;0.47;269.80;10.10;913;74;3508.00;66
9225;73;626941570;9225;210;10134;10200;7.75;0.47;269.81;10.10;909;74;3509.00;66
9230;73;626941584;9230;208;10137;10206;7.72;0.47;269.86;10.09;907;74;3510.00;69
9233;73;626941597;9233;202;10138;10206;7.69;0.47;269.83;10.09;905;74;3511.00;68
9234;73;626941608;9234;203;10139;10206;7.71;0.47;269.80;10.09;905;74;3512.00;67
9236;73;626941620;9236;205;10139;10206;7.70;0.47;269.83;10.09;903;74;3513.00;67
9240;73;626941632;9240;206;10143;10212;7.72;0.47;269.89;10.09;903;74;3514.00;69
9243;73;626941645;9243;212;10143;10212;7.72;0.47;269.91;10.09;900;74;3515.00;69
9244;73;626941656;9244;220;10145;10212;7.71;0.47;269.95;10.14;901;74;3516.00;67
9247;73;626941669;9247;224;10147;10212;7.73;0.47;269.99;10.14;900;74;3517.00;65
9250;73;626941680;9250;223;10150;10216;7.68;0.47;270.09;10.13;900;74;3518.00;66
9255;73;626941692;9255;226;10153;10219;7.70;0.47;270.15;10.13;898;74;3519.00;66
9258;73;626941705;9258;234;10153;10219;7.72;0.47;270.16;10.13;895;74;3520.00;66
9262;73;626941716;9262;237;10154;10220;7.69;0.47;270.21;10.13;892;74;3521.00;66
9264;73;626941729;9264;242;10154;10220;7.64;0.46;270.21;10.13;890;74;3522.00;66
9265;73;626941741;9265;249;10154;10220;7.57;0.46;270.22;10.13;889;74;3523.00;66
9265;73;626941753;9265;252;10154;10220;7.57;0.46;270.22;10.13;889;74;3524.00;66
9267;73;626941764;9267;258;10156;10220;7.54;0.46;270.22;10.15;889;74;3525.00;64
9270;73;626941776;9270;263;10156;10220;7.51;0.46;270.25;10.15;886;74;3526.00;64
9273;73;626941789;9273;261;10156;10220;7.51;0.46;270.23;10.15;883;74;3527.00;64
9274;73;626941801;9274;277;10193;10290;7.67;0.47;270.21;10.12;919;74;3528.00;97
9275;73;626941819;9275;278;10193;10291;7.66;0.47;270.22;10.12;918;74;3529.00;98
9275;73;626941831;9275;280;10200;10291;7.67;0.47;270.22;10.13;925;74;3530.00;91
9276;73;626941842;9276;285;10207;10291;7.66;0.47;270.20;10.14;931;74;3531.00;84
9280;73;626941854;9280;285;10212;10291;7.67;0.47;270.17;10.13;932;74;3532.00;79
9280;73;626941866;9280;285;10215;10291;7.63;0.47;270.17;10.15;935;74;3533.00;76
9280;73;626941878;9280;284;10219;10291;7.67;0.47;270.17;10.14;939;74;3534.00;72
9282;73;626941890;9282;289;10222;10291;7.63;0.47;270.13;10.16;940;74;3535.00;69
9286;73;626941901;9286;289;10226;10292;7.61;0.47;270.07;10.17;940;74;3536.00;66
9289;73;626941914;9289;292;10229;10293;7.58;0.46;270.01;10.18;940;74;3537.00;64
9292;74;626941927;9292;297;10233;10293;7.52;0.46;269.97;10.19;941;75;3538.00;60
9292;74;626941951;9292;303;10236;10297;7.42;0.45;269.97;10.19;944;75;3539.00;61
9297;74;626941965;9297;304;10238;10297;7.26;0.44;269.93;10.20;941;75;3540.00;59
9298;74;626941978;9298;310;10238;10297;7.15;0.44;269.90;10.20;940;75;3541.00;59
9298;74;626941990;9298;318;10240;10297;7.06;0.43;269.90;10.22;942;75;3542.00;57
9300;74;626942001;9300;326;10244;10303;7.05;0.43;270.00;10.21;944;75;3543.00;59
9301;74;626942013;9301;330;10247;10303;6.97;0.43;270.00;10.23;946;75;3544.00;56
9303;74;626942025;9303;341;10248;10303;6.86;0.42;270.01;10.24;945;75;3545.00;55
9306;74;626942036;9306;352;10252;10306;6.75;0.41;269.99;10.24;946;75;3546.00;54
9310;74;626942047;9310;360;10252;10306;6.61;0.41;269.92;10.24;942;75;3547.00;54
9312;74;626942065;9312;359;10254;10306;6.46;0.40;269.89;10.25;942;75;3548.00;52
9315;74;626942077;9315;365;10254;10307;6.31;0.39;269.84;10.25;939;75;3549.00;53
9316;74;626942087;9316;368;10256;10308;6.19;0.38;269.83;10.26;940;75;3550.00;52
9317;74;626942098;9317;374;10256;10308;6.05;0.37;269.82;10.26;939;75;3551.00;52
9319;74;626942115;9319;379;10269;10321;5.98;0.37;269.78;10.27;950;75;3552.00;52
9320;74;626942128;9320;376;10269;10321;5.92;0.36;269.76;10.27;949;75;3553.00;52
9322;74;626942138;9322;382;10271;10321;5.91;0.36;269.71;10.27;949;75;3554.00;50
9323;74;626942149;9323;380;10274;10323;5.93;0.36;269.68;10.28;951;75;3555.00;49
9323;74;626942160;9323;383;10274;10323;5.94;0.36;269.68;10.28;951;75;3556.00;49
9323;74;626942170;9323;385;10278;10327;6.00;0.37;269.68;10.29;955;75;3557.00;49
9323;74;626942181;9323;389;10278;10327;5.99;0.37;269.68;10.29;955;75;3558.00;49
9325;74;626942193;9325;391;10285;10331;5.96;0.36;269.66;10.31;960;75;3559.00;46
9328;74;626942206;9328;389;10285;10331;5.90;0.36;269.62;10.31;957;75;3560.00;46
9330;74;626942216;9330;390;10285;10331;5.84;0.36;269.61;10.31;955;75;3561.00;46
9333;74;626942233;9333;394;10286;10331;5.74;0.35;269.62;10.32;953;75;3562.00;45
9334;74;626942244;9334;376;10286;10331;5.70;0.35;269.60;10.32;952;75;3563.00;45
9336;74;626942254;9336;370;10299;10343;5.67;0.35;269.59;10.33;963;75;3564.00;44
9338;74;626942265;9338;367;10299;10343;5.62;0.34;269.60;10.33;961;75;3565.00;44
9342;74;626942275;9342;364;10301;10343;5.56;0.34;269.72;10.33;959;75;3566.00;42
9343;74;626942286;9343;365;10301;10343;5.54;0.34;269.74;10.33;958;75;3567.00;42
9347;74;626942296;9347;366;10302;10343;5.51;0.34;269.73;10.34;955;75;3568.00;41
9348;74;626942306;9348;363;10303;10343;5.45;0.33;269.76;10.34;955;75;3569.00;40
9352;74;626942324;9352;349;10303;10344;5.46;0.34;269.73;10.34;951;75;3570.00;41
9355;74;626942335;9355;340;10305;10344;5.46;0.34;269.75;10.35;950;75;3571.00;39
9358;74;626942345;9358;331;10309;10350;5.55;0.34;269.73;10.34;951;75;3572.00;41
9362;74;626942356;9362;321;10313;10351;5.59;0.34;269.77;10.35;951;75;3573.00;38
9366;74;626942366;9366;310;10313;10351;5.64;0.35;269.75;10.35;947;75;3574.00;38
9366;74;626942377;9366;309;10313;10351;5.73;0.35;269.75;10.35;947;75;3575.00;38
9369;74;626942388;9369;310;10318;10355;5.82;0.36;269.75;10.35;949;75;3576.00;37
9371;74;626942398;9371;311;10318;10355;5.95;0.37;269.77;10.35;947;75;3577.00;37
9372;74;626942409;9372;308;10318;10355;6.03;0.37;269.76;10.35;946;75;3578.00;37
9375;74;626942420;9375;315;10319;10356;6.17;0.38;269.74;10.35;944;75;3579.00;37
9376;74;626942431;9376;315;10322;10360;6.29;0.39;269.76;10.35;946;75;3580.00;38
9377;74;626942442;9377;323;10322;10360;6.37;0.39;269.78;10.35;945;75;3581.00;38
9381;74;626942453;9381;308;10325;10363;6.38;0.39;269.80;10.40;944;75;3582.00;38
9383;74;626942465;9383;305;10326;10363;6.47;0.40;269.82;10.40;943;75;3583.00;37
9385;74;626942477;9385;307;10326;10363;6.51;0.40;269.83;10.40;941;75;3584.00;37
9391;74;626942488;9391;303;10326;10363;6.57;0.40;269.90;10.40;935;75;3585.00;37
9391;74;626942499;9391;302;10329;10367;6.73;0.41;269.90;10.39;938;75;3586.00;38
9394;74;626942511;9394;301;10329;10367;6.80;0.42;269.97;10.39;935;75;3587.00;38
9399;74;626942522;9399;303;10330;10367;6.85;0.42;269.99;10.39;931;75;3588.00;37
9403;74;626942534;9403;308;10330;10367;6.93;0.43;269.98;10.39;927;75;3589.00;37
9409;74;626942545;9409;300;10330;10368;6.98;0.43;270.04;10.39;921;75;3590.00;38
9415;74;626942556;9415;299;10331;10369;7.02;0.43;270.06;10.39;916;75;3591.00;38
9422;74;626942569;9422;292;10331;10369;7.04;0.43;270.10;10.39;909;75;3592.00;38
9429;74;626942581;9429;287;10332;10370;7.06;0.43;270.14;10.39;903;75;3593.00;38
9435;74;626942592;9435;285;10332;10370;7.04;0.43;270.14;10.39;897;75;3594.00;38
9439;74;626942604;9439;279;10332;10370;7.04;0.43;270.19;10.39;893;75;3595.00;38
9444;74;626942615;9444;275;10332;10370;7.01;0.43;270.26;10.39;888;75;3596.00;38
9452;74;626942626;9452;268;10332;10370;7.01;0.43;270.29;10.39;880;75;3597.00;38
9458;74;626942639;9458;266;10333;10370;7.02;0.43;270.36;10.44;875;75;3598.00;37
9467;74;626942650;9467;259;10333;10370;6.99;0.43;270.42;10.44;866;75;3599.00;37
9469;74;626942665;9469;296;10446;10623;7.33;0.46;270.44;10.33;977;75;3600.00;177
9472;74;626942703;9472;290;10452;10624;7.38;0.46;270.53;10.33;980;75;3601.00;172
9482;74;626942717;9482;279;10465;10624;7.41;0.46;270.58;10.31;983;75;3602.00;159
9487;74;626942731;9487;268;10471;10624;7.45;0.46;270.56;10.31;984;75;3603.00;153
9492;74;626942750;9492;269;10477;10624;7.46;0.46;270.60;10.31;985;75;3604.00;147
9497;74;626942763;9497;270;10482;10624;7.49;0.47;270.73;10.30;985;75;3605.00;142
9499;74;626942782;9499;276;10492;10624;7.49;0.47;270.73;10.30;993;75;3606.00;132
9503;74;626942795;9503;284;10495;10624;7.54;0.47;270.78;10.30;992;75;3607.00;129
9506;74;626942808;9506;298;10500;10625;7.62;0.47;270.85;10.35;994;75;3608.00;125
9508;74;626942822;9508;304;10504;10626;7.65;0.47;270.87;10.35;996;75;3609.00;122
9510;74;626942835;9510;308;10508;10626;7.70;0.48;270.85;10.35;998;75;3610.00;118
9516;74;626942848;9516;313;10512;10627;7.60;0.47;270.94;10.35;996;75;3611.00;115
9517;74;626942861;9517;315;10518;10627;7.59;0.47;270.91;10.35;1001;75;3612.00;109
9521;74;626942880;9521;324;10522;10627;7.53;0.47;271.03;10.35;1001;75;3613.00;105
9524;74;626942899;9524;331;10524;10627;7.47;0.46;271.03;10.35;1000;75;3614.00;103
9526;74;626942911;9526;334;10531;10631;7.44;0.46;271.06;10.35;1005;75;3615.00;100
9529;74;626942925;9529;345;10532;10631;7.44;0.46;271.12;10.40;1003;75;3616.00;99
9531;74;626942940;9531;335;10534;10631;7.46;0.46;271.17;10.40;1003;75;3617.00;97
9533;74;626942959;9533;322;10538;10634;7.44;0.46;271.16;10.40;1005;75;3618.00;96
9535;74;626942980;9535;321;10538;10634;7.44;0.46;271.18;10.40;1003;75;3619.00;96
9538;74;626942994;9538;311;10540;10634;7.45;0.46;271.23;10.40;1002;75;3620.00;94
9540;74;626943007;9540;319;10546;10638;7.45;0.46;271.25;10.40;1006;75;3621.00;92
9544;74;626943026;9544;314;10550;10639;7.46;0.46;271.26;10.41;1006;75;3622.00;89
9547;74;626943041;9547;313;10550;10639;7.48;0.46;271.29;10.41;1003;75;3623.00;89
9548;74;626943054;9548;320;10553;10643;7.54;0.47;271.28;10.41;1005;75;3624.00;90
9553;74;626943068;9553;327;10555;10643;7.54;0.46;271.26;10.41;1002;75;3625.00;88
9559;74;626943088;9559;305;10556;10643;7.57;0.46;271.23;10.41;997;75;3626.00;87
9564;74;626943109;9564;299;10559;10644;7.55;0.46;271.19;10.41;995;75;3627.00;85
9567;74;626943123;9567;288;10559;10644;7.65;0.47;271.16;10.41;992;75;3628.00;85
9569;74;626943138;9569;288;10563;10650;7.74;0.47;271.20;10.41;994;75;3629.00;87
9570;74;626943159;9570;291;10565;10650;7.81;0.48;271.23;10.41;995;75;3630.00;85
9576;74;626943174;9576;293;10565;10651;7.82;0.48;271.33;10.41;989;75;3631.00;86
9579;74;626943188;9579;288;10566;10651;7.84;0.48;271.35;10.46;987;75;3632.00;85
9580;74;626943208;9580;287;10567;10651;7.85;0.48;271.40;10.46;987;75;3633.00;84
9583;74;626943230;9583;289;10567;10651;7.88;0.48;271.42;10.46;984;75;3634.00;84
9585;74;626943253;9585;297;10568;10651;7.90;0.48;271.47;10.46;983;75;3635.00;83
9587;74;626943275;9587;305;10577;10663;7.94;0.48;271.46;10.45;990;75;3636.00;86
9592;74;626943296;9592;303;10578;10663;7.97;0.48;271.52;10.45;986;75;3637.00;85
9595;74;626943315;9595;301;10579;10663;8.00;0.49;271.58;10.45;984;75;3638.00;84
9598;74;626943330;9598;289;10580;10663;8.02;0.49;271.64;10.45;982;75;3639.00;83
9602;74;626943345;9602;286;10581;10663;8.06;0.49;271.69;10.45;979;75;3640.00;82
9604;74;626943360;9604;277;10581;10663;8.09;0.49;271.68;10.45;977;75;3641.00;82
9605;75;626943375;9605;274;10586;10667;8.07;0.49;271.66;10.45;981;76;3642.00;81
9607;75;626943406;9607;271;10587;10667;8.05;0.49;271.67;10.50;980;76;3643.00;80
9611;75;626943427;9611;271;10590;10671;8.08;0.49;271.75;10.50;979;76;3644.00;81
9616;75;626943442;9616;272;10592;10673;8.08;0.49;271.87;10.49;976;76;3645.00;81
9617;75;626943457;9617;271;10593;10673;8.16;0.50;271.89;10.49;976;76;3646.00;80
9620;75;626943477;9620;273;10593;10673;8.19;0.50;271.87;10.49;973;76;3647.00;80
9623;75;626943491;9623;279;10602;10686;8.23;0.50;271.91;10.49;979;76;3648.00;84
9625;75;626943506;9625;281;10602;10686;8.24;0.50;271.93;10.49;977;76;3649.00;84
9625;75;626943520;9625;279;10602;10686;8.28;0.50;271.93;10.49;977;76;3650.00;84
9628;75;626943534;9628;280;10603;10687;8.24;0.50;271.96;10.48;975;76;3651.00;84
9628;75;626943547;9628;279;10603;10688;8.22;0.50;271.96;10.48;975;76;3652.00;85
9629;75;626943561;9629;285;10603;10688;8.18;0.50;271.96;10.48;974;76;3653.00;85
9629;75;626943573;9629;283;10605;10691;8.08;0.49;271.96;10.48;976;76;3654.00;86
9630;75;626943586;9630;288;10605;10691;7.98;0.49;272.03;10.48;975;76;3655.00;86
9633;75;626943600;9633;292;10607;10691;7.88;0.48;272.00;10.53;974;76;3656.00;84
9633;75;626943612;9633;286;10607;10691;7.84;0.48;272.00;10.53;974;76;3657.00;84
9638;75;626943624;9638;289;10611;10697;7.71;0.47;272.01;10.52;973;76;3658.00;86
9638;75;626943638;9638;289;10612;10697;7.64;0.47;272.01;10.57;974;76;3659.00;85
9639;75;626943652;9639;289;10613;10697;7.63;0.47;271.99;10.57;974;76;3660.00;84
9643;75;626943665;9643;283;10613;10697;7.56;0.46;272.00;10.57;970;76;3661.00;84
9644;75;626943679;9644;280;10616;10701;7.53;0.46;271.99;10.56;972;76;3662.00;85
9645;75;626943693;9645;277;10618;10702;7.51;0.46;271.98;10.60;973;76;3663.00;84
9648;75;626943707;9648;273;10618;10702;7.43;0.45;272.02;10.60;970;76;3664.00;84
9652;75;626943721;9652;271;10619;10703;7.40;0.45;272.04;10.60;967;76;3665.00;84
9654;75;626943735;9654;267;10620;10703;7.36;0.45;272.01;10.64;966;76;3666.00;83
9658;75;626943749;9658;266;10621;10703;7.26;0.44;272.07;10.65;963;76;3667.00;82
9660;75;626943763;9660;264;10621;10703;7.25;0.44;272.12;10.65;961;76;3668.00;82
9662;75;626943775;9662;260;10621;10703;7.18;0.44;272.13;10.65;959;76;3669.00;82
9667;75;626943787;9667;261;10622;10703;7.06;0.43;272.19;10.69;955;76;3670.00;81
9670;75;626943798;9670;264;10622;10703;6.99;0.43;272.24;10.69;952;76;3671.00;81
9674;75;626943812;9674;266;10653;10773;7.07;0.43;272.32;10.65;979;76;3672.00;120
9677;75;626943829;9677;264;10656;10774;7.03;0.43;272.29;10.70;979;76;3673.00;118
9677;75;626943842;9677;260;10662;10774;7.09;0.43;272.29;10.69;985;76;3674.00;112
9679;75;626943854;9679;257;10669;10774;7.06;0.43;272.31;10.71;990;76;3675.00;105
9680;75;626943869;9680;250;10676;10774;7.08;0.43;272.34;10.75;996;76;3676.00;98
9684;75;626943881;9684;245;10678;10774;7.12;0.44;272.44;10.75;994;76;3677.00;96
9686;75;626943894;9686;242;10682;10774;7.13;0.44;272.45;10.78;996;76;3678.00;92
9688;75;626943907;9688;233;10682;10774;7.19;0.44;272.42;10.78;994;76;3679.00;92
9693;75;626943919;9693;234;10684;10775;7.23;0.44;272.35;10.78;991;76;3680.00;91
9695;75;626943932;9695;232;10686;10776;7.24;0.44;272.37;10.82;991;76;3681.00;90
9696;75;626943945;9696;224;10687;10776;7.27;0.44;272.36;10.82;991;76;3682.00;89
9698;75;626943958;9698;228;10691;10780;7.23;0.44;272.36;10.86;993;76;3683.00;89
9700;75;626943972;9700;226;10691;10780;7.17;0.44;272.33;10.86;991;76;3684.00;89
9701;75;626943991;9701;231;10692;10780;7.10;0.43;272.31;10.90;991;76;3685.00;88
9702;75;626944002;9702;239;10692;10780;7.04;0.43;272.30;10.90;990;76;3686.00;88
9704;75;626944015;9704;241;10696;10786;7.04;0.43;272.26;10.94;992;76;3687.00;90
9706;75;626944029;9706;238;10698;10786;7.08;0.43;272.27;10.95;992;76;3688.00;88
9706;75;626944047;9706;245;10698;10786;7.09;0.43;272.27;10.95;992;76;3689.00;88
9709;75;626944061;9709;251;10702;10792;7.09;0.43;272.22;10.98;993;76;3690.00;90
9710;75;626944075;9710;260;10705;10792;7.04;0.43;272.20;10.99;995;76;3691.00;87
9712;75;626944087;9712;264;10706;10792;7.01;0.43;272.18;10.99;994;76;3692.00;86
9716;75;626944100;9716;275;10709;10793;6.91;0.42;272.14;11.00;993;76;3693.00;84
9720;75;626944113;9720;281;10712;10794;6.85;0.42;272.07;11.00;992;76;3694.00;82
9720;75;626944126;9720;282;10712;10794;6.81;0.41;272.07;11.00;992;76;3695.00;82
9722;75;626944139;9722;286;10722;10807;6.78;0.41;272.05;11.00;1000;76;3696.00;85
9724;75;626944153;9724;293;10723;10807;6.75;0.41;272.02;11.00;999;76;3697.00;84
9726;75;626944165;9726;307;10723;10807;6.78;0.41;272.00;11.00;997;76;3698.00;84
9727;75;626944178;9727;313;10727;10808;6.81;0.41;272.00;11.02;1000;76;3699.00;81
9728;75;626944199;9728;319;10727;10808;6.75;0.41;271.99;11.02;999;76;3700.00;81
9730;75;626944216;9730;325;10734;10812;6.73;0.41;272.06;11.04;1004;76;3701.00;78
9730;75;626944230;9730;328;10737;10812;6.67;0.40;272.06;11.06;1007;76;3702.00;75
9733;75;626944243;9733;326;10742;10816;6.61;0.40;272.00;11.06;1009;76;3703.00;74
9733;75;626944261;9733;335;10742;10816;6.59;0.40;272.00;11.06;1009;76;3704.00;74
9737;75;626944278;9737;341;10743;10816;6.50;0.40;271.93;11.07;1006;76;3705.00;73
9740;75;626944290;9740;345;10744;10816;6.44;0.39;271.90;11.08;1004;76;3706.00;72
9744;75;626944302;9744;353;10746;10816;6.35;0.39;271.84;11.10;1002;76;3707.00;70
9745;75;626944314;9745;352;10756;10828;6.37;0.39;271.81;11.10;1011;76;3708.00;72
9747;75;626944327;9747;351;10758;10828;6.33;0.39;271.78;11.11;1011;76;3709.00;70
9749;76;626944339;9749;352;10759;10828;6.30;0.38;271.76;11.11;1010;77;3710.00;69
9750;76;626944367;9750;358;10761;10828;6.21;0.38;271.75;11.13;1011;77;3711.00;67
9751;76;626944378;9751;358;10761;10828;6.10;0.37;271.74;11.13;1010;77;3712.00;67
9752;76;626944389;9752;361;10764;10828;6.01;0.37;271.73;11.15;1012;77;3713.00;64
9753;76;626944401;9753;367;10766;10829;5.93;0.36;271.76;11.17;1013;77;3714.00;63
9754;76;626944412;9754;360;10768;10829;5.94;0.36;271.76;11.19;1014;77;3715.00;61
9758;76;626944424;9758;354;10773;10835;6.01;0.37;271.87;11.19;1015;77;3716.00;62
9758;76;626944442;9758;350;10775;10836;6.04;0.37;271.87;11.19;1017;77;3717.00;61
9760;76;626944453;9760;355;10778;10836;6.04;0.37;271.86;11.21;1018;77;3718.00;58
9761;76;626944465;9761;346;10779;10836;6.08;0.37;271.85;11.21;1018;77;3719.00;57
9761;76;626944480;9761;334;10785;10841;6.18;0.38;271.85;11.23;1024;77;3720.00;56
9762;76;626944492;9762;326;10786;10841;6.19;0.38;271.82;11.23;1024;77;3721.00;55
9762;76;626944509;9762;317;10787;10841;6.25;0.38;271.82;11.24;1025;77;3722.00;54
9764;76;626944521;9764;311;10790;10842;6.28;0.38;271.84;11.25;1026;77;3723.00;52
9765;76;626944533;9765;303;10795;10846;6.36;0.39;271.82;11.26;1030;77;3724.00;51
9765;76;626944552;9765;296;10795;10846;6.43;0.39;271.82;11.26;1030;77;3725.00;51
9765;76;626944564;9765;288;10798;10849;6.54;0.40;271.82;11.26;1033;77;3726.00;51
9766;76;626944575;9766;289;10800;10849;6.66;0.41;271.81;11.26;1034;77;3727.00;49
9767;76;626944587;9767;290;10801;10849;6.74;0.41;271.79;11.27;1034;77;3728.00;48
9770;76;626944605;9770;290;10802;10849;6.78;0.41;271.74;11.27;1032;77;3729.00;47
9771;76;626944617;9771;297;10806;10853;6.82;0.42;271.72;11.27;1035;77;3730.00;47
9774;76;626944629;9774;303;10807;10853;6.75;0.41;271.70;11.27;1033;77;3731.00;46
9776;76;626944641;9776;301;10808;10853;6.65;0.41;271.74;11.28;1032;77;3732.00;45
9778;76;626944653;9778;309;10808;10853;6.54;0.40;271.73;11.28;1030;77;3733.00;45
9782;76;626944670;9782;310;10809;10854;6.38;0.39;271.75;11.29;1027;77;3734.00;45
9784;76;626944681;9784;314;10811;10856;6.24;0.38;271.79;11.29;1027;77;3735.00;45
9785;76;626944693;9785;315;10811;10856;6.17;0.38;271.79;11.29;1026;77;3736.00;45
9792;76;626944705;9792;320;10813;10857;6.05;0.37;271.89;11.29;1021;77;3737.00;44
9797;76;626944716;9797;325;10813;10857;5.98;0.36;271.93;11.29;1016;77;3738.00;44
9799;76;626944727;9799;330;10814;10857;5.94;0.36;271.96;11.30;1015;77;3739.00;43
9803;76;626944738;9803;320;10816;10857;5.86;0.36;272.03;11.31;1013;77;3740.00;41
9808;76;626944749;9808;317;10817;10857;5.84;0.36;272.07;11.32;1009;77;3741.00;40
9811;76;626944760;9811;313;10819;10857;5.85;0.36;272.08;11.33;1008;77;3742.00;38
9814;76;626944771;9814;315;10820;10857;5.88;0.36;272.16;11.33;1006;77;3743.00;37
9819;76;626944782;9819;332;10887;10984;6.23;0.39;272.24;11.26;1068;77;3744.00;97
9822;76;626944804;9822;322;10892;10985;6.23;0.38;272.23;11.26;1070;77;3745.00;93
9824;76;626944819;9824;323;10900;10985;6.28;0.39;272.29;11.26;1076;77;3746.00;85
9827;76;626944831;9827;321;10905;10985;6.31;0.39;272.34;11.25;1078;77;3747.00;80
9831;76;626944843;9831;315;10909;10985;6.42;0.40;272.40;11.25;1078;77;3748.00;76
9833;76;626944856;9833;319;10913;10985;6.51;0.40;272.40;11.25;1080;77;3749.00;72
9837;76;626944869;9837;316;10918;10990;6.60;0.41;272.51;11.25;1081;77;3750.00;72
9842;76;626944882;9842;314;10920;10990;6.66;0.41;272.54;11.25;1078;77;3751.00;70
9846;76;626944895;9846;313;10925;10991;6.77;0.42;272.59;11.25;1079;77;3752.00;66
9847;76;626944908;9847;318;10930;10992;6.84;0.42;272.61;11.25;1083;77;3753.00;62
9853;76;626944921;9853;320;10933;10992;6.84;0.42;272.65;11.25;1080;77;3754.00;59
9856;76;626944934;9856;317;10936;10993;6.83;0.42;272.68;11.25;1080;77;3755.00;57
9858;76;626944948;9858;317;10938;10993;6.90;0.42;272.65;11.25;1080;77;3756.00;55
9864;76;626944961;9864;323;10939;10993;6.95;0.43;272.68;11.25;1075;77;3757.00;54
9865;76;626944981;9865;323;10942;10993;7.00;0.43;272.70;11.25;1077;77;3758.00;51
9868;76;626944994;9868;318;10945;10997;7.01;0.43;272.77;11.24;1077;77;3759.00;52
9873;76;626945008;9873;321;10947;10997;7.00;0.43;272.82;11.25;1074;77;3760.00;50
9874;76;626945022;9874;317;10948;10997;7.05;0.43;272.84;11.25;1074;77;3761.00;49
9878;76;626945035;9878;317;10950;11000;7.06;0.43;272.83;11.24;1072;77;3762.00;50
9884;76;626945049;9884;315;10952;11000;7.04;0.43;273.01;11.24;1068;77;3763.00;48
9888;76;626945064;9888;303;10952;11000;7.03;0.43;273.08;11.24;1064;77;3764.00;48
9891;76;626945078;9891;299;10955;11004;7.08;0.43;273.11;11.24;1064;77;3765.00;49
9898;76;626945092;9898;301;10956;11005;7.12;0.44;273.19;11.24;1058;77;3766.00;49
9904;76;626945107;9904;302;10956;11005;7.13;0.44;273.20;11.24;1052;77;3767.00;49
9909;76;626945121;9909;302;10960;11009;7.18;0.44;273.18;11.24;1051;77;3768.00;49
9916;76;626945135;9916;298;10960;11009;7.18;0.44;273.17;11.24;1044;77;3769.00;49
9919;76;626945149;9919;301;10960;11009;7.21;0.44;273.18;11.24;1041;77;3770.00;49
9925;76;626945163;9925;304;10963;11010;7.18;0.44;273.19;11.24;1038;77;3771.00;47
9930;76;626945177;9930;304;10963;11010;7.16;0.43;273.23;11.24;1033;77;3772.00;47
9934;76;626945191;9934;307;10967;11016;7.17;0.44;273.31;11.23;1033;77;3773.00;49
9936;76;626945214;9936;314;10968;11016;7.16;0.44;273.33;11.23;1032;77;3774.00;48
9940;76;626945239;9940;312;10968;11017;7.19;0.44;273.37;11.23;1028;77;3775.00;49
9947;76;626945263;9947;318;10969;11017;7.16;0.43;273.38;11.23;1022;77;3776.00;48
9951;76;626945285;9951;323;10969;11017;7.17;0.43;273.40;11.23;1018;77;3777.00;48
9953;76;626945307;9953;317;10969;11017;7.17;0.43;273.43;11.23;1016;77;3778.00;48
9955;76;626945323;9955;322;10969;11017;7.17;0.44;273.49;11.23;1014;77;3779.00;48
9958;76;626945339;9958;324;10996;11053;7.20;0.44;273.52;11.21;1038;77;3780.00;57
9961;76;626945356;9961;327;10998;11053;7.17;0.44;273.54;11.20;1037;77;3781.00;55
9966;76;626945371;9966;325;10998;11053;7.09;0.43;273.66;11.20;1032;77;3782.00;55
9969;76;626945387;9969;333;10998;11053;7.09;0.43;273.67;11.20;1029;77;3783.00;55
9973;76;626945401;9973;334;10999;11053;7.05;0.43;273.71;11.20;1026;77;3784.00;54
9975;76;626945416;9975;335;10999;11053;6.99;0.43;273.76;11.20;1024;77;3785.00;54
9978;76;626945435;9978;342;11002;11057;6.98;0.43;273.91;11.20;1024;77;3786.00;55
9981;76;626945449;9981;325;11002;11057;6.98;0.43;273.98;11.20;1021;77;3787.00;55
9986;76;626945470;9986;322;11005;11061;6.95;0.42;274.06;11.25;1019;77;3788.00;56
9990;76;626945485;9990;317;11007;11062;6.94;0.42;274.11;11.25;1017;77;3789.00;55
9995;76;626945505;9995;322;11007;11062;6.92;0.42;274.14;11.25;1012;77;3790.00;55
9997;76;626945519;9997;324;11009;11062;6.95;0.43;274.18;11.24;1012;77;3791.00;53
10002;76;626945533;10002;320;11018;11075;6.93;0.42;274.17;11.24;1016;77;3792.00;57
10005;76;626945554;10005;318;11020;11075;7.01;0.43;274.17;11.23;1015;77;3793.00;55
10007;76;626945568;10007;323;11020;11075;7.05;0.43;274.21;11.23;1013;77;3794.00;55
10009;76;626945581;10009;322;11021;11076;7.06;0.43;274.24;11.23;1012;77;3795.00;55
10013;76;626945595;10013;314;11021;11077;7.11;0.44;274.29;11.23;1008;77;3796.00;56
10017;76;626945609;10017;299;11021;11077;7.16;0.44;274.34;11.23;1004;77;3797.00;56
10020;76;626945624;10020;287;11024;11080;7.25;0.44;274.38;11.23;1004;77;3798.00;56
10023;76;626945638;10023;280;11024;11080;7.33;0.45;274.38;11.23;1001;77;3799.00;56
10025;76;626945653;10025;271;11024;11080;7.40;0.45;274.39;11.23;999;77;3800.00;56
10030;76;626945672;10030;267;11024;11080;7.48;0.46;274.42;11.23;994;77;3801.00;56
10032;76;626945687;10032;262;11028;11086;7.47;0.46;274.42;11.23;996;77;3802.00;58
10038;76;626945707;10038;257;11028;11086;7.51;0.46;274.42;11.23;990;77;3803.00;58
10042;76;626945722;10042;259;11029;11086;7.59;0.46;274.49;11.22;987;77;3804.00;57
10043;76;626945737;10043;263;11029;11086;7.62;0.47;274.48;11.22;986;77;3805.00;57
10047;76;626945750;10047;262;11032;11090;7.58;0.46;274.48;11.22;985;77;3806.00;58
10050;76;626945764;10050;259;11033;11091;7.61;0.46;274.59;11.22;983;77;3807.00;58
10053;76;626945779;10053;254;11033;11091;7.60;0.46;274.63;11.22;980;77;3808.00;58
10059;76;626945793;10059;244;11034;11092;7.61;0.46;274.65;11.22;975;77;3809.00;58
10066;76;626945808;10066;229;11034;11092;7.59;0.46;274.62;11.22;968;77;3810.00;58
10069;76;626945822;10069;227;11034;11092;7.59;0.46;274.63;11.22;965;77;3811.00;58
10070;76;626945840;10070;216;11034;11092;7.64;0.46;274.61;11.22;964;77;3812.00;58
10074;76;626945854;10074;209;11034;11092;7.65;0.46;274.61;11.22;960;77;3813.00;58
10074;76;626945867;10074;218;11034;11092;7.70;0.47;274.61;11.22;960;77;3814.00;58
10076;76;626945879;10076;215;11034;11092;7.73;0.47;274.65;11.22;958;77;3815.00;58
10077;76;626945892;10077;236;11073;11162;7.71;0.47;274.63;11.18;996;77;3816.00;89
10079;76;626945910;10079;231;11075;11163;7.74;0.47;274.64;11.18;996;77;3817.00;88
10083;76;626945923;10083;233;11081;11163;7.73;0.47;274.66;11.17;998;77;3818.00;82
10086;76;626945937;10086;231;11085;11163;7.73;0.47;274.68;11.22;999;77;3819.00;78
10092;76;626945949;10092;233;11092;11163;7.75;0.47;274.78;11.22;1000;77;3820.00;71
10096;76;626945963;10096;238;11095;11163;7.72;0.47;274.80;11.22;999;77;3821.00;68
10101;76;626945976;10101;246;11097;11163;7.70;0.47;274.82;11.22;996;77;3822.00;66
10102;76;626945989;10102;251;11097;11163;7.69;0.47;274.80;11.22;995;77;3823.00;66
10106;76;626946001;10106;253;11099;11164;7.60;0.46;274.87;11.21;993;77;3824.00;65
10109;76;626946014;10109;260;11101;11166;7.54;0.46;274.88;11.21;992;77;3825.00;65
10110;76;626946027;10110;267;11102;11166;7.45;0.45;274.88;11.21;992;77;3826.00;64
10112;76;626946040;10112;267;11105;11170;7.35;0.45;274.88;11.21;993;77;3827.00;65
10113;76;626946053;10113;277;11105;11170;7.27;0.44;274.86;11.21;992;77;3828.00;65
10116;76;626946066;10116;286;11105;11170;7.18;0.44;274.91;11.21;989;77;3829.00;65
10117;76;626946078;10117;279;11105;11170;7.10;0.43;274.90;11.21;988;77;3830.00;65
10119;76;626946091;10119;283;11108;11176;7.07;0.43;274.89;11.21;989;77;3831.00;68
10120;76;626946105;10120;278;11109;11176;7.04;0.43;274.88;11.21;989;77;3832.00;67
10122;76;626946117;10122;286;11109;11176;7.05;0.43;274.95;11.21;987;77;3833.00;67
10124;76;626946130;10124;281;11112;11179;7.00;0.43;274.95;11.20;988;77;3834.00;67
10124;76;626946143;10124;282;11112;11179;6.97;0.43;274.95;11.20;988;77;3835.00;67
10127;76;626946154;10127;279;11112;11179;6.91;0.42;274.91;11.20;985;77;3836.00;67
10131;76;626946168;10131;283;11112;11180;6.85;0.42;274.90;11.20;981;77;3837.00;68
10133;76;626946180;10133;284;11113;11181;6.74;0.41;274.87;11.20;980;77;3838.00;68
10137;76;626946196;10137;279;11113;11181;6.64;0.40;274.84;11.20;976;77;3839.00;68
10143;76;626946215;10143;282;11128;11207;6.53;0.40;274.81;11.19;985;77;3840.00;79
10146;76;626946229;10146;281;11129;11207;6.47;0.39;274.79;11.19;983;77;3841.00;78
10149;76;626946241;10149;270;11131;11207;6.44;0.39;274.80;11.18;982;77;3842.00;76
10154;76;626946253;10154;269;11134;11208;6.37;0.39;274.75;11.23;980;77;3843.00;74
10154;76;626946265;10154;266;11134;11208;6.36;0.39;274.75;11.23;980;77;3844.00;74
10157;76;626946276;10157;261;11137;11212;6.33;0.39;274.71;11.24;980;77;3845.00;75
10160;76;626946288;10160;259;11139;11214;6.33;0.39;274.66;11.24;979;77;3846.00;75
10162;76;626946300;10162;255;11143;11218;6.34;0.39;274.65;11.24;981;77;3847.00;75
10166;76;626946311;10166;248;11143;11218;6.33;0.39;274.60;11.24;977;77;3848.00;75
10170;76;626946323;10170;242;11144;11218;6.30;0.38;274.62;11.24;974;77;3849.00;74
10176;76;626946334;10176;245;11144;11218;6.24;0.38;274.55;11.24;968;77;3850.00;74
10177;76;626946346;10177;231;11145;11218;6.25;0.38;274.55;11.25;968;77;3851.00;73
10180;76;626946356;10180;227;11156;11230;6.31;0.38;274.51;11.24;976;77;3852.00;74
10181;76;626946368;10181;225;11156;11230;6.30;0.38;274.50;11.24;975;77;3853.00;74
10185;76;626946379;10185;222;11156;11230;6.31;0.38;274.48;11.24;971;77;3854.00;74
10188;76;626946391;10188;228;11156;11230;6.32;0.38;274.47;11.24;968;77;3855.00;74
10191;76;626946402;10191;228;11156;11230;6.29;0.38;274.51;11.24;965;77;3856.00;74
10192;76;626946413;10192;235;11158;11230;6.31;0.38;274.50;11.24;966;77;3857.00;72
10194;76;626946424;10194;246;11160;11231;6.28;0.38;274.49;11.29;966;77;3858.00;71
10195;76;626946435;10195;246;11160;11231;6.25;0.38;274.49;11.29;965;77;3859.00;71
10196;76;626946446;10196;250;11165;11237;6.26;0.38;274.50;11.30;969;77;3860.00;72
10197;76;626946457;10197;247;11167;11238;6.25;0.38;274.49;11.29;970;77;3861.00;71
10198;76;626946469;10198;248;11168;11238;6.24;0.38;274.48;11.29;970;77;3862.00;70
10199;76;626946480;10199;260;11169;11238;6.17;0.37;274.48;11.29;970;77;3863.00;69
10201;76;626946491;10201;271;11171;11242;6.15;0.37;274.45;11.29;970;77;3864.00;71
10201;76;626946502;10201;283;11171;11242;6.13;0.37;274.45;11.29;970;77;3865.00;71
10202;76;626946513;10202;294;11173;11242;6.09;0.37;274.43;11.30;971;77;3866.00;69
10204;76;626946524;10204;277;11174;11243;6.08;0.37;274.43;11.30;970;77;3867.00;69
10204;76;626946535;10204;274;11177;11247;6.14;0.37;274.43;11.30;973;77;3868.00;70
10206;76;626946547;10206;265;11177;11247;6.18;0.37;274.40;11.30;971;77;3869.00;70
10208;76;626946560;10208;262;11182;11253;6.23;0.38;274.38;11.30;974;77;3870.00;71
10208;76;626946572;10208;256;11184;11253;6.30;0.38;274.38;11.31;976;77;3871.00;69
10209;76;626946584;10209;249;11185;11253;6.38;0.39;274.44;11.31;976;77;3872.00;68
10209;76;626946596;10209;246;11187;11253;6.47;0.39;274.44;11.33;978;77;3873.00;66
10210;76;626946608;10210;242;11190;11257;6.61;0.40;274.44;11.33;980;77;3874.00;67
10212;76;626946620;10212;245;11191;11257;6.72;0.41;274.42;11.34;979;77;3875.00;66
10212;76;626946633;10212;243;11193;11257;6.81;0.41;274.42;11.34;981;77;3876.00;64
10213;76;626946652;10213;238;11194;11257;6.82;0.41;274.40;11.35;981;77;3877.00;63
10215;76;626946669;10215;239;11196;11258;6.83;0.41;274.40;11.36;981;77;3878.00;62
10219;76;626946683;10219;240;11198;11259;6.87;0.41;274.47;11.37;979;77;3879.00;61
10220;76;626946696;10220;245;11200;11259;6.83;0.41;274.49;11.38;980;77;3880.00;59
10220;76;626946713;10220;248;11201;11260;6.82;0.41;274.49;11.38;981;77;3881.00;59
10221;76;626946725;10221;250;11203;11260;6.80;0.41;274.49;11.40;982;77;3882.00;57
10221;76;626946737;10221;252;11203;11260;6.84;0.42;274.49;11.40;982;77;3883.00;57
10223;76;626946749;10223;252;11204;11260;6.82;0.41;274.47;11.40;981;77;3884.00;56
10224;76;626946761;10224;261;11205;11260;6.75;0.41;274.46;11.41;981;77;3885.00;55
10224;76;626946772;10224;266;11205;11260;6.73;0.41;274.46;11.41;981;77;3886.00;55
10225;76;626946784;10225;271;11206;11260;6.71;0.41;274.47;11.42;981;77;3887.00;54
10226;76;626946794;10226;293;11273;11387;6.88;0.43;274.47;11.38;1047;77;3888.00;114
10226;76;626946816;10226;283;11278;11388;6.84;0.42;274.47;11.38;1052;77;3889.00;110
10226;76;626946828;10226;275;11287;11388;6.91;0.43;274.47;11.38;1061;77;3890.00;101
10228;76;626946840;10228;269;11292;11388;6.95;0.43;274.50;11.38;1064;77;3891.00;96
10229;76;626946852;10229;266;11298;11388;6.96;0.43;274.49;11.38;1069;77;3892.00;90
10231;76;626946864;10231;257;11304;11388;6.97;0.43;274.51;11.40;1073;77;3893.00;84
10233;76;626946876;10233;260;11309;11388;6.99;0.43;274.53;11.39;1076;77;3894.00;79
10235;76;626946888;10235;266;11313;11388;7.00;0.43;274.50;11.41;1078;77;3895.00;75
10236;76;626946906;10236;263;11317;11389;7.03;0.43;274.48;11.41;1081;77;3896.00;72
10240;76;626946919;10240;260;11321;11390;7.08;0.43;274.47;11.41;1081;77;3897.00;69
10243;76;626946932;10243;272;11327;11390;7.09;0.43;274.54;11.42;1084;77;3898.00;63
10246;76;626946945;10246;283;11328;11391;7.08;0.43;274.56;11.42;1082;77;3899.00;63
10247;76;626946965;10247;292;11335;11406;7.02;0.43;274.55;11.43;1088;77;3900.00;71
10250;76;626946984;10250;291;11336;11406;6.95;0.43;274.61;11.43;1086;77;3901.00;70
10253;76;626946997;10253;296;11340;11406;6.87;0.42;274.73;11.44;1087;77;3902.00;66
10255;76;626947009;10255;305;11343;11410;6.80;0.42;274.78;11.45;1088;77;3903.00;67
10262;76;626947022;10262;312;11345;11410;6.67;0.41;274.83;11.45;1083;77;3904.00;65
10265;76;626947035;10265;311;11348;11410;6.62;0.41;274.85;11.45;1083;77;3905.00;62
10267;76;626947047;10267;313;11350;11413;6.56;0.40;274.87;11.45;1083;77;3906.00;63
10272;76;626947060;10272;316;11353;11413;6.48;0.40;274.96;11.46;1081;77;3907.00;60
10275;76;626947073;10275;332;11355;11413;6.44;0.40;274.99;11.46;1080;77;3908.00;58
10278;76;626947085;10278;333;11360;11417;6.35;0.39;275.00;11.46;1082;77;3909.00;57
10284;76;626947097;10284;322;11361;11418;6.27;0.39;275.02;11.46;1077;77;3910.00;57
10289;76;626947111;10289;315;11362;11418;6.20;0.38;275.00;11.46;1073;77;3911.00;56
10292;76;626947124;10292;309;11367;11422;6.20;0.38;275.02;11.46;1075;77;3912.00;55
10296;76;626947142;10296;313;11368;11422;6.20;0.38;275.07;11.46;1072;77;3913.00;54
10298;76;626947155;10298;313;11370;11422;6.18;0.38;275.08;11.47;1072;77;3914.00;52
10302;76;626947168;10302;314;11372;11424;6.18;0.38;275.09;11.46;1070;77;3915.00;52
10306;76;626947182;10306;320;11372;11424;6.18;0.38;275.11;11.46;1066;77;3916.00;52
10311;76;626947195;10311;310;11376;11430;6.18;0.38;275.09;11.46;1065;77;3917.00;54
10314;76;626947216;10314;311;11376;11430;6.19;0.38;275.10;11.46;1062;77;3918.00;54
10316;76;626947241;10316;309;11377;11431;6.26;0.39;275.12;11.46;1061;77;3919.00;54
10318;76;626947263;10318;302;11377;11431;6.33;0.39;275.13;11.46;1059;77;3920.00;54
10325;76;626947284;10325;299;11378;11431;6.32;0.39;275.21;11.51;1053;77;3921.00;53
10329;76;626947305;10329;296;11378;11431;6.35;0.39;275.25;11.51;1049;77;3922.00;53
10332;76;626947321;10332;295;11379;11431;6.42;0.39;275.32;11.51;1047;77;3923.00;52
10335;76;626947335;10335;289;11387;11443;6.61;0.41;275.34;11.50;1052;77;3924.00;56
10342;76;626947350;10342;288;11388;11443;6.65;0.41;275.40;11.51;1046;77;3925.00;55
10343;76;626947365;10343;288;11389;11443;6.79;0.42;275.46;11.50;1046;77;3926.00;54
10350;76;626947379;10350;290;11389;11443;6.82;0.42;275.46;11.50;1039;77;3927.00;54
10355;76;626947395;10355;290;11391;11443;6.87;0.42;275.49;11.51;1036;77;3928.00;52
10357;76;626947410;10357;290;11391;11443;6.96;0.43;275.54;11.51;1034;77;3929.00;52
10366;76;626947425;10366;292;11395;11447;6.96;0.43;275.57;11.50;1029;77;3930.00;52
10369;76;626947441;10369;289;11395;11447;6.97;0.43;275.56;11.50;1026;77;3931.00;52
10372;76;626947455;10372;289;11397;11451;7.06;0.43;275.65;11.50;1025;77;3932.00;54
10376;76;626947470;10376;286;11400;11452;7.11;0.44;275.73;11.50;1024;77;3933.00;52
10381;76;626947485;10381;282;11400;11452;7.10;0.43;275.72;11.50;1019;77;3934.00;52
10386;76;626947499;10386;286;11401;11452;7.08;0.43;275.76;11.51;1015;77;3935.00;51
10392;76;626947513;10392;280;11412;11465;7.10;0.43;275.80;11.50;1020;77;3936.00;53
10394;76;626947529;10394;284;11412;11465;7.11;0.44;275.81;11.50;1018;77;3937.00;53
10398;76;626947544;10398;283;11413;11465;7.08;0.43;275.85;11.50;1015;77;3938.00;52
10405;76;626947559;10405;281;11414;11466;7.05;0.43;275.93;11.50;1009;77;3939.00;52
10407;76;626947573;10407;279;11415;11467;7.10;0.43;275.94;11.50;1008;77;3940.00;52
10413;76;626947587;10413;282;11416;11467;7.12;0.43;276.00;11.50;1003;77;3941.00;51
10418;76;626947603;10418;282;11418;11470;7.17;0.44;276.02;11.50;1000;77;3942.00;52
10424;76;626947617;10424;282;11418;11470;7.15;0.44;276.12;11.50;994;77;3943.00;52
10428;76;626947631;10428;280;11420;11470;7.16;0.44;276.17;11.55;992;77;3944.00;50
10429;76;626947645;10429;281;11421;11470;7.17;0.44;276.20;11.55;992;77;3945.00;49
10434;76;626947659;10434;283;11426;11476;7.21;0.44;276.25;11.54;992;77;3946.00;50
10439;76;626947674;10439;285;11426;11476;7.23;0.44;276.29;11.54;987;77;3947.00;50
10442;76;626947688;10442;297;11427;11476;7.22;0.44;276.39;11.54;985;77;3948.00;49
10446;76;626947701;10446;295;11427;11476;7.22;0.44;276.43;11.54;981;77;3949.00;49
10452;76;626947715;10452;292;11430;11480;7.23;0.44;276.64;11.54;978;77;3950.00;50
10455;76;626947730;10455;294;11431;11481;7.24;0.44;276.73;11.54;976;77;3951.00;50
10461;76;626947745;10461;288;11431;11481;7.21;0.44;276.77;11.54;970;77;3952.00;50
10463;76;626947759;10463;294;11432;11482;7.17;0.44;276.79;11.54;969;77;3953.00;50
10467;76;626947773;10467;300;11432;11482;7.11;0.43;276.85;11.54;965;77;3954.00;50
10470;76;626947787;10470;308;11432;11482;7.06;0.43;276.85;11.54;962;77;3955.00;50
10478;76;626947805;10478;311;11432;11482;6.99;0.43;276.89;11.54;954;77;3956.00;50
10484;76;626947820;10484;311;11432;11482;6.86;0.42;276.94;11.54;948;77;3957.00;50
10486;76;626947833;10486;303;11432;11482;6.77;0.41;276.95;11.54;946;77;3958.00;50
10491;76;626947847;10491;302;11432;11482;6.73;0.41;276.99;11.54;941;77;3959.00;50
10497;76;626947865;10497;331;11502;11607;6.73;0.41;277.00;11.47;1005;77;3960.00;105
10499;76;626947888;10499;322;11504;11608;6.74;0.42;277.02;11.46;1005;77;3961.00;104
10501;76;626947902;10501;318;11510;11608;6.85;0.42;277.06;11.46;1009;77;3962.00;98
10504;76;626947917;10504;315;11512;11608;6.91;0.43;277.04;11.46;1008;77;3963.00;96
10507;76;626947931;10507;317;11516;11608;6.99;0.43;277.08;11.45;1009;77;3964.00;92
10516;76;626947951;10516;320;11519;11608;7.03;0.43;277.20;11.45;1003;77;3965.00;89
10517;76;626947965;10517;308;11523;11608;7.11;0.44;277.23;11.45;1006;77;3966.00;85
10520;76;626947980;10520;295;11525;11608;7.16;0.44;277.23;11.45;1005;77;3967.00;83
10523;76;626948000;10523;288;11531;11609;7.25;0.45;277.27;11.45;1008;77;3968.00;78
10526;76;626948015;10526;272;11533;11610;7.32;0.45;277.29;11.45;1007;77;3969.00;77
10529;76;626948036;10529;271;11534;11610;7.34;0.45;277.31;11.45;1005;77;3970.00;76
10531;76;626948056;10531;264;11538;11614;7.30;0.45;277.39;11.44;1007;77;3971.00;76
10533;76;626948071;10533;253;11539;11614;7.25;0.45;277.43;11.44;1006;77;3972.00;75
10536;76;626948085;10536;254;11539;11614;7.23;0.44;277.40;11.44;1003;77;3973.00;75
10542;76;626948099;10542;263;11540;11614;7.26;0.44;277.51;11.44;998;77;3974.00;74
10544;76;626948113;10544;263;11544;11620;7.29;0.45;277.55;11.44;1000;77;3975.00;76
10547;76;626948128;10547;261;11545;11620;7.32;0.45;277.56;11.44;998;77;3976.00;75
10551;76;626948149;10551;257;11545;11620;7.33;0.45;277.66;11.44;994;77;3977.00;75
10553;76;626948170;10553;260;11549;11623;7.37;0.45;277.77;11.44;996;77;3978.00;74
10555;76;626948191;10555;248;11549;11623;7.35;0.45;277.80;11.44;994;77;3979.00;74
10557;76;626948206;10557;246;11549;11623;7.37;0.45;277.80;11.44;992;77;3980.00;74
10561;76;626948227;10561;245;11550;11624;7.40;0.45;277.81;11.44;989;77;3981.00;74
10564;76;626948240;10564;241;11551;11625;7.43;0.45;277.82;11.44;987;77;3982.00;74
10570;76;626948255;10570;242;11551;11625;7.43;0.45;277.87;11.44;981;77;3983.00;74
10571;76;626948268;10571;248;11560;11638;7.51;0.46;277.91;11.43;989;77;3984.00;78
10573;76;626948282;10573;246;11560;11638;7.53;0.46;277.90;11.43;987;77;3985.00;78
10576;76;626948295;10576;245;11561;11638;7.51;0.46;277.90;11.43;985;77;3986.00;77
10576;76;626948307;10576;244;11563;11639;7.48;0.46;277.90;11.48;987;77;3987.00;76
10578;76;626948321;10578;250;11563;11639;7.42;0.45;277.87;11.48;985;77;3988.00;76
10581;76;626948333;10581;255;11567;11643;7.33;0.45;277.83;11.47;986;77;3989.00;76
10582;76;626948353;10582;251;11567;11643;7.26;0.44;277.83;11.47;985;77;3990.00;76
10584;76;626948366;10584;249;11570;11647;7.20;0.44;277.81;11.47;986;77;3991.00;77
10586;76;626948379;10586;251;11570;11647;7.14;0.44;277.80;11.47;984;77;3992.00;77
10589;76;626948395;10589;257;11570;11647;7.08;0.43;277.83;11.47;981;77;3993.00;77
10592;76;626948410;10592;263;11570;11647;7.00;0.43;277.82;11.47;978;77;3994.00;77
10595;76;626948422;10595;272;11570;11647;6.87;0.42;277.80;11.47;975;77;3995.00;77
10596;76;626948434;10596;270;11579;11659;6.87;0.42;277.80;11.46;983;77;3996.00;80
10599;76;626948447;10599;278;11580;11659;6.83;0.42;277.75;11.46;981;77;3997.00;79
10599;76;626948459;10599;285;11581;11659;6.78;0.42;277.75;11.46;982;77;3998.00;78
10601;76;626948471;10601;290;11581;11659;6.68;0.41;277.72;11.46;980;77;3999.00;78
10602;76;626948483;10602;284;11581;11659;6.66;0.41;277.71;11.46;979;77;4000.00;78
10604;76;626948498;10604;283;11581;11659;6.61;0.41;277.71;11.46;977;77;4001.00;78
10605;76;626948510;10605;282;11582;11660;6.56;0.40;277.69;11.51;977;77;4002.00;78
10607;76;626948521;10607;284;11582;11660;6.51;0.40;277.69;11.51;975;77;4003.00;78
10611;76;626948535;10611;275;11586;11666;6.46;0.40;277.66;11.51;975;77;4004.00;80
10611;76;626948547;10611;282;11589;11668;6.45;0.40;277.66;11.50;978;77;4005.00;79
10613;76;626948559;10613;281;11589;11668;6.49;0.40;277.66;11.50;976;77;4006.00;79
10614;76;626948570;10614;286;11589;11668;6.50;0.40;277.65;11.50;975;77;4007.00;79
10614;76;626948582;10614;285;11592;11672;6.51;0.40;277.65;11.50;978;77;4008.00;80
10618;76;626948593;10618;285;11593;11672;6.42;0.39;277.64;11.55;975;77;4009.00;79
10623;76;626948604;10623;273;11594;11672;6.31;0.39;277.63;11.60;971;77;4010.00;78
10626;76;626948616;10626;275;11595;11673;6.20;0.38;277.63;11.60;969;77;4011.00;78
10630;76;626948626;10630;277;11598;11677;6.12;0.37;277.69;11.59;968;77;4012.00;79
10632;76;626948637;10632;270;11599;11677;6.03;0.37;277.70;11.64;967;77;4013.00;78
10634;76;626948649;10634;265;11601;11680;6.04;0.37;277.67;11.64;967;77;4014.00;79
10637;76;626948660;10637;266;11604;11680;6.03;0.37;277.65;11.66;967;77;4015.00;76
10641;76;626948672;10641;258;11605;11680;5.98;0.37;277.64;11.70;964;77;4016.00;75
10642;76;626948682;10642;263;11605;11680;6.02;0.37;277.62;11.70;963;77;4017.00;75
10645;76;626948693;10645;267;11609;11684;6.01;0.37;277.60;11.73;964;77;4018.00;75
10648;76;626948704;10648;248;11609;11684;5.98;0.37;277.58;11.73;961;77;4019.00;75
10648;76;626948717;10648;242;11610;11684;6.04;0.37;277.58;11.73;962;77;4020.00;74
10649;76;626948728;10649;224;11611;11684;6.14;0.37;277.56;11.76;962;77;4021.00;73
10653;76;626948738;10653;217;11611;11685;6.22;0.38;277.52;11.76;958;77;4022.00;74
10654;76;626948749;10654;209;11612;11686;6.31;0.38;277.53;11.76;958;77;4023.00;74
10657;76;626948760;10657;205;11613;11686;6.40;0.39;277.54;11.80;956;77;4024.00;73
10660;76;626948771;10660;201;11614;11687;6.48;0.39;277.53;11.80;954;77;4025.00;73
10661;76;626948787;10661;196;11615;11687;6.55;0.40;277.51;11.83;954;77;4026.00;72
10662;76;626948800;10662;194;11616;11687;6.59;0.40;277.49;11.84;954;77;4027.00;71
10665;76;626948815;10665;196;11616;11687;6.65;0.40;277.46;11.84;951;77;4028.00;71
10665;76;626948833;10665;194;11617;11687;6.69;0.41;277.46;11.87;952;77;4029.00;70
10665;76;626948844;10665;195;11617;11687;6.74;0.41;277.46;11.87;952;77;4030.00;70
10665;76;626948861;10665;190;11618;11687;6.76;0.41;277.46;11.91;953;77;4031.00;69
10665;76;626948872;10665;213;11684;11814;6.99;0.43;277.46;11.84;1019;77;4032.00;130
10667;76;626948894;10667;213;11687;11815;7.00;0.43;277.53;11.84;1020;77;4033.00;128
10668;76;626948908;10668;206;11696;11815;7.11;0.44;277.54;11.83;1028;77;4034.00;119
10670;76;626948920;10670;209;11699;11815;7.22;0.44;277.51;11.83;1029;77;4035.00;116
10671;76;626948932;10671;204;11705;11815;7.34;0.45;277.52;11.83;1034;77;4036.00;110
10671;76;626948945;10671;209;11710;11815;7.43;0.46;277.52;11.82;1039;77;4037.00;105
10672;76;626948957;10672;209;11715;11815;7.48;0.46;277.50;11.82;1043;77;4038.00;100
10673;76;626948970;10673;212;11717;11815;7.52;0.46;277.54;11.82;1044;77;4039.00;98
10676;76;626948982;10676;218;11720;11816;7.51;0.46;277.60;11.82;1044;77;4040.00;96
10678;76;626948995;10678;224;11725;11817;7.49;0.46;277.57;11.84;1047;77;4041.00;92
10681;76;626949008;10681;226;11729;11817;7.53;0.46;277.68;11.84;1048;77;4042.00;88
10685;76;626949021;10685;231;11730;11818;7.56;0.46;277.69;11.84;1045;77;4043.00;88
10686;76;626949034;10686;230;11734;11818;7.60;0.46;277.75;11.86;1048;77;4044.00;84
10688;76;626949046;10688;234;11735;11818;7.58;0.46;277.73;11.86;1047;77;4045.00;83
10692;76;626949059;10692;246;11737;11818;7.54;0.46;277.75;11.86;1045;77;4046.00;81
10694;76;626949072;10694;241;11742;11822;7.50;0.46;277.83;11.88;1048;77;4047.00;80
10696;76;626949085;10696;246;11744;11822;7.49;0.46;277.89;11.89;1048;77;4048.00;78
10697;76;626949098;10697;253;11747;11822;7.42;0.45;277.92;11.91;1050;77;4049.00;75
10699;76;626949113;10699;258;11751;11828;7.30;0.45;277.96;11.91;1052;77;4050.00;77
10702;76;626949126;10702;261;11753;11828;7.25;0.44;278.02;11.92;1051;77;4051.00;75
10705;76;626949139;10705;263;11755;11828;7.20;0.44;278.00;11.93;1050;77;4052.00;73
10706;76;626949157;10706;270;11760;11832;7.16;0.44;278.06;11.95;1054;77;4053.00;72
10712;76;626949170;10712;275;11762;11833;7.11;0.44;278.12;11.95;1050;77;4054.00;71
10715;76;626949183;10715;277;11764;11833;7.03;0.43;278.18;11.96;1049;77;4055.00;69
10717;76;626949195;10717;281;11768;11837;6.98;0.43;278.22;11.96;1051;77;4056.00;69
10720;76;626949213;10720;285;11770;11837;6.89;0.42;278.29;11.97;1050;77;4057.00;67
10723;76;626949235;10723;294;11772;11837;6.81;0.42;278.34;11.98;1049;77;4058.00;65
10727;76;626949261;10727;289;11774;11838;6.76;0.41;278.35;11.98;1047;77;4059.00;64
10730;76;626949280;10730;296;11774;11838;6.70;0.41;278.38;11.98;1044;77;4060.00;64
10731;76;626949299;10731;295;11780;11844;6.69;0.41;278.39;11.99;1049;77;4061.00;64
10734;76;626949317;10734;290;11780;11844;6.68;0.41;278.44;11.99;1046;77;4062.00;64
10737;76;626949332;10737;293;11783;11845;6.66;0.41;278.43;12.01;1046;77;4063.00;62
10738;76;626949346;10738;292;11783;11845;6.66;0.41;278.46;12.01;1045;77;4064.00;62
10739;76;626949359;10739;289;11783;11845;6.63;0.41;278.48;12.01;1044;77;4065.00;62
10741;76;626949373;10741;291;11785;11845;6.62;0.41;278.51;12.02;1044;77;4066.00;60
10743;76;626949388;10743;289;11785;11845;6.60;0.40;278.52;12.02;1042;77;4067.00;60
10746;76;626949402;10746;290;11796;11857;6.67;0.41;278.54;12.02;1050;77;4068.00;61
10748;76;626949418;10748;292;11797;11857;6.66;0.41;278.57;12.03;1049;77;4069.00;60
10749;76;626949431;10749;288;11798;11857;6.64;0.41;278.59;12.03;1049;77;4070.00;59
10755;76;626949444;10755;289;11800;11857;6.57;0.40;278.62;12.04;1045;77;4071.00;57
10759;76;626949457;10759;296;11800;11857;6.49;0.40;278.71;12.04;1041;77;4072.00;57
10762;76;626949471;10762;296;11800;11857;6.43;0.39;278.79;12.04;1038;77;4073.00;57
10767;76;626949484;10767;295;11804;11861;6.35;0.39;278.80;12.04;1037;77;4074.00;57
10773;76;626949496;10773;299;11805;11861;6.25;0.38;278.85;12.05;1032;77;4075.00;56
10774;76;626949509;10774;301;11809;11865;6.23;0.38;278.85;12.05;1035;77;4076.00;56
10778;76;626949523;10778;312;11811;11866;6.15;0.38;278.93;12.05;1033;77;4077.00;55
10784;76;626949538;10784;320;11812;11866;6.00;0.37;278.94;12.05;1028;77;4078.00;54
10788;76;626949549;10788;329;11813;11866;5.89;0.36;278.95;12.06;1025;77;4079.00;53
10795;76;626949563;10795;327;11832;11895;5.83;0.36;279.02;12.04;1037;77;4080.00;63
10799;76;626949578;10799;326;11833;11895;5.78;0.35;279.06;12.04;1034;77;4081.00;62
10802;76;626949590;10802;330;11837;11895;5.78;0.35;279.11;12.05;1035;77;4082.00;58
10804;76;626949603;10804;331;11841;11896;5.86;0.36;279.09;12.05;1037;77;4083.00;55
10809;76;626949614;10809;335;11843;11897;5.93;0.36;279.13;12.05;1034;77;4084.00;54
10812;76;626949628;10812;339;11843;11897;6.01;0.37;279.15;12.05;1031;77;4085.00;54
10817;76;626949640;10817;340;11848;11900;6.03;0.37;279.24;12.05;1031;77;4086.00;52
10821;76;626949653;10821;337;11848;11900;6.08;0.37;279.25;12.05;1027;77;4087.00;52
10825;76;626949666;10825;335;11848;11900;6.11;0.37;279.29;12.05;1023;77;4088.00;52
10827;76;626949679;10827;332;11850;11900;6.17;0.38;279.31;12.06;1023;77;4089.00;50
10831;76;626949692;10831;325;11855;11906;6.25;0.38;279.34;12.05;1024;77;4090.00;51
10838;76;626949705;10838;327;11855;11906;6.29;0.38;279.36;12.05;1017;77;4091.00;51
10839;76;626949719;10839;326;11855;11906;6.41;0.39;279.34;12.05;1016;77;4092.00;51
10844;76;626949731;10844;319;11855;11906;6.45;0.39;279.41;12.05;1011;77;4093.00;51
10845;76;626949746;10845;318;11858;11910;6.53;0.40;279.40;12.05;1013;77;4094.00;52
10848;76;626949759;10848;312;11860;11912;6.59;0.40;279.41;12.05;1012;77;4095.00;52
10853;76;626949773;10853;312;11860;11912;6.65;0.40;279.42;12.05;1007;77;4096.00;52
10854;76;626949787;10854;305;11861;11913;6.81;0.41;279.41;12.05;1007;77;4097.00;52
10860;76;626949801;10860;297;11861;11913;6.92;0.42;279.50;12.05;1001;77;4098.00;52
10865;76;626949815;10865;283;11861;11913;7.03;0.43;279.58;12.05;996;77;4099.00;52
10868;76;626949831;10868;281;11861;11913;7.13;0.43;279.56;12.05;993;77;4100.00;52
10872;76;626949849;10872;281;11861;11913;7.16;0.44;279.60;12.05;989;77;4101.00;52
10878;76;626949869;10878;279;11861;11913;7.17;0.44;279.62;12.05;983;77;4102.00;52
10883;76;626949883;10883;279;11861;11913;7.15;0.44;279.69;12.05;978;77;4103.00;52
10889;76;626949896;10889;291;11898;11983;7.17;0.44;279.74;12.01;1009;77;4104.00;85
10894;76;626949916;10894;290;11899;11984;7.22;0.44;279.71;12.01;1005;77;4105.00;85
10901;76;626949930;10901;286;11904;11984;7.27;0.44;279.75;12.01;1003;77;4106.00;80
10904;76;626949950;10904;294;11908;11984;7.28;0.44;279.76;12.00;1004;77;4107.00;76
10906;76;626949963;10906;288;11912;11984;7.34;0.45;279.81;12.00;1006;77;4108.00;72
10911;76;626949978;10911;296;11917;11984;7.40;0.45;279.85;12.00;1006;77;4109.00;67
10913;76;626949994;10913;302;11919;11984;7.42;0.45;279.87;12.00;1006;77;4110.00;65
10917;76;626950007;10917;301;11922;11984;7.42;0.45;279.97;12.04;1005;77;4111.00;62
10921;76;626950021;10921;303;11924;11985;7.37;0.45;280.00;12.04;1003;77;4112.00;61
10925;76;626950035;10925;303;11926;11986;7.34;0.45;279.98;12.04;1001;77;4113.00;60
10928;76;626950049;10928;304;11926;11986;7.33;0.45;280.09;12.04;998;77;4114.00;60
10936;76;626950063;10936;306;11928;11990;7.26;0.44;280.12;12.03;992;77;4115.00;62
10939;76;626950078;10939;314;11928;11990;7.22;0.44;280.10;12.03;989;77;4116.00;62
10944;76;626950092;10944;314;11928;11990;7.23;0.44;280.14;12.03;984;77;4117.00;62
10949;76;626950106;10949;314;11928;11990;7.25;0.44;280.16;12.03;979;77;4118.00;62
10952;76;626950120;10952;312;11932;11996;7.22;0.44;280.21;12.03;980;77;4119.00;64
10958;76;626950133;10958;319;11934;11996;7.19;0.44;280.28;12.03;976;77;4120.00;62
10960;76;626950155;10960;323;11935;11996;7.14;0.43;280.25;12.03;975;77;4121.00;61
10964;76;626950169;10964;327;11937;11999;7.15;0.44;280.31;12.03;973;77;4122.00;62
10966;76;626950182;10966;337;11938;11999;7.13;0.43;280.29;12.03;972;77;4123.00;61
10967;76;626950196;10967;344;11940;11999;7.10;0.43;280.27;12.03;973;77;4124.00;59
10969;76;626950210;10969;349;11941;12000;6.96;0.42;280.34;12.03;972;77;4125.00;59
10974;76;626950223;10974;352;11942;12001;6.80;0.41;280.41;12.03;968;77;4126.00;59
10976;76;626950237;10976;352;11942;12001;6.66;0.40;280.42;12.03;966;77;4127.00;59
10979;77;626950251;10979;351;11953;12014;6.68;0.41;280.45;12.02;974;78;4128.00;61
10982;77;626950271;10982;351;11953;12014;6.59;0.40;280.49;12.02;971;78;4129.00;61
10984;77;626950288;10984;352;11953;12014;6.56;0.40;280.51;12.02;969;78;4130.00;61
10985;77;626950300;10985;355;11954;12015;6.56;0.40;280.54;12.01;969;78;4131.00;61
10987;77;626950314;10987;356;11955;12015;6.60;0.40;280.55;12.06;968;78;4132.00;60
10990;77;626950326;10990;362;11958;12019;6.60;0.40;280.55;12.06;968;78;4133.00;61
10991;77;626950339;10991;361;11958;12019;6.59;0.40;280.61;12.06;967;78;4134.00;61
10993;77;626950351;10993;366;11962;12023;6.58;0.40;280.59;12.05;969;78;4135.00;61
10994;77;626950364;10994;358;11962;12023;6.59;0.40;280.57;12.05;968;78;4136.00;61
10995;77;626950376;10995;344;11962;12023;6.63;0.40;280.56;12.05;967;78;4137.00;61
10996;77;626950389;10996;331;11962;12023;6.65;0.41;280.64;12.05;966;78;4138.00;61
10998;77;626950402;10998;325;11962;12023;6.71;0.41;280.63;12.05;964;78;4139.00;61
10999;77;626950416;10999;321;11985;12057;6.72;0.41;280.62;12.03;986;78;4140.00;72
11003;77;626950431;11003;313;11987;12057;6.76;0.42;280.59;12.03;984;78;4141.00;70
11006;77;626950444;11006;312;11988;12057;6.76;0.42;280.58;12.03;982;78;4142.00;69
11010;77;626950457;11010;303;11988;12057;6.79;0.42;280.57;12.03;978;78;4143.00;69
11013;77;626950476;11013;287;11989;12057;6.83;0.42;280.53;12.03;976;78;4144.00;68
11015;77;626950489;11015;282;11989;12057;6.88;0.42;280.55;12.03;974;78;4145.00;68
11018;77;626950501;11018;281;11990;12058;6.87;0.42;280.51;12.03;972;78;4146.00;68
11024;77;626950514;11024;280;11990;12058;6.85;0.42;280.49;12.03;966;78;4147.00;68
11026;77;626950527;11026;278;11994;12064;6.90;0.42;280.50;12.02;968;78;4148.00;70
11030;77;626950540;11030;276;11995;12065;6.92;0.42;280.46;12.02;965;78;4149.00;70
11030;77;626950553;11030;267;11996;12065;6.90;0.42;280.46;12.02;966;78;4150.00;69
11031;77;626950571;11031;272;11997;12065;6.90;0.42;280.44;12.07;966;78;4151.00;68
11033;77;626950583;11033;267;12001;12069;6.90;0.42;280.42;12.06;968;78;4152.00;68
11033;77;626950596;11033;264;12001;12069;6.88;0.42;280.42;12.06;968;78;4153.00;68
11037;77;626950608;11037;269;12001;12069;6.80;0.42;280.35;12.06;964;78;4154.00;68
11040;77;626950620;11040;269;12002;12070;6.76;0.41;280.31;12.06;962;78;4155.00;68
11043;77;626950631;11043;274;12005;12074;6.74;0.41;280.31;12.06;962;78;4156.00;69
11045;77;626950645;11045;281;12005;12074;6.71;0.41;280.30;12.06;960;78;4157.00;69
11047;77;626950657;11047;279;12007;12077;6.70;0.41;280.34;12.06;960;78;4158.00;70
11047;77;626950669;11047;284;12008;12077;6.63;0.40;280.34;12.10;961;78;4159.00;69
11052;77;626950680;11052;287;12009;12077;6.56;0.40;280.29;12.10;957;78;4160.00;68
11054;77;626950692;11054;294;12009;12077;6.48;0.40;280.35;12.10;955;78;4161.00;68
11054;77;626950704;11054;295;12012;12081;6.42;0.39;280.35;12.10;958;78;4162.00;69
11057;77;626950715;11057;298;12012;12081;6.38;0.39;280.40;12.10;955;78;4163.00;69
11059;77;626950726;11059;299;12014;12081;6.29;0.38;280.37;12.14;955;78;4164.00;67
11059;77;626950737;11059;305;12014;12081;6.23;0.38;280.37;12.14;955;78;4165.00;67
11059;77;626950748;11059;308;12014;12082;6.17;0.38;280.37;12.14;955;78;4166.00;68
11061;77;626950759;11061;310;12016;12083;6.09;0.37;280.36;12.19;955;78;4167.00;67
11061;77;626950770;11061;323;12016;12083;5.97;0.36;280.36;12.19;955;78;4168.00;67
11062;77;626950780;11062;326;12017;12084;5.89;0.36;280.36;12.19;955;78;4169.00;67
11064;77;626950793;11064;324;12017;12084;5.80;0.35;280.35;12.19;953;78;4170.00;67
11065;77;626950804;11065;311;12017;12084;5.77;0.35;280.34;12.19;952;78;4171.00;67
11066;77;626950815;11066;292;12017;12084;5.74;0.35;280.35;12.19;951;78;4172.00;67
11068;77;626950826;11068;281;12019;12086;5.74;0.35;280.33;12.19;951;78;4173.00;67
11070;77;626950837;11070;270;12019;12086;5.75;0.35;280.34;12.19;949;78;4174.00;67
11073;77;626950848;11073;259;12020;12086;5.74;0.35;280.34;12.23;947;78;4175.00;66
11074;78;626950860;11074;274;12088;12213;5.92;0.37;280.37;12.16;1014;79;4176.00;125
11074;78;626950893;11074;253;12089;12214;6.03;0.37;280.37;12.16;1015;79;4177.00;125
11076;78;626950903;11076;241;12094;12214;6.14;0.38;280.36;12.16;1018;79;4178.00;120
11077;78;626950915;11077;225;12098;12214;6.23;0.39;280.34;12.20;1021;79;4179.00;116
11079;78;626950926;11079;216;12103;12214;6.34;0.39;280.36;12.20;1024;79;4180.00;111
11082;78;626950944;11082;211;12108;12214;6.34;0.39;280.44;12.20;1026;79;4181.00;106
11084;78;626950955;11084;204;12110;12214;6.41;0.40;280.42;12.20;1026;79;4182.00;104
11087;78;626950973;11087;199;12113;12214;6.49;0.40;280.41;12.19;1026;79;4183.00;101
11090;78;626950984;11090;199;12114;12215;6.58;0.40;280.43;12.19;1024;79;4184.00;101
11093;78;626950996;11093;195;12121;12217;6.62;0.41;280.42;12.25;1028;79;4185.00;96
11094;78;626951009;11094;185;12123;12217;6.72;0.41;280.43;12.25;1029;79;4186.00;94
11096;78;626951026;11096;184;12124;12218;6.74;0.41;280.44;12.25;1028;79;4187.00;94
11097;78;626951038;11097;191;12129;12218;6.82;0.42;280.43;12.30;1032;79;4188.00;89
11100;78;626951049;11100;188;12131;12218;6.85;0.42;280.45;12.30;1031;79;4189.00;87
11101;78;626951061;11101;189;12135;12218;6.87;0.42;280.45;12.30;1034;79;4190.00;83
11103;78;626951073;11103;190;12140;12222;6.91;0.42;280.44;12.30;1037;79;4191.00;82
11105;78;626951085;11105;190;12144;12222;6.92;0.42;280.46;12.34;1039;79;4192.00;78
11106;78;626951097;11106;196;12144;12222;6.95;0.42;280.49;12.34;1038;79;4193.00;78
11109;78;626951109;11109;195;12147;12225;6.99;0.43;280.51;12.33;1038;79;4194.00;78
11110;78;626951122;11110;192;12148;12225;7.01;0.43;280.53;12.37;1038;79;4195.00;77
11112;78;626951140;11112;199;12148;12225;7.05;0.43;280.50;12.37;1036;79;4196.00;77
11114;78;626951152;11114;203;12152;12229;7.07;0.43;280.50;12.37;1038;79;4197.00;77
11120;78;626951165;11120;195;12154;12230;7.12;0.43;280.54;12.40;1034;79;4198.00;76
11125;78;626951178;11125;206;12154;12230;7.21;0.44;280.56;12.40;1029;79;4199.00;76
11128;78;626951193;11128;216;12164;12264;7.24;0.44;280.52;12.40;1036;79;4200.00;100
11130;78;626951220;11130;209;12165;12264;7.32;0.44;280.58;12.39;1035;79;4201.00;99
11133;78;626951241;11133;210;12168;12264;7.33;0.45;280.64;12.39;1035;79;4202.00;96
11134;78;626951263;11134;213;12169;12265;7.30;0.44;280.63;12.39;1035;79;4203.00;96
11139;78;626951282;11139;218;12170;12265;7.25;0.44;280.69;12.40;1031;79;4204.00;95
11141;78;626951302;11141;219;12173;12271;7.25;0.44;280.75;12.39;1032;79;4205.00;98
11142;78;626951322;11142;230;12177;12271;7.21;0.44;280.77;12.40;1035;79;4206.00;94
11145;78;626951337;11145;228;12178;12272;7.15;0.43;280.82;12.40;1033;79;4207.00;94
11148;78;626951351;11148;232;12179;12272;7.20;0.44;280.91;12.40;1031;79;4208.00;93
11151;78;626951364;11151;235;12180;12272;7.20;0.44;280.88;12.41;1029;79;4209.00;92
11155;78;626951377;11155;236;12181;12272;7.23;0.44;280.94;12.42;1026;79;4210.00;91
11159;78;626951392;11159;248;12183;12272;7.27;0.44;281.04;12.42;1024;79;4211.00;89
11160;78;626951407;11160;246;12193;12284;7.33;0.45;281.06;12.42;1033;79;4212.00;91
11162;78;626951422;11162;248;12196;12284;7.38;0.45;281.09;12.43;1034;79;4213.00;88
11165;78;626951436;11165;245;12196;12284;7.41;0.45;281.12;12.43;1031;79;4214.00;88
11166;78;626951449;11166;245;12197;12284;7.47;0.45;281.12;12.45;1031;79;4215.00;87
11169;78;626951463;11169;245;12198;12284;7.53;0.46;281.16;12.46;1029;79;4216.00;86
11173;78;626951478;11173;249;12202;12284;7.55;0.46;281.13;12.48;1029;79;4217.00;82
11175;78;626951493;11175;252;12207;12288;7.61;0.46;281.23;12.50;1032;79;4218.00;81
11177;78;626951507;11177;253;12208;12288;7.64;0.47;281.25;12.50;1031;79;4219.00;80
11179;78;626951526;11179;249;12211;12292;7.70;0.47;281.26;12.51;1032;79;4220.00;81
11181;78;626951540;11181;247;12213;12293;7.76;0.47;281.23;12.52;1032;79;4221.00;80
11184;78;626951555;11184;248;12213;12293;7.78;0.47;281.28;12.52;1029;79;4222.00;80
11187;78;626951569;11187;254;12218;12293;7.75;0.47;281.34;12.55;1031;79;4223.00;75
11187;78;626951582;11187;260;12225;12306;7.74;0.47;281.34;12.55;1038;79;4224.00;81
11193;78;626951597;11193;264;12226;12306;7.67;0.47;281.40;12.56;1033;79;4225.00;80
11198;78;626951611;11198;276;12227;12306;7.59;0.46;281.43;12.57;1029;79;4226.00;79
11200;78;626951625;11200;277;12229;12307;7.57;0.46;281.48;12.58;1029;79;4227.00;78
11203;78;626951639;11203;283;12231;12308;7.48;0.46;281.58;12.58;1028;79;4228.00;77
11204;78;626951652;11204;279;12234;12308;7.46;0.46;281.60;12.59;1030;79;4229.00;74
11207;78;626951667;11207;278;12238;12314;7.43;0.46;281.66;12.60;1031;79;4230.00;76
11212;78;626951681;11212;280;12240;12314;7.38;0.45;281.77;12.60;1028;79;4231.00;74
11213;78;626951695;11213;279;12241;12314;7.35;0.45;281.76;12.61;1028;79;4232.00;73
11218;78;626951708;11218;276;12243;12314;7.29;0.45;281.83;12.62;1025;79;4233.00;71
11220;78;626951721;11220;274;12246;12320;7.28;0.45;281.84;12.62;1026;79;4234.00;74
11222;78;626951735;11222;271;12247;12320;7.20;0.44;281.86;12.62;1025;79;4235.00;73
11224;78;626951748;11224;276;12248;12320;7.13;0.44;281.91;12.63;1024;79;4236.00;72
11227;78;626951761;11227;281;12249;12320;7.08;0.43;281.95;12.63;1022;79;4237.00;71
11229;78;626951775;11229;285;12255;12324;7.04;0.43;281.98;12.65;1026;79;4238.00;69
11233;78;626951788;11233;284;12256;12325;7.02;0.43;282.02;12.64;1023;79;4239.00;69
11236;78;626951801;11236;281;12257;12325;6.98;0.43;282.06;12.65;1021;79;4240.00;68
11241;78;626951814;11241;282;12258;12326;6.94;0.43;282.10;12.65;1017;79;4241.00;68
11243;78;626951826;11243;282;12258;12326;6.87;0.42;282.08;12.65;1015;79;4242.00;68
11248;78;626951838;11248;281;12263;12326;6.76;0.42;282.12;12.68;1015;79;4243.00;63
11250;78;626951851;11250;281;12263;12326;6.67;0.41;282.11;12.68;1013;79;4244.00;63
11255;78;626951864;11255;293;12263;12326;6.60;0.41;282.07;12.68;1008;79;4245.00;63
11259;78;626951876;11259;290;12264;12326;6.56;0.40;282.14;12.68;1005;79;4246.00;62
11266;78;626951889;11266;295;12265;12326;6.45;0.40;282.13;12.68;999;79;4247.00;61
11271;78;626951905;11271;307;12298;12396;6.45;0.40;282.15;12.65;1027;79;4248.00;98
11277;78;626951924;11277;305;12302;12397;6.32;0.39;282.22;12.66;1025;79;4249.00;95
11282;78;626951937;11282;291;12309;12397;6.30;0.39;282.24;12.66;1027;79;4250.00;88
11286;78;626951950;11286;289;12316;12397;6.25;0.38;282.27;12.67;1030;79;4251.00;81
11289;78;626951965;11289;284;12320;12397;6.22;0.38;282.35;12.66;1031;79;4252.00;77
11294;79;626951978;11294;286;12323;12397;6.20;0.38;282.41;12.67;1029;80;4253.00;74
11299;79;626952003;11299;288;12323;12397;6.14;0.38;282.42;12.67;1024;80;4254.00;74
11303;79;626952016;11303;290;12327;12397;6.09;0.37;282.46;12.67;1024;80;4255.00;70
11309;79;626952028;11309;297;12332;12398;6.04;0.37;282.45;12.67;1023;80;4256.00;66
11312;79;626952041;11312;301;12335;12399;6.07;0.37;282.54;12.67;1023;80;4257.00;64
11315;79;626952053;11315;306;12336;12399;6.11;0.37;282.61;12.67;1021;80;4258.00;63
11318;79;626952066;11318;312;12341;12403;6.19;0.38;282.71;12.67;1023;80;4259.00;62
11322;79;626952080;11322;314;12344;12403;6.20;0.38;282.76;12.67;1022;80;4260.00;59
11324;79;626952094;11324;316;12344;12403;6.22;0.38;282.80;12.67;1020;80;4261.00;59
11329;79;626952106;11329;311;12345;12403;6.23;0.38;282.86;12.67;1016;80;4262.00;58
11333;79;626952118;11333;317;12348;12409;6.21;0.38;282.95;12.67;1015;80;4263.00;61
11339;79;626952131;11339;326;12349;12409;6.19;0.38;282.97;12.67;1010;80;4264.00;60
11345;79;626952144;11345;328;12350;12409;6.20;0.38;283.05;12.67;1005;80;4265.00;59
11348;79;626952157;11348;335;12352;12412;6.26;0.38;283.04;12.67;1004;80;4266.00;60
11353;79;626952169;11353;337;12353;12412;6.28;0.38;283.07;12.67;1000;80;4267.00;59
11358;79;626952181;11358;334;12353;12412;6.31;0.38;283.08;12.67;995;80;4268.00;59
11360;79;626952194;11360;330;12354;12413;6.35;0.39;283.08;12.67;994;80;4269.00;59
11365;79;626952207;11365;327;12356;12414;6.38;0.39;283.09;12.67;991;80;4270.00;58
11369;79;626952220;11369;318;12357;12414;6.41;0.39;283.11;12.67;988;80;4271.00;57
11374;79;626952233;11374;317;12369;12427;6.48;0.39;283.13;12.67;995;80;4272.00;58
11377;79;626952246;11377;317;12370;12427;6.49;0.40;283.11;12.67;993;80;4273.00;57
11382;79;626952260;11382;315;12370;12427;6.47;0.39;283.13;12.67;988;80;4274.00;57
11383;79;626952272;11383;315;12373;12429;6.55;0.40;283.15;12.66;990;80;4275.00;56
11386;79;626952285;11386;315;12375;12429;6.56;0.40;283.18;12.71;989;80;4276.00;54
11392;79;626952297;11392;326;12379;12433;6.52;0.40;283.18;12.70;987;80;4277.00;54
11396;79;626952316;11396;328;12380;12433;6.54;0.40;283.20;12.70;984;80;4278.00;53
11400;79;626952333;11400;329;12385;12437;6.61;0.40;283.30;12.70;985;80;4279.00;52
11402;79;626952346;11402;321;12386;12437;6.65;0.41;283.39;12.70;984;80;4280.00;51
11407;79;626952358;11407;321;12386;12437;6.65;0.41;283.45;12.70;979;80;4281.00;51
11413;79;626952370;11413;324;12386;12437;6.65;0.40;283.44;12.70;973;80;4282.00;51
11415;79;626952383;11415;333;12386;12437;6.67;0.41;283.44;12.70;971;80;4283.00;51
11419;79;626952396;11419;338;12396;12449;6.76;0.41;283.49;12.69;977;80;4284.00;53
11423;79;626952409;11423;341;12396;12449;6.80;0.41;283.48;12.69;973;80;4285.00;53
11426;79;626952422;11426;349;12397;12449;6.82;0.42;283.50;12.69;971;80;4286.00;52
11428;79;626952434;11428;352;12397;12449;6.83;0.42;283.48;12.69;969;80;4287.00;52
11434;79;626952445;11434;355;12397;12449;6.76;0.41;283.62;12.69;963;80;4288.00;52
11439;79;626952463;11439;359;12397;12449;6.70;0.41;283.62;12.69;958;80;4289.00;52
11442;79;626952477;11442;360;12397;12450;6.64;0.41;283.71;12.69;955;80;4290.00;53
11447;79;626952489;11447;367;12397;12450;6.51;0.40;283.68;12.69;950;80;4291.00;53
11451;79;626952500;11451;378;12401;12456;6.39;0.39;283.65;12.68;950;80;4292.00;55
11454;79;626952513;11454;379;12402;12457;6.30;0.38;283.64;12.68;948;80;4293.00;55
11455;79;626952524;11455;383;12403;12457;6.27;0.38;283.65;12.68;948;80;4294.00;54
11461;79;626952536;11461;391;12403;12457;6.18;0.38;283.60;12.68;942;80;4295.00;54
11464;79;626952547;11464;396;12406;12461;6.16;0.38;283.62;12.68;942;80;4296.00;55
11466;79;626952558;11466;384;12406;12461;6.13;0.37;283.63;12.68;940;80;4297.00;55
11466;79;626952571;11466;382;12406;12461;6.16;0.38;283.63;12.68;940;80;4298.00;55
11469;79;626952582;11469;382;12407;12462;6.15;0.38;283.60;12.68;938;80;4299.00;55
11471;79;626952594;11471;380;12410;12466;6.20;0.38;283.56;12.68;939;80;4300.00;56
11476;79;626952610;11476;379;12410;12466;6.16;0.38;283.49;12.68;934;80;4301.00;56
11477;79;626952621;11477;378;12412;12469;6.19;0.38;283.48;12.67;935;80;4302.00;57
11483;79;626952633;11483;385;12413;12469;6.22;0.38;283.51;12.67;930;80;4303.00;56
11486;79;626952645;11486;385;12413;12469;6.25;0.38;283.48;12.67;927;80;4304.00;56
11488;79;626952657;11488;378;12413;12469;6.28;0.38;283.44;12.67;925;80;4305.00;56
11488;79;626952673;11488;367;12417;12473;6.37;0.39;283.44;12.71;929;80;4306.00;56
11490;79;626952685;11490;357;12417;12473;6.40;0.39;283.44;12.71;927;80;4307.00;56
11492;79;626952702;11492;342;12418;12473;6.47;0.40;283.43;12.71;926;80;4308.00;55
11493;79;626952715;11493;325;12418;12473;6.59;0.40;283.43;12.71;925;80;4309.00;55
11498;79;626952727;11498;310;12418;12474;6.66;0.41;283.40;12.71;920;80;4310.00;56
11498;79;626952739;11498;301;12419;12475;6.72;0.41;283.40;12.71;921;80;4311.00;56
11501;79;626952757;11501;292;12419;12475;6.69;0.41;283.37;12.71;918;80;4312.00;56
11502;79;626952769;11502;292;12420;12476;6.73;0.41;283.36;12.71;918;80;4313.00;56
11503;79;626952781;11503;290;12420;12476;6.75;0.41;283.35;12.71;917;80;4314.00;56
11506;79;626952793;11506;292;12420;12476;6.79;0.41;283.46;12.71;914;80;4315.00;56
11508;79;626952805;11508;292;12420;12476;6.82;0.41;283.49;12.71;912;80;4316.00;56
11508;79;626952817;11508;293;12420;12476;6.85;0.42;283.49;12.71;912;80;4317.00;56
11509;79;626952828;11509;290;12420;12476;6.83;0.42;283.49;12.71;911;80;4318.00;56
11511;79;626952839;11511;298;12420;12476;6.78;0.41;283.47;12.71;909;80;4319.00;56
11512;79;626952858;11512;344;12531;12706;6.92;0.43;283.46;12.60;1019;80;4320.00;175
11514;79;626952888;11514;333;12534;12707;6.89;0.43;283.45;12.59;1020;80;4321.00;173
11516;79;626952900;11516;323;12544;12707;6.93;0.43;283.42;12.62;1028;80;4322.00;163
11516;79;626952912;11516;306;12549;12707;6.95;0.43;283.42;12.62;1033;80;4323.00;158
11516;79;626952924;11516;300;12555;12707;6.97;0.44;283.42;12.62;1039;80;4324.00;152
11519;79;626952937;11519;284;12558;12707;6.95;0.43;283.41;12.61;1039;80;4325.00;149
11520;79;626952949;11520;283;12563;12707;6.98;0.44;283.47;12.61;1043;80;4326.00;144
11521;79;626952961;11521;276;12568;12707;7.01;0.44;283.47;12.61;1047;80;4327.00;139
11522;79;626952975;11522;276;12573;12708;7.01;0.44;283.46;12.61;1051;80;4328.00;135
11524;79;626952999;11524;278;12576;12709;7.00;0.44;283.47;12.61;1052;80;4329.00;133
11526;79;626953012;11526;273;12581;12709;6.97;0.43;283.45;12.64;1055;80;4330.00;128
11526;79;626953025;11526;276;12584;12710;6.97;0.43;283.45;12.64;1058;80;4331.00;126
11528;79;626953038;11528;280;12590;12710;6.95;0.43;283.45;12.64;1062;80;4332.00;120
11529;79;626953056;11529;278;12592;12710;6.95;0.43;283.45;12.64;1063;80;4333.00;118
11529;79;626953069;11529;284;12594;12710;6.90;0.43;283.45;12.64;1065;80;4334.00;116
11531;79;626953082;11531;297;12596;12714;6.84;0.42;283.44;12.64;1065;80;4335.00;118
11533;79;626953096;11533;298;12599;12714;6.80;0.42;283.42;12.64;1066;80;4336.00;115
11533;79;626953109;11533;308;12602;12714;6.73;0.42;283.42;12.64;1069;80;4337.00;112
11534;79;626953122;11534;318;12606;12717;6.63;0.41;283.42;12.68;1072;80;4338.00;111
11535;79;626953146;11535;322;12608;12717;6.60;0.41;283.42;12.68;1073;80;4339.00;109
11536;79;626953158;11536;331;12609;12717;6.57;0.40;283.44;12.68;1073;80;4340.00;108
11537;79;626953172;11537;325;12613;12721;6.59;0.41;283.43;12.68;1076;80;4341.00;108
11538;79;626953185;11538;329;12615;12722;6.63;0.41;283.43;12.68;1077;80;4342.00;107
11541;79;626953197;11541;327;12617;12722;6.60;0.41;283.42;12.68;1076;80;4343.00;105
11543;79;626953215;11543;330;12619;12726;6.63;0.41;283.40;12.68;1076;80;4344.00;107
11547;79;626953238;11547;326;12620;12726;6.58;0.40;283.48;12.68;1073;80;4345.00;106
11549;79;626953261;11549;330;12622;12726;6.55;0.40;283.49;12.72;1073;80;4346.00;104
11555;79;626953283;11555;327;12623;12727;6.50;0.40;283.58;12.72;1068;80;4347.00;104
11556;79;626953302;11556;322;12624;12727;6.44;0.39;283.61;12.71;1068;80;4348.00;103
11559;79;626953320;11559;317;12627;12733;6.42;0.39;283.59;12.75;1068;80;4349.00;106
11562;79;626953336;11562;310;12628;12733;6.35;0.39;283.60;12.75;1066;80;4350.00;105
11566;79;626953352;11566;309;12628;12734;6.29;0.38;283.62;12.75;1062;80;4351.00;106
11568;79;626953366;11568;305;12629;12734;6.24;0.38;283.64;12.78;1061;80;4352.00;105
11574;79;626953380;11574;300;12631;12734;6.15;0.38;283.62;12.78;1057;80;4353.00;103
11574;79;626953396;11574;286;12633;12734;6.17;0.38;283.62;12.81;1059;80;4354.00;101
11577;79;626953415;11577;282;12633;12734;6.22;0.38;283.65;12.81;1056;80;4355.00;101
11581;79;626953429;11581;277;12646;12746;6.28;0.38;283.64;12.84;1065;80;4356.00;100
11583;79;626953446;11583;274;12647;12746;6.38;0.39;283.66;12.84;1064;80;4357.00;99
11587;79;626953460;11587;275;12649;12746;6.43;0.39;283.69;12.87;1062;80;4358.00;97
11589;79;626953474;11589;268;12649;12746;6.51;0.40;283.71;12.87;1060;80;4359.00;97
11594;79;626953487;11594;265;12649;12746;6.57;0.40;283.74;12.87;1055;80;4360.00;97
11596;79;626953501;11596;254;12650;12746;6.62;0.40;283.81;12.90;1054;80;4361.00;96
11602;79;626953514;11602;250;12653;12750;6.64;0.40;283.84;12.90;1051;80;4362.00;97
11604;79;626953529;11604;249;12653;12750;6.74;0.41;283.86;12.90;1049;80;4363.00;97
11606;79;626953542;11606;257;12656;12754;6.88;0.42;283.89;12.93;1050;80;4364.00;98
11610;79;626953556;11610;253;12659;12756;6.98;0.42;283.94;12.93;1049;80;4365.00;97
11611;79;626953570;11611;257;12660;12756;7.06;0.43;283.96;12.93;1049;80;4366.00;96
11613;79;626953583;11613;259;12661;12756;7.11;0.43;283.99;12.93;1048;80;4367.00;95
11615;79;626953598;11615;267;12670;12769;7.15;0.43;284.05;12.92;1055;80;4368.00;99
11618;79;626953613;11618;264;12671;12769;7.13;0.43;284.03;12.92;1053;80;4369.00;98
11621;79;626953626;11621;266;12671;12769;7.14;0.43;284.12;12.92;1050;80;4370.00;98
11623;79;626953641;11623;273;12673;12770;7.18;0.44;284.13;12.92;1050;80;4371.00;97
11626;79;626953655;11626;267;12673;12771;7.16;0.43;284.15;12.92;1047;80;4372.00;98
11627;79;626953669;11627;267;12674;12771;7.19;0.44;284.19;12.93;1047;80;4373.00;97
11630;79;626953683;11630;262;12676;12774;7.23;0.44;284.24;12.93;1046;80;4374.00;98
11636;79;626953698;11636;261;12677;12774;7.25;0.44;284.36;12.92;1041;80;4375.00;97
11638;79;626953712;11638;261;12679;12774;7.36;0.45;284.41;12.94;1041;80;4376.00;95
11640;79;626953727;11640;258;12679;12774;7.43;0.45;284.41;12.94;1039;80;4377.00;95
11644;79;626953742;11644;260;12684;12780;7.54;0.46;284.45;12.94;1040;80;4378.00;96
11646;79;626953758;11646;257;12684;12780;7.61;0.46;284.52;12.94;1038;80;4379.00;96
11650;79;626953774;11650;261;12687;12780;7.63;0.46;284.56;12.95;1037;80;4380.00;93
11654;79;626953789;11654;260;12689;12780;7.66;0.47;284.56;12.97;1035;80;4381.00;91
11656;79;626953803;11656;269;12693;12784;7.64;0.46;284.56;12.97;1037;80;4382.00;91
11658;79;626953818;11658;273;12695;12785;7.67;0.47;284.64;12.99;1037;80;4383.00;90
11664;79;626953833;11664;280;12696;12785;7.65;0.46;284.71;12.99;1032;80;4384.00;89
11665;79;626953848;11665;283;12698;12786;7.74;0.47;284.73;13.00;1033;80;4385.00;88
11668;79;626953862;11668;291;12701;12786;7.75;0.47;284.78;13.02;1033;80;4386.00;85
11674;79;626953876;11674;292;12701;12786;7.76;0.47;284.82;13.02;1027;80;4387.00;85
11675;79;626953891;11675;294;12705;12786;7.80;0.47;284.85;13.04;1030;80;4388.00;81
11678;79;626953906;11678;292;12707;12786;7.79;0.47;284.90;13.05;1029;80;4389.00;79
11680;79;626953920;11680;303;12709;12786;7.82;0.48;284.93;13.07;1029;80;4390.00;77
11681;79;626953933;11681;311;12711;12786;7.81;0.48;284.95;13.09;1030;80;4391.00;75
11684;79;626953954;11684;320;12748;12856;7.80;0.48;284.99;13.05;1064;80;4392.00;108
11685;79;626953975;11685;325;12749;12857;7.76;0.47;285.02;13.06;1064;80;4393.00;108
11689;79;626953989;11689;321;12756;12857;7.67;0.47;285.01;13.07;1067;80;4394.00;101
11692;79;626954009;11692;330;12762;12857;7.57;0.46;285.01;13.09;1070;80;4395.00;95
11694;79;626954023;11694;328;12768;12857;7.60;0.46;285.05;13.09;1074;80;4396.00;89
11697;79;626954037;11697;326;12772;12857;7.59;0.46;285.06;13.10;1075;80;4397.00;85
11700;79;626954052;11700;326;12776;12857;7.54;0.46;285.12;13.10;1076;80;4398.00;81
11702;79;626954066;11702;322;12780;12857;7.53;0.46;285.18;13.12;1078;80;4399.00;77
11704;79;626954080;11704;313;12783;12858;7.51;0.46;285.23;13.11;1079;80;4400.00;75
11709;79;626954099;11709;308;12788;12859;7.48;0.46;285.22;13.12;1079;80;4401.00;71
11712;79;626954114;11712;311;12789;12859;7.44;0.45;285.24;13.13;1077;80;4402.00;70
11714;79;626954128;11714;308;12792;12863;7.38;0.45;285.26;13.13;1078;80;4403.00;71
11717;79;626954143;11717;306;12793;12863;7.36;0.45;285.26;13.14;1076;80;4404.00;70
11721;79;626954158;11721;307;12794;12863;7.31;0.45;285.28;13.15;1073;80;4405.00;69
11722;79;626954172;11722;310;12794;12863;7.32;0.45;285.29;13.15;1072;80;4406.00;69
11724;79;626954187;11724;310;12801;12869;7.39;0.45;285.31;13.15;1077;80;4407.00;68
11727;79;626954203;11727;311;12801;12869;7.39;0.45;285.33;13.15;1074;80;4408.00;68
11728;79;626954224;11728;316;12803;12869;7.40;0.45;285.34;13.17;1075;80;4409.00;66
11733;79;626954241;11733;317;12809;12875;7.36;0.45;285.34;13.17;1076;80;4410.00;66
11736;79;626954257;11736;319;12810;12875;7.32;0.45;285.34;13.17;1074;80;4411.00;65
11738;79;626954271;11738;323;12812;12875;7.26;0.44;285.35;13.18;1074;80;4412.00;63
11742;79;626954284;11742;324;12812;12876;7.15;0.44;285.35;13.18;1070;80;4413.00;64
11745;79;626954297;11745;328;12815;12877;7.06;0.43;285.33;13.19;1070;80;4414.00;62
11751;79;626954311;11751;328;12815;12877;6.92;0.42;285.40;13.19;1064;80;4415.00;62
11756;79;626954323;11756;332;12828;12890;6.79;0.41;285.44;13.18;1072;80;4416.00;62
11763;79;626954338;11763;341;12828;12890;6.60;0.40;285.38;13.18;1065;80;4417.00;62
11767;79;626954352;11767;351;12828;12890;6.44;0.39;285.42;13.18;1061;80;4418.00;62
11770;79;626954364;11770;355;12830;12891;6.30;0.38;285.47;13.19;1060;80;4419.00;61
11773;79;626954376;11773;340;12830;12891;6.17;0.38;285.49;13.19;1057;80;4420.00;61
11776;79;626954389;11776;337;12836;12895;6.06;0.37;285.55;13.21;1060;80;4421.00;59
11780;79;626954401;11780;352;12837;12895;6.00;0.37;285.57;13.21;1057;80;4422.00;58
11782;79;626954414;11782;357;12840;12899;6.01;0.37;285.57;13.22;1058;80;4423.00;59
11786;79;626954426;11786;357;12841;12899;5.96;0.36;285.62;13.22;1055;80;4424.00;58
11791;79;626954438;11791;356;12843;12899;5.91;0.36;285.65;13.23;1052;80;4425.00;56
11795;79;626954451;11795;360;12843;12899;5.93;0.36;285.66;13.23;1048;80;4426.00;56
11800;79;626954463;11800;352;12844;12899;5.94;0.37;285.71;13.23;1044;80;4427.00;55
11803;79;626954476;11803;356;12855;12911;6.06;0.37;285.74;13.22;1052;80;4428.00;56
11808;79;626954490;11808;357;12855;12911;6.11;0.37;285.75;13.22;1047;80;4429.00;56
11815;79;626954502;11815;351;12857;12911;6.13;0.37;285.80;13.23;1042;80;4430.00;54
11816;79;626954515;11816;351;12858;12911;6.14;0.38;285.81;13.22;1042;80;4431.00;53
11819;79;626954527;11819;346;12858;12911;6.15;0.38;285.86;13.22;1039;80;4432.00;53
11821;79;626954540;11821;347;12858;12911;6.19;0.38;285.87;13.22;1037;80;4433.00;53
11823;79;626954552;11823;345;12858;12912;6.22;0.38;285.88;13.22;1035;80;4434.00;54
11831;79;626954564;11831;345;12858;12912;6.25;0.38;285.90;13.22;1027;80;4435.00;54
11834;79;626954577;11834;346;12863;12918;6.33;0.39;285.91;13.22;1029;80;4436.00;55
11839;79;626954590;11839;354;12864;12919;6.38;0.39;285.94;13.22;1025;80;4437.00;55
11841;79;626954603;11841;352;12864;12919;6.41;0.39;285.92;13.22;1023;80;4438.00;55
11844;79;626954615;11844;356;12864;12919;6.45;0.40;285.91;13.22;1020;80;4439.00;55
11845;79;626954629;11845;358;12868;12924;6.48;0.40;285.92;13.22;1023;80;4440.00;56
11847;79;626954641;11847;358;12868;12924;6.53;0.40;285.92;13.22;1021;80;4441.00;56
11853;79;626954654;11853;347;12868;12924;6.50;0.40;285.91;13.22;1015;80;4442.00;56
11855;79;626954666;11855;348;12869;12925;6.54;0.40;285.90;13.21;1014;80;4443.00;56
11857;79;626954684;11857;344;12872;12929;6.57;0.40;285.93;13.21;1015;80;4444.00;57
11860;79;626954697;11860;341;12872;12929;6.57;0.40;285.91;13.21;1012;80;4445.00;57
11864;79;626954710;11864;338;12874;12932;6.60;0.41;285.92;13.21;1010;80;4446.00;58
11873;79;626954722;11873;336;12875;12932;6.54;0.40;285.85;13.21;1002;80;4447.00;57
11878;79;626954735;11878;344;12875;12932;6.47;0.39;285.85;13.21;997;80;4448.00;57
11885;79;626954747;11885;346;12876;12932;6.40;0.39;285.85;13.25;991;80;4449.00;56
11888;79;626954760;11888;349;12879;12936;6.40;0.39;285.81;13.24;991;80;4450.00;57
11893;79;626954773;11893;350;12879;12936;6.39;0.39;285.80;13.24;986;80;4451.00;57
11898;79;626954786;11898;358;12880;12936;6.38;0.39;285.83;13.24;982;80;4452.00;56
11901;79;626954798;11901;361;12880;12936;6.37;0.39;285.82;13.24;979;80;4453.00;56
11905;79;626954810;11905;368;12880;12937;6.33;0.38;285.80;13.24;975;80;4454.00;57
11910;79;626954822;11910;373;12882;12939;6.32;0.38;285.77;13.24;972;80;4455.00;57
11915;79;626954834;11915;376;12882;12939;6.26;0.38;285.73;13.24;967;80;4456.00;57
11916;79;626954846;11916;386;12883;12940;6.26;0.38;285.74;13.24;967;80;4457.00;57
11920;79;626954858;11920;384;12883;12940;6.22;0.38;285.73;13.24;963;80;4458.00;57
11921;79;626954870;11921;390;12883;12940;6.18;0.38;285.72;13.24;962;80;4459.00;57
11925;79;626954882;11925;397;12883;12940;6.12;0.37;285.67;13.24;958;80;4460.00;57
11925;79;626954893;11925;409;12883;12940;6.14;0.37;285.67;13.24;958;80;4461.00;57
11927;79;626954904;11927;419;12883;12940;6.12;0.37;285.64;13.24;956;80;4462.00;57
11929;79;626954916;11929;422;12883;12940;6.08;0.37;285.61;13.24;954;80;4463.00;57
11930;79;626954928;11930;437;12950;13067;6.48;0.40;285.60;13.17;1020;80;4464.00;117
11933;79;626954949;11933;444;12953;13068;6.40;0.40;285.53;13.21;1020;80;4465.00;115
11933;79;626954961;11933;441;12962;13068;6.39;0.40;285.53;13.20;1029;80;4466.00;106
11935;79;626954975;11935;432;12965;13068;6.32;0.39;285.52;13.20;1030;80;4467.00;103
11937;79;626954986;11937;423;12971;13068;6.35;0.39;285.51;13.19;1034;80;4468.00;97
11939;79;626954999;11939;420;12975;13068;6.40;0.40;285.47;13.19;1036;80;4469.00;93
11942;79;626955013;11942;412;12981;13068;6.43;0.40;285.49;13.19;1039;80;4470.00;87
11943;79;626955031;11943;415;12983;13068;6.45;0.40;285.49;13.19;1040;80;4471.00;85
11944;79;626955044;11944;413;12987;13069;6.49;0.40;285.47;13.18;1043;80;4472.00;82
11945;79;626955056;11945;415;12990;13070;6.51;0.40;285.46;13.18;1045;80;4473.00;80
11947;79;626955070;11947;414;12993;13070;6.52;0.40;285.48;13.18;1046;80;4474.00;77
11950;79;626955083;11950;411;12997;13071;6.49;0.40;285.53;13.22;1047;80;4475.00;74
11950;79;626955096;11950;384;12999;13071;6.52;0.40;285.53;13.22;1049;80;4476.00;72
11951;79;626955110;11951;372;13000;13071;6.59;0.41;285.52;13.22;1049;80;4477.00;71
11952;79;626955123;11952;362;13002;13071;6.73;0.41;285.51;13.22;1050;80;4478.00;69
11954;79;626955137;11954;353;13005;13075;6.85;0.42;285.53;13.22;1051;80;4479.00;70
11954;79;626955152;11954;340;13006;13075;6.95;0.43;285.53;13.22;1052;80;4480.00;69
11956;79;626955166;11956;326;13007;13075;7.09;0.43;285.53;13.22;1051;80;4481.00;68
11956;79;626955186;11956;314;13010;13078;7.27;0.44;285.53;13.21;1054;80;4482.00;68
11957;79;626955200;11957;314;13010;13078;7.39;0.45;285.52;13.21;1053;80;4483.00;68
11963;79;626955221;11963;306;13011;13078;7.41;0.45;285.46;13.21;1048;80;4484.00;67
11964;79;626955255;11964;300;13014;13082;7.47;0.45;285.46;13.21;1050;80;4485.00;68
11965;79;626955276;11965;294;13016;13083;7.51;0.46;285.45;13.21;1051;80;4486.00;67
11966;79;626955317;11966;294;13016;13083;7.59;0.46;285.44;13.21;1050;80;4487.00;67
11967;79;626955333;11967;295;13019;13087;7.60;0.46;285.43;13.21;1052;80;4488.00;68
11969;80;626955350;11969;289;13019;13087;7.61;0.46;285.40;13.21;1050;81;4489.00;68
11971;80;626955387;11971;291;13019;13087;7.56;0.46;285.38;13.21;1048;81;4490.00;68
11971;80;626955403;11971;286;13020;13088;7.55;0.46;285.38;13.21;1049;81;4491.00;68
11972;80;626955418;11972;283;13020;13088;7.48;0.45;285.39;13.21;1048;81;4492.00;68
11972;80;626955433;11972;275;13024;13094;7.52;0.46;285.39;13.20;1052;81;4493.00;70
11974;80;626955449;11974;272;13024;13094;7.52;0.46;285.36;13.20;1050;81;4494.00;70
11975;80;626955464;11975;267;13025;13095;7.54;0.46;285.34;13.20;1050;81;4495.00;70
11978;80;626955479;11978;259;13025;13095;7.54;0.46;285.35;13.20;1047;81;4496.00;70
11984;80;626955493;11984;263;13025;13095;7.50;0.46;285.34;13.20;1041;81;4497.00;70
11986;80;626955508;11986;268;13025;13095;7.50;0.46;285.35;13.20;1039;81;4498.00;70
11988;80;626955522;11988;269;13025;13095;7.45;0.45;285.32;13.20;1037;81;4499.00;70
11992;80;626955539;11992;277;13047;13145;7.39;0.45;285.34;13.18;1055;81;4500.00;98
11995;80;626955562;11995;274;13048;13147;7.32;0.45;285.37;13.18;1053;81;4501.00;99
11997;80;626955577;11997;273;13051;13147;7.31;0.44;285.39;13.22;1054;81;4502.00;96
11999;80;626955592;11999;266;13051;13147;7.27;0.44;285.45;13.22;1052;81;4503.00;96
12000;80;626955607;12000;266;13053;13147;7.24;0.44;285.49;13.22;1053;81;4504.00;94
12002;80;626955620;12002;273;13054;13147;7.23;0.44;285.55;13.21;1052;81;4505.00;93
12005;80;626955634;12005;274;13059;13151;7.19;0.44;285.61;13.21;1054;81;4506.00;92
12006;80;626955649;12006;273;13060;13151;7.18;0.44;285.63;13.21;1054;81;4507.00;91
12011;80;626955662;12011;276;13063;13155;7.14;0.44;285.71;13.21;1052;81;4508.00;92
12013;80;626955676;12013;278;13065;13156;7.13;0.44;285.75;13.21;1052;81;4509.00;91
12019;80;626955690;12019;278;13066;13156;7.06;0.43;285.81;13.21;1047;81;4510.00;90
12022;80;626955707;12022;275;13066;13156;7.02;0.43;285.85;13.21;1044;81;4511.00;90
12023;80;626955721;12023;279;13073;13169;7.03;0.43;285.86;13.20;1050;81;4512.00;96
12026;80;626955736;12026;274;13073;13169;7.05;0.43;285.88;13.20;1047;81;4513.00;96
12029;80;626955751;12029;270;13073;13169;7.04;0.43;285.94;13.20;1044;81;4514.00;96
12034;80;626955765;12034;272;13076;13170;7.02;0.43;285.99;13.20;1042;81;4515.00;94
12040;80;626955778;12040;274;13076;13171;7.01;0.43;286.01;13.20;1036;81;4516.00;95
12044;80;626955792;12044;268;13076;13171;7.01;0.43;285.99;13.20;1032;81;4517.00;95
12047;80;626955807;12047;270;13079;13174;7.08;0.43;286.00;13.24;1032;81;4518.00;95
12050;80;626955842;12050;265;13079;13174;7.10;0.43;286.00;13.24;1029;81;4519.00;95
12053;80;626955875;12053;266;13081;13174;7.13;0.44;286.05;13.24;1028;81;4520.00;93
12056;80;626955904;12056;261;13081;13174;7.11;0.43;286.04;13.24;1025;81;4521.00;93
12062;80;626955926;12062;251;13084;13180;7.04;0.43;286.11;13.24;1022;81;4522.00;96
12069;80;626955949;12069;246;13084;13180;7.05;0.43;286.11;13.24;1015;81;4523.00;96
12073;80;626955967;12073;239;13084;13180;7.08;0.43;286.14;13.24;1011;81;4524.00;96
12079;80;626955991;12079;229;13086;13180;7.07;0.43;286.19;13.27;1007;81;4525.00;94
12079;80;626956012;12079;223;13091;13184;7.15;0.43;286.19;13.26;1012;81;4526.00;93
12084;80;626956030;12084;221;13092;13185;7.22;0.44;286.23;13.26;1008;81;4527.00;93
12090;80;626956048;12090;217;13092;13185;7.25;0.44;286.25;13.26;1002;81;4528.00;93
12093;80;626956066;12093;215;13093;13186;7.30;0.44;286.31;13.26;1000;81;4529.00;93
12098;80;626956085;12098;218;13093;13186;7.33;0.44;286.33;13.26;995;81;4530.00;93
12103;80;626956102;12103;219;13093;13186;7.38;0.45;286.36;13.26;990;81;4531.00;93
12105;80;626956119;12105;217;13095;13186;7.47;0.45;286.34;13.27;990;81;4532.00;91
12108;80;626956135;12108;216;13096;13186;7.51;0.45;286.36;13.31;988;81;4533.00;90
12111;80;626956160;12111;218;13096;13186;7.50;0.45;286.41;13.31;985;81;4534.00;90
12114;80;626956175;12114;211;13097;13186;7.46;0.45;286.42;13.31;983;81;4535.00;89
12117;80;626956191;12117;220;13134;13256;7.50;0.46;286.48;13.32;1017;81;4536.00;122
12119;80;626956220;12119;216;13137;13257;7.54;0.46;286.51;13.32;1018;81;4537.00;120
12121;80;626956237;12121;215;13142;13257;7.61;0.46;286.55;13.32;1021;81;4538.00;115
12124;80;626956255;12124;219;13144;13257;7.68;0.47;286.58;13.32;1020;81;4539.00;113
12126;80;626956279;12126;222;13149;13257;7.71;0.47;286.57;13.32;1023;81;4540.00;108
12128;80;626956293;12128;222;13152;13257;7.81;0.48;286.62;13.32;1024;81;4541.00;105
12130;80;626956316;12130;226;13154;13257;7.91;0.48;286.62;13.32;1024;81;4542.00;103
12134;80;626956331;12134;227;13158;13257;7.98;0.48;286.62;13.32;1024;81;4543.00;99
12140;80;626956345;12140;228;13163;13258;8.01;0.49;286.58;13.32;1023;81;4544.00;95
12143;80;626956362;12143;229;13167;13260;8.06;0.49;286.60;13.32;1024;81;4545.00;93
12146;80;626956379;12146;227;13171;13260;8.07;0.49;286.62;13.32;1025;81;4546.00;89
12149;80;626956396;12149;230;13177;13264;8.05;0.49;286.59;13.31;1028;81;4547.00;87
12152;80;626956415;12152;226;13177;13264;8.06;0.49;286.61;13.31;1025;81;4548.00;87
12158;80;626956430;12158;234;13179;13264;8.01;0.49;286.69;13.31;1021;81;4549.00;85
12159;80;626956448;12159;236;13181;13264;7.98;0.48;286.69;13.34;1022;81;4550.00;83
12162;80;626956467;12162;242;13184;13270;8.00;0.49;286.76;13.34;1022;81;4551.00;86
12166;80;626956484;12166;246;13187;13270;7.95;0.48;286.80;13.35;1021;81;4552.00;83
12167;80;626956500;12167;248;13188;13270;7.97;0.48;286.81;13.36;1021;81;4553.00;82
12171;80;626956520;12171;252;13192;13273;8.05;0.49;286.83;13.37;1021;81;4554.00;81
12174;80;626956536;12174;254;13194;13273;8.07;0.49;286.81;13.38;1020;81;4555.00;79
12176;80;626956551;12176;255;13195;13273;8.08;0.49;286.85;13.39;1019;81;4556.00;78
12178;80;626956569;12178;248;13197;13274;8.10;0.49;286.86;13.39;1019;81;4557.00;77
12178;80;626956591;12178;253;13200;13275;8.12;0.49;286.86;13.42;1022;81;4558.00;75
12181;80;626956616;12181;263;13201;13275;8.11;0.49;286.89;13.43;1020;81;4559.00;74
12185;80;626956653;12185;271;13221;13301;8.00;0.49;286.89;13.42;1036;81;4560.00;80
12189;80;626956672;12189;275;13222;13301;7.98;0.48;286.88;13.43;1033;81;4561.00;79
12191;81;626956688;12191;276;13223;13301;7.94;0.48;286.86;13.43;1032;82;4562.00;78
12195;81;626956723;12195;274;13227;13302;7.93;0.48;286.89;13.44;1032;82;4563.00;75
12200;81;626956739;12200;278;13227;13302;7.88;0.48;286.90;13.44;1027;82;4564.00;75
12203;81;626956754;12203;288;13233;13306;7.82;0.47;286.95;13.46;1030;82;4565.00;73
12205;81;626956770;12205;292;13233;13306;7.68;0.47;286.97;13.46;1028;82;4566.00;73
12205;81;626956783;12205;299;13237;13310;7.52;0.46;286.97;13.47;1032;82;4567.00;73
12207;81;626956798;12207;304;13238;13310;7.36;0.45;286.97;13.47;1031;82;4568.00;72
12210;81;626956817;12210;303;13239;13310;7.19;0.44;286.97;13.48;1029;82;4569.00;71
12210;81;626956833;12210;305;13240;13310;7.13;0.43;286.97;13.49;1030;82;4570.00;70
12212;81;626956850;12212;306;13240;13310;7.06;0.43;287.03;13.49;1028;82;4571.00;70
12214;81;626956864;12214;302;13251;13322;7.09;0.43;287.02;13.49;1037;82;4572.00;71
12215;81;626956879;12215;307;13251;13322;7.02;0.43;287.04;13.49;1036;82;4573.00;71
12217;81;626956893;12217;305;13255;13322;6.97;0.42;287.10;13.52;1038;82;4574.00;67
12221;81;626956907;12221;314;13255;13322;6.93;0.42;287.17;13.52;1034;82;4575.00;67
12222;81;626956920;12222;316;13257;13322;6.92;0.42;287.20;13.52;1035;82;4576.00;65
12223;81;626956934;12223;319;13257;13322;6.94;0.42;287.23;13.52;1034;82;4577.00;65
12225;81;626956948;12225;325;13260;13323;6.88;0.42;287.27;13.55;1035;82;4578.00;63
12228;81;626956961;12228;327;13260;13323;6.80;0.41;287.28;13.55;1032;82;4579.00;63
12229;81;626956974;12229;331;13264;13329;6.77;0.41;287.32;13.55;1035;82;4580.00;65
12232;81;626956997;12232;334;13266;13330;6.67;0.41;287.41;13.55;1034;82;4581.00;64
12235;81;626957010;12235;335;13268;13330;6.57;0.40;287.48;13.56;1033;82;4582.00;62
12238;81;626957028;12238;340;13269;13330;6.45;0.40;287.54;13.56;1031;82;4583.00;61
12245;81;626957042;12245;347;13274;13334;6.36;0.39;287.50;13.57;1029;82;4584.00;60
12246;81;626957056;12246;353;13274;13334;6.29;0.39;287.49;13.57;1028;82;4585.00;60
12251;81;626957074;12251;355;13275;13334;6.13;0.38;287.49;13.58;1024;82;4586.00;59
12255;81;626957087;12255;360;13277;13335;5.98;0.37;287.53;13.58;1022;82;4587.00;58
12256;81;626957100;12256;373;13280;13339;5.87;0.36;287.52;13.58;1024;82;4588.00;59
12261;81;626957112;12261;379;13281;13339;5.69;0.35;287.53;13.59;1020;82;4589.00;58
12265;81;626957126;12265;383;13285;13345;5.59;0.34;287.61;13.58;1020;82;4590.00;60
12268;81;626957138;12268;378;13286;13345;5.46;0.34;287.60;13.59;1018;82;4591.00;59
12271;81;626957151;12271;381;13287;13345;5.44;0.33;287.61;13.59;1016;82;4592.00;58
12275;81;626957162;12275;380;13288;13345;5.47;0.34;287.59;13.59;1013;82;4593.00;57
12279;81;626957179;12279;382;13292;13349;5.51;0.34;287.55;13.60;1013;82;4594.00;57
12284;81;626957194;12284;386;13292;13349;5.49;0.34;287.56;13.60;1008;82;4595.00;57
12286;81;626957213;12286;391;13293;13349;5.56;0.34;287.53;13.60;1007;82;4596.00;56
12288;81;626957229;12288;394;13293;13349;5.53;0.34;287.55;13.60;1005;82;4597.00;56
12290;81;626957251;12290;388;13294;13350;5.59;0.34;287.57;13.60;1004;82;4598.00;56
12294;81;626957274;12294;380;13296;13351;5.60;0.34;287.56;13.60;1002;82;4599.00;55
12299;81;626957292;12299;375;13297;13351;5.57;0.34;287.56;13.60;998;82;4600.00;54
12305;81;626957318;12305;372;13298;13352;5.54;0.34;287.51;13.60;993;82;4601.00;54
12307;81;626957335;12307;374;13298;13352;5.55;0.34;287.52;13.60;991;82;4602.00;54
12312;81;626957350;12312;378;13298;13352;5.53;0.34;287.46;13.60;986;82;4603.00;54
12319;81;626957365;12319;379;13298;13352;5.53;0.34;287.57;13.60;979;82;4604.00;54
12320;81;626957379;12320;387;13298;13352;5.58;0.34;287.57;13.60;978;82;4605.00;54
12324;81;626957395;12324;382;13298;13352;5.57;0.34;287.54;13.60;974;82;4606.00;54
12326;81;626957412;12326;381;13298;13352;5.56;0.34;287.57;13.60;972;82;4607.00;54
12328;81;626957427;12328;383;13362;13479;6.05;0.38;287.54;13.54;1034;82;4608.00;117
12331;81;626957452;12331;382;13366;13480;6.02;0.38;287.53;13.53;1035;82;4609.00;114
12338;81;626957467;12338;385;13377;13480;6.09;0.38;287.50;13.52;1039;82;4610.00;103
12341;81;626957481;12341;385;13378;13480;6.06;0.38;287.48;13.52;1037;82;4611.00;102
12344;81;626957495;12344;386;13384;13480;6.08;0.38;287.45;13.52;1040;82;4612.00;96
12349;81;626957511;12349;393;13389;13480;6.08;0.38;287.43;13.51;1040;82;4613.00;91
12353;81;626957527;12353;394;13395;13480;6.03;0.37;287.39;13.51;1042;82;4614.00;85
12356;81;626957546;12356;392;13397;13480;5.98;0.37;287.41;13.51;1041;82;4615.00;83
12357;81;626957562;12357;394;13400;13481;5.99;0.37;287.41;13.51;1043;82;4616.00;81
12361;81;626957584;12361;398;13402;13482;5.94;0.37;287.41;13.51;1041;82;4617.00;80
12364;81;626957601;12364;406;13406;13482;5.87;0.36;287.43;13.51;1042;82;4618.00;76
12366;81;626957618;12366;412;13409;13483;5.86;0.36;287.46;13.51;1043;82;4619.00;74
12371;81;626957635;12371;414;13411;13483;5.82;0.36;287.45;13.51;1040;82;4620.00;72
12374;81;626957649;12374;421;13412;13483;5.80;0.36;287.47;13.51;1038;82;4621.00;71
12376;81;626957667;12376;426;13414;13483;5.79;0.36;287.46;13.51;1038;82;4622.00;69
12382;81;626957684;12382;427;13417;13487;5.72;0.35;287.44;13.50;1035;82;4623.00;70
12384;81;626957703;12384;439;13418;13487;5.72;0.35;287.45;13.50;1034;82;4624.00;69
12387;81;626957718;12387;439;13419;13487;5.66;0.35;287.47;13.50;1032;82;4625.00;68
12390;81;626957734;12390;438;13421;13490;5.67;0.35;287.47;13.50;1031;82;4626.00;69
12392;81;626957752;12392;425;13423;13490;5.69;0.35;287.47;13.50;1031;82;4627.00;67
12395;81;626957768;12395;418;13424;13490;5.70;0.35;287.44;13.50;1029;82;4628.00;66
12398;81;626957783;12398;412;13427;13494;5.77;0.35;287.43;13.50;1029;82;4629.00;67
12401;81;626957798;12401;411;13429;13495;5.83;0.36;287.40;13.50;1028;82;4630.00;66
12403;81;626957816;12403;408;13429;13495;5.90;0.36;287.42;13.50;1026;82;4631.00;66
12405;82;626957832;12405;402;13433;13499;6.00;0.37;287.40;13.54;1028;83;4632.00;66
12405;83;626957868;12405;397;13433;13499;6.09;0.37;287.40;13.54;1028;84;4633.00;66
12407;83;626957914;12407;389;13433;13499;6.17;0.38;287.38;13.54;1026;84;4634.00;66
12408;83;626957932;12408;387;13435;13501;6.26;0.38;287.39;13.54;1027;84;4635.00;66
12410;84;626957949;12410;387;13435;13501;6.33;0.39;287.38;13.54;1025;85;4636.00;66
12411;84;626957982;12411;367;13439;13507;6.40;0.39;287.35;13.53;1028;85;4637.00;68
12412;84;626958011;12412;353;13439;13507;6.49;0.40;287.36;13.53;1027;85;4638.00;68
12414;84;626958038;12414;346;13440;13508;6.62;0.40;287.34;13.53;1026;85;4639.00;68
12418;84;626958061;12418;345;13440;13508;6.71;0.41;287.32;13.53;1022;85;4640.00;68
12421;84;626958091;12421;339;13440;13508;6.81;0.41;287.27;13.53;1019;85;4641.00;68
12423;84;626958109;12423;338;13440;13508;6.89;0.42;287.29;13.53;1017;85;4642.00;68
12425;84;626958125;12425;333;13440;13508;6.98;0.42;287.33;13.53;1015;85;4643.00;68
12428;84;626958150;12428;332;13450;13520;7.15;0.43;287.33;13.52;1022;85;4644.00;70
12430;84;626958177;12430;333;13451;13520;7.22;0.44;287.34;13.52;1021;85;4645.00;69
12432;84;626958200;12432;320;13451;13520;7.32;0.44;287.35;13.52;1019;85;4646.00;69
12434;84;626958228;12434;317;13451;13520;7.36;0.45;287.36;13.52;1017;85;4647.00;69
12438;84;626958253;12438;302;13451;13520;7.34;0.45;287.45;13.52;1013;85;4648.00;69
12441;84;626958269;12441;288;13451;13520;7.40;0.45;287.42;13.52;1010;85;4649.00;69
12444;84;626958289;12444;286;13456;13526;7.45;0.45;287.44;13.52;1012;85;4650.00;70
12447;84;626958308;12447;277;13456;13526;7.49;0.45;287.50;13.52;1009;85;4651.00;70
12449;84;626958330;12449;274;13459;13530;7.56;0.46;287.50;13.51;1010;85;4652.00;71
12454;84;626958350;12454;278;13461;13531;7.50;0.45;287.57;13.51;1007;85;4653.00;70
12456;84;626958367;12456;265;13461;13531;7.51;0.46;287.57;13.51;1005;85;4654.00;70
12459;84;626958382;12459;278;13461;13531;7.52;0.46;287.62;13.51;1002;85;4655.00;70
12464;84;626958399;12464;279;13472;13544;7.52;0.46;287.59;13.50;1008;85;4656.00;72
12468;84;626958419;12468;281;13472;13544;7.48;0.45;287.63;13.50;1004;85;4657.00;72
12471;84;626958453;12471;275;13472;13544;7.43;0.45;287.64;13.50;1001;85;4658.00;72
12474;84;626958470;12474;274;13473;13545;7.44;0.45;287.67;13.50;999;85;4659.00;72
12477;84;626958486;12477;272;13473;13546;7.41;0.45;287.70;13.50;996;85;4660.00;73
12479;84;626958502;12479;273;13473;13546;7.41;0.45;287.70;13.50;994;85;4661.00;73
12480;84;626958520;12480;273;13475;13549;7.41;0.45;287.72;13.50;995;85;4662.00;74
12483;84;626958542;12483;271;13475;13549;7.40;0.45;287.73;13.50;992;85;4663.00;74
12484;84;626958557;12484;279;13477;13549;7.40;0.45;287.72;13.54;993;85;4664.00;72
12489;84;626958579;12489;280;13477;13549;7.33;0.45;287.75;13.54;988;85;4665.00;72
12492;84;626958597;12492;280;13481;13555;7.35;0.45;287.76;13.54;989;85;4666.00;74
12497;84;626958613;12497;286;13481;13555;7.34;0.45;287.79;13.54;984;85;4667.00;74
12502;84;626958629;12502;289;13482;13555;7.32;0.44;287.80;13.54;980;85;4668.00;73
12503;84;626958645;12503;287;13482;13555;7.34;0.45;287.79;13.54;979;85;4669.00;73
12504;84;626958663;12504;286;13485;13559;7.28;0.44;287.78;13.53;981;85;4670.00;74
12508;84;626958682;12508;289;13486;13560;7.30;0.44;287.80;13.53;978;85;4671.00;74
12509;84;626958697;12509;290;13486;13560;7.31;0.44;287.81;13.53;977;85;4672.00;74
12509;84;626958718;12509;291;13487;13561;7.32;0.44;287.81;13.53;978;85;4673.00;74
12511;84;626958733;12511;294;13487;13561;7.33;0.45;287.83;13.53;976;85;4674.00;74
12514;84;626958753;12514;293;13487;13561;7.27;0.44;287.86;13.53;973;85;4675.00;74
12515;84;626958768;12515;296;13487;13561;7.24;0.44;287.86;13.53;972;85;4676.00;74
12520;84;626958783;12520;302;13487;13561;7.19;0.44;287.93;13.53;967;85;4677.00;74
12521;84;626958797;12521;305;13487;13561;7.16;0.44;287.95;13.53;966;85;4678.00;74
12522;84;626958811;12522;304;13487;13561;7.14;0.43;287.97;13.53;965;85;4679.00;74
12526;84;626958827;12526;321;13553;13686;7.12;0.44;288.01;13.51;1027;85;4680.00;133
12529;84;626958853;12529;304;13553;13687;7.18;0.44;288.06;13.51;1024;85;4681.00;134
12531;84;626958868;12531;283;13561;13687;7.24;0.44;288.06;13.50;1030;85;4682.00;126
12533;84;626958883;12533;279;13565;13687;7.35;0.45;288.11;13.50;1032;85;4683.00;122
12539;84;626958901;12539;269;13570;13687;7.41;0.45;288.14;13.50;1031;85;4684.00;117
12541;84;626958918;12541;268;13575;13687;7.45;0.46;288.17;13.49;1034;85;4685.00;112
12545;84;626958937;12545;267;13579;13687;7.47;0.46;288.23;13.49;1034;85;4686.00;108
12548;84;626958952;12548;266;13579;13687;7.49;0.46;288.34;13.49;1031;85;4687.00;108
12551;84;626958968;12551;271;13582;13688;7.53;0.46;288.40;13.49;1031;85;4688.00;106
12554;84;626958983;12554;276;13583;13689;7.53;0.46;288.40;13.49;1029;85;4689.00;106
12558;84;626959000;12558;276;13585;13689;7.48;0.46;288.47;13.49;1027;85;4690.00;104
12563;84;626959022;12563;280;13590;13693;7.41;0.46;288.54;13.49;1027;85;4691.00;103
12567;84;626959039;12567;274;13591;13693;7.32;0.45;288.59;13.49;1024;85;4692.00;102
12572;84;626959060;12572;266;13593;13693;7.24;0.44;288.66;13.53;1021;85;4693.00;100
12573;84;626959076;12573;264;13595;13693;7.17;0.44;288.66;13.54;1022;85;4694.00;98
12577;84;626959094;12577;260;13600;13699;7.10;0.44;288.70;13.60;1023;85;4695.00;99
12579;84;626959111;12579;251;13600;13699;7.08;0.43;288.73;13.60;1021;85;4696.00;99
12583;84;626959127;12583;248;13601;13699;7.08;0.43;288.77;13.60;1018;85;4697.00;98
12588;84;626959150;12588;246;13604;13702;7.13;0.44;288.76;13.63;1016;85;4698.00;98
12590;84;626959167;12590;245;13605;13702;7.19;0.44;288.78;13.63;1015;85;4699.00;97
12592;84;626959183;12592;240;13605;13702;7.24;0.44;288.83;13.63;1013;85;4700.00;97
12594;84;626959210;12594;229;13605;13703;7.32;0.45;288.86;13.63;1011;85;4701.00;98
12598;84;626959244;12598;231;13606;13704;7.35;0.45;288.88;13.63;1008;85;4702.00;98
12602;84;626959285;12602;237;13607;13704;7.38;0.45;288.87;13.67;1005;85;4703.00;97
12604;84;626959310;12604;231;13616;13717;7.38;0.45;288.86;13.66;1012;85;4704.00;101
12607;84;626959334;12607;226;13617;13717;7.32;0.44;288.91;13.70;1010;85;4705.00;100
12611;84;626959352;12611;228;13617;13717;7.36;0.45;288.96;13.70;1006;85;4706.00;100
12613;84;626959371;12613;234;13620;13718;7.39;0.45;288.99;13.74;1007;85;4707.00;98
12617;84;626959390;12617;230;13621;13718;7.40;0.45;289.03;13.74;1004;85;4708.00;97
12618;84;626959407;12618;227;13625;13722;7.48;0.45;289.02;13.74;1007;85;4709.00;97
12621;84;626959430;12621;227;13626;13722;7.55;0.46;289.14;13.74;1005;85;4710.00;96
12623;84;626959450;12623;232;13629;13726;7.52;0.46;289.16;13.73;1006;85;4711.00;97
12627;84;626959468;12627;233;13630;13726;7.56;0.46;289.23;13.74;1003;85;4712.00;96
12629;84;626959482;12629;234;13630;13726;7.54;0.46;289.22;13.74;1001;85;4713.00;96
12633;84;626959496;12633;236;13630;13726;7.51;0.46;289.28;13.74;997;85;4714.00;96
12635;84;626959510;12635;231;13632;13726;7.50;0.46;289.30;13.75;997;85;4715.00;94
12638;84;626959524;12638;240;13641;13738;7.52;0.46;289.28;13.74;1003;85;4716.00;97
12643;84;626959539;12643;238;13643;13738;7.44;0.45;289.42;13.75;1000;85;4717.00;95
12646;84;626959553;12646;249;13645;13738;7.43;0.45;289.45;13.74;999;85;4718.00;93
12646;84;626959567;12646;250;13646;13738;7.37;0.45;289.45;13.74;1000;85;4719.00;92
12649;84;626959580;12649;251;13647;13738;7.32;0.45;289.51;13.76;998;85;4720.00;91
12650;84;626959594;12650;254;13651;13738;7.30;0.45;289.54;13.81;1001;85;4721.00;87
12651;84;626959608;12651;256;13652;13739;7.28;0.44;289.55;13.82;1001;85;4722.00;87
12655;84;626959621;12655;261;13652;13739;7.28;0.44;289.59;13.82;997;85;4723.00;87
12659;84;626959635;12659;265;13657;13745;7.35;0.45;289.61;13.82;998;85;4724.00;88
12660;84;626959650;12660;269;13661;13747;7.39;0.45;289.61;13.83;1001;85;4725.00;86
12661;84;626959664;12661;279;13662;13747;7.45;0.45;289.62;13.84;1001;85;4726.00;85
12665;84;626959677;12665;288;13663;13747;7.46;0.46;289.65;13.85;998;85;4727.00;84
12666;84;626959691;12666;290;13667;13751;7.51;0.46;289.66;13.86;1001;85;4728.00;84
12669;84;626959710;12669;287;13668;13751;7.49;0.46;289.65;13.87;999;85;4729.00;83
12672;84;626959724;12672;289;13669;13751;7.43;0.45;289.65;13.88;997;85;4730.00;82
12674;84;626959738;12674;293;13671;13752;7.41;0.45;289.67;13.88;997;85;4731.00;81
12674;84;626959752;12674;300;13674;13756;7.37;0.45;289.67;13.88;1000;85;4732.00;82
12678;84;626959765;12678;305;13677;13756;7.32;0.45;289.68;13.92;999;85;4733.00;79
12680;84;626959778;12680;312;13679;13759;7.31;0.45;289.68;13.91;999;85;4734.00;80
12681;84;626959792;12681;319;13681;13759;7.23;0.44;289.66;13.93;1000;85;4735.00;78
12684;84;626959805;12684;324;13682;13759;7.24;0.44;289.71;13.93;998;85;4736.00;77
12688;84;626959818;12688;332;13682;13759;7.20;0.44;289.69;13.93;994;85;4737.00;77
12690;84;626959831;12690;331;13685;13763;7.18;0.44;289.67;13.92;995;85;4738.00;78
12691;84;626959844;12691;329;13688;13763;7.15;0.44;289.69;13.95;997;85;4739.00;75
12695;84;626959857;12695;330;13690;13763;7.09;0.43;289.69;13.97;995;85;4740.00;73
12697;84;626959870;12697;331;13691;13763;7.01;0.43;289.72;13.98;994;85;4741.00;72
12701;84;626959882;12701;329;13692;13764;6.90;0.42;289.74;13.98;991;85;4742.00;72
12704;84;626959894;12704;327;13695;13765;6.89;0.42;289.75;13.99;991;85;4743.00;70
12707;84;626959907;12707;330;13696;13765;6.86;0.42;289.73;14.00;989;85;4744.00;69
12708;84;626959919;12708;327;13697;13766;6.87;0.42;289.73;14.00;989;85;4745.00;69
12711;84;626959930;12711;332;13698;13766;6.85;0.42;289.77;14.01;987;85;4746.00;68
12714;84;626959943;12714;336;13699;13766;6.83;0.42;289.73;14.01;985;85;4747.00;67
12716;84;626959955;12716;338;13700;13766;6.81;0.42;289.73;14.02;984;85;4748.00;66
12717;84;626959968;12717;345;13701;13766;6.79;0.42;289.71;14.03;984;85;4749.00;65
12719;84;626959981;12719;344;13702;13766;6.77;0.42;289.71;14.03;983;85;4750.00;64
12720;84;626959992;12720;355;13703;13766;6.70;0.41;289.69;14.04;983;85;4751.00;63
12723;84;626960003;12723;376;13766;13893;6.87;0.43;289.67;13.97;1043;85;4752.00;127
12730;84;626960025;12730;372;13771;13894;6.72;0.42;289.62;13.97;1041;85;4753.00;123
12734;84;626960038;12734;364;13780;13894;6.66;0.41;289.60;13.97;1046;85;4754.00;114
12738;84;626960050;12738;373;13784;13894;6.55;0.41;289.59;13.97;1046;85;4755.00;110
12741;84;626960061;12741;375;13792;13894;6.46;0.40;289.55;13.98;1051;85;4756.00;102
12743;84;626960073;12743;384;13796;13894;6.37;0.40;289.53;13.98;1053;85;4757.00;98
12747;84;626960084;12747;390;13801;13894;6.22;0.39;289.53;13.98;1054;85;4758.00;93
12749;84;626960097;12749;399;13805;13894;6.08;0.38;289.49;13.99;1056;85;4759.00;89
12755;84;626960112;12755;398;13809;13895;5.99;0.37;289.44;13.99;1054;85;4760.00;86
12757;84;626960128;12757;399;13814;13896;5.91;0.37;289.44;14.01;1057;85;4761.00;82
12760;84;626960141;12760;401;13817;13896;5.86;0.36;289.43;14.00;1057;85;4762.00;79
12763;84;626960153;12763;409;13820;13897;5.84;0.36;289.44;14.00;1057;85;4763.00;77
12765;84;626960166;12765;421;13825;13897;5.80;0.36;289.44;14.02;1060;85;4764.00;72
12766;84;626960180;12766;422;13826;13897;5.74;0.36;289.46;14.02;1060;85;4765.00;71
12769;84;626960192;12769;432;13828;13897;5.70;0.35;289.53;14.02;1059;85;4766.00;69
12773;84;626960205;12773;434;13831;13901;5.72;0.35;289.53;14.01;1058;85;4767.00;70
12776;84;626960222;12776;436;13832;13901;5.69;0.35;289.53;14.01;1056;85;4768.00;69
12779;84;626960234;12779;436;13834;13901;5.73;0.35;289.50;14.01;1055;85;4769.00;67
12781;84;626960256;12781;439;13837;13907;5.73;0.35;289.51;14.01;1056;85;4770.00;70
12783;84;626960269;12783;449;13838;13907;5.65;0.35;289.51;14.01;1055;85;4771.00;69
12786;84;626960284;12786;451;13839;13907;5.61;0.35;289.54;14.01;1053;85;4772.00;68
12790;84;626960296;12790;452;13842;13911;5.54;0.34;289.56;14.01;1052;85;4773.00;69
12794;84;626960310;12794;460;13844;13912;5.49;0.34;289.51;14.01;1050;85;4774.00;68
12798;84;626960325;12798;459;13844;13912;5.45;0.34;289.47;14.01;1046;85;4775.00;68
12798;84;626960337;12798;463;13848;13916;5.51;0.34;289.47;14.00;1050;85;4776.00;68
12799;84;626960350;12799;461;13848;13916;5.51;0.34;289.48;14.00;1049;85;4777.00;68
12800;84;626960362;12800;460;13849;13916;5.50;0.34;289.47;14.00;1049;85;4778.00;67
12806;84;626960374;12806;445;13850;13917;5.47;0.34;289.43;14.00;1044;85;4779.00;67
12808;84;626960386;12808;427;13851;13917;5.52;0.34;289.43;14.00;1043;85;4780.00;66
12810;84;626960397;12810;417;13854;13923;5.56;0.34;289.44;14.00;1044;85;4781.00;69
12812;84;626960410;12812;410;13855;13923;5.61;0.34;289.41;14.00;1043;85;4782.00;68
12820;84;626960422;12820;407;13855;13924;5.59;0.34;289.39;14.00;1035;85;4783.00;69
12824;84;626960434;12824;405;13856;13924;5.64;0.34;289.38;14.00;1032;85;4784.00;68
12827;84;626960446;12827;404;13856;13924;5.73;0.35;289.36;14.00;1029;85;4785.00;68
12833;84;626960464;12833;402;13856;13924;5.75;0.35;289.34;14.00;1023;85;4786.00;68
12836;84;626960477;12836;402;13856;13924;5.83;0.36;289.32;14.00;1020;85;4787.00;68
12838;84;626960489;12838;400;13865;13936;5.96;0.36;289.32;13.99;1027;85;4788.00;71
12841;84;626960503;12841;395;13865;13936;6.01;0.37;289.29;13.99;1024;85;4789.00;71
12842;84;626960515;12842;402;13867;13936;6.12;0.37;289.34;13.99;1025;85;4790.00;69
12844;84;626960527;12844;405;13867;13936;6.16;0.37;289.33;13.99;1023;85;4791.00;69
12847;84;626960540;12847;408;13867;13936;6.19;0.38;289.38;13.99;1020;85;4792.00;69
12848;84;626960553;12848;409;13867;13936;6.26;0.38;289.39;13.99;1019;85;4793.00;69
12851;84;626960566;12851;410;13870;13940;6.37;0.39;289.40;13.98;1019;85;4794.00;70
12853;84;626960579;12853;411;13870;13940;6.42;0.39;289.40;13.98;1017;85;4795.00;70
12854;84;626960591;12854;416;13873;13944;6.45;0.39;289.41;13.98;1019;85;4796.00;71
12854;84;626960605;12854;416;13874;13945;6.46;0.39;289.41;13.98;1020;85;4797.00;71
12856;84;626960618;12856;423;13875;13945;6.46;0.39;289.39;13.98;1019;85;4798.00;70
12857;84;626960630;12857;422;13875;13945;6.45;0.39;289.40;13.98;1018;85;4799.00;70
12860;84;626960646;12860;427;13897;13986;6.56;0.40;289.41;13.96;1037;85;4800.00;89
12863;84;626960666;12863;419;13898;13986;6.55;0.40;289.43;13.96;1035;85;4801.00;88
12865;84;626960680;12865;420;13900;13986;6.56;0.40;289.43;13.95;1035;85;4802.00;86
12867;84;626960693;12867;414;13903;13987;6.55;0.40;289.44;13.99;1036;85;4803.00;84
12870;84;626960706;12870;410;13903;13988;6.56;0.40;289.41;13.99;1033;85;4804.00;85
12874;84;626960719;12874;409;13904;13988;6.49;0.40;289.42;13.99;1030;85;4805.00;84
12878;84;626960732;12878;414;13908;13991;6.48;0.40;289.43;13.98;1030;85;4806.00;83
12879;84;626960744;12879;401;13908;13991;6.49;0.40;289.45;13.98;1029;85;4807.00;83
12882;84;626960758;12882;391;13910;13991;6.44;0.40;289.44;13.98;1028;85;4808.00;81
12885;84;626960770;12885;391;13911;13991;6.44;0.40;289.46;13.98;1026;85;4809.00;80
12891;84;626960784;12891;387;13916;13997;6.40;0.39;289.46;13.98;1025;85;4810.00;81
12895;84;626960797;12895;385;13917;13997;6.40;0.39;289.54;13.98;1022;85;4811.00;80
12899;84;626960811;12899;373;13917;13997;6.43;0.39;289.62;13.98;1018;85;4812.00;80
12904;84;626960824;12904;380;13917;13997;6.40;0.39;289.71;13.98;1013;85;4813.00;80
12909;84;626960848;12909;378;13920;14001;6.39;0.39;289.75;13.97;1011;85;4814.00;81
12913;84;626960862;12913;379;13922;14003;6.38;0.39;289.72;13.97;1009;85;4815.00;81
12915;84;626960875;12915;369;13922;14003;6.44;0.39;289.73;13.97;1007;85;4816.00;81
12919;84;626960888;12919;358;13924;14004;6.51;0.40;289.80;13.97;1005;85;4817.00;80
12920;84;626960902;12920;350;13924;14004;6.65;0.41;289.78;13.97;1004;85;4818.00;80
12924;84;626960916;12924;336;13925;14004;6.74;0.41;289.87;14.01;1001;85;4819.00;79
12928;84;626960929;12928;334;13925;14004;6.81;0.41;289.86;14.01;997;85;4820.00;79
12932;84;626960943;12932;326;13925;14004;6.85;0.42;289.87;14.01;993;85;4821.00;79
12935;84;626960958;12935;316;13925;14004;6.90;0.42;289.94;14.01;990;85;4822.00;79
12938;84;626960971;12938;308;13926;14004;6.89;0.42;289.97;14.01;988;85;4823.00;78
12943;84;626960984;12943;321;13967;14074;6.85;0.42;290.01;13.97;1024;85;4824.00;107
12943;84;626961003;12943;310;13967;14075;6.89;0.42;290.01;13.97;1024;85;4825.00;108
12946;84;626961017;12946;307;13970;14075;6.93;0.42;290.04;13.96;1024;85;4826.00;105
12947;84;626961030;12947;306;13971;14075;6.97;0.42;290.06;13.96;1024;85;4827.00;104
12951;84;626961043;12951;301;13974;14077;7.01;0.43;290.04;13.96;1023;85;4828.00;103
12958;84;626961057;12958;291;13978;14077;7.01;0.43;290.14;13.96;1020;85;4829.00;99
12959;84;626961072;12959;300;13981;14077;7.02;0.43;290.16;13.96;1022;85;4830.00;96
12962;84;626961085;12962;300;13982;14077;7.05;0.43;290.14;13.96;1020;85;4831.00;95
12965;84;626961098;12965;300;13984;14078;7.03;0.43;290.20;13.96;1019;85;4832.00;94
12965;84;626961111;12965;296;13986;14079;7.11;0.43;290.20;13.95;1021;85;4833.00;93
12968;84;626961124;12968;291;13988;14079;7.16;0.43;290.21;13.95;1020;85;4834.00;91
12969;84;626961137;12969;295;13994;14083;7.18;0.44;290.24;13.95;1025;85;4835.00;89
12973;84;626961150;12973;292;13996;14083;7.15;0.43;290.30;13.95;1023;85;4836.00;87
12974;84;626961164;12974;282;13997;14083;7.21;0.44;290.30;13.95;1023;85;4837.00;86
12979;84;626961177;12979;284;13998;14083;7.17;0.44;290.33;13.95;1019;85;4838.00;85
12984;84;626961190;12984;286;14004;14089;7.15;0.43;290.32;13.98;1020;85;4839.00;85
12985;84;626961204;12985;288;14006;14089;7.17;0.43;290.33;13.98;1021;85;4840.00;83
12988;84;626961221;12988;288;14007;14089;7.19;0.44;290.39;13.98;1019;85;4841.00;82
12988;84;626961244;12988;291;14010;14092;7.24;0.44;290.39;13.98;1022;85;4842.00;82
12988;84;626961266;12988;289;14010;14092;7.25;0.44;290.39;13.98;1022;85;4843.00;82
12989;84;626961290;12989;285;14010;14092;7.20;0.44;290.40;13.98;1021;85;4844.00;82
12991;84;626961320;12991;292;14010;14093;7.19;0.43;290.46;13.98;1019;85;4845.00;83
12992;84;626961338;12992;294;14011;14094;7.19;0.44;290.45;13.98;1019;85;4846.00;83
12993;84;626961352;12993;299;14011;14094;7.17;0.43;290.47;13.98;1018;85;4847.00;83
12995;84;626961366;12995;302;14022;14107;7.13;0.43;290.46;13.97;1027;85;4848.00;85
12995;84;626961380;12995;302;14022;14107;7.13;0.43;290.46;13.97;1027;85;4849.00;85
12997;84;626961394;12997;294;14022;14107;7.07;0.43;290.46;13.97;1025;85;4850.00;85
12998;84;626961409;12998;294;14023;14108;7.09;0.43;290.47;13.97;1025;85;4851.00;85
12999;84;626961423;12999;290;14023;14108;7.10;0.43;290.48;13.97;1024;85;4852.00;85
13001;84;626961438;13001;293;14026;14112;7.14;0.44;290.46;13.96;1025;85;4853.00;86
13003;84;626961452;13003;284;14026;14112;7.15;0.44;290.45;13.96;1023;85;4854.00;86
13008;84;626961467;13008;279;14030;14116;7.11;0.43;290.46;13.96;1022;85;4855.00;86
13013;84;626961482;13013;274;14030;14116;7.06;0.43;290.45;13.96;1017;85;4856.00;86
13015;84;626961502;13015;265;14030;14116;7.08;0.43;290.43;13.96;1015;85;4857.00;86
13017;84;626961514;13017;257;14030;14116;7.06;0.43;290.45;13.96;1013;85;4858.00;86
13018;84;626961527;13018;248;14030;14116;7.05;0.43;290.47;13.96;1012;85;4859.00;86
13022;84;626961541;13022;253;14051;14150;7.00;0.43;290.50;13.99;1029;85;4860.00;99
13025;84;626961556;13025;248;14052;14150;6.91;0.42;290.57;13.99;1027;85;4861.00;98
13026;84;626961569;13026;245;14054;14150;6.86;0.42;290.61;14.02;1028;85;4862.00;96
13029;84;626961581;13029;246;14054;14150;6.84;0.42;290.62;14.02;1025;85;4863.00;96
13034;84;626961601;13034;235;14055;14150;6.88;0.42;290.71;14.02;1021;85;4864.00;95
13035;84;626961614;13035;234;14055;14150;6.94;0.42;290.74;14.02;1020;85;4865.00;95
13044;84;626961629;13044;228;14056;14151;6.96;0.42;290.76;14.02;1012;85;4866.00;95
13049;84;626961643;13049;226;14059;14151;6.93;0.42;290.80;14.08;1010;85;4867.00;92
13051;84;626961656;13051;228;14063;14157;7.01;0.43;290.91;14.08;1012;85;4868.00;94
13054;84;626961668;13054;225;14065;14158;7.08;0.43;290.92;14.08;1011;85;4869.00;93
13056;84;626961680;13056;221;14065;14158;7.03;0.43;290.96;14.08;1009;85;4870.00;93
13060;84;626961693;13060;226;14065;14158;6.97;0.42;290.93;14.08;1005;85;4871.00;93
13064;84;626961706;13064;226;14068;14162;6.93;0.42;290.98;14.12;1004;85;4872.00;94
13067;84;626961719;13067;216;14069;14162;6.86;0.42;290.98;14.12;1002;85;4873.00;93
13069;84;626961732;13069;210;14069;14162;6.86;0.42;291.00;14.12;1000;85;4874.00;93
13072;84;626961745;13072;219;14070;14163;6.90;0.42;291.06;14.11;998;85;4875.00;93
13073;84;626961759;13073;221;14074;14167;6.94;0.42;291.09;14.11;1001;85;4876.00;93
13077;84;626961773;13077;218;14074;14167;6.97;0.43;291.12;14.11;997;85;4877.00;93
13080;84;626961785;13080;216;14077;14170;7.05;0.43;291.09;14.11;997;85;4878.00;93
13085;84;626961798;13085;223;14078;14170;7.17;0.44;291.08;14.11;993;85;4879.00;92
13086;84;626961811;13086;217;14078;14170;7.23;0.44;291.07;14.11;992;85;4880.00;92
13091;84;626961824;13091;222;14078;14170;7.20;0.44;291.11;14.11;987;85;4881.00;92
13094;84;626961837;13094;224;14082;14174;7.26;0.44;291.09;14.11;988;85;4882.00;92
13098;84;626961851;13098;222;14083;14174;7.28;0.44;291.13;14.11;985;85;4883.00;91
13103;85;626961863;13103;218;14084;14174;7.21;0.44;291.12;14.11;981;86;4884.00;90
13106;85;626961883;13106;219;14085;14174;7.19;0.44;291.14;14.11;979;86;4885.00;89
13109;85;626961901;13109;223;14085;14175;7.12;0.43;291.18;14.11;976;86;4886.00;90
13109;85;626961920;13109;230;14086;14176;7.07;0.43;291.18;14.11;977;86;4887.00;90
13111;85;626961933;13111;237;14086;14176;7.06;0.43;291.22;14.11;975;86;4888.00;90
13115;85;626961945;13115;244;14087;14177;7.02;0.43;291.25;14.10;972;86;4889.00;90
13116;85;626961959;13116;252;14087;14177;6.97;0.43;291.25;14.10;971;86;4890.00;90
13117;85;626961972;13117;261;14089;14177;6.95;0.42;291.33;14.13;972;86;4891.00;88
13120;85;626961985;13120;264;14089;14177;6.89;0.42;291.39;14.13;969;86;4892.00;88
13122;85;626961997;13122;273;14089;14177;6.83;0.42;291.43;14.13;967;86;4893.00;88
13129;85;626962009;13129;276;14091;14177;6.78;0.41;291.50;14.15;962;86;4894.00;86
13129;85;626962021;13129;286;14091;14177;6.79;0.41;291.50;14.15;962;86;4895.00;86
13133;85;626962033;13133;305;14153;14304;6.96;0.43;291.51;14.10;1020;86;4896.00;151
13134;85;626962056;13134;306;14156;14305;6.94;0.43;291.50;14.13;1022;86;4897.00;149
13136;85;626962069;13136;304;14167;14305;7.00;0.43;291.49;14.12;1031;86;4898.00;138
13138;85;626962081;13138;302;14174;14305;7.05;0.44;291.46;14.14;1036;86;4899.00;131
13142;85;626962094;13142;303;14182;14305;7.04;0.43;291.45;14.16;1040;86;4900.00;123
13144;85;626962110;13144;301;14188;14305;7.08;0.44;291.47;14.15;1044;86;4901.00;117
13148;85;626962128;13148;305;14195;14305;7.05;0.43;291.59;14.17;1047;86;4902.00;110
13149;85;626962142;13149;307;14199;14305;7.01;0.43;291.57;14.17;1050;86;4903.00;106
13151;85;626962154;13151;306;14203;14306;7.00;0.43;291.55;14.17;1052;86;4904.00;103
13155;85;626962167;13155;312;14207;14308;6.93;0.42;291.48;14.18;1052;86;4905.00;101
13157;85;626962179;13157;320;14211;14308;6.86;0.42;291.46;14.18;1054;86;4906.00;97
13161;85;626962191;13161;317;14213;14309;6.74;0.41;291.44;14.17;1052;86;4907.00;96
13161;85;626962205;13161;330;14217;14309;6.65;0.41;291.44;14.19;1056;86;4908.00;92
13162;85;626962224;13162;334;14218;14309;6.58;0.40;291.44;14.20;1056;86;4909.00;91
13164;85;626962238;13164;333;14221;14309;6.54;0.40;291.49;14.21;1057;86;4910.00;88
13168;85;626962252;13168;341;14224;14313;6.49;0.40;291.44;14.21;1056;86;4911.00;89
13168;85;626962266;13168;349;14228;14313;6.43;0.39;291.44;14.23;1060;86;4912.00;85
13168;85;626962285;13168;357;14228;14313;6.36;0.39;291.44;14.23;1060;86;4913.00;85
13171;85;626962297;13171;365;14231;14316;6.29;0.38;291.54;14.23;1060;86;4914.00;85
13172;85;626962310;13172;374;14234;14316;6.22;0.38;291.52;14.25;1062;86;4915.00;82
13173;85;626962322;13173;376;14235;14316;6.16;0.38;291.50;14.25;1062;86;4916.00;81
13176;85;626962333;13176;376;14241;14320;6.08;0.37;291.46;14.26;1065;86;4917.00;79
13176;85;626962346;13176;386;14243;14321;6.06;0.37;291.46;14.26;1067;86;4918.00;78
13178;85;626962358;13178;390;14243;14321;5.99;0.37;291.44;14.26;1065;86;4919.00;78
13178;85;626962371;13178;390;14249;14326;5.96;0.36;291.44;14.27;1071;86;4920.00;77
13181;85;626962389;13181;392;14249;14326;5.83;0.36;291.42;14.27;1068;86;4921.00;77
13185;85;626962400;13185;386;14249;14326;5.74;0.35;291.44;14.27;1064;86;4922.00;77
13186;85;626962412;13186;393;14252;14327;5.64;0.34;291.44;14.29;1066;86;4923.00;75
13188;85;626962423;13188;398;14252;14327;5.52;0.34;291.41;14.29;1064;86;4924.00;75
13191;85;626962434;13191;406;14256;14333;5.46;0.33;291.41;14.28;1065;86;4925.00;77
13194;85;626962446;13194;408;14257;14333;5.35;0.33;291.39;14.28;1063;86;4926.00;76
13198;85;626962456;13198;419;14260;14334;5.21;0.32;291.38;14.30;1062;86;4927.00;74
13200;85;626962468;13200;429;14260;14334;5.08;0.31;291.38;14.30;1060;86;4928.00;74
13203;85;626962478;13203;441;14262;14334;4.96;0.30;291.37;14.32;1059;86;4929.00;72
13208;85;626962494;13208;430;14263;14334;4.87;0.30;291.34;14.32;1055;86;4930.00;71
13210;85;626962505;13210;413;14264;14334;4.83;0.30;291.34;14.33;1054;86;4931.00;70
13211;85;626962519;13211;400;14275;14346;4.92;0.30;291.32;14.33;1064;86;4932.00;71
13213;85;626962531;13213;397;14275;14346;4.93;0.30;291.31;14.33;1062;86;4933.00;71
13215;85;626962541;13215;390;14277;14346;5.01;0.31;291.31;14.33;1062;86;4934.00;69
13217;85;626962553;13217;392;14279;14346;5.06;0.31;291.33;14.34;1062;86;4935.00;67
13218;85;626962564;13218;396;14279;14346;5.11;0.31;291.35;14.34;1061;86;4936.00;67
13220;85;626962577;13220;385;14281;14346;5.19;0.32;291.36;14.35;1061;86;4937.00;65
13224;85;626962589;13224;372;14284;14350;5.24;0.32;291.44;14.35;1060;86;4938.00;66
13225;85;626962602;13225;364;14284;14350;5.33;0.33;291.44;14.35;1059;86;4939.00;66
13229;85;626962613;13229;355;14289;14354;5.45;0.33;291.43;14.35;1060;86;4940.00;65
13231;86;626962625;13231;358;14290;14355;5.55;0.34;291.44;14.35;1059;87;4941.00;65
13234;86;626962648;13234;361;14291;14355;5.60;0.34;291.45;14.35;1057;87;4942.00;64
13236;86;626962660;13236;366;14291;14355;5.64;0.35;291.47;14.35;1055;87;4943.00;64
13238;86;626962672;13238;369;14302;14368;5.77;0.35;291.45;14.34;1064;87;4944.00;66
13242;86;626962684;13242;362;14302;14368;5.79;0.35;291.45;14.34;1060;87;4945.00;66
13245;86;626962697;13245;361;14302;14368;5.90;0.36;291.45;14.34;1057;87;4946.00;66
13247;86;626962709;13247;365;14303;14369;6.00;0.37;291.43;14.34;1056;87;4947.00;66
13254;86;626962722;13254;364;14303;14370;6.02;0.37;291.37;14.34;1049;87;4948.00;67
13257;86;626962734;13257;368;14303;14370;6.04;0.37;291.34;14.34;1046;87;4949.00;67
13259;86;626962748;13259;371;14307;14379;6.12;0.37;291.33;14.34;1048;87;4950.00;72
13262;87;626962761;13262;368;14308;14379;6.17;0.38;291.33;14.34;1046;88;4951.00;71
13264;87;626962788;13264;362;14309;14379;6.21;0.38;291.35;14.34;1045;88;4952.00;70
13267;87;626962801;13267;361;14309;14379;6.30;0.38;291.34;14.34;1042;88;4953.00;70
13270;88;626962820;13270;362;14313;14385;6.41;0.39;291.30;14.33;1043;89;4954.00;72
13273;88;626962840;13273;357;14314;14385;6.51;0.40;291.33;14.38;1041;89;4955.00;71
13280;88;626962854;13280;363;14315;14385;6.53;0.40;291.30;14.37;1035;89;4956.00;70
13282;88;626962871;13282;357;14316;14385;6.55;0.40;291.31;14.37;1034;89;4957.00;69
13288;88;626962883;13288;358;14320;14389;6.55;0.40;291.31;14.37;1032;89;4958.00;69
13291;88;626962896;13291;361;14321;14390;6.56;0.40;291.33;14.37;1030;89;4959.00;69
13296;88;626962909;13296;356;14322;14390;6.58;0.40;291.44;14.37;1026;89;4960.00;68
13299;88;626962921;13299;347;14323;14391;6.61;0.40;291.53;14.37;1024;89;4961.00;68
13303;88;626962934;13303;344;14323;14391;6.59;0.40;291.58;14.37;1020;89;4962.00;68
13307;88;626962947;13307;348;14323;14391;6.59;0.40;291.62;14.37;1016;89;4963.00;68
13312;88;626962959;13312;349;14323;14391;6.64;0.40;291.59;14.37;1011;89;4964.00;68
13315;88;626962972;13315;350;14323;14391;6.72;0.41;291.63;14.37;1008;89;4965.00;68
13318;88;626962985;13318;346;14323;14391;6.76;0.41;291.63;14.37;1005;89;4966.00;68
13322;88;626962998;13322;352;14323;14391;6.78;0.41;291.68;14.37;1001;89;4967.00;68
13326;88;626963016;13326;365;14366;14461;6.76;0.41;291.68;14.33;1040;89;4968.00;95
13329;88;626963040;13329;352;14366;14462;6.74;0.41;291.69;14.33;1037;89;4969.00;96
13334;88;626963053;13334;348;14371;14462;6.80;0.41;291.73;14.32;1037;89;4970.00;91
13336;88;626963066;13336;350;14375;14462;6.83;0.42;291.81;14.32;1039;89;4971.00;87
13338;88;626963078;13338;343;14379;14462;6.83;0.42;291.83;14.31;1041;89;4972.00;83
13342;88;626963091;13342;343;14385;14462;6.82;0.41;291.86;14.36;1043;89;4973.00;77
13345;88;626963104;13345;343;14387;14462;6.76;0.41;291.88;14.35;1042;89;4974.00;75
13346;88;626963123;13346;338;14388;14462;6.74;0.41;291.92;14.35;1042;89;4975.00;74
13349;88;626963136;13349;345;14390;14463;6.68;0.41;291.99;14.35;1041;89;4976.00;73
13350;88;626963149;13350;336;14391;14464;6.69;0.41;291.98;14.35;1041;89;4977.00;73
13355;88;626963163;13355;333;14392;14464;6.68;0.41;292.05;14.35;1037;89;4978.00;72
13357;88;626963176;13357;324;14395;14468;6.67;0.41;292.09;14.35;1038;89;4979.00;73
13359;88;626963192;13359;323;14395;14468;6.67;0.41;292.12;14.35;1036;89;4980.00;73
13361;88;626963205;13361;326;14395;14468;6.72;0.41;292.13;14.35;1034;89;4981.00;73
13362;88;626963225;13362;328;14395;14468;6.76;0.41;292.18;14.35;1033;89;4982.00;73
13366;88;626963246;13366;330;14399;14474;6.76;0.41;292.23;14.35;1033;89;4983.00;75
13372;88;626963272;13372;323;14400;14474;6.78;0.41;292.29;14.34;1028;89;4984.00;74
13374;88;626963295;13374;326;14400;14474;6.83;0.41;292.32;14.34;1026;89;4985.00;74
13377;88;626963323;13377;316;14403;14477;6.92;0.42;292.34;14.34;1026;89;4986.00;74
13381;88;626963349;13381;306;14404;14477;6.93;0.42;292.38;14.39;1023;89;4987.00;73
13382;88;626963373;13382;297;14404;14477;6.99;0.42;292.39;14.39;1022;89;4988.00;73
13384;88;626963388;13384;292;14404;14478;7.07;0.43;292.37;14.39;1020;89;4989.00;74
13390;88;626963404;13390;284;14406;14479;7.16;0.43;292.35;14.43;1016;89;4990.00;73
13392;88;626963421;13392;284;14406;14479;7.21;0.44;292.38;14.43;1014;89;4991.00;73
13394;88;626963436;13394;283;14417;14492;7.29;0.44;292.38;14.42;1023;89;4992.00;75
13397;88;626963451;13397;278;14417;14492;7.28;0.44;292.41;14.42;1020;89;4993.00;75
13400;88;626963467;13400;280;14417;14492;7.27;0.44;292.42;14.42;1017;89;4994.00;75
13402;88;626963483;13402;282;14419;14494;7.23;0.44;292.45;14.42;1017;89;4995.00;75
13407;88;626963497;13407;288;14419;14494;7.17;0.43;292.45;14.42;1012;89;4996.00;75
13410;88;626963512;13410;281;14422;14498;7.09;0.43;292.48;14.42;1012;89;4997.00;76
13410;88;626963528;13410;277;14422;14498;6.95;0.42;292.48;14.42;1012;89;4998.00;76
13411;88;626963542;13411;276;14426;14502;6.89;0.42;292.50;14.41;1015;89;4999.00;76
13413;88;626963557;13413;266;14426;14502;6.85;0.42;292.53;14.41;1013;89;5000.00;76
13416;88;626963576;13416;267;14426;14502;6.83;0.41;292.53;14.41;1010;89;5001.00;76
13420;88;626963592;13420;266;14426;14502;6.83;0.41;292.55;14.41;1006;89;5002.00;76
13421;88;626963606;13421;273;14426;14502;6.85;0.42;292.59;14.41;1005;89;5003.00;76
13424;88;626963621;13424;279;14435;14514;6.91;0.42;292.62;14.40;1011;89;5004.00;79
13425;88;626963635;13425;274;14435;14514;6.94;0.42;292.61;14.40;1010;89;5005.00;79
13427;88;626963649;13427;275;14437;14514;7.05;0.43;292.64;14.40;1010;89;5006.00;77
13428;88;626963663;13428;276;14437;14514;7.09;0.43;292.62;14.40;1009;89;5007.00;77
13432;88;626963677;13432;274;14437;14514;7.13;0.43;292.71;14.40;1005;89;5008.00;77
13433;88;626963691;13433;270;14437;14514;7.14;0.43;292.76;14.40;1004;89;5009.00;77
13436;88;626963706;13436;269;14437;14515;7.14;0.43;292.81;14.40;1001;89;5010.00;78
13437;88;626963724;13437;274;14437;14515;7.14;0.43;292.83;14.40;1000;89;5011.00;78
13441;88;626963737;13441;271;14441;14521;7.12;0.43;292.87;14.40;1000;89;5012.00;80
13443;88;626963753;13443;275;14442;14522;7.07;0.43;292.88;14.40;999;89;5013.00;80
13445;88;626963767;13445;277;14443;14522;7.01;0.42;292.90;14.40;998;89;5014.00;79
13447;88;626963781;13447;276;14443;14522;6.99;0.42;292.94;14.40;996;89;5015.00;79
13449;88;626963794;13449;278;14446;14526;6.94;0.42;292.93;14.39;997;89;5016.00;80
13449;88;626963807;13449;276;14446;14526;6.95;0.42;292.93;14.39;997;89;5017.00;80
13451;88;626963821;13451;285;14446;14526;6.91;0.42;292.94;14.39;995;89;5018.00;80
13451;88;626963834;13451;283;14448;14527;6.89;0.42;292.94;14.44;997;89;5019.00;79
13451;88;626963848;13451;283;14451;14531;6.85;0.42;292.94;14.44;1000;89;5020.00;80
13451;88;626963861;13451;280;14451;14531;6.79;0.41;292.94;14.44;1000;89;5021.00;80
13452;88;626963881;13452;280;14453;14534;6.76;0.41;292.93;14.43;1001;89;5022.00;81
13455;88;626963900;13455;268;14453;14534;6.72;0.41;292.95;14.43;998;89;5023.00;81
13458;88;626963913;13458;271;14454;14534;6.68;0.40;292.99;14.43;996;89;5024.00;80
13461;88;626963925;13461;258;14454;14534;6.63;0.40;292.97;14.43;993;89;5025.00;80
13463;88;626963937;13463;258;14457;14538;6.63;0.40;292.98;14.43;994;89;5026.00;81
13466;88;626963950;13466;248;14457;14538;6.59;0.40;293.01;14.43;991;89;5027.00;81
13467;88;626963962;13467;245;14458;14538;6.55;0.40;293.00;14.43;991;89;5028.00;80
13468;88;626963974;13468;240;14458;14538;6.51;0.40;293.03;14.43;990;89;5029.00;80
13472;88;626963987;13472;235;14458;14539;6.39;0.39;293.04;14.43;986;89;5030.00;81
13477;88;626963999;13477;236;14459;14540;6.26;0.38;293.11;14.43;982;89;5031.00;81
13481;88;626964011;13481;227;14459;14540;6.14;0.37;293.15;14.43;978;89;5032.00;81
13488;88;626964022;13488;226;14460;14541;6.04;0.37;293.19;14.43;972;89;5033.00;81
13492;88;626964034;13492;218;14460;14541;6.00;0.37;293.20;14.43;968;89;5034.00;81
13493;88;626964045;13493;222;14461;14541;6.02;0.37;293.19;14.44;968;89;5035.00;80
13500;88;626964057;13500;226;14461;14541;5.99;0.37;293.28;14.44;961;89;5036.00;80
13502;88;626964069;13502;224;14461;14541;6.00;0.37;293.29;14.44;959;89;5037.00;80
13507;88;626964080;13507;226;14461;14541;6.01;0.37;293.31;14.44;954;89;5038.00;80
13511;88;626964092;13511;227;14461;14541;6.05;0.37;293.30;14.44;950;89;5039.00;80
13514;88;626964105;13514;253;14558;14771;6.30;0.39;293.35;14.34;1044;89;5040.00;213
13516;88;626964136;13516;232;14560;14772;6.28;0.39;293.37;14.34;1044;89;5041.00;212
13520;88;626964149;13520;220;14568;14772;6.37;0.40;293.39;14.33;1048;89;5042.00;204
13520;88;626964163;13520;217;14574;14772;6.43;0.40;293.39;14.33;1054;89;5043.00;198
13521;88;626964175;13521;212;14581;14772;6.45;0.40;293.38;14.33;1060;89;5044.00;191
13521;88;626964188;13521;206;14591;14772;6.48;0.40;293.38;14.32;1070;89;5045.00;181
13524;88;626964202;13524;201;14597;14772;6.52;0.41;293.37;14.32;1073;89;5046.00;175
13526;88;626964219;13526;207;14603;14772;6.53;0.41;293.43;14.31;1077;89;5047.00;169
13529;88;626964240;13529;200;14610;14773;6.58;0.41;293.42;14.31;1081;89;5048.00;163
13530;88;626964254;13530;203;14613;14774;6.66;0.41;293.40;14.31;1083;89;5049.00;161
13535;88;626964270;13535;212;14616;14774;6.69;0.41;293.36;14.31;1081;89;5050.00;158
13536;88;626964284;13536;215;14619;14775;6.69;0.41;293.35;14.31;1083;89;5051.00;156
13539;88;626964296;13539;221;14623;14775;6.70;0.41;293.39;14.31;1084;89;5052.00;152
13541;88;626964309;13541;226;14626;14775;6.69;0.41;293.37;14.31;1085;89;5053.00;149
13543;88;626964328;13543;229;14630;14775;6.66;0.41;293.36;14.31;1087;89;5054.00;145
13544;88;626964341;13544;234;14634;14779;6.62;0.41;293.35;14.30;1090;89;5055.00;145
13547;88;626964355;13547;238;14637;14779;6.58;0.40;293.37;14.32;1090;89;5056.00;142
13548;88;626964369;13548;245;14642;14779;6.54;0.40;293.37;14.33;1094;89;5057.00;137
13549;88;626964382;13549;251;14643;14782;6.55;0.40;293.35;14.33;1094;89;5058.00;139
13550;88;626964395;13550;257;14646;14782;6.56;0.40;293.38;14.33;1096;89;5059.00;136
13552;88;626964409;13552;272;14651;14782;6.57;0.40;293.37;14.35;1099;89;5060.00;131
13555;88;626964422;13555;269;14657;14786;6.57;0.40;293.41;14.35;1102;89;5061.00;129
13557;88;626964436;13557;278;14661;14787;6.58;0.40;293.40;14.36;1104;89;5062.00;126
13558;88;626964449;13558;288;14663;14787;6.54;0.40;293.38;14.37;1105;89;5063.00;124
13560;88;626964463;13560;295;14667;14791;6.51;0.40;293.35;14.39;1107;89;5064.00;124
13561;88;626964477;13561;305;14670;14791;6.49;0.40;293.34;14.40;1109;89;5065.00;121
13566;88;626964491;13566;304;14671;14791;6.46;0.40;293.28;14.40;1105;89;5066.00;120
13566;88;626964505;13566;307;14676;14792;6.47;0.40;293.28;14.42;1110;89;5067.00;116
13570;88;626964518;13570;313;14676;14792;6.44;0.39;293.34;14.42;1106;89;5068.00;116
13572;88;626964531;13572;321;14681;14798;6.43;0.39;293.32;14.43;1109;89;5069.00;117
13573;88;626964546;13573;327;14683;14798;6.31;0.39;293.31;14.44;1110;89;5070.00;115
13574;88;626964559;13574;329;14686;14799;6.23;0.38;293.30;14.45;1112;89;5071.00;113
13575;88;626964572;13575;345;14687;14799;6.15;0.38;293.32;14.46;1112;89;5072.00;112
13577;88;626964591;13577;364;14691;14799;6.09;0.37;293.28;14.48;1114;89;5073.00;108
13578;88;626964603;13578;367;14692;14799;6.05;0.37;293.26;14.49;1114;89;5074.00;107
13582;88;626964616;13582;376;14695;14799;6.00;0.37;293.20;14.49;1113;89;5075.00;104
13584;88;626964628;13584;385;14707;14811;5.98;0.37;293.19;14.50;1123;89;5076.00;104
13584;88;626964642;13584;380;14709;14811;5.93;0.36;293.19;14.50;1125;89;5077.00;102
13587;88;626964654;13587;390;14713;14811;5.83;0.36;293.19;14.52;1126;89;5078.00;98
13588;88;626964667;13588;394;14715;14811;5.77;0.35;293.17;14.52;1127;89;5079.00;96
13589;88;626964679;13589;397;14719;14811;5.69;0.35;293.16;14.54;1130;89;5080.00;92
13589;88;626964691;13589;402;14720;14811;5.68;0.35;293.16;14.55;1131;89;5081.00;91
13592;88;626964703;13592;399;14723;14815;5.62;0.34;293.13;14.55;1131;89;5082.00;92
13593;88;626964715;13593;388;14725;14815;5.60;0.34;293.12;14.56;1132;89;5083.00;90
13594;88;626964733;13594;375;14728;14819;5.61;0.34;293.10;14.56;1134;89;5084.00;91
13594;88;626964746;13594;373;14732;14821;5.63;0.34;293.10;14.56;1138;89;5085.00;89
13596;88;626964759;13596;366;14732;14821;5.66;0.35;293.11;14.56;1136;89;5086.00;89
13600;88;626964772;13600;369;14733;14821;5.68;0.35;293.09;14.57;1133;89;5087.00;88
13601;88;626964786;13601;368;14746;14834;5.75;0.35;293.10;14.57;1145;89;5088.00;88
13603;88;626964799;13603;369;14747;14834;5.79;0.35;293.07;14.58;1144;89;5089.00;87
13603;88;626964818;13603;365;14748;14834;5.84;0.36;293.07;14.59;1145;89;5090.00;86
13606;89;626964831;13606;356;14750;14835;5.83;0.36;293.07;14.59;1144;90;5091.00;85
13608;89;626964860;13608;357;14750;14836;5.77;0.35;293.09;14.59;1142;90;5092.00;86
13611;89;626964873;13611;356;14751;14836;5.71;0.35;293.10;14.60;1140;90;5093.00;85
13612;89;626964885;13612;355;14753;14839;5.72;0.35;293.10;14.60;1141;90;5094.00;86
13617;89;626964898;13617;354;14756;14839;5.69;0.35;293.08;14.60;1139;90;5095.00;83
13620;89;626964911;13620;363;14757;14839;5.66;0.35;293.05;14.61;1137;90;5096.00;82
13623;89;626964929;13623;374;14758;14839;5.62;0.34;293.03;14.61;1135;90;5097.00;81
13624;89;626964953;13624;382;14763;14845;5.61;0.34;293.03;14.61;1139;90;5098.00;82
13630;89;626964965;13630;386;14764;14845;5.51;0.34;293.03;14.61;1134;90;5099.00;81
13633;89;626964981;13633;383;14771;14864;5.45;0.33;293.01;14.63;1138;90;5100.00;93
13637;89;626965000;13637;379;14772;14864;5.43;0.33;293.00;14.63;1135;90;5101.00;92
13639;89;626965012;13639;379;14775;14868;5.44;0.33;293.00;14.62;1136;90;5102.00;93
13642;89;626965025;13642;394;14778;14869;5.43;0.33;293.07;14.63;1136;90;5103.00;91
13644;89;626965037;13644;387;14778;14869;5.46;0.33;293.11;14.63;1134;90;5104.00;91
13645;89;626965049;13645;387;14780;14870;5.56;0.34;293.09;14.63;1135;90;5105.00;90
13648;89;626965062;13648;392;14782;14870;5.58;0.34;293.10;14.63;1134;90;5106.00;88
13649;89;626965075;13649;383;14783;14870;5.67;0.35;293.09;14.63;1134;90;5107.00;87
13652;89;626965087;13652;384;14783;14870;5.76;0.35;293.12;14.63;1131;90;5108.00;87
13655;89;626965100;13655;379;14783;14870;5.85;0.36;293.12;14.63;1128;90;5109.00;87
13657;89;626965114;13657;375;14783;14870;5.89;0.36;293.15;14.63;1126;90;5110.00;87
13660;89;626965126;13660;369;14783;14870;5.92;0.36;293.18;14.63;1123;90;5111.00;87
13665;89;626965139;13665;370;14819;14940;6.04;0.37;293.19;14.60;1154;90;5112.00;121
13667;89;626965159;13667;358;14821;14941;6.12;0.38;293.25;14.60;1154;90;5113.00;120
13673;89;626965173;13673;357;14827;14941;6.19;0.38;293.24;14.59;1154;90;5114.00;114
13675;89;626965187;13675;361;14829;14941;6.32;0.39;293.25;14.59;1154;90;5115.00;112
13679;89;626965200;13679;351;14833;14941;6.41;0.39;293.29;14.59;1154;90;5116.00;108
13685;89;626965214;13685;351;14837;14941;6.46;0.40;293.29;14.59;1152;90;5117.00;104
13689;89;626965234;13689;346;14840;14941;6.49;0.40;293.31;14.58;1151;90;5118.00;101
13694;89;626965257;13694;349;14842;14941;6.48;0.40;293.31;14.58;1148;90;5119.00;99
13701;89;626965292;13701;349;14843;14942;6.48;0.40;293.41;14.58;1142;90;5120.00;99
13703;89;626965322;13703;351;14845;14943;6.54;0.40;293.42;14.58;1142;90;5121.00;98
13709;89;626965340;13709;350;14848;14943;6.52;0.40;293.47;14.58;1139;90;5122.00;95
13714;89;626965356;13714;358;14854;14947;6.46;0.40;293.56;14.63;1140;90;5123.00;93
13716;89;626965374;13716;362;14854;14947;6.44;0.40;293.60;14.63;1138;90;5124.00;93
13725;89;626965390;13725;364;14854;14947;6.39;0.39;293.64;14.63;1129;90;5125.00;93
13731;89;626965406;13731;361;14854;14947;6.36;0.39;293.65;14.63;1123;90;5126.00;93
13735;89;626965422;13735;369;14857;14953;6.33;0.39;293.71;14.63;1122;90;5127.00;96
13738;89;626965444;13738;369;14858;14953;6.35;0.39;293.72;14.63;1120;90;5128.00;95
13743;89;626965467;13743;370;14859;14953;6.29;0.38;293.83;14.63;1116;90;5129.00;94
13748;89;626965485;13748;371;14862;14959;6.34;0.39;293.91;14.63;1114;90;5130.00;97
13753;89;626965500;13753;374;14862;14959;6.37;0.39;294.01;14.63;1109;90;5131.00;97
13757;89;626965516;13757;374;14864;14959;6.40;0.39;294.09;14.63;1107;90;5132.00;95
13761;89;626965532;13761;377;14865;14960;6.44;0.39;294.12;14.63;1104;90;5133.00;95
13765;89;626965547;13765;377;14868;14961;6.51;0.40;294.10;14.63;1103;90;5134.00;93
13770;89;626965562;13770;374;14868;14961;6.53;0.40;294.11;14.63;1098;90;5135.00;93
13775;89;626965577;13775;380;14876;14974;6.55;0.40;294.07;14.62;1101;90;5136.00;98
13780;89;626965594;13780;383;14878;14974;6.56;0.40;294.13;14.62;1098;90;5137.00;96
13783;89;626965609;13783;387;14878;14974;6.54;0.40;294.16;14.62;1095;90;5138.00;96
13785;89;626965624;13785;384;14881;14975;6.54;0.40;294.20;14.62;1096;90;5139.00;94
13790;89;626965640;13790;386;14882;14975;6.52;0.40;294.27;14.62;1092;90;5140.00;93
13793;89;626965655;13793;390;14886;14979;6.51;0.40;294.26;14.62;1093;90;5141.00;93
13797;89;626965671;13797;393;14887;14979;6.50;0.40;294.34;14.62;1090;90;5142.00;92
13799;89;626965686;13799;400;14890;14983;6.48;0.40;294.37;14.62;1091;90;5143.00;93
13805;89;626965701;13805;405;14891;14983;6.44;0.39;294.37;14.62;1086;90;5144.00;92
13808;89;626965716;13808;411;14891;14983;6.39;0.39;294.39;14.62;1083;90;5145.00;92
13811;89;626965732;13811;421;14892;14983;6.35;0.39;294.41;14.62;1081;90;5146.00;91
13815;89;626965746;13815;416;14893;14983;6.35;0.39;294.45;14.62;1078;90;5147.00;90
13819;89;626965762;13819;406;14903;14995;6.39;0.39;294.46;14.61;1084;90;5148.00;92
13823;89;626965779;13823;399;14903;14995;6.40;0.39;294.50;14.61;1080;90;5149.00;92
13827;89;626965794;13827;392;14904;14995;6.45;0.39;294.53;14.61;1077;90;5150.00;91
13829;89;626965810;13829;387;14905;14995;6.49;0.40;294.54;14.61;1076;90;5151.00;90
13831;89;626965825;13831;380;14907;14995;6.50;0.40;294.56;14.61;1076;90;5152.00;88
13831;89;626965840;13831;383;14907;14995;6.49;0.40;294.56;14.61;1076;90;5153.00;88
13836;89;626965855;13836;381;14907;14996;6.48;0.39;294.63;14.61;1071;90;5154.00;89
13840;89;626965870;13840;383;14908;14998;6.41;0.39;294.63;14.61;1068;90;5155.00;90
13843;89;626965886;13843;374;14913;15004;6.43;0.39;294.70;14.60;1070;91;5156.00;91
13848;89;626965913;13848;355;14914;15005;6.51;0.40;294.74;14.60;1066;91;5157.00;91
13854;89;626965928;13854;348;14915;15005;6.55;0.40;294.80;14.60;1061;91;5158.00;90
13856;89;626965944;13856;335;14915;15005;6.64;0.40;294.83;14.60;1059;91;5159.00;90
13861;89;626965961;13861;328;14919;15010;6.69;0.41;294.92;14.60;1058;91;5160.00;91
13863;89;626965978;13863;330;14919;15010;6.69;0.41;294.92;14.60;1056;91;5161.00;91
13867;89;626965993;13867;328;14919;15010;6.70;0.41;294.97;14.60;1052;91;5162.00;91
13869;89;626966014;13869;330;14920;15011;6.71;0.41;295.03;14.60;1051;91;5163.00;91
13875;89;626966028;13875;331;14923;15015;6.72;0.41;295.03;14.59;1048;91;5164.00;92
13879;89;626966043;13879;332;14923;15015;6.73;0.41;295.14;14.59;1044;91;5165.00;92
13882;89;626966058;13882;329;14926;15018;6.82;0.41;295.13;14.59;1044;91;5166.00;92
13889;89;626966073;13889;326;14926;15018;6.79;0.41;295.20;14.59;1037;91;5167.00;92
13893;89;626966089;13893;320;14926;15018;6.81;0.41;295.20;14.59;1033;91;5168.00;92
13897;89;626966103;13897;316;14926;15018;6.81;0.41;295.17;14.59;1029;91;5169.00;92
13900;89;626966117;13900;309;14929;15022;6.82;0.41;295.19;14.59;1029;91;5170.00;93
13902;89;626966132;13902;305;14930;15022;6.85;0.41;295.20;14.59;1028;91;5171.00;92
13903;89;626966146;13903;300;14930;15022;6.87;0.42;295.20;14.59;1027;91;5172.00;92
13906;89;626966160;13906;300;14930;15022;6.89;0.42;295.24;14.59;1024;91;5173.00;92
13908;89;626966174;13908;300;14930;15023;6.87;0.42;295.25;14.59;1022;91;5174.00;93
13908;89;626966187;13908;302;14932;15025;6.84;0.42;295.25;14.59;1024;91;5175.00;93
13913;89;626966202;13913;304;14932;15025;6.79;0.41;295.31;14.59;1019;91;5176.00;93
13915;89;626966217;13915;303;14933;15026;6.76;0.41;295.31;14.58;1018;91;5177.00;93
13915;89;626966232;13915;299;14933;15026;6.73;0.41;295.31;14.58;1018;91;5178.00;93
13915;89;626966246;13915;297;14933;15026;6.69;0.41;295.31;14.58;1018;91;5179.00;93
13916;89;626966260;13916;293;14933;15026;6.67;0.40;295.36;14.58;1017;91;5180.00;93
13919;89;626966274;13919;290;14933;15026;6.62;0.40;295.36;14.58;1014;91;5181.00;93
13920;89;626966287;13920;288;14933;15026;6.55;0.40;295.35;14.58;1013;91;5182.00;93
13920;89;626966299;13920;285;14933;15026;6.51;0.39;295.35;14.58;1013;91;5183.00;93
13921;89;626966311;13921;319;15004;15153;6.50;0.40;295.37;14.52;1083;91;5184.00;149
13922;89;626966333;13922;311;15006;15154;6.47;0.40;295.36;14.57;1084;91;5185.00;148
13922;89;626966347;13922;308;15013;15154;6.58;0.41;295.36;14.57;1091;91;5186.00;141
13922;89;626966359;13922;308;15014;15154;6.58;0.41;295.36;14.56;1092;91;5187.00;140
13923;89;626966372;13923;314;15019;15154;6.60;0.41;295.35;14.56;1096;91;5188.00;135
13925;89;626966385;13925;321;15023;15154;6.59;0.41;295.37;14.56;1098;91;5189.00;131
13928;89;626966400;13928;316;15028;15154;6.60;0.41;295.37;14.56;1100;91;5190.00;126
13931;89;626966414;13931;318;15032;15154;6.60;0.41;295.35;14.55;1101;91;5191.00;122
13934;89;626966427;13934;315;15035;15155;6.59;0.41;295.35;14.55;1101;91;5192.00;120
13936;89;626966440;13936;316;15037;15156;6.60;0.41;295.33;14.55;1101;91;5193.00;119
13936;89;626966453;13936;324;15041;15156;6.61;0.41;295.33;14.55;1105;91;5194.00;115
13939;89;626966466;13939;331;15043;15157;6.56;0.40;295.36;14.55;1104;91;5195.00;114
13943;89;626966480;13943;333;15044;15157;6.52;0.40;295.33;14.55;1101;91;5196.00;113
13945;89;626966492;13945;328;15046;15157;6.48;0.40;295.33;14.55;1101;91;5197.00;111
13946;89;626966505;13946;335;15047;15157;6.38;0.39;295.32;14.55;1101;91;5198.00;110
13950;89;626966518;13950;340;15049;15161;6.28;0.39;295.28;14.55;1099;91;5199.00;112
13951;89;626966532;13951;342;15051;15161;6.19;0.38;295.28;14.61;1100;91;5200.00;110
13953;89;626966554;13953;346;15052;15161;6.10;0.37;295.26;14.61;1099;91;5201.00;109
13954;89;626966566;13954;342;15055;15164;6.08;0.37;295.24;14.60;1101;91;5202.00;109
13956;89;626966578;13956;334;15057;15164;5.99;0.37;295.22;14.66;1101;91;5203.00;107
13958;89;626966591;13958;333;15058;15164;5.92;0.36;295.22;14.66;1100;91;5204.00;106
13963;89;626966605;13963;333;15063;15168;5.79;0.36;295.18;14.68;1100;91;5205.00;105
13965;89;626966632;13965;326;15066;15169;5.72;0.35;295.18;14.74;1101;91;5206.00;103
13968;89;626966644;13968;325;15066;15169;5.65;0.35;295.17;14.74;1098;91;5207.00;103
13971;89;626966657;13971;325;15070;15173;5.63;0.35;295.14;14.79;1099;91;5208.00;103
13973;89;626966669;13973;321;15070;15173;5.56;0.34;295.13;14.79;1097;91;5209.00;103
13974;89;626966681;13974;313;15070;15173;5.53;0.34;295.12;14.79;1096;91;5210.00;103
13978;89;626966693;13978;316;15071;15174;5.48;0.34;295.08;14.79;1093;91;5211.00;103
13984;89;626966705;13984;318;15073;15174;5.45;0.33;295.02;14.84;1089;91;5212.00;101
13986;89;626966718;13986;321;15076;15180;5.49;0.33;295.09;14.83;1090;91;5213.00;104
13987;89;626966730;13987;325;15077;15180;5.48;0.33;295.08;14.83;1090;91;5214.00;103
13990;89;626966743;13990;328;15078;15180;5.47;0.33;295.06;14.83;1088;91;5215.00;102
13994;89;626966755;13994;336;15079;15181;5.45;0.33;295.01;14.88;1085;91;5216.00;102
14000;89;626966768;14000;338;15080;15181;5.39;0.33;294.95;14.88;1080;91;5217.00;101
14001;89;626966780;14001;340;15080;15181;5.39;0.33;294.93;14.88;1079;91;5218.00;101
14003;89;626966792;14003;342;15080;15181;5.37;0.33;294.93;14.88;1077;91;5219.00;101
14004;89;626966805;14004;352;15102;15217;5.52;0.34;294.92;14.86;1098;91;5220.00;115
14006;89;626966820;14006;349;15103;15217;5.58;0.34;294.92;14.86;1097;91;5221.00;114
14007;89;626966832;14007;354;15105;15217;5.60;0.34;294.91;14.86;1098;91;5222.00;112
14007;89;626966845;14007;354;15106;15217;5.62;0.34;294.91;14.86;1099;91;5223.00;111
14008;89;626966857;14008;360;15106;15217;5.64;0.34;294.90;14.86;1098;91;5224.00;111
14008;89;626966869;14008;357;15108;15217;5.61;0.34;294.90;14.86;1100;91;5225.00;109
14009;89;626966881;14009;367;15111;15221;5.58;0.34;294.90;14.86;1102;91;5226.00;110
14010;89;626966893;14010;375;15112;15221;5.60;0.34;294.90;14.85;1102;91;5227.00;109
14011;89;626966905;14011;374;15116;15225;5.67;0.34;294.88;14.85;1105;91;5228.00;109
14012;89;626966918;14012;384;15117;15226;5.74;0.35;294.87;14.85;1105;91;5229.00;109
14013;89;626966930;14013;395;15122;15226;5.73;0.35;294.86;14.87;1109;91;5230.00;104
14013;89;626966942;14013;398;15122;15226;5.76;0.35;294.86;14.87;1109;91;5231.00;104
14015;89;626966960;14015;403;15133;15239;5.72;0.35;294.87;14.87;1118;91;5232.00;106
14016;89;626966975;14016;398;15134;15239;5.65;0.34;294.86;14.89;1118;91;5233.00;105
14018;89;626966993;14018;403;15135;15239;5.59;0.34;294.83;14.89;1117;91;5234.00;104
14020;89;626967005;14020;398;15138;15240;5.57;0.34;294.91;14.91;1118;91;5235.00;102
14021;89;626967018;14021;391;15138;15241;5.58;0.34;294.90;14.91;1117;91;5236.00;103
14021;89;626967031;14021;391;15140;15241;5.63;0.34;294.90;14.92;1119;91;5237.00;101
14023;89;626967049;14023;383;15145;15244;5.73;0.35;294.89;14.94;1122;91;5238.00;99
14023;89;626967062;14023;384;15145;15244;5.79;0.35;294.89;14.94;1122;91;5239.00;99
14024;89;626967075;14024;372;15146;15244;5.82;0.35;294.89;14.95;1122;91;5240.00;98
14025;89;626967087;14025;369;15147;15244;5.87;0.36;294.88;14.96;1122;91;5241.00;97
14025;89;626967106;14025;369;15152;15250;5.96;0.36;294.88;14.97;1127;91;5242.00;98
14027;89;626967120;14027;366;15153;15250;5.99;0.36;294.86;14.97;1126;91;5243.00;97
14028;90;626967132;14028;368;15156;15250;5.98;0.36;294.85;15.00;1128;92;5244.00;94
14028;90;626967152;14028;368;15156;15250;5.99;0.36;294.85;15.00;1128;92;5245.00;94
14029;90;626967164;14029;371;15160;15254;6.01;0.37;294.84;15.01;1131;92;5246.00;94
14030;90;626967181;14030;374;15162;15255;6.01;0.37;294.82;15.01;1132;92;5247.00;93
14030;90;626967193;14030;380;15163;15255;6.00;0.36;294.82;15.02;1133;92;5248.00;92
14032;90;626967206;14032;379;15165;15256;5.97;0.36;294.80;15.03;1133;92;5249.00;91
14034;90;626967224;14034;385;15166;15256;5.92;0.36;294.77;15.04;1132;92;5250.00;90
14035;90;626967244;14035;380;15166;15256;5.87;0.36;294.78;15.04;1131;92;5251.00;90
14036;90;626967265;14036;379;15167;15256;5.93;0.36;294.76;15.05;1131;92;5252.00;89
14037;90;626967287;14037;379;15167;15256;5.95;0.36;294.78;15.05;1130;92;5253.00;89
14040;90;626967305;14040;382;15171;15256;5.96;0.36;294.77;15.08;1131;92;5254.00;85
14042;90;626967324;14042;388;15171;15256;6.00;0.36;294.75;15.08;1129;92;5255.00;85
14042;90;626967345;14042;387;15207;15326;6.18;0.38;294.75;15.06;1165;92;5256.00;119
14046;90;626967366;14046;385;15209;15327;6.18;0.38;294.73;15.07;1163;92;5257.00;118
14047;90;626967381;14047;383;15219;15327;6.25;0.38;294.72;15.06;1172;92;5258.00;108
14050;90;626967396;14050;387;15229;15327;6.26;0.38;294.74;15.07;1179;92;5259.00;98
14053;90;626967410;14053;391;15234;15327;6.22;0.38;294.76;15.07;1181;92;5260.00;93
14056;90;626967425;14056;387;15238;15327;6.16;0.37;294.81;15.06;1182;92;5261.00;89
14061;90;626967439;14061;385;15243;15327;6.07;0.37;294.88;15.07;1182;92;5262.00;84
14065;90;626967453;14065;396;15244;15327;5.95;0.36;294.94;15.07;1179;92;5263.00;83
14069;90;626967466;14069;392;15247;15328;5.89;0.36;294.93;15.08;1178;92;5264.00;81
14074;90;626967481;14074;403;15250;15330;5.77;0.35;294.99;15.08;1176;92;5265.00;80
14076;90;626967495;14076;404;15250;15330;5.71;0.35;295.02;15.08;1174;92;5266.00;80
14080;90;626967508;14080;405;15255;15334;5.65;0.34;295.08;15.09;1175;92;5267.00;79
14085;90;626967523;14085;415;15256;15334;5.53;0.34;295.09;15.09;1171;92;5268.00;78
14088;90;626967537;14088;423;15256;15334;5.49;0.33;295.15;15.09;1168;92;5269.00;78
14090;90;626967550;14090;425;15257;15334;5.43;0.33;295.17;15.09;1167;92;5270.00;77
14094;90;626967573;14094;428;15262;15340;5.44;0.33;295.24;15.09;1168;92;5271.00;78
14098;90;626967590;14098;425;15263;15340;5.43;0.33;295.28;15.10;1165;92;5272.00;77
14099;90;626967605;14099;426;15264;15340;5.49;0.34;295.33;15.10;1165;92;5273.00;76
14105;90;626967620;14105;420;15266;15343;5.49;0.34;295.38;15.10;1161;92;5274.00;77
14109;90;626967635;14109;428;15267;15343;5.51;0.34;295.42;15.10;1158;92;5275.00;76
14110;90;626967651;14110;429;15267;15343;5.56;0.34;295.44;15.10;1157;92;5276.00;76
14114;90;626967665;14114;422;15268;15344;5.58;0.34;295.48;15.10;1154;92;5277.00;76
14118;90;626967680;14118;424;15269;15345;5.61;0.34;295.51;15.10;1151;92;5278.00;76
14120;90;626967695;14120;426;15269;15345;5.68;0.35;295.53;15.10;1149;92;5279.00;76
14125;90;626967711;14125;423;15289;15371;5.74;0.35;295.60;15.08;1164;92;5280.00;82
14128;90;626967731;14128;419;15290;15371;5.79;0.35;295.62;15.08;1162;92;5281.00;81
14132;90;626967747;14132;409;15291;15371;5.83;0.36;295.69;15.08;1159;92;5282.00;80
14134;90;626967764;14134;397;15292;15372;5.95;0.36;295.71;15.08;1158;92;5283.00;80
14140;90;626967781;14140;389;15292;15372;5.98;0.37;295.74;15.08;1152;92;5284.00;80
14144;90;626967796;14144;386;15296;15376;6.08;0.37;295.78;15.08;1152;92;5285.00;80
14148;90;626967812;14148;373;15296;15376;6.16;0.37;295.74;15.08;1148;92;5286.00;80
14150;90;626967827;14150;375;15299;15379;6.25;0.38;295.77;15.07;1149;92;5287.00;80
14154;90;626967842;14154;367;15299;15380;6.31;0.38;295.82;15.07;1145;92;5288.00;81
14158;90;626967857;14158;366;15299;15380;6.36;0.39;295.86;15.07;1141;92;5289.00;81
14162;90;626967873;14162;361;15299;15380;6.33;0.39;295.89;15.07;1137;92;5290.00;81
14167;90;626967888;14167;358;15299;15380;6.31;0.38;296.00;15.07;1132;92;5291.00;81
14171;90;626967903;14171;362;15308;15392;6.37;0.39;296.01;15.06;1137;92;5292.00;84
14177;90;626967918;14177;364;15308;15392;6.40;0.39;296.07;15.06;1131;92;5293.00;84
14181;90;626967934;14181;369;15310;15392;6.39;0.39;296.13;15.06;1129;92;5294.00;82
14187;90;626967948;14187;369;15310;15392;6.42;0.39;296.22;15.06;1123;92;5295.00;82
14191;90;626967964;14191;372;15310;15392;6.42;0.39;296.28;15.06;1119;92;5296.00;82
14195;90;626967980;14195;383;15310;15392;6.45;0.39;296.29;15.06;1115;92;5297.00;82
14199;90;626967995;14199;386;15310;15393;6.48;0.40;296.36;15.06;1111;92;5298.00;83
14203;90;626968010;14203;394;15310;15393;6.51;0.40;296.40;15.06;1107;92;5299.00;83
14208;90;626968027;14208;389;15314;15399;6.54;0.40;296.40;15.06;1106;92;5300.00;85
14214;90;626968048;14214;394;15315;15400;6.53;0.40;296.47;15.06;1101;92;5301.00;85
14215;90;626968065;14215;393;15316;15400;6.60;0.40;296.50;15.06;1101;92;5302.00;84
14219;90;626968086;14219;397;15316;15400;6.65;0.41;296.48;15.06;1097;92;5303.00;84
14222;90;626968101;14222;396;15319;15404;6.69;0.41;296.48;15.05;1097;92;5304.00;85
14224;90;626968116;14224;400;15319;15404;6.73;0.41;296.55;15.05;1095;92;5305.00;85
14228;90;626968131;14228;400;15319;15404;6.75;0.41;296.58;15.05;1091;92;5306.00;85
14233;90;626968146;14233;397;15320;15405;6.74;0.41;296.58;15.05;1087;92;5307.00;85
14236;90;626968162;14236;396;15323;15409;6.74;0.41;296.61;15.05;1087;92;5308.00;86
14239;90;626968177;14239;400;15323;15409;6.74;0.41;296.61;15.05;1084;92;5309.00;86
14246;90;626968194;14246;398;15326;15415;6.69;0.41;296.67;15.05;1080;92;5310.00;89
14251;90;626968209;14251;404;15327;15415;6.63;0.40;296.69;15.05;1076;92;5311.00;88
14257;90;626968227;14257;404;15328;15415;6.57;0.40;296.77;15.05;1071;92;5312.00;87
14259;90;626968243;14259;402;15328;15415;6.56;0.40;296.79;15.05;1069;92;5313.00;87
14264;90;626968259;14264;402;15331;15419;6.55;0.40;296.84;15.04;1067;92;5314.00;88
14268;90;626968275;14268;405;15331;15419;6.52;0.40;296.87;15.04;1063;92;5315.00;88
14272;90;626968290;14272;406;15332;15419;6.49;0.39;296.94;15.04;1060;92;5316.00;87
14273;90;626968303;14273;396;15332;15419;6.45;0.39;296.94;15.04;1059;92;5317.00;87
14275;90;626968319;14275;394;15333;15420;6.41;0.39;296.96;15.04;1058;92;5318.00;87
14279;90;626968333;14279;393;15334;15421;6.37;0.39;296.94;15.04;1055;92;5319.00;87
14282;90;626968348;14282;391;15334;15421;6.38;0.39;297.04;15.04;1052;92;5320.00;87
14284;90;626968362;14284;389;15335;15422;6.39;0.39;297.02;15.04;1051;92;5321.00;87
14287;90;626968384;14287;390;15335;15422;6.37;0.39;297.11;15.04;1048;92;5322.00;87
14293;90;626968398;14293;389;15335;15422;6.36;0.39;297.17;15.04;1042;92;5323.00;87
14296;90;626968412;14296;390;15335;15422;6.34;0.39;297.21;15.04;1039;92;5324.00;87
14299;90;626968426;14299;396;15335;15422;6.29;0.38;297.29;15.04;1036;92;5325.00;87
14302;90;626968439;14302;385;15335;15422;6.28;0.38;297.32;15.04;1033;92;5326.00;87
14306;90;626968452;14306;391;15335;15422;6.27;0.38;297.32;15.04;1029;92;5327.00;87
14307;90;626968478;14307;404;15404;15549;6.37;0.40;297.33;14.97;1097;92;5328.00;145
14311;90;626968502;14311;387;15407;15550;6.37;0.40;297.38;15.02;1096;92;5329.00;143
14314;90;626968517;14314;377;15415;15550;6.51;0.40;297.39;15.02;1101;92;5330.00;135
14317;90;626968532;14317;367;15418;15550;6.60;0.41;297.41;15.01;1101;92;5331.00;132
14321;90;626968546;14321;366;15422;15550;6.67;0.41;297.43;15.01;1101;92;5332.00;128
14323;90;626968560;14323;361;15426;15550;6.77;0.42;297.44;15.01;1103;92;5333.00;124
14329;90;626968580;14329;366;15429;15550;6.78;0.42;297.47;15.01;1100;92;5334.00;121
14330;90;626968600;14330;360;15431;15550;6.86;0.42;297.49;15.01;1101;92;5335.00;119
14334;90;626968614;14334;365;15438;15551;6.91;0.42;297.52;15.00;1104;92;5336.00;113
14335;90;626968628;14335;361;15440;15552;6.91;0.42;297.54;15.00;1105;92;5337.00;112
14338;90;626968643;14338;359;15444;15552;6.88;0.42;297.52;15.00;1106;92;5338.00;108
14339;90;626968657;14339;356;15447;15553;6.80;0.42;297.52;15.00;1108;92;5339.00;106
14341;90;626968673;14341;347;15448;15553;6.69;0.41;297.54;15.00;1107;92;5340.00;105
14344;90;626968692;14344;353;15450;15553;6.62;0.41;297.53;15.00;1106;92;5341.00;103
14346;90;626968707;14346;348;15451;15553;6.55;0.40;297.58;15.00;1105;92;5342.00;102
14348;90;626968721;14348;351;15454;15557;6.57;0.40;297.57;15.00;1106;92;5343.00;103
14351;90;626968734;14351;356;15456;15557;6.59;0.40;297.62;15.00;1105;92;5344.00;101
14351;90;626968749;14351;353;15456;15557;6.59;0.40;297.62;15.00;1105;92;5345.00;101
14357;90;626968762;14357;363;15460;15560;6.59;0.40;297.77;15.05;1103;92;5346.00;100
14360;90;626968776;14360;368;15461;15560;6.57;0.40;297.79;15.05;1101;92;5347.00;99
14362;90;626968795;14362;373;15462;15560;6.55;0.40;297.84;15.05;1100;92;5348.00;98
14365;90;626968809;14365;371;15465;15564;6.49;0.40;297.88;15.05;1100;92;5349.00;99
14368;90;626968823;14368;371;15467;15565;6.48;0.40;297.90;15.04;1099;92;5350.00;98
14371;90;626968844;14371;377;15467;15565;6.38;0.39;297.88;15.04;1096;92;5351.00;98
14373;90;626968858;14373;373;15471;15569;6.32;0.38;297.90;15.04;1098;92;5352.00;98
14374;90;626968871;14374;380;15471;15569;6.23;0.38;297.90;15.04;1097;92;5353.00;98
14377;90;626968884;14377;374;15471;15569;6.13;0.37;297.87;15.04;1094;92;5354.00;98
14377;90;626968897;14377;382;15473;15571;6.09;0.37;297.87;15.04;1096;92;5355.00;98
14378;90;626968910;14378;386;15473;15571;6.01;0.37;297.90;15.04;1095;92;5356.00;98
14379;90;626968923;14379;388;15477;15577;5.97;0.36;297.89;15.04;1098;92;5357.00;100
14381;90;626968937;14381;396;15477;15577;5.90;0.36;297.87;15.04;1096;92;5358.00;100
14381;90;626968949;14381;402;15478;15577;5.87;0.36;297.87;15.03;1097;92;5359.00;99
14385;90;626968961;14385;403;15479;15578;5.77;0.35;297.84;15.09;1094;92;5360.00;99
14388;90;626968975;14388;400;15479;15578;5.72;0.35;297.86;15.09;1091;92;5361.00;99
14390;90;626968987;14390;401;15479;15578;5.66;0.35;297.83;15.09;1089;92;5362.00;99
14394;90;626968999;14394;402;15479;15578;5.59;0.34;297.82;15.09;1085;92;5363.00;99
14395;90;626969011;14395;407;15488;15590;5.58;0.34;297.81;15.08;1093;92;5364.00;102
14396;90;626969025;14396;399;15488;15590;5.52;0.34;297.79;15.08;1092;92;5365.00;102
14399;90;626969037;14399;398;15490;15590;5.51;0.34;297.78;15.08;1091;92;5366.00;100
14402;90;626969048;14402;386;15490;15590;5.50;0.34;297.79;15.08;1088;92;5367.00;100
14404;90;626969060;14404;397;15490;15590;5.47;0.34;297.79;15.08;1086;92;5368.00;100
14406;90;626969072;14406;393;15490;15590;5.46;0.34;297.77;15.08;1084;92;5369.00;100
14410;90;626969085;14410;385;15493;15594;5.39;0.33;297.75;15.07;1083;92;5370.00;101
14413;90;626969097;14413;382;15493;15594;5.32;0.33;297.77;15.07;1080;92;5371.00;101
14420;90;626969108;14420;379;15497;15598;5.28;0.32;297.72;15.12;1077;92;5372.00;101
14425;90;626969120;14425;372;15498;15599;5.23;0.32;297.78;15.12;1073;92;5373.00;101
14428;90;626969132;14428;370;15499;15599;5.23;0.32;297.77;15.12;1071;92;5374.00;100
14432;90;626969144;14432;367;15500;15599;5.21;0.32;297.77;15.13;1068;92;5375.00;99
14435;90;626969157;14435;364;15509;15612;5.20;0.32;297.75;15.12;1074;92;5376.00;103
14437;90;626969169;14437;360;15510;15612;5.21;0.32;297.75;15.18;1073;92;5377.00;102
14437;90;626969180;14437;362;15512;15612;5.21;0.32;297.75;15.17;1075;92;5378.00;100
14438;90;626969192;14438;358;15513;15613;5.21;0.32;297.74;15.17;1075;92;5379.00;100
14439;90;626969203;14439;353;15513;15614;5.23;0.32;297.73;15.17;1074;92;5380.00;101
14441;90;626969215;14441;357;15513;15614;5.21;0.32;297.71;15.17;1072;92;5381.00;101
14442;90;626969235;14442;358;15516;15617;5.26;0.32;297.70;15.22;1074;92;5382.00;101
14444;90;626969256;14444;364;15517;15617;5.33;0.33;297.67;15.22;1073;92;5383.00;100
14446;90;626969277;14446;361;15518;15617;5.31;0.33;297.70;15.27;1072;92;5384.00;99
14446;90;626969295;14446;360;15519;15617;5.33;0.33;297.70;15.28;1073;92;5385.00;98
14448;90;626969311;14448;362;15523;15623;5.32;0.33;297.67;15.28;1075;92;5386.00;100
14451;90;626969330;14451;349;15523;15623;5.30;0.32;297.65;15.28;1072;92;5387.00;100
14453;90;626969345;14453;344;15525;15623;5.30;0.32;297.63;15.32;1072;92;5388.00;98
14457;90;626969358;14457;330;15525;15623;5.33;0.32;297.62;15.32;1068;92;5389.00;98
14460;90;626969372;14460;327;15529;15627;5.37;0.33;297.60;15.36;1069;92;5390.00;98
14460;90;626969386;14460;321;15530;15628;5.45;0.33;297.60;15.36;1070;92;5391.00;98
14461;90;626969399;14461;314;15530;15628;5.49;0.33;297.60;15.36;1069;92;5392.00;98
14462;90;626969412;14462;310;15532;15629;5.55;0.34;297.64;15.41;1070;92;5393.00;97
14465;90;626969426;14465;300;15532;15629;5.60;0.34;297.64;15.41;1067;92;5394.00;97
14466;90;626969440;14466;295;15532;15629;5.69;0.35;297.62;15.41;1066;92;5395.00;97
14467;90;626969453;14467;295;15533;15629;5.76;0.35;297.62;15.42;1066;92;5396.00;96
14467;90;626969474;14467;301;15533;15629;5.87;0.35;297.62;15.42;1066;92;5397.00;96
14468;90;626969488;14468;297;15533;15629;5.95;0.36;297.62;15.42;1065;92;5398.00;96
14468;90;626969500;14468;289;15534;15629;5.99;0.36;297.62;15.42;1066;92;5399.00;95
