step_arrived;step_collisions;step_duration;step_ended;step_halting;step_inserted;step_loaded;step_meanSpeed;step_meanSpeedRelative;step_meanTravelTime;step_meanWaitingTime;step_running;step_teleports;step_time;step_waiting
0;0;626751253;0;1;83;245;16.27;1.15;-1.00;0.00;83;0;0.00;162
0;0;626751284;0;0;93;245;15.47;1.08;-1.00;0.11;93;0;1.00;152
0;0;626751285;0;1;113;245;14.78;1.01;-1.00;0.44;113;0;2.00;132
0;0;626751286;0;1;130;245;13.57;0.92;-1.00;0.78;130;0;3.00;115
0;0;626751287;0;2;141;245;12.55;0.85;-1.00;1.03;141;0;4.00;104
0;0;626751288;0;5;150;245;11.87;0.80;-1.00;1.27;150;0;5.00;95
0;0;626751290;0;9;161;245;10.94;0.73;-1.00;1.59;161;0;6.00;84
0;0;626751291;0;11;168;245;10.35;0.69;-1.00;1.82;168;0;7.00;77
0;0;626751293;0;16;176;246;9.95;0.66;-1.00;2.10;176;0;8.00;70
0;0;626751295;0;18;180;247;9.67;0.64;-1.00;2.25;180;0;9.00;67
0;0;626751297;0;17;186;247;9.61;0.64;-1.00;2.46;186;0;10.00;61
0;0;626751299;0;21;191;248;9.31;0.61;-1.00;2.63;191;0;11.00;57
0;0;626751301;0;25;197;248;9.13;0.60;-1.00;2.92;197;0;12.00;51
1;0;626751303;1;31;200;248;8.96;0.59;13.00;3.07;199;0;13.00;48
1;0;626751306;1;33;203;248;8.84;0.58;13.00;3.23;202;0;14.00;45
1;0;626751309;1;37;210;252;8.74;0.57;13.00;3.49;209;0;15.00;42
1;0;626751312;1;39;210;252;8.78;0.57;13.00;3.49;209;0;16.00;42
1;0;626751315;1;46;217;252;8.71;0.56;13.00;3.93;216;0;17.00;35
1;0;626751318;1;51;219;255;8.87;0.56;13.00;3.97;218;0;18.00;36
1;0;626751321;1;53;222;255;8.91;0.57;13.00;4.18;221;0;19.00;33
2;0;626751324;2;57;222;255;9.01;0.57;16.50;4.18;220;0;20.00;33
3;0;626751327;3;60;228;259;9.14;0.58;18.00;4.27;225;0;21.00;31
3;0;626751330;3;63;235;260;9.08;0.57;18.00;4.71;232;0;22.00;25
5;0;626751333;5;65;237;260;8.96;0.56;20.00;4.86;232;0;23.00;23
5;0;626751336;5;69;242;264;8.90;0.56;20.00;4.96;237;0;24.00;22
6;0;626751339;6;73;242;264;8.85;0.56;20.50;4.96;236;0;25.00;22
6;0;626751343;6;75;245;264;8.79;0.55;20.50;5.22;239;0;26.00;19
6;0;626751346;6;80;248;265;8.83;0.55;20.50;5.31;242;0;27.00;17
6;0;626751349;6;83;251;265;8.73;0.54;20.50;5.59;245;0;28.00;14
6;0;626751352;6;87;256;271;8.74;0.54;20.50;5.50;250;0;29.00;15
6;0;626751358;6;89;257;271;8.62;0.53;20.50;5.54;251;0;30.00;14
7;0;626751361;7;91;259;272;8.46;0.52;21.57;5.62;252;0;31.00;13
7;0;626751364;7;94;260;272;8.41;0.52;21.57;5.72;253;0;32.00;12
7;0;626751367;7;95;262;272;8.41;0.52;21.57;5.86;255;0;33.00;10
7;0;626751370;7;99;263;272;8.51;0.52;21.57;5.86;256;0;34.00;9
9;0;626751373;9;105;265;272;8.47;0.52;23.89;5.98;256;0;35.00;7
10;0;626751377;10;108;277;284;8.74;0.54;24.70;5.72;267;0;36.00;7
10;0;626751386;10;112;278;284;8.71;0.54;24.70;5.83;268;0;37.00;6
10;0;626751392;10;114;278;284;8.68;0.53;24.70;5.83;268;0;38.00;6
11;0;626751397;11;117;278;284;8.56;0.53;26.00;5.83;267;0;39.00;6
12;0;626751401;12;119;279;284;8.28;0.51;26.92;5.87;267;0;40.00;5
13;0;626751405;13;126;279;284;8.16;0.50;27.62;5.87;266;0;41.00;5
13;0;626751410;13;128;283;288;8.14;0.50;27.62;5.80;270;0;42.00;5
13;0;626751415;13;130;283;288;7.91;0.49;27.62;5.80;270;0;43.00;5
14;0;626751419;14;133;286;292;7.87;0.49;28.64;5.75;272;0;44.00;6
15;0;626751423;15;135;288;294;7.78;0.48;29.27;5.71;273;0;45.00;6
15;0;626751431;15;140;289;294;7.77;0.48;29.27;5.70;274;0;46.00;5
16;0;626751436;16;141;289;294;7.66;0.48;29.06;5.70;273;0;47.00;5
16;0;626751441;16;141;299;307;7.92;0.49;29.06;5.51;283;0;48.00;8
18;0;626751446;18;145;299;307;7.77;0.48;30.94;5.51;281;0;49.00;8
18;0;626751451;18;146;300;307;7.71;0.48;30.94;5.50;282;0;50.00;7
18;0;626751455;18;148;301;308;7.51;0.47;30.94;5.48;283;0;51.00;7
18;0;626751460;18;148;302;309;7.42;0.46;30.94;5.47;284;0;52.00;7
19;0;626751464;19;149;302;309;7.32;0.45;32.05;5.47;283;0;53.00;7
19;0;626751468;19;150;304;312;7.33;0.45;32.05;5.43;285;0;54.00;8
20;0;626751473;20;152;304;312;7.24;0.45;31.40;5.43;284;0;55.00;8
22;0;626751478;22;143;305;312;7.28;0.45;32.64;5.42;283;0;56.00;7
23;0;626751483;23;137;305;312;7.26;0.45;33.70;5.42;282;0;57.00;7
23;0;626751490;23;136;309;318;7.37;0.45;33.70;5.36;286;0;58.00;9
24;0;626751496;24;139;310;318;7.29;0.45;34.75;5.35;286;0;59.00;8
25;0;626751502;25;141;311;318;7.34;0.45;35.76;5.34;286;0;60.00;7
25;0;626751506;25;144;311;318;7.42;0.46;35.76;5.34;286;0;61.00;7
26;0;626751510;26;146;315;322;7.42;0.45;36.65;5.29;289;0;62.00;7
27;0;626751515;27;150;316;323;7.47;0.46;37.56;5.27;289;0;63.00;7
29;0;626751518;29;151;316;323;7.48;0.46;38.28;5.27;287;0;64.00;7
30;0;626751522;30;152;317;324;7.56;0.46;37.77;5.26;287;0;65.00;7
30;0;626751526;30;152;317;324;7.59;0.47;37.77;5.26;287;0;66.00;7
31;0;626751529;31;142;317;324;7.63;0.47;38.65;5.26;286;0;67.00;7
31;0;626751534;31;138;317;324;7.76;0.48;38.65;5.26;286;0;68.00;7
31;0;626751538;31;134;317;324;7.87;0.49;38.65;5.26;286;0;69.00;7
31;0;626751541;31;129;317;324;8.04;0.50;38.65;5.26;286;0;70.00;7
32;0;626751545;32;127;317;324;8.13;0.50;39.66;5.26;285;0;71.00;7
33;0;626751549;33;132;354;394;8.27;0.51;40.00;4.71;321;0;72.00;40
33;0;626751559;33;121;355;395;8.47;0.52;40.00;4.70;322;0;73.00;40
33;0;626751569;33;115;362;395;8.87;0.55;40.00;4.65;329;0;74.00;33
35;2;626751572;35;111;364;395;9.10;0.56;41.66;4.64;329;2;75.00;31
37;2;626751600;37;110;367;395;9.39;0.57;43.43;4.63;330;2;76.00;28
38;2;626751605;38;110;369;395;9.58;0.59;44.32;4.63;331;2;77.00;26
39;2;626751615;39;106;373;395;9.76;0.59;45.18;4.65;334;2;78.00;22
40;2;626751619;40;106;375;395;9.82;0.60;45.60;4.66;335;2;79.00;20
40;2;626751623;40;108;378;396;9.86;0.60;45.60;4.69;338;2;80.00;18
41;2;626751638;41;110;380;397;9.93;0.60;46.46;4.67;339;2;81.00;17
42;2;626751642;42;113;381;397;9.87;0.60;47.07;4.68;339;2;82.00;16
42;2;626751646;42;119;385;401;9.68;0.59;47.07;4.64;343;2;83.00;16
42;2;626751651;42;119;385;401;9.68;0.59;47.07;4.64;343;2;84.00;16
42;2;626751655;42;121;385;401;9.73;0.59;47.07;4.64;343;2;85.00;16
44;2;626751659;44;122;385;401;9.66;0.59;48.75;4.64;341;2;86.00;16
44;2;626751664;44;124;389;407;9.57;0.58;48.75;4.61;345;2;87.00;18
45;2;626751668;45;127;389;407;9.40;0.57;49.62;4.61;344;2;88.00;18
45;2;626751672;45;127;390;407;9.25;0.56;49.62;4.60;345;2;89.00;17
46;2;626751678;46;131;393;413;9.08;0.55;50.50;4.57;347;2;90.00;20
47;2;626751683;47;128;394;413;8.98;0.55;51.36;4.56;347;2;91.00;19
48;2;626751687;48;131;394;413;8.89;0.54;52.21;4.56;346;2;92.00;19
48;2;626751691;48;131;396;414;8.96;0.55;52.21;4.55;348;2;93.00;18
48;2;626751696;48;133;397;415;9.04;0.55;52.21;4.54;349;2;94.00;18
52;2;626751699;52;134;398;415;9.06;0.55;54.08;4.54;346;2;95.00;17
52;2;626751703;52;135;407;428;9.04;0.55;54.08;4.44;355;2;96.00;21
53;2;626751709;53;134;408;428;9.12;0.55;54.89;4.43;355;2;97.00;20
53;2;626751713;53;135;409;428;9.13;0.55;54.89;4.42;356;2;98.00;19
58;2;626751717;58;134;410;429;9.11;0.55;58.69;4.41;352;2;99.00;19
59;2;626751723;59;132;410;429;9.19;0.56;59.37;4.41;351;2;100.00;19
60;2;626751730;60;130;412;433;9.29;0.57;60.07;4.40;352;2;101.00;21
61;2;626751735;61;126;412;433;9.33;0.57;60.75;4.40;351;2;102.00;21
61;2;626751740;61;122;417;437;9.34;0.57;60.75;4.36;356;2;103.00;20
62;2;626751745;62;114;417;437;9.43;0.57;61.37;4.36;355;2;104.00;20
64;2;626751750;64;108;417;437;9.50;0.58;62.41;4.36;353;2;105.00;20
64;2;626751755;64;100;417;437;9.66;0.59;62.41;4.36;353;2;106.00;20
66;2;626751760;66;91;417;437;9.71;0.59;63.73;4.36;351;2;107.00;20
67;2;626751765;67;88;428;449;9.88;0.61;64.34;4.25;361;2;108.00;21
68;2;626751770;68;81;429;449;10.01;0.62;65.00;4.24;361;2;109.00;20
68;2;626751775;68;76;429;449;10.15;0.62;65.00;4.24;361;2;110.00;20
69;2;626751780;69;77;429;449;10.37;0.64;65.64;4.24;360;2;111.00;20
70;2;626751785;70;78;429;449;10.52;0.65;66.21;4.24;359;2;112.00;20
71;2;626751790;71;71;429;449;10.63;0.65;66.87;4.24;358;2;113.00;20
71;2;626751795;71;70;430;450;10.80;0.66;66.87;4.23;359;2;114.00;20
72;2;626751800;72;69;430;450;10.93;0.67;66.88;4.23;358;2;115.00;20
72;2;626751806;72;68;434;456;11.19;0.69;66.88;4.20;362;2;116.00;22
73;2;626751811;73;66;437;457;11.34;0.69;67.56;4.45;364;2;117.00;20
75;3;626751817;75;69;437;457;11.43;0.70;68.37;4.45;362;3;118.00;20
76;3;626751835;76;71;437;457;11.64;0.71;69.04;4.45;361;3;119.00;20
76;3;626751847;76;72;442;462;11.89;0.73;69.04;4.67;366;3;120.00;20
80;3;626751853;80;74;444;462;11.98;0.73;70.67;4.87;364;3;121.00;18
81;3;626751859;81;74;445;462;12.03;0.73;71.27;4.97;364;3;122.00;17
82;3;626751864;82;75;447;463;12.04;0.73;71.87;5.22;365;3;123.00;16
82;3;626751871;82;79;453;467;11.94;0.73;71.87;5.39;371;3;124.00;14
82;3;626751877;82;79;454;467;11.97;0.73;71.87;5.66;372;3;125.00;13
82;3;626751883;82;81;457;470;12.01;0.73;71.87;5.74;375;3;126.00;13
83;3;626751890;83;83;460;470;12.04;0.73;72.51;6.10;377;3;127.00;10
83;3;626751896;83;87;461;470;12.13;0.74;72.51;6.18;378;3;128.00;9
83;3;626751903;83;87;462;470;12.23;0.75;72.51;6.34;379;3;129.00;8
85;3;626751909;85;87;467;474;12.20;0.75;73.58;6.55;382;3;130.00;7
87;3;626751916;87;87;468;474;12.22;0.75;74.63;6.54;381;3;131.00;6
89;3;626751923;89;87;470;474;12.27;0.75;75.70;6.64;381;3;132.00;4
90;3;626751930;90;87;470;474;12.30;0.75;76.20;6.64;380;3;133.00;4
92;3;626751936;92;88;471;475;12.25;0.75;76.26;6.63;379;3;134.00;4
93;3;626751942;93;89;474;477;12.22;0.75;76.87;6.72;381;3;135.00;3
93;3;626751949;93;90;474;477;12.19;0.75;76.87;6.72;381;3;136.00;3
96;3;626751956;96;92;475;478;12.16;0.74;78.43;6.71;379;3;137.00;3
99;3;626751963;99;95;476;478;12.18;0.74;79.70;6.78;377;3;138.00;2
99;3;626751970;99;97;476;478;12.10;0.74;79.70;6.78;377;3;139.00;2
104;3;626751977;104;98;477;478;11.97;0.73;80.92;6.86;373;3;140.00;1
108;3;626751983;108;99;477;478;11.84;0.72;82.20;6.86;369;3;141.00;1
111;3;626751991;111;101;478;478;11.79;0.72;83.78;6.89;367;3;142.00;0
113;3;626751998;113;105;478;478;11.70;0.72;84.51;6.89;365;3;143.00;0
116;3;626752006;116;125;546;605;11.42;0.72;85.05;6.04;430;3;144.00;59
116;3;626752028;116;119;551;606;11.34;0.71;85.05;5.99;435;3;145.00;55
117;3;626752040;117;116;560;606;11.36;0.71;85.57;5.93;443;3;146.00;46
117;3;626752059;117;116;564;606;11.34;0.71;85.57;5.91;447;3;147.00;42
118;3;626752067;118;119;572;606;11.26;0.71;86.10;5.88;454;3;148.00;34
120;3;626752074;120;120;575;606;11.11;0.70;86.63;5.88;455;3;149.00;31
124;3;626752083;124;118;580;611;10.92;0.68;87.74;5.88;456;3;150.00;31
125;3;626752092;125;118;583;611;10.76;0.67;87.10;5.89;458;3;151.00;28
125;3;626752104;125;121;587;612;10.64;0.66;87.10;5.90;462;3;152.00;25
128;3;626752112;128;123;590;613;10.61;0.66;87.34;5.92;462;3;153.00;23
128;3;626752119;128;127;594;613;10.57;0.66;87.34;5.94;466;3;154.00;19
128;3;626752126;128;129;598;614;10.55;0.66;87.34;5.95;470;3;155.00;16
128;3;626752132;128;131;601;614;10.48;0.66;87.34;5.97;473;3;156.00;13
128;3;626752138;128;133;602;614;10.43;0.65;87.34;5.98;474;3;157.00;12
128;3;626752145;128;140;604;614;10.51;0.66;87.34;6.01;476;3;158.00;10
129;3;626752151;129;143;607;618;10.53;0.66;87.81;6.00;478;3;159.00;11
130;3;626752158;130;148;609;618;10.48;0.65;88.37;6.02;479;3;160.00;9
134;3;626752165;134;151;610;618;10.31;0.64;89.60;6.03;476;3;161.00;8
136;3;626752171;136;150;613;621;10.29;0.64;90.56;6.03;477;3;162.00;8
138;3;626752178;138;147;613;621;10.17;0.63;91.47;6.03;475;3;163.00;8
141;3;626752184;141;150;614;621;10.10;0.62;91.28;6.04;473;3;164.00;7
142;3;626752196;142;151;617;625;10.02;0.62;91.28;6.02;475;3;165.00;8
146;3;626752203;146;149;618;626;9.98;0.62;92.56;6.01;472;3;166.00;8
147;3;626752209;147;146;618;626;9.91;0.61;92.80;6.01;471;3;167.00;8
149;3;626752215;149;147;624;630;9.78;0.60;93.51;6.00;475;3;168.00;6
150;3;626752221;150;149;624;630;9.58;0.59;93.52;6.00;474;3;169.00;6
152;3;626752227;152;140;625;630;9.37;0.58;94.32;6.02;473;3;170.00;5
154;3;626752233;154;133;627;631;9.25;0.57;94.64;6.04;473;3;171.00;4
156;3;626752239;156;125;629;631;9.12;0.56;95.49;6.07;473;3;172.00;2
157;3;626752245;157;123;633;637;9.15;0.56;95.90;6.04;476;3;173.00;4
158;3;626752252;158;120;635;637;9.16;0.56;96.40;6.04;477;3;174.00;2
158;3;626752258;158;121;636;638;9.24;0.57;96.40;6.03;478;3;175.00;2
159;3;626752270;159;124;638;638;9.27;0.57;96.43;6.06;479;3;176.00;0
161;3;626752277;161;120;638;638;9.36;0.57;96.68;6.06;477;3;177.00;0
163;3;626752283;163;123;638;638;9.49;0.58;96.85;6.06;475;3;178.00;0
163;3;626752289;163;118;638;638;9.72;0.59;96.85;6.06;475;3;179.00;0
164;3;626752297;164;118;668;672;9.82;0.61;97.19;5.79;504;3;180.00;4
165;3;626752306;165;116;668;672;9.91;0.61;97.17;5.79;503;3;181.00;4
165;3;626752313;165;119;670;672;10.03;0.62;97.17;5.78;505;3;182.00;2
168;3;626752319;168;125;670;672;10.15;0.63;98.26;5.78;502;3;183.00;2
168;3;626752326;168;127;671;672;10.31;0.64;98.26;5.77;503;3;184.00;1
170;3;626752332;170;133;671;672;10.35;0.64;99.00;5.77;501;3;185.00;1
170;3;626752339;170;139;676;676;10.49;0.65;99.00;5.75;506;3;186.00;0
173;3;626752346;173;140;676;676;10.44;0.64;99.13;5.75;503;3;187.00;0
174;3;626752353;174;144;679;680;10.37;0.64;99.09;5.73;505;3;188.00;1
176;3;626752361;176;150;680;681;10.21;0.63;99.43;5.72;504;3;189.00;1
177;3;626752369;177;156;681;681;10.09;0.62;99.52;5.71;504;3;190.00;0
179;3;626752376;179;163;681;681;9.90;0.61;100.11;5.71;502;3;191.00;0
182;3;626752384;182;173;694;694;9.80;0.61;99.69;5.61;512;3;192.00;0
185;3;626752392;185;176;694;694;9.64;0.59;101.07;5.61;509;3;193.00;0
187;3;626752399;187;180;694;694;9.51;0.59;101.23;5.61;507;3;194.00;0
190;3;626752406;190;181;695;695;9.41;0.58;101.24;5.60;505;3;195.00;0
192;3;626752413;192;187;696;696;9.31;0.57;101.05;5.59;504;3;196.00;0
198;3;626752420;198;190;696;696;9.21;0.57;101.33;5.59;498;3;197.00;0
200;3;626752428;200;191;698;699;9.19;0.56;101.59;5.58;498;3;198.00;1
202;3;626752435;202;192;699;699;8.99;0.55;101.66;5.57;497;3;199.00;0
206;3;626752444;206;197;699;699;8.73;0.53;101.29;5.57;493;3;200.00;0
209;3;626752454;209;202;699;699;8.57;0.52;101.99;5.57;490;3;201.00;0
212;4;626752463;212;207;704;705;8.43;0.52;101.13;5.54;492;4;202.00;1
213;4;626752490;213;212;704;705;8.26;0.51;100.90;5.54;491;4;203.00;1
215;4;626752497;215;214;705;705;8.13;0.50;101.72;5.53;490;4;204.00;0
215;4;626752504;215;220;705;705;8.02;0.49;101.72;5.53;490;4;205.00;0
218;4;626752510;218;222;709;709;7.87;0.48;101.32;5.51;491;4;206.00;0
218;4;626752517;218;226;710;710;7.73;0.47;101.32;5.50;492;4;207.00;0
218;4;626752523;218;230;710;710;7.67;0.47;101.32;5.50;492;4;208.00;0
218;4;626752530;218;238;711;711;7.63;0.47;101.32;5.50;493;4;209.00;0
219;4;626752537;219;241;711;711;7.62;0.47;101.79;5.50;492;4;210.00;0
222;4;626752543;222;243;711;711;7.59;0.47;101.67;5.50;489;4;211.00;0
222;4;626752549;222;246;711;711;7.63;0.47;101.67;5.50;489;4;212.00;0
223;4;626752555;223;244;711;711;7.58;0.47;101.30;5.50;488;4;213.00;0
226;4;626752561;226;249;711;711;7.43;0.46;101.00;5.50;485;4;214.00;0
227;4;626752567;227;254;711;711;7.34;0.45;101.49;5.50;484;4;215.00;0
227;4;626752573;227;270;755;781;7.61;0.47;101.49;5.17;528;4;216.00;26
227;4;626752586;227;251;757;782;7.61;0.47;101.49;5.16;530;4;217.00;25
228;4;626752596;228;246;763;782;7.75;0.48;101.82;5.14;535;4;218.00;19
229;4;626752604;229;223;769;782;7.94;0.49;102.31;5.12;540;4;219.00;13
230;4;626752612;230;212;773;782;8.10;0.50;102.56;5.12;543;4;220.00;9
231;4;626752619;231;202;778;782;8.31;0.51;103.07;5.12;547;4;221.00;4
234;4;626752626;234;195;779;782;8.48;0.52;103.96;5.12;545;4;222.00;3
236;4;626752633;236;190;780;782;8.61;0.53;103.92;5.12;544;4;223.00;2
236;4;626752642;236;187;782;783;8.77;0.54;103.92;5.12;546;4;224.00;1
239;4;626752651;239;184;784;785;8.79;0.54;105.05;5.10;545;4;225.00;1
240;4;626752666;240;165;785;785;8.88;0.54;105.55;5.11;545;4;226.00;0
243;4;626752676;243;156;789;789;8.96;0.55;105.59;5.09;546;4;227.00;0
244;4;626752686;244;142;789;789;9.11;0.56;106.08;5.09;545;4;228.00;0
246;4;626752703;246;134;789;789;9.27;0.57;106.55;5.09;543;4;229.00;0
248;4;626752711;248;127;789;789;9.46;0.58;106.81;5.09;541;4;230.00;0
249;4;626752725;249;122;794;795;9.66;0.59;107.31;5.06;545;4;231.00;1
250;4;626752740;250;115;794;795;9.78;0.60;107.61;5.06;544;4;232.00;1
251;4;626752748;251;114;795;795;9.93;0.60;107.54;5.06;544;4;233.00;0
252;4;626752757;252;106;797;798;10.03;0.61;108.02;5.05;545;4;234.00;1
253;4;626752766;253;99;798;798;10.14;0.62;107.87;5.04;545;4;235.00;0
253;4;626752774;253;102;798;798;10.17;0.62;107.87;5.04;545;4;236.00;0
255;4;626752781;255;94;799;799;10.21;0.62;108.65;5.04;544;4;237.00;0
256;4;626752789;256;95;800;800;10.26;0.62;108.98;5.03;544;4;238.00;0
257;4;626752796;257;88;800;800;10.29;0.63;109.11;5.03;543;4;239.00;0
259;5;626752805;259;98;824;826;10.14;0.62;110.04;4.89;565;5;240.00;2
262;5;626752831;262;98;825;826;10.17;0.62;110.47;4.88;563;5;241.00;1
265;5;626752838;265;97;826;826;10.26;0.63;110.69;4.88;561;5;242.00;0
268;5;626752847;268;101;827;827;10.25;0.63;111.63;4.87;559;5;243.00;0
271;5;626752854;271;105;827;827;10.31;0.63;112.51;4.87;556;5;244.00;0
272;5;626752862;272;106;830;831;10.40;0.64;112.60;4.86;558;5;245.00;1
279;6;626752870;279;109;830;831;10.33;0.63;113.74;4.86;551;6;246.00;1
280;6;626752889;280;111;835;835;10.31;0.63;114.10;4.84;555;6;247.00;0
281;6;626752897;281;115;835;835;10.35;0.63;114.55;4.84;554;6;248.00;0
284;6;626752906;284;119;835;835;10.33;0.63;114.76;4.84;551;6;249.00;0
284;6;626752914;284;119;835;835;10.32;0.63;114.76;4.84;551;6;250.00;0
286;6;626752921;286;124;835;835;10.31;0.63;115.50;4.84;549;6;251.00;0
289;6;626752928;289;131;846;847;10.37;0.63;116.21;4.78;557;6;252.00;1
291;6;626752937;291;131;846;847;10.30;0.63;116.89;4.78;555;6;253.00;1
292;7;626752944;292;134;847;847;10.30;0.63;116.94;4.77;555;7;254.00;0
295;7;626752958;295;139;847;847;10.28;0.62;117.76;4.77;552;7;255.00;0
297;7;626752970;297;145;847;847;10.25;0.62;118.10;4.77;550;7;256.00;0
298;7;626752978;298;148;847;847;10.22;0.62;118.12;4.77;549;7;257.00;0
299;7;626752984;299;150;848;848;10.20;0.62;118.10;4.77;549;7;258.00;0
300;7;626752992;300;156;848;848;10.15;0.62;118.25;4.77;548;7;259.00;0
300;7;626752999;300;150;853;854;10.18;0.62;118.25;4.75;553;7;260.00;1
300;7;626753007;300;146;854;855;10.21;0.62;118.25;4.74;554;7;261.00;1
301;7;626753014;301;140;855;855;10.16;0.62;118.13;4.74;554;7;262.00;0
304;7;626753021;304;138;855;855;10.12;0.61;118.17;4.74;551;7;263.00;0
306;7;626753028;306;136;859;859;10.16;0.62;118.46;4.72;553;7;264.00;0
307;7;626753036;307;136;859;859;10.20;0.62;118.35;4.72;552;7;265.00;0
310;8;626753043;310;134;859;859;10.26;0.62;118.61;4.72;549;8;266.00;0
313;8;626753057;313;135;860;860;10.37;0.63;118.97;4.71;547;8;267.00;0
315;9;626753070;315;131;864;864;10.38;0.63;119.39;4.69;549;9;268.00;0
318;9;626753084;318;128;864;864;10.53;0.64;119.88;4.69;546;9;269.00;0
322;9;626753094;322;124;867;870;10.64;0.64;120.03;4.68;545;9;270.00;3
325;9;626753102;325;118;867;870;10.67;0.64;120.73;4.68;542;9;271.00;3
331;9;626753108;331;116;868;870;10.61;0.64;121.83;4.68;537;9;272.00;2
334;9;626753116;334;114;868;870;10.74;0.65;122.22;4.68;534;9;273.00;2
337;10;626753124;337;111;871;874;10.83;0.65;122.55;4.67;534;10;274.00;3
339;11;626753144;339;106;871;874;10.98;0.66;122.68;4.67;532;11;275.00;3
339;11;626753163;339;97;872;874;11.22;0.68;122.68;4.67;533;11;276.00;2
341;11;626753174;341;92;872;874;11.39;0.69;123.16;4.67;531;11;277.00;2
342;11;626753181;342;88;874;875;11.59;0.70;123.19;4.66;532;11;278.00;1
343;11;626753189;343;85;875;876;11.79;0.71;123.44;4.66;532;11;279.00;1
344;11;626753197;344;82;876;876;11.91;0.72;123.26;4.66;532;11;280.00;0
347;11;626753205;347;79;877;877;12.01;0.73;123.99;4.66;530;11;281.00;0
350;11;626753213;350;81;877;877;12.03;0.73;124.11;4.66;527;11;282.00;0
351;11;626753222;351;79;877;877;12.04;0.73;124.15;4.66;526;11;283.00;0
352;11;626753230;352;81;877;877;12.07;0.73;123.89;4.66;525;11;284.00;0
354;11;626753238;354;81;877;877;12.10;0.73;124.14;4.66;523;11;285.00;0
354;11;626753245;354;79;877;877;12.18;0.74;124.14;4.66;523;11;286.00;0
356;12;626753254;356;80;877;877;12.25;0.74;124.42;4.66;521;12;287.00;0
357;12;626753272;357;100;945;1004;11.82;0.73;124.75;4.32;588;12;288.00;59
357;12;626753291;357;91;950;1005;11.90;0.73;124.75;4.31;593;12;289.00;55
360;12;626753300;360;86;959;1005;11.99;0.74;125.41;4.29;599;12;290.00;46
361;13;626753310;361;85;960;1005;11.98;0.74;125.66;4.28;599;13;291.00;45
363;13;626753326;363;82;965;1005;12.10;0.74;125.51;4.28;602;13;292.00;40
363;13;626753341;363;83;967;1005;12.09;0.74;125.51;4.28;604;13;293.00;38
364;13;626753352;364;82;972;1005;12.12;0.74;125.48;4.29;608;13;294.00;33
366;13;626753360;366;81;976;1005;12.15;0.75;125.81;4.30;610;13;295.00;29
368;13;626753370;368;83;980;1006;12.26;0.75;125.56;4.32;612;13;296.00;26
374;13;626753380;374;85;982;1007;12.29;0.75;125.29;4.33;608;13;297.00;25
374;13;626753398;374;87;986;1007;12.35;0.76;125.29;4.35;612;13;298.00;21
375;13;626753413;375;89;988;1008;12.30;0.76;125.74;4.37;613;13;299.00;20
375;13;626753430;375;95;994;1014;12.35;0.76;125.74;4.41;619;13;300.00;20
376;13;626753453;376;100;996;1014;12.30;0.76;125.95;4.42;620;13;301.00;18
378;13;626753468;378;104;998;1014;12.19;0.75;126.74;4.44;620;13;302.00;16
380;13;626753493;380;112;1004;1018;12.11;0.75;127.43;4.45;624;13;303.00;14
381;13;626753506;381;115;1005;1018;11.96;0.74;127.71;4.46;624;13;304.00;13
383;13;626753517;383;125;1007;1018;11.82;0.73;128.24;4.49;624;13;305.00;11
386;13;626753526;386;129;1010;1021;11.64;0.72;128.56;4.49;624;13;306.00;11
389;13;626753538;389;135;1011;1021;11.49;0.71;129.23;4.49;622;13;307.00;10
394;13;626753549;394;144;1012;1021;11.39;0.70;130.05;4.49;618;13;308.00;9
397;13;626753567;397;148;1016;1025;11.28;0.70;130.84;4.49;619;13;309.00;9
398;13;626753578;398;153;1017;1026;11.22;0.69;131.27;4.48;619;13;310.00;9
401;13;626753587;401;156;1017;1026;11.01;0.68;131.84;4.48;616;13;311.00;9
402;13;626753597;402;156;1020;1030;10.85;0.67;131.84;4.47;618;13;312.00;10
405;13;626753606;405;159;1020;1030;10.72;0.66;132.50;4.47;615;13;313.00;10
406;13;626753615;406;164;1022;1030;10.63;0.66;132.42;4.48;616;13;314.00;8
410;13;626753623;410;168;1025;1032;10.48;0.65;132.61;4.48;615;13;315.00;7
411;13;626753639;411;176;1025;1032;10.34;0.64;132.97;4.48;614;13;316.00;7
415;13;626753647;415;179;1029;1038;10.26;0.63;134.18;4.46;614;13;317.00;9
419;13;626753656;419;186;1031;1038;10.05;0.62;134.15;4.49;612;13;318.00;7
421;13;626753673;421;179;1033;1039;9.91;0.61;134.62;4.49;612;13;319.00;6
423;13;626753684;423;181;1035;1039;9.84;0.60;134.79;4.52;612;13;320.00;4
425;13;626753694;425;183;1037;1039;9.81;0.60;134.90;4.55;612;13;321.00;2
425;13;626753703;425;188;1037;1039;9.82;0.60;134.90;4.55;612;13;322.00;2
429;13;626753713;429;191;1039;1039;9.72;0.60;134.94;4.59;610;13;323.00;0
432;13;626753723;432;193;1051;1051;9.70;0.60;135.27;4.53;619;13;324.00;0
434;13;626753734;434;196;1051;1051;9.70;0.60;135.52;4.53;617;13;325.00;0
437;13;626753744;437;195;1051;1051;9.71;0.60;136.11;4.53;614;13;326.00;0
439;13;626753753;439;200;1051;1051;9.72;0.60;136.25;4.53;612;13;327.00;0
440;13;626753762;440;202;1051;1051;9.68;0.59;136.40;4.53;611;13;328.00;0
445;13;626753771;445;209;1051;1051;9.59;0.59;136.89;4.53;606;13;329.00;0
445;13;626753783;445;215;1055;1055;9.46;0.58;136.89;4.52;610;13;330.00;0
447;13;626753797;447;215;1055;1055;9.35;0.57;136.84;4.52;608;13;331.00;0
450;13;626753805;450;217;1058;1059;9.33;0.57;137.35;4.51;608;13;332.00;1
451;13;626753815;451;218;1059;1060;9.27;0.57;137.49;4.51;608;13;333.00;1
457;13;626753823;457;221;1060;1060;9.10;0.56;138.16;4.50;603;13;334.00;0
463;13;626753831;463;223;1060;1060;8.92;0.54;138.89;4.50;597;13;335.00;0
465;13;626753839;465;228;1072;1073;8.78;0.54;139.74;4.45;607;13;336.00;1
469;13;626753849;469;230;1072;1073;8.64;0.53;140.94;4.45;603;13;337.00;1
472;13;626753856;472;235;1073;1073;8.51;0.52;141.39;4.45;601;13;338.00;0
474;13;626753864;474;240;1074;1074;8.31;0.51;142.23;4.45;600;13;339.00;0
479;13;626753871;479;234;1075;1075;8.11;0.50;143.32;4.44;596;13;340.00;0
482;13;626753880;482;227;1075;1075;7.99;0.49;143.36;4.44;593;13;341.00;0
486;13;626753887;486;220;1077;1078;7.91;0.49;144.10;4.44;591;13;342.00;1
488;13;626753895;488;215;1077;1078;7.91;0.49;144.46;4.44;589;13;343.00;1
493;13;626753902;493;219;1078;1078;7.87;0.48;145.09;4.43;585;13;344.00;0
496;13;626753910;496;225;1078;1078;7.85;0.48;145.55;4.43;582;13;345.00;0
498;13;626753917;498;228;1083;1084;7.90;0.49;145.85;4.42;585;13;346.00;1
499;13;626753925;499;221;1084;1084;7.86;0.48;145.82;4.42;585;13;347.00;0
503;13;626753932;503;218;1084;1084;7.78;0.48;145.98;4.42;581;13;348.00;0
506;13;626753940;506;216;1084;1084;7.74;0.47;146.46;4.42;578;13;349.00;0
508;13;626753947;508;221;1088;1088;7.73;0.47;146.83;4.40;580;13;350.00;0
512;13;626753955;512;223;1089;1089;7.63;0.47;147.47;4.40;577;13;351.00;0
515;13;626753963;515;219;1089;1089;7.57;0.47;147.04;4.40;574;13;352.00;0
518;13;626753972;518;219;1090;1090;7.60;0.47;147.08;4.40;572;13;353.00;0
522;13;626753980;522;221;1090;1090;7.62;0.47;146.69;4.40;568;13;354.00;0
525;13;626753988;525;223;1090;1090;7.58;0.47;146.35;4.40;565;13;355.00;0
527;13;626753996;527;225;1090;1090;7.62;0.47;146.19;4.40;563;13;356.00;0
528;13;626754004;528;225;1090;1090;7.65;0.47;146.14;4.40;562;13;357.00;0
530;13;626754011;530;227;1090;1090;7.63;0.47;146.22;4.40;560;13;358.00;0
534;13;626754020;534;228;1090;1090;7.49;0.46;146.44;4.40;556;13;359.00;0
535;13;626754030;535;241;1160;1215;7.77;0.49;146.84;4.13;625;13;360.00;55
540;13;626754050;540;242;1167;1216;7.72;0.48;147.33;4.11;627;13;361.00;49
542;13;626754060;542;239;1177;1216;7.84;0.49;147.29;4.09;635;13;362.00;39
546;13;626754068;546;237;1187;1216;7.86;0.49;147.71;4.09;641;13;363.00;29
547;13;626754077;547;241;1191;1216;7.84;0.48;147.87;4.08;644;13;364.00;25
548;13;626754085;548;245;1193;1216;7.83;0.48;147.95;4.09;645;13;365.00;23
549;13;626754094;549;247;1198;1216;7.80;0.48;147.74;4.09;649;13;366.00;18
550;13;626754103;550;251;1200;1216;7.76;0.48;148.10;4.10;650;13;367.00;16
551;13;626754113;551;252;1205;1217;7.72;0.48;148.31;4.11;654;13;368.00;12
552;13;626754122;552;260;1205;1218;7.66;0.47;148.24;4.11;653;13;369.00;13
555;13;626754131;555;266;1209;1218;7.56;0.47;148.59;4.12;654;13;370.00;9
558;13;626754140;558;254;1214;1222;7.53;0.47;148.17;4.12;656;13;371.00;8
558;13;626754150;558;252;1215;1222;7.49;0.46;148.17;4.12;657;13;372.00;7
560;13;626754159;560;249;1217;1222;7.45;0.46;147.96;4.14;657;13;373.00;5
563;13;626754168;563;252;1218;1222;7.53;0.46;147.84;4.15;655;13;374.00;4
564;13;626754184;564;245;1224;1228;7.56;0.47;148.07;4.15;660;13;375.00;4
564;14;626754199;564;243;1224;1228;7.65;0.47;148.07;4.15;660;14;376.00;4
565;15;626754218;565;237;1226;1228;7.84;0.48;148.13;4.15;661;15;377.00;2
569;15;626754243;569;239;1229;1231;7.98;0.49;148.73;4.16;660;15;378.00;2
569;15;626754254;569;231;1230;1231;8.11;0.50;148.73;4.15;661;15;379.00;1
572;15;626754271;572;231;1231;1231;8.19;0.50;148.54;4.17;659;15;380.00;0
573;15;626754282;573;226;1232;1232;8.28;0.51;148.31;4.16;659;15;381.00;0
574;15;626754292;574;222;1233;1233;8.37;0.51;148.42;4.16;659;15;382.00;0
575;15;626754308;575;220;1233;1233;8.43;0.51;148.69;4.16;658;15;383.00;0
579;15;626754318;579;219;1246;1246;8.51;0.52;148.92;4.12;667;15;384.00;0
581;15;626754329;581;218;1246;1246;8.52;0.52;148.73;4.12;665;15;385.00;0
582;15;626754339;582;220;1246;1246;8.56;0.52;148.51;4.12;664;15;386.00;0
583;15;626754349;583;211;1247;1247;8.62;0.53;148.30;4.11;664;15;387.00;0
584;15;626754359;584;208;1247;1247;8.72;0.53;148.22;4.11;663;15;388.00;0
585;15;626754369;585;207;1250;1251;8.78;0.54;148.31;4.11;665;15;389.00;1
586;15;626754396;586;209;1250;1251;8.79;0.54;148.42;4.11;664;15;390.00;1
586;15;626754412;586;209;1255;1255;8.84;0.54;148.42;4.10;669;15;391.00;0
589;15;626754428;589;212;1255;1255;8.84;0.54;148.79;4.10;666;15;392.00;0
590;15;626754439;590;214;1255;1255;8.88;0.54;148.96;4.10;665;15;393.00;0
592;15;626754449;592;216;1255;1255;8.88;0.54;149.41;4.10;663;15;394.00;0
594;15;626754459;594;219;1255;1255;8.90;0.54;149.32;4.10;661;15;395.00;0
595;15;626754469;595;205;1266;1267;9.00;0.55;149.25;4.06;671;15;396.00;1
599;15;626754480;599;194;1267;1267;8.97;0.55;149.68;4.06;668;15;397.00;0
605;16;626754491;605;181;1267;1267;8.98;0.55;150.45;4.06;662;16;398.00;0
606;16;626754512;606;171;1267;1267;9.06;0.55;150.45;4.06;661;16;399.00;0
608;16;626754524;608;170;1267;1267;9.13;0.56;150.84;4.06;659;16;400.00;0
612;16;626754537;612;165;1267;1267;9.16;0.56;151.74;4.06;655;16;401.00;0
614;16;626754548;614;161;1268;1268;9.26;0.56;152.04;4.06;654;16;402.00;0
617;16;626754558;617;162;1268;1268;9.34;0.57;152.52;4.06;651;16;403.00;0
622;16;626754568;622;162;1273;1274;9.35;0.57;153.48;4.04;651;16;404.00;1
624;16;626754578;624;163;1276;1276;9.47;0.58;153.72;4.04;652;16;405.00;0
625;16;626754588;625;171;1276;1276;9.59;0.59;154.05;4.04;651;16;406.00;0
629;16;626754599;629;167;1276;1276;9.67;0.59;155.25;4.04;647;16;407.00;0
630;16;626754609;630;163;1280;1280;9.72;0.59;155.53;4.02;650;16;408.00;0
633;16;626754624;633;160;1280;1280;9.82;0.60;156.18;4.02;647;16;409.00;0
634;16;626754634;634;155;1280;1280;9.94;0.61;156.45;4.02;646;16;410.00;0
635;16;626754645;635;150;1281;1281;10.09;0.62;156.77;4.02;646;16;411.00;0
637;16;626754654;637;149;1285;1285;10.11;0.62;157.11;4.01;648;16;412.00;0
641;16;626754664;641;152;1285;1285;10.15;0.62;157.92;4.01;644;16;413.00;0
643;16;626754674;643;154;1287;1288;10.28;0.63;158.40;4.01;644;16;414.00;1
647;16;626754684;647;147;1287;1288;10.40;0.63;159.07;4.01;640;16;415.00;1
649;16;626754694;649;152;1288;1288;10.55;0.64;159.25;4.00;639;16;416.00;0
654;17;626754703;654;151;1288;1288;10.63;0.65;160.44;4.00;634;17;417.00;0
658;17;626754730;658;151;1291;1292;10.61;0.65;160.77;4.00;633;17;418.00;1
662;18;626754747;662;151;1291;1292;10.58;0.64;160.81;4.00;629;18;419.00;1
667;18;626754768;667;149;1292;1292;10.64;0.65;161.28;4.00;625;18;420.00;0
668;18;626754777;668;150;1292;1292;10.71;0.65;161.24;4.00;624;18;421.00;0
672;18;626754785;672;154;1293;1293;10.66;0.65;161.21;3.99;621;18;422.00;0
672;18;626754794;672;156;1294;1294;10.73;0.65;161.21;3.99;622;18;423.00;0
675;18;626754807;675;162;1294;1294;10.66;0.65;161.85;3.99;619;18;424.00;0
676;18;626754816;676;160;1295;1295;10.62;0.65;161.87;3.99;619;18;425.00;0
676;18;626754824;676;158;1295;1295;10.58;0.65;161.87;3.99;619;18;426.00;0
678;18;626754833;678;158;1295;1295;10.49;0.64;162.04;3.99;617;18;427.00;0
678;18;626754841;678;161;1295;1295;10.40;0.64;162.04;3.99;617;18;428.00;0
682;18;626754849;682;162;1295;1295;10.32;0.63;162.50;3.99;613;18;429.00;0
683;18;626754858;683;156;1295;1295;10.26;0.63;162.67;3.99;612;18;430.00;0
687;18;626754866;687;149;1295;1295;10.21;0.62;162.57;3.99;608;18;431.00;0
689;18;626754877;689;180;1375;1422;9.57;0.59;162.42;3.76;686;18;432.00;47
693;18;626754896;693;156;1376;1423;9.56;0.59;162.91;3.76;683;18;433.00;47
694;18;626754905;694;141;1382;1423;9.78;0.60;162.91;3.75;688;18;434.00;41
697;18;626754919;697;133;1384;1423;9.89;0.61;163.18;3.75;687;18;435.00;39
701;18;626754929;701;132;1388;1423;9.98;0.62;163.66;3.75;687;18;436.00;35
707;18;626754938;707;131;1392;1423;10.07;0.62;164.40;3.75;685;18;437.00;31
710;18;626754947;710;133;1397;1423;10.15;0.62;164.98;3.76;687;18;438.00;26
713;18;626754955;713;135;1399;1423;10.23;0.63;165.41;3.76;686;18;439.00;24
718;18;626754964;718;135;1403;1424;10.26;0.63;165.73;3.78;685;18;440.00;21
721;18;626754974;721;141;1407;1425;10.27;0.63;165.76;3.79;686;18;441.00;18
721;18;626754982;721;132;1410;1425;10.33;0.63;165.76;3.80;689;18;442.00;15
722;18;626754991;722;126;1412;1426;10.31;0.63;165.75;3.81;690;18;443.00;14
724;18;626755000;724;123;1413;1426;10.27;0.63;166.11;3.82;689;18;444.00;13
726;18;626755009;726;120;1417;1426;10.19;0.62;166.38;3.83;691;18;445.00;9
729;18;626755018;729;122;1418;1426;10.12;0.62;166.69;3.84;689;18;446.00;8
732;18;626755027;732;125;1420;1430;10.00;0.61;167.06;3.85;688;18;447.00;10
735;18;626755037;735;123;1422;1430;9.96;0.61;167.07;3.86;687;18;448.00;8
737;18;626755046;737;125;1422;1430;9.96;0.61;167.20;3.86;685;18;449.00;8
740;18;626755056;740;128;1426;1436;10.00;0.61;167.74;3.86;686;18;450.00;10
741;18;626755066;741;127;1426;1436;10.08;0.62;167.87;3.86;685;18;451.00;10
746;18;626755076;746;129;1427;1436;10.14;0.62;167.97;3.86;681;18;452.00;9
748;18;626755085;748;128;1430;1440;10.14;0.62;168.30;3.86;682;18;453.00;10
751;18;626755095;751;129;1432;1441;10.25;0.62;168.38;3.86;681;18;454.00;9
754;18;626755105;754;129;1432;1441;10.26;0.63;168.66;3.86;678;18;455.00;9
757;18;626755114;757;133;1436;1445;10.33;0.63;168.37;3.87;679;18;456.00;9
760;18;626755123;760;132;1436;1445;10.35;0.63;168.35;3.87;676;18;457.00;9
763;18;626755133;763;132;1439;1445;10.39;0.63;168.23;3.89;676;18;458.00;6
766;18;626755142;766;134;1442;1446;10.46;0.64;168.33;3.91;676;18;459.00;4
766;18;626755157;766;135;1442;1446;10.47;0.64;168.33;3.91;676;18;460.00;4
769;18;626755166;769;137;1445;1452;10.53;0.64;168.30;3.90;676;18;461.00;7
770;18;626755176;770;132;1446;1452;10.60;0.65;168.45;3.90;676;18;462.00;6
772;18;626755186;772;128;1448;1453;10.57;0.64;168.37;3.92;676;18;463.00;5
774;18;626755195;774;129;1448;1453;10.56;0.64;168.20;3.92;674;18;464.00;5
774;18;626755205;774;128;1449;1453;10.56;0.64;168.20;3.92;675;18;465.00;4
777;18;626755214;777;129;1449;1453;10.55;0.64;168.38;3.92;672;18;466.00;4
778;18;626755224;778;130;1449;1453;10.59;0.64;168.30;3.92;671;18;467.00;4
779;18;626755233;779;131;1459;1465;10.62;0.65;168.38;3.90;680;18;468.00;6
781;18;626755243;781;138;1459;1465;10.70;0.65;168.39;3.90;678;18;469.00;6
783;18;626755253;783;143;1462;1465;10.72;0.65;168.23;3.91;679;18;470.00;3
785;18;626755263;785;146;1462;1465;10.83;0.66;168.27;3.91;677;18;471.00;3
787;18;626755273;787;148;1463;1465;10.92;0.66;168.13;3.92;676;18;472.00;2
790;18;626755283;790;151;1463;1465;10.99;0.67;168.43;3.92;673;18;473.00;2
791;18;626755293;791;156;1466;1469;10.97;0.67;168.36;3.91;675;18;474.00;3
793;18;626755302;793;160;1467;1469;10.96;0.67;168.56;3.92;674;18;475.00;2
793;18;626755312;793;163;1471;1473;11.00;0.67;168.56;3.91;678;18;476.00;2
795;18;626755323;795;165;1473;1474;10.98;0.67;168.70;3.91;678;18;477.00;1
799;18;626755333;799;163;1474;1474;10.99;0.67;168.59;3.91;675;18;478.00;0
800;18;626755343;800;170;1474;1474;10.92;0.67;168.39;3.91;674;18;479.00;0
801;18;626755354;801;177;1495;1500;10.80;0.66;168.36;3.85;694;18;480.00;5
803;18;626755366;803;176;1496;1500;10.73;0.66;168.15;3.85;693;18;481.00;4
804;18;626755375;804;180;1499;1500;10.67;0.65;168.27;3.85;695;18;482.00;1
806;18;626755387;806;187;1501;1501;10.62;0.65;168.22;3.85;695;18;483.00;0
806;18;626755399;806;194;1502;1502;10.58;0.65;168.22;3.84;696;18;484.00;0
807;18;626755415;807;195;1502;1502;10.43;0.64;168.15;3.84;695;18;485.00;0
809;18;626755431;809;200;1504;1505;10.30;0.63;168.10;3.84;695;18;486.00;1
810;18;626755445;810;208;1504;1505;10.18;0.62;168.03;3.84;694;18;487.00;1
812;18;626755457;812;219;1505;1505;10.05;0.62;167.84;3.84;693;18;488.00;0
813;18;626755472;813;219;1505;1505;10.00;0.61;167.79;3.84;692;18;489.00;0
816;18;626755487;816;218;1510;1511;9.99;0.61;167.75;3.83;694;18;490.00;1
818;18;626755501;818;222;1510;1511;9.85;0.61;167.83;3.83;692;18;491.00;1
820;18;626755522;820;225;1511;1511;9.79;0.60;167.74;3.83;691;18;492.00;0
822;18;626755535;822;224;1511;1511;9.70;0.60;167.74;3.83;689;18;493.00;0
826;18;626755546;826;220;1515;1515;9.65;0.59;167.62;3.82;689;18;494.00;0
828;18;626755555;828;221;1517;1517;9.63;0.59;167.68;3.82;689;18;495.00;0
830;18;626755566;830;222;1517;1517;9.58;0.59;167.85;3.82;687;18;496.00;0
834;18;626755575;834;227;1518;1518;9.50;0.58;167.67;3.81;684;18;497.00;0
837;18;626755585;837;230;1518;1518;9.48;0.58;167.34;3.81;681;18;498.00;0
839;18;626755595;839;231;1518;1518;9.45;0.58;167.40;3.81;679;18;499.00;0
842;18;626755609;842;239;1518;1518;9.35;0.57;167.52;3.81;676;18;500.00;0
846;18;626755622;846;238;1518;1518;9.24;0.56;167.51;3.81;672;18;501.00;0
848;18;626755631;848;243;1518;1518;9.15;0.56;167.74;3.81;670;18;502.00;0
850;18;626755639;850;244;1518;1518;8.99;0.55;168.19;3.81;668;18;503.00;0
852;18;626755648;852;252;1557;1588;9.01;0.55;168.22;3.72;705;18;504.00;31
855;18;626755662;855;251;1558;1589;8.82;0.54;169.07;3.72;703;18;505.00;31
856;18;626755671;856;252;1569;1589;8.80;0.54;168.96;3.70;713;18;506.00;20
860;18;626755679;860;259;1576;1589;8.71;0.53;169.33;3.70;716;18;507.00;13
863;18;626755687;863;262;1582;1589;8.60;0.53;170.07;3.70;719;18;508.00;7
864;18;626755695;864;264;1585;1589;8.53;0.52;169.97;3.71;721;18;509.00;4
869;18;626755705;869;258;1587;1589;8.41;0.51;170.86;3.71;718;18;510.00;2
872;18;626755713;872;259;1588;1589;8.36;0.51;170.79;3.71;716;18;511.00;1
873;18;626755722;873;251;1590;1590;8.38;0.51;171.07;3.71;717;18;512.00;0
879;18;626755730;879;244;1591;1591;8.32;0.51;171.74;3.71;712;18;513.00;0
880;18;626755740;880;243;1591;1591;8.27;0.50;171.79;3.71;711;18;514.00;0
884;18;626755748;884;244;1595;1595;8.16;0.50;172.15;3.70;711;18;515.00;0
884;18;626755758;884;256;1595;1595;8.07;0.49;172.15;3.70;711;18;516.00;0
887;18;626755767;887;254;1595;1595;8.01;0.49;172.70;3.70;708;18;517.00;0
889;18;626755775;889;254;1595;1595;7.95;0.48;173.20;3.70;706;18;518.00;0
890;18;626755784;890;257;1600;1601;7.93;0.48;173.43;3.69;710;18;519.00;1
892;18;626755794;892;259;1600;1601;7.89;0.48;173.53;3.69;708;18;520.00;1
893;18;626755803;893;258;1601;1601;7.90;0.48;173.75;3.69;708;18;521.00;0
895;18;626755812;895;263;1603;1604;7.95;0.49;174.29;3.69;708;18;522.00;1
899;18;626755821;899;251;1604;1604;7.97;0.49;174.69;3.69;705;18;523.00;0
901;18;626755830;901;234;1604;1604;8.01;0.49;174.97;3.69;703;18;524.00;0
903;18;626755839;903;232;1605;1605;8.05;0.49;175.06;3.69;702;18;525.00;0
903;18;626755849;903;221;1606;1606;8.13;0.50;175.06;3.68;703;18;526.00;0
906;18;626755857;906;217;1606;1606;8.22;0.50;174.86;3.68;700;18;527.00;0
911;18;626755868;911;216;1619;1619;8.27;0.51;175.03;3.65;708;18;528.00;0
914;18;626755881;914;207;1619;1619;8.30;0.51;175.07;3.65;705;18;529.00;0
919;18;626755902;919;198;1619;1619;8.37;0.51;175.04;3.65;700;18;530.00;0
922;18;626755913;922;193;1620;1620;8.40;0.52;175.28;3.65;698;18;531.00;0
925;18;626755923;925;189;1620;1620;8.46;0.52;175.64;3.65;695;18;532.00;0
928;18;626755934;928;191;1623;1624;8.54;0.53;176.24;3.65;695;18;533.00;1
931;18;626755944;931;189;1623;1624;8.64;0.53;176.27;3.65;692;18;534.00;1
936;18;626755954;936;183;1628;1628;8.74;0.54;176.51;3.64;692;18;535.00;0
938;18;626755965;938;184;1628;1628;8.73;0.54;176.77;3.64;690;18;536.00;0
942;18;626755976;942;185;1628;1628;8.68;0.53;176.88;3.64;686;18;537.00;0
947;18;626755986;947;191;1628;1628;8.66;0.53;177.23;3.64;681;18;538.00;0
950;18;626755996;950;197;1628;1628;8.64;0.53;177.10;3.64;678;18;539.00;0
953;18;626756008;953;205;1654;1662;8.74;0.54;177.38;3.58;701;18;540.00;8
960;18;626756021;960;201;1657;1662;8.71;0.54;177.29;3.58;697;18;541.00;5
962;18;626756037;962;194;1659;1662;8.88;0.55;177.37;3.58;697;18;542.00;3
965;18;626756048;965;198;1659;1662;8.94;0.55;177.85;3.58;694;18;543.00;3
972;18;626756058;972;200;1660;1662;8.97;0.55;178.00;3.58;688;18;544.00;2
977;18;626756068;977;199;1660;1662;9.04;0.55;178.37;3.58;683;18;545.00;2
981;18;626756079;981;199;1662;1663;9.03;0.55;178.48;3.58;681;18;546.00;1
981;18;626756089;981;202;1662;1663;9.10;0.56;178.48;3.58;681;18;547.00;1
984;18;626756099;984;203;1667;1669;9.11;0.56;178.61;3.57;683;18;548.00;2
987;18;626756109;987;205;1668;1670;9.19;0.56;178.54;3.57;681;18;549.00;2
990;18;626756119;990;206;1669;1670;9.17;0.56;178.64;3.57;679;18;550.00;1
992;18;626756128;992;207;1669;1670;9.13;0.56;178.87;3.57;677;18;551.00;1
994;18;626756138;994;205;1674;1674;9.07;0.55;178.88;3.56;680;18;552.00;0
998;18;626756148;998;218;1674;1674;8.96;0.55;178.77;3.56;676;18;553.00;0
1005;18;626756158;1005;217;1674;1674;8.84;0.54;178.86;3.56;669;18;554.00;0
1007;18;626756168;1007;224;1675;1675;8.81;0.54;179.22;3.56;668;18;555.00;0
1009;18;626756178;1009;228;1679;1679;8.79;0.54;179.39;3.56;670;18;556.00;0
1012;18;626756188;1012;220;1679;1679;8.75;0.53;179.61;3.56;667;18;557.00;0
1014;18;626756198;1014;217;1681;1682;8.78;0.53;179.90;3.55;667;18;558.00;1
1017;18;626756208;1017;213;1681;1682;8.73;0.53;180.26;3.55;664;18;559.00;1
1021;18;626756218;1021;216;1682;1682;8.71;0.53;180.41;3.55;661;18;560.00;0
1025;18;626756229;1025;217;1682;1682;8.67;0.53;180.83;3.55;657;18;561.00;0
1025;18;626756239;1025;219;1685;1686;8.75;0.53;180.83;3.55;660;18;562.00;1
1030;18;626756250;1030;220;1685;1686;8.70;0.53;181.20;3.55;655;18;563.00;1
1030;18;626756261;1030;218;1686;1686;8.70;0.53;181.20;3.55;656;18;564.00;0
1034;18;626756270;1034;220;1686;1686;8.73;0.53;181.80;3.55;652;18;565.00;0
1038;18;626756279;1038;206;1687;1687;8.80;0.54;182.41;3.54;649;18;566.00;0
1039;18;626756289;1039;195;1688;1688;8.88;0.54;182.36;3.54;649;18;567.00;0
1041;18;626756299;1041;187;1688;1688;8.94;0.54;182.37;3.54;647;18;568.00;0
1043;18;626756316;1043;177;1689;1689;9.08;0.55;182.79;3.54;646;18;569.00;0
1045;18;626756328;1045;172;1689;1689;9.25;0.56;183.32;3.54;644;18;570.00;0
1046;18;626756339;1046;171;1689;1689;9.39;0.57;183.53;3.54;643;18;571.00;0
1047;18;626756350;1047;165;1689;1689;9.50;0.58;183.89;3.54;642;18;572.00;0
1049;18;626756360;1049;166;1689;1689;9.56;0.58;184.12;3.54;640;18;573.00;0
1054;18;626756372;1054;165;1689;1689;9.58;0.58;184.58;3.54;635;18;574.00;0
1055;18;626756382;1055;170;1689;1689;9.70;0.59;184.76;3.54;634;18;575.00;0
1059;18;626756393;1059;200;1768;1816;9.68;0.60;184.88;3.38;709;18;576.00;48
1063;18;626756415;1063;184;1771;1817;9.76;0.60;185.04;3.38;708;18;577.00;46
1066;18;626756425;1066;170;1779;1817;9.91;0.61;185.30;3.37;713;18;578.00;38
1067;18;626756436;1067;162;1781;1817;10.00;0.62;185.50;3.37;714;18;579.00;36
1070;18;626756447;1070;160;1786;1817;10.13;0.62;185.58;3.37;716;18;580.00;31
1073;18;626756457;1073;153;1789;1817;10.22;0.63;185.79;3.38;716;18;581.00;28
1077;18;626756467;1077;153;1793;1817;10.22;0.63;186.20;3.38;716;18;582.00;24
1078;18;626756477;1078;149;1795;1817;10.23;0.63;186.48;3.39;717;18;583.00;22
1083;18;626756487;1083;158;1800;1818;10.24;0.63;186.75;3.40;717;18;584.00;18
1086;18;626756498;1086;161;1805;1820;10.27;0.63;186.86;3.41;719;18;585.00;15
1090;18;626756508;1090;166;1809;1820;10.22;0.63;186.89;3.43;719;18;586.00;11
1092;18;626756518;1092;169;1812;1821;10.18;0.63;187.07;3.43;720;18;587.00;9
1095;18;626756533;1095;173;1814;1821;10.21;0.63;187.09;3.44;719;18;588.00;7
1096;18;626756544;1096;175;1815;1821;10.27;0.63;187.41;3.44;719;18;589.00;6
1101;18;626756558;1101;175;1817;1821;10.29;0.63;187.42;3.45;716;18;590.00;4
1104;18;626756568;1104;177;1819;1825;10.25;0.63;187.90;3.45;715;18;591.00;6
1107;18;626756579;1107;183;1822;1825;10.30;0.63;188.07;3.46;715;18;592.00;3
1108;18;626756595;1108;181;1822;1825;10.30;0.63;188.00;3.46;714;18;593.00;3
1110;18;626756605;1110;186;1825;1828;10.34;0.63;188.08;3.47;715;18;594.00;3
1111;18;626756615;1111;185;1826;1828;10.38;0.63;188.08;3.46;715;18;595.00;2
1112;18;626756625;1112;186;1827;1828;10.46;0.64;188.30;3.46;715;18;596.00;1
1113;18;626756635;1113;184;1831;1832;10.43;0.64;188.15;3.46;718;18;597.00;1
1116;18;626756646;1116;183;1832;1833;10.53;0.64;188.01;3.46;716;18;598.00;1
1117;18;626756655;1117;183;1832;1833;10.53;0.64;188.18;3.46;715;18;599.00;1
1117;18;626756672;1117;183;1843;1859;10.46;0.64;188.18;3.44;726;18;600.00;16
1122;18;626756689;1122;174;1844;1859;10.43;0.64;188.55;3.44;722;18;601.00;15
1124;18;626756699;1124;174;1845;1859;10.48;0.64;188.64;3.43;721;18;602.00;14
1124;18;626756710;1124;174;1846;1860;10.54;0.64;188.64;3.43;722;18;603.00;14
1127;18;626756721;1127;175;1847;1860;10.55;0.64;188.64;3.43;720;18;604.00;13
1130;18;626756737;1130;172;1850;1866;10.54;0.64;188.81;3.43;720;18;605.00;16
1133;18;626756747;1133;171;1851;1866;10.55;0.64;188.73;3.43;718;18;606.00;15
1135;18;626756757;1135;174;1854;1867;10.48;0.64;188.77;3.43;719;18;607.00;13
1135;18;626756767;1135;169;1854;1867;10.54;0.64;188.77;3.43;719;18;608.00;13
1136;18;626756776;1136;165;1856;1867;10.58;0.64;188.96;3.43;720;18;609.00;11
1141;18;626756786;1141;157;1856;1867;10.65;0.65;189.13;3.43;715;18;610.00;11
1143;18;626756796;1143;156;1856;1867;10.67;0.65;189.44;3.43;713;18;611.00;11
1147;18;626756806;1147;149;1865;1879;10.65;0.65;189.72;3.42;718;18;612.00;14
1152;18;626756817;1152;139;1868;1879;10.61;0.64;190.48;3.43;716;18;613.00;11
1153;18;626756827;1153;134;1868;1879;10.68;0.65;190.52;3.43;715;18;614.00;11
1156;18;626756837;1156;128;1870;1879;10.68;0.65;190.76;3.43;714;18;615.00;9
1158;18;626756847;1158;123;1870;1879;10.72;0.65;191.01;3.43;712;18;616.00;9
1159;18;626756857;1159;119;1870;1879;10.78;0.66;191.18;3.43;711;18;617.00;9
1166;18;626756867;1166;111;1873;1883;10.86;0.66;191.38;3.43;707;18;618.00;10
1170;18;626756878;1170;109;1874;1883;10.92;0.66;191.39;3.44;704;18;619.00;9
1176;18;626756888;1176;106;1877;1887;11.04;0.67;191.42;3.43;701;18;620.00;10
1178;18;626756898;1178;99;1879;1888;11.16;0.67;191.71;3.43;701;18;621.00;9
1183;18;626756908;1183;101;1879;1888;11.22;0.68;191.80;3.43;696;18;622.00;9
1188;18;626756918;1188;105;1879;1888;11.25;0.68;192.52;3.43;691;18;623.00;9
1191;18;626756928;1191;110;1887;1901;11.27;0.68;192.39;3.41;696;18;624.00;14
1193;18;626756940;1193;112;1888;1901;11.26;0.68;192.89;3.43;695;18;625.00;13
1197;18;626756950;1197;110;1888;1901;11.35;0.69;193.31;3.43;691;18;626.00;13
1199;18;626756960;1199;117;1890;1902;11.37;0.69;193.15;3.45;691;18;627.00;12
1203;18;626756970;1203;116;1890;1903;11.40;0.69;193.40;3.45;687;18;628.00;13
1205;18;626756980;1205;120;1890;1903;11.38;0.69;193.38;3.45;685;18;629.00;13
1206;18;626756991;1206;125;1893;1909;11.40;0.69;193.56;3.44;687;18;630.00;16
1210;18;626757002;1210;128;1896;1909;11.33;0.69;193.58;3.47;686;18;631.00;13
1210;18;626757012;1210;130;1898;1909;11.28;0.68;193.58;3.48;688;18;632.00;11
1214;18;626757022;1214;132;1899;1909;11.25;0.68;193.76;3.48;685;18;633.00;10
1215;18;626757032;1215;136;1903;1915;11.24;0.68;193.83;3.48;688;18;634.00;12
1216;18;626757042;1216;137;1903;1915;11.18;0.68;193.71;3.48;687;18;635.00;12
1217;18;626757051;1217;139;1904;1915;11.21;0.68;193.66;3.48;687;18;636.00;11
1220;18;626757061;1220;138;1904;1915;11.17;0.68;193.60;3.48;684;18;637.00;11
1220;18;626757071;1220;147;1909;1919;11.16;0.68;193.60;3.49;689;18;638.00;10
1222;18;626757081;1222;150;1910;1920;11.11;0.68;193.79;3.49;688;18;639.00;10
1226;18;626757096;1226;157;1911;1920;11.05;0.67;193.70;3.50;685;18;640.00;9
1228;18;626757105;1228;159;1913;1921;10.92;0.66;193.66;3.51;685;18;641.00;8
1230;18;626757115;1230;163;1913;1921;10.81;0.65;193.80;3.51;683;18;642.00;8
1230;18;626757125;1230;170;1916;1921;10.71;0.65;193.80;3.54;686;18;643.00;5
1231;18;626757140;1231;177;1917;1921;10.66;0.65;193.81;3.55;686;18;644.00;4
1233;18;626757149;1233;180;1917;1921;10.53;0.64;193.77;3.55;684;18;645.00;4
1234;18;626757158;1234;184;1918;1921;10.38;0.63;193.84;3.55;684;18;646.00;3
1237;18;626757167;1237;189;1918;1921;10.22;0.62;193.64;3.55;681;18;647.00;3
1241;18;626757176;1241;202;1958;1991;10.23;0.62;193.41;3.48;717;18;648.00;33
1243;18;626757191;1243;207;1965;1992;10.08;0.62;193.20;3.51;722;18;649.00;27
1246;18;626757200;1246;210;1974;1992;10.06;0.61;192.91;3.51;728;18;650.00;18
1246;18;626757209;1246;216;1976;1992;10.03;0.61;192.91;3.51;730;18;651.00;16
1247;18;626757218;1247;216;1983;1992;10.04;0.61;192.82;3.51;736;18;652.00;9
1248;18;626757227;1248;217;1985;1992;10.02;0.61;192.84;3.51;737;18;653.00;7
1249;18;626757235;1249;227;1989;1992;9.95;0.61;192.75;3.52;740;18;654.00;3
1250;18;626757244;1250;230;1990;1992;9.85;0.60;192.74;3.52;740;18;655.00;2
1251;18;626757253;1251;233;1992;1993;9.68;0.59;192.59;3.52;741;18;656.00;1
1251;18;626757262;1251;242;1993;1994;9.45;0.58;192.59;3.52;742;18;657.00;1
1253;18;626757271;1253;250;1994;1994;9.26;0.57;192.57;3.52;741;18;658.00;0
1254;18;626757279;1254;255;1998;1998;9.06;0.55;192.42;3.52;744;18;659.00;0
1255;18;626757290;1255;254;1998;1998;8.90;0.54;192.29;3.52;743;18;660.00;0
1256;18;626757299;1256;252;1998;1998;8.78;0.54;192.31;3.52;742;18;661.00;0
1257;18;626757308;1257;259;1998;1998;8.67;0.53;192.34;3.52;741;18;662.00;0
1260;18;626757316;1260;266;2003;2004;8.62;0.53;192.15;3.51;743;18;663.00;1
1262;18;626757326;1262;271;2003;2004;8.61;0.53;192.24;3.51;741;18;664.00;1
1263;18;626757334;1263;277;2004;2004;8.59;0.53;192.18;3.51;741;18;665.00;0
1265;18;626757348;1265;281;2006;2007;8.53;0.52;192.18;3.51;741;18;666.00;1
1265;18;626757357;1265;282;2006;2007;8.50;0.52;192.18;3.51;741;18;667.00;1
1266;18;626757365;1266;288;2007;2007;8.49;0.52;192.13;3.51;741;18;668.00;0
1269;18;626757373;1269;289;2008;2008;8.41;0.52;192.11;3.51;739;18;669.00;0
1271;18;626757382;1271;298;2009;2009;8.35;0.51;191.89;3.50;738;18;670.00;0
1274;18;626757395;1274;299;2009;2009;8.22;0.50;191.75;3.50;735;18;671.00;0
1276;18;626757407;1276;309;2022;2022;8.12;0.50;191.76;3.48;746;18;672.00;0
1278;18;626757427;1278;311;2022;2022;8.01;0.49;191.86;3.48;744;18;673.00;0
1281;18;626757439;1281;317;2022;2022;7.89;0.48;191.75;3.48;741;18;674.00;0
1285;18;626757452;1285;311;2024;2024;7.78;0.47;191.84;3.48;739;18;675.00;0
1289;18;626757465;1289;299;2024;2024;7.64;0.47;192.05;3.48;735;18;676.00;0
1291;18;626757479;1291;290;2027;2028;7.59;0.46;192.18;3.47;736;18;677.00;1
1297;18;626757494;1297;282;2027;2028;7.49;0.46;192.42;3.47;730;18;678.00;1
1300;18;626757515;1300;283;2032;2032;7.37;0.45;192.57;3.47;732;18;679.00;0
1304;18;626757524;1304;267;2032;2032;7.27;0.44;192.67;3.47;728;18;680.00;0
1305;18;626757534;1305;255;2032;2032;7.29;0.45;192.86;3.47;727;18;681.00;0
1310;18;626757548;1310;246;2032;2032;7.31;0.45;193.50;3.47;722;18;682.00;0
1310;18;626757557;1310;235;2032;2032;7.41;0.45;193.50;3.47;722;18;683.00;0
1313;18;626757571;1313;233;2043;2044;7.53;0.46;193.88;3.45;730;18;684.00;1
1315;18;626757582;1315;230;2044;2044;7.62;0.47;194.19;3.45;729;18;685.00;0
1317;18;626757591;1317;229;2044;2044;7.74;0.47;194.29;3.45;727;18;686.00;0
1318;18;626757602;1318;225;2044;2044;7.89;0.48;194.47;3.45;726;18;687.00;0
1320;18;626757617;1320;215;2044;2044;7.99;0.49;194.67;3.45;724;18;688.00;0
1323;18;626757627;1323;208;2044;2044;8.05;0.49;194.80;3.45;721;18;689.00;0
1324;18;626757638;1324;201;2045;2045;8.11;0.50;194.96;3.45;721;18;690.00;0
1326;18;626757648;1326;203;2045;2045;8.16;0.50;195.09;3.45;719;18;691.00;0
1327;18;626757657;1327;194;2050;2051;8.27;0.51;195.19;3.44;723;18;692.00;1
1327;18;626757668;1327;188;2051;2052;8.40;0.51;195.19;3.44;724;18;693.00;1
1332;18;626757678;1332;182;2052;2052;8.49;0.52;195.07;3.44;720;18;694.00;0
1333;18;626757689;1333;177;2052;2052;8.61;0.53;195.23;3.44;719;18;695.00;0
1336;18;626757699;1336;179;2056;2056;8.80;0.54;195.43;3.43;720;18;696.00;0
1339;18;626757709;1339;175;2056;2056;8.93;0.55;195.61;3.43;717;18;697.00;0
1346;18;626757720;1346;175;2056;2056;9.01;0.55;196.21;3.43;710;18;698.00;0
1351;18;626757730;1351;171;2057;2057;9.06;0.55;196.44;3.43;706;18;699.00;0
1355;18;626757741;1355;165;2061;2061;9.12;0.56;197.17;3.43;706;18;700.00;0
1363;18;626757757;1363;161;2061;2061;9.16;0.56;197.29;3.43;698;18;701.00;0
1366;18;626757768;1366;161;2063;2064;9.28;0.56;197.32;3.42;697;18;702.00;1
1370;18;626757785;1370;161;2063;2064;9.35;0.57;197.50;3.42;693;18;703.00;1
1376;18;626757794;1376;167;2064;2064;9.36;0.57;197.59;3.42;688;18;704.00;0
1379;18;626757805;1379;167;2064;2064;9.33;0.57;197.85;3.42;685;18;705.00;0
1382;18;626757816;1382;169;2067;2068;9.37;0.57;198.35;3.42;685;18;706.00;1
1385;18;626757832;1385;165;2067;2068;9.35;0.57;198.29;3.42;682;18;707.00;1
1388;18;626757842;1388;162;2068;2068;9.36;0.57;198.51;3.42;680;18;708.00;0
1391;18;626757853;1391;162;2068;2068;9.41;0.57;198.58;3.42;677;18;709.00;0
1397;18;626757862;1397;160;2069;2069;9.42;0.57;198.86;3.42;672;18;710.00;0
1402;18;626757873;1402;158;2070;2070;9.41;0.57;198.98;3.42;668;18;711.00;0
1408;18;626757884;1408;161;2070;2070;9.44;0.58;198.96;3.42;662;18;712.00;0
1413;18;626757894;1413;157;2071;2071;9.55;0.58;199.25;3.42;658;18;713.00;0
1418;18;626757907;1418;150;2071;2071;9.66;0.59;199.56;3.42;653;18;714.00;0
1422;18;626757918;1422;146;2071;2071;9.79;0.60;199.56;3.42;649;18;715.00;0
1425;18;626757929;1425;147;2071;2071;9.89;0.60;199.63;3.42;646;18;716.00;0
1428;18;626757939;1428;146;2071;2071;9.93;0.61;199.60;3.42;643;18;717.00;0
1429;18;626757949;1429;145;2071;2071;10.00;0.61;199.63;3.42;642;18;718.00;0
1433;18;626757960;1433;143;2071;2071;10.06;0.61;199.75;3.42;638;18;719.00;0
1440;18;626757973;1440;185;2191;2301;9.99;0.63;199.93;3.23;751;18;720.00;110
1441;18;626758003;1441;180;2201;2302;9.97;0.62;199.95;3.22;760;18;721.00;101
1443;18;626758015;1443;163;2213;2302;9.97;0.62;200.04;3.21;770;18;722.00;89
1447;18;626758025;1447;162;2219;2302;9.89;0.62;200.31;3.21;772;18;723.00;83
1447;18;626758038;1447;165;2226;2302;9.86;0.62;200.31;3.22;779;18;724.00;76
1451;18;626758055;1451;162;2232;2302;9.70;0.60;200.38;3.22;781;18;725.00;70
1455;18;626758073;1455;167;2239;2302;9.58;0.60;200.68;3.23;784;18;726.00;63
1461;18;626758085;1461;165;2244;2302;9.47;0.59;200.94;3.24;783;18;727.00;58
1463;18;626758098;1463;165;2250;2303;9.41;0.58;201.11;3.25;787;18;728.00;53
1467;18;626758109;1467;163;2254;2304;9.34;0.58;201.47;3.26;787;18;729.00;50
1469;18;626758121;1469;172;2261;2304;9.30;0.58;201.64;3.28;792;18;730.00;43
1472;18;626758133;1472;183;2264;2305;9.33;0.58;201.90;3.29;792;18;731.00;41
1476;18;626758145;1476;193;2270;2305;9.33;0.58;201.84;3.31;794;18;732.00;35
1478;18;626758163;1478;203;2274;2305;9.31;0.58;202.11;3.33;796;18;733.00;31
1481;18;626758181;1481;209;2276;2305;9.33;0.58;202.45;3.33;795;18;734.00;29
1485;18;626758193;1485;213;2282;2309;9.26;0.57;202.62;3.35;797;18;735.00;27
1490;18;626758211;1490;206;2285;2309;9.30;0.58;202.87;3.37;795;18;736.00;24
1491;18;626758223;1491;204;2287;2309;9.37;0.58;203.04;3.38;796;18;737.00;22
1494;18;626758235;1494;194;2289;2312;9.43;0.58;203.22;3.39;795;18;738.00;23
1499;18;626758249;1499;191;2289;2312;9.53;0.59;203.40;3.39;790;18;739.00;23
1503;18;626758261;1503;191;2290;2312;9.54;0.59;203.52;3.39;787;18;740.00;22
1508;18;626758274;1508;195;2296;2316;9.47;0.58;203.49;3.40;788;18;741.00;20
1510;18;626758287;1510;196;2298;2317;9.61;0.59;203.69;3.41;788;18;742.00;19
1513;18;626758299;1513;198;2299;2317;9.66;0.60;203.90;3.42;786;18;743.00;18
1517;18;626758313;1517;204;2302;2321;9.71;0.60;204.04;3.41;785;18;744.00;19
1519;18;626758333;1519;205;2303;2321;9.71;0.60;204.13;3.42;784;18;745.00;18
1524;18;626758351;1524;207;2304;2321;9.77;0.60;204.57;3.43;780;18;746.00;17
1525;18;626758363;1525;200;2305;2322;9.85;0.60;204.66;3.44;780;18;747.00;17
1531;18;626758376;1531;200;2308;2322;9.88;0.60;204.81;3.44;777;18;748.00;14
1532;18;626758392;1532;201;2313;2328;9.88;0.60;204.84;3.45;781;18;749.00;15
1538;18;626758407;1538;201;2313;2328;9.87;0.60;204.89;3.45;775;18;750.00;15
1538;18;626758426;1538;199;2314;2329;9.89;0.60;204.89;3.45;776;18;751.00;15
1540;18;626758439;1540;199;2315;2329;9.89;0.60;205.01;3.45;775;18;752.00;14
1542;18;626758449;1542;200;2316;2329;9.85;0.60;205.03;3.46;774;18;753.00;13
1546;18;626758461;1546;200;2318;2329;9.85;0.60;205.00;3.47;772;18;754.00;11
1551;18;626758473;1551;202;2318;2329;9.86;0.60;205.30;3.47;767;18;755.00;11
1555;18;626758484;1555;200;2329;2341;9.92;0.61;205.39;3.45;774;18;756.00;12
1558;18;626758496;1558;193;2330;2341;9.99;0.61;205.91;3.45;772;18;757.00;11
1560;19;626758507;1560;201;2332;2341;10.06;0.61;205.80;3.47;772;19;758.00;9
1562;19;626758534;1562;198;2332;2341;10.15;0.62;205.84;3.47;770;19;759.00;9
1563;19;626758544;1563;200;2332;2341;10.14;0.62;205.91;3.47;769;19;760.00;9
1565;19;626758560;1565;202;2332;2341;10.14;0.62;206.02;3.47;767;19;761.00;9
1567;19;626758575;1567;205;2336;2345;10.15;0.62;206.19;3.46;769;19;762.00;9
1570;19;626758587;1570;205;2336;2345;10.12;0.62;206.15;3.46;766;19;763.00;9
1574;19;626758598;1574;205;2339;2349;10.13;0.62;206.27;3.46;765;19;764.00;10
1577;19;626758610;1577;208;2341;2351;10.03;0.61;206.25;3.46;764;19;765.00;10
1578;19;626758620;1578;214;2342;2351;9.97;0.61;206.24;3.46;764;19;766.00;9
1581;19;626758631;1581;214;2342;2351;9.92;0.60;206.33;3.46;761;19;767.00;9
1584;19;626758641;1584;222;2353;2364;9.80;0.60;206.55;3.44;769;19;768.00;11
1585;19;626758653;1585;229;2353;2364;9.73;0.59;206.61;3.44;768;19;769.00;11
1586;19;626758663;1586;226;2353;2364;9.67;0.59;206.72;3.44;767;19;770.00;11
1590;19;626758673;1590;225;2354;2365;9.66;0.59;206.49;3.44;764;19;771.00;11
1593;19;626758683;1593;222;2355;2366;9.56;0.58;206.62;3.44;762;19;772.00;11
1597;19;626758694;1597;221;2355;2366;9.52;0.58;206.74;3.44;758;19;773.00;11
1599;19;626758704;1599;223;2357;2369;9.53;0.58;206.82;3.44;758;19;774.00;12
1599;20;626758715;1599;217;2358;2369;9.50;0.58;206.82;3.46;759;20;775.00;11
1602;20;626758731;1602;214;2359;2369;9.50;0.58;206.94;3.46;757;20;776.00;10
1604;20;626758741;1604;217;2359;2369;9.53;0.58;207.14;3.46;755;20;777.00;10
1607;20;626758754;1607;219;2363;2375;9.55;0.58;207.40;3.45;756;20;778.00;12
1612;20;626758764;1612;218;2363;2375;9.47;0.58;207.51;3.45;751;20;779.00;12
1615;20;626758776;1615;214;2364;2375;9.40;0.57;207.36;3.45;749;20;780.00;11
1619;20;626758791;1619;211;2364;2375;9.26;0.56;207.42;3.45;745;20;781.00;11
1623;20;626758800;1623;206;2367;2379;9.18;0.56;207.47;3.45;744;20;782.00;12
1626;20;626758809;1626;204;2368;2380;9.13;0.56;207.51;3.45;742;20;783.00;12
1626;20;626758819;1626;196;2368;2380;9.07;0.56;207.51;3.45;742;20;784.00;12
1629;20;626758829;1629;189;2371;2381;9.03;0.55;207.45;3.45;742;20;785.00;10
1635;20;626758840;1635;185;2371;2381;8.94;0.55;207.45;3.45;736;20;786.00;10
1637;20;626758849;1637;179;2371;2381;8.92;0.54;207.40;3.45;734;20;787.00;10
1638;20;626758859;1638;176;2371;2381;8.99;0.55;207.48;3.45;733;20;788.00;10
1640;20;626758868;1640;174;2371;2381;9.05;0.55;207.42;3.45;731;20;789.00;10
1643;20;626758877;1643;168;2371;2381;9.10;0.56;207.34;3.45;728;20;790.00;10
1647;20;626758886;1647;172;2372;2381;9.18;0.56;207.14;3.48;725;20;791.00;9
1649;20;626758896;1649;178;2405;2451;9.31;0.57;207.12;3.43;756;20;792.00;46
1651;20;626758911;1651;175;2405;2452;9.30;0.57;206.97;3.43;754;20;793.00;47
1652;20;626758921;1652;173;2412;2452;9.36;0.57;206.92;3.43;760;20;794.00;40
1653;20;626758932;1653;177;2414;2452;9.41;0.58;206.93;3.43;761;20;795.00;38
1653;20;626758941;1653;181;2417;2452;9.48;0.58;206.93;3.43;764;20;796.00;35
1658;20;626758951;1658;182;2419;2452;9.48;0.58;206.68;3.46;761;20;797.00;33
1659;20;626758961;1659;185;2422;2452;9.50;0.58;206.60;3.46;763;20;798.00;30
1662;20;626758973;1662;188;2423;2452;9.47;0.58;206.42;3.46;761;20;799.00;29
1664;20;626758984;1664;184;2431;2453;9.52;0.58;206.27;3.51;767;20;800.00;22
1666;20;626758998;1666;190;2434;2454;9.52;0.58;206.10;3.51;768;20;801.00;20
1668;20;626759009;1668;197;2438;2454;9.60;0.58;206.07;3.52;770;20;802.00;16
1669;20;626759019;1669;198;2445;2458;9.53;0.58;205.98;3.56;776;20;803.00;13
1674;20;626759031;1674;199;2445;2458;9.48;0.58;205.78;3.56;771;20;804.00;13
1676;20;626759042;1676;202;2446;2458;9.41;0.57;205.66;3.59;770;20;805.00;12
1677;20;626759052;1677;208;2446;2458;9.32;0.57;205.56;3.59;769;20;806.00;12
1680;20;626759062;1680;214;2451;2464;9.25;0.56;205.63;3.62;771;20;807.00;13
1680;20;626759078;1680;224;2452;2464;9.22;0.56;205.63;3.62;772;20;808.00;12
1683;20;626759088;1683;230;2453;2464;9.13;0.56;205.50;3.65;770;20;809.00;11
1684;20;626759100;1684;238;2458;2470;9.17;0.56;205.39;3.65;774;20;810.00;12
1686;20;626759110;1686;244;2459;2470;9.13;0.56;205.34;3.66;773;20;811.00;11
1688;20;626759120;1688;254;2462;2470;9.10;0.55;205.24;3.71;774;20;812.00;8
1691;20;626759130;1691;261;2464;2471;9.08;0.55;205.25;3.73;773;20;813.00;7
1692;20;626759141;1692;265;2468;2472;9.09;0.55;205.23;3.74;776;20;814.00;4
1693;20;626759150;1693;273;2468;2472;8.98;0.55;205.25;3.74;775;20;815.00;4
1695;20;626759160;1695;283;2480;2485;8.86;0.54;205.16;3.74;785;20;816.00;5
1696;20;626759171;1696;286;2481;2485;8.78;0.54;205.17;3.75;785;20;817.00;4
1699;20;626759180;1699;288;2481;2485;8.70;0.53;205.00;3.75;782;20;818.00;4
1699;20;626759190;1699;295;2484;2486;8.67;0.53;205.00;3.75;785;20;819.00;2
1704;20;626759200;1704;302;2485;2486;8.54;0.52;204.87;3.75;781;20;820.00;1
1705;20;626759209;1705;305;2488;2490;8.48;0.52;204.81;3.75;783;20;821.00;2
1706;20;626759219;1706;316;2489;2490;8.41;0.51;204.83;3.75;783;20;822.00;1
1707;20;626759229;1707;323;2494;2494;8.32;0.51;204.77;3.74;787;20;823.00;0
1708;20;626759238;1708;328;2494;2494;8.27;0.50;204.88;3.74;786;20;824.00;0
1710;20;626759249;1710;333;2494;2494;8.17;0.50;204.88;3.74;784;20;825.00;0
1712;20;626759259;1712;337;2494;2494;8.03;0.49;204.68;3.74;782;20;826.00;0
1713;20;626759268;1713;327;2494;2494;7.94;0.48;204.78;3.74;781;20;827.00;0
1715;20;626759277;1715;316;2505;2506;7.91;0.48;204.72;3.72;790;20;828.00;1
1716;20;626759288;1716;309;2506;2506;7.90;0.48;204.72;3.72;790;20;829.00;0
1717;20;626759297;1717;303;2506;2506;7.93;0.48;204.67;3.72;789;20;830.00;0
1717;20;626759307;1717;300;2506;2506;8.03;0.49;204.67;3.72;789;20;831.00;0
1720;20;626759316;1720;296;2506;2506;8.06;0.49;204.70;3.72;786;20;832.00;0
1721;21;626759325;1721;288;2506;2506;8.14;0.50;204.64;3.72;785;21;833.00;0
1722;21;626759345;1722;285;2507;2507;8.23;0.50;204.54;3.72;785;21;834.00;0
1725;21;626759355;1725;284;2507;2507;8.32;0.50;204.42;3.72;782;21;835.00;0
1725;21;626759365;1725;284;2512;2513;8.45;0.51;204.42;3.72;787;21;836.00;1
1725;21;626759376;1725;281;2513;2514;8.59;0.52;204.42;3.72;788;21;837.00;1
1726;21;626759385;1726;279;2514;2514;8.69;0.53;204.31;3.72;788;21;838.00;0
1727;22;626759400;1727;279;2514;2514;8.74;0.53;204.30;3.72;787;22;839.00;0
1727;22;626759440;1727;283;2519;2519;8.75;0.53;204.30;3.71;792;22;840.00;0
1727;22;626759459;1727;283;2519;2519;8.68;0.53;204.30;3.71;792;22;841.00;0
1727;22;626759475;1727;287;2519;2519;8.56;0.52;204.30;3.71;792;22;842.00;0
1730;22;626759488;1730;292;2520;2520;8.45;0.52;204.49;3.71;790;22;843.00;0
1731;22;626759502;1731;295;2524;2524;8.35;0.51;204.44;3.70;793;22;844.00;0
1734;22;626759515;1734;295;2524;2524;8.29;0.51;204.63;3.70;790;22;845.00;0
1734;22;626759526;1734;296;2526;2527;8.25;0.51;204.63;3.70;792;22;846.00;1
1738;22;626759536;1738;298;2527;2527;8.16;0.50;204.83;3.70;789;22;847.00;0
1740;22;626759546;1740;303;2527;2527;8.05;0.49;204.91;3.70;787;22;848.00;0
1747;22;626759554;1747;305;2527;2527;7.85;0.48;205.55;3.70;780;22;849.00;0
1749;22;626759565;1749;287;2530;2531;7.89;0.48;205.84;3.70;781;22;850.00;1
1754;22;626759581;1754;278;2530;2531;7.89;0.48;205.92;3.70;776;22;851.00;1
1760;22;626759592;1760;276;2531;2531;7.85;0.48;206.38;3.70;771;22;852.00;0
1764;22;626759603;1764;274;2531;2531;7.91;0.48;206.46;3.70;767;22;853.00;0
1767;22;626759613;1767;266;2532;2532;7.93;0.49;206.81;3.69;765;22;854.00;0
1774;22;626759623;1774;266;2534;2534;7.93;0.48;207.16;3.69;760;22;855.00;0
1778;22;626759634;1778;265;2534;2534;7.94;0.48;207.39;3.69;756;22;856.00;0
1782;22;626759643;1782;257;2535;2535;8.03;0.49;207.58;3.69;753;22;857.00;0
1786;22;626759653;1786;247;2535;2535;8.10;0.49;207.93;3.69;749;22;858.00;0
1790;22;626759663;1790;243;2535;2535;8.19;0.50;208.36;3.69;745;22;859.00;0
1792;22;626759673;1792;237;2535;2535;8.25;0.50;208.62;3.69;743;22;860.00;0
1797;22;626759682;1797;230;2535;2535;8.25;0.50;208.76;3.69;738;22;861.00;0
1800;22;626759693;1800;220;2535;2535;8.25;0.50;209.05;3.69;735;22;862.00;0
1805;22;626759703;1805;210;2535;2535;8.33;0.51;209.48;3.69;730;22;863.00;0
1809;22;626759714;1809;216;2613;2662;8.60;0.53;209.82;3.58;804;22;864.00;49
1814;22;626759735;1814;211;2617;2663;8.70;0.54;209.85;3.58;803;22;865.00;46
1817;22;626759746;1817;202;2624;2663;8.85;0.55;210.16;3.57;807;22;866.00;39
1821;22;626759756;1821;200;2626;2663;8.92;0.55;210.32;3.57;805;22;867.00;37
1826;22;626759767;1826;196;2631;2663;9.02;0.56;210.81;3.57;805;22;868.00;32
1828;22;626759778;1828;192;2635;2663;9.14;0.56;210.84;3.58;807;22;869.00;28
1833;22;626759791;1833;198;2640;2663;9.18;0.57;211.23;3.58;807;22;870.00;23
1839;22;626759803;1839;196;2643;2663;9.12;0.56;211.44;3.58;804;22;871.00;20
1841;22;626759815;1841;195;2647;2664;9.14;0.56;211.42;3.59;806;22;872.00;17
1844;22;626759827;1844;203;2651;2665;9.18;0.57;211.47;3.60;807;22;873.00;14
1846;22;626759839;1846;207;2653;2665;9.23;0.57;211.74;3.60;807;22;874.00;12
1850;22;626759851;1850;205;2656;2666;9.26;0.57;211.93;3.61;806;22;875.00;10
1855;22;626759864;1855;215;2658;2666;9.31;0.57;211.99;3.61;803;22;876.00;8
1858;22;626759876;1858;216;2659;2666;9.39;0.58;212.01;3.62;801;22;877.00;7
1863;22;626759888;1863;220;2661;2666;9.44;0.58;212.22;3.62;798;22;878.00;5
1867;22;626759900;1867;217;2664;2670;9.47;0.58;212.09;3.63;797;22;879.00;6
1870;22;626759914;1870;221;2665;2670;9.46;0.58;212.13;3.63;795;22;880.00;5
1873;22;626759933;1873;222;2666;2670;9.43;0.58;212.04;3.63;793;22;881.00;4
1877;22;626759946;1877;225;2669;2673;9.41;0.58;212.26;3.63;792;22;882.00;4
1879;22;626759959;1879;229;2669;2673;9.39;0.58;212.13;3.63;790;22;883.00;4
1884;22;626759972;1884;221;2671;2673;9.38;0.57;212.26;3.64;787;22;884.00;2
1889;22;626759988;1889;222;2675;2677;9.37;0.57;212.55;3.64;786;22;885.00;2
1890;22;626760001;1890;224;2677;2678;9.44;0.58;212.47;3.64;787;22;886.00;1
1896;22;626760022;1896;222;2677;2678;9.40;0.58;212.53;3.64;781;22;887.00;1
1898;22;626760038;1898;223;2682;2682;9.42;0.58;212.62;3.63;784;22;888.00;0
1902;22;626760067;1902;226;2682;2682;9.46;0.58;212.74;3.63;780;22;889.00;0
1906;22;626760079;1906;230;2682;2682;9.44;0.58;212.74;3.63;776;22;890.00;0
1911;22;626760091;1911;227;2683;2683;9.44;0.58;212.83;3.63;772;22;891.00;0
1917;22;626760104;1917;227;2683;2683;9.37;0.58;212.81;3.63;766;22;892.00;0
1919;22;626760116;1919;228;2688;2689;9.37;0.57;212.69;3.63;769;22;893.00;1
1925;22;626760129;1925;233;2688;2689;9.32;0.57;212.97;3.63;763;22;894.00;1
1930;22;626760141;1930;237;2690;2690;9.24;0.57;213.35;3.63;760;22;895.00;0
1933;22;626760155;1933;248;2690;2690;9.16;0.56;213.22;3.63;757;22;896.00;0
1940;23;626760166;1940;229;2690;2690;9.08;0.55;213.53;3.63;750;23;897.00;0
1945;23;626760190;1945;226;2690;2690;9.05;0.55;213.97;3.63;745;23;898.00;0
1949;23;626760202;1949;217;2690;2690;9.08;0.55;214.06;3.63;741;23;899.00;0
1954;23;626760216;1954;216;2717;2736;8.95;0.55;214.64;3.59;763;23;900.00;19
1958;23;626760237;1958;209;2718;2736;8.87;0.54;214.80;3.59;760;23;901.00;18
1961;23;626760251;1961;206;2720;2736;8.89;0.55;214.94;3.59;759;23;902.00;16
1963;23;626760275;1963;207;2721;2736;8.89;0.54;214.98;3.59;758;23;903.00;15
1966;23;626760287;1966;202;2722;2736;8.93;0.55;215.04;3.59;756;23;904.00;14
1967;23;626760300;1967;210;2722;2736;8.98;0.55;215.14;3.59;755;23;905.00;14
1971;23;626760312;1971;192;2728;2740;9.03;0.55;215.17;3.59;757;23;906.00;12
1974;23;626760325;1974;185;2729;2740;9.10;0.56;215.44;3.59;755;23;907.00;11
1975;23;626760337;1975;174;2733;2744;9.21;0.56;215.43;3.59;758;23;908.00;11
1976;23;626760350;1976;170;2734;2745;9.23;0.57;215.55;3.59;758;23;909.00;11
1980;23;626760363;1980;162;2735;2745;9.28;0.57;215.65;3.59;755;23;910.00;10
1982;23;626760375;1982;161;2735;2745;9.41;0.58;215.91;3.59;753;23;911.00;10
1988;23;626760387;1988;159;2744;2758;9.52;0.58;215.97;3.58;756;23;912.00;14
1989;23;626760400;1989;161;2744;2758;9.54;0.58;215.96;3.58;755;23;913.00;14
1991;23;626760412;1991;163;2745;2758;9.54;0.59;216.01;3.58;754;23;914.00;13
1996;23;626760423;1996;164;2747;2759;9.52;0.58;216.40;3.59;751;23;915.00;12
2000;23;626760434;2000;167;2749;2760;9.42;0.58;216.45;3.59;749;23;916.00;11
2002;23;626760447;2002;165;2749;2760;9.46;0.58;216.41;3.59;747;23;917.00;11
2005;23;626760463;2005;167;2751;2763;9.50;0.58;216.50;3.59;746;23;918.00;12
2009;23;626760479;2009;163;2751;2763;9.50;0.58;216.63;3.59;742;23;919.00;12
2011;23;626760490;2011;163;2752;2763;9.50;0.58;216.61;3.59;741;23;920.00;11
2015;23;626760501;2015;159;2753;2763;9.45;0.57;216.53;3.60;738;23;921.00;10
2017;23;626760511;2017;153;2757;2769;9.41;0.57;216.55;3.59;740;23;922.00;12
2019;23;626760523;2019;150;2757;2769;9.43;0.57;216.53;3.59;738;23;923.00;12
2022;23;626760533;2022;147;2757;2769;9.45;0.57;216.55;3.59;735;23;924.00;12
2024;23;626760543;2024;150;2757;2769;9.48;0.57;216.60;3.59;733;23;925.00;12
2026;23;626760553;2026;153;2762;2773;9.47;0.57;216.52;3.60;736;23;926.00;11
2030;24;626760569;2030;156;2764;2774;9.39;0.57;216.46;3.61;734;24;927.00;10
2031;24;626760589;2031;161;2765;2774;9.38;0.57;216.39;3.61;734;24;928.00;9
2033;24;626760600;2033;167;2766;2775;9.44;0.57;216.38;3.61;733;24;929.00;9
2033;24;626760611;2033;173;2768;2775;9.44;0.57;216.38;3.62;735;24;930.00;7
2034;24;626760621;2034;181;2769;2775;9.37;0.57;216.42;3.63;735;24;931.00;6
2034;24;626760636;2034;183;2769;2775;9.35;0.57;216.42;3.63;735;24;932.00;6
2035;24;626760646;2035;193;2770;2775;9.30;0.57;216.49;3.63;735;24;933.00;5
2037;24;626760656;2037;200;2770;2775;9.28;0.57;216.59;3.63;733;24;934.00;5
2039;24;626760665;2039;204;2771;2775;9.23;0.56;216.58;3.64;732;24;935.00;4
2039;24;626760675;2039;223;2810;2845;9.09;0.56;216.58;3.59;771;24;936.00;35
2042;24;626760690;2042;226;2816;2846;9.03;0.55;216.60;3.60;774;24;937.00;30
2043;24;626760699;2043;224;2824;2846;9.08;0.55;216.60;3.60;781;24;938.00;22
2044;24;626760709;2044;231;2828;2846;9.08;0.56;216.60;3.60;784;24;939.00;18
2047;24;626760718;2047;227;2832;2846;9.05;0.55;216.64;3.60;785;24;940.00;14
2048;24;626760728;2048;230;2834;2846;9.02;0.55;216.63;3.60;786;24;941.00;12
2049;24;626760737;2049;227;2837;2846;8.97;0.55;216.57;3.60;788;24;942.00;9
2049;24;626760747;2049;230;2839;2846;9.01;0.55;216.57;3.60;790;24;943.00;7
2052;24;626760757;2052;233;2842;2847;8.93;0.55;216.81;3.61;790;24;944.00;5
2059;24;626760767;2059;226;2845;2849;8.87;0.54;217.00;3.61;786;24;945.00;4
2061;24;626760777;2061;223;2845;2849;8.88;0.54;216.99;3.61;784;24;946.00;4
2064;24;626760787;2064;221;2849;2853;8.85;0.54;217.12;3.60;785;24;947.00;4
2067;24;626760797;2067;220;2849;2853;8.77;0.54;216.94;3.60;782;24;948.00;4
2069;24;626760807;2069;214;2849;2853;8.76;0.53;216.88;3.60;780;24;949.00;4
2073;24;626760816;2073;209;2849;2853;8.66;0.53;217.01;3.60;776;24;950.00;4
2074;24;626760825;2074;204;2852;2859;8.64;0.53;217.28;3.60;778;24;951.00;7
2080;24;626760834;2080;197;2852;2859;8.58;0.52;217.19;3.60;772;24;952.00;7
2084;24;626760844;2084;196;2854;2859;8.53;0.52;217.24;3.60;770;24;953.00;5
2086;24;626760853;2086;201;2856;2862;8.49;0.52;217.31;3.60;770;24;954.00;6
2088;24;626760862;2088;201;2858;2862;8.51;0.52;217.22;3.60;770;24;955.00;4
2093;24;626760871;2093;198;2858;2862;8.46;0.52;217.17;3.60;765;24;956.00;4
2098;24;626760880;2098;200;2859;2863;8.37;0.51;217.35;3.60;761;24;957.00;4
2102;24;626760889;2102;199;2860;2864;8.34;0.51;217.35;3.60;758;24;958.00;4
2107;24;626760899;2107;197;2860;2864;8.31;0.51;217.25;3.60;753;24;959.00;4
2110;24;626760910;2110;197;2877;2890;8.31;0.51;217.30;3.58;767;24;960.00;13
2110;24;626760921;2110;192;2878;2890;8.36;0.51;217.30;3.58;768;24;961.00;12
2112;24;626760930;2112;197;2880;2890;8.38;0.51;217.20;3.58;768;24;962.00;10
2116;24;626760940;2116;202;2881;2891;8.40;0.51;216.95;3.57;765;24;963.00;10
2119;24;626760949;2119;206;2881;2891;8.37;0.51;216.78;3.57;762;24;964.00;10
2120;24;626760959;2120;206;2883;2895;8.46;0.52;216.69;3.57;763;24;965.00;12
2123;24;626760968;2123;207;2884;2895;8.52;0.52;216.48;3.57;761;24;966.00;11
2124;24;626760979;2124;209;2887;2899;8.54;0.52;216.43;3.57;763;24;967.00;12
2124;24;626760988;2124;210;2887;2899;8.57;0.52;216.43;3.57;763;24;968.00;12
2127;24;626760997;2127;218;2889;2899;8.50;0.52;216.30;3.60;762;24;969.00;10
2128;24;626761007;2128;222;2889;2899;8.55;0.52;216.21;3.60;761;24;970.00;10
2129;24;626761016;2129;226;2890;2899;8.59;0.52;216.22;3.61;761;24;971.00;9
2130;24;626761025;2130;229;2902;2911;8.61;0.53;216.25;3.61;772;24;972.00;9
2134;24;626761035;2134;231;2904;2911;8.49;0.52;216.34;3.61;770;24;973.00;7
2137;24;626761045;2137;234;2905;2911;8.40;0.51;216.34;3.61;768;24;974.00;6
2141;24;626761054;2141;235;2905;2911;8.36;0.51;216.57;3.61;764;24;975.00;6
2141;24;626761063;2141;239;2905;2911;8.41;0.51;216.57;3.61;764;24;976.00;6
2141;24;626761072;2141;248;2906;2911;8.38;0.51;216.57;3.62;765;24;977.00;5
2141;24;626761080;2141;252;2906;2912;8.36;0.51;216.57;3.62;765;24;978.00;6
2142;24;626761089;2142;242;2906;2912;8.33;0.51;216.59;3.62;764;24;979.00;6
2144;24;626761104;2144;235;2913;2918;8.36;0.51;216.57;3.63;769;24;980.00;5
2145;24;626761115;2145;232;2915;2919;8.47;0.52;216.53;3.63;770;24;981.00;4
2147;24;626761124;2147;230;2916;2919;8.49;0.52;216.46;3.63;769;24;982.00;3
2148;24;626761134;2148;231;2917;2919;8.59;0.52;216.41;3.64;769;24;983.00;2
2151;24;626761144;2151;229;2920;2923;8.66;0.53;216.25;3.63;769;24;984.00;3
2153;24;626761154;2153;225;2920;2923;8.70;0.53;216.14;3.63;767;24;985.00;3
2154;24;626761170;2154;226;2921;2923;8.72;0.53;216.16;3.64;767;24;986.00;2
2156;24;626761180;2156;225;2923;2924;8.79;0.53;216.04;3.64;767;24;987.00;1
2156;24;626761189;2156;223;2927;2928;8.85;0.54;216.04;3.63;771;24;988.00;1
2156;24;626761199;2156;227;2927;2928;8.86;0.54;216.04;3.63;771;24;989.00;1
2158;24;626761216;2158;225;2931;2934;8.88;0.54;215.93;3.63;773;24;990.00;3
2160;24;626761226;2160;223;2932;2934;8.89;0.54;215.89;3.63;772;24;991.00;2
2162;24;626761236;2162;226;2932;2934;8.89;0.54;215.91;3.63;770;24;992.00;2
2162;24;626761246;2162;226;2933;2934;8.85;0.54;215.91;3.63;771;24;993.00;1
2163;24;626761256;2163;232;2935;2938;8.83;0.54;215.90;3.63;772;24;994.00;3
2165;24;626761266;2165;241;2936;2938;8.73;0.53;215.92;3.63;771;24;995.00;2
2167;24;626761276;2167;243;2937;2938;8.63;0.53;215.90;3.63;770;24;996.00;1
2171;24;626761286;2171;241;2937;2938;8.53;0.52;216.02;3.63;766;24;997.00;1
2171;24;626761300;2171;251;2939;2939;8.45;0.52;216.02;3.63;768;24;998.00;0
2173;24;626761309;2173;246;2940;2940;8.39;0.51;216.06;3.63;767;24;999.00;0
2175;24;626761320;2175;249;2940;2940;8.30;0.51;215.95;3.63;765;24;1000.00;0
2178;24;626761332;2178;248;2941;2941;8.25;0.50;216.00;3.62;763;24;1001.00;0
2180;24;626761343;2180;243;2941;2941;8.15;0.50;216.06;3.62;761;24;1002.00;0
2182;24;626761353;2182;241;2941;2941;8.13;0.50;216.26;3.62;759;24;1003.00;0
2186;24;626761363;2186;236;2941;2941;8.13;0.50;216.53;3.62;755;24;1004.00;0
2186;24;626761373;2186;238;2941;2941;8.12;0.50;216.53;3.62;755;24;1005.00;0
2190;24;626761383;2190;246;2941;2941;8.18;0.50;216.75;3.62;751;24;1006.00;0
2191;24;626761395;2191;243;2941;2941;8.29;0.51;216.71;3.62;750;24;1007.00;0
2195;24;626761408;2195;261;3009;3068;8.52;0.53;216.81;3.54;814;24;1008.00;59
2198;24;626761446;2198;250;3010;3069;8.53;0.53;216.91;3.54;812;24;1009.00;59
2200;24;626761462;2200;239;3017;3069;8.65;0.53;216.91;3.54;817;24;1010.00;52
2203;24;626761477;2203;241;3032;3069;8.56;0.53;217.15;3.54;829;24;1011.00;37
2209;24;626761492;2209;234;3038;3069;8.53;0.53;217.26;3.54;829;24;1012.00;31
2211;24;626761507;2211;232;3043;3069;8.61;0.53;217.41;3.54;832;24;1013.00;26
2214;24;626761518;2214;236;3048;3069;8.62;0.53;217.55;3.54;834;24;1014.00;21
2218;24;626761529;2218;237;3050;3069;8.63;0.53;217.69;3.55;832;24;1015.00;19
2221;24;626761540;2221;246;3054;3070;8.65;0.53;217.88;3.55;833;24;1016.00;16
2227;24;626761551;2227;252;3058;3071;8.59;0.53;217.82;3.56;831;24;1017.00;13
2233;24;626761563;2233;255;3061;3071;8.46;0.52;217.99;3.56;828;24;1018.00;10
2239;24;626761573;2239;259;3062;3072;8.32;0.51;218.36;3.56;823;24;1019.00;10
2242;24;626761586;2242;253;3064;3072;8.28;0.51;218.39;3.57;822;24;1020.00;8
2248;24;626761598;2248;250;3065;3072;8.16;0.50;218.73;3.57;817;24;1021.00;7
2251;24;626761609;2251;246;3066;3072;8.13;0.50;218.86;3.57;815;24;1022.00;6
2256;24;626761620;2256;247;3069;3076;8.20;0.50;219.04;3.58;813;24;1023.00;7
2260;24;626761632;2260;242;3070;3076;8.25;0.51;219.45;3.58;810;24;1024.00;6
2265;24;626761643;2265;239;3071;3076;8.27;0.51;219.65;3.58;806;24;1025.00;5
2267;24;626761654;2267;231;3074;3079;8.39;0.51;219.67;3.59;807;24;1026.00;5
2271;24;626761666;2271;228;3075;3079;8.42;0.51;219.90;3.60;804;24;1027.00;4
2274;24;626761678;2274;224;3077;3079;8.55;0.52;220.19;3.60;803;24;1028.00;2
2278;24;626761689;2278;217;3082;3083;8.55;0.52;220.37;3.59;804;24;1029.00;1
2284;24;626761707;2284;213;3083;3084;8.58;0.52;220.66;3.59;799;24;1030.00;1
2286;24;626761720;2286;203;3084;3084;8.65;0.53;220.84;3.59;798;24;1031.00;0
2290;24;626761732;2290;201;3088;3088;8.76;0.53;221.11;3.59;798;24;1032.00;0
2292;24;626761745;2292;198;3088;3088;8.83;0.54;221.19;3.59;796;24;1033.00;0
2295;24;626761757;2295;200;3088;3088;8.90;0.54;221.16;3.59;793;24;1034.00;0
2300;24;626761769;2300;193;3090;3090;8.92;0.54;221.43;3.59;790;24;1035.00;0
2306;24;626761781;2306;192;3090;3090;8.97;0.55;221.48;3.59;784;24;1036.00;0
2310;24;626761794;2310;196;3095;3096;9.04;0.55;221.60;3.58;785;24;1037.00;1
2316;24;626761806;2316;200;3095;3096;9.05;0.55;221.78;3.58;779;24;1038.00;1
2317;24;626761819;2317;199;3097;3097;9.09;0.55;221.92;3.58;780;24;1039.00;0
2321;24;626761830;2321;200;3097;3097;9.08;0.55;222.08;3.58;776;24;1040.00;0
2327;24;626761843;2327;198;3097;3097;9.03;0.55;222.36;3.58;770;24;1041.00;0
2330;24;626761855;2330;197;3097;3097;9.06;0.55;222.39;3.58;767;24;1042.00;0
2335;24;626761866;2335;195;3097;3097;9.12;0.55;222.76;3.58;762;24;1043.00;0
2336;24;626761878;2336;189;3108;3109;9.25;0.56;222.83;3.57;772;24;1044.00;1
2340;24;626761891;2340;187;3108;3109;9.35;0.57;223.26;3.57;768;24;1045.00;1
2342;24;626761903;2342;183;3109;3109;9.38;0.57;223.43;3.57;767;24;1046.00;0
2347;24;626761916;2347;179;3109;3109;9.37;0.57;223.77;3.57;762;24;1047.00;0
2354;24;626761927;2354;177;3109;3109;9.35;0.57;223.99;3.57;755;24;1048.00;0
2355;24;626761940;2355;182;3109;3109;9.39;0.57;224.06;3.57;754;24;1049.00;0
2361;24;626761953;2361;181;3115;3115;9.44;0.58;224.28;3.56;754;24;1050.00;0
2366;24;626761966;2366;178;3115;3115;9.46;0.58;224.58;3.56;749;24;1051.00;0
2371;24;626761978;2371;177;3118;3119;9.50;0.58;224.75;3.56;747;24;1052.00;1
2375;24;626761991;2375;173;3120;3120;9.56;0.58;224.84;3.56;745;24;1053.00;0
2381;24;626762003;2381;178;3120;3120;9.57;0.59;225.09;3.56;739;24;1054.00;0
2383;24;626762015;2383;177;3120;3120;9.58;0.59;225.12;3.56;737;24;1055.00;0
2388;24;626762027;2388;184;3133;3133;9.59;0.59;225.09;3.54;745;24;1056.00;0
2393;24;626762040;2393;181;3133;3133;9.62;0.59;225.14;3.54;740;24;1057.00;0
2396;24;626762051;2396;183;3133;3133;9.67;0.59;225.14;3.54;737;24;1058.00;0
2397;24;626762063;2397;182;3134;3134;9.74;0.60;225.15;3.54;737;24;1059.00;0
2402;24;626762075;2402;182;3135;3135;9.71;0.59;225.11;3.54;733;24;1060.00;0
2403;24;626762086;2403;187;3135;3135;9.66;0.59;225.21;3.54;732;24;1061.00;0
2408;24;626762098;2408;190;3137;3138;9.66;0.59;225.23;3.54;729;24;1062.00;1
2410;24;626762109;2410;197;3137;3138;9.61;0.59;225.17;3.54;727;24;1063.00;1
2411;24;626762120;2411;202;3138;3138;9.54;0.58;225.24;3.54;727;24;1064.00;0
2417;24;626762131;2417;205;3138;3138;9.52;0.58;225.35;3.54;721;24;1065.00;0
2421;24;626762142;2421;215;3143;3144;9.44;0.58;225.31;3.53;722;24;1066.00;1
2425;24;626762155;2425;210;3143;3144;9.41;0.57;225.34;3.53;718;24;1067.00;1
2429;24;626762166;2429;201;3144;3144;9.36;0.57;225.17;3.53;715;24;1068.00;0
2431;24;626762178;2431;202;3144;3144;9.29;0.56;225.12;3.53;713;24;1069.00;0
2435;24;626762190;2435;202;3148;3148;9.23;0.56;225.11;3.53;713;24;1070.00;0
2437;24;626762209;2437;213;3149;3149;9.19;0.56;225.15;3.53;712;24;1071.00;0
2442;24;626762221;2442;217;3149;3149;9.14;0.55;225.04;3.53;707;24;1072.00;0
2445;24;626762232;2445;214;3150;3150;9.13;0.55;225.23;3.53;705;24;1073.00;0
2449;24;626762244;2449;218;3150;3150;9.09;0.55;225.36;3.53;701;24;1074.00;0
2450;24;626762256;2450;221;3150;3150;9.14;0.56;225.28;3.53;700;24;1075.00;0
2452;24;626762266;2452;210;3150;3150;9.17;0.56;225.46;3.53;698;24;1076.00;0
2456;24;626762277;2456;198;3150;3150;9.18;0.56;225.49;3.53;694;24;1077.00;0
2460;24;626762287;2460;185;3150;3150;9.20;0.56;225.52;3.53;690;24;1078.00;0
2462;24;626762298;2462;182;3150;3150;9.23;0.56;225.60;3.53;688;24;1079.00;0
2466;24;626762311;2466;207;3230;3275;9.13;0.56;225.74;3.44;764;24;1080.00;45
2467;24;626762332;2467;200;3234;3276;9.18;0.56;225.75;3.44;767;24;1081.00;42
2473;24;626762344;2473;181;3239;3276;9.32;0.57;225.89;3.44;766;24;1082.00;37
2476;24;626762356;2476;174;3244;3276;9.39;0.58;225.88;3.44;768;24;1083.00;32
2476;24;626762373;2476;166;3248;3276;9.42;0.58;225.88;3.44;772;24;1084.00;28
2481;24;626762384;2481;166;3252;3276;9.40;0.58;226.02;3.44;771;24;1085.00;24
2483;24;626762398;2483;169;3256;3276;9.39;0.58;226.03;3.44;773;24;1086.00;20
2485;24;626762410;2485;170;3258;3276;9.32;0.57;226.15;3.44;773;24;1087.00;18
2486;24;626762421;2486;172;3262;3277;9.23;0.57;226.10;3.45;776;24;1088.00;15
2489;24;626762433;2489;176;3264;3278;9.10;0.56;226.17;3.45;775;24;1089.00;14
2490;24;626762445;2490;176;3265;3278;9.04;0.55;226.11;3.45;775;24;1090.00;13
2492;24;626762456;2492;181;3271;3282;9.03;0.55;226.13;3.45;779;24;1091.00;11
2493;24;626762468;2493;186;3271;3282;9.07;0.56;226.07;3.45;778;24;1092.00;11
2495;24;626762478;2495;186;3271;3282;9.10;0.56;226.06;3.45;776;24;1093.00;11
2498;24;626762489;2498;193;3272;3282;9.14;0.56;225.95;3.45;774;24;1094.00;10
2499;24;626762500;2499;192;3276;3288;9.12;0.56;225.90;3.45;777;24;1095.00;12
2501;24;626762511;2501;195;3277;3288;9.08;0.56;225.98;3.46;776;24;1096.00;11
2501;24;626762526;2501;197;3278;3288;9.06;0.56;225.98;3.46;777;24;1097.00;10
2502;24;626762537;2502;201;3281;3291;8.97;0.55;225.97;3.45;779;24;1098.00;10
2504;24;626762548;2504;204;3282;3291;8.91;0.55;225.96;3.45;778;24;1099.00;9
2505;24;626762559;2505;212;3282;3291;8.84;0.54;225.91;3.45;777;24;1100.00;9
2507;24;626762572;2507;214;3283;3292;8.81;0.54;225.87;3.45;776;24;1101.00;9
2510;24;626762582;2510;220;3284;3293;8.79;0.54;225.91;3.45;774;24;1102.00;9
2512;24;626762592;2512;227;3284;3293;8.72;0.54;225.94;3.45;772;24;1103.00;9
2513;24;626762602;2513;232;3296;3306;8.63;0.53;225.92;3.44;783;24;1104.00;10
2515;24;626762612;2515;239;3296;3306;8.57;0.53;225.88;3.44;781;24;1105.00;10
2520;24;626762622;2520;243;3296;3306;8.49;0.52;225.92;3.44;776;24;1106.00;10
2521;24;626762632;2521;250;3297;3307;8.51;0.52;225.86;3.44;776;24;1107.00;10
2524;24;626762642;2524;252;3297;3307;8.48;0.52;225.73;3.44;773;24;1108.00;10
2527;24;626762652;2527;264;3300;3311;8.52;0.52;225.70;3.44;773;24;1109.00;11
2532;24;626762664;2532;263;3302;3311;8.52;0.52;225.66;3.44;770;24;1110.00;9
2535;24;626762679;2535;258;3305;3315;8.51;0.52;225.63;3.44;770;24;1111.00;10
2537;24;626762689;2537;253;3305;3315;8.59;0.53;225.59;3.44;768;24;1112.00;10
2540;24;626762698;2540;249;3306;3315;8.57;0.52;225.47;3.45;766;24;1113.00;9
2543;24;626762708;2543;245;3306;3315;8.57;0.53;225.50;3.45;763;24;1114.00;9
2544;24;626762719;2544;244;3306;3315;8.59;0.53;225.42;3.45;762;24;1115.00;9
2549;24;626762729;2549;241;3315;3327;8.60;0.53;225.32;3.44;766;24;1116.00;12
2552;24;626762739;2552;241;3315;3327;8.58;0.53;225.38;3.44;763;24;1117.00;12
2557;24;626762749;2557;241;3318;3327;8.63;0.53;225.19;3.45;761;24;1118.00;9
2560;24;626762758;2560;235;3318;3327;8.58;0.52;225.16;3.45;758;24;1119.00;9
2561;24;626762767;2561;234;3319;3327;8.55;0.52;225.23;3.46;758;24;1120.00;8
2562;24;626762775;2562;232;3319;3327;8.48;0.52;225.21;3.46;757;24;1121.00;8
2563;24;626762784;2563;222;3320;3328;8.41;0.51;225.23;3.47;757;24;1122.00;8
2565;24;626762793;2565;223;3321;3328;8.33;0.51;225.18;3.48;756;24;1123.00;7
2568;25;626762802;2568;220;3325;3334;8.30;0.51;225.09;3.47;757;25;1124.00;9
2568;25;626762819;2568;218;3330;3336;8.32;0.51;225.09;3.49;762;25;1125.00;6
2573;25;626762828;2573;214;3330;3336;8.27;0.50;225.20;3.49;757;25;1126.00;6
2576;25;626762841;2576;213;3330;3336;8.28;0.50;225.14;3.49;754;25;1127.00;6
2576;25;626762850;2576;218;3334;3340;8.32;0.51;225.14;3.50;758;25;1128.00;6
2579;25;626762859;2579;219;3335;3340;8.35;0.51;225.12;3.50;756;25;1129.00;5
2581;25;626762868;2581;216;3335;3340;8.38;0.51;225.01;3.50;754;25;1130.00;5
2582;25;626762876;2582;208;3337;3341;8.48;0.51;224.99;3.51;755;25;1131.00;4
2583;25;626762885;2583;199;3340;3345;8.57;0.52;224.92;3.51;757;25;1132.00;5
2585;25;626762895;2585;189;3341;3345;8.63;0.52;224.98;3.53;756;25;1133.00;4
2588;25;626762904;2588;180;3343;3348;8.79;0.53;224.88;3.52;755;25;1134.00;5
2588;25;626762914;2588;173;3344;3348;8.96;0.54;224.88;3.52;756;25;1135.00;4
2591;25;626762923;2591;166;3344;3348;9.08;0.55;224.80;3.52;753;25;1136.00;4
2593;25;626762932;2593;162;3344;3348;9.20;0.56;224.77;3.52;751;25;1137.00;4
2595;25;626762942;2595;158;3347;3352;9.32;0.56;224.68;3.52;752;25;1138.00;5
2596;26;626762952;2596;157;3347;3352;9.41;0.57;224.70;3.52;751;26;1139.00;5
2598;26;626762974;2598;149;3348;3352;9.50;0.57;224.68;3.52;750;26;1140.00;4
2599;27;626762984;2599;153;3348;3352;9.57;0.58;224.64;3.52;749;27;1141.00;4
2601;27;626763005;2601;155;3348;3353;9.64;0.58;224.61;3.52;747;27;1142.00;5
2601;27;626763014;2601;149;3349;3354;9.75;0.59;224.61;3.52;748;27;1143.00;5
2601;27;626763025;2601;144;3349;3354;9.84;0.59;224.61;3.52;748;27;1144.00;5
2602;27;626763034;2602;151;3350;3355;9.87;0.60;224.60;3.52;748;27;1145.00;5
2603;27;626763050;2603;149;3350;3355;9.89;0.60;224.56;3.52;747;27;1146.00;5
2604;27;626763060;2604;154;3350;3355;9.94;0.60;224.56;3.52;746;27;1147.00;5
2606;27;626763079;2606;150;3350;3355;9.99;0.60;224.51;3.52;744;27;1148.00;5
2607;27;626763090;2607;154;3350;3355;10.01;0.60;224.48;3.52;743;27;1149.00;5
2607;27;626763101;2607;155;3350;3355;9.97;0.60;224.48;3.52;743;27;1150.00;5
2607;27;626763111;2607;156;3352;3355;9.98;0.61;224.48;3.53;745;27;1151.00;3
2608;27;626763120;2608;178;3419;3482;9.95;0.61;224.47;3.47;811;27;1152.00;63
2610;27;626763143;2610;170;3425;3483;10.00;0.62;224.66;3.47;815;27;1153.00;58
2613;27;626763155;2613;164;3431;3483;10.08;0.62;224.85;3.47;818;27;1154.00;52
2614;27;626763166;2614;163;3438;3483;10.19;0.63;224.79;3.47;824;27;1155.00;45
2616;27;626763176;2616;161;3445;3483;10.16;0.63;224.83;3.47;829;27;1156.00;38
2617;27;626763187;2617;164;3449;3483;10.12;0.62;224.99;3.48;832;27;1157.00;34
2621;27;626763198;2621;161;3455;3483;10.15;0.63;225.19;3.48;834;27;1158.00;28
2624;27;626763207;2624;169;3459;3483;10.09;0.62;225.24;3.49;835;27;1159.00;24
2629;27;626763225;2629;174;3463;3484;10.01;0.62;225.23;3.49;834;27;1160.00;21
2631;27;626763236;2631;176;3467;3485;9.97;0.61;225.27;3.50;836;27;1161.00;18
2635;27;626763247;2635;180;3472;3485;9.82;0.60;225.42;3.51;837;27;1162.00;13
2636;27;626763258;2636;187;3476;3486;9.72;0.60;225.37;3.51;840;27;1163.00;10
2638;27;626763268;2638;188;3479;3486;9.57;0.59;225.53;3.52;841;27;1164.00;7
2638;27;626763279;2638;200;3480;3486;9.41;0.58;225.53;3.52;842;27;1165.00;6
2641;27;626763290;2641;205;3481;3486;9.26;0.57;225.76;3.52;840;27;1166.00;5
2642;27;626763300;2642;215;3485;3490;9.14;0.56;225.88;3.53;843;27;1167.00;5
2643;27;626763311;2643;223;3486;3490;9.00;0.56;225.99;3.53;843;27;1168.00;4
2648;27;626763322;2648;222;3488;3490;8.89;0.55;226.12;3.54;840;27;1169.00;2
2650;27;626763334;2650;228;3491;3496;8.80;0.54;226.19;3.54;841;27;1170.00;5
2651;27;626763350;2651;228;3492;3496;8.77;0.54;226.29;3.54;841;27;1171.00;4
2653;27;626763361;2653;233;3493;3496;8.76;0.54;226.32;3.54;840;27;1172.00;3
2655;27;626763372;2655;239;3497;3500;8.71;0.54;226.25;3.53;842;27;1173.00;3
2658;27;626763382;2658;243;3499;3501;8.66;0.53;226.42;3.53;841;27;1174.00;2
2660;27;626763396;2660;245;3500;3501;8.64;0.53;226.44;3.53;840;27;1175.00;1
2664;27;626763412;2664;242;3504;3505;8.69;0.53;226.44;3.53;840;27;1176.00;1
2666;27;626763431;2666;247;3505;3505;8.69;0.53;226.60;3.53;839;27;1177.00;0
2669;27;626763449;2669;248;3505;3505;8.70;0.53;226.67;3.53;836;27;1178.00;0
2674;28;626763464;2674;246;3506;3506;8.69;0.53;226.88;3.53;832;28;1179.00;0
2678;28;626763501;2678;249;3506;3506;8.64;0.53;227.02;3.53;828;28;1180.00;0
2680;28;626763517;2680;248;3511;3512;8.64;0.53;226.98;3.53;831;28;1181.00;1
2686;28;626763538;2686;250;3511;3512;8.56;0.52;227.04;3.53;825;28;1182.00;1
2689;28;626763556;2689;255;3513;3513;8.48;0.52;227.17;3.52;824;28;1183.00;0
2692;28;626763567;2692;255;3513;3513;8.39;0.51;227.30;3.52;821;28;1184.00;0
2696;28;626763578;2696;261;3513;3513;8.34;0.51;227.33;3.52;817;28;1185.00;0
2702;28;626763589;2702;261;3513;3513;8.25;0.50;227.56;3.52;811;28;1186.00;0
2708;28;626763600;2708;259;3513;3513;8.12;0.49;227.80;3.52;805;28;1187.00;0
2710;28;626763616;2710;256;3523;3525;8.14;0.50;227.96;3.51;813;28;1188.00;2
2714;28;626763634;2714;258;3523;3525;8.02;0.49;228.30;3.51;809;28;1189.00;2
2719;28;626763645;2719;248;3524;3525;7.92;0.48;228.48;3.51;805;28;1190.00;1
2723;28;626763666;2723;241;3525;3525;7.82;0.48;228.67;3.51;802;28;1191.00;0
2727;28;626763676;2727;240;3525;3525;7.82;0.48;228.86;3.51;798;28;1192.00;0
2731;28;626763687;2731;236;3525;3525;7.89;0.48;229.27;3.51;794;28;1193.00;0
2736;28;626763697;2736;234;3529;3529;7.95;0.49;229.36;3.51;793;28;1194.00;0
2737;28;626763708;2737;231;3529;3529;8.03;0.49;229.50;3.51;792;28;1195.00;0
2742;28;626763719;2742;231;3532;3533;8.11;0.49;229.63;3.51;790;28;1196.00;1
2746;28;626763730;2746;227;3534;3534;8.15;0.50;229.83;3.51;788;28;1197.00;0
2749;28;626763741;2749;224;3534;3534;8.21;0.50;229.89;3.51;785;28;1198.00;0
2752;28;626763751;2752;215;3534;3534;8.23;0.50;229.89;3.51;782;28;1199.00;0
2755;28;626763765;2755;216;3556;3575;8.19;0.50;229.92;3.49;801;28;1200.00;19
2759;28;626763785;2759;209;3558;3575;8.28;0.51;230.02;3.48;799;28;1201.00;17
2760;28;626763797;2760;203;3561;3575;8.35;0.51;229.99;3.48;801;28;1202.00;14
2767;28;626763814;2767;199;3564;3576;8.39;0.51;230.20;3.48;797;28;1203.00;12
2769;28;626763826;2769;196;3567;3577;8.43;0.51;230.29;3.48;798;28;1204.00;10
2771;28;626763839;2771;191;3568;3577;8.54;0.52;230.31;3.48;797;28;1205.00;9
2779;28;626763850;2779;186;3570;3580;8.62;0.53;230.29;3.48;791;28;1206.00;10
2780;28;626763862;2780;192;3570;3580;8.74;0.53;230.33;3.48;790;28;1207.00;10
2782;28;626763872;2782;195;3572;3580;8.82;0.54;230.28;3.48;790;28;1208.00;8
2787;28;626763884;2787;184;3572;3580;8.89;0.54;230.24;3.48;785;28;1209.00;8
2790;28;626763895;2790;181;3577;3586;8.84;0.54;230.31;3.48;787;28;1210.00;9
2793;28;626763908;2793;179;3579;3586;8.80;0.54;230.36;3.48;786;28;1211.00;7
2796;28;626763919;2796;176;3580;3586;8.73;0.53;230.37;3.48;784;28;1212.00;6
2800;28;626763931;2800;179;3580;3586;8.70;0.53;230.61;3.48;780;28;1213.00;6
2805;28;626763949;2805;181;3584;3590;8.70;0.53;230.93;3.48;779;28;1214.00;6
2808;28;626763961;2808;184;3586;3592;8.75;0.53;231.10;3.48;778;28;1215.00;6
2814;28;626763974;2814;191;3587;3592;8.73;0.53;231.32;3.48;773;28;1216.00;5
2819;28;626763985;2819;189;3588;3593;8.76;0.54;231.49;3.48;769;28;1217.00;5
2825;28;626763997;2825;193;3588;3593;8.80;0.54;231.40;3.48;763;28;1218.00;5
2832;28;626764008;2832;202;3588;3593;8.86;0.54;231.67;3.48;756;28;1219.00;5
2835;28;626764020;2835;204;3589;3593;8.87;0.54;231.85;3.48;754;28;1220.00;4
2841;28;626764031;2841;206;3589;3593;8.74;0.54;232.07;3.48;748;28;1221.00;4
2846;28;626764042;2846;209;3590;3593;8.65;0.53;232.17;3.49;744;28;1222.00;3
2852;28;626764052;2852;215;3590;3593;8.57;0.52;232.33;3.49;738;28;1223.00;3
2860;28;626764064;2860;223;3630;3663;8.33;0.51;232.51;3.45;770;28;1224.00;33
2861;28;626764080;2861;225;3631;3664;8.33;0.51;232.50;3.45;770;28;1225.00;33
2865;28;626764094;2865;220;3635;3664;8.39;0.51;232.54;3.45;770;28;1226.00;29
2872;28;626764106;2872;224;3636;3664;8.36;0.51;232.71;3.45;764;28;1227.00;28
2878;28;626764118;2878;233;3640;3666;8.43;0.51;232.83;3.46;762;28;1228.00;26
2879;28;626764130;2879;239;3641;3666;8.50;0.52;232.86;3.46;762;28;1229.00;25
2883;28;626764143;2883;243;3643;3666;8.52;0.52;232.83;3.46;760;28;1230.00;23
2888;28;626764153;2888;248;3645;3666;8.51;0.52;232.80;3.46;757;28;1231.00;21
2890;28;626764165;2890;248;3650;3667;8.46;0.52;232.97;3.47;760;28;1232.00;17
2894;28;626764175;2894;258;3654;3668;8.35;0.51;232.84;3.48;760;28;1233.00;14
2898;28;626764186;2898;265;3656;3668;8.26;0.50;233.04;3.48;758;28;1234.00;12
2902;28;626764197;2902;275;3660;3672;8.16;0.50;233.11;3.48;758;28;1235.00;12
2904;28;626764215;2904;289;3663;3672;8.07;0.49;233.22;3.49;759;28;1236.00;9
2908;28;626764225;2908;282;3665;3672;8.04;0.49;233.46;3.49;757;28;1237.00;7
2910;28;626764244;2910;281;3667;3672;8.06;0.49;233.52;3.49;757;28;1238.00;5
2913;28;626764256;2913;278;3674;3678;8.08;0.49;233.54;3.50;761;28;1239.00;4
2914;28;626764268;2914;274;3675;3678;8.13;0.50;233.59;3.50;761;28;1240.00;3
2916;28;626764280;2916;272;3676;3678;8.19;0.50;233.60;3.50;760;28;1241.00;2
2918;28;626764292;2918;268;3679;3681;8.33;0.51;233.65;3.49;761;28;1242.00;2
2921;28;626764302;2921;268;3679;3681;8.41;0.51;233.72;3.49;758;28;1243.00;2
2924;28;626764314;2924;273;3679;3681;8.42;0.51;233.68;3.49;755;28;1244.00;2
2927;28;626764326;2927;278;3680;3682;8.35;0.51;233.65;3.49;753;28;1245.00;2
2930;28;626764344;2930;266;3681;3683;8.43;0.51;233.89;3.49;751;28;1246.00;2
2936;28;626764355;2936;258;3681;3683;8.41;0.51;234.05;3.49;745;28;1247.00;2
2937;28;626764367;2937;257;3693;3696;8.55;0.52;234.00;3.48;756;28;1248.00;3
2939;28;626764379;2939;252;3694;3696;8.61;0.53;234.12;3.48;755;28;1249.00;2
2942;28;626764397;2942;250;3694;3696;8.67;0.53;233.97;3.48;752;28;1250.00;2
2945;28;626764408;2945;247;3695;3697;8.69;0.53;233.95;3.48;750;28;1251.00;2
2946;28;626764419;2946;240;3695;3697;8.67;0.53;233.93;3.48;749;28;1252.00;2
2950;28;626764430;2950;238;3698;3701;8.67;0.53;233.92;3.48;748;28;1253.00;3
2951;28;626764443;2951;237;3698;3701;8.66;0.53;233.85;3.48;747;28;1254.00;3
2954;28;626764453;2954;240;3703;3705;8.65;0.53;233.79;3.48;749;28;1255.00;2
2955;28;626764464;2955;241;3703;3705;8.69;0.53;233.76;3.48;748;28;1256.00;2
2959;28;626764475;2959;242;3703;3705;8.72;0.53;233.60;3.48;744;28;1257.00;2
2960;28;626764486;2960;240;3703;3705;8.74;0.53;233.53;3.48;743;28;1258.00;2
2962;28;626764496;2962;235;3703;3705;8.67;0.53;233.44;3.48;741;28;1259.00;2
2967;28;626764508;2967;239;3728;3739;8.56;0.53;233.61;3.45;761;28;1260.00;11
2970;28;626764521;2970;239;3728;3739;8.54;0.52;233.59;3.45;758;28;1261.00;11
2970;28;626764531;2970;242;3729;3739;8.53;0.52;233.59;3.45;759;28;1262.00;10
2970;28;626764541;2970;237;3729;3739;8.53;0.52;233.59;3.45;759;28;1263.00;10
2975;28;626764555;2975;244;3730;3739;8.52;0.52;233.36;3.45;755;28;1264.00;9
2975;29;626764565;2975;240;3730;3739;8.46;0.52;233.36;3.45;755;29;1265.00;9
2975;29;626764584;2975;243;3732;3740;8.45;0.52;233.36;3.45;757;29;1266.00;8
2976;29;626764594;2976;251;3732;3740;8.46;0.52;233.30;3.45;756;29;1267.00;8
2979;29;626764604;2979;258;3736;3746;8.44;0.52;233.34;3.45;757;29;1268.00;10
2982;29;626764614;2982;253;3737;3747;8.38;0.51;233.35;3.45;755;29;1269.00;10
2984;29;626764623;2984;253;3738;3747;8.39;0.51;233.26;3.45;754;29;1270.00;9
2985;29;626764633;2985;253;3738;3747;8.27;0.51;233.25;3.45;753;29;1271.00;9
2986;29;626764647;2986;261;3741;3751;8.22;0.50;233.26;3.45;755;29;1272.00;10
2987;29;626764663;2987;268;3741;3751;8.11;0.50;233.19;3.45;754;29;1273.00;10
2993;29;626764672;2993;273;3742;3751;7.96;0.48;233.27;3.47;749;29;1274.00;9
2993;29;626764681;2993;284;3743;3752;7.89;0.48;233.27;3.47;750;29;1275.00;9
2994;29;626764690;2994;291;3746;3756;7.82;0.48;233.20;3.46;752;29;1276.00;10
2996;29;626764699;2996;297;3746;3756;7.79;0.47;233.20;3.46;750;29;1277.00;10
2996;29;626764712;2996;297;3748;3759;7.80;0.48;233.20;3.46;752;29;1278.00;11
2997;29;626764722;2997;299;3749;3759;7.78;0.47;233.21;3.46;752;29;1279.00;10
2997;29;626764730;2997;298;3749;3759;7.68;0.47;233.21;3.46;752;29;1280.00;10
2998;29;626764739;2998;295;3749;3759;7.64;0.47;233.19;3.46;751;29;1281.00;10
3001;29;626764748;3001;294;3752;3763;7.67;0.47;233.40;3.46;751;29;1282.00;11
3004;29;626764757;3004;275;3752;3763;7.66;0.47;233.42;3.46;748;29;1283.00;11
3005;29;626764766;3005;261;3753;3763;7.70;0.47;233.48;3.46;748;29;1284.00;10
3006;29;626764775;3006;247;3753;3763;7.71;0.47;233.46;3.46;747;29;1285.00;10
3009;29;626764784;3009;236;3754;3764;7.73;0.47;233.45;3.48;745;29;1286.00;10
3010;29;626764793;3010;225;3755;3765;7.77;0.47;233.50;3.47;745;29;1287.00;10
3012;29;626764802;3012;219;3755;3765;7.89;0.48;233.49;3.47;743;29;1288.00;10
3018;29;626764811;3018;211;3757;3766;7.93;0.48;233.61;3.48;739;29;1289.00;9
3019;29;626764828;3019;202;3757;3766;7.93;0.48;233.59;3.48;738;29;1290.00;9
3021;30;626764842;3021;192;3757;3766;7.99;0.49;233.62;3.48;736;30;1291.00;9
3022;30;626764861;3022;182;3757;3766;8.08;0.49;233.59;3.48;735;30;1292.00;9
3023;30;626764870;3023;180;3757;3766;8.11;0.49;233.59;3.48;734;30;1293.00;9
3026;30;626764879;3026;174;3758;3766;8.16;0.50;233.53;3.49;732;30;1294.00;8
3028;30;626764908;3028;171;3759;3766;8.24;0.50;233.50;3.49;731;30;1295.00;7
3030;30;626764917;3030;178;3825;3893;8.36;0.52;233.52;3.43;795;30;1296.00;68
3033;30;626764942;3033;168;3825;3894;8.43;0.52;233.46;3.43;792;30;1297.00;69
3035;30;626764951;3035;155;3833;3894;8.62;0.53;233.40;3.44;798;30;1298.00;61
3040;30;626764960;3040;149;3838;3894;8.76;0.54;233.35;3.44;798;30;1299.00;56
3040;30;626764972;3040;147;3844;3894;8.91;0.55;233.35;3.44;804;30;1300.00;50
3040;30;626764985;3040;146;3850;3894;8.98;0.55;233.35;3.45;810;30;1301.00;44
3040;30;626764996;3040;144;3853;3894;9.08;0.56;233.35;3.45;813;30;1302.00;41
3040;30;626765006;3040;142;3858;3894;9.18;0.56;233.35;3.47;818;30;1303.00;36
3043;30;626765016;3043;139;3862;3895;9.21;0.56;233.58;3.47;819;30;1304.00;33
3047;30;626765036;3047;138;3864;3897;9.20;0.56;233.52;3.47;817;30;1305.00;33
3048;30;626765046;3048;138;3866;3897;9.33;0.57;233.62;3.47;818;30;1306.00;31
3052;30;626765057;3052;144;3871;3898;9.38;0.57;233.45;3.49;819;30;1307.00;27
3057;30;626765067;3057;141;3873;3898;9.38;0.57;233.54;3.50;816;30;1308.00;25
3060;30;626765078;3060;140;3874;3898;9.38;0.57;233.56;3.50;814;30;1309.00;24
3062;30;626765088;3062;147;3877;3898;9.38;0.57;233.57;3.51;815;30;1310.00;21
3062;30;626765099;3062;150;3880;3902;9.35;0.57;233.57;3.52;818;30;1311.00;22
3066;30;626765109;3066;154;3882;3902;9.28;0.57;233.58;3.52;816;30;1312.00;20
3072;30;626765120;3072;159;3884;3902;9.20;0.56;233.65;3.53;812;30;1313.00;18
3074;30;626765130;3074;168;3888;3905;9.25;0.56;233.75;3.53;814;30;1314.00;17
3076;30;626765141;3076;172;3888;3905;9.24;0.56;233.80;3.53;812;30;1315.00;17
3079;30;626765151;3079;174;3891;3905;9.24;0.56;233.90;3.54;812;30;1316.00;14
3081;30;626765162;3081;181;3894;3909;9.17;0.56;233.94;3.54;813;30;1317.00;15
3086;30;626765173;3086;182;3896;3910;9.16;0.56;234.08;3.54;810;30;1318.00;14
3089;30;626765185;3089;184;3898;3910;9.14;0.55;234.25;3.55;809;30;1319.00;12
3092;30;626765198;3092;187;3902;3915;9.20;0.56;234.34;3.55;810;30;1320.00;13
3095;30;626765209;3095;188;3902;3915;9.24;0.56;234.39;3.55;807;30;1321.00;13
3096;30;626765220;3096;186;3903;3915;9.22;0.56;234.37;3.56;807;30;1322.00;12
3098;30;626765231;3098;191;3905;3916;9.25;0.56;234.28;3.57;807;30;1323.00;11
3100;30;626765243;3100;196;3906;3916;9.28;0.56;234.38;3.57;806;30;1324.00;10
3101;30;626765259;3101;197;3912;3922;9.36;0.57;234.37;3.57;811;30;1325.00;10
3105;30;626765270;3105;197;3912;3922;9.35;0.57;234.57;3.57;807;30;1326.00;10
3109;30;626765282;3109;201;3913;3923;9.28;0.56;234.68;3.57;804;30;1327.00;10
3112;31;626765293;3112;203;3914;3923;9.28;0.56;234.75;3.58;802;31;1328.00;9
3116;31;626765319;3116;200;3914;3923;9.22;0.56;234.99;3.58;798;31;1329.00;9
3117;31;626765331;3117;205;3915;3923;9.14;0.56;234.98;3.59;798;31;1330.00;8
3120;32;626765347;3120;205;3917;3923;9.09;0.55;235.08;3.60;797;32;1331.00;6
3122;32;626765364;3122;209;3928;3935;9.13;0.56;235.14;3.60;806;32;1332.00;7
3125;32;626765376;3125;212;3930;3935;9.14;0.56;235.12;3.60;805;32;1333.00;5
3128;32;626765387;3128;215;3931;3935;9.17;0.56;235.26;3.60;803;32;1334.00;4
3131;32;626765399;3131;215;3931;3935;9.14;0.56;235.48;3.60;800;32;1335.00;4
3133;32;626765415;3133;219;3932;3935;9.10;0.55;235.45;3.61;799;32;1336.00;3
3138;32;626765434;3138;221;3933;3935;8.97;0.55;235.72;3.61;795;32;1337.00;2
3140;32;626765449;3140;222;3937;3939;8.84;0.54;235.85;3.60;797;32;1338.00;2
3143;32;626765466;3143;223;3937;3939;8.79;0.53;235.99;3.60;794;32;1339.00;2
3146;32;626765492;3146;217;3940;3943;8.84;0.54;236.07;3.60;794;32;1340.00;3
3149;32;626765517;3149;215;3941;3944;8.91;0.54;236.10;3.60;792;32;1341.00;3
3152;32;626765530;3152;211;3942;3944;8.97;0.55;236.13;3.60;790;32;1342.00;2
3155;32;626765541;3155;212;3942;3944;8.99;0.55;236.14;3.60;787;32;1343.00;2
3157;32;626765553;3157;213;3954;3957;8.96;0.55;236.22;3.59;797;32;1344.00;3
3157;32;626765571;3157;212;3954;3957;8.98;0.55;236.22;3.59;797;32;1345.00;3
3161;33;626765582;3161;209;3955;3957;9.03;0.55;236.17;3.59;794;33;1346.00;2
3163;33;626765602;3163;211;3956;3958;9.06;0.55;236.27;3.59;793;33;1347.00;2
3163;33;626765618;3163;215;3957;3959;9.07;0.55;236.27;3.59;794;33;1348.00;2
3168;33;626765634;3168;214;3957;3959;9.03;0.55;236.32;3.59;789;33;1349.00;2
3170;33;626765647;3170;219;3960;3968;9.10;0.56;236.37;3.58;790;33;1350.00;8
3174;33;626765658;3174;218;3961;3968;9.03;0.55;236.33;3.58;787;33;1351.00;7
3178;33;626765669;3178;225;3962;3968;8.98;0.55;236.43;3.58;784;33;1352.00;6
3180;33;626765679;3180;221;3962;3968;8.97;0.55;236.47;3.58;782;33;1353.00;6
3184;33;626765690;3184;222;3967;3974;8.93;0.55;236.51;3.58;783;33;1354.00;7
3187;33;626765707;3187;221;3967;3974;8.83;0.54;236.63;3.58;780;33;1355.00;7
3190;33;626765717;3190;224;3968;3974;8.69;0.53;236.77;3.58;778;33;1356.00;6
3193;33;626765727;3193;226;3968;3974;8.62;0.53;236.77;3.58;775;33;1357.00;6
3198;33;626765737;3198;229;3973;3978;8.42;0.52;236.83;3.58;775;33;1358.00;5
3201;33;626765747;3201;232;3975;3979;8.37;0.51;236.79;3.58;774;33;1359.00;4
3206;33;626765757;3206;229;3975;3979;8.23;0.50;236.85;3.58;769;33;1360.00;4
3209;33;626765767;3209;223;3977;3980;8.12;0.50;236.91;3.58;768;33;1361.00;3
3212;33;626765776;3212;216;3977;3980;8.06;0.49;237.04;3.58;765;33;1362.00;3
3215;33;626765786;3215;210;3977;3980;8.09;0.50;237.13;3.58;762;33;1363.00;3
3219;33;626765795;3219;206;3977;3980;8.08;0.50;237.27;3.58;758;33;1364.00;3
3225;33;626765805;3225;204;3977;3980;8.09;0.50;237.28;3.58;752;33;1365.00;3
3229;33;626765816;3229;205;3977;3980;8.22;0.50;237.29;3.58;748;33;1366.00;3
3235;33;626765825;3235;194;3977;3980;8.31;0.51;237.34;3.58;742;33;1367.00;3
3237;33;626765835;3237;191;4015;4050;8.50;0.52;237.35;3.55;778;33;1368.00;35
3242;33;626765852;3242;179;4018;4051;8.61;0.53;237.52;3.54;776;33;1369.00;33
3245;33;626765862;3245;173;4026;4051;8.87;0.54;237.54;3.54;781;33;1370.00;25
3252;33;626765873;3252;180;4029;4051;8.98;0.55;237.79;3.54;777;33;1371.00;22
3255;33;626765884;3255;183;4034;4051;9.03;0.55;237.93;3.54;779;33;1372.00;17
3260;33;626765895;3260;180;4039;4051;9.13;0.56;238.00;3.54;779;33;1373.00;12
3263;33;626765906;3263;181;4043;4051;9.15;0.56;238.11;3.55;780;33;1374.00;8
3269;33;626765918;3269;189;4044;4051;9.15;0.56;238.04;3.55;775;33;1375.00;7
3270;33;626765929;3270;194;4046;4052;9.18;0.56;238.00;3.55;776;33;1376.00;6
3277;33;626765946;3277;193;4048;4053;9.14;0.56;238.19;3.55;771;33;1377.00;5
3283;33;626765958;3283;197;4048;4053;9.08;0.55;238.26;3.55;765;33;1378.00;5
3289;33;626765970;3289;206;4051;4057;8.96;0.55;238.26;3.55;762;33;1379.00;6
3294;33;626765983;3294;210;4051;4057;8.84;0.54;238.44;3.55;757;33;1380.00;6
3298;33;626765995;3298;210;4051;4057;8.81;0.54;238.37;3.55;753;33;1381.00;6
3302;33;626766007;3302;217;4051;4057;8.85;0.54;238.46;3.55;749;33;1382.00;6
3307;33;626766017;3307;219;4056;4063;8.90;0.54;238.44;3.54;749;33;1383.00;7
3310;33;626766029;3310;218;4058;4063;8.90;0.54;238.55;3.54;748;33;1384.00;5
3316;33;626766040;3316;219;4058;4063;8.86;0.54;238.53;3.54;742;33;1385.00;5
3319;33;626766051;3319;219;4060;4066;8.82;0.54;238.78;3.54;741;33;1386.00;6
3322;33;626766063;3322;222;4061;4066;8.73;0.53;238.91;3.55;739;33;1387.00;5
3327;33;626766073;3327;226;4062;4066;8.65;0.53;238.90;3.55;735;33;1388.00;4
3331;33;626766084;3331;223;4064;4067;8.51;0.52;239.02;3.55;733;33;1389.00;3
3333;33;626766095;3333;228;4065;4068;8.42;0.51;239.00;3.55;732;33;1390.00;3
3335;33;626766106;3335;229;4065;4068;8.32;0.51;239.02;3.55;730;33;1391.00;3
3338;33;626766122;3338;226;4079;4081;8.35;0.51;239.01;3.56;741;33;1392.00;2
3341;33;626766133;3341;230;4079;4081;8.31;0.51;239.10;3.56;738;33;1393.00;2
3343;33;626766150;3343;234;4079;4081;8.31;0.51;239.06;3.56;736;33;1394.00;2
3345;33;626766160;3345;238;4081;4083;8.37;0.51;239.10;3.56;736;33;1395.00;2
3352;33;626766171;3352;246;4081;4083;8.33;0.51;239.24;3.56;729;33;1396.00;2
3355;33;626766182;3355;251;4084;4087;8.28;0.50;239.28;3.56;729;33;1397.00;3
3358;33;626766193;3358;260;4084;4087;8.18;0.50;239.29;3.56;726;33;1398.00;3
3362;33;626766203;3362;266;4089;4091;8.17;0.50;239.24;3.56;727;33;1399.00;2
3364;33;626766214;3364;271;4089;4091;8.06;0.49;239.37;3.56;725;33;1400.00;2
3367;33;626766229;3367;279;4089;4091;7.96;0.48;239.37;3.56;722;33;1401.00;2
3369;33;626766240;3369;278;4089;4091;7.82;0.48;239.33;3.56;720;33;1402.00;2
3372;33;626766251;3372;287;4089;4091;7.67;0.47;239.42;3.56;717;33;1403.00;2
3374;33;626766261;3374;288;4099;4103;7.73;0.47;239.45;3.55;725;33;1404.00;4
3376;33;626766272;3376;292;4099;4103;7.67;0.47;239.37;3.55;723;33;1405.00;4
3378;33;626766290;3378;298;4101;4103;7.58;0.46;239.41;3.55;723;33;1406.00;2
3381;33;626766300;3381;291;4101;4103;7.57;0.46;239.45;3.55;720;33;1407.00;2
3385;33;626766310;3385;287;4102;4103;7.51;0.46;239.37;3.57;717;33;1408.00;1
3387;33;626766321;3387;287;4102;4103;7.51;0.46;239.43;3.57;715;33;1409.00;1
3393;33;626766332;3393;284;4103;4104;7.43;0.45;239.42;3.57;710;33;1410.00;1
3394;33;626766343;3394;284;4103;4104;7.42;0.45;239.37;3.57;709;33;1411.00;1
3394;33;626766353;3394;291;4108;4110;7.42;0.45;239.37;3.57;714;33;1412.00;2
3396;33;626766363;3396;295;4109;4111;7.50;0.46;239.34;3.57;713;33;1413.00;2
3399;33;626766373;3399;301;4110;4111;7.54;0.46;239.26;3.57;711;33;1414.00;1
3399;33;626766383;3399;305;4110;4111;7.56;0.46;239.26;3.57;711;33;1415.00;1
3403;33;626766400;3403;294;4114;4115;7.55;0.46;239.13;3.57;711;33;1416.00;1
3406;33;626766412;3406;281;4114;4115;7.59;0.46;239.04;3.57;708;33;1417.00;1
3408;33;626766421;3408;278;4114;4115;7.66;0.47;238.99;3.57;706;33;1418.00;1
3411;33;626766431;3411;276;4115;4116;7.73;0.47;239.00;3.57;704;33;1419.00;1
3412;33;626766442;3412;275;4119;4120;7.77;0.48;238.97;3.56;707;33;1420.00;1
3413;33;626766452;3413;269;4119;4120;7.83;0.48;239.00;3.56;706;33;1421.00;1
3414;33;626766462;3414;263;4121;4123;7.89;0.48;238.94;3.56;707;33;1422.00;2
3415;33;626766472;3415;254;4121;4123;7.98;0.49;238.94;3.56;706;33;1423.00;2
3418;33;626766481;3418;252;4122;4123;8.06;0.49;238.91;3.56;704;33;1424.00;1
3421;33;626766491;3421;252;4122;4123;8.08;0.49;238.92;3.56;701;33;1425.00;1
3423;33;626766500;3423;259;4125;4127;8.14;0.50;238.86;3.56;702;33;1426.00;2
3425;33;626766510;3425;258;4125;4127;8.18;0.50;238.85;3.56;700;33;1427.00;2
3428;33;626766519;3428;254;4126;4127;8.22;0.50;238.75;3.56;698;33;1428.00;1
3429;33;626766528;3429;254;4126;4127;8.18;0.50;238.69;3.56;697;33;1429.00;1
3431;33;626766538;3431;249;4127;4128;8.13;0.50;238.65;3.56;696;33;1430.00;1
3433;33;626766547;3433;251;4128;4129;8.13;0.50;238.59;3.56;695;33;1431.00;1
3434;33;626766556;3434;250;4128;4129;8.13;0.50;238.59;3.56;694;33;1432.00;1
3435;33;626766565;3435;252;4129;4130;8.19;0.50;238.56;3.56;694;33;1433.00;1
3436;33;626766574;3436;255;4129;4130;8.15;0.50;238.57;3.56;693;33;1434.00;1
3437;33;626766582;3437;250;4129;4130;8.13;0.50;238.53;3.56;692;33;1435.00;1
3438;33;626766592;3438;241;4129;4130;8.21;0.50;238.54;3.56;691;33;1436.00;1
3440;33;626766602;3440;232;4129;4130;8.28;0.50;238.46;3.56;689;33;1437.00;1
3443;33;626766611;3443;232;4129;4130;8.33;0.51;238.44;3.56;686;33;1438.00;1
3448;33;626766621;3448;228;4129;4130;8.43;0.51;238.39;3.56;681;33;1439.00;1
3448;33;626766633;3448;268;4245;4360;8.49;0.53;238.39;3.48;797;33;1440.00;115
3451;33;626766669;3451;247;4248;4361;8.57;0.54;238.37;3.48;797;33;1441.00;113
3451;33;626766679;3451;230;4259;4361;8.74;0.55;238.37;3.47;808;33;1442.00;102
3451;33;626766690;3451;224;4264;4361;8.88;0.55;238.37;3.47;813;33;1443.00;97
3453;33;626766700;3453;221;4272;4361;8.93;0.56;238.32;3.47;819;33;1444.00;89
3456;33;626766718;3456;221;4277;4361;8.97;0.56;238.28;3.47;821;33;1445.00;84
3456;33;626766728;3456;223;4283;4361;9.01;0.56;238.28;3.48;827;33;1446.00;78
3456;33;626766743;3456;235;4285;4361;8.99;0.56;238.28;3.48;829;33;1447.00;76
3458;33;626766753;3458;242;4290;4362;8.91;0.55;238.31;3.48;832;33;1448.00;72
3461;33;626766769;3461;237;4294;4363;8.88;0.55;238.23;3.49;833;33;1449.00;69
3462;33;626766785;3462;231;4298;4363;8.83;0.55;238.24;3.50;836;33;1450.00;65
3463;33;626766796;3463;233;4303;4364;8.82;0.55;238.23;3.50;840;33;1451.00;61
3464;33;626766806;3464;232;4305;4364;8.79;0.54;238.21;3.51;841;33;1452.00;59
3465;33;626766817;3465;229;4308;4364;8.80;0.54;238.18;3.51;843;33;1453.00;56
3467;33;626766827;3467;231;4311;4364;8.82;0.54;238.21;3.52;844;33;1454.00;53
3468;33;626766838;3468;229;4315;4368;8.78;0.54;238.18;3.53;847;33;1455.00;53
3472;33;626766853;3472;230;4318;4368;8.74;0.54;238.15;3.53;846;33;1456.00;50
3476;33;626766864;3476;229;4320;4368;8.78;0.54;238.21;3.54;844;33;1457.00;48
3479;33;626766875;3479;232;4322;4371;8.81;0.54;238.21;3.54;843;33;1458.00;49
3482;33;626766886;3482;230;4324;4371;8.84;0.54;238.27;3.55;842;33;1459.00;47
3486;33;626766897;3486;223;4325;4371;8.89;0.54;238.46;3.55;839;33;1460.00;46
3490;33;626766914;3490;222;4329;4375;8.87;0.54;238.54;3.55;839;33;1461.00;46
3494;33;626766930;3494;212;4331;4376;8.85;0.54;238.64;3.56;837;33;1462.00;45
3498;33;626766941;3498;214;4333;4376;8.88;0.54;238.62;3.56;835;33;1463.00;43
3501;33;626766951;3501;207;4336;4380;8.92;0.54;238.66;3.56;835;33;1464.00;44
3503;33;626766962;3503;201;4339;4380;9.01;0.55;238.81;3.58;836;33;1465.00;41
3504;33;626766983;3504;207;4342;4380;9.09;0.55;238.79;3.59;838;33;1466.00;38
3507;33;626766993;3507;199;4343;4381;9.08;0.55;238.93;3.59;836;33;1467.00;38
3511;33;626767004;3511;189;4345;4381;9.04;0.55;238.99;3.60;834;33;1468.00;36
3513;33;626767014;3513;181;4348;4387;9.07;0.55;238.92;3.60;835;33;1469.00;39
3514;33;626767027;3514;177;4350;4387;9.06;0.55;238.88;3.60;836;33;1470.00;37
3517;33;626767044;3517;176;4351;4388;9.00;0.55;238.93;3.60;834;33;1471.00;37
3519;33;626767054;3519;174;4351;4388;9.06;0.55;238.90;3.60;832;33;1472.00;37
3521;33;626767066;3521;171;4351;4388;9.12;0.55;238.83;3.60;830;33;1473.00;37
3523;33;626767077;3523;170;4352;4388;9.18;0.56;238.86;3.61;829;33;1474.00;36
3525;33;626767094;3525;171;4352;4388;9.19;0.56;238.92;3.61;827;33;1475.00;36
3528;33;626767106;3528;176;4363;4400;9.25;0.56;238.92;3.62;835;33;1476.00;37
3529;33;626767118;3529;178;4364;4400;9.36;0.57;239.01;3.62;835;33;1477.00;36
3531;33;626767130;3531;176;4365;4400;9.47;0.57;238.99;3.62;834;33;1478.00;35
3534;33;626767141;3534;182;4367;4400;9.50;0.58;239.07;3.63;833;33;1479.00;33
3539;33;626767153;3539;182;4367;4400;9.53;0.58;239.08;3.63;828;33;1480.00;33
3539;33;626767165;3539;174;4367;4400;9.65;0.58;239.08;3.63;828;33;1481.00;33
3542;33;626767178;3542;173;4371;4404;9.68;0.59;239.20;3.63;829;33;1482.00;33
3545;33;626767191;3545;174;4372;4404;9.74;0.59;239.35;3.64;827;33;1483.00;32
3545;33;626767203;3545;173;4375;4408;9.88;0.60;239.35;3.64;830;33;1484.00;33
3548;33;626767215;3548;173;4377;4410;9.94;0.60;239.49;3.64;829;33;1485.00;33
3550;33;626767227;3550;176;4379;4410;9.95;0.60;239.54;3.65;829;33;1486.00;31
3552;33;626767241;3552;178;4379;4410;9.93;0.60;239.55;3.65;827;33;1487.00;31
3555;33;626767253;3555;180;4389;4423;9.88;0.60;239.70;3.65;834;33;1488.00;34
3557;33;626767266;3557;188;4389;4423;9.86;0.60;239.68;3.65;832;33;1489.00;34
3560;33;626767278;3560;187;4391;4423;9.81;0.60;239.84;3.67;831;33;1490.00;32
3565;33;626767289;3565;190;4392;4424;9.74;0.59;239.91;3.67;827;33;1491.00;32
3567;33;626767300;3567;194;4394;4425;9.73;0.59;239.83;3.69;827;33;1492.00;31
3570;33;626767312;3570;200;4395;4425;9.74;0.59;239.92;3.70;825;33;1493.00;30
3574;33;626767324;3574;209;4397;4428;9.79;0.60;239.92;3.70;823;33;1494.00;31
3575;33;626767336;3575;209;4399;4428;9.81;0.60;239.99;3.72;824;33;1495.00;29
3577;33;626767348;3577;214;4401;4428;9.80;0.60;239.99;3.73;824;33;1496.00;27
3581;33;626767359;3581;218;4402;4428;9.75;0.60;240.21;3.73;821;33;1497.00;26
3585;33;626767370;3585;221;4408;4434;9.71;0.59;240.30;3.75;823;33;1498.00;26
3589;33;626767382;3589;220;4409;4434;9.65;0.59;240.22;3.76;820;33;1499.00;25
3592;33;626767396;3592;224;4415;4453;9.57;0.58;240.35;3.77;823;33;1500.00;38
3593;33;626767423;3593;221;4416;4453;9.56;0.58;240.40;3.79;823;33;1501.00;37
3598;33;626767442;3598;219;4423;4457;9.47;0.57;240.53;3.81;825;33;1502.00;34
3601;33;626767461;3601;220;4424;4458;9.43;0.57;240.66;3.81;823;33;1503.00;34
3604;33;626767479;3604;223;4428;4458;9.33;0.57;240.64;3.86;824;33;1504.00;30
3604;33;626767495;3604;234;4432;4459;9.25;0.56;240.64;3.86;828;33;1505.00;27
3606;33;626767512;3606;238;4433;4459;9.17;0.56;240.78;3.88;827;33;1506.00;26
3608;33;626767526;3608;244;4434;4459;9.13;0.55;240.84;3.89;826;33;1507.00;25
3610;33;626767538;3610;251;4437;4459;9.06;0.55;240.94;3.89;827;33;1508.00;22
3614;33;626767550;3614;253;4439;4459;9.03;0.55;240.85;3.90;825;33;1509.00;20
3615;33;626767562;3615;251;4439;4459;9.07;0.55;240.92;3.90;824;33;1510.00;20
3620;33;626767574;3620;252;4440;4459;9.07;0.55;241.15;3.90;820;33;1511.00;19
3621;33;626767587;3621;259;4470;4529;9.06;0.55;241.14;3.87;849;33;1512.00;59
3623;33;626767606;3623;259;4477;4530;9.07;0.55;241.23;3.88;854;33;1513.00;53
3626;33;626767619;3626;260;4485;4530;9.16;0.56;241.20;3.87;859;33;1514.00;45
3628;33;626767630;3628;260;4485;4530;9.20;0.56;241.29;3.87;857;33;1515.00;45
3629;33;626767642;3629;262;4490;4530;9.24;0.56;241.24;3.88;861;33;1516.00;40
3632;34;626767654;3632;263;4490;4530;9.23;0.56;241.29;3.88;858;34;1517.00;40
3633;34;626767677;3633;265;4494;4530;9.26;0.56;241.37;3.88;861;34;1518.00;36
3635;35;626767688;3635;265;4496;4530;9.20;0.56;241.43;3.88;861;35;1519.00;34
3637;35;626767711;3637;267;4497;4531;9.12;0.56;241.46;3.88;860;35;1520.00;34
3640;36;626767723;3640;270;4500;4532;9.03;0.55;241.31;3.88;860;36;1521.00;32
3643;36;626767751;3643;271;4501;4532;8.87;0.54;241.36;3.89;858;36;1522.00;31
3647;36;626767767;3647;274;4506;4536;8.71;0.53;241.32;3.89;859;36;1523.00;30
3650;36;626767779;3650;275;4506;4536;8.60;0.53;241.36;3.89;856;36;1524.00;30
3654;36;626767791;3654;285;4508;4536;8.52;0.52;241.37;3.89;854;36;1525.00;28
3660;36;626767802;3660;290;4510;4536;8.37;0.51;241.41;3.90;850;36;1526.00;26
3661;36;626767814;3661;286;4514;4542;8.24;0.50;241.47;3.90;853;36;1527.00;28
3664;36;626767826;3664;290;4516;4542;8.13;0.50;241.48;3.90;852;36;1528.00;26
3668;36;626767836;3668;293;4516;4542;7.91;0.48;241.59;3.90;848;36;1529.00;26
3672;36;626767849;3672;280;4519;4548;7.75;0.47;241.68;3.90;847;36;1530.00;29
3674;36;626767860;3674;282;4519;4548;7.62;0.47;241.80;3.90;845;36;1531.00;29
3679;36;626767871;3679;276;4519;4548;7.55;0.46;241.74;3.90;840;36;1532.00;29
3683;36;626767881;3683;276;4521;4549;7.50;0.46;241.75;3.91;838;36;1533.00;28
3689;36;626767892;3689;273;4523;4550;7.48;0.46;241.91;3.91;834;36;1534.00;27
3692;36;626767904;3692;274;4523;4550;7.57;0.46;241.97;3.91;831;36;1535.00;27
3700;36;626767915;3700;276;4535;4563;7.56;0.46;242.10;3.91;835;36;1536.00;28
3702;36;626767927;3702;269;4536;4563;7.64;0.47;242.19;3.91;834;36;1537.00;27
3707;36;626767939;3707;270;4536;4563;7.73;0.47;242.17;3.91;829;36;1538.00;27
3711;36;626767950;3711;264;4540;4564;7.80;0.48;242.24;3.93;829;36;1539.00;24
3714;36;626767962;3714;259;4542;4564;7.87;0.48;242.24;3.94;828;36;1540.00;22
3717;36;626767973;3717;255;4544;4568;7.98;0.49;242.45;3.94;827;36;1541.00;24
3725;36;626767985;3725;249;4545;4568;7.96;0.49;242.57;3.94;820;36;1542.00;23
3729;36;626767996;3729;241;4549;4572;7.95;0.49;242.83;3.94;820;36;1543.00;23
3733;36;626768008;3733;241;4550;4572;7.96;0.49;242.77;3.94;817;36;1544.00;22
3738;36;626768019;3738;241;4550;4572;7.99;0.49;242.90;3.94;812;36;1545.00;22
3743;36;626768031;3743;246;4550;4572;8.00;0.49;242.84;3.94;807;36;1546.00;22
3748;36;626768043;3748;246;4552;4572;7.98;0.49;242.81;3.96;804;36;1547.00;20
3753;36;626768054;3753;250;4563;4584;8.04;0.49;242.88;3.95;810;36;1548.00;21
3756;36;626768065;3756;254;4564;4584;8.03;0.49;242.78;3.96;808;36;1549.00;20
3758;36;626768077;3758;258;4564;4584;7.96;0.49;242.85;3.96;806;36;1550.00;20
3762;36;626768087;3762;257;4565;4584;7.81;0.48;243.03;3.96;803;36;1551.00;19
3766;36;626768098;3766;254;4566;4584;7.75;0.47;243.06;3.97;800;36;1552.00;18
3770;36;626768116;3770;257;4566;4584;7.64;0.47;243.07;3.97;796;36;1553.00;18
3772;36;626768127;3772;262;4568;4585;7.53;0.46;243.00;3.98;796;36;1554.00;17
3775;36;626768138;3775;265;4569;4587;7.44;0.46;243.04;3.98;794;36;1555.00;18
3777;36;626768149;3777;270;4574;4593;7.40;0.45;243.02;3.98;797;36;1556.00;19
3782;36;626768161;3782;273;4575;4594;7.34;0.45;243.01;3.98;793;36;1557.00;19
3783;36;626768172;3783;272;4575;4594;7.34;0.45;242.99;3.98;792;36;1558.00;19
3788;36;626768183;3788;277;4576;4594;7.27;0.45;242.92;3.99;788;36;1559.00;18
3796;36;626768196;3796;282;4582;4599;7.13;0.44;242.83;3.99;786;36;1560.00;17
3798;36;626768214;3798;291;4582;4599;7.11;0.43;242.82;3.99;784;36;1561.00;17
3805;36;626768224;3805;294;4583;4599;6.99;0.43;242.57;3.99;778;36;1562.00;16
3807;36;626768236;3807;302;4586;4600;6.95;0.42;242.55;4.00;779;36;1563.00;14
3808;36;626768247;3808;309;4590;4604;6.90;0.42;242.54;4.00;782;36;1564.00;14
3809;36;626768265;3809;316;4592;4604;6.86;0.42;242.51;4.01;783;36;1565.00;12
3814;36;626768276;3814;321;4595;4607;6.82;0.41;242.37;4.01;781;36;1566.00;12
3816;36;626768286;3816;325;4595;4607;6.80;0.41;242.32;4.01;779;36;1567.00;12
3820;36;626768296;3820;333;4595;4607;6.72;0.41;242.35;4.01;775;36;1568.00;12
3823;36;626768306;3823;340;4595;4607;6.72;0.41;242.24;4.01;772;36;1569.00;12
3825;36;626768317;3825;351;4599;4611;6.70;0.41;242.23;4.02;774;36;1570.00;12
3829;36;626768327;3829;356;4600;4611;6.64;0.40;242.24;4.02;771;36;1571.00;11
3831;36;626768337;3831;366;4600;4611;6.53;0.40;242.31;4.02;769;36;1572.00;11
3834;36;626768347;3834;366;4601;4611;6.50;0.40;242.23;4.02;767;36;1573.00;10
3836;37;626768356;3836;369;4602;4612;6.46;0.39;242.26;4.02;766;37;1574.00;10
3836;37;626768384;3836;372;4605;4614;6.45;0.39;242.26;4.02;769;37;1575.00;9
3838;37;626768396;3838;381;4606;4614;6.35;0.39;242.37;4.02;768;37;1576.00;8
3841;37;626768407;3841;372;4607;4615;6.36;0.39;242.37;4.02;766;37;1577.00;8
3842;37;626768418;3842;365;4607;4615;6.38;0.39;242.37;4.02;765;37;1578.00;8
3844;37;626768427;3844;364;4607;4615;6.37;0.39;242.40;4.02;763;37;1579.00;8
3847;37;626768437;3847;362;4607;4615;6.42;0.39;242.54;4.02;760;37;1580.00;8
3847;37;626768447;3847;364;4607;4615;6.56;0.40;242.54;4.02;760;37;1581.00;8
3847;37;626768457;3847;357;4607;4615;6.69;0.41;242.54;4.02;760;37;1582.00;8
3850;37;626768467;3850;350;4607;4615;6.75;0.41;242.56;4.02;757;37;1583.00;8
3852;37;626768477;3852;369;4679;4742;7.06;0.44;242.60;3.96;827;37;1584.00;63
3855;37;626768497;3855;361;4682;4743;7.11;0.44;242.59;3.95;827;37;1585.00;61
3855;37;626768509;3855;341;4690;4743;7.23;0.45;242.59;3.95;835;37;1586.00;53
3858;37;626768519;3858;310;4696;4743;7.34;0.45;242.65;3.98;838;37;1587.00;47
3860;37;626768530;3860;284;4699;4743;7.47;0.46;242.61;3.98;839;37;1588.00;44
3862;37;626768541;3862;268;4705;4743;7.60;0.47;242.62;3.98;843;37;1589.00;38
3862;37;626768554;3862;257;4707;4743;7.75;0.48;242.62;3.98;845;37;1590.00;36
3863;37;626768565;3863;252;4712;4743;7.89;0.49;242.62;3.99;849;37;1591.00;31
3865;37;626768577;3865;239;4713;4744;8.03;0.49;242.63;3.99;848;37;1592.00;31
3867;37;626768588;3867;230;4716;4745;8.18;0.50;242.59;3.99;849;37;1593.00;29
3867;37;626768601;3867;224;4718;4745;8.27;0.51;242.59;3.99;851;37;1594.00;27
3868;37;626768612;3868;216;4720;4746;8.43;0.52;242.61;4.00;852;37;1595.00;26
3869;37;626768624;3869;214;4722;4746;8.55;0.52;242.59;4.00;853;37;1596.00;24
3873;37;626768635;3873;217;4724;4746;8.62;0.53;242.53;4.00;851;37;1597.00;22
3873;37;626768648;3873;225;4728;4746;8.78;0.54;242.53;4.01;855;37;1598.00;18
3877;37;626768660;3877;223;4733;4750;8.84;0.54;242.46;4.01;856;37;1599.00;17
3878;37;626768673;3878;223;4736;4750;8.92;0.55;242.43;4.02;858;37;1600.00;14
3879;37;626768694;3879;224;4737;4750;9.00;0.55;242.41;4.02;858;37;1601.00;13
3881;37;626768706;3881;221;4739;4753;9.02;0.55;242.40;4.02;858;37;1602.00;14
3881;37;626768729;3881;227;4740;4753;9.11;0.56;242.40;4.02;859;37;1603.00;13
3883;37;626768760;3883;228;4740;4753;9.20;0.56;242.38;4.02;857;37;1604.00;13
3886;37;626768791;3886;232;4745;4757;9.20;0.56;242.39;4.05;859;37;1605.00;12
3887;37;626768809;3887;231;4746;4758;9.25;0.56;242.35;4.05;859;37;1606.00;12
3889;37;626768824;3889;230;4746;4758;9.25;0.56;242.32;4.05;857;37;1607.00;12
3889;37;626768838;3889;227;4749;4762;9.24;0.56;242.32;4.05;860;37;1608.00;13
3891;37;626768852;3891;226;4749;4762;9.21;0.56;242.40;4.05;858;37;1609.00;13
3893;37;626768871;3893;229;4749;4762;9.19;0.56;242.42;4.05;856;37;1610.00;13
3895;37;626768883;3895;226;4750;4763;9.17;0.56;242.54;4.05;855;37;1611.00;13
3898;37;626768898;3898;228;4750;4763;9.13;0.55;242.58;4.05;852;37;1612.00;13
3900;37;626768913;3900;231;4754;4769;9.11;0.55;242.63;4.04;854;37;1613.00;15
3903;37;626768927;3903;233;4754;4769;9.15;0.56;242.69;4.04;851;37;1614.00;15
3906;37;626768941;3906;239;4755;4770;9.17;0.56;242.79;4.04;849;37;1615.00;15
3910;37;626768975;3910;233;4755;4770;9.13;0.55;242.83;4.04;845;37;1616.00;15
3912;37;626768989;3912;235;4755;4770;9.09;0.55;242.94;4.04;843;37;1617.00;15
3916;37;626769002;3916;234;4755;4770;9.03;0.55;242.93;4.04;839;37;1618.00;15
3918;37;626769016;3918;239;4755;4770;8.94;0.54;242.96;4.04;837;37;1619.00;15
3919;37;626769029;3919;239;4775;4806;8.91;0.54;242.97;4.03;856;37;1620.00;31
3921;37;626769044;3921;235;4776;4806;8.91;0.54;243.02;4.03;855;37;1621.00;30
3923;37;626769057;3923;232;4777;4806;8.94;0.55;243.03;4.03;854;37;1622.00;29
3924;37;626769071;3924;222;4781;4806;8.98;0.55;243.09;4.06;857;37;1623.00;25
3928;37;626769084;3928;222;4782;4806;9.00;0.55;243.05;4.06;854;37;1624.00;24
3930;37;626769097;3930;218;4782;4806;9.07;0.55;243.09;4.06;852;37;1625.00;24
3933;37;626769109;3933;211;4786;4810;9.13;0.56;243.10;4.06;853;37;1626.00;24
3936;37;626769121;3936;206;4786;4810;9.20;0.56;243.09;4.06;850;37;1627.00;24
3940;37;626769137;3940;202;4789;4814;9.27;0.57;243.14;4.06;849;37;1628.00;25
3946;37;626769149;3946;197;4791;4815;9.33;0.57;243.14;4.06;845;37;1629.00;24
3954;37;626769163;3954;189;4792;4815;9.27;0.56;243.15;4.06;838;37;1630.00;23
3961;37;626769175;3961;184;4792;4815;9.25;0.56;243.32;4.06;831;37;1631.00;23
3964;37;626769187;3964;179;4801;4828;9.21;0.56;243.39;4.05;837;37;1632.00;27
3969;37;626769200;3969;171;4801;4828;9.19;0.56;243.47;4.05;832;37;1633.00;27
3972;38;626769213;3972;164;4801;4828;9.19;0.56;243.51;4.05;829;38;1634.00;27
3977;38;626769238;3977;157;4803;4829;9.17;0.56;243.59;4.06;826;38;1635.00;26
3979;38;626769255;3979;157;4803;4830;9.23;0.56;243.55;4.06;824;38;1636.00;27
3983;38;626769267;3983;150;4803;4830;9.27;0.56;243.67;4.06;820;38;1637.00;27
3987;38;626769279;3987;139;4805;4833;9.40;0.57;243.74;4.06;818;38;1638.00;28
3991;38;626769291;3991;137;4806;4833;9.49;0.58;243.72;4.06;815;38;1639.00;27
3996;38;626769305;3996;136;4806;4833;9.53;0.58;243.86;4.06;810;38;1640.00;27
3998;38;626769318;3998;130;4806;4833;9.65;0.59;243.95;4.06;808;38;1641.00;27
4001;38;626769329;4001;126;4810;4839;9.73;0.59;243.88;4.06;809;38;1642.00;29
4004;38;626769343;4004;126;4811;4839;9.74;0.59;243.98;4.06;807;38;1643.00;28
4006;38;626769355;4006;127;4811;4839;9.79;0.60;244.05;4.06;805;38;1644.00;28
4009;38;626769368;4009;130;4811;4839;9.82;0.60;244.05;4.06;802;38;1645.00;28
4012;38;626769381;4012;136;4814;4843;9.79;0.59;244.25;4.05;802;38;1646.00;29
4013;38;626769394;4013;133;4817;4844;9.85;0.60;244.30;4.10;804;38;1647.00;27
4014;38;626769408;4014;136;4817;4844;9.92;0.60;244.37;4.10;803;38;1648.00;27
4017;38;626769426;4017;139;4818;4845;10.04;0.61;244.38;4.10;801;38;1649.00;27
4021;38;626769445;4021;139;4819;4845;10.06;0.61;244.36;4.10;798;38;1650.00;26
4024;38;626769465;4024;140;4820;4845;10.13;0.62;244.40;4.12;796;38;1651.00;25
4028;38;626769484;4028;141;4820;4845;10.17;0.62;244.41;4.12;792;38;1652.00;25
4032;38;626769502;4032;146;4820;4845;10.20;0.62;244.50;4.12;788;38;1653.00;25
4033;38;626769523;4033;137;4821;4845;10.27;0.63;244.55;4.12;788;38;1654.00;24
4036;38;626769538;4036;133;4822;4845;10.38;0.63;244.58;4.13;786;38;1655.00;23
4038;38;626769553;4038;142;4857;4915;10.39;0.63;244.69;4.11;819;38;1656.00;58
4040;38;626769576;4040;140;4857;4916;10.41;0.64;244.67;4.11;817;38;1657.00;59
4041;38;626769590;4041;140;4862;4916;10.44;0.64;244.73;4.11;821;38;1658.00;54
4043;38;626769606;4043;142;4867;4916;10.36;0.63;244.76;4.11;824;38;1659.00;49
4045;38;626769621;4045;146;4875;4916;10.33;0.63;244.75;4.13;830;38;1660.00;41
4048;38;626769635;4048;147;4877;4916;10.28;0.63;244.81;4.13;829;38;1661.00;39
4052;38;626769651;4052;150;4881;4916;10.23;0.62;244.87;4.14;829;38;1662.00;35
4055;38;626769666;4055;155;4886;4916;10.25;0.63;244.87;4.15;831;38;1663.00;30
4059;38;626769680;4059;151;4887;4917;10.22;0.62;244.90;4.15;828;38;1664.00;30
4060;38;626769705;4060;152;4894;4919;10.25;0.63;244.91;4.17;834;38;1665.00;25
4062;38;626769721;4062;157;4898;4919;10.25;0.63;244.95;4.17;836;38;1666.00;21
4065;38;626769739;4065;162;4901;4923;10.17;0.62;245.06;4.18;836;38;1667.00;22
4070;38;626769754;4070;169;4902;4923;10.15;0.62;245.01;4.19;832;38;1668.00;21
4073;38;626769769;4073;173;4902;4923;10.04;0.61;245.18;4.19;829;38;1669.00;21
4075;38;626769783;4075;178;4903;4923;9.93;0.61;245.23;4.20;828;38;1670.00;20
4075;38;626769797;4075;187;4908;4929;9.91;0.61;245.23;4.20;833;38;1671.00;21
4079;38;626769818;4079;196;4909;4929;9.82;0.60;245.32;4.20;830;38;1672.00;20
4081;39;626769840;4081;197;4910;4929;9.76;0.60;245.36;4.20;829;39;1673.00;19
4082;39;626769883;4082;201;4913;4932;9.81;0.60;245.43;4.21;831;39;1674.00;19
4084;39;626769897;4084;206;4915;4932;9.76;0.60;245.46;4.22;831;39;1675.00;17
4089;39;626769917;4089;209;4916;4932;9.65;0.59;245.49;4.22;827;39;1676.00;16
4092;39;626769931;4092;216;4918;4933;9.54;0.58;245.40;4.23;826;39;1677.00;15
4096;39;626769946;4096;222;4919;4934;9.46;0.58;245.46;4.23;823;39;1678.00;15
4102;39;626769959;4102;225;4921;4934;9.32;0.57;245.41;4.23;819;39;1679.00;13
4104;39;626769976;4104;228;4937;4960;9.23;0.56;245.46;4.22;833;39;1680.00;23
4107;39;626769994;4107;226;4941;4960;9.11;0.56;245.48;4.22;834;39;1681.00;19
4109;39;626770008;4109;225;4943;4960;9.05;0.55;245.40;4.22;834;39;1682.00;17
4112;39;626770023;4112;223;4945;4961;8.94;0.55;245.41;4.22;833;39;1683.00;16
4115;39;626770037;4115;223;4946;4961;8.83;0.54;245.36;4.22;831;39;1684.00;15
4117;39;626770060;4117;226;4949;4965;8.78;0.54;245.35;4.22;832;39;1685.00;16
4119;39;626770074;4119;229;4949;4965;8.73;0.53;245.35;4.22;830;39;1686.00;16
4123;39;626770088;4123;237;4953;4969;8.71;0.53;245.42;4.21;830;39;1687.00;16
4126;39;626770102;4126;243;4954;4969;8.64;0.53;245.40;4.22;828;39;1688.00;15
4127;39;626770116;4127;248;4954;4969;8.61;0.53;245.47;4.22;827;39;1689.00;15
4133;39;626770129;4133;257;4954;4969;8.52;0.52;245.46;4.22;821;39;1690.00;15
4137;39;626770151;4137;259;4955;4969;8.45;0.52;245.58;4.22;818;39;1691.00;14
4142;39;626770164;4142;261;4965;4981;8.40;0.51;245.58;4.21;823;39;1692.00;16
4145;39;626770178;4145;267;4965;4981;8.30;0.51;245.70;4.21;820;39;1693.00;16
4149;39;626770191;4149;261;4969;4981;8.20;0.50;245.67;4.22;820;39;1694.00;12
4155;39;626770202;4155;272;4969;4981;8.07;0.49;245.73;4.22;814;39;1695.00;12
4157;39;626770215;4157;280;4969;4981;7.91;0.48;245.81;4.22;812;39;1696.00;12
4160;39;626770227;4160;287;4969;4981;7.72;0.47;245.95;4.22;809;39;1697.00;12
4164;40;626770239;4164;296;4971;4982;7.51;0.46;246.05;4.22;807;40;1698.00;11
4167;40;626770269;4167;302;4971;4982;7.34;0.45;246.05;4.22;804;40;1699.00;11
4172;40;626770283;4172;294;4976;4988;7.23;0.44;246.06;4.22;804;40;1700.00;12
4176;40;626770306;4176;291;4977;4989;7.07;0.43;246.20;4.22;801;40;1701.00;12
4178;40;626770318;4178;282;4978;4989;6.93;0.42;246.22;4.22;800;40;1702.00;11
4184;40;626770330;4184;277;4978;4989;6.76;0.41;246.34;4.22;794;40;1703.00;11
4186;40;626770344;4186;277;4982;4993;6.77;0.41;246.44;4.21;796;40;1704.00;11
4190;40;626770357;4190;274;4982;4993;6.71;0.41;246.55;4.21;792;40;1705.00;11
4194;40;626770369;4194;278;4982;4993;6.67;0.41;246.61;4.21;788;40;1706.00;11
4197;40;626770381;4197;280;4983;4994;6.76;0.41;246.51;4.21;786;40;1707.00;11
4199;40;626770392;4199;273;4987;4998;6.84;0.42;246.53;4.21;788;40;1708.00;11
4202;40;626770406;4202;275;4987;4998;6.85;0.42;246.52;4.21;785;40;1709.00;11
4203;40;626770422;4203;280;4990;5004;6.94;0.42;246.51;4.21;787;40;1710.00;14
4205;40;626770434;4205;280;4991;5004;7.01;0.43;246.43;4.21;786;40;1711.00;13
4207;40;626770445;4207;282;4991;5004;6.98;0.43;246.44;4.21;784;40;1712.00;13
4210;40;626770457;4210;280;4992;5004;7.01;0.43;246.43;4.21;782;40;1713.00;12
4211;40;626770468;4211;280;4995;5008;7.08;0.43;246.47;4.20;784;40;1714.00;13
4215;40;626770480;4215;280;4995;5008;7.02;0.43;246.40;4.20;780;40;1715.00;13
4218;40;626770492;4218;279;4996;5008;7.02;0.43;246.36;4.20;778;40;1716.00;12
4220;40;626770502;4220;277;4996;5008;6.98;0.43;246.39;4.20;776;40;1717.00;12
4226;40;626770513;4226;279;4998;5009;6.95;0.42;246.37;4.20;772;40;1718.00;11
4229;40;626770525;4229;279;4999;5010;6.90;0.42;246.33;4.20;770;40;1719.00;11
4230;40;626770536;4230;288;4999;5010;6.93;0.42;246.28;4.20;769;40;1720.00;11
4232;40;626770547;4232;285;5000;5011;6.95;0.43;246.28;4.20;768;40;1721.00;11
4238;40;626770558;4238;290;5000;5011;6.87;0.42;246.32;4.20;762;40;1722.00;11
4240;40;626770576;4240;293;5000;5011;6.88;0.42;246.25;4.20;760;40;1723.00;11
4246;40;626770587;4246;286;5000;5011;6.90;0.42;246.27;4.20;754;40;1724.00;11
4250;40;626770597;4250;289;5000;5011;6.93;0.43;246.30;4.20;750;40;1725.00;11
4252;40;626770608;4252;290;5000;5011;6.94;0.43;246.30;4.20;748;40;1726.00;11
4257;40;626770620;4257;289;5001;5011;6.89;0.42;246.34;4.26;744;40;1727.00;10
4260;40;626770632;4260;303;5076;5138;7.30;0.46;246.34;4.20;816;40;1728.00;62
4262;40;626770656;4262;298;5080;5139;7.27;0.45;246.31;4.19;818;40;1729.00;59
4266;40;626770677;4266;293;5088;5139;7.35;0.46;246.31;4.19;822;40;1730.00;51
4269;40;626770689;4269;300;5094;5139;7.39;0.46;246.28;4.19;825;40;1731.00;45
4271;40;626770700;4271;302;5100;5139;7.50;0.47;246.28;4.19;829;40;1732.00;39
4276;40;626770711;4276;307;5105;5139;7.50;0.47;246.28;4.19;829;40;1733.00;34
4278;40;626770722;4278;314;5110;5139;7.57;0.47;246.27;4.19;832;40;1734.00;29
4281;40;626770736;4281;320;5113;5139;7.57;0.47;246.19;4.19;832;40;1735.00;26
4285;40;626770757;4285;324;5116;5140;7.52;0.47;246.15;4.20;831;40;1736.00;24
4286;40;626770769;4286;327;5118;5141;7.52;0.47;246.13;4.20;832;40;1737.00;23
4290;40;626770781;4290;339;5120;5141;7.45;0.46;246.07;4.20;830;40;1738.00;21
4291;40;626770793;4291;327;5122;5142;7.44;0.46;246.13;4.20;831;40;1739.00;20
4295;40;626770808;4295;323;5124;5142;7.38;0.45;246.21;4.20;829;40;1740.00;18
4299;40;626770829;4299;325;5124;5142;7.34;0.45;246.24;4.20;825;40;1741.00;18
4301;40;626770843;4301;330;5126;5142;7.40;0.46;246.32;4.21;825;40;1742.00;16
4302;40;626770854;4302;329;5129;5146;7.49;0.46;246.30;4.21;827;40;1743.00;17
4304;40;626770866;4304;329;5131;5146;7.57;0.46;246.33;4.21;827;40;1744.00;15
4306;40;626770880;4306;332;5132;5146;7.63;0.47;246.34;4.21;826;40;1745.00;14
4308;41;626770900;4308;328;5135;5149;7.70;0.47;246.30;4.21;827;41;1746.00;14
4311;42;626770934;4311;319;5135;5149;7.78;0.47;246.28;4.21;824;42;1747.00;14
4313;42;626770959;4313;312;5136;5149;7.87;0.48;246.21;4.21;823;42;1748.00;13
4315;42;626770980;4315;304;5140;5153;7.94;0.48;246.32;4.21;825;42;1749.00;13
4317;42;626770993;4317;296;5142;5154;8.02;0.49;246.32;4.21;825;42;1750.00;12
4320;42;626771006;4320;290;5142;5154;8.10;0.49;246.38;4.21;822;42;1751.00;12
4322;42;626771020;4322;283;5146;5158;8.16;0.50;246.34;4.20;824;42;1752.00;12
4324;42;626771033;4324;278;5146;5158;8.30;0.51;246.34;4.20;822;42;1753.00;12
4327;42;626771045;4327;273;5146;5158;8.35;0.51;246.32;4.20;819;42;1754.00;12
4330;42;626771058;4330;273;5148;5160;8.42;0.51;246.27;4.20;818;42;1755.00;12
4331;42;626771076;4331;266;5148;5160;8.48;0.52;246.27;4.20;817;42;1756.00;12
4332;42;626771097;4332;258;5153;5166;8.59;0.52;246.27;4.20;821;42;1757.00;13
4334;42;626771111;4334;244;5153;5166;8.70;0.53;246.25;4.20;819;42;1758.00;13
4336;42;626771124;4336;240;5155;5167;8.73;0.53;246.23;4.20;819;42;1759.00;12
4340;42;626771137;4340;228;5156;5167;8.78;0.53;246.22;4.26;816;42;1760.00;11
4342;42;626771150;4342;227;5156;5167;8.81;0.54;246.18;4.26;814;42;1761.00;11
4346;42;626771164;4346;223;5156;5167;8.79;0.54;246.12;4.26;810;42;1762.00;11
4346;42;626771178;4346;226;5156;5167;8.82;0.54;246.12;4.26;810;42;1763.00;11
4349;42;626771191;4349;226;5166;5179;8.94;0.54;246.05;4.25;817;42;1764.00;13
4350;42;626771204;4350;234;5166;5179;8.95;0.55;246.05;4.25;816;42;1765.00;13
4351;42;626771218;4351;230;5167;5179;9.07;0.55;246.03;4.25;816;42;1766.00;12
4353;42;626771232;4353;230;5167;5179;9.12;0.56;246.01;4.25;814;42;1767.00;12
4356;42;626771259;4356;230;5167;5179;9.20;0.56;246.03;4.25;811;42;1768.00;12
4359;42;626771275;4359;224;5167;5179;9.24;0.56;246.08;4.25;808;42;1769.00;12
4360;42;626771297;4360;223;5170;5183;9.31;0.57;246.13;4.25;810;42;1770.00;13
4364;42;626771312;4364;228;5170;5183;9.37;0.57;246.20;4.25;806;42;1771.00;13
4369;42;626771331;4369;226;5173;5187;9.32;0.57;246.32;4.25;804;42;1772.00;14
4373;42;626771346;4373;229;5174;5188;9.30;0.56;246.47;4.25;801;42;1773.00;14
4374;42;626771368;4374;229;5175;5188;9.36;0.57;246.53;4.25;801;42;1774.00;13
4376;42;626771381;4376;228;5175;5188;9.41;0.57;246.61;4.25;799;42;1775.00;13
4378;42;626771395;4378;229;5185;5201;9.48;0.58;246.61;4.24;807;42;1776.00;16
4380;43;626771413;4380;230;5185;5201;9.45;0.58;246.66;4.24;805;43;1777.00;16
4383;43;626771462;4383;235;5186;5201;9.45;0.58;246.76;4.24;803;43;1778.00;15
4386;43;626771487;4386;235;5187;5202;9.40;0.57;246.74;4.24;801;43;1779.00;15
4389;43;626771517;4389;238;5187;5203;9.43;0.57;246.80;4.24;798;43;1780.00;16
4391;43;626771537;4391;241;5187;5203;9.40;0.57;246.84;4.24;796;43;1781.00;16
4394;43;626771552;4394;238;5189;5206;9.46;0.58;246.87;4.24;795;43;1782.00;17
4399;43;626771567;4399;239;5190;5206;9.43;0.57;246.99;4.30;791;43;1783.00;16
4403;43;626771583;4403;235;5191;5206;9.46;0.58;247.02;4.30;788;43;1784.00;15
4406;43;626771599;4406;235;5191;5206;9.40;0.57;247.02;4.30;785;43;1785.00;15
4410;43;626771616;4410;237;5195;5212;9.36;0.57;247.03;4.30;785;43;1786.00;17
4412;43;626771632;4412;231;5195;5212;9.36;0.57;247.07;4.30;783;43;1787.00;17
4413;43;626771647;4413;234;5196;5212;9.38;0.57;247.10;4.30;783;43;1788.00;16
4415;43;626771661;4415;233;5196;5212;9.38;0.57;247.10;4.30;781;43;1789.00;16
4418;44;626771675;4418;228;5199;5216;9.41;0.57;247.15;4.30;781;44;1790.00;17
4423;44;626771710;4423;223;5200;5217;9.43;0.58;247.14;4.29;777;44;1791.00;17
4426;44;626771724;4426;218;5200;5217;9.39;0.57;247.22;4.29;774;44;1792.00;17
4429;44;626771747;4429;214;5201;5218;9.38;0.57;247.28;4.29;772;44;1793.00;17
4430;44;626771762;4430;214;5201;5218;9.40;0.57;247.27;4.29;771;44;1794.00;17
4433;44;626771777;4433;206;5201;5218;9.35;0.57;247.32;4.29;768;44;1795.00;17
4435;44;626771792;4435;203;5201;5218;9.38;0.57;247.41;4.29;766;44;1796.00;17
4441;44;626771806;4441;197;5201;5218;9.43;0.57;247.47;4.29;760;44;1797.00;17
4445;44;626771820;4445;196;5201;5218;9.49;0.58;247.53;4.29;756;44;1798.00;17
4447;44;626771834;4447;191;5202;5218;9.54;0.58;247.58;4.35;755;44;1799.00;16
4450;44;626771851;4450;206;5263;5356;9.27;0.57;247.66;4.30;813;44;1800.00;93
4453;44;626771886;4453;186;5264;5357;9.28;0.57;247.72;4.30;811;44;1801.00;93
4457;44;626771901;4457;169;5274;5357;9.35;0.58;247.79;4.29;817;44;1802.00;83
4462;44;626771915;4462;164;5276;5357;9.34;0.58;247.86;4.33;814;44;1803.00;81
4465;44;626771927;4465;161;5283;5357;9.37;0.58;247.96;4.37;818;44;1804.00;74
4471;44;626771942;4471;153;5289;5357;9.23;0.57;248.08;4.39;818;44;1805.00;68
4473;44;626771965;4473;140;5293;5357;9.25;0.57;248.14;4.39;820;44;1806.00;64
4476;44;626771981;4476;136;5297;5357;9.25;0.57;248.24;4.39;821;44;1807.00;60
4480;44;626771996;4480;139;5302;5358;9.30;0.57;248.29;4.43;822;44;1808.00;56
4484;44;626772011;4484;134;5306;5359;9.34;0.57;248.37;4.43;822;44;1809.00;53
4489;44;626772027;4489;134;5309;5359;9.35;0.57;248.36;4.47;820;44;1810.00;50
4491;44;626772042;4491;127;5314;5363;9.37;0.57;248.39;4.47;823;44;1811.00;49
4495;44;626772057;4495;125;5315;5363;9.31;0.57;248.44;4.49;820;44;1812.00;48
4495;44;626772073;4495;130;5316;5363;9.29;0.57;248.44;4.50;821;44;1813.00;47
4498;44;626772089;4498;124;5316;5363;9.29;0.57;248.47;4.50;818;44;1814.00;47
4503;44;626772105;4503;127;5319;5369;9.27;0.57;248.45;4.52;816;44;1815.00;50
4503;44;626772122;4503;125;5320;5369;9.43;0.58;248.45;4.52;817;44;1816.00;49
4510;44;626772139;4510;131;5323;5369;9.50;0.58;248.52;4.55;813;44;1817.00;46
4510;44;626772165;4510;131;5326;5372;9.62;0.59;248.52;4.55;816;44;1818.00;46
4518;44;626772185;4518;130;5328;5372;9.64;0.59;248.66;4.55;810;44;1819.00;44
4523;44;626772201;4523;134;5329;5372;9.66;0.59;248.78;4.57;806;44;1820.00;43
4524;44;626772216;4524;131;5330;5373;9.70;0.59;248.78;4.57;806;44;1821.00;43
4526;44;626772232;4526;134;5333;5374;9.71;0.60;248.86;4.59;807;44;1822.00;41
4530;44;626772247;4530;140;5334;5374;9.74;0.60;248.90;4.60;804;44;1823.00;40
4532;44;626772265;4532;145;5341;5387;9.77;0.60;248.88;4.59;809;44;1824.00;46
4536;44;626772281;4536;144;5343;5387;9.80;0.60;248.88;4.59;807;44;1825.00;44
4541;44;626772297;4541;144;5343;5387;9.89;0.60;248.97;4.59;802;44;1826.00;44
4544;44;626772312;4544;151;5346;5388;9.98;0.61;249.02;4.60;802;44;1827.00;42
4546;44;626772327;4546;156;5346;5388;10.01;0.61;249.03;4.60;800;44;1828.00;42
4549;44;626772342;4549;160;5349;5392;10.05;0.62;249.17;4.60;800;44;1829.00;43
4552;44;626772359;4552;163;5351;5392;10.09;0.62;249.19;4.61;799;44;1830.00;41
4555;44;626772374;4555;170;5357;5396;10.10;0.62;249.23;4.63;802;44;1831.00;39
4558;44;626772389;4558;178;5357;5396;10.06;0.62;249.28;4.63;799;44;1832.00;39
4562;44;626772408;4562;182;5361;5396;10.13;0.62;249.30;4.65;799;44;1833.00;35
4563;44;626772424;4563;183;5361;5396;10.17;0.62;249.28;4.65;798;44;1834.00;35
4567;44;626772442;4567;190;5364;5396;10.13;0.62;249.27;4.66;797;44;1835.00;32
4568;44;626772454;4568;189;5375;5408;10.15;0.62;249.33;4.66;807;44;1836.00;33
4570;44;626772466;4570;187;5376;5408;10.07;0.62;249.25;4.66;806;44;1837.00;32
4574;44;626772478;4574;190;5378;5408;10.03;0.61;249.30;4.67;804;44;1838.00;30
4575;44;626772489;4575;194;5382;5408;9.99;0.61;249.27;4.69;807;44;1839.00;26
4577;44;626772500;4577;195;5382;5408;9.98;0.61;249.22;4.69;805;44;1840.00;26
4581;44;626772511;4581;201;5384;5408;9.97;0.61;249.20;4.70;803;44;1841.00;24
4584;44;626772522;4584;205;5385;5409;9.90;0.61;249.35;4.70;801;44;1842.00;24
4588;44;626772533;4588;210;5387;5409;9.78;0.60;249.38;4.71;799;44;1843.00;22
4591;44;626772549;4591;215;5391;5415;9.78;0.60;249.55;4.71;800;44;1844.00;24
4593;44;626772561;4593;221;5395;5417;9.67;0.59;249.51;4.72;802;44;1845.00;22
4596;44;626772572;4596;232;5396;5417;9.55;0.58;249.55;4.72;800;44;1846.00;21
4602;44;626772587;4602;237;5397;5417;9.40;0.57;249.49;4.72;795;44;1847.00;20
4607;44;626772598;4607;239;5400;5421;9.21;0.56;249.61;4.72;793;44;1848.00;21
4609;44;626772609;4609;243;5402;5421;9.10;0.55;249.57;4.73;793;44;1849.00;19
4615;44;626772619;4615;243;5402;5421;8.99;0.55;249.54;4.73;787;44;1850.00;19
4617;44;626772629;4617;245;5406;5422;8.92;0.54;249.54;4.74;789;44;1851.00;16
4617;44;626772638;4617;246;5409;5426;8.89;0.54;249.54;4.74;792;44;1852.00;17
4620;44;626772649;4620;249;5410;5426;8.88;0.54;249.59;4.74;790;44;1853.00;16
4621;44;626772659;4621;246;5413;5429;8.87;0.54;249.56;4.74;792;44;1854.00;16
4622;44;626772669;4622;247;5414;5429;8.86;0.54;249.59;4.74;792;44;1855.00;15
4624;44;626772679;4624;248;5414;5429;8.79;0.54;249.63;4.74;790;44;1856.00;15
4625;44;626772689;4625;253;5415;5429;8.75;0.54;249.68;4.74;790;44;1857.00;14
4628;44;626772698;4628;251;5418;5433;8.79;0.54;249.77;4.73;790;44;1858.00;15
4629;44;626772708;4629;254;5418;5433;8.76;0.54;249.74;4.73;789;44;1859.00;15
4633;44;626772726;4633;251;5419;5433;8.65;0.53;249.80;4.73;786;44;1860.00;14
4635;44;626772735;4635;255;5419;5433;8.55;0.52;249.80;4.73;784;44;1861.00;14
4636;44;626772744;4636;259;5420;5434;8.34;0.51;249.83;4.73;784;44;1862.00;14
4639;44;626772754;4639;260;5421;5435;8.14;0.50;249.74;4.73;782;44;1863.00;14
4644;44;626772763;4644;268;5421;5435;7.92;0.49;249.72;4.73;777;44;1864.00;14
4648;44;626772772;4648;267;5422;5436;7.81;0.48;249.68;4.73;774;44;1865.00;14
4652;44;626772781;4652;271;5422;5436;7.68;0.47;249.72;4.73;770;44;1866.00;14
4657;44;626772790;4657;272;5422;5436;7.55;0.46;249.81;4.73;765;44;1867.00;14
4662;44;626772798;4662;280;5422;5436;7.38;0.45;249.83;4.73;760;44;1868.00;14
4662;44;626772807;4662;285;5422;5436;7.28;0.45;249.83;4.73;760;44;1869.00;14
4667;44;626772815;4667;278;5422;5436;7.13;0.44;249.70;4.73;755;44;1870.00;14
4670;44;626772824;4670;277;5422;5436;7.01;0.43;249.64;4.73;752;44;1871.00;14
4671;44;626772832;4671;300;5492;5563;7.22;0.45;249.69;4.67;821;44;1872.00;71
4674;44;626772850;4674;292;5497;5564;7.13;0.45;249.69;4.67;823;44;1873.00;67
4675;44;626772859;4675;293;5505;5564;7.20;0.45;249.74;4.66;830;44;1874.00;59
4680;44;626772867;4680;299;5509;5564;7.15;0.45;249.71;4.66;829;44;1875.00;55
4684;44;626772876;4684;298;5514;5564;7.16;0.45;249.73;4.66;830;44;1876.00;50
4685;44;626772885;4685;299;5520;5564;7.16;0.45;249.76;4.66;835;44;1877.00;44
4687;44;626772894;4687;296;5525;5564;7.17;0.45;249.83;4.66;838;44;1878.00;39
4690;44;626772903;4690;298;5528;5564;7.17;0.44;249.87;4.67;838;44;1879.00;36
4691;44;626772918;4691;307;5532;5565;7.17;0.44;249.90;4.67;841;44;1880.00;33
4695;44;626772928;4695;310;5536;5566;7.16;0.44;249.81;4.67;841;44;1881.00;30
4701;44;626772937;4701;310;5540;5568;7.09;0.44;249.83;4.67;839;44;1882.00;28
4703;44;626772947;4703;317;5542;5569;7.04;0.43;249.86;4.67;839;44;1883.00;27
4704;44;626772957;4704;320;5545;5569;7.03;0.43;249.90;4.68;841;44;1884.00;24
4709;44;626772967;4709;321;5546;5569;6.97;0.43;249.86;4.68;837;44;1885.00;23
4712;44;626772977;4712;334;5548;5569;6.87;0.42;249.95;4.68;836;44;1886.00;21
4715;44;626772986;4715;332;5551;5573;6.76;0.42;249.91;4.68;836;44;1887.00;22
4717;44;626772996;4717;339;5553;5573;6.73;0.41;249.93;4.69;836;44;1888.00;20
4718;44;626773006;4718;337;5554;5573;6.72;0.41;249.96;4.69;836;44;1889.00;19
4721;44;626773017;4721;337;5558;5579;6.71;0.41;250.03;4.68;837;44;1890.00;21
4725;44;626773027;4725;324;5559;5579;6.71;0.41;249.99;4.68;834;44;1891.00;20
4726;44;626773038;4726;319;5560;5579;6.71;0.41;250.00;4.68;834;44;1892.00;19
4731;44;626773049;4731;317;5565;5583;6.74;0.41;249.89;4.68;834;44;1893.00;18
4733;44;626773061;4733;320;5567;5584;6.76;0.42;249.89;4.68;834;44;1894.00;17
4736;44;626773071;4736;318;5568;5584;6.81;0.42;249.88;4.68;832;44;1895.00;16
4738;44;626773081;4738;318;5572;5588;6.84;0.42;249.85;4.68;834;44;1896.00;16
4743;44;626773098;4743;324;5572;5588;6.82;0.42;249.75;4.68;829;44;1897.00;16
4744;44;626773108;4744;327;5572;5588;6.87;0.42;249.74;4.68;828;44;1898.00;16
4745;44;626773118;4745;328;5573;5589;6.95;0.43;249.71;4.68;828;44;1899.00;16
4751;44;626773130;4751;328;5573;5589;6.96;0.43;249.77;4.68;822;44;1900.00;16
4755;44;626773144;4755;329;5578;5595;6.98;0.43;249.81;4.67;823;44;1901.00;17
4758;44;626773161;4758;330;5578;5595;7.04;0.43;249.78;4.67;820;44;1902.00;17
4762;44;626773172;4762;330;5580;5596;7.07;0.43;249.67;4.67;818;44;1903.00;16
4764;44;626773182;4764;330;5580;5596;7.16;0.44;249.69;4.67;816;44;1904.00;16
4765;45;626773193;4765;331;5580;5596;7.24;0.44;249.68;4.67;815;45;1905.00;16
4767;45;626773214;4767;334;5580;5596;7.33;0.45;249.67;4.67;813;45;1906.00;16
4770;45;626773224;4770;335;5580;5596;7.39;0.45;249.65;4.67;810;45;1907.00;16
4773;45;626773240;4773;333;5591;5608;7.55;0.46;249.59;4.66;818;45;1908.00;17
4776;45;626773253;4776;331;5592;5608;7.63;0.46;249.61;4.66;816;45;1909.00;16
4777;45;626773264;4777;330;5592;5608;7.68;0.47;249.66;4.66;815;45;1910.00;16
4778;45;626773275;4778;330;5592;5608;7.68;0.47;249.66;4.66;814;45;1911.00;16
4785;45;626773285;4785;333;5592;5608;7.57;0.46;249.68;4.66;807;45;1912.00;16
4789;45;626773296;4789;331;5592;5608;7.55;0.46;249.73;4.66;803;45;1913.00;16
4795;45;626773307;4795;335;5595;5612;7.54;0.46;249.79;4.66;800;45;1914.00;17
4797;45;626773318;4797;340;5595;5612;7.52;0.46;249.87;4.66;798;45;1915.00;17
4800;45;626773329;4800;343;5598;5616;7.44;0.45;249.97;4.66;798;45;1916.00;18
4802;45;626773341;4802;333;5599;5617;7.37;0.45;250.01;4.66;797;45;1917.00;18
4805;45;626773352;4805;334;5600;5617;7.35;0.45;250.01;4.66;795;45;1918.00;17
4807;45;626773363;4807;329;5600;5617;7.37;0.45;250.08;4.66;793;45;1919.00;17
4809;45;626773375;4809;332;5622;5646;7.54;0.46;250.13;4.64;813;45;1920.00;24
4809;45;626773389;4809;326;5623;5646;7.59;0.46;250.13;4.64;814;45;1921.00;23
4814;45;626773400;4814;327;5624;5646;7.65;0.46;250.09;4.64;810;45;1922.00;22
4816;45;626773414;4816;321;5626;5647;7.68;0.47;250.06;4.64;810;45;1923.00;21
4819;45;626773430;4819;318;5627;5648;7.67;0.47;250.23;4.66;808;45;1924.00;21
4821;45;626773446;4821;317;5627;5648;7.64;0.46;250.20;4.66;806;45;1925.00;21
4825;45;626773475;4825;307;5630;5651;7.72;0.47;250.18;4.66;805;45;1926.00;21
4826;45;626773491;4826;297;5630;5651;7.73;0.47;250.18;4.66;804;45;1927.00;21
4828;45;626773508;4828;281;5630;5651;7.77;0.47;250.16;4.66;802;45;1928.00;21
4830;45;626773525;4830;281;5630;5651;7.86;0.48;250.15;4.66;800;45;1929.00;21
4831;45;626773538;4831;278;5634;5657;7.92;0.48;250.15;4.65;803;45;1930.00;23
4837;45;626773551;4837;271;5634;5657;7.96;0.48;250.08;4.65;797;45;1931.00;23
4840;45;626773564;4840;267;5635;5657;8.01;0.49;250.12;4.65;795;45;1932.00;22
4842;45;626773582;4842;261;5635;5657;8.07;0.49;250.13;4.65;793;45;1933.00;22
4844;45;626773595;4844;262;5638;5661;8.05;0.49;250.11;4.65;794;45;1934.00;23
4846;45;626773608;4846;266;5640;5663;8.08;0.49;250.13;4.65;794;45;1935.00;23
4847;45;626773621;4847;263;5640;5663;8.10;0.49;250.12;4.65;793;45;1936.00;23
4851;45;626773633;4851;256;5641;5664;8.11;0.49;250.19;4.65;790;45;1937.00;23
4856;45;626773645;4856;248;5641;5664;8.06;0.49;250.16;4.65;785;45;1938.00;23
4857;45;626773656;4857;244;5641;5664;8.10;0.49;250.15;4.65;784;45;1939.00;23
4860;45;626773667;4860;243;5641;5664;8.07;0.49;250.15;4.65;781;45;1940.00;23
4862;45;626773678;4862;240;5641;5664;8.10;0.49;250.15;4.65;779;45;1941.00;23
4863;45;626773694;4863;244;5642;5664;8.18;0.50;250.14;4.67;779;45;1942.00;22
4865;45;626773705;4865;239;5642;5664;8.22;0.50;250.20;4.67;777;45;1943.00;22
4869;45;626773716;4869;252;5686;5734;8.11;0.49;250.32;4.64;817;45;1944.00;48
4870;45;626773733;4870;244;5686;5735;8.17;0.50;250.39;4.64;816;45;1945.00;49
4873;45;626773744;4873;233;5692;5735;8.35;0.51;250.46;4.63;819;45;1946.00;43
4876;45;626773755;4876;227;5693;5735;8.52;0.52;250.49;4.63;817;45;1947.00;42
4879;45;626773765;4879;222;5697;5735;8.75;0.53;250.42;4.63;818;45;1948.00;38
4881;45;626773777;4881;223;5699;5735;8.86;0.54;250.38;4.63;818;45;1949.00;36
4884;45;626773790;4884;220;5702;5737;8.92;0.54;250.41;4.63;818;45;1950.00;35
4886;45;626773802;4886;220;5704;5737;8.92;0.54;250.45;4.64;818;45;1951.00;33
4888;45;626773818;4888;224;5707;5738;8.89;0.54;250.46;4.64;819;45;1952.00;31
4890;45;626773836;4890;228;5710;5739;8.86;0.54;250.44;4.64;820;45;1953.00;29
4893;46;626773854;4893;233;5711;5739;8.90;0.54;250.45;4.64;818;46;1954.00;28
4894;46;626773876;4894;233;5715;5743;8.90;0.54;250.43;4.63;821;46;1955.00;28
4896;46;626773888;4896;234;5715;5743;8.88;0.54;250.46;4.63;819;46;1956.00;28
4899;46;626773899;4899;234;5715;5743;8.89;0.54;250.49;4.63;816;46;1957.00;28
4900;46;626773910;4900;235;5716;5743;8.88;0.54;250.48;4.66;816;46;1958.00;27
4900;46;626773920;4900;237;5721;5749;8.89;0.54;250.48;4.66;821;46;1959.00;28
4900;46;626773932;4900;240;5722;5749;8.88;0.54;250.48;4.69;822;46;1960.00;27
4900;46;626773944;4900;235;5722;5749;8.95;0.55;250.48;4.69;822;46;1961.00;27
4900;46;626773955;4900;233;5725;5752;9.01;0.55;250.48;4.68;825;46;1962.00;27
4902;46;626773966;4902;230;5726;5752;8.98;0.55;250.44;4.71;824;46;1963.00;26
4904;46;626773978;4904;235;5726;5752;9.01;0.55;250.50;4.71;822;46;1964.00;26
4905;46;626773988;4905;234;5726;5753;9.03;0.55;250.47;4.71;821;46;1965.00;27
4908;46;626774000;4908;230;5728;5754;9.01;0.55;250.50;4.74;820;46;1966.00;26
4914;46;626774011;4914;228;5728;5754;8.99;0.55;250.54;4.74;814;46;1967.00;26
4917;46;626774022;4917;226;5737;5767;8.97;0.55;250.61;4.73;820;46;1968.00;30
4922;46;626774034;4922;218;5737;5767;8.92;0.54;250.68;4.73;815;46;1969.00;30
4925;46;626774045;4925;213;5737;5767;8.92;0.54;250.75;4.73;812;46;1970.00;30
4929;46;626774055;4929;209;5738;5768;8.95;0.54;250.81;4.73;809;46;1971.00;30
4933;46;626774066;4933;200;5739;5768;8.94;0.54;250.84;4.76;806;46;1972.00;29
4936;46;626774078;4936;196;5742;5772;8.96;0.54;250.86;4.76;806;46;1973.00;30
4944;46;626774089;4944;186;5743;5772;8.96;0.54;250.93;4.77;799;46;1974.00;29
4946;46;626774101;4946;174;5748;5776;8.93;0.54;251.03;4.80;802;46;1975.00;28
4951;46;626774118;4951;170;5749;5776;9.01;0.55;251.16;4.80;798;46;1976.00;27
4954;46;626774130;4954;162;5749;5776;9.12;0.55;251.19;4.80;795;46;1977.00;27
4959;46;626774141;4959;158;5749;5776;9.18;0.55;251.28;4.80;790;46;1978.00;27
4963;46;626774152;4963;149;5749;5776;9.22;0.56;251.22;4.80;786;46;1979.00;27
4967;46;626774166;4967;150;5769;5810;9.29;0.56;251.25;4.79;802;46;1980.00;41
4969;46;626774180;4969;145;5769;5810;9.28;0.56;251.36;4.79;800;46;1981.00;41
4970;46;626774191;4970;149;5770;5810;9.32;0.57;251.32;4.79;800;46;1982.00;40
4973;46;626774202;4973;148;5771;5810;9.28;0.56;251.42;4.79;798;46;1983.00;39
4976;46;626774212;4976;151;5772;5810;9.24;0.56;251.53;4.82;796;46;1984.00;38
4977;46;626774224;4977;147;5773;5810;9.25;0.56;251.58;4.82;796;46;1985.00;37
4980;46;626774235;4980;153;5773;5811;9.21;0.56;251.67;4.82;793;46;1986.00;38
4982;46;626774246;4982;153;5776;5811;9.20;0.56;251.71;4.85;794;46;1987.00;35
4986;46;626774257;4986;157;5778;5817;9.24;0.56;251.66;4.85;792;46;1988.00;39
4988;46;626774269;4988;159;5780;5818;9.30;0.57;251.64;4.85;792;46;1989.00;38
4992;46;626774280;4992;158;5782;5818;9.30;0.57;251.69;4.85;790;46;1990.00;36
4993;46;626774291;4993;160;5784;5818;9.36;0.57;251.73;4.86;791;46;1991.00;34
4997;46;626774302;4997;158;5788;5822;9.39;0.57;251.80;4.89;791;46;1992.00;34
5000;46;626774313;5000;161;5788;5822;9.34;0.57;251.84;4.89;788;46;1993.00;34
5006;46;626774324;5006;165;5789;5822;9.30;0.56;251.87;4.90;783;46;1994.00;33
5008;46;626774335;5008;168;5790;5823;9.24;0.56;251.91;4.90;782;46;1995.00;33
5011;47;626774346;5011;171;5795;5827;9.16;0.56;251.92;4.91;784;47;1996.00;32
5013;47;626774370;5013;175;5795;5827;9.13;0.56;252.05;4.91;782;47;1997.00;32
5017;47;626774383;5017;180;5798;5830;9.18;0.56;252.11;4.91;781;47;1998.00;32
5018;47;626774395;5018;186;5799;5830;9.18;0.56;252.22;4.91;781;47;1999.00;31
5020;47;626774408;5020;187;5801;5830;9.17;0.56;252.22;4.93;781;47;2000.00;29
5022;47;626774425;5022;192;5802;5830;9.22;0.56;252.26;4.93;780;47;2001.00;28
5023;47;626774437;5023;195;5806;5834;9.28;0.57;252.27;4.94;783;47;2002.00;28
5025;47;626774448;5025;206;5808;5834;9.26;0.57;252.26;4.95;783;47;2003.00;26
5028;47;626774459;5028;210;5809;5834;9.22;0.56;252.27;4.95;781;47;2004.00;25
5029;47;626774470;5029;210;5811;5834;9.23;0.56;252.26;4.96;782;47;2005.00;23
5031;47;626774481;5031;211;5812;5835;9.22;0.56;252.25;4.97;781;47;2006.00;23
5036;47;626774491;5036;215;5814;5836;9.16;0.56;252.34;4.97;778;47;2007.00;22
5039;47;626774502;5039;214;5815;5836;9.11;0.56;252.30;4.98;776;47;2008.00;21
5042;47;626774512;5042;216;5817;5837;9.06;0.55;252.27;4.99;775;47;2009.00;20
5043;47;626774529;5043;222;5818;5837;9.02;0.55;252.23;5.00;775;47;2010.00;19
5045;47;626774538;5045;227;5819;5837;8.91;0.54;252.19;5.00;774;47;2011.00;18
5048;47;626774548;5048;233;5819;5837;8.90;0.54;252.14;5.00;771;47;2012.00;18
5049;47;626774558;5049;235;5820;5837;8.81;0.54;252.11;5.01;771;47;2013.00;17
5053;47;626774567;5053;237;5821;5837;8.78;0.54;252.00;5.01;768;47;2014.00;16
5054;47;626774576;5054;244;5821;5837;8.70;0.53;252.04;5.01;767;47;2015.00;16
5056;47;626774585;5056;265;5887;5964;8.76;0.54;252.05;4.97;831;47;2016.00;77
5058;47;626774605;5058;258;5888;5965;8.68;0.54;251.98;4.97;830;47;2017.00;77
5059;47;626774615;5059;261;5899;5965;8.65;0.53;251.94;4.98;840;47;2018.00;66
5061;47;626774624;5061;263;5905;5965;8.56;0.53;251.89;4.98;844;47;2019.00;60
5064;47;626774633;5064;259;5913;5965;8.52;0.53;251.83;4.98;849;47;2020.00;52
5065;47;626774643;5065;265;5916;5965;8.46;0.52;251.80;4.98;851;47;2021.00;49
5067;47;626774652;5067;263;5923;5965;8.40;0.52;251.80;4.98;856;47;2022.00;42
5068;47;626774662;5068;266;5925;5965;8.40;0.52;251.85;4.98;857;47;2023.00;40
5071;47;626774673;5071;268;5931;5966;8.38;0.51;251.81;4.98;860;47;2024.00;35
5074;47;626774683;5074;270;5935;5968;8.36;0.51;251.72;4.98;861;47;2025.00;33
5075;47;626774694;5075;272;5938;5968;8.34;0.51;251.68;4.99;863;47;2026.00;30
5076;47;626774704;5076;278;5942;5969;8.27;0.51;251.66;4.99;866;47;2027.00;27
5076;47;626774719;5076;288;5946;5969;8.25;0.51;251.66;4.99;870;47;2028.00;23
5077;47;626774729;5077;295;5949;5969;8.14;0.50;251.62;5.00;872;47;2029.00;20
5078;47;626774740;5078;303;5952;5969;8.04;0.49;251.60;5.00;874;47;2030.00;17
5080;47;626774749;5080;309;5955;5973;7.91;0.48;251.61;5.00;875;47;2031.00;18
5081;47;626774760;5081;320;5957;5973;7.71;0.47;251.58;5.00;876;47;2032.00;16
5084;47;626774769;5084;328;5957;5973;7.56;0.46;251.53;5.00;873;47;2033.00;16
5085;47;626774779;5085;332;5960;5976;7.47;0.46;251.50;5.01;875;47;2034.00;16
5087;47;626774794;5087;339;5961;5976;7.39;0.45;251.48;5.01;874;47;2035.00;15
5089;47;626774803;5089;345;5962;5976;7.27;0.45;251.49;5.01;873;47;2036.00;14
5094;47;626774813;5094;350;5966;5980;7.12;0.44;251.49;5.00;872;47;2037.00;14
5097;47;626774823;5097;357;5968;5981;6.99;0.43;251.47;5.00;871;47;2038.00;13
5101;47;626774832;5101;369;5968;5981;6.82;0.42;251.48;5.00;867;47;2039.00;13
5104;47;626774843;5104;362;5974;5986;6.77;0.42;251.52;5.00;870;47;2040.00;12
5105;47;626774853;5105;356;5974;5986;6.70;0.41;251.47;5.00;869;47;2041.00;12
5109;47;626774862;5109;357;5974;5986;6.60;0.41;251.53;5.00;865;47;2042.00;12
5114;47;626774871;5114;341;5975;5987;6.51;0.40;251.47;5.00;861;47;2043.00;12
5115;47;626774886;5115;338;5975;5987;6.51;0.40;251.42;5.00;860;47;2044.00;12
5118;47;626774895;5118;329;5980;5993;6.56;0.40;251.61;4.99;862;47;2045.00;13
5120;48;626774906;5120;327;5980;5993;6.62;0.41;251.62;4.99;860;48;2046.00;13
5122;48;626774931;5122;315;5982;5994;6.71;0.41;251.63;4.99;860;48;2047.00;12
5126;48;626774941;5126;305;5982;5994;6.71;0.41;251.58;4.99;856;48;2048.00;12
5127;48;626774951;5127;300;5982;5994;6.72;0.41;251.54;4.99;855;48;2049.00;12
5130;48;626774961;5130;298;5982;5994;6.81;0.42;251.53;4.99;852;48;2050.00;12
5133;48;626774971;5133;293;5982;5994;6.87;0.42;251.53;4.99;849;48;2051.00;12
5133;48;626774982;5133;283;5993;6006;7.01;0.43;251.53;4.98;860;48;2052.00;13
5138;48;626774999;5138;277;5993;6006;7.09;0.44;251.54;4.98;855;48;2053.00;13
5141;48;626775010;5141;270;5994;6006;7.15;0.44;251.60;4.98;853;48;2054.00;12
5144;48;626775020;5144;267;5994;6006;7.24;0.44;251.52;4.98;850;48;2055.00;12
5147;48;626775031;5147;263;5994;6006;7.33;0.45;251.56;4.98;847;48;2056.00;12
5151;48;626775042;5151;258;5994;6006;7.36;0.45;251.48;4.98;843;48;2057.00;12
5153;48;626775053;5153;262;5998;6010;7.40;0.45;251.49;4.98;845;48;2058.00;12
5156;48;626775065;5156;266;5998;6010;7.44;0.45;251.52;4.98;842;48;2059.00;12
5157;48;626775075;5157;264;6001;6014;7.54;0.46;251.55;4.98;844;48;2060.00;13
5158;48;626775086;5158;265;6002;6015;7.56;0.46;251.57;4.98;844;48;2061.00;13
5160;48;626775098;5160;265;6003;6015;7.60;0.46;251.61;4.98;843;48;2062.00;12
5165;48;626775108;5165;265;6003;6015;7.61;0.46;251.59;4.98;838;48;2063.00;12
5168;48;626775119;5168;262;6016;6028;7.62;0.46;251.66;4.97;848;48;2064.00;12
5171;48;626775131;5171;263;6016;6028;7.65;0.47;251.65;4.97;845;48;2065.00;12
5175;48;626775142;5175;269;6016;6028;7.69;0.47;251.58;4.97;841;48;2066.00;12
5177;48;626775153;5177;263;6017;6029;7.74;0.47;251.63;4.97;840;48;2067.00;12
5181;48;626775163;5181;264;6018;6030;7.74;0.47;251.66;4.97;837;48;2068.00;12
5184;48;626775174;5184;265;6018;6030;7.78;0.48;251.73;4.97;834;48;2069.00;12
5190;48;626775187;5190;263;6022;6036;7.82;0.48;251.82;5.01;832;48;2070.00;14
5195;48;626775198;5195;265;6022;6036;7.77;0.47;251.82;5.01;827;48;2071.00;14
5196;48;626775210;5196;268;6023;6036;7.80;0.48;251.86;5.01;827;48;2072.00;13
5202;48;626775221;5202;275;6023;6036;7.79;0.48;251.95;5.01;821;48;2073.00;13
5207;48;626775232;5207;275;6028;6042;7.79;0.47;251.89;5.00;821;48;2074.00;14
5212;48;626775243;5212;284;6028;6042;7.77;0.47;252.01;5.00;816;48;2075.00;14
5217;48;626775254;5217;285;6029;6042;7.73;0.47;252.15;5.00;812;48;2076.00;13
5220;48;626775266;5220;281;6029;6042;7.68;0.47;252.16;5.00;809;48;2077.00;13
5225;48;626775277;5225;275;6034;6046;7.68;0.47;252.13;5.00;809;48;2078.00;12
5227;48;626775288;5227;279;6035;6047;7.71;0.47;252.18;5.00;808;48;2079.00;12
5228;48;626775299;5228;281;6036;6047;7.74;0.47;252.25;5.00;808;48;2080.00;11
5233;48;626775311;5233;281;6037;6048;7.65;0.46;252.32;5.00;804;48;2081.00;11
5236;48;626775321;5236;285;6037;6048;7.64;0.46;252.33;5.00;801;48;2082.00;11
5239;48;626775332;5239;293;6037;6048;7.64;0.46;252.37;5.00;798;48;2083.00;11
5242;48;626775344;5242;296;6037;6048;7.59;0.46;252.47;5.00;795;48;2084.00;11
5244;48;626775354;5244;299;6037;6048;7.58;0.46;252.48;5.00;793;48;2085.00;11
5246;48;626775366;5246;305;6037;6048;7.61;0.46;252.59;5.00;791;48;2086.00;11
5248;48;626775378;5248;296;6037;6048;7.69;0.47;252.60;5.00;789;48;2087.00;11
5249;48;626775391;5249;310;6081;6118;7.76;0.48;252.55;4.96;832;48;2088.00;37
5252;48;626775409;5252;300;6082;6119;7.83;0.48;252.62;4.96;830;48;2089.00;37
5254;48;626775426;5254;290;6086;6119;7.96;0.49;252.60;4.96;832;48;2090.00;33
5258;48;626775446;5258;286;6088;6119;8.03;0.49;252.65;4.96;830;48;2091.00;31
5261;48;626775465;5261;282;6090;6119;8.18;0.50;252.72;4.96;829;48;2092.00;29
5264;48;626775483;5264;286;6093;6119;8.28;0.50;252.73;4.96;829;48;2093.00;26
5266;48;626775502;5266;285;6095;6119;8.34;0.51;252.78;4.96;829;48;2094.00;24
5269;48;626775521;5269;283;6099;6119;8.32;0.51;252.81;4.96;830;48;2095.00;20
5273;48;626775543;5273;269;6100;6120;8.33;0.51;252.94;4.96;827;48;2096.00;20
5275;48;626775556;5275;263;6104;6121;8.37;0.51;252.95;4.96;829;48;2097.00;17
5279;48;626775569;5279;257;6108;6121;8.41;0.51;252.99;4.97;829;48;2098.00;13
5283;48;626775582;5283;261;6111;6125;8.38;0.51;253.10;4.96;828;48;2099.00;14
5285;48;626775600;5285;256;6115;6140;8.39;0.51;253.17;4.96;830;48;2100.00;25
5290;48;626775620;5290;252;6115;6140;8.40;0.51;253.26;4.96;825;48;2101.00;25
5295;48;626775634;5295;255;6115;6140;8.45;0.51;253.31;4.96;820;48;2102.00;25
5296;48;626775648;5296;252;6118;6146;8.55;0.52;253.38;4.96;822;48;2103.00;28
5299;48;626775662;5299;248;6118;6146;8.66;0.53;253.42;4.96;819;48;2104.00;28
5301;48;626775675;5301;248;6118;6146;8.71;0.53;253.51;4.96;817;48;2105.00;28
5303;48;626775687;5303;250;6122;6149;8.72;0.53;253.58;4.96;819;48;2106.00;27
5306;48;626775701;5306;242;6122;6149;8.72;0.53;253.66;4.96;816;48;2107.00;27
5312;48;626775713;5312;238;6122;6149;8.80;0.54;253.63;4.96;810;48;2108.00;27
5316;48;626775726;5316;235;6122;6150;8.81;0.54;253.65;4.96;806;48;2109.00;28
5319;48;626775738;5319;228;6123;6151;8.84;0.54;253.63;4.96;804;48;2110.00;28
5320;48;626775751;5320;224;6123;6151;8.85;0.54;253.65;4.96;803;48;2111.00;28
5321;48;626775764;5321;228;6133;6164;8.87;0.54;253.65;4.95;812;48;2112.00;31
5323;48;626775778;5323;217;6134;6164;9.00;0.55;253.68;4.95;811;48;2113.00;30
5325;48;626775790;5325;220;6134;6164;9.11;0.55;253.64;4.95;809;48;2114.00;30
5327;48;626775802;5327;212;6136;6166;9.21;0.56;253.69;4.95;809;48;2115.00;30
5330;48;626775815;5330;207;6136;6166;9.24;0.56;253.74;4.95;806;48;2116.00;30
5330;48;626775826;5330;203;6138;6170;9.27;0.56;253.74;4.95;808;48;2117.00;32
5334;48;626775845;5334;205;6140;6170;9.22;0.56;253.72;4.95;806;48;2118.00;30
5334;48;626775856;5334;206;6143;6174;9.19;0.56;253.72;4.95;809;48;2119.00;31
5337;48;626775868;5337;203;6143;6174;9.13;0.55;253.74;4.95;806;48;2120.00;31
5338;48;626775879;5338;208;6144;6174;9.16;0.56;253.74;5.00;806;48;2121.00;30
5340;48;626775891;5340;207;6144;6174;9.19;0.56;253.73;5.00;804;48;2122.00;30
5343;48;626775902;5343;206;6144;6174;9.13;0.55;253.72;5.00;801;48;2123.00;30
5346;48;626775915;5346;210;6154;6186;9.11;0.55;253.75;5.00;808;48;2124.00;32
5347;48;626775933;5347;213;6154;6186;9.12;0.55;253.74;5.00;807;48;2125.00;32
5348;48;626775944;5348;221;6155;6186;9.14;0.55;253.76;5.00;807;48;2126.00;31
5350;48;626775956;5350;214;6157;6186;9.13;0.55;253.76;5.01;807;48;2127.00;29
5353;48;626775969;5353;217;6157;6186;9.10;0.55;253.75;5.01;804;48;2128.00;29
5354;48;626775980;5354;224;6158;6186;9.09;0.55;253.72;5.01;804;48;2129.00;28
5357;48;626775993;5357;221;6162;6187;9.07;0.55;253.90;5.02;805;48;2130.00;25
5358;48;626776004;5358;217;6162;6187;9.06;0.55;253.88;5.02;804;48;2131.00;25
5361;48;626776015;5361;214;6166;6193;9.03;0.55;253.90;5.02;805;48;2132.00;27
5362;48;626776028;5362;213;6168;6194;8.95;0.54;253.88;5.02;806;48;2133.00;26
5363;48;626776039;5363;207;6168;6194;8.92;0.54;253.88;5.02;805;48;2134.00;26
5366;48;626776050;5366;206;6169;6194;8.86;0.54;253.89;5.02;803;48;2135.00;25
5370;48;626776061;5370;204;6171;6198;8.87;0.54;253.90;5.02;801;48;2136.00;27
5373;48;626776073;5373;204;6171;6198;8.83;0.54;253.91;5.02;798;48;2137.00;27
5376;48;626776083;5376;200;6173;6198;8.80;0.53;253.91;5.02;797;48;2138.00;25
5379;48;626776094;5379;191;6174;6199;8.85;0.54;253.90;5.02;795;48;2139.00;25
5383;48;626776105;5383;186;6178;6203;8.83;0.54;253.90;5.02;795;48;2140.00;25
5387;48;626776115;5387;183;6178;6203;8.83;0.54;253.90;5.02;791;48;2141.00;25
5389;48;626776126;5389;183;6181;6206;8.83;0.54;253.94;5.02;792;48;2142.00;25
5392;48;626776136;5392;176;6181;6206;8.88;0.54;253.93;5.02;789;48;2143.00;25
5394;48;626776147;5394;168;6181;6206;8.88;0.54;253.92;5.02;787;48;2144.00;25
5398;48;626776157;5398;169;6183;6206;8.88;0.54;254.01;5.03;785;48;2145.00;23
5404;48;626776168;5404;167;6186;6210;8.88;0.54;254.03;5.03;782;48;2146.00;24
5405;48;626776179;5405;163;6186;6210;8.89;0.54;254.09;5.03;781;48;2147.00;24
5407;48;626776190;5407;164;6187;6210;8.91;0.54;254.06;5.03;780;48;2148.00;23
5410;48;626776201;5410;163;6187;6210;8.87;0.54;254.05;5.03;777;48;2149.00;23
5412;48;626776217;5412;163;6187;6211;8.85;0.54;254.08;5.03;775;48;2150.00;24
5414;48;626776228;5414;167;6188;6212;8.88;0.54;254.06;5.03;774;48;2151.00;24
5417;48;626776239;5417;171;6189;6212;8.77;0.53;254.02;5.08;772;48;2152.00;23
5418;48;626776250;5418;170;6190;6213;8.74;0.53;254.04;5.08;772;48;2153.00;23
5420;48;626776267;5420;174;6191;6213;8.67;0.53;253.97;5.13;771;48;2154.00;22
5422;48;626776277;5422;174;6191;6213;8.60;0.52;253.92;5.13;769;48;2155.00;22
5424;48;626776288;5424;174;6191;6213;8.56;0.52;253.93;5.13;767;48;2156.00;22
5426;48;626776299;5426;178;6191;6213;8.57;0.52;253.95;5.13;765;48;2157.00;22
5429;48;626776312;5429;183;6191;6213;8.58;0.52;253.95;5.13;762;48;2158.00;22
5434;48;626776329;5434;186;6191;6213;8.61;0.52;253.95;5.13;757;48;2159.00;22
5434;48;626776342;5434;219;6289;6443;8.72;0.55;253.95;5.05;855;48;2160.00;154
5436;48;626776371;5436;213;6293;6444;8.67;0.54;253.96;5.05;857;48;2161.00;151
5438;48;626776382;5438;205;6302;6444;8.73;0.55;253.91;5.04;864;48;2162.00;142
5440;48;626776395;5440;205;6310;6444;8.69;0.54;253.88;5.04;870;48;2163.00;134
5443;48;626776407;5443;203;6316;6444;8.70;0.54;253.88;5.04;873;48;2164.00;128
5443;48;626776419;5443;206;6321;6444;8.73;0.55;253.88;5.04;878;48;2165.00;123
5446;48;626776430;5446;206;6327;6444;8.73;0.54;253.83;5.04;881;48;2166.00;117
5448;48;626776441;5448;211;6331;6444;8.75;0.54;253.80;5.04;883;48;2167.00;113
5451;48;626776452;5451;219;6337;6445;8.77;0.55;253.79;5.04;886;48;2168.00;108
5455;48;626776464;5455;222;6342;6446;8.77;0.54;253.68;5.05;887;48;2169.00;104
5460;48;626776476;5460;224;6345;6446;8.72;0.54;253.54;5.05;885;48;2170.00;101
5464;48;626776487;5464;227;6352;6447;8.68;0.54;253.47;5.06;888;48;2171.00;95
5468;48;626776498;5468;232;6359;6447;8.60;0.53;253.49;5.08;891;48;2172.00;88
5470;48;626776509;5470;235;6363;6447;8.50;0.52;253.55;5.09;893;48;2173.00;84
5473;48;626776521;5473;243;6367;6447;8.39;0.52;253.52;5.10;894;48;2174.00;80
5474;49;626776537;5474;251;6372;6451;8.28;0.51;253.50;5.10;898;49;2175.00;79
5475;49;626776563;5475;254;6375;6451;8.16;0.50;253.48;5.11;900;49;2176.00;76
5476;49;626776579;5476;256;6376;6451;8.09;0.50;253.48;5.11;900;49;2177.00;75
5476;49;626776596;5476;267;6381;6454;8.01;0.49;253.48;5.14;905;49;2178.00;73
5477;49;626776607;5477;272;6384;6454;7.92;0.49;253.49;5.15;907;49;2179.00;70
5478;49;626776618;5478;280;6386;6454;7.80;0.48;253.52;5.17;908;49;2180.00;68
5481;49;626776629;5481;287;6395;6458;7.66;0.47;253.46;5.18;914;49;2181.00;63
5481;49;626776641;5481;301;6398;6459;7.62;0.47;253.46;5.19;917;49;2182.00;61
5483;49;626776652;5483;306;6399;6459;7.57;0.47;253.40;5.19;916;49;2183.00;60
5483;49;626776662;5483;315;6405;6463;7.56;0.46;253.40;5.20;922;49;2184.00;58
5485;49;626776673;5485;320;6409;6463;7.58;0.46;253.34;5.22;924;49;2185.00;54
5486;49;626776684;5486;332;6412;6463;7.52;0.46;253.36;5.23;926;49;2186.00;51
5487;49;626776695;5487;333;6415;6464;7.40;0.45;253.36;5.24;928;49;2187.00;49
5489;49;626776705;5489;337;6417;6464;7.31;0.45;253.33;5.24;928;49;2188.00;47
5490;49;626776716;5490;342;6422;6470;7.29;0.45;253.29;5.25;932;49;2189.00;48
5492;49;626776729;5492;346;6423;6470;7.20;0.44;253.23;5.25;931;49;2190.00;47
5495;49;626776740;5495;351;6425;6471;7.10;0.44;253.14;5.26;930;49;2191.00;46
5497;49;626776751;5497;352;6429;6471;7.03;0.43;253.11;5.28;932;49;2192.00;42
5498;49;626776761;5498;361;6431;6471;6.99;0.43;253.07;5.29;933;49;2193.00;40
5499;49;626776772;5499;373;6433;6471;6.91;0.42;253.05;5.29;934;49;2194.00;38
5502;49;626776783;5502;365;6434;6471;6.85;0.42;252.99;5.29;932;49;2195.00;37
5503;49;626776794;5503;355;6446;6483;6.89;0.42;253.00;5.29;943;49;2196.00;37
5504;49;626776812;5504;354;6446;6483;6.91;0.42;252.96;5.29;942;49;2197.00;37
5507;49;626776822;5507;345;6447;6483;6.93;0.42;252.93;5.30;940;49;2198.00;36
5509;49;626776833;5509;346;6449;6483;6.98;0.43;252.89;5.31;940;49;2199.00;34
5510;49;626776845;5510;343;6450;6483;6.99;0.43;252.85;5.31;940;49;2200.00;33
5511;50;626776860;5511;337;6450;6483;6.99;0.43;252.84;5.31;939;50;2201.00;33
5513;50;626776886;5513;338;6455;6487;6.96;0.43;252.82;5.31;942;50;2202.00;32
5516;51;626776902;5516;329;6457;6487;6.91;0.42;252.75;5.32;941;51;2203.00;30
5519;51;626776924;5519;331;6462;6491;6.87;0.42;252.78;5.32;943;51;2204.00;29
5522;51;626776936;5522;331;6464;6493;6.80;0.42;252.76;5.31;942;51;2205.00;29
5523;51;626776947;5523;333;6466;6493;6.76;0.41;252.80;5.32;943;51;2206.00;27
5524;51;626776958;5524;337;6467;6493;6.71;0.41;252.83;5.32;943;51;2207.00;26
5526;51;626776969;5526;343;6478;6506;6.61;0.41;252.82;5.31;952;51;2208.00;28
5529;51;626776986;5529;344;6478;6506;6.51;0.40;252.86;5.31;949;51;2209.00;28
5530;51;626776997;5530;335;6480;6508;6.47;0.40;252.89;5.31;950;51;2210.00;28
5532;51;626777008;5532;334;6482;6509;6.47;0.40;252.93;5.31;950;51;2211.00;27
5534;51;626777019;5534;321;6484;6510;6.44;0.40;253.00;5.31;950;51;2212.00;26
5537;51;626777030;5537;320;6484;6510;6.47;0.40;253.00;5.31;947;51;2213.00;26
5539;51;626777041;5539;320;6486;6513;6.50;0.40;253.07;5.30;947;51;2214.00;27
5543;51;626777052;5543;323;6486;6513;6.57;0.40;253.17;5.30;943;51;2215.00;27
5544;51;626777064;5544;323;6486;6513;6.63;0.41;253.17;5.30;942;51;2216.00;27
5546;51;626777075;5546;313;6487;6513;6.68;0.41;253.30;5.30;941;51;2217.00;26
5551;51;626777086;5551;302;6491;6519;6.76;0.42;253.37;5.30;940;51;2218.00;28
5552;51;626777098;5552;299;6492;6519;6.83;0.42;253.45;5.30;940;51;2219.00;27
5555;51;626777111;5555;293;6492;6519;6.88;0.42;253.49;5.30;937;51;2220.00;27
5559;51;626777122;5559;285;6492;6519;6.92;0.43;253.59;5.30;933;51;2221.00;27
5563;51;626777135;5563;279;6498;6523;6.99;0.43;253.70;5.35;935;51;2222.00;25
5569;51;626777148;5569;271;6500;6524;7.05;0.43;253.80;5.35;931;51;2223.00;24
5570;51;626777160;5570;267;6500;6524;7.10;0.44;253.77;5.35;930;51;2224.00;24
5576;51;626777171;5576;258;6501;6525;7.18;0.44;253.87;5.35;925;51;2225.00;24
5580;51;626777183;5580;260;6501;6525;7.27;0.45;253.86;5.35;921;51;2226.00;24
5584;51;626777194;5584;257;6501;6525;7.34;0.45;253.94;5.35;917;51;2227.00;24
5589;51;626777205;5589;262;6501;6525;7.40;0.45;254.05;5.35;912;51;2228.00;24
5597;51;626777217;5597;264;6501;6525;7.42;0.45;254.08;5.35;904;51;2229.00;24
5603;51;626777229;5603;267;6501;6525;7.47;0.46;253.99;5.35;898;51;2230.00;24
5608;51;626777241;5608;267;6501;6525;7.50;0.46;254.04;5.35;893;51;2231.00;24
5612;51;626777253;5612;267;6541;6595;7.67;0.47;254.12;5.32;929;51;2232.00;54
5616;51;626777271;5616;264;6544;6596;7.70;0.47;254.07;5.32;928;51;2233.00;52
5621;51;626777283;5621;268;6551;6596;7.75;0.48;254.06;5.31;930;51;2234.00;45
5625;51;626777295;5625;270;6552;6596;7.83;0.48;254.21;5.31;927;51;2235.00;44
5628;51;626777308;5628;273;6557;6596;7.98;0.49;254.19;5.31;929;51;2236.00;39
5631;51;626777325;5631;270;6561;6596;8.06;0.49;254.22;5.31;930;51;2237.00;35
5636;51;626777337;5636;272;6565;6596;8.11;0.50;254.24;5.31;929;51;2238.00;31
5643;51;626777350;5643;274;6568;6596;8.07;0.49;254.24;5.31;925;51;2239.00;28
5647;51;626777363;5647;277;6570;6597;8.07;0.49;254.26;5.31;923;51;2240.00;27
5651;51;626777375;5651;280;6571;6598;8.04;0.49;254.41;5.31;920;51;2241.00;27
5653;51;626777387;5653;289;6572;6598;8.02;0.49;254.44;5.31;919;51;2242.00;26
5656;51;626777400;5656;296;6575;6602;8.00;0.49;254.45;5.31;919;51;2243.00;27
5659;51;626777413;5659;294;6575;6602;8.03;0.49;254.57;5.31;916;51;2244.00;27
5662;51;626777432;5662;299;6575;6602;8.05;0.49;254.60;5.31;913;51;2245.00;27
5668;51;626777454;5668;300;6575;6602;8.02;0.49;254.74;5.31;907;51;2246.00;27
5672;51;626777475;5672;297;6579;6608;8.06;0.49;254.85;5.31;907;51;2247.00;29
5677;51;626777495;5677;293;6579;6608;8.06;0.49;254.92;5.31;902;51;2248.00;29
5684;51;626777515;5684;290;6580;6608;8.07;0.49;254.99;5.31;896;51;2249.00;28
5687;51;626777535;5687;290;6583;6614;8.13;0.50;255.03;5.30;896;51;2250.00;31
5690;51;626777550;5690;292;6584;6614;8.17;0.50;255.09;5.30;894;51;2251.00;30
5692;51;626777564;5692;298;6584;6614;8.16;0.50;255.14;5.30;892;51;2252.00;30
5700;51;626777578;5700;296;6585;6615;8.09;0.49;255.18;5.30;885;51;2253.00;30
5702;51;626777592;5702;308;6586;6616;8.06;0.49;255.19;5.30;884;51;2254.00;30
5707;51;626777605;5707;310;6587;6616;7.99;0.49;255.25;5.30;880;51;2255.00;29
5710;51;626777619;5710;319;6598;6629;8.02;0.49;255.35;5.29;888;51;2256.00;31
5712;51;626777634;5712;307;6598;6629;7.98;0.49;255.30;5.29;886;51;2257.00;31
5716;51;626777648;5716;302;6598;6629;7.91;0.48;255.40;5.29;882;51;2258.00;31
5718;51;626777667;5718;299;6599;6630;7.88;0.48;255.44;5.29;881;51;2259.00;31
5721;51;626777686;5721;295;6599;6630;7.90;0.48;255.56;5.29;878;51;2260.00;31
5726;51;626777700;5726;290;6602;6634;7.91;0.48;255.68;5.29;876;51;2261.00;32
5728;51;626777714;5728;290;6602;6634;7.91;0.48;255.78;5.29;874;51;2262.00;32
5729;51;626777727;5729;283;6606;6638;7.99;0.49;255.83;5.29;877;51;2263.00;32
5733;51;626777747;5733;282;6606;6638;8.04;0.49;255.94;5.29;873;51;2264.00;32
5735;51;626777761;5735;283;6606;6638;8.00;0.49;255.92;5.29;871;51;2265.00;32
5737;51;626777781;5737;272;6606;6638;8.05;0.49;255.91;5.29;869;51;2266.00;32
5740;51;626777794;5740;251;6606;6638;8.02;0.49;255.88;5.29;866;51;2267.00;32
5742;51;626777807;5742;241;6615;6650;8.09;0.49;255.93;5.28;873;51;2268.00;35
5745;51;626777822;5745;238;6616;6650;8.19;0.50;255.99;5.28;871;51;2269.00;34
5750;51;626777841;5750;236;6618;6650;8.27;0.51;256.07;5.33;868;51;2270.00;32
5755;51;626777854;5755;236;6618;6650;8.36;0.51;256.01;5.33;863;51;2271.00;32
5760;51;626777869;5760;238;6618;6650;8.44;0.51;256.02;5.33;858;51;2272.00;32
5760;52;626777883;5760;238;6618;6650;8.55;0.52;256.02;5.33;858;52;2273.00;32
5766;52;626777907;5766;240;6618;6651;8.60;0.52;256.19;5.33;852;52;2274.00;33
5767;52;626777920;5767;237;6618;6651;8.68;0.53;256.17;5.33;851;52;2275.00;33
5770;52;626777934;5770;239;6622;6657;8.74;0.53;256.26;5.33;852;52;2276.00;35
5772;52;626777947;5772;234;6623;6658;8.79;0.54;256.24;5.33;851;52;2277.00;35
5776;52;626777961;5776;227;6624;6658;8.82;0.54;256.26;5.33;848;52;2278.00;34
5781;52;626777975;5781;223;6624;6658;8.79;0.53;256.26;5.33;843;52;2279.00;34
5786;52;626777989;5786;220;6628;6663;8.83;0.54;256.25;5.33;842;52;2280.00;35
5789;52;626778003;5789;215;6628;6663;8.82;0.54;256.37;5.33;839;52;2281.00;35
5791;52;626778016;5791;213;6628;6663;8.81;0.54;256.45;5.33;837;52;2282.00;35
5793;52;626778029;5793;210;6629;6664;8.86;0.54;256.52;5.32;836;52;2283.00;35
5795;52;626778041;5795;205;6632;6668;8.88;0.54;256.62;5.32;837;52;2284.00;36
5798;52;626778053;5798;193;6632;6668;8.90;0.54;256.65;5.32;834;52;2285.00;36
5800;52;626778066;5800;197;6634;6671;8.98;0.55;256.71;5.32;834;52;2286.00;37
5801;52;626778078;5801;199;6634;6671;8.98;0.55;256.69;5.32;833;52;2287.00;37
5804;52;626778090;5804;199;6635;6671;8.96;0.55;256.73;5.32;831;52;2288.00;36
5806;53;626778102;5806;193;6635;6671;8.97;0.55;256.71;5.32;829;53;2289.00;36
5807;53;626778132;5807;195;6638;6675;8.96;0.55;256.68;5.32;831;53;2290.00;37
5810;53;626778144;5810;191;6638;6675;8.93;0.54;256.74;5.32;828;53;2291.00;37
5813;53;626778162;5813;196;6639;6675;8.93;0.54;256.77;5.32;826;53;2292.00;36
5817;53;626778173;5817;203;6639;6675;8.95;0.54;256.82;5.32;822;53;2293.00;36
5820;53;626778185;5820;205;6640;6676;8.89;0.54;256.86;5.37;820;53;2294.00;36
5821;53;626778196;5821;204;6642;6678;8.86;0.54;256.87;5.37;821;53;2295.00;36
5822;53;626778207;5822;209;6642;6678;8.78;0.54;256.84;5.37;820;53;2296.00;36
5824;53;626778218;5824;205;6643;6679;8.75;0.53;256.85;5.37;819;53;2297.00;36
5827;53;626778230;5827;217;6643;6679;8.72;0.53;256.82;5.37;816;53;2298.00;36
5827;53;626778241;5827;215;6643;6679;8.63;0.53;256.82;5.37;816;53;2299.00;36
5830;53;626778253;5830;211;6643;6679;8.59;0.52;256.80;5.37;813;53;2300.00;36
5831;53;626778268;5831;205;6643;6679;8.52;0.52;256.83;5.37;812;53;2301.00;36
5832;53;626778279;5832;197;6643;6679;8.51;0.52;256.87;5.37;811;53;2302.00;36
5838;53;626778290;5838;193;6643;6679;8.37;0.51;256.92;5.37;805;53;2303.00;36
5841;53;626778301;5841;220;6716;6806;8.26;0.51;256.99;5.31;875;53;2304.00;90
5844;53;626778322;5844;209;6716;6807;8.24;0.51;257.01;5.31;872;53;2305.00;91
5846;53;626778335;5846;196;6725;6807;8.33;0.51;257.03;5.31;879;53;2306.00;82
5849;53;626778346;5849;199;6726;6807;8.30;0.51;257.01;5.31;877;53;2307.00;81
5852;53;626778357;5852;194;6734;6807;8.34;0.51;256.99;5.36;882;53;2308.00;73
5856;53;626778368;5856;197;6738;6807;8.38;0.51;256.99;5.36;882;53;2309.00;69
5858;53;626778381;5858;195;6742;6807;8.42;0.52;256.98;5.36;884;53;2310.00;65
5861;53;626778394;5861;199;6744;6807;8.44;0.52;256.98;5.36;883;53;2311.00;63
5864;53;626778405;5864;191;6749;6808;8.44;0.52;256.99;5.36;885;53;2312.00;59
5867;53;626778425;5867;193;6754;6809;8.38;0.51;256.91;5.41;887;53;2313.00;55
5870;53;626778436;5870;193;6756;6809;8.32;0.51;256.91;5.41;886;53;2314.00;53
5872;53;626778447;5872;196;6757;6810;8.20;0.50;256.93;5.43;885;53;2315.00;53
5873;53;626778459;5873;199;6759;6810;8.15;0.50;256.90;5.43;886;53;2316.00;51
5875;53;626778471;5875;199;6761;6810;7.97;0.49;256.86;5.48;886;53;2317.00;49
5877;53;626778482;5877;209;6764;6810;7.84;0.48;256.86;5.49;887;53;2318.00;46
5881;53;626778493;5881;209;6767;6814;7.63;0.47;256.81;5.49;886;53;2319.00;47
5882;53;626778504;5882;210;6769;6814;7.55;0.46;256.78;5.49;887;53;2320.00;45
5885;53;626778515;5885;210;6769;6814;7.47;0.46;256.82;5.49;884;53;2321.00;45
5887;53;626778526;5887;219;6772;6817;7.42;0.45;256.75;5.49;885;53;2322.00;45
5889;53;626778537;5889;216;6772;6817;7.39;0.45;256.73;5.49;883;53;2323.00;45
5892;53;626778548;5892;224;6773;6817;7.40;0.45;256.67;5.49;881;53;2324.00;44
5895;53;626778559;5895;232;6777;6821;7.43;0.45;256.60;5.49;882;53;2325.00;44
5896;53;626778570;5896;234;6778;6822;7.43;0.45;256.58;5.49;882;53;2326.00;44
5899;53;626778580;5899;238;6779;6822;7.42;0.45;256.53;5.49;880;53;2327.00;43
5900;53;626778592;5900;245;6782;6826;7.45;0.46;256.54;5.49;882;53;2328.00;44
5901;53;626778602;5901;244;6782;6826;7.42;0.45;256.51;5.49;881;53;2329.00;44
5902;53;626778613;5902;249;6782;6826;7.42;0.45;256.48;5.49;880;53;2330.00;44
5905;53;626778623;5905;252;6783;6827;7.39;0.45;256.42;5.49;878;53;2331.00;44
5908;53;626778634;5908;253;6783;6827;7.36;0.45;256.35;5.49;875;53;2332.00;44
5910;53;626778644;5910;262;6787;6833;7.32;0.45;256.30;5.48;877;53;2333.00;46
5911;53;626778657;5911;261;6788;6833;7.31;0.44;256.27;5.48;877;53;2334.00;45
5913;53;626778667;5913;268;6788;6834;7.30;0.44;256.30;5.48;875;53;2335.00;46
5918;53;626778678;5918;273;6788;6834;7.27;0.44;256.17;5.48;870;53;2336.00;46
5919;53;626778689;5919;283;6789;6834;7.25;0.44;256.21;5.49;870;53;2337.00;45
5921;53;626778700;5921;285;6789;6834;7.23;0.44;256.20;5.49;868;53;2338.00;45
5921;53;626778710;5921;290;6790;6834;7.21;0.44;256.20;5.51;869;53;2339.00;44
5922;53;626778722;5922;293;6813;6870;7.29;0.44;256.16;5.50;891;53;2340.00;57
5922;53;626778736;5922;298;6814;6870;7.30;0.45;256.16;5.50;892;53;2341.00;56
5923;53;626778747;5923;306;6818;6870;7.27;0.44;256.13;5.50;895;53;2342.00;52
5925;53;626778763;5925;305;6821;6870;7.27;0.44;256.15;5.51;896;53;2343.00;49
5927;53;626778773;5927;311;6822;6870;7.24;0.44;256.14;5.51;895;53;2344.00;48
5928;53;626778783;5928;310;6824;6870;7.16;0.44;256.10;5.53;896;53;2345.00;46
5931;53;626778794;5931;319;6828;6874;7.15;0.44;256.10;5.53;897;53;2346.00;46
5931;53;626778805;5931;306;6831;6874;7.17;0.44;256.10;5.55;900;53;2347.00;43
5931;53;626778815;5931;303;6833;6878;7.23;0.44;256.10;5.54;902;53;2348.00;45
5933;53;626778826;5933;299;6836;6879;7.24;0.44;256.08;5.54;903;53;2349.00;43
5933;53;626778837;5933;297;6837;6879;7.26;0.44;256.08;5.55;904;53;2350.00;42
5934;53;626778848;5934;297;6837;6879;7.25;0.44;256.09;5.55;903;53;2351.00;42
5936;53;626778858;5936;294;6851;6892;7.21;0.44;256.09;5.57;915;53;2352.00;41
5937;53;626778870;5937;289;6852;6892;7.18;0.44;256.05;5.58;915;53;2353.00;40
5937;53;626778881;5937;289;6853;6892;7.20;0.44;256.05;5.59;916;53;2354.00;39
5938;53;626778891;5938;288;6855;6893;7.18;0.44;256.02;5.60;917;53;2355.00;38
5939;53;626778901;5939;288;6856;6894;7.14;0.44;256.00;5.60;917;53;2356.00;38
5939;53;626778917;5939;295;6857;6894;7.12;0.44;256.00;5.61;918;53;2357.00;37
5939;53;626778928;5939;299;6862;6897;7.13;0.44;256.00;5.62;923;53;2358.00;35
5941;53;626778944;5941;293;6862;6897;7.16;0.44;255.97;5.62;921;53;2359.00;35
5944;53;626778965;5944;297;6864;6897;7.12;0.43;255.95;5.63;920;53;2360.00;33
5946;53;626778976;5946;295;6864;6897;7.11;0.43;255.92;5.63;918;53;2361.00;33
5947;53;626778987;5947;301;6868;6903;7.15;0.43;255.91;5.62;921;53;2362.00;35
5947;53;626778998;5947;300;6868;6903;7.15;0.44;255.91;5.62;921;53;2363.00;35
5949;53;626779008;5949;295;6869;6903;7.15;0.43;255.87;5.62;920;53;2364.00;34
5950;53;626779021;5950;291;6873;6903;7.13;0.43;255.83;5.64;923;53;2365.00;30
5952;53;626779031;5952;290;6876;6907;7.13;0.43;255.83;5.63;924;53;2366.00;31
5955;53;626779042;5955;289;6879;6908;7.12;0.43;255.77;5.64;924;53;2367.00;29
5957;53;626779053;5957;295;6879;6908;7.13;0.43;255.72;5.64;922;53;2368.00;29
5957;53;626779064;5957;294;6881;6909;7.18;0.44;255.72;5.64;924;53;2369.00;28
5958;53;626779076;5958;297;6882;6909;7.20;0.44;255.72;5.64;924;53;2370.00;27
5961;53;626779090;5961;292;6882;6909;7.18;0.44;255.78;5.64;921;53;2371.00;27
5964;53;626779101;5964;287;6883;6909;7.09;0.43;255.81;5.64;919;53;2372.00;26
5967;53;626779110;5967;288;6884;6909;7.03;0.43;255.83;5.65;917;53;2373.00;25
5972;53;626779121;5972;289;6884;6909;6.98;0.43;255.79;5.65;912;53;2374.00;25
5974;53;626779131;5974;293;6885;6909;6.97;0.42;255.82;5.65;911;53;2375.00;24
5979;53;626779141;5979;303;6923;6979;7.05;0.43;255.82;5.62;944;53;2376.00;56
5983;53;626779157;5983;305;6925;6980;6.98;0.43;255.84;5.61;942;53;2377.00;55
5986;53;626779167;5986;312;6933;6980;6.96;0.43;255.89;5.61;947;53;2378.00;47
5991;53;626779177;5991;315;6937;6980;6.89;0.42;255.80;5.61;946;53;2379.00;43
5995;53;626779187;5995;304;6942;6980;6.90;0.42;255.83;5.61;947;53;2380.00;38
6000;53;626779197;6000;302;6946;6980;6.83;0.42;255.91;5.61;946;53;2381.00;34
6002;53;626779207;6002;299;6950;6980;6.79;0.42;255.91;5.61;948;53;2382.00;30
6010;53;626779219;6010;301;6953;6980;6.74;0.41;256.00;5.61;943;53;2383.00;27
6012;53;626779235;6012;304;6955;6981;6.75;0.41;256.09;5.61;943;53;2384.00;26
6018;53;626779246;6018;306;6958;6983;6.78;0.41;256.16;5.61;940;53;2385.00;25
6020;53;626779258;6020;308;6958;6983;6.80;0.42;256.23;5.61;938;53;2386.00;25
6024;53;626779269;6024;305;6962;6987;6.85;0.42;256.32;5.60;938;53;2387.00;25
6026;53;626779281;6026;309;6962;6987;6.94;0.43;256.38;5.60;936;53;2388.00;25
6028;53;626779292;6028;306;6962;6987;7.11;0.44;256.48;5.60;934;53;2389.00;25
6032;53;626779304;6032;311;6962;6987;7.19;0.44;256.60;5.60;930;53;2390.00;25
6034;53;626779315;6034;310;6967;6993;7.30;0.45;256.65;5.60;933;53;2391.00;26
6038;53;626779327;6038;313;6968;6993;7.32;0.45;256.63;5.60;930;53;2392.00;25
6044;53;626779339;6044;307;6968;6993;7.37;0.45;256.69;5.60;924;53;2393.00;25
6047;53;626779351;6047;307;6970;6996;7.45;0.46;256.73;5.60;923;53;2394.00;26
6051;53;626779364;6051;299;6970;6996;7.50;0.46;256.87;5.60;919;53;2395.00;26
6057;53;626779375;6057;297;6971;6996;7.52;0.46;256.91;5.60;914;53;2396.00;25
6061;53;626779387;6061;294;6972;6997;7.53;0.46;256.85;5.60;911;53;2397.00;25
6063;53;626779398;6063;291;6973;6998;7.61;0.47;256.81;5.60;910;53;2398.00;25
6069;53;626779410;6069;288;6973;6998;7.60;0.47;256.92;5.60;904;53;2399.00;25
6075;53;626779429;6075;292;6997;7057;7.66;0.47;257.02;5.58;922;53;2400.00;60
6078;53;626779462;6078;284;6999;7057;7.67;0.47;257.05;5.58;921;53;2401.00;58
6090;53;626779483;6090;280;7003;7057;7.61;0.46;257.10;5.57;913;53;2402.00;54
6094;53;626779503;6094;280;7004;7058;7.64;0.47;257.19;5.57;910;53;2403.00;54
6099;53;626779521;6099;275;7006;7058;7.59;0.46;257.27;5.57;907;53;2404.00;52
6105;53;626779540;6105;279;7009;7062;7.58;0.46;257.44;5.57;904;53;2405.00;53
6109;53;626779558;6109;279;7010;7062;7.61;0.46;257.50;5.57;901;53;2406.00;52
6110;53;626779572;6110;286;7015;7066;7.68;0.47;257.55;5.57;905;53;2407.00;51
6114;54;626779587;6114;293;7016;7066;7.71;0.47;257.55;5.57;902;54;2408.00;50
6119;54;626779620;6119;292;7016;7066;7.74;0.47;257.70;5.57;897;54;2409.00;50
6122;54;626779634;6122;294;7017;7066;7.83;0.48;257.81;5.57;895;54;2410.00;49
6129;54;626779648;6129;295;7018;7066;7.78;0.47;257.93;5.57;889;54;2411.00;48
6132;54;626779661;6132;302;7028;7078;7.76;0.47;257.96;5.56;896;54;2412.00;50
6135;54;626779675;6135;308;7029;7078;7.68;0.47;258.05;5.57;894;54;2413.00;49
6139;54;626779687;6139;307;7029;7078;7.66;0.47;258.11;5.57;890;54;2414.00;49
6143;54;626779700;6143;312;7030;7078;7.65;0.47;258.13;5.57;887;54;2415.00;48
6147;54;626779713;6147;317;7030;7078;7.63;0.47;258.14;5.57;883;54;2416.00;48
6152;54;626779725;6152;320;7031;7078;7.59;0.46;258.23;5.57;879;54;2417.00;47
6153;54;626779737;6153;320;7031;7079;7.59;0.46;258.22;5.57;878;54;2418.00;48
6157;54;626779750;6157;323;7033;7079;7.56;0.46;258.35;5.57;876;54;2419.00;46
6161;54;626779762;6161;324;7036;7085;7.52;0.46;258.36;5.57;875;54;2420.00;49
6163;54;626779776;6163;331;7038;7086;7.51;0.46;258.39;5.57;875;54;2421.00;48
6167;54;626779789;6167;330;7038;7086;7.49;0.46;258.49;5.57;871;54;2422.00;48
6170;54;626779801;6170;330;7039;7086;7.45;0.45;258.54;5.57;869;54;2423.00;47
6176;54;626779814;6176;331;7041;7090;7.41;0.45;258.50;5.57;865;54;2424.00;49
6179;54;626779827;6179;339;7043;7090;7.33;0.44;258.57;5.58;864;54;2425.00;47
6181;54;626779839;6181;338;7043;7090;7.28;0.44;258.59;5.58;862;54;2426.00;47
6184;54;626779852;6184;329;7046;7091;7.25;0.44;258.68;5.58;862;54;2427.00;45
6188;54;626779864;6188;322;7050;7095;7.20;0.44;258.74;5.58;862;54;2428.00;45
6192;54;626779877;6192;320;7051;7095;7.22;0.44;258.94;5.58;859;54;2429.00;44
6192;54;626779892;6192;315;7054;7101;7.34;0.44;258.94;5.58;862;54;2430.00;47
6197;54;626779906;6197;316;7056;7101;7.28;0.44;259.02;5.63;859;54;2431.00;45
6199;54;626779919;6199;312;7057;7101;7.28;0.44;259.16;5.63;858;54;2432.00;44
6200;54;626779932;6200;304;7059;7101;7.28;0.44;259.21;5.64;859;54;2433.00;42
6204;54;626779944;6204;307;7061;7105;7.30;0.44;259.32;5.63;857;54;2434.00;44
6206;54;626779958;6206;308;7062;7105;7.29;0.44;259.35;5.63;856;54;2435.00;43
6207;54;626779971;6207;289;7062;7105;7.38;0.45;259.40;5.63;855;54;2436.00;43
6210;54;626779983;6210;281;7063;7105;7.44;0.45;259.48;5.63;853;54;2437.00;42
6212;54;626780001;6212;269;7064;7106;7.50;0.45;259.53;5.64;852;54;2438.00;42
6216;54;626780013;6216;257;7065;7107;7.59;0.46;259.62;5.64;849;54;2439.00;42
6218;54;626780026;6218;250;7065;7107;7.62;0.46;259.72;5.64;847;54;2440.00;42
6219;54;626780039;6219;240;7066;7108;7.69;0.47;259.71;5.64;847;54;2441.00;42
6221;54;626780051;6221;243;7066;7108;7.75;0.47;259.75;5.64;845;54;2442.00;42
6224;54;626780063;6224;234;7066;7108;7.81;0.47;259.79;5.64;842;54;2443.00;42
6226;54;626780075;6226;233;7067;7108;7.89;0.48;259.81;5.64;841;54;2444.00;41
6229;54;626780088;6229;231;7067;7108;7.94;0.48;259.85;5.64;838;54;2445.00;41
6231;54;626780101;6231;226;7068;7108;8.02;0.49;259.87;5.70;837;54;2446.00;40
6235;54;626780113;6235;221;7068;7108;8.09;0.49;259.88;5.70;833;54;2447.00;40
6236;54;626780132;6236;229;7129;7235;8.34;0.52;259.89;5.65;893;54;2448.00;106
6239;54;626780155;6239;212;7133;7236;8.44;0.52;259.85;5.65;894;54;2449.00;103
6244;54;626780168;6244;196;7140;7236;8.55;0.53;259.94;5.65;896;54;2450.00;96
6246;54;626780182;6246;194;7142;7236;8.62;0.53;259.92;5.65;896;54;2451.00;94
6247;54;626780202;6247;188;7148;7236;8.70;0.54;259.93;5.65;901;54;2452.00;88
6249;54;626780215;6249;191;7149;7236;8.70;0.54;260.00;5.65;900;54;2453.00;87
6252;54;626780227;6252;196;7155;7236;8.76;0.54;260.08;5.66;903;54;2454.00;81
6252;54;626780247;6252;194;7159;7236;8.81;0.54;260.08;5.71;907;54;2455.00;77
6258;54;626780262;6258;204;7165;7237;8.82;0.54;260.29;5.72;907;54;2456.00;72
6260;54;626780276;6260;205;7166;7238;8.81;0.54;260.29;5.72;906;54;2457.00;72
6265;54;626780289;6265;209;7170;7238;8.75;0.54;260.45;5.72;905;54;2458.00;68
6272;54;626780302;6272;215;7173;7239;8.69;0.53;260.49;5.72;901;54;2459.00;66
6274;54;626780317;6274;220;7176;7239;8.60;0.53;260.50;5.72;902;54;2460.00;63
6277;54;626780329;6277;223;7178;7239;8.59;0.52;260.61;5.73;901;54;2461.00;61
6279;54;626780341;6279;230;7183;7239;8.47;0.52;260.60;5.78;904;54;2462.00;56
6282;54;626780360;6282;236;7187;7243;8.39;0.51;260.65;5.78;905;54;2463.00;56
6283;54;626780373;6283;242;7189;7243;8.29;0.51;260.69;5.78;906;54;2464.00;54
6285;54;626780385;6285;252;7190;7243;8.23;0.50;260.71;5.78;905;54;2465.00;53
6287;54;626780397;6287;259;7193;7246;8.19;0.50;260.75;5.78;906;54;2466.00;53
6288;54;626780410;6288;267;7196;7246;8.10;0.50;260.79;5.80;908;54;2467.00;50
6293;54;626780423;6293;270;7196;7246;7.95;0.49;260.75;5.80;903;54;2468.00;50
6295;54;626780436;6295;269;7201;7250;7.85;0.48;260.79;5.80;906;54;2469.00;49
6296;54;626780447;6296;268;7202;7251;7.80;0.48;260.77;5.80;906;54;2470.00;49
6299;54;626780459;6299;274;7205;7251;7.78;0.48;260.72;5.84;906;54;2471.00;46
6302;54;626780474;6302;272;7207;7255;7.74;0.48;260.64;5.84;905;54;2472.00;48
6307;54;626780486;6307;270;7207;7255;7.68;0.47;260.60;5.84;900;54;2473.00;48
6311;54;626780497;6311;267;7207;7255;7.53;0.46;260.61;5.84;896;54;2474.00;48
6313;54;626780509;6313;267;7210;7257;7.43;0.46;260.60;5.88;897;54;2475.00;47
6313;54;626780520;6313;276;7210;7257;7.37;0.45;260.60;5.88;897;54;2476.00;47
6314;54;626780530;6314;272;7215;7263;7.38;0.45;260.57;5.92;901;54;2477.00;48
6321;54;626780542;6321;272;7216;7263;7.35;0.45;260.53;5.92;895;54;2478.00;47
6323;54;626780553;6323;264;7216;7264;7.36;0.45;260.48;5.92;893;54;2479.00;48
6324;54;626780563;6324;263;7216;7264;7.33;0.45;260.48;5.92;892;54;2480.00;48
6326;54;626780573;6326;263;7217;7264;7.22;0.44;260.49;5.96;891;54;2481.00;47
6329;54;626780584;6329;254;7218;7264;7.13;0.44;260.48;6.01;889;54;2482.00;46
6332;54;626780594;6332;248;7218;7264;7.00;0.43;260.51;6.01;886;54;2483.00;46
6335;54;626780609;6335;240;7229;7276;6.95;0.42;260.50;6.04;894;54;2484.00;47
6338;54;626780620;6338;237;7231;7276;6.89;0.42;260.49;6.06;893;54;2485.00;45
6342;54;626780631;6342;233;7233;7276;6.87;0.42;260.50;6.10;891;54;2486.00;43
6344;54;626780641;6344;239;7233;7276;6.84;0.42;260.48;6.10;889;54;2487.00;43
6348;54;626780651;6348;242;7234;7276;6.85;0.42;260.49;6.15;886;54;2488.00;42
6351;54;626780662;6351;243;7234;7276;6.90;0.42;260.44;6.15;883;54;2489.00;42
6352;54;626780673;6352;235;7238;7280;6.87;0.42;260.42;6.19;886;54;2490.00;42
6353;54;626780684;6353;239;7238;7280;6.92;0.42;260.43;6.19;885;54;2491.00;42
6353;54;626780694;6353;241;7241;7284;6.96;0.42;260.43;6.19;888;54;2492.00;43
6354;54;626780704;6354;242;7243;7285;6.96;0.42;260.39;6.23;889;54;2493.00;42
6355;54;626780715;6355;250;7244;7285;6.91;0.42;260.38;6.23;889;54;2494.00;41
6357;54;626780725;6357;250;7245;7285;6.88;0.42;260.34;6.28;888;54;2495.00;40
6358;54;626780734;6358;252;7254;7298;6.88;0.42;260.32;6.27;896;54;2496.00;44
6361;54;626780746;6361;251;7255;7298;6.90;0.42;260.30;6.28;894;54;2497.00;43
6365;54;626780756;6365;262;7255;7298;6.94;0.42;260.26;6.28;890;54;2498.00;43
6367;54;626780767;6367;253;7256;7299;6.97;0.42;260.21;6.28;889;54;2499.00;43
6368;54;626780777;6368;247;7256;7300;7.00;0.42;260.20;6.28;888;54;2500.00;44
6369;54;626780792;6369;241;7256;7300;7.08;0.43;260.17;6.28;887;54;2501.00;44
6371;54;626780803;6371;234;7259;7303;7.16;0.43;260.12;6.29;888;54;2502.00;44
6374;54;626780814;6374;229;7260;7303;7.24;0.44;260.09;6.29;886;54;2503.00;43
6374;54;626780825;6374;228;7260;7303;7.35;0.44;260.09;6.29;886;54;2504.00;43
6377;54;626780835;6377;229;7260;7303;7.43;0.45;260.09;6.29;883;54;2505.00;43
6377;54;626780846;6377;219;7264;7309;7.64;0.46;260.09;6.29;887;54;2506.00;45
6378;55;626780857;6378;214;7267;7309;7.71;0.47;260.10;6.31;889;55;2507.00;42
6379;55;626780884;6379;213;7267;7309;7.80;0.47;260.11;6.31;888;55;2508.00;42
6380;55;626780895;6380;212;7268;7309;7.84;0.47;260.13;6.32;888;55;2509.00;41
6381;55;626780911;6381;216;7271;7313;7.87;0.48;260.09;6.32;890;55;2510.00;42
6383;55;626780924;6383;218;7272;7314;7.88;0.48;260.09;6.31;889;55;2511.00;42
6384;55;626780936;6384;217;7276;7314;7.88;0.48;260.06;6.35;892;55;2512.00;38
6384;55;626780947;6384;219;7279;7315;7.86;0.47;260.06;6.36;895;55;2513.00;36
6385;55;626780958;6385;223;7280;7315;7.87;0.48;260.05;6.37;895;55;2514.00;35
6385;55;626780969;6385;224;7283;7315;7.89;0.48;260.05;6.39;898;55;2515.00;32
6386;55;626780981;6386;225;7283;7315;7.94;0.48;260.03;6.39;897;55;2516.00;32
6386;55;626780992;6386;227;7284;7315;7.98;0.48;260.03;6.40;898;55;2517.00;31
6388;55;626781008;6388;225;7286;7315;8.01;0.49;259.99;6.42;898;55;2518.00;29
6388;55;626781019;6388;227;7287;7315;8.04;0.49;259.99;6.43;899;55;2519.00;28
6389;55;626781031;6389;238;7339;7440;8.21;0.50;259.99;6.38;950;55;2520.00;101
6391;55;626781051;6391;232;7344;7441;8.22;0.50;259.95;6.39;953;55;2521.00;97
6392;55;626781063;6392;230;7354;7441;8.25;0.51;259.99;6.40;962;55;2522.00;87
6394;55;626781074;6394;236;7364;7441;8.24;0.50;259.94;6.40;970;55;2523.00;77
6396;55;626781085;6396;235;7370;7441;8.17;0.50;259.95;6.40;974;55;2524.00;71
6398;55;626781096;6398;240;7375;7441;8.10;0.50;260.01;6.40;977;55;2525.00;66
6400;55;626781107;6400;242;7384;7441;7.97;0.49;260.11;6.41;984;55;2526.00;57
6400;55;626781118;6400;245;7387;7441;7.90;0.48;260.11;6.41;987;55;2527.00;54
6404;56;626781130;6404;252;7391;7442;7.79;0.48;260.11;6.41;987;56;2528.00;51
6407;56;626781157;6407;246;7394;7443;7.72;0.47;260.13;6.42;987;56;2529.00;49
6408;56;626781168;6408;250;7396;7443;7.62;0.47;260.10;6.42;988;56;2530.00;47
6412;56;626781180;6412;257;7402;7447;7.51;0.46;260.19;6.42;990;56;2531.00;45
6414;56;626781192;6414;255;7404;7447;7.46;0.46;260.19;6.43;990;56;2532.00;43
6416;56;626781204;6416;254;7406;7447;7.45;0.46;260.27;6.43;990;56;2533.00;41
6419;56;626781216;6419;254;7409;7447;7.46;0.46;260.29;6.44;990;56;2534.00;38
6423;56;626781243;6423;256;7413;7453;7.50;0.46;260.35;6.43;990;56;2535.00;40
6425;56;626781259;6425;258;7414;7453;7.50;0.46;260.46;6.44;989;56;2536.00;39
6426;56;626781272;6426;261;7418;7455;7.51;0.46;260.48;6.44;992;56;2537.00;37
6429;56;626781285;6429;260;7421;7458;7.51;0.46;260.55;6.44;992;56;2538.00;37
6431;56;626781297;6431;271;7421;7458;7.50;0.46;260.55;6.44;990;56;2539.00;37
6434;56;626781309;6434;269;7423;7458;7.46;0.46;260.58;6.45;989;56;2540.00;35
6437;56;626781323;6437;279;7423;7459;7.44;0.45;260.59;6.45;986;56;2541.00;36
6443;56;626781338;6443;276;7424;7460;7.35;0.45;260.66;6.45;981;56;2542.00;36
6447;56;626781354;6447;283;7426;7460;7.22;0.44;260.68;6.45;979;56;2543.00;34
6450;56;626781368;6450;286;7437;7473;7.15;0.44;260.72;6.45;987;56;2544.00;36
6454;56;626781383;6454;284;7438;7473;7.08;0.43;260.77;6.45;984;56;2545.00;35
6459;56;626781395;6459;297;7439;7473;6.96;0.42;260.76;6.45;980;56;2546.00;34
6463;56;626781407;6463;295;7441;7474;6.90;0.42;260.73;6.45;978;56;2547.00;33
6469;56;626781418;6469;305;7442;7474;6.78;0.41;260.81;6.45;973;56;2548.00;32
6472;56;626781435;6472;310;7446;7478;6.75;0.41;260.75;6.45;974;56;2549.00;32
6477;56;626781466;6477;293;7451;7481;6.65;0.41;260.87;6.45;974;56;2550.00;30
6480;56;626781487;6480;285;7455;7485;6.58;0.40;260.96;6.45;975;56;2551.00;30
6481;56;626781505;6481;278;7456;7485;6.57;0.40;260.93;6.45;975;56;2552.00;29
6486;56;626781524;6486;277;7457;7485;6.56;0.40;261.06;6.45;971;56;2553.00;28
6488;56;626781541;6488;273;7457;7485;6.61;0.40;261.13;6.45;969;56;2554.00;28
6491;56;626781555;6491;269;7457;7485;6.63;0.41;261.10;6.45;966;56;2555.00;28
6497;56;626781568;6497;276;7468;7497;6.68;0.41;261.22;6.44;971;56;2556.00;29
6500;56;626781582;6500;267;7469;7497;6.78;0.42;261.28;6.44;969;56;2557.00;28
6502;56;626781595;6502;263;7470;7497;6.92;0.42;261.37;6.44;968;56;2558.00;27
6509;56;626781609;6509;262;7470;7497;6.97;0.43;261.65;6.44;961;56;2559.00;27
6511;56;626781622;6511;260;7470;7497;7.06;0.43;261.70;6.44;959;56;2560.00;27
6514;56;626781634;6514;256;7470;7497;7.18;0.44;261.78;6.44;956;56;2561.00;27
6519;56;626781648;6519;252;7471;7498;7.28;0.45;261.82;6.44;952;56;2562.00;27
6523;56;626781661;6523;248;7471;7498;7.38;0.45;261.95;6.44;948;56;2563.00;27
6528;56;626781675;6528;250;7475;7504;7.50;0.46;262.05;6.43;947;56;2564.00;29
6531;56;626781689;6531;250;7478;7506;7.58;0.46;262.06;6.43;947;56;2565.00;28
6536;56;626781703;6536;248;7478;7506;7.62;0.47;262.10;6.43;942;56;2566.00;28
6539;56;626781716;6539;248;7478;7506;7.68;0.47;262.18;6.43;939;56;2567.00;28
6544;56;626781728;6544;251;7481;7510;7.71;0.47;262.25;6.43;937;56;2568.00;29
6546;56;626781740;6546;249;7481;7510;7.75;0.48;262.26;6.43;935;56;2569.00;29
6552;56;626781757;6552;250;7481;7510;7.81;0.48;262.37;6.43;929;56;2570.00;29
6559;56;626781769;6559;246;7482;7511;7.86;0.48;262.25;6.43;923;56;2571.00;29
6564;56;626781783;6564;237;7485;7515;7.85;0.48;262.30;6.43;921;56;2572.00;30
6572;56;626781802;6572;237;7485;7515;7.84;0.48;262.32;6.43;913;56;2573.00;30
6575;56;626781816;6575;224;7487;7518;7.90;0.48;262.40;6.42;912;56;2574.00;31
6578;56;626781829;6578;225;7488;7518;7.98;0.49;262.44;6.42;910;56;2575.00;30
6582;56;626781843;6582;226;7488;7518;8.02;0.49;262.48;6.42;906;56;2576.00;30
6584;56;626781856;6584;220;7488;7518;8.03;0.49;262.52;6.42;904;56;2577.00;30
6586;56;626781868;6586;221;7491;7522;8.05;0.49;262.56;6.42;905;56;2578.00;31
6592;56;626781881;6592;221;7491;7522;7.99;0.49;262.52;6.42;899;56;2579.00;31
6595;56;626781896;6595;229;7492;7522;7.95;0.49;262.64;6.42;897;56;2580.00;30
6602;56;626781909;6602;231;7492;7522;7.90;0.48;262.66;6.42;890;56;2581.00;30
6605;56;626781922;6605;232;7492;7523;7.91;0.48;262.73;6.42;887;56;2582.00;31
6611;56;626781942;6611;233;7493;7524;7.89;0.48;262.85;6.42;882;56;2583.00;31
6619;56;626781958;6619;231;7493;7524;7.88;0.48;262.91;6.42;874;56;2584.00;31
6622;56;626781973;6622;227;7494;7525;7.94;0.49;263.07;6.42;872;56;2585.00;31
6625;56;626781986;6625;224;7494;7525;7.97;0.49;263.11;6.42;869;56;2586.00;31
6627;56;626782001;6627;235;7494;7525;7.98;0.49;263.12;6.42;867;56;2587.00;31
6631;56;626782014;6631;246;7494;7525;7.99;0.49;263.13;6.42;863;56;2588.00;31
6636;56;626782027;6636;243;7494;7525;7.99;0.49;263.18;6.42;858;56;2589.00;31
6640;56;626782039;6640;244;7494;7525;7.90;0.48;263.17;6.42;854;56;2590.00;31
6643;56;626782052;6643;249;7494;7525;7.79;0.48;263.18;6.42;851;56;2591.00;31
6645;56;626782063;6645;271;7558;7652;7.97;0.49;263.23;6.36;913;56;2592.00;94
6647;56;626782086;6647;269;7561;7653;7.89;0.49;263.21;6.36;914;56;2593.00;92
6654;56;626782098;6654;271;7570;7653;7.83;0.48;263.22;6.36;916;56;2594.00;83
6656;56;626782111;6656;283;7574;7653;7.78;0.48;263.25;6.36;918;56;2595.00;79
6660;56;626782123;6660;286;7577;7653;7.72;0.48;263.23;6.35;917;56;2596.00;76
6663;56;626782136;6663;278;7577;7653;7.73;0.48;263.30;6.35;914;56;2597.00;76
6667;56;626782148;6667;280;7583;7653;7.79;0.48;263.34;6.35;916;56;2598.00;70
6670;56;626782161;6670;279;7583;7653;7.81;0.48;263.44;6.35;913;56;2599.00;70
6672;56;626782175;6672;276;7591;7654;7.84;0.48;263.46;6.36;919;56;2600.00;63
6676;56;626782198;6676;276;7595;7655;7.83;0.48;263.49;6.36;919;56;2601.00;60
6679;56;626782218;6679;269;7601;7655;7.83;0.48;263.51;6.36;922;56;2602.00;54
6680;56;626782231;6680;269;7604;7656;7.79;0.48;263.51;6.36;924;56;2603.00;52
6684;56;626782244;6684;267;7607;7656;7.76;0.48;263.55;6.36;923;56;2604.00;49
6687;56;626782258;6687;270;7607;7656;7.77;0.48;263.52;6.36;920;56;2605.00;49
6694;56;626782271;6694;253;7609;7656;7.72;0.47;263.63;6.37;915;56;2606.00;47
6695;56;626782285;6695;251;7612;7660;7.79;0.48;263.60;6.37;917;56;2607.00;48
6698;56;626782298;6698;238;7614;7660;7.86;0.48;263.75;6.37;916;56;2608.00;46
6699;56;626782313;6699;231;7615;7660;7.88;0.48;263.71;6.37;916;56;2609.00;45
6701;56;626782330;6701;229;7619;7666;7.91;0.48;263.70;6.37;918;56;2610.00;47
6702;57;626782346;6702;229;7620;7666;8.00;0.49;263.70;6.37;918;57;2611.00;46
6704;57;626782366;6704;225;7621;7666;8.05;0.49;263.79;6.37;917;57;2612.00;45
6708;57;626782380;6708;221;7624;7670;8.03;0.49;263.83;6.36;916;57;2613.00;46
6711;57;626782394;6711;223;7626;7671;8.09;0.50;263.99;6.36;915;57;2614.00;45
6713;57;626782408;6713;222;7626;7671;8.09;0.49;263.99;6.36;913;57;2615.00;45
6717;57;626782433;6717;223;7630;7675;8.11;0.49;263.93;6.36;913;57;2616.00;45
6717;57;626782447;6717;224;7630;7675;8.14;0.50;263.93;6.36;913;57;2617.00;45
6721;57;626782460;6721;221;7631;7675;8.19;0.50;263.93;6.36;910;57;2618.00;44
6722;57;626782476;6722;223;7632;7676;8.22;0.50;263.92;6.36;910;57;2619.00;44
6728;57;626782489;6728;229;7632;7676;8.30;0.51;263.87;6.36;904;57;2620.00;44
6729;57;626782502;6729;230;7636;7682;8.34;0.51;263.87;6.36;907;57;2621.00;46
6730;57;626782515;6730;240;7637;7682;8.38;0.51;263.86;6.36;907;57;2622.00;45
6732;57;626782527;6732;238;7637;7683;8.38;0.51;263.83;6.36;905;57;2623.00;46
6733;57;626782539;6733;239;7637;7683;8.38;0.51;263.80;6.36;904;57;2624.00;46
6735;57;626782552;6735;242;7637;7683;8.33;0.51;263.76;6.36;902;57;2625.00;46
6736;57;626782563;6736;243;7637;7683;8.22;0.50;263.76;6.36;901;57;2626.00;46
6742;57;626782575;6742;252;7637;7683;8.14;0.49;263.74;6.36;895;57;2627.00;46
6744;57;626782592;6744;253;7646;7695;8.09;0.49;263.72;6.35;902;57;2628.00;49
6745;57;626782605;6745;262;7647;7695;8.07;0.49;263.72;6.35;902;57;2629.00;48
6750;57;626782616;6750;270;7648;7695;8.01;0.49;263.76;6.35;898;57;2630.00;47
6751;57;626782628;6751;271;7648;7695;7.97;0.48;263.76;6.35;897;57;2631.00;47
6752;57;626782640;6752;282;7648;7695;7.93;0.48;263.75;6.35;896;57;2632.00;47
6754;57;626782651;6754;282;7648;7695;7.81;0.48;263.73;6.35;894;57;2633.00;47
6754;57;626782662;6754;288;7651;7699;7.69;0.47;263.73;6.35;897;57;2634.00;48
6756;57;626782673;6756;290;7651;7699;7.56;0.46;263.73;6.35;895;57;2635.00;48
6759;57;626782690;6759;295;7654;7703;7.53;0.46;263.70;6.34;895;57;2636.00;49
6761;57;626782702;6761;296;7655;7704;7.51;0.46;263.68;6.34;894;57;2637.00;49
6766;57;626782713;6766;300;7656;7704;7.44;0.45;263.61;6.34;890;57;2638.00;48
6767;57;626782724;6767;305;7656;7704;7.35;0.45;263.58;6.34;889;57;2639.00;48
6769;57;626782736;6769;311;7676;7733;7.35;0.45;263.58;6.33;907;57;2640.00;57
6769;57;626782750;6769;307;7679;7733;7.29;0.44;263.58;6.32;910;57;2641.00;54
6770;57;626782760;6770;298;7681;7733;7.26;0.44;263.57;6.32;911;57;2642.00;52
6771;57;626782771;6771;298;7682;7734;7.23;0.44;263.59;6.32;911;57;2643.00;52
6773;57;626782782;6773;299;7682;7735;7.18;0.44;263.63;6.32;909;57;2644.00;53
6776;57;626782792;6776;295;7682;7735;7.11;0.43;263.65;6.32;906;57;2645.00;53
6777;57;626782802;6777;296;7686;7738;7.09;0.43;263.66;6.38;909;57;2646.00;52
6779;57;626782814;6779;293;7686;7738;7.00;0.43;263.68;6.38;907;57;2647.00;52
6780;57;626782824;6780;289;7686;7738;6.89;0.42;263.70;6.38;906;57;2648.00;52
6782;57;626782834;6782;289;7686;7738;6.76;0.41;263.71;6.38;904;57;2649.00;52
6785;57;626782845;6785;293;7690;7744;6.63;0.41;263.73;6.38;905;57;2650.00;54
6786;57;626782855;6786;279;7691;7744;6.58;0.40;263.72;6.38;905;57;2651.00;53
6789;57;626782865;6789;267;7691;7744;6.52;0.40;263.72;6.38;902;57;2652.00;53
6792;57;626782875;6792;259;7691;7744;6.51;0.40;263.70;6.38;899;57;2653.00;53
6794;57;626782886;6794;250;7695;7748;6.52;0.40;263.69;6.39;901;57;2654.00;53
6798;57;626782897;6798;238;7698;7750;6.56;0.40;263.68;6.40;900;57;2655.00;52
6802;57;626782908;6802;230;7698;7750;6.57;0.40;263.68;6.40;896;57;2656.00;52
6804;57;626782919;6804;220;7699;7751;6.65;0.41;263.66;6.40;895;57;2657.00;52
6808;57;626782929;6808;204;7699;7751;6.72;0.41;263.67;6.40;891;57;2658.00;52
6811;57;626782940;6811;200;7699;7751;6.90;0.42;263.60;6.40;888;57;2659.00;52
6812;57;626782950;6812;195;7699;7751;7.03;0.43;263.57;6.40;887;57;2660.00;52
6814;57;626782971;6814;187;7699;7751;7.15;0.43;263.60;6.40;885;57;2661.00;52
6817;57;626782981;6817;187;7699;7751;7.20;0.44;263.59;6.40;882;57;2662.00;52
6818;57;626782993;6818;183;7699;7751;7.31;0.44;263.60;6.40;881;57;2663.00;52
6820;57;626783003;6820;184;7737;7821;7.57;0.46;263.53;6.36;917;57;2664.00;84
6821;57;626783019;6821;174;7738;7822;7.59;0.46;263.52;6.36;917;57;2665.00;84
6823;57;626783031;6823;177;7744;7822;7.68;0.47;263.46;6.36;921;57;2666.00;78
6824;57;626783042;6824;177;7750;7822;7.73;0.47;263.48;6.36;926;57;2667.00;72
6826;57;626783052;6826;179;7753;7822;7.78;0.47;263.45;6.36;927;57;2668.00;69
6827;57;626783064;6827;173;7760;7822;7.86;0.48;263.42;6.36;933;57;2669.00;62
6828;57;626783082;6828;176;7762;7822;7.90;0.48;263.45;6.36;934;57;2670.00;60
6831;57;626783093;6831;176;7763;7822;7.94;0.48;263.39;6.36;932;57;2671.00;59
6831;57;626783110;6831;174;7765;7823;7.99;0.48;263.39;6.36;934;57;2672.00;58
6833;57;626783122;6833;171;7767;7824;8.08;0.49;263.38;6.35;934;57;2673.00;57
6837;57;626783134;6837;173;7767;7824;8.05;0.49;263.33;6.35;930;57;2674.00;57
6839;57;626783146;6839;173;7770;7828;7.98;0.48;263.31;6.35;931;57;2675.00;58
6842;57;626783158;6842;177;7771;7828;7.95;0.48;263.30;6.36;929;57;2676.00;57
6845;57;626783170;6845;175;7771;7828;7.95;0.48;263.34;6.36;926;57;2677.00;57
6848;57;626783181;6848;183;7771;7828;7.92;0.48;263.38;6.36;923;57;2678.00;57
6850;57;626783193;6850;186;7775;7834;7.97;0.48;263.40;6.36;925;57;2679.00;59
6852;57;626783212;6852;189;7778;7834;7.98;0.48;263.46;6.38;926;57;2680.00;56
6853;57;626783227;6853;196;7778;7834;8.00;0.48;263.46;6.38;925;57;2681.00;56
6855;57;626783239;6855;192;7781;7837;8.04;0.49;263.52;6.39;926;57;2682.00;56
6858;57;626783252;6858;195;7782;7837;8.04;0.49;263.51;6.40;924;57;2683.00;55
6861;57;626783263;6861;201;7783;7837;8.05;0.49;263.56;6.40;922;57;2684.00;54
6864;57;626783275;6864;206;7784;7838;8.09;0.49;263.66;6.41;920;57;2685.00;54
6866;57;626783287;6866;210;7786;7839;8.08;0.49;263.69;6.42;920;57;2686.00;53
6869;57;626783299;6869;219;7787;7839;8.05;0.49;263.70;6.43;918;57;2687.00;52
6871;57;626783311;6871;219;7799;7852;8.05;0.49;263.65;6.43;928;57;2688.00;53
6872;57;626783323;6872;229;7800;7852;8.03;0.49;263.66;6.44;928;57;2689.00;52
6874;57;626783336;6874;230;7801;7852;8.02;0.49;263.68;6.45;927;57;2690.00;51
6876;57;626783347;6876;228;7802;7853;8.05;0.49;263.74;6.44;926;57;2691.00;51
6878;57;626783365;6878;228;7803;7853;8.01;0.49;263.75;6.45;925;57;2692.00;50
6880;57;626783377;6880;232;7808;7857;8.04;0.49;263.79;6.47;928;57;2693.00;49
6883;57;626783390;6883;233;7809;7857;8.04;0.49;263.88;6.47;926;57;2694.00;48
6886;57;626783402;6886;231;7815;7861;7.97;0.49;263.90;6.48;929;57;2695.00;46
6887;57;626783414;6887;233;7815;7861;7.93;0.48;263.94;6.48;928;57;2696.00;46
6892;57;626783426;6892;232;7815;7861;7.87;0.48;264.06;6.48;923;57;2697.00;46
6896;57;626783443;6896;236;7816;7861;7.83;0.48;264.10;6.49;920;57;2698.00;45
6896;57;626783471;6896;241;7816;7861;7.78;0.47;264.10;6.49;920;57;2699.00;45
6898;57;626783493;6898;237;7839;7910;7.87;0.48;264.16;6.47;941;57;2700.00;71
6904;57;626783524;6904;238;7842;7910;7.83;0.48;264.40;6.48;938;57;2701.00;68
6908;57;626783542;6908;235;7844;7910;7.79;0.48;264.44;6.48;936;57;2702.00;66
6910;57;626783555;6910;232;7847;7910;7.79;0.48;264.47;6.49;937;57;2703.00;63
6915;57;626783567;6915;233;7850;7910;7.73;0.47;264.54;6.49;935;57;2704.00;60
6917;57;626783580;6917;239;7852;7910;7.73;0.47;264.63;6.49;935;57;2705.00;58
6918;57;626783593;6918;240;7855;7911;7.67;0.47;264.67;6.52;937;57;2706.00;56
6923;58;626783606;6923;246;7856;7911;7.66;0.47;264.77;6.52;933;58;2707.00;55
6925;58;626783630;6925;257;7862;7917;7.63;0.47;264.82;6.52;937;58;2708.00;55
6930;58;626783644;6930;256;7863;7918;7.63;0.46;264.83;6.52;933;58;2709.00;55
6933;58;626783658;6933;258;7864;7918;7.52;0.46;264.82;6.52;931;58;2710.00;54
6935;58;626783670;6935;263;7866;7918;7.47;0.45;264.85;6.53;931;58;2711.00;52
6939;58;626783683;6939;273;7869;7922;7.39;0.45;264.89;6.52;930;58;2712.00;53
6941;58;626783695;6941;287;7870;7922;7.31;0.45;264.93;6.53;929;58;2713.00;52
6943;58;626783708;6943;292;7873;7922;7.23;0.44;264.88;6.54;930;58;2714.00;49
6949;58;626783721;6949;293;7875;7923;7.14;0.44;264.96;6.54;926;58;2715.00;48
6953;58;626783733;6953;294;7878;7927;7.07;0.43;265.02;6.54;925;58;2716.00;49
6956;58;626783745;6956;289;7879;7927;7.02;0.43;264.99;6.54;923;58;2717.00;48
6962;58;626783756;6962;290;7881;7930;6.95;0.43;265.02;6.54;919;58;2718.00;49
6965;58;626783768;6965;291;7883;7930;6.87;0.42;265.08;6.54;918;58;2719.00;47
6970;58;626783779;6970;288;7885;7930;6.83;0.42;265.12;6.55;915;58;2720.00;45
6973;58;626783791;6973;278;7885;7930;6.83;0.42;265.21;6.55;912;58;2721.00;45
6976;58;626783802;6976;272;7889;7934;6.89;0.42;265.23;6.55;913;58;2722.00;45
6981;58;626783814;6981;269;7889;7934;6.94;0.42;265.34;6.55;908;58;2723.00;45
6985;58;626783825;6985;259;7889;7934;6.97;0.42;265.47;6.55;904;58;2724.00;45
6988;58;626783837;6988;260;7890;7934;7.02;0.43;265.52;6.55;902;58;2725.00;44
6992;58;626783848;6992;256;7894;7935;6.99;0.43;265.63;6.56;902;58;2726.00;41
6995;58;626783859;6995;243;7895;7936;7.04;0.43;265.72;6.56;900;58;2727.00;41
6998;58;626783871;6998;236;7895;7936;7.07;0.43;265.77;6.56;897;58;2728.00;41
7001;58;626783882;7001;236;7896;7937;7.14;0.43;265.85;6.56;895;58;2729.00;41
7004;58;626783895;7004;236;7896;7937;7.16;0.44;265.87;6.56;892;58;2730.00;41
7009;58;626783906;7009;235;7897;7937;7.17;0.44;265.95;6.56;888;58;2731.00;40
7014;58;626783917;7014;231;7898;7937;7.20;0.44;266.00;6.56;884;58;2732.00;39
7019;58;626783928;7019;228;7898;7937;7.26;0.44;266.01;6.56;879;58;2733.00;39
7022;58;626783941;7022;224;7900;7937;7.30;0.44;266.08;6.57;878;58;2734.00;37
7027;58;626783953;7027;221;7901;7937;7.25;0.44;266.12;6.57;874;58;2735.00;36
7030;58;626783965;7030;231;7968;8064;7.53;0.47;266.20;6.51;938;58;2736.00;96
7034;58;626783987;7034;233;7972;8065;7.59;0.47;266.23;6.51;938;58;2737.00;93
7036;58;626784000;7036;229;7978;8065;7.66;0.47;266.27;6.51;942;58;2738.00;87
7040;58;626784012;7040;229;7985;8065;7.65;0.47;266.28;6.51;945;58;2739.00;80
7042;58;626784024;7042;233;7989;8065;7.69;0.48;266.43;6.51;947;58;2740.00;76
7047;58;626784036;7047;234;7994;8065;7.64;0.47;266.52;6.51;947;58;2741.00;71
7050;58;626784053;7050;239;7997;8065;7.62;0.47;266.61;6.51;947;58;2742.00;68
7056;58;626784066;7056;241;8002;8065;7.54;0.46;266.74;6.51;946;58;2743.00;63
7060;58;626784078;7060;239;8005;8066;7.53;0.46;266.76;6.51;945;58;2744.00;61
7063;58;626784090;7063;247;8009;8068;7.58;0.47;266.84;6.51;946;58;2745.00;59
7067;58;626784102;7067;248;8011;8068;7.58;0.47;266.85;6.51;944;58;2746.00;57
7072;58;626784115;7072;249;8013;8069;7.52;0.46;266.91;6.51;941;58;2747.00;56
7075;58;626784127;7075;257;8016;8069;7.56;0.47;266.93;6.51;941;58;2748.00;53
7080;58;626784139;7080;254;8018;8069;7.56;0.47;267.11;6.52;938;58;2749.00;51
7088;58;626784151;7088;255;8020;8069;7.53;0.46;267.17;6.52;932;58;2750.00;49
7092;58;626784165;7092;255;8024;8073;7.50;0.46;267.11;6.52;932;58;2751.00;49
7097;58;626784177;7097;261;8027;8073;7.43;0.46;267.20;6.59;930;58;2752.00;46
7101;58;626784191;7101;271;8028;8073;7.42;0.46;267.24;6.59;927;58;2753.00;45
7103;58;626784209;7103;271;8031;8076;7.42;0.46;267.29;6.59;928;58;2754.00;45
7106;58;626784222;7106;284;8032;8076;7.40;0.45;267.27;6.60;926;58;2755.00;44
7110;58;626784241;7110;289;8034;8076;7.37;0.45;267.31;6.60;924;58;2756.00;42
7113;58;626784254;7113;294;8038;8080;7.34;0.45;267.29;6.59;925;58;2757.00;42
7115;58;626784266;7115;299;8039;8081;7.37;0.45;267.31;6.59;924;58;2758.00;42
7119;58;626784278;7119;314;8039;8081;7.33;0.45;267.33;6.59;920;58;2759.00;42
7122;58;626784292;7122;313;8044;8086;7.29;0.45;267.29;6.59;922;58;2760.00;42
7129;58;626784304;7129;320;8044;8086;7.24;0.45;267.27;6.59;915;58;2761.00;42
7131;58;626784316;7131;327;8044;8086;7.25;0.45;267.26;6.59;913;58;2762.00;42
7135;58;626784328;7135;333;8045;8087;7.16;0.44;267.29;6.59;910;58;2763.00;42
7138;58;626784340;7138;344;8045;8087;7.03;0.43;267.28;6.59;907;58;2764.00;42
7142;58;626784352;7142;348;8049;8093;6.90;0.42;267.42;6.59;907;58;2765.00;44
7147;58;626784365;7147;355;8050;8093;6.82;0.42;267.48;6.59;903;58;2766.00;43
7148;58;626784376;7148;348;8050;8094;6.86;0.42;267.51;6.59;902;58;2767.00;44
7151;58;626784388;7151;344;8050;8094;6.89;0.42;267.60;6.59;899;58;2768.00;44
7155;58;626784401;7155;329;8050;8094;6.85;0.42;267.63;6.59;895;58;2769.00;44
7157;58;626784415;7157;327;8050;8094;6.88;0.42;267.58;6.59;893;58;2770.00;44
7159;58;626784427;7159;332;8050;8094;6.90;0.42;267.58;6.59;891;58;2771.00;44
7162;58;626784440;7162;335;8060;8106;7.02;0.43;267.70;6.58;898;58;2772.00;46
7164;58;626784452;7164;330;8061;8106;7.10;0.43;267.72;6.58;897;58;2773.00;45
7167;58;626784464;7167;336;8061;8106;7.16;0.44;267.72;6.58;894;58;2774.00;45
7171;58;626784477;7171;331;8061;8106;7.19;0.44;267.65;6.58;890;58;2775.00;45
7173;58;626784488;7173;318;8061;8106;7.20;0.44;267.64;6.58;888;58;2776.00;45
7175;58;626784501;7175;308;8061;8106;7.24;0.44;267.62;6.58;886;58;2777.00;45
7178;58;626784512;7178;308;8064;8110;7.24;0.44;267.63;6.58;886;58;2778.00;46
7180;58;626784531;7180;296;8064;8110;7.29;0.44;267.59;6.58;884;58;2779.00;46
7184;58;626784542;7184;287;8067;8114;7.35;0.45;267.57;6.57;883;58;2780.00;47
7185;58;626784554;7185;279;8069;8115;7.45;0.45;267.54;6.57;884;58;2781.00;46
7186;58;626784566;7186;278;8069;8115;7.51;0.46;267.51;6.57;883;58;2782.00;46
7187;58;626784578;7187;278;8069;8115;7.55;0.46;267.48;6.57;882;58;2783.00;46
7189;58;626784589;7189;283;8080;8128;7.70;0.47;267.45;6.56;891;58;2784.00;48
7194;58;626784602;7194;281;8080;8128;7.68;0.47;267.40;6.56;886;58;2785.00;48
7196;58;626784614;7196;284;8080;8128;7.68;0.47;267.37;6.56;884;58;2786.00;48
7199;58;626784631;7199;284;8081;8129;7.70;0.47;267.37;6.56;882;58;2787.00;48
7201;58;626784643;7201;282;8081;8130;7.68;0.47;267.35;6.56;880;58;2788.00;49
7204;58;626784655;7204;285;8081;8130;7.66;0.46;267.31;6.56;877;58;2789.00;49
7205;58;626784669;7205;281;8084;8136;7.67;0.47;267.27;6.56;879;58;2790.00;52
7208;58;626784681;7208;280;8084;8136;7.64;0.46;267.23;6.56;876;58;2791.00;52
7210;58;626784693;7210;280;8085;8136;7.61;0.46;267.23;6.56;875;58;2792.00;51
7212;58;626784704;7212;280;8085;8136;7.51;0.45;267.19;6.56;873;58;2793.00;51
7217;58;626784715;7217;287;8089;8142;7.47;0.45;267.34;6.56;872;58;2794.00;53
7219;58;626784726;7219;290;8089;8142;7.40;0.45;267.30;6.56;870;58;2795.00;53
7219;58;626784738;7219;293;8090;8142;7.34;0.44;267.30;6.56;871;58;2796.00;52
7222;58;626784748;7222;294;8090;8142;7.23;0.44;267.29;6.56;868;58;2797.00;52
7222;58;626784759;7222;297;8094;8146;7.16;0.43;267.29;6.55;872;58;2798.00;52
7224;58;626784770;7224;303;8095;8147;7.10;0.43;267.26;6.55;871;58;2799.00;52
7224;58;626784781;7224;314;8096;8147;7.10;0.43;267.26;6.55;872;58;2800.00;51
7225;58;626784795;7225;314;8097;8148;7.04;0.43;267.24;6.55;872;58;2801.00;51
7227;58;626784805;7227;323;8097;8148;6.97;0.42;267.25;6.55;870;58;2802.00;51
7229;58;626784816;7229;310;8097;8148;6.93;0.42;267.24;6.55;868;58;2803.00;51
7230;58;626784827;7230;306;8097;8148;6.92;0.42;267.24;6.55;867;58;2804.00;51
7230;58;626784837;7230;298;8097;8148;6.90;0.42;267.24;6.55;867;58;2805.00;51
7231;58;626784848;7231;289;8097;8148;6.89;0.42;267.24;6.55;866;58;2806.00;51
7234;58;626784858;7234;287;8097;8148;6.93;0.42;267.21;6.55;863;58;2807.00;51
7234;58;626784869;7234;301;8140;8218;6.99;0.43;267.21;6.52;906;58;2808.00;78
7235;58;626784885;7235;284;8140;8219;7.03;0.43;267.20;6.52;905;58;2809.00;79
7238;58;626784901;7238;267;8146;8219;7.18;0.44;267.20;6.52;908;58;2810.00;73
7238;58;626784913;7238;260;8147;8219;7.29;0.44;267.20;6.51;909;58;2811.00;72
7238;58;626784924;7238;251;8152;8219;7.45;0.45;267.20;6.59;914;58;2812.00;67
7238;58;626784940;7238;241;8154;8219;7.60;0.46;267.20;6.59;916;58;2813.00;65
7240;58;626784951;7240;235;8158;8219;7.69;0.47;267.21;6.59;918;58;2814.00;61
7242;58;626784969;7242;239;8159;8219;7.73;0.47;267.22;6.59;917;58;2815.00;60
7242;58;626784980;7242;234;8162;8220;7.80;0.48;267.22;6.59;920;58;2816.00;58
7243;58;626784991;7243;236;8165;8221;7.83;0.48;267.31;6.59;922;58;2817.00;56
7245;58;626785002;7245;235;8166;8221;7.85;0.48;267.39;6.59;921;58;2818.00;55
7246;58;626785014;7246;232;8169;8225;7.80;0.48;267.39;6.59;923;58;2819.00;56
7248;58;626785026;7248;230;8169;8225;7.84;0.48;267.37;6.59;921;58;2820.00;56
7251;58;626785044;7251;225;8169;8225;7.80;0.48;267.41;6.59;918;58;2821.00;56
7254;58;626785055;7254;218;8169;8225;7.80;0.48;267.39;6.59;915;58;2822.00;56
7256;58;626785066;7256;212;8172;8231;7.84;0.48;267.40;6.59;916;58;2823.00;59
7260;58;626785077;7260;210;8173;8231;7.79;0.48;267.47;6.59;913;58;2824.00;58
7263;58;626785095;7263;205;8175;8231;7.79;0.48;267.49;6.61;912;58;2825.00;56
7265;58;626785107;7265;195;8177;8234;7.81;0.48;267.48;6.61;912;58;2826.00;57
7268;58;626785118;7268;192;8177;8234;7.85;0.48;267.45;6.61;909;58;2827.00;57
7273;58;626785129;7273;199;8179;8234;7.89;0.48;267.43;6.69;906;58;2828.00;55
7278;58;626785140;7278;197;8179;8235;7.94;0.49;267.40;6.69;901;58;2829.00;56
7281;58;626785151;7281;195;8181;8236;7.99;0.49;267.39;6.76;900;58;2830.00;55
7286;58;626785162;7286;188;8181;8236;8.02;0.49;267.43;6.76;895;58;2831.00;55
7288;58;626785173;7288;181;8191;8249;8.04;0.49;267.44;6.75;903;58;2832.00;58
7290;58;626785185;7290;182;8192;8249;8.10;0.49;267.43;6.81;902;58;2833.00;57
7294;58;626785196;7294;181;8192;8249;8.09;0.49;267.42;6.81;898;58;2834.00;57
7299;58;626785207;7299;177;8195;8251;8.10;0.49;267.42;6.88;896;58;2835.00;56
7304;58;626785219;7304;174;8196;8251;8.12;0.49;267.50;6.88;892;58;2836.00;55
7306;58;626785230;7306;173;8199;8255;8.19;0.50;267.50;6.87;893;58;2837.00;56
7309;58;626785242;7309;165;8201;8255;8.22;0.50;267.51;6.93;892;58;2838.00;54
7311;58;626785253;7311;170;8204;8259;8.22;0.50;267.51;6.93;893;58;2839.00;55
7315;58;626785265;7315;178;8205;8259;8.21;0.50;267.54;6.93;890;58;2840.00;54
7315;58;626785276;7315;175;8205;8259;8.26;0.50;267.54;6.93;890;58;2841.00;54
7318;58;626785288;7318;183;8206;8259;8.24;0.50;267.63;6.99;888;58;2842.00;53
7321;58;626785299;7321;183;8206;8259;8.25;0.50;267.67;6.99;885;58;2843.00;53
7322;58;626785332;7322;184;8216;8271;8.32;0.50;267.68;6.98;894;58;2844.00;55
7326;58;626785344;7326;186;8217;8271;8.25;0.50;267.68;6.98;891;58;2845.00;54
7328;58;626785356;7328;183;8217;8271;8.23;0.50;267.69;6.98;889;58;2846.00;54
7332;58;626785368;7332;185;8217;8271;8.27;0.50;267.79;6.98;885;58;2847.00;54
7337;58;626785379;7337;186;8217;8271;8.24;0.50;267.85;6.98;880;58;2848.00;54
7338;58;626785391;7338;190;8217;8271;8.30;0.50;267.84;6.98;879;58;2849.00;54
7341;58;626785403;7341;192;8221;8274;8.25;0.50;267.85;7.01;880;58;2850.00;53
7345;58;626785415;7345;191;8221;8274;8.24;0.50;267.92;7.01;876;58;2851.00;53
7349;58;626785426;7349;190;8226;8280;8.29;0.50;267.92;7.02;877;58;2852.00;54
7351;58;626785456;7351;193;8229;8281;8.33;0.51;267.93;7.03;878;58;2853.00;52
7356;58;626785475;7356;193;8230;8281;8.34;0.51;267.99;7.04;874;58;2854.00;51
7360;58;626785495;7360;193;8231;8281;8.29;0.50;268.12;7.05;871;58;2855.00;50
7361;58;626785514;7361;196;8235;8285;8.39;0.51;268.17;7.05;874;58;2856.00;50
7365;58;626785535;7365;197;8236;8285;8.37;0.51;268.28;7.07;871;58;2857.00;49
7366;58;626785557;7366;201;8237;8285;8.35;0.51;268.32;7.08;871;58;2858.00;48
7369;58;626785569;7369;202;8239;8286;8.32;0.51;268.36;7.08;870;58;2859.00;47
7371;58;626785582;7371;200;8242;8290;8.29;0.50;268.41;7.08;871;58;2860.00;48
7371;58;626785595;7371;203;8244;8290;8.31;0.51;268.41;7.10;873;58;2861.00;46
7373;58;626785608;7373;207;8246;8293;8.28;0.50;268.47;7.10;873;58;2862.00;47
7377;58;626785621;7377;209;8248;8293;8.22;0.50;268.50;7.11;871;58;2863.00;45
7380;58;626785634;7380;217;8251;8295;8.16;0.50;268.48;7.11;871;58;2864.00;44
7384;58;626785647;7384;221;8252;8295;8.14;0.49;268.52;7.12;868;58;2865.00;43
7384;58;626785659;7384;226;8257;8299;8.12;0.49;268.52;7.13;873;58;2866.00;42
7385;58;626785671;7385;230;8258;8299;8.12;0.49;268.57;7.13;873;58;2867.00;41
7387;58;626785684;7387;233;8258;8299;8.08;0.49;268.62;7.13;871;58;2868.00;41
7389;58;626785695;7389;225;8258;8299;8.02;0.49;268.65;7.13;869;58;2869.00;41
7391;58;626785715;7391;224;8262;8300;8.02;0.49;268.67;7.15;871;58;2870.00;38
7395;58;626785727;7395;220;8263;8301;8.01;0.49;268.69;7.15;868;58;2871.00;38
7399;58;626785739;7399;217;8265;8301;7.95;0.48;268.69;7.16;866;58;2872.00;36
7400;58;626785751;7400;215;8266;8302;7.93;0.48;268.71;7.16;866;58;2873.00;36
7401;58;626785763;7401;213;8267;8302;7.89;0.48;268.72;7.16;866;58;2874.00;35
7403;58;626785774;7403;211;8267;8302;7.83;0.48;268.78;7.16;864;58;2875.00;35
7406;58;626785786;7406;210;8270;8302;7.80;0.47;268.86;7.17;864;58;2876.00;32
7406;58;626785797;7406;207;8270;8302;7.83;0.48;268.86;7.17;864;58;2877.00;32
7409;58;626785808;7409;213;8270;8302;7.86;0.48;268.87;7.17;861;58;2878.00;32
7409;58;626785820;7409;217;8270;8302;7.87;0.48;268.87;7.17;861;58;2879.00;32
7414;58;626785832;7414;256;8374;8532;7.80;0.49;268.91;7.09;960;58;2880.00;158
7419;58;626785862;7419;252;8375;8533;7.67;0.48;268.94;7.09;956;58;2881.00;158
7422;58;626785874;7422;248;8385;8533;7.68;0.48;268.92;7.09;963;58;2882.00;148
7424;58;626785885;7424;249;8392;8533;7.65;0.48;269.00;7.08;968;58;2883.00;141
7428;58;626785898;7428;247;8402;8533;7.71;0.48;269.00;7.08;974;58;2884.00;131
7432;58;626785910;7432;254;8407;8533;7.75;0.48;268.99;7.08;975;58;2885.00;126
7437;58;626785922;7437;254;8414;8533;7.75;0.48;269.05;7.08;977;58;2886.00;119
7442;58;626785935;7442;258;8420;8533;7.70;0.48;269.10;7.08;978;58;2887.00;113
7445;58;626785946;7445;266;8422;8534;7.67;0.48;269.05;7.08;977;58;2888.00;112
7449;58;626785958;7449;270;8430;8535;7.61;0.47;269.03;7.08;981;58;2889.00;105
7455;58;626785972;7455;260;8435;8535;7.46;0.47;269.05;7.08;980;58;2890.00;100
7457;58;626785984;7457;260;8440;8536;7.35;0.46;269.03;7.08;983;58;2891.00;96
7462;58;626785997;7462;263;8448;8536;7.15;0.45;269.08;7.09;986;58;2892.00;88
7465;58;626786009;7465;271;8450;8536;7.07;0.44;269.08;7.09;985;58;2893.00;86
7468;58;626786029;7468;277;8454;8536;6.93;0.43;269.11;7.09;986;58;2894.00;82
7473;58;626786042;7473;288;8460;8540;6.80;0.42;269.17;7.09;987;58;2895.00;80
7478;58;626786056;7478;295;8461;8540;6.74;0.42;269.33;7.10;983;58;2896.00;79
7482;58;626786068;7482;294;8465;8540;6.68;0.41;269.35;7.10;983;58;2897.00;75
7486;58;626786081;7486;286;8467;8543;6.69;0.41;269.39;7.10;981;58;2898.00;76
7489;58;626786094;7489;285;8468;8543;6.72;0.41;269.46;7.10;979;58;2899.00;75
7492;58;626786107;7492;278;8469;8543;6.75;0.42;269.48;7.10;977;58;2900.00;74
7495;58;626786124;7495;281;8474;8547;6.81;0.42;269.52;7.10;979;58;2901.00;73
7500;58;626786138;7500;271;8477;8548;6.84;0.42;269.59;7.11;977;58;2902.00;71
7503;58;626786152;7503;273;8480;8548;6.86;0.42;269.67;7.11;977;58;2903.00;68
7509;58;626786164;7509;276;8486;8552;6.88;0.42;269.68;7.12;977;58;2904.00;66
7513;58;626786178;7513;273;8487;8552;6.92;0.43;269.73;7.12;974;58;2905.00;65
7518;58;626786210;7518;279;8489;8552;6.95;0.43;269.77;7.12;971;58;2906.00;63
7521;58;626786230;7521;282;8493;8553;6.94;0.43;269.85;7.13;972;58;2907.00;60
7525;58;626786243;7525;288;8497;8553;6.94;0.43;269.88;7.14;972;58;2908.00;56
7530;58;626786256;7530;288;8501;8559;6.89;0.42;269.96;7.13;971;58;2909.00;58
7532;58;626786280;7532;289;8504;8559;6.85;0.42;270.04;7.14;972;58;2910.00;55
7537;58;626786302;7537;298;8504;8560;6.78;0.42;270.12;7.14;967;58;2911.00;56
7541;58;626786325;7541;304;8505;8560;6.71;0.41;270.11;7.14;964;58;2912.00;55
7547;58;626786345;7547;309;8506;8560;6.59;0.40;270.15;7.15;959;58;2913.00;54
7550;58;626786365;7550;323;8506;8560;6.55;0.40;270.22;7.15;956;58;2914.00;54
7551;58;626786378;7551;322;8507;8560;6.52;0.40;270.23;7.15;956;58;2915.00;53
7554;58;626786390;7554;330;8519;8572;6.54;0.40;270.25;7.14;965;58;2916.00;53
7560;58;626786403;7560;333;8520;8572;6.47;0.40;270.26;7.14;960;58;2917.00;52
7565;58;626786418;7565;334;8521;8572;6.37;0.39;270.22;7.14;956;58;2918.00;51
7569;58;626786436;7569;341;8522;8572;6.28;0.39;270.22;7.14;953;58;2919.00;50
7573;58;626786450;7573;348;8523;8572;6.20;0.38;270.32;7.21;950;58;2920.00;49
7575;58;626786462;7575;350;8523;8572;6.18;0.38;270.28;7.21;948;58;2921.00;49
7576;58;626786476;7576;358;8526;8576;6.23;0.38;270.29;7.20;950;58;2922.00;50
7578;58;626786488;7578;368;8526;8576;6.29;0.39;270.38;7.20;948;58;2923.00;50
7581;58;626786499;7581;366;8529;8580;6.34;0.39;270.44;7.20;948;58;2924.00;51
7582;58;626786511;7582;370;8532;8582;6.42;0.40;270.45;7.20;950;58;2925.00;50
7583;58;626786523;7583;377;8532;8582;6.42;0.40;270.43;7.20;949;58;2926.00;50
7586;58;626786535;7586;381;8532;8582;6.43;0.40;270.48;7.20;946;58;2927.00;50
7590;58;626786546;7590;379;8543;8595;6.48;0.40;270.48;7.19;953;58;2928.00;52
7593;58;626786559;7593;379;8543;8595;6.47;0.40;270.45;7.19;950;58;2929.00;52
7594;58;626786570;7594;384;8543;8595;6.48;0.40;270.43;7.19;949;58;2930.00;52
7597;58;626786581;7597;390;8544;8596;6.53;0.40;270.38;7.19;947;58;2931.00;52
7602;58;626786592;7602;393;8544;8597;6.48;0.40;270.29;7.19;942;58;2932.00;53
7606;58;626786604;7606;397;8545;8597;6.46;0.40;270.25;7.25;939;58;2933.00;52
7611;58;626786616;7611;403;8547;8600;6.39;0.39;270.18;7.25;936;58;2934.00;53
7615;58;626786628;7615;414;8548;8600;6.34;0.39;270.13;7.25;933;58;2935.00;52
7617;58;626786639;7617;423;8548;8600;6.31;0.39;270.13;7.25;931;58;2936.00;52
7621;58;626786650;7621;413;8548;8600;6.30;0.39;270.05;7.25;927;58;2937.00;52
7623;58;626786662;7623;407;8552;8606;6.32;0.39;270.04;7.25;929;58;2938.00;54
7628;58;626786682;7628;400;8552;8606;6.33;0.39;270.01;7.25;924;58;2939.00;54
7631;58;626786695;7631;392;8553;8606;6.36;0.39;269.95;7.25;922;58;2940.00;53
7634;58;626786706;7634;396;8554;8606;6.35;0.39;269.88;7.31;920;58;2941.00;52
7635;58;626786718;7635;393;8557;8610;6.42;0.39;269.87;7.31;922;58;2942.00;53
7636;58;626786734;7636;397;8558;8611;6.42;0.39;269.87;7.31;922;58;2943.00;53
7636;58;626786746;7636;391;8559;8611;6.40;0.39;269.87;7.36;923;58;2944.00;52
7639;58;626786758;7639;397;8560;8612;6.37;0.39;269.83;7.36;921;58;2945.00;52
7641;58;626786775;7641;383;8560;8612;6.36;0.39;269.81;7.36;919;58;2946.00;52
7642;58;626786787;7642;375;8561;8612;6.42;0.39;269.78;7.42;919;58;2947.00;51
7642;58;626786798;7642;359;8561;8612;6.46;0.40;269.78;7.42;919;58;2948.00;51
7643;58;626786810;7643;357;8561;8612;6.56;0.40;269.76;7.42;918;58;2949.00;51
7643;58;626786822;7643;351;8562;8612;6.68;0.41;269.76;7.47;919;58;2950.00;50
7647;58;626786833;7647;341;8562;8612;6.77;0.41;269.73;7.47;915;58;2951.00;50
7649;58;626786845;7649;338;8598;8682;7.04;0.43;269.76;7.49;949;58;2952.00;84
7650;58;626786863;7650;330;8598;8683;7.12;0.44;269.76;7.49;948;58;2953.00;85
7651;58;626786876;7651;323;8606;8683;7.31;0.45;269.75;7.48;955;58;2954.00;77
7653;58;626786888;7653;312;8611;8683;7.46;0.46;269.75;7.53;958;58;2955.00;72
7653;58;626786901;7653;307;8616;8683;7.62;0.47;269.75;7.53;963;58;2956.00;67
7654;58;626786914;7654;303;8619;8683;7.73;0.47;269.74;7.53;965;58;2957.00;64
7655;58;626786927;7655;299;8621;8683;7.81;0.48;269.74;7.58;966;58;2958.00;62
7659;58;626786940;7659;295;8622;8683;7.87;0.48;269.79;7.58;963;58;2959.00;61
7660;58;626786954;7660;279;8624;8684;7.95;0.48;269.82;7.58;964;58;2960.00;60
7660;58;626786967;7660;279;8625;8685;8.03;0.49;269.82;7.58;965;58;2961.00;60
7662;58;626786981;7662;275;8626;8685;8.12;0.49;269.79;7.58;964;58;2962.00;59
7662;58;626786994;7662;269;8629;8689;8.18;0.50;269.79;7.57;967;58;2963.00;60
7663;58;626787013;7663;269;8629;8689;8.17;0.50;269.79;7.57;966;58;2964.00;60
7666;58;626787026;7666;271;8630;8689;8.15;0.49;269.80;7.62;964;58;2965.00;59
7667;58;626787039;7667;265;8630;8689;8.12;0.49;269.78;7.62;963;58;2966.00;59
7671;58;626787052;7671;267;8633;8695;8.09;0.49;269.86;7.62;962;58;2967.00;62
7671;58;626787065;7671;264;8633;8695;8.10;0.49;269.86;7.62;962;58;2968.00;62
7672;58;626787078;7672;265;8635;8695;8.05;0.49;269.83;7.67;963;58;2969.00;60
7672;58;626787093;7672;267;8638;8701;8.05;0.49;269.83;7.67;966;58;2970.00;63
7672;58;626787106;7672;272;8639;8701;8.03;0.49;269.83;7.67;967;58;2971.00;62
7674;58;626787119;7674;278;8639;8701;7.97;0.48;269.81;7.67;965;58;2972.00;62
7674;58;626787132;7674;273;8640;8702;7.92;0.48;269.81;7.67;966;58;2973.00;62
7675;58;626787144;7675;278;8641;8703;7.92;0.48;269.80;7.67;966;58;2974.00;62
7677;58;626787157;7677;282;8642;8703;7.86;0.48;269.78;7.67;965;58;2975.00;61
7682;58;626787169;7682;282;8650;8716;7.91;0.48;269.84;7.66;968;58;2976.00;66
7687;58;626787183;7687;288;8651;8716;7.91;0.48;269.83;7.66;964;58;2977.00;65
7687;58;626787196;7687;293;8651;8716;7.96;0.48;269.83;7.66;964;58;2978.00;65
7688;58;626787209;7688;295;8653;8717;7.96;0.48;269.87;7.71;965;58;2979.00;64
7689;58;626787221;7689;294;8653;8717;8.00;0.49;269.91;7.71;964;58;2980.00;64
7691;58;626787234;7691;287;8655;8721;8.10;0.49;269.89;7.71;964;58;2981.00;66
7694;58;626787247;7694;288;8655;8721;8.13;0.50;269.95;7.71;961;58;2982.00;66
7697;58;626787260;7697;284;8659;8725;8.16;0.50;269.96;7.71;962;58;2983.00;66
7702;58;626787273;7702;290;8660;8725;8.13;0.49;269.96;7.76;958;58;2984.00;65
7704;58;626787291;7704;285;8660;8725;8.09;0.49;269.95;7.76;956;58;2985.00;65
7707;58;626787304;7707;282;8660;8725;8.08;0.49;269.97;7.76;953;58;2986.00;65
7709;58;626787317;7709;277;8660;8725;8.01;0.49;269.97;7.76;951;58;2987.00;65
7714;58;626787329;7714;277;8670;8737;8.00;0.49;269.95;7.75;956;58;2988.00;67
7717;58;626787343;7717;279;8672;8737;7.90;0.48;270.06;7.81;955;58;2989.00;65
7719;58;626787355;7719;272;8673;8737;7.86;0.48;270.07;7.81;954;58;2990.00;64
7723;58;626787367;7723;266;8674;8737;7.78;0.47;270.06;7.86;951;58;2991.00;63
7727;58;626787378;7727;267;8674;8737;7.70;0.47;270.06;7.86;947;58;2992.00;63
7730;58;626787390;7730;261;8675;8737;7.65;0.47;270.09;7.86;945;58;2993.00;62
7733;58;626787402;7733;256;8677;8738;7.69;0.47;270.14;7.87;944;58;2994.00;61
7738;58;626787414;7738;247;8679;8738;7.68;0.47;270.18;7.89;941;58;2995.00;59
7744;59;626787427;7744;241;8683;8744;7.66;0.46;270.21;7.94;939;59;2996.00;61
7748;59;626787459;7748;235;8685;8745;7.74;0.47;270.29;7.94;937;59;2997.00;60
7753;59;626787484;7753;232;8686;8745;7.75;0.47;270.31;8.00;933;59;2998.00;59
7756;59;626787503;7756;224;8686;8745;7.79;0.47;270.29;8.00;930;59;2999.00;59
7761;59;626787524;7761;220;8690;8765;7.81;0.47;270.32;7.99;929;59;3000.00;75
7762;59;626787548;7762;215;8691;8765;7.88;0.48;270.34;8.05;929;59;3001.00;74
7765;59;626787562;7765;210;8692;8765;7.95;0.48;270.28;8.05;927;59;3002.00;73
7769;59;626787576;7769;206;8693;8766;8.01;0.49;270.25;8.05;924;59;3003.00;73
7771;59;626787590;7771;206;8697;8770;8.10;0.49;270.28;8.09;926;59;3004.00;73
7773;59;626787606;7773;205;8697;8770;8.20;0.50;270.24;8.09;924;59;3005.00;73
7777;59;626787620;7777;198;8700;8773;8.36;0.50;270.24;8.09;923;59;3006.00;73
7782;59;626787633;7782;200;8704;8773;8.42;0.51;270.35;8.10;922;59;3007.00;69
7784;59;626787648;7784;197;8704;8773;8.54;0.51;270.46;8.10;920;59;3008.00;69
7786;59;626787661;7786;202;8705;8773;8.61;0.52;270.55;8.11;919;59;3009.00;68
7787;59;626787674;7787;202;8707;8777;8.71;0.53;270.58;8.11;920;59;3010.00;70
7788;59;626787687;7788;205;8710;8777;8.76;0.53;270.59;8.11;922;59;3011.00;67
7792;59;626787700;7792;201;8712;8777;8.74;0.53;270.64;8.11;920;59;3012.00;65
7795;59;626787714;7795;198;8714;8777;8.81;0.53;270.67;8.12;919;59;3013.00;63
7797;59;626787728;7797;199;8716;8778;8.85;0.53;270.80;8.12;919;59;3014.00;62
7799;59;626787742;7799;199;8719;8780;8.89;0.54;270.83;8.12;920;59;3015.00;61
7803;59;626787759;7803;199;8720;8780;8.89;0.54;270.85;8.12;917;59;3016.00;60
7805;59;626787773;7805;201;8721;8781;8.88;0.54;270.87;8.12;916;59;3017.00;60
7807;59;626787793;7807;206;8722;8781;8.88;0.54;270.85;8.12;915;59;3018.00;59
7811;59;626787809;7811;214;8722;8781;8.90;0.54;270.87;8.12;911;59;3019.00;59
7812;59;626787823;7812;214;8724;8781;8.92;0.54;270.91;8.13;912;59;3020.00;57
7815;59;626787836;7815;215;8725;8781;8.92;0.54;270.95;8.14;910;59;3021.00;56
7818;59;626787851;7818;212;8725;8781;8.95;0.54;270.96;8.14;907;59;3022.00;56
7819;59;626787864;7819;216;8727;8781;8.95;0.54;270.98;8.17;908;59;3023.00;54
7822;59;626787877;7822;242;8788;8908;8.86;0.54;271.00;8.11;966;59;3024.00;120
7823;59;626787901;7823;227;8794;8909;8.85;0.54;271.02;8.13;971;59;3025.00;115
7826;59;626787916;7826;222;8798;8909;8.86;0.54;271.04;8.13;972;59;3026.00;111
7827;59;626787929;7827;218;8805;8909;8.92;0.55;271.06;8.13;978;59;3027.00;104
7829;59;626787943;7829;219;8811;8909;8.95;0.55;271.12;8.15;982;59;3028.00;98
7831;59;626787956;7831;223;8817;8909;8.97;0.55;271.14;8.15;986;59;3029.00;92
7836;59;626787973;7836;224;8822;8909;8.98;0.55;271.15;8.17;986;59;3030.00;87
7839;60;626787987;7839;226;8825;8909;8.99;0.55;271.21;8.17;986;60;3031.00;84
7844;60;626788012;7844;226;8829;8910;8.99;0.55;271.20;8.18;985;60;3032.00;81
7846;60;626788027;7846;226;8833;8911;9.00;0.55;271.23;8.20;987;60;3033.00;78
7847;60;626788045;7847;234;8836;8911;8.98;0.55;271.25;8.20;989;60;3034.00;75
7848;60;626788059;7848;245;8840;8912;8.93;0.55;271.23;8.21;992;60;3035.00;72
7850;60;626788073;7850;252;8846;8912;8.89;0.55;271.23;8.22;996;60;3036.00;66
7854;60;626788086;7854;255;8848;8912;8.81;0.54;271.38;8.23;994;60;3037.00;64
7857;60;626788101;7857;260;8853;8912;8.70;0.54;271.38;8.23;996;60;3038.00;59
7860;60;626788116;7860;267;8857;8916;8.57;0.53;271.41;8.24;997;60;3039.00;59
7863;60;626788130;7863;277;8859;8916;8.51;0.52;271.40;8.24;996;60;3040.00;57
7867;60;626788144;7867;279;8862;8916;8.45;0.52;271.43;8.25;995;60;3041.00;54
7870;60;626788159;7870;276;8866;8919;8.37;0.51;271.47;8.25;996;60;3042.00;53
7870;60;626788173;7870;282;8870;8919;8.29;0.51;271.47;8.26;1000;60;3043.00;49
7874;60;626788186;7874;290;8872;8919;8.21;0.50;271.52;8.26;998;60;3044.00;47
7878;60;626788199;7878;301;8877;8923;8.05;0.49;271.49;8.27;999;60;3045.00;46
7880;60;626788213;7880;299;8879;8924;7.99;0.49;271.48;8.27;999;60;3046.00;45
7885;60;626788226;7885;305;8880;8924;7.86;0.48;271.54;8.27;995;60;3047.00;44
7885;60;626788239;7885;313;8883;8928;7.86;0.48;271.54;8.26;998;60;3048.00;45
7888;60;626788252;7888;312;8885;8928;7.78;0.48;271.58;8.27;997;60;3049.00;43
7893;60;626788265;7893;312;8885;8928;7.76;0.48;271.57;8.27;992;60;3050.00;43
7894;60;626788278;7894;309;8889;8929;7.74;0.47;271.56;8.28;995;60;3051.00;40
7902;60;626788291;7902;314;8889;8929;7.65;0.47;271.61;8.28;987;60;3052.00;40
7905;60;626788303;7905;312;8893;8935;7.55;0.46;271.65;8.28;988;60;3053.00;42
7909;60;626788316;7909;316;8896;8935;7.37;0.45;271.60;8.28;987;60;3054.00;39
7912;60;626788336;7912;322;8897;8936;7.26;0.44;271.62;8.28;985;60;3055.00;39
7916;60;626788350;7916;325;8898;8936;7.12;0.44;271.64;8.28;982;60;3056.00;38
7921;60;626788362;7921;336;8899;8936;6.95;0.43;271.66;8.28;978;60;3057.00;37
7925;60;626788374;7925;339;8899;8936;6.76;0.41;271.68;8.28;974;60;3058.00;37
7928;60;626788386;7928;346;8901;8936;6.57;0.40;271.63;8.29;973;60;3059.00;35
7932;60;626788399;7932;350;8924;8972;6.55;0.40;271.73;8.27;992;60;3060.00;48
7939;60;626788414;7939;339;8926;8972;6.48;0.40;271.84;8.27;987;60;3061.00;46
7939;60;626788426;7939;341;8929;8972;6.51;0.40;271.84;8.27;990;60;3062.00;43
7945;60;626788440;7945;338;8932;8972;6.40;0.39;271.89;8.27;987;60;3063.00;40
7949;60;626788451;7949;332;8933;8972;6.37;0.39;271.94;8.27;984;60;3064.00;39
7952;60;626788462;7952;330;8935;8972;6.29;0.39;271.98;8.27;983;60;3065.00;37
7957;60;626788474;7957;334;8938;8976;6.23;0.38;272.18;8.27;981;60;3066.00;38
7961;60;626788486;7961;334;8940;8976;6.27;0.39;272.22;8.27;979;60;3067.00;36
7966;60;626788497;7966;334;8942;8980;6.32;0.39;272.18;8.27;976;60;3068.00;38
7969;60;626788509;7969;340;8944;8981;6.32;0.39;272.22;8.27;975;60;3069.00;37
7973;60;626788520;7973;338;8946;8981;6.29;0.39;272.26;8.27;973;60;3070.00;35
7974;60;626788530;7974;343;8946;8981;6.26;0.38;272.31;8.27;972;60;3071.00;35
7979;61;626788542;7979;334;8957;8994;6.21;0.38;272.37;8.26;978;61;3072.00;37
7982;61;626788564;7982;337;8957;8994;6.17;0.38;272.40;8.26;975;61;3073.00;37
7984;61;626788575;7984;340;8957;8994;6.16;0.38;272.37;8.26;973;61;3074.00;37
7988;61;626788585;7988;347;8958;8995;6.11;0.38;272.38;8.26;970;61;3075.00;37
7995;61;626788597;7995;345;8958;8996;6.06;0.37;272.42;8.26;963;61;3076.00;38
7996;61;626788608;7996;342;8958;8996;6.05;0.37;272.39;8.26;962;61;3077.00;38
7999;61;626788618;7999;345;8960;8999;6.07;0.37;272.47;8.26;961;61;3078.00;39
8004;61;626788629;8004;343;8961;8999;6.05;0.37;272.52;8.26;957;61;3079.00;38
8007;61;626788640;8007;346;8961;8999;6.00;0.37;272.57;8.26;954;61;3080.00;38
8011;61;626788650;8011;344;8961;8999;5.97;0.37;272.61;8.26;950;61;3081.00;38
8015;61;626788661;8015;345;8965;9005;5.95;0.36;272.63;8.25;950;61;3082.00;40
8020;61;626788672;8020;351;8965;9005;5.89;0.36;272.65;8.25;945;61;3083.00;40
8024;61;626788683;8024;352;8966;9005;5.87;0.36;272.70;8.25;942;61;3084.00;39
8029;61;626788694;8029;356;8966;9005;5.82;0.36;272.69;8.25;937;61;3085.00;39
8034;61;626788705;8034;360;8969;9009;5.84;0.36;272.65;8.25;935;61;3086.00;40
8035;61;626788717;8035;364;8970;9010;5.87;0.36;272.62;8.25;935;61;3087.00;40
8042;61;626788727;8042;365;8970;9010;5.82;0.36;272.62;8.25;928;61;3088.00;40
8049;61;626788738;8049;369;8971;9011;5.76;0.35;272.75;8.25;922;61;3089.00;40
8053;61;626788750;8053;372;8971;9011;5.71;0.35;272.75;8.25;918;61;3090.00;40
8056;61;626788761;8056;377;8971;9011;5.70;0.35;272.73;8.25;915;61;3091.00;40
8060;61;626788771;8060;380;8971;9011;5.64;0.34;272.76;8.25;911;61;3092.00;40
8065;61;626788782;8065;382;8971;9011;5.58;0.34;272.79;8.25;906;61;3093.00;40
8067;61;626788793;8067;389;8971;9011;5.53;0.34;272.77;8.25;904;61;3094.00;40
8070;61;626788803;8070;391;8971;9011;5.47;0.33;272.73;8.25;901;61;3095.00;40
8071;61;626788814;8071;399;9011;9081;5.81;0.36;272.72;8.21;940;61;3096.00;70
8073;61;626788830;8073;399;9011;9082;5.83;0.36;272.69;8.21;938;61;3097.00;71
8075;61;626788842;8075;398;9018;9082;5.93;0.36;272.67;8.21;943;61;3098.00;64
8076;61;626788852;8076;395;9021;9082;5.95;0.37;272.68;8.20;945;61;3099.00;61
8080;61;626788864;8080;395;9025;9082;5.99;0.37;272.67;8.20;945;61;3100.00;57
8083;61;626788880;8083;400;9030;9082;6.05;0.37;272.65;8.20;947;61;3101.00;52
8084;61;626788891;8084;404;9035;9082;6.11;0.37;272.65;8.26;951;61;3102.00;47
8084;61;626788902;8084;410;9036;9082;6.09;0.37;272.65;8.26;952;61;3103.00;46
8088;61;626788913;8088;412;9038;9083;6.05;0.37;272.64;8.25;950;61;3104.00;45
8089;61;626788924;8089;417;9040;9085;6.08;0.37;272.68;8.25;951;61;3105.00;45
8090;61;626788935;8090;422;9041;9085;6.05;0.37;272.67;8.25;951;61;3106.00;44
8094;61;626788946;8094;401;9044;9089;6.07;0.37;272.63;8.25;950;61;3107.00;45
8094;61;626788958;8094;384;9044;9089;6.16;0.38;272.63;8.25;950;61;3108.00;45
8095;61;626788970;8095;374;9044;9089;6.27;0.38;272.64;8.25;949;61;3109.00;45
8097;61;626788982;8097;366;9044;9089;6.38;0.39;272.63;8.25;947;61;3110.00;45
8097;61;626788993;8097;359;9048;9095;6.50;0.40;272.63;8.25;951;61;3111.00;47
8099;62;626789006;8099;354;9048;9095;6.57;0.40;272.70;8.25;949;62;3112.00;47
8101;62;626789024;8101;354;9049;9095;6.72;0.41;272.69;8.25;948;62;3113.00;46
8103;62;626789047;8103;351;9051;9098;6.91;0.42;272.69;8.24;948;62;3114.00;47
8104;62;626789059;8104;345;9052;9098;7.07;0.43;272.69;8.24;948;62;3115.00;46
8107;62;626789072;8107;322;9052;9098;7.23;0.44;272.71;8.24;945;62;3116.00;46
8110;62;626789084;8110;303;9052;9099;7.36;0.45;272.65;8.24;942;62;3117.00;47
8113;62;626789098;8113;287;9053;9100;7.58;0.46;272.68;8.24;940;62;3118.00;47
8115;62;626789111;8115;280;9053;9100;7.72;0.47;272.64;8.24;938;62;3119.00;47
8119;62;626789130;8119;277;9073;9126;7.92;0.49;272.64;8.22;954;62;3120.00;53
8120;62;626789145;8120;269;9073;9126;8.00;0.49;272.61;8.22;953;62;3121.00;53
8123;62;626789159;8123;254;9074;9126;8.10;0.50;272.61;8.22;951;62;3122.00;52
8127;62;626789178;8127;258;9076;9127;8.20;0.50;272.59;8.22;949;62;3123.00;51
8130;62;626789192;8130;252;9076;9127;8.30;0.51;272.58;8.22;946;62;3124.00;51
8131;62;626789205;8131;248;9079;9131;8.41;0.51;272.57;8.22;948;62;3125.00;52
8133;62;626789219;8133;250;9079;9131;8.44;0.51;272.57;8.22;946;62;3126.00;52
8136;62;626789232;8136;243;9083;9135;8.47;0.52;272.60;8.22;947;62;3127.00;52
8139;62;626789246;8139;242;9083;9135;8.47;0.52;272.63;8.22;944;62;3128.00;52
8142;62;626789259;8142;239;9083;9135;8.48;0.52;272.62;8.22;941;62;3129.00;52
8143;62;626789272;8143;242;9083;9135;8.55;0.52;272.65;8.22;940;62;3130.00;52
8145;62;626789285;8145;237;9083;9135;8.57;0.52;272.63;8.22;938;62;3131.00;52
8148;62;626789298;8148;236;9093;9147;8.68;0.53;272.66;8.21;945;62;3132.00;54
8150;62;626789313;8150;245;9093;9147;8.69;0.53;272.67;8.21;943;62;3133.00;54
8155;62;626789327;8155;247;9094;9147;8.66;0.53;272.72;8.21;939;62;3134.00;53
8159;62;626789341;8159;246;9094;9147;8.64;0.53;272.73;8.21;935;62;3135.00;53
8162;62;626789354;8162;248;9094;9147;8.63;0.52;272.82;8.21;932;62;3136.00;53
8166;62;626789367;8166;250;9094;9147;8.61;0.52;272.90;8.21;928;62;3137.00;53
8169;62;626789379;8169;254;9094;9148;8.59;0.52;272.96;8.21;925;62;3138.00;54
8172;62;626789392;8172;258;9094;9148;8.57;0.52;272.94;8.21;922;62;3139.00;54
8175;62;626789405;8175;262;9098;9154;8.55;0.52;272.99;8.20;923;62;3140.00;56
8179;62;626789419;8179;263;9099;9155;8.52;0.52;273.01;8.20;920;62;3141.00;56
8180;62;626789432;8180;262;9100;9155;8.50;0.52;273.05;8.20;920;62;3142.00;55
8184;62;626789451;8184;272;9100;9155;8.44;0.51;273.14;8.20;916;62;3143.00;55
8186;62;626789472;8186;274;9103;9159;8.38;0.51;273.14;8.20;917;62;3144.00;56
8190;62;626789490;8190;275;9103;9159;8.34;0.51;273.16;8.20;913;62;3145.00;56
8193;62;626789508;8193;280;9103;9159;8.26;0.50;273.15;8.20;910;62;3146.00;56
8196;62;626789526;8196;285;9104;9160;8.25;0.50;273.21;8.20;908;62;3147.00;56
8199;62;626789544;8199;281;9107;9164;8.12;0.49;273.30;8.20;908;62;3148.00;57
8200;62;626789560;8200;284;9107;9164;8.13;0.49;273.31;8.20;907;62;3149.00;57
8204;62;626789576;8204;279;9110;9170;8.14;0.49;273.47;8.19;906;62;3150.00;60
8207;62;626789590;8207;276;9110;9170;8.16;0.49;273.48;8.19;903;62;3151.00;60
8208;62;626789604;8208;274;9111;9170;8.19;0.50;273.52;8.19;903;62;3152.00;59
8211;62;626789617;8211;270;9111;9170;8.18;0.50;273.54;8.19;900;62;3153.00;59
8215;62;626789631;8215;269;9114;9174;8.18;0.50;273.58;8.19;899;62;3154.00;60
8218;62;626789644;8218;274;9114;9174;8.15;0.49;273.64;8.19;896;62;3155.00;60
8222;62;626789657;8222;274;9115;9174;8.14;0.49;273.65;8.19;893;62;3156.00;59
8225;62;626789670;8225;263;9115;9174;8.13;0.49;273.70;8.19;890;62;3157.00;59
8228;62;626789683;8228;268;9116;9175;8.16;0.50;273.74;8.19;888;62;3158.00;59
8231;62;626789694;8231;264;9117;9176;8.08;0.49;273.87;8.19;886;62;3159.00;59
8238;62;626789706;8238;266;9118;9176;8.05;0.49;273.99;8.19;880;62;3160.00;58
8243;62;626789720;8243;261;9119;9177;7.97;0.48;273.99;8.19;876;62;3161.00;58
8247;62;626789732;8247;253;9119;9177;7.95;0.48;273.97;8.19;872;62;3162.00;58
8252;62;626789744;8252;250;9119;9177;7.96;0.48;273.92;8.19;867;62;3163.00;58
8254;63;626789756;8254;249;9120;9177;7.98;0.48;273.96;8.20;866;63;3164.00;57
8257;63;626789780;8257;238;9120;9177;7.99;0.48;273.93;8.20;863;63;3165.00;57
8261;63;626789792;8261;228;9121;9177;7.96;0.48;274.05;8.21;860;63;3166.00;56
8264;63;626789804;8264;218;9121;9177;7.92;0.48;274.05;8.21;857;63;3167.00;56
8267;63;626789816;8267;234;9189;9304;7.86;0.48;274.02;8.15;922;63;3168.00;115
8270;63;626789838;8270;215;9190;9305;7.87;0.48;274.08;8.15;920;63;3169.00;115
8273;63;626789852;8273;204;9197;9305;7.94;0.48;274.17;8.15;924;63;3170.00;108
8276;63;626789864;8276;199;9200;9305;7.99;0.49;274.15;8.14;924;63;3171.00;105
8279;63;626789878;8279;195;9206;9305;8.11;0.49;274.13;8.14;927;63;3172.00;99
8279;63;626789891;8279;192;9209;9305;8.18;0.50;274.13;8.14;930;63;3173.00;96
8283;63;626789903;8283;195;9216;9305;8.23;0.50;274.20;8.14;933;63;3174.00;89
8286;63;626789915;8286;192;9218;9305;8.29;0.51;274.25;8.14;932;63;3175.00;87
8286;63;626789934;8286;191;9221;9306;8.45;0.51;274.25;8.14;935;63;3176.00;85
8290;63;626789947;8290;185;9222;9307;8.58;0.52;274.29;8.14;932;63;3177.00;85
8293;63;626789961;8293;186;9227;9307;8.66;0.53;274.40;8.14;934;63;3178.00;80
8293;63;626789975;8293;184;9230;9308;8.73;0.53;274.40;8.14;937;63;3179.00;78
8298;63;626789991;8298;186;9234;9308;8.78;0.54;274.51;8.20;936;63;3180.00;74
8300;63;626790005;8300;191;9235;9308;8.79;0.54;274.59;8.20;935;63;3181.00;73
8304;63;626790022;8304;193;9237;9308;8.79;0.54;274.58;8.20;933;63;3182.00;71
8308;63;626790038;8308;195;9241;9312;8.81;0.54;274.57;8.20;933;63;3183.00;71
8310;63;626790052;8310;200;9243;9312;8.84;0.54;274.62;8.20;933;63;3184.00;69
8311;63;626790064;8311;204;9243;9312;8.84;0.54;274.66;8.20;932;63;3185.00;69
8316;63;626790077;8316;209;9248;9315;8.81;0.54;274.74;8.22;932;63;3186.00;67
8318;63;626790091;8318;217;9248;9315;8.80;0.54;274.79;8.22;930;63;3187.00;67
8318;63;626790104;8318;222;9249;9315;8.85;0.54;274.79;8.22;931;63;3188.00;66
8322;63;626790117;8322;232;9254;9319;8.86;0.54;274.83;8.23;932;63;3189.00;65
8325;63;626790131;8325;236;9255;9320;8.87;0.54;274.84;8.23;930;63;3190.00;65
8327;63;626790144;8327;238;9257;9322;8.88;0.54;274.84;8.24;930;63;3191.00;65
8331;63;626790158;8331;239;9262;9326;8.88;0.54;274.90;8.24;931;63;3192.00;64
8334;63;626790171;8334;245;9263;9326;8.86;0.54;274.93;8.25;929;63;3193.00;63
8337;63;626790185;8337;250;9264;9326;8.92;0.54;274.91;8.26;927;63;3194.00;62
8342;63;626790198;8342;250;9267;9328;8.98;0.55;274.93;8.27;925;63;3195.00;61
8345;63;626790212;8345;248;9268;9328;9.01;0.55;274.92;8.28;923;63;3196.00;60
8347;63;626790225;8347;251;9273;9334;8.97;0.55;274.95;8.29;926;63;3197.00;61
8350;63;626790238;8350;253;9276;9334;8.84;0.54;275.00;8.30;926;63;3198.00;58
8351;63;626790251;8351;250;9276;9335;8.72;0.53;275.02;8.30;925;63;3199.00;59
8354;63;626790265;8354;255;9277;9335;8.65;0.53;275.04;8.30;923;63;3200.00;58
8356;63;626790282;8356;257;9278;9335;8.57;0.53;275.09;8.31;922;63;3201.00;57
8358;63;626790294;8358;257;9280;9335;8.57;0.53;275.09;8.34;922;63;3202.00;55
8363;63;626790306;8363;264;9282;9335;8.53;0.52;275.15;8.35;919;63;3203.00;53
8365;63;626790318;8365;266;9292;9347;8.55;0.52;275.20;8.34;927;63;3204.00;55
8369;63;626790331;8369;275;9293;9347;8.51;0.52;275.23;8.35;924;63;3205.00;54
8374;63;626790344;8374;276;9295;9347;8.48;0.52;275.27;8.35;921;63;3206.00;52
8375;63;626790356;8375;278;9296;9347;8.41;0.52;275.29;8.36;921;63;3207.00;51
8378;63;626790368;8378;280;9297;9347;8.31;0.51;275.29;8.36;919;63;3208.00;50
8379;63;626790380;8379;279;9298;9347;8.23;0.51;275.32;8.37;919;63;3209.00;49
8382;63;626790394;8382;278;9301;9351;8.12;0.50;275.33;8.36;919;63;3210.00;50
8384;64;626790406;8384;285;9302;9351;8.02;0.49;275.37;8.37;918;64;3211.00;49
8388;64;626790437;8388;288;9308;9355;7.99;0.49;275.44;8.39;920;64;3212.00;47
8392;64;626790450;8392;283;9309;9356;7.97;0.49;275.40;8.39;917;64;3213.00;47
8395;64;626790461;8395;287;9311;9356;7.91;0.49;275.42;8.39;916;64;3214.00;45
8397;64;626790473;8397;291;9311;9356;7.87;0.48;275.43;8.39;914;64;3215.00;45
8400;64;626790484;8400;297;9323;9369;7.78;0.48;275.42;8.40;923;64;3216.00;46
8402;64;626790497;8402;306;9324;9369;7.78;0.48;275.41;8.40;922;64;3217.00;45
8404;64;626790507;8404;307;9326;9369;7.78;0.48;275.42;8.40;922;64;3218.00;43
8405;64;626790518;8405;311;9328;9370;7.76;0.48;275.43;8.40;923;64;3219.00;42
8411;64;626790528;8411;318;9328;9371;7.67;0.47;275.44;8.40;917;64;3220.00;43
8412;64;626790539;8412;318;9329;9371;7.59;0.46;275.46;8.40;917;64;3221.00;42
8416;64;626790550;8416;322;9331;9374;7.49;0.46;275.46;8.40;915;64;3222.00;43
8419;64;626790560;8419;331;9331;9374;7.39;0.45;275.48;8.40;912;64;3223.00;43
8424;64;626790570;8424;335;9332;9374;7.33;0.45;275.42;8.40;908;64;3224.00;42
8427;64;626790580;8427;345;9332;9374;7.21;0.44;275.43;8.40;905;64;3225.00;42
8432;64;626790590;8432;349;9342;9380;7.12;0.43;275.42;8.41;910;64;3226.00;38
8436;64;626790601;8436;357;9343;9380;6.93;0.42;275.46;8.41;907;64;3227.00;37
8437;64;626790611;8437;364;9344;9380;6.68;0.41;275.46;8.41;907;64;3228.00;36
8440;64;626790621;8440;367;9344;9380;6.47;0.40;275.50;8.41;904;64;3229.00;36
8440;64;626790630;8440;355;9348;9384;6.31;0.39;275.50;8.41;908;64;3230.00;36
8443;64;626790641;8443;350;9349;9385;6.17;0.38;275.51;8.41;906;64;3231.00;36
8448;64;626790650;8448;345;9349;9385;6.08;0.37;275.51;8.41;901;64;3232.00;36
8450;64;626790660;8450;342;9352;9386;6.04;0.37;275.50;8.41;902;64;3233.00;34
8456;64;626790669;8456;346;9352;9386;5.95;0.36;275.45;8.41;896;64;3234.00;34
8458;64;626790679;8458;346;9352;9386;5.91;0.36;275.48;8.41;894;64;3235.00;34
8460;64;626790689;8460;355;9352;9386;5.89;0.36;275.44;8.41;892;64;3236.00;34
8462;64;626790698;8462;347;9352;9386;5.92;0.36;275.44;8.41;890;64;3237.00;34
8466;64;626790707;8466;351;9352;9386;5.93;0.37;275.39;8.41;886;64;3238.00;34
8469;64;626790717;8469;352;9352;9386;5.96;0.37;275.33;8.41;883;64;3239.00;34
8471;64;626790728;8471;355;9403;9511;6.37;0.40;275.39;8.36;932;64;3240.00;108
8475;64;626790747;8475;359;9407;9512;6.43;0.40;275.37;8.36;932;64;3241.00;105
8477;64;626790757;8477;354;9420;9512;6.58;0.41;275.34;8.35;943;64;3242.00;92
8480;64;626790768;8480;351;9428;9512;6.60;0.41;275.36;8.35;948;64;3243.00;84
8483;64;626790779;8483;365;9433;9512;6.57;0.41;275.32;8.34;950;64;3244.00;79
8488;64;626790789;8488;369;9438;9512;6.52;0.40;275.34;8.34;950;64;3245.00;74
8490;64;626790800;8490;374;9443;9512;6.52;0.40;275.31;8.34;953;64;3246.00;69
8494;64;626790810;8494;370;9445;9512;6.47;0.40;275.34;8.34;951;64;3247.00;67
8497;64;626790820;8497;378;9450;9513;6.44;0.40;275.40;8.34;953;64;3248.00;63
8501;64;626790830;8501;378;9452;9514;6.34;0.39;275.40;8.34;951;64;3249.00;62
8503;64;626790841;8503;383;9454;9514;6.28;0.39;275.40;8.34;951;64;3250.00;60
8505;64;626790851;8505;385;9460;9518;6.25;0.38;275.39;8.34;955;64;3251.00;58
8508;64;626790862;8508;385;9461;9518;6.23;0.38;275.39;8.34;953;64;3252.00;57
8510;64;626790873;8510;383;9463;9518;6.18;0.38;275.43;8.34;953;64;3253.00;55
8512;64;626790884;8512;384;9463;9518;6.15;0.38;275.40;8.34;951;64;3254.00;55
8518;64;626790895;8518;386;9468;9524;6.08;0.37;275.41;8.34;950;64;3255.00;56
8521;64;626790907;8521;386;9469;9524;6.06;0.37;275.39;8.34;948;64;3256.00;55
8525;64;626790918;8525;389;9469;9524;6.07;0.37;275.40;8.34;944;64;3257.00;55
8530;64;626790929;8530;389;9471;9527;6.11;0.38;275.37;8.33;941;64;3258.00;56
8534;64;626790941;8534;373;9472;9527;6.14;0.38;275.37;8.40;938;64;3259.00;55
8536;64;626790952;8536;366;9473;9527;6.20;0.38;275.45;8.40;937;64;3260.00;54
8539;64;626790963;8539;364;9473;9528;6.20;0.38;275.46;8.40;934;64;3261.00;55
8541;64;626790976;8541;353;9474;9529;6.22;0.38;275.49;8.40;933;64;3262.00;55
8544;64;626790987;8544;342;9474;9529;6.18;0.38;275.52;8.40;930;64;3263.00;55
8548;64;626790998;8548;333;9485;9542;6.33;0.39;275.53;8.39;937;64;3264.00;57
8550;64;626791011;8550;335;9485;9542;6.41;0.40;275.55;8.39;935;64;3265.00;57
8558;64;626791022;8558;333;9485;9542;6.44;0.40;275.49;8.39;927;64;3266.00;57
8561;64;626791034;8561;337;9486;9543;6.50;0.40;275.53;8.39;925;64;3267.00;57
8564;64;626791050;8564;340;9487;9543;6.54;0.40;275.48;8.45;923;64;3268.00;56
8566;64;626791062;8566;344;9491;9547;6.64;0.41;275.52;8.45;925;64;3269.00;56
8570;64;626791075;8570;346;9491;9547;6.71;0.41;275.50;8.45;921;64;3270.00;56
8574;64;626791087;8574;355;9495;9551;6.76;0.42;275.54;8.50;921;64;3271.00;56
8577;64;626791100;8577;351;9495;9551;6.82;0.42;275.53;8.50;918;64;3272.00;56
8581;64;626791111;8581;353;9496;9551;6.80;0.42;275.49;8.56;915;64;3273.00;55
8582;64;626791123;8582;359;9496;9551;6.81;0.42;275.49;8.56;914;64;3274.00;55
8585;64;626791134;8585;365;9496;9551;6.85;0.42;275.44;8.56;911;64;3275.00;55
8585;64;626791145;8585;369;9505;9563;6.95;0.43;275.44;8.56;920;64;3276.00;58
8587;64;626791158;8587;363;9505;9563;7.00;0.43;275.45;8.56;918;64;3277.00;58
8590;64;626791170;8590;363;9507;9563;7.07;0.43;275.43;8.55;917;64;3278.00;56
8592;64;626791181;8592;357;9507;9563;7.13;0.44;275.48;8.55;915;64;3279.00;56
8594;64;626791194;8594;347;9507;9563;7.16;0.44;275.47;8.55;913;64;3280.00;56
8596;64;626791205;8596;353;9508;9563;7.20;0.44;275.50;8.61;912;64;3281.00;55
8601;64;626791218;8601;344;9508;9564;7.24;0.44;275.48;8.61;907;64;3282.00;56
8603;64;626791230;8603;345;9508;9564;7.31;0.45;275.46;8.61;905;64;3283.00;56
8604;64;626791242;8604;343;9512;9570;7.34;0.45;275.51;8.61;908;64;3284.00;58
8606;64;626791256;8606;345;9514;9572;7.39;0.45;275.48;8.61;908;64;3285.00;58
8610;64;626791268;8610;324;9515;9572;7.44;0.45;275.59;8.60;905;64;3286.00;57
8613;64;626791289;8613;308;9515;9572;7.52;0.46;275.62;8.60;902;65;3287.00;57
8616;64;626791311;8616;305;9518;9576;7.59;0.46;275.67;8.60;902;65;3288.00;58
8620;64;626791323;8620;298;9518;9576;7.65;0.46;275.74;8.60;898;65;3289.00;58
8620;64;626791338;8620;289;9518;9576;7.73;0.47;275.74;8.60;898;65;3290.00;58
8623;64;626791351;8623;288;9519;9577;7.72;0.47;275.78;8.60;896;65;3291.00;58
8628;64;626791363;8628;285;9522;9581;7.69;0.47;275.82;8.60;894;65;3292.00;59
8629;64;626791376;8629;279;9522;9581;7.68;0.47;275.83;8.60;893;65;3293.00;59
8632;64;626791388;8632;283;9524;9584;7.74;0.47;276.00;8.60;892;65;3294.00;60
8632;64;626791401;8632;290;9524;9584;7.75;0.47;276.00;8.60;892;65;3295.00;60
8636;64;626791418;8636;302;9525;9584;7.76;0.47;276.07;8.60;889;65;3296.00;59
8640;64;626791430;8640;296;9525;9584;7.81;0.47;276.10;8.60;885;65;3297.00;59
8641;64;626791448;8641;298;9528;9588;7.84;0.48;276.10;8.59;887;65;3298.00;60
8645;64;626791477;8645;304;9528;9588;7.80;0.47;276.11;8.59;883;65;3299.00;60
8649;64;626791502;8649;302;9532;9607;7.77;0.47;276.12;8.59;883;65;3300.00;75
8651;64;626791538;8651;300;9532;9607;7.81;0.48;276.15;8.59;881;65;3301.00;75
8653;64;626791553;8653;301;9533;9608;7.82;0.48;276.14;8.59;880;65;3302.00;75
8656;64;626791568;8656;297;9534;9609;7.89;0.48;276.11;8.59;878;65;3303.00;75
8658;64;626791581;8658;292;9534;9609;7.93;0.48;276.20;8.59;876;65;3304.00;75
8662;64;626791594;8662;291;9535;9610;7.96;0.48;276.21;8.59;873;65;3305.00;75
8664;64;626791608;8664;295;9536;9610;7.93;0.48;276.22;8.59;872;65;3306.00;74
8669;64;626791620;8669;288;9537;9610;7.96;0.48;276.25;8.59;868;65;3307.00;73
8673;64;626791633;8673;290;9537;9610;7.95;0.48;276.24;8.59;864;65;3308.00;73
8675;64;626791646;8675;293;9537;9610;7.98;0.49;276.24;8.59;862;65;3309.00;73
8678;64;626791658;8678;294;9537;9610;7.98;0.49;276.25;8.59;859;65;3310.00;73
8682;64;626791670;8682;293;9537;9610;7.93;0.48;276.23;8.59;855;65;3311.00;73
8686;64;626791683;8686;319;9604;9737;7.89;0.49;276.23;8.53;918;65;3312.00;133
8688;64;626791705;8688;314;9609;9738;7.83;0.48;276.28;8.53;921;65;3313.00;129
8689;64;626791718;8689;309;9613;9738;7.89;0.49;276.27;8.52;924;65;3314.00;125
8691;64;626791731;8691;310;9613;9738;7.93;0.49;276.28;8.52;922;65;3315.00;125
8694;64;626791744;8694;307;9617;9738;7.95;0.49;276.35;8.52;923;65;3316.00;121
8695;64;626791756;8695;306;9618;9738;7.93;0.49;276.35;8.52;923;65;3317.00;120
8697;64;626791769;8697;309;9622;9738;7.92;0.49;276.34;8.52;925;65;3318.00;116
8698;64;626791781;8698;313;9626;9738;7.87;0.48;276.33;8.52;928;65;3319.00;112
8700;64;626791794;8700;313;9629;9739;7.87;0.48;276.32;8.58;929;65;3320.00;110
8703;64;626791806;8703;311;9632;9740;7.86;0.48;276.31;8.58;929;65;3321.00;108
8704;64;626791820;8704;312;9635;9740;7.83;0.48;276.33;8.58;931;65;3322.00;105
8707;64;626791833;8707;304;9638;9741;7.77;0.48;276.31;8.58;931;65;3323.00;103
8710;64;626791847;8710;309;9642;9741;7.71;0.47;276.33;8.59;932;65;3324.00;99
8713;64;626791863;8713;301;9644;9741;7.66;0.47;276.36;8.59;931;65;3325.00;97
8715;64;626791876;8715;305;9645;9741;7.62;0.46;276.35;8.59;930;65;3326.00;96
8717;64;626791889;8717;304;9647;9745;7.59;0.46;276.35;8.59;930;65;3327.00;98
8717;64;626791902;8717;299;9649;9745;7.60;0.46;276.35;8.59;932;65;3328.00;96
8718;64;626791916;8718;296;9649;9745;7.64;0.47;276.39;8.59;931;65;3329.00;96
8722;64;626791930;8722;297;9654;9751;7.58;0.46;276.36;8.59;932;65;3330.00;97
8725;64;626791944;8725;290;9655;9751;7.53;0.46;276.34;8.59;930;65;3331.00;96
8728;64;626791956;8728;285;9656;9751;7.45;0.45;276.35;8.59;928;65;3332.00;95
8732;64;626791968;8732;278;9662;9755;7.33;0.45;276.39;8.59;930;65;3333.00;93
8736;64;626791983;8736;275;9664;9756;7.34;0.45;276.34;8.65;928;65;3334.00;92
8740;64;626791995;8740;276;9667;9756;7.31;0.44;276.29;8.67;927;65;3335.00;89
8741;64;626792009;8741;276;9670;9760;7.39;0.45;276.29;8.67;929;65;3336.00;90
8745;64;626792022;8745;273;9670;9760;7.43;0.45;276.26;8.67;925;65;3337.00;90
8747;64;626792035;8747;265;9673;9760;7.46;0.45;276.23;8.72;926;65;3338.00;87
8749;64;626792047;8749;260;9674;9761;7.49;0.45;276.26;8.72;925;65;3339.00;87
8753;64;626792059;8753;252;9676;9761;7.51;0.45;276.38;8.77;923;65;3340.00;85
8755;64;626792072;8755;249;9678;9767;7.57;0.46;276.39;8.76;923;65;3341.00;89
8757;64;626792087;8757;253;9681;9767;7.62;0.46;276.45;8.77;924;65;3342.00;86
8758;64;626792100;8758;253;9683;9768;7.64;0.46;276.43;8.82;925;65;3343.00;85
8762;64;626792112;8762;248;9685;9768;7.65;0.46;276.49;8.82;923;65;3344.00;83
8764;64;626792126;8764;252;9685;9768;7.68;0.46;276.49;8.82;921;65;3345.00;83
8767;64;626792139;8767;252;9687;9768;7.74;0.47;276.48;8.87;920;65;3346.00;81
8768;64;626792152;8768;258;9688;9768;7.82;0.47;276.45;8.87;920;65;3347.00;80
8769;64;626792165;8769;259;9699;9780;7.94;0.48;276.45;8.86;930;65;3348.00;81
8772;64;626792179;8772;261;9699;9780;7.93;0.48;276.48;8.86;927;65;3349.00;81
8775;64;626792191;8775;261;9704;9780;7.90;0.48;276.45;8.92;929;65;3350.00;76
8780;64;626792203;8780;262;9705;9780;7.84;0.47;276.44;8.92;925;65;3351.00;75
8782;64;626792217;8782;256;9711;9780;7.79;0.47;276.44;8.98;929;65;3352.00;69
8786;64;626792229;8786;252;9711;9780;7.77;0.47;276.47;8.98;925;65;3353.00;69
8787;64;626792242;8787;245;9714;9784;7.79;0.47;276.48;8.97;927;65;3354.00;70
8789;64;626792255;8789;250;9715;9784;7.79;0.47;276.49;8.98;926;65;3355.00;69
8792;64;626792267;8792;248;9718;9788;7.86;0.48;276.50;8.97;926;65;3356.00;70
8795;64;626792280;8795;245;9719;9789;7.85;0.47;276.49;8.97;924;65;3357.00;70
8798;64;626792293;8798;248;9720;9789;7.86;0.48;276.47;8.97;922;65;3358.00;69
8800;64;626792305;8800;253;9720;9789;7.89;0.48;276.48;8.97;920;65;3359.00;69
8803;64;626792319;8803;262;9741;9818;7.85;0.48;276.49;8.98;938;65;3360.00;77
8805;64;626792334;8805;259;9742;9818;7.82;0.47;276.54;8.98;937;65;3361.00;76
8808;64;626792347;8808;268;9746;9818;7.82;0.48;276.55;8.98;938;65;3362.00;72
8812;64;626792360;8812;278;9750;9819;7.87;0.48;276.55;8.99;938;65;3363.00;69
8813;64;626792372;8813;281;9750;9820;7.87;0.48;276.58;8.99;937;65;3364.00;70
8816;64;626792385;8816;286;9751;9820;7.84;0.48;276.76;9.00;935;65;3365.00;69
8819;64;626792398;8819;290;9756;9823;7.83;0.48;276.76;9.02;937;65;3366.00;67
8823;64;626792411;8823;295;9756;9823;7.80;0.47;276.77;9.02;933;65;3367.00;67
8826;64;626792424;8826;298;9757;9823;7.77;0.47;276.74;9.03;931;65;3368.00;66
8826;64;626792442;8826;299;9758;9823;7.77;0.47;276.74;9.04;932;65;3369.00;65
8826;64;626792454;8826;308;9763;9829;7.80;0.48;276.74;9.05;937;65;3370.00;66
8828;65;626792467;8828;309;9765;9829;7.72;0.47;276.82;9.06;937;66;3371.00;64
8828;65;626792491;8828;314;9767;9829;7.64;0.47;276.82;9.07;939;66;3372.00;62
8831;65;626792503;8831;323;9767;9829;7.60;0.47;276.91;9.07;936;66;3373.00;62
8833;65;626792515;8833;328;9772;9833;7.53;0.46;276.90;9.09;939;66;3374.00;61
8834;65;626792527;8834;328;9774;9835;7.43;0.46;276.92;9.08;940;66;3375.00;61
8838;65;626792538;8838;336;9774;9835;7.34;0.45;276.89;9.08;936;66;3376.00;61
8839;65;626792550;8839;347;9777;9836;7.29;0.45;276.87;9.10;938;66;3377.00;59
8842;65;626792561;8842;353;9777;9836;7.22;0.44;276.85;9.10;935;66;3378.00;59
8844;65;626792572;8844;353;9778;9836;7.13;0.44;276.81;9.10;934;66;3379.00;58
8845;65;626792583;8845;345;9778;9836;7.11;0.44;276.79;9.10;933;66;3380.00;58
8848;65;626792594;8848;341;9779;9836;7.06;0.43;276.76;9.11;931;66;3381.00;57
8850;65;626792606;8850;344;9779;9836;7.00;0.43;276.75;9.11;929;66;3382.00;57
8852;65;626792616;8852;346;9784;9836;6.98;0.43;276.70;9.14;932;66;3383.00;52
8854;65;626792627;8854;351;9819;9906;7.08;0.43;276.68;9.11;965;66;3384.00;87
8854;65;626792643;8854;349;9822;9907;7.09;0.44;276.68;9.12;968;66;3385.00;85
8857;65;626792654;8857;355;9831;9907;7.08;0.43;276.62;9.12;974;66;3386.00;76
8860;65;626792665;8860;361;9838;9907;6.99;0.43;276.62;9.11;978;66;3387.00;69
8864;65;626792675;8864;363;9844;9907;6.93;0.42;276.67;9.12;980;66;3388.00;63
8865;65;626792687;8865;369;9848;9907;6.90;0.42;276.68;9.12;983;66;3389.00;59
8865;65;626792699;8865;372;9852;9907;6.84;0.42;276.68;9.11;987;66;3390.00;55
8866;65;626792720;8866;383;9855;9907;6.80;0.42;276.66;9.12;989;66;3391.00;52
8871;65;626792730;8871;387;9857;9908;6.71;0.41;276.66;9.12;986;66;3392.00;51
8874;65;626792741;8874;390;9858;9909;6.63;0.41;276.64;9.12;984;66;3393.00;51
8878;65;626792752;8878;396;9858;9909;6.46;0.40;276.63;9.12;980;66;3394.00;51
8880;65;626792763;8880;394;9862;9913;6.32;0.39;276.58;9.12;982;66;3395.00;51
8884;65;626792774;8884;404;9862;9913;6.14;0.38;276.56;9.12;978;66;3396.00;51
8888;65;626792785;8888;411;9864;9913;6.00;0.37;276.53;9.13;976;66;3397.00;49
8892;65;626792795;8892;417;9865;9913;5.91;0.36;276.49;9.13;973;66;3398.00;48
8894;65;626792805;8894;429;9870;9919;5.82;0.36;276.53;9.13;976;66;3399.00;49
8895;65;626792817;8895;422;9871;9919;5.74;0.35;276.51;9.13;976;66;3400.00;48
8897;65;626792830;8897;415;9871;9919;5.68;0.35;276.54;9.13;974;66;3401.00;48
8900;65;626792841;8900;414;9874;9922;5.62;0.35;276.54;9.13;974;66;3402.00;48
8902;65;626792851;8902;418;9874;9922;5.53;0.34;276.50;9.13;972;66;3403.00;48
8905;65;626792861;8905;414;9876;9922;5.44;0.34;276.47;9.14;971;66;3404.00;46
8905;65;626792871;8905;423;9877;9923;5.48;0.34;276.47;9.14;972;66;3405.00;46
8910;65;626792882;8910;426;9878;9924;5.44;0.34;276.46;9.14;968;66;3406.00;46
8914;65;626792892;8914;426;9880;9924;5.46;0.34;276.45;9.14;966;66;3407.00;44
8917;65;626792903;8917;429;9889;9937;5.52;0.34;276.42;9.13;972;66;3408.00;48
8919;65;626792914;8919;423;9889;9937;5.58;0.34;276.46;9.13;970;66;3409.00;48
8924;65;626792924;8924;426;9891;9937;5.64;0.35;276.48;9.13;967;66;3410.00;46
8926;65;626792935;8926;412;9892;9938;5.75;0.35;276.53;9.13;966;66;3411.00;46
8931;65;626792946;8931;390;9892;9938;5.79;0.36;276.53;9.13;961;66;3412.00;46
8933;65;626792957;8933;376;9896;9942;5.85;0.36;276.53;9.13;963;66;3413.00;46
8935;65;626792969;8935;365;9897;9942;5.93;0.36;276.53;9.13;962;66;3414.00;45
8938;65;626792980;8938;357;9900;9946;6.02;0.37;276.55;9.13;962;66;3415.00;46
8941;65;626792991;8941;354;9900;9946;6.08;0.37;276.50;9.13;959;66;3416.00;46
8944;65;626793002;8944;348;9900;9946;6.11;0.37;276.49;9.13;956;66;3417.00;46
8947;65;626793031;8947;343;9900;9946;6.14;0.38;276.49;9.13;953;66;3418.00;46
8950;65;626793043;8950;340;9900;9946;6.17;0.38;276.51;9.13;950;66;3419.00;46
8955;65;626793057;8955;338;9927;9980;6.32;0.39;276.47;9.10;972;66;3420.00;53
8958;65;626793072;8958;337;9928;9980;6.32;0.39;276.48;9.10;970;66;3421.00;52
8959;65;626793084;8959;338;9929;9980;6.38;0.39;276.47;9.10;970;66;3422.00;51
8961;65;626793096;8961;336;9929;9980;6.39;0.39;276.43;9.10;968;66;3423.00;51
8962;65;626793108;8962;341;9929;9980;6.50;0.40;276.44;9.10;967;66;3424.00;51
8964;65;626793120;8964;339;9929;9980;6.57;0.40;276.41;9.10;965;66;3425.00;51
8968;65;626793132;8968;335;9929;9981;6.67;0.41;276.43;9.10;961;66;3426.00;52
8970;65;626793144;8970;335;9929;9981;6.81;0.42;276.53;9.10;959;66;3427.00;52
8974;65;626793156;8974;332;9933;9987;6.89;0.42;276.47;9.10;959;66;3428.00;54
8977;65;626793169;8977;334;9935;9988;6.92;0.42;276.48;9.10;958;66;3429.00;53
8980;65;626793181;8980;340;9935;9988;7.00;0.43;276.49;9.10;955;66;3430.00;53
8982;65;626793193;8982;332;9935;9988;7.02;0.43;276.46;9.10;953;66;3431.00;53
8984;65;626793204;8984;332;9938;9992;7.08;0.43;276.48;9.09;954;66;3432.00;54
8989;65;626793217;8989;340;9938;9992;7.08;0.43;276.60;9.09;949;66;3433.00;54
8990;65;626793229;8990;340;9938;9992;7.13;0.44;276.65;9.09;948;66;3434.00;54
8994;65;626793241;8994;339;9939;9993;7.10;0.43;276.61;9.09;945;66;3435.00;54
8995;65;626793253;8995;340;9942;9997;7.15;0.44;276.63;9.09;947;66;3436.00;55
9000;65;626793265;9000;339;9942;9997;7.14;0.44;276.69;9.09;942;66;3437.00;55
9003;65;626793278;9003;336;9944;10000;7.18;0.44;276.67;9.09;941;66;3438.00;56
9009;65;626793290;9009;336;9945;10000;7.14;0.44;276.81;9.09;936;66;3439.00;55
9011;65;626793308;9011;334;9945;10000;7.13;0.44;276.81;9.09;934;66;3440.00;55
9017;65;626793320;9017;332;9945;10000;7.06;0.43;276.89;9.09;928;66;3441.00;55
9018;65;626793332;9018;332;9948;10004;7.03;0.43;276.94;9.08;930;66;3442.00;56
9020;65;626793344;9020;343;9948;10004;6.99;0.43;276.98;9.08;928;66;3443.00;56
9024;65;626793356;9024;354;9949;10004;6.97;0.43;277.04;9.08;925;66;3444.00;55
9031;65;626793369;9031;360;9949;10004;6.84;0.42;277.11;9.08;918;66;3445.00;55
9032;65;626793381;9032;362;9949;10005;6.79;0.41;277.11;9.08;917;66;3446.00;56
9033;65;626793393;9033;352;9950;10006;6.76;0.41;277.12;9.08;917;66;3447.00;56
9038;65;626793405;9038;349;9950;10006;6.70;0.41;277.16;9.08;912;66;3448.00;56
9040;65;626793418;9040;345;9951;10007;6.70;0.41;277.16;9.08;911;66;3449.00;56
9044;65;626793431;9044;338;9951;10007;6.68;0.41;277.29;9.08;907;66;3450.00;56
9046;65;626793448;9046;337;9951;10007;6.71;0.41;277.34;9.08;905;66;3451.00;56
9046;65;626793466;9046;338;9951;10007;6.80;0.41;277.34;9.08;905;66;3452.00;56
9048;65;626793486;9048;332;9951;10007;6.85;0.42;277.42;9.08;903;66;3453.00;56
9051;65;626793506;9051;325;9951;10007;6.89;0.42;277.39;9.08;900;66;3454.00;56
9055;65;626793530;9055;322;9951;10007;6.89;0.42;277.56;9.08;896;66;3455.00;56
9055;65;626793550;9055;332;10023;10134;7.13;0.44;277.56;9.02;968;66;3456.00;111
9058;65;626793577;9058;303;10025;10135;7.23;0.45;277.54;9.02;967;66;3457.00;110
9061;65;626793592;9061;287;10032;10135;7.37;0.46;277.60;9.01;971;66;3458.00;103
9064;65;626793608;9064;277;10037;10135;7.53;0.47;277.66;9.01;973;66;3459.00;98
9067;65;626793622;9067;270;10042;10135;7.61;0.47;277.70;9.01;975;66;3460.00;93
9073;65;626793637;9073;272;10046;10135;7.63;0.47;277.71;9.00;973;66;3461.00;89
9075;65;626793653;9075;271;10051;10135;7.73;0.48;277.68;9.00;976;66;3462.00;84
9079;65;626793667;9079;276;10054;10135;7.72;0.48;277.71;9.00;975;66;3463.00;81
9083;65;626793681;9083;274;10058;10136;7.75;0.48;277.76;9.00;975;66;3464.00;78
9084;65;626793696;9084;283;10061;10138;7.80;0.48;277.79;9.06;977;66;3465.00;77
9087;65;626793710;9087;290;10062;10138;7.82;0.48;277.81;9.06;975;66;3466.00;76
9091;65;626793724;9091;291;10063;10139;7.80;0.48;277.86;9.06;972;66;3467.00;76
9097;65;626793739;9097;285;10065;10139;7.82;0.48;277.85;9.06;968;66;3468.00;74
9100;65;626793752;9100;290;10066;10139;7.86;0.48;277.93;9.06;966;66;3469.00;73
9103;65;626793766;9103;290;10068;10139;7.85;0.48;277.94;9.06;965;66;3470.00;71
9106;65;626793780;9106;294;10071;10143;7.82;0.48;278.01;9.06;965;66;3471.00;72
9107;65;626793794;9107;287;10073;10143;7.85;0.48;278.04;9.06;966;66;3472.00;70
9108;65;626793808;9108;290;10074;10143;7.86;0.48;278.05;9.06;966;66;3473.00;69
9111;65;626793827;9111;286;10077;10146;7.84;0.48;278.15;9.06;966;66;3474.00;69
9113;65;626793849;9113;287;10078;10146;7.85;0.48;278.16;9.06;965;66;3475.00;68
9114;65;626793862;9114;288;10079;10146;7.84;0.48;278.14;9.06;965;66;3476.00;67
9115;65;626793875;9115;286;10082;10150;7.84;0.48;278.17;9.06;967;66;3477.00;68
9119;65;626793889;9119;285;10084;10151;7.86;0.48;278.22;9.05;965;66;3478.00;67
9124;65;626793903;9124;287;10084;10151;7.84;0.48;278.18;9.05;960;66;3479.00;67
9125;65;626793918;9125;283;10088;10156;7.87;0.48;278.17;9.05;963;66;3480.00;68
9126;65;626793933;9126;284;10088;10156;7.87;0.48;278.17;9.05;962;66;3481.00;68
9127;65;626793946;9127;291;10088;10156;7.87;0.48;278.16;9.05;961;66;3482.00;68
9129;65;626793958;9129;296;10089;10157;7.84;0.48;278.17;9.05;960;66;3483.00;68
9132;65;626793975;9132;296;10089;10157;7.76;0.47;278.16;9.05;957;66;3484.00;68
9132;65;626793990;9132;299;10093;10163;7.83;0.48;278.16;9.05;961;66;3485.00;70
9133;65;626794004;9133;305;10094;10163;7.82;0.48;278.15;9.05;961;66;3486.00;69
9134;65;626794017;9134;298;10094;10164;7.78;0.47;278.13;9.05;960;66;3487.00;70
9138;65;626794030;9138;303;10094;10164;7.75;0.47;278.15;9.05;956;66;3488.00;70
9140;65;626794044;9140;306;10094;10164;7.69;0.47;278.14;9.05;954;66;3489.00;70
9142;65;626794056;9142;298;10094;10164;7.65;0.46;278.11;9.05;952;66;3490.00;70
9143;65;626794070;9143;294;10094;10164;7.65;0.46;278.08;9.05;951;66;3491.00;70
9144;65;626794082;9144;294;10103;10176;7.70;0.47;278.12;9.04;959;66;3492.00;73
9147;65;626794096;9147;287;10104;10176;7.73;0.47;278.10;9.04;957;66;3493.00;72
9149;65;626794109;9149;289;10105;10176;7.77;0.47;278.15;9.04;956;66;3494.00;71
9153;65;626794121;9153;292;10105;10176;7.81;0.47;278.15;9.04;952;66;3495.00;71
9156;65;626794134;9156;287;10105;10176;7.85;0.48;278.16;9.04;949;66;3496.00;71
9158;65;626794147;9158;283;10105;10176;7.87;0.48;278.18;9.04;947;66;3497.00;71
9161;65;626794159;9161;276;10108;10180;7.86;0.48;278.16;9.03;947;66;3498.00;72
9163;65;626794172;9163;278;10108;10180;7.85;0.48;278.21;9.03;945;66;3499.00;72
9165;65;626794184;9165;264;10111;10184;7.84;0.47;278.24;9.03;946;66;3500.00;73
9169;65;626794200;9169;261;10113;10185;7.79;0.47;278.29;9.03;944;66;3501.00;72
9171;65;626794213;9171;252;10113;10185;7.75;0.47;278.25;9.03;942;66;3502.00;72
9176;65;626794226;9176;243;10113;10185;7.66;0.46;278.37;9.03;937;66;3503.00;72
9177;65;626794238;9177;241;10124;10198;7.61;0.46;278.35;9.03;947;66;3504.00;74
9181;65;626794260;9181;234;10125;10198;7.58;0.46;278.42;9.04;944;66;3505.00;73
9184;65;626794274;9184;238;10125;10198;7.56;0.46;278.48;9.04;941;66;3506.00;73
9186;65;626794288;9186;236;10126;10199;7.51;0.45;278.52;9.04;940;66;3507.00;73
9190;65;626794301;9190;241;10126;10200;7.45;0.45;278.58;9.04;936;66;3508.00;74
9195;65;626794315;9195;237;10126;10200;7.39;0.45;278.74;9.04;931;66;3509.00;74
9200;65;626794330;9200;239;10129;10206;7.43;0.45;278.75;9.04;929;66;3510.00;77
9201;65;626794344;9201;234;10130;10206;7.51;0.45;278.73;9.04;929;66;3511.00;76
9206;65;626794356;9206;226;10131;10206;7.56;0.46;278.78;9.04;925;66;3512.00;75
9207;65;626794369;9207;227;10131;10206;7.60;0.46;278.82;9.04;924;66;3513.00;75
9208;66;626794380;9208;227;10135;10212;7.66;0.46;278.82;9.04;927;67;3514.00;77
9212;66;626794410;9212;234;10135;10212;7.62;0.46;278.86;9.04;923;67;3515.00;77
9212;66;626794427;9212;231;10137;10212;7.60;0.46;278.86;9.03;925;67;3516.00;75
9214;66;626794446;9214;233;10137;10212;7.51;0.45;278.90;9.03;923;67;3517.00;75
9215;66;626794459;9215;236;10141;10216;7.43;0.45;278.90;9.03;926;67;3518.00;75
9216;66;626794474;9216;230;10143;10219;7.39;0.45;278.89;9.03;927;67;3519.00;76
9220;66;626794492;9220;228;10144;10219;7.31;0.44;278.96;9.03;924;67;3520.00;75
9221;66;626794506;9221;233;10146;10220;7.28;0.44;278.95;9.04;925;67;3521.00;74
9222;66;626794518;9222;239;10146;10220;7.26;0.44;278.93;9.04;924;67;3522.00;74
9223;66;626794534;9223;244;10146;10220;7.23;0.44;278.92;9.04;923;67;3523.00;74
9226;66;626794552;9226;245;10146;10220;7.27;0.44;278.96;9.04;920;67;3524.00;74
9227;66;626794568;9227;246;10146;10220;7.31;0.44;278.99;9.04;919;67;3525.00;74
9229;66;626794580;9229;242;10146;10220;7.34;0.45;279.01;9.04;917;67;3526.00;74
9232;66;626794592;9232;247;10146;10220;7.29;0.44;279.00;9.04;914;67;3527.00;74
9233;66;626794604;9233;255;10181;10290;7.48;0.46;278.97;9.02;948;67;3528.00;109
9235;66;626794621;9235;255;10181;10291;7.44;0.45;279.00;9.02;946;67;3529.00;110
9237;66;626794633;9237;255;10191;10291;7.49;0.46;278.97;9.02;954;67;3530.00;100
9242;66;626794644;9242;254;10196;10291;7.43;0.45;279.02;9.02;954;67;3531.00;95
9243;66;626794657;9243;261;10201;10291;7.47;0.46;279.03;9.03;958;67;3532.00;90
9245;66;626794669;9245;266;10204;10291;7.50;0.46;278.99;9.04;959;67;3533.00;87
9246;66;626794680;9246;264;10207;10291;7.44;0.46;278.99;9.05;961;67;3534.00;84
9249;66;626794692;9249;271;10210;10291;7.40;0.45;278.95;9.06;961;67;3535.00;81
9252;66;626794703;9252;270;10213;10292;7.40;0.45;278.89;9.07;961;67;3536.00;79
9254;66;626794715;9254;276;10219;10293;7.44;0.45;278.88;9.09;965;67;3537.00;74
9257;66;626794727;9257;280;10221;10293;7.38;0.45;278.85;9.09;964;67;3538.00;72
9258;66;626794739;9258;287;10227;10297;7.34;0.45;278.83;9.10;969;67;3539.00;70
9260;66;626794752;9260;296;10229;10297;7.27;0.44;278.79;9.11;969;67;3540.00;68
9264;66;626794769;9264;298;10229;10297;7.20;0.44;278.80;9.11;965;67;3541.00;68
9265;66;626794780;9265;300;10231;10297;7.13;0.44;278.78;9.12;966;67;3542.00;66
9266;66;626794791;9266;305;10235;10303;7.14;0.44;278.81;9.12;969;67;3543.00;68
9268;66;626794805;9268;309;10237;10303;7.04;0.43;278.84;9.12;969;67;3544.00;66
9272;66;626794817;9272;323;10239;10303;6.96;0.43;278.78;9.13;967;67;3545.00;64
9273;66;626794830;9273;324;10241;10306;6.89;0.42;278.76;9.13;968;67;3546.00;65
9275;66;626794845;9275;331;10243;10306;6.76;0.41;278.75;9.14;968;67;3547.00;63
9276;66;626794861;9276;336;10245;10306;6.58;0.40;278.74;9.14;969;67;3548.00;61
9276;66;626794871;9276;342;10245;10307;6.45;0.40;278.74;9.14;969;67;3549.00;62
9278;66;626794886;9278;342;10246;10308;6.33;0.39;278.72;9.14;968;67;3550.00;62
9278;66;626794902;9278;342;10247;10308;6.31;0.39;278.72;9.15;969;67;3551.00;61
9281;66;626794915;9281;348;10261;10321;6.29;0.39;278.67;9.17;980;67;3552.00;60
9284;66;626794928;9284;353;10261;10321;6.22;0.38;278.60;9.17;977;67;3553.00;60
9287;66;626794939;9287;356;10263;10321;6.12;0.37;278.55;9.18;976;67;3554.00;58
9289;66;626794950;9289;357;10265;10323;6.10;0.37;278.63;9.17;976;67;3555.00;58
9291;66;626794961;9291;357;10266;10323;6.06;0.37;278.60;9.18;975;67;3556.00;57
9295;66;626794972;9295;364;10269;10327;6.02;0.37;278.57;9.18;974;67;3557.00;58
9297;66;626794984;9297;371;10272;10327;5.98;0.36;278.53;9.20;975;67;3558.00;55
9297;66;626794995;9297;366;10276;10331;5.99;0.37;278.53;9.20;979;67;3559.00;55
9297;66;626795007;9297;367;10278;10331;5.93;0.36;278.53;9.21;981;67;3560.00;53
9299;66;626795019;9299;379;10278;10331;5.81;0.35;278.51;9.21;979;67;3561.00;53
9301;66;626795030;9301;378;10279;10331;5.68;0.35;278.56;9.21;978;67;3562.00;52
9303;66;626795040;9303;374;10279;10331;5.62;0.34;278.59;9.21;976;67;3563.00;52
9306;66;626795050;9306;366;10292;10343;5.64;0.34;278.56;9.21;986;67;3564.00;51
9309;66;626795063;9309;366;10293;10343;5.64;0.34;278.56;9.21;984;67;3565.00;50
9312;66;626795073;9312;363;10294;10343;5.59;0.34;278.51;9.22;982;67;3566.00;49
9313;66;626795083;9313;357;10294;10343;5.55;0.34;278.53;9.22;981;67;3567.00;49
9315;66;626795094;9315;350;10294;10343;5.46;0.33;278.55;9.22;979;67;3568.00;49
9317;66;626795104;9317;350;10297;10343;5.36;0.33;278.55;9.22;980;67;3569.00;46
9319;66;626795120;9319;331;10297;10344;5.29;0.32;278.54;9.22;978;67;3570.00;47
9320;66;626795131;9320;331;10298;10344;5.30;0.32;278.53;9.22;978;67;3571.00;46
9325;66;626795146;9325;320;10303;10350;5.33;0.33;278.52;9.22;978;67;3572.00;47
9328;66;626795157;9328;326;10305;10351;5.41;0.33;278.52;9.22;977;67;3573.00;46
9331;66;626795168;9331;323;10306;10351;5.49;0.33;278.52;9.22;975;67;3574.00;45
9333;66;626795178;9333;327;10306;10351;5.56;0.34;278.53;9.22;973;67;3575.00;45
9335;66;626795190;9335;337;10309;10355;5.67;0.34;278.50;9.22;974;67;3576.00;46
9338;66;626795201;9338;340;10309;10355;5.75;0.35;278.51;9.22;971;67;3577.00;46
9341;66;626795213;9341;329;10309;10355;5.82;0.35;278.50;9.22;968;67;3578.00;46
9341;66;626795224;9341;328;10310;10356;5.94;0.36;278.50;9.21;969;67;3579.00;46
9343;66;626795236;9343;329;10313;10360;6.00;0.36;278.54;9.21;970;67;3580.00;47
9346;66;626795247;9346;326;10313;10360;6.03;0.37;278.54;9.21;967;67;3581.00;47
9348;66;626795261;9348;316;10315;10363;6.09;0.37;278.52;9.21;967;67;3582.00;48
9351;66;626795280;9351;321;10316;10363;6.10;0.37;278.59;9.21;965;67;3583.00;47
9352;66;626795291;9352;316;10316;10363;6.17;0.38;278.60;9.21;964;67;3584.00;47
9355;66;626795303;9355;316;10316;10363;6.21;0.38;278.56;9.21;961;67;3585.00;47
9358;66;626795315;9358;310;10319;10367;6.32;0.39;278.56;9.21;961;67;3586.00;48
9360;66;626795327;9360;311;10319;10367;6.37;0.39;278.57;9.21;959;67;3587.00;48
9364;66;626795339;9364;306;10320;10367;6.40;0.39;278.62;9.21;956;67;3588.00;47
9370;66;626795351;9370;299;10320;10367;6.38;0.39;278.61;9.21;950;67;3589.00;47
9373;66;626795363;9373;300;10320;10368;6.48;0.40;278.65;9.21;947;67;3590.00;48
9376;66;626795376;9376;293;10321;10369;6.60;0.41;278.65;9.21;945;67;3591.00;48
9383;66;626795398;9383;286;10321;10369;6.62;0.41;278.72;9.21;938;67;3592.00;48
9386;66;626795410;9386;283;10322;10370;6.72;0.41;278.75;9.20;936;67;3593.00;48
9392;66;626795423;9392;277;10322;10370;6.76;0.41;278.83;9.20;930;67;3594.00;48
9401;66;626795435;9401;270;10322;10370;6.77;0.41;278.89;9.20;921;67;3595.00;48
9405;66;626795452;9405;265;10322;10370;6.86;0.42;278.90;9.20;917;67;3596.00;48
9409;66;626795477;9409;265;10322;10370;6.90;0.42;278.90;9.20;913;67;3597.00;48
9413;66;626795510;9413;270;10322;10370;6.96;0.43;278.91;9.20;909;67;3598.00;48
9420;66;626795532;9420;275;10323;10370;7.00;0.43;278.89;9.27;903;67;3599.00;47
9425;66;626795556;9425;307;10440;10623;7.34;0.46;278.95;9.17;1015;67;3600.00;183
9429;66;626795602;9429;301;10446;10624;7.39;0.46;278.95;9.17;1017;67;3601.00;178
9433;66;626795619;9433;293;10457;10624;7.48;0.47;279.00;9.16;1024;67;3602.00;167
9437;66;626795636;9437;293;10465;10624;7.52;0.47;278.97;9.15;1028;67;3603.00;159
9443;66;626795654;9443;289;10471;10624;7.57;0.47;279.06;9.15;1028;67;3604.00;153
9452;66;626795670;9452;286;10477;10624;7.58;0.47;279.11;9.15;1025;67;3605.00;147
9455;66;626795686;9455;283;10484;10624;7.59;0.47;279.14;9.15;1029;67;3606.00;140
9460;66;626795711;9460;291;10489;10624;7.56;0.47;279.24;9.14;1029;67;3607.00;135
9467;66;626795731;9467;300;10496;10625;7.54;0.47;279.36;9.14;1029;67;3608.00;129
9471;66;626795760;9471;299;10497;10626;7.58;0.47;279.41;9.14;1026;67;3609.00;129
9473;66;626795780;9473;300;10502;10626;7.62;0.47;279.45;9.14;1029;67;3610.00;124
9477;66;626795796;9477;305;10505;10627;7.59;0.47;279.53;9.14;1028;67;3611.00;122
9479;66;626795812;9479;308;10507;10627;7.56;0.47;279.52;9.14;1028;67;3612.00;120
9485;66;626795829;9485;310;10509;10627;7.47;0.46;279.52;9.15;1024;67;3613.00;118
9487;66;626795845;9487;316;10510;10627;7.42;0.46;279.57;9.15;1023;67;3614.00;117
9491;66;626795860;9491;315;10516;10631;7.36;0.46;279.56;9.21;1025;67;3615.00;115
9494;66;626795877;9494;319;10518;10631;7.32;0.45;279.62;9.22;1024;67;3616.00;113
9498;66;626795894;9498;312;10520;10631;7.31;0.45;279.65;9.22;1022;67;3617.00;111
9501;66;626795910;9501;315;10525;10634;7.26;0.45;279.64;9.22;1024;67;3618.00;109
9505;66;626795926;9505;314;10527;10634;7.27;0.45;279.72;9.22;1022;67;3619.00;107
9508;66;626795944;9508;321;10528;10634;7.31;0.45;279.77;9.22;1020;67;3620.00;106
9511;66;626795963;9511;316;10532;10638;7.36;0.45;279.78;9.22;1021;67;3621.00;106
9514;66;626795996;9514;322;10535;10639;7.43;0.46;279.83;9.22;1021;67;3622.00;104
9517;66;626796017;9517;321;10537;10639;7.50;0.46;279.96;9.23;1020;67;3623.00;102
9521;66;626796042;9521;326;10541;10643;7.53;0.46;279.98;9.29;1020;67;3624.00;102
9524;66;626796059;9524;329;10544;10643;7.51;0.46;279.99;9.30;1020;67;3625.00;99
9527;66;626796082;9527;316;10546;10643;7.53;0.46;280.01;9.30;1019;67;3626.00;97
9529;66;626796108;9529;309;10549;10644;7.54;0.46;280.04;9.30;1020;67;3627.00;95
9532;66;626796131;9532;302;10549;10644;7.51;0.46;280.03;9.30;1017;67;3628.00;95
9536;66;626796148;9536;300;10553;10650;7.47;0.45;280.09;9.30;1017;67;3629.00;97
9538;66;626796167;9538;295;10555;10650;7.52;0.46;280.11;9.37;1017;67;3630.00;95
9542;66;626796183;9542;291;10556;10651;7.51;0.46;280.15;9.37;1014;67;3631.00;95
9545;66;626796202;9545;295;10557;10651;7.53;0.46;280.19;9.37;1012;67;3632.00;94
9549;66;626796219;9549;301;10557;10651;7.59;0.46;280.26;9.37;1008;67;3633.00;94
9551;66;626796236;9551;303;10557;10651;7.63;0.46;280.24;9.37;1006;67;3634.00;94
9553;66;626796258;9553;300;10558;10651;7.60;0.46;280.33;9.37;1005;67;3635.00;93
9558;66;626796275;9558;303;10567;10663;7.59;0.46;280.40;9.36;1009;67;3636.00;96
9559;66;626796294;9559;299;10568;10663;7.61;0.46;280.38;9.37;1009;67;3637.00;95
9562;66;626796310;9562;294;10569;10663;7.63;0.46;280.37;9.37;1007;67;3638.00;94
9564;66;626796327;9564;296;10570;10663;7.64;0.46;280.52;9.37;1006;67;3639.00;93
9565;66;626796345;9565;286;10570;10663;7.68;0.46;280.53;9.37;1005;67;3640.00;93
9568;66;626796361;9568;280;10570;10663;7.66;0.46;280.48;9.37;1002;67;3641.00;93
9570;66;626796377;9570;279;10574;10667;7.66;0.46;280.50;9.37;1004;67;3642.00;93
9571;66;626796395;9571;277;10574;10667;7.71;0.47;280.48;9.37;1003;67;3643.00;93
9574;66;626796411;9574;276;10577;10671;7.74;0.47;280.59;9.36;1003;67;3644.00;94
9575;66;626796430;9575;282;10579;10673;7.82;0.47;280.59;9.36;1004;67;3645.00;94
9576;66;626796447;9576;284;10580;10673;7.82;0.47;280.58;9.36;1004;67;3646.00;93
9578;66;626796463;9578;295;10580;10673;7.80;0.47;280.66;9.36;1002;67;3647.00;93
9582;66;626796480;9582;289;10590;10686;7.79;0.47;280.71;9.36;1008;67;3648.00;96
9583;66;626796497;9583;296;10590;10686;7.73;0.47;280.71;9.36;1007;67;3649.00;96
9584;66;626796511;9584;295;10591;10686;7.64;0.46;280.80;9.36;1007;67;3650.00;95
9586;66;626796532;9586;301;10592;10687;7.63;0.46;280.85;9.36;1006;67;3651.00;95
9586;66;626796546;9586;308;10592;10688;7.60;0.46;280.85;9.36;1006;67;3652.00;96
9589;66;626796561;9589;305;10592;10688;7.54;0.46;280.88;9.36;1003;67;3653.00;96
9591;66;626796576;9591;317;10594;10691;7.49;0.46;280.95;9.36;1003;67;3654.00;97
9593;66;626796591;9593;317;10594;10691;7.36;0.45;280.97;9.36;1001;67;3655.00;97
9593;66;626796607;9593;317;10596;10691;7.31;0.45;280.97;9.43;1003;67;3656.00;95
9596;66;626796620;9596;315;10596;10691;7.28;0.44;280.99;9.43;1000;67;3657.00;95
9597;66;626796633;9597;312;10600;10697;7.27;0.44;280.98;9.42;1003;67;3658.00;97
9600;66;626796652;9600;313;10600;10697;7.22;0.44;280.94;9.42;1000;67;3659.00;97
9602;66;626796670;9602;310;10601;10697;7.20;0.44;280.93;9.42;999;67;3660.00;96
9604;66;626796687;9604;304;10601;10697;7.11;0.43;280.98;9.42;997;67;3661.00;96
9607;66;626796700;9607;302;10604;10701;7.00;0.43;280.98;9.42;997;67;3662.00;97
9611;66;626796714;9611;299;10605;10702;6.96;0.42;280.96;9.42;994;67;3663.00;97
9613;66;626796727;9613;297;10605;10702;6.91;0.42;280.92;9.42;992;67;3664.00;97
9615;66;626796741;9615;295;10606;10703;6.89;0.42;280.97;9.42;991;67;3665.00;97
9617;66;626796754;9617;293;10606;10703;6.86;0.42;280.94;9.42;989;67;3666.00;97
9619;66;626796767;9619;293;10607;10703;6.84;0.41;280.95;9.42;988;67;3667.00;96
9621;66;626796780;9621;294;10607;10703;6.81;0.41;281.00;9.42;986;67;3668.00;96
9622;66;626796793;9622;291;10607;10703;6.71;0.41;281.01;9.42;985;67;3669.00;96
9625;66;626796805;9625;284;10607;10703;6.61;0.40;281.02;9.42;982;67;3670.00;96
9626;66;626796818;9626;288;10607;10703;6.56;0.40;281.04;9.42;981;67;3671.00;96
9627;66;626796830;9627;283;10636;10773;6.61;0.40;281.07;9.47;1009;67;3672.00;137
9631;66;626796847;9631;290;10637;10774;6.58;0.40;281.03;9.48;1006;67;3673.00;137
9634;66;626796861;9634;282;10644;10774;6.62;0.40;281.00;9.47;1010;67;3674.00;130
9638;66;626796874;9638;274;10649;10774;6.57;0.40;281.03;9.57;1011;67;3675.00;125
9640;66;626796889;9640;276;10654;10774;6.63;0.40;281.02;9.56;1014;67;3676.00;120
9641;66;626796904;9641;271;10656;10774;6.65;0.40;281.06;9.56;1015;67;3677.00;118
9644;66;626796917;9644;271;10662;10774;6.65;0.40;281.12;9.63;1018;67;3678.00;112
9646;66;626796931;9646;274;10663;10774;6.59;0.40;281.15;9.63;1017;67;3679.00;111
9648;66;626796952;9648;267;10666;10775;6.62;0.40;281.11;9.63;1018;67;3680.00;109
9649;66;626796966;9649;259;10669;10776;6.68;0.41;281.09;9.71;1020;67;3681.00;107
9650;66;626796981;9650;250;10672;10776;6.72;0.41;281.07;9.71;1022;67;3682.00;104
9651;66;626796995;9651;244;10675;10780;6.68;0.41;281.11;9.70;1024;67;3683.00;105
9653;66;626797016;9653;243;10676;10780;6.62;0.40;281.07;9.77;1023;67;3684.00;104
9653;66;626797036;9653;251;10676;10780;6.62;0.40;281.07;9.77;1023;67;3685.00;104
9655;66;626797049;9655;255;10677;10780;6.65;0.41;281.03;9.83;1022;67;3686.00;103
9656;66;626797062;9656;260;10681;10786;6.69;0.41;281.10;9.84;1025;67;3687.00;105
9659;66;626797076;9659;257;10682;10786;6.69;0.41;281.07;9.84;1023;67;3688.00;104
9662;66;626797090;9662;264;10682;10786;6.68;0.41;281.02;9.84;1020;67;3689.00;104
9665;66;626797105;9665;270;10686;10792;6.62;0.40;280.99;9.84;1021;67;3690.00;106
9667;66;626797119;9667;277;10686;10792;6.54;0.40;280.94;9.84;1019;67;3691.00;106
9667;66;626797134;9667;283;10689;10792;6.51;0.40;280.94;9.84;1022;67;3692.00;103
9669;66;626797149;9669;286;10691;10793;6.54;0.40;280.90;9.85;1022;67;3693.00;102
9674;66;626797163;9674;282;10693;10794;6.55;0.40;280.83;9.85;1019;67;3694.00;101
9676;66;626797177;9676;286;10693;10794;6.54;0.40;280.82;9.85;1017;67;3695.00;101
9679;66;626797189;9679;295;10705;10807;6.54;0.40;280.78;9.85;1026;67;3696.00;102
9680;66;626797203;9680;305;10705;10807;6.51;0.40;280.75;9.85;1025;67;3697.00;102
9682;66;626797215;9682;305;10707;10807;6.42;0.39;280.73;9.86;1025;67;3698.00;100
9686;66;626797227;9686;312;10711;10808;6.30;0.38;280.71;9.87;1025;67;3699.00;97
9688;66;626797240;9688;321;10713;10808;6.27;0.38;280.70;9.89;1025;67;3700.00;95
9691;66;626797257;9691;330;10718;10812;6.24;0.38;280.74;9.90;1027;67;3701.00;94
9694;66;626797270;9694;331;10719;10812;6.24;0.38;280.68;9.90;1025;67;3702.00;93
9695;66;626797282;9695;340;10725;10816;6.22;0.38;280.66;9.91;1030;67;3703.00;91
9699;66;626797295;9699;336;10726;10816;6.19;0.38;280.57;9.92;1027;67;3704.00;90
9700;66;626797307;9700;340;10726;10816;6.21;0.38;280.54;9.92;1026;67;3705.00;90
9701;66;626797318;9701;345;10727;10816;6.18;0.38;280.55;9.93;1026;67;3706.00;89
9702;66;626797330;9702;351;10729;10816;6.11;0.37;280.58;9.95;1027;67;3707.00;87
9704;66;626797342;9704;355;10739;10828;6.09;0.37;280.63;9.94;1035;67;3708.00;89
9706;66;626797355;9706;349;10741;10828;6.00;0.37;280.64;9.95;1035;67;3709.00;87
9709;66;626797371;9709;362;10742;10828;5.91;0.36;280.69;9.96;1033;67;3710.00;86
9711;66;626797385;9711;360;10743;10828;5.86;0.36;280.64;9.97;1032;67;3711.00;85
9712;66;626797401;9712;370;10744;10828;5.83;0.36;280.63;9.98;1032;67;3712.00;84
9715;66;626797415;9715;378;10747;10828;5.82;0.36;280.61;10.00;1032;67;3713.00;81
9715;66;626797427;9715;385;10748;10829;5.79;0.35;280.61;10.01;1033;67;3714.00;81
9716;66;626797441;9716;375;10750;10829;5.76;0.35;280.60;10.03;1034;67;3715.00;79
9716;66;626797459;9716;371;10755;10835;5.81;0.36;280.60;10.03;1039;67;3716.00;80
9717;66;626797480;9717;368;10759;10836;5.83;0.36;280.62;10.04;1042;67;3717.00;77
9718;66;626797498;9718;364;10761;10836;5.83;0.36;280.64;10.05;1043;67;3718.00;75
9718;66;626797515;9718;358;10764;10836;5.88;0.36;280.64;10.06;1046;67;3719.00;72
9721;66;626797538;9721;346;10768;10841;5.96;0.37;280.58;10.07;1047;67;3720.00;73
9723;66;626797560;9723;341;10769;10841;6.03;0.37;280.55;10.07;1046;67;3721.00;72
9725;66;626797582;9725;333;10770;10841;6.07;0.37;280.53;10.08;1045;67;3722.00;71
9726;66;626797597;9726;328;10773;10842;6.13;0.38;280.54;10.09;1047;67;3723.00;69
9727;66;626797611;9727;325;10776;10846;6.16;0.38;280.55;10.08;1049;67;3724.00;70
9731;66;626797627;9731;327;10778;10846;6.22;0.38;280.51;10.10;1047;67;3725.00;68
9732;66;626797643;9732;320;10781;10849;6.36;0.39;280.49;10.10;1049;67;3726.00;68
9733;66;626797658;9733;328;10782;10849;6.44;0.39;280.48;10.10;1049;67;3727.00;67
9734;66;626797672;9734;332;10784;10849;6.49;0.40;280.49;10.11;1050;67;3728.00;65
9735;66;626797686;9735;335;10784;10849;6.53;0.40;280.48;10.11;1049;67;3729.00;65
9737;66;626797700;9737;339;10788;10853;6.56;0.40;280.45;10.11;1051;67;3730.00;65
9740;66;626797714;9740;348;10790;10853;6.50;0.40;280.43;10.12;1050;67;3731.00;63
9743;66;626797728;9743;352;10790;10853;6.43;0.39;280.39;10.12;1047;67;3732.00;63
9745;66;626797741;9745;360;10791;10853;6.34;0.39;280.37;10.12;1046;67;3733.00;62
9750;66;626797755;9750;361;10791;10854;6.27;0.38;280.46;10.12;1041;67;3734.00;63
9753;66;626797769;9753;377;10793;10856;6.23;0.38;280.48;10.12;1040;67;3735.00;63
9756;66;626797781;9756;381;10794;10856;6.12;0.37;280.50;10.13;1038;67;3736.00;62
9759;66;626797794;9759;383;10795;10857;6.03;0.37;280.46;10.13;1036;67;3737.00;62
9762;66;626797808;9762;396;10796;10857;5.93;0.36;280.45;10.13;1034;67;3738.00;61
9767;66;626797820;9767;398;10798;10857;5.83;0.36;280.45;10.14;1031;67;3739.00;59
9769;66;626797832;9769;391;10799;10857;5.81;0.36;280.48;10.15;1030;67;3740.00;58
9773;66;626797844;9773;387;10799;10857;5.76;0.35;280.45;10.15;1026;67;3741.00;58
9775;66;626797856;9775;387;10799;10857;5.75;0.35;280.51;10.15;1024;67;3742.00;58
9778;66;626797867;9778;388;10800;10857;5.72;0.35;280.56;10.15;1022;67;3743.00;57
9781;66;626797879;9781;395;10866;10984;5.97;0.37;280.63;10.10;1085;67;3744.00;118
9783;66;626797901;9783;381;10870;10985;5.96;0.37;280.68;10.09;1087;67;3745.00;115
9786;66;626797915;9786;377;10881;10985;5.99;0.37;280.69;10.09;1095;67;3746.00;104
9789;66;626797927;9789;367;10885;10985;6.02;0.37;280.75;10.09;1096;67;3747.00;100
9792;66;626797940;9792;369;10894;10985;6.07;0.38;280.82;10.09;1102;67;3748.00;91
9797;66;626797953;9797;365;10898;10985;6.11;0.38;280.93;10.08;1101;67;3749.00;87
9799;66;626797968;9799;365;10904;10990;6.19;0.38;280.92;10.08;1105;67;3750.00;86
9803;66;626797983;9803;361;10908;10990;6.23;0.38;280.97;10.08;1105;67;3751.00;82
9807;66;626797998;9807;351;10912;10991;6.33;0.39;281.03;10.08;1105;67;3752.00;79
9810;66;626798012;9810;346;10914;10992;6.44;0.40;281.04;10.08;1104;67;3753.00;78
9815;66;626798026;9815;341;10918;10992;6.57;0.40;281.13;10.08;1103;67;3754.00;74
9819;66;626798041;9819;343;10919;10993;6.60;0.41;281.18;10.08;1100;67;3755.00;74
9822;66;626798063;9822;343;10921;10993;6.65;0.41;281.16;10.08;1099;67;3756.00;72
9825;66;626798077;9825;343;10922;10993;6.70;0.41;281.23;10.08;1097;67;3757.00;71
9829;66;626798091;9829;344;10925;10993;6.73;0.41;281.29;10.08;1096;67;3758.00;68
9829;66;626798105;9829;338;10928;10997;6.80;0.42;281.29;10.08;1099;67;3759.00;69
9833;66;626798119;9833;340;10930;10997;6.84;0.42;281.39;10.08;1097;67;3760.00;67
9839;66;626798134;9839;340;10930;10997;6.81;0.42;281.45;10.08;1091;67;3761.00;67
9840;66;626798149;9840;340;10933;11000;6.81;0.42;281.43;10.08;1093;67;3762.00;67
9846;66;626798164;9846;338;10933;11000;6.74;0.41;281.40;10.08;1087;67;3763.00;67
9851;66;626798179;9851;337;10934;11000;6.72;0.41;281.50;10.08;1083;67;3764.00;66
9856;66;626798193;9856;339;10937;11004;6.76;0.41;281.56;10.08;1081;67;3765.00;67
9865;66;626798208;9865;339;10938;11005;6.75;0.41;281.68;10.08;1073;67;3766.00;67
9868;66;626798224;9868;338;10938;11005;6.76;0.41;281.81;10.08;1070;67;3767.00;67
9872;66;626798237;9872;338;10942;11009;6.83;0.42;281.78;10.08;1070;67;3768.00;67
9877;66;626798253;9877;337;10942;11009;6.87;0.42;281.78;10.08;1065;67;3769.00;67
9882;66;626798268;9882;344;10942;11009;6.89;0.42;281.80;10.08;1060;67;3770.00;67
9885;66;626798283;9885;345;10945;11010;6.90;0.42;281.83;10.07;1060;67;3771.00;65
9889;66;626798297;9889;344;10945;11010;6.91;0.42;281.86;10.07;1056;67;3772.00;65
9891;66;626798318;9891;351;10949;11016;6.89;0.42;281.92;10.07;1058;67;3773.00;67
9896;66;626798341;9896;356;10950;11016;6.81;0.41;281.99;10.07;1054;67;3774.00;66
9901;66;626798361;9901;355;10950;11017;6.84;0.42;282.01;10.07;1049;67;3775.00;67
9902;66;626798377;9902;358;10951;11017;6.90;0.42;282.04;10.07;1049;67;3776.00;66
9905;66;626798394;9905;361;10951;11017;6.97;0.42;282.02;10.07;1046;67;3777.00;66
9911;66;626798409;9911;365;10951;11017;6.98;0.42;282.04;10.07;1040;67;3778.00;66
9911;66;626798424;9911;363;10951;11017;7.07;0.43;282.04;10.07;1040;67;3779.00;66
9914;66;626798440;9914;368;10975;11053;7.25;0.44;282.06;10.05;1061;67;3780.00;78
9917;66;626798457;9917;367;10976;11053;7.16;0.44;282.11;10.05;1059;67;3781.00;77
9924;66;626798479;9924;364;10978;11053;7.11;0.44;282.10;10.05;1054;67;3782.00;75
9927;66;626798494;9927;372;10979;11053;7.07;0.43;282.12;10.05;1052;67;3783.00;74
9934;66;626798507;9934;370;10980;11053;6.98;0.43;282.17;10.05;1046;67;3784.00;73
9937;66;626798521;9937;364;10980;11053;6.85;0.42;282.18;10.05;1043;67;3785.00;73
9939;66;626798534;9939;367;10984;11057;6.78;0.42;282.25;10.04;1045;67;3786.00;73
9942;66;626798547;9942;358;10985;11057;6.77;0.42;282.31;10.04;1043;67;3787.00;72
9945;66;626798561;9945;353;10988;11061;6.80;0.42;282.31;10.04;1043;67;3788.00;73
9946;66;626798576;9946;351;10990;11062;6.82;0.42;282.35;10.11;1044;67;3789.00;72
9951;66;626798590;9951;353;10991;11062;6.80;0.42;282.45;10.11;1040;67;3790.00;71
9957;66;626798604;9957;356;10991;11062;6.81;0.42;282.62;10.11;1034;67;3791.00;71
9962;66;626798617;9962;349;11000;11075;6.91;0.42;282.81;10.10;1038;67;3792.00;75
9964;66;626798632;9964;348;11001;11075;6.97;0.43;282.78;10.10;1037;67;3793.00;74
9970;66;626798652;9970;354;11002;11075;6.92;0.43;282.95;10.10;1032;67;3794.00;73
9973;66;626798666;9973;346;11003;11076;6.94;0.43;283.03;10.10;1030;67;3795.00;73
9976;66;626798679;9976;332;11003;11077;6.96;0.43;283.02;10.10;1027;67;3796.00;74
9982;66;626798692;9982;313;11003;11077;6.98;0.43;283.06;10.10;1021;67;3797.00;74
9986;66;626798705;9986;307;11005;11080;7.07;0.43;283.15;10.09;1019;67;3798.00;75
9987;66;626798720;9987;305;11006;11080;7.15;0.44;283.14;10.09;1019;67;3799.00;74
9996;66;626798736;9996;297;11006;11080;7.21;0.44;283.30;10.09;1010;67;3800.00;74
9999;66;626798756;9999;291;11006;11080;7.28;0.44;283.36;10.09;1007;67;3801.00;74
10004;66;626798770;10004;281;11010;11086;7.31;0.45;283.39;10.09;1006;67;3802.00;76
10008;66;626798784;10008;279;11010;11086;7.26;0.44;283.43;10.09;1002;67;3803.00;76
10009;66;626798803;10009;280;11011;11086;7.27;0.44;283.46;10.09;1002;67;3804.00;75
10013;66;626798817;10013;276;11011;11086;7.21;0.44;283.44;10.09;998;67;3805.00;75
10015;66;626798829;10015;286;11014;11090;7.20;0.44;283.48;10.09;999;67;3806.00;76
10019;66;626798844;10019;283;11015;11091;7.18;0.44;283.49;10.09;996;67;3807.00;76
10021;66;626798858;10021;278;11015;11091;7.19;0.44;283.46;10.09;994;67;3808.00;76
10023;66;626798871;10023;267;11016;11092;7.18;0.44;283.52;10.09;993;67;3809.00;76
10027;66;626798886;10027;255;11016;11092;7.17;0.44;283.56;10.09;989;67;3810.00;76
10030;66;626798899;10030;245;11016;11092;7.18;0.44;283.51;10.09;986;67;3811.00;76
10035;66;626798912;10035;239;11016;11092;7.21;0.44;283.58;10.09;981;67;3812.00;76
10037;66;626798925;10037;233;11016;11092;7.27;0.44;283.64;10.09;979;67;3813.00;76
10039;66;626798938;10039;232;11016;11092;7.33;0.45;283.72;10.09;977;67;3814.00;76
10041;66;626798950;10041;229;11016;11092;7.42;0.45;283.72;10.09;975;67;3815.00;76
10045;66;626798964;10045;240;11053;11162;7.41;0.45;283.77;10.05;1008;67;3816.00;109
10048;66;626798988;10048;236;11055;11163;7.37;0.45;283.74;10.05;1007;67;3817.00;108
10055;66;626799001;10055;233;11060;11163;7.39;0.45;283.73;10.05;1005;67;3818.00;103
10059;66;626799014;10059;239;11063;11163;7.36;0.45;283.75;10.04;1004;67;3819.00;100
10062;66;626799027;10062;241;11067;11163;7.33;0.44;283.75;10.04;1005;67;3820.00;96
10064;66;626799039;10064;242;11072;11163;7.27;0.44;283.79;10.04;1008;67;3821.00;91
10064;66;626799051;10064;242;11077;11163;7.29;0.44;283.79;10.04;1013;67;3822.00;86
10064;66;626799064;10064;253;11078;11163;7.26;0.44;283.79;10.04;1014;67;3823.00;85
10065;66;626799076;10065;263;11080;11164;7.26;0.44;283.79;10.04;1015;67;3824.00;84
10066;66;626799089;10066;267;11082;11166;7.18;0.44;283.85;10.04;1016;67;3825.00;84
10069;66;626799101;10069;277;11083;11166;7.05;0.43;283.88;10.04;1014;67;3826.00;83
10070;66;626799114;10070;290;11086;11170;6.94;0.42;283.87;10.03;1016;67;3827.00;84
10071;66;626799126;10071;298;11086;11170;6.81;0.41;283.85;10.03;1015;67;3828.00;84
10073;66;626799139;10073;303;11086;11170;6.69;0.41;283.84;10.03;1013;67;3829.00;84
10074;66;626799151;10074;306;11086;11170;6.64;0.40;283.84;10.03;1012;67;3830.00;84
10077;66;626799163;10077;311;11089;11176;6.58;0.40;283.85;10.03;1012;67;3831.00;87
10078;66;626799176;10078;307;11090;11176;6.57;0.40;283.83;10.03;1012;67;3832.00;86
10080;66;626799189;10080;307;11090;11176;6.54;0.40;283.85;10.03;1010;67;3833.00;86
10081;66;626799200;10081;304;11093;11179;6.60;0.40;283.83;10.03;1012;67;3834.00;86
10084;66;626799212;10084;303;11093;11179;6.55;0.40;283.82;10.03;1009;67;3835.00;86
10085;66;626799225;10085;306;11093;11179;6.49;0.40;283.83;10.03;1008;67;3836.00;86
10092;66;626799236;10092;307;11093;11180;6.45;0.39;283.86;10.03;1001;67;3837.00;87
10095;66;626799248;10095;300;11095;11181;6.41;0.39;283.81;10.10;1000;67;3838.00;86
10097;66;626799260;10097;295;11095;11181;6.32;0.38;283.81;10.10;998;67;3839.00;86
10101;66;626799273;10101;298;11110;11207;6.25;0.38;283.86;10.08;1009;67;3840.00;97
10103;66;626799286;10103;295;11111;11207;6.18;0.38;283.83;10.08;1008;67;3841.00;96
10104;66;626799297;10104;290;11113;11207;6.16;0.38;283.81;10.08;1009;67;3842.00;94
10105;66;626799314;10105;283;11115;11208;6.13;0.37;283.79;10.08;1010;67;3843.00;93
10109;66;626799325;10109;283;11116;11208;6.07;0.37;283.75;10.09;1007;67;3844.00;92
10112;66;626799338;10112;285;11118;11212;6.07;0.37;283.70;10.09;1006;67;3845.00;94
10115;67;626799350;10115;282;11121;11214;6.02;0.37;283.72;10.10;1006;68;3846.00;93
10117;67;626799368;10117;280;11125;11218;6.03;0.37;283.71;10.10;1008;68;3847.00;93
10121;67;626799383;10121;278;11125;11218;6.04;0.37;283.63;10.10;1004;68;3848.00;93
10124;67;626799396;10124;276;11125;11218;6.05;0.37;283.60;10.10;1001;68;3849.00;93
10128;67;626799407;10128;268;11125;11218;6.00;0.37;283.54;10.10;997;68;3850.00;93
10129;67;626799419;10129;272;11125;11218;6.02;0.37;283.53;10.10;996;68;3851.00;93
10132;67;626799430;10132;266;11135;11230;6.06;0.37;283.48;10.09;1003;68;3852.00;95
10136;67;626799443;10136;271;11135;11230;6.01;0.37;283.48;10.09;999;68;3853.00;95
10139;67;626799460;10139;267;11137;11230;6.01;0.37;283.43;10.16;998;68;3854.00;93
10143;67;626799488;10143;271;11137;11230;6.00;0.37;283.42;10.16;994;68;3855.00;93
10145;67;626799508;10145;275;11137;11230;6.02;0.37;283.37;10.16;992;68;3856.00;93
10145;67;626799528;10145;270;11139;11230;6.05;0.37;283.37;10.17;994;68;3857.00;91
10145;67;626799545;10145;273;11140;11231;6.06;0.37;283.37;10.17;995;68;3858.00;91
10146;67;626799560;10146;278;11142;11231;6.06;0.37;283.39;10.17;996;68;3859.00;89
10149;67;626799572;10149;276;11145;11237;6.05;0.37;283.42;10.17;996;68;3860.00;92
10151;67;626799585;10151;279;11147;11238;6.04;0.37;283.41;10.17;996;68;3861.00;91
10152;67;626799598;10152;297;11148;11238;5.99;0.37;283.38;10.17;996;68;3862.00;90
10155;67;626799612;10155;298;11149;11238;5.97;0.36;283.43;10.17;994;68;3863.00;89
10156;67;626799625;10156;303;11152;11242;5.99;0.37;283.40;10.17;996;68;3864.00;90
10156;67;626799638;10156;301;11152;11242;6.01;0.37;283.40;10.17;996;68;3865.00;90
10159;67;626799651;10159;309;11153;11242;6.02;0.37;283.38;10.18;994;68;3866.00;89
10161;67;626799664;10161;303;11155;11243;6.04;0.37;283.36;10.18;994;68;3867.00;88
10163;67;626799676;10163;299;11158;11247;6.07;0.37;283.35;10.18;995;68;3868.00;89
10165;67;626799688;10165;299;11159;11247;6.13;0.37;283.37;10.18;994;68;3869.00;88
10165;67;626799702;10165;295;11163;11253;6.24;0.38;283.37;10.18;998;68;3870.00;90
10167;67;626799715;10167;288;11165;11253;6.30;0.38;283.36;10.19;998;68;3871.00;88
10168;67;626799728;10168;288;11166;11253;6.38;0.39;283.36;10.20;998;68;3872.00;87
10170;67;626799742;10170;288;11167;11253;6.44;0.39;283.39;10.20;997;68;3873.00;86
10172;67;626799760;10172;289;11170;11257;6.54;0.40;283.39;10.20;998;68;3874.00;87
10175;67;626799773;10175;285;11172;11257;6.63;0.40;283.34;10.21;997;68;3875.00;85
10175;67;626799786;10175;280;11172;11257;6.74;0.41;283.34;10.21;997;68;3876.00;85
10177;68;626799799;10177;283;11175;11257;6.83;0.42;283.32;10.23;998;69;3877.00;82
10178;68;626799825;10178;285;11176;11258;6.93;0.42;283.32;10.23;998;69;3878.00;82
10179;68;626799838;10179;281;11177;11259;6.93;0.42;283.32;10.23;998;69;3879.00;82
10179;68;626799852;10179;278;11179;11259;6.93;0.42;283.32;10.25;1000;69;3880.00;80
10181;68;626799864;10181;279;11181;11260;6.92;0.42;283.34;10.26;1000;69;3881.00;79
10181;68;626799878;10181;284;11182;11260;6.88;0.42;283.34;10.27;1001;69;3882.00;78
10183;68;626799896;10183;282;11183;11260;6.85;0.42;283.31;10.28;1000;69;3883.00;77
10184;68;626799908;10184;285;11184;11260;6.87;0.42;283.35;10.29;1000;69;3884.00;76
10185;68;626799920;10185;282;11185;11260;6.86;0.42;283.35;10.30;1000;69;3885.00;75
10187;68;626799932;10187;289;11186;11260;6.84;0.42;283.36;10.31;999;69;3886.00;74
10189;68;626799944;10189;294;11186;11260;6.79;0.41;283.35;10.31;997;69;3887.00;74
10191;68;626799956;10191;315;11254;11387;6.98;0.43;283.44;10.26;1063;69;3888.00;133
10192;68;626799980;10192;299;11259;11388;6.93;0.43;283.45;10.27;1067;69;3889.00;129
10194;68;626799994;10194;282;11269;11388;6.97;0.43;283.47;10.27;1075;69;3890.00;119
10194;68;626800008;10194;283;11274;11388;6.98;0.43;283.47;10.27;1080;69;3891.00;114
10196;68;626800022;10196;284;11280;11388;6.99;0.43;283.50;10.28;1084;69;3892.00;108
10199;68;626800036;10199;282;11284;11388;6.98;0.43;283.57;10.27;1085;69;3893.00;104
10200;68;626800050;10200;282;11291;11388;6.92;0.43;283.57;10.29;1091;69;3894.00;97
10203;68;626800072;10203;283;11295;11388;6.90;0.42;283.62;10.28;1092;69;3895.00;93
10207;68;626800086;10207;286;11300;11389;6.93;0.43;283.63;10.29;1093;69;3896.00;89
10211;68;626800101;10211;295;11304;11390;6.99;0.43;283.55;10.29;1093;69;3897.00;86
10213;68;626800116;10213;308;11306;11390;7.05;0.43;283.61;10.29;1093;69;3898.00;84
10214;68;626800130;10214;311;11308;11391;7.09;0.44;283.64;10.30;1094;69;3899.00;83
10217;68;626800147;10217;324;11314;11406;7.07;0.43;283.70;10.30;1097;69;3900.00;92
10221;68;626800168;10221;334;11316;11406;6.99;0.43;283.79;10.30;1095;69;3901.00;90
10226;68;626800182;10226;338;11319;11406;6.87;0.42;283.84;10.30;1093;69;3902.00;87
10226;68;626800196;10226;345;11322;11410;6.83;0.42;283.84;10.30;1096;69;3903.00;88
10232;68;626800209;10232;346;11325;11410;6.62;0.41;283.86;10.31;1093;69;3904.00;85
10234;68;626800222;10234;357;11326;11410;6.51;0.40;283.89;10.31;1092;69;3905.00;84
10240;68;626800235;10240;367;11331;11413;6.38;0.39;283.97;10.32;1091;69;3906.00;82
10242;68;626800249;10242;369;11332;11413;6.31;0.39;283.99;10.32;1090;69;3907.00;81
10246;68;626800262;10246;379;11334;11413;6.19;0.38;284.06;10.32;1088;69;3908.00;79
10249;68;626800276;10249;379;11339;11417;6.11;0.38;284.05;10.33;1090;69;3909.00;78
10258;68;626800289;10258;368;11340;11418;6.00;0.37;284.05;10.32;1082;69;3910.00;78
10262;68;626800303;10262;363;11340;11418;5.96;0.36;284.15;10.32;1078;69;3911.00;78
10267;68;626800317;10267;366;11343;11422;5.96;0.36;284.17;10.32;1076;69;3912.00;79
10269;68;626800331;10269;361;11345;11422;5.95;0.36;284.21;10.32;1076;69;3913.00;77
10274;68;626800344;10274;371;11349;11422;5.93;0.36;284.27;10.33;1075;69;3914.00;73
10275;68;626800357;10275;372;11351;11424;6.02;0.37;284.32;10.33;1076;69;3915.00;73
10280;68;626800370;10280;370;11351;11424;6.03;0.37;284.38;10.33;1071;69;3916.00;73
10282;68;626800385;10282;367;11357;11430;6.17;0.38;284.43;10.33;1075;69;3917.00;73
10284;68;626800400;10284;361;11357;11430;6.22;0.38;284.43;10.33;1073;69;3918.00;73
10288;68;626800414;10288;359;11358;11431;6.29;0.38;284.44;10.33;1070;69;3919.00;73
10294;68;626800428;10294;355;11358;11431;6.35;0.39;284.56;10.33;1064;69;3920.00;73
10297;68;626800443;10297;351;11358;11431;6.42;0.39;284.66;10.33;1061;69;3921.00;73
10303;68;626800460;10303;340;11358;11431;6.47;0.39;284.73;10.33;1055;69;3922.00;73
10307;68;626800474;10307;339;11359;11431;6.51;0.40;284.78;10.33;1052;69;3923.00;72
10314;68;626800488;10314;335;11368;11443;6.59;0.40;284.86;10.32;1054;69;3924.00;75
10317;68;626800504;10317;331;11369;11443;6.59;0.40;284.96;10.33;1052;69;3925.00;74
10320;68;626800518;10320;332;11369;11443;6.61;0.40;285.01;10.33;1049;69;3926.00;74
10322;68;626800531;10322;325;11369;11443;6.61;0.40;285.02;10.33;1047;69;3927.00;74
10326;68;626800544;10326;320;11369;11443;6.65;0.41;285.06;10.33;1043;69;3928.00;74
10332;68;626800557;10332;319;11371;11443;6.63;0.40;285.15;10.33;1039;69;3929.00;72
10334;68;626800572;10334;321;11374;11447;6.73;0.41;285.12;10.32;1040;69;3930.00;73
10339;68;626800586;10339;324;11375;11447;6.76;0.41;285.18;10.33;1036;69;3931.00;72
10339;68;626800600;10339;323;11377;11451;6.85;0.42;285.18;10.32;1038;69;3932.00;74
10343;68;626800613;10343;328;11378;11452;6.93;0.42;285.24;10.32;1035;69;3933.00;74
10347;68;626800627;10347;328;11380;11452;6.98;0.43;285.31;10.33;1033;69;3934.00;72
10352;68;626800640;10352;336;11380;11452;7.00;0.43;285.30;10.33;1028;69;3935.00;72
10357;68;626800653;10357;338;11391;11465;6.97;0.42;285.30;10.32;1034;69;3936.00;74
10360;68;626800668;10360;338;11392;11465;6.97;0.42;285.35;10.32;1032;69;3937.00;73
10362;68;626800681;10362;335;11392;11465;6.96;0.42;285.34;10.32;1030;69;3938.00;73
10369;68;626800695;10369;335;11394;11466;7.02;0.43;285.34;10.32;1025;69;3939.00;72
10373;68;626800708;10373;337;11395;11467;7.01;0.43;285.34;10.32;1022;69;3940.00;72
10378;68;626800721;10378;336;11396;11467;7.00;0.43;285.36;10.32;1018;69;3941.00;71
10381;68;626800735;10381;333;11398;11470;7.03;0.43;285.40;10.32;1017;69;3942.00;72
10389;68;626800749;10389;334;11400;11470;7.03;0.43;285.46;10.32;1011;69;3943.00;70
10394;68;626800763;10394;328;11400;11470;7.03;0.43;285.47;10.32;1006;69;3944.00;70
10397;68;626800776;10397;326;11400;11470;7.03;0.43;285.52;10.32;1003;69;3945.00;70
10399;68;626800791;10399;323;11404;11476;7.08;0.43;285.52;10.32;1005;69;3946.00;72
10402;68;626800804;10402;324;11405;11476;7.09;0.43;285.54;10.32;1003;69;3947.00;71
10404;68;626800818;10404;324;11406;11476;7.11;0.43;285.58;10.32;1002;69;3948.00;70
10408;68;626800831;10408;324;11406;11476;7.04;0.43;285.62;10.32;998;69;3949.00;70
10411;68;626800845;10411;323;11409;11480;7.03;0.43;285.69;10.31;998;69;3950.00;71
10416;68;626800858;10416;324;11410;11481;7.00;0.42;285.71;10.31;994;69;3951.00;71
10421;68;626800873;10421;326;11410;11481;6.98;0.42;285.74;10.31;989;69;3952.00;71
10423;68;626800887;10423;328;11412;11482;6.96;0.42;285.80;10.39;989;69;3953.00;70
10425;68;626800903;10425;328;11412;11482;6.89;0.42;285.81;10.39;987;69;3954.00;70
10429;68;626800919;10429;326;11412;11482;6.82;0.41;285.85;10.39;983;69;3955.00;70
10429;68;626800934;10429;333;11412;11482;6.76;0.41;285.85;10.39;983;69;3956.00;70
10433;68;626800950;10433;332;11412;11482;6.68;0.41;285.89;10.39;979;69;3957.00;70
10436;68;626800963;10436;322;11412;11482;6.62;0.40;285.90;10.39;976;69;3958.00;70
10440;68;626800976;10440;320;11412;11482;6.63;0.40;285.98;10.39;972;69;3959.00;70
10446;68;626800992;10446;346;11483;11607;6.66;0.41;286.02;10.32;1037;69;3960.00;124
10447;68;626801014;10447;335;11485;11608;6.66;0.41;286.07;10.32;1038;69;3961.00;123
10452;68;626801028;10452;327;11491;11608;6.70;0.41;286.08;10.32;1039;69;3962.00;117
10454;68;626801047;10454;326;11495;11608;6.80;0.42;286.10;10.31;1041;69;3963.00;113
10457;68;626801066;10457;323;11499;11608;6.91;0.42;286.12;10.31;1042;69;3964.00;109
10460;68;626801079;10460;337;11503;11608;6.94;0.43;286.19;10.31;1043;69;3965.00;105
10466;68;626801098;10466;325;11506;11608;7.00;0.43;286.21;10.31;1040;69;3966.00;102
10467;68;626801112;10467;312;11506;11608;7.07;0.43;286.26;10.31;1039;69;3967.00;102
10470;68;626801125;10470;312;11511;11609;7.15;0.44;286.23;10.31;1041;69;3968.00;98
10471;68;626801145;10471;309;11512;11610;7.22;0.44;286.28;10.31;1041;69;3969.00;98
10474;68;626801159;10474;307;11515;11610;7.26;0.44;286.35;10.31;1041;69;3970.00;95
10476;68;626801173;10476;309;11520;11614;7.20;0.44;286.38;10.30;1044;69;3971.00;94
10480;68;626801187;10480;301;11520;11614;7.13;0.44;286.46;10.30;1040;69;3972.00;94
10484;68;626801201;10484;305;11520;11614;7.05;0.43;286.50;10.30;1036;69;3973.00;94
10484;68;626801215;10484;301;11522;11614;7.06;0.43;286.50;10.30;1038;69;3974.00;92
10486;68;626801228;10486;306;11525;11620;7.09;0.43;286.53;10.30;1039;69;3975.00;95
10491;68;626801242;10491;312;11526;11620;7.08;0.43;286.52;10.30;1035;69;3976.00;94
10492;68;626801257;10492;307;11527;11620;7.10;0.43;286.51;10.30;1035;69;3977.00;93
10493;68;626801276;10493;304;11529;11623;7.13;0.44;286.50;10.30;1036;69;3978.00;94
10495;68;626801290;10495;301;11530;11623;7.09;0.43;286.48;10.30;1035;69;3979.00;93
10497;68;626801304;10497;302;11530;11623;7.10;0.43;286.48;10.30;1033;69;3980.00;93
10499;68;626801317;10499;304;11530;11624;7.14;0.44;286.48;10.30;1031;69;3981.00;94
10503;68;626801330;10503;302;11531;11625;7.18;0.44;286.59;10.30;1028;69;3982.00;94
10506;68;626801344;10506;303;11531;11625;7.17;0.44;286.61;10.30;1025;69;3983.00;94
10508;68;626801358;10508;303;11541;11638;7.20;0.44;286.65;10.29;1033;69;3984.00;97
10512;68;626801372;10512;303;11541;11638;7.16;0.44;286.67;10.29;1029;69;3985.00;97
10516;68;626801385;10516;306;11541;11638;7.15;0.44;286.68;10.29;1025;69;3986.00;97
10521;68;626801398;10521;309;11542;11639;7.17;0.44;286.72;10.29;1021;69;3987.00;97
10523;68;626801414;10523;312;11542;11639;7.15;0.44;286.71;10.29;1019;69;3988.00;97
10526;68;626801427;10526;315;11545;11643;7.14;0.44;286.73;10.28;1019;69;3989.00;98
10528;68;626801442;10528;319;11545;11643;7.08;0.43;286.75;10.28;1017;69;3990.00;98
10532;68;626801460;10532;319;11549;11647;7.01;0.43;286.72;10.28;1017;69;3991.00;98
10535;68;626801481;10535;328;11549;11647;6.96;0.43;286.71;10.28;1014;69;3992.00;98
10535;68;626801503;10535;330;11549;11647;6.92;0.42;286.71;10.28;1014;69;3993.00;98
10537;68;626801526;10537;331;11549;11647;6.80;0.42;286.69;10.28;1012;69;3994.00;98
10537;68;626801546;10537;338;11549;11647;6.75;0.41;286.69;10.28;1012;69;3995.00;98
10540;68;626801565;10540;342;11560;11659;6.75;0.41;286.68;10.35;1020;69;3996.00;99
10543;68;626801580;10543;344;11561;11659;6.73;0.41;286.68;10.35;1018;69;3997.00;98
10544;68;626801594;10544;342;11561;11659;6.74;0.41;286.66;10.35;1017;69;3998.00;98
10548;68;626801607;10548;341;11561;11659;6.66;0.41;286.58;10.35;1013;69;3999.00;98
10550;68;626801621;10550;339;11561;11659;6.66;0.41;286.58;10.35;1011;69;4000.00;98
10553;68;626801639;10553;340;11561;11659;6.60;0.40;286.53;10.35;1008;69;4001.00;98
10556;68;626801653;10556;337;11561;11660;6.46;0.40;286.51;10.35;1005;69;4002.00;99
10559;68;626801667;10559;341;11561;11660;6.36;0.39;286.53;10.35;1002;69;4003.00;99
10562;68;626801680;10562;341;11565;11666;6.28;0.38;286.51;10.34;1003;69;4004.00;101
10563;68;626801695;10563;335;11568;11668;6.24;0.38;286.52;10.34;1005;69;4005.00;100
10563;68;626801707;10563;331;11568;11668;6.20;0.38;286.52;10.34;1005;69;4006.00;100
10566;68;626801720;10566;324;11568;11668;6.15;0.38;286.61;10.34;1002;69;4007.00;100
10568;68;626801732;10568;324;11571;11672;6.13;0.38;286.58;10.34;1003;69;4008.00;101
10571;68;626801744;10571;325;11571;11672;6.07;0.37;286.53;10.34;1000;69;4009.00;101
10573;68;626801755;10573;322;11571;11672;5.97;0.37;286.55;10.34;998;69;4010.00;101
10577;68;626801767;10577;324;11572;11673;5.91;0.36;286.53;10.34;995;69;4011.00;101
10580;68;626801778;10580;321;11575;11677;5.83;0.36;286.56;10.33;995;69;4012.00;102
10583;68;626801790;10583;320;11575;11677;5.78;0.35;286.55;10.33;992;69;4013.00;102
10585;68;626801801;10585;320;11577;11680;5.80;0.36;286.58;10.33;992;69;4014.00;103
10587;68;626801813;10587;317;11581;11680;5.81;0.36;286.59;10.44;994;69;4015.00;99
10591;68;626801825;10591;317;11581;11680;5.78;0.35;286.59;10.44;990;69;4016.00;99
10594;68;626801836;10594;321;11583;11680;5.72;0.35;286.62;10.59;989;69;4017.00;97
10595;68;626801847;10595;318;11586;11684;5.76;0.35;286.62;10.59;991;69;4018.00;98
10599;68;626801859;10599;303;11586;11684;5.80;0.35;286.58;10.59;987;69;4019.00;98
10601;68;626801872;10601;292;11587;11684;5.86;0.36;286.56;10.58;986;69;4020.00;97
10602;68;626801885;10602;281;11588;11684;5.94;0.36;286.56;10.66;986;69;4021.00;96
10605;68;626801896;10605;280;11588;11685;6.00;0.37;286.55;10.66;983;69;4022.00;97
10606;68;626801909;10606;270;11589;11686;6.10;0.37;286.54;10.66;983;69;4023.00;97
10608;68;626801921;10608;265;11590;11686;6.13;0.37;286.52;10.72;982;69;4024.00;96
10610;68;626801934;10610;267;11591;11687;6.16;0.38;286.49;10.72;981;69;4025.00;96
10613;68;626801952;10613;263;11592;11687;6.15;0.38;286.45;10.79;979;69;4026.00;95
10614;69;626801964;10614;261;11593;11687;6.20;0.38;286.44;10.79;979;70;4027.00;94
10616;69;626801990;10616;260;11593;11687;6.29;0.38;286.43;10.79;977;70;4028.00;94
10617;69;626802003;10617;264;11593;11687;6.35;0.39;286.43;10.79;976;70;4029.00;94
10618;69;626802016;10618;259;11593;11687;6.44;0.39;286.45;10.79;975;70;4030.00;94
10619;69;626802028;10619;244;11593;11687;6.49;0.39;286.47;10.79;974;70;4031.00;94
10620;69;626802040;10620;261;11657;11814;6.82;0.42;286.47;10.73;1037;70;4032.00;157
10622;69;626802063;10622;257;11660;11815;6.86;0.42;286.48;10.73;1038;70;4033.00;155
10622;69;626802076;10622;253;11670;11815;6.95;0.43;286.48;10.72;1048;70;4034.00;145
10625;69;626802089;10625;249;11673;11815;6.97;0.43;286.46;10.72;1048;70;4035.00;142
10625;69;626802102;10625;250;11679;11815;7.00;0.43;286.46;10.72;1054;70;4036.00;136
10626;69;626802115;10626;249;11684;11815;7.03;0.43;286.46;10.71;1058;70;4037.00;131
10627;69;626802136;10627;247;11689;11815;7.11;0.44;286.45;10.71;1062;70;4038.00;126
10628;69;626802150;10628;242;11693;11815;7.17;0.44;286.45;10.71;1065;70;4039.00;122
10630;69;626802163;10630;243;11699;11816;7.27;0.44;286.42;10.72;1069;70;4040.00;117
10634;69;626802176;10634;240;11703;11817;7.28;0.44;286.43;10.73;1069;70;4041.00;114
10636;69;626802190;10636;242;11704;11817;7.27;0.44;286.53;10.73;1068;70;4042.00;113
10638;69;626802203;10638;244;11706;11818;7.27;0.44;286.51;10.74;1068;70;4043.00;112
10640;69;626802217;10640;246;11708;11818;7.24;0.44;286.54;10.74;1068;70;4044.00;110
10642;69;626802231;10642;256;11710;11818;7.22;0.44;286.58;10.76;1068;70;4045.00;108
10645;69;626802245;10645;264;11713;11818;7.23;0.44;286.69;10.77;1068;70;4046.00;105
10649;69;626802259;10649;269;11717;11822;7.23;0.44;286.70;10.78;1068;70;4047.00;105
10651;69;626802274;10651;272;11719;11822;7.20;0.44;286.67;10.78;1068;70;4048.00;103
10654;69;626802288;10654;279;11721;11822;7.18;0.44;286.76;10.80;1067;70;4049.00;101
10656;69;626802304;10656;292;11726;11828;7.19;0.44;286.80;10.80;1070;70;4050.00;102
10657;69;626802318;10657;298;11727;11828;7.15;0.44;286.84;10.81;1070;70;4051.00;101
10659;69;626802332;10659;312;11730;11828;7.09;0.43;286.87;10.82;1071;70;4052.00;98
10662;69;626802346;10662;313;11734;11832;7.00;0.43;286.89;10.82;1072;70;4053.00;98
10664;69;626802360;10664;313;11738;11833;6.88;0.42;286.89;10.84;1074;70;4054.00;95
10665;69;626802373;10665;323;11739;11833;6.78;0.41;286.93;10.84;1074;70;4055.00;94
10667;69;626802386;10667;332;11743;11837;6.71;0.41;286.98;10.84;1076;70;4056.00;94
10669;69;626802400;10669;343;11745;11837;6.59;0.40;286.96;10.85;1076;70;4057.00;92
10671;69;626802413;10671;345;11745;11837;6.50;0.40;287.05;10.85;1074;70;4058.00;92
10672;69;626802426;10672;346;11749;11838;6.48;0.40;287.02;10.87;1077;70;4059.00;89
10675;69;626802441;10675;346;11750;11838;6.42;0.39;287.14;10.87;1075;70;4060.00;88
10676;69;626802460;10676;349;11755;11844;6.42;0.39;287.18;10.88;1079;70;4061.00;89
10677;69;626802475;10677;349;11756;11844;6.37;0.39;287.22;10.89;1079;70;4062.00;88
10679;69;626802487;10679;346;11758;11845;6.38;0.39;287.24;10.89;1079;70;4063.00;87
10682;69;626802501;10682;343;11759;11845;6.34;0.39;287.29;10.90;1077;70;4064.00;86
10683;69;626802514;10683;339;11759;11845;6.35;0.39;287.27;10.90;1076;70;4065.00;86
10686;69;626802527;10686;340;11761;11845;6.34;0.39;287.29;10.91;1075;70;4066.00;84
10688;69;626802539;10688;337;11761;11845;6.33;0.39;287.29;10.91;1073;70;4067.00;84
10694;69;626802551;10694;329;11770;11857;6.38;0.39;287.28;10.90;1076;70;4068.00;87
10696;69;626802565;10696;321;11771;11857;6.37;0.39;287.35;10.91;1075;70;4069.00;86
10697;69;626802577;10697;332;11775;11857;6.39;0.39;287.36;10.91;1078;70;4070.00;82
10699;69;626802589;10699;321;11776;11857;6.33;0.39;287.43;10.92;1077;70;4071.00;81
10703;69;626802602;10703;317;11777;11857;6.26;0.38;287.47;10.92;1074;70;4072.00;80
10707;69;626802619;10707;322;11777;11857;6.19;0.38;287.52;10.92;1070;70;4073.00;80
10710;69;626802631;10710;320;11782;11861;6.13;0.38;287.55;10.93;1072;70;4074.00;79
10716;69;626802644;10716;320;11782;11861;6.07;0.37;287.58;10.93;1066;70;4075.00;79
10721;69;626802655;10721;322;11785;11865;6.12;0.37;287.63;10.92;1064;70;4076.00;80
10726;69;626802668;10726;324;11787;11866;6.06;0.37;287.69;10.93;1061;70;4077.00;79
10731;69;626802680;10731;336;11788;11866;5.99;0.37;287.72;10.93;1057;70;4078.00;78
10734;69;626802695;10734;344;11789;11866;5.88;0.36;287.71;10.94;1055;70;4079.00;77
10737;69;626802708;10737;341;11810;11895;5.77;0.35;287.72;10.93;1073;70;4080.00;85
10739;69;626802722;10739;336;11811;11895;5.73;0.35;287.77;10.93;1072;70;4081.00;84
10743;69;626802734;10743;339;11813;11895;5.70;0.35;287.82;10.93;1070;70;4082.00;82
10747;69;626802746;10747;342;11817;11896;5.73;0.35;287.87;10.93;1070;70;4083.00;79
10754;69;626802757;10754;350;11820;11897;5.79;0.35;287.99;10.93;1066;70;4084.00;77
10759;69;626802769;10759;354;11820;11897;5.80;0.35;288.02;10.93;1061;70;4085.00;77
10762;69;626802782;10762;358;11823;11900;5.87;0.36;288.02;10.93;1061;70;4086.00;77
10766;69;626802794;10766;355;11823;11900;5.88;0.36;288.07;10.93;1057;70;4087.00;77
10770;69;626802806;10770;349;11823;11900;5.97;0.36;288.03;10.93;1053;70;4088.00;77
10775;69;626802819;10775;342;11823;11900;6.04;0.37;288.08;10.93;1048;70;4089.00;77
10778;69;626802831;10778;337;11828;11906;6.14;0.37;288.11;10.93;1050;70;4090.00;78
10781;69;626802844;10781;333;11828;11906;6.21;0.38;288.19;10.93;1047;70;4091.00;78
10784;69;626802856;10784;330;11829;11906;6.28;0.38;288.20;11.00;1045;70;4092.00;77
10787;69;626802869;10787;325;11829;11906;6.38;0.39;288.24;11.00;1042;70;4093.00;77
10793;69;626802882;10793;320;11832;11910;6.48;0.40;288.28;10.99;1039;70;4094.00;78
10797;69;626802895;10797;315;11834;11912;6.57;0.40;288.32;10.99;1037;70;4095.00;78
10800;69;626802909;10800;317;11834;11912;6.65;0.41;288.39;10.99;1034;70;4096.00;78
10804;69;626802922;10804;317;11835;11913;6.76;0.41;288.43;10.99;1031;70;4097.00;78
10811;69;626802935;10811;312;11835;11913;6.77;0.41;288.52;10.99;1024;70;4098.00;78
10815;69;626802949;10815;305;11835;11913;6.83;0.42;288.53;10.99;1020;70;4099.00;78
10819;69;626802963;10819;303;11835;11913;6.88;0.42;288.52;10.99;1016;70;4100.00;78
10824;69;626802981;10824;305;11835;11913;6.87;0.42;288.52;10.99;1011;70;4101.00;78
10826;69;626802993;10826;303;11835;11913;6.93;0.42;288.53;10.99;1009;70;4102.00;78
10829;69;626803006;10829;299;11835;11913;7.00;0.43;288.56;10.99;1006;70;4103.00;78
10833;69;626803019;10833;306;11874;11983;6.93;0.42;288.56;10.96;1041;70;4104.00;109
10837;69;626803042;10837;298;11874;11984;6.97;0.43;288.55;10.96;1037;70;4105.00;110
10841;69;626803056;10841;293;11879;11984;7.10;0.43;288.61;10.95;1038;70;4106.00;105
10849;69;626803069;10849;289;11883;11984;7.22;0.44;288.71;10.95;1034;70;4107.00;101
10854;69;626803083;10854;297;11888;11984;7.37;0.45;288.77;10.95;1034;70;4108.00;96
10856;69;626803097;10856;303;11892;11984;7.49;0.46;288.83;10.94;1036;70;4109.00;92
10862;69;626803112;10862;309;11895;11984;7.53;0.46;288.87;10.94;1033;70;4110.00;89
10865;69;626803125;10865;307;11896;11984;7.53;0.46;288.91;10.94;1031;70;4111.00;88
10869;69;626803143;10869;309;11898;11985;7.48;0.46;288.92;10.94;1029;70;4112.00;87
10874;69;626803157;10874;308;11899;11986;7.40;0.45;288.96;10.94;1025;70;4113.00;87
10880;69;626803170;10880;315;11900;11986;7.34;0.45;289.02;10.94;1020;70;4114.00;86
10882;69;626803184;10882;326;11902;11990;7.34;0.45;289.04;10.94;1020;70;4115.00;88
10887;69;626803197;10887;335;11902;11990;7.32;0.45;289.04;10.94;1015;70;4116.00;88
10891;69;626803210;10891;341;11902;11990;7.33;0.45;289.09;10.94;1011;70;4117.00;88
10895;69;626803224;10895;341;11902;11990;7.32;0.45;289.12;10.94;1007;70;4118.00;88
10898;69;626803242;10898;343;11906;11996;7.26;0.44;289.20;10.94;1008;70;4119.00;90
10901;69;626803256;10901;346;11908;11996;7.21;0.44;289.22;10.94;1007;70;4120.00;88
10910;69;626803269;10910;349;11909;11996;7.12;0.43;289.16;10.94;999;70;4121.00;87
10915;69;626803282;10915;350;11911;11999;7.10;0.43;289.21;10.93;996;70;4122.00;88
10919;69;626803294;10919;355;11912;11999;7.05;0.43;289.26;10.93;993;70;4123.00;87
10925;69;626803307;10925;362;11914;11999;6.92;0.42;289.30;10.93;989;70;4124.00;85
10928;70;626803320;10928;370;11914;12000;6.83;0.42;289.36;10.93;986;71;4125.00;86
10930;70;626803349;10930;374;11915;12001;6.74;0.41;289.34;10.93;985;71;4126.00;86
10933;70;626803362;10933;364;11915;12001;6.67;0.41;289.34;10.93;982;71;4127.00;86
10938;71;626803374;10938;363;11926;12014;6.69;0.41;289.34;10.92;988;72;4128.00;88
10939;71;626803405;10939;363;11926;12014;6.63;0.40;289.33;10.92;987;72;4129.00;88
10941;71;626803417;10941;362;11926;12014;6.56;0.40;289.32;10.92;985;72;4130.00;88
10944;71;626803430;10944;367;11927;12015;6.59;0.40;289.34;10.92;983;72;4131.00;88
10946;71;626803442;10946;376;11927;12015;6.59;0.40;289.33;10.92;981;72;4132.00;88
10950;71;626803459;10950;376;11930;12019;6.63;0.40;289.41;10.92;980;72;4133.00;89
10953;71;626803482;10953;380;11930;12019;6.67;0.41;289.51;10.92;977;72;4134.00;89
10958;71;626803501;10958;383;11934;12023;6.66;0.40;289.53;10.92;976;72;4135.00;89
10962;71;626803522;10962;376;11934;12023;6.64;0.40;289.56;10.92;972;72;4136.00;89
10963;71;626803543;10963;365;11934;12023;6.64;0.41;289.55;10.92;971;72;4137.00;89
10967;71;626803561;10967;358;11934;12023;6.65;0.41;289.66;10.92;967;72;4138.00;89
10970;71;626803576;10970;349;11935;12023;6.62;0.40;289.62;10.99;965;72;4139.00;88
10973;71;626803592;10973;351;11959;12057;6.64;0.41;289.61;10.97;986;72;4140.00;98
10976;71;626803609;10976;349;11960;12057;6.66;0.41;289.63;10.97;984;72;4141.00;97
10978;71;626803623;10978;338;11961;12057;6.64;0.41;289.61;10.97;983;72;4142.00;96
10980;71;626803637;10980;340;11961;12057;6.59;0.40;289.59;10.97;981;72;4143.00;96
10981;71;626803651;10981;334;11962;12057;6.60;0.41;289.58;10.97;981;72;4144.00;95
10982;71;626803665;10982;334;11962;12057;6.67;0.41;289.57;10.97;980;72;4145.00;95
10986;71;626803678;10986;330;11963;12058;6.65;0.41;289.52;10.97;977;72;4146.00;95
10989;71;626803690;10989;327;11963;12058;6.65;0.41;289.48;10.97;974;72;4147.00;95
10991;71;626803703;10991;315;11967;12064;6.68;0.41;289.46;10.96;976;72;4148.00;97
10993;71;626803716;10993;316;11968;12065;6.72;0.41;289.43;10.96;975;72;4149.00;97
10994;71;626803730;10994;308;11969;12065;6.74;0.41;289.48;10.96;975;72;4150.00;96
10996;71;626803748;10996;305;11969;12065;6.73;0.41;289.45;10.96;973;72;4151.00;96
10999;71;626803769;10999;305;11973;12069;6.71;0.41;289.41;10.96;974;72;4152.00;96
11002;71;626803784;11002;302;11973;12069;6.64;0.41;289.37;10.96;971;72;4153.00;96
11006;71;626803802;11006;299;11973;12069;6.54;0.40;289.32;10.96;967;72;4154.00;96
11011;71;626803815;11011;303;11974;12070;6.50;0.40;289.35;10.96;963;72;4155.00;96
11011;71;626803827;11011;303;11977;12074;6.46;0.39;289.35;10.96;966;72;4156.00;97
11013;71;626803840;11013;306;11977;12074;6.42;0.39;289.35;10.96;964;72;4157.00;97
11013;71;626803852;11013;313;11979;12077;6.41;0.39;289.35;10.95;966;72;4158.00;98
11015;71;626803864;11015;323;11979;12077;6.31;0.38;289.34;10.95;964;72;4159.00;98
11016;71;626803882;11016;323;11980;12077;6.25;0.38;289.31;10.95;964;72;4160.00;97
11020;71;626803894;11020;329;11980;12077;6.21;0.38;289.34;10.95;960;72;4161.00;97
11021;71;626803912;11021;327;11983;12081;6.16;0.38;289.33;10.95;962;72;4162.00;98
11022;71;626803924;11022;329;11984;12081;6.10;0.37;289.33;11.03;962;72;4163.00;97
11023;71;626803936;11023;332;11985;12081;6.01;0.37;289.42;11.03;962;72;4164.00;96
11024;71;626803948;11024;339;11985;12081;5.97;0.36;289.42;11.03;961;72;4165.00;96
11025;71;626803959;11025;341;11985;12082;5.94;0.36;289.41;11.03;960;72;4166.00;97
11028;71;626803971;11028;346;11987;12083;5.88;0.36;289.40;11.10;959;72;4167.00;96
11029;71;626803983;11029;350;11987;12083;5.80;0.35;289.40;11.10;958;72;4168.00;96
11029;71;626803995;11029;353;11988;12084;5.76;0.35;289.40;11.10;959;72;4169.00;96
11030;71;626804008;11030;348;11988;12084;5.68;0.35;289.39;11.10;958;72;4170.00;96
11032;71;626804019;11032;330;11989;12084;5.58;0.34;289.40;11.18;957;72;4171.00;95
11033;71;626804031;11033;319;11989;12084;5.59;0.34;289.41;11.18;956;72;4172.00;95
11034;71;626804042;11034;308;11991;12086;5.61;0.34;289.40;11.18;957;72;4173.00;95
11037;71;626804054;11037;292;11991;12086;5.57;0.34;289.43;11.18;954;72;4174.00;95
11037;71;626804065;11037;282;11991;12086;5.62;0.34;289.43;11.18;954;72;4175.00;95
11039;71;626804076;11039;288;12060;12213;5.73;0.35;289.41;11.19;1021;72;4176.00;153
11040;71;626804099;11040;268;12061;12214;5.83;0.36;289.40;11.19;1021;72;4177.00;153
11041;71;626804111;11041;258;12068;12214;5.96;0.37;289.41;11.18;1027;72;4178.00;146
11044;71;626804123;11044;244;12069;12214;6.03;0.37;289.41;11.18;1025;72;4179.00;145
11046;71;626804135;11046;236;12072;12214;6.10;0.38;289.40;11.18;1026;72;4180.00;142
11047;71;626804157;11047;231;12075;12214;6.17;0.38;289.39;11.18;1028;72;4181.00;139
11050;71;626804170;11050;227;12079;12214;6.22;0.38;289.37;11.18;1029;72;4182.00;135
11051;71;626804189;11051;228;12081;12214;6.26;0.38;289.37;11.18;1030;72;4183.00;133
11053;72;626804202;11053;229;12084;12215;6.35;0.39;289.35;11.18;1031;73;4184.00;131
11055;72;626804230;11055;222;12088;12217;6.38;0.39;289.35;11.26;1033;73;4185.00;129
11058;73;626804244;11058;219;12094;12217;6.49;0.40;289.32;11.26;1036;74;4186.00;123
11058;73;626804264;11058;215;12095;12218;6.56;0.40;289.32;11.26;1037;74;4187.00;123
11060;73;626804277;11060;214;12100;12218;6.68;0.41;289.32;11.34;1040;74;4188.00;118
11062;73;626804291;11062;216;12105;12218;6.77;0.41;289.29;11.34;1043;74;4189.00;113
11062;73;626804304;11062;216;12108;12218;6.83;0.42;289.29;11.34;1046;74;4190.00;110
11064;73;626804317;11064;206;12112;12222;6.86;0.42;289.38;11.42;1048;74;4191.00;110
11065;73;626804330;11065;203;12113;12222;6.94;0.42;289.36;11.43;1048;74;4192.00;109
11069;73;626804343;11069;198;12114;12222;6.97;0.43;289.38;11.43;1045;74;4193.00;108
11072;73;626804368;11072;200;12117;12225;7.02;0.43;289.48;11.51;1045;74;4194.00;108
11075;73;626804382;11075;198;12118;12225;7.02;0.43;289.52;11.51;1043;74;4195.00;107
11076;73;626804418;11076;203;12118;12225;7.04;0.43;289.55;11.51;1042;74;4196.00;107
11079;73;626804431;11079;199;12124;12229;7.03;0.43;289.54;11.58;1045;74;4197.00;105
11083;73;626804445;11083;199;12125;12230;7.05;0.43;289.52;11.58;1042;74;4198.00;105
11086;73;626804461;11086;210;12126;12230;7.05;0.43;289.58;11.58;1040;74;4199.00;104
11088;73;626804477;11088;219;12135;12264;7.08;0.43;289.59;11.57;1047;74;4200.00;129
11094;73;626804499;11094;214;12139;12264;7.02;0.43;289.59;11.57;1045;74;4201.00;125
11097;73;626804514;11097;210;12140;12264;6.98;0.42;289.62;11.57;1043;74;4202.00;124
11098;73;626804528;11098;212;12141;12265;6.99;0.43;289.67;11.57;1043;74;4203.00;124
11103;73;626804543;11103;211;12142;12265;7.03;0.43;289.70;11.57;1039;74;4204.00;123
11106;73;626804557;11106;216;12146;12271;7.07;0.43;289.78;11.57;1040;74;4205.00;125
11109;73;626804572;11109;214;12148;12271;7.13;0.43;289.84;11.58;1039;74;4206.00;123
11111;73;626804587;11111;213;12150;12272;7.16;0.44;289.89;11.58;1039;74;4207.00;122
11116;73;626804601;11116;218;12150;12272;7.23;0.44;289.99;11.58;1034;74;4208.00;122
11117;73;626804616;11117;210;12151;12272;7.29;0.44;290.00;11.58;1034;74;4209.00;121
11119;73;626804631;11119;221;12153;12272;7.35;0.45;290.02;11.60;1034;74;4210.00;119
11123;73;626804645;11123;222;12154;12272;7.40;0.45;290.03;11.60;1031;74;4211.00;118
11125;73;626804660;11125;225;12163;12284;7.49;0.45;290.12;11.61;1038;74;4212.00;121
11129;73;626804676;11129;232;12167;12284;7.55;0.46;290.10;11.61;1038;74;4213.00;117
11131;73;626804691;11131;231;12168;12284;7.64;0.46;290.10;11.61;1037;74;4214.00;116
11133;73;626804706;11133;229;12170;12284;7.68;0.47;290.16;11.63;1037;74;4215.00;114
11134;73;626804721;11134;227;12170;12284;7.71;0.47;290.20;11.63;1036;74;4216.00;114
11136;73;626804734;11136;229;12173;12284;7.69;0.47;290.18;11.65;1037;74;4217.00;111
11139;73;626804749;11139;228;12177;12288;7.70;0.47;290.26;11.65;1038;74;4218.00;111
11140;73;626804764;11140;229;12181;12288;7.72;0.47;290.25;11.69;1041;74;4219.00;107
11143;73;626804778;11143;236;12184;12292;7.72;0.47;290.26;11.69;1041;74;4220.00;108
11145;73;626804793;11145;230;12186;12293;7.78;0.47;290.25;11.70;1041;74;4221.00;107
11149;73;626804808;11149;228;12188;12293;7.75;0.47;290.29;11.71;1039;74;4222.00;105
11153;73;626804823;11153;236;12188;12293;7.78;0.47;290.28;11.71;1035;74;4223.00;105
11158;73;626804838;11158;243;12197;12306;7.68;0.47;290.28;11.71;1039;74;4224.00;109
11159;73;626804853;11159;244;12199;12306;7.63;0.46;290.25;11.72;1040;74;4225.00;107
11163;73;626804867;11163;251;12200;12306;7.60;0.46;290.25;11.73;1037;74;4226.00;106
11166;73;626804882;11166;260;12201;12307;7.60;0.46;290.32;11.73;1035;74;4227.00;106
11168;73;626804896;11168;265;12204;12308;7.58;0.46;290.39;11.75;1036;74;4228.00;104
11169;73;626804911;11169;270;12204;12308;7.59;0.46;290.41;11.75;1035;74;4229.00;104
11171;73;626804926;11171;265;12207;12314;7.55;0.46;290.48;11.75;1036;74;4230.00;107
11174;73;626804942;11174;269;12211;12314;7.53;0.46;290.46;11.77;1037;74;4231.00;103
11177;73;626804956;11177;273;12212;12314;7.57;0.46;290.46;11.77;1035;74;4232.00;102
11180;73;626804972;11180;267;12214;12314;7.54;0.46;290.54;11.79;1034;74;4233.00;100
11182;73;626804986;11182;269;12219;12320;7.52;0.46;290.60;11.79;1037;74;4234.00;101
11183;73;626805000;11183;267;12220;12320;7.53;0.46;290.60;11.80;1037;74;4235.00;100
11187;73;626805015;11187;274;12220;12320;7.50;0.46;290.64;11.80;1033;74;4236.00;100
11187;73;626805030;11187;275;12220;12320;7.51;0.46;290.64;11.80;1033;74;4237.00;100
11191;73;626805044;11191;280;12225;12324;7.45;0.46;290.67;11.81;1034;74;4238.00;99
11193;73;626805058;11193;276;12226;12325;7.45;0.46;290.70;11.81;1033;74;4239.00;99
11195;73;626805072;11195;278;12227;12325;7.42;0.45;290.67;11.81;1032;74;4240.00;98
11198;73;626805086;11198;275;12230;12326;7.39;0.45;290.73;11.83;1032;74;4241.00;96
11202;73;626805100;11202;277;12230;12326;7.28;0.45;290.80;11.83;1028;74;4242.00;96
11204;73;626805113;11204;283;12232;12326;7.21;0.44;290.77;11.84;1028;74;4243.00;94
11212;73;626805125;11212;283;12232;12326;7.07;0.43;290.88;11.84;1020;74;4244.00;94
11220;73;626805139;11220;284;12232;12326;6.96;0.42;290.87;11.84;1012;74;4245.00;94
11222;73;626805153;11222;289;12235;12326;6.91;0.42;290.90;11.85;1013;74;4246.00;91
11228;73;626805165;11228;293;12236;12326;6.79;0.42;290.96;11.85;1008;74;4247.00;90
11232;73;626805179;11232;306;12271;12396;6.77;0.41;290.99;11.83;1039;74;4248.00;125
11236;73;626805198;11236;314;12273;12397;6.68;0.41;290.96;11.83;1037;74;4249.00;124
11240;73;626805211;11240;302;12281;12397;6.64;0.41;291.02;11.84;1041;74;4250.00;116
11245;73;626805224;11245;286;12286;12397;6.56;0.40;291.01;11.84;1041;74;4251.00;111
11249;73;626805236;11249;289;12294;12397;6.53;0.40;291.04;11.84;1045;74;4252.00;103
11257;73;626805250;11257;293;12298;12397;6.43;0.39;291.10;11.85;1041;74;4253.00;99
11260;73;626805263;11260;299;12304;12397;6.38;0.39;291.12;11.85;1044;74;4254.00;93
11264;73;626805275;11264;300;12305;12397;6.33;0.39;291.16;11.85;1041;74;4255.00;92
11270;73;626805289;11270;304;12309;12398;6.25;0.38;291.31;11.86;1039;74;4256.00;89
11274;73;626805302;11274;306;12312;12399;6.27;0.38;291.42;11.86;1038;74;4257.00;87
11276;73;626805316;11276;311;12315;12399;6.32;0.39;291.45;11.87;1039;74;4258.00;84
11280;73;626805328;11280;319;12318;12403;6.38;0.39;291.45;11.86;1038;74;4259.00;85
11283;73;626805349;11283;326;12320;12403;6.39;0.39;291.52;11.87;1037;74;4260.00;83
11288;73;626805362;11288;323;12320;12403;6.41;0.39;291.64;11.87;1032;74;4261.00;83
11292;73;626805374;11292;319;12320;12403;6.46;0.40;291.63;11.87;1028;74;4262.00;83
11295;73;626805385;11295;319;12324;12409;6.44;0.40;291.64;11.87;1029;74;4263.00;85
11301;73;626805398;11301;324;12324;12409;6.43;0.39;291.67;11.87;1023;74;4264.00;85
11303;73;626805410;11303;323;12325;12409;6.45;0.40;291.69;11.87;1022;74;4265.00;84
11308;73;626805422;11308;320;12328;12412;6.50;0.40;291.70;11.87;1020;74;4266.00;84
11313;73;626805435;11313;317;12329;12412;6.49;0.40;291.71;11.87;1016;74;4267.00;83
11319;73;626805447;11319;317;12330;12412;6.53;0.40;291.69;11.87;1011;74;4268.00;82
11322;73;626805463;11322;315;12331;12413;6.56;0.40;291.72;11.87;1009;74;4269.00;82
11324;73;626805483;11324;318;12332;12414;6.58;0.40;291.72;11.87;1008;74;4270.00;82
11330;73;626805502;11330;322;12334;12414;6.56;0.40;291.69;11.87;1004;74;4271.00;80
11334;73;626805529;11334;326;12348;12427;6.64;0.40;291.71;11.94;1014;74;4272.00;79
11338;73;626805549;11338;326;12349;12427;6.61;0.40;291.76;11.94;1011;74;4273.00;78
11345;73;626805570;11345;326;12349;12427;6.56;0.40;291.81;11.94;1004;74;4274.00;78
11350;73;626805585;11350;319;12351;12429;6.58;0.40;291.77;11.94;1001;74;4275.00;78
11355;73;626805599;11355;323;12352;12429;6.59;0.40;291.82;11.94;997;74;4276.00;77
11359;73;626805613;11359;320;12354;12433;6.55;0.40;291.81;11.93;995;74;4277.00;79
11364;73;626805628;11364;328;12357;12433;6.50;0.39;291.92;11.93;993;74;4278.00;76
11367;73;626805642;11367;325;12360;12437;6.51;0.39;291.92;11.93;993;74;4279.00;77
11371;73;626805655;11371;329;12360;12437;6.51;0.39;291.96;11.93;989;74;4280.00;77
11374;73;626805669;11374;330;12360;12437;6.48;0.39;291.94;11.93;986;74;4281.00;77
11378;73;626805683;11378;335;12360;12437;6.45;0.39;291.98;11.93;982;74;4282.00;77
11381;73;626805696;11381;341;12360;12437;6.43;0.39;292.03;11.93;979;74;4283.00;77
11386;73;626805708;11386;348;12371;12449;6.54;0.40;292.03;11.92;985;74;4284.00;78
11388;73;626805722;11388;350;12371;12449;6.53;0.40;292.04;11.92;983;74;4285.00;78
11391;73;626805735;11391;353;12371;12449;6.48;0.39;292.05;11.92;980;74;4286.00;78
11393;73;626805748;11393;360;12371;12449;6.45;0.39;292.06;11.92;978;74;4287.00;78
11396;73;626805763;11396;368;12371;12449;6.40;0.39;292.08;11.92;975;74;4288.00;78
11397;73;626805776;11397;374;12371;12449;6.39;0.39;292.07;11.92;974;74;4289.00;78
11400;73;626805791;11400;383;12371;12450;6.36;0.39;292.02;11.92;971;74;4290.00;79
11403;73;626805803;11403;388;12371;12450;6.34;0.39;292.04;11.92;968;74;4291.00;79
11406;73;626805816;11406;394;12375;12456;6.30;0.38;292.03;11.91;969;74;4292.00;81
11408;73;626805828;11408;404;12376;12457;6.28;0.38;292.03;11.91;968;74;4293.00;81
11412;73;626805840;11412;409;12377;12457;6.22;0.38;292.08;11.91;965;74;4294.00;80
11414;73;626805853;11414;415;12377;12457;6.18;0.38;292.05;11.91;963;74;4295.00;80
11416;73;626805865;11416;424;12380;12461;6.11;0.37;292.06;11.91;964;74;4296.00;81
11418;73;626805876;11418;414;12380;12461;6.06;0.37;292.03;11.91;962;74;4297.00;81
11421;73;626805889;11421;416;12380;12461;6.02;0.37;292.00;11.91;959;74;4298.00;81
11424;73;626805900;11424;419;12381;12462;6.01;0.37;292.03;11.91;957;74;4299.00;81
11430;73;626805913;11430;419;12384;12466;6.00;0.37;291.96;11.91;954;74;4300.00;82
11431;73;626805931;11431;419;12384;12466;6.00;0.37;291.95;11.91;953;74;4301.00;82
11437;73;626805945;11437;421;12386;12469;6.03;0.37;291.95;11.90;949;74;4302.00;83
11439;73;626805958;11439;419;12387;12469;6.06;0.37;291.94;11.90;948;74;4303.00;82
11439;73;626805971;11439;422;12387;12469;6.15;0.38;291.94;11.90;948;74;4304.00;82
11441;73;626805982;11441;422;12387;12469;6.19;0.38;291.92;11.90;946;74;4305.00;82
11445;73;626806002;11445;410;12390;12473;6.25;0.38;291.86;11.90;945;74;4306.00;83
11445;73;626806016;11445;399;12390;12473;6.33;0.39;291.86;11.90;945;74;4307.00;83
11448;73;626806035;11448;394;12391;12473;6.35;0.39;291.81;11.90;943;74;4308.00;82
11450;73;626806047;11450;382;12391;12473;6.39;0.39;291.78;11.90;941;74;4309.00;82
11450;73;626806060;11450;373;12391;12474;6.40;0.39;291.78;11.90;941;74;4310.00;83
11453;73;626806078;11453;364;12392;12475;6.39;0.39;291.78;11.90;939;74;4311.00;83
11454;73;626806091;11454;355;12392;12475;6.34;0.38;291.79;11.90;938;74;4312.00;83
11455;73;626806104;11455;348;12394;12476;6.32;0.38;291.81;11.98;939;74;4313.00;82
11456;73;626806116;11456;346;12394;12476;6.30;0.38;291.81;11.98;938;74;4314.00;82
11457;73;626806128;11457;345;12394;12476;6.33;0.38;291.79;11.98;937;74;4315.00;82
11457;73;626806140;11457;347;12394;12476;6.35;0.38;291.79;11.98;937;74;4316.00;82
11459;73;626806152;11459;340;12394;12476;6.38;0.39;291.79;11.98;935;74;4317.00;82
11462;73;626806164;11462;339;12394;12476;6.41;0.39;291.86;11.98;932;74;4318.00;82
11462;73;626806176;11462;340;12394;12476;6.44;0.39;291.86;11.98;932;74;4319.00;82
11463;73;626806191;11463;378;12504;12706;6.63;0.41;291.86;11.87;1041;74;4320.00;202
11466;73;626806221;11466;367;12508;12707;6.63;0.41;291.83;11.87;1042;74;4321.00;199
11467;73;626806234;11467;344;12518;12707;6.73;0.42;291.82;11.86;1051;74;4322.00;189
11469;73;626806248;11469;336;12523;12707;6.76;0.42;291.80;11.86;1054;74;4323.00;184
11469;73;626806261;11469;316;12530;12707;6.79;0.42;291.80;11.85;1061;74;4324.00;177
11472;73;626806274;11472;311;12535;12707;6.79;0.42;291.85;11.85;1063;74;4325.00;172
11475;73;626806293;11475;313;12540;12707;6.75;0.42;291.84;11.85;1065;74;4326.00;167
11477;73;626806311;11477;304;12545;12707;6.75;0.42;291.82;11.85;1068;74;4327.00;162
11478;73;626806325;11478;307;12550;12708;6.68;0.41;291.81;11.85;1072;74;4328.00;158
11478;73;626806345;11478;307;12554;12709;6.64;0.41;291.81;11.84;1076;74;4329.00;155
11478;73;626806358;11478;303;12558;12709;6.65;0.41;291.81;11.92;1080;74;4330.00;151
11479;73;626806372;11479;313;12561;12710;6.62;0.41;291.81;11.92;1082;74;4331.00;149
11479;73;626806386;11479;310;12565;12710;6.60;0.41;291.81;11.92;1086;74;4332.00;145
11480;73;626806406;11480;316;12568;12710;6.58;0.41;291.81;11.92;1088;74;4333.00;142
11481;73;626806419;11481;321;12570;12710;6.52;0.40;291.82;11.92;1089;74;4334.00;140
11482;73;626806438;11482;326;12574;12714;6.46;0.40;291.82;11.92;1092;74;4335.00;140
11483;73;626806454;11483;332;12575;12714;6.40;0.40;291.82;11.92;1092;74;4336.00;139
11484;73;626806469;11484;342;12576;12714;6.38;0.39;291.82;11.92;1092;74;4337.00;138
11484;73;626806484;11484;343;12578;12717;6.35;0.39;291.82;11.92;1094;74;4338.00;139
11485;73;626806498;11485;355;12581;12717;6.24;0.39;291.81;11.92;1096;74;4339.00;136
11487;73;626806512;11487;349;12581;12717;6.20;0.38;291.80;11.92;1094;74;4340.00;136
11489;73;626806526;11489;349;12584;12721;6.15;0.38;291.79;11.92;1095;74;4341.00;137
11492;73;626806539;11492;345;12587;12722;6.12;0.38;291.78;11.92;1095;74;4342.00;135
11493;73;626806552;11493;344;12588;12722;6.14;0.38;291.78;11.92;1095;74;4343.00;134
11495;73;626806565;11495;343;12589;12726;6.15;0.38;291.81;11.92;1094;74;4344.00;137
11495;73;626806578;11495;340;12590;12726;6.16;0.38;291.81;11.92;1095;74;4345.00;136
11498;73;626806591;11498;345;12592;12726;6.12;0.38;291.83;12.00;1094;74;4346.00;134
11502;73;626806604;11502;356;12594;12727;6.12;0.38;291.90;12.00;1092;74;4347.00;133
11505;73;626806622;11505;359;12594;12727;6.16;0.38;291.90;12.00;1089;74;4348.00;133
11509;73;626806634;11509;347;12598;12733;6.15;0.38;291.97;11.99;1089;74;4349.00;135
11515;73;626806650;11515;338;12601;12733;6.10;0.37;291.98;12.07;1086;74;4350.00;132
11517;73;626806663;11517;330;12601;12734;6.11;0.37;292.04;12.07;1084;74;4351.00;133
11521;73;626806675;11521;319;12601;12734;6.05;0.37;292.05;12.07;1080;74;4352.00;133
11521;73;626806688;11521;312;12603;12734;6.06;0.37;292.05;12.14;1082;74;4353.00;131
11526;73;626806700;11526;302;12604;12734;6.07;0.37;292.12;12.14;1078;74;4354.00;130
11528;73;626806712;11528;297;12607;12734;6.03;0.37;292.15;12.16;1079;74;4355.00;127
11529;73;626806726;11529;288;12619;12746;6.11;0.37;292.20;12.23;1090;74;4356.00;127
11532;73;626806740;11532;288;12619;12746;6.10;0.37;292.21;12.23;1087;74;4357.00;127
11533;73;626806752;11533;282;12620;12746;6.17;0.38;292.20;12.30;1087;74;4358.00;126
11536;73;626806765;11536;279;12620;12746;6.25;0.38;292.22;12.30;1084;74;4359.00;126
11540;73;626806778;11540;268;12621;12746;6.37;0.39;292.18;12.37;1081;74;4360.00;125
11543;73;626806791;11543;270;12621;12746;6.51;0.40;292.18;12.37;1078;74;4361.00;125
11545;73;626806804;11545;265;12625;12750;6.58;0.40;292.16;12.43;1080;74;4362.00;125
11549;73;626806818;11549;269;12625;12750;6.63;0.40;292.15;12.43;1076;74;4363.00;125
11550;73;626806830;11550;262;12627;12754;6.75;0.41;292.22;12.43;1077;74;4364.00;127
11553;73;626806845;11553;258;12630;12756;6.87;0.42;292.24;12.42;1077;74;4365.00;126
11556;73;626806858;11556;262;12632;12756;6.92;0.42;292.30;12.43;1076;74;4366.00;124
11561;73;626806871;11561;269;12632;12756;6.95;0.42;292.37;12.43;1071;74;4367.00;124
11563;73;626806884;11563;271;12641;12769;6.98;0.43;292.38;12.42;1078;74;4368.00;128
11569;73;626806898;11569;272;12642;12769;6.95;0.42;292.43;12.42;1073;74;4369.00;127
11571;73;626806911;11571;281;12642;12769;6.99;0.43;292.54;12.42;1071;74;4370.00;127
11573;73;626806924;11573;276;12643;12770;7.03;0.43;292.56;12.42;1070;74;4371.00;127
11576;73;626806938;11576;280;12644;12771;7.11;0.43;292.60;12.42;1068;74;4372.00;127
11580;73;626806951;11580;277;12644;12771;7.13;0.43;292.56;12.42;1064;74;4373.00;127
11583;73;626806965;11583;282;12646;12774;7.17;0.44;292.57;12.42;1063;74;4374.00;128
11584;73;626806980;11584;280;12648;12774;7.25;0.44;292.59;12.43;1064;74;4375.00;126
11586;73;626806993;11586;284;12649;12774;7.35;0.45;292.63;12.43;1063;74;4376.00;125
11593;73;626807007;11593;287;12650;12774;7.38;0.45;292.73;12.43;1057;74;4377.00;124
11595;73;626807021;11595;276;12654;12780;7.44;0.45;292.70;12.43;1059;74;4378.00;126
11600;73;626807036;11600;280;12655;12780;7.46;0.45;292.78;12.43;1055;74;4379.00;125
11602;73;626807051;11602;273;12656;12780;7.49;0.46;292.84;12.43;1054;74;4380.00;124
11606;73;626807065;11606;285;12657;12780;7.47;0.46;292.89;12.44;1051;74;4381.00;123
11610;73;626807079;11610;291;12661;12784;7.44;0.45;292.89;12.45;1051;74;4382.00;123
11614;73;626807093;11614;292;12665;12785;7.40;0.45;292.93;12.47;1051;74;4383.00;120
11616;73;626807107;11616;293;12666;12785;7.44;0.45;293.01;12.48;1050;74;4384.00;119
11618;73;626807122;11618;297;12670;12786;7.44;0.45;293.03;12.51;1052;74;4385.00;116
11622;73;626807136;11622;303;12670;12786;7.47;0.46;293.13;12.51;1048;74;4386.00;116
11622;73;626807150;11622;305;12672;12786;7.51;0.46;293.13;12.52;1050;74;4387.00;114
11625;73;626807164;11625;310;12675;12786;7.55;0.46;293.12;12.54;1050;74;4388.00;111
11626;73;626807178;11626;313;12675;12786;7.58;0.46;293.13;12.54;1049;74;4389.00;111
11627;73;626807191;11627;313;12676;12786;7.58;0.46;293.18;12.55;1049;74;4390.00;110
11630;73;626807204;11630;313;12679;12786;7.57;0.46;293.14;12.57;1049;74;4391.00;107
11633;73;626807218;11633;321;12714;12856;7.68;0.47;293.21;12.56;1081;74;4392.00;142
11636;73;626807237;11636;325;12717;12857;7.65;0.47;293.32;12.56;1081;74;4393.00;140
11640;73;626807251;11640;324;12727;12857;7.64;0.47;293.34;12.57;1087;74;4394.00;130
11646;73;626807265;11646;332;12729;12857;7.57;0.46;293.34;12.58;1083;74;4395.00;128
11648;73;626807279;11648;329;12736;12857;7.59;0.46;293.37;12.58;1088;74;4396.00;121
11651;73;626807293;11651;323;12742;12857;7.56;0.46;293.37;12.59;1091;74;4397.00;115
11654;73;626807306;11654;338;12748;12857;7.48;0.46;293.43;12.60;1094;74;4398.00;109
11654;74;626807319;11654;336;12752;12857;7.45;0.45;293.43;12.60;1098;75;4399.00;105
11659;74;626807339;11659;327;12755;12858;7.39;0.45;293.43;12.61;1096;75;4400.00;103
11661;74;626807357;11661;325;12758;12859;7.32;0.45;293.43;12.62;1097;75;4401.00;101
11664;74;626807371;11664;325;12758;12859;7.28;0.44;293.41;12.62;1094;75;4402.00;101
11668;74;626807385;11668;322;12763;12863;7.20;0.44;293.49;12.63;1095;75;4403.00;100
11671;74;626807399;11671;321;12763;12863;7.19;0.44;293.57;12.63;1092;75;4404.00;100
11672;74;626807412;11672;319;12765;12863;7.20;0.44;293.59;12.64;1093;75;4405.00;98
11675;74;626807426;11675;322;12767;12863;7.20;0.44;293.66;12.64;1092;75;4406.00;96
11679;74;626807440;11679;330;12772;12869;7.19;0.44;293.72;12.64;1093;75;4407.00;97
11681;74;626807465;11681;333;12773;12869;7.17;0.44;293.78;12.65;1092;75;4408.00;96
11683;74;626807486;11683;339;12773;12869;7.19;0.44;293.78;12.65;1090;75;4409.00;96
11686;74;626807511;11686;343;12781;12875;7.13;0.43;293.85;12.66;1095;75;4410.00;94
11688;74;626807532;11688;344;12781;12875;7.06;0.43;293.87;12.66;1093;75;4411.00;94
11692;74;626807552;11692;351;12783;12875;6.93;0.42;293.85;12.66;1091;75;4412.00;92
11692;74;626807569;11692;352;12784;12876;6.79;0.41;293.85;12.66;1092;75;4413.00;92
11696;74;626807583;11696;359;12785;12877;6.66;0.41;293.92;12.66;1089;75;4414.00;92
11700;74;626807601;11700;364;12787;12877;6.53;0.40;293.90;12.67;1087;75;4415.00;90
11703;74;626807619;11703;374;12798;12890;6.43;0.39;294.01;12.66;1095;75;4416.00;92
11710;74;626807634;11710;384;12799;12890;6.29;0.38;294.03;12.67;1089;75;4417.00;91
11713;74;626807649;11713;381;12800;12890;6.19;0.38;294.03;12.67;1087;75;4418.00;90
11717;74;626807667;11717;380;12801;12891;6.07;0.37;294.11;12.67;1084;75;4419.00;90
11722;74;626807680;11722;371;12802;12891;6.00;0.37;294.21;12.68;1080;75;4420.00;89
11726;74;626807693;11726;369;12806;12895;5.96;0.36;294.17;12.68;1080;75;4421.00;89
11731;74;626807707;11731;373;12806;12895;5.94;0.36;294.22;12.68;1075;75;4422.00;89
11735;74;626807720;11735;371;12810;12899;5.96;0.36;294.27;12.69;1075;75;4423.00;89
11737;75;626807734;11737;377;12812;12899;5.97;0.36;294.26;12.69;1075;76;4424.00;87
11740;75;626807754;11740;382;12815;12899;5.95;0.36;294.32;12.70;1075;76;4425.00;84
11742;75;626807767;11742;383;12815;12899;5.97;0.36;294.38;12.70;1073;76;4426.00;84
11745;75;626807779;11745;379;12816;12899;5.97;0.37;294.41;12.70;1071;76;4427.00;83
11747;75;626807797;11747;370;12827;12911;6.11;0.37;294.43;12.69;1080;76;4428.00;84
11753;75;626807812;11753;371;12827;12911;6.11;0.37;294.45;12.69;1074;76;4429.00;84
11757;75;626807825;11757;367;12828;12911;6.13;0.37;294.44;12.69;1071;76;4430.00;83
11761;75;626807837;11761;366;12828;12911;6.11;0.37;294.46;12.69;1067;76;4431.00;83
11764;75;626807851;11764;368;12828;12911;6.17;0.38;294.53;12.69;1064;76;4432.00;83
11769;75;626807864;11769;361;12828;12911;6.20;0.38;294.56;12.69;1059;76;4433.00;83
11773;75;626807877;11773;366;12828;12912;6.22;0.38;294.57;12.69;1055;76;4434.00;84
11776;75;626807891;11776;366;12828;12912;6.24;0.38;294.59;12.69;1052;76;4435.00;84
11780;75;626807904;11780;360;12833;12918;6.28;0.38;294.62;12.69;1053;76;4436.00;85
11785;75;626807918;11785;360;12834;12919;6.30;0.39;294.56;12.69;1049;76;4437.00;85
11788;75;626807938;11788;370;12834;12919;6.32;0.39;294.59;12.69;1046;76;4438.00;85
11789;75;626807951;11789;377;12834;12919;6.38;0.39;294.60;12.69;1045;76;4439.00;85
11794;75;626807967;11794;382;12838;12924;6.43;0.39;294.63;12.68;1044;76;4440.00;86
11798;75;626807980;11798;387;12838;12924;6.40;0.39;294.59;12.68;1040;76;4441.00;86
11803;75;626807994;11803;386;12838;12924;6.38;0.39;294.63;12.68;1035;76;4442.00;86
11804;75;626808008;11804;392;12839;12925;6.42;0.39;294.65;12.68;1035;76;4443.00;86
11810;75;626808021;11810;383;12842;12929;6.40;0.39;294.62;12.68;1032;76;4444.00;87
11813;75;626808036;11813;380;12842;12929;6.42;0.39;294.57;12.68;1029;76;4445.00;87
11818;75;626808049;11818;383;12844;12932;6.40;0.39;294.53;12.68;1026;76;4446.00;88
11824;75;626808063;11824;379;12844;12932;6.39;0.39;294.51;12.68;1020;76;4447.00;88
11829;75;626808076;11829;380;12845;12932;6.39;0.39;294.53;12.68;1016;76;4448.00;87
11830;75;626808089;11830;387;12845;12932;6.38;0.39;294.54;12.68;1015;76;4449.00;87
11836;75;626808102;11836;389;12848;12936;6.35;0.39;294.48;12.67;1012;76;4450.00;88
11841;75;626808115;11841;396;12849;12936;6.32;0.39;294.44;12.74;1008;76;4451.00;87
11844;75;626808129;11844;396;12850;12936;6.34;0.39;294.47;12.74;1006;76;4452.00;86
11853;75;626808142;11853;402;12850;12936;6.25;0.38;294.45;12.74;997;76;4453.00;86
11856;75;626808155;11856;404;12850;12937;6.21;0.38;294.42;12.74;994;76;4454.00;87
11865;75;626808168;11865;409;12852;12939;6.11;0.37;294.50;12.74;987;76;4455.00;87
11869;75;626808181;11869;416;12852;12939;6.07;0.37;294.49;12.74;983;76;4456.00;87
11871;75;626808194;11871;421;12853;12940;6.05;0.37;294.46;12.74;982;76;4457.00;87
11876;75;626808212;11876;427;12853;12940;6.02;0.37;294.45;12.74;977;76;4458.00;87
11880;75;626808226;11880;431;12853;12940;5.99;0.37;294.44;12.74;973;76;4459.00;87
11884;75;626808239;11884;435;12853;12940;5.92;0.36;294.37;12.74;969;76;4460.00;87
11888;75;626808252;11888;441;12853;12940;5.88;0.36;294.38;12.74;965;76;4461.00;87
11890;75;626808268;11890;449;12853;12940;5.79;0.35;294.36;12.74;963;76;4462.00;87
11892;75;626808281;11892;457;12853;12940;5.72;0.35;294.36;12.74;961;76;4463.00;87
11893;75;626808294;11893;469;12920;13067;6.12;0.38;294.39;12.67;1027;76;4464.00;147
11896;75;626808319;11896;470;12922;13068;6.01;0.37;294.34;12.67;1026;76;4465.00;146
11896;75;626808333;11896;471;12933;13068;6.04;0.37;294.34;12.66;1037;76;4466.00;135
11898;75;626808347;11898;458;12935;13068;5.97;0.37;294.32;12.66;1037;76;4467.00;133
11898;75;626808361;11898;454;12940;13068;6.02;0.37;294.32;12.65;1042;76;4468.00;128
11898;75;626808373;11898;446;12945;13068;6.11;0.38;294.32;12.65;1047;76;4469.00;123
11900;75;626808402;11900;448;12951;13068;6.12;0.38;294.31;12.65;1051;76;4470.00;117
11900;75;626808416;11900;446;12953;13068;6.12;0.38;294.31;12.65;1053;76;4471.00;115
11901;75;626808429;11901;444;12957;13069;6.12;0.38;294.31;12.65;1056;76;4472.00;112
11901;75;626808443;11901;449;12961;13070;6.09;0.37;294.31;12.64;1060;76;4473.00;109
11902;75;626808456;11902;452;12963;13070;6.04;0.37;294.30;12.64;1061;76;4474.00;107
11902;75;626808472;11902;448;12964;13071;6.02;0.37;294.30;12.64;1062;76;4475.00;107
11902;75;626808492;11902;426;12966;13071;6.06;0.37;294.30;12.64;1064;76;4476.00;105
11903;75;626808506;11903;409;12967;13071;6.13;0.38;294.30;12.64;1064;76;4477.00;104
11906;75;626808519;11906;400;12969;13071;6.22;0.38;294.29;12.64;1063;76;4478.00;102
11910;75;626808533;11910;389;12972;13075;6.30;0.39;294.36;12.64;1062;76;4479.00;103
11911;76;626808547;11911;378;12974;13075;6.42;0.39;294.40;12.64;1063;77;4480.00;101
11912;76;626808571;11912;369;12975;13075;6.54;0.40;294.39;12.64;1063;77;4481.00;100
11912;76;626808591;11912;354;12978;13078;6.72;0.41;294.39;12.64;1066;77;4482.00;100
11913;76;626808610;11913;345;12978;13078;6.78;0.42;294.39;12.64;1065;77;4483.00;100
11915;76;626808624;11915;335;12979;13078;6.85;0.42;294.39;12.64;1064;77;4484.00;99
11920;76;626808638;11920;322;12982;13082;6.87;0.42;294.33;12.64;1062;77;4485.00;100
11920;76;626808652;11920;313;12984;13083;6.92;0.42;294.33;12.63;1064;77;4486.00;99
11923;76;626808666;11923;308;12984;13083;6.92;0.42;294.28;12.63;1061;77;4487.00;99
11923;76;626808680;11923;307;12987;13087;6.95;0.42;294.28;12.63;1064;77;4488.00;100
11924;76;626808694;11924;307;12987;13087;7.00;0.43;294.28;12.63;1063;77;4489.00;100
11926;76;626808713;11926;306;12987;13087;6.99;0.43;294.25;12.63;1061;77;4490.00;100
11927;76;626808727;11927;307;12988;13088;7.01;0.43;294.24;12.63;1061;77;4491.00;100
11929;76;626808741;11929;305;12988;13088;7.04;0.43;294.24;12.63;1059;77;4492.00;100
11932;76;626808755;11932;311;12992;13094;7.05;0.43;294.28;12.63;1060;77;4493.00;102
11933;76;626808770;11933;309;12992;13094;7.06;0.43;294.27;12.63;1059;77;4494.00;102
11936;76;626808783;11936;305;12993;13095;7.07;0.43;294.31;12.63;1057;77;4495.00;102
11940;76;626808796;11940;313;12993;13095;7.08;0.43;294.33;12.63;1053;77;4496.00;102
11943;76;626808810;11943;311;12993;13095;7.05;0.43;294.39;12.63;1050;77;4497.00;102
11943;76;626808823;11943;308;12993;13095;7.08;0.43;294.39;12.63;1050;77;4498.00;102
11946;76;626808837;11946;312;12993;13095;7.06;0.43;294.37;12.63;1047;77;4499.00;102
11950;76;626808853;11950;319;13015;13145;7.01;0.43;294.40;12.61;1065;77;4500.00;130
11952;76;626808874;11952;316;13015;13147;6.99;0.42;294.40;12.61;1063;77;4501.00;132
11955;76;626808888;11955;315;13018;13147;7.01;0.43;294.38;12.60;1063;77;4502.00;129
11957;76;626808902;11957;319;13019;13147;7.03;0.43;294.42;12.60;1062;77;4503.00;128
11958;76;626808915;11958;321;13020;13147;7.03;0.43;294.41;12.60;1062;77;4504.00;127
11960;76;626808927;11960;327;13022;13147;7.01;0.43;294.46;12.60;1062;77;4505.00;125
11960;76;626808940;11960;330;13027;13151;7.03;0.43;294.46;12.60;1067;77;4506.00;124
11961;76;626808953;11961;322;13027;13151;7.06;0.43;294.49;12.60;1066;77;4507.00;124
11962;76;626808966;11962;324;13030;13155;7.05;0.43;294.49;12.59;1068;77;4508.00;125
11964;76;626808979;11964;325;13032;13156;7.00;0.43;294.51;12.59;1068;77;4509.00;124
11968;76;626808992;11968;319;13033;13156;6.95;0.42;294.60;12.59;1065;77;4510.00;123
11968;76;626809005;11968;309;13033;13156;6.94;0.42;294.60;12.59;1065;77;4511.00;123
11971;76;626809017;11971;310;13040;13169;6.90;0.42;294.69;12.59;1069;77;4512.00;129
11974;76;626809031;11974;306;13040;13169;6.86;0.42;294.78;12.59;1066;77;4513.00;129
11979;76;626809043;11979;306;13040;13169;6.80;0.42;294.78;12.59;1061;77;4514.00;129
11980;76;626809056;11980;307;13043;13170;6.78;0.41;294.79;12.59;1063;77;4515.00;127
11984;76;626809069;11984;304;13043;13171;6.74;0.41;294.80;12.59;1059;77;4516.00;128
11990;76;626809081;11990;295;13043;13171;6.76;0.41;294.83;12.59;1053;77;4517.00;128
11993;76;626809094;11993;294;13045;13174;6.81;0.42;294.86;12.58;1052;77;4518.00;129
11997;76;626809106;11997;289;13045;13174;6.83;0.42;294.85;12.58;1048;77;4519.00;129
12004;76;626809120;12004;284;13045;13174;6.80;0.41;294.97;12.58;1041;77;4520.00;129
12007;76;626809132;12007;282;13047;13174;6.74;0.41;294.99;12.58;1040;77;4521.00;127
12009;76;626809144;12009;272;13050;13180;6.71;0.41;295.03;12.58;1041;77;4522.00;130
12012;76;626809157;12012;262;13051;13180;6.71;0.41;295.04;12.65;1039;77;4523.00;129
12016;76;626809169;12016;254;13052;13180;6.72;0.41;295.07;12.66;1036;77;4524.00;128
12020;76;626809183;12020;243;13053;13180;6.79;0.41;295.10;12.68;1033;77;4525.00;127
12025;76;626809195;12025;232;13056;13184;6.78;0.41;295.08;12.67;1031;77;4526.00;128
12027;76;626809208;12027;223;13059;13185;6.79;0.41;295.10;12.67;1032;77;4527.00;126
12031;76;626809220;12031;222;13059;13185;6.82;0.42;295.13;12.67;1028;77;4528.00;126
12036;76;626809232;12036;221;13060;13186;6.84;0.42;295.13;12.67;1024;77;4529.00;126
12040;76;626809247;12040;218;13060;13186;6.92;0.42;295.13;12.67;1020;77;4530.00;126
12042;76;626809260;12042;216;13060;13186;7.03;0.43;295.14;12.67;1018;77;4531.00;126
12046;76;626809272;12046;212;13060;13186;7.07;0.43;295.20;12.67;1014;77;4532.00;126
12047;76;626809285;12047;208;13062;13186;7.12;0.43;295.20;12.68;1015;77;4533.00;124
12052;76;626809297;12052;208;13063;13186;7.15;0.43;295.22;12.68;1011;77;4534.00;123
12055;76;626809310;12055;207;13063;13186;7.17;0.44;295.25;12.68;1008;77;4535.00;123
12056;76;626809322;12056;211;13100;13256;7.26;0.44;295.27;12.64;1044;77;4536.00;156
12060;76;626809342;12060;209;13101;13257;7.31;0.45;295.41;12.64;1041;77;4537.00;156
12061;76;626809356;12061;204;13107;13257;7.41;0.45;295.40;12.72;1046;77;4538.00;150
12066;76;626809369;12066;204;13110;13257;7.45;0.46;295.43;12.72;1044;77;4539.00;147
12068;76;626809382;12068;204;13114;13257;7.53;0.46;295.43;12.71;1046;77;4540.00;143
12071;76;626809401;12071;204;13119;13257;7.62;0.47;295.43;12.71;1048;77;4541.00;138
12077;76;626809415;12077;212;13123;13257;7.65;0.47;295.40;12.78;1046;77;4542.00;134
12081;76;626809429;12081;210;13127;13257;7.68;0.47;295.41;12.78;1046;77;4543.00;130
12083;76;626809443;12083;211;13131;13258;7.70;0.47;295.43;12.79;1048;77;4544.00;127
12086;76;626809456;12086;213;13135;13260;7.76;0.47;295.43;12.79;1049;77;4545.00;125
12089;76;626809476;12089;213;13137;13260;7.73;0.47;295.43;12.79;1048;77;4546.00;123
12091;76;626809500;12091;216;13143;13264;7.68;0.47;295.44;12.79;1052;77;4547.00;121
12096;76;626809522;12096;220;13144;13264;7.65;0.47;295.48;12.79;1048;77;4548.00;120
12099;76;626809544;12099;221;13145;13264;7.65;0.46;295.56;12.79;1046;77;4549.00;119
12103;76;626809567;12103;222;13147;13264;7.64;0.46;295.53;12.82;1044;77;4550.00;117
12105;76;626809584;12105;225;13151;13270;7.71;0.47;295.61;12.81;1046;77;4551.00;119
12109;76;626809601;12109;234;13151;13270;7.72;0.47;295.71;12.81;1042;77;4552.00;119
12112;76;626809617;12112;240;13154;13270;7.73;0.47;295.80;12.84;1042;77;4553.00;116
12115;76;626809632;12115;238;13156;13273;7.81;0.47;295.86;12.83;1041;77;4554.00;117
12117;76;626809648;12117;243;13158;13273;7.82;0.47;295.86;12.84;1041;77;4555.00;115
12121;76;626809663;12121;248;13160;13273;7.77;0.47;295.85;12.85;1039;77;4556.00;113
12127;76;626809678;12127;255;13161;13274;7.69;0.46;295.90;12.86;1034;77;4557.00;113
12127;76;626809694;12127;258;13164;13275;7.68;0.46;295.90;12.87;1037;77;4558.00;111
12132;76;626809707;12132;268;13165;13275;7.62;0.46;295.93;12.88;1033;77;4559.00;110
12133;76;626809723;12133;277;13183;13301;7.62;0.46;295.95;12.87;1050;77;4560.00;118
12136;76;626809739;12136;274;13186;13301;7.62;0.46;295.98;12.89;1050;77;4561.00;115
12138;76;626809753;12138;277;13189;13301;7.63;0.46;295.96;12.89;1051;77;4562.00;112
12139;76;626809768;12139;281;13192;13302;7.69;0.47;295.99;12.89;1053;77;4563.00;110
12143;76;626809783;12143;291;13194;13302;7.67;0.47;295.99;12.90;1051;77;4564.00;108
12144;76;626809796;12144;296;13198;13306;7.63;0.46;296.00;12.90;1054;77;4565.00;108
12147;76;626809811;12147;299;13199;13306;7.53;0.46;296.03;12.91;1052;77;4566.00;107
12150;76;626809824;12150;298;13202;13310;7.38;0.45;296.07;12.91;1052;77;4567.00;108
12152;76;626809838;12152;308;13204;13310;7.28;0.44;296.08;12.92;1052;77;4568.00;106
12155;76;626809852;12155;306;13204;13310;7.14;0.44;296.13;12.92;1049;77;4569.00;106
12159;76;626809864;12159;306;13207;13310;7.02;0.43;296.12;12.94;1048;77;4570.00;103
12160;76;626809877;12160;298;13207;13310;6.97;0.43;296.13;12.94;1047;77;4571.00;103
12163;76;626809891;12163;296;13220;13322;6.94;0.42;296.19;12.94;1057;77;4572.00;102
12168;76;626809905;12168;296;13220;13322;6.84;0.42;296.23;12.94;1052;77;4573.00;102
12169;76;626809918;12169;296;13222;13322;6.79;0.41;296.21;12.95;1053;77;4574.00;100
12172;76;626809930;12172;288;13225;13322;6.76;0.41;296.23;12.96;1053;77;4575.00;97
12175;76;626809943;12175;300;13225;13322;6.75;0.41;296.23;12.96;1050;77;4576.00;97
12177;76;626809955;12177;307;13227;13322;6.69;0.41;296.26;12.97;1050;77;4577.00;95
12180;76;626809969;12180;308;13227;13323;6.68;0.41;296.30;12.97;1047;77;4578.00;96
12182;76;626809981;12182;318;13227;13323;6.62;0.40;296.35;12.97;1045;77;4579.00;96
12182;76;626809994;12182;330;13233;13329;6.64;0.41;296.35;12.97;1051;77;4580.00;96
12185;76;626810008;12185;335;13234;13330;6.59;0.40;296.36;12.97;1049;77;4581.00;96
12188;76;626810020;12188;339;13236;13330;6.51;0.40;296.38;12.98;1048;77;4582.00;94
12191;76;626810032;12191;344;13236;13330;6.42;0.39;296.35;12.98;1045;77;4583.00;94
12193;76;626810043;12193;341;13240;13334;6.33;0.39;296.33;12.98;1047;77;4584.00;94
12197;76;626810056;12197;342;13240;13334;6.17;0.38;296.32;12.98;1043;77;4585.00;94
12200;76;626810068;12200;354;13241;13334;6.01;0.37;296.32;12.99;1041;77;4586.00;93
12204;76;626810079;12204;362;13244;13335;5.83;0.36;296.32;13.01;1040;77;4587.00;91
12208;76;626810090;12208;374;13248;13339;5.67;0.35;296.39;13.01;1040;77;4588.00;91
12211;76;626810102;12211;381;13248;13339;5.57;0.34;296.40;13.01;1037;77;4589.00;91
12215;76;626810115;12215;371;13251;13345;5.50;0.34;296.36;13.01;1036;77;4590.00;94
12219;76;626810128;12219;363;13253;13345;5.43;0.33;296.38;13.02;1034;77;4591.00;92
12222;76;626810140;12222;370;13255;13345;5.37;0.33;296.38;13.03;1033;77;4592.00;90
12225;76;626810151;12225;370;13255;13345;5.35;0.33;296.32;13.03;1030;77;4593.00;90
12230;76;626810162;12230;370;13259;13349;5.31;0.33;296.32;13.03;1029;77;4594.00;90
12233;76;626810174;12233;376;13259;13349;5.28;0.32;296.34;13.03;1026;77;4595.00;90
12235;76;626810186;12235;381;13260;13349;5.26;0.32;296.34;13.03;1025;77;4596.00;89
12238;76;626810197;12238;379;13260;13349;5.26;0.32;296.36;13.03;1022;77;4597.00;89
12243;76;626810208;12243;387;13261;13350;5.24;0.32;296.45;13.03;1018;77;4598.00;89
12246;76;626810220;12246;383;13262;13351;5.24;0.32;296.41;13.03;1016;77;4599.00;89
12249;76;626810236;12249;380;13262;13351;5.25;0.32;296.42;13.03;1013;77;4600.00;89
12251;76;626810251;12251;384;13263;13352;5.27;0.32;296.39;13.03;1012;77;4601.00;89
12254;76;626810264;12254;385;13263;13352;5.24;0.32;296.36;13.03;1009;77;4602.00;89
12259;76;626810274;12259;387;13263;13352;5.18;0.32;296.37;13.03;1004;77;4603.00;89
12262;76;626810287;12262;391;13263;13352;5.12;0.31;296.34;13.03;1001;77;4604.00;89
12264;76;626810297;12264;393;13263;13352;5.10;0.31;296.31;13.03;999;77;4605.00;89
12267;76;626810309;12267;399;13263;13352;5.10;0.31;296.29;13.03;996;77;4606.00;89
12269;76;626810319;12269;400;13263;13352;5.10;0.31;296.29;13.03;994;77;4607.00;89
12273;76;626810330;12273;404;13326;13479;5.50;0.34;296.29;12.97;1053;77;4608.00;153
12274;76;626810353;12274;412;13330;13480;5.56;0.35;296.28;12.96;1056;77;4609.00;150
12276;76;626810365;12276;416;13340;13480;5.68;0.35;296.28;12.95;1064;77;4610.00;140
12278;76;626810377;12278;422;13344;13480;5.71;0.35;296.28;12.95;1066;77;4611.00;136
12280;76;626810396;12280;422;13348;13480;5.77;0.36;296.26;12.95;1068;77;4612.00;132
12283;76;626810408;12283;422;13354;13480;5.80;0.36;296.21;12.95;1071;77;4613.00;126
12286;76;626810421;12286;426;13358;13480;5.83;0.36;296.16;12.94;1072;77;4614.00;122
12290;76;626810434;12290;425;13360;13480;5.84;0.36;296.15;12.94;1070;77;4615.00;120
12293;76;626810448;12293;426;13365;13481;5.87;0.36;296.15;12.94;1072;77;4616.00;116
12297;76;626810463;12297;431;13368;13482;5.88;0.36;296.17;12.94;1071;77;4617.00;114
12299;76;626810477;12299;432;13371;13482;5.91;0.37;296.18;12.94;1072;77;4618.00;111
12300;76;626810491;12300;430;13375;13483;5.90;0.37;296.18;13.01;1075;77;4619.00;108
12301;76;626810507;12301;436;13377;13483;5.92;0.37;296.18;13.01;1076;77;4620.00;106
12304;76;626810520;12304;439;13378;13483;5.89;0.37;296.15;13.01;1074;77;4621.00;105
12306;76;626810533;12306;440;13380;13483;5.85;0.36;296.16;13.01;1074;77;4622.00;103
12310;76;626810545;12310;442;13383;13487;5.79;0.36;296.17;13.01;1073;77;4623.00;104
12313;76;626810558;12313;450;13384;13487;5.75;0.36;296.25;13.01;1071;77;4624.00;103
12316;76;626810571;12316;449;13386;13487;5.75;0.36;296.25;13.01;1070;77;4625.00;101
12317;76;626810583;12317;449;13388;13490;5.79;0.36;296.25;13.01;1071;77;4626.00;102
12321;76;626810596;12321;444;13389;13490;5.79;0.36;296.24;13.01;1068;77;4627.00;101
12323;76;626810614;12323;431;13390;13490;5.80;0.36;296.23;13.01;1067;77;4628.00;100
12324;76;626810626;12324;423;13393;13494;5.86;0.36;296.23;13.01;1069;77;4629.00;101
12330;76;626810640;12330;415;13395;13495;5.90;0.36;296.25;13.00;1065;77;4630.00;100
12332;76;626810653;12332;414;13395;13495;5.98;0.37;296.26;13.00;1063;77;4631.00;100
12334;76;626810666;12334;412;13398;13499;6.09;0.38;296.22;13.00;1064;77;4632.00;101
12338;76;626810679;12338;414;13398;13499;6.13;0.38;296.21;13.00;1060;77;4633.00;101
12341;76;626810703;12341;414;13398;13499;6.18;0.38;296.21;13.00;1057;77;4634.00;101
12343;76;626810723;12343;408;13400;13501;6.21;0.38;296.19;13.00;1057;77;4635.00;101
12345;76;626810736;12345;416;13400;13501;6.22;0.38;296.19;13.00;1055;77;4636.00;101
12348;76;626810749;12348;398;13404;13507;6.27;0.38;296.16;13.00;1056;77;4637.00;103
12351;76;626810763;12351;390;13404;13507;6.34;0.39;296.12;13.00;1053;77;4638.00;103
12356;76;626810777;12356;384;13405;13508;6.37;0.39;296.16;13.00;1049;77;4639.00;103
12358;76;626810791;12358;377;13405;13508;6.43;0.39;296.11;13.00;1047;77;4640.00;103
12360;76;626810805;12360;372;13405;13508;6.48;0.39;296.09;13.00;1045;77;4641.00;103
12360;76;626810818;12360;372;13405;13508;6.55;0.40;296.09;13.00;1045;77;4642.00;103
12362;76;626810831;12362;368;13405;13508;6.60;0.40;296.10;13.00;1043;77;4643.00;103
12365;76;626810845;12365;363;13415;13520;6.74;0.41;296.09;12.99;1050;77;4644.00;105
12366;76;626810859;12366;371;13415;13520;6.80;0.41;296.07;12.99;1049;77;4645.00;105
12370;76;626810873;12370;362;13416;13520;6.87;0.42;296.10;12.98;1046;77;4646.00;104
12372;76;626810886;12372;349;13416;13520;6.95;0.42;296.08;12.98;1044;77;4647.00;104
12373;76;626810900;12373;342;13416;13520;7.04;0.43;296.10;12.98;1043;77;4648.00;104
12375;76;626810920;12375;339;13416;13520;7.14;0.43;296.12;12.98;1041;78;4649.00;104
12378;76;626810947;12378;331;13421;13526;7.16;0.43;296.15;12.98;1043;78;4650.00;105
12379;76;626810967;12379;331;13421;13526;7.19;0.44;296.19;12.98;1042;78;4651.00;105
12382;76;626810982;12382;331;13424;13530;7.23;0.44;296.26;12.98;1042;78;4652.00;106
12383;76;626810996;12383;325;13426;13531;7.28;0.44;296.29;12.98;1043;78;4653.00;105
12388;76;626811011;12388;334;13426;13531;7.25;0.44;296.33;12.98;1038;78;4654.00;105
12391;76;626811025;12391;333;13426;13531;7.24;0.44;296.37;12.98;1035;78;4655.00;105
12393;76;626811040;12393;337;13437;13544;7.23;0.44;296.39;12.96;1044;78;4656.00;107
12395;76;626811054;12395;332;13437;13544;7.19;0.44;296.43;12.96;1042;78;4657.00;107
12396;76;626811069;12396;330;13437;13544;7.13;0.43;296.44;12.96;1041;78;4658.00;107
12400;76;626811082;12400;330;13438;13545;7.07;0.43;296.44;12.96;1038;78;4659.00;107
12405;76;626811096;12405;329;13438;13546;7.00;0.43;296.47;12.96;1033;78;4660.00;108
12410;76;626811110;12410;317;13438;13546;6.96;0.42;296.51;12.96;1028;78;4661.00;108
12411;76;626811124;12411;316;13440;13549;7.00;0.43;296.53;12.96;1029;78;4662.00;109
12416;76;626811138;12416;319;13440;13549;7.00;0.42;296.58;12.96;1024;78;4663.00;109
12419;76;626811157;12419;324;13441;13549;7.04;0.43;296.58;12.96;1022;78;4664.00;108
12421;76;626811170;12421;319;13441;13549;7.08;0.43;296.58;12.96;1020;78;4665.00;108
12424;76;626811183;12424;322;13445;13555;7.16;0.43;296.60;12.96;1021;78;4666.00;110
12428;76;626811197;12428;333;13445;13555;7.19;0.43;296.68;12.96;1017;78;4667.00;110
12429;76;626811233;12429;333;13446;13555;7.25;0.44;296.67;12.96;1017;78;4668.00;109
12434;76;626811247;12434;337;13446;13555;7.23;0.44;296.71;12.96;1012;78;4669.00;109
12435;76;626811260;12435;342;13449;13559;7.22;0.44;296.69;12.95;1014;78;4670.00;110
12440;76;626811274;12440;345;13450;13560;7.18;0.43;296.78;12.95;1010;78;4671.00;110
12442;76;626811288;12442;353;13450;13560;7.17;0.43;296.80;12.95;1008;78;4672.00;110
12445;76;626811301;12445;353;13451;13561;7.16;0.43;296.87;12.95;1006;78;4673.00;110
12447;76;626811314;12447;356;13451;13561;7.09;0.43;296.90;12.95;1004;78;4674.00;110
12449;76;626811327;12449;365;13451;13561;7.03;0.43;296.95;12.95;1002;78;4675.00;110
12450;76;626811339;12450;360;13451;13561;7.01;0.42;296.95;12.95;1001;78;4676.00;110
12452;76;626811358;12452;356;13451;13561;7.01;0.42;297.00;12.95;999;78;4677.00;110
12454;76;626811373;12454;350;13451;13561;7.00;0.42;297.03;12.95;997;78;4678.00;110
12455;76;626811385;12455;346;13451;13561;7.01;0.43;297.07;12.95;996;78;4679.00;110
12457;76;626811399;12457;370;13513;13686;6.96;0.43;297.09;12.89;1056;78;4680.00;173
12459;76;626811421;12459;343;13513;13687;7.02;0.43;297.14;12.89;1054;78;4681.00;174
12460;76;626811435;12460;336;13521;13687;7.11;0.44;297.16;12.97;1061;78;4682.00;166
12465;76;626811449;12465;318;13525;13687;7.19;0.44;297.16;12.96;1060;78;4683.00;162
12467;76;626811464;12467;312;13529;13687;7.22;0.44;297.17;12.96;1062;78;4684.00;158
12471;76;626811483;12471;311;13532;13687;7.21;0.44;297.20;12.96;1061;78;4685.00;155
12473;76;626811507;12473;307;13539;13687;7.30;0.45;297.24;12.96;1066;78;4686.00;148
12476;76;626811528;12476;312;13540;13687;7.35;0.45;297.26;12.95;1064;78;4687.00;147
12479;76;626811553;12479;313;13545;13688;7.33;0.45;297.29;12.95;1066;78;4688.00;143
12480;76;626811579;12480;313;13549;13689;7.29;0.45;297.31;12.95;1069;78;4689.00;140
12486;76;626811597;12486;306;13550;13689;7.17;0.44;297.36;12.95;1064;78;4690.00;139
12489;76;626811612;12489;304;13553;13693;7.00;0.43;297.44;12.95;1064;78;4691.00;140
12493;76;626811627;12493;306;13554;13693;6.88;0.42;297.49;12.95;1061;78;4692.00;139
12495;76;626811649;12495;304;13555;13693;6.80;0.42;297.47;12.95;1060;78;4693.00;138
12499;76;626811664;12499;303;13556;13693;6.68;0.41;297.53;12.96;1057;78;4694.00;137
12502;76;626811681;12502;299;13561;13699;6.62;0.41;297.56;12.96;1059;78;4695.00;138
12507;76;626811696;12507;291;13562;13699;6.54;0.40;297.60;12.97;1055;78;4696.00;137
12509;76;626811709;12509;282;13563;13699;6.51;0.40;297.64;12.97;1054;78;4697.00;136
12516;76;626811723;12516;287;13566;13702;6.52;0.40;297.64;13.05;1050;78;4698.00;136
12518;76;626811738;12518;280;13567;13702;6.55;0.40;297.61;13.05;1049;78;4699.00;135
12520;76;626811752;12520;277;13569;13702;6.51;0.40;297.68;13.13;1049;78;4700.00;133
12523;76;626811774;12523;273;13569;13703;6.57;0.40;297.68;13.13;1046;78;4701.00;134
12526;76;626811788;12526;261;13570;13704;6.67;0.41;297.68;13.13;1044;78;4702.00;134
12531;76;626811808;12531;260;13570;13704;6.71;0.41;297.76;13.13;1039;78;4703.00;134
12534;76;626811822;12534;255;13579;13717;6.78;0.41;297.81;13.12;1045;78;4704.00;138
12538;76;626811837;12538;253;13579;13717;6.76;0.41;297.82;13.12;1041;78;4705.00;138
12540;76;626811851;12540;258;13579;13717;6.81;0.41;297.86;13.12;1039;78;4706.00;138
12544;76;626811865;12544;253;13581;13718;6.82;0.41;297.94;13.12;1037;78;4707.00;137
12546;76;626811879;12546;262;13581;13718;6.88;0.42;297.92;13.12;1035;78;4708.00;137
12549;76;626811893;12549;261;13583;13722;6.93;0.42;297.98;13.12;1034;78;4709.00;139
12552;76;626811909;12552;266;13585;13722;6.95;0.42;297.99;13.12;1033;78;4710.00;137
12552;76;626811923;12552;268;13589;13726;7.03;0.43;297.99;13.12;1037;78;4711.00;137
12555;76;626811937;12555;272;13590;13726;7.08;0.43;298.05;13.12;1035;78;4712.00;136
12558;76;626811951;12558;272;13590;13726;7.13;0.43;298.10;13.12;1032;78;4713.00;136
12559;76;626811965;12559;270;13590;13726;7.19;0.44;298.09;13.12;1031;78;4714.00;136
12561;76;626811981;12561;278;13590;13726;7.21;0.44;298.08;13.12;1029;78;4715.00;136
12564;76;626811995;12564;282;13602;13738;7.30;0.44;298.10;13.12;1038;78;4716.00;136
12565;76;626812010;12565;282;13605;13738;7.31;0.45;298.09;13.12;1040;78;4717.00;133
12567;76;626812024;12567;288;13606;13738;7.27;0.44;298.10;13.12;1039;78;4718.00;132
12571;76;626812038;12571;299;13606;13738;7.23;0.44;298.13;13.12;1035;78;4719.00;132
12573;76;626812052;12573;298;13608;13738;7.20;0.44;298.12;13.14;1035;78;4720.00;130
12577;76;626812066;12577;300;13609;13738;7.18;0.44;298.19;13.15;1032;78;4721.00;129
12579;76;626812080;12579;301;13609;13739;7.18;0.44;298.22;13.15;1030;78;4722.00;130
12581;76;626812099;12581;301;13611;13739;7.13;0.43;298.25;13.17;1030;78;4723.00;128
12582;76;626812113;12582;303;13615;13745;7.15;0.44;298.27;13.16;1033;78;4724.00;130
12585;76;626812127;12585;302;13619;13747;7.18;0.44;298.28;13.18;1034;78;4725.00;128
12589;76;626812140;12589;306;13619;13747;7.19;0.44;298.25;13.18;1030;78;4726.00;128
12592;76;626812154;12592;312;13622;13747;7.14;0.44;298.33;13.20;1030;78;4727.00;125
12593;76;626812168;12593;315;13625;13751;7.22;0.44;298.34;13.19;1032;78;4728.00;126
12596;76;626812182;12596;318;13627;13751;7.20;0.44;298.47;13.21;1031;78;4729.00;124
12601;77;626812195;12601;314;13629;13751;7.14;0.43;298.51;13.23;1028;79;4730.00;122
12605;77;626812215;12605;318;13630;13752;7.15;0.43;298.54;13.23;1025;79;4731.00;122
12607;77;626812233;12607;322;13634;13756;7.13;0.43;298.57;13.24;1027;79;4732.00;122
12612;77;626812246;12612;323;13634;13756;7.12;0.43;298.59;13.24;1022;79;4733.00;122
12616;77;626812260;12616;328;13637;13759;7.14;0.43;298.55;13.24;1021;79;4734.00;122
12617;77;626812274;12617;336;13640;13759;7.15;0.44;298.56;13.25;1023;79;4735.00;119
12620;77;626812286;12620;339;13641;13759;7.10;0.43;298.55;13.27;1021;79;4736.00;118
12624;77;626812299;12624;342;13642;13759;7.03;0.43;298.59;13.27;1018;79;4737.00;117
12624;77;626812311;12624;351;13646;13763;7.02;0.43;298.59;13.28;1022;79;4738.00;117
12626;77;626812324;12626;353;13649;13763;6.97;0.43;298.64;13.28;1023;79;4739.00;114
12628;77;626812340;12628;346;13650;13763;6.91;0.42;298.66;13.30;1022;79;4740.00;113
12632;77;626812354;12632;342;13650;13763;6.85;0.42;298.67;13.30;1018;79;4741.00;113
12635;77;626812370;12635;335;13651;13764;6.80;0.42;298.66;13.30;1016;79;4742.00;113
12636;77;626812383;12636;336;13653;13765;6.74;0.41;298.65;13.31;1017;79;4743.00;112
12640;77;626812396;12640;333;13653;13765;6.67;0.41;298.68;13.31;1013;79;4744.00;112
12640;77;626812410;12640;333;13655;13766;6.61;0.40;298.68;13.32;1015;79;4745.00;111
12641;77;626812424;12641;331;13655;13766;6.58;0.40;298.73;13.32;1014;79;4746.00;111
12642;77;626812437;12642;336;13655;13766;6.55;0.40;298.72;13.32;1013;79;4747.00;111
12645;77;626812449;12645;344;13658;13766;6.54;0.40;298.74;13.35;1013;79;4748.00;108
12648;77;626812461;12648;344;13658;13766;6.51;0.40;298.71;13.35;1010;79;4749.00;108
12651;77;626812475;12651;343;13659;13766;6.50;0.40;298.67;13.36;1008;79;4750.00;107
12655;77;626812487;12655;337;13659;13766;6.45;0.39;298.60;13.36;1004;79;4751.00;107
12658;77;626812498;12658;364;13724;13893;6.63;0.41;298.63;13.31;1066;79;4752.00;169
12660;77;626812521;12660;362;13729;13894;6.58;0.41;298.59;13.31;1069;79;4753.00;165
12664;77;626812533;12664;357;13738;13894;6.58;0.41;298.59;13.31;1074;79;4754.00;156
12665;77;626812545;12665;363;13742;13894;6.53;0.40;298.59;13.31;1077;79;4755.00;152
12667;77;626812556;12667;369;13748;13894;6.46;0.40;298.67;13.31;1081;79;4756.00;146
12670;77;626812568;12670;371;13752;13894;6.34;0.39;298.68;13.32;1082;79;4757.00;142
12675;77;626812579;12675;384;13756;13894;6.23;0.39;298.67;13.32;1081;79;4758.00;138
12678;77;626812591;12678;390;13760;13894;6.18;0.38;298.68;13.33;1082;79;4759.00;134
12683;77;626812602;12683;388;13763;13895;6.13;0.38;298.62;13.32;1080;79;4760.00;132
12687;78;626812614;12687;390;13765;13896;6.11;0.38;298.59;13.32;1078;80;4761.00;131
12689;78;626812641;12689;399;13771;13896;6.07;0.38;298.59;13.35;1082;80;4762.00;125
12691;78;626812652;12691;404;13774;13897;6.05;0.37;298.59;13.35;1083;80;4763.00;123
12695;78;626812664;12695;416;13778;13897;6.00;0.37;298.53;13.36;1083;80;4764.00;119
12699;78;626812676;12699;423;13781;13897;5.94;0.37;298.52;13.36;1082;80;4765.00;116
12703;78;626812688;12703;426;13784;13897;5.84;0.36;298.51;13.36;1081;80;4766.00;113
12707;78;626812700;12707;430;13788;13901;5.80;0.36;298.54;13.36;1081;80;4767.00;113
12710;78;626812712;12710;437;13791;13901;5.82;0.36;298.56;13.36;1081;80;4768.00;110
12711;78;626812724;12711;439;13793;13901;5.80;0.36;298.57;13.36;1082;80;4769.00;108
12712;78;626812738;12712;441;13797;13907;5.80;0.36;298.59;13.35;1085;80;4770.00;110
12715;78;626812750;12715;442;13797;13907;5.76;0.36;298.61;13.35;1082;80;4771.00;110
12717;78;626812762;12717;453;13798;13907;5.73;0.35;298.60;13.35;1081;80;4772.00;109
12722;78;626812780;12722;455;13801;13911;5.66;0.35;298.63;13.35;1079;80;4773.00;110
12726;78;626812792;12726;452;13803;13912;5.67;0.35;298.63;13.35;1077;80;4774.00;109
12728;78;626812805;12728;454;13803;13912;5.66;0.35;298.63;13.35;1075;80;4775.00;109
12732;78;626812817;12732;463;13807;13916;5.69;0.35;298.59;13.34;1075;80;4776.00;109
12734;78;626812829;12734;461;13807;13916;5.69;0.35;298.59;13.34;1073;80;4777.00;109
12738;78;626812841;12738;462;13808;13916;5.66;0.35;298.54;13.34;1070;80;4778.00;108
12741;78;626812853;12741;444;13809;13917;5.66;0.35;298.58;13.34;1068;80;4779.00;108
12745;78;626812866;12745;433;13809;13917;5.63;0.35;298.65;13.34;1064;80;4780.00;108
12750;78;626812878;12750;437;13813;13923;5.65;0.35;298.63;13.34;1063;80;4781.00;110
12756;78;626812891;12756;441;13813;13923;5.68;0.35;298.59;13.34;1057;80;4782.00;110
12761;78;626812904;12761;436;13814;13924;5.70;0.35;298.56;13.34;1053;80;4783.00;110
12763;78;626812916;12763;431;13814;13924;5.75;0.35;298.53;13.34;1051;80;4784.00;110
12768;78;626812934;12768;432;13814;13924;5.75;0.35;298.54;13.34;1046;80;4785.00;110
12770;78;626812953;12770;424;13814;13924;5.77;0.35;298.56;13.34;1044;80;4786.00;110
12774;78;626812966;12774;424;13814;13924;5.83;0.36;298.51;13.34;1040;80;4787.00;110
12777;78;626812979;12777;417;13824;13936;5.97;0.37;298.51;13.33;1047;80;4788.00;112
12781;78;626812992;12781;418;13825;13936;6.00;0.37;298.48;13.41;1044;80;4789.00;111
12783;78;626813006;12783;415;13826;13936;6.10;0.37;298.47;13.41;1043;80;4790.00;110
12785;78;626813020;12785;421;13826;13936;6.16;0.38;298.47;13.41;1041;80;4791.00;110
12787;78;626813033;12787;419;13826;13936;6.21;0.38;298.45;13.41;1039;80;4792.00;110
12789;78;626813045;12789;420;13826;13936;6.24;0.38;298.42;13.41;1037;80;4793.00;110
12793;78;626813058;12793;424;13829;13940;6.28;0.38;298.44;13.41;1036;80;4794.00;111
12797;78;626813071;12797;425;13829;13940;6.27;0.38;298.46;13.41;1032;80;4795.00;111
12801;78;626813084;12801;426;13832;13944;6.20;0.38;298.42;13.41;1031;80;4796.00;112
12803;78;626813098;12803;427;13833;13945;6.17;0.38;298.44;13.41;1030;80;4797.00;112
12804;78;626813112;12804;435;13834;13945;6.20;0.38;298.49;13.41;1030;80;4798.00;111
12806;78;626813125;12806;432;13834;13945;6.17;0.37;298.49;13.41;1028;80;4799.00;111
12809;78;626813139;12809;443;13856;13986;6.24;0.38;298.48;13.38;1047;80;4800.00;130
12810;78;626813160;12810;432;13857;13986;6.22;0.38;298.49;13.38;1047;80;4801.00;129
12814;78;626813172;12814;436;13859;13986;6.17;0.37;298.59;13.38;1045;80;4802.00;127
12815;78;626813186;12815;431;13861;13987;6.10;0.37;298.58;13.38;1046;80;4803.00;126
12819;78;626813199;12819;441;13861;13988;5.98;0.36;298.75;13.38;1042;80;4804.00;127
12822;78;626813217;12822;448;13862;13988;5.91;0.36;298.74;13.38;1040;80;4805.00;126
12824;78;626813230;12824;445;13865;13991;5.90;0.36;298.76;13.38;1041;80;4806.00;126
12825;78;626813243;12825;437;13866;13991;5.86;0.36;298.75;13.38;1041;80;4807.00;125
12830;78;626813257;12830;436;13868;13991;5.81;0.35;298.83;13.38;1038;80;4808.00;123
12832;78;626813270;12832;422;13868;13991;5.81;0.35;298.89;13.38;1036;80;4809.00;123
12838;78;626813283;12838;421;13871;13997;5.82;0.36;298.85;13.37;1033;80;4810.00;126
12843;78;626813296;12843;426;13874;13997;5.81;0.36;298.94;13.37;1031;80;4811.00;123
12845;78;626813310;12845;427;13874;13997;5.88;0.36;298.92;13.37;1029;80;4812.00;123
12848;78;626813322;12848;433;13875;13997;5.93;0.36;298.94;13.37;1027;80;4813.00;122
12851;78;626813336;12851;425;13878;14001;5.99;0.37;298.98;13.37;1027;80;4814.00;123
12852;78;626813349;12852;425;13880;14003;6.09;0.37;298.98;13.37;1028;80;4815.00;123
12857;78;626813362;12857;413;13881;14003;6.12;0.37;298.99;13.37;1024;80;4816.00;122
12858;78;626813381;12858;403;13882;14004;6.23;0.38;299.02;13.37;1024;80;4817.00;122
12860;78;626813395;12860;392;13882;14004;6.31;0.39;299.02;13.37;1022;80;4818.00;122
12864;78;626813408;12864;381;13882;14004;6.32;0.39;299.02;13.37;1018;80;4819.00;122
12867;78;626813422;12867;373;13882;14004;6.36;0.39;299.10;13.37;1015;80;4820.00;122
12873;78;626813440;12873;373;13882;14004;6.39;0.39;299.13;13.37;1009;80;4821.00;122
12876;78;626813454;12876;372;13883;14004;6.44;0.39;299.15;13.37;1007;80;4822.00;121
12878;78;626813470;12878;367;13883;14004;6.48;0.40;299.22;13.37;1005;80;4823.00;121
12885;78;626813492;12885;374;13924;14074;6.47;0.39;299.28;13.33;1039;80;4824.00;150
12887;78;626813523;12887;363;13924;14075;6.48;0.39;299.31;13.33;1037;80;4825.00;151
12892;78;626813543;12892;354;13929;14075;6.48;0.39;299.34;13.41;1037;80;4826.00;146
12893;78;626813563;12893;339;13933;14075;6.50;0.39;299.35;13.41;1040;80;4827.00;142
12898;78;626813582;12898;331;13936;14077;6.55;0.40;299.39;13.41;1038;80;4828.00;141
12900;78;626813599;12900;332;13939;14077;6.64;0.40;299.41;13.41;1039;80;4829.00;138
12901;78;626813616;12901;317;13941;14077;6.71;0.41;299.45;13.40;1040;80;4830.00;136
12903;78;626813631;12903;315;13943;14077;6.82;0.42;299.46;13.40;1040;80;4831.00;134
12903;78;626813645;12903;309;13946;14078;6.91;0.42;299.46;13.40;1043;80;4832.00;132
12905;78;626813660;12905;309;13950;14079;6.96;0.42;299.48;13.40;1045;80;4833.00;129
12909;78;626813675;12909;322;13952;14079;6.99;0.43;299.53;13.40;1043;80;4834.00;127
12911;78;626813690;12911;317;13958;14083;6.99;0.43;299.59;13.40;1047;80;4835.00;125
12914;78;626813704;12914;314;13958;14083;6.97;0.42;299.63;13.40;1044;80;4836.00;125
12915;78;626813718;12915;328;13958;14083;6.92;0.42;299.63;13.40;1043;80;4837.00;125
12918;78;626813739;12918;319;13958;14083;6.93;0.42;299.69;13.40;1040;80;4838.00;125
12921;78;626813754;12921;322;13964;14089;6.90;0.42;299.67;13.39;1043;80;4839.00;125
12921;78;626813769;12921;317;13964;14089;6.93;0.42;299.67;13.39;1043;80;4840.00;125
12923;78;626813783;12923;314;13964;14089;6.95;0.42;299.67;13.39;1041;80;4841.00;125
12927;78;626813797;12927;319;13967;14092;6.95;0.42;299.80;13.39;1040;80;4842.00;125
12928;78;626813812;12928;322;13968;14092;6.98;0.43;299.79;13.48;1040;80;4843.00;124
12929;78;626813825;12929;324;13968;14092;6.99;0.43;299.78;13.48;1039;80;4844.00;124
12930;78;626813840;12930;320;13968;14093;7.04;0.43;299.76;13.48;1038;80;4845.00;125
12932;78;626813860;12932;314;13969;14094;7.02;0.43;299.75;13.48;1037;80;4846.00;125
12934;78;626813874;12934;315;13969;14094;6.98;0.42;299.78;13.48;1035;80;4847.00;125
12936;78;626813888;12936;312;13980;14107;6.92;0.42;299.80;13.47;1044;80;4848.00;127
12938;78;626813903;12938;310;13980;14107;6.83;0.41;299.78;13.47;1042;80;4849.00;127
12938;78;626813918;12938;299;13980;14107;6.81;0.41;299.78;13.47;1042;80;4850.00;127
12939;78;626813932;12939;294;13982;14108;6.82;0.41;299.77;13.55;1043;80;4851.00;126
12941;78;626813945;12941;293;13982;14108;6.81;0.41;299.77;13.55;1041;80;4852.00;126
12942;78;626813958;12942;293;13985;14112;6.81;0.41;299.76;13.55;1043;80;4853.00;127
12943;78;626813973;12943;293;13985;14112;6.80;0.41;299.76;13.55;1042;80;4854.00;127
12948;78;626813987;12948;287;13989;14116;6.81;0.41;299.76;13.55;1041;80;4855.00;127
12952;78;626814000;12952;286;13989;14116;6.84;0.41;299.78;13.55;1037;80;4856.00;127
12957;78;626814014;12957;276;13990;14116;6.81;0.41;299.78;13.64;1033;80;4857.00;126
12958;78;626814027;12958;274;13990;14116;6.85;0.41;299.81;13.64;1032;80;4858.00;126
12962;78;626814040;12962;268;13990;14116;6.86;0.42;299.84;13.64;1028;80;4859.00;126
12966;78;626814055;12966;270;14012;14150;6.89;0.42;299.82;13.71;1046;80;4860.00;138
12969;78;626814070;12969;257;14013;14150;6.91;0.42;299.91;13.70;1044;80;4861.00;137
12972;78;626814083;12972;250;14014;14150;6.95;0.42;299.96;13.70;1042;80;4862.00;136
12975;78;626814096;12975;236;14014;14150;6.95;0.42;300.03;13.70;1039;80;4863.00;136
12978;78;626814109;12978;228;14015;14150;6.97;0.42;300.06;13.70;1037;80;4864.00;135
12981;78;626814122;12981;219;14017;14150;7.00;0.43;300.07;13.73;1036;80;4865.00;133
12985;78;626814136;12985;209;14018;14151;7.02;0.43;300.15;13.73;1033;80;4866.00;133
12990;78;626814149;12990;210;14018;14151;7.03;0.43;300.16;13.73;1028;80;4867.00;133
12993;78;626814162;12993;203;14022;14157;7.06;0.43;300.16;13.73;1029;80;4868.00;135
12996;78;626814175;12996;204;14024;14158;7.04;0.43;300.26;13.73;1028;80;4869.00;134
12998;78;626814188;12998;200;14025;14158;6.99;0.42;300.23;13.82;1027;80;4870.00;133
13000;78;626814201;13000;202;14025;14158;6.91;0.42;300.33;13.82;1025;80;4871.00;133
13003;78;626814214;13003;211;14027;14162;6.88;0.42;300.32;13.81;1024;80;4872.00;135
13005;78;626814226;13005;209;14027;14162;6.85;0.42;300.35;13.81;1022;80;4873.00;135
13007;78;626814239;13007;215;14027;14162;6.90;0.42;300.36;13.81;1020;80;4874.00;135
13010;78;626814253;13010;211;14028;14163;6.91;0.42;300.36;13.81;1018;80;4875.00;135
13013;78;626814266;13013;218;14031;14167;6.89;0.42;300.40;13.81;1018;80;4876.00;136
13015;78;626814279;13015;217;14032;14167;6.91;0.42;300.40;13.81;1017;80;4877.00;135
13020;78;626814291;13020;218;14035;14170;6.93;0.42;300.40;13.90;1015;80;4878.00;135
13025;78;626814306;13025;218;14036;14170;6.88;0.42;300.42;13.90;1011;80;4879.00;134
13026;78;626814318;13026;219;14037;14170;6.86;0.42;300.45;13.90;1011;80;4880.00;133
13028;78;626814331;13028;225;14037;14170;6.79;0.41;300.44;13.90;1009;80;4881.00;133
13030;78;626814344;13030;228;14041;14174;6.77;0.41;300.45;13.90;1011;80;4882.00;133
13031;78;626814357;13031;232;14041;14174;6.77;0.41;300.48;13.90;1010;80;4883.00;133
13034;79;626814370;13034;237;14043;14174;6.74;0.41;300.49;13.90;1009;81;4884.00;131
13037;79;626814395;13037;236;14043;14174;6.74;0.41;300.57;13.90;1006;81;4885.00;131
13041;79;626814409;13041;239;14044;14175;6.71;0.41;300.53;13.90;1003;81;4886.00;131
13046;79;626814423;13046;243;14045;14176;6.71;0.41;300.59;13.89;999;81;4887.00;131
13048;79;626814437;13048;247;14045;14176;6.73;0.41;300.57;13.89;997;81;4888.00;131
13049;79;626814451;13049;252;14047;14177;6.72;0.41;300.64;13.91;998;81;4889.00;130
13051;79;626814468;13051;255;14048;14177;6.67;0.40;300.69;13.92;997;81;4890.00;129
13051;79;626814482;13051;266;14048;14177;6.66;0.40;300.69;13.92;997;81;4891.00;129
13052;79;626814495;13052;271;14050;14177;6.66;0.40;300.73;13.94;998;81;4892.00;127
13055;79;626814515;13055;275;14050;14177;6.66;0.40;300.84;13.94;995;81;4893.00;127
13059;79;626814528;13059;277;14050;14177;6.64;0.40;300.94;13.94;991;81;4894.00;127
13061;79;626814541;13061;283;14051;14177;6.57;0.40;300.91;13.95;990;81;4895.00;126
13062;79;626814552;13062;296;14113;14304;6.80;0.42;300.91;13.90;1051;81;4896.00;191
13062;79;626814573;13062;298;14115;14305;6.76;0.42;300.91;13.90;1053;81;4897.00;190
13063;79;626814585;13063;301;14128;14305;6.82;0.42;300.89;13.92;1065;81;4898.00;177
13066;79;626814598;13066;305;14133;14305;6.77;0.42;300.91;13.92;1067;81;4899.00;172
13066;79;626814610;13066;303;14140;14305;6.75;0.42;300.91;13.93;1074;81;4900.00;165
13070;79;626814626;13070;298;14145;14305;6.69;0.41;300.91;13.94;1075;81;4901.00;160
13071;79;626814638;13071;301;14149;14305;6.66;0.41;300.91;13.95;1078;81;4902.00;156
13075;79;626814650;13075;296;14151;14305;6.60;0.41;300.86;13.95;1076;81;4903.00;154
13079;79;626814674;13079;303;14158;14306;6.61;0.41;300.79;13.96;1079;81;4904.00;148
13082;79;626814686;13082;310;14161;14308;6.59;0.41;300.78;13.97;1079;81;4905.00;147
13084;79;626814698;13084;313;14165;14308;6.60;0.41;300.79;13.97;1081;81;4906.00;143
13085;79;626814711;13085;319;14172;14309;6.56;0.40;300.78;13.99;1087;81;4907.00;137
13089;79;626814723;13089;328;14174;14309;6.45;0.40;300.72;13.99;1085;81;4908.00;135
13092;79;626814735;13092;324;14177;14309;6.41;0.39;300.68;13.99;1085;81;4909.00;132
13093;79;626814748;13093;327;14182;14309;6.33;0.39;300.66;14.00;1089;81;4910.00;127
13096;79;626814760;13096;329;14186;14313;6.27;0.38;300.65;14.00;1090;81;4911.00;127
13097;79;626814773;13097;338;14188;14313;6.19;0.38;300.65;14.01;1091;81;4912.00;125
13097;79;626814786;13097;342;14191;14313;6.10;0.37;300.65;14.01;1094;81;4913.00;122
13100;79;626814798;13100;345;14193;14316;6.05;0.37;300.65;14.02;1093;81;4914.00;123
13101;79;626814811;13101;356;14196;14316;5.96;0.36;300.64;14.02;1095;81;4915.00;120
13102;79;626814827;13102;360;14197;14316;5.96;0.36;300.63;14.02;1095;81;4916.00;119
13104;79;626814840;13104;369;14202;14320;5.90;0.36;300.71;14.03;1098;81;4917.00;118
13105;79;626814852;13105;373;14203;14321;5.86;0.36;300.68;14.03;1098;81;4918.00;118
13109;79;626814864;13109;379;14205;14321;5.76;0.35;300.64;14.04;1096;81;4919.00;116
13109;79;626814877;13109;392;14210;14326;5.77;0.35;300.64;14.04;1101;81;4920.00;116
13111;79;626814889;13111;398;14210;14326;5.69;0.35;300.63;14.04;1099;81;4921.00;116
13114;79;626814901;13114;396;14211;14326;5.60;0.34;300.66;14.05;1097;81;4922.00;115
13115;79;626814912;13115;403;14214;14327;5.50;0.34;300.64;14.07;1099;81;4923.00;113
13117;79;626814924;13117;403;14215;14327;5.40;0.33;300.65;14.08;1098;81;4924.00;112
13118;79;626814936;13118;410;14219;14333;5.34;0.33;300.64;14.08;1101;81;4925.00;114
13121;79;626814948;13121;412;14221;14333;5.18;0.32;300.62;14.09;1100;81;4926.00;112
13123;79;626814959;13123;420;14222;14334;5.03;0.31;300.61;14.09;1099;81;4927.00;112
13125;79;626814971;13125;433;14222;14334;4.90;0.30;300.60;14.09;1097;81;4928.00;112
13127;79;626814982;13127;443;14223;14334;4.77;0.29;300.64;14.10;1096;81;4929.00;111
13129;79;626814993;13129;436;14224;14334;4.67;0.29;300.65;14.11;1095;81;4930.00;110
13131;79;626815004;13131;409;14224;14334;4.60;0.28;300.66;14.11;1093;81;4931.00;110
13133;79;626815015;13133;403;14236;14346;4.69;0.29;300.66;14.11;1103;81;4932.00;110
13137;79;626815027;13137;390;14237;14346;4.68;0.29;300.65;14.12;1100;81;4933.00;109
13138;79;626815039;13138;385;14237;14346;4.71;0.29;300.65;14.12;1099;81;4934.00;109
13143;79;626815050;13143;382;14238;14346;4.72;0.29;300.59;14.13;1095;81;4935.00;108
13146;79;626815062;13146;378;14239;14346;4.78;0.29;300.54;14.14;1093;81;4936.00;107
13148;79;626815073;13148;370;14240;14346;4.87;0.30;300.53;14.14;1092;81;4937.00;106
13150;79;626815090;13150;361;14243;14350;4.96;0.30;300.53;14.14;1093;81;4938.00;107
13153;79;626815102;13153;351;14243;14350;5.07;0.31;300.52;14.14;1090;81;4939.00;107
13154;79;626815114;13154;352;14246;14354;5.17;0.32;300.53;14.14;1092;81;4940.00;108
13157;79;626815132;13157;349;14247;14355;5.24;0.32;300.52;14.14;1090;81;4941.00;108
13160;79;626815145;13160;351;14248;14355;5.29;0.32;300.50;14.14;1088;81;4942.00;107
13161;79;626815157;13161;344;14248;14355;5.36;0.33;300.52;14.14;1087;81;4943.00;107
13162;79;626815169;13162;352;14259;14368;5.49;0.34;300.53;14.13;1097;81;4944.00;109
13168;79;626815182;13168;349;14259;14368;5.53;0.34;300.51;14.13;1091;81;4945.00;109
13168;79;626815195;13168;350;14259;14368;5.61;0.34;300.51;14.13;1091;81;4946.00;109
13173;79;626815207;13173;353;14260;14369;5.68;0.35;300.50;14.12;1087;81;4947.00;109
13175;79;626815221;13175;356;14260;14370;5.77;0.35;300.52;14.12;1085;81;4948.00;110
13177;79;626815234;13177;365;14260;14370;5.86;0.36;300.51;14.12;1083;81;4949.00;110
13181;79;626815248;13181;364;14264;14379;5.94;0.36;300.49;14.12;1083;81;4950.00;115
13186;79;626815262;13186;363;14265;14379;5.94;0.36;300.52;14.12;1079;81;4951.00;114
13186;79;626815276;13186;356;14266;14379;6.06;0.37;300.52;14.12;1080;81;4952.00;113
13192;79;626815288;13192;357;14266;14379;6.11;0.38;300.50;14.12;1074;81;4953.00;113
13195;79;626815302;13195;351;14270;14385;6.22;0.38;300.52;14.12;1075;81;4954.00;115
13201;79;626815315;13201;349;14270;14385;6.23;0.38;300.46;14.12;1069;81;4955.00;115
13205;79;626815329;13205;348;14271;14385;6.26;0.38;300.45;14.12;1066;81;4956.00;114
13210;79;626815342;13210;348;14273;14385;6.27;0.38;300.48;14.20;1063;81;4957.00;112
13213;79;626815356;13213;350;14277;14389;6.36;0.39;300.51;14.20;1064;81;4958.00;112
13217;79;626815370;13217;351;14278;14390;6.41;0.39;300.55;14.20;1061;81;4959.00;112
13225;79;626815388;13225;355;14279;14390;6.39;0.39;300.57;14.20;1054;81;4960.00;111
13228;79;626815401;13228;347;14280;14391;6.42;0.39;300.58;14.20;1052;81;4961.00;111
13236;79;626815414;13236;356;14280;14391;6.43;0.39;300.58;14.20;1044;81;4962.00;111
13240;79;626815428;13240;358;14280;14391;6.48;0.39;300.58;14.20;1040;81;4963.00;111
13243;79;626815441;13243;361;14280;14391;6.49;0.40;300.67;14.20;1037;81;4964.00;111
13246;79;626815454;13246;361;14280;14391;6.53;0.40;300.69;14.20;1034;81;4965.00;111
13249;79;626815469;13249;355;14280;14391;6.59;0.40;300.68;14.20;1031;81;4966.00;111
13252;79;626815489;13252;355;14280;14391;6.62;0.40;300.70;14.20;1028;81;4967.00;111
13258;79;626815510;13258;372;14324;14461;6.74;0.41;300.71;14.15;1066;81;4968.00;137
13261;79;626815541;13261;361;14326;14462;6.72;0.41;300.70;14.24;1065;81;4969.00;136
13267;79;626815579;13267;358;14331;14462;6.72;0.41;300.77;14.23;1064;81;4970.00;131
13269;79;626815597;13269;358;14335;14462;6.75;0.41;300.78;14.23;1066;81;4971.00;127
13273;79;626815611;13273;353;14340;14462;6.79;0.41;300.82;14.23;1067;81;4972.00;122
13275;79;626815627;13275;358;14342;14462;6.76;0.41;300.84;14.23;1067;81;4973.00;120
13278;79;626815642;13278;358;14345;14462;6.67;0.41;300.84;14.31;1067;81;4974.00;117
13281;79;626815658;13281;363;14346;14462;6.59;0.40;300.86;14.31;1065;81;4975.00;116
13282;79;626815673;13282;369;14349;14463;6.51;0.40;300.87;14.39;1067;81;4976.00;114
13286;79;626815688;13286;361;14350;14464;6.46;0.39;300.92;14.39;1064;81;4977.00;114
13287;79;626815703;13287;361;14352;14464;6.42;0.39;300.96;14.47;1065;81;4978.00;112
13288;79;626815717;13288;360;14355;14468;6.43;0.39;300.97;14.47;1067;81;4979.00;113
13292;79;626815734;13292;363;14355;14468;6.42;0.39;301.02;14.47;1063;81;4980.00;113
13298;79;626815749;13298;366;14355;14468;6.40;0.39;301.14;14.47;1057;81;4981.00;113
13301;79;626815763;13301;368;14356;14468;6.46;0.39;301.17;14.55;1055;81;4982.00;112
13303;79;626815778;13303;373;14360;14474;6.50;0.40;301.21;14.54;1057;81;4983.00;114
13305;79;626815793;13305;379;14360;14474;6.56;0.40;301.18;14.54;1055;81;4984.00;114
13309;79;626815808;13309;388;14361;14474;6.60;0.40;301.23;14.54;1052;81;4985.00;113
13311;79;626815829;13311;373;14364;14477;6.71;0.41;301.29;14.62;1053;81;4986.00;113
13315;79;626815845;13315;365;14365;14477;6.75;0.41;301.29;14.62;1050;81;4987.00;112
13317;79;626815860;13317;348;14365;14477;6.82;0.42;301.37;14.62;1048;81;4988.00;112
13319;79;626815874;13319;329;14365;14478;6.84;0.42;301.41;14.62;1046;81;4989.00;113
13323;79;626815890;13323;324;14366;14479;6.84;0.42;301.41;14.62;1043;81;4990.00;113
13328;79;626815905;13328;319;14366;14479;6.84;0.42;301.43;14.62;1038;81;4991.00;113
13330;80;626815920;13330;320;14377;14492;6.97;0.43;301.45;14.61;1047;82;4992.00;115
13336;80;626815948;13336;315;14377;14492;6.94;0.42;301.50;14.61;1041;82;4993.00;115
13338;80;626815964;13338;318;14377;14492;6.94;0.42;301.55;14.61;1039;82;4994.00;115
13343;80;626815979;13343;311;14380;14494;6.93;0.42;301.55;14.68;1037;82;4995.00;114
13348;80;626815994;13348;320;14380;14494;6.88;0.42;301.60;14.68;1032;82;4996.00;114
13351;80;626816009;13351;315;14383;14498;6.82;0.41;301.66;14.68;1032;82;4997.00;115
13353;80;626816030;13353;310;14383;14498;6.76;0.41;301.71;14.68;1030;82;4998.00;115
13356;80;626816045;13356;303;14387;14502;6.71;0.41;301.73;14.68;1031;82;4999.00;115
13360;80;626816062;13360;289;14387;14502;6.66;0.40;301.74;14.68;1027;82;5000.00;115
13363;80;626816081;13363;280;14387;14502;6.66;0.40;301.79;14.68;1024;82;5001.00;115
13367;80;626816101;13367;281;14388;14502;6.67;0.40;301.76;14.75;1021;82;5002.00;114
13369;80;626816114;13369;277;14388;14502;6.65;0.40;301.75;14.75;1019;82;5003.00;114
13370;80;626816128;13370;279;14398;14514;6.69;0.40;301.75;14.74;1028;82;5004.00;116
13374;80;626816143;13374;272;14398;14514;6.73;0.41;301.74;14.74;1024;82;5005.00;116
13374;80;626816158;13374;275;14399;14514;6.86;0.42;301.74;14.74;1025;82;5006.00;115
13374;80;626816171;13374;277;14399;14514;6.88;0.42;301.74;14.74;1025;82;5007.00;115
13376;80;626816184;13376;273;14399;14514;6.90;0.42;301.74;14.74;1023;82;5008.00;115
13379;80;626816198;13379;277;14399;14514;6.96;0.42;301.84;14.74;1020;82;5009.00;115
13379;80;626816215;13379;277;14399;14515;6.98;0.42;301.84;14.74;1020;82;5010.00;116
13381;80;626816229;13381;269;14399;14515;6.93;0.42;301.89;14.74;1018;82;5011.00;116
13387;80;626816249;13387;267;14403;14521;6.88;0.42;301.93;14.74;1016;82;5012.00;118
13388;80;626816263;13388;272;14404;14522;6.85;0.42;301.93;14.74;1016;82;5013.00;118
13390;80;626816277;13390;266;14405;14522;6.84;0.42;301.92;14.74;1015;82;5014.00;117
13391;80;626816291;13391;269;14405;14522;6.80;0.41;301.92;14.74;1014;82;5015.00;117
13394;80;626816305;13394;269;14408;14526;6.74;0.41;301.90;14.73;1014;82;5016.00;118
13395;80;626816318;13395;277;14408;14526;6.67;0.41;301.92;14.73;1013;82;5017.00;118
13397;80;626816331;13397;280;14408;14526;6.55;0.40;301.90;14.73;1011;82;5018.00;118
13400;80;626816345;13400;277;14409;14527;6.51;0.40;301.99;14.73;1009;82;5019.00;118
13401;81;626816359;13401;272;14412;14531;6.49;0.40;302.00;14.73;1011;83;5020.00;119
13402;81;626816389;13402;273;14413;14531;6.44;0.39;302.00;14.81;1011;83;5021.00;118
13404;81;626816403;13404;266;14415;14534;6.42;0.39;301.99;14.81;1011;83;5022.00;119
13405;81;626816416;13405;260;14415;14534;6.38;0.39;301.99;14.81;1010;83;5023.00;119
13408;81;626816428;13408;255;14416;14534;6.33;0.39;302.01;14.81;1008;83;5024.00;118
13410;81;626816442;13410;245;14416;14534;6.32;0.39;302.00;14.81;1006;83;5025.00;118
13412;81;626816458;13412;238;14419;14538;6.30;0.39;302.08;14.80;1007;83;5026.00;119
13413;81;626816474;13413;238;14419;14538;6.27;0.38;302.07;14.80;1006;83;5027.00;119
13413;81;626816487;13413;228;14420;14538;6.27;0.38;302.07;14.80;1007;83;5028.00;118
13418;81;626816500;13418;224;14420;14538;6.22;0.38;302.08;14.80;1002;83;5029.00;118
13422;81;626816514;13422;220;14420;14539;6.16;0.38;302.09;14.80;998;83;5030.00;119
13423;81;626816528;13423;220;14421;14540;6.14;0.38;302.11;14.80;998;83;5031.00;119
13425;81;626816539;13425;215;14421;14540;6.11;0.37;302.10;14.80;996;83;5032.00;119
13429;81;626816551;13429;210;14422;14541;6.04;0.37;302.14;14.80;993;83;5033.00;119
13434;81;626816562;13434;208;14423;14541;5.99;0.36;302.13;14.81;989;83;5034.00;118
13440;81;626816575;13440;210;14424;14541;5.87;0.36;302.15;14.83;984;83;5035.00;117
13446;81;626816587;13446;203;14425;14541;5.83;0.35;302.13;14.90;979;83;5036.00;116
13449;81;626816599;13449;216;14425;14541;5.88;0.36;302.16;14.90;976;83;5037.00;116
13455;81;626816610;13455;215;14425;14541;5.88;0.36;302.16;14.90;970;83;5038.00;116
13458;81;626816627;13458;208;14425;14541;5.87;0.36;302.23;14.90;967;83;5039.00;116
13460;81;626816640;13460;235;14524;14771;6.24;0.39;302.20;14.80;1064;83;5040.00;247
13462;81;626816671;13462;225;14528;14772;6.24;0.39;302.24;14.87;1066;83;5041.00;244
13465;81;626816687;13465;217;14536;14772;6.31;0.39;302.30;14.86;1071;83;5042.00;236
13465;81;626816701;13465;214;14541;14772;6.32;0.39;302.30;14.87;1076;83;5043.00;231
13466;81;626816713;13466;200;14550;14772;6.35;0.40;302.32;14.93;1084;83;5044.00;222
13469;81;626816726;13469;199;14555;14772;6.34;0.39;302.34;14.95;1086;83;5045.00;217
13472;81;626816738;13472;195;14564;14772;6.37;0.39;302.37;15.01;1092;83;5046.00;208
13472;81;626816751;13472;198;14570;14772;6.46;0.40;302.37;15.01;1098;83;5047.00;202
13476;81;626816764;13476;197;14577;14773;6.54;0.40;302.37;15.08;1101;83;5048.00;196
13478;81;626816777;13478;202;14581;14774;6.58;0.41;302.34;15.08;1103;83;5049.00;193
13480;81;626816791;13480;194;14587;14774;6.64;0.41;302.32;15.08;1107;83;5050.00;187
13482;81;626816805;13482;192;14590;14775;6.70;0.41;302.29;15.15;1108;83;5051.00;185
13483;81;626816818;13483;198;14599;14775;6.74;0.41;302.29;15.15;1116;83;5052.00;176
13483;81;626816831;13483;201;14600;14775;6.74;0.42;302.29;15.15;1117;83;5053.00;175
13485;81;626816845;13485;207;14603;14775;6.67;0.41;302.26;15.15;1118;83;5054.00;172
13485;81;626816858;13485;205;14606;14779;6.66;0.41;302.26;15.15;1121;83;5055.00;173
13488;81;626816872;13488;215;14610;14779;6.59;0.40;302.25;15.15;1122;83;5056.00;169
13490;81;626816885;13490;223;14613;14779;6.56;0.40;302.22;15.15;1123;83;5057.00;166
13490;81;626816904;13490;231;14619;14782;6.56;0.40;302.22;15.15;1129;83;5058.00;163
13491;81;626816918;13491;239;14621;14782;6.54;0.40;302.21;15.15;1130;83;5059.00;161
13491;81;626816932;13491;248;14625;14782;6.55;0.40;302.21;15.17;1134;83;5060.00;157
13496;81;626816951;13496;259;14631;14786;6.50;0.40;302.15;15.17;1135;83;5061.00;155
13499;81;626816966;13499;271;14634;14787;6.48;0.40;302.14;15.19;1135;83;5062.00;153
13501;81;626816980;13501;278;14636;14787;6.47;0.40;302.14;15.19;1135;83;5063.00;151
13501;81;626816994;13501;281;14641;14791;6.44;0.39;302.14;15.19;1140;83;5064.00;150
13503;81;626817008;13503;297;14642;14791;6.39;0.39;302.10;15.20;1139;83;5065.00;149
13505;81;626817022;13505;297;14645;14791;6.34;0.39;302.16;15.21;1140;83;5066.00;146
13508;81;626817070;13508;303;14647;14792;6.30;0.39;302.12;15.21;1139;83;5067.00;145
13509;82;626817083;13509;316;14650;14792;6.23;0.38;302.11;15.23;1141;84;5068.00;142
13511;82;626817107;13511;324;14653;14798;6.23;0.38;302.10;15.22;1142;84;5069.00;145
13512;82;626817123;13512;326;14656;14798;6.18;0.38;302.11;15.23;1144;84;5070.00;142
13516;82;626817137;13516;331;14657;14799;6.07;0.37;302.06;15.24;1141;84;5071.00;142
13519;82;626817150;13519;338;14660;14799;5.98;0.37;302.02;15.24;1141;84;5072.00;139
13520;82;626817164;13520;342;14662;14799;5.90;0.36;302.01;15.26;1142;84;5073.00;137
13522;82;626817176;13522;351;14665;14799;5.87;0.36;301.99;15.26;1143;84;5074.00;134
13523;82;626817189;13523;366;14667;14799;5.81;0.36;301.97;15.27;1144;84;5075.00;132
13524;82;626817201;13524;372;14679;14811;5.79;0.36;301.97;15.26;1155;84;5076.00;132
13525;82;626817215;13525;378;14681;14811;5.76;0.35;301.96;15.28;1156;84;5077.00;130
13526;82;626817228;13526;383;14682;14811;5.64;0.35;301.94;15.28;1156;84;5078.00;129
13527;82;626817240;13527;380;14684;14811;5.56;0.34;301.93;15.29;1157;84;5079.00;127
13528;82;626817253;13528;388;14685;14811;5.47;0.34;301.92;15.30;1157;84;5080.00;126
13531;82;626817264;13531;385;14687;14811;5.38;0.33;301.90;15.31;1156;84;5081.00;124
13532;82;626817276;13532;382;14691;14815;5.35;0.33;301.89;15.31;1159;84;5082.00;124
13534;82;626817289;13534;373;14694;14815;5.31;0.32;301.88;15.32;1160;84;5083.00;121
13536;82;626817301;13536;367;14698;14819;5.37;0.33;301.87;15.32;1162;84;5084.00;121
13537;82;626817315;13537;366;14700;14821;5.36;0.33;301.86;15.32;1163;84;5085.00;121
13537;82;626817328;13537;366;14702;14821;5.38;0.33;301.86;15.33;1165;84;5086.00;119
13538;82;626817341;13538;366;14702;14821;5.43;0.33;301.84;15.33;1164;84;5087.00;119
13539;82;626817354;13539;365;14716;14834;5.53;0.34;301.83;15.36;1177;84;5088.00;118
13541;82;626817368;13541;357;14717;14834;5.62;0.34;301.80;15.35;1176;84;5089.00;117
13541;82;626817382;13541;357;14717;14834;5.68;0.35;301.80;15.35;1176;84;5090.00;117
13544;82;626817395;13544;357;14719;14835;5.73;0.35;301.81;15.37;1175;84;5091.00;116
13546;82;626817408;13546;355;14719;14836;5.77;0.35;301.79;15.37;1173;84;5092.00;117
13548;82;626817426;13548;357;14720;14836;5.78;0.35;301.79;15.38;1172;84;5093.00;116
13551;82;626817440;13551;363;14722;14839;5.81;0.35;301.79;15.37;1171;84;5094.00;117
13553;82;626817459;13553;372;14726;14839;5.82;0.35;301.82;15.41;1173;84;5095.00;113
13556;82;626817476;13556;374;14726;14839;5.84;0.36;301.80;15.41;1170;84;5096.00;113
13557;82;626817495;13557;382;14727;14839;5.81;0.35;301.81;15.42;1170;84;5097.00;112
13559;82;626817516;13559;395;14731;14845;5.81;0.35;301.83;15.41;1172;84;5098.00;114
13560;82;626817538;13560;411;14732;14845;5.70;0.35;301.84;15.41;1172;84;5099.00;113
13562;82;626817560;13562;406;14736;14864;5.58;0.34;301.85;15.41;1174;84;5100.00;128
13566;82;626817590;13566;399;14741;14864;5.47;0.33;301.90;15.44;1175;84;5101.00;123
13571;82;626817606;13571;402;14744;14868;5.43;0.33;301.85;15.44;1173;84;5102.00;124
13572;82;626817620;13572;406;14745;14869;5.42;0.33;301.87;15.44;1173;84;5103.00;124
13576;82;626817633;13576;407;14747;14869;5.39;0.33;301.94;15.46;1171;84;5104.00;122
13578;82;626817648;13578;410;14749;14870;5.38;0.33;301.94;15.46;1171;84;5105.00;121
13582;82;626817662;13582;403;14750;14870;5.37;0.33;301.95;15.45;1168;84;5106.00;120
13584;82;626817676;13584;406;14751;14870;5.38;0.33;301.98;15.45;1167;84;5107.00;119
13588;82;626817690;13588;395;14751;14870;5.41;0.33;301.98;15.45;1163;84;5108.00;119
13591;82;626817704;13591;387;14751;14870;5.50;0.34;302.01;15.45;1160;84;5109.00;119
13593;82;626817717;13593;384;14752;14870;5.59;0.34;302.00;15.45;1159;84;5110.00;118
13598;82;626817731;13598;378;14752;14870;5.62;0.34;302.04;15.45;1154;84;5111.00;118
13601;82;626817745;13601;384;14786;14940;5.79;0.36;302.11;15.42;1185;84;5112.00;154
13604;82;626817765;13604;378;14789;14941;5.83;0.36;302.13;15.42;1185;84;5113.00;152
13607;82;626817779;13607;382;14797;14941;5.89;0.36;302.19;15.41;1190;84;5114.00;144
13612;82;626817794;13612;375;14799;14941;5.95;0.37;302.22;15.41;1187;84;5115.00;142
13616;82;626817808;13616;374;14804;14941;6.03;0.37;302.18;15.40;1188;84;5116.00;137
13625;82;626817823;13625;379;14806;14941;6.04;0.37;302.18;15.40;1181;84;5117.00;135
13627;82;626817838;13627;384;14809;14941;6.12;0.38;302.22;15.40;1182;84;5118.00;132
13632;82;626817852;13632;387;14811;14941;6.16;0.38;302.25;15.40;1179;84;5119.00;130
13635;82;626817867;13635;380;14812;14942;6.23;0.38;302.31;15.40;1177;84;5120.00;130
13639;82;626817882;13639;381;14815;14943;6.27;0.39;302.34;15.40;1176;84;5121.00;128
13643;82;626817897;13643;385;14817;14943;6.25;0.38;302.46;15.40;1174;84;5122.00;126
13648;82;626817913;13648;384;14820;14947;6.24;0.38;302.42;15.39;1172;84;5123.00;127
13656;82;626817928;13656;398;14821;14947;6.22;0.38;302.52;15.40;1165;84;5124.00;126
13660;82;626817945;13660;402;14821;14947;6.22;0.38;302.53;15.40;1161;84;5125.00;126
13662;82;626817959;13662;410;14821;14947;6.21;0.38;302.52;15.40;1159;84;5126.00;126
13670;82;626817975;13670;415;14824;14953;6.13;0.37;302.49;15.39;1154;84;5127.00;129
13676;82;626817992;13676;408;14825;14953;6.09;0.37;302.54;15.39;1149;84;5128.00;128
13678;82;626818007;13678;413;14826;14953;6.06;0.37;302.61;15.39;1148;84;5129.00;127
13681;82;626818025;13681;411;14829;14959;6.09;0.37;302.61;15.39;1148;84;5130.00;130
13684;82;626818041;13684;417;14829;14959;6.11;0.37;302.62;15.39;1145;84;5131.00;130
13690;82;626818056;13690;419;14831;14959;6.08;0.37;302.66;15.39;1141;84;5132.00;128
13697;82;626818072;13697;421;14831;14960;6.04;0.37;302.68;15.39;1134;84;5133.00;129
13700;82;626818088;13700;422;14834;14961;6.06;0.37;302.72;15.39;1134;84;5134.00;127
13701;82;626818104;13701;429;14834;14961;6.07;0.37;302.73;15.39;1133;84;5135.00;127
13705;82;626818119;13705;429;14843;14974;6.07;0.37;302.76;15.38;1138;84;5136.00;131
13708;82;626818135;13708;427;14844;14974;6.10;0.37;302.79;15.38;1136;84;5137.00;130
13713;82;626818150;13713;426;14845;14974;6.14;0.37;302.87;15.38;1132;84;5138.00;129
13715;82;626818166;13715;429;14846;14975;6.22;0.38;302.89;15.38;1131;84;5139.00;129
13719;82;626818181;13719;423;14849;14975;6.23;0.38;302.96;15.39;1130;84;5140.00;126
13721;82;626818196;13721;422;14852;14979;6.22;0.38;302.94;15.38;1131;84;5141.00;127
13723;82;626818212;13723;424;14854;14979;6.20;0.38;302.94;15.38;1131;84;5142.00;125
13728;82;626818228;13728;425;14857;14983;6.16;0.38;302.92;15.38;1129;84;5143.00;126
13733;82;626818243;13733;434;14858;14983;6.11;0.37;302.92;15.38;1125;84;5144.00;125
13738;82;626818259;13738;437;14858;14983;6.04;0.37;302.97;15.38;1120;84;5145.00;125
13743;82;626818274;13743;443;14859;14983;5.99;0.36;303.05;15.38;1116;84;5146.00;124
13747;82;626818289;13747;441;14859;14983;5.94;0.36;303.08;15.38;1112;84;5147.00;124
13749;82;626818305;13749;435;14868;14995;5.94;0.36;303.09;15.37;1119;84;5148.00;127
13755;82;626818321;13755;436;14870;14995;5.92;0.36;303.09;15.37;1115;84;5149.00;125
13756;82;626818337;13756;429;14871;14995;6.00;0.37;303.10;15.37;1115;84;5150.00;124
13761;82;626818352;13761;426;14872;14995;6.02;0.37;303.22;15.37;1111;84;5151.00;123
13761;82;626818368;13761;423;14872;14995;6.05;0.37;303.22;15.37;1111;84;5152.00;123
13765;82;626818390;13765;417;14873;14995;6.05;0.37;303.21;15.37;1108;84;5153.00;122
13769;83;626818405;13769;416;14873;14996;6.04;0.37;303.26;15.37;1104;85;5154.00;123
13772;83;626818439;13772;421;14875;14998;6.03;0.37;303.29;15.37;1103;85;5155.00;123
13775;83;626818457;13775;407;14878;15004;6.06;0.37;303.33;15.37;1103;85;5156.00;126
13780;83;626818489;13780;399;14880;15005;6.11;0.37;303.27;15.36;1100;85;5157.00;125
13781;83;626818505;13781;395;14880;15005;6.17;0.38;303.31;15.36;1099;85;5158.00;125
13783;83;626818522;13783;388;14882;15005;6.24;0.38;303.32;15.36;1099;85;5159.00;123
13788;83;626818538;13788;384;14887;15010;6.30;0.38;303.35;15.44;1099;85;5160.00;123
13791;83;626818554;13791;376;14887;15010;6.36;0.39;303.35;15.44;1096;85;5161.00;123
13793;83;626818569;13793;371;14887;15010;6.42;0.39;303.34;15.44;1094;85;5162.00;123
13799;83;626818583;13799;368;14888;15011;6.45;0.39;303.38;15.44;1089;85;5163.00;123
13802;83;626818598;13802;362;14891;15015;6.45;0.39;303.39;15.43;1089;85;5164.00;124
13805;83;626818618;13805;357;14891;15015;6.47;0.39;303.48;15.43;1086;85;5165.00;124
13807;83;626818632;13807;361;14894;15018;6.51;0.39;303.51;15.43;1087;85;5166.00;124
13809;83;626818647;13809;356;14894;15018;6.55;0.40;303.53;15.43;1085;85;5167.00;124
13812;83;626818662;13812;347;14894;15018;6.54;0.40;303.62;15.43;1082;85;5168.00;124
13813;83;626818676;13813;341;14894;15018;6.56;0.40;303.62;15.43;1081;85;5169.00;124
13815;83;626818690;13815;338;14897;15022;6.59;0.40;303.66;15.43;1082;85;5170.00;125
13817;83;626818703;13817;335;14898;15022;6.60;0.40;303.64;15.43;1081;85;5171.00;124
13821;83;626818718;13821;335;14898;15022;6.54;0.40;303.82;15.43;1077;85;5172.00;124
13825;83;626818732;13825;335;14898;15022;6.52;0.40;303.87;15.43;1073;85;5173.00;124
13829;83;626818746;13829;336;14898;15023;6.49;0.39;303.91;15.43;1069;85;5174.00;125
13831;83;626818759;13831;338;14900;15025;6.45;0.39;303.91;15.43;1069;85;5175.00;125
13834;83;626818774;13834;338;14900;15025;6.38;0.39;303.91;15.43;1066;85;5176.00;125
13835;83;626818788;13835;341;14901;15026;6.35;0.38;303.93;15.42;1066;85;5177.00;125
13836;83;626818802;13836;336;14901;15026;6.29;0.38;303.94;15.42;1065;85;5178.00;125
13837;83;626818815;13837;333;14901;15026;6.27;0.38;303.98;15.42;1064;85;5179.00;125
13837;83;626818828;13837;333;14902;15026;6.24;0.38;303.98;15.51;1065;85;5180.00;124
13839;83;626818843;13839;330;14902;15026;6.18;0.38;304.08;15.51;1063;85;5181.00;124
13840;83;626818856;13840;336;14902;15026;6.15;0.37;304.07;15.51;1062;85;5182.00;124
13841;83;626818869;13841;342;14902;15026;6.12;0.37;304.13;15.51;1061;85;5183.00;124
13843;83;626818883;13843;367;14973;15153;6.17;0.38;304.11;15.43;1130;85;5184.00;180
13844;83;626818907;13844;359;14974;15154;6.16;0.38;304.10;15.43;1130;85;5185.00;180
13845;83;626818920;13845;349;14982;15154;6.26;0.39;304.09;15.42;1137;85;5186.00;172
13845;83;626818933;13845;355;14984;15154;6.28;0.39;304.09;15.42;1139;85;5187.00;170
13847;83;626818946;13847;356;14988;15154;6.28;0.39;304.10;15.42;1141;85;5188.00;166
13852;83;626818959;13852;359;14993;15154;6.27;0.39;304.08;15.42;1141;85;5189.00;161
13854;83;626818975;13854;368;14997;15154;6.26;0.38;304.05;15.41;1143;85;5190.00;157
13855;83;626818989;13855;363;15000;15154;6.24;0.38;304.07;15.41;1145;85;5191.00;154
13857;83;626819007;13857;356;15004;15155;6.27;0.39;304.07;15.41;1147;85;5192.00;151
13858;83;626819021;13858;352;15005;15156;6.27;0.39;304.07;15.41;1147;85;5193.00;151
13860;83;626819035;13860;358;15009;15156;6.29;0.39;304.11;15.41;1149;85;5194.00;147
13863;83;626819048;13863;355;15011;15157;6.24;0.38;304.12;15.41;1148;85;5195.00;146
13863;83;626819061;13863;358;15013;15157;6.25;0.38;304.12;15.41;1150;85;5196.00;144
13869;83;626819074;13869;362;15013;15157;6.18;0.38;304.21;15.41;1144;85;5197.00;144
13872;83;626819087;13872;360;15015;15157;6.10;0.37;304.20;15.41;1143;85;5198.00;142
13874;83;626819100;13874;360;15017;15161;6.02;0.37;304.21;15.40;1143;85;5199.00;144
13875;83;626819114;13875;364;15019;15161;5.93;0.36;304.22;15.49;1144;85;5200.00;142
13876;83;626819132;13876;360;15021;15161;5.89;0.36;304.22;15.49;1145;85;5201.00;140
13880;83;626819144;13880;361;15023;15164;5.79;0.35;304.20;15.48;1143;85;5202.00;141
13881;83;626819157;13881;360;15024;15164;5.71;0.35;304.18;15.48;1143;85;5203.00;140
13882;83;626819170;13882;363;15026;15164;5.68;0.35;304.19;15.48;1144;85;5204.00;138
13885;83;626819182;13885;358;15030;15168;5.64;0.35;304.17;15.49;1145;85;5205.00;138
13890;83;626819196;13890;356;15033;15169;5.62;0.34;304.14;15.51;1143;85;5206.00;136
13894;83;626819209;13894;359;15033;15169;5.52;0.34;304.14;15.51;1139;85;5207.00;136
13897;83;626819221;13897;356;15035;15173;5.47;0.33;304.10;15.50;1138;85;5208.00;138
13903;83;626819234;13903;357;15035;15173;5.37;0.33;304.09;15.50;1132;85;5209.00;138
13905;83;626819247;13905;359;15035;15173;5.33;0.33;304.06;15.50;1130;85;5210.00;138
13907;83;626819260;13907;353;15036;15174;5.31;0.32;304.02;15.50;1129;85;5211.00;138
13911;83;626819272;13911;358;15037;15174;5.24;0.32;303.97;15.50;1126;85;5212.00;137
13911;83;626819285;13911;353;15040;15180;5.27;0.32;303.97;15.50;1129;85;5213.00;140
13912;83;626819304;13912;360;15040;15180;5.26;0.32;303.96;15.50;1128;85;5214.00;140
13913;83;626819317;13913;360;15041;15180;5.28;0.32;303.94;15.50;1128;85;5215.00;139
13916;83;626819328;13916;356;15042;15181;5.31;0.32;303.90;15.58;1126;85;5216.00;139
13918;83;626819341;13918;360;15043;15181;5.33;0.32;303.90;15.58;1125;85;5217.00;138
13923;83;626819354;13923;362;15043;15181;5.31;0.32;303.82;15.58;1120;85;5218.00;138
13925;83;626819366;13925;365;15045;15181;5.34;0.32;303.81;15.58;1120;85;5219.00;136
13929;83;626819379;13929;367;15065;15217;5.36;0.33;303.83;15.56;1136;85;5220.00;152
13930;83;626819413;13930;373;15065;15217;5.36;0.33;303.82;15.56;1135;85;5221.00;152
13930;83;626819426;13930;371;15067;15217;5.35;0.33;303.82;15.56;1137;85;5222.00;150
13933;83;626819438;13933;372;15070;15217;5.35;0.33;303.81;15.64;1137;85;5223.00;147
13935;83;626819451;13935;380;15070;15217;5.33;0.32;303.77;15.64;1135;85;5224.00;147
13935;83;626819463;13935;377;15072;15217;5.33;0.32;303.77;15.64;1137;85;5225.00;145
13935;83;626819481;13935;374;15076;15221;5.40;0.33;303.77;15.64;1141;85;5226.00;145
13937;83;626819503;13937;384;15077;15221;5.46;0.33;303.77;15.64;1140;85;5227.00;144
13938;83;626819522;13938;388;15080;15225;5.51;0.34;303.80;15.64;1142;85;5228.00;145
13940;83;626819544;13940;389;15085;15226;5.55;0.34;303.78;15.66;1145;85;5229.00;141
13940;83;626819564;13940;390;15086;15226;5.58;0.34;303.78;15.66;1146;85;5230.00;140
13941;83;626819582;13941;393;15087;15226;5.61;0.34;303.76;15.66;1146;85;5231.00;139
13944;83;626819598;13944;396;15097;15239;5.57;0.34;303.73;15.66;1153;85;5232.00;142
13945;83;626819614;13945;407;15099;15239;5.55;0.34;303.73;15.67;1154;85;5233.00;140
13945;83;626819629;13945;407;15099;15239;5.51;0.34;303.73;15.67;1154;85;5234.00;140
13946;83;626819643;13946;393;15103;15240;5.52;0.34;303.73;15.69;1157;85;5235.00;137
13947;83;626819658;13947;380;15104;15241;5.54;0.34;303.73;15.69;1157;85;5236.00;137
13949;83;626819674;13949;378;15106;15241;5.60;0.34;303.72;15.71;1157;85;5237.00;135
13951;83;626819690;13951;371;15109;15244;5.66;0.34;303.72;15.70;1158;85;5238.00;135
13952;83;626819705;13952;361;15111;15244;5.70;0.35;303.71;15.72;1159;85;5239.00;133
13953;83;626819725;13953;354;15111;15244;5.74;0.35;303.70;15.72;1158;85;5240.00;133
13955;83;626819739;13955;347;15113;15244;5.77;0.35;303.68;15.74;1158;85;5241.00;131
13956;83;626819753;13956;342;15117;15250;5.80;0.35;303.77;15.74;1161;85;5242.00;133
13956;84;626819768;13956;337;15119;15250;5.86;0.36;303.77;15.75;1163;86;5243.00;131
13956;84;626819793;13956;337;15121;15250;5.83;0.35;303.77;15.77;1165;86;5244.00;129
13957;84;626819806;13957;338;15121;15250;5.78;0.35;303.76;15.77;1164;86;5245.00;129
13958;84;626819819;13958;340;15126;15254;5.73;0.35;303.75;15.78;1168;86;5246.00;128
13958;84;626819833;13958;348;15127;15255;5.69;0.35;303.75;15.78;1169;86;5247.00;128
13959;84;626819847;13959;351;15128;15255;5.64;0.34;303.73;15.79;1169;86;5248.00;127
13960;84;626819861;13960;346;15130;15256;5.63;0.34;303.71;15.80;1170;86;5249.00;126
13961;84;626819876;13961;348;15131;15256;5.59;0.34;303.70;15.81;1170;86;5250.00;125
13966;84;626819889;13966;343;15131;15256;5.57;0.34;303.72;15.81;1165;86;5251.00;125
13968;84;626819902;13968;343;15132;15256;5.57;0.34;303.72;15.82;1164;86;5252.00;124
13972;84;626819915;13972;346;15134;15256;5.54;0.34;303.69;15.85;1162;86;5253.00;122
13972;84;626819928;13972;338;15135;15256;5.51;0.33;303.69;15.86;1163;86;5254.00;121
13974;84;626819950;13974;341;15136;15256;5.50;0.33;303.66;15.86;1162;86;5255.00;120
13974;84;626819964;13974;351;15174;15326;5.73;0.35;303.66;15.82;1200;86;5256.00;152
13975;84;626819990;13975;341;15179;15327;5.75;0.35;303.65;15.83;1204;86;5257.00;148
13978;84;626820007;13978;348;15186;15327;5.77;0.35;303.72;15.82;1208;86;5258.00;141
13980;84;626820029;13980;350;15192;15327;5.76;0.35;303.70;15.83;1212;86;5259.00;135
13982;84;626820049;13982;345;15197;15327;5.75;0.35;303.71;15.83;1215;86;5260.00;130
13985;84;626820064;13985;354;15199;15327;5.70;0.35;303.73;15.83;1214;86;5261.00;128
13988;84;626820079;13988;357;15204;15327;5.66;0.35;303.75;15.84;1216;86;5262.00;123
13988;84;626820093;13988;361;15207;15327;5.63;0.34;303.75;15.85;1219;86;5263.00;120
13994;84;626820106;13994;357;15209;15328;5.61;0.34;303.74;15.85;1215;86;5264.00;119
13996;84;626820121;13996;359;15214;15330;5.56;0.34;303.73;15.86;1218;86;5265.00;116
14002;84;626820135;14002;369;15215;15330;5.50;0.34;303.76;15.85;1213;86;5266.00;115
14007;84;626820149;14007;370;15218;15334;5.41;0.33;303.80;15.85;1211;86;5267.00;116
14011;84;626820164;14011;382;15219;15334;5.36;0.33;303.82;15.86;1208;86;5268.00;115
14014;84;626820178;14014;389;15219;15334;5.32;0.33;303.84;15.86;1205;86;5269.00;115
14018;84;626820192;14018;381;15220;15334;5.31;0.32;303.84;15.87;1202;86;5270.00;114
14022;84;626820206;14022;379;15226;15340;5.33;0.32;303.90;15.88;1204;86;5271.00;114
14024;84;626820225;14024;373;15226;15340;5.37;0.33;303.90;15.88;1202;86;5272.00;114
14027;84;626820241;14027;367;15227;15340;5.39;0.33;303.95;15.89;1200;86;5273.00;113
14030;84;626820258;14030;367;15229;15343;5.40;0.33;304.00;15.88;1199;86;5274.00;114
14031;84;626820273;14031;366;15230;15343;5.43;0.33;304.02;15.89;1199;86;5275.00;113
14035;84;626820287;14035;369;15230;15343;5.45;0.33;304.09;15.89;1195;86;5276.00;113
14039;84;626820301;14039;361;15232;15344;5.48;0.33;304.19;15.89;1193;86;5277.00;112
14042;84;626820316;14042;355;15233;15345;5.54;0.34;304.21;15.89;1191;86;5278.00;112
14047;84;626820331;14047;365;15233;15345;5.59;0.34;304.29;15.89;1186;86;5279.00;112
14052;84;626820348;14052;367;15253;15371;5.66;0.35;304.29;15.87;1201;86;5280.00;118
14054;84;626820365;14054;359;15253;15371;5.74;0.35;304.32;15.87;1199;86;5281.00;118
14061;84;626820380;14061;361;15254;15371;5.81;0.35;304.34;15.87;1193;86;5282.00;117
14063;84;626820396;14063;369;15256;15372;5.88;0.36;304.35;15.87;1193;86;5283.00;116
14067;84;626820412;14067;361;15256;15372;5.95;0.36;304.39;15.87;1189;86;5284.00;116
14073;84;626820427;14073;363;15260;15376;5.99;0.37;304.43;15.86;1187;86;5285.00;116
14076;84;626820444;14076;364;15260;15376;6.01;0.37;304.50;15.86;1184;86;5286.00;116
14080;84;626820459;14080;360;15263;15379;6.01;0.37;304.58;15.86;1183;86;5287.00;116
14083;84;626820477;14083;361;15263;15380;6.04;0.37;304.60;15.86;1180;86;5288.00;117
14087;84;626820493;14087;362;15263;15380;6.03;0.37;304.68;15.86;1176;86;5289.00;117
14091;84;626820508;14091;361;15263;15380;6.01;0.37;304.75;15.86;1172;86;5290.00;117
14095;84;626820524;14095;357;15263;15380;6.03;0.37;304.75;15.86;1168;86;5291.00;117
14099;84;626820540;14099;354;15273;15392;6.07;0.37;304.80;15.85;1174;86;5292.00;119
14106;84;626820564;14106;355;15273;15392;6.08;0.37;304.78;15.85;1167;86;5293.00;119
14111;84;626820579;14111;362;15274;15392;6.11;0.37;304.76;15.85;1163;86;5294.00;118
14114;84;626820594;14114;363;15274;15392;6.14;0.37;304.79;15.85;1160;86;5295.00;118
14120;84;626820615;14120;367;15274;15392;6.12;0.37;304.78;15.85;1154;86;5296.00;118
14124;84;626820631;14124;368;15274;15392;6.11;0.37;304.93;15.85;1150;86;5297.00;118
14129;84;626820646;14129;366;15274;15393;6.11;0.37;304.99;15.85;1145;86;5298.00;119
14134;84;626820661;14134;366;15274;15393;6.13;0.37;305.01;15.85;1140;86;5299.00;119
14137;84;626820676;14137;369;15278;15399;6.19;0.38;305.04;15.85;1141;86;5300.00;121
14142;84;626820695;14142;375;15279;15400;6.24;0.38;305.13;15.85;1137;86;5301.00;121
14146;84;626820709;14146;384;15280;15400;6.25;0.38;305.24;15.84;1134;86;5302.00;120
14148;84;626820724;14148;382;15280;15400;6.26;0.38;305.22;15.84;1132;86;5303.00;120
14153;84;626820738;14153;384;15283;15404;6.26;0.38;305.26;15.84;1130;86;5304.00;121
14154;84;626820760;14154;380;15283;15404;6.28;0.38;305.26;15.84;1129;86;5305.00;121
14158;84;626820774;14158;377;15283;15404;6.24;0.38;305.31;15.84;1125;86;5306.00;121
14161;84;626820788;14161;378;15284;15405;6.28;0.38;305.32;15.84;1123;86;5307.00;121
14164;84;626820803;14164;386;15287;15409;6.31;0.38;305.34;15.84;1123;86;5308.00;122
14167;84;626820818;14167;390;15287;15409;6.35;0.39;305.35;15.84;1120;86;5309.00;122
14170;84;626820834;14170;388;15290;15415;6.38;0.39;305.40;15.83;1120;86;5310.00;125
14175;84;626820849;14175;394;15292;15415;6.36;0.39;305.44;15.92;1117;86;5311.00;123
14178;84;626820864;14178;395;15292;15415;6.30;0.38;305.43;15.92;1114;86;5312.00;123
14180;84;626820878;14180;403;15293;15415;6.23;0.38;305.51;15.92;1113;86;5313.00;122
14184;84;626820892;14184;408;15295;15419;6.13;0.38;305.57;15.92;1111;86;5314.00;124
14188;84;626820907;14188;413;15296;15419;6.08;0.37;305.60;15.92;1108;86;5315.00;123
14194;84;626820921;14194;417;15296;15419;6.02;0.37;305.70;15.92;1102;86;5316.00;123
14197;84;626820936;14197;411;15297;15419;5.97;0.37;305.70;15.92;1100;86;5317.00;122
14202;84;626820950;14202;408;15297;15420;5.95;0.36;305.73;15.92;1095;86;5318.00;123
14205;84;626820964;14205;412;15299;15421;5.94;0.36;305.81;15.91;1094;86;5319.00;122
14211;84;626820979;14211;408;15299;15421;5.95;0.36;305.92;15.91;1088;86;5320.00;122
14215;84;626820993;14215;411;15300;15422;5.98;0.37;305.98;15.91;1085;87;5321.00;122
14218;84;626821017;14218;416;15300;15422;6.00;0.37;306.01;15.91;1082;87;5322.00;122
14221;84;626821031;14221;414;15300;15422;6.03;0.37;306.07;15.91;1079;87;5323.00;122
14223;84;626821045;14223;419;15300;15422;6.08;0.37;306.05;15.91;1077;87;5324.00;122
14224;84;626821059;14224;421;15300;15422;6.08;0.37;306.05;15.91;1076;87;5325.00;122
14227;84;626821078;14227;416;15300;15422;6.07;0.37;306.01;15.91;1073;87;5326.00;122
14229;84;626821092;14229;407;15300;15422;6.10;0.37;306.03;15.91;1071;87;5327.00;122
14234;84;626821106;14234;426;15370;15549;6.20;0.38;306.06;15.84;1136;87;5328.00;179
14236;84;626821131;14236;404;15372;15550;6.25;0.38;306.04;15.84;1136;87;5329.00;178
14240;84;626821145;14240;395;15379;15550;6.33;0.39;306.02;15.83;1139;87;5330.00;171
14241;84;626821160;14241;384;15384;15550;6.43;0.39;306.07;15.83;1143;87;5331.00;166
14244;84;626821175;14244;382;15389;15550;6.52;0.40;306.10;15.82;1145;87;5332.00;161
14246;84;626821190;14246;383;15394;15550;6.64;0.41;306.19;15.91;1148;87;5333.00;156
14247;84;626821204;14247;372;15399;15550;6.69;0.41;306.21;15.91;1152;87;5334.00;151
14248;84;626821219;14248;372;15401;15550;6.76;0.41;306.23;15.91;1153;87;5335.00;149
14250;84;626821233;14250;375;15407;15551;6.81;0.42;306.28;15.90;1157;87;5336.00;144
14252;84;626821249;14252;369;15408;15552;6.83;0.42;306.32;15.90;1156;87;5337.00;144
14254;84;626821264;14254;362;15410;15552;6.85;0.42;306.31;15.90;1156;87;5338.00;142
14258;84;626821279;14258;356;15412;15553;6.74;0.41;306.34;15.90;1154;87;5339.00;141
14262;84;626821295;14262;352;15413;15553;6.67;0.41;306.35;15.90;1151;87;5340.00;140
14264;84;626821310;14264;361;15414;15553;6.60;0.41;306.33;15.90;1150;87;5341.00;139
14265;84;626821324;14265;362;15417;15553;6.55;0.40;306.32;15.90;1152;87;5342.00;136
14267;84;626821339;14267;359;15420;15557;6.44;0.40;306.34;15.90;1153;87;5343.00;137
14269;84;626821354;14269;361;15422;15557;6.44;0.40;306.32;15.90;1153;87;5344.00;135
14270;84;626821368;14270;363;15422;15557;6.47;0.40;306.31;15.90;1152;87;5345.00;135
14271;84;626821382;14271;371;15425;15560;6.45;0.40;306.32;15.90;1154;87;5346.00;135
14273;84;626821396;14273;371;15425;15560;6.42;0.39;306.35;15.90;1152;87;5347.00;135
14275;84;626821411;14275;380;15426;15560;6.38;0.39;306.44;15.89;1151;87;5348.00;134
14279;84;626821424;14279;391;15430;15564;6.31;0.39;306.45;15.98;1151;87;5349.00;134
14283;84;626821438;14283;401;15432;15565;6.27;0.39;306.53;15.97;1149;87;5350.00;133
14290;84;626821452;14290;420;15432;15565;6.18;0.38;306.59;15.97;1142;87;5351.00;133
14291;84;626821466;14291;420;15437;15569;6.15;0.38;306.58;16.06;1146;87;5352.00;132
14295;84;626821484;14295;429;15437;15569;6.08;0.37;306.57;16.06;1142;87;5353.00;132
14299;84;626821509;14299;427;15437;15569;5.96;0.36;306.51;16.06;1138;87;5354.00;132
14301;84;626821531;14301;440;15439;15571;5.87;0.36;306.50;16.05;1138;87;5355.00;132
14303;84;626821550;14303;449;15439;15571;5.79;0.35;306.48;16.05;1136;87;5356.00;132
14305;84;626821573;14305;455;15443;15577;5.71;0.35;306.46;16.05;1138;87;5357.00;134
14307;84;626821596;14307;453;15444;15577;5.63;0.34;306.44;16.13;1137;87;5358.00;133
14308;84;626821611;14308;460;15445;15577;5.58;0.34;306.42;16.13;1137;87;5359.00;132
14310;84;626821625;14310;466;15445;15578;5.47;0.33;306.41;16.13;1135;87;5360.00;133
14310;84;626821639;14310;456;15445;15578;5.44;0.33;306.41;16.13;1135;87;5361.00;133
14312;84;626821652;14312;463;15445;15578;5.40;0.33;306.38;16.13;1133;87;5362.00;133
14313;84;626821666;14313;460;15445;15578;5.36;0.33;306.36;16.13;1132;87;5363.00;133
14317;84;626821679;14317;462;15455;15590;5.37;0.33;306.33;16.12;1138;87;5364.00;135
14322;84;626821703;14322;457;15455;15590;5.34;0.33;306.29;16.12;1133;87;5365.00;135
14325;84;626821717;14325;454;15456;15590;5.31;0.32;306.27;16.12;1131;87;5366.00;134
14327;84;626821729;14327;444;15456;15590;5.30;0.33;306.25;16.12;1129;87;5367.00;134
14329;84;626821741;14329;439;15456;15590;5.30;0.33;306.27;16.12;1127;87;5368.00;134
14330;84;626821753;14330;439;15456;15590;5.33;0.33;306.32;16.12;1126;87;5369.00;134
14334;84;626821767;14334;427;15459;15594;5.31;0.33;306.30;16.12;1125;87;5370.00;135
14336;84;626821779;14336;430;15459;15594;5.32;0.33;306.28;16.12;1123;87;5371.00;135
14342;84;626821792;14342;419;15463;15598;5.27;0.32;306.37;16.20;1121;87;5372.00;135
14347;84;626821805;14347;418;15464;15599;5.20;0.32;306.33;16.19;1117;87;5373.00;135
14353;84;626821818;14353;411;15466;15599;5.15;0.32;306.31;16.21;1113;87;5374.00;133
14355;84;626821832;14355;414;15467;15599;5.15;0.32;306.30;16.29;1112;87;5375.00;132
14356;84;626821844;14356;419;15477;15612;5.17;0.32;306.30;16.30;1121;87;5376.00;135
14359;84;626821857;14359;411;15477;15612;5.13;0.31;306.30;16.30;1118;87;5377.00;135
14364;84;626821869;14364;411;15479;15612;5.12;0.31;306.31;16.37;1115;87;5378.00;133
14367;84;626821882;14367;407;15481;15613;5.14;0.31;306.28;16.37;1114;87;5379.00;132
14368;84;626821893;14368;407;15481;15614;5.14;0.31;306.31;16.37;1113;87;5380.00;133
14370;84;626821906;14370;401;15482;15614;5.10;0.31;306.28;16.45;1112;87;5381.00;132
14370;84;626821918;14370;405;15484;15617;5.13;0.31;306.28;16.45;1114;87;5382.00;133
14376;84;626821931;14376;406;15485;15617;5.09;0.31;306.22;16.45;1109;87;5383.00;132
14378;84;626821943;14378;411;15486;15617;5.08;0.31;306.20;16.52;1108;87;5384.00;131
14378;84;626821955;14378;417;15486;15617;5.10;0.31;306.20;16.52;1108;87;5385.00;131
14380;84;626821968;14380;425;15490;15623;5.10;0.31;306.17;16.52;1110;87;5386.00;133
14380;84;626821981;14380;410;15490;15623;5.10;0.31;306.17;16.52;1110;87;5387.00;133
14381;84;626821993;14381;395;15491;15623;5.11;0.31;306.18;16.52;1110;87;5388.00;132
14383;84;626822014;14383;384;15492;15623;5.12;0.31;306.16;16.60;1109;87;5389.00;131
14384;84;626822027;14384;382;15496;15627;5.15;0.31;306.16;16.67;1112;87;5390.00;131
14387;84;626822042;14387;378;15498;15628;5.19;0.31;306.16;16.73;1111;87;5391.00;130
14388;84;626822056;14388;373;15498;15628;5.21;0.32;306.15;16.73;1110;87;5392.00;130
14388;84;626822069;14388;370;15500;15629;5.33;0.32;306.15;16.75;1112;87;5393.00;129
14390;84;626822083;14390;370;15500;15629;5.38;0.33;306.13;16.75;1110;87;5394.00;129
14391;84;626822096;14391;366;15500;15629;5.46;0.33;306.13;16.75;1109;87;5395.00;129
14391;84;626822109;14391;370;15501;15629;5.51;0.33;306.13;16.75;1110;87;5396.00;128
14392;84;626822129;14392;365;15501;15629;5.56;0.34;306.14;16.75;1109;87;5397.00;128
14393;84;626822142;14393;366;15501;15629;5.65;0.34;306.14;16.75;1108;87;5398.00;128
14394;84;626822156;14394;361;15501;15629;5.71;0.35;306.14;16.75;1107;87;5399.00;128
