step_arrived;step_collisions;step_duration;step_ended;step_halting;step_inserted;step_loaded;step_meanSpeed;step_meanSpeedRelative;step_meanTravelTime;step_meanWaitingTime;step_running;step_teleports;step_time;step_waiting
0;0;626016618;0;1;86;245;16.07;1.14;-1.00;0.00;86;0;0.00;159
0;0;626016649;0;1;101;245;14.86;1.03;-1.00;0.15;101;0;1.00;144
0;0;626016651;0;1;119;245;14.09;0.97;-1.00;0.43;119;0;2.00;126
0;0;626016652;0;3;134;245;13.04;0.89;-1.00;0.72;134;0;3.00;111
0;0;626016653;0;3;146;245;12.14;0.82;-1.00;0.99;146;0;4.00;99
0;0;626016655;0;4;154;245;11.46;0.77;-1.00;1.19;154;0;5.00;91
0;0;626016656;0;8;165;245;10.68;0.72;-1.00;1.52;165;0;6.00;80
0;0;626016658;0;13;171;245;10.12;0.68;-1.00;1.71;171;0;7.00;74
0;0;626016660;0;17;179;246;9.72;0.65;-1.00;1.99;179;0;8.00;67
0;0;626016662;0;17;182;247;9.54;0.64;-1.00;2.10;182;0;9.00;65
0;0;626016665;0;21;188;247;9.36;0.62;-1.00;2.36;188;0;10.00;59
0;0;626016667;0;29;197;248;9.04;0.60;-1.00;2.66;197;0;11.00;51
1;0;626016669;1;31;200;248;9.01;0.59;12.00;2.81;199;0;12.00;48
1;0;626016672;1;34;205;248;8.94;0.59;12.00;3.05;204;0;13.00;43
1;0;626016675;1;39;207;248;8.98;0.58;12.00;3.16;206;0;14.00;41
1;0;626016678;1;44;213;252;9.02;0.58;12.00;3.36;212;0;15.00;39
1;0;626016681;1;47;214;252;9.08;0.59;12.00;3.42;213;0;16.00;38
1;0;626016684;1;50;218;252;8.97;0.57;12.00;3.67;217;0;17.00;34
1;0;626016687;1;49;221;255;8.92;0.57;12.00;3.78;220;0;18.00;34
2;0;626016691;2;51;222;255;8.84;0.56;15.50;3.85;220;0;19.00;33
3;0;626016694;3;58;225;255;8.78;0.56;17.00;4.07;222;0;20.00;30
4;0;626016697;4;61;231;259;8.96;0.57;18.00;4.12;227;0;21.00;28
4;0;626016701;4;67;234;260;9.05;0.57;18.00;4.26;230;0;22.00;26
4;0;626016704;4;70;237;260;8.98;0.56;18.00;4.50;233;0;23.00;23
6;0;626016708;6;72;242;264;8.98;0.56;19.67;4.53;236;0;24.00;22
6;0;626016712;6;75;245;264;8.90;0.56;19.67;4.78;239;0;25.00;19
6;0;626016715;6;80;245;264;8.95;0.56;19.67;4.78;239;0;26.00;19
6;0;626016719;6;81;248;265;8.92;0.55;19.67;4.94;242;0;27.00;17
6;0;626016722;6;86;250;265;8.94;0.55;19.67;5.12;244;0;28.00;15
6;0;626016726;6;86;255;271;8.85;0.55;19.67;5.15;249;0;29.00;16
6;0;626016732;6;92;257;271;8.73;0.54;19.67;5.35;251;0;30.00;14
7;0;626016735;7;93;258;272;8.66;0.54;20.86;5.33;251;0;31.00;14
7;0;626016739;7;95;259;272;8.61;0.53;20.86;5.34;252;0;32.00;13
7;0;626016742;7;99;260;272;8.48;0.52;20.86;5.45;253;0;33.00;12
8;0;626016746;8;105;261;272;8.55;0.53;22.50;5.50;253;0;34.00;11
8;0;626016749;8;104;262;272;8.72;0.54;22.50;5.56;254;0;35.00;10
10;0;626016752;10;109;274;284;8.87;0.55;24.20;5.38;264;0;36.00;10
10;0;626016757;10;109;274;284;8.85;0.55;24.20;5.38;264;0;37.00;10
11;0;626016760;11;111;275;284;8.71;0.54;25.18;5.40;264;0;38.00;9
11;0;626016763;11;114;275;284;8.63;0.54;25.18;5.40;264;0;39.00;9
12;0;626016767;12;117;276;284;8.54;0.53;26.42;5.42;264;0;40.00;8
14;0;626016770;14;119;276;284;8.40;0.52;28.00;5.42;262;0;41.00;8
15;0;626016773;15;122;281;288;8.37;0.52;27.53;5.36;266;0;42.00;7
15;0;626016777;15;126;281;288;8.25;0.51;27.53;5.36;266;0;43.00;7
16;0;626016779;16;131;284;292;8.11;0.50;28.13;5.32;268;0;44.00;8
16;0;626016783;16;133;287;294;8.03;0.50;28.13;5.27;271;0;45.00;7
18;0;626016786;18;133;287;294;7.84;0.48;29.78;5.27;269;0;46.00;7
18;0;626016790;18;133;287;294;7.74;0.48;29.78;5.27;269;0;47.00;7
18;0;626016793;18;139;299;307;7.93;0.49;29.78;5.06;281;0;48.00;8
18;0;626016797;18;139;299;307;7.79;0.48;29.78;5.06;281;0;49.00;8
18;0;626016800;18;139;299;307;7.76;0.48;29.78;5.06;281;0;50.00;8
18;0;626016803;18;142;300;308;7.71;0.48;29.78;5.04;282;0;51.00;8
18;0;626016805;18;145;301;309;7.55;0.47;29.78;5.03;283;0;52.00;8
18;0;626016808;18;151;301;309;7.54;0.47;29.78;5.03;283;0;53.00;8
19;0;626016812;19;150;303;312;7.55;0.47;29.16;5.00;284;0;54.00;9
21;0;626016816;21;150;303;312;7.41;0.46;31.57;5.00;282;0;55.00;9
22;0;626016820;22;140;304;312;7.38;0.46;32.68;4.99;282;0;56.00;8
24;0;626016825;24;138;304;312;7.38;0.45;33.75;4.99;280;0;57.00;8
24;0;626016829;24;139;309;318;7.48;0.46;33.75;4.92;285;0;58.00;9
24;0;626016833;24;140;309;318;7.56;0.47;33.75;4.92;285;0;59.00;9
24;0;626016837;24;141;310;318;7.69;0.47;33.75;4.92;286;0;60.00;8
25;0;626016840;25;143;310;318;7.64;0.47;34.76;4.92;285;0;61.00;8
25;0;626016844;25;145;314;322;7.64;0.47;34.76;4.87;289;0;62.00;8
26;0;626016847;26;148;315;323;7.75;0.47;34.69;4.85;289;0;63.00;8
27;0;626016850;27;147;315;323;7.83;0.48;35.63;4.85;288;0;64.00;8
28;0;626016853;28;149;316;324;7.91;0.48;36.54;4.84;288;0;65.00;8
29;0;626016856;29;152;316;324;7.90;0.48;36.10;4.84;287;0;66.00;8
29;0;626016860;29;141;316;324;7.94;0.49;36.10;4.84;287;0;67.00;8
31;0;626016867;31;137;316;324;7.98;0.49;38.16;4.84;285;0;68.00;8
31;0;626016872;31;133;316;324;8.10;0.50;38.16;4.84;285;0;69.00;8
31;0;626016877;31;131;316;324;8.24;0.50;38.16;4.84;285;0;70.00;8
32;0;626016881;32;127;316;324;8.37;0.51;38.53;4.84;284;0;71.00;8
32;0;626016886;32;132;353;394;8.33;0.51;38.53;4.33;321;0;72.00;41
33;0;626016913;33;123;354;395;8.41;0.52;39.42;4.32;321;0;73.00;41
33;0;626016919;33;115;360;395;8.73;0.54;39.42;4.28;327;0;74.00;35
33;0;626016935;33;112;365;395;8.99;0.55;39.42;4.27;332;0;75.00;30
34;0;626016940;34;109;369;395;9.16;0.56;40.50;4.26;335;0;76.00;26
34;0;626016946;34;108;372;395;9.40;0.58;40.50;4.27;338;0;77.00;23
35;0;626016959;35;110;375;395;9.58;0.59;41.37;4.28;340;0;78.00;20
36;0;626016975;36;110;377;395;9.66;0.59;42.42;4.30;341;0;79.00;18
36;1;626016980;36;109;380;396;9.80;0.60;42.42;4.31;344;1;80.00;16
37;1;626017019;37;113;381;397;9.91;0.60;43.00;4.30;344;1;81.00;16
41;1;626017025;41;116;382;397;9.84;0.60;46.59;4.31;341;1;82.00;15
41;1;626017030;41;121;386;401;9.64;0.58;46.59;4.28;345;1;83.00;15
42;1;626017034;42;122;386;401;9.56;0.58;47.48;4.28;344;1;84.00;15
42;1;626017038;42;123;386;401;9.43;0.57;47.48;4.28;344;1;85.00;15
42;1;626017042;42;126;386;401;9.31;0.57;47.48;4.28;344;1;86.00;15
43;1;626017046;43;126;390;407;9.18;0.56;48.40;4.24;347;1;87.00;17
44;1;626017052;44;128;390;407;9.05;0.55;49.30;4.24;346;1;88.00;17
44;2;626017056;44;132;391;407;8.95;0.54;49.30;4.24;347;2;89.00;16
46;2;626017080;46;130;394;413;8.91;0.54;51.07;4.21;348;2;90.00;19
47;2;626017085;47;132;395;413;8.93;0.54;51.81;4.20;348;2;91.00;18
47;2;626017096;47;132;395;413;9.00;0.55;51.81;4.20;348;2;92.00;18
48;2;626017100;48;133;397;414;9.05;0.55;52.67;4.19;349;2;93.00;17
50;2;626017104;50;134;398;415;9.19;0.56;54.20;4.18;348;2;94.00;17
51;2;626017109;51;133;399;415;9.19;0.56;55.00;4.18;348;2;95.00;16
54;2;626017113;54;135;409;428;9.04;0.55;57.28;4.08;355;2;96.00;19
58;2;626017118;58;132;410;428;9.03;0.55;58.76;4.07;352;2;97.00;18
59;2;626017123;59;132;410;428;8.96;0.55;59.42;4.07;351;2;98.00;18
63;2;626017127;63;130;411;429;8.90;0.54;61.59;4.06;348;2;99.00;18
63;2;626017132;63;126;411;429;8.91;0.54;61.59;4.06;348;2;100.00;18
64;2;626017141;64;127;413;433;9.03;0.55;62.20;4.05;349;2;101.00;20
64;2;626017146;64;120;413;433;9.12;0.56;62.20;4.05;349;2;102.00;20
66;2;626017150;66;115;418;437;9.07;0.55;63.38;4.02;352;2;103.00;19
66;2;626017156;66;111;418;437;9.20;0.56;63.38;4.02;352;2;104.00;19
67;2;626017161;67;106;418;437;9.30;0.57;63.88;4.02;351;2;105.00;19
67;2;626017166;67;100;418;437;9.33;0.57;63.88;4.02;351;2;106.00;19
67;2;626017170;67;95;418;437;9.38;0.57;63.88;4.02;351;2;107.00;19
68;2;626017175;68;89;429;449;9.54;0.58;64.53;3.91;361;2;108.00;20
68;2;626017181;68;83;430;449;9.69;0.59;64.53;3.91;362;2;109.00;19
69;2;626017186;69;85;430;449;9.85;0.60;65.16;3.91;361;2;110.00;19
69;2;626017191;69;82;430;449;10.02;0.61;65.16;3.91;361;2;111.00;19
69;2;626017197;69;78;430;449;10.24;0.63;65.16;3.91;361;2;112.00;19
69;2;626017203;69;74;430;449;10.46;0.64;65.16;3.91;361;2;113.00;19
70;2;626017208;70;74;431;450;10.64;0.65;65.86;3.90;361;2;114.00;19
70;2;626017215;70;70;431;450;10.76;0.66;65.86;3.90;361;2;115.00;19
70;2;626017221;70;69;435;456;10.95;0.67;65.86;3.87;365;2;116.00;21
72;2;626017227;72;67;437;457;11.11;0.68;66.54;3.86;365;2;117.00;20
74;2;626017233;74;68;438;457;11.17;0.69;67.39;4.12;364;2;118.00;19
74;2;626017246;74;68;438;457;11.30;0.69;67.39;4.12;364;2;119.00;19
76;2;626017253;76;71;442;462;11.46;0.70;68.74;4.08;366;2;120.00;20
78;2;626017260;78;72;445;462;11.58;0.71;69.74;4.55;367;2;121.00;17
78;2;626017267;78;74;446;462;11.65;0.71;69.74;4.65;368;2;122.00;16
79;2;626017273;79;76;449;463;11.76;0.72;70.41;5.01;370;2;123.00;14
81;2;626017279;81;78;453;467;11.73;0.71;71.67;4.97;372;2;124.00;14
81;2;626017286;81;79;455;467;11.83;0.72;71.67;5.34;374;2;125.00;12
82;2;626017292;82;80;458;470;11.89;0.72;72.33;5.40;376;2;126.00;12
83;2;626017298;83;83;462;470;12.01;0.73;72.96;5.71;379;2;127.00;8
83;2;626017305;83;87;463;470;12.13;0.74;72.96;5.97;380;2;128.00;7
85;2;626017312;85;87;463;470;12.24;0.74;74.05;5.97;378;2;129.00;7
88;2;626017321;88;87;467;474;12.28;0.74;75.78;6.21;379;2;130.00;7
89;2;626017339;89;87;467;474;12.34;0.75;76.21;6.21;378;2;131.00;7
92;2;626017347;92;88;468;474;12.34;0.75;78.00;6.20;376;2;132.00;6
92;2;626017356;92;88;468;474;12.34;0.75;78.00;6.20;376;2;133.00;6
93;2;626017367;93;89;470;475;12.33;0.75;77.44;6.36;377;2;134.00;5
94;2;626017376;94;89;472;477;12.31;0.75;78.03;6.33;378;2;135.00;5
95;2;626017384;95;89;473;477;12.30;0.75;78.53;6.45;378;2;136.00;4
95;2;626017390;95;91;475;478;12.29;0.75;78.53;6.57;380;2;137.00;3
97;2;626017398;97;91;476;478;12.23;0.75;79.01;6.64;379;2;138.00;2
99;2;626017405;99;93;476;478;12.15;0.74;79.49;6.64;377;2;139.00;2
104;2;626017413;104;97;477;478;11.95;0.73;81.44;6.72;373;2;140.00;1
104;2;626017421;104;99;477;478;11.87;0.73;81.44;6.72;373;2;141.00;1
104;2;626017428;104;101;478;478;11.78;0.73;81.44;6.75;374;2;142.00;0
105;2;626017435;105;104;478;478;11.69;0.72;81.70;6.75;373;2;143.00;0
105;2;626017441;105;127;553;605;11.32;0.71;81.70;5.84;448;2;144.00;52
110;2;626017460;110;119;558;606;11.17;0.70;84.09;5.80;448;2;145.00;48
115;2;626017470;115;115;566;606;11.06;0.70;84.70;5.74;451;2;146.00;40
117;2;626017480;117;120;570;606;10.89;0.68;85.08;5.72;453;2;147.00;36
119;2;626017490;119;122;576;606;10.76;0.68;85.76;5.71;457;2;148.00;30
122;2;626017498;122;125;576;606;10.61;0.66;86.70;5.71;454;2;149.00;30
124;2;626017509;124;125;581;611;10.59;0.66;87.71;5.70;457;2;150.00;30
124;2;626017522;124;120;584;611;10.60;0.66;87.71;5.71;460;2;151.00;27
125;2;626017531;125;122;587;612;10.61;0.66;87.07;5.72;462;2;152.00;25
126;2;626017540;126;124;592;613;10.62;0.66;86.45;5.74;466;2;153.00;21
129;2;626017550;129;128;596;613;10.55;0.65;87.75;5.76;467;2;154.00;17
129;2;626017558;129;129;598;614;10.43;0.65;87.75;5.76;469;2;155.00;16
129;2;626017575;129;132;600;614;10.33;0.64;87.75;5.78;471;2;156.00;14
131;2;626017582;131;135;601;614;10.29;0.64;88.79;5.80;470;2;157.00;13
131;2;626017589;131;140;604;614;10.29;0.64;88.79;5.83;473;2;158.00;10
132;2;626017597;132;145;607;618;10.31;0.64;89.26;5.83;475;2;159.00;11
135;2;626017604;135;149;609;618;10.26;0.64;90.36;5.86;474;2;160.00;9
136;2;626017611;136;150;610;618;10.20;0.63;90.88;5.88;474;2;161.00;8
136;2;626017625;136;157;613;621;10.09;0.63;90.88;5.88;477;2;162.00;8
138;2;626017632;138;152;613;621;10.02;0.62;91.80;5.88;475;2;163.00;8
139;2;626017638;139;151;614;621;10.00;0.62;91.46;5.88;475;2;164.00;7
140;2;626017646;140;152;617;625;9.92;0.61;91.84;5.85;477;2;165.00;8
142;2;626017652;142;148;618;626;9.92;0.61;91.82;5.84;476;2;166.00;8
142;2;626017659;142;147;618;626;9.92;0.62;91.82;5.84;476;2;167.00;8
144;2;626017666;144;151;624;630;9.83;0.61;91.87;5.86;480;2;168.00;6
146;2;626017672;146;152;625;630;9.71;0.60;92.79;5.85;479;2;169.00;5
150;2;626017678;150;138;625;630;9.62;0.59;94.10;5.85;475;2;170.00;5
150;2;626017686;150;129;629;631;9.55;0.59;94.10;5.90;479;2;171.00;2
152;3;626017698;152;129;629;631;9.52;0.59;94.75;5.90;477;3;172.00;2
155;3;626017720;155;125;634;637;9.55;0.59;95.61;5.88;479;3;173.00;3
157;3;626017728;157;119;635;637;9.47;0.58;96.49;5.87;478;3;174.00;2
160;3;626017734;160;118;636;638;9.43;0.58;97.06;5.86;476;3;175.00;2
160;3;626017741;160;117;637;638;9.40;0.58;97.06;5.86;477;3;176.00;1
162;3;626017749;162;118;638;638;9.40;0.58;97.59;5.89;476;3;177.00;0
162;3;626017758;162;119;638;638;9.54;0.59;97.59;5.89;476;3;178.00;0
163;4;626017767;163;119;638;638;9.61;0.59;98.02;5.89;475;4;179.00;0
164;4;626017794;164;122;668;672;9.63;0.60;97.99;5.63;504;4;180.00;4
165;4;626017809;165;119;669;672;9.73;0.60;98.42;5.62;504;4;181.00;3
166;4;626017817;166;119;671;672;9.79;0.61;98.93;5.61;505;4;182.00;1
167;4;626017823;167;121;671;672;9.92;0.61;99.37;5.61;504;4;183.00;1
169;4;626017831;169;124;672;672;9.94;0.61;99.92;5.61;503;4;184.00;0
172;4;626017838;172;132;672;672;10.05;0.62;100.70;5.61;500;4;185.00;0
172;4;626017846;172;138;676;676;10.16;0.63;100.70;5.58;504;4;186.00;0
172;4;626017856;172;145;676;676;10.22;0.63;100.70;5.58;504;4;187.00;0
173;4;626017865;173;150;679;680;10.19;0.63;100.92;5.56;506;4;188.00;1
174;4;626017876;174;151;680;681;10.15;0.63;101.07;5.55;506;4;189.00;1
175;4;626017883;175;153;681;681;10.00;0.62;101.54;5.55;506;4;190.00;0
178;4;626017890;178;164;681;681;9.80;0.61;101.00;5.55;503;4;191.00;0
180;4;626017898;180;172;693;694;9.69;0.60;101.21;5.45;513;4;192.00;1
182;4;626017905;182;174;693;694;9.54;0.59;101.26;5.45;511;4;193.00;1
187;4;626017914;187;180;694;694;9.38;0.58;100.69;5.45;507;4;194.00;0
190;4;626017922;190;179;695;695;9.26;0.57;101.45;5.44;505;4;195.00;0
195;4;626017936;195;181;696;696;9.08;0.56;101.87;5.44;501;4;196.00;0
201;4;626017943;201;187;696;696;8.99;0.55;101.53;5.44;495;4;197.00;0
202;4;626017950;202;191;698;699;8.98;0.55;101.63;5.42;496;4;198.00;1
204;4;626017958;204;194;699;699;8.82;0.54;101.68;5.41;495;4;199.00;0
206;4;626017967;206;195;699;699;8.66;0.53;101.47;5.41;493;4;200.00;0
210;4;626017980;210;199;699;699;8.44;0.52;101.60;5.41;489;4;201.00;0
213;5;626017987;213;201;704;705;8.36;0.51;101.43;5.38;491;5;202.00;1
214;5;626018013;214;206;705;705;8.30;0.51;101.89;5.38;491;5;203.00;0
216;5;626018021;216;210;705;705;8.12;0.50;102.81;5.38;489;5;204.00;0
216;5;626018029;216;221;705;705;7.99;0.49;102.81;5.38;489;5;205.00;0
218;5;626018035;218;224;709;709;7.86;0.48;102.46;5.35;491;5;206.00;0
219;5;626018042;219;223;710;710;7.78;0.48;102.78;5.35;491;5;207.00;0
219;5;626018049;219;231;710;710;7.68;0.47;102.78;5.35;491;5;208.00;0
220;5;626018055;220;235;711;711;7.61;0.47;102.44;5.34;491;5;209.00;0
222;5;626018064;222;239;711;711;7.48;0.46;102.00;5.34;489;5;210.00;0
222;5;626018070;222;242;711;711;7.46;0.46;102.00;5.34;489;5;211.00;0
222;5;626018076;222;250;711;711;7.47;0.46;102.00;5.34;489;5;212.00;0
223;5;626018082;223;254;711;711;7.41;0.46;101.64;5.34;488;5;213.00;0
223;5;626018088;223;253;711;711;7.37;0.46;101.64;5.34;488;5;214.00;0
225;5;626018094;225;257;711;711;7.26;0.45;101.95;5.34;486;5;215.00;0
227;5;626018100;227;271;755;781;7.40;0.46;102.61;5.03;528;5;216.00;26
228;6;626018113;228;261;757;782;7.37;0.46;102.93;5.02;529;6;217.00;25
230;6;626018140;230;249;762;782;7.44;0.46;103.53;5.00;532;6;218.00;20
232;6;626018148;232;229;766;782;7.61;0.47;104.51;4.99;534;6;219.00;16
233;6;626018155;233;215;768;782;7.84;0.48;105.00;4.99;535;6;220.00;14
234;6;626018163;234;205;771;782;8.15;0.50;105.49;4.99;537;6;221.00;11
235;6;626018173;235;196;774;782;8.41;0.52;105.36;4.99;539;6;222.00;8
237;6;626018187;237;191;777;782;8.62;0.53;106.07;5.00;540;6;223.00;5
239;6;626018195;239;189;779;783;8.72;0.53;106.45;5.01;540;6;224.00;4
240;6;626018204;240;190;783;785;8.83;0.54;106.79;5.00;543;6;225.00;2
240;6;626018216;240;170;785;785;8.98;0.55;106.79;5.01;545;6;226.00;0
243;6;626018228;243;152;789;789;9.06;0.55;107.71;4.99;546;6;227.00;0
243;6;626018238;243;138;789;789;9.20;0.56;107.71;4.99;546;6;228.00;0
245;6;626018248;245;130;789;789;9.35;0.57;107.44;4.99;544;6;229.00;0
246;6;626018266;246;123;789;789;9.47;0.58;107.92;4.99;543;6;230.00;0
248;6;626018276;248;119;794;795;9.60;0.59;108.39;4.96;546;6;231.00;1
248;6;626018285;248;119;794;795;9.69;0.59;108.39;4.96;546;6;232.00;1
249;6;626018293;249;111;795;795;9.89;0.60;108.31;4.96;546;6;233.00;0
251;6;626018301;251;109;797;798;10.04;0.61;108.61;4.95;546;6;234.00;1
252;6;626018309;252;104;798;798;10.15;0.62;108.54;4.94;546;6;235.00;0
254;6;626018318;254;106;798;798;10.22;0.62;109.48;4.94;544;6;236.00;0
255;6;626018325;255;102;799;799;10.25;0.62;109.96;4.94;544;6;237.00;0
256;6;626018334;256;99;800;800;10.31;0.63;110.43;4.93;544;6;238.00;0
256;6;626018344;256;99;800;800;10.32;0.63;110.43;4.93;544;6;239.00;0
259;6;626018361;259;101;824;826;10.14;0.62;110.17;4.79;565;6;240.00;2
262;6;626018372;262;98;824;826;10.13;0.62;111.17;4.79;562;6;241.00;2
266;6;626018380;266;96;825;826;10.17;0.62;112.26;4.78;559;6;242.00;1
268;6;626018390;268;97;827;827;10.29;0.63;112.96;4.78;559;6;243.00;0
273;6;626018398;273;99;827;827;10.35;0.63;114.33;4.78;554;6;244.00;0
276;6;626018406;276;106;830;831;10.40;0.64;115.03;4.76;554;6;245.00;1
280;6;626018416;280;110;830;831;10.37;0.63;115.83;4.76;550;6;246.00;1
282;6;626018427;282;121;835;835;10.35;0.63;116.61;4.74;553;6;247.00;0
284;6;626018436;284;126;835;835;10.34;0.63;117.18;4.74;551;6;248.00;0
288;6;626018449;288;128;835;835;10.32;0.63;117.57;4.74;547;6;249.00;0
289;6;626018457;289;127;835;835;10.32;0.63;117.66;4.74;546;6;250.00;0
290;6;626018466;290;131;835;835;10.27;0.63;117.62;4.74;545;6;251.00;0
293;6;626018475;293;139;845;847;10.20;0.62;118.44;4.69;552;6;252.00;2
295;6;626018484;295;139;845;847;10.21;0.62;118.58;4.69;550;6;253.00;2
296;7;626018491;296;142;847;847;10.19;0.62;118.55;4.68;551;7;254.00;0
296;7;626018506;296;148;847;847;10.22;0.62;118.55;4.68;551;7;255.00;0
297;7;626018513;297;153;847;847;10.19;0.62;118.53;4.68;550;7;256.00;0
297;7;626018525;297;156;847;847;10.20;0.62;118.53;4.68;550;7;257.00;0
298;7;626018531;298;156;848;848;10.24;0.62;118.65;4.68;550;7;258.00;0
301;7;626018539;301;162;848;848;10.25;0.62;119.25;4.68;547;7;259.00;0
301;7;626018552;301;156;853;854;10.28;0.63;119.25;4.65;552;7;260.00;1
304;7;626018560;304;152;854;855;10.29;0.63;119.02;4.65;550;7;261.00;1
305;7;626018568;305;147;855;855;10.34;0.63;119.02;4.65;550;7;262.00;0
307;7;626018581;307;141;855;855;10.25;0.62;119.48;4.65;548;7;263.00;0
312;7;626018589;312;139;859;859;10.25;0.62;119.88;4.63;547;7;264.00;0
312;7;626018598;312;137;859;859;10.34;0.63;119.88;4.63;547;7;265.00;0
314;7;626018605;314;135;859;859;10.39;0.63;120.28;4.63;545;7;266.00;0
316;7;626018612;316;133;860;860;10.44;0.63;121.17;4.62;544;7;267.00;0
318;7;626018619;318;139;864;864;10.44;0.63;121.53;4.60;546;7;268.00;0
322;7;626018626;322;130;864;864;10.51;0.64;122.23;4.60;542;7;269.00;0
324;7;626018635;324;127;867;870;10.55;0.64;122.39;4.59;543;7;270.00;3
328;7;626018644;328;122;867;870;10.71;0.65;122.61;4.59;539;7;271.00;3
330;7;626018651;330;114;868;870;10.92;0.66;123.25;4.59;538;7;272.00;2
332;7;626018662;332;106;868;870;11.08;0.67;123.37;4.59;536;7;273.00;2
333;7;626018672;333;101;871;874;11.24;0.68;123.39;4.58;538;7;274.00;3
337;7;626018683;337;98;871;874;11.36;0.69;123.55;4.58;534;7;275.00;3
338;7;626018696;338;91;872;874;11.58;0.70;123.57;4.58;534;7;276.00;2
342;7;626018704;342;87;872;874;11.69;0.71;124.24;4.58;530;7;277.00;2
345;7;626018715;345;84;874;875;11.73;0.71;124.55;4.57;529;7;278.00;1
346;7;626018725;346;78;875;876;11.87;0.72;124.58;4.57;529;7;279.00;1
348;7;626018735;348;75;876;876;11.94;0.72;124.34;4.57;528;7;280.00;0
348;7;626018745;348;72;877;877;11.97;0.72;124.34;4.57;529;7;281.00;0
351;7;626018755;351;72;877;877;11.99;0.73;124.15;4.57;526;7;282.00;0
352;7;626018766;352;72;877;877;12.00;0.73;124.39;4.57;525;7;283.00;0
354;7;626018777;354;69;877;877;12.03;0.73;124.38;4.57;523;7;284.00;0
354;7;626018786;354;70;877;877;12.18;0.74;124.38;4.57;523;7;285.00;0
354;7;626018796;354;68;877;877;12.24;0.74;124.38;4.57;523;7;286.00;0
356;7;626018806;356;69;877;877;12.31;0.75;124.75;4.57;521;7;287.00;0
357;7;626018816;357;82;947;1004;11.91;0.74;125.00;4.23;590;7;288.00;57
358;7;626018847;358;70;949;1005;11.92;0.74;125.44;4.23;591;7;289.00;56
359;7;626018857;359;71;957;1005;11.96;0.74;125.75;4.21;598;7;290.00;48
361;7;626018872;361;73;958;1005;11.98;0.74;125.87;4.21;597;7;291.00;47
362;7;626018885;362;71;963;1005;12.05;0.74;126.31;4.21;601;7;292.00;42
365;7;626018899;365;73;969;1005;12.11;0.74;126.82;4.21;604;7;293.00;36
368;7;626018912;368;72;973;1005;12.10;0.74;126.52;4.22;605;7;294.00;32
369;7;626018934;369;75;976;1005;12.10;0.74;126.58;4.23;607;7;295.00;29
372;7;626018948;372;72;981;1006;12.17;0.74;126.21;4.25;609;7;296.00;25
373;7;626018962;373;75;984;1007;12.22;0.75;125.89;4.26;611;7;297.00;23
373;7;626018980;373;78;987;1007;12.24;0.75;125.89;4.28;614;7;298.00;20
375;7;626018992;375;80;990;1008;12.23;0.75;126.24;4.30;615;7;299.00;18
376;7;626019010;376;85;994;1014;12.21;0.75;126.67;4.32;618;7;300.00;20
378;7;626019029;378;89;995;1014;12.10;0.75;126.83;4.33;617;7;301.00;19
379;7;626019041;379;95;998;1014;12.04;0.74;126.97;4.35;619;7;302.00;16
382;7;626019051;382;103;1002;1018;12.00;0.74;127.57;4.36;620;7;303.00;16
382;7;626019062;382;110;1004;1018;11.90;0.73;127.57;4.39;622;7;304.00;14
386;7;626019072;386;116;1006;1018;11.79;0.72;128.09;4.39;620;7;305.00;12
387;7;626019088;387;120;1009;1021;11.76;0.72;127.99;4.40;622;7;306.00;12
388;7;626019105;388;128;1009;1021;11.67;0.72;128.44;4.40;621;7;307.00;12
391;8;626019115;391;140;1011;1021;11.59;0.71;128.89;4.42;620;8;308.00;10
396;8;626019132;396;145;1015;1025;11.42;0.70;129.81;4.41;619;8;309.00;10
399;8;626019149;399;146;1016;1026;11.28;0.69;130.20;4.41;617;8;310.00;10
400;8;626019158;400;152;1016;1026;11.10;0.68;130.17;4.41;616;8;311.00;10
402;8;626019178;402;155;1019;1030;11.02;0.68;130.37;4.39;617;8;312.00;11
402;8;626019188;402;158;1020;1030;10.92;0.67;130.37;4.39;618;8;313.00;10
405;8;626019196;405;164;1021;1030;10.78;0.67;130.81;4.40;616;8;314.00;9
407;8;626019205;407;169;1024;1032;10.63;0.66;131.68;4.40;617;8;315.00;8
410;8;626019213;410;169;1024;1032;10.48;0.65;131.92;4.40;614;8;316.00;8
411;8;626019225;411;172;1028;1038;10.40;0.64;132.02;4.39;617;8;317.00;10
414;8;626019235;414;183;1028;1038;10.21;0.63;131.98;4.39;614;8;318.00;10
419;8;626019249;419;184;1029;1039;10.09;0.62;132.47;4.38;610;8;319.00;10
422;8;626019262;422;180;1030;1039;9.96;0.61;133.26;4.41;608;8;320.00;9
425;8;626019273;425;184;1032;1039;9.85;0.61;133.55;4.44;607;8;321.00;7
429;8;626019282;429;188;1032;1039;9.77;0.60;134.29;4.44;603;8;322.00;7
430;8;626019297;430;190;1033;1039;9.71;0.60;134.31;4.47;603;8;323.00;6
432;8;626019306;432;196;1045;1051;9.74;0.60;134.90;4.46;613;8;324.00;6
435;8;626019315;435;197;1045;1051;9.75;0.60;135.09;4.46;610;8;325.00;6
438;8;626019324;438;198;1048;1051;9.76;0.60;135.20;4.50;610;8;326.00;3
439;8;626019342;439;199;1048;1051;9.78;0.60;134.98;4.50;609;8;327.00;3
441;8;626019351;441;199;1050;1051;9.80;0.60;134.71;4.52;609;8;328.00;1
442;8;626019358;442;204;1050;1051;9.84;0.60;134.81;4.52;608;8;329.00;1
445;8;626019375;445;211;1055;1055;9.75;0.59;135.83;4.50;610;8;330.00;0
447;8;626019383;447;212;1055;1055;9.72;0.59;136.64;4.50;608;8;331.00;0
449;8;626019391;449;214;1059;1059;9.67;0.59;136.65;4.49;610;8;332.00;0
453;8;626019399;453;214;1060;1060;9.50;0.58;138.09;4.49;607;8;333.00;0
456;8;626019406;456;216;1060;1060;9.41;0.57;138.05;4.49;604;8;334.00;0
460;8;626019414;460;220;1060;1060;9.25;0.56;138.59;4.49;600;8;335.00;0
462;8;626019421;462;227;1073;1073;9.00;0.55;139.13;4.43;611;8;336.00;0
465;8;626019429;465;230;1073;1073;8.86;0.54;139.53;4.43;608;8;337.00;0
466;8;626019439;466;236;1073;1073;8.71;0.53;139.95;4.43;607;8;338.00;0
468;8;626019446;468;238;1074;1074;8.51;0.52;140.80;4.43;606;8;339.00;0
470;8;626019454;470;230;1075;1075;8.38;0.52;141.18;4.43;605;8;340.00;0
472;8;626019461;472;222;1075;1075;8.35;0.51;141.35;4.43;603;8;341.00;0
476;8;626019468;476;216;1078;1078;8.37;0.52;142.32;4.41;602;8;342.00;0
479;8;626019476;479;215;1078;1078;8.36;0.52;143.01;4.41;599;8;343.00;0
484;8;626019483;484;213;1078;1078;8.32;0.51;143.53;4.41;594;8;344.00;0
488;8;626019491;488;210;1078;1078;8.24;0.51;143.38;4.41;590;8;345.00;0
490;8;626019499;490;212;1082;1084;8.27;0.51;143.74;4.40;592;8;346.00;2
491;8;626019506;491;208;1082;1084;8.23;0.51;144.11;4.40;591;8;347.00;2
496;8;626019513;496;206;1083;1084;8.14;0.50;144.53;4.40;587;8;348.00;1
498;8;626019520;498;209;1083;1084;8.13;0.50;144.56;4.40;585;8;349.00;1
502;8;626019527;502;208;1086;1088;8.08;0.50;144.39;4.39;584;8;350.00;2
504;9;626019535;504;208;1089;1089;8.12;0.50;144.76;4.38;585;9;351.00;0
508;9;626019568;508;212;1089;1089;8.07;0.50;144.07;4.38;581;9;352.00;0
509;9;626019577;509;211;1090;1090;8.13;0.50;144.39;4.38;581;9;353.00;0
515;9;626019598;515;213;1090;1090;8.06;0.50;144.74;4.38;575;9;354.00;0
518;9;626019608;518;213;1090;1090;8.04;0.50;144.41;4.38;572;9;355.00;0
522;9;626019624;522;211;1090;1090;8.04;0.49;144.48;4.38;568;9;356.00;0
526;9;626019633;526;221;1090;1090;8.01;0.49;144.61;4.38;564;9;357.00;0
530;9;626019643;530;219;1090;1090;7.97;0.49;144.81;4.38;560;9;358.00;0
530;9;626019652;530;226;1090;1090;7.95;0.49;144.81;4.38;560;9;359.00;0
533;9;626019665;533;236;1154;1215;8.22;0.51;145.38;4.14;621;9;360.00;61
537;9;626019691;537;235;1160;1216;8.14;0.51;145.96;4.12;623;9;361.00;56
537;9;626019707;537;229;1171;1216;8.21;0.51;145.96;4.10;634;9;362.00;45
540;9;626019715;540;228;1175;1216;8.17;0.51;146.39;4.10;635;9;363.00;41
543;9;626019722;543;232;1184;1216;8.11;0.50;146.49;4.10;641;9;364.00;32
543;9;626019730;543;236;1189;1216;8.05;0.50;146.49;4.10;646;9;365.00;27
545;9;626019738;545;233;1195;1216;8.10;0.50;146.35;4.11;650;9;366.00;21
546;9;626019745;546;234;1198;1216;8.06;0.50;146.23;4.12;652;9;367.00;18
548;9;626019753;548;240;1201;1217;7.97;0.49;146.28;4.13;653;9;368.00;16
550;9;626019762;550;248;1202;1218;7.86;0.49;146.44;4.13;652;9;369.00;16
552;9;626019770;552;259;1207;1218;7.74;0.48;146.26;4.16;655;9;370.00;11
553;9;626019778;553;245;1212;1222;7.71;0.48;146.37;4.15;659;9;371.00;10
555;9;626019787;555;250;1217;1222;7.73;0.48;146.41;4.18;662;9;372.00;5
556;9;626019796;556;243;1217;1222;7.78;0.48;146.64;4.18;661;9;373.00;5
559;9;626019804;559;242;1219;1222;7.73;0.48;146.91;4.19;660;9;374.00;3
561;9;626019813;561;236;1224;1228;7.80;0.48;146.84;4.19;663;9;375.00;4
563;9;626019822;563;234;1225;1228;7.87;0.48;147.07;4.18;662;9;376.00;3
564;9;626019831;564;233;1227;1228;7.91;0.49;147.06;4.19;663;9;377.00;1
566;9;626019840;566;232;1229;1231;8.03;0.49;147.39;4.19;663;9;378.00;2
567;9;626019849;567;223;1230;1231;8.10;0.50;147.20;4.18;663;9;379.00;1
568;9;626019859;568;225;1231;1231;8.23;0.50;147.23;4.20;663;9;380.00;0
569;9;626019868;569;225;1232;1232;8.37;0.51;147.28;4.19;663;9;381.00;0
571;9;626019888;571;220;1233;1233;8.51;0.52;147.12;4.19;662;9;382.00;0
574;9;626019897;574;221;1233;1233;8.60;0.53;146.92;4.19;659;9;383.00;0
574;9;626019906;574;222;1246;1246;8.70;0.53;146.92;4.15;672;9;384.00;0
574;9;626019916;574;221;1246;1246;8.69;0.53;146.92;4.15;672;9;385.00;0
574;9;626019925;574;222;1246;1246;8.67;0.53;146.92;4.15;672;9;386.00;0
575;9;626019934;575;209;1247;1247;8.73;0.53;147.02;4.14;672;9;387.00;0
578;9;626019944;578;202;1247;1247;8.84;0.54;146.71;4.14;669;9;388.00;0
580;9;626019953;580;197;1250;1251;8.89;0.54;147.11;4.14;670;9;389.00;1
581;9;626019964;581;196;1250;1251;8.96;0.55;147.13;4.14;669;9;390.00;1
584;9;626019975;584;198;1255;1255;9.04;0.55;147.02;4.13;671;9;391.00;0
585;9;626019985;585;201;1255;1255;9.04;0.55;147.22;4.13;670;9;392.00;0
586;9;626019994;586;201;1255;1255;9.09;0.55;147.15;4.13;669;9;393.00;0
589;9;626020004;589;195;1255;1255;9.07;0.55;147.41;4.13;666;9;394.00;0
590;9;626020020;590;196;1255;1255;9.09;0.56;147.46;4.13;665;9;395.00;0
592;9;626020030;592;190;1265;1267;9.19;0.56;147.29;4.09;673;9;396.00;2
597;9;626020041;597;175;1266;1267;9.38;0.57;147.88;4.09;669;9;397.00;1
600;9;626020051;600;165;1267;1267;9.50;0.58;148.76;4.09;667;9;398.00;0
602;9;626020061;602;162;1267;1267;9.64;0.59;149.36;4.09;665;9;399.00;0
602;9;626020072;602;156;1267;1267;9.77;0.60;149.36;4.09;665;9;400.00;0
604;10;626020085;604;152;1267;1267;9.82;0.60;149.69;4.09;663;10;401.00;0
606;10;626020110;606;153;1268;1268;9.87;0.61;149.89;4.09;662;10;402.00;0
609;10;626020120;609;155;1268;1268;9.96;0.61;150.28;4.09;659;10;403.00;0
611;10;626020130;611;154;1273;1274;10.00;0.61;151.00;4.07;662;10;404.00;1
618;10;626020140;618;158;1276;1276;10.10;0.62;152.71;4.07;658;10;405.00;0
618;10;626020150;618;163;1276;1276;10.19;0.63;152.71;4.07;658;10;406.00;0
621;10;626020159;621;163;1276;1276;10.24;0.63;153.37;4.07;655;10;407.00;0
623;10;626020169;623;163;1280;1280;10.27;0.63;153.88;4.05;657;10;408.00;0
625;10;626020178;625;164;1280;1280;10.26;0.63;154.08;4.05;655;10;409.00;0
628;10;626020188;628;164;1280;1280;10.25;0.63;154.32;4.05;652;10;410.00;0
634;10;626020197;634;158;1281;1281;10.22;0.63;155.32;4.05;647;10;411.00;0
637;10;626020207;637;155;1285;1285;10.16;0.62;156.15;4.04;648;10;412.00;0
641;10;626020217;641;152;1285;1285;10.21;0.62;156.99;4.04;644;10;413.00;0
644;10;626020226;644;149;1287;1288;10.31;0.63;157.56;4.04;643;10;414.00;1
647;10;626020235;647;148;1287;1288;10.37;0.63;158.04;4.04;640;10;415.00;1
651;10;626020244;651;148;1288;1288;10.51;0.64;159.27;4.03;637;10;416.00;0
653;10;626020253;653;149;1288;1288;10.59;0.64;159.28;4.03;635;10;417.00;0
656;10;626020262;656;149;1291;1292;10.62;0.65;159.86;4.03;635;10;418.00;1
663;10;626020271;663;149;1291;1292;10.58;0.64;160.72;4.03;628;10;419.00;1
665;10;626020282;665;151;1292;1292;10.57;0.64;161.47;4.03;627;10;420.00;0
667;10;626020291;667;149;1292;1292;10.52;0.64;161.57;4.03;625;10;421.00;0
671;10;626020299;671;151;1293;1293;10.57;0.64;161.96;4.02;622;10;422.00;0
672;10;626020309;672;156;1294;1294;10.65;0.65;162.22;4.02;622;10;423.00;0
672;10;626020318;672;160;1294;1294;10.67;0.65;162.22;4.02;622;10;424.00;0
676;11;626020326;676;163;1295;1295;10.65;0.65;162.48;4.02;619;11;425.00;0
677;11;626020347;677;166;1295;1295;10.64;0.65;162.45;4.02;618;11;426.00;0
679;11;626020368;679;164;1295;1295;10.64;0.65;162.97;4.02;616;11;427.00;0
679;11;626020387;679;167;1295;1295;10.62;0.65;162.97;4.02;616;11;428.00;0
684;11;626020414;684;170;1295;1295;10.48;0.64;163.95;4.02;611;11;429.00;0
688;11;626020438;688;161;1295;1295;10.46;0.64;163.87;4.02;607;11;430.00;0
689;11;626020448;689;158;1295;1295;10.51;0.64;164.04;4.02;606;11;431.00;0
693;11;626020457;693;185;1377;1422;10.04;0.62;164.28;3.78;684;11;432.00;45
696;11;626020478;696;167;1377;1423;10.15;0.63;164.32;3.78;681;11;433.00;46
696;11;626020487;696;152;1381;1423;10.25;0.63;164.32;3.78;685;11;434.00;42
702;11;626020499;702;146;1386;1423;10.31;0.64;164.98;3.77;684;11;435.00;37
706;11;626020515;706;141;1388;1423;10.37;0.64;164.85;3.77;682;11;436.00;35
708;11;626020524;708;136;1392;1423;10.39;0.64;165.00;3.78;684;11;437.00;31
711;11;626020539;711;143;1396;1423;10.41;0.64;165.30;3.78;685;11;438.00;27
712;11;626020553;712;143;1398;1423;10.44;0.64;165.62;3.79;686;11;439.00;25
716;11;626020564;716;142;1402;1424;10.51;0.64;165.75;3.80;686;11;440.00;22
718;11;626020577;718;135;1404;1425;10.56;0.64;165.72;3.81;686;11;441.00;21
723;11;626020588;723;133;1408;1425;10.53;0.64;165.84;3.82;685;11;442.00;17
726;11;626020608;726;128;1410;1426;10.41;0.63;166.44;3.83;684;11;443.00;16
730;11;626020618;730;127;1411;1426;10.36;0.63;166.98;3.84;681;11;444.00;15
732;11;626020628;732;126;1415;1426;10.31;0.63;167.12;3.86;683;11;445.00;11
737;11;626020639;737;118;1416;1426;10.21;0.62;167.88;3.87;679;11;446.00;10
741;11;626020651;741;126;1418;1430;10.20;0.62;167.97;3.88;677;11;447.00;12
743;11;626020664;743;122;1420;1430;10.21;0.62;167.81;3.89;677;11;448.00;10
747;11;626020678;747;125;1420;1430;10.15;0.62;168.10;3.89;673;11;449.00;10
749;11;626020695;749;121;1424;1436;10.12;0.62;168.13;3.89;675;11;450.00;12
751;11;626020717;751;121;1424;1436;10.09;0.61;168.63;3.89;673;11;451.00;12
754;11;626020728;754;125;1425;1436;10.11;0.61;168.52;3.90;671;11;452.00;11
756;11;626020745;756;124;1428;1440;10.03;0.61;168.46;3.89;672;11;453.00;12
757;11;626020757;757;124;1430;1441;10.10;0.62;168.36;3.89;673;11;454.00;11
758;11;626020770;758;127;1431;1441;10.18;0.62;168.17;3.90;673;11;455.00;10
761;11;626020781;761;126;1434;1445;10.28;0.63;168.44;3.89;673;11;456.00;11
763;11;626020794;763;127;1435;1445;10.27;0.63;168.65;3.91;672;11;457.00;10
765;11;626020811;765;128;1436;1445;10.32;0.63;168.83;3.91;671;11;458.00;9
766;11;626020822;766;130;1438;1446;10.37;0.63;168.88;3.91;672;11;459.00;8
766;11;626020835;766;129;1438;1446;10.41;0.63;168.88;3.91;672;11;460.00;8
770;11;626020849;770;133;1444;1452;10.46;0.63;168.82;3.93;674;11;461.00;8
772;11;626020862;772;131;1444;1452;10.36;0.63;168.67;3.93;672;11;462.00;8
773;11;626020880;773;134;1446;1453;10.26;0.62;168.96;3.95;673;11;463.00;7
776;11;626020895;776;136;1446;1453;10.21;0.62;168.71;3.95;670;11;464.00;7
778;11;626020910;778;138;1447;1453;10.18;0.62;168.72;3.97;669;11;465.00;6
780;11;626020929;780;139;1447;1453;10.28;0.63;168.75;3.97;667;11;466.00;6
781;11;626020948;781;140;1448;1453;10.33;0.63;168.85;3.97;667;11;467.00;5
782;11;626020964;782;140;1458;1465;10.47;0.64;168.77;3.94;676;11;468.00;7
784;12;626020981;784;139;1459;1465;10.60;0.65;168.96;3.94;675;12;469.00;6
787;12;626021016;787;138;1461;1465;10.69;0.65;168.82;3.96;674;12;470.00;4
790;12;626021030;790;141;1461;1465;10.72;0.65;169.24;3.96;671;12;471.00;4
792;12;626021043;792;143;1461;1465;10.73;0.65;169.25;3.96;669;12;472.00;4
793;12;626021056;793;148;1462;1465;10.74;0.65;169.18;3.97;669;12;473.00;3
796;12;626021069;796;153;1465;1469;10.73;0.65;169.32;3.97;669;12;474.00;4
799;12;626021084;799;156;1465;1469;10.77;0.65;169.53;3.97;666;12;475.00;4
801;12;626021104;801;157;1469;1473;10.82;0.66;169.52;3.97;668;12;476.00;4
803;12;626021117;803;162;1471;1474;10.87;0.66;169.66;3.98;668;12;477.00;3
806;12;626021130;806;166;1474;1474;10.81;0.66;169.69;3.98;668;12;478.00;0
809;12;626021144;809;172;1474;1474;10.69;0.65;169.81;3.98;665;12;479.00;0
809;12;626021158;809;177;1494;1500;10.55;0.65;169.81;3.93;685;12;480.00;6
810;12;626021171;810;178;1495;1500;10.47;0.64;169.84;3.93;685;12;481.00;5
812;12;626021186;812;186;1498;1500;10.47;0.64;169.80;3.92;686;12;482.00;2
813;12;626021198;813;187;1499;1501;10.43;0.64;169.74;3.92;686;12;483.00;2
816;12;626021214;816;192;1501;1502;10.38;0.64;169.74;3.92;685;12;484.00;1
816;12;626021226;816;194;1502;1502;10.29;0.63;169.74;3.92;686;12;485.00;0
816;12;626021238;816;200;1504;1505;10.25;0.63;169.74;3.91;688;12;486.00;1
817;12;626021251;817;203;1504;1505;10.14;0.62;169.67;3.91;687;12;487.00;1
818;12;626021261;818;209;1505;1505;10.08;0.62;169.61;3.91;687;12;488.00;0
819;12;626021273;819;207;1505;1505;10.04;0.62;169.48;3.91;686;12;489.00;0
823;12;626021286;823;210;1510;1511;10.00;0.61;169.37;3.90;687;12;490.00;1
824;12;626021298;824;211;1510;1511;9.98;0.61;169.33;3.90;686;12;491.00;1
827;12;626021310;827;212;1511;1511;9.93;0.61;169.35;3.90;684;12;492.00;0
829;12;626021325;829;215;1511;1511;9.83;0.60;169.42;3.90;682;12;493.00;0
833;12;626021335;833;216;1515;1515;9.74;0.60;169.25;3.90;682;12;494.00;0
834;12;626021349;834;219;1517;1517;9.68;0.59;169.45;3.89;683;12;495.00;0
838;12;626021362;838;224;1517;1517;9.67;0.59;169.20;3.89;679;12;496.00;0
839;12;626021373;839;225;1518;1518;9.63;0.59;169.13;3.89;679;12;497.00;0
842;12;626021385;842;229;1518;1518;9.59;0.59;168.80;3.89;676;12;498.00;0
845;12;626021398;845;228;1518;1518;9.52;0.58;168.91;3.89;673;12;499.00;0
849;12;626021409;849;233;1518;1518;9.37;0.57;169.27;3.89;669;12;500.00;0
853;12;626021427;853;233;1518;1518;9.23;0.56;169.53;3.89;665;12;501.00;0
856;12;626021438;856;234;1518;1518;9.08;0.55;169.34;3.89;662;12;502.00;0
860;12;626021449;860;237;1518;1518;8.88;0.54;169.78;3.89;658;12;503.00;0
866;12;626021470;866;246;1560;1588;8.90;0.54;169.81;3.78;694;12;504.00;28
868;12;626021488;868;250;1564;1589;8.74;0.53;170.00;3.78;696;12;505.00;25
871;12;626021499;871;247;1573;1589;8.63;0.53;170.48;3.77;702;12;506.00;16
873;12;626021508;873;253;1578;1589;8.57;0.52;170.67;3.76;705;12;507.00;11
875;12;626021518;875;260;1583;1589;8.39;0.51;171.18;3.77;708;12;508.00;6
876;12;626021527;876;267;1584;1589;8.23;0.50;171.15;3.77;708;12;509.00;5
880;12;626021540;880;258;1587;1589;8.11;0.50;171.49;3.77;707;12;510.00;2
882;12;626021550;882;254;1588;1589;8.03;0.49;171.44;3.77;706;12;511.00;1
887;12;626021559;887;253;1590;1590;7.92;0.48;171.40;3.77;703;12;512.00;0
887;12;626021570;887;254;1591;1591;7.91;0.48;171.40;3.77;704;12;513.00;0
888;12;626021582;888;258;1591;1591;7.88;0.48;171.37;3.77;703;12;514.00;0
892;12;626021592;892;256;1595;1595;7.76;0.47;172.03;3.76;703;12;515.00;0
896;12;626021604;896;263;1595;1595;7.67;0.47;172.08;3.76;699;12;516.00;0
899;12;626021615;899;260;1595;1595;7.69;0.47;172.78;3.76;696;12;517.00;0
901;12;626021629;901;257;1595;1595;7.69;0.47;172.91;3.76;694;12;518.00;0
902;12;626021641;902;261;1600;1601;7.73;0.47;172.97;3.75;698;12;519.00;1
903;12;626021652;903;265;1600;1601;7.77;0.48;173.25;3.75;697;12;520.00;1
904;12;626021662;904;267;1601;1601;7.76;0.48;173.47;3.75;697;12;521.00;0
906;12;626021673;906;266;1603;1604;7.81;0.48;173.75;3.75;697;12;522.00;1
909;12;626021685;909;254;1604;1604;7.83;0.48;173.92;3.75;695;12;523.00;0
911;12;626021695;911;243;1604;1604;7.91;0.48;174.19;3.75;693;12;524.00;0
915;12;626021705;915;231;1605;1605;8.01;0.49;174.69;3.75;690;12;525.00;0
919;12;626021715;919;223;1606;1606;8.14;0.50;175.03;3.74;687;12;526.00;0
922;12;626021725;922;220;1606;1606;8.29;0.51;174.96;3.74;684;12;527.00;0
926;13;626021736;926;215;1619;1619;8.44;0.52;174.86;3.71;693;13;528.00;0
928;13;626021761;928;209;1619;1619;8.52;0.52;175.23;3.71;691;13;529.00;0
930;13;626021773;930;206;1619;1619;8.62;0.53;175.05;3.71;689;13;530.00;0
932;13;626021783;932;197;1620;1620;8.73;0.53;175.11;3.71;688;13;531.00;0
935;13;626021805;935;195;1620;1620;8.80;0.54;175.32;3.71;685;13;532.00;0
939;13;626021817;939;187;1623;1624;8.83;0.54;175.97;3.71;684;13;533.00;1
942;13;626021828;942;187;1623;1624;8.88;0.54;176.08;3.71;681;13;534.00;1
949;13;626021839;949;187;1628;1628;8.87;0.54;176.60;3.70;679;13;535.00;0
952;13;626021851;952;191;1628;1628;8.84;0.54;176.84;3.70;676;13;536.00;0
955;13;626021871;955;188;1628;1628;8.81;0.54;176.70;3.70;673;13;537.00;0
962;13;626021882;962;193;1628;1628;8.75;0.53;176.57;3.70;666;13;538.00;0
965;13;626021893;965;197;1628;1628;8.75;0.53;176.62;3.70;663;13;539.00;0
968;13;626021912;968;211;1657;1662;8.76;0.54;176.96;3.64;689;13;540.00;5
973;13;626021926;973;204;1658;1662;8.78;0.54;177.53;3.63;685;13;541.00;4
974;13;626021936;974;206;1659;1662;8.91;0.55;177.51;3.63;685;13;542.00;3
975;13;626021949;975;201;1659;1662;9.04;0.55;177.47;3.63;684;13;543.00;3
977;13;626021968;977;203;1660;1662;9.10;0.56;177.52;3.63;683;13;544.00;2
982;13;626021979;982;206;1660;1662;9.10;0.56;177.93;3.63;678;13;545.00;2
989;13;626021990;989;207;1662;1663;9.08;0.56;177.99;3.63;673;13;546.00;1
993;13;626022001;993;205;1662;1663;9.08;0.55;178.52;3.63;669;13;547.00;1
996;13;626022011;996;206;1667;1669;9.04;0.55;178.30;3.63;671;13;548.00;2
997;13;626022027;997;209;1668;1670;9.02;0.55;178.36;3.63;671;13;549.00;2
1001;13;626022038;1001;212;1669;1670;8.94;0.54;178.39;3.63;668;13;550.00;1
1002;13;626022052;1002;214;1669;1670;8.89;0.54;178.47;3.63;667;13;551.00;1
1003;13;626022069;1003;218;1674;1674;8.85;0.54;178.57;3.62;671;13;552.00;0
1006;13;626022080;1006;223;1674;1674;8.73;0.53;178.49;3.62;668;13;553.00;0
1007;13;626022091;1007;229;1674;1674;8.68;0.53;178.50;3.62;667;13;554.00;0
1007;13;626022101;1007;235;1675;1675;8.63;0.53;178.50;3.62;668;13;555.00;0
1009;13;626022111;1009;240;1679;1679;8.60;0.53;179.16;3.61;670;13;556.00;0
1013;13;626022122;1013;228;1679;1679;8.47;0.52;180.00;3.61;666;13;557.00;0
1014;13;626022136;1014;220;1681;1682;8.53;0.52;180.09;3.61;667;13;558.00;1
1018;13;626022148;1018;211;1681;1682;8.55;0.52;180.66;3.61;663;13;559.00;1
1022;13;626022166;1022;206;1682;1682;8.55;0.52;180.82;3.61;660;13;560.00;0
1026;13;626022177;1026;208;1682;1682;8.58;0.52;181.25;3.61;656;13;561.00;0
1026;13;626022187;1026;209;1685;1686;8.74;0.53;181.25;3.60;659;13;562.00;1
1030;13;626022198;1030;210;1685;1686;8.79;0.54;181.52;3.60;655;13;563.00;1
1034;13;626022214;1034;211;1686;1686;8.89;0.54;181.81;3.60;652;13;564.00;0
1039;13;626022227;1039;215;1686;1686;8.90;0.54;182.27;3.60;647;13;565.00;0
1041;13;626022240;1041;201;1687;1687;8.94;0.54;182.52;3.60;646;13;566.00;0
1043;13;626022252;1043;189;1688;1688;9.03;0.55;182.85;3.60;645;13;567.00;0
1047;13;626022264;1047;181;1688;1688;9.12;0.55;183.14;3.60;641;13;568.00;0
1049;13;626022275;1049;173;1689;1689;9.20;0.56;183.44;3.60;640;13;569.00;0
1055;13;626022288;1055;171;1689;1689;9.21;0.56;183.88;3.60;634;13;570.00;0
1055;13;626022299;1055;165;1689;1689;9.25;0.56;183.88;3.60;634;13;571.00;0
1057;13;626022310;1057;164;1689;1689;9.31;0.57;184.38;3.60;632;13;572.00;0
1060;13;626022320;1060;170;1689;1689;9.39;0.57;184.56;3.60;629;13;573.00;0
1062;13;626022331;1062;170;1689;1689;9.42;0.57;184.74;3.60;627;13;574.00;0
1064;13;626022342;1064;169;1689;1689;9.45;0.58;184.99;3.60;625;13;575.00;0
1067;13;626022353;1067;201;1770;1816;9.38;0.58;185.22;3.43;703;13;576.00;46
1069;13;626022374;1069;186;1773;1817;9.41;0.58;185.52;3.43;704;13;577.00;44
1071;13;626022386;1071;172;1780;1817;9.54;0.59;185.49;3.42;709;13;578.00;37
1075;13;626022398;1075;161;1783;1817;9.55;0.59;185.70;3.42;708;13;579.00;34
1081;13;626022409;1081;158;1788;1817;9.62;0.59;186.07;3.42;707;13;580.00;29
1081;13;626022420;1081;158;1790;1817;9.72;0.60;186.07;3.43;709;13;581.00;27
1084;13;626022435;1084;157;1795;1817;9.78;0.60;186.08;3.43;711;13;582.00;22
1086;13;626022446;1086;155;1797;1817;9.83;0.61;186.30;3.44;711;13;583.00;20
1089;13;626022459;1089;158;1801;1818;9.89;0.61;186.62;3.45;712;13;584.00;17
1091;14;626022471;1091;162;1805;1820;9.97;0.61;186.88;3.45;714;14;585.00;15
1097;14;626022496;1097;167;1808;1820;9.98;0.61;187.12;3.47;711;14;586.00;12
1099;14;626022508;1099;171;1812;1821;10.04;0.62;187.16;3.47;713;14;587.00;9
1102;14;626022519;1102;173;1814;1821;10.11;0.62;187.42;3.48;712;14;588.00;7
1103;14;626022530;1103;174;1815;1821;10.15;0.62;187.42;3.49;712;14;589.00;6
1106;14;626022554;1106;179;1817;1821;10.18;0.63;187.63;3.50;711;14;590.00;4
1108;14;626022565;1108;182;1820;1825;10.17;0.62;187.64;3.50;712;14;591.00;5
1109;14;626022578;1109;178;1822;1825;10.19;0.63;187.74;3.51;713;14;592.00;3
1114;14;626022588;1114;179;1822;1825;10.20;0.63;187.89;3.51;708;14;593.00;3
1114;14;626022606;1114;182;1825;1828;10.28;0.63;187.89;3.52;711;14;594.00;3
1118;14;626022619;1118;185;1825;1828;10.31;0.63;187.84;3.52;707;14;595.00;3
1120;14;626022629;1120;187;1826;1828;10.35;0.63;187.90;3.52;706;14;596.00;2
1121;14;626022640;1121;190;1830;1832;10.28;0.63;187.88;3.51;709;14;597.00;2
1122;14;626022651;1122;194;1832;1833;10.28;0.63;188.07;3.51;710;14;598.00;1
1124;14;626022667;1124;192;1832;1833;10.22;0.62;188.10;3.51;708;14;599.00;1
1125;14;626022681;1125;192;1843;1859;10.17;0.62;188.32;3.49;718;14;600.00;16
1127;14;626022699;1127;183;1843;1859;10.18;0.62;188.33;3.49;716;14;601.00;16
1127;14;626022709;1127;184;1845;1859;10.27;0.63;188.33;3.49;718;14;602.00;14
1129;14;626022719;1129;183;1846;1860;10.34;0.63;188.25;3.49;717;14;603.00;14
1130;14;626022731;1130;180;1847;1860;10.42;0.63;188.41;3.49;717;14;604.00;13
1131;14;626022749;1131;173;1850;1866;10.41;0.63;188.46;3.49;719;14;605.00;16
1134;14;626022769;1134;175;1851;1866;10.48;0.64;188.57;3.49;717;14;606.00;15
1138;14;626022785;1138;175;1851;1867;10.54;0.64;189.40;3.49;713;14;607.00;16
1144;14;626022797;1144;176;1853;1867;10.52;0.64;189.68;3.49;709;14;608.00;14
1145;14;626022808;1145;166;1853;1867;10.60;0.64;189.85;3.49;708;14;609.00;14
1152;14;626022819;1152;160;1853;1867;10.63;0.64;189.95;3.49;701;14;610.00;14
1154;14;626022831;1154;153;1856;1867;10.69;0.65;190.17;3.50;702;14;611.00;11
1158;14;626022841;1158;145;1865;1879;10.74;0.65;190.77;3.48;707;14;612.00;14
1160;14;626022856;1160;133;1865;1879;10.76;0.65;190.93;3.48;705;14;613.00;14
1163;14;626022868;1163;132;1867;1879;10.73;0.65;191.53;3.49;704;14;614.00;12
1167;14;626022885;1167;124;1869;1879;10.73;0.65;191.84;3.50;702;14;615.00;10
1170;14;626022910;1170;121;1870;1879;10.75;0.65;192.13;3.51;700;14;616.00;9
1174;14;626022930;1174;118;1870;1879;10.80;0.65;192.40;3.51;696;14;617.00;9
1176;14;626022948;1176;114;1873;1883;10.87;0.66;192.58;3.50;697;14;618.00;10
1184;14;626022966;1184;108;1873;1883;10.93;0.66;192.64;3.50;689;14;619.00;10
1186;14;626022983;1186;103;1876;1887;11.10;0.67;192.67;3.50;690;14;620.00;11
1187;14;626022999;1187;99;1878;1888;11.23;0.68;192.94;3.50;691;14;621.00;10
1190;14;626023020;1190;101;1879;1888;11.27;0.68;193.05;3.51;689;14;622.00;9
1193;14;626023044;1193;100;1879;1888;11.32;0.68;193.74;3.51;686;14;623.00;9
1197;14;626023058;1197;103;1887;1901;11.30;0.68;194.07;3.49;690;14;624.00;14
1198;14;626023075;1198;105;1887;1901;11.35;0.69;194.13;3.49;689;14;625.00;14
1202;14;626023087;1202;111;1887;1901;11.36;0.69;194.62;3.49;685;14;626.00;14
1203;14;626023101;1203;115;1890;1902;11.40;0.69;194.74;3.51;687;14;627.00;12
1211;14;626023114;1211;117;1890;1903;11.34;0.69;195.14;3.51;679;14;628.00;13
1213;14;626023135;1213;122;1892;1903;11.27;0.68;195.00;3.52;679;14;629.00;11
1215;14;626023150;1215;122;1895;1909;11.23;0.68;195.36;3.52;680;14;630.00;14
1220;14;626023173;1220;124;1896;1909;11.17;0.67;195.31;3.51;676;14;631.00;13
1220;14;626023187;1220;135;1897;1909;11.20;0.68;195.31;3.51;677;14;632.00;12
1223;14;626023198;1223;138;1897;1909;11.15;0.68;195.27;3.51;674;14;633.00;12
1223;14;626023210;1223;141;1902;1915;11.13;0.67;195.27;3.53;679;14;634.00;13
1224;14;626023225;1224;139;1902;1915;11.14;0.68;195.28;3.53;678;14;635.00;13
1224;14;626023239;1224;144;1903;1915;11.17;0.68;195.28;3.53;679;14;636.00;12
1226;14;626023253;1226;149;1903;1915;11.18;0.68;195.29;3.53;677;14;637.00;12
1227;14;626023266;1227;148;1907;1919;11.22;0.68;195.21;3.52;680;14;638.00;12
1229;14;626023278;1229;158;1909;1920;11.17;0.68;195.36;3.54;680;14;639.00;11
1232;14;626023292;1232;161;1911;1920;11.03;0.67;195.04;3.57;679;14;640.00;9
1234;14;626023309;1234;164;1912;1921;10.94;0.66;195.04;3.57;678;14;641.00;9
1234;14;626023324;1234;168;1913;1921;10.84;0.66;195.04;3.58;679;14;642.00;8
1235;14;626023345;1235;171;1914;1921;10.77;0.66;195.09;3.59;679;14;643.00;7
1239;14;626023358;1239;175;1915;1921;10.74;0.65;194.79;3.59;676;14;644.00;6
1240;14;626023371;1240;179;1918;1921;10.65;0.65;194.75;3.63;678;14;645.00;3
1242;14;626023385;1242;183;1920;1921;10.50;0.64;194.71;3.64;678;14;646.00;1
1243;14;626023397;1243;188;1921;1921;10.31;0.63;194.57;3.65;678;14;647.00;0
1244;14;626023409;1244;198;1958;1991;10.28;0.63;194.47;3.58;714;14;648.00;33
1248;14;626023429;1248;196;1961;1992;10.14;0.62;194.27;3.58;713;14;649.00;31
1252;14;626023439;1252;200;1966;1992;10.08;0.61;194.00;3.57;714;14;650.00;26
1252;14;626023457;1252;203;1971;1992;10.00;0.61;194.00;3.57;719;14;651.00;21
1253;14;626023470;1253;210;1976;1992;9.95;0.61;194.02;3.57;723;14;652.00;16
1253;14;626023489;1253;210;1980;1992;9.97;0.61;194.02;3.58;727;14;653.00;12
1253;14;626023501;1253;217;1982;1992;9.94;0.61;194.02;3.58;729;14;654.00;10
1253;14;626023511;1253;222;1985;1992;9.84;0.60;194.02;3.58;732;14;655.00;7
1253;14;626023525;1253;226;1987;1993;9.75;0.60;194.02;3.59;734;14;656.00;6
1259;14;626023539;1259;232;1990;1994;9.57;0.59;193.82;3.59;731;14;657.00;4
1260;14;626023552;1260;239;1992;1994;9.42;0.58;193.77;3.60;732;14;658.00;2
1261;14;626023575;1261;244;1998;1998;9.22;0.56;193.72;3.60;737;14;659.00;0
1262;14;626023590;1262;248;1998;1998;9.07;0.56;193.67;3.60;736;14;660.00;0
1264;14;626023600;1264;254;1998;1998;8.89;0.55;193.50;3.60;734;14;661.00;0
1264;14;626023611;1264;259;1998;1998;8.79;0.54;193.50;3.60;734;14;662.00;0
1265;14;626023629;1265;267;2003;2004;8.72;0.54;193.51;3.59;738;14;663.00;1
1266;14;626023641;1266;271;2004;2004;8.74;0.54;193.64;3.59;738;14;664.00;0
1267;14;626023659;1267;281;2004;2004;8.69;0.53;193.65;3.59;737;14;665.00;0
1269;14;626023670;1269;282;2007;2007;8.68;0.53;193.55;3.58;738;14;666.00;0
1275;14;626023682;1275;288;2007;2007;8.54;0.52;193.53;3.58;732;14;667.00;0
1276;14;626023704;1276;289;2007;2007;8.45;0.52;193.57;3.58;731;14;668.00;0
1279;14;626023716;1279;298;2008;2008;8.39;0.51;193.46;3.58;729;14;669.00;0
1280;14;626023728;1280;303;2009;2009;8.33;0.51;193.33;3.58;729;14;670.00;0
1283;14;626023739;1283;310;2009;2009;8.19;0.50;193.36;3.58;726;14;671.00;0
1286;14;626023750;1286;321;2022;2022;8.03;0.49;193.31;3.56;736;14;672.00;0
1287;14;626023762;1287;322;2022;2022;7.93;0.48;193.46;3.56;735;14;673.00;0
1290;14;626023773;1290;320;2022;2022;7.77;0.47;193.37;3.56;732;14;674.00;0
1294;14;626023784;1294;308;2024;2024;7.63;0.47;193.36;3.56;730;14;675.00;0
1297;14;626023795;1297;292;2024;2024;7.62;0.46;193.63;3.56;727;14;676.00;0
1301;14;626023806;1301;284;2027;2028;7.55;0.46;193.48;3.55;726;14;677.00;1
1304;14;626023818;1304;283;2027;2028;7.45;0.45;193.68;3.55;723;14;678.00;1
1309;14;626023829;1309;278;2032;2032;7.34;0.45;193.75;3.55;723;14;679.00;0
1310;14;626023841;1310;256;2032;2032;7.34;0.45;193.89;3.55;722;14;680.00;0
1314;14;626023852;1314;235;2032;2032;7.27;0.44;194.31;3.55;718;14;681.00;0
1319;14;626023880;1319;227;2032;2032;7.31;0.45;194.35;3.55;713;14;682.00;0
1320;14;626023891;1320;220;2032;2032;7.34;0.45;194.51;3.55;712;14;683.00;0
1323;14;626023902;1323;219;2043;2044;7.42;0.45;194.79;3.53;720;14;684.00;1
1326;14;626023914;1326;217;2044;2044;7.45;0.45;194.66;3.53;718;14;685.00;0
1327;14;626023926;1327;215;2044;2044;7.55;0.46;194.76;3.53;717;14;686.00;0
1328;14;626023940;1328;213;2044;2044;7.65;0.47;194.96;3.53;716;14;687.00;0
1331;14;626023952;1331;210;2044;2044;7.69;0.47;195.15;3.53;713;14;688.00;0
1332;14;626023962;1332;206;2044;2044;7.81;0.48;195.31;3.53;712;14;689.00;0
1333;14;626023975;1333;204;2045;2045;7.90;0.48;195.46;3.52;712;14;690.00;0
1334;14;626023986;1334;200;2045;2045;7.99;0.49;195.56;3.52;711;14;691.00;0
1336;14;626023995;1336;194;2050;2051;8.18;0.50;195.69;3.52;714;14;692.00;1
1340;14;626024006;1340;192;2052;2052;8.33;0.51;196.26;3.52;712;14;693.00;0
1343;14;626024019;1343;188;2052;2052;8.49;0.52;196.58;3.52;709;14;694.00;0
1345;14;626024031;1345;184;2052;2052;8.64;0.53;196.62;3.52;707;14;695.00;0
1349;14;626024041;1349;181;2056;2056;8.76;0.54;196.98;3.51;707;14;696.00;0
1352;14;626024052;1352;174;2056;2056;8.84;0.54;197.00;3.51;704;14;697.00;0
1355;14;626024064;1355;169;2056;2056;8.89;0.55;196.94;3.51;701;14;698.00;0
1360;14;626024074;1360;168;2057;2057;8.94;0.55;197.49;3.51;697;14;699.00;0
1363;14;626024085;1363;161;2061;2061;8.97;0.55;197.71;3.50;698;14;700.00;0
1366;14;626024098;1366;159;2061;2061;9.12;0.56;197.75;3.50;695;14;701.00;0
1373;14;626024108;1373;164;2063;2064;9.19;0.56;197.82;3.50;690;14;702.00;1
1378;14;626024118;1378;152;2064;2064;9.21;0.56;197.74;3.50;686;14;703.00;0
1385;14;626024127;1385;150;2064;2064;9.13;0.56;198.03;3.50;679;14;704.00;0
1389;14;626024137;1389;156;2064;2064;9.19;0.56;198.14;3.50;675;14;705.00;0
1393;14;626024148;1393;153;2067;2068;9.25;0.56;198.31;3.49;674;14;706.00;1
1399;14;626024158;1399;150;2067;2068;9.27;0.57;198.49;3.49;668;14;707.00;1
1407;14;626024167;1407;147;2068;2068;9.36;0.57;198.44;3.49;661;14;708.00;0
1414;14;626024177;1414;146;2068;2068;9.32;0.57;198.51;3.49;654;14;709.00;0
1417;14;626024192;1417;147;2069;2069;9.30;0.57;198.68;3.49;652;14;710.00;0
1423;14;626024202;1423;145;2070;2070;9.34;0.57;198.52;3.49;647;14;711.00;0
1426;14;626024212;1426;145;2070;2070;9.41;0.57;198.62;3.49;644;14;712.00;0
1428;14;626024221;1428;144;2071;2071;9.48;0.58;198.73;3.49;643;14;713.00;0
1431;14;626024231;1431;147;2071;2071;9.50;0.58;199.08;3.49;640;14;714.00;0
1435;14;626024240;1435;149;2071;2071;9.57;0.58;199.22;3.49;636;14;715.00;0
1437;14;626024250;1437;152;2071;2071;9.67;0.59;199.30;3.49;634;14;716.00;0
1439;14;626024260;1439;154;2071;2071;9.75;0.59;199.50;3.49;632;14;717.00;0
1442;14;626024270;1442;151;2071;2071;9.86;0.60;199.66;3.49;629;14;718.00;0
1445;14;626024280;1445;149;2071;2071;9.86;0.60;200.05;3.49;626;14;719.00;0
1448;14;626024290;1448;193;2192;2301;9.79;0.61;200.25;3.30;744;14;720.00;109
1449;14;626024318;1449;187;2201;2302;9.77;0.61;200.16;3.29;752;14;721.00;101
1453;14;626024329;1453;173;2212;2302;9.78;0.61;200.40;3.28;759;14;722.00;90
1457;14;626024339;1457;173;2221;2302;9.74;0.61;200.79;3.28;764;14;723.00;81
1459;14;626024350;1459;174;2227;2302;9.62;0.60;200.97;3.28;768;14;724.00;75
1463;14;626024360;1463;168;2236;2302;9.53;0.59;201.49;3.29;773;14;725.00;66
1466;14;626024371;1466;171;2243;2302;9.43;0.59;201.69;3.30;777;14;726.00;59
1469;14;626024387;1469;169;2250;2302;9.32;0.58;202.08;3.31;781;14;727.00;52
1472;14;626024399;1472;169;2255;2303;9.30;0.58;202.51;3.32;783;14;728.00;48
1474;14;626024411;1474;178;2260;2304;9.28;0.58;202.61;3.33;786;14;729.00;44
1475;14;626024423;1475;180;2263;2304;9.26;0.58;202.64;3.34;788;14;730.00;41
1478;14;626024433;1478;192;2266;2305;9.22;0.58;202.90;3.35;788;14;731.00;39
1484;14;626024447;1484;202;2271;2305;9.12;0.57;202.88;3.36;787;14;732.00;34
1487;14;626024464;1487;203;2275;2305;9.14;0.57;203.00;3.38;788;14;733.00;30
1490;14;626024483;1490;210;2276;2305;9.20;0.57;203.10;3.39;786;14;734.00;29
1495;14;626024495;1495;213;2281;2309;9.18;0.57;203.32;3.40;786;14;735.00;28
1499;14;626024522;1499;210;2281;2309;9.24;0.57;203.37;3.40;782;14;736.00;28
1502;14;626024534;1502;205;2284;2309;9.30;0.57;203.38;3.42;782;14;737.00;25
1508;14;626024546;1508;204;2286;2312;9.28;0.57;204.06;3.42;778;14;738.00;26
1508;14;626024558;1508;206;2288;2312;9.39;0.58;204.06;3.44;780;14;739.00;24
1513;14;626024569;1513;202;2288;2312;9.47;0.58;204.14;3.44;775;14;740.00;24
1517;14;626024581;1517;206;2294;2316;9.53;0.58;204.39;3.45;777;14;741.00;22
1518;14;626024594;1518;205;2298;2317;9.60;0.59;204.27;3.47;780;14;742.00;19
1525;14;626024606;1525;209;2299;2317;9.63;0.59;204.58;3.48;774;14;743.00;18
1526;14;626024618;1526;213;2301;2321;9.78;0.60;204.67;3.48;775;14;744.00;20
1531;14;626024630;1531;211;2303;2321;9.79;0.60;205.01;3.49;772;14;745.00;18
1532;14;626024643;1532;218;2305;2321;9.83;0.60;205.08;3.49;773;14;746.00;16
1537;14;626024660;1537;210;2306;2322;9.90;0.60;205.20;3.49;769;14;747.00;16
1542;14;626024673;1542;210;2307;2322;9.90;0.60;205.40;3.49;765;14;748.00;15
1545;14;626024686;1545;208;2312;2328;9.96;0.61;205.56;3.50;767;14;749.00;16
1547;14;626024701;1547;208;2312;2328;9.98;0.61;205.52;3.50;765;14;750.00;16
1551;14;626024713;1551;209;2313;2329;10.00;0.61;205.62;3.50;762;14;751.00;16
1552;14;626024730;1552;211;2314;2329;10.05;0.61;205.65;3.50;762;14;752.00;15
1556;14;626024742;1556;211;2314;2329;10.05;0.61;205.82;3.50;758;14;753.00;15
1558;14;626024753;1558;210;2314;2329;10.07;0.61;205.90;3.50;756;14;754.00;15
1560;14;626024765;1560;211;2315;2329;10.12;0.62;205.87;3.51;755;14;755.00;14
1563;14;626024776;1563;212;2326;2341;10.16;0.62;205.97;3.49;763;14;756.00;15
1566;14;626024789;1566;213;2327;2341;10.20;0.62;206.06;3.50;761;14;757.00;14
1567;14;626024799;1567;215;2327;2341;10.21;0.62;206.04;3.50;760;14;758.00;14
1568;14;626024810;1568;215;2328;2341;10.25;0.62;206.12;3.50;760;14;759.00;13
1569;14;626024828;1569;215;2328;2341;10.27;0.63;206.23;3.50;759;14;760.00;13
1572;14;626024839;1572;213;2329;2341;10.27;0.63;206.25;3.51;757;14;761.00;12
1574;14;626024850;1574;217;2333;2345;10.23;0.62;206.22;3.50;759;14;762.00;12
1575;14;626024861;1575;214;2333;2345;10.27;0.63;206.21;3.50;758;14;763.00;12
1580;14;626024875;1580;216;2335;2349;10.30;0.63;206.13;3.50;755;14;764.00;14
1581;14;626024891;1581;223;2337;2351;10.29;0.63;206.18;3.50;756;14;765.00;14
1583;14;626024909;1583;222;2339;2351;10.21;0.62;206.18;3.50;756;14;766.00;12
1584;14;626024928;1584;222;2339;2351;10.12;0.62;206.18;3.50;755;14;767.00;12
1588;14;626024945;1588;223;2348;2364;10.03;0.61;206.49;3.49;760;14;768.00;16
1591;14;626024962;1591;224;2348;2364;9.96;0.61;206.42;3.49;757;14;769.00;16
1592;14;626024978;1592;221;2348;2364;9.93;0.60;206.45;3.49;756;14;770.00;16
1594;14;626024991;1594;219;2349;2365;9.97;0.60;206.48;3.48;755;14;771.00;16
1596;14;626025004;1596;212;2349;2366;9.95;0.60;206.39;3.48;753;14;772.00;17
1596;14;626025016;1596;212;2349;2366;9.92;0.60;206.39;3.48;753;14;773.00;17
1597;14;626025027;1597;206;2352;2369;9.88;0.60;206.43;3.50;755;14;774.00;17
1600;14;626025039;1600;208;2352;2369;9.77;0.59;206.74;3.50;752;14;775.00;17
1600;14;626025050;1600;205;2353;2369;9.73;0.59;206.74;3.50;753;14;776.00;16
1603;14;626025061;1603;208;2353;2369;9.71;0.59;206.67;3.50;750;14;777.00;16
1608;14;626025073;1608;215;2357;2375;9.66;0.59;206.66;3.50;749;14;778.00;18
1611;14;626025084;1611;209;2357;2375;9.63;0.58;206.92;3.50;746;14;779.00;18
1616;14;626025096;1616;207;2358;2375;9.53;0.58;207.11;3.50;742;14;780.00;17
1619;14;626025106;1619;202;2358;2375;9.41;0.57;207.42;3.50;739;14;781.00;17
1622;14;626025116;1622;196;2361;2379;9.34;0.57;207.63;3.50;739;14;782.00;18
1624;14;626025127;1624;191;2362;2380;9.40;0.57;207.59;3.49;738;14;783.00;18
1628;14;626025136;1628;186;2362;2380;9.37;0.57;207.65;3.49;734;14;784.00;18
1629;14;626025147;1629;185;2365;2381;9.41;0.57;207.60;3.51;736;14;785.00;16
1630;14;626025157;1630;180;2365;2381;9.47;0.58;207.55;3.51;735;14;786.00;16
1630;14;626025166;1630;175;2365;2381;9.56;0.58;207.55;3.51;735;14;787.00;16
1632;14;626025175;1632;173;2365;2381;9.58;0.58;207.55;3.51;733;14;788.00;16
1634;14;626025185;1634;170;2366;2381;9.57;0.58;207.45;3.53;732;14;789.00;15
1638;14;626025193;1638;167;2366;2381;9.57;0.58;207.25;3.53;728;14;790.00;15
1639;14;626025203;1639;164;2366;2381;9.56;0.58;207.29;3.53;727;14;791.00;15
1640;14;626025212;1640;167;2399;2451;9.63;0.59;207.24;3.52;759;14;792.00;52
1643;14;626025229;1643;168;2399;2452;9.59;0.59;207.19;3.52;756;14;793.00;53
1646;14;626025240;1646;174;2408;2452;9.66;0.59;207.11;3.51;762;14;794.00;44
1646;14;626025252;1646;174;2413;2452;9.68;0.59;207.11;3.54;767;14;795.00;39
1649;14;626025262;1649;178;2419;2452;9.74;0.60;206.90;3.54;770;14;796.00;33
1650;14;626025272;1650;180;2421;2452;9.73;0.60;206.90;3.57;771;14;797.00;31
1651;14;626025282;1651;183;2423;2452;9.79;0.60;206.84;3.57;772;14;798.00;29
1653;14;626025292;1653;185;2424;2452;9.74;0.60;206.67;3.57;771;14;799.00;28
1654;14;626025309;1654;184;2429;2453;9.80;0.60;206.61;3.61;775;14;800.00;24
1659;14;626025324;1659;188;2432;2454;9.79;0.60;206.29;3.61;773;14;801.00;22
1660;14;626025335;1660;192;2434;2454;9.76;0.60;206.30;3.65;774;14;802.00;20
1664;14;626025346;1664;200;2439;2458;9.66;0.59;206.29;3.65;775;14;803.00;19
1664;14;626025357;1664;206;2439;2458;9.57;0.58;206.29;3.65;775;14;804.00;19
1670;14;626025368;1670;211;2442;2458;9.43;0.57;205.95;3.69;772;14;805.00;16
1671;14;626025378;1671;211;2442;2458;9.37;0.57;205.87;3.69;771;14;806.00;16
1672;14;626025388;1672;225;2446;2464;9.31;0.57;205.84;3.72;774;14;807.00;18
1674;14;626025399;1674;232;2448;2464;9.24;0.56;205.78;3.72;774;14;808.00;16
1677;14;626025410;1677;240;2449;2464;9.16;0.56;205.57;3.76;772;14;809.00;15
1680;14;626025421;1680;247;2454;2470;9.08;0.55;205.54;3.78;774;14;810.00;16
1680;14;626025432;1680;255;2455;2470;9.07;0.55;205.54;3.82;775;14;811.00;15
1682;14;626025443;1682;258;2456;2470;9.03;0.55;205.46;3.82;774;14;812.00;14
1683;14;626025454;1683;261;2457;2471;8.93;0.54;205.48;3.82;774;14;813.00;14
1686;14;626025464;1686;266;2460;2472;8.84;0.54;205.35;3.84;774;14;814.00;12
1688;14;626025475;1688;271;2463;2472;8.80;0.54;205.24;3.87;775;14;815.00;9
1690;14;626025485;1690;278;2472;2485;8.77;0.53;205.07;3.86;782;14;816.00;13
1691;14;626025497;1691;283;2474;2485;8.76;0.53;205.08;3.88;783;14;817.00;11
1695;14;626025507;1695;287;2475;2485;8.65;0.53;204.90;3.89;780;14;818.00;10
1695;14;626025517;1695;296;2477;2486;8.57;0.52;204.90;3.89;782;14;819.00;9
1697;14;626025527;1697;302;2479;2486;8.47;0.52;204.90;3.91;782;14;820.00;7
1700;14;626025537;1700;301;2482;2490;8.38;0.51;204.78;3.91;782;14;821.00;8
1701;14;626025548;1701;306;2485;2490;8.31;0.51;204.76;3.93;784;14;822.00;5
1702;15;626025557;1702;310;2489;2494;8.29;0.51;204.71;3.92;787;15;823.00;5
1706;15;626025578;1706;316;2492;2494;8.22;0.50;204.50;3.93;786;15;824.00;2
1708;15;626025589;1708;328;2493;2494;8.13;0.50;204.62;3.93;785;15;825.00;1
1709;15;626025599;1709;331;2494;2494;8.03;0.49;204.58;3.93;785;15;826.00;0
1711;15;626025609;1711;323;2494;2494;7.96;0.49;204.54;3.93;783;15;827.00;0
1713;15;626025624;1713;315;2504;2506;7.95;0.49;204.55;3.91;791;15;828.00;2
1714;15;626025635;1714;303;2505;2506;7.94;0.49;204.49;3.91;791;15;829.00;1
1715;15;626025645;1715;299;2506;2506;7.99;0.49;204.46;3.91;791;15;830.00;0
1716;15;626025655;1716;285;2506;2506;8.07;0.49;204.51;3.91;790;15;831.00;0
1716;15;626025665;1716;285;2506;2506;8.09;0.50;204.51;3.91;790;15;832.00;0
1717;15;626025675;1717;277;2506;2506;8.18;0.50;204.57;3.91;789;15;833.00;0
1720;16;626025685;1720;276;2507;2507;8.18;0.50;204.73;3.91;787;16;834.00;0
1723;16;626025707;1723;274;2507;2507;8.23;0.50;204.82;3.91;784;16;835.00;0
1724;16;626025717;1724;273;2512;2513;8.39;0.51;204.77;3.90;788;16;836.00;1
1725;17;626025728;1725;268;2514;2514;8.51;0.52;204.78;3.90;789;17;837.00;0
1725;17;626025749;1725;270;2514;2514;8.61;0.52;204.78;3.90;789;17;838.00;0
1726;17;626025758;1726;270;2514;2514;8.67;0.53;204.74;3.90;788;17;839.00;0
1726;17;626025770;1726;275;2519;2519;8.68;0.53;204.74;3.89;793;17;840.00;0
1727;17;626025786;1727;279;2519;2519;8.64;0.53;204.81;3.89;792;17;841.00;0
1729;17;626025796;1729;280;2519;2519;8.55;0.52;204.70;3.89;790;17;842.00;0
1730;17;626025807;1730;284;2520;2520;8.49;0.52;204.70;3.89;790;17;843.00;0
1733;17;626025817;1733;287;2524;2524;8.35;0.51;204.77;3.89;791;17;844.00;0
1733;17;626025826;1733;290;2524;2524;8.27;0.50;204.77;3.89;791;17;845.00;0
1737;17;626025836;1737;286;2526;2527;8.21;0.50;205.12;3.88;789;17;846.00;1
1743;17;626025845;1743;283;2527;2527;8.12;0.50;205.23;3.88;784;17;847.00;0
1745;17;626025854;1745;285;2527;2527;8.03;0.49;205.53;3.88;782;17;848.00;0
1749;17;626025864;1749;292;2527;2527;7.90;0.48;205.77;3.88;778;17;849.00;0
1751;17;626025875;1751;281;2530;2531;7.89;0.48;205.87;3.88;779;17;850.00;1
1757;17;626025885;1757;271;2530;2531;7.83;0.48;206.34;3.88;773;17;851.00;1
1759;17;626025894;1759;264;2531;2531;7.87;0.48;206.60;3.88;772;17;852.00;0
1764;17;626025903;1764;253;2531;2531;7.87;0.48;207.00;3.88;767;17;853.00;0
1770;17;626025913;1770;251;2532;2532;7.96;0.49;207.15;3.88;762;17;854.00;0
1775;17;626025923;1775;250;2534;2534;8.07;0.49;207.27;3.88;759;17;855.00;0
1778;17;626025933;1778;248;2534;2534;8.16;0.50;207.62;3.88;756;17;856.00;0
1782;17;626025943;1782;235;2535;2535;8.21;0.50;207.63;3.87;753;17;857.00;0
1786;17;626025953;1786;228;2535;2535;8.29;0.51;207.99;3.87;749;17;858.00;0
1788;17;626025962;1788;220;2535;2535;8.35;0.51;208.08;3.87;747;17;859.00;0
1794;17;626025972;1794;216;2535;2535;8.41;0.51;208.40;3.87;741;17;860.00;0
1798;17;626025982;1798;213;2535;2535;8.48;0.52;208.72;3.87;737;17;861.00;0
1802;17;626025992;1802;205;2535;2535;8.56;0.52;208.84;3.87;733;17;862.00;0
1805;17;626026001;1805;198;2535;2535;8.69;0.53;209.04;3.87;730;17;863.00;0
1810;17;626026011;1810;207;2611;2662;8.96;0.55;209.32;3.76;801;17;864.00;51
1812;17;626026031;1812;200;2616;2663;9.06;0.56;209.17;3.76;804;17;865.00;47
1818;17;626026042;1818;198;2624;2663;9.21;0.57;209.19;3.75;806;17;866.00;39
1820;17;626026053;1820;190;2626;2663;9.35;0.58;209.18;3.75;806;17;867.00;37
1823;17;626026064;1823;187;2631;2663;9.44;0.58;209.36;3.75;808;17;868.00;32
1828;17;626026074;1828;182;2634;2663;9.48;0.58;209.80;3.75;806;17;869.00;29
1831;17;626026087;1831;180;2640;2663;9.49;0.58;210.10;3.76;809;17;870.00;23
1834;17;626026103;1834;183;2642;2663;9.48;0.58;210.35;3.76;808;17;871.00;21
1840;17;626026125;1840;183;2646;2664;9.54;0.59;210.43;3.77;806;17;872.00;18
1842;17;626026137;1842;189;2649;2665;9.54;0.59;210.49;3.77;807;17;873.00;16
1849;17;626026148;1849;195;2652;2665;9.53;0.58;210.67;3.78;803;17;874.00;13
1855;17;626026160;1855;200;2654;2666;9.46;0.58;210.76;3.78;799;17;875.00;12
1856;17;626026173;1856;202;2656;2666;9.47;0.58;210.85;3.79;800;17;876.00;10
1862;17;626026184;1862;206;2657;2666;9.46;0.58;211.10;3.79;795;17;877.00;9
1865;17;626026196;1865;211;2659;2666;9.51;0.58;211.12;3.80;794;17;878.00;7
1870;17;626026207;1870;212;2662;2670;9.52;0.58;211.12;3.80;792;17;879.00;8
1876;17;626026220;1876;213;2664;2670;9.48;0.58;211.34;3.81;788;17;880.00;6
1879;17;626026237;1879;214;2665;2670;9.44;0.58;211.42;3.81;786;17;881.00;5
1884;17;626026250;1884;220;2667;2673;9.42;0.58;211.39;3.81;783;17;882.00;6
1887;17;626026261;1887;219;2668;2673;9.47;0.58;211.53;3.81;781;17;883.00;5
1890;17;626026273;1890;216;2669;2673;9.45;0.58;211.61;3.81;779;17;884.00;4
1894;17;626026284;1894;215;2673;2677;9.51;0.58;211.54;3.81;779;17;885.00;4
1898;17;626026296;1898;214;2675;2678;9.58;0.59;211.55;3.81;777;17;886.00;3
1900;17;626026308;1900;216;2675;2678;9.67;0.60;211.72;3.81;775;17;887.00;3
1905;17;626026324;1905;216;2680;2682;9.72;0.60;211.70;3.80;775;17;888.00;2
1909;17;626026337;1909;213;2680;2682;9.76;0.60;211.92;3.80;771;17;889.00;2
1916;17;626026348;1916;217;2680;2682;9.77;0.60;211.98;3.80;764;17;890.00;2
1919;17;626026359;1919;217;2681;2683;9.76;0.60;212.15;3.80;762;17;891.00;2
1922;17;626026371;1922;221;2681;2683;9.68;0.59;212.46;3.80;759;17;892.00;2
1925;17;626026382;1925;230;2686;2689;9.51;0.58;212.81;3.80;761;17;893.00;3
1930;17;626026399;1930;231;2686;2689;9.37;0.57;212.64;3.80;756;17;894.00;3
1933;17;626026410;1933;237;2688;2690;9.25;0.56;212.82;3.80;755;17;895.00;2
1936;17;626026421;1936;240;2688;2690;9.11;0.56;213.15;3.80;752;17;896.00;2
1943;17;626026432;1943;234;2688;2690;9.03;0.55;213.14;3.80;745;17;897.00;2
1944;17;626026444;1944;234;2688;2690;8.99;0.55;213.16;3.80;744;17;898.00;2
1947;17;626026460;1947;228;2688;2690;9.02;0.55;213.53;3.80;741;17;899.00;2
1949;17;626026474;1949;237;2714;2736;8.96;0.55;213.64;3.76;765;17;900.00;22
1956;18;626026492;1956;230;2715;2736;8.98;0.55;214.06;3.76;759;18;901.00;21
1959;18;626026516;1959;228;2717;2736;9.09;0.56;214.22;3.76;758;18;902.00;19
1962;18;626026527;1962;233;2718;2736;9.09;0.56;214.30;3.76;756;18;903.00;18
1964;18;626026538;1964;227;2719;2736;9.10;0.56;214.33;3.76;755;18;904.00;17
1967;18;626026550;1967;224;2719;2736;9.12;0.56;214.54;3.76;752;18;905.00;17
1972;18;626026561;1972;217;2726;2740;9.03;0.56;214.63;3.77;754;18;906.00;14
1974;18;626026573;1974;205;2727;2740;9.03;0.55;214.70;3.77;753;18;907.00;13
1979;18;626026584;1979;193;2730;2744;9.09;0.56;214.77;3.77;751;18;908.00;14
1981;18;626026605;1981;188;2732;2745;9.12;0.56;214.83;3.77;751;18;909.00;13
1985;18;626026619;1985;186;2733;2745;9.08;0.56;215.06;3.77;748;18;910.00;12
1990;18;626026630;1990;181;2733;2745;9.14;0.56;215.21;3.77;743;18;911.00;12
1994;18;626026641;1994;176;2742;2758;9.23;0.56;215.18;3.76;748;18;912.00;16
1997;18;626026652;1997;180;2742;2758;9.29;0.57;215.35;3.76;745;18;913.00;16
2000;18;626026663;2000;182;2742;2758;9.36;0.57;215.44;3.76;742;18;914.00;16
2002;18;626026674;2002;185;2744;2759;9.32;0.57;215.57;3.76;742;18;915.00;15
2004;18;626026685;2004;184;2746;2760;9.28;0.57;215.73;3.77;742;18;916.00;14
2007;18;626026695;2007;181;2746;2760;9.32;0.57;216.03;3.77;739;18;917.00;14
2008;18;626026706;2008;177;2748;2763;9.35;0.57;216.02;3.76;740;18;918.00;15
2012;18;626026716;2012;177;2748;2763;9.41;0.57;216.08;3.76;736;18;919.00;15
2015;18;626026727;2015;174;2748;2763;9.47;0.58;216.02;3.76;733;18;920.00;15
2020;18;626026737;2020;171;2749;2763;9.45;0.58;215.96;3.77;729;18;921.00;14
2023;18;626026753;2023;164;2755;2769;9.37;0.57;216.21;3.79;732;18;922.00;14
2027;18;626026764;2027;164;2755;2769;9.39;0.57;216.05;3.79;728;18;923.00;14
2028;18;626026774;2028;158;2755;2769;9.43;0.57;216.08;3.79;727;18;924.00;14
2029;18;626026784;2029;155;2755;2769;9.48;0.58;216.07;3.79;726;18;925.00;14
2030;18;626026794;2030;158;2759;2773;9.43;0.57;216.00;3.79;729;18;926.00;14
2031;19;626026804;2031;158;2763;2774;9.41;0.57;215.99;3.81;732;19;927.00;11
2035;19;626026824;2035;166;2763;2774;9.36;0.57;216.08;3.81;728;19;928.00;11
2036;19;626026834;2036;169;2764;2775;9.40;0.57;216.01;3.81;728;19;929.00;11
2037;19;626026851;2037;177;2766;2775;9.47;0.58;216.00;3.82;729;19;930.00;9
2038;19;626026861;2038;183;2766;2775;9.46;0.58;215.95;3.82;728;19;931.00;9
2038;19;626026870;2038;185;2767;2775;9.45;0.58;215.95;3.83;729;19;932.00;8
2040;19;626026883;2040;189;2768;2775;9.40;0.57;216.02;3.83;728;19;933.00;7
2043;19;626026899;2043;198;2768;2775;9.33;0.57;216.15;3.83;725;19;934.00;7
2043;19;626026916;2043;206;2769;2775;9.26;0.56;216.15;3.83;726;19;935.00;6
2046;19;626026934;2046;219;2804;2845;9.11;0.56;216.27;3.79;758;19;936.00;41
2050;19;626026956;2050;220;2809;2846;9.01;0.55;216.26;3.80;759;19;937.00;37
2054;19;626026972;2054;215;2814;2846;9.01;0.55;216.41;3.81;760;19;938.00;32
2054;19;626026985;2054;215;2817;2846;9.09;0.55;216.41;3.81;763;19;939.00;29
2054;19;626026997;2054;215;2820;2846;9.15;0.56;216.41;3.81;766;19;940.00;26
2055;19;626027007;2055;216;2822;2846;9.20;0.56;216.38;3.81;767;19;941.00;24
2055;19;626027018;2055;216;2827;2846;9.31;0.57;216.38;3.82;772;19;942.00;19
2057;19;626027028;2057;212;2829;2846;9.32;0.57;216.33;3.82;772;19;943.00;17
2057;19;626027039;2057;208;2834;2847;9.36;0.57;216.33;3.84;777;19;944.00;13
2059;19;626027050;2059;208;2840;2849;9.35;0.57;216.24;3.85;781;19;945.00;9
2060;19;626027061;2060;203;2841;2849;9.37;0.57;216.24;3.84;781;19;946.00;8
2063;19;626027072;2063;201;2845;2853;9.41;0.58;216.23;3.84;782;19;947.00;8
2066;19;626027082;2066;196;2845;2853;9.42;0.58;216.34;3.84;779;19;948.00;8
2070;19;626027093;2070;198;2845;2853;9.35;0.57;216.42;3.84;775;19;949.00;8
2075;19;626027103;2075;196;2845;2853;9.20;0.56;216.80;3.84;770;19;950.00;8
2077;19;626027114;2077;196;2848;2859;9.06;0.55;216.73;3.84;771;19;951.00;11
2080;19;626027125;2080;189;2849;2859;8.96;0.55;216.76;3.84;769;19;952.00;10
2084;19;626027134;2084;192;2850;2859;8.88;0.54;216.62;3.85;766;19;953.00;9
2088;19;626027144;2088;190;2852;2862;8.87;0.54;216.65;3.84;764;19;954.00;10
2092;19;626027154;2092;191;2855;2862;8.86;0.54;216.63;3.85;763;19;955.00;7
2098;19;626027163;2098;188;2855;2862;8.80;0.53;216.79;3.85;757;19;956.00;7
2101;19;626027174;2101;192;2855;2863;8.73;0.53;216.71;3.85;754;19;957.00;8
2105;19;626027184;2105;193;2856;2864;8.68;0.53;216.68;3.85;751;19;958.00;8
2108;19;626027194;2108;198;2856;2864;8.66;0.53;216.54;3.85;748;19;959.00;8
2110;19;626027206;2110;195;2873;2890;8.65;0.53;216.63;3.83;763;19;960.00;17
2113;19;626027218;2113;191;2874;2890;8.68;0.53;216.46;3.83;761;19;961.00;16
2113;19;626027227;2113;192;2876;2890;8.73;0.53;216.46;3.83;763;19;962.00;14
2115;19;626027236;2115;196;2877;2891;8.75;0.53;216.32;3.82;762;19;963.00;14
2116;19;626027246;2116;199;2877;2891;8.78;0.54;216.25;3.82;761;19;964.00;14
2117;19;626027257;2117;199;2879;2895;8.86;0.54;216.16;3.82;762;19;965.00;16
2119;19;626027268;2119;200;2879;2895;8.92;0.55;216.02;3.82;760;19;966.00;16
2122;20;626027277;2122;205;2883;2899;8.98;0.55;215.96;3.82;761;20;967.00;16
2125;20;626027304;2125;205;2883;2899;8.96;0.55;215.85;3.82;758;20;968.00;16
2128;20;626027314;2128;209;2883;2899;8.94;0.54;215.78;3.82;755;20;969.00;16
2130;20;626027330;2130;215;2886;2899;8.99;0.55;215.78;3.85;756;20;970.00;13
2131;20;626027340;2131;216;2886;2899;8.95;0.54;215.75;3.85;755;20;971.00;13
2133;20;626027349;2133;217;2898;2911;8.94;0.55;216.08;3.85;765;20;972.00;13
2134;21;626027359;2134;219;2898;2911;8.93;0.55;216.09;3.85;764;21;973.00;13
2135;21;626027380;2135;223;2899;2911;8.91;0.54;216.00;3.85;764;21;974.00;12
2135;21;626027390;2135;228;2900;2911;8.87;0.54;216.00;3.85;765;21;975.00;11
2136;21;626027399;2136;229;2900;2911;8.91;0.55;216.02;3.85;764;21;976.00;11
2138;21;626027410;2138;241;2900;2911;8.92;0.55;215.96;3.85;762;21;977.00;11
2141;21;626027421;2141;246;2901;2912;8.93;0.54;215.87;3.86;760;21;978.00;11
2142;21;626027431;2142;235;2902;2912;8.87;0.54;215.85;3.86;760;21;979.00;10
2145;21;626027441;2145;234;2907;2918;8.89;0.54;215.91;3.87;762;21;980.00;11
2145;21;626027452;2145;230;2909;2919;8.91;0.54;215.91;3.88;764;21;981.00;10
2149;21;626027468;2149;231;2910;2919;8.94;0.54;215.99;3.88;761;21;982.00;9
2152;21;626027479;2152;225;2912;2919;8.97;0.55;216.00;3.90;760;21;983.00;7
2153;21;626027489;2153;222;2915;2923;9.01;0.55;215.99;3.90;762;21;984.00;8
2154;21;626027499;2154;220;2916;2923;9.08;0.55;215.99;3.91;762;21;985.00;7
2158;21;626027515;2158;216;2917;2923;9.13;0.55;215.82;3.91;759;21;986.00;6
2160;22;626027526;2160;219;2919;2924;9.20;0.56;215.79;3.92;759;22;987.00;5
2161;22;626027548;2161;220;2922;2928;9.21;0.56;215.82;3.92;761;22;988.00;6
2162;22;626027559;2162;216;2924;2928;9.25;0.56;215.73;3.93;762;22;989.00;4
2164;22;626027571;2164;220;2928;2934;9.27;0.57;215.60;3.93;764;22;990.00;6
2164;22;626027581;2164;215;2930;2934;9.28;0.57;215.60;3.93;766;22;991.00;4
2166;22;626027591;2166;217;2930;2934;9.22;0.56;215.55;3.93;764;22;992.00;4
2167;22;626027602;2167;220;2933;2934;9.15;0.56;215.53;3.94;766;22;993.00;1
2167;22;626027617;2167;225;2936;2938;9.16;0.56;215.53;3.93;769;22;994.00;2
2168;22;626027627;2168;225;2936;2938;9.17;0.56;215.53;3.93;768;22;995.00;2
2169;22;626027637;2169;228;2937;2938;9.11;0.56;215.61;3.93;768;22;996.00;1
2173;22;626027647;2173;230;2937;2938;9.02;0.55;215.65;3.93;764;22;997.00;1
2173;22;626027656;2173;231;2939;2939;8.91;0.54;215.65;3.93;766;22;998.00;0
2173;22;626027665;2173;225;2940;2940;8.86;0.54;215.65;3.93;767;22;999.00;0
2178;22;626027675;2178;225;2940;2940;8.76;0.53;215.80;3.93;762;22;1000.00;0
2179;22;626027689;2179;224;2941;2941;8.69;0.53;215.72;3.93;762;22;1001.00;0
2180;22;626027699;2180;226;2941;2941;8.61;0.53;215.65;3.93;761;22;1002.00;0
2181;22;626027708;2181;225;2941;2941;8.65;0.53;215.63;3.93;760;22;1003.00;0
2183;22;626027717;2183;222;2941;2941;8.69;0.53;215.83;3.93;758;22;1004.00;0
2187;22;626027726;2187;222;2941;2941;8.70;0.53;215.76;3.93;754;22;1005.00;0
2188;22;626027735;2188;222;2941;2941;8.73;0.53;215.87;3.93;753;22;1006.00;0
2193;22;626027744;2193;220;2941;2941;8.72;0.53;216.01;3.93;748;22;1007.00;0
2195;22;626027753;2195;245;3015;3068;8.79;0.54;216.01;3.84;820;22;1008.00;53
2197;22;626027773;2197;239;3018;3069;8.79;0.54;216.30;3.83;821;22;1009.00;51
2200;22;626027783;2200;232;3024;3069;8.80;0.54;216.50;3.83;824;22;1010.00;45
2203;22;626027799;2203;234;3031;3069;8.80;0.54;216.45;3.83;828;22;1011.00;38
2208;22;626027808;2208;234;3037;3069;8.77;0.54;216.76;3.83;829;22;1012.00;32
2213;22;626027818;2213;236;3038;3069;8.65;0.53;217.01;3.83;825;22;1013.00;31
2216;23;626027828;2216;241;3044;3069;8.62;0.53;216.92;3.83;828;23;1014.00;25
2222;23;626027853;2222;241;3044;3069;8.53;0.52;217.08;3.83;822;23;1015.00;25
2225;23;626027863;2225;246;3047;3070;8.47;0.52;217.30;3.84;822;23;1016.00;23
2232;23;626027874;2232;247;3050;3071;8.42;0.52;217.27;3.84;818;23;1017.00;21
2237;23;626027884;2237;249;3052;3071;8.26;0.51;217.49;3.85;815;23;1018.00;19
2241;23;626027894;2241;256;3055;3072;8.12;0.50;217.73;3.85;814;23;1019.00;17
2245;23;626027906;2245;247;3059;3072;7.99;0.49;218.02;3.86;814;23;1020.00;13
2248;23;626027916;2248;248;3061;3072;7.97;0.49;218.11;3.87;813;23;1021.00;11
2250;23;626027926;2250;244;3064;3072;7.91;0.49;218.28;3.88;814;23;1022.00;8
2253;23;626027936;2253;244;3068;3076;7.96;0.49;218.53;3.88;815;23;1023.00;8
2258;23;626027947;2258;245;3070;3076;8.06;0.49;218.68;3.89;812;23;1024.00;6
2264;23;626027957;2264;243;3071;3076;8.08;0.49;219.10;3.89;807;23;1025.00;5
2265;23;626027969;2265;242;3074;3079;8.18;0.50;219.20;3.89;809;23;1026.00;5
2268;23;626027985;2268;240;3076;3079;8.21;0.50;219.42;3.90;808;23;1027.00;3
2271;23;626027996;2271;229;3078;3079;8.31;0.51;219.49;3.90;807;23;1028.00;1
2278;23;626028006;2278;222;3082;3083;8.31;0.51;219.52;3.90;804;23;1029.00;1
2284;23;626028018;2284;220;3084;3084;8.38;0.51;219.85;3.90;800;23;1030.00;0
2287;23;626028029;2287;219;3084;3084;8.48;0.52;220.01;3.90;797;23;1031.00;0
2289;23;626028040;2289;216;3088;3088;8.62;0.53;220.24;3.89;799;23;1032.00;0
2293;23;626028051;2293;217;3088;3088;8.65;0.53;220.43;3.89;795;23;1033.00;0
2298;23;626028062;2298;212;3088;3088;8.67;0.53;220.54;3.89;790;23;1034.00;0
2300;23;626028073;2300;211;3090;3090;8.76;0.53;220.65;3.89;790;23;1035.00;0
2304;23;626028085;2304;211;3090;3090;8.80;0.54;220.82;3.89;786;23;1036.00;0
2308;23;626028097;2308;208;3095;3096;8.91;0.54;220.87;3.88;787;23;1037.00;1
2312;23;626028108;2312;213;3095;3096;8.95;0.55;221.16;3.88;783;23;1038.00;1
2317;23;626028119;2317;209;3097;3097;9.02;0.55;221.20;3.88;780;23;1039.00;0
2319;23;626028130;2319;217;3097;3097;9.09;0.56;221.39;3.88;778;23;1040.00;0
2325;23;626028147;2325;211;3097;3097;9.12;0.56;221.61;3.88;772;23;1041.00;0
2331;23;626028164;2331;211;3097;3097;9.18;0.56;221.75;3.88;766;23;1042.00;0
2334;23;626028175;2334;209;3097;3097;9.25;0.57;221.87;3.88;763;23;1043.00;0
2339;23;626028191;2339;200;3107;3109;9.45;0.58;221.81;3.87;768;23;1044.00;2
2346;23;626028204;2346;188;3107;3109;9.51;0.58;221.84;3.87;761;23;1045.00;2
2348;23;626028220;2348;187;3109;3109;9.63;0.59;221.89;3.87;761;23;1046.00;0
2351;23;626028235;2351;183;3109;3109;9.75;0.60;222.18;3.87;758;23;1047.00;0
2360;23;626028252;2360;183;3109;3109;9.75;0.60;222.45;3.87;749;23;1048.00;0
2363;23;626028265;2363;180;3109;3109;9.78;0.60;222.86;3.87;746;23;1049.00;0
2366;23;626028277;2366;179;3115;3115;9.83;0.60;222.99;3.86;749;23;1050.00;0
2370;23;626028289;2370;177;3115;3115;9.89;0.60;223.27;3.86;745;23;1051.00;0
2375;23;626028300;2375;177;3118;3119;9.97;0.61;223.26;3.86;743;23;1052.00;1
2378;23;626028312;2378;178;3120;3120;9.97;0.61;223.34;3.86;742;23;1053.00;0
2382;23;626028323;2382;181;3120;3120;9.97;0.61;223.34;3.86;738;23;1054.00;0
2385;23;626028335;2385;180;3120;3120;10.00;0.61;223.37;3.86;735;23;1055.00;0
2391;23;626028346;2391;183;3133;3133;10.02;0.61;223.50;3.84;742;23;1056.00;0
2395;23;626028358;2395;180;3133;3133;10.04;0.61;223.64;3.84;738;23;1057.00;0
2401;23;626028369;2401;177;3133;3133;10.01;0.61;223.82;3.84;732;23;1058.00;0
2409;23;626028379;2409;179;3134;3134;9.93;0.61;223.87;3.84;725;23;1059.00;0
2415;23;626028392;2415;180;3135;3135;9.93;0.61;223.94;3.84;720;23;1060.00;0
2419;23;626028406;2419;182;3135;3135;9.85;0.60;224.02;3.84;716;23;1061.00;0
2422;23;626028417;2422;189;3137;3138;9.77;0.60;224.19;3.84;715;23;1062.00;1
2428;23;626028429;2428;197;3137;3138;9.69;0.59;224.12;3.84;709;23;1063.00;1
2431;23;626028439;2431;203;3138;3138;9.61;0.58;224.22;3.84;707;23;1064.00;0
2435;23;626028449;2435;211;3138;3138;9.54;0.58;224.42;3.84;703;23;1065.00;0
2437;23;626028460;2437;217;3143;3144;9.45;0.57;224.39;3.83;706;23;1066.00;1
2443;23;626028471;2443;209;3143;3144;9.32;0.57;224.56;3.83;700;23;1067.00;1
2447;23;626028481;2447;208;3144;3144;9.26;0.56;224.73;3.83;697;23;1068.00;0
2448;23;626028492;2448;211;3144;3144;9.22;0.56;224.75;3.83;696;23;1069.00;0
2454;23;626028502;2454;216;3148;3148;9.22;0.56;224.79;3.83;694;23;1070.00;0
2456;23;626028513;2456;214;3149;3149;9.22;0.56;224.81;3.83;693;23;1071.00;0
2457;23;626028525;2457;215;3149;3149;9.24;0.56;224.79;3.83;692;23;1072.00;0
2461;23;626028535;2461;211;3150;3150;9.24;0.56;225.05;3.83;689;23;1073.00;0
2463;23;626028547;2463;216;3150;3150;9.25;0.56;225.08;3.83;687;23;1074.00;0
2465;23;626028563;2465;220;3150;3150;9.27;0.56;225.08;3.83;685;23;1075.00;0
2467;23;626028573;2467;210;3150;3150;9.36;0.57;225.18;3.83;683;23;1076.00;0
2468;23;626028584;2468;200;3150;3150;9.44;0.57;225.15;3.83;682;23;1077.00;0
2470;23;626028594;2470;197;3150;3150;9.52;0.58;225.26;3.83;680;23;1078.00;0
2471;23;626028606;2471;185;3150;3150;9.55;0.58;225.31;3.83;679;23;1079.00;0
2474;23;626028623;2474;202;3223;3275;9.39;0.58;225.25;3.74;749;23;1080.00;52
2476;23;626028644;2476;193;3227;3276;9.34;0.57;225.36;3.74;751;23;1081.00;49
2477;23;626028655;2477;180;3234;3276;9.40;0.58;225.34;3.73;757;23;1082.00;42
2481;25;626028665;2481;174;3242;3276;9.34;0.57;225.32;3.73;761;25;1083.00;34
2485;25;626028692;2485;172;3245;3276;9.34;0.57;225.43;3.73;760;25;1084.00;31
2487;25;626028703;2487;171;3249;3276;9.32;0.57;225.41;3.73;762;25;1085.00;27
2490;25;626028713;2490;175;3253;3276;9.33;0.57;225.40;3.74;763;25;1086.00;23
2491;25;626028725;2491;174;3254;3276;9.27;0.57;225.36;3.74;763;25;1087.00;22
2491;25;626028735;2491;175;3261;3277;9.23;0.57;225.36;3.75;770;25;1088.00;16
2492;25;626028746;2492;180;3264;3278;9.17;0.57;225.41;3.75;772;25;1089.00;14
2495;25;626028756;2495;174;3265;3278;9.07;0.56;225.41;3.75;770;25;1090.00;13
2496;25;626028774;2496;178;3269;3282;8.91;0.55;225.44;3.75;773;25;1091.00;13
2500;25;626028785;2500;181;3271;3282;8.81;0.54;225.33;3.75;771;25;1092.00;11
2502;25;626028799;2502;188;3272;3282;8.78;0.54;225.37;3.75;770;25;1093.00;10
2504;25;626028811;2504;190;3272;3282;8.86;0.55;225.40;3.75;768;25;1094.00;10
2507;25;626028821;2507;195;3276;3288;8.85;0.55;225.34;3.75;769;25;1095.00;12
2510;25;626028833;2510;197;3277;3288;8.83;0.54;225.33;3.76;767;25;1096.00;11
2513;25;626028844;2513;205;3277;3288;8.84;0.54;225.20;3.76;764;25;1097.00;11
2515;25;626028860;2515;213;3279;3291;8.81;0.54;225.29;3.76;764;25;1098.00;12
2517;25;626028880;2517;214;3280;3291;8.82;0.54;225.28;3.76;763;25;1099.00;11
2517;25;626028896;2517;215;3281;3291;8.80;0.54;225.28;3.76;764;25;1100.00;10
2519;25;626028919;2519;222;3282;3292;8.81;0.54;225.22;3.76;763;25;1101.00;10
2519;25;626028937;2519;232;3284;3293;8.82;0.54;225.22;3.75;765;25;1102.00;9
2521;25;626028951;2521;237;3285;3293;8.79;0.54;225.15;3.76;764;25;1103.00;8
2523;25;626028966;2523;242;3294;3306;8.72;0.54;225.10;3.75;771;25;1104.00;12
2526;25;626028982;2526;241;3295;3306;8.68;0.53;224.97;3.75;769;25;1105.00;11
2527;25;626028993;2527;246;3296;3306;8.68;0.53;224.92;3.76;769;25;1106.00;10
2533;25;626029010;2533;254;3297;3307;8.57;0.53;224.88;3.76;764;25;1107.00;10
2535;25;626029028;2535;256;3298;3307;8.55;0.52;224.75;3.76;763;25;1108.00;9
2536;25;626029039;2536;262;3301;3311;8.53;0.52;224.73;3.76;765;25;1109.00;10
2538;25;626029052;2538;258;3303;3311;8.47;0.52;224.71;3.77;765;25;1110.00;8
2540;25;626029062;2540;260;3306;3315;8.41;0.52;224.67;3.76;766;25;1111.00;9
2542;25;626029072;2542;255;3306;3315;8.43;0.52;224.64;3.76;764;25;1112.00;9
2545;25;626029083;2545;256;3306;3315;8.41;0.52;224.64;3.76;761;25;1113.00;9
2546;25;626029094;2546;249;3307;3315;8.45;0.52;224.64;3.77;761;25;1114.00;8
2548;25;626029104;2548;250;3307;3315;8.44;0.52;224.63;3.77;759;25;1115.00;8
2549;25;626029114;2549;244;3316;3327;8.44;0.52;224.60;3.76;767;25;1116.00;11
2550;25;626029124;2550;237;3317;3327;8.44;0.52;224.57;3.77;767;25;1117.00;10
2553;25;626029133;2553;240;3319;3327;8.44;0.52;224.48;3.77;766;25;1118.00;8
2557;25;626029143;2557;242;3319;3327;8.40;0.51;224.33;3.77;762;25;1119.00;8
2560;25;626029152;2560;239;3319;3327;8.22;0.50;224.26;3.77;759;25;1120.00;8
2561;25;626029161;2561;235;3319;3327;8.12;0.50;224.22;3.77;758;25;1121.00;8
2565;25;626029171;2565;238;3319;3328;8.00;0.49;224.46;3.77;754;25;1122.00;9
2568;25;626029180;2568;234;3320;3328;7.98;0.49;224.48;3.78;752;25;1123.00;8
2571;25;626029189;2571;229;3324;3334;7.97;0.49;224.43;3.77;753;25;1124.00;10
2574;25;626029199;2574;230;3328;3336;7.99;0.49;224.35;3.79;754;25;1125.00;8
2577;25;626029209;2577;235;3329;3336;7.98;0.49;224.35;3.79;752;25;1126.00;7
2577;25;626029217;2577;230;3329;3336;8.01;0.49;224.35;3.79;752;25;1127.00;7
2577;25;626029226;2577;229;3332;3340;8.05;0.49;224.35;3.79;755;25;1128.00;8
2578;25;626029236;2578;228;3332;3340;8.10;0.49;224.36;3.79;754;25;1129.00;8
2579;25;626029245;2579;229;3332;3340;8.10;0.49;224.36;3.79;753;25;1130.00;8
2581;25;626029254;2581;215;3333;3341;8.18;0.50;224.27;3.78;752;25;1131.00;8
2583;25;626029264;2583;207;3336;3345;8.27;0.50;224.18;3.78;753;25;1132.00;9
2584;25;626029274;2584;200;3336;3345;8.37;0.51;224.23;3.78;752;25;1133.00;9
2587;25;626029283;2587;197;3338;3348;8.54;0.52;224.12;3.78;751;25;1134.00;10
2588;25;626029293;2588;188;3339;3348;8.73;0.53;224.06;3.78;751;25;1135.00;9
2588;25;626029302;2588;180;3339;3348;8.92;0.54;224.06;3.78;751;25;1136.00;9
2590;25;626029313;2590;173;3339;3348;9.02;0.55;224.05;3.78;749;25;1137.00;9
2591;25;626029323;2591;166;3342;3352;9.23;0.56;223.97;3.78;751;25;1138.00;10
2595;25;626029340;2595;169;3342;3352;9.35;0.57;223.77;3.78;747;25;1139.00;10
2595;25;626029352;2595;166;3343;3352;9.48;0.57;223.77;3.78;748;25;1140.00;9
2596;25;626029362;2596;162;3343;3352;9.52;0.58;223.73;3.78;747;25;1141.00;9
2596;25;626029373;2596;159;3343;3353;9.60;0.58;223.73;3.78;747;25;1142.00;10
2598;25;626029383;2598;154;3344;3354;9.62;0.58;223.61;3.78;746;25;1143.00;10
2599;25;626029402;2599;154;3344;3354;9.65;0.59;223.85;3.78;745;25;1144.00;10
2600;25;626029413;2600;155;3345;3355;9.73;0.59;223.81;3.77;745;25;1145.00;10
2602;25;626029424;2602;157;3345;3355;9.73;0.59;223.69;3.77;743;25;1146.00;10
2604;25;626029435;2604;159;3345;3355;9.80;0.59;223.70;3.77;741;25;1147.00;10
2604;25;626029445;2604;167;3345;3355;9.78;0.59;223.70;3.77;741;25;1148.00;10
2606;25;626029456;2606;164;3345;3355;9.79;0.59;223.69;3.77;739;25;1149.00;10
2608;25;626029466;2608;162;3347;3355;9.78;0.59;223.78;3.81;739;25;1150.00;8
2609;25;626029477;2609;159;3347;3355;9.88;0.60;223.75;3.81;738;25;1151.00;8
2611;25;626029487;2611;181;3414;3482;9.89;0.61;223.86;3.73;803;25;1152.00;68
2613;25;626029508;2613;173;3420;3483;9.85;0.61;224.06;3.75;807;25;1153.00;63
2614;25;626029519;2614;170;3428;3483;9.95;0.61;224.05;3.75;814;25;1154.00;55
2616;25;626029531;2616;167;3433;3483;9.98;0.61;224.17;3.76;817;25;1155.00;50
2620;25;626029542;2620;168;3441;3483;10.00;0.62;224.22;3.77;821;25;1156.00;42
2624;25;626029553;2624;173;3447;3483;9.95;0.61;224.34;3.78;823;25;1157.00;36
2624;25;626029564;2624;173;3452;3483;9.95;0.61;224.34;3.78;828;25;1158.00;31
2626;25;626029574;2626;175;3457;3483;9.93;0.61;224.29;3.80;831;25;1159.00;26
2628;25;626029585;2628;175;3460;3484;9.93;0.61;224.46;3.81;832;25;1160.00;24
2631;25;626029597;2631;178;3465;3485;9.94;0.61;224.63;3.82;834;25;1161.00;20
2634;25;626029615;2634;183;3468;3485;9.91;0.61;224.74;3.82;834;25;1162.00;17
2636;25;626029625;2636;189;3471;3486;9.83;0.60;224.95;3.83;835;25;1163.00;15
2639;25;626029643;2639;198;3472;3486;9.74;0.60;225.21;3.83;833;25;1164.00;14
2643;25;626029654;2643;205;3476;3486;9.60;0.59;225.09;3.84;833;25;1165.00;10
2648;25;626029665;2648;211;3477;3486;9.41;0.58;225.23;3.84;829;25;1166.00;9
2652;25;626029676;2652;216;3482;3490;9.28;0.57;225.63;3.85;830;25;1167.00;8
2654;25;626029688;2654;222;3484;3490;9.14;0.56;225.73;3.86;830;25;1168.00;6
2657;25;626029699;2657;227;3485;3490;8.92;0.55;226.01;3.86;828;25;1169.00;5
2660;25;626029711;2660;231;3489;3496;8.87;0.54;226.12;3.86;829;25;1170.00;7
2662;25;626029723;2662;235;3490;3496;8.75;0.53;226.29;3.86;828;25;1171.00;6
2666;25;626029734;2666;246;3491;3496;8.67;0.53;226.39;3.87;825;25;1172.00;5
2668;25;626029745;2668;245;3495;3500;8.68;0.53;226.48;3.86;827;25;1173.00;5
2670;25;626029757;2670;248;3497;3501;8.70;0.53;226.63;3.86;827;25;1174.00;4
2672;25;626029769;2672;241;3497;3501;8.72;0.53;226.82;3.86;825;25;1175.00;4
2676;25;626029779;2676;238;3502;3505;8.77;0.54;226.84;3.86;826;25;1176.00;3
2680;25;626029790;2680;239;3502;3505;8.79;0.54;227.02;3.86;822;25;1177.00;3
2683;25;626029801;2683;241;3503;3505;8.85;0.54;227.04;3.86;820;25;1178.00;2
2685;25;626029813;2685;245;3505;3506;8.89;0.54;227.13;3.86;820;25;1179.00;1
2686;25;626029824;2686;240;3505;3506;8.86;0.54;227.22;3.86;819;25;1180.00;1
2689;25;626029836;2689;243;3510;3512;8.82;0.54;227.13;3.86;821;25;1181.00;2
2696;25;626029847;2696;245;3510;3512;8.69;0.53;227.26;3.86;814;25;1182.00;2
2699;26;626029858;2699;249;3512;3513;8.61;0.52;227.28;3.86;813;26;1183.00;1
2702;26;626029880;2702;256;3512;3513;8.57;0.52;227.38;3.86;810;26;1184.00;1
2704;26;626029892;2704;259;3513;3513;8.50;0.52;227.40;3.86;809;26;1185.00;0
2707;26;626029914;2707;261;3513;3513;8.39;0.51;227.64;3.86;806;26;1186.00;0
2712;26;626029925;2712;260;3513;3513;8.26;0.50;227.75;3.86;801;26;1187.00;0
2718;26;626029935;2718;259;3523;3525;8.20;0.50;227.78;3.85;805;26;1188.00;2
2722;26;626029951;2722;266;3523;3525;8.07;0.49;227.82;3.85;801;26;1189.00;2
2726;26;626029960;2726;255;3525;3525;8.02;0.49;227.88;3.85;799;26;1190.00;0
2728;26;626029971;2728;244;3525;3525;8.05;0.49;227.97;3.85;797;26;1191.00;0
2732;26;626029980;2732;236;3525;3525;8.08;0.49;228.14;3.85;793;26;1192.00;0
2737;26;626029990;2737;233;3525;3525;8.08;0.49;228.32;3.85;788;26;1193.00;0
2738;26;626030000;2738;234;3529;3529;8.10;0.50;228.38;3.85;791;26;1194.00;0
2742;26;626030010;2742;227;3529;3529;8.18;0.50;228.57;3.85;787;26;1195.00;0
2746;26;626030020;2746;233;3532;3533;8.27;0.51;228.67;3.84;786;26;1196.00;1
2749;26;626030034;2749;224;3533;3534;8.33;0.51;228.71;3.84;784;26;1197.00;1
2753;26;626030045;2753;217;3534;3534;8.40;0.51;228.88;3.84;781;26;1198.00;0
2758;26;626030056;2758;214;3534;3534;8.42;0.51;229.05;3.84;776;26;1199.00;0
2759;26;626030069;2759;218;3557;3575;8.42;0.51;228.98;3.82;798;26;1200.00;18
2765;26;626030088;2765;209;3559;3575;8.43;0.52;229.13;3.82;794;26;1201.00;16
2769;26;626030099;2769;195;3562;3575;8.46;0.52;229.28;3.81;793;26;1202.00;13
2772;26;626030109;2772;195;3565;3576;8.52;0.52;229.31;3.81;793;26;1203.00;11
2775;26;626030120;2775;195;3568;3577;8.59;0.53;229.47;3.81;793;26;1204.00;9
2780;26;626030131;2780;200;3570;3577;8.67;0.53;229.36;3.81;790;26;1205.00;7
2784;26;626030141;2784;199;3572;3580;8.78;0.54;229.43;3.81;788;26;1206.00;8
2790;26;626030152;2790;201;3573;3580;8.83;0.54;229.51;3.81;783;26;1207.00;7
2792;26;626030163;2792;203;3574;3580;8.87;0.54;229.46;3.81;782;26;1208.00;6
2795;26;626030173;2795;198;3574;3580;8.83;0.54;229.56;3.81;779;26;1209.00;6
2799;26;626030184;2799;199;3580;3586;8.88;0.54;229.62;3.81;781;26;1210.00;6
2804;26;626030196;2804;199;3581;3586;8.87;0.54;229.82;3.81;777;26;1211.00;5
2809;26;626030206;2809;190;3582;3586;8.89;0.54;229.92;3.81;773;26;1212.00;4
2811;26;626030217;2811;186;3582;3586;8.94;0.55;230.03;3.81;771;26;1213.00;4
2820;26;626030228;2820;186;3586;3590;8.91;0.55;230.20;3.81;766;26;1214.00;4
2823;26;626030239;2823;186;3588;3592;8.95;0.55;230.38;3.80;765;26;1215.00;4
2830;26;626030250;2830;189;3588;3592;9.03;0.55;230.53;3.80;758;26;1216.00;4
2838;26;626030296;2838;191;3590;3593;9.02;0.55;230.64;3.81;752;26;1217.00;3
2842;26;626030307;2842;188;3590;3593;9.07;0.55;230.69;3.81;748;26;1218.00;3
2846;26;626030318;2846;191;3590;3593;9.14;0.56;230.82;3.81;744;26;1219.00;3
2854;26;626030329;2854;196;3590;3593;9.18;0.56;231.15;3.81;736;26;1220.00;3
2861;26;626030345;2861;202;3590;3593;9.23;0.56;231.33;3.81;729;26;1221.00;3
2864;26;626030355;2864;206;3590;3593;9.22;0.56;231.38;3.81;726;26;1222.00;3
2869;26;626030365;2869;210;3591;3593;9.07;0.55;231.36;3.81;722;26;1223.00;2
2873;26;626030375;2873;226;3631;3663;8.91;0.55;231.70;3.77;758;26;1224.00;32
2876;26;626030391;2876;223;3633;3664;8.81;0.54;231.64;3.77;757;26;1225.00;31
2882;26;626030406;2882;229;3639;3664;8.83;0.54;231.67;3.77;757;26;1226.00;25
2886;27;626030417;2886;233;3640;3664;8.82;0.54;231.81;3.77;754;27;1227.00;24
2892;27;626030438;2892;236;3643;3666;8.86;0.54;232.07;3.77;751;27;1228.00;23
2899;27;626030449;2899;245;3646;3666;8.82;0.54;232.07;3.77;747;27;1229.00;20
2901;27;626030461;2901;247;3648;3666;8.82;0.54;232.00;3.78;747;27;1230.00;18
2904;27;626030471;2904;253;3650;3666;8.76;0.54;232.12;3.78;746;27;1231.00;16
2908;27;626030481;2908;259;3654;3667;8.70;0.53;232.29;3.78;746;27;1232.00;13
2914;27;626030492;2914;266;3657;3668;8.62;0.53;232.49;3.78;743;27;1233.00;11
2916;27;626030502;2916;276;3661;3668;8.53;0.52;232.51;3.79;745;27;1234.00;7
2919;27;626030512;2919;283;3667;3672;8.42;0.52;232.59;3.80;748;27;1235.00;5
2922;27;626030523;2922;284;3669;3672;8.31;0.51;232.64;3.80;747;27;1236.00;3
2925;27;626030533;2925;277;3670;3672;8.24;0.50;232.67;3.80;745;27;1237.00;2
2928;27;626030549;2928;271;3671;3672;8.13;0.50;232.64;3.80;743;27;1238.00;1
2929;27;626030564;2929;271;3677;3678;8.13;0.50;232.59;3.80;748;27;1239.00;1
2931;27;626030575;2931;272;3677;3678;8.07;0.49;232.64;3.80;746;27;1240.00;1
2935;27;626030585;2935;270;3678;3678;8.01;0.49;232.72;3.80;743;27;1241.00;0
2938;27;626030595;2938;274;3681;3681;8.02;0.49;232.64;3.80;743;27;1242.00;0
2941;27;626030606;2941;275;3681;3681;8.03;0.49;232.62;3.80;740;27;1243.00;0
2942;27;626030616;2942;281;3681;3681;8.06;0.49;232.65;3.80;739;27;1244.00;0
2943;27;626030627;2943;282;3682;3682;8.02;0.49;232.63;3.80;739;27;1245.00;0
2946;27;626030637;2946;267;3683;3683;7.94;0.48;232.63;3.80;737;27;1246.00;0
2946;27;626030653;2946;266;3683;3683;7.96;0.48;232.63;3.80;737;27;1247.00;0
2948;27;626030663;2948;258;3696;3696;8.09;0.49;232.61;3.79;748;27;1248.00;0
2949;27;626030674;2949;248;3696;3696;8.10;0.49;232.61;3.79;747;27;1249.00;0
2949;27;626030685;2949;244;3696;3696;8.12;0.49;232.61;3.79;747;27;1250.00;0
2952;27;626030695;2952;239;3697;3697;8.14;0.49;232.60;3.78;745;27;1251.00;0
2954;27;626030705;2954;234;3697;3697;8.17;0.49;232.58;3.78;743;27;1252.00;0
2955;27;626030716;2955;238;3700;3701;8.19;0.50;232.55;3.78;745;27;1253.00;1
2956;27;626030726;2956;239;3700;3701;8.27;0.50;232.52;3.78;744;27;1254.00;1
2958;27;626030736;2958;237;3704;3705;8.34;0.51;232.46;3.78;746;27;1255.00;1
2963;27;626030746;2963;245;3704;3705;8.39;0.51;232.36;3.78;741;27;1256.00;1
2963;27;626030756;2963;242;3704;3705;8.51;0.52;232.36;3.78;741;27;1257.00;1
2967;27;626030766;2967;242;3704;3705;8.55;0.52;232.29;3.78;737;27;1258.00;1
2967;27;626030776;2967;242;3704;3705;8.62;0.52;232.29;3.78;737;27;1259.00;1
2969;27;626030788;2969;242;3728;3739;8.66;0.53;232.27;3.76;759;27;1260.00;11
2972;27;626030800;2972;240;3729;3739;8.76;0.54;232.30;3.75;757;27;1261.00;10
2974;27;626030811;2974;232;3729;3739;8.82;0.54;232.28;3.75;755;27;1262.00;10
2975;27;626030821;2975;233;3730;3739;8.79;0.54;232.31;3.75;755;27;1263.00;9
2976;27;626030831;2976;236;3730;3739;8.79;0.54;232.28;3.75;754;27;1264.00;9
2980;27;626030851;2980;235;3731;3739;8.77;0.54;232.16;3.75;751;27;1265.00;8
2981;27;626030861;2981;234;3731;3740;8.74;0.53;232.17;3.75;750;27;1266.00;9
2982;27;626030871;2982;239;3732;3740;8.73;0.53;232.15;3.76;750;27;1267.00;8
2984;27;626030884;2984;243;3735;3746;8.71;0.53;232.06;3.75;751;27;1268.00;11
2988;27;626030899;2988;248;3737;3747;8.69;0.53;231.91;3.75;749;27;1269.00;10
2991;27;626030917;2991;246;3737;3747;8.61;0.53;231.84;3.75;746;27;1270.00;10
2992;27;626030932;2992;254;3738;3747;8.53;0.52;231.80;3.75;746;27;1271.00;9
2993;27;626030946;2993;260;3740;3751;8.42;0.51;231.78;3.75;747;27;1272.00;11
2994;27;626030958;2994;272;3740;3751;8.24;0.50;231.77;3.75;746;27;1273.00;11
2995;27;626030971;2995;287;3740;3751;8.09;0.49;231.73;3.75;745;27;1274.00;11
2996;27;626030984;2996;290;3741;3752;8.03;0.49;231.68;3.75;745;27;1275.00;11
2996;27;626030999;2996;295;3744;3756;7.95;0.49;231.68;3.75;748;27;1276.00;12
2999;27;626031011;2999;296;3744;3756;7.91;0.48;231.60;3.75;745;27;1277.00;12
3000;27;626031022;3000;299;3746;3759;7.93;0.48;231.75;3.74;746;27;1278.00;13
3000;27;626031035;3000;296;3746;3759;7.89;0.48;231.75;3.74;746;27;1279.00;13
3000;27;626031045;3000;294;3747;3759;7.90;0.48;231.75;3.74;747;27;1280.00;12
3002;27;626031055;3002;291;3747;3759;7.88;0.48;231.69;3.74;745;27;1281.00;12
3004;27;626031065;3004;290;3750;3763;7.86;0.48;231.70;3.74;746;27;1282.00;13
3006;27;626031075;3006;271;3750;3763;7.88;0.48;231.70;3.74;744;27;1283.00;13
3008;27;626031086;3008;258;3751;3763;7.93;0.48;231.75;3.74;743;27;1284.00;12
3009;27;626031096;3009;245;3751;3763;8.04;0.49;231.89;3.74;742;27;1285.00;12
3010;27;626031106;3010;234;3751;3764;8.13;0.50;231.95;3.74;741;27;1286.00;13
3013;27;626031115;3013;225;3752;3765;8.22;0.50;231.99;3.74;739;27;1287.00;13
3018;28;626031125;3018;218;3752;3765;8.35;0.51;232.04;3.74;734;28;1288.00;13
3021;28;626031148;3021;208;3753;3766;8.46;0.51;232.04;3.74;732;28;1289.00;13
3023;28;626031166;3023;200;3753;3766;8.53;0.52;232.01;3.74;730;28;1290.00;13
3025;28;626031176;3025;187;3753;3766;8.54;0.52;231.96;3.74;728;28;1291.00;13
3029;28;626031193;3029;179;3753;3766;8.59;0.52;232.00;3.74;724;28;1292.00;13
3032;28;626031203;3032;177;3753;3766;8.66;0.53;232.00;3.74;721;28;1293.00;13
3033;28;626031213;3033;170;3754;3766;8.81;0.53;232.04;3.75;721;28;1294.00;12
3035;28;626031223;3035;157;3754;3766;8.94;0.54;232.00;3.75;719;28;1295.00;12
3040;28;626031233;3040;171;3819;3893;8.95;0.55;231.93;3.70;779;28;1296.00;74
3043;28;626031255;3043;153;3819;3894;9.01;0.55;231.83;3.70;776;28;1297.00;75
3044;28;626031266;3044;148;3826;3894;9.16;0.56;231.80;3.70;782;28;1298.00;68
3045;28;626031277;3045;140;3829;3894;9.27;0.57;231.76;3.70;784;28;1299.00;65
3047;28;626031288;3047;136;3835;3894;9.42;0.58;231.73;3.70;788;28;1300.00;59
3048;28;626031303;3048;136;3842;3894;9.55;0.58;231.72;3.70;794;28;1301.00;52
3049;28;626031313;3049;137;3847;3894;9.69;0.59;231.78;3.71;798;28;1302.00;47
3052;28;626031324;3052;133;3850;3894;9.75;0.60;231.88;3.72;798;28;1303.00;44
3056;28;626031334;3056;137;3853;3895;9.82;0.60;231.89;3.72;797;28;1304.00;42
3058;28;626031345;3058;127;3858;3897;9.95;0.61;231.85;3.73;800;28;1305.00;39
3063;28;626031356;3063;132;3862;3897;10.02;0.61;231.94;3.74;799;28;1306.00;35
3066;28;626031367;3066;133;3865;3898;10.04;0.61;231.89;3.75;799;28;1307.00;33
3070;28;626031378;3070;130;3867;3898;9.99;0.61;231.88;3.76;797;28;1308.00;31
3073;28;626031389;3073;130;3868;3898;9.95;0.61;231.90;3.76;795;28;1309.00;30
3077;28;626031400;3077;133;3873;3898;9.86;0.60;231.88;3.77;796;28;1310.00;25
3080;28;626031410;3080;142;3874;3902;9.79;0.60;231.92;3.77;794;28;1311.00;28
3083;28;626031423;3083;145;3878;3902;9.75;0.59;231.95;3.79;795;28;1312.00;24
3085;28;626031434;3085;145;3880;3902;9.71;0.59;232.16;3.79;795;28;1313.00;22
3085;28;626031445;3085;147;3883;3905;9.76;0.59;232.16;3.79;798;28;1314.00;22
3088;28;626031456;3088;152;3886;3905;9.75;0.59;232.32;3.81;798;28;1315.00;19
3091;28;626031468;3091;152;3887;3905;9.75;0.59;232.29;3.81;796;28;1316.00;18
3094;28;626031479;3094;154;3890;3909;9.74;0.59;232.29;3.81;796;28;1317.00;19
3096;28;626031499;3096;153;3894;3910;9.77;0.59;232.40;3.83;798;28;1318.00;16
3099;28;626031511;3099;159;3895;3910;9.81;0.60;232.44;3.84;796;28;1319.00;15
3102;28;626031524;3102;162;3900;3915;9.84;0.60;232.59;3.84;798;28;1320.00;15
3106;28;626031536;3106;162;3901;3915;9.78;0.59;232.73;3.85;795;28;1321.00;14
3109;28;626031547;3109;168;3902;3915;9.77;0.59;232.81;3.85;793;28;1322.00;13
3110;28;626031558;3110;173;3904;3916;9.82;0.60;232.83;3.87;794;28;1323.00;12
3114;28;626031569;3114;177;3904;3916;9.86;0.60;233.03;3.87;790;28;1324.00;12
3117;28;626031582;3117;181;3909;3922;9.91;0.60;233.17;3.87;792;28;1325.00;13
3118;28;626031595;3118;182;3911;3922;9.94;0.60;233.18;3.88;793;28;1326.00;11
3120;28;626031612;3120;182;3912;3923;9.91;0.60;233.34;3.89;792;28;1327.00;11
3122;28;626031624;3122;185;3912;3923;9.92;0.60;233.35;3.89;790;28;1328.00;11
3124;28;626031636;3124;188;3913;3923;9.90;0.60;233.47;3.90;789;28;1329.00;10
3128;28;626031654;3128;193;3914;3923;9.86;0.60;233.52;3.90;786;28;1330.00;9
3130;28;626031666;3130;191;3916;3923;9.85;0.60;233.62;3.91;786;28;1331.00;7
3134;28;626031677;3134;188;3925;3935;9.85;0.60;233.65;3.90;791;28;1332.00;10
3138;28;626031689;3138;185;3926;3935;9.83;0.60;233.68;3.91;788;28;1333.00;9
3141;28;626031701;3141;190;3930;3935;9.85;0.60;233.77;3.93;789;28;1334.00;5
3143;28;626031712;3143;191;3930;3935;9.79;0.60;233.96;3.93;787;28;1335.00;5
3145;28;626031723;3145;193;3930;3935;9.75;0.59;233.92;3.93;785;28;1336.00;5
3149;28;626031734;3149;199;3933;3935;9.56;0.58;234.02;3.94;784;28;1337.00;2
3152;28;626031745;3152;206;3936;3939;9.39;0.57;234.10;3.94;784;28;1338.00;3
3156;28;626031756;3156;198;3936;3939;9.32;0.57;234.02;3.94;780;28;1339.00;3
3162;28;626031767;3162;196;3941;3943;9.28;0.57;234.27;3.94;779;28;1340.00;2
3162;28;626031784;3162;199;3943;3944;9.24;0.56;234.27;3.94;781;28;1341.00;1
3163;28;626031795;3163;196;3944;3944;9.19;0.56;234.25;3.94;781;28;1342.00;0
3165;28;626031806;3165;201;3944;3944;9.18;0.56;234.38;3.94;779;28;1343.00;0
3166;28;626031816;3166;201;3956;3957;9.16;0.56;234.31;3.93;790;28;1344.00;1
3167;28;626031827;3167;199;3956;3957;9.17;0.56;234.32;3.93;789;28;1345.00;1
3171;28;626031838;3171;205;3957;3957;9.18;0.56;234.43;3.93;786;28;1346.00;0
3172;28;626031848;3172;206;3958;3958;9.21;0.56;234.46;3.93;786;28;1347.00;0
3175;28;626031859;3175;208;3959;3959;9.26;0.57;234.57;3.93;784;28;1348.00;0
3178;28;626031870;3178;213;3959;3959;9.29;0.57;234.70;3.93;781;28;1349.00;0
3180;28;626031884;3180;215;3962;3968;9.30;0.57;234.73;3.93;782;28;1350.00;6
3187;28;626031897;3187;219;3964;3968;9.19;0.56;234.75;3.92;777;28;1351.00;4
3191;28;626031907;3191;224;3964;3968;9.01;0.55;234.87;3.92;773;28;1352.00;4
3195;28;626031917;3195;229;3965;3968;8.96;0.55;235.03;3.92;770;28;1353.00;3
3201;28;626031927;3201;222;3970;3974;8.92;0.54;235.34;3.92;769;28;1354.00;4
3203;28;626031939;3203;224;3970;3974;8.86;0.54;235.41;3.92;767;28;1355.00;4
3209;28;626031948;3209;226;3972;3974;8.72;0.53;235.49;3.92;763;28;1356.00;2
3212;28;626031958;3212;230;3972;3974;8.61;0.52;235.67;3.92;760;28;1357.00;2
3215;28;626031968;3215;235;3977;3978;8.51;0.52;235.82;3.92;762;28;1358.00;1
3221;28;626031978;3221;231;3978;3979;8.42;0.51;235.88;3.92;757;28;1359.00;1
3223;28;626031987;3223;225;3978;3979;8.40;0.51;235.87;3.92;755;28;1360.00;1
3227;28;626031996;3227;217;3979;3980;8.39;0.51;235.82;3.92;752;28;1361.00;1
3229;28;626032005;3229;215;3979;3980;8.42;0.51;235.95;3.92;750;28;1362.00;1
3230;28;626032015;3230;211;3979;3980;8.50;0.52;235.92;3.92;749;28;1363.00;1
3235;28;626032024;3235;213;3979;3980;8.53;0.52;235.83;3.92;744;28;1364.00;1
3239;28;626032033;3239;214;3979;3980;8.58;0.52;235.91;3.92;740;28;1365.00;1
3243;28;626032043;3243;206;3979;3980;8.56;0.52;235.83;3.92;736;28;1366.00;1
3246;28;626032052;3246;195;3979;3980;8.61;0.52;235.96;3.92;733;28;1367.00;1
3250;28;626032062;3250;199;4019;4050;8.65;0.53;236.04;3.88;769;28;1368.00;31
3251;28;626032077;3251;196;4024;4051;8.72;0.53;236.12;3.87;773;28;1369.00;27
3256;28;626032087;3256;192;4030;4051;8.82;0.54;236.11;3.87;774;28;1370.00;21
3260;28;626032098;3260;189;4032;4051;8.87;0.54;236.21;3.87;772;28;1371.00;19
3261;28;626032109;3261;189;4035;4051;9.00;0.55;236.18;3.87;774;28;1372.00;16
3264;28;626032119;3264;185;4037;4051;9.06;0.55;236.26;3.87;773;28;1373.00;14
3267;28;626032129;3267;188;4039;4051;9.08;0.56;236.47;3.87;772;28;1374.00;12
3273;28;626032139;3273;194;4042;4051;9.12;0.56;236.42;3.87;769;28;1375.00;9
3277;28;626032149;3277;198;4044;4052;9.10;0.56;236.49;3.88;767;28;1376.00;8
3282;28;626032159;3282;193;4047;4053;9.08;0.55;236.40;3.88;765;28;1377.00;6
3288;28;626032169;3288;190;4051;4053;9.00;0.55;236.40;3.88;763;28;1378.00;2
3290;28;626032179;3290;193;4054;4057;8.92;0.55;236.39;3.88;764;28;1379.00;3
3294;28;626032192;3294;194;4054;4057;8.93;0.55;236.39;3.88;760;28;1380.00;3
3297;28;626032202;3297;197;4054;4057;8.93;0.55;236.37;3.88;757;28;1381.00;3
3300;28;626032212;3300;203;4054;4057;8.96;0.55;236.34;3.88;754;28;1382.00;3
3305;28;626032222;3305;206;4059;4063;8.94;0.55;236.32;3.88;754;28;1383.00;4
3311;28;626032234;3311;211;4061;4063;8.90;0.54;236.36;3.88;750;28;1384.00;2
3314;28;626032255;3314;216;4061;4063;8.92;0.54;236.34;3.88;747;28;1385.00;2
3318;28;626032265;3318;221;4063;4066;9.00;0.55;236.56;3.88;745;28;1386.00;3
3322;28;626032276;3322;227;4063;4066;8.91;0.54;236.51;3.88;741;28;1387.00;3
3326;28;626032287;3326;229;4064;4066;8.85;0.54;236.66;3.87;738;28;1388.00;2
3329;28;626032297;3329;225;4066;4067;8.71;0.53;236.77;3.88;737;28;1389.00;1
3336;28;626032307;3336;229;4067;4068;8.51;0.52;237.04;3.88;731;28;1390.00;1
3338;28;626032318;3338;231;4068;4068;8.47;0.52;237.18;3.89;730;28;1391.00;0
3342;28;626032328;3342;238;4081;4081;8.50;0.52;237.17;3.87;739;28;1392.00;0
3345;28;626032339;3345;236;4081;4081;8.43;0.52;237.21;3.87;736;28;1393.00;0
3349;28;626032349;3349;241;4081;4081;8.36;0.51;237.22;3.87;732;28;1394.00;0
3353;28;626032358;3353;245;4083;4083;8.26;0.51;237.12;3.87;730;28;1395.00;0
3358;28;626032369;3358;251;4083;4083;8.21;0.50;237.13;3.87;725;28;1396.00;0
3360;28;626032379;3360;259;4086;4087;8.16;0.50;237.15;3.87;726;28;1397.00;1
3363;28;626032390;3363;267;4086;4087;8.11;0.49;237.28;3.87;723;28;1398.00;1
3365;28;626032399;3365;273;4091;4091;8.07;0.49;237.21;3.87;726;28;1399.00;0
3370;28;626032409;3370;278;4091;4091;7.96;0.48;237.23;3.87;721;28;1400.00;0
3371;28;626032422;3371;287;4091;4091;7.87;0.48;237.29;3.87;720;28;1401.00;0
3373;28;626032437;3373;292;4091;4091;7.81;0.48;237.31;3.87;718;28;1402.00;0
3375;28;626032447;3375;301;4091;4091;7.71;0.47;237.37;3.87;716;28;1403.00;0
3379;28;626032456;3379;304;4102;4103;7.70;0.47;237.36;3.86;723;28;1404.00;1
3382;28;626032467;3382;310;4102;4103;7.60;0.46;237.42;3.86;720;28;1405.00;1
3383;28;626032476;3383;315;4103;4103;7.54;0.46;237.45;3.86;720;28;1406.00;0
3385;28;626032485;3385;308;4103;4103;7.51;0.46;237.45;3.86;718;28;1407.00;0
3387;29;626032494;3387;304;4103;4103;7.48;0.46;237.40;3.86;716;29;1408.00;0
3389;29;626032519;3389;306;4103;4103;7.40;0.45;237.59;3.86;714;29;1409.00;0
3393;29;626032529;3393;303;4104;4104;7.36;0.45;237.51;3.86;711;29;1410.00;0
3396;29;626032545;3396;310;4104;4104;7.30;0.45;237.60;3.86;708;29;1411.00;0
3401;29;626032554;3401;313;4109;4110;7.26;0.44;237.54;3.85;708;29;1412.00;1
3404;29;626032564;3404;313;4110;4111;7.28;0.45;237.56;3.85;706;29;1413.00;1
3408;29;626032574;3408;311;4111;4111;7.30;0.45;237.44;3.85;703;29;1414.00;0
3412;29;626032583;3412;312;4111;4111;7.24;0.44;237.35;3.85;699;29;1415.00;0
3415;29;626032592;3415;301;4115;4115;7.31;0.45;237.30;3.85;700;29;1416.00;0
3418;29;626032602;3418;299;4115;4115;7.31;0.45;237.22;3.85;697;29;1417.00;0
3419;29;626032612;3419;288;4115;4115;7.38;0.45;237.20;3.85;696;29;1418.00;0
3421;29;626032621;3421;282;4116;4116;7.47;0.46;237.08;3.85;695;29;1419.00;0
3421;29;626032631;3421;264;4120;4120;7.54;0.46;237.08;3.84;699;29;1420.00;0
3423;29;626032641;3423;261;4120;4120;7.56;0.46;236.99;3.84;697;29;1421.00;0
3424;29;626032652;3424;259;4122;4123;7.65;0.47;236.97;3.84;698;29;1422.00;1
3426;29;626032662;3426;252;4122;4123;7.71;0.47;236.98;3.84;696;29;1423.00;1
3426;29;626032672;3426;257;4123;4123;7.82;0.48;236.98;3.84;697;29;1424.00;0
3428;29;626032682;3428;262;4123;4123;7.87;0.48;237.01;3.84;695;29;1425.00;0
3430;29;626032692;3430;262;4126;4127;7.96;0.48;236.93;3.84;696;29;1426.00;1
3430;29;626032703;3430;263;4126;4127;8.00;0.49;236.93;3.84;696;29;1427.00;1
3433;29;626032714;3433;263;4127;4127;8.02;0.49;236.91;3.84;694;29;1428.00;0
3434;29;626032723;3434;266;4127;4127;8.08;0.49;236.90;3.84;693;29;1429.00;0
3437;29;626032732;3437;268;4127;4128;8.07;0.49;236.93;3.84;690;29;1430.00;1
3440;29;626032742;3440;269;4128;4129;8.03;0.49;236.92;3.84;688;29;1431.00;1
3440;29;626032752;3440;273;4128;4129;7.93;0.48;236.92;3.84;688;29;1432.00;1
3441;29;626032761;3441;275;4129;4130;7.91;0.48;236.89;3.84;688;29;1433.00;1
3443;29;626032770;3443;279;4129;4130;7.85;0.48;236.89;3.84;686;29;1434.00;1
3444;29;626032778;3444;267;4129;4130;7.87;0.48;236.86;3.84;685;29;1435.00;1
3445;29;626032787;3445;254;4129;4130;7.92;0.48;236.88;3.84;684;29;1436.00;1
3446;30;626032796;3446;249;4129;4130;8.02;0.49;236.87;3.84;683;30;1437.00;1
3448;30;626032816;3448;242;4129;4130;8.14;0.50;236.79;3.84;681;30;1438.00;1
3451;30;626032831;3451;240;4129;4130;8.24;0.50;236.79;3.84;678;30;1439.00;1
3452;31;626032842;3452;281;4239;4360;8.37;0.53;236.79;3.74;787;31;1440.00;121
3453;31;626032919;3453;269;4242;4361;8.49;0.53;236.79;3.74;789;31;1441.00;119
3455;31;626032944;3455;252;4259;4361;8.72;0.55;236.80;3.73;804;31;1442.00;102
3455;31;626032959;3455;245;4265;4361;8.83;0.55;236.80;3.73;810;31;1443.00;96
3458;31;626032984;3458;238;4274;4361;8.90;0.56;236.74;3.73;816;31;1444.00;87
3460;31;626033000;3460;238;4278;4361;8.88;0.55;236.67;3.73;818;31;1445.00;83
3461;32;626033012;3461;232;4285;4361;8.92;0.56;236.64;3.73;824;32;1446.00;76
3462;33;626033054;3462;232;4291;4361;8.92;0.56;236.66;3.74;829;33;1447.00;70
3463;33;626033079;3463;239;4293;4362;8.95;0.56;236.67;3.74;830;33;1448.00;69
3464;33;626033092;3464;242;4298;4363;8.97;0.56;236.66;3.75;834;33;1449.00;65
3466;33;626033111;3466;241;4302;4363;8.98;0.56;236.62;3.75;836;33;1450.00;61
3470;33;626033123;3470;242;4308;4364;8.97;0.56;236.54;3.76;838;33;1451.00;56
3472;33;626033134;3472;249;4313;4364;8.94;0.55;236.56;3.77;841;33;1452.00;51
3473;33;626033145;3473;252;4314;4364;8.85;0.55;236.54;3.77;841;33;1453.00;50
3475;33;626033165;3475;244;4317;4364;8.77;0.54;236.48;3.78;842;33;1454.00;47
3476;33;626033176;3476;252;4321;4368;8.70;0.54;236.46;3.78;845;33;1455.00;47
3481;33;626033195;3481;253;4322;4368;8.69;0.53;236.56;3.79;841;33;1456.00;46
3483;33;626033214;3483;252;4325;4368;8.66;0.53;236.64;3.80;842;33;1457.00;43
3485;33;626033225;3485;249;4326;4371;8.71;0.54;236.62;3.80;841;33;1458.00;45
3489;33;626033236;3489;246;4327;4371;8.73;0.54;236.63;3.80;838;33;1459.00;44
3493;33;626033248;3493;242;4327;4371;8.75;0.54;236.66;3.80;834;33;1460.00;44
3498;33;626033275;3498;238;4333;4375;8.75;0.54;236.66;3.81;835;33;1461.00;42
3499;33;626033286;3499;225;4334;4376;8.87;0.54;236.64;3.81;835;33;1462.00;42
3504;33;626033297;3504;218;4336;4376;8.89;0.54;236.76;3.81;832;33;1463.00;40
3508;33;626033308;3508;212;4340;4380;8.93;0.55;236.90;3.82;832;33;1464.00;40
3509;33;626033320;3509;212;4342;4380;9.02;0.55;236.84;3.83;833;33;1465.00;38
3513;33;626033332;3513;203;4344;4380;8.96;0.55;237.02;3.84;831;33;1466.00;36
3515;33;626033343;3515;209;4345;4381;8.95;0.55;237.11;3.84;830;33;1467.00;36
3516;33;626033354;3516;197;4345;4381;8.99;0.55;237.17;3.84;829;33;1468.00;36
3520;33;626033365;3520;195;4347;4387;9.06;0.55;237.23;3.84;827;33;1469.00;40
3520;33;626033378;3520;187;4348;4387;9.13;0.56;237.23;3.84;828;33;1470.00;39
3523;33;626033390;3523;177;4348;4388;9.12;0.55;237.33;3.84;825;33;1471.00;40
3526;33;626033410;3526;170;4350;4388;9.21;0.56;237.41;3.85;824;33;1472.00;38
3530;33;626033422;3530;170;4350;4388;9.19;0.56;237.42;3.85;820;33;1473.00;38
3533;33;626033435;3533;167;4351;4388;9.25;0.56;237.41;3.85;818;33;1474.00;37
3536;33;626033448;3536;168;4351;4388;9.32;0.57;237.57;3.85;815;33;1475.00;37
3539;33;626033459;3539;171;4361;4400;9.37;0.57;237.53;3.85;822;33;1476.00;39
3541;33;626033472;3541;169;4362;4400;9.39;0.57;237.59;3.85;821;33;1477.00;38
3545;33;626033484;3545;171;4365;4400;9.52;0.58;237.74;3.85;820;33;1478.00;35
3546;33;626033495;3546;174;4365;4400;9.61;0.58;237.70;3.85;819;33;1479.00;35
3551;33;626033506;3551;168;4367;4400;9.61;0.58;237.72;3.87;816;33;1480.00;33
3554;33;626033518;3554;168;4367;4400;9.66;0.59;237.82;3.87;813;33;1481.00;33
3557;33;626033530;3557;168;4370;4404;9.70;0.59;237.90;3.86;813;33;1482.00;34
3558;33;626033542;3558;166;4371;4404;9.79;0.60;237.99;3.87;813;33;1483.00;33
3559;33;626033554;3559;169;4375;4408;9.86;0.60;238.00;3.88;816;33;1484.00;33
3561;33;626033566;3561;169;4378;4410;9.94;0.61;238.14;3.88;817;33;1485.00;32
3562;33;626033579;3562;169;4379;4410;10.00;0.61;238.23;3.89;817;33;1486.00;31
3564;33;626033591;3564;170;4379;4410;10.02;0.61;238.28;3.89;815;33;1487.00;31
3565;33;626033603;3565;180;4388;4423;10.05;0.61;238.24;3.89;823;33;1488.00;35
3569;33;626033617;3569;180;4388;4423;10.04;0.61;238.28;3.89;819;33;1489.00;35
3571;34;626033629;3571;180;4392;4423;9.99;0.61;238.23;3.92;821;34;1490.00;31
3571;34;626033655;3571;183;4393;4424;10.11;0.62;238.23;3.92;822;34;1491.00;31
3579;34;626033668;3579;188;4394;4425;10.09;0.61;238.16;3.93;815;34;1492.00;31
3583;34;626033681;3583;189;4396;4425;10.07;0.61;238.29;3.95;813;34;1493.00;29
3588;34;626033694;3588;196;4399;4428;10.13;0.62;238.33;3.96;811;34;1494.00;29
3590;34;626033707;3590;200;4401;4428;10.17;0.62;238.27;3.99;811;34;1495.00;27
3593;34;626033720;3593;203;4404;4428;10.18;0.62;238.34;4.01;811;34;1496.00;24
3595;34;626033731;3595;200;4406;4428;10.17;0.62;238.30;4.03;811;34;1497.00;22
3598;34;626033743;3598;203;4412;4434;10.14;0.62;238.38;4.06;814;34;1498.00;22
3602;34;626033762;3602;206;4414;4434;10.06;0.61;238.45;4.08;812;34;1499.00;20
3604;34;626033778;3604;211;4419;4453;9.94;0.60;238.40;4.09;815;34;1500.00;34
3606;34;626033800;3606;211;4420;4453;9.82;0.60;238.52;4.10;814;34;1501.00;33
3612;34;626033812;3612;218;4425;4457;9.62;0.59;238.57;4.11;813;34;1502.00;32
3615;34;626033824;3615;229;4429;4458;9.56;0.58;238.54;4.14;814;34;1503.00;29
3618;34;626033838;3618;232;4430;4458;9.43;0.57;238.72;4.14;812;34;1504.00;28
3622;34;626033849;3622;240;4434;4459;9.32;0.57;238.81;4.16;812;34;1505.00;25
3623;35;626033861;3623;246;4436;4459;9.25;0.56;238.83;4.18;813;35;1506.00;23
3625;35;626033906;3625;252;4437;4459;9.23;0.56;238.91;4.19;812;35;1507.00;22
3627;35;626033918;3627;257;4440;4459;9.19;0.56;239.08;4.19;813;35;1508.00;19
3629;35;626033930;3629;249;4442;4459;9.19;0.56;239.08;4.20;813;35;1509.00;17
3631;35;626033940;3631;246;4442;4459;9.19;0.56;239.13;4.20;811;35;1510.00;17
3635;35;626033951;3635;246;4443;4459;9.20;0.56;239.34;4.21;808;35;1511.00;16
3636;35;626033962;3636;250;4475;4529;9.07;0.55;239.33;4.18;839;35;1512.00;54
3640;35;626033979;3640;254;4477;4530;9.06;0.55;239.31;4.18;837;35;1513.00;53
3641;35;626033991;3641;256;4488;4530;9.05;0.55;239.30;4.19;847;35;1514.00;42
3646;35;626034001;3646;256;4489;4530;9.06;0.55;239.31;4.19;843;35;1515.00;41
3647;35;626034013;3647;254;4491;4530;9.12;0.56;239.29;4.19;844;35;1516.00;39
3648;35;626034024;3648;259;4495;4530;9.17;0.56;239.35;4.20;847;35;1517.00;35
3651;35;626034035;3651;259;4499;4530;9.15;0.56;239.41;4.21;848;35;1518.00;31
3653;35;626034046;3653;261;4503;4530;9.19;0.56;239.60;4.21;850;35;1519.00;27
3655;35;626034063;3655;261;4506;4531;9.22;0.56;239.59;4.21;851;35;1520.00;25
3657;35;626034074;3657;262;4510;4532;9.15;0.56;239.50;4.22;853;35;1521.00;22
3662;35;626034085;3662;260;4513;4532;9.04;0.55;239.53;4.22;851;35;1522.00;19
3663;35;626034096;3663;264;4518;4536;9.00;0.55;239.54;4.22;855;35;1523.00;18
3667;35;626034107;3667;266;4519;4536;8.97;0.55;239.50;4.22;852;35;1524.00;17
3672;35;626034118;3672;269;4519;4536;8.85;0.54;239.49;4.22;847;35;1525.00;17
3675;35;626034129;3675;276;4519;4536;8.72;0.53;239.52;4.22;844;35;1526.00;17
3681;35;626034140;3681;279;4523;4542;8.55;0.52;239.54;4.22;842;35;1527.00;19
3684;35;626034151;3684;284;4523;4542;8.33;0.51;239.52;4.22;839;35;1528.00;19
3688;35;626034160;3688;289;4524;4542;8.13;0.50;239.65;4.23;836;35;1529.00;18
3694;35;626034172;3694;275;4527;4548;8.01;0.49;239.65;4.22;833;35;1530.00;21
3698;35;626034183;3698;270;4527;4548;7.97;0.49;239.68;4.22;829;35;1531.00;21
3701;35;626034193;3701;266;4527;4548;7.92;0.49;239.76;4.22;826;35;1532.00;21
3708;35;626034202;3708;261;4528;4549;7.88;0.48;239.74;4.22;820;35;1533.00;21
3711;35;626034214;3711;265;4530;4550;7.90;0.48;239.87;4.23;819;35;1534.00;20
3716;35;626034225;3716;260;4531;4550;7.91;0.48;239.88;4.24;815;35;1535.00;19
3722;35;626034235;3722;271;4543;4563;7.90;0.48;239.99;4.23;821;35;1536.00;20
3725;35;626034247;3725;262;4544;4563;7.96;0.49;240.07;4.23;819;35;1537.00;19
3730;35;626034257;3730;258;4544;4563;7.98;0.49;240.28;4.23;814;35;1538.00;19
3733;35;626034268;3733;255;4546;4564;8.05;0.49;240.35;4.24;813;35;1539.00;18
3735;35;626034278;3735;248;4548;4564;8.14;0.50;240.40;4.25;813;35;1540.00;16
3741;35;626034288;3741;243;4552;4568;8.17;0.50;240.43;4.26;811;35;1541.00;16
3742;35;626034299;3742;236;4552;4568;8.16;0.50;240.43;4.26;810;35;1542.00;16
3748;35;626034309;3748;233;4557;4572;8.09;0.50;240.57;4.26;809;35;1543.00;15
3749;35;626034320;3749;228;4557;4572;8.07;0.49;240.56;4.26;808;35;1544.00;15
3757;35;626034330;3757;233;4558;4572;8.00;0.49;240.72;4.27;801;35;1545.00;14
3760;35;626034341;3760;233;4558;4572;8.02;0.49;240.60;4.27;798;35;1546.00;14
3764;35;626034352;3764;242;4558;4572;8.00;0.49;240.67;4.27;794;35;1547.00;14
3768;36;626034361;3768;248;4571;4584;8.06;0.49;240.63;4.27;803;36;1548.00;13
3770;36;626034383;3770;252;4571;4584;8.06;0.49;240.68;4.27;801;36;1549.00;13
3773;36;626034394;3773;262;4572;4584;7.97;0.49;240.68;4.28;799;36;1550.00;12
3776;36;626034404;3776;258;4572;4584;7.86;0.48;240.71;4.28;796;36;1551.00;12
3779;36;626034414;3779;262;4572;4584;7.82;0.48;240.68;4.28;793;36;1552.00;12
3782;36;626034425;3782;264;4573;4584;7.77;0.48;240.72;4.29;791;36;1553.00;11
3785;36;626034436;3785;271;4574;4585;7.70;0.47;240.65;4.29;789;36;1554.00;11
3789;36;626034446;3789;276;4576;4587;7.65;0.47;240.80;4.29;787;36;1555.00;11
3791;36;626034457;3791;282;4581;4593;7.64;0.47;240.77;4.30;790;36;1556.00;12
3794;36;626034468;3794;287;4584;4594;7.60;0.46;240.80;4.31;790;36;1557.00;10
3797;36;626034478;3797;286;4584;4594;7.53;0.46;240.74;4.31;787;36;1558.00;10
3800;36;626034494;3800;289;4585;4594;7.47;0.46;240.65;4.32;785;36;1559.00;9
3803;36;626034506;3803;300;4589;4599;7.44;0.45;240.74;4.31;786;36;1560.00;10
3808;36;626034517;3808;305;4590;4599;7.39;0.45;240.80;4.31;782;36;1561.00;9
3813;36;626034528;3813;312;4591;4599;7.28;0.44;240.68;4.32;778;36;1562.00;8
3818;36;626034538;3818;314;4592;4600;7.18;0.44;240.73;4.32;774;36;1563.00;8
3821;36;626034553;3821;311;4597;4604;7.14;0.44;240.89;4.32;776;36;1564.00;7
3826;36;626034563;3826;317;4598;4604;7.10;0.43;240.71;4.33;772;36;1565.00;6
3829;36;626034573;3829;325;4601;4607;7.08;0.43;240.65;4.33;772;36;1566.00;6
3834;36;626034583;3834;330;4601;4607;7.04;0.43;240.59;4.33;767;36;1567.00;6
3836;36;626034593;3836;338;4603;4607;7.05;0.43;240.56;4.34;767;36;1568.00;4
3845;36;626034603;3845;347;4603;4607;6.96;0.43;240.28;4.34;758;36;1569.00;4
3847;36;626034613;3847;351;4605;4611;6.96;0.43;240.28;4.34;758;36;1570.00;6
3849;36;626034623;3849;358;4605;4611;6.96;0.43;240.24;4.34;756;36;1571.00;6
3852;36;626034632;3852;369;4605;4611;6.89;0.42;240.23;4.34;753;36;1572.00;6
3853;36;626034642;3853;373;4606;4611;6.80;0.42;240.20;4.34;753;36;1573.00;5
3854;37;626034650;3854;383;4608;4612;6.71;0.41;240.21;4.34;754;37;1574.00;4
3857;37;626034666;3857;395;4611;4614;6.67;0.41;240.21;4.34;754;37;1575.00;3
3861;37;626034675;3861;397;4612;4614;6.61;0.40;240.26;4.34;751;37;1576.00;2
3865;37;626034694;3865;386;4613;4615;6.56;0.40;240.29;4.34;748;37;1577.00;2
3868;37;626034704;3868;382;4614;4615;6.46;0.39;240.40;4.34;746;37;1578.00;1
3870;37;626034714;3870;381;4615;4615;6.44;0.39;240.40;4.34;745;37;1579.00;0
3872;37;626034723;3872;371;4615;4615;6.45;0.39;240.43;4.34;743;37;1580.00;0
3872;37;626034731;3872;368;4615;4615;6.50;0.40;240.43;4.34;743;37;1581.00;0
3873;37;626034741;3873;367;4615;4615;6.60;0.40;240.46;4.34;742;37;1582.00;0
3875;37;626034750;3875;359;4615;4615;6.69;0.41;240.39;4.34;740;37;1583.00;0
3876;37;626034759;3876;371;4685;4742;7.09;0.44;240.37;4.28;809;37;1584.00;57
3876;37;626034778;3876;363;4688;4743;7.18;0.45;240.37;4.28;812;37;1585.00;55
3878;37;626034794;3878;340;4698;4743;7.29;0.45;240.34;4.27;820;37;1586.00;45
3880;37;626034804;3880;312;4703;4743;7.33;0.45;240.26;4.27;823;37;1587.00;40
3883;37;626034815;3883;295;4708;4743;7.44;0.46;240.33;4.27;825;37;1588.00;35
3886;37;626034831;3886;281;4714;4743;7.64;0.47;240.29;4.27;828;37;1589.00;29
3887;37;626034843;3887;270;4719;4743;7.80;0.48;240.27;4.27;832;37;1590.00;24
3890;37;626034854;3890;258;4720;4743;7.94;0.49;240.29;4.28;830;37;1591.00;23
3890;37;626034866;3890;247;4724;4744;8.14;0.50;240.29;4.28;834;37;1592.00;20
3890;37;626034877;3890;244;4727;4745;8.32;0.51;240.29;4.28;837;37;1593.00;18
3891;37;626034895;3891;239;4729;4745;8.44;0.52;240.27;4.28;838;37;1594.00;16
3892;37;626034926;3892;239;4731;4746;8.51;0.52;240.25;4.29;839;37;1595.00;15
3894;37;626034947;3894;229;4732;4746;8.65;0.53;240.21;4.29;838;37;1596.00;14
3894;37;626034964;3894;233;4733;4746;8.73;0.53;240.21;4.29;839;37;1597.00;13
3895;37;626034982;3895;233;4734;4746;8.83;0.54;240.18;4.29;839;37;1598.00;12
3896;37;626035000;3896;232;4739;4750;8.86;0.54;240.20;4.29;843;37;1599.00;11
3898;37;626035015;3898;233;4740;4750;8.92;0.55;240.22;4.30;842;37;1600.00;10
3902;38;626035033;3902;228;4742;4750;8.93;0.55;240.23;4.30;840;38;1601.00;8
3903;38;626035054;3903;228;4745;4753;9.01;0.55;240.23;4.30;842;38;1602.00;8
3904;38;626035069;3904;225;4746;4753;9.03;0.55;240.20;4.30;842;38;1603.00;7
3905;38;626035083;3905;227;4746;4753;9.10;0.56;240.18;4.30;841;38;1604.00;7
3907;38;626035096;3907;228;4749;4757;9.14;0.56;240.16;4.29;842;38;1605.00;8
3910;38;626035109;3910;226;4750;4758;9.26;0.56;240.05;4.29;840;38;1606.00;8
3912;38;626035121;3912;224;4750;4758;9.31;0.57;240.08;4.29;838;38;1607.00;8
3915;38;626035134;3915;227;4753;4762;9.33;0.57;240.29;4.29;838;38;1608.00;9
3915;38;626035147;3915;225;4753;4762;9.32;0.57;240.29;4.29;838;38;1609.00;9
3918;38;626035159;3918;223;4753;4762;9.28;0.56;240.27;4.29;835;38;1610.00;9
3922;38;626035172;3922;219;4754;4763;9.25;0.56;240.31;4.29;832;38;1611.00;9
3923;38;626035184;3923;220;4754;4763;9.23;0.56;240.30;4.29;831;38;1612.00;9
3926;38;626035203;3926;224;4758;4769;9.28;0.56;240.36;4.29;832;38;1613.00;11
3927;38;626035215;3927;229;4758;4769;9.30;0.57;240.33;4.29;831;38;1614.00;11
3929;38;626035228;3929;234;4759;4770;9.33;0.57;240.40;4.29;830;38;1615.00;11
3932;38;626035239;3932;239;4759;4770;9.36;0.57;240.53;4.29;827;38;1616.00;11
3934;38;626035251;3934;233;4759;4770;9.40;0.57;240.65;4.29;825;38;1617.00;11
3936;38;626035263;3936;237;4759;4770;9.37;0.57;240.73;4.29;823;38;1618.00;11
3940;38;626035278;3940;232;4759;4770;9.32;0.57;240.73;4.29;819;38;1619.00;11
3944;38;626035292;3944;227;4780;4806;9.26;0.57;240.83;4.27;836;38;1620.00;26
3948;38;626035307;3948;220;4782;4806;9.27;0.57;240.99;4.27;834;38;1621.00;24
3955;38;626035319;3955;214;4785;4806;9.20;0.56;241.17;4.27;830;38;1622.00;21
3959;38;626035332;3959;207;4786;4806;9.21;0.56;241.23;4.27;827;38;1623.00;20
3963;38;626035344;3963;202;4787;4806;9.26;0.56;241.30;4.27;824;38;1624.00;19
3966;38;626035355;3966;191;4787;4806;9.32;0.57;241.41;4.27;821;38;1625.00;19
3969;38;626035367;3969;194;4791;4810;9.33;0.57;241.54;4.26;822;38;1626.00;19
3971;38;626035381;3971;189;4791;4810;9.42;0.57;241.53;4.26;820;38;1627.00;19
3974;38;626035392;3974;184;4794;4814;9.44;0.58;241.62;4.26;820;38;1628.00;20
3982;38;626035404;3982;177;4796;4815;9.57;0.58;241.73;4.26;814;38;1629.00;19
3983;38;626035416;3983;166;4796;4815;9.70;0.59;241.69;4.26;813;38;1630.00;19
3990;38;626035428;3990;162;4797;4815;9.73;0.59;241.68;4.26;807;38;1631.00;18
3990;38;626035439;3990;157;4806;4828;9.74;0.59;241.68;4.25;816;38;1632.00;22
3995;38;626035451;3995;152;4806;4828;9.73;0.59;241.66;4.25;811;38;1633.00;22
3996;38;626035462;3996;150;4806;4828;9.74;0.59;241.65;4.25;810;38;1634.00;22
3999;38;626035480;3999;140;4808;4829;9.84;0.60;241.70;4.26;809;38;1635.00;21
4004;38;626035492;4004;137;4808;4830;9.92;0.60;241.80;4.26;804;38;1636.00;22
4007;38;626035504;4007;140;4808;4830;10.01;0.61;241.83;4.26;801;38;1637.00;22
4011;38;626035516;4011;134;4810;4833;10.13;0.62;241.86;4.26;799;38;1638.00;23
4020;38;626035527;4020;133;4811;4833;10.23;0.62;241.87;4.26;791;38;1639.00;22
4021;38;626035539;4021;126;4811;4833;10.32;0.63;241.86;4.26;790;38;1640.00;22
4026;38;626035550;4026;126;4811;4833;10.38;0.63;241.87;4.26;785;38;1641.00;22
4029;38;626035561;4029;127;4815;4839;10.44;0.64;241.89;4.26;786;38;1642.00;24
4031;38;626035580;4031;128;4816;4839;10.45;0.64;241.92;4.26;785;38;1643.00;23
4034;38;626035592;4034;130;4816;4839;10.38;0.63;241.96;4.26;782;38;1644.00;23
4036;38;626035604;4036;122;4816;4839;10.38;0.63;242.05;4.26;780;38;1645.00;23
4040;38;626035615;4040;126;4819;4843;10.37;0.63;241.94;4.26;779;38;1646.00;24
4041;38;626035627;4041;128;4821;4844;10.45;0.64;241.93;4.26;780;38;1647.00;23
4046;38;626035638;4046;132;4821;4844;10.49;0.64;241.97;4.26;775;38;1648.00;23
4049;38;626035651;4049;132;4823;4845;10.48;0.64;242.11;4.26;774;38;1649.00;22
4051;38;626035664;4051;130;4823;4845;10.51;0.64;242.14;4.26;772;38;1650.00;22
4054;38;626035676;4054;128;4823;4845;10.53;0.64;242.20;4.26;769;38;1651.00;22
4060;38;626035687;4060;128;4824;4845;10.49;0.64;242.25;4.27;764;38;1652.00;21
4061;38;626035699;4061;132;4824;4845;10.50;0.64;242.32;4.27;763;38;1653.00;21
4063;38;626035717;4063;135;4824;4845;10.47;0.64;242.37;4.27;761;38;1654.00;21
4066;38;626035729;4066;136;4825;4845;10.42;0.63;242.46;4.27;759;38;1655.00;20
4069;38;626035740;4069;148;4861;4915;10.39;0.63;242.54;4.24;792;38;1656.00;54
4071;38;626035757;4071;147;4864;4916;10.43;0.64;242.60;4.24;793;38;1657.00;52
4077;38;626035771;4077;144;4872;4916;10.44;0.64;242.61;4.26;795;38;1658.00;44
4078;38;626035783;4078;140;4877;4916;10.43;0.64;242.64;4.25;799;38;1659.00;39
4079;38;626035794;4079;145;4886;4916;10.46;0.64;242.70;4.28;807;38;1660.00;30
4080;38;626035806;4080;145;4889;4916;10.45;0.64;242.71;4.28;809;38;1661.00;27
4084;38;626035818;4084;146;4894;4916;10.43;0.63;242.74;4.30;810;38;1662.00;22
4087;39;626035830;4087;149;4895;4916;10.43;0.64;242.67;4.32;808;39;1663.00;21
4089;39;626035860;4089;158;4898;4917;10.42;0.64;242.73;4.33;809;39;1664.00;19
4091;39;626035872;4091;163;4901;4919;10.40;0.63;242.77;4.34;810;39;1665.00;18
4093;39;626035884;4093;166;4904;4919;10.42;0.64;242.83;4.36;811;39;1666.00;15
4097;39;626035896;4097;166;4906;4923;10.37;0.63;242.81;4.36;809;39;1667.00;17
4100;40;626035908;4100;170;4907;4923;10.32;0.63;242.84;4.37;807;40;1668.00;16
4101;40;626035942;4101;173;4908;4923;10.22;0.63;242.86;4.38;807;40;1669.00;15
4104;40;626035953;4104;176;4909;4923;10.14;0.62;242.87;4.38;805;40;1670.00;14
4106;40;626035964;4106;185;4913;4929;10.15;0.62;242.86;4.38;807;40;1671.00;16
4110;40;626035976;4110;182;4915;4929;10.08;0.62;242.90;4.40;805;40;1672.00;14
4113;40;626035987;4113;186;4918;4929;10.04;0.61;242.83;4.42;805;40;1673.00;11
4113;40;626035998;4113;187;4920;4932;10.06;0.62;242.83;4.42;807;40;1674.00;12
4117;40;626036009;4117;198;4923;4932;10.02;0.61;242.90;4.43;806;40;1675.00;9
4119;41;626036019;4119;205;4923;4932;9.95;0.61;242.87;4.43;804;41;1676.00;9
4121;41;626036046;4121;208;4924;4933;9.84;0.60;242.96;4.43;803;41;1677.00;9
4126;41;626036056;4126;215;4926;4934;9.67;0.59;243.04;4.44;800;41;1678.00;8
4129;41;626036067;4129;218;4927;4934;9.53;0.58;242.95;4.44;798;41;1679.00;7
4135;41;626036079;4135;225;4945;4960;9.34;0.57;242.96;4.42;810;41;1680.00;15
4142;41;626036095;4142;218;4949;4960;9.18;0.56;242.91;4.43;807;41;1681.00;11
4143;41;626036105;4143;221;4951;4960;9.11;0.55;242.91;4.43;808;41;1682.00;9
4144;41;626036116;4144;223;4953;4961;9.06;0.55;242.92;4.43;809;41;1683.00;8
4146;41;626036126;4146;226;4955;4961;9.00;0.55;242.97;4.44;809;41;1684.00;6
4151;41;626036135;4151;229;4958;4965;9.05;0.55;242.96;4.43;807;41;1685.00;7
4153;41;626036156;4153;226;4960;4965;9.06;0.55;243.05;4.43;807;41;1686.00;5
4156;41;626036166;4156;234;4963;4969;9.07;0.55;243.06;4.43;807;41;1687.00;6
4157;41;626036175;4157;240;4965;4969;9.06;0.55;243.06;4.44;808;41;1688.00;4
4159;41;626036184;4159;242;4966;4969;9.04;0.55;243.07;4.44;807;41;1689.00;3
4163;41;626036194;4163;250;4966;4969;9.00;0.55;243.01;4.44;803;41;1690.00;3
4166;41;626036204;4166;252;4968;4969;8.93;0.55;243.02;4.44;802;41;1691.00;1
4170;41;626036213;4170;260;4978;4981;8.92;0.55;242.98;4.43;808;41;1692.00;3
4174;41;626036224;4174;272;4978;4981;8.78;0.54;242.95;4.43;804;41;1693.00;3
4177;41;626036233;4177;270;4981;4981;8.74;0.54;242.94;4.43;804;41;1694.00;0
4181;41;626036243;4181;274;4981;4981;8.64;0.53;242.94;4.43;800;41;1695.00;0
4186;41;626036253;4186;283;4981;4981;8.43;0.52;242.96;4.43;795;41;1696.00;0
4189;41;626036261;4189;287;4981;4981;8.27;0.51;242.97;4.43;792;41;1697.00;0
4192;41;626036270;4192;287;4982;4982;8.00;0.49;242.98;4.43;790;41;1698.00;0
4196;41;626036279;4196;294;4982;4982;7.72;0.48;243.00;4.43;786;41;1699.00;0
4199;41;626036288;4199;289;4987;4988;7.58;0.47;243.02;4.43;788;41;1700.00;1
4204;41;626036301;4204;296;4988;4989;7.40;0.46;243.19;4.43;784;41;1701.00;1
4208;41;626036310;4208;293;4989;4989;7.33;0.45;243.28;4.43;781;41;1702.00;0
4212;41;626036318;4212;293;4989;4989;7.28;0.45;243.33;4.43;777;41;1703.00;0
4214;41;626036327;4214;294;4993;4993;7.21;0.44;243.37;4.43;779;41;1704.00;0
4216;41;626036336;4216;292;4993;4993;7.23;0.45;243.46;4.43;777;41;1705.00;0
4221;41;626036346;4221;297;4993;4993;7.21;0.44;243.45;4.43;772;41;1706.00;0
4225;41;626036354;4225;291;4994;4994;7.24;0.44;243.55;4.42;769;41;1707.00;0
4231;41;626036364;4231;288;4997;4998;7.35;0.45;243.70;4.42;766;41;1708.00;1
4232;41;626036373;4232;294;4997;4998;7.49;0.46;243.66;4.42;765;41;1709.00;1
4235;41;626036384;4235;295;5000;5004;7.57;0.46;243.74;4.42;765;41;1710.00;4
4240;41;626036394;4240;297;5002;5004;7.52;0.46;243.81;4.42;762;41;1711.00;2
4243;41;626036404;4243;296;5002;5004;7.56;0.46;243.72;4.42;759;41;1712.00;2
4247;41;626036412;4247;301;5003;5004;7.48;0.46;243.71;4.42;756;41;1713.00;1
4251;41;626036421;4251;299;5006;5008;7.46;0.46;243.64;4.42;755;41;1714.00;2
4255;41;626036430;4255;298;5007;5008;7.39;0.45;243.50;4.42;752;41;1715.00;1
4259;41;626036439;4259;295;5007;5008;7.31;0.45;243.36;4.42;748;41;1716.00;1
4259;41;626036448;4259;296;5008;5008;7.31;0.45;243.36;4.42;749;41;1717.00;0
4260;41;626036456;4260;299;5009;5009;7.28;0.45;243.33;4.42;749;41;1718.00;0
4263;41;626036466;4263;303;5010;5010;7.25;0.44;243.24;4.42;747;41;1719.00;0
4263;41;626036476;4263;306;5010;5010;7.24;0.45;243.24;4.42;747;41;1720.00;0
4268;41;626036485;4268;310;5011;5011;7.22;0.44;243.18;4.41;743;41;1721.00;0
4273;41;626036494;4273;317;5011;5011;7.12;0.44;243.23;4.41;738;41;1722.00;0
4277;41;626036503;4277;319;5011;5011;7.03;0.43;243.17;4.41;734;41;1723.00;0
4281;41;626036512;4281;317;5011;5011;7.03;0.43;243.10;4.41;730;41;1724.00;0
4285;41;626036520;4285;311;5011;5011;7.04;0.43;243.12;4.41;726;41;1725.00;0
4288;41;626036530;4288;312;5011;5011;7.01;0.43;243.06;4.41;723;41;1726.00;0
4294;41;626036538;4294;316;5011;5011;6.89;0.42;243.01;4.41;717;41;1727.00;0
4296;41;626036546;4296;329;5085;5138;7.25;0.45;243.06;4.35;789;41;1728.00;53
4301;41;626036565;4301;323;5087;5139;7.19;0.45;243.01;4.35;786;41;1729.00;52
4305;41;626036575;4305;325;5099;5139;7.25;0.45;242.98;4.34;794;41;1730.00;40
4309;41;626036584;4309;330;5102;5139;7.25;0.45;243.20;4.34;793;41;1731.00;37
4313;41;626036594;4313;337;5108;5139;7.32;0.45;243.17;4.34;795;41;1732.00;31
4315;41;626036604;4315;340;5114;5139;7.36;0.46;243.19;4.34;799;41;1733.00;25
4317;41;626036613;4317;346;5119;5139;7.31;0.45;243.11;4.35;802;41;1734.00;20
4318;41;626036623;4318;348;5121;5139;7.25;0.45;243.06;4.35;803;41;1735.00;18
4321;41;626036638;4321;352;5125;5140;7.22;0.45;243.06;4.35;804;41;1736.00;15
4322;41;626036648;4322;356;5128;5141;7.17;0.44;243.05;4.35;806;41;1737.00;13
4325;41;626036663;4325;359;5131;5141;7.12;0.44;243.12;4.36;806;41;1738.00;10
4326;41;626036673;4326;350;5133;5142;7.12;0.44;243.12;4.36;807;41;1739.00;9
4327;41;626036685;4327;347;5135;5142;7.17;0.44;243.10;4.36;808;41;1740.00;7
4330;41;626036696;4330;350;5136;5142;7.20;0.44;243.05;4.36;806;41;1741.00;6
4331;41;626036706;4331;349;5137;5142;7.25;0.45;243.08;4.36;806;41;1742.00;5
4332;41;626036716;4332;345;5140;5146;7.35;0.45;243.06;4.36;808;41;1743.00;6
4334;41;626036727;4334;348;5141;5146;7.45;0.46;243.02;4.37;807;41;1744.00;5
4335;41;626036738;4335;348;5142;5146;7.49;0.46;242.97;4.37;807;41;1745.00;4
4338;41;626036756;4338;338;5145;5149;7.56;0.46;242.95;4.37;807;41;1746.00;4
4339;41;626036768;4339;318;5145;5149;7.64;0.47;242.95;4.37;806;41;1747.00;4
4341;41;626036779;4341;310;5146;5149;7.71;0.47;242.98;4.37;805;41;1748.00;3
4344;41;626036792;4344;303;5150;5153;7.80;0.48;242.97;4.37;806;41;1749.00;3
4347;41;626036805;4347;298;5151;5154;7.89;0.48;242.88;4.37;804;41;1750.00;3
4351;41;626036817;4351;296;5152;5154;8.01;0.49;243.00;4.37;801;41;1751.00;2
4355;41;626036828;4355;287;5155;5158;8.14;0.50;243.03;4.36;800;41;1752.00;3
4358;41;626036846;4358;281;5155;5158;8.22;0.50;243.00;4.36;797;41;1753.00;3
4358;41;626036857;4358;275;5155;5158;8.32;0.51;243.00;4.36;797;41;1754.00;3
4361;41;626036868;4361;273;5157;5160;8.39;0.51;242.99;4.36;796;41;1755.00;3
4363;41;626036879;4363;253;5157;5160;8.43;0.51;242.93;4.36;794;41;1756.00;3
4364;41;626036896;4364;240;5161;5166;8.49;0.52;242.88;4.36;797;41;1757.00;5
4365;41;626036920;4365;233;5161;5166;8.53;0.52;242.86;4.36;796;41;1758.00;5
4365;41;626036938;4365;226;5162;5167;8.58;0.52;242.86;4.36;797;41;1759.00;5
4367;41;626036955;4367;222;5162;5167;8.62;0.52;242.80;4.36;795;41;1760.00;5
4370;41;626036973;4370;218;5162;5167;8.68;0.53;242.85;4.36;792;41;1761.00;5
4374;41;626036992;4374;226;5162;5167;8.70;0.53;242.82;4.36;788;41;1762.00;5
4375;41;626037005;4375;227;5162;5167;8.77;0.53;242.80;4.36;787;41;1763.00;5
4378;42;626037018;4378;224;5172;5179;9.02;0.55;242.83;4.35;794;42;1764.00;7
4383;42;626037042;4383;228;5172;5179;9.08;0.55;242.91;4.35;789;42;1765.00;7
4384;42;626037055;4384;230;5173;5179;9.18;0.56;242.89;4.35;789;42;1766.00;6
4386;42;626037068;4386;225;5173;5179;9.26;0.56;242.93;4.35;787;42;1767.00;6
4388;42;626037081;4388;222;5173;5179;9.39;0.57;242.96;4.35;785;42;1768.00;6
4391;42;626037092;4391;219;5173;5179;9.46;0.57;242.98;4.35;782;42;1769.00;6
4392;42;626037106;4392;215;5176;5183;9.52;0.58;242.96;4.35;784;42;1770.00;7
4397;42;626037118;4397;217;5176;5183;9.58;0.58;243.06;4.35;779;42;1771.00;7
4398;42;626037129;4398;215;5179;5187;9.64;0.58;243.05;4.35;781;42;1772.00;8
4403;42;626037147;4403;210;5181;5188;9.75;0.59;243.26;4.34;778;42;1773.00;7
4404;42;626037158;4404;207;5181;5188;9.72;0.59;243.25;4.34;777;42;1774.00;7
4407;42;626037170;4407;205;5181;5188;9.72;0.59;243.31;4.34;774;42;1775.00;7
4412;42;626037181;4412;210;5192;5201;9.73;0.59;243.34;4.34;780;42;1776.00;9
4413;42;626037193;4413;209;5192;5201;9.77;0.59;243.31;4.34;779;42;1777.00;9
4419;43;626037205;4419;212;5192;5201;9.78;0.59;243.33;4.34;773;43;1778.00;9
4419;43;626037235;4419;217;5193;5202;9.85;0.60;243.33;4.34;774;43;1779.00;9
4421;43;626037246;4421;216;5193;5203;9.82;0.60;243.41;4.34;772;43;1780.00;10
4424;43;626037259;4424;222;5193;5203;9.81;0.60;243.49;4.34;769;43;1781.00;10
4425;43;626037270;4425;225;5195;5206;9.82;0.60;243.46;4.33;770;43;1782.00;11
4429;43;626037281;4429;230;5195;5206;9.79;0.60;243.62;4.33;766;43;1783.00;11
4430;43;626037298;4430;227;5196;5206;9.75;0.59;243.59;4.33;766;43;1784.00;10
4433;43;626037308;4433;226;5196;5206;9.70;0.59;243.67;4.33;763;43;1785.00;10
4435;43;626037319;4435;227;5200;5212;9.67;0.59;243.71;4.33;765;43;1786.00;12
4437;43;626037330;4437;229;5200;5212;9.69;0.59;243.74;4.33;763;43;1787.00;12
4439;43;626037340;4439;229;5201;5212;9.68;0.59;243.77;4.33;762;43;1788.00;11
4440;43;626037351;4440;232;5201;5212;9.64;0.59;243.77;4.33;761;43;1789.00;11
4445;43;626037361;4445;222;5204;5216;9.55;0.58;243.86;4.33;759;43;1790.00;12
4447;43;626037372;4447;216;5205;5217;9.60;0.58;243.89;4.33;758;43;1791.00;12
4452;43;626037382;4452;208;5205;5217;9.57;0.58;243.94;4.33;753;43;1792.00;12
4453;43;626037393;4453;206;5206;5218;9.63;0.59;243.95;4.33;753;43;1793.00;12
4456;43;626037403;4456;197;5206;5218;9.67;0.59;244.03;4.33;750;43;1794.00;12
4457;43;626037413;4457;190;5206;5218;9.72;0.59;244.07;4.33;749;43;1795.00;12
4460;43;626037423;4460;184;5206;5218;9.77;0.60;244.08;4.33;746;43;1796.00;12
4463;43;626037434;4463;180;5206;5218;9.81;0.60;244.16;4.33;743;43;1797.00;12
4465;43;626037444;4465;171;5206;5218;9.86;0.60;244.19;4.33;741;43;1798.00;12
4471;43;626037454;4471;163;5206;5218;9.88;0.60;244.25;4.33;735;43;1799.00;12
4473;43;626037467;4473;176;5271;5356;9.68;0.60;244.35;4.27;798;43;1800.00;85
4478;43;626037493;4478;161;5271;5357;9.65;0.59;244.39;4.27;793;43;1801.00;86
4483;43;626037505;4483;143;5280;5357;9.66;0.59;244.49;4.27;797;43;1802.00;77
4485;43;626037515;4485;131;5285;5357;9.73;0.60;244.53;4.27;800;43;1803.00;72
4490;43;626037526;4490;130;5291;5357;9.71;0.60;244.64;4.27;801;43;1804.00;66
4493;43;626037536;4493;123;5297;5357;9.75;0.60;244.72;4.29;804;43;1805.00;60
4497;43;626037547;4497;117;5302;5357;9.79;0.60;244.85;4.29;805;43;1806.00;55
4504;43;626037558;4504;120;5302;5357;9.79;0.60;244.84;4.29;798;43;1807.00;55
4508;43;626037570;4508;123;5307;5358;9.82;0.60;244.93;4.29;799;43;1808.00;51
4513;43;626037587;4513;121;5308;5359;9.84;0.60;245.01;4.30;795;43;1809.00;51
4514;43;626037604;4514;119;5309;5359;9.91;0.60;244.97;4.30;795;43;1810.00;50
4517;43;626037614;4517;121;5314;5363;9.92;0.61;245.11;4.30;797;43;1811.00;49
4520;43;626037633;4520;121;5316;5363;9.94;0.61;245.09;4.30;796;43;1812.00;47
4522;43;626037646;4522;118;5317;5363;9.95;0.61;245.13;4.30;795;43;1813.00;46
4526;43;626037665;4526;115;5320;5363;9.86;0.60;245.21;4.31;794;43;1814.00;43
4528;43;626037682;4528;122;5322;5369;9.84;0.60;245.22;4.30;794;43;1815.00;47
4531;43;626037695;4531;118;5324;5369;9.76;0.59;245.29;4.31;793;43;1816.00;45
4534;43;626037706;4534;127;5325;5369;9.77;0.59;245.34;4.31;791;43;1817.00;44
4538;43;626037718;4538;140;5327;5372;9.78;0.59;245.43;4.31;789;43;1818.00;45
4539;43;626037730;4539;142;5328;5372;9.85;0.60;245.46;4.31;789;43;1819.00;44
4542;43;626037741;4542;146;5332;5372;9.82;0.60;245.55;4.32;790;43;1820.00;40
4544;43;626037755;4544;145;5332;5373;9.92;0.61;245.64;4.32;788;43;1821.00;41
4547;43;626037766;4547;148;5334;5374;9.98;0.61;245.68;4.32;787;43;1822.00;40
4548;43;626037778;4548;155;5335;5374;10.05;0.61;245.67;4.33;787;43;1823.00;39
4550;43;626037789;4550;158;5342;5387;10.07;0.61;245.61;4.33;792;43;1824.00;45
4552;43;626037802;4552;159;5346;5387;10.07;0.62;245.62;4.33;794;43;1825.00;41
4555;43;626037814;4555;163;5346;5387;10.13;0.62;245.62;4.33;791;43;1826.00;41
4557;43;626037833;4557;171;5348;5388;10.13;0.62;245.54;4.34;791;43;1827.00;40
4558;43;626037845;4558;172;5349;5388;10.11;0.62;245.54;4.34;791;43;1828.00;39
4562;43;626037857;4562;179;5355;5392;10.07;0.61;245.59;4.36;793;43;1829.00;37
4563;43;626037872;4563;176;5356;5392;9.99;0.61;245.59;4.37;793;43;1830.00;36
4566;43;626037896;4566;178;5360;5396;9.87;0.60;245.60;4.37;794;43;1831.00;36
4568;43;626037908;4568;186;5361;5396;9.81;0.60;245.69;4.37;793;43;1832.00;35
4572;43;626037919;4572;184;5365;5396;9.76;0.59;245.82;4.40;793;43;1833.00;31
4576;43;626037932;4576;178;5365;5396;9.74;0.59;245.86;4.40;789;43;1834.00;31
4579;43;626037944;4579;179;5367;5396;9.67;0.59;245.91;4.42;788;43;1835.00;29
4583;43;626037955;4583;185;5377;5408;9.70;0.59;245.84;4.41;794;43;1836.00;31
4585;43;626037968;4585;187;5379;5408;9.70;0.59;245.85;4.43;794;43;1837.00;29
4587;43;626037978;4587;187;5380;5408;9.74;0.59;245.82;4.43;793;43;1838.00;28
4591;43;626037989;4591;187;5384;5408;9.68;0.59;245.89;4.45;793;43;1839.00;24
4593;43;626037999;4593;192;5385;5408;9.64;0.59;245.93;4.46;792;43;1840.00;23
4595;43;626038010;4595;201;5387;5408;9.60;0.59;245.90;4.47;792;43;1841.00;21
4597;43;626038021;4597;206;5388;5409;9.58;0.58;245.96;4.48;791;43;1842.00;21
4600;43;626038032;4600;215;5389;5409;9.51;0.58;246.09;4.49;789;43;1843.00;20
4601;43;626038042;4601;223;5395;5415;9.46;0.58;246.08;4.50;794;43;1844.00;20
4602;43;626038053;4602;227;5398;5417;9.43;0.58;246.05;4.50;796;43;1845.00;19
4604;43;626038070;4604;237;5399;5417;9.37;0.57;245.99;4.51;795;43;1846.00;18
4609;43;626038080;4609;244;5399;5417;9.24;0.56;245.94;4.51;790;43;1847.00;18
4611;43;626038091;4611;249;5403;5421;9.19;0.56;245.95;4.51;792;43;1848.00;18
4613;43;626038101;4613;253;5404;5421;9.12;0.56;245.97;4.52;791;43;1849.00;17
4615;43;626038111;4615;252;5405;5421;9.14;0.56;246.00;4.53;790;43;1850.00;16
4617;43;626038120;4617;255;5408;5422;9.10;0.56;246.07;4.54;791;43;1851.00;14
4620;43;626038130;4620;253;5412;5426;9.05;0.55;246.03;4.54;792;43;1852.00;14
4623;43;626038141;4623;246;5413;5426;8.96;0.55;246.10;4.54;790;43;1853.00;13
4627;43;626038151;4627;241;5415;5429;8.90;0.54;246.06;4.54;788;43;1854.00;14
4627;43;626038162;4627;239;5416;5429;8.87;0.54;246.06;4.54;789;43;1855.00;13
4632;43;626038172;4632;244;5418;5429;8.86;0.54;246.10;4.55;786;43;1856.00;11
4633;43;626038182;4633;243;5418;5429;8.79;0.54;246.07;4.55;785;43;1857.00;11
4634;43;626038191;4634;243;5422;5433;8.75;0.54;246.13;4.55;788;43;1858.00;11
4638;43;626038201;4638;241;5423;5433;8.72;0.53;246.20;4.55;785;43;1859.00;10
4642;43;626038213;4642;239;5424;5433;8.62;0.53;246.07;4.55;782;43;1860.00;9
4644;43;626038223;4644;242;5426;5433;8.49;0.52;246.01;4.55;782;43;1861.00;7
4646;43;626038232;4646;250;5427;5434;8.36;0.51;246.00;4.55;781;43;1862.00;7
4648;43;626038242;4648;259;5428;5435;8.18;0.50;245.98;4.55;780;43;1863.00;7
4652;43;626038252;4652;261;5428;5435;8.03;0.49;246.01;4.55;776;43;1864.00;7
4655;43;626038261;4655;269;5429;5436;7.90;0.49;246.17;4.55;774;43;1865.00;7
4659;43;626038270;4659;282;5429;5436;7.71;0.47;246.16;4.55;770;43;1866.00;7
4660;43;626038279;4660;287;5429;5436;7.59;0.47;246.12;4.55;769;43;1867.00;7
4663;43;626038287;4663;300;5429;5436;7.35;0.45;246.21;4.55;766;43;1868.00;7
4666;43;626038295;4666;309;5429;5436;7.20;0.44;246.18;4.55;763;43;1869.00;7
4670;43;626038304;4670;303;5429;5436;7.10;0.44;246.13;4.55;759;43;1870.00;7
4674;43;626038313;4674;302;5429;5436;6.95;0.43;246.04;4.55;755;43;1871.00;7
4676;43;626038321;4676;316;5499;5563;7.18;0.45;246.09;4.49;823;43;1872.00;64
4679;43;626038339;4679;303;5504;5564;7.05;0.44;246.10;4.49;825;43;1873.00;60
4682;43;626038348;4682;301;5512;5564;7.05;0.44;246.06;4.49;830;43;1874.00;52
4684;43;626038357;4684;301;5517;5564;7.03;0.44;246.04;4.49;833;43;1875.00;47
4687;43;626038366;4687;307;5521;5564;6.96;0.43;246.03;4.49;834;43;1876.00;43
4689;43;626038375;4689;304;5528;5564;7.00;0.44;246.02;4.49;839;43;1877.00;36
4691;43;626038384;4691;305;5533;5564;7.02;0.44;245.99;4.49;842;43;1878.00;31
4692;43;626038394;4692;314;5535;5564;7.00;0.43;246.02;4.49;843;43;1879.00;29
4693;43;626038403;4693;319;5539;5565;7.05;0.44;246.07;4.49;846;43;1880.00;26
4696;43;626038412;4696;319;5543;5566;7.01;0.44;246.07;4.49;847;43;1881.00;23
4700;43;626038422;4700;317;5546;5568;6.95;0.43;246.03;4.50;846;43;1882.00;22
4700;43;626038431;4700;332;5549;5569;6.89;0.43;246.03;4.50;849;43;1883.00;20
4704;43;626038441;4704;333;5552;5569;6.82;0.42;246.15;4.50;848;43;1884.00;17
4711;43;626038451;4711;333;5553;5569;6.77;0.42;246.09;4.50;842;43;1885.00;16
4711;43;626038461;4711;335;5555;5569;6.75;0.42;246.09;4.51;844;43;1886.00;14
4716;43;626038472;4716;339;5558;5573;6.72;0.42;246.06;4.51;842;43;1887.00;15
4718;43;626038482;4718;338;5560;5573;6.72;0.42;246.13;4.51;842;43;1888.00;13
4719;43;626038492;4719;345;5561;5573;6.75;0.42;246.22;4.51;842;43;1889.00;12
4724;43;626038503;4724;350;5564;5579;6.77;0.42;246.34;4.51;840;43;1890.00;15
4728;43;626038514;4728;343;5566;5579;6.75;0.42;246.30;4.51;838;43;1891.00;13
4734;43;626038525;4734;331;5566;5579;6.75;0.41;246.22;4.51;832;43;1892.00;13
4737;43;626038542;4737;324;5570;5583;6.83;0.42;246.25;4.51;833;43;1893.00;13
4741;43;626038553;4741;319;5573;5584;6.87;0.42;246.20;4.51;832;43;1894.00;11
4744;43;626038563;4744;314;5574;5584;6.95;0.43;246.12;4.51;830;43;1895.00;10
4748;44;626038574;4748;315;5578;5588;7.02;0.43;246.15;4.52;830;44;1896.00;10
4750;45;626038596;4750;316;5578;5588;7.09;0.43;246.16;4.52;828;45;1897.00;10
4753;45;626038618;4753;315;5578;5588;7.14;0.44;246.14;4.52;825;45;1898.00;10
4755;45;626038628;4755;321;5579;5589;7.21;0.44;246.20;4.52;824;45;1899.00;10
4758;45;626038651;4758;323;5579;5589;7.20;0.44;246.09;4.52;821;45;1900.00;10
4761;45;626038666;4761;323;5583;5595;7.21;0.44;246.14;4.52;822;45;1901.00;12
4764;47;626038683;4764;328;5583;5595;7.25;0.44;246.16;4.52;819;47;1902.00;12
4769;47;626038719;4769;327;5584;5596;7.31;0.44;246.14;4.52;815;47;1903.00;12
4772;47;626038730;4772;322;5584;5596;7.39;0.45;246.12;4.52;812;47;1904.00;12
4775;47;626038747;4775;321;5584;5596;7.47;0.45;246.17;4.52;809;47;1905.00;12
4776;47;626038757;4776;318;5584;5596;7.58;0.46;246.19;4.52;808;47;1906.00;12
4781;47;626038768;4781;313;5584;5596;7.66;0.46;246.34;4.52;803;47;1907.00;12
4783;47;626038779;4783;316;5594;5608;7.82;0.47;246.33;4.51;811;47;1908.00;14
4787;47;626038791;4787;319;5595;5608;7.92;0.48;246.34;4.51;808;47;1909.00;13
4790;47;626038803;4790;322;5595;5608;7.91;0.48;246.37;4.51;805;47;1910.00;13
4791;47;626038814;4791;322;5595;5608;7.90;0.48;246.35;4.51;804;47;1911.00;13
4794;47;626038825;4794;327;5595;5608;7.89;0.48;246.53;4.51;801;47;1912.00;13
4796;47;626038838;4796;329;5595;5608;7.90;0.48;246.56;4.51;799;47;1913.00;13
4797;47;626038849;4797;335;5598;5612;7.87;0.48;246.60;4.51;801;47;1914.00;14
4800;47;626038860;4800;338;5598;5612;7.79;0.47;246.57;4.51;798;47;1915.00;14
4800;47;626038871;4800;343;5601;5616;7.74;0.47;246.57;4.50;801;47;1916.00;15
4803;47;626038883;4803;336;5603;5617;7.69;0.47;246.63;4.50;800;47;1917.00;14
4805;47;626038901;4805;329;5603;5617;7.66;0.47;246.63;4.50;798;47;1918.00;14
4808;47;626038920;4808;332;5603;5617;7.57;0.46;246.66;4.50;795;47;1919.00;14
4811;47;626038940;4811;333;5624;5646;7.64;0.46;246.68;4.49;813;47;1920.00;22
4814;47;626038961;4814;331;5624;5646;7.63;0.46;246.75;4.49;810;47;1921.00;22
4817;47;626038978;4817;328;5626;5646;7.65;0.47;246.74;4.49;809;47;1922.00;20
4820;47;626038994;4820;318;5628;5647;7.71;0.47;246.68;4.49;808;47;1923.00;19
4824;47;626039007;4824;317;5629;5648;7.77;0.47;246.66;4.48;805;47;1924.00;19
4827;47;626039020;4827;318;5629;5648;7.82;0.48;246.66;4.48;802;47;1925.00;19
4831;47;626039032;4831;309;5632;5651;7.88;0.48;246.68;4.48;801;47;1926.00;19
4832;47;626039051;4832;296;5632;5651;7.97;0.48;246.70;4.48;800;47;1927.00;19
4836;47;626039063;4836;280;5632;5651;8.07;0.49;246.75;4.48;796;47;1928.00;19
4837;47;626039076;4837;276;5632;5651;8.15;0.49;246.75;4.48;795;47;1929.00;19
4842;47;626039089;4842;275;5636;5657;8.23;0.50;246.77;4.48;794;47;1930.00;21
4847;47;626039103;4847;272;5636;5657;8.22;0.50;246.71;4.48;789;47;1931.00;21
4849;47;626039116;4849;273;5637;5657;8.30;0.50;246.73;4.48;788;47;1932.00;20
4851;47;626039127;4851;270;5637;5657;8.37;0.51;246.72;4.48;786;47;1933.00;20
4852;48;626039139;4852;273;5640;5661;8.37;0.51;246.70;4.48;788;48;1934.00;21
4855;48;626039169;4855;273;5642;5663;8.38;0.51;246.76;4.48;787;48;1935.00;21
4860;48;626039181;4860;273;5642;5663;8.41;0.51;246.94;4.48;782;48;1936.00;21
4860;48;626039193;4860;273;5643;5664;8.47;0.51;246.94;4.48;783;48;1937.00;21
4864;48;626039205;4864;266;5643;5664;8.45;0.51;246.96;4.48;779;48;1938.00;21
4866;48;626039217;4866;259;5644;5664;8.46;0.51;247.02;4.50;778;48;1939.00;20
4869;48;626039228;4869;245;5644;5664;8.47;0.51;247.04;4.50;775;48;1940.00;20
4872;48;626039240;4872;245;5644;5664;8.47;0.51;247.14;4.50;772;48;1941.00;20
4873;48;626039252;4873;245;5644;5664;8.53;0.52;247.12;4.50;771;48;1942.00;20
4875;48;626039263;4875;244;5644;5664;8.53;0.52;247.14;4.50;769;48;1943.00;20
4878;48;626039275;4878;253;5688;5734;8.44;0.51;247.12;4.46;810;48;1944.00;46
4879;48;626039291;4879;246;5688;5735;8.47;0.52;247.17;4.46;809;48;1945.00;47
4880;48;626039302;4880;233;5694;5735;8.63;0.53;247.17;4.46;814;48;1946.00;41
4883;48;626039314;4883;234;5698;5735;8.72;0.53;247.25;4.46;815;48;1947.00;37
4885;48;626039324;4885;241;5702;5735;8.77;0.54;247.30;4.46;817;48;1948.00;33
4887;48;626039344;4887;240;5704;5735;8.83;0.54;247.29;4.46;817;48;1949.00;31
4889;48;626039358;4889;233;5708;5737;8.90;0.54;247.25;4.46;819;48;1950.00;29
4894;48;626039370;4894;239;5708;5737;8.93;0.54;247.28;4.46;814;48;1951.00;29
4896;48;626039381;4896;242;5711;5738;9.02;0.55;247.27;4.46;815;48;1952.00;27
4897;48;626039393;4897;246;5713;5739;9.11;0.55;247.23;4.46;816;48;1953.00;26
4897;48;626039404;4897;251;5714;5739;9.11;0.55;247.23;4.46;817;48;1954.00;25
4899;48;626039414;4899;249;5718;5743;9.07;0.55;247.24;4.49;819;48;1955.00;25
4901;48;626039427;4901;251;5718;5743;9.03;0.55;247.23;4.49;817;48;1956.00;25
4902;48;626039446;4902;252;5718;5743;8.97;0.55;247.31;4.49;816;48;1957.00;25
4904;48;626039457;4904;255;5718;5743;8.98;0.55;247.30;4.49;814;48;1958.00;25
4906;48;626039468;4906;257;5722;5749;8.96;0.55;247.35;4.48;816;48;1959.00;27
4911;48;626039487;4911;250;5723;5749;8.87;0.54;247.33;4.48;812;48;1960.00;26
4912;48;626039500;4912;251;5723;5749;8.85;0.54;247.36;4.48;811;48;1961.00;26
4914;48;626039510;4914;244;5726;5752;8.86;0.54;247.55;4.48;812;48;1962.00;26
4915;48;626039522;4915;247;5726;5752;8.87;0.54;247.55;4.48;811;48;1963.00;26
4918;48;626039533;4918;241;5726;5752;8.89;0.54;247.64;4.48;808;48;1964.00;26
4920;48;626039544;4920;238;5726;5753;8.99;0.55;247.60;4.48;806;48;1965.00;27
4924;48;626039555;4924;229;5727;5754;9.14;0.56;247.56;4.48;803;48;1966.00;27
4928;48;626039566;4928;224;5727;5754;9.18;0.56;247.58;4.48;799;48;1967.00;27
4932;48;626039577;4932;225;5737;5767;9.18;0.56;247.63;4.50;805;48;1968.00;30
4933;48;626039590;4933;215;5737;5767;9.23;0.56;247.61;4.50;804;48;1969.00;30
4934;48;626039601;4934;205;5737;5767;9.27;0.56;247.62;4.50;803;48;1970.00;30
4938;48;626039611;4938;202;5738;5768;9.38;0.57;247.63;4.50;800;48;1971.00;30
4941;48;626039622;4941;194;5738;5768;9.39;0.57;247.78;4.50;797;48;1972.00;30
4944;48;626039633;4944;189;5741;5772;9.37;0.57;247.82;4.50;797;48;1973.00;31
4947;48;626039644;4947;178;5743;5772;9.41;0.57;247.91;4.51;796;48;1974.00;29
4953;48;626039655;4953;169;5747;5776;9.39;0.57;248.08;4.52;794;48;1975.00;29
4956;48;626039675;4956;168;5747;5776;9.42;0.57;248.24;4.52;791;48;1976.00;29
4960;48;626039686;4960;163;5747;5776;9.43;0.57;248.22;4.52;787;48;1977.00;29
4967;48;626039698;4967;159;5748;5776;9.42;0.57;248.29;4.55;781;48;1978.00;28
4973;48;626039710;4973;151;5748;5776;9.42;0.57;248.38;4.55;775;48;1979.00;28
4975;48;626039722;4975;150;5768;5810;9.49;0.58;248.41;4.54;793;48;1980.00;42
4977;48;626039736;4977;146;5769;5810;9.50;0.58;248.45;4.54;792;48;1981.00;41
4981;48;626039747;4981;143;5770;5810;9.47;0.58;248.41;4.54;789;48;1982.00;40
4982;48;626039757;4982;145;5770;5810;9.43;0.58;248.49;4.54;788;48;1983.00;40
4984;48;626039768;4984;142;5771;5810;9.46;0.58;248.46;4.54;787;48;1984.00;39
4987;48;626039778;4987;137;5771;5810;9.53;0.58;248.48;4.54;784;48;1985.00;39
4990;48;626039789;4990;138;5772;5811;9.60;0.58;248.55;4.54;782;48;1986.00;39
4992;48;626039800;4992;146;5773;5811;9.67;0.59;248.58;4.54;781;48;1987.00;38
4997;48;626039811;4997;145;5776;5817;9.73;0.59;248.59;4.54;779;48;1988.00;41
5000;48;626039822;5000;148;5777;5818;9.78;0.59;248.56;4.54;777;48;1989.00;41
5004;48;626039833;5004;151;5781;5818;9.71;0.59;248.61;4.54;777;48;1990.00;37
5007;48;626039844;5007;153;5782;5818;9.60;0.58;248.60;4.57;775;48;1991.00;36
5011;48;626039854;5011;154;5784;5822;9.59;0.58;248.69;4.57;773;48;1992.00;38
5013;48;626039865;5013;154;5786;5822;9.54;0.58;248.68;4.59;773;48;1993.00;36
5015;48;626039876;5015;158;5786;5822;9.51;0.58;248.66;4.59;771;48;1994.00;36
5016;48;626039887;5016;156;5789;5823;9.47;0.57;248.68;4.62;773;48;1995.00;34
5017;48;626039899;5017;161;5793;5827;9.44;0.57;248.67;4.62;776;48;1996.00;34
5019;48;626039918;5019;163;5793;5827;9.43;0.57;248.74;4.62;774;48;1997.00;34
5020;48;626039929;5020;167;5795;5830;9.44;0.57;248.77;4.62;775;48;1998.00;35
5022;48;626039943;5022;171;5799;5830;9.43;0.57;248.79;4.65;777;48;1999.00;31
5022;48;626039957;5022;171;5799;5830;9.50;0.58;248.79;4.65;777;48;2000.00;31
5023;48;626039972;5023;172;5800;5830;9.56;0.58;248.82;4.65;777;48;2001.00;30
5028;48;626039983;5028;181;5805;5834;9.62;0.59;248.93;4.67;777;48;2002.00;29
5032;48;626039995;5032;183;5806;5834;9.62;0.59;248.98;4.67;774;48;2003.00;28
5037;48;626040014;5037;188;5807;5834;9.63;0.58;249.15;4.67;770;48;2004.00;27
5038;48;626040030;5038;194;5809;5834;9.67;0.59;249.13;4.70;771;48;2005.00;25
5042;48;626040045;5042;198;5809;5835;9.63;0.58;249.20;4.70;767;48;2006.00;26
5044;48;626040056;5044;199;5811;5836;9.60;0.58;249.22;4.70;767;48;2007.00;25
5044;48;626040067;5044;206;5814;5836;9.57;0.58;249.22;4.74;770;48;2008.00;22
5047;48;626040077;5047;212;5815;5837;9.54;0.58;249.24;4.74;768;48;2009.00;22
5050;48;626040089;5050;222;5816;5837;9.46;0.57;249.24;4.75;766;48;2010.00;21
5051;48;626040099;5051;225;5817;5837;9.35;0.57;249.20;4.76;766;48;2011.00;20
5053;48;626040109;5053;230;5817;5837;9.23;0.56;249.21;4.76;764;48;2012.00;20
5053;48;626040119;5053;234;5819;5837;9.17;0.56;249.21;4.77;766;48;2013.00;18
5055;48;626040128;5055;241;5819;5837;9.11;0.55;249.18;4.77;764;48;2014.00;18
5056;48;626040137;5056;243;5821;5837;9.03;0.55;249.19;4.79;765;48;2015.00;16
5059;48;626040147;5059;268;5887;5964;9.06;0.56;249.11;4.73;828;48;2016.00;77
5061;48;626040166;5061;261;5894;5965;8.89;0.55;249.09;4.74;833;48;2017.00;71
5063;48;626040176;5063;267;5905;5965;8.86;0.55;249.02;4.73;842;48;2018.00;60
5065;48;626040186;5065;263;5911;5965;8.80;0.54;248.96;4.74;846;48;2019.00;54
5066;48;626040197;5066;262;5919;5965;8.72;0.54;248.94;4.74;853;48;2020.00;46
5068;48;626040207;5068;261;5925;5965;8.57;0.53;248.86;4.75;857;48;2021.00;40
5069;48;626040218;5069;263;5931;5965;8.57;0.53;248.83;4.76;862;48;2022.00;34
5071;48;626040228;5071;260;5933;5965;8.52;0.53;248.81;4.76;862;48;2023.00;32
5075;48;626040244;5075;265;5938;5966;8.51;0.52;248.68;4.77;863;48;2024.00;28
5076;48;626040254;5076;267;5939;5968;8.45;0.52;248.65;4.77;863;48;2025.00;29
5080;48;626040265;5080;270;5941;5968;8.42;0.52;248.59;4.77;861;48;2026.00;27
5082;48;626040275;5082;274;5945;5969;8.33;0.51;248.55;4.79;863;48;2027.00;24
5085;48;626040285;5085;281;5947;5969;8.25;0.51;248.63;4.79;862;48;2028.00;22
5086;48;626040296;5086;291;5947;5969;8.17;0.50;248.61;4.79;861;48;2029.00;22
5090;48;626040306;5090;294;5950;5969;8.03;0.49;248.59;4.79;860;48;2030.00;19
5092;48;626040316;5092;303;5953;5973;7.90;0.49;248.59;4.79;861;48;2031.00;20
5094;48;626040327;5094;317;5958;5973;7.71;0.47;248.58;4.80;864;48;2032.00;15
5095;48;626040337;5095;326;5958;5973;7.55;0.46;248.57;4.80;863;48;2033.00;15
5097;48;626040346;5097;335;5962;5976;7.43;0.46;248.57;4.81;865;48;2034.00;14
5101;48;626040356;5101;350;5963;5976;7.28;0.45;248.56;4.81;862;48;2035.00;13
5102;48;626040365;5102;355;5964;5976;7.17;0.44;248.53;4.81;862;48;2036.00;12
5107;48;626040375;5107;365;5970;5980;6.98;0.43;248.49;4.81;863;48;2037.00;10
5109;48;626040385;5109;373;5972;5981;6.81;0.42;248.56;4.80;863;48;2038.00;9
5111;48;626040394;5111;380;5972;5981;6.65;0.41;248.61;4.80;861;48;2039.00;9
5113;48;626040404;5113;376;5977;5986;6.62;0.41;248.56;4.80;864;48;2040.00;9
5119;48;626040414;5119;374;5977;5986;6.49;0.40;248.56;4.80;858;48;2041.00;9
5119;48;626040423;5119;374;5977;5986;6.48;0.40;248.56;4.80;858;48;2042.00;9
5122;48;626040431;5122;362;5978;5987;6.45;0.40;248.60;4.80;856;48;2043.00;9
5126;48;626040441;5126;353;5978;5987;6.45;0.40;248.55;4.80;852;48;2044.00;9
5129;48;626040450;5129;347;5983;5993;6.49;0.40;248.57;4.80;854;48;2045.00;10
5131;48;626040467;5131;342;5983;5993;6.55;0.40;248.64;4.80;852;48;2046.00;10
5134;48;626040477;5134;332;5985;5994;6.62;0.41;248.54;4.80;851;48;2047.00;9
5136;48;626040487;5136;318;5985;5994;6.68;0.41;248.53;4.80;849;48;2048.00;9
5138;48;626040497;5138;316;5985;5994;6.74;0.42;248.55;4.80;847;48;2049.00;9
5140;48;626040512;5140;310;5985;5994;6.81;0.42;248.51;4.80;845;48;2050.00;9
5142;49;626040522;5142;303;5985;5994;6.82;0.42;248.51;4.80;843;49;2051.00;9
5145;49;626040542;5145;294;5995;6006;6.94;0.43;248.52;4.79;850;49;2052.00;11
5148;49;626040553;5148;295;5995;6006;7.01;0.43;248.46;4.79;847;49;2053.00;11
5151;49;626040564;5151;289;5997;6006;7.17;0.44;248.44;4.79;846;49;2054.00;9
5157;49;626040574;5157;290;5997;6006;7.27;0.44;248.37;4.79;840;49;2055.00;9
5159;49;626040585;5159;288;5997;6006;7.28;0.44;248.36;4.79;838;49;2056.00;9
5161;49;626040595;5161;282;5997;6006;7.30;0.45;248.35;4.79;836;49;2057.00;9
5162;49;626040606;5162;281;6001;6010;7.37;0.45;248.38;4.78;839;49;2058.00;9
5164;49;626040617;5164;282;6001;6010;7.42;0.45;248.39;4.78;837;49;2059.00;9
5167;49;626040633;5167;278;6004;6014;7.47;0.46;248.44;4.78;837;49;2060.00;10
5169;49;626040644;5169;278;6005;6015;7.51;0.46;248.48;4.78;836;49;2061.00;10
5172;49;626040655;5172;276;6006;6015;7.54;0.46;248.47;4.78;834;49;2062.00;9
5176;49;626040666;5176;280;6006;6015;7.54;0.46;248.45;4.78;830;49;2063.00;9
5181;49;626040677;5181;276;6017;6028;7.55;0.46;248.60;4.77;836;49;2064.00;11
5185;49;626040689;5185;274;6018;6028;7.58;0.46;248.71;4.77;833;49;2065.00;10
5189;49;626040700;5189;273;6019;6028;7.69;0.47;248.77;4.77;830;49;2066.00;9
5192;49;626040711;5192;274;6020;6029;7.76;0.47;248.76;4.77;828;49;2067.00;9
5194;49;626040722;5194;275;6021;6030;7.79;0.47;248.83;4.77;827;49;2068.00;9
5200;49;626040733;5200;275;6021;6030;7.83;0.48;248.96;4.77;821;49;2069.00;9
5205;49;626040746;5205;278;6024;6036;7.89;0.48;249.24;4.77;819;49;2070.00;12
5210;49;626040757;5210;277;6024;6036;7.93;0.48;249.20;4.77;814;49;2071.00;12
5215;49;626040769;5215;282;6025;6036;7.99;0.49;249.31;4.77;810;49;2072.00;11
5220;49;626040780;5220;283;6025;6036;8.00;0.49;249.39;4.77;805;49;2073.00;11
5225;49;626040791;5225;283;6029;6042;8.02;0.49;249.45;4.77;804;49;2074.00;13
5227;49;626040802;5227;283;6030;6042;7.99;0.49;249.52;4.80;803;49;2075.00;12
5233;49;626040815;5233;289;6031;6042;7.97;0.49;249.57;4.80;798;49;2076.00;11
5236;49;626040826;5236;294;6031;6042;7.95;0.49;249.60;4.80;795;49;2077.00;11
5244;49;626040837;5244;299;6035;6046;7.91;0.48;249.57;4.80;791;49;2078.00;11
5249;49;626040851;5249;302;6036;6047;7.92;0.48;249.62;4.80;787;49;2079.00;11
5251;49;626040865;5251;301;6037;6047;7.90;0.48;249.69;4.80;786;49;2080.00;10
5255;49;626040875;5255;303;6038;6048;7.82;0.48;249.67;4.80;783;49;2081.00;10
5262;49;626040887;5262;304;6038;6048;7.79;0.48;249.63;4.80;776;49;2082.00;10
5265;49;626040902;5265;311;6038;6048;7.73;0.47;249.63;4.80;773;49;2083.00;10
5269;49;626040923;5269;313;6038;6048;7.67;0.47;249.67;4.80;769;49;2084.00;10
5271;49;626040940;5271;310;6038;6048;7.67;0.47;249.74;4.80;767;49;2085.00;10
5273;49;626040957;5273;314;6038;6048;7.68;0.47;249.82;4.80;765;49;2086.00;10
5274;49;626040973;5274;303;6038;6048;7.67;0.47;249.82;4.80;764;49;2087.00;10
5279;49;626040988;5279;307;6079;6118;7.74;0.47;249.85;4.76;800;49;2088.00;39
5283;49;626041013;5283;293;6080;6119;7.77;0.47;249.90;4.76;797;49;2089.00;39
5284;49;626041027;5284;287;6085;6119;7.91;0.48;249.97;4.76;801;49;2090.00;34
5286;49;626041041;5286;281;6087;6119;7.95;0.48;249.97;4.76;801;49;2091.00;32
5289;49;626041054;5289;277;6091;6119;8.13;0.49;250.05;4.76;802;49;2092.00;28
5289;49;626041074;5289;277;6095;6119;8.27;0.50;250.05;4.76;806;49;2093.00;24
5291;49;626041087;5291;275;6099;6119;8.38;0.51;250.07;4.76;808;49;2094.00;20
5294;49;626041100;5294;274;6101;6119;8.36;0.51;250.07;4.76;807;49;2095.00;18
5296;49;626041112;5296;265;6104;6120;8.38;0.51;250.07;4.76;808;49;2096.00;16
5299;49;626041125;5299;249;6105;6121;8.43;0.51;250.03;4.76;806;49;2097.00;16
5301;49;626041138;5301;240;6106;6121;8.49;0.52;250.07;4.76;805;49;2098.00;15
5306;49;626041151;5306;230;6109;6125;8.48;0.52;250.12;4.76;803;49;2099.00;16
5309;49;626041167;5309;231;6113;6140;8.48;0.52;250.10;4.76;804;49;2100.00;27
5311;49;626041187;5311;229;6113;6140;8.57;0.52;250.09;4.76;802;49;2101.00;27
5312;49;626041200;5312;234;6113;6140;8.70;0.53;250.10;4.76;801;49;2102.00;27
5314;49;626041212;5314;232;6116;6146;8.76;0.53;250.14;4.75;802;49;2103.00;30
5317;49;626041225;5317;230;6116;6146;8.83;0.54;250.15;4.75;799;49;2104.00;30
5320;49;626041243;5320;235;6118;6146;8.98;0.55;250.14;4.80;798;49;2105.00;28
5323;49;626041256;5323;234;6121;6149;9.07;0.55;250.20;4.80;798;49;2106.00;28
5324;49;626041274;5324;225;6121;6149;9.17;0.56;250.17;4.80;797;49;2107.00;28
5328;49;626041287;5328;220;6121;6149;9.25;0.56;250.15;4.80;793;49;2108.00;28
5331;49;626041299;5331;211;6121;6150;9.29;0.57;250.14;4.80;790;49;2109.00;29
5332;49;626041311;5332;207;6122;6151;9.35;0.57;250.13;4.80;790;49;2110.00;29
5337;49;626041323;5337;204;6124;6151;9.36;0.57;250.09;4.80;787;49;2111.00;27
5337;49;626041336;5337;197;6133;6164;9.43;0.57;250.09;4.80;796;49;2112.00;31
5339;49;626041348;5339;196;6133;6164;9.46;0.58;250.04;4.80;794;49;2113.00;31
5340;49;626041360;5340;188;6133;6164;9.54;0.58;250.06;4.80;793;49;2114.00;31
5344;49;626041372;5344;184;6135;6166;9.58;0.58;250.07;4.79;791;49;2115.00;31
5346;49;626041384;5346;184;6135;6166;9.63;0.59;250.07;4.79;789;49;2116.00;31
5348;49;626041396;5348;190;6139;6170;9.62;0.59;250.11;4.80;791;49;2117.00;31
5352;50;626041408;5352;189;6139;6170;9.60;0.58;250.18;4.80;787;50;2118.00;31
5358;50;626041432;5358;194;6142;6174;9.56;0.58;250.29;4.80;784;50;2119.00;32
5358;50;626041444;5358;192;6142;6174;9.56;0.58;250.29;4.80;784;50;2120.00;32
5362;50;626041455;5362;195;6142;6174;9.61;0.58;250.42;4.80;780;50;2121.00;32
5363;50;626041466;5363;194;6142;6174;9.60;0.58;250.41;4.80;779;50;2122.00;32
5365;50;626041478;5365;199;6144;6174;9.53;0.58;250.37;4.80;779;50;2123.00;30
5368;50;626041489;5368;201;6152;6186;9.52;0.58;250.35;4.80;784;50;2124.00;34
5370;50;626041501;5370;209;6152;6186;9.48;0.58;250.35;4.80;782;50;2125.00;34
5372;50;626041512;5372;211;6155;6186;9.48;0.58;250.35;4.80;783;50;2126.00;31
5372;50;626041523;5372;205;6155;6186;9.45;0.58;250.35;4.80;783;50;2127.00;31
5375;50;626041535;5375;206;6156;6186;9.42;0.57;250.35;4.80;781;50;2128.00;30
5376;50;626041545;5376;206;6159;6186;9.41;0.57;250.36;4.81;783;50;2129.00;27
5378;50;626041564;5378;203;6159;6187;9.39;0.57;250.35;4.81;781;50;2130.00;28
5380;50;626041575;5380;198;6161;6187;9.32;0.57;250.33;4.81;781;50;2131.00;26
5381;50;626041592;5381;197;6165;6193;9.17;0.56;250.35;4.81;784;50;2132.00;28
5384;50;626041604;5384;193;6166;6194;9.12;0.55;250.28;4.81;782;50;2133.00;28
5386;50;626041615;5386;195;6167;6194;8.99;0.55;250.26;4.81;781;50;2134.00;27
5386;50;626041626;5386;188;6168;6194;8.92;0.54;250.26;4.85;782;50;2135.00;26
5390;50;626041636;5390;189;6171;6198;8.83;0.54;250.29;4.85;781;50;2136.00;27
5393;50;626041648;5393;185;6172;6198;8.74;0.53;250.25;4.85;779;50;2137.00;26
5393;50;626041658;5393;188;6172;6198;8.75;0.53;250.25;4.85;779;50;2138.00;26
5399;50;626041668;5399;189;6174;6199;8.69;0.53;250.21;4.85;775;50;2139.00;25
5404;50;626041678;5404;177;6177;6203;8.60;0.52;250.16;4.84;773;50;2140.00;26
5411;50;626041690;5411;178;6178;6203;8.60;0.52;250.21;4.88;767;50;2141.00;25
5414;50;626041700;5414;173;6181;6206;8.60;0.52;250.28;4.88;767;50;2142.00;25
5414;50;626041711;5414;175;6181;6206;8.69;0.53;250.28;4.88;767;50;2143.00;25
5415;50;626041721;5415;177;6181;6206;8.75;0.53;250.34;4.88;766;50;2144.00;25
5417;50;626041731;5417;179;6184;6206;8.79;0.54;250.39;4.93;767;50;2145.00;22
5421;50;626041742;5421;176;6188;6210;8.87;0.54;250.42;4.93;767;50;2146.00;22
5423;50;626041753;5423;171;6188;6210;8.82;0.54;250.51;4.93;765;50;2147.00;22
5427;50;626041770;5427;168;6188;6210;8.77;0.53;250.57;4.93;761;50;2148.00;22
5431;50;626041787;5431;174;6189;6210;8.70;0.53;250.64;4.95;758;50;2149.00;21
5437;50;626041797;5437;165;6189;6211;8.59;0.52;250.51;4.95;752;50;2150.00;22
5438;50;626041808;5438;166;6191;6212;8.55;0.52;250.47;4.98;753;50;2151.00;21
5441;50;626041818;5441;167;6191;6212;8.57;0.52;250.46;4.98;750;50;2152.00;21
5443;50;626041829;5443;167;6192;6213;8.60;0.52;250.51;4.98;749;50;2153.00;21
5444;50;626041838;5444;167;6192;6213;8.61;0.52;250.47;4.98;748;50;2154.00;21
5447;50;626041848;5447;173;6193;6213;8.62;0.52;250.53;5.00;746;50;2155.00;20
5448;50;626041860;5448;180;6193;6213;8.57;0.52;250.50;5.00;745;50;2156.00;20
5451;50;626041870;5451;177;6193;6213;8.57;0.52;250.51;5.00;742;50;2157.00;20
5453;50;626041881;5453;180;6193;6213;8.56;0.52;250.52;5.00;740;50;2158.00;20
5456;50;626041892;5456;181;6195;6213;8.59;0.52;250.46;5.03;739;50;2159.00;18
5456;50;626041903;5456;219;6290;6443;8.76;0.55;250.46;4.96;834;50;2160.00;153
5456;50;626041933;5456;216;6291;6444;8.72;0.55;250.46;4.96;835;50;2161.00;153
5457;50;626041944;5457;206;6302;6444;8.83;0.55;250.46;4.95;845;50;2162.00;142
5459;50;626041955;5459;206;6311;6444;8.80;0.55;250.45;4.95;852;50;2163.00;133
5463;50;626041965;5463;211;6318;6444;8.80;0.55;250.59;4.95;855;50;2164.00;126
5465;50;626041977;5465;212;6326;6444;8.74;0.54;250.53;4.95;861;50;2165.00;118
5467;50;626041988;5467;214;6334;6444;8.70;0.54;250.50;4.95;867;50;2166.00;110
5468;51;626041998;5468;219;6338;6444;8.65;0.54;250.52;4.95;870;51;2167.00;106
5472;51;626042036;5472;225;6344;6445;8.70;0.54;250.45;4.95;872;51;2168.00;101
5475;51;626042048;5475;230;6348;6446;8.71;0.54;250.35;4.96;873;51;2169.00;98
5477;51;626042059;5477;238;6353;6446;8.69;0.54;250.32;4.98;876;51;2170.00;93
5480;51;626042070;5480;246;6360;6447;8.65;0.53;250.27;4.99;880;51;2171.00;87
5480;51;626042081;5480;249;6364;6447;8.65;0.53;250.27;4.99;884;51;2172.00;83
5481;51;626042092;5481;256;6368;6447;8.64;0.53;250.24;5.01;887;51;2173.00;79
5481;52;626042103;5481;266;6373;6447;8.53;0.53;250.24;5.03;892;52;2174.00;74
5482;52;626042128;5482;269;6376;6451;8.47;0.52;250.22;5.03;894;52;2175.00;75
5484;52;626042139;5484;274;6381;6451;8.34;0.51;250.22;5.05;897;52;2176.00;70
5486;52;626042155;5486;276;6383;6451;8.23;0.51;250.24;5.06;897;52;2177.00;68
5488;52;626042172;5488;281;6386;6454;8.14;0.50;250.21;5.06;898;52;2178.00;68
5488;52;626042182;5488;288;6389;6454;8.01;0.49;250.21;5.08;901;52;2179.00;65
5491;52;626042194;5491;296;6392;6454;7.91;0.49;250.18;5.10;901;52;2180.00;62
5492;52;626042215;5492;299;6399;6458;7.78;0.48;250.18;5.11;907;52;2181.00;59
5495;52;626042226;5495;300;6401;6459;7.70;0.47;250.11;5.11;906;52;2182.00;58
5495;52;626042237;5495;312;6403;6459;7.68;0.47;250.11;5.12;908;52;2183.00;56
5497;52;626042248;5497;322;6411;6463;7.63;0.47;250.05;5.15;914;52;2184.00;52
5499;52;626042259;5499;338;6413;6463;7.58;0.46;250.02;5.16;914;52;2185.00;50
5501;52;626042271;5501;341;6414;6463;7.48;0.46;249.96;5.18;913;52;2186.00;49
5503;52;626042281;5503;352;6420;6464;7.40;0.45;250.01;5.20;917;52;2187.00;44
5505;52;626042292;5505;362;6422;6464;7.27;0.45;249.93;5.21;917;52;2188.00;42
5506;52;626042302;5506;366;6427;6470;7.26;0.45;249.90;5.21;921;52;2189.00;43
5506;52;626042315;5506;366;6429;6470;7.23;0.44;249.90;5.22;923;52;2190.00;41
5510;52;626042326;5510;370;6435;6471;7.14;0.44;249.81;5.24;925;52;2191.00;36
5513;52;626042337;5513;364;6437;6471;7.03;0.43;249.77;5.25;924;52;2192.00;34
5514;52;626042347;5514;372;6440;6471;6.95;0.43;249.74;5.25;926;52;2193.00;31
5514;52;626042356;5514;377;6442;6471;6.89;0.42;249.74;5.26;928;52;2194.00;29
5516;52;626042367;5516;365;6445;6471;6.84;0.42;249.74;5.27;929;52;2195.00;26
5518;52;626042377;5518;363;6457;6483;6.91;0.42;249.71;5.27;939;52;2196.00;26
5520;52;626042389;5520;354;6458;6483;6.94;0.42;249.74;5.27;938;52;2197.00;25
5520;52;626042400;5520;354;6459;6483;7.00;0.43;249.74;5.28;939;52;2198.00;24
5520;52;626042411;5520;350;6459;6483;7.04;0.43;249.74;5.28;939;52;2199.00;24
5523;52;626042422;5523;349;6460;6483;7.05;0.43;249.71;5.28;937;52;2200.00;23
5524;52;626042437;5524;343;6461;6483;7.02;0.43;249.70;5.29;937;52;2201.00;22
5529;52;626042454;5529;349;6465;6487;6.96;0.43;249.66;5.29;936;52;2202.00;22
5530;52;626042465;5530;350;6467;6487;6.93;0.42;249.66;5.30;937;52;2203.00;20
5532;52;626042482;5532;347;6471;6491;6.92;0.42;249.64;5.29;939;52;2204.00;20
5536;52;626042499;5536;347;6473;6493;6.80;0.42;249.56;5.29;937;52;2205.00;20
5537;52;626042510;5537;347;6474;6493;6.69;0.41;249.57;5.29;937;52;2206.00;19
5541;52;626042520;5541;350;6474;6493;6.58;0.40;249.54;5.29;933;52;2207.00;19
5542;52;626042530;5542;362;6487;6506;6.49;0.40;249.50;5.29;945;52;2208.00;19
5547;52;626042547;5547;364;6487;6506;6.44;0.39;249.62;5.29;940;52;2209.00;19
5548;52;626042558;5548;351;6489;6508;6.40;0.39;249.65;5.29;941;52;2210.00;19
5550;52;626042569;5550;348;6490;6509;6.34;0.39;249.67;5.29;940;52;2211.00;19
5553;52;626042579;5553;345;6492;6510;6.34;0.39;249.75;5.29;939;52;2212.00;18
5556;52;626042590;5556;338;6493;6510;6.38;0.39;249.82;5.29;937;52;2213.00;17
5559;52;626042601;5559;340;6495;6513;6.47;0.40;249.74;5.29;936;52;2214.00;18
5562;52;626042613;5562;336;6496;6513;6.56;0.40;249.77;5.29;934;52;2215.00;17
5563;52;626042623;5563;334;6496;6513;6.67;0.41;249.84;5.29;933;52;2216.00;17
5567;52;626042634;5567;330;6496;6513;6.73;0.41;250.00;5.29;929;52;2217.00;17
5569;52;626042645;5569;320;6499;6519;6.80;0.42;250.05;5.29;930;52;2218.00;20
5572;52;626042657;5572;314;6500;6519;6.81;0.42;250.22;5.29;928;52;2219.00;19
5575;52;626042670;5575;314;6500;6519;6.89;0.42;250.29;5.29;925;52;2220.00;19
5579;52;626042680;5579;316;6501;6519;6.93;0.42;250.38;5.29;922;52;2221.00;18
5583;52;626042692;5583;305;6506;6523;6.98;0.43;250.40;5.30;923;52;2222.00;17
5586;52;626042703;5586;302;6507;6524;7.11;0.44;250.49;5.29;921;52;2223.00;17
5592;52;626042715;5592;297;6508;6524;7.16;0.44;250.56;5.29;916;52;2224.00;16
5597;52;626042727;5597;287;6509;6525;7.22;0.44;250.58;5.29;912;52;2225.00;16
5601;52;626042738;5601;274;6509;6525;7.35;0.45;250.69;5.29;908;52;2226.00;16
5607;52;626042750;5607;277;6509;6525;7.41;0.45;250.73;5.29;902;52;2227.00;16
5610;52;626042761;5610;278;6509;6525;7.51;0.46;250.85;5.29;899;52;2228.00;16
5615;52;626042772;5615;280;6509;6525;7.55;0.46;250.86;5.29;894;52;2229.00;16
5620;52;626042783;5620;274;6509;6525;7.51;0.46;250.85;5.29;889;52;2230.00;16
5625;52;626042794;5625;272;6509;6525;7.52;0.46;251.01;5.29;884;52;2231.00;16
5632;52;626042806;5632;282;6544;6595;7.63;0.47;251.11;5.27;912;52;2232.00;51
5636;52;626042824;5636;272;6546;6596;7.71;0.47;251.11;5.26;910;52;2233.00;50
5639;52;626042836;5639;261;6554;6596;7.91;0.49;251.18;5.26;915;52;2234.00;42
5645;52;626042848;5645;268;6557;6596;7.92;0.48;251.37;5.26;912;52;2235.00;39
5650;52;626042861;5650;266;6564;6596;8.03;0.49;251.48;5.26;914;52;2236.00;32
5657;52;626042873;5657;270;6568;6596;8.08;0.49;251.53;5.26;911;52;2237.00;28
5661;52;626042885;5661;275;6573;6596;8.14;0.50;251.68;5.26;912;52;2238.00;23
5665;52;626042906;5665;280;6574;6596;8.20;0.50;251.75;5.26;909;52;2239.00;22
5669;52;626042926;5669;281;6575;6597;8.20;0.50;251.78;5.26;906;52;2240.00;22
5672;52;626042948;5672;289;6577;6598;8.19;0.50;251.79;5.26;905;52;2241.00;21
5677;52;626042968;5677;291;6577;6598;8.13;0.49;251.90;5.26;900;52;2242.00;21
5682;52;626042986;5682;295;6580;6602;8.07;0.49;252.06;5.26;898;52;2243.00;22
5686;52;626043005;5686;296;6580;6602;8.04;0.49;252.12;5.26;894;52;2244.00;22
5690;52;626043021;5690;294;6580;6602;8.04;0.49;252.21;5.26;890;52;2245.00;22
5694;52;626043034;5694;295;6580;6602;8.09;0.49;252.31;5.26;886;52;2246.00;22
5695;52;626043048;5695;299;6584;6608;8.19;0.50;252.33;5.25;889;52;2247.00;24
5699;52;626043063;5699;301;6584;6608;8.25;0.50;252.40;5.25;885;52;2248.00;24
5702;52;626043076;5702;301;6585;6608;8.25;0.50;252.51;5.25;883;52;2249.00;23
5707;52;626043092;5707;299;6588;6614;8.26;0.50;252.58;5.25;881;52;2250.00;26
5709;52;626043106;5709;296;6589;6614;8.28;0.50;252.63;5.25;880;52;2251.00;25
5715;52;626043119;5715;305;6589;6614;8.23;0.50;252.61;5.25;874;52;2252.00;25
5720;52;626043132;5720;308;6590;6615;8.20;0.50;252.67;5.25;870;52;2253.00;25
5722;52;626043146;5722;308;6591;6616;8.19;0.50;252.72;5.25;869;52;2254.00;25
5725;52;626043165;5725;316;6592;6616;8.18;0.50;252.77;5.25;867;52;2255.00;24
5727;52;626043178;5727;320;6602;6629;8.18;0.50;252.88;5.24;875;52;2256.00;27
5731;52;626043199;5731;313;6603;6629;8.13;0.49;252.96;5.24;872;52;2257.00;26
5735;52;626043213;5735;312;6603;6629;8.11;0.49;253.05;5.24;868;52;2258.00;26
5739;52;626043227;5739;309;6604;6630;8.10;0.49;253.19;5.24;865;52;2259.00;26
5741;52;626043241;5741;307;6604;6630;8.13;0.49;253.16;5.24;863;52;2260.00;26
5745;52;626043254;5745;297;6607;6634;8.15;0.50;253.19;5.24;862;52;2261.00;27
5750;52;626043269;5750;304;6607;6634;8.09;0.49;253.22;5.24;857;52;2262.00;27
5752;52;626043282;5752;297;6611;6638;8.14;0.49;253.17;5.24;859;52;2263.00;27
5754;52;626043296;5754;303;6611;6638;8.09;0.49;253.24;5.24;857;52;2264.00;27
5757;52;626043309;5757;297;6611;6638;8.05;0.49;253.29;5.24;854;52;2265.00;27
5760;52;626043329;5760;280;6611;6638;8.04;0.49;253.33;5.24;851;52;2266.00;27
5763;52;626043342;5763;272;6611;6638;8.02;0.49;253.40;5.24;848;52;2267.00;27
5764;52;626043355;5764;265;6620;6650;8.03;0.49;253.43;5.23;856;52;2268.00;30
5770;52;626043369;5770;253;6620;6650;8.04;0.49;253.47;5.23;850;52;2269.00;30
5773;52;626043383;5773;247;6622;6650;8.11;0.49;253.46;5.23;849;52;2270.00;28
5776;52;626043397;5776;246;6622;6650;8.19;0.50;253.40;5.23;846;52;2271.00;28
5779;52;626043411;5779;245;6622;6650;8.22;0.50;253.49;5.23;843;52;2272.00;28
5781;52;626043424;5781;251;6622;6650;8.27;0.50;253.53;5.23;841;52;2273.00;28
5785;52;626043438;5785;248;6622;6651;8.31;0.50;253.56;5.23;837;52;2274.00;29
5786;52;626043451;5786;249;6622;6651;8.34;0.51;253.58;5.23;836;52;2275.00;29
5789;52;626043463;5789;255;6626;6657;8.35;0.51;253.64;5.22;837;52;2276.00;31
5791;52;626043483;5791;251;6628;6658;8.44;0.51;253.66;5.22;837;52;2277.00;30
5793;52;626043496;5793;247;6628;6658;8.43;0.51;253.65;5.22;835;52;2278.00;30
5796;52;626043509;5796;242;6628;6658;8.47;0.51;253.71;5.22;832;52;2279.00;30
5799;52;626043523;5799;232;6632;6663;8.56;0.52;253.75;5.22;833;52;2280.00;31
5802;52;626043537;5802;225;6632;6663;8.64;0.53;253.76;5.22;830;52;2281.00;31
5803;52;626043549;5803;217;6632;6663;8.74;0.53;253.85;5.22;829;52;2282.00;31
5806;52;626043562;5806;218;6633;6664;8.81;0.54;253.94;5.22;827;52;2283.00;31
5809;52;626043574;5809;215;6636;6668;8.81;0.54;253.90;5.22;827;52;2284.00;32
5811;52;626043588;5811;215;6636;6668;8.82;0.54;253.89;5.22;825;52;2285.00;32
5813;52;626043600;5813;214;6638;6671;8.87;0.54;253.94;5.22;825;52;2286.00;33
5817;53;626043613;5817;201;6638;6671;8.88;0.54;253.86;5.22;821;53;2287.00;33
5817;53;626043643;5817;202;6639;6671;8.93;0.54;253.86;5.22;822;53;2288.00;32
5819;53;626043655;5819;196;6639;6671;8.89;0.54;253.83;5.22;820;53;2289.00;32
5822;53;626043666;5822;197;6642;6675;8.83;0.54;253.78;5.21;820;53;2290.00;33
5822;53;626043678;5822;194;6642;6675;8.76;0.53;253.78;5.21;820;53;2291.00;33
5824;53;626043689;5824;193;6643;6675;8.70;0.53;253.81;5.21;819;53;2292.00;32
5827;53;626043701;5827;188;6643;6675;8.62;0.52;253.81;5.21;816;53;2293.00;32
5827;53;626043713;5827;193;6643;6676;8.63;0.52;253.81;5.21;816;53;2294.00;33
5829;53;626043724;5829;188;6645;6678;8.62;0.52;253.81;5.21;816;53;2295.00;33
5832;53;626043735;5832;190;6645;6678;8.61;0.52;253.78;5.21;813;53;2296.00;33
5833;53;626043746;5833;193;6646;6679;8.56;0.52;253.81;5.21;813;53;2297.00;33
5833;53;626043757;5833;199;6646;6679;8.52;0.52;253.81;5.21;813;53;2298.00;33
5837;53;626043768;5837;205;6646;6679;8.50;0.51;253.77;5.21;809;53;2299.00;33
5838;53;626043780;5838;200;6646;6679;8.46;0.51;253.78;5.21;808;53;2300.00;33
5839;53;626043795;5839;198;6646;6679;8.46;0.51;253.78;5.21;807;53;2301.00;33
5841;53;626043807;5841;195;6646;6679;8.48;0.51;253.77;5.21;805;53;2302.00;33
5845;53;626043818;5845;198;6646;6679;8.42;0.51;253.77;5.21;801;53;2303.00;33
5846;53;626043829;5846;229;6719;6806;8.32;0.51;253.76;5.15;873;53;2304.00;87
5846;53;626043850;5846;217;6720;6807;8.28;0.51;253.76;5.18;874;53;2305.00;87
5847;53;626043861;5847;209;6727;6807;8.40;0.52;253.85;5.17;880;53;2306.00;80
5849;53;626043872;5849;200;6731;6807;8.40;0.52;253.90;5.17;882;53;2307.00;76
5852;53;626043883;5852;201;6735;6807;8.46;0.52;253.90;5.17;883;53;2308.00;72
5854;53;626043897;5854;195;6739;6807;8.41;0.52;253.95;5.17;885;53;2309.00;68
5856;53;626043910;5856;192;6745;6807;8.42;0.52;253.90;5.17;889;53;2310.00;62
5859;53;626043921;5859;193;6747;6807;8.42;0.52;253.94;5.17;888;53;2311.00;60
5861;53;626043939;5861;196;6750;6808;8.44;0.52;253.98;5.17;889;53;2312.00;58
5864;53;626043951;5864;194;6754;6809;8.44;0.52;253.94;5.18;890;53;2313.00;55
5867;53;626043962;5867;190;6757;6809;8.45;0.52;253.96;5.19;890;53;2314.00;52
5872;53;626043973;5872;196;6759;6810;8.32;0.51;253.94;5.20;887;53;2315.00;51
5875;53;626043984;5875;195;6761;6810;8.19;0.50;253.95;5.21;886;53;2316.00;49
5878;53;626043995;5878;190;6762;6810;7.98;0.49;254.00;5.21;884;53;2317.00;48
5882;53;626044005;5882;193;6764;6810;7.83;0.48;253.95;5.21;882;53;2318.00;46
5890;53;626044016;5890;192;6767;6814;7.71;0.47;253.81;5.23;877;53;2319.00;47
5891;53;626044033;5891;187;6769;6814;7.67;0.47;253.80;5.23;878;53;2320.00;45
5893;53;626044044;5893;187;6769;6814;7.59;0.46;253.78;5.23;876;53;2321.00;45
5894;53;626044055;5894;195;6773;6817;7.61;0.46;253.83;5.25;879;53;2322.00;44
5895;53;626044066;5895;203;6773;6817;7.55;0.46;253.80;5.25;878;53;2323.00;44
5896;53;626044077;5896;210;6774;6817;7.56;0.46;253.78;5.25;878;53;2324.00;43
5896;53;626044087;5896;215;6779;6821;7.60;0.46;253.78;5.27;883;53;2325.00;42
5897;53;626044098;5897;220;6780;6822;7.61;0.46;253.75;5.27;883;53;2326.00;42
5901;53;626044109;5901;223;6782;6822;7.55;0.46;253.70;5.27;881;53;2327.00;40
5903;53;626044119;5903;223;6785;6826;7.52;0.46;253.64;5.27;882;53;2328.00;41
5906;53;626044130;5906;221;6786;6826;7.44;0.45;253.53;5.27;880;53;2329.00;40
5907;53;626044140;5907;222;6786;6826;7.38;0.45;253.50;5.27;879;53;2330.00;40
5910;53;626044150;5910;233;6787;6827;7.31;0.44;253.46;5.27;877;53;2331.00;40
5911;53;626044161;5911;232;6787;6827;7.32;0.44;253.42;5.27;876;53;2332.00;40
5913;53;626044172;5913;235;6791;6833;7.31;0.44;253.38;5.27;878;53;2333.00;42
5916;53;626044183;5916;246;6792;6833;7.27;0.44;253.29;5.27;876;53;2334.00;41
5919;53;626044194;5919;251;6792;6834;7.24;0.44;253.22;5.27;873;53;2335.00;42
5921;53;626044204;5921;258;6793;6834;7.23;0.44;253.33;5.28;872;53;2336.00;41
5923;53;626044215;5923;262;6793;6834;7.20;0.44;253.31;5.28;870;53;2337.00;41
5924;53;626044226;5924;265;6793;6834;7.18;0.44;253.27;5.28;869;53;2338.00;41
5926;53;626044237;5926;276;6794;6834;7.11;0.43;253.37;5.29;868;53;2339.00;40
5928;53;626044249;5928;279;6817;6870;7.20;0.44;253.36;5.29;889;53;2340.00;53
5928;53;626044262;5928;287;6818;6870;7.19;0.44;253.36;5.29;890;53;2341.00;52
5929;53;626044273;5929;296;6820;6870;7.16;0.44;253.37;5.29;891;53;2342.00;50
5929;53;626044283;5929;299;6824;6870;7.18;0.44;253.37;5.32;895;53;2343.00;46
5929;53;626044293;5929;299;6825;6870;7.09;0.43;253.37;5.32;896;53;2344.00;45
5931;53;626044303;5931;301;6828;6870;7.03;0.43;253.32;5.34;897;53;2345.00;42
5932;53;626044314;5932;310;6832;6874;7.02;0.43;253.30;5.34;900;53;2346.00;42
5933;53;626044324;5933;302;6835;6874;7.03;0.43;253.26;5.36;902;53;2347.00;39
5934;53;626044335;5934;292;6838;6878;7.06;0.43;253.27;5.36;904;53;2348.00;40
5935;53;626044345;5935;286;6842;6879;7.08;0.43;253.29;5.37;907;53;2349.00;37
5935;53;626044356;5935;282;6843;6879;7.08;0.43;253.29;5.38;908;53;2350.00;36
5937;53;626044366;5937;283;6844;6879;7.03;0.43;253.24;5.39;907;53;2351.00;35
5938;53;626044382;5938;276;6855;6892;7.03;0.43;253.23;5.39;917;53;2352.00;37
5938;53;626044393;5938;267;6857;6892;7.03;0.43;253.23;5.40;919;53;2353.00;35
5938;53;626044403;5938;268;6858;6892;7.06;0.43;253.23;5.41;920;53;2354.00;34
5939;53;626044413;5939;269;6860;6893;7.08;0.43;253.21;5.41;921;53;2355.00;33
5939;54;626044423;5939;277;6860;6894;7.14;0.44;253.21;5.41;921;54;2356.00;34
5940;54;626044441;5940;283;6861;6894;7.17;0.44;253.19;5.42;921;54;2357.00;33
5942;54;626044451;5942;287;6865;6897;7.20;0.44;253.15;5.42;923;54;2358.00;32
5943;54;626044467;5943;288;6865;6897;7.18;0.44;253.12;5.42;922;54;2359.00;32
5943;54;626044478;5943;289;6867;6897;7.21;0.44;253.12;5.43;924;54;2360.00;30
5944;54;626044490;5944;293;6867;6897;7.24;0.44;253.11;5.43;923;54;2361.00;30
5947;54;626044500;5947;292;6871;6903;7.31;0.45;253.19;5.43;924;54;2362.00;32
5948;54;626044521;5948;289;6873;6903;7.32;0.45;253.21;5.43;925;54;2363.00;30
5949;54;626044532;5949;291;6874;6903;7.30;0.44;253.20;5.43;925;54;2364.00;29
5951;54;626044543;5951;294;6875;6903;7.31;0.44;253.19;5.44;924;54;2365.00;28
5952;54;626044553;5952;296;6878;6907;7.34;0.45;253.18;5.44;926;54;2366.00;29
5952;54;626044564;5952;298;6880;6908;7.38;0.45;253.18;5.45;928;54;2367.00;28
5955;54;626044575;5955;295;6880;6908;7.39;0.45;253.14;5.45;925;54;2368.00;28
5958;54;626044586;5958;298;6881;6909;7.36;0.45;253.13;5.45;923;54;2369.00;28
5962;54;626044599;5962;297;6884;6909;7.34;0.45;253.09;5.47;922;54;2370.00;25
5965;54;626044610;5965;294;6884;6909;7.32;0.45;253.11;5.47;919;54;2371.00;25
5966;54;626044620;5966;294;6884;6909;7.30;0.45;253.12;5.47;918;54;2372.00;25
5969;54;626044630;5969;293;6885;6909;7.20;0.44;253.17;5.48;916;54;2373.00;24
5972;54;626044640;5972;284;6885;6909;7.19;0.44;253.15;5.48;913;54;2374.00;24
5973;54;626044650;5973;285;6888;6909;7.11;0.43;253.12;5.50;915;54;2375.00;21
5980;54;626044661;5980;287;6927;6979;7.18;0.44;253.22;5.47;947;54;2376.00;52
5984;54;626044676;5984;292;6931;6980;7.09;0.44;253.31;5.47;947;54;2377.00;49
5987;54;626044687;5987;295;6938;6980;7.10;0.44;253.41;5.47;951;54;2378.00;42
5993;54;626044697;5993;294;6938;6980;7.01;0.43;253.45;5.47;945;54;2379.00;42
5995;54;626044708;5995;280;6944;6980;7.09;0.44;253.42;5.47;949;54;2380.00;36
5999;54;626044718;5999;276;6948;6980;7.10;0.44;253.46;5.48;949;54;2381.00;32
6006;54;626044729;6006;270;6950;6980;7.11;0.44;253.54;5.48;944;54;2382.00;30
6008;54;626044740;6008;267;6953;6980;7.16;0.44;253.62;5.48;945;54;2383.00;27
6012;54;626044750;6012;266;6954;6981;7.20;0.44;253.74;5.48;942;54;2384.00;27
6018;54;626044761;6018;272;6960;6983;7.18;0.44;253.83;5.48;942;54;2385.00;23
6021;54;626044772;6021;277;6964;6983;7.29;0.45;253.85;5.48;943;54;2386.00;19
6025;54;626044783;6025;275;6970;6987;7.34;0.45;253.93;5.48;945;54;2387.00;17
6028;54;626044795;6028;272;6970;6987;7.35;0.45;254.04;5.48;942;54;2388.00;17
6034;54;626044806;6034;270;6970;6987;7.40;0.46;254.27;5.48;936;54;2389.00;17
6042;54;626044819;6042;268;6970;6987;7.51;0.46;254.22;5.48;928;54;2390.00;17
6046;54;626044831;6046;269;6974;6993;7.60;0.47;254.38;5.48;928;54;2391.00;19
6051;54;626044844;6051;272;6975;6993;7.64;0.47;254.49;5.48;924;54;2392.00;18
6054;54;626044856;6054;275;6975;6993;7.68;0.47;254.48;5.48;921;54;2393.00;18
6062;54;626044870;6062;283;6978;6996;7.76;0.47;254.60;5.48;916;54;2394.00;18
6063;54;626044882;6063;283;6978;6996;7.80;0.48;254.62;5.48;915;54;2395.00;18
6071;54;626044898;6071;288;6978;6996;7.79;0.48;254.70;5.48;907;54;2396.00;18
6078;54;626044916;6078;281;6979;6997;7.80;0.48;254.77;5.47;901;54;2397.00;18
6083;54;626044938;6083;281;6980;6998;7.77;0.47;254.76;5.47;897;54;2398.00;18
6086;54;626044962;6086;277;6980;6998;7.73;0.47;254.81;5.47;894;54;2399.00;18
6090;54;626044983;6090;282;7004;7057;7.74;0.47;254.89;5.46;914;54;2400.00;53
6093;54;626045015;6093;274;7005;7057;7.81;0.48;254.85;5.45;912;54;2401.00;52
6100;54;626045032;6100;276;7008;7057;7.82;0.48;255.01;5.45;908;54;2402.00;49
6104;54;626045053;6104;264;7009;7058;7.94;0.48;255.07;5.45;905;54;2403.00;49
6108;54;626045067;6108;264;7011;7058;8.00;0.49;255.11;5.45;903;54;2404.00;47
6114;54;626045082;6114;261;7014;7062;8.04;0.49;255.20;5.45;900;54;2405.00;48
6119;54;626045098;6119;250;7015;7062;8.05;0.49;255.29;5.45;896;54;2406.00;47
6126;54;626045111;6126;248;7019;7066;8.06;0.49;255.27;5.45;893;54;2407.00;47
6128;54;626045142;6128;252;7021;7066;8.07;0.49;255.30;5.48;893;54;2408.00;45
6135;54;626045160;6135;248;7021;7066;8.11;0.50;255.38;5.48;886;54;2409.00;45
6141;54;626045174;6141;258;7022;7066;8.10;0.49;255.44;5.48;881;54;2410.00;44
6144;54;626045187;6144;259;7022;7066;8.13;0.50;255.46;5.48;878;54;2411.00;44
6150;54;626045200;6150;268;7030;7078;8.16;0.50;255.51;5.48;880;54;2412.00;48
6153;54;626045214;6153;269;7031;7078;8.16;0.50;255.62;5.48;878;54;2413.00;47
6159;54;626045228;6159;267;7033;7078;8.13;0.50;255.78;5.48;874;54;2414.00;45
6163;54;626045242;6163;267;7033;7078;8.13;0.50;255.83;5.48;870;54;2415.00;45
6169;54;626045255;6169;273;7034;7078;8.05;0.49;256.05;5.48;865;54;2416.00;44
6172;54;626045269;6172;275;7034;7078;8.03;0.49;256.15;5.48;862;54;2417.00;44
6173;54;626045281;6173;276;7036;7079;8.06;0.49;256.14;5.49;863;54;2418.00;43
6178;54;626045294;6178;285;7036;7079;8.04;0.49;256.17;5.49;858;54;2419.00;43
6185;54;626045307;6185;289;7040;7085;7.98;0.49;256.24;5.49;855;54;2420.00;45
6188;54;626045320;6188;290;7042;7086;7.98;0.49;256.35;5.49;854;54;2421.00;44
6192;54;626045333;6192;291;7042;7086;7.92;0.48;256.42;5.49;850;54;2422.00;44
6197;54;626045346;6197;293;7042;7086;7.89;0.48;256.54;5.49;845;54;2423.00;44
6202;54;626045358;6202;295;7044;7090;7.88;0.48;256.63;5.49;842;54;2424.00;46
6204;54;626045371;6204;300;7045;7090;7.86;0.48;256.63;5.49;841;54;2425.00;45
6207;54;626045383;6207;304;7046;7090;7.80;0.47;256.69;5.49;839;54;2426.00;44
6208;54;626045395;6208;292;7048;7091;7.75;0.47;256.71;5.49;840;54;2427.00;43
6211;54;626045408;6211;288;7052;7095;7.70;0.47;256.75;5.49;841;54;2428.00;43
6215;54;626045421;6215;283;7053;7095;7.65;0.47;256.82;5.50;838;54;2429.00;42
6219;54;626045437;6219;283;7056;7101;7.71;0.47;256.87;5.49;837;54;2430.00;45
6220;54;626045451;6220;277;7057;7101;7.72;0.47;256.83;5.49;837;54;2431.00;44
6222;54;626045463;6222;277;7059;7101;7.77;0.47;256.93;5.54;837;54;2432.00;42
6224;54;626045476;6224;280;7060;7101;7.75;0.47;256.97;5.54;836;54;2433.00;41
6227;54;626045495;6227;286;7063;7105;7.70;0.47;257.04;5.53;836;54;2434.00;42
6228;54;626045508;6228;284;7064;7105;7.67;0.47;257.12;5.53;836;54;2435.00;41
6234;54;626045520;6234;273;7064;7105;7.63;0.46;257.15;5.53;830;54;2436.00;41
6237;54;626045533;6237;266;7065;7105;7.68;0.47;257.18;5.54;828;54;2437.00;40
6241;54;626045545;6241;260;7066;7106;7.74;0.47;257.19;5.54;825;54;2438.00;40
6245;54;626045558;6245;256;7067;7107;7.82;0.47;257.22;5.54;822;54;2439.00;40
6249;54;626045571;6249;250;7068;7107;7.87;0.48;257.35;5.54;819;54;2440.00;39
6252;54;626045584;6252;242;7070;7108;7.94;0.48;257.31;5.54;818;54;2441.00;38
6253;55;626045597;6253;233;7071;7108;7.97;0.48;257.32;5.54;818;55;2442.00;37
6255;55;626045617;6255;226;7071;7108;8.02;0.49;257.40;5.54;816;55;2443.00;37
6260;55;626045630;6260;226;7071;7108;8.05;0.49;257.43;5.54;811;55;2444.00;37
6260;55;626045643;6260;230;7071;7108;8.20;0.50;257.43;5.54;811;55;2445.00;37
6264;55;626045655;6264;231;7071;7108;8.27;0.50;257.39;5.54;807;55;2446.00;37
6266;55;626045668;6266;228;7071;7108;8.38;0.51;257.44;5.54;805;55;2447.00;37
6268;55;626045681;6268;238;7134;7235;8.63;0.53;257.42;5.50;866;55;2448.00;101
6271;55;626045704;6271;222;7138;7236;8.60;0.53;257.47;5.50;867;55;2449.00;98
6272;55;626045717;6272;208;7144;7236;8.70;0.53;257.46;5.50;872;55;2450.00;92
6274;55;626045729;6274;212;7148;7236;8.79;0.54;257.45;5.50;874;55;2451.00;88
6276;55;626045742;6276;206;7150;7236;8.86;0.54;257.59;5.49;874;55;2452.00;86
6277;55;626045754;6277;207;7153;7236;8.93;0.55;257.59;5.49;876;55;2453.00;83
6280;55;626045767;6280;213;7156;7236;8.99;0.55;257.67;5.50;876;55;2454.00;80
6282;55;626045779;6282;210;7162;7236;9.03;0.55;257.63;5.51;880;55;2455.00;74
6282;55;626045791;6282;212;7166;7237;9.00;0.55;257.63;5.51;884;55;2456.00;71
6286;56;626045804;6286;216;7169;7238;8.91;0.54;257.81;5.51;883;56;2457.00;69
6288;56;626045826;6288;224;7172;7238;8.75;0.54;257.80;5.51;884;56;2458.00;66
6290;56;626045838;6290;221;7175;7239;8.63;0.53;257.78;5.51;885;56;2459.00;64
6292;56;626045852;6292;242;7179;7239;8.58;0.52;257.85;5.52;887;56;2460.00;60
6293;56;626045864;6293;248;7181;7239;8.51;0.52;257.84;5.53;888;56;2461.00;58
6294;56;626045877;6294;255;7184;7239;8.48;0.52;257.85;5.53;890;56;2462.00;55
6296;56;626045889;6296;262;7187;7243;8.46;0.52;257.93;5.53;891;56;2463.00;56
6300;56;626045902;6300;263;7188;7243;8.41;0.52;257.99;5.53;888;56;2464.00;55
6302;56;626045914;6302;268;7192;7243;8.34;0.51;258.04;5.55;890;56;2465.00;51
6303;56;626045925;6303;268;7194;7246;8.26;0.51;258.10;5.55;891;56;2466.00;52
6306;56;626045937;6306;274;7198;7246;8.17;0.50;258.11;5.59;892;56;2467.00;48
6309;56;626045950;6309;270;7200;7246;8.07;0.49;258.05;5.59;891;56;2468.00;46
6311;56;626045963;6311;277;7204;7250;8.00;0.49;258.02;5.59;893;56;2469.00;46
6312;56;626045975;6312;276;7205;7251;7.94;0.49;257.99;5.59;893;56;2470.00;46
6315;56;626045986;6315;268;7206;7251;7.88;0.48;257.98;5.59;891;56;2471.00;45
6316;56;626045997;6316;267;7207;7255;7.94;0.49;257.99;5.59;891;56;2472.00;48
6317;56;626046009;6317;267;7208;7255;7.93;0.49;257.99;5.59;891;56;2473.00;47
6322;56;626046021;6322;263;7208;7255;7.87;0.48;257.96;5.59;886;56;2474.00;47
6323;56;626046033;6323;262;7210;7257;7.83;0.48;257.92;5.59;887;56;2475.00;47
6325;56;626046044;6325;266;7210;7257;7.83;0.48;257.92;5.59;885;56;2476.00;47
6327;56;626046055;6327;267;7214;7263;7.78;0.48;257.89;5.59;887;56;2477.00;49
6329;56;626046071;6329;265;7215;7263;7.64;0.47;257.86;5.59;886;56;2478.00;48
6329;56;626046081;6329;267;7215;7264;7.60;0.47;257.86;5.59;886;56;2479.00;49
6329;56;626046092;6329;263;7215;7264;7.48;0.46;257.86;5.59;886;56;2480.00;49
6332;56;626046101;6332;264;7215;7264;7.37;0.45;257.96;5.59;883;56;2481.00;49
6335;56;626046112;6335;257;7216;7264;7.25;0.44;257.92;5.63;881;56;2482.00;48
6339;56;626046128;6339;251;7216;7264;7.20;0.44;257.80;5.63;877;56;2483.00;48
6344;56;626046138;6344;248;7226;7276;7.13;0.44;257.78;5.62;882;56;2484.00;50
6345;56;626046149;6345;237;7229;7276;7.02;0.43;257.76;5.69;884;56;2485.00;47
6350;56;626046159;6350;234;7230;7276;7.03;0.43;257.84;5.69;880;56;2486.00;46
6353;56;626046169;6353;240;7231;7276;7.01;0.43;257.79;5.73;878;56;2487.00;45
6357;56;626046179;6357;238;7231;7276;6.99;0.43;257.76;5.73;874;56;2488.00;45
6364;56;626046189;6364;236;7231;7276;6.94;0.42;257.70;5.73;867;56;2489.00;45
6366;56;626046201;6366;232;7235;7280;6.95;0.42;257.68;5.78;869;56;2490.00;45
6368;56;626046211;6368;234;7235;7280;6.97;0.42;257.70;5.78;867;56;2491.00;45
6370;56;626046222;6370;229;7239;7284;7.06;0.43;257.72;5.82;869;56;2492.00;45
6371;56;626046232;6371;234;7241;7285;7.19;0.44;257.71;5.82;870;56;2493.00;44
6372;56;626046242;6372;236;7241;7285;7.19;0.44;257.69;5.82;869;56;2494.00;44
6374;56;626046253;6374;243;7242;7285;7.16;0.43;257.67;5.86;868;56;2495.00;43
6376;56;626046263;6376;247;7251;7298;7.19;0.44;257.68;5.87;875;56;2496.00;47
6377;56;626046274;6377;248;7251;7298;7.24;0.44;257.66;5.87;874;56;2497.00;47
6379;56;626046284;6379;256;7252;7298;7.27;0.44;257.62;5.87;873;56;2498.00;46
6382;56;626046294;6382;245;7253;7299;7.32;0.45;257.58;5.87;871;56;2499.00;46
6383;56;626046305;6383;243;7253;7300;7.38;0.45;257.55;5.87;870;56;2500.00;47
6384;56;626046320;6384;232;7253;7300;7.40;0.45;257.52;5.87;869;56;2501.00;47
6388;56;626046330;6388;227;7256;7303;7.43;0.45;257.46;5.88;868;56;2502.00;47
6390;56;626046341;6390;227;7257;7303;7.51;0.45;257.43;5.88;867;56;2503.00;46
6393;56;626046351;6393;225;7257;7303;7.54;0.46;257.43;5.88;864;56;2504.00;46
6393;56;626046362;6393;222;7257;7303;7.60;0.46;257.43;5.88;864;56;2505.00;46
6393;56;626046381;6393;206;7261;7309;7.74;0.47;257.43;5.88;868;56;2506.00;48
6394;56;626046392;6394;207;7261;7309;7.79;0.47;257.44;5.88;867;56;2507.00;48
6394;56;626046403;6394;209;7264;7309;7.79;0.47;257.44;5.90;870;56;2508.00;45
6396;56;626046413;6396;206;7264;7309;7.78;0.47;257.43;5.90;868;56;2509.00;45
6396;56;626046424;6396;208;7269;7313;7.81;0.47;257.43;5.92;873;56;2510.00;44
6397;56;626046435;6397;206;7272;7314;7.90;0.48;257.40;5.94;875;56;2511.00;42
6400;56;626046446;6400;206;7272;7314;7.92;0.48;257.38;5.94;872;56;2512.00;42
6400;56;626046457;6400;202;7275;7315;7.96;0.48;257.38;5.96;875;56;2513.00;40
6400;56;626046469;6400;205;7277;7315;7.94;0.48;257.38;5.97;877;56;2514.00;38
6400;56;626046480;6400;208;7278;7315;7.89;0.48;257.38;5.98;878;56;2515.00;37
6400;56;626046493;6400;208;7281;7315;7.85;0.48;257.38;6.01;881;56;2516.00;34
6400;57;626046504;6400;211;7281;7315;7.82;0.48;257.38;6.01;881;57;2517.00;34
6403;57;626046521;6403;210;7282;7315;7.87;0.48;257.37;6.02;879;57;2518.00;33
6406;58;626046535;6406;210;7284;7315;7.83;0.48;257.33;6.04;878;58;2519.00;31
6407;58;626046563;6407;217;7343;7440;8.02;0.49;257.35;6.01;936;58;2520.00;97
6410;58;626046583;6410;217;7348;7441;8.02;0.49;257.38;6.00;938;58;2521.00;93
6411;58;626046599;6411;210;7359;7441;8.09;0.50;257.36;6.00;948;58;2522.00;82
6415;58;626046609;6415;213;7364;7441;8.10;0.50;257.38;6.00;949;58;2523.00;77
6418;58;626046620;6418;213;7371;7441;8.13;0.50;257.36;6.01;953;58;2524.00;70
6421;58;626046631;6421;219;7376;7441;8.07;0.49;257.41;6.02;955;58;2525.00;65
6423;58;626046643;6423;220;7383;7441;7.97;0.49;257.46;6.03;960;58;2526.00;58
6425;58;626046653;6425;229;7385;7441;7.86;0.48;257.50;6.03;960;58;2527.00;56
6426;58;626046664;6426;233;7389;7442;7.78;0.48;257.51;6.04;963;58;2528.00;53
6429;58;626046675;6429;232;7393;7443;7.68;0.47;257.47;6.04;964;58;2529.00;50
6433;58;626046686;6433;237;7397;7443;7.56;0.46;257.47;6.05;964;58;2530.00;46
6434;58;626046697;6434;233;7401;7447;7.45;0.46;257.44;6.05;967;58;2531.00;46
6439;58;626046709;6439;244;7404;7447;7.35;0.45;257.44;6.06;965;58;2532.00;43
6442;58;626046721;6442;239;7405;7447;7.31;0.45;257.44;6.06;963;58;2533.00;42
6443;58;626046732;6443;248;7406;7447;7.30;0.45;257.45;6.06;963;58;2534.00;41
6447;58;626046743;6447;251;7412;7453;7.26;0.44;257.52;6.07;965;58;2535.00;41
6447;58;626046755;6447;256;7413;7453;7.32;0.45;257.52;6.07;966;58;2536.00;40
6448;58;626046765;6448;254;7416;7455;7.33;0.45;257.50;6.08;968;58;2537.00;39
6449;58;626046777;6449;258;7419;7458;7.38;0.45;257.47;6.08;970;58;2538.00;39
6449;58;626046789;6449;265;7419;7458;7.39;0.45;257.47;6.08;970;58;2539.00;39
6451;58;626046806;6451;265;7421;7458;7.29;0.45;257.51;6.09;970;58;2540.00;37
6455;58;626046818;6455;268;7421;7459;7.26;0.44;257.50;6.09;966;58;2541.00;38
6457;58;626046829;6457;279;7423;7460;7.19;0.44;257.50;6.10;966;58;2542.00;37
6462;58;626046841;6462;277;7424;7460;7.08;0.43;257.48;6.10;962;58;2543.00;36
6465;58;626046852;6465;281;7436;7473;7.01;0.43;257.49;6.10;971;58;2544.00;37
6469;58;626046865;6469;283;7440;7473;6.97;0.43;257.51;6.11;971;58;2545.00;33
6471;58;626046877;6471;282;7441;7473;6.88;0.42;257.50;6.11;970;58;2546.00;32
6476;58;626046888;6476;291;7442;7474;6.77;0.41;257.56;6.11;966;58;2547.00;32
6481;58;626046904;6481;298;7443;7474;6.65;0.41;257.60;6.12;962;58;2548.00;31
6485;58;626046921;6485;305;7447;7478;6.62;0.40;257.66;6.12;962;58;2549.00;31
6488;58;626046944;6488;299;7449;7481;6.61;0.40;257.76;6.12;961;58;2550.00;32
6491;58;626046962;6491;297;7454;7485;6.56;0.40;257.86;6.12;963;58;2551.00;31
6492;58;626046980;6492;290;7455;7485;6.58;0.40;257.88;6.12;963;58;2552.00;30
6496;58;626046996;6496;286;7457;7485;6.55;0.40;257.98;6.12;961;58;2553.00;28
6501;58;626047016;6501;284;7457;7485;6.47;0.40;257.99;6.12;956;58;2554.00;28
6503;58;626047032;6503;286;7457;7485;6.46;0.40;258.02;6.12;954;58;2555.00;28
6505;58;626047049;6505;282;7468;7497;6.50;0.40;258.06;6.11;963;58;2556.00;29
6509;58;626047063;6509;277;7468;7497;6.52;0.40;258.14;6.11;959;58;2557.00;29
6513;58;626047075;6513;270;7468;7497;6.60;0.41;258.20;6.11;955;58;2558.00;29
6516;58;626047088;6516;270;7468;7497;6.67;0.41;258.21;6.11;952;58;2559.00;29
6519;58;626047100;6519;261;7468;7497;6.72;0.41;258.26;6.11;949;58;2560.00;29
6525;58;626047113;6525;259;7468;7497;6.75;0.42;258.38;6.11;943;58;2561.00;29
6528;59;626047125;6528;254;7468;7498;6.77;0.42;258.46;6.11;940;59;2562.00;30
6530;59;626047149;6530;250;7468;7498;6.86;0.42;258.48;6.11;938;59;2563.00;30
6533;59;626047162;6533;248;7472;7504;6.95;0.43;258.53;6.11;939;59;2564.00;32
6537;59;626047175;6537;247;7475;7506;7.07;0.44;258.50;6.11;938;59;2565.00;31
6541;59;626047188;6541;245;7475;7506;7.19;0.44;258.63;6.11;934;59;2566.00;31
6544;59;626047201;6544;248;7475;7506;7.32;0.45;258.69;6.11;931;59;2567.00;31
6550;59;626047213;6550;245;7478;7510;7.48;0.46;258.77;6.11;928;59;2568.00;32
6557;59;626047227;6557;238;7478;7510;7.57;0.47;258.88;6.11;921;59;2569.00;32
6558;59;626047240;6558;242;7478;7510;7.76;0.48;258.89;6.11;920;59;2570.00;32
6566;59;626047253;6566;241;7479;7511;7.85;0.48;259.06;6.10;913;59;2571.00;32
6569;59;626047267;6569;243;7482;7515;7.95;0.49;259.03;6.10;913;59;2572.00;33
6574;59;626047280;6574;236;7482;7515;8.04;0.50;259.11;6.10;908;59;2573.00;33
6583;59;626047293;6583;230;7484;7518;8.08;0.50;259.16;6.10;901;59;2574.00;34
6586;59;626047307;6586;230;7485;7518;8.12;0.50;259.18;6.10;899;59;2575.00;33
6592;59;626047320;6592;236;7485;7518;8.15;0.50;259.25;6.10;893;59;2576.00;33
6599;59;626047333;6599;230;7485;7518;8.15;0.50;259.23;6.10;886;59;2577.00;33
6604;59;626047345;6604;229;7488;7522;8.18;0.50;259.26;6.10;884;59;2578.00;34
6609;59;626047358;6609;231;7489;7522;8.05;0.49;259.43;6.15;880;59;2579.00;33
6610;59;626047373;6610;227;7490;7522;8.09;0.49;259.48;6.15;880;59;2580.00;32
6616;59;626047385;6616;238;7490;7522;8.05;0.49;259.55;6.15;874;59;2581.00;32
6621;59;626047398;6621;233;7490;7523;8.07;0.49;259.59;6.15;869;59;2582.00;33
6627;59;626047411;6627;228;7491;7524;8.10;0.50;259.69;6.15;864;59;2583.00;33
6631;59;626047424;6631;228;7491;7524;8.10;0.50;259.77;6.15;860;59;2584.00;33
6634;59;626047438;6634;233;7492;7525;8.09;0.50;259.80;6.15;858;59;2585.00;33
6635;59;626047451;6635;232;7492;7525;8.10;0.50;259.77;6.15;857;59;2586.00;33
6640;59;626047463;6640;233;7492;7525;8.05;0.49;259.73;6.15;852;59;2587.00;33
6644;59;626047475;6644;232;7492;7525;8.02;0.49;259.77;6.15;848;59;2588.00;33
6647;59;626047488;6647;235;7492;7525;7.98;0.49;259.81;6.15;845;59;2589.00;33
6651;59;626047500;6651;240;7492;7525;7.89;0.48;259.85;6.15;841;59;2590.00;33
6655;59;626047511;6655;245;7492;7525;7.81;0.48;259.89;6.15;837;59;2591.00;33
6659;59;626047524;6659;271;7557;7652;7.98;0.49;259.89;6.10;898;59;2592.00;95
6664;59;626047546;6664;267;7560;7653;7.88;0.49;259.88;6.10;896;59;2593.00;93
6667;59;626047559;6667;264;7568;7653;7.83;0.48;259.89;6.09;901;59;2594.00;85
6670;59;626047572;6670;267;7571;7653;7.78;0.48;259.92;6.09;901;59;2595.00;82
6672;59;626047584;6672;280;7577;7653;7.72;0.48;259.97;6.15;905;59;2596.00;76
6674;59;626047597;6674;270;7580;7653;7.72;0.48;259.95;6.15;906;59;2597.00;73
6676;59;626047611;6676;268;7584;7653;7.78;0.48;259.99;6.15;908;59;2598.00;69
6679;59;626047623;6679;262;7587;7653;7.78;0.48;260.00;6.15;908;59;2599.00;66
6679;59;626047637;6679;266;7592;7654;7.84;0.48;260.00;6.15;913;59;2600.00;62
6679;59;626047660;6679;267;7595;7655;7.86;0.48;260.00;6.15;916;59;2601.00;60
6681;59;626047673;6681;271;7598;7655;7.82;0.48;260.06;6.15;917;59;2602.00;57
6684;59;626047686;6684;277;7601;7656;7.82;0.48;260.08;6.15;917;59;2603.00;55
6686;59;626047699;6686;279;7605;7656;7.79;0.48;260.13;6.15;919;59;2604.00;51
6691;59;626047712;6691;273;7606;7656;7.80;0.48;260.31;6.16;915;59;2605.00;50
6695;59;626047726;6695;265;7608;7656;7.83;0.48;260.27;6.16;913;59;2606.00;48
6699;59;626047739;6699;252;7611;7660;7.81;0.48;260.30;6.16;912;59;2607.00;49
6704;59;626047759;6704;255;7613;7660;7.80;0.48;260.30;6.16;909;59;2608.00;47
6707;59;626047773;6707;244;7614;7660;7.83;0.48;260.26;6.16;907;59;2609.00;46
6711;59;626047788;6711;243;7617;7666;7.83;0.48;260.32;6.16;906;59;2610.00;49
6712;59;626047803;6712;246;7618;7666;7.91;0.48;260.34;6.16;906;59;2611.00;48
6713;59;626047817;6713;245;7619;7666;8.06;0.49;260.34;6.16;906;59;2612.00;47
6716;59;626047830;6716;246;7623;7670;8.10;0.50;260.41;6.16;907;59;2613.00;47
6718;59;626047844;6718;239;7624;7671;8.16;0.50;260.39;6.16;906;59;2614.00;47
6722;59;626047858;6722;244;7625;7671;8.21;0.50;260.31;6.16;903;59;2615.00;46
6723;59;626047871;6723;243;7628;7675;8.25;0.50;260.30;6.15;905;59;2616.00;47
6724;60;626047887;6724;240;7629;7675;8.30;0.51;260.32;6.15;905;60;2617.00;46
6726;60;626047914;6726;239;7629;7675;8.35;0.51;260.34;6.15;903;60;2618.00;46
6727;60;626047927;6727;241;7631;7676;8.34;0.51;260.34;6.15;904;60;2619.00;45
6727;60;626047940;6727;243;7631;7676;8.35;0.51;260.34;6.15;904;60;2620.00;45
6731;60;626047953;6731;244;7635;7682;8.33;0.51;260.34;6.15;904;60;2621.00;47
6733;60;626047966;6733;244;7635;7682;8.29;0.50;260.30;6.15;902;60;2622.00;47
6735;60;626047978;6735;242;7636;7683;8.30;0.50;260.30;6.15;901;60;2623.00;47
6736;60;626047991;6736;247;7637;7683;8.28;0.50;260.27;6.20;901;60;2624.00;46
6738;60;626048002;6738;254;7637;7683;8.22;0.50;260.24;6.20;899;60;2625.00;46
6740;60;626048019;6740;253;7637;7683;8.18;0.50;260.25;6.20;897;60;2626.00;46
6742;60;626048032;6742;254;7637;7683;8.09;0.49;260.24;6.20;895;60;2627.00;46
6745;60;626048043;6745;259;7647;7695;8.07;0.49;260.40;6.19;902;60;2628.00;48
6746;60;626048057;6746;265;7648;7695;8.11;0.49;260.43;6.19;902;60;2629.00;47
6750;60;626048068;6750;269;7648;7695;8.07;0.49;260.37;6.19;898;60;2630.00;47
6751;60;626048080;6751;269;7648;7695;8.07;0.49;260.35;6.19;897;60;2631.00;47
6751;60;626048091;6751;273;7648;7695;8.05;0.49;260.35;6.19;897;60;2632.00;47
6755;60;626048102;6755;283;7648;7695;8.01;0.49;260.36;6.19;893;60;2633.00;47
6757;60;626048113;6757;288;7651;7699;7.94;0.48;260.36;6.19;894;60;2634.00;48
6758;60;626048124;6758;290;7651;7699;7.84;0.48;260.37;6.19;893;60;2635.00;48
6759;60;626048135;6759;291;7654;7703;7.78;0.47;260.34;6.19;895;60;2636.00;49
6762;60;626048147;6762;292;7655;7704;7.67;0.47;260.27;6.19;893;60;2637.00;49
6766;60;626048158;6766;298;7656;7704;7.59;0.46;260.30;6.19;890;60;2638.00;48
6767;60;626048169;6767;305;7656;7704;7.48;0.45;260.31;6.19;889;60;2639.00;48
6769;60;626048181;6769;304;7677;7733;7.40;0.45;260.24;6.21;908;60;2640.00;56
6770;60;626048195;6770;299;7679;7733;7.29;0.44;260.23;6.21;909;60;2641.00;54
6773;60;626048206;6773;297;7681;7733;7.27;0.44;260.25;6.21;908;60;2642.00;52
6775;60;626048216;6775;297;7683;7734;7.21;0.44;260.23;6.21;908;60;2643.00;51
6777;60;626048227;6777;296;7683;7735;7.17;0.44;260.22;6.21;906;60;2644.00;52
6779;60;626048238;6779;297;7683;7735;7.12;0.43;260.23;6.21;904;60;2645.00;52
6784;60;626048248;6784;294;7686;7738;7.13;0.43;260.24;6.21;902;60;2646.00;52
6785;60;626048259;6785;296;7686;7738;7.06;0.43;260.26;6.21;901;60;2647.00;52
6786;60;626048270;6786;302;7686;7738;7.00;0.43;260.25;6.21;900;60;2648.00;52
6786;60;626048280;6786;301;7686;7738;6.97;0.42;260.25;6.21;900;60;2649.00;52
6788;60;626048290;6788;304;7691;7744;6.88;0.42;260.24;6.25;903;60;2650.00;53
6791;60;626048301;6791;286;7691;7744;6.80;0.41;260.38;6.25;900;60;2651.00;53
6792;60;626048311;6792;270;7692;7744;6.80;0.41;260.40;6.25;900;60;2652.00;52
6794;60;626048321;6794;262;7692;7744;6.80;0.41;260.41;6.25;898;60;2653.00;52
6796;61;626048331;6796;256;7697;7748;6.79;0.41;260.39;6.30;901;61;2654.00;51
6801;61;626048350;6801;244;7699;7750;6.78;0.41;260.43;6.30;898;61;2655.00;51
6801;62;626048361;6801;244;7700;7750;6.77;0.41;260.43;6.31;899;62;2656.00;50
6805;62;626048381;6805;237;7701;7751;6.81;0.41;260.45;6.31;896;62;2657.00;50
6808;62;626048399;6808;224;7701;7751;6.90;0.42;260.46;6.31;893;62;2658.00;50
6810;62;626048414;6810;215;7701;7751;7.03;0.43;260.42;6.31;891;62;2659.00;50
6813;62;626048424;6813;208;7702;7751;7.16;0.43;260.36;6.33;889;62;2660.00;49
6815;63;626048435;6815;206;7702;7751;7.29;0.44;260.37;6.33;887;63;2661.00;49
6816;63;626048455;6816;202;7702;7751;7.44;0.45;260.34;6.33;886;63;2662.00;49
6816;63;626048466;6816;199;7702;7751;7.56;0.46;260.34;6.33;886;63;2663.00;49
6818;63;626048478;6818;209;7737;7821;7.69;0.47;260.29;6.30;919;63;2664.00;84
6818;63;626048500;6818;203;7739;7822;7.74;0.47;260.29;6.30;921;63;2665.00;83
6819;63;626048512;6819;199;7747;7822;7.82;0.48;260.26;6.29;928;63;2666.00;75
6822;63;626048523;6822;198;7749;7822;7.84;0.48;260.19;6.29;927;63;2667.00;73
6822;63;626048535;6822;193;7754;7822;7.93;0.48;260.19;6.29;932;63;2668.00;68
6823;63;626048546;6823;195;7757;7822;7.96;0.49;260.17;6.29;934;63;2669.00;65
6825;63;626048559;6825;191;7759;7822;7.96;0.48;260.20;6.29;934;63;2670.00;63
6828;63;626048576;6828;193;7762;7822;8.02;0.49;260.14;6.29;934;63;2671.00;60
6831;63;626048587;6831;191;7763;7823;8.05;0.49;260.14;6.29;932;63;2672.00;60
6832;63;626048599;6832;195;7768;7824;8.14;0.50;260.20;6.29;936;63;2673.00;56
6833;63;626048611;6833;195;7770;7824;8.20;0.50;260.18;6.29;937;63;2674.00;54
6835;63;626048622;6835;193;7773;7828;8.19;0.50;260.22;6.29;938;63;2675.00;55
6839;63;626048635;6839;197;7773;7828;8.10;0.49;260.18;6.29;934;63;2676.00;55
6842;63;626048647;6842;193;7773;7828;8.07;0.49;260.29;6.29;931;63;2677.00;55
6846;63;626048659;6846;198;7774;7828;8.01;0.49;260.28;6.30;928;63;2678.00;54
6849;63;626048671;6849;201;7778;7834;7.98;0.48;260.37;6.30;929;63;2679.00;56
6851;63;626048689;6851;211;7781;7834;7.97;0.48;260.43;6.32;930;63;2680.00;53
6852;63;626048701;6852;214;7781;7834;8.05;0.49;260.47;6.32;929;63;2681.00;53
6856;63;626048712;6856;214;7783;7837;8.13;0.49;260.57;6.32;927;63;2682.00;54
6857;63;626048725;6857;210;7785;7837;8.18;0.50;260.55;6.35;928;63;2683.00;52
6858;63;626048737;6858;212;7786;7837;8.24;0.50;260.56;6.35;928;63;2684.00;51
6863;63;626048748;6863;216;7786;7838;8.21;0.50;260.50;6.35;923;63;2685.00;52
6864;63;626048760;6864;210;7789;7839;8.15;0.50;260.56;6.37;925;63;2686.00;50
6869;63;626048774;6869;215;7789;7839;8.12;0.49;260.64;6.37;920;63;2687.00;50
6871;63;626048789;6871;216;7801;7852;8.16;0.50;260.66;6.37;930;63;2688.00;51
6875;63;626048803;6875;217;7801;7852;8.17;0.50;260.72;6.37;926;63;2689.00;51
6878;63;626048815;6878;222;7803;7852;8.17;0.50;260.71;6.39;925;63;2690.00;49
6880;63;626048827;6880;224;7804;7853;8.19;0.50;260.78;6.39;924;63;2691.00;49
6881;63;626048839;6881;228;7805;7853;8.17;0.50;260.83;6.40;924;63;2692.00;48
6883;63;626048851;6883;228;7809;7857;8.15;0.50;260.85;6.41;926;63;2693.00;48
6888;63;626048863;6888;225;7812;7857;8.10;0.49;260.90;6.44;924;63;2694.00;45
6890;63;626048875;6890;222;7815;7861;8.07;0.49;260.88;6.44;925;63;2695.00;46
6892;63;626048887;6892;223;7817;7861;7.98;0.49;260.90;6.46;925;63;2696.00;44
6896;63;626048902;6896;229;7817;7861;7.83;0.48;260.92;6.46;921;63;2697.00;44
6897;63;626048924;6897;237;7819;7861;7.72;0.47;260.95;6.48;922;63;2698.00;42
6900;63;626048941;6900;237;7820;7861;7.63;0.47;260.99;6.49;920;63;2699.00;41
6904;63;626048963;6904;235;7844;7910;7.63;0.47;261.12;6.50;940;63;2700.00;66
6907;63;626048992;6907;238;7845;7910;7.64;0.47;261.13;6.50;938;63;2701.00;65
6914;63;626049009;6914;236;7848;7910;7.60;0.47;261.20;6.50;934;63;2702.00;62
6917;63;626049023;6917;244;7852;7910;7.52;0.46;261.25;6.51;935;63;2703.00;58
6920;63;626049037;6920;242;7854;7910;7.49;0.46;261.23;6.51;934;63;2704.00;56
6923;63;626049056;6923;241;7855;7910;7.46;0.45;261.27;6.51;932;63;2705.00;55
6924;63;626049069;6924;234;7859;7911;7.46;0.45;261.28;6.52;935;63;2706.00;52
6925;63;626049083;6925;235;7860;7911;7.48;0.46;261.32;6.52;935;63;2707.00;51
6927;63;626049096;6927;233;7865;7917;7.51;0.46;261.41;6.53;938;63;2708.00;52
6928;63;626049109;6928;239;7866;7918;7.48;0.46;261.46;6.53;938;63;2709.00;52
6930;63;626049126;6930;243;7867;7918;7.46;0.46;261.50;6.53;937;63;2710.00;51
6937;63;626049138;6937;248;7869;7918;7.33;0.45;261.54;6.54;932;63;2711.00;49
6939;63;626049152;6939;257;7873;7922;7.33;0.45;261.59;6.54;934;63;2712.00;49
6941;63;626049164;6941;261;7876;7922;7.26;0.44;261.66;6.55;935;63;2713.00;46
6946;63;626049176;6946;265;7876;7922;7.21;0.44;261.63;6.55;930;63;2714.00;46
6950;63;626049191;6950;265;7877;7923;7.22;0.44;261.67;6.55;927;63;2715.00;46
6956;63;626049203;6956;269;7883;7927;7.11;0.43;261.59;6.55;927;63;2716.00;44
6960;63;626049222;6960;263;7883;7927;7.05;0.43;261.68;6.55;923;63;2717.00;44
6963;63;626049233;6963;271;7885;7930;7.04;0.43;261.65;6.55;922;63;2718.00;45
6968;63;626049252;6968;271;7888;7930;6.97;0.42;261.72;6.56;920;63;2719.00;42
6974;63;626049264;6974;259;7888;7930;6.94;0.42;261.74;6.56;914;63;2720.00;42
6978;63;626049275;6978;245;7888;7930;6.93;0.42;261.87;6.56;910;63;2721.00;42
6981;63;626049287;6981;241;7891;7934;6.99;0.43;261.94;6.56;910;63;2722.00;43
6984;63;626049299;6984;243;7893;7934;6.99;0.43;262.00;6.56;909;63;2723.00;41
6987;63;626049310;6987;243;7894;7934;7.05;0.43;262.11;6.56;907;63;2724.00;40
6990;63;626049322;6990;244;7896;7934;7.02;0.43;262.15;6.57;906;63;2725.00;38
6995;63;626049333;6995;242;7896;7935;7.04;0.43;262.21;6.57;901;63;2726.00;39
6998;63;626049345;6998;234;7899;7936;7.10;0.43;262.20;6.57;901;63;2727.00;37
7003;63;626049357;7003;220;7900;7936;7.10;0.43;262.32;6.57;897;63;2728.00;36
7004;63;626049374;7004;209;7901;7937;7.18;0.44;262.34;6.57;897;63;2729.00;36
7008;63;626049389;7008;208;7901;7937;7.23;0.44;262.54;6.57;893;63;2730.00;36
7011;63;626049400;7011;207;7902;7937;7.26;0.44;262.61;6.57;891;63;2731.00;35
7015;63;626049411;7015;211;7902;7937;7.38;0.45;262.75;6.57;887;63;2732.00;35
7019;63;626049422;7019;209;7902;7937;7.43;0.45;262.87;6.57;883;63;2733.00;35
7024;63;626049435;7024;212;7905;7937;7.46;0.45;262.92;6.58;881;63;2734.00;32
7032;63;626049447;7032;212;7905;7937;7.40;0.45;263.01;6.58;873;63;2735.00;32
7038;63;626049459;7038;236;7971;8064;7.58;0.47;263.13;6.53;933;63;2736.00;93
7041;63;626049482;7041;227;7976;8065;7.59;0.47;263.17;6.53;935;63;2737.00;89
7047;63;626049494;7047;229;7981;8065;7.56;0.47;263.35;6.53;934;63;2738.00;84
7050;63;626049506;7050;228;7984;8065;7.54;0.47;263.44;6.53;934;63;2739.00;81
7053;63;626049518;7053;232;7987;8065;7.62;0.47;263.52;6.53;934;63;2740.00;78
7059;63;626049531;7059;223;7990;8065;7.66;0.47;263.69;6.53;931;63;2741.00;75
7064;63;626049543;7064;232;7994;8065;7.66;0.47;263.65;6.53;930;63;2742.00;71
7069;63;626049555;7069;232;7996;8065;7.59;0.47;263.65;6.53;927;63;2743.00;69
7075;63;626049567;7075;229;7998;8066;7.57;0.47;263.59;6.53;923;63;2744.00;68
7080;63;626049580;7080;235;8003;8068;7.54;0.47;263.65;6.53;923;63;2745.00;65
7084;63;626049593;7084;238;8005;8068;7.57;0.47;263.70;6.53;921;63;2746.00;63
7087;63;626049606;7087;240;8011;8069;7.56;0.47;263.74;6.53;924;63;2747.00;58
7091;63;626049619;7091;246;8014;8069;7.54;0.47;263.81;6.54;923;63;2748.00;55
7095;63;626049630;7095;252;8017;8069;7.53;0.47;263.89;6.54;922;63;2749.00;52
7100;63;626049643;7100;250;8020;8069;7.52;0.47;263.98;6.54;920;63;2750.00;49
7103;63;626049656;7103;255;8022;8073;7.61;0.47;264.00;6.54;919;63;2751.00;51
7110;63;626049668;7110;259;8025;8073;7.54;0.47;264.08;6.54;915;63;2752.00;48
7115;63;626049680;7115;265;8029;8073;7.56;0.47;264.11;6.54;914;63;2753.00;44
7118;64;626049693;7118;264;8031;8076;7.54;0.47;264.09;6.54;913;64;2754.00;45
7121;64;626049719;7121;268;8035;8076;7.53;0.46;264.08;6.55;914;64;2755.00;41
7123;64;626049737;7123;267;8036;8076;7.47;0.46;264.13;6.55;913;64;2756.00;40
7124;64;626049755;7124;270;8040;8080;7.45;0.46;264.11;6.55;916;64;2757.00;40
7129;64;626049767;7129;278;8042;8081;7.46;0.46;264.05;6.60;913;64;2758.00;39
7136;64;626049780;7136;285;8042;8081;7.45;0.46;263.94;6.60;906;64;2759.00;39
7140;64;626049795;7140;290;8046;8086;7.41;0.46;263.93;6.59;906;64;2760.00;40
7144;64;626049808;7144;294;8046;8086;7.33;0.45;264.02;6.59;902;64;2761.00;40
7149;64;626049821;7149;294;8046;8086;7.26;0.45;264.13;6.59;897;64;2762.00;40
7152;64;626049832;7152;307;8047;8087;7.19;0.44;264.10;6.59;895;64;2763.00;40
7156;64;626049844;7156;309;8047;8087;7.11;0.44;264.16;6.59;891;64;2764.00;40
7159;64;626049856;7159;321;8051;8093;7.05;0.43;264.11;6.59;892;64;2765.00;42
7161;64;626049869;7161;327;8052;8093;7.03;0.43;264.13;6.59;891;64;2766.00;41
7164;64;626049881;7164;319;8052;8094;7.01;0.43;264.13;6.59;888;64;2767.00;42
7167;64;626049896;7167;316;8052;8094;6.97;0.43;264.15;6.59;885;64;2768.00;42
7173;64;626049913;7173;319;8052;8094;6.90;0.42;264.19;6.59;879;64;2769.00;42
7173;64;626049926;7173;314;8052;8094;6.89;0.42;264.19;6.59;879;64;2770.00;42
7177;64;626049938;7177;315;8052;8094;6.91;0.42;264.23;6.59;875;65;2771.00;42
7179;64;626049959;7179;318;8062;8106;7.05;0.43;264.22;6.58;883;65;2772.00;44
7184;64;626049972;7184;317;8062;8106;7.03;0.43;264.21;6.58;878;65;2773.00;44
7184;64;626049984;7184;320;8063;8106;7.14;0.44;264.21;6.58;879;65;2774.00;43
7189;64;626049995;7189;322;8063;8106;7.17;0.44;264.26;6.58;874;65;2775.00;43
7193;64;626050007;7193;306;8063;8106;7.23;0.44;264.20;6.58;870;65;2776.00;43
7195;64;626050025;7195;298;8063;8106;7.34;0.45;264.20;6.58;868;65;2777.00;43
7199;64;626050037;7199;289;8066;8110;7.42;0.45;264.14;6.58;867;65;2778.00;44
7203;64;626050049;7203;276;8067;8110;7.56;0.46;264.08;6.63;864;65;2779.00;43
7204;64;626050061;7204;265;8070;8114;7.65;0.47;264.06;6.63;866;65;2780.00;44
7207;64;626050079;7207;260;8072;8115;7.74;0.47;264.12;6.62;865;65;2781.00;43
7208;64;626050092;7208;260;8072;8115;7.82;0.48;264.10;6.62;864;65;2782.00;43
7211;64;626050104;7211;258;8072;8115;7.89;0.48;264.03;6.62;861;65;2783.00;43
7215;64;626050115;7215;264;8083;8128;8.03;0.49;264.02;6.62;868;65;2784.00;45
7218;64;626050128;7218;268;8083;8128;8.10;0.49;264.02;6.62;865;65;2785.00;45
7219;64;626050141;7219;271;8083;8128;8.11;0.49;264.01;6.62;864;65;2786.00;45
7221;64;626050152;7221;267;8084;8129;8.11;0.49;264.03;6.61;863;65;2787.00;45
7223;64;626050164;7223;265;8084;8130;8.12;0.49;264.00;6.61;861;65;2788.00;46
7226;64;626050176;7226;263;8084;8130;8.06;0.49;263.98;6.61;858;65;2789.00;46
7229;64;626050190;7229;262;8087;8136;8.01;0.49;263.98;6.61;858;65;2790.00;49
7229;64;626050202;7229;266;8087;8136;7.93;0.48;263.98;6.61;858;65;2791.00;49
7230;64;626050213;7230;269;8089;8136;7.85;0.48;263.97;6.66;859;65;2792.00;47
7231;64;626050224;7231;272;8089;8136;7.74;0.47;263.95;6.66;858;65;2793.00;47
7231;64;626050236;7231;276;8093;8142;7.65;0.46;263.95;6.66;862;65;2794.00;49
7232;64;626050247;7232;284;8093;8142;7.55;0.46;263.95;6.66;861;65;2795.00;49
7232;64;626050258;7232;287;8094;8142;7.48;0.45;263.95;6.66;862;65;2796.00;48
7233;64;626050269;7233;296;8094;8142;7.39;0.45;263.96;6.66;861;65;2797.00;48
7236;64;626050280;7236;303;8099;8146;7.32;0.44;264.02;6.70;863;65;2798.00;47
7237;64;626050291;7237;308;8100;8147;7.29;0.44;263.98;6.70;863;65;2799.00;47
7237;64;626050302;7237;318;8101;8147;7.27;0.44;263.98;6.70;864;65;2800.00;46
7239;64;626050316;7239;322;8102;8148;7.24;0.44;263.96;6.70;863;65;2801.00;46
7239;64;626050327;7239;328;8102;8148;7.14;0.43;263.96;6.70;863;65;2802.00;46
7239;64;626050337;7239;317;8102;8148;7.12;0.43;263.96;6.70;863;65;2803.00;46
7243;64;626050348;7243;309;8102;8148;7.05;0.43;263.95;6.70;859;65;2804.00;46
7243;64;626050358;7243;308;8102;8148;7.02;0.43;263.95;6.70;859;65;2805.00;46
7245;64;626050369;7245;301;8103;8148;7.02;0.43;263.96;6.74;858;65;2806.00;45
7245;64;626050380;7245;298;8103;8148;7.09;0.43;263.96;6.74;858;65;2807.00;45
7245;64;626050390;7245;304;8146;8218;7.14;0.44;263.96;6.71;901;65;2808.00;72
7246;64;626050407;7246;289;8146;8219;7.17;0.44;263.96;6.71;900;65;2809.00;73
7247;64;626050418;7247;275;8153;8219;7.27;0.44;263.98;6.71;906;65;2810.00;66
7248;64;626050429;7248;271;8157;8219;7.35;0.45;263.97;6.70;909;65;2811.00;62
7249;64;626050441;7249;262;8164;8219;7.41;0.45;263.97;6.75;915;65;2812.00;55
7252;64;626050458;7252;258;8166;8219;7.41;0.45;263.96;6.74;914;65;2813.00;53
7254;64;626050470;7254;257;8168;8219;7.48;0.46;263.94;6.74;914;65;2814.00;51
7257;64;626050482;7257;259;8168;8219;7.52;0.46;263.91;6.74;911;65;2815.00;51
7258;64;626050494;7258;254;8170;8220;7.63;0.46;263.92;6.74;912;65;2816.00;50
7260;64;626050506;7260;250;8172;8221;7.64;0.46;263.91;6.78;912;65;2817.00;49
7261;64;626050517;7261;252;8173;8221;7.68;0.47;263.90;6.78;912;65;2818.00;48
7262;64;626050528;7262;250;8176;8225;7.66;0.47;263.89;6.78;914;65;2819.00;49
7263;64;626050541;7263;248;8176;8225;7.61;0.46;263.88;6.78;913;65;2820.00;49
7267;64;626050552;7267;245;8176;8225;7.54;0.46;263.88;6.78;909;65;2821.00;49
7273;64;626050564;7273;239;8177;8225;7.44;0.45;263.85;6.81;904;65;2822.00;48
7275;64;626050575;7275;245;8180;8231;7.42;0.45;263.83;6.81;905;65;2823.00;51
7278;64;626050587;7278;237;8181;8231;7.44;0.45;263.81;6.81;903;65;2824.00;50
7279;64;626050598;7279;237;8184;8231;7.40;0.45;263.86;6.87;905;65;2825.00;47
7281;64;626050611;7281;227;8186;8234;7.43;0.45;263.94;6.87;905;65;2826.00;48
7281;64;626050622;7281;218;8187;8234;7.50;0.45;263.94;6.91;906;65;2827.00;47
7284;64;626050634;7284;219;8188;8234;7.50;0.46;263.96;6.91;904;65;2828.00;46
7287;64;626050646;7287;217;8188;8235;7.50;0.45;264.01;6.91;901;65;2829.00;47
7289;64;626050657;7289;216;8189;8236;7.50;0.45;264.06;6.91;900;65;2830.00;47
7292;64;626050668;7292;207;8191;8236;7.47;0.45;263.99;6.98;899;65;2831.00;45
7296;64;626050686;7296;212;8201;8249;7.52;0.46;264.02;6.97;905;65;2832.00;48
7297;64;626050698;7297;204;8201;8249;7.52;0.46;264.06;6.97;904;65;2833.00;48
7300;64;626050710;7300;200;8202;8249;7.54;0.46;264.02;7.01;902;65;2834.00;47
7304;64;626050720;7304;205;8204;8251;7.61;0.46;264.05;7.01;900;65;2835.00;47
7306;64;626050732;7306;214;8205;8251;7.60;0.46;264.11;7.05;899;65;2836.00;46
7311;64;626050742;7311;213;8207;8255;7.68;0.46;264.14;7.04;896;65;2837.00;48
7314;64;626050754;7314;212;8209;8255;7.73;0.47;264.19;7.04;895;65;2838.00;46
7316;64;626050765;7316;214;8213;8259;7.78;0.47;264.21;7.08;897;65;2839.00;46
7318;64;626050776;7318;216;8213;8259;7.82;0.47;264.20;7.08;895;65;2840.00;46
7321;64;626050787;7321;215;8215;8259;7.89;0.48;264.28;7.08;894;65;2841.00;44
7322;64;626050797;7322;214;8216;8259;7.89;0.48;264.32;7.12;894;65;2842.00;43
7325;64;626050808;7325;217;8216;8259;7.88;0.47;264.42;7.12;891;65;2843.00;43
7327;64;626050819;7327;226;8225;8271;7.94;0.48;264.45;7.11;898;65;2844.00;46
7328;64;626050831;7328;225;8226;8271;7.97;0.48;264.45;7.11;898;65;2845.00;45
7332;64;626050842;7332;229;8227;8271;8.02;0.48;264.51;7.11;895;65;2846.00;44
7336;64;626050860;7336;229;8227;8271;8.04;0.49;264.54;7.11;891;65;2847.00;44
7338;64;626050871;7338;232;8227;8271;8.05;0.49;264.55;7.11;889;65;2848.00;44
7341;64;626050888;7341;234;8227;8271;8.08;0.49;264.67;7.11;886;65;2849.00;44
7342;64;626050907;7342;230;8231;8274;8.14;0.49;264.65;7.13;889;65;2850.00;43
7344;64;626050925;7344;232;8231;8274;8.15;0.49;264.73;7.13;887;65;2851.00;43
7347;64;626050944;7347;229;8236;8280;8.21;0.50;264.74;7.14;889;65;2852.00;44
7349;64;626050966;7349;231;8239;8281;8.21;0.50;264.73;7.15;890;65;2853.00;42
7352;64;626050985;7352;224;8239;8281;8.19;0.50;264.82;7.15;887;65;2854.00;42
7354;64;626051002;7354;228;8241;8281;8.16;0.50;264.88;7.18;887;65;2855.00;40
7356;64;626051019;7356;231;8245;8285;8.20;0.50;264.84;7.19;889;65;2856.00;40
7359;64;626051032;7359;223;8245;8285;8.19;0.50;264.88;7.19;886;65;2857.00;40
7365;64;626051047;7365;217;8246;8285;8.18;0.50;264.90;7.20;881;65;2858.00;39
7365;64;626051060;7365;206;8249;8286;8.18;0.50;264.90;7.23;884;65;2859.00;37
7369;64;626051073;7369;215;8252;8290;8.16;0.50;264.94;7.22;883;65;2860.00;38
7370;64;626051086;7370;211;8254;8290;8.15;0.50;265.00;7.24;884;65;2861.00;36
7372;64;626051107;7372;220;8256;8293;8.21;0.50;265.02;7.24;884;65;2862.00;37
7375;64;626051120;7375;228;8259;8293;8.16;0.50;265.11;7.26;884;65;2863.00;34
7377;64;626051132;7377;226;8261;8295;8.14;0.50;265.14;7.26;884;65;2864.00;34
7379;64;626051144;7379;224;8261;8295;8.17;0.50;265.13;7.26;882;65;2865.00;34
7382;64;626051156;7382;228;8267;8299;8.17;0.50;265.18;7.27;885;65;2866.00;32
7385;65;626051175;7385;227;8267;8299;8.15;0.50;265.21;7.27;882;66;2867.00;32
7388;65;626051200;7388;225;8269;8299;8.07;0.49;265.25;7.29;881;66;2868.00;30
7390;65;626051212;7390;224;8269;8299;8.03;0.49;265.23;7.29;879;66;2869.00;30
7392;65;626051224;7392;225;8270;8300;8.04;0.49;265.28;7.29;878;66;2870.00;30
7395;65;626051236;7395;217;8273;8301;8.05;0.49;265.32;7.31;878;66;2871.00;28
7396;65;626051249;7396;214;8273;8301;8.08;0.49;265.36;7.31;877;66;2872.00;28
7400;65;626051261;7400;213;8274;8302;8.11;0.49;265.36;7.31;874;66;2873.00;28
7404;65;626051273;7404;208;8274;8302;8.08;0.49;265.43;7.31;870;66;2874.00;28
7405;65;626051284;7405;212;8278;8302;8.06;0.49;265.45;7.34;873;66;2875.00;24
7408;65;626051296;7408;210;8278;8302;8.04;0.49;265.54;7.34;870;66;2876.00;24
7411;65;626051307;7411;209;8279;8302;8.06;0.49;265.56;7.35;868;66;2877.00;23
7412;65;626051319;7412;211;8280;8302;8.05;0.49;265.54;7.36;868;66;2878.00;22
7414;65;626051330;7414;215;8280;8302;8.09;0.49;265.58;7.36;866;66;2879.00;22
7416;65;626051344;7416;253;8381;8532;8.03;0.50;265.65;7.28;965;66;2880.00;151
7418;65;626051374;7418;245;8385;8533;7.96;0.50;265.66;7.28;967;66;2881.00;148
7423;65;626051386;7423;243;8394;8533;7.94;0.49;265.79;7.27;971;66;2882.00;139
7426;65;626051398;7426;243;8401;8533;7.85;0.49;265.81;7.28;975;66;2883.00;132
7429;65;626051409;7429;245;8407;8533;7.83;0.49;265.86;7.27;978;66;2884.00;126
7436;65;626051430;7436;252;8414;8533;7.78;0.48;265.82;7.28;978;66;2885.00;119
7439;65;626051443;7439;255;8421;8533;7.74;0.48;265.86;7.28;982;66;2886.00;112
7444;65;626051455;7444;262;8427;8533;7.66;0.48;265.91;7.29;983;66;2887.00;106
7446;65;626051467;7446;275;8434;8534;7.61;0.47;265.91;7.29;988;66;2888.00;100
7453;65;626051479;7453;285;8438;8535;7.52;0.47;265.99;7.29;985;66;2889.00;97
7454;65;626051491;7454;275;8445;8535;7.48;0.46;266.02;7.29;991;66;2890.00;90
7457;65;626051503;7457;279;8450;8536;7.35;0.46;266.12;7.30;993;66;2891.00;86
7460;65;626051516;7460;276;8453;8536;7.20;0.45;266.16;7.30;993;66;2892.00;83
7464;65;626051534;7464;274;8454;8536;7.09;0.44;266.26;7.30;990;66;2893.00;82
7467;65;626051553;7467;273;8464;8536;6.93;0.43;266.29;7.31;997;66;2894.00;72
7470;65;626051573;7470;280;8469;8540;6.80;0.42;266.33;7.31;999;66;2895.00;71
7473;65;626051586;7473;288;8471;8540;6.67;0.41;266.39;7.31;998;66;2896.00;69
7474;65;626051599;7474;283;8476;8540;6.58;0.41;266.41;7.31;1002;66;2897.00;64
7480;65;626051612;7480;279;8479;8543;6.59;0.41;266.52;7.32;999;66;2898.00;64
7484;65;626051625;7484;274;8481;8543;6.62;0.41;266.52;7.32;997;66;2899.00;62
7492;65;626051639;7492;265;8481;8543;6.66;0.41;266.57;7.32;989;66;2900.00;62
7496;65;626051656;7496;262;8484;8547;6.74;0.41;266.64;7.32;988;66;2901.00;63
7502;65;626051669;7502;262;8488;8548;6.79;0.42;266.70;7.32;986;66;2902.00;60
7504;65;626051682;7504;262;8489;8548;6.86;0.42;266.75;7.33;985;66;2903.00;59
7507;65;626051695;7507;263;8493;8552;6.86;0.42;266.75;7.33;986;66;2904.00;59
7512;65;626051709;7512;271;8496;8552;6.86;0.42;266.79;7.33;984;66;2905.00;56
7516;65;626051722;7516;279;8499;8552;6.86;0.42;266.87;7.34;983;66;2906.00;53
7519;65;626051735;7519;283;8501;8553;6.89;0.42;266.93;7.34;982;66;2907.00;52
7523;65;626051748;7523;280;8504;8553;6.87;0.42;266.94;7.34;981;66;2908.00;49
7525;65;626051761;7525;282;8508;8559;6.90;0.42;266.95;7.34;983;66;2909.00;51
7528;65;626051776;7528;286;8513;8559;6.85;0.42;266.98;7.35;985;66;2910.00;46
7529;65;626051789;7529;293;8514;8560;6.86;0.42;266.96;7.35;985;66;2911.00;46
7532;65;626051801;7532;309;8515;8560;6.81;0.42;267.02;7.36;983;66;2912.00;45
7536;66;626051814;7536;304;8518;8560;6.76;0.42;267.07;7.36;982;67;2913.00;42
7540;66;626051846;7540;312;8518;8560;6.68;0.41;267.09;7.36;978;67;2914.00;42
7545;66;626051858;7545;314;8519;8560;6.57;0.40;267.06;7.36;974;67;2915.00;41
7548;66;626051872;7548;315;8531;8572;6.58;0.40;267.09;7.36;983;67;2916.00;41
7553;66;626051886;7553;321;8532;8572;6.55;0.40;267.06;7.40;979;67;2917.00;40
7558;66;626051900;7558;330;8533;8572;6.48;0.40;267.05;7.40;975;67;2918.00;39
7566;66;626051921;7566;330;8533;8572;6.39;0.39;267.17;7.40;967;67;2919.00;39
7569;66;626051957;7569;342;8533;8572;6.34;0.39;267.26;7.40;964;67;2920.00;39
7573;66;626051970;7573;352;8533;8572;6.27;0.38;267.25;7.40;960;67;2921.00;39
7576;66;626051982;7576;356;8536;8576;6.29;0.39;267.25;7.40;960;67;2922.00;40
7578;66;626051993;7578;362;8536;8576;6.27;0.39;267.31;7.40;958;67;2923.00;40
7581;66;626052004;7581;363;8539;8580;6.31;0.39;267.39;7.40;958;67;2924.00;41
7586;66;626052016;7586;369;8542;8582;6.35;0.39;267.42;7.40;956;67;2925.00;40
7591;66;626052028;7591;372;8542;8582;6.33;0.39;267.50;7.40;951;67;2926.00;40
7594;66;626052039;7594;366;8542;8582;6.36;0.39;267.52;7.40;948;67;2927.00;40
7595;66;626052051;7595;372;8553;8595;6.44;0.40;267.50;7.39;958;67;2928.00;42
7600;66;626052064;7600;376;8553;8595;6.42;0.39;267.48;7.39;953;67;2929.00;42
7603;66;626052075;7603;380;8554;8595;6.44;0.40;267.45;7.43;951;67;2930.00;41
7604;66;626052087;7604;382;8555;8596;6.48;0.40;267.43;7.43;951;67;2931.00;41
7607;66;626052098;7607;386;8555;8597;6.46;0.40;267.41;7.43;948;67;2932.00;42
7610;66;626052109;7610;389;8556;8597;6.40;0.39;267.33;7.48;946;67;2933.00;41
7613;66;626052120;7613;399;8558;8600;6.42;0.39;267.30;7.48;945;67;2934.00;42
7616;66;626052132;7616;402;8559;8600;6.42;0.39;267.24;7.48;943;67;2935.00;41
7619;66;626052143;7619;409;8559;8600;6.40;0.39;267.19;7.48;940;67;2936.00;41
7621;66;626052154;7621;398;8560;8600;6.41;0.39;267.20;7.52;939;67;2937.00;40
7624;66;626052166;7624;397;8564;8606;6.42;0.39;267.18;7.51;940;67;2938.00;42
7625;66;626052178;7625;397;8565;8606;6.39;0.39;267.15;7.55;940;67;2939.00;41
7628;66;626052192;7628;392;8566;8606;6.41;0.39;267.13;7.55;938;67;2940.00;40
7629;66;626052203;7629;390;8566;8606;6.48;0.40;267.12;7.55;937;67;2941.00;40
7632;66;626052214;7632;382;8569;8610;6.49;0.40;267.09;7.55;937;67;2942.00;41
7633;66;626052226;7633;384;8571;8611;6.54;0.40;267.08;7.59;938;67;2943.00;40
7634;66;626052238;7634;388;8571;8611;6.61;0.40;267.06;7.59;937;67;2944.00;40
7636;66;626052249;7636;387;8572;8612;6.57;0.40;267.04;7.58;936;67;2945.00;40
7637;66;626052266;7637;379;8572;8612;6.62;0.41;267.04;7.58;935;67;2946.00;40
7640;66;626052278;7640;370;8572;8612;6.66;0.41;266.99;7.58;932;67;2947.00;40
7642;66;626052294;7642;357;8572;8612;6.67;0.41;266.97;7.58;930;67;2948.00;40
7645;66;626052311;7645;346;8572;8612;6.68;0.41;266.92;7.58;927;67;2949.00;40
7647;66;626052323;7647;342;8572;8612;6.74;0.41;266.88;7.58;925;67;2950.00;40
7649;66;626052335;7649;340;8572;8612;6.82;0.42;266.87;7.58;923;67;2951.00;40
7652;66;626052346;7652;340;8605;8682;7.05;0.43;266.82;7.59;953;67;2952.00;77
7652;66;626052364;7652;335;8605;8683;7.15;0.44;266.82;7.59;953;67;2953.00;78
7654;66;626052376;7654;330;8611;8683;7.27;0.44;266.77;7.59;957;67;2954.00;72
7654;66;626052387;7654;317;8614;8683;7.33;0.45;266.77;7.62;960;67;2955.00;69
7657;66;626052399;7657;310;8619;8683;7.45;0.45;266.79;7.62;962;67;2956.00;64
7658;66;626052411;7658;303;8621;8683;7.57;0.46;266.81;7.62;963;67;2957.00;62
7658;66;626052423;7658;294;8625;8683;7.64;0.47;266.81;7.62;967;67;2958.00;58
7658;66;626052436;7658;290;8630;8683;7.70;0.47;266.81;7.64;972;67;2959.00;53
7660;66;626052448;7660;284;8634;8684;7.79;0.47;266.83;7.64;974;67;2960.00;50
7663;66;626052461;7663;276;8635;8685;7.82;0.48;266.81;7.64;972;67;2961.00;50
7664;66;626052480;7664;272;8636;8685;7.80;0.47;266.81;7.64;972;67;2962.00;49
7665;66;626052492;7665;271;8639;8689;7.84;0.48;266.77;7.64;974;67;2963.00;50
7666;66;626052505;7666;270;8639;8689;7.85;0.48;266.76;7.64;973;67;2964.00;50
7668;67;626052517;7668;264;8639;8689;7.86;0.48;266.82;7.64;971;68;2965.00;50
7669;67;626052540;7669;264;8639;8689;7.82;0.48;266.82;7.64;970;68;2966.00;50
7671;67;626052552;7671;259;8642;8695;7.82;0.48;266.82;7.64;971;68;2967.00;53
7672;67;626052570;7672;260;8642;8695;7.77;0.47;266.82;7.64;970;68;2968.00;53
7672;67;626052588;7672;258;8643;8695;7.76;0.47;266.82;7.64;971;68;2969.00;52
7676;67;626052603;7676;261;8646;8701;7.75;0.47;266.78;7.64;970;68;2970.00;55
7677;67;626052616;7677;274;8647;8701;7.74;0.47;266.79;7.64;970;68;2971.00;54
7678;67;626052629;7678;280;8648;8701;7.71;0.47;266.78;7.67;970;68;2972.00;53
7681;67;626052641;7681;286;8649;8702;7.62;0.46;266.75;7.67;968;68;2973.00;53
7681;67;626052654;7681;284;8650;8703;7.61;0.46;266.75;7.66;969;68;2974.00;53
7683;67;626052665;7683;284;8651;8703;7.61;0.46;266.71;7.66;968;68;2975.00;52
7684;67;626052678;7684;286;8659;8716;7.66;0.47;266.76;7.66;975;68;2976.00;57
7685;67;626052691;7685;290;8660;8716;7.68;0.47;266.76;7.66;975;68;2977.00;56
7686;67;626052703;7686;297;8660;8716;7.67;0.47;266.79;7.66;974;68;2978.00;56
7688;67;626052715;7688;294;8661;8717;7.73;0.47;266.78;7.66;973;68;2979.00;56
7690;67;626052727;7690;295;8661;8717;7.73;0.47;266.81;7.66;971;68;2980.00;56
7692;67;626052739;7692;298;8663;8721;7.81;0.48;266.81;7.65;971;68;2981.00;58
7695;67;626052752;7695;295;8663;8721;7.82;0.48;266.82;7.65;968;68;2982.00;58
7702;67;626052764;7702;295;8667;8725;7.76;0.47;266.86;7.65;965;68;2983.00;58
7706;67;626052777;7706;290;8667;8725;7.72;0.47;266.91;7.65;961;68;2984.00;58
7710;67;626052789;7710;291;8667;8725;7.70;0.47;266.92;7.65;957;68;2985.00;58
7714;67;626052801;7714;284;8667;8725;7.70;0.47;267.00;7.65;953;68;2986.00;58
7719;67;626052814;7719;280;8667;8725;7.71;0.47;267.04;7.65;948;68;2987.00;58
7723;67;626052825;7723;278;8678;8737;7.75;0.47;267.13;7.67;955;68;2988.00;59
7727;67;626052843;7727;276;8679;8737;7.74;0.47;267.12;7.67;952;68;2989.00;58
7731;67;626052855;7731;268;8680;8737;7.77;0.47;267.18;7.67;949;68;2990.00;57
7733;67;626052866;7733;268;8680;8737;7.82;0.48;267.16;7.67;947;68;2991.00;57
7739;67;626052878;7739;253;8680;8737;7.81;0.47;267.24;7.67;941;68;2992.00;57
7743;67;626052890;7743;249;8681;8737;7.80;0.47;267.25;7.68;938;68;2993.00;56
7749;67;626052905;7749;241;8683;8738;7.82;0.48;267.34;7.68;934;68;2994.00;55
7752;67;626052925;7752;238;8685;8738;7.82;0.48;267.40;7.71;933;68;2995.00;53
7757;68;626052944;7757;235;8688;8744;7.86;0.48;267.40;7.71;931;69;2996.00;56
7761;68;626052986;7761;232;8690;8745;7.84;0.48;267.41;7.70;929;69;2997.00;55
7764;68;626053011;7764;223;8692;8745;7.84;0.48;267.40;7.74;928;69;2998.00;53
7768;68;626053028;7768;217;8692;8745;7.83;0.47;267.38;7.74;924;69;2999.00;53
7772;68;626053044;7772;217;8697;8765;7.89;0.48;267.35;7.76;925;69;3000.00;68
7774;68;626053064;7774;210;8697;8765;7.97;0.48;267.36;7.76;923;69;3001.00;68
7777;68;626053078;7777;211;8698;8765;7.97;0.48;267.40;7.76;921;69;3002.00;67
7780;68;626053091;7780;206;8699;8766;8.05;0.49;267.49;7.75;919;69;3003.00;67
7783;68;626053105;7783;197;8702;8770;8.05;0.49;267.44;7.75;919;69;3004.00;68
7787;68;626053120;7787;195;8703;8770;8.11;0.49;267.49;7.77;916;69;3005.00;67
7790;68;626053134;7790;190;8706;8773;8.21;0.50;267.56;7.76;916;69;3006.00;67
7793;68;626053147;7793;182;8708;8773;8.27;0.50;267.55;7.77;915;69;3007.00;65
7797;69;626053160;7797;182;8709;8773;8.34;0.50;267.64;7.77;912;70;3008.00;64
7801;69;626053186;7801;181;8710;8773;8.34;0.50;267.67;7.78;909;70;3009.00;63
7801;69;626053200;7801;185;8712;8777;8.35;0.50;267.67;7.78;911;70;3010.00;65
7803;69;626053214;7803;185;8713;8777;8.38;0.51;267.75;7.78;910;70;3011.00;64
7807;69;626053230;7807;193;8717;8777;8.33;0.50;267.84;7.78;910;70;3012.00;60
7807;69;626053244;7807;194;8718;8777;8.44;0.51;267.84;7.79;911;70;3013.00;59
7811;69;626053258;7811;190;8719;8778;8.47;0.51;267.87;7.79;908;70;3014.00;59
7814;69;626053273;7814;188;8724;8780;8.51;0.52;267.88;7.79;910;70;3015.00;56
7815;69;626053288;7815;185;8725;8780;8.56;0.52;267.91;7.79;910;70;3016.00;55
7819;69;626053303;7819;192;8726;8781;8.65;0.52;267.98;7.79;907;70;3017.00;55
7821;69;626053317;7821;192;8727;8781;8.71;0.53;268.04;7.79;906;70;3018.00;54
7822;69;626053330;7822;189;8728;8781;8.82;0.53;268.02;7.80;906;70;3019.00;53
7824;69;626053344;7824;191;8729;8781;8.89;0.54;268.05;7.80;905;70;3020.00;52
7828;69;626053357;7828;186;8729;8781;8.95;0.54;268.09;7.80;901;70;3021.00;52
7830;69;626053370;7830;192;8731;8781;8.99;0.54;268.11;7.83;901;70;3022.00;50
7832;69;626053383;7832;194;8732;8781;8.97;0.54;268.18;7.83;900;70;3023.00;49
7835;69;626053398;7835;220;8798;8908;8.90;0.55;268.21;7.78;963;70;3024.00;110
7836;69;626053421;7836;211;8805;8909;8.85;0.54;268.21;7.80;969;70;3025.00;104
7838;69;626053436;7838;195;8809;8909;8.86;0.54;268.27;7.80;971;70;3026.00;100
7840;69;626053450;7840;195;8818;8909;8.85;0.54;268.32;7.82;978;70;3027.00;91
7843;69;626053471;7843;198;8822;8909;8.85;0.54;268.36;7.82;979;70;3028.00;87
7844;69;626053485;7844;194;8826;8909;8.85;0.54;268.41;7.84;982;70;3029.00;83
7849;69;626053501;7849;199;8831;8909;8.89;0.55;268.44;7.85;982;70;3030.00;78
7852;69;626053515;7852;201;8834;8909;8.89;0.55;268.42;7.86;982;70;3031.00;75
7856;69;626053528;7856;206;8839;8910;8.90;0.55;268.44;7.88;983;70;3032.00;71
7859;69;626053542;7859;209;8841;8911;8.96;0.55;268.49;7.88;982;70;3033.00;70
7860;69;626053556;7860;212;8846;8911;8.98;0.55;268.52;7.90;986;70;3034.00;65
7862;69;626053570;7862;215;8850;8912;8.95;0.55;268.58;7.91;988;70;3035.00;62
7864;69;626053584;7864;224;8853;8912;8.84;0.54;268.56;7.91;989;70;3036.00;59
7868;69;626053598;7868;228;8859;8912;8.70;0.54;268.50;7.93;991;70;3037.00;53
7870;69;626053612;7870;236;8864;8912;8.59;0.53;268.64;7.95;994;70;3038.00;48
7873;69;626053626;7873;238;8868;8916;8.50;0.52;268.71;7.95;995;70;3039.00;48
7878;69;626053641;7878;244;8872;8916;8.41;0.52;268.70;7.96;994;70;3040.00;44
7879;69;626053655;7879;250;8873;8916;8.37;0.51;268.73;7.96;994;70;3041.00;43
7881;69;626053668;7881;255;8875;8919;8.35;0.51;268.74;7.96;994;70;3042.00;44
7884;69;626053682;7884;261;8878;8919;8.27;0.51;268.79;7.98;994;70;3043.00;41
7886;69;626053696;7886;264;8879;8919;8.20;0.50;268.78;7.98;993;70;3044.00;40
7891;69;626053709;7891;268;8884;8923;8.09;0.50;268.75;7.98;993;70;3045.00;39
7896;69;626053723;7896;269;8885;8924;8.03;0.49;268.77;7.98;989;70;3046.00;39
7899;69;626053736;7899;275;8886;8924;7.97;0.49;268.77;7.98;987;70;3047.00;38
7902;69;626053749;7902;283;8891;8928;7.92;0.49;268.80;7.99;989;70;3048.00;37
7904;69;626053762;7904;285;8892;8928;7.85;0.48;268.79;8.00;988;70;3049.00;36
7907;69;626053775;7907;281;8893;8928;7.81;0.48;268.82;8.00;986;70;3050.00;35
7913;69;626053788;7913;289;8894;8929;7.75;0.47;268.89;8.00;981;70;3051.00;35
7917;69;626053801;7917;298;8894;8929;7.59;0.46;268.91;8.00;977;70;3052.00;35
7922;69;626053813;7922;302;8898;8935;7.47;0.45;268.89;8.00;976;70;3053.00;37
7925;69;626053825;7925;308;8902;8935;7.26;0.44;268.98;8.01;977;70;3054.00;33
7929;69;626053838;7929;317;8903;8936;7.06;0.43;269.00;8.01;974;70;3055.00;33
7934;69;626053850;7934;319;8907;8936;6.86;0.42;269.05;8.02;973;70;3056.00;29
7935;69;626053862;7935;328;8907;8936;6.73;0.41;269.05;8.02;972;70;3057.00;29
7939;69;626053874;7939;336;8908;8936;6.58;0.40;269.12;8.02;969;70;3058.00;28
7941;69;626053885;7941;343;8909;8936;6.47;0.40;269.12;8.03;968;70;3059.00;27
7944;69;626053898;7944;341;8930;8972;6.47;0.40;269.15;8.01;986;70;3060.00;42
7949;69;626053914;7949;335;8931;8972;6.35;0.39;269.27;8.01;982;70;3061.00;41
7953;69;626053926;7953;345;8935;8972;6.36;0.39;269.38;8.01;982;70;3062.00;37
7958;69;626053936;7958;346;8936;8972;6.32;0.39;269.41;8.01;978;70;3063.00;36
7962;69;626053948;7962;350;8940;8972;6.29;0.39;269.45;8.01;978;70;3064.00;32
7965;69;626053958;7965;351;8941;8972;6.26;0.38;269.53;8.01;976;70;3065.00;31
7968;69;626053969;7968;360;8944;8976;6.24;0.38;269.53;8.01;976;70;3066.00;32
7975;69;626053980;7975;355;8945;8976;6.14;0.38;269.56;8.01;970;70;3067.00;31
7976;69;626053996;7976;352;8948;8980;6.16;0.38;269.59;8.01;972;70;3068.00;32
7980;69;626054008;7980;348;8949;8981;6.13;0.38;269.66;8.01;969;70;3069.00;32
7982;69;626054019;7982;353;8950;8981;6.08;0.37;269.72;8.01;968;70;3070.00;31
7985;69;626054030;7985;351;8951;8981;6.06;0.37;269.74;8.01;966;70;3071.00;30
7987;69;626054041;7987;353;8962;8994;6.12;0.38;269.82;8.00;975;70;3072.00;32
7989;69;626054052;7989;353;8963;8994;6.20;0.38;269.86;8.00;974;70;3073.00;31
7994;69;626054063;7994;349;8963;8994;6.26;0.38;269.95;8.00;969;70;3074.00;31
7996;69;626054074;7996;352;8964;8995;6.35;0.39;270.03;8.00;968;70;3075.00;31
8000;69;626054086;8000;357;8964;8996;6.32;0.39;269.99;8.00;964;70;3076.00;32
8003;69;626054096;8003;358;8964;8996;6.24;0.38;270.00;8.00;961;70;3077.00;32
8007;69;626054107;8007;368;8967;8999;6.17;0.38;270.03;8.00;960;70;3078.00;32
8010;69;626054118;8010;365;8967;8999;6.09;0.37;270.07;8.00;957;70;3079.00;32
8016;69;626054129;8016;365;8967;8999;6.00;0.37;270.18;8.00;951;70;3080.00;32
8020;69;626054140;8020;366;8967;8999;5.98;0.37;270.10;8.00;947;70;3081.00;32
8026;69;626054151;8026;363;8971;9005;5.94;0.36;270.18;7.99;945;70;3082.00;34
8030;69;626054162;8030;364;8971;9005;5.91;0.36;270.14;7.99;941;70;3083.00;34
8035;69;626054174;8035;366;8972;9005;5.83;0.36;270.01;7.99;937;70;3084.00;33
8038;69;626054184;8038;367;8972;9005;5.82;0.36;269.98;7.99;934;70;3085.00;33
8044;69;626054194;8044;373;8975;9009;5.80;0.35;269.98;7.99;931;70;3086.00;34
8048;69;626054205;8048;378;8976;9010;5.77;0.35;270.16;7.99;928;70;3087.00;34
8050;69;626054216;8050;380;8976;9010;5.73;0.35;270.14;7.99;926;70;3088.00;34
8052;69;626054227;8052;374;8977;9011;5.72;0.35;270.11;7.99;925;70;3089.00;34
8054;69;626054240;8054;367;8977;9011;5.69;0.35;270.08;7.99;923;70;3090.00;34
8058;69;626054250;8058;370;8977;9011;5.70;0.35;270.02;7.99;919;70;3091.00;34
8061;69;626054261;8061;382;8977;9011;5.72;0.35;270.01;7.99;916;70;3092.00;34
8066;69;626054272;8066;380;8977;9011;5.69;0.35;270.03;7.99;911;70;3093.00;34
8069;69;626054282;8069;382;8978;9011;5.69;0.35;269.97;8.01;909;70;3094.00;33
8072;69;626054293;8072;389;8978;9011;5.73;0.35;269.98;8.01;906;70;3095.00;33
8076;69;626054304;8076;398;9018;9081;6.00;0.37;269.97;7.98;942;70;3096.00;63
8079;69;626054320;8079;390;9019;9082;6.02;0.37;269.93;7.97;940;70;3097.00;63
8080;69;626054331;8080;387;9025;9082;6.11;0.38;269.93;7.97;945;70;3098.00;57
8085;69;626054342;8085;384;9029;9082;6.14;0.38;269.92;7.97;944;70;3099.00;53
8086;69;626054353;8086;387;9032;9082;6.18;0.38;269.91;7.97;946;70;3100.00;50
8089;69;626054367;8089;395;9037;9082;6.32;0.39;269.91;7.97;948;70;3101.00;45
8091;69;626054378;8091;387;9041;9082;6.37;0.39;269.98;7.96;950;70;3102.00;41
8092;69;626054389;8092;391;9042;9082;6.38;0.39;269.96;7.96;950;70;3103.00;40
8094;69;626054400;8094;394;9044;9083;6.36;0.39;269.98;7.96;950;70;3104.00;39
8096;69;626054411;8096;402;9046;9085;6.33;0.39;269.97;7.96;950;70;3105.00;39
8097;69;626054422;8097;407;9047;9085;6.23;0.38;269.97;7.96;950;70;3106.00;38
8100;69;626054433;8100;390;9050;9089;6.25;0.39;269.95;7.96;950;70;3107.00;39
8106;69;626054446;8106;377;9050;9089;6.32;0.39;270.09;7.96;944;70;3108.00;39
8107;69;626054459;8107;366;9050;9089;6.39;0.39;270.08;7.96;943;70;3109.00;39
8109;69;626054471;8109;350;9050;9089;6.45;0.40;270.10;7.96;941;70;3110.00;39
8111;69;626054483;8111;345;9054;9095;6.56;0.40;270.09;7.96;943;70;3111.00;41
8113;69;626054495;8113;335;9054;9095;6.67;0.41;270.08;7.96;941;70;3112.00;41
8116;69;626054508;8116;327;9055;9095;6.80;0.42;270.10;7.96;939;70;3113.00;40
8118;69;626054526;8118;327;9057;9098;6.94;0.42;270.09;7.95;939;70;3114.00;41
8118;69;626054539;8118;321;9057;9098;7.08;0.43;270.09;7.95;939;70;3115.00;41
8120;69;626054552;8120;302;9058;9098;7.18;0.44;270.10;7.95;938;70;3116.00;40
8122;69;626054564;8122;275;9058;9099;7.27;0.44;270.10;7.95;936;70;3117.00;41
8124;69;626054577;8124;261;9059;9100;7.38;0.45;270.09;7.95;935;70;3118.00;41
8126;69;626054589;8126;252;9059;9100;7.46;0.45;270.06;7.95;933;70;3119.00;41
8130;69;626054604;8130;251;9079;9126;7.61;0.46;269.99;7.94;949;70;3120.00;47
8132;69;626054624;8132;250;9080;9126;7.69;0.47;269.96;7.93;948;70;3121.00;46
8133;69;626054638;8133;243;9081;9126;7.82;0.48;269.96;7.93;948;70;3122.00;45
8136;69;626054651;8136;238;9083;9127;7.92;0.48;269.92;7.96;947;70;3123.00;44
8137;69;626054665;8137;242;9083;9127;7.99;0.49;269.89;7.96;946;70;3124.00;44
8139;69;626054678;8139;244;9086;9131;8.09;0.49;269.89;7.96;947;70;3125.00;45
8139;69;626054691;8139;244;9086;9131;8.19;0.50;269.89;7.96;947;70;3126.00;45
8139;69;626054704;8139;237;9090;9135;8.27;0.50;269.89;7.95;951;70;3127.00;45
8140;69;626054717;8140;231;9090;9135;8.33;0.51;269.87;7.95;950;70;3128.00;45
8143;69;626054730;8143;230;9090;9135;8.34;0.51;269.94;7.95;947;70;3129.00;45
8146;69;626054743;8146;235;9090;9135;8.32;0.51;269.95;7.95;944;70;3130.00;45
8149;69;626054757;8149;238;9090;9135;8.32;0.51;270.08;7.95;941;70;3131.00;45
8155;69;626054770;8155;229;9099;9147;8.38;0.51;270.01;7.95;944;70;3132.00;48
8156;69;626054784;8156;238;9099;9147;8.36;0.51;270.04;7.95;943;70;3133.00;48
8160;69;626054797;8160;235;9101;9147;8.38;0.51;270.06;7.94;941;70;3134.00;46
8163;69;626054810;8163;235;9101;9147;8.37;0.51;270.09;7.94;938;70;3135.00;46
8167;69;626054829;8167;233;9101;9147;8.34;0.51;270.09;7.94;934;70;3136.00;46
8170;69;626054841;8170;234;9101;9147;8.30;0.51;270.19;7.94;931;70;3137.00;46
8174;69;626054854;8174;237;9101;9148;8.24;0.50;270.24;7.94;927;70;3138.00;47
8175;69;626054866;8175;242;9101;9148;8.23;0.50;270.24;7.94;926;70;3139.00;47
8179;69;626054879;8179;245;9105;9154;8.26;0.50;270.23;7.94;926;70;3140.00;49
8183;69;626054892;8183;247;9106;9155;8.29;0.50;270.23;7.94;923;70;3141.00;49
8185;69;626054908;8185;258;9107;9155;8.34;0.51;270.23;7.94;922;70;3142.00;48
8187;69;626054927;8187;255;9107;9155;8.36;0.51;270.26;7.94;920;70;3143.00;48
8188;69;626054945;8188;260;9110;9159;8.37;0.51;270.25;7.94;922;70;3144.00;49
8191;69;626054967;8191;268;9110;9159;8.30;0.50;270.23;7.94;919;70;3145.00;49
8192;69;626054985;8192;272;9110;9159;8.27;0.50;270.23;7.94;918;70;3146.00;49
8196;69;626055002;8196;273;9111;9160;8.24;0.50;270.28;7.94;915;70;3147.00;49
8199;69;626055019;8199;278;9114;9164;8.14;0.49;270.33;7.93;915;70;3148.00;50
8200;69;626055033;8200;277;9114;9164;8.10;0.49;270.36;7.93;914;70;3149.00;50
8204;69;626055049;8204;275;9117;9170;8.09;0.49;270.35;7.93;913;70;3150.00;53
8204;69;626055064;8204;280;9117;9170;8.08;0.49;270.35;7.93;913;70;3151.00;53
8208;69;626055078;8208;272;9118;9170;8.06;0.49;270.39;7.93;910;70;3152.00;52
8212;69;626055091;8212;266;9118;9170;8.04;0.49;270.48;7.93;906;70;3153.00;52
8216;69;626055105;8216;262;9121;9174;8.05;0.49;270.59;7.93;905;70;3154.00;53
8217;69;626055119;8217;261;9121;9174;8.11;0.49;270.59;7.93;904;70;3155.00;53
8222;69;626055131;8222;259;9122;9174;8.18;0.50;270.62;7.93;900;70;3156.00;52
8224;69;626055144;8224;248;9122;9174;8.23;0.50;270.60;7.93;898;70;3157.00;52
8228;69;626055156;8228;244;9123;9175;8.25;0.50;270.71;7.93;895;70;3158.00;52
8230;69;626055169;8230;237;9124;9176;8.37;0.51;270.73;7.93;894;70;3159.00;52
8235;69;626055181;8235;230;9126;9176;8.36;0.51;270.75;7.96;891;70;3160.00;50
8237;69;626055193;8237;221;9127;9177;8.35;0.51;270.81;7.96;890;70;3161.00;50
8240;69;626055206;8240;215;9127;9177;8.36;0.51;270.81;7.96;887;70;3162.00;50
8245;69;626055219;8245;209;9127;9177;8.22;0.50;270.81;7.96;882;70;3163.00;50
8249;69;626055230;8249;203;9128;9177;8.16;0.50;270.82;7.97;879;70;3164.00;49
8255;69;626055244;8255;198;9129;9177;8.14;0.49;270.81;7.98;874;70;3165.00;48
8257;69;626055257;8257;191;9129;9177;8.15;0.50;270.86;7.98;872;70;3166.00;48
8259;69;626055269;8259;189;9129;9177;8.18;0.50;270.86;7.98;870;70;3167.00;48
8260;69;626055281;8260;208;9194;9304;8.20;0.51;270.90;7.92;934;70;3168.00;110
8264;69;626055304;8264;190;9195;9305;8.21;0.51;270.89;7.92;931;70;3169.00;110
8271;70;626055318;8271;176;9202;9305;8.26;0.51;270.90;7.92;931;71;3170.00;103
8275;70;626055345;8275;174;9205;9305;8.32;0.51;270.96;7.92;930;71;3171.00;100
8276;70;626055357;8276;173;9211;9305;8.50;0.52;271.05;7.91;935;71;3172.00;94
8279;70;626055369;8279;168;9214;9305;8.57;0.53;271.08;7.91;935;71;3173.00;91
8281;70;626055382;8281;167;9220;9305;8.63;0.53;271.08;7.91;939;71;3174.00;85
8286;70;626055395;8286;173;9223;9305;8.68;0.53;271.18;7.94;937;71;3175.00;82
8290;70;626055407;8290;173;9227;9306;8.77;0.54;271.23;7.94;937;71;3176.00;79
8293;70;626055420;8293;173;9231;9307;8.86;0.54;271.23;7.94;938;71;3177.00;76
8299;70;626055438;8299;173;9233;9307;8.89;0.54;271.30;7.94;934;71;3178.00;74
8300;70;626055451;8300;178;9237;9308;8.96;0.55;271.35;7.94;937;71;3179.00;71
8304;70;626055468;8304;182;9240;9308;8.96;0.55;271.44;7.98;936;71;3180.00;68
8306;70;626055480;8306;174;9244;9308;8.98;0.55;271.48;7.98;938;71;3181.00;64
8308;70;626055495;8308;176;9246;9308;9.03;0.55;271.50;7.98;938;71;3182.00;62
8312;70;626055514;8312;178;9248;9312;9.07;0.55;271.57;7.98;936;71;3183.00;64
8313;70;626055536;8313;185;9251;9312;9.18;0.56;271.59;7.98;938;71;3184.00;61
8316;70;626055549;8316;191;9251;9312;9.17;0.56;271.61;7.98;935;71;3185.00;61
8320;70;626055562;8320;197;9255;9315;9.25;0.56;271.64;7.98;935;71;3186.00;60
8324;70;626055575;8324;207;9256;9315;9.24;0.56;271.62;7.99;932;71;3187.00;59
8326;70;626055597;8326;211;9257;9315;9.25;0.56;271.66;7.99;931;71;3188.00;58
8333;70;626055610;8333;215;9262;9319;9.19;0.56;271.67;8.01;929;71;3189.00;57
8336;70;626055624;8336;220;9264;9320;9.17;0.56;271.68;8.02;928;71;3190.00;56
8339;70;626055639;8339;226;9266;9322;9.16;0.56;271.67;8.03;927;71;3191.00;56
8343;70;626055652;8343;232;9271;9326;9.12;0.55;271.69;8.03;928;71;3192.00;55
8345;70;626055667;8345;226;9273;9326;9.11;0.55;271.74;8.05;928;71;3193.00;53
8347;70;626055684;8347;228;9273;9326;9.16;0.56;271.80;8.05;926;71;3194.00;53
8351;70;626055698;8351;227;9275;9328;9.14;0.56;271.85;8.05;924;71;3195.00;53
8353;70;626055713;8353;230;9277;9328;9.12;0.56;271.91;8.07;924;71;3196.00;51
8356;70;626055729;8356;230;9281;9334;9.06;0.55;271.96;8.07;925;71;3197.00;53
8359;71;626055743;8359;234;9284;9334;8.92;0.54;271.98;8.09;925;72;3198.00;50
8360;71;626055765;8360;245;9285;9335;8.82;0.54;272.00;8.10;925;72;3199.00;50
8363;71;626055779;8363;245;9286;9335;8.72;0.53;272.05;8.11;923;72;3200.00;49
8368;71;626055796;8368;245;9287;9335;8.61;0.53;272.08;8.12;919;72;3201.00;48
8369;71;626055809;8369;249;9288;9335;8.58;0.52;272.13;8.13;919;72;3202.00;47
8373;71;626055822;8373;249;9289;9335;8.54;0.52;272.12;8.14;916;72;3203.00;46
8373;71;626055835;8373;253;9299;9347;8.53;0.52;272.12;8.15;926;72;3204.00;48
8375;71;626055848;8375;253;9300;9347;8.51;0.52;272.14;8.15;925;72;3205.00;47
8378;71;626055864;8378;257;9304;9347;8.48;0.52;272.19;8.16;926;72;3206.00;43
8379;71;626055877;8379;257;9304;9347;8.40;0.51;272.22;8.16;925;72;3207.00;43
8381;71;626055889;8381;265;9306;9347;8.31;0.51;272.23;8.18;925;72;3208.00;41
8384;71;626055901;8384;264;9306;9347;8.19;0.50;272.31;8.18;922;72;3209.00;41
8389;71;626055925;8389;267;9311;9351;8.04;0.49;272.35;8.19;922;72;3210.00;40
8390;71;626055938;8390;266;9311;9351;7.97;0.49;272.37;8.19;921;72;3211.00;40
8393;71;626055955;8393;261;9315;9355;8.02;0.49;272.35;8.19;922;72;3212.00;40
8395;71;626055967;8395;265;9317;9356;7.99;0.49;272.37;8.19;922;72;3213.00;39
8400;71;626055978;8400;267;9319;9356;7.91;0.48;272.36;8.20;919;72;3214.00;37
8401;71;626055989;8401;267;9319;9356;7.90;0.48;272.39;8.20;918;72;3215.00;37
8404;71;626056000;8404;273;9331;9369;7.87;0.48;272.47;8.19;927;72;3216.00;38
8406;71;626056012;8406;276;9331;9369;7.87;0.48;272.44;8.19;925;72;3217.00;38
8408;71;626056023;8408;282;9332;9369;7.84;0.48;272.44;8.20;924;72;3218.00;37
8409;71;626056034;8409;284;9333;9370;7.83;0.48;272.42;8.20;924;72;3219.00;37
8411;71;626056045;8411;293;9334;9371;7.77;0.48;272.43;8.20;923;72;3220.00;37
8414;71;626056056;8414;300;9334;9371;7.68;0.47;272.38;8.20;920;72;3221.00;37
8414;71;626056066;8414;308;9336;9374;7.64;0.47;272.38;8.20;922;72;3222.00;38
8419;71;626056076;8419;306;9339;9374;7.51;0.46;272.34;8.22;920;72;3223.00;35
8423;71;626056087;8423;306;9340;9374;7.49;0.46;272.35;8.22;917;72;3224.00;34
8429;71;626056097;8429;317;9341;9374;7.37;0.45;272.35;8.22;912;72;3225.00;33
8432;71;626056107;8432;316;9345;9380;7.29;0.44;272.32;8.22;913;72;3226.00;35
8434;71;626056118;8434;318;9346;9380;7.16;0.44;272.39;8.23;912;72;3227.00;34
8440;71;626056128;8440;324;9349;9380;6.95;0.42;272.36;8.23;909;72;3228.00;31
8445;71;626056138;8445;326;9349;9380;6.76;0.41;272.48;8.23;904;72;3229.00;31
8448;71;626056148;8448;314;9353;9384;6.67;0.41;272.44;8.23;905;72;3230.00;31
8452;71;626056158;8452;309;9354;9385;6.60;0.40;272.44;8.23;902;72;3231.00;31
8460;71;626056167;8460;306;9356;9385;6.46;0.39;272.46;8.24;896;72;3232.00;29
8460;71;626056177;8460;301;9357;9386;6.52;0.40;272.46;8.24;897;72;3233.00;29
8464;71;626056187;8464;297;9359;9386;6.52;0.40;272.55;8.25;895;72;3234.00;27
8469;71;626056196;8469;296;9359;9386;6.48;0.40;272.52;8.25;890;72;3235.00;27
8470;71;626056206;8470;302;9359;9386;6.50;0.40;272.50;8.25;889;72;3236.00;27
8474;71;626056216;8474;301;9361;9386;6.49;0.40;272.48;8.25;887;72;3237.00;25
8475;71;626056226;8475;302;9361;9386;6.50;0.40;272.49;8.25;886;72;3238.00;25
8478;71;626056235;8478;304;9361;9386;6.49;0.40;272.51;8.25;883;72;3239.00;25
8485;71;626056247;8485;307;9416;9511;6.73;0.42;272.54;8.20;931;72;3240.00;95
8485;71;626056266;8485;311;9422;9512;6.74;0.42;272.54;8.24;937;72;3241.00;90
8487;71;626056277;8487;315;9433;9512;6.81;0.42;272.57;8.23;946;72;3242.00;79
8492;71;626056287;8492;315;9438;9512;6.81;0.42;272.57;8.23;946;72;3243.00;74
8496;71;626056297;8496;323;9442;9512;6.82;0.42;272.58;8.23;946;72;3244.00;70
8501;71;626056308;8501;324;9446;9512;6.77;0.42;272.58;8.22;945;72;3245.00;66
8503;71;626056318;8503;337;9450;9512;6.73;0.41;272.57;8.22;947;72;3246.00;62
8506;71;626056329;8506;340;9453;9512;6.61;0.41;272.54;8.22;947;72;3247.00;59
8510;71;626056339;8510;355;9458;9513;6.55;0.40;272.53;8.22;948;72;3248.00;55
8512;71;626056349;8512;351;9462;9514;6.52;0.40;272.52;8.22;950;72;3249.00;52
8514;71;626056360;8514;361;9463;9514;6.50;0.40;272.52;8.22;949;72;3250.00;51
8521;71;626056370;8521;362;9467;9518;6.40;0.39;272.45;8.22;946;72;3251.00;51
8524;71;626056382;8524;354;9468;9518;6.34;0.39;272.49;8.22;944;72;3252.00;50
8526;71;626056392;8526;361;9468;9518;6.30;0.39;272.50;8.22;942;72;3253.00;50
8528;71;626056403;8528;359;9471;9518;6.19;0.38;272.51;8.22;943;72;3254.00;47
8530;71;626056413;8530;365;9474;9524;6.09;0.37;272.52;8.22;944;72;3255.00;50
8531;71;626056424;8531;373;9475;9524;6.05;0.37;272.55;8.22;944;72;3256.00;49
8533;71;626056435;8533;383;9477;9524;6.04;0.37;272.57;8.22;944;72;3257.00;47
8536;71;626056445;8536;386;9479;9527;6.04;0.37;272.57;8.22;943;72;3258.00;48
8539;71;626056456;8539;372;9479;9527;6.04;0.37;272.59;8.22;940;72;3259.00;48
8541;71;626056467;8541;364;9480;9527;6.05;0.37;272.58;8.22;939;72;3260.00;47
8547;71;626056478;8547;361;9480;9528;6.07;0.37;272.56;8.22;933;72;3261.00;48
8551;71;626056489;8551;358;9481;9529;6.13;0.37;272.60;8.22;930;72;3262.00;48
8552;71;626056501;8552;364;9481;9529;6.17;0.38;272.70;8.22;929;72;3263.00;48
8556;71;626056512;8556;364;9492;9542;6.27;0.38;272.67;8.21;936;72;3264.00;50
8556;71;626056525;8556;352;9493;9542;6.32;0.39;272.67;8.25;937;72;3265.00;49
8558;71;626056536;8558;347;9493;9542;6.42;0.39;272.66;8.25;935;72;3266.00;49
8560;71;626056547;8560;339;9494;9543;6.54;0.40;272.62;8.25;934;72;3267.00;49
8564;71;626056559;8564;336;9494;9543;6.65;0.41;272.59;8.25;930;72;3268.00;49
8567;71;626056576;8567;346;9497;9547;6.75;0.41;272.63;8.24;930;72;3269.00;50
8568;71;626056589;8568;346;9497;9547;6.88;0.42;272.62;8.24;929;72;3270.00;50
8574;71;626056601;8574;348;9501;9551;6.96;0.43;272.60;8.24;927;72;3271.00;50
8576;71;626056614;8576;344;9501;9551;7.01;0.43;272.59;8.24;925;72;3272.00;50
8581;71;626056625;8581;344;9501;9551;7.01;0.43;272.55;8.24;920;72;3273.00;50
8581;71;626056637;8581;348;9501;9551;7.01;0.43;272.55;8.24;920;72;3274.00;50
8583;71;626056649;8583;355;9501;9551;6.99;0.43;272.58;8.24;918;72;3275.00;50
8587;71;626056660;8587;361;9511;9563;7.04;0.43;272.53;8.23;924;72;3276.00;52
8590;71;626056674;8590;355;9511;9563;7.04;0.43;272.55;8.23;921;72;3277.00;52
8593;71;626056686;8593;355;9512;9563;7.05;0.43;272.59;8.23;919;72;3278.00;51
8596;71;626056698;8596;355;9512;9563;7.08;0.43;272.61;8.23;916;72;3279.00;51
8597;71;626056710;8597;353;9512;9563;7.13;0.44;272.64;8.23;915;72;3280.00;51
8598;71;626056722;8598;351;9512;9563;7.18;0.44;272.62;8.23;914;72;3281.00;51
8599;71;626056734;8599;351;9512;9564;7.22;0.44;272.66;8.23;913;72;3282.00;52
8603;71;626056746;8603;349;9512;9564;7.24;0.44;272.67;8.23;909;72;3283.00;52
8605;71;626056758;8605;353;9516;9570;7.32;0.45;272.65;8.23;911;72;3284.00;54
8609;71;626056771;8609;357;9518;9572;7.35;0.45;272.66;8.23;909;72;3285.00;54
8613;71;626056783;8613;341;9519;9572;7.46;0.46;272.82;8.23;906;72;3286.00;53
8616;71;626056801;8616;330;9520;9572;7.45;0.45;272.89;8.27;904;72;3287.00;52
8619;71;626056813;8619;317;9523;9576;7.55;0.46;272.94;8.27;904;72;3288.00;53
8622;71;626056826;8622;310;9523;9576;7.57;0.46;273.01;8.27;901;72;3289.00;53
8627;71;626056838;8627;310;9523;9576;7.63;0.47;273.00;8.27;896;72;3290.00;53
8631;71;626056851;8631;299;9524;9577;7.72;0.47;273.08;8.26;893;72;3291.00;53
8635;71;626056863;8635;295;9527;9581;7.76;0.47;273.14;8.26;892;72;3292.00;54
8639;71;626056876;8639;292;9527;9581;7.75;0.47;273.20;8.26;888;72;3293.00;54
8641;71;626056889;8641;296;9529;9584;7.79;0.47;273.23;8.26;888;72;3294.00;55
8642;71;626056901;8642;298;9529;9584;7.83;0.48;273.27;8.26;887;72;3295.00;55
8644;71;626056932;8644;302;9530;9584;7.89;0.48;273.25;8.26;886;72;3296.00;54
8646;71;626056951;8646;297;9530;9584;7.93;0.48;273.26;8.26;884;72;3297.00;54
8648;71;626056978;8648;292;9533;9588;8.00;0.49;273.30;8.26;885;72;3298.00;55
8652;71;626057005;8652;293;9533;9588;7.98;0.49;273.27;8.26;881;72;3299.00;55
8655;71;626057025;8655;295;9537;9607;7.97;0.49;273.29;8.25;882;72;3300.00;70
8656;71;626057047;8656;291;9538;9607;7.96;0.48;273.30;8.25;882;72;3301.00;69
8658;71;626057067;8658;293;9539;9608;7.97;0.49;273.34;8.30;881;72;3302.00;69
8661;71;626057080;8661;288;9540;9609;8.04;0.49;273.39;8.30;879;72;3303.00;69
8664;71;626057093;8664;286;9540;9609;8.05;0.49;273.45;8.30;876;72;3304.00;69
8667;71;626057105;8667;291;9541;9610;8.10;0.49;273.44;8.30;874;72;3305.00;69
8671;71;626057118;8671;293;9542;9610;8.11;0.49;273.47;8.30;871;72;3306.00;68
8673;71;626057129;8673;299;9543;9610;8.10;0.49;273.47;8.30;870;72;3307.00;67
8678;71;626057141;8678;304;9543;9610;8.10;0.49;273.51;8.30;865;72;3308.00;67
8682;71;626057153;8682;302;9543;9610;8.11;0.49;273.57;8.30;861;72;3309.00;67
8684;71;626057165;8684;299;9543;9610;8.09;0.49;273.67;8.30;859;72;3310.00;67
8685;71;626057178;8685;303;9543;9610;8.09;0.49;273.66;8.30;858;72;3311.00;67
8688;71;626057190;8688;321;9604;9737;8.13;0.50;273.66;8.24;916;72;3312.00;133
8690;71;626057212;8690;317;9611;9738;8.05;0.50;273.68;8.24;921;72;3313.00;127
8694;71;626057225;8694;313;9616;9738;8.13;0.50;273.72;8.24;922;72;3314.00;122
8696;71;626057237;8696;318;9618;9738;8.12;0.50;273.73;8.24;922;72;3315.00;120
8700;71;626057250;8700;316;9621;9738;8.10;0.50;273.69;8.23;921;72;3316.00;117
8701;71;626057261;8701;310;9621;9738;8.04;0.49;273.67;8.23;920;72;3317.00;117
8701;71;626057273;8701;318;9628;9738;8.03;0.49;273.67;8.28;927;72;3318.00;110
8703;71;626057286;8703;322;9629;9738;7.96;0.49;273.65;8.28;926;72;3319.00;109
8706;71;626057299;8706;318;9632;9739;7.87;0.48;273.66;8.28;926;72;3320.00;107
8706;71;626057313;8706;313;9635;9740;7.88;0.48;273.66;8.28;929;72;3321.00;105
8707;71;626057328;8707;311;9638;9740;7.92;0.49;273.66;8.28;931;72;3322.00;102
8709;71;626057340;8709;299;9642;9741;7.93;0.49;273.63;8.28;933;72;3323.00;99
8710;71;626057353;8710;303;9646;9741;7.93;0.49;273.64;8.29;936;72;3324.00;95
8714;71;626057366;8714;298;9649;9741;7.95;0.49;273.61;8.29;935;72;3325.00;92
8717;71;626057388;8717;292;9650;9741;7.97;0.49;273.62;8.29;933;72;3326.00;91
8720;71;626057402;8720;292;9652;9745;7.94;0.49;273.62;8.29;932;72;3327.00;93
8725;71;626057414;8725;298;9654;9745;7.93;0.48;273.58;8.29;929;72;3328.00;91
8726;71;626057432;8726;296;9656;9745;7.92;0.48;273.58;8.29;930;72;3329.00;89
8731;71;626057446;8731;298;9661;9751;7.86;0.48;273.62;8.29;930;72;3330.00;90
8733;71;626057459;8733;296;9661;9751;7.85;0.48;273.60;8.29;928;72;3331.00;90
8738;71;626057471;8738;290;9663;9751;7.80;0.47;273.72;8.29;925;72;3332.00;88
8741;71;626057483;8741;291;9669;9755;7.71;0.47;273.77;8.34;928;72;3333.00;86
8746;71;626057495;8746;281;9671;9756;7.65;0.46;273.82;8.34;925;72;3334.00;85
8749;71;626057508;8749;273;9674;9756;7.68;0.47;273.78;8.37;925;72;3335.00;82
8751;71;626057521;8751;271;9677;9760;7.76;0.47;273.77;8.41;926;72;3336.00;83
8752;71;626057534;8752;262;9677;9760;7.81;0.47;273.78;8.41;925;72;3337.00;83
8754;71;626057546;8754;265;9678;9760;7.85;0.48;273.78;8.41;924;72;3338.00;82
8760;71;626057558;8760;268;9680;9761;7.86;0.47;273.79;8.41;920;72;3339.00;81
8761;71;626057572;8761;264;9683;9761;7.94;0.48;273.82;8.47;922;72;3340.00;78
8764;71;626057585;8764;255;9687;9767;8.01;0.48;273.84;8.47;923;72;3341.00;80
8766;71;626057598;8766;251;9689;9767;8.07;0.49;273.96;8.52;923;72;3342.00;78
8769;71;626057611;8769;242;9690;9768;8.07;0.49;273.96;8.52;921;72;3343.00;78
8770;71;626057624;8770;242;9691;9768;8.11;0.49;273.97;8.57;921;72;3344.00;77
8772;71;626057636;8772;240;9692;9768;8.11;0.49;274.05;8.57;920;72;3345.00;76
8775;71;626057649;8775;237;9692;9768;8.12;0.49;274.05;8.57;917;72;3346.00;76
8778;71;626057662;8778;239;9693;9768;8.14;0.49;274.03;8.57;915;72;3347.00;75
8781;71;626057674;8781;238;9704;9780;8.16;0.49;274.03;8.61;923;72;3348.00;76
8783;71;626057688;8783;243;9708;9780;8.14;0.49;274.04;8.62;925;72;3349.00;72
8784;71;626057699;8784;236;9708;9780;8.09;0.49;274.03;8.62;924;72;3350.00;72
8786;71;626057712;8786;234;9712;9780;8.03;0.49;274.02;8.63;926;72;3351.00;68
8789;71;626057724;8789;239;9713;9780;8.03;0.49;274.00;8.63;924;72;3352.00;67
8791;71;626057736;8791;239;9714;9780;8.04;0.49;273.98;8.63;923;72;3353.00;66
8794;71;626057747;8794;241;9718;9784;7.96;0.48;273.98;8.63;924;72;3354.00;66
8797;72;626057760;8797;238;9719;9784;7.94;0.48;274.06;8.63;922;73;3355.00;65
8799;72;626057780;8799;249;9721;9788;7.99;0.48;274.05;8.62;922;73;3356.00;67
8800;72;626057792;8800;245;9723;9789;8.03;0.49;274.09;8.62;923;73;3357.00;66
8804;72;626057805;8804;248;9723;9789;8.00;0.49;274.12;8.62;919;73;3358.00;66
8806;72;626057823;8806;252;9725;9789;8.02;0.49;274.17;8.63;919;73;3359.00;64
8808;72;626057837;8808;262;9744;9818;8.01;0.49;274.20;8.63;936;73;3360.00;74
8812;72;626057852;8812;262;9746;9818;7.99;0.48;274.24;8.63;934;73;3361.00;72
8815;72;626057864;8815;270;9749;9818;8.01;0.49;274.21;8.64;934;73;3362.00;69
8819;72;626057877;8819;278;9754;9819;7.99;0.48;274.23;8.65;935;73;3363.00;65
8820;72;626057890;8820;283;9755;9820;7.92;0.48;274.26;8.66;935;73;3364.00;65
8821;72;626057902;8821;285;9757;9820;7.86;0.48;274.26;8.67;936;73;3365.00;63
8824;72;626057915;8824;296;9760;9823;7.82;0.47;274.41;8.68;936;73;3366.00;63
8829;72;626057928;8829;303;9761;9823;7.73;0.47;274.42;8.68;932;73;3367.00;62
8831;72;626057941;8831;299;9763;9823;7.66;0.47;274.40;8.71;932;73;3368.00;60
8832;72;626057953;8832;300;9763;9823;7.66;0.47;274.38;8.71;931;73;3369.00;60
8834;72;626057965;8834;306;9768;9829;7.67;0.47;274.37;8.72;934;73;3370.00;61
8834;72;626057977;8834;305;9770;9829;7.62;0.47;274.37;8.73;936;73;3371.00;59
8834;72;626057989;8834;308;9770;9829;7.59;0.46;274.37;8.73;936;73;3372.00;59
8836;73;626058005;8836;310;9770;9829;7.57;0.46;274.33;8.73;934;74;3373.00;59
8837;73;626058027;8837;311;9775;9833;7.53;0.46;274.32;8.74;938;74;3374.00;58
8839;73;626058039;8839;319;9777;9835;7.43;0.45;274.32;8.74;938;74;3375.00;58
8840;73;626058050;8840;319;9779;9835;7.33;0.45;274.30;8.76;939;74;3376.00;56
8841;73;626058060;8841;321;9782;9836;7.27;0.45;274.28;8.78;941;74;3377.00;54
8843;73;626058071;8843;330;9782;9836;7.19;0.44;274.28;8.78;939;74;3378.00;54
8843;73;626058082;8843;334;9784;9836;7.11;0.44;274.28;8.80;941;74;3379.00;52
8844;73;626058098;8844;326;9784;9836;7.04;0.44;274.27;8.80;940;74;3380.00;52
8849;73;626058109;8849;326;9784;9836;6.97;0.43;274.23;8.80;935;74;3381.00;52
8852;73;626058120;8852;331;9786;9836;6.88;0.42;274.17;8.81;934;74;3382.00;50
8854;73;626058130;8854;331;9786;9836;6.90;0.43;274.14;8.81;932;74;3383.00;50
8855;73;626058142;8855;343;9821;9906;7.09;0.44;274.11;8.78;966;74;3384.00;85
8857;73;626058158;8857;344;9824;9907;7.04;0.44;274.08;8.78;967;74;3385.00;83
8858;73;626058169;8858;343;9838;9907;7.09;0.44;274.06;8.80;980;74;3386.00;69
8861;73;626058180;8861;339;9841;9907;7.01;0.43;274.03;8.80;980;74;3387.00;66
8863;73;626058190;8863;344;9845;9907;7.03;0.43;274.12;8.80;982;74;3388.00;62
8865;73;626058201;8865;351;9846;9907;6.96;0.43;274.13;8.80;981;74;3389.00;61
8866;73;626058213;8866;360;9849;9907;6.88;0.42;274.12;8.80;983;74;3390.00;58
8872;73;626058229;8872;366;9856;9907;6.74;0.41;274.06;8.83;984;74;3391.00;51
8876;73;626058245;8876;371;9859;9908;6.62;0.41;274.02;8.83;983;74;3392.00;49
8880;73;626058262;8880;379;9865;9909;6.46;0.40;273.96;8.84;985;74;3393.00;44
8884;73;626058273;8884;378;9865;9909;6.35;0.39;273.91;8.84;981;74;3394.00;44
8890;73;626058283;8890;381;9868;9913;6.21;0.38;273.87;8.84;978;74;3395.00;45
8892;73;626058294;8892;383;9870;9913;6.07;0.37;273.85;8.85;978;74;3396.00;43
8895;73;626058304;8895;392;9870;9913;5.92;0.36;273.84;8.85;975;74;3397.00;43
8896;73;626058315;8896;412;9871;9913;5.80;0.36;273.86;8.86;975;74;3398.00;42
8899;73;626058325;8899;418;9876;9919;5.70;0.35;273.84;8.86;977;74;3399.00;43
8901;73;626058336;8901;413;9877;9919;5.63;0.35;273.84;8.86;976;74;3400.00;42
8902;73;626058349;8902;415;9879;9919;5.55;0.34;273.86;8.86;977;74;3401.00;40
8905;73;626058359;8905;419;9882;9922;5.51;0.34;273.84;8.87;977;74;3402.00;40
8909;73;626058369;8909;422;9882;9922;5.46;0.34;273.88;8.87;973;74;3403.00;40
8911;73;626058380;8911;423;9883;9922;5.40;0.33;273.90;8.87;972;74;3404.00;39
8916;73;626058390;8916;433;9884;9923;5.32;0.33;273.82;8.87;968;74;3405.00;39
8922;73;626058401;8922;434;9885;9924;5.24;0.32;273.84;8.87;963;74;3406.00;39
8924;73;626058411;8924;441;9885;9924;5.22;0.32;273.83;8.87;961;74;3407.00;39
8925;73;626058421;8925;436;9896;9937;5.30;0.33;273.85;8.86;971;74;3408.00;41
8927;73;626058432;8927;436;9896;9937;5.34;0.33;273.84;8.86;969;74;3409.00;41
8932;73;626058442;8932;435;9896;9937;5.36;0.33;273.83;8.86;964;74;3410.00;41
8935;73;626058452;8935;423;9898;9938;5.46;0.33;273.91;8.86;963;74;3411.00;40
8936;73;626058463;8936;402;9898;9938;5.54;0.34;273.93;8.86;962;74;3412.00;40
8941;73;626058474;8941;389;9901;9942;5.67;0.35;273.90;8.86;960;74;3413.00;41
8944;73;626058485;8944;383;9901;9942;5.76;0.35;273.89;8.86;957;74;3414.00;41
8947;73;626058496;8947;380;9905;9946;5.87;0.36;273.86;8.86;958;74;3415.00;41
8952;73;626058507;8952;371;9905;9946;5.94;0.36;273.83;8.86;953;74;3416.00;41
8953;73;626058519;8953;364;9905;9946;6.02;0.37;273.83;8.86;952;74;3417.00;41
8954;73;626058535;8954;360;9905;9946;6.10;0.37;273.84;8.86;951;74;3418.00;41
8959;73;626058546;8959;349;9905;9946;6.13;0.37;273.82;8.86;946;74;3419.00;41
8961;73;626058558;8961;351;9931;9980;6.40;0.39;273.81;8.83;970;74;3420.00;49
8964;73;626058572;8964;344;9932;9980;6.52;0.40;273.80;8.83;968;74;3421.00;48
8966;73;626058584;8966;337;9934;9980;6.63;0.41;273.80;8.83;968;74;3422.00;46
8969;73;626058596;8969;328;9934;9980;6.70;0.41;273.80;8.83;965;74;3423.00;46
8973;73;626058607;8973;326;9934;9980;6.74;0.41;273.75;8.83;961;74;3424.00;46
8973;73;626058624;8973;323;9934;9980;6.84;0.42;273.75;8.83;961;74;3425.00;46
8975;73;626058636;8975;323;9934;9981;6.95;0.42;273.75;8.83;959;74;3426.00;47
8977;73;626058648;8977;325;9935;9981;7.05;0.43;273.72;8.88;958;74;3427.00;46
8980;73;626058660;8980;317;9940;9987;7.07;0.43;273.73;8.87;960;74;3428.00;47
8982;73;626058672;8982;318;9941;9988;7.13;0.43;273.82;8.87;959;74;3429.00;47
8987;73;626058684;8987;324;9941;9988;7.09;0.43;273.85;8.87;954;74;3430.00;47
8988;73;626058696;8988;332;9941;9988;7.06;0.43;273.83;8.87;953;74;3431.00;47
8995;73;626058707;8995;325;9944;9992;7.07;0.43;273.90;8.87;949;74;3432.00;48
9000;73;626058720;9000;328;9944;9992;7.10;0.44;274.00;8.87;944;74;3433.00;48
9001;73;626058731;9001;331;9944;9992;7.12;0.44;273.99;8.87;943;74;3434.00;48
9007;73;626058743;9007;332;9945;9993;7.12;0.44;273.99;8.87;938;74;3435.00;48
9011;73;626058771;9011;335;9948;9997;7.22;0.44;274.03;8.87;937;74;3436.00;49
9013;73;626058783;9013;340;9948;9997;7.28;0.45;274.12;8.87;935;74;3437.00;49
9017;73;626058794;9017;337;9951;10000;7.30;0.45;274.10;8.91;934;74;3438.00;49
9021;73;626058806;9021;337;9951;10000;7.27;0.44;274.14;8.91;930;74;3439.00;49
9024;73;626058818;9024;331;9952;10000;7.26;0.45;274.19;8.90;928;74;3440.00;48
9025;73;626058830;9025;332;9952;10000;7.26;0.45;274.22;8.90;927;74;3441.00;48
9031;73;626058841;9031;331;9955;10004;7.20;0.44;274.41;8.90;924;74;3442.00;49
9035;73;626058854;9035;337;9955;10004;7.11;0.44;274.41;8.90;920;74;3443.00;49
9039;73;626058865;9039;343;9956;10004;7.06;0.43;274.46;8.90;917;74;3444.00;48
9046;73;626058877;9046;352;9956;10004;6.95;0.43;274.55;8.90;910;74;3445.00;48
9047;73;626058888;9047;353;9956;10005;6.91;0.42;274.58;8.90;909;74;3446.00;49
9054;73;626058900;9054;342;9957;10006;6.85;0.42;274.63;8.90;903;74;3447.00;49
9058;73;626058917;9058;338;9957;10006;6.78;0.41;274.71;8.90;899;74;3448.00;49
9060;73;626058938;9060;336;9958;10007;6.82;0.42;274.70;8.90;898;74;3449.00;49
9063;73;626058961;9063;332;9958;10007;6.86;0.42;274.76;8.90;895;74;3450.00;49
9067;73;626058981;9067;330;9958;10007;6.94;0.42;274.89;8.90;891;74;3451.00;49
9068;73;626058998;9068;332;9958;10007;6.97;0.43;274.89;8.90;890;74;3452.00;49
9070;74;626059016;9070;333;9958;10007;7.03;0.43;274.91;8.90;888;75;3453.00;49
9073;74;626059043;9073;333;9958;10007;7.10;0.43;274.97;8.90;885;75;3454.00;49
9076;74;626059056;9076;333;9958;10007;7.14;0.44;275.04;8.90;882;75;3455.00;49
9076;74;626059070;9076;340;10029;10134;7.39;0.46;275.04;8.84;953;75;3456.00;105
9081;74;626059095;9081;317;10031;10135;7.46;0.46;275.12;8.84;950;75;3457.00;104
9086;74;626059109;9086;298;10038;10135;7.62;0.47;275.18;8.83;952;75;3458.00;97
9089;74;626059129;9089;284;10039;10135;7.69;0.47;275.21;8.83;950;75;3459.00;96
9092;74;626059143;9092;280;10044;10135;7.78;0.48;275.25;8.83;952;75;3460.00;91
9095;74;626059156;9095;269;10048;10135;7.88;0.49;275.30;8.83;953;75;3461.00;87
9099;74;626059176;9099;269;10050;10135;7.92;0.49;275.34;8.83;951;75;3462.00;85
9101;74;626059189;9101;270;10052;10135;7.94;0.49;275.35;8.83;951;75;3463.00;83
9104;74;626059203;9104;270;10055;10136;7.98;0.49;275.38;8.83;951;75;3464.00;81
9108;74;626059217;9108;271;10059;10138;7.96;0.49;275.41;8.82;951;75;3465.00;79
9112;74;626059231;9112;281;10063;10138;7.94;0.49;275.45;8.82;951;75;3466.00;75
9114;74;626059245;9114;279;10067;10139;7.95;0.49;275.44;8.83;953;75;3467.00;72
9117;74;626059259;9117;279;10071;10139;7.92;0.49;275.51;8.83;954;75;3468.00;68
9123;74;626059273;9123;280;10072;10139;7.83;0.48;275.53;8.83;949;75;3469.00;67
9123;74;626059286;9123;275;10074;10139;7.87;0.48;275.53;8.83;951;75;3470.00;65
9127;74;626059299;9127;272;10076;10143;7.87;0.48;275.57;8.83;949;75;3471.00;67
9129;74;626059312;9129;277;10078;10143;7.86;0.48;275.61;8.83;949;75;3472.00;65
9130;74;626059325;9130;272;10079;10143;7.92;0.48;275.65;8.83;949;75;3473.00;64
9133;74;626059338;9133;273;10082;10146;8.00;0.49;275.78;8.83;949;75;3474.00;64
9134;74;626059352;9134;275;10083;10146;8.08;0.49;275.78;8.83;949;75;3475.00;63
9135;74;626059371;9135;267;10084;10146;8.06;0.49;275.82;8.83;949;75;3476.00;62
9136;74;626059384;9136;269;10087;10150;8.07;0.49;275.82;8.82;951;75;3477.00;63
9138;74;626059397;9138;266;10089;10151;8.08;0.49;275.80;8.82;951;75;3478.00;62
9143;74;626059409;9143;265;10089;10151;8.09;0.49;275.78;8.82;946;75;3479.00;62
9145;74;626059430;9145;267;10094;10156;8.06;0.49;275.80;8.82;949;75;3480.00;62
9147;74;626059444;9147;266;10094;10156;8.05;0.49;275.82;8.82;947;75;3481.00;62
9148;74;626059457;9148;269;10094;10156;8.05;0.49;275.80;8.82;946;75;3482.00;62
9150;74;626059470;9150;262;10095;10157;7.99;0.49;275.80;8.82;945;75;3483.00;62
9152;74;626059483;9152;263;10095;10157;7.96;0.48;275.86;8.82;943;75;3484.00;62
9152;74;626059495;9152;263;10099;10163;8.00;0.49;275.86;8.82;947;75;3485.00;64
9155;74;626059508;9155;268;10099;10163;7.97;0.48;275.83;8.82;944;75;3486.00;64
9157;74;626059522;9157;270;10100;10164;7.99;0.49;275.80;8.82;943;75;3487.00;64
9157;74;626059534;9157;275;10100;10164;7.99;0.49;275.80;8.82;943;75;3488.00;64
9159;74;626059545;9159;280;10100;10164;7.97;0.48;275.88;8.82;941;75;3489.00;64
9162;74;626059558;9162;273;10100;10164;7.90;0.48;275.88;8.82;938;75;3490.00;64
9163;74;626059570;9163;265;10100;10164;7.84;0.48;275.87;8.82;937;75;3491.00;64
9164;74;626059583;9164;270;10110;10176;7.87;0.48;275.86;8.81;946;75;3492.00;66
9165;74;626059597;9165;265;10110;10176;7.89;0.48;275.86;8.81;945;75;3493.00;66
9169;74;626059609;9169;254;10111;10176;7.89;0.48;275.86;8.81;942;75;3494.00;65
9170;74;626059621;9170;255;10111;10176;7.89;0.48;275.89;8.81;941;75;3495.00;65
9174;74;626059633;9174;248;10111;10176;7.89;0.48;275.99;8.81;937;75;3496.00;65
9177;74;626059646;9177;245;10111;10176;7.87;0.48;276.10;8.81;934;75;3497.00;65
9179;74;626059657;9179;242;10114;10180;7.86;0.48;276.07;8.80;935;75;3498.00;66
9181;74;626059669;9181;235;10114;10180;7.91;0.48;276.04;8.80;933;75;3499.00;66
9183;74;626059681;9183;235;10118;10184;7.94;0.48;276.10;8.85;935;75;3500.00;66
9186;74;626059698;9186;235;10120;10185;7.93;0.48;276.09;8.85;934;75;3501.00;65
9189;74;626059710;9189;226;10120;10185;7.82;0.47;276.14;8.85;931;75;3502.00;65
9191;74;626059722;9191;222;10120;10185;7.74;0.47;276.15;8.85;929;75;3503.00;65
9195;74;626059733;9195;218;10129;10198;7.61;0.46;276.18;8.84;934;75;3504.00;69
9199;74;626059746;9199;213;10130;10198;7.53;0.46;276.20;8.85;931;75;3505.00;68
9204;75;626059758;9204;201;10131;10198;7.51;0.46;276.32;8.85;927;76;3506.00;67
9208;75;626059777;9208;201;10132;10199;7.51;0.45;276.34;8.85;924;76;3507.00;67
9212;75;626059790;9212;205;10132;10200;7.51;0.46;276.41;8.85;920;76;3508.00;68
9214;75;626059807;9214;198;10132;10200;7.49;0.45;276.42;8.85;918;76;3509.00;68
9217;75;626059820;9217;196;10135;10206;7.49;0.45;276.42;8.85;918;76;3510.00;71
9222;75;626059833;9222;195;10136;10206;7.51;0.46;276.40;8.85;914;76;3511.00;70
9225;75;626059850;9225;197;10137;10206;7.52;0.46;276.38;8.85;912;76;3512.00;69
9228;75;626059861;9228;200;10137;10206;7.55;0.46;276.51;8.85;909;76;3513.00;69
9229;76;626059873;9229;201;10142;10212;7.57;0.46;276.55;8.89;913;77;3514.00;70
9232;76;626059898;9232;198;10142;10212;7.53;0.46;276.51;8.89;910;77;3515.00;70
9233;76;626059913;9233;198;10143;10212;7.56;0.46;276.51;8.89;910;77;3516.00;69
9235;76;626059935;9235;198;10144;10212;7.55;0.46;276.54;8.89;909;77;3517.00;68
9237;76;626059946;9237;199;10148;10216;7.52;0.46;276.55;8.88;911;77;3518.00;68
9240;76;626059959;9240;213;10150;10219;7.49;0.45;276.55;8.88;910;77;3519.00;69
9242;76;626059971;9242;214;10151;10219;7.46;0.45;276.54;8.88;909;77;3520.00;68
9244;76;626059982;9244;224;10152;10220;7.43;0.45;276.61;8.88;908;77;3521.00;68
9245;76;626059993;9245;223;10153;10220;7.45;0.45;276.64;8.89;908;77;3522.00;67
9247;76;626060007;9247;228;10153;10220;7.38;0.45;276.65;8.89;906;77;3523.00;67
9248;76;626060019;9248;233;10153;10220;7.41;0.45;276.69;8.89;905;77;3524.00;67
9249;76;626060030;9249;236;10153;10220;7.42;0.45;276.68;8.89;904;77;3525.00;67
9250;76;626060041;9250;236;10154;10220;7.41;0.45;276.70;8.90;904;77;3526.00;66
9254;76;626060052;9254;239;10154;10220;7.36;0.45;276.69;8.90;900;77;3527.00;66
9256;76;626060063;9256;243;10189;10290;7.53;0.46;276.71;8.87;933;77;3528.00;101
9258;76;626060080;9258;245;10189;10291;7.53;0.46;276.71;8.87;931;77;3529.00;102
9261;76;626060091;9261;246;10198;10291;7.54;0.46;276.71;8.89;937;77;3530.00;93
9263;76;626060102;9263;246;10202;10291;7.44;0.45;276.66;8.89;939;77;3531.00;89
9266;76;626060115;9266;248;10207;10291;7.43;0.45;276.63;8.90;941;77;3532.00;84
9267;76;626060127;9267;254;10210;10291;7.42;0.45;276.63;8.91;943;77;3533.00;81
9269;76;626060139;9269;255;10213;10291;7.40;0.45;276.58;8.91;944;77;3534.00;78
9272;76;626060151;9272;265;10218;10291;7.39;0.45;276.55;8.94;946;77;3535.00;73
9275;76;626060162;9275;270;10220;10292;7.36;0.45;276.51;8.94;945;77;3536.00;72
9277;76;626060179;9277;274;10223;10293;7.35;0.45;276.58;8.93;946;77;3537.00;70
9279;76;626060191;9279;278;10227;10293;7.32;0.45;276.62;8.95;948;77;3538.00;66
9279;76;626060202;9279;282;10231;10297;7.29;0.45;276.62;8.95;952;77;3539.00;66
9283;76;626060216;9283;297;10234;10297;7.22;0.44;276.54;8.97;951;77;3540.00;63
9285;76;626060227;9285;306;10235;10297;7.13;0.44;276.51;8.98;950;77;3541.00;62
9286;76;626060239;9286;306;10236;10297;7.00;0.43;276.51;8.98;950;77;3542.00;61
9286;76;626060250;9286;310;10241;10303;6.97;0.43;276.51;8.99;955;77;3543.00;62
9287;76;626060262;9287;316;10244;10303;6.90;0.42;276.49;9.02;957;77;3544.00;59
9289;76;626060273;9289;325;10245;10303;6.79;0.42;276.47;9.02;956;77;3545.00;58
9291;76;626060284;9291;334;10249;10306;6.68;0.41;276.46;9.04;958;77;3546.00;57
9292;76;626060295;9292;336;10250;10306;6.57;0.40;276.52;9.04;958;77;3547.00;56
9293;76;626060306;9293;349;10252;10306;6.44;0.39;276.51;9.05;959;77;3548.00;54
9294;76;626060316;9294;342;10252;10307;6.28;0.39;276.48;9.05;958;77;3549.00;55
9297;76;626060333;9297;345;10255;10308;6.14;0.38;276.44;9.06;958;77;3550.00;53
9298;76;626060343;9298;346;10255;10308;6.04;0.37;276.42;9.06;957;77;3551.00;53
9300;76;626060354;9300;346;10266;10321;5.98;0.37;276.44;9.06;966;77;3552.00;55
9303;76;626060366;9303;350;10267;10321;5.93;0.36;276.38;9.06;964;77;3553.00;54
9306;76;626060376;9306;355;10268;10321;5.91;0.36;276.37;9.06;962;77;3554.00;53
9307;76;626060386;9307;357;10272;10323;5.87;0.36;276.34;9.07;965;77;3555.00;51
9309;76;626060397;9309;361;10272;10323;5.89;0.36;276.30;9.07;963;77;3556.00;51
9310;76;626060407;9310;362;10275;10327;5.94;0.36;276.27;9.07;965;77;3557.00;52
9311;76;626060417;9311;360;10276;10327;5.97;0.36;276.25;9.08;965;77;3558.00;51
9314;76;626060428;9314;371;10280;10331;5.97;0.36;276.28;9.08;966;77;3559.00;51
9317;76;626060439;9317;365;10283;10331;5.90;0.36;276.22;9.10;966;77;3560.00;48
9318;76;626060449;9318;369;10283;10331;5.80;0.35;276.19;9.10;965;77;3561.00;48
9321;76;626060459;9321;379;10284;10331;5.68;0.35;276.24;9.11;963;77;3562.00;47
9321;76;626060469;9321;367;10284;10331;5.60;0.34;276.24;9.11;963;77;3563.00;47
9324;76;626060479;9324;361;10294;10343;5.60;0.34;276.26;9.11;970;77;3564.00;49
9328;76;626060490;9328;363;10295;10343;5.59;0.34;276.23;9.11;967;77;3565.00;48
9330;76;626060501;9330;355;10299;10343;5.59;0.34;276.24;9.14;969;77;3566.00;44
9333;76;626060513;9333;354;10299;10343;5.58;0.34;276.25;9.14;966;77;3567.00;44
9336;76;626060525;9336;356;10301;10343;5.56;0.34;276.27;9.15;965;77;3568.00;42
9338;76;626060535;9338;350;10301;10343;5.54;0.34;276.25;9.15;963;77;3569.00;42
9341;76;626060546;9341;337;10301;10344;5.51;0.34;276.24;9.15;960;77;3570.00;43
9342;76;626060557;9342;329;10303;10344;5.55;0.34;276.24;9.16;961;77;3571.00;41
9346;76;626060567;9346;325;10307;10350;5.58;0.34;276.17;9.16;961;77;3572.00;43
9347;76;626060580;9347;316;10310;10351;5.59;0.34;276.16;9.16;963;77;3573.00;41
9350;76;626060596;9350;311;10311;10351;5.57;0.34;276.18;9.16;961;77;3574.00;40
9351;76;626060606;9351;309;10311;10351;5.65;0.34;276.18;9.16;960;77;3575.00;40
9353;76;626060617;9353;308;10316;10355;5.76;0.35;276.17;9.17;963;77;3576.00;39
9354;76;626060628;9354;312;10316;10355;5.81;0.35;276.17;9.17;962;77;3577.00;39
9357;76;626060639;9357;311;10316;10355;5.87;0.36;276.17;9.17;959;77;3578.00;39
9359;76;626060650;9359;303;10317;10356;5.97;0.36;276.21;9.17;958;77;3579.00;39
9361;76;626060660;9361;309;10320;10360;6.05;0.37;276.20;9.17;959;77;3580.00;40
9363;76;626060671;9363;303;10321;10360;6.11;0.37;276.23;9.22;958;77;3581.00;39
9366;76;626060683;9366;303;10323;10363;6.19;0.38;276.22;9.21;957;77;3582.00;40
9368;76;626060694;9368;299;10324;10363;6.24;0.38;276.25;9.21;956;77;3583.00;39
9373;76;626060705;9373;295;10324;10363;6.28;0.38;276.27;9.21;951;77;3584.00;39
9377;76;626060716;9377;294;10324;10363;6.32;0.39;276.31;9.21;947;77;3585.00;39
9379;76;626060727;9379;287;10327;10367;6.46;0.40;276.31;9.21;948;77;3586.00;40
9382;76;626060739;9382;290;10327;10367;6.56;0.40;276.35;9.21;945;77;3587.00;40
9385;76;626060750;9385;290;10328;10367;6.66;0.41;276.39;9.21;943;77;3588.00;39
9387;76;626060761;9387;289;10328;10367;6.77;0.41;276.40;9.21;941;77;3589.00;39
9393;76;626060773;9393;284;10328;10368;6.83;0.42;276.45;9.21;935;77;3590.00;40
9396;76;626060786;9396;278;10329;10369;6.97;0.43;276.49;9.21;933;77;3591.00;40
9401;76;626060797;9401;273;10329;10369;7.02;0.43;276.48;9.21;928;77;3592.00;40
9403;76;626060809;9403;269;10330;10370;7.11;0.44;276.48;9.21;927;77;3593.00;40
9409;76;626060822;9409;272;10330;10370;7.17;0.44;276.54;9.21;921;77;3594.00;40
9418;76;626060834;9418;270;10330;10370;7.13;0.44;276.48;9.21;912;77;3595.00;40
9422;76;626060846;9422;270;10330;10370;7.10;0.43;276.49;9.21;908;77;3596.00;40
9427;76;626060858;9427;274;10330;10370;7.08;0.43;276.54;9.21;903;77;3597.00;40
9431;76;626060869;9431;275;10330;10370;7.05;0.43;276.55;9.21;899;77;3598.00;40
9435;76;626060881;9435;280;10330;10370;7.11;0.44;276.64;9.21;895;77;3599.00;40
9440;76;626060895;9440;316;10446;10623;7.35;0.46;276.62;9.11;1006;77;3600.00;177
9445;76;626060947;9445;311;10452;10624;7.34;0.46;276.73;9.10;1007;77;3601.00;172
9448;76;626060972;9448;298;10467;10624;7.42;0.47;276.78;9.09;1019;77;3602.00;157
9454;76;626060992;9454;291;10474;10624;7.46;0.47;276.84;9.09;1020;77;3603.00;150
9457;76;626061013;9457;304;10481;10624;7.51;0.47;276.92;9.08;1024;77;3604.00;143
9463;76;626061032;9463;303;10486;10624;7.45;0.47;277.03;9.08;1023;77;3605.00;138
9469;76;626061047;9469;300;10492;10624;7.41;0.46;277.06;9.08;1023;77;3606.00;132
9474;76;626061062;9474;309;10498;10624;7.39;0.46;277.16;9.08;1024;77;3607.00;126
9477;76;626061076;9477;309;10501;10625;7.43;0.46;277.19;9.08;1024;77;3608.00;124
9482;76;626061093;9482;314;10505;10626;7.48;0.47;277.24;9.08;1023;77;3609.00;121
9484;76;626061108;9484;320;10508;10626;7.50;0.47;277.27;9.08;1024;77;3610.00;118
9488;76;626061123;9488;326;10511;10627;7.44;0.46;277.33;9.08;1023;77;3611.00;116
9492;76;626061138;9492;331;10516;10627;7.36;0.46;277.38;9.08;1024;77;3612.00;111
9492;76;626061154;9492;327;10517;10627;7.40;0.46;277.38;9.08;1025;77;3613.00;110
9499;76;626061168;9499;329;10520;10627;7.31;0.45;277.38;9.08;1021;77;3614.00;107
9500;76;626061188;9500;336;10524;10631;7.32;0.45;277.40;9.08;1024;77;3615.00;107
9505;76;626061210;9505;338;10527;10631;7.26;0.45;277.39;9.08;1022;77;3616.00;104
9509;76;626061225;9509;340;10529;10631;7.24;0.45;277.38;9.09;1020;77;3617.00;102
9512;76;626061241;9512;330;10533;10634;7.29;0.45;277.41;9.09;1021;77;3618.00;101
9515;77;626061256;9515;329;10534;10634;7.28;0.45;277.40;9.09;1019;78;3619.00;100
9519;77;626061293;9519;328;10535;10634;7.28;0.45;277.43;9.09;1016;78;3620.00;99
9525;77;626061314;9525;333;10541;10638;7.24;0.44;277.46;9.09;1016;78;3621.00;97
9527;77;626061330;9527;332;10544;10639;7.28;0.45;277.50;9.09;1017;78;3622.00;95
9530;77;626061345;9530;329;10547;10639;7.30;0.45;277.51;9.09;1017;78;3623.00;92
9535;77;626061359;9535;329;10550;10643;7.34;0.45;277.53;9.10;1015;78;3624.00;93
9540;77;626061373;9540;336;10553;10643;7.33;0.45;277.62;9.10;1013;78;3625.00;90
9545;77;626061388;9545;324;10555;10643;7.38;0.45;277.67;9.10;1010;78;3626.00;88
9546;77;626061403;9546;315;10557;10644;7.43;0.45;277.71;9.10;1011;78;3627.00;87
9549;77;626061419;9549;305;10557;10644;7.46;0.46;277.79;9.10;1008;78;3628.00;87
9551;77;626061436;9551;303;10562;10650;7.51;0.46;277.82;9.09;1011;78;3629.00;88
9553;77;626061461;9553;308;10562;10650;7.55;0.46;277.84;9.09;1009;78;3630.00;88
9557;77;626061485;9557;307;10562;10651;7.55;0.46;277.88;9.09;1005;78;3631.00;89
9560;77;626061500;9560;303;10563;10651;7.60;0.46;277.86;9.09;1003;78;3632.00;88
9562;77;626061515;9562;295;10563;10651;7.65;0.47;277.86;9.09;1001;78;3633.00;88
9567;78;626061538;9567;296;10563;10651;7.69;0.47;277.88;9.09;996;79;3634.00;88
9569;78;626061571;9569;304;10564;10651;7.75;0.47;277.91;9.10;995;79;3635.00;87
9578;78;626061586;9578;306;10573;10663;7.72;0.47;278.04;9.09;995;79;3636.00;90
9582;78;626061608;9582;296;10573;10663;7.70;0.47;278.08;9.09;991;79;3637.00;90
9586;78;626061629;9586;288;10574;10663;7.68;0.47;278.13;9.09;988;79;3638.00;89
9589;78;626061643;9589;287;10575;10663;7.73;0.47;278.14;9.14;986;79;3639.00;88
9589;78;626061658;9589;285;10575;10663;7.77;0.47;278.14;9.14;986;79;3640.00;88
9590;78;626061672;9590;283;10576;10663;7.79;0.47;278.12;9.14;986;79;3641.00;87
9592;78;626061686;9592;277;10579;10667;7.75;0.47;278.17;9.14;987;79;3642.00;88
9596;78;626061699;9596;272;10579;10667;7.70;0.47;278.13;9.14;983;79;3643.00;88
9600;78;626061712;9600;269;10582;10671;7.68;0.47;278.18;9.14;982;79;3644.00;89
9601;78;626061727;9601;273;10584;10673;7.72;0.47;278.19;9.13;983;79;3645.00;89
9603;78;626061740;9603;273;10585;10673;7.73;0.47;278.25;9.13;982;79;3646.00;88
9605;78;626061752;9605;277;10587;10673;7.68;0.47;278.24;9.14;982;79;3647.00;86
9605;78;626061765;9605;282;10595;10686;7.72;0.47;278.24;9.13;990;79;3648.00;91
9606;78;626061779;9606;275;10596;10686;7.65;0.47;278.24;9.13;990;79;3649.00;90
9606;78;626061792;9606;272;10596;10686;7.64;0.46;278.24;9.13;990;79;3650.00;90
9608;78;626061805;9608;281;10597;10687;7.63;0.46;278.34;9.13;989;79;3651.00;90
9611;78;626061818;9611;284;10597;10688;7.58;0.46;278.39;9.13;986;79;3652.00;91
9612;78;626061831;9612;286;10597;10688;7.49;0.46;278.40;9.13;985;79;3653.00;91
9613;78;626061844;9613;293;10599;10691;7.44;0.45;278.39;9.13;986;79;3654.00;92
9615;78;626061857;9615;296;10599;10691;7.33;0.45;278.47;9.13;984;79;3655.00;92
9617;78;626061869;9617;295;10600;10691;7.23;0.44;278.44;9.13;983;79;3656.00;91
9618;78;626061881;9618;291;10600;10691;7.18;0.44;278.54;9.13;982;79;3657.00;91
9619;78;626061893;9619;298;10605;10697;7.13;0.43;278.54;9.17;986;79;3658.00;92
9621;78;626061907;9621;298;10605;10697;7.10;0.43;278.54;9.17;984;79;3659.00;92
9622;78;626061921;9622;300;10606;10697;7.08;0.43;278.52;9.17;984;79;3660.00;91
9625;78;626061934;9625;289;10606;10697;7.02;0.43;278.47;9.17;981;79;3661.00;91
9628;78;626061946;9628;294;10609;10701;6.96;0.42;278.47;9.17;981;79;3662.00;92
9631;78;626061959;9631;288;10610;10702;6.89;0.42;278.46;9.17;979;79;3663.00;92
9634;78;626061972;9634;285;10610;10702;6.86;0.42;278.49;9.17;976;79;3664.00;92
9637;78;626061983;9637;289;10611;10703;6.85;0.42;278.49;9.17;974;79;3665.00;92
9638;78;626061995;9638;282;10611;10703;6.85;0.42;278.47;9.17;973;79;3666.00;92
9639;78;626062006;9639;277;10611;10703;6.85;0.42;278.46;9.17;972;79;3667.00;92
9641;78;626062018;9641;272;10612;10703;6.86;0.42;278.50;9.17;971;79;3668.00;91
9642;79;626062029;9642;268;10612;10703;6.88;0.42;278.54;9.17;970;80;3669.00;91
9645;79;626062046;9645;266;10612;10703;6.86;0.42;278.61;9.17;967;80;3670.00;91
9649;79;626062058;9649;257;10612;10703;6.86;0.42;278.59;9.17;963;80;3671.00;91
9651;79;626062074;9651;256;10640;10773;6.91;0.42;278.66;9.15;989;80;3672.00;133
9653;79;626062090;9653;249;10640;10774;6.91;0.42;278.65;9.15;987;80;3673.00;134
9655;79;626062102;9655;243;10649;10774;7.04;0.43;278.70;9.15;994;80;3674.00;125
9659;79;626062114;9659;242;10654;10774;7.06;0.43;278.69;9.18;995;80;3675.00;120
9662;79;626062127;9662;232;10661;10774;7.14;0.43;278.69;9.17;999;80;3676.00;113
9666;79;626062140;9666;228;10666;10774;7.18;0.44;278.70;9.23;1000;80;3677.00;108
9668;79;626062152;9668;221;10670;10774;7.23;0.44;278.73;9.23;1002;80;3678.00;104
9671;79;626062164;9671;218;10671;10774;7.21;0.44;278.68;9.28;1000;80;3679.00;103
9674;79;626062175;9674;216;10673;10775;7.22;0.44;278.71;9.28;999;80;3680.00;102
9676;79;626062188;9676;208;10674;10776;7.22;0.44;278.67;9.28;998;80;3681.00;102
9679;79;626062200;9679;205;10676;10776;7.18;0.44;278.66;9.33;997;80;3682.00;100
9680;79;626062213;9680;200;10679;10780;7.17;0.44;278.64;9.33;999;80;3683.00;101
9680;79;626062225;9680;205;10679;10780;7.15;0.44;278.64;9.33;999;80;3684.00;101
9683;79;626062238;9683;202;10679;10780;7.08;0.43;278.61;9.33;996;80;3685.00;101
9686;79;626062250;9686;207;10680;10780;7.04;0.43;278.58;9.37;994;80;3686.00;100
9689;79;626062263;9689;216;10684;10786;7.02;0.43;278.53;9.38;995;80;3687.00;102
9692;79;626062275;9692;226;10685;10786;7.02;0.43;278.49;9.38;993;80;3688.00;101
9693;79;626062288;9693;229;10685;10786;6.96;0.42;278.49;9.38;992;80;3689.00;101
9696;79;626062301;9696;239;10692;10792;6.92;0.42;278.44;9.43;996;80;3690.00;100
9697;79;626062314;9697;237;10692;10792;6.83;0.41;278.43;9.43;995;80;3691.00;100
9698;79;626062327;9698;243;10696;10792;6.80;0.41;278.41;9.44;998;80;3692.00;96
9699;79;626062339;9699;250;10697;10793;6.75;0.41;278.40;9.43;998;80;3693.00;96
9699;79;626062351;9699;252;10700;10794;6.73;0.41;278.40;9.48;1001;80;3694.00;94
9702;79;626062363;9702;260;10703;10794;6.65;0.40;278.37;9.49;1001;80;3695.00;91
9705;79;626062375;9705;264;10712;10807;6.60;0.40;278.33;9.48;1007;80;3696.00;95
9710;79;626062388;9710;269;10715;10807;6.57;0.40;278.29;9.49;1005;80;3697.00;92
9710;79;626062400;9710;280;10717;10807;6.50;0.39;278.29;9.50;1007;80;3698.00;90
9712;79;626062412;9712;286;10718;10808;6.47;0.39;278.27;9.50;1006;80;3699.00;90
9714;79;626062425;9714;286;10721;10808;6.41;0.39;278.24;9.53;1007;80;3700.00;87
9715;79;626062441;9715;289;10724;10812;6.40;0.39;278.22;9.53;1009;80;3701.00;88
9717;79;626062453;9717;293;10725;10812;6.43;0.39;278.18;9.52;1008;80;3702.00;87
9720;79;626062465;9720;305;10730;10816;6.40;0.39;278.11;9.54;1010;80;3703.00;86
9722;79;626062478;9722;308;10730;10816;6.37;0.39;278.17;9.54;1008;80;3704.00;86
9724;79;626062489;9724;316;10733;10816;6.32;0.38;278.15;9.58;1009;80;3705.00;83
9725;79;626062501;9725;326;10733;10816;6.35;0.39;278.26;9.58;1008;80;3706.00;83
9728;79;626062512;9728;328;10735;10816;6.28;0.38;278.23;9.60;1007;80;3707.00;81
9728;79;626062524;9728;332;10745;10828;6.32;0.39;278.23;9.59;1017;80;3708.00;83
9730;79;626062537;9730;330;10748;10828;6.28;0.38;278.19;9.61;1018;80;3709.00;80
9732;79;626062549;9732;335;10753;10828;6.19;0.38;278.18;9.65;1021;80;3710.00;75
9735;79;626062560;9735;337;10753;10828;6.17;0.38;278.14;9.65;1018;80;3711.00;75
9736;79;626062572;9736;342;10756;10828;6.09;0.37;278.12;9.67;1020;80;3712.00;72
9737;79;626062583;9737;345;10757;10828;6.05;0.37;278.12;9.68;1020;80;3713.00;71
9739;79;626062595;9739;345;10757;10829;6.00;0.37;278.10;9.68;1018;80;3714.00;72
9740;79;626062607;9740;337;10759;10829;5.99;0.37;278.09;9.69;1019;80;3715.00;70
9740;79;626062618;9740;331;10763;10835;6.01;0.37;278.09;9.69;1023;80;3716.00;72
9741;79;626062630;9741;331;10767;10836;6.01;0.37;278.08;9.71;1026;80;3717.00;69
9741;79;626062642;9741;330;10768;10836;6.00;0.37;278.08;9.71;1027;80;3718.00;68
9743;79;626062653;9743;333;10771;10836;6.00;0.37;278.05;9.73;1028;80;3719.00;65
9745;79;626062667;9745;326;10774;10841;6.08;0.37;278.04;9.73;1029;80;3720.00;67
9746;79;626062679;9746;319;10775;10841;6.08;0.37;278.04;9.73;1029;80;3721.00;66
9747;79;626062702;9747;317;10778;10841;6.12;0.37;278.02;9.75;1031;80;3722.00;63
9748;79;626062714;9748;309;10779;10842;6.19;0.38;278.03;9.75;1031;80;3723.00;63
9748;79;626062725;9748;304;10782;10846;6.25;0.38;278.03;9.74;1034;80;3724.00;64
9749;79;626062743;9749;303;10784;10846;6.31;0.39;278.02;9.76;1035;80;3725.00;62
9750;79;626062754;9750;304;10787;10849;6.39;0.39;278.03;9.76;1037;80;3726.00;62
9750;79;626062766;9750;304;10788;10849;6.49;0.40;278.03;9.76;1038;80;3727.00;61
9752;79;626062778;9752;307;10790;10849;6.53;0.40;278.02;9.77;1038;80;3728.00;59
9755;79;626062790;9755;311;10790;10849;6.60;0.40;278.10;9.77;1035;80;3729.00;59
9757;79;626062802;9757;304;10794;10853;6.63;0.40;278.07;9.78;1037;80;3730.00;59
9759;79;626062815;9759;305;10794;10853;6.64;0.40;278.04;9.78;1035;80;3731.00;59
9762;79;626062826;9762;305;10795;10853;6.61;0.40;278.06;9.77;1033;80;3732.00;58
9763;79;626062843;9763;308;10796;10853;6.58;0.40;278.06;9.79;1033;80;3733.00;57
9767;79;626062855;9767;308;10797;10854;6.51;0.40;278.04;9.80;1030;80;3734.00;57
9768;79;626062866;9768;315;10799;10856;6.49;0.39;278.05;9.79;1031;80;3735.00;57
9770;79;626062878;9770;317;10800;10856;6.42;0.39;278.04;9.80;1030;80;3736.00;56
9771;79;626062889;9771;315;10803;10857;6.36;0.39;278.06;9.82;1032;80;3737.00;54
9775;79;626062900;9775;317;10804;10857;6.27;0.38;278.10;9.83;1029;80;3738.00;53
9779;79;626062914;9779;327;10804;10857;6.15;0.37;278.10;9.83;1025;80;3739.00;53
9782;79;626062932;9782;316;10805;10857;6.06;0.37;278.09;9.84;1023;80;3740.00;52
9784;79;626062950;9784;312;10807;10857;6.01;0.37;278.15;9.85;1023;80;3741.00;50
9789;79;626062970;9789;301;10808;10857;5.95;0.36;278.22;9.85;1019;80;3742.00;49
9792;79;626062988;9792;300;10808;10857;5.93;0.36;278.30;9.85;1016;80;3743.00;49
9795;79;626063004;9795;318;10877;10984;6.27;0.39;278.33;9.80;1082;80;3744.00;107
9799;79;626063034;9799;315;10881;10985;6.25;0.39;278.38;9.80;1082;80;3745.00;104
9801;79;626063048;9801;309;10888;10985;6.33;0.39;278.41;9.79;1087;80;3746.00;97
9804;79;626063062;9804;303;10897;10985;6.37;0.39;278.45;9.79;1093;80;3747.00;88
9807;79;626063075;9807;293;10903;10985;6.46;0.40;278.50;9.79;1096;80;3748.00;82
9812;79;626063089;9812;288;10908;10985;6.46;0.40;278.55;9.79;1096;80;3749.00;77
9815;79;626063105;9815;285;10913;10990;6.47;0.40;278.58;9.78;1098;80;3750.00;77
9820;79;626063121;9820;285;10916;10990;6.48;0.40;278.62;9.78;1096;80;3751.00;74
9824;79;626063134;9824;298;10921;10991;6.54;0.40;278.75;9.83;1097;80;3752.00;70
9827;79;626063149;9827;294;10923;10992;6.58;0.41;278.76;9.83;1096;80;3753.00;69
9831;79;626063163;9831;295;10925;10992;6.62;0.41;278.86;9.83;1094;80;3754.00;67
9836;79;626063177;9836;296;10926;10993;6.61;0.41;278.91;9.83;1090;80;3755.00;67
9840;79;626063191;9840;301;10928;10993;6.66;0.41;279.00;9.83;1088;80;3756.00;65
9843;79;626063205;9843;307;10929;10993;6.68;0.41;279.00;9.83;1086;80;3757.00;64
9846;79;626063219;9846;304;10931;10993;6.77;0.42;279.03;9.83;1085;80;3758.00;62
9848;79;626063233;9848;309;10934;10997;6.79;0.42;279.07;9.83;1086;80;3759.00;63
9854;79;626063247;9854;308;10937;10997;6.81;0.42;279.06;9.83;1083;80;3760.00;60
9857;79;626063262;9857;303;10937;10997;6.75;0.41;279.12;9.83;1080;80;3761.00;60
9859;79;626063282;9859;294;10940;11000;6.79;0.42;279.21;9.83;1081;80;3762.00;60
9862;79;626063297;9862;288;10940;11000;6.74;0.41;279.27;9.83;1078;80;3763.00;60
9869;79;626063310;9869;293;10941;11000;6.75;0.41;279.32;9.83;1072;80;3764.00;59
9871;79;626063324;9871;292;10944;11004;6.79;0.42;279.29;9.82;1073;80;3765.00;60
9877;79;626063339;9877;294;10945;11005;6.80;0.42;279.29;9.82;1068;80;3766.00;60
9882;79;626063353;9882;300;10945;11005;6.80;0.42;279.31;9.82;1063;80;3767.00;60
9890;79;626063367;9890;295;10948;11009;6.76;0.41;279.30;9.82;1058;80;3768.00;61
9894;79;626063381;9894;293;10948;11009;6.71;0.41;279.36;9.82;1054;80;3769.00;61
9898;79;626063396;9898;301;10949;11009;6.66;0.41;279.36;9.82;1051;80;3770.00;60
9902;79;626063410;9902;305;10950;11010;6.68;0.41;279.41;9.82;1048;80;3771.00;60
9905;79;626063424;9905;303;10952;11010;6.72;0.41;279.41;9.82;1047;80;3772.00;58
9908;79;626063438;9908;301;10955;11016;6.72;0.41;279.41;9.82;1047;80;3773.00;61
9916;79;626063454;9916;302;10955;11016;6.68;0.41;279.52;9.82;1039;80;3774.00;61
9920;80;626063469;9920;297;10956;11017;6.75;0.41;279.53;9.82;1036;81;3775.00;61
9924;80;626063490;9924;301;10958;11017;6.81;0.41;279.60;9.87;1034;81;3776.00;59
9926;80;626063508;9926;303;10958;11017;6.87;0.42;279.64;9.87;1032;81;3777.00;59
9929;80;626063528;9929;307;10959;11017;6.94;0.42;279.63;9.87;1030;81;3778.00;58
9934;80;626063541;9934;306;10959;11017;6.98;0.42;279.71;9.87;1025;81;3779.00;58
9936;80;626063557;9936;310;10981;11053;7.19;0.44;279.74;9.85;1045;81;3780.00;72
9939;80;626063574;9939;310;10984;11053;7.20;0.44;279.74;9.85;1045;81;3781.00;69
9942;80;626063588;9942;311;10986;11053;7.13;0.44;279.76;9.84;1044;81;3782.00;67
9947;80;626063602;9947;318;10987;11053;7.11;0.43;279.82;9.84;1040;81;3783.00;66
9948;80;626063616;9948;324;10988;11053;7.13;0.44;279.84;9.84;1040;81;3784.00;65
9951;80;626063630;9951;326;10988;11053;7.12;0.43;279.85;9.84;1037;81;3785.00;65
9953;80;626063645;9953;333;10992;11057;7.12;0.43;279.88;9.84;1039;81;3786.00;65
9958;80;626063659;9958;332;10992;11057;7.07;0.43;279.93;9.84;1034;81;3787.00;65
9960;80;626063673;9960;326;10994;11061;7.03;0.43;279.97;9.84;1034;81;3788.00;67
9963;80;626063688;9963;326;10996;11062;7.02;0.43;279.99;9.84;1033;81;3789.00;66
9968;80;626063702;9968;322;10996;11062;7.02;0.43;279.94;9.84;1028;81;3790.00;66
9972;80;626063717;9972;323;10998;11062;7.06;0.43;279.99;9.84;1026;81;3791.00;64
9975;80;626063731;9975;325;11007;11075;7.16;0.44;279.96;9.83;1032;81;3792.00;68
9979;80;626063747;9979;327;11008;11075;7.19;0.44;279.99;9.83;1029;81;3793.00;67
9983;80;626063761;9983;328;11009;11075;7.17;0.44;280.15;9.83;1026;81;3794.00;66
9987;80;626063776;9987;321;11010;11076;7.16;0.44;280.13;9.83;1023;81;3795.00;66
9991;80;626063790;9991;311;11010;11077;7.16;0.44;280.21;9.83;1019;81;3796.00;67
9996;80;626063804;9996;297;11010;11077;7.20;0.44;280.25;9.83;1014;81;3797.00;67
9999;80;626063819;9999;286;11012;11080;7.33;0.45;280.32;9.82;1013;81;3798.00;68
10000;80;626063834;10000;276;11012;11080;7.49;0.46;280.33;9.82;1012;81;3799.00;68
10004;80;626063849;10004;275;11013;11080;7.56;0.46;280.37;9.82;1009;81;3800.00;67
10006;80;626063868;10006;267;11013;11080;7.63;0.47;280.45;9.82;1007;81;3801.00;67
10008;80;626063882;10008;265;11017;11086;7.69;0.47;280.49;9.82;1009;81;3802.00;69
10012;80;626063898;10012;259;11017;11086;7.71;0.47;280.62;9.82;1005;81;3803.00;69
10015;80;626063914;10015;263;11018;11086;7.72;0.47;280.62;9.82;1003;81;3804.00;68
10019;80;626063929;10019;268;11018;11086;7.68;0.47;280.69;9.82;999;81;3805.00;68
10022;80;626063943;10022;264;11021;11090;7.60;0.46;280.77;9.82;999;81;3806.00;69
10023;80;626063957;10023;256;11022;11091;7.55;0.46;280.76;9.82;999;81;3807.00;69
10025;80;626063972;10025;247;11022;11091;7.54;0.46;280.81;9.82;997;81;3808.00;69
10030;80;626063986;10030;235;11024;11092;7.54;0.46;280.82;9.87;994;81;3809.00;68
10032;80;626064001;10032;230;11024;11092;7.56;0.46;280.78;9.87;992;81;3810.00;68
10037;80;626064015;10037;228;11024;11092;7.54;0.46;280.76;9.87;987;81;3811.00;68
10039;80;626064034;10039;224;11024;11092;7.56;0.46;280.84;9.87;985;81;3812.00;68
10043;80;626064047;10043;219;11024;11092;7.53;0.46;280.79;9.87;981;81;3813.00;68
10046;80;626064060;10046;221;11024;11092;7.50;0.45;280.88;9.87;978;81;3814.00;68
10049;80;626064074;10049;222;11024;11092;7.49;0.45;280.84;9.87;975;81;3815.00;68
10052;80;626064087;10052;235;11063;11162;7.44;0.45;280.93;9.83;1011;81;3816.00;99
10052;80;626064106;10052;239;11064;11163;7.44;0.45;280.93;9.83;1012;81;3817.00;99
10057;80;626064119;10057;241;11069;11163;7.46;0.45;280.94;9.83;1012;81;3818.00;94
10058;80;626064138;10058;244;11071;11163;7.44;0.45;280.96;9.83;1013;81;3819.00;92
10061;80;626064150;10061;244;11076;11163;7.50;0.46;280.97;9.82;1015;81;3820.00;87
10063;80;626064169;10063;251;11081;11163;7.53;0.46;281.00;9.82;1018;81;3821.00;82
10065;80;626064187;10065;252;11085;11163;7.56;0.46;280.97;9.82;1020;81;3822.00;78
10066;80;626064200;10066;255;11086;11163;7.46;0.45;281.02;9.82;1020;81;3823.00;77
10071;80;626064212;10071;262;11088;11164;7.40;0.45;281.04;9.82;1017;81;3824.00;76
10074;80;626064225;10074;268;11090;11166;7.30;0.44;281.03;9.82;1016;81;3825.00;76
10077;80;626064238;10077;277;11091;11166;7.21;0.44;281.11;9.82;1014;81;3826.00;75
10078;80;626064251;10078;290;11094;11170;7.11;0.43;281.19;9.81;1016;81;3827.00;76
10081;80;626064264;10081;285;11094;11170;7.05;0.43;281.28;9.81;1013;81;3828.00;76
10082;80;626064276;10082;292;11094;11170;6.97;0.43;281.28;9.81;1012;81;3829.00;76
10084;80;626064288;10084;288;11094;11170;6.93;0.43;281.33;9.81;1010;81;3830.00;76
10086;80;626064301;10086;289;11097;11176;6.91;0.42;281.34;9.81;1011;81;3831.00;79
10089;80;626064314;10089;290;11097;11176;6.85;0.42;281.35;9.81;1008;81;3832.00;79
10091;80;626064326;10091;286;11098;11176;6.78;0.42;281.36;9.81;1007;81;3833.00;78
10092;80;626064344;10092;295;11100;11179;6.77;0.41;281.36;9.81;1008;81;3834.00;79
10095;80;626064356;10095;289;11101;11179;6.77;0.41;281.33;9.81;1006;81;3835.00;78
10098;80;626064368;10098;293;11101;11179;6.69;0.41;281.31;9.81;1003;81;3836.00;78
10101;80;626064379;10101;292;11101;11180;6.63;0.40;281.29;9.81;1000;81;3837.00;79
10106;80;626064391;10106;293;11102;11181;6.55;0.40;281.30;9.81;996;81;3838.00;79
10112;80;626064403;10112;292;11102;11181;6.45;0.39;281.24;9.81;990;81;3839.00;79
10116;80;626064416;10116;302;11117;11207;6.31;0.38;281.26;9.79;1001;81;3840.00;90
10117;80;626064429;10117;299;11118;11207;6.27;0.38;281.24;9.79;1001;81;3841.00;89
10121;80;626064440;10121;290;11120;11207;6.18;0.37;281.19;9.79;999;81;3842.00;87
10124;80;626064452;10124;295;11122;11208;6.08;0.37;281.14;9.79;998;81;3843.00;86
10127;80;626064464;10127;294;11122;11208;6.06;0.37;281.15;9.79;995;81;3844.00;86
10129;80;626064475;10129;299;11125;11212;6.13;0.37;281.13;9.81;996;81;3845.00;87
10132;80;626064487;10132;296;11127;11214;6.18;0.37;281.08;9.80;995;81;3846.00;87
10135;80;626064499;10135;293;11131;11218;6.14;0.37;281.03;9.80;996;81;3847.00;87
10137;80;626064511;10137;288;11131;11218;6.19;0.37;281.00;9.80;994;81;3848.00;87
10140;80;626064522;10140;279;11131;11218;6.18;0.37;280.99;9.80;991;81;3849.00;87
10143;80;626064533;10143;279;11131;11218;6.18;0.37;281.10;9.80;988;81;3850.00;87
10144;80;626064545;10144;284;11131;11218;6.16;0.37;281.07;9.80;987;81;3851.00;87
10146;80;626064556;10146;294;11142;11230;6.15;0.37;281.04;9.79;996;81;3852.00;88
10147;80;626064568;10147;288;11142;11230;6.08;0.37;281.02;9.79;995;81;3853.00;88
10152;80;626064580;10152;281;11142;11230;5.98;0.36;280.96;9.79;990;81;3854.00;88
10156;80;626064591;10156;294;11142;11230;5.91;0.36;280.89;9.79;986;81;3855.00;88
10157;80;626064603;10157;296;11142;11230;5.89;0.36;280.87;9.79;985;81;3856.00;88
10158;80;626064614;10158;299;11143;11230;5.89;0.36;280.87;9.79;985;81;3857.00;87
10160;80;626064626;10160;299;11143;11231;5.86;0.36;280.87;9.79;983;81;3858.00;88
10160;80;626064637;10160;298;11145;11231;5.88;0.36;280.87;9.80;985;81;3859.00;86
10161;80;626064648;10161;300;11149;11237;5.89;0.36;280.85;9.80;988;81;3860.00;88
10162;80;626064666;10162;300;11151;11238;5.92;0.36;280.84;9.80;989;81;3861.00;87
10162;80;626064677;10162;304;11153;11238;5.96;0.36;280.84;9.80;991;81;3862.00;85
10162;80;626064688;10162;297;11153;11238;5.97;0.36;280.84;9.80;991;81;3863.00;85
10166;80;626064699;10166;296;11155;11242;5.94;0.36;280.85;9.80;989;81;3864.00;87
10166;80;626064710;10166;303;11156;11242;5.97;0.36;280.85;9.80;990;81;3865.00;86
10167;80;626064721;10167;311;11157;11242;5.96;0.36;280.83;9.81;990;81;3866.00;85
10168;80;626064732;10168;308;11159;11243;6.01;0.36;280.84;9.81;991;81;3867.00;84
10170;80;626064744;10170;303;11162;11247;6.04;0.37;280.80;9.81;992;81;3868.00;85
10172;80;626064755;10172;292;11163;11247;6.09;0.37;280.77;9.81;991;81;3869.00;84
10172;80;626064768;10172;291;11168;11253;6.15;0.37;280.77;9.83;996;81;3870.00;85
10174;80;626064780;10174;293;11170;11253;6.25;0.38;280.77;9.83;996;81;3871.00;83
10174;80;626064792;10174;288;11171;11253;6.32;0.38;280.77;9.83;997;81;3872.00;82
10177;80;626064803;10177;283;11172;11253;6.37;0.38;280.76;9.84;995;81;3873.00;81
10179;80;626064815;10179;282;11176;11257;6.47;0.39;280.78;9.85;997;81;3874.00;81
10180;80;626064828;10180;280;11178;11257;6.57;0.40;280.86;9.86;998;81;3875.00;79
10181;80;626064840;10181;277;11180;11257;6.59;0.40;280.85;9.87;999;81;3876.00;77
10181;80;626064862;10181;277;11181;11257;6.60;0.40;280.85;9.88;1000;81;3877.00;76
10182;80;626064879;10182;275;11182;11258;6.62;0.40;280.84;9.89;1000;81;3878.00;76
10182;80;626064891;10182;274;11184;11259;6.63;0.40;280.84;9.90;1002;81;3879.00;75
10183;80;626064904;10183;271;11185;11259;6.59;0.40;280.83;9.91;1002;81;3880.00;74
10183;80;626064920;10183;270;11187;11260;6.55;0.40;280.83;9.91;1004;81;3881.00;73
10186;80;626064938;10186;270;11188;11260;6.41;0.39;280.83;9.92;1002;81;3882.00;72
10186;80;626064956;10186;272;11189;11260;6.40;0.39;280.83;9.93;1003;81;3883.00;71
10187;80;626064978;10187;274;11189;11260;6.38;0.39;280.82;9.93;1002;81;3884.00;71
10188;80;626064995;10188;275;11191;11260;6.38;0.39;280.81;9.94;1003;81;3885.00;69
10188;80;626065012;10188;277;11191;11260;6.38;0.39;280.81;9.94;1003;81;3886.00;69
10190;80;626065029;10190;277;11191;11260;6.37;0.39;280.79;9.94;1001;81;3887.00;69
10191;80;626065048;10191;300;11257;11387;6.57;0.41;280.78;9.90;1066;81;3888.00;130
10193;80;626065072;10193;291;11263;11388;6.59;0.41;280.76;9.89;1070;81;3889.00;125
10194;80;626065086;10194;282;11271;11388;6.64;0.41;280.74;9.89;1077;81;3890.00;117
10195;80;626065100;10195;282;11280;11388;6.65;0.41;280.75;9.89;1085;81;3891.00;108
10199;80;626065113;10199;269;11286;11388;6.65;0.41;280.74;9.89;1087;81;3892.00;102
10199;80;626065126;10199;267;11291;11388;6.67;0.41;280.74;9.90;1092;81;3893.00;97
10202;80;626065140;10202;271;11295;11388;6.66;0.41;280.69;9.90;1093;81;3894.00;93
10204;80;626065159;10204;271;11300;11388;6.68;0.41;280.77;9.91;1096;81;3895.00;88
10204;80;626065173;10204;283;11304;11389;6.78;0.42;280.77;9.91;1100;81;3896.00;85
10211;80;626065186;10211;285;11306;11390;6.82;0.42;280.80;9.91;1095;81;3897.00;84
10212;80;626065201;10212;287;11309;11390;6.94;0.43;280.78;9.92;1097;81;3898.00;81
10214;80;626065215;10214;295;11309;11391;6.97;0.43;280.85;9.92;1095;81;3899.00;82
10217;80;626065231;10217;303;11315;11406;6.94;0.43;280.88;9.92;1098;81;3900.00;91
10220;80;626065252;10220;301;11319;11406;6.89;0.42;280.92;9.96;1099;81;3901.00;87
10222;80;626065266;10222;306;11321;11406;6.84;0.42;280.91;9.96;1099;81;3902.00;85
10225;80;626065280;10225;312;11326;11410;6.72;0.41;280.96;9.99;1101;81;3903.00;84
10230;80;626065294;10230;316;11328;11410;6.63;0.41;281.03;9.99;1098;81;3904.00;82
10235;80;626065308;10235;324;11329;11410;6.54;0.40;281.10;9.99;1094;81;3905.00;81
10239;80;626065322;10239;326;11335;11413;6.46;0.40;281.14;10.01;1096;81;3906.00;78
10244;80;626065336;10244;326;11336;11413;6.34;0.39;281.22;10.01;1092;81;3907.00;77
10246;80;626065350;10246;342;11338;11413;6.28;0.39;281.23;10.01;1092;81;3908.00;75
10253;80;626065363;10253;349;11342;11417;6.22;0.38;281.33;10.02;1089;81;3909.00;75
10256;80;626065377;10256;337;11344;11418;6.22;0.38;281.37;10.02;1088;81;3910.00;74
10260;80;626065392;10260;334;11344;11418;6.17;0.38;281.40;10.02;1084;81;3911.00;74
10264;80;626065405;10264;334;11349;11422;6.15;0.38;281.47;10.02;1085;81;3912.00;73
10268;80;626065424;10268;336;11349;11422;6.11;0.37;281.56;10.02;1081;81;3913.00;73
10272;80;626065438;10272;339;11351;11422;6.11;0.37;281.58;10.03;1079;81;3914.00;71
10276;80;626065453;10276;341;11353;11424;6.12;0.37;281.66;10.03;1077;81;3915.00;71
10279;80;626065467;10279;349;11354;11424;6.11;0.37;281.68;10.04;1075;81;3916.00;70
10284;80;626065482;10284;342;11360;11430;6.05;0.37;281.80;10.05;1076;81;3917.00;70
10287;80;626065498;10287;333;11361;11430;6.03;0.37;281.87;10.06;1074;81;3918.00;69
10288;80;626065513;10288;337;11362;11431;6.05;0.37;281.89;10.06;1074;81;3919.00;69
10294;80;626065530;10294;332;11362;11431;5.99;0.37;281.97;10.06;1068;81;3920.00;69
10297;80;626065544;10297;338;11362;11431;6.05;0.37;281.99;10.06;1065;81;3921.00;69
10301;80;626065559;10301;336;11363;11431;6.06;0.37;282.02;10.06;1062;81;3922.00;68
10306;80;626065589;10306;335;11363;11431;6.03;0.37;282.08;10.06;1057;81;3923.00;68
10308;80;626065604;10308;338;11373;11443;6.15;0.37;282.11;10.05;1065;81;3924.00;70
10312;80;626065620;10312;339;11373;11443;6.24;0.38;282.24;10.05;1061;81;3925.00;70
10313;80;626065634;10313;336;11373;11443;6.32;0.39;282.25;10.05;1060;81;3926.00;70
10316;80;626065647;10316;332;11373;11443;6.35;0.39;282.32;10.05;1057;81;3927.00;70
10319;80;626065664;10319;333;11375;11443;6.40;0.39;282.38;10.05;1056;81;3928.00;68
10323;80;626065678;10323;333;11375;11443;6.43;0.39;282.37;10.05;1052;81;3929.00;68
10329;80;626065694;10329;332;11379;11447;6.49;0.40;282.39;10.05;1050;81;3930.00;68
10333;80;626065709;10333;328;11379;11447;6.52;0.40;282.43;10.05;1046;81;3931.00;68
10337;80;626065723;10337;328;11382;11451;6.57;0.40;282.50;10.05;1045;81;3932.00;69
10342;80;626065739;10342;327;11383;11452;6.60;0.40;282.52;10.05;1041;81;3933.00;69
10345;80;626065753;10345;326;11385;11452;6.66;0.41;282.55;10.05;1040;81;3934.00;67
10349;80;626065767;10349;325;11386;11452;6.69;0.41;282.57;10.11;1037;81;3935.00;66
10354;80;626065780;10354;327;11397;11465;6.68;0.41;282.56;10.11;1043;81;3936.00;68
10357;80;626065795;10357;324;11398;11465;6.70;0.41;282.54;10.11;1041;81;3937.00;67
10360;80;626065808;10360;325;11399;11465;6.72;0.41;282.60;10.11;1039;81;3938.00;66
10363;80;626065823;10363;325;11400;11466;6.73;0.41;282.60;10.11;1037;81;3939.00;66
10365;80;626065844;10365;330;11400;11467;6.72;0.41;282.63;10.11;1035;81;3940.00;67
10370;80;626065857;10370;328;11401;11467;6.78;0.41;282.65;10.11;1031;81;3941.00;66
10374;80;626065872;10374;327;11405;11470;6.84;0.42;282.61;10.10;1031;81;3942.00;65
10377;80;626065886;10377;334;11405;11470;6.82;0.42;282.69;10.10;1028;81;3943.00;65
10382;80;626065900;10382;334;11406;11470;6.82;0.42;282.69;10.10;1024;81;3944.00;64
10384;80;626065917;10384;332;11406;11470;6.80;0.42;282.67;10.10;1022;81;3945.00;64
10389;80;626065935;10389;330;11410;11476;6.80;0.42;282.76;10.10;1021;81;3946.00;66
10393;80;626065950;10393;329;11412;11476;6.79;0.42;282.78;10.16;1019;81;3947.00;64
10401;80;626065965;10401;328;11412;11476;6.78;0.41;282.87;10.16;1011;81;3948.00;64
10406;80;626065979;10406;330;11412;11476;6.68;0.41;282.94;10.16;1006;81;3949.00;64
10409;80;626065992;10409;340;11415;11480;6.70;0.41;282.98;10.16;1006;81;3950.00;65
10412;80;626066005;10412;338;11417;11481;6.72;0.41;283.00;10.22;1005;81;3951.00;64
10417;80;626066019;10417;344;11417;11481;6.67;0.41;283.08;10.22;1000;81;3952.00;64
10420;80;626066033;10420;345;11418;11482;6.63;0.40;283.21;10.22;998;81;3953.00;64
10423;80;626066046;10423;348;11418;11482;6.57;0.40;283.23;10.22;995;81;3954.00;64
10427;80;626066059;10427;356;11418;11482;6.53;0.40;283.31;10.22;991;81;3955.00;64
10432;80;626066072;10432;360;11418;11482;6.48;0.39;283.39;10.22;986;81;3956.00;64
10435;80;626066085;10435;350;11419;11482;6.41;0.39;283.41;10.28;984;81;3957.00;63
10437;80;626066098;10437;338;11419;11482;6.32;0.38;283.47;10.28;982;81;3958.00;63
10437;80;626066111;10437;338;11419;11482;6.25;0.38;283.47;10.28;982;81;3959.00;63
10441;80;626066125;10441;357;11491;11607;6.36;0.39;283.51;10.22;1050;81;3960.00;116
10444;80;626066147;10444;347;11493;11608;6.43;0.40;283.61;10.21;1049;81;3961.00;115
10444;80;626066161;10444;331;11498;11608;6.57;0.41;283.61;10.21;1054;81;3962.00;110
10449;80;626066175;10449;333;11502;11608;6.65;0.41;283.63;10.21;1053;81;3963.00;106
10452;80;626066189;10452;333;11507;11608;6.75;0.42;283.63;10.21;1055;81;3964.00;101
10456;80;626066208;10456;337;11511;11608;6.80;0.42;283.66;10.20;1055;81;3965.00;97
10462;80;626066221;10462;326;11515;11608;6.87;0.42;283.66;10.26;1053;81;3966.00;93
10463;80;626066235;10463;313;11516;11608;6.95;0.43;283.65;10.26;1053;81;3967.00;92
10468;80;626066249;10468;302;11521;11609;6.98;0.43;283.71;10.26;1053;81;3968.00;88
10472;80;626066264;10472;299;11524;11610;7.00;0.43;283.71;10.26;1052;81;3969.00;86
10473;80;626066278;10473;291;11525;11610;7.00;0.43;283.75;10.26;1052;81;3970.00;85
10476;80;626066292;10476;282;11527;11614;6.97;0.43;283.80;10.26;1051;81;3971.00;87
10477;80;626066306;10477;284;11528;11614;6.94;0.43;283.83;10.26;1051;81;3972.00;86
10485;80;626066320;10485;282;11529;11614;6.88;0.42;283.80;10.26;1044;81;3973.00;85
10487;80;626066334;10487;283;11530;11614;6.88;0.42;283.81;10.26;1043;81;3974.00;84
10488;80;626066348;10488;295;11535;11620;6.89;0.42;283.83;10.26;1047;81;3975.00;85
10491;80;626066368;10491;293;11535;11620;6.89;0.42;283.89;10.26;1044;81;3976.00;85
10493;80;626066382;10493;287;11535;11620;6.94;0.42;283.99;10.26;1042;81;3977.00;85
10494;80;626066397;10494;282;11538;11623;7.05;0.43;284.00;10.25;1044;81;3978.00;85
10498;80;626066411;10498;283;11538;11623;7.11;0.43;284.11;10.25;1040;81;3979.00;85
10499;80;626066424;10499;282;11538;11623;7.22;0.44;284.10;10.25;1039;81;3980.00;85
10502;80;626066438;10502;278;11538;11624;7.28;0.44;284.10;10.25;1036;81;3981.00;86
10506;80;626066451;10506;280;11539;11625;7.30;0.45;284.14;10.25;1033;81;3982.00;86
10508;80;626066471;10508;280;11539;11625;7.31;0.45;284.12;10.25;1031;81;3983.00;86
10511;80;626066484;10511;284;11549;11638;7.31;0.45;284.12;10.24;1038;81;3984.00;89
10514;80;626066499;10514;290;11549;11638;7.28;0.44;284.12;10.24;1035;81;3985.00;89
10518;80;626066512;10518;295;11549;11638;7.21;0.44;284.09;10.24;1031;81;3986.00;89
10520;80;626066525;10520;295;11550;11639;7.24;0.44;284.11;10.24;1030;81;3987.00;89
10523;80;626066551;10523;305;11550;11639;7.19;0.44;284.08;10.24;1027;81;3988.00;89
10525;80;626066564;10525;307;11553;11643;7.14;0.44;284.08;10.24;1028;82;3989.00;90
10527;80;626066583;10527;312;11554;11643;7.05;0.43;284.10;10.24;1027;82;3990.00;89
10530;80;626066596;10530;309;11557;11647;6.96;0.43;284.12;10.24;1027;82;3991.00;90
10533;80;626066614;10533;310;11557;11647;6.89;0.42;284.17;10.24;1024;82;3992.00;90
10536;80;626066626;10536;319;11557;11647;6.79;0.42;284.20;10.24;1021;82;3993.00;90
10538;80;626066639;10538;320;11557;11647;6.75;0.41;284.18;10.24;1019;82;3994.00;90
10539;80;626066653;10539;322;11557;11647;6.71;0.41;284.21;10.24;1018;82;3995.00;90
10541;80;626066665;10541;324;11566;11659;6.64;0.41;284.18;10.23;1025;82;3996.00;93
10542;80;626066678;10542;319;11567;11659;6.61;0.41;284.16;10.23;1025;82;3997.00;92
10546;80;626066691;10546;325;11568;11659;6.52;0.40;284.10;10.23;1022;82;3998.00;91
10548;80;626066702;10548;327;11568;11659;6.44;0.40;284.11;10.23;1020;82;3999.00;91
10551;80;626066715;10551;322;11568;11659;6.36;0.39;284.12;10.23;1017;82;4000.00;91
10553;80;626066730;10553;322;11568;11659;6.34;0.39;284.10;10.23;1015;82;4001.00;91
10558;80;626066742;10558;314;11568;11660;6.26;0.39;284.04;10.23;1010;82;4002.00;92
10562;80;626066753;10562;310;11568;11660;6.19;0.38;284.11;10.23;1006;82;4003.00;92
10564;80;626066765;10564;308;11572;11666;6.14;0.38;284.08;10.22;1008;82;4004.00;94
10565;80;626066777;10565;306;11575;11668;6.16;0.38;284.08;10.22;1010;82;4005.00;93
10568;80;626066789;10568;305;11576;11668;6.13;0.38;284.03;10.29;1008;82;4006.00;92
10572;80;626066800;10572;304;11576;11668;6.07;0.37;284.04;10.29;1004;82;4007.00;92
10574;80;626066811;10574;308;11579;11672;6.06;0.37;284.06;10.28;1005;82;4008.00;93
10577;80;626066823;10577;296;11579;11672;6.02;0.37;284.10;10.28;1002;82;4009.00;93
10578;80;626066833;10578;301;11579;11672;5.99;0.37;284.13;10.28;1001;82;4010.00;93
10580;80;626066844;10580;303;11580;11673;5.97;0.37;284.12;10.28;1000;82;4011.00;93
10583;80;626066854;10583;297;11583;11677;5.92;0.36;284.16;10.28;1000;82;4012.00;94
10586;80;626066865;10586;295;11583;11677;5.90;0.36;284.14;10.28;997;82;4013.00;94
10590;80;626066876;10590;289;11585;11680;5.86;0.36;284.17;10.28;995;82;4014.00;95
10593;80;626066887;10593;286;11587;11680;5.85;0.36;284.15;10.29;994;82;4015.00;93
10595;80;626066899;10595;288;11587;11680;5.85;0.36;284.14;10.29;992;82;4016.00;93
10597;80;626066910;10597;292;11587;11680;5.87;0.36;284.15;10.29;990;82;4017.00;93
10599;80;626066926;10599;291;11591;11684;5.91;0.36;284.18;10.36;992;82;4018.00;93
10601;80;626066947;10601;279;11591;11684;5.94;0.36;284.15;10.36;990;82;4019.00;93
10603;80;626066968;10603;269;11592;11684;5.98;0.36;284.11;10.36;989;82;4020.00;92
10605;80;626066987;10605;258;11593;11684;5.98;0.36;284.10;10.42;988;82;4021.00;91
10608;80;626067003;10608;249;11593;11685;6.01;0.37;284.12;10.42;985;82;4022.00;92
10608;80;626067020;10608;238;11595;11686;6.08;0.37;284.12;10.48;987;82;4023.00;91
10608;80;626067035;10608;232;11595;11686;6.11;0.37;284.12;10.48;987;82;4024.00;91
10609;80;626067048;10609;232;11596;11687;6.18;0.38;284.21;10.48;987;82;4025.00;91
10614;80;626067061;10614;232;11597;11687;6.17;0.37;284.17;10.54;983;82;4026.00;90
10615;80;626067074;10615;229;11597;11687;6.22;0.38;284.15;10.54;982;82;4027.00;90
10616;80;626067087;10616;233;11598;11687;6.29;0.38;284.16;10.54;982;82;4028.00;89
10617;80;626067106;10617;233;11599;11687;6.33;0.38;284.16;10.60;982;82;4029.00;88
10619;80;626067120;10619;222;11599;11687;6.36;0.38;284.18;10.60;980;82;4030.00;88
10620;80;626067132;10620;217;11599;11687;6.40;0.39;284.17;10.60;979;82;4031.00;88
10622;80;626067144;10622;237;11662;11814;6.69;0.41;284.15;10.54;1040;82;4032.00;152
10622;80;626067168;10622;231;11665;11815;6.74;0.41;284.15;10.54;1043;82;4033.00;150
10626;80;626067181;10626;228;11675;11815;6.90;0.42;284.15;10.53;1049;82;4034.00;140
10627;80;626067194;10627;231;11680;11815;6.93;0.42;284.13;10.53;1053;82;4035.00;135
10629;80;626067207;10629;233;11688;11815;7.01;0.43;284.10;10.54;1059;82;4036.00;127
10629;80;626067220;10629;233;11694;11815;7.03;0.43;284.10;10.53;1065;82;4037.00;121
10629;80;626067234;10629;238;11699;11815;7.08;0.43;284.10;10.53;1070;82;4038.00;116
10631;80;626067257;10631;238;11701;11815;7.13;0.44;284.09;10.53;1070;82;4039.00;114
10635;80;626067270;10635;239;11707;11816;7.17;0.44;284.06;10.55;1072;82;4040.00;109
10636;80;626067284;10636;242;11711;11817;7.22;0.44;284.07;10.56;1075;82;4041.00;106
10640;80;626067297;10640;244;11713;11817;7.25;0.44;284.12;10.56;1073;82;4042.00;104
10642;80;626067311;10642;240;11716;11818;7.27;0.44;284.16;10.58;1074;82;4043.00;102
10643;80;626067325;10643;241;11718;11818;7.24;0.44;284.18;10.58;1075;82;4044.00;100
10644;80;626067339;10644;248;11719;11818;7.24;0.44;284.17;10.58;1075;82;4045.00;99
10645;80;626067354;10645;255;11723;11818;7.26;0.44;284.24;10.60;1078;82;4046.00;95
10646;80;626067367;10646;262;11727;11822;7.25;0.44;284.27;10.62;1081;82;4047.00;95
10648;80;626067381;10648;264;11729;11822;7.24;0.44;284.29;10.62;1081;82;4048.00;93
10651;80;626067396;10651;268;11731;11822;7.19;0.44;284.32;10.64;1080;82;4049.00;91
10653;80;626067411;10653;275;11735;11828;7.18;0.44;284.42;10.63;1082;82;4050.00;93
10655;80;626067426;10655;283;11736;11828;7.13;0.43;284.50;10.64;1081;82;4051.00;92
10658;80;626067439;10658;287;11738;11828;7.08;0.43;284.50;10.65;1080;82;4052.00;90
10659;80;626067454;10659;289;11741;11832;7.03;0.43;284.54;10.65;1082;82;4053.00;91
10661;80;626067468;10661;293;11744;11833;6.98;0.43;284.54;10.66;1083;82;4054.00;89
10663;80;626067482;10663;302;11747;11833;6.92;0.42;284.61;10.68;1084;82;4055.00;86
10664;80;626067496;10664;315;11750;11837;6.87;0.42;284.62;10.67;1086;82;4056.00;87
10666;80;626067509;10666;321;11753;11837;6.79;0.42;284.63;10.69;1087;82;4057.00;84
10667;80;626067522;10667;328;11754;11837;6.71;0.41;284.67;10.69;1087;82;4058.00;83
10669;80;626067535;10669;332;11757;11838;6.63;0.41;284.69;10.72;1088;82;4059.00;81
10672;80;626067550;10672;327;11757;11838;6.56;0.40;284.71;10.72;1085;82;4060.00;81
10673;80;626067564;10673;324;11763;11844;6.56;0.40;284.72;10.74;1090;82;4061.00;81
10675;80;626067578;10675;328;11763;11844;6.46;0.40;284.78;10.74;1088;82;4062.00;81
10678;80;626067592;10678;330;11765;11845;6.40;0.39;284.83;10.74;1087;82;4063.00;80
10680;80;626067606;10680;330;11766;11845;6.41;0.39;284.80;10.76;1086;82;4064.00;79
10683;80;626067619;10683;321;11766;11845;6.40;0.39;284.85;10.76;1083;82;4065.00;79
10687;80;626067632;10687;324;11768;11845;6.38;0.39;284.85;10.78;1081;82;4066.00;77
10688;80;626067646;10688;318;11768;11845;6.38;0.39;284.88;10.78;1080;82;4067.00;77
10692;80;626067659;10692;309;11778;11857;6.45;0.39;285.02;10.77;1086;82;4068.00;79
10692;80;626067672;10692;308;11778;11857;6.46;0.40;285.02;10.77;1086;82;4069.00;79
10695;80;626067686;10695;312;11781;11857;6.42;0.39;285.08;10.79;1086;82;4070.00;76
10698;80;626067698;10698;310;11781;11857;6.34;0.39;285.12;10.79;1083;82;4071.00;76
10702;80;626067711;10702;314;11783;11857;6.27;0.38;285.24;10.81;1081;82;4072.00;74
10707;80;626067725;10707;309;11783;11857;6.18;0.38;285.30;10.81;1076;82;4073.00;74
10711;80;626067738;10711;314;11786;11861;6.13;0.38;285.40;10.81;1075;82;4074.00;75
10716;80;626067750;10716;312;11788;11861;6.08;0.37;285.45;10.83;1072;82;4075.00;73
10721;80;626067763;10721;311;11791;11865;6.09;0.37;285.47;10.82;1070;82;4076.00;74
10724;80;626067776;10724;315;11792;11866;6.04;0.37;285.54;10.82;1068;82;4077.00;74
10730;80;626067789;10730;325;11793;11866;5.95;0.36;285.66;10.82;1063;82;4078.00;73
10734;80;626067801;10734;326;11793;11866;5.88;0.36;285.70;10.82;1059;82;4079.00;73
10741;80;626067815;10741;328;11815;11895;5.79;0.36;285.83;10.84;1074;82;4080.00;80
10744;80;626067830;10744;325;11815;11895;5.79;0.36;285.88;10.84;1071;82;4081.00;80
10749;80;626067843;10749;327;11820;11895;5.82;0.36;285.97;10.85;1071;82;4082.00;75
10756;80;626067855;10756;328;11823;11896;5.83;0.36;286.00;10.85;1067;82;4083.00;73
10761;80;626067868;10761;330;11825;11897;5.84;0.36;286.02;10.84;1064;82;4084.00;72
10768;80;626067881;10768;327;11827;11897;5.82;0.35;286.03;10.86;1059;82;4085.00;70
10773;80;626067894;10773;330;11830;11900;5.86;0.36;286.12;10.85;1057;82;4086.00;70
10775;80;626067907;10775;322;11832;11900;5.90;0.36;286.09;10.86;1057;82;4087.00;68
10781;80;626067922;10781;319;11832;11900;5.93;0.36;286.05;10.86;1051;82;4088.00;68
10784;80;626067936;10784;316;11832;11900;5.98;0.36;286.07;10.86;1048;82;4089.00;68
10787;80;626067949;10787;318;11839;11906;6.10;0.37;286.14;10.87;1052;82;4090.00;67
10793;80;626067963;10793;315;11839;11906;6.13;0.37;286.18;10.87;1046;82;4091.00;67
10796;80;626067977;10796;317;11839;11906;6.19;0.38;286.20;10.87;1043;82;4092.00;67
10800;80;626067988;10800;306;11839;11906;6.24;0.38;286.28;10.87;1039;82;4093.00;67
10804;80;626068001;10804;313;11842;11910;6.29;0.38;286.37;10.87;1038;82;4094.00;68
10808;80;626068014;10808;306;11844;11912;6.38;0.39;286.39;10.86;1036;82;4095.00;68
10812;80;626068027;10812;316;11844;11912;6.45;0.39;286.38;10.86;1032;82;4096.00;68
10815;80;626068040;10815;315;11845;11913;6.59;0.40;286.49;10.86;1030;82;4097.00;68
10821;80;626068053;10821;320;11845;11913;6.64;0.40;286.54;10.86;1024;82;4098.00;68
10825;80;626068065;10825;321;11845;11913;6.71;0.41;286.60;10.86;1020;82;4099.00;68
10829;80;626068078;10829;323;11845;11913;6.76;0.41;286.64;10.86;1016;82;4100.00;68
10833;80;626068094;10833;325;11845;11913;6.83;0.42;286.62;10.86;1012;82;4101.00;68
10837;80;626068107;10837;328;11845;11913;6.86;0.42;286.66;10.86;1008;82;4102.00;68
10842;80;626068125;10842;322;11845;11913;6.89;0.42;286.66;10.86;1003;82;4103.00;68
10845;80;626068138;10845;324;11886;11983;6.89;0.42;286.67;10.83;1041;82;4104.00;97
10849;80;626068156;10849;320;11886;11984;6.93;0.42;286.68;10.83;1037;82;4105.00;98
10852;80;626068170;10852;306;11891;11984;7.04;0.43;286.78;10.82;1039;82;4106.00;93
10857;80;626068183;10857;308;11891;11984;7.06;0.43;286.88;10.82;1034;82;4107.00;93
10858;80;626068196;10858;314;11897;11984;7.16;0.44;286.88;10.82;1039;82;4108.00;87
10867;80;626068213;10867;316;11898;11984;7.17;0.44;286.99;10.82;1031;82;4109.00;86
10871;80;626068228;10871;321;11902;11984;7.21;0.44;287.00;10.82;1031;82;4110.00;82
10876;80;626068241;10876;328;11903;11984;7.19;0.44;287.04;10.82;1027;82;4111.00;81
10879;80;626068259;10879;332;11906;11985;7.20;0.44;287.11;10.82;1027;82;4112.00;79
10887;80;626068272;10887;329;11908;11986;7.11;0.43;287.16;10.81;1021;82;4113.00;78
10890;80;626068285;10890;335;11910;11986;7.07;0.43;287.20;10.81;1020;82;4114.00;76
10894;80;626068298;10894;335;11912;11990;7.06;0.43;287.21;10.81;1018;82;4115.00;78
10899;80;626068312;10899;349;11912;11990;7.05;0.43;287.21;10.81;1013;82;4116.00;78
10904;80;626068324;10904;351;11912;11990;7.05;0.43;287.27;10.81;1008;82;4117.00;78
10910;80;626068338;10910;351;11912;11990;7.02;0.43;287.38;10.81;1002;82;4118.00;78
10911;80;626068350;10911;353;11916;11996;7.07;0.43;287.41;10.81;1005;82;4119.00;80
10912;80;626068363;10912;357;11918;11996;7.04;0.43;287.41;10.81;1006;82;4120.00;78
10915;80;626068376;10915;360;11919;11996;6.99;0.43;287.42;10.81;1004;82;4121.00;77
10918;80;626068389;10918;368;11922;11999;7.01;0.43;287.44;10.87;1004;82;4122.00;77
10924;80;626068403;10924;371;11923;11999;6.97;0.43;287.49;10.87;999;82;4123.00;76
10929;80;626068416;10929;375;11925;11999;6.86;0.42;287.49;10.87;996;82;4124.00;74
10933;80;626068429;10933;380;11925;12000;6.75;0.41;287.51;10.87;992;82;4125.00;75
10937;80;626068442;10937;387;11926;12001;6.66;0.41;287.50;10.87;989;82;4126.00;75
10940;80;626068455;10940;378;11926;12001;6.55;0.40;287.52;10.87;986;82;4127.00;75
10942;80;626068467;10942;377;11937;12014;6.61;0.40;287.52;10.86;995;82;4128.00;77
10947;80;626068481;10947;374;11937;12014;6.58;0.40;287.56;10.86;990;82;4129.00;77
10948;80;626068494;10948;373;11937;12014;6.59;0.40;287.56;10.86;989;82;4130.00;77
10951;80;626068506;10951;371;11938;12015;6.61;0.40;287.55;10.86;987;82;4131.00;77
10955;80;626068519;10955;375;11938;12015;6.58;0.40;287.51;10.86;983;82;4132.00;77
10958;80;626068532;10958;371;11941;12019;6.66;0.41;287.56;10.86;983;82;4133.00;78
10961;80;626068544;10961;381;11941;12019;6.70;0.41;287.59;10.86;980;82;4134.00;78
10962;80;626068557;10962;385;11945;12023;6.76;0.41;287.58;10.85;983;82;4135.00;78
10965;80;626068570;10965;382;11945;12023;6.75;0.41;287.60;10.85;980;82;4136.00;78
10966;80;626068582;10966;377;11946;12023;6.76;0.41;287.59;10.91;980;82;4137.00;77
10971;80;626068595;10971;366;11946;12023;6.71;0.41;287.56;10.91;975;82;4138.00;77
10972;80;626068608;10972;355;11946;12023;6.71;0.41;287.55;10.91;974;82;4139.00;77
10974;80;626068622;10974;358;11969;12057;6.71;0.41;287.54;10.89;995;82;4140.00;88
10975;80;626068642;10975;350;11971;12057;6.71;0.41;287.52;10.95;996;82;4141.00;86
10978;80;626068656;10978;350;11973;12057;6.72;0.41;287.55;10.95;995;82;4142.00;84
10980;80;626068668;10980;351;11974;12057;6.74;0.41;287.58;11.01;994;82;4143.00;83
10983;80;626068681;10983;350;11975;12057;6.73;0.41;287.59;11.01;992;82;4144.00;82
10986;80;626068698;10986;354;11976;12057;6.74;0.41;287.56;11.07;990;82;4145.00;81
10987;80;626068711;10987;356;11977;12058;6.75;0.41;287.54;11.07;990;82;4146.00;81
10989;80;626068723;10989;356;11977;12058;6.74;0.41;287.51;11.07;988;82;4147.00;81
10989;80;626068735;10989;347;11982;12064;6.75;0.41;287.51;11.12;993;82;4148.00;82
10990;80;626068748;10990;345;11983;12065;6.76;0.41;287.49;11.12;993;82;4149.00;82
10992;80;626068766;10992;343;11984;12065;6.74;0.41;287.49;11.12;992;82;4150.00;81
10995;80;626068778;10995;341;11984;12065;6.75;0.41;287.47;11.12;989;82;4151.00;81
10996;80;626068790;10996;337;11988;12069;6.78;0.42;287.45;11.11;992;82;4152.00;81
11000;80;626068806;11000;339;11988;12069;6.76;0.41;287.42;11.11;988;82;4153.00;81
11000;80;626068818;11000;335;11988;12069;6.72;0.41;287.42;11.11;988;82;4154.00;81
11005;80;626068829;11005;336;11990;12070;6.66;0.41;287.37;11.17;985;82;4155.00;80
11008;80;626068842;11008;330;11993;12074;6.63;0.41;287.43;11.16;985;82;4156.00;81
11012;80;626068854;11012;335;11993;12074;6.54;0.40;287.38;11.16;981;82;4157.00;81
11014;80;626068866;11014;340;11995;12077;6.51;0.40;287.36;11.16;981;82;4158.00;82
11015;80;626068878;11015;345;11996;12077;6.43;0.39;287.36;11.21;981;82;4159.00;81
11017;80;626068890;11017;351;11997;12077;6.41;0.39;287.35;11.21;980;82;4160.00;80
11019;80;626068901;11019;352;11997;12077;6.37;0.39;287.34;11.21;978;82;4161.00;80
11020;80;626068919;11020;351;12000;12081;6.30;0.39;287.32;11.20;980;82;4162.00;81
11021;80;626068940;11021;348;12000;12081;6.24;0.38;287.32;11.20;979;82;4163.00;81
11024;80;626068957;11024;353;12002;12081;6.16;0.38;287.36;11.25;978;82;4164.00;79
11025;80;626068977;11025;356;12002;12081;6.13;0.38;287.36;11.25;977;82;4165.00;79
11028;80;626068992;11028;352;12002;12082;6.05;0.37;287.34;11.25;974;82;4166.00;80
11028;80;626069009;11028;359;12003;12083;5.98;0.37;287.34;11.25;975;82;4167.00;80
11031;80;626069025;11031;363;12003;12083;5.91;0.36;287.36;11.25;972;82;4168.00;80
11032;80;626069041;11032;366;12004;12084;5.87;0.36;287.35;11.25;972;82;4169.00;80
11034;80;626069055;11034;368;12005;12084;5.75;0.35;287.34;11.29;971;82;4170.00;79
11036;80;626069068;11036;355;12005;12084;5.72;0.35;287.34;11.29;969;82;4171.00;79
11038;80;626069080;11038;340;12005;12084;5.69;0.35;287.36;11.29;967;82;4172.00;79
11039;80;626069092;11039;332;12007;12086;5.68;0.35;287.36;11.29;968;82;4173.00;79
11041;80;626069105;11041;320;12007;12086;5.71;0.35;287.38;11.29;966;82;4174.00;79
11043;80;626069117;11043;304;12007;12086;5.76;0.35;287.36;11.29;964;82;4175.00;79
11044;80;626069129;11044;320;12076;12213;5.91;0.37;287.35;11.27;1032;82;4176.00;137
11044;80;626069152;11044;304;12077;12214;6.01;0.37;287.35;11.27;1033;82;4177.00;137
11047;80;626069171;11047;288;12083;12214;6.13;0.38;287.45;11.27;1036;82;4178.00;131
11048;80;626069183;11048;282;12085;12214;6.23;0.39;287.45;11.27;1037;82;4179.00;129
11051;80;626069195;11051;265;12088;12214;6.31;0.39;287.45;11.27;1037;82;4180.00;126
11051;80;626069207;11051;261;12091;12214;6.35;0.39;287.45;11.26;1040;82;4181.00;123
11055;80;626069219;11055;252;12094;12214;6.38;0.39;287.42;11.26;1039;82;4182.00;120
11056;80;626069239;11056;245;12097;12214;6.46;0.40;287.40;11.26;1041;82;4183.00;117
11060;80;626069251;11060;240;12102;12215;6.53;0.40;287.45;11.26;1042;82;4184.00;113
11062;80;626069264;11062;242;12106;12217;6.59;0.40;287.42;11.28;1044;82;4185.00;111
11066;80;626069278;11066;240;12112;12217;6.70;0.41;287.39;11.33;1046;82;4186.00;105
11069;80;626069291;11069;243;12113;12218;6.75;0.41;287.40;11.33;1044;82;4187.00;105
11069;80;626069304;11069;238;12116;12218;6.82;0.42;287.40;11.33;1047;82;4188.00;102
11071;80;626069317;11071;228;12119;12218;6.85;0.42;287.38;11.33;1048;82;4189.00;99
11072;80;626069330;11072;225;12119;12218;6.90;0.42;287.39;11.33;1047;82;4190.00;99
11073;80;626069344;11073;223;12124;12222;6.98;0.43;287.38;11.33;1051;82;4191.00;98
11077;80;626069357;11077;226;12126;12222;6.96;0.43;287.39;11.38;1049;82;4192.00;96
11078;80;626069370;11078;214;12129;12222;7.03;0.43;287.37;11.38;1051;82;4193.00;93
11081;80;626069384;11081;215;12132;12225;7.09;0.43;287.44;11.38;1051;82;4194.00;93
11084;80;626069403;11084;217;12133;12225;7.10;0.43;287.42;11.42;1049;82;4195.00;92
11089;80;626069423;11089;213;12134;12225;7.06;0.43;287.45;11.42;1045;82;4196.00;91
11092;80;626069436;11092;214;12138;12229;7.04;0.43;287.40;11.42;1046;82;4197.00;91
11096;80;626069450;11096;214;12139;12230;7.02;0.43;287.44;11.42;1043;82;4198.00;91
11101;80;626069464;11101;217;12141;12230;7.06;0.43;287.42;11.47;1040;82;4199.00;89
11102;80;626069481;11102;227;12152;12264;7.07;0.43;287.41;11.46;1050;82;4200.00;112
11106;80;626069501;11106;221;12156;12264;7.00;0.42;287.52;11.51;1050;82;4201.00;108
11106;80;626069516;11106;222;12157;12264;7.02;0.43;287.52;11.51;1051;82;4202.00;107
11108;80;626069529;11108;223;12159;12265;7.05;0.43;287.53;11.51;1051;82;4203.00;106
11109;80;626069542;11109;227;12160;12265;7.09;0.43;287.53;11.52;1051;82;4204.00;105
11110;80;626069556;11110;228;12166;12271;7.14;0.43;287.57;11.52;1056;82;4205.00;105
11112;80;626069570;11112;229;12166;12271;7.17;0.44;287.59;11.52;1054;82;4206.00;105
11115;80;626069584;11115;226;12167;12272;7.18;0.44;287.58;11.52;1052;82;4207.00;105
11117;80;626069599;11117;227;12167;12272;7.24;0.44;287.64;11.52;1050;82;4208.00;105
11119;80;626069613;11119;227;12167;12272;7.29;0.44;287.64;11.52;1048;82;4209.00;105
11120;80;626069630;11120;239;12170;12272;7.31;0.44;287.63;11.53;1050;82;4210.00;102
11123;80;626069645;11123;232;12171;12272;7.35;0.45;287.65;11.53;1048;82;4211.00;101
11125;80;626069660;11125;233;12183;12284;7.39;0.45;287.65;11.55;1058;82;4212.00;101
11127;80;626069685;11127;231;12183;12284;7.45;0.45;287.74;11.55;1056;82;4213.00;101
11129;80;626069700;11129;238;12183;12284;7.52;0.46;287.78;11.55;1054;82;4214.00;101
11132;80;626069721;11132;238;12185;12284;7.63;0.46;287.81;11.58;1053;82;4215.00;99
11135;80;626069736;11135;240;12187;12284;7.68;0.47;287.87;11.58;1052;82;4216.00;97
11139;80;626069756;11139;238;12188;12284;7.69;0.47;287.83;11.58;1049;82;4217.00;96
11141;80;626069771;11141;237;12193;12288;7.73;0.47;287.86;11.60;1052;82;4218.00;95
11146;80;626069785;11146;240;12193;12288;7.73;0.47;287.97;11.60;1047;82;4219.00;95
11146;80;626069800;11146;234;12196;12292;7.81;0.48;287.97;11.61;1050;82;4220.00;96
11152;80;626069815;11152;233;12199;12293;7.79;0.47;288.08;11.63;1047;82;4221.00;94
11154;80;626069830;11154;239;12202;12293;7.78;0.47;288.11;11.64;1048;82;4222.00;91
11154;80;626069844;11154;242;12204;12293;7.75;0.47;288.11;11.66;1050;82;4223.00;89
11162;80;626069858;11162;248;12212;12306;7.61;0.46;288.22;11.66;1050;82;4224.00;94
11164;80;626069874;11164;245;12214;12306;7.53;0.46;288.24;11.68;1050;82;4225.00;92
11166;80;626069889;11166;250;12214;12306;7.46;0.45;288.24;11.68;1048;82;4226.00;92
11169;80;626069902;11169;256;12215;12307;7.48;0.45;288.24;11.68;1046;82;4227.00;92
11172;80;626069916;11172;261;12218;12308;7.37;0.45;288.27;11.68;1046;82;4228.00;90
11172;80;626069933;11172;265;12218;12308;7.36;0.45;288.27;11.68;1046;82;4229.00;90
11176;80;626069948;11176;264;12222;12314;7.31;0.45;288.30;11.68;1046;82;4230.00;92
11179;80;626069963;11179;264;12226;12314;7.27;0.44;288.30;11.72;1047;82;4231.00;88
11180;80;626069976;11180;264;12227;12314;7.25;0.44;288.35;11.73;1047;82;4232.00;87
11184;80;626069989;11184;260;12228;12314;7.22;0.44;288.47;11.73;1044;82;4233.00;86
11184;80;626070001;11184;268;12232;12320;7.26;0.44;288.47;11.73;1048;82;4234.00;88
11186;80;626070018;11186;267;12232;12320;7.23;0.44;288.53;11.73;1046;82;4235.00;88
11188;80;626070031;11188;277;12234;12320;7.16;0.44;288.59;11.75;1046;82;4236.00;86
11190;80;626070046;11190;280;12235;12320;7.08;0.43;288.59;11.76;1045;82;4237.00;85
11193;80;626070057;11193;282;12239;12324;7.05;0.43;288.65;11.76;1046;82;4238.00;85
11195;80;626070070;11195;288;12240;12325;7.04;0.43;288.65;11.76;1045;82;4239.00;85
11202;80;626070083;11202;291;12241;12325;6.95;0.43;288.70;11.76;1039;82;4240.00;84
11203;80;626070095;11203;299;12244;12326;6.88;0.42;288.70;11.78;1041;82;4241.00;82
11210;80;626070107;11210;299;12245;12326;6.74;0.41;288.73;11.78;1035;82;4242.00;81
11215;80;626070119;11215;303;12246;12326;6.62;0.40;288.81;11.79;1031;82;4243.00;80
11223;80;626070131;11223;302;12246;12326;6.52;0.40;288.82;11.79;1023;82;4244.00;80
11225;80;626070143;11225;304;12248;12326;6.44;0.39;288.89;11.80;1023;82;4245.00;78
11230;80;626070154;11230;307;12250;12326;6.27;0.38;288.88;11.81;1020;82;4246.00;76
11235;80;626070167;11235;307;12251;12326;6.12;0.37;288.95;11.81;1016;82;4247.00;75
11238;80;626070178;11238;322;12288;12396;6.09;0.37;288.93;11.79;1050;82;4248.00;108
11243;80;626070195;11243;322;12290;12397;5.97;0.37;288.97;11.79;1047;82;4249.00;107
11248;80;626070207;11248;315;12296;12397;5.92;0.36;289.00;11.80;1048;82;4250.00;101
11254;80;626070218;11254;307;12303;12397;5.89;0.36;289.02;11.80;1049;82;4251.00;94
11257;80;626070231;11257;309;12308;12397;5.91;0.36;289.07;11.81;1051;82;4252.00;89
11259;80;626070242;11259;318;12312;12397;5.92;0.36;289.15;11.82;1053;82;4253.00;85
11264;80;626070253;11264;322;12315;12397;5.92;0.36;289.22;11.82;1051;82;4254.00;82
11267;80;626070266;11267;330;12319;12397;5.94;0.36;289.17;11.83;1052;82;4255.00;78
11271;80;626070277;11271;327;12323;12398;5.95;0.36;289.25;11.83;1052;82;4256.00;75
11273;80;626070290;11273;326;12324;12399;6.01;0.37;289.29;11.83;1051;82;4257.00;75
11277;80;626070301;11277;324;12330;12399;6.09;0.37;289.39;11.84;1053;82;4258.00;69
11283;80;626070313;11283;325;12333;12403;6.07;0.37;289.47;11.84;1050;82;4259.00;70
11285;81;626070327;11285;321;12335;12403;6.11;0.37;289.45;11.84;1050;83;4260.00;68
11288;81;626070346;11288;329;12339;12403;6.11;0.37;289.52;11.90;1051;83;4261.00;64
11292;81;626070363;11292;329;12339;12403;6.12;0.37;289.52;11.90;1047;83;4262.00;64
11295;81;626070375;11295;336;12343;12409;6.18;0.38;289.54;11.90;1048;83;4263.00;66
11299;81;626070388;11299;334;12344;12409;6.21;0.38;289.60;11.90;1045;83;4264.00;65
11303;81;626070400;11303;342;12345;12409;6.23;0.38;289.65;11.90;1042;83;4265.00;64
11306;81;626070412;11306;344;12347;12412;6.26;0.38;289.67;11.90;1041;83;4266.00;65
11313;81;626070424;11313;348;12347;12412;6.21;0.38;289.71;11.90;1034;83;4267.00;65
11315;81;626070436;11315;345;12348;12412;6.22;0.38;289.70;11.90;1033;83;4268.00;64
11321;81;626070448;11321;347;12349;12413;6.18;0.38;289.74;11.90;1028;83;4269.00;64
11327;81;626070460;11327;347;12352;12414;6.15;0.38;289.77;11.90;1025;83;4270.00;62
11331;82;626070472;11331;338;12352;12414;6.14;0.37;289.77;11.90;1021;84;4271.00;62
11337;82;626070499;11337;332;12366;12427;6.17;0.38;289.77;11.89;1029;84;4272.00;61
11342;82;626070513;11342;340;12367;12427;6.18;0.38;289.86;11.89;1025;84;4273.00;60
11346;82;626070531;11346;342;12367;12427;6.25;0.38;289.86;11.89;1021;84;4274.00;60
11351;82;626070543;11351;343;12369;12429;6.27;0.38;289.90;11.89;1018;84;4275.00;60
11355;82;626070555;11355;350;12369;12429;6.29;0.38;289.86;11.89;1014;84;4276.00;60
11360;82;626070568;11360;347;12373;12433;6.27;0.38;289.87;11.88;1013;84;4277.00;60
11365;82;626070581;11365;349;12373;12433;6.28;0.38;289.92;11.88;1008;84;4278.00;60
11366;82;626070594;11366;354;12376;12437;6.38;0.39;289.93;11.88;1010;84;4279.00;61
11372;82;626070606;11372;352;12376;12437;6.38;0.39;289.99;11.88;1004;84;4280.00;61
11375;82;626070619;11375;355;12376;12437;6.39;0.39;290.05;11.88;1001;84;4281.00;61
11380;82;626070631;11380;362;12376;12437;6.37;0.39;289.96;11.88;996;84;4282.00;61
11383;82;626070644;11383;371;12376;12437;6.32;0.38;289.98;11.88;993;84;4283.00;61
11386;82;626070657;11386;375;12387;12449;6.39;0.39;289.98;11.92;1001;84;4284.00;62
11387;82;626070670;11387;386;12387;12449;6.38;0.39;290.01;11.92;1000;84;4285.00;62
11392;82;626070683;11392;388;12388;12449;6.40;0.39;290.07;11.92;996;84;4286.00;61
11394;82;626070695;11394;386;12388;12449;6.35;0.39;290.08;11.92;994;84;4287.00;61
11394;82;626070707;11394;389;12388;12449;6.35;0.39;290.08;11.92;994;84;4288.00;61
11396;82;626070719;11396;395;12388;12449;6.35;0.39;290.17;11.92;992;84;4289.00;61
11398;82;626070733;11398;401;12388;12450;6.33;0.39;290.19;11.92;990;84;4290.00;62
11401;82;626070745;11401;406;12388;12450;6.29;0.38;290.18;11.92;987;84;4291.00;62
11406;82;626070757;11406;410;12392;12456;6.19;0.38;290.15;11.92;986;84;4292.00;64
11408;82;626070770;11408;412;12393;12457;6.13;0.37;290.15;11.92;985;84;4293.00;64
11412;82;626070782;11412;417;12394;12457;6.03;0.37;290.11;11.92;982;84;4294.00;63
11415;82;626070794;11415;420;12394;12457;5.96;0.36;290.07;11.92;979;84;4295.00;63
11418;82;626070805;11418;428;12397;12461;5.88;0.36;290.08;11.92;979;84;4296.00;64
11420;82;626070817;11420;422;12397;12461;5.84;0.36;290.12;11.92;977;84;4297.00;64
11423;82;626070829;11423;417;12397;12461;5.84;0.36;290.09;11.92;974;84;4298.00;64
11423;82;626070840;11423;410;12398;12462;5.86;0.36;290.09;11.92;975;84;4299.00;64
11427;82;626070853;11427;411;12401;12466;5.84;0.36;290.05;11.91;974;84;4300.00;65
11427;82;626070869;11427;408;12401;12466;5.86;0.36;290.05;11.91;974;84;4301.00;65
11434;82;626070882;11434;411;12403;12469;5.88;0.36;290.05;11.91;969;84;4302.00;66
11435;82;626070894;11435;409;12404;12469;5.92;0.36;290.03;11.91;969;84;4303.00;65
11438;82;626070905;11438;409;12404;12469;5.94;0.36;289.98;11.91;966;84;4304.00;65
11440;82;626070917;11440;413;12404;12469;5.93;0.36;289.97;11.91;964;84;4305.00;65
11441;82;626070934;11441;399;12407;12473;5.96;0.36;289.96;11.91;966;84;4306.00;66
11442;82;626070955;11442;386;12407;12473;5.96;0.36;289.95;11.91;965;84;4307.00;66
11444;82;626070986;11444;380;12408;12473;5.98;0.37;289.93;11.91;964;84;4308.00;65
11447;82;626071005;11447;371;12408;12473;6.01;0.37;289.89;11.91;961;84;4309.00;65
11449;82;626071024;11449;366;12408;12474;6.01;0.37;289.87;11.91;959;84;4310.00;66
11450;82;626071041;11450;366;12409;12475;6.03;0.37;289.85;11.91;959;84;4311.00;66
11453;82;626071056;11453;365;12409;12475;5.99;0.36;289.94;11.91;956;84;4312.00;66
11455;82;626071069;11455;360;12410;12476;6.00;0.36;289.95;11.90;955;84;4313.00;66
11456;82;626071083;11456;363;12410;12476;6.02;0.37;289.95;11.90;954;84;4314.00;66
11458;82;626071103;11458;365;12410;12476;6.03;0.37;289.92;11.90;952;84;4315.00;66
11460;82;626071116;11460;370;12410;12476;6.02;0.37;289.95;11.90;950;84;4316.00;66
11461;82;626071129;11461;366;12410;12476;6.02;0.37;289.96;11.90;949;84;4317.00;66
11462;82;626071142;11462;366;12410;12476;6.07;0.37;289.96;11.90;948;84;4318.00;66
11465;82;626071156;11465;363;12410;12476;6.07;0.37;289.95;11.90;945;84;4319.00;66
11466;82;626071170;11466;410;12522;12706;6.19;0.39;289.94;11.80;1056;84;4320.00;184
11468;82;626071201;11468;397;12526;12707;6.23;0.39;289.94;11.79;1058;84;4321.00;181
11470;82;626071215;11470;376;12536;12707;6.31;0.39;289.92;11.84;1066;84;4322.00;171
11471;82;626071230;11471;359;12540;12707;6.38;0.40;289.91;11.84;1069;84;4323.00;167
11473;82;626071244;11473;340;12545;12707;6.44;0.40;289.89;11.84;1072;84;4324.00;162
11476;82;626071258;11476;336;12550;12707;6.47;0.40;289.91;11.84;1074;84;4325.00;157
11477;82;626071271;11477;328;12553;12707;6.47;0.40;289.97;11.83;1076;84;4326.00;154
11478;82;626071285;11478;323;12557;12707;6.52;0.40;289.96;11.83;1079;84;4327.00;150
11479;82;626071299;11479;320;12560;12708;6.57;0.41;289.94;11.83;1081;84;4328.00;148
11480;82;626071312;11480;320;12564;12709;6.61;0.41;289.94;11.83;1084;84;4329.00;145
11480;82;626071327;11480;315;12567;12709;6.67;0.41;289.94;11.83;1087;84;4330.00;142
11480;82;626071341;11480;312;12573;12710;6.68;0.41;289.94;11.83;1093;84;4331.00;137
11480;82;626071355;11480;318;12576;12710;6.66;0.41;289.94;11.83;1096;84;4332.00;134
11481;82;626071368;11481;321;12579;12710;6.65;0.41;289.94;11.83;1098;84;4333.00;131
11482;82;626071382;11482;337;12582;12710;6.61;0.41;289.93;11.83;1100;84;4334.00;128
11483;82;626071402;11483;330;12586;12714;6.56;0.41;289.93;11.83;1103;84;4335.00;128
11483;82;626071416;11483;336;12590;12714;6.46;0.40;289.93;11.83;1107;84;4336.00;124
11485;82;626071429;11485;344;12591;12714;6.41;0.40;289.92;11.83;1106;84;4337.00;123
11488;82;626071450;11488;350;12593;12717;6.39;0.39;289.92;11.83;1105;84;4338.00;124
11488;82;626071472;11488;356;12596;12717;6.37;0.39;289.92;11.89;1108;84;4339.00;121
11491;82;626071485;11491;353;12597;12717;6.34;0.39;289.93;11.89;1106;84;4340.00;120
11491;82;626071499;11491;354;12602;12721;6.32;0.39;289.93;11.89;1111;84;4341.00;119
11494;82;626071513;11494;350;12604;12722;6.32;0.39;289.91;11.89;1110;84;4342.00;118
11495;82;626071528;11495;346;12606;12722;6.34;0.39;289.92;11.89;1111;84;4343.00;116
11496;82;626071541;11496;346;12610;12726;6.37;0.39;289.96;11.89;1114;84;4344.00;116
11500;82;626071555;11500;340;12611;12726;6.32;0.39;289.98;11.89;1111;84;4345.00;115
11502;82;626071569;11502;337;12612;12726;6.31;0.39;290.01;11.89;1110;84;4346.00;114
11504;82;626071582;11504;339;12613;12727;6.31;0.39;290.07;11.89;1109;84;4347.00;114
11507;82;626071596;11507;337;12613;12727;6.32;0.39;290.10;11.89;1106;84;4348.00;114
11509;82;626071610;11509;326;12617;12733;6.37;0.39;290.15;11.89;1108;84;4349.00;116
11512;82;626071627;11512;319;12617;12733;6.39;0.39;290.16;11.89;1105;84;4350.00;116
11514;82;626071640;11514;311;12618;12734;6.41;0.39;290.14;11.89;1104;84;4351.00;116
11519;82;626071654;11519;302;12620;12734;6.37;0.39;290.14;11.94;1101;84;4352.00;114
11522;82;626071668;11522;295;12621;12734;6.39;0.39;290.17;11.95;1099;84;4353.00;113
11526;82;626071681;11526;290;12622;12734;6.37;0.39;290.20;11.95;1096;84;4354.00;112
11530;82;626071695;11530;287;12625;12734;6.36;0.39;290.27;12.03;1095;84;4355.00;109
11532;82;626071709;11532;283;12635;12746;6.43;0.39;290.28;12.02;1103;84;4356.00;111
11534;82;626071724;11534;270;12635;12746;6.50;0.40;290.31;12.02;1101;84;4357.00;111
11535;82;626071738;11535;259;12637;12746;6.60;0.40;290.29;12.08;1102;84;4358.00;109
11540;82;626071751;11540;254;12637;12746;6.62;0.40;290.28;12.08;1097;84;4359.00;109
11543;82;626071765;11543;249;12638;12746;6.66;0.41;290.32;12.13;1095;84;4360.00;108
11547;82;626071779;11547;251;12638;12746;6.67;0.41;290.36;12.13;1091;84;4361.00;108
11551;82;626071792;11551;250;12642;12750;6.72;0.41;290.35;12.17;1091;84;4362.00;108
11553;82;626071807;11553;245;12642;12750;6.78;0.41;290.38;12.17;1089;84;4363.00;108
11556;82;626071826;11556;246;12646;12754;6.85;0.42;290.39;12.22;1090;84;4364.00;108
11559;82;626071842;11559;247;12649;12756;6.94;0.42;290.41;12.22;1090;84;4365.00;107
11563;82;626071856;11563;244;12649;12756;7.00;0.43;290.48;12.22;1086;84;4366.00;107
11563;82;626071870;11563;244;12650;12756;7.10;0.43;290.48;12.22;1087;84;4367.00;106
11566;82;626071884;11566;245;12660;12769;7.19;0.44;290.49;12.26;1094;84;4368.00;109
11567;82;626071906;11567;240;12660;12769;7.25;0.44;290.48;12.26;1093;84;4369.00;109
11569;82;626071920;11569;235;12661;12769;7.26;0.44;290.52;12.26;1092;84;4370.00;108
11571;82;626071936;11571;233;12663;12770;7.30;0.45;290.57;12.30;1092;84;4371.00;107
11575;82;626071951;11575;236;12664;12771;7.29;0.44;290.68;12.31;1089;84;4372.00;107
11578;82;626071968;11578;237;12664;12771;7.30;0.44;290.67;12.31;1086;84;4373.00;107
11581;82;626071982;11581;232;12668;12774;7.29;0.44;290.75;12.35;1087;84;4374.00;106
11582;82;626071996;11582;238;12669;12774;7.36;0.45;290.74;12.35;1087;84;4375.00;105
11584;82;626072010;11584;237;12670;12774;7.45;0.45;290.75;12.35;1086;84;4376.00;104
11587;82;626072024;11587;240;12670;12774;7.54;0.46;290.91;12.35;1083;84;4377.00;104
11590;82;626072038;11590;246;12675;12780;7.61;0.46;290.89;12.35;1085;84;4378.00;105
11594;82;626072054;11594;250;12675;12780;7.65;0.47;290.94;12.35;1081;84;4379.00;105
11597;82;626072070;11597;253;12677;12780;7.67;0.47;291.02;12.36;1080;84;4380.00;103
11599;82;626072085;11599;258;12679;12780;7.69;0.47;291.08;12.37;1080;84;4381.00;101
11602;82;626072099;11602;263;12683;12784;7.67;0.47;291.06;12.37;1081;84;4382.00;101
11610;82;626072113;11610;264;12685;12785;7.63;0.47;291.13;12.39;1075;84;4383.00;100
11613;82;626072128;11613;268;12689;12785;7.63;0.47;291.16;12.42;1076;84;4384.00;96
11618;82;626072142;11618;271;12692;12786;7.64;0.47;291.20;12.44;1074;84;4385.00;94
11624;82;626072156;11624;279;12693;12786;7.66;0.47;291.24;12.44;1069;84;4386.00;93
11627;82;626072171;11627;274;12696;12786;7.67;0.47;291.30;12.47;1069;84;4387.00;90
11629;82;626072185;11629;284;12698;12786;7.68;0.47;291.34;12.48;1069;84;4388.00;88
11632;82;626072199;11632;278;12700;12786;7.67;0.47;291.41;12.50;1068;84;4389.00;86
11635;82;626072213;11635;275;12701;12786;7.71;0.47;291.51;12.50;1066;84;4390.00;85
11636;82;626072227;11636;285;12702;12786;7.71;0.47;291.55;12.51;1066;84;4391.00;84
11639;82;626072240;11639;291;12738;12856;7.77;0.47;291.57;12.49;1099;84;4392.00;118
11642;82;626072260;11642;288;12738;12857;7.71;0.47;291.62;12.49;1096;84;4393.00;119
11644;82;626072273;11644;289;12744;12857;7.69;0.47;291.64;12.50;1100;84;4394.00;113
11650;82;626072287;11650;294;12750;12857;7.60;0.46;291.77;12.50;1100;84;4395.00;107
11654;82;626072300;11654;294;12757;12857;7.55;0.46;291.86;12.50;1103;84;4396.00;100
11656;82;626072314;11656;299;12760;12857;7.52;0.46;291.88;12.53;1104;84;4397.00;97
11658;82;626072328;11658;306;12765;12857;7.49;0.46;291.91;12.53;1107;84;4398.00;92
11662;82;626072342;11662;306;12768;12857;7.46;0.45;291.97;12.53;1106;84;4399.00;89
11664;82;626072357;11664;306;12772;12858;7.47;0.46;291.96;12.54;1108;84;4400.00;86
11667;82;626072375;11667;310;12777;12859;7.52;0.46;291.95;12.54;1110;84;4401.00;82
11670;82;626072389;11670;307;12779;12859;7.49;0.46;291.92;12.55;1109;84;4402.00;80
11673;82;626072403;11673;309;12782;12863;7.44;0.45;291.97;12.55;1109;84;4403.00;81
11675;82;626072417;11675;315;12783;12863;7.39;0.45;291.97;12.56;1108;84;4404.00;80
11678;82;626072432;11678;311;12784;12863;7.37;0.45;292.02;12.57;1106;84;4405.00;79
11683;82;626072446;11683;311;12786;12863;7.31;0.45;292.01;12.58;1103;84;4406.00;77
11685;82;626072460;11685;318;12791;12869;7.31;0.45;292.03;12.58;1106;84;4407.00;78
11688;82;626072476;11688;325;12792;12869;7.33;0.45;292.08;12.58;1104;84;4408.00;77
11690;82;626072490;11690;332;12793;12869;7.31;0.45;292.12;12.59;1103;84;4409.00;76
11694;82;626072505;11694;339;12799;12875;7.27;0.44;292.12;12.59;1105;84;4410.00;76
11699;82;626072519;11699;345;12800;12875;7.19;0.44;292.13;12.59;1101;84;4411.00;75
11701;82;626072533;11701;351;12801;12875;7.14;0.43;292.13;12.60;1100;84;4412.00;74
11707;82;626072546;11707;354;12801;12876;7.02;0.43;292.18;12.60;1094;84;4413.00;75
11712;82;626072559;11712;348;12803;12877;6.92;0.42;292.24;12.60;1091;84;4414.00;74
11717;82;626072572;11717;347;12804;12877;6.75;0.41;292.23;12.61;1087;84;4415.00;73
11723;82;626072586;11723;346;12816;12890;6.57;0.40;292.32;12.60;1093;84;4416.00;74
11727;82;626072600;11727;345;12817;12890;6.46;0.39;292.33;12.61;1090;84;4417.00;73
11730;82;626072613;11730;344;12817;12890;6.38;0.39;292.33;12.61;1087;84;4418.00;73
11735;82;626072625;11735;340;12818;12891;6.23;0.38;292.38;12.61;1083;84;4419.00;73
11738;82;626072638;11738;334;12820;12891;6.15;0.38;292.39;12.62;1082;84;4420.00;71
11742;82;626072650;11742;333;12823;12895;6.10;0.37;292.40;12.61;1081;84;4421.00;72
11745;82;626072662;11745;321;12824;12895;6.09;0.37;292.46;12.61;1079;84;4422.00;71
11748;82;626072674;11748;316;12827;12899;6.09;0.37;292.47;12.61;1079;84;4423.00;72
11751;82;626072687;11751;321;12830;12899;6.09;0.37;292.50;12.62;1079;84;4424.00;69
11755;82;626072700;11755;323;12830;12899;6.09;0.37;292.53;12.62;1075;84;4425.00;69
11760;82;626072718;11760;327;12832;12899;6.05;0.37;292.58;12.63;1072;84;4426.00;67
11762;82;626072730;11762;318;12833;12899;6.06;0.37;292.64;12.63;1071;84;4427.00;66
11767;82;626072742;11767;317;12845;12911;6.15;0.38;292.68;12.62;1078;84;4428.00;66
11767;82;626072756;11767;310;12847;12911;6.16;0.38;292.68;12.63;1080;84;4429.00;64
11771;82;626072768;11771;318;12847;12911;6.18;0.38;292.68;12.63;1076;84;4430.00;64
11776;82;626072781;11776;325;12847;12911;6.21;0.38;292.72;12.63;1071;84;4431.00;64
11778;82;626072793;11778;324;12847;12911;6.24;0.38;292.71;12.63;1069;84;4432.00;64
11780;82;626072805;11780;326;12847;12911;6.26;0.38;292.76;12.63;1067;84;4433.00;64
11785;82;626072818;11785;327;12847;12912;6.25;0.38;292.73;12.63;1062;84;4434.00;65
11787;82;626072831;11787;330;12847;12912;6.27;0.38;292.76;12.63;1060;84;4435.00;65
11791;82;626072844;11791;335;12852;12918;6.29;0.38;292.79;12.62;1061;84;4436.00;66
11797;82;626072857;11797;340;12853;12919;6.24;0.38;292.82;12.62;1056;84;4437.00;66
11800;82;626072870;11800;344;12853;12919;6.19;0.38;292.82;12.62;1053;84;4438.00;66
11802;82;626072882;11802;360;12853;12919;6.17;0.38;292.86;12.62;1051;84;4439.00;66
11807;82;626072896;11807;359;12857;12924;6.15;0.38;292.89;12.62;1050;84;4440.00;67
11809;82;626072909;11809;357;12857;12924;6.17;0.38;292.91;12.62;1048;84;4441.00;67
11814;82;626072921;11814;360;12857;12924;6.20;0.38;292.93;12.62;1043;84;4442.00;67
11818;82;626072939;11818;360;12858;12925;6.21;0.38;292.89;12.62;1040;84;4443.00;67
11822;82;626072964;11822;368;12861;12929;6.27;0.38;292.95;12.61;1039;84;4444.00;68
11824;82;626072986;11824;370;12861;12929;6.29;0.39;292.99;12.61;1037;84;4445.00;68
11827;82;626073005;11827;371;12863;12932;6.29;0.39;293.00;12.61;1036;84;4446.00;69
11833;82;626073028;11833;376;12864;12932;6.26;0.38;292.95;12.61;1031;84;4447.00;68
11840;82;626073045;11840;372;12864;12932;6.20;0.38;293.01;12.61;1024;84;4448.00;68
11842;82;626073063;11842;361;12864;12932;6.15;0.38;293.00;12.61;1022;84;4449.00;68
11846;82;626073076;11846;372;12867;12936;6.13;0.38;292.95;12.61;1021;84;4450.00;69
11852;82;626073091;11852;369;12867;12936;6.03;0.37;292.88;12.61;1015;84;4451.00;69
11855;82;626073106;11855;376;12868;12936;6.01;0.37;292.84;12.61;1013;84;4452.00;68
11861;82;626073120;11861;377;12868;12936;5.95;0.36;292.81;12.61;1007;84;4453.00;68
11864;82;626073134;11864;376;12868;12937;5.97;0.36;292.78;12.61;1004;84;4454.00;69
11867;82;626073148;11867;383;12870;12939;6.02;0.37;292.77;12.61;1003;84;4455.00;69
11869;82;626073160;11869;388;12870;12939;6.01;0.37;292.76;12.61;1001;84;4456.00;69
11870;82;626073173;11870;388;12871;12940;6.03;0.37;292.74;12.61;1001;84;4457.00;69
11873;82;626073187;11873;397;12871;12940;6.05;0.37;292.73;12.61;998;84;4458.00;69
11876;82;626073200;11876;401;12871;12940;6.04;0.37;292.67;12.61;995;84;4459.00;69
11882;82;626073212;11882;407;12871;12940;5.96;0.36;292.68;12.61;989;84;4460.00;69
11886;82;626073225;11886;413;12871;12940;5.93;0.36;292.62;12.61;985;84;4461.00;69
11889;82;626073237;11889;423;12871;12940;5.88;0.36;292.63;12.61;982;84;4462.00;69
11891;82;626073250;11891;427;12871;12940;5.83;0.36;292.60;12.61;980;84;4463.00;69
11895;82;626073262;11895;444;12937;13067;6.20;0.39;292.59;12.54;1042;84;4464.00;130
11898;82;626073285;11898;443;12939;13068;6.12;0.38;292.60;12.54;1041;84;4465.00;129
11901;82;626073299;11901;446;12948;13068;6.19;0.39;292.57;12.53;1047;84;4466.00;120
11901;82;626073311;11901;436;12953;13068;6.24;0.39;292.57;12.53;1052;84;4467.00;115
11903;82;626073324;11903;424;12959;13068;6.28;0.39;292.56;12.52;1056;84;4468.00;109
11904;82;626073338;11904;422;12964;13068;6.32;0.39;292.54;12.52;1060;84;4469.00;104
11906;82;626073363;11906;422;12970;13068;6.35;0.39;292.54;12.52;1064;84;4470.00;98
11910;82;626073384;11910;414;12974;13068;6.34;0.39;292.58;12.52;1064;84;4471.00;94
11913;82;626073400;11913;418;12976;13069;6.31;0.39;292.58;12.52;1063;84;4472.00;93
11915;83;626073414;11915;416;12980;13070;6.30;0.39;292.57;12.51;1065;85;4473.00;90
11918;83;626073443;11918;425;12981;13070;6.26;0.39;292.55;12.51;1063;85;4474.00;89
11921;83;626073457;11921;416;12982;13071;6.22;0.38;292.55;12.51;1061;85;4475.00;89
11922;83;626073479;11922;394;12984;13071;6.24;0.38;292.55;12.51;1062;85;4476.00;87
11924;83;626073500;11924;385;12985;13071;6.25;0.38;292.55;12.51;1061;85;4477.00;86
11925;83;626073514;11925;366;12987;13071;6.35;0.39;292.54;12.51;1062;85;4478.00;84
11925;83;626073533;11925;361;12990;13075;6.52;0.40;292.54;12.51;1065;85;4479.00;85
11925;84;626073548;11925;352;12991;13075;6.65;0.41;292.54;12.51;1066;86;4480.00;84
11927;84;626073579;11927;342;12993;13075;6.77;0.41;292.53;12.51;1066;86;4481.00;82
11928;84;626073594;11928;333;12995;13078;6.93;0.42;292.52;12.51;1067;86;4482.00;83
11928;84;626073610;11928;331;12996;13078;7.09;0.43;292.52;12.51;1068;86;4483.00;82
11929;84;626073631;11929;318;12997;13078;7.21;0.44;292.51;12.51;1068;86;4484.00;81
11931;84;626073654;11931;310;13000;13082;7.28;0.44;292.50;12.51;1069;86;4485.00;82
11931;84;626073669;11931;304;13002;13083;7.33;0.45;292.50;12.51;1071;86;4486.00;81
11933;84;626073685;11933;298;13002;13083;7.35;0.45;292.45;12.51;1069;86;4487.00;81
11937;84;626073701;11937;289;13005;13087;7.37;0.45;292.43;12.50;1068;86;4488.00;82
11938;84;626073719;11938;289;13005;13087;7.39;0.45;292.42;12.50;1067;86;4489.00;82
11940;84;626073735;11940;280;13005;13087;7.36;0.45;292.39;12.50;1065;86;4490.00;82
11943;84;626073751;11943;278;13006;13088;7.35;0.45;292.36;12.50;1063;86;4491.00;82
11945;84;626073767;11945;276;13006;13088;7.36;0.45;292.34;12.50;1061;86;4492.00;82
11947;84;626073784;11947;278;13010;13094;7.37;0.45;292.35;12.50;1063;86;4493.00;84
11948;84;626073799;11948;274;13010;13094;7.42;0.45;292.35;12.50;1062;86;4494.00;84
11950;84;626073814;11950;281;13012;13095;7.45;0.45;292.36;12.55;1062;86;4495.00;83
11952;84;626073830;11952;287;13012;13095;7.42;0.45;292.42;12.55;1060;86;4496.00;83
11955;84;626073846;11955;278;13012;13095;7.41;0.45;292.45;12.55;1057;86;4497.00;83
11955;84;626073861;11955;276;13012;13095;7.44;0.45;292.45;12.55;1057;86;4498.00;83
11963;84;626073875;11963;279;13012;13095;7.36;0.45;292.44;12.55;1049;86;4499.00;83
11966;84;626073893;11966;281;13034;13145;7.34;0.45;292.41;12.53;1068;86;4500.00;111
11967;84;626073916;11967;283;13035;13147;7.34;0.45;292.40;12.53;1068;86;4501.00;112
11970;84;626073935;11970;282;13037;13147;7.33;0.45;292.43;12.52;1067;86;4502.00;110
11972;84;626073950;11972;293;13039;13147;7.29;0.44;292.50;12.52;1067;86;4503.00;108
11975;84;626073964;11975;287;13040;13147;7.26;0.44;292.51;12.52;1065;86;4504.00;107
11980;84;626073979;11980;284;13041;13147;7.16;0.44;292.57;12.52;1061;86;4505.00;106
11983;84;626073992;11983;293;13046;13151;7.13;0.43;292.65;12.52;1063;86;4506.00;105
11985;84;626074006;11985;293;13046;13151;7.10;0.43;292.66;12.52;1061;86;4507.00;105
11988;84;626074020;11988;296;13049;13155;7.08;0.43;292.73;12.52;1061;86;4508.00;106
11989;84;626074033;11989;302;13051;13156;7.05;0.43;292.73;12.51;1062;86;4509.00;105
11992;84;626074047;11992;294;13052;13156;7.00;0.42;292.79;12.51;1060;86;4510.00;104
11993;84;626074061;11993;289;13052;13156;6.92;0.42;292.81;12.51;1059;86;4511.00;104
11995;84;626074074;11995;294;13059;13169;6.87;0.42;292.88;12.51;1064;86;4512.00;110
11998;84;626074089;11998;289;13059;13169;6.82;0.41;292.88;12.51;1061;86;4513.00;110
12002;84;626074102;12002;284;13059;13169;6.83;0.42;292.92;12.51;1057;86;4514.00;110
12006;84;626074116;12006;284;13061;13170;6.73;0.41;293.02;12.51;1055;86;4515.00;109
12008;84;626074129;12008;281;13062;13171;6.74;0.41;293.02;12.51;1054;86;4516.00;109
12011;84;626074143;12011;283;13062;13171;6.77;0.41;293.01;12.51;1051;86;4517.00;109
12012;84;626074156;12012;280;13064;13174;6.85;0.42;293.03;12.50;1052;86;4518.00;110
12015;84;626074168;12015;275;13064;13174;6.92;0.42;293.03;12.50;1049;86;4519.00;110
12019;84;626074181;12019;276;13065;13174;6.88;0.42;293.06;12.51;1046;86;4520.00;109
12022;84;626074194;12022;275;13066;13174;6.85;0.42;293.09;12.51;1044;86;4521.00;108
12025;84;626074206;12025;260;13069;13180;6.83;0.42;293.10;12.50;1044;86;4522.00;111
12028;84;626074219;12028;255;13069;13180;6.85;0.42;293.14;12.50;1041;86;4523.00;111
12034;84;626074232;12034;251;13069;13180;6.84;0.42;293.19;12.50;1035;86;4524.00;111
12038;84;626074245;12038;246;13070;13180;6.84;0.42;293.27;12.52;1032;86;4525.00;110
12042;84;626074259;12042;246;13075;13184;6.79;0.41;293.21;12.52;1033;86;4526.00;109
12045;84;626074272;12045;247;13076;13185;6.79;0.41;293.27;12.52;1031;86;4527.00;109
12049;84;626074285;12049;233;13077;13185;6.82;0.42;293.28;12.52;1028;86;4528.00;108
12052;84;626074298;12052;227;13078;13186;6.86;0.42;293.27;12.52;1026;86;4529.00;108
12057;84;626074312;12057;227;13078;13186;6.89;0.42;293.27;12.52;1021;86;4530.00;108
12058;84;626074325;12058;225;13079;13186;6.94;0.42;293.30;12.52;1021;86;4531.00;107
12062;84;626074338;12062;222;13080;13186;6.94;0.42;293.32;12.52;1018;86;4532.00;106
12066;84;626074351;12066;221;13080;13186;6.93;0.42;293.32;12.52;1014;86;4533.00;106
12067;84;626074363;12067;217;13081;13186;6.97;0.42;293.34;12.53;1014;86;4534.00;105
12071;84;626074376;12071;219;13081;13186;6.96;0.42;293.39;12.53;1010;86;4535.00;105
12072;84;626074389;12072;219;13118;13256;7.03;0.43;293.38;12.49;1046;86;4536.00;138
12075;84;626074407;12075;219;13122;13257;7.05;0.43;293.37;12.49;1047;86;4537.00;135
12077;84;626074421;12077;216;13128;13257;7.10;0.43;293.38;12.49;1051;86;4538.00;129
12081;84;626074434;12081;210;13129;13257;7.16;0.44;293.40;12.49;1048;86;4539.00;128
12083;84;626074448;12083;212;13136;13257;7.26;0.44;293.41;12.49;1053;86;4540.00;121
12088;84;626074461;12088;213;13136;13257;7.28;0.44;293.51;12.49;1048;86;4541.00;121
12088;84;626074475;12088;219;13139;13257;7.39;0.45;293.51;12.49;1051;86;4542.00;118
12090;84;626074488;12090;222;13146;13257;7.48;0.46;293.56;12.49;1056;86;4543.00;111
12096;84;626074501;12096;223;13149;13258;7.48;0.45;293.55;12.49;1053;86;4544.00;109
12098;84;626074516;12098;224;13154;13260;7.55;0.46;293.52;12.49;1056;86;4545.00;106
12102;84;626074529;12102;223;13154;13260;7.60;0.46;293.56;12.49;1052;86;4546.00;106
12104;84;626074543;12104;227;13159;13264;7.59;0.46;293.62;12.49;1055;86;4547.00;105
12106;84;626074558;12106;237;13160;13264;7.58;0.46;293.62;12.49;1054;86;4548.00;104
12111;84;626074572;12111;235;13161;13264;7.62;0.46;293.59;12.49;1050;86;4549.00;103
12113;84;626074586;12113;238;13162;13264;7.61;0.46;293.59;12.49;1049;86;4550.00;102
12114;84;626074600;12114;238;13167;13270;7.62;0.46;293.60;12.51;1053;86;4551.00;103
12116;84;626074615;12116;241;13168;13270;7.65;0.46;293.62;12.51;1052;86;4552.00;102
12118;84;626074629;12118;249;13169;13270;7.61;0.46;293.65;12.52;1051;86;4553.00;101
12123;84;626074644;12123;254;13173;13273;7.64;0.46;293.68;12.53;1050;86;4554.00;100
12124;84;626074658;12124;261;13175;13273;7.64;0.46;293.68;12.54;1051;86;4555.00;98
12126;84;626074672;12126;256;13176;13273;7.64;0.46;293.68;12.55;1050;86;4556.00;97
12130;84;626074686;12130;262;13178;13274;7.64;0.46;293.68;12.56;1048;86;4557.00;96
12133;84;626074700;12133;263;13181;13275;7.68;0.47;293.80;12.57;1048;86;4558.00;94
12134;84;626074714;12134;263;13182;13275;7.70;0.47;293.81;12.57;1048;86;4559.00;93
12137;85;626074729;12137;271;13201;13301;7.73;0.47;293.82;12.57;1064;87;4560.00;100
12141;85;626074755;12141;275;13202;13301;7.76;0.47;293.89;12.59;1061;87;4561.00;99
12143;85;626074769;12143;273;13205;13301;7.80;0.47;293.90;12.59;1062;87;4562.00;96
12146;85;626074782;12146;276;13209;13302;7.86;0.48;293.92;12.60;1063;87;4563.00;93
12148;85;626074796;12148;277;13209;13302;7.91;0.48;293.93;12.60;1061;87;4564.00;93
12152;85;626074809;12152;273;13212;13306;7.85;0.48;293.99;12.60;1060;87;4565.00;94
12154;85;626074823;12154;287;13215;13306;7.72;0.47;294.01;12.61;1061;87;4566.00;91
12156;85;626074837;12156;288;13219;13310;7.57;0.46;294.06;12.61;1063;87;4567.00;91
12158;85;626074850;12158;293;13221;13310;7.41;0.45;294.09;12.63;1063;87;4568.00;89
12162;85;626074862;12162;292;13221;13310;7.29;0.44;294.12;12.63;1059;87;4569.00;89
12164;85;626074875;12164;288;13223;13310;7.21;0.44;294.13;12.65;1059;87;4570.00;87
12168;85;626074895;12168;288;13224;13310;7.13;0.43;294.14;12.65;1056;87;4571.00;86
12172;85;626074907;12172;275;13235;13322;7.12;0.43;294.16;12.65;1063;87;4572.00;87
12177;85;626074920;12177;276;13235;13322;7.05;0.43;294.19;12.65;1058;87;4573.00;87
12180;85;626074935;12180;281;13237;13322;6.98;0.43;294.19;12.65;1057;87;4574.00;85
12181;85;626074953;12181;292;13238;13322;6.97;0.43;294.23;12.66;1057;87;4575.00;84
12182;85;626074975;12182;295;13239;13322;6.96;0.43;294.26;12.66;1057;87;4576.00;83
12184;85;626074996;12184;301;13240;13322;6.89;0.42;294.29;12.68;1056;87;4577.00;82
12190;85;626075015;12190;307;13240;13323;6.86;0.42;294.29;12.68;1050;87;4578.00;83
12191;85;626075033;12191;308;13240;13323;6.84;0.42;294.28;12.68;1049;87;4579.00;83
12196;85;626075050;12196;308;13246;13329;6.80;0.42;294.39;12.68;1050;87;4580.00;83
12198;85;626075065;12198;316;13247;13330;6.76;0.41;294.41;12.68;1049;87;4581.00;83
12203;85;626075077;12203;321;13249;13330;6.66;0.41;294.48;12.69;1046;87;4582.00;81
12206;85;626075091;12206;327;13250;13330;6.56;0.40;294.51;12.71;1044;87;4583.00;80
12211;85;626075105;12211;331;13253;13334;6.49;0.40;294.48;12.70;1042;87;4584.00;81
12212;85;626075119;12212;337;13254;13334;6.45;0.40;294.47;12.71;1042;87;4585.00;80
12215;85;626075132;12215;338;13255;13334;6.33;0.39;294.46;12.72;1040;87;4586.00;79
12221;85;626075144;12221;341;13257;13335;6.20;0.38;294.54;12.73;1036;87;4587.00;78
12225;85;626075156;12225;353;13260;13339;6.07;0.37;294.62;12.73;1035;87;4588.00;79
12227;85;626075167;12227;358;13261;13339;5.95;0.37;294.63;12.74;1034;87;4589.00;78
12231;85;626075180;12231;353;13265;13345;5.86;0.36;294.59;12.75;1034;87;4590.00;80
12233;85;626075193;12233;353;13265;13345;5.77;0.36;294.63;12.75;1032;87;4591.00;80
12239;85;626075204;12239;353;13267;13345;5.73;0.35;294.56;12.76;1028;87;4592.00;78
12242;85;626075215;12242;352;13267;13345;5.68;0.35;294.55;12.76;1025;87;4593.00;78
12244;85;626075227;12244;354;13271;13349;5.70;0.35;294.57;12.76;1027;87;4594.00;78
12247;85;626075239;12247;357;13272;13349;5.64;0.35;294.58;12.77;1025;87;4595.00;77
12250;85;626075261;12250;357;13273;13349;5.65;0.35;294.54;12.77;1023;87;4596.00;76
12253;85;626075274;12253;359;13274;13349;5.60;0.34;294.55;12.78;1021;87;4597.00;75
12254;85;626075286;12254;363;13275;13350;5.63;0.34;294.56;12.78;1021;87;4598.00;75
12257;85;626075299;12257;371;13276;13351;5.65;0.35;294.53;12.78;1019;87;4599.00;75
12261;85;626075313;12261;364;13277;13351;5.62;0.34;294.52;12.78;1016;87;4600.00;74
12262;85;626075332;12262;369;13278;13352;5.63;0.34;294.50;12.78;1016;87;4601.00;74
12266;85;626075345;12266;379;13278;13352;5.55;0.34;294.56;12.78;1012;87;4602.00;74
12267;85;626075356;12267;382;13278;13352;5.53;0.34;294.55;12.78;1011;87;4603.00;74
12273;85;626075368;12273;388;13278;13352;5.45;0.33;294.50;12.78;1005;87;4604.00;74
12276;85;626075379;12276;396;13278;13352;5.42;0.33;294.50;12.78;1002;87;4605.00;74
12280;85;626075391;12280;396;13278;13352;5.38;0.33;294.48;12.78;998;87;4606.00;74
12284;85;626075406;12284;401;13278;13352;5.39;0.33;294.49;12.78;994;87;4607.00;74
12286;85;626075417;12286;413;13345;13479;5.80;0.36;294.49;12.72;1059;87;4608.00;134
12288;85;626075439;12288;407;13348;13480;5.83;0.36;294.47;12.71;1060;87;4609.00;132
12290;85;626075451;12290;412;13356;13480;5.91;0.37;294.46;12.71;1066;87;4610.00;124
12294;85;626075464;12294;412;13361;13480;5.92;0.37;294.46;12.70;1067;87;4611.00;119
12298;85;626075478;12298;418;13366;13480;5.94;0.37;294.55;12.70;1068;87;4612.00;114
12303;85;626075490;12303;411;13371;13480;5.92;0.37;294.52;12.70;1068;87;4613.00;109
12307;85;626075503;12307;411;13376;13480;5.91;0.36;294.53;12.69;1069;87;4614.00;104
12310;85;626075515;12310;408;13378;13480;5.90;0.36;294.53;12.69;1068;87;4615.00;102
12312;85;626075528;12312;404;13381;13481;5.90;0.36;294.52;12.69;1069;87;4616.00;100
12316;85;626075541;12316;410;13385;13482;5.93;0.37;294.50;12.69;1069;87;4617.00;97
12316;85;626075554;12316;421;13387;13482;5.93;0.37;294.50;12.69;1071;87;4618.00;95
12319;85;626075567;12319;420;13388;13483;5.92;0.37;294.55;12.69;1069;87;4619.00;95
12321;85;626075583;12321;422;13390;13483;5.90;0.36;294.55;12.69;1069;87;4620.00;93
12325;85;626075596;12325;422;13391;13483;5.86;0.36;294.53;12.69;1066;87;4621.00;92
12328;85;626075609;12328;430;13392;13483;5.85;0.36;294.52;12.69;1064;87;4622.00;91
12329;85;626075623;12329;435;13395;13487;5.90;0.37;294.53;12.69;1066;87;4623.00;92
12333;85;626075637;12333;446;13397;13487;5.90;0.37;294.53;12.69;1064;87;4624.00;90
12338;85;626075650;12338;455;13398;13487;5.86;0.36;294.50;12.69;1060;87;4625.00;89
12340;85;626075663;12340;456;13401;13490;5.87;0.36;294.50;12.69;1061;87;4626.00;89
12342;85;626075676;12342;440;13402;13490;5.87;0.36;294.51;12.69;1060;87;4627.00;88
12345;85;626075689;12345;430;13402;13490;5.84;0.36;294.48;12.69;1057;87;4628.00;88
12348;85;626075702;12348;426;13406;13494;5.88;0.36;294.47;12.68;1058;87;4629.00;88
12351;85;626075722;12351;423;13407;13495;5.94;0.37;294.49;12.68;1056;87;4630.00;88
12358;85;626075737;12358;424;13408;13495;5.96;0.37;294.42;12.68;1050;87;4631.00;87
12360;85;626075751;12360;422;13411;13499;6.01;0.37;294.39;12.68;1051;87;4632.00;88
12362;85;626075766;12362;420;13412;13499;6.04;0.37;294.36;12.68;1050;87;4633.00;87
12365;85;626075791;12365;413;13412;13499;6.06;0.37;294.36;12.68;1047;87;4634.00;87
12366;85;626075806;12366;417;13414;13501;6.15;0.38;294.45;12.68;1048;87;4635.00;87
12369;85;626075823;12369;414;13414;13501;6.18;0.38;294.45;12.68;1045;87;4636.00;87
12373;85;626075838;12373;403;13418;13507;6.26;0.38;294.39;12.67;1045;87;4637.00;89
12375;85;626075853;12375;398;13419;13507;6.33;0.39;294.38;12.67;1044;87;4638.00;88
12379;85;626075868;12379;382;13419;13508;6.37;0.39;294.35;12.67;1040;87;4639.00;89
12379;85;626075883;12379;378;13419;13508;6.42;0.39;294.35;12.67;1040;87;4640.00;89
12383;85;626075898;12383;382;13419;13508;6.48;0.40;294.35;12.67;1036;87;4641.00;89
12385;85;626075919;12385;375;13419;13508;6.54;0.40;294.33;12.67;1034;87;4642.00;89
12389;85;626075938;12389;369;13419;13508;6.58;0.40;294.36;12.67;1030;87;4643.00;89
12390;85;626075959;12390;369;13429;13520;6.74;0.41;294.38;12.66;1039;87;4644.00;91
12393;85;626075976;12393;373;13430;13520;6.83;0.42;294.36;12.66;1037;87;4645.00;90
12394;85;626075997;12394;371;13430;13520;6.87;0.42;294.38;12.66;1036;87;4646.00;90
12397;85;626076011;12397;364;13430;13520;6.95;0.42;294.38;12.66;1033;87;4647.00;90
12399;85;626076024;12399;352;13430;13520;7.05;0.43;294.38;12.66;1031;87;4648.00;90
12400;85;626076038;12400;336;13430;13520;7.13;0.43;294.37;12.66;1030;87;4649.00;90
12403;85;626076054;12403;330;13435;13526;7.21;0.44;294.35;12.66;1032;87;4650.00;91
12405;85;626076069;12405;318;13435;13526;7.31;0.44;294.35;12.66;1030;87;4651.00;91
12409;85;626076083;12409;312;13439;13530;7.37;0.45;294.39;12.72;1030;87;4652.00;91
12412;85;626076097;12412;308;13441;13531;7.39;0.45;294.40;12.71;1029;87;4653.00;90
12416;85;626076112;12416;312;13441;13531;7.37;0.45;294.45;12.71;1025;87;4654.00;90
12417;85;626076126;12417;319;13441;13531;7.39;0.45;294.44;12.71;1024;87;4655.00;90
12423;85;626076140;12423;329;13452;13544;7.32;0.44;294.50;12.70;1029;87;4656.00;92
12427;85;626076154;12427;323;13452;13544;7.28;0.44;294.49;12.70;1025;87;4657.00;92
12430;85;626076168;12430;314;13452;13544;7.27;0.44;294.51;12.70;1022;87;4658.00;92
12433;85;626076181;12433;312;13453;13545;7.25;0.44;294.54;12.70;1020;87;4659.00;92
12437;85;626076195;12437;313;13453;13546;7.18;0.43;294.54;12.70;1016;87;4660.00;93
12439;85;626076209;12439;304;13453;13546;7.15;0.43;294.55;12.70;1014;87;4661.00;93
12442;85;626076222;12442;298;13455;13549;7.11;0.43;294.56;12.70;1013;87;4662.00;94
12445;85;626076235;12445;302;13455;13549;7.05;0.43;294.56;12.70;1010;87;4663.00;94
12450;85;626076254;12450;304;13456;13549;7.05;0.43;294.59;12.70;1006;87;4664.00;93
12450;85;626076267;12450;306;13456;13549;7.05;0.43;294.59;12.70;1006;87;4665.00;93
12457;85;626076280;12457;307;13460;13555;7.05;0.43;294.65;12.70;1003;87;4666.00;95
12461;85;626076293;12461;312;13460;13555;7.01;0.42;294.70;12.70;999;87;4667.00;95
12461;85;626076307;12461;313;13461;13555;7.02;0.42;294.70;12.70;1000;87;4668.00;94
12466;85;626076319;12466;321;13461;13555;6.98;0.42;294.74;12.70;995;87;4669.00;94
12471;85;626076332;12471;327;13464;13559;6.90;0.42;294.79;12.69;993;87;4670.00;95
12471;85;626076345;12471;323;13466;13560;6.93;0.42;294.79;12.75;995;87;4671.00;94
12473;85;626076357;12473;326;13466;13560;6.89;0.42;294.88;12.75;993;87;4672.00;94
12474;85;626076369;12474;336;13467;13561;6.88;0.42;294.92;12.75;993;87;4673.00;94
12477;85;626076382;12477;340;13467;13561;6.81;0.41;294.94;12.75;990;87;4674.00;94
12478;85;626076394;12478;349;13467;13561;6.80;0.41;294.94;12.75;989;87;4675.00;94
12480;85;626076405;12480;349;13467;13561;6.72;0.41;295.01;12.75;987;87;4676.00;94
12481;85;626076418;12481;346;13467;13561;6.74;0.41;295.01;12.75;986;87;4677.00;94
12483;85;626076430;12483;347;13467;13561;6.75;0.41;295.08;12.75;984;87;4678.00;94
12486;85;626076442;12486;353;13467;13561;6.71;0.41;295.18;12.75;981;87;4679.00;94
12486;85;626076455;12486;367;13532;13686;6.76;0.41;295.18;12.69;1046;87;4680.00;154
12490;85;626076477;12490;350;13532;13687;6.74;0.41;295.27;12.69;1042;87;4681.00;155
12494;85;626076493;12494;325;13540;13687;6.81;0.42;295.30;12.68;1046;87;4682.00;147
12496;85;626076505;12496;320;13543;13687;6.86;0.42;295.35;12.68;1047;87;4683.00;144
12500;85;626076517;12500;310;13546;13687;6.92;0.42;295.40;12.68;1046;87;4684.00;141
12503;85;626076530;12503;302;13551;13687;7.00;0.43;295.44;12.67;1048;87;4685.00;136
12505;85;626076543;12505;295;13558;13687;7.05;0.43;295.49;12.73;1053;87;4686.00;129
12506;85;626076556;12506;293;13559;13687;7.13;0.44;295.50;12.73;1053;87;4687.00;128
12508;85;626076569;12508;292;13562;13688;7.14;0.44;295.52;12.73;1054;87;4688.00;126
12512;85;626076582;12512;293;13563;13689;7.15;0.44;295.56;12.78;1051;87;4689.00;126
12517;85;626076595;12517;287;13566;13689;7.08;0.43;295.55;12.78;1049;87;4690.00;123
12521;85;626076608;12521;286;13570;13693;7.01;0.43;295.56;12.83;1049;87;4691.00;123
12523;85;626076620;12523;282;13571;13693;6.96;0.43;295.58;12.83;1048;87;4692.00;122
12527;85;626076634;12527;278;13571;13693;6.85;0.42;295.56;12.83;1044;87;4693.00;122
12528;85;626076647;12528;276;13574;13693;6.79;0.42;295.60;12.90;1046;87;4694.00;119
12532;85;626076660;12532;275;13577;13699;6.74;0.41;295.57;12.90;1045;87;4695.00;122
12535;85;626076674;12535;262;13579;13699;6.71;0.41;295.56;12.91;1044;87;4696.00;120
12540;85;626076687;12540;261;13581;13699;6.73;0.41;295.64;12.91;1041;87;4697.00;118
12544;85;626076699;12544;252;13584;13702;6.79;0.41;295.69;12.91;1040;87;4698.00;118
12551;85;626076713;12551;253;13585;13702;6.82;0.42;295.69;12.96;1034;87;4699.00;117
12554;85;626076727;12554;252;13586;13702;6.85;0.42;295.75;12.96;1032;87;4700.00;116
12555;85;626076745;12555;247;13587;13703;6.92;0.42;295.77;12.96;1032;87;4701.00;116
12558;85;626076763;12558;247;13589;13704;6.98;0.43;295.74;13.02;1031;87;4702.00;115
12561;85;626076776;12561;242;13589;13704;7.09;0.43;295.72;13.02;1028;87;4703.00;115
12564;85;626076790;12564;242;13598;13717;7.18;0.44;295.73;13.01;1034;87;4704.00;119
12568;85;626076804;12568;236;13598;13717;7.25;0.44;295.69;13.01;1030;87;4705.00;119
12570;85;626076817;12570;246;13598;13717;7.34;0.45;295.73;13.01;1028;87;4706.00;119
12574;85;626076831;12574;247;13599;13718;7.38;0.45;295.77;13.01;1025;87;4707.00;119
12577;85;626076845;12577;244;13600;13718;7.41;0.45;295.78;13.01;1023;87;4708.00;118
12580;85;626076857;12580;243;13602;13722;7.45;0.45;295.76;13.00;1022;87;4709.00;120
12582;85;626076874;12582;241;13605;13722;7.43;0.45;295.78;13.00;1023;87;4710.00;117
12588;85;626076887;12588;247;13608;13726;7.38;0.45;295.82;13.00;1020;87;4711.00;118
12591;85;626076901;12591;243;13609;13726;7.36;0.45;295.85;13.00;1018;87;4712.00;117
12594;85;626076914;12594;246;13609;13726;7.32;0.44;295.87;13.00;1015;87;4713.00;117
12596;85;626076928;12596;251;13609;13726;7.32;0.44;295.87;13.00;1013;87;4714.00;117
12598;85;626076951;12598;251;13611;13726;7.29;0.44;295.86;13.02;1013;87;4715.00;115
12600;85;626076972;12600;258;13620;13738;7.34;0.45;295.87;13.01;1020;87;4716.00;118
12602;85;626076996;12602;256;13622;13738;7.40;0.45;295.87;13.01;1020;87;4717.00;116
12604;85;626077016;12604;257;13623;13738;7.41;0.45;295.90;13.01;1019;87;4718.00;115
12608;85;626077042;12608;261;13625;13738;7.42;0.45;295.99;13.02;1017;87;4719.00;113
12610;85;626077064;12610;267;13626;13738;7.40;0.45;296.02;13.04;1016;87;4720.00;112
12614;85;626077079;12614;274;13627;13738;7.38;0.45;296.03;13.04;1013;87;4721.00;111
12615;85;626077095;12615;274;13628;13739;7.39;0.45;296.03;13.04;1013;87;4722.00;111
12618;85;626077109;12618;274;13628;13739;7.37;0.45;296.05;13.04;1010;87;4723.00;111
12618;85;626077123;12618;275;13634;13745;7.48;0.46;296.05;13.06;1016;87;4724.00;111
12621;85;626077139;12621;273;13637;13747;7.53;0.46;296.06;13.06;1016;87;4725.00;110
12626;85;626077154;12626;277;13639;13747;7.51;0.46;296.09;13.08;1013;87;4726.00;108
12630;85;626077168;12630;278;13639;13747;7.48;0.46;296.09;13.08;1009;87;4727.00;108
12633;85;626077182;12633;281;13643;13751;7.49;0.46;296.13;13.09;1010;87;4728.00;108
12635;85;626077197;12635;282;13644;13751;7.49;0.46;296.15;13.10;1009;87;4729.00;107
12636;85;626077211;12636;286;13645;13751;7.45;0.46;296.21;13.10;1009;87;4730.00;106
12638;85;626077225;12638;290;13647;13752;7.45;0.46;296.22;13.12;1009;87;4731.00;105
12640;85;626077239;12640;299;13650;13756;7.45;0.46;296.24;13.12;1010;87;4732.00;106
12643;85;626077253;12643;305;13652;13756;7.41;0.45;296.24;13.14;1009;87;4733.00;104
12645;85;626077267;12645;310;13654;13759;7.40;0.45;296.25;13.13;1009;87;4734.00;105
12648;85;626077280;12648;312;13657;13759;7.37;0.45;296.25;13.15;1009;87;4735.00;102
12650;85;626077293;12650;313;13657;13759;7.30;0.45;296.32;13.15;1007;87;4736.00;102
12654;85;626077314;12654;320;13658;13759;7.25;0.44;296.33;13.17;1004;87;4737.00;101
12655;85;626077327;12655;326;13661;13763;7.21;0.44;296.35;13.16;1006;87;4738.00;102
12656;85;626077340;12656;321;13661;13763;7.13;0.44;296.34;13.16;1005;87;4739.00;102
12657;85;626077355;12657;317;13665;13763;7.08;0.43;296.32;13.20;1008;87;4740.00;98
12658;85;626077367;12658;318;13666;13763;7.03;0.43;296.32;13.22;1008;87;4741.00;97
12662;85;626077381;12662;319;13668;13764;6.92;0.42;296.39;13.24;1006;87;4742.00;96
12663;85;626077394;12663;320;13669;13765;6.88;0.42;296.39;13.24;1006;87;4743.00;96
12665;85;626077406;12665;324;13669;13765;6.84;0.42;296.45;13.24;1004;87;4744.00;96
12666;85;626077418;12666;330;13672;13766;6.80;0.42;296.44;13.26;1006;87;4745.00;94
12671;85;626077431;12671;336;13672;13766;6.72;0.41;296.45;13.26;1001;87;4746.00;94
12672;85;626077443;12672;334;13672;13766;6.68;0.41;296.44;13.26;1000;87;4747.00;94
12673;85;626077456;12673;341;13674;13766;6.68;0.41;296.43;13.29;1001;87;4748.00;92
12675;85;626077469;12675;345;13674;13766;6.62;0.41;296.45;13.29;999;87;4749.00;92
12677;85;626077481;12677;348;13676;13766;6.55;0.40;296.42;13.31;999;87;4750.00;90
12681;85;626077492;12681;348;13677;13766;6.46;0.40;296.42;13.32;996;87;4751.00;89
12685;85;626077504;12685;371;13740;13893;6.65;0.41;296.38;13.26;1055;87;4752.00;153
12690;85;626077526;12690;373;13743;13894;6.56;0.41;296.39;13.26;1053;87;4753.00;151
12691;85;626077539;12691;381;13754;13894;6.60;0.41;296.39;13.25;1063;87;4754.00;140
12696;85;626077550;12696;379;13761;13894;6.55;0.41;296.37;13.27;1065;87;4755.00;133
12700;85;626077563;12700;384;13768;13894;6.51;0.40;296.33;13.27;1068;87;4756.00;126
12703;85;626077575;12703;390;13770;13894;6.40;0.40;296.32;13.26;1067;87;4757.00;124
12705;85;626077587;12705;401;13776;13894;6.29;0.39;296.32;13.28;1071;87;4758.00;118
12710;85;626077599;12710;410;13778;13894;6.10;0.38;296.29;13.28;1068;87;4759.00;116
12710;85;626077618;12710;404;13780;13895;6.03;0.37;296.29;13.28;1070;87;4760.00;115
12716;85;626077630;12716;408;13786;13896;5.95;0.37;296.25;13.30;1070;87;4761.00;110
12720;85;626077643;12720;411;13788;13896;5.85;0.36;296.22;13.30;1068;87;4762.00;108
12724;85;626077656;12724;419;13794;13897;5.77;0.36;296.21;13.31;1070;87;4763.00;103
12725;85;626077669;12725;426;13798;13897;5.73;0.36;296.22;13.31;1073;87;4764.00;99
12727;85;626077681;12727;439;13799;13897;5.70;0.35;296.23;13.31;1072;87;4765.00;98
12730;85;626077694;12730;448;13803;13897;5.66;0.35;296.22;13.32;1073;87;4766.00;94
12734;85;626077706;12734;441;13806;13901;5.63;0.35;296.35;13.32;1072;87;4767.00;95
12734;85;626077724;12734;445;13810;13901;5.64;0.35;296.35;13.34;1076;87;4768.00;91
12737;85;626077740;12737;448;13811;13901;5.64;0.35;296.35;13.34;1074;87;4769.00;90
12742;85;626077756;12742;444;13814;13907;5.68;0.35;296.30;13.33;1072;87;4770.00;93
12745;85;626077769;12745;446;13815;13907;5.72;0.35;296.28;13.33;1070;87;4771.00;92
12747;85;626077783;12747;451;13816;13907;5.74;0.36;296.29;13.33;1069;87;4772.00;91
12750;85;626077795;12750;448;13818;13911;5.72;0.35;296.28;13.33;1068;87;4773.00;93
12754;85;626077808;12754;452;13821;13912;5.73;0.35;296.26;13.33;1067;87;4774.00;91
12756;85;626077824;12756;457;13821;13912;5.73;0.36;296.23;13.33;1065;87;4775.00;91
12759;85;626077839;12759;457;13825;13916;5.77;0.36;296.23;13.33;1066;87;4776.00;91
12762;85;626077852;12762;459;13825;13916;5.77;0.36;296.21;13.33;1063;87;4777.00;91
12764;85;626077865;12764;464;13826;13916;5.78;0.36;296.18;13.33;1062;87;4778.00;90
12767;85;626077879;12767;453;13827;13917;5.79;0.36;296.19;13.32;1060;87;4779.00;90
12770;85;626077892;12770;442;13828;13917;5.82;0.36;296.17;13.32;1058;87;4780.00;89
12774;85;626077904;12774;437;13831;13923;5.80;0.36;296.17;13.32;1057;87;4781.00;92
12779;85;626077917;12779;438;13832;13923;5.77;0.35;296.12;13.32;1053;87;4782.00;91
12783;85;626077937;12783;432;13832;13924;5.76;0.35;296.05;13.32;1049;87;4783.00;92
12786;86;626077950;12786;430;13833;13924;5.84;0.36;296.03;13.32;1047;88;4784.00;91
12790;86;626077976;12790;430;13834;13924;5.84;0.36;296.01;13.38;1044;88;4785.00;90
12795;86;626077992;12795;422;13834;13924;5.87;0.36;295.98;13.38;1039;88;4786.00;90
12797;86;626078009;12797;416;13834;13924;5.89;0.36;295.99;13.38;1037;88;4787.00;90
12798;86;626078030;12798;418;13844;13936;6.02;0.37;295.99;13.37;1046;88;4788.00;92
12803;86;626078052;12803;415;13844;13936;6.00;0.37;296.07;13.37;1041;88;4789.00;92
12805;86;626078069;12805;418;13845;13936;6.04;0.37;296.06;13.37;1040;88;4790.00;91
12807;86;626078085;12807;424;13845;13936;6.07;0.37;296.08;13.37;1038;88;4791.00;91
12809;86;626078099;12809;418;13845;13936;6.10;0.37;296.08;13.37;1036;88;4792.00;91
12810;86;626078118;12810;416;13845;13936;6.12;0.38;296.09;13.37;1035;88;4793.00;91
12815;86;626078137;12815;420;13848;13940;6.13;0.38;296.05;13.37;1033;88;4794.00;92
12816;86;626078155;12816;421;13848;13940;6.19;0.38;296.05;13.37;1032;88;4795.00;92
12819;86;626078169;12819;418;13851;13944;6.20;0.38;296.05;13.36;1032;88;4796.00;93
12823;86;626078182;12823;415;13852;13945;6.24;0.38;296.07;13.36;1029;88;4797.00;93
12824;86;626078196;12824;418;13853;13945;6.26;0.38;296.09;13.36;1029;88;4798.00;92
12828;86;626078209;12828;412;13853;13945;6.21;0.38;296.06;13.36;1025;88;4799.00;92
12830;86;626078224;12830;422;13874;13986;6.27;0.38;296.09;13.34;1044;88;4800.00;112
12834;86;626078244;12834;422;13876;13986;6.23;0.38;296.16;13.34;1042;88;4801.00;110
12838;86;626078258;12838;417;13879;13986;6.24;0.38;296.10;13.40;1041;88;4802.00;107
12840;86;626078271;12840;420;13881;13987;6.22;0.38;296.11;13.40;1041;88;4803.00;106
12843;86;626078284;12843;424;13882;13988;6.18;0.38;296.12;13.39;1039;88;4804.00;106
12845;86;626078296;12845;434;13884;13988;6.16;0.38;296.11;13.39;1039;88;4805.00;104
12848;86;626078309;12848;434;13886;13991;6.12;0.37;296.13;13.39;1038;88;4806.00;105
12851;86;626078323;12851;434;13887;13991;6.08;0.37;296.16;13.39;1036;88;4807.00;104
12853;86;626078336;12853;435;13888;13991;6.09;0.37;296.18;13.39;1035;88;4808.00;103
12856;86;626078349;12856;430;13889;13991;6.10;0.37;296.21;13.39;1033;88;4809.00;102
12863;86;626078362;12863;430;13893;13997;6.03;0.37;296.23;13.39;1030;88;4810.00;104
12866;86;626078375;12866;425;13895;13997;6.08;0.37;296.22;13.39;1029;88;4811.00;102
12870;86;626078389;12870;419;13895;13997;6.12;0.37;296.29;13.39;1025;88;4812.00;102
12873;86;626078402;12873;425;13895;13997;6.13;0.37;296.32;13.39;1022;88;4813.00;102
12877;86;626078415;12877;416;13898;14001;6.20;0.38;296.35;13.38;1021;88;4814.00;103
12885;86;626078428;12885;410;13901;14003;6.18;0.38;296.34;13.44;1016;88;4815.00;102
12889;87;626078447;12889;399;13901;14003;6.21;0.38;296.41;13.44;1012;89;4816.00;102
12890;87;626078473;12890;390;13903;14004;6.32;0.38;296.40;13.44;1013;89;4817.00;101
12896;87;626078486;12896;369;13904;14004;6.35;0.39;296.45;13.50;1008;89;4818.00;100
12898;87;626078500;12898;363;13904;14004;6.36;0.39;296.54;13.50;1006;89;4819.00;100
12900;87;626078521;12900;359;13904;14004;6.37;0.39;296.53;13.50;1004;89;4820.00;100
12902;87;626078544;12902;354;13905;14004;6.34;0.38;296.59;13.56;1003;89;4821.00;99
12905;87;626078559;12905;344;13905;14004;6.33;0.38;296.63;13.56;1000;89;4822.00;99
12905;87;626078574;12905;345;13906;14004;6.35;0.39;296.63;13.56;1001;89;4823.00;98
12907;87;626078590;12907;356;13947;14074;6.30;0.38;296.69;13.52;1040;89;4824.00;127
12912;87;626078612;12912;348;13948;14075;6.29;0.38;296.70;13.58;1036;89;4825.00;127
12912;87;626078626;12912;336;13953;14075;6.40;0.39;296.70;13.58;1041;89;4826.00;122
12916;87;626078640;12916;331;13955;14075;6.41;0.39;296.77;13.58;1039;89;4827.00;120
12917;87;626078653;12917;326;13958;14077;6.48;0.39;296.76;13.58;1041;89;4828.00;119
12921;87;626078667;12921;322;13961;14077;6.55;0.40;296.80;13.58;1040;89;4829.00;116
12923;87;626078682;12923;330;13964;14077;6.59;0.40;296.82;13.64;1041;89;4830.00;113
12927;87;626078697;12927;329;13966;14077;6.63;0.40;296.83;13.64;1039;89;4831.00;111
12928;87;626078711;12928;324;13969;14078;6.72;0.41;296.83;13.63;1041;89;4832.00;109
12932;87;626078725;12932;320;13971;14079;6.75;0.41;296.91;13.63;1039;89;4833.00;108
12934;87;626078738;12934;319;13975;14079;6.77;0.41;296.90;13.63;1041;89;4834.00;104
12936;87;626078751;12936;320;13979;14083;6.75;0.41;296.93;13.63;1043;89;4835.00;104
12936;87;626078764;12936;319;13981;14083;6.78;0.41;296.93;13.63;1045;89;4836.00;102
12939;87;626078776;12939;315;13982;14083;6.77;0.41;297.01;13.63;1043;89;4837.00;101
12942;87;626078791;12942;323;13982;14083;6.81;0.41;296.99;13.63;1040;89;4838.00;101
12942;87;626078804;12942;325;13987;14089;6.87;0.42;296.99;13.63;1045;89;4839.00;102
12943;87;626078818;12943;329;13988;14089;6.86;0.42;296.99;13.63;1045;89;4840.00;101
12945;87;626078831;12945;329;13988;14089;6.87;0.42;297.01;13.63;1043;89;4841.00;101
12949;87;626078844;12949;329;13991;14092;6.84;0.41;296.99;13.62;1042;89;4842.00;101
12950;87;626078857;12950;335;13991;14092;6.80;0.41;296.98;13.62;1041;89;4843.00;101
12950;87;626078870;12950;337;13991;14092;6.79;0.41;296.98;13.62;1041;89;4844.00;101
12952;87;626078883;12952;335;13991;14093;6.71;0.41;297.01;13.62;1039;89;4845.00;102
12952;87;626078897;12952;336;13992;14094;6.70;0.41;297.01;13.62;1040;89;4846.00;102
12952;87;626078910;12952;333;13992;14094;6.67;0.41;297.01;13.62;1040;89;4847.00;102
12953;87;626078923;12953;328;14002;14107;6.68;0.41;296.99;13.61;1049;89;4848.00;105
12953;87;626078939;12953;331;14003;14107;6.66;0.40;296.99;13.67;1050;89;4849.00;104
12953;87;626078959;12953;324;14003;14107;6.65;0.40;296.99;13.67;1050;89;4850.00;104
12953;87;626078983;12953;323;14004;14108;6.72;0.41;296.99;13.67;1051;89;4851.00;104
12954;87;626079011;12954;315;14004;14108;6.72;0.41;297.03;13.67;1050;89;4852.00;104
12957;87;626079030;12957;313;14007;14112;6.72;0.41;297.03;13.67;1050;89;4853.00;105
12963;87;626079049;12963;308;14007;14112;6.69;0.41;297.05;13.67;1044;89;4854.00;105
12967;87;626079068;12967;304;14012;14116;6.69;0.41;297.05;13.72;1045;89;4855.00;104
12967;87;626079084;12967;288;14012;14116;6.69;0.41;297.05;13.72;1045;89;4856.00;104
12970;87;626079099;12970;290;14012;14116;6.73;0.41;297.07;13.72;1042;89;4857.00;104
12972;87;626079114;12972;279;14012;14116;6.77;0.41;297.07;13.72;1040;89;4858.00;104
12976;87;626079128;12976;274;14012;14116;6.77;0.41;297.10;13.72;1036;89;4859.00;104
12982;87;626079145;12982;276;14033;14150;6.73;0.41;297.12;13.70;1051;89;4860.00;117
12983;88;626079162;12983;262;14035;14150;6.73;0.41;297.11;13.76;1052;90;4861.00;115
12987;88;626079184;12987;252;14035;14150;6.71;0.41;297.22;13.76;1048;90;4862.00;115
12992;88;626079204;12992;252;14036;14150;6.72;0.41;297.26;13.76;1044;90;4863.00;114
12995;88;626079220;12995;242;14036;14150;6.78;0.41;297.30;13.76;1041;90;4864.00;114
12997;89;626079235;12997;243;14039;14150;6.86;0.42;297.32;13.78;1042;91;4865.00;111
13002;89;626079265;13002;244;14040;14151;6.94;0.42;297.38;13.78;1038;91;4866.00;111
13005;89;626079280;13005;243;14040;14151;6.99;0.43;297.40;13.78;1035;91;4867.00;111
13011;89;626079294;13011;239;14044;14157;7.00;0.43;297.47;13.78;1033;91;4868.00;113
13014;89;626079309;13014;230;14046;14158;6.93;0.42;297.49;13.83;1032;91;4869.00;112
13018;89;626079329;13018;242;14047;14158;6.90;0.42;297.51;13.83;1029;91;4870.00;111
13020;89;626079343;13020;235;14047;14158;6.82;0.41;297.57;13.83;1027;91;4871.00;111
13023;89;626079357;13023;230;14049;14162;6.84;0.41;297.56;13.83;1026;91;4872.00;113
13027;89;626079377;13027;232;14049;14162;6.81;0.41;297.64;13.83;1022;91;4873.00;113
13029;89;626079392;13029;234;14049;14162;6.81;0.41;297.67;13.83;1020;91;4874.00;113
13031;89;626079407;13031;237;14050;14163;6.85;0.42;297.72;13.83;1019;91;4875.00;113
13036;89;626079425;13036;240;14053;14167;6.84;0.41;297.77;13.83;1017;91;4876.00;114
13039;89;626079443;13039;240;14054;14167;6.84;0.41;297.85;13.88;1015;91;4877.00;113
13043;89;626079462;13043;235;14057;14170;6.83;0.41;297.80;13.88;1014;91;4878.00;113
13047;89;626079480;13047;240;14057;14170;6.78;0.41;297.82;13.88;1010;91;4879.00;113
13050;89;626079498;13050;246;14059;14170;6.78;0.41;297.85;13.88;1009;91;4880.00;111
13051;89;626079514;13051;251;14059;14170;6.82;0.41;297.87;13.88;1008;91;4881.00;111
13052;89;626079527;13052;255;14062;14174;6.86;0.42;297.85;13.88;1010;91;4882.00;112
13052;89;626079542;13052;253;14064;14174;6.92;0.42;297.85;13.88;1012;91;4883.00;110
13056;89;626079556;13056;258;14065;14174;6.90;0.42;297.88;13.88;1009;91;4884.00;109
13059;89;626079576;13059;260;14066;14174;6.89;0.42;297.88;13.88;1007;91;4885.00;108
13062;89;626079591;13062;272;14066;14175;6.84;0.41;297.98;13.88;1004;91;4886.00;109
13063;89;626079606;13063;281;14068;14176;6.83;0.41;298.04;13.88;1005;91;4887.00;108
13065;89;626079620;13065;288;14068;14176;6.80;0.41;298.04;13.88;1003;91;4888.00;108
13068;89;626079634;13068;287;14069;14177;6.75;0.41;298.10;13.88;1001;91;4889.00;108
13070;89;626079650;13070;296;14071;14177;6.71;0.41;298.16;13.91;1001;91;4890.00;106
13071;89;626079664;13071;300;14071;14177;6.71;0.41;298.21;13.91;1000;91;4891.00;106
13074;89;626079677;13074;297;14071;14177;6.69;0.41;298.24;13.91;997;91;4892.00;106
13076;89;626079694;13076;301;14073;14177;6.68;0.40;298.24;13.93;997;91;4893.00;104
13077;89;626079712;13077;306;14073;14177;6.70;0.41;298.27;13.93;996;91;4894.00;104
13078;89;626079728;13078;306;14075;14177;6.69;0.41;298.26;13.96;997;91;4895.00;102
13081;89;626079742;13081;312;14135;14304;6.93;0.43;298.32;13.90;1054;91;4896.00;169
13084;89;626079766;13084;311;14137;14305;6.93;0.43;298.29;13.92;1053;91;4897.00;168
13085;89;626079780;13085;305;14149;14305;7.06;0.43;298.30;13.92;1064;91;4898.00;156
13088;89;626079794;13088;305;14154;14305;7.00;0.43;298.26;13.93;1066;91;4899.00;151
13088;89;626079808;13088;314;14164;14305;6.99;0.43;298.26;13.95;1076;91;4900.00;141
13089;89;626079827;13089;313;14168;14305;6.88;0.42;298.24;13.94;1079;91;4901.00;137
13090;89;626079847;13090;315;14176;14305;6.83;0.42;298.23;13.94;1086;91;4902.00;129
13090;89;626079860;13090;315;14180;14305;6.75;0.42;298.23;13.96;1090;91;4903.00;125
13097;89;626079881;13097;324;14184;14306;6.70;0.41;298.13;13.96;1087;91;4904.00;122
13099;89;626079897;13099;324;14190;14308;6.65;0.41;298.10;13.98;1091;91;4905.00;118
13102;89;626079911;13102;334;14193;14308;6.58;0.40;298.11;13.98;1091;91;4906.00;115
13104;89;626079926;13104;338;14198;14309;6.43;0.39;298.07;13.99;1094;91;4907.00;111
13107;89;626079941;13107;349;14201;14309;6.24;0.38;298.02;14.00;1094;91;4908.00;108
13110;89;626079955;13110;351;14204;14309;6.10;0.37;298.08;14.02;1094;91;4909.00;105
13112;89;626079968;13112;359;14206;14309;6.00;0.37;298.06;14.02;1094;91;4910.00;103
13112;89;626079982;13112;364;14210;14313;5.95;0.36;298.06;14.04;1098;91;4911.00;103
13114;89;626079994;13114;371;14212;14313;5.90;0.36;298.03;14.04;1098;91;4912.00;101
13117;89;626080007;13117;375;14214;14313;5.78;0.35;298.01;14.05;1097;91;4913.00;99
13117;89;626080019;13117;383;14217;14316;5.73;0.35;298.01;14.05;1100;91;4914.00;99
13118;89;626080032;13118;386;14217;14316;5.69;0.35;298.00;14.05;1099;91;4915.00;99
13118;89;626080044;13118;392;14219;14316;5.63;0.34;298.00;14.06;1101;91;4916.00;97
13121;89;626080057;13121;396;14222;14320;5.61;0.34;298.03;14.06;1101;91;4917.00;98
13122;89;626080071;13122;401;14227;14321;5.62;0.34;298.09;14.09;1105;91;4918.00;94
13124;89;626080086;13124;396;14228;14321;5.58;0.34;298.05;14.09;1104;91;4919.00;93
13126;89;626080100;13126;397;14232;14326;5.57;0.34;298.02;14.08;1106;91;4920.00;94
13128;89;626080115;13128;396;14233;14326;5.47;0.33;297.99;14.09;1105;91;4921.00;93
13129;89;626080128;13129;403;14234;14326;5.41;0.33;297.99;14.10;1105;91;4922.00;92
13130;89;626080141;13130;412;14236;14327;5.31;0.32;298.01;14.11;1106;91;4923.00;91
13132;89;626080153;13132;417;14238;14327;5.20;0.32;297.99;14.12;1106;91;4924.00;89
13135;89;626080165;13135;416;14242;14333;5.18;0.32;297.99;14.12;1107;91;4925.00;91
13138;89;626080178;13138;427;14243;14333;5.06;0.31;297.96;14.13;1105;91;4926.00;90
13142;89;626080190;13142;439;14245;14334;4.94;0.30;297.95;14.13;1103;91;4927.00;89
13146;89;626080201;13146;443;14245;14334;4.82;0.30;297.92;14.13;1099;91;4928.00;89
13149;89;626080212;13149;446;14246;14334;4.72;0.29;297.91;14.14;1097;91;4929.00;88
13152;89;626080229;13152;443;14248;14334;4.61;0.28;297.90;14.16;1096;91;4930.00;86
13154;89;626080243;13154;428;14248;14334;4.57;0.28;297.89;14.16;1094;91;4931.00;86
13157;89;626080256;13157;411;14259;14346;4.63;0.28;297.95;14.15;1102;91;4932.00;87
13159;89;626080269;13159;408;14260;14346;4.63;0.28;297.94;14.16;1101;91;4933.00;86
13164;89;626080283;13164;408;14261;14346;4.67;0.29;297.91;14.16;1097;91;4934.00;85
13165;89;626080295;13165;403;14263;14346;4.74;0.29;297.92;14.17;1098;91;4935.00;83
13166;90;626080308;13166;398;14263;14346;4.82;0.30;297.94;14.17;1097;92;4936.00;83
13168;90;626080337;13168;397;14264;14346;4.92;0.30;297.96;14.17;1096;92;4937.00;82
13169;90;626080356;13169;390;14267;14350;5.03;0.31;297.97;14.17;1098;92;4938.00;83
13171;90;626080375;13171;383;14267;14350;5.08;0.31;297.99;14.17;1096;92;4939.00;83
13172;90;626080387;13172;376;14271;14354;5.18;0.32;298.00;14.18;1099;92;4940.00;83
13174;91;626080400;13174;385;14272;14355;5.27;0.32;298.02;14.18;1098;93;4941.00;83
13176;91;626080425;13176;378;14273;14355;5.38;0.33;298.03;14.17;1097;93;4942.00;82
13180;91;626080439;13180;379;14273;14355;5.43;0.33;297.99;14.17;1093;93;4943.00;82
13185;91;626080452;13185;373;14283;14368;5.52;0.34;297.93;14.16;1098;93;4944.00;85
13188;91;626080467;13188;373;14283;14368;5.57;0.34;297.92;14.16;1095;93;4945.00;85
13192;91;626080481;13192;373;14284;14368;5.66;0.35;297.91;14.16;1092;93;4946.00;84
13194;91;626080495;13194;372;14285;14369;5.75;0.35;297.90;14.16;1091;93;4947.00;84
13196;91;626080508;13196;371;14285;14370;5.84;0.36;297.90;14.16;1089;93;4948.00;85
13199;91;626080521;13199;366;14285;14370;5.89;0.36;297.87;14.16;1086;93;4949.00;85
13203;91;626080536;13203;369;14289;14379;5.98;0.37;297.93;14.16;1086;93;4950.00;90
13205;91;626080551;13205;369;14291;14379;6.04;0.37;297.92;14.16;1086;93;4951.00;88
13209;91;626080568;13209;361;14291;14379;6.09;0.37;297.90;14.16;1082;93;4952.00;88
13212;91;626080583;13212;353;14292;14379;6.15;0.38;297.92;14.16;1080;93;4953.00;87
13215;91;626080598;13215;350;14295;14385;6.24;0.38;297.94;14.15;1080;93;4954.00;90
13219;91;626080616;13219;353;14296;14385;6.32;0.39;297.91;14.15;1077;93;4955.00;89
13224;91;626080631;13224;352;14297;14385;6.33;0.39;297.88;14.15;1073;93;4956.00;88
13231;91;626080647;13231;349;14298;14385;6.34;0.39;297.89;14.21;1067;93;4957.00;87
13233;91;626080667;13233;351;14302;14389;6.41;0.39;297.89;14.21;1069;93;4958.00;87
13238;91;626080681;13238;353;14304;14390;6.39;0.39;297.93;14.21;1066;93;4959.00;86
13241;91;626080696;13241;357;14304;14390;6.40;0.39;297.94;14.21;1063;93;4960.00;86
13245;91;626080709;13245;354;14305;14391;6.36;0.39;297.97;14.21;1060;93;4961.00;86
13247;91;626080724;13247;366;14305;14391;6.35;0.39;297.97;14.21;1058;93;4962.00;86
13250;91;626080737;13250;369;14305;14391;6.32;0.38;298.00;14.21;1055;93;4963.00;86
13254;91;626080757;13254;370;14305;14391;6.35;0.39;298.10;14.21;1051;93;4964.00;86
13256;91;626080772;13256;360;14305;14391;6.46;0.39;298.16;14.21;1049;93;4965.00;86
13262;91;626080790;13262;356;14305;14391;6.46;0.39;298.20;14.21;1043;93;4966.00;86
13266;91;626080804;13266;358;14305;14391;6.48;0.39;298.25;14.21;1039;93;4967.00;86
13267;91;626080818;13267;378;14347;14461;6.53;0.40;298.24;14.16;1080;93;4968.00;114
13271;91;626080837;13271;367;14347;14462;6.59;0.40;298.32;14.16;1076;93;4969.00;115
13274;91;626080851;13274;362;14352;14462;6.67;0.41;298.40;14.16;1078;93;4970.00;110
13278;91;626080864;13278;368;14356;14462;6.73;0.41;298.41;14.16;1078;93;4971.00;106
13281;91;626080878;13281;366;14362;14462;6.76;0.41;298.53;14.21;1081;93;4972.00;100
13286;91;626080893;13286;361;14366;14462;6.76;0.41;298.55;14.21;1080;93;4973.00;96
13290;91;626080914;13290;366;14369;14462;6.76;0.41;298.61;14.21;1079;93;4974.00;93
13294;91;626080929;13294;367;14370;14462;6.71;0.41;298.62;14.20;1076;93;4975.00;92
13295;91;626080949;13295;357;14372;14463;6.73;0.41;298.63;14.20;1077;93;4976.00;91
13297;91;626080971;13297;360;14373;14464;6.73;0.41;298.65;14.20;1076;93;4977.00;91
13302;91;626080997;13302;360;14374;14464;6.68;0.41;298.66;14.20;1072;93;4978.00;90
13306;91;626081024;13306;357;14377;14468;6.62;0.40;298.71;14.20;1071;93;4979.00;91
13311;91;626081058;13311;353;14377;14468;6.59;0.40;298.75;14.20;1066;93;4980.00;91
13315;91;626081076;13315;358;14377;14468;6.57;0.40;298.79;14.20;1062;93;4981.00;91
13318;91;626081092;13318;363;14377;14468;6.53;0.40;298.84;14.20;1059;93;4982.00;91
13323;91;626081108;13323;369;14381;14474;6.55;0.40;298.86;14.20;1058;93;4983.00;93
13327;91;626081132;13327;363;14381;14474;6.56;0.40;298.85;14.20;1054;93;4984.00;93
13332;91;626081147;13332;372;14383;14474;6.53;0.40;298.95;14.25;1051;93;4985.00;91
13335;91;626081163;13335;361;14385;14477;6.57;0.40;298.98;14.25;1050;93;4986.00;92
13339;91;626081178;13339;350;14386;14477;6.59;0.40;299.11;14.25;1047;93;4987.00;91
13340;91;626081192;13340;345;14386;14477;6.67;0.40;299.13;14.25;1046;93;4988.00;91
13344;91;626081207;13344;339;14386;14478;6.70;0.41;299.14;14.25;1042;93;4989.00;92
13349;91;626081225;13349;328;14387;14479;6.71;0.41;299.21;14.25;1038;93;4990.00;92
13351;91;626081240;13351;326;14387;14479;6.67;0.40;299.23;14.25;1036;93;4991.00;92
13353;91;626081263;13353;330;14397;14492;6.68;0.41;299.29;14.24;1044;93;4992.00;95
13355;91;626081278;13355;333;14397;14492;6.67;0.40;299.29;14.24;1042;93;4993.00;95
13359;91;626081293;13359;336;14398;14492;6.61;0.40;299.35;14.24;1039;93;4994.00;94
13359;91;626081308;13359;341;14400;14494;6.58;0.40;299.35;14.24;1041;93;4995.00;94
13361;91;626081325;13361;336;14400;14494;6.50;0.40;299.46;14.24;1039;93;4996.00;94
13364;91;626081340;13364;332;14403;14498;6.46;0.40;299.52;14.23;1039;93;4997.00;95
13367;91;626081355;13367;337;14404;14498;6.40;0.39;299.52;14.29;1037;93;4998.00;94
13372;91;626081370;13372;321;14408;14502;6.33;0.39;299.51;14.29;1036;93;4999.00;94
13375;91;626081385;13375;321;14408;14502;6.27;0.38;299.50;14.29;1033;93;5000.00;94
13376;91;626081405;13376;324;14408;14502;6.23;0.38;299.50;14.29;1032;93;5001.00;94
13379;91;626081419;13379;316;14408;14502;6.18;0.38;299.53;14.29;1029;93;5002.00;94
13381;91;626081433;13381;316;14408;14502;6.15;0.37;299.52;14.29;1027;93;5003.00;94
13384;91;626081446;13384;318;14418;14514;6.16;0.38;299.57;14.28;1034;93;5004.00;96
13386;91;626081462;13386;319;14418;14514;6.16;0.38;299.55;14.28;1032;93;5005.00;96
13389;91;626081477;13389;315;14419;14514;6.20;0.38;299.53;14.28;1030;93;5006.00;95
13391;91;626081491;13391;312;14419;14514;6.17;0.38;299.57;14.28;1028;93;5007.00;95
13392;91;626081504;13392;308;14419;14514;6.12;0.37;299.59;14.28;1027;93;5008.00;95
13394;91;626081518;13394;302;14419;14514;6.10;0.37;299.61;14.28;1025;93;5009.00;95
13398;91;626081533;13398;301;14419;14515;6.09;0.37;299.62;14.28;1021;93;5010.00;96
13400;91;626081546;13400;299;14419;14515;6.14;0.37;299.60;14.28;1019;93;5011.00;96
13401;91;626081560;13401;303;14423;14521;6.16;0.38;299.61;14.27;1022;93;5012.00;98
13403;91;626081580;13403;304;14424;14522;6.18;0.38;299.67;14.27;1021;93;5013.00;98
13404;91;626081594;13404;301;14425;14522;6.21;0.38;299.69;14.27;1021;93;5014.00;97
13405;91;626081608;13405;297;14425;14522;6.18;0.38;299.68;14.27;1020;93;5015.00;97
13406;91;626081620;13406;296;14428;14526;6.23;0.38;299.67;14.27;1022;93;5016.00;98
13407;91;626081634;13407;302;14429;14526;6.21;0.38;299.67;14.32;1022;93;5017.00;97
13410;91;626081649;13410;302;14429;14526;6.21;0.38;299.65;14.32;1019;93;5018.00;97
13411;91;626081662;13411;302;14430;14527;6.26;0.38;299.64;14.32;1019;93;5019.00;97
13412;91;626081681;13412;296;14433;14531;6.24;0.38;299.63;14.32;1021;93;5020.00;98
13412;91;626081695;13412;288;14433;14531;6.20;0.38;299.63;14.32;1021;93;5021.00;98
13414;91;626081708;13414;290;14435;14534;6.22;0.38;299.63;14.32;1021;93;5022.00;99
13418;91;626081721;13418;290;14435;14534;6.13;0.37;299.59;14.32;1017;93;5023.00;99
13421;91;626081734;13421;282;14436;14534;6.10;0.37;299.57;14.32;1015;93;5024.00;98
13424;91;626081747;13424;273;14436;14534;6.10;0.37;299.60;14.32;1012;93;5025.00;98
13425;91;626081760;13425;271;14439;14538;6.11;0.37;299.63;14.31;1014;93;5026.00;99
13429;91;626081774;13429;261;14439;14538;6.06;0.37;299.67;14.31;1010;93;5027.00;99
13430;91;626081787;13430;255;14440;14538;6.09;0.37;299.70;14.31;1010;93;5028.00;98
13433;91;626081799;13433;254;14441;14538;6.07;0.37;299.70;14.37;1008;93;5029.00;97
13436;91;626081811;13436;247;14441;14539;6.05;0.37;299.76;14.37;1005;93;5030.00;98
13437;91;626081823;13437;239;14443;14540;6.05;0.37;299.75;14.42;1006;93;5031.00;97
13440;91;626081835;13440;227;14443;14540;6.08;0.37;299.75;14.42;1003;93;5032.00;97
13446;91;626081848;13446;219;14444;14541;6.05;0.37;299.75;14.42;998;93;5033.00;97
13451;91;626081861;13451;215;14444;14541;6.05;0.37;299.87;14.42;993;93;5034.00;97
13453;91;626081873;13453;213;14445;14541;6.06;0.37;299.91;14.44;992;93;5035.00;96
13457;92;626081886;13457;216;14445;14541;6.07;0.37;299.94;14.44;988;94;5036.00;96
13460;92;626081915;13460;209;14446;14541;6.07;0.37;299.95;14.48;986;94;5037.00;95
13463;92;626081933;13463;212;14446;14541;6.08;0.37;299.99;14.48;983;94;5038.00;95
13468;92;626081950;13468;211;14446;14541;6.06;0.37;299.98;14.48;978;94;5039.00;95
13471;92;626081964;13471;248;14547;14771;6.26;0.39;300.00;14.38;1076;94;5040.00;224
13475;92;626082000;13475;237;14549;14772;6.24;0.39;300.06;14.38;1074;94;5041.00;223
13475;92;626082014;13475;226;14557;14772;6.39;0.40;300.06;14.37;1082;94;5042.00;215
13478;92;626082026;13478;221;14563;14772;6.45;0.40;300.02;14.42;1085;94;5043.00;209
13480;92;626082039;13480;229;14570;14772;6.45;0.40;299.99;14.41;1090;94;5044.00;202
13480;92;626082058;13480;226;14578;14772;6.49;0.40;299.99;14.41;1098;94;5045.00;194
13482;92;626082076;13482;220;14585;14772;6.56;0.41;300.05;14.41;1103;94;5046.00;187
13484;92;626082089;13484;217;14590;14772;6.59;0.41;300.04;14.40;1106;94;5047.00;182
13488;92;626082102;13488;222;14595;14773;6.61;0.41;300.00;14.40;1107;94;5048.00;178
13493;92;626082116;13493;222;14600;14774;6.66;0.41;300.05;14.40;1107;94;5049.00;174
13497;92;626082128;13497;220;14604;14774;6.62;0.41;300.06;14.40;1107;94;5050.00;170
13500;92;626082143;13500;221;14606;14775;6.62;0.41;300.04;14.40;1106;94;5051.00;169
13500;92;626082156;13500;229;14610;14775;6.58;0.41;300.04;14.40;1110;94;5052.00;165
13501;92;626082169;13501;231;14612;14775;6.54;0.40;300.03;14.40;1111;94;5053.00;163
13501;92;626082182;13501;242;14616;14775;6.51;0.40;300.03;14.40;1115;94;5054.00;159
13502;92;626082196;13502;236;14620;14779;6.52;0.40;300.03;14.39;1118;94;5055.00;159
13503;92;626082210;13503;239;14623;14779;6.47;0.40;300.01;14.41;1120;94;5056.00;156
13508;92;626082224;13508;243;14626;14779;6.44;0.40;299.98;14.41;1118;94;5057.00;153
13509;92;626082238;13509;255;14630;14782;6.45;0.40;299.98;14.41;1121;94;5058.00;152
13514;92;626082252;13514;264;14636;14782;6.38;0.39;299.96;14.44;1122;94;5059.00;146
13515;92;626082272;13515;266;14639;14782;6.34;0.39;299.95;14.48;1124;94;5060.00;143
13515;92;626082291;13515;265;14644;14786;6.35;0.39;299.95;14.48;1129;94;5061.00;142
13518;92;626082305;13518;276;14648;14787;6.34;0.39;299.90;14.51;1130;94;5062.00;139
13521;92;626082319;13521;285;14648;14787;6.33;0.39;299.87;14.51;1127;94;5063.00;139
13521;92;626082339;13521;292;14654;14791;6.32;0.39;299.87;14.51;1133;94;5064.00;137
13523;92;626082354;13523;301;14657;14791;6.28;0.38;299.85;14.53;1134;94;5065.00;134
13525;92;626082367;13525;305;14660;14791;6.20;0.38;299.82;14.53;1135;94;5066.00;131
13525;92;626082383;13525;320;14664;14792;6.15;0.38;299.82;14.56;1139;94;5067.00;128
13527;92;626082397;13527;326;14665;14792;6.13;0.38;299.78;14.56;1138;94;5068.00;127
13529;92;626082410;13529;336;14671;14798;6.10;0.38;299.75;14.57;1142;94;5069.00;127
13530;92;626082426;13530;334;14674;14798;6.04;0.37;299.73;14.58;1144;94;5070.00;124
13530;92;626082439;13530;349;14676;14799;5.99;0.37;299.73;14.58;1146;94;5071.00;123
13536;92;626082452;13536;365;14680;14799;5.90;0.36;299.67;14.62;1144;94;5072.00;119
13538;92;626082465;13538;365;14680;14799;5.83;0.36;299.64;14.62;1142;94;5073.00;119
13540;92;626082478;13540;378;14682;14799;5.78;0.35;299.63;14.62;1142;94;5074.00;117
13541;92;626082491;13541;387;14684;14799;5.73;0.35;299.62;14.63;1143;94;5075.00;115
13543;92;626082503;13543;390;14697;14811;5.67;0.35;299.61;14.64;1154;94;5076.00;114
13545;92;626082518;13545;396;14698;14811;5.55;0.34;299.57;14.64;1153;94;5077.00;113
13547;92;626082530;13547;409;14702;14811;5.48;0.34;299.59;14.66;1155;94;5078.00;109
13548;92;626082543;13548;407;14703;14811;5.43;0.33;299.59;14.67;1155;94;5079.00;108
13551;92;626082556;13551;401;14704;14811;5.38;0.33;299.57;14.68;1153;94;5080.00;107
13551;92;626082569;13551;408;14705;14811;5.38;0.33;299.57;14.69;1154;94;5081.00;106
13552;92;626082581;13552;421;14709;14815;5.34;0.32;299.55;14.70;1157;94;5082.00;106
13554;92;626082595;13554;407;14710;14815;5.30;0.32;299.55;14.70;1156;94;5083.00;105
13556;92;626082608;13556;398;14713;14819;5.32;0.32;299.54;14.70;1157;94;5084.00;106
13556;92;626082621;13556;384;14716;14821;5.35;0.33;299.54;14.71;1160;94;5085.00;105
13558;92;626082634;13558;381;14718;14821;5.36;0.33;299.50;14.71;1160;94;5086.00;103
13561;92;626082647;13561;372;14718;14821;5.41;0.33;299.46;14.71;1157;94;5087.00;103
13561;92;626082660;13561;363;14730;14834;5.55;0.34;299.46;14.71;1169;94;5088.00;104
13561;92;626082674;13561;363;14731;14834;5.64;0.34;299.46;14.72;1170;94;5089.00;103
13561;92;626082693;13561;361;14732;14834;5.71;0.35;299.46;14.73;1171;94;5090.00;102
13561;92;626082706;13561;357;14733;14835;5.78;0.35;299.46;14.73;1172;94;5091.00;102
13564;92;626082731;13564;345;14733;14836;5.76;0.35;299.44;14.73;1169;94;5092.00;103
13565;92;626082761;13565;345;14736;14836;5.76;0.35;299.44;14.76;1171;94;5093.00;100
13567;92;626082794;13567;346;14738;14839;5.76;0.35;299.43;14.76;1171;94;5094.00;101
13570;92;626082816;13570;346;14741;14839;5.71;0.35;299.42;14.77;1171;94;5095.00;98
13572;92;626082832;13572;350;14741;14839;5.67;0.35;299.45;14.77;1169;94;5096.00;98
13573;92;626082848;13573;361;14743;14839;5.62;0.34;299.46;14.78;1170;94;5097.00;96
13575;92;626082863;13575;367;14747;14845;5.62;0.34;299.47;14.78;1172;94;5098.00;98
13576;92;626082878;13576;379;14747;14845;5.63;0.34;299.47;14.78;1171;94;5099.00;98
13580;92;626082897;13580;372;14754;14864;5.56;0.34;299.47;14.78;1174;94;5100.00;110
13582;92;626082922;13582;365;14754;14864;5.53;0.34;299.50;14.78;1172;94;5101.00;110
13585;92;626082937;13585;367;14759;14868;5.51;0.34;299.48;14.79;1174;94;5102.00;109
13587;92;626082958;13587;375;14760;14869;5.52;0.34;299.50;14.79;1173;94;5103.00;109
13593;92;626082981;13593;371;14761;14869;5.52;0.34;299.62;14.79;1168;94;5104.00;108
13595;92;626083010;13595;374;14764;14870;5.57;0.34;299.60;14.80;1169;94;5105.00;106
13599;92;626083039;13599;379;14766;14870;5.55;0.34;299.59;14.80;1167;94;5106.00;104
13601;92;626083060;13601;374;14767;14870;5.56;0.34;299.59;14.80;1166;94;5107.00;103
13605;92;626083079;13605;365;14768;14870;5.58;0.34;299.65;14.81;1163;94;5108.00;102
13608;92;626083096;13608;360;14769;14870;5.60;0.34;299.65;14.81;1161;94;5109.00;101
13610;92;626083113;13610;351;14770;14870;5.66;0.35;299.70;14.82;1160;94;5110.00;100
13612;92;626083131;13612;352;14771;14870;5.76;0.35;299.73;14.82;1159;94;5111.00;99
13615;92;626083146;13615;353;14807;14940;5.89;0.36;299.78;14.84;1192;94;5112.00;133
13618;92;626083172;13618;350;14810;14941;5.95;0.37;299.79;14.84;1192;94;5113.00;131
13622;92;626083189;13622;337;14817;14941;6.03;0.37;299.75;14.83;1195;94;5114.00;124
13625;92;626083208;13625;341;14818;14941;6.08;0.37;299.71;14.83;1193;94;5115.00;123
13630;92;626083224;13630;341;14821;14941;6.12;0.38;299.80;14.83;1191;94;5116.00;120
13631;92;626083241;13631;346;14825;14941;6.16;0.38;299.78;14.83;1194;94;5117.00;116
13633;92;626083259;13633;342;14828;14941;6.19;0.38;299.76;14.83;1195;94;5118.00;113
13639;92;626083276;13639;345;14829;14941;6.20;0.38;299.73;14.82;1190;94;5119.00;112
13642;92;626083296;13642;352;14830;14942;6.21;0.38;299.73;14.82;1188;94;5120.00;112
13646;92;626083314;13646;354;14832;14943;6.26;0.38;299.78;14.82;1186;94;5121.00;111
13650;92;626083333;13650;362;14833;14943;6.26;0.38;299.85;14.82;1183;94;5122.00;110
13653;92;626083354;13653;365;14838;14947;6.24;0.38;299.91;14.82;1185;94;5123.00;109
13660;92;626083374;13660;366;14840;14947;6.19;0.38;299.94;14.82;1180;94;5124.00;107
13664;92;626083394;13664;369;14841;14947;6.17;0.38;299.93;14.82;1177;94;5125.00;106
13671;92;626083413;13671;373;14841;14947;6.16;0.38;299.94;14.82;1170;94;5126.00;106
13678;92;626083433;13678;380;14844;14953;6.13;0.37;299.92;14.82;1166;94;5127.00;109
13681;92;626083460;13681;382;14844;14953;6.12;0.37;299.98;14.82;1163;94;5128.00;109
13685;92;626083480;13685;383;14845;14953;6.14;0.37;300.04;14.82;1160;94;5129.00;108
13688;92;626083500;13688;391;14849;14959;6.19;0.38;300.06;14.82;1161;94;5130.00;110
13693;92;626083523;13693;399;14849;14959;6.21;0.38;300.11;14.82;1156;94;5131.00;110
13696;92;626083546;13696;404;14851;14959;6.20;0.38;300.17;14.82;1155;94;5132.00;108
13698;92;626083568;13698;403;14851;14960;6.22;0.38;300.19;14.82;1153;94;5133.00;109
13703;92;626083590;13703;405;14852;14961;6.19;0.38;300.28;14.82;1149;94;5134.00;109
13705;92;626083610;13705;403;14854;14961;6.18;0.38;300.29;14.82;1149;94;5135.00;107
13712;92;626083629;13712;402;14864;14974;6.16;0.37;300.28;14.81;1152;94;5136.00;110
13717;92;626083650;13717;405;14864;14974;6.16;0.37;300.24;14.81;1147;94;5137.00;110
13719;92;626083669;13719;401;14865;14974;6.23;0.38;300.22;14.81;1146;94;5138.00;109
13722;92;626083688;13722;409;14867;14975;6.24;0.38;300.25;14.81;1145;94;5139.00;108
13726;92;626083711;13726;408;14869;14975;6.24;0.38;300.32;14.81;1143;94;5140.00;106
13729;92;626083730;13729;411;14874;14979;6.21;0.38;300.37;14.81;1145;94;5141.00;105
13734;92;626083750;13734;407;14875;14979;6.15;0.37;300.45;14.81;1141;94;5142.00;104
13739;92;626083770;13739;411;14879;14983;6.11;0.37;300.46;14.81;1140;94;5143.00;104
13741;92;626083794;13741;420;14880;14983;6.06;0.37;300.50;14.81;1139;94;5144.00;103
13744;92;626083812;13744;432;14881;14983;5.95;0.36;300.57;14.81;1137;94;5145.00;102
13749;92;626083832;13749;436;14882;14983;5.85;0.36;300.58;14.86;1133;94;5146.00;101
13752;92;626083852;13752;424;14884;14983;5.77;0.35;300.57;14.86;1132;94;5147.00;99
13754;92;626083873;13754;417;14894;14995;5.81;0.35;300.54;14.85;1140;94;5148.00;101
13756;92;626083893;13756;416;14895;14995;5.90;0.36;300.65;14.85;1139;94;5149.00;100
13758;92;626083911;13758;414;14895;14995;5.94;0.36;300.73;14.85;1137;94;5150.00;100
13761;92;626083932;13761;409;14895;14995;5.99;0.37;300.79;14.85;1134;94;5151.00;100
13764;92;626083953;13764;408;14895;14995;6.02;0.37;300.83;14.85;1131;94;5152.00;100
13768;93;626083976;13768;413;14895;14995;6.07;0.37;300.90;14.85;1127;95;5153.00;100
13771;93;626084006;13771;414;14895;14996;6.13;0.37;300.92;14.85;1124;95;5154.00;101
13777;93;626084024;13777;417;14897;14998;6.14;0.38;300.95;14.85;1120;95;5155.00;101
13779;93;626084049;13779;410;14901;15004;6.20;0.38;300.96;14.84;1122;95;5156.00;103
13785;93;626084067;13785;407;14903;15005;6.19;0.38;301.01;14.84;1118;95;5157.00;102
13792;93;626084097;13792;399;14903;15005;6.17;0.38;301.09;14.84;1111;95;5158.00;102
13795;93;626084122;13795;393;14903;15005;6.18;0.38;301.14;14.84;1108;95;5159.00;102
13798;93;626084150;13798;389;14907;15010;6.18;0.38;301.17;14.84;1109;95;5160.00;103
13800;93;626084170;13800;382;14907;15010;6.23;0.38;301.18;14.84;1107;95;5161.00;103
13806;93;626084187;13806;378;14907;15010;6.27;0.38;301.20;14.84;1101;95;5162.00;103
13809;93;626084206;13809;383;14908;15011;6.27;0.38;301.24;14.84;1099;95;5163.00;103
13813;93;626084227;13813;383;14911;15015;6.26;0.38;301.28;14.83;1098;95;5164.00;104
13819;93;626084245;13819;381;14911;15015;6.26;0.38;301.36;14.83;1092;95;5165.00;104
13822;93;626084270;13822;384;14913;15018;6.30;0.38;301.37;14.83;1091;95;5166.00;105
13827;93;626084295;13827;382;14914;15018;6.30;0.38;301.40;14.83;1087;95;5167.00;104
13828;93;626084314;13828;380;14914;15018;6.28;0.38;301.41;14.83;1086;95;5168.00;104
13830;93;626084331;13830;374;14914;15018;6.31;0.38;301.48;14.83;1084;95;5169.00;104
13831;93;626084349;13831;369;14917;15022;6.35;0.39;301.47;14.83;1086;95;5170.00;105
13837;93;626084367;13837;357;14918;15022;6.37;0.39;301.53;14.83;1081;95;5171.00;104
13838;93;626084384;13838;350;14918;15022;6.39;0.39;301.52;14.83;1080;95;5172.00;104
13839;93;626084400;13839;349;14918;15022;6.39;0.39;301.52;14.83;1079;95;5173.00;104
13841;93;626084418;13841;347;14918;15023;6.42;0.39;301.51;14.83;1077;95;5174.00;105
13843;93;626084436;13843;346;14920;15025;6.43;0.39;301.56;14.83;1077;95;5175.00;105
13846;93;626084454;13846;350;14920;15025;6.40;0.39;301.60;14.83;1074;95;5176.00;105
13848;93;626084470;13848;341;14921;15026;6.38;0.39;301.59;14.82;1073;95;5177.00;105
13849;93;626084485;13849;337;14921;15026;6.31;0.38;301.58;14.82;1072;95;5178.00;105
13850;93;626084501;13850;344;14921;15026;6.28;0.38;301.58;14.82;1071;95;5179.00;105
13851;93;626084518;13851;341;14921;15026;6.23;0.38;301.62;14.82;1070;95;5180.00;105
13854;93;626084536;13854;343;14921;15026;6.22;0.38;301.61;14.82;1067;95;5181.00;105
13857;93;626084552;13857;345;14921;15026;6.21;0.38;301.67;14.82;1064;95;5182.00;105
13859;93;626084575;13859;348;14921;15026;6.18;0.38;301.65;14.82;1062;95;5183.00;105
13859;93;626084592;13859;377;14992;15153;6.18;0.38;301.65;14.75;1133;95;5184.00;161
13861;93;626084625;13861;368;14993;15154;6.13;0.38;301.69;14.75;1132;95;5185.00;161
13863;93;626084642;13863;357;14999;15154;6.13;0.38;301.70;14.75;1136;95;5186.00;155
13864;93;626084660;13864;360;15003;15154;6.13;0.38;301.73;14.75;1139;95;5187.00;151
13864;93;626084677;13864;366;15008;15154;6.12;0.38;301.73;14.74;1144;95;5188.00;146
13865;93;626084694;13865;367;15013;15154;6.10;0.38;301.76;14.80;1148;95;5189.00;141
13866;93;626084726;13866;362;15018;15154;6.13;0.38;301.80;14.79;1152;95;5190.00;136
13868;93;626084745;13868;364;15021;15154;6.13;0.38;301.80;14.79;1153;95;5191.00;133
13871;93;626084763;13871;362;15024;15155;6.14;0.38;301.79;14.79;1153;95;5192.00;131
13874;93;626084779;13874;355;15028;15156;6.13;0.38;301.78;14.79;1154;95;5193.00;128
13875;93;626084795;13875;351;15029;15156;6.12;0.38;301.81;14.79;1154;95;5194.00;127
13876;93;626084819;13876;360;15030;15157;6.08;0.37;301.80;14.79;1154;95;5195.00;127
13877;93;626084835;13877;358;15031;15157;6.03;0.37;301.81;14.79;1154;95;5196.00;126
13883;93;626084853;13883;358;15032;15157;5.92;0.36;301.82;14.79;1149;95;5197.00;125
13885;93;626084870;13885;365;15034;15157;5.85;0.36;301.81;14.79;1149;95;5198.00;123
13889;93;626084888;13889;357;15036;15161;5.82;0.36;301.83;14.79;1147;95;5199.00;125
13890;93;626084907;13890;358;15038;15161;5.74;0.35;301.81;14.79;1148;95;5200.00;123
13892;93;626084927;13892;360;15039;15161;5.66;0.35;301.85;14.79;1147;95;5201.00;122
13894;93;626084949;13894;354;15042;15164;5.57;0.34;301.87;14.79;1148;95;5202.00;122
13897;93;626084973;13897;360;15045;15164;5.46;0.34;301.86;14.84;1148;95;5203.00;119
13898;93;626084994;13898;365;15045;15164;5.39;0.33;301.85;14.84;1147;95;5204.00;119
13901;93;626085025;13901;364;15051;15168;5.34;0.33;301.83;14.87;1150;95;5205.00;117
13905;93;626085048;13905;370;15053;15169;5.34;0.33;301.83;14.92;1148;95;5206.00;116
13909;93;626085068;13909;367;15054;15169;5.29;0.33;301.86;14.92;1145;95;5207.00;115
13913;93;626085087;13913;369;15056;15173;5.25;0.32;301.83;14.92;1143;95;5208.00;117
13916;93;626085105;13916;374;15056;15173;5.20;0.32;301.79;14.92;1140;95;5209.00;117
13918;93;626085122;13918;373;15057;15173;5.18;0.32;301.80;14.98;1139;95;5210.00;116
13920;93;626085145;13920;369;15058;15174;5.16;0.32;301.77;14.98;1138;95;5211.00;116
13922;93;626085164;13922;358;15059;15174;5.19;0.32;301.77;14.98;1137;95;5212.00;115
13923;93;626085182;13923;360;15062;15180;5.29;0.32;301.86;14.98;1139;95;5213.00;118
13928;93;626085201;13928;363;15062;15180;5.32;0.32;301.86;14.98;1134;95;5214.00;118
13931;93;626085228;13931;366;15065;15180;5.35;0.33;301.80;15.03;1134;95;5215.00;115
13933;93;626085246;13933;364;15065;15181;5.38;0.33;301.78;15.03;1132;95;5216.00;116
13937;93;626085271;13937;365;15066;15181;5.34;0.33;301.74;15.03;1129;95;5217.00;115
13941;93;626085301;13941;363;15066;15181;5.34;0.32;301.67;15.03;1125;95;5218.00;115
13943;93;626085324;13943;371;15067;15181;5.30;0.32;301.66;15.09;1124;95;5219.00;114
13944;93;626085347;13944;385;15088;15217;5.37;0.33;301.64;15.07;1144;95;5220.00;129
13945;93;626085368;13945;385;15090;15217;5.40;0.33;301.63;15.07;1145;95;5221.00;127
13947;93;626085390;13947;386;15091;15217;5.38;0.33;301.61;15.07;1144;95;5222.00;126
13948;93;626085409;13948;385;15093;15217;5.38;0.33;301.59;15.07;1145;95;5223.00;124
13949;93;626085435;13949;384;15094;15217;5.41;0.33;301.58;15.07;1145;95;5224.00;123
13949;93;626085461;13949;381;15094;15217;5.40;0.33;301.58;15.07;1145;95;5225.00;123
13952;93;626085482;13952;385;15099;15221;5.43;0.33;301.58;15.06;1147;95;5226.00;122
13955;93;626085510;13955;385;15099;15221;5.44;0.33;301.60;15.06;1144;95;5227.00;122
13957;93;626085530;13957;387;15103;15225;5.47;0.33;301.62;15.06;1146;95;5228.00;122
13959;93;626085551;13959;390;15105;15226;5.51;0.34;301.60;15.06;1146;95;5229.00;121
13960;93;626085576;13960;389;15109;15226;5.51;0.34;301.59;15.09;1149;95;5230.00;117
13963;93;626085594;13963;390;15110;15226;5.49;0.33;301.59;15.09;1147;95;5231.00;116
13965;93;626085614;13965;393;15119;15239;5.48;0.33;301.57;15.08;1154;95;5232.00;120
13966;93;626085634;13966;397;15122;15239;5.46;0.33;301.61;15.10;1156;95;5233.00;117
13966;93;626085659;13966;394;15123;15239;5.45;0.33;301.61;15.10;1157;95;5234.00;116
13967;93;626085679;13967;386;15124;15240;5.48;0.33;301.61;15.10;1157;95;5235.00;116
13967;93;626085698;13967;379;15126;15241;5.53;0.34;301.61;15.13;1159;95;5236.00;115
13967;93;626085723;13967;384;15126;15241;5.59;0.34;301.61;15.13;1159;95;5237.00;115
13967;93;626085743;13967;379;15130;15244;5.66;0.35;301.61;15.14;1163;95;5238.00;114
13969;93;626085772;13969;372;15131;15244;5.67;0.34;301.61;15.15;1162;95;5239.00;113
13969;93;626085796;13969;369;15132;15244;5.67;0.35;301.61;15.16;1163;95;5240.00;112
13970;93;626085817;13970;367;15132;15244;5.69;0.35;301.60;15.16;1162;95;5241.00;112
13971;93;626085847;13971;364;15137;15250;5.80;0.35;301.59;15.17;1166;95;5242.00;113
13972;93;626085868;13972;365;15137;15250;5.80;0.35;301.59;15.17;1165;95;5243.00;113
13974;93;626085888;13974;363;15141;15250;5.79;0.35;301.56;15.21;1167;95;5244.00;109
13976;93;626085906;13976;368;15143;15250;5.74;0.35;301.55;15.23;1167;95;5245.00;107
13978;93;626085925;13978;382;15146;15254;5.70;0.35;301.54;15.23;1168;95;5246.00;108
13979;94;626085949;13979;380;15149;15255;5.64;0.34;301.52;15.25;1170;96;5247.00;106
13979;94;626085987;13979;394;15149;15255;5.60;0.34;301.52;15.25;1170;96;5248.00;106
13981;94;626086004;13981;391;15152;15256;5.53;0.34;301.49;15.27;1171;96;5249.00;104
13983;94;626086026;13983;385;15152;15256;5.49;0.33;301.51;15.27;1169;96;5250.00;104
13983;94;626086044;13983;387;15153;15256;5.50;0.33;301.51;15.28;1170;96;5251.00;103
13985;94;626086063;13985;387;15154;15256;5.49;0.33;301.48;15.29;1169;96;5252.00;102
13986;94;626086081;13986;385;15154;15256;5.52;0.34;301.47;15.29;1168;96;5253.00;102
13986;94;626086098;13986;384;15155;15256;5.57;0.34;301.47;15.30;1169;96;5254.00;101
13988;94;626086124;13988;383;15156;15256;5.57;0.34;301.47;15.31;1168;96;5255.00;100
13991;94;626086140;13991;390;15193;15326;5.77;0.35;301.47;15.27;1202;96;5256.00;133
13992;94;626086164;13992;387;15198;15327;5.78;0.35;301.51;15.29;1206;96;5257.00;129
13992;94;626086185;13992;394;15207;15327;5.85;0.36;301.51;15.28;1215;96;5258.00;120
13994;94;626086203;13994;398;15212;15327;5.84;0.35;301.49;15.28;1218;96;5259.00;115
13995;94;626086235;13995;405;15216;15327;5.82;0.35;301.52;15.28;1221;96;5260.00;111
14000;94;626086252;14000;403;15223;15327;5.76;0.35;301.55;15.30;1223;96;5261.00;104
14003;94;626086271;14003;407;15224;15327;5.70;0.35;301.55;15.30;1221;96;5262.00;103
14008;94;626086288;14008;411;15229;15327;5.59;0.34;301.69;15.32;1221;96;5263.00;98
14012;94;626086309;14012;419;15230;15328;5.53;0.34;301.70;15.32;1218;96;5264.00;98
14016;94;626086328;14016;416;15233;15330;5.46;0.33;301.69;15.33;1217;96;5265.00;97
14021;94;626086346;14021;421;15234;15330;5.43;0.33;301.77;15.34;1213;96;5266.00;96
14023;94;626086370;14023;430;15237;15334;5.41;0.33;301.80;15.33;1214;96;5267.00;97
14031;94;626086394;14031;437;15238;15334;5.28;0.32;301.82;15.34;1207;96;5268.00;96
14033;94;626086416;14033;443;15239;15334;5.21;0.32;301.85;15.35;1206;96;5269.00;95
14036;94;626086434;14036;438;15239;15334;5.18;0.32;301.91;15.35;1203;96;5270.00;95
14039;94;626086468;14039;431;15245;15340;5.17;0.31;301.95;15.36;1206;96;5271.00;95
14042;94;626086494;14042;435;15245;15340;5.20;0.32;302.05;15.36;1203;96;5272.00;95
14045;94;626086514;14045;432;15246;15340;5.24;0.32;302.04;15.36;1201;96;5273.00;94
14048;94;626086532;14048;428;15249;15343;5.29;0.32;302.13;15.37;1201;96;5274.00;94
14051;94;626086561;14051;437;15250;15343;5.35;0.33;302.16;15.37;1199;96;5275.00;93
14053;94;626086579;14053;434;15252;15343;5.41;0.33;302.19;15.37;1199;96;5276.00;91
14057;94;626086606;14057;429;15252;15344;5.44;0.33;302.24;15.37;1195;96;5277.00;92
14061;94;626086627;14061;433;15253;15345;5.47;0.33;302.32;15.37;1192;96;5278.00;92
14063;94;626086648;14063;426;15253;15345;5.51;0.33;302.33;15.37;1190;96;5279.00;92
14067;94;626086668;14067;428;15272;15371;5.55;0.34;302.43;15.35;1205;96;5280.00;99
14072;94;626086689;14072;421;15275;15371;5.60;0.34;302.46;15.41;1203;96;5281.00;96
14074;94;626086707;14074;420;15276;15371;5.68;0.35;302.46;15.41;1202;96;5282.00;95
14077;94;626086724;14077;409;15277;15372;5.78;0.35;302.52;15.41;1200;96;5283.00;95
14081;94;626086743;14081;408;15277;15372;5.80;0.35;302.59;15.41;1196;96;5284.00;95
14085;94;626086762;14085;403;15280;15376;5.87;0.36;302.58;15.41;1195;96;5285.00;96
14088;94;626086780;14088;396;15281;15376;5.91;0.36;302.58;15.41;1193;96;5286.00;95
14093;94;626086800;14093;394;15284;15379;5.97;0.36;302.64;15.40;1191;96;5287.00;95
14096;94;626086822;14096;392;15284;15380;6.04;0.37;302.66;15.40;1188;96;5288.00;96
14101;94;626086844;14101;383;15284;15380;6.06;0.37;302.68;15.40;1183;96;5289.00;96
14108;94;626086866;14108;384;15284;15380;6.07;0.37;302.77;15.40;1176;96;5290.00;96
14111;94;626086885;14111;381;15284;15380;6.10;0.37;302.78;15.40;1173;96;5291.00;96
14114;94;626086902;14114;378;15294;15392;6.18;0.38;302.79;15.39;1180;96;5292.00;98
14118;94;626086921;14118;378;15294;15392;6.20;0.38;302.85;15.39;1176;96;5293.00;98
14124;94;626086940;14124;379;15294;15392;6.17;0.38;302.93;15.39;1170;96;5294.00;98
14130;94;626086965;14130;389;15294;15392;6.20;0.38;302.94;15.39;1164;96;5295.00;98
14132;94;626086990;14132;387;15294;15392;6.22;0.38;302.92;15.39;1162;96;5296.00;98
14140;94;626087014;14140;386;15294;15392;6.22;0.38;302.99;15.39;1154;96;5297.00;98
14144;94;626087040;14144;385;15294;15393;6.20;0.38;303.01;15.39;1150;96;5298.00;99
14146;94;626087068;14146;379;15295;15393;6.24;0.38;303.04;15.46;1149;96;5299.00;98
14151;94;626087091;14151;378;15299;15399;6.25;0.38;303.06;15.45;1148;96;5300.00;100
14153;94;626087117;14153;381;15300;15400;6.30;0.39;303.07;15.45;1147;96;5301.00;100
14157;94;626087138;14157;386;15301;15400;6.35;0.39;303.13;15.45;1144;96;5302.00;99
14159;94;626087160;14159;393;15301;15400;6.41;0.39;303.18;15.45;1142;96;5303.00;99
14164;94;626087180;14164;397;15304;15404;6.45;0.39;303.15;15.45;1140;96;5304.00;100
14168;94;626087200;14168;392;15304;15404;6.48;0.40;303.19;15.45;1136;96;5305.00;100
14172;94;626087222;14172;398;15304;15404;6.47;0.40;303.17;15.45;1132;96;5306.00;100
14174;94;626087241;14174;404;15305;15405;6.50;0.40;303.15;15.45;1131;96;5307.00;100
14180;94;626087265;14180;407;15308;15409;6.51;0.40;303.16;15.45;1128;96;5308.00;101
14183;94;626087282;14183;407;15308;15409;6.51;0.40;303.16;15.45;1125;96;5309.00;101
14188;94;626087299;14188;412;15312;15415;6.49;0.40;303.22;15.51;1124;96;5310.00;103
14193;94;626087316;14193;413;15313;15415;6.46;0.39;303.23;15.50;1120;96;5311.00;102
14196;94;626087333;14196;415;15313;15415;6.39;0.39;303.28;15.50;1117;96;5312.00;102
14198;94;626087348;14198;422;15314;15415;6.38;0.39;303.29;15.50;1116;96;5313.00;101
14201;94;626087364;14201;431;15316;15419;6.31;0.39;303.32;15.50;1115;96;5314.00;103
14205;94;626087383;14205;442;15317;15419;6.31;0.39;303.36;15.50;1112;96;5315.00;102
14212;94;626087402;14212;448;15318;15419;6.20;0.38;303.40;15.57;1106;96;5316.00;101
14215;94;626087418;14215;435;15319;15419;6.16;0.38;303.43;15.56;1104;96;5317.00;100
14220;94;626087434;14220;432;15319;15420;6.10;0.37;303.45;15.56;1099;96;5318.00;101
14224;94;626087450;14224;431;15321;15421;6.06;0.37;303.44;15.56;1097;96;5319.00;100
14228;94;626087465;14228;429;15321;15421;6.05;0.37;303.43;15.56;1093;96;5320.00;100
14230;94;626087482;14230;424;15322;15422;6.01;0.37;303.46;15.56;1092;96;5321.00;100
14234;94;626087499;14234;424;15322;15422;5.98;0.36;303.50;15.56;1088;96;5322.00;100
14237;94;626087515;14237;430;15323;15422;5.94;0.36;303.55;15.63;1086;96;5323.00;99
14241;94;626087530;14241;433;15323;15422;5.92;0.36;303.70;15.63;1082;96;5324.00;99
14244;94;626087560;14244;435;15323;15422;5.89;0.36;303.72;15.63;1079;96;5325.00;99
14246;94;626087575;14246;426;15323;15422;5.86;0.36;303.77;15.63;1077;96;5326.00;99
14253;94;626087591;14253;430;15323;15422;5.79;0.35;303.78;15.63;1070;97;5327.00;99
14254;94;626087617;14254;443;15390;15549;5.89;0.36;303.79;15.56;1136;97;5328.00;159
14256;94;626087643;14256;429;15392;15550;5.89;0.36;303.80;15.56;1136;97;5329.00;158
14259;94;626087659;14259;413;15398;15550;5.96;0.37;303.79;15.55;1139;97;5330.00;152
14263;94;626087676;14263;409;15401;15550;6.04;0.37;303.80;15.55;1138;97;5331.00;149
14264;94;626087692;14264;395;15406;15550;6.14;0.38;303.83;15.55;1142;97;5332.00;144
14268;94;626087708;14268;390;15407;15550;6.17;0.38;303.92;15.54;1139;97;5333.00;143
14271;94;626087724;14271;393;15412;15550;6.26;0.39;303.95;15.54;1141;97;5334.00;138
14272;94;626087739;14272;402;15413;15550;6.30;0.39;303.98;15.54;1141;97;5335.00;137
14275;94;626087755;14275;407;15419;15551;6.36;0.39;304.03;15.54;1144;97;5336.00;132
14276;94;626087771;14276;400;15423;15552;6.38;0.39;304.06;15.54;1147;97;5337.00;129
14276;94;626087787;14276;397;15428;15552;6.42;0.40;304.06;15.53;1152;97;5338.00;124
14281;95;626087803;14281;397;15431;15553;6.33;0.39;304.08;15.53;1150;98;5339.00;122
14284;95;626087829;14284;388;15434;15553;6.35;0.39;304.05;15.53;1150;98;5340.00;119
14286;95;626087846;14286;389;15435;15553;6.31;0.39;304.11;15.53;1149;98;5341.00;118
14288;95;626087862;14288;393;15438;15553;6.30;0.39;304.09;15.53;1150;98;5342.00;115
14290;95;626087883;14290;395;15441;15557;6.24;0.38;304.07;15.53;1151;98;5343.00;116
14294;95;626087899;14294;404;15443;15557;6.21;0.38;304.11;15.53;1149;98;5344.00;114
14295;95;626087915;14295;408;15444;15557;6.17;0.38;304.13;15.53;1149;98;5345.00;113
14298;95;626087932;14298;417;15447;15560;6.17;0.38;304.16;15.53;1149;98;5346.00;113
14303;95;626087947;14303;420;15448;15560;6.15;0.38;304.17;15.53;1145;98;5347.00;112
14304;95;626087964;14304;422;15449;15560;6.15;0.38;304.20;15.53;1145;98;5348.00;111
14305;95;626087979;14305;425;15452;15564;6.09;0.37;304.20;15.52;1147;98;5349.00;112
14308;95;626087995;14308;435;15453;15565;6.02;0.37;304.17;15.52;1145;98;5350.00;112
14309;95;626088009;14309;437;15453;15565;5.94;0.36;304.16;15.52;1144;98;5351.00;112
14311;95;626088023;14311;446;15456;15569;5.82;0.36;304.15;15.52;1145;98;5352.00;113
14312;95;626088037;14312;459;15456;15569;5.70;0.35;304.17;15.52;1144;98;5353.00;113
14315;95;626088050;14315;476;15456;15569;5.59;0.34;304.13;15.52;1141;98;5354.00;113
14320;95;626088064;14320;476;15458;15571;5.51;0.34;304.25;15.52;1138;98;5355.00;113
14326;95;626088078;14326;474;15458;15571;5.43;0.33;304.24;15.52;1132;98;5356.00;113
14326;95;626088092;14326;486;15462;15577;5.39;0.33;304.24;15.51;1136;98;5357.00;115
14328;95;626088105;14328;491;15462;15577;5.35;0.33;304.23;15.51;1134;98;5358.00;115
14328;95;626088117;14328;496;15463;15577;5.32;0.33;304.23;15.51;1135;98;5359.00;114
14329;95;626088130;14329;498;15463;15578;5.30;0.32;304.22;15.51;1134;98;5360.00;115
14330;95;626088143;14330;498;15463;15578;5.26;0.32;304.20;15.51;1133;98;5361.00;115
14333;95;626088156;14333;493;15463;15578;5.21;0.32;304.21;15.51;1130;98;5362.00;115
14336;95;626088168;14336;491;15463;15578;5.17;0.32;304.17;15.51;1127;98;5363.00;115
14339;95;626088181;14339;488;15472;15590;5.16;0.32;304.13;15.50;1133;98;5364.00;118
14342;95;626088194;14342;481;15472;15590;5.13;0.32;304.12;15.50;1130;98;5365.00;118
14346;95;626088207;14346;477;15474;15590;5.08;0.31;304.07;15.56;1128;98;5366.00;116
14348;95;626088219;14348;468;15474;15590;5.05;0.31;304.06;15.56;1126;98;5367.00;116
14351;95;626088231;14351;464;15474;15590;5.01;0.31;304.09;15.56;1123;98;5368.00;116
14352;95;626088245;14352;461;15474;15590;5.04;0.31;304.08;15.56;1122;98;5369.00;116
14356;95;626088258;14356;457;15477;15594;5.01;0.31;304.05;15.56;1121;98;5370.00;117
14360;95;626088271;14360;455;15477;15594;4.98;0.31;304.06;15.56;1117;98;5371.00;117
14365;95;626088283;14365;447;15481;15598;4.94;0.30;304.00;15.62;1116;98;5372.00;117
14367;95;626088296;14367;446;15483;15599;4.97;0.30;304.03;15.61;1116;98;5373.00;116
14370;95;626088308;14370;446;15484;15599;4.94;0.30;304.03;15.67;1114;98;5374.00;115
14376;95;626088325;14376;452;15485;15599;4.88;0.30;303.98;15.69;1109;98;5375.00;114
14377;95;626088340;14377;455;15494;15612;4.89;0.30;303.99;15.68;1117;98;5376.00;118
14380;95;626088353;14380;447;15495;15612;4.90;0.30;304.06;15.73;1115;98;5377.00;117
14382;95;626088365;14382;443;15496;15612;4.96;0.30;304.08;15.73;1114;98;5378.00;116
14384;95;626088377;14384;451;15498;15613;5.03;0.31;304.06;15.73;1114;98;5379.00;115
14387;95;626088389;14387;455;15498;15614;5.01;0.31;304.03;15.73;1111;98;5380.00;116
14389;95;626088401;14389;447;15498;15614;5.02;0.31;304.02;15.73;1109;98;5381.00;116
14392;95;626088413;14392;452;15501;15617;5.03;0.31;303.98;15.78;1109;98;5382.00;116
14392;95;626088425;14392;447;15502;15617;5.05;0.31;303.98;15.78;1110;98;5383.00;115
14393;95;626088437;14393;450;15503;15617;5.04;0.31;303.98;15.84;1110;98;5384.00;114
14395;95;626088451;14395;447;15503;15617;5.03;0.31;303.97;15.84;1108;98;5385.00;114
14399;95;626088463;14399;443;15507;15623;5.02;0.31;303.94;15.83;1108;98;5386.00;116
14400;95;626088476;14400;429;15507;15623;5.02;0.31;303.97;15.83;1107;98;5387.00;116
14404;95;626088488;14404;412;15508;15623;5.00;0.30;303.93;15.83;1104;98;5388.00;115
14406;95;626088501;14406;406;15508;15623;5.01;0.30;303.94;15.83;1102;98;5389.00;115
14408;95;626088514;14408;401;15511;15627;5.04;0.31;303.94;15.83;1103;98;5390.00;116
14411;95;626088526;14411;392;15512;15628;5.07;0.31;303.90;15.83;1101;98;5391.00;116
14414;95;626088539;14414;385;15512;15628;5.10;0.31;303.89;15.83;1098;98;5392.00;116
14414;95;626088552;14414;379;15514;15629;5.18;0.31;303.89;15.88;1100;98;5393.00;115
14415;95;626088565;14415;366;15514;15629;5.27;0.32;303.89;15.88;1099;98;5394.00;115
14417;95;626088578;14417;363;15515;15629;5.36;0.33;303.89;15.89;1098;98;5395.00;114
14418;95;626088591;14418;360;15515;15629;5.48;0.33;303.89;15.89;1097;98;5396.00;114
14418;95;626088605;14418;358;15515;15629;5.58;0.34;303.89;15.89;1097;98;5397.00;114
14420;95;626088618;14420;361;15516;15629;5.61;0.34;303.93;15.90;1096;98;5398.00;113
14420;95;626088636;14420;362;15517;15629;5.63;0.34;303.93;15.91;1097;98;5399.00;112
