step_arrived;step_collisions;step_duration;step_ended;step_halting;step_inserted;step_loaded;step_meanSpeed;step_meanSpeedRelative;step_meanTravelTime;step_meanWaitingTime;step_running;step_teleports;step_time;step_waiting
0;0;5301315;0;1;87;245;16.24;1.14;-1.00;0.00;87;0;0.00;158
0;0;5301338;0;1;101;245;15.35;1.06;-1.00;0.14;101;0;1.00;144
0;0;5301339;0;0;120;245;14.59;0.99;-1.00;0.43;120;0;2.00;125
0;0;5301340;0;3;136;245;13.56;0.91;-1.00;0.74;136;0;3.00;109
0;0;5301341;0;1;148;245;12.68;0.85;-1.00;1.00;148;0;4.00;97
0;0;5301342;0;5;161;245;11.56;0.77;-1.00;1.32;161;0;5.00;84
0;0;5301344;0;7;171;245;10.94;0.72;-1.00;1.60;171;0;6.00;74
0;0;5301345;0;11;182;245;10.18;0.67;-1.00;1.92;182;0;7.00;63
0;0;5301346;0;20;189;246;9.72;0.64;-1.00;2.15;189;0;8.00;57
0;0;5301348;0;20;193;247;9.32;0.61;-1.00;2.29;193;0;9.00;54
0;0;5301350;0;25;201;247;8.84;0.58;-1.00;2.60;201;0;10.00;46
1;0;5301352;1;28;206;248;8.44;0.56;11.00;2.75;205;0;11.00;42
2;0;5301354;2;32;209;248;8.24;0.54;11.50;2.89;207;0;12.00;39
2;0;5301356;2;34;214;248;8.05;0.53;11.50;3.12;212;0;13.00;34
3;0;5301358;3;40;216;248;7.99;0.52;12.33;3.22;213;0;14.00;32
3;0;5301360;3;45;221;252;7.89;0.51;12.33;3.36;218;0;15.00;31
3;0;5301362;3;48;223;252;7.89;0.51;12.33;3.48;220;0;16.00;29
3;0;5301365;3;47;226;252;7.94;0.51;12.33;3.62;223;0;17.00;26
4;0;5301367;4;53;230;255;7.92;0.51;13.75;3.81;226;0;18.00;25
4;0;5301370;4;59;232;255;7.98;0.51;13.75;3.87;228;0;19.00;23
4;0;5301372;4;64;235;255;8.01;0.51;13.75;4.07;231;0;20.00;20
5;0;5301374;5;72;242;259;8.06;0.51;15.20;4.23;237;0;21.00;17
5;0;5301377;5;76;244;260;8.08;0.51;15.20;4.29;239;0;22.00;16
5;0;5301379;5;81;245;260;8.02;0.51;15.20;4.37;240;0;23.00;15
6;0;5301382;6;85;249;264;8.01;0.51;16.67;4.39;243;0;24.00;15
6;0;5301385;6;84;253;264;7.97;0.50;16.67;4.57;247;0;25.00;11
6;0;5301387;6;86;253;264;8.09;0.51;16.67;4.57;247;0;26.00;11
6;0;5301390;6;89;253;265;8.25;0.52;16.67;4.57;247;0;27.00;12
6;0;5301392;6;90;254;265;8.32;0.52;16.67;4.66;248;0;28.00;11
6;0;5301395;6;91;259;271;8.39;0.52;16.67;4.59;253;0;29.00;12
7;0;5301400;7;93;259;271;8.45;0.53;18.57;4.59;252;0;30.00;12
8;0;5301403;8;95;261;272;8.41;0.52;19.75;4.68;253;0;31.00;11
8;0;5301405;8;97;262;272;8.44;0.52;19.75;4.71;254;0;32.00;10
8;0;5301408;8;102;263;272;8.47;0.53;19.75;4.82;255;0;33.00;9
10;0;5301411;10;104;263;272;8.44;0.52;22.10;4.82;253;0;34.00;9
11;0;5301413;11;105;264;272;8.42;0.52;23.27;4.83;253;0;35.00;8
11;0;5301416;11;106;275;284;8.58;0.53;23.27;4.77;264;0;36.00;9
12;0;5301420;12;109;276;284;8.43;0.52;24.17;4.75;264;0;37.00;8
13;0;5301423;13;113;277;284;8.35;0.52;24.92;4.87;264;0;38.00;7
13;0;5301426;13;115;277;284;8.28;0.51;24.92;4.87;264;0;39.00;7
14;0;5301428;14;117;278;284;8.18;0.51;25.64;4.97;264;0;40.00;6
14;0;5301431;14;119;281;284;8.10;0.50;25.64;5.06;267;0;41.00;3
15;0;5301434;15;123;285;288;8.03;0.50;26.27;5.01;270;0;42.00;3
16;0;5301437;16;126;285;288;7.88;0.49;27.19;5.01;269;0;43.00;3
18;0;5301440;18;129;289;292;7.79;0.48;27.56;4.95;271;0;44.00;3
18;0;5301443;18;134;291;294;7.66;0.48;27.56;4.92;273;0;45.00;3
18;0;5301446;18;137;291;294;7.54;0.47;27.56;4.92;273;0;46.00;3
18;0;5301448;18;137;291;294;7.46;0.46;27.56;4.92;273;0;47.00;3
19;0;5301451;19;141;301;307;7.71;0.48;28.63;4.75;282;0;48.00;6
19;0;5301455;19;143;302;307;7.63;0.47;28.63;4.74;283;0;49.00;5
19;0;5301457;19;145;302;307;7.59;0.47;28.63;4.74;283;0;50.00;5
19;0;5301460;19;145;303;308;7.59;0.47;28.63;4.73;284;0;51.00;5
19;0;5301462;19;147;304;309;7.50;0.47;28.63;4.72;285;0;52.00;5
20;0;5301465;20;149;304;309;7.48;0.46;29.80;4.72;284;0;53.00;5
21;0;5301467;21;147;306;312;7.51;0.47;29.95;4.69;285;0;54.00;6
22;0;5301470;22;149;306;312;7.45;0.46;31.09;4.69;284;0;55.00;6
24;0;5301473;24;139;307;312;7.32;0.45;31.67;4.68;283;0;56.00;5
25;0;5301476;25;138;307;312;7.26;0.45;32.68;4.68;282;0;57.00;5
26;0;5301478;26;137;311;318;7.33;0.45;33.58;4.63;285;0;58.00;7
28;0;5301481;28;140;312;318;7.22;0.44;35.39;4.62;284;0;59.00;6
29;0;5301485;29;143;312;318;7.14;0.44;36.14;4.62;283;0;60.00;6
30;0;5301488;30;145;312;318;7.10;0.44;36.17;4.62;282;0;61.00;6
30;0;5301491;30;148;316;322;7.12;0.44;36.17;4.58;286;0;62.00;6
30;0;5301494;30;151;317;323;7.29;0.45;36.17;4.56;287;0;63.00;6
31;0;5301496;31;151;317;323;7.34;0.45;35.71;4.56;286;0;64.00;6
32;0;5301499;32;152;318;324;7.47;0.46;36.47;4.55;286;0;65.00;6
34;0;5301502;34;155;318;324;7.47;0.46;37.85;4.55;284;0;66.00;6
34;0;5301505;34;144;318;324;7.53;0.46;37.85;4.55;284;0;67.00;6
35;0;5301508;35;138;318;324;7.63;0.46;38.71;4.55;283;0;68.00;6
35;0;5301517;35;136;318;324;7.68;0.47;38.71;4.55;283;0;69.00;6
35;0;5301520;35;132;318;324;7.86;0.48;38.71;4.55;283;0;70.00;6
35;0;5301522;35;131;318;324;8.07;0.49;38.71;4.55;283;0;71.00;6
35;0;5301525;35;134;352;394;8.31;0.51;38.71;4.11;317;0;72.00;42
35;0;5301533;35;126;353;395;8.51;0.52;38.71;4.10;318;0;73.00;42
36;0;5301536;36;119;360;395;8.88;0.54;39.11;4.06;324;0;74.00;35
36;0;5301539;36;119;362;395;9.11;0.56;39.11;4.06;326;0;75.00;33
37;0;5301542;37;115;364;395;9.28;0.57;40.11;4.05;327;0;76.00;31
38;0;5301545;38;113;366;395;9.36;0.57;41.08;4.06;328;0;77.00;29
38;0;5301549;38;114;368;395;9.46;0.57;41.08;4.07;330;0;78.00;27
40;0;5301557;40;117;370;395;9.49;0.58;42.58;4.09;330;0;79.00;25
40;0;5301560;40;119;372;396;9.44;0.57;42.58;4.11;332;0;80.00;24
40;0;5301563;40;123;374;397;9.40;0.57;42.58;4.13;334;0;81.00;23
40;0;5301568;40;128;376;397;9.34;0.57;42.58;4.16;336;0;82.00;21
40;0;5301572;40;128;381;401;9.21;0.56;42.58;4.15;341;0;83.00;20
40;0;5301575;40;126;383;401;9.21;0.56;42.58;4.17;343;0;84.00;18
40;0;5301578;40;128;384;401;9.14;0.56;42.58;4.19;344;0;85.00;17
40;0;5301582;40;128;385;401;9.06;0.55;42.58;4.20;345;0;86.00;16
42;0;5301585;42;128;390;407;9.00;0.55;44.67;4.16;348;0;87.00;17
42;0;5301589;42;132;390;407;8.94;0.55;44.67;4.16;348;0;88.00;17
45;0;5301592;45;132;390;407;8.76;0.53;47.40;4.16;345;0;89.00;17
47;0;5301597;47;132;394;413;8.74;0.53;49.21;4.11;347;0;90.00;19
49;0;5301601;49;130;394;413;8.70;0.53;50.92;4.11;345;0;91.00;19
49;0;5301605;49;130;396;413;8.76;0.53;50.92;4.10;347;0;92.00;17
50;0;5301608;50;131;397;414;8.58;0.52;51.66;4.10;347;0;93.00;17
50;0;5301612;50;129;398;415;8.47;0.51;51.66;4.09;348;0;94.00;17
52;0;5301616;52;126;398;415;8.28;0.50;53.33;4.09;346;0;95.00;17
55;0;5301619;55;129;409;428;8.14;0.49;54.22;3.98;354;0;96.00;19
57;0;5301624;57;123;409;428;8.05;0.49;55.67;3.98;352;0;97.00;19
58;0;5301627;58;117;412;428;8.03;0.49;56.40;4.35;354;0;98.00;16
59;0;5301632;59;115;413;429;8.15;0.50;57.12;4.34;354;0;99.00;16
60;0;5301637;60;116;413;429;8.27;0.50;57.83;4.34;353;0;100.00;16
62;0;5301644;62;110;416;433;8.45;0.51;59.19;4.31;354;0;101.00;17
62;0;5301648;62;109;416;433;8.59;0.52;59.19;4.31;354;0;102.00;17
63;0;5301653;63;100;420;437;8.73;0.53;59.89;4.28;357;0;103.00;17
63;0;5301657;63;96;420;437;8.93;0.54;59.89;4.28;357;0;104.00;17
64;0;5301661;64;88;420;437;9.16;0.56;60.58;4.28;356;0;105.00;17
65;0;5301665;65;81;420;437;9.37;0.57;61.28;4.28;355;0;106.00;17
65;0;5301669;65;78;420;437;9.63;0.58;61.28;4.28;355;0;107.00;17
65;0;5301673;65;71;430;449;9.86;0.60;61.28;4.18;365;0;108.00;19
65;0;5301678;65;72;431;449;10.08;0.61;61.28;4.18;366;0;109.00;18
65;0;5301682;65;69;432;449;10.30;0.63;61.28;4.17;367;0;110.00;17
66;0;5301686;66;69;432;449;10.44;0.64;61.98;4.17;366;0;111.00;17
66;0;5301691;66;69;433;449;10.57;0.64;61.98;4.42;367;0;112.00;16
66;0;5301695;66;73;433;449;10.62;0.65;61.98;4.42;367;0;113.00;16
68;0;5301699;68;74;434;450;10.61;0.65;63.49;4.41;366;0;114.00;16
69;0;5301705;69;74;435;450;10.54;0.64;64.23;4.67;366;0;115.00;15
69;0;5301709;69;75;442;456;10.60;0.64;64.23;4.80;373;0;116.00;14
69;0;5301715;69;75;442;457;10.55;0.64;64.23;4.80;373;0;117.00;15
70;0;5301720;70;77;444;457;10.53;0.64;64.94;4.94;374;0;118.00;13
73;0;5301725;73;75;445;457;10.46;0.64;66.49;5.04;372;0;119.00;12
73;0;5301731;73;79;451;462;10.45;0.64;66.49;5.24;378;0;120.00;11
73;0;5301737;73;79;451;462;10.54;0.64;66.49;5.24;378;0;121.00;11
73;0;5301742;73;81;452;462;10.53;0.64;66.49;5.33;379;0;122.00;10
74;0;5301747;74;82;455;463;10.62;0.65;67.08;5.53;381;0;123.00;8
74;0;5301752;74;87;460;467;10.70;0.66;67.08;5.59;386;0;124.00;7
74;0;5301757;74;87;461;467;10.89;0.67;67.08;5.66;387;0;125.00;6
75;0;5301762;75;89;465;470;11.10;0.68;67.81;5.78;390;0;126.00;5
77;0;5301767;77;89;467;470;11.22;0.69;69.31;5.79;390;0;127.00;3
77;0;5301773;77;93;468;470;11.38;0.70;69.31;5.84;391;0;128.00;2
80;0;5301778;80;95;468;470;11.46;0.70;71.16;5.84;388;0;129.00;2
81;0;5301783;81;93;473;474;11.52;0.70;71.89;5.86;392;0;130.00;1
82;0;5301789;82;95;474;474;11.50;0.70;71.73;5.87;392;0;131.00;0
82;0;5301795;82;95;474;474;11.53;0.71;71.73;5.87;392;0;132.00;0
82;0;5301800;82;96;474;474;11.55;0.71;71.73;5.87;392;0;133.00;0
82;0;5301806;82;98;475;475;11.57;0.71;71.73;5.86;393;0;134.00;0
84;0;5301812;84;99;477;477;11.56;0.71;72.36;5.84;393;0;135.00;0
85;0;5301817;85;100;477;477;11.62;0.71;73.06;5.84;392;0;136.00;0
86;0;5301823;86;100;478;478;11.59;0.71;73.80;5.83;392;0;137.00;0
86;0;5301828;86;103;478;478;11.49;0.71;73.80;5.83;392;0;138.00;0
87;0;5301833;87;106;478;478;11.45;0.71;74.55;5.83;391;0;139.00;0
89;0;5301839;89;107;478;478;11.45;0.71;75.20;5.83;389;0;140.00;0
91;0;5301844;91;108;478;478;11.37;0.70;76.23;5.83;387;0;141.00;0
96;0;5301849;96;107;478;478;11.36;0.70;78.10;5.83;382;0;142.00;0
98;0;5301854;98;110;478;478;11.29;0.70;79.38;5.83;380;0;143.00;0
100;0;5301859;100;134;552;605;10.86;0.68;79.84;5.05;452;0;144.00;53
102;0;5301874;102;128;559;606;10.78;0.68;81.12;5.00;457;0;145.00;47
103;0;5301880;103;126;569;606;10.84;0.68;81.71;4.95;466;0;146.00;37
104;0;5301885;104;125;571;606;10.77;0.68;82.34;4.94;467;0;147.00;35
105;0;5301892;105;129;576;606;10.68;0.67;82.96;4.93;471;0;148.00;30
108;0;5301897;108;125;577;606;10.56;0.66;84.29;4.93;469;0;149.00;29
110;0;5301904;110;128;582;611;10.36;0.65;85.46;4.92;472;0;150.00;29
111;0;5301911;111;127;584;611;10.37;0.65;86.05;4.93;473;0;151.00;27
114;0;5301916;114;127;586;612;10.34;0.64;87.60;4.94;472;0;152.00;26
117;0;5301923;117;130;589;613;10.37;0.64;89.18;4.96;472;0;153.00;24
118;0;5301929;118;128;591;613;10.36;0.64;89.73;4.98;473;0;154.00;22
120;0;5301935;120;131;594;614;10.24;0.64;89.92;4.99;474;0;155.00;20
123;0;5301941;123;130;601;614;9.93;0.61;89.78;5.05;478;0;156.00;13
123;0;5301947;123;133;603;614;9.78;0.61;89.78;5.08;480;0;157.00;11
124;0;5301953;124;135;605;614;9.60;0.60;90.33;5.10;481;0;158.00;9
126;0;5301959;126;130;610;618;9.46;0.59;91.37;5.09;484;0;159.00;8
129;0;5301965;129;132;611;618;9.40;0.58;91.75;5.10;482;0;160.00;7
130;0;5301971;130;135;612;618;9.33;0.58;92.22;5.12;482;0;161.00;6
132;0;5301976;132;142;615;621;9.23;0.57;92.92;5.16;483;0;162.00;6
134;0;5301982;134;145;616;621;9.14;0.56;93.43;5.18;482;0;163.00;5
135;0;5301988;135;152;617;621;9.07;0.56;93.95;5.20;482;0;164.00;4
137;0;5301993;137;140;621;625;8.95;0.56;94.69;5.19;484;0;165.00;4
137;0;5301999;137;136;623;626;9.00;0.56;94.69;5.18;486;0;166.00;3
140;0;5302005;140;134;623;626;8.99;0.56;95.71;5.18;483;0;167.00;3
140;0;5302011;140;129;627;630;9.18;0.57;95.71;5.15;487;0;168.00;3
142;0;5302017;142;130;628;630;9.21;0.57;96.10;5.15;486;0;169.00;2
143;0;5302026;143;128;628;630;9.26;0.57;95.94;5.15;485;0;170.00;2
145;0;5302035;145;130;631;631;9.30;0.57;96.89;5.17;486;0;171.00;0
145;0;5302043;145;127;631;631;9.38;0.58;96.89;5.17;486;0;172.00;0
148;0;5302049;148;121;637;637;9.52;0.59;95.85;5.14;489;0;173.00;0
148;0;5302058;148;120;637;637;9.50;0.59;95.85;5.14;489;0;174.00;0
148;0;5302064;148;121;638;638;9.38;0.58;95.85;5.13;490;0;175.00;0
149;0;5302071;149;119;638;638;9.34;0.58;96.39;5.13;489;0;176.00;0
149;0;5302077;149;118;638;638;9.26;0.57;96.39;5.13;489;0;177.00;0
154;0;5302086;154;120;638;638;9.23;0.57;97.72;5.13;484;0;178.00;0
154;0;5302096;154;122;638;638;9.22;0.57;97.72;5.13;484;0;179.00;0
157;0;5302104;157;130;669;672;9.35;0.58;98.51;4.89;512;0;180.00;3
159;0;5302113;159;132;669;672;9.31;0.57;98.03;4.89;510;0;181.00;3
160;0;5302120;160;140;671;672;9.34;0.58;98.25;4.88;511;0;182.00;1
162;0;5302126;162;135;671;672;9.34;0.58;99.22;4.88;509;0;183.00;1
163;0;5302132;163;137;672;672;9.35;0.58;99.28;4.88;509;0;184.00;0
170;0;5302138;170;143;672;672;9.29;0.57;99.50;4.88;502;0;185.00;0
170;0;5302145;170;145;676;676;9.38;0.58;99.50;4.86;506;0;186.00;0
171;0;5302151;171;145;676;676;9.39;0.58;100.01;4.86;505;0;187.00;0
174;0;5302157;174;146;680;680;9.34;0.57;99.90;4.84;506;0;188.00;0
177;0;5302164;177;149;681;681;9.24;0.57;99.62;4.83;504;0;189.00;0
178;0;5302172;178;151;681;681;9.13;0.56;99.71;4.83;503;0;190.00;0
183;0;5302178;183;158;681;681;8.96;0.55;99.86;4.83;498;0;191.00;0
184;0;5302184;184;168;694;694;8.96;0.55;100.36;4.74;510;0;192.00;0
186;0;5302191;186;173;694;694;8.86;0.54;100.84;4.74;508;0;193.00;0
187;0;5302198;187;173;694;694;8.76;0.54;100.57;4.74;507;0;194.00;0
189;0;5302204;189;181;695;695;8.64;0.53;100.76;4.73;506;0;195.00;0
190;0;5302210;190;186;696;696;8.52;0.52;100.36;4.73;506;0;196.00;0
191;0;5302216;191;193;696;696;8.43;0.52;100.81;4.73;505;0;197.00;0
192;0;5302222;192;194;698;699;8.35;0.51;100.57;4.71;506;0;198.00;1
194;0;5302227;194;199;698;699;8.23;0.51;100.94;4.71;504;0;199.00;1
197;0;5302234;197;199;699;699;7.98;0.49;101.04;4.71;502;0;200.00;0
200;0;5302243;200;203;699;699;7.77;0.48;100.92;4.71;499;0;201.00;0
203;0;5302249;203;212;704;705;7.58;0.47;100.97;4.68;501;0;202.00;1
203;0;5302256;203;213;704;705;7.44;0.46;100.97;4.68;501;0;203.00;1
206;0;5302262;206;224;705;705;7.29;0.45;101.23;4.68;499;0;204.00;0
208;0;5302267;208;227;705;705;7.19;0.44;101.50;4.68;497;0;205.00;0
208;0;5302273;208;234;709;709;7.18;0.44;101.50;4.66;501;0;206.00;0
209;0;5302278;209;240;710;710;7.05;0.43;101.14;4.65;501;0;207.00;0
210;0;5302283;210;245;710;710;6.95;0.43;100.77;4.65;500;0;208.00;0
210;0;5302288;210;248;711;711;6.93;0.43;100.77;4.65;501;0;209.00;0
212;0;5302295;212;256;711;711;6.89;0.42;100.86;4.65;499;0;210.00;0
213;0;5302300;213;261;711;711;6.83;0.42;101.02;4.65;498;0;211.00;0
214;0;5302306;214;257;711;711;6.81;0.42;101.28;4.65;497;0;212.00;0
216;0;5302311;216;251;711;711;6.77;0.41;102.10;4.65;495;0;213.00;0
216;0;5302317;216;235;711;711;6.81;0.42;102.10;4.65;495;0;214.00;0
216;0;5302324;216;225;711;711;6.87;0.42;102.10;4.65;495;0;215.00;0
219;0;5302331;219;232;753;781;7.10;0.44;103.16;4.39;534;0;216.00;28
219;0;5302343;219;225;755;782;7.22;0.45;103.16;4.38;536;0;217.00;27
219;0;5302349;219;220;762;782;7.42;0.46;103.16;4.36;543;0;218.00;20
220;0;5302355;220;217;763;782;7.56;0.47;103.67;4.36;543;0;219.00;19
221;0;5302361;221;217;766;782;7.66;0.47;104.19;4.36;545;0;220.00;16
224;0;5302367;224;206;769;782;7.84;0.48;105.38;4.36;545;0;221.00;13
225;0;5302374;225;196;772;782;8.01;0.49;105.47;4.36;547;0;222.00;10
227;0;5302380;227;187;775;782;8.21;0.50;105.89;4.37;548;0;223.00;7
227;0;5302386;227;176;778;783;8.33;0.51;105.89;4.39;551;0;224.00;5
228;0;5302394;228;173;781;785;8.43;0.52;106.07;4.39;553;0;225.00;4
229;0;5302401;229;172;784;785;8.51;0.52;106.14;4.41;555;0;226.00;1
229;0;5302413;229;167;789;789;8.58;0.53;106.14;4.39;560;0;227.00;0
234;0;5302425;234;168;789;789;8.72;0.53;107.36;4.39;555;0;228.00;0
237;0;5302432;237;171;789;789;8.87;0.54;107.99;4.39;552;0;229.00;0
239;0;5302440;239;171;789;789;9.02;0.55;108.09;4.39;550;0;230.00;0
239;0;5302446;239;170;795;795;9.19;0.56;108.09;4.36;556;0;231.00;0
240;0;5302455;240;162;795;795;9.25;0.57;108.22;4.36;555;0;232.00;0
242;0;5302462;242;152;795;795;9.32;0.57;108.63;4.36;553;0;233.00;0
243;0;5302469;243;147;797;798;9.38;0.57;108.55;4.35;554;0;234.00;1
243;0;5302476;243;145;797;798;9.47;0.58;108.55;4.35;554;0;235.00;1
245;0;5302482;245;142;798;798;9.50;0.58;108.62;4.35;553;0;236.00;0
247;0;5302489;247;136;799;799;9.52;0.58;109.47;4.34;552;0;237.00;0
249;0;5302495;249;129;800;800;9.64;0.59;110.26;4.34;551;0;238.00;0
250;0;5302501;250;128;800;800;9.65;0.59;110.34;4.34;550;0;239.00;0
251;0;5302509;251;132;823;826;9.59;0.59;110.29;4.22;572;0;240.00;3
255;0;5302517;255;126;824;826;9.64;0.59;110.55;4.21;569;0;241.00;2
259;0;5302524;259;122;825;826;9.73;0.60;111.93;4.21;566;0;242.00;1
261;0;5302530;261;124;826;827;9.91;0.61;112.35;4.21;565;0;243.00;1
265;0;5302536;265;123;827;827;9.97;0.61;113.13;4.21;562;0;244.00;0
266;0;5302543;266;123;831;831;10.10;0.62;113.35;4.19;565;0;245.00;0
268;1;5302549;268;121;831;831;10.18;0.62;113.57;4.19;563;1;246.00;0
269;1;5302566;269;123;835;835;10.22;0.62;113.54;4.17;566;1;247.00;0
272;1;5302574;272;126;835;835;10.28;0.63;114.21;4.17;563;1;248.00;0
273;1;5302585;273;130;835;835;10.25;0.62;114.66;4.17;562;1;249.00;0
273;1;5302597;273;134;835;835;10.26;0.62;114.66;4.17;562;1;250.00;0
273;1;5302604;273;138;835;835;10.21;0.62;114.66;4.17;562;1;251.00;0
274;1;5302611;274;140;845;847;10.12;0.62;115.14;4.13;571;1;252.00;2
275;1;5302623;275;147;845;847;10.05;0.61;115.12;4.13;570;1;253.00;2
277;1;5302629;277;150;847;847;10.03;0.61;115.67;4.12;570;1;254.00;0
279;1;5302635;279;149;847;847;10.08;0.61;116.06;4.12;568;1;255.00;0
280;1;5302642;280;144;847;847;10.17;0.62;116.12;4.12;567;1;256.00;0
280;1;5302648;280;142;847;847;10.25;0.62;116.12;4.12;567;1;257.00;0
284;1;5302655;284;140;848;848;10.25;0.62;116.85;4.12;564;1;258.00;0
285;1;5302661;285;137;848;848;10.29;0.62;116.99;4.12;563;1;259.00;0
287;1;5302673;287;131;854;854;10.27;0.62;117.08;4.09;567;1;260.00;0
289;1;5302680;289;126;855;855;10.30;0.62;117.47;4.09;566;1;261.00;0
293;1;5302686;293;119;855;855;10.26;0.62;118.47;4.09;562;1;262.00;0
295;1;5302692;295;112;855;855;10.30;0.62;118.59;4.09;560;1;263.00;0
295;1;5302698;295;111;859;859;10.45;0.63;118.59;4.07;564;1;264.00;0
298;1;5302705;298;107;859;859;10.54;0.64;119.34;4.07;561;1;265.00;0
304;1;5302711;304;103;859;859;10.59;0.64;120.77;4.07;555;1;266.00;0
306;1;5302718;306;100;860;860;10.69;0.65;120.78;4.07;554;1;267.00;0
309;1;5302724;309;100;864;864;10.60;0.64;121.09;4.05;555;1;268.00;0
313;1;5302730;313;95;864;864;10.66;0.64;121.26;4.05;551;1;269.00;0
315;1;5302738;315;96;868;870;10.81;0.65;121.36;4.03;553;1;270.00;2
319;1;5302745;319;94;869;870;10.86;0.66;121.20;4.03;550;1;271.00;1
320;1;5302752;320;93;870;870;11.02;0.67;121.32;4.03;550;1;272.00;0
324;1;5302758;324;92;870;870;11.15;0.68;120.97;4.03;546;1;273.00;0
327;1;5302765;327;91;874;874;11.21;0.68;120.77;4.01;547;1;274.00;0
327;1;5302772;327;92;874;874;11.27;0.68;120.77;4.01;547;1;275.00;0
330;1;5302778;330;90;874;874;11.31;0.68;121.09;4.01;544;1;276.00;0
330;1;5302785;330;89;874;874;11.27;0.68;121.09;4.01;544;1;277.00;0
331;1;5302792;331;91;875;875;11.27;0.68;121.21;4.01;544;1;278.00;0
332;1;5302799;332;89;876;876;11.29;0.68;121.25;4.01;544;1;279.00;0
332;1;5302806;332;85;876;876;11.26;0.68;121.25;4.01;544;1;280.00;0
334;1;5302812;334;85;877;877;11.27;0.68;121.65;4.00;543;1;281.00;0
335;1;5302819;335;86;877;877;11.25;0.68;121.63;4.00;542;1;282.00;0
336;1;5302826;336;90;877;877;11.20;0.68;122.07;4.00;541;1;283.00;0
337;1;5302832;337;84;877;877;11.17;0.68;122.49;4.00;540;1;284.00;0
337;1;5302839;337;93;877;877;11.15;0.68;122.49;4.00;540;1;285.00;0
338;1;5302845;338;91;877;877;11.15;0.68;122.54;4.00;539;1;286.00;0
340;1;5302852;340;88;877;877;11.19;0.68;122.26;4.00;537;1;287.00;0
341;1;5302859;341;99;948;1004;10.91;0.68;122.64;3.71;607;1;288.00;56
341;1;5302876;341;94;951;1005;10.93;0.68;122.64;3.70;610;1;289.00;54
341;1;5302884;341;96;960;1005;11.05;0.69;122.64;3.68;619;1;290.00;45
344;1;5302891;344;91;966;1005;11.09;0.69;123.53;3.68;622;1;291.00;39
344;1;5302898;344;93;970;1005;11.21;0.69;123.53;3.68;626;1;292.00;35
346;1;5302906;346;93;971;1005;11.25;0.70;124.08;3.68;625;1;293.00;34
346;1;5302915;346;91;973;1005;11.31;0.70;124.08;3.69;627;1;294.00;32
346;1;5302924;346;92;975;1005;11.42;0.71;124.08;3.69;629;1;295.00;30
347;1;5302932;347;94;980;1006;11.49;0.71;124.44;3.71;633;1;296.00;26
350;1;5302941;350;96;984;1007;11.52;0.71;125.53;3.74;634;1;297.00;23
353;1;5302950;353;101;987;1007;11.50;0.71;126.18;3.75;634;1;298.00;20
354;1;5302959;354;105;989;1008;11.39;0.70;125.99;3.77;635;1;299.00;19
354;1;5302969;354;107;994;1014;11.26;0.70;125.99;3.79;640;1;300.00;20
356;1;5302981;356;105;997;1014;11.09;0.69;126.87;3.80;641;1;301.00;17
357;1;5302989;357;111;999;1014;10.97;0.68;126.76;3.82;642;1;302.00;15
360;1;5302997;360;118;1002;1018;10.79;0.67;127.36;3.84;642;1;303.00;16
362;1;5303005;362;122;1004;1018;10.73;0.66;127.48;3.83;642;1;304.00;14
365;1;5303012;365;124;1005;1018;10.58;0.65;128.69;3.85;640;1;305.00;13
367;1;5303020;367;133;1011;1021;10.34;0.64;129.31;3.89;644;1;306.00;10
374;1;5303033;374;138;1011;1021;10.18;0.63;130.98;3.89;637;1;307.00;10
377;1;5303041;377;146;1012;1021;10.10;0.62;131.25;3.89;635;1;308.00;9
381;1;5303049;381;149;1015;1025;9.96;0.61;132.01;3.88;634;1;309.00;10
386;1;5303056;386;156;1018;1026;9.83;0.61;133.09;3.91;632;1;310.00;8
388;1;5303064;388;163;1020;1026;9.70;0.60;133.66;3.94;632;1;311.00;6
390;1;5303072;390;168;1026;1030;9.63;0.59;134.37;3.94;636;1;312.00;4
394;1;5303079;394;176;1028;1030;9.53;0.59;135.00;3.96;634;1;313.00;2
396;1;5303088;396;174;1029;1030;9.41;0.58;135.17;3.97;633;1;314.00;1
397;1;5303098;397;181;1032;1032;9.26;0.57;135.26;3.97;635;1;315.00;0
400;1;5303106;400;180;1032;1032;9.16;0.56;135.15;3.97;632;1;316.00;0
401;1;5303113;401;183;1038;1038;9.13;0.56;135.24;3.95;637;1;317.00;0
404;1;5303120;404;190;1038;1038;9.06;0.55;135.05;3.95;634;1;318.00;0
404;1;5303127;404;193;1039;1039;8.90;0.54;135.05;3.95;635;1;319.00;0
405;1;5303134;405;197;1039;1039;8.72;0.53;135.20;3.95;634;1;320.00;0
407;1;5303141;407;203;1039;1039;8.62;0.53;135.28;3.95;632;1;321.00;0
407;1;5303148;407;205;1039;1039;8.55;0.52;135.28;3.95;632;1;322.00;0
409;1;5303156;409;208;1039;1039;8.47;0.52;135.88;3.95;630;1;323.00;0
410;1;5303163;410;209;1051;1051;8.46;0.52;135.81;3.90;641;1;324.00;0
412;1;5303170;412;210;1051;1051;8.40;0.51;135.88;3.90;639;1;325.00;0
414;1;5303177;414;213;1051;1051;8.38;0.51;136.50;3.90;637;1;326.00;0
418;1;5303184;418;211;1051;1051;8.26;0.50;137.12;3.90;633;1;327.00;0
421;1;5303190;421;216;1051;1051;8.16;0.50;137.57;3.90;630;1;328.00;0
422;1;5303197;422;221;1051;1051;8.01;0.49;137.51;3.90;629;1;329.00;0
424;1;5303205;424;211;1055;1055;7.93;0.49;138.08;3.89;631;1;330.00;0
425;1;5303213;425;207;1055;1055;7.89;0.48;138.53;3.89;630;1;331.00;0
428;1;5303219;428;204;1059;1059;7.92;0.49;138.79;3.88;631;1;332.00;0
430;1;5303226;430;200;1060;1060;7.96;0.49;139.30;3.88;630;1;333.00;0
435;1;5303233;435;202;1060;1060;7.94;0.49;140.96;3.88;625;1;334.00;0
437;1;5303240;437;201;1060;1060;7.96;0.49;141.51;3.88;623;1;335.00;0
440;1;5303246;440;204;1073;1073;8.04;0.50;142.12;3.83;633;1;336.00;0
442;1;5303254;442;204;1073;1073;8.14;0.50;142.42;3.83;631;1;337.00;0
448;1;5303261;448;201;1073;1073;8.24;0.51;142.22;3.83;625;1;338.00;0
450;1;5303268;450;199;1074;1074;8.34;0.51;143.09;3.83;624;1;339.00;0
456;1;5303274;456;205;1075;1075;8.31;0.51;142.80;3.82;619;1;340.00;0
457;1;5303281;457;208;1075;1075;8.33;0.51;143.24;3.82;618;1;341.00;0
459;1;5303288;459;210;1077;1078;8.31;0.51;143.29;3.82;618;1;342.00;1
461;1;5303294;461;216;1078;1078;8.24;0.51;143.95;3.81;617;1;343.00;0
463;1;5303301;463;215;1078;1078;8.11;0.50;144.28;3.81;615;1;344.00;0
468;1;5303307;468;218;1078;1078;7.90;0.49;144.28;3.81;610;1;345.00;0
470;1;5303314;470;218;1084;1084;7.90;0.49;144.57;3.80;614;1;346.00;0
472;1;5303321;472;224;1084;1084;7.79;0.48;144.56;3.80;612;1;347.00;0
475;1;5303327;475;225;1084;1084;7.67;0.47;144.53;3.80;609;1;348.00;0
480;1;5303334;480;229;1084;1084;7.49;0.46;145.10;3.80;604;1;349.00;0
482;1;5303340;482;233;1088;1088;7.55;0.47;144.97;3.79;606;1;350.00;0
487;1;5303347;487;242;1089;1089;7.44;0.46;145.60;3.79;602;1;351.00;0
488;1;5303354;488;242;1089;1089;7.41;0.46;145.34;3.79;601;1;352.00;0
490;1;5303360;490;236;1090;1090;7.37;0.45;145.37;3.78;600;1;353.00;0
494;1;5303367;494;238;1090;1090;7.24;0.44;145.18;3.78;596;1;354.00;0
496;1;5303374;496;237;1090;1090;7.07;0.43;144.86;3.78;594;1;355.00;0
497;1;5303380;497;241;1090;1090;6.99;0.43;145.00;3.78;593;1;356.00;0
499;1;5303385;499;245;1090;1090;6.92;0.42;145.10;3.78;591;1;357.00;0
501;1;5303392;501;249;1090;1090;6.87;0.42;145.58;3.78;589;1;358.00;0
504;1;5303398;504;251;1090;1090;6.88;0.42;145.65;3.78;586;1;359.00;0
506;1;5303407;506;277;1166;1215;7.11;0.44;145.27;3.54;660;1;360.00;49
509;1;5303422;509;261;1170;1216;7.12;0.44;145.39;3.53;661;1;361.00;46
512;1;5303429;512;247;1181;1216;7.27;0.45;146.14;3.51;669;1;362.00;35
512;1;5303437;512;239;1186;1216;7.33;0.45;146.14;3.51;674;1;363.00;30
513;1;5303443;513;234;1191;1216;7.38;0.46;146.55;3.51;678;1;364.00;25
516;1;5303450;516;232;1192;1216;7.42;0.46;146.71;3.51;676;1;365.00;24
516;1;5303459;516;226;1197;1216;7.51;0.46;146.71;3.52;681;1;366.00;19
516;1;5303467;516;221;1199;1216;7.61;0.47;146.71;3.53;683;1;367.00;17
516;1;5303480;516;220;1203;1217;7.73;0.48;146.71;3.55;687;1;368.00;14
517;1;5303487;517;225;1209;1218;7.71;0.47;146.93;3.57;692;1;369.00;9
518;1;5303495;518;227;1211;1218;7.74;0.47;147.00;3.58;693;1;370.00;7
519;1;5303508;519;231;1218;1222;7.69;0.47;147.01;3.59;699;1;371.00;4
519;1;5303516;519;237;1219;1222;7.70;0.47;147.01;3.59;700;1;372.00;3
520;1;5303524;520;241;1220;1222;7.71;0.47;146.78;3.59;700;1;373.00;2
521;1;5303532;521;249;1220;1222;7.70;0.47;146.77;3.59;699;1;374.00;2
522;1;5303540;522;251;1226;1228;7.62;0.46;146.96;3.58;704;1;375.00;2
523;1;5303548;523;252;1227;1228;7.60;0.46;147.19;3.59;704;1;376.00;1
524;1;5303557;524;249;1227;1228;7.54;0.46;147.28;3.59;703;1;377.00;1
525;1;5303565;525;240;1230;1231;7.56;0.46;147.52;3.60;705;1;378.00;1
527;1;5303574;527;241;1230;1231;7.58;0.46;147.78;3.60;703;1;379.00;1
528;1;5303583;528;246;1230;1231;7.57;0.46;147.54;3.60;702;1;380.00;1
528;1;5303591;528;241;1232;1232;7.61;0.46;147.54;3.59;704;1;381.00;0
529;1;5303600;529;245;1233;1233;7.70;0.47;147.64;3.59;704;1;382.00;0
534;1;5303609;534;246;1233;1233;7.70;0.47;148.40;3.59;699;1;383.00;0
537;1;5303617;537;248;1245;1246;7.77;0.47;148.76;3.56;708;1;384.00;1
538;1;5303626;538;253;1245;1246;7.77;0.47;148.80;3.56;707;1;385.00;1
541;1;5303634;541;236;1245;1246;7.75;0.47;149.16;3.56;704;1;386.00;1
543;1;5303644;543;234;1246;1247;7.75;0.47;149.42;3.56;703;1;387.00;1
545;1;5303652;545;225;1247;1247;7.72;0.47;149.97;3.56;702;1;388.00;0
546;1;5303661;546;226;1251;1251;7.80;0.47;149.74;3.55;705;1;389.00;0
548;1;5303672;548;222;1251;1251;7.83;0.48;149.92;3.55;703;1;390.00;0
548;1;5303680;548;220;1255;1255;7.80;0.48;149.92;3.54;707;1;391.00;0
550;1;5303689;550;214;1255;1255;7.83;0.48;150.75;3.54;705;1;392.00;0
551;1;5303699;551;217;1255;1255;7.96;0.49;150.67;3.54;704;1;393.00;0
552;1;5303707;552;219;1255;1255;8.09;0.49;151.11;3.54;703;1;394.00;0
556;1;5303715;556;220;1255;1255;8.27;0.51;151.77;3.54;699;1;395.00;0
557;1;5303724;557;221;1266;1267;8.46;0.52;152.06;3.51;709;1;396.00;1
559;1;5303733;559;218;1266;1267;8.59;0.53;152.32;3.51;707;1;397.00;1
563;1;5303741;563;212;1267;1267;8.69;0.53;152.96;3.51;704;1;398.00;0
565;1;5303750;565;202;1267;1267;8.87;0.54;153.39;3.51;702;1;399.00;0
566;1;5303760;566;199;1267;1267;9.00;0.55;153.57;3.51;701;1;400.00;0
570;1;5303771;570;197;1267;1267;9.09;0.56;154.03;3.51;697;1;401.00;0
572;1;5303780;572;186;1268;1268;9.17;0.56;154.02;3.51;696;1;402.00;0
574;1;5303789;574;184;1268;1268;9.27;0.57;154.03;3.51;694;1;403.00;0
577;1;5303801;577;182;1274;1274;9.41;0.57;154.70;3.49;697;1;404.00;0
578;1;5303811;578;179;1276;1276;9.50;0.58;154.87;3.49;698;1;405.00;0
580;1;5303819;580;180;1276;1276;9.58;0.59;155.48;3.49;696;1;406.00;0
585;1;5303828;585;178;1276;1276;9.63;0.59;156.58;3.49;691;1;407.00;0
588;1;5303836;588;179;1280;1280;9.67;0.59;156.68;3.48;692;1;408.00;0
590;1;5303846;590;177;1280;1280;9.71;0.59;157.05;3.48;690;1;409.00;0
591;1;5303854;591;178;1280;1280;9.76;0.60;157.48;3.48;689;1;410.00;0
594;1;5303867;594;182;1281;1281;9.77;0.60;158.13;3.48;687;1;411.00;0
596;1;5303877;596;186;1285;1285;9.71;0.59;158.90;3.47;689;1;412.00;0
597;1;5303885;597;187;1285;1285;9.75;0.60;159.12;3.47;688;1;413.00;0
601;1;5303894;601;187;1287;1288;9.78;0.60;159.34;3.46;686;1;414.00;1
603;1;5303908;603;187;1287;1288;9.76;0.60;159.72;3.46;684;1;415.00;1
606;1;5303916;606;188;1288;1288;9.83;0.60;160.30;3.46;682;1;416.00;0
608;1;5303924;608;192;1288;1288;9.87;0.60;160.76;3.46;680;1;417.00;0
614;1;5303933;614;191;1292;1292;9.83;0.60;162.18;3.45;678;1;418.00;0
616;1;5303942;616;190;1292;1292;9.78;0.60;162.70;3.45;676;1;419.00;0
618;1;5303952;618;184;1292;1292;9.87;0.60;162.89;3.45;674;1;420.00;0
624;1;5303961;624;180;1292;1292;9.84;0.60;164.13;3.45;668;1;421.00;0
626;1;5303975;626;174;1293;1293;9.81;0.60;164.23;3.45;667;1;422.00;0
630;1;5303982;630;171;1294;1294;9.81;0.60;164.75;3.45;664;1;423.00;0
631;1;5303990;631;162;1294;1294;9.90;0.60;165.04;3.45;663;1;424.00;0
636;1;5303999;636;152;1295;1295;9.99;0.61;165.07;3.45;659;1;425.00;0
638;1;5304007;638;147;1295;1295;10.05;0.61;165.78;3.45;657;1;426.00;0
642;1;5304015;642;138;1295;1295;10.04;0.61;165.89;3.45;653;1;427.00;0
645;1;5304022;645;134;1295;1295;10.11;0.62;166.53;3.45;650;1;428.00;0
646;1;5304031;646;128;1295;1295;10.25;0.62;166.58;3.45;649;1;429.00;0
650;1;5304039;650;131;1295;1295;10.33;0.63;167.31;3.45;645;1;430.00;0
653;1;5304046;653;126;1295;1295;10.38;0.63;167.49;3.45;642;1;431.00;0
656;1;5304054;656;145;1367;1422;10.08;0.62;167.43;3.27;711;1;432.00;55
658;1;5304073;658;132;1370;1423;10.17;0.63;167.40;3.26;712;1;433.00;53
659;1;5304081;659;121;1376;1423;10.34;0.64;167.37;3.26;717;1;434.00;47
664;1;5304089;664;112;1379;1423;10.38;0.64;167.60;3.26;715;1;435.00;44
666;1;5304100;666;110;1383;1423;10.47;0.64;168.05;3.26;717;1;436.00;40
670;1;5304109;670;108;1387;1423;10.55;0.65;168.39;3.26;717;1;437.00;36
672;2;5304118;672;106;1389;1423;10.59;0.65;168.87;3.27;717;2;438.00;34
674;2;5304133;674;108;1392;1423;10.62;0.65;168.91;3.28;718;2;439.00;31
678;2;5304147;678;110;1395;1424;10.60;0.65;169.35;3.29;717;2;440.00;29
681;2;5304160;681;109;1397;1425;10.67;0.65;169.05;3.29;716;2;441.00;28
683;2;5304173;683;112;1403;1425;10.77;0.66;169.19;3.32;720;2;442.00;22
685;2;5304182;685;112;1406;1426;10.84;0.66;169.58;3.34;721;2;443.00;20
687;2;5304191;687;111;1410;1426;10.85;0.66;169.95;3.36;723;2;444.00;16
692;2;5304200;692;113;1411;1426;10.84;0.66;170.42;3.37;719;2;445.00;15
696;2;5304209;696;119;1415;1426;10.70;0.65;171.05;3.40;719;2;446.00;11
697;2;5304218;697;125;1420;1430;10.56;0.64;170.93;3.43;723;2;447.00;10
701;2;5304228;701;127;1423;1430;10.35;0.63;171.33;3.44;722;2;448.00;7
704;2;5304237;704;131;1424;1430;10.23;0.62;171.15;3.44;720;2;449.00;6
704;2;5304248;704;135;1428;1436;10.16;0.62;171.15;3.43;724;2;450.00;8
707;2;5304258;707;140;1430;1436;10.05;0.61;171.47;3.45;723;2;451.00;6
708;2;5304267;708;141;1434;1436;10.01;0.61;171.56;3.47;726;2;452.00;2
711;2;5304281;711;143;1436;1440;9.88;0.60;171.65;3.47;725;2;453.00;4
714;2;5304294;714;145;1438;1441;9.82;0.60;171.65;3.47;724;2;454.00;3
717;2;5304304;717;149;1439;1441;9.76;0.60;171.85;3.47;722;2;455.00;2
719;2;5304312;719;151;1442;1445;9.73;0.59;171.88;3.46;723;2;456.00;3
722;2;5304321;722;156;1442;1445;9.66;0.59;172.52;3.46;720;2;457.00;3
725;2;5304331;725;161;1442;1445;9.55;0.58;172.59;3.46;717;2;458.00;3
727;2;5304339;727;164;1443;1446;9.50;0.58;172.69;3.46;716;2;459.00;3
731;2;5304352;731;164;1443;1446;9.46;0.58;172.64;3.46;712;2;460.00;3
732;2;5304362;732;170;1450;1452;9.40;0.57;172.53;3.46;718;2;461.00;2
734;2;5304371;734;176;1450;1452;9.35;0.57;172.59;3.46;716;2;462.00;2
734;2;5304379;734;184;1451;1453;9.34;0.57;172.59;3.46;717;2;463.00;2
737;2;5304387;737;190;1451;1453;9.33;0.57;172.52;3.46;714;2;464.00;2
738;2;5304396;738;194;1451;1453;9.32;0.57;172.89;3.46;713;2;465.00;2
740;2;5304404;740;197;1453;1453;9.26;0.57;172.80;3.47;713;2;466.00;0
742;2;5304412;742;201;1453;1453;9.15;0.56;172.91;3.47;711;2;467.00;0
742;2;5304421;742;211;1464;1465;9.13;0.56;172.91;3.44;722;2;468.00;1
742;2;5304429;742;213;1464;1465;9.02;0.55;172.91;3.44;722;2;469.00;1
744;2;5304437;744;222;1465;1465;8.88;0.54;172.94;3.44;721;2;470.00;0
746;2;5304445;746;231;1465;1465;8.75;0.54;173.21;3.44;719;2;471.00;0
747;2;5304453;747;236;1465;1465;8.65;0.53;173.23;3.44;718;2;472.00;0
750;2;5304460;750;240;1465;1465;8.56;0.53;173.18;3.44;715;2;473.00;0
751;2;5304468;751;245;1469;1469;8.52;0.52;173.16;3.43;718;2;474.00;0
755;2;5304476;755;245;1469;1469;8.50;0.52;173.11;3.43;714;2;475.00;0
759;2;5304484;759;250;1473;1473;8.54;0.52;173.09;3.43;714;2;476.00;0
760;2;5304492;760;252;1474;1474;8.49;0.52;172.90;3.43;714;2;477.00;0
762;2;5304499;762;261;1474;1474;8.40;0.51;172.66;3.43;712;2;478.00;0
763;2;5304506;763;260;1474;1474;8.38;0.51;172.45;3.43;711;2;479.00;0
764;2;5304517;764;262;1496;1500;8.39;0.51;172.49;3.38;732;2;480.00;4
765;2;5304527;765;259;1497;1500;8.38;0.51;172.42;3.37;732;2;481.00;3
765;2;5304534;765;261;1500;1500;8.48;0.52;172.42;3.37;735;2;482.00;0
766;2;5304542;766;263;1501;1501;8.47;0.52;172.36;3.37;735;2;483.00;0
769;2;5304549;769;265;1502;1502;8.40;0.52;172.07;3.37;733;2;484.00;0
772;2;5304557;772;270;1502;1502;8.29;0.51;172.08;3.37;730;2;485.00;0
773;2;5304564;773;267;1504;1505;8.23;0.50;171.99;3.36;731;2;486.00;1
774;2;5304572;774;271;1504;1505;8.18;0.50;171.93;3.36;730;2;487.00;1
777;2;5304580;777;274;1505;1505;8.14;0.50;171.81;3.36;728;2;488.00;0
777;2;5304587;777;274;1505;1505;8.20;0.50;171.81;3.36;728;2;489.00;0
780;2;5304594;780;274;1511;1511;8.15;0.50;171.53;3.35;731;2;490.00;0
780;2;5304602;780;273;1511;1511;8.06;0.49;171.53;3.35;731;2;491.00;0
783;2;5304609;783;275;1511;1511;7.88;0.48;171.32;3.35;728;2;492.00;0
790;2;5304615;790;280;1511;1511;7.58;0.46;171.26;3.35;721;2;493.00;0
791;2;5304622;791;284;1515;1515;7.38;0.45;171.37;3.35;724;2;494.00;0
796;2;5304629;796;274;1517;1517;7.19;0.44;172.33;3.34;721;2;495.00;0
797;2;5304637;797;269;1517;1517;7.10;0.43;172.28;3.34;720;2;496.00;0
802;2;5304644;802;263;1518;1518;6.97;0.43;172.65;3.34;716;2;497.00;0
806;2;5304650;806;264;1518;1518;6.90;0.42;172.82;3.34;712;2;498.00;0
807;2;5304658;807;263;1518;1518;6.91;0.42;173.16;3.34;711;2;499.00;0
809;2;5304666;809;262;1518;1518;6.95;0.43;173.76;3.34;709;2;500.00;0
812;2;5304676;812;259;1518;1518;7.01;0.43;174.25;3.34;706;2;501.00;0
816;2;5304684;816;258;1518;1518;7.05;0.43;174.70;3.34;702;2;502.00;0
816;2;5304691;816;258;1518;1518;7.10;0.44;174.70;3.34;702;2;503.00;0
819;2;5304697;819;253;1555;1588;7.30;0.45;175.31;3.26;736;2;504.00;33
822;2;5304712;822;253;1559;1589;7.23;0.44;175.89;3.26;737;2;505.00;30
823;2;5304722;823;254;1569;1589;7.18;0.44;175.70;3.25;746;2;506.00;20
827;2;5304729;827;256;1572;1589;7.10;0.44;176.27;3.25;745;2;507.00;17
828;2;5304737;828;250;1575;1589;7.12;0.44;176.67;3.25;747;2;508.00;14
828;2;5304746;828;242;1576;1589;7.10;0.44;176.67;3.25;748;2;509.00;13
833;2;5304756;833;239;1579;1589;7.10;0.44;176.74;3.26;746;2;510.00;10
837;2;5304764;837;245;1581;1589;7.08;0.43;177.76;3.26;744;2;511.00;8
840;2;5304773;840;243;1583;1590;7.07;0.43;178.17;3.27;743;2;512.00;7
843;2;5304781;843;246;1585;1591;7.07;0.43;178.25;3.27;742;2;513.00;6
846;2;5304789;846;249;1587;1591;7.13;0.44;178.33;3.28;741;2;514.00;4
849;2;5304803;849;253;1593;1595;7.17;0.44;178.16;3.29;744;2;515.00;2
853;2;5304811;853;255;1595;1595;7.24;0.44;178.47;3.29;742;2;516.00;0
856;2;5304820;856;254;1595;1595;7.29;0.45;178.23;3.29;739;2;517.00;0
859;2;5304830;859;255;1595;1595;7.31;0.45;178.97;3.29;736;2;518.00;0
864;2;5304838;864;257;1601;1601;7.30;0.45;179.55;3.28;737;2;519.00;0
865;2;5304853;865;253;1601;1601;7.37;0.45;179.45;3.28;736;2;520.00;0
867;2;5304861;867;251;1601;1601;7.43;0.45;179.63;3.28;734;2;521.00;0
867;2;5304869;867;252;1603;1604;7.44;0.46;179.63;3.27;736;2;522.00;1
869;2;5304878;869;247;1603;1604;7.38;0.45;180.12;3.27;734;2;523.00;1
870;2;5304887;870;249;1604;1604;7.38;0.45;180.39;3.27;734;2;524.00;0
874;2;5304895;874;249;1605;1605;7.38;0.45;180.69;3.27;731;2;525.00;0
879;2;5304903;879;251;1606;1606;7.44;0.45;181.25;3.27;727;2;526.00;0
881;2;5304912;881;251;1606;1606;7.46;0.46;181.43;3.27;725;2;527.00;0
883;2;5304920;883;249;1618;1619;7.61;0.46;181.49;3.25;735;2;528.00;1
887;2;5304929;887;251;1619;1619;7.65;0.46;181.26;3.24;732;2;529.00;0
890;2;5304938;890;250;1619;1619;7.67;0.47;181.80;3.24;729;2;530.00;0
892;2;5304947;892;247;1620;1620;7.70;0.47;181.94;3.24;728;2;531.00;0
895;2;5304956;895;247;1620;1620;7.76;0.47;181.73;3.24;725;2;532.00;0
898;2;5304964;898;243;1624;1624;7.85;0.48;181.94;3.24;726;2;533.00;0
901;2;5304973;901;243;1624;1624;7.81;0.47;182.01;3.24;723;2;534.00;0
903;2;5304981;903;248;1628;1628;7.75;0.47;182.02;3.23;725;2;535.00;0
906;2;5304990;906;247;1628;1628;7.65;0.46;182.36;3.23;722;2;536.00;0
908;2;5305003;908;247;1628;1628;7.63;0.46;182.68;3.23;720;2;537.00;0
910;2;5305012;910;251;1628;1628;7.58;0.46;182.72;3.23;718;2;538.00;0
912;2;5305020;912;258;1628;1628;7.51;0.46;182.83;3.23;716;2;539.00;0
912;2;5305030;912;264;1659;1662;7.59;0.46;182.83;3.17;747;2;540.00;3
916;2;5305040;916;265;1659;1662;7.44;0.46;182.97;3.17;743;2;541.00;3
916;2;5305049;916;252;1661;1662;7.50;0.46;182.97;3.17;745;2;542.00;1
917;2;5305058;917;247;1661;1662;7.51;0.46;182.97;3.17;744;2;543.00;1
920;2;5305067;920;239;1662;1662;7.55;0.46;183.18;3.17;742;2;544.00;0
922;2;5305076;922;239;1662;1662;7.57;0.46;183.39;3.17;740;2;545.00;0
924;2;5305086;924;237;1663;1663;7.61;0.47;183.45;3.17;739;2;546.00;0
926;2;5305095;926;231;1663;1663;7.66;0.47;183.55;3.17;737;2;547.00;0
927;2;5305103;927;230;1669;1669;7.75;0.47;183.63;3.16;742;2;548.00;0
930;2;5305113;930;232;1670;1670;7.78;0.47;183.49;3.16;740;2;549.00;0
931;2;5305122;931;234;1670;1670;7.84;0.48;183.58;3.16;739;2;550.00;0
933;2;5305136;933;220;1670;1670;7.89;0.48;183.66;3.16;737;2;551.00;0
936;2;5305146;936;211;1674;1674;7.89;0.48;184.03;3.15;738;2;552.00;0
938;2;5305155;938;207;1674;1674;7.98;0.49;184.24;3.15;736;2;553.00;0
940;2;5305164;940;205;1674;1674;8.03;0.49;184.55;3.15;734;2;554.00;0
943;2;5305173;943;204;1675;1675;8.07;0.49;184.74;3.15;732;2;555.00;0
944;2;5305182;944;200;1679;1679;8.06;0.49;184.94;3.15;735;2;556.00;0
947;2;5305191;947;200;1679;1679;8.05;0.49;185.03;3.15;732;2;557.00;0
948;2;5305201;948;201;1681;1682;8.17;0.50;185.12;3.14;733;2;558.00;1
952;2;5305211;952;199;1681;1682;8.19;0.50;185.46;3.14;729;2;559.00;1
954;2;5305226;954;205;1682;1682;8.26;0.50;185.71;3.14;728;2;560.00;0
958;2;5305235;958;209;1682;1682;8.30;0.51;186.40;3.14;724;2;561.00;0
960;2;5305244;960;211;1686;1686;8.40;0.51;186.50;3.14;726;2;562.00;0
963;2;5305253;963;201;1686;1686;8.44;0.51;187.08;3.14;723;2;563.00;0
967;2;5305263;967;207;1686;1686;8.51;0.52;187.24;3.14;719;2;564.00;0
972;2;5305272;972;205;1686;1686;8.64;0.53;187.51;3.14;714;2;565.00;0
974;2;5305280;974;202;1687;1687;8.81;0.54;187.99;3.13;713;2;566.00;0
979;2;5305289;979;203;1688;1688;8.86;0.54;188.21;3.13;709;2;567.00;0
982;2;5305299;982;205;1688;1688;8.89;0.54;188.69;3.13;706;2;568.00;0
983;2;5305308;983;202;1689;1689;8.96;0.54;188.92;3.13;706;2;569.00;0
986;2;5305318;986;201;1689;1689;8.99;0.55;189.53;3.13;703;2;570.00;0
989;2;5305327;989;199;1689;1689;8.98;0.55;190.14;3.13;700;2;571.00;0
993;2;5305336;993;195;1689;1689;9.00;0.55;190.17;3.13;696;2;572.00;0
996;2;5305345;996;198;1689;1689;8.96;0.54;190.54;3.13;693;2;573.00;0
998;2;5305353;998;199;1689;1689;8.95;0.54;190.78;3.13;691;2;574.00;0
999;2;5305363;999;198;1689;1689;8.94;0.54;191.03;3.13;690;2;575.00;0
1001;2;5305371;1001;226;1766;1816;8.84;0.55;191.03;3.00;765;2;576.00;50
1001;2;5305391;1001;214;1770;1817;8.84;0.55;191.03;2.99;769;2;577.00;47
1002;2;5305402;1002;200;1776;1817;8.94;0.55;190.98;2.99;774;2;578.00;41
1007;2;5305411;1007;200;1779;1817;9.00;0.55;191.19;2.99;772;2;579.00;38
1009;2;5305420;1009;205;1785;1817;9.05;0.56;191.15;2.99;776;2;580.00;32
1009;2;5305429;1009;206;1787;1817;9.03;0.56;191.15;2.99;778;2;581.00;30
1009;2;5305437;1009;207;1790;1817;9.04;0.56;191.15;3.00;781;2;582.00;27
1011;2;5305447;1011;215;1793;1817;9.06;0.56;191.22;3.01;782;2;583.00;24
1012;2;5305456;1012;220;1795;1818;9.06;0.56;191.32;3.01;783;2;584.00;23
1013;2;5305465;1013;227;1798;1820;9.04;0.55;191.23;3.02;785;2;585.00;22
1016;2;5305475;1016;220;1802;1820;9.02;0.55;191.46;3.03;786;2;586.00;18
1018;2;5305484;1018;219;1806;1821;9.02;0.55;191.55;3.04;788;2;587.00;15
1018;2;5305493;1018;223;1808;1821;8.91;0.54;191.55;3.05;790;2;588.00;13
1019;2;5305504;1019;223;1812;1821;8.93;0.55;191.71;3.07;793;2;589.00;9
1020;2;5305518;1020;216;1812;1821;8.94;0.55;191.68;3.07;792;2;590.00;9
1022;2;5305527;1022;215;1816;1825;8.94;0.55;191.96;3.08;794;2;591.00;9
1025;2;5305537;1025;210;1816;1825;8.97;0.55;192.06;3.08;791;2;592.00;9
1026;2;5305546;1026;209;1818;1825;9.00;0.55;192.39;3.10;792;2;593.00;7
1028;2;5305554;1028;201;1821;1828;8.97;0.55;192.80;3.11;793;2;594.00;7
1034;2;5305564;1034;205;1821;1828;8.89;0.54;193.70;3.11;787;2;595.00;7
1036;2;5305574;1036;207;1821;1828;8.84;0.54;193.99;3.11;785;2;596.00;7
1042;2;5305584;1042;207;1824;1832;8.78;0.53;194.69;3.11;782;2;597.00;8
1045;2;5305594;1045;203;1826;1833;8.77;0.53;195.27;3.11;781;2;598.00;7
1047;2;5305602;1047;196;1829;1833;8.75;0.53;195.59;3.13;782;2;599.00;4
1052;2;5305613;1052;206;1841;1859;8.66;0.53;195.97;3.11;789;2;600.00;18
1055;2;5305635;1055;199;1845;1859;8.57;0.52;196.31;3.11;790;2;601.00;14
1058;2;5305644;1058;193;1845;1859;8.48;0.52;196.69;3.11;787;2;602.00;14
1063;2;5305652;1063;195;1846;1860;8.49;0.52;197.80;3.11;783;2;603.00;14
1067;2;5305662;1067;196;1846;1860;8.44;0.51;198.03;3.11;779;2;604.00;14
1070;2;5305676;1070;190;1850;1866;8.38;0.51;198.15;3.10;780;2;605.00;16
1071;2;5305686;1071;192;1853;1866;8.31;0.50;198.19;3.11;782;2;606.00;13
1074;2;5305694;1074;193;1854;1867;8.25;0.50;198.52;3.11;780;2;607.00;13
1076;2;5305703;1076;195;1856;1867;8.14;0.49;199.15;3.11;780;2;608.00;11
1079;2;5305712;1079;206;1856;1867;8.10;0.49;199.43;3.11;777;2;609.00;11
1081;2;5305721;1081;206;1856;1867;8.10;0.49;199.45;3.11;775;2;610.00;11
1082;2;5305730;1082;215;1857;1867;8.04;0.49;199.63;3.13;775;2;611.00;10
1084;2;5305738;1084;225;1868;1879;8.06;0.49;199.95;3.13;784;2;612.00;11
1084;2;5305748;1084;220;1871;1879;8.08;0.49;199.95;3.14;787;2;613.00;8
1085;2;5305756;1085;220;1873;1879;8.11;0.49;199.99;3.14;788;2;614.00;6
1085;2;5305766;1085;220;1873;1879;8.08;0.49;199.99;3.14;788;2;615.00;6
1088;2;5305774;1088;219;1873;1879;8.11;0.49;199.89;3.14;785;2;616.00;6
1090;2;5305784;1090;221;1873;1879;8.12;0.49;200.00;3.14;783;2;617.00;6
1091;2;5305792;1091;226;1878;1883;8.14;0.50;200.11;3.15;787;2;618.00;5
1094;2;5305801;1094;233;1878;1883;8.21;0.50;200.43;3.15;784;2;619.00;5
1095;2;5305811;1095;236;1882;1887;8.28;0.50;200.35;3.15;787;2;620.00;5
1096;2;5305820;1096;239;1883;1888;8.29;0.51;200.28;3.15;787;2;621.00;5
1098;2;5305829;1098;242;1883;1888;8.26;0.50;200.04;3.15;785;2;622.00;5
1100;2;5305838;1100;245;1884;1888;8.26;0.50;199.91;3.16;784;2;623.00;4
1102;2;5305847;1102;255;1895;1901;8.17;0.50;199.78;3.15;793;2;624.00;6
1104;2;5305856;1104;257;1895;1901;8.12;0.49;199.58;3.15;791;2;625.00;6
1106;2;5305865;1106;258;1896;1901;8.06;0.49;199.42;3.15;790;2;626.00;5
1107;2;5305874;1107;267;1898;1902;7.98;0.49;199.26;3.15;791;2;627.00;4
1107;2;5305882;1107;269;1900;1903;7.90;0.48;199.26;3.15;793;2;628.00;3
1109;2;5305890;1109;278;1902;1903;7.83;0.48;199.21;3.17;793;2;629.00;1
1110;2;5305901;1110;288;1906;1909;7.82;0.48;199.27;3.17;796;2;630.00;3
1114;2;5305909;1114;285;1907;1909;7.72;0.47;199.11;3.17;793;2;631.00;2
1115;2;5305918;1115;292;1909;1909;7.68;0.47;199.04;3.17;794;2;632.00;0
1116;2;5305927;1116;301;1909;1909;7.58;0.46;199.03;3.17;793;2;633.00;0
1117;2;5305934;1117;304;1915;1915;7.55;0.46;198.95;3.16;798;2;634.00;0
1117;2;5305943;1117;308;1915;1915;7.48;0.46;198.95;3.16;798;2;635.00;0
1119;2;5305951;1119;308;1915;1915;7.41;0.45;199.02;3.16;796;2;636.00;0
1120;2;5305959;1120;315;1915;1915;7.32;0.45;198.98;3.16;795;2;637.00;0
1121;2;5305967;1121;322;1919;1919;7.23;0.44;198.86;3.16;798;2;638.00;0
1122;2;5305974;1122;324;1920;1920;7.19;0.44;198.74;3.15;798;2;639.00;0
1123;2;5305982;1123;331;1920;1920;7.15;0.44;198.62;3.15;797;2;640.00;0
1126;2;5305990;1126;339;1921;1921;7.06;0.43;198.53;3.15;795;2;641.00;0
1129;3;5305997;1129;342;1921;1921;6.99;0.43;198.37;3.15;792;3;642.00;0
1133;3;5306016;1133;347;1921;1921;6.86;0.42;198.04;3.15;788;3;643.00;0
1137;3;5306023;1137;345;1921;1921;6.79;0.42;197.99;3.15;784;3;644.00;0
1138;3;5306031;1138;341;1921;1921;6.74;0.41;197.84;3.15;783;3;645.00;0
1140;3;5306037;1140;340;1921;1921;6.72;0.41;197.73;3.15;781;3;646.00;0
1141;3;5306045;1141;338;1921;1921;6.72;0.41;197.74;3.15;780;3;647.00;0
1144;3;5306052;1144;345;1961;1991;6.93;0.43;197.85;3.09;817;3;648.00;30
1145;3;5306064;1145;336;1964;1992;6.94;0.43;197.98;3.09;819;3;649.00;28
1147;3;5306075;1147;328;1973;1992;6.94;0.43;197.81;3.08;826;3;650.00;19
1149;3;5306083;1149;328;1974;1992;6.90;0.42;197.89;3.08;825;3;651.00;18
1152;3;5306090;1152;327;1977;1992;6.81;0.42;197.88;3.08;825;3;652.00;15
1152;3;5306098;1152;329;1978;1992;6.74;0.41;197.88;3.08;826;3;653.00;14
1153;3;5306105;1153;328;1981;1992;6.68;0.41;197.80;3.09;828;3;654.00;11
1157;3;5306112;1157;316;1984;1992;6.66;0.41;197.83;3.09;827;3;655.00;8
1158;3;5306120;1158;305;1986;1993;6.66;0.41;197.67;3.10;828;3;656.00;7
1161;3;5306128;1161;300;1988;1994;6.60;0.40;198.24;3.10;827;3;657.00;6
1163;3;5306136;1163;292;1989;1994;6.52;0.40;198.10;3.10;826;3;658.00;5
1164;3;5306144;1164;289;1994;1998;6.41;0.39;197.94;3.10;830;3;659.00;4
1169;3;5306154;1169;277;1995;1998;6.36;0.39;198.02;3.11;826;3;660.00;3
1171;3;5306163;1171;274;1996;1998;6.34;0.39;198.01;3.11;825;3;661.00;2
1174;3;5306171;1174;268;1997;1998;6.34;0.39;198.54;3.12;823;3;662.00;1
1177;3;5306179;1177;268;2003;2004;6.41;0.39;198.77;3.11;826;3;663.00;1
1180;3;5306192;1180;266;2004;2004;6.50;0.40;198.92;3.11;824;3;664.00;0
1182;3;5306206;1182;269;2004;2004;6.55;0.40;199.06;3.11;822;3;665.00;0
1185;3;5306215;1185;263;2007;2007;6.60;0.40;199.23;3.11;822;3;666.00;0
1187;3;5306224;1187;254;2007;2007;6.72;0.41;199.30;3.11;820;3;667.00;0
1192;3;5306233;1192;251;2007;2007;6.86;0.42;199.31;3.11;815;3;668.00;0
1194;3;5306243;1194;240;2008;2008;7.03;0.43;199.56;3.11;814;3;669.00;0
1196;3;5306251;1196;236;2009;2009;7.14;0.43;199.52;3.11;813;3;670.00;0
1197;3;5306261;1197;235;2009;2009;7.25;0.44;199.58;3.11;812;3;671.00;0
1201;3;5306269;1201;234;2022;2022;7.40;0.45;199.34;3.09;821;3;672.00;0
1203;3;5306280;1203;227;2022;2022;7.50;0.46;199.46;3.09;819;3;673.00;0
1203;3;5306289;1203;222;2022;2022;7.62;0.46;199.46;3.09;819;3;674.00;0
1209;3;5306299;1209;221;2024;2024;7.69;0.47;199.46;3.08;815;3;675.00;0
1213;3;5306309;1213;222;2024;2024;7.75;0.47;199.75;3.08;811;3;676.00;0
1216;3;5306319;1216;224;2028;2028;7.83;0.48;200.48;3.08;812;3;677.00;0
1222;3;5306328;1222;226;2028;2028;7.88;0.48;200.57;3.08;806;3;678.00;0
1224;3;5306338;1224;228;2032;2032;7.91;0.48;200.85;3.08;808;3;679.00;0
1227;3;5306348;1227;229;2032;2032;7.95;0.48;201.21;3.08;805;3;680.00;0
1231;3;5306357;1231;231;2032;2032;7.93;0.48;201.83;3.08;801;3;681.00;0
1238;3;5306368;1238;230;2032;2032;7.87;0.48;202.51;3.08;794;3;682.00;0
1241;3;5306378;1241;226;2032;2032;7.89;0.48;202.95;3.08;791;3;683.00;0
1246;3;5306388;1246;229;2043;2044;7.85;0.48;202.90;3.06;797;3;684.00;1
1250;3;5306398;1250;234;2044;2044;7.87;0.48;203.47;3.06;794;3;685.00;0
1252;3;5306408;1252;236;2044;2044;7.84;0.48;203.68;3.06;792;3;686.00;0
1256;3;5306417;1256;240;2044;2044;7.84;0.48;203.99;3.06;788;3;687.00;0
1261;3;5306426;1261;231;2044;2044;7.82;0.48;204.71;3.06;783;3;688.00;0
1264;3;5306436;1264;234;2044;2044;7.85;0.48;204.89;3.06;780;3;689.00;0
1270;3;5306447;1270;235;2045;2045;7.89;0.48;204.97;3.06;775;3;690.00;0
1274;3;5306457;1274;234;2045;2045;7.96;0.48;205.30;3.06;771;3;691.00;0
1277;3;5306467;1277;231;2051;2051;8.07;0.49;205.37;3.05;774;3;692.00;0
1282;3;5306477;1282;229;2051;2052;8.14;0.49;205.55;3.05;769;3;693.00;1
1285;3;5306488;1285;231;2052;2052;8.23;0.50;205.82;3.05;767;3;694.00;0
1290;3;5306497;1290;234;2052;2052;8.30;0.50;206.44;3.05;762;3;695.00;0
1293;3;5306507;1293;233;2056;2056;8.28;0.50;206.94;3.04;763;3;696.00;0
1295;3;5306518;1295;228;2056;2056;8.34;0.51;207.00;3.04;761;3;697.00;0
1299;3;5306527;1299;225;2056;2056;8.37;0.51;207.56;3.04;757;3;698.00;0
1302;3;5306536;1302;228;2057;2057;8.34;0.51;207.69;3.04;755;3;699.00;0
1304;3;5306546;1304;231;2061;2061;8.32;0.51;208.11;3.04;757;3;700.00;0
1309;3;5306560;1309;229;2061;2061;8.27;0.50;208.79;3.04;752;3;701.00;0
1313;3;5306569;1313;231;2063;2064;8.24;0.50;209.00;3.04;750;3;702.00;1
1316;3;5306580;1316;234;2063;2064;8.18;0.50;209.32;3.04;747;3;703.00;1
1318;3;5306589;1318;239;2064;2064;8.12;0.49;209.34;3.04;746;3;704.00;0
1320;3;5306599;1320;239;2064;2064;8.06;0.49;209.60;3.04;744;3;705.00;0
1320;3;5306608;1320;241;2068;2068;8.09;0.49;209.60;3.03;748;3;706.00;0
1324;3;5306619;1324;239;2068;2068;8.06;0.49;209.89;3.03;744;3;707.00;0
1326;3;5306628;1326;232;2068;2068;8.06;0.49;210.06;3.03;742;3;708.00;0
1327;3;5306637;1327;229;2068;2068;8.02;0.49;210.14;3.03;741;3;709.00;0
1329;3;5306647;1329;222;2069;2069;8.02;0.49;210.13;3.03;740;3;710.00;0
1330;3;5306657;1330;225;2070;2070;8.11;0.49;210.38;3.03;740;3;711.00;0
1332;3;5306668;1332;224;2070;2070;8.16;0.50;210.56;3.03;738;3;712.00;0
1333;3;5306677;1333;230;2071;2071;8.17;0.50;210.67;3.03;738;3;713.00;0
1335;3;5306688;1335;230;2071;2071;8.21;0.50;210.68;3.03;736;3;714.00;0
1337;3;5306698;1337;234;2071;2071;8.24;0.50;210.99;3.03;734;3;715.00;0
1337;3;5306707;1337;218;2071;2071;8.31;0.51;210.99;3.03;734;3;716.00;0
1338;3;5306718;1338;216;2071;2071;8.42;0.51;210.98;3.03;733;3;717.00;0
1340;3;5306733;1340;206;2071;2071;8.46;0.51;210.92;3.03;731;3;718.00;0
1343;3;5306743;1343;198;2071;2071;8.46;0.51;211.04;3.03;728;3;719.00;0
1346;3;5306755;1346;245;2195;2301;8.25;0.52;211.53;2.86;849;3;720.00;106
1350;3;5306783;1350;236;2205;2302;8.24;0.51;211.85;2.85;855;3;721.00;97
1353;3;5306794;1353;216;2215;2302;8.33;0.52;212.03;2.85;862;3;722.00;87
1353;3;5306805;1353;212;2222;2302;8.42;0.52;212.03;2.85;869;3;723.00;80
1354;3;5306816;1354;212;2229;2302;8.41;0.52;212.14;2.85;875;3;724.00;73
1356;3;5306826;1356;211;2232;2302;8.40;0.52;212.20;2.85;876;3;725.00;70
1360;3;5306836;1360;212;2238;2302;8.39;0.52;212.37;2.86;878;3;726.00;64
1361;3;5306846;1361;210;2241;2302;8.39;0.52;212.38;2.87;880;3;727.00;61
1367;3;5306857;1367;208;2248;2303;8.29;0.51;212.57;2.88;881;3;728.00;55
1369;3;5306868;1369;210;2253;2304;8.24;0.51;212.64;2.90;884;3;729.00;51
1372;3;5306878;1372;206;2258;2304;8.13;0.50;212.83;2.91;886;3;730.00;46
1374;3;5306891;1374;210;2264;2305;8.03;0.50;213.06;2.93;890;3;731.00;41
1377;3;5306901;1377;215;2266;2305;7.94;0.49;213.29;2.94;889;3;732.00;39
1377;3;5306912;1377;220;2270;2305;7.92;0.49;213.29;2.96;893;3;733.00;35
1380;3;5306922;1380;222;2270;2305;7.85;0.48;213.59;2.96;890;3;734.00;35
1382;3;5306932;1382;235;2275;2309;7.80;0.48;213.59;2.97;893;3;735.00;34
1384;3;5306942;1384;244;2276;2309;7.83;0.48;213.71;2.98;892;3;736.00;33
1386;3;5306952;1386;252;2278;2309;7.83;0.48;214.02;2.99;892;3;737.00;31
1387;3;5306962;1387;252;2280;2312;7.81;0.48;214.28;3.00;893;3;738.00;32
1390;3;5306973;1390;267;2281;2312;7.77;0.48;214.58;3.00;891;3;739.00;31
1393;3;5306985;1393;262;2283;2312;7.73;0.47;214.65;3.01;890;3;740.00;29
1393;3;5306995;1393;268;2288;2316;7.70;0.47;214.65;3.02;895;3;741.00;28
1396;3;5307006;1396;274;2289;2317;7.65;0.47;214.86;3.02;893;3;742.00;28
1397;3;5307016;1397;273;2290;2317;7.54;0.46;215.12;3.03;893;3;743.00;27
1398;3;5307031;1398;280;2296;2321;7.46;0.46;214.98;3.03;898;3;744.00;25
1400;3;5307041;1400;280;2297;2321;7.41;0.45;215.07;3.04;897;3;745.00;24
1401;3;5307051;1401;290;2300;2321;7.34;0.45;215.19;3.07;899;3;746.00;21
1402;3;5307071;1402;288;2300;2322;7.33;0.45;215.30;3.07;898;3;747.00;22
1402;3;5307086;1402;287;2300;2322;7.37;0.45;215.30;3.07;898;3;748.00;22
1403;3;5307096;1403;291;2305;2328;7.34;0.45;215.37;3.07;902;3;749.00;23
1407;3;5307108;1407;292;2307;2328;7.27;0.45;215.49;3.08;900;3;750.00;21
1407;3;5307119;1407;295;2309;2329;7.23;0.44;215.49;3.10;902;3;751.00;20
1409;3;5307129;1409;294;2310;2329;7.22;0.44;215.59;3.11;901;3;752.00;19
1414;3;5307138;1414;300;2312;2329;7.18;0.44;215.92;3.13;898;3;753.00;17
1415;3;5307148;1415;292;2314;2329;7.18;0.44;215.89;3.15;899;3;754.00;15
1418;3;5307158;1418;293;2315;2329;7.13;0.44;215.95;3.16;897;3;755.00;14
1420;3;5307167;1420;294;2325;2341;7.12;0.44;216.05;3.15;905;3;756.00;16
1421;3;5307178;1421;287;2325;2341;7.10;0.43;216.03;3.15;904;3;757.00;16
1422;3;5307188;1422;289;2328;2341;7.15;0.44;216.05;3.16;906;3;758.00;13
1422;3;5307197;1422;282;2328;2341;7.20;0.44;216.05;3.16;906;3;759.00;13
1428;3;5307207;1428;280;2329;2341;7.19;0.44;216.45;3.16;901;3;760.00;12
1429;3;5307216;1429;282;2330;2341;7.17;0.44;216.43;3.16;901;3;761.00;11
1431;3;5307226;1431;286;2334;2345;7.16;0.44;216.38;3.16;903;3;762.00;11
1432;3;5307236;1432;284;2334;2345;7.17;0.44;216.56;3.16;902;3;763.00;11
1434;3;5307245;1434;284;2338;2349;7.17;0.44;216.64;3.16;904;3;764.00;11
1437;3;5307255;1437;289;2340;2351;7.18;0.44;216.71;3.15;903;3;765.00;11
1439;3;5307265;1439;283;2340;2351;7.14;0.44;216.89;3.15;901;3;766.00;11
1440;3;5307275;1440;287;2340;2351;7.14;0.44;216.94;3.15;900;3;767.00;11
1444;3;5307284;1444;286;2350;2364;7.12;0.44;216.86;3.14;906;3;768.00;14
1446;3;5307295;1446;296;2351;2364;7.13;0.44;216.95;3.14;905;3;769.00;13
1449;3;5307306;1449;293;2351;2364;7.19;0.44;216.68;3.14;902;3;770.00;13
1450;3;5307317;1450;302;2352;2365;7.23;0.44;216.66;3.14;902;3;771.00;13
1452;3;5307327;1452;301;2354;2366;7.25;0.44;216.74;3.16;902;3;772.00;12
1453;3;5307338;1453;310;2354;2366;7.25;0.44;216.63;3.16;901;3;773.00;12
1453;3;5307348;1453;311;2357;2369;7.24;0.44;216.63;3.18;904;3;774.00;12
1456;3;5307359;1456;319;2358;2369;7.21;0.44;216.78;3.18;902;3;775.00;11
1456;3;5307369;1456;326;2358;2369;7.17;0.44;216.78;3.18;902;3;776.00;11
1456;3;5307377;1456;329;2358;2369;7.16;0.44;216.78;3.18;902;3;777.00;11
1458;3;5307388;1458;327;2364;2375;7.15;0.44;216.75;3.19;906;3;778.00;11
1461;3;5307397;1461;335;2364;2375;7.14;0.44;216.71;3.19;903;3;779.00;11
1466;3;5307409;1466;331;2365;2375;7.10;0.43;216.47;3.22;899;3;780.00;10
1468;3;5307421;1468;328;2365;2375;7.08;0.43;216.22;3.22;897;3;781.00;10
1471;3;5307430;1471;336;2369;2379;7.09;0.43;216.05;3.24;898;3;782.00;10
1476;3;5307440;1476;336;2370;2380;7.08;0.43;215.89;3.24;894;3;783.00;10
1479;3;5307451;1479;344;2371;2380;7.05;0.43;215.96;3.26;892;3;784.00;9
1480;3;5307460;1480;344;2373;2381;7.07;0.43;215.83;3.29;893;3;785.00;8
1481;3;5307470;1481;344;2373;2381;7.07;0.43;216.01;3.29;892;3;786.00;8
1484;3;5307480;1484;349;2374;2381;7.06;0.43;215.79;3.32;890;3;787.00;7
1485;3;5307490;1485;354;2375;2381;7.06;0.43;215.78;3.34;890;3;788.00;6
1486;3;5307500;1486;358;2375;2381;7.07;0.43;215.81;3.34;889;3;789.00;6
1488;3;5307509;1488;361;2377;2381;7.05;0.43;215.64;3.37;889;3;790.00;4
1492;3;5307518;1492;361;2380;2381;6.95;0.42;215.49;3.41;888;3;791.00;1
1493;3;5307527;1493;372;2415;2451;7.12;0.43;215.36;3.37;922;3;792.00;36
1493;3;5307542;1493;376;2418;2452;7.02;0.43;215.36;3.37;925;3;793.00;34
1493;3;5307552;1493;378;2426;2452;7.02;0.43;215.36;3.37;933;3;794.00;26
1493;3;5307561;1493;377;2432;2452;6.98;0.43;215.36;3.37;939;3;795.00;20
1493;3;5307572;1493;382;2438;2452;6.89;0.42;215.36;3.37;945;3;796.00;14
1495;3;5307581;1495;389;2440;2452;6.84;0.42;215.38;3.37;945;3;797.00;12
1497;3;5307590;1497;393;2443;2452;6.80;0.42;215.53;3.37;946;3;798.00;9
1497;3;5307599;1497;404;2446;2452;6.74;0.41;215.53;3.38;949;3;799.00;6
1498;3;5307609;1498;408;2449;2453;6.65;0.41;215.39;3.38;951;3;800.00;4
1499;3;5307622;1499;415;2452;2454;6.59;0.40;215.30;3.39;953;3;801.00;2
1502;3;5307632;1502;409;2453;2454;6.57;0.40;215.11;3.39;951;3;802.00;1
1503;3;5307642;1503;399;2458;2458;6.50;0.40;214.98;3.39;955;3;803.00;0
1506;3;5307653;1506;391;2458;2458;6.41;0.39;214.77;3.39;952;3;804.00;0
1506;3;5307663;1506;382;2458;2458;6.34;0.39;214.77;3.39;952;3;805.00;0
1507;3;5307672;1507;383;2458;2458;6.32;0.39;214.81;3.39;951;3;806.00;0
1507;3;5307681;1507;385;2464;2464;6.37;0.39;214.81;3.38;957;3;807.00;0
1508;3;5307692;1508;388;2464;2464;6.39;0.39;214.96;3.38;956;3;808.00;0
1511;3;5307702;1511;380;2464;2464;6.37;0.39;215.08;3.38;953;3;809.00;0
1513;3;5307713;1513;382;2469;2470;6.42;0.39;215.08;3.37;956;3;810.00;1
1515;3;5307725;1515;378;2469;2470;6.45;0.39;215.04;3.37;954;3;811.00;1
1516;3;5307735;1516;377;2470;2470;6.44;0.39;214.96;3.37;954;3;812.00;0
1518;3;5307744;1518;368;2471;2471;6.49;0.40;214.84;3.37;953;3;813.00;0
1521;3;5307756;1521;368;2472;2472;6.50;0.40;214.87;3.37;951;3;814.00;0
1523;3;5307766;1523;365;2472;2472;6.51;0.40;214.74;3.37;949;3;815.00;0
1526;3;5307776;1526;367;2485;2485;6.49;0.39;214.53;3.35;959;3;816.00;0
1527;3;5307787;1527;358;2485;2485;6.52;0.40;214.51;3.35;958;3;817.00;0
1528;3;5307797;1528;357;2485;2485;6.54;0.40;214.39;3.35;957;3;818.00;0
1529;3;5307807;1529;359;2486;2486;6.61;0.40;214.31;3.35;957;3;819.00;0
1529;3;5307817;1529;355;2486;2486;6.65;0.40;214.31;3.35;957;3;820.00;0
1530;3;5307826;1530;349;2490;2490;6.65;0.40;214.38;3.35;960;3;821.00;0
1533;3;5307837;1533;343;2490;2490;6.63;0.40;214.52;3.35;957;3;822.00;0
1535;3;5307846;1535;344;2494;2494;6.58;0.40;214.34;3.34;959;3;823.00;0
1544;3;5307856;1544;340;2494;2494;6.49;0.39;214.70;3.34;950;3;824.00;0
1547;3;5307866;1547;321;2494;2494;6.46;0.39;214.72;3.34;947;3;825.00;0
1550;3;5307875;1550;325;2494;2494;6.40;0.39;214.81;3.34;944;3;826.00;0
1553;3;5307885;1553;314;2494;2494;6.36;0.39;215.12;3.34;941;3;827.00;0
1555;3;5307894;1555;306;2506;2506;6.32;0.39;215.22;3.33;951;3;828.00;0
1557;3;5307908;1557;296;2506;2506;6.32;0.39;215.31;3.33;949;3;829.00;0
1560;3;5307918;1560;293;2506;2506;6.38;0.39;215.57;3.33;946;3;830.00;0
1561;3;5307928;1561;290;2506;2506;6.49;0.40;215.64;3.33;945;3;831.00;0
1565;3;5307938;1565;281;2506;2506;6.62;0.40;215.72;3.33;941;3;832.00;0
1567;3;5307948;1567;271;2506;2506;6.77;0.41;215.78;3.33;939;3;833.00;0
1569;3;5307957;1569;272;2507;2507;6.89;0.42;216.04;3.33;938;3;834.00;0
1571;4;5307969;1571;267;2507;2507;6.98;0.43;216.03;3.33;936;4;835.00;0
1574;4;5307991;1574;264;2513;2513;7.12;0.44;216.36;3.32;939;4;836.00;0
1579;4;5308002;1579;263;2514;2514;7.20;0.44;216.47;3.32;935;4;837.00;0
1583;4;5308013;1583;262;2514;2514;7.26;0.44;216.87;3.32;931;4;838.00;0
1588;4;5308024;1588;258;2514;2514;7.29;0.45;217.37;3.32;926;4;839.00;0
1590;4;5308036;1590;255;2519;2519;7.36;0.45;217.74;3.31;929;4;840.00;0
1593;4;5308047;1593;254;2519;2519;7.46;0.46;218.05;3.31;926;4;841.00;0
1603;4;5308058;1603;248;2519;2519;7.46;0.45;218.62;3.31;916;4;842.00;0
1605;4;5308069;1605;250;2520;2520;7.52;0.46;218.79;3.31;915;4;843.00;0
1610;4;5308080;1610;248;2524;2524;7.51;0.46;219.13;3.31;914;4;844.00;0
1615;4;5308090;1615;249;2524;2524;7.58;0.46;219.63;3.31;909;4;845.00;0
1618;4;5308101;1618;252;2526;2527;7.63;0.46;220.15;3.31;908;4;846.00;1
1624;4;5308112;1624;255;2526;2527;7.69;0.47;220.56;3.31;902;4;847.00;1
1629;4;5308122;1629;256;2527;2527;7.72;0.47;221.05;3.31;898;4;848.00;0
1633;4;5308140;1633;256;2527;2527;7.72;0.47;221.27;3.31;894;4;849.00;0
1640;4;5308152;1640;256;2531;2531;7.70;0.47;221.57;3.30;891;4;850.00;0
1644;4;5308163;1644;247;2531;2531;7.68;0.47;222.10;3.30;887;4;851.00;0
1650;4;5308174;1650;249;2531;2531;7.61;0.46;222.26;3.30;881;4;852.00;0
1655;4;5308184;1655;247;2531;2531;7.58;0.46;222.22;3.30;876;4;853.00;0
1660;4;5308194;1660;250;2532;2532;7.53;0.46;222.89;3.30;872;4;854.00;0
1663;4;5308205;1663;246;2534;2534;7.54;0.46;223.06;3.30;871;4;855.00;0
1668;4;5308215;1668;244;2534;2534;7.45;0.45;223.41;3.30;866;4;856.00;0
1673;4;5308226;1673;240;2535;2535;7.40;0.45;224.24;3.30;862;4;857.00;0
1673;4;5308237;1673;237;2535;2535;7.42;0.45;224.24;3.30;862;4;858.00;0
1677;4;5308248;1677;238;2535;2535;7.45;0.45;224.71;3.30;858;4;859.00;0
1680;4;5308258;1680;239;2535;2535;7.49;0.46;224.43;3.30;855;4;860.00;0
1687;4;5308269;1687;239;2535;2535;7.54;0.46;225.10;3.30;848;4;861.00;0
1689;4;5308280;1689;239;2535;2535;7.57;0.46;225.33;3.30;846;4;862.00;0
1693;4;5308290;1693;242;2535;2535;7.55;0.46;225.37;3.30;842;4;863.00;0
1697;4;5308301;1697;263;2610;2662;7.70;0.48;225.70;3.20;913;4;864.00;52
1701;4;5308323;1701;257;2615;2663;7.71;0.47;225.82;3.20;914;4;865.00;48
1702;4;5308335;1702;253;2623;2663;7.75;0.48;225.95;3.20;921;4;866.00;40
1706;4;5308345;1706;252;2624;2663;7.72;0.48;226.22;3.20;918;4;867.00;39
1710;4;5308356;1710;256;2628;2663;7.76;0.48;226.67;3.20;918;4;868.00;35
1712;4;5308368;1712;259;2629;2663;7.75;0.48;226.85;3.20;917;4;869.00;34
1714;4;5308380;1714;260;2631;2663;7.74;0.48;227.06;3.20;917;4;870.00;32
1715;4;5308395;1715;273;2634;2663;7.72;0.48;227.01;3.20;919;4;871.00;29
1718;4;5308407;1718;266;2635;2664;7.64;0.47;227.45;3.21;917;4;872.00;29
1720;4;5308418;1720;268;2638;2665;7.62;0.47;227.51;3.21;918;4;873.00;27
1724;4;5308429;1724;260;2640;2665;7.54;0.46;227.65;3.22;916;4;874.00;25
1729;4;5308441;1729;260;2641;2666;7.45;0.46;228.02;3.22;912;4;875.00;25
1731;4;5308452;1731;259;2645;2666;7.36;0.45;228.24;3.23;914;4;876.00;21
1733;4;5308463;1733;263;2646;2666;7.32;0.45;228.45;3.23;913;4;877.00;20
1736;4;5308474;1736;276;2649;2666;7.35;0.45;228.78;3.25;913;4;878.00;17
1739;4;5308487;1739;279;2653;2670;7.40;0.46;228.93;3.25;914;4;879.00;17
1745;4;5308498;1745;286;2655;2670;7.34;0.45;228.95;3.26;910;4;880.00;15
1747;4;5308514;1747;281;2658;2670;7.40;0.45;229.32;3.27;911;4;881.00;12
1751;4;5308526;1751;272;2659;2673;7.42;0.46;229.84;3.28;908;4;882.00;14
1754;4;5308538;1754;264;2661;2673;7.42;0.45;229.65;3.29;907;4;883.00;12
1755;4;5308549;1755;263;2663;2673;7.43;0.46;229.81;3.30;908;4;884.00;10
1762;4;5308560;1762;257;2668;2677;7.41;0.45;230.20;3.30;906;4;885.00;9
1767;4;5308574;1767;260;2673;2678;7.39;0.45;230.61;3.32;906;4;886.00;5
1771;4;5308587;1771;259;2673;2678;7.45;0.45;230.82;3.32;902;4;887.00;5
1773;4;5308599;1773;260;2676;2682;7.46;0.46;231.03;3.33;903;4;888.00;6
1777;4;5308610;1777;268;2677;2682;7.54;0.46;231.22;3.34;900;4;889.00;5
1782;4;5308622;1782;271;2678;2682;7.58;0.46;231.76;3.34;896;4;890.00;4
1784;4;5308634;1784;270;2679;2683;7.68;0.47;231.96;3.34;895;4;891.00;4
1788;4;5308645;1788;267;2679;2683;7.78;0.47;232.54;3.34;891;4;892.00;4
1791;4;5308660;1791;258;2689;2689;7.81;0.48;232.82;3.34;898;4;893.00;0
1792;4;5308672;1792;253;2689;2689;7.93;0.48;232.90;3.34;897;4;894.00;0
1796;4;5308683;1796;250;2690;2690;7.97;0.48;233.18;3.34;894;4;895.00;0
1801;4;5308696;1801;249;2690;2690;8.04;0.49;233.54;3.34;889;4;896.00;0
1804;4;5308707;1804;250;2690;2690;8.07;0.49;233.97;3.34;886;4;897.00;0
1807;4;5308719;1807;251;2690;2690;8.12;0.49;234.13;3.34;883;4;898.00;0
1809;4;5308730;1809;250;2690;2690;8.17;0.50;234.38;3.34;881;4;899.00;0
1811;4;5308743;1811;250;2720;2736;8.18;0.50;234.62;3.30;909;4;900.00;16
1814;4;5308762;1814;251;2722;2736;8.16;0.50;234.60;3.30;908;4;901.00;14
1816;4;5308774;1816;251;2725;2736;8.09;0.49;234.54;3.30;909;4;902.00;11
1816;4;5308784;1816;255;2725;2736;8.05;0.49;234.54;3.30;909;4;903.00;11
1817;5;5308796;1817;257;2728;2736;8.01;0.49;234.56;3.30;911;5;904.00;8
1818;5;5308821;1818;254;2728;2736;7.98;0.49;234.66;3.30;910;5;905.00;8
1819;5;5308836;1819;262;2733;2740;7.92;0.48;234.67;3.30;914;5;906.00;7
1822;5;5308846;1822;265;2734;2740;7.86;0.48;234.72;3.30;912;5;907.00;6
1824;5;5308858;1824;273;2737;2744;7.76;0.47;234.63;3.29;913;5;908.00;7
1825;5;5308868;1825;274;2738;2745;7.77;0.48;234.60;3.29;913;5;909.00;7
1827;5;5308879;1827;280;2738;2745;7.72;0.47;234.70;3.29;911;5;910.00;7
1833;5;5308890;1833;289;2738;2745;7.68;0.47;234.89;3.29;905;5;911.00;7
1833;5;5308901;1833;292;2751;2758;7.62;0.46;234.89;3.28;918;5;912.00;7
1835;5;5308912;1835;301;2752;2758;7.58;0.46;234.92;3.29;917;5;913.00;6
1837;5;5308923;1837;306;2752;2758;7.57;0.46;234.95;3.29;915;5;914.00;6
1837;6;5308933;1837;300;2753;2759;7.57;0.46;234.95;3.28;916;6;915.00;6
1840;6;5308949;1840;302;2754;2760;7.57;0.46;234.99;3.28;914;6;916.00;6
1842;6;5308964;1842;300;2754;2760;7.47;0.45;234.93;3.28;912;6;917.00;6
1845;6;5308974;1845;302;2758;2763;7.35;0.45;234.77;3.29;913;6;918.00;5
1847;6;5308985;1847;297;2758;2763;7.28;0.44;234.81;3.29;911;6;919.00;5
1852;6;5308994;1852;292;2759;2763;7.17;0.44;234.63;3.29;907;6;920.00;4
1855;6;5309006;1855;291;2759;2763;7.13;0.43;234.53;3.29;904;6;921.00;4
1856;6;5309015;1856;291;2764;2769;7.04;0.43;234.59;3.29;908;6;922.00;5
1856;6;5309025;1856;292;2765;2769;6.94;0.42;234.59;3.29;909;6;923.00;4
1858;6;5309035;1858;283;2767;2769;6.86;0.42;234.62;3.31;909;6;924.00;2
1860;6;5309045;1860;288;2767;2769;6.82;0.41;234.66;3.31;907;6;925.00;2
1863;6;5309055;1863;295;2773;2773;6.74;0.41;234.78;3.31;910;6;926.00;0
1866;6;5309065;1866;297;2774;2774;6.76;0.41;234.88;3.31;908;6;927.00;0
1867;6;5309074;1867;303;2774;2774;6.79;0.41;234.82;3.31;907;6;928.00;0
1869;6;5309083;1869;304;2775;2775;6.81;0.41;234.66;3.31;906;6;929.00;0
1874;6;5309095;1874;300;2775;2775;6.81;0.41;234.84;3.31;901;6;930.00;0
1879;6;5309104;1879;292;2775;2775;6.80;0.41;235.03;3.31;896;6;931.00;0
1881;6;5309114;1881;290;2775;2775;6.74;0.41;234.83;3.31;894;6;932.00;0
1884;6;5309123;1884;294;2775;2775;6.73;0.41;234.76;3.31;891;6;933.00;0
1884;6;5309132;1884;298;2775;2775;6.79;0.41;234.76;3.31;891;6;934.00;0
1885;6;5309141;1885;301;2775;2775;6.75;0.41;234.74;3.31;890;6;935.00;0
1885;6;5309150;1885;306;2811;2845;6.90;0.42;234.74;3.26;926;6;936.00;34
1886;6;5309164;1886;303;2814;2846;6.86;0.42;234.88;3.26;928;6;937.00;32
1887;6;5309174;1887;303;2820;2846;6.91;0.42;234.87;3.26;933;6;938.00;26
1889;6;5309184;1889;309;2823;2846;6.93;0.42;234.91;3.26;934;6;939.00;23
1891;6;5309194;1891;318;2827;2846;6.92;0.42;234.84;3.26;936;6;940.00;19
1892;6;5309204;1892;321;2829;2846;6.92;0.42;234.83;3.26;937;6;941.00;17
1894;6;5309213;1894;319;2833;2846;6.97;0.42;234.80;3.26;939;6;942.00;13
1896;6;5309224;1896;316;2835;2846;6.99;0.43;234.78;3.27;939;6;943.00;11
1899;6;5309233;1899;311;2837;2847;6.97;0.42;234.71;3.27;938;6;944.00;10
1900;6;5309243;1900;309;2839;2849;6.94;0.42;234.74;3.27;939;6;945.00;10
1903;6;5309252;1903;315;2841;2849;6.91;0.42;234.90;3.28;938;6;946.00;8
1904;6;5309262;1904;315;2847;2853;6.88;0.42;234.83;3.28;943;6;947.00;6
1907;6;5309272;1907;326;2849;2853;6.80;0.41;234.70;3.28;942;6;948.00;4
1909;6;5309281;1909;313;2850;2853;6.79;0.41;234.60;3.28;941;6;949.00;3
1909;6;5309291;1909;304;2851;2853;6.75;0.41;234.60;3.29;942;6;950.00;2
1909;6;5309300;1909;302;2856;2859;6.74;0.41;234.60;3.29;947;6;951.00;3
1911;6;5309312;1911;305;2857;2859;6.69;0.41;234.64;3.29;946;6;952.00;2
1913;6;5309322;1913;304;2858;2859;6.66;0.40;234.56;3.29;945;6;953.00;1
1913;6;5309331;1913;309;2860;2862;6.61;0.40;234.56;3.29;947;6;954.00;2
1913;6;5309343;1913;312;2861;2862;6.66;0.40;234.56;3.29;948;6;955.00;1
1914;6;5309353;1914;311;2862;2862;6.67;0.41;234.47;3.29;948;6;956.00;0
1915;6;5309362;1915;312;2863;2863;6.66;0.41;234.47;3.29;948;6;957.00;0
1916;6;5309373;1916;320;2864;2864;6.68;0.41;234.39;3.29;948;6;958.00;0
1917;6;5309384;1917;316;2864;2864;6.69;0.41;234.42;3.29;947;6;959.00;0
1919;6;5309395;1919;324;2884;2890;6.72;0.41;234.30;3.26;965;6;960.00;6
1920;6;5309408;1920;316;2886;2890;6.75;0.41;234.19;3.26;966;6;961.00;4
1922;6;5309418;1922;322;2889;2890;6.79;0.41;234.08;3.26;967;6;962.00;1
1923;6;5309428;1923;322;2891;2891;6.78;0.41;234.08;3.26;968;6;963.00;0
1925;6;5309437;1925;321;2891;2891;6.76;0.41;234.03;3.26;966;6;964.00;0
1925;6;5309447;1925;325;2895;2895;6.80;0.41;234.03;3.26;970;6;965.00;0
1927;6;5309458;1927;331;2895;2895;6.76;0.41;234.03;3.26;968;6;966.00;0
1928;6;5309468;1928;331;2899;2899;6.73;0.41;234.04;3.25;971;6;967.00;0
1930;6;5309478;1930;332;2899;2899;6.71;0.41;233.96;3.25;969;6;968.00;0
1931;6;5309488;1931;339;2899;2899;6.71;0.41;233.85;3.25;968;6;969.00;0
1937;6;5309497;1937;339;2899;2899;6.62;0.40;233.61;3.25;962;6;970.00;0
1939;6;5309507;1939;339;2899;2899;6.63;0.40;233.59;3.25;960;6;971.00;0
1940;6;5309517;1940;339;2910;2911;6.69;0.41;233.60;3.24;970;6;972.00;1
1941;6;5309528;1941;344;2910;2911;6.66;0.41;233.50;3.24;969;6;973.00;1
1943;6;5309537;1943;340;2911;2911;6.66;0.41;233.71;3.24;968;6;974.00;0
1945;6;5309546;1945;338;2911;2911;6.64;0.41;233.90;3.24;966;6;975.00;0
1949;6;5309556;1949;332;2911;2911;6.59;0.40;233.86;3.24;962;6;976.00;0
1950;6;5309567;1950;326;2911;2911;6.53;0.40;233.99;3.24;961;6;977.00;0
1952;6;5309577;1952;322;2912;2912;6.55;0.40;234.18;3.24;960;6;978.00;0
1953;6;5309588;1953;317;2912;2912;6.56;0.40;234.14;3.24;959;6;979.00;0
1956;6;5309597;1956;319;2918;2918;6.63;0.41;234.20;3.24;962;6;980.00;0
1959;6;5309608;1959;316;2919;2919;6.62;0.40;234.22;3.24;960;6;981.00;0
1963;6;5309618;1963;313;2919;2919;6.63;0.40;234.23;3.24;956;6;982.00;0
1965;6;5309627;1965;305;2919;2919;6.60;0.40;234.20;3.24;954;6;983.00;0
1965;6;5309637;1965;299;2923;2923;6.59;0.40;234.20;3.23;958;6;984.00;0
1967;6;5309646;1967;301;2923;2923;6.52;0.40;234.35;3.23;956;6;985.00;0
1973;6;5309656;1973;304;2923;2923;6.43;0.39;234.48;3.23;950;6;986.00;0
1975;6;5309666;1975;308;2924;2924;6.37;0.39;234.61;3.23;949;6;987.00;0
1979;6;5309675;1979;310;2928;2928;6.28;0.38;234.83;3.23;949;6;988.00;0
1984;6;5309685;1984;306;2928;2928;6.25;0.38;234.62;3.23;944;6;989.00;0
1987;6;5309696;1987;283;2932;2934;6.29;0.38;234.56;3.22;945;6;990.00;2
1994;6;5309706;1994;274;2932;2934;6.23;0.38;234.88;3.22;938;6;991.00;2
1996;6;5309716;1996;269;2934;2934;6.33;0.39;235.02;3.22;938;6;992.00;0
2000;6;5309727;2000;267;2934;2934;6.42;0.39;235.15;3.22;934;6;993.00;0
2003;6;5309737;2003;257;2938;2938;6.49;0.40;235.35;3.22;935;6;994.00;0
2009;6;5309747;2009;255;2938;2938;6.52;0.40;235.32;3.22;929;6;995.00;0
2013;6;5309757;2013;243;2938;2938;6.62;0.40;235.53;3.22;925;6;996.00;0
2014;6;5309767;2014;241;2938;2938;6.69;0.41;235.48;3.22;924;6;997.00;0
2016;6;5309777;2016;228;2939;2939;6.77;0.41;235.53;3.22;923;6;998.00;0
2019;6;5309787;2019;230;2940;2940;6.88;0.42;235.71;3.22;921;6;999.00;0
2020;6;5309797;2020;222;2940;2940;7.00;0.43;235.80;3.22;920;6;1000.00;0
2025;6;5309811;2025;223;2941;2941;7.04;0.43;236.05;3.22;916;6;1001.00;0
2029;6;5309826;2029;221;2941;2941;7.14;0.43;236.30;3.22;912;6;1002.00;0
2033;6;5309836;2033;223;2941;2941;7.20;0.44;236.72;3.22;908;6;1003.00;0
2035;6;5309846;2035;223;2941;2941;7.35;0.45;236.91;3.22;906;6;1004.00;0
2039;6;5309858;2039;224;2941;2941;7.50;0.46;237.14;3.22;902;6;1005.00;0
2042;6;5309868;2042;230;2941;2941;7.55;0.46;237.22;3.22;899;6;1006.00;0
2045;6;5309878;2045;226;2941;2941;7.59;0.46;237.30;3.22;896;6;1007.00;0
2049;6;5309893;2049;235;3025;3068;7.81;0.48;237.41;3.13;976;6;1008.00;43
2054;6;5309916;2054;233;3029;3069;7.85;0.48;237.57;3.12;975;6;1009.00;40
2059;6;5309927;2059;231;3035;3069;7.89;0.49;238.00;3.12;976;6;1010.00;34
2061;6;5309939;2061;232;3036;3069;7.93;0.49;238.13;3.12;975;6;1011.00;33
2065;6;5309951;2065;229;3040;3069;7.95;0.49;238.35;3.12;975;6;1012.00;29
2067;6;5309962;2067;228;3043;3069;7.95;0.49;238.36;3.13;976;6;1013.00;26
2072;6;5309973;2072;229;3045;3069;7.90;0.49;238.50;3.13;973;6;1014.00;24
2079;6;5309986;2079;232;3047;3069;7.79;0.48;238.83;3.13;968;6;1015.00;22
2081;6;5309998;2081;232;3048;3070;7.75;0.48;239.07;3.13;967;6;1016.00;22
2085;6;5310010;2085;238;3051;3071;7.68;0.47;239.36;3.14;966;6;1017.00;20
2089;6;5310022;2089;255;3054;3071;7.61;0.47;239.72;3.14;965;6;1018.00;17
2093;6;5310035;2093;259;3057;3072;7.53;0.46;240.01;3.15;964;6;1019.00;15
2097;6;5310048;2097;262;3059;3072;7.48;0.46;240.20;3.15;962;6;1020.00;13
2102;6;5310060;2102;262;3059;3072;7.43;0.46;240.39;3.15;957;6;1021.00;13
2110;6;5310071;2110;267;3063;3072;7.34;0.45;240.65;3.17;953;6;1022.00;9
2112;7;5310088;2112;270;3066;3076;7.37;0.45;240.91;3.17;954;7;1023.00;10
2118;7;5310106;2118;271;3067;3076;7.32;0.45;241.51;3.18;949;7;1024.00;9
2121;7;5310122;2121;275;3071;3076;7.32;0.45;241.87;3.19;950;7;1025.00;5
2126;7;5310138;2126;277;3071;3079;7.31;0.45;242.17;3.19;945;7;1026.00;8
2131;7;5310150;2131;280;3073;3079;7.32;0.45;242.18;3.19;942;7;1027.00;6
2133;7;5310162;2133;278;3074;3079;7.31;0.45;242.47;3.19;941;7;1028.00;5
2136;7;5310173;2136;280;3080;3083;7.35;0.45;242.48;3.19;944;7;1029.00;3
2140;7;5310185;2140;281;3082;3084;7.29;0.45;242.75;3.20;942;7;1030.00;2
2143;7;5310196;2143;279;3083;3084;7.24;0.44;242.85;3.20;940;7;1031.00;1
2146;7;5310207;2146;281;3086;3088;7.25;0.44;243.10;3.20;940;7;1032.00;2
2148;7;5310218;2148;281;3087;3088;7.23;0.44;243.19;3.20;939;7;1033.00;1
2152;7;5310230;2152;285;3088;3088;7.17;0.44;243.45;3.20;936;7;1034.00;0
2159;7;5310241;2159;289;3090;3090;7.08;0.43;243.84;3.20;931;7;1035.00;0
2162;7;5310253;2162;294;3090;3090;6.99;0.43;244.04;3.20;928;7;1036.00;0
2168;7;5310263;2168;296;3096;3096;6.92;0.42;244.45;3.19;928;7;1037.00;0
2173;7;5310276;2173;292;3096;3096;6.90;0.42;244.42;3.19;923;7;1038.00;0
2175;7;5310287;2175;295;3097;3097;6.89;0.42;244.54;3.19;922;7;1039.00;0
2177;7;5310298;2177;297;3097;3097;6.93;0.42;244.87;3.19;920;7;1040.00;0
2178;7;5310309;2178;297;3097;3097;6.97;0.42;245.00;3.19;919;7;1041.00;0
2182;7;5310319;2182;296;3097;3097;6.98;0.42;245.17;3.19;915;7;1042.00;0
2186;7;5310330;2186;296;3097;3097;7.06;0.43;245.53;3.19;911;7;1043.00;0
2187;7;5310340;2187;302;3108;3109;7.19;0.44;245.58;3.18;921;7;1044.00;1
2191;7;5310352;2191;306;3109;3109;7.18;0.44;246.05;3.18;918;7;1045.00;0
2191;7;5310367;2191;295;3109;3109;7.21;0.44;246.05;3.18;918;7;1046.00;0
2193;7;5310383;2193;291;3109;3109;7.22;0.44;246.36;3.18;916;7;1047.00;0
2196;7;5310394;2196;288;3109;3109;7.20;0.44;246.69;3.18;913;7;1048.00;0
2199;7;5310405;2199;288;3109;3109;7.23;0.44;246.91;3.18;910;7;1049.00;0
2202;7;5310417;2202;296;3115;3115;7.25;0.44;247.22;3.18;913;7;1050.00;0
2206;8;5310429;2206;289;3115;3115;7.24;0.44;247.26;3.18;909;8;1051.00;0
2209;8;5310446;2209;283;3119;3119;7.24;0.44;247.66;3.17;910;8;1052.00;0
2211;8;5310457;2211;279;3120;3120;7.24;0.44;248.02;3.17;909;8;1053.00;0
2211;8;5310468;2211;279;3120;3120;7.26;0.44;248.02;3.17;909;8;1054.00;0
2214;8;5310478;2214;286;3120;3120;7.27;0.44;248.40;3.17;906;8;1055.00;0
2215;8;5310490;2215;292;3133;3133;7.37;0.45;248.44;3.16;918;8;1056.00;0
2218;8;5310501;2218;287;3133;3133;7.40;0.45;248.52;3.16;915;8;1057.00;0
2221;8;5310513;2221;281;3133;3133;7.39;0.45;248.90;3.16;912;8;1058.00;0
2221;8;5310528;2221;277;3134;3134;7.44;0.45;248.90;3.16;913;8;1059.00;0
2225;8;5310539;2225;273;3135;3135;7.43;0.45;249.17;3.16;910;8;1060.00;0
2226;8;5310550;2226;266;3135;3135;7.48;0.46;249.21;3.16;909;8;1061.00;0
2227;8;5310561;2227;263;3137;3138;7.54;0.46;249.25;3.16;910;8;1062.00;1
2229;8;5310573;2229;261;3137;3138;7.60;0.46;249.41;3.16;908;8;1063.00;1
2234;8;5310583;2234;265;3138;3138;7.58;0.46;249.29;3.16;904;8;1064.00;0
2235;8;5310594;2235;262;3138;3138;7.57;0.46;249.32;3.16;903;8;1065.00;0
2238;8;5310604;2238;268;3144;3144;7.53;0.46;249.23;3.15;906;8;1066.00;0
2240;8;5310614;2240;268;3144;3144;7.51;0.46;249.27;3.15;904;8;1067.00;0
2245;8;5310625;2245;269;3144;3144;7.46;0.46;249.11;3.15;899;8;1068.00;0
2249;8;5310636;2249;280;3144;3144;7.44;0.45;249.37;3.15;895;8;1069.00;0
2250;8;5310646;2250;275;3148;3148;7.44;0.45;249.39;3.15;898;8;1070.00;0
2254;8;5310657;2254;283;3149;3149;7.36;0.45;249.39;3.15;895;8;1071.00;0
2257;8;5310668;2257;283;3149;3149;7.26;0.44;249.33;3.15;892;8;1072.00;0
2258;8;5310679;2258;289;3150;3150;7.23;0.44;249.34;3.15;892;8;1073.00;0
2262;8;5310689;2262;295;3150;3150;7.09;0.43;249.13;3.15;888;8;1074.00;0
2264;8;5310699;2264;298;3150;3150;7.01;0.43;249.03;3.15;886;8;1075.00;0
2266;8;5310709;2266;305;3150;3150;6.92;0.42;248.98;3.15;884;8;1076.00;0
2270;8;5310719;2270;309;3150;3150;6.89;0.42;249.00;3.15;880;8;1077.00;0
2272;8;5310729;2272;306;3150;3150;6.86;0.42;249.04;3.15;878;8;1078.00;0
2272;8;5310739;2272;307;3150;3150;6.86;0.42;249.04;3.15;878;8;1079.00;0
2275;8;5310755;2275;332;3220;3275;6.87;0.42;249.00;3.08;945;8;1080.00;55
2277;8;5310774;2277;315;3222;3276;6.87;0.42;249.04;3.08;945;8;1081.00;54
2278;8;5310784;2278;300;3232;3276;6.91;0.43;249.12;3.07;954;8;1082.00;44
2281;8;5310794;2281;299;3236;3276;6.95;0.43;249.04;3.07;955;8;1083.00;40
2282;8;5310804;2282;293;3242;3276;6.92;0.42;249.05;3.08;960;8;1084.00;34
2283;8;5310814;2283;287;3246;3276;6.85;0.42;249.04;3.08;963;8;1085.00;30
2284;8;5310830;2284;289;3252;3276;6.81;0.42;249.15;3.08;968;8;1086.00;24
2286;8;5310839;2286;299;3258;3276;6.71;0.41;249.25;3.09;972;8;1087.00;18
2289;8;5310849;2289;302;3261;3277;6.64;0.41;249.29;3.10;972;8;1088.00;16
2290;8;5310859;2290;309;3265;3278;6.64;0.41;249.31;3.10;975;8;1089.00;13
2291;8;5310869;2291;317;3268;3278;6.64;0.41;249.41;3.11;977;8;1090.00;10
2292;8;5310879;2292;311;3273;3282;6.62;0.41;249.47;3.10;981;8;1091.00;9
2295;8;5310889;2295;312;3275;3282;6.56;0.40;249.67;3.11;980;8;1092.00;7
2297;8;5310899;2297;311;3275;3282;6.53;0.40;249.68;3.11;978;8;1093.00;7
2300;8;5310914;2300;312;3276;3282;6.45;0.39;249.81;3.11;976;8;1094.00;6
2301;8;5310924;2301;307;3281;3288;6.38;0.39;249.86;3.11;980;8;1095.00;7
2304;8;5310934;2304;299;3281;3288;6.34;0.39;249.84;3.11;977;8;1096.00;7
2307;8;5310944;2307;286;3281;3288;6.34;0.39;249.64;3.11;974;8;1097.00;7
2311;8;5310954;2311;284;3286;3291;6.36;0.39;249.79;3.12;975;8;1098.00;5
2315;8;5310965;2315;273;3286;3291;6.41;0.39;250.06;3.12;971;8;1099.00;5
2316;8;5310976;2316;279;3286;3291;6.53;0.40;250.18;3.12;970;8;1100.00;5
2316;8;5310990;2316;271;3287;3292;6.61;0.40;250.18;3.12;971;8;1101.00;5
2319;8;5311000;2319;269;3288;3293;6.69;0.41;250.18;3.11;969;8;1102.00;5
2322;8;5311015;2322;273;3288;3293;6.73;0.41;250.11;3.11;966;8;1103.00;5
2323;8;5311026;2323;280;3300;3306;6.78;0.41;250.02;3.10;977;8;1104.00;6
2325;8;5311039;2325;273;3301;3306;6.79;0.41;250.02;3.10;976;8;1105.00;5
2327;8;5311049;2327;267;3303;3306;6.80;0.41;249.83;3.12;976;8;1106.00;3
2328;8;5311065;2328;269;3304;3307;6.89;0.42;249.85;3.12;976;8;1107.00;3
2329;8;5311076;2329;270;3304;3307;6.97;0.42;249.83;3.12;975;8;1108.00;3
2330;8;5311087;2330;269;3308;3311;7.04;0.43;249.73;3.12;978;8;1109.00;3
2331;8;5311104;2331;263;3308;3311;7.12;0.43;249.79;3.12;977;8;1110.00;3
2333;8;5311115;2333;263;3313;3315;7.20;0.44;249.75;3.13;980;8;1111.00;2
2334;8;5311126;2334;260;3313;3315;7.31;0.44;249.78;3.13;979;8;1112.00;2
2335;8;5311137;2335;258;3314;3315;7.39;0.45;249.76;3.13;979;8;1113.00;1
2335;8;5311147;2335;260;3314;3315;7.45;0.45;249.76;3.13;979;8;1114.00;1
2337;8;5311158;2337;260;3314;3315;7.45;0.45;249.80;3.13;977;8;1115.00;1
2337;8;5311169;2337;257;3324;3327;7.50;0.46;249.80;3.12;987;8;1116.00;3
2341;8;5311180;2341;257;3325;3327;7.56;0.46;249.67;3.12;984;8;1117.00;2
2342;8;5311191;2342;259;3325;3327;7.61;0.46;249.58;3.12;983;8;1118.00;2
2343;8;5311201;2343;261;3325;3327;7.65;0.47;249.76;3.12;982;8;1119.00;2
2345;8;5311212;2345;261;3326;3327;7.71;0.47;249.86;3.13;981;8;1120.00;1
2351;8;5311223;2351;270;3326;3327;7.69;0.47;250.23;3.13;975;8;1121.00;1
2354;9;5311234;2354;271;3326;3328;7.67;0.47;250.26;3.13;972;9;1122.00;2
2355;9;5311251;2355;271;3328;3328;7.65;0.46;250.21;3.13;973;9;1123.00;0
2355;9;5311266;2355;277;3334;3334;7.72;0.47;250.21;3.12;979;9;1124.00;0
2356;9;5311278;2356;281;3336;3336;7.67;0.47;250.27;3.12;980;9;1125.00;0
2360;9;5311289;2360;286;3336;3336;7.60;0.46;250.44;3.12;976;10;1126.00;0
2361;9;5311308;2361;286;3336;3336;7.61;0.46;250.59;3.12;975;10;1127.00;0
2363;9;5311318;2363;282;3340;3340;7.60;0.46;250.55;3.12;977;10;1128.00;0
2367;9;5311330;2367;280;3340;3340;7.47;0.46;250.79;3.12;973;10;1129.00;0
2370;9;5311340;2370;279;3340;3340;7.44;0.45;250.91;3.12;970;10;1130.00;0
2370;9;5311351;2370;280;3341;3341;7.39;0.45;250.91;3.12;971;10;1131.00;0
2371;9;5311366;2371;288;3344;3345;7.32;0.45;251.07;3.11;973;10;1132.00;1
2373;9;5311377;2373;287;3345;3345;7.33;0.45;251.04;3.11;972;10;1133.00;0
2376;9;5311387;2376;285;3347;3348;7.31;0.45;251.05;3.11;971;10;1134.00;1
2378;9;5311398;2378;289;3348;3348;7.27;0.44;251.09;3.11;970;10;1135.00;0
2379;9;5311408;2379;290;3348;3348;7.24;0.44;251.24;3.11;969;10;1136.00;0
2380;9;5311419;2380;291;3348;3348;7.25;0.44;251.25;3.11;968;10;1137.00;0
2384;9;5311428;2384;291;3352;3352;7.24;0.44;251.28;3.11;968;10;1138.00;0
2387;9;5311439;2387;285;3352;3352;7.19;0.44;251.36;3.11;965;10;1139.00;0
2387;9;5311451;2387;282;3352;3352;7.16;0.44;251.36;3.11;965;10;1140.00;0
2390;9;5311461;2390;279;3352;3352;7.14;0.44;251.44;3.11;962;10;1141.00;0
2392;9;5311471;2392;276;3353;3353;7.12;0.43;251.32;3.11;961;10;1142.00;0
2394;9;5311481;2394;272;3354;3354;7.13;0.44;251.40;3.11;960;10;1143.00;0
2395;9;5311492;2395;273;3354;3354;7.17;0.44;251.45;3.11;959;11;1144.00;0
2398;9;5311509;2398;275;3355;3355;7.21;0.44;251.41;3.11;957;11;1145.00;0
2400;9;5311519;2400;275;3355;3355;7.25;0.44;251.40;3.11;955;11;1146.00;0
2402;9;5311530;2402;277;3355;3355;7.28;0.45;251.42;3.11;953;11;1147.00;0
2406;9;5311540;2406;279;3355;3355;7.30;0.45;251.51;3.11;949;11;1148.00;0
2408;9;5311550;2408;278;3355;3355;7.33;0.45;251.55;3.11;947;11;1149.00;0
2415;9;5311561;2415;278;3355;3355;7.33;0.45;251.91;3.11;940;11;1150.00;0
2419;9;5311572;2419;276;3355;3355;7.28;0.44;252.04;3.11;936;11;1151.00;0
2422;9;5311597;2422;298;3432;3482;7.31;0.45;252.22;3.04;1010;11;1152.00;50
2425;9;5311618;2425;291;3435;3483;7.21;0.45;252.34;3.04;1010;11;1153.00;48
2432;9;5311629;2432;285;3442;3483;7.20;0.45;252.41;3.03;1010;11;1154.00;41
2436;9;5311639;2436;271;3445;3483;7.15;0.44;252.56;3.03;1009;11;1155.00;38
2438;9;5311650;2438;262;3451;3483;7.19;0.45;252.64;3.04;1013;11;1156.00;32
2442;9;5311660;2442;257;3454;3483;7.14;0.44;252.76;3.04;1012;11;1157.00;29
2445;9;5311671;2445;254;3457;3483;7.13;0.44;252.95;3.04;1012;11;1158.00;26
2449;9;5311681;2449;254;3460;3483;7.13;0.44;253.02;3.04;1011;11;1159.00;23
2452;9;5311692;2452;250;3463;3484;7.14;0.44;253.05;3.05;1011;11;1160.00;21
2456;9;5311703;2456;250;3465;3485;7.16;0.44;253.01;3.05;1009;11;1161.00;20
2461;9;5311715;2461;251;3466;3485;7.15;0.44;253.11;3.05;1005;11;1162.00;19
2462;9;5311726;2462;259;3470;3486;7.19;0.44;253.13;3.06;1008;11;1163.00;16
2464;9;5311737;2464;259;3473;3486;7.15;0.44;253.10;3.07;1009;11;1164.00;13
2468;9;5311749;2468;256;3474;3486;7.14;0.44;253.16;3.07;1006;11;1165.00;12
2473;9;5311760;2473;263;3474;3486;7.10;0.44;253.29;3.07;1001;11;1166.00;12
2475;9;5311771;2475;263;3479;3490;7.09;0.44;253.41;3.08;1004;11;1167.00;11
2482;9;5311782;2482;266;3482;3490;7.10;0.44;253.52;3.08;1000;11;1168.00;8
2487;9;5311793;2487;272;3483;3490;7.09;0.44;253.43;3.08;996;11;1169.00;7
2491;9;5311806;2491;277;3488;3496;7.14;0.44;253.56;3.08;997;11;1170.00;8
2495;9;5311818;2495;278;3490;3496;7.12;0.44;253.81;3.09;995;11;1171.00;6
2499;9;5311830;2499;282;3492;3496;7.18;0.44;254.03;3.10;993;11;1172.00;4
2503;9;5311841;2503;281;3496;3500;7.23;0.45;254.40;3.10;993;11;1173.00;4
2506;9;5311852;2506;282;3499;3501;7.22;0.44;254.66;3.11;993;11;1174.00;2
2513;9;5311869;2513;283;3500;3501;7.18;0.44;255.11;3.11;987;11;1175.00;1
2515;9;5311880;2515;284;3505;3505;7.15;0.44;255.17;3.11;990;11;1176.00;0
2522;9;5311892;2522;289;3505;3505;7.12;0.44;255.45;3.11;983;11;1177.00;0
2524;9;5311903;2524;293;3505;3505;7.12;0.44;255.40;3.11;981;11;1178.00;0
2529;9;5311915;2529;299;3506;3506;7.08;0.43;255.69;3.11;977;11;1179.00;0
2535;9;5311926;2535;300;3506;3506;7.07;0.43;256.01;3.11;971;11;1180.00;0
2538;9;5311938;2538;299;3512;3512;7.02;0.43;256.29;3.10;974;11;1181.00;0
2542;9;5311949;2542;296;3512;3512;6.96;0.43;256.29;3.10;970;11;1182.00;0
2547;9;5311960;2547;305;3513;3513;6.87;0.42;256.53;3.10;966;11;1183.00;0
2551;9;5311970;2551;309;3513;3513;6.84;0.42;256.50;3.10;962;11;1184.00;0
2554;9;5311981;2554;308;3513;3513;6.85;0.42;256.75;3.10;959;11;1185.00;0
2557;9;5311992;2557;316;3513;3513;6.90;0.43;257.00;3.10;956;11;1186.00;0
2564;9;5312003;2564;317;3513;3513;6.92;0.43;257.11;3.10;949;11;1187.00;0
2569;9;5312014;2569;321;3524;3525;7.05;0.43;257.22;3.09;955;11;1188.00;1
2572;9;5312025;2572;322;3524;3525;7.11;0.44;257.47;3.09;952;11;1189.00;1
2579;9;5312036;2579;325;3525;3525;7.14;0.44;257.67;3.09;946;11;1190.00;0
2588;9;5312047;2588;330;3525;3525;7.05;0.43;258.08;3.09;937;11;1191.00;0
2591;9;5312059;2591;330;3525;3525;7.00;0.43;258.27;3.09;934;11;1192.00;0
2597;9;5312069;2597;329;3525;3525;6.92;0.43;258.39;3.09;928;11;1193.00;0
2603;9;5312080;2603;331;3529;3529;6.88;0.42;258.89;3.09;926;11;1194.00;0
2606;9;5312090;2606;343;3529;3529;6.72;0.41;259.13;3.09;923;11;1195.00;0
2610;9;5312100;2610;347;3533;3533;6.64;0.41;259.37;3.09;923;11;1196.00;0
2615;9;5312111;2615;348;3534;3534;6.52;0.40;259.67;3.09;919;11;1197.00;0
2618;9;5312121;2618;356;3534;3534;6.42;0.40;260.07;3.09;916;11;1198.00;0
2622;9;5312132;2622;365;3534;3534;6.38;0.39;260.08;3.09;912;11;1199.00;0
2627;9;5312144;2627;386;3562;3575;6.47;0.40;260.11;3.06;935;11;1200.00;13
2630;9;5312162;2630;385;3562;3575;6.47;0.40;260.15;3.06;932;11;1201.00;13
2633;9;5312172;2633;379;3565;3575;6.44;0.40;260.17;3.06;932;11;1202.00;10
2635;9;5312182;2635;381;3567;3576;6.36;0.39;260.24;3.06;932;11;1203.00;9
2639;9;5312193;2639;381;3568;3577;6.32;0.39;260.44;3.06;929;11;1204.00;9
2643;9;5312204;2643;379;3568;3577;6.29;0.39;260.28;3.06;925;11;1205.00;9
2646;9;5312215;2646;382;3572;3580;6.27;0.39;260.38;3.06;926;11;1206.00;8
2649;9;5312226;2649;378;3573;3580;6.20;0.38;260.36;3.06;924;11;1207.00;7
2653;9;5312236;2653;376;3574;3580;6.13;0.38;260.43;3.06;921;11;1208.00;6
2658;9;5312247;2658;383;3575;3580;6.05;0.37;260.33;3.06;917;11;1209.00;5
2660;9;5312258;2660;382;3580;3586;6.02;0.37;260.22;3.06;920;11;1210.00;6
2663;9;5312268;2663;374;3581;3586;5.99;0.37;260.21;3.06;918;11;1211.00;5
2666;9;5312280;2666;371;3582;3586;6.07;0.37;260.15;3.06;916;11;1212.00;4
2666;9;5312290;2666;368;3582;3586;6.15;0.38;260.15;3.06;916;11;1213.00;4
2668;9;5312301;2668;364;3587;3590;6.21;0.38;260.03;3.06;919;11;1214.00;3
2672;9;5312312;2672;360;3589;3592;6.26;0.38;260.22;3.06;917;11;1215.00;3
2674;9;5312323;2674;355;3589;3592;6.28;0.39;260.47;3.06;915;11;1216.00;3
2675;9;5312334;2675;354;3590;3593;6.34;0.39;260.45;3.06;915;11;1217.00;3
2678;9;5312345;2678;361;3590;3593;6.32;0.39;260.36;3.06;912;11;1218.00;3
2681;9;5312355;2681;362;3590;3593;6.32;0.39;260.25;3.06;909;11;1219.00;3
2685;9;5312366;2685;371;3591;3593;6.29;0.38;260.32;3.06;906;11;1220.00;2
2687;9;5312377;2687;370;3591;3593;6.26;0.38;260.35;3.06;904;11;1221.00;2
2692;9;5312387;2692;369;3591;3593;6.23;0.38;260.20;3.06;899;11;1222.00;2
2694;9;5312400;2694;372;3591;3593;6.22;0.38;260.08;3.06;897;11;1223.00;2
2695;9;5312410;2695;389;3633;3663;6.28;0.38;260.11;3.03;938;11;1224.00;30
2696;9;5312428;2696;381;3634;3664;6.35;0.39;260.14;3.03;938;11;1225.00;30
2696;9;5312439;2696;368;3642;3664;6.51;0.40;260.14;3.03;946;11;1226.00;22
2698;9;5312450;2698;364;3645;3664;6.59;0.40;260.19;3.03;947;11;1227.00;19
2698;9;5312462;2698;364;3648;3666;6.62;0.40;260.19;3.03;950;11;1228.00;18
2700;9;5312473;2700;368;3650;3666;6.60;0.40;260.19;3.03;950;11;1229.00;16
2703;9;5312485;2703;359;3653;3666;6.57;0.40;260.16;3.04;950;11;1230.00;13
2704;9;5312497;2704;364;3658;3666;6.57;0.40;260.10;3.05;954;11;1231.00;8
2705;9;5312507;2705;366;3660;3667;6.57;0.40;260.01;3.05;955;11;1232.00;7
2708;9;5312518;2708;371;3662;3668;6.49;0.39;260.00;3.05;954;11;1233.00;6
2709;9;5312528;2709;372;3663;3668;6.46;0.39;260.07;3.05;954;11;1234.00;5
2712;9;5312538;2712;374;3668;3672;6.40;0.39;260.01;3.05;956;11;1235.00;4
2712;9;5312554;2712;376;3669;3672;6.39;0.39;260.01;3.05;957;11;1236.00;3
2713;9;5312564;2713;380;3670;3672;6.39;0.39;260.04;3.06;957;11;1237.00;2
2715;9;5312576;2715;381;3670;3672;6.33;0.39;260.11;3.06;955;11;1238.00;2
2717;9;5312586;2717;382;3675;3678;6.32;0.38;260.07;3.05;958;11;1239.00;3
2719;9;5312596;2719;386;3675;3678;6.26;0.38;260.05;3.05;956;11;1240.00;3
2721;9;5312606;2721;386;3675;3678;6.21;0.38;259.98;3.05;954;11;1241.00;3
2722;9;5312617;2722;394;3677;3681;6.20;0.38;259.99;3.05;955;11;1242.00;4
2723;9;5312627;2723;384;3677;3681;6.18;0.38;260.06;3.05;954;11;1243.00;4
2726;9;5312637;2726;374;3678;3681;6.23;0.38;260.11;3.05;952;11;1244.00;3
2726;9;5312648;2726;366;3679;3682;6.28;0.38;260.11;3.05;953;11;1245.00;3
2726;9;5312658;2726;355;3680;3683;6.32;0.38;260.11;3.05;954;11;1246.00;3
2726;9;5312669;2726;343;3680;3683;6.36;0.39;260.11;3.05;954;11;1247.00;3
2728;10;5312680;2728;332;3691;3696;6.45;0.39;260.10;3.04;963;12;1248.00;5
2731;10;5312702;2731;318;3691;3696;6.53;0.40;260.03;3.04;960;12;1249.00;5
2733;10;5312712;2733;316;3691;3696;6.59;0.40;260.18;3.04;958;12;1250.00;5
2736;10;5312723;2736;308;3692;3697;6.73;0.41;260.12;3.04;956;12;1251.00;5
2738;10;5312735;2738;294;3694;3697;6.79;0.41;260.13;3.05;956;12;1252.00;3
2739;10;5312747;2739;277;3697;3701;6.92;0.42;260.19;3.05;958;12;1253.00;4
2740;10;5312758;2740;271;3697;3701;7.00;0.42;260.26;3.05;957;12;1254.00;4
2743;10;5312768;2743;265;3701;3705;7.12;0.43;260.34;3.04;958;12;1255.00;4
2744;10;5312779;2744;261;3701;3705;7.29;0.44;260.31;3.04;957;12;1256.00;4
2746;10;5312790;2746;255;3701;3705;7.37;0.45;260.56;3.04;955;12;1257.00;4
2747;10;5312800;2747;254;3701;3705;7.48;0.45;260.48;3.04;954;12;1258.00;4
2750;10;5312811;2750;236;3701;3705;7.47;0.45;260.56;3.04;951;12;1259.00;4
2752;10;5312823;2752;229;3725;3739;7.58;0.46;260.47;3.02;973;12;1260.00;14
2758;10;5312836;2758;221;3726;3739;7.57;0.46;260.69;3.02;968;12;1261.00;13
2765;10;5312848;2765;220;3728;3739;7.53;0.46;260.58;3.02;963;12;1262.00;11
2766;10;5312859;2766;227;3731;3739;7.53;0.46;260.57;3.04;965;12;1263.00;8
2769;10;5312870;2769;225;3732;3739;7.55;0.46;260.79;3.04;963;12;1264.00;7
2770;11;5312881;2770;227;3732;3739;7.64;0.46;260.81;3.04;962;13;1265.00;7
2771;11;5312901;2771;223;3732;3740;7.69;0.47;260.81;3.04;961;13;1266.00;8
2774;11;5312914;2774;226;3735;3740;7.68;0.46;260.79;3.05;961;13;1267.00;5
2776;11;5312925;2776;220;3740;3746;7.74;0.47;260.90;3.04;964;13;1268.00;6
2778;11;5312936;2778;217;3740;3747;7.77;0.47;260.98;3.04;962;13;1269.00;7
2779;11;5312947;2779;220;3741;3747;7.82;0.47;260.90;3.04;962;13;1270.00;6
2783;11;5312958;2783;222;3742;3747;7.78;0.47;260.90;3.05;959;13;1271.00;5
2783;11;5312969;2783;223;3746;3751;7.79;0.47;260.90;3.05;963;13;1272.00;5
2784;11;5312980;2784;219;3748;3751;7.80;0.47;260.81;3.05;964;13;1273.00;3
2784;11;5312990;2784;220;3748;3751;7.85;0.48;260.81;3.05;964;13;1274.00;3
2786;11;5313006;2786;222;3749;3752;7.91;0.48;260.94;3.05;963;13;1275.00;3
2788;11;5313018;2788;216;3752;3756;7.93;0.48;260.94;3.05;964;13;1276.00;4
2790;11;5313029;2790;213;3752;3756;7.90;0.48;261.19;3.05;962;13;1277.00;4
2792;11;5313040;2792;204;3754;3759;7.91;0.48;261.34;3.05;962;13;1278.00;5
2794;11;5313052;2794;207;3755;3759;7.97;0.48;261.52;3.05;961;13;1279.00;4
2795;11;5313063;2795;206;3757;3759;8.02;0.49;261.43;3.05;962;13;1280.00;2
2797;11;5313074;2797;201;3757;3759;8.07;0.49;261.59;3.05;960;13;1281.00;2
2800;11;5313085;2800;203;3761;3763;8.12;0.49;261.68;3.05;961;13;1282.00;2
2802;11;5313097;2802;205;3761;3763;8.13;0.49;261.78;3.05;959;13;1283.00;2
2805;11;5313108;2805;211;3761;3763;8.12;0.49;261.86;3.05;956;13;1284.00;2
2806;11;5313121;2806;213;3761;3763;8.11;0.49;261.92;3.05;955;13;1285.00;2
2807;11;5313131;2807;213;3763;3764;8.10;0.49;262.06;3.06;956;13;1286.00;1
2809;11;5313143;2809;219;3764;3765;8.11;0.49;262.10;3.05;955;13;1287.00;1
2811;11;5313154;2811;217;3764;3765;8.10;0.49;262.18;3.05;953;13;1288.00;1
2812;11;5313165;2812;215;3766;3766;8.14;0.49;262.22;3.05;954;13;1289.00;0
2814;11;5313178;2814;222;3766;3766;8.13;0.49;262.23;3.05;952;13;1290.00;0
2815;11;5313189;2815;227;3766;3766;8.15;0.50;262.25;3.05;951;13;1291.00;0
2819;11;5313200;2819;232;3766;3766;8.14;0.49;262.20;3.05;947;13;1292.00;0
2822;11;5313211;2822;235;3766;3766;8.10;0.49;262.36;3.05;944;13;1293.00;0
2823;11;5313221;2823;236;3766;3766;8.08;0.49;262.36;3.05;943;13;1294.00;0
2824;11;5313232;2824;240;3766;3766;8.10;0.49;262.50;3.05;942;13;1295.00;0
2827;11;5313243;2827;256;3843;3893;8.17;0.50;262.60;2.99;1016;13;1296.00;50
2829;11;5313262;2829;258;3848;3894;8.18;0.51;262.72;2.99;1019;13;1297.00;46
2831;11;5313274;2831;257;3855;3894;8.21;0.51;262.81;2.99;1024;13;1298.00;39
2835;11;5313285;2835;257;3861;3894;8.17;0.50;263.09;2.99;1026;13;1299.00;33
2838;11;5313297;2838;252;3866;3894;8.08;0.50;263.17;2.99;1028;13;1300.00;28
2845;11;5313312;2845;252;3867;3894;7.97;0.49;263.34;2.99;1022;13;1301.00;27
2849;11;5313323;2849;254;3870;3894;7.87;0.48;263.36;2.99;1021;13;1302.00;24
2852;11;5313336;2852;256;3873;3894;7.84;0.48;263.47;3.00;1021;13;1303.00;21
2854;11;5313347;2854;255;3876;3895;7.85;0.48;263.46;3.00;1022;13;1304.00;19
2860;11;5313358;2860;247;3882;3897;7.83;0.48;263.55;3.01;1022;13;1305.00;15
2861;11;5313370;2861;249;3883;3897;7.76;0.48;263.63;3.01;1022;13;1306.00;14
2864;11;5313381;2864;247;3886;3898;7.66;0.47;263.84;3.01;1022;13;1307.00;12
2868;11;5313392;2868;248;3887;3898;7.53;0.46;263.86;3.02;1019;13;1308.00;11
2869;11;5313403;2869;253;3888;3898;7.43;0.46;263.87;3.02;1019;13;1309.00;10
2869;11;5313415;2869;255;3892;3898;7.39;0.45;263.87;3.03;1023;13;1310.00;6
2872;11;5313425;2872;266;3896;3902;7.35;0.45;264.01;3.03;1024;13;1311.00;6
2875;11;5313437;2875;265;3896;3902;7.35;0.45;264.23;3.03;1021;13;1312.00;6
2878;11;5313449;2878;274;3898;3902;7.34;0.45;264.27;3.03;1020;13;1313.00;4
2879;12;5313460;2879;279;3899;3905;7.39;0.45;264.31;3.03;1020;14;1314.00;6
2882;12;5313487;2882;280;3900;3905;7.41;0.46;264.22;3.04;1018;14;1315.00;5
2884;12;5313497;2884;291;3901;3905;7.33;0.45;264.24;3.04;1017;14;1316.00;4
2889;12;5313508;2889;292;3905;3909;7.24;0.45;264.50;3.04;1016;14;1317.00;4
2892;12;5313521;2892;293;3908;3910;7.18;0.44;264.71;3.04;1016;14;1318.00;2
2898;12;5313533;2898;297;3908;3910;7.05;0.43;264.87;3.04;1010;14;1319.00;2
2899;12;5313545;2899;289;3913;3915;7.05;0.43;264.92;3.04;1014;14;1320.00;2
2905;13;5313556;2905;283;3914;3915;6.92;0.42;265.06;3.04;1009;15;1321.00;1
2909;13;5313582;2909;279;3914;3915;6.87;0.42;264.98;3.04;1005;15;1322.00;1
2912;13;5313598;2912;274;3914;3916;6.82;0.42;265.23;3.04;1002;15;1323.00;2
2919;13;5313609;2919;276;3914;3916;6.76;0.41;265.49;3.04;995;15;1324.00;2
2921;13;5313620;2921;279;3920;3922;6.78;0.41;265.41;3.04;999;15;1325.00;2
2926;13;5313632;2926;279;3921;3922;6.71;0.41;265.40;3.04;995;15;1326.00;1
2928;13;5313642;2928;273;3923;3923;6.69;0.41;265.48;3.04;995;15;1327.00;0
2932;13;5313653;2932;265;3923;3923;6.62;0.40;265.52;3.04;991;15;1328.00;0
2938;13;5313664;2938;265;3923;3923;6.59;0.40;265.48;3.04;985;15;1329.00;0
2942;13;5313676;2942;266;3923;3923;6.51;0.40;265.52;3.04;981;15;1330.00;0
2948;13;5313687;2948;267;3923;3923;6.45;0.39;265.77;3.04;975;15;1331.00;0
2948;13;5313699;2948;274;3935;3935;6.50;0.39;265.77;3.03;987;15;1332.00;0
2950;13;5313716;2950;273;3935;3935;6.46;0.39;265.89;3.03;985;15;1333.00;0
2955;13;5313727;2955;284;3935;3935;6.44;0.39;266.04;3.03;980;15;1334.00;0
2958;13;5313738;2958;286;3935;3935;6.45;0.39;266.30;3.03;977;15;1335.00;0
2962;13;5313749;2962;295;3935;3935;6.44;0.39;266.56;3.03;973;15;1336.00;0
2967;13;5313759;2967;294;3935;3935;6.40;0.39;266.61;3.03;968;15;1337.00;0
2970;13;5313770;2970;296;3939;3939;6.40;0.39;266.68;3.03;969;15;1338.00;0
2975;13;5313781;2975;306;3939;3939;6.29;0.38;267.05;3.03;964;15;1339.00;0
2979;13;5313791;2979;316;3943;3943;6.28;0.38;267.26;3.03;964;15;1340.00;0
2982;13;5313803;2982;325;3944;3944;6.33;0.38;267.37;3.03;962;15;1341.00;0
2985;13;5313814;2985;331;3944;3944;6.34;0.38;267.52;3.03;959;15;1342.00;0
2988;13;5313825;2988;339;3944;3944;6.36;0.39;267.73;3.03;956;15;1343.00;0
2993;13;5313836;2993;349;3957;3957;6.42;0.39;268.05;3.02;964;15;1344.00;0
2996;13;5313848;2996;352;3957;3957;6.44;0.39;268.08;3.02;961;15;1345.00;0
2998;13;5313859;2998;358;3957;3957;6.44;0.39;268.12;3.02;959;15;1346.00;0
3003;13;5313869;3003;358;3958;3958;6.50;0.40;268.41;3.02;955;15;1347.00;0
3005;13;5313880;3005;368;3959;3959;6.47;0.40;268.40;3.02;954;15;1348.00;0
3009;13;5313891;3009;363;3959;3959;6.42;0.39;268.43;3.02;950;15;1349.00;0
3012;13;5313903;3012;368;3965;3968;6.37;0.39;268.70;3.01;953;15;1350.00;3
3014;13;5313915;3014;371;3965;3968;6.29;0.38;268.96;3.01;951;15;1351.00;3
3020;13;5313930;3020;375;3967;3968;6.16;0.38;269.05;3.01;947;15;1352.00;1
3021;13;5313940;3021;383;3968;3968;6.09;0.37;269.12;3.01;947;15;1353.00;0
3027;13;5313951;3027;387;3973;3974;5.98;0.37;269.39;3.01;946;15;1354.00;1
3030;13;5313962;3030;390;3974;3974;5.93;0.36;269.36;3.01;944;15;1355.00;0
3034;13;5313972;3034;394;3974;3974;5.81;0.35;269.32;3.01;940;15;1356.00;0
3042;13;5313983;3042;396;3974;3974;5.67;0.34;269.35;3.01;932;15;1357.00;0
3044;13;5313993;3044;395;3978;3978;5.68;0.34;269.41;3.01;934;15;1358.00;0
3049;13;5314002;3049;405;3979;3979;5.60;0.34;269.37;3.01;930;15;1359.00;0
3051;13;5314013;3051;405;3979;3979;5.59;0.34;269.45;3.01;928;15;1360.00;0
3053;13;5314023;3053;408;3980;3980;5.57;0.34;269.60;3.00;927;15;1361.00;0
3056;13;5314032;3056;410;3980;3980;5.52;0.33;269.59;3.00;924;15;1362.00;0
3059;13;5314041;3059;416;3980;3980;5.42;0.33;269.67;3.00;921;15;1363.00;0
3063;13;5314051;3063;420;3980;3980;5.32;0.32;269.46;3.00;917;15;1364.00;0
3064;13;5314060;3064;424;3980;3980;5.26;0.32;269.44;3.00;916;15;1365.00;0
3068;13;5314069;3068;423;3980;3980;5.24;0.32;269.41;3.00;912;15;1366.00;0
3069;13;5314079;3069;415;3980;3980;5.24;0.32;269.40;3.00;911;15;1367.00;0
3072;13;5314088;3072;416;4022;4050;5.52;0.34;269.60;2.97;950;15;1368.00;28
3072;13;5314104;3072;409;4024;4051;5.57;0.34;269.60;2.97;952;15;1369.00;27
3075;13;5314114;3075;403;4031;4051;5.65;0.34;269.69;2.97;956;15;1370.00;20
3077;13;5314124;3077;403;4034;4051;5.71;0.35;269.56;2.97;957;15;1371.00;17
3079;13;5314133;3079;404;4037;4051;5.76;0.35;269.78;2.97;958;15;1372.00;14
3082;13;5314143;3082;409;4040;4051;5.81;0.36;269.78;2.97;958;15;1373.00;11
3085;13;5314158;3085;410;4043;4051;5.82;0.36;269.77;2.98;958;15;1374.00;8
3086;13;5314167;3086;417;4046;4051;5.82;0.36;269.81;2.98;960;15;1375.00;5
3089;13;5314177;3089;400;4047;4052;5.76;0.35;269.82;2.98;958;15;1376.00;5
3090;13;5314187;3090;398;4049;4053;5.80;0.35;269.82;2.98;959;15;1377.00;4
3092;13;5314198;3092;396;4051;4053;5.82;0.36;269.82;2.98;959;15;1378.00;2
3093;13;5314208;3093;399;4056;4057;5.84;0.36;269.85;2.98;963;15;1379.00;1
3098;13;5314220;3098;391;4057;4057;5.86;0.36;269.80;2.98;959;15;1380.00;0
3102;13;5314237;3102;396;4057;4057;5.90;0.36;270.02;2.98;955;15;1381.00;0
3104;13;5314248;3104;397;4057;4057;5.94;0.36;270.01;2.98;953;15;1382.00;0
3106;13;5314258;3106;399;4063;4063;6.00;0.36;270.08;2.98;957;15;1383.00;0
3106;13;5314269;3106;400;4063;4063;6.01;0.37;270.08;2.98;957;15;1384.00;0
3109;13;5314280;3109;396;4063;4063;6.03;0.37;270.09;2.98;954;15;1385.00;0
3110;13;5314290;3110;397;4065;4066;6.13;0.37;270.10;2.98;955;15;1386.00;1
3110;13;5314300;3110;398;4065;4066;6.20;0.38;270.10;2.98;955;15;1387.00;1
3111;13;5314311;3111;395;4066;4066;6.30;0.38;270.04;2.98;955;15;1388.00;0
3111;13;5314322;3111;395;4067;4067;6.37;0.39;270.04;2.98;956;15;1389.00;0
3113;13;5314332;3113;384;4068;4068;6.41;0.39;269.97;2.98;955;15;1390.00;0
3116;13;5314343;3116;373;4068;4068;6.50;0.39;269.82;2.98;952;15;1391.00;0
3119;13;5314354;3119;375;4080;4081;6.57;0.40;269.88;2.97;961;15;1392.00;1
3120;13;5314366;3120;365;4081;4081;6.64;0.40;269.88;2.97;961;15;1393.00;0
3121;13;5314377;3121;358;4081;4081;6.70;0.41;269.93;2.97;960;15;1394.00;0
3122;13;5314388;3122;359;4083;4083;6.72;0.41;269.92;2.97;961;15;1395.00;0
3123;13;5314399;3123;359;4083;4083;6.73;0.41;269.87;2.97;960;15;1396.00;0
3124;13;5314415;3124;353;4087;4087;6.82;0.42;269.93;2.97;963;15;1397.00;0
3126;13;5314427;3126;347;4087;4087;6.92;0.42;269.99;2.97;961;15;1398.00;0
3130;13;5314437;3130;349;4091;4091;6.97;0.42;269.97;2.96;961;15;1399.00;0
3133;13;5314450;3133;350;4091;4091;7.05;0.43;269.99;2.96;958;15;1400.00;0
3134;13;5314464;3134;353;4091;4091;7.13;0.43;269.91;2.96;957;15;1401.00;0
3135;13;5314476;3135;348;4091;4091;7.20;0.44;269.96;2.96;956;15;1402.00;0
3138;13;5314487;3138;346;4091;4091;7.22;0.44;269.94;2.96;953;15;1403.00;0
3138;13;5314499;3138;344;4102;4103;7.26;0.44;269.94;2.96;964;15;1404.00;1
3140;13;5314510;3140;334;4102;4103;7.31;0.44;269.94;2.96;962;15;1405.00;1
3141;13;5314522;3141;333;4103;4103;7.37;0.45;269.89;2.96;962;15;1406.00;0
3143;13;5314534;3143;332;4103;4103;7.36;0.45;269.80;2.96;960;15;1407.00;0
3145;13;5314545;3145;331;4103;4103;7.34;0.44;269.86;2.96;958;15;1408.00;0
3146;13;5314556;3146;319;4103;4103;7.35;0.44;269.89;2.96;957;15;1409.00;0
3146;13;5314570;3146;317;4104;4104;7.36;0.45;269.89;2.96;958;15;1410.00;0
3149;13;5314580;3149;311;4104;4104;7.27;0.44;270.06;2.96;955;15;1411.00;0
3150;13;5314592;3150;312;4110;4110;7.24;0.44;270.23;2.95;960;15;1412.00;0
3154;13;5314603;3154;304;4111;4111;7.19;0.44;270.52;2.95;957;15;1413.00;0
3158;13;5314613;3158;298;4111;4111;7.12;0.43;270.56;2.95;953;15;1414.00;0
3160;13;5314624;3160;290;4111;4111;7.08;0.43;270.49;2.95;951;15;1415.00;0
3164;13;5314634;3164;291;4115;4115;7.07;0.43;270.47;2.95;951;15;1416.00;0
3166;13;5314646;3166;286;4115;4115;7.09;0.43;270.45;2.95;949;15;1417.00;0
3167;13;5314655;3167;286;4115;4115;7.13;0.43;270.50;2.95;948;15;1418.00;0
3171;13;5314666;3171;279;4116;4116;7.19;0.44;270.76;2.95;945;15;1419.00;0
3172;13;5314676;3172;278;4120;4120;7.22;0.44;270.83;2.95;948;15;1420.00;0
3175;13;5314687;3175;269;4120;4120;7.31;0.44;271.02;2.95;945;15;1421.00;0
3178;13;5314697;3178;271;4122;4123;7.41;0.45;271.11;2.94;944;15;1422.00;1
3182;13;5314708;3182;271;4123;4123;7.46;0.45;271.24;2.94;941;15;1423.00;0
3187;13;5314718;3187;273;4123;4123;7.50;0.46;271.17;2.94;936;15;1424.00;0
3192;13;5314729;3192;274;4123;4123;7.55;0.46;271.44;2.94;931;15;1425.00;0
3195;13;5314741;3195;273;4127;4127;7.66;0.47;271.57;2.94;932;15;1426.00;0
3199;13;5314752;3199;272;4127;4127;7.75;0.47;271.63;2.94;928;15;1427.00;0
3205;13;5314762;3205;268;4127;4127;7.73;0.47;271.84;2.94;922;15;1428.00;0
3211;13;5314773;3211;261;4127;4127;7.71;0.47;271.86;2.94;916;15;1429.00;0
3213;13;5314783;3213;253;4128;4128;7.68;0.46;271.89;2.94;915;15;1430.00;0
3214;13;5314794;3214;253;4129;4129;7.67;0.46;271.92;2.94;915;15;1431.00;0
3217;13;5314805;3217;249;4129;4129;7.65;0.46;272.08;2.94;912;15;1432.00;0
3219;13;5314815;3219;252;4130;4130;7.66;0.46;272.09;2.94;911;15;1433.00;0
3221;13;5314825;3221;252;4130;4130;7.64;0.46;272.16;2.94;909;15;1434.00;0
3223;13;5314836;3223;255;4130;4130;7.67;0.47;272.13;2.94;907;15;1435.00;0
3225;13;5314847;3225;255;4130;4130;7.67;0.47;272.14;2.94;905;15;1436.00;0
3227;13;5314856;3227;257;4130;4130;7.70;0.47;272.18;2.94;903;15;1437.00;0
3228;13;5314867;3228;261;4130;4130;7.75;0.47;272.31;2.94;902;15;1438.00;0
3231;13;5314876;3231;256;4130;4130;7.78;0.47;272.42;2.94;899;15;1439.00;0
3233;13;5314888;3233;295;4237;4360;7.89;0.49;272.54;2.87;1004;15;1440.00;123
3240;13;5314916;3240;286;4242;4361;7.91;0.49;272.61;2.87;1002;15;1441.00;119
3243;13;5314928;3243;279;4255;4361;7.97;0.50;272.71;2.86;1012;15;1442.00;106
3244;13;5314938;3244;271;4258;4361;7.99;0.50;272.76;2.86;1014;15;1443.00;103
3249;13;5314954;3249;267;4268;4361;8.00;0.50;272.91;2.87;1019;15;1444.00;93
3251;13;5314965;3251;260;4274;4361;8.04;0.50;273.14;2.87;1023;15;1445.00;87
3253;13;5314976;3253;258;4283;4361;8.07;0.50;273.12;2.87;1030;15;1446.00;78
3254;13;5314987;3254;261;4290;4361;8.11;0.50;273.25;2.88;1036;15;1447.00;71
3257;13;5315004;3257;256;4298;4362;8.10;0.50;273.36;2.89;1041;15;1448.00;64
3260;13;5315015;3260;263;4302;4363;8.08;0.50;273.42;2.90;1042;15;1449.00;61
3260;13;5315027;3260;262;4311;4363;8.04;0.50;273.42;2.91;1051;15;1450.00;52
3265;13;5315038;3265;266;4317;4364;7.92;0.49;273.43;2.92;1052;15;1451.00;47
3268;13;5315055;3268;274;4322;4364;7.82;0.48;273.58;2.93;1054;15;1452.00;42
3272;13;5315067;3272;272;4325;4364;7.76;0.48;273.74;2.94;1053;15;1453.00;39
3273;13;5315079;3273;278;4327;4364;7.75;0.48;273.81;2.95;1054;15;1454.00;37
3276;13;5315090;3276;288;4333;4368;7.64;0.47;273.85;2.96;1057;15;1455.00;35
3281;13;5315103;3281;299;4336;4368;7.53;0.46;273.97;2.96;1055;15;1456.00;32
3283;13;5315116;3283;306;4338;4368;7.44;0.46;274.09;2.97;1055;15;1457.00;30
3285;13;5315127;3285;317;4345;4371;7.34;0.45;274.16;2.99;1060;15;1458.00;26
3286;13;5315138;3286;324;4347;4371;7.32;0.45;274.10;2.99;1061;15;1459.00;24
3290;13;5315150;3290;336;4350;4371;7.30;0.45;274.41;3.00;1060;15;1460.00;21
3291;13;5315161;3291;343;4355;4375;7.34;0.45;274.43;3.01;1064;15;1461.00;20
3295;13;5315173;3295;348;4358;4376;7.38;0.45;274.70;3.01;1063;15;1462.00;18
3299;13;5315184;3299;353;4359;4376;7.41;0.45;274.92;3.02;1060;15;1463.00;17
3301;13;5315195;3301;358;4363;4380;7.40;0.45;274.99;3.02;1062;15;1464.00;17
3305;13;5315207;3305;360;4365;4380;7.38;0.45;275.27;3.03;1060;15;1465.00;15
3307;13;5315219;3307;370;4365;4380;7.36;0.45;275.31;3.03;1058;15;1466.00;15
3313;13;5315232;3313;369;4367;4381;7.30;0.45;275.56;3.04;1054;15;1467.00;14
3314;13;5315243;3314;368;4367;4381;7.26;0.44;275.70;3.04;1053;15;1468.00;14
3320;13;5315253;3320;364;4372;4387;7.31;0.45;275.54;3.03;1052;15;1469.00;15
3323;13;5315268;3323;365;4373;4387;7.32;0.45;275.38;3.04;1050;15;1470.00;14
3325;13;5315279;3325;366;4375;4388;7.31;0.45;275.59;3.05;1050;15;1471.00;13
3331;13;5315291;3331;364;4375;4388;7.31;0.44;275.42;3.05;1044;15;1472.00;13
3332;13;5315303;3332;358;4376;4388;7.30;0.44;275.36;3.05;1044;15;1473.00;12
3335;13;5315314;3335;361;4376;4388;7.30;0.45;275.48;3.05;1041;15;1474.00;12
3338;13;5315326;3338;364;4378;4388;7.23;0.44;275.58;3.06;1040;15;1475.00;10
3341;13;5315342;3341;372;4388;4400;7.17;0.44;275.68;3.06;1047;15;1476.00;12
3342;13;5315355;3342;372;4388;4400;7.10;0.43;275.71;3.06;1046;15;1477.00;12
3345;13;5315366;3345;374;4389;4400;7.02;0.43;275.72;3.06;1044;15;1478.00;11
3346;13;5315376;3346;378;4392;4400;6.95;0.43;275.75;3.08;1046;15;1479.00;8
3351;13;5315386;3351;384;4392;4400;6.86;0.42;275.79;3.08;1041;15;1480.00;8
3355;13;5315397;3355;386;4394;4400;6.72;0.41;276.05;3.08;1039;15;1481.00;6
3356;13;5315408;3356;393;4398;4404;6.55;0.40;276.13;3.08;1042;15;1482.00;6
3359;13;5315419;3359;397;4399;4404;6.42;0.39;276.28;3.08;1040;16;1483.00;5
3365;13;5315436;3365;401;4403;4408;6.27;0.38;276.39;3.08;1038;16;1484.00;5
3366;13;5315453;3366;392;4406;4410;6.19;0.38;276.34;3.08;1040;16;1485.00;4
3370;13;5315463;3370;394;4406;4410;6.08;0.37;276.39;3.08;1036;16;1486.00;4
3376;13;5315474;3376;392;4406;4410;6.00;0.37;276.51;3.08;1030;16;1487.00;4
3377;13;5315484;3377;390;4417;4423;6.06;0.37;276.44;3.07;1040;16;1488.00;6
3383;13;5315495;3383;390;4417;4423;6.00;0.37;276.61;3.07;1034;16;1489.00;6
3386;13;5315505;3386;385;4417;4423;5.98;0.37;276.80;3.07;1031;16;1490.00;6
3390;13;5315516;3390;389;4418;4424;5.96;0.37;276.69;3.07;1028;16;1491.00;6
3395;13;5315526;3395;381;4421;4425;5.91;0.36;276.94;3.07;1026;16;1492.00;4
3396;13;5315538;3396;386;4421;4425;5.91;0.36;277.01;3.07;1025;16;1493.00;4
3399;13;5315548;3399;377;4424;4428;5.96;0.37;277.05;3.07;1025;16;1494.00;4
3402;13;5315559;3402;382;4424;4428;5.94;0.37;277.01;3.07;1022;16;1495.00;4
3408;13;5315569;3408;379;4424;4428;5.90;0.36;277.13;3.07;1016;16;1496.00;4
3410;13;5315580;3410;376;4424;4428;5.87;0.36;277.10;3.07;1014;16;1497.00;4
3413;13;5315591;3413;385;4430;4434;5.93;0.37;277.07;3.07;1017;16;1498.00;4
3414;13;5315601;3414;379;4430;4434;5.92;0.37;277.00;3.07;1016;16;1499.00;4
3421;13;5315614;3421;395;4435;4453;5.80;0.36;276.94;3.07;1014;16;1500.00;18
3423;13;5315632;3423;394;4435;4453;5.76;0.36;276.88;3.07;1012;16;1501.00;18
3426;13;5315642;3426;399;4440;4457;5.70;0.35;276.81;3.06;1014;16;1502.00;17
3431;13;5315652;3431;402;4441;4458;5.64;0.35;276.67;3.06;1010;16;1503.00;17
3435;13;5315663;3435;403;4441;4458;5.52;0.34;276.67;3.06;1006;16;1504.00;17
3437;13;5315673;3437;406;4442;4459;5.51;0.34;276.69;3.06;1005;16;1505.00;17
3443;13;5315685;3443;412;4445;4459;5.42;0.34;276.52;3.06;1002;16;1506.00;14
3450;13;5315695;3450;416;4445;4459;5.37;0.33;276.47;3.06;995;16;1507.00;14
3452;13;5315706;3452;420;4445;4459;5.39;0.33;276.52;3.06;993;16;1508.00;14
3457;13;5315716;3457;422;4445;4459;5.32;0.33;276.48;3.06;988;16;1509.00;14
3461;13;5315726;3461;421;4445;4459;5.26;0.32;276.59;3.06;984;16;1510.00;14
3464;13;5315737;3464;427;4445;4459;5.21;0.32;276.73;3.06;981;16;1511.00;14
3468;13;5315747;3468;439;4486;4529;5.32;0.33;276.73;3.06;1018;16;1512.00;43
3474;13;5315765;3474;434;4489;4530;5.34;0.33;276.73;3.06;1015;16;1513.00;41
3477;13;5315775;3477;435;4495;4530;5.37;0.33;276.70;3.05;1018;16;1514.00;35
3480;13;5315785;3480;424;4498;4530;5.37;0.33;276.63;3.05;1018;16;1515.00;32
3484;13;5315795;3484;427;4501;4530;5.37;0.33;276.52;3.06;1017;16;1516.00;29
3488;13;5315806;3488;423;4503;4530;5.39;0.34;276.58;3.06;1015;16;1517.00;27
3492;13;5315816;3492;425;4507;4530;5.37;0.33;276.49;3.06;1015;16;1518.00;23
3496;13;5315826;3496;421;4509;4530;5.35;0.33;276.41;3.07;1013;16;1519.00;21
3498;13;5315837;3498;427;4512;4531;5.36;0.33;276.43;3.07;1014;16;1520.00;19
3501;13;5315847;3501;434;4513;4532;5.27;0.33;276.50;3.07;1012;16;1521.00;19
3505;13;5315857;3505;429;4516;4532;5.26;0.33;276.62;3.07;1011;16;1522.00;16
3508;13;5315867;3508;440;4524;4536;5.25;0.32;276.56;3.08;1016;16;1523.00;12
3510;13;5315878;3510;441;4525;4536;5.21;0.32;276.67;3.08;1015;16;1524.00;11
3515;13;5315888;3515;435;4525;4536;5.21;0.32;276.50;3.08;1010;16;1525.00;11
3516;13;5315899;3516;439;4525;4536;5.19;0.32;276.56;3.08;1009;16;1526.00;11
3518;13;5315909;3518;438;4530;4542;5.17;0.32;276.58;3.08;1012;16;1527.00;12
3521;13;5315920;3521;443;4530;4542;5.13;0.31;276.62;3.08;1009;16;1528.00;12
3523;13;5315929;3523;448;4532;4542;5.10;0.31;276.55;3.09;1009;16;1529.00;10
3527;13;5315942;3527;451;4536;4548;5.12;0.31;276.54;3.11;1009;16;1530.00;12
3528;13;5315952;3528;450;4537;4548;5.09;0.31;276.51;3.11;1009;16;1531.00;11
3530;13;5315962;3530;444;4538;4548;5.08;0.31;276.51;3.11;1008;16;1532.00;10
3530;13;5315972;3530;445;4540;4549;5.07;0.31;276.51;3.12;1010;16;1533.00;9
3532;13;5315983;3532;442;4541;4550;5.11;0.31;276.57;3.12;1009;16;1534.00;9
3535;13;5315994;3535;442;4543;4550;5.14;0.31;276.54;3.12;1008;16;1535.00;7
3539;13;5316005;3539;437;4554;4563;5.28;0.32;276.43;3.12;1015;16;1536.00;9
3541;13;5316017;3541;425;4557;4563;5.37;0.33;276.40;3.14;1016;16;1537.00;6
3542;13;5316028;3542;422;4558;4563;5.41;0.33;276.33;3.14;1016;16;1538.00;5
3546;13;5316039;3546;413;4559;4564;5.43;0.33;276.49;3.14;1013;16;1539.00;5
3547;13;5316050;3547;419;4559;4564;5.47;0.33;276.47;3.14;1012;16;1540.00;5
3549;13;5316066;3549;401;4565;4568;5.55;0.34;276.39;3.15;1016;16;1541.00;3
3550;13;5316078;3550;393;4565;4568;5.65;0.35;276.42;3.15;1015;16;1542.00;3
3551;13;5316088;3551;382;4571;4572;5.74;0.35;276.43;3.17;1020;16;1543.00;1
3554;13;5316105;3554;371;4571;4572;5.86;0.36;276.44;3.17;1017;16;1544.00;1
3555;13;5316117;3555;362;4571;4572;5.98;0.37;276.37;3.17;1016;16;1545.00;1
3555;13;5316128;3555;356;4571;4572;6.09;0.37;276.37;3.17;1016;16;1546.00;1
3557;13;5316139;3557;350;4571;4572;6.21;0.38;276.39;3.17;1014;16;1547.00;1
3558;13;5316151;3558;344;4582;4584;6.38;0.39;276.41;3.16;1024;16;1548.00;2
3560;13;5316164;3560;339;4582;4584;6.50;0.40;276.32;3.16;1022;16;1549.00;2
3561;13;5316176;3561;335;4583;4584;6.55;0.40;276.32;3.16;1022;16;1550.00;1
3563;13;5316187;3563;333;4583;4584;6.57;0.40;276.36;3.16;1020;16;1551.00;1
3563;13;5316199;3563;331;4583;4584;6.61;0.40;276.36;3.16;1020;16;1552.00;1
3565;13;5316211;3565;330;4584;4584;6.59;0.40;276.32;3.17;1019;16;1553.00;0
3565;13;5316223;3565;331;4585;4585;6.63;0.40;276.32;3.17;1020;16;1554.00;0
3566;13;5316234;3566;320;4587;4587;6.69;0.41;276.32;3.17;1021;16;1555.00;0
3567;13;5316246;3567;317;4593;4593;6.82;0.41;276.28;3.17;1026;16;1556.00;0
3568;13;5316259;3568;310;4594;4594;6.91;0.42;276.26;3.17;1026;16;1557.00;0
3572;13;5316271;3572;314;4594;4594;6.99;0.42;276.25;3.17;1022;16;1558.00;0
3576;13;5316283;3576;311;4594;4594;7.00;0.43;276.17;3.17;1018;16;1559.00;0
3577;13;5316296;3577;308;4599;4599;7.06;0.43;276.25;3.16;1022;16;1560.00;0
3579;13;5316308;3579;310;4599;4599;7.10;0.43;276.40;3.16;1020;16;1561.00;0
3581;13;5316320;3581;306;4599;4599;7.15;0.44;276.29;3.16;1018;16;1562.00;0
3582;13;5316337;3582;306;4600;4600;7.17;0.44;276.25;3.16;1018;16;1563.00;0
3585;13;5316348;3585;307;4604;4604;7.16;0.44;276.37;3.16;1019;16;1564.00;0
3589;13;5316360;3589;310;4604;4604;7.19;0.44;276.63;3.16;1015;16;1565.00;0
3591;13;5316372;3591;315;4606;4607;7.23;0.44;276.60;3.16;1015;16;1566.00;1
3593;14;5316383;3593;320;4606;4607;7.16;0.44;276.67;3.16;1013;17;1567.00;1
3598;14;5316404;3598;322;4607;4607;7.19;0.44;276.62;3.16;1009;17;1568.00;0
3602;14;5316417;3602;329;4607;4607;7.20;0.44;276.76;3.16;1005;17;1569.00;0
3606;14;5316429;3606;325;4611;4611;7.23;0.44;276.73;3.16;1005;17;1570.00;0
3610;14;5316440;3610;326;4611;4611;7.25;0.44;276.79;3.16;1001;17;1571.00;0
3612;14;5316453;3612;332;4611;4611;7.26;0.44;276.89;3.16;999;17;1572.00;0
3615;14;5316464;3615;329;4611;4611;7.30;0.44;277.00;3.16;996;17;1573.00;0
3618;14;5316476;3618;338;4612;4612;7.27;0.44;277.20;3.16;994;17;1574.00;0
3619;14;5316487;3619;332;4614;4614;7.23;0.44;277.27;3.16;995;17;1575.00;0
3620;14;5316499;3620;328;4614;4614;7.25;0.44;277.30;3.16;994;17;1576.00;0
3621;14;5316510;3621;327;4615;4615;7.28;0.44;277.34;3.16;994;17;1577.00;0
3624;14;5316521;3624;321;4615;4615;7.19;0.44;277.71;3.16;991;17;1578.00;0
3630;14;5316534;3630;315;4615;4615;7.15;0.43;277.88;3.16;985;17;1579.00;0
3632;14;5316545;3632;306;4615;4615;7.16;0.43;277.94;3.16;983;17;1580.00;0
3634;14;5316557;3634;298;4615;4615;7.16;0.43;278.12;3.16;981;17;1581.00;0
3636;14;5316569;3636;295;4615;4615;7.15;0.43;278.24;3.16;979;17;1582.00;0
3638;14;5316580;3638;287;4615;4615;7.17;0.44;278.23;3.16;977;17;1583.00;0
3640;14;5316591;3640;315;4693;4742;7.13;0.44;278.39;3.10;1053;17;1584.00;49
3642;14;5316610;3642;295;4693;4743;7.13;0.44;278.57;3.10;1051;17;1585.00;50
3648;14;5316622;3648;285;4697;4743;7.15;0.44;278.82;3.10;1049;17;1586.00;46
3651;14;5316634;3651;281;4697;4743;7.15;0.44;278.97;3.10;1046;17;1587.00;46
3655;14;5316645;3655;290;4702;4743;7.21;0.44;279.02;3.10;1047;17;1588.00;41
3660;14;5316657;3660;283;4703;4743;7.20;0.44;279.10;3.10;1043;17;1589.00;40
3667;14;5316669;3667;284;4707;4743;7.20;0.44;279.22;3.11;1040;17;1590.00;36
3670;15;5316681;3670;289;4708;4743;7.26;0.44;279.34;3.11;1038;18;1591.00;35
3672;15;5316704;3672;286;4711;4744;7.27;0.44;279.39;3.11;1039;18;1592.00;33
3675;15;5316715;3675;294;4715;4745;7.26;0.44;279.44;3.12;1040;18;1593.00;30
3678;15;5316726;3678;291;4719;4745;7.29;0.44;279.47;3.12;1041;18;1594.00;26
3682;15;5316739;3682;286;4722;4746;7.31;0.45;279.63;3.13;1040;18;1595.00;24
3684;15;5316750;3684;284;4727;4746;7.33;0.45;279.57;3.14;1043;18;1596.00;19
3685;15;5316762;3685;283;4731;4746;7.31;0.44;279.58;3.14;1046;18;1597.00;15
3688;15;5316773;3688;282;4732;4746;7.28;0.44;279.64;3.15;1044;18;1598.00;14
3690;15;5316784;3690;288;4737;4750;7.27;0.44;279.65;3.15;1047;18;1599.00;13
3691;15;5316797;3691;288;4739;4750;7.25;0.44;279.58;3.15;1048;18;1600.00;11
3691;16;5316811;3691;287;4740;4750;7.25;0.44;279.58;3.15;1049;19;1601.00;10
3692;16;5316834;3692;293;4742;4753;7.27;0.44;279.55;3.15;1050;19;1602.00;11
3692;16;5316845;3692;292;4743;4753;7.31;0.44;279.55;3.16;1051;19;1603.00;10
3694;16;5316860;3694;291;4743;4753;7.30;0.44;279.61;3.16;1049;19;1604.00;10
3697;16;5316872;3697;294;4748;4757;7.28;0.44;279.73;3.16;1051;19;1605.00;9
3699;16;5316883;3699;292;4750;4758;7.35;0.45;279.80;3.17;1051;19;1606.00;8
3702;16;5316895;3702;299;4751;4758;7.38;0.45;279.80;3.17;1049;19;1607.00;7
3703;16;5316911;3703;298;4754;4762;7.42;0.45;279.78;3.17;1051;19;1608.00;8
3710;16;5316923;3710;297;4754;4762;7.37;0.45;280.13;3.17;1044;19;1609.00;8
3713;16;5316935;3713;301;4755;4762;7.35;0.45;280.10;3.17;1042;19;1610.00;7
3714;16;5316947;3714;300;4756;4763;7.33;0.45;280.15;3.17;1042;19;1611.00;7
3717;16;5316958;3717;300;4756;4763;7.29;0.44;280.31;3.17;1039;19;1612.00;7
3721;16;5316970;3721;298;4762;4769;7.32;0.44;280.65;3.16;1041;19;1613.00;7
3721;16;5316983;3721;306;4762;4769;7.28;0.44;280.65;3.16;1041;19;1614.00;7
3726;16;5316994;3726;303;4762;4770;7.22;0.44;281.06;3.16;1036;19;1615.00;8
3727;16;5317005;3727;304;4763;4770;7.16;0.44;281.03;3.17;1036;19;1616.00;7
3729;16;5317017;3729;304;4763;4770;7.11;0.43;281.15;3.17;1034;19;1617.00;7
3731;16;5317030;3731;308;4764;4770;7.09;0.43;281.10;3.18;1033;19;1618.00;6
3734;16;5317041;3734;307;4764;4770;7.08;0.43;280.98;3.18;1030;20;1619.00;6
3735;16;5317063;3735;318;4791;4806;7.20;0.44;281.10;3.17;1056;20;1620.00;15
3737;16;5317079;3737;317;4794;4806;7.16;0.44;281.22;3.17;1057;20;1621.00;12
3740;16;5317090;3740;317;4798;4806;7.10;0.43;281.16;3.17;1058;20;1622.00;8
3742;16;5317102;3742;316;4798;4806;7.06;0.43;281.32;3.17;1056;20;1623.00;8
3744;16;5317113;3744;320;4800;4806;6.97;0.43;281.56;3.17;1056;20;1624.00;6
3745;16;5317125;3745;321;4800;4806;6.89;0.42;281.69;3.17;1055;20;1625.00;6
3748;16;5317136;3748;316;4806;4810;6.81;0.42;281.79;3.18;1058;20;1626.00;4
3752;16;5317148;3752;319;4806;4810;6.77;0.41;281.93;3.18;1054;20;1627.00;4
3754;16;5317159;3754;318;4811;4814;6.79;0.42;281.91;3.17;1057;20;1628.00;3
3756;16;5317170;3756;318;4812;4815;6.82;0.42;282.09;3.17;1056;20;1629.00;3
3759;16;5317181;3759;326;4812;4815;6.78;0.42;282.22;3.17;1053;20;1630.00;3
3763;16;5317192;3763;336;4812;4815;6.72;0.41;282.19;3.17;1049;20;1631.00;3
3764;16;5317203;3764;334;4824;4828;6.67;0.41;282.12;3.17;1060;20;1632.00;4
3766;16;5317214;3766;339;4824;4828;6.59;0.40;282.13;3.17;1058;20;1633.00;4
3768;16;5317225;3768;338;4825;4828;6.55;0.40;282.24;3.17;1057;20;1634.00;3
3771;16;5317236;3771;341;4826;4829;6.53;0.40;282.37;3.17;1055;20;1635.00;3
3776;16;5317247;3776;346;4827;4830;6.47;0.40;282.25;3.16;1051;20;1636.00;3
3777;16;5317258;3777;349;4827;4830;6.45;0.40;282.27;3.16;1050;20;1637.00;3
3778;16;5317269;3778;348;4830;4833;6.48;0.40;282.24;3.16;1052;20;1638.00;3
3780;16;5317280;3780;349;4830;4833;6.52;0.40;282.27;3.16;1050;20;1639.00;3
3783;16;5317290;3783;347;4830;4833;6.46;0.40;282.19;3.16;1047;20;1640.00;3
3785;16;5317300;3785;351;4830;4833;6.38;0.39;282.36;3.16;1045;20;1641.00;3
3787;16;5317310;3787;348;4836;4839;6.34;0.39;282.26;3.16;1049;20;1642.00;3
3792;16;5317321;3792;352;4836;4839;6.20;0.38;282.49;3.16;1044;20;1643.00;3
3797;16;5317332;3797;355;4836;4839;6.12;0.37;282.38;3.16;1039;20;1644.00;3
3798;16;5317342;3798;356;4836;4839;6.05;0.37;282.36;3.16;1038;20;1645.00;3
3802;16;5317351;3802;360;4840;4843;5.92;0.36;282.18;3.16;1038;20;1646.00;3
3806;16;5317361;3806;362;4841;4844;5.83;0.36;282.32;3.16;1035;20;1647.00;3
3811;16;5317371;3811;366;4841;4844;5.69;0.35;282.30;3.16;1030;20;1648.00;3
3814;16;5317385;3814;373;4842;4845;5.62;0.35;282.24;3.16;1028;20;1649.00;3
3818;16;5317395;3818;355;4842;4845;5.53;0.34;282.35;3.16;1024;20;1650.00;3
3822;16;5317405;3822;354;4842;4845;5.42;0.33;282.28;3.16;1020;20;1651.00;3
3825;16;5317415;3825;352;4842;4845;5.33;0.33;282.29;3.16;1017;20;1652.00;3
3833;16;5317424;3833;349;4842;4845;5.23;0.32;282.21;3.16;1009;20;1653.00;3
3835;16;5317435;3835;345;4842;4845;5.23;0.32;282.18;3.16;1007;20;1654.00;3
3838;16;5317444;3838;348;4842;4845;5.22;0.32;282.22;3.16;1004;20;1655.00;3
3840;16;5317454;3840;363;4880;4915;5.44;0.34;282.31;3.13;1040;20;1656.00;35
3843;16;5317469;3843;358;4882;4916;5.44;0.34;282.30;3.13;1039;20;1657.00;34
3844;16;5317479;3844;347;4888;4916;5.51;0.34;282.31;3.13;1044;20;1658.00;28
3846;16;5317488;3846;349;4896;4916;5.53;0.34;282.26;3.13;1050;20;1659.00;20
3851;17;5317498;3851;352;4898;4916;5.48;0.34;282.07;3.13;1047;21;1660.00;18
3855;17;5317523;3855;357;4900;4916;5.45;0.34;282.09;3.13;1045;21;1661.00;16
3860;17;5317534;3860;354;4902;4916;5.34;0.33;281.97;3.13;1042;21;1662.00;14
3861;17;5317543;3861;361;4904;4916;5.33;0.33;281.94;3.13;1043;21;1663.00;12
3866;17;5317559;3866;367;4908;4917;5.36;0.33;281.88;3.14;1042;21;1664.00;9
3871;17;5317570;3871;370;4911;4919;5.31;0.33;281.74;3.14;1040;21;1665.00;8
3871;17;5317581;3871;380;4912;4919;5.38;0.33;281.74;3.14;1041;21;1666.00;7
3876;17;5317591;3876;387;4918;4923;5.33;0.33;281.63;3.14;1042;21;1667.00;5
3880;17;5317602;3880;389;4919;4923;5.31;0.32;281.54;3.14;1039;21;1668.00;4
3884;17;5317613;3884;400;4919;4923;5.26;0.32;281.45;3.14;1035;21;1669.00;4
3890;17;5317623;3890;403;4919;4923;5.19;0.32;281.39;3.14;1029;21;1670.00;4
3891;17;5317633;3891;407;4925;4929;5.19;0.32;281.45;3.14;1034;21;1671.00;4
3894;17;5317644;3894;409;4925;4929;5.15;0.32;281.37;3.14;1031;21;1672.00;4
3897;17;5317655;3897;419;4925;4929;5.14;0.31;281.42;3.14;1028;21;1673.00;4
3898;17;5317665;3898;421;4928;4932;5.16;0.32;281.47;3.14;1030;21;1674.00;4
3902;17;5317676;3902;426;4928;4932;5.16;0.32;281.48;3.14;1026;21;1675.00;4
3903;17;5317686;3903;426;4928;4932;5.14;0.31;281.49;3.14;1025;21;1676.00;4
3909;17;5317696;3909;431;4929;4933;5.06;0.31;281.50;3.14;1020;21;1677.00;4
3912;17;5317707;3912;427;4931;4934;5.03;0.31;281.62;3.15;1019;21;1678.00;3
3913;17;5317717;3913;433;4931;4934;5.06;0.31;281.62;3.15;1018;21;1679.00;3
3918;17;5317728;3918;440;4953;4960;5.15;0.32;281.61;3.14;1035;21;1680.00;7
3923;17;5317741;3923;448;4953;4960;5.13;0.31;281.53;3.14;1030;21;1681.00;7
3925;17;5317752;3925;448;4955;4960;5.16;0.32;281.55;3.14;1030;21;1682.00;5
3932;17;5317762;3932;455;4956;4961;5.10;0.31;281.61;3.14;1024;21;1683.00;5
3935;17;5317772;3935;447;4956;4961;5.08;0.31;281.64;3.14;1021;21;1684.00;5
3935;17;5317783;3935;440;4960;4965;5.15;0.31;281.64;3.14;1025;21;1685.00;5
3939;17;5317793;3939;431;4960;4965;5.13;0.31;281.73;3.14;1021;21;1686.00;5
3941;17;5317803;3941;432;4964;4969;5.17;0.31;281.74;3.14;1023;21;1687.00;5
3943;17;5317814;3943;427;4964;4969;5.16;0.31;281.77;3.14;1021;21;1688.00;5
3946;17;5317825;3946;425;4964;4969;5.15;0.31;281.80;3.14;1018;21;1689.00;5
3948;17;5317836;3948;424;4964;4969;5.15;0.31;281.77;3.14;1016;21;1690.00;5
3951;17;5317855;3951;427;4964;4969;5.15;0.31;281.73;3.14;1013;21;1691.00;5
3954;17;5317866;3954;428;4974;4981;5.24;0.32;281.72;3.13;1020;21;1692.00;7
3955;17;5317878;3955;424;4976;4981;5.31;0.32;281.66;3.14;1021;21;1693.00;5
3957;17;5317889;3957;425;4977;4981;5.35;0.33;281.73;3.14;1020;21;1694.00;4
3959;17;5317901;3959;426;4977;4981;5.37;0.33;281.65;3.14;1018;21;1695.00;4
3960;17;5317912;3960;430;4977;4981;5.37;0.33;281.70;3.14;1017;21;1696.00;4
3961;17;5317922;3961;419;4978;4981;5.43;0.33;281.66;3.16;1017;21;1697.00;3
3963;17;5317934;3963;419;4979;4982;5.44;0.33;281.58;3.16;1016;21;1698.00;3
3963;17;5317945;3963;411;4979;4982;5.49;0.33;281.58;3.16;1016;21;1699.00;3
3965;17;5317956;3965;411;4985;4988;5.57;0.34;281.64;3.15;1020;21;1700.00;3
3969;17;5317971;3969;408;4986;4989;5.63;0.34;281.74;3.15;1017;21;1701.00;3
3970;17;5317983;3970;403;4986;4989;5.70;0.35;281.77;3.15;1016;21;1702.00;3
3972;17;5317994;3972;399;4986;4989;5.76;0.35;281.81;3.15;1014;21;1703.00;3
3973;17;5318005;3973;393;4990;4993;5.81;0.35;281.86;3.15;1017;21;1704.00;3
3976;17;5318017;3976;396;4990;4993;5.82;0.35;282.06;3.15;1014;21;1705.00;3
3979;17;5318029;3979;382;4990;4993;5.80;0.35;282.16;3.15;1011;21;1706.00;3
3981;17;5318041;3981;375;4991;4994;5.86;0.36;282.33;3.15;1010;21;1707.00;3
3984;17;5318052;3984;369;4995;4998;5.80;0.35;282.37;3.15;1011;21;1708.00;3
3985;17;5318064;3985;359;4995;4998;5.83;0.35;282.41;3.15;1010;21;1709.00;3
3988;17;5318077;3988;361;4999;5004;5.89;0.36;282.49;3.15;1011;21;1710.00;5
3988;17;5318089;3988;355;4999;5004;5.93;0.36;282.49;3.15;1011;21;1711.00;5
3993;17;5318100;3993;356;5001;5004;6.03;0.37;282.69;3.15;1008;21;1712.00;3
3995;17;5318112;3995;361;5001;5004;6.07;0.37;282.78;3.15;1006;21;1713.00;3
3996;17;5318124;3996;361;5006;5008;6.13;0.37;282.88;3.16;1010;21;1714.00;2
3997;17;5318136;3997;361;5006;5008;6.16;0.38;282.92;3.16;1009;21;1715.00;2
3999;17;5318147;3999;362;5006;5008;6.19;0.38;282.91;3.16;1007;21;1716.00;2
4001;17;5318158;4001;359;5006;5008;6.18;0.38;283.00;3.16;1005;21;1717.00;2
4004;17;5318170;4004;353;5007;5009;6.20;0.38;283.20;3.15;1003;21;1718.00;2
4006;17;5318181;4006;353;5008;5010;6.26;0.38;283.15;3.15;1002;21;1719.00;2
4008;17;5318192;4008;354;5008;5010;6.24;0.38;283.24;3.15;1000;21;1720.00;2
4012;17;5318204;4012;348;5009;5011;6.30;0.38;283.38;3.15;997;21;1721.00;2
4013;17;5318215;4013;340;5009;5011;6.39;0.39;283.41;3.15;996;21;1722.00;2
4015;17;5318226;4015;338;5009;5011;6.45;0.39;283.50;3.15;994;21;1723.00;2
4018;17;5318236;4018;338;5009;5011;6.47;0.39;283.58;3.15;991;21;1724.00;2
4020;17;5318247;4020;335;5009;5011;6.52;0.40;283.69;3.15;989;21;1725.00;2
4022;17;5318258;4022;334;5009;5011;6.57;0.40;283.86;3.15;987;21;1726.00;2
4024;17;5318269;4024;334;5009;5011;6.61;0.40;283.95;3.15;985;21;1727.00;2
4026;17;5318280;4026;359;5088;5138;6.78;0.42;284.05;3.11;1062;21;1728.00;50
4030;17;5318300;4030;349;5091;5139;6.85;0.42;284.40;3.10;1061;21;1729.00;48
4033;17;5318311;4033;341;5098;5139;6.96;0.43;284.56;3.10;1065;21;1730.00;41
4033;17;5318323;4033;333;5102;5139;7.02;0.43;284.56;3.11;1069;21;1731.00;37
4036;17;5318339;4036;338;5107;5139;7.06;0.44;284.64;3.11;1071;21;1732.00;32
4038;17;5318350;4038;334;5109;5139;7.05;0.43;284.61;3.11;1071;21;1733.00;30
4041;17;5318361;4041;344;5112;5139;7.00;0.43;284.75;3.12;1071;21;1734.00;27
4042;17;5318383;4042;356;5114;5139;6.99;0.43;284.77;3.12;1072;21;1735.00;25
4045;17;5318400;4045;360;5116;5140;6.97;0.43;284.86;3.12;1071;21;1736.00;24
4050;17;5318412;4050;361;5121;5141;6.96;0.42;284.97;3.12;1071;21;1737.00;20
4052;17;5318425;4052;368;5122;5141;6.98;0.43;284.97;3.13;1070;21;1738.00;19
4053;17;5318436;4053;376;5126;5142;6.96;0.42;284.94;3.13;1073;21;1739.00;16
4055;17;5318449;4055;373;5127;5142;6.92;0.42;285.02;3.13;1072;21;1740.00;15
4058;17;5318461;4058;368;5129;5142;6.91;0.42;285.14;3.14;1071;21;1741.00;13
4059;17;5318473;4059;364;5131;5142;6.92;0.42;285.20;3.14;1072;21;1742.00;11
4061;17;5318485;4061;360;5134;5146;6.90;0.42;285.27;3.14;1073;21;1743.00;12
4064;17;5318496;4064;352;5137;5146;6.90;0.42;285.27;3.14;1073;21;1744.00;9
4065;17;5318508;4065;353;5138;5146;6.90;0.42;285.32;3.14;1073;21;1745.00;8
4068;17;5318519;4068;346;5139;5149;6.95;0.43;285.59;3.14;1071;21;1746.00;10
4073;17;5318531;4073;337;5141;5149;6.87;0.42;285.87;3.16;1068;21;1747.00;8
4078;17;5318543;4078;336;5142;5149;6.94;0.42;286.04;3.16;1064;21;1748.00;7
4081;17;5318554;4081;331;5146;5153;6.95;0.43;285.99;3.17;1065;21;1749.00;7
4086;17;5318566;4086;335;5147;5154;6.93;0.42;286.23;3.16;1061;21;1750.00;7
4088;17;5318579;4088;322;5149;5154;6.96;0.43;286.35;3.17;1061;21;1751.00;5
4091;17;5318590;4091;313;5153;5158;6.98;0.43;286.60;3.17;1062;21;1752.00;5
4097;17;5318602;4097;311;5153;5158;6.96;0.42;286.81;3.17;1056;21;1753.00;5
4098;17;5318614;4098;305;5154;5158;7.01;0.43;286.82;3.17;1056;21;1754.00;4
4103;17;5318625;4103;305;5158;5160;7.02;0.43;286.88;3.17;1055;21;1755.00;2
4106;17;5318637;4106;298;5158;5160;7.04;0.43;286.95;3.17;1052;21;1756.00;2
4110;17;5318649;4110;294;5163;5166;7.07;0.43;286.97;3.17;1053;21;1757.00;3
4116;17;5318661;4116;299;5163;5166;7.01;0.43;287.22;3.17;1047;21;1758.00;3
4119;17;5318673;4119;296;5163;5167;7.01;0.43;287.20;3.17;1044;21;1759.00;4
4122;17;5318686;4122;293;5163;5167;7.04;0.43;287.53;3.17;1041;21;1760.00;4
4125;17;5318698;4125;297;5163;5167;7.04;0.43;287.59;3.17;1038;21;1761.00;4
4129;17;5318709;4129;295;5163;5167;7.04;0.43;287.65;3.17;1034;21;1762.00;4
4136;17;5318720;4136;290;5163;5167;7.02;0.43;287.70;3.17;1027;21;1763.00;4
4138;17;5318738;4138;294;5173;5179;7.10;0.43;287.76;3.16;1035;21;1764.00;6
4139;17;5318755;4139;299;5174;5179;7.12;0.43;287.72;3.16;1035;21;1765.00;5
4142;17;5318767;4142;301;5174;5179;7.10;0.43;287.88;3.16;1032;21;1766.00;5
4142;17;5318778;4142;304;5174;5179;7.12;0.43;287.88;3.16;1032;21;1767.00;5
4144;17;5318794;4144;307;5174;5179;7.07;0.43;287.91;3.16;1030;21;1768.00;5
4146;17;5318807;4146;313;5174;5179;7.04;0.43;287.94;3.16;1028;21;1769.00;5
4147;17;5318825;4147;310;5177;5183;6.95;0.42;287.93;3.16;1030;21;1770.00;6
4149;17;5318844;4149;314;5177;5183;6.90;0.42;288.12;3.16;1028;21;1771.00;6
4150;17;5318859;4150;313;5181;5187;6.90;0.42;288.22;3.16;1031;21;1772.00;6
4151;17;5318872;4151;313;5181;5188;6.91;0.42;288.23;3.16;1030;21;1773.00;7
4152;17;5318884;4152;317;5182;5188;6.89;0.42;288.26;3.16;1030;21;1774.00;6
4155;17;5318900;4155;310;5182;5188;6.88;0.42;288.28;3.16;1027;21;1775.00;6
4159;17;5318918;4159;311;5193;5201;6.92;0.42;288.28;3.15;1034;21;1776.00;8
4160;17;5318934;4160;307;5193;5201;6.93;0.42;288.27;3.15;1033;21;1777.00;8
4162;17;5318946;4162;312;5193;5201;6.94;0.42;288.33;3.15;1031;21;1778.00;8
4163;17;5318957;4163;314;5195;5202;6.97;0.42;288.31;3.15;1032;21;1779.00;7
4166;17;5318968;4166;315;5196;5203;6.95;0.42;288.57;3.16;1030;21;1780.00;7
4169;17;5318980;4169;321;5196;5203;6.93;0.42;288.73;3.16;1027;21;1781.00;7
4173;17;5318992;4173;324;5198;5206;6.91;0.42;288.85;3.16;1025;21;1782.00;8
4178;17;5319004;4178;331;5199;5206;6.88;0.42;289.07;3.16;1021;21;1783.00;7
4178;17;5319015;4178;338;5200;5206;6.87;0.42;289.07;3.16;1022;21;1784.00;6
4183;17;5319026;4183;347;5201;5206;6.80;0.41;289.13;3.16;1018;21;1785.00;5
4184;17;5319038;4184;350;5208;5212;6.80;0.41;289.16;3.16;1024;21;1786.00;4
4185;17;5319050;4185;357;5208;5212;6.73;0.41;289.30;3.16;1023;21;1787.00;4
4187;17;5319060;4187;362;5208;5212;6.63;0.40;289.41;3.16;1021;21;1788.00;4
4190;17;5319072;4190;366;5209;5212;6.50;0.40;289.44;3.16;1019;21;1789.00;3
4192;17;5319082;4192;380;5212;5216;6.42;0.39;289.44;3.16;1020;21;1790.00;4
4193;17;5319093;4193;388;5215;5217;6.36;0.39;289.49;3.16;1022;21;1791.00;2
4195;17;5319103;4195;390;5215;5217;6.28;0.38;289.61;3.16;1020;21;1792.00;2
4199;17;5319114;4199;396;5216;5218;6.20;0.38;289.73;3.16;1017;21;1793.00;2
4202;17;5319124;4202;401;5216;5218;6.15;0.38;289.63;3.16;1014;21;1794.00;2
4205;17;5319134;4205;401;5216;5218;6.07;0.37;289.79;3.16;1011;21;1795.00;2
4208;17;5319145;4208;409;5216;5218;5.97;0.37;289.79;3.16;1008;21;1796.00;2
4210;17;5319155;4210;411;5216;5218;5.96;0.36;289.76;3.16;1006;21;1797.00;2
4210;17;5319164;4210;409;5216;5218;5.87;0.36;289.76;3.16;1006;21;1798.00;2
4214;17;5319174;4214;401;5216;5218;5.84;0.36;289.67;3.16;1002;21;1799.00;2
4216;17;5319186;4216;411;5278;5356;6.15;0.38;289.58;3.13;1062;21;1800.00;78
4218;17;5319211;4218;407;5283;5357;6.19;0.38;289.55;3.12;1065;21;1801.00;74
4219;17;5319222;4219;403;5300;5357;6.28;0.39;289.56;3.12;1081;21;1802.00;57
4221;17;5319233;4221;400;5304;5357;6.28;0.39;289.55;3.12;1083;21;1803.00;53
4224;17;5319244;4224;398;5312;5357;6.27;0.39;289.53;3.12;1088;21;1804.00;45
4225;17;5319255;4225;394;5314;5357;6.24;0.39;289.49;3.12;1089;21;1805.00;43
4227;17;5319265;4227;395;5320;5357;6.20;0.38;289.53;3.12;1093;21;1806.00;37
4229;17;5319275;4229;396;5327;5357;6.15;0.38;289.62;3.13;1098;21;1807.00;30
4232;17;5319286;4232;400;5332;5358;6.09;0.38;289.47;3.13;1100;21;1808.00;26
4234;17;5319298;4234;411;5333;5359;6.08;0.38;289.44;3.14;1099;21;1809.00;26
4238;18;5319311;4238;410;5338;5359;5.96;0.37;289.23;3.14;1100;22;1810.00;21
4243;18;5319350;4243;412;5343;5363;5.78;0.36;289.16;3.14;1100;22;1811.00;20
4249;18;5319362;4249;416;5343;5363;5.56;0.34;289.18;3.14;1094;22;1812.00;20
4251;18;5319373;4251;414;5343;5363;5.40;0.33;289.16;3.14;1092;22;1813.00;20
4255;18;5319384;4255;428;5344;5363;5.21;0.32;289.12;3.14;1089;22;1814.00;19
4258;18;5319397;4258;415;5349;5369;5.10;0.31;289.03;3.14;1091;22;1815.00;20
4261;18;5319412;4261;420;5351;5369;5.04;0.31;289.04;3.14;1090;22;1816.00;18
4262;18;5319422;4262;418;5351;5369;5.01;0.31;289.05;3.14;1089;22;1817.00;18
4266;18;5319434;4266;425;5353;5372;4.98;0.31;289.05;3.14;1087;22;1818.00;19
4270;18;5319445;4270;425;5353;5372;4.90;0.30;289.15;3.14;1083;22;1819.00;19
4271;18;5319455;4271;433;5353;5372;4.91;0.30;289.11;3.14;1082;22;1820.00;19
4273;18;5319467;4273;444;5354;5373;4.89;0.30;289.12;3.14;1081;22;1821.00;19
4275;18;5319477;4275;439;5356;5374;4.90;0.30;289.07;3.14;1081;22;1822.00;18
4279;18;5319488;4279;445;5357;5374;4.90;0.30;289.15;3.15;1078;22;1823.00;17
4282;18;5319499;4282;443;5369;5387;4.88;0.30;289.30;3.14;1087;22;1824.00;18
4283;18;5319511;4283;438;5369;5387;4.88;0.30;289.23;3.14;1086;22;1825.00;18
4287;18;5319522;4287;436;5369;5387;4.87;0.30;289.14;3.14;1082;22;1826.00;18
4290;18;5319533;4290;439;5370;5388;4.86;0.30;289.15;3.14;1080;22;1827.00;18
4294;18;5319543;4294;446;5370;5388;4.86;0.30;289.22;3.14;1076;22;1828.00;18
4297;18;5319554;4297;445;5374;5392;4.87;0.30;289.19;3.14;1077;22;1829.00;18
4303;18;5319566;4303;450;5374;5392;4.83;0.30;289.10;3.14;1071;22;1830.00;18
4305;18;5319578;4305;446;5378;5396;4.89;0.30;289.12;3.14;1073;22;1831.00;18
4307;18;5319589;4307;436;5378;5396;4.92;0.30;289.13;3.14;1071;22;1832.00;18
4309;18;5319599;4309;433;5378;5396;4.92;0.30;289.09;3.14;1069;22;1833.00;18
4315;18;5319610;4315;435;5379;5396;4.93;0.30;289.03;3.14;1064;22;1834.00;17
4317;18;5319621;4317;431;5379;5396;4.96;0.31;289.01;3.14;1062;22;1835.00;17
4321;18;5319631;4321;432;5390;5408;5.02;0.31;288.96;3.13;1069;22;1836.00;18
4322;18;5319643;4322;427;5391;5408;5.09;0.31;289.01;3.13;1069;22;1837.00;17
4327;18;5319660;4327;431;5391;5408;5.13;0.32;289.01;3.13;1064;22;1838.00;17
4331;18;5319671;4331;430;5392;5408;5.19;0.32;289.02;3.13;1061;22;1839.00;16
4331;18;5319682;4331;426;5392;5408;5.28;0.33;289.02;3.13;1061;22;1840.00;16
4335;18;5319694;4335;421;5392;5408;5.29;0.33;289.04;3.13;1057;22;1841.00;16
4338;18;5319706;4338;426;5393;5409;5.34;0.33;289.10;3.13;1055;22;1842.00;16
4340;18;5319717;4340;416;5393;5409;5.45;0.33;289.03;3.13;1053;22;1843.00;16
4344;18;5319729;4344;419;5399;5415;5.50;0.34;289.07;3.13;1055;22;1844.00;16
4348;18;5319742;4348;420;5401;5417;5.57;0.34;289.28;3.13;1053;22;1845.00;16
4350;18;5319762;4350;419;5401;5417;5.63;0.34;289.22;3.13;1051;22;1846.00;16
4356;18;5319775;4356;417;5401;5417;5.65;0.35;289.35;3.13;1045;22;1847.00;16
4357;18;5319787;4357;421;5405;5421;5.71;0.35;289.36;3.13;1048;22;1848.00;16
4360;18;5319799;4360;424;5405;5421;5.77;0.35;289.37;3.13;1045;22;1849.00;16
4364;18;5319811;4364;428;5405;5421;5.84;0.36;289.33;3.13;1041;22;1850.00;16
4367;18;5319822;4367;423;5406;5422;5.87;0.36;289.36;3.13;1039;22;1851.00;16
4370;18;5319834;4370;424;5410;5426;5.96;0.36;289.46;3.12;1040;22;1852.00;16
4374;18;5319847;4374;426;5410;5426;5.97;0.37;289.48;3.12;1036;22;1853.00;16
4381;18;5319859;4381;427;5412;5429;5.97;0.36;289.37;3.12;1031;22;1854.00;17
4384;18;5319872;4384;426;5412;5429;6.00;0.37;289.46;3.12;1028;22;1855.00;17
4389;18;5319884;4389;423;5413;5429;5.96;0.36;289.36;3.12;1024;22;1856.00;16
4390;18;5319896;4390;423;5413;5429;5.93;0.36;289.33;3.12;1023;22;1857.00;16
4397;18;5319908;4397;425;5417;5433;5.87;0.36;289.30;3.12;1020;22;1858.00;16
4398;18;5319919;4398;420;5417;5433;5.83;0.36;289.34;3.12;1019;22;1859.00;16
4405;18;5319932;4405;422;5417;5433;5.78;0.35;289.35;3.12;1012;22;1860.00;16
4408;18;5319945;4408;428;5417;5433;5.76;0.35;289.38;3.12;1009;22;1861.00;16
4409;18;5319956;4409;421;5418;5434;5.72;0.35;289.41;3.12;1009;22;1862.00;16
4414;18;5319968;4414;412;5419;5435;5.72;0.35;289.57;3.12;1005;22;1863.00;16
4417;18;5319980;4417;406;5419;5435;5.74;0.35;289.50;3.12;1002;22;1864.00;16
4419;18;5319991;4419;397;5420;5436;5.80;0.35;289.52;3.12;1001;22;1865.00;16
4421;18;5320004;4421;398;5421;5436;5.84;0.36;289.59;3.15;1000;22;1866.00;15
4426;18;5320016;4426;393;5421;5436;5.86;0.36;289.86;3.15;995;22;1867.00;15
4427;18;5320027;4427;388;5421;5436;5.89;0.36;289.84;3.15;994;22;1868.00;15
4428;18;5320039;4428;387;5421;5436;5.97;0.36;289.97;3.15;993;22;1869.00;15
4433;18;5320050;4433;391;5421;5436;5.97;0.36;290.05;3.15;988;22;1870.00;15
4434;18;5320063;4434;381;5421;5436;6.01;0.37;290.08;3.15;987;22;1871.00;15
4435;18;5320075;4435;393;5500;5563;6.34;0.39;290.06;3.10;1065;22;1872.00;63
4436;18;5320099;4436;381;5503;5564;6.36;0.39;290.08;3.10;1067;22;1873.00;61
4441;18;5320112;4441;360;5510;5564;6.46;0.40;290.36;3.10;1069;22;1874.00;54
4442;18;5320125;4442;362;5513;5564;6.53;0.40;290.37;3.10;1071;22;1875.00;51
4445;18;5320138;4445;353;5518;5564;6.55;0.40;290.54;3.13;1073;22;1876.00;46
4446;18;5320153;4446;353;5519;5564;6.56;0.40;290.65;3.13;1073;22;1877.00;45
4446;18;5320169;4446;346;5522;5564;6.57;0.40;290.65;3.13;1076;22;1878.00;42
4448;18;5320189;4448;360;5525;5564;6.56;0.40;290.91;3.13;1077;22;1879.00;39
4451;18;5320201;4451;359;5528;5565;6.50;0.40;291.07;3.13;1077;22;1880.00;37
4452;18;5320214;4452;367;5532;5566;6.49;0.40;291.18;3.14;1080;22;1881.00;34
4456;18;5320227;4456;368;5537;5568;6.37;0.39;291.30;3.15;1081;22;1882.00;31
4457;18;5320240;4457;364;5540;5569;6.30;0.39;291.33;3.15;1083;22;1883.00;29
4459;18;5320253;4459;372;5541;5569;6.29;0.39;291.47;3.16;1082;22;1884.00;28
4463;18;5320265;4463;375;5543;5569;6.25;0.39;291.79;3.16;1080;22;1885.00;26
4467;18;5320278;4467;375;5547;5569;6.25;0.38;291.94;3.17;1080;22;1886.00;22
4469;18;5320291;4469;373;5550;5573;6.27;0.39;292.01;3.17;1081;22;1887.00;23
4472;18;5320305;4472;378;5552;5573;6.27;0.39;291.95;3.17;1080;22;1888.00;21
4472;18;5320317;4472;377;5555;5573;6.29;0.39;291.95;3.19;1083;22;1889.00;18
4477;18;5320332;4477;380;5558;5579;6.29;0.39;292.03;3.19;1081;22;1890.00;21
4479;18;5320346;4479;381;5560;5579;6.34;0.39;292.07;3.19;1081;23;1891.00;19
4482;18;5320369;4482;385;5561;5579;6.38;0.39;292.19;3.19;1079;23;1892.00;18
4486;18;5320384;4486;392;5565;5583;6.37;0.39;292.42;3.19;1079;23;1893.00;18
4487;18;5320397;4487;386;5567;5584;6.35;0.39;292.39;3.19;1080;23;1894.00;17
4489;18;5320416;4489;394;5567;5584;6.38;0.39;292.40;3.19;1078;23;1895.00;17
4492;18;5320428;4492;395;5571;5588;6.40;0.39;292.43;3.19;1079;23;1896.00;17
4494;18;5320441;4494;396;5572;5588;6.38;0.39;292.45;3.19;1078;23;1897.00;16
4497;18;5320453;4497;395;5573;5588;6.34;0.39;292.48;3.21;1076;23;1898.00;15
4498;18;5320465;4498;400;5574;5589;6.30;0.38;292.42;3.21;1076;23;1899.00;15
4503;18;5320478;4503;405;5574;5589;6.24;0.38;292.48;3.21;1071;23;1900.00;15
4503;18;5320499;4503;407;5579;5595;6.22;0.38;292.48;3.21;1076;23;1901.00;16
4503;18;5320512;4503;412;5579;5595;6.21;0.38;292.48;3.21;1076;23;1902.00;16
4506;18;5320525;4506;412;5579;5596;6.18;0.38;292.42;3.21;1073;23;1903.00;17
4508;18;5320537;4508;420;5579;5596;6.16;0.37;292.42;3.21;1071;23;1904.00;17
4510;18;5320549;4510;409;5579;5596;6.14;0.37;292.40;3.21;1069;23;1905.00;17
4513;18;5320561;4513;407;5579;5596;6.04;0.37;292.45;3.21;1066;23;1906.00;17
4516;18;5320574;4516;402;5579;5596;5.96;0.36;292.48;3.21;1063;23;1907.00;17
4520;18;5320586;4520;394;5590;5608;5.95;0.36;292.47;3.22;1070;23;1908.00;18
4520;18;5320599;4520;388;5591;5608;5.97;0.36;292.47;3.22;1071;23;1909.00;17
4522;18;5320611;4522;381;5591;5608;5.91;0.36;292.57;3.22;1069;23;1910.00;17
4523;18;5320623;4523;379;5591;5608;5.95;0.36;292.59;3.22;1068;23;1911.00;17
4524;18;5320634;4524;377;5591;5608;5.97;0.36;292.68;3.22;1067;23;1912.00;17
4526;18;5320646;4526;364;5591;5608;5.97;0.36;292.67;3.22;1065;23;1913.00;17
4529;18;5320657;4529;358;5594;5612;5.97;0.36;292.92;3.22;1065;23;1914.00;18
4531;18;5320669;4531;351;5594;5612;5.96;0.36;293.02;3.22;1063;23;1915.00;18
4534;18;5320681;4534;346;5598;5616;5.94;0.36;293.01;3.22;1064;23;1916.00;18
4536;18;5320693;4536;337;5599;5617;5.94;0.36;293.10;3.22;1063;23;1917.00;18
4540;18;5320704;4540;339;5599;5617;5.90;0.36;293.19;3.22;1059;23;1918.00;18
4541;18;5320715;4541;338;5600;5617;5.88;0.36;293.19;3.22;1059;23;1919.00;17
4545;18;5320727;4545;346;5621;5646;5.87;0.36;293.42;3.21;1076;23;1920.00;25
4551;18;5320741;4551;342;5623;5646;5.82;0.35;293.60;3.21;1072;23;1921.00;23
4554;18;5320753;4554;339;5625;5646;5.84;0.35;293.74;3.23;1071;23;1922.00;21
4557;18;5320764;4557;350;5626;5647;5.85;0.36;293.80;3.23;1069;23;1923.00;21
4559;18;5320775;4559;356;5628;5648;5.87;0.36;293.94;3.24;1069;23;1924.00;20
4561;18;5320787;4561;357;5628;5648;5.88;0.36;293.94;3.24;1067;23;1925.00;20
4563;18;5320798;4563;356;5631;5651;5.93;0.36;294.01;3.24;1068;23;1926.00;20
4568;18;5320810;4568;354;5632;5651;5.99;0.36;294.12;3.24;1064;23;1927.00;19
4570;18;5320822;4570;348;5632;5651;5.96;0.36;294.05;3.24;1062;23;1928.00;19
4573;18;5320835;4573;349;5632;5651;6.02;0.36;294.24;3.24;1059;23;1929.00;19
4576;18;5320847;4576;354;5638;5657;6.02;0.36;294.33;3.26;1062;23;1930.00;19
4577;18;5320860;4577;353;5638;5657;5.99;0.36;294.31;3.26;1061;23;1931.00;19
4579;18;5320880;4579;354;5638;5657;5.98;0.36;294.30;3.26;1059;23;1932.00;19
4582;18;5320899;4582;347;5638;5657;5.97;0.36;294.27;3.26;1056;23;1933.00;19
4583;18;5320913;4583;360;5641;5661;5.93;0.36;294.34;3.26;1058;23;1934.00;20
4584;18;5320925;4584;350;5643;5663;5.91;0.36;294.34;3.25;1059;23;1935.00;20
4586;18;5320939;4586;347;5643;5663;5.94;0.36;294.40;3.25;1057;23;1936.00;20
4586;18;5320952;4586;346;5644;5664;5.99;0.36;294.40;3.25;1058;23;1937.00;20
4586;18;5320963;4586;348;5644;5664;6.03;0.37;294.40;3.25;1058;23;1938.00;20
4586;18;5320975;4586;351;5644;5664;6.05;0.37;294.40;3.25;1058;23;1939.00;20
4587;18;5320986;4587;355;5645;5664;6.06;0.37;294.45;3.26;1058;23;1940.00;19
4591;18;5320998;4591;359;5645;5664;6.05;0.37;294.51;3.26;1054;23;1941.00;19
4593;18;5321009;4593;362;5645;5664;6.05;0.37;294.50;3.26;1052;23;1942.00;19
4595;18;5321022;4595;368;5645;5664;6.02;0.37;294.49;3.26;1050;23;1943.00;19
4595;18;5321035;4595;374;5683;5734;6.26;0.38;294.49;3.25;1088;23;1944.00;51
4596;18;5321052;4596;376;5685;5735;6.19;0.38;294.44;3.24;1089;23;1945.00;50
4600;19;5321064;4600;375;5693;5735;6.17;0.38;294.32;3.24;1093;24;1946.00;42
4601;19;5321096;4601;376;5695;5735;6.09;0.37;294.33;3.24;1094;24;1947.00;40
4603;19;5321107;4603;375;5698;5735;6.06;0.37;294.27;3.24;1095;24;1948.00;37
4605;19;5321138;4605;377;5700;5735;5.93;0.36;294.17;3.25;1095;24;1949.00;35
4606;19;5321151;4606;386;5704;5737;5.85;0.36;294.23;3.25;1098;24;1950.00;33
4606;19;5321166;4606;397;5708;5737;5.84;0.36;294.23;3.26;1102;24;1951.00;29
4607;19;5321182;4607;399;5711;5738;5.80;0.35;294.18;3.26;1104;24;1952.00;27
4610;19;5321196;4610;407;5714;5739;5.70;0.35;294.07;3.27;1104;24;1953.00;25
4614;19;5321209;4614;412;5716;5739;5.62;0.34;293.99;3.27;1102;24;1954.00;23
4615;19;5321222;4615;429;5720;5743;5.61;0.34;293.99;3.27;1105;24;1955.00;23
4616;19;5321235;4616;429;5724;5743;5.53;0.34;293.93;3.28;1108;24;1956.00;19
4617;19;5321247;4617;435;5725;5743;5.47;0.33;293.89;3.28;1108;24;1957.00;18
4618;19;5321258;4618;444;5725;5743;5.43;0.33;293.86;3.28;1107;24;1958.00;18
4620;19;5321275;4620;449;5730;5749;5.44;0.33;293.79;3.28;1110;24;1959.00;19
4622;19;5321287;4622;455;5732;5749;5.36;0.33;293.76;3.28;1110;24;1960.00;17
4623;19;5321299;4623;462;5732;5749;5.29;0.32;293.71;3.28;1109;24;1961.00;17
4623;19;5321310;4623;472;5737;5752;5.25;0.32;293.71;3.29;1114;24;1962.00;15
4624;19;5321322;4624;478;5737;5752;5.22;0.32;293.81;3.29;1113;24;1963.00;15
4626;19;5321333;4626;476;5737;5752;5.14;0.31;293.72;3.29;1111;24;1964.00;15
4627;19;5321344;4627;474;5739;5753;5.09;0.31;293.69;3.29;1112;24;1965.00;14
4629;19;5321357;4629;478;5740;5754;5.04;0.31;293.67;3.29;1111;24;1966.00;14
4634;19;5321369;4634;477;5741;5754;4.96;0.30;293.52;3.29;1107;24;1967.00;13
4637;19;5321382;4637;482;5752;5767;4.95;0.30;293.42;3.28;1115;24;1968.00;15
4639;19;5321395;4639;479;5752;5767;4.91;0.30;293.34;3.28;1113;24;1969.00;15
4640;19;5321406;4640;481;5754;5767;4.88;0.30;293.29;3.28;1114;24;1970.00;13
4642;19;5321416;4642;492;5755;5768;4.85;0.29;293.22;3.28;1113;24;1971.00;13
4642;19;5321426;4642;493;5755;5768;4.83;0.29;293.22;3.28;1113;24;1972.00;13
4644;19;5321436;4644;497;5759;5772;4.81;0.29;293.15;3.28;1115;24;1973.00;13
4644;19;5321446;4644;494;5759;5772;4.76;0.29;293.15;3.28;1115;24;1974.00;13
4647;19;5321456;4647;500;5763;5776;4.66;0.28;293.02;3.28;1116;24;1975.00;13
4649;19;5321466;4649;504;5763;5776;4.56;0.28;293.05;3.28;1114;24;1976.00;13
4651;19;5321476;4651;508;5763;5776;4.41;0.27;293.11;3.28;1112;24;1977.00;13
4651;19;5321485;4651;506;5763;5776;4.30;0.26;293.11;3.28;1112;24;1978.00;13
4655;19;5321494;4655;498;5763;5776;4.18;0.25;293.06;3.28;1108;24;1979.00;13
4658;19;5321506;4658;490;5789;5810;4.32;0.26;293.08;3.26;1131;24;1980.00;21
4658;19;5321519;4658;478;5789;5810;4.34;0.27;293.08;3.26;1131;24;1981.00;21
4660;19;5321529;4660;468;5792;5810;4.34;0.27;293.17;3.26;1132;24;1982.00;18
4662;19;5321539;4662;458;5792;5810;4.36;0.27;293.21;3.26;1130;24;1983.00;18
4664;19;5321549;4664;450;5793;5810;4.36;0.27;293.24;3.26;1129;24;1984.00;17
4667;19;5321569;4667;445;5793;5810;4.41;0.27;293.24;3.26;1126;24;1985.00;17
4670;19;5321580;4670;441;5794;5811;4.44;0.27;293.18;3.26;1124;24;1986.00;17
4671;19;5321591;4671;441;5794;5811;4.47;0.27;293.17;3.26;1123;24;1987.00;17
4674;19;5321612;4674;434;5799;5817;4.58;0.28;293.13;3.26;1125;24;1988.00;18
4674;19;5321623;4674;430;5800;5818;4.68;0.28;293.13;3.26;1126;24;1989.00;18
4677;19;5321634;4677;430;5800;5818;4.72;0.29;293.11;3.26;1123;24;1990.00;18
4678;19;5321645;4678;419;5801;5818;4.76;0.29;293.09;3.29;1123;24;1991.00;17
4678;19;5321657;4678;412;5803;5822;4.83;0.29;293.09;3.29;1125;24;1992.00;19
4680;19;5321668;4680;406;5804;5822;4.88;0.30;293.05;3.29;1124;24;1993.00;18
4683;19;5321683;4683;402;5804;5822;4.97;0.30;293.11;3.29;1121;24;1994.00;18
4686;19;5321698;4686;398;5805;5823;5.05;0.31;293.05;3.29;1119;24;1995.00;18
4688;19;5321709;4688;396;5808;5827;5.13;0.31;293.05;3.29;1120;24;1996.00;19
4689;19;5321721;4689;392;5808;5827;5.21;0.32;293.09;3.29;1119;24;1997.00;19
4693;19;5321732;4693;382;5810;5830;5.26;0.32;293.02;3.29;1117;24;1998.00;20
4697;19;5321743;4697;380;5810;5830;5.28;0.32;293.09;3.29;1113;24;1999.00;20
4700;19;5321756;4700;382;5811;5830;5.37;0.33;293.16;3.29;1111;24;2000.00;19
4703;19;5321770;4703;384;5811;5830;5.41;0.33;293.30;3.29;1108;24;2001.00;19
4707;19;5321782;4707;382;5815;5834;5.45;0.33;293.45;3.29;1108;24;2002.00;19
4709;19;5321794;4709;381;5815;5834;5.45;0.33;293.43;3.29;1106;24;2003.00;19
4715;19;5321806;4715;381;5815;5834;5.46;0.33;293.35;3.29;1100;24;2004.00;19
4716;19;5321817;4716;374;5815;5834;5.52;0.34;293.38;3.29;1099;24;2005.00;19
4720;19;5321829;4720;375;5815;5835;5.54;0.34;293.37;3.29;1095;24;2006.00;20
4722;19;5321841;4722;369;5816;5836;5.56;0.34;293.49;3.29;1094;24;2007.00;20
4729;19;5321852;4729;371;5817;5836;5.54;0.34;293.52;3.32;1088;24;2008.00;19
4735;19;5321865;4735;371;5818;5837;5.49;0.33;293.81;3.32;1083;24;2009.00;19
4738;19;5321877;4738;371;5818;5837;5.48;0.33;293.92;3.32;1080;24;2010.00;19
4742;19;5321889;4742;372;5818;5837;5.52;0.34;293.97;3.32;1076;24;2011.00;19
4747;19;5321901;4747;378;5818;5837;5.51;0.33;294.16;3.32;1071;24;2012.00;19
4748;19;5321912;4748;385;5818;5837;5.59;0.34;294.17;3.32;1070;24;2013.00;19
4754;19;5321924;4754;381;5818;5837;5.56;0.34;294.27;3.32;1064;24;2014.00;19
4758;19;5321936;4758;385;5818;5837;5.58;0.34;294.30;3.32;1060;24;2015.00;19
4761;19;5321948;4761;409;5894;5964;5.85;0.36;294.33;3.28;1133;24;2016.00;70
4764;19;5321970;4764;407;5899;5965;5.88;0.36;294.49;3.31;1135;24;2017.00;66
4771;19;5321983;4771;403;5903;5965;5.90;0.36;294.72;3.31;1132;24;2018.00;62
4771;19;5321995;4771;395;5905;5965;5.92;0.36;294.72;3.31;1134;24;2019.00;60
4775;19;5322007;4775;400;5908;5965;5.91;0.36;294.71;3.31;1133;24;2020.00;57
4778;19;5322019;4778;396;5908;5965;5.92;0.36;294.77;3.31;1130;24;2021.00;57
4782;19;5322031;4782;403;5911;5965;5.84;0.36;294.77;3.31;1129;24;2022.00;54
4786;19;5322043;4786;410;5913;5965;5.72;0.35;294.97;3.31;1127;24;2023.00;52
4787;19;5322055;4787;420;5913;5966;5.68;0.35;294.99;3.31;1126;24;2024.00;53
4791;19;5322068;4791;425;5918;5968;5.61;0.34;295.14;3.32;1127;24;2025.00;50
4792;19;5322080;4792;435;5918;5968;5.61;0.34;295.18;3.32;1126;24;2026.00;50
4794;19;5322092;4794;435;5920;5969;5.57;0.34;295.31;3.32;1126;24;2027.00;49
4799;19;5322104;4799;425;5920;5969;5.58;0.34;295.58;3.32;1121;24;2028.00;49
4800;19;5322118;4800;429;5922;5969;5.63;0.34;295.66;3.32;1122;24;2029.00;47
4801;19;5322131;4801;431;5923;5969;5.69;0.35;295.76;3.33;1122;24;2030.00;46
4806;19;5322143;4806;431;5928;5973;5.67;0.35;295.88;3.33;1122;24;2031.00;45
4807;19;5322156;4807;437;5928;5973;5.70;0.35;295.89;3.33;1121;24;2032.00;45
4811;19;5322169;4811;434;5931;5973;5.74;0.35;296.01;3.37;1120;24;2033.00;42
4814;19;5322182;4814;432;5932;5976;5.80;0.35;296.12;3.38;1118;24;2034.00;44
4815;19;5322195;4815;432;5933;5976;5.91;0.36;296.17;3.38;1118;24;2035.00;43
4817;19;5322208;4817;425;5934;5976;6.02;0.37;296.27;3.38;1117;24;2036.00;42
4819;19;5322220;4819;413;5938;5980;6.11;0.37;296.22;3.38;1119;24;2037.00;42
4822;19;5322232;4822;414;5938;5981;6.15;0.37;296.33;3.38;1116;24;2038.00;43
4823;19;5322246;4823;410;5940;5981;6.16;0.38;296.27;3.39;1117;24;2039.00;41
4827;19;5322260;4827;408;5943;5986;6.18;0.38;296.30;3.39;1116;24;2040.00;43
4831;19;5322274;4831;417;5946;5986;6.20;0.38;296.39;3.40;1115;24;2041.00;40
4834;19;5322286;4834;413;5946;5986;6.21;0.38;296.43;3.40;1112;24;2042.00;40
4835;19;5322299;4835;415;5949;5987;6.24;0.38;296.46;3.40;1114;24;2043.00;38
4840;19;5322312;4840;417;5949;5987;6.23;0.38;296.57;3.40;1109;24;2044.00;38
4843;19;5322330;4843;424;5954;5993;6.23;0.38;296.67;3.40;1111;24;2045.00;39
4845;19;5322343;4845;431;5955;5993;6.26;0.38;296.80;3.41;1110;24;2046.00;38
4849;19;5322356;4849;425;5956;5994;6.23;0.38;296.95;3.41;1107;24;2047.00;38
4851;19;5322369;4851;421;5956;5994;6.22;0.38;297.01;3.41;1105;24;2048.00;38
4854;19;5322381;4854;418;5958;5994;6.17;0.37;297.11;3.46;1104;24;2049.00;36
4858;19;5322394;4858;420;5959;5994;6.09;0.37;297.22;3.46;1101;24;2050.00;35
4859;19;5322406;4859;420;5960;5994;6.05;0.37;297.25;3.46;1101;24;2051.00;34
4862;19;5322418;4862;419;5967;6006;6.04;0.37;297.38;3.46;1105;24;2052.00;39
4864;19;5322431;4864;421;5968;6006;5.98;0.36;297.47;3.46;1104;24;2053.00;38
4864;19;5322443;4864;416;5969;6006;6.01;0.37;297.47;3.46;1105;24;2054.00;37
4870;19;5322454;4870;418;5970;6006;5.97;0.36;297.64;3.46;1100;24;2055.00;36
4872;19;5322466;4872;424;5971;6006;5.98;0.36;297.70;3.46;1099;24;2056.00;35
4876;19;5322479;4876;424;5973;6006;5.98;0.36;297.63;3.46;1097;24;2057.00;33
4878;19;5322491;4878;425;5976;6010;5.91;0.36;297.66;3.46;1098;24;2058.00;34
4880;19;5322503;4880;428;5977;6010;5.89;0.36;297.63;3.46;1097;24;2059.00;33
4883;19;5322515;4883;428;5981;6014;5.88;0.36;297.60;3.46;1098;24;2060.00;33
4886;19;5322527;4886;429;5982;6015;5.87;0.36;297.58;3.46;1096;24;2061.00;33
4887;19;5322539;4887;429;5982;6015;5.82;0.35;297.56;3.46;1095;24;2062.00;33
4890;19;5322551;4890;428;5982;6015;5.78;0.35;297.67;3.46;1092;24;2063.00;33
4892;19;5322563;4892;430;5992;6028;5.78;0.35;297.71;3.45;1100;24;2064.00;36
4895;19;5322577;4895;432;5994;6028;5.74;0.35;297.74;3.50;1099;24;2065.00;34
4897;19;5322588;4897;444;5994;6028;5.70;0.35;297.81;3.50;1097;24;2066.00;34
4897;19;5322600;4897;442;5995;6029;5.69;0.34;297.81;3.49;1098;24;2067.00;34
4897;19;5322611;4897;444;5995;6030;5.65;0.34;297.81;3.49;1098;24;2068.00;35
4897;19;5322623;4897;442;5995;6030;5.60;0.34;297.81;3.49;1098;24;2069.00;35
4899;19;5322635;4899;433;5999;6036;5.57;0.34;297.80;3.49;1100;24;2070.00;37
4900;19;5322648;4900;429;5999;6036;5.56;0.34;297.79;3.49;1099;24;2071.00;37
4901;19;5322659;4901;418;6001;6036;5.54;0.34;297.80;3.49;1100;24;2072.00;35
4903;19;5322670;4903;419;6001;6036;5.44;0.33;297.96;3.49;1098;24;2073.00;35
4904;19;5322682;4904;420;6006;6042;5.45;0.33;297.99;3.49;1102;24;2074.00;36
4906;19;5322693;4906;423;6006;6042;5.40;0.33;298.05;3.49;1100;24;2075.00;36
4907;19;5322705;4907;417;6006;6042;5.34;0.32;298.09;3.49;1099;24;2076.00;36
4909;19;5322716;4909;417;6006;6042;5.28;0.32;298.15;3.49;1097;24;2077.00;36
4911;19;5322727;4911;414;6009;6046;5.30;0.32;298.17;3.49;1098;24;2078.00;37
4915;19;5322738;4915;413;6011;6047;5.23;0.32;298.21;3.53;1096;24;2079.00;36
4919;19;5322749;4919;410;6011;6047;5.16;0.31;298.27;3.53;1092;24;2080.00;36
4921;19;5322760;4921;411;6012;6048;5.18;0.31;298.40;3.53;1091;24;2081.00;36
4924;19;5322771;4924;414;6012;6048;5.13;0.31;298.49;3.53;1088;24;2082.00;36
4928;19;5322782;4928;413;6012;6048;5.09;0.31;298.63;3.53;1084;24;2083.00;36
4929;19;5322793;4929;409;6012;6048;5.12;0.31;298.59;3.53;1083;24;2084.00;36
4931;19;5322804;4931;411;6014;6048;5.10;0.31;298.54;3.57;1083;24;2085.00;34
4931;19;5322815;4931;413;6014;6048;5.21;0.32;298.54;3.57;1083;24;2086.00;34
4934;19;5322826;4934;415;6014;6048;5.26;0.32;298.71;3.57;1080;24;2087.00;34
4938;19;5322836;4938;427;6046;6118;5.48;0.33;298.69;3.55;1108;24;2088.00;72
4941;19;5322852;4941;429;6049;6119;5.48;0.33;298.62;3.55;1108;24;2089.00;70
4942;19;5322863;4942;426;6056;6119;5.55;0.34;298.61;3.54;1114;24;2090.00;63
4943;19;5322874;4943;427;6059;6119;5.51;0.34;298.62;3.54;1116;24;2091.00;60
4945;19;5322885;4945;430;6062;6119;5.54;0.34;298.54;3.54;1117;24;2092.00;57
4947;19;5322895;4947;432;6067;6119;5.52;0.34;298.55;3.54;1120;24;2093.00;52
4948;19;5322908;4948;432;6070;6119;5.49;0.33;298.51;3.55;1122;24;2094.00;49
4950;19;5322919;4950;440;6073;6119;5.45;0.33;298.45;3.55;1123;24;2095.00;46
4953;19;5322929;4953;441;6076;6120;5.43;0.33;298.48;3.55;1123;24;2096.00;44
4954;19;5322941;4954;438;6078;6121;5.39;0.33;298.42;3.55;1124;24;2097.00;43
4954;19;5322952;4954;443;6080;6121;5.39;0.33;298.42;3.55;1126;24;2098.00;41
4955;19;5322962;4955;444;6084;6125;5.40;0.33;298.41;3.55;1129;24;2099.00;41
4956;19;5322976;4956;446;6089;6140;5.35;0.33;298.37;3.55;1133;24;2100.00;51
4957;19;5322993;4957;438;6089;6140;5.29;0.33;298.31;3.55;1132;24;2101.00;51
4959;19;5323005;4959;444;6089;6140;5.23;0.32;298.25;3.55;1130;24;2102.00;51
4961;19;5323017;4961;441;6093;6146;5.24;0.32;298.24;3.55;1132;24;2103.00;53
4964;19;5323029;4964;447;6093;6146;5.17;0.32;298.15;3.55;1129;24;2104.00;53
4966;19;5323040;4966;446;6094;6146;5.13;0.32;298.06;3.55;1128;24;2105.00;52
4968;19;5323051;4968;451;6097;6149;5.12;0.31;298.01;3.55;1129;24;2106.00;52
4969;19;5323062;4969;457;6097;6149;5.04;0.31;298.01;3.55;1128;24;2107.00;52
4970;19;5323073;4970;457;6098;6149;5.01;0.31;298.13;3.55;1128;24;2108.00;51
4973;19;5323084;4973;458;6098;6150;4.95;0.30;298.18;3.55;1125;24;2109.00;52
4974;19;5323095;4974;464;6099;6151;4.95;0.30;298.22;3.55;1125;24;2110.00;52
4977;19;5323106;4977;467;6101;6151;4.90;0.30;298.26;3.57;1124;24;2111.00;50
4980;20;5323117;4980;473;6112;6164;4.84;0.30;298.16;3.56;1132;25;2112.00;52
4980;20;5323135;4980;476;6113;6164;4.79;0.29;298.16;3.58;1133;25;2113.00;51
4982;20;5323151;4982;478;6113;6164;4.77;0.29;298.12;3.58;1131;25;2114.00;51
4983;20;5323161;4983;478;6115;6166;4.74;0.29;298.11;3.58;1132;25;2115.00;51
4986;20;5323178;4986;492;6118;6166;4.72;0.29;298.05;3.62;1132;25;2116.00;48
4987;20;5323189;4987;493;6121;6170;4.78;0.29;298.04;3.62;1134;25;2117.00;49
4988;20;5323200;4988;504;6122;6170;4.81;0.30;298.01;3.62;1134;25;2118.00;48
4988;20;5323210;4988;504;6126;6174;4.80;0.30;298.01;3.64;1138;25;2119.00;48
4993;20;5323221;4993;516;6126;6174;4.76;0.29;298.00;3.64;1133;25;2120.00;48
4995;20;5323232;4995;524;6127;6174;4.73;0.29;297.92;3.65;1132;25;2121.00;47
4997;20;5323243;4997;522;6128;6174;4.66;0.29;297.89;3.66;1131;25;2122.00;46
4997;20;5323253;4997;524;6128;6174;4.66;0.29;297.89;3.66;1131;25;2123.00;46
4999;20;5323262;4999;532;6140;6186;4.70;0.29;297.83;3.69;1141;25;2124.00;46
5001;20;5323274;5001;526;6140;6186;4.65;0.28;297.82;3.69;1139;25;2125.00;46
5004;20;5323284;5004;516;6143;6186;4.63;0.28;297.71;3.69;1139;25;2126.00;43
5006;20;5323295;5006;515;6147;6186;4.63;0.28;297.77;3.73;1141;25;2127.00;39
5010;20;5323305;5010;504;6147;6186;4.58;0.28;297.81;3.73;1137;25;2128.00;39
5010;20;5323316;5010;500;6150;6186;4.57;0.28;297.81;3.77;1140;25;2129.00;36
5012;20;5323329;5012;495;6150;6187;4.59;0.28;297.79;3.77;1138;25;2130.00;37
5012;20;5323340;5012;484;6150;6187;4.60;0.28;297.79;3.77;1138;25;2131.00;37
5012;21;5323356;5012;484;6157;6193;4.68;0.28;297.79;3.80;1145;26;2132.00;36
5012;21;5323378;5012;484;6158;6194;4.73;0.29;297.79;3.80;1146;26;2133.00;36
5013;21;5323389;5013;482;6158;6194;4.73;0.29;297.77;3.80;1145;26;2134.00;36
5015;21;5323399;5015;476;6160;6194;4.70;0.29;297.70;3.83;1145;26;2135.00;34
5015;21;5323410;5015;484;6163;6198;4.73;0.29;297.70;3.83;1148;26;2136.00;35
5018;21;5323424;5018;486;6163;6198;4.69;0.28;297.69;3.83;1145;26;2137.00;35
5018;21;5323435;5018;487;6163;6198;4.67;0.28;297.69;3.83;1145;26;2138.00;35
5020;22;5323445;5020;493;6166;6199;4.61;0.28;297.68;3.85;1146;27;2139.00;33
5020;22;5323467;5020;497;6170;6203;4.60;0.28;297.68;3.86;1150;27;2140.00;33
5021;22;5323477;5021;499;6171;6203;4.59;0.28;297.63;3.88;1150;27;2141.00;32
5022;22;5323495;5022;499;6173;6206;4.57;0.28;297.66;3.88;1151;27;2142.00;33
5025;22;5323506;5025;503;6175;6206;4.54;0.28;297.87;3.90;1150;27;2143.00;31
5027;22;5323521;5027;510;6176;6206;4.49;0.27;297.89;3.90;1149;27;2144.00;30
5029;22;5323531;5029;493;6176;6206;4.49;0.27;297.83;3.90;1147;27;2145.00;30
5032;22;5323542;5032;481;6182;6210;4.52;0.27;297.95;3.92;1150;27;2146.00;28
5036;22;5323553;5036;470;6182;6210;4.57;0.28;297.99;3.92;1146;27;2147.00;28
5037;22;5323564;5037;461;6184;6210;4.62;0.28;298.00;3.94;1147;27;2148.00;26
5041;22;5323576;5041;456;6184;6210;4.66;0.28;297.99;3.94;1143;27;2149.00;26
5041;22;5323587;5041;463;6184;6211;4.70;0.28;297.99;3.94;1143;27;2150.00;27
5044;22;5323598;5044;461;6187;6212;4.71;0.29;298.05;3.96;1143;27;2151.00;25
5048;22;5323610;5048;450;6187;6212;4.74;0.29;297.97;3.96;1139;27;2152.00;25
5050;22;5323621;5050;447;6188;6213;4.77;0.29;298.09;3.96;1138;27;2153.00;25
5052;22;5323632;5052;442;6188;6213;4.83;0.29;298.13;3.96;1136;27;2154.00;25
5055;22;5323644;5055;436;6188;6213;4.84;0.29;298.14;3.96;1133;27;2155.00;25
5057;22;5323656;5057;434;6188;6213;4.87;0.30;298.15;3.96;1131;27;2156.00;25
5061;22;5323667;5061;436;6188;6213;4.89;0.30;298.38;3.96;1127;27;2157.00;25
5063;22;5323678;5063;433;6188;6213;4.93;0.30;298.42;3.96;1125;27;2158.00;25
5066;22;5323689;5066;432;6188;6213;5.01;0.30;298.50;3.96;1122;27;2159.00;25
5070;22;5323702;5070;443;6287;6443;5.50;0.34;298.44;3.89;1217;27;2160.00;156
5076;22;5323731;5076;435;6296;6444;5.58;0.35;298.54;3.89;1220;27;2161.00;148
5079;22;5323744;5079;439;6309;6444;5.67;0.35;298.76;3.89;1230;27;2162.00;135
5083;22;5323756;5083;431;6316;6444;5.72;0.36;298.89;3.88;1233;27;2163.00;128
5087;22;5323769;5087;433;6326;6444;5.76;0.36;299.05;3.88;1239;27;2164.00;118
5089;22;5323781;5089;436;6332;6444;5.77;0.36;299.07;3.89;1243;27;2165.00;112
5093;22;5323794;5093;435;6337;6444;5.73;0.35;299.31;3.89;1244;27;2166.00;107
5096;22;5323807;5096;432;6342;6444;5.72;0.35;299.49;3.89;1246;27;2167.00;102
5097;22;5323821;5097;440;6347;6445;5.71;0.35;299.53;3.89;1250;27;2168.00;98
5099;22;5323834;5099;438;6348;6446;5.69;0.35;299.70;3.89;1249;27;2169.00;98
5102;22;5323848;5102;442;6355;6446;5.65;0.35;299.85;3.90;1253;27;2170.00;91
5102;22;5323861;5102;452;6356;6447;5.65;0.35;299.85;3.90;1254;27;2171.00;91
5109;22;5323874;5109;454;6359;6447;5.56;0.34;300.19;3.91;1250;27;2172.00;88
5111;22;5323888;5111;465;6361;6447;5.52;0.34;300.33;3.91;1250;27;2173.00;86
5113;22;5323901;5113;467;6362;6447;5.50;0.34;300.34;3.91;1249;27;2174.00;85
5119;22;5323914;5119;474;6366;6451;5.42;0.33;300.82;3.91;1247;27;2175.00;85
5121;22;5323928;5121;468;6366;6451;5.41;0.33;300.95;3.91;1245;27;2176.00;85
5125;22;5323942;5125;469;6367;6451;5.40;0.33;300.89;3.91;1242;27;2177.00;84
5128;22;5323955;5128;470;6368;6454;5.41;0.33;300.93;3.92;1240;27;2178.00;86
5131;22;5323968;5131;468;6368;6454;5.41;0.33;301.15;3.92;1237;27;2179.00;86
5134;22;5323981;5134;470;6369;6454;5.44;0.33;301.24;3.92;1235;27;2180.00;85
5140;22;5323995;5140;479;6373;6458;5.48;0.33;301.42;3.92;1233;27;2181.00;85
5145;22;5324009;5145;483;6375;6459;5.50;0.34;301.55;3.93;1230;27;2182.00;84
5146;22;5324022;5146;475;6377;6459;5.48;0.33;301.55;3.98;1231;27;2183.00;82
5149;22;5324036;5149;484;6377;6463;5.47;0.33;301.76;3.98;1228;27;2184.00;86
5152;22;5324049;5152;479;6379;6463;5.47;0.33;301.84;3.98;1227;27;2185.00;84
5154;22;5324063;5154;480;6379;6463;5.49;0.33;301.94;3.98;1225;27;2186.00;84
5160;22;5324076;5160;478;6379;6464;5.45;0.33;302.36;3.98;1219;27;2187.00;85
5160;22;5324089;5160;478;6380;6464;5.45;0.33;302.36;3.98;1220;27;2188.00;84
5165;22;5324102;5165;486;6384;6470;5.39;0.33;302.62;3.98;1219;27;2189.00;86
5166;22;5324118;5166;492;6384;6470;5.37;0.33;302.75;3.98;1218;27;2190.00;86
5173;22;5324131;5173;491;6385;6471;5.32;0.33;303.01;3.99;1212;28;2191.00;86
5178;22;5324152;5178;485;6385;6471;5.30;0.32;303.31;3.99;1207;29;2192.00;86
5184;22;5324173;5184;475;6386;6471;5.29;0.32;303.45;3.99;1202;29;2193.00;85
5186;22;5324187;5186;480;6387;6471;5.34;0.33;303.51;3.99;1201;29;2194.00;84
5192;22;5324200;5192;482;6388;6471;5.37;0.33;303.71;4.00;1196;29;2195.00;83
5198;22;5324213;5198;486;6396;6483;5.40;0.33;303.86;4.00;1198;29;2196.00;87
5201;22;5324227;5201;488;6397;6483;5.39;0.33;303.86;4.01;1196;29;2197.00;86
5203;22;5324240;5203;489;6400;6483;5.40;0.33;303.98;4.02;1197;29;2198.00;83
5206;22;5324253;5206;485;6404;6483;5.38;0.33;304.12;4.04;1198;29;2199.00;79
5211;22;5324269;5211;478;6406;6483;5.37;0.33;304.18;4.05;1195;29;2200.00;77
5216;22;5324286;5216;466;6408;6483;5.38;0.33;304.34;4.06;1192;29;2201.00;75
5221;22;5324299;5221;469;6412;6487;5.36;0.33;304.42;4.06;1191;29;2202.00;75
5224;22;5324313;5224;461;6413;6487;5.37;0.33;304.63;4.06;1189;29;2203.00;74
5227;22;5324326;5227;464;6416;6491;5.39;0.33;304.71;4.06;1189;29;2204.00;75
5228;22;5324340;5228;466;6421;6493;5.45;0.33;304.69;4.07;1193;29;2205.00;72
5230;22;5324353;5230;476;6421;6493;5.47;0.33;304.73;4.07;1191;29;2206.00;72
5233;22;5324366;5233;479;6424;6493;5.44;0.33;304.71;4.08;1191;29;2207.00;69
5237;22;5324379;5237;479;6431;6506;5.45;0.33;304.96;4.07;1194;29;2208.00;75
5239;22;5324394;5239;486;6432;6506;5.44;0.33;305.01;4.08;1193;29;2209.00;74
5241;22;5324407;5241;493;6435;6508;5.39;0.33;305.14;4.08;1194;29;2210.00;73
5242;22;5324421;5242;501;6436;6509;5.33;0.32;305.16;4.08;1194;29;2211.00;73
5245;22;5324434;5245;501;6436;6510;5.28;0.32;305.31;4.08;1191;29;2212.00;74
5246;22;5324447;5246;495;6438;6510;5.22;0.32;305.36;4.08;1192;29;2213.00;72
5248;22;5324460;5248;500;6440;6513;5.23;0.32;305.38;4.08;1192;29;2214.00;73
5248;22;5324474;5248;489;6442;6513;5.24;0.32;305.38;4.08;1194;29;2215.00;71
5251;22;5324486;5251;486;6443;6513;5.22;0.32;305.27;4.08;1192;29;2216.00;70
5253;22;5324499;5253;483;6443;6513;5.20;0.32;305.44;4.08;1190;29;2217.00;70
5256;22;5324512;5256;475;6449;6519;5.21;0.32;305.51;4.08;1193;29;2218.00;70
5258;22;5324525;5258;475;6449;6519;5.19;0.32;305.48;4.08;1191;29;2219.00;70
5261;22;5324539;5261;477;6449;6519;5.18;0.32;305.55;4.08;1188;29;2220.00;70
5265;22;5324551;5265;483;6449;6519;5.15;0.32;305.60;4.08;1184;29;2221.00;70
5267;22;5324563;5267;487;6452;6523;5.17;0.32;305.56;4.08;1185;29;2222.00;71
5271;22;5324576;5271;492;6453;6524;5.14;0.31;305.67;4.08;1182;29;2223.00;71
5274;22;5324589;5274;487;6453;6524;5.13;0.31;305.72;4.08;1179;29;2224.00;71
5274;22;5324601;5274;491;6454;6525;5.19;0.32;305.72;4.08;1180;29;2225.00;71
5278;22;5324613;5278;497;6454;6525;5.15;0.31;305.88;4.08;1176;29;2226.00;71
5279;22;5324626;5279;500;6455;6525;5.12;0.31;305.94;4.14;1176;29;2227.00;70
5281;22;5324637;5281;504;6455;6525;5.09;0.31;305.89;4.14;1174;29;2228.00;70
5283;22;5324649;5283;505;6456;6525;5.12;0.31;305.99;4.20;1173;29;2229.00;69
5284;22;5324661;5284;513;6456;6525;5.11;0.31;306.01;4.20;1172;29;2230.00;69
5286;22;5324673;5286;513;6456;6525;5.13;0.31;306.07;4.20;1170;29;2231.00;69
5289;22;5324685;5289;525;6487;6595;5.23;0.32;306.16;4.22;1198;29;2232.00;108
5293;22;5324703;5293;521;6488;6596;5.22;0.32;306.32;4.22;1195;29;2233.00;108
5293;22;5324720;5293;525;6493;6596;5.24;0.32;306.32;4.22;1200;29;2234.00;103
5297;22;5324732;5297;522;6497;6596;5.25;0.32;306.36;4.22;1200;29;2235.00;99
5299;22;5324748;5299;514;6501;6596;5.25;0.32;306.40;4.22;1202;29;2236.00;95
5300;22;5324760;5300;512;6502;6596;5.21;0.32;306.41;4.22;1202;29;2237.00;94
5301;22;5324772;5301;513;6505;6596;5.14;0.31;306.45;4.27;1204;29;2238.00;91
5304;22;5324784;5304;526;6507;6596;5.11;0.31;306.55;4.27;1203;29;2239.00;89
5305;22;5324796;5305;520;6510;6597;5.08;0.31;306.53;4.32;1205;29;2240.00;87
5305;22;5324808;5305;524;6513;6598;5.09;0.31;306.53;4.32;1208;29;2241.00;85
5310;22;5324820;5310;511;6515;6598;5.03;0.31;306.52;4.32;1205;29;2242.00;83
5312;22;5324832;5312;513;6521;6602;5.03;0.31;306.57;4.36;1209;29;2243.00;81
5314;22;5324844;5314;505;6521;6602;5.01;0.31;306.57;4.36;1207;29;2244.00;81
5316;22;5324856;5316;508;6524;6602;5.01;0.31;306.54;4.40;1208;29;2245.00;78
5321;22;5324869;5321;501;6524;6602;4.93;0.30;306.47;4.40;1203;29;2246.00;78
5323;22;5324880;5323;499;6528;6608;4.96;0.30;306.52;4.40;1205;29;2247.00;80
5326;22;5324893;5326;508;6529;6608;4.95;0.30;306.54;4.41;1203;29;2248.00;79
5329;22;5324941;5329;502;6529;6608;4.95;0.30;306.60;4.41;1200;29;2249.00;79
5330;22;5324958;5330;504;6535;6614;5.03;0.31;306.56;4.45;1205;29;2250.00;79
5332;22;5324971;5332;503;6536;6614;5.09;0.31;306.51;4.45;1204;29;2251.00;78
5336;22;5324983;5336;507;6537;6614;5.10;0.31;306.46;4.45;1201;29;2252.00;77
5339;22;5324995;5339;501;6537;6615;5.11;0.31;306.47;4.45;1198;29;2253.00;78
5342;22;5325007;5342;498;6538;6616;5.11;0.31;306.49;4.45;1196;29;2254.00;78
5347;22;5325018;5347;496;6538;6616;5.10;0.31;306.52;4.45;1191;29;2255.00;78
5349;22;5325030;5349;499;6546;6629;5.12;0.31;306.55;4.45;1197;29;2256.00;83
5351;22;5325043;5351;499;6546;6629;5.18;0.32;306.59;4.45;1195;29;2257.00;83
5353;22;5325054;5353;499;6548;6629;5.21;0.32;306.50;4.46;1195;29;2258.00;81
5355;22;5325066;5355;503;6549;6630;5.22;0.32;306.47;4.46;1194;29;2259.00;81
5356;22;5325077;5356;503;6549;6630;5.18;0.31;306.42;4.46;1193;29;2260.00;81
5358;22;5325088;5358;503;6555;6634;5.20;0.32;306.42;4.48;1197;29;2261.00;79
5359;22;5325100;5359;509;6555;6634;5.14;0.31;306.42;4.48;1196;29;2262.00;79
5360;22;5325112;5360;509;6558;6638;5.13;0.31;306.44;4.48;1198;29;2263.00;80
5361;22;5325124;5361;508;6561;6638;5.07;0.31;306.52;4.50;1200;29;2264.00;77
5363;22;5325136;5363;512;6561;6638;5.02;0.30;306.49;4.50;1198;29;2265.00;77
5365;22;5325148;5365;510;6562;6638;4.97;0.30;306.45;4.52;1197;29;2266.00;76
5368;22;5325160;5368;509;6564;6638;4.95;0.30;306.34;4.53;1196;29;2267.00;74
5371;22;5325171;5371;511;6575;6650;4.96;0.30;306.29;4.53;1204;29;2268.00;75
5372;23;5325184;5372;512;6578;6650;4.90;0.30;306.37;4.53;1206;30;2269.00;72
5373;23;5325202;5373;515;6579;6650;4.86;0.29;306.32;4.54;1206;30;2270.00;71
5374;23;5325223;5374;518;6579;6650;4.76;0.29;306.32;4.54;1205;30;2271.00;71
5374;23;5325234;5374;516;6580;6650;4.73;0.29;306.32;4.55;1206;30;2272.00;70
5374;23;5325246;5374;512;6580;6650;4.70;0.29;306.32;4.55;1206;30;2273.00;70
5376;23;5325258;5376;503;6581;6651;4.70;0.29;306.41;4.55;1205;30;2274.00;70
5378;23;5325271;5378;505;6583;6651;4.69;0.28;306.37;4.58;1205;30;2275.00;68
5378;23;5325283;5378;499;6588;6657;4.81;0.29;306.37;4.57;1210;30;2276.00;69
5378;23;5325301;5378;499;6589;6658;4.88;0.30;306.37;4.58;1211;30;2277.00;69
5380;23;5325314;5380;496;6592;6658;4.95;0.30;306.34;4.63;1212;30;2278.00;66
5382;23;5325332;5382;489;6592;6658;4.98;0.30;306.27;4.63;1210;30;2279.00;66
5383;23;5325347;5383;490;6595;6663;5.03;0.31;306.27;4.63;1212;30;2280.00;68
5383;23;5325360;5383;494;6596;6663;5.08;0.31;306.27;4.62;1213;30;2281.00;67
5383;23;5325378;5383;492;6596;6663;5.07;0.31;306.27;4.62;1213;30;2282.00;67
5383;23;5325390;5383;497;6597;6664;5.08;0.31;306.27;4.62;1214;30;2283.00;67
5385;23;5325402;5385;497;6605;6668;5.07;0.31;306.20;4.75;1220;30;2284.00;63
5386;23;5325420;5386;494;6605;6668;5.05;0.31;306.18;4.75;1219;30;2285.00;63
5386;23;5325433;5386;493;6608;6671;5.07;0.31;306.18;4.77;1222;30;2286.00;63
5388;23;5325445;5388;493;6610;6671;5.13;0.31;306.15;4.79;1222;30;2287.00;61
5388;23;5325457;5388;495;6610;6671;5.13;0.31;306.15;4.79;1222;30;2288.00;61
5389;23;5325469;5389;494;6611;6671;5.09;0.31;306.11;4.81;1222;30;2289.00;60
5390;23;5325487;5390;493;6615;6675;5.17;0.32;306.11;4.81;1225;30;2290.00;60
5390;23;5325499;5390;488;6616;6675;5.16;0.32;306.11;4.83;1226;30;2291.00;59
5392;23;5325511;5392;493;6619;6675;5.18;0.32;306.06;4.89;1227;30;2292.00;56
5396;23;5325523;5396;500;6620;6675;5.18;0.32;305.94;4.91;1224;30;2293.00;55
5398;23;5325535;5398;493;6620;6676;5.15;0.31;305.88;4.91;1222;30;2294.00;56
5401;23;5325548;5401;495;6622;6678;5.14;0.31;305.84;4.91;1221;30;2295.00;56
5403;23;5325560;5403;490;6623;6678;5.12;0.31;305.87;4.93;1220;30;2296.00;55
5404;23;5325572;5404;487;6625;6679;5.05;0.31;305.92;4.95;1221;30;2297.00;54
5406;23;5325590;5406;484;6625;6679;5.01;0.31;305.94;4.95;1219;30;2298.00;54
5407;23;5325602;5407;486;6626;6679;5.00;0.31;305.91;4.97;1219;30;2299.00;53
5409;23;5325615;5409;481;6627;6679;4.93;0.30;305.87;4.99;1218;30;2300.00;52
5415;23;5325630;5415;481;6628;6679;4.88;0.30;305.84;5.01;1213;30;2301.00;51
5416;23;5325642;5416;486;6629;6679;4.86;0.30;305.81;5.03;1213;30;2302.00;50
5417;23;5325654;5417;490;6629;6679;4.80;0.29;305.78;5.03;1212;30;2303.00;50
5418;23;5325665;5418;498;6697;6806;5.03;0.31;305.77;5.00;1279;30;2304.00;109
5420;23;5325690;5420;494;6700;6807;5.01;0.31;305.82;5.01;1280;30;2305.00;107
5421;23;5325702;5421;498;6710;6807;5.05;0.31;305.87;5.03;1289;30;2306.00;97
5425;23;5325714;5425;484;6718;6807;5.00;0.31;305.99;5.05;1293;30;2307.00;89
5427;23;5325725;5427;479;6723;6807;4.98;0.31;306.11;5.04;1296;30;2308.00;84
5431;23;5325737;5431;481;6726;6807;4.89;0.30;306.12;5.07;1295;30;2309.00;81
5435;23;5325750;5435;466;6730;6807;4.88;0.30;306.22;5.08;1295;30;2310.00;77
5436;23;5325763;5436;458;6732;6807;4.89;0.30;306.21;5.08;1296;30;2311.00;75
5440;23;5325775;5440;459;6732;6808;4.86;0.30;306.20;5.08;1292;30;2312.00;76
5446;23;5325787;5446;459;6735;6809;4.87;0.30;306.40;5.09;1289;30;2313.00;74
5447;23;5325800;5447;455;6737;6809;4.89;0.30;306.37;5.09;1290;30;2314.00;72
5449;23;5325812;5449;460;6738;6810;4.91;0.30;306.39;5.09;1289;30;2315.00;72
5453;23;5325825;5453;461;6739;6810;4.92;0.30;306.42;5.09;1286;30;2316.00;71
5457;23;5325837;5457;454;6741;6810;4.98;0.31;306.50;5.09;1284;30;2317.00;69
5461;23;5325850;5461;449;6741;6810;5.03;0.31;306.77;5.09;1280;30;2318.00;69
5465;23;5325863;5465;446;6744;6814;5.10;0.32;306.86;5.09;1279;30;2319.00;70
5470;23;5325876;5470;444;6745;6814;5.14;0.32;307.03;5.09;1275;30;2320.00;69
5475;23;5325889;5475;440;6745;6814;5.13;0.32;307.17;5.09;1270;30;2321.00;69
5477;23;5325907;5477;442;6746;6817;5.15;0.32;307.19;5.09;1269;30;2322.00;71
5482;23;5325921;5482;433;6746;6817;5.16;0.32;307.38;5.09;1264;30;2323.00;71
5488;23;5325934;5488;432;6746;6817;5.20;0.32;307.66;5.09;1258;30;2324.00;71
5493;23;5325948;5493;430;6750;6821;5.25;0.32;307.67;5.09;1257;30;2325.00;71
5497;23;5325961;5497;425;6750;6822;5.27;0.32;307.84;5.09;1253;30;2326.00;72
5502;23;5325975;5502;423;6750;6822;5.27;0.32;307.94;5.09;1248;30;2327.00;72
5505;23;5325989;5505;420;6752;6826;5.31;0.33;307.96;5.10;1247;30;2328.00;74
5512;23;5326003;5512;421;6752;6826;5.34;0.33;308.10;5.10;1240;30;2329.00;74
5516;23;5326018;5516;420;6754;6826;5.38;0.33;308.25;5.10;1238;30;2330.00;72
5523;23;5326031;5523;413;6754;6827;5.39;0.33;308.38;5.10;1231;30;2331.00;73
5526;23;5326046;5526;408;6754;6827;5.41;0.33;308.57;5.10;1228;30;2332.00;73
5531;23;5326059;5531;413;6757;6833;5.48;0.33;308.83;5.10;1226;30;2333.00;76
5535;23;5326073;5535;406;6757;6833;5.50;0.34;308.90;5.10;1222;30;2334.00;76
5539;23;5326087;5539;408;6757;6834;5.54;0.34;309.12;5.10;1218;30;2335.00;77
5541;23;5326101;5541;415;6759;6834;5.59;0.34;309.21;5.11;1218;30;2336.00;75
5546;23;5326115;5546;415;6760;6834;5.66;0.34;309.38;5.11;1214;30;2337.00;74
5547;23;5326132;5547;422;6760;6834;5.70;0.35;309.41;5.11;1213;30;2338.00;74
5549;23;5326147;5549;431;6761;6834;5.74;0.35;309.54;5.16;1212;30;2339.00;73
5555;24;5326162;5555;426;6785;6870;5.81;0.36;309.75;5.15;1230;31;2340.00;85
5557;24;5326191;5557;428;6786;6870;5.83;0.36;309.75;5.15;1229;31;2341.00;84
5559;25;5326205;5559;430;6788;6870;5.82;0.36;309.90;5.15;1229;32;2342.00;82
5562;25;5326231;5562;425;6789;6870;5.86;0.36;309.95;5.16;1227;32;2343.00;81
5567;25;5326244;5567;432;6791;6870;5.85;0.36;310.00;5.16;1224;32;2344.00;79
5570;25;5326258;5570;437;6792;6870;5.85;0.36;310.03;5.17;1222;32;2345.00;78
5576;25;5326274;5576;439;6796;6874;5.89;0.36;310.21;5.16;1220;32;2346.00;78
5583;25;5326292;5583;438;6798;6874;5.83;0.36;310.41;5.17;1215;32;2347.00;76
5587;25;5326306;5587;442;6801;6878;5.83;0.36;310.42;5.17;1214;32;2348.00;77
5591;25;5326324;5591;436;6802;6879;5.82;0.36;310.53;5.17;1211;32;2349.00;77
5593;25;5326341;5593;433;6803;6879;5.80;0.36;310.59;5.18;1210;32;2350.00;76
5598;25;5326355;5598;442;6805;6879;5.75;0.35;310.69;5.18;1207;32;2351.00;74
5603;25;5326370;5603;439;6815;6892;5.70;0.35;310.73;5.18;1212;32;2352.00;77
5606;25;5326384;5606;445;6817;6892;5.69;0.35;310.77;5.18;1211;32;2353.00;75
5610;25;5326397;5610;447;6819;6892;5.64;0.35;310.81;5.19;1209;32;2354.00;73
5614;25;5326410;5614;454;6822;6893;5.58;0.34;310.81;5.24;1208;32;2355.00;71
5615;25;5326424;5615;458;6823;6894;5.57;0.34;310.83;5.24;1208;32;2356.00;71
5619;25;5326437;5619;449;6824;6894;5.49;0.34;310.89;5.24;1205;32;2357.00;70
5623;25;5326451;5623;443;6828;6897;5.46;0.34;311.03;5.28;1205;32;2358.00;69
5625;25;5326465;5625;438;6829;6897;5.48;0.34;311.11;5.28;1204;32;2359.00;68
5628;25;5326478;5628;445;6831;6897;5.47;0.34;311.19;5.28;1203;32;2360.00;66
5632;25;5326491;5632;446;6831;6897;5.44;0.33;311.48;5.28;1199;32;2361.00;66
5634;25;5326504;5634;445;6836;6903;5.40;0.33;311.44;5.27;1202;32;2362.00;67
5635;25;5326523;5635;459;6837;6903;5.42;0.33;311.54;5.27;1202;32;2363.00;66
5642;25;5326536;5642;465;6837;6903;5.31;0.32;311.58;5.27;1195;32;2364.00;66
5644;25;5326555;5644;471;6837;6903;5.30;0.32;311.64;5.27;1193;32;2365.00;66
5646;25;5326568;5646;466;6840;6907;5.32;0.33;311.58;5.27;1194;32;2366.00;67
5651;25;5326582;5651;466;6841;6908;5.29;0.32;311.59;5.27;1190;32;2367.00;67
5651;25;5326596;5651;460;6842;6908;5.31;0.32;311.59;5.30;1191;32;2368.00;66
5655;25;5326609;5655;465;6843;6909;5.30;0.32;311.57;5.30;1188;32;2369.00;66
5656;25;5326624;5656;465;6843;6909;5.26;0.32;311.59;5.30;1187;32;2370.00;66
5659;25;5326637;5659;464;6843;6909;5.27;0.32;311.75;5.30;1184;32;2371.00;66
5662;25;5326657;5662;471;6843;6909;5.29;0.32;311.99;5.30;1181;32;2372.00;66
5664;25;5326672;5664;482;6843;6909;5.31;0.32;311.99;5.30;1179;32;2373.00;66
5668;25;5326684;5668;490;6843;6909;5.29;0.32;312.02;5.30;1175;32;2374.00;66
5671;25;5326697;5671;496;6843;6909;5.24;0.32;312.01;5.30;1172;32;2375.00;66
5673;25;5326711;5673;507;6884;6979;5.29;0.32;312.01;5.27;1211;32;2376.00;95
5676;25;5326730;5676;494;6884;6980;5.29;0.32;312.13;5.27;1208;32;2377.00;96
5678;25;5326743;5678;491;6891;6980;5.34;0.33;312.24;5.26;1213;32;2378.00;89
5680;25;5326758;5680;487;6892;6980;5.33;0.32;312.30;5.26;1212;32;2379.00;88
5682;25;5326773;5682;481;6895;6980;5.31;0.32;312.45;5.26;1213;32;2380.00;85
5686;25;5326786;5686;484;6896;6980;5.32;0.32;312.57;5.26;1210;32;2381.00;84
5689;25;5326800;5689;484;6899;6980;5.38;0.33;312.65;5.26;1210;32;2382.00;81
5692;25;5326813;5692;485;6902;6980;5.40;0.33;312.74;5.26;1210;32;2383.00;78
5696;25;5326826;5696;489;6904;6981;5.39;0.33;313.00;5.26;1208;32;2384.00;77
5700;25;5326841;5700;486;6909;6983;5.36;0.33;312.96;5.30;1209;32;2385.00;74
5705;25;5326856;5705;485;6911;6983;5.31;0.32;313.37;5.30;1206;32;2386.00;72
5708;25;5326870;5708;484;6915;6987;5.26;0.32;313.56;5.30;1207;32;2387.00;72
5709;25;5326883;5709;484;6916;6987;5.22;0.32;313.55;5.30;1207;32;2388.00;71
5714;25;5326902;5714;483;6916;6987;5.15;0.31;313.66;5.30;1202;32;2389.00;71
5716;25;5326916;5716;491;6916;6987;5.07;0.31;313.69;5.30;1200;32;2390.00;71
5717;25;5326933;5717;499;6921;6993;5.04;0.31;313.68;5.29;1204;32;2391.00;72
5718;25;5326947;5718;501;6921;6993;5.08;0.31;313.64;5.29;1203;32;2392.00;72
5721;25;5326959;5721;513;6921;6993;5.06;0.31;313.71;5.29;1200;32;2393.00;72
5723;25;5326977;5723;520;6923;6996;5.09;0.31;313.76;5.29;1200;32;2394.00;73
5727;25;5326990;5727;526;6923;6996;5.07;0.31;313.73;5.29;1196;32;2395.00;73
5728;25;5327004;5728;529;6924;6996;5.11;0.31;313.70;5.29;1196;32;2396.00;72
5733;25;5327017;5733;537;6924;6997;5.03;0.31;313.71;5.29;1191;32;2397.00;73
5735;25;5327031;5735;548;6925;6998;5.00;0.30;313.62;5.29;1190;32;2398.00;73
5737;25;5327043;5737;554;6926;6998;4.97;0.30;313.62;5.32;1189;32;2399.00;72
5741;25;5327058;5741;563;6950;7057;4.91;0.30;313.59;5.31;1209;32;2400.00;107
5741;25;5327082;5741;547;6951;7057;4.93;0.30;313.59;5.31;1210;32;2401.00;106
5742;25;5327095;5742;548;6953;7057;4.98;0.30;313.54;5.30;1211;32;2402.00;104
5744;25;5327108;5744;548;6955;7058;4.96;0.30;313.48;5.30;1211;32;2403.00;103
5746;25;5327120;5746;555;6958;7058;4.94;0.30;313.45;5.34;1212;32;2404.00;100
5749;25;5327134;5749;545;6960;7062;4.94;0.30;313.41;5.34;1211;32;2405.00;102
5752;25;5327148;5752;544;6962;7062;4.92;0.30;313.46;5.34;1210;32;2406.00;100
5755;25;5327162;5755;535;6965;7066;4.92;0.30;313.46;5.33;1210;32;2407.00;101
5755;25;5327175;5755;540;6966;7066;4.99;0.30;313.46;5.33;1211;32;2408.00;100
5757;25;5327186;5757;536;6967;7066;5.02;0.31;313.60;5.33;1210;32;2409.00;99
5759;25;5327199;5759;534;6967;7066;5.00;0.30;313.74;5.33;1208;32;2410.00;99
5760;25;5327211;5760;531;6967;7066;5.03;0.31;313.69;5.33;1207;32;2411.00;99
5764;25;5327222;5764;534;6977;7078;5.07;0.31;313.77;5.33;1213;32;2412.00;101
5764;25;5327235;5764;534;6978;7078;5.12;0.31;313.77;5.33;1214;32;2413.00;100
5766;25;5327248;5766;539;6978;7078;5.12;0.31;313.72;5.33;1212;32;2414.00;100
5767;25;5327259;5767;540;6981;7078;5.11;0.31;313.68;5.39;1214;32;2415.00;97
5770;25;5327273;5770;535;6981;7078;5.09;0.31;313.70;5.39;1211;32;2416.00;97
5772;25;5327287;5772;539;6981;7078;5.08;0.31;313.66;5.39;1209;32;2417.00;97
5774;26;5327299;5774;531;6983;7079;5.07;0.31;313.70;5.40;1209;33;2418.00;96
5777;26;5327320;5777;518;6983;7079;5.04;0.31;313.69;5.40;1206;33;2419.00;96
5777;26;5327334;5777;508;6986;7085;5.08;0.31;313.69;5.40;1209;33;2420.00;99
5779;26;5327347;5779;498;6988;7086;5.05;0.31;313.68;5.40;1209;33;2421.00;98
5780;26;5327360;5780;493;6989;7086;5.04;0.31;313.67;5.40;1209;33;2422.00;97
5780;26;5327373;5780;487;6990;7086;5.04;0.31;313.67;5.40;1210;33;2423.00;96
5783;26;5327385;5783;489;6995;7090;5.05;0.31;313.57;5.40;1212;33;2424.00;95
5784;26;5327398;5784;483;6995;7090;5.11;0.31;313.52;5.40;1211;33;2425.00;95
5787;26;5327416;5787;478;6997;7090;5.15;0.31;313.37;5.41;1210;33;2426.00;93
5789;26;5327434;5789;483;7000;7091;5.22;0.32;313.38;5.44;1211;33;2427.00;91
5791;26;5327447;5791;480;7004;7095;5.24;0.32;313.28;5.44;1213;33;2428.00;91
5792;26;5327461;5792;477;7004;7095;5.28;0.32;313.29;5.44;1212;33;2429.00;91
5793;26;5327476;5793;480;7009;7101;5.31;0.32;313.32;5.44;1216;33;2430.00;92
5794;26;5327489;5794;475;7009;7101;5.32;0.32;313.31;5.44;1215;33;2431.00;92
5795;27;5327502;5795;474;7010;7101;5.29;0.32;313.30;5.44;1215;34;2432.00;91
5797;27;5327522;5797;476;7012;7101;5.30;0.32;313.31;5.47;1215;34;2433.00;89
5798;27;5327535;5798;480;7017;7105;5.32;0.32;313.30;5.47;1219;34;2434.00;88
5799;27;5327548;5799;477;7017;7105;5.31;0.32;313.35;5.47;1218;34;2435.00;88
5804;27;5327562;5804;479;7017;7105;5.24;0.32;313.36;5.47;1213;34;2436.00;88
5804;27;5327581;5804;483;7018;7105;5.18;0.31;313.36;5.51;1214;34;2437.00;87
5805;27;5327594;5805;487;7018;7106;5.14;0.31;313.34;5.51;1213;34;2438.00;88
5806;27;5327606;5806;487;7021;7107;5.07;0.31;313.40;5.51;1215;34;2439.00;86
5808;27;5327620;5808;483;7022;7107;5.01;0.30;313.42;5.55;1214;34;2440.00;85
5809;27;5327633;5809;482;7023;7108;5.04;0.31;313.42;5.55;1214;34;2441.00;85
5809;27;5327645;5809;483;7023;7108;5.04;0.31;313.42;5.55;1214;34;2442.00;85
5809;27;5327657;5809;482;7024;7108;5.03;0.31;313.42;5.58;1215;34;2443.00;84
5810;27;5327672;5810;481;7025;7108;5.03;0.31;313.40;5.58;1215;34;2444.00;83
5814;27;5327685;5814;485;7028;7108;4.97;0.30;313.34;5.62;1214;34;2445.00;80
5816;27;5327697;5816;484;7028;7108;4.94;0.30;313.37;5.62;1212;34;2446.00;80
5818;27;5327709;5818;489;7030;7108;4.92;0.30;313.39;5.68;1212;34;2447.00;78
5819;27;5327721;5819;505;7091;7235;5.17;0.32;313.53;5.63;1272;34;2448.00;144
5820;27;5327744;5820;499;7094;7236;5.16;0.32;313.50;5.63;1274;34;2449.00;142
5822;27;5327758;5822;494;7104;7236;5.24;0.33;313.59;5.66;1282;34;2450.00;132
5826;28;5327771;5826;492;7110;7236;5.31;0.33;313.83;5.66;1284;35;2451.00;126
5827;28;5327797;5827;484;7116;7236;5.39;0.33;313.79;5.69;1289;35;2452.00;120
5834;28;5327810;5834;478;7120;7236;5.38;0.33;314.00;5.69;1286;35;2453.00;116
5837;28;5327825;5837;481;7125;7236;5.33;0.33;314.16;5.75;1288;35;2454.00;111
5840;30;5327838;5840;487;7128;7236;5.33;0.33;314.31;5.75;1288;37;2455.00;108
5842;30;5327863;5842;485;7132;7237;5.32;0.33;314.40;5.81;1290;37;2456.00;105
5846;30;5327876;5846;484;7136;7238;5.27;0.32;314.54;5.81;1290;37;2457.00;102
5847;30;5327889;5847;484;7139;7238;5.25;0.32;314.49;5.81;1292;37;2458.00;99
5851;30;5327912;5851;484;7142;7239;5.24;0.32;314.58;5.87;1291;37;2459.00;97
5856;30;5327926;5856;484;7147;7239;5.22;0.32;314.69;5.88;1291;37;2460.00;92
5858;30;5327940;5858;481;7148;7239;5.24;0.32;314.67;5.88;1290;37;2461.00;91
5860;30;5327953;5860;481;7152;7239;5.19;0.32;314.73;5.93;1292;37;2462.00;87
5864;30;5327967;5864;481;7155;7243;5.18;0.32;314.91;5.93;1291;37;2463.00;88
5866;30;5327980;5866;482;7157;7243;5.19;0.32;315.05;5.94;1291;37;2464.00;86
5869;30;5327993;5869;489;7159;7243;5.20;0.32;315.17;5.94;1290;37;2465.00;84
5871;30;5328006;5871;498;7162;7246;5.19;0.32;315.25;5.96;1291;37;2466.00;84
5872;30;5328019;5872;503;7163;7246;5.16;0.32;315.40;5.96;1291;37;2467.00;83
5875;30;5328032;5875;506;7168;7246;5.11;0.31;315.43;5.96;1293;37;2468.00;78
5878;30;5328045;5878;523;7172;7250;5.08;0.31;315.37;5.96;1294;37;2469.00;78
5879;30;5328057;5879;524;7172;7251;5.09;0.31;315.34;5.96;1293;37;2470.00;79
5881;30;5328070;5881;522;7173;7251;5.09;0.31;315.45;5.96;1292;37;2471.00;78
5885;30;5328082;5885;526;7175;7255;5.06;0.31;315.54;5.96;1290;37;2472.00;80
5888;30;5328095;5888;523;7176;7255;5.02;0.31;315.53;5.96;1288;37;2473.00;79
5891;30;5328107;5891;521;7176;7255;4.98;0.31;315.49;5.96;1285;37;2474.00;79
5893;30;5328120;5893;515;7177;7257;4.99;0.31;315.62;5.96;1284;37;2475.00;80
5898;30;5328133;5898;510;7178;7257;4.96;0.30;315.84;5.96;1280;37;2476.00;79
5901;30;5328146;5901;506;7181;7263;5.00;0.31;315.85;5.96;1280;37;2477.00;82
5903;30;5328159;5903;504;7182;7263;5.05;0.31;315.95;5.96;1279;37;2478.00;81
5907;30;5328172;5907;493;7182;7264;5.05;0.31;316.00;5.96;1275;37;2479.00;82
5911;30;5328185;5911;487;7182;7264;5.04;0.31;316.17;5.96;1271;37;2480.00;82
5916;30;5328203;5916;482;7183;7264;5.03;0.31;316.18;5.96;1267;37;2481.00;81
5918;30;5328216;5918;471;7183;7264;5.02;0.31;316.16;5.96;1265;37;2482.00;81
5919;30;5328236;5919;462;7183;7264;5.07;0.31;316.21;5.96;1264;37;2483.00;81
5924;30;5328249;5924;461;7191;7276;5.10;0.31;316.33;5.95;1267;37;2484.00;85
5930;30;5328263;5930;454;7191;7276;5.12;0.31;316.56;5.95;1261;37;2485.00;85
5934;30;5328276;5934;448;7191;7276;5.15;0.32;316.54;5.95;1257;37;2486.00;85
5939;30;5328292;5939;438;7193;7276;5.19;0.32;316.63;5.95;1254;37;2487.00;83
5942;30;5328312;5942;428;7193;7276;5.27;0.32;316.73;5.95;1251;37;2488.00;83
5946;30;5328332;5946;428;7194;7276;5.28;0.32;316.84;5.95;1248;37;2489.00;82
5947;30;5328349;5947;419;7198;7280;5.32;0.33;316.85;5.95;1251;37;2490.00;82
5953;30;5328364;5953;415;7199;7280;5.32;0.32;316.97;5.95;1246;37;2491.00;81
5955;30;5328379;5955;415;7202;7284;5.37;0.33;317.05;5.95;1247;37;2492.00;82
5957;30;5328394;5957;419;7203;7285;5.43;0.33;317.10;5.95;1246;37;2493.00;82
5961;30;5328408;5961;407;7203;7285;5.46;0.33;317.28;5.95;1242;37;2494.00;82
5964;30;5328422;5964;410;7203;7285;5.48;0.33;317.41;5.95;1239;37;2495.00;82
5967;30;5328436;5967;408;7214;7298;5.53;0.34;317.50;5.99;1247;37;2496.00;84
5969;30;5328457;5969;411;7214;7298;5.55;0.34;317.51;5.99;1245;37;2497.00;84
5973;30;5328471;5973;405;7214;7298;5.58;0.34;317.61;5.99;1241;37;2498.00;84
5977;30;5328485;5977;411;7215;7299;5.54;0.34;317.80;5.99;1238;37;2499.00;84
5981;30;5328500;5981;418;7215;7300;5.54;0.34;317.73;5.99;1234;37;2500.00;85
5983;30;5328518;5983;416;7215;7300;5.54;0.34;317.80;5.99;1232;37;2501.00;85
5986;30;5328532;5986;417;7216;7303;5.53;0.34;317.86;5.99;1230;37;2502.00;87
5991;30;5328547;5991;418;7216;7303;5.47;0.33;318.05;5.99;1225;37;2503.00;87
5996;30;5328562;5996;422;7216;7303;5.43;0.33;318.06;5.99;1220;37;2504.00;87
6000;30;5328578;6000;426;7216;7303;5.38;0.33;318.31;5.99;1216;37;2505.00;87
6006;30;5328593;6006;432;7220;7309;5.31;0.32;318.42;5.98;1214;37;2506.00;89
6011;30;5328607;6011;429;7220;7309;5.23;0.32;318.64;5.98;1209;37;2507.00;89
6016;30;5328623;6016;431;7220;7309;5.18;0.32;318.73;5.98;1204;37;2508.00;89
6023;30;5328637;6023;431;7220;7309;5.13;0.31;318.83;5.98;1197;37;2509.00;89
6027;30;5328651;6027;429;7224;7313;5.09;0.31;318.82;5.98;1197;37;2510.00;89
6031;30;5328664;6031;431;7224;7314;5.04;0.31;318.77;5.98;1193;37;2511.00;90
6033;30;5328677;6033;439;7224;7314;5.01;0.31;318.83;5.98;1191;37;2512.00;90
6036;30;5328691;6036;434;7225;7315;5.03;0.31;318.81;5.98;1189;37;2513.00;90
6038;30;5328705;6038;441;7225;7315;5.08;0.31;318.77;5.98;1187;37;2514.00;90
6041;30;5328718;6041;445;7227;7315;5.11;0.31;318.79;5.99;1186;37;2515.00;88
6043;30;5328731;6043;458;7227;7315;5.13;0.31;318.77;5.99;1184;37;2516.00;88
6044;30;5328744;6044;463;7228;7315;5.13;0.31;318.72;5.99;1184;37;2517.00;87
6046;30;5328758;6046;469;7229;7315;5.10;0.31;318.73;5.99;1183;37;2518.00;86
6048;30;5328771;6048;476;7229;7315;5.07;0.31;318.73;5.99;1181;37;2519.00;86
6053;30;5328785;6053;505;7297;7440;5.19;0.32;318.70;5.93;1244;37;2520.00;143
6054;30;5328806;6054;511;7301;7441;5.15;0.32;318.74;5.93;1247;37;2521.00;140
6057;30;5328819;6057;509;7305;7441;5.13;0.32;318.74;5.93;1248;37;2522.00;136
6058;30;5328833;6058;511;7309;7441;5.14;0.32;318.81;5.93;1251;37;2523.00;132
6061;30;5328847;6061;505;7314;7441;5.16;0.32;318.92;5.93;1253;37;2524.00;127
6063;30;5328863;6063;513;7314;7441;5.18;0.32;318.99;5.93;1251;37;2525.00;127
6068;30;5328878;6068;513;7318;7441;5.21;0.32;319.15;5.93;1250;37;2526.00;123
6071;30;5328893;6071;514;7320;7441;5.17;0.32;319.25;5.93;1249;37;2527.00;121
6077;30;5328908;6077;518;7324;7442;5.10;0.31;319.38;5.93;1247;37;2528.00;118
6077;30;5328922;6077;518;7327;7443;5.06;0.31;319.38;5.93;1250;37;2529.00;116
6080;30;5328937;6080;523;7329;7443;4.98;0.31;319.45;5.93;1249;37;2530.00;114
6081;30;5328951;6081;522;7334;7447;4.95;0.31;319.46;5.93;1253;37;2531.00;113
6083;30;5328966;6083;520;7338;7447;4.89;0.30;319.67;5.94;1255;37;2532.00;109
6086;30;5328979;6086;530;7339;7447;4.82;0.30;319.88;5.94;1253;37;2533.00;108
6088;30;5328992;6088;523;7340;7447;4.80;0.30;319.91;5.94;1252;37;2534.00;107
6091;30;5329006;6091;528;7344;7453;4.79;0.30;319.94;5.93;1253;37;2535.00;109
6091;30;5329020;6091;534;7344;7453;4.80;0.30;319.94;5.93;1253;37;2536.00;109
6092;30;5329034;6092;533;7346;7455;4.85;0.30;319.95;5.93;1254;37;2537.00;109
6094;30;5329047;6094;540;7348;7458;4.86;0.30;320.05;5.93;1254;37;2538.00;110
6098;30;5329061;6098;545;7349;7458;4.84;0.30;320.17;5.93;1251;37;2539.00;109
6101;30;5329076;6101;541;7350;7458;4.86;0.30;320.15;5.93;1249;37;2540.00;108
6104;30;5329089;6104;552;7350;7459;4.89;0.30;320.32;5.93;1246;37;2541.00;109
6109;30;5329102;6109;552;7352;7460;4.89;0.30;320.22;5.93;1243;37;2542.00;108
6111;30;5329115;6111;549;7352;7460;4.89;0.30;320.37;5.93;1241;37;2543.00;108
6113;30;5329129;6113;554;7363;7473;4.93;0.30;320.28;5.92;1250;37;2544.00;110
6117;30;5329142;6117;552;7363;7473;4.90;0.30;320.20;5.92;1246;37;2545.00;110
6119;30;5329155;6119;553;7363;7473;4.89;0.30;320.20;5.92;1244;37;2546.00;110
6121;30;5329169;6121;555;7364;7474;4.90;0.30;320.18;5.92;1243;37;2547.00;110
6123;30;5329183;6123;560;7364;7474;4.88;0.30;320.17;5.92;1241;37;2548.00;110
6124;30;5329196;6124;565;7368;7478;4.92;0.30;320.19;5.92;1244;37;2549.00;110
6127;30;5329211;6127;570;7370;7481;4.84;0.30;320.21;5.92;1243;37;2550.00;111
6132;30;5329225;6132;569;7374;7485;4.84;0.30;320.18;5.91;1242;37;2551.00;111
6134;30;5329238;6134;568;7374;7485;4.83;0.30;320.16;5.91;1240;37;2552.00;111
6136;30;5329252;6136;582;7374;7485;4.81;0.30;320.13;5.91;1238;37;2553.00;111
6137;30;5329264;6137;576;7374;7485;4.78;0.29;320.12;5.91;1237;37;2554.00;111
6139;30;5329277;6139;580;7374;7485;4.70;0.29;320.08;5.91;1235;37;2555.00;111
6142;30;5329313;6142;593;7384;7497;4.71;0.29;320.02;5.91;1242;37;2556.00;113
6147;30;5329331;6147;587;7385;7497;4.66;0.28;320.20;5.91;1238;37;2557.00;112
6148;30;5329344;6148;587;7385;7497;4.64;0.28;320.17;5.91;1237;37;2558.00;112
6150;30;5329357;6150;590;7385;7497;4.65;0.28;320.18;5.91;1235;37;2559.00;112
6154;30;5329371;6154;591;7385;7497;4.60;0.28;320.19;5.91;1231;37;2560.00;112
6155;30;5329384;6155;600;7385;7497;4.61;0.28;320.15;5.91;1230;37;2561.00;112
6155;30;5329397;6155;601;7385;7498;4.57;0.28;320.15;5.91;1230;37;2562.00;113
6158;30;5329410;6158;600;7385;7498;4.54;0.28;320.32;5.91;1227;37;2563.00;113
6160;30;5329422;6160;606;7390;7504;4.58;0.28;320.33;5.90;1230;37;2564.00;114
6162;30;5329436;6162;599;7392;7506;4.60;0.28;320.37;5.90;1230;37;2565.00;114
6162;30;5329449;6162;581;7392;7506;4.62;0.28;320.37;5.90;1230;37;2566.00;114
6163;30;5329462;6163;567;7392;7506;4.62;0.28;320.39;5.90;1229;37;2567.00;114
6164;30;5329474;6164;556;7395;7510;4.65;0.28;320.43;5.90;1231;37;2568.00;115
6164;30;5329487;6164;542;7395;7510;4.68;0.28;320.43;5.90;1231;37;2569.00;115
6168;30;5329500;6168;526;7396;7510;4.66;0.28;320.52;5.95;1228;37;2570.00;114
6168;30;5329513;6168;514;7397;7511;4.72;0.29;320.52;5.95;1229;37;2571.00;114
6168;30;5329531;6168;502;7400;7515;4.78;0.29;320.52;5.95;1232;37;2572.00;115
6172;30;5329578;6172;498;7400;7515;4.81;0.29;320.56;5.95;1228;37;2573.00;115
6173;30;5329605;6173;485;7402;7518;4.95;0.30;320.58;5.95;1229;37;2574.00;116
6177;30;5329635;6177;482;7402;7518;5.02;0.30;320.54;5.95;1225;37;2575.00;116
6178;30;5329672;6178;472;7403;7518;5.14;0.31;320.58;5.95;1225;37;2576.00;115
6180;30;5329690;6180;459;7403;7518;5.22;0.32;320.62;5.95;1223;37;2577.00;115
6182;30;5329709;6182;460;7407;7522;5.31;0.32;320.61;5.95;1225;37;2578.00;115
6184;30;5329723;6184;454;7407;7522;5.38;0.33;320.64;5.95;1223;37;2579.00;115
6185;30;5329744;6185;451;7409;7522;5.42;0.33;320.68;6.03;1224;37;2580.00;113
6188;30;5329759;6188;446;7409;7522;5.47;0.33;320.74;6.03;1221;37;2581.00;113
6188;30;5329772;6188;443;7409;7523;5.52;0.34;320.74;6.03;1221;37;2582.00;114
6190;30;5329785;6190;447;7410;7524;5.54;0.34;320.73;6.03;1220;37;2583.00;114
6194;30;5329798;6194;450;7410;7524;5.52;0.34;320.75;6.03;1216;37;2584.00;114
6194;30;5329811;6194;450;7412;7525;5.53;0.34;320.75;6.08;1218;37;2585.00;113
6196;30;5329824;6196;452;7412;7525;5.54;0.34;320.72;6.08;1216;37;2586.00;113
6199;30;5329837;6199;461;7412;7525;5.53;0.34;320.80;6.08;1213;37;2587.00;113
6199;30;5329851;6199;466;7412;7525;5.55;0.34;320.80;6.08;1213;37;2588.00;113
6202;30;5329863;6202;461;7412;7525;5.52;0.33;320.93;6.08;1210;37;2589.00;113
6204;30;5329876;6204;453;7412;7525;5.47;0.33;320.95;6.08;1208;37;2590.00;113
6207;30;5329888;6207;452;7412;7525;5.42;0.33;321.14;6.08;1205;37;2591.00;113
6211;30;5329900;6211;471;7479;7652;5.61;0.34;321.19;6.03;1268;37;2592.00;173
6212;30;5329922;6212;460;7481;7653;5.63;0.35;321.23;6.03;1269;37;2593.00;172
6217;30;5329935;6217;453;7490;7653;5.66;0.35;321.29;6.02;1273;37;2594.00;163
6218;30;5329948;6218;447;7495;7653;5.69;0.35;321.27;6.02;1277;37;2595.00;158
6221;30;5329963;6221;449;7500;7653;5.68;0.35;321.27;6.02;1279;37;2596.00;153
6224;30;5329977;6224;444;7502;7653;5.60;0.34;321.42;6.02;1278;37;2597.00;151
6225;30;5329992;6225;451;7504;7653;5.60;0.34;321.40;6.02;1279;37;2598.00;149
6228;30;5330006;6228;438;7507;7653;5.61;0.34;321.56;6.02;1279;37;2599.00;146
6233;30;5330020;6233;436;7509;7654;5.64;0.34;321.77;6.02;1276;37;2600.00;145
6236;30;5330036;6236;440;7512;7655;5.60;0.34;321.92;6.02;1276;37;2601.00;143
6237;30;5330055;6237;447;7514;7655;5.63;0.34;322.04;6.02;1277;37;2602.00;141
6240;30;5330069;6240;445;7515;7656;5.63;0.34;322.17;6.02;1275;37;2603.00;141
6242;30;5330087;6242;449;7521;7656;5.63;0.34;322.21;6.03;1279;37;2604.00;135
6245;30;5330101;6245;446;7525;7656;5.58;0.34;322.40;6.11;1280;37;2605.00;131
6249;30;5330114;6249;445;7526;7656;5.56;0.34;322.49;6.11;1277;37;2606.00;130
6249;30;5330128;6249;457;7532;7660;5.59;0.34;322.49;6.11;1283;37;2607.00;128
6251;30;5330141;6251;459;7534;7660;5.56;0.34;322.46;6.15;1283;37;2608.00;126
6256;30;5330154;6256;462;7535;7660;5.48;0.33;322.53;6.15;1279;37;2609.00;125
6259;30;5330169;6259;464;7541;7666;5.46;0.33;322.60;6.19;1282;37;2610.00;125
6260;30;5330183;6260;470;7541;7666;5.41;0.33;322.69;6.19;1281;37;2611.00;125
6262;30;5330196;6262;475;7543;7666;5.36;0.33;322.81;6.23;1281;37;2612.00;123
6267;30;5330210;6267;477;7546;7670;5.31;0.32;322.88;6.23;1279;37;2613.00;124
6270;30;5330223;6270;481;7551;7671;5.30;0.32;322.85;6.27;1281;37;2614.00;120
6271;30;5330237;6271;484;7552;7671;5.31;0.32;322.86;6.27;1281;37;2615.00;119
6272;30;5330250;6272;485;7556;7675;5.32;0.32;322.92;6.31;1284;37;2616.00;119
6273;30;5330264;6273;492;7556;7675;5.33;0.33;322.89;6.31;1283;37;2617.00;119
6275;30;5330278;6275;494;7557;7675;5.31;0.32;322.83;6.35;1282;37;2618.00;118
6277;30;5330297;6277;497;7558;7676;5.31;0.32;322.85;6.35;1281;37;2619.00;118
6278;30;5330310;6278;503;7559;7676;5.36;0.33;322.83;6.39;1281;37;2620.00;117
6279;30;5330323;6279;512;7564;7682;5.36;0.33;322.87;6.39;1285;37;2621.00;118
6280;30;5330337;6280;512;7564;7682;5.40;0.33;322.92;6.39;1284;37;2622.00;118
6283;30;5330350;6283;521;7566;7683;5.35;0.33;323.05;6.47;1283;37;2623.00;117
6284;30;5330364;6284;519;7568;7683;5.39;0.33;323.09;6.55;1284;37;2624.00;115
6285;30;5330377;6285;519;7570;7683;5.39;0.33;323.16;6.62;1285;37;2625.00;113
6290;30;5330390;6290;517;7570;7683;5.39;0.33;323.33;6.62;1280;37;2626.00;113
6292;30;5330403;6292;510;7570;7683;5.44;0.33;323.34;6.62;1278;37;2627.00;113
6294;30;5330416;6294;507;7582;7695;5.53;0.34;323.47;6.69;1288;37;2628.00;113
6297;30;5330430;6297;504;7582;7695;5.57;0.34;323.55;6.69;1285;37;2629.00;113
6298;30;5330444;6298;507;7583;7695;5.60;0.34;323.67;6.69;1285;37;2630.00;112
6300;30;5330457;6300;509;7585;7695;5.60;0.34;323.82;6.76;1285;37;2631.00;110
6301;30;5330472;6301;509;7585;7695;5.60;0.34;323.84;6.76;1284;37;2632.00;110
6305;30;5330487;6305;517;7587;7695;5.58;0.34;323.94;6.83;1282;37;2633.00;108
6307;30;5330502;6307;518;7590;7699;5.59;0.34;323.98;6.83;1283;38;2634.00;109
6308;30;5330522;6308;512;7590;7699;5.60;0.34;323.99;6.83;1282;38;2635.00;109
6310;30;5330536;6310;513;7596;7703;5.63;0.34;324.05;6.90;1286;38;2636.00;107
6312;30;5330554;6312;512;7598;7704;5.58;0.34;324.08;6.93;1286;38;2637.00;106
6316;30;5330568;6316;511;7598;7704;5.46;0.33;324.10;6.93;1282;38;2638.00;106
6321;30;5330587;6321;518;7600;7704;5.32;0.32;324.05;7.00;1279;38;2639.00;104
6326;30;5330603;6326;508;7621;7733;5.29;0.32;324.18;6.98;1295;38;2640.00;112
6330;30;5330619;6330;483;7622;7733;5.23;0.32;324.17;7.01;1292;38;2641.00;111
6332;30;5330634;6332;485;7624;7733;5.24;0.32;324.23;7.01;1292;38;2642.00;109
6339;30;5330647;6339;472;7626;7734;5.26;0.32;324.36;7.01;1287;38;2643.00;108
6342;30;5330662;6342;464;7627;7735;5.25;0.32;324.49;7.01;1285;38;2644.00;108
6348;30;5330677;6348;469;7630;7735;5.24;0.32;324.48;7.11;1282;38;2645.00;105
6353;30;5330691;6353;469;7633;7738;5.25;0.32;324.43;7.11;1280;38;2646.00;105
6355;30;5330706;6355;458;7634;7738;5.28;0.32;324.61;7.14;1279;38;2647.00;104
6359;30;5330720;6359;451;7634;7738;5.28;0.32;324.63;7.14;1275;38;2648.00;104
6362;30;5330734;6362;454;7636;7738;5.27;0.32;324.72;7.20;1274;38;2649.00;102
6366;30;5330749;6366;447;7641;7744;5.30;0.32;324.80;7.20;1275;38;2650.00;103
6370;30;5330765;6370;444;7642;7744;5.27;0.32;324.87;7.23;1272;38;2651.00;102
6377;30;5330780;6377;444;7643;7744;5.18;0.31;324.91;7.26;1266;38;2652.00;101
6379;30;5330795;6379;435;7643;7744;5.14;0.31;324.88;7.26;1264;38;2653.00;101
6382;30;5330816;6382;441;7646;7748;5.13;0.31;324.85;7.26;1264;38;2654.00;102
6386;30;5330829;6386;444;7648;7750;5.11;0.31;324.80;7.26;1262;38;2655.00;102
6390;30;5330843;6390;439;7648;7750;5.10;0.31;324.83;7.26;1258;38;2656.00;102
6395;30;5330856;6395;443;7649;7751;5.07;0.31;324.91;7.26;1254;38;2657.00;102
6396;30;5330870;6396;456;7649;7751;5.08;0.31;324.93;7.26;1253;38;2658.00;102
6403;30;5330885;6403;461;7649;7751;5.06;0.31;325.03;7.26;1246;38;2659.00;102
6406;30;5330899;6406;466;7649;7751;5.06;0.31;325.06;7.26;1243;38;2660.00;102
6408;30;5330913;6408;465;7649;7751;5.02;0.31;325.13;7.26;1241;38;2661.00;102
6413;30;5330928;6413;467;7649;7751;5.04;0.31;325.06;7.26;1236;38;2662.00;102
6416;30;5330943;6416;473;7649;7751;5.06;0.31;325.10;7.26;1233;38;2663.00;102
6421;30;5330957;6421;490;7690;7821;5.15;0.31;325.25;7.22;1269;38;2664.00;131
6424;30;5330977;6424;482;7692;7822;5.17;0.32;325.32;7.22;1268;38;2665.00;130
6425;30;5330991;6425;482;7697;7822;5.27;0.32;325.31;7.21;1272;38;2666.00;125
6430;30;5331005;6430;491;7699;7822;5.28;0.32;325.35;7.21;1269;38;2667.00;123
6435;30;5331019;6435;499;7701;7822;5.30;0.32;325.45;7.21;1266;38;2668.00;121
6439;30;5331032;6439;504;7704;7822;5.33;0.32;325.38;7.21;1265;38;2669.00;118
6447;30;5331047;6447;505;7706;7822;5.26;0.32;325.46;7.21;1259;38;2670.00;116
6452;30;5331060;6452;518;7706;7822;5.20;0.32;325.68;7.21;1254;38;2671.00;116
6456;30;5331085;6456;521;7708;7823;5.18;0.32;325.68;7.21;1252;38;2672.00;115
6461;30;5331110;6461;521;7708;7824;5.12;0.31;325.88;7.21;1247;39;2673.00;116
6465;30;5331150;6465;526;7709;7824;5.03;0.31;325.92;7.21;1244;39;2674.00;115
6470;30;5331174;6470;528;7714;7828;5.00;0.31;326.20;7.21;1244;39;2675.00;114
6474;30;5331193;6474;535;7714;7828;4.95;0.30;326.23;7.21;1240;39;2676.00;114
6478;30;5331211;6478;536;7714;7828;4.87;0.30;326.34;7.21;1236;39;2677.00;114
6482;30;5331228;6482;543;7715;7828;4.84;0.30;326.37;7.21;1233;39;2678.00;113
6484;30;5331245;6484;547;7719;7834;4.85;0.30;326.41;7.20;1235;39;2679.00;115
6489;30;5331263;6489;550;7719;7834;4.79;0.29;326.42;7.20;1230;39;2680.00;115
6491;30;5331277;6491;556;7720;7834;4.73;0.29;326.36;7.21;1229;39;2681.00;114
6494;30;5331291;6494;562;7723;7837;4.72;0.29;326.31;7.21;1229;39;2682.00;114
6499;30;5331305;6499;556;7723;7837;4.60;0.28;326.29;7.21;1224;39;2683.00;114
6501;30;5331319;6501;564;7725;7837;4.53;0.28;326.32;7.21;1224;39;2684.00;112
6503;30;5331332;6503;566;7726;7838;4.48;0.27;326.26;7.21;1223;39;2685.00;112
6506;30;5331345;6506;567;7727;7839;4.46;0.27;326.23;7.21;1221;39;2686.00;112
6509;30;5331358;6509;570;7728;7839;4.44;0.27;326.17;7.21;1219;39;2687.00;111
6512;30;5331371;6512;571;7738;7852;4.49;0.27;326.11;7.20;1226;39;2688.00;114
6513;30;5331385;6513;566;7739;7852;4.51;0.28;326.07;7.20;1226;39;2689.00;113
6517;30;5331397;6517;572;7739;7852;4.49;0.27;326.07;7.20;1222;39;2690.00;113
6520;30;5331410;6520;571;7741;7853;4.52;0.28;326.04;7.20;1221;39;2691.00;112
6525;30;5331423;6525;567;7741;7853;4.52;0.28;325.87;7.20;1216;39;2692.00;112
6528;30;5331444;6528;576;7745;7857;4.53;0.28;325.85;7.19;1217;39;2693.00;112
6530;30;5331458;6530;578;7745;7857;4.54;0.28;325.77;7.19;1215;39;2694.00;112
6534;30;5331471;6534;579;7748;7861;4.54;0.28;325.83;7.19;1214;39;2695.00;113
6535;30;5331485;6535;569;7748;7861;4.55;0.28;325.89;7.19;1213;39;2696.00;113
6535;30;5331497;6535;564;7748;7861;4.58;0.28;325.89;7.19;1213;39;2697.00;113
6541;30;5331510;6541;557;7748;7861;4.55;0.28;326.04;7.19;1207;39;2698.00;113
6544;30;5331523;6544;549;7748;7861;4.54;0.28;325.96;7.19;1204;39;2699.00;113
6544;30;5331538;6544;554;7774;7910;4.62;0.28;325.96;7.17;1230;39;2700.00;136
6548;30;5331559;6548;554;7775;7910;4.62;0.28;325.99;7.17;1227;39;2701.00;135
6550;30;5331573;6550;554;7777;7910;4.71;0.29;325.92;7.17;1227;39;2702.00;133
6551;30;5331586;6551;560;7777;7910;4.75;0.29;325.94;7.17;1226;39;2703.00;133
6553;30;5331599;6553;558;7780;7910;4.79;0.29;325.90;7.16;1227;39;2704.00;130
6553;30;5331612;6553;555;7780;7910;4.78;0.29;325.90;7.16;1227;39;2705.00;130
6556;30;5331625;6556;557;7782;7911;4.77;0.29;325.94;7.16;1226;39;2706.00;129
6556;30;5331638;6556;552;7782;7911;4.77;0.29;325.94;7.16;1226;39;2707.00;129
6556;30;5331651;6556;565;7786;7917;4.76;0.29;325.94;7.16;1230;39;2708.00;131
6556;30;5331664;6556;564;7787;7918;4.77;0.29;325.94;7.16;1231;39;2709.00;131
6556;30;5331677;6556;558;7788;7918;4.73;0.29;325.94;7.23;1232;39;2710.00;130
6558;30;5331691;6558;564;7788;7918;4.69;0.29;325.96;7.23;1230;39;2711.00;130
6560;30;5331705;6560;565;7793;7922;4.67;0.28;325.95;7.23;1233;39;2712.00;129
6561;30;5331720;6561;547;7793;7922;4.67;0.28;325.95;7.23;1232;39;2713.00;129
6562;30;5331734;6562;542;7793;7922;4.68;0.29;325.96;7.23;1231;39;2714.00;129
6563;30;5331747;6563;543;7794;7923;4.70;0.29;325.97;7.23;1231;39;2715.00;129
6565;30;5331761;6565;537;7797;7927;4.76;0.29;325.97;7.23;1232;39;2716.00;130
6567;30;5331774;6567;533;7798;7927;4.83;0.29;326.02;7.23;1231;39;2717.00;129
6570;30;5331788;6570;529;7801;7930;4.90;0.30;325.92;7.23;1231;39;2718.00;129
6571;30;5331802;6571;525;7801;7930;4.96;0.30;325.94;7.23;1230;39;2719.00;129
6573;30;5331816;6573;518;7802;7930;5.01;0.30;325.98;7.23;1229;39;2720.00;128
6574;30;5331830;6574;510;7802;7930;5.07;0.31;326.02;7.23;1228;39;2721.00;128
6574;30;5331844;6574;508;7805;7934;5.12;0.31;326.02;7.22;1231;39;2722.00;129
6576;30;5331858;6576;508;7806;7934;5.14;0.31;326.08;7.23;1230;39;2723.00;128
6576;30;5331871;6576;504;7807;7934;5.21;0.32;326.08;7.23;1231;39;2724.00;127
6578;30;5331885;6578;501;7808;7934;5.23;0.32;326.08;7.30;1230;39;2725.00;126
6580;30;5331899;6580;499;7808;7935;5.28;0.32;326.13;7.30;1228;39;2726.00;127
6581;30;5331913;6581;498;7809;7936;5.30;0.32;326.17;7.30;1228;39;2727.00;127
6582;30;5331928;6582;495;7809;7936;5.35;0.32;326.15;7.30;1227;39;2728.00;127
6584;30;5331944;6584;499;7812;7937;5.38;0.33;326.14;7.37;1228;39;2729.00;125
6585;30;5331961;6585;486;7813;7937;5.43;0.33;326.23;7.37;1228;39;2730.00;124
6585;30;5331979;6585;479;7813;7937;5.45;0.33;326.23;7.37;1228;39;2731.00;124
6585;30;5331993;6585;475;7816;7937;5.52;0.33;326.23;7.45;1231;39;2732.00;121
6587;30;5332009;6587;469;7816;7937;5.59;0.34;326.29;7.45;1229;39;2733.00;121
6590;30;5332028;6590;464;7816;7937;5.61;0.34;326.31;7.45;1226;39;2734.00;121
6593;30;5332043;6593;450;7816;7937;5.59;0.34;326.48;7.45;1223;39;2735.00;121
6594;30;5332058;6594;467;7877;8064;5.68;0.35;326.52;7.40;1283;39;2736.00;187
6596;30;5332084;6596;449;7878;8065;5.72;0.35;326.66;7.40;1282;39;2737.00;187
6597;30;5332101;6597;441;7887;8065;5.84;0.36;326.78;7.46;1290;39;2738.00;178
6600;30;5332118;6600;438;7892;8065;5.92;0.36;326.91;7.46;1292;39;2739.00;173
6603;30;5332135;6603;440;7899;8065;5.97;0.37;326.94;7.46;1296;39;2740.00;166
6606;30;5332151;6606;443;7901;8065;5.99;0.37;327.13;7.46;1295;39;2741.00;164
6611;30;5332169;6611;442;7904;8065;6.00;0.37;327.26;7.46;1293;39;2742.00;161
6613;30;5332188;6613;439;7906;8065;6.04;0.37;327.30;7.46;1293;39;2743.00;159
6619;30;5332203;6619;439;7908;8066;6.04;0.37;327.46;7.46;1289;39;2744.00;158
6621;30;5332218;6621;441;7913;8068;6.04;0.37;327.46;7.54;1292;39;2745.00;155
6622;30;5332236;6622;434;7916;8068;6.07;0.37;327.58;7.54;1294;39;2746.00;152
6625;30;5332251;6625;429;7916;8069;6.06;0.37;327.62;7.54;1291;39;2747.00;153
6629;30;5332266;6629;429;7919;8069;6.05;0.37;327.71;7.54;1290;39;2748.00;150
6633;30;5332284;6633;428;7919;8069;6.03;0.37;327.74;7.54;1286;39;2749.00;150
6633;30;5332307;6633;430;7922;8069;6.08;0.37;327.74;7.54;1289;39;2750.00;147
6638;30;5332324;6638;434;7925;8073;6.08;0.37;327.81;7.54;1287;39;2751.00;148
6640;30;5332342;6640;432;7928;8073;6.06;0.37;327.79;7.55;1288;39;2752.00;145
6641;30;5332357;6641;434;7932;8073;6.11;0.37;327.84;7.55;1291;39;2753.00;141
6643;30;5332375;6643;435;7935;8076;6.13;0.37;327.92;7.55;1292;39;2754.00;141
6644;30;5332391;6644;435;7937;8076;6.18;0.38;327.87;7.55;1293;39;2755.00;139
6649;30;5332407;6649;437;7938;8076;6.16;0.37;327.88;7.56;1289;39;2756.00;138
6655;30;5332422;6655;445;7944;8080;6.14;0.37;327.96;7.56;1289;39;2757.00;136
6657;30;5332437;6657;453;7946;8081;6.14;0.37;327.99;7.56;1289;39;2758.00;135
6660;30;5332452;6660;450;7947;8081;6.12;0.37;328.15;7.56;1287;39;2759.00;134
6660;30;5332470;6660;457;7951;8086;6.16;0.37;328.15;7.56;1291;39;2760.00;135
6662;30;5332487;6662;470;7955;8086;6.16;0.37;328.17;7.56;1293;39;2761.00;131
6663;30;5332502;6663;469;7955;8086;6.16;0.37;328.29;7.56;1292;39;2762.00;131
6664;30;5332516;6664;474;7957;8087;6.16;0.37;328.33;7.57;1293;39;2763.00;130
6666;30;5332530;6666;479;7958;8087;6.14;0.37;328.27;7.56;1292;39;2764.00;129
6670;30;5332546;6670;477;7963;8093;6.10;0.37;328.25;7.56;1293;39;2765.00;130
6672;30;5332561;6672;480;7963;8093;6.09;0.37;328.39;7.56;1291;39;2766.00;130
6674;30;5332577;6674;480;7963;8094;6.08;0.37;328.50;7.56;1289;39;2767.00;131
6675;30;5332591;6675;483;7963;8094;6.00;0.36;328.50;7.56;1288;39;2768.00;131
6677;30;5332605;6677;488;7963;8094;5.96;0.36;328.58;7.56;1286;39;2769.00;131
6677;30;5332618;6677;497;7963;8094;5.92;0.36;328.58;7.56;1286;39;2770.00;131
6682;30;5332631;6682;499;7963;8094;5.86;0.36;328.65;7.56;1281;39;2771.00;131
6684;30;5332645;6684;500;7972;8106;5.85;0.36;328.73;7.55;1288;39;2772.00;134
6686;30;5332659;6686;503;7974;8106;5.83;0.36;328.73;7.64;1288;39;2773.00;132
6688;30;5332672;6688;509;7977;8106;5.83;0.36;328.89;7.68;1289;39;2774.00;129
6690;30;5332685;6690;504;7980;8106;5.77;0.35;328.99;7.80;1290;39;2775.00;126
6695;30;5332704;6695;506;7980;8106;5.72;0.35;329.19;7.80;1285;39;2776.00;126
6699;30;5332718;6699;508;7981;8106;5.73;0.35;329.16;7.84;1282;39;2777.00;125
6706;30;5332732;6706;510;7986;8110;5.68;0.34;329.23;7.92;1280;39;2778.00;124
6709;30;5332747;6709;507;7986;8110;5.69;0.35;329.47;7.92;1277;39;2779.00;124
6709;30;5332761;6709;507;7991;8114;5.74;0.35;329.47;7.96;1282;40;2780.00;123
6711;30;5332784;6711;518;7993;8115;5.71;0.35;329.62;8.00;1282;40;2781.00;122
6713;30;5332799;6713;522;7994;8115;5.64;0.34;329.71;8.04;1281;40;2782.00;121
6717;30;5332813;6717;523;7995;8115;5.62;0.34;329.60;8.08;1278;40;2783.00;120
6719;30;5332827;6719;530;8006;8128;5.62;0.34;329.73;8.07;1287;40;2784.00;122
6722;30;5332842;6722;531;8007;8128;5.56;0.34;329.72;8.11;1285;40;2785.00;121
6723;30;5332856;6723;537;8007;8128;5.54;0.34;329.74;8.11;1284;40;2786.00;121
6727;30;5332869;6727;546;8009;8129;5.53;0.34;329.92;8.14;1282;40;2787.00;120
6731;30;5332883;6731;546;8010;8130;5.48;0.33;330.14;8.18;1279;40;2788.00;120
6733;30;5332897;6733;542;8010;8130;5.43;0.33;330.13;8.18;1277;40;2789.00;120
6733;30;5332913;6733;536;8018;8136;5.48;0.33;330.13;8.29;1285;40;2790.00;118
6736;30;5332927;6736;529;8019;8136;5.52;0.34;330.40;8.32;1283;40;2791.00;117
6739;30;5332940;6739;525;8020;8136;5.56;0.34;330.35;8.32;1281;40;2792.00;116
6741;30;5332954;6741;515;8022;8136;5.57;0.34;330.52;8.39;1281;40;2793.00;114
6742;30;5332968;6742;517;8027;8142;5.61;0.34;330.49;8.39;1285;40;2794.00;115
6745;30;5332982;6745;511;8028;8142;5.62;0.34;330.69;8.42;1283;40;2795.00;114
6749;30;5332997;6749;515;8029;8142;5.58;0.34;330.86;8.46;1280;40;2796.00;113
6752;30;5333010;6752;516;8029;8142;5.54;0.34;330.78;8.46;1277;40;2797.00;113
6754;30;5333023;6754;523;8034;8146;5.52;0.34;330.86;8.52;1280;40;2798.00;112
6754;30;5333036;6754;518;8035;8147;5.49;0.33;330.86;8.52;1281;40;2799.00;112
6759;30;5333049;6759;519;8037;8147;5.40;0.33;330.91;8.59;1278;40;2800.00;110
6762;30;5333066;6762;519;8038;8148;5.35;0.33;330.90;8.59;1276;40;2801.00;110
6764;30;5333082;6764;519;8038;8148;5.30;0.32;330.94;8.59;1274;40;2802.00;110
6768;30;5333095;6768;521;8040;8148;5.20;0.32;330.86;8.66;1272;40;2803.00;108
6771;30;5333108;6771;520;8041;8148;5.11;0.31;331.02;8.69;1270;40;2804.00;107
6777;30;5333120;6777;506;8042;8148;5.05;0.31;331.16;8.73;1265;40;2805.00;106
6778;30;5333133;6778;499;8042;8148;5.01;0.31;331.27;8.73;1264;40;2806.00;106
6781;30;5333145;6781;499;8043;8148;4.96;0.30;331.44;8.76;1262;40;2807.00;105
6785;30;5333157;6785;502;8083;8218;5.10;0.31;331.46;8.75;1298;40;2808.00;135
6790;30;5333177;6790;499;8088;8219;5.08;0.31;331.52;8.74;1298;40;2809.00;131
6793;30;5333203;6793;504;8093;8219;5.05;0.31;331.53;8.80;1300;40;2810.00;126
6796;30;5333228;6796;504;8096;8219;5.04;0.31;331.53;8.80;1300;40;2811.00;123
6796;30;5333250;6796;503;8097;8219;5.05;0.31;331.53;8.80;1301;40;2812.00;122
6801;30;5333275;6801;496;8099;8219;5.06;0.31;331.52;8.80;1298;40;2813.00;120
6805;30;5333298;6805;497;8100;8219;5.08;0.31;331.48;8.80;1295;40;2814.00;119
6810;30;5333322;6810;496;8101;8219;5.08;0.31;331.50;8.80;1291;40;2815.00;118
6817;30;5333342;6817;491;8102;8220;5.05;0.31;331.62;8.80;1285;40;2816.00;118
6820;30;5333363;6820;496;8103;8221;5.03;0.31;331.83;8.80;1283;40;2817.00;118
6824;30;5333404;6824;500;8104;8221;5.02;0.31;331.80;8.80;1280;40;2818.00;117
6826;30;5333419;6826;511;8110;8225;5.02;0.31;331.79;8.79;1284;40;2819.00;115
6830;30;5333435;6830;511;8112;8225;5.02;0.31;331.80;8.79;1282;40;2820.00;113
6833;30;5333450;6833;509;8112;8225;5.00;0.31;331.92;8.79;1279;40;2821.00;113
6838;30;5333464;6838;514;8112;8225;4.91;0.30;332.12;8.79;1274;40;2822.00;113
6843;30;5333478;6843;507;8117;8231;4.86;0.30;332.18;8.87;1274;40;2823.00;114
6847;30;5333492;6847;509;8118;8231;4.83;0.30;332.13;8.87;1271;40;2824.00;113
6850;30;5333506;6850;510;8118;8231;4.78;0.29;332.30;8.87;1268;40;2825.00;113
6857;30;5333518;6857;514;8119;8234;4.73;0.29;332.49;8.87;1262;40;2826.00;115
6858;30;5333532;6858;515;8119;8234;4.70;0.29;332.47;8.87;1261;40;2827.00;115
6863;30;5333546;6863;523;8119;8234;4.59;0.28;332.53;8.87;1256;40;2828.00;115
6865;30;5333560;6865;526;8119;8235;4.57;0.28;332.55;8.87;1254;40;2829.00;116
6868;30;5333573;6868;529;8120;8236;4.56;0.28;332.55;8.87;1252;40;2830.00;116
6876;30;5333587;6876;541;8120;8236;4.44;0.27;332.46;8.87;1244;40;2831.00;116
6879;30;5333600;6879;541;8130;8249;4.44;0.27;332.49;8.86;1251;40;2832.00;119
6883;30;5333615;6883;549;8130;8249;4.37;0.27;332.44;8.86;1247;40;2833.00;119
6883;30;5333628;6883;552;8130;8249;4.36;0.27;332.44;8.86;1247;40;2834.00;119
6889;30;5333648;6889;551;8131;8251;4.33;0.27;332.49;8.86;1242;40;2835.00;120
6891;30;5333663;6891;553;8131;8251;4.29;0.26;332.53;8.86;1240;40;2836.00;120
6894;30;5333675;6894;553;8134;8255;4.23;0.26;332.55;8.85;1240;40;2837.00;121
6895;30;5333689;6895;558;8134;8255;4.22;0.26;332.57;8.85;1239;40;2838.00;121
6897;30;5333702;6897;567;8137;8259;4.23;0.26;332.54;8.85;1240;40;2839.00;122
6902;30;5333714;6902;574;8137;8259;4.15;0.25;332.53;8.85;1235;40;2840.00;122
6906;30;5333727;6906;576;8137;8259;4.08;0.25;332.59;8.85;1231;40;2841.00;122
6911;30;5333741;6911;584;8138;8259;4.01;0.24;332.63;8.85;1227;40;2842.00;121
6912;30;5333753;6912;588;8138;8259;3.99;0.24;332.59;8.85;1226;40;2843.00;121
6918;30;5333766;6918;594;8147;8271;4.01;0.24;332.58;8.85;1229;40;2844.00;124
6922;30;5333779;6922;598;8148;8271;3.97;0.24;332.54;8.85;1226;40;2845.00;123
6923;30;5333792;6923;598;8149;8271;3.96;0.24;332.55;8.85;1226;40;2846.00;122
6925;30;5333803;6925;599;8150;8271;3.94;0.24;332.57;8.85;1225;40;2847.00;121
6929;30;5333815;6929;601;8150;8271;3.89;0.24;332.56;8.85;1221;40;2848.00;121
6931;30;5333827;6931;601;8151;8271;3.90;0.24;332.57;8.86;1220;40;2849.00;120
6932;30;5333840;6932;602;8155;8274;3.90;0.24;332.58;8.86;1223;40;2850.00;119
6933;30;5333852;6933;605;8155;8274;3.85;0.24;332.53;8.86;1222;40;2851.00;119
6933;30;5333864;6933;597;8160;8280;3.86;0.24;332.53;8.85;1227;40;2852.00;120
6934;30;5333879;6934;587;8161;8281;3.84;0.23;332.52;8.86;1227;40;2853.00;120
6935;30;5333895;6935;587;8162;8281;3.85;0.23;332.55;8.85;1227;40;2854.00;119
6936;30;5333909;6936;580;8163;8281;3.85;0.23;332.54;8.86;1227;40;2855.00;118
6938;30;5333921;6938;577;8167;8285;3.89;0.24;332.57;8.85;1229;40;2856.00;118
6939;30;5333935;6939;575;8167;8285;3.97;0.24;332.63;8.85;1228;40;2857.00;118
6940;30;5333947;6940;580;8167;8285;4.01;0.24;332.63;8.85;1227;40;2858.00;118
6944;30;5333962;6944;580;8169;8286;4.02;0.25;332.59;8.85;1225;40;2859.00;117
6944;30;5333987;6944;563;8173;8290;4.10;0.25;332.59;8.85;1229;40;2860.00;117
6946;30;5334030;6946;541;8173;8290;4.19;0.26;332.59;8.85;1227;40;2861.00;117
6946;30;5334086;6946;518;8176;8293;4.30;0.26;332.59;8.93;1230;40;2862.00;117
6948;30;5334117;6948;503;8177;8293;4.43;0.27;332.63;8.93;1229;40;2863.00;116
6949;30;5334147;6949;490;8179;8295;4.54;0.28;332.67;8.93;1230;40;2864.00;116
6950;30;5334169;6950;476;8179;8295;4.66;0.28;332.69;8.93;1229;40;2865.00;116
6952;30;5334190;6952;472;8183;8299;4.83;0.29;332.66;8.93;1231;40;2866.00;116
6953;30;5334208;6953;459;8183;8299;4.95;0.30;332.65;8.93;1230;40;2867.00;116
6955;30;5334224;6955;460;8183;8299;5.07;0.31;332.65;8.93;1228;40;2868.00;116
6956;30;5334242;6956;455;8183;8299;5.19;0.31;332.65;8.93;1227;40;2869.00;116
6956;30;5334264;6956;457;8183;8300;5.32;0.32;332.65;8.93;1227;40;2870.00;117
6956;30;5334279;6956;451;8184;8301;5.42;0.33;332.65;8.93;1228;40;2871.00;117
6956;30;5334298;6956;441;8184;8301;5.47;0.33;332.65;8.93;1228;40;2872.00;117
6957;30;5334316;6957;439;8185;8302;5.54;0.34;332.63;8.92;1228;40;2873.00;117
6958;30;5334341;6958;434;8185;8302;5.59;0.34;332.62;8.92;1227;40;2874.00;117
6959;30;5334358;6959;432;8185;8302;5.62;0.34;332.60;8.92;1226;40;2875.00;117
6960;30;5334373;6960;417;8185;8302;5.62;0.34;332.60;8.92;1225;40;2876.00;117
6961;30;5334388;6961;412;8185;8302;5.63;0.34;332.68;8.92;1224;40;2877.00;117
6963;30;5334402;6963;413;8185;8302;5.62;0.34;332.66;8.92;1222;40;2878.00;117
6966;30;5334424;6966;402;8185;8302;5.59;0.34;332.62;8.92;1219;40;2879.00;117
6968;30;5334440;6968;454;8298;8532;5.78;0.36;332.61;8.80;1330;40;2880.00;234
6969;30;5334473;6969;443;8302;8533;5.81;0.36;332.74;8.80;1333;40;2881.00;231
6972;30;5334489;6972;421;8313;8533;5.88;0.37;332.83;8.79;1341;40;2882.00;220
6975;30;5334505;6975;412;8318;8533;5.93;0.37;333.02;8.79;1343;40;2883.00;215
6978;30;5334520;6978;412;8325;8533;5.96;0.37;333.11;8.78;1347;40;2884.00;208
6980;30;5334536;6980;410;8329;8533;5.97;0.37;333.08;8.78;1349;40;2885.00;204
6981;30;5334552;6981;401;8335;8533;6.01;0.37;333.12;8.78;1354;40;2886.00;198
6981;30;5334570;6981;407;8341;8533;6.04;0.37;333.12;8.78;1360;40;2887.00;192
6984;30;5334586;6984;407;8347;8534;6.04;0.37;333.16;8.78;1363;40;2888.00;187
6986;30;5334602;6986;414;8351;8535;6.00;0.37;333.20;8.78;1365;40;2889.00;184
6986;30;5334619;6986;417;8355;8535;5.98;0.37;333.20;8.78;1369;40;2890.00;180
6989;30;5334635;6989;424;8358;8536;5.91;0.36;333.27;8.78;1369;40;2891.00;178
6991;30;5334651;6991;425;8359;8536;5.88;0.36;333.49;8.78;1368;40;2892.00;177
6996;30;5334678;6996;434;8362;8536;5.81;0.36;333.46;8.78;1366;40;2893.00;174
6998;30;5334695;6998;453;8362;8536;5.79;0.36;333.56;8.78;1364;40;2894.00;174
7003;30;5334711;7003;452;8364;8540;5.72;0.35;333.72;8.78;1361;40;2895.00;176
7005;30;5334729;7005;451;8366;8540;5.72;0.35;333.70;8.78;1361;40;2896.00;174
7008;30;5334747;7008;448;8366;8540;5.71;0.35;333.80;8.78;1358;40;2897.00;174
7009;30;5334765;7009;458;8368;8543;5.67;0.35;333.88;8.78;1359;40;2898.00;175
7012;30;5334782;7012;454;8368;8543;5.68;0.35;333.88;8.78;1356;40;2899.00;175
7016;30;5334800;7016;447;8368;8543;5.70;0.35;334.01;8.78;1352;40;2900.00;175
7017;30;5334822;7017;446;8371;8547;5.72;0.35;333.99;8.78;1354;40;2901.00;176
7019;30;5334839;7019;446;8373;8548;5.79;0.35;334.02;8.78;1354;40;2902.00;175
7023;30;5334855;7023;432;8377;8548;5.82;0.36;334.22;8.78;1354;40;2903.00;171
7023;30;5334871;7023;436;8378;8552;5.95;0.36;334.22;8.78;1355;40;2904.00;174
7025;30;5334888;7025;430;8379;8552;6.05;0.37;334.23;8.78;1354;40;2905.00;173
7026;30;5334910;7026;432;8380;8552;6.09;0.37;334.23;8.78;1354;40;2906.00;172
7034;30;5334925;7034;426;8381;8553;6.05;0.37;334.27;8.78;1347;40;2907.00;172
7036;30;5334941;7036;417;8382;8553;6.07;0.37;334.40;8.79;1346;40;2908.00;171
7038;30;5334962;7038;415;8385;8559;6.15;0.37;334.38;8.78;1347;40;2909.00;174
7043;30;5334980;7043;411;8388;8559;6.18;0.38;334.44;8.83;1345;40;2910.00;171
7047;30;5334997;7047;404;8388;8560;6.17;0.38;334.52;8.83;1341;40;2911.00;172
7052;30;5335013;7052;400;8389;8560;6.17;0.37;334.55;8.83;1337;40;2912.00;171
7055;30;5335030;7055;399;8390;8560;6.22;0.38;334.65;8.87;1335;40;2913.00;170
7059;30;5335052;7059;400;8391;8560;6.21;0.38;334.69;8.88;1332;40;2914.00;169
7062;30;5335068;7062;401;8393;8560;6.17;0.37;334.86;8.88;1331;40;2915.00;167
7066;30;5335083;7066;409;8402;8572;6.21;0.38;334.94;8.87;1336;40;2916.00;170
7069;30;5335100;7069;410;8405;8572;6.25;0.38;334.94;8.88;1336;40;2917.00;167
7070;30;5335124;7070;422;8407;8572;6.26;0.38;335.07;8.88;1337;40;2918.00;165
7070;30;5335146;7070;423;8408;8572;6.27;0.38;335.07;8.88;1338;40;2919.00;164
7072;30;5335168;7072;423;8409;8572;6.27;0.38;335.20;8.88;1337;40;2920.00;163
7075;30;5335190;7075;424;8411;8572;6.23;0.38;335.22;8.89;1336;40;2921.00;161
7078;30;5335212;7078;430;8414;8576;6.13;0.37;335.26;8.89;1336;40;2922.00;162
7080;30;5335242;7080;439;8416;8576;6.06;0.37;335.28;8.89;1336;40;2923.00;160
7082;30;5335261;7082;435;8421;8580;6.04;0.37;335.28;8.90;1339;40;2924.00;159
7084;30;5335278;7084;434;8423;8582;5.96;0.36;335.27;8.89;1339;40;2925.00;159
7087;30;5335296;7087;438;8425;8582;5.91;0.36;335.27;8.90;1338;40;2926.00;157
7090;30;5335312;7090;438;8425;8582;5.92;0.36;335.31;8.90;1335;40;2927.00;157
7092;30;5335328;7092;443;8434;8595;5.89;0.36;335.34;8.89;1342;40;2928.00;161
7094;30;5335345;7094;441;8435;8595;5.86;0.36;335.28;8.89;1341;40;2929.00;160
7096;30;5335361;7096;441;8435;8595;5.80;0.35;335.45;8.89;1339;40;2930.00;160
7099;30;5335376;7099;447;8437;8596;5.79;0.35;335.63;8.90;1338;40;2931.00;159
7101;30;5335390;7101;449;8439;8597;5.78;0.35;335.57;8.95;1338;40;2932.00;158
7104;30;5335405;7104;452;8440;8597;5.80;0.36;335.61;8.95;1336;40;2933.00;157
7108;30;5335420;7108;453;8442;8600;5.82;0.36;335.53;8.95;1334;40;2934.00;158
7110;30;5335435;7110;459;8445;8600;5.81;0.36;335.57;9.04;1335;40;2935.00;155
7112;30;5335450;7112;466;8446;8600;5.83;0.36;335.51;9.04;1334;40;2936.00;154
7116;30;5335464;7116;463;8448;8600;5.86;0.36;335.64;9.05;1332;40;2937.00;152
7120;30;5335485;7120;464;8454;8606;5.85;0.36;335.69;9.08;1334;40;2938.00;152
7123;30;5335500;7123;472;8456;8606;5.82;0.36;335.77;9.13;1333;40;2939.00;150
7124;30;5335516;7124;480;8459;8606;5.77;0.35;335.75;9.21;1335;40;2940.00;147
7128;30;5335536;7128;480;8459;8606;5.75;0.35;336.08;9.21;1331;40;2941.00;147
7130;30;5335551;7130;486;8462;8610;5.76;0.35;336.18;9.21;1332;40;2942.00;148
7131;30;5335566;7131;485;8464;8611;5.80;0.35;336.18;9.25;1333;40;2943.00;147
7134;30;5335582;7134;487;8466;8611;5.80;0.35;336.19;9.33;1332;40;2944.00;145
7136;30;5335596;7136;496;8468;8612;5.82;0.36;336.29;9.37;1332;40;2945.00;144
7138;30;5335611;7138;500;8468;8612;5.80;0.35;336.46;9.37;1330;40;2946.00;144
7140;30;5335630;7140;499;8469;8612;5.74;0.35;336.68;9.41;1329;40;2947.00;143
7143;30;5335645;7143;499;8472;8612;5.72;0.35;336.60;9.53;1329;40;2948.00;140
7145;30;5335659;7145;504;8472;8612;5.72;0.35;336.82;9.53;1327;40;2949.00;140
7146;30;5335674;7146;509;8472;8612;5.68;0.35;336.87;9.53;1326;40;2950.00;140
7149;30;5335687;7149;514;8472;8612;5.66;0.35;337.02;9.53;1323;40;2951.00;140
7151;30;5335701;7151;521;8506;8682;5.77;0.35;337.10;9.50;1355;40;2952.00;176
7155;30;5335720;7155;524;8513;8683;5.67;0.35;337.19;9.61;1358;40;2953.00;170
7164;30;5335734;7164;523;8519;8683;5.61;0.34;337.24;9.64;1355;40;2954.00;164
7167;30;5335748;7167;518;8521;8683;5.60;0.34;337.29;9.68;1354;40;2955.00;162
7169;30;5335763;7169;516;8523;8683;5.59;0.34;337.37;9.68;1354;40;2956.00;160
7171;30;5335777;7171;512;8524;8683;5.57;0.34;337.44;9.68;1353;40;2957.00;159
7174;30;5335792;7174;515;8530;8683;5.55;0.34;337.55;9.75;1356;40;2958.00;153
7174;30;5335806;7174;513;8532;8683;5.56;0.34;337.55;9.75;1358;40;2959.00;151
7178;30;5335821;7178;517;8537;8684;5.56;0.34;337.71;9.82;1359;40;2960.00;147
7182;30;5335836;7182;523;8541;8685;5.51;0.34;337.76;9.82;1359;40;2961.00;144
7183;30;5335851;7183;531;8544;8685;5.48;0.33;337.85;9.82;1361;40;2962.00;141
7186;30;5335865;7186;537;8551;8689;5.46;0.33;337.92;9.89;1365;40;2963.00;138
7188;30;5335883;7188;538;8552;8689;5.38;0.33;337.93;9.89;1364;40;2964.00;137
7190;30;5335897;7190;544;8554;8689;5.32;0.32;338.09;9.95;1364;40;2965.00;135
7192;30;5335911;7192;555;8554;8689;5.24;0.32;338.15;9.95;1362;40;2966.00;135
7197;30;5335925;7197;566;8559;8695;5.18;0.31;338.20;9.98;1362;40;2967.00;136
7200;30;5335941;7200;572;8560;8695;5.04;0.31;338.11;10.02;1360;40;2968.00;135
7206;30;5335956;7206;576;8560;8695;4.84;0.29;338.36;10.02;1354;40;2969.00;135
7209;30;5335974;7209;573;8564;8701;4.75;0.29;338.44;10.04;1355;40;2970.00;137
7212;30;5335990;7212;566;8565;8701;4.63;0.28;338.54;10.08;1353;40;2971.00;136
7215;30;5336004;7215;570;8566;8701;4.55;0.28;338.57;10.08;1351;40;2972.00;135
7218;30;5336019;7218;569;8567;8702;4.47;0.27;338.52;10.11;1349;40;2973.00;135
7223;30;5336033;7223;568;8569;8703;4.44;0.27;338.63;10.14;1346;40;2974.00;134
7229;30;5336049;7229;580;8569;8703;4.39;0.27;338.69;10.14;1340;40;2975.00;134
7232;30;5336064;7232;576;8579;8716;4.38;0.27;338.76;10.16;1347;40;2976.00;137
7235;30;5336081;7235;574;8580;8716;4.36;0.26;338.78;10.16;1345;40;2977.00;136
7240;30;5336094;7240;578;8581;8716;4.31;0.26;338.85;10.19;1341;40;2978.00;135
7240;30;5336108;7240;583;8581;8717;4.31;0.26;338.85;10.19;1341;40;2979.00;136
7243;30;5336123;7243;586;8582;8717;4.30;0.26;338.83;10.19;1339;40;2980.00;135
7247;30;5336137;7247;586;8585;8721;4.30;0.26;338.89;10.19;1338;40;2981.00;136
7248;30;5336152;7248;588;8585;8721;4.31;0.26;338.94;10.19;1337;40;2982.00;136
7252;30;5336165;7252;593;8588;8725;4.33;0.26;338.92;10.19;1336;40;2983.00;137
7256;30;5336179;7256;603;8588;8725;4.33;0.26;338.88;10.19;1332;40;2984.00;137
7259;30;5336193;7259;606;8589;8725;4.31;0.26;338.92;10.19;1330;40;2985.00;136
7260;30;5336207;7260;602;8590;8725;4.29;0.26;338.90;10.19;1330;40;2986.00;135
7263;30;5336220;7263;603;8590;8725;4.27;0.26;338.90;10.19;1327;40;2987.00;135
7265;30;5336235;7265;608;8598;8737;4.28;0.26;338.89;10.18;1333;40;2988.00;139
7268;30;5336250;7268;610;8598;8737;4.24;0.26;338.81;10.18;1330;40;2989.00;139
7270;30;5336263;7270;611;8599;8737;4.22;0.26;338.81;10.18;1329;40;2990.00;138
7274;30;5336278;7274;606;8599;8737;4.24;0.26;338.70;10.18;1325;40;2991.00;138
7277;30;5336293;7277;607;8599;8737;4.24;0.26;338.60;10.18;1322;40;2992.00;138
7280;30;5336306;7280;607;8599;8737;4.25;0.26;338.56;10.18;1319;40;2993.00;138
7284;30;5336320;7284;604;8599;8738;4.19;0.26;338.55;10.18;1315;40;2994.00;139
7286;30;5336334;7286;614;8601;8738;4.15;0.25;338.52;10.18;1315;40;2995.00;137
7289;30;5336347;7289;609;8605;8744;4.15;0.25;338.47;10.18;1316;40;2996.00;139
7292;30;5336360;7292;613;8605;8745;4.11;0.25;338.42;10.18;1313;40;2997.00;140
7295;30;5336374;7295;614;8605;8745;4.07;0.25;338.55;10.18;1310;40;2998.00;140
7297;30;5336387;7297;621;8605;8745;4.05;0.25;338.58;10.18;1308;40;2999.00;140
7303;30;5336402;7303;621;8612;8765;4.03;0.25;338.66;10.17;1309;40;3000.00;153
7307;30;5336421;7307;622;8612;8765;4.02;0.25;338.72;10.17;1305;40;3001.00;153
7312;30;5336435;7312;620;8612;8765;3.98;0.24;338.65;10.17;1300;40;3002.00;153
7314;30;5336449;7314;635;8613;8766;3.97;0.24;338.67;10.17;1299;40;3003.00;153
7316;30;5336462;7316;634;8617;8770;3.98;0.24;338.63;10.16;1301;40;3004.00;153
7318;30;5336475;7318;643;8618;8770;3.97;0.24;338.66;10.16;1300;40;3005.00;152
7323;30;5336487;7323;649;8621;8773;3.89;0.24;338.65;10.16;1298;40;3006.00;152
7324;30;5336501;7324;639;8622;8773;3.87;0.24;338.63;10.16;1298;40;3007.00;151
7326;30;5336514;7326;630;8622;8773;3.90;0.24;338.66;10.16;1296;40;3008.00;151
7328;30;5336526;7328;625;8622;8773;3.94;0.24;338.76;10.16;1294;40;3009.00;151
7331;30;5336539;7331;608;8627;8777;3.96;0.24;338.74;10.16;1296;40;3010.00;150
7333;30;5336553;7333;607;8628;8777;3.99;0.24;338.77;10.16;1295;40;3011.00;149
7338;30;5336566;7338;599;8629;8777;4.03;0.25;338.83;10.16;1291;40;3012.00;148
7340;30;5336580;7340;599;8630;8777;4.08;0.25;338.81;10.17;1290;40;3013.00;147
7342;30;5336594;7342;587;8631;8778;4.12;0.25;338.80;10.17;1289;40;3014.00;147
7344;30;5336613;7344;581;8633;8780;4.17;0.25;338.81;10.16;1289;40;3015.00;147
7346;30;5336627;7346;576;8634;8780;4.15;0.25;338.83;10.17;1288;40;3016.00;146
7348;30;5336652;7348;565;8635;8781;4.13;0.25;338.87;10.17;1287;40;3017.00;146
7351;30;5336666;7351;557;8637;8781;4.14;0.25;338.96;10.17;1286;40;3018.00;144
7352;30;5336682;7352;546;8637;8781;4.14;0.25;338.95;10.17;1285;40;3019.00;144
7357;30;5336699;7357;541;8638;8781;4.12;0.25;339.02;10.17;1281;40;3020.00;143
7362;30;5336713;7362;532;8639;8781;4.11;0.25;339.10;10.17;1277;40;3021.00;142
7362;30;5336728;7362;532;8639;8781;4.17;0.25;339.10;10.17;1277;40;3022.00;142
7365;30;5336742;7365;535;8641;8781;4.17;0.25;339.24;10.17;1276;40;3023.00;140
7366;30;5336757;7366;548;8703;8908;4.58;0.28;339.32;10.10;1337;40;3024.00;205
7368;30;5336782;7368;539;8706;8909;4.64;0.29;339.33;10.10;1338;40;3025.00;203
7370;30;5336798;7370;518;8715;8909;4.75;0.29;339.36;10.09;1345;40;3026.00;194
7373;30;5336814;7373;509;8719;8909;4.80;0.30;339.44;10.09;1346;40;3027.00;190
7375;30;5336828;7375;499;8724;8909;4.90;0.30;339.47;10.08;1349;40;3028.00;185
7375;30;5336843;7375;491;8728;8909;4.96;0.31;339.47;10.08;1353;40;3029.00;181
7377;30;5336859;7377;490;8731;8909;4.94;0.30;339.56;10.18;1354;40;3030.00;178
7378;30;5336875;7378;490;8733;8909;4.98;0.31;339.58;10.18;1355;40;3031.00;176
7382;30;5336894;7382;489;8735;8910;4.99;0.31;339.62;10.18;1353;40;3032.00;175
7383;30;5336909;7383;491;8736;8911;5.00;0.31;339.59;10.18;1353;40;3033.00;175
7384;30;5336924;7384;494;8741;8911;5.00;0.31;339.58;10.18;1357;40;3034.00;170
7387;30;5336938;7387;495;8742;8912;4.98;0.30;339.60;10.18;1355;40;3035.00;170
7389;30;5336953;7389;507;8746;8912;5.00;0.31;339.71;10.18;1357;40;3036.00;166
7390;30;5336968;7390;507;8747;8912;5.00;0.30;339.80;10.18;1357;40;3037.00;165
7392;30;5336983;7392;496;8749;8912;5.00;0.31;339.86;10.18;1357;40;3038.00;163
7394;30;5336998;7394;496;8753;8916;5.04;0.31;339.98;10.18;1359;40;3039.00;163
7396;30;5337014;7396;485;8755;8916;5.05;0.31;340.01;10.19;1359;40;3040.00;161
7396;30;5337030;7396;486;8758;8916;5.06;0.31;340.01;10.19;1362;40;3041.00;158
7398;30;5337047;7398;486;8760;8919;5.11;0.31;339.98;10.19;1362;40;3042.00;159
7400;30;5337062;7400;485;8764;8919;5.13;0.31;340.02;10.19;1364;40;3043.00;155
7401;30;5337079;7401;484;8766;8919;5.18;0.32;340.11;10.19;1365;40;3044.00;153
7405;30;5337093;7405;481;8770;8923;5.19;0.32;340.30;10.19;1365;40;3045.00;153
7406;30;5337109;7406;480;8772;8924;5.25;0.32;340.30;10.19;1366;40;3046.00;152
7408;30;5337124;7408;484;8773;8924;5.29;0.32;340.33;10.19;1365;40;3047.00;151
7412;30;5337139;7412;482;8776;8928;5.30;0.32;340.41;10.19;1364;40;3048.00;152
7412;30;5337154;7412;496;8778;8928;5.31;0.32;340.41;10.18;1366;40;3049.00;150
7415;30;5337169;7415;494;8778;8928;5.33;0.32;340.56;10.18;1363;40;3050.00;150
7416;30;5337184;7416;491;8779;8929;5.37;0.33;340.60;10.18;1363;40;3051.00;150
7419;30;5337198;7419;497;8779;8929;5.37;0.33;340.63;10.18;1360;40;3052.00;150
7420;30;5337212;7420;497;8784;8935;5.39;0.33;340.67;10.18;1364;40;3053.00;151
7422;30;5337227;7422;500;8784;8935;5.34;0.33;340.67;10.18;1362;40;3054.00;151
7424;30;5337241;7424;506;8784;8936;5.32;0.32;340.73;10.18;1360;40;3055.00;152
7425;30;5337261;7425;498;8784;8936;5.30;0.32;340.87;10.18;1359;40;3056.00;152
7428;30;5337283;7428;493;8784;8936;5.28;0.32;340.96;10.18;1356;40;3057.00;152
7431;30;5337299;7431;494;8784;8936;5.28;0.32;341.04;10.18;1353;40;3058.00;152
7432;30;5337314;7432;498;8784;8936;5.31;0.32;341.03;10.18;1352;40;3059.00;152
7436;30;5337330;7436;490;8809;8972;5.35;0.33;341.15;10.15;1373;40;3060.00;163
7438;30;5337350;7438;481;8809;8972;5.39;0.33;341.25;10.15;1371;40;3061.00;163
7440;30;5337365;7440;476;8813;8972;5.46;0.33;341.25;10.15;1373;40;3062.00;159
7442;30;5337381;7442;472;8813;8972;5.49;0.33;341.22;10.15;1371;40;3063.00;159
7444;30;5337396;7444;464;8814;8972;5.48;0.33;341.30;10.14;1370;40;3064.00;158
7447;30;5337417;7447;466;8814;8972;5.47;0.33;341.30;10.14;1367;40;3065.00;158
7449;30;5337438;7449;466;8818;8976;5.50;0.33;341.27;10.14;1369;40;3066.00;158
7452;30;5337453;7452;457;8818;8976;5.53;0.34;341.23;10.14;1366;40;3067.00;158
7455;30;5337468;7455;449;8822;8980;5.61;0.34;341.24;10.14;1367;40;3068.00;158
7460;30;5337483;7460;450;8823;8981;5.61;0.34;341.45;10.14;1363;40;3069.00;158
7464;30;5337498;7464;450;8823;8981;5.61;0.34;341.58;10.14;1359;40;3070.00;158
7468;30;5337513;7468;455;8823;8981;5.60;0.34;341.70;10.14;1355;40;3071.00;158
7471;30;5337527;7471;464;8832;8994;5.56;0.34;341.87;10.13;1361;40;3072.00;162
7476;30;5337548;7476;452;8833;8994;5.47;0.33;341.86;10.12;1357;40;3073.00;161
7481;30;5337563;7481;458;8833;8994;5.47;0.33;341.88;10.12;1352;40;3074.00;161
7486;30;5337578;7486;451;8836;8995;5.45;0.33;342.00;10.21;1350;40;3075.00;159
7489;30;5337595;7489;448;8836;8996;5.45;0.33;341.99;10.21;1347;40;3076.00;160
7494;30;5337610;7494;453;8836;8996;5.39;0.33;341.90;10.21;1342;40;3077.00;160
7499;30;5337625;7499;448;8839;8999;5.41;0.33;342.09;10.21;1340;40;3078.00;160
7500;30;5337640;7500;444;8840;8999;5.47;0.33;342.06;10.20;1340;40;3079.00;159
7503;30;5337654;7503;442;8840;8999;5.43;0.33;342.04;10.20;1337;40;3080.00;159
7507;30;5337668;7507;436;8840;8999;5.39;0.33;342.00;10.20;1333;40;3081.00;159
7507;30;5337683;7507;438;8845;9005;5.44;0.33;342.00;10.20;1338;40;3082.00;160
7510;30;5337697;7510;433;8845;9005;5.43;0.33;342.04;10.20;1335;40;3083.00;160
7513;30;5337711;7513;435;8845;9005;5.38;0.33;342.00;10.20;1332;40;3084.00;160
7514;30;5337731;7514;426;8845;9005;5.36;0.33;342.04;10.20;1331;40;3085.00;160
7516;30;5337744;7516;428;8848;9009;5.31;0.32;342.00;10.20;1332;40;3086.00;161
7519;30;5337760;7519;431;8849;9010;5.25;0.32;342.11;10.20;1330;40;3087.00;161
7521;30;5337775;7521;441;8849;9010;5.23;0.32;342.29;10.20;1328;40;3088.00;161
7522;30;5337790;7522;437;8850;9011;5.23;0.32;342.36;10.19;1328;40;3089.00;161
7525;30;5337807;7525;440;8850;9011;5.18;0.31;342.39;10.19;1325;40;3090.00;161
7527;30;5337821;7527;452;8850;9011;5.14;0.31;342.40;10.19;1323;40;3091.00;161
7531;30;5337836;7531;453;8850;9011;5.10;0.31;342.50;10.19;1319;40;3092.00;161
7533;30;5337850;7533;464;8850;9011;5.05;0.31;342.47;10.19;1317;40;3093.00;161
7537;30;5337864;7537;470;8850;9011;4.99;0.30;342.57;10.19;1313;40;3094.00;161
7538;30;5337877;7538;476;8850;9011;4.94;0.30;342.62;10.19;1312;40;3095.00;161
7540;30;5337890;7540;482;8885;9081;5.08;0.31;342.63;10.15;1345;40;3096.00;196
7542;30;5337910;7542;481;8888;9082;5.09;0.31;342.77;10.15;1346;40;3097.00;194
7542;30;5337924;7542;485;8895;9082;5.13;0.31;342.77;10.14;1353;40;3098.00;187
7544;30;5337937;7544;489;8895;9082;5.13;0.31;342.84;10.14;1351;40;3099.00;187
7546;30;5337952;7546;494;8899;9082;5.18;0.32;342.92;10.19;1353;40;3100.00;183
7548;30;5337969;7548;509;8899;9082;5.16;0.31;343.05;10.19;1351;40;3101.00;183
7549;30;5337984;7549;510;8903;9082;5.17;0.32;343.04;10.19;1354;40;3102.00;179
7553;30;5337997;7553;517;8905;9082;5.16;0.31;343.15;10.23;1352;40;3103.00;177
7558;30;5338011;7558;527;8908;9083;5.17;0.32;343.05;10.23;1350;40;3104.00;175
7562;30;5338024;7562;531;8913;9085;5.15;0.31;343.03;10.23;1351;40;3105.00;172
7564;30;5338039;7564;531;8915;9085;5.11;0.31;343.01;10.27;1351;40;3106.00;170
7566;30;5338053;7566;529;8919;9089;5.08;0.31;343.01;10.27;1353;40;3107.00;170
7571;30;5338068;7571;530;8921;9089;5.08;0.31;343.17;10.31;1350;40;3108.00;168
7574;30;5338082;7574;532;8922;9089;5.05;0.31;343.36;10.31;1348;40;3109.00;167
7575;30;5338096;7575;533;8923;9089;5.02;0.31;343.34;10.31;1348;40;3110.00;166
7577;30;5338109;7577;541;8929;9095;5.01;0.31;343.39;10.35;1352;40;3111.00;166
7580;30;5338123;7580;552;8930;9095;4.96;0.30;343.49;10.35;1350;40;3112.00;165
7582;30;5338137;7582;558;8933;9095;4.92;0.30;343.45;10.43;1351;40;3113.00;162
7585;30;5338151;7585;559;8935;9098;4.88;0.30;343.41;10.43;1350;40;3114.00;163
7586;30;5338164;7586;565;8938;9098;4.83;0.30;343.40;10.51;1352;40;3115.00;160
7590;30;5338177;7590;574;8939;9098;4.76;0.29;343.49;10.51;1349;40;3116.00;159
7593;30;5338191;7593;582;8940;9099;4.68;0.29;343.51;10.55;1347;40;3117.00;159
7593;30;5338204;7593;587;8941;9100;4.66;0.28;343.51;10.55;1348;40;3118.00;159
7597;30;5338217;7597;581;8942;9100;4.61;0.28;343.54;10.59;1345;41;3119.00;158
7598;30;5338241;7598;585;8959;9126;4.67;0.28;343.51;10.57;1361;41;3120.00;167
7601;30;5338256;7601;587;8959;9126;4.61;0.28;343.70;10.57;1358;41;3121.00;167
7605;30;5338270;7605;585;8962;9126;4.58;0.28;343.67;10.57;1357;41;3122.00;164
7606;30;5338283;7606;578;8964;9127;4.58;0.28;343.64;10.57;1358;41;3123.00;163
7610;30;5338296;7610;583;8967;9127;4.56;0.28;343.71;10.65;1357;41;3124.00;160
7612;30;5338309;7612;595;8971;9131;4.60;0.28;343.66;10.65;1359;41;3125.00;160
7614;30;5338322;7614;594;8972;9131;4.58;0.28;343.75;10.69;1358;41;3126.00;159
7617;30;5338335;7617;592;8980;9135;4.50;0.27;343.91;10.89;1363;41;3127.00;155
7617;30;5338349;7617;598;8980;9135;4.48;0.27;343.91;10.89;1363;41;3128.00;155
7620;30;5338361;7620;603;8980;9135;4.43;0.27;343.81;10.89;1360;41;3129.00;155
7624;30;5338374;7624;597;8980;9135;4.39;0.27;343.92;10.89;1356;41;3130.00;155
7628;30;5338387;7628;600;8980;9135;4.27;0.26;343.87;10.89;1352;41;3131.00;155
7632;30;5338400;7632;600;8991;9147;4.20;0.26;343.83;10.91;1359;41;3132.00;156
7636;30;5338414;7636;606;8991;9147;4.05;0.25;343.85;10.91;1355;41;3133.00;156
7639;30;5338426;7639;607;8993;9147;3.95;0.24;343.81;10.95;1354;41;3134.00;154
7642;30;5338443;7642;596;8993;9147;3.87;0.24;343.85;10.95;1351;42;3135.00;154
7646;30;5338465;7646;590;8994;9147;3.80;0.23;343.82;10.99;1348;42;3136.00;153
7649;30;5338477;7649;581;8994;9147;3.75;0.23;343.84;10.99;1345;42;3137.00;153
7650;30;5338489;7650;576;8994;9148;3.76;0.23;343.86;10.99;1344;42;3138.00;154
7652;30;5338501;7652;579;8996;9148;3.77;0.23;343.86;11.07;1344;42;3139.00;152
7657;30;5338513;7657;579;9001;9154;3.77;0.23;343.81;11.06;1344;42;3140.00;153
7661;30;5338527;7661;581;9002;9155;3.75;0.23;343.78;11.06;1341;42;3141.00;153
7664;30;5338539;7664;574;9002;9155;3.72;0.23;343.78;11.06;1338;42;3142.00;153
7672;30;5338551;7672;572;9002;9155;3.62;0.22;343.67;11.06;1330;42;3143.00;153
7675;30;5338563;7675;565;9005;9159;3.64;0.22;343.68;11.05;1330;42;3144.00;154
7677;30;5338576;7677;566;9005;9159;3.62;0.22;343.65;11.05;1328;42;3145.00;154
7678;30;5338589;7678;561;9005;9159;3.60;0.22;343.66;11.05;1327;42;3146.00;154
7682;30;5338600;7682;552;9006;9160;3.56;0.22;343.59;11.05;1324;42;3147.00;154
7684;30;5338613;7684;559;9009;9164;3.62;0.22;343.62;11.05;1325;42;3148.00;155
7686;30;5338625;7686;560;9009;9164;3.63;0.22;343.61;11.05;1323;42;3149.00;155
7691;30;5338639;7691;569;9013;9170;3.66;0.23;343.58;11.05;1322;42;3150.00;157
7693;30;5338653;7693;565;9013;9170;3.70;0.23;343.49;11.05;1320;42;3151.00;157
7695;30;5338668;7695;577;9015;9170;3.76;0.23;343.48;11.04;1320;42;3152.00;155
7699;30;5338681;7699;575;9015;9170;3.82;0.24;343.46;11.04;1316;42;3153.00;155
7702;30;5338694;7702;564;9019;9174;3.89;0.24;343.43;11.04;1317;42;3154.00;155
7705;30;5338708;7705;551;9019;9174;3.93;0.24;343.42;11.04;1314;42;3155.00;155
7710;30;5338722;7710;538;9019;9174;3.91;0.24;343.34;11.04;1309;42;3156.00;155
7713;30;5338736;7713;539;9019;9174;3.93;0.24;343.33;11.04;1306;42;3157.00;155
7715;30;5338749;7715;531;9019;9175;3.96;0.24;343.31;11.04;1304;42;3158.00;156
7717;30;5338762;7717;524;9020;9176;3.99;0.25;343.36;11.04;1303;42;3159.00;156
7719;30;5338776;7719;522;9020;9176;4.00;0.25;343.46;11.04;1301;42;3160.00;156
7721;30;5338788;7721;515;9021;9177;4.06;0.25;343.51;11.04;1300;42;3161.00;156
7724;30;5338801;7724;513;9021;9177;4.11;0.25;343.52;11.04;1297;42;3162.00;156
7728;30;5338814;7728;521;9021;9177;4.14;0.25;343.49;11.04;1293;42;3163.00;156
7731;30;5338832;7731;517;9021;9177;4.18;0.26;343.49;11.04;1290;42;3164.00;156
7732;30;5338866;7732;525;9021;9177;4.19;0.26;343.50;11.04;1289;42;3165.00;156
7736;30;5338882;7736;522;9021;9177;4.23;0.26;343.56;11.04;1285;42;3166.00;156
7738;30;5338896;7738;525;9021;9177;4.25;0.26;343.57;11.04;1283;42;3167.00;156
7743;30;5338909;7743;540;9093;9304;4.65;0.29;343.57;10.95;1350;42;3168.00;211
7746;30;5338936;7746;536;9095;9305;4.63;0.29;343.62;10.95;1349;42;3169.00;210
7752;30;5338950;7752;529;9102;9305;4.65;0.29;343.78;10.94;1350;42;3170.00;203
7754;30;5338964;7754;527;9105;9305;4.67;0.29;343.78;10.94;1351;42;3171.00;200
7757;30;5338978;7757;527;9110;9305;4.65;0.29;343.83;10.93;1353;42;3172.00;195
7760;30;5338992;7760;525;9112;9305;4.65;0.29;343.81;10.93;1352;42;3173.00;193
7763;30;5339006;7763;525;9114;9305;4.60;0.29;343.83;10.93;1351;42;3174.00;191
7768;30;5339020;7768;524;9117;9305;4.62;0.29;344.10;10.93;1349;42;3175.00;188
7773;30;5339033;7773;527;9120;9306;4.57;0.28;344.41;11.04;1347;42;3176.00;186
7778;30;5339048;7778;531;9124;9307;4.49;0.28;344.46;11.04;1346;42;3177.00;183
7779;30;5339062;7779;528;9127;9307;4.43;0.27;344.55;11.04;1348;42;3178.00;180
7782;30;5339076;7782;536;9129;9308;4.37;0.27;344.59;11.04;1347;42;3179.00;179
7784;30;5339093;7784;545;9130;9308;4.37;0.27;344.61;11.04;1346;42;3180.00;178
7786;30;5339110;7786;551;9133;9308;4.37;0.27;344.67;11.04;1347;42;3181.00;175
7787;30;5339125;7787;546;9134;9308;4.43;0.27;344.70;11.04;1347;42;3182.00;174
7792;30;5339140;7792;549;9138;9312;4.46;0.28;344.68;11.03;1346;42;3183.00;174
7794;30;5339155;7794;541;9139;9312;4.49;0.28;344.71;11.04;1345;42;3184.00;173
7797;30;5339169;7797;545;9141;9312;4.47;0.27;344.80;11.04;1344;42;3185.00;171
7799;30;5339187;7799;546;9143;9315;4.50;0.28;344.88;11.04;1344;42;3186.00;172
7802;30;5339203;7802;548;9144;9315;4.50;0.28;345.03;11.04;1342;42;3187.00;171
7804;30;5339222;7804;556;9145;9315;4.52;0.28;345.13;11.04;1341;42;3188.00;170
7807;30;5339237;7807;560;9149;9319;4.52;0.28;345.23;11.03;1342;42;3189.00;170
7811;30;5339255;7811;568;9152;9320;4.58;0.28;345.33;11.03;1341;42;3190.00;168
7814;30;5339272;7814;551;9155;9322;4.58;0.28;345.49;11.14;1341;42;3191.00;167
7820;30;5339288;7820;540;9158;9326;4.62;0.28;345.64;11.13;1338;42;3192.00;168
7824;30;5339308;7824;535;9159;9326;4.68;0.29;345.72;11.13;1335;42;3193.00;167
7827;30;5339325;7827;527;9159;9326;4.76;0.29;345.80;11.13;1332;42;3194.00;167
7830;30;5339341;7830;522;9161;9328;4.82;0.30;345.93;11.13;1331;42;3195.00;167
7832;30;5339364;7832;512;9161;9328;4.93;0.30;345.98;11.13;1329;42;3196.00;167
7835;30;5339382;7835;512;9166;9334;4.93;0.30;346.18;11.12;1331;42;3197.00;168
7838;30;5339401;7838;513;9166;9334;4.94;0.30;346.24;11.12;1328;42;3198.00;168
7839;30;5339417;7839;516;9166;9335;4.96;0.30;346.26;11.12;1327;42;3199.00;169
7842;30;5339433;7842;513;9166;9335;4.97;0.30;346.38;11.12;1324;42;3200.00;169
7843;30;5339452;7843;512;9166;9335;4.98;0.30;346.38;11.12;1323;42;3201.00;169
7846;30;5339467;7846;510;9167;9335;4.94;0.30;346.48;11.22;1321;42;3202.00;168
7851;30;5339482;7851;502;9167;9335;4.89;0.30;346.58;11.22;1316;42;3203.00;168
7854;30;5339498;7854;502;9177;9347;4.92;0.30;346.68;11.21;1323;42;3204.00;170
7856;30;5339514;7856;501;9177;9347;4.96;0.30;346.66;11.21;1321;42;3205.00;170
7858;30;5339529;7858;502;9178;9347;5.03;0.31;346.71;11.21;1320;42;3206.00;169
7861;30;5339544;7861;496;9179;9347;5.05;0.31;346.82;11.30;1318;42;3207.00;168
7865;30;5339559;7865;494;9179;9347;5.05;0.31;346.92;11.30;1314;42;3208.00;168
7865;30;5339575;7865;504;9179;9347;5.12;0.31;346.92;11.30;1314;42;3209.00;168
7867;30;5339592;7867;507;9182;9351;5.13;0.31;346.91;11.30;1315;42;3210.00;169
7869;30;5339608;7869;505;9182;9351;5.15;0.31;346.95;11.30;1313;42;3211.00;169
7870;30;5339623;7870;502;9187;9355;5.20;0.32;346.99;11.39;1317;42;3212.00;168
7870;30;5339639;7870;506;9188;9356;5.23;0.32;346.99;11.39;1318;42;3213.00;168
7871;30;5339655;7871;510;9188;9356;5.24;0.32;346.97;11.39;1317;42;3214.00;168
7872;30;5339670;7872;510;9188;9356;5.24;0.32;347.03;11.39;1316;42;3215.00;168
7874;30;5339686;7874;511;9199;9369;5.32;0.32;347.06;11.37;1325;42;3216.00;170
7878;30;5339701;7878;519;9199;9369;5.31;0.32;347.15;11.37;1321;42;3217.00;170
7880;30;5339716;7880;519;9199;9369;5.31;0.32;347.18;11.37;1319;42;3218.00;170
7880;30;5339731;7880;516;9200;9370;5.35;0.32;347.18;11.37;1320;42;3219.00;170
7882;30;5339747;7882;519;9200;9371;5.35;0.32;347.25;11.37;1318;42;3220.00;171
7883;30;5339762;7883;518;9200;9371;5.35;0.32;347.33;11.37;1317;42;3221.00;171
7885;30;5339777;7885;527;9202;9374;5.38;0.33;347.32;11.37;1317;42;3222.00;172
7886;30;5339793;7886;527;9202;9374;5.39;0.33;347.32;11.37;1316;42;3223.00;172
7887;30;5339807;7887;525;9203;9374;5.39;0.33;347.29;11.37;1316;42;3224.00;171
7891;30;5339822;7891;524;9203;9374;5.38;0.33;347.44;11.37;1312;42;3225.00;171
7892;30;5339837;7892;518;9208;9380;5.39;0.33;347.43;11.36;1316;42;3226.00;172
7895;30;5339855;7895;525;9208;9380;5.34;0.32;347.54;11.36;1313;42;3227.00;172
7897;30;5339869;7897;517;9208;9380;5.31;0.32;347.53;11.36;1311;42;3228.00;172
7899;30;5339884;7899;522;9208;9380;5.27;0.32;347.68;11.36;1309;42;3229.00;172
7902;30;5339900;7902;503;9211;9384;5.20;0.31;347.74;11.36;1309;42;3230.00;173
7904;30;5339915;7904;498;9212;9385;5.19;0.31;347.72;11.36;1308;42;3231.00;173
7907;30;5339930;7907;490;9212;9385;5.17;0.31;347.89;11.36;1305;42;3232.00;173
7913;30;5339945;7913;487;9213;9386;5.14;0.31;348.16;11.36;1300;42;3233.00;173
7915;30;5339959;7915;484;9213;9386;5.14;0.31;348.20;11.36;1298;42;3234.00;173
7916;30;5339974;7916;480;9213;9386;5.16;0.31;348.20;11.36;1297;42;3235.00;173
7917;30;5339988;7917;476;9213;9386;5.15;0.31;348.25;11.36;1296;42;3236.00;173
7919;30;5340002;7919;467;9213;9386;5.12;0.31;348.32;11.36;1294;42;3237.00;173
7923;30;5340017;7923;461;9213;9386;5.06;0.31;348.43;11.36;1290;42;3238.00;173
7925;30;5340031;7925;454;9213;9386;5.04;0.30;348.40;11.36;1288;42;3239.00;173
7927;30;5340047;7927;464;9273;9511;5.22;0.32;348.42;11.38;1346;42;3240.00;238
7931;30;5340072;7931;457;9275;9512;5.16;0.32;348.49;11.38;1344;42;3241.00;237
7934;30;5340086;7934;464;9285;9512;5.21;0.32;348.44;11.37;1351;42;3242.00;227
7937;30;5340101;7937;460;9288;9512;5.21;0.32;348.57;11.37;1351;42;3243.00;224
7941;30;5340123;7941;454;9293;9512;5.19;0.32;348.51;11.36;1352;42;3244.00;219
7945;30;5340138;7945;458;9297;9512;5.21;0.32;348.62;11.36;1352;42;3245.00;215
7946;30;5340153;7946;460;9303;9512;5.24;0.32;348.64;11.36;1357;42;3246.00;209
7948;30;5340167;7948;468;9307;9512;5.25;0.32;348.82;11.35;1359;42;3247.00;205
7951;30;5340182;7951;469;9313;9513;5.25;0.32;348.86;11.35;1362;42;3248.00;200
7952;30;5340198;7952;468;9315;9514;5.24;0.32;348.95;11.35;1363;42;3249.00;199
7956;30;5340213;7956;468;9320;9514;5.20;0.32;349.10;11.35;1364;42;3250.00;194
7958;30;5340228;7958;473;9323;9518;5.15;0.32;349.18;11.35;1365;42;3251.00;195
7962;30;5340243;7962;465;9324;9518;5.07;0.31;349.20;11.35;1362;42;3252.00;194
7966;30;5340264;7966;468;9325;9518;5.01;0.31;349.22;11.35;1359;42;3253.00;193
7967;30;5340279;7967;474;9325;9518;4.94;0.30;349.23;11.35;1358;42;3254.00;193
7969;30;5340295;7969;481;9330;9524;4.87;0.30;349.34;11.34;1361;42;3255.00;194
7971;30;5340310;7971;482;9330;9524;4.79;0.29;349.43;11.34;1359;42;3256.00;194
7972;30;5340325;7972;487;9330;9524;4.75;0.29;349.44;11.34;1358;42;3257.00;194
7974;30;5340340;7974;488;9332;9527;4.73;0.29;349.49;11.34;1358;42;3258.00;195
7976;30;5340355;7976;497;9332;9527;4.71;0.29;349.50;11.34;1356;42;3259.00;195
7976;30;5340370;7976;492;9332;9527;4.68;0.29;349.50;11.34;1356;42;3260.00;195
7978;30;5340385;7978;496;9332;9528;4.63;0.28;349.45;11.34;1354;42;3261.00;196
7980;30;5340399;7980;498;9333;9529;4.63;0.28;349.46;11.34;1353;42;3262.00;196
7983;30;5340413;7983;493;9334;9529;4.60;0.28;349.55;11.34;1351;42;3263.00;195
7985;30;5340428;7985;494;9344;9542;4.64;0.28;349.72;11.32;1359;42;3264.00;198
7988;30;5340442;7988;498;9345;9542;4.67;0.29;349.73;11.37;1357;42;3265.00;197
7991;30;5340456;7991;501;9345;9542;4.70;0.29;349.80;11.37;1354;42;3266.00;197
7994;30;5340470;7994;503;9346;9543;4.66;0.29;349.84;11.37;1352;42;3267.00;197
7996;30;5340484;7996;507;9348;9543;4.62;0.28;349.87;11.47;1352;42;3268.00;195
7998;30;5340498;7998;515;9351;9547;4.61;0.28;349.80;11.46;1353;42;3269.00;196
8000;30;5340514;8000;516;9354;9547;4.60;0.28;349.85;11.56;1354;42;3270.00;193
8004;30;5340528;8004;525;9357;9551;4.54;0.28;349.87;11.55;1353;42;3271.00;194
8007;30;5340542;8007;533;9357;9551;4.51;0.28;350.00;11.55;1350;42;3272.00;194
8008;30;5340555;8008;541;9359;9551;4.48;0.28;350.08;11.60;1351;42;3273.00;192
8009;30;5340568;8009;547;9359;9551;4.40;0.27;350.11;11.60;1350;42;3274.00;192
8012;30;5340582;8012;555;9359;9551;4.35;0.27;350.10;11.60;1347;42;3275.00;192
8014;30;5340595;8014;555;9370;9563;4.33;0.27;350.17;11.64;1356;42;3276.00;193
8016;30;5340609;8016;560;9373;9563;4.28;0.26;350.13;11.77;1357;42;3277.00;190
8020;30;5340622;8020;570;9374;9563;4.24;0.26;350.11;11.77;1354;42;3278.00;189
8024;30;5340635;8024;567;9375;9563;4.21;0.26;350.13;11.82;1351;42;3279.00;188
8027;30;5340648;8027;572;9375;9563;4.14;0.25;350.14;11.82;1348;42;3280.00;188
8028;30;5340661;8028;575;9377;9563;4.11;0.25;350.15;11.91;1349;42;3281.00;186
8031;30;5340673;8031;575;9378;9564;4.07;0.25;350.10;11.95;1347;42;3282.00;186
8031;30;5340686;8031;583;9378;9564;4.03;0.25;350.10;11.95;1347;42;3283.00;186
8031;30;5340698;8031;578;9384;9570;4.04;0.25;350.10;11.99;1353;42;3284.00;186
8035;30;5340711;8035;577;9386;9572;3.93;0.24;350.20;11.99;1351;42;3285.00;186
8037;30;5340724;8037;577;9386;9572;3.88;0.24;350.14;11.99;1349;42;3286.00;186
8041;30;5340737;8041;587;9386;9572;3.79;0.23;350.13;11.99;1345;42;3287.00;186
8044;30;5340749;8044;583;9390;9576;3.82;0.23;350.04;12.03;1346;42;3288.00;186
8047;30;5340762;8047;589;9390;9576;3.80;0.23;350.01;12.03;1343;42;3289.00;186
8047;30;5340774;8047;595;9390;9576;3.80;0.23;350.01;12.03;1343;42;3290.00;186
8050;30;5340788;8050;596;9392;9577;3.78;0.23;350.03;12.07;1342;42;3291.00;185
8051;30;5340800;8051;595;9395;9581;3.77;0.23;350.04;12.06;1344;42;3292.00;186
8053;30;5340813;8053;599;9395;9581;3.75;0.23;350.00;12.06;1342;42;3293.00;186
8055;30;5340825;8055;595;9398;9584;3.78;0.23;349.98;12.10;1343;42;3294.00;186
8056;30;5340838;8056;595;9398;9584;3.77;0.23;349.94;12.10;1342;42;3295.00;186
8058;30;5340850;8058;595;9399;9584;3.72;0.23;349.89;12.10;1341;42;3296.00;185
8060;30;5340862;8060;593;9399;9584;3.67;0.23;349.87;12.10;1339;42;3297.00;185
8061;30;5340874;8061;594;9403;9588;3.66;0.23;349.90;12.10;1342;42;3298.00;185
8063;30;5340886;8063;594;9404;9588;3.57;0.22;349.93;12.14;1341;42;3299.00;184
8066;30;5340901;8066;585;9409;9607;3.50;0.22;349.98;12.13;1343;42;3300.00;198
8069;30;5340918;8069;568;9409;9607;3.46;0.21;350.00;12.13;1340;42;3301.00;198
8071;30;5340931;8071;556;9409;9608;3.48;0.21;350.03;12.13;1338;42;3302.00;199
8075;30;5340945;8075;539;9410;9609;3.47;0.21;350.02;12.13;1335;42;3303.00;199
8078;30;5340957;8078;528;9410;9609;3.52;0.22;349.99;12.13;1332;42;3304.00;199
8080;30;5340970;8080;533;9412;9610;3.58;0.22;349.99;12.13;1332;42;3305.00;198
8081;30;5340988;8081;524;9413;9610;3.61;0.22;350.01;12.13;1332;42;3306.00;197
8082;30;5341001;8082;512;9413;9610;3.70;0.23;350.04;12.13;1331;42;3307.00;197
8085;30;5341014;8085;498;9413;9610;3.79;0.23;350.00;12.13;1328;42;3308.00;197
8089;30;5341027;8089;494;9413;9610;3.83;0.23;349.96;12.13;1324;42;3309.00;197
8089;30;5341041;8089;492;9413;9610;3.88;0.24;349.96;12.13;1324;42;3310.00;197
8092;30;5341053;8092;490;9414;9610;3.91;0.24;349.95;12.13;1322;42;3311.00;196
8093;30;5341067;8093;484;9478;9737;4.26;0.27;349.94;12.05;1385;42;3312.00;259
8095;30;5341091;8095;482;9480;9738;4.28;0.27;349.92;12.05;1385;42;3313.00;258
8100;30;5341106;8100;477;9488;9738;4.37;0.27;349.90;12.04;1388;42;3314.00;250
8102;30;5341119;8102;478;9489;9738;4.39;0.27;349.87;12.04;1387;42;3315.00;249
8106;30;5341132;8106;480;9496;9738;4.42;0.28;349.79;12.03;1390;42;3316.00;242
8110;30;5341146;8110;478;9500;9738;4.45;0.28;349.84;12.03;1390;42;3317.00;238
8110;30;5341160;8110;484;9505;9738;4.52;0.28;349.84;12.03;1395;42;3318.00;233
8113;30;5341174;8113;485;9509;9738;4.55;0.28;349.84;12.03;1396;42;3319.00;229
8115;30;5341187;8115;479;9511;9739;4.59;0.28;349.81;12.03;1396;42;3320.00;228
8120;30;5341202;8120;478;9514;9740;4.62;0.29;349.94;12.03;1394;42;3321.00;226
8122;30;5341217;8122;482;9517;9740;4.70;0.29;349.95;12.02;1395;42;3322.00;223
8126;30;5341232;8126;483;9520;9741;4.68;0.29;349.97;12.03;1394;42;3323.00;221
8128;30;5341247;8128;491;9522;9741;4.64;0.29;349.93;12.13;1394;42;3324.00;219
8133;30;5341262;8133;488;9523;9741;4.63;0.29;349.87;12.13;1390;42;3325.00;218
8135;30;5341276;8135;494;9525;9741;4.63;0.29;349.85;12.13;1390;42;3326.00;216
8138;30;5341291;8138;502;9527;9745;4.64;0.29;349.81;12.13;1389;42;3327.00;218
8140;30;5341306;8140;501;9530;9745;4.66;0.29;349.84;12.13;1390;42;3328.00;215
8147;30;5341320;8147;505;9532;9745;4.61;0.28;349.86;12.13;1385;42;3329.00;213
8153;30;5341342;8153;522;9535;9751;4.57;0.28;349.99;12.13;1382;42;3330.00;216
8155;30;5341358;8155;518;9537;9751;4.59;0.28;349.98;12.13;1382;42;3331.00;214
8159;30;5341373;8159;523;9538;9751;4.61;0.28;349.99;12.13;1379;42;3332.00;213
8163;30;5341388;8163;525;9543;9755;4.55;0.28;350.09;12.13;1380;42;3333.00;212
8169;30;5341403;8169;518;9544;9756;4.53;0.28;350.19;12.13;1375;42;3334.00;212
8171;30;5341417;8171;520;9546;9756;4.52;0.28;350.28;12.13;1375;42;3335.00;210
8173;30;5341431;8173;517;9548;9760;4.55;0.28;350.30;12.13;1375;42;3336.00;212
8180;30;5341445;8180;510;9549;9760;4.50;0.28;350.40;12.13;1369;42;3337.00;211
8185;30;5341460;8185;513;9552;9760;4.50;0.28;350.52;12.13;1367;42;3338.00;208
8189;30;5341475;8189;503;9553;9761;4.51;0.28;350.56;12.23;1364;42;3339.00;208
8193;30;5341489;8193;503;9554;9761;4.51;0.28;350.72;12.23;1361;42;3340.00;207
8200;30;5341504;8200;509;9561;9767;4.43;0.27;350.70;12.23;1361;42;3341.00;206
8201;30;5341524;8201;509;9562;9767;4.42;0.27;350.70;12.23;1361;42;3342.00;205
8204;30;5341541;8204;515;9563;9768;4.36;0.27;350.77;12.23;1359;42;3343.00;205
8207;30;5341559;8207;510;9565;9768;4.32;0.26;350.84;12.23;1358;42;3344.00;203
8212;30;5341575;8212;516;9567;9768;4.28;0.26;350.86;12.23;1355;42;3345.00;201
8217;30;5341591;8217;528;9567;9768;4.21;0.26;351.01;12.23;1350;42;3346.00;201
8219;30;5341605;8219;520;9568;9768;4.16;0.25;351.04;12.23;1349;42;3347.00;200
8223;30;5341620;8223;515;9578;9780;4.14;0.25;351.13;12.22;1355;42;3348.00;202
8225;30;5341636;8225;503;9580;9780;4.17;0.25;351.20;12.32;1355;42;3349.00;200
8228;30;5341650;8228;510;9580;9780;4.21;0.26;351.25;12.32;1352;42;3350.00;200
8232;30;5341665;8232;512;9580;9780;4.20;0.25;351.29;12.32;1348;42;3351.00;200
8236;30;5341680;8236;512;9580;9780;4.19;0.25;351.43;12.32;1344;42;3352.00;200
8239;30;5341694;8239;513;9580;9780;4.18;0.25;351.50;12.32;1341;42;3353.00;200
8242;30;5341711;8242;513;9583;9784;4.14;0.25;351.64;12.31;1341;42;3354.00;201
8246;30;5341730;8246;515;9583;9784;4.17;0.25;351.61;12.31;1337;42;3355.00;201
8249;30;5341752;8249;504;9587;9788;4.23;0.26;351.73;12.31;1338;42;3356.00;201
8251;30;5341779;8251;489;9588;9789;4.30;0.26;351.75;12.31;1337;42;3357.00;201
8252;30;5341806;8252;484;9588;9789;4.36;0.27;351.76;12.31;1336;42;3358.00;201
8257;30;5341829;8257;469;9588;9789;4.38;0.27;351.93;12.31;1331;42;3359.00;201
8260;30;5341856;8260;478;9614;9818;4.43;0.27;352.07;12.37;1354;42;3360.00;204
8264;30;5341878;8264;467;9614;9818;4.47;0.27;352.11;12.37;1350;42;3361.00;204
8266;30;5341895;8266;474;9614;9818;4.55;0.28;352.17;12.37;1348;42;3362.00;204
8267;30;5341911;8267;480;9615;9819;4.65;0.28;352.22;12.37;1348;42;3363.00;204
8269;30;5341927;8269;483;9615;9820;4.69;0.29;352.29;12.37;1346;42;3364.00;205
8273;30;5341942;8273;499;9615;9820;4.72;0.29;352.55;12.37;1342;42;3365.00;205
8276;30;5341958;8276;506;9617;9823;4.78;0.29;352.69;12.37;1341;42;3366.00;206
8280;30;5341974;8280;498;9618;9823;4.75;0.29;352.89;12.37;1338;42;3367.00;205
8282;30;5341996;8282;505;9618;9823;4.75;0.29;352.96;12.37;1336;42;3368.00;205
8286;30;5342011;8286;507;9618;9823;4.71;0.29;353.21;12.37;1332;42;3369.00;205
8288;30;5342028;8288;512;9623;9829;4.72;0.29;353.33;12.36;1335;42;3370.00;206
8294;30;5342043;8294;517;9623;9829;4.68;0.28;353.63;12.36;1329;42;3371.00;206
8300;30;5342061;8300;508;9623;9829;4.68;0.28;353.65;12.36;1323;42;3372.00;206
8303;30;5342078;8303;504;9623;9829;4.66;0.28;353.58;12.36;1320;42;3373.00;206
8306;30;5342097;8306;501;9627;9833;4.66;0.28;353.66;12.45;1321;42;3374.00;206
8306;30;5342117;8306;501;9629;9835;4.70;0.28;353.66;12.45;1323;42;3375.00;206
8310;30;5342149;8310;497;9629;9835;4.65;0.28;353.67;12.45;1319;42;3376.00;206
8312;30;5342186;8312;494;9630;9836;4.69;0.28;353.75;12.45;1318;42;3377.00;206
8314;30;5342210;8314;505;9630;9836;4.68;0.28;353.84;12.45;1316;42;3378.00;206
8316;30;5342235;8316;500;9630;9836;4.73;0.29;353.92;12.45;1314;42;3379.00;206
8316;30;5342259;8316;510;9630;9836;4.77;0.29;353.92;12.45;1314;42;3380.00;206
8317;30;5342281;8317;504;9630;9836;4.81;0.29;353.96;12.45;1313;42;3381.00;206
8319;30;5342304;8319;504;9630;9836;4.79;0.29;354.00;12.45;1311;42;3382.00;206
8320;30;5342330;8320;504;9630;9836;4.83;0.29;353.99;12.45;1310;42;3383.00;206
8322;30;5342361;8322;515;9668;9906;4.90;0.30;353.96;12.40;1346;42;3384.00;238
8324;30;5342396;8324;513;9668;9907;4.91;0.30;354.01;12.40;1344;42;3385.00;239
8325;30;5342419;8325;506;9673;9907;4.96;0.30;354.10;12.40;1348;42;3386.00;234
8328;30;5342441;8328;513;9673;9907;4.91;0.30;354.10;12.40;1345;42;3387.00;234
8330;30;5342470;8330;521;9675;9907;4.87;0.29;354.24;12.39;1345;42;3388.00;232
8331;30;5342492;8331;519;9677;9907;4.87;0.30;354.29;12.49;1346;42;3389.00;230
8331;30;5342514;8331;522;9681;9907;4.91;0.30;354.29;12.49;1350;42;3390.00;226
8335;30;5342535;8335;520;9683;9907;4.89;0.30;354.30;12.49;1348;42;3391.00;224
8337;30;5342555;8337;510;9686;9908;4.87;0.30;354.39;12.48;1349;42;3392.00;222
8337;30;5342575;8337;515;9688;9909;4.89;0.30;354.39;12.48;1351;42;3393.00;221
8340;30;5342596;8340;513;9692;9909;4.88;0.30;354.40;12.48;1352;42;3394.00;217
8342;30;5342611;8342;513;9697;9913;4.86;0.29;354.37;12.48;1355;42;3395.00;216
8343;30;5342628;8343;515;9699;9913;4.84;0.29;354.41;12.48;1356;42;3396.00;214
8344;30;5342644;8344;507;9699;9913;4.81;0.29;354.50;12.48;1355;42;3397.00;214
8345;30;5342661;8345;509;9699;9913;4.78;0.29;354.48;12.48;1354;42;3398.00;214
8345;30;5342684;8345;502;9704;9919;4.84;0.29;354.48;12.47;1359;42;3399.00;215
8349;30;5342707;8349;501;9706;9919;4.84;0.29;354.55;12.47;1357;42;3400.00;213
8350;30;5342732;8350;497;9706;9919;4.81;0.29;354.56;12.47;1356;42;3401.00;213
8351;30;5342746;8351;494;9708;9922;4.82;0.29;354.62;12.47;1357;42;3402.00;214
8354;30;5342761;8354;491;9708;9922;4.75;0.29;354.71;12.47;1354;42;3403.00;214
8358;30;5342776;8358;496;9709;9922;4.70;0.29;354.75;12.47;1351;42;3404.00;213
8361;30;5342798;8361;488;9711;9923;4.63;0.28;354.74;12.58;1350;42;3405.00;212
8364;30;5342825;8364;490;9712;9924;4.60;0.28;354.77;12.57;1348;42;3406.00;212
8367;30;5342851;8367;491;9712;9924;4.57;0.28;354.82;12.57;1345;42;3407.00;212
8371;30;5342874;8371;491;9722;9937;4.60;0.28;354.92;12.56;1351;42;3408.00;215
8373;30;5342904;8373;501;9722;9937;4.59;0.28;354.87;12.56;1349;42;3409.00;215
8376;30;5342926;8376;501;9722;9937;4.56;0.28;354.93;12.56;1346;42;3410.00;215
8378;30;5342948;8378;499;9723;9938;4.56;0.28;355.02;12.56;1345;42;3411.00;215
8379;30;5342967;8379;507;9723;9938;4.58;0.28;355.03;12.56;1344;42;3412.00;215
8382;30;5342985;8382;512;9727;9942;4.57;0.28;355.09;12.56;1345;42;3413.00;215
8384;30;5343005;8384;521;9727;9942;4.59;0.28;355.13;12.56;1343;42;3414.00;215
8388;30;5343025;8388;521;9730;9946;4.54;0.28;355.18;12.55;1342;42;3415.00;216
8390;30;5343052;8390;518;9730;9946;4.53;0.28;355.19;12.55;1340;42;3416.00;216
8391;30;5343069;8391;527;9732;9946;4.50;0.28;355.18;12.55;1341;42;3417.00;214
8394;30;5343091;8394;530;9732;9946;4.47;0.27;355.12;12.55;1338;42;3418.00;214
8396;30;5343110;8396;538;9732;9946;4.44;0.27;355.12;12.55;1336;42;3419.00;214
8399;30;5343127;8399;532;9755;9980;4.56;0.28;355.27;12.52;1356;42;3420.00;225
8399;30;5343147;8399;530;9757;9980;4.53;0.28;355.27;12.52;1358;42;3421.00;223
8402;30;5343163;8402;537;9760;9980;4.50;0.28;355.45;12.52;1358;42;3422.00;220
8404;30;5343179;8404;530;9760;9980;4.48;0.28;355.54;12.52;1356;42;3423.00;220
8406;30;5343196;8406;544;9761;9980;4.48;0.27;355.52;12.52;1355;42;3424.00;219
8408;30;5343212;8408;548;9761;9980;4.43;0.27;355.48;12.52;1353;42;3425.00;219
8411;30;5343226;8411;551;9761;9981;4.34;0.27;355.47;12.52;1350;42;3426.00;220
8414;30;5343242;8414;557;9761;9981;4.23;0.26;355.48;12.52;1347;42;3427.00;220
8415;30;5343257;8415;566;9766;9987;4.19;0.26;355.46;12.51;1351;42;3428.00;221
8418;30;5343273;8418;572;9768;9988;4.11;0.25;355.44;12.56;1350;42;3429.00;220
8418;30;5343290;8418;582;9768;9988;4.05;0.25;355.44;12.56;1350;42;3430.00;220
8422;30;5343303;8422;586;9768;9988;3.97;0.24;355.34;12.56;1346;42;3431.00;220
8422;30;5343317;8422;597;9772;9992;3.97;0.24;355.34;12.62;1350;42;3432.00;220
8427;30;5343333;8427;604;9772;9992;3.87;0.24;355.22;12.62;1345;42;3433.00;220
8429;30;5343348;8429;604;9773;9992;3.82;0.24;355.21;12.67;1344;42;3434.00;219
8431;30;5343362;8431;611;9774;9993;3.78;0.23;355.17;12.67;1343;42;3435.00;219
8434;30;5343375;8434;617;9778;9997;3.77;0.23;355.13;12.72;1344;42;3436.00;219
8436;30;5343396;8436;618;9778;9997;3.76;0.23;355.07;12.72;1342;42;3437.00;219
8438;30;5343412;8438;621;9781;10000;3.78;0.23;355.08;12.77;1343;42;3438.00;219
8441;30;5343429;8441;627;9782;10000;3.72;0.23;355.03;12.77;1341;42;3439.00;218
8442;30;5343447;8442;627;9783;10000;3.70;0.23;355.03;12.83;1341;42;3440.00;217
8447;30;5343465;8447;634;9783;10000;3.68;0.23;355.05;12.83;1336;42;3441.00;217
8448;30;5343480;8448;639;9788;10004;3.72;0.23;355.07;12.88;1340;42;3442.00;216
8448;30;5343494;8448;637;9788;10004;3.70;0.23;355.07;12.88;1340;42;3443.00;216
8449;30;5343507;8449;648;9790;10004;3.65;0.22;355.09;12.99;1341;42;3444.00;214
8451;30;5343519;8451;644;9791;10004;3.59;0.22;355.05;13.04;1340;42;3445.00;213
8452;30;5343533;8452;655;9792;10005;3.52;0.22;355.13;13.10;1340;42;3446.00;213
8453;30;5343548;8453;659;9793;10006;3.46;0.21;355.10;13.10;1340;42;3447.00;213
8454;30;5343562;8454;653;9795;10006;3.43;0.21;355.11;13.20;1341;42;3448.00;211
8456;30;5343578;8456;636;9796;10007;3.41;0.21;355.07;13.20;1340;42;3449.00;211
8456;30;5343598;8456;641;9796;10007;3.43;0.21;355.07;13.20;1340;42;3450.00;211
8460;30;5343618;8460;625;9798;10007;3.40;0.21;355.04;13.31;1338;42;3451.00;209
8460;30;5343637;8460;623;9799;10007;3.48;0.21;355.04;13.36;1339;42;3452.00;208
8460;30;5343652;8460;614;9800;10007;3.54;0.22;355.04;13.41;1340;42;3453.00;207
8461;30;5343667;8461;613;9800;10007;3.57;0.22;355.01;13.41;1339;42;3454.00;207
8461;30;5343687;8461;609;9802;10007;3.57;0.22;355.01;13.51;1341;42;3455.00;205
8463;30;5343701;8463;625;9869;10134;3.90;0.24;354.98;13.42;1406;42;3456.00;265
8463;30;5343725;8463;611;9873;10135;3.95;0.24;354.98;13.42;1410;42;3457.00;262
8464;30;5343745;8464;605;9882;10135;4.00;0.25;354.94;13.51;1418;42;3458.00;253
8464;30;5343759;8464;607;9888;10135;4.04;0.25;354.94;13.50;1424;42;3459.00;247
8464;30;5343773;8464;604;9896;10135;4.08;0.25;354.94;13.60;1432;42;3460.00;239
8467;30;5343787;8467;605;9897;10135;4.01;0.25;354.95;13.60;1430;42;3461.00;238
8469;30;5343804;8469;602;9900;10135;3.99;0.25;354.93;13.59;1431;42;3462.00;235
8470;30;5343819;8470;608;9905;10135;3.92;0.24;354.94;13.69;1435;42;3463.00;230
8475;30;5343834;8475;619;9909;10136;3.85;0.24;354.90;13.69;1434;42;3464.00;227
8476;30;5343849;8476;614;9914;10138;3.86;0.24;354.87;13.78;1438;42;3465.00;224
8479;30;5343866;8479;619;9916;10138;3.82;0.23;354.87;13.78;1437;42;3466.00;222
8479;30;5343880;8479;610;9918;10139;3.81;0.23;354.87;13.78;1439;42;3467.00;221
8481;30;5343896;8481;613;9923;10139;3.78;0.23;354.90;13.87;1442;42;3468.00;216
8484;30;5343910;8484;614;9923;10139;3.79;0.23;354.99;13.87;1439;42;3469.00;216
8485;30;5343927;8485;597;9926;10139;3.83;0.23;355.01;13.97;1441;42;3470.00;213
8487;30;5343943;8487;609;9931;10143;3.87;0.24;354.99;13.97;1444;42;3471.00;212
8492;30;5343959;8492;608;9933;10143;3.89;0.24;355.02;13.96;1441;42;3472.00;210
8494;30;5343974;8494;596;9933;10143;3.90;0.24;355.08;13.96;1439;42;3473.00;210
8498;30;5343989;8498;595;9934;10146;3.87;0.24;355.14;13.96;1436;42;3474.00;212
8501;30;5344004;8501;595;9934;10146;3.86;0.24;355.07;13.96;1433;42;3475.00;212
8507;30;5344019;8507;593;9934;10146;3.84;0.23;355.15;13.96;1427;42;3476.00;212
8509;30;5344035;8509;591;9938;10150;3.84;0.23;355.11;13.96;1429;42;3477.00;212
8512;30;5344049;8512;586;9939;10151;3.83;0.23;355.07;13.96;1427;42;3478.00;212
8515;30;5344064;8515;586;9939;10151;3.83;0.23;355.13;13.96;1424;42;3479.00;212
8518;30;5344082;8518;575;9944;10156;3.89;0.24;355.22;13.95;1426;42;3480.00;212
8519;30;5344097;8519;584;9944;10156;3.92;0.24;355.20;13.95;1425;42;3481.00;212
8522;30;5344119;8522;583;9945;10156;3.96;0.24;355.47;13.95;1423;42;3482.00;211
8524;30;5344134;8524;579;9945;10157;4.04;0.25;355.49;13.95;1421;42;3483.00;212
8529;30;5344151;8529;577;9946;10157;4.07;0.25;355.51;13.96;1417;42;3484.00;211
8532;30;5344167;8532;575;9950;10163;4.14;0.25;355.54;13.95;1418;42;3485.00;213
8535;30;5344184;8535;576;9950;10163;4.19;0.25;355.50;13.95;1415;42;3486.00;213
8536;30;5344200;8536;575;9950;10164;4.25;0.26;355.53;13.95;1414;42;3487.00;214
8540;30;5344215;8540;567;9950;10164;4.26;0.26;355.72;13.95;1410;42;3488.00;214
8542;30;5344231;8542;566;9950;10164;4.30;0.26;355.76;13.95;1408;42;3489.00;214
8549;30;5344246;8549;572;9950;10164;4.29;0.26;356.01;13.95;1401;42;3490.00;214
8553;30;5344262;8553;569;9950;10164;4.29;0.26;356.13;13.95;1397;42;3491.00;214
8555;30;5344278;8555;568;9959;10176;4.33;0.26;356.13;13.94;1404;42;3492.00;217
8560;30;5344302;8560;565;9960;10176;4.32;0.26;356.21;14.03;1400;42;3493.00;216
8564;30;5344322;8564;557;9960;10176;4.34;0.26;356.33;14.03;1396;42;3494.00;216
8569;30;5344339;8569;555;9960;10176;4.35;0.26;356.53;14.03;1391;42;3495.00;216
8573;30;5344356;8573;550;9960;10176;4.37;0.27;356.76;14.03;1387;42;3496.00;216
8577;30;5344372;8577;543;9960;10176;4.37;0.27;356.73;14.03;1383;42;3497.00;216
8580;30;5344388;8580;539;9963;10180;4.45;0.27;356.87;14.03;1383;42;3498.00;217
8583;30;5344404;8583;529;9963;10180;4.48;0.27;357.10;14.03;1380;42;3499.00;217
8586;30;5344420;8586;528;9966;10184;4.50;0.27;357.19;14.03;1380;42;3500.00;218
8590;30;5344440;8590;523;9966;10185;4.52;0.27;357.26;14.03;1376;42;3501.00;219
8596;30;5344457;8596;523;9966;10185;4.47;0.27;357.36;14.03;1370;42;3502.00;219
8598;30;5344473;8598;514;9966;10185;4.48;0.27;357.43;14.03;1368;42;3503.00;219
8601;30;5344489;8601;513;9975;10198;4.53;0.27;357.44;14.01;1374;42;3504.00;223
8604;30;5344506;8604;510;9976;10198;4.51;0.27;357.56;14.01;1372;42;3505.00;222
8608;30;5344522;8608;503;9976;10198;4.52;0.27;357.69;14.01;1368;42;3506.00;222
8610;30;5344539;8610;504;9976;10199;4.54;0.28;357.67;14.01;1366;42;3507.00;223
8613;30;5344555;8613;506;9977;10200;4.54;0.28;357.78;14.02;1364;42;3508.00;223
8617;30;5344571;8617;505;9977;10200;4.52;0.27;357.88;14.02;1360;42;3509.00;223
8618;30;5344588;8618;503;9979;10206;4.56;0.28;357.89;14.01;1361;42;3510.00;227
8621;30;5344603;8621;509;9979;10206;4.54;0.28;357.89;14.01;1358;42;3511.00;227
8624;30;5344618;8624;511;9981;10206;4.53;0.28;357.88;14.01;1357;42;3512.00;225
8624;30;5344633;8624;499;9981;10206;4.58;0.28;357.88;14.01;1357;42;3513.00;225
8627;30;5344648;8627;499;9986;10212;4.59;0.28;357.98;14.11;1359;42;3514.00;226
8630;30;5344664;8630;502;9988;10212;4.59;0.28;358.08;14.11;1358;42;3515.00;224
8632;30;5344680;8632;489;9989;10212;4.57;0.28;358.18;14.11;1357;42;3516.00;223
8632;30;5344695;8632;501;9990;10212;4.59;0.28;358.18;14.11;1358;42;3517.00;222
8636;30;5344709;8636;501;9994;10216;4.60;0.28;358.26;14.11;1358;42;3518.00;222
8639;30;5344724;8639;500;9997;10219;4.60;0.28;358.21;14.11;1358;42;3519.00;222
8643;30;5344741;8643;507;9997;10219;4.56;0.28;358.39;14.11;1354;42;3520.00;222
8648;30;5344756;8648;502;10000;10220;4.54;0.28;358.54;14.11;1352;42;3521.00;220
8653;30;5344776;8653;489;10000;10220;4.51;0.27;358.52;14.11;1347;42;3522.00;220
8659;30;5344792;8659;483;10002;10220;4.56;0.28;358.60;14.11;1343;42;3523.00;218
8661;30;5344807;8661;483;10002;10220;4.59;0.28;358.71;14.11;1341;42;3524.00;218
8662;30;5344823;8662;480;10004;10220;4.61;0.28;358.71;14.11;1342;42;3525.00;216
8664;30;5344838;8664;479;10004;10220;4.65;0.28;358.73;14.11;1340;42;3526.00;216
8665;30;5344853;8665;479;10005;10220;4.64;0.28;358.78;14.11;1340;42;3527.00;215
8668;30;5344868;8668;493;10044;10290;4.63;0.28;358.93;14.06;1376;42;3528.00;246
8670;30;5344889;8670;486;10046;10291;4.70;0.29;359.02;14.06;1376;42;3529.00;245
8672;30;5344905;8672;488;10050;10291;4.76;0.29;358.98;14.05;1378;42;3530.00;241
8674;30;5344921;8674;482;10051;10291;4.81;0.29;358.99;14.05;1377;42;3531.00;240
8676;30;5344936;8676;482;10054;10291;4.87;0.30;358.96;14.05;1378;42;3532.00;237
8679;30;5344952;8679;481;10057;10291;4.90;0.30;359.03;14.05;1378;42;3533.00;234
8680;30;5344968;8680;487;10059;10291;4.92;0.30;359.08;14.05;1379;42;3534.00;232
8682;30;5344985;8682;480;10061;10291;4.95;0.30;359.27;14.04;1379;42;3535.00;230
8684;30;5345000;8684;487;10063;10292;4.99;0.30;359.32;14.04;1379;42;3536.00;229
8686;30;5345016;8686;479;10064;10293;5.00;0.30;359.46;14.04;1378;42;3537.00;229
8689;30;5345032;8689;475;10068;10293;4.96;0.30;359.58;14.14;1379;42;3538.00;225
8692;30;5345047;8692;477;10072;10297;4.91;0.30;359.58;14.14;1380;42;3539.00;225
8694;30;5345064;8694;473;10073;10297;4.90;0.30;359.56;14.14;1379;42;3540.00;224
8697;30;5345079;8697;473;10076;10297;4.88;0.30;359.65;14.14;1379;42;3541.00;221
8698;30;5345101;8698;479;10076;10297;4.85;0.29;359.66;14.14;1378;42;3542.00;221
8701;30;5345117;8701;488;10082;10303;4.82;0.29;359.74;14.13;1381;42;3543.00;221
8703;30;5345133;8703;487;10083;10303;4.78;0.29;359.78;14.13;1380;42;3544.00;220
8706;30;5345149;8706;500;10084;10303;4.75;0.29;359.88;14.13;1378;42;3545.00;219
8706;30;5345165;8706;500;10086;10306;4.69;0.28;359.88;14.13;1380;42;3546.00;220
8706;30;5345186;8706;509;10087;10306;4.67;0.28;359.88;14.12;1381;42;3547.00;219
8706;30;5345201;8706;509;10087;10306;4.64;0.28;359.88;14.12;1381;42;3548.00;219
8706;30;5345218;8706;519;10088;10307;4.59;0.28;359.88;14.23;1382;42;3549.00;219
8710;30;5345233;8710;522;10089;10308;4.55;0.28;359.89;14.22;1379;42;3550.00;219
8711;30;5345249;8711;528;10089;10308;4.51;0.27;359.93;14.22;1378;42;3551.00;219
8711;30;5345264;8711;530;10100;10321;4.52;0.27;359.93;14.21;1389;42;3552.00;221
8712;30;5345280;8712;540;10100;10321;4.49;0.27;359.91;14.21;1388;42;3553.00;221
8712;30;5345295;8712;539;10100;10321;4.47;0.27;359.91;14.21;1388;42;3554.00;221
8714;30;5345309;8714;549;10102;10323;4.46;0.27;360.04;14.21;1388;42;3555.00;221
8716;30;5345325;8716;554;10102;10323;4.45;0.27;360.04;14.21;1386;42;3556.00;221
8718;30;5345340;8718;550;10106;10327;4.45;0.27;360.06;14.20;1388;42;3557.00;221
8718;30;5345356;8718;550;10106;10327;4.44;0.27;360.06;14.20;1388;42;3558.00;221
8721;30;5345370;8721;537;10109;10331;4.44;0.27;360.08;14.20;1388;42;3559.00;222
8725;30;5345385;8725;535;10109;10331;4.42;0.27;360.12;14.20;1384;42;3560.00;222
8726;30;5345400;8726;543;10109;10331;4.41;0.27;360.11;14.20;1383;42;3561.00;222
8730;30;5345415;8730;534;10109;10331;4.37;0.27;360.08;14.20;1379;42;3562.00;222
8732;30;5345430;8732;526;10109;10331;4.38;0.27;360.13;14.20;1377;42;3563.00;222
8735;30;5345445;8735;530;10118;10343;4.41;0.27;360.16;14.18;1383;42;3564.00;225
8737;30;5345461;8737;530;10119;10343;4.37;0.27;360.15;14.18;1382;42;3565.00;224
8740;30;5345475;8740;533;10120;10343;4.34;0.26;360.18;14.18;1380;42;3566.00;223
8741;30;5345490;8741;532;10120;10343;4.31;0.26;360.18;14.18;1379;42;3567.00;223
8743;30;5345504;8743;531;10120;10343;4.26;0.26;360.16;14.18;1377;42;3568.00;223
8745;30;5345517;8745;540;10120;10343;4.25;0.26;360.12;14.18;1375;42;3569.00;223
8750;30;5345534;8750;536;10121;10344;4.18;0.26;360.02;14.24;1371;42;3570.00;223
8751;30;5345553;8751;539;10121;10344;4.16;0.25;360.00;14.24;1370;42;3571.00;223
8754;30;5345572;8754;551;10127;10350;4.12;0.25;360.02;14.29;1373;42;3572.00;223
8756;30;5345592;8756;545;10128;10351;4.08;0.25;359.97;14.28;1372;42;3573.00;223
8760;30;5345606;8760;566;10128;10351;4.03;0.25;359.95;14.28;1368;42;3574.00;223
8761;30;5345620;8761;573;10128;10351;4.00;0.24;359.92;14.28;1367;42;3575.00;223
8764;30;5345634;8764;582;10131;10355;3.98;0.24;359.86;14.28;1367;42;3576.00;224
8765;30;5345653;8765;579;10131;10355;3.98;0.24;359.82;14.28;1366;42;3577.00;224
8768;30;5345667;8768;590;10131;10355;3.94;0.24;359.82;14.28;1363;42;3578.00;224
8769;30;5345681;8769;596;10132;10356;3.95;0.24;359.79;14.28;1363;42;3579.00;224
8772;30;5345695;8772;599;10135;10360;3.92;0.24;359.88;14.27;1363;42;3580.00;225
8775;30;5345709;8775;603;10135;10360;3.89;0.24;359.84;14.27;1360;42;3581.00;225
8777;30;5345723;8777;605;10137;10363;3.90;0.24;359.84;14.27;1360;42;3582.00;226
8781;30;5345737;8781;606;10137;10363;3.85;0.24;359.91;14.27;1356;42;3583.00;226
8781;30;5345752;8781;603;10138;10363;3.83;0.23;359.91;14.27;1357;42;3584.00;225
8781;30;5345765;8781;597;10138;10363;3.80;0.23;359.91;14.27;1357;42;3585.00;225
8783;30;5345779;8783;596;10142;10367;3.84;0.23;359.99;14.27;1359;42;3586.00;225
8783;30;5345793;8783;598;10142;10367;3.85;0.24;359.99;14.27;1359;42;3587.00;225
8785;30;5345806;8785;593;10142;10367;3.83;0.23;360.05;14.27;1357;42;3588.00;225
8786;30;5345820;8786;598;10142;10367;3.82;0.23;360.03;14.27;1356;42;3589.00;225
8788;30;5345833;8788;599;10142;10368;3.77;0.23;360.10;14.27;1354;42;3590.00;226
8789;30;5345847;8789;596;10143;10369;3.76;0.23;360.08;14.26;1354;42;3591.00;226
8790;30;5345860;8790;596;10143;10369;3.74;0.23;360.12;14.26;1353;42;3592.00;226
8791;30;5345873;8791;606;10144;10370;3.69;0.23;360.13;14.26;1353;42;3593.00;226
8792;30;5345886;8792;610;10144;10370;3.64;0.22;360.14;14.26;1352;42;3594.00;226
8795;30;5345906;8795;598;10144;10370;3.62;0.22;360.15;14.26;1349;42;3595.00;226
8796;30;5345921;8796;594;10144;10370;3.60;0.22;360.17;14.26;1348;42;3596.00;226
8796;30;5345934;8796;591;10144;10370;3.62;0.22;360.17;14.26;1348;42;3597.00;226
8798;30;5345947;8798;586;10144;10370;3.63;0.22;360.19;14.26;1346;42;3598.00;226
8798;30;5345961;8798;581;10144;10370;3.65;0.22;360.19;14.26;1346;42;3599.00;226
8801;31;5345976;8801;618;10244;10623;4.01;0.25;360.23;14.12;1443;43;3600.00;379
8802;31;5346025;8802;606;10248;10624;4.06;0.26;360.20;14.12;1446;43;3601.00;376
8803;31;5346050;8803;599;10261;10624;4.18;0.26;360.22;14.10;1458;43;3602.00;363
8804;31;5346065;8804;593;10267;10624;4.25;0.27;360.19;14.10;1463;43;3603.00;357
8807;31;5346079;8807;589;10277;10624;4.27;0.27;360.17;14.15;1470;43;3604.00;347
8809;31;5346099;8809;585;10282;10624;4.30;0.27;360.13;14.14;1473;43;3605.00;342
8810;31;5346120;8810;579;10290;10624;4.31;0.27;360.11;14.19;1480;43;3606.00;334
8811;31;5346134;8811;574;10296;10624;4.34;0.27;360.16;14.19;1485;43;3607.00;328
8813;31;5346149;8813;578;10304;10625;4.36;0.27;360.12;14.18;1491;43;3608.00;321
8814;31;5346165;8814;575;10312;10626;4.37;0.27;360.13;14.24;1498;43;3609.00;314
8814;31;5346180;8814;577;10318;10626;4.36;0.27;360.13;14.23;1504;43;3610.00;308
8815;31;5346194;8815;580;10322;10627;4.33;0.27;360.10;14.23;1507;43;3611.00;305
8817;31;5346209;8817;587;10327;10627;4.32;0.27;360.16;14.29;1510;43;3612.00;300
8819;31;5346225;8819;591;10330;10627;4.28;0.27;360.13;14.29;1511;43;3613.00;297
8821;31;5346240;8821;603;10336;10627;4.28;0.26;360.13;14.34;1515;43;3614.00;291
8821;31;5346255;8821;597;10342;10631;4.28;0.26;360.13;14.34;1521;43;3615.00;289
8824;31;5346272;8824;605;10344;10631;4.24;0.26;360.05;14.34;1520;43;3616.00;287
8824;31;5346288;8824;606;10346;10631;4.25;0.26;360.05;14.34;1522;43;3617.00;285
8827;31;5346303;8827;601;10349;10634;4.24;0.26;360.02;14.34;1522;43;3618.00;285
8829;31;5346318;8829;604;10352;10634;4.22;0.26;360.00;14.34;1523;43;3619.00;282
8830;31;5346334;8830;596;10354;10634;4.19;0.26;359.97;14.34;1524;43;3620.00;280
8834;31;5346350;8834;599;10360;10638;4.20;0.26;360.08;14.34;1526;43;3621.00;278
8837;31;5346365;8837;612;10362;10639;4.20;0.26;360.09;14.34;1525;43;3622.00;277
8839;31;5346381;8839;612;10364;10639;4.22;0.26;360.03;14.35;1525;43;3623.00;275
8840;31;5346396;8840;623;10366;10643;4.21;0.26;360.06;14.35;1526;43;3624.00;277
8842;31;5346412;8842;627;10369;10643;4.19;0.26;360.11;14.35;1527;43;3625.00;274
8842;31;5346427;8842;638;10372;10643;4.20;0.26;360.11;14.35;1530;43;3626.00;271
8846;31;5346443;8846;637;10374;10644;4.18;0.25;360.12;14.35;1528;43;3627.00;270
8847;31;5346459;8847;629;10374;10644;4.16;0.25;360.14;14.35;1527;43;3628.00;270
8851;31;5346474;8851;633;10379;10650;4.08;0.25;360.13;14.35;1528;43;3629.00;271
8852;31;5346491;8852;617;10380;10650;4.06;0.25;360.17;14.34;1528;44;3630.00;270
8855;31;5346516;8855;605;10380;10651;4.01;0.24;360.15;14.34;1525;44;3631.00;271
8858;31;5346532;8858;602;10381;10651;4.01;0.24;360.16;14.35;1523;44;3632.00;270
8859;31;5346548;8859;606;10383;10651;4.02;0.24;360.24;14.35;1524;44;3633.00;268
8863;31;5346570;8863;597;10383;10651;4.01;0.24;360.25;14.35;1520;44;3634.00;268
8865;31;5346586;8865;594;10383;10651;4.03;0.25;360.32;14.35;1518;44;3635.00;268
8866;31;5346602;8866;596;10390;10663;4.10;0.25;360.30;14.34;1524;44;3636.00;273
8868;31;5346619;8868;591;10392;10663;4.15;0.25;360.31;14.33;1524;44;3637.00;271
8870;31;5346635;8870;582;10393;10663;4.18;0.26;360.34;14.34;1523;44;3638.00;270
8874;31;5346651;8874;584;10393;10663;4.18;0.26;360.36;14.34;1519;44;3639.00;270
8876;31;5346667;8876;583;10393;10663;4.20;0.26;360.34;14.34;1517;44;3640.00;270
8881;31;5346683;8881;582;10393;10663;4.18;0.26;360.49;14.34;1512;44;3641.00;270
8884;31;5346700;8884;576;10396;10667;4.21;0.26;360.55;14.33;1512;45;3642.00;271
8886;31;5346725;8886;577;10397;10667;4.20;0.26;360.65;14.34;1511;45;3643.00;270
8891;31;5346743;8891;577;10400;10671;4.22;0.26;360.81;14.33;1509;45;3644.00;271
8896;31;5346765;8896;573;10401;10673;4.26;0.26;360.79;14.33;1505;45;3645.00;272
8901;31;5346782;8901;571;10402;10673;4.26;0.26;360.83;14.33;1501;45;3646.00;271
8904;31;5346799;8904;578;10402;10673;4.26;0.26;360.95;14.33;1498;45;3647.00;271
8906;31;5346816;8906;573;10409;10686;4.33;0.27;360.90;14.32;1503;45;3648.00;277
8910;31;5346833;8910;571;10411;10686;4.36;0.27;361.01;14.32;1501;45;3649.00;275
8912;31;5346855;8912;575;10411;10686;4.38;0.27;361.15;14.32;1499;45;3650.00;275
8917;31;5346871;8917;567;10411;10687;4.35;0.27;361.37;14.32;1494;45;3651.00;276
8920;31;5346893;8920;555;10411;10688;4.36;0.27;361.36;14.32;1491;45;3652.00;277
8925;31;5346909;8925;557;10411;10688;4.32;0.27;361.53;14.32;1486;45;3653.00;277
8928;31;5346926;8928;547;10411;10691;4.34;0.27;361.58;14.32;1483;45;3654.00;280
8933;31;5346942;8933;540;10411;10691;4.33;0.27;361.60;14.32;1478;45;3655.00;280
8935;31;5346959;8935;544;10411;10691;4.35;0.27;361.63;14.32;1476;45;3656.00;280
8939;31;5346976;8939;545;10412;10691;4.34;0.27;361.89;14.32;1473;45;3657.00;279
8946;31;5346992;8946;543;10415;10697;4.29;0.26;361.91;14.32;1469;45;3658.00;282
8952;31;5347009;8952;551;10415;10697;4.30;0.26;361.96;14.32;1463;45;3659.00;282
8958;31;5347031;8958;544;10416;10697;4.28;0.26;361.91;14.32;1458;45;3660.00;281
8960;31;5347048;8960;544;10417;10697;4.30;0.26;362.16;14.32;1457;45;3661.00;280
8964;31;5347063;8964;528;10421;10701;4.30;0.26;362.26;14.32;1457;45;3662.00;280
8969;31;5347079;8969;530;10421;10702;4.30;0.26;362.33;14.32;1452;45;3663.00;281
8975;31;5347096;8975;529;10423;10702;4.26;0.26;362.61;14.42;1448;45;3664.00;279
8979;31;5347113;8979;529;10424;10703;4.26;0.26;362.74;14.42;1445;45;3665.00;279
8982;31;5347129;8982;529;10424;10703;4.23;0.26;362.86;14.42;1442;45;3666.00;279
8988;31;5347145;8988;539;10425;10703;4.22;0.26;362.89;14.43;1437;45;3667.00;278
8992;31;5347161;8992;531;10425;10703;4.21;0.26;363.03;14.43;1433;45;3668.00;278
8994;31;5347177;8994;526;10426;10703;4.22;0.26;363.06;14.43;1432;45;3669.00;277
9001;31;5347193;9001;531;10427;10703;4.20;0.26;363.30;14.44;1426;45;3670.00;276
9004;31;5347209;9004;529;10427;10703;4.19;0.25;363.32;14.44;1423;45;3671.00;276
9007;31;5347225;9007;538;10457;10773;4.22;0.26;363.34;14.40;1450;45;3672.00;316
9008;31;5347247;9008;533;10462;10774;4.23;0.26;363.37;14.40;1454;45;3673.00;312
9016;31;5347263;9016;534;10465;10774;4.23;0.26;363.42;14.40;1449;45;3674.00;309
9017;31;5347279;9017;524;10466;10774;4.22;0.26;363.42;14.39;1449;45;3675.00;308
9018;31;5347294;9018;530;10471;10774;4.24;0.26;363.54;14.40;1453;45;3676.00;303
9020;31;5347310;9020;527;10474;10774;4.26;0.26;363.63;14.40;1454;45;3677.00;300
9025;31;5347328;9025;519;10477;10774;4.25;0.26;363.53;14.40;1452;45;3678.00;297
9028;31;5347345;9028;520;10479;10774;4.23;0.26;363.58;14.40;1451;45;3679.00;295
9029;31;5347361;9029;523;10482;10775;4.24;0.26;363.57;14.51;1453;45;3680.00;293
9031;31;5347377;9031;530;10484;10776;4.20;0.26;363.56;14.51;1453;45;3681.00;292
9033;31;5347393;9033;538;10488;10776;4.14;0.25;363.55;14.51;1455;45;3682.00;288
9037;31;5347409;9037;547;10492;10780;4.10;0.25;363.65;14.51;1455;45;3683.00;288
9039;31;5347425;9039;553;10495;10780;4.08;0.25;363.67;14.51;1456;45;3684.00;285
9045;31;5347440;9045;562;10495;10780;3.99;0.24;363.91;14.51;1450;45;3685.00;285
9048;31;5347456;9048;546;10497;10780;3.96;0.24;364.02;14.51;1449;45;3686.00;283
9049;31;5347472;9049;550;10501;10786;3.97;0.24;364.01;14.51;1452;45;3687.00;285
9051;31;5347489;9051;548;10504;10786;3.98;0.24;364.04;14.62;1453;45;3688.00;282
9052;31;5347504;9052;539;10504;10786;4.04;0.25;364.05;14.62;1452;45;3689.00;282
9055;31;5347520;9055;533;10509;10792;4.09;0.25;364.04;14.61;1454;45;3690.00;283
9057;31;5347538;9057;534;10510;10792;4.09;0.25;364.00;14.61;1453;45;3691.00;282
9058;31;5347556;9058;545;10512;10792;4.14;0.25;364.13;14.61;1454;45;3692.00;280
9062;31;5347573;9062;547;10514;10793;4.15;0.25;364.16;14.62;1452;45;3693.00;279
9064;31;5347590;9064;560;10516;10794;4.17;0.25;364.21;14.62;1452;45;3694.00;278
9067;31;5347607;9067;559;10517;10794;4.15;0.25;364.34;14.62;1450;45;3695.00;277
9069;31;5347625;9069;566;10528;10807;4.16;0.25;364.47;14.61;1459;45;3696.00;279
9072;31;5347642;9072;558;10529;10807;4.14;0.25;364.59;14.61;1457;45;3697.00;278
9074;31;5347658;9074;552;10533;10807;4.16;0.25;364.57;14.62;1459;45;3698.00;274
9075;31;5347675;9075;557;10534;10808;4.19;0.26;364.68;14.62;1459;45;3699.00;274
9077;31;5347692;9077;556;10536;10808;4.22;0.26;364.82;14.62;1459;45;3700.00;272
9078;31;5347715;9078;557;10541;10812;4.31;0.26;364.88;14.61;1463;45;3701.00;271
9080;31;5347737;9080;558;10541;10812;4.42;0.27;364.98;14.61;1461;45;3702.00;271
9083;31;5347755;9083;562;10545;10816;4.42;0.27;365.00;14.61;1462;45;3703.00;271
9086;31;5347773;9086;560;10546;10816;4.45;0.27;365.12;14.61;1460;45;3704.00;270
9089;31;5347791;9089;567;10546;10816;4.47;0.27;365.24;14.61;1457;46;3705.00;270
9092;31;5347816;9092;566;10546;10816;4.45;0.27;365.36;14.61;1454;46;3706.00;270
9094;31;5347834;9094;570;10546;10816;4.40;0.27;365.34;14.61;1452;46;3707.00;270
9098;31;5347852;9098;574;10557;10828;4.42;0.27;365.31;14.59;1459;46;3708.00;271
9101;31;5347868;9101;564;10557;10828;4.41;0.27;365.36;14.59;1456;46;3709.00;271
9103;31;5347885;9103;566;10557;10828;4.39;0.27;365.31;14.59;1454;46;3710.00;271
9106;31;5347902;9106;567;10557;10828;4.37;0.27;365.33;14.59;1451;46;3711.00;271
9108;31;5347920;9108;566;10557;10828;4.37;0.27;365.42;14.59;1449;46;3712.00;271
9108;31;5347936;9108;561;10557;10828;4.37;0.27;365.42;14.59;1449;46;3713.00;271
9114;31;5347952;9114;564;10557;10829;4.31;0.26;365.65;14.59;1443;46;3714.00;272
9117;31;5347968;9117;566;10557;10829;4.23;0.26;365.61;14.59;1440;46;3715.00;272
9118;31;5347985;9118;571;10562;10835;4.25;0.26;365.61;14.59;1444;46;3716.00;273
9122;31;5348001;9122;571;10563;10836;4.22;0.26;365.69;14.59;1441;46;3717.00;273
9124;31;5348018;9124;574;10563;10836;4.17;0.26;365.69;14.59;1439;46;3718.00;273
9126;31;5348034;9126;590;10563;10836;4.15;0.25;365.73;14.59;1437;46;3719.00;273
9128;31;5348050;9128;583;10567;10841;4.17;0.26;365.67;14.58;1439;46;3720.00;274
9131;31;5348066;9131;580;10567;10841;4.19;0.26;365.66;14.58;1436;46;3721.00;274
9135;31;5348083;9135;586;10567;10841;4.15;0.25;365.70;14.58;1432;46;3722.00;274
9136;31;5348101;9136;585;10568;10842;4.18;0.26;365.67;14.58;1432;46;3723.00;274
9142;31;5348117;9142;584;10571;10846;4.17;0.25;365.63;14.57;1429;46;3724.00;275
9144;31;5348134;9144;579;10571;10846;4.15;0.25;365.64;14.57;1427;46;3725.00;275
9146;31;5348150;9146;583;10573;10849;4.13;0.25;365.63;14.57;1427;46;3726.00;276
9148;31;5348166;9148;580;10574;10849;4.15;0.25;365.60;14.57;1426;46;3727.00;275
9152;31;5348182;9152;587;10574;10849;4.18;0.25;365.65;14.57;1422;46;3728.00;275
9156;31;5348198;9156;582;10574;10849;4.17;0.25;365.69;14.57;1418;46;3729.00;275
9159;31;5348213;9159;584;10578;10853;4.20;0.25;365.73;14.57;1419;46;3730.00;275
9159;31;5348228;9159;589;10578;10853;4.19;0.25;365.73;14.57;1419;46;3731.00;275
9161;31;5348244;9161;588;10578;10853;4.18;0.25;365.66;14.57;1417;46;3732.00;275
9169;31;5348258;9169;576;10578;10853;4.11;0.25;365.69;14.57;1409;46;3733.00;275
9172;31;5348273;9172;573;10579;10854;4.09;0.25;365.67;14.63;1407;46;3734.00;275
9174;31;5348291;9174;580;10581;10856;4.08;0.25;365.66;14.63;1407;46;3735.00;275
9177;31;5348307;9177;579;10581;10856;4.02;0.24;365.63;14.63;1404;46;3736.00;275
9180;31;5348323;9180;578;10582;10857;3.97;0.24;365.64;14.63;1402;46;3737.00;275
9181;31;5348337;9181;589;10582;10857;3.97;0.24;365.66;14.63;1401;46;3738.00;275
9182;31;5348353;9182;587;10582;10857;3.94;0.24;365.63;14.63;1400;46;3739.00;275
9183;31;5348368;9183;596;10582;10857;3.92;0.24;365.63;14.63;1399;46;3740.00;275
9185;31;5348384;9185;591;10582;10857;3.90;0.24;365.61;14.63;1397;46;3741.00;275
9186;31;5348400;9186;589;10582;10857;3.90;0.24;365.58;14.63;1396;46;3742.00;275
9186;31;5348415;9186;568;10582;10857;3.94;0.24;365.58;14.63;1396;46;3743.00;275
9187;31;5348430;9187;579;10650;10984;4.24;0.26;365.55;14.53;1463;46;3744.00;334
9189;31;5348455;9189;570;10652;10985;4.27;0.26;365.49;14.53;1463;46;3745.00;333
9189;31;5348471;9189;560;10661;10985;4.38;0.27;365.49;14.52;1472;46;3746.00;324
9190;31;5348488;9190;551;10664;10985;4.38;0.27;365.50;14.52;1474;46;3747.00;321
9192;31;5348505;9192;554;10673;10985;4.46;0.27;365.47;14.51;1481;46;3748.00;312
9194;31;5348528;9194;553;10676;10985;4.44;0.27;365.42;14.51;1482;46;3749.00;309
9198;31;5348547;9198;554;10681;10990;4.42;0.27;365.45;14.50;1483;46;3750.00;309
9199;31;5348565;9199;550;10682;10990;4.43;0.27;365.43;14.50;1483;46;3751.00;308
9201;31;5348583;9201;556;10685;10991;4.42;0.27;365.52;14.50;1484;46;3752.00;306
9201;31;5348598;9201;568;10688;10992;4.42;0.27;365.52;14.50;1487;46;3753.00;304
9202;31;5348615;9202;577;10691;10992;4.43;0.27;365.51;14.50;1489;46;3754.00;301
9203;31;5348632;9203;581;10693;10993;4.41;0.27;365.47;14.49;1490;46;3755.00;300
9206;31;5348649;9206;589;10698;10993;4.39;0.27;365.50;14.56;1492;46;3756.00;295
9208;31;5348665;9208;590;10700;10993;4.38;0.27;365.45;14.56;1492;46;3757.00;293
9209;31;5348682;9209;586;10701;10993;4.42;0.27;365.48;14.56;1492;46;3758.00;292
9209;31;5348698;9209;605;10705;10997;4.45;0.27;365.48;14.56;1496;46;3759.00;292
9210;31;5348715;9210;617;10706;10997;4.48;0.28;365.52;14.56;1496;46;3760.00;291
9211;31;5348731;9211;620;10707;10997;4.52;0.28;365.51;14.56;1496;46;3761.00;290
9213;31;5348747;9213;626;10710;11000;4.51;0.28;365.58;14.55;1497;46;3762.00;290
9218;31;5348763;9218;630;10710;11000;4.47;0.27;365.69;14.55;1492;46;3763.00;290
9220;31;5348779;9220;633;10712;11000;4.46;0.27;365.79;14.55;1492;46;3764.00;288
9222;31;5348796;9222;633;10715;11004;4.44;0.27;365.86;14.55;1493;46;3765.00;289
9222;31;5348814;9222;627;10717;11005;4.44;0.27;365.86;14.55;1495;46;3766.00;288
9224;31;5348831;9224;638;10718;11005;4.42;0.27;365.90;14.55;1494;46;3767.00;287
9230;31;5348853;9230;639;10721;11009;4.36;0.27;366.04;14.54;1491;46;3768.00;288
9231;31;5348871;9231;637;10722;11009;4.33;0.27;366.05;14.54;1491;46;3769.00;287
9232;31;5348887;9232;636;10722;11009;4.33;0.27;366.11;14.54;1490;46;3770.00;287
9234;31;5348903;9234;642;10723;11010;4.31;0.26;366.08;14.54;1489;46;3771.00;287
9238;31;5348920;9238;649;10723;11010;4.22;0.26;366.13;14.54;1485;46;3772.00;287
9238;31;5348936;9238;660;10728;11016;4.23;0.26;366.13;14.54;1490;46;3773.00;288
9242;31;5348954;9242;659;10728;11016;4.18;0.26;366.24;14.54;1486;46;3774.00;288
9246;31;5348970;9246;668;10728;11017;4.14;0.25;366.25;14.54;1482;46;3775.00;289
9249;31;5348988;9249;670;10728;11017;4.11;0.25;366.25;14.54;1479;46;3776.00;289
9252;31;5349004;9252;669;10728;11017;4.09;0.25;366.32;14.54;1476;46;3777.00;289
9255;31;5349019;9255;677;10728;11017;4.09;0.25;366.36;14.54;1473;46;3778.00;289
9256;31;5349035;9256;674;10728;11017;4.09;0.25;366.34;14.54;1472;46;3779.00;289
9260;31;5349051;9260;673;10754;11053;4.12;0.25;366.55;14.50;1494;46;3780.00;299
9262;31;5349070;9262;670;10754;11053;4.14;0.25;366.62;14.50;1492;46;3781.00;299
9263;31;5349085;9263;669;10757;11053;4.17;0.26;366.67;14.50;1494;46;3782.00;296
9268;31;5349104;9268;664;10757;11053;4.14;0.25;366.85;14.50;1489;46;3783.00;296
9269;31;5349121;9269;655;10758;11053;4.16;0.25;366.89;14.50;1489;46;3784.00;295
9271;31;5349137;9271;651;10758;11053;4.18;0.26;366.97;14.50;1487;46;3785.00;295
9274;31;5349158;9274;651;10762;11057;4.17;0.25;367.05;14.49;1488;46;3786.00;295
9276;31;5349174;9276;646;10762;11057;4.17;0.25;367.05;14.49;1486;46;3787.00;295
9278;31;5349190;9278;649;10766;11061;4.19;0.26;367.19;14.49;1488;46;3788.00;295
9280;31;5349210;9280;652;10767;11062;4.19;0.26;367.24;14.49;1487;46;3789.00;295
9284;31;5349226;9284;650;10767;11062;4.20;0.26;367.22;14.49;1483;46;3790.00;295
9285;31;5349241;9285;645;10767;11062;4.20;0.26;367.24;14.49;1482;46;3791.00;295
9290;31;5349256;9290;648;10776;11075;4.19;0.26;367.31;14.47;1486;46;3792.00;299
9292;31;5349272;9292;649;10776;11075;4.21;0.26;367.30;14.47;1484;46;3793.00;299
9298;31;5349287;9298;652;10778;11075;4.19;0.25;367.43;14.47;1480;46;3794.00;297
9299;31;5349302;9299;638;10778;11076;4.20;0.26;367.45;14.47;1479;46;3795.00;298
9304;31;5349318;9304;633;10778;11077;4.17;0.25;367.49;14.47;1474;46;3796.00;299
9311;31;5349334;9311;629;10778;11077;4.16;0.25;367.37;14.47;1467;46;3797.00;299
9315;31;5349349;9315;624;10780;11080;4.16;0.25;367.47;14.47;1465;46;3798.00;300
9317;31;5349364;9317;617;10780;11080;4.17;0.25;367.55;14.47;1463;46;3799.00;300
9322;31;5349381;9322;614;10780;11080;4.15;0.25;367.74;14.47;1458;46;3800.00;300
9325;31;5349401;9325;614;10781;11080;4.16;0.25;367.91;14.47;1456;46;3801.00;299
9328;31;5349417;9328;611;10785;11086;4.19;0.25;368.06;14.46;1457;46;3802.00;301
9331;31;5349434;9331;606;10785;11086;4.22;0.26;368.05;14.46;1454;46;3803.00;301
9334;31;5349449;9334;609;10785;11086;4.25;0.26;368.25;14.46;1451;46;3804.00;301
9337;31;5349463;9337;609;10786;11086;4.24;0.26;368.27;14.46;1449;46;3805.00;300
9343;31;5349479;9343;605;10789;11090;4.23;0.26;368.47;14.46;1446;46;3806.00;301
9347;31;5349495;9347;606;10790;11091;4.22;0.26;368.59;14.46;1443;46;3807.00;301
9350;31;5349510;9350;612;10791;11091;4.21;0.25;368.56;14.46;1441;46;3808.00;300
9353;31;5349525;9353;602;10791;11092;4.21;0.25;368.75;14.46;1438;46;3809.00;301
9357;31;5349548;9357;595;10792;11092;4.21;0.25;368.75;14.45;1435;46;3810.00;300
9359;31;5349563;9359;591;10792;11092;4.24;0.26;368.87;14.45;1433;46;3811.00;300
9364;31;5349579;9364;587;10792;11092;4.22;0.26;368.84;14.45;1428;46;3812.00;300
9367;31;5349594;9367;584;10793;11092;4.22;0.26;368.94;14.57;1426;46;3813.00;299
9372;31;5349610;9372;573;10793;11092;4.21;0.26;368.98;14.57;1421;46;3814.00;299
9374;31;5349625;9374;572;10793;11092;4.22;0.26;369.08;14.57;1419;46;3815.00;299
9375;31;5349640;9375;565;10826;11162;4.34;0.27;369.09;14.53;1451;46;3816.00;336
9376;31;5349661;9376;567;10831;11163;4.36;0.27;369.09;14.52;1455;46;3817.00;332
9384;31;5349677;9384;567;10836;11163;4.34;0.27;369.19;14.52;1452;46;3818.00;327
9388;31;5349692;9388;566;10837;11163;4.33;0.26;369.22;14.52;1449;46;3819.00;326
9390;31;5349707;9390;569;10837;11163;4.30;0.26;369.31;14.52;1447;46;3820.00;326
9394;31;5349723;9394;565;10839;11163;4.26;0.26;369.30;14.51;1445;46;3821.00;324
9395;31;5349738;9395;564;10840;11163;4.24;0.26;369.31;14.51;1445;46;3822.00;323
9399;31;5349753;9399;569;10841;11163;4.19;0.26;369.25;14.51;1442;46;3823.00;322
9404;31;5349768;9404;567;10842;11164;4.16;0.25;369.30;14.51;1438;46;3824.00;322
9408;31;5349786;9408;575;10844;11166;4.08;0.25;369.33;14.51;1436;46;3825.00;322
9410;31;5349812;9410;583;10845;11166;4.06;0.25;369.44;14.51;1435;46;3826.00;321
9413;31;5349827;9413;591;10847;11170;4.05;0.25;369.52;14.51;1434;46;3827.00;323
9418;31;5349841;9418;590;10848;11170;4.01;0.24;369.68;14.51;1430;46;3828.00;322
9424;31;5349857;9424;597;10848;11170;3.93;0.24;369.70;14.51;1424;46;3829.00;322
9429;31;5349871;9429;602;10849;11170;3.90;0.24;369.67;14.51;1420;46;3830.00;321
9431;31;5349887;9431;597;10854;11176;3.92;0.24;369.67;14.50;1423;46;3831.00;322
9436;31;5349902;9436;593;10854;11176;3.93;0.24;369.85;14.50;1418;46;3832.00;322
9437;31;5349917;9437;590;10854;11176;4.02;0.24;369.86;14.50;1417;46;3833.00;322
9441;31;5349931;9441;591;10858;11179;4.03;0.24;369.88;14.50;1417;46;3834.00;321
9448;31;5349947;9448;594;10859;11179;4.00;0.24;370.19;14.50;1411;46;3835.00;320
9452;31;5349962;9452;593;10859;11179;3.98;0.24;370.32;14.50;1407;46;3836.00;320
9457;31;5349976;9457;593;10860;11180;3.95;0.24;370.42;14.50;1403;46;3837.00;320
9460;31;5349990;9460;594;10861;11181;3.96;0.24;370.45;14.50;1401;46;3838.00;320
9463;31;5350005;9463;599;10863;11181;3.97;0.24;370.56;14.62;1400;46;3839.00;318
9466;31;5350022;9466;593;10878;11207;4.03;0.24;370.68;14.60;1412;46;3840.00;329
9470;31;5350039;9470;602;10880;11207;4.00;0.24;370.71;14.60;1410;46;3841.00;327
9472;31;5350053;9472;595;10884;11207;3.99;0.24;370.88;14.60;1412;46;3842.00;323
9473;31;5350067;9473;592;10886;11208;4.01;0.24;370.86;14.60;1413;46;3843.00;322
9474;31;5350083;9474;597;10886;11208;3.98;0.24;370.87;14.60;1412;46;3844.00;322
9476;31;5350097;9476;599;10891;11212;3.99;0.24;370.92;14.59;1415;46;3845.00;321
9476;31;5350112;9476;599;10893;11214;4.01;0.24;370.92;14.59;1417;46;3846.00;321
9480;31;5350128;9480;599;10897;11218;4.00;0.24;370.99;14.59;1417;46;3847.00;321
9482;31;5350144;9482;606;10897;11218;4.00;0.24;371.01;14.59;1415;46;3848.00;321
9484;31;5350159;9484;605;10897;11218;4.04;0.25;371.08;14.59;1413;46;3849.00;321
9485;31;5350174;9485;608;10899;11218;4.04;0.25;371.07;14.59;1414;46;3850.00;319
9487;31;5350195;9487;606;10899;11218;4.02;0.25;371.20;14.59;1412;46;3851.00;319
9493;31;5350210;9493;602;10910;11230;4.04;0.25;371.29;14.58;1417;46;3852.00;320
9495;31;5350227;9495;605;10910;11230;4.03;0.25;371.37;14.58;1415;46;3853.00;320
9497;31;5350243;9497;603;10912;11230;4.04;0.25;371.39;14.59;1415;46;3854.00;318
9499;31;5350257;9499;603;10912;11230;4.05;0.25;371.42;14.59;1413;46;3855.00;318
9502;31;5350272;9502;605;10913;11230;4.06;0.25;371.48;14.59;1411;46;3856.00;317
9506;31;5350288;9506;607;10914;11230;4.07;0.25;371.59;14.59;1408;46;3857.00;316
9507;31;5350304;9507;611;10915;11231;4.10;0.25;371.57;14.59;1408;46;3858.00;316
9513;31;5350318;9513;609;10916;11231;4.07;0.25;371.57;14.59;1403;46;3859.00;315
9514;31;5350334;9514;602;10920;11237;4.12;0.25;371.56;14.58;1406;46;3860.00;317
9515;31;5350351;9515;610;10922;11238;4.12;0.25;371.57;14.58;1407;46;3861.00;316
9518;31;5350367;9518;601;10922;11238;4.09;0.25;371.52;14.58;1404;46;3862.00;316
9519;31;5350384;9519;597;10923;11238;4.08;0.25;371.49;14.58;1404;46;3863.00;315
9521;31;5350400;9521;591;10927;11242;4.08;0.25;371.48;14.70;1406;46;3864.00;315
9522;31;5350417;9522;593;10928;11242;4.08;0.25;371.48;14.70;1406;46;3865.00;314
9523;31;5350433;9523;593;10928;11242;4.09;0.25;371.49;14.70;1405;46;3866.00;314
9527;31;5350449;9527;594;10929;11243;4.10;0.25;371.53;14.70;1402;46;3867.00;314
9531;31;5350465;9531;601;10932;11247;4.14;0.25;371.58;14.69;1401;46;3868.00;315
9533;31;5350482;9533;606;10932;11247;4.12;0.25;371.61;14.69;1399;46;3869.00;315
9534;31;5350499;9534;600;10936;11253;4.17;0.25;371.61;14.69;1402;46;3870.00;317
9538;31;5350516;9538;599;10936;11253;4.14;0.25;371.57;14.69;1398;46;3871.00;317
9539;31;5350532;9539;599;10938;11253;4.13;0.25;371.55;14.68;1399;46;3872.00;315
9541;31;5350548;9541;606;10938;11253;4.11;0.25;371.57;14.68;1397;46;3873.00;315
9543;31;5350565;9543;611;10942;11257;4.09;0.25;371.51;14.68;1399;46;3874.00;315
9546;31;5350580;9546;608;10942;11257;4.01;0.24;371.67;14.68;1396;46;3875.00;315
9550;31;5350596;9550;602;10945;11257;3.97;0.24;371.64;14.91;1395;47;3876.00;312
9550;31;5350620;9550;603;10945;11257;3.99;0.24;371.64;14.91;1395;47;3877.00;312
9554;31;5350635;9554;598;10946;11258;3.95;0.24;371.62;15.03;1392;47;3878.00;312
9555;31;5350650;9555;594;10947;11259;3.92;0.24;371.62;15.03;1392;47;3879.00;312
9559;31;5350666;9559;600;10947;11259;3.92;0.24;371.66;15.03;1388;47;3880.00;312
9560;31;5350680;9560;610;10948;11260;3.91;0.24;371.62;15.03;1388;47;3881.00;312
9561;31;5350694;9561;612;10948;11260;3.87;0.24;371.60;15.03;1387;47;3882.00;312
9565;31;5350709;9565;611;10948;11260;3.87;0.24;371.51;15.03;1383;47;3883.00;312
9568;31;5350724;9568;608;10948;11260;3.88;0.24;371.52;15.03;1380;47;3884.00;312
9569;31;5350738;9569;604;10948;11260;3.90;0.24;371.55;15.03;1379;47;3885.00;312
9572;31;5350754;9572;600;10948;11260;3.88;0.24;371.57;15.03;1376;47;3886.00;312
9572;31;5350775;9572;600;10948;11260;3.90;0.24;371.57;15.03;1376;47;3887.00;312
9572;31;5350790;9572;624;11019;11387;4.02;0.25;371.57;14.93;1447;47;3888.00;368
9573;31;5350817;9573;583;11019;11388;4.04;0.25;371.59;14.93;1446;47;3889.00;369
9575;31;5350837;9575;560;11025;11388;4.13;0.26;371.58;14.92;1450;47;3890.00;363
9577;31;5350855;9577;544;11027;11388;4.24;0.26;371.60;14.92;1450;47;3891.00;361
9579;31;5350873;9579;537;11031;11388;4.34;0.27;371.55;14.92;1452;47;3892.00;357
9580;31;5350890;9580;541;11034;11388;4.44;0.27;371.52;14.92;1454;47;3893.00;354
9581;31;5350911;9581;533;11035;11388;4.55;0.28;371.53;14.92;1454;47;3894.00;353
9585;31;5350929;9585;530;11039;11388;4.62;0.28;371.55;14.91;1454;47;3895.00;349
9586;31;5350956;9586;520;11042;11389;4.69;0.29;371.53;14.91;1456;47;3896.00;347
9590;31;5350974;9590;516;11047;11390;4.72;0.29;371.54;14.91;1457;47;3897.00;343
9593;31;5350993;9593;511;11050;11390;4.73;0.29;371.50;14.91;1457;47;3898.00;340
9594;31;5351010;9594;504;11053;11391;4.72;0.29;371.49;14.91;1459;48;3899.00;338
9597;31;5351044;9597;513;11060;11406;4.67;0.29;371.48;14.98;1463;48;3900.00;346
9598;31;5351066;9598;515;11062;11406;4.68;0.29;371.48;14.98;1464;48;3901.00;344
9604;31;5351083;9604;501;11066;11406;4.69;0.29;371.51;14.98;1462;48;3902.00;340
9605;31;5351103;9605;509;11068;11410;4.71;0.29;371.58;14.97;1463;48;3903.00;342
9608;31;5351121;9608;508;11072;11410;4.68;0.29;371.57;15.10;1464;48;3904.00;338
9609;31;5351139;9609;515;11074;11410;4.70;0.29;371.54;15.09;1465;48;3905.00;336
9611;31;5351157;9611;519;11077;11413;4.69;0.29;371.50;15.09;1466;48;3906.00;336
9613;31;5351174;9613;524;11077;11413;4.69;0.29;371.47;15.09;1464;48;3907.00;336
9617;31;5351189;9617;530;11079;11413;4.70;0.29;371.47;15.09;1462;48;3908.00;334
9620;31;5351206;9620;524;11084;11417;4.65;0.28;371.47;15.09;1464;48;3909.00;333
9622;31;5351222;9622;527;11086;11418;4.66;0.28;371.52;15.09;1464;48;3910.00;332
9625;31;5351239;9625;526;11087;11418;4.63;0.28;371.52;15.09;1462;48;3911.00;331
9626;31;5351255;9626;534;11092;11422;4.65;0.28;371.56;15.08;1466;48;3912.00;330
9627;31;5351280;9627;531;11092;11422;4.60;0.28;371.59;15.08;1465;48;3913.00;330
9630;31;5351297;9630;540;11092;11422;4.54;0.28;371.84;15.08;1462;48;3914.00;330
9631;31;5351315;9631;537;11094;11424;4.52;0.28;371.83;15.08;1463;48;3915.00;330
9637;31;5351333;9637;545;11095;11424;4.42;0.27;371.92;15.08;1458;48;3916.00;329
9637;31;5351350;9637;554;11099;11430;4.43;0.27;371.92;15.07;1462;48;3917.00;331
9638;31;5351368;9638;555;11100;11430;4.43;0.27;371.91;15.07;1462;48;3918.00;330
9639;31;5351384;9639;556;11100;11431;4.43;0.27;371.92;15.07;1461;48;3919.00;331
9641;31;5351401;9641;547;11100;11431;4.41;0.27;371.98;15.07;1459;48;3920.00;331
9642;31;5351418;9642;547;11101;11431;4.41;0.27;371.98;15.15;1459;48;3921.00;330
9644;31;5351434;9644;552;11101;11431;4.42;0.27;371.99;15.15;1457;48;3922.00;330
9645;31;5351451;9645;564;11101;11431;4.46;0.27;371.99;15.15;1456;48;3923.00;330
9648;31;5351475;9648;564;11112;11443;4.48;0.27;372.06;15.22;1464;48;3924.00;331
9651;31;5351492;9651;568;11112;11443;4.51;0.28;372.16;15.22;1461;48;3925.00;331
9652;31;5351510;9652;574;11113;11443;4.53;0.28;372.17;15.22;1461;48;3926.00;330
9657;31;5351527;9657;586;11116;11443;4.55;0.28;372.30;15.30;1459;48;3927.00;327
9659;32;5351545;9659;584;11116;11443;4.57;0.28;372.34;15.30;1457;49;3928.00;327
9661;32;5351572;9661;589;11116;11443;4.58;0.28;372.46;15.30;1455;49;3929.00;327
9664;32;5351590;9664;590;11120;11447;4.56;0.28;372.55;15.37;1456;49;3930.00;327
9667;32;5351606;9667;599;11120;11447;4.53;0.28;372.74;15.37;1453;49;3931.00;327
9668;32;5351622;9668;603;11124;11451;4.58;0.28;372.78;15.36;1456;49;3932.00;327
9673;32;5351639;9673;607;11125;11452;4.54;0.28;372.86;15.36;1452;49;3933.00;327
9676;32;5351656;9676;605;11126;11452;4.50;0.27;372.97;15.44;1450;49;3934.00;326
9679;32;5351673;9679;615;11126;11452;4.46;0.27;373.01;15.44;1447;49;3935.00;326
9682;32;5351695;9682;618;11137;11465;4.41;0.27;372.98;15.50;1455;49;3936.00;328
9683;32;5351725;9683;614;11137;11465;4.37;0.27;372.94;15.50;1454;49;3937.00;328
9685;32;5351741;9685;622;11137;11465;4.34;0.26;373.08;15.50;1452;49;3938.00;328
9687;32;5351756;9687;632;11138;11466;4.33;0.26;373.23;15.50;1451;49;3939.00;328
9688;32;5351775;9688;632;11138;11467;4.33;0.26;373.24;15.50;1450;49;3940.00;329
9691;32;5351791;9691;629;11138;11467;4.29;0.26;373.39;15.50;1447;49;3941.00;329
9694;32;5351808;9694;634;11141;11470;4.24;0.26;373.44;15.50;1447;49;3942.00;329
9695;32;5351823;9695;627;11141;11470;4.21;0.26;373.49;15.50;1446;49;3943.00;329
9697;32;5351842;9697;624;11141;11470;4.22;0.26;373.59;15.50;1444;49;3944.00;329
9700;32;5351857;9700;625;11141;11470;4.19;0.25;373.80;15.50;1441;49;3945.00;329
9700;32;5351873;9700;627;11146;11476;4.27;0.26;373.80;15.49;1446;49;3946.00;330
9703;32;5351888;9703;621;11147;11476;4.30;0.26;373.86;15.50;1444;49;3947.00;329
9704;32;5351904;9704;621;11147;11476;4.34;0.26;373.83;15.50;1443;49;3948.00;329
9708;32;5351920;9708;622;11147;11476;4.37;0.26;373.92;15.50;1439;49;3949.00;329
9712;32;5351934;9712;617;11150;11480;4.37;0.26;373.94;15.49;1438;49;3950.00;330
9714;32;5351949;9714;617;11151;11481;4.37;0.26;373.94;15.49;1437;49;3951.00;330
9717;32;5351963;9717;616;11151;11481;4.34;0.26;374.03;15.49;1434;49;3952.00;330
9720;32;5351977;9720;622;11153;11482;4.31;0.26;374.04;15.49;1433;49;3953.00;329
9722;32;5351993;9722;619;11153;11482;4.31;0.26;374.08;15.49;1431;49;3954.00;329
9725;32;5352008;9725;618;11155;11482;4.31;0.26;374.08;15.49;1430;49;3955.00;327
9725;32;5352022;9725;623;11155;11482;4.32;0.26;374.08;15.49;1430;49;3956.00;327
9728;32;5352036;9728;626;11155;11482;4.28;0.26;374.09;15.49;1427;49;3957.00;327
9729;32;5352051;9729;633;11155;11482;4.26;0.26;374.15;15.49;1426;49;3958.00;327
9734;32;5352065;9734;628;11155;11482;4.17;0.25;374.18;15.49;1421;49;3959.00;327
9735;32;5352080;9735;633;11214;11607;4.29;0.26;374.16;15.41;1479;49;3960.00;393
9739;32;5352103;9739;622;11220;11608;4.28;0.26;374.12;15.40;1481;49;3961.00;388
9742;32;5352118;9742;618;11227;11608;4.26;0.26;374.16;15.40;1485;49;3962.00;381
9744;32;5352132;9744;616;11232;11608;4.27;0.26;374.13;15.39;1488;49;3963.00;376
9748;33;5352147;9748;618;11237;11608;4.30;0.26;374.13;15.39;1489;50;3964.00;371
9752;33;5352178;9752;614;11240;11608;4.31;0.26;374.12;15.38;1488;50;3965.00;368
9755;33;5352194;9755;612;11241;11608;4.29;0.26;374.17;15.38;1486;50;3966.00;367
9757;33;5352215;9757;615;11246;11608;4.29;0.26;374.17;15.38;1489;50;3967.00;362
9761;33;5352233;9761;613;11248;11609;4.27;0.26;374.14;15.38;1487;50;3968.00;361
9765;33;5352250;9765;602;11249;11610;4.26;0.26;374.26;15.38;1484;50;3969.00;361
9766;33;5352265;9766;605;11250;11610;4.31;0.26;374.26;15.38;1484;50;3970.00;360
9770;33;5352281;9770;605;11254;11614;4.30;0.26;374.49;15.37;1484;50;3971.00;360
9774;33;5352298;9774;613;11254;11614;4.32;0.26;374.67;15.37;1480;50;3972.00;360
9777;33;5352316;9777;609;11254;11614;4.31;0.26;374.61;15.37;1477;50;3973.00;360
9783;33;5352333;9783;613;11254;11614;4.28;0.26;374.80;15.37;1471;50;3974.00;360
9786;33;5352350;9786;608;11257;11620;4.27;0.26;374.94;15.37;1471;50;3975.00;363
9787;33;5352375;9787;614;11257;11620;4.25;0.26;374.96;15.37;1470;50;3976.00;363
9795;33;5352391;9795;614;11257;11620;4.21;0.26;375.14;15.37;1462;50;3977.00;363
9799;33;5352406;9799;614;11258;11623;4.20;0.26;375.16;15.37;1459;50;3978.00;365
9802;33;5352422;9802;608;11259;11623;4.21;0.26;375.23;15.37;1457;50;3979.00;364
9803;33;5352438;9803;598;11259;11623;4.21;0.26;375.23;15.37;1456;50;3980.00;364
9809;33;5352453;9809;602;11260;11624;4.17;0.25;375.28;15.37;1451;50;3981.00;364
9813;33;5352469;9813;607;11262;11625;4.19;0.25;375.38;15.37;1449;50;3982.00;363
9816;33;5352487;9816;606;11262;11625;4.16;0.25;375.36;15.37;1446;50;3983.00;363
9822;33;5352503;9822;617;11270;11638;4.15;0.25;375.54;15.35;1448;50;3984.00;368
9826;33;5352520;9826;613;11271;11638;4.11;0.25;375.70;15.35;1445;50;3985.00;367
9828;33;5352536;9828;614;11272;11638;4.09;0.25;375.73;15.35;1444;50;3986.00;366
9833;33;5352551;9833;613;11272;11639;4.02;0.24;375.84;15.35;1439;50;3987.00;367
9837;33;5352566;9837;623;11272;11639;3.93;0.24;375.96;15.35;1435;50;3988.00;367
9840;33;5352582;9840;624;11275;11643;3.89;0.24;376.10;15.35;1435;50;3989.00;368
9845;33;5352599;9845;632;11275;11643;3.83;0.23;376.51;15.35;1430;50;3990.00;368
9849;33;5352615;9849;633;11278;11647;3.77;0.23;376.60;15.34;1429;50;3991.00;369
9850;33;5352636;9850;631;11278;11647;3.72;0.23;376.57;15.34;1428;50;3992.00;369
9854;33;5352651;9854;633;11278;11647;3.69;0.22;376.78;15.34;1424;50;3993.00;369
9857;33;5352666;9857;636;11278;11647;3.63;0.22;376.91;15.34;1421;50;3994.00;369
9859;33;5352680;9859;644;11278;11647;3.63;0.22;376.91;15.34;1419;50;3995.00;369
9860;33;5352694;9860;643;11287;11659;3.69;0.23;377.01;15.33;1427;50;3996.00;372
9864;33;5352712;9864;648;11290;11659;3.67;0.22;377.18;15.47;1426;50;3997.00;369
9869;33;5352728;9869;658;11291;11659;3.59;0.22;377.38;15.47;1422;50;3998.00;368
9871;33;5352744;9871;659;11292;11659;3.60;0.22;377.43;15.47;1421;50;3999.00;367
9874;33;5352759;9874;662;11292;11659;3.58;0.22;377.44;15.47;1418;50;4000.00;367
9877;33;5352776;9877;661;11295;11659;3.56;0.22;377.50;15.48;1418;50;4001.00;364
9880;33;5352790;9880;671;11295;11660;3.54;0.22;377.51;15.48;1415;50;4002.00;365
9884;33;5352804;9884;673;11295;11660;3.47;0.21;377.61;15.48;1411;50;4003.00;365
9888;33;5352819;9888;671;11299;11666;3.43;0.21;377.71;15.47;1411;50;4004.00;367
9888;33;5352834;9888;680;11300;11668;3.42;0.21;377.71;15.47;1412;50;4005.00;368
9891;33;5352847;9891;680;11300;11668;3.41;0.21;377.74;15.47;1409;50;4006.00;368
9898;33;5352861;9898;679;11300;11668;3.35;0.21;377.78;15.47;1402;50;4007.00;368
9899;33;5352875;9899;683;11303;11672;3.37;0.21;377.74;15.47;1404;50;4008.00;369
9903;33;5352889;9903;682;11305;11672;3.34;0.21;377.73;15.47;1402;50;4009.00;367
9903;33;5352904;9903;682;11305;11672;3.37;0.21;377.73;15.47;1402;50;4010.00;367
9908;33;5352918;9908;687;11306;11673;3.37;0.21;377.69;15.47;1398;50;4011.00;367
9910;33;5352932;9910;693;11312;11677;3.39;0.21;377.75;15.59;1402;50;4012.00;365
9912;33;5352947;9912;697;11313;11677;3.38;0.21;377.81;15.59;1401;50;4013.00;364
9914;33;5352961;9914;699;11314;11680;3.40;0.21;377.78;15.59;1400;50;4014.00;366
9915;33;5352975;9915;695;11314;11680;3.39;0.21;377.75;15.59;1399;50;4015.00;366
9917;33;5352989;9917;686;11314;11680;3.40;0.21;377.69;15.59;1397;50;4016.00;366
9917;33;5353003;9917;666;11314;11680;3.44;0.21;377.69;15.59;1397;50;4017.00;366
9919;33;5353018;9919;666;11317;11684;3.50;0.22;377.63;15.59;1398;50;4018.00;367
9922;33;5353033;9922;655;11319;11684;3.52;0.22;377.53;15.59;1397;50;4019.00;365
9922;33;5353049;9922;649;11319;11684;3.61;0.22;377.53;15.59;1397;50;4020.00;365
9926;33;5353064;9926;644;11319;11684;3.63;0.22;377.55;15.59;1393;50;4021.00;365
9929;33;5353079;9929;639;11319;11685;3.64;0.22;377.46;15.59;1390;50;4022.00;366
9931;33;5353094;9931;646;11319;11686;3.66;0.22;377.46;15.59;1388;50;4023.00;367
9932;33;5353109;9932;645;11320;11686;3.67;0.22;377.52;15.59;1388;50;4024.00;366
9934;33;5353123;9934;657;11322;11687;3.72;0.23;377.56;15.59;1388;50;4025.00;365
9935;33;5353138;9935;652;11323;11687;3.73;0.23;377.52;15.59;1388;50;4026.00;364
9936;33;5353153;9936;648;11324;11687;3.76;0.23;377.53;15.59;1388;50;4027.00;363
9938;33;5353168;9938;645;11324;11687;3.77;0.23;377.53;15.59;1386;50;4028.00;363
9939;33;5353182;9939;643;11326;11687;3.83;0.23;377.62;15.60;1387;50;4029.00;361
9940;33;5353197;9940;643;11327;11687;3.85;0.24;377.67;15.72;1387;50;4030.00;360
9943;33;5353211;9943;632;11328;11687;3.86;0.24;377.70;15.72;1385;50;4031.00;359
9945;33;5353227;9945;649;11394;11814;4.07;0.25;377.66;15.63;1449;50;4032.00;420
9945;33;5353251;9945;637;11395;11815;4.10;0.25;377.66;15.63;1450;50;4033.00;420
9945;33;5353266;9945;633;11401;11815;4.21;0.26;377.66;15.62;1456;50;4034.00;414
9949;33;5353281;9949;629;11403;11815;4.24;0.26;377.85;15.62;1454;50;4035.00;412
9950;33;5353297;9950;614;11407;11815;4.27;0.26;377.84;15.62;1457;51;4036.00;408
9953;33;5353320;9953;594;11410;11815;4.26;0.26;377.88;15.62;1457;51;4037.00;405
9953;33;5353336;9953;586;11413;11815;4.31;0.27;377.88;15.61;1460;51;4038.00;402
9954;33;5353352;9954;584;11415;11815;4.30;0.26;377.86;15.61;1461;51;4039.00;400
9954;33;5353368;9954;579;11416;11816;4.34;0.27;377.86;15.61;1462;51;4040.00;400
9957;33;5353384;9957;568;11418;11817;4.38;0.27;377.89;15.61;1461;51;4041.00;399
9957;33;5353400;9957;568;11419;11817;4.42;0.27;377.89;15.61;1462;51;4042.00;398
9957;33;5353416;9957;569;11422;11818;4.49;0.28;377.89;15.61;1465;51;4043.00;396
9958;33;5353431;9958;565;11426;11818;4.55;0.28;377.88;15.61;1468;51;4044.00;392
9961;33;5353447;9961;573;11430;11818;4.55;0.28;377.89;15.61;1469;51;4045.00;388
9961;33;5353469;9961;573;11432;11818;4.55;0.28;377.89;15.61;1471;51;4046.00;386
9961;33;5353485;9961;567;11434;11822;4.56;0.28;377.89;15.61;1473;51;4047.00;388
9965;33;5353501;9965;565;11437;11822;4.56;0.28;377.93;15.61;1472;51;4048.00;385
9966;33;5353518;9966;571;11439;11822;4.55;0.28;377.94;15.61;1473;51;4049.00;383
9966;33;5353535;9966;566;11444;11828;4.62;0.28;377.94;15.60;1478;51;4050.00;384
9969;33;5353552;9969;564;11447;11828;4.66;0.28;377.95;15.60;1478;51;4051.00;381
9969;33;5353569;9969;552;11450;11828;4.73;0.29;377.95;15.60;1481;51;4052.00;378
9969;33;5353586;9969;550;11453;11832;4.72;0.29;377.95;15.60;1484;51;4053.00;379
9974;33;5353602;9974;536;11454;11833;4.74;0.29;378.03;15.59;1480;51;4054.00;379
9975;33;5353619;9975;541;11456;11833;4.76;0.29;378.13;15.60;1481;51;4055.00;377
9979;33;5353635;9979;537;11460;11837;4.78;0.29;378.15;15.59;1481;51;4056.00;377
9979;33;5353652;9979;531;11461;11837;4.82;0.29;378.15;15.59;1482;51;4057.00;376
9984;33;5353668;9984;525;11463;11837;4.86;0.30;378.16;15.72;1479;51;4058.00;374
9987;33;5353684;9987;518;11464;11838;4.86;0.30;378.24;15.71;1477;51;4059.00;374
9991;33;5353701;9991;519;11464;11838;4.81;0.29;378.23;15.71;1473;51;4060.00;374
9993;33;5353716;9993;521;11469;11844;4.82;0.29;378.31;15.71;1476;51;4061.00;375
9996;33;5353732;9996;516;11470;11844;4.77;0.29;378.34;15.71;1474;51;4062.00;374
10003;33;5353753;10003;516;11470;11845;4.71;0.29;378.32;15.71;1467;51;4063.00;375
10004;33;5353769;10004;512;11470;11845;4.71;0.29;378.32;15.71;1466;51;4064.00;375
10009;33;5353789;10009;512;11470;11845;4.67;0.28;378.27;15.71;1461;51;4065.00;375
10010;33;5353806;10010;500;11470;11845;4.69;0.28;378.30;15.71;1460;51;4066.00;375
10012;33;5353823;10012;502;11471;11845;4.67;0.28;378.35;15.79;1459;51;4067.00;374
10015;33;5353839;10015;496;11480;11857;4.74;0.29;378.35;15.78;1465;51;4068.00;377
10018;33;5353857;10018;489;11480;11857;4.70;0.29;378.39;15.78;1462;51;4069.00;377
10020;33;5353874;10020;490;11482;11857;4.73;0.29;378.42;15.78;1462;51;4070.00;375
10022;33;5353891;10022;495;11484;11857;4.78;0.29;378.46;15.95;1462;51;4071.00;373
10023;33;5353908;10023;491;11484;11857;4.83;0.29;378.44;15.95;1461;51;4072.00;373
10025;33;5353930;10025;497;11484;11857;4.86;0.30;378.45;15.95;1459;51;4073.00;373
10027;33;5353948;10027;498;11487;11861;4.88;0.30;378.47;15.95;1460;51;4074.00;374
10029;33;5353966;10029;493;11487;11861;4.88;0.30;378.50;15.95;1458;51;4075.00;374
10031;33;5353985;10031;497;11492;11865;4.90;0.30;378.50;15.95;1461;51;4076.00;373
10035;33;5354003;10035;498;11493;11866;4.91;0.30;378.48;15.95;1458;51;4077.00;373
10037;33;5354027;10037;504;11493;11866;4.91;0.30;378.54;15.95;1456;51;4078.00;373
10038;33;5354046;10038;500;11494;11866;4.87;0.30;378.58;15.95;1456;51;4079.00;372
10043;33;5354065;10043;506;11517;11895;4.85;0.29;378.64;15.92;1474;51;4080.00;378
10046;33;5354086;10046;501;11518;11895;4.82;0.29;378.76;15.92;1472;51;4081.00;377
10051;33;5354105;10051;496;11521;11895;4.79;0.29;378.81;15.92;1470;51;4082.00;374
10054;33;5354123;10054;497;11522;11896;4.81;0.29;378.84;15.91;1468;51;4083.00;374
10056;33;5354140;10056;495;11522;11897;4.84;0.29;379.00;15.91;1466;51;4084.00;375
10060;33;5354159;10060;499;11522;11897;4.80;0.29;379.03;15.91;1462;51;4085.00;375
10061;33;5354176;10061;498;11524;11900;4.86;0.30;379.02;15.91;1463;51;4086.00;376
10063;33;5354193;10063;501;11525;11900;4.83;0.29;379.10;16.00;1462;51;4087.00;375
10066;33;5354211;10066;513;11526;11900;4.84;0.30;379.14;16.00;1460;51;4088.00;374
10067;33;5354228;10067;514;11526;11900;4.88;0.30;379.19;16.00;1459;51;4089.00;374
10070;33;5354246;10070;523;11531;11906;4.93;0.30;379.20;15.99;1461;51;4090.00;375
10073;33;5354264;10073;522;11532;11906;4.89;0.30;379.26;16.08;1459;51;4091.00;374
10073;33;5354282;10073;531;11532;11906;4.86;0.30;379.26;16.08;1459;51;4092.00;374
10078;33;5354298;10078;542;11532;11906;4.83;0.30;379.27;16.08;1454;51;4093.00;374
10079;33;5354315;10079;538;11536;11910;4.82;0.30;379.25;16.16;1457;53;4094.00;374
10084;33;5354349;10084;547;11538;11912;4.78;0.29;379.36;16.16;1454;53;4095.00;374
10090;33;5354366;10090;557;11538;11912;4.70;0.29;379.45;16.16;1448;53;4096.00;374
10091;33;5354381;10091;557;11540;11913;4.72;0.29;379.47;16.24;1449;53;4097.00;373
10096;33;5354397;10096;561;11540;11913;4.70;0.29;379.60;16.24;1444;53;4098.00;373
10098;33;5354413;10098;572;11540;11913;4.69;0.29;379.70;16.24;1442;53;4099.00;373
10101;33;5354430;10101;563;11540;11913;4.66;0.29;379.72;16.24;1439;53;4100.00;373
10104;33;5354450;10104;567;11541;11913;4.61;0.28;379.80;16.33;1437;53;4101.00;372
10108;33;5354466;10108;575;11541;11913;4.58;0.28;379.91;16.33;1433;53;4102.00;372
10110;33;5354482;10110;566;11541;11913;4.57;0.28;379.89;16.33;1431;53;4103.00;372
10113;33;5354497;10113;582;11579;11983;4.74;0.29;379.90;16.36;1466;53;4104.00;404
10115;33;5354519;10115;569;11581;11984;4.74;0.29;379.95;16.36;1466;53;4105.00;403
10116;33;5354535;10116;568;11588;11984;4.76;0.29;380.04;16.35;1472;53;4106.00;396
10120;33;5354550;10120;573;11588;11984;4.76;0.29;380.23;16.35;1468;53;4107.00;396
10121;33;5354565;10121;579;11592;11984;4.80;0.29;380.21;16.35;1471;53;4108.00;392
10123;33;5354587;10123;577;11594;11984;4.78;0.29;380.22;16.35;1471;53;4109.00;390
10127;33;5354604;10127;571;11597;11984;4.78;0.29;380.22;16.34;1470;53;4110.00;387
10128;33;5354625;10128;571;11600;11984;4.82;0.29;380.20;16.34;1472;53;4111.00;384
10130;33;5354641;10130;582;11603;11985;4.82;0.29;380.30;16.34;1473;53;4112.00;382
10136;33;5354656;10136;562;11606;11986;4.80;0.29;380.46;16.34;1470;53;4113.00;380
10141;33;5354678;10141;567;11607;11986;4.77;0.29;380.49;16.33;1466;53;4114.00;379
10142;33;5354693;10142;558;11609;11990;4.74;0.29;380.52;16.33;1467;53;4115.00;381
10143;33;5354709;10143;562;11609;11990;4.72;0.29;380.53;16.33;1466;53;4116.00;381
10150;33;5354724;10150;567;11609;11990;4.65;0.28;380.63;16.33;1459;53;4117.00;381
10152;33;5354740;10152;570;11609;11990;4.65;0.28;380.77;16.33;1457;53;4118.00;381
10154;33;5354754;10154;565;11614;11996;4.70;0.28;380.72;16.33;1460;53;4119.00;382
10156;33;5354769;10156;572;11614;11996;4.68;0.28;380.81;16.33;1458;53;4120.00;382
10158;33;5354784;10158;569;11614;11996;4.63;0.28;380.85;16.33;1456;53;4121.00;382
10160;33;5354799;10160;571;11616;11999;4.52;0.27;380.94;16.32;1456;53;4122.00;383
10164;33;5354813;10164;574;11616;11999;4.38;0.27;380.96;16.32;1452;53;4123.00;383
10168;33;5354827;10168;578;11616;11999;4.25;0.26;381.13;16.32;1448;53;4124.00;383
10175;33;5354841;10175;564;11616;12000;4.15;0.25;381.33;16.32;1441;53;4125.00;384
10178;33;5354856;10178;562;11617;12001;4.11;0.25;381.45;16.32;1439;53;4126.00;384
10180;33;5354870;10180;555;11617;12001;4.10;0.25;381.43;16.32;1437;53;4127.00;384
10186;33;5354884;10186;559;11628;12014;4.10;0.25;381.42;16.31;1442;53;4128.00;386
10188;33;5354900;10188;554;11629;12014;4.12;0.25;381.48;16.31;1441;53;4129.00;385
10191;33;5354914;10191;562;11629;12014;4.13;0.25;381.40;16.31;1438;53;4130.00;385
10195;33;5354929;10195;560;11630;12015;4.15;0.25;381.60;16.31;1435;53;4131.00;385
10197;33;5354945;10197;566;11630;12015;4.15;0.25;381.66;16.31;1433;53;4132.00;385
10201;33;5354961;10201;566;11633;12019;4.17;0.25;381.65;16.30;1432;53;4133.00;386
10205;33;5354977;10205;569;11633;12019;4.17;0.25;381.91;16.30;1428;53;4134.00;386
10208;33;5354991;10208;564;11636;12023;4.16;0.25;382.05;16.30;1428;53;4135.00;387
10212;33;5355006;10212;563;11636;12023;4.14;0.25;382.16;16.30;1424;53;4136.00;387
10214;33;5355021;10214;563;11636;12023;4.11;0.25;382.27;16.30;1422;53;4137.00;387
10221;33;5355037;10221;561;11637;12023;4.06;0.25;382.40;16.30;1416;53;4138.00;386
10224;33;5355052;10224;565;11637;12023;4.08;0.25;382.49;16.30;1413;53;4139.00;386
10228;33;5355069;10228;566;11663;12057;4.23;0.26;382.51;16.27;1435;53;4140.00;394
10231;33;5355085;10231;566;11663;12057;4.19;0.26;382.64;16.27;1432;53;4141.00;394
10237;33;5355100;10237;565;11664;12057;4.15;0.26;382.79;16.27;1427;53;4142.00;393
10240;33;5355116;10240;567;11664;12057;4.10;0.25;382.82;16.27;1424;53;4143.00;393
10244;33;5355130;10244;569;11665;12057;4.07;0.25;382.87;16.26;1421;53;4144.00;392
10250;33;5355145;10250;572;11665;12057;4.02;0.25;382.87;16.26;1415;53;4145.00;392
10256;33;5355159;10256;572;11665;12058;3.95;0.24;382.81;16.26;1409;53;4146.00;393
10258;33;5355174;10258;573;11665;12058;3.88;0.24;382.89;16.26;1407;53;4147.00;393
10263;33;5355188;10263;574;11669;12064;3.78;0.23;383.04;16.26;1406;53;4148.00;395
10265;33;5355203;10265;581;11669;12065;3.77;0.23;383.07;16.26;1404;53;4149.00;396
10270;33;5355217;10270;586;11669;12065;3.70;0.23;383.07;16.26;1399;53;4150.00;396
10272;33;5355236;10272;598;11669;12065;3.67;0.23;383.07;16.26;1397;53;4151.00;396
10275;33;5355250;10275;606;11672;12069;3.64;0.23;383.03;16.25;1397;53;4152.00;397
10279;33;5355264;10279;610;11672;12069;3.59;0.22;383.06;16.25;1393;53;4153.00;397
10279;33;5355278;10279;609;11672;12069;3.60;0.22;383.06;16.25;1393;53;4154.00;397
10283;33;5355292;10283;613;11673;12070;3.58;0.22;383.23;16.25;1390;53;4155.00;397
10287;33;5355306;10287;619;11676;12074;3.58;0.22;383.25;16.25;1389;53;4156.00;398
10291;33;5355319;10291;626;11676;12074;3.54;0.22;383.35;16.25;1385;53;4157.00;398
10297;33;5355333;10297;626;11677;12077;3.47;0.21;383.26;16.25;1380;53;4158.00;400
10300;33;5355348;10300;634;11677;12077;3.42;0.21;383.25;16.25;1377;53;4159.00;400
10303;33;5355366;10303;637;11677;12077;3.37;0.21;383.23;16.25;1374;53;4160.00;400
10307;33;5355381;10307;642;11677;12077;3.31;0.20;383.20;16.25;1370;53;4161.00;400
10310;33;5355394;10310;648;11681;12081;3.31;0.20;383.27;16.24;1371;53;4162.00;400
10312;33;5355408;10312;652;11681;12081;3.29;0.20;383.22;16.24;1369;53;4163.00;400
10315;33;5355421;10315;655;11681;12081;3.28;0.20;383.17;16.24;1366;53;4164.00;400
10318;33;5355435;10318;652;11681;12081;3.27;0.20;383.19;16.24;1363;53;4165.00;400
10320;33;5355448;10320;652;11683;12082;3.26;0.20;383.18;16.25;1363;53;4166.00;399
10324;33;5355461;10324;649;11683;12083;3.21;0.20;383.16;16.25;1359;53;4167.00;400
10327;33;5355475;10327;642;11684;12083;3.18;0.19;383.10;16.25;1357;53;4168.00;399
10329;33;5355488;10329;651;11686;12084;3.18;0.20;383.10;16.25;1357;53;4169.00;398
10333;33;5355503;10333;654;11687;12084;3.12;0.19;383.01;16.25;1354;53;4170.00;397
10336;33;5355517;10336;658;11687;12084;3.07;0.19;382.98;16.25;1351;53;4171.00;397
10337;33;5355530;10337;651;11688;12084;3.04;0.19;382.94;16.25;1351;53;4172.00;396
10341;33;5355544;10341;653;11691;12086;2.97;0.18;382.90;16.38;1350;53;4173.00;395
10341;33;5355559;10341;645;11692;12086;2.96;0.18;382.90;16.38;1351;53;4174.00;394
10342;33;5355574;10342;646;11692;12086;2.98;0.18;382.95;16.38;1350;53;4175.00;394
10344;33;5355587;10344;666;11759;12213;3.41;0.21;383.02;16.28;1415;53;4176.00;454
10345;33;5355610;10345;662;11764;12214;3.48;0.22;382.98;16.28;1419;53;4177.00;450
10345;33;5355624;10345;667;11771;12214;3.54;0.22;382.98;16.27;1426;53;4178.00;443
10346;33;5355638;10346;665;11773;12214;3.51;0.22;382.95;16.27;1427;53;4179.00;441
10348;33;5355652;10348;670;11776;12214;3.57;0.22;382.98;16.27;1428;53;4180.00;438
10349;33;5355665;10349;656;11781;12214;3.60;0.22;383.04;16.26;1432;53;4181.00;433
10351;33;5355680;10351;646;11785;12214;3.59;0.22;383.18;16.26;1434;53;4182.00;429
10353;33;5355694;10353;627;11788;12214;3.59;0.22;383.26;16.26;1435;53;4183.00;426
10354;33;5355709;10354;611;11791;12215;3.63;0.22;383.25;16.26;1437;53;4184.00;424
10355;33;5355724;10355;601;11794;12217;3.68;0.23;383.25;16.25;1439;53;4185.00;423
10355;33;5355740;10355;605;11796;12217;3.74;0.23;383.25;16.25;1441;53;4186.00;421
10356;33;5355755;10356;610;11797;12218;3.76;0.23;383.25;16.25;1441;53;4187.00;421
10357;33;5355771;10357;605;11800;12218;3.81;0.23;383.24;16.25;1443;53;4188.00;418
10357;33;5355786;10357;605;11803;12218;3.89;0.24;383.24;16.25;1446;53;4189.00;415
10357;33;5355808;10357;606;11805;12218;3.96;0.24;383.24;16.25;1448;53;4190.00;413
10358;33;5355822;10358;599;11808;12222;4.04;0.25;383.34;16.25;1450;53;4191.00;414
10358;33;5355838;10358;592;11811;12222;4.08;0.25;383.34;16.25;1453;53;4192.00;411
10358;33;5355861;10358;582;11813;12222;4.14;0.25;383.34;16.24;1455;53;4193.00;409
10358;33;5355878;10358;584;11815;12225;4.20;0.26;383.34;16.24;1457;53;4194.00;410
10358;33;5355894;10358;581;11816;12225;4.23;0.26;383.34;16.24;1458;53;4195.00;409
10359;33;5355910;10359;581;11816;12225;4.24;0.26;383.34;16.24;1457;53;4196.00;409
10359;33;5355926;10359;572;11820;12229;4.25;0.26;383.34;16.24;1461;53;4197.00;409
10361;33;5355942;10361;570;11822;12230;4.24;0.26;383.31;16.24;1461;53;4198.00;408
10363;33;5355958;10363;573;11822;12230;4.24;0.26;383.24;16.24;1459;53;4199.00;408
10365;33;5355977;10365;579;11833;12264;4.25;0.26;383.24;16.23;1468;53;4200.00;431
10365;33;5355999;10365;573;11833;12264;4.26;0.26;383.24;16.23;1468;53;4201.00;431
10366;33;5356015;10366;560;11834;12264;4.31;0.26;383.26;16.23;1468;53;4202.00;430
10367;33;5356031;10367;560;11836;12265;4.34;0.26;383.26;16.22;1469;53;4203.00;429
10369;33;5356047;10369;560;11839;12265;4.36;0.26;383.35;16.35;1470;53;4204.00;426
10372;33;5356064;10372;551;11844;12271;4.39;0.27;383.45;16.35;1472;53;4205.00;427
10373;33;5356080;10373;555;11846;12271;4.46;0.27;383.44;16.35;1473;53;4206.00;425
10375;33;5356096;10375;556;11846;12272;4.47;0.27;383.52;16.35;1471;53;4207.00;426
10376;33;5356111;10376;557;11847;12272;4.46;0.27;383.56;16.34;1471;53;4208.00;425
10378;33;5356126;10378;554;11848;12272;4.49;0.27;383.67;16.34;1470;53;4209.00;424
10378;33;5356143;10378;557;11849;12272;4.54;0.27;383.67;16.34;1471;53;4210.00;423
10381;33;5356158;10381;564;11849;12272;4.54;0.27;383.81;16.34;1468;53;4211.00;423
10384;33;5356174;10384;558;11859;12284;4.54;0.27;383.85;16.33;1475;53;4212.00;425
10387;34;5356191;10387;564;11859;12284;4.53;0.27;383.93;16.33;1472;54;4213.00;425
10389;34;5356218;10389;558;11859;12284;4.54;0.27;384.03;16.33;1470;54;4214.00;425
10392;34;5356234;10392;561;11862;12284;4.55;0.28;384.18;16.33;1470;54;4215.00;422
10393;35;5356252;10393;555;11862;12284;4.55;0.28;384.27;16.33;1469;55;4216.00;422
10396;35;5356274;10396;547;11862;12284;4.53;0.27;384.38;16.33;1466;55;4217.00;422
10396;35;5356291;10396;541;11866;12288;4.57;0.28;384.38;16.33;1470;55;4218.00;422
10397;35;5356307;10397;540;11866;12288;4.61;0.28;384.41;16.33;1469;55;4219.00;422
10401;35;5356324;10401;532;11869;12292;4.64;0.28;384.56;16.32;1468;55;4220.00;423
10402;35;5356346;10402;535;11870;12293;4.69;0.28;384.57;16.32;1468;55;4221.00;423
10406;35;5356363;10406;531;11871;12293;4.73;0.29;384.56;16.32;1465;55;4222.00;422
10406;35;5356379;10406;529;11871;12293;4.82;0.29;384.56;16.32;1465;55;4223.00;422
10409;35;5356395;10409;530;11879;12306;4.82;0.29;384.64;16.31;1470;55;4224.00;427
10412;35;5356415;10412;531;11882;12306;4.88;0.29;384.63;16.31;1470;55;4225.00;424
10416;35;5356432;10416;527;11882;12306;4.88;0.29;384.68;16.31;1466;55;4226.00;424
10417;35;5356452;10417;523;11883;12307;4.93;0.30;384.68;16.31;1466;55;4227.00;424
10423;35;5356469;10423;527;11883;12308;4.93;0.30;384.75;16.31;1460;55;4228.00;425
10426;35;5356488;10426;528;11884;12308;4.95;0.30;384.84;16.31;1458;55;4229.00;424
10427;35;5356509;10427;536;11890;12314;4.99;0.30;384.86;16.30;1463;55;4230.00;424
10429;35;5356527;10429;537;11890;12314;4.99;0.30;384.85;16.30;1461;55;4231.00;424
10433;35;5356544;10433;526;11891;12314;4.97;0.30;384.83;16.30;1458;55;4232.00;423
10434;35;5356560;10434;536;11891;12314;4.95;0.30;384.82;16.30;1457;55;4233.00;423
10436;35;5356578;10436;543;11896;12320;4.98;0.30;384.84;16.30;1460;55;4234.00;424
10436;35;5356595;10436;548;11897;12320;4.96;0.30;384.84;16.30;1461;55;4235.00;423
10439;35;5356611;10439;547;11897;12320;4.94;0.30;384.84;16.30;1458;55;4236.00;423
10440;35;5356628;10440;547;11898;12320;4.91;0.30;384.85;16.30;1458;55;4237.00;422
10442;35;5356644;10442;556;11901;12324;4.88;0.30;384.82;16.30;1459;55;4238.00;423
10443;35;5356660;10443;563;11902;12325;4.85;0.29;384.86;16.29;1459;55;4239.00;423
10447;36;5356676;10447;567;11903;12325;4.76;0.29;384.80;16.30;1456;56;4240.00;422
10450;36;5356704;10450;569;11904;12326;4.72;0.29;384.78;16.30;1454;56;4241.00;422
10451;36;5356722;10451;569;11904;12326;4.69;0.29;384.83;16.30;1453;56;4242.00;422
10452;36;5356738;10452;576;11905;12326;4.65;0.28;384.82;16.30;1453;56;4243.00;421
10456;36;5356755;10456;581;11905;12326;4.60;0.28;384.83;16.30;1449;56;4244.00;421
10459;36;5356770;10459;580;11905;12326;4.54;0.28;384.90;16.30;1446;56;4245.00;421
10461;36;5356785;10461;588;11906;12326;4.52;0.28;384.92;16.30;1445;56;4246.00;420
10462;36;5356801;10462;592;11906;12326;4.50;0.27;384.90;16.30;1444;56;4247.00;420
10465;36;5356816;10465;614;11948;12396;4.55;0.28;384.89;16.24;1483;56;4248.00;448
10465;36;5356837;10465;615;11952;12397;4.60;0.28;384.89;16.24;1487;56;4249.00;445
10468;36;5356853;10468;607;11957;12397;4.61;0.28;384.91;16.24;1489;56;4250.00;440
10469;36;5356869;10469;615;11963;12397;4.61;0.28;385.00;16.24;1494;56;4251.00;434
10471;36;5356885;10471;614;11965;12397;4.62;0.28;385.11;16.24;1494;56;4252.00;432
10474;36;5356901;10474;617;11967;12397;4.61;0.28;385.16;16.24;1493;56;4253.00;430
10475;36;5356917;10475;625;11969;12397;4.59;0.28;385.23;16.24;1494;56;4254.00;428
10476;36;5356933;10476;625;11971;12397;4.62;0.28;385.23;16.23;1495;56;4255.00;426
10480;36;5356949;10480;635;11973;12398;4.58;0.28;385.20;16.23;1493;56;4256.00;425
10482;36;5356965;10482;635;11975;12399;4.59;0.28;385.19;16.23;1493;56;4257.00;424
10482;36;5356982;10482;640;11976;12399;4.58;0.28;385.19;16.23;1494;56;4258.00;423
10484;36;5356999;10484;647;11980;12403;4.51;0.28;385.34;16.23;1496;56;4259.00;423
10487;36;5357018;10487;648;11980;12403;4.44;0.27;385.32;16.23;1493;56;4260.00;423
10489;36;5357034;10489;668;11980;12403;4.38;0.27;385.32;16.23;1491;56;4261.00;423
10492;36;5357050;10492;667;11980;12403;4.34;0.27;385.43;16.23;1488;56;4262.00;423
10493;36;5357066;10493;678;11984;12409;4.35;0.27;385.41;16.22;1491;56;4263.00;425
10496;36;5357083;10496;676;11984;12409;4.35;0.27;385.41;16.22;1488;56;4264.00;425
10498;36;5357099;10498;682;11984;12409;4.37;0.27;385.53;16.22;1486;56;4265.00;425
10501;36;5357115;10501;680;11985;12412;4.41;0.27;385.53;16.22;1484;56;4266.00;427
10503;36;5357131;10503;673;11985;12412;4.39;0.27;385.54;16.22;1482;56;4267.00;427
10506;36;5357151;10506;671;11985;12412;4.35;0.27;385.67;16.22;1479;56;4268.00;427
10507;36;5357168;10507;671;11985;12413;4.31;0.26;385.70;16.22;1478;56;4269.00;428
10512;36;5357183;10512;668;11986;12414;4.28;0.26;385.72;16.22;1474;56;4270.00;428
10513;36;5357198;10513;675;11986;12414;4.25;0.26;385.69;16.22;1473;56;4271.00;428
10516;36;5357213;10516;681;11996;12427;4.25;0.26;385.71;16.21;1480;56;4272.00;431
10522;36;5357229;10522;672;11996;12427;4.17;0.26;385.65;16.21;1474;56;4273.00;431
10526;36;5357245;10526;669;11996;12427;4.18;0.26;385.77;16.21;1470;56;4274.00;431
10530;36;5357260;10530;674;11997;12429;4.17;0.26;385.86;16.20;1467;56;4275.00;432
10536;36;5357276;10536;668;11997;12429;4.17;0.25;385.89;16.20;1461;56;4276.00;432
10540;36;5357291;10540;664;12000;12433;4.17;0.25;386.01;16.20;1460;56;4277.00;433
10544;36;5357306;10544;666;12000;12433;4.15;0.25;386.00;16.20;1456;56;4278.00;433
10545;36;5357321;10545;663;12002;12437;4.21;0.26;386.03;16.20;1457;56;4279.00;435
10549;36;5357337;10549;658;12002;12437;4.20;0.26;386.15;16.20;1453;56;4280.00;435
10549;36;5357352;10549;660;12003;12437;4.24;0.26;386.15;16.20;1454;56;4281.00;434
10552;36;5357367;10552;660;12003;12437;4.21;0.26;386.17;16.20;1451;56;4282.00;434
10552;36;5357382;10552;662;12003;12437;4.21;0.26;386.17;16.20;1451;56;4283.00;434
10558;36;5357396;10558;665;12012;12449;4.24;0.26;386.29;16.18;1454;56;4284.00;437
10561;36;5357412;10561;667;12012;12449;4.20;0.26;386.32;16.18;1451;56;4285.00;437
10563;36;5357427;10563;675;12012;12449;4.15;0.25;386.45;16.18;1449;56;4286.00;437
10565;36;5357441;10565;681;12012;12449;4.11;0.25;386.54;16.18;1447;56;4287.00;437
10566;36;5357456;10566;686;12012;12449;4.04;0.25;386.57;16.18;1446;56;4288.00;437
10570;36;5357470;10570;694;12012;12449;3.90;0.24;386.68;16.18;1442;56;4289.00;437
10573;36;5357485;10573;682;12012;12450;3.82;0.23;386.81;16.18;1439;56;4290.00;438
10576;36;5357500;10576;684;12012;12450;3.77;0.23;386.83;16.18;1436;56;4291.00;438
10581;36;5357514;10581;692;12016;12456;3.72;0.23;387.00;16.18;1435;56;4292.00;440
10587;36;5357530;10587;684;12016;12457;3.61;0.22;386.97;16.18;1429;56;4293.00;441
10591;36;5357549;10591;689;12016;12457;3.61;0.22;387.04;16.18;1425;56;4294.00;441
10594;36;5357565;10594;695;12016;12457;3.56;0.22;387.14;16.18;1422;56;4295.00;441
10596;36;5357580;10596;697;12019;12461;3.55;0.22;387.20;16.18;1423;56;4296.00;442
10599;36;5357594;10599;696;12019;12461;3.53;0.22;387.24;16.18;1420;56;4297.00;442
10605;36;5357608;10605;686;12019;12461;3.47;0.21;387.28;16.18;1414;56;4298.00;442
10608;36;5357623;10608;683;12020;12462;3.49;0.21;387.28;16.17;1412;56;4299.00;442
10609;36;5357637;10609;679;12023;12466;3.51;0.22;387.30;16.17;1414;56;4300.00;443
10612;36;5357656;10612;674;12023;12466;3.52;0.22;387.33;16.17;1411;56;4301.00;443
10618;36;5357672;10618;666;12024;12469;3.52;0.22;387.35;16.17;1406;56;4302.00;445
10621;36;5357687;10621;664;12024;12469;3.52;0.22;387.33;16.17;1403;56;4303.00;445
10623;36;5357701;10623;658;12024;12469;3.60;0.22;387.30;16.17;1401;56;4304.00;445
10627;36;5357715;10627;662;12024;12469;3.64;0.22;387.31;16.17;1397;56;4305.00;445
10631;36;5357730;10631;654;12027;12473;3.68;0.22;387.23;16.17;1396;56;4306.00;446
10634;36;5357745;10634;656;12028;12473;3.68;0.22;387.26;16.30;1394;56;4307.00;445
10640;36;5357761;10640;654;12028;12473;3.66;0.22;387.26;16.30;1388;56;4308.00;445
10644;36;5357776;10644;658;12028;12473;3.62;0.22;387.25;16.30;1384;56;4309.00;445
10651;36;5357790;10651;671;12028;12474;3.57;0.22;387.30;16.30;1377;56;4310.00;446
10653;36;5357805;10653;671;12028;12475;3.58;0.22;387.27;16.30;1375;56;4311.00;447
10657;36;5357820;10657;678;12028;12475;3.56;0.22;387.17;16.30;1371;56;4312.00;447
10662;36;5357833;10662;674;12029;12476;3.53;0.21;387.07;16.30;1367;56;4313.00;447
10665;36;5357848;10665;677;12029;12476;3.52;0.21;387.03;16.30;1364;56;4314.00;447
10666;36;5357861;10666;671;12029;12476;3.53;0.21;387.00;16.30;1363;56;4315.00;447
10669;36;5357875;10669;670;12029;12476;3.53;0.22;386.99;16.30;1360;56;4316.00;447
10673;36;5357889;10673;680;12029;12476;3.53;0.22;386.99;16.30;1356;56;4317.00;447
10676;36;5357902;10676;678;12029;12476;3.51;0.21;386.89;16.30;1353;56;4318.00;447
10679;36;5357919;10679;679;12029;12476;3.48;0.21;386.87;16.30;1350;56;4319.00;447
10683;36;5357934;10683;707;12134;12706;3.85;0.24;386.84;16.16;1451;56;4320.00;572
10685;36;5357964;10685;696;12139;12707;3.85;0.24;386.82;16.15;1454;56;4321.00;568
10687;36;5357979;10687;690;12149;12707;3.89;0.25;386.86;16.14;1462;56;4322.00;558
10693;36;5357994;10693;683;12159;12707;3.86;0.24;386.77;16.13;1466;56;4323.00;548
10693;36;5358008;10693;694;12167;12707;3.87;0.24;386.77;16.12;1474;56;4324.00;540
10696;36;5358024;10696;688;12172;12707;3.89;0.24;386.76;16.12;1476;56;4325.00;535
10698;36;5358039;10698;692;12177;12707;3.89;0.25;386.75;16.12;1479;56;4326.00;530
10699;36;5358054;10699;694;12182;12707;3.88;0.24;386.84;16.11;1483;56;4327.00;525
10701;36;5358070;10701;694;12186;12708;3.84;0.24;386.87;16.11;1485;56;4328.00;522
10704;36;5358085;10704;705;12190;12709;3.78;0.24;386.86;16.11;1486;56;4329.00;519
10706;36;5358099;10706;689;12193;12709;3.74;0.23;386.86;16.12;1487;56;4330.00;516
10709;36;5358114;10709;674;12197;12710;3.71;0.23;386.97;16.12;1488;56;4331.00;513
10712;36;5358129;10712;674;12200;12710;3.69;0.23;386.95;16.12;1488;56;4332.00;510
10715;36;5358144;10715;679;12204;12710;3.67;0.23;386.96;16.12;1489;56;4333.00;506
10718;36;5358161;10718;674;12206;12710;3.65;0.23;387.02;16.13;1488;56;4334.00;504
10722;36;5358179;10722;678;12207;12714;3.64;0.23;387.19;16.12;1485;56;4335.00;507
10726;36;5358197;10726;684;12209;12714;3.62;0.22;387.30;16.13;1483;56;4336.00;505
10728;36;5358215;10728;678;12209;12714;3.65;0.23;387.35;16.13;1481;56;4337.00;505
10733;36;5358232;10733;676;12213;12717;3.65;0.22;387.33;16.26;1480;56;4338.00;504
10737;36;5358250;10737;673;12214;12717;3.62;0.22;387.40;16.26;1477;56;4339.00;503
10739;36;5358273;10739;674;12216;12717;3.62;0.22;387.37;16.27;1477;56;4340.00;501
10741;36;5358291;10741;672;12219;12721;3.60;0.22;387.33;16.27;1478;56;4341.00;502
10743;36;5358309;10743;670;12220;12722;3.60;0.22;387.39;16.26;1477;56;4342.00;502
10746;36;5358327;10746;670;12220;12722;3.58;0.22;387.38;16.26;1474;56;4343.00;502
10747;36;5358346;10747;674;12225;12726;3.62;0.22;387.35;16.27;1478;56;4344.00;501
10748;36;5358362;10748;677;12226;12726;3.67;0.22;387.36;16.27;1478;56;4345.00;500
10750;36;5358378;10750;665;12228;12726;3.68;0.22;387.36;16.27;1478;56;4346.00;498
10752;36;5358395;10752;651;12228;12727;3.72;0.23;387.43;16.27;1476;56;4347.00;499
10754;36;5358411;10754;644;12228;12727;3.74;0.23;387.36;16.27;1474;56;4348.00;499
10756;36;5358428;10756;635;12233;12733;3.79;0.23;387.39;16.27;1477;56;4349.00;500
10757;36;5358449;10757;642;12234;12733;3.83;0.23;387.39;16.27;1477;56;4350.00;499
10760;36;5358467;10760;637;12236;12734;3.88;0.24;387.40;16.27;1476;56;4351.00;498
10762;36;5358485;10762;645;12238;12734;3.91;0.24;387.40;16.28;1476;56;4352.00;496
10763;36;5358502;10763;646;12238;12734;3.96;0.24;387.44;16.28;1475;56;4353.00;496
10764;36;5358520;10764;646;12239;12734;3.99;0.24;387.46;16.28;1475;56;4354.00;495
10767;36;5358542;10767;656;12240;12734;4.03;0.25;387.53;16.28;1473;56;4355.00;494
10770;36;5358561;10770;664;12249;12746;4.13;0.25;387.61;16.27;1479;56;4356.00;497
10771;36;5358580;10771;650;12250;12746;4.16;0.25;387.70;16.27;1479;56;4357.00;496
10773;36;5358597;10773;653;12251;12746;4.18;0.25;387.66;16.27;1478;56;4358.00;495
10774;36;5358621;10774;651;12251;12746;4.24;0.26;387.64;16.27;1477;56;4359.00;495
10774;36;5358638;10774;640;12253;12746;4.28;0.26;387.64;16.41;1479;56;4360.00;493
10775;36;5358654;10775;630;12254;12746;4.34;0.26;387.71;16.41;1479;56;4361.00;492
10778;36;5358672;10778;630;12257;12750;4.31;0.26;387.84;16.40;1479;56;4362.00;493
10778;36;5358689;10778;623;12258;12750;4.31;0.26;387.84;16.41;1480;56;4363.00;492
10779;36;5358706;10779;630;12262;12754;4.34;0.26;387.82;16.40;1483;56;4364.00;492
10783;36;5358724;10783;631;12263;12756;4.28;0.26;387.95;16.40;1480;56;4365.00;493
10786;36;5358741;10786;627;12264;12756;4.24;0.26;388.05;16.41;1478;56;4366.00;492
10786;36;5358758;10786;620;12265;12756;4.22;0.26;388.05;16.41;1479;56;4367.00;491
10788;36;5358775;10788;623;12273;12769;4.28;0.26;388.13;16.40;1485;56;4368.00;496
10789;36;5358791;10789;628;12273;12769;4.28;0.26;388.13;16.40;1484;56;4369.00;496
10790;36;5358807;10790;627;12275;12769;4.28;0.26;388.24;16.40;1485;56;4370.00;494
10792;36;5358822;10792;638;12277;12770;4.36;0.27;388.29;16.40;1485;56;4371.00;493
10794;36;5358839;10794;639;12278;12771;4.38;0.27;388.38;16.41;1484;56;4372.00;493
10797;36;5358854;10797;634;12279;12771;4.40;0.27;388.56;16.41;1482;56;4373.00;492
10799;36;5358870;10799;635;12280;12774;4.47;0.27;388.62;16.41;1481;56;4374.00;494
10802;36;5358886;10802;637;12282;12774;4.49;0.27;388.65;16.54;1480;56;4375.00;492
10806;36;5358903;10806;646;12283;12774;4.43;0.27;388.74;16.55;1477;56;4376.00;491
10807;36;5358920;10807;646;12287;12774;4.45;0.27;388.74;16.86;1480;57;4377.00;487
10809;36;5358950;10809;651;12291;12780;4.48;0.27;388.76;16.85;1482;57;4378.00;489
10811;36;5358967;10811;654;12293;12780;4.49;0.27;388.74;16.86;1482;57;4379.00;487
10815;36;5358985;10815;648;12293;12780;4.48;0.27;388.80;16.86;1478;57;4380.00;487
10816;36;5359003;10816;643;12293;12780;4.56;0.28;388.88;16.86;1477;57;4381.00;487
10820;36;5359019;10820;638;12298;12784;4.59;0.28;388.99;16.86;1478;57;4382.00;486
10822;36;5359036;10822;632;12299;12785;4.61;0.28;388.98;16.99;1477;57;4383.00;486
10824;36;5359053;10824;632;12301;12785;4.71;0.29;389.09;16.99;1477;57;4384.00;484
10831;36;5359069;10831;619;12302;12786;4.72;0.29;389.30;16.99;1471;57;4385.00;484
10834;36;5359086;10834;608;12302;12786;4.76;0.29;389.37;16.99;1468;58;4386.00;484
10835;36;5359108;10835;598;12302;12786;4.81;0.29;389.41;16.99;1467;58;4387.00;484
10838;36;5359123;10838;589;12304;12786;4.79;0.29;389.47;16.99;1466;58;4388.00;482
10843;36;5359139;10843;583;12304;12786;4.80;0.29;389.78;16.99;1461;58;4389.00;482
10850;36;5359155;10850;580;12304;12786;4.77;0.29;389.74;16.99;1454;58;4390.00;482
10855;36;5359171;10855;568;12305;12786;4.77;0.29;390.05;17.00;1450;58;4391.00;481
10858;36;5359186;10858;574;12338;12856;4.79;0.29;390.13;16.95;1480;58;4392.00;518
10861;36;5359208;10861;568;12339;12857;4.77;0.29;390.14;16.95;1478;58;4393.00;518
10867;36;5359224;10867;565;12344;12857;4.73;0.29;390.23;16.95;1477;58;4394.00;513
10870;36;5359241;10870;563;12347;12857;4.74;0.29;390.32;16.94;1477;58;4395.00;510
10873;36;5359256;10873;557;12350;12857;4.73;0.29;390.37;17.04;1477;59;4396.00;507
10876;36;5359284;10876;548;12353;12857;4.76;0.29;390.46;17.05;1477;59;4397.00;504
10877;36;5359301;10877;547;12355;12857;4.78;0.29;390.46;17.04;1478;59;4398.00;502
10880;36;5359317;10880;545;12359;12857;4.80;0.29;390.56;17.04;1479;59;4399.00;498
10882;36;5359334;10882;547;12361;12858;4.82;0.29;390.55;17.04;1479;59;4400.00;497
10883;36;5359355;10883;545;12363;12859;4.83;0.29;390.54;17.04;1480;59;4401.00;496
10885;36;5359371;10885;540;12367;12859;4.83;0.29;390.69;17.04;1482;59;4402.00;492
10887;36;5359388;10887;542;12370;12863;4.84;0.29;390.65;17.04;1483;59;4403.00;493
10887;36;5359404;10887;549;12371;12863;4.82;0.29;390.65;17.05;1484;59;4404.00;492
10892;36;5359420;10892;548;12371;12863;4.76;0.29;390.66;17.05;1479;59;4405.00;492
10892;36;5359437;10892;543;12373;12863;4.75;0.29;390.66;17.05;1481;59;4406.00;490
10895;36;5359453;10895;554;12379;12869;4.74;0.29;390.68;17.05;1484;59;4407.00;490
10896;36;5359470;10896;557;12379;12869;4.75;0.29;390.65;17.05;1483;59;4408.00;490
10899;36;5359486;10899;562;12381;12869;4.72;0.29;390.81;17.05;1482;59;4409.00;488
10900;36;5359504;10900;569;12385;12875;4.71;0.29;390.79;17.05;1485;59;4410.00;490
10901;36;5359522;10901;578;12386;12875;4.73;0.29;390.82;17.05;1485;59;4411.00;489
10903;36;5359539;10903;574;12388;12875;4.73;0.29;390.81;17.05;1485;59;4412.00;487
10904;36;5359556;10904;585;12388;12876;4.74;0.29;390.84;17.05;1484;59;4413.00;488
10906;36;5359574;10906;579;12390;12877;4.72;0.29;390.81;17.05;1484;59;4414.00;487
10909;36;5359591;10909;589;12391;12877;4.71;0.29;390.80;17.06;1482;59;4415.00;486
10909;36;5359607;10909;598;12398;12890;4.74;0.29;390.80;17.05;1489;59;4416.00;492
10912;36;5359626;10912;600;12399;12890;4.68;0.29;390.75;17.06;1487;59;4417.00;491
10913;36;5359643;10913;609;12401;12890;4.67;0.28;390.77;17.06;1488;59;4418.00;489
10916;36;5359659;10916;610;12403;12891;4.64;0.28;390.90;17.17;1487;59;4419.00;488
10920;36;5359674;10920;631;12403;12891;4.60;0.28;390.99;17.17;1483;59;4420.00;488
10922;36;5359691;10922;626;12406;12895;4.61;0.28;391.00;17.17;1484;59;4421.00;489
10927;36;5359707;10927;627;12408;12895;4.60;0.28;391.13;17.27;1481;59;4422.00;487
10929;36;5359723;10929;641;12410;12899;4.57;0.28;391.23;17.27;1481;59;4423.00;489
10930;36;5359739;10930;637;12410;12899;4.60;0.28;391.33;17.27;1480;59;4424.00;489
10933;36;5359754;10933;632;12412;12899;4.58;0.28;391.57;17.38;1479;59;4425.00;487
10935;36;5359769;10935;638;12413;12899;4.59;0.28;391.61;17.38;1478;59;4426.00;486
10938;36;5359785;10938;636;12414;12899;4.58;0.28;391.69;17.38;1476;59;4427.00;485
10943;36;5359800;10943;644;12425;12911;4.60;0.28;391.81;17.37;1482;59;4428.00;486
10947;36;5359817;10947;650;12427;12911;4.56;0.28;391.79;17.37;1480;59;4429.00;484
10950;36;5359833;10950;652;12427;12911;4.51;0.28;391.84;17.37;1477;59;4430.00;484
10951;36;5359848;10951;661;12428;12911;4.51;0.28;391.90;17.47;1477;59;4431.00;483
10953;36;5359864;10953;673;12428;12911;4.48;0.27;391.93;17.47;1475;59;4432.00;483
10956;36;5359880;10956;677;12428;12911;4.46;0.27;391.93;17.47;1472;59;4433.00;483
10959;36;5359895;10959;678;12428;12912;4.45;0.27;391.93;17.47;1469;59;4434.00;484
10961;36;5359910;10961;678;12428;12912;4.41;0.27;391.97;17.47;1467;59;4435.00;484
10963;36;5359926;10963;684;12432;12918;4.38;0.27;392.03;17.47;1469;59;4436.00;486
10966;36;5359942;10966;688;12432;12919;4.32;0.26;392.01;17.47;1466;59;4437.00;487
10967;36;5359961;10967;689;12432;12919;4.26;0.26;392.06;17.47;1465;59;4438.00;487
10969;36;5359975;10969;688;12432;12919;4.22;0.26;392.05;17.47;1463;59;4439.00;487
10971;36;5359992;10971;692;12436;12924;4.23;0.26;392.12;17.46;1465;59;4440.00;488
10974;36;5360007;10974;696;12437;12924;4.19;0.26;392.09;17.57;1463;59;4441.00;487
10976;36;5360022;10976;695;12437;12924;4.17;0.25;392.05;17.57;1461;59;4442.00;487
10977;36;5360037;10977;699;12438;12925;4.16;0.25;392.09;17.56;1461;59;4443.00;487
10979;36;5360052;10979;701;12441;12929;4.15;0.25;392.12;17.56;1462;59;4444.00;488
10981;36;5360066;10981;708;12441;12929;4.10;0.25;392.26;17.56;1460;59;4445.00;488
10981;36;5360081;10981;713;12442;12932;4.09;0.25;392.26;17.56;1461;59;4446.00;490
10985;36;5360095;10985;714;12442;12932;4.01;0.25;392.25;17.56;1457;59;4447.00;490
10987;36;5360108;10987;716;12442;12932;3.95;0.24;392.30;17.56;1455;59;4448.00;490
10991;36;5360127;10991;715;12442;12932;3.90;0.24;392.38;17.56;1451;59;4449.00;490
10999;36;5360141;10999;715;12445;12936;3.91;0.24;392.38;17.55;1446;59;4450.00;491
11002;36;5360156;11002;719;12445;12936;3.84;0.23;392.37;17.55;1443;59;4451.00;491
11007;36;5360170;11007;719;12445;12936;3.80;0.23;392.33;17.55;1438;59;4452.00;491
11012;36;5360184;11012;727;12445;12936;3.71;0.23;392.28;17.55;1433;59;4453.00;491
11016;36;5360198;11016;729;12445;12937;3.60;0.22;392.28;17.55;1429;59;4454.00;492
11019;36;5360211;11019;717;12446;12939;3.51;0.21;392.22;17.55;1427;59;4455.00;493
11020;36;5360225;11020;719;12446;12939;3.48;0.21;392.19;17.55;1426;59;4456.00;493
11022;36;5360238;11022;717;12447;12940;3.49;0.21;392.19;17.55;1425;59;4457.00;493
11028;36;5360251;11028;728;12447;12940;3.45;0.21;392.09;17.55;1419;60;4458.00;493
11029;36;5360273;11029;729;12447;12940;3.51;0.21;392.06;17.55;1418;60;4459.00;493
11031;36;5360286;11031;726;12447;12940;3.53;0.22;392.08;17.55;1416;60;4460.00;493
11033;36;5360299;11033;731;12447;12940;3.53;0.22;392.08;17.55;1414;61;4461.00;493
11036;36;5360321;11036;717;12447;12940;3.55;0.22;392.21;17.55;1411;61;4462.00;493
11038;36;5360334;11038;709;12447;12940;3.55;0.22;392.19;17.55;1409;61;4463.00;493
11042;36;5360349;11042;712;12507;13067;3.86;0.24;392.12;17.47;1465;61;4464.00;560
11044;36;5360373;11044;709;12509;13068;3.86;0.24;392.06;17.47;1465;61;4465.00;559
11047;36;5360387;11047;708;12516;13068;3.88;0.24;392.00;17.46;1469;61;4466.00;552
11049;36;5360401;11049;706;12518;13068;3.91;0.24;392.00;17.45;1469;61;4467.00;550
11049;36;5360416;11049;713;12525;13068;3.93;0.24;392.00;17.45;1476;61;4468.00;543
11051;36;5360431;11051;713;12529;13068;3.89;0.24;391.99;17.44;1478;61;4469.00;539
11054;36;5360452;11054;719;12532;13068;3.86;0.24;391.98;17.44;1478;61;4470.00;536
11056;36;5360466;11056;724;12534;13068;3.83;0.24;391.93;17.44;1478;61;4471.00;534
11058;36;5360481;11058;732;12536;13069;3.78;0.23;391.92;17.44;1478;61;4472.00;533
11061;36;5360495;11061;731;12538;13070;3.74;0.23;391.87;17.44;1477;61;4473.00;532
11064;36;5360509;11064;734;12539;13070;3.67;0.23;391.85;17.43;1475;61;4474.00;531
11068;36;5360523;11068;737;12540;13071;3.61;0.22;391.82;17.43;1472;61;4475.00;531
11070;36;5360539;11070;743;12540;13071;3.58;0.22;391.89;17.43;1470;61;4476.00;531
11074;36;5360553;11074;730;12541;13071;3.57;0.22;391.88;17.43;1467;61;4477.00;530
11078;36;5360569;11078;727;12542;13071;3.54;0.22;391.87;17.43;1464;61;4478.00;529
11080;36;5360584;11080;730;12547;13075;3.55;0.22;391.89;17.43;1467;61;4479.00;528
11082;36;5360600;11082;728;12547;13075;3.57;0.22;391.87;17.43;1465;61;4480.00;528
11087;36;5360618;11087;733;12547;13075;3.54;0.22;391.88;17.43;1460;61;4481.00;528
11091;36;5360633;11091;738;12548;13078;3.52;0.22;391.85;17.43;1457;61;4482.00;530
11093;36;5360648;11093;742;12548;13078;3.52;0.22;391.86;17.43;1455;61;4483.00;530
11097;36;5360669;11097;749;12548;13078;3.48;0.21;391.82;17.43;1451;61;4484.00;530
11098;36;5360685;11098;740;12551;13082;3.44;0.21;391.82;17.42;1453;61;4485.00;531
11101;36;5360707;11101;739;12552;13083;3.43;0.21;391.82;17.42;1451;61;4486.00;531
11103;36;5360722;11103;740;12552;13083;3.43;0.21;391.82;17.42;1449;61;4487.00;531
11106;36;5360738;11106;741;12555;13087;3.43;0.21;391.82;17.42;1449;61;4488.00;532
11108;36;5360753;11108;744;12555;13087;3.44;0.21;391.79;17.42;1447;61;4489.00;532
11110;36;5360768;11110;738;12555;13087;3.42;0.21;391.75;17.42;1445;61;4490.00;532
11116;36;5360783;11116;738;12555;13088;3.42;0.21;391.75;17.42;1439;61;4491.00;533
11119;36;5360799;11119;738;12555;13088;3.41;0.21;391.78;17.42;1436;61;4492.00;533
11120;36;5360814;11120;728;12559;13094;3.45;0.21;391.78;17.41;1439;61;4493.00;535
11122;36;5360830;11122;717;12560;13094;3.43;0.21;391.77;17.42;1438;61;4494.00;534
11125;36;5360845;11125;715;12560;13095;3.44;0.21;391.74;17.42;1435;61;4495.00;535
11127;36;5360866;11127;708;12560;13095;3.47;0.21;391.72;17.42;1433;61;4496.00;535
11129;36;5360880;11129;701;12560;13095;3.45;0.21;391.70;17.42;1431;61;4497.00;535
11131;36;5360895;11131;705;12560;13095;3.47;0.21;391.80;17.42;1429;61;4498.00;535
11132;36;5360909;11132;704;12561;13095;3.44;0.21;391.90;17.43;1429;61;4499.00;534
11134;36;5360926;11134;709;12586;13145;3.51;0.22;391.89;17.52;1452;61;4500.00;559
11136;36;5360950;11136;711;12586;13147;3.51;0.22;391.90;17.52;1450;61;4501.00;561
11140;36;5360966;11140;701;12590;13147;3.57;0.22;392.03;17.52;1450;61;4502.00;557
11142;36;5360981;11142;695;12592;13147;3.62;0.22;392.04;17.53;1450;61;4503.00;555
11143;36;5360996;11143;695;12594;13147;3.66;0.22;392.03;17.53;1451;61;4504.00;553
11145;36;5361010;11145;683;12594;13147;3.66;0.22;392.24;17.53;1449;61;4505.00;553
11149;36;5361026;11149;686;12600;13151;3.66;0.22;392.31;17.54;1451;61;4506.00;551
11150;36;5361042;11150;694;12601;13151;3.65;0.22;392.42;17.54;1451;61;4507.00;550
11151;36;5361057;11151;698;12604;13155;3.68;0.23;392.52;17.53;1453;61;4508.00;551
11153;36;5361073;11153;695;12604;13156;3.71;0.23;392.49;17.53;1451;61;4509.00;552
11157;36;5361088;11157;704;12605;13156;3.72;0.23;392.52;17.54;1448;61;4510.00;551
11158;36;5361104;11158;685;12606;13156;3.76;0.23;392.50;17.55;1448;61;4511.00;550
11161;36;5361125;11161;678;12616;13169;3.84;0.23;392.53;17.53;1455;61;4512.00;553
11162;36;5361142;11162;672;12617;13169;3.88;0.24;392.62;17.54;1455;61;4513.00;552
11166;36;5361157;11166;670;12618;13169;3.89;0.24;392.69;17.54;1452;61;4514.00;551
11166;36;5361173;11166;662;12620;13170;3.91;0.24;392.69;17.54;1454;61;4515.00;550
11168;36;5361189;11168;658;12621;13171;3.90;0.24;392.72;17.55;1453;61;4516.00;550
11171;36;5361205;11171;652;12621;13171;3.87;0.24;392.73;17.55;1450;61;4517.00;550
11173;36;5361221;11173;655;12624;13174;3.87;0.24;392.74;17.55;1451;61;4518.00;550
11175;36;5361237;11175;653;12624;13174;3.84;0.23;392.79;17.55;1449;61;4519.00;550
11178;36;5361253;11178;651;12626;13174;3.79;0.23;393.02;17.56;1448;61;4520.00;548
11181;36;5361268;11181;660;12626;13174;3.77;0.23;393.15;17.56;1445;61;4521.00;548
11182;36;5361284;11182;653;12629;13180;3.79;0.23;393.24;17.55;1447;61;4522.00;551
11184;36;5361300;11184;651;12630;13180;3.80;0.23;393.35;17.56;1446;61;4523.00;550
11186;36;5361316;11186;638;12631;13180;3.80;0.23;393.39;17.56;1445;61;4524.00;549
11187;36;5361332;11187;643;12632;13180;3.82;0.23;393.42;17.56;1445;61;4525.00;548
11188;36;5361347;11188;640;12636;13184;3.88;0.24;393.47;17.56;1448;61;4526.00;548
11189;36;5361363;11189;632;12637;13185;3.95;0.24;393.49;17.56;1448;61;4527.00;548
11192;36;5361379;11192;632;12637;13185;3.99;0.24;393.54;17.56;1445;61;4528.00;548
11196;36;5361395;11196;625;12639;13186;4.01;0.24;393.54;17.57;1443;61;4529.00;547
11198;36;5361412;11198;622;12641;13186;4.05;0.25;393.57;17.57;1443;61;4530.00;545
11199;36;5361429;11199;619;12641;13186;4.09;0.25;393.60;17.57;1442;61;4531.00;545
11200;36;5361444;11200;616;12643;13186;4.13;0.25;393.60;17.58;1443;61;4532.00;543
11203;36;5361460;11203;616;12644;13186;4.17;0.25;393.66;17.59;1441;61;4533.00;542
11210;36;5361476;11210;613;12644;13186;4.17;0.25;393.91;17.59;1434;61;4534.00;542
11212;36;5361493;11212;616;12645;13186;4.26;0.26;393.86;17.59;1433;61;4535.00;541
11214;36;5361509;11214;630;12682;13256;4.29;0.26;393.98;17.54;1468;61;4536.00;574
11216;36;5361530;11216;624;12683;13257;4.35;0.26;393.99;17.54;1467;61;4537.00;574
11216;36;5361546;11216;631;12688;13257;4.42;0.27;393.99;17.55;1472;61;4538.00;569
11217;36;5361562;11217;632;12689;13257;4.45;0.27;394.00;17.55;1472;61;4539.00;568
11219;36;5361580;11219;632;12692;13257;4.45;0.27;393.96;17.55;1473;61;4540.00;565
11225;36;5361596;11225;629;12695;13257;4.45;0.27;394.04;17.55;1470;61;4541.00;562
11225;36;5361613;11225;624;12700;13257;4.53;0.27;394.04;17.55;1475;61;4542.00;557
11226;36;5361629;11226;635;12703;13257;4.59;0.28;394.04;17.55;1477;61;4543.00;554
11228;36;5361645;11228;630;12706;13258;4.62;0.28;394.09;17.68;1478;61;4544.00;552
11230;36;5361661;11230;620;12710;13260;4.64;0.28;394.10;17.69;1480;61;4545.00;550
11233;36;5361678;11233;616;12710;13260;4.66;0.28;394.21;17.69;1477;61;4546.00;550
11234;36;5361696;11234;617;12713;13264;4.67;0.28;394.24;17.68;1479;61;4547.00;551
11240;36;5361713;11240;612;12715;13264;4.66;0.28;394.40;17.69;1475;61;4548.00;549
11242;36;5361731;11242;614;12715;13264;4.67;0.29;394.43;17.69;1473;61;4549.00;549
11246;36;5361748;11246;601;12716;13264;4.68;0.29;394.56;17.70;1470;61;4550.00;548
11246;36;5361766;11246;595;12719;13270;4.72;0.29;394.56;17.70;1473;61;4551.00;551
11248;36;5361786;11248;586;12720;13270;4.73;0.29;394.60;17.70;1472;61;4552.00;550
11252;36;5361803;11252;577;12721;13270;4.78;0.29;394.71;17.71;1469;61;4553.00;549
11252;36;5361819;11252;577;12723;13273;4.81;0.29;394.71;17.71;1471;61;4554.00;550
11257;36;5361835;11257;571;12725;13273;4.79;0.29;394.73;17.71;1468;61;4555.00;548
11259;36;5361853;11259;576;12726;13273;4.81;0.29;394.78;17.72;1467;61;4556.00;547
11263;36;5361874;11263;575;12726;13274;4.81;0.29;394.84;17.72;1463;61;4557.00;548
11268;36;5361896;11268;575;12727;13275;4.81;0.29;394.94;17.72;1459;61;4558.00;548
11269;36;5361914;11269;568;12729;13275;4.82;0.29;394.95;17.85;1460;61;4559.00;546
11271;36;5361931;11271;576;12745;13301;4.85;0.30;394.98;17.94;1474;61;4560.00;556
11274;36;5361955;11274;567;12745;13301;4.84;0.30;395.05;17.94;1471;61;4561.00;556
11280;36;5361971;11280;574;12749;13301;4.78;0.29;395.04;18.08;1469;61;4562.00;552
11284;37;5361987;11284;574;12749;13302;4.71;0.29;395.14;18.08;1465;62;4563.00;553
11286;37;5362014;11286;573;12750;13302;4.68;0.29;395.10;18.07;1464;62;4564.00;552
11291;37;5362035;11291;574;12752;13306;4.60;0.28;395.26;18.07;1461;62;4565.00;554
11295;37;5362051;11295;569;12753;13306;4.51;0.28;395.26;18.07;1458;62;4566.00;553
11299;37;5362069;11299;572;12756;13310;4.47;0.27;395.39;18.07;1457;62;4567.00;554
11302;37;5362086;11302;565;12756;13310;4.46;0.27;395.45;18.07;1454;62;4568.00;554
11302;37;5362102;11302;571;12757;13310;4.49;0.27;395.45;18.07;1455;62;4569.00;553
11306;37;5362118;11306;574;12757;13310;4.47;0.27;395.60;18.07;1451;62;4570.00;553
11309;37;5362134;11309;577;12758;13310;4.47;0.27;395.71;18.07;1449;62;4571.00;552
11315;37;5362152;11315;573;12768;13322;4.49;0.27;395.90;18.06;1453;62;4572.00;554
11318;37;5362170;11318;580;12768;13322;4.48;0.27;396.09;18.06;1450;62;4573.00;554
11320;37;5362186;11320;576;12771;13322;4.42;0.27;396.10;18.06;1451;62;4574.00;551
11324;37;5362201;11324;580;12771;13322;4.37;0.27;396.20;18.06;1447;62;4575.00;551
11325;37;5362222;11325;587;12772;13322;4.35;0.27;396.28;18.06;1447;62;4576.00;550
11329;37;5362239;11329;599;12772;13322;4.33;0.27;396.35;18.06;1443;62;4577.00;550
11331;37;5362255;11331;601;12772;13323;4.32;0.26;396.41;18.06;1441;62;4578.00;551
11339;38;5362272;11339;613;12772;13323;4.25;0.26;396.58;18.06;1433;63;4579.00;551
11342;38;5362296;11342;613;12776;13329;4.28;0.26;396.64;18.06;1434;63;4580.00;553
11344;38;5362312;11344;625;12776;13330;4.24;0.26;396.73;18.06;1432;63;4581.00;554
11344;38;5362330;11344;634;12776;13330;4.22;0.26;396.73;18.06;1432;63;4582.00;554
11349;38;5362347;11349;638;12776;13330;4.14;0.25;396.85;18.06;1427;63;4583.00;554
11350;38;5362368;11350;646;12779;13334;4.11;0.25;396.93;18.05;1429;63;4584.00;555
11355;38;5362384;11355;655;12779;13334;4.04;0.25;396.96;18.05;1424;63;4585.00;555
11358;38;5362400;11358;667;12779;13334;4.00;0.24;396.98;18.05;1421;63;4586.00;555
11360;38;5362421;11360;679;12780;13335;3.96;0.24;396.96;18.05;1420;63;4587.00;555
11361;38;5362436;11361;687;12783;13339;3.92;0.24;396.94;18.05;1422;63;4588.00;556
11362;38;5362451;11362;685;12783;13339;3.88;0.24;396.92;18.05;1421;63;4589.00;556
11363;38;5362467;11363;691;12787;13345;3.86;0.24;396.90;18.04;1424;63;4590.00;558
11366;38;5362483;11366;696;12787;13345;3.84;0.24;396.84;18.04;1421;63;4591.00;558
11366;38;5362497;11366;697;12787;13345;3.84;0.24;396.84;18.04;1421;63;4592.00;558
11370;38;5362511;11370;706;12787;13345;3.81;0.23;396.82;18.04;1417;63;4593.00;558
11371;38;5362526;11371;711;12790;13349;3.79;0.23;396.79;18.04;1419;63;4594.00;559
11374;38;5362541;11374;711;12790;13349;3.74;0.23;396.83;18.04;1416;63;4595.00;559
11378;38;5362555;11378;717;12790;13349;3.66;0.23;396.84;18.04;1412;63;4596.00;559
11380;38;5362569;11380;720;12790;13349;3.61;0.22;396.85;18.04;1410;63;4597.00;559
11381;38;5362583;11381;716;12790;13350;3.59;0.22;396.83;18.04;1409;63;4598.00;560
11384;38;5362598;11384;715;12790;13351;3.53;0.22;396.78;18.04;1406;63;4599.00;561
11385;38;5362615;11385;719;12790;13351;3.49;0.22;396.77;18.04;1405;63;4600.00;561
11387;38;5362634;11387;725;12791;13352;3.48;0.21;396.73;18.04;1404;63;4601.00;561
11388;38;5362650;11388;722;12791;13352;3.46;0.21;396.75;18.04;1403;63;4602.00;561
11390;38;5362666;11390;718;12791;13352;3.42;0.21;396.69;18.04;1401;63;4603.00;561
11393;38;5362681;11393;713;12791;13352;3.36;0.21;396.64;18.04;1398;63;4604.00;561
11394;38;5362696;11394;705;12791;13352;3.34;0.21;396.62;18.04;1397;63;4605.00;561
11394;38;5362712;11394;703;12791;13352;3.35;0.21;396.62;18.04;1397;63;4606.00;561
11396;38;5362728;11396;704;12791;13352;3.32;0.20;396.60;18.04;1395;63;4607.00;561
11398;38;5362743;11398;708;12855;13479;3.66;0.23;396.56;17.95;1457;63;4608.00;624
11399;38;5362768;11399;703;12858;13480;3.67;0.23;396.54;17.94;1459;63;4609.00;622
11401;38;5362783;11401;697;12865;13480;3.69;0.23;396.49;17.94;1464;63;4610.00;615
11404;38;5362796;11404;690;12869;13480;3.68;0.23;396.48;17.93;1465;63;4611.00;611
11406;38;5362810;11406;687;12871;13480;3.68;0.23;396.53;17.93;1465;63;4612.00;609
11406;38;5362825;11406;689;12873;13480;3.66;0.23;396.53;17.93;1467;63;4613.00;607
11406;38;5362840;11406;686;12875;13480;3.63;0.23;396.53;17.92;1469;63;4614.00;605
11408;38;5362854;11408;699;12877;13480;3.59;0.22;396.59;17.92;1469;63;4615.00;603
11411;38;5362868;11411;695;12878;13481;3.55;0.22;396.51;17.92;1467;63;4616.00;603
11412;38;5362889;11412;694;12879;13482;3.54;0.22;396.49;17.92;1467;63;4617.00;603
11413;38;5362903;11413;693;12881;13482;3.50;0.22;396.51;17.92;1468;63;4618.00;601
11416;38;5362917;11416;697;12882;13483;3.43;0.21;396.47;17.92;1466;63;4619.00;601
11419;38;5362932;11419;681;12884;13483;3.35;0.21;396.51;17.92;1465;63;4620.00;599
11422;38;5362948;11422;682;12885;13483;3.26;0.20;396.53;17.92;1463;63;4621.00;598
11426;38;5362963;11426;679;12886;13483;3.18;0.20;396.51;17.92;1460;63;4622.00;597
11426;38;5362977;11426;676;12888;13487;3.16;0.20;396.51;17.92;1462;63;4623.00;599
11430;38;5362992;11430;663;12889;13487;3.14;0.19;396.61;17.91;1459;63;4624.00;598
11432;38;5363007;11432;659;12889;13487;3.13;0.19;396.59;17.91;1457;63;4625.00;598
11434;38;5363022;11434;648;12890;13490;3.13;0.19;396.58;17.91;1456;63;4626.00;600
11435;38;5363037;11435;645;12890;13490;3.20;0.20;396.60;17.91;1455;63;4627.00;600
11437;38;5363053;11437;631;12890;13490;3.26;0.20;396.63;17.91;1453;63;4628.00;600
11440;38;5363068;11440;616;12893;13494;3.31;0.20;396.59;17.91;1453;63;4629.00;601
11442;38;5363084;11442;606;12894;13495;3.35;0.20;396.62;17.91;1452;63;4630.00;601
11446;38;5363099;11446;604;12894;13495;3.39;0.21;396.62;17.91;1448;63;4631.00;601
11449;38;5363115;11449;595;12897;13499;3.45;0.21;396.58;17.90;1448;63;4632.00;602
11452;38;5363130;11452;591;12897;13499;3.51;0.21;396.58;17.90;1445;63;4633.00;602
11454;38;5363146;11454;589;12897;13499;3.56;0.22;396.62;17.90;1443;63;4634.00;602
11457;38;5363161;11457;577;12898;13501;3.60;0.22;396.64;17.90;1441;63;4635.00;603
11461;38;5363177;11461;574;12898;13501;3.61;0.22;396.59;17.90;1437;63;4636.00;603
11461;38;5363192;11461;570;12901;13507;3.70;0.22;396.59;17.90;1440;63;4637.00;606
11464;38;5363209;11464;566;12901;13507;3.75;0.23;396.63;17.90;1437;63;4638.00;606
11467;38;5363224;11467;562;12902;13508;3.79;0.23;396.58;17.90;1435;63;4639.00;606
11469;38;5363239;11469;563;12902;13508;3.86;0.23;396.54;17.90;1433;63;4640.00;606
11470;38;5363255;11470;557;12902;13508;3.96;0.24;396.53;17.90;1432;63;4641.00;606
11474;38;5363270;11474;564;12902;13508;3.97;0.24;396.56;17.90;1428;63;4642.00;606
11474;38;5363289;11474;556;12902;13508;4.02;0.24;396.56;17.90;1428;63;4643.00;606
11476;38;5363304;11476;558;12911;13520;4.05;0.25;396.51;17.89;1435;63;4644.00;609
11480;38;5363321;11480;556;12911;13520;4.06;0.25;396.60;17.89;1431;63;4645.00;609
11485;38;5363338;11485;556;12912;13520;4.08;0.25;396.56;18.02;1427;63;4646.00;608
11486;38;5363355;11486;561;12913;13520;4.11;0.25;396.55;18.02;1427;63;4647.00;607
11491;38;5363371;11491;556;12913;13520;4.13;0.25;396.62;18.02;1422;63;4648.00;607
11494;38;5363387;11494;551;12913;13520;4.11;0.25;396.57;18.02;1419;63;4649.00;607
11497;38;5363405;11497;548;12917;13526;4.09;0.25;396.58;18.02;1420;63;4650.00;609
11501;38;5363422;11501;549;12918;13526;4.05;0.24;396.59;18.02;1417;63;4651.00;608
11505;38;5363439;11505;549;12920;13530;3.99;0.24;396.60;18.01;1415;63;4652.00;610
11509;38;5363455;11509;549;12920;13531;3.95;0.24;396.58;18.01;1411;63;4653.00;611
11511;38;5363472;11511;550;12920;13531;3.91;0.24;396.61;18.01;1409;63;4654.00;611
11512;38;5363486;11512;542;12920;13531;3.92;0.24;396.62;18.01;1408;63;4655.00;611
11515;38;5363502;11515;545;12930;13544;3.96;0.24;396.62;18.00;1415;63;4656.00;614
11516;38;5363519;11516;547;12930;13544;3.97;0.24;396.61;18.00;1414;63;4657.00;614
11519;38;5363535;11519;542;12930;13544;3.99;0.24;396.65;18.00;1411;63;4658.00;614
11521;38;5363551;11521;539;12931;13545;4.04;0.25;396.66;18.00;1410;63;4659.00;614
11522;38;5363568;11522;533;12931;13546;4.10;0.25;396.66;18.00;1409;63;4660.00;615
11527;38;5363584;11527;526;12932;13546;4.08;0.25;396.65;18.14;1405;63;4661.00;614
11531;38;5363600;11531;518;12933;13549;4.06;0.25;396.61;18.13;1402;63;4662.00;616
11533;38;5363615;11533;516;12934;13549;4.05;0.25;396.70;18.15;1401;63;4663.00;615
11535;38;5363630;11535;515;12934;13549;4.04;0.25;396.70;18.15;1399;63;4664.00;615
11538;38;5363645;11538;528;12935;13549;4.06;0.25;396.78;18.16;1397;63;4665.00;614
11541;38;5363660;11541;533;12939;13555;4.05;0.25;396.78;18.17;1398;63;4666.00;616
11543;38;5363677;11543;525;12939;13555;4.06;0.25;396.78;18.17;1396;63;4667.00;616
11547;38;5363691;11547;522;12941;13555;4.06;0.25;396.88;18.20;1394;63;4668.00;614
11551;38;5363707;11551;519;12941;13555;4.02;0.24;397.00;18.20;1390;63;4669.00;614
11555;38;5363722;11555;521;12944;13559;3.99;0.24;397.11;18.20;1389;63;4670.00;615
11557;38;5363738;11557;516;12945;13560;4.02;0.24;397.16;18.21;1388;63;4671.00;615
11560;38;5363753;11560;519;12945;13560;4.04;0.25;397.16;18.21;1385;63;4672.00;615
11565;38;5363768;11565;520;12947;13561;4.04;0.25;397.22;18.35;1382;63;4673.00;614
11568;38;5363784;11568;523;12949;13561;4.06;0.25;397.25;18.37;1381;63;4674.00;612
11572;38;5363799;11572;533;12950;13561;4.10;0.25;397.40;18.37;1378;63;4675.00;611
11576;38;5363815;11576;517;12951;13561;4.10;0.25;397.41;18.39;1375;63;4676.00;610
11581;38;5363831;11581;511;12953;13561;4.14;0.25;397.43;18.40;1372;63;4677.00;608
11583;38;5363847;11583;510;12953;13561;4.22;0.26;397.54;18.40;1370;63;4678.00;608
11587;38;5363862;11587;503;12953;13561;4.27;0.26;397.52;18.40;1366;63;4679.00;608
11587;38;5363880;11587;531;13020;13686;4.43;0.27;397.52;18.32;1433;63;4680.00;666
11591;38;5363906;11591;517;13022;13687;4.51;0.28;397.63;18.33;1431;63;4681.00;665
11594;38;5363922;11594;514;13028;13687;4.54;0.28;397.82;18.33;1434;63;4682.00;659
11596;38;5363938;11596;515;13030;13687;4.58;0.28;397.87;18.48;1434;63;4683.00;657
11601;38;5363955;11601;508;13031;13687;4.58;0.28;397.98;18.49;1430;63;4684.00;656
11602;38;5363971;11602;504;13034;13687;4.62;0.28;398.00;18.50;1432;63;4685.00;653
11604;38;5363986;11604;506;13035;13687;4.63;0.28;398.01;18.51;1431;63;4686.00;652
11605;38;5364002;11605;512;13035;13687;4.63;0.28;398.01;18.51;1430;63;4687.00;652
11609;38;5364017;11609;513;13039;13688;4.61;0.28;398.11;18.51;1430;63;4688.00;649
11613;38;5364034;11613;512;13039;13689;4.58;0.28;398.16;18.51;1426;63;4689.00;650
11615;38;5364051;11615;514;13042;13689;4.55;0.28;398.18;18.52;1427;63;4690.00;647
11619;38;5364067;11619;525;13047;13693;4.48;0.27;398.29;18.52;1428;63;4691.00;646
11622;38;5364089;11622;535;13049;13693;4.46;0.27;398.31;18.53;1427;63;4692.00;644
11624;38;5364111;11624;527;13051;13693;4.45;0.27;398.35;18.53;1427;63;4693.00;642
11626;38;5364126;11626;538;13053;13693;4.42;0.27;398.39;18.54;1427;63;4694.00;640
11627;38;5364142;11627;543;13056;13699;4.43;0.27;398.47;18.54;1429;63;4695.00;643
11630;38;5364159;11630;547;13057;13699;4.43;0.27;398.51;18.55;1427;63;4696.00;642
11631;38;5364176;11631;555;13059;13699;4.45;0.27;398.62;18.56;1428;63;4697.00;640
11634;38;5364192;11634;565;13064;13702;4.46;0.27;398.73;18.71;1430;63;4698.00;638
11635;38;5364208;11635;565;13065;13702;4.46;0.27;398.80;18.72;1430;63;4699.00;637
11637;38;5364225;11637;569;13067;13702;4.48;0.27;398.80;18.73;1430;63;4700.00;635
11641;38;5364245;11641;569;13068;13703;4.46;0.27;398.92;18.73;1427;63;4701.00;635
11644;38;5364268;11644;572;13071;13704;4.48;0.27;398.99;18.76;1427;63;4702.00;633
11647;38;5364286;11647;575;13072;13704;4.49;0.27;399.03;18.76;1425;63;4703.00;632
11650;38;5364305;11650;580;13083;13717;4.50;0.27;399.08;18.77;1433;63;4704.00;634
11656;38;5364324;11656;579;13083;13717;4.50;0.27;399.09;18.77;1427;63;4705.00;634
11661;38;5364342;11661;580;13085;13717;4.49;0.27;399.21;18.78;1424;63;4706.00;632
11664;38;5364359;11664;581;13085;13718;4.48;0.27;399.27;18.78;1421;63;4707.00;633
11666;38;5364376;11666;584;13088;13718;4.49;0.27;399.30;18.78;1422;63;4708.00;630
11669;38;5364395;11669;594;13091;13722;4.42;0.27;399.31;18.91;1422;63;4709.00;631
11672;38;5364413;11672;595;13095;13722;4.40;0.27;399.39;18.94;1423;63;4710.00;627
11672;38;5364430;11672;593;13098;13726;4.39;0.27;399.39;18.94;1426;63;4711.00;628
11674;38;5364446;11674;594;13099;13726;4.35;0.26;399.39;18.95;1425;63;4712.00;627
11675;38;5364464;11675;588;13099;13726;4.32;0.26;399.40;18.95;1424;63;4713.00;627
11677;38;5364480;11677;587;13100;13726;4.27;0.26;399.46;18.96;1423;63;4714.00;626
11679;38;5364497;11679;589;13103;13726;4.25;0.26;399.47;19.32;1424;64;4715.00;623
11680;38;5364525;11680;585;13112;13738;4.28;0.26;399.47;19.30;1432;64;4716.00;626
11681;38;5364542;11681;577;13112;13738;4.31;0.26;399.46;19.30;1431;64;4717.00;626
11682;38;5364557;11682;570;13112;13738;4.33;0.26;399.48;19.30;1430;64;4718.00;626
11685;38;5364574;11685;566;13113;13738;4.33;0.26;399.50;19.31;1428;64;4719.00;625
11686;38;5364589;11686;554;13113;13738;4.37;0.27;399.50;19.31;1427;64;4720.00;625
11690;38;5364605;11690;555;13113;13738;4.34;0.27;399.59;19.31;1423;64;4721.00;625
11692;38;5364621;11692;556;13114;13739;4.34;0.27;399.60;19.45;1422;64;4722.00;625
11695;38;5364638;11695;552;13115;13739;4.28;0.26;399.67;19.46;1420;64;4723.00;624
11699;38;5364653;11699;551;13119;13745;4.24;0.26;399.63;19.46;1420;65;4724.00;626
11703;38;5364674;11703;551;13121;13747;4.19;0.26;399.62;19.47;1418;65;4725.00;626
11705;38;5364691;11705;551;13121;13747;4.12;0.25;399.66;19.47;1416;65;4726.00;626
11706;38;5364707;11706;550;13123;13747;4.08;0.25;399.66;19.49;1417;65;4727.00;624
11710;38;5364723;11710;563;13125;13751;4.10;0.25;399.74;19.48;1415;65;4728.00;626
11715;38;5364739;11715;560;13126;13751;4.07;0.25;399.84;19.48;1411;65;4729.00;625
11720;38;5364759;11720;560;13127;13751;3.95;0.24;399.82;19.49;1407;65;4730.00;624
11725;38;5364787;11725;571;13128;13752;3.91;0.24;399.91;19.49;1403;65;4731.00;624
11725;38;5364807;11725;576;13132;13756;3.93;0.24;399.91;19.50;1407;65;4732.00;624
11728;38;5364824;11728;585;13132;13756;3.89;0.24;399.98;19.50;1404;65;4733.00;624
11732;38;5364840;11732;588;13134;13759;3.87;0.24;400.00;19.51;1402;65;4734.00;625
11734;38;5364855;11734;593;13134;13759;3.84;0.23;400.11;19.51;1400;65;4735.00;625
11738;38;5364870;11738;601;13134;13759;3.80;0.23;400.24;19.51;1396;65;4736.00;625
11738;38;5364885;11738;601;13135;13759;3.76;0.23;400.24;19.52;1397;65;4737.00;624
11740;38;5364899;11740;610;13138;13763;3.73;0.23;400.23;19.51;1398;65;4738.00;625
11741;38;5364914;11741;614;13140;13763;3.75;0.23;400.21;19.53;1399;65;4739.00;623
11743;38;5364930;11743;618;13140;13763;3.73;0.23;400.19;19.53;1397;65;4740.00;623
11745;38;5364944;11745;627;13140;13763;3.70;0.23;400.18;19.53;1395;65;4741.00;623
11746;38;5364960;11746;630;13140;13764;3.66;0.23;400.23;19.53;1394;65;4742.00;624
11750;38;5364974;11750;635;13141;13765;3.59;0.22;400.30;19.54;1391;65;4743.00;624
11754;38;5364989;11754;638;13141;13765;3.55;0.22;400.25;19.54;1387;65;4744.00;624
11754;38;5365003;11754;636;13142;13766;3.52;0.22;400.25;19.54;1388;65;4745.00;624
11755;38;5365017;11755;645;13142;13766;3.54;0.22;400.27;19.54;1387;65;4746.00;624
11759;38;5365032;11759;646;13143;13766;3.50;0.21;400.23;19.55;1384;65;4747.00;623
11761;38;5365046;11761;658;13143;13766;3.47;0.21;400.24;19.55;1382;65;4748.00;623
11762;38;5365060;11762;671;13145;13766;3.45;0.21;400.21;19.68;1383;65;4749.00;621
11764;38;5365074;11764;668;13145;13766;3.40;0.21;400.15;19.68;1381;65;4750.00;621
11765;38;5365089;11765;678;13145;13766;3.36;0.21;400.15;19.68;1380;65;4751.00;621
11766;38;5365102;11766;697;13207;13893;3.65;0.23;400.14;19.71;1441;65;4752.00;686
11766;38;5365126;11766;698;13210;13894;3.63;0.23;400.14;19.70;1444;65;4753.00;684
11768;38;5365139;11768;703;13217;13894;3.62;0.23;400.22;19.69;1449;65;4754.00;677
11768;38;5365159;11768;701;13219;13894;3.61;0.22;400.22;19.69;1451;65;4755.00;675
11770;38;5365174;11770;704;13223;13894;3.61;0.23;400.18;19.68;1453;65;4756.00;671
11772;38;5365194;11772;703;13226;13894;3.60;0.22;400.20;19.68;1454;65;4757.00;668
11775;38;5365209;11775;707;13226;13894;3.53;0.22;400.19;19.68;1451;65;4758.00;668
11775;39;5365224;11775;709;13229;13894;3.52;0.22;400.19;19.68;1454;66;4759.00;665
11776;39;5365245;11776;709;13231;13895;3.52;0.22;400.16;19.68;1455;66;4760.00;664
11778;39;5365265;11778;717;13233;13896;3.50;0.22;400.22;19.68;1455;66;4761.00;663
11778;39;5365280;11778;721;13235;13896;3.46;0.21;400.22;19.67;1457;66;4762.00;661
11780;39;5365296;11780;728;13237;13897;3.46;0.21;400.22;19.67;1457;66;4763.00;660
11780;39;5365310;11780;731;13238;13897;3.46;0.21;400.22;19.67;1458;66;4764.00;659
11781;39;5365326;11781;735;13239;13897;3.42;0.21;400.23;19.67;1458;66;4765.00;658
11786;39;5365344;11786;746;13240;13897;3.37;0.21;400.25;19.67;1454;66;4766.00;657
11787;39;5365359;11787;755;13244;13901;3.34;0.21;400.21;19.67;1457;66;4767.00;657
11789;39;5365375;11789;763;13244;13901;3.29;0.20;400.19;19.67;1455;66;4768.00;657
11791;39;5365389;11791;764;13244;13901;3.24;0.20;400.17;19.67;1453;66;4769.00;657
11792;39;5365406;11792;761;13247;13907;3.24;0.20;400.14;19.66;1455;66;4770.00;660
11793;39;5365421;11793;744;13248;13907;3.20;0.20;400.22;19.66;1455;66;4771.00;659
11793;39;5365436;11793;735;13250;13907;3.23;0.20;400.22;19.66;1457;66;4772.00;657
11794;39;5365450;11794;727;13253;13911;3.29;0.20;400.22;19.66;1459;66;4773.00;658
11794;39;5365464;11794;715;13254;13912;3.34;0.20;400.22;19.65;1460;66;4774.00;658
11794;39;5365481;11794;709;13254;13912;3.40;0.21;400.22;19.65;1460;66;4775.00;658
11796;39;5365494;11796;698;13256;13916;3.46;0.21;400.16;19.65;1460;67;4776.00;660
11797;39;5365515;11797;686;13257;13916;3.49;0.21;400.13;19.65;1460;67;4777.00;659
11797;39;5365545;11797;680;13257;13916;3.52;0.22;400.13;19.65;1460;67;4778.00;659
11799;39;5365560;11799;683;13257;13917;3.57;0.22;400.09;19.65;1458;67;4779.00;660
11799;39;5365576;11799;682;13257;13917;3.60;0.22;400.09;19.65;1458;67;4780.00;660
11800;39;5365591;11800;682;13261;13923;3.67;0.22;400.09;19.64;1461;67;4781.00;662
11802;39;5365606;11802;696;13261;13923;3.64;0.22;400.07;19.64;1459;67;4782.00;662
11807;39;5365620;11807;680;13261;13924;3.59;0.22;399.99;19.64;1454;68;4783.00;663
11809;39;5365642;11809;687;13261;13924;3.54;0.22;399.99;19.64;1452;68;4784.00;663
11814;39;5365656;11814;665;13261;13924;3.48;0.21;399.96;19.64;1447;68;4785.00;663
11816;39;5365670;11816;661;13261;13924;3.49;0.21;399.95;19.64;1445;68;4786.00;663
11819;39;5365689;11819;668;13261;13924;3.47;0.21;399.94;19.64;1442;68;4787.00;663
11820;39;5365703;11820;664;13268;13936;3.51;0.21;399.93;19.63;1448;68;4788.00;668
11822;39;5365718;11822;653;13268;13936;3.51;0.21;399.91;19.63;1446;68;4789.00;668
11826;39;5365732;11826;648;13268;13936;3.52;0.21;399.96;19.63;1442;68;4790.00;668
11827;39;5365746;11827;643;13268;13936;3.58;0.22;399.94;19.63;1441;68;4791.00;668
11834;39;5365760;11834;639;13268;13936;3.52;0.21;399.95;19.63;1434;68;4792.00;668
11837;39;5365776;11837;636;13268;13936;3.56;0.22;399.92;19.63;1431;68;4793.00;668
11840;39;5365790;11840;624;13271;13940;3.59;0.22;399.86;19.63;1431;68;4794.00;669
11843;39;5365805;11843;613;13271;13940;3.63;0.22;399.83;19.63;1428;68;4795.00;669
11844;39;5365819;11844;599;13273;13944;3.69;0.23;399.81;19.63;1429;68;4796.00;671
11847;39;5365834;11847;597;13273;13945;3.69;0.23;399.79;19.63;1426;68;4797.00;672
11849;39;5365848;11849;597;13273;13945;3.72;0.23;399.78;19.63;1424;68;4798.00;672
11850;39;5365862;11850;589;13274;13945;3.79;0.23;399.78;19.64;1424;68;4799.00;671
11854;39;5365878;11854;589;13293;13986;3.89;0.24;399.85;19.61;1439;68;4800.00;693
11857;39;5365901;11857;575;13294;13986;3.95;0.24;400.02;19.61;1437;68;4801.00;692
11861;39;5365916;11861;577;13297;13986;3.98;0.24;400.10;19.61;1436;68;4802.00;689
11866;39;5365931;11866;567;13297;13987;4.01;0.25;400.19;19.61;1431;68;4803.00;690
11869;39;5365947;11869;562;13298;13988;4.05;0.25;400.34;19.61;1429;68;4804.00;690
11872;39;5365963;11872;560;13299;13988;4.07;0.25;400.37;19.60;1427;68;4805.00;689
11877;39;5365979;11877;553;13299;13991;4.08;0.25;400.45;19.60;1422;68;4806.00;692
11881;39;5365995;11881;548;13300;13991;4.11;0.25;400.66;19.60;1419;68;4807.00;691
11881;39;5366013;11881;541;13301;13991;4.18;0.26;400.66;19.60;1420;68;4808.00;690
11889;39;5366031;11889;533;13301;13991;4.16;0.25;400.91;19.60;1412;68;4809.00;690
11893;39;5366048;11893;537;13305;13997;4.16;0.25;401.13;19.60;1412;68;4810.00;692
11895;39;5366065;11895;537;13305;13997;4.21;0.26;401.17;19.60;1410;68;4811.00;692
11900;39;5366083;11900;531;13305;13997;4.20;0.26;401.29;19.60;1405;68;4812.00;692
11906;39;5366101;11906;525;13305;13997;4.18;0.26;401.38;19.60;1399;68;4813.00;692
11911;39;5366119;11911;530;13308;14001;4.19;0.26;401.39;19.59;1397;68;4814.00;693
11916;39;5366145;11916;530;13311;14003;4.19;0.26;401.47;19.61;1395;68;4815.00;692
11918;39;5366162;11918;533;13312;14003;4.20;0.26;401.55;19.61;1394;68;4816.00;691
11923;39;5366178;11923;523;13312;14004;4.24;0.26;401.55;19.61;1389;68;4817.00;692
11928;39;5366195;11928;517;13312;14004;4.25;0.26;401.64;19.61;1384;68;4818.00;692
11932;39;5366211;11932;507;13312;14004;4.22;0.26;401.62;19.61;1380;68;4819.00;692
11936;39;5366232;11936;512;13312;14004;4.20;0.26;401.66;19.61;1376;68;4820.00;692
11940;39;5366248;11940;508;13312;14004;4.23;0.26;401.74;19.61;1372;68;4821.00;692
11944;39;5366263;11944;511;13312;14004;4.28;0.26;401.85;19.61;1368;68;4822.00;692
11947;39;5366280;11947;508;13313;14004;4.31;0.26;401.91;19.61;1366;68;4823.00;691
11949;39;5366297;11949;516;13351;14074;4.38;0.27;402.08;19.70;1402;68;4824.00;723
11953;39;5366320;11953;508;13351;14075;4.41;0.27;402.20;19.70;1398;68;4825.00;724
11956;39;5366336;11956;511;13352;14075;4.44;0.27;402.26;19.69;1396;68;4826.00;723
11960;39;5366353;11960;507;13352;14075;4.45;0.27;402.29;19.69;1392;68;4827.00;723
11962;39;5366370;11962;503;13353;14077;4.50;0.27;402.32;19.69;1391;68;4828.00;724
11963;39;5366386;11963;504;13353;14077;4.59;0.28;402.35;19.69;1390;68;4829.00;724
11968;39;5366405;11968;505;13354;14077;4.60;0.28;402.37;19.71;1386;68;4830.00;723
11973;39;5366421;11973;514;13356;14077;4.55;0.28;402.48;19.72;1383;68;4831.00;721
11975;39;5366436;11975;501;13357;14078;4.52;0.28;402.49;19.73;1382;68;4832.00;721
11977;39;5366452;11977;501;13357;14079;4.49;0.27;402.47;19.73;1380;68;4833.00;722
11980;39;5366468;11980;510;13357;14079;4.50;0.27;402.62;19.73;1377;68;4834.00;722
11981;39;5366483;11981;512;13362;14083;4.48;0.27;402.63;19.74;1381;68;4835.00;721
11983;39;5366500;11983;510;13362;14083;4.46;0.27;402.70;19.74;1379;68;4836.00;721
11986;39;5366515;11986;513;13366;14083;4.46;0.27;402.91;19.76;1380;68;4837.00;717
11991;39;5366530;11991;515;13367;14083;4.44;0.27;403.10;19.77;1376;68;4838.00;716
11994;39;5366545;11994;517;13373;14089;4.40;0.27;403.14;19.93;1379;68;4839.00;716
11995;39;5366563;11995;526;13374;14089;4.39;0.27;403.14;19.95;1379;68;4840.00;715
11995;39;5366578;11995;520;13376;14089;4.40;0.27;403.14;19.96;1381;68;4841.00;713
11997;39;5366593;11997;516;13379;14092;4.43;0.27;403.25;19.98;1382;68;4842.00;713
12000;39;5366610;12000;502;13381;14092;4.46;0.27;403.46;19.98;1381;68;4843.00;711
12001;39;5366624;12001;500;13382;14092;4.48;0.27;403.52;20.00;1381;68;4844.00;710
12006;39;5366640;12006;502;13383;14093;4.45;0.27;403.72;20.00;1377;68;4845.00;710
12007;39;5366655;12007;501;13384;14094;4.45;0.27;403.79;20.02;1377;68;4846.00;710
12011;39;5366671;12011;490;13386;14094;4.40;0.27;403.83;20.03;1375;68;4847.00;708
12013;39;5366687;12013;494;13397;14107;4.39;0.27;403.84;20.04;1384;68;4848.00;710
12014;39;5366703;12014;485;13399;14107;4.43;0.27;403.89;20.06;1385;68;4849.00;708
12017;39;5366719;12017;491;13400;14107;4.41;0.27;403.88;20.07;1383;68;4850.00;707
12019;40;5366735;12019;494;13401;14108;4.44;0.27;403.98;20.07;1382;69;4851.00;707
12021;40;5366767;12021;494;13402;14108;4.47;0.27;404.12;20.07;1381;69;4852.00;706
12024;40;5366784;12024;492;13405;14112;4.48;0.27;404.19;20.09;1381;69;4853.00;707
12027;40;5366800;12027;493;13405;14112;4.51;0.28;404.32;20.09;1378;69;4854.00;707
12031;40;5366817;12031;496;13411;14116;4.50;0.27;404.45;20.23;1380;69;4855.00;705
12036;40;5366833;12036;486;13411;14116;4.50;0.27;404.46;20.23;1375;69;4856.00;705
12038;40;5366849;12038;490;13415;14116;4.52;0.28;404.44;20.25;1377;69;4857.00;701
12042;40;5366865;12042;497;13417;14116;4.53;0.28;404.53;20.25;1375;69;4858.00;699
12044;40;5366880;12044;484;13417;14116;4.57;0.28;404.53;20.25;1373;69;4859.00;699
12047;40;5366897;12047;491;13441;14150;4.62;0.28;404.57;20.24;1394;69;4860.00;709
12052;40;5366915;12052;496;13443;14150;4.66;0.29;404.71;20.25;1391;69;4861.00;707
12055;40;5366930;12055;491;13446;14150;4.65;0.29;404.94;20.27;1391;69;4862.00;704
12060;40;5366945;12060;491;13447;14150;4.64;0.28;405.22;20.29;1387;69;4863.00;703
12065;40;5366961;12065;487;13449;14150;4.60;0.28;405.33;20.29;1384;69;4864.00;701
12067;40;5366976;12067;488;13451;14150;4.61;0.28;405.37;20.30;1384;70;4865.00;699
12069;40;5366996;12069;492;13453;14151;4.60;0.28;405.39;20.45;1384;70;4866.00;698
12070;40;5367013;12070;495;13455;14151;4.61;0.28;405.37;20.46;1385;70;4867.00;696
12074;40;5367029;12074;501;13459;14157;4.58;0.28;405.39;20.47;1385;70;4868.00;698
12076;40;5367044;12076;506;13460;14158;4.57;0.28;405.39;20.47;1384;70;4869.00;698
12078;40;5367060;12078;506;13462;14158;4.57;0.28;405.52;20.49;1384;70;4870.00;696
12079;40;5367081;12079;517;13463;14158;4.59;0.28;405.56;20.64;1384;70;4871.00;695
12081;40;5367101;12081;524;13465;14162;4.57;0.28;405.58;20.65;1384;70;4872.00;697
12084;40;5367119;12084;525;13467;14162;4.57;0.28;405.58;20.66;1383;70;4873.00;695
12090;40;5367135;12090;533;13469;14162;4.54;0.28;405.76;20.68;1379;70;4874.00;693
12092;40;5367152;12092;538;13470;14163;4.52;0.28;405.76;20.68;1378;70;4875.00;693
12093;40;5367168;12093;540;13476;14167;4.51;0.28;405.76;20.69;1383;70;4876.00;691
12095;40;5367185;12095;543;13477;14167;4.52;0.28;405.76;20.70;1382;70;4877.00;690
12097;40;5367201;12097;543;13478;14170;4.50;0.27;405.73;20.70;1381;70;4878.00;692
12100;40;5367218;12100;543;13480;14170;4.46;0.27;405.74;20.71;1380;70;4879.00;690
12100;40;5367235;12100;543;13482;14170;4.43;0.27;405.74;20.73;1382;70;4880.00;688
12101;40;5367251;12101;539;13483;14170;4.46;0.27;405.71;20.74;1382;70;4881.00;687
12102;40;5367267;12102;539;13487;14174;4.50;0.27;405.72;20.73;1385;70;4882.00;687
12104;40;5367283;12104;539;13488;14174;4.49;0.27;405.70;20.75;1384;70;4883.00;686
12105;40;5367299;12105;536;13490;14174;4.53;0.28;405.74;20.78;1385;70;4884.00;684
12109;40;5367315;12109;527;13490;14174;4.50;0.27;405.74;20.78;1381;70;4885.00;684
12112;40;5367330;12112;534;13491;14175;4.49;0.27;405.72;20.79;1379;70;4886.00;684
12112;40;5367351;12112;526;13491;14176;4.53;0.28;405.72;20.79;1379;70;4887.00;685
12115;40;5367367;12115;525;13491;14176;4.46;0.27;405.72;20.79;1376;70;4888.00;685
12118;40;5367384;12118;529;13493;14177;4.44;0.27;405.75;20.80;1375;70;4889.00;684
12121;40;5367408;12121;535;13493;14177;4.45;0.27;405.79;20.80;1372;70;4890.00;684
12123;40;5367426;12123;542;13494;14177;4.47;0.27;405.77;20.82;1371;70;4891.00;683
12126;40;5367443;12126;544;13494;14177;4.43;0.27;405.91;20.82;1368;70;4892.00;683
12130;40;5367462;12130;542;13494;14177;4.40;0.27;405.92;20.82;1364;70;4893.00;683
12137;40;5367478;12137;541;13494;14177;4.38;0.27;405.96;20.82;1357;70;4894.00;683
12139;40;5367495;12139;547;13494;14177;4.35;0.26;405.94;20.82;1355;70;4895.00;683
12143;40;5367510;12143;560;13552;14304;4.49;0.28;405.84;20.74;1409;70;4896.00;752
12143;40;5367535;12143;563;13555;14305;4.47;0.28;405.84;20.74;1412;70;4897.00;750
12145;40;5367551;12145;562;13562;14305;4.43;0.27;405.85;20.73;1417;70;4898.00;743
12148;40;5367567;12148;568;13565;14305;4.37;0.27;405.83;20.72;1417;70;4899.00;740
12149;40;5367584;12149;570;13570;14305;4.32;0.27;405.82;20.72;1421;70;4900.00;735
12151;40;5367603;12151;573;13572;14305;4.29;0.26;405.88;20.72;1421;70;4901.00;733
12153;40;5367619;12153;575;13576;14305;4.22;0.26;405.87;20.71;1423;70;4902.00;729
12156;40;5367637;12156;583;13580;14305;4.22;0.26;405.86;20.71;1424;70;4903.00;725
12157;40;5367653;12157;578;13582;14306;4.25;0.26;405.85;20.71;1425;70;4904.00;724
12159;40;5367671;12159;580;13584;14308;4.21;0.26;405.86;20.70;1425;70;4905.00;724
12161;40;5367688;12161;586;13585;14308;4.19;0.26;405.91;20.70;1424;70;4906.00;723
12163;40;5367705;12163;592;13586;14309;4.16;0.25;405.96;20.70;1423;70;4907.00;723
12164;40;5367723;12164;591;13587;14309;4.12;0.25;405.93;20.70;1423;70;4908.00;722
12164;40;5367741;12164;595;13588;14309;4.06;0.25;405.93;20.70;1424;70;4909.00;721
12166;40;5367760;12166;592;13589;14309;3.97;0.24;406.00;20.70;1423;70;4910.00;720
12169;40;5367777;12169;602;13592;14313;3.92;0.24;406.15;20.70;1423;70;4911.00;721
12171;40;5367796;12171;620;13593;14313;3.91;0.24;406.12;20.70;1422;70;4912.00;720
12171;40;5367813;12171;624;13594;14313;3.86;0.24;406.12;20.71;1423;70;4913.00;719
12171;40;5367830;12171;633;13596;14316;3.81;0.23;406.12;20.71;1425;70;4914.00;720
12172;40;5367848;12172;646;13596;14316;3.78;0.23;406.16;20.71;1424;70;4915.00;720
12173;40;5367865;12173;656;13597;14316;3.76;0.23;406.15;20.71;1424;70;4916.00;719
12175;40;5367881;12175;658;13600;14320;3.72;0.23;406.15;20.71;1425;70;4917.00;720
12178;40;5367903;12178;650;13601;14321;3.68;0.22;406.16;20.70;1423;70;4918.00;720
12179;40;5367920;12179;644;13602;14321;3.69;0.23;406.17;20.70;1423;70;4919.00;719
12179;40;5367940;12179;641;13605;14326;3.75;0.23;406.17;20.70;1426;70;4920.00;721
12182;40;5367958;12182;642;13605;14326;3.75;0.23;406.14;20.70;1423;70;4921.00;721
12184;40;5367974;12184;634;13606;14326;3.78;0.23;406.21;20.70;1422;70;4922.00;720
12184;40;5367998;12184;638;13606;14327;3.78;0.23;406.21;20.70;1422;70;4923.00;721
12186;40;5368015;12186;641;13606;14327;3.80;0.23;406.19;20.70;1420;70;4924.00;721
12186;40;5368037;12186;637;13610;14333;3.87;0.24;406.19;20.69;1424;70;4925.00;723
12187;40;5368055;12187;636;13610;14333;3.87;0.24;406.17;20.69;1423;70;4926.00;723
12188;40;5368078;12188;635;13610;14334;3.85;0.24;406.21;20.69;1422;70;4927.00;724
12190;40;5368096;12190;641;13610;14334;3.86;0.24;406.17;20.69;1420;70;4928.00;724
12191;40;5368113;12191;636;13610;14334;3.85;0.24;406.18;20.69;1419;70;4929.00;724
12192;40;5368127;12192;635;13610;14334;3.85;0.24;406.15;20.69;1418;70;4930.00;724
12193;40;5368143;12193;644;13610;14334;3.85;0.24;406.19;20.69;1417;70;4931.00;724
12194;40;5368157;12194;640;13617;14346;3.90;0.24;406.16;20.68;1423;70;4932.00;729
12195;40;5368175;12195;646;13617;14346;3.90;0.24;406.13;20.68;1422;70;4933.00;729
12198;40;5368190;12198;644;13617;14346;3.89;0.24;406.09;20.68;1419;70;4934.00;729
12201;40;5368207;12201;642;13617;14346;3.93;0.24;406.13;20.68;1416;70;4935.00;729
12201;40;5368223;12201;634;13617;14346;3.96;0.24;406.13;20.68;1416;70;4936.00;729
12201;40;5368240;12201;640;13617;14346;4.00;0.24;406.13;20.68;1416;70;4937.00;729
12203;40;5368254;12203;629;13620;14350;4.01;0.24;406.11;20.68;1417;70;4938.00;730
12203;40;5368270;12203;624;13620;14350;4.03;0.25;406.11;20.68;1417;70;4939.00;730
12205;40;5368286;12205;626;13622;14354;4.02;0.25;406.05;20.67;1417;70;4940.00;732
12207;40;5368301;12207;614;13622;14355;4.04;0.25;406.01;20.67;1415;70;4941.00;733
12208;40;5368314;12208;615;13622;14355;4.02;0.25;406.02;20.67;1414;70;4942.00;733
12213;40;5368329;12213;615;13622;14355;3.95;0.24;406.02;20.67;1409;70;4943.00;733
12216;40;5368348;12216;614;13629;14368;3.93;0.24;406.02;20.66;1413;70;4944.00;739
12220;40;5368365;12220;610;13629;14368;3.91;0.24;406.01;20.66;1409;70;4945.00;739
12220;40;5368379;12220;608;13630;14368;3.95;0.24;406.01;20.66;1410;70;4946.00;738
12224;40;5368394;12224;602;13630;14369;3.96;0.24;406.04;20.66;1406;70;4947.00;739
12226;40;5368408;12226;606;13630;14370;3.96;0.24;406.03;20.66;1404;70;4948.00;740
12231;40;5368423;12231;596;13630;14370;3.91;0.24;406.01;20.66;1399;70;4949.00;740
12233;40;5368439;12233;585;13634;14379;3.90;0.24;406.11;20.66;1401;70;4950.00;745
12234;40;5368454;12234;577;13634;14379;3.94;0.24;406.10;20.66;1400;70;4951.00;745
12237;40;5368469;12237;570;13635;14379;3.98;0.24;406.10;20.65;1398;70;4952.00;744
12240;40;5368483;12240;559;13635;14379;4.04;0.25;406.08;20.65;1395;70;4953.00;744
12244;40;5368497;12244;551;13638;14385;4.13;0.25;406.07;20.65;1394;70;4954.00;747
12247;40;5368513;12247;547;13638;14385;4.20;0.26;406.03;20.65;1391;70;4955.00;747
12249;40;5368527;12249;531;13639;14385;4.23;0.26;405.98;20.65;1390;70;4956.00;746
12252;40;5368545;12252;530;13639;14385;4.29;0.26;405.99;20.65;1387;70;4957.00;746
12254;40;5368562;12254;524;13642;14389;4.34;0.26;406.00;20.64;1388;70;4958.00;747
12257;40;5368579;12257;511;13642;14390;4.32;0.26;406.10;20.64;1385;70;4959.00;748
12258;40;5368596;12258;501;13642;14390;4.38;0.27;406.08;20.64;1384;70;4960.00;748
12264;40;5368611;12264;497;13642;14391;4.34;0.26;406.18;20.64;1378;70;4961.00;749
12265;40;5368627;12265;494;13642;14391;4.33;0.26;406.18;20.64;1377;70;4962.00;749
12268;40;5368641;12268;493;13642;14391;4.36;0.27;406.13;20.64;1374;70;4963.00;749
12271;40;5368657;12271;486;13642;14391;4.38;0.27;406.11;20.64;1371;70;4964.00;749
12275;40;5368674;12275;479;13642;14391;4.40;0.27;406.08;20.64;1367;70;4965.00;749
12281;40;5368690;12281;468;13642;14391;4.43;0.27;406.02;20.64;1361;70;4966.00;749
12284;40;5368705;12284;467;13642;14391;4.47;0.27;406.13;20.64;1358;70;4967.00;749
12285;40;5368720;12285;464;13672;14461;4.62;0.28;406.24;20.60;1387;70;4968.00;789
12290;40;5368741;12290;445;13674;14462;4.66;0.29;406.37;20.60;1384;70;4969.00;788
12293;40;5368763;12293;429;13677;14462;4.74;0.29;406.39;20.59;1384;70;4970.00;785
12298;40;5368780;12298;428;13679;14462;4.77;0.29;406.48;20.74;1381;70;4971.00;783
12302;40;5368799;12302;422;13679;14462;4.83;0.30;406.47;20.74;1377;70;4972.00;783
12305;40;5368816;12305;416;13679;14462;4.85;0.30;406.56;20.74;1374;70;4973.00;783
12310;40;5368832;12310;410;13679;14462;4.84;0.30;406.61;20.74;1369;70;4974.00;783
12310;40;5368848;12310;408;13679;14462;4.90;0.30;406.61;20.74;1369;70;4975.00;783
12313;40;5368863;12313;405;13679;14463;4.87;0.30;406.75;20.74;1366;70;4976.00;784
12316;40;5368879;12316;407;13679;14464;4.84;0.30;406.89;20.74;1363;70;4977.00;785
12322;40;5368895;12322;407;13679;14464;4.81;0.30;406.98;20.74;1357;70;4978.00;785
12327;40;5368910;12327;405;13682;14468;4.79;0.29;407.10;20.73;1355;70;4979.00;786
12333;40;5368927;12333;408;13683;14468;4.75;0.29;407.21;20.73;1350;70;4980.00;785
12335;40;5368942;12335;404;13684;14468;4.76;0.29;407.25;20.73;1349;70;4981.00;784
12341;40;5368958;12341;405;13685;14468;4.75;0.29;407.51;20.75;1344;70;4982.00;783
12347;40;5368974;12347;417;13688;14474;4.71;0.29;407.63;20.75;1341;70;4983.00;786
12354;40;5368990;12354;419;13689;14474;4.66;0.28;407.90;20.75;1335;70;4984.00;785
12359;40;5369005;12359;417;13690;14474;4.66;0.28;408.17;20.75;1331;70;4985.00;784
12363;40;5369020;12363;421;13691;14477;4.65;0.28;408.25;20.78;1328;70;4986.00;786
12367;40;5369036;12367;423;13692;14477;4.65;0.28;408.32;20.78;1325;70;4987.00;785
12371;40;5369050;12371;424;13695;14477;4.67;0.28;408.42;20.78;1324;70;4988.00;782
12372;40;5369065;12372;423;13695;14478;4.70;0.29;408.53;20.78;1323;70;4989.00;783
12379;40;5369080;12379;433;13696;14479;4.66;0.28;408.76;20.80;1317;70;4990.00;783
12382;40;5369095;12382;429;13698;14479;4.63;0.28;408.78;20.83;1316;70;4991.00;781
12383;40;5369110;12383;436;13706;14492;4.61;0.28;408.85;20.98;1323;70;4992.00;786
12389;40;5369126;12389;434;13707;14492;4.57;0.28;408.96;20.98;1318;70;4993.00;785
12393;40;5369142;12393;442;13708;14492;4.54;0.28;409.10;21.00;1315;70;4994.00;784
12394;40;5369162;12394;450;13711;14494;4.59;0.28;409.08;21.02;1317;70;4995.00;783
12397;40;5369176;12397;450;13711;14494;4.59;0.28;409.12;21.02;1314;70;4996.00;783
12398;40;5369191;12398;438;13717;14498;4.66;0.28;409.12;21.04;1319;70;4997.00;781
12401;40;5369207;12401;434;13720;14498;4.72;0.29;409.24;21.08;1319;70;4998.00;778
12404;40;5369223;12404;434;13725;14502;4.79;0.29;409.28;21.11;1321;70;4999.00;777
12406;40;5369240;12406;435;13727;14502;4.82;0.29;409.29;21.11;1321;70;5000.00;775
12410;40;5369260;12410;439;13730;14502;4.82;0.29;409.33;21.15;1320;70;5001.00;772
12414;40;5369276;12414;437;13732;14502;4.78;0.29;409.50;21.17;1318;70;5002.00;770
12417;40;5369293;12417;444;13735;14502;4.74;0.29;409.47;21.19;1318;70;5003.00;767
12419;40;5369308;12419;449;13740;14514;4.73;0.29;409.45;21.19;1321;70;5004.00;774
12423;40;5369324;12423;454;13743;14514;4.64;0.28;409.78;21.21;1320;70;5005.00;771
12425;40;5369338;12425;455;13744;14514;4.63;0.28;409.85;21.21;1319;70;5006.00;770
12426;40;5369354;12426;455;13747;14514;4.64;0.28;409.88;21.24;1321;70;5007.00;767
12429;40;5369368;12429;462;13753;14514;4.59;0.28;409.99;21.28;1324;70;5008.00;761
12430;40;5369383;12430;455;13753;14514;4.65;0.28;410.01;21.28;1323;70;5009.00;761
12435;40;5369398;12435;452;13757;14515;4.69;0.29;410.08;21.31;1322;70;5010.00;758
12440;40;5369415;12440;460;13759;14515;4.71;0.29;410.19;21.35;1319;70;5011.00;756
12442;40;5369430;12442;457;13763;14521;4.79;0.29;410.25;21.36;1321;70;5012.00;758
12444;40;5369444;12444;461;13766;14522;4.79;0.29;410.31;21.38;1322;70;5013.00;756
12444;40;5369460;12444;457;13766;14522;4.81;0.29;410.31;21.38;1322;70;5014.00;756
12445;40;5369475;12445;471;13769;14522;4.82;0.29;410.30;21.42;1324;70;5015.00;753
12448;40;5369490;12448;471;13772;14526;4.82;0.29;410.43;21.43;1324;70;5016.00;754
12450;40;5369505;12450;469;13772;14526;4.80;0.29;410.55;21.43;1322;70;5017.00;754
12451;40;5369520;12451;470;13775;14526;4.80;0.29;410.53;21.47;1324;70;5018.00;751
12454;40;5369535;12454;473;13777;14527;4.77;0.29;410.62;21.61;1323;70;5019.00;750
12455;40;5369550;12455;462;13783;14531;4.81;0.29;410.60;21.65;1328;70;5020.00;748
12456;40;5369566;12456;466;13784;14531;4.85;0.30;410.61;21.79;1328;70;5021.00;747
12458;40;5369582;12458;470;13787;14534;4.89;0.30;410.58;21.82;1329;70;5022.00;747
12460;40;5369597;12460;462;13788;14534;4.91;0.30;410.57;21.82;1328;70;5023.00;746
12462;40;5369612;12462;463;13790;14534;4.94;0.30;410.60;21.86;1328;70;5024.00;744
12465;40;5369627;12465;457;13790;14534;4.95;0.30;410.56;21.86;1325;70;5025.00;744
12468;40;5369642;12468;462;13796;14538;4.96;0.30;410.67;21.87;1328;71;5026.00;742
12468;40;5369666;12468;465;13797;14538;4.94;0.30;410.67;21.89;1329;71;5027.00;741
12473;40;5369681;12473;469;13801;14538;4.87;0.30;410.83;22.06;1328;71;5028.00;737
12475;40;5369697;12475;475;13802;14538;4.82;0.29;410.87;22.08;1327;71;5029.00;736
12479;40;5369711;12479;474;13804;14539;4.78;0.29;410.91;22.09;1325;71;5030.00;735
12482;40;5369725;12482;470;13807;14540;4.76;0.29;410.88;22.11;1325;71;5031.00;733
12487;40;5369741;12487;479;13808;14540;4.73;0.29;410.84;22.12;1321;71;5032.00;732
12488;40;5369757;12488;483;13813;14541;4.73;0.29;410.82;22.54;1325;72;5033.00;728
12491;40;5369783;12491;495;13815;14541;4.73;0.29;410.83;22.57;1324;72;5034.00;726
12491;40;5369798;12491;500;13815;14541;4.75;0.29;410.83;22.57;1324;72;5035.00;726
12494;40;5369812;12494;518;13817;14541;4.76;0.29;410.83;22.73;1323;72;5036.00;724
12499;40;5369827;12499;519;13819;14541;4.74;0.29;410.86;22.76;1320;72;5037.00;722
12500;40;5369841;12500;520;13820;14541;4.72;0.29;410.88;22.78;1320;72;5038.00;721
12503;40;5369856;12503;527;13821;14541;4.71;0.29;410.89;22.79;1318;72;5039.00;720
12505;40;5369872;12505;584;13943;14771;4.79;0.30;410.84;22.63;1438;72;5040.00;828
12508;40;5369904;12508;577;13944;14772;4.77;0.30;410.92;22.64;1436;72;5041.00;828
12509;40;5369920;12509;563;13952;14772;4.83;0.30;410.89;22.79;1443;72;5042.00;820
12509;40;5369935;12509;553;13956;14772;4.86;0.31;410.89;22.80;1447;72;5043.00;816
12509;40;5369950;12509;551;13961;14772;4.90;0.31;410.89;22.81;1452;72;5044.00;811
12516;40;5369965;12516;537;13964;14772;4.87;0.31;410.94;22.80;1448;72;5045.00;808
12521;40;5369980;12521;537;13970;14772;4.90;0.31;410.88;22.83;1449;72;5046.00;802
12524;40;5369996;12524;539;13974;14772;4.94;0.31;410.91;22.84;1450;72;5047.00;798
12528;40;5370012;12528;549;13981;14773;4.95;0.31;410.87;22.84;1453;72;5048.00;792
12531;40;5370028;12531;556;13986;14774;4.96;0.31;410.85;22.85;1455;72;5049.00;788
12534;40;5370043;12534;552;13990;14774;4.92;0.31;410.89;22.88;1456;72;5050.00;784
12537;40;5370059;12537;561;13994;14775;4.89;0.30;410.89;22.90;1457;72;5051.00;781
12540;40;5370074;12540;562;13996;14775;4.84;0.30;410.85;22.92;1456;72;5052.00;779
12541;40;5370090;12541;573;13998;14775;4.81;0.30;410.85;22.93;1457;72;5053.00;777
12545;40;5370105;12545;577;13999;14775;4.78;0.30;410.84;22.93;1454;72;5054.00;776
12546;40;5370121;12546;579;14001;14779;4.78;0.30;410.82;22.93;1455;73;5055.00;778
12549;40;5370145;12549;592;14004;14779;4.73;0.29;410.88;23.08;1455;73;5056.00;775
12553;40;5370161;12553;594;14005;14779;4.68;0.29;410.84;23.09;1452;73;5057.00;774
12554;40;5370181;12554;610;14008;14782;4.60;0.28;410.81;23.10;1454;73;5058.00;774
12556;40;5370202;12556;605;14010;14782;4.55;0.28;410.79;23.10;1454;73;5059.00;772
12558;40;5370218;12558;619;14012;14782;4.49;0.28;410.81;23.13;1454;73;5060.00;770
12560;40;5370233;12560;634;14016;14786;4.42;0.27;410.88;23.12;1456;73;5061.00;770
12563;40;5370249;12563;640;14018;14787;4.32;0.26;410.90;23.14;1455;73;5062.00;769
12564;40;5370264;12564;648;14020;14787;4.26;0.26;410.87;23.15;1456;73;5063.00;767
12565;40;5370280;12565;661;14022;14791;4.15;0.25;410.94;23.16;1457;73;5064.00;769
12565;40;5370296;12565;646;14023;14791;4.08;0.25;410.94;23.16;1458;73;5065.00;768
12565;40;5370310;12565;648;14027;14791;4.07;0.25;410.94;23.17;1462;73;5066.00;764
12565;40;5370326;12565;655;14027;14792;4.07;0.25;410.94;23.17;1462;73;5067.00;765
12567;40;5370342;12567;658;14030;14792;4.06;0.25;410.98;23.18;1463;73;5068.00;762
12567;40;5370357;12567;666;14034;14798;4.10;0.25;410.98;23.17;1467;73;5069.00;764
12571;40;5370374;12571;668;14035;14798;4.10;0.25;411.02;23.17;1464;73;5070.00;763
12573;40;5370390;12573;671;14036;14799;4.10;0.25;410.99;23.18;1463;73;5071.00;763
12574;40;5370417;12574;671;14036;14799;4.08;0.25;410.96;23.18;1462;73;5072.00;763
12576;40;5370434;12576;667;14037;14799;4.08;0.25;410.97;23.19;1461;73;5073.00;762
12578;40;5370449;12578;678;14038;14799;4.10;0.25;410.91;23.20;1460;73;5074.00;761
12580;40;5370464;12580;679;14039;14799;4.09;0.25;410.91;23.20;1459;73;5075.00;760
12580;40;5370479;12580;683;14046;14811;4.10;0.25;410.91;23.19;1466;73;5076.00;765
12583;40;5370496;12583;689;14051;14811;4.07;0.25;410.84;23.22;1468;73;5077.00;760
12585;40;5370512;12585;684;14051;14811;4.06;0.25;410.83;23.22;1466;73;5078.00;760
12586;40;5370527;12586;676;14052;14811;4.05;0.25;410.87;23.22;1466;73;5079.00;759
12589;40;5370543;12589;676;14052;14811;4.03;0.25;410.91;23.22;1463;73;5080.00;759
12590;40;5370558;12590;688;14054;14811;4.01;0.25;410.88;23.23;1464;73;5081.00;757
12591;40;5370575;12591;691;14057;14815;4.02;0.25;410.86;23.23;1466;73;5082.00;758
12592;40;5370590;12592;687;14057;14815;4.03;0.25;410.85;23.23;1465;73;5083.00;758
12596;40;5370606;12596;682;14061;14819;4.08;0.25;410.88;23.23;1465;73;5084.00;758
12597;40;5370622;12597;682;14062;14821;4.07;0.25;410.92;23.23;1465;73;5085.00;759
12600;40;5370637;12600;682;14063;14821;4.06;0.25;410.95;23.23;1463;73;5086.00;758
12600;40;5370653;12600;684;14064;14821;4.07;0.25;410.95;23.23;1464;73;5087.00;757
12603;40;5370673;12603;696;14071;14834;4.05;0.25;411.02;23.22;1468;73;5088.00;763
12608;40;5370689;12608;695;14071;14834;4.01;0.24;410.98;23.22;1463;73;5089.00;763
12609;40;5370704;12609;696;14072;14834;4.02;0.24;410.96;23.22;1463;73;5090.00;762
12610;40;5370723;12610;706;14072;14835;4.00;0.24;410.97;23.22;1462;73;5091.00;763
12612;40;5370738;12612;696;14073;14836;3.99;0.24;410.98;23.22;1461;73;5092.00;763
12615;40;5370752;12615;706;14073;14836;4.00;0.24;410.91;23.22;1458;73;5093.00;763
12616;40;5370767;12616;701;14073;14839;4.04;0.25;410.88;23.22;1457;73;5094.00;766
12617;40;5370782;12617;706;14073;14839;4.07;0.25;410.88;23.22;1456;73;5095.00;766
12618;40;5370796;12618;699;14073;14839;4.12;0.25;410.86;23.22;1455;73;5096.00;766
12620;40;5370810;12620;707;14073;14839;4.14;0.25;410.87;23.22;1453;73;5097.00;766
12621;40;5370825;12621;705;14076;14845;4.19;0.26;410.86;23.21;1455;73;5098.00;769
12623;40;5370841;12623;701;14076;14845;4.18;0.25;410.82;23.21;1453;73;5099.00;769
12624;40;5370857;12624;695;14081;14864;4.19;0.25;410.85;23.20;1457;73;5100.00;783
12625;40;5370883;12625;692;14081;14864;4.19;0.25;410.85;23.20;1456;73;5101.00;783
12628;40;5370897;12628;688;14084;14868;4.17;0.25;410.95;23.20;1456;73;5102.00;784
12631;40;5370913;12631;681;14084;14869;4.19;0.25;410.95;23.20;1453;73;5103.00;785
12634;40;5370928;12634;678;14084;14869;4.20;0.26;411.16;23.20;1450;73;5104.00;785
12638;40;5370944;12638;676;14086;14870;4.18;0.25;411.19;23.20;1448;73;5105.00;784
12641;40;5370959;12641;672;14087;14870;4.20;0.26;411.30;23.20;1446;73;5106.00;783
12644;40;5370974;12644;670;14087;14870;4.21;0.26;411.31;23.20;1443;73;5107.00;783
12646;40;5370989;12646;668;14087;14870;4.26;0.26;411.44;23.20;1441;73;5108.00;783
12648;40;5371004;12648;671;14087;14870;4.28;0.26;411.51;23.20;1439;73;5109.00;783
12650;40;5371019;12650;664;14087;14870;4.27;0.26;411.48;23.20;1437;73;5110.00;783
12656;40;5371035;12656;659;14089;14870;4.21;0.26;411.54;23.19;1433;73;5111.00;781
12659;40;5371049;12659;663;14117;14940;4.28;0.26;411.68;23.15;1458;73;5112.00;823
12660;40;5371069;12660;653;14118;14941;4.32;0.26;411.67;23.15;1458;73;5113.00;823
12664;40;5371084;12664;656;14120;14941;4.30;0.26;411.68;23.14;1456;73;5114.00;821
12669;40;5371098;12669;634;14123;14941;4.29;0.26;411.81;23.14;1454;73;5115.00;818
12672;40;5371114;12672;634;14126;14941;4.30;0.26;411.85;23.14;1454;73;5116.00;815
12675;40;5371129;12675;629;14126;14941;4.27;0.26;411.88;23.14;1451;73;5117.00;815
12680;40;5371144;12680;628;14127;14941;4.28;0.26;412.04;23.14;1447;73;5118.00;814
12685;40;5371163;12685;622;14127;14941;4.25;0.26;412.09;23.14;1442;73;5119.00;814
12686;40;5371178;12686;618;14127;14942;4.25;0.26;412.09;23.14;1441;73;5120.00;815
12690;40;5371194;12690;614;14127;14943;4.23;0.26;412.17;23.14;1437;73;5121.00;816
12698;40;5371209;12698;620;14128;14943;4.21;0.26;412.29;23.14;1430;73;5122.00;815
12699;40;5371225;12699;611;14131;14947;4.23;0.26;412.29;23.13;1432;73;5123.00;816
12703;40;5371241;12703;622;14131;14947;4.26;0.26;412.31;23.13;1428;73;5124.00;816
12703;40;5371256;12703;618;14131;14947;4.32;0.26;412.31;23.13;1428;73;5125.00;816
12709;40;5371273;12709;619;14132;14947;4.33;0.26;412.38;23.13;1423;73;5126.00;815
12712;41;5371289;12712;624;14135;14953;4.33;0.26;412.37;23.13;1423;74;5127.00;818
12714;41;5371324;12714;627;14137;14953;4.38;0.27;412.45;23.13;1423;74;5128.00;816
12720;41;5371340;12720;625;14137;14953;4.36;0.26;412.49;23.13;1417;74;5129.00;816
12724;41;5371357;12724;618;14140;14959;4.35;0.26;412.48;23.15;1416;74;5130.00;819
12725;41;5371372;12725;607;14141;14959;4.38;0.27;412.47;23.15;1416;74;5131.00;818
12729;41;5371387;12729;614;14144;14959;4.39;0.27;412.62;23.15;1415;74;5132.00;815
12731;41;5371401;12731;609;14146;14960;4.40;0.27;412.61;23.15;1415;74;5133.00;814
12735;41;5371417;12735;602;14146;14961;4.43;0.27;412.65;23.15;1411;74;5134.00;815
12740;41;5371432;12740;597;14147;14961;4.42;0.27;412.77;23.15;1407;74;5135.00;814
12746;41;5371447;12746;586;14155;14974;4.40;0.27;412.92;23.14;1409;74;5136.00;819
12753;41;5371464;12753;584;14155;14974;4.42;0.27;412.89;23.14;1402;74;5137.00;819
12758;41;5371480;12758;583;14158;14974;4.39;0.27;412.99;23.14;1400;74;5138.00;816
12764;41;5371497;12764;572;14158;14975;4.36;0.26;413.04;23.14;1394;74;5139.00;817
12767;41;5371512;12767;564;14159;14975;4.40;0.27;413.06;23.14;1392;74;5140.00;816
12771;41;5371527;12771;564;14161;14979;4.38;0.27;413.12;23.14;1390;74;5141.00;818
12773;41;5371543;12773;556;14162;14979;4.41;0.27;413.20;23.14;1389;74;5142.00;817
12779;41;5371559;12779;557;14166;14983;4.42;0.27;413.42;23.14;1387;74;5143.00;817
12783;41;5371575;12783;554;14168;14983;4.40;0.27;413.48;23.14;1385;74;5144.00;815
12785;41;5371592;12785;559;14170;14983;4.41;0.27;413.47;23.14;1385;74;5145.00;813
12787;41;5371607;12787;561;14174;14983;4.43;0.27;413.54;23.14;1387;74;5146.00;809
12791;41;5371622;12791;562;14174;14983;4.42;0.27;413.74;23.14;1383;74;5147.00;809
12794;41;5371638;12794;564;14180;14995;4.43;0.27;413.70;23.13;1386;74;5148.00;815
12797;41;5371654;12797;573;14180;14995;4.41;0.27;413.78;23.13;1383;74;5149.00;815
12802;41;5371669;12802;572;14182;14995;4.37;0.27;413.82;23.13;1380;74;5150.00;813
12806;41;5371685;12806;577;14184;14995;4.30;0.26;413.98;23.13;1378;74;5151.00;811
12807;41;5371700;12807;587;14185;14995;4.28;0.26;413.99;23.15;1378;74;5152.00;810
12815;41;5371715;12815;586;14186;14995;4.16;0.25;414.21;23.15;1371;74;5153.00;809
12818;41;5371730;12818;597;14188;14996;4.11;0.25;414.25;23.15;1370;74;5154.00;808
12821;41;5371745;12821;607;14190;14998;4.07;0.25;414.43;23.15;1369;74;5155.00;808
12823;41;5371759;12823;605;14195;15004;4.04;0.25;414.40;23.16;1372;74;5156.00;809
12826;41;5371774;12826;612;14196;15005;4.01;0.24;414.53;23.18;1370;74;5157.00;809
12826;41;5371788;12826;612;14200;15005;4.04;0.25;414.53;23.20;1374;74;5158.00;805
12831;41;5371803;12831;609;14200;15005;4.00;0.24;414.64;23.20;1369;74;5159.00;805
12834;41;5371819;12834;610;14205;15010;3.96;0.24;414.69;23.23;1371;74;5160.00;805
12834;41;5371834;12834;620;14206;15010;3.95;0.24;414.69;23.23;1372;74;5161.00;804
12837;41;5371848;12837;608;14207;15010;3.95;0.24;414.65;23.25;1370;74;5162.00;803
12840;41;5371863;12840;611;14210;15011;3.93;0.24;414.87;23.25;1370;74;5163.00;801
12843;41;5371878;12843;598;14214;15015;4.00;0.24;415.07;23.26;1371;74;5164.00;801
12843;41;5371893;12843;597;14216;15015;4.03;0.24;415.07;23.28;1373;74;5165.00;799
12847;41;5371908;12847;592;14218;15018;4.03;0.25;415.09;23.29;1371;74;5166.00;800
12850;41;5371923;12850;597;14221;15018;4.02;0.24;415.11;23.31;1371;74;5167.00;797
12852;41;5371942;12852;594;14221;15018;4.03;0.25;415.24;23.31;1369;74;5168.00;797
12855;41;5371957;12855;605;14224;15018;4.02;0.24;415.41;23.32;1369;74;5169.00;794
12857;41;5371976;12857;613;14227;15022;4.01;0.24;415.43;23.34;1370;74;5170.00;795
12860;41;5371996;12860;606;14230;15022;4.04;0.24;415.49;23.52;1370;74;5171.00;792
12862;41;5372013;12862;604;14231;15022;4.04;0.25;415.56;23.52;1369;74;5172.00;791
12863;41;5372028;12863;601;14233;15022;4.06;0.25;415.58;23.51;1370;74;5173.00;789
12869;41;5372044;12869;601;14235;15023;4.07;0.25;415.64;23.55;1366;74;5174.00;788
12871;41;5372060;12871;604;14236;15025;4.10;0.25;415.61;23.54;1365;74;5175.00;789
12873;41;5372075;12873;604;14236;15025;4.12;0.25;415.61;23.54;1363;74;5176.00;789
12875;41;5372095;12875;608;14239;15026;4.16;0.25;415.73;23.58;1364;74;5177.00;787
12877;41;5372111;12877;607;14240;15026;4.21;0.26;415.75;23.60;1363;74;5178.00;786
12879;41;5372126;12879;614;14241;15026;4.22;0.26;415.75;23.61;1362;74;5179.00;785
12880;41;5372141;12880;623;14242;15026;4.24;0.26;415.73;23.63;1362;74;5180.00;784
12881;41;5372162;12881;628;14244;15026;4.26;0.26;415.71;23.66;1363;74;5181.00;782
12886;41;5372177;12886;623;14244;15026;4.23;0.26;415.59;23.66;1358;74;5182.00;782
12888;41;5372193;12888;616;14245;15026;4.24;0.26;415.57;23.68;1357;74;5183.00;781
12889;41;5372207;12889;647;14315;15153;4.39;0.27;415.57;23.56;1426;74;5184.00;838
12891;41;5372235;12891;640;14317;15154;4.38;0.27;415.54;23.59;1426;74;5185.00;837
12892;41;5372249;12892;633;14323;15154;4.45;0.28;415.54;23.60;1431;74;5186.00;831
12895;41;5372265;12895;621;14328;15154;4.51;0.28;415.51;23.62;1433;74;5187.00;826
12896;41;5372280;12896;616;14331;15154;4.57;0.28;415.54;23.62;1435;74;5188.00;823
12898;41;5372295;12898;615;14335;15154;4.61;0.28;415.56;23.65;1437;74;5189.00;819
12899;41;5372312;12899;623;14338;15154;4.60;0.28;415.58;23.66;1439;74;5190.00;816
12901;41;5372328;12901;626;14341;15154;4.62;0.28;415.57;23.67;1440;74;5191.00;813
12903;41;5372344;12903;631;14344;15155;4.54;0.28;415.56;23.68;1441;74;5192.00;811
12907;41;5372360;12907;640;14346;15156;4.50;0.28;415.59;23.69;1439;74;5193.00;810
12908;41;5372375;12908;645;14348;15156;4.45;0.27;415.56;23.71;1440;74;5194.00;808
12914;41;5372391;12914;652;14350;15157;4.38;0.27;415.57;23.72;1436;74;5195.00;807
12916;41;5372405;12916;663;14353;15157;4.32;0.27;415.54;23.73;1437;74;5196.00;804
12920;41;5372420;12920;673;14353;15157;4.26;0.26;415.52;23.73;1433;74;5197.00;804
12921;41;5372437;12921;667;14356;15157;4.21;0.26;415.49;23.76;1435;74;5198.00;801
12921;41;5372457;12921;674;14358;15161;4.19;0.26;415.49;23.76;1437;74;5199.00;803
12923;41;5372475;12923;674;14360;15161;4.17;0.26;415.62;23.76;1437;74;5200.00;801
12926;41;5372501;12926;680;14363;15161;4.11;0.25;415.59;23.78;1437;74;5201.00;798
12927;41;5372517;12927;677;14364;15164;4.09;0.25;415.57;23.80;1437;74;5202.00;800
12928;41;5372538;12928;677;14366;15164;4.05;0.25;415.67;23.81;1438;74;5203.00;798
12929;41;5372562;12929;683;14366;15164;4.03;0.25;415.77;23.81;1437;74;5204.00;798
12930;41;5372581;12930;694;14370;15168;4.01;0.25;415.76;23.82;1440;74;5205.00;798
12932;41;5372597;12932;693;14372;15169;3.96;0.24;415.74;23.83;1440;74;5206.00;797
12934;41;5372612;12934;693;14373;15169;3.97;0.24;415.75;23.84;1439;74;5207.00;796
12935;41;5372627;12935;689;14376;15173;3.98;0.24;415.76;23.84;1441;74;5208.00;797
12936;41;5372644;12936;677;14377;15173;3.99;0.24;415.73;23.85;1441;74;5209.00;796
12938;41;5372659;12938;678;14378;15173;4.04;0.25;415.86;23.86;1440;74;5210.00;795
12938;41;5372675;12938;676;14379;15174;4.10;0.25;415.86;23.87;1441;74;5211.00;795
12940;41;5372689;12940;654;14381;15174;4.16;0.25;415.87;23.90;1441;74;5212.00;793
12943;41;5372710;12943;636;14385;15180;4.21;0.26;415.92;23.89;1442;74;5213.00;795
12948;41;5372726;12948;632;14387;15180;4.24;0.26;415.90;23.92;1439;74;5214.00;793
12951;41;5372742;12951;626;14387;15180;4.27;0.26;415.86;23.92;1436;74;5215.00;793
12953;41;5372757;12953;618;14387;15181;4.26;0.26;415.96;23.92;1434;74;5216.00;794
12954;41;5372773;12954;602;14388;15181;4.29;0.26;415.94;23.93;1434;74;5217.00;793
12959;41;5372788;12959;598;14390;15181;4.28;0.26;415.85;23.95;1431;74;5218.00;791
12963;41;5372804;12963;594;14391;15181;4.30;0.26;415.88;23.96;1428;74;5219.00;790
12965;41;5372821;12965;588;14418;15217;4.37;0.27;415.85;24.24;1453;74;5220.00;799
12966;41;5372848;12966;588;14418;15217;4.44;0.27;415.86;24.24;1452;74;5221.00;799
12970;41;5372871;12970;596;14421;15217;4.46;0.27;415.81;24.25;1451;74;5222.00;796
12971;41;5372888;12971;595;14422;15217;4.48;0.27;415.82;24.26;1451;74;5223.00;795
12972;41;5372904;12972;599;14424;15217;4.50;0.27;415.83;24.27;1452;74;5224.00;793
12973;41;5372923;12973;596;14425;15217;4.55;0.28;415.80;24.28;1452;74;5225.00;792
12975;42;5372949;12975;603;14429;15221;4.54;0.28;415.77;24.27;1454;75;5226.00;792
12978;42;5372983;12978;598;14431;15221;4.54;0.28;415.79;24.30;1453;75;5227.00;790
12979;42;5373005;12979;595;14436;15225;4.56;0.28;415.79;24.30;1457;75;5228.00;789
12979;42;5373024;12979;607;14437;15226;4.56;0.28;415.79;24.31;1458;75;5229.00;789
12983;42;5373040;12983;607;14438;15226;4.58;0.28;415.83;24.32;1455;75;5230.00;788
12985;42;5373056;12985;615;14439;15226;4.59;0.28;415.78;24.32;1454;75;5231.00;787
12986;42;5373074;12986;619;14451;15239;4.59;0.28;415.78;24.33;1465;75;5232.00;788
12989;42;5373092;12989;622;14451;15239;4.57;0.28;415.73;24.33;1462;75;5233.00;788
12991;42;5373109;12991;609;14452;15239;4.61;0.28;415.74;24.33;1461;75;5234.00;787
12994;42;5373127;12994;613;14453;15240;4.60;0.28;415.70;24.33;1459;75;5235.00;787
12994;42;5373143;12994;611;14455;15241;4.60;0.28;415.70;24.35;1461;75;5236.00;786
12995;42;5373159;12995;610;14455;15241;4.65;0.28;415.69;24.35;1460;75;5237.00;786
12997;42;5373174;12997;606;14457;15244;4.63;0.28;415.70;24.36;1460;75;5238.00;787
13000;42;5373191;13000;610;14457;15244;4.58;0.28;415.77;24.36;1457;75;5239.00;787
13000;42;5373212;13000;613;14458;15244;4.57;0.28;415.77;24.37;1458;75;5240.00;786
13002;42;5373227;13002;616;14459;15244;4.50;0.27;415.76;24.38;1457;75;5241.00;785
13004;42;5373243;13004;611;14463;15250;4.52;0.28;415.77;24.38;1459;75;5242.00;787
13007;42;5373258;13007;619;14464;15250;4.45;0.27;415.76;24.39;1457;75;5243.00;786
13007;42;5373280;13007;619;14465;15250;4.44;0.27;415.76;24.53;1458;75;5244.00;785
13009;42;5373296;13009;626;14466;15250;4.43;0.27;415.73;24.54;1457;75;5245.00;784
13011;42;5373312;13011;625;14469;15254;4.39;0.27;415.81;24.54;1458;75;5246.00;785
13012;42;5373329;13012;624;14470;15255;4.42;0.27;415.78;24.68;1458;75;5247.00;785
13014;42;5373345;13014;631;14471;15255;4.40;0.27;415.89;24.69;1457;75;5248.00;784
13015;42;5373361;13015;633;14472;15256;4.41;0.27;415.92;24.69;1457;75;5249.00;784
13016;42;5373379;13016;634;14473;15256;4.38;0.27;415.92;24.83;1457;75;5250.00;783
13018;42;5373395;13018;646;14474;15256;4.36;0.27;415.97;24.85;1456;75;5251.00;782
13019;42;5373411;13019;650;14475;15256;4.39;0.27;415.97;24.86;1456;75;5252.00;781
13019;42;5373427;13019;656;14476;15256;4.39;0.27;415.97;25.00;1457;75;5253.00;780
13024;42;5373443;13024;660;14476;15256;4.38;0.27;416.10;25.00;1452;75;5254.00;780
13024;42;5373458;13024;661;14478;15256;4.42;0.27;416.10;25.28;1454;75;5255.00;778
13026;42;5373473;13026;666;14512;15326;4.53;0.28;416.13;25.22;1486;75;5256.00;814
13028;42;5373496;13028;663;14515;15327;4.53;0.28;416.14;25.36;1487;75;5257.00;812
13031;42;5373513;13031;661;14519;15327;4.50;0.28;416.25;25.35;1488;75;5258.00;808
13036;42;5373529;13036;659;14519;15327;4.49;0.27;416.40;25.35;1483;75;5259.00;808
13040;42;5373546;13040;657;14519;15327;4.49;0.27;416.45;25.35;1479;75;5260.00;808
13040;42;5373562;13040;653;14519;15327;4.48;0.27;416.45;25.35;1479;75;5261.00;808
13041;42;5373579;13041;655;14521;15327;4.52;0.28;416.42;25.63;1480;75;5262.00;806
13042;42;5373595;13042;655;14521;15327;4.54;0.28;416.52;25.63;1479;75;5263.00;806
13045;42;5373611;13045;650;14522;15328;4.51;0.27;416.56;25.77;1477;75;5264.00;806
13047;42;5373628;13047;647;14523;15330;4.49;0.27;416.57;25.77;1476;75;5265.00;807
13049;42;5373645;13049;646;14523;15330;4.49;0.27;416.59;25.77;1474;76;5266.00;807
13052;42;5373671;13052;640;14527;15334;4.48;0.27;416.66;25.90;1475;76;5267.00;807
13053;42;5373689;13053;644;14527;15334;4.52;0.28;416.70;25.90;1474;76;5268.00;807
13056;42;5373706;13056;643;14527;15334;4.49;0.27;416.67;25.90;1471;76;5269.00;807
13058;42;5373724;13058;642;14528;15334;4.50;0.27;416.69;26.04;1470;76;5270.00;806
13059;42;5373744;13059;634;14531;15340;4.54;0.28;416.66;26.04;1472;76;5271.00;809
13061;42;5373762;13061;635;14533;15340;4.53;0.28;416.79;26.32;1472;76;5272.00;807
13065;42;5373779;13065;642;14533;15340;4.49;0.27;416.76;26.32;1468;76;5273.00;807
13070;42;5373795;13070;644;14533;15343;4.49;0.27;416.81;26.32;1463;76;5274.00;810
13072;42;5373817;13072;650;14536;15343;4.47;0.27;416.81;26.59;1464;76;5275.00;807
13076;42;5373835;13076;653;14537;15343;4.39;0.27;416.85;26.59;1461;76;5276.00;806
13080;42;5373856;13080;651;14537;15344;4.32;0.26;416.94;26.59;1457;76;5277.00;807
13084;42;5373873;13084;655;14539;15345;4.25;0.26;416.99;26.87;1455;76;5278.00;806
13087;42;5373889;13087;657;14541;15345;4.21;0.26;416.98;26.87;1454;76;5279.00;804
13092;43;5373906;13092;658;14557;15371;4.14;0.25;416.96;26.84;1465;77;5280.00;814
13095;43;5373938;13095;659;14558;15371;4.10;0.25;417.04;26.84;1463;77;5281.00;813
13096;43;5373956;13096;661;14561;15371;4.10;0.25;417.13;26.83;1465;77;5282.00;810
13099;43;5373973;13099;657;14562;15372;4.09;0.25;417.09;26.83;1463;77;5283.00;810
13101;43;5373990;13101;653;14563;15372;4.12;0.25;417.16;26.83;1462;77;5284.00;809
13105;43;5374005;13105;657;14566;15376;4.11;0.25;417.25;26.83;1461;77;5285.00;810
13105;43;5374026;13105;658;14567;15376;4.15;0.25;417.25;26.83;1462;77;5286.00;809
13109;43;5374042;13109;657;14570;15379;4.13;0.25;417.38;26.82;1461;77;5287.00;809
13112;43;5374059;13112;659;14570;15380;4.14;0.25;417.39;26.82;1458;77;5288.00;810
13116;43;5374075;13116;657;14571;15380;4.16;0.25;417.47;26.82;1455;77;5289.00;809
13120;43;5374091;13120;652;14572;15380;4.16;0.25;417.49;26.83;1452;77;5290.00;808
13123;43;5374109;13123;649;14573;15380;4.18;0.25;417.48;26.83;1450;77;5291.00;807
13127;43;5374125;13127;643;14579;15392;4.25;0.26;417.61;26.82;1452;77;5292.00;813
13132;43;5374142;13132;653;14581;15392;4.24;0.26;417.64;26.82;1449;77;5293.00;811
13136;43;5374163;13136;647;14581;15392;4.22;0.26;417.72;26.82;1445;77;5294.00;811
13138;43;5374179;13138;646;14583;15392;4.22;0.26;417.72;26.82;1445;77;5295.00;809
13141;43;5374196;13141;640;14583;15392;4.16;0.25;417.79;26.82;1442;77;5296.00;809
13145;43;5374211;13145;637;14584;15392;4.09;0.25;417.76;26.82;1439;77;5297.00;808
13148;43;5374227;13148;636;14585;15393;4.10;0.25;417.75;26.82;1437;77;5298.00;808
13152;43;5374243;13152;628;14586;15393;4.06;0.25;417.83;26.82;1434;77;5299.00;807
13156;43;5374259;13156;628;14589;15399;4.02;0.24;418.01;26.81;1433;77;5300.00;810
13161;43;5374280;13161;626;14590;15400;3.99;0.24;418.12;26.81;1429;77;5301.00;810
13166;43;5374296;13166;627;14591;15400;3.94;0.24;418.19;26.81;1425;77;5302.00;809
13170;43;5374313;13170;633;14592;15400;3.90;0.24;418.17;26.81;1422;77;5303.00;808
13172;43;5374328;13172;631;14594;15404;3.92;0.24;418.18;26.81;1422;77;5304.00;810
13175;43;5374344;13175;628;14594;15404;3.95;0.24;418.19;26.81;1419;77;5305.00;810
13178;43;5374359;13178;628;14595;15404;3.95;0.24;418.21;26.81;1417;77;5306.00;809
13180;43;5374375;13180;629;14596;15405;3.93;0.24;418.19;26.81;1416;77;5307.00;809
13182;43;5374390;13182;630;14600;15409;3.96;0.24;418.23;26.80;1418;77;5308.00;809
13188;43;5374407;13188;630;14602;15409;3.94;0.24;418.47;26.81;1414;77;5309.00;807
13191;43;5374425;13191;625;14605;15415;3.96;0.24;418.53;26.81;1414;77;5310.00;810
13193;43;5374445;13193;623;14606;15415;3.95;0.24;418.57;26.81;1413;77;5311.00;809
13197;43;5374463;13197;627;14608;15415;3.93;0.24;418.58;26.80;1411;77;5312.00;807
13200;43;5374480;13200;635;14608;15415;3.93;0.24;418.66;26.80;1408;77;5313.00;807
13206;43;5374497;13206;635;14611;15419;3.92;0.24;418.74;26.80;1405;77;5314.00;808
13209;43;5374517;13209;639;14612;15419;3.88;0.24;418.75;26.81;1403;77;5315.00;807
13212;43;5374532;13212;641;14613;15419;3.87;0.24;418.74;26.83;1401;77;5316.00;806
13215;43;5374551;13215;646;14613;15419;3.87;0.24;418.73;26.83;1398;77;5317.00;806
13219;43;5374568;13219;648;14613;15420;3.88;0.24;418.79;26.83;1394;77;5318.00;807
13221;43;5374583;13221;642;14613;15421;3.88;0.24;418.80;26.83;1392;77;5319.00;808
13224;43;5374599;13224;646;14614;15421;3.90;0.24;418.77;26.84;1390;77;5320.00;807
13228;43;5374615;13228;652;14615;15422;3.88;0.24;418.88;26.84;1387;77;5321.00;807
13231;43;5374630;13231;655;14616;15422;3.86;0.23;418.86;26.86;1385;77;5322.00;806
13235;43;5374646;13235;657;14616;15422;3.81;0.23;418.85;26.86;1381;77;5323.00;806
13237;43;5374663;13237;657;14616;15422;3.76;0.23;419.11;26.86;1379;77;5324.00;806
13239;43;5374678;13239;659;14616;15422;3.73;0.23;419.06;26.86;1377;77;5325.00;806
13242;43;5374692;13242;659;14618;15422;3.66;0.22;419.13;27.02;1376;77;5326.00;804
13243;43;5374709;13243;648;14618;15422;3.63;0.22;419.11;27.02;1375;77;5327.00;804
13244;43;5374726;13244;668;14688;15549;3.91;0.24;419.18;26.91;1444;77;5328.00;861
13247;43;5374752;13247;660;14689;15550;3.85;0.24;419.23;26.91;1442;77;5329.00;861
13248;43;5374769;13248;657;14696;15550;3.88;0.24;419.24;26.91;1448;77;5330.00;854
13251;43;5374786;13251;659;14699;15550;3.86;0.24;419.17;26.92;1448;77;5331.00;851
13252;43;5374802;13252;662;14703;15550;3.88;0.24;419.17;26.93;1451;77;5332.00;847
13257;43;5374817;13257;668;14706;15550;3.86;0.24;419.20;26.93;1449;77;5333.00;844
13261;43;5374834;13261;681;14708;15550;3.87;0.24;419.20;26.94;1447;77;5334.00;842
13264;43;5374850;13264;688;14711;15550;3.87;0.24;419.13;26.95;1447;77;5335.00;839
13267;43;5374867;13267;682;14712;15551;3.83;0.24;419.05;26.95;1445;77;5336.00;839
13268;43;5374883;13268;667;14715;15552;3.84;0.24;419.05;26.98;1447;77;5337.00;837
13271;43;5374901;13271;664;14718;15552;3.84;0.24;418.99;26.99;1447;77;5338.00;834
13274;43;5374917;13274;662;14721;15553;3.81;0.23;418.94;27.02;1447;77;5339.00;832
13275;43;5374938;13275;667;14722;15553;3.81;0.23;418.94;27.02;1447;77;5340.00;831
13275;43;5374957;13275;672;14725;15553;3.81;0.24;418.94;27.04;1450;77;5341.00;828
13277;43;5374983;13277;674;14726;15553;3.82;0.24;418.90;27.04;1449;77;5342.00;827
13278;43;5374999;13278;671;14732;15557;3.87;0.24;418.89;27.06;1454;77;5343.00;825
13280;43;5375015;13280;679;14733;15557;3.89;0.24;418.91;27.06;1453;77;5344.00;824
13282;43;5375030;13282;677;14735;15557;3.93;0.24;418.89;27.09;1453;77;5345.00;822
13283;43;5375047;13283;679;14737;15560;3.97;0.24;418.88;27.10;1454;77;5346.00;823
13283;43;5375063;13283;680;14738;15560;4.02;0.25;418.88;27.11;1455;77;5347.00;822
13284;43;5375080;13284;669;14738;15560;4.02;0.25;418.87;27.11;1454;77;5348.00;822
13287;43;5375097;13287;682;14743;15564;4.01;0.24;418.91;27.14;1456;77;5349.00;821
13289;43;5375112;13289;673;14744;15565;3.99;0.24;418.93;27.13;1455;77;5350.00;821
13290;43;5375129;13290;681;14745;15565;3.96;0.24;418.92;27.15;1455;77;5351.00;820
13290;43;5375144;13290;685;14748;15569;3.98;0.24;418.92;27.16;1458;77;5352.00;821
13290;43;5375163;13290;686;14749;15569;4.06;0.25;418.92;27.15;1459;77;5353.00;820
13293;43;5375181;13293;683;14750;15569;4.07;0.25;418.93;27.17;1457;77;5354.00;819
13294;43;5375197;13294;682;14752;15571;4.08;0.25;418.90;27.18;1458;77;5355.00;819
13294;43;5375212;13294;678;14753;15571;4.12;0.25;418.90;27.19;1459;77;5356.00;818
13297;43;5375229;13297;679;14757;15577;4.12;0.25;418.98;27.18;1460;77;5357.00;820
13299;43;5375246;13299;676;14759;15577;4.11;0.25;419.01;27.21;1460;77;5358.00;818
13301;43;5375263;13301;662;14759;15577;4.11;0.25;418.99;27.21;1458;77;5359.00;818
13303;43;5375279;13303;653;14761;15578;4.12;0.25;418.96;27.23;1458;77;5360.00;817
13303;43;5375295;13303;649;14761;15578;4.18;0.26;418.96;27.23;1458;77;5361.00;817
13304;43;5375311;13304;648;14762;15578;4.23;0.26;418.96;27.38;1458;77;5362.00;816
13306;43;5375327;13306;649;14764;15578;4.23;0.26;418.91;27.40;1458;77;5363.00;814
13308;44;5375343;13308;651;14774;15590;4.25;0.26;418.89;27.40;1466;78;5364.00;816
13311;44;5375375;13311;642;14775;15590;4.26;0.26;419.04;27.41;1464;78;5365.00;815
13311;44;5375391;13311;640;14776;15590;4.27;0.26;419.04;27.42;1465;78;5366.00;814
13312;44;5375407;13312;632;14778;15590;4.28;0.26;419.02;27.44;1466;78;5367.00;812
13312;44;5375428;13312;634;14779;15590;4.25;0.26;419.02;27.45;1467;78;5368.00;811
13316;44;5375450;13316;630;14780;15590;4.22;0.26;419.14;27.46;1464;78;5369.00;810
13317;44;5375467;13317;622;14783;15594;4.23;0.26;419.11;27.45;1466;78;5370.00;811
13318;44;5375483;13318;614;14785;15594;4.26;0.26;419.10;27.47;1467;78;5371.00;809
13320;44;5375499;13320;602;14789;15598;4.27;0.26;419.08;27.48;1469;78;5372.00;809
13322;44;5375520;13322;599;14791;15599;4.28;0.26;419.17;27.50;1469;78;5373.00;808
13324;44;5375536;13324;595;14791;15599;4.29;0.26;419.14;27.50;1467;78;5374.00;808
13325;44;5375552;13325;582;14793;15599;4.30;0.26;419.12;27.52;1468;78;5375.00;806
13329;44;5375568;13329;577;14803;15612;4.34;0.26;419.15;27.50;1474;78;5376.00;809
13329;44;5375585;13329;562;14805;15612;4.43;0.27;419.15;27.52;1476;78;5377.00;807
13332;44;5375601;13332;555;14805;15612;4.48;0.27;419.24;27.52;1473;78;5378.00;807
13334;44;5375616;13334;550;14808;15613;4.55;0.28;419.26;27.54;1474;78;5379.00;805
13336;44;5375632;13336;545;14808;15614;4.57;0.28;419.38;27.54;1472;78;5380.00;806
13340;44;5375648;13340;542;14810;15614;4.57;0.28;419.42;27.56;1470;78;5381.00;804
13340;44;5375666;13340;536;14811;15617;4.64;0.28;419.42;27.56;1471;78;5382.00;806
13342;44;5375681;13342;536;14813;15617;4.71;0.29;419.46;27.58;1471;78;5383.00;804
13347;44;5375697;13347;533;14814;15617;4.72;0.29;419.46;27.59;1467;78;5384.00;803
13350;44;5375713;13350;533;14817;15617;4.71;0.29;419.41;27.88;1467;78;5385.00;800
13352;44;5375737;13352;522;14821;15623;4.76;0.29;419.43;27.88;1469;78;5386.00;802
13355;44;5375753;13355;528;14822;15623;4.74;0.29;419.46;27.89;1467;78;5387.00;801
13367;44;5375769;13367;533;14824;15623;4.68;0.28;419.72;27.91;1457;78;5388.00;799
13370;44;5375788;13370;527;14826;15623;4.72;0.29;419.67;27.93;1456;78;5389.00;797
13371;44;5375804;13371;527;14829;15627;4.73;0.29;419.76;27.92;1458;78;5390.00;798
13371;44;5375821;13371;529;14831;15628;4.72;0.29;419.76;27.94;1460;78;5391.00;797
13375;44;5375842;13375;523;14831;15628;4.70;0.29;419.92;27.94;1456;78;5392.00;797
13378;44;5375859;13378;530;14834;15629;4.69;0.29;419.94;27.96;1456;78;5393.00;795
13382;44;5375875;13382;531;14834;15629;4.67;0.28;419.95;27.96;1452;78;5394.00;795
13383;44;5375892;13383;529;14836;15629;4.70;0.29;419.95;27.98;1453;78;5395.00;793
13385;44;5375908;13385;537;14836;15629;4.74;0.29;420.05;27.98;1451;78;5396.00;793
13386;44;5375924;13386;537;14837;15629;4.78;0.29;420.12;28.00;1451;78;5397.00;792
13388;44;5375940;13388;535;14838;15629;4.81;0.29;420.10;28.01;1450;78;5398.00;791
13391;44;5375956;13391;540;14839;15629;4.80;0.29;420.29;28.02;1448;78;5399.00;790
