step_arrived;step_collisions;step_duration;step_ended;step_halting;step_inserted;step_loaded;step_meanSpeed;step_meanSpeedRelative;step_meanTravelTime;step_meanWaitingTime;step_running;step_teleports;step_time;step_waiting
0;0;5832947;0;1;85;245;16.58;1.17;-1.00;0.00;85;0;0.00;160
0;0;5832970;0;1;98;245;15.82;1.09;-1.00;0.13;98;0;1.00;147
0;0;5832971;0;0;118;245;15.16;1.03;-1.00;0.45;118;0;2.00;127
0;0;5832972;0;1;132;245;14.19;0.96;-1.00;0.72;132;0;3.00;113
0;0;5832973;0;1;146;245;13.14;0.88;-1.00;1.03;146;0;4.00;99
0;0;5832974;0;3;156;245;11.96;0.80;-1.00;1.29;156;0;5.00;89
0;0;5832976;0;3;167;245;11.11;0.74;-1.00;1.60;167;0;6.00;78
0;0;5832977;0;9;174;245;10.36;0.69;-1.00;1.82;174;0;7.00;71
0;0;5832979;0;15;183;246;9.69;0.64;-1.00;2.12;183;0;8.00;63
0;0;5832981;0;17;190;247;9.40;0.62;-1.00;2.37;190;0;9.00;57
0;0;5832983;0;19;197;247;9.06;0.60;-1.00;2.64;197;0;10.00;50
1;0;5832985;1;27;203;248;8.74;0.57;11.00;2.84;202;0;11.00;45
1;0;5832987;1;32;208;248;8.63;0.57;11.00;3.06;207;0;12.00;40
1;0;5832989;1;34;212;248;8.47;0.55;11.00;3.25;211;0;13.00;36
2;0;5832991;2;36;216;248;8.36;0.54;12.50;3.45;214;0;14.00;32
2;0;5832993;2;46;223;252;8.08;0.52;12.50;3.69;221;0;15.00;29
2;0;5832996;2;44;224;252;8.05;0.52;12.50;3.74;222;0;16.00;28
3;0;5832998;3;52;229;252;7.94;0.51;14.00;4.00;226;0;17.00;23
3;0;5833001;3;55;231;255;7.90;0.51;14.00;4.06;228;0;18.00;24
3;0;5833004;3;60;233;255;7.85;0.50;14.00;4.11;230;0;19.00;22
4;0;5833007;4;66;235;255;7.83;0.50;15.50;4.25;231;0;20.00;20
5;0;5833009;5;70;242;259;8.01;0.51;16.60;4.40;237;0;21.00;17
6;0;5833012;6;72;244;260;8.07;0.51;17.33;4.46;238;0;22.00;16
6;0;5833015;6;78;246;260;8.02;0.51;17.33;4.61;240;0;23.00;14
6;0;5833018;6;81;249;264;8.13;0.51;17.33;4.65;243;0;24.00;15
6;0;5833021;6;84;252;264;8.22;0.52;17.33;4.70;246;0;25.00;12
6;0;5833023;6;85;252;264;8.40;0.53;17.33;4.70;246;0;26.00;12
6;0;5833026;6;89;253;265;8.48;0.53;17.33;4.74;247;0;27.00;12
6;0;5833028;6;91;254;265;8.60;0.54;17.33;4.83;248;0;28.00;11
6;0;5833031;6;93;259;271;8.59;0.54;17.33;4.75;253;0;29.00;12
8;0;5833036;8;92;260;271;8.57;0.53;20.13;4.78;252;0;30.00;11
8;0;5833040;8;95;262;272;8.62;0.53;20.13;4.87;254;0;31.00;10
8;0;5833042;8;96;263;272;8.66;0.54;20.13;4.97;255;0;32.00;9
10;0;5833045;10;100;264;272;8.57;0.53;22.70;5.08;254;0;33.00;8
11;0;5833048;11;104;264;272;8.53;0.53;23.27;5.08;253;0;34.00;8
11;0;5833051;11;107;265;272;8.37;0.52;23.27;5.08;254;0;35.00;7
11;0;5833054;11;108;276;284;8.70;0.54;23.27;5.01;265;0;36.00;8
12;0;5833058;12;112;276;284;8.60;0.53;24.00;5.01;264;0;37.00;8
12;0;5833061;12;114;278;284;8.48;0.53;24.00;5.09;266;0;38.00;6
14;0;5833063;14;117;279;284;8.22;0.51;25.64;5.14;265;0;39.00;5
14;0;5833066;14;119;280;284;8.02;0.50;25.64;5.17;266;0;40.00;4
14;0;5833069;14;120;281;284;7.78;0.48;25.64;5.17;267;0;41.00;3
14;0;5833072;14;125;285;288;7.74;0.48;25.64;5.11;271;0;42.00;3
15;0;5833074;15;127;285;288;7.61;0.47;26.20;5.11;270;0;43.00;3
16;0;5833077;16;132;289;292;7.55;0.47;27.19;5.06;273;0;44.00;3
17;0;5833080;17;137;291;294;7.41;0.46;27.00;5.02;274;0;45.00;3
18;0;5833083;18;140;291;294;7.25;0.45;27.67;5.02;273;0;46.00;3
18;0;5833086;18;138;291;294;7.25;0.45;27.67;5.02;273;0;47.00;3
19;0;5833088;19;143;302;307;7.59;0.47;28.74;4.84;283;0;48.00;5
19;0;5833092;19;143;302;307;7.51;0.47;28.74;4.84;283;0;49.00;5
19;0;5833094;19;145;302;307;7.50;0.47;28.74;4.84;283;0;50.00;5
19;0;5833097;19;146;303;308;7.48;0.47;28.74;4.83;284;0;51.00;5
20;0;5833099;20;148;304;309;7.37;0.46;29.85;4.81;284;0;52.00;5
21;0;5833102;21;151;304;309;7.33;0.46;29.95;4.81;283;0;53.00;5
22;0;5833104;22;153;306;312;7.32;0.46;29.41;4.78;284;0;54.00;6
23;0;5833108;23;154;306;312;7.27;0.45;30.52;4.78;283;0;55.00;6
24;0;5833112;24;146;307;312;7.25;0.45;30.63;4.77;283;0;56.00;5
25;0;5833115;25;143;307;312;7.27;0.45;31.68;4.77;282;0;57.00;5
25;0;5833118;25;141;312;318;7.34;0.46;31.68;4.71;287;0;58.00;6
27;0;5833121;27;141;312;318;7.24;0.45;33.52;4.71;285;0;59.00;6
28;0;5833125;28;144;312;318;7.23;0.44;34.46;4.71;284;0;60.00;6
29;0;5833128;29;145;313;318;7.17;0.44;35.38;4.71;284;0;61.00;5
29;0;5833130;29;150;317;322;7.19;0.44;35.38;4.66;288;0;62.00;5
30;0;5833133;30;152;318;323;7.27;0.44;34.90;4.65;288;0;63.00;5
32;0;5833136;32;153;318;323;7.36;0.45;36.50;4.65;286;0;64.00;5
32;0;5833139;32;156;319;324;7.54;0.46;36.50;4.64;287;0;65.00;5
33;0;5833141;33;158;319;324;7.59;0.46;37.30;4.64;286;0;66.00;5
33;0;5833144;33;147;319;324;7.69;0.47;37.30;4.64;286;0;67.00;5
35;0;5833146;35;143;319;324;7.78;0.47;38.91;4.64;284;0;68.00;5
35;0;5833149;35;138;319;324;7.90;0.48;38.91;4.64;284;0;69.00;5
35;0;5833151;35;133;319;324;8.06;0.49;38.91;4.64;284;0;70.00;5
35;0;5833154;35;129;319;324;8.21;0.50;38.91;4.64;284;0;71.00;5
36;0;5833157;36;135;351;394;8.31;0.51;39.25;4.21;315;0;72.00;43
36;0;5833165;36;128;352;395;8.49;0.52;39.25;4.20;316;0;73.00;43
36;0;5833168;36;121;358;395;8.83;0.54;39.25;4.17;322;0;74.00;37
37;0;5833171;37;118;360;395;9.04;0.55;40.22;4.16;323;0;75.00;35
37;0;5833175;37;115;362;395;9.26;0.57;40.22;4.16;325;0;76.00;33
38;2;5833178;38;113;363;395;9.38;0.57;41.18;4.16;325;2;77.00;32
38;2;5833204;38;115;367;395;9.55;0.58;41.18;4.18;329;2;78.00;28
39;2;5833208;39;117;368;395;9.57;0.58;41.77;4.19;329;2;79.00;27
39;2;5833216;39;120;370;396;9.52;0.58;41.77;4.21;331;2;80.00;26
40;2;5833224;40;121;373;397;9.46;0.57;42.75;4.25;333;2;81.00;24
41;2;5833228;41;121;376;397;9.46;0.57;43.71;4.30;335;2;82.00;21
41;2;5833231;41;123;383;401;9.33;0.56;43.71;4.31;342;2;83.00;18
41;2;5833235;41;127;386;401;9.30;0.56;43.71;4.33;345;2;84.00;15
41;2;5833238;41;129;386;401;9.29;0.56;43.71;4.33;345;2;85.00;15
41;2;5833241;41;131;386;401;9.27;0.56;43.71;4.33;345;2;86.00;15
41;2;5833245;41;132;391;407;9.24;0.56;43.71;4.29;350;2;87.00;16
43;2;5833249;43;134;391;407;9.18;0.56;45.77;4.29;348;2;88.00;16
44;2;5833252;44;135;391;407;9.11;0.55;46.73;4.29;347;2;89.00;16
47;2;5833257;47;131;395;413;9.06;0.55;49.30;4.25;348;2;90.00;18
48;2;5833262;48;131;395;413;8.92;0.54;50.17;4.25;347;2;91.00;18
48;2;5833266;48;132;397;413;8.91;0.54;50.17;4.23;349;2;92.00;16
49;2;5833269;49;133;398;414;8.73;0.53;51.04;4.23;349;2;93.00;16
50;2;5833278;50;130;399;415;8.67;0.53;51.82;4.22;349;2;94.00;16
52;2;5833282;52;129;399;415;8.54;0.52;53.48;4.22;347;2;95.00;16
53;2;5833285;53;126;410;428;8.40;0.51;54.28;4.10;357;2;96.00;18
55;2;5833289;55;119;410;428;8.35;0.51;54.53;4.10;355;2;97.00;18
56;2;5833293;56;113;410;428;8.42;0.51;55.30;4.10;354;2;98.00;18
56;2;5833296;56;109;411;429;8.59;0.52;55.30;4.09;355;2;99.00;18
57;2;5833301;57;110;413;429;8.64;0.53;56.09;4.21;356;2;100.00;16
58;2;5833310;58;107;416;433;8.93;0.54;56.86;4.19;358;2;101.00;17
59;2;5833315;59;104;416;433;9.10;0.55;57.54;4.19;357;2;102.00;17
59;2;5833319;59;100;420;437;9.22;0.56;57.54;4.16;361;2;103.00;17
60;2;5833323;60;93;420;437;9.46;0.58;58.27;4.16;360;2;104.00;17
62;2;5833327;62;88;420;437;9.62;0.59;59.77;4.16;358;2;105.00;17
63;2;5833331;63;82;420;437;9.88;0.60;60.51;4.16;357;2;106.00;17
64;2;5833336;64;78;420;437;9.96;0.61;61.22;4.16;356;2;107.00;17
64;2;5833345;64;77;430;449;10.14;0.62;61.22;4.06;366;2;108.00;19
66;2;5833351;66;73;431;449;10.20;0.62;62.09;4.05;365;2;109.00;18
67;2;5833355;67;71;432;449;10.39;0.63;62.81;4.05;365;2;110.00;17
68;2;5833360;68;73;432;449;10.51;0.64;63.50;4.05;364;2;111.00;17
68;2;5833364;68;72;433;449;10.65;0.65;63.50;4.30;365;2;112.00;16
68;2;5833368;68;77;433;449;10.74;0.65;63.50;4.30;365;2;113.00;16
69;2;5833373;69;76;434;450;10.80;0.66;64.23;4.29;365;2;114.00;16
70;2;5833377;70;77;436;450;10.75;0.65;64.96;4.63;366;2;115.00;14
71;2;5833382;71;74;442;456;10.81;0.66;65.68;4.68;371;2;116.00;14
73;2;5833387;73;76;443;457;10.84;0.66;67.00;4.93;370;2;117.00;14
73;2;5833393;73;75;447;457;10.85;0.66;67.00;5.26;374;2;118.00;10
74;2;5833398;74;76;447;457;10.91;0.67;67.57;5.26;373;2;119.00;10
76;2;5833405;76;81;452;462;11.01;0.67;68.89;5.36;376;2;120.00;10
77;2;5833411;77;84;453;462;11.10;0.68;69.49;5.45;376;2;121.00;9
77;2;5833417;77;85;455;462;11.14;0.68;69.49;5.65;378;2;122.00;7
78;2;5833422;78;83;456;463;11.24;0.69;69.99;5.64;378;2;123.00;7
80;2;5833428;80;83;461;467;11.19;0.68;70.59;5.67;381;2;124.00;6
81;2;5833434;81;85;463;467;11.23;0.69;70.37;5.81;382;2;125.00;4
81;2;5833439;81;88;466;470;11.38;0.70;70.37;5.80;385;2;126.00;4
82;2;5833445;82;89;467;470;11.51;0.71;71.05;5.79;385;2;127.00;3
82;2;5833450;82;90;467;470;11.65;0.71;71.05;5.79;385;2;128.00;3
86;2;5833455;86;93;468;470;11.63;0.71;72.29;5.85;382;2;129.00;2
86;2;5833466;86;95;472;474;11.74;0.72;72.29;5.81;386;2;130.00;2
87;2;5833471;87;96;473;474;11.71;0.72;72.97;5.87;386;2;131.00;1
87;2;5833477;87;96;473;474;11.69;0.72;72.97;5.87;386;2;132.00;1
88;2;5833482;88;96;474;474;11.75;0.72;72.81;5.88;386;2;133.00;0
90;2;5833487;90;97;475;475;11.76;0.72;72.94;5.87;385;2;134.00;0
92;2;5833493;92;98;477;477;11.62;0.71;74.29;5.85;385;2;135.00;0
92;2;5833499;92;98;477;477;11.52;0.71;74.29;5.85;385;2;136.00;0
95;2;5833504;95;99;478;478;11.39;0.70;76.21;5.84;383;2;137.00;0
97;2;5833510;97;102;478;478;11.35;0.70;77.37;5.84;381;2;138.00;0
100;2;5833515;100;105;478;478;11.28;0.70;78.36;5.84;378;2;139.00;0
103;2;5833521;103;108;478;478;11.23;0.69;79.49;5.84;375;2;140.00;0
103;2;5833526;103;110;478;478;11.21;0.69;79.49;5.84;375;2;141.00;0
104;2;5833531;104;113;478;478;11.11;0.69;80.09;5.84;374;2;142.00;0
105;2;5833536;105;113;478;478;10.98;0.68;80.69;5.84;373;2;143.00;0
105;2;5833541;105;132;553;605;10.73;0.68;80.69;5.05;448;2;144.00;52
107;2;5833556;107;126;559;606;10.59;0.67;81.54;5.01;452;2;145.00;47
108;2;5833562;108;124;567;606;10.67;0.67;81.94;4.96;459;2;146.00;39
110;2;5833567;110;125;569;606;10.60;0.67;82.69;4.96;459;2;147.00;37
111;2;5833573;111;127;574;606;10.54;0.66;83.24;4.95;463;2;148.00;32
112;2;5833578;112;125;575;606;10.53;0.66;83.79;4.95;463;2;149.00;31
114;2;5833585;114;126;579;611;10.44;0.65;84.86;4.94;465;2;150.00;32
115;2;5833593;115;124;581;611;10.46;0.65;85.37;4.94;466;2;151.00;30
119;2;5833599;119;126;583;612;10.41;0.65;87.42;4.95;464;2;152.00;29
120;2;5833605;120;129;587;613;10.40;0.64;87.48;4.98;467;2;153.00;26
121;2;5833611;121;134;589;613;10.40;0.64;88.02;5.00;468;2;154.00;24
121;2;5833616;121;137;592;614;10.26;0.63;88.02;5.01;471;2;155.00;22
123;2;5833621;123;139;595;614;10.08;0.62;87.93;5.03;472;2;156.00;19
124;2;5833627;124;140;597;614;10.00;0.62;88.44;5.05;473;2;157.00;17
124;2;5833632;124;140;599;614;9.91;0.61;88.44;5.08;475;2;158.00;15
126;2;5833638;126;139;604;618;9.84;0.61;88.36;5.10;478;2;159.00;14
127;2;5833644;127;141;606;618;9.77;0.61;88.91;5.13;479;2;160.00;12
129;2;5833649;129;142;608;618;9.60;0.60;89.96;5.17;479;2;161.00;10
131;2;5833655;131;144;611;621;9.44;0.59;90.95;5.22;480;2;162.00;10
131;2;5833661;131;147;614;621;9.35;0.58;90.95;5.27;483;2;163.00;7
133;2;5833667;133;156;616;621;9.19;0.57;91.32;5.29;483;2;164.00;5
133;2;5833672;133;142;620;625;9.08;0.57;91.32;5.29;487;2;165.00;5
134;2;5833677;134;138;622;626;9.10;0.57;91.88;5.30;488;2;166.00;4
136;2;5833682;136;137;622;626;9.06;0.56;92.35;5.30;486;2;167.00;4
139;2;5833689;139;131;625;630;9.12;0.57;93.06;5.27;486;2;168.00;5
140;2;5833696;140;131;626;630;9.20;0.57;93.43;5.27;486;2;169.00;4
144;2;5833702;144;128;630;630;9.24;0.57;93.41;5.30;486;2;170.00;0
145;2;5833709;145;133;631;631;9.32;0.57;93.12;5.29;486;2;171.00;0
146;2;5833718;146;127;631;631;9.42;0.58;93.66;5.29;485;2;172.00;0
147;2;5833726;147;128;637;637;9.54;0.59;93.39;5.25;490;2;173.00;0
148;2;5833734;148;119;637;637;9.54;0.59;93.41;5.25;489;2;174.00;0
151;2;5833750;151;120;638;638;9.46;0.58;94.19;5.24;487;2;175.00;0
153;2;5833756;153;114;638;638;9.48;0.58;94.65;5.24;485;2;176.00;0
153;2;5833762;153;112;638;638;9.49;0.58;94.65;5.24;485;2;177.00;0
153;2;5833771;153;122;638;638;9.54;0.58;94.65;5.24;485;2;178.00;0
155;2;5833781;155;126;638;638;9.49;0.58;95.34;5.24;483;2;179.00;0
157;2;5833790;157;135;669;672;9.61;0.59;95.78;5.00;512;2;180.00;3
160;2;5833799;160;141;669;672;9.63;0.59;95.80;5.00;509;2;181.00;3
162;2;5833805;162;143;671;672;9.64;0.59;96.54;4.99;509;2;182.00;1
162;2;5833811;162;145;671;672;9.60;0.59;96.54;4.99;509;2;183.00;1
165;2;5833816;165;149;672;672;9.52;0.58;96.95;4.99;507;2;184.00;0
168;2;5833822;168;152;672;672;9.37;0.57;96.93;4.99;504;2;185.00;0
168;2;5833828;168;157;676;676;9.37;0.58;96.93;4.96;508;2;186.00;0
170;2;5833835;170;164;676;676;9.26;0.57;97.21;4.96;506;2;187.00;0
171;2;5833841;171;171;680;680;9.18;0.57;96.80;4.94;509;2;188.00;0
173;2;5833847;173;171;681;681;8.94;0.55;97.24;4.93;508;2;189.00;0
176;2;5833853;176;178;681;681;8.76;0.54;98.38;4.93;505;2;190.00;0
178;2;5833861;178;183;681;681;8.57;0.53;98.53;4.93;503;2;191.00;0
181;2;5833867;181;196;694;694;8.39;0.52;98.39;4.84;513;2;192.00;0
183;2;5833873;183;200;694;694;8.18;0.51;98.07;4.84;511;2;193.00;0
184;2;5833879;184;204;694;694;8.06;0.50;98.55;4.84;510;2;194.00;0
187;2;5833885;187;204;695;695;7.88;0.49;97.75;4.84;508;2;195.00;0
188;2;5833890;188;209;696;696;7.79;0.48;98.02;4.83;508;2;196.00;0
189;2;5833896;189;215;696;696;7.73;0.48;98.39;4.83;507;2;197.00;0
189;2;5833901;189;216;698;699;7.74;0.48;98.39;4.82;509;2;198.00;1
195;2;5833907;195;221;698;699;7.64;0.47;97.71;4.82;503;2;199.00;1
197;2;5833913;197;221;699;699;7.53;0.46;97.73;4.81;502;2;200.00;0
199;2;5833922;199;223;699;699;7.38;0.45;98.01;4.81;500;2;201.00;0
202;2;5833927;202;227;705;705;7.29;0.45;99.09;4.78;503;2;202.00;0
203;2;5833933;203;233;705;705;7.23;0.45;98.71;4.78;502;2;203.00;0
203;2;5833939;203;241;705;705;7.13;0.44;98.71;4.78;502;2;204.00;0
203;2;5833944;203;245;705;705;7.10;0.44;98.71;4.78;502;2;205.00;0
206;2;5833949;206;248;709;709;7.02;0.43;99.11;4.76;503;2;206.00;0
209;2;5833955;209;249;710;710;6.92;0.43;98.50;4.75;501;2;207.00;0
209;2;5833960;209;253;710;710;6.75;0.42;98.50;4.75;501;2;208.00;0
209;2;5833965;209;253;711;711;6.74;0.42;98.50;4.75;502;2;209.00;0
210;2;5833971;210;260;711;711;6.70;0.41;98.83;4.75;501;2;210.00;0
211;2;5833976;211;266;711;711;6.64;0.41;99.34;4.75;500;2;211.00;0
212;2;5833981;212;255;711;711;6.67;0.42;98.97;4.75;499;2;212.00;0
213;2;5833987;213;253;711;711;6.70;0.42;99.07;4.75;498;2;213.00;0
216;2;5833992;216;241;711;711;6.76;0.42;100.01;4.75;495;2;214.00;0
216;2;5833998;216;230;711;711;6.85;0.42;100.01;4.75;495;2;215.00;0
216;2;5834003;216;235;752;781;7.25;0.45;100.01;4.49;536;2;216.00;29
217;2;5834014;217;223;755;782;7.45;0.46;100.55;4.47;538;2;217.00;27
218;2;5834021;218;216;762;782;7.74;0.48;101.06;4.45;544;2;218.00;20
220;2;5834027;220;215;765;782;7.94;0.49;101.71;4.45;545;2;219.00;17
220;2;5834033;220;215;767;782;8.07;0.50;101.71;4.44;547;2;220.00;15
223;2;5834045;223;198;769;782;8.25;0.51;102.92;4.45;546;2;221.00;13
224;2;5834052;224;190;772;782;8.42;0.52;103.45;4.45;548;2;222.00;10
227;2;5834058;227;183;775;782;8.49;0.52;104.53;4.46;548;2;223.00;7
229;2;5834075;229;179;777;783;8.55;0.52;105.56;4.47;548;2;224.00;6
231;2;5834081;231;171;780;785;8.58;0.52;106.05;4.48;549;2;225.00;5
231;2;5834089;231;173;782;785;8.65;0.53;106.05;4.49;551;2;226.00;3
232;2;5834095;232;174;788;789;8.68;0.53;106.37;4.48;556;2;227.00;1
233;2;5834102;233;172;789;789;8.89;0.54;106.27;4.48;556;2;228.00;0
235;2;5834109;235;168;789;789;9.06;0.55;106.56;4.48;554;2;229.00;0
237;2;5834116;237;167;789;789;9.11;0.56;106.79;4.48;552;2;230.00;0
238;2;5834123;238;167;795;795;9.15;0.56;106.45;4.45;557;2;231.00;0
239;2;5834130;239;162;795;795;9.22;0.56;106.96;4.45;556;2;232.00;0
239;2;5834137;239;153;795;795;9.30;0.57;106.96;4.45;556;2;233.00;0
241;2;5834144;241;150;797;798;9.45;0.58;106.93;4.44;556;2;234.00;1
244;2;5834151;244;142;797;798;9.51;0.58;107.90;4.44;553;2;235.00;1
247;2;5834157;247;137;798;798;9.56;0.59;108.64;4.44;551;2;236.00;0
249;2;5834164;249;136;799;799;9.56;0.59;109.20;4.43;550;2;237.00;0
252;2;5834171;252;132;800;800;9.59;0.59;110.62;4.43;548;2;238.00;0
254;2;5834178;254;127;800;800;9.61;0.59;111.54;4.43;546;2;239.00;0
258;2;5834186;258;132;825;826;9.59;0.59;111.90;4.30;567;2;240.00;1
261;2;5834197;261;126;825;826;9.72;0.60;111.86;4.30;564;2;241.00;1
263;2;5834204;263;122;826;826;9.90;0.61;112.27;4.29;563;2;242.00;0
266;2;5834211;266;122;827;827;10.02;0.61;113.19;4.29;561;2;243.00;0
269;2;5834217;269;123;827;827;10.11;0.62;114.29;4.29;558;2;244.00;0
272;2;5834224;272;124;831;831;10.14;0.62;115.00;4.27;559;2;245.00;0
272;2;5834231;272;125;831;831;10.22;0.62;115.00;4.27;559;2;246.00;0
272;2;5834237;272;125;835;835;10.13;0.62;115.00;4.26;563;2;247.00;0
274;2;5834248;274;129;835;835;10.15;0.62;115.64;4.26;561;2;248.00;0
275;2;5834255;275;129;835;835;10.16;0.62;115.82;4.26;560;2;249.00;0
276;2;5834261;276;136;835;835;10.21;0.62;116.27;4.26;559;2;250.00;0
278;2;5834266;278;137;835;835;10.21;0.62;116.83;4.26;557;2;251.00;0
280;2;5834273;280;139;846;847;10.20;0.62;116.80;4.20;566;2;252.00;1
280;2;5834280;280;144;846;847;10.18;0.62;116.80;4.20;566;2;253.00;1
282;2;5834287;282;148;847;847;10.16;0.62;117.09;4.20;565;2;254.00;0
284;2;5834293;284;144;847;847;10.13;0.62;117.46;4.20;563;2;255.00;0
284;2;5834300;284;144;847;847;10.13;0.62;117.46;4.20;563;2;256.00;0
285;2;5834306;285;145;847;847;10.19;0.62;117.91;4.20;562;2;257.00;0
287;2;5834312;287;139;848;848;10.19;0.62;117.95;4.19;561;2;258.00;0
288;2;5834319;288;137;848;848;10.19;0.62;118.44;4.19;560;2;259.00;0
289;2;5834325;289;132;854;854;10.20;0.62;118.31;4.17;565;2;260.00;0
291;2;5834332;291;127;855;855;10.29;0.62;118.40;4.17;564;2;261.00;0
294;2;5834338;294;119;855;855;10.27;0.62;118.96;4.17;561;2;262.00;0
298;2;5834345;298;112;855;855;10.32;0.62;120.03;4.17;557;2;263.00;0
300;2;5834351;300;111;859;859;10.52;0.64;120.22;4.15;559;2;264.00;0
303;2;5834358;303;108;859;859;10.59;0.64;120.58;4.15;556;2;265.00;0
307;2;5834365;307;107;859;859;10.69;0.65;121.08;4.15;552;2;266.00;0
312;2;5834371;312;103;860;860;10.71;0.65;121.67;4.14;548;2;267.00;0
314;2;5834377;314;101;864;864;10.71;0.65;121.80;4.13;550;2;268.00;0
315;2;5834384;315;94;864;864;10.78;0.65;121.70;4.13;549;2;269.00;0
316;2;5834392;316;93;868;870;10.90;0.66;121.79;4.11;552;2;270.00;2
318;2;5834399;318;92;869;870;10.95;0.66;121.68;4.11;551;2;271.00;1
320;2;5834405;320;91;870;870;10.97;0.66;121.50;4.10;550;2;272.00;0
323;2;5834412;323;91;870;870;11.03;0.67;121.42;4.10;547;2;273.00;0
324;2;5834418;324;91;874;874;11.14;0.67;121.71;4.09;550;2;274.00;0
328;2;5834425;328;92;874;874;11.25;0.68;121.71;4.09;546;2;275.00;0
329;2;5834431;329;92;874;874;11.35;0.69;121.74;4.09;545;2;276.00;0
330;2;5834438;330;89;874;874;11.51;0.70;121.78;4.09;544;2;277.00;0
332;2;5834445;332;88;875;875;11.61;0.71;122.26;4.09;543;2;278.00;0
332;2;5834452;332;90;876;876;11.63;0.71;122.26;4.08;544;2;279.00;0
334;2;5834459;334;88;876;876;11.64;0.71;122.65;4.08;542;2;280.00;0
336;2;5834465;336;88;877;877;11.70;0.71;122.74;4.08;541;2;281.00;0
337;2;5834472;337;90;877;877;11.69;0.71;122.71;4.08;540;2;282.00;0
338;2;5834479;338;91;877;877;11.63;0.71;123.17;4.08;539;2;283.00;0
340;2;5834485;340;93;877;877;11.70;0.71;124.08;4.08;537;2;284.00;0
340;2;5834492;340;97;877;877;11.70;0.71;124.08;4.08;537;2;285.00;0
340;2;5834499;340;92;877;877;11.76;0.72;124.08;4.08;537;2;286.00;0
341;2;5834506;341;92;877;877;11.73;0.71;123.85;4.08;536;2;287.00;0
341;2;5834512;341;108;945;1004;11.44;0.71;123.85;3.79;604;2;288.00;59
342;2;5834530;342;104;946;1005;11.46;0.71;124.33;3.79;604;2;289.00;59
343;2;5834537;343;98;954;1005;11.52;0.71;124.38;3.77;611;2;290.00;51
343;2;5834545;343;97;959;1005;11.53;0.72;124.38;3.77;616;2;291.00;46
345;2;5834553;345;99;964;1005;11.59;0.72;124.86;3.77;619;2;292.00;41
347;2;5834560;347;99;966;1005;11.54;0.72;124.73;3.77;619;2;293.00;39
347;2;5834568;347;99;968;1005;11.53;0.71;124.73;3.77;621;2;294.00;37
348;2;5834575;348;100;972;1005;11.58;0.72;124.91;3.79;624;2;295.00;33
351;2;5834583;351;103;973;1006;11.62;0.72;125.48;3.79;622;2;296.00;33
353;2;5834591;353;104;979;1007;11.68;0.72;126.14;3.82;626;2;297.00;28
355;2;5834599;355;108;983;1007;11.71;0.72;126.44;3.85;628;2;298.00;24
356;2;5834606;356;108;987;1008;11.69;0.72;126.12;3.87;631;2;299.00;21
360;2;5834616;360;111;992;1014;11.54;0.71;127.28;3.89;632;2;300.00;22
363;2;5834628;363;112;995;1014;11.31;0.70;128.22;3.91;632;2;301.00;19
365;2;5834636;365;113;997;1014;11.17;0.69;128.18;3.93;632;2;302.00;17
368;2;5834644;368;119;1001;1018;10.97;0.68;129.21;3.96;633;2;303.00;17
372;2;5834652;372;118;1003;1018;10.81;0.67;130.63;3.97;631;2;304.00;15
375;2;5834660;375;127;1005;1018;10.69;0.66;131.06;3.99;630;2;305.00;13
378;2;5834667;378;138;1010;1021;10.55;0.65;131.42;4.01;632;2;306.00;11
381;2;5834675;381;139;1012;1021;10.43;0.64;132.19;4.02;631;2;307.00;9
382;2;5834683;382;146;1012;1021;10.22;0.63;132.58;4.02;630;2;308.00;9
384;2;5834690;384;153;1017;1025;10.00;0.61;132.64;4.04;633;2;309.00;8
385;2;5834703;385;162;1020;1026;9.79;0.60;132.80;4.07;635;2;310.00;6
388;2;5834710;388;176;1021;1026;9.59;0.59;133.31;4.07;633;2;311.00;5
389;2;5834717;389;184;1027;1030;9.48;0.58;133.38;4.09;638;2;312.00;3
391;2;5834730;391;185;1029;1030;9.39;0.58;133.54;4.09;638;2;313.00;1
393;2;5834737;393;188;1030;1030;9.30;0.57;133.72;4.10;637;2;314.00;0
394;2;5834744;394;183;1032;1032;9.18;0.56;133.63;4.09;638;2;315.00;0
399;2;5834751;399;191;1032;1032;9.10;0.56;133.81;4.09;633;2;316.00;0
399;2;5834758;399;195;1038;1038;9.04;0.55;133.81;4.07;639;2;317.00;0
401;2;5834770;401;198;1038;1038;8.97;0.55;133.65;4.07;637;2;318.00;0
404;2;5834777;404;200;1039;1039;8.85;0.54;134.28;4.07;635;2;319.00;0
406;2;5834784;406;201;1039;1039;8.74;0.53;134.55;4.07;633;2;320.00;0
407;2;5834791;407;208;1039;1039;8.67;0.53;134.99;4.07;632;2;321.00;0
407;2;5834798;407;215;1039;1039;8.65;0.53;134.99;4.07;632;2;322.00;0
410;2;5834804;410;219;1039;1039;8.58;0.52;135.12;4.07;629;2;323.00;0
412;2;5834811;412;222;1050;1051;8.49;0.52;135.67;4.02;638;2;324.00;1
412;2;5834819;412;226;1050;1051;8.37;0.51;135.67;4.02;638;2;325.00;1
413;2;5834825;413;228;1051;1051;8.34;0.51;135.60;4.02;638;2;326.00;0
417;2;5834832;417;229;1051;1051;8.22;0.50;135.93;4.02;634;2;327.00;0
421;2;5834839;421;232;1051;1051;8.12;0.50;136.54;4.02;630;2;328.00;0
423;2;5834845;423;233;1051;1051;7.99;0.49;137.17;4.02;628;2;329.00;0
426;2;5834853;426;220;1055;1055;7.95;0.49;137.01;4.01;629;2;330.00;0
428;2;5834860;428;216;1055;1055;7.92;0.49;137.51;4.01;627;2;331.00;0
430;2;5834866;430;214;1059;1059;7.98;0.49;138.42;4.00;629;2;332.00;0
433;2;5834873;433;213;1060;1060;7.96;0.49;139.43;4.00;627;2;333.00;0
435;2;5834879;435;210;1060;1060;7.94;0.49;140.32;4.00;625;2;334.00;0
437;2;5834886;437;213;1060;1060;7.96;0.49;140.71;4.00;623;2;335.00;0
443;2;5834897;443;210;1073;1073;7.96;0.49;141.48;3.95;630;2;336.00;0
446;2;5834904;446;210;1073;1073;7.98;0.49;141.15;3.95;627;2;337.00;0
450;2;5834911;450;212;1073;1073;8.01;0.49;141.23;3.95;623;2;338.00;0
452;2;5834917;452;214;1074;1074;8.00;0.49;140.92;3.94;622;2;339.00;0
455;2;5834924;455;215;1075;1075;7.88;0.48;141.13;3.94;620;2;340.00;0
457;2;5834930;457;221;1075;1075;7.81;0.48;140.84;3.94;618;2;341.00;0
461;2;5834937;461;226;1077;1078;7.76;0.47;141.99;3.93;616;2;342.00;1
463;2;5834944;463;228;1077;1078;7.72;0.47;142.75;3.93;614;2;343.00;1
465;2;5834950;465;228;1078;1078;7.71;0.47;143.51;3.93;613;2;344.00;0
467;2;5834957;467;236;1078;1078;7.66;0.47;143.65;3.93;611;2;345.00;0
469;2;5834963;469;243;1084;1084;7.73;0.47;143.69;3.92;615;2;346.00;0
472;2;5834970;472;245;1084;1084;7.58;0.46;144.80;3.92;612;2;347.00;0
473;2;5834976;473;246;1084;1084;7.49;0.46;144.57;3.92;611;2;348.00;0
478;2;5834982;478;250;1084;1084;7.34;0.45;144.94;3.92;606;2;349.00;0
480;2;5834989;480;251;1088;1088;7.27;0.44;145.42;3.91;608;2;350.00;0
482;2;5834995;482;260;1089;1089;7.20;0.44;145.13;3.90;607;2;351.00;0
485;2;5835002;485;263;1089;1089;7.09;0.43;145.13;3.90;604;2;352.00;0
485;2;5835008;485;267;1090;1090;7.13;0.44;145.13;3.90;605;2;353.00;0
487;2;5835015;487;264;1090;1090;7.18;0.44;145.20;3.90;603;2;354.00;0
490;2;5835021;490;265;1090;1090;7.16;0.44;145.63;3.90;600;2;355.00;0
492;2;5835028;492;264;1090;1090;7.04;0.43;145.61;3.90;598;2;356.00;0
493;2;5835034;493;265;1090;1090;6.98;0.43;145.41;3.90;597;2;357.00;0
495;2;5835041;495;265;1090;1090;6.92;0.42;145.54;3.90;595;2;358.00;0
497;2;5835048;497;271;1090;1090;6.84;0.42;145.67;3.90;593;2;359.00;0
500;2;5835056;500;286;1168;1215;7.11;0.44;145.30;3.64;668;2;360.00;47
500;2;5835072;500;267;1172;1216;7.14;0.45;145.30;3.63;672;2;361.00;44
501;2;5835080;501;254;1180;1216;7.29;0.45;145.37;3.62;679;2;362.00;36
502;2;5835087;502;251;1183;1216;7.30;0.45;145.16;3.62;681;2;363.00;33
503;2;5835095;503;251;1187;1216;7.36;0.46;145.52;3.62;684;2;364.00;29
503;2;5835102;503;243;1187;1216;7.48;0.46;145.52;3.62;684;2;365.00;29
504;2;5835109;504;241;1192;1216;7.57;0.47;145.82;3.63;688;2;366.00;24
506;2;5835118;506;237;1194;1216;7.60;0.47;145.99;3.63;688;2;367.00;22
509;2;5835136;509;239;1196;1217;7.55;0.47;146.12;3.64;687;2;368.00;21
510;2;5835144;510;242;1202;1218;7.57;0.47;146.09;3.67;692;2;369.00;16
510;2;5835152;510;243;1204;1218;7.65;0.47;146.09;3.68;694;2;370.00;14
511;2;5835159;511;248;1210;1222;7.64;0.47;145.84;3.67;699;2;371.00;12
512;2;5835167;512;245;1212;1222;7.69;0.47;145.86;3.69;700;2;372.00;10
515;2;5835175;515;258;1213;1222;7.64;0.47;146.06;3.70;698;2;373.00;9
516;2;5835183;516;259;1215;1222;7.64;0.47;146.22;3.71;699;2;374.00;7
516;2;5835192;516;268;1223;1228;7.55;0.46;146.22;3.73;707;2;375.00;5
519;2;5835202;519;269;1225;1228;7.49;0.46;146.71;3.75;706;2;376.00;3
519;2;5835210;519;260;1226;1228;7.55;0.46;146.71;3.75;707;2;377.00;2
522;2;5835219;522;256;1230;1231;7.56;0.46;147.48;3.76;708;2;378.00;1
523;2;5835227;523;255;1231;1231;7.55;0.46;147.71;3.76;708;2;379.00;0
525;2;5835235;525;256;1231;1231;7.54;0.46;147.54;3.76;706;2;380.00;0
526;2;5835244;526;259;1232;1232;7.58;0.46;147.53;3.76;706;2;381.00;0
528;2;5835253;528;259;1233;1233;7.65;0.47;147.67;3.75;705;2;382.00;0
532;2;5835261;532;260;1233;1233;7.69;0.47;147.41;3.75;701;2;383.00;0
534;2;5835270;534;264;1245;1246;7.82;0.48;147.35;3.72;711;2;384.00;1
536;2;5835280;536;266;1245;1246;7.75;0.47;147.70;3.72;709;2;385.00;1
540;2;5835289;540;250;1246;1246;7.73;0.47;148.19;3.72;706;2;386.00;0
541;2;5835298;541;242;1247;1247;7.77;0.47;148.39;3.71;706;2;387.00;0
544;2;5835306;544;233;1247;1247;7.76;0.47;149.41;3.71;703;2;388.00;0
546;2;5835315;546;227;1251;1251;7.82;0.48;149.94;3.70;705;2;389.00;0
547;2;5835331;547;219;1251;1251;7.91;0.48;150.12;3.70;704;2;390.00;0
548;2;5835340;548;221;1255;1255;7.91;0.48;150.03;3.70;707;2;391.00;0
549;2;5835349;549;220;1255;1255;7.99;0.49;150.18;3.70;706;2;392.00;0
552;2;5835358;552;221;1255;1255;8.05;0.49;150.71;3.70;703;2;393.00;0
553;2;5835367;553;215;1255;1255;8.12;0.50;150.82;3.70;702;2;394.00;0
553;2;5835377;553;215;1255;1255;8.22;0.50;150.82;3.70;702;2;395.00;0
556;2;5835386;556;219;1265;1267;8.37;0.51;151.46;3.67;709;2;396.00;2
560;2;5835395;560;213;1265;1267;8.48;0.52;151.98;3.67;705;2;397.00;2
560;2;5835404;560;207;1267;1267;8.68;0.53;151.98;3.66;707;2;398.00;0
563;2;5835413;563;205;1267;1267;8.78;0.54;152.56;3.66;704;2;399.00;0
565;2;5835422;565;200;1267;1267;8.87;0.54;153.02;3.66;702;2;400.00;0
568;2;5835434;568;198;1267;1267;8.94;0.54;153.62;3.66;699;2;401.00;0
569;2;5835443;569;194;1268;1268;8.98;0.55;153.91;3.66;699;2;402.00;0
575;2;5835451;575;190;1268;1268;9.01;0.55;155.04;3.66;693;2;403.00;0
576;2;5835460;576;188;1274;1274;9.13;0.55;154.94;3.65;698;2;404.00;0
577;2;5835468;577;186;1276;1276;9.20;0.56;154.75;3.64;699;2;405.00;0
578;2;5835477;578;188;1276;1276;9.30;0.57;154.80;3.64;698;2;406.00;0
580;2;5835485;580;187;1276;1276;9.35;0.57;155.17;3.64;696;2;407.00;0
581;2;5835494;581;181;1280;1280;9.37;0.57;155.19;3.63;699;2;408.00;0
584;2;5835502;584;181;1280;1280;9.33;0.57;155.36;3.63;696;2;409.00;0
586;2;5835511;586;185;1280;1280;9.30;0.57;155.65;3.63;694;2;410.00;0
586;2;5835520;586;186;1281;1281;9.33;0.57;155.65;3.63;695;2;411.00;0
589;2;5835529;589;193;1285;1285;9.31;0.57;156.25;3.62;696;2;412.00;0
591;2;5835537;591;194;1285;1285;9.32;0.57;156.51;3.62;694;2;413.00;0
595;2;5835546;595;190;1287;1288;9.35;0.57;157.23;3.62;692;2;414.00;1
596;2;5835554;596;193;1287;1288;9.41;0.57;157.54;3.62;691;2;415.00;1
596;2;5835562;596;195;1288;1288;9.46;0.58;157.54;3.61;692;2;416.00;0
597;2;5835570;597;195;1288;1288;9.49;0.58;157.73;3.61;691;2;417.00;0
599;2;5835578;599;195;1292;1292;9.50;0.58;157.87;3.61;693;2;418.00;0
600;2;5835586;600;191;1292;1292;9.58;0.59;157.95;3.61;692;2;419.00;0
602;2;5835596;602;185;1292;1292;9.60;0.59;158.25;3.61;690;2;420.00;0
607;2;5835604;607;182;1292;1292;9.58;0.59;159.19;3.61;685;2;421.00;0
612;2;5835612;612;172;1293;1293;9.57;0.59;160.03;3.60;681;2;422.00;0
613;2;5835621;613;167;1294;1294;9.63;0.59;160.12;3.60;681;2;423.00;0
615;2;5835629;615;162;1294;1294;9.62;0.59;160.15;3.60;679;2;424.00;0
619;2;5835637;619;154;1295;1295;9.59;0.59;160.82;3.60;676;2;425.00;0
621;2;5835645;621;146;1295;1295;9.61;0.59;161.61;3.60;674;2;426.00;0
622;2;5835654;622;132;1295;1295;9.65;0.59;162.03;3.60;673;2;427.00;0
626;2;5835662;626;126;1295;1295;9.73;0.60;162.26;3.60;669;2;428.00;0
632;2;5835670;632;124;1295;1295;9.80;0.60;162.95;3.60;663;2;429.00;0
635;2;5835678;635;121;1295;1295;9.96;0.61;163.28;3.60;660;2;430.00;0
640;2;5835686;640;118;1295;1295;10.08;0.62;163.71;3.60;655;2;431.00;0
643;2;5835694;643;139;1368;1422;9.92;0.61;163.72;3.41;725;2;432.00;54
645;2;5835713;645;128;1370;1423;10.06;0.62;163.91;3.41;725;2;433.00;53
649;2;5835722;649;116;1377;1423;10.23;0.63;164.34;3.40;728;2;434.00;46
652;2;5835731;652;109;1381;1423;10.39;0.64;164.96;3.40;729;2;435.00;42
655;2;5835739;655;98;1387;1423;10.57;0.65;165.35;3.40;732;2;436.00;36
657;2;5835749;657;98;1389;1423;10.70;0.66;165.52;3.40;732;2;437.00;34
665;2;5835762;665;97;1393;1423;10.65;0.66;166.02;3.41;728;2;438.00;30
665;2;5835771;665;99;1395;1423;10.73;0.66;166.02;3.42;730;2;439.00;28
670;2;5835781;670;95;1397;1424;10.76;0.66;166.82;3.42;727;2;440.00;27
674;2;5835791;674;100;1402;1425;10.85;0.67;167.47;3.44;728;2;441.00;23
676;2;5835800;676;101;1405;1425;10.88;0.67;167.98;3.46;729;2;442.00;20
680;2;5835808;680;102;1409;1426;10.81;0.66;168.94;3.47;729;2;443.00;17
683;2;5835817;683;101;1411;1426;10.78;0.66;169.13;3.48;728;2;444.00;15
686;2;5835826;686;104;1412;1426;10.63;0.65;169.86;3.49;726;2;445.00;14
688;2;5835834;688;109;1414;1426;10.46;0.64;170.33;3.50;726;2;446.00;12
692;2;5835843;692;110;1420;1430;10.34;0.63;170.15;3.52;728;2;447.00;10
696;2;5835853;696;116;1420;1430;10.26;0.63;170.34;3.52;724;2;448.00;10
699;2;5835862;699;123;1423;1430;10.14;0.62;170.87;3.55;724;2;449.00;7
704;2;5835873;704;124;1427;1436;10.10;0.62;171.00;3.55;723;2;450.00;9
705;2;5835883;705;127;1430;1436;10.10;0.62;171.09;3.57;725;2;451.00;6
708;2;5835891;708;134;1431;1436;10.09;0.62;171.75;3.57;723;2;452.00;5
710;2;5835905;710;136;1434;1440;10.07;0.62;171.70;3.57;724;2;453.00;6
713;2;5835914;713;144;1437;1441;10.05;0.62;172.21;3.58;724;2;454.00;4
716;2;5835923;716;144;1439;1441;9.92;0.61;172.46;3.60;723;2;455.00;2
721;2;5835933;721;144;1443;1445;9.91;0.61;173.00;3.59;722;2;456.00;2
723;2;5835942;723;148;1443;1445;9.94;0.61;173.11;3.59;720;2;457.00;2
730;2;5835951;730;155;1443;1445;9.95;0.61;173.23;3.59;713;2;458.00;2
732;2;5835960;732;158;1444;1446;9.91;0.61;173.45;3.59;712;2;459.00;2
733;2;5835969;733;165;1445;1446;9.82;0.60;173.59;3.59;712;2;460.00;1
735;2;5835978;735;176;1451;1452;9.74;0.60;173.78;3.58;716;2;461.00;1
737;2;5835987;737;179;1451;1452;9.61;0.59;173.49;3.58;714;2;462.00;1
740;2;5835995;740;187;1451;1453;9.42;0.58;174.19;3.58;711;2;463.00;2
742;2;5836004;742;189;1452;1453;9.33;0.57;174.12;3.58;710;2;464.00;1
743;2;5836013;743;195;1453;1453;9.21;0.56;174.22;3.58;710;2;465.00;0
744;2;5836021;744;196;1453;1453;9.19;0.56;174.41;3.58;709;2;466.00;0
747;2;5836029;747;204;1453;1453;9.06;0.56;174.48;3.58;706;2;467.00;0
749;2;5836037;749;208;1463;1465;9.08;0.56;174.59;3.56;714;2;468.00;2
753;2;5836046;753;216;1463;1465;9.00;0.55;174.72;3.56;710;2;469.00;2
754;2;5836054;754;225;1465;1465;8.94;0.55;174.72;3.56;711;2;470.00;0
755;2;5836062;755;230;1465;1465;8.92;0.55;174.63;3.56;710;2;471.00;0
756;2;5836070;756;237;1465;1465;8.81;0.54;174.64;3.56;709;2;472.00;0
756;2;5836078;756;247;1465;1465;8.70;0.53;174.64;3.56;709;2;473.00;0
758;2;5836086;758;249;1469;1469;8.63;0.53;174.47;3.55;711;2;474.00;0
762;2;5836094;762;250;1469;1469;8.57;0.53;174.13;3.55;707;2;475.00;0
763;2;5836101;763;258;1473;1473;8.53;0.52;174.14;3.54;710;2;476.00;0
764;2;5836109;764;258;1474;1474;8.51;0.52;173.95;3.54;710;2;477.00;0
764;2;5836117;764;264;1474;1474;8.44;0.52;173.95;3.54;710;2;478.00;0
768;2;5836124;768;259;1474;1474;8.37;0.51;173.87;3.54;706;2;479.00;0
769;2;5836133;769;265;1495;1500;8.29;0.51;173.66;3.49;726;2;480.00;5
770;2;5836143;770;257;1497;1500;8.23;0.51;173.50;3.49;727;2;481.00;3
772;2;5836151;772;264;1500;1500;8.23;0.51;173.45;3.49;728;2;482.00;0
774;2;5836159;774;264;1501;1501;8.22;0.50;173.58;3.48;727;2;483.00;0
776;2;5836166;776;263;1502;1502;8.22;0.51;173.44;3.48;726;2;484.00;0
776;2;5836173;776;267;1502;1502;8.23;0.51;173.44;3.48;726;2;485.00;0
778;2;5836182;778;269;1505;1505;8.22;0.51;173.32;3.48;727;2;486.00;0
779;2;5836189;779;270;1505;1505;8.18;0.50;173.26;3.48;726;2;487.00;0
780;2;5836199;780;273;1505;1505;8.18;0.50;173.20;3.48;725;2;488.00;0
783;2;5836207;783;278;1505;1505;8.19;0.50;173.14;3.48;722;2;489.00;0
787;2;5836214;787;277;1511;1511;8.19;0.50;172.91;3.47;724;2;490.00;0
788;2;5836222;788;272;1511;1511;8.14;0.50;172.77;3.47;723;2;491.00;0
791;2;5836229;791;276;1511;1511;7.96;0.49;173.05;3.47;720;2;492.00;0
795;2;5836235;795;279;1511;1511;7.79;0.48;172.87;3.47;716;2;493.00;0
797;2;5836242;797;286;1515;1515;7.60;0.47;172.59;3.46;718;2;494.00;0
801;2;5836249;801;280;1517;1517;7.40;0.45;173.15;3.45;716;2;495.00;0
803;2;5836256;803;277;1517;1517;7.31;0.45;173.28;3.45;714;2;496.00;0
806;2;5836263;806;275;1518;1518;7.24;0.44;173.90;3.45;712;2;497.00;0
808;2;5836270;808;267;1518;1518;7.28;0.45;174.09;3.45;710;2;498.00;0
812;2;5836277;812;276;1518;1518;7.23;0.44;174.61;3.45;706;2;499.00;0
814;2;5836285;814;272;1518;1518;7.19;0.44;174.93;3.45;704;2;500.00;0
817;2;5836296;817;276;1518;1518;7.11;0.44;175.21;3.45;701;2;501.00;0
819;2;5836303;819;272;1518;1518;7.12;0.44;175.96;3.45;699;2;502.00;0
821;2;5836310;821;270;1518;1518;7.13;0.44;175.66;3.45;697;2;503.00;0
823;2;5836318;823;271;1556;1588;7.32;0.45;175.83;3.37;733;2;504.00;32
828;2;5836331;828;267;1562;1589;7.32;0.45;175.98;3.36;734;2;505.00;27
831;2;5836339;831;266;1571;1589;7.35;0.45;176.12;3.35;740;2;506.00;18
833;2;5836347;833;270;1572;1589;7.35;0.45;176.52;3.35;739;2;507.00;17
834;2;5836354;834;261;1575;1589;7.31;0.45;176.80;3.35;741;2;508.00;14
837;2;5836362;837;253;1576;1589;7.24;0.44;176.94;3.35;739;2;509.00;13
841;2;5836372;841;245;1578;1589;7.22;0.44;177.45;3.36;737;2;510.00;11
846;2;5836380;846;244;1580;1589;7.23;0.44;178.09;3.36;734;2;511.00;9
847;2;5836389;847;245;1581;1590;7.31;0.45;178.32;3.36;734;2;512.00;9
851;2;5836397;851;251;1584;1591;7.29;0.44;178.59;3.38;733;2;513.00;7
853;3;5836405;853;245;1586;1591;7.32;0.45;178.71;3.38;733;3;514.00;5
855;3;5836423;855;245;1593;1595;7.31;0.45;178.90;3.39;738;3;515.00;2
858;3;5836432;858;245;1594;1595;7.32;0.45;178.50;3.39;736;3;516.00;1
862;3;5836446;862;250;1595;1595;7.32;0.45;179.15;3.39;733;3;517.00;0
864;3;5836459;864;251;1595;1595;7.35;0.45;179.21;3.39;731;3;518.00;0
865;3;5836467;865;253;1601;1601;7.39;0.45;179.38;3.38;736;3;519.00;0
868;3;5836477;868;256;1601;1601;7.33;0.45;179.60;3.38;733;3;520.00;0
870;3;5836485;870;254;1601;1601;7.34;0.45;179.83;3.38;731;3;521.00;0
873;3;5836494;873;256;1603;1604;7.40;0.45;180.55;3.38;730;3;522.00;1
876;3;5836503;876;259;1603;1604;7.41;0.45;180.92;3.38;727;3;523.00;1
879;3;5836511;879;260;1604;1604;7.38;0.45;181.29;3.38;725;3;524.00;0
881;3;5836525;881;255;1605;1605;7.31;0.45;181.62;3.38;724;3;525.00;0
883;3;5836533;883;255;1606;1606;7.31;0.45;181.90;3.38;723;3;526.00;0
884;3;5836541;884;254;1606;1606;7.33;0.45;182.09;3.38;722;3;527.00;0
886;3;5836549;886;260;1619;1619;7.45;0.45;181.95;3.35;733;3;528.00;0
887;3;5836559;887;259;1619;1619;7.43;0.45;182.04;3.35;732;3;529.00;0
891;3;5836567;891;259;1619;1619;7.39;0.45;182.39;3.35;728;3;530.00;0
892;3;5836575;892;258;1620;1620;7.41;0.45;182.54;3.35;728;3;531.00;0
895;3;5836583;895;261;1620;1620;7.35;0.45;182.51;3.35;725;3;532.00;0
899;3;5836592;899;259;1624;1624;7.37;0.45;182.41;3.34;725;3;533.00;0
901;3;5836601;901;258;1624;1624;7.36;0.45;182.56;3.34;723;3;534.00;0
905;3;5836609;905;257;1628;1628;7.33;0.44;182.47;3.34;723;3;535.00;0
906;3;5836618;906;261;1628;1628;7.30;0.44;182.58;3.34;722;3;536.00;0
908;3;5836626;908;262;1628;1628;7.24;0.44;182.81;3.34;720;3;537.00;0
910;3;5836635;910;265;1628;1628;7.20;0.44;182.88;3.34;718;3;538.00;0
910;3;5836643;910;270;1628;1628;7.23;0.44;182.88;3.34;718;3;539.00;0
911;3;5836653;911;273;1659;1662;7.38;0.45;182.99;3.27;748;3;540.00;3
913;3;5836665;913;275;1659;1662;7.34;0.45;183.06;3.27;746;3;541.00;3
914;3;5836673;914;263;1661;1662;7.41;0.45;183.22;3.27;747;3;542.00;1
916;3;5836683;916;253;1661;1662;7.50;0.46;183.29;3.27;745;3;543.00;1
918;3;5836692;918;248;1662;1662;7.60;0.47;183.55;3.27;744;3;544.00;0
919;3;5836700;919;244;1662;1662;7.69;0.47;183.52;3.27;743;3;545.00;0
921;3;5836709;921;240;1663;1663;7.70;0.47;183.60;3.27;742;3;546.00;0
922;3;5836718;922;242;1663;1663;7.79;0.48;183.76;3.27;741;3;547.00;0
926;3;5836727;926;241;1669;1669;7.81;0.48;183.90;3.26;743;3;548.00;0
931;3;5836737;931;242;1670;1670;7.83;0.48;184.20;3.26;739;3;549.00;0
935;3;5836746;935;242;1670;1670;7.80;0.47;184.46;3.26;735;3;550.00;0
936;3;5836756;936;230;1670;1670;7.83;0.48;184.54;3.26;734;3;551.00;0
938;3;5836765;938;228;1674;1674;7.86;0.48;184.56;3.25;736;3;552.00;0
939;3;5836775;939;224;1674;1674;7.88;0.48;184.56;3.25;735;3;553.00;0
941;3;5836788;941;212;1674;1674;7.97;0.48;184.83;3.25;733;3;554.00;0
942;3;5836798;942;211;1675;1675;8.07;0.49;184.76;3.25;733;3;555.00;0
946;3;5836807;946;210;1679;1679;8.03;0.49;184.75;3.25;733;3;556.00;0
948;3;5836817;948;204;1679;1679;8.09;0.49;184.92;3.25;731;3;557.00;0
950;3;5836826;950;200;1681;1682;8.13;0.50;185.37;3.24;731;3;558.00;1
951;3;5836841;951;201;1681;1682;8.18;0.50;185.35;3.24;730;3;559.00;1
952;3;5836851;952;199;1682;1682;8.21;0.50;185.52;3.24;730;3;560.00;0
954;3;5836865;954;203;1682;1682;8.27;0.50;185.77;3.24;728;3;561.00;0
959;3;5836874;959;198;1686;1686;8.41;0.51;185.93;3.24;727;3;562.00;0
963;3;5836884;963;203;1686;1686;8.45;0.51;186.59;3.24;723;3;563.00;0
965;3;5836894;965;201;1686;1686;8.53;0.52;186.97;3.24;721;3;564.00;0
967;3;5836903;967;206;1686;1686;8.57;0.52;187.23;3.24;719;3;565.00;0
969;3;5836912;969;201;1687;1687;8.63;0.52;187.18;3.23;718;3;566.00;0
973;3;5836921;973;200;1688;1688;8.64;0.53;187.55;3.23;715;3;567.00;0
977;3;5836931;977;197;1688;1688;8.67;0.53;187.84;3.23;711;3;568.00;0
979;3;5836940;979;197;1689;1689;8.73;0.53;188.01;3.23;710;3;569.00;0
983;3;5836951;983;195;1689;1689;8.75;0.53;188.33;3.23;706;3;570.00;0
985;3;5836960;985;204;1689;1689;8.81;0.53;188.49;3.23;704;3;571.00;0
987;3;5836969;987;200;1689;1689;8.89;0.54;188.76;3.23;702;3;572.00;0
989;3;5836982;989;197;1689;1689;8.92;0.54;188.76;3.23;700;3;573.00;0
990;3;5836991;990;198;1689;1689;8.98;0.54;188.78;3.23;699;3;574.00;0
991;3;5836999;991;196;1689;1689;8.99;0.55;188.95;3.23;698;3;575.00;0
996;3;5837008;996;228;1772;1816;8.75;0.54;189.39;3.08;776;3;576.00;44
998;3;5837027;998;217;1773;1817;8.75;0.54;189.56;3.08;775;3;577.00;44
1000;3;5837042;1000;211;1778;1817;8.83;0.54;190.06;3.08;778;3;578.00;39
1004;3;5837051;1004;210;1780;1817;8.88;0.55;190.50;3.08;776;3;579.00;37
1005;3;5837065;1005;214;1784;1817;8.93;0.55;190.74;3.08;779;3;580.00;33
1006;3;5837074;1006;214;1785;1817;8.99;0.55;190.77;3.08;779;3;581.00;32
1010;3;5837083;1010;218;1790;1817;9.06;0.56;191.21;3.09;780;3;582.00;27
1012;3;5837093;1012;219;1792;1817;9.12;0.56;191.54;3.09;780;3;583.00;25
1014;3;5837102;1014;224;1794;1818;9.14;0.56;191.68;3.10;780;3;584.00;24
1014;3;5837117;1014;222;1799;1820;9.19;0.56;191.68;3.11;785;3;585.00;21
1016;3;5837126;1016;221;1801;1820;9.22;0.56;191.55;3.12;785;3;586.00;19
1017;3;5837135;1017;227;1804;1821;9.23;0.56;191.56;3.13;787;3;587.00;17
1017;3;5837145;1017;226;1806;1821;9.15;0.56;191.56;3.14;789;3;588.00;15
1018;3;5837154;1018;222;1809;1821;9.09;0.56;191.54;3.15;791;3;589.00;12
1019;3;5837163;1019;216;1810;1821;9.05;0.55;191.57;3.15;791;3;590.00;11
1023;3;5837172;1023;210;1816;1825;8.99;0.55;192.40;3.17;793;3;591.00;9
1025;3;5837181;1025;201;1816;1825;8.93;0.55;193.01;3.17;791;3;592.00;9
1031;3;5837190;1031;202;1816;1825;8.84;0.54;193.38;3.17;785;3;593.00;9
1031;3;5837201;1031;205;1818;1828;8.85;0.54;193.38;3.18;787;3;594.00;10
1033;3;5837210;1033;208;1819;1828;8.78;0.53;193.73;3.18;786;3;595.00;9
1035;3;5837219;1035;210;1820;1828;8.70;0.53;194.09;3.18;785;3;596.00;8
1039;3;5837228;1039;212;1823;1832;8.62;0.52;194.58;3.18;784;3;597.00;9
1042;3;5837237;1042;208;1826;1833;8.64;0.53;195.12;3.20;784;3;598.00;7
1047;3;5837245;1047;202;1827;1833;8.62;0.52;196.00;3.20;780;3;599.00;6
1051;3;5837261;1051;211;1840;1859;8.58;0.52;196.74;3.20;789;3;600.00;19
1054;3;5837277;1054;203;1843;1859;8.59;0.52;197.07;3.21;789;3;601.00;16
1059;3;5837287;1059;202;1845;1859;8.58;0.52;197.63;3.21;786;3;602.00;14
1062;3;5837296;1062;200;1846;1860;8.60;0.52;198.09;3.21;784;3;603.00;14
1068;3;5837305;1068;207;1846;1860;8.53;0.52;198.66;3.21;778;3;604.00;14
1071;3;5837319;1071;211;1849;1866;8.52;0.52;199.04;3.20;778;3;605.00;17
1073;3;5837328;1073;217;1852;1866;8.50;0.52;199.49;3.21;779;3;606.00;14
1076;3;5837338;1076;223;1853;1867;8.46;0.51;199.36;3.21;777;3;607.00;14
1078;3;5837347;1078;221;1855;1867;8.39;0.51;199.63;3.21;777;3;608.00;12
1080;3;5837356;1080;219;1856;1867;8.34;0.51;200.10;3.21;776;3;609.00;11
1082;3;5837365;1082;218;1857;1867;8.27;0.50;200.32;3.23;775;3;610.00;10
1083;3;5837375;1083;223;1858;1867;8.25;0.50;200.36;3.24;775;3;611.00;9
1085;3;5837383;1085;230;1867;1879;8.24;0.50;200.36;3.23;782;3;612.00;12
1087;3;5837393;1087;234;1871;1879;8.24;0.50;200.45;3.24;784;3;613.00;8
1088;3;5837402;1088;235;1873;1879;8.25;0.50;200.46;3.24;785;3;614.00;6
1088;3;5837410;1088;240;1873;1879;8.28;0.50;200.46;3.24;785;3;615.00;6
1089;3;5837419;1089;234;1873;1879;8.29;0.51;200.35;3.24;784;3;616.00;6
1089;3;5837428;1089;238;1873;1879;8.31;0.51;200.35;3.24;784;3;617.00;6
1092;3;5837436;1092;243;1878;1883;8.26;0.50;200.55;3.25;786;3;618.00;5
1093;3;5837446;1093;236;1878;1883;8.27;0.50;200.59;3.25;785;3;619.00;5
1096;3;5837454;1096;248;1882;1887;8.29;0.50;200.57;3.25;786;3;620.00;5
1097;3;5837464;1097;249;1883;1888;8.33;0.51;200.50;3.25;786;3;621.00;5
1100;3;5837473;1100;253;1883;1888;8.29;0.50;200.09;3.25;783;3;622.00;5
1102;3;5837482;1102;259;1884;1888;8.28;0.50;200.17;3.26;782;3;623.00;4
1104;3;5837490;1104;266;1894;1901;8.20;0.50;199.95;3.25;790;3;624.00;7
1105;3;5837500;1105;267;1897;1901;8.11;0.49;199.80;3.25;792;3;625.00;4
1107;3;5837509;1107;269;1897;1901;8.02;0.49;199.68;3.25;790;3;626.00;4
1109;3;5837517;1109;271;1898;1902;8.00;0.49;199.79;3.25;789;3;627.00;4
1111;3;5837525;1111;277;1900;1903;7.94;0.48;199.61;3.25;789;3;628.00;3
1111;3;5837534;1111;285;1900;1903;7.89;0.48;199.61;3.25;789;3;629.00;3
1113;3;5837544;1113;291;1906;1909;7.82;0.48;199.65;3.26;793;3;630.00;3
1115;3;5837553;1115;296;1907;1909;7.71;0.47;199.73;3.27;792;3;631.00;2
1119;3;5837562;1119;302;1909;1909;7.65;0.47;199.40;3.27;790;3;632.00;0
1119;3;5837569;1119;307;1909;1909;7.58;0.46;199.40;3.27;790;3;633.00;0
1120;3;5837577;1120;313;1914;1915;7.59;0.47;199.35;3.26;794;3;634.00;1
1121;3;5837585;1121;320;1915;1915;7.53;0.46;199.29;3.26;794;3;635.00;0
1122;3;5837593;1122;322;1915;1915;7.47;0.46;199.29;3.26;793;3;636.00;0
1125;3;5837600;1125;323;1915;1915;7.37;0.45;199.17;3.26;790;3;637.00;0
1126;3;5837608;1126;324;1919;1919;7.32;0.45;199.06;3.25;793;3;638.00;0
1127;3;5837617;1127;328;1920;1920;7.25;0.45;198.98;3.25;793;3;639.00;0
1129;3;5837624;1129;336;1920;1920;7.23;0.45;198.75;3.25;791;3;640.00;0
1130;3;5837632;1130;337;1921;1921;7.25;0.45;198.63;3.25;791;3;641.00;0
1135;3;5837640;1135;342;1921;1921;7.11;0.44;198.54;3.25;786;3;642.00;0
1136;3;5837648;1136;345;1921;1921;7.03;0.43;198.59;3.25;785;3;643.00;0
1139;3;5837655;1139;341;1921;1921;6.93;0.43;198.63;3.25;782;3;644.00;0
1142;3;5837663;1142;342;1921;1921;6.88;0.42;198.48;3.25;779;3;645.00;0
1142;3;5837670;1142;340;1921;1921;6.80;0.42;198.48;3.25;779;3;646.00;0
1144;3;5837677;1144;332;1921;1921;6.76;0.41;198.55;3.25;777;3;647.00;0
1145;3;5837684;1145;339;1959;1991;6.96;0.43;198.56;3.19;814;3;648.00;32
1146;3;5837698;1146;332;1960;1992;6.92;0.43;198.45;3.19;814;3;649.00;32
1149;3;5837706;1149;326;1968;1992;6.93;0.43;198.50;3.18;819;3;650.00;24
1150;3;5837714;1150;328;1974;1992;6.90;0.42;198.39;3.18;824;3;651.00;18
1154;3;5837721;1154;332;1978;1992;6.84;0.42;198.39;3.18;824;3;652.00;14
1155;3;5837729;1155;331;1979;1992;6.72;0.41;198.37;3.18;824;3;653.00;13
1157;3;5837736;1157;328;1983;1992;6.58;0.40;198.30;3.19;826;3;654.00;9
1158;3;5837743;1158;315;1986;1992;6.54;0.40;198.24;3.20;828;3;655.00;6
1161;3;5837751;1161;307;1988;1993;6.43;0.39;198.05;3.20;827;3;656.00;5
1164;3;5837759;1164;296;1990;1994;6.31;0.39;198.01;3.20;826;3;657.00;4
1166;3;5837767;1166;295;1991;1994;6.28;0.38;198.01;3.20;825;3;658.00;3
1169;3;5837775;1169;295;1996;1998;6.12;0.38;198.17;3.20;827;3;659.00;2
1171;3;5837785;1171;283;1997;1998;6.02;0.37;198.34;3.21;826;3;660.00;1
1176;3;5837793;1176;279;1998;1998;5.92;0.36;198.34;3.21;822;3;661.00;0
1179;3;5837808;1179;268;1998;1998;5.91;0.36;198.60;3.21;819;3;662.00;0
1179;3;5837816;1179;264;2004;2004;6.03;0.37;198.60;3.20;825;3;663.00;0
1181;4;5837825;1181;259;2004;2004;6.10;0.37;198.53;3.20;823;4;664.00;0
1183;4;5837846;1183;259;2004;2004;6.22;0.38;198.74;3.20;821;4;665.00;0
1184;4;5837855;1184;258;2006;2007;6.32;0.39;198.62;3.20;822;4;666.00;1
1186;4;5837868;1186;246;2006;2007;6.40;0.39;198.97;3.20;820;4;667.00;1
1190;4;5837877;1190;240;2007;2007;6.51;0.40;199.26;3.20;817;4;668.00;0
1192;4;5837886;1192;238;2008;2008;6.64;0.41;199.32;3.20;816;4;669.00;0
1194;4;5837899;1194;236;2009;2009;6.78;0.41;199.23;3.20;815;4;670.00;0
1196;4;5837909;1196;232;2009;2009;6.86;0.42;199.41;3.20;813;4;671.00;0
1198;4;5837918;1198;232;2022;2022;7.00;0.43;199.36;3.18;824;4;672.00;0
1202;4;5837928;1202;229;2022;2022;7.16;0.44;199.70;3.18;820;4;673.00;0
1205;4;5837938;1205;235;2022;2022;7.30;0.44;199.77;3.18;817;4;674.00;0
1210;4;5837947;1210;237;2024;2024;7.37;0.45;199.81;3.17;814;4;675.00;0
1214;4;5837957;1214;233;2024;2024;7.51;0.46;200.19;3.17;810;4;676.00;0
1217;4;5837966;1217;233;2028;2028;7.66;0.47;200.20;3.17;811;4;677.00;0
1221;4;5837982;1221;238;2028;2028;7.73;0.47;200.17;3.17;807;4;678.00;0
1225;4;5837992;1225;237;2032;2032;7.83;0.48;201.20;3.17;807;4;679.00;0
1231;4;5838002;1231;238;2032;2032;7.88;0.48;201.97;3.17;801;4;680.00;0
1233;4;5838011;1233;236;2032;2032;7.97;0.48;202.07;3.17;799;4;681.00;0
1238;4;5838020;1238;238;2032;2032;7.98;0.48;202.39;3.17;794;4;682.00;0
1244;4;5838030;1244;232;2032;2032;8.01;0.49;202.88;3.17;788;4;683.00;0
1245;4;5838039;1245;230;2043;2044;8.05;0.49;203.04;3.15;798;4;684.00;1
1251;4;5838050;1251;228;2043;2044;8.04;0.49;203.22;3.15;792;4;685.00;1
1256;4;5838060;1256;227;2044;2044;8.09;0.49;203.87;3.15;788;4;686.00;0
1259;4;5838070;1259;230;2044;2044;8.10;0.49;204.24;3.15;785;4;687.00;0
1262;4;5838080;1262;228;2044;2044;8.14;0.50;204.65;3.15;782;4;688.00;0
1267;4;5838089;1267;229;2044;2044;8.10;0.50;205.20;3.15;777;4;689.00;0
1268;4;5838099;1268;228;2045;2045;8.17;0.50;205.20;3.15;777;4;690.00;0
1273;4;5838109;1273;229;2045;2045;8.21;0.50;205.34;3.15;772;4;691.00;0
1277;4;5838119;1277;224;2051;2051;8.25;0.50;205.67;3.14;774;4;692.00;0
1282;4;5838129;1282;223;2052;2052;8.30;0.50;205.74;3.14;770;4;693.00;0
1286;4;5838139;1286;222;2052;2052;8.37;0.51;206.47;3.14;766;4;694.00;0
1290;4;5838148;1290;224;2052;2052;8.42;0.51;206.76;3.14;762;4;695.00;0
1290;4;5838158;1290;224;2056;2056;8.48;0.52;206.76;3.13;766;4;696.00;0
1296;4;5838168;1296;219;2056;2056;8.51;0.52;207.42;3.13;760;4;697.00;0
1299;4;5838177;1299;217;2056;2056;8.56;0.52;208.03;3.13;757;4;698.00;0
1304;4;5838187;1304;216;2057;2057;8.54;0.52;208.66;3.13;753;4;699.00;0
1307;4;5838197;1307;216;2060;2061;8.58;0.52;209.06;3.13;753;4;700.00;1
1311;4;5838211;1311;216;2061;2061;8.44;0.51;209.82;3.13;750;4;701.00;0
1315;4;5838220;1315;214;2063;2064;8.30;0.51;210.24;3.13;748;4;702.00;1
1318;4;5838230;1318;216;2063;2064;8.23;0.50;210.19;3.13;745;4;703.00;1
1323;4;5838239;1323;214;2064;2064;8.09;0.49;210.73;3.12;741;4;704.00;0
1325;4;5838253;1325;220;2064;2064;7.98;0.49;210.94;3.12;739;4;705.00;0
1327;4;5838262;1327;220;2068;2068;7.88;0.48;211.00;3.12;741;4;706.00;0
1331;4;5838272;1331;209;2068;2068;7.83;0.48;211.39;3.12;737;4;707.00;0
1334;4;5838281;1334;198;2068;2068;7.82;0.48;211.22;3.12;734;4;708.00;0
1338;4;5838290;1338;192;2068;2068;7.82;0.48;211.45;3.12;730;4;709.00;0
1341;4;5838299;1341;196;2069;2069;7.84;0.48;211.56;3.12;728;4;710.00;0
1341;4;5838309;1341;196;2070;2070;7.89;0.48;211.56;3.12;729;4;711.00;0
1346;4;5838317;1346;196;2070;2070;7.89;0.48;211.79;3.12;724;4;712.00;0
1349;4;5838326;1349;199;2071;2071;7.94;0.48;211.73;3.12;722;4;713.00;0
1350;4;5838336;1350;205;2071;2071;8.02;0.49;211.83;3.12;721;4;714.00;0
1352;4;5838345;1352;213;2071;2071;8.03;0.49;211.98;3.12;719;4;715.00;0
1352;4;5838354;1352;201;2071;2071;8.13;0.49;211.98;3.12;719;4;716.00;0
1354;4;5838363;1354;196;2071;2071;8.14;0.50;212.23;3.12;717;4;717.00;0
1357;4;5838377;1357;196;2071;2071;8.17;0.50;212.36;3.12;714;4;718.00;0
1357;4;5838387;1357;193;2071;2071;8.22;0.50;212.36;3.12;714;4;719.00;0
1358;4;5838397;1358;247;2196;2301;8.10;0.51;212.35;2.94;838;4;720.00;105
1361;4;5838426;1361;238;2206;2302;8.11;0.51;212.61;2.93;845;4;721.00;96
1364;4;5838437;1364;221;2216;2302;8.16;0.51;212.56;2.93;852;4;722.00;86
1369;4;5838447;1369;215;2223;2302;8.17;0.51;213.13;2.93;854;4;723.00;79
1371;5;5838459;1371;220;2233;2302;8.16;0.51;213.14;2.93;862;5;724.00;69
1372;5;5838479;1372;217;2237;2302;8.16;0.51;213.23;2.94;865;5;725.00;65
1373;5;5838494;1373;221;2243;2302;8.16;0.51;213.29;2.94;870;5;726.00;59
1375;6;5838504;1375;221;2247;2302;8.15;0.51;213.30;2.95;872;6;727.00;55
1377;6;5838520;1377;226;2252;2303;8.07;0.50;213.45;2.96;875;6;728.00;51
1379;6;5838530;1379;221;2255;2304;8.10;0.50;213.56;2.97;876;6;729.00;49
1381;6;5838540;1381;221;2260;2304;8.03;0.50;213.60;2.99;879;6;730.00;44
1381;6;5838551;1381;218;2263;2305;7.95;0.49;213.60;2.99;882;6;731.00;42
1385;6;5838561;1385;219;2266;2305;7.89;0.49;213.80;3.00;881;6;732.00;39
1387;6;5838571;1387;227;2268;2305;7.83;0.48;214.06;3.01;881;6;733.00;37
1388;6;5838585;1388;235;2272;2305;7.80;0.48;214.17;3.03;884;6;734.00;33
1390;6;5838595;1390;238;2275;2309;7.73;0.48;214.39;3.04;885;6;735.00;34
1392;6;5838606;1392;249;2277;2309;7.67;0.47;214.41;3.05;885;6;736.00;32
1395;6;5838616;1395;255;2278;2309;7.64;0.47;214.44;3.05;883;6;737.00;31
1398;6;5838626;1398;256;2283;2312;7.56;0.46;214.55;3.09;885;6;738.00;29
1399;6;5838637;1399;265;2283;2312;7.54;0.46;214.66;3.09;884;6;739.00;29
1401;6;5838647;1401;267;2285;2312;7.51;0.46;214.66;3.10;884;6;740.00;27
1406;6;5838657;1406;276;2290;2316;7.40;0.45;214.94;3.10;884;6;741.00;26
1407;6;5838668;1407;275;2290;2317;7.35;0.45;215.00;3.10;883;6;742.00;27
1409;6;5838678;1409;278;2292;2317;7.31;0.45;215.12;3.11;883;6;743.00;25
1410;6;5838688;1410;285;2297;2321;7.33;0.45;214.99;3.10;887;6;744.00;24
1411;6;5838698;1411;279;2297;2321;7.36;0.45;215.15;3.10;886;6;745.00;24
1414;6;5838708;1414;283;2298;2321;7.37;0.45;215.14;3.11;884;6;746.00;23
1414;6;5838718;1414;285;2298;2322;7.39;0.45;215.14;3.11;884;6;747.00;24
1415;6;5838728;1415;288;2298;2322;7.42;0.45;215.21;3.11;883;6;748.00;24
1416;6;5838738;1416;293;2304;2328;7.42;0.45;215.25;3.12;888;6;749.00;24
1419;6;5838750;1419;294;2305;2328;7.42;0.45;215.42;3.13;886;6;750.00;23
1422;6;5838760;1422;290;2307;2329;7.36;0.45;215.55;3.13;885;6;751.00;22
1423;6;5838769;1423;297;2308;2329;7.33;0.45;215.52;3.15;885;6;752.00;21
1425;6;5838779;1425;289;2309;2329;7.25;0.44;215.74;3.16;884;6;753.00;20
1426;6;5838790;1426;297;2310;2329;7.24;0.44;215.74;3.17;884;6;754.00;19
1429;6;5838800;1429;294;2311;2329;7.23;0.44;215.91;3.19;882;6;755.00;18
1432;6;5838810;1432;296;2321;2341;7.19;0.44;216.15;3.17;889;6;756.00;20
1435;6;5838820;1435;290;2323;2341;7.17;0.44;216.36;3.20;888;6;757.00;18
1437;6;5838830;1437;292;2323;2341;7.21;0.44;216.26;3.20;886;6;758.00;18
1437;6;5838839;1437;291;2323;2341;7.29;0.45;216.26;3.20;886;6;759.00;18
1438;6;5838848;1438;283;2326;2341;7.31;0.45;216.33;3.23;888;6;760.00;15
1440;6;5838858;1440;277;2327;2341;7.35;0.45;216.38;3.23;887;6;761.00;14
1444;6;5838867;1444;269;2331;2345;7.36;0.45;216.61;3.23;887;6;762.00;14
1447;6;5838877;1447;267;2333;2345;7.41;0.45;216.57;3.24;886;6;763.00;12
1451;6;5838886;1451;267;2337;2349;7.44;0.45;216.76;3.24;886;6;764.00;12
1454;6;5838896;1454;267;2339;2351;7.36;0.45;216.88;3.23;885;6;765.00;12
1457;6;5838907;1457;270;2340;2351;7.29;0.44;216.83;3.23;883;6;766.00;11
1459;6;5838917;1459;269;2340;2351;7.30;0.45;216.92;3.23;881;6;767.00;11
1462;6;5838927;1462;277;2349;2364;7.30;0.44;216.80;3.22;887;6;768.00;15
1465;6;5838938;1465;281;2350;2364;7.29;0.44;216.63;3.22;885;6;769.00;14
1465;6;5838947;1465;278;2351;2364;7.32;0.45;216.63;3.22;886;6;770.00;13
1466;6;5838958;1466;284;2352;2365;7.37;0.45;216.51;3.22;886;6;771.00;13
1467;6;5838972;1467;288;2354;2366;7.36;0.45;216.40;3.24;887;6;772.00;12
1468;6;5838982;1468;295;2354;2366;7.31;0.45;216.38;3.24;886;6;773.00;12
1468;6;5838991;1468;303;2356;2369;7.31;0.45;216.38;3.24;888;6;774.00;13
1471;6;5839001;1471;303;2358;2369;7.20;0.44;216.39;3.26;887;6;775.00;11
1472;6;5839011;1472;308;2358;2369;7.21;0.44;216.45;3.26;886;6;776.00;11
1474;6;5839020;1474;315;2359;2369;7.20;0.44;216.38;3.28;885;6;777.00;10
1474;6;5839030;1474;317;2364;2375;7.20;0.44;216.38;3.27;890;6;778.00;11
1474;6;5839040;1474;328;2365;2375;7.20;0.44;216.38;3.30;891;6;779.00;10
1477;6;5839051;1477;331;2365;2375;7.17;0.44;216.30;3.30;888;6;780.00;10
1478;6;5839060;1478;330;2366;2375;7.13;0.44;216.17;3.32;888;6;781.00;9
1481;6;5839070;1481;335;2369;2379;7.08;0.43;215.88;3.32;888;6;782.00;10
1483;6;5839079;1483;339;2371;2380;7.14;0.44;215.83;3.34;888;6;783.00;9
1483;6;5839089;1483;343;2371;2380;7.13;0.44;215.83;3.34;888;6;784.00;9
1484;6;5839098;1484;344;2374;2381;7.10;0.43;215.76;3.39;890;6;785.00;7
1487;6;5839108;1487;344;2374;2381;7.04;0.43;215.58;3.39;887;6;786.00;7
1491;6;5839117;1491;350;2376;2381;7.01;0.43;215.38;3.45;885;6;787.00;5
1493;6;5839126;1493;355;2377;2381;6.97;0.43;215.31;3.48;884;6;788.00;4
1494;6;5839136;1494;358;2378;2381;6.94;0.42;215.33;3.48;884;6;789.00;3
1497;6;5839145;1497;363;2380;2381;6.87;0.42;215.13;3.49;883;6;790.00;1
1498;6;5839154;1498;369;2381;2381;6.75;0.41;215.03;3.50;883;6;791.00;0
1500;6;5839163;1500;377;2414;2451;6.88;0.42;215.10;3.45;914;6;792.00;37
1502;6;5839177;1502;374;2418;2452;6.86;0.42;215.01;3.45;916;6;793.00;34
1503;6;5839186;1503;377;2427;2452;6.87;0.42;214.91;3.44;924;6;794.00;25
1505;6;5839195;1505;384;2433;2452;6.85;0.42;214.93;3.44;928;6;795.00;19
1507;6;5839205;1507;390;2438;2452;6.75;0.41;214.95;3.44;931;6;796.00;14
1507;6;5839214;1507;392;2439;2452;6.66;0.41;214.95;3.44;932;6;797.00;13
1508;6;5839223;1508;394;2442;2452;6.53;0.40;214.95;3.44;934;6;798.00;10
1510;6;5839232;1510;401;2443;2452;6.42;0.39;214.95;3.45;933;6;799.00;9
1510;6;5839241;1510;407;2445;2453;6.38;0.39;214.95;3.45;935;6;800.00;8
1511;6;5839254;1511;413;2447;2454;6.31;0.39;214.82;3.45;936;6;801.00;7
1512;6;5839263;1512;402;2450;2454;6.30;0.39;214.73;3.46;938;6;802.00;4
1514;6;5839272;1514;398;2456;2458;6.26;0.38;214.67;3.46;942;6;803.00;2
1517;6;5839281;1517;388;2457;2458;6.26;0.38;214.38;3.46;940;6;804.00;1
1520;6;5839291;1520;386;2458;2458;6.24;0.38;214.34;3.46;938;6;805.00;0
1522;6;5839301;1522;385;2458;2458;6.23;0.38;214.53;3.46;936;6;806.00;0
1523;6;5839310;1523;380;2464;2464;6.28;0.39;214.51;3.46;941;6;807.00;0
1523;6;5839320;1523;377;2464;2464;6.29;0.39;214.51;3.46;941;6;808.00;0
1526;6;5839334;1526;370;2464;2464;6.32;0.39;214.52;3.46;938;6;809.00;0
1526;6;5839345;1526;367;2468;2470;6.33;0.39;214.52;3.45;942;6;810.00;2
1528;6;5839360;1528;366;2469;2470;6.30;0.39;214.41;3.45;941;6;811.00;1
1529;6;5839370;1529;368;2470;2470;6.30;0.38;214.51;3.45;941;6;812.00;0
1530;6;5839380;1530;366;2471;2471;6.33;0.39;214.43;3.45;941;6;813.00;0
1532;6;5839390;1532;367;2472;2472;6.37;0.39;214.36;3.45;940;6;814.00;0
1534;6;5839400;1534;370;2472;2472;6.37;0.39;214.21;3.45;938;6;815.00;0
1537;6;5839410;1537;369;2485;2485;6.33;0.38;213.93;3.43;948;6;816.00;0
1537;6;5839421;1537;365;2485;2485;6.38;0.39;213.93;3.43;948;6;817.00;0
1538;6;5839431;1538;369;2485;2485;6.37;0.39;213.80;3.43;947;6;818.00;0
1540;6;5839441;1540;367;2486;2486;6.38;0.39;213.74;3.43;946;6;819.00;0
1541;6;5839451;1541;363;2486;2486;6.40;0.39;213.73;3.43;945;6;820.00;0
1541;6;5839460;1541;356;2490;2490;6.43;0.39;213.73;3.43;949;6;821.00;0
1542;6;5839470;1542;357;2490;2490;6.45;0.39;213.66;3.43;948;6;822.00;0
1544;6;5839479;1544;353;2494;2494;6.38;0.39;213.68;3.42;950;6;823.00;0
1546;6;5839489;1546;352;2494;2494;6.35;0.39;213.54;3.42;948;6;824.00;0
1551;6;5839498;1551;337;2494;2494;6.37;0.39;213.74;3.42;943;6;825.00;0
1555;6;5839513;1555;331;2494;2494;6.36;0.39;213.99;3.42;939;6;826.00;0
1557;6;5839523;1557;320;2494;2494;6.38;0.39;214.20;3.42;937;6;827.00;0
1563;6;5839532;1563;319;2506;2506;6.37;0.39;214.37;3.41;943;6;828.00;0
1564;6;5839543;1564;307;2506;2506;6.44;0.39;214.44;3.41;942;6;829.00;0
1570;6;5839552;1570;298;2506;2506;6.45;0.39;214.87;3.41;936;6;830.00;0
1572;6;5839562;1572;297;2506;2506;6.58;0.40;215.02;3.41;934;6;831.00;0
1576;6;5839572;1576;284;2506;2506;6.63;0.40;215.12;3.41;930;6;832.00;0
1579;6;5839582;1579;277;2506;2506;6.71;0.41;215.48;3.41;927;6;833.00;0
1581;6;5839592;1581;268;2507;2507;6.76;0.41;215.61;3.40;926;6;834.00;0
1585;6;5839603;1585;260;2507;2507;6.83;0.42;215.86;3.40;922;6;835.00;0
1589;6;5839613;1589;258;2513;2513;6.94;0.42;216.45;3.40;924;6;836.00;0
1591;6;5839625;1591;251;2514;2514;7.02;0.43;216.83;3.40;923;6;837.00;0
1594;6;5839635;1594;250;2514;2514;7.09;0.43;217.22;3.40;920;6;838.00;0
1597;6;5839646;1597;248;2514;2514;7.15;0.44;217.67;3.40;917;6;839.00;0
1600;6;5839657;1600;249;2519;2519;7.21;0.44;218.01;3.39;919;6;840.00;0
1605;6;5839669;1605;244;2519;2519;7.29;0.44;218.49;3.39;914;6;841.00;0
1607;6;5839685;1607;242;2519;2519;7.33;0.45;218.55;3.39;912;6;842.00;0
1612;6;5839696;1612;236;2520;2520;7.36;0.45;218.70;3.39;908;6;843.00;0
1615;7;5839706;1615;234;2524;2524;7.41;0.45;219.01;3.39;909;7;844.00;0
1619;7;5839723;1619;237;2524;2524;7.48;0.46;219.37;3.39;905;7;845.00;0
1625;7;5839733;1625;236;2525;2527;7.54;0.46;219.74;3.38;900;7;846.00;2
1629;7;5839746;1629;236;2526;2527;7.57;0.46;219.80;3.38;897;7;847.00;1
1633;7;5839762;1633;232;2526;2527;7.59;0.46;220.10;3.38;893;7;848.00;1
1639;7;5839772;1639;237;2526;2527;7.56;0.46;220.42;3.38;887;7;849.00;1
1644;7;5839784;1644;233;2529;2531;7.55;0.46;220.75;3.38;885;7;850.00;2
1645;7;5839797;1645;227;2529;2531;7.57;0.46;220.97;3.38;884;7;851.00;2
1648;7;5839808;1648;226;2529;2531;7.56;0.46;221.25;3.38;881;7;852.00;2
1653;7;5839819;1653;227;2529;2531;7.53;0.46;221.45;3.38;876;7;853.00;2
1659;7;5839831;1659;230;2530;2532;7.50;0.45;221.48;3.38;871;7;854.00;2
1664;7;5839842;1664;229;2532;2534;7.56;0.46;222.25;3.38;868;7;855.00;2
1665;7;5839854;1665;232;2532;2534;7.62;0.46;222.14;3.38;867;7;856.00;2
1670;7;5839868;1670;229;2532;2535;7.67;0.46;222.59;3.38;862;7;857.00;3
1674;7;5839880;1674;229;2532;2535;7.71;0.47;223.14;3.38;858;7;858.00;3
1677;7;5839896;1677;226;2532;2535;7.78;0.47;223.29;3.38;855;7;859.00;3
1681;7;5839907;1681;227;2532;2535;7.75;0.47;223.98;3.38;851;7;860.00;3
1688;7;5839918;1688;232;2532;2535;7.72;0.47;224.39;3.38;844;7;861.00;3
1691;7;5839929;1691;231;2532;2535;7.76;0.47;224.51;3.38;841;7;862.00;3
1696;7;5839939;1696;231;2532;2535;7.80;0.47;225.21;3.38;836;7;863.00;3
1699;7;5839951;1699;251;2607;2662;7.96;0.49;225.40;3.28;908;7;864.00;55
1701;7;5839971;1701;247;2612;2663;7.96;0.49;225.77;3.28;911;7;865.00;51
1705;7;5839982;1705;240;2619;2663;7.99;0.49;226.26;3.28;914;7;866.00;44
1710;7;5839993;1710;247;2621;2663;7.97;0.49;226.43;3.28;911;7;867.00;42
1714;7;5840004;1714;243;2625;2663;7.90;0.49;226.89;3.29;911;7;868.00;38
1718;7;5840015;1718;250;2625;2663;7.90;0.49;226.94;3.29;907;7;869.00;38
1720;7;5840027;1720;249;2626;2663;7.85;0.48;227.17;3.29;906;7;870.00;37
1722;7;5840038;1722;258;2630;2663;7.78;0.48;227.52;3.30;908;7;871.00;33
1723;7;5840049;1723;257;2631;2664;7.71;0.47;227.71;3.30;908;7;872.00;33
1728;7;5840059;1728;258;2634;2665;7.59;0.47;228.03;3.31;906;7;873.00;31
1730;7;5840072;1730;261;2637;2665;7.50;0.46;228.29;3.31;907;7;874.00;28
1734;7;5840083;1734;264;2638;2666;7.37;0.45;228.55;3.31;904;7;875.00;28
1738;7;5840093;1738;266;2641;2666;7.30;0.45;229.00;3.32;903;7;876.00;25
1738;7;5840105;1738;276;2641;2666;7.29;0.45;229.00;3.32;903;7;877.00;25
1741;7;5840116;1741;274;2643;2666;7.34;0.45;229.24;3.33;902;7;878.00;23
1744;7;5840127;1744;277;2645;2670;7.37;0.45;229.47;3.33;901;7;879.00;25
1746;7;5840139;1746;287;2648;2670;7.37;0.45;229.60;3.34;902;7;880.00;22
1747;7;5840149;1747;281;2650;2670;7.38;0.45;229.56;3.35;903;7;881.00;20
1752;7;5840160;1752;270;2653;2673;7.41;0.45;229.79;3.36;901;7;882.00;20
1755;7;5840176;1755;265;2654;2673;7.50;0.46;229.83;3.36;899;7;883.00;19
1757;7;5840188;1757;264;2656;2673;7.49;0.46;229.59;3.38;899;7;884.00;17
1759;7;5840199;1759;271;2662;2677;7.56;0.46;229.83;3.39;903;7;885.00;15
1762;7;5840210;1762;268;2664;2678;7.63;0.47;229.97;3.40;902;7;886.00;14
1766;7;5840222;1766;270;2665;2678;7.59;0.47;230.53;3.41;899;7;887.00;13
1770;7;5840234;1770;273;2669;2682;7.56;0.46;230.77;3.42;899;7;888.00;13
1773;7;5840245;1773;272;2670;2682;7.64;0.47;230.99;3.42;897;7;889.00;12
1776;7;5840256;1776;274;2672;2682;7.65;0.47;230.96;3.43;896;7;890.00;10
1780;7;5840268;1780;277;2673;2683;7.73;0.47;231.18;3.43;893;7;891.00;10
1782;7;5840278;1782;270;2674;2683;7.78;0.47;231.36;3.44;892;7;892.00;9
1784;7;5840294;1784;265;2681;2689;7.82;0.48;231.41;3.46;897;7;893.00;8
1786;7;5840306;1786;252;2682;2689;7.89;0.48;231.64;3.47;896;7;894.00;7
1786;7;5840317;1786;244;2684;2690;7.95;0.48;231.64;3.47;898;7;895.00;6
1789;7;5840327;1789;244;2684;2690;7.98;0.49;231.94;3.47;895;7;896.00;6
1793;7;5840338;1793;244;2685;2690;8.01;0.49;232.49;3.48;892;7;897.00;5
1799;7;5840349;1799;246;2685;2690;8.03;0.49;232.57;3.48;886;7;898.00;5
1802;7;5840360;1802;245;2687;2690;8.06;0.49;232.88;3.49;885;7;899.00;3
1806;7;5840373;1806;251;2715;2736;8.08;0.49;233.12;3.45;909;7;900.00;21
1809;7;5840392;1809;254;2716;2736;8.17;0.50;233.46;3.46;907;7;901.00;20
1813;7;5840404;1813;260;2720;2736;8.22;0.50;233.71;3.45;907;7;902.00;16
1815;7;5840419;1815;263;2721;2736;8.26;0.50;233.87;3.46;906;7;903.00;15
1818;7;5840431;1818;263;2724;2736;8.25;0.50;234.06;3.46;906;7;904.00;12
1822;7;5840447;1822;265;2725;2736;8.21;0.50;234.03;3.46;903;7;905.00;11
1822;7;5840458;1822;267;2731;2740;8.17;0.50;234.03;3.46;909;7;906.00;9
1824;7;5840468;1824;270;2732;2740;8.10;0.49;233.97;3.46;908;7;907.00;8
1824;7;5840478;1824;275;2737;2744;8.03;0.49;233.97;3.46;913;7;908.00;7
1828;7;5840489;1828;278;2738;2745;7.98;0.48;233.92;3.46;910;7;909.00;7
1831;7;5840501;1831;289;2738;2745;7.88;0.48;233.91;3.46;907;7;910.00;7
1832;7;5840511;1832;297;2738;2745;7.75;0.47;233.89;3.46;906;7;911.00;7
1832;7;5840521;1832;304;2751;2758;7.64;0.46;233.89;3.45;919;7;912.00;7
1833;7;5840532;1833;305;2751;2758;7.53;0.46;233.94;3.45;918;7;913.00;7
1834;7;5840548;1834;312;2752;2758;7.41;0.45;233.87;3.45;918;7;914.00;6
1836;7;5840558;1836;309;2753;2759;7.34;0.45;233.86;3.45;917;7;915.00;6
1838;7;5840569;1838;310;2754;2760;7.26;0.44;233.74;3.45;916;7;916.00;6
1838;7;5840579;1838;313;2755;2760;7.18;0.44;233.74;3.46;917;7;917.00;5
1839;7;5840589;1839;315;2757;2763;7.13;0.43;233.75;3.45;918;7;918.00;6
1842;7;5840599;1842;315;2758;2763;7.04;0.43;233.99;3.46;916;7;919.00;5
1845;7;5840610;1845;313;2759;2763;6.98;0.43;234.09;3.46;914;7;920.00;4
1848;7;5840620;1848;312;2759;2763;6.91;0.42;234.03;3.46;911;7;921.00;4
1849;7;5840631;1849;306;2764;2769;6.96;0.42;234.09;3.45;915;7;922.00;5
1852;7;5840641;1852;308;2765;2769;6.95;0.42;234.10;3.46;913;7;923.00;4
1855;7;5840651;1855;306;2765;2769;6.97;0.42;233.96;3.46;910;7;924.00;4
1857;7;5840661;1857;311;2768;2769;6.96;0.42;233.94;3.48;911;7;925.00;1
1860;7;5840670;1860;315;2773;2773;6.89;0.42;234.22;3.47;913;7;926.00;0
1862;7;5840681;1862;308;2774;2774;6.88;0.42;234.29;3.47;912;7;927.00;0
1866;7;5840691;1866;309;2774;2774;6.78;0.41;234.52;3.47;908;7;928.00;0
1871;7;5840700;1871;311;2775;2775;6.75;0.41;234.44;3.47;904;7;929.00;0
1874;7;5840713;1874;315;2775;2775;6.74;0.41;234.39;3.47;901;7;930.00;0
1876;7;5840722;1876;313;2775;2775;6.75;0.41;234.52;3.47;899;7;931.00;0
1881;7;5840733;1881;308;2775;2775;6.67;0.40;234.30;3.47;894;7;932.00;0
1884;7;5840742;1884;311;2775;2775;6.64;0.40;234.26;3.47;891;7;933.00;0
1887;7;5840752;1887;310;2775;2775;6.62;0.40;234.41;3.47;888;7;934.00;0
1888;7;5840762;1888;309;2775;2775;6.58;0.40;234.39;3.47;887;7;935.00;0
1889;7;5840771;1889;321;2811;2845;6.75;0.41;234.38;3.43;922;7;936.00;34
1890;7;5840785;1890;322;2815;2846;6.74;0.41;234.28;3.42;925;7;937.00;31
1890;7;5840795;1890;324;2823;2846;6.74;0.41;234.28;3.42;933;7;938.00;23
1892;7;5840804;1892;322;2826;2846;6.70;0.41;234.22;3.42;934;7;939.00;20
1892;7;5840813;1892;322;2829;2846;6.73;0.41;234.22;3.42;937;7;940.00;17
1892;7;5840823;1892;328;2833;2846;6.75;0.41;234.22;3.42;941;7;941.00;13
1892;7;5840833;1892;327;2835;2846;6.79;0.41;234.22;3.42;943;7;942.00;11
1892;7;5840843;1892;327;2837;2846;6.83;0.42;234.22;3.43;945;7;943.00;9
1893;7;5840852;1893;328;2839;2847;6.88;0.42;234.24;3.43;946;7;944.00;8
1896;7;5840867;1896;331;2843;2849;6.85;0.42;234.12;3.44;947;7;945.00;6
1897;7;5840878;1897;329;2845;2849;6.86;0.42;234.13;3.44;948;7;946.00;4
1898;7;5840888;1898;323;2849;2853;6.85;0.42;234.23;3.44;951;7;947.00;4
1900;7;5840903;1900;326;2850;2853;6.84;0.42;234.12;3.44;950;7;948.00;3
1900;7;5840913;1900;314;2852;2853;6.83;0.42;234.12;3.44;952;7;949.00;1
1901;7;5840923;1901;308;2852;2853;6.86;0.42;234.01;3.44;951;7;950.00;1
1902;7;5840933;1902;305;2857;2859;6.90;0.42;234.01;3.44;955;7;951.00;2
1902;7;5840944;1902;302;2857;2859;6.92;0.42;234.01;3.44;955;7;952.00;2
1902;7;5840954;1902;305;2857;2859;6.97;0.43;234.01;3.44;955;7;953.00;2
1904;7;5840964;1904;307;2859;2862;6.96;0.42;234.07;3.44;955;7;954.00;3
1909;7;5840975;1909;311;2861;2862;6.89;0.42;233.93;3.44;952;7;955.00;1
1910;7;5840990;1910;315;2862;2862;6.91;0.42;234.08;3.44;952;7;956.00;0
1910;7;5841000;1910;312;2863;2863;6.91;0.42;234.08;3.44;953;7;957.00;0
1910;7;5841011;1910;321;2864;2864;6.93;0.42;234.08;3.44;954;7;958.00;0
1912;7;5841022;1912;322;2864;2864;6.93;0.42;233.95;3.44;952;7;959.00;0
1914;7;5841033;1914;330;2883;2890;6.97;0.43;233.76;3.41;969;7;960.00;7
1917;7;5841045;1917;323;2885;2890;6.97;0.43;233.62;3.41;968;7;961.00;5
1919;7;5841056;1919;322;2889;2890;6.95;0.43;233.84;3.41;970;7;962.00;1
1922;7;5841066;1922;325;2891;2891;7.00;0.43;234.02;3.41;969;7;963.00;0
1924;7;5841076;1924;327;2891;2891;6.99;0.43;234.17;3.41;967;7;964.00;0
1925;7;5841086;1925;333;2895;2895;7.00;0.43;234.32;3.41;970;7;965.00;0
1925;7;5841097;1925;333;2895;2895;7.02;0.43;234.32;3.41;970;7;966.00;0
1926;7;5841112;1926;335;2899;2899;6.99;0.43;234.33;3.40;973;7;967.00;0
1928;7;5841127;1928;335;2899;2899;6.96;0.43;234.31;3.40;971;7;968.00;0
1930;7;5841137;1930;335;2899;2899;6.97;0.43;234.21;3.40;969;7;969.00;0
1933;7;5841147;1933;343;2899;2899;6.89;0.42;234.21;3.40;966;7;970.00;0
1933;7;5841156;1933;342;2899;2899;6.88;0.42;234.21;3.40;966;7;971.00;0
1939;7;5841166;1939;346;2910;2911;6.79;0.42;233.95;3.39;971;7;972.00;1
1940;7;5841177;1940;349;2910;2911;6.70;0.41;233.85;3.39;970;7;973.00;1
1942;7;5841186;1942;347;2911;2911;6.72;0.41;233.99;3.39;969;7;974.00;0
1949;7;5841196;1949;340;2911;2911;6.65;0.41;234.07;3.39;962;7;975.00;0
1951;7;5841206;1951;340;2911;2911;6.57;0.40;234.10;3.39;960;7;976.00;0
1953;7;5841215;1953;333;2911;2911;6.53;0.40;234.13;3.39;958;7;977.00;0
1956;7;5841225;1956;327;2912;2912;6.55;0.40;234.11;3.39;956;7;978.00;0
1959;7;5841245;1959;321;2912;2912;6.51;0.40;234.25;3.39;953;7;979.00;0
1960;7;5841254;1960;322;2918;2918;6.53;0.40;234.35;3.38;958;7;980.00;0
1962;7;5841264;1962;323;2919;2919;6.58;0.40;234.38;3.38;957;7;981.00;0
1965;7;5841273;1965;321;2919;2919;6.51;0.40;234.47;3.38;954;7;982.00;0
1967;7;5841283;1967;326;2919;2919;6.49;0.40;234.39;3.38;952;7;983.00;0
1968;7;5841292;1968;328;2923;2923;6.51;0.40;234.44;3.38;955;7;984.00;0
1969;7;5841301;1969;327;2923;2923;6.53;0.40;234.53;3.38;954;7;985.00;0
1970;7;5841311;1970;326;2923;2923;6.56;0.40;234.49;3.38;953;7;986.00;0
1975;7;5841320;1975;326;2924;2924;6.47;0.39;234.48;3.38;949;7;987.00;0
1978;7;5841330;1978;332;2928;2928;6.40;0.39;234.46;3.37;950;7;988.00;0
1981;7;5841340;1981;333;2928;2928;6.36;0.39;234.48;3.37;947;7;989.00;0
1986;7;5841351;1986;316;2932;2934;6.38;0.39;234.36;3.37;946;7;990.00;2
1988;7;5841361;1988;311;2932;2934;6.33;0.39;234.37;3.37;944;7;991.00;2
1992;7;5841371;1992;299;2934;2934;6.40;0.39;234.30;3.37;942;7;992.00;0
1994;7;5841380;1994;291;2934;2934;6.45;0.39;234.29;3.37;940;7;993.00;0
1997;7;5841390;1997;284;2938;2938;6.55;0.40;234.44;3.37;941;7;994.00;0
2001;7;5841400;2001;282;2938;2938;6.62;0.40;234.47;3.37;937;7;995.00;0
2003;7;5841410;2003;278;2938;2938;6.67;0.40;234.50;3.37;935;7;996.00;0
2007;7;5841420;2007;277;2938;2938;6.69;0.41;234.75;3.37;931;7;997.00;0
2009;7;5841435;2009;264;2939;2939;6.68;0.41;234.69;3.36;930;7;998.00;0
2012;7;5841445;2012;260;2940;2940;6.77;0.41;234.87;3.36;928;7;999.00;0
2016;7;5841456;2016;254;2940;2940;6.83;0.42;234.95;3.36;924;7;1000.00;0
2022;7;5841470;2022;252;2941;2941;6.89;0.42;235.58;3.36;919;7;1001.00;0
2024;7;5841481;2024;253;2941;2941;6.97;0.43;235.80;3.36;917;7;1002.00;0
2027;7;5841492;2027;249;2941;2941;7.05;0.43;236.14;3.36;914;7;1003.00;0
2031;7;5841502;2031;249;2941;2941;7.09;0.43;236.41;3.36;910;7;1004.00;0
2035;7;5841512;2035;247;2941;2941;7.13;0.43;236.60;3.36;906;7;1005.00;0
2039;7;5841522;2039;241;2941;2941;7.16;0.44;236.87;3.36;902;7;1006.00;0
2042;7;5841533;2042;242;2941;2941;7.18;0.44;236.93;3.36;899;7;1007.00;0
2047;7;5841542;2047;246;3014;3068;7.35;0.45;237.03;3.28;967;7;1008.00;54
2050;7;5841563;2050;249;3021;3069;7.34;0.45;237.18;3.28;971;7;1009.00;48
2053;7;5841575;2053;246;3027;3069;7.41;0.46;237.53;3.27;974;7;1010.00;42
2058;7;5841586;2058;251;3031;3069;7.40;0.46;237.69;3.27;973;7;1011.00;38
2060;7;5841597;2060;251;3035;3069;7.41;0.46;237.69;3.28;975;7;1012.00;34
2064;7;5841608;2064;259;3040;3069;7.38;0.46;238.10;3.28;976;7;1013.00;29
2069;7;5841619;2069;257;3040;3069;7.30;0.45;238.26;3.28;971;7;1014.00;29
2073;7;5841630;2073;261;3043;3069;7.23;0.45;238.46;3.28;970;7;1015.00;26
2078;7;5841641;2078;261;3044;3070;7.17;0.44;238.91;3.28;966;7;1016.00;26
2080;7;5841657;2080;264;3045;3071;7.13;0.44;239.12;3.29;965;7;1017.00;26
2084;7;5841668;2084;266;3049;3071;7.08;0.44;239.29;3.29;965;7;1018.00;22
2088;7;5841680;2088;275;3052;3072;7.07;0.43;239.50;3.30;964;7;1019.00;20
2094;7;5841693;2094;287;3054;3072;7.09;0.44;239.96;3.30;960;7;1020.00;18
2098;7;5841705;2098;282;3055;3072;7.10;0.44;240.33;3.31;957;7;1021.00;17
2102;8;5841716;2102;283;3060;3072;7.13;0.44;240.66;3.32;958;8;1022.00;12
2106;8;5841733;2106;289;3063;3076;7.17;0.44;240.98;3.33;957;8;1023.00;13
2111;8;5841746;2111;292;3066;3076;7.16;0.44;241.32;3.34;955;8;1024.00;10
2115;8;5841757;2115;294;3066;3076;7.20;0.44;241.55;3.34;951;8;1025.00;10
2122;8;5841768;2122;302;3068;3079;7.11;0.44;241.91;3.34;946;8;1026.00;11
2124;8;5841787;2124;303;3069;3079;7.12;0.44;241.97;3.35;945;8;1027.00;10
2132;8;5841800;2132;311;3071;3079;7.06;0.43;242.11;3.35;939;8;1028.00;8
2133;8;5841811;2133;309;3075;3083;7.06;0.43;242.14;3.35;942;8;1029.00;8
2136;8;5841822;2136;310;3075;3084;7.08;0.43;242.09;3.35;939;8;1030.00;9
2141;8;5841837;2141;306;3082;3084;7.05;0.43;242.50;3.38;941;8;1031.00;2
2145;8;5841849;2145;310;3084;3088;7.06;0.43;242.65;3.38;939;8;1032.00;4
2146;8;5841860;2146;309;3084;3088;7.11;0.43;242.75;3.38;938;8;1033.00;4
2150;8;5841871;2150;308;3085;3088;7.14;0.44;242.96;3.38;935;8;1034.00;3
2153;8;5841882;2153;314;3087;3090;7.15;0.44;243.14;3.38;934;8;1035.00;3
2158;8;5841894;2158;322;3088;3090;7.09;0.43;243.66;3.38;930;8;1036.00;2
2160;8;5841904;2160;313;3093;3096;7.11;0.43;243.62;3.37;933;8;1037.00;3
2166;8;5841916;2166;306;3094;3096;7.05;0.43;243.79;3.37;928;8;1038.00;2
2171;8;5841928;2171;303;3096;3097;7.01;0.43;243.82;3.37;925;8;1039.00;1
2172;8;5841939;2172;306;3096;3097;7.05;0.43;244.00;3.37;924;8;1040.00;1
2174;8;5841950;2174;302;3096;3097;7.06;0.43;244.14;3.37;922;8;1041.00;1
2178;8;5841961;2178;307;3096;3097;7.08;0.43;244.35;3.37;918;8;1042.00;1
2181;8;5841972;2181;309;3097;3097;7.09;0.43;244.62;3.38;916;8;1043.00;0
2184;8;5841982;2184;313;3106;3109;7.19;0.44;244.76;3.37;922;8;1044.00;3
2188;8;5841995;2188;318;3109;3109;7.24;0.44;245.05;3.37;921;8;1045.00;0
2190;8;5842010;2190;306;3109;3109;7.32;0.45;245.00;3.37;919;8;1046.00;0
2192;8;5842021;2192;301;3109;3109;7.32;0.45;245.31;3.37;917;8;1047.00;0
2196;8;5842037;2196;297;3109;3109;7.35;0.45;245.55;3.37;913;8;1048.00;0
2196;8;5842048;2196;299;3109;3109;7.38;0.45;245.55;3.37;913;8;1049.00;0
2199;8;5842060;2199;301;3115;3115;7.35;0.45;245.79;3.36;916;8;1050.00;0
2200;8;5842071;2200;298;3115;3115;7.37;0.45;245.83;3.36;915;8;1051.00;0
2203;8;5842083;2203;296;3119;3119;7.38;0.45;246.13;3.36;916;8;1052.00;0
2206;8;5842094;2206;299;3120;3120;7.36;0.45;246.21;3.36;914;8;1053.00;0
2209;8;5842106;2209;296;3120;3120;7.34;0.45;246.39;3.36;911;8;1054.00;0
2210;8;5842117;2210;298;3120;3120;7.31;0.45;246.59;3.36;910;8;1055.00;0
2215;8;5842127;2215;304;3133;3133;7.31;0.45;246.68;3.34;918;8;1056.00;0
2216;8;5842140;2216;298;3133;3133;7.27;0.44;246.67;3.34;917;8;1057.00;0
2221;8;5842151;2221;295;3133;3133;7.30;0.44;246.82;3.34;912;8;1058.00;0
2222;8;5842162;2222;298;3134;3134;7.34;0.45;246.77;3.34;912;8;1059.00;0
2225;8;5842172;2225;287;3135;3135;7.41;0.45;246.83;3.34;910;8;1060.00;0
2228;8;5842183;2228;285;3135;3135;7.45;0.45;246.93;3.34;907;8;1061.00;0
2230;8;5842193;2230;282;3137;3138;7.46;0.45;246.99;3.34;907;8;1062.00;1
2233;8;5842205;2233;280;3137;3138;7.44;0.45;247.11;3.34;904;8;1063.00;1
2237;8;5842215;2237;288;3138;3138;7.38;0.45;247.22;3.34;901;8;1064.00;0
2241;8;5842225;2241;298;3138;3138;7.25;0.44;247.36;3.34;897;8;1065.00;0
2242;8;5842236;2242;295;3144;3144;7.22;0.44;247.40;3.33;902;8;1066.00;0
2246;8;5842246;2246;297;3144;3144;7.17;0.43;247.26;3.33;898;8;1067.00;0
2248;8;5842257;2248;307;3144;3144;7.14;0.43;247.12;3.33;896;8;1068.00;0
2250;8;5842267;2250;311;3144;3144;7.10;0.43;246.98;3.33;894;8;1069.00;0
2251;8;5842277;2251;315;3148;3148;7.09;0.43;246.88;3.33;897;8;1070.00;0
2253;8;5842287;2253;320;3149;3149;7.04;0.43;246.93;3.33;896;8;1071.00;0
2254;8;5842297;2254;325;3149;3149;6.98;0.42;246.92;3.33;895;8;1072.00;0
2258;8;5842306;2258;329;3150;3150;6.96;0.42;246.86;3.33;892;8;1073.00;0
2259;8;5842317;2259;328;3150;3150;6.92;0.42;246.78;3.33;891;8;1074.00;0
2261;8;5842332;2261;331;3150;3150;6.88;0.42;246.81;3.33;889;8;1075.00;0
2264;8;5842342;2264;329;3150;3150;6.83;0.42;246.86;3.33;886;8;1076.00;0
2264;8;5842353;2264;337;3150;3150;6.83;0.42;246.86;3.33;886;8;1077.00;0
2268;8;5842362;2268;342;3150;3150;6.80;0.41;247.01;3.33;882;8;1078.00;0
2269;8;5842371;2269;344;3150;3150;6.78;0.41;246.94;3.33;881;8;1079.00;0
2273;8;5842382;2273;365;3220;3275;6.80;0.42;246.92;3.26;947;8;1080.00;55
2275;8;5842402;2275;354;3222;3276;6.83;0.42;247.00;3.25;947;8;1081.00;54
2275;8;5842413;2275;342;3233;3276;6.92;0.43;247.00;3.25;958;8;1082.00;43
2276;8;5842422;2276;336;3235;3276;6.92;0.43;247.04;3.25;959;8;1083.00;41
2277;8;5842432;2277;331;3239;3276;6.92;0.42;247.06;3.25;962;8;1084.00;37
2277;8;5842442;2277;322;3241;3276;6.82;0.42;247.06;3.25;964;8;1085.00;35
2280;8;5842451;2280;326;3247;3276;6.82;0.42;247.31;3.26;967;8;1086.00;29
2284;8;5842461;2284;327;3248;3276;6.76;0.41;247.36;3.26;964;8;1087.00;28
2284;8;5842471;2284;325;3255;3277;6.78;0.41;247.36;3.27;971;8;1088.00;22
2287;8;5842482;2287;323;3261;3278;6.83;0.42;247.60;3.28;974;8;1089.00;17
2290;8;5842493;2290;321;3264;3278;6.84;0.42;247.82;3.29;974;8;1090.00;14
2290;8;5842503;2290;315;3270;3282;6.86;0.42;247.82;3.28;980;8;1091.00;12
2293;8;5842514;2293;316;3273;3282;6.81;0.42;248.06;3.29;980;8;1092.00;9
2295;8;5842523;2295;318;3275;3282;6.77;0.41;247.95;3.30;980;8;1093.00;7
2297;8;5842533;2297;317;3276;3282;6.69;0.41;248.10;3.30;979;8;1094.00;6
2299;8;5842544;2299;316;3281;3288;6.63;0.40;248.26;3.30;982;8;1095.00;7
2303;8;5842555;2303;307;3282;3288;6.57;0.40;248.08;3.30;979;8;1096.00;6
2306;8;5842566;2306;299;3282;3288;6.54;0.40;248.04;3.30;976;8;1097.00;6
2306;8;5842576;2306;297;3286;3291;6.53;0.40;248.04;3.31;980;8;1098.00;5
2310;8;5842586;2310;295;3286;3291;6.53;0.40;248.10;3.31;976;8;1099.00;5
2310;8;5842598;2310;293;3286;3291;6.52;0.40;248.10;3.31;976;8;1100.00;5
2311;8;5842613;2311;294;3287;3292;6.54;0.40;248.19;3.31;976;8;1101.00;5
2312;8;5842623;2312;281;3289;3293;6.61;0.40;248.18;3.31;977;8;1102.00;4
2313;8;5842640;2313;283;3289;3293;6.65;0.40;248.09;3.31;976;8;1103.00;4
2315;8;5842650;2315;278;3299;3306;6.72;0.41;248.06;3.30;984;8;1104.00;7
2316;8;5842662;2316;274;3299;3306;6.77;0.41;247.96;3.30;983;8;1105.00;7
2319;8;5842672;2319;280;3301;3306;6.79;0.41;247.84;3.31;982;8;1106.00;5
2323;8;5842684;2323;284;3302;3307;6.83;0.41;247.61;3.31;979;8;1107.00;5
2323;8;5842694;2323;284;3302;3307;6.93;0.42;247.61;3.31;979;8;1108.00;5
2324;8;5842706;2324;281;3306;3311;7.04;0.43;247.72;3.32;982;8;1109.00;5
2324;8;5842719;2324;275;3307;3311;7.17;0.44;247.72;3.32;983;8;1110.00;4
2325;8;5842735;2325;271;3312;3315;7.25;0.44;247.77;3.32;987;8;1111.00;3
2325;8;5842746;2325;270;3312;3315;7.39;0.45;247.77;3.32;987;8;1112.00;3
2325;8;5842757;2325;264;3312;3315;7.47;0.46;247.77;3.32;987;8;1113.00;3
2327;8;5842767;2327;262;3312;3315;7.50;0.46;247.73;3.32;985;8;1114.00;3
2329;8;5842780;2329;261;3312;3315;7.52;0.46;247.78;3.32;983;8;1115.00;3
2330;8;5842792;2330;258;3322;3327;7.56;0.46;247.77;3.31;992;8;1116.00;5
2332;8;5842804;2332;258;3322;3327;7.58;0.46;247.77;3.31;990;8;1117.00;5
2336;8;5842814;2336;262;3323;3327;7.55;0.46;247.81;3.31;987;8;1118.00;4
2339;8;5842825;2339;264;3323;3327;7.57;0.46;247.81;3.31;984;8;1119.00;4
2340;8;5842836;2340;265;3323;3327;7.53;0.46;247.72;3.31;983;8;1120.00;4
2341;8;5842847;2341;265;3324;3327;7.48;0.45;247.66;3.31;983;8;1121.00;3
2342;8;5842857;2342;269;3324;3328;7.44;0.45;247.91;3.31;982;8;1122.00;4
2343;8;5842869;2343;271;3325;3328;7.44;0.45;248.06;3.32;982;8;1123.00;3
2346;8;5842879;2346;271;3332;3334;7.51;0.46;248.26;3.31;986;8;1124.00;2
2350;8;5842890;2350;276;3334;3336;7.52;0.46;248.43;3.31;984;8;1125.00;2
2353;8;5842902;2353;278;3335;3336;7.46;0.45;248.44;3.31;982;8;1126.00;1
2356;8;5842913;2356;279;3336;3336;7.42;0.45;248.79;3.32;980;8;1127.00;0
2359;8;5842924;2359;278;3340;3340;7.40;0.45;248.86;3.31;981;8;1128.00;0
2361;8;5842935;2361;283;3340;3340;7.30;0.44;248.80;3.31;979;8;1129.00;0
2363;8;5842945;2363;283;3340;3340;7.26;0.44;248.76;3.31;977;8;1130.00;0
2366;8;5842956;2366;290;3341;3341;7.25;0.44;248.91;3.31;975;8;1131.00;0
2368;8;5842966;2368;293;3345;3345;7.19;0.44;249.06;3.31;977;8;1132.00;0
2371;8;5842976;2371;298;3345;3345;7.15;0.44;248.99;3.31;974;9;1133.00;0
2373;8;5842994;2373;303;3347;3348;7.12;0.44;249.19;3.31;974;9;1134.00;1
2374;9;5843005;2374;302;3347;3348;7.02;0.43;249.19;3.31;973;10;1135.00;1
2379;9;5843026;2379;303;3348;3348;6.97;0.43;249.40;3.31;969;10;1136.00;0
2380;9;5843036;2380;301;3348;3348;6.93;0.43;249.43;3.31;968;10;1137.00;0
2384;9;5843052;2384;304;3352;3352;6.94;0.43;249.80;3.30;968;11;1138.00;0
2385;9;5843075;2385;297;3352;3352;6.90;0.42;249.79;3.30;967;11;1139.00;0
2388;9;5843087;2388;290;3352;3352;6.90;0.42;249.98;3.30;964;11;1140.00;0
2390;9;5843098;2390;282;3352;3352;6.90;0.42;249.99;3.30;962;11;1141.00;0
2392;9;5843108;2392;278;3353;3353;6.87;0.42;249.93;3.30;961;11;1142.00;0
2393;9;5843118;2393;272;3354;3354;6.92;0.43;249.99;3.30;961;11;1143.00;0
2396;9;5843128;2396;270;3354;3354;6.94;0.43;250.08;3.30;958;11;1144.00;0
2400;9;5843138;2400;269;3355;3355;6.90;0.42;250.04;3.30;955;11;1145.00;0
2401;9;5843148;2401;268;3355;3355;6.88;0.42;250.05;3.30;954;11;1146.00;0
2403;9;5843158;2403;272;3355;3355;6.84;0.42;250.32;3.30;952;11;1147.00;0
2405;9;5843168;2405;274;3355;3355;6.87;0.42;250.38;3.30;950;11;1148.00;0
2409;9;5843181;2409;267;3355;3355;6.91;0.42;250.48;3.30;946;11;1149.00;0
2413;9;5843191;2413;267;3355;3355;6.90;0.42;250.46;3.30;942;11;1150.00;0
2416;9;5843201;2416;269;3355;3355;6.90;0.42;250.55;3.30;939;11;1151.00;0
2420;9;5843211;2420;298;3433;3482;7.07;0.44;250.83;3.23;1013;11;1152.00;49
2421;9;5843231;2421;287;3435;3483;7.07;0.44;250.91;3.23;1014;11;1153.00;48
2426;9;5843240;2426;285;3442;3483;7.05;0.44;251.27;3.22;1016;11;1154.00;41
2429;9;5843251;2429;271;3448;3483;7.07;0.44;251.52;3.22;1019;11;1155.00;35
2433;9;5843262;2433;258;3453;3483;7.08;0.44;251.49;3.22;1020;11;1156.00;30
2441;9;5843272;2441;250;3455;3483;6.96;0.43;251.52;3.22;1014;11;1157.00;28
2445;9;5843284;2445;253;3457;3483;6.84;0.42;251.64;3.23;1012;11;1158.00;26
2449;9;5843294;2449;256;3459;3483;6.79;0.42;251.66;3.23;1010;11;1159.00;24
2454;9;5843305;2454;260;3461;3484;6.72;0.41;251.61;3.23;1007;11;1160.00;23
2459;9;5843316;2459;273;3464;3485;6.62;0.41;251.94;3.24;1005;11;1161.00;21
2462;9;5843327;2462;271;3465;3485;6.63;0.41;252.00;3.24;1003;11;1162.00;20
2465;9;5843342;2465;269;3468;3486;6.62;0.41;252.21;3.24;1003;11;1163.00;18
2468;9;5843353;2468;274;3470;3486;6.58;0.40;252.51;3.25;1002;11;1164.00;16
2471;9;5843364;2471;276;3472;3486;6.59;0.41;252.62;3.25;1001;11;1165.00;14
2474;9;5843374;2474;283;3474;3486;6.62;0.41;252.74;3.26;1000;11;1166.00;12
2477;9;5843385;2477;288;3479;3490;6.60;0.41;252.87;3.26;1002;11;1167.00;11
2480;9;5843396;2480;292;3480;3490;6.63;0.41;252.99;3.27;1000;11;1168.00;10
2484;9;5843407;2484;295;3482;3490;6.66;0.41;253.11;3.27;998;11;1169.00;8
2487;9;5843420;2487;299;3486;3496;6.73;0.41;253.44;3.28;999;11;1170.00;10
2488;9;5843432;2488;299;3488;3496;6.80;0.42;253.38;3.28;1000;11;1171.00;8
2493;9;5843442;2493;302;3490;3496;6.83;0.42;253.72;3.28;997;11;1172.00;6
2496;9;5843453;2496;300;3495;3500;6.82;0.42;253.84;3.29;999;11;1173.00;5
2500;9;5843465;2500;303;3496;3501;6.80;0.42;253.93;3.29;996;11;1174.00;5
2505;9;5843475;2505;312;3498;3501;6.81;0.42;254.28;3.29;993;11;1175.00;3
2506;9;5843487;2506;309;3501;3505;6.81;0.42;254.41;3.29;995;11;1176.00;4
2512;9;5843498;2512;305;3504;3505;6.83;0.42;254.58;3.30;992;11;1177.00;1
2515;9;5843510;2515;309;3504;3505;6.87;0.42;254.84;3.30;989;11;1178.00;1
2521;9;5843521;2521;307;3506;3506;6.90;0.42;255.07;3.30;985;11;1179.00;0
2527;9;5843532;2527;304;3506;3506;6.87;0.42;255.26;3.30;979;11;1180.00;0
2530;9;5843544;2530;302;3512;3512;6.91;0.42;255.36;3.29;982;11;1181.00;0
2535;9;5843556;2535;308;3512;3512;6.86;0.42;255.62;3.29;977;11;1182.00;0
2541;9;5843566;2541;307;3513;3513;6.79;0.42;255.93;3.29;972;11;1183.00;0
2546;9;5843577;2546;312;3513;3513;6.75;0.41;256.16;3.29;967;11;1184.00;0
2551;9;5843587;2551;312;3513;3513;6.71;0.41;256.11;3.29;962;11;1185.00;0
2558;9;5843598;2558;316;3513;3513;6.70;0.41;256.53;3.29;955;11;1186.00;0
2562;9;5843609;2562;315;3513;3513;6.67;0.41;256.80;3.29;951;11;1187.00;0
2568;9;5843620;2568;321;3523;3525;6.71;0.41;257.17;3.28;955;11;1188.00;2
2572;9;5843632;2572;320;3523;3525;6.68;0.41;257.41;3.28;951;11;1189.00;2
2575;9;5843643;2575;319;3525;3525;6.68;0.41;257.50;3.28;950;11;1190.00;0
2581;9;5843654;2581;326;3525;3525;6.57;0.40;257.67;3.28;944;11;1191.00;0
2584;9;5843664;2584;324;3525;3525;6.55;0.40;257.75;3.28;941;11;1192.00;0
2589;9;5843674;2589;331;3525;3525;6.49;0.40;257.97;3.28;936;11;1193.00;0
2592;9;5843685;2592;336;3529;3529;6.50;0.40;258.28;3.28;937;11;1194.00;0
2597;9;5843695;2597;345;3529;3529;6.40;0.40;258.49;3.28;932;11;1195.00;0
2601;9;5843705;2601;349;3533;3533;6.36;0.39;258.77;3.28;932;11;1196.00;0
2604;9;5843716;2604;352;3534;3534;6.29;0.39;258.90;3.28;930;11;1197.00;0
2608;9;5843725;2608;358;3534;3534;6.20;0.38;258.89;3.28;926;11;1198.00;0
2609;9;5843735;2609;373;3534;3534;6.11;0.38;259.02;3.28;925;11;1199.00;0
2611;9;5843747;2611;390;3562;3575;6.17;0.38;259.14;3.25;951;11;1200.00;13
2615;9;5843766;2615;396;3563;3575;6.06;0.37;259.34;3.25;948;11;1201.00;12
2618;9;5843776;2618;393;3565;3575;6.07;0.37;259.45;3.25;947;11;1202.00;10
2621;9;5843788;2621;398;3567;3576;6.10;0.38;259.59;3.25;946;11;1203.00;9
2625;9;5843799;2625;388;3568;3577;6.13;0.38;259.74;3.25;943;11;1204.00;9
2628;9;5843809;2628;393;3568;3577;6.20;0.38;259.89;3.25;940;11;1205.00;9
2634;9;5843820;2634;396;3572;3580;6.20;0.38;260.09;3.25;938;11;1206.00;8
2636;9;5843831;2636;395;3573;3580;6.21;0.38;260.12;3.25;937;11;1207.00;7
2636;9;5843841;2636;391;3574;3580;6.26;0.38;260.12;3.25;938;11;1208.00;6
2640;9;5843852;2640;390;3575;3580;6.23;0.38;259.97;3.25;935;11;1209.00;5
2642;9;5843862;2642;397;3581;3586;6.20;0.38;260.01;3.25;939;11;1210.00;5
2643;9;5843873;2643;388;3581;3586;6.17;0.38;260.06;3.25;938;11;1211.00;5
2647;9;5843884;2647;387;3582;3586;6.17;0.38;260.14;3.25;935;11;1212.00;4
2648;9;5843895;2648;376;3582;3586;6.22;0.38;260.15;3.25;934;11;1213.00;4
2651;9;5843906;2651;379;3586;3590;6.25;0.38;260.22;3.25;935;11;1214.00;4
2657;9;5843918;2657;375;3589;3592;6.26;0.38;260.06;3.25;932;11;1215.00;3
2659;9;5843929;2659;377;3589;3592;6.31;0.39;260.12;3.25;930;11;1216.00;3
2661;9;5843941;2661;378;3590;3593;6.39;0.39;260.20;3.25;929;11;1217.00;3
2662;9;5843953;2662;375;3590;3593;6.42;0.39;260.16;3.25;928;11;1218.00;3
2662;9;5843963;2662;379;3590;3593;6.45;0.39;260.16;3.25;928;11;1219.00;3
2667;9;5843973;2667;381;3590;3593;6.45;0.39;260.18;3.25;923;11;1220.00;3
2667;9;5843984;2667;386;3591;3593;6.42;0.39;260.18;3.25;924;11;1221.00;2
2671;9;5843994;2671;378;3591;3593;6.40;0.39;260.02;3.25;920;11;1222.00;2
2672;9;5844004;2672;380;3591;3593;6.39;0.39;259.98;3.25;919;11;1223.00;2
2673;9;5844014;2673;394;3634;3663;6.43;0.39;259.89;3.21;961;11;1224.00;29
2674;9;5844031;2674;387;3635;3664;6.46;0.40;259.93;3.21;961;11;1225.00;29
2681;9;5844041;2681;391;3643;3664;6.47;0.40;260.05;3.22;962;11;1226.00;21
2683;9;5844052;2683;392;3646;3664;6.48;0.40;260.00;3.22;963;11;1227.00;18
2688;9;5844063;2688;396;3649;3666;6.42;0.39;260.11;3.22;961;11;1228.00;17
2689;9;5844073;2689;388;3651;3666;6.41;0.39;260.13;3.22;962;11;1229.00;15
2690;9;5844085;2690;391;3654;3666;6.35;0.39;260.05;3.22;964;11;1230.00;12
2692;9;5844095;2692;399;3659;3666;6.32;0.39;260.04;3.23;967;11;1231.00;7
2695;9;5844106;2695;403;3662;3667;6.27;0.38;259.90;3.24;967;11;1232.00;5
2697;9;5844116;2697;410;3663;3668;6.25;0.38;259.85;3.24;966;11;1233.00;5
2698;9;5844126;2698;413;3664;3668;6.26;0.38;259.99;3.24;966;11;1234.00;4
2700;9;5844137;2700;417;3669;3672;6.24;0.38;259.89;3.24;969;11;1235.00;3
2701;9;5844148;2701;421;3670;3672;6.17;0.38;259.85;3.24;969;11;1236.00;2
2702;9;5844158;2702;420;3671;3672;6.10;0.37;259.89;3.24;969;11;1237.00;1
2704;9;5844168;2704;418;3671;3672;6.03;0.37;259.88;3.24;967;11;1238.00;1
2705;9;5844178;2705;417;3676;3678;6.00;0.37;260.01;3.24;971;11;1239.00;2
2706;9;5844188;2706;420;3676;3678;5.93;0.36;259.99;3.24;970;11;1240.00;2
2708;9;5844198;2708;423;3676;3678;5.83;0.35;260.07;3.24;968;11;1241.00;2
2710;9;5844208;2710;421;3678;3681;5.79;0.35;260.01;3.23;968;11;1242.00;3
2710;9;5844219;2710;416;3678;3681;5.80;0.35;260.01;3.23;968;11;1243.00;3
2710;9;5844228;2710;407;3679;3681;5.81;0.35;260.01;3.23;969;11;1244.00;2
2711;9;5844239;2711;397;3680;3682;5.83;0.35;260.02;3.23;969;11;1245.00;2
2713;9;5844250;2713;378;3681;3683;5.91;0.36;260.10;3.23;968;11;1246.00;2
2715;9;5844260;2715;373;3681;3683;5.92;0.36;260.09;3.23;966;11;1247.00;2
2715;9;5844276;2715;363;3692;3696;5.98;0.36;260.09;3.22;977;11;1248.00;4
2719;9;5844286;2719;352;3692;3696;6.03;0.37;260.08;3.22;973;11;1249.00;4
2722;9;5844297;2722;346;3692;3696;6.07;0.37;260.12;3.22;970;11;1250.00;4
2724;9;5844307;2724;340;3693;3697;6.18;0.37;260.27;3.22;969;11;1251.00;4
2727;9;5844317;2727;325;3695;3697;6.18;0.37;260.27;3.23;968;11;1252.00;2
2728;9;5844333;2728;316;3698;3701;6.31;0.38;260.34;3.23;970;11;1253.00;3
2730;9;5844344;2730;314;3698;3701;6.41;0.39;260.42;3.23;968;11;1254.00;3
2733;9;5844354;2733;307;3701;3705;6.47;0.39;260.56;3.23;968;11;1255.00;4
2733;9;5844370;2733;300;3701;3705;6.61;0.40;260.56;3.23;968;11;1256.00;4
2735;9;5844386;2735;298;3701;3705;6.69;0.40;260.68;3.23;966;11;1257.00;4
2739;9;5844396;2739;289;3701;3705;6.74;0.41;260.57;3.23;962;11;1258.00;4
2741;9;5844406;2741;286;3702;3705;6.80;0.41;260.66;3.23;961;11;1259.00;3
2743;9;5844418;2743;280;3725;3739;6.94;0.42;260.60;3.21;982;11;1260.00;14
2745;9;5844430;2745;272;3725;3739;7.03;0.43;260.63;3.21;980;11;1261.00;14
2748;9;5844440;2748;270;3728;3739;7.11;0.43;260.67;3.21;980;11;1262.00;11
2752;9;5844451;2752;264;3729;3739;7.15;0.43;260.76;3.21;977;11;1263.00;10
2754;9;5844461;2754;261;3731;3739;7.23;0.44;260.72;3.22;977;11;1264.00;8
2755;9;5844472;2755;257;3731;3739;7.31;0.44;260.69;3.22;976;11;1265.00;8
2756;9;5844483;2756;257;3732;3740;7.36;0.45;260.72;3.22;976;11;1266.00;8
2758;9;5844493;2758;249;3733;3740;7.39;0.45;260.69;3.22;975;11;1267.00;7
2762;9;5844503;2762;251;3738;3746;7.49;0.45;260.88;3.22;976;11;1268.00;8
2764;9;5844515;2764;254;3738;3747;7.48;0.45;260.88;3.22;974;11;1269.00;9
2768;9;5844530;2768;251;3741;3747;7.42;0.45;260.97;3.22;973;11;1270.00;6
2769;9;5844541;2769;243;3741;3747;7.41;0.45;260.92;3.22;972;11;1271.00;6
2772;9;5844552;2772;245;3746;3751;7.44;0.45;261.24;3.22;974;11;1272.00;5
2778;9;5844563;2778;240;3746;3751;7.40;0.45;261.57;3.22;968;11;1273.00;5
2778;9;5844573;2778;246;3746;3751;7.43;0.45;261.57;3.22;968;11;1274.00;5
2781;9;5844583;2781;236;3747;3752;7.44;0.45;261.87;3.22;966;11;1275.00;5
2784;9;5844594;2784;240;3750;3756;7.43;0.45;262.14;3.22;966;11;1276.00;6
2786;9;5844605;2786;235;3750;3756;7.42;0.45;262.37;3.22;964;11;1277.00;6
2786;9;5844644;2786;238;3752;3759;7.50;0.45;262.37;3.22;966;11;1278.00;7
2789;9;5844661;2789;234;3753;3759;7.53;0.46;262.72;3.22;964;11;1279.00;6
2791;9;5844674;2791;232;3753;3759;7.60;0.46;262.78;3.22;962;11;1280.00;6
2794;9;5844690;2794;232;3754;3759;7.63;0.46;262.98;3.22;960;11;1281.00;5
2796;9;5844701;2796;235;3758;3763;7.73;0.47;262.99;3.22;962;11;1282.00;5
2797;9;5844712;2797;235;3759;3763;7.79;0.47;263.12;3.22;962;11;1283.00;4
2797;9;5844724;2797;235;3759;3763;7.87;0.48;263.12;3.22;962;11;1284.00;4
2798;9;5844740;2798;238;3760;3763;7.99;0.49;263.13;3.23;962;11;1285.00;3
2799;9;5844751;2799;242;3761;3764;8.05;0.49;263.28;3.23;962;11;1286.00;3
2803;9;5844762;2803;242;3762;3765;8.10;0.49;263.30;3.23;959;11;1287.00;3
2807;9;5844773;2807;241;3762;3765;8.07;0.49;263.56;3.23;955;11;1288.00;3
2809;9;5844785;2809;246;3764;3766;8.06;0.49;263.58;3.24;955;11;1289.00;2
2810;9;5844799;2810;242;3764;3766;8.02;0.49;263.56;3.24;954;11;1290.00;2
2812;9;5844810;2812;239;3765;3766;7.99;0.49;263.54;3.24;953;11;1291.00;1
2815;9;5844821;2815;242;3766;3766;7.95;0.48;263.55;3.24;951;11;1292.00;0
2818;9;5844832;2818;243;3766;3766;7.84;0.48;263.73;3.24;948;11;1293.00;0
2818;9;5844842;2818;251;3766;3766;7.77;0.47;263.73;3.24;948;11;1294.00;0
2820;9;5844852;2820;253;3766;3766;7.67;0.47;263.70;3.24;946;11;1295.00;0
2824;9;5844863;2824;272;3841;3893;7.72;0.48;263.73;3.18;1017;11;1296.00;52
2829;9;5844884;2829;278;3846;3894;7.67;0.47;263.78;3.17;1017;11;1297.00;48
2830;9;5844896;2830;272;3854;3894;7.69;0.47;263.73;3.17;1024;11;1298.00;40
2832;9;5844907;2832;269;3858;3894;7.66;0.47;263.74;3.17;1026;11;1299.00;36
2834;9;5844919;2834;264;3863;3894;7.67;0.47;263.77;3.17;1029;11;1300.00;31
2835;9;5844934;2835;265;3865;3894;7.60;0.47;263.70;3.17;1030;11;1301.00;29
2838;9;5844946;2838;262;3866;3894;7.51;0.46;263.87;3.17;1028;11;1302.00;28
2840;9;5844956;2840;268;3869;3894;7.44;0.46;263.95;3.18;1029;11;1303.00;25
2843;9;5844968;2843;264;3870;3895;7.36;0.45;264.11;3.18;1027;11;1304.00;25
2843;9;5844979;2843;259;3876;3897;7.33;0.45;264.11;3.19;1033;11;1305.00;21
2847;9;5844990;2847;259;3879;3897;7.27;0.45;264.02;3.19;1032;11;1306.00;18
2849;9;5845001;2849;258;3882;3898;7.20;0.44;264.12;3.19;1033;11;1307.00;16
2852;9;5845012;2852;267;3885;3898;7.09;0.44;264.24;3.20;1033;11;1308.00;13
2853;9;5845023;2853;268;3888;3898;7.06;0.43;264.27;3.21;1035;11;1309.00;10
2856;9;5845034;2856;270;3889;3898;7.03;0.43;264.30;3.21;1033;11;1310.00;9
2860;9;5845044;2860;275;3894;3902;7.03;0.43;264.21;3.22;1034;11;1311.00;8
2863;9;5845056;2863;282;3896;3902;6.93;0.43;264.31;3.22;1033;11;1312.00;6
2865;9;5845067;2865;275;3898;3902;6.91;0.42;264.36;3.22;1033;11;1313.00;4
2868;9;5845078;2868;282;3900;3905;6.90;0.42;264.34;3.23;1032;11;1314.00;5
2869;9;5845090;2869;287;3900;3905;6.85;0.42;264.39;3.23;1031;11;1315.00;5
2870;9;5845100;2870;292;3901;3905;6.75;0.41;264.43;3.23;1031;11;1316.00;4
2875;9;5845111;2875;298;3906;3909;6.61;0.41;264.45;3.23;1031;11;1317.00;3
2878;9;5845121;2878;298;3908;3910;6.48;0.40;264.43;3.24;1030;11;1318.00;2
2880;9;5845132;2880;305;3909;3910;6.36;0.39;264.48;3.24;1029;11;1319.00;1
2884;9;5845145;2884;289;3913;3915;6.32;0.39;264.40;3.23;1029;11;1320.00;2
2888;9;5845156;2888;288;3913;3915;6.21;0.38;264.37;3.23;1025;11;1321.00;2
2890;9;5845167;2890;281;3915;3915;6.18;0.38;264.34;3.23;1025;11;1322.00;0
2891;9;5845178;2891;279;3916;3916;6.15;0.38;264.33;3.23;1025;11;1323.00;0
2897;9;5845188;2897;284;3916;3916;6.13;0.38;264.13;3.23;1019;11;1324.00;0
2900;9;5845199;2900;282;3922;3922;6.12;0.38;264.14;3.23;1022;11;1325.00;0
2901;9;5845210;2901;285;3922;3922;6.13;0.38;264.11;3.23;1021;11;1326.00;0
2908;9;5845221;2908;286;3923;3923;6.11;0.38;264.30;3.23;1015;11;1327.00;0
2913;9;5845232;2913;287;3923;3923;6.11;0.38;264.28;3.23;1010;11;1328.00;0
2921;9;5845243;2921;285;3923;3923;6.10;0.37;264.35;3.23;1002;11;1329.00;0
2926;9;5845260;2926;293;3923;3923;6.10;0.37;264.49;3.23;997;11;1330.00;0
2930;9;5845271;2930;294;3923;3923;6.11;0.37;264.82;3.23;993;11;1331.00;0
2933;9;5845282;2933;292;3935;3935;6.22;0.38;264.75;3.22;1002;11;1332.00;0
2937;9;5845293;2937;297;3935;3935;6.24;0.38;264.76;3.22;998;11;1333.00;0
2941;9;5845304;2941;295;3935;3935;6.25;0.38;264.94;3.22;994;11;1334.00;0
2944;9;5845315;2944;300;3935;3935;6.22;0.38;265.23;3.22;991;11;1335.00;0
2946;9;5845325;2946;305;3935;3935;6.21;0.38;265.41;3.22;989;11;1336.00;0
2952;9;5845335;2952;318;3935;3935;6.20;0.38;265.78;3.22;983;11;1337.00;0
2954;9;5845346;2954;322;3939;3939;6.24;0.38;265.79;3.22;985;11;1338.00;0
2959;9;5845357;2959;329;3939;3939;6.27;0.38;266.12;3.22;980;11;1339.00;0
2961;9;5845368;2961;331;3943;3943;6.38;0.39;266.07;3.21;982;11;1340.00;0
2967;9;5845379;2967;340;3944;3944;6.36;0.39;266.38;3.21;977;11;1341.00;0
2968;9;5845391;2968;346;3944;3944;6.44;0.39;266.39;3.21;976;11;1342.00;0
2975;9;5845402;2975;353;3944;3944;6.38;0.39;266.78;3.21;969;11;1343.00;0
2978;9;5845412;2978;359;3957;3957;6.41;0.39;266.85;3.20;979;11;1344.00;0
2981;9;5845424;2981;371;3957;3957;6.39;0.39;267.08;3.20;976;11;1345.00;0
2990;9;5845435;2990;370;3957;3957;6.26;0.38;267.48;3.20;967;11;1346.00;0
2992;9;5845445;2992;372;3958;3958;6.22;0.38;267.56;3.20;966;11;1347.00;0
2998;9;5845455;2998;375;3959;3959;6.14;0.37;267.96;3.20;961;11;1348.00;0
3002;9;5845466;3002;378;3959;3959;6.05;0.37;268.36;3.20;957;11;1349.00;0
3006;9;5845479;3006;388;3965;3968;6.04;0.37;268.55;3.20;959;11;1350.00;3
3009;9;5845489;3009;391;3966;3968;6.04;0.37;268.66;3.20;957;11;1351.00;2
3017;9;5845500;3017;392;3967;3968;6.00;0.37;268.95;3.20;950;11;1352.00;1
3018;9;5845511;3018;401;3967;3968;6.03;0.37;269.01;3.20;949;11;1353.00;1
3023;9;5845520;3023;406;3973;3974;5.96;0.36;269.34;3.19;950;11;1354.00;1
3028;9;5845531;3028;406;3974;3974;5.93;0.36;269.68;3.19;946;11;1355.00;0
3030;9;5845541;3030;407;3974;3974;5.89;0.36;269.61;3.19;944;11;1356.00;0
3034;9;5845551;3034;407;3974;3974;5.80;0.35;269.71;3.19;940;11;1357.00;0
3038;9;5845561;3038;407;3978;3978;5.78;0.35;269.65;3.19;940;11;1358.00;0
3042;9;5845571;3042;410;3979;3979;5.75;0.35;269.63;3.19;937;11;1359.00;0
3044;9;5845581;3044;414;3979;3979;5.69;0.35;269.50;3.19;935;11;1360.00;0
3046;9;5845591;3046;415;3980;3980;5.63;0.35;269.42;3.19;934;11;1361.00;0
3052;9;5845601;3052;422;3980;3980;5.56;0.34;269.29;3.19;928;11;1362.00;0
3053;9;5845610;3053;426;3980;3980;5.55;0.34;269.22;3.19;927;11;1363.00;0
3054;9;5845620;3054;432;3980;3980;5.50;0.34;269.15;3.19;926;11;1364.00;0
3056;9;5845629;3056;435;3980;3980;5.44;0.33;269.17;3.19;924;11;1365.00;0
3057;9;5845639;3057;436;3980;3980;5.40;0.33;269.15;3.19;923;11;1366.00;0
3061;9;5845648;3061;433;3980;3980;5.32;0.33;269.20;3.19;919;11;1367.00;0
3063;9;5845659;3063;437;4024;4050;5.53;0.34;269.24;3.15;961;11;1368.00;26
3068;9;5845674;3068;429;4026;4051;5.55;0.34;269.28;3.15;958;11;1369.00;25
3069;9;5845685;3069;420;4033;4051;5.70;0.35;269.22;3.15;964;11;1370.00;18
3072;9;5845695;3072;418;4036;4051;5.77;0.35;269.19;3.15;964;11;1371.00;15
3072;9;5845705;3072;420;4038;4051;5.83;0.36;269.19;3.15;966;11;1372.00;13
3074;9;5845716;3074;425;4040;4051;5.87;0.36;269.28;3.15;966;11;1373.00;11
3074;9;5845726;3074;431;4042;4051;5.88;0.36;269.28;3.15;968;11;1374.00;9
3076;9;5845736;3076;433;4044;4051;5.89;0.36;269.28;3.16;968;11;1375.00;7
3076;10;5845746;3076;420;4046;4052;5.91;0.36;269.28;3.16;970;12;1376.00;6
3077;10;5845771;3077;417;4048;4053;5.91;0.36;269.31;3.16;971;12;1377.00;5
3078;10;5845781;3078;417;4050;4053;5.91;0.36;269.33;3.16;972;12;1378.00;3
3079;10;5845793;3079;418;4057;4057;5.93;0.36;269.39;3.16;978;12;1379.00;0
3081;10;5845811;3081;417;4057;4057;5.91;0.36;269.41;3.16;976;12;1380.00;0
3085;10;5845827;3085;416;4057;4057;5.94;0.36;269.55;3.16;972;12;1381.00;0
3087;10;5845838;3087;419;4057;4057;5.93;0.36;269.41;3.16;970;12;1382.00;0
3087;10;5845849;3087;421;4063;4063;6.00;0.37;269.41;3.16;976;12;1383.00;0
3089;10;5845861;3089;421;4063;4063;6.00;0.37;269.36;3.16;974;12;1384.00;0
3089;10;5845872;3089;424;4063;4063;5.97;0.37;269.36;3.16;974;12;1385.00;0
3091;10;5845882;3091;421;4065;4066;6.06;0.37;269.31;3.16;974;12;1386.00;1
3091;10;5845894;3091;423;4066;4066;6.14;0.38;269.31;3.16;975;12;1387.00;0
3092;10;5845904;3092;419;4066;4066;6.16;0.38;269.32;3.16;974;12;1388.00;0
3092;10;5845915;3092;423;4067;4067;6.15;0.38;269.32;3.16;975;12;1389.00;0
3094;10;5845925;3094;409;4068;4068;6.16;0.38;269.35;3.16;974;12;1390.00;0
3097;10;5845936;3097;397;4068;4068;6.16;0.38;269.31;3.16;971;12;1391.00;0
3101;10;5845947;3101;400;4081;4081;6.24;0.38;269.41;3.15;980;12;1392.00;0
3103;10;5845961;3103;398;4081;4081;6.30;0.38;269.41;3.15;978;12;1393.00;0
3106;10;5845972;3106;398;4081;4081;6.36;0.39;269.53;3.15;975;12;1394.00;0
3109;10;5845983;3109;395;4083;4083;6.43;0.39;269.41;3.15;974;12;1395.00;0
3111;10;5845994;3111;387;4083;4083;6.48;0.39;269.31;3.15;972;12;1396.00;0
3113;10;5846010;3113;389;4087;4087;6.55;0.40;269.31;3.14;974;12;1397.00;0
3113;10;5846022;3113;380;4087;4087;6.57;0.40;269.31;3.14;974;12;1398.00;0
3113;10;5846032;3113;384;4091;4091;6.59;0.40;269.31;3.14;978;12;1399.00;0
3114;10;5846044;3114;385;4091;4091;6.63;0.40;269.33;3.14;977;12;1400.00;0
3115;10;5846058;3115;378;4091;4091;6.68;0.40;269.25;3.14;976;12;1401.00;0
3115;10;5846069;3115;380;4091;4091;6.71;0.41;269.25;3.14;976;12;1402.00;0
3117;10;5846079;3117;373;4091;4091;6.69;0.40;269.28;3.14;974;12;1403.00;0
3118;10;5846090;3118;375;4102;4103;6.77;0.41;269.31;3.13;984;12;1404.00;1
3119;10;5846102;3119;372;4102;4103;6.81;0.41;269.24;3.13;983;12;1405.00;1
3123;10;5846113;3123;371;4103;4103;6.84;0.41;269.20;3.13;980;12;1406.00;0
3123;10;5846124;3123;368;4103;4103;6.84;0.41;269.20;3.13;980;12;1407.00;0
3123;10;5846141;3123;373;4103;4103;6.87;0.42;269.20;3.13;980;12;1408.00;0
3125;10;5846152;3125;367;4103;4103;6.86;0.42;269.28;3.13;978;12;1409.00;0
3126;10;5846163;3126;359;4104;4104;6.86;0.42;269.39;3.13;978;12;1410.00;0
3127;10;5846174;3127;348;4104;4104;6.89;0.42;269.44;3.13;977;12;1411.00;0
3131;10;5846185;3131;340;4110;4110;6.89;0.42;269.64;3.13;979;12;1412.00;0
3132;10;5846197;3132;328;4111;4111;6.88;0.42;269.67;3.13;979;12;1413.00;0
3135;10;5846208;3135;323;4111;4111;6.93;0.42;269.72;3.13;976;12;1414.00;0
3135;10;5846219;3135;319;4111;4111;6.95;0.42;269.72;3.13;976;12;1415.00;0
3139;10;5846229;3139;312;4115;4115;6.96;0.42;269.97;3.13;976;12;1416.00;0
3141;10;5846240;3141;302;4115;4115;7.04;0.43;270.21;3.13;974;12;1417.00;0
3142;10;5846251;3142;298;4115;4115;7.16;0.43;270.25;3.13;973;12;1418.00;0
3144;10;5846262;3144;293;4116;4116;7.23;0.44;270.41;3.13;972;12;1419.00;0
3148;10;5846273;3148;288;4120;4120;7.29;0.44;270.64;3.12;972;12;1420.00;0
3149;10;5846284;3149;286;4120;4120;7.32;0.44;270.66;3.12;971;12;1421.00;0
3155;10;5846294;3155;292;4122;4123;7.38;0.45;270.95;3.12;967;12;1422.00;1
3159;10;5846305;3159;285;4123;4123;7.37;0.45;271.04;3.12;964;12;1423.00;0
3167;10;5846316;3167;288;4123;4123;7.37;0.45;271.41;3.12;956;12;1424.00;0
3170;10;5846327;3170;288;4123;4123;7.36;0.45;271.43;3.12;953;12;1425.00;0
3173;10;5846337;3173;289;4127;4127;7.43;0.45;271.49;3.12;954;12;1426.00;0
3176;10;5846353;3176;286;4127;4127;7.50;0.46;271.62;3.12;951;12;1427.00;0
3180;10;5846363;3180;290;4127;4127;7.49;0.45;271.87;3.12;947;12;1428.00;0
3185;10;5846375;3185;288;4127;4127;7.48;0.45;271.74;3.12;942;12;1429.00;0
3187;10;5846386;3187;284;4128;4128;7.54;0.46;271.80;3.12;941;12;1430.00;0
3193;10;5846396;3193;277;4129;4129;7.58;0.46;272.05;3.12;936;12;1431.00;0
3199;10;5846406;3199;276;4129;4129;7.58;0.46;272.12;3.12;930;12;1432.00;0
3202;10;5846417;3202;277;4130;4130;7.59;0.46;272.40;3.12;928;12;1433.00;0
3203;10;5846427;3203;277;4130;4130;7.56;0.46;272.50;3.12;927;12;1434.00;0
3203;10;5846438;3203;274;4130;4130;7.59;0.46;272.50;3.12;927;12;1435.00;0
3204;10;5846448;3204;273;4130;4130;7.65;0.46;272.52;3.12;926;12;1436.00;0
3206;10;5846463;3206;270;4130;4130;7.69;0.47;272.47;3.12;924;12;1437.00;0
3207;10;5846473;3207;269;4130;4130;7.65;0.46;272.55;3.12;923;12;1438.00;0
3209;10;5846484;3209;272;4130;4130;7.68;0.46;272.60;3.12;921;12;1439.00;0
3210;10;5846496;3210;317;4246;4360;7.68;0.48;272.63;3.03;1036;12;1440.00;114
3215;10;5846523;3215;305;4248;4361;7.69;0.48;272.71;3.03;1033;12;1441.00;113
3215;10;5846535;3215;286;4258;4361;7.81;0.49;272.71;3.03;1043;12;1442.00;103
3217;10;5846546;3217;286;4264;4361;7.89;0.49;272.72;3.03;1047;12;1443.00;97
3222;10;5846557;3222;279;4273;4361;7.92;0.49;272.77;3.03;1051;12;1444.00;88
3224;10;5846568;3224;274;4280;4361;7.87;0.49;272.90;3.04;1056;12;1445.00;81
3227;10;5846585;3227;271;4289;4361;7.87;0.49;273.10;3.04;1062;12;1446.00;72
3228;10;5846596;3228;269;4297;4361;7.96;0.49;273.11;3.05;1069;12;1447.00;64
3230;10;5846609;3230;270;4304;4362;7.97;0.49;273.12;3.06;1074;12;1448.00;58
3233;10;5846620;3233;271;4309;4363;8.03;0.50;273.16;3.06;1076;12;1449.00;54
3235;10;5846632;3235;271;4316;4363;8.06;0.50;273.29;3.07;1081;12;1450.00;47
3236;10;5846644;3236;279;4320;4364;8.02;0.49;273.34;3.08;1084;12;1451.00;44
3237;10;5846661;3237;276;4324;4364;7.95;0.49;273.33;3.09;1087;12;1452.00;40
3242;10;5846673;3242;279;4327;4364;7.86;0.48;273.41;3.10;1085;12;1453.00;37
3245;10;5846686;3245;282;4330;4364;7.80;0.48;273.55;3.10;1085;12;1454.00;34
3246;10;5846698;3246;293;4333;4368;7.69;0.47;273.67;3.11;1087;12;1455.00;35
3248;10;5846710;3248;293;4337;4368;7.62;0.47;273.88;3.12;1089;12;1456.00;31
3252;10;5846723;3252;307;4340;4368;7.56;0.46;274.18;3.12;1088;12;1457.00;28
3254;10;5846734;3254;305;4344;4371;7.45;0.46;274.07;3.13;1090;12;1458.00;27
3256;10;5846752;3256;312;4347;4371;7.42;0.46;274.30;3.14;1091;12;1459.00;24
3260;10;5846764;3260;316;4347;4371;7.39;0.45;274.46;3.14;1087;12;1460.00;24
3264;10;5846776;3264;322;4353;4375;7.31;0.45;274.57;3.15;1089;12;1461.00;22
3266;10;5846791;3266;336;4354;4376;7.29;0.45;274.79;3.15;1088;12;1462.00;22
3267;10;5846804;3267;334;4356;4376;7.29;0.45;274.90;3.15;1089;12;1463.00;20
3272;10;5846816;3272;335;4360;4380;7.30;0.45;274.97;3.16;1088;12;1464.00;20
3274;10;5846828;3274;341;4363;4380;7.29;0.45;275.01;3.17;1089;12;1465.00;17
3278;11;5846840;3278;346;4365;4380;7.26;0.44;275.04;3.18;1087;13;1466.00;15
3278;11;5846862;3278;349;4366;4381;7.25;0.44;275.04;3.18;1088;13;1467.00;15
3281;11;5846874;3281;356;4367;4381;7.20;0.44;275.28;3.18;1086;13;1468.00;14
3284;11;5846891;3284;349;4374;4387;7.18;0.44;275.20;3.19;1090;13;1469.00;13
3288;11;5846908;3288;342;4374;4387;7.12;0.44;275.28;3.19;1086;13;1470.00;13
3290;11;5846921;3290;341;4376;4388;7.06;0.43;275.46;3.19;1086;13;1471.00;12
3290;11;5846933;3290;338;4377;4388;7.09;0.43;275.46;3.20;1087;13;1472.00;11
3295;11;5846946;3295;337;4378;4388;7.07;0.43;275.74;3.20;1083;13;1473.00;10
3300;11;5846959;3300;341;4379;4388;7.04;0.43;275.83;3.21;1079;13;1474.00;9
3301;12;5846971;3301;341;4379;4388;6.97;0.43;275.77;3.21;1078;14;1475.00;9
3304;12;5846989;3304;341;4391;4400;6.88;0.42;275.79;3.21;1087;14;1476.00;9
3306;12;5847001;3306;352;4392;4400;6.70;0.41;275.80;3.22;1086;14;1477.00;8
3306;12;5847013;3306;351;4393;4400;6.54;0.40;275.80;3.22;1087;14;1478.00;7
3309;12;5847024;3309;354;4394;4400;6.42;0.39;275.82;3.22;1085;14;1479.00;6
3312;12;5847039;3312;359;4395;4400;6.29;0.38;275.85;3.22;1083;14;1480.00;5
3314;12;5847050;3314;364;4395;4400;6.17;0.38;275.85;3.22;1081;14;1481.00;5
3316;12;5847062;3316;371;4399;4404;6.02;0.37;275.94;3.22;1083;14;1482.00;5
3318;12;5847073;3318;379;4399;4404;5.86;0.36;275.93;3.22;1081;14;1483.00;5
3321;12;5847083;3321;380;4403;4408;5.75;0.35;276.06;3.22;1082;14;1484.00;5
3324;12;5847095;3324;369;4405;4410;5.68;0.35;276.04;3.22;1081;14;1485.00;5
3329;12;5847106;3329;366;4405;4410;5.64;0.35;276.06;3.22;1076;14;1486.00;5
3332;12;5847117;3332;359;4405;4410;5.61;0.35;276.04;3.22;1073;14;1487.00;5
3338;12;5847127;3338;364;4418;4423;5.64;0.35;276.00;3.21;1080;14;1488.00;5
3341;12;5847139;3341;358;4418;4423;5.62;0.35;276.10;3.21;1077;14;1489.00;5
3346;12;5847150;3346;362;4418;4423;5.59;0.35;276.12;3.21;1072;14;1490.00;5
3350;12;5847161;3350;369;4419;4424;5.56;0.34;276.15;3.21;1069;14;1491.00;5
3353;12;5847171;3353;363;4420;4425;5.56;0.34;275.99;3.21;1067;14;1492.00;5
3356;12;5847182;3356;364;4420;4425;5.60;0.35;276.08;3.21;1064;14;1493.00;5
3358;12;5847193;3358;356;4422;4428;5.66;0.35;276.12;3.21;1064;14;1494.00;6
3361;12;5847204;3361;359;4422;4428;5.62;0.35;276.20;3.21;1061;14;1495.00;6
3365;12;5847214;3365;362;4423;4428;5.60;0.35;276.31;3.21;1058;14;1496.00;5
3368;12;5847225;3368;361;4423;4428;5.56;0.34;276.38;3.21;1055;14;1497.00;5
3371;12;5847235;3371;368;4429;4434;5.60;0.35;276.45;3.20;1058;14;1498.00;5
3374;12;5847247;3374;372;4429;4434;5.62;0.35;276.32;3.20;1055;14;1499.00;5
3378;12;5847259;3378;375;4435;4453;5.60;0.35;276.49;3.20;1057;14;1500.00;18
3384;12;5847276;3384;371;4435;4453;5.57;0.35;276.52;3.20;1051;14;1501.00;18
3386;12;5847287;3386;379;4439;4457;5.56;0.34;276.68;3.20;1053;14;1502.00;18
3394;12;5847297;3394;376;4440;4458;5.53;0.34;276.76;3.20;1046;14;1503.00;18
3398;12;5847310;3398;382;4440;4458;5.47;0.34;276.86;3.20;1042;14;1504.00;18
3404;12;5847321;3404;384;4442;4459;5.45;0.34;276.74;3.20;1038;14;1505.00;17
3410;12;5847332;3410;390;4444;4459;5.40;0.33;276.65;3.20;1034;14;1506.00;15
3413;12;5847343;3413;385;4444;4459;5.42;0.34;276.65;3.20;1031;14;1507.00;15
3418;12;5847371;3418;384;4444;4459;5.45;0.34;276.62;3.20;1026;14;1508.00;15
3422;12;5847387;3422;384;4444;4459;5.43;0.34;276.66;3.20;1022;14;1509.00;15
3427;12;5847398;3427;392;4444;4459;5.41;0.33;276.71;3.20;1017;14;1510.00;15
3432;12;5847409;3432;391;4445;4459;5.39;0.33;276.61;3.20;1013;14;1511.00;14
3437;12;5847420;3437;402;4485;4529;5.40;0.33;276.49;3.17;1048;14;1512.00;44
3442;12;5847436;3442;408;4488;4530;5.36;0.33;276.50;3.17;1046;14;1513.00;42
3448;12;5847447;3448;403;4493;4530;5.38;0.33;276.45;3.17;1045;14;1514.00;37
3451;12;5847457;3451;400;4495;4530;5.38;0.33;276.44;3.17;1044;14;1515.00;35
3456;12;5847468;3456;416;4497;4530;5.32;0.33;276.35;3.17;1041;14;1516.00;33
3460;12;5847479;3460;416;4502;4530;5.31;0.33;276.42;3.17;1042;14;1517.00;28
3464;12;5847489;3464;424;4504;4530;5.31;0.33;276.31;3.18;1040;14;1518.00;26
3466;12;5847500;3466;427;4506;4530;5.34;0.33;276.34;3.18;1040;14;1519.00;24
3471;12;5847511;3471;431;4507;4531;5.31;0.33;276.41;3.18;1036;14;1520.00;24
3473;12;5847526;3473;442;4511;4532;5.31;0.33;276.38;3.20;1038;14;1521.00;21
3476;12;5847536;3476;446;4513;4532;5.26;0.32;276.28;3.21;1037;14;1522.00;19
3479;12;5847546;3479;452;4518;4536;5.22;0.32;276.32;3.21;1039;14;1523.00;18
3481;12;5847557;3481;461;4521;4536;5.14;0.32;276.26;3.22;1040;14;1524.00;15
3483;12;5847567;3483;472;4524;4536;5.10;0.31;276.25;3.22;1041;14;1525.00;12
3484;12;5847578;3484;471;4524;4536;5.08;0.31;276.33;3.22;1040;14;1526.00;12
3490;12;5847588;3490;472;4530;4542;5.06;0.31;276.22;3.24;1040;14;1527.00;12
3491;12;5847599;3491;483;4531;4542;5.02;0.31;276.17;3.24;1040;14;1528.00;11
3494;12;5847610;3494;481;4531;4542;5.05;0.31;276.18;3.24;1037;14;1529.00;11
3495;12;5847621;3495;484;4536;4548;5.12;0.31;276.24;3.24;1041;14;1530.00;12
3496;12;5847632;3496;489;4536;4548;5.10;0.31;276.28;3.24;1040;14;1531.00;12
3498;12;5847643;3498;474;4536;4548;5.08;0.31;276.27;3.24;1038;14;1532.00;12
3501;12;5847654;3501;465;4540;4549;5.02;0.31;276.34;3.26;1039;14;1533.00;9
3502;12;5847665;3502;465;4542;4550;4.99;0.31;276.33;3.26;1040;14;1534.00;8
3503;12;5847676;3503;462;4542;4550;5.03;0.31;276.35;3.26;1039;14;1535.00;8
3508;12;5847687;3508;468;4555;4563;5.07;0.31;276.28;3.25;1047;14;1536.00;8
3509;12;5847700;3509;438;4555;4563;5.13;0.32;276.30;3.25;1046;14;1537.00;8
3510;12;5847710;3510;428;4556;4563;5.18;0.32;276.27;3.25;1046;14;1538.00;7
3512;12;5847722;3512;423;4559;4564;5.31;0.33;276.27;3.26;1047;14;1539.00;5
3513;12;5847733;3513;418;4559;4564;5.43;0.33;276.32;3.26;1046;14;1540.00;5
3517;12;5847744;3517;402;4564;4568;5.51;0.34;276.17;3.26;1047;14;1541.00;4
3518;12;5847756;3518;392;4564;4568;5.65;0.35;276.12;3.26;1046;14;1542.00;4
3520;13;5847768;3520;378;4568;4572;5.80;0.35;276.08;3.26;1048;15;1543.00;4
3523;13;5847791;3523;367;4568;4572;5.90;0.36;276.29;3.26;1045;15;1544.00;4
3525;14;5847834;3525;362;4568;4572;5.99;0.37;276.31;3.26;1043;16;1545.00;4
3530;14;5847865;3530;356;4569;4572;6.03;0.37;276.41;3.28;1039;16;1546.00;3
3532;14;5847883;3532;358;4569;4572;6.08;0.37;276.35;3.28;1037;16;1547.00;3
3534;14;5847901;3534;353;4578;4584;6.13;0.37;276.35;3.28;1044;16;1548.00;6
3534;14;5847916;3534;363;4579;4584;6.17;0.37;276.35;3.28;1045;16;1549.00;5
3534;14;5847927;3534;364;4581;4584;6.30;0.38;276.35;3.28;1047;16;1550.00;3
3534;14;5847939;3534;360;4581;4584;6.41;0.39;276.35;3.28;1047;16;1551.00;3
3535;14;5847953;3535;355;4581;4584;6.49;0.39;276.43;3.28;1046;16;1552.00;3
3538;14;5847965;3538;349;4581;4584;6.56;0.40;276.45;3.28;1043;16;1553.00;3
3539;14;5847978;3539;345;4582;4585;6.65;0.40;276.41;3.27;1043;16;1554.00;3
3540;14;5847990;3540;339;4584;4587;6.81;0.41;276.45;3.27;1044;16;1555.00;3
3540;14;5848003;3540;337;4591;4593;6.91;0.42;276.45;3.30;1051;16;1556.00;2
3540;14;5848017;3540;333;4592;4594;7.00;0.42;276.45;3.29;1052;16;1557.00;2
3543;14;5848029;3543;327;4592;4594;7.08;0.43;276.64;3.29;1049;16;1558.00;2
3547;14;5848042;3547;326;4592;4594;7.05;0.43;276.64;3.29;1045;16;1559.00;2
3550;14;5848056;3550;323;4597;4599;7.01;0.42;276.86;3.29;1047;16;1560.00;2
3551;14;5848069;3551;320;4597;4599;7.02;0.42;276.89;3.29;1046;16;1561.00;2
3553;14;5848082;3553;322;4597;4599;7.02;0.42;276.96;3.29;1044;16;1562.00;2
3554;14;5848095;3554;328;4598;4600;7.08;0.43;276.98;3.29;1044;16;1563.00;2
3556;14;5848107;3556;323;4602;4604;7.07;0.43;276.91;3.29;1046;16;1564.00;2
3561;14;5848119;3561;323;4602;4604;7.01;0.42;277.06;3.29;1041;16;1565.00;2
3564;14;5848132;3564;323;4604;4607;7.01;0.42;277.27;3.29;1040;16;1566.00;3
3568;14;5848145;3568;320;4604;4607;6.97;0.42;277.36;3.29;1036;16;1567.00;3
3569;14;5848163;3569;325;4605;4607;6.99;0.42;277.48;3.29;1036;16;1568.00;2
3572;14;5848174;3572;323;4605;4607;7.03;0.43;277.59;3.29;1033;16;1569.00;2
3573;14;5848187;3573;320;4609;4611;7.15;0.43;277.70;3.28;1036;16;1570.00;2
3579;14;5848199;3579;321;4609;4611;7.20;0.44;277.75;3.28;1030;16;1571.00;2
3581;14;5848211;3581;318;4609;4611;7.27;0.44;277.90;3.28;1028;16;1572.00;2
3584;14;5848223;3584;317;4610;4611;7.27;0.44;278.07;3.31;1026;16;1573.00;1
3586;14;5848235;3586;322;4611;4612;7.28;0.44;278.17;3.31;1025;16;1574.00;1
3591;14;5848248;3591;320;4613;4614;7.23;0.44;278.24;3.31;1022;16;1575.00;1
3592;14;5848260;3592;318;4613;4614;7.22;0.44;278.35;3.31;1021;16;1576.00;1
3592;14;5848272;3592;312;4614;4615;7.23;0.44;278.35;3.31;1022;16;1577.00;1
3595;14;5848284;3595;308;4614;4615;7.19;0.44;278.55;3.31;1019;16;1578.00;1
3597;14;5848296;3597;303;4614;4615;7.21;0.44;278.59;3.31;1017;16;1579.00;1
3600;14;5848307;3600;298;4614;4615;7.17;0.44;278.74;3.31;1014;16;1580.00;1
3603;14;5848319;3603;291;4614;4615;7.16;0.44;278.89;3.31;1011;16;1581.00;1
3606;14;5848332;3606;286;4614;4615;7.19;0.44;279.06;3.31;1008;16;1582.00;1
3609;14;5848344;3609;277;4614;4615;7.24;0.44;279.10;3.31;1005;16;1583.00;1
3610;14;5848355;3610;302;4689;4742;7.26;0.45;279.16;3.26;1079;16;1584.00;53
3617;14;5848377;3617;289;4691;4743;7.27;0.45;279.31;3.26;1074;16;1585.00;52
3618;14;5848390;3618;278;4697;4743;7.35;0.45;279.39;3.26;1079;16;1586.00;46
3620;14;5848402;3620;264;4697;4743;7.35;0.45;279.54;3.26;1077;16;1587.00;46
3625;14;5848415;3625;262;4704;4743;7.41;0.46;279.64;3.27;1079;16;1588.00;39
3628;14;5848428;3628;261;4706;4743;7.47;0.46;279.78;3.27;1078;16;1589.00;37
3631;14;5848442;3631;258;4711;4743;7.45;0.46;279.79;3.28;1080;16;1590.00;32
3635;14;5848455;3635;267;4714;4743;7.51;0.46;279.64;3.28;1079;16;1591.00;29
3636;14;5848468;3636;264;4717;4744;7.58;0.46;279.68;3.28;1081;16;1592.00;27
3641;14;5848481;3641;259;4722;4745;7.55;0.46;279.69;3.29;1081;16;1593.00;23
3645;14;5848493;3645;258;4725;4745;7.65;0.47;279.79;3.29;1080;16;1594.00;20
3646;14;5848506;3646;257;4730;4746;7.68;0.47;279.80;3.30;1084;16;1595.00;16
3649;14;5848523;3649;256;4732;4746;7.67;0.47;279.82;3.30;1083;16;1596.00;14
3651;14;5848535;3651;259;4734;4746;7.63;0.46;279.86;3.31;1083;16;1597.00;12
3653;14;5848548;3653;258;4735;4746;7.58;0.46;279.81;3.31;1082;16;1598.00;11
3655;15;5848560;3655;261;4739;4750;7.53;0.46;279.75;3.31;1084;17;1599.00;11
3656;15;5848588;3656;259;4740;4750;7.45;0.45;279.71;3.31;1084;17;1600.00;10
3657;15;5848609;3657;261;4741;4750;7.37;0.45;279.80;3.31;1084;17;1601.00;9
3660;15;5848621;3660;275;4743;4753;7.28;0.44;279.83;3.31;1083;17;1602.00;10
3662;15;5848634;3662;281;4744;4753;7.22;0.44;279.98;3.31;1082;17;1603.00;9
3663;15;5848646;3663;278;4744;4753;7.20;0.44;280.11;3.31;1081;17;1604.00;9
3666;15;5848659;3666;278;4748;4757;7.14;0.43;280.39;3.32;1082;17;1605.00;9
3666;15;5848671;3666;283;4750;4758;7.08;0.43;280.39;3.32;1084;17;1606.00;8
3668;15;5848685;3668;287;4751;4758;7.11;0.43;280.35;3.32;1083;17;1607.00;7
3673;15;5848698;3673;284;4754;4762;7.15;0.43;280.40;3.32;1081;17;1608.00;8
3675;15;5848737;3675;286;4755;4762;7.17;0.44;280.49;3.32;1080;17;1609.00;7
3678;15;5848755;3678;280;4755;4762;7.19;0.44;280.53;3.32;1077;17;1610.00;7
3680;15;5848768;3680;286;4757;4763;7.25;0.44;280.60;3.32;1077;17;1611.00;6
3684;15;5848780;3684;288;4757;4763;7.21;0.44;280.83;3.32;1073;17;1612.00;6
3684;15;5848795;3684;291;4762;4769;7.27;0.44;280.83;3.32;1078;17;1613.00;7
3688;15;5848809;3688;292;4763;4769;7.25;0.44;281.04;3.32;1075;17;1614.00;6
3689;15;5848826;3689;293;4764;4770;7.21;0.44;281.15;3.33;1075;17;1615.00;6
3691;15;5848838;3691;292;4764;4770;7.23;0.44;281.20;3.33;1073;17;1616.00;6
3693;15;5848850;3693;302;4765;4770;7.21;0.44;281.38;3.33;1072;17;1617.00;5
3695;15;5848862;3695;301;4765;4770;7.19;0.44;281.45;3.33;1070;17;1618.00;5
3697;15;5848873;3697;305;4765;4770;7.15;0.44;281.58;3.33;1068;17;1619.00;5
3700;15;5848887;3700;308;4791;4806;7.25;0.44;281.71;3.32;1091;17;1620.00;15
3702;15;5848902;3702;309;4794;4806;7.26;0.44;281.78;3.32;1092;17;1621.00;12
3705;15;5848915;3705;312;4798;4806;7.20;0.44;281.98;3.32;1093;17;1622.00;8
3709;15;5848928;3709;317;4799;4806;7.16;0.44;282.19;3.32;1090;17;1623.00;7
3713;15;5848939;3713;314;4800;4806;7.12;0.43;282.46;3.32;1087;17;1624.00;6
3714;15;5848952;3714;320;4802;4806;7.07;0.43;282.57;3.33;1088;17;1625.00;4
3717;15;5848963;3717;327;4806;4810;6.99;0.43;282.76;3.33;1089;17;1626.00;4
3720;15;5848974;3720;328;4807;4810;6.97;0.43;282.84;3.33;1087;17;1627.00;3
3723;15;5848985;3723;335;4811;4814;6.98;0.43;283.06;3.32;1088;17;1628.00;3
3726;15;5848997;3726;336;4812;4815;6.92;0.42;283.24;3.32;1086;17;1629.00;3
3732;15;5849009;3732;341;4812;4815;6.84;0.42;283.26;3.32;1080;17;1630.00;3
3734;15;5849020;3734;340;4812;4815;6.79;0.42;283.32;3.32;1078;17;1631.00;3
3738;15;5849031;3738;348;4825;4828;6.71;0.41;283.59;3.31;1087;17;1632.00;3
3741;15;5849049;3741;353;4825;4828;6.69;0.41;283.60;3.31;1084;17;1633.00;3
3743;15;5849061;3743;358;4825;4828;6.68;0.41;283.67;3.31;1082;17;1634.00;3
3746;15;5849072;3746;355;4826;4829;6.61;0.41;283.83;3.31;1080;17;1635.00;3
3749;15;5849083;3749;360;4827;4830;6.51;0.40;283.78;3.31;1078;17;1636.00;3
3755;15;5849094;3755;364;4827;4830;6.45;0.39;283.72;3.31;1072;17;1637.00;3
3756;15;5849106;3756;365;4830;4833;6.41;0.39;283.68;3.31;1074;17;1638.00;3
3761;15;5849117;3761;367;4830;4833;6.39;0.39;283.64;3.31;1069;17;1639.00;3
3764;15;5849127;3764;366;4830;4833;6.36;0.39;283.76;3.31;1066;17;1640.00;3
3765;15;5849138;3765;364;4830;4833;6.28;0.38;283.73;3.31;1065;17;1641.00;3
3766;15;5849148;3766;369;4836;4839;6.24;0.38;283.69;3.31;1070;17;1642.00;3
3769;15;5849159;3769;376;4836;4839;6.12;0.37;283.72;3.31;1067;17;1643.00;3
3772;15;5849170;3772;376;4836;4839;6.02;0.37;283.79;3.31;1064;17;1644.00;3
3775;15;5849180;3775;382;4836;4839;5.94;0.36;283.85;3.31;1061;17;1645.00;3
3778;15;5849190;3778;383;4840;4843;5.82;0.36;283.87;3.31;1062;17;1646.00;3
3782;15;5849200;3782;384;4841;4844;5.63;0.35;283.89;3.31;1059;17;1647.00;3
3784;15;5849210;3784;395;4841;4844;5.49;0.34;283.83;3.31;1057;17;1648.00;3
3789;15;5849219;3789;396;4842;4845;5.39;0.33;283.87;3.30;1053;17;1649.00;3
3794;15;5849231;3794;390;4842;4845;5.28;0.32;283.91;3.30;1048;17;1650.00;3
3797;15;5849241;3797;384;4842;4845;5.22;0.32;283.81;3.30;1045;17;1651.00;3
3802;15;5849252;3802;377;4842;4845;5.18;0.32;283.71;3.30;1040;17;1652.00;3
3804;15;5849262;3804;380;4842;4845;5.16;0.32;283.60;3.30;1038;17;1653.00;3
3807;15;5849271;3807;375;4842;4845;5.16;0.32;283.61;3.30;1035;17;1654.00;3
3809;15;5849281;3809;385;4842;4845;5.19;0.32;283.60;3.30;1033;17;1655.00;3
3811;15;5849291;3811;390;4882;4915;5.35;0.33;283.52;3.28;1071;17;1656.00;33
3816;15;5849307;3816;386;4886;4916;5.35;0.33;283.41;3.28;1070;17;1657.00;30
3819;15;5849318;3819;383;4893;4916;5.37;0.33;283.39;3.27;1074;17;1658.00;23
3821;15;5849328;3821;380;4894;4916;5.37;0.33;283.44;3.27;1073;17;1659.00;22
3822;15;5849338;3822;389;4896;4916;5.40;0.33;283.42;3.27;1074;17;1660.00;20
3825;15;5849348;3825;382;4898;4916;5.47;0.34;283.49;3.27;1073;17;1661.00;18
3828;15;5849359;3828;391;4901;4916;5.46;0.34;283.42;3.28;1073;17;1662.00;15
3833;15;5849369;3833;400;4903;4916;5.44;0.33;283.39;3.28;1070;17;1663.00;13
3837;15;5849380;3837;405;4905;4917;5.41;0.33;283.30;3.28;1068;17;1664.00;12
3842;15;5849391;3842;411;4908;4919;5.35;0.33;283.50;3.28;1066;17;1665.00;11
3847;15;5849403;3847;419;4909;4919;5.27;0.32;283.33;3.28;1062;17;1666.00;10
3849;15;5849413;3849;427;4916;4923;5.23;0.32;283.38;3.28;1067;17;1667.00;7
3854;15;5849424;3854;428;4916;4923;5.17;0.32;283.34;3.28;1062;17;1668.00;7
3859;15;5849434;3859;430;4916;4923;5.13;0.32;283.27;3.28;1057;17;1669.00;7
3860;15;5849445;3860;431;4917;4923;5.13;0.32;283.29;3.29;1057;17;1670.00;6
3863;15;5849455;3863;433;4923;4929;5.12;0.32;283.20;3.29;1060;17;1671.00;6
3869;15;5849466;3869;444;4923;4929;5.05;0.31;283.05;3.29;1054;17;1672.00;6
3873;15;5849477;3873;438;4923;4929;4.99;0.31;283.04;3.29;1050;17;1673.00;6
3875;15;5849487;3875;443;4925;4932;4.96;0.30;283.02;3.29;1050;17;1674.00;7
3880;15;5849498;3880;445;4925;4932;4.88;0.30;282.99;3.29;1045;17;1675.00;7
3883;15;5849508;3883;454;4925;4932;4.85;0.30;283.02;3.29;1042;17;1676.00;7
3888;15;5849518;3888;463;4926;4933;4.77;0.29;283.21;3.29;1038;17;1677.00;7
3892;15;5849529;3892;462;4927;4934;4.75;0.29;283.22;3.29;1035;17;1678.00;7
3896;15;5849539;3896;468;4927;4934;4.70;0.29;283.15;3.29;1031;17;1679.00;7
3900;15;5849551;3900;472;4948;4960;4.88;0.30;283.08;3.27;1048;17;1680.00;12
3902;15;5849563;3902;474;4949;4960;4.89;0.30;283.11;3.29;1047;17;1681.00;11
3903;15;5849574;3903;480;4951;4960;4.97;0.30;283.18;3.29;1048;17;1682.00;9
3906;15;5849584;3906;488;4951;4961;4.96;0.30;283.14;3.29;1045;17;1683.00;10
3908;15;5849595;3908;480;4951;4961;4.96;0.30;283.11;3.29;1043;17;1684.00;10
3908;15;5849606;3908;475;4955;4965;4.99;0.31;283.11;3.29;1047;17;1685.00;10
3912;15;5849616;3912;467;4955;4965;4.97;0.31;283.16;3.29;1043;17;1686.00;10
3914;15;5849627;3914;464;4959;4969;5.02;0.31;283.25;3.29;1045;17;1687.00;10
3917;15;5849639;3917;466;4960;4969;5.03;0.31;283.33;3.29;1043;17;1688.00;9
3921;15;5849650;3921;468;4960;4969;5.02;0.31;283.31;3.29;1039;17;1689.00;9
3922;15;5849661;3922;470;4960;4969;5.01;0.31;283.28;3.29;1038;17;1690.00;9
3925;15;5849677;3925;469;4960;4969;5.01;0.31;283.30;3.29;1035;17;1691.00;9
3926;15;5849688;3926;470;4970;4981;5.14;0.31;283.35;3.29;1044;17;1692.00;11
3928;15;5849701;3928;470;4970;4981;5.17;0.32;283.30;3.29;1042;17;1693.00;11
3932;15;5849712;3932;465;4972;4981;5.16;0.32;283.33;3.29;1040;17;1694.00;9
3936;15;5849723;3936;468;4972;4981;5.17;0.32;283.22;3.29;1036;17;1695.00;9
3938;15;5849735;3938;464;4973;4981;5.16;0.32;283.28;3.29;1035;17;1696.00;8
3940;15;5849745;3940;454;4973;4981;5.25;0.32;283.38;3.29;1033;17;1697.00;8
3940;15;5849762;3940;449;4974;4982;5.31;0.33;283.38;3.29;1034;17;1698.00;8
3944;15;5849772;3944;438;4976;4982;5.34;0.33;283.34;3.30;1032;17;1699.00;6
3944;15;5849784;3944;433;4981;4988;5.46;0.33;283.34;3.29;1037;17;1700.00;7
3948;15;5849803;3948;431;4982;4989;5.49;0.33;283.33;3.29;1034;17;1701.00;7
3951;15;5849815;3951;426;4983;4989;5.53;0.34;283.46;3.29;1032;17;1702.00;6
3953;15;5849826;3953;433;4983;4989;5.53;0.34;283.45;3.29;1030;17;1703.00;6
3954;15;5849838;3954;432;4987;4993;5.60;0.34;283.53;3.29;1033;17;1704.00;6
3956;15;5849850;3956;440;4987;4993;5.55;0.34;283.63;3.29;1031;17;1705.00;6
3959;15;5849862;3959;429;4988;4993;5.57;0.34;283.85;3.29;1029;17;1706.00;5
3959;15;5849874;3959;411;4990;4994;5.66;0.34;283.85;3.31;1031;17;1707.00;4
3960;15;5849887;3960;409;4994;4998;5.75;0.35;283.86;3.31;1034;17;1708.00;4
3960;15;5849899;3960;401;4994;4998;5.84;0.36;283.86;3.31;1034;17;1709.00;4
3963;15;5849912;3963;394;4999;5004;5.92;0.36;283.88;3.30;1036;17;1710.00;5
3965;15;5849925;3965;391;4999;5004;6.00;0.36;283.88;3.30;1034;17;1711.00;5
3968;15;5849936;3968;393;5000;5004;6.06;0.37;283.81;3.30;1032;17;1712.00;4
3969;15;5849948;3969;389;5000;5004;6.11;0.37;283.77;3.30;1031;17;1713.00;4
3973;15;5849959;3973;390;5004;5008;6.17;0.38;283.82;3.30;1031;17;1714.00;4
3975;15;5849972;3975;380;5004;5008;6.18;0.38;283.94;3.30;1029;17;1715.00;4
3977;15;5849984;3977;384;5004;5008;6.21;0.38;283.96;3.30;1027;17;1716.00;4
3980;15;5849995;3980;380;5004;5008;6.22;0.38;284.10;3.30;1024;17;1717.00;4
3981;15;5850008;3981;369;5005;5009;6.29;0.38;284.14;3.30;1024;17;1718.00;4
3985;15;5850020;3985;370;5006;5010;6.35;0.39;284.20;3.30;1021;17;1719.00;4
3987;15;5850033;3987;364;5006;5010;6.38;0.39;284.39;3.30;1019;17;1720.00;4
3989;15;5850044;3989;353;5007;5011;6.42;0.39;284.52;3.30;1018;17;1721.00;4
3991;15;5850056;3991;351;5007;5011;6.49;0.40;284.54;3.30;1016;17;1722.00;4
3992;15;5850067;3992;351;5008;5011;6.54;0.40;284.66;3.32;1016;17;1723.00;3
3994;15;5850079;3994;351;5008;5011;6.58;0.40;284.72;3.32;1014;17;1724.00;3
3997;15;5850090;3997;349;5008;5011;6.64;0.40;284.77;3.32;1011;17;1725.00;3
4000;15;5850107;4000;350;5008;5011;6.67;0.41;284.85;3.32;1008;17;1726.00;3
4003;15;5850118;4003;350;5008;5011;6.77;0.41;284.96;3.32;1005;17;1727.00;3
4006;15;5850130;4006;374;5087;5138;6.95;0.43;285.12;3.27;1081;17;1728.00;51
4009;15;5850156;4009;372;5091;5139;6.99;0.43;285.20;3.27;1082;17;1729.00;48
4012;15;5850168;4012;367;5096;5139;7.13;0.44;285.39;3.27;1084;17;1730.00;43
4012;15;5850180;4012;363;5098;5139;7.23;0.45;285.39;3.27;1086;17;1731.00;41
4013;15;5850192;4013;366;5105;5139;7.34;0.45;285.51;3.27;1092;17;1732.00;34
4016;15;5850203;4016;368;5108;5139;7.33;0.45;285.75;3.28;1092;17;1733.00;31
4019;15;5850214;4019;370;5111;5139;7.36;0.45;285.84;3.28;1092;17;1734.00;28
4022;15;5850228;4022;372;5114;5139;7.38;0.45;285.87;3.29;1092;17;1735.00;25
4023;15;5850245;4023;382;5117;5140;7.34;0.45;285.91;3.29;1094;17;1736.00;23
4025;15;5850257;4025;390;5121;5141;7.28;0.45;286.00;3.29;1096;17;1737.00;20
4027;15;5850270;4027;399;5123;5141;7.23;0.45;286.05;3.29;1096;17;1738.00;18
4028;15;5850282;4028;403;5126;5142;7.12;0.44;286.05;3.30;1098;17;1739.00;16
4033;15;5850296;4033;401;5128;5142;6.99;0.43;286.27;3.30;1095;17;1740.00;14
4037;15;5850310;4037;398;5130;5142;6.86;0.42;286.47;3.31;1093;17;1741.00;12
4039;15;5850322;4039;395;5130;5142;6.75;0.41;286.48;3.31;1091;17;1742.00;12
4041;15;5850334;4041;392;5135;5146;6.65;0.41;286.58;3.31;1094;17;1743.00;11
4044;15;5850348;4044;392;5136;5146;6.57;0.40;286.63;3.31;1092;17;1744.00;10
4045;15;5850360;4045;387;5137;5146;6.55;0.40;286.65;3.31;1092;17;1745.00;9
4049;15;5850373;4049;393;5138;5149;6.59;0.40;286.79;3.31;1089;17;1746.00;11
4050;15;5850386;4050;381;5140;5149;6.62;0.40;286.79;3.31;1090;17;1747.00;9
4054;15;5850398;4054;376;5140;5149;6.65;0.41;286.98;3.31;1086;17;1748.00;9
4058;15;5850410;4058;370;5145;5153;6.65;0.41;287.10;3.33;1087;17;1749.00;8
4059;15;5850423;4059;360;5147;5154;6.70;0.41;287.14;3.33;1088;17;1750.00;7
4062;15;5850435;4062;358;5148;5154;6.73;0.41;287.34;3.33;1086;17;1751.00;6
4065;15;5850447;4065;354;5151;5158;6.75;0.41;287.28;3.33;1086;17;1752.00;7
4068;15;5850465;4068;352;5152;5158;6.79;0.41;287.31;3.33;1084;17;1753.00;6
4070;15;5850482;4070;344;5152;5158;6.79;0.41;287.45;3.33;1082;17;1754.00;6
4074;15;5850493;4074;349;5154;5160;6.83;0.42;287.50;3.33;1080;17;1755.00;6
4075;15;5850505;4075;345;5154;5160;6.85;0.42;287.60;3.33;1079;17;1756.00;6
4083;15;5850517;4083;345;5160;5166;6.86;0.42;287.90;3.33;1077;17;1757.00;6
4085;15;5850531;4085;346;5161;5166;6.89;0.42;287.99;3.33;1076;17;1758.00;5
4088;15;5850542;4088;347;5161;5167;6.93;0.42;288.00;3.33;1073;17;1759.00;6
4091;15;5850555;4091;346;5161;5167;6.90;0.42;288.07;3.33;1070;17;1760.00;6
4093;15;5850567;4093;347;5161;5167;6.88;0.42;288.13;3.33;1068;17;1761.00;6
4094;15;5850578;4094;347;5161;5167;6.80;0.41;288.16;3.33;1067;17;1762.00;6
4095;15;5850590;4095;353;5161;5167;6.72;0.41;288.19;3.33;1066;17;1763.00;6
4097;15;5850602;4097;347;5171;5179;6.72;0.41;288.23;3.33;1074;17;1764.00;8
4099;15;5850615;4099;355;5171;5179;6.65;0.40;288.23;3.33;1072;17;1765.00;8
4099;15;5850627;4099;345;5172;5179;6.66;0.41;288.23;3.33;1073;17;1766.00;7
4103;15;5850639;4103;344;5172;5179;6.66;0.41;288.24;3.33;1069;17;1767.00;7
4105;15;5850651;4105;353;5172;5179;6.64;0.40;288.32;3.33;1067;17;1768.00;7
4108;15;5850662;4108;348;5172;5179;6.59;0.40;288.43;3.33;1064;17;1769.00;7
4113;15;5850677;4113;351;5175;5183;6.53;0.40;288.43;3.32;1062;17;1770.00;8
4114;15;5850691;4114;358;5175;5183;6.51;0.40;288.43;3.32;1061;17;1771.00;8
4115;15;5850703;4115;352;5179;5187;6.53;0.40;288.44;3.32;1064;17;1772.00;8
4119;15;5850715;4119;351;5180;5188;6.51;0.39;288.61;3.32;1061;17;1773.00;8
4120;15;5850726;4120;353;5180;5188;6.53;0.40;288.56;3.32;1060;17;1774.00;8
4122;15;5850738;4122;357;5180;5188;6.52;0.40;288.51;3.32;1058;17;1775.00;8
4124;15;5850750;4124;360;5191;5201;6.51;0.40;288.61;3.31;1067;17;1776.00;10
4127;15;5850762;4127;364;5192;5201;6.46;0.39;288.68;3.32;1065;17;1777.00;9
4130;15;5850773;4130;366;5192;5201;6.40;0.39;288.89;3.32;1062;17;1778.00;9
4133;15;5850785;4133;371;5193;5202;6.39;0.39;288.92;3.32;1060;17;1779.00;9
4137;15;5850798;4137;375;5195;5203;6.40;0.39;289.15;3.33;1058;17;1780.00;8
4140;15;5850812;4140;381;5195;5203;6.44;0.39;289.26;3.33;1055;17;1781.00;8
4144;15;5850824;4144;382;5198;5206;6.47;0.39;289.20;3.33;1054;17;1782.00;8
4148;15;5850836;4148;389;5202;5206;6.46;0.39;289.40;3.33;1054;17;1783.00;4
4150;15;5850848;4150;385;5202;5206;6.38;0.39;289.42;3.33;1052;17;1784.00;4
4152;15;5850858;4152;392;5203;5206;6.30;0.38;289.42;3.33;1051;17;1785.00;3
4155;15;5850869;4155;396;5208;5212;6.29;0.38;289.52;3.33;1053;17;1786.00;4
4158;15;5850881;4158;398;5208;5212;6.17;0.38;289.61;3.33;1050;17;1787.00;4
4160;15;5850892;4160;400;5209;5212;6.13;0.37;289.56;3.33;1049;17;1788.00;3
4162;15;5850904;4162;405;5209;5212;6.12;0.37;289.51;3.33;1047;17;1789.00;3
4162;15;5850915;4162;413;5212;5216;6.06;0.37;289.51;3.33;1050;17;1790.00;4
4165;15;5850926;4165;417;5214;5217;6.01;0.37;289.71;3.33;1049;17;1791.00;3
4168;15;5850937;4168;418;5214;5217;5.97;0.36;289.78;3.33;1046;17;1792.00;3
4169;15;5850948;4169;426;5215;5218;5.98;0.36;289.78;3.33;1046;17;1793.00;3
4171;15;5850959;4171;431;5215;5218;5.94;0.36;289.93;3.33;1044;17;1794.00;3
4173;15;5850969;4173;438;5215;5218;5.92;0.36;289.91;3.33;1042;17;1795.00;3
4175;15;5850979;4175;444;5215;5218;5.90;0.36;290.03;3.33;1040;17;1796.00;3
4179;15;5850989;4179;448;5215;5218;5.82;0.36;290.31;3.33;1036;17;1797.00;3
4180;15;5850999;4180;449;5215;5218;5.83;0.36;290.27;3.33;1035;17;1798.00;3
4184;15;5851009;4184;448;5215;5218;5.75;0.35;290.39;3.33;1031;17;1799.00;3
4187;15;5851022;4187;458;5275;5356;6.01;0.37;290.29;3.29;1088;17;1800.00;81
4190;15;5851046;4190;454;5279;5357;5.97;0.37;290.34;3.29;1089;17;1801.00;78
4192;15;5851057;4192;462;5292;5357;5.97;0.37;290.24;3.28;1100;17;1802.00;65
4196;15;5851067;4196;455;5298;5357;5.96;0.37;290.18;3.28;1102;17;1803.00;59
4199;15;5851078;4199;459;5303;5357;5.91;0.36;290.06;3.28;1104;17;1804.00;54
4201;15;5851088;4201;461;5305;5357;5.80;0.36;290.06;3.28;1104;17;1805.00;52
4201;15;5851099;4201;465;5313;5357;5.77;0.35;290.06;3.29;1112;17;1806.00;44
4204;15;5851109;4204;468;5318;5357;5.67;0.35;290.10;3.29;1114;17;1807.00;39
4209;15;5851120;4209;474;5324;5358;5.59;0.34;289.90;3.30;1115;17;1808.00;34
4211;15;5851131;4211;482;5328;5359;5.56;0.34;289.82;3.30;1117;17;1809.00;31
4214;15;5851141;4214;489;5331;5359;5.49;0.34;289.73;3.31;1117;17;1810.00;28
4215;15;5851152;4215;494;5339;5363;5.36;0.33;289.66;3.31;1124;17;1811.00;24
4219;15;5851162;4219;501;5341;5363;5.27;0.32;289.66;3.31;1122;17;1812.00;22
4222;15;5851174;4222;507;5343;5363;5.14;0.32;289.66;3.31;1121;17;1813.00;20
4226;15;5851184;4226;508;5344;5363;4.99;0.31;289.57;3.32;1118;17;1814.00;19
4228;15;5851194;4228;501;5348;5369;4.92;0.30;289.58;3.31;1120;17;1815.00;21
4229;15;5851208;4229;486;5348;5369;4.86;0.30;289.60;3.31;1119;17;1816.00;21
4233;15;5851220;4233;484;5348;5369;4.81;0.30;289.75;3.31;1115;17;1817.00;21
4234;15;5851232;4234;486;5350;5372;4.79;0.29;289.83;3.31;1116;17;1818.00;22
4236;15;5851245;4236;484;5351;5372;4.76;0.29;289.88;3.32;1115;17;1819.00;21
4238;15;5851259;4238;485;5352;5372;4.75;0.29;289.96;3.32;1114;17;1820.00;20
4244;15;5851270;4244;488;5353;5373;4.70;0.29;289.97;3.32;1109;17;1821.00;20
4244;15;5851281;4244;489;5355;5374;4.78;0.29;289.97;3.32;1111;17;1822.00;19
4247;15;5851291;4247;495;5355;5374;4.81;0.30;290.11;3.32;1108;17;1823.00;19
4251;15;5851302;4251;496;5365;5387;4.81;0.29;290.08;3.31;1114;17;1824.00;22
4253;15;5851318;4253;483;5366;5387;4.77;0.29;290.17;3.31;1113;17;1825.00;21
4257;15;5851335;4257;485;5366;5387;4.72;0.29;290.09;3.31;1109;17;1826.00;21
4257;15;5851349;4257;486;5367;5388;4.70;0.29;290.09;3.31;1110;17;1827.00;21
4259;15;5851361;4259;492;5367;5388;4.73;0.29;290.12;3.31;1108;17;1828.00;21
4260;15;5851371;4260;495;5370;5392;4.75;0.29;290.05;3.31;1110;17;1829.00;22
4266;15;5851384;4266;505;5371;5392;4.72;0.29;290.10;3.31;1105;17;1830.00;21
4269;15;5851395;4269;494;5374;5396;4.79;0.30;290.21;3.31;1105;17;1831.00;22
4272;15;5851406;4272;486;5374;5396;4.84;0.30;290.14;3.31;1102;17;1832.00;22
4275;15;5851418;4275;483;5374;5396;4.83;0.30;290.15;3.31;1099;17;1833.00;22
4279;15;5851428;4279;486;5374;5396;4.90;0.30;290.05;3.31;1095;17;1834.00;22
4280;15;5851440;4280;481;5374;5396;4.99;0.31;290.01;3.31;1094;17;1835.00;22
4283;16;5851451;4283;474;5384;5408;5.14;0.32;289.98;3.31;1101;18;1836.00;24
4286;16;5851474;4286;479;5384;5408;5.22;0.32;289.90;3.31;1098;18;1837.00;24
4289;16;5851491;4289;472;5384;5408;5.34;0.33;289.93;3.31;1095;18;1838.00;24
4294;16;5851502;4294;468;5384;5408;5.43;0.33;289.84;3.31;1090;18;1839.00;24
4295;16;5851513;4295;474;5384;5408;5.50;0.34;289.87;3.31;1089;18;1840.00;24
4298;16;5851525;4298;475;5385;5408;5.56;0.34;290.01;3.34;1087;18;1841.00;23
4300;16;5851538;4300;470;5385;5409;5.65;0.35;290.04;3.34;1085;18;1842.00;24
4303;16;5851549;4303;475;5385;5409;5.65;0.35;290.05;3.34;1082;18;1843.00;24
4308;16;5851561;4308;468;5389;5415;5.62;0.34;290.10;3.34;1081;18;1844.00;26
4309;16;5851573;4309;465;5390;5417;5.69;0.35;290.08;3.34;1081;18;1845.00;27
4312;17;5851584;4312;457;5390;5417;5.72;0.35;290.24;3.34;1078;19;1846.00;27
4315;17;5851611;4315;460;5390;5417;5.79;0.35;290.24;3.34;1075;19;1847.00;27
4318;17;5851623;4318;454;5393;5421;5.86;0.36;290.21;3.33;1075;19;1848.00;28
4322;17;5851641;4322;447;5393;5421;5.93;0.36;290.19;3.33;1071;19;1849.00;28
4330;17;5851653;4330;440;5394;5421;5.93;0.36;290.29;3.34;1064;19;1850.00;27
4334;17;5851665;4334;439;5396;5422;6.00;0.37;290.42;3.34;1062;19;1851.00;26
4342;17;5851676;4342;439;5399;5426;6.05;0.37;290.42;3.34;1057;19;1852.00;27
4345;17;5851690;4345;436;5400;5426;6.13;0.38;290.54;3.34;1055;19;1853.00;26
4352;17;5851703;4352;436;5401;5429;6.18;0.38;290.65;3.34;1049;19;1854.00;28
4358;17;5851716;4358;436;5402;5429;6.15;0.37;290.80;3.34;1044;19;1855.00;27
4362;17;5851729;4362;434;5402;5429;6.10;0.37;290.84;3.34;1040;19;1856.00;27
4368;17;5851745;4368;434;5404;5429;6.02;0.37;290.91;3.35;1036;19;1857.00;25
4373;17;5851758;4373;444;5407;5433;5.94;0.36;291.03;3.34;1034;19;1858.00;26
4378;17;5851771;4378;446;5408;5433;5.87;0.36;291.38;3.35;1030;19;1859.00;25
4384;17;5851788;4384;445;5408;5433;5.80;0.35;291.61;3.35;1024;19;1860.00;25
4387;17;5851804;4387;453;5409;5433;5.70;0.35;291.69;3.35;1022;19;1861.00;24
4389;17;5851817;4389;440;5410;5434;5.64;0.34;291.65;3.35;1021;19;1862.00;24
4390;17;5851829;4390;437;5412;5435;5.64;0.34;291.79;3.37;1022;19;1863.00;23
4393;17;5851840;4393;433;5412;5435;5.62;0.34;291.78;3.37;1019;19;1864.00;23
4395;17;5851852;4395;420;5413;5436;5.60;0.34;292.04;3.37;1018;19;1865.00;23
4398;17;5851864;4398;414;5413;5436;5.58;0.34;292.16;3.37;1015;19;1866.00;23
4400;17;5851875;4400;413;5413;5436;5.62;0.34;292.25;3.37;1013;19;1867.00;23
4402;17;5851887;4402;415;5413;5436;5.62;0.34;292.42;3.37;1011;19;1868.00;23
4404;17;5851900;4404;409;5413;5436;5.65;0.34;292.45;3.37;1009;19;1869.00;23
4404;17;5851912;4404;407;5413;5436;5.67;0.35;292.45;3.37;1009;19;1870.00;23
4406;17;5851923;4406;396;5413;5436;5.71;0.35;292.62;3.37;1007;19;1871.00;23
4410;17;5851934;4410;409;5485;5563;6.03;0.37;292.61;3.33;1075;19;1872.00;78
4411;17;5851956;4411;389;5487;5564;6.12;0.38;292.62;3.33;1076;19;1873.00;77
4413;17;5851968;4413;371;5494;5564;6.24;0.39;292.71;3.32;1081;19;1874.00;70
4417;17;5851980;4417;361;5496;5564;6.28;0.39;292.85;3.32;1079;19;1875.00;68
4420;17;5851992;4420;364;5499;5564;6.34;0.39;292.96;3.33;1079;19;1876.00;65
4420;17;5852005;4420;355;5501;5564;6.44;0.40;292.96;3.33;1081;19;1877.00;63
4423;17;5852017;4423;360;5503;5564;6.43;0.40;293.06;3.35;1080;19;1878.00;61
4426;17;5852029;4426;369;5506;5564;6.48;0.40;293.36;3.35;1080;19;1879.00;58
4428;17;5852042;4428;373;5509;5565;6.48;0.40;293.48;3.36;1081;19;1880.00;56
4429;17;5852055;4429;375;5513;5566;6.44;0.40;293.55;3.36;1084;19;1881.00;53
4432;17;5852067;4432;380;5518;5568;6.39;0.39;293.72;3.36;1086;19;1882.00;50
4435;17;5852081;4435;373;5522;5569;6.39;0.39;293.82;3.38;1087;19;1883.00;47
4436;17;5852093;4436;376;5525;5569;6.38;0.39;293.93;3.39;1089;19;1884.00;44
4438;17;5852106;4438;383;5527;5569;6.40;0.39;294.01;3.39;1089;19;1885.00;42
4440;17;5852119;4440;388;5530;5569;6.40;0.39;293.96;3.40;1090;19;1886.00;39
4442;17;5852133;4442;387;5534;5573;6.44;0.40;293.95;3.40;1092;19;1887.00;39
4445;17;5852146;4445;385;5535;5573;6.48;0.40;294.14;3.40;1090;19;1888.00;38
4449;17;5852160;4449;382;5536;5573;6.47;0.40;294.30;3.40;1087;19;1889.00;37
4452;17;5852175;4452;380;5541;5579;6.49;0.40;294.39;3.40;1089;19;1890.00;38
4456;17;5852189;4456;383;5543;5579;6.47;0.40;294.39;3.40;1087;19;1891.00;36
4460;17;5852202;4460;379;5544;5579;6.42;0.39;294.37;3.41;1084;19;1892.00;35
4463;17;5852216;4463;388;5547;5583;6.34;0.39;294.45;3.41;1084;19;1893.00;36
4467;17;5852229;4467;379;5548;5584;6.30;0.38;294.52;3.41;1081;19;1894.00;36
4471;17;5852243;4471;388;5550;5584;6.31;0.38;294.45;3.41;1079;19;1895.00;34
4473;17;5852256;4473;386;5554;5588;6.29;0.38;294.52;3.41;1081;19;1896.00;34
4474;17;5852269;4474;384;5554;5588;6.27;0.38;294.51;3.41;1080;19;1897.00;34
4474;17;5852281;4474;383;5554;5588;6.27;0.38;294.51;3.41;1080;19;1898.00;34
4475;17;5852300;4475;395;5555;5589;6.22;0.38;294.53;3.41;1080;19;1899.00;34
4477;17;5852313;4477;394;5555;5589;6.19;0.38;294.52;3.41;1078;19;1900.00;34
4478;17;5852330;4478;392;5560;5595;6.18;0.38;294.54;3.40;1082;19;1901.00;35
4479;17;5852350;4479;397;5560;5595;6.17;0.37;294.54;3.40;1081;19;1902.00;35
4479;17;5852362;4479;397;5560;5596;6.15;0.37;294.54;3.40;1081;19;1903.00;36
4479;17;5852375;4479;401;5560;5596;6.11;0.37;294.54;3.40;1081;19;1904.00;36
4479;17;5852387;4479;391;5560;5596;6.07;0.37;294.54;3.40;1081;19;1905.00;36
4480;17;5852400;4480;384;5560;5596;6.03;0.37;294.51;3.40;1080;19;1906.00;36
4483;17;5852412;4483;377;5560;5596;6.02;0.37;294.54;3.40;1077;19;1907.00;36
4485;17;5852425;4485;371;5570;5608;6.04;0.37;294.68;3.40;1085;19;1908.00;38
4485;17;5852438;4485;373;5571;5608;6.04;0.37;294.68;3.40;1086;19;1909.00;37
4488;17;5852451;4488;363;5572;5608;5.99;0.36;294.72;3.42;1084;19;1910.00;36
4488;17;5852464;4488;359;5572;5608;6.02;0.37;294.72;3.42;1084;19;1911.00;36
4492;17;5852475;4492;345;5572;5608;6.00;0.36;294.90;3.42;1080;19;1912.00;36
4493;17;5852488;4493;341;5572;5608;6.00;0.37;294.90;3.42;1079;19;1913.00;36
4495;17;5852499;4495;332;5575;5612;5.97;0.36;294.93;3.41;1080;19;1914.00;37
4497;18;5852512;4497;324;5575;5612;5.92;0.36;295.03;3.41;1078;20;1915.00;37
4499;18;5852532;4499;317;5579;5616;5.91;0.36;295.03;3.41;1080;20;1916.00;37
4501;18;5852545;4501;315;5579;5617;5.84;0.36;295.09;3.41;1078;20;1917.00;38
4503;18;5852557;4503;307;5580;5617;5.77;0.35;295.11;3.41;1077;20;1918.00;37
4505;18;5852569;4505;310;5582;5617;5.75;0.35;295.14;3.44;1077;20;1919.00;35
4506;18;5852584;4506;309;5603;5646;5.83;0.35;295.10;3.42;1097;20;1920.00;43
4511;18;5852598;4511;295;5604;5646;5.81;0.35;295.03;3.42;1093;20;1921.00;42
4514;18;5852610;4514;287;5605;5646;5.84;0.36;295.05;3.42;1091;20;1922.00;41
4521;18;5852626;4521;291;5606;5647;5.87;0.36;295.13;3.42;1085;20;1923.00;41
4524;18;5852638;4524;290;5607;5648;5.93;0.36;295.37;3.42;1083;20;1924.00;41
4527;18;5852651;4527;293;5607;5648;6.01;0.37;295.42;3.42;1080;20;1925.00;41
4527;18;5852664;4527;294;5610;5651;6.03;0.37;295.42;3.42;1083;20;1926.00;41
4530;18;5852681;4530;297;5612;5651;6.01;0.37;295.51;3.44;1082;20;1927.00;39
4535;18;5852693;4535;298;5612;5651;5.96;0.36;295.63;3.44;1077;20;1928.00;39
4536;18;5852705;4536;305;5612;5651;5.97;0.36;295.66;3.44;1076;20;1929.00;39
4538;18;5852716;4538;303;5618;5657;6.01;0.36;295.78;3.46;1080;20;1930.00;39
4539;18;5852734;4539;312;5618;5657;5.99;0.36;295.82;3.46;1079;20;1931.00;39
4542;18;5852750;4542;310;5618;5657;5.96;0.36;296.02;3.46;1076;20;1932.00;39
4545;18;5852767;4545;306;5618;5657;5.90;0.36;296.22;3.46;1073;20;1933.00;39
4546;18;5852780;4546;308;5621;5661;5.86;0.36;296.25;3.46;1075;20;1934.00;40
4549;18;5852795;4549;311;5623;5663;5.83;0.35;296.41;3.46;1074;20;1935.00;40
4551;18;5852807;4551;310;5623;5663;5.81;0.35;296.52;3.46;1072;20;1936.00;40
4551;18;5852821;4551;316;5624;5664;5.82;0.35;296.52;3.46;1073;20;1937.00;40
4553;18;5852832;4553;311;5624;5664;5.78;0.35;296.66;3.46;1071;20;1938.00;40
4557;18;5852843;4557;318;5624;5664;5.78;0.35;296.75;3.46;1067;20;1939.00;40
4557;18;5852855;4557;330;5624;5664;5.80;0.35;296.75;3.46;1067;20;1940.00;40
4561;18;5852866;4561;328;5624;5664;5.79;0.35;296.79;3.46;1063;20;1941.00;40
4566;18;5852878;4566;334;5624;5664;5.78;0.35;296.87;3.46;1058;20;1942.00;40
4568;18;5852890;4568;333;5624;5664;5.81;0.35;296.87;3.46;1056;20;1943.00;40
4569;18;5852901;4569;342;5659;5734;6.06;0.37;296.86;3.44;1090;20;1944.00;75
4571;18;5852919;4571;356;5662;5735;6.03;0.37;296.80;3.46;1091;20;1945.00;73
4573;18;5852932;4573;350;5672;5735;6.11;0.37;296.74;3.46;1099;20;1946.00;63
4574;18;5852944;4574;357;5675;5735;6.11;0.37;296.78;3.46;1101;20;1947.00;60
4577;18;5852955;4577;357;5679;5735;6.03;0.37;296.64;3.48;1102;20;1948.00;56
4577;18;5852967;4577;358;5681;5735;6.02;0.37;296.64;3.48;1104;20;1949.00;54
4578;18;5852981;4578;365;5685;5737;6.00;0.37;296.62;3.48;1107;21;1950.00;52
4578;19;5853002;4578;371;5687;5737;5.92;0.36;296.62;3.48;1109;22;1951.00;50
4579;19;5853021;4579;378;5690;5738;5.88;0.36;296.63;3.50;1111;22;1952.00;48
4583;19;5853032;4583;380;5695;5739;5.79;0.35;296.52;3.52;1112;22;1953.00;44
4587;19;5853044;4587;381;5698;5739;5.69;0.35;296.48;3.54;1111;22;1954.00;41
4588;19;5853056;4588;394;5702;5743;5.64;0.34;296.44;3.54;1114;22;1955.00;41
4590;19;5853068;4590;402;5703;5743;5.57;0.34;296.37;3.55;1113;22;1956.00;40
4592;19;5853081;4592;410;5703;5743;5.53;0.34;296.29;3.55;1111;22;1957.00;40
4595;19;5853095;4595;413;5703;5743;5.46;0.33;296.18;3.55;1108;22;1958.00;40
4597;19;5853108;4597;422;5709;5749;5.48;0.33;296.12;3.57;1112;22;1959.00;40
4599;19;5853120;4599;427;5709;5749;5.36;0.33;296.03;3.57;1110;22;1960.00;40
4600;19;5853131;4600;441;5710;5749;5.26;0.32;296.01;3.58;1110;22;1961.00;39
4601;19;5853143;4601;444;5713;5752;5.18;0.32;295.95;3.58;1112;22;1962.00;39
4602;19;5853154;4602;453;5714;5752;5.03;0.31;295.92;3.60;1112;22;1963.00;38
4603;19;5853164;4603;450;5716;5752;4.95;0.30;295.89;3.63;1113;22;1964.00;36
4603;19;5853175;4603;450;5716;5753;4.88;0.30;295.89;3.63;1113;22;1965.00;37
4607;19;5853186;4607;457;5717;5754;4.82;0.29;295.75;3.63;1110;22;1966.00;37
4610;19;5853198;4610;462;5721;5754;4.73;0.29;295.62;3.69;1111;22;1967.00;33
4612;19;5853210;4612;472;5732;5767;4.75;0.29;295.57;3.68;1120;22;1968.00;35
4613;19;5853223;4613;472;5733;5767;4.71;0.29;295.56;3.70;1120;22;1969.00;34
4614;19;5853233;4614;469;5734;5767;4.67;0.28;295.58;3.71;1120;22;1970.00;33
4617;19;5853247;4617;477;5735;5768;4.63;0.28;295.44;3.71;1118;22;1971.00;33
4619;19;5853260;4619;482;5736;5768;4.55;0.28;295.38;3.72;1117;22;1972.00;32
4619;19;5853271;4619;487;5741;5772;4.52;0.28;295.38;3.73;1122;22;1973.00;31
4622;19;5853283;4622;491;5741;5772;4.46;0.27;295.26;3.73;1119;22;1974.00;31
4623;19;5853294;4623;496;5745;5776;4.40;0.27;295.20;3.74;1122;22;1975.00;31
4626;19;5853310;4626;495;5746;5776;4.30;0.26;295.23;3.75;1120;22;1976.00;30
4630;19;5853328;4630;495;5747;5776;4.20;0.25;295.10;3.76;1117;22;1977.00;29
4632;19;5853340;4632;492;5748;5776;4.10;0.25;295.12;3.77;1116;22;1978.00;28
4633;19;5853351;4633;479;5749;5776;4.09;0.25;295.16;3.78;1116;22;1979.00;27
4633;19;5853363;4633;466;5773;5810;4.33;0.27;295.16;3.76;1140;22;1980.00;37
4636;19;5853376;4636;452;5774;5810;4.38;0.27;295.28;3.76;1138;22;1981.00;36
4636;19;5853388;4636;444;5777;5810;4.50;0.28;295.28;3.76;1141;22;1982.00;33
4637;19;5853399;4637;440;5777;5810;4.49;0.28;295.33;3.76;1140;22;1983.00;33
4639;19;5853411;4639;436;5778;5810;4.53;0.28;295.39;3.76;1139;22;1984.00;32
4639;19;5853434;4639;430;5778;5810;4.58;0.28;295.39;3.76;1139;22;1985.00;32
4642;19;5853445;4642;432;5778;5811;4.60;0.28;295.53;3.76;1136;22;1986.00;33
4642;19;5853457;4642;424;5778;5811;4.65;0.29;295.53;3.76;1136;22;1987.00;33
4645;19;5853470;4645;418;5783;5817;4.73;0.29;295.64;3.76;1138;22;1988.00;34
4648;19;5853482;4648;411;5784;5818;4.76;0.29;295.75;3.76;1136;22;1989.00;34
4651;19;5853494;4651;403;5784;5818;4.79;0.29;295.74;3.76;1133;22;1990.00;34
4653;19;5853506;4653;398;5785;5818;4.79;0.29;295.80;3.79;1132;22;1991.00;33
4655;19;5853518;4655;395;5788;5822;4.87;0.30;295.74;3.79;1133;22;1992.00;34
4658;19;5853530;4658;392;5788;5822;4.90;0.30;295.69;3.79;1130;22;1993.00;34
4660;19;5853544;4660;399;5788;5822;4.95;0.30;295.72;3.79;1128;22;1994.00;34
4664;19;5853558;4664;399;5789;5823;4.97;0.30;295.70;3.79;1125;22;1995.00;34
4667;19;5853572;4667;396;5792;5827;5.05;0.31;295.72;3.79;1125;22;1996.00;35
4669;19;5853585;4669;393;5792;5827;5.15;0.31;295.68;3.79;1123;22;1997.00;35
4674;19;5853598;4674;399;5794;5830;5.15;0.31;295.69;3.78;1120;22;1998.00;36
4680;19;5853611;4680;390;5794;5830;5.11;0.31;295.72;3.78;1114;22;1999.00;36
4682;19;5853624;4682;384;5795;5830;5.16;0.31;295.72;3.78;1113;22;2000.00;35
4687;19;5853640;4687;381;5795;5830;5.13;0.31;295.68;3.78;1108;22;2001.00;35
4691;19;5853653;4691;382;5799;5834;5.17;0.31;295.64;3.78;1108;22;2002.00;35
4695;19;5853666;4695;379;5799;5834;5.21;0.32;295.73;3.78;1104;22;2003.00;35
4697;19;5853679;4697;385;5799;5834;5.27;0.32;295.75;3.78;1102;22;2004.00;35
4701;19;5853691;4701;387;5799;5834;5.30;0.32;295.79;3.78;1098;22;2005.00;35
4707;19;5853705;4707;385;5799;5835;5.35;0.32;295.90;3.78;1092;22;2006.00;36
4709;19;5853718;4709;390;5800;5836;5.39;0.33;296.08;3.78;1091;22;2007.00;36
4713;19;5853730;4713;388;5800;5836;5.41;0.33;296.28;3.78;1087;22;2008.00;36
4715;19;5853742;4715;385;5801;5837;5.47;0.33;296.36;3.78;1086;22;2009.00;36
4718;19;5853758;4718;392;5801;5837;5.51;0.33;296.42;3.78;1083;22;2010.00;36
4722;19;5853770;4722;392;5801;5837;5.59;0.34;296.62;3.78;1079;22;2011.00;36
4725;19;5853785;4725;392;5801;5837;5.66;0.34;296.67;3.78;1076;22;2012.00;36
4728;19;5853799;4728;392;5801;5837;5.70;0.35;296.87;3.78;1073;22;2013.00;36
4732;19;5853814;4732;391;5801;5837;5.69;0.35;296.96;3.78;1069;22;2014.00;36
4733;19;5853830;4733;389;5801;5837;5.67;0.34;296.90;3.78;1068;22;2015.00;36
4742;19;5853843;4742;405;5875;5964;5.92;0.36;297.13;3.73;1133;22;2016.00;89
4745;19;5853866;4745;397;5878;5965;5.92;0.36;297.23;3.77;1133;22;2017.00;87
4750;19;5853879;4750;396;5884;5965;6.02;0.37;297.32;3.77;1134;22;2018.00;81
4752;19;5853892;4752;387;5888;5965;6.10;0.37;297.38;3.77;1136;22;2019.00;77
4755;19;5853906;4755;390;5892;5965;6.13;0.38;297.38;3.77;1137;22;2020.00;73
4760;19;5853918;4760;388;5895;5965;6.10;0.37;297.43;3.77;1135;22;2021.00;70
4762;19;5853936;4762;381;5898;5965;6.09;0.37;297.48;3.77;1136;22;2022.00;67
4763;19;5853949;4763;388;5900;5965;6.05;0.37;297.51;3.77;1137;22;2023.00;65
4766;19;5853961;4766;401;5902;5966;6.00;0.37;297.54;3.77;1136;22;2024.00;64
4770;19;5853976;4770;408;5905;5968;5.95;0.36;297.66;3.77;1135;22;2025.00;63
4775;19;5853989;4775;411;5905;5968;5.92;0.36;297.75;3.77;1130;22;2026.00;63
4778;19;5854008;4778;406;5908;5969;5.90;0.36;297.79;3.78;1130;22;2027.00;61
4779;19;5854022;4779;403;5908;5969;5.91;0.36;297.91;3.78;1129;22;2028.00;61
4782;19;5854035;4782;400;5910;5969;5.90;0.36;297.95;3.78;1128;22;2029.00;59
4784;19;5854048;4784;410;5911;5969;5.92;0.36;298.02;3.78;1127;22;2030.00;58
4786;19;5854061;4786;415;5916;5973;5.91;0.36;298.20;3.78;1130;22;2031.00;57
4787;19;5854074;4787;420;5917;5973;5.90;0.36;298.32;3.79;1130;22;2032.00;56
4790;19;5854088;4790;423;5919;5973;5.84;0.36;298.47;3.79;1129;22;2033.00;54
4796;19;5854101;4796;423;5921;5976;5.78;0.35;298.66;3.83;1125;22;2034.00;55
4799;19;5854114;4799;423;5923;5976;5.73;0.35;298.89;3.83;1124;22;2035.00;53
4803;19;5854133;4803;408;5923;5976;5.72;0.35;298.90;3.83;1120;22;2036.00;53
4805;19;5854146;4805;404;5926;5980;5.70;0.35;299.06;3.83;1121;22;2037.00;54
4807;19;5854160;4807;402;5928;5981;5.76;0.35;299.11;3.83;1121;22;2038.00;53
4807;19;5854174;4807;392;5930;5981;5.86;0.36;299.11;3.84;1123;22;2039.00;51
4808;19;5854188;4808;394;5934;5986;5.94;0.36;299.25;3.84;1126;22;2040.00;52
4809;19;5854202;4809;395;5935;5986;6.00;0.37;299.40;3.88;1126;22;2041.00;51
4810;19;5854214;4810;399;5937;5986;6.01;0.37;299.41;3.89;1127;22;2042.00;49
4813;19;5854227;4813;408;5937;5987;6.03;0.37;299.50;3.89;1124;22;2043.00;50
4816;19;5854241;4816;411;5939;5987;5.99;0.36;299.56;3.89;1123;22;2044.00;48
4817;19;5854255;4817;413;5945;5993;6.01;0.36;299.64;3.92;1128;22;2045.00;48
4820;19;5854268;4820;411;5945;5993;5.96;0.36;299.80;3.92;1125;22;2046.00;48
4821;19;5854281;4821;409;5945;5994;5.95;0.36;299.84;3.92;1124;22;2047.00;49
4823;19;5854294;4823;409;5947;5994;5.92;0.36;299.97;3.93;1124;22;2048.00;47
4825;19;5854307;4825;411;5947;5994;5.88;0.36;300.08;3.93;1122;22;2049.00;47
4828;19;5854319;4828;413;5947;5994;5.83;0.35;300.30;3.93;1119;22;2050.00;47
4831;19;5854333;4831;410;5947;5994;5.86;0.35;300.25;3.93;1116;22;2051.00;47
4834;19;5854345;4834;413;5955;6006;5.93;0.36;300.38;3.92;1121;22;2052.00;51
4838;19;5854359;4838;410;5957;6006;5.92;0.36;300.38;3.92;1119;22;2053.00;49
4839;19;5854372;4839;410;5958;6006;5.91;0.36;300.37;3.92;1119;22;2054.00;48
4840;19;5854384;4840;414;5958;6006;5.92;0.36;300.45;3.92;1118;22;2055.00;48
4841;19;5854396;4841;421;5958;6006;5.86;0.36;300.54;3.92;1117;22;2056.00;48
4844;19;5854407;4844;417;5958;6006;5.78;0.35;300.66;3.92;1114;22;2057.00;48
4849;19;5854420;4849;416;5961;6010;5.66;0.34;300.87;3.92;1112;22;2058.00;49
4850;19;5854433;4850;421;5961;6010;5.64;0.34;300.86;3.92;1111;22;2059.00;49
4852;19;5854445;4852;424;5965;6014;5.64;0.34;301.06;3.92;1113;22;2060.00;49
4857;19;5854462;4857;423;5967;6015;5.64;0.34;301.10;3.96;1110;22;2061.00;48
4859;19;5854475;4859;412;5967;6015;5.58;0.34;301.01;3.96;1108;22;2062.00;48
4861;19;5854486;4861;418;5967;6015;5.52;0.33;301.23;3.96;1106;22;2063.00;48
4864;19;5854498;4864;417;5978;6028;5.55;0.34;301.29;3.95;1114;22;2064.00;50
4865;19;5854511;4865;417;5979;6028;5.51;0.33;301.37;3.99;1114;22;2065.00;49
4867;19;5854522;4867;414;5979;6028;5.47;0.33;301.41;3.99;1112;22;2066.00;49
4867;19;5854534;4867;421;5980;6029;5.52;0.33;301.41;3.99;1113;22;2067.00;49
4870;19;5854545;4870;421;5980;6030;5.47;0.33;301.51;3.99;1110;22;2068.00;50
4872;19;5854557;4872;430;5980;6030;5.46;0.33;301.57;3.99;1108;22;2069.00;50
4875;19;5854570;4875;423;5985;6036;5.42;0.33;301.69;4.04;1110;22;2070.00;51
4875;19;5854582;4875;417;5985;6036;5.39;0.33;301.69;4.04;1110;22;2071.00;51
4876;19;5854593;4876;409;5987;6036;5.35;0.32;301.72;4.03;1111;22;2072.00;49
4877;19;5854604;4877;413;5987;6036;5.30;0.32;301.76;4.03;1110;22;2073.00;49
4878;19;5854615;4878;411;5992;6042;5.27;0.32;301.75;4.03;1114;22;2074.00;50
4880;19;5854627;4880;402;5992;6042;5.21;0.32;301.81;4.03;1112;22;2075.00;50
4883;19;5854638;4883;402;5992;6042;5.19;0.32;301.84;4.03;1109;22;2076.00;50
4886;19;5854649;4886;405;5992;6042;5.18;0.32;301.84;4.03;1106;22;2077.00;50
4887;19;5854660;4887;408;5995;6046;5.23;0.32;301.88;4.03;1108;22;2078.00;51
4888;19;5854672;4888;402;5996;6047;5.27;0.32;301.92;4.03;1108;22;2079.00;51
4891;19;5854682;4891;409;5996;6047;5.27;0.32;302.10;4.03;1105;22;2080.00;51
4895;19;5854693;4895;410;5998;6048;5.23;0.32;302.18;4.08;1103;22;2081.00;50
4897;19;5854704;4897;400;5998;6048;5.24;0.32;302.19;4.08;1101;22;2082.00;50
4901;19;5854716;4901;406;5998;6048;5.23;0.32;302.28;4.08;1097;22;2083.00;50
4903;19;5854727;4903;403;6000;6048;5.18;0.32;302.25;4.12;1097;22;2084.00;48
4908;19;5854739;4908;401;6000;6048;5.14;0.31;302.21;4.12;1092;22;2085.00;48
4910;19;5854750;4910;401;6000;6048;5.13;0.31;302.23;4.12;1090;22;2086.00;48
4913;19;5854760;4913;409;6000;6048;5.13;0.31;302.30;4.12;1087;22;2087.00;48
4919;19;5854772;4919;412;6032;6118;5.31;0.32;302.30;4.10;1113;22;2088.00;86
4920;19;5854788;4920;418;6035;6119;5.28;0.32;302.28;4.10;1115;22;2089.00;84
4922;19;5854801;4922;414;6042;6119;5.32;0.32;302.36;4.10;1120;22;2090.00;77
4922;19;5854813;4922;417;6044;6119;5.31;0.32;302.36;4.10;1122;22;2091.00;75
4924;19;5854823;4924;415;6046;6119;5.30;0.32;302.37;4.10;1122;22;2092.00;73
4926;19;5854837;4926;412;6049;6119;5.27;0.32;302.34;4.10;1123;22;2093.00;70
4928;19;5854848;4928;420;6054;6119;5.23;0.32;302.25;4.13;1126;22;2094.00;65
4931;19;5854859;4931;418;6055;6119;5.17;0.31;302.29;4.13;1124;22;2095.00;64
4932;19;5854871;4932;423;6059;6120;5.20;0.32;302.33;4.13;1127;22;2096.00;61
4936;19;5854882;4936;424;6062;6121;5.11;0.31;302.13;4.15;1126;22;2097.00;59
4937;19;5854894;4937;427;6064;6121;5.10;0.31;302.11;4.16;1127;22;2098.00;57
4938;19;5854905;4938;426;6069;6125;5.08;0.31;302.17;4.16;1131;22;2099.00;56
4942;19;5854919;4942;426;6076;6140;4.98;0.30;302.09;4.16;1134;22;2100.00;64
4943;19;5854937;4943;426;6077;6140;4.97;0.30;302.10;4.16;1134;22;2101.00;63
4944;19;5854949;4944;428;6077;6140;4.96;0.30;302.05;4.16;1133;22;2102.00;63
4947;19;5854960;4947;426;6081;6146;4.97;0.30;302.05;4.15;1134;22;2103.00;65
4948;19;5854972;4948;430;6081;6146;4.97;0.30;302.11;4.15;1133;22;2104.00;65
4948;19;5854984;4948;439;6082;6146;4.96;0.30;302.11;4.15;1134;22;2105.00;64
4951;19;5854995;4951;443;6085;6149;4.96;0.30;301.98;4.15;1134;22;2106.00;64
4952;19;5855007;4952;451;6085;6149;4.94;0.30;301.97;4.15;1133;22;2107.00;64
4952;19;5855018;4952;447;6086;6149;4.96;0.30;301.97;4.15;1134;22;2108.00;63
4953;19;5855029;4953;449;6086;6150;4.92;0.30;302.00;4.15;1133;22;2109.00;64
4953;19;5855040;4953;456;6087;6151;4.91;0.30;302.00;4.15;1134;22;2110.00;64
4955;19;5855051;4955;461;6088;6151;4.89;0.30;301.92;4.15;1133;22;2111.00;63
4958;20;5855073;4958;470;6099;6164;4.82;0.30;301.83;4.18;1141;23;2112.00;65
4962;20;5855095;4962;474;6099;6164;4.79;0.29;301.79;4.18;1137;23;2113.00;65
4964;20;5855108;4964;474;6100;6164;4.75;0.29;301.79;4.18;1136;23;2114.00;64
4965;20;5855120;4965;479;6104;6166;4.72;0.29;301.77;4.23;1139;23;2115.00;62
4966;20;5855131;4966;487;6105;6166;4.70;0.29;301.86;4.23;1139;23;2116.00;61
4968;20;5855141;4968;492;6110;6170;4.70;0.29;301.80;4.26;1142;23;2117.00;60
4968;20;5855153;4968;497;6110;6170;4.68;0.29;301.80;4.26;1142;23;2118.00;60
4969;20;5855164;4969;500;6114;6174;4.67;0.29;301.78;4.28;1145;23;2119.00;60
4970;20;5855177;4970;502;6114;6174;4.67;0.29;301.75;4.28;1144;23;2120.00;60
4970;20;5855188;4970;510;6115;6174;4.63;0.28;301.75;4.28;1145;23;2121.00;59
4972;20;5855199;4972;516;6117;6174;4.59;0.28;301.71;4.31;1145;23;2122.00;57
4975;20;5855210;4975;514;6121;6174;4.53;0.28;301.59;4.40;1146;23;2123.00;53
4978;20;5855222;4978;513;6130;6186;4.54;0.28;301.53;4.42;1152;23;2124.00;56
4981;20;5855239;4981;506;6132;6186;4.51;0.27;301.49;4.42;1151;23;2125.00;54
4984;20;5855251;4984;496;6134;6186;4.52;0.27;301.44;4.42;1150;23;2126.00;52
4985;20;5855264;4985;494;6137;6186;4.53;0.27;301.41;4.45;1152;23;2127.00;49
4985;20;5855275;4985;489;6137;6186;4.52;0.27;301.41;4.45;1152;23;2128.00;49
4985;20;5855287;4985;482;6138;6186;4.52;0.27;301.41;4.45;1153;23;2129.00;48
4986;20;5855299;4986;471;6140;6187;4.53;0.28;301.39;4.49;1154;23;2130.00;47
4986;21;5855311;4986;464;6141;6187;4.58;0.28;301.39;4.52;1155;24;2131.00;46
4986;21;5855334;4986;456;6146;6193;4.68;0.28;301.39;4.51;1160;24;2132.00;47
4986;21;5855345;4986;455;6148;6194;4.76;0.29;301.39;4.53;1162;24;2133.00;46
4987;21;5855362;4987;451;6148;6194;4.77;0.29;301.33;4.53;1161;24;2134.00;46
4990;21;5855381;4990;452;6148;6194;4.74;0.29;301.24;4.53;1158;24;2135.00;46
4993;21;5855392;4993;450;6150;6198;4.75;0.29;301.38;4.53;1157;24;2136.00;48
4994;21;5855404;4994;446;6152;6198;4.75;0.29;301.39;4.55;1158;24;2137.00;46
4994;21;5855415;4994;450;6152;6198;4.75;0.29;301.39;4.55;1158;24;2138.00;46
4996;21;5855425;4996;446;6153;6199;4.70;0.29;301.32;4.55;1157;24;2139.00;46
4997;21;5855437;4997;453;6156;6203;4.69;0.29;301.31;4.55;1159;24;2140.00;47
4998;21;5855449;4998;455;6156;6203;4.69;0.29;301.28;4.55;1158;24;2141.00;47
5000;21;5855465;5000;459;6158;6206;4.68;0.28;301.28;4.55;1158;24;2142.00;48
5001;21;5855479;5001;457;6158;6206;4.66;0.28;301.28;4.55;1157;24;2143.00;48
5002;21;5855490;5002;459;6159;6206;4.65;0.28;301.29;4.54;1157;24;2144.00;47
5003;21;5855501;5003;443;6159;6206;4.63;0.28;301.27;4.54;1156;24;2145.00;47
5005;21;5855512;5005;435;6163;6210;4.67;0.28;301.25;4.54;1158;24;2146.00;47
5012;21;5855523;5012;433;6163;6210;4.62;0.28;301.44;4.54;1151;24;2147.00;47
5015;21;5855535;5015;431;6163;6210;4.64;0.28;301.41;4.54;1148;24;2148.00;47
5019;21;5855547;5019;432;6163;6210;4.63;0.28;301.38;4.54;1144;24;2149.00;47
5021;21;5855558;5021;423;6163;6211;4.66;0.28;301.44;4.54;1142;24;2150.00;48
5023;21;5855570;5023;432;6164;6212;4.69;0.29;301.47;4.54;1141;24;2151.00;48
5027;21;5855581;5027;422;6164;6212;4.73;0.29;301.50;4.54;1137;24;2152.00;48
5028;21;5855593;5028;427;6165;6213;4.79;0.29;301.54;4.54;1137;24;2153.00;48
5031;21;5855604;5031;422;6165;6213;4.85;0.29;301.49;4.54;1134;24;2154.00;48
5033;21;5855615;5033;415;6165;6213;4.92;0.30;301.49;4.54;1132;24;2155.00;48
5035;21;5855626;5035;409;6165;6213;4.96;0.30;301.47;4.54;1130;24;2156.00;48
5041;21;5855637;5041;410;6165;6213;4.96;0.30;301.54;4.54;1124;24;2157.00;48
5042;21;5855648;5042;395;6165;6213;5.03;0.31;301.57;4.54;1123;24;2158.00;48
5044;21;5855660;5044;393;6165;6213;5.09;0.31;301.58;4.54;1121;24;2159.00;48
5049;21;5855673;5049;398;6281;6443;5.50;0.34;301.79;4.46;1232;24;2160.00;162
5053;21;5855702;5053;393;6287;6444;5.55;0.35;301.98;4.45;1234;24;2161.00;157
5055;21;5855716;5055;390;6297;6444;5.61;0.35;302.15;4.45;1242;24;2162.00;147
5057;21;5855728;5057;393;6304;6444;5.67;0.35;302.13;4.45;1247;24;2163.00;140
5060;21;5855741;5060;388;6309;6444;5.70;0.36;302.37;4.45;1249;24;2164.00;135
5066;21;5855755;5066;392;6315;6444;5.66;0.35;302.51;4.45;1249;24;2165.00;129
5069;21;5855769;5069;388;6319;6444;5.67;0.35;302.55;4.45;1250;24;2166.00;125
5074;21;5855782;5074;385;6327;6444;5.66;0.35;302.68;4.45;1253;24;2167.00;117
5076;21;5855796;5076;387;6329;6445;5.67;0.35;302.73;4.45;1253;24;2168.00;116
5079;21;5855811;5079;395;6333;6446;5.60;0.35;302.94;4.46;1254;24;2169.00;113
5083;21;5855826;5083;396;6337;6446;5.54;0.34;303.03;4.46;1254;24;2170.00;109
5087;21;5855843;5087;413;6341;6447;5.51;0.34;303.07;4.46;1254;24;2171.00;106
5090;21;5855857;5090;419;6343;6447;5.45;0.34;303.18;4.47;1253;24;2172.00;104
5091;21;5855870;5091;427;6344;6447;5.44;0.34;303.20;4.47;1253;24;2173.00;103
5095;21;5855884;5095;434;6345;6447;5.40;0.33;303.23;4.47;1250;24;2174.00;102
5098;21;5855898;5098;446;6348;6451;5.35;0.33;303.32;4.47;1250;24;2175.00;103
5100;21;5855912;5100;451;6349;6451;5.35;0.33;303.35;4.47;1249;24;2176.00;102
5107;21;5855925;5107;454;6350;6451;5.27;0.32;303.38;4.47;1243;24;2177.00;101
5110;21;5855939;5110;458;6350;6454;5.27;0.32;303.53;4.47;1240;24;2178.00;104
5114;21;5855953;5114;463;6352;6454;5.30;0.32;303.70;4.48;1238;24;2179.00;102
5115;21;5855971;5115;462;6352;6454;5.33;0.33;303.73;4.48;1237;24;2180.00;102
5120;21;5855989;5120;463;6355;6458;5.38;0.33;304.03;4.48;1235;24;2181.00;103
5122;21;5856004;5122;457;6356;6459;5.42;0.33;304.15;4.48;1234;24;2182.00;103
5130;21;5856018;5130;452;6356;6459;5.41;0.33;304.41;4.48;1226;24;2183.00;103
5133;21;5856037;5133;450;6358;6463;5.46;0.33;304.49;4.53;1225;24;2184.00;105
5138;21;5856050;5138;459;6358;6463;5.45;0.33;304.76;4.53;1220;24;2185.00;105
5140;21;5856063;5140;461;6358;6463;5.50;0.34;304.88;4.53;1218;24;2186.00;105
5146;21;5856076;5146;468;6360;6464;5.47;0.34;305.10;4.53;1214;24;2187.00;104
5150;21;5856090;5150;465;6361;6464;5.47;0.33;305.36;4.54;1211;24;2188.00;103
5153;21;5856103;5153;469;6364;6470;5.47;0.34;305.53;4.54;1211;24;2189.00;106
5155;21;5856120;5155;476;6365;6470;5.49;0.34;305.62;4.54;1210;24;2190.00;105
5159;21;5856133;5159;480;6366;6471;5.46;0.33;305.94;4.55;1207;24;2191.00;105
5161;21;5856146;5161;470;6367;6471;5.49;0.34;305.97;4.55;1206;24;2192.00;104
5164;21;5856161;5164;470;6368;6471;5.50;0.34;306.28;4.55;1204;24;2193.00;103
5168;21;5856174;5168;469;6369;6471;5.50;0.34;306.43;4.56;1201;24;2194.00;102
5170;21;5856188;5170;468;6370;6471;5.54;0.34;306.46;4.56;1200;24;2195.00;101
5173;21;5856201;5173;466;6379;6483;5.61;0.34;306.62;4.57;1206;24;2196.00;104
5176;21;5856216;5176;464;6380;6483;5.66;0.35;306.70;4.57;1204;24;2197.00;103
5179;21;5856230;5179;470;6383;6483;5.67;0.35;306.83;4.58;1204;24;2198.00;100
5183;21;5856244;5183;471;6385;6483;5.65;0.34;306.85;4.59;1202;24;2199.00;98
5186;21;5856258;5186;477;6386;6483;5.63;0.34;307.01;4.59;1200;24;2200.00;97
5188;21;5856275;5188;469;6388;6483;5.64;0.34;307.05;4.60;1200;24;2201.00;95
5191;21;5856289;5191;456;6392;6487;5.64;0.34;307.01;4.60;1201;24;2202.00;95
5195;21;5856309;5195;461;6395;6487;5.60;0.34;307.38;4.60;1200;24;2203.00;92
5196;21;5856322;5196;463;6399;6491;5.59;0.34;307.45;4.60;1203;24;2204.00;92
5200;21;5856336;5200;463;6401;6493;5.57;0.34;307.55;4.60;1201;24;2205.00;92
5202;21;5856350;5202;468;6401;6493;5.54;0.34;307.61;4.60;1199;24;2206.00;92
5205;21;5856364;5205;472;6404;6493;5.50;0.33;307.79;4.66;1199;24;2207.00;89
5205;21;5856378;5205;476;6411;6506;5.53;0.34;307.79;4.65;1206;24;2208.00;95
5207;21;5856393;5207;477;6414;6506;5.57;0.34;307.89;4.65;1207;24;2209.00;92
5208;21;5856406;5208;486;6416;6508;5.57;0.34;308.02;4.65;1208;24;2210.00;92
5212;21;5856420;5212;490;6418;6509;5.55;0.34;308.07;4.65;1206;24;2211.00;91
5216;21;5856434;5216;483;6418;6510;5.54;0.34;308.26;4.65;1202;24;2212.00;92
5217;21;5856447;5217;485;6419;6510;5.55;0.34;308.30;4.65;1202;24;2213.00;91
5220;21;5856460;5220;483;6422;6513;5.53;0.34;308.36;4.65;1202;24;2214.00;91
5222;21;5856473;5222;476;6422;6513;5.53;0.34;308.39;4.65;1200;24;2215.00;91
5224;21;5856486;5224;473;6422;6513;5.53;0.34;308.44;4.65;1198;24;2216.00;91
5229;21;5856499;5229;475;6422;6513;5.49;0.33;308.60;4.65;1193;24;2217.00;91
5233;21;5856511;5233;476;6427;6519;5.50;0.33;308.72;4.65;1194;24;2218.00;92
5237;21;5856526;5237;475;6427;6519;5.47;0.33;308.90;4.65;1190;24;2219.00;92
5238;21;5856541;5238;475;6427;6519;5.50;0.34;308.87;4.65;1189;24;2220.00;92
5244;21;5856554;5244;478;6427;6519;5.48;0.33;309.01;4.65;1183;24;2221.00;92
5248;21;5856566;5248;476;6430;6523;5.46;0.33;309.06;4.65;1182;24;2222.00;93
5251;21;5856579;5251;473;6431;6524;5.44;0.33;309.26;4.64;1180;24;2223.00;93
5254;21;5856591;5254;476;6431;6524;5.40;0.33;309.48;4.64;1177;24;2224.00;93
5255;21;5856604;5255;474;6432;6525;5.44;0.33;309.48;4.64;1177;24;2225.00;93
5259;21;5856616;5259;479;6432;6525;5.43;0.33;309.61;4.64;1173;24;2226.00;93
5262;21;5856628;5262;486;6432;6525;5.37;0.33;309.61;4.64;1170;24;2227.00;93
5265;21;5856641;5265;489;6432;6525;5.33;0.33;309.63;4.64;1167;24;2228.00;93
5266;21;5856653;5266;495;6432;6525;5.32;0.32;309.69;4.64;1166;24;2229.00;93
5268;21;5856665;5268;498;6432;6525;5.27;0.32;309.81;4.64;1164;24;2230.00;93
5270;21;5856677;5270;507;6432;6525;5.19;0.32;309.87;4.64;1162;24;2231.00;93
5271;21;5856689;5271;516;6463;6595;5.22;0.32;309.91;4.69;1192;24;2232.00;132
5272;21;5856706;5272;515;6463;6596;5.17;0.32;309.96;4.69;1191;24;2233.00;133
5272;21;5856718;5272;523;6471;6596;5.18;0.32;309.96;4.73;1199;24;2234.00;125
5275;21;5856730;5275;521;6474;6596;5.13;0.32;310.04;4.73;1199;24;2235.00;122
5277;21;5856743;5277;520;6476;6596;5.10;0.31;309.99;4.73;1199;24;2236.00;120
5278;21;5856760;5278;516;6479;6596;5.08;0.31;309.95;4.78;1201;24;2237.00;117
5279;21;5856772;5279;512;6482;6596;5.04;0.31;309.98;4.78;1203;24;2238.00;114
5281;21;5856784;5281;505;6484;6596;4.99;0.31;310.00;4.78;1203;24;2239.00;112
5283;21;5856796;5283;509;6486;6597;4.96;0.30;309.99;4.83;1203;24;2240.00;111
5283;21;5856807;5283;516;6489;6598;4.97;0.31;309.99;4.83;1206;24;2241.00;109
5287;21;5856819;5287;505;6491;6598;4.92;0.30;310.02;4.83;1204;24;2242.00;107
5290;21;5856832;5290;508;6497;6602;4.86;0.30;309.97;4.87;1207;24;2243.00;105
5293;21;5856846;5293;507;6498;6602;4.82;0.30;309.93;4.87;1205;24;2244.00;104
5297;21;5856858;5297;502;6501;6602;4.74;0.29;309.92;4.91;1204;24;2245.00;101
5301;21;5856871;5301;494;6501;6602;4.67;0.29;310.00;4.91;1200;24;2246.00;101
5306;21;5856883;5306;496;6505;6608;4.64;0.28;309.88;4.91;1199;24;2247.00;103
5307;21;5856895;5307;501;6505;6608;4.66;0.28;309.83;4.91;1198;24;2248.00;103
5309;21;5856907;5309;494;6505;6608;4.61;0.28;309.85;4.91;1196;24;2249.00;103
5313;21;5856920;5313;492;6510;6614;4.61;0.28;309.87;4.94;1197;24;2250.00;104
5316;21;5856934;5316;495;6510;6614;4.59;0.28;309.86;4.94;1194;24;2251.00;104
5322;21;5856945;5322;500;6512;6614;4.56;0.28;309.82;4.94;1190;24;2252.00;102
5323;21;5856958;5323;496;6512;6615;4.58;0.28;309.80;4.94;1189;24;2253.00;103
5324;21;5856970;5324;504;6513;6616;4.59;0.28;309.78;4.94;1189;24;2254.00;103
5326;21;5856981;5326;505;6513;6616;4.63;0.28;309.86;4.94;1187;24;2255.00;103
5328;21;5856993;5328;501;6521;6629;4.60;0.28;309.75;4.93;1193;24;2256.00;108
5328;21;5857006;5328;505;6523;6629;4.64;0.28;309.75;4.95;1195;24;2257.00;106
5331;21;5857017;5331;507;6523;6629;4.61;0.28;309.69;4.95;1192;24;2258.00;106
5332;21;5857029;5332;512;6525;6630;4.63;0.28;309.64;4.96;1193;24;2259.00;105
5334;21;5857041;5334;513;6525;6630;4.61;0.28;309.56;4.96;1191;24;2260.00;105
5335;21;5857052;5335;513;6530;6634;4.63;0.28;309.55;4.97;1195;24;2261.00;104
5335;21;5857064;5335;507;6531;6634;4.66;0.28;309.55;4.98;1196;24;2262.00;103
5338;21;5857075;5338;508;6534;6638;4.70;0.29;309.62;4.98;1196;24;2263.00;104
5340;21;5857087;5340;511;6536;6638;4.72;0.29;309.63;4.99;1196;24;2264.00;102
5342;21;5857099;5342;506;6537;6638;4.72;0.29;309.66;5.00;1195;24;2265.00;101
5345;21;5857111;5345;505;6539;6638;4.72;0.29;309.55;5.01;1194;24;2266.00;99
5346;21;5857123;5346;503;6539;6638;4.72;0.29;309.56;5.01;1193;24;2267.00;99
5349;21;5857134;5349;509;6550;6650;4.76;0.29;309.54;5.02;1201;24;2268.00;100
5350;21;5857147;5350;511;6553;6650;4.77;0.29;309.50;5.02;1203;24;2269.00;97
5352;21;5857158;5352;506;6554;6650;4.71;0.28;309.47;5.03;1202;24;2270.00;96
5352;21;5857170;5352;511;6555;6650;4.67;0.28;309.47;5.07;1203;24;2271.00;95
5352;21;5857182;5352;503;6556;6650;4.65;0.28;309.47;5.08;1204;24;2272.00;94
5353;21;5857194;5353;501;6556;6650;4.65;0.28;309.59;5.08;1203;24;2273.00;94
5356;21;5857206;5356;492;6556;6651;4.65;0.28;309.52;5.08;1200;24;2274.00;95
5356;21;5857219;5356;490;6559;6651;4.72;0.29;309.52;5.16;1203;24;2275.00;92
5356;21;5857231;5356;485;6564;6657;4.79;0.29;309.52;5.16;1208;24;2276.00;93
5357;21;5857243;5357;485;6565;6658;4.86;0.30;309.50;5.17;1208;24;2277.00;93
5360;21;5857256;5360;489;6567;6658;4.89;0.30;309.42;5.20;1207;25;2278.00;91
5360;21;5857273;5360;482;6568;6658;4.94;0.30;309.42;5.21;1208;25;2279.00;90
5361;21;5857292;5361;484;6572;6663;5.00;0.30;309.40;5.24;1211;25;2280.00;91
5361;21;5857305;5361;479;6573;6663;4.99;0.30;309.40;5.25;1212;25;2281.00;90
5361;21;5857318;5361;473;6574;6663;4.99;0.30;309.40;5.29;1213;25;2282.00;89
5362;21;5857330;5362;474;6576;6664;5.04;0.31;309.39;5.28;1214;25;2283.00;88
5365;21;5857342;5365;473;6580;6668;5.07;0.31;309.32;5.32;1215;25;2284.00;88
5367;21;5857355;5367;470;6580;6668;5.09;0.31;309.24;5.32;1213;26;2285.00;88
5368;21;5857376;5368;471;6582;6671;5.11;0.31;309.26;5.32;1214;26;2286.00;89
5369;21;5857393;5369;467;6585;6671;5.13;0.31;309.25;5.39;1216;26;2287.00;86
5369;21;5857406;5369;465;6585;6671;5.13;0.31;309.25;5.39;1216;26;2288.00;86
5370;21;5857418;5370;463;6585;6671;5.11;0.31;309.24;5.39;1215;26;2289.00;86
5371;21;5857430;5371;464;6590;6675;5.18;0.32;309.29;5.43;1219;26;2290.00;85
5374;21;5857444;5374;470;6590;6675;5.15;0.31;309.20;5.43;1216;26;2291.00;85
5374;21;5857456;5374;466;6590;6675;5.12;0.31;309.20;5.43;1216;26;2292.00;85
5378;21;5857468;5378;466;6590;6675;5.04;0.31;309.05;5.43;1212;26;2293.00;85
5378;21;5857480;5378;456;6594;6676;4.96;0.30;309.05;5.57;1216;26;2294.00;82
5379;21;5857492;5379;451;6597;6678;4.93;0.30;309.02;5.60;1218;26;2295.00;81
5381;21;5857505;5381;446;6598;6678;4.96;0.30;309.05;5.64;1217;26;2296.00;80
5384;21;5857517;5384;440;6599;6679;4.96;0.30;309.22;5.63;1215;26;2297.00;80
5386;21;5857529;5386;443;6603;6679;4.93;0.30;309.19;5.76;1217;26;2298.00;76
5388;21;5857543;5388;443;6603;6679;4.89;0.30;309.44;5.76;1215;26;2299.00;76
5388;21;5857556;5388;442;6603;6679;4.87;0.30;309.44;5.76;1215;26;2300.00;76
5393;21;5857574;5393;447;6605;6679;4.84;0.30;309.41;5.82;1212;26;2301.00;74
5396;21;5857586;5396;447;6605;6679;4.83;0.30;309.45;5.82;1209;26;2302.00;74
5397;21;5857597;5397;448;6607;6679;4.80;0.29;309.47;5.88;1210;26;2303.00;72
5398;21;5857614;5398;463;6668;6806;5.05;0.31;309.44;5.83;1270;26;2304.00;138
5399;21;5857636;5399;460;6669;6807;5.07;0.32;309.50;5.83;1270;26;2305.00;138
5400;21;5857647;5400;447;6679;6807;5.12;0.32;309.56;5.82;1279;26;2306.00;128
5403;21;5857660;5403;448;6687;6807;5.13;0.32;309.48;5.82;1284;26;2307.00;120
5406;21;5857671;5406;443;6698;6807;5.14;0.32;309.42;5.91;1292;26;2308.00;109
5409;21;5857683;5409;438;6700;6807;5.09;0.32;309.43;5.91;1291;26;2309.00;107
5413;21;5857696;5413;427;6705;6807;5.05;0.31;309.39;5.93;1292;26;2310.00;102
5417;21;5857710;5417;425;6707;6807;4.95;0.31;309.39;5.93;1290;26;2311.00;100
5421;21;5857723;5421;414;6710;6808;4.92;0.30;309.37;5.93;1289;26;2312.00;98
5424;21;5857737;5424;419;6712;6809;4.92;0.30;309.45;5.94;1288;26;2313.00;97
5428;21;5857750;5428;429;6716;6809;4.88;0.30;309.44;5.99;1288;26;2314.00;93
5432;21;5857763;5432;430;6719;6810;4.86;0.30;309.46;6.00;1287;26;2315.00;91
5434;21;5857776;5434;426;6722;6810;4.88;0.30;309.48;6.05;1288;26;2316.00;88
5441;21;5857790;5441;429;6724;6810;4.82;0.30;309.50;6.05;1283;26;2317.00;86
5442;21;5857803;5442;428;6726;6810;4.88;0.30;309.55;6.05;1284;26;2318.00;84
5445;21;5857817;5445;433;6731;6814;4.91;0.30;309.66;6.05;1286;26;2319.00;83
5450;21;5857830;5450;431;6731;6814;4.91;0.30;309.92;6.05;1281;26;2320.00;83
5452;21;5857848;5452;433;6731;6814;4.99;0.31;309.93;6.05;1279;26;2321.00;83
5455;21;5857862;5455;426;6733;6817;5.05;0.31;310.07;6.06;1278;26;2322.00;84
5459;21;5857875;5459;425;6733;6817;5.11;0.32;310.22;6.06;1274;26;2323.00;84
5462;21;5857889;5462;419;6735;6817;5.17;0.32;310.24;6.06;1273;26;2324.00;82
5468;21;5857904;5468;415;6739;6821;5.27;0.32;310.24;6.06;1271;26;2325.00;82
5473;21;5857918;5473;411;6740;6822;5.34;0.33;310.28;6.06;1267;26;2326.00;82
5477;21;5857933;5477;409;6741;6822;5.40;0.33;310.42;6.06;1264;26;2327.00;81
5480;21;5857946;5480;405;6743;6826;5.45;0.34;310.61;6.06;1263;26;2328.00;83
5483;21;5857961;5483;405;6743;6826;5.47;0.34;310.55;6.06;1260;26;2329.00;83
5489;21;5857974;5489;403;6744;6826;5.47;0.34;310.93;6.06;1255;26;2330.00;82
5492;21;5857989;5492;404;6744;6827;5.49;0.34;311.08;6.06;1252;26;2331.00;83
5500;21;5858003;5500;410;6744;6827;5.47;0.33;310.99;6.06;1244;26;2332.00;83
5503;21;5858017;5503;416;6747;6833;5.46;0.33;311.19;6.06;1244;26;2333.00;86
5507;21;5858031;5507;420;6749;6833;5.43;0.33;311.27;6.10;1242;26;2334.00;84
5512;21;5858049;5512;419;6750;6834;5.41;0.33;311.48;6.11;1238;26;2335.00;84
5514;21;5858062;5514;423;6750;6834;5.39;0.33;311.75;6.11;1236;26;2336.00;84
5519;21;5858076;5519;422;6750;6834;5.37;0.33;311.92;6.11;1231;26;2337.00;84
5524;21;5858090;5524;422;6750;6834;5.29;0.32;312.08;6.11;1226;26;2338.00;84
5528;21;5858103;5528;423;6750;6834;5.31;0.32;312.16;6.11;1222;26;2339.00;84
5535;21;5858117;5535;425;6773;6870;5.42;0.33;312.43;6.09;1238;26;2340.00;97
5537;21;5858133;5537;428;6773;6870;5.46;0.33;312.52;6.09;1236;26;2341.00;97
5543;21;5858147;5543;431;6776;6870;5.48;0.34;312.82;6.09;1233;26;2342.00;94
5549;21;5858160;5549;433;6777;6870;5.51;0.34;313.12;6.09;1228;26;2343.00;93
5553;21;5858174;5553;438;6779;6870;5.58;0.34;313.28;6.09;1226;26;2344.00;91
5559;21;5858187;5559;446;6781;6870;5.59;0.34;313.45;6.09;1222;26;2345.00;89
5563;21;5858201;5563;451;6785;6874;5.65;0.35;313.74;6.09;1222;26;2346.00;89
5569;21;5858220;5569;453;6785;6874;5.66;0.35;313.88;6.09;1216;26;2347.00;89
5572;21;5858233;5572;458;6789;6878;5.65;0.34;314.01;6.09;1217;26;2348.00;89
5574;21;5858247;5574;457;6789;6879;5.68;0.35;314.07;6.09;1215;26;2349.00;90
5579;21;5858260;5579;463;6791;6879;5.64;0.34;314.16;6.14;1212;26;2350.00;88
5584;21;5858274;5584;463;6791;6879;5.64;0.34;314.22;6.14;1207;26;2351.00;88
5586;21;5858292;5586;469;6802;6892;5.60;0.34;314.27;6.13;1216;26;2352.00;90
5591;21;5858307;5591;473;6803;6892;5.56;0.34;314.30;6.13;1212;26;2353.00;89
5594;21;5858321;5594;475;6804;6892;5.51;0.34;314.43;6.13;1210;26;2354.00;88
5595;21;5858334;5595;486;6806;6893;5.50;0.33;314.43;6.13;1211;26;2355.00;87
5602;21;5858347;5602;492;6806;6894;5.39;0.33;314.62;6.13;1204;26;2356.00;88
5603;22;5858361;5603;488;6807;6894;5.34;0.32;314.65;6.13;1204;27;2357.00;87
5604;22;5858390;5604;484;6808;6897;5.25;0.32;314.70;6.13;1204;27;2358.00;89
5605;22;5858404;5605;484;6809;6897;5.18;0.32;314.66;6.13;1204;27;2359.00;88
5607;22;5858416;5607;494;6810;6897;5.08;0.31;314.64;6.13;1203;27;2360.00;87
5609;22;5858429;5609;499;6811;6897;5.04;0.31;314.67;6.13;1202;27;2361.00;86
5610;22;5858442;5610;497;6815;6903;5.05;0.31;314.63;6.13;1205;27;2362.00;88
5613;22;5858456;5613;503;6816;6903;5.05;0.31;314.75;6.13;1203;27;2363.00;87
5616;23;5858470;5616;502;6816;6903;5.05;0.31;314.74;6.13;1200;28;2364.00;87
5618;23;5858489;5618;504;6816;6903;5.06;0.31;314.74;6.13;1198;28;2365.00;87
5618;23;5858501;5618;507;6820;6907;5.14;0.31;314.74;6.16;1202;28;2366.00;87
5620;23;5858514;5620;498;6821;6908;5.13;0.31;314.90;6.16;1201;28;2367.00;87
5622;23;5858527;5622;501;6821;6908;5.17;0.32;314.88;6.16;1199;28;2368.00;87
5625;23;5858540;5625;501;6822;6909;5.18;0.32;315.09;6.16;1197;28;2369.00;87
5626;23;5858556;5626;503;6822;6909;5.18;0.32;315.07;6.16;1196;28;2370.00;87
5628;23;5858568;5628;506;6822;6909;5.17;0.32;315.13;6.16;1194;28;2371.00;87
5632;23;5858581;5632;508;6822;6909;5.16;0.31;315.20;6.16;1190;28;2372.00;87
5635;23;5858595;5635;512;6822;6909;5.16;0.31;315.25;6.16;1187;28;2373.00;87
5640;23;5858608;5640;519;6823;6909;5.12;0.31;315.27;6.19;1183;28;2374.00;86
5641;23;5858621;5641;515;6823;6909;5.10;0.31;315.34;6.19;1182;28;2375.00;86
5644;23;5858634;5644;538;6861;6979;5.09;0.31;315.46;6.16;1217;28;2376.00;118
5646;23;5858653;5646;531;6862;6980;5.07;0.31;315.60;6.16;1216;28;2377.00;118
5651;23;5858670;5651;526;6868;6980;5.08;0.31;315.57;6.15;1217;28;2378.00;112
5651;23;5858683;5651;524;6872;6980;5.11;0.31;315.57;6.15;1221;28;2379.00;108
5652;23;5858696;5652;529;6874;6980;5.11;0.31;315.61;6.15;1222;28;2380.00;106
5654;23;5858709;5654;530;6876;6980;5.11;0.31;315.74;6.15;1222;28;2381.00;104
5655;23;5858723;5655;530;6878;6980;5.16;0.31;315.75;6.15;1223;28;2382.00;102
5655;23;5858736;5655;525;6880;6980;5.25;0.32;315.75;6.15;1225;28;2383.00;100
5655;23;5858750;5655;530;6882;6981;5.32;0.32;315.75;6.15;1227;28;2384.00;99
5658;23;5858763;5658;529;6887;6983;5.29;0.32;315.87;6.18;1229;28;2385.00;96
5659;23;5858776;5659;528;6890;6983;5.20;0.32;315.95;6.19;1231;28;2386.00;93
5662;23;5858789;5662;529;6896;6987;5.13;0.31;315.98;6.18;1234;28;2387.00;91
5665;23;5858803;5665;530;6896;6987;5.08;0.31;316.00;6.18;1231;28;2388.00;91
5669;23;5858817;5669;535;6896;6987;4.96;0.30;316.25;6.18;1227;28;2389.00;91
5672;23;5858835;5672;535;6896;6987;4.87;0.30;316.33;6.18;1224;28;2390.00;91
5675;23;5858850;5675;537;6901;6993;4.82;0.29;316.31;6.18;1226;28;2391.00;92
5676;23;5858864;5676;546;6901;6993;4.79;0.29;316.31;6.18;1225;28;2392.00;92
5679;23;5858876;5679;551;6902;6993;4.74;0.29;316.58;6.21;1223;28;2393.00;91
5680;23;5858889;5680;564;6904;6996;4.78;0.29;316.72;6.21;1224;28;2394.00;92
5682;23;5858902;5682;568;6904;6996;4.76;0.29;316.64;6.21;1222;28;2395.00;92
5684;23;5858915;5684;571;6905;6996;4.78;0.29;316.73;6.21;1221;28;2396.00;91
5688;23;5858927;5688;574;6906;6997;4.72;0.29;316.81;6.24;1218;28;2397.00;91
5690;23;5858940;5690;584;6907;6998;4.71;0.29;316.90;6.24;1217;28;2398.00;91
5692;23;5858952;5692;594;6907;6998;4.66;0.28;317.04;6.24;1215;28;2399.00;91
5693;23;5858967;5693;598;6931;7057;4.61;0.28;316.99;6.26;1238;28;2400.00;126
5697;23;5858988;5697;585;6931;7057;4.61;0.28;316.96;6.26;1234;28;2401.00;126
5702;23;5859001;5702;580;6933;7057;4.65;0.28;316.84;6.25;1231;28;2402.00;124
5705;23;5859014;5705;579;6936;7058;4.67;0.29;317.03;6.29;1231;28;2403.00;122
5711;23;5859026;5711;575;6938;7058;4.61;0.28;316.99;6.29;1227;28;2404.00;120
5711;23;5859039;5711;575;6941;7062;4.65;0.29;316.99;6.28;1230;28;2405.00;121
5713;23;5859051;5713;576;6944;7062;4.64;0.28;316.94;6.32;1231;28;2406.00;118
5714;23;5859063;5714;566;6947;7066;4.65;0.29;316.98;6.32;1233;28;2407.00;119
5717;23;5859075;5717;565;6949;7066;4.65;0.29;316.99;6.32;1232;28;2408.00;117
5719;23;5859088;5719;559;6949;7066;4.70;0.29;316.92;6.32;1230;28;2409.00;117
5721;23;5859100;5721;556;6949;7066;4.69;0.29;316.86;6.32;1228;28;2410.00;117
5723;23;5859112;5723;562;6950;7066;4.66;0.29;316.84;6.32;1227;28;2411.00;116
5724;23;5859124;5724;555;6960;7078;4.69;0.29;316.84;6.35;1236;28;2412.00;118
5727;23;5859136;5727;553;6960;7078;4.71;0.29;316.85;6.35;1233;28;2413.00;118
5731;23;5859148;5731;546;6962;7078;4.76;0.29;316.93;6.35;1231;28;2414.00;116
5733;23;5859160;5733;542;6964;7078;4.77;0.29;316.89;6.42;1231;28;2415.00;114
5736;23;5859174;5736;545;6964;7078;4.80;0.29;316.79;6.42;1228;28;2416.00;114
5741;23;5859187;5741;549;6966;7078;4.82;0.30;316.72;6.46;1225;28;2417.00;112
5744;23;5859199;5744;545;6968;7079;4.85;0.30;316.65;6.46;1224;28;2418.00;111
5745;23;5859211;5745;525;6968;7079;4.86;0.30;316.61;6.46;1223;28;2419.00;111
5750;23;5859229;5750;516;6972;7085;4.87;0.30;316.64;6.50;1222;28;2420.00;113
5750;23;5859242;5750;506;6973;7086;4.91;0.30;316.64;6.50;1223;28;2421.00;113
5753;23;5859254;5753;502;6975;7086;4.90;0.30;316.76;6.50;1222;28;2422.00;111
5755;23;5859268;5755;503;6977;7086;4.84;0.29;316.72;6.54;1222;28;2423.00;109
5757;23;5859280;5757;507;6982;7090;4.88;0.30;316.66;6.54;1225;28;2424.00;108
5758;23;5859294;5758;502;6982;7090;4.90;0.30;316.61;6.54;1224;28;2425.00;108
5760;23;5859306;5760;503;6982;7090;4.92;0.30;316.69;6.54;1222;28;2426.00;108
5764;23;5859319;5764;507;6986;7091;4.94;0.30;316.64;6.55;1222;28;2427.00;105
5768;23;5859332;5768;505;6989;7095;4.99;0.30;316.55;6.54;1221;28;2428.00;106
5768;23;5859345;5768;506;6990;7095;5.05;0.31;316.55;6.55;1222;28;2429.00;105
5771;23;5859358;5771;502;6995;7101;5.11;0.31;316.54;6.54;1224;28;2430.00;106
5772;23;5859371;5772;500;6995;7101;5.15;0.31;316.56;6.54;1223;28;2431.00;106
5773;23;5859384;5773;498;6997;7101;5.21;0.32;316.58;6.54;1224;28;2432.00;104
5775;23;5859397;5775;492;6997;7101;5.15;0.31;316.58;6.54;1222;28;2433.00;104
5775;23;5859414;5775;496;7002;7105;5.17;0.31;316.58;6.54;1227;28;2434.00;103
5776;23;5859428;5776;492;7002;7105;5.20;0.32;316.55;6.54;1226;28;2435.00;103
5777;23;5859440;5777;497;7003;7105;5.21;0.32;316.56;6.59;1226;28;2436.00;102
5777;23;5859453;5777;492;7004;7105;5.26;0.32;316.56;6.60;1227;28;2437.00;101
5778;23;5859465;5778;494;7004;7106;5.29;0.32;316.54;6.60;1226;28;2438.00;102
5778;23;5859477;5778;501;7007;7107;5.26;0.32;316.54;6.64;1229;28;2439.00;100
5779;23;5859490;5779;499;7007;7107;5.29;0.32;316.52;6.64;1228;28;2440.00;100
5782;23;5859501;5782;500;7008;7108;5.31;0.32;316.57;6.64;1226;28;2441.00;100
5782;23;5859514;5782;511;7009;7108;5.34;0.33;316.57;6.68;1227;28;2442.00;99
5783;23;5859526;5783;509;7010;7108;5.33;0.32;316.71;6.69;1227;28;2443.00;98
5786;23;5859538;5786;515;7013;7108;5.29;0.32;316.71;6.74;1227;28;2444.00;95
5788;23;5859550;5788;519;7013;7108;5.28;0.32;316.88;6.74;1225;28;2445.00;95
5788;23;5859563;5788;518;7014;7108;5.34;0.33;316.88;6.78;1226;28;2446.00;94
5789;23;5859575;5789;516;7015;7108;5.33;0.33;316.85;6.82;1226;28;2447.00;93
5792;23;5859587;5792;538;7076;7235;5.54;0.34;316.88;6.76;1284;28;2448.00;159
5798;23;5859609;5798;533;7080;7236;5.50;0.34;316.93;6.76;1282;28;2449.00;156
5799;23;5859644;5799;523;7090;7236;5.54;0.34;316.98;6.76;1291;28;2450.00;146
5803;23;5859660;5803;531;7093;7236;5.48;0.34;317.06;6.75;1290;28;2451.00;143
5806;23;5859674;5806;522;7099;7236;5.48;0.34;317.03;6.75;1293;28;2452.00;137
5806;23;5859687;5806;522;7100;7236;5.45;0.34;317.03;6.75;1294;28;2453.00;136
5811;23;5859700;5811;520;7105;7236;5.43;0.33;317.07;6.76;1294;28;2454.00;131
5813;23;5859713;5813;516;7106;7236;5.43;0.33;317.19;6.76;1293;28;2455.00;130
5813;23;5859727;5813;516;7109;7237;5.44;0.33;317.19;6.76;1296;28;2456.00;128
5815;23;5859740;5815;518;7113;7238;5.45;0.33;317.32;6.76;1298;28;2457.00;125
5819;23;5859753;5819;527;7115;7238;5.43;0.33;317.43;6.76;1296;28;2458.00;123
5820;23;5859766;5820;521;7117;7239;5.41;0.33;317.53;6.76;1297;28;2459.00;122
5821;23;5859781;5821;523;7121;7239;5.38;0.33;317.52;6.77;1300;28;2460.00;118
5823;23;5859794;5823;528;7122;7239;5.35;0.33;317.63;6.77;1299;28;2461.00;117
5828;23;5859807;5828;526;7126;7239;5.28;0.32;317.70;6.78;1298;28;2462.00;113
5831;23;5859823;5831;524;7131;7243;5.30;0.32;317.62;6.78;1300;28;2463.00;112
5835;23;5859842;5835;524;7133;7243;5.25;0.32;317.66;6.78;1298;28;2464.00;110
5838;23;5859857;5838;526;7134;7243;5.21;0.32;317.67;6.78;1296;28;2465.00;109
5839;23;5859870;5839;527;7139;7246;5.19;0.32;317.66;6.80;1300;28;2466.00;107
5842;23;5859883;5842;535;7140;7246;5.14;0.31;317.80;6.80;1298;28;2467.00;106
5844;23;5859896;5844;542;7142;7246;5.13;0.31;317.76;6.80;1298;28;2468.00;104
5844;23;5859909;5844;547;7147;7250;5.14;0.31;317.76;6.80;1303;28;2469.00;103
5847;23;5859922;5847;550;7148;7251;5.10;0.31;317.89;6.80;1301;28;2470.00;103
5849;23;5859935;5849;551;7149;7251;5.12;0.31;317.98;6.80;1300;28;2471.00;102
5850;23;5859948;5850;550;7151;7255;5.10;0.31;317.95;6.80;1301;28;2472.00;104
5853;23;5859960;5853;541;7152;7255;5.09;0.31;318.00;6.80;1299;28;2473.00;103
5858;23;5859975;5858;545;7153;7255;5.06;0.31;318.18;6.80;1295;28;2474.00;102
5862;23;5859987;5862;532;7154;7257;5.04;0.31;318.17;6.80;1292;28;2475.00;103
5864;23;5860000;5864;522;7155;7257;5.04;0.31;318.34;6.80;1291;28;2476.00;102
5869;23;5860013;5869;513;7160;7263;5.05;0.31;318.29;6.79;1291;28;2477.00;103
5873;23;5860028;5873;508;7160;7263;5.01;0.31;318.42;6.79;1287;28;2478.00;103
5878;23;5860041;5878;505;7161;7264;5.01;0.31;318.57;6.79;1283;28;2479.00;103
5880;23;5860054;5880;504;7161;7264;5.05;0.31;318.63;6.79;1281;28;2480.00;103
5885;23;5860068;5885;502;7161;7264;5.07;0.31;318.86;6.79;1276;28;2481.00;103
5888;23;5860081;5888;487;7161;7264;5.09;0.31;318.81;6.79;1273;28;2482.00;103
5895;23;5860095;5895;484;7161;7264;5.11;0.31;318.86;6.79;1266;28;2483.00;103
5898;23;5860109;5898;472;7172;7276;5.20;0.32;318.87;6.78;1274;28;2484.00;104
5899;23;5860123;5899;473;7172;7276;5.28;0.32;318.85;6.78;1273;28;2485.00;104
5902;23;5860136;5902;478;7172;7276;5.32;0.33;318.90;6.78;1270;28;2486.00;104
5904;23;5860151;5904;466;7172;7276;5.37;0.33;318.86;6.78;1268;28;2487.00;104
5908;23;5860170;5908;458;7172;7276;5.42;0.33;318.98;6.78;1264;28;2488.00;104
5911;23;5860189;5911;442;7172;7276;5.48;0.34;319.15;6.78;1261;28;2489.00;104
5916;23;5860205;5916;448;7175;7280;5.52;0.34;319.31;6.78;1259;28;2490.00;105
5918;23;5860219;5918;441;7175;7280;5.55;0.34;319.30;6.78;1257;28;2491.00;105
5921;23;5860234;5921;441;7178;7284;5.58;0.34;319.39;6.78;1257;28;2492.00;106
5926;23;5860248;5926;442;7179;7285;5.56;0.34;319.57;6.78;1253;28;2493.00;106
5928;23;5860262;5928;443;7179;7285;5.56;0.34;319.62;6.78;1251;28;2494.00;106
5932;23;5860276;5932;446;7179;7285;5.52;0.34;319.69;6.78;1247;28;2495.00;106
5936;23;5860290;5936;448;7188;7298;5.56;0.34;319.70;6.77;1252;28;2496.00;110
5940;23;5860305;5940;456;7188;7298;5.53;0.34;320.00;6.77;1248;28;2497.00;110
5945;23;5860320;5945;451;7189;7298;5.53;0.34;320.12;6.77;1244;28;2498.00;109
5950;23;5860335;5950;452;7190;7299;5.54;0.34;320.24;6.77;1240;28;2499.00;109
5955;23;5860352;5955;445;7191;7300;5.50;0.34;320.31;6.81;1236;28;2500.00;109
5958;23;5860372;5958;448;7191;7300;5.49;0.34;320.36;6.81;1233;28;2501.00;109
5966;23;5860387;5966;445;7192;7303;5.44;0.33;320.46;6.81;1226;28;2502.00;111
5968;23;5860404;5968;448;7192;7303;5.36;0.33;320.44;6.81;1224;28;2503.00;111
5975;23;5860418;5975;452;7192;7303;5.26;0.32;320.46;6.81;1217;28;2504.00;111
5978;23;5860436;5978;462;7192;7303;5.16;0.32;320.53;6.81;1214;28;2505.00;111
5981;23;5860455;5981;461;7197;7309;5.10;0.31;320.52;6.81;1216;28;2506.00;112
5984;23;5860471;5984;468;7197;7309;5.09;0.31;320.55;6.81;1213;28;2507.00;112
5989;23;5860485;5989;464;7197;7309;5.07;0.31;320.56;6.81;1208;28;2508.00;112
5994;23;5860500;5994;462;7197;7309;5.08;0.31;320.67;6.81;1203;28;2509.00;112
5999;23;5860518;5999;470;7200;7313;5.20;0.32;320.67;6.81;1201;28;2510.00;113
6003;23;5860533;6003;464;7201;7314;5.26;0.32;320.81;6.81;1198;28;2511.00;113
6004;23;5860548;6004;465;7201;7314;5.33;0.33;320.84;6.81;1197;28;2512.00;113
6009;23;5860563;6009;467;7202;7315;5.30;0.32;321.10;6.81;1193;28;2513.00;113
6012;23;5860577;6012;470;7203;7315;5.28;0.32;321.13;6.81;1191;28;2514.00;112
6016;23;5860595;6016;476;7203;7315;5.25;0.32;321.08;6.81;1187;28;2515.00;112
6024;23;5860611;6024;486;7203;7315;5.19;0.32;321.39;6.81;1179;28;2516.00;112
6028;23;5860626;6028;495;7204;7315;5.10;0.31;321.49;6.81;1176;28;2517.00;111
6030;23;5860641;6030;507;7205;7315;5.06;0.31;321.64;6.81;1175;28;2518.00;110
6035;23;5860655;6035;519;7205;7315;4.99;0.30;321.72;6.81;1170;28;2519.00;110
6036;23;5860671;6036;547;7271;7440;5.18;0.32;321.77;6.75;1235;28;2520.00;169
6040;23;5860696;6040;543;7274;7441;5.18;0.32;321.97;6.75;1234;28;2521.00;167
6043;23;5860712;6043;537;7281;7441;5.19;0.32;322.12;6.74;1238;28;2522.00;160
6047;23;5860728;6047;539;7281;7441;5.22;0.32;322.25;6.74;1234;28;2523.00;160
6049;23;5860744;6049;529;7287;7441;5.28;0.32;322.28;6.74;1238;28;2524.00;154
6051;23;5860760;6051;535;7287;7441;5.23;0.32;322.46;6.74;1236;28;2525.00;154
6055;23;5860776;6055;535;7293;7441;5.24;0.32;322.54;6.74;1238;28;2526.00;148
6055;23;5860793;6055;533;7295;7441;5.18;0.32;322.54;6.74;1240;28;2527.00;146
6059;23;5860807;6059;536;7298;7442;5.12;0.31;322.62;6.74;1239;28;2528.00;144
6062;23;5860821;6062;537;7302;7443;5.06;0.31;322.64;6.74;1240;28;2529.00;141
6064;23;5860836;6064;539;7305;7443;4.99;0.31;322.71;6.74;1241;28;2530.00;138
6067;23;5860850;6067;529;7311;7447;4.97;0.31;322.71;6.74;1244;28;2531.00;136
6071;23;5860866;6071;531;7313;7447;4.95;0.30;322.84;6.75;1242;28;2532.00;134
6074;23;5860882;6074;546;7315;7447;4.92;0.30;322.92;6.75;1241;28;2533.00;132
6078;23;5860898;6078;549;7315;7447;4.88;0.30;323.16;6.75;1237;28;2534.00;132
6079;23;5860914;6079;561;7320;7453;4.82;0.30;323.20;6.74;1241;28;2535.00;133
6081;23;5860931;6081;568;7321;7453;4.82;0.30;323.24;6.74;1240;28;2536.00;132
6083;23;5860949;6083;572;7322;7455;4.81;0.30;323.21;6.74;1239;28;2537.00;133
6084;23;5860967;6084;584;7326;7458;4.83;0.30;323.22;6.74;1242;28;2538.00;132
6085;23;5860986;6085;580;7326;7458;4.87;0.30;323.18;6.74;1241;28;2539.00;132
6086;23;5861003;6086;584;7326;7458;4.88;0.30;323.19;6.74;1240;28;2540.00;132
6086;23;5861018;6086;584;7326;7459;4.92;0.30;323.19;6.74;1240;28;2541.00;133
6090;23;5861032;6090;579;7327;7460;4.97;0.31;323.26;6.74;1237;28;2542.00;133
6092;23;5861048;6092;577;7327;7460;4.97;0.31;323.19;6.74;1235;28;2543.00;133
6095;23;5861062;6095;574;7338;7473;4.99;0.31;323.40;6.73;1243;28;2544.00;135
6099;23;5861078;6099;571;7338;7473;4.98;0.31;323.36;6.73;1239;28;2545.00;135
6103;23;5861093;6103;565;7338;7473;4.94;0.30;323.49;6.73;1235;28;2546.00;135
6104;23;5861108;6104;568;7339;7474;4.93;0.30;323.49;6.73;1235;28;2547.00;135
6107;23;5861122;6107;566;7340;7474;4.87;0.30;323.56;6.78;1233;28;2548.00;134
6110;23;5861136;6110;573;7344;7478;4.84;0.30;323.48;6.78;1234;28;2549.00;134
6112;23;5861152;6112;580;7347;7481;4.79;0.29;323.53;6.77;1235;28;2550.00;134
6116;23;5861165;6116;576;7350;7485;4.81;0.30;323.57;6.77;1234;28;2551.00;135
6117;23;5861179;6117;575;7350;7485;4.83;0.30;323.56;6.77;1233;28;2552.00;135
6124;23;5861192;6124;575;7350;7485;4.77;0.29;323.41;6.77;1226;28;2553.00;135
6127;23;5861206;6127;581;7350;7485;4.73;0.29;323.31;6.77;1223;28;2554.00;135
6130;23;5861218;6130;580;7350;7485;4.69;0.29;323.40;6.77;1220;28;2555.00;135
6132;23;5861231;6132;590;7360;7497;4.74;0.29;323.36;6.76;1228;28;2556.00;137
6134;23;5861245;6134;589;7361;7497;4.73;0.29;323.42;6.76;1227;28;2557.00;136
6135;23;5861258;6135;593;7361;7497;4.73;0.29;323.40;6.76;1226;28;2558.00;136
6136;23;5861270;6136;601;7361;7497;4.72;0.29;323.51;6.76;1225;28;2559.00;136
6139;23;5861283;6139;604;7361;7497;4.70;0.29;323.41;6.76;1222;28;2560.00;136
6142;23;5861296;6142;603;7361;7497;4.70;0.29;323.39;6.76;1219;28;2561.00;136
6143;23;5861307;6143;605;7361;7498;4.70;0.29;323.43;6.76;1218;28;2562.00;137
6144;23;5861320;6144;615;7361;7498;4.64;0.28;323.44;6.76;1217;28;2563.00;137
6146;23;5861337;6146;622;7366;7504;4.62;0.28;323.44;6.76;1220;28;2564.00;138
6147;23;5861351;6147;622;7368;7506;4.56;0.28;323.46;6.75;1221;28;2565.00;138
6148;23;5861363;6148;605;7368;7506;4.52;0.28;323.54;6.75;1220;28;2566.00;138
6151;23;5861377;6151;595;7368;7506;4.46;0.27;323.56;6.75;1217;28;2567.00;138
6155;23;5861389;6155;582;7371;7510;4.45;0.27;323.68;6.75;1216;28;2568.00;139
6157;23;5861403;6157;573;7371;7510;4.42;0.27;323.71;6.75;1214;28;2569.00;139
6157;23;5861415;6157;562;7371;7510;4.43;0.27;323.71;6.75;1214;28;2570.00;139
6158;23;5861427;6158;548;7372;7511;4.51;0.27;323.67;6.75;1214;28;2571.00;139
6159;23;5861440;6159;533;7375;7515;4.56;0.28;323.70;6.75;1216;28;2572.00;140
6160;23;5861453;6160;529;7375;7515;4.63;0.28;323.71;6.75;1215;28;2573.00;140
6162;23;5861465;6162;516;7377;7518;4.72;0.29;323.76;6.75;1215;28;2574.00;141
6163;23;5861478;6163;512;7377;7518;4.78;0.29;323.77;6.75;1214;28;2575.00;141
6165;23;5861490;6165;506;7378;7518;4.86;0.29;323.73;6.75;1213;28;2576.00;140
6165;23;5861502;6165;499;7378;7518;4.93;0.30;323.73;6.75;1213;28;2577.00;140
6167;23;5861513;6167;501;7382;7522;5.00;0.30;323.69;6.74;1215;28;2578.00;140
6168;24;5861526;6168;490;7382;7522;5.07;0.31;323.73;6.74;1214;29;2579.00;140
6172;24;5861552;6172;481;7383;7522;5.06;0.31;323.66;6.80;1211;29;2580.00;139
6174;24;5861565;6174;477;7384;7522;5.09;0.31;323.69;6.86;1210;29;2581.00;138
6177;24;5861577;6177;475;7384;7523;5.16;0.31;323.82;6.86;1207;29;2582.00;139
6182;24;5861589;6182;474;7385;7524;5.20;0.31;323.81;6.85;1203;29;2583.00;139
6183;24;5861602;6183;472;7385;7524;5.23;0.32;323.85;6.85;1202;29;2584.00;139
6184;24;5861614;6184;465;7386;7525;5.29;0.32;323.92;6.85;1202;29;2585.00;139
6185;24;5861627;6185;469;7386;7525;5.37;0.32;323.87;6.85;1201;29;2586.00;139
6186;24;5861640;6186;473;7386;7525;5.41;0.33;323.95;6.85;1200;29;2587.00;139
6189;24;5861657;6189;470;7386;7525;5.41;0.33;324.14;6.85;1197;29;2588.00;139
6189;24;5861669;6189;468;7386;7525;5.47;0.33;324.14;6.85;1197;29;2589.00;139
6192;24;5861681;6192;471;7386;7525;5.47;0.33;324.32;6.85;1194;29;2590.00;139
6193;24;5861693;6193;474;7386;7525;5.46;0.33;324.36;6.85;1193;29;2591.00;139
6194;24;5861706;6194;475;7452;7652;5.70;0.35;324.33;6.79;1258;29;2592.00;200
6197;24;5861727;6197;470;7454;7653;5.67;0.35;324.39;6.79;1257;29;2593.00;199
6201;24;5861742;6201;465;7463;7653;5.74;0.35;324.40;6.79;1262;29;2594.00;190
6204;24;5861755;6204;467;7467;7653;5.77;0.35;324.49;6.78;1263;29;2595.00;186
6205;24;5861768;6205;459;7472;7653;5.83;0.36;324.48;6.78;1267;29;2596.00;181
6210;24;5861780;6210;458;7473;7653;5.83;0.36;324.53;6.78;1263;29;2597.00;180
6214;24;5861798;6214;458;7476;7653;5.82;0.36;324.64;6.84;1262;29;2598.00;177
6215;24;5861813;6215;464;7478;7653;5.80;0.35;324.72;6.84;1263;29;2599.00;175
6219;24;5861828;6219;462;7480;7654;5.78;0.35;324.93;6.90;1261;29;2600.00;174
6222;24;5861845;6222;466;7485;7655;5.82;0.36;325.03;6.90;1263;29;2601.00;170
6222;24;5861858;6222;465;7486;7655;5.84;0.36;325.03;6.90;1264;29;2602.00;169
6223;24;5861871;6223;472;7490;7656;5.84;0.36;325.04;6.90;1267;29;2603.00;166
6226;24;5861890;6226;473;7493;7656;5.88;0.36;325.20;6.96;1267;29;2604.00;163
6228;24;5861903;6228;477;7496;7656;5.94;0.36;325.24;6.96;1268;29;2605.00;160
6231;24;5861916;6231;478;7502;7656;5.97;0.37;325.28;7.08;1271;29;2606.00;154
6236;24;5861930;6236;483;7506;7660;5.95;0.37;325.35;7.08;1270;29;2607.00;154
6239;24;5861944;6239;489;7511;7660;5.92;0.36;325.34;7.20;1272;29;2608.00;149
6243;24;5861957;6243;489;7513;7660;5.89;0.36;325.42;7.21;1270;29;2609.00;147
6245;24;5861977;6245;489;7517;7666;5.86;0.36;325.52;7.21;1272;29;2610.00;149
6248;24;5861991;6248;491;7520;7666;5.85;0.36;325.61;7.26;1272;29;2611.00;146
6251;24;5862005;6251;489;7521;7666;5.83;0.36;325.58;7.26;1270;29;2612.00;145
6252;24;5862019;6252;486;7525;7670;5.81;0.36;325.60;7.32;1273;29;2613.00;145
6254;24;5862032;6254;491;7528;7671;5.83;0.36;325.70;7.32;1274;29;2614.00;143
6258;24;5862046;6258;493;7529;7671;5.82;0.36;325.64;7.32;1271;30;2615.00;142
6261;24;5862064;6261;485;7534;7675;5.84;0.36;325.64;7.42;1273;30;2616.00;141
6265;24;5862077;6265;489;7534;7675;5.82;0.36;325.58;7.42;1269;30;2617.00;141
6265;24;5862091;6265;488;7535;7675;5.81;0.35;325.58;7.48;1270;30;2618.00;140
6267;24;5862109;6267;494;7536;7676;5.80;0.35;325.58;7.48;1269;30;2619.00;140
6268;24;5862127;6268;499;7537;7676;5.76;0.35;325.58;7.53;1269;30;2620.00;139
6271;24;5862140;6271;501;7543;7682;5.72;0.35;325.61;7.59;1272;30;2621.00;139
6274;24;5862154;6274;503;7543;7682;5.65;0.34;325.63;7.59;1269;30;2622.00;139
6276;24;5862167;6276;511;7545;7683;5.55;0.34;325.62;7.69;1269;30;2623.00;138
6281;24;5862179;6281;506;7545;7683;5.50;0.33;325.73;7.69;1264;30;2624.00;138
6283;24;5862193;6283;512;7547;7683;5.47;0.33;325.86;7.80;1264;30;2625.00;136
6285;24;5862206;6285;512;7547;7683;5.49;0.33;325.97;7.80;1262;30;2626.00;136
6289;24;5862219;6289;514;7547;7683;5.52;0.34;326.11;7.80;1258;30;2627.00;136
6292;24;5862231;6292;519;7559;7695;5.62;0.34;326.02;7.89;1267;30;2628.00;136
6294;24;5862246;6294;515;7559;7695;5.64;0.34;326.25;7.89;1265;30;2629.00;136
6296;24;5862259;6296;515;7560;7695;5.65;0.34;326.37;7.89;1264;30;2630.00;135
6298;24;5862272;6298;510;7562;7695;5.64;0.34;326.43;8.00;1264;30;2631.00;133
6302;24;5862285;6302;512;7562;7695;5.60;0.34;326.54;8.00;1260;30;2632.00;133
6304;24;5862297;6304;509;7564;7695;5.61;0.34;326.59;8.10;1260;30;2633.00;131
6305;24;5862311;6305;510;7567;7699;5.64;0.34;326.72;8.10;1262;30;2634.00;132
6306;24;5862324;6306;510;7567;7699;5.68;0.35;326.74;8.10;1261;30;2635.00;132
6310;24;5862337;6310;514;7573;7703;5.70;0.35;326.79;8.19;1263;31;2636.00;130
6313;24;5862362;6313;521;7574;7704;5.65;0.35;326.94;8.19;1261;31;2637.00;130
6317;24;5862377;6317;518;7576;7704;5.55;0.34;327.04;8.29;1259;31;2638.00;128
6322;24;5862391;6322;525;7576;7704;5.45;0.33;327.08;8.29;1254;31;2639.00;128
6325;24;5862408;6325;521;7598;7733;5.41;0.33;327.14;8.27;1273;31;2640.00;135
6328;24;5862429;6328;509;7600;7733;5.36;0.33;327.08;8.36;1272;31;2641.00;133
6333;24;5862444;6333;507;7602;7733;5.35;0.33;327.33;8.36;1269;31;2642.00;131
6337;24;5862458;6337;506;7606;7734;5.33;0.33;327.47;8.45;1269;31;2643.00;128
6341;24;5862473;6341;503;7606;7735;5.29;0.32;327.56;8.45;1265;31;2644.00;129
6345;24;5862488;6345;505;7606;7735;5.22;0.32;327.63;8.45;1261;31;2645.00;129
6345;24;5862502;6345;501;7609;7738;5.25;0.32;327.63;8.45;1264;31;2646.00;129
6349;24;5862516;6349;497;7609;7738;5.26;0.32;327.75;8.45;1260;31;2647.00;129
6354;24;5862530;6354;493;7609;7738;5.30;0.33;327.90;8.45;1255;31;2648.00;129
6359;24;5862545;6359;484;7609;7738;5.33;0.33;327.92;8.45;1250;31;2649.00;129
6362;24;5862560;6362;473;7614;7744;5.36;0.33;327.92;8.45;1252;31;2650.00;130
6366;24;5862575;6366;469;7614;7744;5.31;0.33;327.99;8.45;1248;31;2651.00;130
6369;24;5862590;6369;466;7614;7744;5.29;0.32;327.97;8.45;1245;31;2652.00;130
6373;24;5862604;6373;471;7614;7744;5.28;0.32;328.06;8.45;1241;31;2653.00;130
6377;24;5862619;6377;474;7617;7748;5.29;0.32;328.26;8.44;1240;31;2654.00;131
6379;24;5862634;6379;474;7619;7750;5.35;0.33;328.30;8.44;1240;31;2655.00;131
6382;24;5862649;6382;476;7619;7750;5.37;0.33;328.31;8.44;1237;31;2656.00;131
6385;24;5862664;6385;478;7620;7751;5.38;0.33;328.40;8.44;1235;31;2657.00;131
6392;24;5862679;6392;476;7620;7751;5.35;0.33;328.44;8.44;1228;31;2658.00;131
6398;24;5862694;6398;470;7620;7751;5.34;0.33;328.66;8.44;1222;31;2659.00;131
6402;24;5862708;6402;470;7620;7751;5.36;0.33;328.67;8.44;1218;31;2660.00;131
6408;24;5862722;6408;474;7620;7751;5.36;0.33;328.82;8.44;1212;31;2661.00;131
6412;24;5862743;6412;472;7620;7751;5.39;0.33;328.75;8.44;1208;31;2662.00;131
6418;24;5862757;6418;468;7620;7751;5.35;0.33;328.79;8.44;1202;31;2663.00;131
6424;24;5862772;6424;482;7660;7821;5.38;0.33;328.95;8.40;1236;31;2664.00;161
6428;24;5862791;6428;479;7661;7822;5.40;0.33;329.06;8.39;1233;31;2665.00;161
6434;24;5862808;6434;478;7666;7822;5.39;0.33;329.22;8.39;1232;31;2666.00;156
6438;24;5862822;6438;476;7666;7822;5.36;0.33;329.22;8.39;1228;31;2667.00;156
6442;24;5862837;6442;474;7668;7822;5.33;0.32;329.41;8.39;1226;31;2668.00;154
6445;24;5862850;6445;476;7668;7822;5.29;0.32;329.56;8.39;1223;31;2669.00;154
6450;24;5862866;6450;483;7671;7822;5.27;0.32;329.73;8.39;1221;31;2670.00;151
6450;24;5862880;6450;485;7671;7822;5.22;0.32;329.73;8.39;1221;31;2671.00;151
6456;24;5862894;6456;492;7674;7823;5.14;0.31;329.86;8.39;1218;31;2672.00;149
6461;24;5862908;6461;500;7676;7824;5.06;0.31;330.01;8.39;1215;31;2673.00;148
6465;24;5862923;6465;510;7678;7824;5.03;0.31;330.07;8.39;1213;31;2674.00;146
6469;24;5862936;6469;521;7683;7828;5.02;0.31;330.20;8.39;1214;31;2675.00;145
6474;24;5862949;6474;527;7683;7828;5.00;0.30;330.19;8.39;1209;31;2676.00;145
6481;24;5862962;6481;537;7684;7828;4.95;0.30;330.36;8.39;1203;31;2677.00;144
6484;24;5862976;6484;537;7684;7828;4.89;0.30;330.30;8.39;1200;31;2678.00;144
6488;24;5862988;6488;543;7689;7834;4.82;0.29;330.31;8.38;1201;31;2679.00;145
6489;24;5863001;6489;547;7689;7834;4.81;0.29;330.31;8.38;1200;31;2680.00;145
6491;24;5863014;6491;548;7692;7834;4.81;0.29;330.41;8.45;1201;31;2681.00;142
6491;24;5863029;6491;555;7693;7837;4.80;0.29;330.41;8.45;1202;31;2682.00;144
6497;24;5863042;6497;556;7694;7837;4.75;0.29;330.32;8.45;1197;31;2683.00;143
6502;24;5863056;6502;559;7695;7837;4.66;0.28;330.26;8.45;1193;31;2684.00;142
6502;24;5863069;6502;565;7696;7838;4.61;0.28;330.26;8.46;1194;31;2685.00;142
6502;24;5863082;6502;567;7697;7839;4.58;0.28;330.26;8.45;1195;31;2686.00;142
6506;24;5863096;6506;562;7698;7839;4.49;0.27;330.20;8.46;1192;31;2687.00;141
6512;24;5863109;6512;554;7708;7852;4.47;0.27;330.27;8.44;1196;31;2688.00;144
6514;24;5863125;6514;553;7710;7852;4.47;0.27;330.24;8.44;1196;31;2689.00;142
6518;24;5863138;6518;549;7710;7852;4.48;0.27;330.12;8.44;1192;31;2690.00;142
6521;24;5863152;6521;546;7712;7853;4.50;0.27;330.04;8.44;1191;31;2691.00;141
6521;24;5863166;6521;545;7712;7853;4.52;0.27;330.04;8.44;1191;31;2692.00;141
6523;24;5863179;6523;540;7715;7857;4.55;0.28;330.04;8.44;1192;31;2693.00;142
6523;24;5863194;6523;536;7716;7857;4.57;0.28;330.04;8.44;1193;31;2694.00;141
6526;24;5863209;6526;538;7719;7861;4.57;0.28;329.96;8.44;1193;31;2695.00;142
6526;24;5863223;6526;534;7720;7861;4.58;0.28;329.96;8.44;1194;31;2696.00;141
6530;24;5863237;6530;524;7720;7861;4.54;0.28;329.85;8.44;1190;31;2697.00;141
6531;24;5863250;6531;518;7720;7861;4.53;0.28;329.80;8.44;1189;31;2698.00;141
6533;24;5863267;6533;513;7721;7861;4.56;0.28;329.86;8.51;1188;31;2699.00;140
6534;24;5863285;6534;520;7748;7910;4.66;0.28;329.94;8.48;1214;31;2700.00;162
6536;24;5863308;6536;514;7748;7910;4.71;0.29;330.01;8.48;1212;31;2701.00;162
6538;24;5863323;6538;516;7750;7910;4.73;0.29;330.03;8.47;1212;31;2702.00;160
6538;24;5863337;6538;519;7750;7910;4.82;0.29;330.03;8.47;1212;31;2703.00;160
6538;24;5863351;6538;522;7753;7910;4.94;0.30;330.03;8.47;1215;31;2704.00;157
6538;24;5863369;6538;529;7754;7910;5.02;0.31;330.03;8.47;1216;31;2705.00;156
6541;24;5863383;6541;529;7754;7911;5.11;0.31;330.06;8.47;1213;31;2706.00;157
6541;24;5863397;6541;535;7755;7911;5.16;0.31;330.06;8.47;1214;31;2707.00;156
6541;24;5863411;6541;538;7759;7917;5.23;0.32;330.06;8.47;1218;31;2708.00;158
6541;24;5863426;6541;537;7760;7918;5.27;0.32;330.06;8.47;1219;31;2709.00;158
6547;24;5863440;6547;534;7760;7918;5.26;0.32;330.03;8.47;1213;31;2710.00;158
6547;24;5863455;6547;536;7761;7918;5.26;0.32;330.03;8.47;1214;31;2711.00;157
6548;24;5863470;6548;534;7764;7922;5.29;0.32;330.03;8.53;1216;31;2712.00;158
6550;24;5863485;6550;523;7765;7922;5.27;0.32;330.14;8.53;1215;31;2713.00;157
6551;24;5863499;6551;507;7765;7922;5.27;0.32;330.16;8.53;1214;31;2714.00;157
6552;24;5863513;6552;502;7766;7923;5.30;0.32;330.11;8.53;1214;31;2715.00;157
6553;24;5863528;6553;495;7769;7927;5.34;0.32;330.11;8.52;1216;31;2716.00;158
6556;24;5863544;6556;493;7770;7927;5.31;0.32;330.11;8.52;1214;31;2717.00;157
6556;24;5863558;6556;494;7772;7930;5.37;0.33;330.11;8.52;1216;31;2718.00;158
6557;24;5863573;6557;493;7773;7930;5.43;0.33;330.13;8.52;1216;31;2719.00;157
6557;24;5863592;6557;485;7774;7930;5.48;0.33;330.13;8.52;1217;31;2720.00;156
6557;24;5863605;6557;486;7774;7930;5.54;0.34;330.13;8.52;1217;31;2721.00;156
6558;24;5863619;6558;484;7777;7934;5.59;0.34;330.15;8.52;1219;31;2722.00;157
6560;24;5863638;6560;486;7778;7934;5.58;0.34;330.14;8.52;1218;31;2723.00;156
6560;24;5863652;6560;483;7779;7934;5.60;0.34;330.14;8.52;1219;31;2724.00;155
6562;24;5863665;6562;483;7780;7934;5.60;0.34;330.15;8.52;1218;31;2725.00;154
6564;24;5863679;6564;487;7780;7935;5.57;0.34;330.17;8.52;1216;31;2726.00;155
6565;24;5863692;6565;495;7781;7936;5.53;0.33;330.23;8.52;1216;31;2727.00;155
6565;24;5863716;6565;494;7781;7936;5.49;0.33;330.23;8.52;1216;31;2728.00;155
6566;24;5863730;6566;500;7783;7937;5.45;0.33;330.21;8.52;1217;31;2729.00;154
6567;24;5863745;6567;491;7783;7937;5.45;0.33;330.21;8.52;1216;31;2730.00;154
6567;24;5863759;6567;482;7784;7937;5.46;0.33;330.21;8.53;1217;31;2731.00;153
6571;24;5863773;6571;473;7786;7937;5.41;0.33;330.23;8.53;1215;31;2732.00;151
6571;24;5863786;6571;471;7786;7937;5.42;0.33;330.23;8.53;1215;31;2733.00;151
6575;24;5863799;6575;466;7786;7937;5.40;0.33;330.27;8.53;1211;31;2734.00;151
6576;24;5863819;6576;461;7786;7937;5.52;0.34;330.26;8.53;1210;31;2735.00;151
6579;24;5863832;6579;478;7847;8064;5.72;0.35;330.24;8.46;1268;31;2736.00;217
6583;24;5863855;6583;465;7850;8065;5.81;0.36;330.36;8.46;1267;31;2737.00;215
6583;24;5863870;6583;457;7857;8065;5.90;0.36;330.36;8.46;1274;31;2738.00;208
6587;24;5863885;6587;448;7860;8065;5.96;0.37;330.40;8.46;1273;31;2739.00;205
6590;24;5863900;6590;443;7867;8065;6.00;0.37;330.48;8.45;1277;31;2740.00;198
6592;24;5863915;6592;441;7869;8065;6.02;0.37;330.62;8.45;1277;31;2741.00;196
6595;24;5863929;6595;438;7872;8065;6.01;0.37;330.69;8.45;1277;31;2742.00;193
6596;24;5863944;6596;443;7876;8065;6.05;0.37;330.73;8.45;1280;31;2743.00;189
6601;25;5863959;6601;438;7879;8066;6.02;0.37;330.89;8.45;1278;32;2744.00;187
6601;25;5863983;6601;436;7881;8068;6.03;0.37;330.89;8.45;1280;32;2745.00;187
6604;25;5864001;6604;433;7882;8068;6.01;0.37;330.91;8.45;1278;32;2746.00;186
6609;25;5864017;6609;430;7885;8069;5.97;0.36;331.02;8.51;1276;32;2747.00;184
6611;25;5864039;6611;423;7889;8069;5.93;0.36;331.04;8.57;1278;32;2748.00;180
6615;25;5864053;6615;421;7892;8069;5.95;0.36;331.08;8.57;1277;32;2749.00;177
6617;25;5864072;6617;423;7894;8069;5.96;0.36;331.04;8.57;1277;32;2750.00;175
6621;25;5864087;6621;434;7897;8073;5.99;0.37;331.11;8.57;1276;32;2751.00;176
6623;25;5864102;6623;430;7901;8073;6.04;0.37;331.07;8.58;1278;32;2752.00;172
6627;25;5864117;6627;441;7903;8073;6.06;0.37;331.07;8.58;1276;32;2753.00;170
6628;25;5864132;6628;442;7907;8076;6.08;0.37;331.06;8.58;1279;32;2754.00;169
6630;25;5864147;6630;447;7907;8076;6.11;0.37;331.09;8.58;1277;32;2755.00;169
6634;25;5864162;6634;448;7911;8076;6.08;0.37;331.19;8.59;1277;32;2756.00;165
6637;25;5864176;6637;448;7917;8080;6.06;0.37;331.16;8.58;1280;32;2757.00;163
6640;25;5864190;6640;450;7918;8081;6.04;0.37;331.21;8.58;1278;32;2758.00;163
6641;25;5864205;6641;450;7921;8081;6.06;0.37;331.18;8.59;1280;32;2759.00;160
6644;25;5864221;6644;451;7925;8086;6.07;0.37;331.14;8.58;1281;32;2760.00;161
6648;25;5864236;6648;453;7925;8086;6.06;0.37;331.11;8.58;1277;32;2761.00;161
6651;25;5864250;6651;455;7926;8086;6.04;0.37;331.15;8.58;1275;32;2762.00;160
6653;25;5864263;6653;449;7927;8087;6.10;0.37;331.22;8.58;1274;32;2763.00;160
6655;25;5864281;6655;454;7927;8087;6.08;0.37;331.20;8.58;1272;32;2764.00;160
6660;25;5864299;6660;455;7932;8093;6.10;0.37;331.14;8.58;1272;32;2765.00;161
6662;25;5864315;6662;450;7932;8093;6.04;0.37;331.31;8.58;1270;32;2766.00;161
6666;25;5864335;6666;460;7932;8094;5.98;0.36;331.34;8.58;1266;32;2767.00;162
6666;25;5864349;6666;461;7932;8094;5.92;0.36;331.34;8.58;1266;32;2768.00;162
6667;25;5864363;6667;457;7932;8094;5.83;0.35;331.35;8.58;1265;32;2769.00;162
6672;25;5864376;6672;462;7934;8094;5.74;0.35;331.65;8.69;1262;32;2770.00;160
6674;25;5864391;6674;473;7934;8094;5.70;0.35;331.70;8.69;1260;32;2771.00;160
6675;25;5864405;6675;475;7943;8106;5.70;0.35;331.82;8.68;1268;32;2772.00;163
6680;25;5864431;6680;474;7945;8106;5.64;0.34;332.07;8.80;1265;32;2773.00;161
6680;25;5864453;6680;474;7947;8106;5.61;0.34;332.07;8.80;1267;32;2774.00;159
6681;25;5864470;6681;473;7947;8106;5.60;0.34;332.15;8.80;1266;32;2775.00;159
6684;25;5864484;6684;478;7948;8106;5.61;0.34;332.17;8.86;1264;32;2776.00;158
6685;25;5864499;6685;480;7948;8106;5.60;0.34;332.13;8.86;1263;32;2777.00;158
6688;25;5864513;6688;482;7951;8110;5.60;0.34;332.05;8.85;1263;32;2778.00;159
6690;25;5864527;6690;484;7951;8110;5.61;0.34;332.08;8.85;1261;32;2779.00;159
6693;25;5864546;6693;492;7957;8114;5.68;0.35;332.16;8.97;1264;32;2780.00;157
6695;25;5864560;6695;488;7958;8115;5.67;0.35;332.26;8.97;1263;32;2781.00;157
6697;25;5864574;6697;492;7959;8115;5.64;0.34;332.31;9.02;1262;32;2782.00;156
6701;25;5864588;6701;492;7959;8115;5.59;0.34;332.44;9.02;1258;32;2783.00;156
6703;25;5864601;6703;495;7971;8128;5.64;0.35;332.41;9.07;1268;32;2784.00;157
6707;25;5864615;6707;493;7971;8128;5.65;0.35;332.79;9.07;1264;32;2785.00;157
6709;25;5864628;6709;505;7973;8128;5.66;0.35;332.77;9.19;1264;32;2786.00;155
6711;25;5864641;6711;505;7974;8129;5.68;0.35;332.85;9.19;1263;32;2787.00;155
6714;25;5864654;6714;513;7974;8130;5.73;0.35;332.97;9.19;1260;32;2788.00;156
6718;25;5864667;6718;503;7976;8130;5.73;0.35;333.11;9.30;1258;32;2789.00;154
6719;25;5864682;6719;494;7982;8136;5.78;0.35;333.22;9.35;1263;32;2790.00;154
6722;25;5864696;6722;491;7983;8136;5.81;0.36;333.24;9.40;1261;32;2791.00;153
6723;25;5864710;6723;486;7984;8136;5.85;0.36;333.35;9.40;1261;32;2792.00;152
6725;25;5864723;6725;477;7986;8136;5.88;0.36;333.33;9.51;1261;33;2793.00;150
6729;25;5864745;6729;472;7991;8142;5.89;0.36;333.43;9.51;1262;33;2794.00;151
6732;25;5864759;6732;464;7991;8142;5.84;0.36;333.48;9.51;1259;33;2795.00;151
6734;25;5864772;6734;463;7993;8142;5.79;0.35;333.65;9.62;1259;33;2796.00;149
6736;25;5864785;6736;460;7993;8142;5.69;0.35;333.60;9.62;1257;33;2797.00;149
6741;25;5864798;6741;463;7998;8146;5.56;0.34;333.80;9.72;1257;33;2798.00;148
6741;25;5864812;6741;461;7999;8147;5.52;0.34;333.80;9.72;1258;33;2799.00;148
6744;25;5864825;6744;469;7999;8147;5.44;0.33;333.95;9.72;1255;33;2800.00;148
6748;25;5864841;6748;469;8002;8148;5.39;0.33;334.04;9.83;1254;33;2801.00;146
6751;25;5864854;6751;473;8002;8148;5.33;0.33;333.98;9.83;1251;33;2802.00;146
6756;25;5864866;6756;473;8004;8148;5.21;0.32;334.23;9.93;1248;33;2803.00;144
6757;25;5864878;6757;479;8004;8148;5.14;0.31;334.30;9.93;1247;33;2804.00;144
6758;25;5864891;6758;468;8004;8148;5.18;0.32;334.41;9.93;1246;33;2805.00;144
6760;25;5864904;6760;461;8006;8148;5.18;0.32;334.52;10.04;1246;33;2806.00;142
6764;25;5864917;6764;458;8006;8148;5.13;0.32;334.61;10.04;1242;33;2807.00;142
6768;25;5864930;6768;465;8046;8218;5.28;0.33;334.70;9.99;1278;33;2808.00;172
6772;25;5864950;6772;458;8050;8219;5.30;0.33;334.72;10.09;1278;33;2809.00;169
6777;25;5864963;6777;448;8056;8219;5.35;0.33;334.76;10.08;1279;33;2810.00;163
6781;25;5864977;6781;448;8060;8219;5.35;0.33;334.77;10.18;1279;33;2811.00;159
6787;25;5864989;6787;445;8062;8219;5.34;0.33;334.82;10.18;1275;33;2812.00;157
6792;25;5865004;6792;440;8064;8219;5.28;0.32;334.82;10.18;1272;33;2813.00;155
6796;25;5865017;6796;435;8068;8219;5.28;0.32;335.04;10.28;1272;33;2814.00;151
6798;25;5865030;6798;437;8070;8219;5.25;0.32;335.02;10.27;1272;33;2815.00;149
6803;25;5865043;6803;440;8074;8220;5.19;0.32;335.24;10.37;1271;33;2816.00;146
6808;25;5865057;6808;453;8076;8221;5.14;0.31;335.33;10.37;1268;33;2817.00;145
6812;25;5865071;6812;453;8077;8221;5.12;0.31;335.41;10.37;1265;33;2818.00;144
6818;25;5865085;6818;455;8080;8225;5.07;0.31;335.55;10.37;1262;33;2819.00;145
6821;25;5865103;6821;459;8081;8225;5.08;0.31;335.61;10.37;1260;33;2820.00;144
6827;25;5865117;6827;459;8082;8225;5.01;0.31;335.65;10.37;1255;33;2821.00;143
6833;25;5865131;6833;457;8084;8225;4.96;0.30;335.70;10.46;1251;33;2822.00;141
6836;25;5865146;6836;460;8088;8231;4.94;0.30;335.72;10.46;1252;33;2823.00;143
6842;25;5865162;6842;461;8088;8231;4.91;0.30;335.86;10.46;1246;33;2824.00;143
6844;25;5865176;6844;459;8088;8231;4.91;0.30;335.84;10.46;1244;33;2825.00;143
6847;25;5865191;6847;464;8089;8234;4.90;0.30;335.82;10.46;1242;33;2826.00;145
6848;25;5865205;6848;475;8090;8234;4.90;0.30;335.85;10.46;1242;33;2827.00;144
6852;25;5865221;6852;487;8090;8234;4.84;0.30;335.80;10.46;1238;33;2828.00;144
6857;25;5865236;6857;498;8090;8235;4.76;0.29;335.77;10.46;1233;33;2829.00;145
6860;25;5865251;6860;505;8091;8236;4.72;0.29;335.74;10.46;1231;33;2830.00;145
6865;25;5865265;6865;510;8091;8236;4.67;0.28;335.73;10.46;1226;33;2831.00;145
6869;25;5865279;6869;519;8101;8249;4.64;0.28;335.72;10.45;1232;33;2832.00;148
6872;25;5865294;6872;526;8101;8249;4.56;0.28;335.74;10.45;1229;33;2833.00;148
6876;25;5865313;6876;528;8102;8249;4.51;0.27;335.79;10.45;1226;33;2834.00;147
6880;25;5865326;6880;536;8103;8251;4.45;0.27;335.78;10.44;1223;33;2835.00;148
6882;25;5865340;6882;548;8103;8251;4.42;0.27;335.75;10.44;1221;33;2836.00;148
6883;25;5865352;6883;542;8106;8255;4.38;0.27;335.74;10.44;1223;33;2837.00;149
6887;25;5865365;6887;548;8107;8255;4.28;0.26;335.64;10.44;1220;33;2838.00;148
6891;25;5865377;6891;550;8110;8259;4.27;0.26;335.64;10.44;1219;33;2839.00;149
6894;25;5865389;6894;555;8110;8259;4.19;0.25;335.57;10.44;1216;33;2840.00;149
6895;25;5865401;6895;554;8110;8259;4.16;0.25;335.53;10.44;1215;33;2841.00;149
6900;25;5865415;6900;558;8110;8259;4.10;0.25;335.53;10.44;1210;33;2842.00;149
6902;25;5865428;6902;570;8110;8259;4.06;0.25;335.50;10.44;1208;33;2843.00;149
6902;25;5865441;6902;570;8118;8271;4.12;0.25;335.50;10.43;1216;33;2844.00;153
6906;25;5865456;6906;576;8118;8271;4.06;0.25;335.54;10.43;1212;33;2845.00;153
6907;25;5865469;6907;579;8119;8271;4.03;0.25;335.49;10.43;1212;33;2846.00;152
6911;25;5865480;6911;589;8120;8271;3.93;0.24;335.36;10.43;1209;33;2847.00;151
6912;25;5865492;6912;595;8121;8271;3.90;0.24;335.34;10.43;1209;33;2848.00;150
6915;25;5865504;6915;603;8121;8271;3.89;0.24;335.37;10.43;1206;33;2849.00;150
6917;25;5865518;6917;610;8124;8274;3.87;0.23;335.35;10.43;1207;33;2850.00;150
6920;25;5865531;6920;613;8124;8274;3.85;0.23;335.42;10.43;1204;33;2851.00;150
6920;25;5865547;6920;603;8128;8280;3.91;0.24;335.42;10.42;1208;33;2852.00;152
6920;25;5865562;6920;596;8129;8281;3.96;0.24;335.42;10.42;1209;33;2853.00;152
6922;25;5865577;6922;594;8129;8281;4.00;0.24;335.36;10.42;1207;33;2854.00;152
6922;25;5865594;6922;589;8132;8281;4.02;0.24;335.36;10.43;1210;33;2855.00;149
6924;25;5865610;6924;579;8135;8285;4.03;0.24;335.41;10.42;1211;33;2856.00;150
6924;25;5865625;6924;584;8136;8285;4.04;0.25;335.41;10.42;1212;33;2857.00;149
6926;25;5865640;6926;579;8136;8285;4.08;0.25;335.39;10.42;1210;33;2858.00;149
6928;25;5865655;6928;575;8138;8286;4.14;0.25;335.47;10.42;1210;33;2859.00;148
6928;25;5865670;6928;564;8142;8290;4.18;0.25;335.47;10.42;1214;33;2860.00;148
6931;25;5865697;6931;539;8143;8290;4.23;0.26;335.35;10.49;1212;33;2861.00;147
6932;25;5865712;6932;520;8145;8293;4.35;0.26;335.35;10.48;1213;33;2862.00;148
6932;25;5865728;6932;502;8146;8293;4.45;0.27;335.35;10.48;1214;33;2863.00;147
6932;25;5865749;6932;487;8148;8295;4.54;0.28;335.35;10.48;1216;33;2864.00;147
6932;25;5865767;6932;474;8148;8295;4.70;0.29;335.35;10.48;1216;33;2865.00;147
6933;25;5865796;6933;459;8152;8299;4.82;0.29;335.35;10.48;1219;33;2866.00;147
6933;25;5865820;6933;451;8152;8299;4.97;0.30;335.35;10.48;1219;33;2867.00;147
6936;25;5865844;6936;448;8152;8299;5.12;0.31;335.40;10.48;1216;33;2868.00;147
6937;25;5865870;6937;449;8152;8299;5.27;0.32;335.42;10.48;1215;33;2869.00;147
6938;25;5865893;6938;451;8152;8300;5.35;0.33;335.41;10.48;1214;33;2870.00;148
6939;25;5865919;6939;442;8153;8301;5.47;0.33;335.41;10.48;1214;33;2871.00;148
6941;25;5865942;6941;438;8153;8301;5.55;0.34;335.39;10.48;1212;33;2872.00;148
6944;25;5865968;6944;435;8154;8302;5.61;0.34;335.42;10.47;1210;33;2873.00;148
6945;25;5865989;6945;434;8154;8302;5.61;0.34;335.45;10.47;1209;33;2874.00;148
6946;25;5866023;6946;431;8154;8302;5.63;0.34;335.45;10.47;1208;33;2875.00;148
6948;25;5866043;6948;425;8154;8302;5.70;0.35;335.41;10.47;1206;33;2876.00;148
6949;25;5866062;6949;416;8154;8302;5.72;0.35;335.41;10.47;1205;33;2877.00;148
6951;25;5866077;6951;414;8154;8302;5.73;0.35;335.43;10.47;1203;33;2878.00;148
6952;25;5866096;6952;420;8154;8302;5.79;0.35;335.40;10.47;1202;33;2879.00;148
6952;25;5866112;6952;455;8267;8532;6.06;0.38;335.40;10.33;1315;33;2880.00;265
6954;25;5866145;6954;446;8271;8533;6.09;0.38;335.39;10.33;1317;33;2881.00;262
6960;25;5866160;6960;422;8282;8533;6.17;0.38;335.51;10.32;1322;33;2882.00;251
6962;25;5866174;6962;423;8289;8533;6.22;0.38;335.57;10.31;1327;33;2883.00;244
6963;25;5866190;6963;420;8296;8533;6.22;0.38;335.55;10.30;1333;33;2884.00;237
6966;25;5866206;6966;414;8299;8533;6.19;0.38;335.57;10.30;1333;33;2885.00;234
6971;25;5866221;6971;424;8304;8533;6.18;0.38;335.59;10.30;1333;33;2886.00;229
6972;25;5866236;6972;431;8309;8533;6.19;0.38;335.58;10.30;1337;33;2887.00;224
6974;25;5866256;6974;433;8313;8534;6.16;0.38;335.76;10.30;1339;33;2888.00;221
6976;25;5866272;6976;442;8316;8535;6.19;0.38;335.82;10.30;1340;33;2889.00;219
6979;25;5866289;6979;442;8321;8535;6.17;0.38;335.86;10.30;1342;33;2890.00;214
6981;25;5866306;6981;453;8326;8536;6.15;0.38;335.89;10.30;1345;33;2891.00;210
6982;25;5866321;6982;455;8329;8536;6.13;0.38;335.88;10.30;1347;33;2892.00;207
6984;25;5866336;6984;462;8331;8536;6.13;0.38;335.94;10.30;1347;33;2893.00;205
6987;25;5866351;6987;469;8333;8536;6.07;0.37;335.97;10.30;1346;33;2894.00;203
6990;25;5866367;6990;475;8334;8540;6.03;0.37;335.98;10.30;1344;33;2895.00;206
6991;25;5866383;6991;476;8335;8540;5.98;0.37;336.04;10.30;1344;33;2896.00;205
6995;25;5866399;6995;477;8335;8540;5.94;0.36;336.07;10.30;1340;33;2897.00;205
6997;25;5866416;6997;483;8336;8543;5.88;0.36;336.21;10.29;1339;33;2898.00;207
6999;25;5866434;6999;485;8337;8543;5.85;0.36;336.22;10.30;1338;33;2899.00;206
7001;25;5866449;7001;476;8338;8543;5.89;0.36;336.31;10.30;1337;33;2900.00;205
7005;25;5866468;7005;476;8341;8547;5.83;0.35;336.51;10.29;1336;33;2901.00;206
7005;25;5866485;7005;462;8342;8548;5.88;0.36;336.51;10.29;1337;33;2902.00;206
7008;25;5866500;7008;450;8345;8548;5.88;0.36;336.62;10.30;1337;33;2903.00;203
7008;25;5866517;7008;450;8348;8552;5.93;0.36;336.62;10.30;1340;33;2904.00;204
7011;25;5866532;7011;450;8348;8552;5.94;0.36;336.73;10.30;1337;33;2905.00;204
7015;25;5866548;7015;449;8349;8552;5.94;0.36;336.80;10.30;1334;33;2906.00;203
7020;25;5866564;7020;445;8350;8553;5.92;0.36;336.95;10.30;1330;33;2907.00;203
7023;25;5866579;7023;443;8350;8553;5.95;0.36;337.09;10.30;1327;33;2908.00;203
7027;25;5866594;7027;440;8353;8559;6.04;0.37;337.08;10.29;1326;33;2909.00;206
7027;25;5866611;7027;434;8357;8559;6.06;0.37;337.08;10.41;1330;33;2910.00;202
7031;25;5866628;7031;428;8358;8560;6.06;0.37;337.12;10.41;1327;33;2911.00;202
7036;25;5866643;7036;429;8358;8560;6.05;0.37;337.21;10.41;1322;33;2912.00;202
7039;25;5866658;7039;420;8360;8560;6.00;0.36;337.18;10.42;1321;33;2913.00;200
7043;25;5866672;7043;420;8360;8560;6.00;0.36;337.16;10.42;1317;33;2914.00;200
7046;25;5866687;7046;422;8362;8560;6.00;0.36;337.37;10.42;1316;33;2915.00;198
7048;25;5866702;7048;426;8371;8572;6.02;0.37;337.34;10.41;1323;33;2916.00;201
7052;25;5866717;7052;426;8373;8572;6.05;0.37;337.39;10.41;1321;33;2917.00;199
7055;25;5866732;7055;419;8374;8572;6.05;0.37;337.56;10.41;1319;33;2918.00;198
7056;25;5866748;7056;421;8375;8572;6.10;0.37;337.54;10.41;1319;33;2919.00;197
7059;25;5866762;7059;427;8377;8572;6.10;0.37;337.79;10.41;1318;33;2920.00;195
7064;25;5866777;7064;431;8380;8572;6.11;0.37;337.98;10.42;1316;33;2921.00;192
7066;25;5866794;7066;429;8383;8576;6.12;0.37;338.02;10.42;1317;33;2922.00;193
7067;25;5866810;7067;428;8385;8576;6.15;0.38;338.14;10.43;1318;33;2923.00;191
7070;26;5866830;7070;427;8389;8580;6.17;0.38;338.23;10.42;1319;34;2924.00;191
7073;26;5866855;7073;428;8392;8582;6.12;0.37;338.20;10.43;1319;34;2925.00;190
7078;26;5866871;7078;433;8393;8582;6.02;0.37;338.33;10.42;1315;34;2926.00;189
7080;26;5866886;7080;439;8394;8582;5.92;0.36;338.35;10.43;1314;34;2927.00;188
7083;26;5866901;7083;449;8404;8595;5.88;0.36;338.43;10.42;1321;34;2928.00;191
7087;26;5866917;7087;448;8404;8595;5.80;0.35;338.70;10.42;1317;34;2929.00;191
7091;26;5866933;7091;458;8405;8595;5.71;0.35;338.76;10.43;1314;34;2930.00;190
7093;26;5866947;7093;458;8406;8596;5.72;0.35;338.84;10.43;1313;34;2931.00;190
7095;26;5866962;7095;462;8407;8597;5.72;0.35;338.82;10.43;1312;34;2932.00;190
7099;26;5866976;7099;462;8408;8597;5.68;0.35;338.91;10.44;1309;34;2933.00;189
7101;26;5866991;7101;464;8411;8600;5.70;0.35;338.88;10.44;1310;34;2934.00;189
7102;26;5867006;7102;468;8411;8600;5.70;0.35;338.99;10.44;1309;34;2935.00;189
7106;26;5867020;7106;476;8414;8600;5.66;0.35;338.99;10.45;1308;34;2936.00;186
7107;26;5867035;7107;478;8416;8600;5.68;0.35;338.95;10.57;1309;34;2937.00;184
7110;27;5867050;7110;478;8423;8606;5.72;0.35;338.98;10.56;1313;35;2938.00;183
7114;27;5867079;7114;482;8425;8606;5.74;0.35;339.14;10.67;1311;35;2939.00;181
7114;27;5867095;7114;485;8426;8606;5.74;0.35;339.14;10.73;1312;35;2940.00;180
7116;27;5867111;7116;488;8427;8606;5.74;0.35;339.29;10.79;1311;35;2941.00;179
7118;27;5867125;7118;487;8431;8610;5.74;0.35;339.33;10.84;1313;35;2942.00;179
7121;27;5867140;7121;491;8432;8611;5.73;0.35;339.58;10.84;1311;35;2943.00;179
7123;27;5867154;7123;493;8433;8611;5.72;0.35;339.55;10.90;1310;35;2944.00;178
7128;27;5867169;7128;490;8435;8612;5.64;0.34;339.83;10.95;1307;35;2945.00;177
7132;27;5867184;7132;490;8435;8612;5.57;0.34;339.88;10.95;1303;35;2946.00;177
7135;27;5867198;7135;499;8435;8612;5.55;0.34;340.04;10.95;1300;35;2947.00;177
7135;27;5867212;7135;502;8435;8612;5.58;0.34;340.04;10.95;1300;35;2948.00;177
7137;27;5867226;7137;505;8436;8612;5.57;0.34;340.23;11.01;1299;35;2949.00;176
7140;27;5867240;7140;509;8436;8612;5.55;0.34;340.22;11.01;1296;35;2950.00;176
7145;27;5867253;7145;511;8439;8612;5.50;0.33;340.16;11.18;1294;35;2951.00;173
7148;27;5867267;7148;524;8474;8682;5.64;0.34;340.31;11.19;1326;35;2952.00;208
7150;27;5867287;7150;526;8479;8683;5.60;0.34;340.46;11.24;1329;36;2953.00;204
7154;27;5867309;7154;524;8484;8683;5.55;0.34;340.56;11.23;1330;36;2954.00;199
7157;27;5867324;7157;526;8488;8683;5.50;0.34;340.59;11.39;1331;36;2955.00;195
7159;27;5867338;7159;524;8494;8683;5.51;0.34;340.74;11.38;1335;36;2956.00;189
7162;27;5867352;7162;520;8494;8683;5.46;0.33;340.80;11.38;1332;36;2957.00;189
7164;27;5867367;7164;522;8498;8683;5.41;0.33;340.83;11.43;1334;36;2958.00;185
7167;27;5867381;7167;521;8503;8683;5.37;0.33;340.93;11.59;1336;36;2959.00;180
7169;27;5867395;7169;518;8506;8684;5.33;0.32;340.97;11.59;1337;36;2960.00;178
7171;27;5867413;7171;523;8511;8685;5.29;0.32;340.99;11.64;1340;36;2961.00;174
7172;27;5867430;7172;527;8515;8685;5.29;0.32;341.11;11.63;1343;36;2962.00;170
7175;27;5867444;7175;533;8521;8689;5.23;0.32;341.35;11.78;1346;36;2963.00;168
7178;27;5867458;7178;531;8521;8689;5.20;0.32;341.35;11.78;1343;36;2964.00;168
7180;27;5867473;7180;533;8521;8689;5.19;0.32;341.57;11.78;1341;36;2965.00;168
7184;27;5867487;7184;535;8522;8689;5.12;0.31;341.58;11.83;1338;36;2966.00;167
7190;27;5867501;7190;547;8527;8695;5.06;0.31;341.63;11.88;1337;36;2967.00;168
7192;27;5867515;7192;545;8528;8695;4.98;0.31;341.59;11.93;1336;36;2968.00;167
7196;27;5867529;7196;551;8528;8695;4.86;0.30;341.65;11.93;1332;36;2969.00;167
7201;27;5867543;7201;539;8531;8701;4.79;0.29;341.67;11.92;1330;36;2970.00;170
7203;27;5867560;7203;532;8533;8701;4.71;0.29;341.69;12.02;1330;36;2971.00;168
7206;27;5867573;7206;523;8534;8701;4.67;0.29;341.68;12.02;1328;36;2972.00;167
7212;27;5867586;7212;522;8534;8702;4.57;0.28;341.75;12.02;1322;36;2973.00;168
7215;27;5867600;7215;520;8535;8703;4.55;0.28;341.68;12.01;1320;36;2974.00;168
7216;27;5867613;7216;519;8535;8703;4.54;0.28;341.64;12.01;1319;36;2975.00;168
7223;27;5867627;7223;519;8545;8716;4.54;0.28;341.75;12.00;1322;36;2976.00;171
7227;27;5867640;7227;514;8545;8716;4.53;0.28;341.93;12.00;1318;36;2977.00;171
7228;27;5867654;7228;511;8545;8716;4.53;0.28;341.95;12.00;1317;36;2978.00;171
7232;27;5867669;7232;518;8545;8717;4.54;0.28;342.14;12.00;1313;36;2979.00;172
7237;27;5867682;7237;512;8546;8717;4.52;0.28;342.04;12.00;1309;36;2980.00;171
7238;27;5867694;7238;516;8549;8721;4.59;0.28;342.06;12.00;1311;36;2981.00;172
7243;27;5867708;7243;517;8549;8721;4.59;0.28;342.07;12.00;1306;36;2982.00;172
7248;27;5867721;7248;529;8552;8725;4.64;0.28;342.07;11.99;1304;36;2983.00;173
7253;27;5867734;7253;537;8552;8725;4.62;0.28;342.00;11.99;1299;36;2984.00;173
7256;27;5867747;7256;538;8554;8725;4.64;0.29;341.97;12.00;1298;36;2985.00;171
7259;27;5867761;7259;543;8554;8725;4.67;0.29;342.00;12.00;1295;36;2986.00;171
7265;27;5867774;7265;548;8554;8725;4.64;0.28;342.05;12.00;1289;36;2987.00;171
7268;27;5867787;7268;547;8563;8737;4.75;0.29;342.03;11.98;1295;36;2988.00;174
7271;27;5867801;7271;550;8563;8737;4.76;0.29;342.06;11.98;1292;36;2989.00;174
7275;27;5867815;7275;549;8563;8737;4.75;0.29;341.96;11.98;1288;36;2990.00;174
7278;27;5867828;7278;553;8563;8737;4.74;0.29;342.00;11.98;1285;36;2991.00;174
7283;27;5867841;7283;550;8563;8737;4.70;0.29;341.96;11.98;1280;36;2992.00;174
7285;27;5867855;7285;552;8563;8737;4.70;0.29;341.99;11.98;1278;36;2993.00;174
7289;27;5867869;7289;550;8563;8738;4.64;0.28;341.92;11.98;1274;36;2994.00;175
7294;27;5867882;7294;547;8563;8738;4.56;0.28;341.94;11.98;1269;36;2995.00;175
7299;27;5867896;7299;548;8567;8744;4.49;0.27;341.89;11.98;1268;36;2996.00;177
7301;27;5867909;7301;549;8567;8745;4.41;0.27;341.88;11.98;1266;36;2997.00;178
7303;27;5867922;7303;554;8567;8745;4.38;0.27;341.88;11.98;1264;36;2998.00;178
7305;27;5867934;7305;559;8567;8745;4.36;0.27;341.87;11.98;1262;36;2999.00;178
7308;27;5867950;7308;565;8574;8765;4.38;0.27;342.02;11.97;1266;36;3000.00;191
7310;27;5867968;7310;562;8574;8765;4.39;0.27;342.00;11.97;1264;36;3001.00;191
7313;27;5867980;7313;552;8574;8765;4.39;0.27;341.94;11.97;1261;36;3002.00;191
7317;27;5867993;7317;554;8575;8766;4.46;0.27;341.97;11.97;1258;36;3003.00;191
7319;27;5868006;7319;561;8579;8770;4.55;0.28;341.99;11.96;1260;36;3004.00;191
7324;27;5868019;7324;563;8579;8770;4.54;0.28;342.04;11.96;1255;36;3005.00;191
7329;27;5868037;7329;568;8582;8773;4.55;0.28;342.14;11.96;1253;36;3006.00;191
7330;27;5868050;7330;555;8582;8773;4.57;0.28;342.16;11.96;1252;36;3007.00;191
7333;27;5868063;7333;548;8582;8773;4.56;0.28;342.17;11.96;1249;36;3008.00;191
7335;27;5868076;7335;544;8583;8773;4.61;0.28;342.14;11.96;1248;36;3009.00;190
7339;27;5868089;7339;549;8586;8777;4.63;0.28;342.24;11.96;1247;36;3010.00;191
7341;27;5868103;7341;548;8587;8777;4.67;0.29;342.22;11.96;1246;36;3011.00;190
7343;27;5868116;7343;549;8590;8777;4.73;0.29;342.24;11.97;1247;36;3012.00;187
7347;27;5868129;7347;545;8590;8777;4.76;0.29;342.28;11.97;1243;36;3013.00;187
7350;27;5868147;7350;538;8591;8778;4.80;0.29;342.24;11.97;1241;36;3014.00;187
7352;28;5868160;7352;535;8595;8780;4.88;0.30;342.26;11.97;1243;37;3015.00;185
7354;28;5868183;7354;528;8595;8780;4.93;0.30;342.33;11.97;1241;37;3016.00;185
7357;29;5868197;7357;511;8597;8781;4.97;0.30;342.37;11.97;1240;38;3017.00;184
7359;29;5868220;7359;508;8597;8781;5.00;0.30;342.43;11.97;1238;38;3018.00;184
7359;29;5868235;7359;496;8601;8781;5.04;0.31;342.43;11.97;1242;38;3019.00;180
7363;29;5868248;7363;494;8602;8781;5.07;0.31;342.61;12.06;1239;38;3020.00;179
7367;29;5868262;7367;491;8603;8781;5.10;0.31;342.63;12.06;1236;38;3021.00;178
7369;29;5868276;7369;492;8604;8781;5.08;0.31;342.69;12.06;1235;38;3022.00;177
7372;29;5868289;7372;501;8605;8781;5.05;0.31;342.71;12.06;1233;38;3023.00;176
7372;29;5868304;7372;513;8670;8908;5.35;0.33;342.71;11.97;1298;38;3024.00;238
7373;29;5868326;7373;507;8675;8909;5.36;0.33;342.72;11.96;1302;38;3025.00;234
7375;29;5868340;7375;490;8682;8909;5.43;0.33;342.73;11.96;1307;38;3026.00;227
7377;29;5868354;7377;483;8688;8909;5.51;0.34;342.73;11.95;1311;38;3027.00;221
7378;29;5868368;7378;474;8693;8909;5.56;0.34;342.81;11.95;1315;38;3028.00;216
7382;29;5868382;7382;470;8697;8909;5.58;0.34;342.95;11.95;1315;38;3029.00;212
7386;29;5868399;7386;468;8701;8909;5.56;0.34;343.07;11.94;1315;38;3030.00;208
7387;29;5868426;7387;475;8703;8909;5.56;0.34;343.14;11.94;1316;38;3031.00;206
7390;29;5868440;7390;475;8706;8910;5.57;0.34;343.13;11.94;1316;38;3032.00;204
7394;29;5868455;7394;482;8708;8911;5.56;0.34;343.25;11.94;1314;38;3033.00;203
7397;29;5868470;7397;477;8709;8911;5.54;0.34;343.31;11.94;1312;38;3034.00;202
7398;29;5868490;7398;482;8714;8912;5.49;0.34;343.34;12.02;1316;38;3035.00;198
7404;29;5868505;7404;479;8715;8912;5.43;0.33;343.42;12.02;1311;38;3036.00;197
7409;29;5868520;7409;476;8718;8912;5.43;0.33;343.55;12.02;1309;38;3037.00;194
7410;29;5868536;7410;472;8720;8912;5.44;0.33;343.53;12.02;1310;38;3038.00;192
7411;29;5868551;7411;458;8725;8916;5.45;0.33;343.57;12.10;1314;38;3039.00;191
7413;29;5868567;7413;461;8728;8916;5.48;0.34;343.64;12.10;1315;38;3040.00;188
7415;29;5868582;7415;457;8729;8916;5.48;0.34;343.72;12.10;1314;38;3041.00;187
7419;29;5868596;7419;458;8732;8919;5.46;0.33;343.68;12.09;1313;38;3042.00;187
7421;29;5868611;7421;471;8732;8919;5.45;0.33;343.64;12.09;1311;38;3043.00;187
7421;29;5868625;7421;471;8734;8919;5.47;0.33;343.64;12.10;1313;38;3044.00;185
7422;29;5868639;7422;470;8737;8923;5.48;0.33;343.63;12.09;1315;38;3045.00;186
7424;29;5868654;7424;478;8740;8924;5.50;0.34;343.65;12.09;1316;39;3046.00;184
7425;29;5868677;7425;474;8740;8924;5.45;0.33;343.67;12.09;1315;39;3047.00;184
7430;29;5868691;7430;477;8744;8928;5.41;0.33;343.84;12.09;1314;39;3048.00;184
7433;29;5868706;7433;482;8744;8928;5.34;0.33;344.00;12.09;1311;39;3049.00;184
7436;29;5868721;7436;476;8744;8928;5.29;0.32;344.14;12.09;1308;39;3050.00;184
7440;29;5868736;7440;480;8745;8929;5.26;0.32;344.13;12.09;1305;39;3051.00;184
7442;29;5868752;7442;480;8745;8929;5.28;0.32;344.19;12.09;1303;39;3052.00;184
7442;29;5868766;7442;478;8750;8935;5.32;0.32;344.19;12.08;1308;39;3053.00;185
7445;29;5868781;7445;479;8750;8935;5.37;0.33;344.24;12.08;1305;39;3054.00;185
7449;29;5868797;7449;478;8750;8936;5.38;0.33;344.38;12.08;1301;39;3055.00;186
7449;29;5868812;7449;480;8750;8936;5.41;0.33;344.38;12.08;1301;39;3056.00;186
7453;29;5868826;7453;480;8751;8936;5.41;0.33;344.50;12.16;1298;39;3057.00;185
7456;29;5868840;7456;476;8751;8936;5.42;0.33;344.60;12.16;1295;39;3058.00;185
7459;29;5868854;7459;474;8751;8936;5.44;0.33;344.65;12.16;1292;39;3059.00;185
7461;29;5868870;7461;472;8777;8972;5.49;0.34;344.69;12.12;1316;39;3060.00;195
7464;29;5868887;7464;456;8777;8972;5.52;0.34;344.73;12.12;1313;39;3061.00;195
7466;29;5868903;7466;450;8780;8972;5.59;0.34;344.82;12.12;1314;39;3062.00;192
7469;29;5868917;7469;445;8780;8972;5.61;0.34;344.85;12.12;1311;39;3063.00;192
7471;29;5868932;7471;441;8781;8972;5.61;0.34;344.85;12.11;1310;39;3064.00;191
7476;29;5868952;7476;437;8782;8972;5.60;0.34;344.97;12.11;1306;39;3065.00;190
7480;29;5868977;7480;437;8785;8976;5.62;0.34;345.17;12.11;1305;39;3066.00;191
7480;29;5868992;7480;430;8785;8976;5.65;0.34;345.17;12.11;1305;39;3067.00;191
7484;29;5869006;7484;437;8789;8980;5.71;0.35;345.31;12.11;1305;39;3068.00;191
7485;29;5869022;7485;437;8790;8981;5.77;0.35;345.32;12.10;1305;39;3069.00;191
7492;29;5869037;7492;438;8790;8981;5.75;0.35;345.45;12.10;1298;39;3070.00;191
7495;29;5869056;7495;438;8790;8981;5.73;0.35;345.48;12.10;1295;39;3071.00;191
7498;29;5869070;7498;440;8799;8994;5.72;0.35;345.46;12.09;1301;39;3072.00;195
7503;29;5869085;7503;432;8800;8994;5.67;0.35;345.55;12.09;1297;39;3073.00;194
7510;29;5869099;7510;434;8800;8994;5.62;0.34;345.71;12.09;1290;39;3074.00;194
7515;29;5869115;7515;430;8802;8995;5.57;0.34;345.75;12.15;1287;39;3075.00;193
7519;29;5869131;7519;429;8802;8996;5.56;0.34;345.79;12.15;1283;39;3076.00;194
7523;29;5869146;7523;430;8802;8996;5.54;0.34;345.78;12.15;1279;39;3077.00;194
7523;29;5869160;7523;436;8804;8999;5.60;0.34;345.78;12.15;1281;39;3078.00;195
7527;29;5869175;7527;435;8806;8999;5.59;0.34;345.87;12.14;1279;39;3079.00;193
7531;29;5869190;7531;439;8806;8999;5.60;0.34;345.98;12.14;1275;39;3080.00;193
7532;29;5869204;7532;431;8806;8999;5.60;0.34;345.98;12.14;1274;39;3081.00;193
7536;29;5869218;7536;421;8812;9005;5.65;0.34;346.00;12.20;1276;39;3082.00;193
7538;29;5869232;7538;422;8812;9005;5.61;0.34;345.99;12.20;1274;39;3083.00;193
7539;29;5869245;7539;418;8812;9005;5.61;0.34;345.98;12.20;1273;39;3084.00;193
7544;29;5869261;7544;422;8813;9005;5.57;0.34;345.94;12.26;1269;39;3085.00;192
7547;29;5869277;7547;430;8816;9009;5.48;0.33;345.90;12.26;1269;39;3086.00;193
7550;29;5869292;7550;430;8817;9010;5.50;0.33;345.91;12.25;1267;39;3087.00;193
7552;29;5869306;7552;426;8817;9010;5.48;0.33;345.89;12.25;1265;39;3088.00;193
7555;29;5869320;7555;418;8818;9011;5.50;0.33;345.88;12.25;1263;39;3089.00;193
7556;29;5869336;7556;416;8818;9011;5.54;0.34;345.88;12.25;1262;39;3090.00;193
7557;29;5869351;7557;411;8818;9011;5.59;0.34;345.86;12.25;1261;39;3091.00;193
7560;29;5869365;7560;418;8818;9011;5.56;0.34;346.14;12.25;1258;39;3092.00;193
7563;29;5869379;7563;415;8818;9011;5.51;0.33;346.33;12.25;1255;39;3093.00;193
7564;29;5869392;7564;408;8818;9011;5.43;0.33;346.42;12.25;1254;39;3094.00;193
7568;29;5869406;7568;413;8818;9011;5.39;0.33;346.42;12.25;1250;39;3095.00;193
7569;29;5869420;7569;417;8855;9081;5.52;0.34;346.47;12.20;1286;39;3096.00;226
7574;29;5869440;7574;418;8858;9082;5.47;0.33;346.52;12.20;1284;39;3097.00;224
7574;29;5869457;7574;418;8864;9082;5.56;0.34;346.52;12.19;1290;39;3098.00;218
7577;29;5869470;7577;416;8864;9082;5.59;0.34;346.62;12.19;1287;39;3099.00;218
7578;29;5869485;7578;417;8867;9082;5.65;0.35;346.59;12.25;1289;39;3100.00;215
7582;29;5869502;7582;423;8868;9082;5.62;0.34;346.55;12.25;1286;39;3101.00;214
7584;29;5869517;7584;435;8871;9082;5.63;0.34;346.61;12.31;1287;39;3102.00;211
7585;29;5869531;7585;436;8873;9082;5.70;0.35;346.66;12.31;1288;39;3103.00;209
7591;29;5869545;7591;448;8874;9083;5.66;0.35;346.71;12.31;1283;39;3104.00;209
7593;29;5869564;7593;450;8878;9085;5.66;0.34;346.65;12.31;1285;39;3105.00;207
7597;29;5869578;7597;457;8881;9085;5.65;0.34;346.80;12.37;1284;39;3106.00;204
7600;29;5869591;7600;457;8886;9089;5.63;0.34;346.89;12.36;1286;39;3107.00;203
7601;29;5869605;7601;469;8888;9089;5.61;0.34;346.88;12.42;1287;39;3108.00;201
7602;29;5869619;7602;469;8889;9089;5.56;0.34;346.84;12.42;1287;39;3109.00;200
7603;29;5869631;7603;476;8890;9089;5.50;0.34;346.93;12.42;1287;39;3110.00;199
7608;29;5869644;7608;480;8896;9095;5.45;0.33;347.00;12.48;1288;39;3111.00;199
7609;29;5869658;7609;484;8897;9095;5.39;0.33;347.05;12.48;1288;39;3112.00;198
7613;29;5869671;7613;493;8899;9095;5.32;0.32;347.15;12.54;1286;39;3113.00;196
7613;29;5869684;7613;502;8901;9098;5.32;0.32;347.15;12.54;1288;39;3114.00;197
7615;29;5869697;7615;515;8902;9098;5.30;0.32;347.34;12.53;1287;39;3115.00;196
7617;29;5869710;7617;514;8906;9098;5.29;0.32;347.37;12.65;1289;39;3116.00;192
7619;29;5869723;7619;520;8906;9099;5.22;0.32;347.33;12.65;1287;39;3117.00;193
7623;29;5869736;7623;522;8909;9100;5.11;0.31;347.31;12.76;1286;39;3118.00;191
7625;29;5869750;7625;529;8909;9100;5.04;0.31;347.27;12.76;1284;39;3119.00;191
7626;29;5869765;7626;534;8928;9126;5.00;0.31;347.25;12.86;1302;39;3120.00;198
7630;29;5869780;7630;534;8929;9126;4.92;0.30;347.23;12.85;1299;39;3121.00;197
7633;29;5869793;7633;534;8933;9126;4.92;0.30;347.16;12.85;1300;39;3122.00;193
7636;29;5869807;7636;531;8936;9127;4.88;0.30;347.29;12.96;1300;39;3123.00;191
7637;29;5869820;7637;530;8936;9127;4.85;0.30;347.36;12.96;1299;39;3124.00;191
7640;29;5869833;7640;528;8941;9131;4.87;0.30;347.44;13.02;1301;39;3125.00;190
7643;29;5869847;7643;533;8941;9131;4.77;0.29;347.43;13.02;1298;39;3126.00;190
7644;29;5869865;7644;532;8944;9135;4.76;0.29;347.40;13.01;1300;40;3127.00;191
7645;29;5869887;7645;536;8945;9135;4.72;0.29;347.37;13.07;1300;40;3128.00;190
7649;29;5869900;7649;541;8945;9135;4.67;0.28;347.36;13.07;1296;40;3129.00;190
7651;29;5869913;7651;544;8945;9135;4.61;0.28;347.34;13.07;1294;40;3130.00;190
7655;29;5869925;7655;548;8945;9135;4.53;0.28;347.28;13.07;1290;40;3131.00;190
7658;29;5869937;7658;549;8955;9147;4.50;0.27;347.25;13.06;1297;40;3132.00;192
7662;29;5869950;7662;554;8955;9147;4.42;0.27;347.31;13.06;1293;40;3133.00;192
7666;29;5869961;7666;559;8956;9147;4.29;0.26;347.21;13.05;1290;40;3134.00;191
7668;29;5869973;7668;551;8956;9147;4.18;0.25;347.17;13.05;1288;40;3135.00;191
7673;29;5869985;7673;554;8956;9147;4.06;0.25;347.26;13.05;1283;40;3136.00;191
7677;29;5869997;7677;560;8956;9147;3.98;0.24;347.16;13.05;1279;40;3137.00;191
7679;29;5870009;7679;568;8956;9148;3.98;0.24;347.09;13.05;1277;40;3138.00;192
7683;29;5870021;7683;574;8956;9148;3.94;0.24;347.14;13.05;1273;40;3139.00;192
7685;29;5870033;7685;578;8961;9154;3.98;0.24;347.09;13.05;1276;40;3140.00;193
7686;29;5870046;7686;574;8962;9155;4.01;0.24;347.07;13.05;1276;40;3141.00;193
7688;29;5870057;7688;573;8962;9155;4.04;0.25;347.07;13.05;1274;40;3142.00;193
7689;29;5870069;7689;572;8962;9155;4.08;0.25;347.08;13.05;1273;40;3143.00;193
7693;29;5870081;7693;575;8965;9159;4.07;0.25;347.02;13.04;1272;40;3144.00;194
7693;29;5870093;7693;570;8965;9159;4.05;0.25;347.02;13.04;1272;40;3145.00;194
7697;29;5870105;7697;565;8965;9159;3.97;0.24;347.00;13.04;1268;40;3146.00;194
7699;29;5870117;7699;569;8966;9160;3.96;0.24;347.02;13.04;1267;40;3147.00;194
7700;29;5870129;7700;566;8969;9164;4.00;0.24;347.01;13.04;1269;40;3148.00;195
7701;29;5870141;7701;564;8969;9164;4.01;0.25;347.00;13.04;1268;40;3149.00;195
7704;29;5870155;7704;571;8973;9170;4.03;0.25;346.91;13.03;1269;40;3150.00;197
7707;29;5870167;7707;569;8973;9170;4.06;0.25;346.94;13.03;1266;40;3151.00;197
7711;29;5870179;7711;570;8975;9170;4.12;0.25;346.99;13.03;1264;40;3152.00;195
7716;29;5870192;7716;572;8975;9170;4.13;0.25;347.00;13.03;1259;40;3153.00;195
7724;29;5870205;7724;555;8979;9174;4.15;0.25;346.92;13.02;1255;40;3154.00;195
7727;29;5870218;7727;548;8979;9174;4.21;0.26;346.91;13.02;1252;40;3155.00;195
7730;29;5870232;7730;546;8979;9174;4.24;0.26;346.85;13.02;1249;40;3156.00;195
7733;29;5870244;7733;538;8979;9174;4.23;0.26;346.88;13.02;1246;40;3157.00;195
7735;29;5870257;7735;536;8979;9175;4.24;0.26;346.85;13.02;1244;40;3158.00;196
7737;29;5870270;7737;530;8980;9176;4.27;0.26;346.84;13.02;1243;40;3159.00;196
7740;29;5870283;7740;523;8980;9176;4.28;0.26;346.81;13.02;1240;40;3160.00;196
7744;29;5870301;7744;520;8981;9177;4.32;0.26;346.85;13.02;1237;40;3161.00;196
7746;29;5870314;7746;526;8981;9177;4.30;0.26;346.89;13.02;1235;40;3162.00;196
7751;29;5870327;7751;524;8982;9177;4.26;0.26;346.83;13.10;1231;40;3163.00;195
7754;29;5870341;7754;529;8982;9177;4.24;0.26;346.84;13.10;1228;40;3164.00;195
7755;29;5870354;7755;534;8982;9177;4.28;0.26;346.82;13.10;1227;40;3165.00;195
7757;29;5870367;7757;528;8982;9177;4.32;0.26;346.85;13.10;1225;40;3166.00;195
7761;29;5870380;7761;528;8982;9177;4.32;0.26;346.86;13.10;1221;40;3167.00;195
7761;29;5870392;7761;545;9056;9304;4.72;0.29;346.86;13.00;1295;40;3168.00;248
7764;29;5870423;7764;538;9059;9305;4.74;0.29;346.82;12.99;1295;40;3169.00;246
7766;29;5870438;7766;534;9064;9305;4.80;0.30;346.88;12.99;1298;40;3170.00;241
7767;29;5870451;7767;526;9066;9305;4.85;0.30;346.89;12.98;1299;40;3171.00;239
7771;29;5870465;7771;514;9070;9305;4.90;0.30;346.98;12.98;1299;40;3172.00;235
7773;29;5870478;7773;519;9071;9305;4.95;0.30;347.00;12.98;1298;40;3173.00;234
7773;29;5870492;7773;524;9072;9305;4.99;0.31;347.00;12.98;1299;40;3174.00;233
7776;29;5870506;7776;520;9073;9305;4.96;0.30;347.15;12.98;1297;40;3175.00;232
7777;29;5870519;7777;519;9075;9306;4.94;0.30;347.16;12.98;1298;40;3176.00;231
7783;29;5870535;7783;520;9077;9307;4.87;0.30;347.38;12.98;1294;40;3177.00;230
7786;29;5870548;7786;520;9078;9307;4.80;0.29;347.49;12.98;1292;40;3178.00;229
7788;29;5870561;7788;528;9081;9308;4.75;0.29;347.45;12.98;1293;40;3179.00;227
7789;29;5870576;7789;536;9084;9308;4.77;0.29;347.44;12.98;1295;40;3180.00;224
7792;29;5870590;7792;552;9087;9308;4.76;0.29;347.49;12.98;1295;40;3181.00;221
7794;29;5870603;7794;540;9089;9308;4.76;0.29;347.50;12.98;1295;40;3182.00;219
7797;29;5870617;7797;549;9093;9312;4.73;0.29;347.54;12.97;1296;40;3183.00;219
7800;29;5870631;7800;545;9097;9312;4.72;0.29;347.66;12.97;1297;40;3184.00;215
7802;29;5870645;7802;549;9098;9312;4.68;0.29;347.78;12.97;1296;40;3185.00;214
7804;29;5870659;7804;536;9101;9315;4.72;0.29;347.88;12.97;1297;40;3186.00;214
7806;29;5870672;7806;539;9102;9315;4.72;0.29;347.97;12.97;1296;40;3187.00;213
7806;29;5870686;7806;543;9104;9315;4.73;0.29;347.97;12.97;1298;40;3188.00;211
7810;29;5870700;7810;540;9109;9319;4.72;0.29;348.08;12.97;1299;40;3189.00;210
7810;29;5870713;7810;539;9110;9320;4.73;0.29;348.08;12.97;1300;40;3190.00;210
7812;29;5870732;7812;531;9114;9322;4.75;0.29;348.17;12.97;1302;40;3191.00;208
7816;29;5870747;7816;522;9118;9326;4.76;0.29;348.24;12.96;1302;40;3192.00;208
7817;29;5870762;7817;512;9118;9326;4.85;0.30;348.29;12.96;1301;40;3193.00;208
7818;29;5870775;7818;498;9118;9326;4.92;0.30;348.40;12.96;1300;40;3194.00;208
7822;29;5870789;7822;492;9120;9328;4.98;0.30;348.45;12.96;1298;40;3195.00;208
7826;29;5870805;7826;491;9120;9328;5.03;0.31;348.57;12.96;1294;40;3196.00;208
7829;29;5870820;7829;484;9125;9334;5.07;0.31;348.67;12.95;1296;40;3197.00;209
7834;29;5870840;7834;482;9125;9334;5.03;0.31;348.86;12.95;1291;40;3198.00;209
7835;29;5870855;7835;476;9125;9335;5.04;0.31;348.86;12.95;1290;40;3199.00;210
7838;29;5870871;7838;473;9125;9335;5.01;0.30;348.94;12.95;1287;40;3200.00;210
7839;29;5870889;7839;482;9125;9335;4.98;0.30;348.93;12.95;1286;40;3201.00;210
7840;29;5870903;7840;476;9125;9335;4.98;0.30;348.95;12.95;1285;40;3202.00;210
7843;29;5870918;7843;472;9125;9335;4.93;0.30;348.99;12.95;1282;40;3203.00;210
7847;29;5870932;7847;475;9135;9347;4.98;0.30;349.07;12.94;1288;40;3204.00;212
7851;29;5870948;7851;473;9135;9347;4.97;0.30;349.17;12.94;1284;40;3205.00;212
7853;29;5870962;7853;468;9136;9347;4.98;0.30;349.20;12.94;1283;40;3206.00;211
7856;29;5870977;7856;475;9136;9347;4.96;0.30;349.47;12.94;1280;40;3207.00;211
7857;29;5870990;7857;475;9136;9347;4.97;0.30;349.50;12.94;1279;40;3208.00;211
7858;29;5871005;7858;470;9136;9347;4.98;0.30;349.48;12.94;1278;40;3209.00;211
7861;29;5871019;7861;472;9139;9351;4.97;0.30;349.47;12.93;1278;40;3210.00;212
7864;29;5871034;7864;471;9139;9351;4.99;0.30;349.54;12.93;1275;40;3211.00;212
7864;29;5871048;7864;476;9143;9355;5.09;0.31;349.54;12.93;1279;40;3212.00;212
7867;29;5871063;7867;480;9144;9356;5.13;0.31;349.70;12.93;1277;40;3213.00;212
7869;29;5871076;7869;487;9144;9356;5.17;0.31;349.87;12.93;1275;40;3214.00;212
7872;29;5871090;7872;485;9144;9356;5.18;0.31;349.93;12.93;1272;40;3215.00;212
7873;29;5871104;7873;488;9155;9369;5.27;0.32;349.97;12.91;1282;40;3216.00;214
7876;29;5871118;7876;486;9155;9369;5.24;0.32;350.12;12.91;1279;40;3217.00;214
7877;29;5871137;7877;485;9156;9369;5.24;0.32;350.15;13.00;1279;40;3218.00;213
7879;29;5871151;7879;481;9157;9370;5.23;0.32;350.16;13.00;1278;40;3219.00;213
7881;29;5871170;7881;485;9157;9371;5.20;0.32;350.19;13.00;1276;40;3220.00;214
7881;29;5871184;7881;484;9157;9371;5.23;0.32;350.19;13.00;1276;40;3221.00;214
7883;29;5871198;7883;485;9159;9374;5.19;0.32;350.29;12.99;1276;40;3222.00;215
7885;29;5871212;7885;492;9159;9374;5.14;0.31;350.30;12.99;1274;40;3223.00;215
7887;29;5871225;7887;496;9160;9374;5.14;0.31;350.37;12.99;1273;40;3224.00;214
7889;29;5871239;7889;487;9160;9374;5.12;0.31;350.35;12.99;1271;40;3225.00;214
7890;29;5871253;7890;488;9165;9380;5.09;0.31;350.38;12.99;1275;40;3226.00;215
7890;29;5871267;7890;488;9165;9380;5.09;0.31;350.38;12.99;1275;40;3227.00;215
7890;29;5871281;7890;484;9165;9380;5.10;0.31;350.38;12.99;1275;40;3228.00;215
7891;29;5871294;7891;480;9165;9380;5.11;0.31;350.38;12.99;1274;40;3229.00;215
7893;29;5871309;7893;478;9168;9384;5.11;0.31;350.38;12.98;1275;40;3230.00;216
7897;29;5871323;7897;468;9169;9385;5.16;0.31;350.33;12.98;1272;40;3231.00;216
7901;29;5871338;7901;465;9169;9385;5.20;0.32;350.38;12.98;1268;40;3232.00;216
7903;29;5871352;7903;461;9170;9386;5.28;0.32;350.42;12.98;1267;40;3233.00;216
7907;29;5871366;7907;456;9170;9386;5.34;0.32;350.46;12.98;1263;40;3234.00;216
7910;29;5871380;7910;453;9170;9386;5.36;0.32;350.50;12.98;1260;40;3235.00;216
7912;29;5871394;7912;443;9170;9386;5.36;0.32;350.51;12.98;1258;40;3236.00;216
7913;29;5871408;7913;441;9170;9386;5.39;0.33;350.50;12.98;1257;40;3237.00;216
7914;29;5871421;7914;442;9170;9386;5.41;0.33;350.52;12.98;1256;40;3238.00;216
7916;29;5871436;7916;439;9170;9386;5.40;0.33;350.56;12.98;1254;40;3239.00;216
7920;29;5871456;7920;448;9227;9511;5.55;0.34;350.55;13.04;1307;40;3240.00;284
7926;29;5871481;7926;438;9230;9512;5.53;0.34;350.75;13.03;1304;40;3241.00;282
7928;29;5871496;7928;441;9242;9512;5.57;0.34;350.73;13.08;1314;40;3242.00;270
7928;29;5871511;7928;439;9244;9512;5.54;0.34;350.73;13.08;1316;40;3243.00;268
7930;29;5871525;7930;449;9252;9512;5.55;0.34;350.79;13.07;1322;40;3244.00;260
7933;29;5871539;7933;442;9252;9512;5.57;0.34;350.81;13.07;1319;40;3245.00;260
7935;29;5871554;7935;443;9258;9512;5.61;0.34;350.77;13.07;1323;40;3246.00;254
7938;29;5871567;7938;443;9263;9512;5.58;0.34;350.88;13.07;1325;40;3247.00;249
7941;29;5871582;7941;445;9271;9513;5.56;0.34;350.93;13.13;1330;40;3248.00;242
7944;29;5871597;7944;443;9274;9514;5.56;0.34;351.12;13.13;1330;40;3249.00;240
7948;29;5871611;7948;436;9278;9514;5.49;0.34;351.31;13.12;1330;40;3250.00;236
7950;29;5871625;7950;437;9283;9518;5.44;0.33;351.28;13.12;1333;40;3251.00;235
7953;29;5871640;7953;447;9285;9518;5.39;0.33;351.43;13.18;1332;40;3252.00;233
7956;29;5871655;7956;450;9286;9518;5.26;0.32;351.56;13.25;1330;40;3253.00;232
7956;29;5871674;7956;454;9286;9518;5.20;0.32;351.56;13.25;1330;40;3254.00;232
7957;29;5871687;7957;457;9291;9524;5.14;0.32;351.55;13.24;1334;40;3255.00;233
7960;29;5871703;7960;462;9291;9524;5.06;0.31;351.77;13.24;1331;40;3256.00;233
7963;29;5871717;7963;470;9291;9524;4.99;0.31;351.83;13.24;1328;40;3257.00;233
7965;29;5871731;7965;475;9293;9527;4.96;0.30;351.85;13.24;1328;40;3258.00;234
7967;29;5871745;7967;466;9293;9527;4.92;0.30;351.97;13.24;1326;40;3259.00;234
7970;29;5871761;7970;477;9293;9527;4.83;0.30;352.10;13.24;1323;40;3260.00;234
7973;29;5871775;7973;476;9294;9528;4.81;0.29;352.22;13.23;1321;40;3261.00;234
7975;29;5871789;7975;487;9295;9529;4.76;0.29;352.33;13.23;1320;40;3262.00;234
7977;29;5871803;7977;492;9295;9529;4.71;0.29;352.36;13.23;1318;40;3263.00;234
7982;29;5871818;7982;495;9305;9542;4.68;0.29;352.29;13.22;1323;40;3264.00;237
7985;29;5871832;7985;500;9305;9542;4.68;0.29;352.31;13.22;1320;40;3265.00;237
7989;29;5871846;7989;496;9306;9542;4.64;0.28;352.42;13.29;1317;40;3266.00;236
7990;29;5871860;7990;500;9307;9543;4.64;0.28;352.43;13.28;1317;40;3267.00;236
7993;29;5871874;7993;502;9309;9543;4.62;0.28;352.38;13.35;1316;40;3268.00;234
7996;29;5871887;7996;512;9313;9547;4.63;0.28;352.34;13.41;1317;40;3269.00;234
8001;29;5871903;8001;515;9313;9547;4.59;0.28;352.35;13.41;1312;40;3270.00;234
8002;29;5871916;8002;521;9316;9551;4.57;0.28;352.36;13.41;1314;40;3271.00;235
8005;29;5871929;8005;531;9318;9551;4.53;0.28;352.31;13.47;1313;40;3272.00;233
8005;29;5871943;8005;541;9318;9551;4.50;0.28;352.31;13.47;1313;40;3273.00;233
8006;29;5871957;8006;540;9319;9551;4.46;0.28;352.33;13.54;1313;40;3274.00;232
8009;29;5871969;8009;549;9319;9551;4.40;0.27;352.38;13.54;1310;40;3275.00;232
8012;29;5871982;8012;556;9330;9563;4.38;0.27;352.39;13.59;1318;40;3276.00;233
8012;29;5871996;8012;560;9330;9563;4.32;0.27;352.39;13.59;1318;40;3277.00;233
8017;29;5872009;8017;566;9332;9563;4.28;0.26;352.32;13.65;1315;40;3278.00;231
8019;29;5872022;8019;577;9332;9563;4.23;0.26;352.33;13.65;1313;40;3279.00;231
8021;29;5872034;8021;580;9333;9563;4.15;0.26;352.29;13.72;1312;40;3280.00;230
8025;29;5872047;8025;586;9333;9563;4.11;0.25;352.23;13.72;1308;40;3281.00;230
8028;29;5872059;8028;585;9334;9564;4.06;0.25;352.26;13.78;1306;40;3282.00;230
8031;29;5872072;8031;594;9334;9564;4.00;0.25;352.17;13.78;1303;40;3283.00;230
8032;29;5872083;8032;597;9339;9570;4.02;0.25;352.14;13.78;1307;40;3284.00;231
8034;29;5872096;8034;596;9343;9572;4.00;0.25;352.08;13.90;1309;40;3285.00;229
8034;29;5872109;8034;601;9343;9572;4.00;0.25;352.08;13.90;1309;40;3286.00;229
8035;29;5872122;8035;602;9345;9572;4.01;0.25;352.04;14.03;1310;41;3287.00;227
8037;29;5872142;8037;596;9348;9576;4.04;0.25;352.11;14.02;1311;41;3288.00;228
8041;29;5872155;8041;594;9349;9576;3.96;0.24;352.05;14.09;1308;41;3289.00;227
8042;29;5872167;8042;601;9350;9576;3.88;0.24;352.03;14.15;1308;41;3290.00;226
8044;29;5872178;8044;596;9351;9577;3.84;0.24;351.97;14.15;1307;41;3291.00;226
8045;29;5872190;8045;603;9355;9581;3.83;0.23;351.93;14.20;1310;41;3292.00;226
8046;29;5872203;8046;604;9355;9581;3.81;0.23;351.96;14.20;1309;41;3293.00;226
8048;29;5872215;8048;609;9357;9584;3.80;0.23;351.99;14.20;1309;41;3294.00;227
8050;29;5872227;8050;611;9357;9584;3.78;0.23;351.97;14.20;1307;41;3295.00;227
8050;29;5872238;8050;610;9358;9584;3.77;0.23;351.97;14.20;1308;41;3296.00;226
8054;29;5872249;8054;604;9358;9584;3.72;0.23;352.08;14.20;1304;41;3297.00;226
8057;29;5872260;8057;607;9363;9588;3.68;0.23;352.06;14.26;1306;41;3298.00;225
8061;29;5872272;8061;611;9363;9588;3.58;0.22;351.98;14.26;1302;41;3299.00;225
8065;29;5872286;8065;608;9368;9607;3.49;0.21;351.89;14.25;1303;41;3300.00;239
8068;29;5872303;8068;577;9368;9607;3.45;0.21;351.92;14.25;1300;41;3301.00;239
8069;29;5872315;8069;556;9368;9608;3.45;0.21;351.90;14.25;1299;41;3302.00;240
8071;29;5872327;8071;545;9369;9609;3.52;0.22;351.93;14.25;1298;41;3303.00;240
8073;29;5872339;8073;533;9369;9609;3.57;0.22;351.98;14.25;1296;41;3304.00;240
8076;29;5872351;8076;537;9371;9610;3.64;0.22;351.94;14.24;1295;41;3305.00;239
8079;29;5872364;8079;535;9372;9610;3.69;0.23;351.93;14.24;1293;41;3306.00;238
8084;29;5872376;8084;527;9372;9610;3.73;0.23;351.90;14.24;1288;41;3307.00;238
8084;29;5872393;8084;520;9372;9610;3.83;0.24;351.90;14.24;1288;41;3308.00;238
8087;29;5872405;8087;509;9372;9610;3.86;0.24;351.89;14.24;1285;41;3309.00;238
8089;29;5872417;8089;501;9373;9610;3.91;0.24;351.92;14.24;1284;41;3310.00;237
8089;29;5872430;8089;497;9374;9610;3.98;0.24;351.92;14.24;1285;41;3311.00;236
8093;29;5872443;8093;495;9438;9737;4.38;0.27;352.02;14.15;1345;41;3312.00;299
8094;29;5872465;8094;497;9441;9738;4.46;0.28;352.03;14.14;1347;41;3313.00;297
8097;29;5872479;8097;494;9448;9738;4.55;0.28;351.97;14.13;1351;41;3314.00;290
8102;29;5872492;8102;492;9453;9738;4.61;0.29;352.13;14.13;1351;41;3315.00;285
8104;29;5872513;8104;487;9457;9738;4.61;0.29;352.17;14.12;1353;41;3316.00;281
8105;29;5872526;8105;485;9462;9738;4.64;0.29;352.24;14.12;1357;41;3317.00;276
8107;29;5872540;8107;482;9465;9738;4.68;0.29;352.26;14.12;1358;41;3318.00;273
8109;29;5872553;8109;476;9468;9738;4.70;0.29;352.29;14.12;1359;41;3319.00;270
8111;29;5872568;8111;471;9472;9739;4.76;0.29;352.35;14.11;1361;41;3320.00;267
8114;29;5872582;8114;466;9475;9740;4.82;0.30;352.34;14.11;1361;41;3321.00;265
8120;29;5872596;8120;460;9478;9740;4.80;0.30;352.45;14.11;1358;41;3322.00;262
8121;29;5872611;8121;468;9482;9741;4.81;0.30;352.46;14.11;1361;41;3323.00;259
8125;29;5872625;8125;462;9484;9741;4.79;0.30;352.47;14.11;1359;41;3324.00;257
8128;29;5872639;8128;460;9486;9741;4.77;0.29;352.51;14.11;1358;41;3325.00;255
8131;29;5872654;8131;461;9488;9741;4.77;0.29;352.52;14.11;1357;41;3326.00;253
8133;29;5872668;8133;453;9490;9745;4.76;0.29;352.53;14.11;1357;41;3327.00;255
8137;29;5872683;8137;459;9492;9745;4.71;0.29;352.56;14.11;1355;41;3328.00;253
8143;29;5872697;8143;461;9492;9745;4.66;0.29;352.64;14.11;1349;41;3329.00;253
8148;29;5872714;8148;456;9495;9751;4.65;0.29;352.60;14.11;1347;41;3330.00;256
8150;29;5872729;8150;455;9495;9751;4.67;0.29;352.58;14.11;1345;41;3331.00;256
8155;29;5872743;8155;459;9496;9751;4.66;0.29;352.50;14.11;1341;41;3332.00;255
8157;29;5872758;8157;461;9499;9755;4.67;0.29;352.59;14.10;1342;41;3333.00;256
8159;29;5872773;8159;465;9501;9756;4.70;0.29;352.54;14.10;1342;41;3334.00;255
8164;29;5872792;8164;456;9501;9756;4.71;0.29;352.58;14.10;1337;41;3335.00;255
8168;29;5872808;8168;457;9508;9760;4.73;0.29;352.61;14.19;1340;41;3336.00;252
8170;29;5872824;8170;453;9508;9760;4.75;0.29;352.63;14.19;1338;41;3337.00;252
8178;29;5872839;8178;457;9510;9760;4.74;0.29;352.67;14.20;1332;41;3338.00;250
8181;29;5872853;8181;456;9513;9761;4.74;0.29;352.69;14.20;1332;41;3339.00;248
8186;29;5872868;8186;459;9513;9761;4.75;0.29;352.72;14.20;1327;41;3340.00;248
8191;29;5872882;8191;456;9518;9767;4.73;0.29;352.71;14.20;1327;41;3341.00;249
8195;29;5872897;8195;460;9520;9767;4.73;0.29;352.90;14.20;1325;41;3342.00;247
8197;29;5872912;8197;460;9521;9768;4.74;0.29;352.96;14.20;1324;41;3343.00;247
8201;29;5872926;8201;461;9524;9768;4.73;0.29;353.11;14.20;1323;41;3344.00;244
8206;29;5872940;8206;467;9525;9768;4.68;0.29;353.20;14.20;1319;41;3345.00;243
8210;29;5872953;8210;472;9526;9768;4.65;0.28;353.30;14.20;1316;41;3346.00;242
8212;29;5872968;8212;465;9526;9768;4.62;0.28;353.45;14.20;1314;41;3347.00;242
8220;29;5872982;8220;457;9537;9780;4.62;0.28;353.50;14.18;1317;41;3348.00;243
8224;29;5872998;8224;454;9537;9780;4.61;0.28;353.58;14.18;1313;41;3349.00;243
8227;29;5873013;8227;441;9537;9780;4.62;0.28;353.63;14.18;1310;41;3350.00;243
8231;29;5873028;8231;439;9538;9780;4.65;0.28;353.74;14.27;1307;41;3351.00;242
8234;29;5873042;8234;437;9538;9780;4.70;0.29;353.76;14.27;1304;41;3352.00;242
8237;29;5873056;8237;438;9538;9780;4.70;0.29;353.81;14.27;1301;41;3353.00;242
8238;29;5873070;8238;443;9541;9784;4.73;0.29;353.84;14.27;1303;41;3354.00;243
8240;29;5873085;8240;442;9541;9784;4.72;0.29;353.84;14.27;1301;41;3355.00;243
8244;29;5873099;8244;431;9545;9788;4.74;0.29;353.92;14.26;1301;41;3356.00;243
8246;29;5873120;8246;419;9546;9789;4.73;0.29;353.96;14.26;1300;41;3357.00;243
8250;29;5873134;8250;412;9547;9789;4.74;0.29;354.00;14.35;1297;41;3358.00;242
8253;29;5873149;8253;406;9547;9789;4.77;0.29;354.16;14.35;1294;41;3359.00;242
8256;29;5873165;8256;420;9570;9818;4.79;0.29;354.23;14.31;1314;41;3360.00;248
8257;29;5873182;8257;412;9570;9818;4.82;0.29;354.26;14.31;1313;41;3361.00;248
8259;29;5873196;8259;413;9571;9818;4.86;0.30;354.35;14.31;1312;41;3362.00;247
8263;29;5873211;8263;421;9573;9819;4.90;0.30;354.48;14.31;1310;41;3363.00;246
8265;29;5873225;8265;435;9573;9820;4.93;0.30;354.53;14.31;1308;41;3364.00;247
8270;29;5873240;8270;439;9573;9820;4.92;0.30;354.74;14.31;1303;41;3365.00;247
8273;29;5873255;8273;439;9575;9823;4.89;0.30;354.89;14.31;1302;41;3366.00;248
8275;29;5873269;8275;439;9575;9823;4.88;0.30;354.86;14.31;1300;41;3367.00;248
8279;29;5873284;8279;435;9576;9823;4.90;0.30;355.11;14.31;1297;41;3368.00;247
8282;29;5873298;8282;434;9576;9823;4.90;0.30;355.27;14.31;1294;41;3369.00;247
8284;29;5873314;8284;430;9581;9829;4.93;0.30;355.25;14.30;1297;41;3370.00;248
8285;29;5873329;8285;434;9581;9829;4.91;0.30;355.36;14.30;1296;41;3371.00;248
8286;29;5873342;8286;432;9581;9829;4.93;0.30;355.42;14.30;1295;41;3372.00;248
8288;29;5873358;8288;424;9581;9829;4.92;0.30;355.59;14.30;1293;41;3373.00;248
8293;29;5873371;8293;420;9584;9833;4.91;0.30;355.59;14.30;1291;41;3374.00;249
8295;29;5873387;8295;425;9586;9835;4.95;0.30;355.69;14.29;1291;41;3375.00;249
8296;29;5873403;8296;428;9587;9835;5.00;0.30;355.70;14.38;1291;41;3376.00;248
8302;29;5873418;8302;422;9588;9836;5.03;0.31;355.83;14.38;1286;41;3377.00;248
8305;29;5873433;8305;415;9588;9836;5.07;0.31;355.94;14.38;1283;41;3378.00;248
8307;29;5873448;8307;422;9588;9836;5.10;0.31;355.98;14.38;1281;41;3379.00;248
8310;29;5873463;8310;419;9588;9836;5.10;0.31;356.11;14.38;1278;41;3380.00;248
8310;29;5873478;8310;418;9588;9836;5.14;0.31;356.11;14.38;1278;41;3381.00;248
8313;29;5873492;8313;420;9588;9836;5.19;0.32;356.13;14.38;1275;41;3382.00;248
8315;29;5873506;8315;426;9588;9836;5.21;0.32;356.09;14.38;1273;41;3383.00;248
8319;29;5873521;8319;439;9625;9906;5.18;0.31;356.24;14.32;1306;41;3384.00;281
8319;29;5873541;8319;433;9625;9907;5.22;0.32;356.24;14.32;1306;41;3385.00;282
8323;29;5873557;8323;431;9631;9907;5.28;0.32;356.36;14.41;1308;41;3386.00;276
8325;29;5873572;8325;426;9633;9907;5.28;0.32;356.40;14.40;1308;41;3387.00;274
8327;29;5873587;8327;427;9636;9907;5.28;0.32;356.40;14.40;1309;41;3388.00;271
8328;29;5873601;8328;443;9639;9907;5.32;0.32;356.37;14.40;1311;41;3389.00;268
8332;29;5873617;8332;446;9642;9907;5.30;0.32;356.39;14.39;1310;41;3390.00;265
8333;29;5873636;8333;447;9645;9907;5.33;0.32;356.42;14.39;1312;41;3391.00;262
8336;29;5873650;8336;447;9646;9908;5.34;0.32;356.39;14.39;1310;41;3392.00;262
8336;29;5873665;8336;453;9647;9909;5.36;0.33;356.39;14.39;1311;41;3393.00;262
8337;29;5873678;8337;444;9650;9909;5.34;0.32;356.37;14.39;1313;41;3394.00;259
8339;29;5873691;8339;440;9655;9913;5.33;0.32;356.49;14.38;1316;41;3395.00;258
8341;29;5873706;8341;436;9656;9913;5.32;0.32;356.50;14.38;1315;41;3396.00;257
8345;29;5873720;8345;431;9656;9913;5.27;0.32;356.58;14.38;1311;41;3397.00;257
8348;29;5873734;8348;427;9656;9913;5.23;0.32;356.58;14.38;1308;41;3398.00;257
8350;29;5873749;8350;423;9662;9919;5.24;0.32;356.59;14.38;1312;41;3399.00;257
8353;29;5873764;8353;426;9663;9919;5.25;0.32;356.75;14.38;1310;41;3400.00;256
8357;29;5873782;8357;427;9663;9919;5.17;0.31;356.94;14.38;1306;41;3401.00;256
8360;29;5873796;8360;431;9665;9922;5.18;0.31;357.04;14.38;1305;41;3402.00;257
8362;29;5873811;8362;437;9666;9922;5.12;0.31;357.13;14.37;1304;41;3403.00;256
8366;29;5873826;8366;429;9667;9922;5.06;0.31;357.12;14.37;1301;41;3404.00;255
8371;29;5873839;8371;437;9669;9923;4.99;0.30;357.08;14.52;1298;41;3405.00;254
8372;29;5873856;8372;441;9670;9924;4.95;0.30;357.08;14.51;1298;41;3406.00;254
8375;29;5873870;8375;442;9670;9924;4.88;0.30;357.07;14.51;1295;41;3407.00;254
8379;29;5873884;8379;442;9679;9937;4.89;0.30;357.11;14.50;1300;41;3408.00;258
8382;29;5873898;8382;448;9679;9937;4.90;0.30;357.04;14.50;1297;41;3409.00;258
8385;29;5873913;8385;445;9681;9937;4.87;0.30;357.11;14.59;1296;41;3410.00;256
8387;29;5873928;8387;453;9682;9938;4.90;0.30;357.12;14.59;1295;41;3411.00;256
8389;29;5873941;8389;458;9683;9938;4.88;0.30;357.17;14.59;1294;41;3412.00;255
8389;29;5873955;8389;455;9686;9942;4.90;0.30;357.17;14.58;1297;41;3413.00;256
8391;29;5873970;8391;461;9686;9942;4.87;0.30;357.21;14.58;1295;41;3414.00;256
8393;29;5873983;8393;464;9689;9946;4.87;0.30;357.16;14.58;1296;41;3415.00;257
8393;29;5873997;8393;461;9692;9946;4.86;0.30;357.16;14.65;1299;41;3416.00;254
8393;29;5874012;8393;457;9692;9946;4.80;0.29;357.16;14.65;1299;41;3417.00;254
8399;29;5874025;8399;463;9692;9946;4.70;0.29;357.16;14.65;1293;41;3418.00;254
8401;29;5874038;8401;476;9692;9946;4.68;0.29;357.17;14.65;1291;41;3419.00;254
8404;29;5874053;8404;474;9715;9980;4.73;0.29;357.07;14.61;1311;41;3420.00;265
8406;29;5874070;8406;474;9719;9980;4.69;0.29;357.10;14.61;1313;41;3421.00;261
8408;29;5874084;8408;479;9720;9980;4.63;0.28;357.07;14.61;1312;41;3422.00;260
8409;29;5874098;8409;483;9721;9980;4.61;0.28;357.07;14.61;1312;41;3423.00;259
8411;29;5874111;8411;486;9721;9980;4.56;0.28;357.13;14.61;1310;41;3424.00;259
8414;29;5874124;8414;493;9721;9980;4.56;0.28;357.24;14.61;1307;41;3425.00;259
8416;29;5874138;8416;496;9721;9981;4.53;0.28;357.21;14.61;1305;41;3426.00;260
8416;29;5874153;8416;494;9721;9981;4.51;0.28;357.21;14.61;1305;41;3427.00;260
8419;29;5874166;8419;501;9726;9987;4.54;0.28;357.17;14.60;1307;41;3428.00;261
8420;29;5874179;8420;497;9726;9988;4.55;0.28;357.14;14.60;1306;41;3429.00;262
8420;29;5874193;8420;510;9727;9988;4.47;0.27;357.14;14.60;1307;41;3430.00;261
8422;29;5874211;8422;524;9728;9988;4.40;0.27;357.12;14.67;1306;41;3431.00;260
8427;29;5874225;8427;528;9731;9992;4.33;0.27;357.07;14.67;1304;42;3432.00;261
8428;29;5874247;8428;537;9731;9992;4.26;0.26;357.04;14.67;1303;42;3433.00;261
8431;29;5874260;8431;539;9733;9992;4.15;0.25;356.99;14.81;1302;42;3434.00;259
8433;29;5874273;8433;551;9734;9993;4.08;0.25;356.94;14.81;1301;42;3435.00;259
8436;29;5874285;8436;557;9739;9997;3.99;0.25;356.86;14.95;1303;42;3436.00;258
8439;29;5874299;8439;570;9739;9997;3.93;0.24;356.81;14.95;1300;42;3437.00;258
8440;29;5874314;8440;573;9741;10000;3.90;0.24;356.83;14.94;1301;42;3438.00;259
8443;29;5874327;8443;586;9744;10000;3.86;0.24;356.72;15.08;1301;42;3439.00;256
8445;29;5874340;8445;592;9744;10000;3.82;0.23;356.78;15.08;1299;42;3440.00;256
8445;29;5874352;8445;593;9744;10000;3.83;0.24;356.78;15.08;1299;42;3441.00;256
8446;29;5874365;8446;602;9750;10004;3.86;0.24;356.81;15.22;1304;42;3442.00;254
8447;29;5874378;8447;611;9750;10004;3.83;0.23;356.79;15.22;1303;42;3443.00;254
8448;29;5874391;8448;615;9750;10004;3.84;0.24;356.77;15.22;1302;42;3444.00;254
8449;29;5874403;8449;617;9752;10004;3.80;0.23;356.74;15.36;1303;42;3445.00;252
8449;29;5874415;8449;623;9752;10005;3.78;0.23;356.74;15.36;1303;42;3446.00;253
8450;29;5874428;8450;628;9755;10006;3.72;0.23;356.73;15.50;1305;42;3447.00;251
8454;29;5874440;8454;625;9755;10006;3.66;0.22;356.79;15.50;1301;42;3448.00;251
8455;29;5874454;8455;603;9758;10007;3.66;0.22;356.85;15.63;1303;42;3449.00;249
8456;29;5874468;8456;594;9758;10007;3.66;0.22;356.86;15.63;1302;42;3450.00;249
8457;29;5874481;8457;582;9760;10007;3.70;0.22;356.84;15.77;1303;42;3451.00;247
8458;29;5874493;8458;580;9760;10007;3.74;0.23;356.83;15.77;1302;42;3452.00;247
8460;29;5874505;8460;569;9760;10007;3.78;0.23;356.83;15.77;1300;42;3453.00;247
8462;29;5874518;8462;556;9762;10007;3.82;0.23;356.78;15.91;1300;42;3454.00;245
8462;29;5874535;8462;554;9762;10007;3.88;0.24;356.78;15.91;1300;42;3455.00;245
8463;29;5874547;8463;562;9825;10134;4.27;0.26;356.76;15.80;1362;42;3456.00;309
8464;29;5874571;8464;559;9826;10135;4.30;0.27;356.73;15.80;1362;42;3457.00;309
8465;29;5874584;8465;554;9835;10135;4.36;0.27;356.69;15.79;1370;42;3458.00;300
8466;29;5874597;8466;554;9842;10135;4.38;0.27;356.67;15.78;1376;42;3459.00;293
8469;29;5874610;8469;544;9849;10135;4.41;0.27;356.58;15.77;1380;42;3460.00;286
8470;29;5874624;8470;546;9853;10135;4.41;0.27;356.56;15.77;1383;42;3461.00;282
8471;29;5874636;8471;547;9856;10135;4.38;0.27;356.56;15.77;1385;42;3462.00;279
8474;29;5874654;8474;558;9858;10135;4.29;0.26;356.55;15.76;1384;42;3463.00;277
8477;29;5874672;8477;554;9861;10136;4.25;0.26;356.49;15.76;1384;42;3464.00;275
8478;29;5874691;8478;550;9864;10138;4.19;0.26;356.50;15.76;1386;42;3465.00;274
8480;29;5874706;8480;539;9866;10138;4.17;0.26;356.51;15.76;1386;42;3466.00;272
8481;29;5874719;8481;532;9870;10139;4.19;0.26;356.52;15.75;1389;42;3467.00;269
8483;29;5874733;8483;534;9871;10139;4.17;0.26;356.51;15.75;1388;42;3468.00;268
8485;29;5874746;8485;532;9873;10139;4.18;0.26;356.62;15.75;1388;42;3469.00;266
8489;29;5874761;8489;537;9875;10139;4.17;0.26;356.63;15.75;1386;42;3470.00;264
8491;29;5874774;8491;533;9879;10143;4.19;0.26;356.59;15.75;1388;42;3471.00;264
8493;29;5874789;8493;533;9879;10143;4.24;0.26;356.55;15.75;1386;42;3472.00;264
8494;29;5874802;8494;527;9881;10143;4.27;0.26;356.54;15.75;1387;42;3473.00;262
8496;29;5874817;8496;529;9882;10146;4.27;0.26;356.51;15.75;1386;42;3474.00;264
8498;29;5874831;8498;521;9882;10146;4.25;0.26;356.59;15.75;1384;42;3475.00;264
8501;29;5874845;8501;524;9883;10146;4.25;0.26;356.68;15.75;1382;42;3476.00;263
8505;29;5874858;8505;525;9886;10150;4.23;0.26;356.69;15.74;1381;42;3477.00;264
8511;29;5874873;8511;514;9888;10151;4.22;0.26;356.76;15.74;1377;42;3478.00;263
8515;29;5874887;8515;517;9889;10151;4.25;0.26;356.73;15.74;1374;42;3479.00;262
8519;29;5874902;8519;519;9893;10156;4.30;0.26;356.81;15.74;1374;42;3480.00;263
8524;29;5874917;8524;520;9893;10156;4.31;0.26;356.92;15.74;1369;42;3481.00;263
8530;29;5874930;8530;520;9893;10156;4.35;0.27;357.06;15.74;1363;42;3482.00;263
8534;29;5874945;8534;517;9893;10157;4.44;0.27;357.11;15.74;1359;42;3483.00;264
8538;29;5874959;8538;506;9893;10157;4.50;0.28;357.23;15.74;1355;42;3484.00;264
8544;29;5874974;8544;501;9897;10163;4.59;0.28;357.34;15.73;1353;42;3485.00;266
8547;29;5874988;8547;490;9897;10163;4.66;0.28;357.42;15.73;1350;42;3486.00;266
8550;29;5875003;8550;484;9897;10164;4.70;0.29;357.44;15.73;1347;42;3487.00;267
8553;29;5875018;8553;481;9897;10164;4.72;0.29;357.49;15.73;1344;42;3488.00;267
8556;29;5875032;8556;477;9897;10164;4.73;0.29;357.70;15.73;1341;42;3489.00;267
8558;29;5875046;8558;483;9897;10164;4.73;0.29;357.93;15.73;1339;42;3490.00;267
8559;29;5875061;8559;482;9897;10164;4.75;0.29;357.95;15.73;1338;42;3491.00;267
8564;29;5875074;8564;481;9906;10176;4.76;0.29;358.14;15.72;1342;42;3492.00;270
8568;29;5875091;8568;471;9906;10176;4.79;0.29;358.20;15.72;1338;42;3493.00;270
8571;29;5875106;8571;472;9906;10176;4.83;0.29;358.34;15.72;1335;42;3494.00;270
8577;29;5875120;8577;464;9906;10176;4.83;0.29;358.53;15.72;1329;42;3495.00;270
8579;29;5875135;8579;452;9906;10176;4.84;0.29;358.53;15.72;1327;42;3496.00;270
8581;29;5875150;8581;448;9906;10176;4.85;0.30;358.60;15.72;1325;42;3497.00;270
8583;29;5875165;8583;445;9909;10180;4.85;0.30;358.64;15.71;1326;42;3498.00;271
8587;29;5875185;8587;448;9909;10180;4.82;0.29;358.59;15.71;1322;42;3499.00;271
8590;29;5875200;8590;452;9913;10184;4.85;0.30;358.70;15.71;1323;42;3500.00;271
8594;29;5875220;8594;451;9913;10185;4.84;0.29;358.76;15.71;1319;42;3501.00;272
8596;29;5875235;8596;451;9913;10185;4.87;0.30;358.78;15.71;1317;42;3502.00;272
8601;29;5875250;8601;446;9913;10185;4.90;0.30;358.76;15.71;1312;42;3503.00;272
8605;29;5875265;8605;443;9922;10198;4.96;0.30;358.84;15.70;1317;42;3504.00;276
8609;29;5875282;8609;446;9925;10198;4.97;0.30;358.92;15.80;1316;42;3505.00;273
8613;29;5875301;8613;458;9927;10198;4.98;0.30;358.96;15.80;1314;42;3506.00;271
8615;29;5875316;8615;456;9929;10199;5.01;0.30;358.93;15.80;1314;42;3507.00;270
8620;29;5875332;8620;456;9929;10200;4.95;0.30;358.91;15.80;1309;42;3508.00;271
8623;29;5875346;8623;459;9930;10200;4.95;0.30;358.92;15.80;1307;42;3509.00;270
8626;29;5875362;8626;457;9934;10206;4.95;0.30;358.96;15.80;1308;42;3510.00;272
8629;29;5875377;8629;451;9934;10206;4.91;0.30;358.97;15.80;1305;42;3511.00;272
8631;29;5875392;8631;441;9937;10206;4.87;0.30;358.97;15.79;1306;42;3512.00;269
8634;29;5875407;8634;431;9939;10206;4.81;0.29;359.04;15.79;1305;42;3513.00;267
8639;29;5875422;8639;433;9944;10212;4.76;0.29;359.19;15.79;1305;42;3514.00;268
8641;29;5875437;8641;434;9944;10212;4.74;0.29;359.30;15.79;1303;42;3515.00;268
8641;29;5875452;8641;436;9945;10212;4.71;0.29;359.30;15.79;1304;42;3516.00;267
8643;29;5875467;8643;435;9945;10212;4.68;0.28;359.25;15.79;1302;42;3517.00;267
8646;29;5875482;8646;444;9950;10216;4.69;0.28;359.40;15.88;1304;42;3518.00;266
8648;29;5875496;8648;446;9953;10219;4.67;0.28;359.39;15.88;1305;42;3519.00;266
8649;29;5875519;8649;442;9954;10219;4.69;0.29;359.46;15.88;1305;42;3520.00;265
8651;29;5875533;8651;435;9955;10220;4.71;0.29;359.54;15.87;1304;42;3521.00;265
8654;29;5875548;8654;435;9955;10220;4.71;0.29;359.62;15.87;1301;42;3522.00;265
8656;29;5875563;8656;433;9955;10220;4.79;0.29;359.63;15.87;1299;42;3523.00;265
8659;29;5875579;8659;428;9956;10220;4.80;0.29;359.59;15.97;1297;42;3524.00;264
8664;29;5875594;8664;426;9956;10220;4.82;0.29;359.69;15.97;1292;42;3525.00;264
8666;29;5875609;8666;425;9956;10220;4.89;0.30;359.79;15.97;1290;42;3526.00;264
8669;29;5875625;8669;425;9956;10220;4.94;0.30;359.76;15.97;1287;42;3527.00;264
8672;29;5875640;8672;447;9996;10290;4.96;0.30;359.79;15.91;1324;42;3528.00;294
8676;29;5875660;8676;443;9998;10291;5.02;0.31;359.94;15.91;1322;42;3529.00;293
8679;29;5875677;8679;445;10005;10291;5.06;0.31;359.93;16.00;1326;42;3530.00;286
8680;29;5875693;8680;443;10006;10291;5.07;0.31;360.02;16.00;1326;42;3531.00;285
8681;29;5875708;8681;438;10008;10291;5.12;0.31;360.09;15.99;1327;42;3532.00;283
8683;29;5875723;8683;439;10010;10291;5.14;0.31;360.15;15.99;1327;42;3533.00;281
8688;29;5875738;8688;442;10012;10291;5.10;0.31;360.14;15.99;1324;42;3534.00;279
8688;29;5875754;8688;454;10015;10291;5.13;0.31;360.14;15.99;1327;42;3535.00;276
8690;29;5875770;8690;445;10017;10292;5.14;0.31;360.18;15.98;1327;42;3536.00;275
8691;29;5875786;8691;452;10019;10293;5.13;0.31;360.21;15.98;1328;42;3537.00;274
8693;29;5875801;8693;444;10022;10293;5.13;0.31;360.25;15.98;1329;42;3538.00;271
8696;29;5875816;8696;439;10027;10297;5.11;0.31;360.37;16.08;1331;42;3539.00;270
8699;29;5875833;8699;449;10028;10297;5.09;0.31;360.43;16.08;1329;42;3540.00;269
8703;29;5875850;8703;454;10028;10297;5.03;0.31;360.55;16.08;1325;42;3541.00;269
8704;29;5875871;8704;465;10028;10297;5.02;0.30;360.59;16.08;1324;42;3542.00;269
8706;29;5875887;8706;458;10034;10303;5.02;0.30;360.61;16.07;1328;42;3543.00;269
8710;29;5875903;8710;462;10034;10303;4.99;0.30;360.72;16.07;1324;42;3544.00;269
8712;29;5875917;8712;462;10034;10303;4.99;0.30;360.76;16.07;1322;42;3545.00;269
8714;29;5875933;8714;464;10036;10306;5.01;0.30;360.87;16.06;1322;42;3546.00;270
8716;29;5875947;8716;465;10036;10306;5.01;0.30;360.90;16.06;1320;42;3547.00;270
8719;29;5875961;8719;472;10037;10306;4.98;0.30;360.94;16.06;1318;42;3548.00;269
8722;29;5875976;8722;479;10037;10307;4.95;0.30;360.96;16.06;1315;42;3549.00;270
8722;29;5875991;8722;486;10038;10308;4.90;0.30;360.96;16.06;1316;42;3550.00;270
8723;29;5876005;8723;492;10038;10308;4.89;0.30;360.98;16.06;1315;42;3551.00;270
8727;29;5876024;8727;498;10048;10321;4.91;0.30;361.09;16.04;1321;42;3552.00;273
8727;29;5876039;8727;499;10048;10321;4.89;0.30;361.09;16.04;1321;42;3553.00;273
8728;29;5876053;8728;509;10050;10321;4.91;0.30;361.13;16.14;1322;42;3554.00;271
8731;29;5876067;8731;502;10052;10323;4.92;0.30;361.20;16.14;1321;42;3555.00;271
8734;29;5876082;8734;496;10052;10323;4.94;0.30;361.35;16.14;1318;42;3556.00;271
8736;29;5876113;8736;498;10056;10327;4.95;0.30;361.41;16.14;1320;42;3557.00;271
8738;29;5876138;8738;497;10056;10327;4.93;0.30;361.47;16.14;1318;42;3558.00;271
8738;29;5876159;8738;489;10059;10331;4.92;0.30;361.47;16.13;1321;42;3559.00;272
8738;29;5876177;8738;496;10059;10331;4.90;0.30;361.47;16.13;1321;42;3560.00;272
8742;29;5876191;8742;498;10060;10331;4.90;0.30;361.46;16.23;1318;42;3561.00;271
8744;29;5876206;8744;491;10060;10331;4.90;0.30;361.41;16.23;1316;42;3562.00;271
8747;29;5876223;8747;490;10060;10331;4.87;0.30;361.41;16.23;1313;42;3563.00;271
8749;29;5876238;8749;490;10070;10343;4.92;0.30;361.42;16.22;1321;42;3564.00;273
8750;29;5876253;8750;490;10070;10343;4.90;0.30;361.44;16.22;1320;42;3565.00;273
8755;29;5876267;8755;495;10071;10343;4.88;0.30;361.41;16.22;1316;42;3566.00;272
8761;29;5876281;8761;491;10071;10343;4.83;0.29;361.36;16.22;1310;42;3567.00;272
8763;29;5876295;8763;493;10071;10343;4.82;0.29;361.35;16.22;1308;42;3568.00;272
8767;29;5876308;8767;488;10071;10343;4.78;0.29;361.34;16.22;1304;42;3569.00;272
8771;29;5876324;8771;489;10073;10344;4.74;0.29;361.28;16.37;1302;42;3570.00;271
8775;29;5876343;8775;480;10073;10344;4.72;0.29;361.22;16.37;1298;42;3571.00;271
8781;29;5876359;8781;485;10078;10350;4.75;0.29;361.18;16.36;1297;42;3572.00;272
8783;30;5876375;8783;487;10078;10351;4.71;0.29;361.14;16.36;1295;43;3573.00;273
8787;30;5876407;8787;485;10079;10351;4.68;0.28;361.10;16.36;1292;43;3574.00;272
8790;30;5876422;8790;491;10079;10351;4.70;0.29;361.19;16.36;1289;43;3575.00;272
8793;30;5876436;8793;497;10082;10355;4.71;0.29;361.16;16.35;1289;43;3576.00;273
8795;30;5876450;8795;499;10082;10355;4.63;0.28;361.27;16.35;1287;43;3577.00;273
8797;30;5876465;8797;510;10082;10355;4.62;0.28;361.20;16.35;1285;43;3578.00;273
8800;30;5876478;8800;506;10083;10356;4.57;0.28;361.15;16.35;1283;43;3579.00;273
8803;30;5876492;8803;515;10086;10360;4.52;0.27;361.14;16.35;1283;43;3580.00;274
8804;30;5876507;8804;517;10086;10360;4.50;0.27;361.14;16.35;1282;43;3581.00;274
8804;30;5876522;8804;513;10088;10363;4.51;0.27;361.14;16.34;1284;43;3582.00;275
8804;30;5876537;8804;517;10089;10363;4.48;0.27;361.14;16.34;1285;43;3583.00;274
8808;30;5876551;8808;519;10089;10363;4.43;0.27;361.23;16.34;1281;43;3584.00;274
8808;30;5876566;8808;521;10089;10363;4.39;0.27;361.23;16.34;1281;43;3585.00;274
8810;30;5876580;8810;520;10093;10367;4.41;0.27;361.18;16.34;1283;43;3586.00;274
8812;30;5876595;8812;518;10093;10367;4.38;0.27;361.23;16.34;1281;43;3587.00;274
8812;30;5876608;8812;519;10093;10367;4.36;0.27;361.23;16.34;1281;43;3588.00;274
8813;30;5876622;8813;520;10093;10367;4.32;0.26;361.29;16.34;1280;43;3589.00;274
8813;30;5876635;8813;520;10093;10368;4.29;0.26;361.29;16.34;1280;43;3590.00;275
8814;30;5876650;8814;534;10094;10369;4.27;0.26;361.28;16.34;1280;43;3591.00;275
8815;30;5876664;8815;535;10094;10369;4.23;0.26;361.30;16.34;1279;43;3592.00;275
8816;30;5876679;8816;539;10095;10370;4.19;0.26;361.29;16.33;1279;43;3593.00;275
8817;30;5876692;8817;549;10096;10370;4.13;0.25;361.27;16.41;1279;43;3594.00;274
8819;30;5876705;8819;542;10096;10370;4.12;0.25;361.24;16.41;1277;43;3595.00;274
8822;30;5876719;8822;533;10096;10370;4.11;0.25;361.37;16.41;1274;43;3596.00;274
8823;30;5876735;8823;537;10097;10370;4.15;0.25;361.40;16.49;1274;43;3597.00;273
8824;30;5876748;8824;536;10097;10370;4.17;0.26;361.49;16.49;1273;43;3598.00;273
8827;30;5876763;8827;529;10097;10370;4.14;0.25;361.52;16.49;1270;43;3599.00;273
8827;30;5876780;8827;562;10195;10623;4.54;0.29;361.52;16.41;1368;43;3600.00;428
8827;30;5876821;8827;553;10199;10624;4.56;0.29;361.52;16.40;1372;43;3601.00;425
8828;30;5876842;8828;539;10214;10624;4.64;0.29;361.52;16.38;1386;43;3602.00;410
8829;30;5876857;8829;534;10222;10624;4.65;0.29;361.50;16.45;1393;43;3603.00;402
8831;30;5876872;8831;528;10230;10624;4.65;0.29;361.47;16.44;1399;43;3604.00;394
8833;30;5876899;8833;532;10238;10624;4.65;0.29;361.43;16.51;1405;43;3605.00;386
8834;30;5876921;8834;523;10245;10624;4.68;0.29;361.45;16.50;1411;43;3606.00;379
8836;30;5876937;8836;523;10254;10624;4.72;0.30;361.57;16.57;1418;43;3607.00;370
8837;30;5876952;8837;529;10260;10625;4.75;0.30;361.57;16.56;1423;43;3608.00;365
8839;30;5876968;8839;535;10269;10626;4.74;0.30;361.52;16.71;1430;43;3609.00;357
8840;30;5876983;8840;542;10275;10626;4.72;0.29;361.51;16.78;1435;43;3610.00;351
8841;30;5876998;8841;545;10279;10627;4.71;0.29;361.47;16.78;1438;43;3611.00;348
8845;30;5877013;8845;555;10284;10627;4.68;0.29;361.40;16.85;1439;43;3612.00;343
8847;30;5877030;8847;555;10287;10627;4.68;0.29;361.38;16.85;1440;43;3613.00;340
8850;30;5877046;8850;553;10294;10627;4.62;0.29;361.29;17.00;1444;43;3614.00;333
8852;30;5877061;8852;560;10300;10631;4.57;0.28;361.37;16.99;1448;43;3615.00;331
8854;30;5877082;8854;564;10303;10631;4.49;0.28;361.35;16.99;1449;43;3616.00;328
8855;30;5877102;8855;573;10307;10631;4.44;0.27;361.32;17.14;1452;43;3617.00;324
8857;30;5877122;8857;584;10308;10634;4.40;0.27;361.28;17.14;1451;43;3618.00;326
8859;30;5877138;8859;584;10315;10634;4.38;0.27;361.23;17.28;1456;43;3619.00;319
8866;30;5877162;8866;593;10316;10634;4.35;0.27;361.38;17.28;1450;43;3620.00;318
8868;30;5877178;8868;589;10322;10638;4.34;0.27;361.43;17.28;1454;43;3621.00;316
8872;30;5877193;8872;593;10326;10639;4.36;0.27;361.54;17.42;1454;43;3622.00;313
8873;30;5877209;8873;601;10327;10639;4.39;0.27;361.55;17.42;1454;43;3623.00;312
8877;30;5877223;8877;607;10330;10643;4.39;0.27;361.51;17.42;1453;43;3624.00;313
8879;30;5877239;8879;599;10330;10643;4.36;0.27;361.62;17.42;1451;43;3625.00;313
8881;30;5877254;8881;609;10336;10643;4.32;0.26;361.63;17.56;1455;43;3626.00;307
8885;30;5877268;8885;608;10337;10644;4.24;0.26;361.81;17.56;1452;43;3627.00;307
8886;30;5877283;8886;607;10339;10644;4.17;0.25;361.88;17.56;1453;43;3628.00;305
8891;30;5877297;8891;615;10345;10650;4.10;0.25;361.89;17.56;1454;43;3629.00;305
8892;30;5877313;8892;602;10345;10650;4.06;0.25;361.88;17.56;1453;43;3630.00;305
8895;30;5877329;8895;592;10346;10651;4.04;0.25;362.07;17.56;1451;43;3631.00;305
8899;30;5877344;8899;594;10348;10651;4.03;0.25;362.00;17.56;1449;43;3632.00;303
8901;30;5877358;8901;589;10349;10651;4.06;0.25;361.95;17.57;1448;43;3633.00;302
8903;30;5877374;8903;582;10350;10651;4.07;0.25;362.03;17.57;1447;43;3634.00;301
8905;30;5877388;8905;575;10350;10651;4.11;0.25;361.99;17.57;1445;43;3635.00;301
8907;30;5877402;8907;573;10359;10663;4.13;0.25;361.96;17.55;1452;43;3636.00;304
8909;30;5877418;8909;563;10361;10663;4.12;0.25;361.98;17.56;1452;43;3637.00;302
8912;30;5877433;8912;571;10362;10663;4.14;0.25;361.99;17.56;1450;43;3638.00;301
8914;30;5877448;8914;566;10363;10663;4.20;0.26;362.03;17.56;1449;43;3639.00;300
8916;30;5877465;8916;564;10363;10663;4.24;0.26;362.07;17.56;1447;43;3640.00;300
8921;30;5877480;8921;555;10363;10663;4.24;0.26;362.14;17.56;1442;44;3641.00;300
8922;30;5877506;8922;544;10368;10667;4.29;0.26;362.15;17.56;1446;44;3642.00;299
8924;30;5877524;8924;544;10370;10667;4.35;0.27;362.29;17.55;1446;44;3643.00;297
8929;30;5877540;8929;536;10373;10671;4.34;0.27;362.35;17.55;1444;44;3644.00;298
8933;30;5877556;8933;531;10376;10673;4.37;0.27;362.35;17.55;1443;44;3645.00;297
8936;30;5877572;8936;527;10376;10673;4.35;0.27;362.34;17.55;1440;44;3646.00;297
8939;30;5877593;8939;525;10377;10673;4.33;0.26;362.34;17.55;1438;44;3647.00;296
8944;30;5877610;8944;521;10385;10686;4.30;0.26;362.46;17.53;1441;44;3648.00;301
8945;30;5877627;8945;510;10387;10686;4.35;0.27;362.46;17.53;1442;44;3649.00;299
8948;30;5877642;8948;509;10388;10686;4.35;0.27;362.44;17.53;1440;44;3650.00;298
8949;30;5877657;8949;506;10389;10687;4.36;0.27;362.51;17.53;1440;44;3651.00;298
8953;30;5877672;8953;504;10389;10688;4.38;0.27;362.50;17.53;1436;44;3652.00;299
8955;30;5877688;8955;503;10389;10688;4.43;0.27;362.51;17.53;1434;44;3653.00;299
8961;30;5877703;8961;494;10391;10691;4.42;0.27;362.57;17.52;1430;44;3654.00;300
8965;30;5877720;8965;487;10391;10691;4.45;0.27;362.69;17.52;1426;44;3655.00;300
8969;30;5877736;8969;500;10391;10691;4.47;0.27;362.70;17.52;1422;44;3656.00;300
8971;30;5877751;8971;507;10392;10691;4.50;0.28;362.81;17.52;1421;44;3657.00;299
8976;30;5877766;8976;512;10397;10697;4.50;0.28;362.97;17.51;1421;44;3658.00;300
8979;30;5877783;8979;516;10398;10697;4.49;0.28;363.05;17.52;1419;44;3659.00;299
8983;30;5877800;8983;518;10398;10697;4.53;0.28;363.09;17.52;1415;44;3660.00;299
8986;30;5877816;8986;514;10399;10697;4.53;0.28;363.09;17.52;1413;44;3661.00;298
8991;30;5877832;8991;518;10402;10701;4.52;0.28;363.11;17.51;1411;44;3662.00;299
8996;30;5877848;8996;521;10404;10702;4.52;0.28;363.34;17.51;1408;44;3663.00;298
8999;30;5877863;8999;512;10404;10702;4.53;0.28;363.40;17.51;1405;44;3664.00;298
9002;30;5877879;9002;518;10405;10703;4.47;0.27;363.53;17.51;1403;44;3665.00;298
9009;30;5877895;9009;520;10405;10703;4.43;0.27;363.75;17.51;1396;44;3666.00;298
9013;30;5877912;9013;526;10405;10703;4.42;0.27;363.82;17.51;1392;44;3667.00;298
9016;30;5877928;9016;526;10405;10703;4.41;0.27;363.95;17.51;1389;44;3668.00;298
9023;30;5877944;9023;534;10405;10703;4.38;0.27;364.10;17.51;1382;44;3669.00;298
9025;30;5877959;9025;536;10405;10703;4.40;0.27;364.17;17.51;1380;44;3670.00;298
9026;30;5877974;9026;530;10405;10703;4.38;0.27;364.14;17.51;1379;44;3671.00;298
9028;30;5877989;9028;546;10445;10773;4.37;0.27;364.20;17.44;1417;44;3672.00;328
9030;30;5878009;9030;539;10447;10774;4.40;0.27;364.22;17.44;1417;44;3673.00;327
9033;30;5878023;9033;539;10450;10774;4.39;0.27;364.31;17.55;1417;44;3674.00;324
9033;30;5878039;9033;533;10452;10774;4.42;0.27;364.31;17.54;1419;44;3675.00;322
9036;30;5878054;9036;533;10456;10774;4.44;0.27;364.35;17.54;1420;44;3676.00;318
9038;30;5878069;9038;527;10458;10774;4.43;0.27;364.45;17.53;1420;44;3677.00;316
9045;30;5878083;9045;532;10461;10774;4.40;0.27;364.56;17.53;1416;44;3678.00;313
9048;30;5878099;9048;536;10464;10774;4.40;0.27;364.65;17.53;1416;44;3679.00;310
9053;30;5878121;9053;535;10466;10775;4.34;0.26;364.81;17.53;1413;44;3680.00;309
9055;30;5878136;9055;537;10468;10776;4.32;0.26;364.83;17.52;1413;44;3681.00;308
9057;30;5878153;9057;540;10469;10776;4.24;0.26;364.81;17.52;1412;44;3682.00;307
9059;30;5878168;9059;543;10472;10780;4.17;0.25;364.95;17.52;1413;44;3683.00;308
9062;30;5878184;9062;544;10473;10780;4.14;0.25;365.14;17.52;1411;44;3684.00;307
9064;30;5878199;9064;546;10474;10780;4.12;0.25;365.12;17.52;1410;44;3685.00;306
9066;30;5878218;9066;548;10474;10780;4.12;0.25;365.18;17.52;1408;44;3686.00;306
9068;30;5878234;9068;535;10479;10786;4.16;0.25;365.23;17.51;1411;44;3687.00;307
9070;30;5878250;9070;543;10479;10786;4.19;0.25;365.27;17.51;1409;44;3688.00;307
9072;30;5878266;9072;540;10479;10786;4.22;0.26;365.27;17.51;1407;44;3689.00;307
9075;30;5878283;9075;531;10485;10792;4.27;0.26;365.29;17.61;1410;44;3690.00;307
9076;30;5878299;9076;536;10485;10792;4.26;0.26;365.34;17.61;1409;44;3691.00;307
9077;30;5878320;9077;542;10487;10792;4.28;0.26;365.36;17.61;1410;44;3692.00;305
9078;30;5878337;9078;548;10487;10793;4.25;0.26;365.34;17.61;1409;44;3693.00;306
9081;30;5878352;9081;550;10488;10794;4.21;0.26;365.39;17.61;1407;44;3694.00;306
9083;30;5878368;9083;548;10488;10794;4.20;0.26;365.37;17.61;1405;44;3695.00;306
9085;30;5878390;9085;560;10498;10807;4.20;0.26;365.48;17.59;1413;44;3696.00;309
9087;30;5878429;9087;555;10499;10807;4.21;0.26;365.52;17.59;1412;44;3697.00;308
9089;30;5878457;9089;553;10501;10807;4.21;0.26;365.57;17.60;1412;44;3698.00;306
9090;30;5878481;9090;549;10502;10808;4.24;0.26;365.58;17.60;1412;44;3699.00;306
9092;30;5878507;9092;541;10502;10808;4.23;0.26;365.62;17.60;1410;44;3700.00;306
9094;30;5878535;9094;534;10506;10812;4.25;0.26;365.74;17.59;1412;44;3701.00;306
9095;30;5878556;9095;537;10506;10812;4.29;0.26;365.81;17.59;1411;44;3702.00;306
9098;30;5878579;9098;530;10509;10816;4.27;0.26;365.96;17.59;1411;44;3703.00;307
9099;30;5878597;9099;534;10510;10816;4.29;0.26;365.94;17.59;1411;44;3704.00;306
9101;30;5878614;9101;528;10511;10816;4.33;0.26;366.00;17.70;1410;44;3705.00;305
9102;30;5878630;9102;525;10512;10816;4.35;0.27;366.00;17.70;1410;45;3706.00;304
9104;30;5878656;9104;526;10512;10816;4.36;0.27;365.99;17.70;1408;45;3707.00;304
9108;30;5878673;9108;528;10522;10828;4.36;0.27;366.21;17.68;1414;45;3708.00;306
9111;30;5878690;9111;536;10522;10828;4.35;0.27;366.34;17.68;1411;45;3709.00;306
9116;30;5878707;9116;546;10523;10828;4.33;0.26;366.23;17.68;1407;45;3710.00;305
9117;30;5878723;9117;553;10523;10828;4.31;0.26;366.25;17.68;1406;45;3711.00;305
9119;30;5878741;9119;564;10523;10828;4.33;0.26;366.27;17.68;1404;45;3712.00;305
9121;30;5878757;9121;568;10523;10828;4.30;0.26;366.31;17.68;1402;45;3713.00;305
9121;30;5878773;9121;573;10523;10829;4.31;0.26;366.31;17.68;1402;45;3714.00;306
9123;30;5878788;9123;576;10523;10829;4.28;0.26;366.28;17.68;1400;45;3715.00;306
9128;30;5878804;9128;580;10528;10835;4.27;0.26;366.42;17.67;1400;45;3716.00;307
9131;30;5878821;9131;579;10529;10836;4.29;0.26;366.43;17.67;1398;45;3717.00;307
9132;30;5878837;9132;587;10529;10836;4.28;0.26;366.48;17.67;1397;45;3718.00;307
9136;30;5878853;9136;579;10529;10836;4.26;0.26;366.53;17.67;1393;45;3719.00;307
9140;30;5878870;9140;587;10533;10841;4.25;0.26;366.56;17.66;1393;45;3720.00;308
9142;30;5878885;9142;577;10533;10841;4.22;0.26;366.56;17.66;1391;45;3721.00;308
9145;30;5878900;9145;584;10533;10841;4.18;0.25;366.64;17.66;1388;45;3722.00;308
9148;30;5878915;9148;586;10534;10842;4.14;0.25;366.61;17.66;1386;45;3723.00;308
9151;30;5878930;9151;582;10537;10846;4.10;0.25;366.71;17.66;1386;45;3724.00;309
9153;30;5878946;9153;582;10537;10846;4.07;0.25;366.69;17.66;1384;45;3725.00;309
9158;30;5878961;9158;581;10539;10849;4.03;0.25;366.68;17.66;1381;45;3726.00;310
9162;30;5878977;9162;582;10539;10849;4.03;0.25;366.67;17.66;1377;45;3727.00;310
9164;30;5878991;9164;580;10540;10849;4.03;0.25;366.68;17.65;1376;45;3728.00;309
9166;30;5879005;9166;575;10540;10849;4.07;0.25;366.65;17.65;1374;45;3729.00;309
9169;30;5879020;9169;571;10544;10853;4.10;0.25;366.61;17.65;1375;45;3730.00;309
9170;30;5879035;9170;564;10544;10853;4.13;0.25;366.62;17.65;1374;45;3731.00;309
9174;30;5879049;9174;561;10544;10853;4.14;0.25;366.58;17.65;1370;45;3732.00;309
9180;30;5879063;9180;553;10544;10853;4.09;0.25;366.56;17.65;1364;45;3733.00;309
9181;30;5879077;9181;552;10544;10854;4.10;0.25;366.55;17.65;1363;45;3734.00;310
9183;30;5879091;9183;542;10548;10856;4.12;0.25;366.50;17.80;1365;45;3735.00;308
9187;30;5879108;9187;545;10548;10856;4.13;0.25;366.46;17.80;1361;45;3736.00;308
9189;30;5879123;9189;550;10549;10857;4.15;0.25;366.48;17.80;1360;45;3737.00;308
9191;30;5879138;9191;553;10549;10857;4.15;0.25;366.46;17.80;1358;45;3738.00;308
9197;30;5879151;9197;554;10549;10857;4.14;0.25;366.46;17.80;1352;45;3739.00;308
9197;30;5879167;9197;556;10549;10857;4.16;0.25;366.46;17.80;1352;45;3740.00;308
9200;30;5879180;9200;557;10549;10857;4.17;0.25;366.45;17.80;1349;45;3741.00;308
9201;30;5879195;9201;541;10549;10857;4.24;0.26;366.41;17.80;1348;45;3742.00;308
9203;30;5879209;9203;530;10549;10857;4.31;0.26;366.39;17.80;1346;45;3743.00;308
9205;30;5879224;9205;543;10617;10984;4.62;0.29;366.47;17.69;1412;45;3744.00;367
9206;30;5879249;9206;535;10619;10985;4.70;0.29;366.47;17.68;1413;45;3745.00;366
9208;30;5879265;9208;512;10627;10985;4.81;0.30;366.44;17.67;1419;45;3746.00;358
9210;30;5879280;9210;504;10629;10985;4.86;0.30;366.45;17.67;1419;45;3747.00;356
9210;30;5879298;9210;499;10636;10985;4.94;0.30;366.45;17.66;1426;45;3748.00;349
9212;30;5879321;9212;498;10637;10985;4.98;0.31;366.53;17.66;1425;45;3749.00;348
9213;30;5879339;9213;492;10642;10990;5.04;0.31;366.53;17.65;1429;45;3750.00;348
9213;30;5879365;9213;489;10645;10990;5.07;0.31;366.53;17.65;1432;45;3751.00;345
9214;30;5879383;9214;484;10648;10991;5.08;0.31;366.50;17.65;1434;45;3752.00;343
9218;30;5879400;9218;483;10654;10992;5.06;0.31;366.44;17.64;1436;45;3753.00;338
9219;30;5879420;9219;488;10657;10992;5.05;0.31;366.41;17.64;1438;45;3754.00;335
9222;30;5879440;9222;492;10658;10993;5.01;0.31;366.50;17.64;1436;45;3755.00;335
9224;30;5879458;9224;499;10662;10993;4.99;0.31;366.48;17.64;1438;45;3756.00;331
9225;30;5879474;9225;497;10667;10993;4.97;0.31;366.47;17.63;1442;45;3757.00;326
9228;30;5879490;9228;505;10668;10993;4.93;0.30;366.47;17.63;1440;45;3758.00;325
9228;30;5879508;9228;510;10672;10997;4.94;0.30;366.47;17.63;1444;45;3759.00;325
9230;30;5879528;9230;516;10676;10997;4.92;0.30;366.50;17.79;1446;45;3760.00;321
9232;30;5879544;9232;516;10676;10997;4.91;0.30;366.47;17.79;1444;45;3761.00;321
9233;30;5879565;9233;524;10679;11000;4.89;0.30;366.49;17.87;1446;45;3762.00;321
9235;30;5879581;9235;531;10681;11000;4.85;0.30;366.46;17.95;1446;45;3763.00;319
9235;30;5879596;9235;533;10682;11000;4.83;0.30;366.46;17.95;1447;45;3764.00;318
9238;30;5879611;9238;541;10687;11004;4.83;0.30;366.53;18.02;1449;45;3765.00;317
9239;30;5879628;9239;543;10690;11005;4.81;0.30;366.52;18.10;1451;45;3766.00;315
9241;30;5879645;9241;537;10691;11005;4.80;0.29;366.54;18.18;1450;45;3767.00;314
9245;30;5879661;9245;546;10696;11009;4.83;0.30;366.58;18.26;1451;45;3768.00;313
9249;30;5879677;9249;547;10697;11009;4.83;0.30;366.56;18.34;1448;45;3769.00;312
9249;30;5879692;9249;550;10698;11009;4.82;0.30;366.56;18.42;1449;45;3770.00;311
9251;30;5879707;9251;562;10699;11010;4.79;0.29;366.63;18.42;1448;45;3771.00;311
9254;30;5879723;9254;567;10701;11010;4.76;0.29;366.73;18.58;1447;45;3772.00;309
9255;30;5879738;9255;569;10706;11016;4.78;0.29;366.71;18.57;1451;45;3773.00;310
9258;30;5879753;9258;578;10707;11016;4.71;0.29;366.77;18.64;1449;45;3774.00;309
9260;30;5879770;9260;584;10708;11017;4.65;0.28;366.81;18.72;1448;45;3775.00;309
9262;30;5879785;9262;583;10708;11017;4.62;0.28;366.89;18.72;1446;45;3776.00;309
9264;30;5879800;9264;582;10710;11017;4.59;0.28;366.93;18.88;1446;45;3777.00;307
9269;30;5879815;9269;584;10711;11017;4.55;0.28;366.97;18.95;1442;45;3778.00;306
9270;30;5879830;9270;592;10712;11017;4.51;0.27;366.94;19.03;1442;45;3779.00;305
9272;30;5879847;9272;581;10739;11053;4.56;0.28;366.97;19.05;1467;45;3780.00;314
9275;30;5879865;9275;581;10740;11053;4.58;0.28;367.03;19.13;1465;45;3781.00;313
9279;30;5879880;9279;573;10742;11053;4.57;0.28;367.10;19.13;1463;45;3782.00;311
9281;30;5879896;9281;578;10742;11053;4.58;0.28;367.12;19.13;1461;45;3783.00;311
9282;30;5879910;9282;577;10745;11053;4.59;0.28;367.22;19.20;1463;45;3784.00;308
9285;30;5879925;9285;575;10746;11053;4.56;0.28;367.32;19.28;1461;45;3785.00;307
9286;31;5879940;9286;566;10750;11057;4.54;0.28;367.37;19.27;1464;46;3786.00;307
9286;31;5879971;9286;569;10753;11057;4.53;0.28;367.37;19.48;1467;46;3787.00;304
9289;31;5879986;9289;569;10758;11061;4.49;0.27;367.47;19.54;1469;46;3788.00;303
9290;31;5880007;9290;581;10759;11062;4.49;0.27;367.59;19.54;1469;46;3789.00;303
9293;31;5880031;9293;575;10759;11062;4.47;0.27;367.50;19.54;1466;46;3790.00;303
9294;31;5880048;9294;583;10761;11062;4.46;0.27;367.49;19.68;1467;46;3791.00;301
9299;31;5880064;9299;593;10772;11075;4.37;0.27;367.47;19.66;1473;46;3792.00;303
9301;31;5880090;9301;598;10773;11075;4.32;0.26;367.51;19.74;1472;46;3793.00;302
9305;31;5880112;9305;598;10773;11075;4.25;0.26;367.60;19.74;1468;46;3794.00;302
9311;31;5880138;9311;596;10775;11076;4.21;0.26;367.71;19.81;1464;46;3795.00;301
9313;31;5880164;9313;594;10775;11077;4.24;0.26;367.66;19.81;1462;46;3796.00;302
9316;31;5880188;9316;589;10775;11077;4.20;0.26;367.71;19.81;1459;46;3797.00;302
9319;31;5880208;9319;595;10778;11080;4.18;0.25;367.78;19.81;1459;46;3798.00;302
9321;31;5880228;9321;600;10779;11080;4.22;0.26;367.83;19.88;1458;46;3799.00;301
9325;31;5880255;9325;605;10779;11080;4.20;0.26;367.97;19.88;1454;46;3800.00;301
9330;31;5880279;9330;612;10779;11080;4.16;0.25;367.98;19.88;1449;46;3801.00;301
9332;31;5880297;9332;611;10784;11086;4.22;0.26;368.00;19.88;1452;46;3802.00;302
9337;31;5880314;9337;607;10784;11086;4.24;0.26;368.02;19.88;1447;46;3803.00;302
9341;31;5880329;9341;604;10784;11086;4.18;0.25;368.05;19.88;1443;46;3804.00;302
9343;31;5880345;9343;611;10784;11086;4.20;0.26;368.01;19.88;1441;46;3805.00;302
9347;31;5880361;9347;612;10787;11090;4.20;0.26;367.99;19.87;1440;46;3806.00;303
9349;31;5880377;9349;609;10788;11091;4.19;0.26;368.04;19.87;1439;46;3807.00;303
9353;31;5880393;9353;612;10788;11091;4.17;0.25;368.03;19.87;1435;46;3808.00;303
9355;31;5880408;9355;611;10789;11092;4.22;0.26;368.03;19.87;1434;46;3809.00;303
9360;31;5880427;9360;606;10789;11092;4.20;0.26;368.14;19.87;1429;46;3810.00;303
9362;31;5880443;9362;597;10789;11092;4.22;0.26;368.13;19.87;1427;46;3811.00;303
9366;31;5880460;9366;595;10789;11092;4.25;0.26;368.24;19.87;1423;46;3812.00;303
9371;31;5880476;9371;593;10789;11092;4.20;0.26;368.48;19.87;1418;46;3813.00;303
9372;31;5880492;9372;586;10789;11092;4.22;0.26;368.47;19.87;1417;46;3814.00;303
9378;31;5880506;9378;583;10789;11092;4.23;0.26;368.64;19.87;1411;46;3815.00;303
9380;31;5880522;9380;581;10826;11162;4.36;0.27;368.75;19.80;1446;46;3816.00;336
9385;31;5880542;9385;585;10830;11163;4.36;0.27;368.76;19.79;1445;46;3817.00;333
9391;31;5880558;9391;583;10835;11163;4.40;0.27;369.04;19.78;1444;46;3818.00;328
9395;31;5880573;9395;583;10836;11163;4.41;0.27;369.07;19.90;1441;46;3819.00;327
9398;31;5880593;9398;583;10838;11163;4.42;0.27;369.20;19.89;1440;46;3820.00;325
9402;31;5880609;9402;588;10840;11163;4.44;0.27;369.20;19.89;1438;46;3821.00;323
9403;32;5880626;9403;593;10841;11163;4.44;0.27;369.21;19.89;1438;47;3822.00;322
9407;32;5880659;9407;607;10842;11163;4.41;0.27;369.21;19.89;1435;47;3823.00;321
9410;32;5880675;9410;606;10843;11164;4.38;0.27;369.17;19.89;1433;47;3824.00;321
9414;32;5880690;9414;602;10845;11166;4.36;0.27;369.23;19.88;1431;47;3825.00;321
9419;32;5880707;9419;599;10846;11166;4.28;0.26;369.28;19.88;1427;47;3826.00;320
9421;32;5880722;9421;601;10849;11170;4.24;0.26;369.31;19.88;1428;47;3827.00;321
9426;32;5880747;9426;602;10850;11170;4.17;0.25;369.42;19.88;1424;47;3828.00;320
9431;32;5880763;9431;605;10851;11170;4.05;0.25;369.63;19.88;1420;47;3829.00;319
9434;32;5880779;9434;608;10852;11170;3.99;0.24;369.66;19.88;1418;47;3830.00;318
9437;32;5880794;9437;605;10856;11176;3.97;0.24;369.79;19.87;1419;47;3831.00;320
9440;32;5880810;9440;605;10858;11176;3.96;0.24;369.88;19.87;1418;47;3832.00;318
9444;32;5880825;9444;600;10858;11176;3.93;0.24;370.06;19.87;1414;47;3833.00;318
9447;32;5880841;9447;599;10859;11179;3.96;0.24;370.04;19.87;1412;47;3834.00;320
9450;32;5880857;9450;600;10859;11179;3.96;0.24;370.17;19.87;1409;47;3835.00;320
9454;32;5880873;9454;598;10860;11179;3.96;0.24;370.20;19.87;1406;47;3836.00;319
9456;32;5880888;9456;603;10860;11180;3.95;0.24;370.22;19.87;1404;47;3837.00;320
9458;32;5880904;9458;602;10862;11181;3.91;0.24;370.36;19.86;1404;47;3838.00;319
9462;32;5880919;9462;603;10864;11181;3.90;0.24;370.42;19.87;1402;47;3839.00;317
9465;32;5880941;9465;620;10881;11207;3.94;0.24;370.35;19.83;1416;47;3840.00;326
9471;32;5880957;9471;623;10884;11207;3.91;0.24;370.55;19.83;1413;48;3841.00;323
9476;32;5880977;9476;612;10885;11207;3.92;0.24;370.72;19.83;1409;48;3842.00;322
9480;32;5880991;9480;601;10886;11208;3.91;0.24;370.86;19.83;1406;48;3843.00;322
9484;32;5881006;9484;602;10887;11208;3.92;0.24;371.01;19.83;1403;48;3844.00;321
9487;32;5881023;9487;600;10891;11212;3.96;0.24;371.04;19.82;1404;48;3845.00;321
9491;32;5881039;9491;603;10892;11214;3.99;0.24;371.18;19.82;1401;48;3846.00;322
9491;32;5881055;9491;610;10897;11218;4.04;0.25;371.18;19.81;1406;48;3847.00;321
9493;32;5881071;9493;614;10898;11218;4.00;0.24;371.23;19.82;1405;48;3848.00;320
9497;32;5881088;9497;616;10898;11218;3.95;0.24;371.39;19.82;1401;48;3849.00;320
9499;32;5881102;9499;615;10898;11218;3.93;0.24;371.51;19.82;1399;48;3850.00;320
9501;32;5881124;9501;614;10899;11218;3.91;0.24;371.48;19.81;1398;48;3851.00;319
9502;32;5881144;9502;614;10909;11230;3.95;0.24;371.45;19.80;1407;48;3852.00;321
9502;32;5881167;9502;632;10910;11230;3.98;0.24;371.45;19.91;1408;48;3853.00;320
9503;32;5881188;9503;632;10912;11230;4.02;0.24;371.49;19.91;1409;48;3854.00;318
9506;32;5881212;9506;624;10913;11230;4.05;0.25;371.55;19.90;1407;48;3855.00;317
9507;32;5881234;9507;620;10913;11230;4.08;0.25;371.56;19.90;1406;48;3856.00;317
9507;32;5881257;9507;624;10914;11230;4.10;0.25;371.56;19.90;1407;48;3857.00;316
9510;32;5881274;9510;626;10915;11231;4.09;0.25;371.64;19.90;1405;48;3858.00;316
9515;32;5881291;9515;619;10915;11231;4.08;0.25;371.58;19.90;1400;48;3859.00;316
9517;32;5881313;9517;628;10920;11237;4.07;0.25;371.57;19.89;1403;48;3860.00;317
9522;32;5881334;9522;629;10920;11238;4.09;0.25;371.51;19.89;1398;48;3861.00;318
9525;32;5881353;9525;619;10921;11238;4.11;0.25;371.55;19.89;1396;48;3862.00;317
9527;32;5881372;9527;623;10921;11238;4.12;0.25;371.56;19.89;1394;48;3863.00;317
9528;32;5881387;9528;628;10924;11242;4.13;0.25;371.55;19.89;1396;48;3864.00;318
9530;32;5881403;9530;626;10924;11242;4.12;0.25;371.57;19.89;1394;48;3865.00;318
9532;32;5881423;9532;623;10924;11242;4.12;0.25;371.53;19.89;1392;48;3866.00;318
9532;32;5881439;9532;629;10925;11243;4.13;0.25;371.53;19.89;1393;48;3867.00;318
9535;32;5881455;9535;621;10928;11247;4.08;0.25;371.67;19.88;1393;48;3868.00;319
9536;32;5881471;9536;627;10929;11247;4.10;0.25;371.66;19.99;1393;48;3869.00;318
9539;32;5881488;9539;630;10933;11253;4.10;0.25;371.61;19.98;1394;48;3870.00;320
9539;32;5881504;9539;636;10934;11253;4.11;0.25;371.61;19.98;1395;48;3871.00;319
9539;32;5881519;9539;632;10935;11253;4.14;0.25;371.61;19.98;1396;48;3872.00;318
9540;32;5881534;9540;643;10935;11253;4.16;0.25;371.66;19.98;1395;48;3873.00;318
9546;32;5881549;9546;643;10939;11257;4.14;0.25;371.68;19.97;1393;48;3874.00;318
9548;32;5881565;9548;650;10939;11257;4.11;0.25;371.64;19.97;1391;48;3875.00;318
9552;32;5881580;9552;638;10939;11257;4.05;0.25;371.55;19.97;1387;48;3876.00;318
9553;32;5881594;9553;642;10939;11257;4.04;0.25;371.55;19.97;1386;48;3877.00;318
9555;32;5881610;9555;635;10939;11258;3.98;0.24;371.49;19.97;1384;48;3878.00;319
9556;32;5881625;9556;636;10940;11259;3.97;0.24;371.46;19.97;1384;48;3879.00;319
9556;32;5881643;9556;635;10940;11259;4.01;0.25;371.46;19.97;1384;48;3880.00;319
9556;32;5881660;9556;634;10941;11260;4.05;0.25;371.46;19.97;1385;48;3881.00;319
9558;32;5881675;9558;633;10941;11260;4.02;0.25;371.42;19.97;1383;48;3882.00;319
9559;32;5881690;9559;635;10941;11260;4.01;0.25;371.42;19.97;1382;48;3883.00;319
9560;32;5881704;9560;633;10941;11260;3.99;0.24;371.42;19.97;1381;48;3884.00;319
9564;32;5881721;9564;623;10941;11260;3.97;0.24;371.36;19.97;1377;48;3885.00;319
9565;32;5881736;9565;626;10941;11260;3.99;0.24;371.42;19.97;1376;48;3886.00;319
9566;32;5881751;9566;618;10941;11260;4.00;0.25;371.46;19.97;1375;48;3887.00;319
9567;32;5881766;9567;641;11013;11387;4.17;0.26;371.47;19.84;1446;48;3888.00;374
9570;32;5881790;9570;607;11013;11388;4.20;0.26;371.44;19.84;1443;48;3889.00;375
9572;32;5881809;9572;580;11020;11388;4.32;0.27;371.52;19.83;1448;48;3890.00;368
9575;32;5881824;9575;562;11021;11388;4.38;0.27;371.47;19.83;1446;48;3891.00;367
9577;32;5881841;9577;549;11027;11388;4.49;0.28;371.48;19.82;1450;48;3892.00;361
9578;32;5881857;9578;536;11028;11388;4.56;0.28;371.49;19.82;1450;48;3893.00;360
9578;32;5881875;9578;528;11031;11388;4.67;0.29;371.49;19.81;1453;48;3894.00;357
9581;33;5881896;9581;522;11032;11388;4.72;0.29;371.52;19.81;1451;49;3895.00;356
9584;33;5881928;9584;520;11036;11389;4.75;0.29;371.54;19.81;1452;49;3896.00;353
9586;34;5881943;9586;523;11041;11390;4.82;0.30;371.58;19.80;1455;50;3897.00;349
9590;34;5881970;9590;523;11044;11390;4.79;0.29;371.56;19.80;1454;50;3898.00;346
9591;34;5881985;9591;525;11047;11391;4.85;0.30;371.57;19.80;1456;50;3899.00;344
9593;34;5882009;9593;524;11054;11406;4.85;0.30;371.53;19.87;1461;50;3900.00;352
9597;34;5882034;9597;518;11056;11406;4.82;0.30;371.50;19.87;1459;50;3901.00;350
9599;34;5882055;9599;514;11059;11406;4.83;0.30;371.46;19.87;1460;50;3902.00;347
9602;34;5882074;9602;522;11061;11410;4.83;0.30;371.51;19.87;1459;50;3903.00;349
9602;34;5882091;9602;514;11063;11410;4.87;0.30;371.51;19.86;1461;50;3904.00;347
9606;34;5882111;9606;522;11066;11410;4.86;0.30;371.55;19.94;1460;50;3905.00;344
9609;34;5882138;9609;524;11069;11413;4.88;0.30;371.54;19.93;1460;50;3906.00;344
9610;34;5882159;9610;520;11070;11413;4.87;0.30;371.50;19.93;1460;50;3907.00;343
9611;34;5882176;9611;524;11071;11413;4.88;0.30;371.47;19.93;1460;50;3908.00;342
9615;34;5882193;9615;521;11074;11417;4.86;0.30;371.57;19.93;1459;50;3909.00;343
9617;34;5882210;9617;523;11075;11418;4.84;0.29;371.60;19.92;1458;50;3910.00;343
9619;34;5882228;9619;520;11079;11418;4.86;0.30;371.60;19.92;1460;50;3911.00;339
9621;34;5882245;9621;526;11083;11422;4.88;0.30;371.60;19.92;1462;50;3912.00;339
9625;35;5882269;9625;529;11084;11422;4.83;0.29;371.65;19.92;1459;51;3913.00;338
9626;35;5882313;9626;524;11084;11422;4.82;0.29;371.71;19.92;1458;51;3914.00;338
9627;35;5882340;9627;525;11087;11424;4.81;0.29;371.75;19.91;1460;51;3915.00;337
9630;35;5882362;9630;520;11088;11424;4.80;0.29;371.85;19.91;1458;51;3916.00;336
9631;35;5882393;9631;525;11092;11430;4.81;0.29;371.88;19.90;1461;51;3917.00;338
9633;35;5882417;9633;527;11093;11430;4.83;0.29;371.87;19.90;1460;51;3918.00;337
9635;35;5882438;9635;528;11093;11431;4.88;0.30;371.91;19.90;1458;51;3919.00;338
9638;35;5882454;9638;531;11093;11431;4.83;0.29;372.02;19.90;1455;51;3920.00;338
9640;35;5882471;9640;531;11094;11431;4.83;0.29;371.98;19.98;1454;51;3921.00;337
9640;35;5882487;9640;535;11095;11431;4.81;0.29;371.98;19.98;1455;51;3922.00;336
9642;35;5882503;9642;537;11095;11431;4.80;0.29;372.05;19.98;1453;51;3923.00;336
9645;35;5882521;9645;554;11105;11443;4.80;0.29;372.14;19.96;1460;51;3924.00;338
9647;35;5882543;9647;550;11107;11443;4.78;0.29;372.20;20.12;1460;51;3925.00;336
9650;35;5882563;9650;553;11110;11443;4.77;0.29;372.23;20.12;1460;51;3926.00;333
9651;35;5882578;9651;561;11112;11443;4.75;0.29;372.27;20.28;1461;51;3927.00;331
9652;35;5882595;9652;551;11112;11443;4.75;0.29;372.30;20.28;1460;51;3928.00;331
9654;35;5882611;9654;557;11112;11443;4.74;0.29;372.31;20.28;1458;51;3929.00;331
9658;35;5882629;9658;560;11116;11447;4.67;0.28;372.43;20.34;1458;51;3930.00;331
9659;35;5882646;9659;573;11118;11447;4.65;0.28;372.47;20.51;1459;51;3931.00;329
9662;35;5882661;9662;574;11122;11451;4.65;0.28;372.52;20.50;1460;51;3932.00;329
9664;35;5882677;9664;580;11125;11452;4.62;0.28;372.54;20.65;1461;51;3933.00;327
9668;35;5882692;9668;577;11125;11452;4.58;0.28;372.49;20.65;1457;51;3934.00;327
9671;35;5882715;9671;584;11125;11452;4.54;0.28;372.54;20.65;1454;51;3935.00;327
9675;35;5882730;9675;590;11136;11465;4.49;0.27;372.61;20.71;1461;51;3936.00;329
9677;35;5882750;9677;589;11136;11465;4.46;0.27;372.61;20.71;1459;51;3937.00;329
9679;35;5882766;9679;590;11136;11465;4.47;0.27;372.74;20.71;1457;51;3938.00;329
9680;35;5882782;9680;593;11138;11466;4.51;0.28;372.72;20.79;1458;51;3939.00;328
9683;35;5882808;9683;598;11138;11467;4.48;0.27;372.74;20.79;1455;51;3940.00;329
9685;35;5882826;9685;600;11138;11467;4.42;0.27;372.85;20.79;1453;51;3941.00;329
9688;35;5882845;9688;610;11143;11470;4.38;0.27;372.90;20.96;1455;51;3942.00;327
9690;35;5882864;9690;613;11143;11470;4.36;0.27;373.03;20.96;1453;51;3943.00;327
9692;35;5882883;9692;618;11145;11470;4.32;0.26;373.02;20.95;1453;51;3944.00;325
9696;35;5882901;9696;613;11147;11470;4.30;0.26;373.00;21.12;1451;51;3945.00;323
9698;35;5882917;9698;602;11153;11476;4.35;0.26;373.00;21.11;1455;51;3946.00;323
9699;35;5882935;9699;604;11155;11476;4.41;0.27;372.99;21.27;1456;51;3947.00;321
9701;35;5882952;9701;592;11155;11476;4.42;0.27;373.01;21.27;1454;51;3948.00;321
9707;35;5882969;9707;592;11155;11476;4.42;0.27;373.04;21.27;1448;51;3949.00;321
9708;35;5882987;9708;592;11160;11480;4.42;0.27;373.02;21.42;1452;51;3950.00;320
9712;35;5883005;9712;598;11161;11481;4.42;0.27;373.17;21.42;1449;51;3951.00;320
9714;35;5883022;9714;597;11163;11481;4.44;0.27;373.15;21.58;1449;51;3952.00;318
9718;35;5883040;9718;598;11164;11482;4.44;0.27;373.21;21.58;1446;51;3953.00;318
9720;35;5883059;9720;593;11166;11482;4.44;0.27;373.19;21.74;1446;51;3954.00;316
9726;35;5883077;9726;595;11166;11482;4.44;0.27;373.36;21.74;1440;51;3955.00;316
9730;35;5883096;9730;597;11166;11482;4.42;0.27;373.42;21.74;1436;51;3956.00;316
9733;35;5883113;9733;599;11168;11482;4.40;0.27;373.58;21.89;1435;51;3957.00;314
9736;35;5883132;9736;608;11168;11482;4.36;0.26;373.78;21.89;1432;51;3958.00;314
9739;35;5883149;9739;605;11170;11482;4.28;0.26;373.79;22.05;1431;51;3959.00;312
9741;35;5883170;9741;615;11232;11607;4.46;0.27;373.78;21.93;1491;51;3960.00;375
9744;35;5883199;9744;604;11238;11608;4.48;0.28;373.80;21.92;1494;51;3961.00;370
9744;35;5883216;9744;592;11247;11608;4.53;0.28;373.80;22.06;1503;51;3962.00;361
9747;35;5883233;9747;594;11253;11608;4.52;0.28;373.84;22.05;1506;51;3963.00;355
9751;35;5883250;9751;604;11257;11608;4.48;0.27;373.96;22.19;1506;51;3964.00;351
9754;35;5883273;9754;606;11261;11608;4.50;0.28;374.07;22.19;1507;51;3965.00;347
9758;35;5883290;9758;602;11263;11608;4.48;0.27;374.18;22.18;1505;51;3966.00;345
9763;36;5883308;9763;597;11268;11608;4.45;0.27;374.39;22.33;1505;52;3967.00;340
9767;36;5883340;9767;594;11269;11609;4.40;0.27;374.47;22.33;1502;52;3968.00;340
9770;36;5883358;9770;593;11272;11610;4.35;0.27;374.60;22.48;1502;52;3969.00;338
9775;36;5883382;9775;593;11273;11610;4.30;0.26;374.87;22.47;1498;52;3970.00;337
9778;36;5883400;9778;591;11276;11614;4.26;0.26;374.88;22.47;1498;52;3971.00;338
9781;36;5883420;9781;592;11278;11614;4.20;0.26;375.11;22.47;1497;52;3972.00;336
9786;36;5883438;9786;598;11279;11614;4.17;0.26;375.28;22.47;1493;52;3973.00;335
9788;36;5883456;9788;610;11280;11614;4.11;0.25;375.29;22.47;1492;52;3974.00;334
9791;36;5883473;9791;616;11285;11620;4.08;0.25;375.39;22.46;1494;52;3975.00;335
9796;36;5883492;9796;615;11286;11620;4.04;0.25;375.43;22.46;1490;52;3976.00;334
9796;36;5883508;9796;613;11286;11620;4.05;0.25;375.43;22.46;1490;52;3977.00;334
9800;36;5883525;9800;616;11288;11623;4.03;0.25;375.55;22.45;1488;52;3978.00;335
9806;36;5883546;9806;617;11288;11623;4.00;0.25;375.70;22.45;1482;52;3979.00;335
9808;36;5883565;9808;608;11289;11623;4.01;0.25;375.71;22.45;1481;52;3980.00;334
9814;37;5883581;9814;604;11291;11624;3.97;0.24;375.71;22.45;1477;53;3981.00;333
9818;37;5883613;9818;607;11292;11625;3.99;0.24;375.85;22.45;1474;53;3982.00;333
9823;37;5883631;9823;600;11292;11625;3.98;0.24;375.80;22.45;1469;53;3983.00;333
9830;37;5883647;9830;603;11304;11638;4.05;0.25;376.02;22.43;1474;53;3984.00;334
9832;37;5883665;9832;607;11304;11638;4.08;0.25;376.11;22.43;1472;53;3985.00;334
9836;37;5883684;9836;614;11304;11638;4.05;0.25;376.13;22.43;1468;53;3986.00;334
9840;37;5883700;9840;616;11304;11639;4.08;0.25;376.24;22.43;1464;53;3987.00;335
9843;37;5883716;9843;619;11306;11639;4.09;0.25;376.28;22.43;1463;53;3988.00;333
9845;37;5883732;9845;621;11309;11643;4.07;0.25;376.36;22.42;1464;53;3989.00;334
9851;37;5883749;9851;626;11309;11643;4.01;0.25;376.50;22.42;1458;53;3990.00;334
9855;37;5883765;9855;635;11312;11647;4.00;0.25;376.55;22.42;1457;53;3991.00;335
9860;37;5883780;9860;633;11312;11647;3.93;0.24;376.61;22.42;1452;53;3992.00;335
9864;37;5883795;9864;640;11312;11647;3.87;0.24;376.72;22.42;1448;53;3993.00;335
9868;37;5883815;9868;636;11313;11647;3.83;0.23;376.72;22.42;1445;53;3994.00;334
9872;37;5883832;9872;638;11313;11647;3.79;0.23;376.80;22.42;1441;53;3995.00;334
9876;37;5883852;9876;641;11322;11659;3.80;0.23;376.85;22.40;1446;53;3996.00;337
9884;37;5883871;9884;636;11322;11659;3.71;0.23;376.91;22.40;1438;53;3997.00;337
9886;37;5883892;9886;642;11322;11659;3.67;0.22;376.99;22.40;1436;53;3998.00;337
9889;37;5883910;9889;640;11322;11659;3.63;0.22;377.11;22.40;1433;53;3999.00;337
9894;37;5883928;9894;642;11322;11659;3.58;0.22;377.14;22.40;1428;53;4000.00;337
9899;37;5883949;9899;647;11322;11659;3.50;0.21;377.16;22.40;1423;53;4001.00;337
9902;37;5883964;9902;655;11323;11660;3.44;0.21;377.14;22.40;1421;53;4002.00;337
9904;37;5883980;9904;660;11323;11660;3.37;0.21;377.13;22.40;1419;53;4003.00;337
9906;37;5883994;9906;664;11328;11666;3.31;0.20;377.20;22.39;1422;53;4004.00;338
9909;37;5884010;9909;667;11330;11668;3.25;0.20;377.26;22.39;1421;53;4005.00;338
9911;37;5884026;9911;677;11330;11668;3.20;0.20;377.20;22.39;1419;53;4006.00;338
9913;37;5884040;9913;668;11330;11668;3.18;0.20;377.14;22.39;1417;53;4007.00;338
9914;37;5884055;9914;673;11333;11672;3.24;0.20;377.17;22.38;1419;53;4008.00;339
9916;37;5884071;9916;675;11334;11672;3.26;0.20;377.19;22.38;1418;53;4009.00;338
9917;37;5884086;9917;664;11334;11672;3.31;0.20;377.16;22.38;1417;53;4010.00;338
9918;37;5884100;9918;668;11335;11673;3.39;0.21;377.14;22.38;1417;53;4011.00;338
9921;37;5884115;9921;666;11338;11677;3.45;0.21;377.10;22.37;1417;53;4012.00;339
9922;37;5884130;9922;667;11339;11677;3.47;0.21;377.07;22.37;1417;53;4013.00;338
9923;37;5884145;9923;663;11342;11680;3.53;0.22;377.11;22.37;1419;53;4014.00;338
9924;37;5884160;9924;665;11342;11680;3.52;0.22;377.08;22.37;1418;53;4015.00;338
9924;37;5884174;9924;648;11342;11680;3.54;0.22;377.08;22.37;1418;53;4016.00;338
9926;37;5884188;9926;633;11343;11680;3.54;0.22;377.09;22.37;1417;53;4017.00;337
9927;37;5884203;9927;621;11347;11684;3.60;0.22;377.06;22.36;1420;53;4018.00;337
9928;37;5884218;9928;607;11349;11684;3.63;0.22;377.04;22.48;1421;53;4019.00;335
9929;37;5884236;9929;604;11349;11684;3.69;0.23;377.00;22.48;1420;53;4020.00;335
9931;37;5884251;9931;598;11349;11684;3.72;0.23;376.97;22.48;1418;53;4021.00;335
9934;37;5884266;9934;594;11349;11685;3.74;0.23;377.08;22.48;1415;53;4022.00;336
9935;37;5884281;9935;596;11350;11686;3.77;0.23;377.15;22.47;1415;53;4023.00;336
9942;37;5884298;9942;583;11350;11686;3.75;0.23;377.13;22.47;1408;53;4024.00;336
9944;37;5884313;9944;592;11351;11687;3.79;0.23;377.14;22.47;1407;53;4025.00;336
9947;37;5884328;9947;585;11351;11687;3.78;0.23;377.11;22.47;1404;53;4026.00;336
9948;37;5884342;9948;585;11351;11687;3.85;0.23;377.09;22.47;1403;53;4027.00;336
9949;37;5884359;9949;589;11351;11687;3.87;0.24;377.05;22.47;1402;53;4028.00;336
9953;37;5884374;9953;588;11351;11687;3.84;0.23;377.08;22.47;1398;53;4029.00;336
9954;37;5884389;9954;583;11351;11687;3.88;0.24;377.11;22.47;1397;53;4030.00;336
9955;37;5884405;9955;576;11351;11687;3.89;0.24;377.11;22.47;1396;53;4031.00;336
9956;37;5884419;9956;592;11413;11814;4.22;0.26;377.10;22.35;1457;53;4032.00;401
9956;37;5884445;9956;592;11415;11815;4.24;0.26;377.10;22.35;1459;53;4033.00;400
9959;37;5884460;9959;581;11425;11815;4.30;0.26;377.06;22.33;1466;53;4034.00;390
9959;37;5884476;9959;586;11429;11815;4.31;0.27;377.06;22.32;1470;54;4035.00;386
9961;37;5884499;9961;565;11435;11815;4.36;0.27;377.11;22.31;1474;54;4036.00;380
9962;37;5884516;9962;556;11439;11815;4.35;0.27;377.12;22.31;1477;54;4037.00;376
9963;37;5884531;9963;553;11443;11815;4.35;0.27;377.16;22.30;1480;54;4038.00;372
9964;37;5884548;9964;552;11446;11815;4.37;0.27;377.20;22.30;1482;54;4039.00;369
9964;37;5884564;9964;560;11448;11816;4.40;0.27;377.20;22.29;1484;54;4040.00;368
9964;37;5884579;9964;556;11452;11817;4.39;0.27;377.20;22.29;1488;54;4041.00;365
9965;37;5884596;9965;568;11453;11817;4.40;0.27;377.19;22.29;1488;54;4042.00;364
9965;37;5884612;9965;567;11455;11818;4.40;0.27;377.19;22.29;1490;54;4043.00;363
9967;37;5884629;9967;563;11458;11818;4.39;0.27;377.24;22.28;1491;54;4044.00;360
9970;37;5884645;9970;576;11460;11818;4.33;0.26;377.26;22.28;1490;54;4045.00;358
9970;37;5884662;9970;573;11462;11818;4.31;0.26;377.26;22.28;1492;54;4046.00;356
9971;37;5884678;9971;573;11464;11822;4.37;0.27;377.25;22.28;1493;54;4047.00;358
9972;37;5884695;9972;571;11466;11822;4.40;0.27;377.24;22.27;1494;54;4048.00;356
9972;38;5884711;9972;576;11467;11822;4.43;0.27;377.24;22.27;1495;55;4049.00;355
9972;38;5884740;9972;572;11472;11828;4.48;0.27;377.24;22.27;1500;55;4050.00;356
9973;38;5884757;9973;561;11472;11828;4.53;0.28;377.27;22.27;1499;55;4051.00;356
9973;38;5884777;9973;555;11473;11828;4.53;0.28;377.27;22.26;1500;55;4052.00;355
9973;38;5884794;9973;543;11478;11832;4.57;0.28;377.27;22.26;1505;55;4053.00;354
9975;38;5884812;9975;535;11481;11833;4.59;0.28;377.29;22.25;1506;55;4054.00;352
9976;38;5884829;9976;519;11482;11833;4.59;0.28;377.37;22.25;1506;55;4055.00;351
9977;38;5884848;9977;504;11485;11837;4.62;0.28;377.35;22.25;1508;55;4056.00;352
9977;38;5884868;9977;504;11485;11837;4.64;0.28;377.35;22.25;1508;55;4057.00;352
9977;38;5884884;9977;495;11485;11837;4.71;0.29;377.35;22.25;1508;55;4058.00;352
9980;38;5884901;9980;486;11486;11838;4.71;0.29;377.42;22.25;1506;55;4059.00;352
9984;38;5884918;9984;485;11486;11838;4.68;0.29;377.51;22.25;1502;55;4060.00;352
9991;38;5884935;9991;478;11490;11844;4.68;0.29;377.58;22.24;1499;55;4061.00;354
9996;38;5884952;9996;470;11490;11844;4.70;0.29;377.63;22.24;1494;55;4062.00;354
10000;38;5884970;10000;477;11490;11845;4.67;0.28;377.65;22.24;1490;55;4063.00;355
10003;38;5884985;10003;480;11490;11845;4.70;0.29;377.71;22.24;1487;55;4064.00;355
10009;38;5885001;10009;481;11490;11845;4.70;0.29;377.80;22.24;1481;55;4065.00;355
10012;38;5885018;10012;477;11492;11845;4.67;0.28;377.84;22.40;1480;55;4066.00;353
10015;38;5885038;10015;476;11492;11845;4.65;0.28;377.87;22.40;1477;55;4067.00;353
10017;38;5885055;10017;468;11502;11857;4.69;0.28;377.88;22.38;1485;55;4068.00;355
10019;38;5885072;10019;468;11503;11857;4.68;0.28;377.87;22.38;1484;55;4069.00;354
10021;38;5885088;10021;471;11503;11857;4.66;0.28;377.97;22.38;1482;55;4070.00;354
10025;38;5885104;10025;475;11503;11857;4.70;0.28;378.01;22.38;1478;55;4071.00;354
10029;38;5885122;10029;465;11503;11857;4.71;0.29;378.02;22.38;1474;55;4072.00;354
10030;38;5885139;10030;469;11503;11857;4.74;0.29;378.07;22.38;1473;55;4073.00;354
10032;38;5885155;10032;466;11506;11861;4.73;0.29;378.09;22.37;1474;55;4074.00;355
10034;38;5885177;10034;464;11507;11861;4.76;0.29;378.12;22.37;1473;55;4075.00;354
10036;38;5885194;10036;465;11511;11865;4.81;0.29;378.14;22.37;1475;55;4076.00;354
10039;38;5885212;10039;462;11512;11866;4.82;0.29;378.20;22.37;1473;55;4077.00;354
10042;38;5885235;10042;472;11512;11866;4.82;0.29;378.26;22.37;1470;55;4078.00;354
10044;38;5885251;10044;477;11513;11866;4.81;0.29;378.31;22.37;1469;55;4079.00;353
10046;38;5885270;10046;490;11534;11895;4.86;0.30;378.31;22.33;1488;55;4080.00;361
10049;38;5885294;10049;483;11537;11895;4.82;0.29;378.31;22.44;1488;55;4081.00;358
10051;38;5885312;10051;486;11539;11895;4.83;0.29;378.35;22.44;1488;55;4082.00;356
10055;38;5885328;10055;481;11541;11896;4.85;0.30;378.34;22.44;1486;55;4083.00;355
10058;38;5885345;10058;484;11542;11897;4.86;0.30;378.29;22.44;1484;55;4084.00;355
10062;38;5885362;10062;482;11542;11897;4.85;0.30;378.27;22.44;1480;55;4085.00;355
10067;38;5885377;10067;483;11544;11900;4.81;0.29;378.45;22.43;1477;55;4086.00;356
10068;38;5885394;10068;497;11545;11900;4.83;0.29;378.46;22.43;1477;55;4087.00;355
10075;38;5885410;10075;500;11545;11900;4.79;0.29;378.73;22.43;1470;55;4088.00;355
10076;38;5885427;10076;509;11545;11900;4.83;0.29;378.73;22.43;1469;55;4089.00;355
10078;38;5885442;10078;523;11550;11906;4.85;0.30;378.76;22.42;1472;55;4090.00;356
10082;38;5885459;10082;520;11551;11906;4.80;0.29;378.77;22.50;1469;55;4091.00;355
10084;38;5885477;10084;527;11551;11906;4.74;0.29;378.72;22.50;1467;55;4092.00;355
10085;38;5885495;10085;534;11552;11906;4.70;0.29;378.73;22.58;1467;55;4093.00;354
10087;38;5885517;10087;546;11555;11910;4.64;0.28;378.80;22.58;1468;55;4094.00;355
10088;38;5885533;10088;558;11557;11912;4.61;0.28;378.80;22.57;1469;55;4095.00;355
10091;38;5885549;10091;560;11559;11912;4.57;0.28;378.81;22.73;1468;55;4096.00;353
10094;38;5885565;10094;570;11561;11913;4.57;0.28;378.90;22.81;1467;55;4097.00;352
10095;38;5885580;10095;578;11563;11913;4.56;0.28;378.91;22.97;1468;55;4098.00;350
10096;38;5885596;10096;577;11563;11913;4.58;0.28;379.01;22.97;1467;56;4099.00;350
10098;38;5885621;10098;578;11565;11913;4.57;0.28;379.10;23.12;1467;56;4100.00;348
10103;38;5885640;10103;583;11565;11913;4.55;0.28;379.34;23.12;1462;56;4101.00;348
10109;38;5885656;10109;581;11566;11913;4.50;0.28;379.31;23.20;1457;56;4102.00;347
10112;38;5885672;10112;587;11567;11913;4.46;0.27;379.29;23.28;1455;56;4103.00;346
10114;38;5885688;10114;599;11604;11983;4.61;0.28;379.30;23.21;1490;56;4104.00;379
10114;38;5885736;10114;595;11608;11984;4.60;0.28;379.30;23.36;1494;56;4105.00;376
10115;38;5885768;10115;598;11614;11984;4.61;0.28;379.32;23.35;1499;56;4106.00;370
10118;38;5885796;10118;606;11615;11984;4.56;0.28;379.38;23.35;1497;56;4107.00;369
10120;38;5885829;10120;607;11620;11984;4.56;0.28;379.39;23.50;1500;56;4108.00;364
10125;38;5885851;10125;609;11621;11984;4.54;0.28;379.44;23.50;1496;56;4109.00;363
10127;38;5885872;10127;603;11624;11984;4.58;0.28;379.53;23.49;1497;56;4110.00;360
10131;38;5885889;10131;602;11625;11984;4.57;0.28;379.54;23.49;1494;56;4111.00;359
10135;39;5885909;10135;599;11629;11985;4.58;0.28;379.55;23.48;1494;57;4112.00;356
10137;39;5885944;10137;586;11633;11986;4.61;0.28;379.61;23.71;1496;57;4113.00;353
10141;39;5885962;10141;584;11635;11986;4.60;0.28;379.63;23.71;1494;57;4114.00;351
10146;39;5885978;10146;583;11638;11990;4.56;0.28;379.62;23.70;1492;57;4115.00;352
10147;39;5885997;10147;578;11641;11990;4.51;0.28;379.68;23.85;1494;57;4116.00;349
10152;39;5886021;10152;581;11642;11990;4.45;0.27;379.63;23.85;1490;57;4117.00;348
10156;39;5886044;10156;583;11643;11990;4.38;0.27;379.71;23.85;1487;57;4118.00;347
10158;39;5886072;10158;589;11648;11996;4.41;0.27;379.71;23.84;1490;57;4119.00;348
10163;39;5886093;10163;591;11648;11996;4.36;0.27;379.88;23.84;1485;57;4120.00;348
10166;39;5886111;10166;591;11650;11996;4.28;0.26;379.95;23.99;1484;57;4121.00;346
10169;39;5886128;10169;598;11652;11999;4.19;0.26;379.98;23.99;1483;57;4122.00;347
10172;39;5886149;10172;598;11653;11999;4.06;0.25;379.98;23.98;1481;57;4123.00;346
10177;39;5886169;10177;609;11653;11999;3.90;0.24;380.12;23.98;1476;57;4124.00;346
10177;39;5886189;10177;588;11653;12000;3.84;0.23;380.12;23.98;1476;57;4125.00;347
10185;39;5886218;10185;586;11655;12001;3.78;0.23;380.30;23.98;1470;57;4126.00;346
10187;39;5886245;10187;581;11655;12001;3.76;0.23;380.26;23.98;1468;57;4127.00;346
10190;39;5886271;10190;592;11666;12014;3.79;0.23;380.24;23.96;1476;57;4128.00;348
10195;39;5886295;10195;587;11667;12014;3.79;0.23;380.29;23.96;1472;57;4129.00;347
10198;39;5886319;10198;600;11667;12014;3.78;0.23;380.41;23.96;1469;57;4130.00;347
10203;39;5886347;10203;595;11668;12015;3.77;0.23;380.46;23.96;1465;57;4131.00;347
10207;39;5886372;10207;596;11670;12015;3.76;0.23;380.65;23.96;1463;57;4132.00;345
10212;39;5886393;10212;595;11674;12019;3.78;0.23;380.68;23.95;1462;57;4133.00;345
10212;39;5886414;10212;590;11674;12019;3.78;0.23;380.68;23.95;1462;57;4134.00;345
10216;39;5886435;10216;588;11676;12023;3.76;0.23;380.76;23.95;1460;57;4135.00;347
10218;39;5886457;10218;585;11676;12023;3.76;0.23;380.75;23.95;1458;57;4136.00;347
10220;39;5886478;10220;586;11676;12023;3.77;0.23;380.81;23.95;1456;57;4137.00;347
10225;39;5886499;10225;587;11677;12023;3.78;0.23;380.93;23.94;1452;57;4138.00;346
10225;39;5886524;10225;594;11677;12023;3.81;0.23;380.93;23.94;1452;57;4139.00;346
10230;39;5886551;10230;604;11703;12057;3.91;0.24;381.14;23.89;1473;57;4140.00;354
10234;39;5886572;10234;607;11703;12057;3.89;0.24;381.12;23.89;1469;57;4141.00;354
10236;39;5886589;10236;606;11705;12057;3.86;0.24;381.18;23.89;1469;57;4142.00;352
10243;39;5886606;10243;606;11705;12057;3.82;0.23;381.34;23.89;1462;57;4143.00;352
10246;39;5886624;10246;601;11706;12057;3.79;0.23;381.33;23.89;1460;57;4144.00;351
10246;39;5886669;10246;604;11706;12057;3.81;0.23;381.33;23.89;1460;57;4145.00;351
10251;39;5886693;10251;609;11706;12058;3.78;0.23;381.37;23.89;1455;57;4146.00;352
10256;39;5886719;10256;613;11706;12058;3.73;0.23;381.38;23.89;1450;57;4147.00;352
10259;39;5886741;10259;627;11711;12064;3.69;0.23;381.50;23.88;1452;57;4148.00;353
10264;39;5886760;10264;629;11712;12065;3.63;0.22;381.72;23.87;1448;57;4149.00;353
10268;39;5886780;10268;628;11712;12065;3.57;0.22;381.83;23.87;1444;57;4150.00;353
10271;39;5886803;10271;630;11712;12065;3.55;0.22;382.00;23.87;1441;57;4151.00;353
10275;39;5886824;10275;628;11715;12069;3.54;0.22;382.09;23.87;1440;57;4152.00;354
10277;39;5886846;10277;632;11715;12069;3.50;0.21;382.07;23.87;1438;57;4153.00;354
10278;39;5886868;10278;632;11715;12069;3.47;0.21;382.09;23.87;1437;57;4154.00;354
10281;39;5886905;10281;628;11716;12070;3.43;0.21;382.02;23.87;1435;57;4155.00;354
10284;39;5886927;10284;633;11719;12074;3.47;0.21;382.01;23.86;1435;57;4156.00;355
10286;39;5886947;10286;632;11719;12074;3.42;0.21;381.99;23.86;1433;57;4157.00;355
10289;39;5886967;10289;637;11720;12077;3.36;0.21;382.04;23.86;1431;57;4158.00;357
10292;39;5886984;10292;643;11721;12077;3.30;0.20;382.07;23.86;1429;57;4159.00;356
10293;39;5887001;10293;649;11721;12077;3.26;0.20;382.09;23.86;1428;57;4160.00;356
10298;39;5887017;10298;662;11721;12077;3.20;0.20;382.01;23.86;1423;57;4161.00;356
10303;39;5887034;10303;650;11724;12081;3.19;0.20;381.93;23.85;1421;57;4162.00;357
10304;39;5887051;10304;651;11724;12081;3.18;0.19;381.90;23.85;1420;57;4163.00;357
10305;39;5887067;10305;654;11725;12081;3.18;0.20;381.87;23.85;1420;57;4164.00;356
10307;39;5887083;10307;651;11726;12081;3.17;0.19;381.88;23.97;1419;57;4165.00;355
10312;39;5887099;10312;657;11727;12082;3.11;0.19;381.76;23.97;1415;57;4166.00;355
10314;39;5887115;10314;661;11728;12083;3.07;0.19;381.75;23.97;1414;57;4167.00;355
10316;39;5887130;10316;678;11728;12083;3.05;0.19;381.76;23.97;1412;57;4168.00;355
10320;39;5887144;10320;679;11729;12084;3.01;0.19;381.72;23.97;1409;57;4169.00;355
10323;39;5887161;10323;683;11729;12084;2.96;0.18;381.83;23.97;1406;57;4170.00;355
10326;39;5887175;10326;694;11729;12084;2.94;0.18;381.82;23.97;1403;57;4171.00;355
10327;39;5887191;10327;691;11729;12084;2.93;0.18;381.79;23.97;1402;57;4172.00;355
10329;39;5887204;10329;696;11731;12086;2.91;0.18;381.76;23.96;1402;57;4173.00;355
10330;39;5887219;10330;685;11731;12086;2.93;0.18;381.79;23.96;1401;57;4174.00;355
10332;39;5887235;10332;691;11731;12086;2.94;0.18;381.81;23.96;1399;57;4175.00;355
10333;39;5887251;10333;716;11801;12213;3.34;0.21;381.85;23.82;1468;57;4176.00;412
10335;39;5887277;10335;704;11804;12214;3.37;0.21;381.91;23.81;1469;57;4177.00;410
10336;39;5887294;10336;695;11811;12214;3.45;0.21;381.91;23.80;1475;57;4178.00;403
10336;39;5887309;10336;696;11814;12214;3.47;0.22;381.91;23.80;1478;57;4179.00;400
10338;39;5887330;10338;698;11819;12214;3.50;0.22;381.96;23.91;1481;57;4180.00;395
10338;39;5887346;10338;686;11823;12214;3.51;0.22;381.96;23.90;1485;57;4181.00;391
10341;39;5887365;10341;681;11828;12214;3.50;0.22;381.92;23.90;1487;57;4182.00;386
10345;39;5887383;10345;668;11831;12214;3.49;0.21;381.91;23.89;1486;57;4183.00;383
10346;39;5887401;10346;659;11832;12215;3.52;0.22;381.98;23.89;1486;57;4184.00;383
10346;39;5887418;10346;646;11834;12217;3.60;0.22;381.98;23.89;1488;57;4185.00;383
10348;39;5887437;10348;630;11836;12217;3.64;0.22;382.01;23.88;1488;57;4186.00;381
10350;39;5887456;10350;633;11841;12218;3.67;0.22;382.00;23.88;1491;57;4187.00;377
10350;39;5887473;10350;625;11841;12218;3.76;0.23;382.00;23.88;1491;57;4188.00;377
10350;39;5887491;10350;625;11844;12218;3.87;0.24;382.00;23.88;1494;57;4189.00;374
10351;39;5887517;10351;626;11845;12218;3.98;0.24;382.07;23.88;1494;57;4190.00;373
10351;39;5887535;10351;627;11850;12222;4.09;0.25;382.07;23.87;1499;57;4191.00;372
10353;39;5887552;10353;624;11850;12222;4.16;0.25;382.08;23.87;1497;57;4192.00;372
10353;39;5887586;10353;626;11850;12222;4.21;0.26;382.08;23.87;1497;57;4193.00;372
10353;39;5887609;10353;625;11852;12225;4.27;0.26;382.08;23.87;1499;57;4194.00;373
10353;39;5887635;10353;629;11852;12225;4.33;0.26;382.08;23.87;1499;57;4195.00;373
10355;39;5887653;10355;631;11852;12225;4.36;0.27;382.09;23.87;1497;57;4196.00;373
10356;39;5887677;10356;636;11856;12229;4.36;0.27;382.05;23.86;1500;57;4197.00;373
10358;39;5887693;10358;640;11857;12230;4.37;0.27;382.06;23.86;1499;57;4198.00;373
10358;39;5887713;10358;638;11858;12230;4.43;0.27;382.06;23.86;1500;57;4199.00;372
10360;39;5887735;10360;654;11868;12264;4.39;0.27;382.06;23.84;1508;57;4200.00;396
10361;39;5887761;10361;648;11870;12264;4.38;0.27;382.08;23.84;1509;57;4201.00;394
10362;39;5887780;10362;643;11870;12264;4.41;0.27;382.07;23.84;1508;57;4202.00;394
10365;39;5887807;10365;632;11871;12265;4.39;0.27;382.10;23.96;1506;57;4203.00;394
10366;39;5887826;10366;636;11872;12265;4.40;0.27;382.08;23.96;1506;57;4204.00;393
10370;39;5887844;10370;633;11876;12271;4.38;0.27;382.20;23.95;1506;57;4205.00;395
10373;39;5887865;10373;636;11878;12271;4.35;0.26;382.25;23.95;1505;57;4206.00;393
10373;39;5887885;10373;622;11880;12272;4.35;0.26;382.25;23.95;1507;57;4207.00;392
10375;39;5887906;10375;619;11880;12272;4.34;0.26;382.23;23.95;1505;57;4208.00;392
10376;39;5887927;10376;610;11881;12272;4.36;0.26;382.27;23.94;1505;57;4209.00;391
10377;39;5887948;10377;612;11882;12272;4.37;0.27;382.37;23.94;1505;57;4210.00;390
10380;39;5887967;10380;611;11883;12272;4.39;0.27;382.41;23.94;1503;57;4211.00;389
10382;39;5887985;10382;619;11892;12284;4.41;0.27;382.46;23.93;1510;57;4212.00;392
10385;39;5888007;10385;619;11894;12284;4.40;0.27;382.53;23.93;1509;57;4213.00;390
10385;39;5888032;10385;621;11896;12284;4.42;0.27;382.53;23.92;1511;57;4214.00;388
10388;39;5888052;10388;612;11897;12284;4.43;0.27;382.73;23.92;1509;57;4215.00;387
10390;39;5888070;10390;616;11897;12284;4.42;0.27;382.80;23.92;1507;57;4216.00;387
10392;39;5888089;10392;612;11898;12284;4.44;0.27;382.76;23.92;1506;57;4217.00;386
10395;39;5888108;10395;622;11903;12288;4.47;0.27;382.84;23.91;1508;57;4218.00;385
10395;40;5888127;10395;611;11903;12288;4.49;0.27;382.84;23.91;1508;58;4219.00;385
10396;40;5888160;10396;605;11906;12292;4.55;0.28;382.89;23.91;1510;58;4220.00;386
10396;40;5888179;10396;609;11906;12293;4.61;0.28;382.89;23.91;1510;58;4221.00;387
10398;40;5888198;10398;598;11907;12293;4.65;0.28;383.06;23.90;1509;58;4222.00;386
10400;40;5888216;10400;606;11908;12293;4.70;0.29;383.05;23.90;1508;58;4223.00;385
10403;40;5888235;10403;608;11917;12306;4.70;0.29;383.17;23.89;1514;58;4224.00;389
10406;40;5888260;10406;600;11917;12306;4.74;0.29;383.18;23.89;1511;58;4225.00;389
10411;40;5888279;10411;595;11917;12306;4.75;0.29;383.34;23.89;1506;58;4226.00;389
10413;40;5888297;10413;597;11920;12307;4.77;0.29;383.41;23.88;1507;58;4227.00;387
10414;40;5888316;10414;587;11920;12308;4.80;0.29;383.39;23.88;1506;58;4228.00;388
10417;40;5888336;10417;587;11921;12308;4.80;0.29;383.37;23.89;1504;58;4229.00;387
10419;40;5888356;10419;584;11928;12314;4.80;0.29;383.37;23.96;1509;58;4230.00;386
10420;40;5888381;10420;588;11928;12314;4.88;0.30;383.41;23.96;1508;58;4231.00;386
10426;40;5888397;10426;584;11929;12314;4.89;0.30;383.44;23.96;1503;58;4232.00;385
10429;40;5888415;10429;590;11929;12314;4.92;0.30;383.44;23.96;1500;58;4233.00;385
10435;40;5888433;10435;581;11934;12320;4.97;0.30;383.70;23.95;1499;58;4234.00;386
10438;40;5888451;10438;578;11935;12320;4.97;0.30;383.83;23.95;1497;58;4235.00;385
10441;40;5888468;10441;567;11935;12320;4.94;0.30;384.04;23.95;1494;58;4236.00;385
10443;40;5888486;10443;571;11936;12320;4.89;0.30;384.14;23.95;1493;58;4237.00;384
10447;40;5888504;10447;570;11939;12324;4.84;0.29;384.18;23.94;1492;58;4238.00;385
10450;40;5888527;10450;576;11940;12325;4.81;0.29;384.33;23.94;1490;58;4239.00;385
10454;40;5888546;10454;581;11940;12325;4.75;0.29;384.37;23.94;1486;58;4240.00;385
10458;40;5888564;10458;573;11942;12326;4.72;0.29;384.44;23.94;1484;58;4241.00;384
10460;41;5888581;10460;576;11942;12326;4.70;0.29;384.45;23.94;1482;59;4242.00;384
10465;41;5888612;10465;579;11943;12326;4.67;0.29;384.65;23.94;1478;59;4243.00;383
10469;41;5888629;10469;582;11943;12326;4.67;0.29;384.76;23.94;1474;59;4244.00;383
10472;41;5888646;10472;578;11943;12326;4.65;0.28;384.83;23.94;1471;59;4245.00;383
10477;41;5888670;10477;578;11943;12326;4.60;0.28;384.83;23.94;1466;59;4246.00;383
10481;41;5888687;10481;581;11944;12326;4.58;0.28;384.86;23.94;1463;59;4247.00;382
10482;41;5888707;10482;592;11980;12396;4.62;0.28;384.84;23.87;1498;59;4248.00;416
10485;41;5888736;10485;582;11984;12397;4.59;0.28;384.91;23.87;1499;59;4249.00;413
10488;41;5888754;10488;587;11989;12397;4.59;0.28;385.00;23.86;1501;59;4250.00;408
10489;41;5888773;10489;579;11990;12397;4.54;0.28;385.00;23.86;1501;59;4251.00;407
10493;41;5888791;10493;582;11995;12397;4.50;0.28;384.99;23.85;1502;59;4252.00;402
10495;41;5888808;10495;582;11999;12397;4.46;0.27;385.07;23.85;1504;59;4253.00;398
10498;41;5888828;10498;584;12001;12397;4.45;0.27;385.20;23.85;1503;59;4254.00;396
10501;41;5888844;10501;582;12005;12397;4.45;0.27;385.24;23.85;1504;59;4255.00;392
10505;41;5888863;10505;571;12007;12398;4.45;0.27;385.25;23.84;1502;59;4256.00;391
10505;41;5888887;10505;576;12007;12399;4.46;0.27;385.25;23.84;1502;59;4257.00;392
10506;41;5888905;10506;572;12007;12399;4.46;0.27;385.28;23.84;1501;59;4258.00;392
10507;41;5888924;10507;575;12010;12403;4.44;0.27;385.27;23.84;1503;59;4259.00;393
10510;41;5888946;10510;573;12010;12403;4.43;0.27;385.22;23.84;1500;59;4260.00;393
10511;41;5888964;10511;581;12010;12403;4.41;0.27;385.19;23.84;1499;59;4261.00;393
10515;41;5888981;10515;593;12010;12403;4.41;0.27;385.20;23.84;1495;59;4262.00;393
10515;41;5888998;10515;598;12014;12409;4.45;0.27;385.20;23.83;1499;59;4263.00;395
10519;41;5889015;10519;594;12014;12409;4.48;0.28;385.26;23.83;1495;59;4264.00;395
10523;41;5889032;10523;592;12014;12409;4.49;0.28;385.34;23.83;1491;59;4265.00;395
10527;41;5889049;10527;591;12015;12412;4.51;0.28;385.50;23.83;1488;59;4266.00;397
10530;41;5889065;10530;591;12015;12412;4.49;0.28;385.66;23.83;1485;59;4267.00;397
10531;41;5889081;10531;581;12015;12412;4.49;0.28;385.70;23.83;1484;59;4268.00;397
10535;41;5889098;10535;586;12015;12413;4.43;0.27;385.79;23.83;1480;59;4269.00;398
10538;41;5889114;10538;589;12016;12414;4.39;0.27;385.78;23.83;1478;59;4270.00;398
10543;41;5889129;10543;592;12016;12414;4.33;0.27;385.83;23.83;1473;59;4271.00;398
10546;41;5889146;10546;595;12026;12427;4.31;0.26;385.91;23.81;1480;59;4272.00;401
10548;41;5889163;10548;596;12026;12427;4.27;0.26;385.93;23.81;1478;59;4273.00;401
10553;41;5889179;10553;593;12026;12427;4.21;0.26;386.00;23.81;1473;59;4274.00;401
10555;41;5889195;10555;586;12027;12429;4.16;0.25;385.99;23.81;1472;59;4275.00;402
10559;41;5889210;10559;578;12027;12429;4.14;0.25;386.00;23.81;1468;59;4276.00;402
10562;41;5889225;10562;569;12030;12433;4.15;0.25;386.03;23.80;1468;59;4277.00;403
10564;41;5889240;10564;566;12030;12433;4.14;0.25;386.02;23.80;1466;59;4278.00;403
10566;41;5889256;10566;571;12032;12437;4.13;0.25;385.99;23.80;1466;59;4279.00;405
10573;41;5889271;10573;569;12032;12437;4.09;0.25;386.03;23.80;1459;59;4280.00;405
10574;41;5889287;10574;569;12033;12437;4.11;0.25;386.01;23.79;1459;59;4281.00;404
10577;41;5889302;10577;578;12033;12437;4.08;0.25;386.15;23.79;1456;59;4282.00;404
10579;41;5889317;10579;584;12033;12437;4.07;0.25;386.18;23.79;1454;59;4283.00;404
10581;41;5889332;10581;588;12042;12449;4.13;0.25;386.20;23.78;1461;59;4284.00;407
10583;41;5889347;10583;595;12042;12449;4.12;0.25;386.16;23.78;1459;59;4285.00;407
10588;41;5889361;10588;592;12042;12449;4.06;0.25;386.26;23.78;1454;59;4286.00;407
10592;41;5889376;10592;596;12042;12449;4.02;0.25;386.25;23.78;1450;59;4287.00;407
10595;41;5889390;10595;602;12042;12449;3.94;0.24;386.30;23.78;1447;59;4288.00;407
10600;41;5889404;10600;611;12042;12449;3.83;0.23;386.38;23.78;1442;59;4289.00;407
10604;41;5889420;10604;597;12042;12450;3.75;0.23;386.45;23.78;1438;59;4290.00;408
10608;41;5889434;10608;596;12042;12450;3.69;0.22;386.63;23.78;1434;59;4291.00;408
10613;41;5889448;10613;602;12046;12456;3.64;0.22;386.67;23.77;1433;59;4292.00;410
10616;41;5889462;10616;601;12046;12457;3.62;0.22;386.69;23.77;1430;59;4293.00;411
10621;41;5889476;10621;602;12046;12457;3.57;0.22;386.80;23.77;1425;59;4294.00;411
10623;41;5889491;10623;599;12046;12457;3.55;0.22;386.82;23.77;1423;59;4295.00;411
10626;41;5889508;10626;599;12049;12461;3.55;0.22;386.94;23.76;1423;59;4296.00;412
10630;41;5889523;10630;597;12049;12461;3.51;0.21;387.03;23.76;1419;59;4297.00;412
10635;41;5889537;10635;590;12049;12461;3.46;0.21;387.05;23.76;1414;59;4298.00;412
10635;41;5889551;10635;584;12050;12462;3.48;0.21;387.05;23.76;1415;59;4299.00;412
10639;41;5889566;10639;589;12053;12466;3.47;0.21;387.04;23.76;1414;59;4300.00;413
10641;41;5889583;10641;579;12053;12466;3.45;0.21;387.04;23.76;1412;59;4301.00;413
10643;41;5889597;10643;577;12054;12469;3.47;0.21;387.10;23.75;1411;59;4302.00;415
10646;41;5889616;10646;579;12054;12469;3.43;0.21;387.07;23.75;1408;59;4303.00;415
10651;41;5889630;10651;584;12054;12469;3.42;0.21;387.03;23.75;1403;59;4304.00;415
10653;41;5889645;10653;584;12054;12469;3.45;0.21;387.03;23.75;1401;59;4305.00;415
10658;41;5889658;10658;580;12058;12473;3.46;0.21;386.93;23.75;1400;59;4306.00;415
10665;41;5889673;10665;581;12058;12473;3.49;0.21;386.84;23.75;1393;59;4307.00;415
10668;41;5889687;10668;581;12058;12473;3.48;0.21;386.79;23.75;1390;59;4308.00;415
10671;41;5889702;10671;582;12059;12473;3.50;0.21;386.72;23.87;1388;59;4309.00;414
10676;41;5889717;10676;584;12059;12474;3.52;0.22;386.73;23.87;1383;59;4310.00;415
10678;41;5889731;10678;579;12059;12475;3.56;0.22;386.69;23.87;1381;59;4311.00;416
10681;41;5889746;10681;591;12059;12475;3.55;0.22;386.71;23.87;1378;59;4312.00;416
10687;41;5889760;10687;582;12061;12476;3.52;0.22;386.64;23.88;1374;59;4313.00;415
10690;41;5889774;10690;581;12061;12476;3.50;0.21;386.67;23.88;1371;59;4314.00;415
10696;41;5889790;10696;580;12061;12476;3.45;0.21;386.66;23.88;1365;59;4315.00;415
10697;41;5889807;10697;582;12061;12476;3.45;0.21;386.68;23.88;1364;59;4316.00;415
10701;41;5889821;10701;588;12061;12476;3.42;0.21;386.62;23.88;1360;59;4317.00;415
10704;41;5889835;10704;592;12061;12476;3.36;0.20;386.66;23.88;1357;59;4318.00;415
10706;41;5889848;10706;594;12061;12476;3.32;0.20;386.64;23.88;1355;59;4319.00;415
10710;41;5889863;10710;622;12167;12706;3.74;0.24;386.67;23.67;1457;59;4320.00;539
10713;41;5889895;10713;626;12171;12707;3.72;0.23;386.69;23.66;1458;59;4321.00;536
10715;41;5889910;10715;611;12179;12707;3.80;0.24;386.65;23.65;1464;59;4322.00;528
10720;41;5889924;10720;614;12185;12707;3.77;0.24;386.63;23.64;1465;59;4323.00;522
10721;41;5889940;10721;620;12195;12707;3.76;0.24;386.64;23.62;1474;59;4324.00;512
10724;41;5889954;10724;621;12200;12707;3.77;0.24;386.66;23.61;1476;59;4325.00;507
10726;41;5889970;10726;613;12205;12707;3.78;0.24;386.62;23.60;1479;59;4326.00;502
10728;41;5889985;10728;620;12210;12707;3.80;0.24;386.62;23.60;1482;59;4327.00;497
10731;41;5890000;10731;622;12215;12708;3.75;0.23;386.62;23.60;1484;59;4328.00;493
10733;41;5890015;10733;614;12218;12709;3.70;0.23;386.59;23.59;1485;59;4329.00;491
10736;41;5890029;10736;612;12221;12709;3.69;0.23;386.66;23.59;1485;59;4330.00;488
10738;41;5890045;10738;607;12223;12710;3.65;0.23;386.69;23.71;1485;59;4331.00;487
10741;41;5890060;10741;589;12224;12710;3.59;0.22;386.69;23.71;1483;59;4332.00;486
10742;41;5890077;10742;604;12226;12710;3.56;0.22;386.69;23.70;1484;59;4333.00;484
10744;41;5890092;10744;591;12229;12710;3.53;0.22;386.69;23.71;1485;59;4334.00;481
10745;41;5890108;10745;592;12231;12714;3.51;0.22;386.70;23.70;1486;59;4335.00;483
10747;41;5890124;10747;597;12232;12714;3.52;0.22;386.74;23.70;1485;59;4336.00;482
10749;41;5890140;10749;582;12235;12714;3.56;0.22;386.81;23.71;1486;59;4337.00;479
10750;41;5890156;10750;568;12235;12717;3.61;0.22;386.80;23.71;1485;59;4338.00;482
10754;41;5890173;10754;569;12238;12717;3.60;0.22;386.77;23.72;1484;59;4339.00;479
10754;41;5890195;10754;568;12240;12717;3.66;0.22;386.77;23.72;1486;59;4340.00;477
10757;41;5890211;10757;571;12245;12721;3.71;0.23;386.82;23.72;1488;59;4341.00;476
10760;41;5890233;10760;568;12246;12722;3.75;0.23;386.80;23.72;1486;59;4342.00;476
10761;41;5890250;10761;570;12246;12722;3.79;0.23;386.82;23.72;1485;59;4343.00;476
10762;41;5890266;10762;569;12248;12726;3.82;0.23;386.83;23.72;1486;59;4344.00;478
10764;41;5890282;10764;575;12249;12726;3.87;0.24;386.83;23.71;1485;59;4345.00;477
10767;41;5890300;10767;570;12251;12726;3.89;0.24;386.75;23.72;1484;59;4346.00;475
10769;41;5890316;10769;570;12252;12727;3.92;0.24;386.76;23.84;1483;59;4347.00;475
10769;41;5890334;10769;556;12252;12727;3.96;0.24;386.76;23.84;1483;59;4348.00;475
10770;41;5890350;10770;548;12256;12733;3.98;0.24;386.76;23.84;1486;59;4349.00;477
10770;41;5890369;10770;559;12257;12733;4.04;0.25;386.76;23.84;1487;59;4350.00;476
10772;41;5890385;10772;556;12258;12734;4.06;0.25;386.81;23.85;1486;59;4351.00;476
10773;41;5890402;10773;555;12258;12734;4.04;0.25;386.87;23.85;1485;59;4352.00;476
10774;41;5890419;10774;557;12259;12734;4.05;0.25;386.84;23.85;1485;59;4353.00;475
10776;41;5890436;10776;566;12259;12734;4.07;0.25;386.81;23.85;1483;59;4354.00;475
10777;41;5890453;10777;561;12260;12734;4.06;0.25;386.79;23.85;1483;59;4355.00;474
10777;41;5890469;10777;562;12270;12746;4.11;0.25;386.79;23.85;1493;59;4356.00;476
10778;41;5890487;10778;554;12270;12746;4.12;0.25;386.76;23.85;1492;59;4357.00;476
10780;41;5890504;10780;541;12273;12746;4.15;0.25;386.92;23.85;1493;59;4358.00;473
10780;41;5890521;10780;540;12273;12746;4.21;0.26;386.92;23.85;1493;59;4359.00;473
10784;41;5890539;10784;532;12275;12746;4.20;0.26;386.95;23.86;1491;59;4360.00;471
10787;41;5890556;10787;535;12275;12746;4.21;0.26;386.99;23.86;1488;59;4361.00;471
10788;41;5890573;10788;534;12278;12750;4.22;0.26;386.99;23.85;1490;59;4362.00;472
10792;41;5890591;10792;540;12279;12750;4.24;0.26;387.15;23.85;1487;59;4363.00;471
10793;41;5890608;10793;543;12283;12754;4.27;0.26;387.13;23.97;1490;59;4364.00;471
10794;41;5890626;10794;532;12285;12756;4.31;0.26;387.21;23.97;1491;60;4365.00;471
10798;41;5890652;10798;536;12286;12756;4.35;0.26;387.33;23.97;1488;60;4366.00;470
10799;41;5890670;10799;531;12287;12756;4.38;0.27;387.43;23.98;1488;60;4367.00;469
10802;41;5890688;10802;535;12296;12769;4.47;0.27;387.51;23.96;1494;60;4368.00;473
10805;41;5890707;10805;544;12297;12769;4.50;0.27;387.61;23.97;1492;60;4369.00;472
10808;41;5890725;10808;543;12297;12769;4.55;0.28;387.73;23.97;1489;60;4370.00;472
10810;41;5890742;10810;539;12300;12770;4.60;0.28;387.82;23.97;1490;60;4371.00;470
10812;41;5890759;10812;539;12301;12771;4.62;0.28;387.91;24.09;1489;60;4372.00;470
10813;41;5890777;10813;541;12303;12771;4.66;0.28;387.97;24.09;1490;60;4373.00;468
10815;41;5890794;10815;542;12305;12774;4.68;0.28;388.05;24.09;1490;60;4374.00;469
10821;41;5890813;10821;529;12305;12774;4.65;0.28;388.25;24.09;1484;60;4375.00;469
10821;41;5890831;10821;538;12307;12774;4.64;0.28;388.25;24.10;1486;60;4376.00;467
10826;41;5890847;10826;545;12307;12774;4.64;0.28;388.29;24.10;1481;60;4377.00;467
10828;41;5890865;10828;542;12312;12780;4.67;0.28;388.44;24.09;1484;60;4378.00;468
10830;41;5890884;10830;543;12312;12780;4.69;0.28;388.47;24.09;1482;60;4379.00;468
10831;41;5890903;10831;546;12314;12780;4.71;0.28;388.44;24.10;1483;60;4380.00;466
10835;41;5890921;10835;543;12314;12780;4.70;0.28;388.64;24.10;1479;60;4381.00;466
10837;41;5890941;10837;542;12317;12784;4.67;0.28;388.63;24.09;1480;60;4382.00;467
10840;41;5890959;10840;536;12318;12785;4.67;0.28;388.74;24.10;1478;60;4383.00;467
10841;41;5890981;10841;528;12319;12785;4.67;0.28;388.72;24.10;1478;60;4384.00;466
10843;41;5890999;10843;527;12320;12786;4.70;0.28;388.69;24.10;1477;60;4385.00;466
10845;41;5891017;10845;521;12321;12786;4.69;0.28;388.77;24.22;1476;60;4386.00;465
10846;41;5891035;10846;517;12322;12786;4.72;0.29;388.76;24.22;1476;60;4387.00;464
10850;41;5891052;10850;509;12322;12786;4.71;0.29;388.75;24.22;1472;60;4388.00;464
10854;41;5891069;10854;509;12322;12786;4.69;0.29;388.94;24.22;1468;60;4389.00;464
10855;41;5891086;10855;502;12323;12786;4.69;0.29;389.00;24.23;1468;60;4390.00;463
10864;41;5891102;10864;499;12324;12786;4.67;0.28;389.22;24.23;1460;60;4391.00;462
10865;41;5891120;10865;507;12358;12856;4.72;0.29;389.23;24.17;1493;61;4392.00;498
10871;41;5891153;10871;496;12358;12857;4.78;0.29;389.41;24.17;1487;61;4393.00;499
10876;41;5891170;10876;487;12364;12857;4.80;0.29;389.43;24.17;1488;61;4394.00;493
10881;41;5891188;10881;481;12366;12857;4.82;0.29;389.56;24.17;1485;61;4395.00;491
10885;41;5891205;10885;484;12368;12857;4.87;0.30;389.65;24.16;1483;61;4396.00;489
10888;41;5891227;10888;480;12370;12857;4.90;0.30;389.65;24.17;1482;61;4397.00;487
10890;41;5891246;10890;483;12371;12857;4.94;0.30;389.80;24.16;1481;61;4398.00;486
10896;41;5891263;10896;477;12374;12857;4.94;0.30;389.85;24.17;1478;61;4399.00;483
10899;41;5891282;10899;475;12375;12858;4.91;0.30;389.86;24.17;1476;61;4400.00;483
10902;41;5891305;10902;477;12377;12859;4.89;0.30;389.98;24.17;1475;61;4401.00;482
10904;41;5891322;10904;481;12382;12859;4.87;0.30;390.04;24.17;1478;61;4402.00;477
10908;41;5891348;10908;491;12386;12863;4.84;0.29;390.15;24.17;1478;61;4403.00;477
10912;41;5891367;10912;485;12387;12863;4.80;0.29;390.30;24.17;1475;61;4404.00;476
10914;41;5891386;10914;485;12389;12863;4.75;0.29;390.28;24.18;1475;61;4405.00;474
10919;41;5891404;10919;487;12389;12863;4.64;0.28;390.39;24.18;1470;61;4406.00;474
10920;41;5891422;10920;501;12396;12869;4.57;0.28;390.48;24.18;1476;61;4407.00;473
10923;41;5891441;10923;498;12396;12869;4.56;0.28;390.48;24.18;1473;61;4408.00;473
10927;41;5891460;10927;510;12397;12869;4.50;0.27;390.49;24.19;1470;61;4409.00;472
10930;41;5891480;10930;510;12400;12875;4.52;0.28;390.62;24.18;1470;61;4410.00;475
10931;41;5891499;10931;516;12402;12875;4.55;0.28;390.65;24.19;1471;61;4411.00;473
10934;41;5891517;10934;514;12403;12875;4.59;0.28;390.66;24.19;1469;61;4412.00;472
10934;41;5891535;10934;526;12405;12876;4.64;0.28;390.66;24.19;1471;61;4413.00;471
10938;41;5891555;10938;531;12406;12877;4.66;0.28;390.71;24.19;1468;61;4414.00;471
10940;41;5891573;10940;532;12407;12877;4.66;0.28;390.70;24.20;1467;61;4415.00;470
10943;41;5891591;10943;541;12416;12890;4.67;0.28;390.80;24.19;1473;61;4416.00;474
10944;41;5891610;10944;541;12417;12890;4.65;0.28;390.82;24.19;1473;61;4417.00;473
10948;41;5891628;10948;546;12417;12890;4.61;0.28;390.92;24.19;1469;61;4418.00;473
10950;41;5891648;10950;555;12420;12891;4.59;0.28;390.97;24.39;1470;61;4419.00;471
10952;41;5891666;10952;557;12421;12891;4.58;0.28;391.08;24.39;1469;61;4420.00;470
10955;41;5891687;10955;554;12424;12895;4.57;0.28;391.19;24.38;1469;61;4421.00;471
10957;41;5891706;10957;561;12424;12895;4.58;0.28;391.35;24.38;1467;61;4422.00;471
10960;41;5891728;10960;561;12427;12899;4.58;0.28;391.49;24.38;1467;62;4423.00;472
10963;41;5891757;10963;564;12427;12899;4.54;0.28;391.52;24.38;1464;62;4424.00;472
10966;41;5891776;10966;565;12427;12899;4.56;0.28;391.56;24.38;1461;63;4425.00;472
10968;41;5891803;10968;565;12429;12899;4.57;0.28;391.58;24.38;1461;63;4426.00;470
10971;41;5891824;10971;560;12430;12899;4.54;0.28;391.51;24.38;1459;63;4427.00;469
10975;41;5891841;10975;557;12440;12911;4.55;0.28;391.61;24.37;1465;63;4428.00;471
10976;41;5891859;10976;563;12441;12911;4.54;0.28;391.69;24.37;1465;63;4429.00;470
10979;41;5891878;10979;574;12442;12911;4.51;0.28;391.75;24.36;1463;63;4430.00;469
10985;41;5891897;10985;578;12442;12911;4.45;0.27;391.95;24.36;1457;63;4431.00;469
10987;41;5891919;10987;586;12442;12911;4.41;0.27;391.96;24.36;1455;63;4432.00;469
10990;41;5891935;10990;596;12442;12911;4.33;0.27;392.01;24.36;1452;63;4433.00;469
10991;41;5891950;10991;596;12442;12912;4.28;0.26;392.05;24.36;1451;63;4434.00;470
10991;41;5891965;10991;604;12442;12912;4.25;0.26;392.05;24.36;1451;63;4435.00;470
10993;41;5891980;10993;607;12446;12918;4.24;0.26;392.07;24.36;1453;63;4436.00;472
10994;41;5891997;10994;618;12446;12919;4.20;0.26;392.06;24.36;1452;63;4437.00;473
10995;41;5892013;10995;618;12446;12919;4.13;0.25;392.10;24.36;1451;63;4438.00;473
10998;41;5892028;10998;620;12446;12919;4.07;0.25;392.06;24.36;1448;63;4439.00;473
10999;41;5892045;10999;621;12450;12924;4.05;0.25;392.10;24.35;1451;63;4440.00;474
11000;41;5892066;11000;613;12450;12924;4.03;0.25;392.07;24.35;1450;63;4441.00;474
11001;41;5892082;11001;623;12450;12924;3.99;0.25;392.11;24.35;1449;63;4442.00;474
11001;41;5892101;11001;621;12451;12925;4.01;0.25;392.11;24.35;1450;63;4443.00;474
11002;41;5892118;11002;627;12454;12929;4.03;0.25;392.16;24.34;1452;63;4444.00;475
11004;41;5892134;11004;621;12454;12929;4.01;0.25;392.11;24.34;1450;63;4445.00;475
11007;41;5892148;11007;630;12455;12932;3.98;0.24;392.13;24.34;1448;63;4446.00;477
11007;41;5892170;11007;630;12455;12932;3.97;0.24;392.13;24.34;1448;63;4447.00;477
11010;41;5892184;11010;639;12455;12932;3.93;0.24;392.06;24.34;1445;63;4448.00;477
11013;41;5892198;11013;635;12455;12932;3.93;0.24;391.99;24.34;1442;63;4449.00;477
11016;41;5892212;11016;632;12458;12936;3.95;0.24;391.92;24.33;1442;63;4450.00;478
11020;41;5892226;11020;637;12458;12936;3.90;0.24;391.87;24.33;1438;63;4451.00;478
11024;41;5892240;11024;636;12458;12936;3.79;0.23;391.83;24.33;1434;63;4452.00;478
11029;41;5892255;11029;636;12458;12936;3.72;0.23;391.79;24.33;1429;63;4453.00;478
11034;41;5892270;11034;639;12458;12937;3.63;0.22;391.74;24.33;1424;63;4454.00;479
11037;41;5892285;11037;631;12459;12939;3.56;0.22;391.78;24.33;1422;63;4455.00;480
11042;41;5892299;11042;627;12459;12939;3.52;0.22;391.83;24.33;1417;63;4456.00;480
11044;41;5892314;11044;625;12460;12940;3.51;0.21;391.80;24.33;1416;63;4457.00;480
11047;41;5892329;11047;627;12460;12940;3.45;0.21;391.79;24.33;1413;63;4458.00;480
11049;41;5892343;11049;627;12460;12940;3.43;0.21;391.76;24.33;1411;63;4459.00;480
11052;41;5892358;11052;622;12460;12940;3.39;0.21;391.76;24.33;1408;63;4460.00;480
11054;41;5892371;11054;627;12460;12940;3.37;0.21;391.77;24.33;1406;63;4461.00;480
11055;41;5892385;11055;619;12460;12940;3.38;0.21;391.78;24.33;1405;63;4462.00;480
11059;41;5892399;11059;616;12460;12940;3.41;0.21;391.73;24.33;1401;63;4463.00;480
11060;41;5892412;11060;618;12523;13067;3.83;0.24;391.74;24.21;1463;63;4464.00;544
11061;41;5892436;11061;615;12526;13068;3.86;0.24;391.82;24.20;1465;63;4465.00;542
11063;41;5892450;11063;611;12531;13068;3.92;0.24;391.81;24.19;1468;63;4466.00;537
11064;41;5892465;11064;613;12535;13068;3.93;0.25;391.82;24.19;1471;63;4467.00;533
11066;41;5892479;11066;609;12540;13068;3.96;0.25;391.83;24.18;1474;63;4468.00;528
11070;41;5892494;11070;609;12542;13068;3.94;0.25;391.78;24.18;1472;63;4469.00;526
11071;41;5892511;11071;617;12542;13068;3.92;0.24;391.75;24.18;1471;63;4470.00;526
11075;41;5892526;11075;621;12545;13068;3.93;0.24;391.73;24.17;1470;63;4471.00;523
11076;41;5892542;11076;626;12545;13069;3.92;0.24;391.72;24.17;1469;63;4472.00;524
11078;41;5892558;11078;629;12547;13070;3.92;0.24;391.69;24.17;1469;63;4473.00;523
11084;41;5892573;11084;622;12549;13070;3.91;0.24;391.60;24.17;1465;63;4474.00;521
11087;41;5892588;11087;623;12550;13071;3.93;0.24;391.61;24.17;1463;63;4475.00;521
11089;41;5892605;11089;629;12551;13071;3.91;0.24;391.61;24.17;1462;63;4476.00;520
11095;41;5892620;11095;623;12553;13071;3.88;0.24;391.53;24.16;1458;63;4477.00;518
11097;41;5892636;11097;612;12554;13071;3.90;0.24;391.54;24.16;1457;63;4478.00;517
11102;41;5892650;11102;602;12557;13075;3.91;0.24;391.52;24.16;1455;63;4479.00;518
11105;41;5892666;11105;602;12558;13075;3.89;0.24;391.47;24.16;1453;63;4480.00;517
11108;41;5892682;11108;595;12559;13075;3.85;0.24;391.51;24.16;1451;63;4481.00;516
11110;41;5892696;11110;595;12561;13078;3.85;0.24;391.54;24.15;1451;63;4482.00;517
11113;41;5892712;11113;596;12561;13078;3.81;0.23;391.63;24.15;1448;63;4483.00;517
11116;41;5892735;11116;590;12561;13078;3.79;0.23;391.61;24.15;1445;63;4484.00;517
11118;41;5892753;11118;595;12565;13082;3.81;0.23;391.64;24.16;1447;63;4485.00;517
11122;41;5892770;11122;608;12566;13083;3.78;0.23;391.60;24.15;1444;63;4486.00;517
11128;41;5892790;11128;601;12566;13083;3.77;0.23;391.66;24.15;1438;63;4487.00;517
11131;41;5892809;11131;607;12568;13087;3.79;0.23;391.64;24.15;1437;63;4488.00;519
11133;41;5892826;11133;605;12568;13087;3.81;0.23;391.62;24.15;1435;63;4489.00;519
11136;41;5892843;11136;606;12569;13087;3.82;0.23;391.67;24.15;1433;63;4490.00;518
11142;42;5892861;11142;612;12569;13088;3.79;0.23;391.61;24.15;1427;64;4491.00;519
11144;42;5892894;11144;612;12569;13088;3.80;0.23;391.59;24.15;1425;64;4492.00;519
11147;42;5892911;11147;612;12574;13094;3.80;0.23;391.65;24.15;1427;64;4493.00;520
11150;42;5892938;11150;615;12575;13094;3.80;0.23;391.66;24.16;1425;64;4494.00;519
11153;42;5892958;11153;619;12575;13095;3.79;0.23;391.67;24.16;1422;64;4495.00;520
11157;42;5892974;11157;625;12576;13095;3.77;0.23;391.65;24.17;1419;64;4496.00;519
11159;42;5892988;11159;633;12576;13095;3.76;0.23;391.69;24.17;1417;64;4497.00;519
11165;42;5893003;11165;639;12578;13095;3.72;0.22;391.66;24.19;1413;64;4498.00;517
11166;42;5893018;11166;647;12578;13095;3.69;0.22;391.76;24.19;1412;64;4499.00;517
11168;42;5893036;11168;652;12605;13145;3.78;0.23;391.74;24.15;1437;64;4500.00;540
11171;42;5893060;11171;656;12607;13147;3.73;0.23;391.83;24.16;1436;64;4501.00;540
11174;42;5893075;11174;645;12609;13147;3.71;0.22;391.81;24.16;1435;64;4502.00;538
11175;42;5893091;11175;638;12611;13147;3.69;0.22;391.80;24.16;1436;64;4503.00;536
11176;42;5893106;11176;625;12615;13147;3.71;0.23;391.81;24.29;1439;64;4504.00;532
11177;42;5893123;11177;619;12615;13147;3.72;0.23;391.78;24.29;1438;64;4505.00;532
11182;42;5893138;11182;614;12620;13151;3.74;0.23;391.90;24.30;1438;64;4506.00;531
11182;42;5893155;11182;620;12622;13151;3.76;0.23;391.90;24.30;1440;64;4507.00;529
11184;42;5893170;11184;618;12624;13155;3.79;0.23;391.98;24.30;1440;64;4508.00;531
11185;42;5893186;11185;612;12624;13156;3.80;0.23;392.02;24.30;1439;64;4509.00;532
11185;42;5893201;11185;620;12625;13156;3.81;0.23;392.02;24.31;1440;64;4510.00;531
11186;42;5893217;11186;622;12626;13156;3.81;0.23;392.02;24.31;1440;64;4511.00;530
11188;42;5893237;11188;615;12636;13169;3.89;0.24;392.09;24.29;1448;64;4512.00;533
11191;42;5893258;11191;612;12636;13169;3.90;0.24;392.11;24.29;1445;64;4513.00;533
11192;42;5893278;11192;601;12636;13169;3.93;0.24;392.10;24.29;1444;64;4514.00;533
11195;42;5893298;11195;595;12637;13170;3.97;0.24;392.21;24.29;1442;64;4515.00;533
11199;42;5893320;11199;595;12637;13171;4.02;0.24;392.25;24.29;1438;64;4516.00;534
11201;42;5893342;11201;588;12638;13171;4.08;0.25;392.27;24.28;1437;64;4517.00;533
11203;42;5893365;11203;588;12640;13174;4.14;0.25;392.23;24.28;1437;64;4518.00;534
11204;42;5893388;11204;590;12640;13174;4.14;0.25;392.21;24.28;1436;64;4519.00;534
11205;42;5893406;11205;577;12640;13174;4.11;0.25;392.26;24.28;1435;64;4520.00;534
11206;42;5893423;11206;578;12640;13174;4.13;0.25;392.28;24.28;1434;64;4521.00;534
11207;42;5893439;11207;565;12643;13180;4.18;0.25;392.37;24.28;1436;64;4522.00;537
11210;42;5893457;11210;564;12645;13180;4.22;0.26;392.35;24.28;1435;64;4523.00;535
11210;42;5893473;11210;555;12645;13180;4.29;0.26;392.35;24.28;1435;64;4524.00;535
11211;42;5893490;11211;554;12647;13180;4.37;0.27;392.33;24.29;1436;64;4525.00;533
11214;42;5893507;11214;549;12650;13184;4.40;0.27;392.44;24.28;1436;64;4526.00;534
11216;42;5893525;11216;545;12650;13185;4.44;0.27;392.49;24.28;1434;64;4527.00;535
11218;42;5893542;11218;541;12651;13185;4.49;0.27;392.55;24.28;1433;64;4528.00;534
11221;42;5893559;11221;536;12653;13186;4.52;0.28;392.70;24.28;1432;64;4529.00;533
11225;42;5893577;11225;531;12653;13186;4.58;0.28;392.89;24.28;1428;64;4530.00;533
11229;42;5893594;11229;526;12653;13186;4.60;0.28;392.88;24.28;1424;64;4531.00;533
11232;42;5893610;11232;527;12654;13186;4.60;0.28;392.88;24.29;1422;64;4532.00;532
11232;42;5893633;11232;523;12655;13186;4.64;0.28;392.88;24.29;1423;64;4533.00;531
11236;42;5893653;11236;515;12657;13186;4.68;0.28;393.05;24.30;1421;64;4534.00;529
11241;42;5893674;11241;506;12658;13186;4.71;0.28;393.17;24.31;1417;64;4535.00;528
11241;42;5893699;11241;530;12693;13256;4.70;0.28;393.17;24.25;1452;64;4536.00;563
11245;42;5893723;11245;522;12694;13257;4.68;0.28;393.15;24.26;1449;64;4537.00;563
11246;42;5893741;11246;515;12697;13257;4.75;0.29;393.16;24.27;1451;64;4538.00;560
11248;42;5893758;11248;528;12700;13257;4.77;0.29;393.18;24.27;1452;64;4539.00;557
11249;42;5893775;11249;529;12703;13257;4.79;0.29;393.29;24.28;1454;64;4540.00;554
11251;42;5893792;11251;537;12709;13257;4.81;0.29;393.29;24.28;1458;64;4541.00;548
11251;42;5893812;11251;550;12712;13257;4.86;0.30;393.29;24.29;1461;64;4542.00;545
11254;42;5893829;11254;558;12715;13257;4.82;0.29;393.37;24.30;1461;64;4543.00;542
11256;42;5893847;11256;559;12718;13258;4.82;0.29;393.38;24.31;1462;64;4544.00;540
11259;42;5893866;11259;549;12719;13260;4.80;0.29;393.38;24.31;1460;64;4545.00;541
11261;42;5893884;11261;546;12722;13260;4.76;0.29;393.37;24.32;1461;64;4546.00;538
11262;42;5893901;11262;555;12726;13264;4.77;0.29;393.41;24.32;1464;64;4547.00;538
11263;42;5893919;11263;553;12730;13264;4.77;0.29;393.44;24.33;1467;64;4548.00;534
11267;42;5893940;11267;540;12730;13264;4.73;0.29;393.45;24.33;1463;64;4549.00;534
11271;42;5893964;11271;538;12731;13264;4.68;0.29;393.45;24.33;1460;64;4550.00;533
11274;42;5893988;11274;528;12735;13270;4.70;0.29;393.52;24.34;1461;64;4551.00;535
11278;42;5894013;11278;523;12735;13270;4.73;0.29;393.75;24.34;1457;64;4552.00;535
11280;42;5894031;11280;514;12736;13270;4.77;0.29;393.85;24.35;1456;64;4553.00;534
11282;42;5894053;11282;507;12738;13273;4.85;0.30;393.84;24.47;1456;64;4554.00;535
11283;42;5894071;11283;512;12742;13273;4.87;0.30;393.85;24.48;1459;64;4555.00;531
11286;42;5894086;11286;496;12743;13273;4.86;0.30;394.01;24.49;1457;64;4556.00;530
11292;42;5894104;11292;496;12743;13274;4.87;0.30;394.09;24.49;1451;64;4557.00;531
11296;42;5894122;11296;496;12745;13275;4.90;0.30;394.27;24.50;1449;64;4558.00;530
11301;42;5894144;11301;497;12745;13275;4.88;0.30;394.35;24.50;1444;64;4559.00;530
11306;42;5894163;11306;500;12764;13301;4.86;0.30;394.58;24.58;1458;64;4560.00;537
11311;42;5894195;11311;490;12764;13301;4.82;0.29;394.70;24.58;1453;64;4561.00;537
11317;42;5894213;11317;485;12765;13301;4.76;0.29;394.79;24.58;1448;64;4562.00;536
11322;42;5894230;11322;492;12766;13302;4.70;0.29;394.91;24.58;1444;64;4563.00;536
11329;42;5894262;11329;498;12767;13302;4.61;0.28;394.95;24.57;1438;64;4564.00;535
11335;42;5894288;11335;502;12770;13306;4.59;0.28;394.95;24.58;1435;64;4565.00;536
11339;42;5894314;11339;505;12770;13306;4.55;0.28;394.96;24.58;1431;64;4566.00;536
11339;42;5894332;11339;501;12774;13310;4.55;0.28;394.96;24.57;1435;64;4567.00;536
11340;42;5894356;11340;505;12774;13310;4.55;0.28;394.96;24.57;1434;64;4568.00;536
11342;42;5894371;11342;503;12775;13310;4.58;0.28;395.02;24.57;1433;64;4569.00;535
11344;42;5894387;11344;504;12776;13310;4.59;0.28;395.02;24.57;1432;64;4570.00;534
11351;42;5894403;11351;511;12778;13310;4.57;0.28;395.19;24.58;1427;64;4571.00;532
11354;42;5894419;11354;507;12787;13322;4.60;0.28;395.23;24.56;1433;64;4572.00;535
11356;42;5894437;11356;516;12787;13322;4.53;0.28;395.28;24.56;1431;64;4573.00;535
11358;42;5894453;11358;514;12789;13322;4.49;0.27;395.33;24.56;1431;64;4574.00;533
11359;42;5894469;11359;523;12789;13322;4.41;0.27;395.32;24.56;1430;64;4575.00;533
11360;42;5894485;11360;527;12789;13322;4.37;0.27;395.36;24.56;1429;64;4576.00;533
11365;42;5894501;11365;544;12789;13322;4.33;0.26;395.30;24.56;1424;64;4577.00;533
11370;42;5894519;11370;545;12789;13323;4.27;0.26;395.42;24.56;1419;64;4578.00;534
11374;42;5894540;11374;542;12789;13323;4.23;0.26;395.37;24.56;1415;64;4579.00;534
11376;42;5894562;11376;553;12793;13329;4.25;0.26;395.46;24.55;1417;64;4580.00;536
11377;42;5894588;11377;555;12793;13330;4.23;0.26;395.45;24.55;1416;64;4581.00;537
11378;42;5894608;11378;559;12793;13330;4.21;0.26;395.46;24.55;1415;64;4582.00;537
11379;42;5894626;11379;563;12793;13330;4.20;0.26;395.44;24.55;1414;64;4583.00;537
11381;42;5894642;11381;569;12796;13334;4.21;0.26;395.54;24.54;1415;64;4584.00;538
11385;42;5894659;11385;579;12796;13334;4.19;0.26;395.53;24.54;1411;64;4585.00;538
11386;42;5894674;11386;576;12796;13334;4.22;0.26;395.56;24.54;1410;64;4586.00;538
11389;42;5894690;11389;589;12797;13335;4.23;0.26;395.62;24.54;1408;64;4587.00;538
11392;42;5894707;11392;596;12800;13339;4.18;0.26;395.62;24.54;1408;64;4588.00;539
11395;42;5894729;11395;608;12800;13339;4.12;0.25;395.68;24.54;1405;64;4589.00;539
11395;42;5894746;11395;602;12804;13345;4.14;0.25;395.68;24.53;1409;64;4590.00;541
11397;42;5894762;11397;594;12804;13345;4.11;0.25;395.73;24.53;1407;64;4591.00;541
11401;42;5894776;11401;607;12804;13345;4.07;0.25;395.78;24.53;1403;64;4592.00;541
11402;42;5894799;11402;615;12804;13345;4.06;0.25;395.75;24.53;1402;64;4593.00;541
11406;42;5894814;11406;616;12807;13349;4.08;0.25;395.72;24.52;1401;64;4594.00;542
11408;42;5894830;11408;627;12807;13349;4.05;0.25;395.71;24.52;1399;64;4595.00;542
11412;42;5894844;11412;631;12807;13349;4.02;0.25;395.79;24.52;1395;64;4596.00;542
11414;42;5894859;11414;636;12807;13349;3.97;0.24;395.78;24.52;1393;64;4597.00;542
11416;42;5894873;11416;646;12807;13350;3.92;0.24;395.76;24.52;1391;64;4598.00;543
11417;42;5894888;11417;650;12807;13351;3.86;0.24;395.82;24.52;1390;64;4599.00;544
11418;42;5894904;11418;661;12807;13351;3.79;0.23;395.87;24.52;1389;64;4600.00;544
11421;42;5894923;11421;657;12808;13352;3.76;0.23;395.94;24.52;1387;64;4601.00;544
11424;42;5894937;11424;662;12808;13352;3.71;0.23;395.86;24.52;1384;64;4602.00;544
11426;42;5894951;11426;661;12808;13352;3.73;0.23;395.88;24.52;1382;64;4603.00;544
11432;42;5894964;11432;662;12808;13352;3.68;0.23;395.86;24.52;1376;64;4604.00;544
11434;42;5894978;11434;658;12808;13352;3.68;0.23;395.90;24.52;1374;64;4605.00;544
11435;42;5894993;11435;651;12808;13352;3.69;0.23;395.90;24.52;1373;64;4606.00;544
11439;42;5895008;11439;648;12808;13352;3.68;0.23;395.81;24.52;1369;64;4607.00;544
11440;42;5895022;11440;664;12870;13479;3.98;0.25;395.88;24.40;1430;64;4608.00;609
11441;42;5895047;11441;654;12871;13480;3.95;0.25;395.85;24.40;1430;64;4609.00;609
11441;42;5895061;11441;653;12878;13480;3.98;0.25;395.85;24.39;1437;64;4610.00;602
11441;42;5895075;11441;653;12881;13480;3.97;0.25;395.85;24.39;1440;64;4611.00;599
11442;42;5895088;11442;654;12887;13480;3.97;0.25;395.82;24.38;1445;64;4612.00;593
11446;42;5895101;11446;654;12892;13480;3.92;0.24;395.75;24.37;1446;64;4613.00;588
11449;42;5895115;11449;661;12893;13480;3.86;0.24;395.72;24.37;1444;64;4614.00;587
11453;42;5895130;11453;664;12894;13480;3.85;0.24;395.63;24.37;1441;64;4615.00;586
11454;42;5895143;11454;669;12895;13481;3.83;0.24;395.67;24.36;1441;64;4616.00;586
11457;42;5895163;11457;665;12896;13482;3.80;0.23;395.67;24.36;1439;64;4617.00;586
11458;42;5895182;11458;665;12898;13482;3.77;0.23;395.65;24.36;1440;64;4618.00;584
11463;42;5895200;11463;672;12899;13483;3.66;0.22;395.56;24.36;1436;64;4619.00;584
11470;42;5895220;11470;667;12901;13483;3.56;0.22;395.52;24.36;1431;64;4620.00;582
11473;42;5895238;11473;664;12902;13483;3.47;0.21;395.46;24.36;1429;64;4621.00;581
11475;42;5895254;11475;667;12903;13483;3.41;0.21;395.49;24.36;1428;64;4622.00;580
11476;42;5895271;11476;662;12905;13487;3.37;0.21;395.47;24.35;1429;64;4623.00;582
11479;42;5895286;11479;648;12906;13487;3.34;0.20;395.48;24.35;1427;64;4624.00;581
11480;42;5895301;11480;639;12906;13487;3.33;0.20;395.47;24.35;1426;64;4625.00;581
11482;42;5895317;11482;627;12907;13490;3.35;0.20;395.48;24.35;1425;64;4626.00;583
11484;42;5895331;11484;623;12907;13490;3.39;0.21;395.49;24.35;1423;64;4627.00;583
11485;42;5895346;11485;606;12907;13490;3.45;0.21;395.49;24.35;1422;64;4628.00;583
11487;42;5895361;11487;599;12910;13494;3.49;0.21;395.47;24.34;1423;64;4629.00;584
11488;42;5895377;11488;586;12911;13495;3.55;0.22;395.46;24.34;1423;64;4630.00;584
11491;42;5895397;11491;592;12911;13495;3.62;0.22;395.38;24.34;1420;64;4631.00;584
11493;42;5895412;11493;583;12914;13499;3.70;0.22;395.35;24.34;1421;64;4632.00;585
11494;42;5895428;11494;580;12914;13499;3.78;0.23;395.35;24.34;1420;64;4633.00;585
11496;42;5895448;11496;580;12914;13499;3.84;0.23;395.37;24.34;1418;64;4634.00;585
11500;42;5895463;11500;569;12915;13501;3.87;0.24;395.37;24.33;1415;64;4635.00;586
11501;42;5895483;11501;568;12915;13501;3.91;0.24;395.34;24.33;1414;64;4636.00;586
11503;42;5895498;11503;564;12918;13507;3.96;0.24;395.30;24.33;1415;64;4637.00;589
11509;42;5895514;11509;551;12918;13507;3.97;0.24;395.17;24.33;1409;64;4638.00;589
11510;42;5895530;11510;551;12918;13508;4.01;0.24;395.14;24.33;1408;64;4639.00;590
11514;42;5895544;11514;550;12919;13508;4.08;0.25;395.12;24.33;1405;64;4640.00;589
11517;42;5895560;11517;546;12919;13508;4.11;0.25;395.15;24.33;1402;64;4641.00;589
11519;42;5895576;11519;533;12919;13508;4.13;0.25;395.12;24.33;1400;64;4642.00;589
11521;42;5895591;11521;527;12919;13508;4.15;0.25;395.12;24.33;1398;64;4643.00;589
11522;42;5895609;11522;521;12928;13520;4.19;0.25;395.12;24.31;1406;64;4644.00;592
11528;42;5895625;11528;514;12928;13520;4.13;0.25;395.14;24.31;1400;64;4645.00;592
11533;42;5895640;11533;506;12928;13520;4.10;0.25;395.14;24.31;1395;64;4646.00;592
11537;42;5895656;11537;504;12929;13520;4.10;0.25;395.17;24.31;1392;64;4647.00;591
11542;42;5895671;11542;500;12929;13520;4.11;0.25;395.13;24.31;1387;64;4648.00;591
11543;42;5895687;11543;496;12929;13520;4.14;0.25;395.12;24.31;1386;64;4649.00;591
11548;42;5895703;11548;491;12934;13526;4.20;0.25;395.02;24.30;1386;64;4650.00;592
11551;42;5895720;11551;489;12934;13526;4.19;0.25;395.15;24.30;1383;64;4651.00;592
11555;42;5895736;11555;485;12936;13530;4.18;0.25;395.22;24.30;1381;64;4652.00;594
11557;42;5895751;11557;494;12936;13531;4.22;0.26;395.25;24.30;1379;64;4653.00;595
11562;42;5895766;11562;487;12936;13531;4.25;0.26;395.32;24.30;1374;64;4654.00;595
11565;42;5895781;11565;493;12937;13531;4.27;0.26;395.35;24.31;1372;64;4655.00;594
11570;42;5895797;11570;501;12947;13544;4.30;0.26;395.41;24.30;1377;64;4656.00;597
11572;42;5895820;11572;500;12947;13544;4.33;0.26;395.46;24.30;1375;64;4657.00;597
11577;42;5895834;11577;498;12947;13544;4.35;0.26;395.57;24.30;1370;64;4658.00;597
11580;42;5895850;11580;497;12948;13545;4.38;0.27;395.63;24.29;1368;64;4659.00;597
11580;42;5895867;11580;505;12949;13546;4.45;0.27;395.63;24.29;1369;64;4660.00;597
11583;42;5895883;11583;503;12949;13546;4.48;0.27;395.61;24.29;1366;64;4661.00;597
11588;42;5895898;11588;504;12951;13549;4.43;0.27;395.65;24.30;1363;64;4662.00;598
11590;42;5895914;11590;506;12951;13549;4.41;0.27;395.68;24.30;1361;64;4663.00;598
11593;42;5895930;11593;509;12952;13549;4.40;0.27;395.81;24.32;1359;64;4664.00;597
11596;42;5895945;11596;503;12952;13549;4.42;0.27;395.87;24.32;1356;64;4665.00;597
11600;42;5895961;11600;508;12956;13555;4.38;0.27;395.89;24.33;1356;64;4666.00;599
11601;42;5895978;11601;495;12957;13555;4.41;0.27;395.90;24.34;1356;64;4667.00;598
11605;42;5895994;11605;497;12957;13555;4.37;0.27;396.07;24.34;1352;64;4668.00;598
11609;42;5896017;11609;490;12957;13555;4.38;0.27;396.17;24.34;1348;64;4669.00;598
11613;42;5896033;11613;493;12962;13559;4.40;0.27;396.35;24.36;1349;64;4670.00;597
11615;42;5896049;11615;496;12965;13560;4.41;0.27;396.43;24.37;1350;64;4671.00;595
11617;42;5896066;11617;496;12966;13560;4.38;0.27;396.49;24.39;1349;64;4672.00;594
11620;42;5896083;11620;490;12968;13561;4.35;0.27;396.62;24.40;1348;64;4673.00;593
11625;42;5896100;11625;491;12968;13561;4.29;0.26;396.65;24.40;1343;64;4674.00;593
11628;42;5896116;11628;494;12969;13561;4.27;0.26;396.74;24.42;1341;64;4675.00;592
11631;42;5896132;11631;485;12970;13561;4.29;0.26;396.71;24.43;1339;64;4676.00;591
11635;42;5896155;11635;475;12972;13561;4.31;0.26;396.71;24.46;1337;64;4677.00;589
11639;42;5896173;11639;470;12973;13561;4.35;0.26;396.96;24.47;1334;64;4678.00;588
11642;42;5896190;11642;461;12973;13561;4.36;0.26;397.03;24.47;1331;64;4679.00;588
11643;42;5896208;11643;474;13048;13686;4.52;0.28;397.07;24.35;1405;64;4680.00;638
11647;42;5896235;11647;461;13050;13687;4.55;0.28;397.09;24.36;1403;64;4681.00;637
11649;42;5896252;11649;460;13051;13687;4.58;0.28;397.11;24.36;1402;64;4682.00;636
11652;42;5896270;11652;456;13053;13687;4.65;0.28;397.20;24.36;1401;64;4683.00;634
11653;42;5896288;11653;457;13056;13687;4.71;0.29;397.28;24.38;1403;64;4684.00;631
11656;42;5896305;11656;464;13057;13687;4.72;0.29;397.42;24.40;1401;64;4685.00;630
11658;42;5896322;11658;466;13060;13687;4.73;0.29;397.45;24.55;1402;64;4686.00;627
11660;42;5896342;11660;458;13061;13687;4.73;0.29;397.51;24.55;1401;64;4687.00;626
11661;42;5896359;11661;455;13064;13688;4.66;0.29;397.54;24.56;1403;64;4688.00;624
11663;42;5896375;11663;459;13066;13689;4.62;0.28;397.56;24.57;1403;64;4689.00;623
11664;42;5896393;11664;466;13067;13689;4.60;0.28;397.57;24.58;1403;64;4690.00;622
11668;42;5896410;11668;469;13072;13693;4.58;0.28;397.66;24.59;1404;64;4691.00;621
11672;42;5896428;11672;470;13074;13693;4.53;0.28;397.71;24.59;1402;64;4692.00;619
11673;42;5896446;11673;479;13078;13693;4.50;0.28;397.74;24.61;1405;64;4693.00;615
11677;42;5896462;11677;485;13078;13693;4.48;0.27;397.68;24.61;1401;64;4694.00;615
11682;42;5896480;11682;499;13082;13699;4.44;0.27;397.84;24.61;1400;64;4695.00;617
11685;42;5896497;11685;492;13084;13699;4.43;0.27;397.89;24.63;1399;64;4696.00;615
11689;42;5896514;11689;491;13085;13699;4.47;0.27;397.92;24.63;1396;64;4697.00;614
11690;42;5896531;11690;488;13089;13702;4.52;0.28;397.93;24.65;1399;64;4698.00;613
11693;42;5896548;11693;488;13089;13702;4.54;0.28;398.01;24.65;1396;64;4699.00;613
11697;42;5896569;11697;489;13091;13702;4.55;0.28;398.14;24.67;1394;64;4700.00;611
11699;42;5896590;11699;495;13094;13703;4.53;0.28;398.18;24.69;1395;64;4701.00;609
11701;42;5896608;11701;499;13098;13704;4.50;0.27;398.20;24.84;1397;64;4702.00;606
11702;42;5896625;11702;500;13099;13704;4.49;0.27;398.19;24.85;1397;64;4703.00;605
11706;42;5896643;11706;503;13109;13717;4.43;0.27;398.26;24.84;1403;64;4704.00;608
11707;42;5896661;11707;507;13110;13717;4.45;0.27;398.29;24.84;1403;64;4705.00;607
11709;42;5896678;11709;501;13114;13717;4.44;0.27;398.29;25.18;1405;65;4706.00;603
11712;42;5896707;11712;518;13115;13718;4.45;0.27;398.33;25.19;1403;65;4707.00;603
11716;42;5896725;11716;521;13115;13718;4.43;0.27;398.40;25.19;1399;65;4708.00;603
11717;42;5896742;11717;526;13120;13722;4.42;0.27;398.41;25.21;1403;65;4709.00;602
11718;42;5896760;11718;520;13120;13722;4.39;0.27;398.41;25.21;1402;65;4710.00;602
11722;42;5896777;11722;524;13124;13726;4.32;0.26;398.50;25.22;1402;65;4711.00;602
11724;42;5896794;11724;519;13124;13726;4.28;0.26;398.49;25.22;1400;65;4712.00;602
11725;42;5896812;11725;523;13125;13726;4.29;0.26;398.61;25.23;1400;65;4713.00;601
11727;42;5896828;11727;525;13126;13726;4.30;0.26;398.59;25.37;1399;65;4714.00;600
11727;42;5896845;11727;522;13127;13726;4.30;0.26;398.59;25.38;1400;65;4715.00;599
11729;42;5896862;11729;526;13136;13738;4.32;0.26;398.64;25.38;1407;65;4716.00;602
11732;42;5896879;11732;528;13138;13738;4.34;0.27;398.76;25.38;1406;65;4717.00;600
11738;42;5896895;11738;524;13139;13738;4.32;0.26;398.83;25.39;1401;65;4718.00;599
11739;42;5896913;11739;530;13139;13738;4.34;0.26;398.88;25.39;1400;65;4719.00;599
11742;42;5896929;11742;523;13141;13738;4.38;0.27;398.96;25.41;1399;65;4720.00;597
11747;42;5896945;11747;521;13141;13738;4.36;0.27;398.93;25.41;1394;65;4721.00;597
11750;42;5896961;11750;516;13143;13739;4.36;0.27;399.03;25.43;1393;65;4722.00;596
11754;42;5896978;11754;510;13143;13739;4.33;0.26;399.03;25.43;1389;65;4723.00;596
11760;42;5896995;11760;516;13147;13745;4.30;0.26;398.99;25.42;1387;65;4724.00;598
11765;42;5897013;11765;517;13148;13747;4.29;0.26;399.06;25.42;1383;65;4725.00;599
11769;42;5897030;11769;516;13149;13747;4.25;0.26;399.15;25.43;1380;65;4726.00;598
11775;42;5897046;11775;515;13150;13747;4.16;0.25;399.27;25.44;1375;65;4727.00;597
11781;42;5897061;11781;518;13154;13751;4.09;0.25;399.34;25.57;1373;65;4728.00;597
11785;42;5897087;11785;533;13155;13751;4.03;0.25;399.42;25.58;1370;65;4729.00;596
11788;42;5897102;11788;535;13155;13751;4.01;0.24;399.36;25.58;1367;65;4730.00;596
11790;42;5897117;11790;548;13158;13752;4.00;0.24;399.31;25.60;1368;65;4731.00;594
11791;42;5897133;11791;556;13161;13756;3.99;0.24;399.36;25.59;1370;65;4732.00;595
11793;42;5897149;11793;561;13161;13756;3.96;0.24;399.40;25.59;1368;65;4733.00;595
11796;42;5897164;11796;566;13163;13759;3.92;0.24;399.39;25.60;1367;65;4734.00;596
11796;42;5897179;11796;572;13163;13759;3.89;0.24;399.39;25.60;1367;65;4735.00;596
11798;42;5897194;11798;571;13163;13759;3.85;0.23;399.40;25.60;1365;65;4736.00;596
11801;42;5897210;11801;571;13164;13759;3.80;0.23;399.42;25.61;1363;65;4737.00;595
11805;42;5897230;11805;574;13168;13763;3.81;0.23;399.43;25.61;1363;65;4738.00;595
11807;42;5897246;11807;572;13169;13763;3.78;0.23;399.40;25.62;1362;65;4739.00;594
11807;42;5897268;11807;572;13169;13763;3.74;0.23;399.40;25.62;1362;65;4740.00;594
11809;42;5897283;11809;571;13169;13763;3.71;0.23;399.40;25.62;1360;65;4741.00;594
11809;42;5897297;11809;574;13171;13764;3.70;0.23;399.40;25.63;1362;65;4742.00;593
11810;42;5897312;11810;578;13171;13765;3.65;0.22;399.45;25.63;1361;65;4743.00;594
11812;42;5897327;11812;582;13171;13765;3.62;0.22;399.43;25.63;1359;65;4744.00;594
11813;42;5897342;11813;592;13174;13766;3.59;0.22;399.42;25.65;1361;65;4745.00;592
11813;42;5897366;11813;592;13174;13766;3.60;0.22;399.42;25.65;1361;65;4746.00;592
11816;42;5897399;11816;589;13174;13766;3.57;0.22;399.49;25.65;1358;65;4747.00;592
11816;42;5897429;11816;592;13174;13766;3.57;0.22;399.49;25.65;1358;65;4748.00;592
11818;42;5897459;11818;601;13174;13766;3.55;0.22;399.44;25.65;1356;65;4749.00;592
11820;42;5897482;11820;608;13174;13766;3.55;0.22;399.39;25.65;1354;65;4750.00;592
11823;42;5897506;11823;607;13174;13766;3.55;0.22;399.42;25.65;1351;65;4751.00;592
11823;42;5897525;11823;635;13236;13893;3.88;0.24;399.42;25.53;1413;65;4752.00;657
11825;42;5897558;11825;626;13240;13894;3.88;0.24;399.44;25.52;1415;65;4753.00;654
11827;42;5897578;11827;631;13247;13894;3.92;0.25;399.41;25.51;1420;65;4754.00;647
11828;42;5897594;11828;632;13248;13894;3.93;0.25;399.41;25.51;1420;65;4755.00;646
11829;42;5897615;11829;631;13252;13894;3.95;0.25;399.49;25.50;1423;65;4756.00;642
11831;42;5897630;11831;630;13253;13894;3.94;0.25;399.46;25.50;1422;65;4757.00;641
11832;42;5897646;11832;638;13255;13894;3.90;0.24;399.45;25.50;1423;65;4758.00;639
11833;42;5897661;11833;635;13256;13894;3.88;0.24;399.45;25.50;1423;65;4759.00;638
11835;42;5897676;11835;639;13256;13895;3.90;0.24;399.47;25.50;1421;65;4760.00;639
11839;42;5897692;11839;638;13258;13896;3.92;0.24;399.52;25.49;1419;65;4761.00;638
11840;42;5897709;11840;640;13258;13896;3.90;0.24;399.50;25.49;1418;65;4762.00;638
11841;42;5897725;11841;637;13259;13897;3.87;0.24;399.57;25.49;1418;65;4763.00;638
11843;42;5897741;11843;641;13260;13897;3.81;0.24;399.59;25.49;1417;65;4764.00;637
11844;42;5897757;11844;643;13261;13897;3.77;0.24;399.63;25.49;1417;65;4765.00;636
11846;42;5897772;11846;647;13262;13897;3.70;0.23;399.60;25.49;1416;65;4766.00;635
11851;42;5897787;11851;653;13266;13901;3.65;0.23;399.67;25.48;1415;65;4767.00;635
11852;42;5897804;11852;652;13267;13901;3.62;0.22;399.68;25.48;1415;65;4768.00;634
11853;42;5897819;11853;656;13268;13901;3.58;0.22;399.72;25.48;1415;65;4769.00;633
11856;42;5897835;11856;656;13271;13907;3.57;0.22;399.72;25.48;1415;65;4770.00;636
11858;42;5897850;11858;642;13273;13907;3.58;0.22;399.72;25.48;1415;65;4771.00;634
11859;42;5897865;11859;624;13274;13907;3.64;0.22;399.76;25.48;1415;65;4772.00;633
11861;42;5897882;11861;622;13279;13911;3.68;0.23;399.78;25.47;1418;66;4773.00;632
11862;42;5897909;11862;609;13279;13912;3.72;0.23;399.78;25.47;1417;66;4774.00;633
11864;42;5897925;11864;609;13280;13912;3.72;0.23;399.75;25.47;1416;66;4775.00;632
11867;42;5897941;11867;614;13282;13916;3.73;0.23;399.82;25.46;1415;66;4776.00;634
11868;42;5897956;11868;602;13283;13916;3.74;0.23;399.80;25.46;1415;66;4777.00;633
11871;42;5897977;11871;604;13283;13916;3.75;0.23;399.78;25.46;1412;66;4778.00;633
11873;42;5897993;11873;602;13284;13917;3.72;0.23;399.74;25.46;1411;66;4779.00;633
11876;42;5898014;11876;610;13285;13917;3.72;0.23;399.70;25.46;1409;66;4780.00;632
11879;42;5898029;11879;609;13289;13923;3.72;0.23;399.64;25.45;1410;66;4781.00;634
11882;42;5898048;11882;618;13289;13923;3.74;0.23;399.57;25.45;1407;66;4782.00;634
11882;42;5898066;11882;618;13289;13924;3.71;0.23;399.57;25.45;1407;66;4783.00;635
11885;42;5898081;11885;619;13289;13924;3.67;0.22;399.53;25.45;1404;66;4784.00;635
11887;42;5898097;11887;604;13289;13924;3.65;0.22;399.49;25.45;1402;66;4785.00;635
11888;42;5898120;11888;604;13289;13924;3.67;0.22;399.48;25.45;1401;66;4786.00;635
11891;42;5898135;11891;598;13289;13924;3.67;0.22;399.42;25.45;1398;66;4787.00;635
11894;42;5898149;11894;598;13298;13936;3.70;0.23;399.38;25.43;1404;67;4788.00;638
11894;42;5898175;11894;582;13298;13936;3.77;0.23;399.38;25.43;1404;67;4789.00;638
11896;42;5898191;11896;573;13298;13936;3.80;0.23;399.35;25.43;1402;67;4790.00;638
11898;42;5898207;11898;570;13298;13936;3.83;0.23;399.43;25.43;1400;67;4791.00;638
11903;42;5898222;11903;566;13298;13936;3.87;0.24;399.42;25.43;1395;67;4792.00;638
11905;42;5898237;11905;549;13298;13936;3.91;0.24;399.39;25.43;1393;67;4793.00;638
11908;42;5898252;11908;539;13301;13940;3.93;0.24;399.37;25.43;1393;67;4794.00;639
11912;42;5898268;11912;525;13301;13940;3.93;0.24;399.39;25.43;1389;67;4795.00;639
11913;42;5898285;11913;521;13304;13944;3.97;0.24;399.40;25.42;1391;67;4796.00;640
11917;42;5898300;11917;519;13304;13945;3.97;0.24;399.54;25.42;1387;67;4797.00;641
11919;42;5898314;11919;516;13304;13945;4.01;0.24;399.56;25.42;1385;67;4798.00;641
11922;42;5898330;11922;520;13304;13945;4.01;0.24;399.69;25.42;1382;67;4799.00;641
11925;42;5898356;11925;523;13322;13986;4.02;0.24;399.71;25.39;1397;67;4800.00;664
11929;42;5898381;11929;512;13323;13986;4.04;0.25;399.81;25.39;1394;67;4801.00;663
11931;42;5898398;11931;511;13326;13986;4.07;0.25;399.83;25.38;1395;67;4802.00;660
11935;42;5898413;11935;508;13327;13987;4.07;0.25;399.96;25.38;1392;67;4803.00;660
11937;42;5898430;11937;504;13327;13988;4.12;0.25;399.96;25.38;1390;67;4804.00;661
11941;42;5898447;11941;499;13329;13988;4.17;0.25;399.91;25.52;1388;67;4805.00;659
11942;42;5898466;11942;495;13331;13991;4.20;0.26;399.92;25.52;1389;67;4806.00;660
11945;42;5898482;11945;490;13331;13991;4.22;0.26;399.90;25.52;1386;67;4807.00;660
11947;42;5898499;11947;488;13332;13991;4.24;0.26;399.88;25.52;1385;67;4808.00;659
11950;42;5898517;11950;488;13333;13991;4.25;0.26;399.91;25.52;1383;67;4809.00;658
11953;42;5898534;11953;484;13336;13997;4.26;0.26;399.94;25.51;1383;67;4810.00;661
11955;42;5898551;11955;493;13337;13997;4.29;0.26;399.94;25.51;1382;67;4811.00;660
11957;43;5898567;11957;489;13337;13997;4.30;0.26;399.96;25.51;1380;68;4812.00;660
11963;43;5898596;11963;482;13337;13997;4.29;0.26;399.98;25.51;1374;68;4813.00;660
11966;43;5898617;11966;495;13341;14001;4.28;0.26;399.98;25.52;1375;68;4814.00;660
11969;43;5898640;11969;485;13342;14003;4.28;0.26;399.99;25.52;1373;68;4815.00;661
11970;43;5898657;11970;485;13344;14003;4.31;0.26;400.03;25.53;1374;68;4816.00;659
11973;43;5898674;11973;493;13344;14004;4.31;0.26;400.12;25.53;1371;68;4817.00;660
11980;43;5898691;11980;483;13344;14004;4.30;0.26;400.10;25.53;1364;68;4818.00;660
11983;43;5898710;11983;477;13344;14004;4.32;0.26;400.07;25.53;1361;68;4819.00;660
11986;43;5898728;11986;481;13344;14004;4.38;0.27;400.11;25.53;1358;68;4820.00;660
11988;43;5898743;11988;481;13346;14004;4.38;0.27;400.16;25.56;1358;68;4821.00;658
11989;43;5898759;11989;480;13346;14004;4.41;0.27;400.19;25.56;1357;68;4822.00;658
11995;43;5898775;11995;484;13347;14004;4.42;0.27;400.14;25.70;1352;68;4823.00;657
11998;43;5898792;11998;494;13386;14074;4.43;0.27;400.14;25.66;1388;68;4824.00;688
12001;43;5898815;12001;488;13386;14075;4.45;0.27;400.16;25.66;1385;68;4825.00;689
12002;43;5898831;12002;483;13389;14075;4.51;0.28;400.18;25.68;1387;68;4826.00;686
12004;43;5898847;12004;484;13389;14075;4.52;0.28;400.13;25.68;1385;68;4827.00;686
12007;43;5898862;12007;481;13392;14077;4.52;0.28;400.13;25.70;1385;68;4828.00;685
12010;43;5898879;12010;478;13393;14077;4.53;0.28;400.21;25.70;1383;68;4829.00;684
12012;43;5898896;12012;488;13395;14077;4.56;0.28;400.19;25.73;1383;68;4830.00;682
12014;43;5898913;12014;485;13395;14077;4.54;0.28;400.30;25.73;1381;68;4831.00;682
12020;43;5898928;12020;490;13396;14078;4.47;0.27;400.46;25.74;1376;68;4832.00;682
12022;43;5898945;12022;477;13397;14079;4.48;0.27;400.53;25.76;1375;68;4833.00;682
12026;43;5898962;12026;479;13399;14079;4.47;0.27;400.77;25.76;1373;68;4834.00;680
12031;43;5898978;12031;476;13403;14083;4.46;0.27;400.90;25.90;1372;68;4835.00;680
12031;43;5898994;12031;488;13408;14083;4.45;0.27;400.90;25.96;1377;68;4836.00;675
12035;43;5899010;12035;485;13408;14083;4.43;0.27;401.02;25.96;1373;68;4837.00;675
12038;43;5899026;12038;485;13408;14083;4.42;0.27;401.08;25.96;1370;68;4838.00;675
12039;43;5899041;12039;485;13413;14089;4.43;0.27;401.06;25.97;1374;68;4839.00;676
12040;43;5899058;12040;490;13415;14089;4.46;0.27;401.10;25.97;1375;68;4840.00;674
12043;43;5899072;12043;483;13417;14089;4.42;0.27;401.22;25.99;1374;68;4841.00;672
12046;43;5899089;12046;478;13418;14092;4.39;0.27;401.27;25.99;1372;68;4842.00;674
12048;43;5899105;12048;481;13418;14092;4.41;0.27;401.29;25.99;1370;68;4843.00;674
12049;43;5899121;12049;484;13420;14092;4.42;0.27;401.30;26.02;1371;68;4844.00;672
12050;43;5899136;12050;493;13425;14093;4.41;0.27;401.34;26.02;1375;68;4845.00;668
12051;43;5899155;12051;494;13426;14094;4.43;0.27;401.32;26.03;1375;68;4846.00;668
12052;43;5899173;12052;500;13428;14094;4.45;0.27;401.34;26.05;1376;68;4847.00;666
12054;43;5899192;12054;507;13436;14107;4.42;0.27;401.50;26.03;1382;68;4848.00;671
12058;43;5899213;12058;509;13437;14107;4.39;0.27;401.64;26.04;1379;68;4849.00;670
12060;43;5899230;12060;510;13438;14107;4.37;0.27;401.60;26.04;1378;68;4850.00;669
12063;43;5899246;12063;525;13439;14108;4.36;0.27;401.75;26.06;1376;68;4851.00;669
12068;43;5899262;12068;526;13442;14108;4.35;0.26;402.00;26.07;1374;68;4852.00;666
12071;43;5899278;12071;524;13446;14112;4.42;0.27;401.99;26.08;1375;68;4853.00;666
12073;43;5899295;12073;521;13447;14112;4.43;0.27;402.03;26.09;1374;68;4854.00;665
12076;43;5899312;12076;514;13451;14116;4.44;0.27;402.04;26.23;1375;68;4855.00;665
12079;43;5899330;12079;510;13455;14116;4.51;0.27;402.14;26.24;1376;68;4856.00;661
12083;43;5899348;12083;508;13456;14116;4.51;0.27;402.25;26.25;1373;68;4857.00;660
12084;43;5899371;12084;499;13458;14116;4.52;0.27;402.30;26.27;1374;68;4858.00;658
12086;43;5899397;12086;500;13460;14116;4.56;0.28;402.34;26.28;1374;68;4859.00;656
12089;43;5899425;12089;484;13484;14150;4.60;0.28;402.54;26.25;1395;68;4860.00;666
12089;43;5899450;12089;485;13486;14150;4.62;0.28;402.54;26.26;1397;68;4861.00;664
12091;43;5899474;12091;488;13490;14150;4.59;0.28;402.55;26.27;1399;68;4862.00;660
12094;43;5899496;12094;501;13491;14150;4.59;0.28;402.56;26.27;1397;68;4863.00;659
12098;43;5899514;12098;506;13495;14150;4.59;0.28;402.55;26.29;1397;68;4864.00;655
12100;43;5899533;12100;511;13496;14150;4.64;0.28;402.55;26.44;1396;68;4865.00;654
12103;43;5899551;12103;516;13500;14151;4.65;0.28;402.56;26.45;1397;68;4866.00;651
12107;43;5899568;12107;514;13501;14151;4.61;0.28;402.69;26.45;1394;68;4867.00;650
12109;43;5899588;12109;520;13506;14157;4.56;0.28;402.69;26.47;1397;68;4868.00;651
12110;43;5899605;12110;523;13507;14158;4.51;0.28;402.73;26.46;1397;68;4869.00;651
12113;43;5899620;12113;530;13509;14158;4.47;0.27;402.90;26.60;1396;68;4870.00;649
12116;43;5899636;12116;533;13510;14158;4.47;0.27;403.01;26.60;1394;68;4871.00;648
12118;43;5899652;12118;535;13512;14162;4.45;0.27;403.00;26.61;1394;68;4872.00;650
12119;43;5899668;12119;540;13516;14162;4.46;0.27;403.05;26.63;1397;68;4873.00;646
12120;43;5899683;12120;542;13516;14162;4.41;0.27;403.06;26.63;1396;68;4874.00;646
12120;43;5899699;12120;544;13519;14163;4.42;0.27;403.06;26.65;1399;68;4875.00;644
12121;43;5899717;12121;550;13523;14167;4.40;0.27;403.04;26.78;1402;68;4876.00;644
12124;43;5899732;12124;557;13523;14167;4.37;0.27;403.08;26.78;1399;68;4877.00;644
12129;43;5899747;12129;564;13526;14170;4.29;0.26;403.11;26.80;1397;68;4878.00;644
12134;43;5899763;12134;566;13526;14170;4.23;0.26;403.19;26.80;1392;68;4879.00;644
12136;43;5899778;12136;570;13527;14170;4.20;0.26;403.17;26.82;1391;68;4880.00;643
12137;43;5899793;12137;572;13528;14170;4.22;0.26;403.18;26.83;1391;68;4881.00;642
12138;43;5899807;12138;571;13532;14174;4.25;0.26;403.23;26.82;1394;68;4882.00;642
12141;43;5899822;12141;564;13532;14174;4.28;0.26;403.25;26.82;1391;68;4883.00;642
12143;43;5899837;12143;574;13534;14174;4.31;0.26;403.26;26.84;1391;68;4884.00;640
12145;43;5899852;12145;575;13534;14174;4.35;0.27;403.25;26.84;1389;68;4885.00;640
12149;43;5899866;12149;567;13536;14175;4.33;0.27;403.23;26.86;1387;68;4886.00;639
12151;43;5899885;12151;568;13536;14176;4.35;0.27;403.24;26.86;1385;68;4887.00;640
12154;43;5899899;12154;574;13536;14176;4.35;0.27;403.20;26.86;1382;68;4888.00;640
12157;43;5899914;12157;572;13537;14177;4.33;0.27;403.15;26.86;1380;68;4889.00;640
12159;43;5899930;12159;575;13537;14177;4.30;0.26;403.19;26.86;1378;68;4890.00;640
12160;43;5899945;12160;579;13537;14177;4.31;0.26;403.16;26.86;1377;68;4891.00;640
12163;43;5899959;12163;581;13537;14177;4.30;0.26;403.23;26.86;1374;68;4892.00;640
12168;43;5899974;12168;585;13537;14177;4.23;0.26;403.15;26.86;1369;68;4893.00;640
12171;43;5899988;12171;591;13537;14177;4.20;0.26;403.12;26.86;1366;68;4894.00;640
12175;43;5900002;12175;598;13537;14177;4.14;0.25;403.11;26.86;1362;68;4895.00;640
12176;43;5900017;12176;614;13597;14304;4.41;0.27;403.16;26.75;1421;68;4896.00;707
12179;43;5900039;12179;610;13600;14305;4.39;0.27;403.08;26.75;1421;68;4897.00;705
12179;43;5900056;12179;608;13606;14305;4.45;0.28;403.08;26.73;1427;68;4898.00;699
12182;43;5900070;12182;611;13608;14305;4.43;0.28;403.03;26.73;1426;68;4899.00;697
12183;43;5900085;12183;603;13615;14305;4.41;0.27;403.06;26.72;1432;68;4900.00;690
12188;43;5900103;12188;602;13617;14305;4.37;0.27;402.95;26.72;1429;68;4901.00;688
12190;43;5900119;12190;599;13621;14305;4.38;0.27;402.98;26.71;1431;68;4902.00;684
12192;43;5900134;12192;602;13624;14305;4.38;0.27;402.98;26.72;1432;68;4903.00;681
12195;43;5900149;12195;607;13627;14306;4.39;0.27;403.03;26.71;1432;68;4904.00;679
12197;43;5900164;12197;607;13629;14308;4.39;0.27;403.08;26.71;1432;68;4905.00;679
12198;43;5900179;12198;606;13632;14308;4.40;0.27;403.11;26.71;1434;68;4906.00;676
12199;43;5900194;12199;609;13633;14309;4.37;0.27;403.07;26.70;1434;68;4907.00;676
12200;43;5900209;12200;613;13634;14309;4.30;0.27;403.06;26.70;1434;68;4908.00;675
12201;43;5900224;12201;624;13636;14309;4.22;0.26;403.12;26.70;1435;68;4909.00;673
12203;43;5900239;12203;627;13636;14309;4.13;0.26;403.21;26.70;1433;68;4910.00;673
12206;43;5900255;12206;639;13639;14313;4.04;0.25;403.14;26.70;1433;68;4911.00;674
12208;43;5900271;12208;645;13640;14313;3.98;0.25;403.12;26.69;1432;68;4912.00;673
12208;43;5900286;12208;660;13640;14313;3.91;0.24;403.12;26.69;1432;68;4913.00;673
12210;43;5900301;12210;663;13641;14316;3.83;0.24;403.14;26.69;1431;68;4914.00;675
12212;43;5900315;12212;675;13641;14316;3.77;0.23;403.20;26.69;1429;68;4915.00;675
12213;43;5900331;12213;684;13641;14316;3.71;0.23;403.19;26.69;1428;68;4916.00;675
12216;43;5900355;12216;694;13644;14320;3.67;0.23;403.19;26.69;1428;68;4917.00;676
12219;43;5900372;12219;690;13645;14321;3.66;0.23;403.28;26.68;1426;68;4918.00;676
12220;43;5900391;12220;680;13645;14321;3.68;0.23;403.25;26.68;1425;68;4919.00;676
12220;43;5900409;12220;669;13649;14326;3.69;0.23;403.25;26.68;1429;68;4920.00;677
12220;43;5900426;12220;671;13649;14326;3.72;0.23;403.25;26.68;1429;68;4921.00;677
12223;43;5900441;12223;656;13649;14326;3.75;0.23;403.24;26.68;1426;68;4922.00;677
12223;43;5900456;12223;662;13649;14327;3.83;0.24;403.24;26.68;1426;68;4923.00;678
12226;43;5900473;12226;665;13649;14327;3.86;0.24;403.18;26.68;1423;68;4924.00;678
12227;43;5900495;12227;667;13653;14333;3.93;0.24;403.20;26.67;1426;68;4925.00;680
12230;43;5900524;12230;662;13653;14333;3.95;0.24;403.21;26.67;1423;68;4926.00;680
12230;43;5900542;12230;660;13653;14334;3.98;0.24;403.21;26.67;1423;68;4927.00;681
12233;43;5900564;12233;661;13653;14334;3.96;0.24;403.14;26.67;1420;68;4928.00;681
12235;43;5900581;12235;662;13653;14334;3.96;0.24;403.08;26.67;1418;68;4929.00;681
12236;43;5900597;12236;665;13653;14334;3.96;0.24;403.06;26.67;1417;68;4930.00;681
12237;43;5900615;12237;660;13653;14334;3.95;0.24;403.03;26.67;1416;68;4931.00;681
12238;43;5900632;12238;670;13662;14346;3.96;0.24;403.03;26.65;1424;68;4932.00;684
12239;43;5900650;12239;669;13662;14346;3.96;0.24;403.01;26.65;1423;68;4933.00;684
12241;43;5900671;12241;668;13662;14346;3.95;0.24;403.01;26.65;1421;68;4934.00;684
12242;43;5900686;12242;668;13662;14346;3.91;0.24;403.00;26.65;1420;68;4935.00;684
12244;43;5900701;12244;662;13662;14346;3.87;0.24;402.98;26.65;1418;68;4936.00;684
12246;43;5900716;12246;660;13662;14346;3.91;0.24;402.93;26.65;1416;68;4937.00;684
12247;43;5900731;12247;659;13665;14350;3.91;0.24;402.93;26.65;1418;68;4938.00;685
12249;43;5900746;12249;662;13665;14350;3.91;0.24;402.88;26.65;1416;68;4939.00;685
12251;43;5900765;12251;658;13668;14354;3.92;0.24;402.83;26.64;1417;68;4940.00;686
12251;43;5900779;12251;663;13668;14355;3.90;0.24;402.83;26.64;1417;68;4941.00;687
12256;43;5900793;12256;669;13668;14355;3.83;0.23;402.94;26.64;1412;68;4942.00;687
12260;43;5900807;12260;668;13668;14355;3.76;0.23;403.00;26.64;1408;68;4943.00;687
12263;43;5900822;12263;669;13678;14368;3.76;0.23;403.08;26.62;1415;68;4944.00;690
12264;43;5900837;12264;666;13678;14368;3.77;0.23;403.06;26.62;1414;68;4945.00;690
12266;43;5900851;12266;665;13678;14368;3.84;0.23;403.10;26.62;1412;68;4946.00;690
12271;43;5900865;12271;666;13679;14369;3.83;0.23;403.07;26.62;1408;68;4947.00;690
12273;43;5900880;12273;651;13679;14370;3.85;0.23;403.15;26.62;1406;68;4948.00;691
12274;43;5900894;12274;653;13679;14370;3.89;0.24;403.17;26.62;1405;68;4949.00;691
12276;43;5900910;12276;634;13683;14379;3.91;0.24;403.16;26.61;1407;68;4950.00;696
12279;43;5900926;12279;630;13683;14379;3.91;0.24;403.19;26.61;1404;68;4951.00;696
12283;43;5900942;12283;614;13684;14379;3.91;0.24;403.21;26.61;1401;68;4952.00;695
12284;43;5900958;12284;614;13684;14379;3.94;0.24;403.20;26.61;1400;68;4953.00;695
12286;43;5900973;12286;612;13687;14385;3.99;0.24;403.19;26.60;1401;68;4954.00;698
12290;43;5900989;12290;599;13688;14385;4.01;0.24;403.33;26.60;1398;68;4955.00;697
12292;43;5901006;12292;593;13688;14385;4.04;0.25;403.30;26.60;1396;68;4956.00;697
12295;43;5901021;12295;578;13688;14385;4.07;0.25;403.37;26.60;1393;68;4957.00;697
12298;43;5901036;12298;575;13691;14389;4.13;0.25;403.32;26.60;1393;68;4958.00;698
12303;43;5901052;12303;570;13691;14390;4.16;0.25;403.50;26.60;1388;68;4959.00;699
12306;43;5901069;12306;569;13691;14390;4.22;0.26;403.50;26.60;1385;68;4960.00;699
12309;43;5901085;12309;561;13691;14391;4.26;0.26;403.62;26.60;1382;68;4961.00;700
12314;43;5901101;12314;557;13691;14391;4.26;0.26;403.64;26.60;1377;68;4962.00;700
12315;43;5901118;12315;556;13691;14391;4.31;0.26;403.77;26.60;1376;68;4963.00;700
12318;43;5901133;12318;553;13691;14391;4.34;0.26;403.74;26.60;1373;68;4964.00;700
12322;43;5901149;12322;546;13691;14391;4.37;0.26;403.84;26.60;1369;68;4965.00;700
12325;43;5901165;12325;541;13691;14391;4.43;0.27;403.96;26.60;1366;68;4966.00;700
12329;43;5901182;12329;529;13691;14391;4.49;0.27;404.00;26.60;1362;68;4967.00;700
12333;43;5901198;12333;538;13724;14461;4.63;0.28;404.02;26.53;1391;68;4968.00;737
12335;43;5901219;12335;524;13726;14462;4.72;0.29;404.12;26.53;1391;68;4969.00;736
12341;43;5901235;12341;522;13729;14462;4.73;0.29;404.17;26.52;1388;68;4970.00;733
12342;43;5901251;12342;518;13729;14462;4.78;0.29;404.19;26.52;1387;68;4971.00;733
12343;43;5901266;12343;511;13730;14462;4.77;0.29;404.17;26.52;1387;68;4972.00;732
12346;43;5901282;12346;506;13730;14462;4.76;0.29;404.26;26.52;1384;68;4973.00;732
12348;43;5901298;12348;500;13730;14462;4.79;0.29;404.29;26.52;1382;68;4974.00;732
12349;43;5901314;12349;501;13730;14462;4.84;0.29;404.30;26.52;1381;68;4975.00;732
12353;43;5901331;12353;489;13730;14463;4.83;0.29;404.38;26.52;1377;68;4976.00;733
12358;43;5901354;12358;487;13730;14464;4.79;0.29;404.47;26.52;1372;68;4977.00;734
12361;43;5901371;12361;483;13730;14464;4.77;0.29;404.51;26.52;1369;68;4978.00;734
12364;43;5901387;12364;479;13734;14468;4.75;0.29;404.59;26.66;1370;68;4979.00;734
12368;43;5901408;12368;485;13734;14468;4.72;0.29;404.74;26.66;1366;68;4980.00;734
12370;43;5901424;12370;483;13734;14468;4.72;0.29;404.78;26.66;1364;68;4981.00;734
12376;43;5901441;12376;486;13735;14468;4.69;0.29;405.05;26.67;1359;68;4982.00;733
12380;43;5901457;12380;492;13738;14474;4.70;0.29;405.13;26.67;1358;68;4983.00;736
12385;43;5901474;12385;492;13739;14474;4.73;0.29;405.24;26.67;1354;68;4984.00;735
12390;43;5901490;12390;489;13740;14474;4.75;0.29;405.39;26.67;1350;68;4985.00;734
12395;43;5901506;12395;487;13740;14477;4.78;0.29;405.46;26.67;1345;68;4986.00;737
12400;43;5901524;12400;491;13740;14477;4.80;0.29;405.61;26.67;1340;68;4987.00;737
12405;43;5901546;12405;490;13742;14477;4.81;0.29;405.67;26.69;1337;68;4988.00;735
12410;43;5901563;12410;487;13742;14478;4.81;0.29;405.80;26.69;1332;68;4989.00;736
12414;43;5901578;12414;488;13743;14479;4.79;0.29;405.76;26.70;1329;68;4990.00;736
12418;43;5901594;12418;495;13744;14479;4.78;0.29;405.79;26.70;1326;68;4991.00;735
12421;43;5901609;12421;488;13752;14492;4.74;0.29;405.73;26.68;1331;68;4992.00;740
12421;43;5901627;12421;486;13756;14492;4.72;0.29;405.73;26.70;1335;68;4993.00;736
12425;43;5901641;12425;495;13758;14492;4.65;0.28;405.76;26.86;1333;68;4994.00;734
12427;43;5901656;12427;487;13760;14494;4.62;0.28;405.77;26.85;1333;68;4995.00;734
12429;43;5901672;12429;495;13760;14494;4.59;0.28;405.72;26.85;1331;68;4996.00;734
12431;43;5901687;12431;487;13765;14498;4.59;0.28;405.83;26.88;1334;68;4997.00;733
12434;43;5901704;12434;481;13766;14498;4.54;0.28;405.91;26.90;1332;68;4998.00;732
12435;43;5901727;12435;469;13772;14502;4.59;0.28;405.89;26.93;1337;68;4999.00;730
12436;43;5901744;12436;475;13773;14502;4.62;0.28;405.87;26.93;1337;68;5000.00;729
12440;43;5901766;12440;470;13774;14502;4.61;0.28;405.86;26.94;1334;68;5001.00;728
12442;43;5901783;12442;469;13778;14502;4.63;0.28;405.93;26.96;1336;68;5002.00;724
12442;43;5901800;12442;473;13779;14502;4.63;0.28;405.93;26.98;1337;68;5003.00;723
12446;43;5901817;12446;482;13787;14514;4.58;0.28;406.07;27.00;1341;68;5004.00;727
12448;43;5901840;12448;484;13788;14514;4.53;0.27;406.05;27.14;1340;68;5005.00;726
12450;43;5901863;12450;488;13790;14514;4.56;0.28;406.08;27.16;1340;68;5006.00;724
12450;43;5901888;12450;484;13792;14514;4.58;0.28;406.08;27.17;1342;69;5007.00;722
12451;43;5901918;12451;486;13794;14514;4.64;0.28;406.09;27.19;1343;69;5008.00;720
12453;43;5901941;12453;486;13797;14514;4.66;0.28;406.18;27.22;1344;69;5009.00;717
12455;43;5901962;12455;494;13799;14515;4.72;0.29;406.26;27.23;1344;69;5010.00;716
12455;43;5901988;12455;489;13799;14515;4.77;0.29;406.26;27.23;1344;69;5011.00;716
12456;43;5902011;12456;496;13805;14521;4.81;0.29;406.29;27.25;1349;69;5012.00;716
12461;43;5902039;12461;498;13809;14522;4.83;0.29;406.51;27.29;1348;69;5013.00;713
12463;43;5902057;12463;503;13810;14522;4.81;0.29;406.53;27.29;1347;69;5014.00;712
12465;43;5902074;12465;496;13813;14522;4.78;0.29;406.51;27.32;1348;69;5015.00;709
12467;43;5902091;12467;510;13815;14526;4.75;0.29;406.55;27.33;1348;69;5016.00;711
12468;43;5902108;12468;506;13816;14526;4.74;0.29;406.54;27.35;1348;69;5017.00;710
12472;43;5902125;12472;501;13821;14526;4.71;0.29;406.67;27.38;1349;69;5018.00;705
12472;43;5902142;12472;495;13823;14527;4.74;0.29;406.67;27.38;1351;69;5019.00;704
12475;43;5902158;12475;494;13828;14531;4.74;0.29;406.69;27.40;1353;69;5020.00;703
12475;43;5902177;12475;485;13829;14531;4.78;0.29;406.69;27.40;1354;69;5021.00;702
12476;43;5902194;12476;483;13832;14534;4.81;0.29;406.69;27.43;1356;69;5022.00;702
12477;43;5902210;12477;484;13833;14534;4.82;0.29;406.81;27.43;1356;69;5023.00;701
12481;43;5902227;12481;481;13835;14534;4.82;0.29;406.83;27.45;1354;69;5024.00;699
12482;43;5902243;12482;491;13837;14534;4.79;0.29;406.85;27.47;1355;69;5025.00;697
12485;43;5902259;12485;489;13840;14538;4.79;0.29;406.83;27.46;1355;70;5026.00;698
12486;43;5902286;12486;493;13840;14538;4.78;0.29;406.94;27.46;1354;70;5027.00;698
12489;43;5902301;12489;489;13841;14538;4.75;0.29;407.02;27.47;1352;70;5028.00;697
12491;43;5902317;12491;491;13842;14538;4.72;0.29;407.02;27.49;1351;70;5029.00;696
12493;43;5902334;12493;497;13844;14539;4.69;0.29;407.00;27.52;1351;70;5030.00;695
12494;43;5902350;12494;497;13844;14540;4.66;0.28;406.99;27.52;1350;70;5031.00;696
12497;43;5902365;12497;501;13846;14540;4.61;0.28;407.07;27.54;1349;70;5032.00;694
12501;43;5902381;12501;500;13847;14541;4.57;0.28;407.14;27.54;1346;70;5033.00;694
12506;43;5902396;12506;506;13849;14541;4.53;0.28;407.28;27.57;1343;70;5034.00;692
12509;43;5902412;12509;508;13850;14541;4.43;0.27;407.37;27.58;1341;70;5035.00;691
12511;43;5902427;12511;514;13853;14541;4.41;0.27;407.34;27.85;1342;71;5036.00;688
12514;43;5902454;12514;519;13854;14541;4.39;0.27;407.37;27.86;1340;71;5037.00;687
12517;43;5902469;12517;531;13856;14541;4.38;0.27;407.42;27.88;1339;71;5038.00;685
12519;43;5902484;12519;541;13857;14541;4.39;0.27;407.39;27.90;1338;71;5039.00;684
12522;43;5902501;12522;615;13979;14771;4.55;0.29;407.42;27.67;1457;71;5040.00;792
12526;43;5902535;12526;595;13980;14772;4.52;0.28;407.39;27.68;1454;71;5041.00;792
12530;43;5902551;12530;585;13987;14772;4.54;0.28;407.43;27.68;1457;71;5042.00;785
12534;43;5902568;12534;576;13991;14772;4.56;0.28;407.53;27.69;1457;71;5043.00;781
12535;43;5902585;12535;569;13997;14772;4.60;0.29;407.52;27.71;1462;71;5044.00;775
12540;43;5902601;12540;559;14000;14772;4.60;0.29;407.56;27.70;1460;71;5045.00;772
12542;43;5902617;12542;541;14004;14772;4.68;0.29;407.68;27.71;1462;71;5046.00;768
12544;43;5902636;12544;540;14008;14772;4.76;0.30;407.67;27.70;1464;71;5047.00;764
12548;43;5902652;12548;535;14015;14773;4.84;0.30;407.74;27.73;1467;71;5048.00;758
12550;43;5902669;12550;535;14021;14774;4.90;0.30;407.75;27.74;1471;71;5049.00;753
12553;43;5902684;12553;545;14024;14774;4.91;0.30;407.77;27.74;1471;71;5050.00;750
12554;43;5902701;12554;545;14027;14775;4.90;0.30;407.75;27.75;1473;71;5051.00;748
12554;43;5902717;12554;546;14031;14775;4.90;0.30;407.75;27.76;1477;71;5052.00;744
12558;43;5902733;12558;549;14032;14775;4.81;0.30;407.72;27.76;1474;71;5053.00;743
12559;43;5902749;12559;552;14035;14775;4.78;0.30;407.75;27.77;1476;72;5054.00;740
12567;43;5902774;12567;559;14040;14779;4.69;0.29;407.77;28.03;1473;72;5055.00;739
12569;43;5902801;12569;561;14043;14779;4.61;0.28;407.73;28.04;1474;72;5056.00;736
12572;43;5902824;12572;571;14044;14779;4.54;0.28;407.75;28.04;1472;72;5057.00;735
12578;43;5902842;12578;575;14047;14782;4.45;0.27;407.76;28.19;1469;72;5058.00;735
12581;43;5902864;12581;580;14048;14782;4.37;0.27;407.79;28.20;1467;72;5059.00;734
12582;43;5902879;12582;583;14049;14782;4.34;0.27;407.80;28.21;1467;72;5060.00;733
12582;43;5902896;12582;599;14053;14786;4.35;0.27;407.80;28.22;1471;72;5061.00;733
12586;43;5902913;12586;609;14056;14787;4.31;0.27;407.85;28.22;1470;72;5062.00;731
12588;43;5902931;12588;619;14057;14787;4.28;0.26;407.89;28.23;1469;72;5063.00;730
12591;43;5902947;12591;629;14060;14791;4.21;0.26;407.88;28.24;1469;72;5064.00;731
12595;43;5902966;12595;637;14061;14791;4.14;0.26;407.86;28.24;1466;72;5065.00;730
12597;43;5902984;12597;639;14064;14791;4.15;0.25;408.04;28.25;1467;72;5066.00;727
12597;43;5903000;12597;630;14064;14792;4.13;0.25;408.04;28.25;1467;72;5067.00;728
12598;43;5903017;12598;627;14066;14792;4.16;0.26;408.05;28.26;1468;72;5068.00;726
12599;43;5903033;12599;633;14072;14798;4.19;0.26;408.08;28.26;1473;72;5069.00;726
12600;43;5903052;12600;639;14074;14798;4.18;0.26;408.07;28.27;1474;72;5070.00;724
12603;43;5903069;12603;646;14075;14799;4.16;0.26;408.08;28.27;1472;72;5071.00;724
12604;43;5903090;12604;651;14078;14799;4.18;0.26;408.05;28.29;1474;72;5072.00;721
12608;43;5903105;12608;652;14078;14799;4.19;0.26;408.08;28.29;1470;72;5073.00;721
12608;43;5903121;12608;660;14079;14799;4.19;0.26;408.08;28.29;1471;72;5074.00;720
12609;43;5903137;12609;659;14079;14799;4.21;0.26;408.05;28.29;1470;72;5075.00;720
12609;43;5903156;12609;658;14090;14811;4.24;0.26;408.05;28.29;1481;72;5076.00;721
12614;43;5903176;12614;654;14092;14811;4.22;0.26;407.97;28.30;1478;72;5077.00;719
12614;43;5903196;12614;649;14092;14811;4.22;0.26;407.97;28.30;1478;72;5078.00;719
12618;43;5903217;12618;652;14095;14811;4.19;0.26;407.95;28.44;1477;72;5079.00;716
12619;43;5903247;12619;666;14096;14811;4.18;0.26;407.93;28.57;1477;72;5080.00;715
12622;43;5903264;12622;673;14097;14811;4.16;0.26;407.87;28.57;1475;72;5081.00;714
12624;43;5903280;12624;679;14100;14815;4.15;0.26;407.84;28.56;1476;72;5082.00;715
12627;43;5903296;12627;680;14100;14815;4.14;0.25;407.88;28.56;1473;72;5083.00;715
12630;43;5903313;12630;679;14105;14819;4.14;0.25;407.91;28.56;1475;72;5084.00;714
12634;43;5903330;12634;681;14109;14821;4.10;0.25;408.06;28.81;1475;72;5085.00;712
12635;43;5903357;12635;687;14109;14821;4.07;0.25;408.13;28.81;1474;72;5086.00;712
12637;43;5903380;12637;688;14109;14821;4.05;0.25;408.19;28.81;1472;72;5087.00;712
12637;43;5903402;12637;695;14118;14834;4.03;0.25;408.19;28.79;1481;72;5088.00;716
12640;43;5903428;12640;692;14119;14834;4.02;0.25;408.24;28.79;1479;72;5089.00;715
12644;43;5903447;12644;697;14119;14834;4.03;0.24;408.25;28.79;1475;72;5090.00;715
12644;43;5903473;12644;695;14120;14835;4.03;0.24;408.25;28.79;1476;72;5091.00;715
12647;43;5903494;12647;690;14120;14836;4.00;0.24;408.35;28.79;1473;72;5092.00;716
12649;43;5903513;12649;697;14120;14836;3.99;0.24;408.44;28.79;1471;72;5093.00;716
12649;43;5903530;12649;703;14121;14839;4.01;0.24;408.44;28.78;1472;72;5094.00;718
12650;43;5903546;12650;702;14121;14839;4.00;0.24;408.45;28.78;1471;72;5095.00;718
12654;43;5903562;12654;706;14121;14839;3.99;0.24;408.43;28.78;1467;72;5096.00;718
12657;43;5903579;12657;703;14121;14839;3.97;0.24;408.39;28.78;1464;72;5097.00;718
12659;43;5903594;12659;710;14125;14845;3.97;0.24;408.35;28.78;1466;72;5098.00;720
12662;43;5903609;12662;705;14125;14845;3.94;0.24;408.48;28.78;1463;72;5099.00;720
12664;43;5903627;12664;702;14130;14864;3.92;0.24;408.55;28.77;1466;72;5100.00;734
12664;43;5903649;12664;697;14130;14864;3.93;0.24;408.55;28.77;1466;72;5101.00;734
12669;43;5903664;12669;690;14133;14868;3.92;0.24;408.64;28.76;1464;72;5102.00;735
12670;43;5903681;12670;691;14133;14869;3.96;0.24;408.62;28.76;1463;72;5103.00;736
12673;43;5903697;12673;687;14133;14869;3.99;0.24;408.61;28.76;1460;72;5104.00;736
12675;43;5903713;12675;684;14134;14870;4.01;0.24;408.65;28.76;1459;72;5105.00;736
12678;43;5903728;12678;686;14137;14870;4.03;0.25;408.83;28.75;1459;72;5106.00;733
12684;43;5903742;12684;679;14137;14870;4.05;0.25;408.84;28.75;1453;72;5107.00;733
12686;43;5903759;12686;683;14137;14870;4.09;0.25;408.82;28.75;1451;72;5108.00;733
12691;43;5903775;12691;678;14137;14870;4.11;0.25;408.91;28.75;1446;72;5109.00;733
12693;43;5903792;12693;679;14137;14870;4.14;0.25;408.93;28.75;1444;72;5110.00;733
12695;43;5903809;12695;679;14137;14870;4.17;0.25;408.95;28.75;1442;72;5111.00;733
12698;43;5903825;12698;696;14175;14940;4.20;0.26;409.05;28.68;1477;72;5112.00;765
12701;43;5903848;12701;690;14177;14941;4.19;0.26;409.16;28.67;1476;72;5113.00;764
12703;43;5903871;12703;688;14180;14941;4.20;0.26;409.16;28.67;1477;72;5114.00;761
12705;43;5903887;12705;673;14180;14941;4.18;0.26;409.21;28.67;1475;72;5115.00;761
12708;43;5903905;12708;668;14180;14941;4.21;0.26;409.18;28.67;1472;72;5116.00;761
12712;43;5903921;12712;661;14180;14941;4.25;0.26;409.31;28.67;1468;72;5117.00;761
12714;43;5903940;12714;663;14181;14941;4.26;0.26;409.36;28.67;1467;72;5118.00;760
12717;43;5903957;12717;657;14181;14941;4.23;0.26;409.53;28.67;1464;72;5119.00;760
12720;43;5903973;12720;655;14181;14942;4.22;0.26;409.53;28.67;1461;72;5120.00;761
12724;43;5903989;12724;652;14181;14943;4.24;0.26;409.55;28.67;1457;72;5121.00;762
12725;43;5904005;12725;643;14181;14943;4.25;0.26;409.54;28.67;1456;72;5122.00;762
12729;43;5904022;12729;645;14184;14947;4.24;0.26;409.61;28.66;1455;72;5123.00;763
12733;43;5904038;12733;653;14185;14947;4.28;0.26;409.67;28.66;1452;72;5124.00;762
12735;43;5904054;12735;648;14186;14947;4.31;0.26;409.65;28.66;1451;72;5125.00;761
12740;43;5904070;12740;644;14187;14947;4.26;0.26;409.78;28.66;1447;72;5126.00;760
12743;43;5904091;12743;638;14189;14953;4.28;0.26;409.97;28.66;1446;72;5127.00;764
12748;43;5904113;12748;634;14189;14953;4.26;0.26;410.08;28.66;1441;72;5128.00;764
12754;43;5904128;12754;627;14190;14953;4.23;0.26;410.15;28.66;1436;72;5129.00;763
12755;43;5904146;12755;618;14192;14959;4.27;0.26;410.22;28.65;1437;72;5130.00;767
12759;43;5904163;12759;615;14193;14959;4.28;0.26;410.19;28.65;1434;72;5131.00;766
12762;43;5904178;12762;617;14194;14959;4.26;0.26;410.24;28.65;1432;72;5132.00;765
12764;43;5904195;12764;611;14196;14960;4.28;0.26;410.30;28.65;1432;72;5133.00;764
12766;43;5904210;12766;605;14196;14961;4.33;0.26;410.32;28.65;1430;72;5134.00;765
12770;43;5904228;12770;604;14199;14961;4.35;0.26;410.33;28.65;1429;72;5135.00;762
12773;43;5904243;12773;599;14207;14974;4.37;0.27;410.31;28.64;1434;72;5136.00;767
12776;43;5904260;12776;592;14208;14974;4.42;0.27;410.34;28.64;1432;72;5137.00;766
12782;43;5904277;12782;587;14210;14974;4.46;0.27;410.49;28.63;1428;72;5138.00;764
12785;43;5904293;12785;581;14211;14975;4.47;0.27;410.52;28.63;1426;72;5139.00;764
12788;43;5904310;12788;591;14212;14975;4.46;0.27;410.60;28.78;1424;72;5140.00;763
12793;43;5904333;12793;584;14215;14979;4.38;0.27;410.66;28.77;1422;72;5141.00;764
12797;43;5904350;12797;588;14215;14979;4.32;0.26;410.66;28.77;1418;72;5142.00;764
12801;43;5904368;12801;595;14221;14983;4.29;0.26;410.71;28.77;1420;72;5143.00;762
12804;43;5904386;12804;595;14223;14983;4.26;0.26;410.81;28.77;1419;72;5144.00;760
12808;43;5904402;12808;611;14224;14983;4.22;0.26;410.75;28.77;1416;72;5145.00;759
12811;43;5904423;12811;611;14225;14983;4.23;0.26;410.74;28.78;1414;72;5146.00;758
12814;43;5904441;12814;615;14226;14983;4.22;0.26;410.72;28.78;1412;72;5147.00;757
12819;43;5904457;12819;609;14232;14995;4.27;0.26;410.81;28.77;1413;72;5148.00;763
12823;43;5904475;12823;611;14235;14995;4.27;0.26;410.84;28.77;1412;72;5149.00;760
12825;43;5904491;12825;605;14236;14995;4.30;0.26;411.04;28.77;1411;72;5150.00;759
12828;43;5904507;12828;608;14238;14995;4.28;0.26;411.04;28.78;1410;72;5151.00;757
12831;43;5904524;12831;607;14240;14995;4.27;0.26;411.02;28.78;1409;72;5152.00;755
12837;43;5904540;12837;624;14241;14995;4.25;0.26;411.12;28.78;1404;72;5153.00;754
12837;43;5904556;12837;620;14241;14996;4.28;0.26;411.12;28.78;1404;72;5154.00;755
12839;43;5904572;12839;625;14244;14998;4.28;0.26;411.21;28.79;1405;72;5155.00;754
12840;43;5904588;12840;624;14249;15004;4.28;0.26;411.20;28.80;1409;72;5156.00;755
12845;43;5904603;12845;623;14250;15005;4.23;0.26;411.16;28.82;1405;72;5157.00;755
12847;43;5904619;12847;622;14253;15005;4.19;0.26;411.34;28.83;1406;72;5158.00;752
12848;43;5904634;12848;630;14254;15005;4.15;0.25;411.42;28.84;1406;72;5159.00;751
12853;43;5904656;12853;637;14259;15010;4.08;0.25;411.47;28.85;1406;72;5160.00;751
12856;43;5904681;12856;634;14260;15010;4.05;0.25;411.50;28.86;1404;72;5161.00;750
12861;43;5904703;12861;621;14260;15010;4.05;0.25;411.60;28.86;1399;72;5162.00;750
12861;43;5904725;12861;610;14263;15011;4.10;0.25;411.60;28.89;1402;72;5163.00;748
12864;43;5904745;12864;604;14266;15015;4.15;0.25;411.68;28.88;1402;72;5164.00;749
12867;43;5904765;12867;608;14267;15015;4.15;0.25;411.76;28.90;1400;72;5165.00;748
12869;43;5904788;12869;618;14268;15018;4.17;0.25;411.83;28.89;1399;72;5166.00;750
12872;43;5904810;12872;615;14270;15018;4.19;0.26;411.96;28.92;1398;72;5167.00;748
12873;43;5904831;12873;618;14270;15018;4.24;0.26;412.01;28.92;1397;72;5168.00;748
12874;43;5904850;12874;613;14273;15018;4.27;0.26;412.04;29.09;1399;72;5169.00;745
12880;43;5904868;12880;613;14276;15022;4.24;0.26;412.10;29.08;1396;72;5170.00;746
12882;43;5904890;12882;609;14278;15022;4.21;0.26;412.16;29.11;1396;72;5171.00;744
12883;43;5904907;12883;600;14279;15022;4.18;0.25;412.18;29.12;1396;72;5172.00;743
12885;43;5904923;12885;603;14280;15022;4.14;0.25;412.16;29.14;1395;72;5173.00;742
12885;43;5904940;12885;601;14281;15023;4.13;0.25;412.16;29.15;1396;72;5174.00;742
12888;43;5904956;12888;599;14283;15025;4.11;0.25;412.18;29.16;1395;72;5175.00;742
12890;43;5904972;12890;601;14283;15025;4.10;0.25;412.27;29.16;1393;72;5176.00;742
12893;43;5904988;12893;604;14286;15026;4.08;0.25;412.28;29.18;1393;72;5177.00;740
12895;43;5905003;12895;606;14287;15026;4.11;0.25;412.33;29.20;1392;72;5178.00;739
12899;43;5905019;12899;605;14287;15026;4.10;0.25;412.42;29.20;1388;72;5179.00;739
12901;43;5905034;12901;614;14289;15026;4.08;0.25;412.46;29.22;1388;72;5180.00;737
12902;43;5905050;12902;613;14291;15026;4.07;0.25;412.44;29.25;1389;72;5181.00;735
12908;43;5905067;12908;613;14291;15026;3.98;0.24;412.49;29.25;1383;72;5182.00;735
12909;43;5905082;12909;602;14292;15026;3.99;0.24;412.47;29.26;1383;72;5183.00;734
12911;43;5905098;12911;626;14365;15153;4.11;0.25;412.44;29.15;1454;72;5184.00;788
12914;43;5905124;12914;615;14367;15154;4.14;0.26;412.39;29.30;1453;72;5185.00;787
12914;43;5905140;12914;606;14372;15154;4.23;0.26;412.39;29.31;1458;72;5186.00;782
12919;43;5905155;12919;593;14374;15154;4.26;0.26;412.45;29.32;1455;72;5187.00;780
12919;43;5905171;12919;595;14378;15154;4.29;0.26;412.45;29.32;1459;72;5188.00;776
12922;43;5905187;12922;590;14379;15154;4.30;0.26;412.53;29.32;1457;72;5189.00;775
12924;43;5905205;12924;593;14384;15154;4.32;0.27;412.49;29.33;1460;72;5190.00;770
12926;43;5905221;12926;597;14385;15154;4.34;0.27;412.68;29.34;1459;72;5191.00;769
12927;43;5905236;12927;599;14389;15155;4.37;0.27;412.65;29.35;1462;72;5192.00;766
12928;43;5905252;12928;614;14391;15156;4.37;0.27;412.69;29.35;1463;72;5193.00;765
12931;43;5905269;12931;611;14395;15156;4.34;0.27;412.63;29.37;1464;72;5194.00;761
12935;43;5905284;12935;618;14398;15157;4.33;0.27;412.65;29.50;1463;72;5195.00;759
12937;43;5905300;12937;622;14400;15157;4.28;0.26;412.60;29.50;1463;72;5196.00;757
12938;43;5905316;12938;633;14403;15157;4.27;0.26;412.60;29.52;1465;72;5197.00;754
12939;43;5905331;12939;641;14404;15157;4.24;0.26;412.63;29.52;1465;72;5198.00;753
12940;43;5905347;12940;643;14409;15161;4.25;0.26;412.63;29.52;1469;72;5199.00;752
12942;43;5905364;12942;655;14411;15161;4.22;0.26;412.64;29.53;1469;72;5200.00;750
12946;43;5905383;12946;662;14411;15161;4.16;0.25;412.77;29.53;1465;72;5201.00;750
12948;43;5905399;12948;666;14414;15164;4.12;0.25;412.73;29.54;1466;72;5202.00;750
12950;43;5905414;12950;671;14414;15164;4.06;0.25;412.87;29.54;1464;72;5203.00;750
12950;43;5905431;12950;680;14415;15164;4.01;0.25;412.87;29.55;1465;72;5204.00;749
12953;43;5905447;12953;678;14418;15168;3.92;0.24;412.86;29.55;1465;72;5205.00;750
12955;43;5905465;12955;671;14420;15169;3.88;0.24;412.86;29.55;1465;72;5206.00;749
12955;43;5905482;12955;672;14421;15169;3.84;0.24;412.86;29.56;1466;72;5207.00;748
12957;43;5905498;12957;669;14425;15173;3.87;0.24;412.83;29.58;1468;72;5208.00;748
12960;43;5905513;12960;669;14427;15173;3.87;0.24;412.81;29.59;1467;72;5209.00;746
12962;43;5905529;12962;672;14428;15173;3.87;0.24;412.78;29.60;1466;72;5210.00;745
12963;43;5905545;12963;675;14429;15174;3.89;0.24;412.77;29.61;1466;72;5211.00;745
12965;43;5905561;12965;660;14430;15174;3.91;0.24;412.77;29.62;1465;72;5212.00;744
12967;43;5905578;12967;646;14435;15180;3.97;0.24;412.72;29.62;1468;72;5213.00;745
12967;43;5905595;12967;634;14435;15180;4.01;0.24;412.72;29.62;1468;72;5214.00;745
12970;43;5905611;12970;636;14437;15180;4.05;0.25;412.77;29.64;1467;72;5215.00;743
12974;44;5905628;12974;624;14438;15181;4.08;0.25;412.83;29.65;1464;73;5216.00;743
12976;44;5905654;12976;621;14439;15181;4.12;0.25;412.77;29.66;1463;73;5217.00;742
12977;44;5905670;12977;613;14440;15181;4.18;0.25;412.75;29.67;1463;73;5218.00;741
12979;44;5905691;12979;616;14441;15181;4.25;0.26;412.77;29.68;1462;73;5219.00;740
12983;45;5905709;12983;618;14464;15217;4.38;0.27;412.70;29.90;1481;74;5220.00;753
12984;45;5905746;12984;597;14466;15217;4.46;0.27;412.71;29.92;1482;74;5221.00;751
12986;45;5905762;12986;597;14470;15217;4.55;0.28;412.69;29.92;1484;74;5222.00;747
12988;45;5905784;12988;598;14472;15217;4.61;0.28;412.70;29.92;1484;74;5223.00;745
12991;45;5905801;12991;593;14475;15217;4.65;0.28;412.73;29.94;1484;74;5224.00;742
12991;45;5905823;12991;597;14475;15217;4.71;0.29;412.73;29.94;1484;74;5225.00;742
12992;45;5905845;12992;592;14479;15221;4.72;0.29;412.73;29.93;1487;74;5226.00;742
12992;45;5905861;12992;588;14481;15221;4.73;0.29;412.73;29.95;1489;74;5227.00;740
12992;45;5905883;12992;586;14485;15225;4.70;0.29;412.73;29.94;1493;74;5228.00;740
12994;45;5905899;12994;582;14485;15226;4.65;0.28;412.78;29.94;1491;74;5229.00;741
12996;45;5905915;12996;587;14487;15226;4.65;0.28;412.81;29.96;1491;74;5230.00;739
12996;45;5905933;12996;580;14488;15226;4.66;0.28;412.81;29.97;1492;74;5231.00;738
13001;45;5905948;13001;576;14497;15239;4.66;0.28;412.81;29.95;1496;74;5232.00;742
13003;45;5905969;13003;576;14500;15239;4.68;0.28;412.85;29.97;1497;74;5233.00;739
13005;45;5905989;13005;577;14500;15239;4.65;0.28;412.84;29.97;1495;74;5234.00;739
13007;45;5906009;13007;589;14503;15240;4.61;0.28;412.91;29.98;1496;74;5235.00;737
13010;45;5906031;13010;593;14503;15241;4.62;0.28;412.93;29.98;1493;74;5236.00;738
13012;45;5906049;13012;589;14504;15241;4.59;0.28;412.90;29.99;1492;74;5237.00;737
13015;45;5906066;13015;597;14506;15244;4.58;0.28;412.85;29.99;1491;74;5238.00;738
13018;45;5906085;13018;597;14507;15244;4.58;0.28;412.85;30.00;1489;74;5239.00;737
13021;45;5906102;13021;595;14507;15244;4.59;0.28;412.85;30.00;1486;74;5240.00;737
13026;45;5906119;13026;594;14507;15244;4.60;0.28;412.91;30.00;1481;74;5241.00;737
13027;45;5906138;13027;598;14512;15250;4.67;0.28;412.93;30.00;1485;74;5242.00;738
13028;45;5906160;13028;600;14512;15250;4.68;0.28;412.92;30.00;1484;74;5243.00;738
13029;45;5906183;13029;606;14512;15250;4.65;0.28;412.95;30.00;1483;74;5244.00;738
13031;45;5906207;13031;616;14512;15250;4.61;0.28;413.02;30.00;1481;74;5245.00;738
13033;45;5906233;13033;620;14517;15254;4.56;0.28;413.10;30.26;1484;74;5246.00;737
13036;45;5906258;13036;630;14517;15255;4.54;0.28;413.11;30.26;1481;74;5247.00;738
13039;45;5906284;13039;635;14517;15255;4.52;0.28;413.08;30.26;1478;74;5248.00;738
13041;45;5906305;13041;649;14519;15256;4.51;0.28;413.03;30.40;1478;74;5249.00;737
13048;45;5906325;13048;654;14520;15256;4.50;0.27;413.04;30.53;1472;74;5250.00;736
13051;45;5906350;13051;660;14521;15256;4.49;0.27;413.08;30.66;1470;74;5251.00;735
13052;45;5906367;13052;662;14521;15256;4.54;0.28;413.08;30.66;1469;75;5252.00;735
13054;45;5906392;13054;660;14521;15256;4.56;0.28;413.22;30.66;1467;75;5253.00;735
13055;45;5906408;13055;663;14521;15256;4.54;0.28;413.26;30.66;1466;75;5254.00;735
13057;45;5906425;13057;667;14522;15256;4.53;0.27;413.28;30.79;1465;76;5255.00;734
13059;45;5906448;13059;673;14564;15326;4.60;0.28;413.44;30.71;1505;76;5256.00;762
13061;45;5906469;13061;665;14566;15327;4.61;0.28;413.54;30.70;1505;76;5257.00;761
13062;45;5906485;13062;658;14571;15327;4.61;0.28;413.52;30.69;1509;76;5258.00;756
13063;45;5906502;13063;663;14571;15327;4.63;0.28;413.61;30.69;1508;76;5259.00;756
13065;45;5906517;13065;653;14571;15327;4.62;0.28;413.63;30.69;1506;76;5260.00;756
13066;45;5906534;13066;652;14571;15327;4.63;0.28;413.63;30.69;1505;76;5261.00;756
13068;45;5906549;13068;646;14571;15327;4.62;0.28;413.64;30.69;1503;76;5262.00;756
13070;45;5906565;13070;644;14572;15327;4.59;0.28;413.77;30.69;1502;76;5263.00;755
13072;45;5906581;13072;651;14573;15328;4.54;0.28;413.72;30.69;1501;76;5264.00;755
13075;45;5906597;13075;655;14574;15330;4.52;0.28;413.81;30.69;1499;76;5265.00;756
13077;45;5906613;13077;652;14576;15330;4.51;0.27;413.83;30.68;1499;76;5266.00;754
13080;45;5906629;13080;651;14580;15334;4.45;0.27;413.76;30.68;1500;77;5267.00;754
13081;45;5906650;13081;657;14580;15334;4.46;0.27;413.77;30.68;1499;77;5268.00;754
13082;45;5906666;13082;651;14581;15334;4.46;0.27;413.81;30.68;1499;77;5269.00;753
13086;45;5906682;13086;648;14581;15334;4.45;0.27;413.79;30.68;1495;77;5270.00;753
13087;45;5906698;13087;653;14585;15340;4.47;0.27;413.81;30.67;1498;77;5271.00;755
13090;45;5906714;13090;657;14585;15340;4.43;0.27;413.83;30.67;1495;77;5272.00;755
13090;45;5906730;13090;667;14585;15340;4.43;0.27;413.83;30.67;1495;77;5273.00;755
13091;45;5906746;13091;660;14586;15343;4.44;0.27;413.92;30.67;1495;77;5274.00;757
13095;45;5906766;13095;662;14587;15343;4.41;0.27;414.07;30.66;1492;77;5275.00;756
13098;45;5906787;13098;663;14587;15343;4.38;0.27;414.11;30.66;1489;77;5276.00;756
13101;45;5906802;13101;672;14587;15344;4.35;0.27;414.11;30.66;1486;77;5277.00;757
13105;45;5906817;13105;676;14588;15345;4.29;0.26;414.10;30.66;1483;77;5278.00;757
13109;45;5906834;13109;679;14588;15345;4.21;0.26;414.09;30.66;1479;77;5279.00;757
13114;45;5906851;13114;675;14606;15371;4.18;0.25;414.13;30.62;1492;77;5280.00;765
13115;45;5906870;13115;673;14606;15371;4.19;0.25;414.13;30.62;1491;77;5281.00;765
13120;45;5906891;13120;667;14608;15371;4.12;0.25;414.07;30.62;1488;77;5282.00;763
13122;45;5906907;13122;661;14609;15372;4.10;0.25;414.08;30.62;1487;77;5283.00;763
13125;45;5906924;13125;668;14609;15372;4.11;0.25;414.11;30.62;1484;77;5284.00;763
13127;45;5906940;13127;681;14612;15376;4.13;0.25;414.07;30.61;1485;77;5285.00;764
13130;45;5906958;13130;673;14612;15376;4.15;0.25;414.07;30.61;1482;77;5286.00;764
13132;45;5906977;13132;667;14615;15379;4.17;0.25;414.15;30.61;1483;77;5287.00;764
13134;45;5906993;13134;660;14615;15380;4.17;0.26;414.12;30.61;1481;77;5288.00;765
13138;45;5907010;13138;656;14615;15380;4.15;0.25;414.20;30.61;1477;77;5289.00;765
13140;45;5907028;13140;657;14615;15380;4.20;0.26;414.19;30.61;1475;77;5290.00;765
13143;45;5907044;13143;653;14615;15380;4.23;0.26;414.29;30.61;1472;77;5291.00;765
13147;45;5907061;13147;652;14624;15392;4.29;0.26;414.31;30.59;1477;77;5292.00;768
13152;45;5907079;13152;651;14624;15392;4.29;0.26;414.47;30.59;1472;77;5293.00;768
13154;45;5907096;13154;647;14624;15392;4.29;0.26;414.55;30.59;1470;77;5294.00;768
13158;45;5907112;13158;647;14624;15392;4.25;0.26;414.58;30.59;1466;77;5295.00;768
13163;45;5907129;13163;650;14624;15392;4.21;0.26;414.72;30.59;1461;77;5296.00;768
13168;45;5907145;13168;651;14624;15392;4.15;0.26;414.73;30.59;1456;77;5297.00;768
13173;45;5907160;13173;658;14624;15393;4.08;0.25;414.79;30.59;1451;77;5298.00;769
13179;45;5907178;13179;659;14624;15393;3.97;0.24;414.89;30.59;1445;77;5299.00;769
13183;45;5907200;13183;667;14628;15399;3.92;0.24;414.96;30.58;1445;77;5300.00;771
13188;45;5907228;13188;676;14628;15400;3.86;0.24;414.94;30.58;1440;77;5301.00;772
13193;45;5907252;13193;676;14629;15400;3.83;0.24;415.01;30.72;1436;77;5302.00;771
13195;45;5907273;13195;669;14629;15400;3.83;0.24;415.03;30.72;1434;77;5303.00;771
13197;45;5907294;13197;673;14632;15404;3.83;0.24;415.05;30.72;1435;77;5304.00;772
13201;45;5907315;13201;667;14632;15404;3.81;0.23;415.16;30.72;1431;77;5305.00;772
13204;45;5907340;13204;663;14632;15404;3.78;0.23;415.14;30.72;1428;77;5306.00;772
13208;45;5907359;13208;661;14633;15405;3.76;0.23;415.13;30.71;1425;77;5307.00;772
13212;45;5907378;13212;659;14636;15409;3.77;0.23;415.14;30.71;1424;77;5308.00;773
13219;45;5907395;13219;658;14636;15409;3.72;0.23;415.33;30.71;1417;77;5309.00;773
13222;45;5907413;13222;654;14640;15415;3.71;0.23;415.33;30.70;1418;77;5310.00;775
13228;45;5907429;13228;660;14641;15415;3.66;0.23;415.53;30.71;1413;77;5311.00;774
13233;45;5907444;13233;662;14641;15415;3.62;0.22;415.62;30.71;1408;77;5312.00;774
13235;45;5907459;13235;667;14641;15415;3.62;0.22;415.63;30.71;1406;77;5313.00;774
13241;45;5907475;13241;669;14644;15419;3.57;0.22;415.59;30.71;1403;77;5314.00;775
13244;45;5907490;13244;668;14644;15419;3.55;0.22;415.74;30.71;1400;77;5315.00;775
13248;45;5907505;13248;669;14644;15419;3.51;0.22;415.77;30.71;1396;77;5316.00;775
13251;45;5907520;13251;676;14644;15419;3.49;0.21;415.93;30.71;1393;77;5317.00;775
13253;45;5907533;13253;674;14645;15420;3.50;0.22;415.92;30.72;1392;77;5318.00;775
13256;45;5907547;13256;678;14646;15421;3.48;0.21;415.91;30.73;1390;77;5319.00;775
13257;45;5907562;13257;682;14646;15421;3.52;0.22;415.91;30.73;1389;77;5320.00;775
13259;45;5907578;13259;687;14647;15422;3.55;0.22;415.88;30.73;1388;77;5321.00;775
13264;45;5907592;13264;686;14647;15422;3.54;0.22;415.82;30.73;1383;77;5322.00;775
13265;45;5907607;13265;691;14648;15422;3.57;0.22;415.91;30.74;1383;77;5323.00;774
13269;45;5907621;13269;696;14648;15422;3.51;0.21;415.88;30.74;1379;77;5324.00;774
13270;45;5907635;13270;700;14648;15422;3.49;0.21;415.86;30.74;1378;77;5325.00;774
13271;45;5907649;13271;712;14649;15422;3.46;0.21;415.89;30.75;1378;77;5326.00;773
13274;45;5907663;13274;721;14650;15422;3.42;0.21;415.86;30.77;1376;77;5327.00;772
13276;45;5907678;13276;729;14715;15549;3.73;0.23;415.84;30.64;1439;77;5328.00;834
13279;45;5907704;13279;723;14718;15550;3.76;0.23;415.80;30.64;1439;77;5329.00;832
13280;45;5907721;13280;715;14726;15550;3.87;0.24;415.90;30.64;1446;77;5330.00;824
13288;45;5907736;13288;713;14728;15550;3.86;0.24;416.02;30.63;1440;77;5331.00;822
13290;45;5907752;13290;710;14735;15550;3.91;0.24;416.08;30.65;1445;77;5332.00;815
13294;45;5907769;13294;711;14738;15550;3.93;0.24;416.14;30.66;1444;77;5333.00;812
13297;45;5907786;13297;716;14740;15550;3.95;0.24;416.20;30.66;1443;77;5334.00;810
13298;45;5907802;13298;717;14742;15550;3.97;0.24;416.21;30.67;1444;77;5335.00;808
13300;45;5907821;13300;704;14744;15551;3.98;0.24;416.17;30.68;1444;77;5336.00;807
13302;45;5907839;13302;690;14746;15552;3.93;0.24;416.16;30.69;1444;77;5337.00;806
13303;45;5907856;13303;674;14747;15552;3.91;0.24;416.20;30.69;1444;77;5338.00;805
13306;45;5907873;13306;670;14750;15553;3.87;0.24;416.20;30.71;1444;77;5339.00;803
13308;45;5907894;13308;667;14751;15553;3.86;0.24;416.25;30.71;1443;77;5340.00;802
13310;45;5907912;13310;668;14755;15553;3.86;0.24;416.25;30.74;1445;77;5341.00;798
13312;45;5907928;13312;666;14758;15553;3.89;0.24;416.21;30.76;1446;77;5342.00;795
13314;45;5907945;13314;668;14761;15557;3.92;0.24;416.24;30.76;1447;77;5343.00;796
13317;46;5907962;13317;679;14763;15557;3.93;0.24;416.18;30.76;1446;78;5344.00;794
13321;46;5907987;13321;673;14765;15557;3.95;0.24;416.18;30.77;1444;78;5345.00;792
13322;46;5908004;13322;677;14767;15560;3.97;0.24;416.15;30.78;1445;78;5346.00;793
13322;46;5908022;13322;677;14769;15560;3.99;0.24;416.15;30.79;1447;78;5347.00;791
13325;46;5908040;13325;673;14772;15560;4.00;0.25;416.11;30.81;1447;78;5348.00;788
13327;46;5908058;13327;673;14775;15564;4.04;0.25;416.12;30.80;1448;78;5349.00;789
13330;46;5908077;13330;674;14776;15565;4.09;0.25;416.06;30.80;1446;78;5350.00;789
13331;46;5908100;13331;673;14778;15565;4.16;0.26;416.04;30.82;1447;78;5351.00;787
13334;46;5908117;13334;680;14781;15569;4.19;0.26;416.05;30.81;1447;78;5352.00;788
13336;46;5908133;13336;684;14783;15569;4.26;0.26;416.04;30.83;1447;78;5353.00;786
13338;46;5908148;13338;688;14783;15569;4.29;0.26;416.00;30.83;1445;78;5354.00;786
13340;46;5908165;13340;698;14784;15571;4.33;0.26;416.05;30.83;1444;78;5355.00;787
13341;46;5908185;13341;706;14786;15571;4.36;0.27;416.08;30.85;1445;78;5356.00;785
13342;46;5908204;13342;705;14791;15577;4.39;0.27;416.07;30.85;1449;78;5357.00;786
13342;46;5908225;13342;709;14791;15577;4.41;0.27;416.07;30.85;1449;78;5358.00;786
13344;46;5908245;13344;700;14793;15577;4.38;0.27;416.04;30.87;1449;78;5359.00;784
13347;46;5908262;13347;694;14794;15578;4.38;0.27;415.98;30.88;1447;78;5360.00;784
13349;46;5908279;13349;688;14794;15578;4.34;0.26;415.94;30.88;1445;78;5361.00;784
13350;46;5908295;13350;681;14796;15578;4.32;0.26;415.93;30.90;1446;78;5362.00;782
13352;46;5908311;13352;684;14796;15578;4.31;0.26;415.93;30.90;1444;78;5363.00;782
13354;46;5908333;13354;677;14805;15590;4.32;0.26;415.89;30.88;1451;78;5364.00;785
13355;46;5908351;13355;681;14807;15590;4.30;0.26;415.89;30.90;1452;78;5365.00;783
13357;46;5908374;13357;672;14809;15590;4.33;0.26;416.01;30.92;1452;78;5366.00;781
13357;46;5908390;13357;668;14811;15590;4.35;0.26;416.01;30.94;1454;78;5367.00;779
13357;46;5908408;13357;664;14811;15590;4.36;0.27;416.01;30.94;1454;78;5368.00;779
13358;46;5908425;13358;660;14811;15590;4.40;0.27;415.98;30.94;1453;78;5369.00;779
13359;46;5908443;13359;653;14816;15594;4.40;0.27;415.98;30.96;1457;78;5370.00;778
13360;46;5908459;13360;652;14818;15594;4.44;0.27;416.03;30.98;1458;78;5371.00;776
13363;46;5908475;13363;644;14822;15598;4.47;0.27;416.06;30.98;1459;78;5372.00;776
13365;46;5908492;13365;629;14822;15599;4.48;0.27;416.05;30.98;1457;78;5373.00;777
13366;46;5908508;13366;622;14823;15599;4.53;0.27;416.09;30.99;1457;78;5374.00;776
13368;46;5908527;13368;614;14825;15599;4.48;0.27;416.12;31.14;1457;78;5375.00;774
13370;46;5908547;13370;603;14837;15612;4.50;0.27;416.11;31.14;1467;78;5376.00;775
13372;46;5908570;13372;585;14839;15612;4.49;0.27;416.10;31.16;1467;78;5377.00;773
13375;46;5908588;13375;581;14840;15612;4.52;0.27;416.09;31.16;1465;78;5378.00;772
13378;46;5908605;13378;582;14842;15613;4.53;0.27;416.14;31.17;1464;78;5379.00;771
13380;46;5908622;13380;588;14843;15614;4.55;0.27;416.25;31.18;1463;78;5380.00;771
13382;46;5908638;13382;581;14843;15614;4.55;0.28;416.26;31.18;1461;78;5381.00;771
13384;46;5908654;13384;573;14846;15617;4.59;0.28;416.28;31.19;1462;78;5382.00;771
13386;46;5908671;13386;580;14848;15617;4.58;0.28;416.27;31.20;1462;78;5383.00;769
13389;46;5908690;13389;577;14848;15617;4.58;0.28;416.28;31.20;1459;78;5384.00;769
13391;46;5908712;13391;566;14849;15617;4.67;0.28;416.34;31.21;1458;78;5385.00;768
13396;46;5908740;13396;562;14857;15623;4.71;0.28;416.42;31.49;1461;78;5386.00;766
13400;46;5908775;13400;555;14857;15623;4.72;0.29;416.44;31.49;1457;78;5387.00;766
13403;46;5908805;13403;555;14859;15623;4.75;0.29;416.57;31.50;1456;78;5388.00;764
13407;46;5908849;13407;552;14860;15623;4.78;0.29;416.51;31.51;1453;78;5389.00;763
13408;46;5908889;13408;543;14863;15627;4.79;0.29;416.56;31.50;1455;78;5390.00;764
13410;46;5908916;13410;546;14865;15628;4.82;0.29;416.60;31.52;1455;78;5391.00;763
13414;46;5908944;13414;544;14865;15628;4.78;0.29;416.68;31.52;1451;78;5392.00;763
13416;46;5908966;13416;550;14867;15629;4.79;0.29;416.68;31.52;1451;78;5393.00;762
13418;46;5908988;13418;547;14868;15629;4.78;0.29;416.86;31.53;1450;78;5394.00;761
13421;46;5909014;13421;550;14869;15629;4.75;0.29;416.99;31.54;1448;78;5395.00;760
13423;46;5909040;13423;553;14869;15629;4.72;0.29;417.01;31.54;1446;78;5396.00;760
13425;46;5909069;13425;561;14870;15629;4.71;0.29;417.10;31.54;1445;78;5397.00;759
13427;46;5909092;13427;557;14870;15629;4.66;0.28;417.16;31.54;1443;78;5398.00;759
13429;46;5909111;13429;557;14870;15629;4.64;0.28;417.18;31.54;1441;78;5399.00;759
