step_arrived;step_collisions;step_duration;step_ended;step_halting;step_inserted;step_loaded;step_meanSpeed;step_meanSpeedRelative;step_meanTravelTime;step_meanWaitingTime;step_running;step_teleports;step_time;step_waiting
0;0;4154342;0;1;87;245;16.03;1.13;-1.00;0.00;87;0;0.00;158
0;0;4154366;0;2;102;245;15.10;1.05;-1.00;0.15;102;0;1.00;143
0;0;4154367;0;1;122;245;14.41;0.98;-1.00;0.45;122;0;2.00;123
0;0;4154368;0;3;133;245;13.57;0.92;-1.00;0.66;133;0;3.00;112
0;0;4154369;0;4;148;245;12.40;0.83;-1.00;1.00;148;0;4.00;97
0;0;4154370;0;4;156;245;11.76;0.79;-1.00;1.21;156;0;5.00;89
0;0;4154372;0;10;166;245;10.88;0.73;-1.00;1.49;166;0;6.00;79
0;0;4154373;0;14;175;245;10.37;0.69;-1.00;1.78;175;0;7.00;70
0;0;4154375;0;16;182;246;9.89;0.65;-1.00;2.02;182;0;8.00;64
0;0;4154376;0;19;189;247;9.56;0.63;-1.00;2.28;189;0;9.00;58
0;0;4154378;0;22;197;247;9.34;0.62;-1.00;2.59;197;0;10.00;50
0;0;4154380;0;25;203;248;9.19;0.60;-1.00;2.79;203;0;11.00;45
0;0;4154382;0;34;206;248;9.04;0.59;-1.00;2.92;206;0;12.00;42
1;0;4154384;1;35;210;248;8.92;0.58;13.00;3.11;209;0;13.00;38
2;0;4154386;2;39;213;248;8.75;0.57;13.50;3.27;211;0;14.00;35
2;0;4154388;2;41;218;252;8.49;0.55;13.50;3.41;216;0;15.00;34
2;0;4154391;2;49;222;252;8.25;0.53;13.50;3.64;220;0;16.00;30
2;0;4154393;2;51;225;252;8.25;0.53;13.50;3.81;223;0;17.00;27
2;0;4154396;2;55;229;255;8.14;0.52;13.50;4.06;227;0;18.00;26
3;0;4154398;3;60;232;255;8.16;0.52;15.33;4.22;229;0;19.00;23
3;0;4154400;3;66;236;255;8.28;0.53;15.33;4.43;233;0;20.00;19
4;0;4154403;4;68;241;259;8.51;0.54;16.75;4.37;237;0;21.00;18
4;0;4154406;4;74;243;260;8.63;0.54;16.75;4.43;239;0;22.00;17
4;0;4154408;4;77;247;260;8.55;0.54;16.75;4.73;243;0;23.00;13
5;0;4154411;5;78;249;264;8.61;0.54;18.20;4.69;244;0;24.00;15
6;0;4154414;6;82;252;264;8.68;0.55;19.17;4.84;246;0;25.00;12
6;0;4154416;6;83;252;264;8.75;0.55;19.17;4.84;246;0;26.00;12
6;0;4154419;6;83;252;265;8.86;0.55;19.17;4.84;246;0;27.00;13
6;0;4154422;6;84;255;265;8.80;0.55;19.17;5.02;249;0;28.00;10
6;0;4154424;6;89;260;271;8.81;0.55;19.17;4.94;254;0;29.00;11
6;0;4154429;6;90;262;271;8.72;0.54;19.17;5.13;256;0;30.00;9
8;0;4154432;8;91;263;272;8.57;0.53;21.75;5.11;255;0;31.00;9
8;0;4154435;8;94;263;272;8.55;0.53;21.75;5.11;255;0;32.00;9
9;0;4154438;9;95;264;272;8.54;0.53;23.00;5.19;255;0;33.00;8
11;0;4154440;11;100;267;272;8.50;0.53;24.45;5.29;256;0;34.00;5
11;0;4154443;11;103;268;272;8.41;0.52;24.45;5.33;257;0;35.00;4
11;0;4154446;11;107;278;284;8.62;0.53;24.45;5.14;267;0;36.00;6
11;0;4154450;11;107;280;284;8.49;0.52;24.45;5.14;269;0;37.00;4
12;0;4154452;12;111;280;284;8.42;0.52;25.25;5.14;268;0;38.00;4
12;0;4154455;12;113;281;284;8.30;0.52;25.25;5.13;269;0;39.00;3
13;0;4154457;13;117;281;284;8.14;0.51;26.00;5.13;268;0;40.00;3
14;0;4154460;14;119;281;284;8.02;0.50;25.57;5.13;267;0;41.00;3
15;0;4154463;15;124;285;288;7.94;0.50;26.47;5.07;270;0;42.00;3
15;0;4154466;15;127;285;288;7.84;0.49;26.47;5.07;270;0;43.00;3
17;0;4154468;17;129;289;292;7.79;0.49;28.00;5.02;272;0;44.00;3
17;0;4154471;17;131;291;294;7.74;0.48;28.00;4.98;274;0;45.00;3
19;0;4154474;19;130;291;294;7.59;0.47;29.58;4.98;272;0;46.00;3
19;0;4154477;19;131;291;294;7.58;0.47;29.58;4.98;272;0;47.00;3
19;0;4154479;19;137;302;307;7.93;0.49;29.58;4.80;283;0;48.00;5
19;0;4154483;19;137;302;307;7.86;0.49;29.58;4.80;283;0;49.00;5
19;0;4154485;19;138;302;307;7.76;0.49;29.58;4.80;283;0;50.00;5
19;0;4154488;19;141;303;308;7.69;0.48;29.58;4.79;284;0;51.00;5
20;0;4154491;20;141;304;309;7.49;0.47;30.65;4.78;284;0;52.00;5
20;0;4154494;20;143;304;309;7.45;0.46;30.65;4.78;284;0;53.00;5
21;0;4154496;21;144;306;312;7.37;0.46;30.05;4.75;285;0;54.00;6
21;0;4154499;21;146;306;312;7.23;0.45;30.05;4.75;285;0;55.00;6
23;0;4154501;23;136;307;312;7.15;0.44;31.22;4.74;284;0;56.00;5
25;0;4154504;25;133;307;312;7.14;0.44;33.12;4.74;282;0;57.00;5
28;0;4154507;28;135;313;318;7.13;0.44;35.79;4.66;285;0;58.00;5
28;0;4154510;28;136;313;318;7.05;0.43;35.79;4.66;285;0;59.00;5
29;0;4154514;29;140;313;318;7.00;0.43;35.83;4.66;284;0;60.00;5
29;0;4154517;29;141;313;318;7.07;0.43;35.83;4.66;284;0;61.00;5
29;0;4154520;29;147;317;322;7.05;0.43;35.83;4.62;288;0;62.00;5
29;0;4154523;29;149;318;323;7.16;0.44;35.83;4.60;289;0;63.00;5
31;0;4154526;31;152;318;323;7.19;0.44;36.13;4.60;287;0;64.00;5
32;0;4154528;32;153;319;324;7.37;0.45;36.81;4.59;287;0;65.00;5
34;0;4154531;34;156;319;324;7.44;0.45;38.41;4.59;285;0;66.00;5
34;0;4154534;34;146;319;324;7.47;0.45;38.41;4.59;285;0;67.00;5
34;0;4154537;34;142;319;324;7.63;0.46;38.41;4.59;285;0;68.00;5
34;0;4154539;34;136;319;324;7.82;0.48;38.41;4.59;285;0;69.00;5
34;0;4154542;34;134;319;324;7.97;0.48;38.41;4.59;285;0;70.00;5
35;0;4154545;35;131;319;324;8.12;0.49;39.34;4.59;284;0;71.00;5
36;0;4154548;36;132;351;394;8.34;0.51;40.25;4.17;315;0;72.00;43
36;0;4154556;36;126;352;395;8.51;0.52;40.25;4.16;316;0;73.00;43
36;0;4154559;36;121;359;395;8.77;0.54;40.25;4.12;323;0;74.00;36
37;0;4154563;37;118;361;395;8.95;0.55;41.19;4.12;324;0;75.00;34
38;0;4154566;38;119;364;395;9.12;0.55;41.55;4.12;326;0;76.00;31
38;0;4154575;38;117;367;395;9.33;0.57;41.55;4.12;329;0;77.00;28
38;0;4154578;38;120;370;395;9.39;0.57;41.55;4.14;332;0;78.00;25
38;0;4154587;38;121;374;395;9.39;0.57;41.55;4.17;336;0;79.00;21
39;0;4154590;39;121;377;396;9.49;0.57;42.08;4.20;338;0;80.00;19
40;0;4154594;40;120;378;397;9.37;0.57;43.05;4.21;338;0;81.00;19
40;0;4154598;40;124;381;397;9.26;0.56;43.05;4.23;341;0;82.00;16
40;0;4154601;40;134;386;401;9.14;0.55;43.05;4.20;346;0;83.00;15
40;0;4154604;40;131;386;401;9.20;0.56;43.05;4.20;346;0;84.00;15
40;0;4154608;40;131;386;401;9.14;0.56;43.05;4.20;346;0;85.00;15
41;0;4154611;41;134;386;401;9.14;0.55;44.10;4.20;345;0;86.00;15
43;0;4154614;43;133;391;407;9.00;0.55;45.88;4.16;348;0;87.00;16
44;0;4154619;44;134;391;407;8.95;0.54;46.82;4.16;347;0;88.00;16
45;0;4154622;45;136;391;407;8.87;0.54;47.76;4.16;346;0;89.00;16
46;0;4154628;46;131;395;413;8.88;0.54;48.67;4.12;349;0;90.00;18
46;0;4154633;46;132;395;413;8.87;0.54;48.67;4.12;349;0;91.00;18
47;0;4154636;47;134;397;413;8.82;0.54;49.60;4.11;350;0;92.00;16
48;0;4154640;48;134;398;414;8.75;0.53;50.40;4.10;350;0;93.00;16
48;0;4154643;48;129;399;415;8.70;0.53;50.40;4.09;351;0;94.00;16
49;0;4154647;49;126;399;415;8.62;0.53;51.31;4.09;350;0;95.00;16
51;0;4154651;51;126;410;428;8.49;0.52;53.06;3.98;359;0;96.00;18
54;0;4154656;54;116;410;428;8.44;0.52;54.17;3.98;356;0;97.00;18
57;0;4154660;57;113;410;428;8.47;0.52;56.46;3.98;353;0;98.00;18
58;0;4154665;58;108;413;429;8.53;0.52;57.19;4.08;355;0;99.00;16
58;0;4154671;58;108;413;429;8.70;0.53;57.19;4.08;355;0;100.00;16
59;0;4154678;59;104;416;433;8.86;0.54;57.83;4.06;357;0;101.00;17
61;0;4154682;61;103;416;433;8.90;0.54;59.28;4.06;355;0;102.00;17
61;0;4154686;61;98;420;437;9.03;0.55;59.28;4.03;359;0;103.00;17
61;0;4154690;61;92;420;437;9.31;0.57;59.28;4.03;359;0;104.00;17
63;0;4154694;63;85;420;437;9.51;0.58;60.70;4.03;357;0;105.00;17
66;0;4154699;66;79;420;437;9.81;0.60;62.33;4.03;354;0;106.00;17
67;0;4154703;67;77;420;437;9.96;0.60;62.99;4.03;353;0;107.00;17
67;0;4154707;67;74;431;449;10.16;0.62;62.99;3.93;364;0;108.00;18
67;0;4154712;67;69;432;449;10.20;0.62;62.99;3.92;365;0;109.00;17
67;0;4154718;67;70;432;449;10.28;0.63;62.99;3.92;365;0;110.00;17
67;0;4154722;67;71;432;449;10.39;0.63;62.99;3.92;365;0;111.00;17
67;0;4154727;67;74;434;449;10.54;0.64;62.99;4.25;367;0;112.00;15
69;0;4154731;69;77;435;449;10.60;0.65;64.41;4.34;366;0;113.00;14
69;0;4154736;69;79;436;450;10.51;0.64;64.41;4.33;367;0;114.00;14
69;0;4154741;69;82;439;450;10.36;0.63;64.41;4.76;370;0;115.00;11
69;0;4154746;69;82;444;456;10.42;0.64;64.41;4.72;375;0;116.00;12
71;0;4154752;71;81;445;457;10.40;0.64;65.72;4.97;374;0;117.00;12
72;0;4154757;72;83;448;457;10.50;0.64;66.44;5.14;376;0;118.00;9
73;0;4154762;73;89;449;457;10.50;0.64;67.11;5.29;376;0;119.00;8
74;0;4154769;74;90;453;462;10.58;0.65;67.34;5.24;379;0;120.00;9
74;0;4154775;74;89;456;462;10.59;0.65;67.34;5.49;382;0;121.00;6
75;0;4154780;75;88;456;462;10.69;0.66;68.05;5.49;381;0;122.00;6
75;0;4154786;75;86;458;463;10.84;0.67;68.05;5.58;383;0;123.00;5
78;0;4154791;78;87;463;467;10.83;0.66;69.67;5.55;385;0;124.00;4
78;0;4154797;78;86;464;467;10.95;0.67;69.67;5.65;386;0;125.00;3
79;0;4154802;79;89;466;470;11.06;0.68;70.38;5.63;387;0;126.00;4
83;0;4154808;83;88;468;470;11.21;0.68;72.12;5.67;385;0;127.00;2
83;0;4154814;83;92;468;470;11.35;0.69;72.12;5.67;385;0;128.00;2
84;0;4154820;84;91;469;470;11.51;0.70;71.51;5.73;385;0;129.00;1
84;0;4154826;84;90;473;474;11.80;0.72;71.51;5.69;389;0;130.00;1
85;0;4154832;85;90;473;474;11.98;0.73;72.18;5.69;388;0;131.00;1
86;0;4154838;86;91;474;474;12.08;0.74;72.87;5.70;388;0;132.00;0
86;0;4154844;86;91;474;474;12.25;0.75;72.87;5.70;388;0;133.00;0
87;0;4154850;87;92;475;475;12.24;0.75;72.75;5.69;388;0;134.00;0
88;0;4154856;88;93;477;477;12.12;0.74;73.42;5.67;389;0;135.00;0
89;0;4154862;89;93;477;477;12.07;0.74;74.12;5.67;388;0;136.00;0
89;0;4154867;89;96;478;478;11.94;0.73;74.12;5.66;389;0;137.00;0
90;0;4154878;90;101;478;478;11.81;0.73;74.03;5.66;388;0;138.00;0
90;0;4154884;90;102;478;478;11.65;0.72;74.03;5.66;388;0;139.00;0
94;0;4154889;94;103;478;478;11.49;0.71;76.68;5.66;384;0;140.00;0
95;0;4154894;95;105;478;478;11.22;0.69;76.97;5.66;383;0;141.00;0
97;0;4154904;97;104;478;478;10.96;0.68;78.31;5.66;381;0;142.00;0
100;0;4154914;100;108;478;478;10.76;0.66;79.39;5.66;378;0;143.00;0
102;0;4154920;102;127;552;605;10.61;0.67;80.65;4.91;450;0;144.00;53
106;0;4154934;106;122;558;606;10.61;0.67;82.81;4.86;452;0;145.00;48
108;0;4154940;108;120;565;606;10.64;0.67;83.53;4.83;457;0;146.00;41
111;0;4154945;111;122;567;606;10.65;0.67;84.77;4.82;456;0;147.00;39
111;0;4154951;111;125;571;606;10.58;0.66;84.77;4.82;460;0;148.00;35
115;0;4154956;115;122;572;606;10.47;0.65;85.33;4.82;457;0;149.00;34
115;0;4154963;115;125;576;611;10.34;0.64;85.33;4.80;461;0;150.00;35
115;0;4154970;115;123;577;611;10.27;0.64;85.33;4.81;462;0;151.00;34
117;0;4154975;117;124;579;612;10.25;0.64;86.47;4.82;462;0;152.00;33
121;0;4154981;121;128;583;613;10.24;0.64;87.88;4.85;462;0;153.00;30
121;0;4154987;121;125;586;613;10.24;0.64;87.88;4.87;465;0;154.00;27
122;0;4154991;122;133;588;614;10.16;0.63;88.42;4.88;466;0;155.00;26
126;0;4154997;126;132;593;614;10.00;0.62;89.34;4.92;467;0;156.00;21
126;0;4155002;126;131;596;614;9.98;0.62;89.34;4.96;470;0;157.00;18
129;0;4155007;129;138;599;614;9.92;0.62;90.88;5.00;470;0;158.00;15
130;0;4155012;130;138;603;618;9.84;0.61;90.28;5.00;473;0;159.00;15
131;0;4155019;131;142;606;618;9.82;0.61;90.74;5.05;475;0;160.00;12
133;0;4155024;133;140;608;618;9.77;0.60;91.71;5.09;475;0;161.00;10
134;0;4155029;134;142;611;621;9.68;0.60;92.15;5.13;477;0;162.00;10
135;0;4155035;135;148;612;621;9.64;0.60;92.13;5.14;477;0;163.00;9
136;0;4155040;136;151;614;621;9.50;0.59;92.53;5.16;478;0;164.00;7
139;0;4155045;139;141;620;625;9.30;0.58;93.79;5.19;481;0;165.00;5
139;0;4155051;139;138;621;626;9.28;0.58;93.79;5.19;482;0;166.00;5
141;0;4155056;141;136;623;626;9.22;0.57;94.62;5.23;482;0;167.00;3
143;0;4155061;143;140;627;630;9.18;0.57;95.14;5.20;484;0;168.00;3
145;0;4155067;145;136;628;630;9.22;0.57;95.17;5.20;483;0;169.00;2
146;0;4155072;146;135;628;630;9.36;0.58;95.17;5.20;482;0;170.00;2
148;0;4155078;148;131;629;631;9.45;0.59;95.55;5.19;481;0;171.00;2
148;0;4155084;148;130;629;631;9.57;0.59;95.55;5.19;481;0;172.00;2
150;0;4155089;150;125;635;637;9.75;0.60;95.79;5.15;485;0;173.00;2
151;0;4155095;151;124;637;637;9.72;0.60;96.21;5.19;486;0;174.00;0
152;0;4155101;152;118;638;638;9.72;0.60;96.61;5.18;486;0;175.00;0
156;0;4155106;156;116;638;638;9.78;0.60;97.33;5.18;482;0;176.00;0
157;0;4155112;157;117;638;638;9.69;0.60;97.79;5.18;481;0;177.00;0
159;0;4155118;159;120;638;638;9.79;0.60;98.01;5.18;479;0;178.00;0
162;0;4155125;162;125;638;638;9.75;0.60;98.34;5.18;476;0;179.00;0
163;0;4155132;163;130;668;672;9.88;0.61;98.55;4.95;505;0;180.00;4
165;0;4155142;165;132;668;672;9.96;0.61;98.49;4.95;503;0;181.00;4
165;0;4155152;165;140;671;672;10.03;0.62;98.49;4.93;506;0;182.00;1
167;0;4155159;167;145;671;672;9.98;0.61;98.50;4.93;504;0;183.00;1
169;0;4155168;169;145;672;672;9.87;0.61;98.89;4.93;503;0;184.00;0
171;0;4155175;171;149;672;672;9.69;0.60;99.20;4.93;501;0;185.00;0
172;0;4155182;172;152;676;676;9.55;0.59;99.66;4.91;504;0;186.00;0
178;0;4155192;178;156;676;676;9.33;0.57;99.69;4.91;498;0;187.00;0
179;0;4155204;179;159;680;680;9.21;0.57;99.77;4.89;501;0;188.00;0
183;0;4155211;183;167;681;681;9.08;0.56;100.17;4.88;498;0;189.00;0
187;0;4155218;187;167;681;681;8.92;0.55;100.22;4.88;494;0;190.00;0
187;0;4155227;187;174;681;681;8.84;0.54;100.22;4.88;494;0;191.00;0
188;0;4155234;188;186;694;694;8.83;0.54;99.94;4.79;506;0;192.00;0
188;0;4155243;188;185;694;694;8.76;0.54;99.94;4.79;506;0;193.00;0
191;0;4155249;191;190;694;694;8.64;0.53;99.73;4.79;503;0;194.00;0
192;0;4155256;192;198;695;695;8.61;0.53;99.46;4.78;503;0;195.00;0
196;0;4155262;196;198;696;696;8.39;0.52;99.93;4.78;500;0;196.00;0
196;0;4155268;196;200;696;696;8.34;0.51;99.93;4.78;500;0;197.00;0
198;0;4155274;198;203;698;699;8.25;0.51;99.46;4.76;500;0;198.00;1
201;0;4155280;201;210;698;699;8.09;0.50;99.63;4.76;497;0;199.00;1
204;0;4155287;204;215;699;699;7.93;0.49;100.38;4.76;495;0;200.00;0
204;0;4155296;204;219;699;699;7.79;0.48;100.38;4.76;495;0;201.00;0
205;0;4155302;205;226;705;705;7.64;0.47;100.02;4.73;500;0;202.00;0
205;0;4155308;205;231;705;705;7.55;0.46;100.02;4.73;500;0;203.00;0
207;0;4155313;207;236;705;705;7.41;0.46;99.81;4.73;498;0;204.00;0
207;0;4155319;207;241;705;705;7.31;0.45;99.81;4.73;498;0;205.00;0
207;0;4155324;207;244;709;709;7.30;0.45;99.81;4.71;502;0;206.00;0
210;0;4155330;210;251;710;710;7.20;0.44;100.13;4.70;500;0;207.00;0
210;0;4155335;210;252;710;710;7.09;0.44;100.13;4.70;500;0;208.00;0
211;0;4155341;211;261;711;711;7.00;0.43;99.79;4.69;500;0;209.00;0
216;0;4155347;216;266;711;711;6.75;0.42;101.14;4.69;495;0;210.00;0
217;0;4155353;217;271;711;711;6.65;0.41;101.45;4.69;494;0;211.00;0
218;0;4155358;218;262;711;711;6.62;0.41;101.94;4.69;493;0;212.00;0
220;0;4155364;220;254;711;711;6.63;0.41;101.72;4.69;491;0;213.00;0
222;0;4155369;222;240;711;711;6.69;0.41;102.45;4.69;489;0;214.00;0
222;0;4155374;222;234;711;711;6.81;0.42;102.45;4.69;489;0;215.00;0
223;0;4155380;223;236;755;781;7.24;0.45;102.95;4.42;532;0;216.00;26
223;0;4155391;223;229;757;782;7.44;0.46;102.95;4.41;534;0;217.00;25
224;0;4155397;224;224;764;782;7.71;0.47;103.46;4.39;540;0;218.00;18
225;0;4155403;225;219;766;782;7.89;0.48;103.60;4.39;541;0;219.00;16
227;0;4155409;227;216;767;782;8.00;0.49;104.59;4.39;540;0;220.00;15
227;0;4155415;227;201;769;782;8.17;0.50;104.59;4.39;542;0;221.00;13
227;0;4155423;227;191;771;782;8.34;0.51;104.59;4.39;544;0;222.00;11
227;0;4155429;227;186;773;782;8.43;0.52;104.59;4.40;546;0;223.00;9
228;0;4155436;228;180;775;783;8.45;0.52;104.66;4.41;547;0;224.00;8
229;0;4155448;229;177;778;785;8.49;0.52;104.98;4.41;549;0;225.00;7
231;0;4155455;231;172;780;785;8.60;0.53;104.60;4.43;549;0;226.00;5
231;0;4155462;231;171;786;789;8.66;0.53;104.60;4.42;555;0;227.00;3
232;0;4155470;232;169;787;789;8.78;0.54;104.38;4.43;555;0;228.00;2
233;0;4155476;233;172;788;789;8.88;0.55;104.30;4.44;555;0;229.00;1
235;0;4155483;235;169;789;789;8.93;0.55;105.15;4.44;554;0;230.00;0
235;0;4155490;235;164;795;795;8.98;0.55;105.15;4.41;560;0;231.00;0
236;0;4155497;236;157;795;795;9.07;0.56;105.08;4.41;559;0;232.00;0
238;0;4155503;238;150;795;795;9.22;0.57;106.11;4.41;557;0;233.00;0
240;0;4155510;240;148;797;798;9.28;0.57;106.45;4.40;557;0;234.00;1
245;0;4155517;245;142;797;798;9.32;0.57;107.80;4.40;552;0;235.00;1
247;0;4155523;247;141;798;798;9.41;0.57;108.20;4.40;551;0;236.00;0
249;0;4155530;249;135;799;799;9.53;0.58;108.82;4.40;550;0;237.00;0
250;0;4155537;250;135;800;800;9.69;0.59;109.17;4.39;550;0;238.00;0
252;0;4155544;252;135;800;800;9.77;0.60;109.34;4.39;548;0;239.00;0
254;0;4155552;254;141;825;826;9.81;0.60;109.28;4.26;571;0;240.00;1
255;0;4155561;255;132;825;826;9.93;0.61;109.75;4.26;570;0;241.00;1
259;0;4155567;259;130;826;826;10.06;0.61;110.59;4.26;567;0;242.00;0
261;0;4155573;261;130;827;827;10.10;0.62;111.46;4.25;566;0;243.00;0
264;0;4155580;264;131;827;827;10.14;0.62;112.06;4.25;563;0;244.00;0
267;0;4155586;267;130;831;831;10.10;0.62;112.73;4.23;564;0;245.00;0
269;0;4155592;269;129;831;831;10.03;0.61;112.65;4.23;562;0;246.00;0
272;0;4155600;272;135;835;835;9.89;0.60;113.81;4.22;563;0;247.00;0
273;0;4155607;273;134;835;835;9.87;0.60;113.77;4.22;562;0;248.00;0
273;0;4155612;273;139;835;835;9.86;0.60;113.77;4.22;562;0;249.00;0
273;0;4155618;273;141;835;835;9.85;0.60;113.77;4.22;562;0;250.00;0
274;0;4155626;274;147;835;835;9.83;0.60;113.90;4.22;561;0;251.00;0
275;0;4155632;275;150;845;847;9.84;0.60;114.13;4.17;570;0;252.00;2
275;0;4155640;275;155;845;847;9.86;0.60;114.13;4.17;570;0;253.00;2
279;0;4155646;279;158;847;847;9.81;0.60;114.35;4.16;568;0;254.00;0
280;0;4155653;280;157;847;847;9.81;0.60;114.58;4.16;567;0;255.00;0
282;0;4155660;282;157;847;847;9.90;0.60;114.86;4.16;565;0;256.00;0
283;0;4155667;283;154;847;847;9.92;0.60;114.84;4.16;564;0;257.00;0
283;0;4155674;283;150;848;848;9.96;0.60;114.84;4.16;565;0;258.00;0
283;0;4155680;283;145;848;848;9.96;0.60;114.84;4.16;565;0;259.00;0
283;1;4155685;283;135;854;854;10.03;0.61;114.84;4.14;571;1;260.00;0
284;1;4155703;284;130;855;855;10.07;0.61;114.68;4.13;571;1;261.00;0
289;1;4155713;289;127;855;855;10.11;0.61;115.47;4.13;566;1;262.00;0
292;1;4155719;292;119;855;855;10.14;0.61;116.46;4.13;563;1;263.00;0
296;1;4155725;296;119;859;859;10.19;0.62;117.24;4.11;563;1;264.00;0
299;1;4155732;299;116;859;859;10.28;0.62;118.47;4.11;560;1;265.00;0
302;1;4155739;302;111;859;859;10.32;0.62;119.06;4.11;557;1;266.00;0
306;1;4155745;306;106;860;860;10.33;0.62;119.81;4.11;554;1;267.00;0
308;1;4155752;308;107;864;864;10.33;0.62;119.80;4.10;556;1;268.00;0
310;1;4155758;310;100;864;864;10.42;0.63;119.72;4.10;554;1;269.00;0
311;1;4155767;311;98;868;870;10.55;0.64;119.74;4.08;557;1;270.00;2
312;1;4155773;312;97;869;870;10.64;0.64;119.53;4.07;557;1;271.00;1
317;1;4155779;317;93;870;870;10.75;0.65;119.59;4.07;553;1;272.00;0
317;1;4155786;317;92;870;870;10.86;0.66;119.59;4.07;553;1;273.00;0
321;1;4155792;321;92;874;874;10.92;0.66;119.49;4.06;553;1;274.00;0
325;1;4155799;325;95;874;874;11.03;0.67;120.06;4.06;549;1;275.00;0
325;1;4155806;325;92;874;874;11.19;0.68;120.06;4.06;549;1;276.00;0
326;1;4155813;326;91;874;874;11.32;0.69;120.33;4.06;548;1;277.00;0
327;1;4155819;327;90;875;875;11.42;0.69;120.80;4.05;548;1;278.00;0
329;1;4155826;329;89;876;876;11.43;0.69;121.18;4.05;547;1;279.00;0
330;1;4155833;330;83;876;876;11.42;0.69;121.43;4.05;546;1;280.00;0
331;1;4155839;331;81;877;877;11.34;0.69;121.47;4.05;546;1;281.00;0
331;1;4155846;331;81;877;877;11.33;0.69;121.47;4.05;546;1;282.00;0
335;1;4155853;335;84;877;877;11.25;0.68;122.00;4.05;542;1;283.00;0
335;1;4155859;335;84;877;877;11.20;0.68;122.00;4.05;542;1;284.00;0
335;1;4155866;335;86;877;877;11.18;0.68;122.00;4.05;542;1;285.00;0
336;1;4155873;336;87;877;877;11.22;0.68;122.46;4.05;541;1;286.00;0
336;1;4155879;336;88;877;877;11.20;0.68;122.46;4.05;541;1;287.00;0
337;1;4155886;337;103;947;1004;10.98;0.68;122.24;3.75;610;1;288.00;57
339;1;4155902;339;95;951;1005;10.97;0.68;123.15;3.74;612;1;289.00;54
339;1;4155910;339;90;961;1005;11.04;0.68;123.15;3.72;622;1;290.00;44
340;1;4155917;340;91;961;1005;11.14;0.69;123.41;3.72;621;1;291.00;44
342;1;4155924;342;95;969;1005;11.21;0.69;123.29;3.72;627;1;292.00;36
344;1;4155932;344;94;969;1005;11.26;0.70;124.22;3.72;625;1;293.00;36
344;1;4155940;344;100;972;1005;11.33;0.70;124.22;3.73;628;1;294.00;33
346;1;4155948;346;99;977;1005;11.40;0.71;124.75;3.75;631;1;295.00;28
347;1;4155957;347;100;979;1006;11.50;0.71;125.09;3.75;632;1;296.00;27
349;1;4155965;349;102;983;1007;11.51;0.71;124.95;3.78;634;1;297.00;24
352;1;4155973;352;104;987;1007;11.58;0.71;125.84;3.80;635;1;298.00;20
354;1;4155982;354;107;989;1008;11.56;0.71;125.80;3.82;635;1;299.00;19
357;1;4155992;357;113;996;1014;11.32;0.70;126.04;3.84;639;1;300.00;18
360;1;4156005;360;111;998;1014;11.12;0.69;127.33;3.86;638;1;301.00;16
364;1;4156014;364;116;999;1014;10.94;0.67;127.88;3.87;635;1;302.00;15
365;1;4156022;365;115;1003;1018;10.67;0.66;128.20;3.88;638;1;303.00;15
366;1;4156030;366;127;1005;1018;10.48;0.65;127.89;3.89;639;1;304.00;13
367;1;4156038;367;133;1006;1018;10.33;0.64;127.79;3.89;639;1;305.00;12
370;1;4156046;370;136;1009;1021;10.18;0.63;128.59;3.88;639;1;306.00;12
372;1;4156054;372;141;1009;1021;9.91;0.61;129.40;3.88;637;1;307.00;12
373;1;4156061;373;146;1011;1021;9.77;0.60;129.40;3.91;638;1;308.00;10
376;1;4156069;376;150;1014;1025;9.58;0.59;129.65;3.91;638;1;309.00;11
380;1;4156077;380;160;1016;1026;9.42;0.58;130.07;3.91;636;1;310.00;10
382;1;4156084;382;170;1017;1026;9.31;0.57;130.25;3.93;635;1;311.00;9
384;1;4156092;384;177;1024;1030;9.31;0.57;130.45;3.96;640;1;312.00;6
386;1;4156100;386;182;1025;1030;9.23;0.57;131.29;3.98;639;1;313.00;5
388;1;4156108;388;187;1027;1030;9.15;0.56;131.66;4.01;639;1;314.00;3
388;1;4156115;388;182;1030;1032;9.07;0.56;131.66;4.02;642;1;315.00;2
392;1;4156124;392;185;1031;1032;8.95;0.55;131.56;4.03;639;1;316.00;1
394;1;4156132;394;190;1037;1038;8.88;0.54;132.18;4.01;643;1;317.00;1
396;1;4156141;396;191;1038;1038;8.86;0.54;132.37;4.01;642;1;318.00;0
396;1;4156149;396;193;1039;1039;8.82;0.54;132.37;4.01;643;1;319.00;0
396;1;4156162;396;195;1039;1039;8.79;0.54;132.37;4.01;643;1;320.00;0
396;1;4156173;396;203;1039;1039;8.77;0.54;132.37;4.01;643;1;321.00;0
401;1;4156179;401;211;1039;1039;8.63;0.53;132.68;4.01;638;1;322.00;0
402;1;4156188;402;215;1039;1039;8.59;0.52;133.09;4.01;637;1;323.00;0
402;1;4156195;402;215;1051;1051;8.51;0.52;133.09;3.96;649;1;324.00;0
404;1;4156203;404;211;1051;1051;8.51;0.52;132.91;3.96;647;1;325.00;0
405;1;4156209;405;217;1051;1051;8.43;0.52;132.85;3.96;646;1;326.00;0
410;1;4156216;410;216;1051;1051;8.35;0.51;133.17;3.96;641;1;327.00;0
411;1;4156223;411;221;1051;1051;8.24;0.51;133.29;3.96;640;1;328.00;0
414;1;4156229;414;219;1051;1051;8.12;0.50;134.28;3.96;637;1;329.00;0
418;1;4156238;418;211;1055;1055;8.04;0.49;135.08;3.95;637;1;330.00;0
423;1;4156245;423;207;1055;1055;7.97;0.49;136.78;3.95;632;1;331.00;0
425;1;4156253;425;208;1059;1059;7.97;0.49;137.69;3.94;634;1;332.00;0
428;1;4156260;428;203;1060;1060;7.93;0.49;137.78;3.93;632;1;333.00;0
431;1;4156267;431;203;1060;1060;7.98;0.49;139.14;3.93;629;1;334.00;0
433;1;4156274;433;210;1060;1060;7.99;0.49;139.38;3.93;627;1;335.00;0
434;1;4156281;434;212;1073;1073;8.07;0.50;139.83;3.89;639;1;336.00;0
436;1;4156289;436;210;1073;1073;8.09;0.50;140.74;3.89;637;1;337.00;0
439;1;4156296;439;206;1073;1073;8.13;0.50;141.29;3.89;634;1;338.00;0
442;1;4156302;442;205;1074;1074;8.17;0.50;141.64;3.88;632;1;339.00;0
444;1;4156309;444;210;1075;1075;8.18;0.50;141.49;3.88;631;1;340.00;0
447;1;4156317;447;212;1075;1075;8.20;0.51;141.78;3.88;628;1;341.00;0
448;1;4156324;448;216;1077;1078;8.25;0.51;142.18;3.87;629;1;342.00;1
452;1;4156331;452;218;1077;1078;8.26;0.51;143.12;3.87;625;1;343.00;1
459;1;4156338;459;225;1078;1078;8.19;0.50;143.24;3.87;619;1;344.00;0
465;1;4156345;465;222;1078;1078;8.09;0.50;143.85;3.87;613;1;345.00;0
468;1;4156353;468;223;1084;1084;8.09;0.50;143.84;3.86;616;1;346.00;0
472;1;4156360;472;226;1084;1084;7.93;0.49;144.53;3.86;612;1;347.00;0
475;1;4156368;475;227;1084;1084;7.77;0.48;144.71;3.86;609;1;348.00;0
479;1;4156375;479;227;1084;1084;7.57;0.46;145.04;3.86;605;1;349.00;0
482;1;4156381;482;234;1088;1088;7.50;0.46;146.16;3.85;606;1;350.00;0
484;1;4156389;484;239;1089;1089;7.41;0.46;146.16;3.84;605;1;351.00;0
487;1;4156396;487;247;1089;1089;7.27;0.45;145.92;3.84;602;1;352.00;0
489;1;4156402;489;251;1090;1090;7.18;0.44;146.29;3.84;601;1;353.00;0
492;1;4156409;492;252;1090;1090;6.99;0.43;146.12;3.84;598;1;354.00;0
493;1;4156415;493;255;1090;1090;6.83;0.42;145.96;3.84;597;1;355.00;0
495;1;4156422;495;259;1090;1090;6.71;0.41;145.89;3.84;595;1;356.00;0
496;1;4156428;496;265;1090;1090;6.58;0.40;146.13;3.84;594;1;357.00;0
499;1;4156435;499;269;1090;1090;6.47;0.40;146.12;3.84;591;1;358.00;0
502;1;4156442;502;277;1090;1090;6.36;0.39;145.77;3.84;588;1;359.00;0
502;1;4156450;502;298;1161;1215;6.84;0.43;145.77;3.61;659;1;360.00;54
504;1;4156466;504;289;1173;1216;6.80;0.43;146.02;3.58;669;1;361.00;43
507;1;4156474;507;274;1183;1216;6.94;0.43;146.31;3.57;676;1;362.00;33
508;1;4156481;508;261;1187;1216;7.01;0.44;146.17;3.56;679;1;363.00;29
509;1;4156488;509;256;1191;1216;7.09;0.44;145.96;3.57;682;1;364.00;25
509;1;4156501;509;255;1192;1216;7.17;0.45;145.96;3.57;683;1;365.00;24
509;1;4156508;509;248;1199;1216;7.28;0.45;145.96;3.58;690;1;366.00;17
511;1;4156515;511;245;1203;1216;7.30;0.45;146.13;3.59;692;1;367.00;13
514;1;4156530;514;245;1208;1217;7.36;0.45;146.40;3.61;694;1;368.00;9
516;1;4156539;516;247;1211;1218;7.44;0.46;146.90;3.62;695;1;369.00;7
517;1;4156547;517;246;1213;1218;7.41;0.45;146.91;3.63;696;1;370.00;5
517;1;4156560;517;244;1219;1222;7.38;0.45;146.91;3.62;702;1;371.00;3
520;1;4156574;520;250;1219;1222;7.35;0.45;147.02;3.62;699;1;372.00;3
521;1;4156581;521;254;1220;1222;7.31;0.45;147.16;3.63;699;1;373.00;2
521;1;4156589;521;256;1220;1222;7.30;0.45;147.16;3.63;699;1;374.00;2
521;1;4156597;521;256;1226;1228;7.28;0.44;147.16;3.63;705;1;375.00;2
522;1;4156606;522;263;1226;1228;7.29;0.45;147.53;3.63;704;1;376.00;2
524;1;4156614;524;257;1226;1228;7.38;0.45;147.93;3.63;702;1;377.00;2
526;1;4156624;526;257;1229;1231;7.44;0.45;148.63;3.64;703;1;378.00;2
529;1;4156633;529;256;1230;1231;7.49;0.46;149.05;3.64;701;1;379.00;1
529;1;4156642;529;253;1230;1231;7.51;0.46;149.05;3.64;701;1;380.00;1
531;1;4156651;531;253;1231;1232;7.56;0.46;148.91;3.64;700;1;381.00;1
534;1;4156660;534;255;1233;1233;7.63;0.46;148.82;3.63;699;1;382.00;0
536;1;4156669;536;255;1233;1233;7.75;0.47;149.25;3.63;697;1;383.00;0
539;1;4156680;539;257;1246;1246;7.92;0.48;149.48;3.60;707;1;384.00;0
541;1;4156691;541;262;1246;1246;7.96;0.48;149.67;3.60;705;1;385.00;0
542;1;4156702;542;248;1246;1246;8.02;0.49;149.87;3.60;704;1;386.00;0
543;1;4156711;543;236;1247;1247;8.03;0.49;149.64;3.59;704;1;387.00;0
544;1;4156721;544;224;1247;1247;8.09;0.49;149.55;3.59;703;1;388.00;0
545;1;4156730;545;220;1251;1251;8.15;0.50;149.70;3.58;706;1;389.00;0
547;1;4156742;547;219;1251;1251;8.23;0.50;150.29;3.58;704;1;390.00;0
549;1;4156751;549;219;1255;1255;8.21;0.50;150.63;3.58;706;1;391.00;0
551;1;4156761;551;215;1255;1255;8.24;0.50;150.98;3.58;704;1;392.00;0
552;1;4156770;552;219;1255;1255;8.33;0.51;151.15;3.58;703;1;393.00;0
556;1;4156779;556;216;1255;1255;8.46;0.52;151.47;3.58;699;1;394.00;0
556;2;4156787;556;220;1255;1255;8.58;0.52;151.47;3.58;699;2;395.00;0
560;2;4156802;560;217;1265;1267;8.65;0.53;152.37;3.55;705;2;396.00;2
563;2;4156812;563;213;1265;1267;8.72;0.53;153.28;3.55;702;2;397.00;2
565;2;4156821;565;208;1267;1267;8.83;0.54;153.36;3.55;702;2;398.00;0
570;2;4156831;570;201;1267;1267;8.92;0.55;154.06;3.55;697;2;399.00;0
572;2;4156840;572;202;1267;1267;8.99;0.55;154.69;3.55;695;2;400.00;0
575;2;4156854;575;199;1267;1267;9.02;0.55;155.19;3.55;692;2;401.00;0
576;2;4156863;576;195;1268;1268;9.09;0.56;155.42;3.54;692;2;402.00;0
578;2;4156871;578;193;1268;1268;9.11;0.56;156.17;3.54;690;2;403.00;0
581;2;4156880;581;187;1274;1274;9.19;0.56;156.80;3.53;693;2;404.00;0
583;3;4156889;583;179;1276;1276;9.17;0.56;157.32;3.53;693;3;405.00;0
586;3;4156910;586;178;1276;1276;9.17;0.56;157.21;3.53;690;3;406.00;0
588;3;4156918;588;179;1276;1276;9.16;0.56;157.84;3.53;688;3;407.00;0
594;3;4156926;594;176;1280;1280;9.21;0.56;158.91;3.51;686;3;408.00;0
597;3;4156935;597;178;1280;1280;9.23;0.56;159.49;3.51;683;3;409.00;0
599;3;4156944;599;185;1280;1280;9.23;0.56;159.60;3.51;681;3;410.00;0
603;3;4156952;603;184;1281;1281;9.25;0.56;160.79;3.51;678;3;411.00;0
605;3;4156984;605;186;1285;1285;9.24;0.56;161.58;3.51;680;3;412.00;0
606;3;4157000;606;182;1285;1285;9.30;0.57;161.99;3.51;679;3;413.00;0
608;3;4157010;608;180;1287;1288;9.39;0.57;162.30;3.50;679;3;414.00;1
609;3;4157019;609;185;1287;1288;9.41;0.57;162.47;3.50;678;3;415.00;1
609;3;4157027;609;187;1288;1288;9.49;0.58;162.47;3.50;679;3;416.00;0
611;3;4157035;611;187;1288;1288;9.48;0.58;162.55;3.50;677;3;417.00;0
612;3;4157049;612;189;1292;1292;9.54;0.58;162.73;3.49;680;3;418.00;0
613;3;4157058;613;186;1292;1292;9.58;0.59;162.56;3.49;679;3;419.00;0
616;3;4157072;616;182;1292;1292;9.64;0.59;162.59;3.49;676;3;420.00;0
620;3;4157080;620;174;1292;1292;9.64;0.59;163.02;3.49;672;3;421.00;0
623;3;4157089;623;174;1293;1293;9.64;0.59;164.01;3.49;670;3;422.00;0
627;3;4157096;627;170;1294;1294;9.73;0.59;164.31;3.49;667;3;423.00;0
629;3;4157105;629;157;1294;1294;9.72;0.59;164.52;3.49;665;3;424.00;0
633;3;4157112;633;149;1295;1295;9.72;0.59;165.28;3.48;662;3;425.00;0
634;3;4157121;634;144;1295;1295;9.75;0.60;165.26;3.48;661;3;426.00;0
635;3;4157129;635;136;1295;1295;9.81;0.60;165.62;3.48;660;3;427.00;0
637;3;4157137;637;134;1295;1295;9.89;0.60;165.86;3.48;658;3;428.00;0
642;3;4157147;642;131;1295;1295;9.97;0.61;165.83;3.48;653;3;429.00;0
645;3;4157159;645;126;1295;1295;10.11;0.62;166.18;3.48;650;3;430.00;0
647;3;4157168;647;121;1295;1295;10.25;0.63;166.32;3.48;648;3;431.00;0
649;3;4157180;649;148;1369;1422;10.09;0.63;166.79;3.30;720;3;432.00;53
653;3;4157201;653;130;1371;1423;10.23;0.64;167.56;3.29;718;3;433.00;52
656;3;4157213;656;115;1376;1423;10.38;0.64;167.63;3.29;720;3;434.00;47
660;3;4157224;660;108;1378;1423;10.42;0.65;168.27;3.29;718;3;435.00;45
664;3;4157233;664;107;1383;1423;10.59;0.66;168.73;3.29;719;3;436.00;40
668;3;4157241;668;100;1385;1423;10.63;0.66;168.86;3.29;717;3;437.00;38
671;3;4157250;671;100;1389;1423;10.76;0.66;168.95;3.30;718;3;438.00;34
676;3;4157259;676;99;1391;1423;10.83;0.66;169.35;3.31;715;3;439.00;32
678;3;4157268;678;103;1394;1424;10.94;0.67;169.60;3.32;716;3;440.00;30
684;3;4157282;684;102;1399;1425;11.02;0.67;169.60;3.34;715;3;441.00;26
688;3;4157292;688;101;1404;1425;11.05;0.67;169.80;3.36;716;3;442.00;21
690;3;4157301;690;100;1407;1426;11.07;0.67;170.14;3.38;717;3;443.00;19
692;3;4157310;692;103;1410;1426;11.03;0.67;170.81;3.40;718;3;444.00;16
694;3;4157319;694;105;1413;1426;10.90;0.66;171.19;3.41;719;3;445.00;13
696;3;4157329;696;103;1417;1426;10.64;0.65;171.42;3.44;721;3;446.00;9
702;3;4157338;702;103;1419;1430;10.40;0.63;171.77;3.44;717;3;447.00;11
703;3;4157353;703;111;1422;1430;10.20;0.62;171.91;3.47;719;3;448.00;8
708;3;4157362;708;122;1425;1430;10.04;0.61;172.16;3.48;717;3;449.00;5
710;3;4157373;710;125;1429;1436;9.88;0.60;172.23;3.48;719;3;450.00;7
711;3;4157381;711;133;1430;1436;9.84;0.60;172.40;3.48;719;3;451.00;6
714;3;4157391;714;138;1433;1436;9.83;0.60;172.82;3.50;719;3;452.00;3
716;3;4157400;716;138;1436;1440;9.82;0.60;172.80;3.50;720;3;453.00;4
716;3;4157414;716;140;1438;1441;9.91;0.61;172.80;3.50;722;3;454.00;3
722;3;4157423;722;137;1440;1441;9.93;0.61;172.76;3.50;718;3;455.00;1
724;3;4157432;724;143;1443;1445;10.02;0.61;172.77;3.50;719;3;456.00;2
727;3;4157441;727;145;1443;1445;10.06;0.61;172.80;3.50;716;3;457.00;2
729;3;4157455;729;153;1443;1445;10.08;0.62;173.00;3.50;714;3;458.00;2
730;3;4157464;730;156;1444;1446;10.05;0.61;172.94;3.49;714;3;459.00;2
735;3;4157472;735;164;1444;1446;9.93;0.61;173.73;3.49;709;3;460.00;2
736;3;4157481;736;170;1451;1452;9.83;0.60;173.86;3.49;715;3;461.00;1
740;3;4157490;740;169;1451;1452;9.67;0.59;173.91;3.49;711;3;462.00;1
741;3;4157499;741;178;1453;1453;9.57;0.58;173.86;3.49;712;3;463.00;0
743;3;4157507;743;182;1453;1453;9.46;0.58;174.12;3.49;710;3;464.00;0
743;3;4157515;743;187;1453;1453;9.33;0.57;174.12;3.49;710;3;465.00;0
744;3;4157523;744;188;1453;1453;9.25;0.56;174.02;3.49;709;3;466.00;0
744;3;4157531;744;197;1453;1453;9.16;0.56;174.02;3.49;709;3;467.00;0
745;3;4157539;745;203;1464;1465;9.16;0.56;174.03;3.46;719;3;468.00;1
747;3;4157548;747;215;1464;1465;9.11;0.56;174.37;3.46;717;3;469.00;1
748;3;4157556;748;223;1465;1465;9.04;0.55;174.38;3.46;717;3;470.00;0
749;3;4157564;749;229;1465;1465;8.99;0.55;174.58;3.46;716;3;471.00;0
750;3;4157572;750;236;1465;1465;8.94;0.55;174.59;3.46;715;3;472.00;0
751;3;4157580;751;242;1465;1465;8.86;0.54;174.70;3.46;714;3;473.00;0
754;3;4157588;754;248;1469;1469;8.79;0.54;175.26;3.45;715;3;474.00;0
754;3;4157596;754;251;1469;1469;8.71;0.53;175.26;3.45;715;3;475.00;0
756;3;4157604;756;254;1473;1473;8.65;0.53;175.27;3.45;717;3;476.00;0
758;3;4157611;758;264;1474;1474;8.58;0.53;175.22;3.45;716;3;477.00;0
760;3;4157619;760;267;1474;1474;8.45;0.52;175.09;3.45;714;3;478.00;0
762;3;4157628;762;270;1474;1474;8.34;0.51;174.94;3.45;712;3;479.00;0
766;3;4157637;766;271;1496;1500;8.40;0.52;174.68;3.40;730;3;480.00;4
769;3;4157648;769;264;1497;1500;8.38;0.51;174.52;3.39;728;3;481.00;3
771;3;4157656;771;264;1500;1500;8.48;0.52;174.57;3.39;729;3;482.00;0
772;3;4157664;772;258;1501;1501;8.56;0.53;174.77;3.39;729;3;483.00;0
773;3;4157672;773;259;1502;1502;8.53;0.52;174.70;3.39;729;3;484.00;0
774;3;4157680;774;261;1502;1502;8.47;0.52;174.72;3.39;728;3;485.00;0
776;3;4157687;776;259;1504;1505;8.42;0.52;174.49;3.38;728;3;486.00;1
779;3;4157695;779;263;1504;1505;8.29;0.51;174.46;3.38;725;3;487.00;1
780;3;4157703;780;264;1505;1505;8.22;0.50;174.40;3.38;725;3;488.00;0
783;3;4157710;783;265;1505;1505;8.18;0.50;174.31;3.38;722;3;489.00;0
785;3;4157718;785;272;1511;1511;8.16;0.50;174.06;3.37;726;3;490.00;0
787;3;4157727;787;271;1511;1511;8.04;0.49;174.10;3.37;724;3;491.00;0
788;3;4157734;788;272;1511;1511;7.92;0.49;173.98;3.37;723;3;492.00;0
793;3;4157741;793;275;1511;1511;7.79;0.48;173.45;3.37;718;3;493.00;0
802;3;4157748;802;275;1515;1515;7.56;0.46;173.54;3.37;713;3;494.00;0
804;3;4157756;804;262;1517;1517;7.48;0.46;174.10;3.36;713;3;495.00;0
808;3;4157764;808;261;1517;1517;7.41;0.45;174.13;3.36;709;3;496.00;0
811;3;4157771;811;260;1518;1518;7.33;0.45;174.65;3.36;707;3;497.00;0
813;3;4157778;813;258;1518;1518;7.27;0.44;175.03;3.36;705;3;498.00;0
813;3;4157786;813;258;1518;1518;7.31;0.45;175.03;3.36;705;3;499.00;0
814;3;4157794;814;262;1518;1518;7.27;0.45;175.34;3.36;704;3;500.00;0
814;3;4157804;814;266;1518;1518;7.28;0.45;175.34;3.36;704;3;501.00;0
815;3;4157811;815;262;1518;1518;7.31;0.45;175.65;3.36;703;3;502.00;0
819;3;4157817;819;262;1518;1518;7.28;0.44;176.02;3.36;699;3;503.00;0
822;3;4157825;822;259;1556;1588;7.45;0.46;176.11;3.28;734;3;504.00;32
823;3;4157838;823;256;1560;1589;7.39;0.45;176.41;3.27;737;3;505.00;29
828;3;4157845;828;253;1568;1589;7.34;0.45;176.85;3.27;740;3;506.00;21
831;3;4157853;831;260;1569;1589;7.27;0.44;177.36;3.27;738;3;507.00;20
833;3;4157860;833;250;1574;1589;7.29;0.44;177.64;3.27;741;3;508.00;15
836;3;4157868;836;250;1574;1589;7.29;0.44;177.73;3.27;738;3;509.00;15
839;3;4157877;839;246;1577;1589;7.34;0.45;177.76;3.27;738;3;510.00;12
840;3;4157886;840;246;1580;1589;7.41;0.45;177.69;3.28;740;3;511.00;9
841;3;4157894;841;245;1583;1590;7.46;0.45;178.06;3.29;742;3;512.00;7
844;3;4157903;844;243;1585;1591;7.44;0.45;177.72;3.30;741;3;513.00;6
849;3;4157911;849;244;1587;1591;7.45;0.45;178.41;3.30;738;3;514.00;4
851;3;4157919;851;243;1594;1595;7.49;0.46;178.53;3.31;743;3;515.00;1
854;3;4157928;854;239;1595;1595;7.53;0.46;178.96;3.31;741;3;516.00;0
856;3;4157944;856;241;1595;1595;7.60;0.46;179.53;3.31;739;3;517.00;0
858;3;4157954;858;237;1595;1595;7.62;0.47;179.18;3.31;737;3;518.00;0
861;3;4157962;861;237;1601;1601;7.73;0.47;179.54;3.30;740;3;519.00;0
862;3;4157977;862;239;1601;1601;7.76;0.47;179.76;3.30;739;3;520.00;0
866;3;4157986;866;238;1601;1601;7.74;0.47;180.15;3.30;735;3;521.00;0
868;3;4157996;868;241;1603;1604;7.78;0.48;180.23;3.30;735;3;522.00;1
871;3;4158005;871;240;1603;1604;7.77;0.47;180.21;3.30;732;3;523.00;1
872;3;4158014;872;248;1604;1604;7.82;0.48;180.44;3.30;732;3;524.00;0
873;3;4158023;873;247;1605;1605;7.77;0.48;180.69;3.29;732;3;525.00;0
876;3;4158032;876;238;1606;1606;7.79;0.48;180.77;3.29;730;3;526.00;0
880;3;4158041;880;241;1606;1606;7.83;0.48;181.24;3.29;726;3;527.00;0
885;3;4158051;885;245;1618;1619;7.86;0.48;181.38;3.27;733;3;528.00;1
890;3;4158062;890;246;1618;1619;7.84;0.48;181.75;3.27;728;3;529.00;1
893;3;4158071;893;244;1619;1619;7.91;0.48;181.63;3.27;726;3;530.00;0
896;3;4158080;896;246;1620;1620;7.96;0.48;182.11;3.27;724;3;531.00;0
897;3;4158089;897;249;1620;1620;8.00;0.49;182.10;3.27;723;3;532.00;0
901;3;4158098;901;248;1624;1624;7.98;0.48;182.14;3.26;723;3;533.00;0
901;3;4158107;901;248;1624;1624;8.02;0.49;182.14;3.26;723;3;534.00;0
906;3;4158115;906;249;1628;1628;7.96;0.48;182.19;3.25;722;3;535.00;0
908;3;4158124;908;253;1628;1628;7.81;0.47;182.42;3.25;720;3;536.00;0
910;3;4158133;910;253;1628;1628;7.79;0.47;182.33;3.25;718;3;537.00;0
913;3;4158142;913;253;1628;1628;7.73;0.47;182.79;3.25;715;3;538.00;0
914;3;4158151;914;253;1628;1628;7.71;0.47;182.92;3.25;714;3;539.00;0
916;3;4158161;916;256;1658;1662;7.81;0.48;183.01;3.20;742;3;540.00;4
918;3;4158172;918;257;1658;1662;7.81;0.48;182.98;3.20;740;3;541.00;4
918;3;4158181;918;252;1661;1662;7.87;0.48;182.98;3.19;743;3;542.00;1
921;3;4158191;921;247;1661;1662;7.87;0.48;183.06;3.19;740;3;543.00;1
923;3;4158200;923;241;1662;1662;7.86;0.48;183.23;3.19;739;3;544.00;0
923;3;4158209;923;237;1662;1662;7.88;0.48;183.23;3.19;739;3;545.00;0
929;3;4158218;929;234;1663;1663;7.80;0.48;183.67;3.19;734;3;546.00;0
932;3;4158228;932;234;1663;1663;7.76;0.47;183.92;3.19;731;3;547.00;0
935;3;4158238;935;233;1669;1669;7.79;0.47;183.94;3.18;734;3;548.00;0
936;3;4158247;936;232;1670;1670;7.86;0.48;184.02;3.18;734;3;549.00;0
937;3;4158257;937;234;1670;1670;7.85;0.48;184.14;3.18;733;3;550.00;0
941;3;4158272;941;228;1670;1670;7.84;0.48;184.45;3.18;729;3;551.00;0
941;3;4158282;941;223;1674;1674;7.95;0.48;184.45;3.18;733;3;552.00;0
944;3;4158291;944;214;1674;1674;8.00;0.49;184.48;3.18;730;3;553.00;0
946;3;4158301;946;208;1674;1674;8.07;0.49;184.50;3.18;728;3;554.00;0
947;3;4158311;947;203;1675;1675;8.17;0.50;184.43;3.17;728;3;555.00;0
948;3;4158320;948;204;1679;1679;8.16;0.50;184.49;3.17;731;3;556.00;0
952;3;4158336;952;201;1679;1679;8.16;0.50;184.96;3.17;727;3;557.00;0
957;3;4158354;957;201;1681;1682;8.25;0.50;185.54;3.16;724;3;558.00;1
958;3;4158366;958;203;1681;1682;8.26;0.50;185.56;3.16;723;3;559.00;1
959;3;4158376;959;208;1682;1682;8.33;0.51;185.72;3.16;723;3;560.00;0
961;3;4158385;961;217;1682;1682;8.40;0.51;185.90;3.16;721;3;561.00;0
965;3;4158395;965;210;1686;1686;8.51;0.52;186.25;3.16;721;3;562.00;0
968;3;4158405;968;210;1686;1686;8.59;0.53;186.62;3.16;718;3;563.00;0
971;3;4158414;971;201;1686;1686;8.67;0.53;187.12;3.16;715;3;564.00;0
972;3;4158424;972;200;1686;1686;8.80;0.54;187.47;3.16;714;3;565.00;0
973;3;4158433;973;203;1687;1687;8.92;0.55;187.54;3.16;714;3;566.00;0
975;3;4158442;975;204;1688;1688;9.01;0.55;187.63;3.16;713;3;567.00;0
978;3;4158453;978;201;1688;1688;9.03;0.55;188.09;3.16;710;3;568.00;0
980;3;4158462;980;200;1689;1689;9.14;0.56;188.07;3.15;709;3;569.00;0
980;3;4158474;980;198;1689;1689;9.22;0.56;188.07;3.15;709;3;570.00;0
985;3;4158483;985;195;1689;1689;9.25;0.56;188.65;3.15;704;3;571.00;0
988;3;4158498;988;193;1689;1689;9.30;0.57;188.86;3.15;701;3;572.00;0
993;3;4158508;993;194;1689;1689;9.34;0.57;189.10;3.15;696;3;573.00;0
998;3;4158517;998;192;1689;1689;9.34;0.57;189.56;3.15;691;3;574.00;0
1002;3;4158527;1002;197;1689;1689;9.31;0.57;189.95;3.15;687;3;575.00;0
1004;3;4158536;1004;226;1770;1816;8.97;0.55;189.99;3.01;766;3;576.00;46
1010;3;4158555;1010;217;1771;1817;8.94;0.55;190.62;3.01;761;3;577.00;46
1011;3;4158565;1011;209;1775;1817;8.96;0.55;190.72;3.01;764;3;578.00;42
1015;3;4158581;1015;212;1775;1817;8.89;0.55;191.14;3.01;760;3;579.00;42
1018;3;4158590;1018;210;1779;1817;8.95;0.55;191.71;3.01;761;3;580.00;38
1020;3;4158600;1020;210;1780;1817;8.97;0.55;191.74;3.01;760;3;581.00;37
1021;3;4158616;1021;216;1786;1817;9.02;0.55;192.12;3.02;765;3;582.00;31
1022;3;4158625;1022;219;1787;1817;9.06;0.55;192.36;3.02;765;3;583.00;30
1023;3;4158634;1023;229;1790;1818;9.12;0.56;192.45;3.03;767;3;584.00;28
1025;3;4158644;1025;228;1796;1820;9.09;0.56;192.51;3.05;771;3;585.00;24
1025;3;4158654;1025;225;1799;1820;9.09;0.56;192.51;3.06;774;3;586.00;21
1026;3;4158665;1026;220;1803;1821;9.11;0.56;192.47;3.07;777;3;587.00;18
1027;3;4158680;1027;218;1804;1821;9.09;0.55;192.47;3.08;777;3;588.00;17
1027;3;4158691;1027;213;1806;1821;9.12;0.56;192.47;3.09;779;3;589.00;15
1030;3;4158700;1030;207;1811;1821;9.07;0.55;192.74;3.12;781;3;590.00;10
1032;3;4158710;1032;207;1814;1825;9.10;0.55;193.22;3.13;782;3;591.00;11
1033;3;4158720;1033;202;1816;1825;9.14;0.56;193.39;3.14;783;3;592.00;9
1036;3;4158730;1036;197;1818;1825;9.17;0.56;193.69;3.14;782;3;593.00;7
1037;3;4158739;1037;195;1819;1828;9.23;0.56;194.05;3.14;782;3;594.00;9
1040;3;4158749;1040;193;1820;1828;9.21;0.56;194.72;3.15;780;3;595.00;8
1040;3;4158759;1040;197;1821;1828;9.18;0.56;194.72;3.16;781;3;596.00;7
1043;3;4158769;1043;191;1824;1832;9.10;0.55;195.63;3.16;781;3;597.00;8
1044;3;4158779;1044;194;1828;1833;9.03;0.55;195.86;3.18;784;3;598.00;5
1050;3;4158788;1050;187;1828;1833;8.98;0.55;196.66;3.18;778;3;599.00;5
1055;3;4158811;1055;194;1841;1859;8.83;0.54;197.28;3.16;786;3;600.00;18
1058;3;4158834;1058;188;1844;1859;8.79;0.53;197.16;3.17;786;3;601.00;15
1065;3;4158849;1065;189;1846;1859;8.72;0.53;197.95;3.17;781;3;602.00;13
1070;3;4158859;1070;183;1847;1860;8.66;0.53;198.78;3.17;777;3;603.00;13
1071;3;4158869;1071;181;1847;1860;8.62;0.52;198.62;3.17;776;3;604.00;13
1073;3;4158879;1073;191;1851;1866;8.60;0.52;199.14;3.16;778;3;605.00;15
1076;3;4158889;1076;196;1853;1866;8.50;0.52;199.54;3.17;777;3;606.00;13
1078;3;4158898;1078;192;1855;1867;8.46;0.51;199.33;3.17;777;3;607.00;12
1080;3;4158908;1080;193;1856;1867;8.45;0.51;199.78;3.17;776;3;608.00;11
1082;3;4158917;1082;196;1857;1867;8.41;0.51;199.98;3.17;775;3;609.00;10
1083;3;4158927;1083;204;1857;1867;8.31;0.51;199.98;3.17;774;3;610.00;10
1085;4;4158935;1085;210;1859;1867;8.18;0.50;200.26;3.18;774;4;611.00;8
1087;4;4158962;1087;214;1870;1879;8.16;0.50;200.41;3.17;783;4;612.00;9
1089;4;4158979;1089;218;1871;1879;8.12;0.49;200.38;3.18;782;4;613.00;8
1089;4;4158988;1089;222;1873;1879;8.13;0.50;200.38;3.18;784;4;614.00;6
1089;4;4158997;1089;217;1873;1879;8.16;0.50;200.38;3.18;784;4;615.00;6
1089;4;4159006;1089;220;1873;1879;8.20;0.50;200.38;3.18;784;4;616.00;6
1092;4;4159015;1092;221;1873;1879;8.18;0.50;200.33;3.18;781;4;617.00;6
1092;4;4159024;1092;229;1877;1883;8.18;0.50;200.33;3.19;785;4;618.00;6
1092;4;4159036;1092;234;1878;1883;8.22;0.50;200.33;3.19;786;4;619.00;5
1095;4;4159046;1095;237;1882;1887;8.26;0.50;200.42;3.19;787;4;620.00;5
1098;4;4159055;1098;243;1883;1888;8.26;0.50;200.25;3.19;785;4;621.00;5
1103;4;4159065;1103;244;1883;1888;8.22;0.50;199.91;3.19;780;4;622.00;5
1104;4;4159075;1104;253;1884;1888;8.21;0.50;199.90;3.20;780;4;623.00;4
1108;4;4159084;1108;256;1893;1901;8.16;0.50;199.40;3.19;785;4;624.00;8
1109;4;4159094;1109;260;1896;1901;8.14;0.50;199.25;3.20;787;4;625.00;5
1110;4;4159103;1110;260;1896;1901;8.09;0.49;199.11;3.20;786;4;626.00;5
1112;4;4159112;1112;265;1899;1902;8.02;0.49;199.16;3.20;787;4;627.00;3
1113;4;4159121;1113;273;1900;1903;7.94;0.49;199.14;3.19;787;4;628.00;3
1114;4;4159130;1114;275;1902;1903;7.88;0.48;199.19;3.22;788;4;629.00;1
1114;4;4159140;1114;276;1906;1909;7.89;0.48;199.19;3.21;792;4;630.00;3
1116;4;4159149;1116;283;1907;1909;7.81;0.48;199.26;3.21;791;4;631.00;2
1116;4;4159158;1116;287;1909;1909;7.78;0.48;199.26;3.21;793;4;632.00;0
1118;4;4159165;1118;294;1909;1909;7.71;0.47;199.13;3.21;791;4;633.00;0
1119;4;4159173;1119;299;1915;1915;7.74;0.47;199.13;3.20;796;4;634.00;0
1121;4;4159181;1121;303;1915;1915;7.62;0.47;199.13;3.20;794;4;635.00;0
1122;4;4159189;1122;306;1915;1915;7.48;0.46;199.20;3.20;793;4;636.00;0
1124;4;4159197;1124;317;1915;1915;7.34;0.45;199.10;3.20;791;4;637.00;0
1128;4;4159204;1128;323;1919;1919;7.26;0.45;198.74;3.20;791;4;638.00;0
1130;4;4159212;1130;328;1920;1920;7.19;0.44;198.78;3.20;790;4;639.00;0
1131;4;4159220;1131;333;1920;1920;7.16;0.44;198.70;3.20;789;4;640.00;0
1133;4;4159227;1133;335;1921;1921;7.09;0.44;198.56;3.19;788;4;641.00;0
1135;4;4159234;1135;335;1921;1921;6.99;0.43;198.32;3.19;786;4;642.00;0
1136;4;4159242;1136;339;1921;1921;6.96;0.43;198.33;3.19;785;4;643.00;0
1138;4;4159249;1138;339;1921;1921;6.89;0.42;198.18;3.19;783;4;644.00;0
1142;4;4159256;1142;336;1921;1921;6.83;0.42;198.15;3.19;779;4;645.00;0
1143;4;4159264;1143;331;1921;1921;6.81;0.42;198.28;3.19;778;4;646.00;0
1143;4;4159271;1143;326;1921;1921;6.74;0.42;198.28;3.19;778;4;647.00;0
1144;4;4159277;1144;332;1960;1991;6.93;0.43;198.21;3.13;816;4;648.00;31
1145;4;4159290;1145;325;1961;1992;6.84;0.42;198.21;3.13;816;4;649.00;31
1150;4;4159298;1150;317;1968;1992;6.81;0.42;197.84;3.13;818;4;650.00;24
1152;4;4159305;1152;318;1972;1992;6.79;0.42;197.81;3.13;820;4;651.00;20
1153;4;4159312;1153;315;1976;1992;6.73;0.41;197.76;3.13;823;4;652.00;16
1157;4;4159319;1157;320;1976;1992;6.60;0.40;197.86;3.13;819;4;653.00;16
1157;4;4159327;1157;319;1979;1992;6.61;0.41;197.86;3.13;822;4;654.00;13
1157;4;4159333;1157;308;1982;1992;6.60;0.41;197.86;3.14;825;4;655.00;10
1160;4;4159341;1160;298;1984;1993;6.61;0.41;197.77;3.14;824;4;656.00;9
1165;4;4159349;1165;295;1986;1994;6.59;0.40;197.93;3.14;821;4;657.00;8
1169;4;4159357;1169;293;1987;1994;6.56;0.40;198.38;3.15;818;4;658.00;7
1173;4;4159364;1173;286;1992;1998;6.48;0.40;198.28;3.15;819;4;659.00;6
1176;4;4159374;1176;279;1993;1998;6.51;0.40;198.66;3.15;817;4;660.00;5
1179;4;4159382;1179;272;1994;1998;6.54;0.40;198.77;3.16;815;4;661.00;4
1180;4;4159396;1180;265;1995;1998;6.58;0.40;198.88;3.16;815;4;662.00;3
1184;4;4159404;1184;266;2001;2004;6.62;0.40;198.98;3.16;817;4;663.00;3
1186;4;4159414;1186;262;2002;2004;6.70;0.41;198.92;3.17;816;4;664.00;2
1188;4;4159428;1188;262;2003;2004;6.76;0.41;199.14;3.17;815;4;665.00;1
1192;4;4159436;1192;261;2006;2007;6.75;0.41;199.46;3.17;814;4;666.00;1
1194;4;4159451;1194;254;2007;2007;6.80;0.42;199.43;3.17;813;4;667.00;0
1195;4;4159460;1195;253;2007;2007;6.86;0.42;199.45;3.17;812;4;668.00;0
1199;4;4159468;1199;244;2008;2008;6.90;0.42;199.60;3.17;809;4;669.00;0
1201;4;4159477;1201;238;2009;2009;7.00;0.43;199.71;3.17;808;4;670.00;0
1202;4;4159486;1202;236;2009;2009;7.05;0.43;199.83;3.17;807;4;671.00;0
1205;4;4159495;1205;236;2022;2022;7.12;0.43;199.92;3.15;817;4;672.00;0
1206;4;4159506;1206;232;2022;2022;7.18;0.44;200.16;3.15;816;4;673.00;0
1208;4;4159515;1208;237;2022;2022;7.29;0.45;199.95;3.15;814;4;674.00;0
1217;4;4159524;1217;233;2024;2024;7.27;0.44;200.46;3.14;807;4;675.00;0
1220;4;4159534;1220;235;2024;2024;7.33;0.45;200.48;3.14;804;4;676.00;0
1223;4;4159544;1223;235;2028;2028;7.47;0.46;200.85;3.14;805;4;677.00;0
1228;4;4159553;1228;242;2028;2028;7.53;0.46;200.92;3.14;800;4;678.00;0
1231;4;4159563;1231;237;2032;2032;7.66;0.47;201.24;3.13;801;4;679.00;0
1234;4;4159573;1234;239;2032;2032;7.79;0.47;201.31;3.13;798;4;680.00;0
1236;4;4159583;1236;236;2032;2032;7.87;0.48;201.50;3.13;796;4;681.00;0
1240;4;4159593;1240;229;2032;2032;7.88;0.48;201.67;3.13;792;4;682.00;0
1244;4;4159603;1244;230;2032;2032;7.91;0.48;202.36;3.13;788;4;683.00;0
1247;4;4159613;1247;230;2043;2044;7.99;0.49;202.22;3.12;796;4;684.00;1
1250;4;4159624;1250;224;2044;2044;8.06;0.49;202.85;3.12;794;4;685.00;0
1253;4;4159634;1253;227;2044;2044;8.11;0.49;203.23;3.12;791;4;686.00;0
1255;4;4159644;1255;226;2044;2044;8.16;0.50;203.56;3.12;789;4;687.00;0
1256;4;4159654;1256;223;2044;2044;8.28;0.51;203.72;3.12;788;4;688.00;0
1258;4;4159665;1258;222;2044;2044;8.36;0.51;203.91;3.12;786;4;689.00;0
1263;4;4159676;1263;219;2045;2045;8.37;0.51;204.07;3.12;782;4;690.00;0
1269;4;4159703;1269;217;2045;2045;8.35;0.51;204.68;3.12;776;4;691.00;0
1273;4;4159726;1273;215;2051;2051;8.39;0.51;205.02;3.11;778;4;692.00;0
1278;4;4159738;1278;217;2052;2052;8.42;0.51;205.46;3.11;774;4;693.00;0
1281;4;4159748;1281;218;2052;2052;8.47;0.51;205.55;3.11;771;4;694.00;0
1285;4;4159757;1285;221;2052;2052;8.51;0.52;205.65;3.11;767;4;695.00;0
1289;4;4159767;1289;223;2056;2056;8.48;0.51;206.26;3.10;767;4;696.00;0
1297;4;4159777;1297;221;2056;2056;8.45;0.51;206.69;3.10;759;4;697.00;0
1300;4;4159787;1300;218;2056;2056;8.49;0.51;206.76;3.10;756;4;698.00;0
1306;4;4159797;1306;217;2057;2057;8.47;0.51;207.52;3.10;751;4;699.00;0
1310;4;4159808;1310;217;2060;2061;8.45;0.51;207.73;3.10;750;4;700.00;1
1317;4;4159821;1317;213;2061;2061;8.34;0.51;208.45;3.10;744;4;701.00;0
1319;4;4159831;1319;215;2063;2064;8.37;0.51;208.70;3.09;744;4;702.00;1
1320;4;4159841;1320;214;2063;2064;8.33;0.51;208.80;3.09;743;4;703.00;1
1323;4;4159851;1323;216;2064;2064;8.30;0.50;209.20;3.09;741;4;704.00;0
1326;4;4159860;1326;219;2064;2064;8.28;0.50;209.25;3.09;738;4;705.00;0
1328;4;4159869;1328;229;2068;2068;8.23;0.50;209.30;3.09;740;4;706.00;0
1330;4;4159880;1330;221;2068;2068;8.24;0.50;209.65;3.09;738;4;707.00;0
1332;4;4159889;1332;215;2068;2068;8.24;0.50;209.74;3.09;736;4;708.00;0
1334;4;4159899;1334;213;2068;2068;8.24;0.50;209.89;3.09;734;4;709.00;0
1338;4;4159907;1338;215;2069;2069;8.24;0.50;210.13;3.09;731;4;710.00;0
1342;4;4159918;1342;218;2070;2070;8.32;0.50;210.29;3.09;728;4;711.00;0
1344;4;4159927;1344;219;2070;2070;8.34;0.51;210.31;3.09;726;4;712.00;0
1348;4;4159936;1348;221;2071;2071;8.31;0.50;210.68;3.09;723;4;713.00;0
1350;4;4159946;1350;227;2071;2071;8.30;0.50;210.76;3.09;721;4;714.00;0
1353;4;4159956;1353;226;2071;2071;8.28;0.50;210.97;3.09;718;4;715.00;0
1355;4;4159970;1355;216;2071;2071;8.29;0.50;211.48;3.09;716;4;716.00;0
1356;4;4159979;1356;214;2071;2071;8.31;0.50;211.47;3.09;715;4;717.00;0
1358;4;4159988;1358;209;2071;2071;8.29;0.50;211.76;3.09;713;4;718.00;0
1361;4;4159997;1361;205;2071;2071;8.30;0.50;211.84;3.09;710;4;719.00;0
1361;4;4160008;1361;254;2195;2301;8.16;0.51;211.84;2.91;834;4;720.00;106
1362;4;4160038;1362;246;2203;2302;8.13;0.51;211.85;2.91;841;4;721.00;99
1367;4;4160047;1367;231;2213;2302;8.15;0.51;212.15;2.90;846;4;722.00;89
1368;4;4160057;1368;226;2220;2302;8.13;0.51;212.26;2.90;852;4;723.00;82
1370;4;4160072;1370;226;2229;2302;8.15;0.51;212.49;2.91;859;4;724.00;73
1372;4;4160081;1372;227;2232;2302;8.12;0.51;212.65;2.91;860;4;725.00;70
1373;4;4160091;1373;237;2238;2302;8.12;0.51;212.71;2.92;865;4;726.00;64
1373;4;4160101;1373;233;2243;2302;8.17;0.51;212.71;2.93;870;4;727.00;59
1377;4;4160121;1377;234;2250;2303;8.10;0.50;212.89;2.94;873;4;728.00;53
1379;4;4160136;1379;233;2254;2304;8.06;0.50;213.06;2.95;875;4;729.00;50
1380;4;4160147;1380;236;2259;2304;8.00;0.50;213.04;2.97;879;4;730.00;45
1388;4;4160156;1388;243;2265;2305;7.79;0.48;213.27;2.99;877;4;731.00;40
1391;4;4160166;1391;247;2267;2305;7.66;0.48;213.32;2.99;876;4;732.00;38
1393;4;4160176;1393;256;2269;2305;7.52;0.47;213.55;3.00;876;4;733.00;36
1395;4;4160196;1395;260;2272;2305;7.42;0.46;213.60;3.02;877;4;734.00;33
1395;4;4160205;1395;270;2275;2309;7.36;0.46;213.60;3.02;880;4;735.00;34
1395;4;4160215;1395;280;2276;2309;7.38;0.46;213.60;3.03;881;4;736.00;33
1395;4;4160224;1395;281;2279;2309;7.43;0.46;213.60;3.04;884;4;737.00;30
1401;4;4160235;1401;281;2281;2312;7.47;0.46;214.08;3.05;880;4;738.00;31
1403;4;4160245;1403;278;2282;2312;7.52;0.46;214.22;3.05;879;4;739.00;30
1403;4;4160255;1403;280;2283;2312;7.52;0.46;214.22;3.06;880;4;740.00;29
1405;4;4160269;1405;273;2286;2316;7.54;0.46;214.26;3.05;881;4;741.00;30
1407;4;4160279;1407;273;2289;2317;7.51;0.46;214.29;3.07;882;4;742.00;28
1410;4;4160289;1410;280;2289;2317;7.47;0.46;214.42;3.07;879;4;743.00;28
1411;4;4160298;1411;284;2295;2321;7.41;0.45;214.48;3.07;884;4;744.00;26
1414;4;4160308;1414;293;2295;2321;7.35;0.45;214.57;3.07;881;4;745.00;26
1414;4;4160318;1414;294;2296;2321;7.34;0.45;214.57;3.08;882;4;746.00;25
1417;4;4160327;1417;303;2297;2322;7.31;0.45;214.75;3.10;880;4;747.00;25
1417;4;4160337;1417;307;2297;2322;7.29;0.45;214.75;3.10;880;4;748.00;25
1419;4;4160347;1419;306;2303;2328;7.25;0.44;214.68;3.09;884;4;749.00;25
1420;4;4160358;1420;301;2304;2328;7.29;0.45;214.70;3.11;884;4;750.00;24
1421;4;4160368;1421;303;2308;2329;7.28;0.45;214.86;3.13;887;4;751.00;21
1422;4;4160378;1422;302;2309;2329;7.37;0.45;214.87;3.13;887;4;752.00;20
1427;4;4160387;1427;300;2310;2329;7.30;0.45;215.15;3.15;883;4;753.00;19
1430;4;4160402;1430;297;2311;2329;7.30;0.45;215.15;3.16;881;4;754.00;18
1431;4;4160412;1431;296;2311;2329;7.29;0.45;215.15;3.16;880;4;755.00;18
1431;4;4160421;1431;298;2320;2341;7.29;0.45;215.15;3.15;889;4;756.00;21
1434;4;4160431;1434;290;2320;2341;7.30;0.45;215.44;3.15;886;4;757.00;21
1438;4;4160440;1438;286;2322;2341;7.36;0.45;215.42;3.16;884;4;758.00;19
1441;4;4160450;1441;287;2324;2341;7.42;0.45;215.64;3.18;883;4;759.00;17
1444;4;4160459;1444;281;2324;2341;7.50;0.46;215.84;3.18;880;4;760.00;17
1447;4;4160468;1447;282;2325;2341;7.53;0.46;215.95;3.19;878;4;761.00;16
1449;4;4160478;1449;279;2329;2345;7.55;0.46;215.88;3.19;880;4;762.00;16
1453;4;4160488;1453;274;2329;2345;7.55;0.46;215.91;3.19;876;4;763.00;16
1454;4;4160497;1454;277;2334;2349;7.60;0.46;215.98;3.20;880;4;764.00;15
1457;4;4160506;1457;275;2335;2351;7.58;0.46;216.18;3.20;878;4;765.00;16
1458;4;4160517;1458;280;2336;2351;7.59;0.46;216.22;3.22;878;4;766.00;15
1458;4;4160526;1458;284;2337;2351;7.61;0.46;216.22;3.23;879;4;767.00;14
1463;4;4160535;1463;289;2348;2364;7.59;0.46;216.26;3.22;885;4;768.00;16
1466;4;4160546;1466;287;2349;2364;7.51;0.46;216.15;3.23;883;4;769.00;15
1467;4;4160555;1467;295;2350;2364;7.51;0.46;216.24;3.23;883;4;770.00;14
1470;4;4160564;1470;303;2352;2365;7.46;0.45;215.99;3.22;882;4;771.00;13
1471;4;4160573;1471;306;2354;2366;7.38;0.45;215.90;3.24;883;4;772.00;12
1473;4;4160583;1473;313;2354;2366;7.26;0.44;215.80;3.24;881;4;773.00;12
1473;4;4160592;1473;316;2358;2369;7.22;0.44;215.80;3.26;885;4;774.00;11
1475;4;4160602;1475;322;2358;2369;7.16;0.44;215.84;3.26;883;4;775.00;11
1475;4;4160611;1475;328;2358;2369;7.11;0.43;215.84;3.26;883;4;776.00;11
1475;4;4160620;1475;331;2358;2369;7.01;0.43;215.84;3.26;883;4;777.00;11
1476;4;4160629;1476;332;2365;2375;7.02;0.43;215.88;3.30;889;4;778.00;10
1477;4;4160639;1477;332;2366;2375;6.96;0.42;216.05;3.33;889;4;779.00;9
1478;4;4160649;1478;339;2366;2375;6.87;0.42;215.95;3.33;888;4;780.00;9
1480;4;4160658;1480;339;2367;2375;6.87;0.42;215.79;3.35;887;4;781.00;8
1481;4;4160670;1481;341;2372;2379;6.81;0.42;215.68;3.37;891;4;782.00;7
1483;4;4160680;1483;351;2374;2380;6.81;0.42;215.47;3.40;891;4;783.00;6
1484;4;4160689;1484;356;2375;2380;6.84;0.42;215.49;3.42;891;4;784.00;5
1486;4;4160698;1486;356;2377;2381;6.80;0.41;215.24;3.45;891;4;785.00;4
1486;4;4160707;1486;355;2378;2381;6.78;0.41;215.24;3.47;892;4;786.00;3
1489;4;4160715;1489;358;2378;2381;6.77;0.41;215.11;3.47;889;4;787.00;3
1490;4;4160724;1490;362;2379;2381;6.75;0.41;215.01;3.48;889;4;788.00;2
1493;4;4160733;1493;366;2379;2381;6.76;0.41;214.87;3.48;886;4;789.00;2
1495;4;4160742;1495;372;2380;2381;6.78;0.41;214.65;3.49;885;4;790.00;1
1499;4;4160752;1499;376;2381;2381;6.77;0.41;214.34;3.49;882;4;791.00;0
1501;4;4160761;1501;385;2417;2451;6.93;0.42;214.28;3.44;916;4;792.00;34
1501;4;4160775;1501;382;2421;2452;6.92;0.42;214.28;3.44;920;4;793.00;31
1503;4;4160784;1503;382;2430;2452;6.94;0.43;214.20;3.43;927;4;794.00;22
1504;4;4160793;1504;389;2432;2452;6.96;0.43;214.18;3.43;928;4;795.00;20
1506;4;4160802;1506;390;2435;2452;6.95;0.43;214.42;3.43;929;4;796.00;17
1508;4;4160811;1508;396;2435;2452;6.92;0.43;214.33;3.43;927;4;797.00;17
1509;4;4160820;1509;402;2438;2452;6.84;0.42;214.42;3.43;929;4;798.00;14
1510;4;4160829;1510;403;2441;2452;6.80;0.42;214.41;3.44;931;4;799.00;11
1511;4;4160838;1511;409;2442;2453;6.75;0.41;214.41;3.44;931;4;800.00;11
1513;4;4160850;1513;415;2445;2454;6.69;0.41;214.19;3.44;932;4;801.00;9
1513;4;4160859;1513;406;2445;2454;6.69;0.41;214.19;3.44;932;4;802.00;9
1514;4;4160869;1514;406;2451;2458;6.70;0.41;214.10;3.45;937;4;803.00;7
1516;4;4160878;1516;402;2453;2458;6.68;0.41;213.92;3.45;937;4;804.00;5
1520;4;4160888;1520;397;2454;2458;6.62;0.41;213.81;3.46;934;4;805.00;4
1520;4;4160897;1520;392;2455;2458;6.62;0.41;213.81;3.46;935;4;806.00;3
1520;4;4160906;1520;388;2462;2464;6.62;0.41;213.81;3.47;942;4;807.00;2
1527;4;4160915;1527;389;2464;2464;6.54;0.40;213.86;3.47;937;4;808.00;0
1528;4;4160925;1528;384;2464;2464;6.48;0.40;213.84;3.47;936;4;809.00;0
1528;4;4160936;1528;377;2469;2470;6.48;0.40;213.84;3.46;941;4;810.00;1
1530;5;4160946;1530;375;2469;2470;6.42;0.39;213.70;3.46;939;5;811.00;1
1530;5;4160966;1530;374;2470;2470;6.45;0.40;213.70;3.46;940;5;812.00;0
1532;5;4160975;1532;374;2471;2471;6.43;0.39;213.63;3.46;939;5;813.00;0
1534;5;4160990;1534;369;2472;2472;6.41;0.39;213.56;3.46;938;5;814.00;0
1536;6;4161000;1536;371;2472;2472;6.40;0.39;213.35;3.46;936;6;815.00;0
1538;6;4161015;1538;371;2485;2485;6.38;0.39;213.20;3.44;947;6;816.00;0
1540;6;4161026;1540;367;2485;2485;6.35;0.39;213.34;3.44;945;6;817.00;0
1542;6;4161041;1542;370;2485;2485;6.38;0.39;213.19;3.44;943;6;818.00;0
1543;6;4161049;1543;368;2486;2486;6.49;0.40;213.11;3.44;943;6;819.00;0
1545;6;4161059;1545;364;2486;2486;6.54;0.40;213.14;3.44;941;6;820.00;0
1546;6;4161068;1546;362;2489;2490;6.58;0.40;213.25;3.43;943;6;821.00;1
1548;6;4161078;1548;358;2489;2490;6.59;0.40;213.33;3.43;941;6;822.00;1
1555;6;4161092;1555;360;2493;2494;6.52;0.40;213.72;3.43;938;6;823.00;1
1561;6;4161102;1561;353;2493;2494;6.49;0.39;213.61;3.43;932;6;824.00;1
1562;6;4161112;1562;338;2493;2494;6.47;0.39;213.60;3.43;931;6;825.00;1
1567;6;4161121;1567;333;2493;2494;6.42;0.39;213.99;3.43;926;6;826.00;1
1570;6;4161130;1570;326;2493;2494;6.42;0.39;214.03;3.43;923;6;827.00;1
1573;6;4161139;1573;319;2504;2506;6.41;0.39;214.05;3.42;931;6;828.00;2
1575;6;4161149;1575;310;2504;2506;6.43;0.39;214.53;3.42;929;6;829.00;2
1579;6;4161158;1579;306;2504;2506;6.41;0.39;214.78;3.42;925;6;830.00;2
1585;6;4161167;1585;301;2504;2506;6.41;0.39;215.05;3.42;919;6;831.00;2
1587;6;4161176;1587;285;2504;2506;6.54;0.40;215.22;3.42;917;6;832.00;2
1590;6;4161186;1590;278;2504;2506;6.58;0.40;215.66;3.42;914;6;833.00;2
1595;6;4161195;1595;274;2505;2507;6.61;0.40;216.12;3.41;910;6;834.00;2
1598;6;4161205;1598;266;2505;2507;6.68;0.41;216.75;3.41;907;6;835.00;2
1603;6;4161215;1603;261;2510;2513;6.71;0.41;217.47;3.41;907;6;836.00;3
1606;6;4161225;1606;257;2512;2514;6.77;0.42;217.67;3.41;906;6;837.00;2
1610;6;4161235;1610;252;2512;2514;6.87;0.42;217.81;3.41;902;6;838.00;2
1614;6;4161245;1614;251;2513;2514;6.98;0.43;218.35;3.42;899;6;839.00;1
1618;6;4161256;1618;244;2518;2519;7.10;0.43;218.59;3.41;900;6;840.00;1
1621;6;4161267;1621;242;2518;2519;7.18;0.44;218.95;3.41;897;6;841.00;1
1627;6;4161277;1627;246;2519;2519;7.23;0.44;219.02;3.41;892;6;842.00;0
1632;6;4161287;1632;247;2520;2520;7.27;0.44;219.01;3.41;888;6;843.00;0
1633;6;4161303;1633;244;2524;2524;7.38;0.45;219.26;3.41;891;6;844.00;0
1639;6;4161313;1639;239;2524;2524;7.49;0.46;219.77;3.41;885;6;845.00;0
1641;6;4161324;1641;245;2527;2527;7.58;0.46;219.65;3.40;886;6;846.00;0
1648;6;4161335;1648;249;2527;2527;7.66;0.46;220.36;3.40;879;6;847.00;0
1653;6;4161346;1653;245;2527;2527;7.75;0.47;220.44;3.40;874;6;848.00;0
1656;6;4161356;1656;248;2527;2527;7.82;0.47;220.51;3.40;871;6;849.00;0
1658;6;4161366;1658;243;2531;2531;7.83;0.47;220.40;3.40;873;6;850.00;0
1661;6;4161377;1661;243;2531;2531;7.83;0.47;220.55;3.40;870;6;851.00;0
1667;6;4161387;1667;246;2531;2531;7.78;0.47;221.33;3.40;864;6;852.00;0
1670;6;4161397;1670;243;2531;2531;7.80;0.47;221.59;3.40;861;6;853.00;0
1671;6;4161408;1671;238;2532;2532;7.73;0.47;221.82;3.40;861;6;854.00;0
1678;6;4161417;1678;240;2534;2534;7.68;0.46;222.58;3.40;856;6;855.00;0
1681;6;4161428;1681;239;2534;2534;7.72;0.47;222.71;3.40;853;6;856.00;0
1683;6;4161439;1683;237;2535;2535;7.70;0.47;222.83;3.39;852;6;857.00;0
1688;6;4161449;1688;234;2535;2535;7.69;0.47;223.17;3.39;847;6;858.00;0
1690;6;4161459;1690;232;2535;2535;7.72;0.47;223.44;3.39;845;6;859.00;0
1693;6;4161469;1693;234;2535;2535;7.76;0.47;223.72;3.39;842;6;860.00;0
1697;6;4161479;1697;232;2535;2535;7.74;0.47;223.81;3.39;838;6;861.00;0
1701;6;4161490;1701;235;2535;2535;7.77;0.47;223.86;3.39;834;6;862.00;0
1705;6;4161500;1705;236;2535;2535;7.80;0.47;224.27;3.39;830;6;863.00;0
1707;6;4161510;1707;256;2612;2662;7.96;0.49;224.17;3.30;905;6;864.00;50
1712;6;4161533;1712;253;2620;2663;7.94;0.49;224.50;3.29;908;6;865.00;43
1716;6;4161543;1716;250;2626;2663;7.99;0.49;224.64;3.29;910;6;866.00;37
1721;6;4161554;1721;248;2627;2663;7.92;0.49;225.27;3.29;906;6;867.00;36
1726;6;4161566;1726;251;2631;2663;7.89;0.49;225.81;3.29;905;6;868.00;32
1730;6;4161576;1730;258;2632;2663;7.89;0.49;226.09;3.29;902;6;869.00;31
1732;6;4161588;1732;261;2633;2663;7.84;0.48;226.34;3.29;901;6;870.00;30
1735;6;4161599;1735;269;2634;2663;7.76;0.48;226.54;3.29;899;6;871.00;29
1737;6;4161610;1737;260;2637;2664;7.66;0.47;226.62;3.30;900;6;872.00;27
1737;6;4161621;1737;264;2640;2665;7.64;0.47;226.62;3.30;903;6;873.00;25
1741;6;4161632;1741;259;2641;2665;7.50;0.46;227.11;3.30;900;6;874.00;24
1743;6;4161643;1743;258;2645;2666;7.38;0.45;227.34;3.31;902;6;875.00;21
1743;6;4161654;1743;265;2647;2666;7.30;0.45;227.34;3.32;904;6;876.00;19
1749;6;4161670;1749;276;2649;2666;7.18;0.44;227.91;3.33;900;6;877.00;17
1751;6;4161681;1751;287;2651;2666;7.13;0.44;228.19;3.33;900;6;878.00;15
1752;6;4161697;1752;293;2656;2670;7.16;0.44;228.35;3.34;904;6;879.00;14
1756;6;4161709;1756;302;2657;2670;7.19;0.44;228.74;3.34;901;6;880.00;13
1760;6;4161720;1760;292;2658;2670;7.18;0.44;229.05;3.35;898;6;881.00;12
1763;6;4161731;1763;282;2660;2673;7.20;0.44;229.03;3.36;897;6;882.00;13
1764;6;4161743;1764;273;2660;2673;7.25;0.44;229.10;3.36;896;6;883.00;13
1767;6;4161758;1767;273;2661;2673;7.33;0.45;229.04;3.37;894;6;884.00;12
1769;6;4161770;1769;274;2667;2677;7.39;0.45;229.20;3.38;898;6;885.00;10
1774;6;4161782;1774;270;2669;2678;7.44;0.46;229.32;3.39;895;6;886.00;9
1775;6;4161793;1775;267;2673;2678;7.54;0.46;229.30;3.41;898;6;887.00;5
1777;6;4161804;1777;266;2676;2682;7.55;0.46;229.35;3.41;899;6;888.00;6
1780;6;4161815;1780;271;2676;2682;7.58;0.46;229.51;3.41;896;6;889.00;6
1782;6;4161825;1782;272;2677;2682;7.62;0.47;229.66;3.41;895;6;890.00;5
1785;6;4161836;1785;276;2680;2683;7.66;0.47;229.65;3.41;895;6;891.00;3
1788;6;4161847;1788;265;2681;2683;7.70;0.47;229.84;3.41;893;6;892.00;2
1792;6;4161857;1792;259;2686;2689;7.76;0.47;229.94;3.41;894;6;893.00;3
1794;6;4161870;1794;254;2687;2689;7.81;0.48;230.08;3.40;893;6;894.00;2
1798;6;4161881;1798;251;2688;2690;7.83;0.48;230.82;3.40;890;6;895.00;2
1799;6;4161892;1799;246;2689;2690;7.87;0.48;230.78;3.41;890;6;896.00;1
1801;6;4161903;1801;250;2690;2690;7.89;0.48;231.18;3.42;889;6;897.00;0
1803;6;4161913;1803;247;2690;2690;7.93;0.48;231.39;3.42;887;6;898.00;0
1805;6;4161924;1805;247;2690;2690;7.97;0.48;231.54;3.42;885;6;899.00;0
1810;6;4161937;1810;249;2721;2736;7.90;0.48;231.87;3.38;911;6;900.00;15
1812;6;4161956;1812;253;2722;2736;7.95;0.49;231.81;3.38;910;6;901.00;14
1814;6;4161967;1814;251;2725;2736;8.07;0.49;231.90;3.38;911;6;902.00;11
1817;6;4161978;1817;249;2725;2736;8.11;0.50;231.90;3.38;908;6;903.00;11
1822;6;4161990;1822;255;2727;2736;8.12;0.49;232.22;3.38;905;6;904.00;9
1824;6;4162001;1824;258;2728;2736;8.12;0.50;232.33;3.38;904;6;905.00;8
1828;6;4162012;1828;263;2734;2740;8.01;0.49;232.40;3.38;906;6;906.00;6
1832;6;4162028;1832;266;2734;2740;7.92;0.48;232.79;3.38;902;6;907.00;6
1836;6;4162040;1836;271;2737;2744;7.84;0.48;233.06;3.37;901;6;908.00;7
1836;6;4162051;1836;283;2738;2745;7.81;0.47;233.06;3.37;902;6;909.00;7
1840;6;4162061;1840;285;2738;2745;7.70;0.47;233.09;3.37;898;6;910.00;7
1840;6;4162071;1840;296;2738;2745;7.56;0.46;233.09;3.37;898;6;911.00;7
1842;6;4162082;1842;301;2752;2758;7.51;0.46;233.16;3.36;910;6;912.00;6
1844;6;4162093;1844;300;2752;2758;7.48;0.45;233.25;3.36;908;6;913.00;6
1846;6;4162103;1846;305;2752;2758;7.42;0.45;233.39;3.36;906;6;914.00;6
1847;6;4162113;1847;299;2753;2759;7.45;0.45;233.43;3.36;906;6;915.00;6
1848;6;4162123;1848;302;2754;2760;7.43;0.45;233.41;3.36;906;6;916.00;6
1848;6;4162134;1848;304;2755;2760;7.35;0.45;233.41;3.37;907;6;917.00;5
1850;6;4162143;1850;306;2758;2763;7.30;0.44;233.71;3.37;908;6;918.00;5
1851;6;4162153;1851;297;2758;2763;7.29;0.44;233.65;3.37;907;6;919.00;5
1855;6;4162163;1855;299;2759;2763;7.25;0.44;233.58;3.37;904;6;920.00;4
1860;6;4162174;1860;300;2759;2763;7.17;0.43;233.51;3.37;899;6;921.00;4
1861;6;4162183;1861;298;2764;2769;7.07;0.43;233.62;3.37;903;6;922.00;5
1862;6;4162194;1862;293;2765;2769;7.07;0.43;233.60;3.37;903;6;923.00;4
1865;6;4162204;1865;294;2767;2769;7.03;0.43;233.68;3.38;902;6;924.00;2
1867;6;4162213;1867;294;2767;2769;6.97;0.42;233.65;3.38;900;6;925.00;2
1869;6;4162223;1869;302;2773;2773;6.86;0.42;233.62;3.39;904;6;926.00;0
1872;6;4162232;1872;292;2774;2774;6.79;0.41;233.78;3.38;902;6;927.00;0
1875;6;4162242;1875;299;2774;2774;6.74;0.41;233.89;3.38;899;6;928.00;0
1881;6;4162251;1881;302;2775;2775;6.68;0.41;233.77;3.38;894;6;929.00;0
1884;6;4162262;1884;300;2775;2775;6.59;0.40;233.65;3.38;891;6;930.00;0
1888;6;4162271;1888;305;2775;2775;6.53;0.40;233.63;3.38;887;6;931.00;0
1891;6;4162280;1891;302;2775;2775;6.53;0.40;233.56;3.38;884;6;932.00;0
1894;6;4162289;1894;303;2775;2775;6.53;0.40;233.60;3.38;881;6;933.00;0
1895;6;4162299;1895;303;2775;2775;6.62;0.40;233.49;3.38;880;6;934.00;0
1896;6;4162307;1896;305;2775;2775;6.66;0.40;233.51;3.38;879;6;935.00;0
1897;6;4162317;1897;313;2812;2845;6.92;0.42;233.47;3.34;915;6;936.00;33
1898;6;4162332;1898;312;2815;2846;6.92;0.42;233.46;3.34;917;6;937.00;31
1898;6;4162342;1898;303;2823;2846;7.01;0.43;233.46;3.33;925;6;938.00;23
1899;6;4162352;1899;308;2827;2846;6.97;0.42;233.46;3.33;928;6;939.00;19
1899;6;4162361;1899;307;2830;2846;6.97;0.42;233.46;3.33;931;6;940.00;16
1899;6;4162371;1899;308;2833;2846;6.96;0.42;233.46;3.33;934;6;941.00;13
1900;6;4162381;1900;305;2836;2846;6.98;0.42;233.42;3.34;936;6;942.00;10
1902;6;4162391;1902;304;2839;2846;6.97;0.42;233.70;3.34;937;6;943.00;7
1902;6;4162400;1902;305;2840;2847;7.01;0.43;233.70;3.34;938;6;944.00;7
1903;6;4162409;1903;303;2843;2849;7.05;0.43;233.58;3.35;940;6;945.00;6
1906;6;4162420;1906;311;2846;2849;7.06;0.43;233.50;3.35;940;6;946.00;3
1907;6;4162430;1907;307;2853;2853;7.02;0.43;233.50;3.35;946;6;947.00;0
1910;6;4162440;1910;310;2853;2853;6.98;0.42;233.27;3.35;943;6;948.00;0
1910;6;4162450;1910;296;2853;2853;6.96;0.42;233.27;3.35;943;6;949.00;0
1911;6;4162460;1911;287;2853;2853;6.94;0.42;233.28;3.35;942;6;950.00;0
1913;6;4162470;1913;282;2858;2859;7.01;0.43;233.31;3.35;945;6;951.00;1
1913;6;4162480;1913;281;2858;2859;7.01;0.43;233.31;3.35;945;6;952.00;1
1915;6;4162490;1915;286;2858;2859;7.02;0.43;233.36;3.35;943;6;953.00;1
1916;6;4162500;1916;281;2860;2862;7.07;0.43;233.35;3.35;944;6;954.00;2
1918;6;4162510;1918;290;2860;2862;7.12;0.43;233.33;3.35;942;6;955.00;2
1920;6;4162520;1920;294;2862;2862;7.15;0.44;233.18;3.35;942;6;956.00;0
1921;6;4162530;1921;299;2863;2863;7.15;0.44;233.25;3.35;942;6;957.00;0
1924;6;4162541;1924;302;2864;2864;7.17;0.44;233.19;3.34;940;6;958.00;0
1926;6;4162551;1926;301;2864;2864;7.17;0.43;233.31;3.34;938;6;959.00;0
1927;6;4162563;1927;301;2885;2890;7.20;0.44;233.31;3.32;958;6;960.00;5
1930;6;4162575;1930;307;2887;2890;7.17;0.43;233.11;3.32;957;6;961.00;3
1931;6;4162585;1931;310;2890;2890;7.10;0.43;233.22;3.32;959;6;962.00;0
1932;6;4162595;1932;315;2891;2891;7.06;0.43;233.12;3.32;959;6;963.00;0
1932;6;4162610;1932;314;2891;2891;6.98;0.43;233.12;3.32;959;6;964.00;0
1934;6;4162620;1934;317;2895;2895;6.93;0.42;233.09;3.31;961;6;965.00;0
1934;6;4162630;1934;321;2895;2895;6.89;0.42;233.09;3.31;961;6;966.00;0
1934;6;4162641;1934;323;2899;2899;6.81;0.42;233.09;3.31;965;6;967.00;0
1936;6;4162650;1936;327;2899;2899;6.75;0.41;233.09;3.31;963;6;968.00;0
1937;6;4162660;1937;328;2899;2899;6.72;0.41;232.98;3.31;962;6;969.00;0
1939;6;4162670;1939;329;2899;2899;6.64;0.41;232.87;3.31;960;6;970.00;0
1941;6;4162680;1941;330;2899;2899;6.65;0.41;232.88;3.31;958;6;971.00;0
1942;6;4162689;1942;327;2910;2911;6.63;0.41;232.82;3.30;968;6;972.00;1
1946;6;4162700;1946;326;2910;2911;6.59;0.40;232.58;3.30;964;6;973.00;1
1948;6;4162709;1948;324;2911;2911;6.58;0.41;232.75;3.30;963;6;974.00;0
1951;6;4162719;1951;323;2911;2911;6.60;0.41;232.61;3.30;960;6;975.00;0
1951;6;4162729;1951;310;2911;2911;6.63;0.41;232.61;3.30;960;6;976.00;0
1953;6;4162739;1953;309;2911;2911;6.59;0.40;232.59;3.30;958;6;977.00;0
1955;6;4162749;1955;303;2912;2912;6.57;0.40;232.63;3.30;957;6;978.00;0
1957;6;4162759;1957;302;2912;2912;6.56;0.40;232.76;3.30;955;6;979.00;0
1958;6;4162769;1958;307;2918;2918;6.61;0.41;232.77;3.29;960;6;980.00;0
1962;6;4162779;1962;304;2919;2919;6.61;0.41;232.92;3.29;957;6;981.00;0
1967;6;4162788;1967;303;2919;2919;6.60;0.40;232.77;3.29;952;6;982.00;0
1969;6;4162803;1969;308;2919;2919;6.62;0.41;232.87;3.29;950;6;983.00;0
1973;6;4162812;1973;303;2923;2923;6.59;0.40;232.93;3.29;950;6;984.00;0
1977;6;4162822;1977;297;2923;2923;6.61;0.40;232.68;3.29;946;6;985.00;0
1979;6;4162831;1979;298;2923;2923;6.56;0.40;232.90;3.29;944;6;986.00;0
1982;6;4162840;1982;294;2924;2924;6.59;0.40;233.04;3.28;942;6;987.00;0
1983;6;4162850;1983;298;2928;2928;6.61;0.40;233.09;3.28;945;6;988.00;0
1986;6;4162861;1986;299;2928;2928;6.59;0.40;233.07;3.28;942;6;989.00;0
1989;6;4162871;1989;285;2932;2934;6.62;0.40;233.08;3.28;943;6;990.00;2
1998;6;4162882;1998;273;2932;2934;6.63;0.40;233.37;3.28;934;6;991.00;2
2001;6;4162893;2001;267;2934;2934;6.72;0.41;233.52;3.28;933;6;992.00;0
2004;6;4162905;2004;258;2934;2934;6.85;0.42;233.71;3.28;930;6;993.00;0
2007;6;4162919;2007;249;2938;2938;6.89;0.42;233.77;3.27;931;6;994.00;0
2011;6;4162931;2011;246;2938;2938;6.90;0.42;233.78;3.27;927;6;995.00;0
2013;6;4162942;2013;250;2938;2938;6.97;0.42;233.71;3.27;925;6;996.00;0
2015;6;4162954;2015;243;2938;2938;7.00;0.42;233.79;3.27;923;6;997.00;0
2016;6;4162975;2016;232;2939;2939;7.09;0.43;233.74;3.27;923;6;998.00;0
2020;6;4162986;2020;226;2940;2940;7.16;0.43;234.13;3.27;920;6;999.00;0
2022;6;4162999;2022;217;2940;2940;7.25;0.44;234.24;3.27;918;6;1000.00;0
2024;6;4163016;2024;217;2941;2941;7.32;0.45;234.33;3.27;917;6;1001.00;0
2029;6;4163029;2029;209;2941;2941;7.37;0.45;234.75;3.27;912;6;1002.00;0
2033;6;4163041;2033;212;2941;2941;7.42;0.45;235.21;3.27;908;6;1003.00;0
2037;6;4163052;2037;213;2941;2941;7.51;0.46;235.45;3.27;904;6;1004.00;0
2041;6;4163063;2041;221;2941;2941;7.54;0.46;235.58;3.27;900;6;1005.00;0
2047;6;4163074;2047;221;2941;2941;7.53;0.46;235.81;3.27;894;6;1006.00;0
2050;6;4163086;2050;218;2941;2941;7.59;0.46;235.86;3.27;891;6;1007.00;0
2056;6;4163097;2056;231;3026;3068;7.78;0.48;236.07;3.18;970;6;1008.00;42
2060;6;4163119;2060;225;3029;3069;7.77;0.48;236.36;3.18;969;6;1009.00;40
2063;6;4163132;2063;229;3036;3069;7.77;0.48;236.60;3.17;973;6;1010.00;33
2065;6;4163144;2065;229;3038;3069;7.79;0.48;236.70;3.17;973;6;1011.00;31
2067;6;4163156;2067;231;3041;3069;7.77;0.48;236.96;3.18;974;6;1012.00;28
2070;6;4163172;2070;230;3043;3069;7.79;0.48;237.11;3.18;973;6;1013.00;26
2074;6;4163184;2074;237;3044;3069;7.77;0.48;237.25;3.18;970;6;1014.00;25
2080;7;4163196;2080;242;3045;3069;7.73;0.47;237.85;3.18;965;7;1015.00;24
2084;7;4163218;2084;239;3047;3070;7.67;0.47;237.97;3.18;963;7;1016.00;23
2088;7;4163230;2088;247;3051;3071;7.58;0.46;238.07;3.19;963;7;1017.00;20
2091;7;4163242;2091;253;3052;3071;7.54;0.46;238.40;3.19;961;7;1018.00;19
2095;7;4163254;2095;255;3055;3072;7.52;0.46;238.81;3.20;960;7;1019.00;17
2100;7;4163268;2100;267;3058;3072;7.50;0.46;239.10;3.20;958;7;1020.00;14
2104;7;4163284;2104;270;3060;3072;7.47;0.46;239.70;3.21;956;7;1021.00;12
2111;7;4163299;2111;277;3062;3072;7.40;0.45;240.06;3.22;951;7;1022.00;10
2113;7;4163318;2113;269;3066;3076;7.40;0.45;240.25;3.22;953;7;1023.00;10
2117;7;4163333;2117;271;3066;3076;7.37;0.45;240.35;3.22;949;7;1024.00;10
2120;7;4163345;2120;266;3067;3076;7.32;0.45;240.56;3.22;947;7;1025.00;9
2123;7;4163356;2123;268;3070;3079;7.30;0.45;240.45;3.23;947;7;1026.00;9
2127;7;4163368;2127;273;3071;3079;7.28;0.45;240.76;3.24;944;7;1027.00;8
2129;7;4163380;2129;277;3072;3079;7.30;0.45;240.80;3.24;943;7;1028.00;7
2134;7;4163391;2134;276;3078;3083;7.27;0.45;241.12;3.24;944;7;1029.00;5
2140;7;4163403;2140;278;3082;3084;7.23;0.44;241.31;3.26;942;7;1030.00;2
2143;7;4163415;2143;282;3082;3084;7.26;0.44;241.56;3.26;939;7;1031.00;2
2147;7;4163426;2147;288;3086;3088;7.24;0.44;241.82;3.26;939;7;1032.00;2
2149;7;4163437;2149;289;3088;3088;7.28;0.45;241.99;3.26;939;7;1033.00;0
2151;7;4163448;2151;297;3088;3088;7.25;0.44;242.21;3.26;937;7;1034.00;0
2155;7;4163460;2155;301;3090;3090;7.15;0.44;242.16;3.26;935;7;1035.00;0
2160;7;4163472;2160;308;3090;3090;6.97;0.43;242.24;3.26;930;7;1036.00;0
2163;7;4163488;2163;295;3096;3096;6.86;0.42;242.44;3.25;933;7;1037.00;0
2167;7;4163498;2167;288;3096;3096;6.75;0.41;242.72;3.25;929;7;1038.00;0
2171;7;4163509;2171;293;3097;3097;6.66;0.41;242.91;3.25;926;7;1039.00;0
2172;7;4163520;2172;295;3097;3097;6.68;0.41;243.12;3.25;925;7;1040.00;0
2175;7;4163530;2175;301;3097;3097;6.70;0.41;243.03;3.25;922;7;1041.00;0
2179;7;4163541;2179;308;3097;3097;6.72;0.41;243.25;3.25;918;7;1042.00;0
2182;7;4163551;2182;306;3097;3097;6.70;0.41;243.34;3.25;915;7;1043.00;0
2186;7;4163561;2186;303;3108;3109;6.82;0.41;243.54;3.24;922;7;1044.00;1
2190;7;4163572;2190;304;3108;3109;6.78;0.41;243.72;3.24;918;7;1045.00;1
2191;7;4163582;2191;293;3109;3109;6.86;0.42;243.87;3.24;918;7;1046.00;0
2193;7;4163593;2193;292;3109;3109;6.95;0.42;243.94;3.24;916;7;1047.00;0
2195;7;4163603;2195;286;3109;3109;6.97;0.42;243.96;3.24;914;7;1048.00;0
2199;7;4163619;2199;284;3109;3109;7.02;0.43;243.97;3.24;910;7;1049.00;0
2202;7;4163631;2202;289;3115;3115;7.04;0.43;244.22;3.23;913;7;1050.00;0
2203;7;4163643;2203;278;3115;3115;7.10;0.43;244.39;3.23;912;7;1051.00;0
2205;7;4163655;2205;281;3119;3119;7.17;0.43;244.59;3.23;914;7;1052.00;0
2208;7;4163667;2208;282;3120;3120;7.16;0.43;245.01;3.23;912;7;1053.00;0
2210;7;4163678;2210;286;3120;3120;7.13;0.43;245.23;3.23;910;7;1054.00;0
2210;7;4163689;2210;286;3120;3120;7.13;0.43;245.23;3.23;910;7;1055.00;0
2213;7;4163700;2213;296;3133;3133;7.21;0.44;245.48;3.22;920;7;1056.00;0
2215;7;4163713;2215;287;3133;3133;7.24;0.44;245.78;3.22;918;7;1057.00;0
2217;7;4163725;2217;282;3133;3133;7.23;0.44;245.82;3.22;916;7;1058.00;0
2220;7;4163737;2220;281;3134;3134;7.22;0.44;245.96;3.22;914;7;1059.00;0
2222;7;4163748;2222;281;3135;3135;7.25;0.44;246.22;3.22;913;7;1060.00;0
2222;7;4163759;2222;281;3135;3135;7.31;0.45;246.22;3.22;913;7;1061.00;0
2226;7;4163770;2226;276;3137;3138;7.35;0.45;246.68;3.21;911;7;1062.00;1
2230;7;4163799;2230;271;3137;3138;7.38;0.45;246.81;3.21;907;7;1063.00;1
2234;7;4163816;2234;275;3138;3138;7.33;0.45;247.07;3.21;904;7;1064.00;0
2235;7;4163827;2235;277;3138;3138;7.36;0.45;247.28;3.21;903;7;1065.00;0
2236;7;4163837;2236;281;3144;3144;7.36;0.45;247.19;3.21;908;7;1066.00;0
2238;7;4163848;2238;286;3144;3144;7.32;0.45;247.22;3.21;906;7;1067.00;0
2241;7;4163859;2241;282;3144;3144;7.26;0.45;247.13;3.21;903;7;1068.00;0
2245;7;4163869;2245;285;3144;3144;7.23;0.44;246.92;3.21;899;7;1069.00;0
2246;7;4163879;2246;291;3148;3148;7.24;0.44;246.95;3.21;902;7;1070.00;0
2249;7;4163892;2249;296;3149;3149;7.20;0.44;247.06;3.20;900;7;1071.00;0
2254;7;4163903;2254;297;3149;3149;7.12;0.43;247.04;3.20;895;7;1072.00;0
2259;7;4163914;2259;303;3150;3150;7.04;0.43;247.33;3.20;891;7;1073.00;0
2263;7;4163925;2263;305;3150;3150;6.94;0.42;247.31;3.20;887;7;1074.00;0
2268;7;4163943;2268;310;3150;3150;6.85;0.42;247.55;3.20;882;7;1075.00;0
2271;7;4163961;2271;311;3150;3150;6.78;0.41;247.55;3.20;879;7;1076.00;0
2275;7;4163973;2275;317;3150;3150;6.75;0.41;247.67;3.20;875;7;1077.00;0
2276;7;4163983;2276;320;3150;3150;6.72;0.41;247.57;3.20;874;7;1078.00;0
2277;7;4163994;2277;323;3150;3150;6.76;0.41;247.60;3.20;873;7;1079.00;0
2279;7;4164006;2279;346;3220;3275;6.82;0.42;247.45;3.13;941;7;1080.00;55
2281;7;4164026;2281;332;3223;3276;6.86;0.42;247.41;3.13;942;7;1081.00;53
2284;7;4164037;2284;311;3235;3276;6.97;0.43;247.48;3.13;951;7;1082.00;41
2289;7;4164047;2289;305;3239;3276;6.95;0.43;247.76;3.13;950;7;1083.00;37
2290;7;4164058;2290;303;3245;3276;6.93;0.43;247.68;3.13;955;7;1084.00;31
2292;7;4164068;2292;297;3246;3276;6.87;0.42;247.67;3.13;954;7;1085.00;30
2293;7;4164078;2293;295;3250;3276;6.91;0.42;247.64;3.13;957;7;1086.00;26
2296;7;4164087;2296;299;3254;3276;6.88;0.42;247.71;3.14;958;7;1087.00;22
2298;7;4164097;2298;298;3259;3277;6.90;0.42;247.77;3.15;961;7;1088.00;18
2302;7;4164107;2302;309;3264;3278;6.87;0.42;248.04;3.16;962;7;1089.00;14
2304;7;4164117;2304;310;3266;3278;6.86;0.42;248.09;3.16;962;7;1090.00;12
2306;7;4164127;2306;308;3273;3282;6.80;0.42;248.16;3.16;967;7;1091.00;9
2307;7;4164138;2307;309;3274;3282;6.74;0.41;248.25;3.16;967;7;1092.00;8
2309;7;4164148;2309;313;3274;3282;6.64;0.41;248.13;3.16;965;7;1093.00;8
2311;7;4164159;2311;305;3275;3282;6.53;0.40;248.01;3.16;964;7;1094.00;7
2313;7;4164169;2313;306;3280;3288;6.46;0.40;247.99;3.16;967;7;1095.00;8
2316;7;4164179;2316;293;3281;3288;6.42;0.39;248.00;3.17;965;7;1096.00;7
2317;7;4164190;2317;284;3281;3288;6.42;0.39;247.91;3.17;964;7;1097.00;7
2319;7;4164200;2319;282;3284;3291;6.46;0.39;248.13;3.17;965;7;1098.00;7
2321;7;4164210;2321;277;3284;3291;6.49;0.40;248.04;3.17;963;7;1099.00;7
2322;7;4164221;2322;277;3285;3291;6.57;0.40;248.09;3.17;963;7;1100.00;6
2323;7;4164236;2323;278;3285;3292;6.65;0.41;248.33;3.17;962;7;1101.00;7
2325;7;4164246;2325;271;3287;3293;6.73;0.41;248.28;3.17;962;7;1102.00;6
2328;7;4164263;2328;264;3287;3293;6.82;0.42;248.36;3.17;959;7;1103.00;6
2330;7;4164275;2330;263;3299;3306;6.89;0.42;248.38;3.16;969;7;1104.00;7
2331;7;4164288;2331;263;3299;3306;6.96;0.42;248.39;3.16;968;7;1105.00;7
2333;7;4164300;2333;264;3302;3306;6.98;0.43;248.43;3.18;969;7;1106.00;4
2336;7;4164319;2336;259;3303;3307;7.01;0.43;248.30;3.17;967;7;1107.00;4
2338;7;4164331;2338;259;3304;3307;7.05;0.43;248.37;3.18;966;7;1108.00;3
2338;7;4164343;2338;257;3307;3311;7.11;0.43;248.37;3.19;969;7;1109.00;4
2341;7;4164357;2341;261;3309;3311;7.18;0.44;248.43;3.19;968;7;1110.00;2
2344;7;4164375;2344;258;3314;3315;7.23;0.44;248.38;3.19;970;7;1111.00;1
2344;7;4164386;2344;257;3314;3315;7.28;0.44;248.38;3.19;970;7;1112.00;1
2345;7;4164398;2345;249;3315;3315;7.31;0.44;248.38;3.19;970;7;1113.00;0
2345;7;4164409;2345;250;3315;3315;7.38;0.45;248.38;3.19;970;7;1114.00;0
2346;7;4164421;2346;240;3315;3315;7.42;0.45;248.28;3.19;969;7;1115.00;0
2346;7;4164432;2346;235;3326;3327;7.51;0.46;248.28;3.18;980;7;1116.00;1
2348;7;4164443;2348;236;3326;3327;7.53;0.46;248.29;3.18;978;7;1117.00;1
2348;7;4164455;2348;238;3326;3327;7.56;0.46;248.29;3.18;978;7;1118.00;1
2349;7;4164465;2349;237;3326;3327;7.53;0.46;248.32;3.18;977;7;1119.00;1
2352;7;4164476;2352;237;3327;3327;7.54;0.46;248.38;3.18;975;7;1120.00;0
2354;7;4164489;2354;237;3327;3327;7.51;0.46;248.51;3.18;973;7;1121.00;0
2357;7;4164499;2357;236;3328;3328;7.52;0.46;248.56;3.18;971;7;1122.00;0
2359;7;4164510;2359;240;3328;3328;7.50;0.46;248.60;3.18;969;7;1123.00;0
2360;7;4164520;2360;244;3334;3334;7.56;0.46;248.75;3.18;974;7;1124.00;0
2361;7;4164531;2361;247;3336;3336;7.59;0.46;248.72;3.17;975;7;1125.00;0
2363;7;4164542;2363;255;3336;3336;7.57;0.46;248.74;3.17;973;7;1126.00;0
2367;7;4164553;2367;253;3336;3336;7.51;0.46;248.72;3.17;969;7;1127.00;0
2369;7;4164563;2369;253;3340;3340;7.51;0.46;248.85;3.17;971;7;1128.00;0
2371;7;4164574;2371;256;3340;3340;7.45;0.46;249.05;3.17;969;7;1129.00;0
2374;7;4164584;2374;260;3340;3340;7.37;0.45;249.22;3.17;966;7;1130.00;0
2377;7;4164595;2377;261;3341;3341;7.33;0.45;249.52;3.17;964;7;1131.00;0
2379;7;4164606;2379;267;3345;3345;7.28;0.45;249.68;3.17;966;7;1132.00;0
2381;7;4164616;2381;265;3345;3345;7.24;0.44;249.82;3.17;964;7;1133.00;0
2382;7;4164627;2382;261;3347;3348;7.32;0.45;249.98;3.17;965;8;1134.00;1
2387;7;4164648;2387;265;3348;3348;7.33;0.45;249.93;3.17;961;8;1135.00;0
2389;7;4164661;2389;265;3348;3348;7.40;0.45;250.09;3.17;959;8;1136.00;0
2395;7;4164673;2395;270;3348;3348;7.34;0.45;250.11;3.17;953;8;1137.00;0
2398;7;4164685;2398;270;3352;3352;7.40;0.45;250.20;3.16;954;8;1138.00;0
2402;7;4164699;2402;263;3352;3352;7.38;0.45;250.20;3.16;950;8;1139.00;0
2406;7;4164712;2406;260;3352;3352;7.35;0.45;250.28;3.16;946;8;1140.00;0
2406;7;4164724;2406;257;3352;3352;7.32;0.44;250.28;3.16;946;8;1141.00;0
2407;7;4164734;2407;253;3352;3353;7.32;0.45;250.25;3.16;945;8;1142.00;1
2408;7;4164746;2408;247;3353;3354;7.38;0.45;250.29;3.16;945;9;1143.00;1
2412;7;4164765;2412;244;3354;3354;7.35;0.45;250.10;3.16;942;9;1144.00;0
2414;7;4164775;2414;242;3355;3355;7.35;0.45;250.10;3.16;941;9;1145.00;0
2415;7;4164786;2415;241;3355;3355;7.32;0.45;250.11;3.16;940;9;1146.00;0
2417;7;4164795;2417;246;3355;3355;7.39;0.45;250.11;3.16;938;9;1147.00;0
2419;7;4164806;2419;247;3355;3355;7.38;0.45;250.20;3.16;936;9;1148.00;0
2423;7;4164816;2423;243;3355;3355;7.37;0.45;250.37;3.16;932;9;1149.00;0
2424;7;4164827;2424;249;3355;3355;7.40;0.45;250.37;3.16;931;9;1150.00;0
2426;7;4164837;2426;241;3355;3355;7.40;0.45;250.44;3.16;929;9;1151.00;0
2430;7;4164847;2430;256;3432;3482;7.41;0.46;250.39;3.09;1002;9;1152.00;50
2432;7;4164867;2432;251;3436;3483;7.36;0.45;250.49;3.09;1004;9;1153.00;47
2433;7;4164879;2433;249;3445;3483;7.36;0.46;250.63;3.09;1012;9;1154.00;38
2437;7;4164889;2437;239;3448;3483;7.31;0.45;250.88;3.09;1011;9;1155.00;35
2439;7;4164900;2439;232;3453;3483;7.28;0.45;250.81;3.09;1014;9;1156.00;30
2442;7;4164911;2442;225;3454;3483;7.24;0.45;250.80;3.09;1012;9;1157.00;29
2446;7;4164921;2446;228;3456;3483;7.19;0.45;250.95;3.09;1010;9;1158.00;27
2451;7;4164932;2451;221;3459;3483;7.18;0.44;250.98;3.09;1008;9;1159.00;24
2456;7;4164944;2456;229;3460;3484;7.23;0.45;251.05;3.09;1004;9;1160.00;24
2458;7;4164958;2458;234;3463;3485;7.28;0.45;251.03;3.10;1005;9;1161.00;22
2463;7;4164971;2463;232;3466;3485;7.29;0.45;250.95;3.11;1003;9;1162.00;19
2467;7;4164983;2467;234;3471;3486;7.23;0.45;251.15;3.11;1004;9;1163.00;15
2470;7;4164996;2470;238;3474;3486;7.20;0.44;251.19;3.12;1004;9;1164.00;12
2473;7;4165009;2473;238;3477;3486;7.15;0.44;251.34;3.13;1004;9;1165.00;9
2476;7;4165023;2476;238;3478;3486;7.06;0.44;251.52;3.13;1002;9;1166.00;8
2482;7;4165035;2482;242;3483;3490;6.97;0.43;251.88;3.14;1001;9;1167.00;7
2484;7;4165055;2484;253;3484;3490;6.97;0.43;251.85;3.14;1000;9;1168.00;6
2489;7;4165066;2489;260;3485;3490;6.96;0.43;251.97;3.14;996;9;1169.00;5
2495;7;4165080;2495;260;3489;3496;6.98;0.43;252.10;3.14;994;9;1170.00;7
2499;7;4165093;2499;263;3490;3496;6.97;0.43;252.35;3.15;991;9;1171.00;6
2501;8;4165104;2501;263;3492;3496;6.98;0.43;252.59;3.15;991;10;1172.00;4
2503;8;4165126;2503;268;3497;3500;6.92;0.43;252.75;3.15;994;10;1173.00;3
2509;8;4165137;2509;273;3498;3501;6.91;0.43;253.07;3.15;989;10;1174.00;3
2513;8;4165170;2513;272;3498;3501;6.97;0.43;253.39;3.15;985;10;1175.00;3
2518;8;4165187;2518;273;3504;3505;7.01;0.43;253.45;3.15;986;10;1176.00;1
2525;8;4165205;2525;273;3504;3505;7.02;0.43;253.77;3.15;979;10;1177.00;1
2528;8;4165216;2528;271;3505;3505;7.05;0.43;253.91;3.15;977;10;1178.00;0
2532;8;4165227;2532;274;3506;3506;7.06;0.43;254.18;3.15;974;10;1179.00;0
2539;8;4165238;2539;268;3506;3506;7.04;0.43;254.67;3.15;967;10;1180.00;0
2543;8;4165254;2543;272;3512;3512;6.98;0.43;254.90;3.15;969;10;1181.00;0
2545;8;4165267;2545;282;3512;3512;6.94;0.43;255.11;3.15;967;10;1182.00;0
2554;8;4165279;2554;288;3513;3513;6.86;0.42;255.27;3.15;959;10;1183.00;0
2556;8;4165291;2556;290;3513;3513;6.84;0.42;255.38;3.15;957;10;1184.00;0
2559;8;4165304;2559;290;3513;3513;6.79;0.42;255.57;3.15;954;10;1185.00;0
2567;8;4165316;2567;296;3513;3513;6.71;0.41;255.97;3.15;946;10;1186.00;0
2570;8;4165328;2570;299;3513;3513;6.71;0.41;256.30;3.15;943;10;1187.00;0
2577;8;4165340;2577;308;3523;3525;6.75;0.41;256.63;3.14;946;10;1188.00;2
2582;8;4165353;2582;314;3523;3525;6.77;0.42;256.80;3.14;941;10;1189.00;2
2587;8;4165365;2587;324;3525;3525;6.71;0.41;256.74;3.14;938;10;1190.00;0
2589;8;4165377;2589;326;3525;3525;6.68;0.41;256.85;3.14;936;10;1191.00;0
2593;8;4165388;2593;330;3525;3525;6.62;0.41;257.01;3.14;932;10;1192.00;0
2597;8;4165399;2597;341;3525;3525;6.57;0.41;257.26;3.14;928;10;1193.00;0
2603;8;4165410;2603;348;3529;3529;6.54;0.40;257.42;3.14;926;10;1194.00;0
2604;8;4165422;2604;355;3529;3529;6.51;0.40;257.46;3.14;925;10;1195.00;0
2610;8;4165432;2610;362;3533;3533;6.52;0.40;257.44;3.13;923;10;1196.00;0
2612;8;4165442;2612;360;3534;3534;6.51;0.40;257.33;3.13;922;10;1197.00;0
2617;8;4165453;2617;363;3534;3534;6.45;0.40;257.50;3.13;917;10;1198.00;0
2619;8;4165463;2619;371;3534;3534;6.44;0.40;257.47;3.13;915;10;1199.00;0
2622;8;4165477;2622;389;3562;3575;6.52;0.40;257.59;3.11;940;10;1200.00;13
2623;8;4165496;2623;388;3562;3575;6.47;0.40;257.60;3.11;939;10;1201.00;13
2625;8;4165506;2625;381;3565;3575;6.42;0.40;257.79;3.11;940;10;1202.00;10
2628;8;4165516;2628;377;3566;3576;6.37;0.39;257.94;3.11;938;10;1203.00;10
2630;8;4165527;2630;373;3568;3577;6.37;0.39;258.06;3.11;938;10;1204.00;9
2635;8;4165537;2635;373;3568;3577;6.38;0.39;258.19;3.11;933;10;1205.00;9
2637;8;4165549;2637;374;3572;3580;6.38;0.39;258.28;3.11;935;10;1206.00;8
2643;8;4165559;2643;368;3572;3580;6.36;0.39;258.34;3.11;929;10;1207.00;8
2648;8;4165570;2648;376;3575;3580;6.31;0.39;258.64;3.11;927;10;1208.00;5
2651;8;4165582;2651;379;3576;3580;6.26;0.38;258.69;3.11;925;10;1209.00;4
2655;8;4165592;2655;378;3582;3586;6.21;0.38;258.53;3.11;927;10;1210.00;4
2655;8;4165604;2655;368;3582;3586;6.21;0.38;258.53;3.11;927;10;1211.00;4
2659;8;4165614;2659;365;3582;3586;6.22;0.38;258.48;3.11;923;10;1212.00;4
2660;8;4165626;2660;365;3582;3586;6.34;0.39;258.61;3.11;922;10;1213.00;4
2666;8;4165639;2666;361;3586;3590;6.42;0.39;258.49;3.11;920;10;1214.00;4
2668;8;4165652;2668;361;3589;3592;6.48;0.39;258.53;3.11;921;10;1215.00;3
2669;8;4165664;2669;354;3589;3592;6.57;0.40;258.56;3.11;920;10;1216.00;3
2672;8;4165676;2672;356;3590;3593;6.64;0.40;258.73;3.11;918;10;1217.00;3
2675;8;4165689;2675;353;3590;3593;6.61;0.40;258.87;3.11;915;10;1218.00;3
2678;8;4165701;2678;356;3590;3593;6.58;0.40;259.08;3.11;912;10;1219.00;3
2680;8;4165714;2680;359;3590;3593;6.55;0.40;259.14;3.11;910;10;1220.00;3
2683;8;4165725;2683;365;3591;3593;6.53;0.40;259.20;3.11;908;10;1221.00;2
2687;8;4165735;2687;366;3591;3593;6.52;0.40;259.26;3.11;904;10;1222.00;2
2689;8;4165746;2689;365;3591;3593;6.49;0.39;259.38;3.11;902;10;1223.00;2
2693;8;4165757;2693;383;3635;3663;6.43;0.39;259.37;3.07;942;10;1224.00;28
2694;8;4165774;2694;377;3636;3664;6.46;0.39;259.40;3.07;942;10;1225.00;28
2696;8;4165785;2696;373;3643;3664;6.57;0.40;259.39;3.07;947;10;1226.00;21
2696;8;4165795;2696;374;3647;3664;6.55;0.40;259.39;3.08;951;10;1227.00;17
2698;8;4165805;2698;376;3650;3666;6.52;0.40;259.25;3.08;952;10;1228.00;16
2699;8;4165817;2699;376;3652;3666;6.48;0.40;259.28;3.08;953;10;1229.00;14
2702;8;4165829;2702;381;3654;3666;6.47;0.39;259.40;3.08;952;10;1230.00;12
2704;8;4165839;2704;381;3656;3666;6.51;0.40;259.37;3.08;952;10;1231.00;10
2708;8;4165850;2708;383;3658;3667;6.47;0.39;259.20;3.08;950;10;1232.00;9
2709;8;4165860;2709;390;3662;3668;6.42;0.39;259.20;3.10;953;10;1233.00;6
2709;8;4165871;2709;385;3665;3668;6.41;0.39;259.20;3.10;956;10;1234.00;3
2709;8;4165881;2709;391;3670;3672;6.36;0.39;259.20;3.10;961;10;1235.00;2
2710;8;4165891;2710;393;3671;3672;6.31;0.39;259.16;3.10;961;10;1236.00;1
2711;8;4165902;2711;400;3671;3672;6.27;0.38;259.15;3.10;960;10;1237.00;1
2714;8;4165914;2714;399;3671;3672;6.23;0.38;259.22;3.10;957;10;1238.00;1
2715;8;4165924;2715;407;3677;3678;6.23;0.38;259.27;3.10;962;10;1239.00;1
2716;8;4165934;2716;405;3677;3678;6.20;0.38;259.18;3.10;961;10;1240.00;1
2719;8;4165945;2719;407;3677;3678;6.18;0.38;259.11;3.10;958;10;1241.00;1
2719;8;4165956;2719;409;3679;3681;6.18;0.38;259.11;3.10;960;10;1242.00;2
2719;8;4165967;2719;403;3679;3681;6.18;0.38;259.11;3.10;960;10;1243.00;2
2721;8;4165979;2721;396;3680;3681;6.16;0.38;259.16;3.10;959;10;1244.00;1
2723;8;4165991;2723;388;3681;3682;6.19;0.38;259.14;3.10;958;10;1245.00;1
2724;8;4166003;2724;375;3682;3683;6.24;0.38;259.18;3.10;958;10;1246.00;1
2728;8;4166016;2728;367;3682;3683;6.25;0.38;259.27;3.10;954;10;1247.00;1
2730;8;4166028;2730;357;3693;3696;6.27;0.38;259.09;3.09;963;10;1248.00;3
2730;8;4166041;2730;345;3693;3696;6.37;0.39;259.09;3.09;963;10;1249.00;3
2732;9;4166063;2732;337;3693;3696;6.49;0.40;258.95;3.09;961;11;1250.00;3
2733;9;4166084;2733;329;3694;3697;6.66;0.41;258.97;3.09;961;11;1251.00;3
2735;9;4166094;2735;318;3696;3697;6.77;0.41;259.02;3.09;961;11;1252.00;1
2739;9;4166105;2739;303;3699;3701;6.91;0.42;259.20;3.09;960;11;1253.00;2
2743;9;4166116;2743;299;3699;3701;7.00;0.42;259.34;3.09;956;11;1254.00;2
2747;9;4166127;2747;291;3703;3705;7.06;0.43;259.32;3.09;956;11;1255.00;2
2749;9;4166138;2749;282;3704;3705;7.16;0.43;259.42;3.09;955;11;1256.00;1
2750;9;4166149;2750;276;3704;3705;7.22;0.44;259.41;3.09;954;11;1257.00;1
2754;9;4166160;2754;271;3704;3705;7.25;0.44;259.28;3.09;950;11;1258.00;1
2759;9;4166169;2759;267;3704;3705;7.19;0.43;259.21;3.09;945;11;1259.00;1
2761;9;4166182;2761;262;3729;3739;7.27;0.44;259.26;3.07;968;11;1260.00;10
2765;9;4166194;2765;255;3730;3739;7.27;0.44;259.17;3.07;965;11;1261.00;9
2767;9;4166204;2767;252;3732;3739;7.34;0.45;259.34;3.07;965;11;1262.00;7
2772;9;4166215;2772;255;3735;3739;7.39;0.45;259.51;3.07;963;11;1263.00;4
2773;9;4166225;2773;262;3735;3739;7.46;0.45;259.48;3.07;962;11;1264.00;4
2776;9;4166236;2776;256;3735;3739;7.51;0.45;259.51;3.07;959;11;1265.00;4
2776;9;4166246;2776;257;3735;3740;7.54;0.46;259.51;3.07;959;11;1266.00;5
2778;9;4166256;2778;249;3737;3740;7.52;0.45;259.61;3.07;959;11;1267.00;3
2779;9;4166268;2779;251;3742;3746;7.52;0.45;259.53;3.07;963;11;1268.00;4
2782;9;4166286;2782;251;3742;3747;7.47;0.45;259.56;3.07;960;11;1269.00;5
2782;9;4166299;2782;254;3745;3747;7.46;0.45;259.56;3.07;963;11;1270.00;2
2784;9;4166310;2784;251;3745;3747;7.45;0.45;259.61;3.07;961;11;1271.00;2
2785;9;4166322;2785;248;3749;3751;7.54;0.46;259.67;3.07;964;11;1272.00;2
2787;9;4166336;2787;254;3750;3751;7.54;0.46;259.72;3.07;963;11;1273.00;1
2790;9;4166348;2790;258;3750;3751;7.57;0.46;259.81;3.07;960;11;1274.00;1
2791;9;4166360;2791;260;3751;3752;7.66;0.46;259.81;3.07;960;11;1275.00;1
2793;9;4166372;2793;258;3754;3756;7.73;0.47;259.84;3.07;961;11;1276.00;2
2795;9;4166385;2795;255;3754;3756;7.78;0.47;260.02;3.07;959;11;1277.00;2
2796;9;4166396;2796;247;3757;3759;7.88;0.48;260.09;3.07;961;11;1278.00;2
2798;9;4166413;2798;248;3758;3759;7.92;0.48;260.19;3.06;960;11;1279.00;1
2801;9;4166424;2801;248;3759;3759;7.98;0.48;260.19;3.07;958;11;1280.00;0
2803;9;4166436;2803;245;3759;3759;8.04;0.49;260.32;3.07;956;11;1281.00;0
2804;9;4166452;2804;245;3763;3763;8.12;0.49;260.43;3.07;959;11;1282.00;0
2807;9;4166464;2807;248;3763;3763;8.09;0.49;260.54;3.07;956;11;1283.00;0
2808;9;4166474;2808;247;3763;3763;8.10;0.49;260.64;3.07;955;11;1284.00;0
2811;9;4166485;2811;251;3763;3763;8.04;0.49;260.56;3.07;952;11;1285.00;0
2813;9;4166496;2813;247;3764;3764;7.95;0.48;260.78;3.06;951;11;1286.00;0
2816;9;4166507;2816;256;3765;3765;7.93;0.48;260.86;3.06;949;11;1287.00;0
2820;9;4166518;2820;254;3765;3765;7.85;0.47;260.93;3.06;945;11;1288.00;0
2820;9;4166529;2820;267;3766;3766;7.81;0.47;260.93;3.06;946;11;1289.00;0
2824;9;4166541;2824;267;3766;3766;7.76;0.47;261.13;3.06;942;11;1290.00;0
2825;9;4166552;2825;271;3766;3766;7.74;0.47;261.11;3.06;941;11;1291.00;0
2825;9;4166562;2825;278;3766;3766;7.71;0.47;261.11;3.06;941;11;1292.00;0
2827;9;4166572;2827;272;3766;3766;7.60;0.46;261.25;3.06;939;11;1293.00;0
2828;9;4166583;2828;274;3766;3766;7.54;0.46;261.31;3.06;938;11;1294.00;0
2829;9;4166593;2829;277;3766;3766;7.50;0.46;261.39;3.06;937;11;1295.00;0
2830;9;4166605;2830;302;3843;3893;7.54;0.47;261.40;3.00;1013;11;1296.00;50
2832;9;4166628;2832;294;3847;3894;7.50;0.46;261.33;3.00;1015;11;1297.00;47
2835;9;4166641;2835;290;3855;3894;7.54;0.47;261.39;3.00;1020;11;1298.00;39
2836;9;4166654;2836;289;3856;3894;7.56;0.47;261.38;3.00;1020;11;1299.00;38
2837;9;4166667;2837;287;3863;3894;7.58;0.47;261.33;3.00;1026;11;1300.00;31
2840;9;4166682;2840;286;3865;3894;7.56;0.47;261.43;3.00;1025;11;1301.00;29
2841;9;4166693;2841;287;3868;3894;7.56;0.47;261.48;3.00;1027;11;1302.00;26
2845;9;4166704;2845;291;3871;3894;7.49;0.46;261.57;3.01;1026;11;1303.00;23
2846;9;4166715;2846;285;3874;3895;7.49;0.46;261.53;3.01;1028;11;1304.00;21
2849;9;4166732;2849;282;3880;3897;7.44;0.46;261.72;3.02;1031;11;1305.00;17
2853;9;4166743;2853;275;3883;3897;7.37;0.45;261.85;3.02;1030;11;1306.00;14
2856;9;4166755;2856;274;3887;3898;7.34;0.45;261.88;3.03;1031;11;1307.00;11
2861;9;4166766;2861;276;3889;3898;7.32;0.45;262.07;3.03;1028;11;1308.00;9
2863;9;4166777;2863;276;3890;3898;7.30;0.45;262.13;3.04;1027;11;1309.00;8
2865;9;4166788;2865;276;3892;3898;7.25;0.45;262.23;3.04;1027;11;1310.00;6
2868;9;4166798;2868;285;3896;3902;7.28;0.45;262.26;3.04;1028;11;1311.00;6
2870;9;4166810;2870;289;3897;3902;7.24;0.45;262.29;3.04;1027;11;1312.00;5
2873;9;4166821;2873;295;3897;3902;7.14;0.44;262.43;3.04;1024;11;1313.00;5
2877;9;4166831;2877;301;3900;3905;7.07;0.43;262.38;3.04;1023;11;1314.00;5
2879;9;4166842;2879;306;3900;3905;7.04;0.43;262.25;3.04;1021;11;1315.00;5
2883;9;4166853;2883;311;3901;3905;6.93;0.42;262.50;3.05;1018;11;1316.00;4
2884;9;4166869;2884;316;3906;3909;6.83;0.42;262.61;3.05;1022;11;1317.00;3
2893;9;4166879;2893;320;3907;3910;6.67;0.41;262.70;3.05;1014;11;1318.00;3
2897;9;4166890;2897;320;3909;3910;6.60;0.40;262.71;3.06;1012;11;1319.00;1
2901;9;4166902;2901;314;3914;3915;6.57;0.40;262.85;3.05;1013;11;1320.00;1
2902;9;4166914;2902;309;3915;3915;6.50;0.40;262.89;3.05;1013;11;1321.00;0
2908;9;4166925;2908;306;3915;3915;6.45;0.39;262.81;3.05;1007;11;1322.00;0
2911;9;4166936;2911;306;3916;3916;6.35;0.39;262.80;3.05;1005;11;1323.00;0
2916;9;4166947;2916;308;3916;3916;6.30;0.38;262.84;3.05;1000;11;1324.00;0
2918;9;4166958;2918;297;3922;3922;6.35;0.39;262.90;3.05;1004;11;1325.00;0
2923;9;4166979;2923;297;3922;3922;6.32;0.38;262.88;3.05;999;11;1326.00;0
2925;9;4166991;2925;297;3923;3923;6.33;0.38;262.98;3.05;998;11;1327.00;0
2930;9;4167007;2930;295;3923;3923;6.33;0.38;263.47;3.05;993;11;1328.00;0
2933;9;4167018;2933;299;3923;3923;6.33;0.38;263.48;3.05;990;11;1329.00;0
2937;9;4167029;2937;297;3923;3923;6.25;0.38;263.55;3.05;986;11;1330.00;0
2939;9;4167040;2939;295;3923;3923;6.24;0.38;263.54;3.05;984;11;1331.00;0
2943;9;4167051;2943;296;3934;3935;6.28;0.38;263.81;3.04;991;11;1332.00;1
2946;9;4167064;2946;295;3934;3935;6.30;0.38;264.01;3.04;988;11;1333.00;1
2948;9;4167075;2948;295;3935;3935;6.36;0.39;264.08;3.04;987;11;1334.00;0
2952;9;4167085;2952;302;3935;3935;6.43;0.39;264.39;3.04;983;11;1335.00;0
2958;9;4167096;2958;305;3935;3935;6.46;0.39;264.57;3.04;977;11;1336.00;0
2960;9;4167107;2960;313;3935;3935;6.49;0.39;264.72;3.04;975;11;1337.00;0
2962;9;4167118;2962;314;3939;3939;6.52;0.40;264.96;3.04;977;11;1338.00;0
2966;9;4167128;2966;323;3939;3939;6.53;0.40;265.12;3.04;973;11;1339.00;0
2968;9;4167139;2968;331;3943;3943;6.57;0.40;265.22;3.04;975;11;1340.00;0
2973;9;4167151;2973;337;3944;3944;6.55;0.40;265.47;3.04;971;11;1341.00;0
2977;9;4167162;2977;338;3944;3944;6.54;0.40;265.75;3.04;967;11;1342.00;0
2981;9;4167173;2981;344;3944;3944;6.52;0.40;266.10;3.04;963;11;1343.00;0
2987;9;4167185;2987;349;3957;3957;6.56;0.40;266.27;3.03;970;11;1344.00;0
2992;9;4167197;2992;355;3957;3957;6.50;0.40;266.33;3.03;965;11;1345.00;0
2995;9;4167207;2995;359;3957;3957;6.45;0.39;266.43;3.03;962;11;1346.00;0
3002;9;4167218;3002;365;3958;3958;6.36;0.39;266.75;3.03;956;11;1347.00;0
3006;9;4167229;3006;364;3959;3959;6.31;0.39;266.89;3.03;953;11;1348.00;0
3010;9;4167240;3010;369;3959;3959;6.27;0.38;266.85;3.03;949;11;1349.00;0
3013;9;4167253;3013;379;3965;3968;6.26;0.38;267.25;3.02;952;11;1350.00;3
3016;9;4167265;3016;379;3966;3968;6.20;0.38;267.68;3.02;950;11;1351.00;2
3021;9;4167275;3021;385;3967;3968;6.15;0.38;267.94;3.02;946;11;1352.00;1
3028;9;4167287;3028;387;3968;3968;6.08;0.37;267.99;3.02;940;11;1353.00;0
3032;9;4167297;3032;390;3974;3974;6.11;0.37;267.99;3.02;942;11;1354.00;0
3036;9;4167309;3036;388;3974;3974;6.07;0.37;268.09;3.02;938;11;1355.00;0
3040;9;4167320;3040;391;3974;3974;5.99;0.37;268.16;3.02;934;11;1356.00;0
3043;9;4167331;3043;389;3974;3974;5.91;0.36;268.02;3.02;931;11;1357.00;0
3048;9;4167341;3048;388;3978;3978;5.79;0.35;268.05;3.01;930;11;1358.00;0
3049;9;4167352;3049;397;3979;3979;5.78;0.35;268.10;3.01;930;11;1359.00;0
3054;9;4167362;3054;403;3979;3979;5.69;0.35;268.27;3.01;925;11;1360.00;0
3058;9;4167371;3058;410;3980;3980;5.63;0.34;268.31;3.01;922;11;1361.00;0
3060;9;4167382;3060;415;3980;3980;5.63;0.34;268.27;3.01;920;11;1362.00;0
3062;9;4167391;3062;416;3980;3980;5.59;0.34;268.24;3.01;918;11;1363.00;0
3064;9;4167401;3064;420;3980;3980;5.53;0.34;268.16;3.01;916;11;1364.00;0
3064;9;4167410;3064;423;3980;3980;5.44;0.33;268.16;3.01;916;11;1365.00;0
3066;9;4167420;3066;424;3980;3980;5.40;0.33;268.14;3.01;914;11;1366.00;0
3068;9;4167430;3068;415;3980;3980;5.41;0.33;268.06;3.01;912;11;1367.00;0
3073;9;4167440;3073;427;4023;4050;5.59;0.34;267.93;2.98;950;11;1368.00;27
3076;9;4167456;3076;417;4025;4051;5.58;0.34;267.94;2.98;949;11;1369.00;26
3080;9;4167467;3080;412;4032;4051;5.65;0.34;268.04;2.98;952;11;1370.00;19
3082;9;4167477;3082;411;4033;4051;5.66;0.34;268.03;2.98;951;11;1371.00;18
3082;9;4167488;3082;415;4036;4051;5.70;0.35;268.03;2.98;954;11;1372.00;15
3083;9;4167498;3083;418;4037;4051;5.79;0.35;268.06;2.98;954;11;1373.00;14
3083;9;4167508;3083;419;4040;4051;5.87;0.36;268.06;2.98;957;11;1374.00;11
3085;9;4167518;3085;422;4043;4051;5.86;0.36;267.98;2.99;958;11;1375.00;8
3086;9;4167536;3086;410;4045;4052;5.81;0.35;268.00;2.99;959;11;1376.00;7
3086;9;4167547;3086;400;4048;4053;5.81;0.35;268.00;2.99;962;11;1377.00;5
3087;9;4167559;3087;404;4050;4053;5.78;0.35;268.04;3.00;963;11;1378.00;3
3089;9;4167573;3089;395;4056;4057;5.82;0.35;268.05;3.00;967;11;1379.00;1
3091;9;4167593;3091;393;4057;4057;5.88;0.36;268.03;3.00;966;11;1380.00;0
3092;9;4167604;3092;393;4057;4057;5.93;0.36;268.04;3.00;965;11;1381.00;0
3093;9;4167615;3093;400;4057;4057;6.00;0.37;267.98;3.00;964;11;1382.00;0
3097;9;4167626;3097;403;4063;4063;6.09;0.37;268.23;2.99;966;11;1383.00;0
3097;9;4167637;3097;406;4063;4063;6.18;0.38;268.23;2.99;966;11;1384.00;0
3097;9;4167648;3097;402;4063;4063;6.24;0.38;268.23;2.99;966;11;1385.00;0
3097;9;4167659;3097;407;4065;4066;6.32;0.39;268.23;2.99;968;11;1386.00;1
3098;9;4167672;3098;406;4065;4066;6.36;0.39;268.27;2.99;967;11;1387.00;1
3099;9;4167684;3099;409;4066;4066;6.39;0.39;268.28;2.99;967;11;1388.00;0
3101;9;4167695;3101;413;4067;4067;6.40;0.39;268.23;2.99;966;11;1389.00;0
3103;9;4167706;3103;392;4068;4068;6.43;0.39;268.16;2.99;965;11;1390.00;0
3108;9;4167718;3108;390;4068;4068;6.41;0.39;268.05;2.99;960;11;1391.00;0
3108;9;4167729;3108;386;4081;4081;6.49;0.39;268.05;2.98;973;11;1392.00;0
3110;9;4167741;3110;384;4081;4081;6.47;0.39;267.98;2.98;971;11;1393.00;0
3113;9;4167753;3113;378;4081;4081;6.49;0.39;268.10;2.98;968;11;1394.00;0
3115;9;4167765;3115;379;4083;4083;6.54;0.40;268.05;2.98;968;11;1395.00;0
3116;9;4167777;3116;383;4083;4083;6.60;0.40;268.09;2.98;967;11;1396.00;0
3118;9;4167793;3118;382;4087;4087;6.65;0.40;268.05;2.98;969;11;1397.00;0
3118;9;4167805;3118;380;4087;4087;6.69;0.41;268.05;2.98;969;11;1398.00;0
3120;9;4167816;3120;375;4091;4091;6.67;0.41;267.97;2.98;971;11;1399.00;0
3123;9;4167829;3123;371;4091;4091;6.67;0.41;268.04;2.98;968;11;1400.00;0
3124;9;4167851;3124;372;4091;4091;6.69;0.41;268.10;2.98;967;11;1401.00;0
3127;9;4167863;3127;372;4091;4091;6.68;0.41;268.05;2.98;964;11;1402.00;0
3127;9;4167888;3127;371;4091;4091;6.67;0.41;268.05;2.98;964;11;1403.00;0
3128;9;4167901;3128;373;4102;4103;6.78;0.41;268.04;2.97;974;11;1404.00;1
3131;9;4167913;3131;369;4102;4103;6.79;0.41;268.02;2.97;971;11;1405.00;1
3131;9;4167925;3131;361;4103;4103;6.87;0.42;268.02;2.97;972;11;1406.00;0
3133;9;4167936;3133;363;4103;4103;6.97;0.42;267.97;2.97;970;11;1407.00;0
3134;9;4167947;3134;364;4103;4103;7.03;0.43;267.97;2.97;969;11;1408.00;0
3136;9;4167958;3136;355;4103;4103;7.05;0.43;267.98;2.97;967;11;1409.00;0
3137;9;4167972;3137;353;4104;4104;7.07;0.43;267.93;2.97;967;11;1410.00;0
3138;9;4167984;3138;341;4104;4104;7.02;0.43;267.89;2.97;966;11;1411.00;0
3142;9;4167995;3142;342;4110;4110;7.00;0.42;268.12;2.96;968;11;1412.00;0
3146;9;4168007;3146;334;4111;4111;6.99;0.42;268.44;2.96;965;11;1413.00;0
3148;9;4168019;3148;333;4111;4111;6.95;0.42;268.42;2.96;963;11;1414.00;0
3150;9;4168031;3150;329;4111;4111;6.93;0.42;268.58;2.96;961;11;1415.00;0
3154;9;4168041;3154;323;4115;4115;6.86;0.42;268.54;2.96;961;11;1416.00;0
3157;9;4168053;3157;313;4115;4115;6.88;0.42;268.60;2.96;958;11;1417.00;0
3159;9;4168064;3159;310;4115;4115;6.91;0.42;268.66;2.96;956;11;1418.00;0
3161;9;4168075;3161;311;4116;4116;6.97;0.42;268.66;2.96;955;11;1419.00;0
3165;9;4168085;3165;305;4120;4120;7.03;0.43;268.79;2.96;955;11;1420.00;0
3168;9;4168096;3168;301;4120;4120;7.12;0.43;268.93;2.96;952;11;1421.00;0
3172;9;4168106;3172;293;4122;4123;7.17;0.44;269.08;2.96;950;11;1422.00;1
3174;9;4168118;3174;285;4122;4123;7.24;0.44;269.17;2.96;948;11;1423.00;1
3178;9;4168128;3178;293;4123;4123;7.26;0.44;269.25;2.96;945;11;1424.00;0
3185;9;4168139;3185;286;4123;4123;7.27;0.44;269.48;2.96;938;11;1425.00;0
3186;9;4168149;3186;283;4127;4127;7.35;0.45;269.53;2.95;941;11;1426.00;0
3188;9;4168160;3188;275;4127;4127;7.33;0.44;269.61;2.95;939;11;1427.00;0
3195;9;4168170;3195;274;4127;4127;7.29;0.44;269.83;2.95;932;11;1428.00;0
3199;9;4168181;3199;270;4127;4127;7.30;0.44;269.84;2.95;928;11;1429.00;0
3202;9;4168190;3202;267;4128;4128;7.31;0.44;270.00;2.95;926;11;1430.00;0
3203;9;4168201;3203;269;4129;4129;7.35;0.45;270.06;2.95;926;11;1431.00;0
3207;9;4168211;3207;264;4129;4129;7.37;0.45;270.03;2.95;922;11;1432.00;0
3210;9;4168221;3210;261;4130;4130;7.40;0.45;270.20;2.95;920;11;1433.00;0
3212;9;4168232;3212;268;4130;4130;7.42;0.45;270.26;2.95;918;11;1434.00;0
3212;9;4168242;3212;269;4130;4130;7.44;0.45;270.26;2.95;918;11;1435.00;0
3213;9;4168253;3213;273;4130;4130;7.43;0.45;270.26;2.95;917;11;1436.00;0
3215;9;4168263;3215;268;4130;4130;7.38;0.45;270.32;2.95;915;11;1437.00;0
3216;9;4168274;3216;268;4130;4130;7.38;0.45;270.41;2.95;914;11;1438.00;0
3218;9;4168284;3218;262;4130;4130;7.43;0.45;270.49;2.95;912;11;1439.00;0
3222;9;4168297;3222;303;4237;4360;7.53;0.47;270.70;2.88;1015;11;1440.00;123
3223;9;4168325;3223;292;4243;4361;7.55;0.47;270.75;2.88;1020;11;1441.00;118
3226;9;4168336;3226;282;4254;4361;7.64;0.48;270.93;2.87;1028;11;1442.00;107
3229;9;4168354;3229;275;4263;4361;7.65;0.48;271.10;2.87;1034;11;1443.00;98
3231;9;4168365;3231;279;4273;4361;7.66;0.48;271.21;2.88;1042;11;1444.00;88
3233;9;4168376;3233;275;4277;4361;7.67;0.48;271.26;2.88;1044;11;1445.00;84
3236;9;4168387;3236;273;4286;4361;7.67;0.48;271.24;2.89;1050;11;1446.00;75
3238;9;4168398;3238;278;4293;4361;7.68;0.48;271.28;2.89;1055;11;1447.00;68
3239;9;4168410;3239;284;4299;4362;7.66;0.47;271.32;2.90;1060;11;1448.00;63
3240;9;4168421;3240;286;4305;4363;7.66;0.47;271.30;2.91;1065;11;1449.00;58
3242;9;4168438;3242;287;4311;4363;7.63;0.47;271.31;2.92;1069;11;1450.00;52
3245;9;4168450;3245;297;4317;4364;7.53;0.47;271.26;2.93;1072;11;1451.00;47
3246;9;4168461;3246;285;4322;4364;7.43;0.46;271.26;2.94;1076;11;1452.00;42
3249;9;4168473;3249;292;4326;4364;7.37;0.45;271.19;2.95;1077;11;1453.00;38
3251;9;4168485;3251;290;4331;4364;7.30;0.45;271.35;2.96;1080;11;1454.00;33
3252;9;4168496;3252;294;4338;4368;7.23;0.45;271.28;2.97;1086;11;1455.00;30
3254;9;4168508;3254;303;4339;4368;7.24;0.45;271.18;2.97;1085;11;1456.00;29
3258;9;4168520;3258;314;4344;4368;7.16;0.44;271.24;2.99;1086;11;1457.00;24
3259;9;4168532;3259;320;4347;4371;7.12;0.44;271.37;3.00;1088;11;1458.00;24
3260;9;4168547;3260;328;4350;4371;7.07;0.43;271.43;3.00;1090;11;1459.00;21
3264;9;4168578;3264;342;4352;4371;7.05;0.43;271.33;3.01;1088;11;1460.00;19
3268;9;4168604;3268;346;4357;4375;6.99;0.43;271.54;3.01;1089;11;1461.00;18
3270;9;4168628;3270;344;4360;4376;7.04;0.43;271.52;3.02;1090;11;1462.00;16
3272;9;4168650;3272;348;4360;4376;7.03;0.43;271.61;3.02;1088;11;1463.00;16
3276;9;4168672;3276;347;4365;4380;7.03;0.43;271.61;3.03;1089;11;1464.00;15
3281;9;4168689;3281;350;4367;4380;7.01;0.43;271.73;3.03;1086;11;1465.00;13
3285;9;4168703;3285;354;4367;4380;6.99;0.43;271.76;3.03;1082;11;1466.00;13
3288;9;4168718;3288;353;4367;4381;6.97;0.43;271.70;3.03;1079;11;1467.00;14
3291;9;4168735;3291;364;4367;4381;6.94;0.42;271.75;3.03;1076;11;1468.00;14
3292;9;4168749;3292;351;4373;4387;6.96;0.42;271.74;3.04;1081;11;1469.00;14
3296;9;4168767;3296;352;4373;4387;6.92;0.42;272.04;3.04;1077;11;1470.00;14
3297;9;4168780;3297;346;4374;4388;6.93;0.42;271.96;3.04;1077;11;1471.00;14
3302;9;4168795;3302;343;4376;4388;6.86;0.42;271.99;3.05;1074;11;1472.00;12
3304;9;4168810;3304;347;4376;4388;6.84;0.42;272.07;3.05;1072;11;1473.00;12
3304;9;4168828;3304;346;4376;4388;6.85;0.42;272.07;3.05;1072;11;1474.00;12
3308;9;4168844;3308;342;4377;4388;6.76;0.41;272.09;3.05;1069;11;1475.00;11
3310;9;4168859;3310;345;4388;4400;6.69;0.41;272.16;3.06;1078;11;1476.00;12
3311;9;4168874;3311;347;4388;4400;6.59;0.40;272.20;3.06;1077;11;1477.00;12
3313;9;4168894;3313;352;4390;4400;6.52;0.40;272.12;3.07;1077;11;1478.00;10
3315;9;4168912;3315;357;4391;4400;6.42;0.39;272.19;3.07;1076;11;1479.00;9
3316;9;4168927;3316;363;4391;4400;6.36;0.39;272.18;3.07;1075;11;1480.00;9
3318;9;4168943;3318;369;4394;4400;6.28;0.38;272.39;3.09;1076;11;1481.00;6
3320;9;4168957;3320;374;4399;4404;6.15;0.38;272.28;3.09;1079;11;1482.00;5
3322;9;4168971;3322;375;4400;4404;6.02;0.37;272.25;3.09;1078;11;1483.00;4
3328;9;4168990;3328;379;4404;4408;5.94;0.36;272.41;3.09;1076;11;1484.00;4
3331;9;4169005;3331;364;4406;4410;5.85;0.36;272.41;3.09;1075;11;1485.00;4
3335;9;4169019;3335;371;4407;4410;5.70;0.35;272.50;3.09;1072;11;1486.00;3
3339;9;4169030;3339;371;4407;4410;5.66;0.35;272.68;3.09;1068;12;1487.00;3
3342;9;4169055;3342;373;4420;4423;5.69;0.35;272.88;3.08;1078;12;1488.00;3
3348;9;4169070;3348;380;4420;4423;5.67;0.35;273.20;3.08;1072;12;1489.00;3
3350;9;4169082;3350;381;4420;4423;5.70;0.35;273.26;3.08;1070;12;1490.00;3
3354;9;4169095;3354;380;4421;4424;5.69;0.35;273.31;3.08;1067;12;1491.00;3
3362;9;4169109;3362;373;4422;4425;5.67;0.35;273.40;3.08;1060;12;1492.00;3
3365;9;4169123;3365;370;4422;4425;5.68;0.35;273.38;3.08;1057;12;1493.00;3
3369;9;4169138;3369;366;4425;4428;5.73;0.35;273.43;3.08;1056;12;1494.00;3
3373;9;4169151;3373;365;4425;4428;5.77;0.36;273.46;3.08;1052;12;1495.00;3
3375;9;4169164;3375;357;4425;4428;5.79;0.36;273.38;3.08;1050;12;1496.00;3
3378;9;4169175;3378;359;4425;4428;5.74;0.36;273.37;3.08;1047;12;1497.00;3
3380;9;4169187;3380;369;4431;4434;5.71;0.35;273.31;3.07;1051;12;1498.00;3
3386;9;4169199;3386;369;4431;4434;5.71;0.35;273.31;3.07;1045;13;1499.00;3
3390;9;4169223;3390;388;4436;4453;5.63;0.35;273.22;3.07;1046;13;1500.00;17
3393;9;4169243;3393;389;4436;4453;5.63;0.35;273.33;3.07;1043;13;1501.00;17
3395;9;4169255;3395;394;4440;4457;5.62;0.35;273.31;3.07;1045;13;1502.00;17
3397;9;4169267;3397;399;4441;4458;5.62;0.35;273.33;3.07;1044;13;1503.00;17
3402;9;4169278;3402;406;4442;4458;5.52;0.34;273.27;3.07;1040;13;1504.00;16
3406;9;4169290;3406;408;4444;4459;5.47;0.34;273.21;3.07;1038;13;1505.00;15
3410;9;4169302;3410;406;4446;4459;5.41;0.33;273.24;3.07;1036;13;1506.00;13
3417;9;4169313;3417;409;4446;4459;5.32;0.33;272.96;3.07;1029;13;1507.00;13
3420;9;4169325;3420;414;4446;4459;5.28;0.32;273.05;3.07;1026;13;1508.00;13
3425;9;4169337;3425;416;4446;4459;5.20;0.32;273.10;3.07;1021;13;1509.00;13
3427;9;4169348;3427;423;4446;4459;5.20;0.32;272.98;3.07;1019;13;1510.00;13
3429;9;4169359;3429;417;4447;4459;5.15;0.32;273.06;3.07;1018;13;1511.00;12
3430;9;4169369;3430;434;4487;4529;5.26;0.33;273.12;3.05;1057;13;1512.00;42
3435;9;4169386;3435;433;4489;4530;5.24;0.32;273.01;3.04;1054;13;1513.00;41
3440;9;4169397;3440;434;4495;4530;5.25;0.33;273.10;3.06;1055;13;1514.00;35
3443;9;4169408;3443;436;4498;4530;5.25;0.33;273.11;3.06;1055;13;1515.00;32
3446;9;4169419;3446;440;4499;4530;5.27;0.33;273.12;3.06;1053;13;1516.00;31
3454;9;4169429;3454;445;4503;4530;5.24;0.32;273.27;3.06;1049;13;1517.00;27
3457;9;4169448;3457;447;4505;4530;5.25;0.33;273.08;3.07;1048;13;1518.00;25
3461;9;4169459;3461;447;4508;4530;5.26;0.33;273.34;3.07;1047;13;1519.00;22
3463;9;4169470;3463;450;4511;4531;5.29;0.33;273.30;3.07;1048;13;1520.00;20
3466;9;4169481;3466;446;4514;4532;5.27;0.33;273.28;3.08;1048;13;1521.00;18
3470;9;4169492;3470;460;4517;4532;5.22;0.32;273.29;3.08;1047;13;1522.00;15
3473;9;4169502;3473;464;4525;4536;5.21;0.32;273.30;3.09;1052;13;1523.00;11
3476;9;4169513;3476;462;4526;4536;5.15;0.32;273.41;3.09;1050;13;1524.00;10
3481;9;4169524;3481;470;4526;4536;5.14;0.32;273.30;3.09;1045;13;1525.00;10
3484;9;4169535;3484;478;4526;4536;5.14;0.32;273.37;3.09;1042;13;1526.00;10
3488;9;4169546;3488;482;4531;4542;5.16;0.32;273.35;3.09;1043;13;1527.00;11
3492;9;4169557;3492;479;4531;4542;5.18;0.32;273.44;3.09;1039;13;1528.00;11
3496;9;4169568;3496;489;4534;4542;5.17;0.32;273.47;3.12;1038;13;1529.00;8
3496;9;4169580;3496;485;4537;4548;5.22;0.32;273.47;3.12;1041;13;1530.00;11
3499;9;4169590;3499;487;4538;4548;5.24;0.32;273.42;3.12;1039;13;1531.00;10
3500;9;4169601;3500;482;4539;4548;5.22;0.32;273.44;3.12;1039;13;1532.00;9
3501;9;4169611;3501;481;4543;4549;5.16;0.32;273.44;3.14;1042;13;1533.00;6
3503;9;4169622;3503;474;4545;4550;5.12;0.31;273.30;3.14;1042;13;1534.00;5
3508;9;4169633;3508;477;4546;4550;5.05;0.31;273.23;3.15;1038;13;1535.00;4
3509;9;4169644;3509;479;4557;4563;5.10;0.31;273.27;3.14;1048;13;1536.00;6
3513;9;4169657;3513;464;4560;4563;5.09;0.31;273.28;3.15;1047;13;1537.00;3
3514;9;4169668;3514;463;4560;4563;5.15;0.31;273.32;3.15;1046;13;1538.00;3
3518;9;4169679;3518;456;4561;4564;5.18;0.32;273.35;3.15;1043;13;1539.00;3
3519;9;4169690;3519;461;4563;4564;5.19;0.32;273.28;3.16;1044;13;1540.00;1
3522;9;4169701;3522;450;4567;4568;5.30;0.32;273.47;3.16;1045;13;1541.00;1
3523;9;4169713;3523;437;4568;4568;5.39;0.33;273.50;3.16;1045;13;1542.00;0
3527;9;4169725;3527;423;4572;4572;5.43;0.33;273.47;3.16;1045;13;1543.00;0
3528;9;4169744;3528;412;4572;4572;5.53;0.34;273.51;3.16;1044;13;1544.00;0
3528;9;4169756;3528;410;4572;4572;5.60;0.34;273.51;3.16;1044;13;1545.00;0
3529;9;4169768;3529;395;4572;4572;5.66;0.34;273.44;3.16;1043;13;1546.00;0
3529;9;4169780;3529;395;4572;4572;5.73;0.35;273.44;3.16;1043;13;1547.00;0
3529;9;4169798;3529;391;4583;4584;5.85;0.36;273.44;3.15;1054;13;1548.00;1
3530;9;4169810;3530;391;4583;4584;5.93;0.36;273.47;3.15;1053;13;1549.00;1
3532;9;4169822;3532;391;4584;4584;5.99;0.37;273.43;3.15;1052;13;1550.00;0
3533;9;4169835;3533;393;4584;4584;6.05;0.37;273.45;3.15;1051;13;1551.00;0
3534;9;4169847;3534;382;4584;4584;6.12;0.37;273.46;3.15;1050;13;1552.00;0
3535;9;4169859;3535;375;4584;4584;6.17;0.38;273.48;3.15;1049;13;1553.00;0
3536;9;4169871;3536;372;4585;4585;6.23;0.38;273.51;3.15;1049;13;1554.00;0
3538;9;4169883;3538;371;4587;4587;6.25;0.38;273.53;3.15;1049;13;1555.00;0
3540;9;4169896;3540;366;4593;4593;6.31;0.38;273.49;3.15;1053;13;1556.00;0
3541;9;4169909;3541;360;4594;4594;6.38;0.39;273.45;3.15;1053;13;1557.00;0
3546;9;4169922;3546;361;4594;4594;6.37;0.39;273.55;3.15;1048;13;1558.00;0
3546;9;4169934;3546;357;4594;4594;6.38;0.39;273.55;3.15;1048;13;1559.00;0
3549;9;4169947;3549;352;4599;4599;6.39;0.39;273.63;3.14;1050;13;1560.00;0
3553;9;4169959;3553;354;4599;4599;6.38;0.39;273.71;3.14;1046;13;1561.00;0
3554;9;4169971;3554;349;4599;4599;6.43;0.39;273.72;3.14;1045;13;1562.00;0
3559;9;4169983;3559;354;4600;4600;6.47;0.39;273.91;3.14;1041;13;1563.00;0
3561;9;4169996;3561;353;4604;4604;6.53;0.40;273.87;3.14;1043;13;1564.00;0
3565;10;4170008;3565;354;4604;4604;6.55;0.40;273.92;3.14;1039;14;1565.00;0
3566;10;4170036;3566;356;4606;4607;6.60;0.40;273.88;3.14;1040;14;1566.00;1
3568;10;4170048;3568;363;4606;4607;6.59;0.40;273.86;3.14;1038;14;1567.00;1
3571;10;4170066;3571;368;4607;4607;6.62;0.40;273.94;3.14;1036;14;1568.00;0
3573;10;4170078;3573;373;4607;4607;6.63;0.40;273.99;3.14;1034;14;1569.00;0
3574;10;4170090;3574;379;4611;4611;6.64;0.40;274.12;3.14;1037;14;1570.00;0
3577;10;4170103;3577;383;4611;4611;6.60;0.40;274.20;3.14;1034;14;1571.00;0
3580;10;4170115;3580;386;4611;4611;6.56;0.40;274.35;3.14;1031;14;1572.00;0
3582;10;4170128;3582;384;4611;4611;6.55;0.40;274.45;3.14;1029;14;1573.00;0
3583;10;4170139;3583;378;4612;4612;6.53;0.40;274.58;3.14;1029;14;1574.00;0
3585;10;4170151;3585;373;4614;4614;6.56;0.40;274.66;3.14;1029;14;1575.00;0
3587;10;4170163;3587;368;4614;4614;6.56;0.40;274.78;3.14;1027;14;1576.00;0
3590;10;4170176;3590;354;4615;4615;6.57;0.40;274.87;3.13;1025;14;1577.00;0
3593;10;4170189;3593;358;4615;4615;6.58;0.40;275.17;3.13;1022;14;1578.00;0
3596;10;4170201;3596;351;4615;4615;6.56;0.40;275.18;3.13;1019;14;1579.00;0
3598;10;4170213;3598;348;4615;4615;6.55;0.40;275.45;3.13;1017;14;1580.00;0
3601;10;4170225;3601;342;4615;4615;6.61;0.40;275.73;3.13;1014;14;1581.00;0
3604;10;4170237;3604;328;4615;4615;6.67;0.40;275.93;3.13;1011;14;1582.00;0
3608;10;4170249;3608;329;4615;4615;6.75;0.41;276.28;3.13;1007;14;1583.00;0
3609;10;4170261;3609;348;4695;4742;6.79;0.42;276.24;3.08;1086;14;1584.00;47
3611;10;4170283;3611;325;4695;4743;6.91;0.42;276.37;3.08;1084;14;1585.00;48
3614;10;4170297;3614;317;4700;4743;7.06;0.43;276.54;3.08;1086;14;1586.00;43
3616;10;4170309;3616;315;4700;4743;7.14;0.44;276.53;3.08;1084;14;1587.00;43
3617;10;4170322;3617;313;4705;4743;7.23;0.44;276.65;3.08;1088;14;1588.00;38
3621;10;4170335;3621;315;4705;4743;7.32;0.45;276.85;3.08;1084;14;1589.00;38
3626;10;4170350;3626;315;4707;4743;7.39;0.45;276.95;3.08;1081;14;1590.00;36
3629;10;4170362;3629;312;4710;4743;7.42;0.45;277.21;3.09;1081;14;1591.00;33
3633;10;4170375;3633;308;4711;4744;7.45;0.45;277.27;3.09;1078;14;1592.00;33
3637;10;4170388;3637;309;4716;4745;7.44;0.45;277.46;3.09;1079;14;1593.00;29
3642;10;4170400;3642;310;4718;4745;7.41;0.45;277.56;3.10;1076;14;1594.00;27
3646;10;4170413;3646;313;4720;4746;7.41;0.45;277.68;3.10;1074;14;1595.00;26
3647;10;4170426;3647;310;4724;4746;7.39;0.45;277.82;3.11;1077;14;1596.00;22
3649;10;4170438;3649;317;4727;4746;7.32;0.45;277.99;3.11;1078;14;1597.00;19
3653;10;4170450;3653;314;4730;4746;7.29;0.45;278.06;3.12;1077;14;1598.00;16
3653;10;4170462;3653;309;4735;4750;7.30;0.45;278.06;3.12;1082;14;1599.00;15
3656;11;4170475;3656;316;4736;4750;7.21;0.44;278.10;3.13;1080;15;1600.00;14
3658;11;4170503;3658;318;4738;4750;7.16;0.44;278.34;3.13;1080;15;1601.00;12
3660;11;4170515;3660;321;4740;4753;7.12;0.44;278.29;3.13;1080;15;1602.00;13
3664;11;4170535;3664;325;4743;4753;7.07;0.43;278.38;3.14;1079;15;1603.00;10
3666;11;4170547;3666;319;4745;4753;7.04;0.43;278.55;3.15;1079;15;1604.00;8
3669;11;4170559;3669;320;4751;4757;7.01;0.43;278.75;3.16;1082;15;1605.00;6
3673;11;4170574;3673;318;4754;4758;6.99;0.43;278.82;3.16;1081;15;1606.00;4
3675;11;4170587;3675;324;4756;4758;7.07;0.43;278.87;3.16;1081;15;1607.00;2
3676;11;4170600;3676;322;4759;4762;7.12;0.43;278.88;3.16;1083;15;1608.00;3
3679;11;4170613;3679;324;4759;4762;7.14;0.43;278.94;3.16;1080;15;1609.00;3
3680;11;4170630;3680;328;4759;4762;7.14;0.43;279.05;3.16;1079;15;1610.00;3
3684;11;4170643;3684;331;4760;4763;7.19;0.44;279.20;3.16;1076;15;1611.00;3
3689;11;4170655;3689;333;4760;4763;7.10;0.43;279.21;3.16;1071;15;1612.00;3
3691;11;4170668;3691;337;4766;4769;7.16;0.44;279.32;3.16;1075;15;1613.00;3
3695;11;4170681;3695;348;4766;4769;7.15;0.44;279.52;3.16;1071;15;1614.00;3
3699;11;4170696;3699;352;4767;4770;7.06;0.43;279.55;3.16;1068;15;1615.00;3
3701;11;4170708;3701;348;4767;4770;7.07;0.43;279.70;3.16;1066;15;1616.00;3
3704;11;4170721;3704;344;4767;4770;7.04;0.43;279.81;3.16;1063;15;1617.00;3
3706;11;4170734;3706;348;4767;4770;7.02;0.43;279.79;3.16;1061;15;1618.00;3
3708;11;4170747;3708;354;4768;4770;6.98;0.43;279.74;3.16;1060;15;1619.00;2
3710;11;4170760;3710;355;4797;4806;7.10;0.43;279.75;3.15;1087;15;1620.00;9
3711;11;4170777;3711;360;4800;4806;7.09;0.43;279.88;3.15;1089;15;1621.00;6
3715;11;4170789;3715;363;4804;4806;7.03;0.43;280.05;3.15;1089;15;1622.00;2
3717;11;4170801;3717;370;4804;4806;6.96;0.43;280.05;3.15;1087;15;1623.00;2
3718;11;4170813;3718;373;4805;4806;6.86;0.42;280.11;3.15;1087;15;1624.00;1
3720;11;4170825;3720;372;4805;4806;6.79;0.42;280.24;3.15;1085;15;1625.00;1
3724;11;4170837;3724;373;4810;4810;6.67;0.41;280.40;3.15;1086;15;1626.00;0
3726;11;4170849;3726;379;4810;4810;6.65;0.41;280.34;3.15;1084;15;1627.00;0
3729;11;4170860;3729;378;4814;4814;6.65;0.41;280.42;3.14;1085;15;1628.00;0
3731;11;4170878;3731;378;4815;4815;6.65;0.41;280.52;3.14;1084;15;1629.00;0
3732;11;4170889;3732;381;4815;4815;6.61;0.41;280.59;3.14;1083;15;1630.00;0
3735;11;4170900;3735;387;4815;4815;6.43;0.40;280.94;3.14;1080;15;1631.00;0
3741;11;4170911;3741;396;4828;4828;6.28;0.39;280.87;3.13;1087;15;1632.00;0
3743;11;4170923;3743;399;4828;4828;6.16;0.38;280.93;3.13;1085;15;1633.00;0
3748;11;4170934;3748;399;4828;4828;6.09;0.37;281.08;3.13;1080;15;1634.00;0
3749;11;4170946;3749;403;4829;4829;6.08;0.37;281.19;3.13;1080;15;1635.00;0
3755;11;4170956;3755;399;4830;4830;6.02;0.37;280.95;3.13;1075;15;1636.00;0
3758;11;4170967;3758;401;4830;4830;5.99;0.37;281.11;3.13;1072;15;1637.00;0
3762;11;4170978;3762;409;4833;4833;5.92;0.36;281.11;3.13;1071;15;1638.00;0
3764;11;4170990;3764;396;4833;4833;5.95;0.36;280.98;3.13;1069;15;1639.00;0
3767;11;4171006;3767;405;4833;4833;5.97;0.37;281.08;3.13;1066;15;1640.00;0
3770;11;4171017;3770;410;4833;4833;5.92;0.36;281.18;3.13;1063;15;1641.00;0
3774;11;4171027;3774;405;4839;4839;5.92;0.36;281.28;3.13;1065;15;1642.00;0
3776;11;4171038;3776;404;4839;4839;5.89;0.36;281.24;3.13;1063;15;1643.00;0
3778;11;4171048;3778;408;4839;4839;5.81;0.35;281.25;3.13;1061;15;1644.00;0
3780;11;4171059;3780;404;4839;4839;5.75;0.35;281.21;3.13;1059;15;1645.00;0
3781;11;4171069;3781;409;4843;4843;5.69;0.35;281.19;3.13;1062;15;1646.00;0
3782;11;4171080;3782;410;4844;4844;5.60;0.34;281.25;3.13;1062;15;1647.00;0
3784;11;4171090;3784;420;4844;4844;5.54;0.34;281.28;3.13;1060;15;1648.00;0
3789;11;4171099;3789;415;4845;4845;5.41;0.33;281.39;3.13;1056;15;1649.00;0
3792;12;4171111;3792;405;4845;4845;5.30;0.33;281.36;3.13;1053;16;1650.00;0
3796;12;4171131;3796;397;4845;4845;5.27;0.32;281.28;3.13;1049;16;1651.00;0
3800;12;4171140;3800;391;4845;4845;5.21;0.32;281.28;3.13;1045;16;1652.00;0
3804;12;4171150;3804;384;4845;4845;5.19;0.32;281.13;3.13;1041;16;1653.00;0
3809;12;4171159;3809;381;4845;4845;5.12;0.31;281.05;3.13;1036;16;1654.00;0
3811;12;4171169;3811;382;4845;4845;5.08;0.31;281.13;3.13;1034;16;1655.00;0
3813;12;4171178;3813;392;4884;4915;5.28;0.33;281.17;3.10;1071;16;1656.00;31
3817;12;4171197;3817;383;4886;4916;5.30;0.33;281.17;3.10;1069;16;1657.00;30
3819;12;4171208;3819;374;4893;4916;5.36;0.33;281.14;3.10;1074;16;1658.00;23
3820;12;4171219;3820;385;4896;4916;5.39;0.33;281.14;3.10;1076;16;1659.00;20
3823;12;4171228;3823;375;4899;4916;5.37;0.33;281.10;3.10;1076;16;1660.00;17
3826;12;4171238;3826;381;4899;4916;5.32;0.33;281.23;3.10;1073;16;1661.00;17
3827;12;4171249;3827;384;4901;4916;5.27;0.32;281.23;3.10;1074;16;1662.00;15
3830;12;4171259;3830;388;4902;4916;5.22;0.32;281.21;3.10;1072;16;1663.00;14
3834;12;4171270;3834;395;4902;4917;5.10;0.31;281.12;3.10;1068;16;1664.00;15
3836;12;4171281;3836;400;4905;4919;5.04;0.31;281.07;3.10;1069;16;1665.00;14
3841;12;4171292;3841;401;4907;4919;4.98;0.31;280.99;3.11;1066;16;1666.00;12
3846;12;4171302;3846;410;4911;4923;4.90;0.30;280.94;3.10;1065;16;1667.00;12
3852;12;4171313;3852;417;4913;4923;4.84;0.30;280.82;3.11;1061;16;1668.00;10
3856;12;4171324;3856;422;4913;4923;4.83;0.29;280.76;3.11;1057;16;1669.00;10
3859;12;4171335;3859;426;4916;4923;4.82;0.29;280.74;3.11;1057;16;1670.00;7
3862;12;4171345;3862;422;4922;4929;4.85;0.30;280.73;3.12;1060;16;1671.00;7
3864;12;4171356;3864;431;4925;4929;4.88;0.30;280.69;3.12;1061;16;1672.00;4
3868;12;4171366;3868;434;4926;4929;4.86;0.30;280.77;3.12;1058;16;1673.00;3
3871;12;4171377;3871;437;4927;4932;4.83;0.29;280.78;3.12;1056;16;1674.00;5
3872;12;4171389;3872;439;4927;4932;4.85;0.30;280.84;3.12;1055;16;1675.00;5
3875;12;4171400;3875;447;4927;4932;4.81;0.29;280.92;3.12;1052;16;1676.00;5
3876;12;4171411;3876;454;4929;4933;4.79;0.29;280.95;3.13;1053;16;1677.00;4
3880;12;4171424;3880;461;4930;4934;4.77;0.29;281.03;3.13;1050;16;1678.00;4
3882;12;4171435;3882;471;4931;4934;4.76;0.29;281.00;3.13;1049;16;1679.00;3
3887;12;4171448;3887;473;4950;4960;4.84;0.29;280.91;3.12;1063;16;1680.00;10
3891;12;4171461;3891;482;4952;4960;4.79;0.29;280.98;3.12;1061;16;1681.00;8
3899;12;4171472;3899;486;4954;4960;4.70;0.29;280.92;3.12;1055;16;1682.00;6
3901;12;4171483;3901;489;4955;4961;4.66;0.28;280.83;3.12;1054;16;1683.00;6
3902;12;4171499;3902;481;4955;4961;4.64;0.28;280.90;3.12;1053;16;1684.00;6
3905;12;4171510;3905;472;4959;4965;4.68;0.28;280.93;3.12;1054;16;1685.00;6
3906;12;4171522;3906;465;4959;4965;4.74;0.29;280.91;3.12;1053;16;1686.00;6
3908;12;4171533;3908;467;4963;4969;4.85;0.29;280.95;3.11;1055;16;1687.00;6
3911;12;4171545;3911;462;4963;4969;4.90;0.30;281.09;3.11;1052;16;1688.00;6
3913;12;4171557;3913;458;4964;4969;4.92;0.30;281.06;3.12;1051;16;1689.00;5
3915;12;4171574;3915;459;4965;4969;4.90;0.30;281.08;3.12;1050;16;1690.00;4
3917;12;4171585;3917;459;4965;4969;4.95;0.30;281.16;3.12;1048;16;1691.00;4
3919;12;4171597;3919;464;4975;4981;5.13;0.31;281.11;3.11;1056;16;1692.00;6
3920;12;4171609;3920;467;4975;4981;5.21;0.32;281.13;3.11;1055;16;1693.00;6
3923;12;4171627;3923;469;4976;4981;5.25;0.32;281.03;3.11;1053;16;1694.00;5
3926;12;4171638;3926;464;4977;4981;5.31;0.32;281.05;3.11;1051;16;1695.00;4
3928;12;4171649;3928;462;4977;4981;5.35;0.33;281.08;3.11;1049;16;1696.00;4
3930;12;4171661;3930;450;4978;4981;5.36;0.33;281.13;3.12;1048;16;1697.00;3
3932;12;4171672;3932;441;4980;4982;5.37;0.33;281.10;3.12;1048;16;1698.00;2
3935;12;4171684;3935;437;4980;4982;5.36;0.33;281.08;3.12;1045;16;1699.00;2
3936;12;4171699;3936;431;4985;4988;5.42;0.33;281.14;3.12;1049;16;1700.00;3
3937;12;4171716;3937;436;4987;4989;5.41;0.33;281.14;3.12;1050;16;1701.00;2
3940;12;4171729;3940;435;4987;4989;5.39;0.33;281.34;3.12;1047;16;1702.00;2
3941;12;4171741;3941;432;4987;4989;5.40;0.33;281.39;3.12;1046;16;1703.00;2
3944;12;4171753;3944;437;4992;4993;5.38;0.33;281.47;3.12;1048;16;1704.00;1
3948;12;4171766;3948;441;4993;4993;5.34;0.32;281.66;3.12;1045;16;1705.00;0
3951;12;4171784;3951;427;4993;4993;5.36;0.32;281.80;3.12;1042;16;1706.00;0
3952;12;4171797;3952;416;4994;4994;5.41;0.33;281.76;3.12;1042;16;1707.00;0
3955;12;4171809;3955;411;4998;4998;5.47;0.33;281.82;3.12;1043;16;1708.00;0
3957;12;4171821;3957;399;4998;4998;5.58;0.34;281.81;3.12;1041;16;1709.00;0
3958;12;4171835;3958;398;5003;5004;5.76;0.35;281.87;3.11;1045;16;1710.00;1
3960;12;4171848;3960;388;5003;5004;5.82;0.35;281.84;3.11;1043;16;1711.00;1
3962;12;4171860;3962;395;5004;5004;5.91;0.36;281.94;3.11;1042;16;1712.00;0
3964;12;4171873;3964;396;5004;5004;5.98;0.36;282.01;3.11;1040;16;1713.00;0
3966;12;4171886;3966;392;5008;5008;6.05;0.37;281.96;3.11;1042;16;1714.00;0
3969;12;4171900;3969;398;5008;5008;6.09;0.37;282.04;3.11;1039;16;1715.00;0
3970;12;4171912;3970;398;5008;5008;6.14;0.37;282.00;3.11;1038;16;1716.00;0
3970;12;4171925;3970;395;5008;5008;6.18;0.37;282.00;3.11;1038;16;1717.00;0
3971;12;4171937;3971;400;5009;5009;6.18;0.37;282.04;3.11;1038;16;1718.00;0
3973;12;4171949;3973;401;5010;5010;6.16;0.37;282.01;3.11;1037;16;1719.00;0
3975;12;4171961;3975;393;5010;5010;6.10;0.37;282.10;3.11;1035;16;1720.00;0
3976;12;4171990;3976;391;5011;5011;6.14;0.37;282.24;3.11;1035;16;1721.00;0
3979;12;4172008;3979;392;5011;5011;6.16;0.37;282.47;3.11;1032;16;1722.00;0
3981;12;4172021;3981;391;5011;5011;6.22;0.38;282.58;3.11;1030;16;1723.00;0
3985;12;4172034;3985;388;5011;5011;6.26;0.38;282.71;3.11;1026;16;1724.00;0
3989;12;4172047;3989;392;5011;5011;6.32;0.38;283.06;3.11;1022;16;1725.00;0
3990;12;4172059;3990;381;5011;5011;6.41;0.39;283.08;3.11;1021;16;1726.00;0
3994;12;4172071;3994;381;5011;5011;6.49;0.39;283.40;3.11;1017;16;1727.00;0
3997;12;4172082;3997;402;5093;5138;6.72;0.41;283.50;3.06;1096;16;1728.00;45
3997;12;4172106;3997;390;5096;5139;6.79;0.42;283.50;3.06;1099;16;1729.00;43
3999;12;4172118;3999;376;5103;5139;6.89;0.42;283.49;3.06;1104;16;1730.00;36
3999;12;4172131;3999;377;5104;5139;6.91;0.43;283.49;3.06;1105;16;1731.00;35
4002;12;4172143;4002;375;5109;5139;6.94;0.43;283.65;3.06;1107;16;1732.00;30
4005;12;4172156;4005;380;5111;5139;6.92;0.43;283.80;3.06;1106;16;1733.00;28
4010;12;4172168;4010;389;5114;5139;6.81;0.42;284.02;3.06;1104;16;1734.00;25
4013;12;4172181;4013;392;5117;5139;6.70;0.41;284.01;3.06;1104;16;1735.00;22
4015;12;4172200;4015;399;5119;5140;6.69;0.41;284.06;3.07;1104;16;1736.00;21
4017;12;4172212;4017;408;5123;5141;6.68;0.41;284.07;3.07;1106;16;1737.00;18
4020;12;4172224;4020;413;5126;5141;6.66;0.41;284.19;3.08;1106;16;1738.00;15
4025;12;4172237;4025;425;5128;5142;6.64;0.41;284.36;3.08;1103;16;1739.00;14
4028;12;4172251;4028;421;5130;5142;6.65;0.41;284.36;3.08;1102;16;1740.00;12
4029;12;4172263;4029;427;5132;5142;6.63;0.41;284.35;3.09;1103;16;1741.00;10
4031;12;4172275;4031;424;5134;5142;6.64;0.41;284.42;3.09;1103;16;1742.00;8
4035;12;4172287;4035;421;5138;5146;6.61;0.41;284.37;3.09;1103;16;1743.00;8
4036;12;4172299;4036;411;5139;5146;6.67;0.41;284.37;3.09;1103;16;1744.00;7
4039;12;4172312;4039;408;5141;5146;6.61;0.41;284.51;3.10;1102;16;1745.00;5
4041;12;4172324;4041;402;5142;5149;6.58;0.40;284.52;3.09;1101;16;1746.00;7
4043;12;4172337;4043;391;5143;5149;6.62;0.41;284.59;3.10;1100;16;1747.00;6
4044;12;4172349;4044;388;5144;5149;6.64;0.41;284.61;3.10;1100;16;1748.00;5
4052;12;4172362;4052;388;5148;5153;6.61;0.40;284.99;3.10;1096;16;1749.00;5
4053;12;4172375;4053;382;5150;5154;6.67;0.41;285.12;3.10;1097;16;1750.00;4
4055;12;4172386;4055;379;5151;5154;6.69;0.41;285.33;3.11;1096;16;1751.00;3
4060;12;4172399;4060;368;5155;5158;6.69;0.41;285.50;3.10;1095;16;1752.00;3
4064;12;4172412;4064;366;5155;5158;6.68;0.41;285.68;3.10;1091;16;1753.00;3
4070;12;4172425;4070;364;5155;5158;6.64;0.40;286.08;3.10;1085;16;1754.00;3
4073;12;4172439;4073;366;5157;5160;6.63;0.40;286.23;3.10;1084;16;1755.00;3
4077;12;4172453;4077;357;5157;5160;6.62;0.40;286.41;3.10;1080;16;1756.00;3
4080;12;4172465;4080;355;5164;5166;6.67;0.41;286.40;3.10;1084;16;1757.00;2
4085;12;4172479;4085;347;5164;5166;6.66;0.40;286.53;3.10;1079;16;1758.00;2
4089;12;4172493;4089;349;5164;5167;6.58;0.40;286.54;3.10;1075;16;1759.00;3
4090;12;4172506;4090;345;5164;5167;6.61;0.40;286.53;3.10;1074;16;1760.00;3
4091;12;4172520;4091;348;5164;5167;6.63;0.40;286.57;3.10;1073;16;1761.00;3
4093;12;4172532;4093;347;5164;5167;6.55;0.40;286.66;3.10;1071;16;1762.00;3
4095;12;4172545;4095;345;5164;5167;6.51;0.40;286.67;3.10;1069;16;1763.00;3
4097;12;4172557;4097;353;5173;5179;6.57;0.40;286.87;3.10;1076;16;1764.00;6
4098;12;4172571;4098;351;5174;5179;6.60;0.40;286.86;3.10;1076;16;1765.00;5
4100;12;4172586;4100;346;5175;5179;6.54;0.40;286.95;3.10;1075;16;1766.00;4
4102;12;4172610;4102;344;5175;5179;6.53;0.40;287.01;3.10;1073;16;1767.00;4
4104;12;4172623;4104;337;5175;5179;6.48;0.39;287.07;3.10;1071;16;1768.00;4
4107;12;4172648;4107;342;5175;5179;6.49;0.39;287.17;3.10;1068;16;1769.00;4
4111;12;4172666;4111;343;5178;5183;6.41;0.39;287.29;3.10;1067;16;1770.00;5
4114;12;4172679;4114;346;5178;5183;6.37;0.39;287.35;3.10;1064;16;1771.00;5
4116;12;4172699;4116;345;5182;5187;6.44;0.39;287.40;3.10;1066;16;1772.00;5
4118;12;4172712;4118;351;5183;5188;6.47;0.39;287.43;3.10;1065;16;1773.00;5
4120;12;4172729;4120;343;5183;5188;6.50;0.40;287.49;3.10;1063;16;1774.00;5
4122;12;4172746;4122;338;5183;5188;6.51;0.40;287.55;3.10;1061;16;1775.00;5
4126;12;4172766;4126;332;5193;5201;6.52;0.40;287.64;3.09;1067;16;1776.00;8
4128;12;4172782;4128;335;5193;5201;6.49;0.40;287.71;3.09;1065;16;1777.00;8
4134;12;4172794;4134;332;5194;5201;6.45;0.39;288.07;3.09;1060;16;1778.00;7
4137;12;4172806;4137;334;5196;5202;6.39;0.39;288.24;3.09;1059;16;1779.00;6
4138;12;4172818;4138;339;5196;5203;6.38;0.39;288.21;3.09;1058;16;1780.00;7
4140;12;4172831;4140;348;5196;5203;6.33;0.39;288.38;3.09;1056;16;1781.00;7
4144;12;4172844;4144;354;5199;5206;6.30;0.38;288.44;3.10;1055;16;1782.00;7
4144;12;4172856;4144;359;5199;5206;6.25;0.38;288.44;3.10;1055;16;1783.00;7
4145;12;4172867;4145;362;5200;5206;6.26;0.38;288.46;3.10;1055;16;1784.00;6
4148;12;4172879;4148;371;5201;5206;6.25;0.38;288.49;3.10;1053;16;1785.00;5
4150;12;4172890;4150;380;5206;5212;6.31;0.38;288.67;3.10;1056;16;1786.00;6
4154;12;4172902;4154;383;5207;5212;6.22;0.38;288.80;3.10;1053;16;1787.00;5
4156;12;4172913;4156;384;5207;5212;6.15;0.37;288.89;3.10;1051;16;1788.00;5
4160;12;4172925;4160;394;5208;5212;6.06;0.37;288.99;3.11;1048;16;1789.00;4
4162;12;4172936;4162;409;5211;5216;5.98;0.36;289.07;3.10;1049;16;1790.00;5
4164;12;4172947;4164;417;5212;5217;5.92;0.36;289.13;3.10;1048;16;1791.00;5
4167;12;4172958;4167;426;5213;5217;5.85;0.36;289.27;3.11;1046;16;1792.00;4
4167;12;4172970;4167;428;5214;5218;5.83;0.36;289.27;3.11;1047;16;1793.00;4
4168;12;4172981;4168;429;5214;5218;5.81;0.35;289.33;3.11;1046;16;1794.00;4
4169;12;4172991;4169;430;5214;5218;5.82;0.36;289.39;3.11;1045;16;1795.00;4
4173;12;4173002;4173;434;5216;5218;5.76;0.35;289.30;3.11;1043;16;1796.00;2
4174;12;4173012;4174;433;5217;5218;5.73;0.35;289.26;3.11;1043;16;1797.00;1
4177;12;4173022;4177;430;5218;5218;5.71;0.35;289.29;3.11;1041;16;1798.00;0
4177;12;4173032;4177;426;5218;5218;5.67;0.35;289.29;3.11;1041;16;1799.00;0
4178;12;4173045;4178;437;5274;5356;5.94;0.37;289.33;3.08;1096;16;1800.00;82
4182;12;4173072;4182;432;5280;5357;5.90;0.36;289.17;3.08;1098;16;1801.00;77
4187;12;4173085;4187;427;5295;5357;5.91;0.36;289.19;3.08;1108;16;1802.00;62
4189;12;4173098;4189;423;5302;5357;5.86;0.36;289.12;3.08;1113;16;1803.00;55
4191;12;4173120;4191;427;5309;5357;5.88;0.36;289.13;3.08;1118;16;1804.00;48
4193;12;4173136;4193;423;5311;5357;5.86;0.36;289.07;3.08;1118;16;1805.00;46
4194;12;4173149;4194;423;5318;5357;5.81;0.36;289.10;3.08;1124;16;1806.00;39
4198;12;4173160;4198;429;5324;5357;5.75;0.35;289.09;3.09;1126;16;1807.00;33
4200;12;4173179;4200;434;5332;5358;5.73;0.35;288.97;3.09;1132;16;1808.00;26
4200;12;4173198;4200;437;5335;5359;5.67;0.35;288.97;3.10;1135;16;1809.00;24
4201;12;4173215;4201;435;5338;5359;5.65;0.35;288.92;3.10;1137;16;1810.00;21
4208;12;4173229;4208;441;5347;5363;5.51;0.34;288.78;3.10;1139;16;1811.00;16
4212;12;4173243;4212;448;5348;5363;5.41;0.33;288.78;3.11;1136;16;1812.00;15
4213;12;4173256;4213;461;5348;5363;5.29;0.32;288.73;3.11;1135;16;1813.00;15
4216;12;4173267;4216;472;5349;5363;5.15;0.32;288.90;3.11;1133;16;1814.00;14
4220;12;4173284;4220;458;5355;5369;5.06;0.31;288.87;3.11;1135;16;1815.00;14
4222;12;4173297;4222;460;5356;5369;4.93;0.30;288.86;3.11;1134;16;1816.00;13
4225;12;4173308;4225;455;5356;5369;4.84;0.30;288.91;3.11;1131;16;1817.00;13
4226;12;4173341;4226;466;5358;5372;4.83;0.30;288.93;3.11;1132;16;1818.00;14
4229;12;4173352;4229;470;5358;5372;4.81;0.30;289.10;3.11;1129;16;1819.00;14
4231;12;4173364;4231;474;5359;5372;4.79;0.29;289.21;3.11;1128;16;1820.00;13
4231;12;4173374;4231;473;5360;5373;4.84;0.30;289.21;3.11;1129;16;1821.00;13
4235;12;4173385;4235;472;5362;5374;4.86;0.30;289.29;3.11;1127;16;1822.00;12
4237;12;4173397;4237;465;5362;5374;4.91;0.30;289.27;3.11;1125;16;1823.00;12
4240;12;4173408;4240;466;5374;5387;4.91;0.30;289.36;3.11;1134;16;1824.00;13
4243;12;4173420;4243;468;5374;5387;4.90;0.30;289.27;3.11;1131;16;1825.00;13
4244;12;4173431;4244;465;5374;5387;4.90;0.30;289.21;3.11;1130;16;1826.00;13
4247;12;4173448;4247;467;5374;5388;4.89;0.30;289.24;3.11;1127;16;1827.00;14
4251;12;4173459;4251;462;5374;5388;4.90;0.30;289.26;3.11;1123;16;1828.00;14
4252;12;4173471;4252;464;5377;5392;4.90;0.30;289.19;3.10;1125;16;1829.00;15
4255;12;4173486;4255;474;5377;5392;4.91;0.30;289.18;3.10;1122;16;1830.00;15
4256;12;4173501;4256;454;5380;5396;4.96;0.30;289.12;3.10;1124;16;1831.00;16
4259;12;4173517;4259;448;5380;5396;5.01;0.31;289.05;3.10;1121;16;1832.00;16
4262;12;4173530;4262;444;5380;5396;5.05;0.31;289.09;3.10;1118;16;1833.00;16
4263;12;4173543;4263;439;5380;5396;5.10;0.31;289.03;3.10;1117;17;1834.00;16
4266;12;4173568;4266;438;5380;5396;5.14;0.31;289.07;3.10;1114;17;1835.00;16
4269;12;4173581;4269;434;5389;5408;5.26;0.32;288.95;3.10;1120;17;1836.00;19
4273;13;4173597;4273;429;5389;5408;5.34;0.33;289.07;3.10;1116;18;1837.00;19
4277;13;4173622;4277;433;5389;5408;5.40;0.33;289.13;3.10;1112;18;1838.00;19
4281;13;4173636;4281;433;5389;5408;5.43;0.33;289.13;3.10;1108;18;1839.00;19
4282;13;4173655;4282;430;5389;5408;5.46;0.33;289.12;3.10;1107;18;1840.00;19
4284;13;4173668;4284;431;5389;5408;5.47;0.33;289.12;3.10;1105;18;1841.00;19
4286;13;4173681;4286;434;5389;5409;5.48;0.33;289.15;3.10;1103;18;1842.00;20
4288;13;4173694;4288;441;5389;5409;5.50;0.34;289.16;3.10;1101;18;1843.00;20
4290;13;4173706;4290;440;5393;5415;5.51;0.34;289.29;3.10;1103;18;1844.00;22
4294;13;4173720;4294;443;5394;5417;5.48;0.33;289.37;3.10;1100;18;1845.00;23
4295;13;4173739;4295;448;5395;5417;5.46;0.33;289.40;3.10;1100;18;1846.00;22
4300;13;4173752;4300;440;5395;5417;5.40;0.33;289.33;3.10;1095;18;1847.00;22
4303;13;4173768;4303;436;5398;5421;5.44;0.33;289.23;3.10;1095;18;1848.00;23
4307;13;4173780;4307;434;5399;5421;5.45;0.33;289.22;3.10;1092;18;1849.00;22
4310;13;4173793;4310;423;5399;5421;5.43;0.33;289.28;3.10;1089;18;1850.00;22
4311;13;4173806;4311;418;5400;5422;5.49;0.34;289.31;3.10;1089;18;1851.00;22
4314;13;4173818;4314;412;5404;5426;5.53;0.34;289.31;3.11;1090;18;1852.00;22
4316;13;4173830;4316;416;5405;5426;5.56;0.34;289.40;3.11;1089;18;1853.00;21
4319;13;4173842;4319;416;5406;5429;5.61;0.34;289.47;3.11;1087;18;1854.00;23
4323;13;4173855;4323;422;5408;5429;5.62;0.35;289.40;3.11;1085;18;1855.00;21
4328;13;4173867;4328;427;5408;5429;5.63;0.35;289.29;3.11;1080;18;1856.00;21
4332;13;4173880;4332;428;5409;5429;5.67;0.35;289.14;3.11;1077;18;1857.00;20
4338;13;4173892;4338;426;5413;5433;5.74;0.35;289.29;3.12;1075;18;1858.00;20
4342;13;4173906;4342;435;5413;5433;5.71;0.35;289.51;3.12;1071;18;1859.00;20
4344;13;4173920;4344;435;5414;5433;5.71;0.35;289.50;3.12;1070;18;1860.00;19
4347;13;4173933;4347;441;5414;5433;5.66;0.35;289.69;3.12;1067;18;1861.00;19
4350;13;4173951;4350;434;5415;5434;5.62;0.34;289.71;3.12;1065;18;1862.00;19
4351;13;4173965;4351;433;5417;5435;5.66;0.35;289.73;3.12;1066;18;1863.00;18
4353;13;4173979;4353;428;5417;5435;5.65;0.35;289.79;3.12;1064;18;1864.00;18
4359;13;4173996;4359;428;5418;5436;5.63;0.34;289.84;3.12;1059;18;1865.00;18
4362;13;4174011;4362;426;5418;5436;5.61;0.34;289.94;3.12;1056;18;1866.00;18
4365;13;4174027;4365;426;5418;5436;5.65;0.35;290.09;3.12;1053;18;1867.00;18
4369;13;4174040;4369;424;5418;5436;5.66;0.35;290.22;3.12;1049;18;1868.00;18
4373;13;4174056;4373;422;5418;5436;5.72;0.35;290.43;3.12;1045;18;1869.00;18
4378;13;4174074;4378;427;5418;5436;5.78;0.35;290.41;3.12;1040;18;1870.00;18
4381;13;4174087;4381;415;5418;5436;5.91;0.36;290.42;3.12;1037;18;1871.00;18
4386;13;4174101;4386;427;5492;5563;6.24;0.39;290.46;3.09;1106;18;1872.00;71
4388;13;4174125;4388;407;5494;5564;6.33;0.39;290.62;3.09;1106;18;1873.00;70
4390;13;4174139;4390;396;5501;5564;6.43;0.40;290.80;3.09;1111;18;1874.00;63
4391;13;4174151;4391;385;5504;5564;6.50;0.40;290.90;3.09;1113;18;1875.00;60
4393;13;4174165;4393;385;5508;5564;6.56;0.41;290.94;3.09;1115;18;1876.00;56
4397;13;4174179;4397;381;5509;5564;6.64;0.41;291.06;3.09;1112;18;1877.00;55
4399;13;4174193;4399;384;5511;5564;6.66;0.41;291.08;3.09;1112;18;1878.00;53
4403;13;4174206;4403;384;5513;5564;6.67;0.41;291.37;3.09;1110;18;1879.00;51
4405;13;4174219;4405;392;5514;5565;6.66;0.41;291.54;3.09;1109;18;1880.00;51
4408;13;4174232;4408;399;5517;5566;6.61;0.41;291.66;3.10;1109;18;1881.00;49
4410;13;4174246;4410;397;5521;5568;6.57;0.40;291.70;3.10;1111;18;1882.00;47
4412;13;4174259;4412;401;5523;5569;6.47;0.40;291.82;3.10;1111;18;1883.00;46
4415;13;4174274;4415;399;5527;5569;6.42;0.39;291.88;3.11;1112;18;1884.00;42
4416;13;4174289;4416;405;5529;5569;6.39;0.39;291.89;3.11;1113;18;1885.00;40
4421;13;4174302;4421;410;5532;5569;6.29;0.39;291.92;3.13;1111;18;1886.00;37
4423;13;4174316;4423;413;5536;5573;6.27;0.38;291.97;3.13;1113;18;1887.00;37
4424;13;4174330;4424;407;5538;5573;6.25;0.38;291.97;3.14;1114;18;1888.00;35
4426;13;4174343;4426;411;5539;5573;6.23;0.38;292.15;3.14;1113;18;1889.00;34
4429;13;4174357;4429;412;5543;5579;6.20;0.38;292.19;3.14;1114;18;1890.00;36
4431;13;4174370;4431;411;5545;5579;6.21;0.38;292.28;3.14;1114;19;1891.00;34
4432;13;4174391;4432;409;5548;5579;6.25;0.38;292.28;3.15;1116;19;1892.00;31
4435;13;4174404;4435;411;5551;5583;6.21;0.38;292.35;3.14;1116;19;1893.00;32
4439;13;4174417;4439;399;5555;5584;6.25;0.38;292.42;3.17;1116;19;1894.00;29
4441;13;4174432;4441;400;5555;5584;6.28;0.38;292.53;3.17;1114;19;1895.00;29
4443;13;4174445;4443;401;5559;5588;6.30;0.39;292.53;3.17;1116;19;1896.00;29
4445;13;4174465;4445;408;5560;5588;6.34;0.39;292.55;3.18;1115;19;1897.00;28
4447;13;4174478;4447;412;5561;5588;6.39;0.39;292.52;3.18;1114;19;1898.00;27
4450;13;4174491;4450;412;5563;5589;6.35;0.39;292.56;3.20;1113;19;1899.00;26
4452;13;4174505;4452;423;5563;5589;6.37;0.39;292.66;3.20;1111;19;1900.00;26
4457;13;4174521;4457;419;5568;5595;6.39;0.39;292.76;3.20;1111;19;1901.00;27
4460;13;4174536;4460;417;5569;5595;6.33;0.39;292.83;3.21;1109;19;1902.00;26
4461;13;4174550;4461;412;5569;5596;6.30;0.38;292.86;3.21;1108;19;1903.00;27
4465;13;4174563;4465;411;5570;5596;6.25;0.38;292.92;3.23;1105;19;1904.00;26
4466;13;4174577;4466;407;5570;5596;6.20;0.38;293.01;3.23;1104;19;1905.00;26
4470;13;4174591;4470;402;5570;5596;6.16;0.37;293.05;3.23;1100;19;1906.00;26
4473;13;4174607;4473;400;5571;5596;6.09;0.37;293.08;3.25;1098;19;1907.00;25
4475;13;4174620;4475;397;5580;5608;6.06;0.37;293.25;3.25;1105;19;1908.00;28
4476;13;4174634;4476;391;5580;5608;5.99;0.36;293.20;3.25;1104;19;1909.00;28
4476;13;4174647;4476;392;5582;5608;5.97;0.36;293.20;3.25;1106;19;1910.00;26
4477;13;4174661;4477;389;5582;5608;5.99;0.36;293.22;3.25;1105;19;1911.00;26
4479;13;4174673;4479;380;5582;5608;6.01;0.36;293.26;3.25;1103;19;1912.00;26
4482;13;4174686;4482;375;5582;5608;6.05;0.37;293.26;3.25;1100;19;1913.00;26
4483;13;4174700;4483;374;5585;5612;6.14;0.37;293.30;3.24;1102;19;1914.00;27
4487;13;4174713;4487;369;5585;5612;6.09;0.37;293.61;3.24;1098;19;1915.00;27
4488;13;4174725;4488;366;5589;5616;6.09;0.37;293.72;3.24;1101;19;1916.00;27
4492;13;4174739;4492;364;5589;5617;6.03;0.37;293.83;3.24;1097;19;1917.00;28
4496;13;4174753;4496;372;5590;5617;5.99;0.36;293.94;3.24;1094;19;1918.00;27
4501;13;4174768;4501;366;5591;5617;5.96;0.36;294.11;3.26;1090;19;1919.00;26
4504;13;4174783;4504;372;5611;5646;5.98;0.36;294.26;3.25;1107;19;1920.00;35
4508;13;4174802;4508;362;5614;5646;5.91;0.36;294.41;3.26;1106;19;1921.00;32
4513;13;4174816;4513;364;5615;5646;5.87;0.36;294.41;3.26;1102;19;1922.00;31
4514;13;4174828;4514;370;5617;5647;5.91;0.36;294.55;3.26;1103;19;1923.00;30
4521;13;4174840;4521;370;5618;5648;5.92;0.36;294.73;3.26;1097;19;1924.00;30
4524;13;4174855;4524;373;5618;5648;5.90;0.36;294.74;3.26;1094;19;1925.00;30
4527;13;4174867;4527;367;5620;5651;5.93;0.36;294.82;3.26;1093;19;1926.00;31
4530;13;4174879;4530;365;5621;5651;5.96;0.36;294.78;3.26;1091;19;1927.00;30
4535;13;4174891;4535;370;5621;5651;5.96;0.36;295.12;3.26;1086;19;1928.00;30
4538;13;4174904;4538;374;5621;5651;5.91;0.36;295.16;3.26;1083;19;1929.00;30
4539;13;4174916;4539;372;5626;5657;5.95;0.36;295.15;3.26;1087;19;1930.00;31
4540;13;4174930;4540;376;5626;5657;5.90;0.36;295.25;3.26;1086;19;1931.00;31
4544;13;4174943;4544;379;5626;5657;5.87;0.36;295.33;3.26;1082;19;1932.00;31
4546;13;4174955;4546;379;5626;5657;5.85;0.36;295.31;3.26;1080;19;1933.00;31
4546;13;4174975;4546;381;5629;5661;5.80;0.35;295.31;3.25;1083;19;1934.00;32
4549;13;4174988;4549;388;5631;5663;5.81;0.35;295.28;3.25;1082;19;1935.00;32
4550;13;4175001;4550;399;5631;5663;5.81;0.35;295.28;3.25;1081;19;1936.00;32
4551;13;4175013;4551;396;5632;5664;5.80;0.35;295.27;3.25;1081;19;1937.00;32
4554;13;4175025;4554;397;5632;5664;5.77;0.35;295.44;3.25;1078;19;1938.00;32
4555;13;4175037;4555;405;5632;5664;5.76;0.35;295.48;3.25;1077;19;1939.00;32
4555;13;4175050;4555;415;5632;5664;5.75;0.35;295.48;3.25;1077;19;1940.00;32
4557;13;4175062;4557;413;5632;5664;5.75;0.35;295.51;3.25;1075;19;1941.00;32
4559;13;4175075;4559;417;5632;5664;5.68;0.35;295.43;3.25;1073;19;1942.00;32
4560;13;4175089;4560;419;5632;5664;5.64;0.34;295.39;3.25;1072;19;1943.00;32
4560;13;4175104;4560;426;5668;5734;5.84;0.36;295.39;3.25;1108;19;1944.00;66
4562;13;4175124;4562;430;5671;5735;5.78;0.35;295.40;3.25;1109;19;1945.00;64
4563;13;4175139;4563;432;5681;5735;5.78;0.35;295.36;3.27;1118;19;1946.00;54
4566;13;4175153;4566;433;5682;5735;5.65;0.34;295.27;3.27;1116;19;1947.00;53
4568;13;4175166;4568;437;5684;5735;5.58;0.34;295.19;3.27;1116;19;1948.00;51
4571;13;4175183;4571;442;5687;5735;5.46;0.33;295.07;3.28;1116;19;1949.00;48
4571;13;4175198;4571;450;5692;5737;5.36;0.33;295.07;3.33;1121;19;1950.00;45
4572;13;4175210;4572;452;5696;5737;5.33;0.33;295.01;3.34;1124;19;1951.00;41
4573;13;4175222;4573;454;5697;5738;5.30;0.32;294.99;3.34;1124;19;1952.00;41
4574;13;4175235;4574;461;5701;5739;5.30;0.32;294.97;3.36;1127;19;1953.00;38
4576;13;4175248;4576;471;5703;5739;5.24;0.32;294.86;3.37;1127;19;1954.00;36
4577;13;4175259;4577;473;5709;5743;5.22;0.32;294.84;3.38;1132;19;1955.00;34
4580;13;4175271;4580;483;5713;5743;5.15;0.31;294.74;3.39;1133;20;1956.00;30
4582;13;4175291;4582;479;5716;5743;5.09;0.31;294.69;3.41;1134;20;1957.00;27
4584;13;4175302;4584;489;5716;5743;5.00;0.31;294.61;3.41;1132;20;1958.00;27
4584;13;4175313;4584;495;5722;5749;4.99;0.31;294.61;3.42;1138;20;1959.00;27
4586;13;4175324;4586;504;5723;5749;4.94;0.30;294.53;3.44;1137;20;1960.00;26
4588;13;4175336;4588;513;5723;5749;4.83;0.30;294.45;3.44;1135;20;1961.00;26
4589;13;4175346;4589;518;5726;5752;4.74;0.29;294.42;3.45;1137;20;1962.00;26
4591;13;4175358;4591;528;5727;5752;4.64;0.28;294.41;3.46;1136;20;1963.00;25
4594;13;4175369;4594;530;5728;5752;4.53;0.28;294.37;3.46;1134;20;1964.00;24
4595;13;4175379;4595;528;5728;5753;4.45;0.27;294.32;3.46;1133;20;1965.00;25
4596;13;4175389;4596;536;5729;5754;4.40;0.27;294.29;3.46;1133;20;1966.00;25
4600;13;4175399;4600;534;5730;5754;4.32;0.26;294.20;3.47;1130;20;1967.00;24
4601;13;4175409;4601;539;5741;5767;4.32;0.26;294.18;3.47;1140;20;1968.00;26
4602;13;4175420;4602;538;5741;5767;4.28;0.26;294.28;3.47;1139;20;1969.00;26
4603;13;4175430;4603;544;5741;5767;4.27;0.26;294.22;3.47;1138;20;1970.00;26
4604;13;4175440;4604;550;5742;5768;4.24;0.26;294.19;3.47;1138;20;1971.00;26
4604;13;4175452;4604;555;5742;5768;4.19;0.26;294.19;3.47;1138;20;1972.00;26
4606;13;4175464;4606;560;5746;5772;4.20;0.26;294.14;3.46;1140;20;1973.00;26
4609;13;4175478;4609;563;5746;5772;4.14;0.25;294.11;3.46;1137;20;1974.00;26
4610;13;4175489;4610;567;5749;5776;4.15;0.25;294.09;3.46;1139;20;1975.00;27
4611;13;4175499;4611;566;5749;5776;4.08;0.25;294.03;3.46;1138;20;1976.00;27
4612;13;4175508;4612;570;5749;5776;4.05;0.25;294.08;3.46;1137;20;1977.00;27
4617;13;4175518;4617;559;5749;5776;3.95;0.24;293.97;3.46;1132;20;1978.00;27
4620;13;4175528;4620;541;5749;5776;3.88;0.24;294.00;3.46;1129;20;1979.00;27
4623;13;4175541;4623;518;5775;5810;4.08;0.25;293.92;3.45;1152;20;1980.00;35
4624;13;4175553;4624;505;5775;5810;4.08;0.25;293.97;3.45;1151;20;1981.00;35
4624;13;4175564;4624;493;5777;5810;4.17;0.26;293.97;3.45;1153;20;1982.00;33
4628;13;4175574;4628;477;5777;5810;4.21;0.26;294.04;3.45;1149;20;1983.00;33
4629;14;4175586;4629;478;5778;5810;4.22;0.26;294.10;3.45;1149;21;1984.00;32
4633;14;4175612;4633;474;5778;5810;4.25;0.26;294.15;3.45;1145;21;1985.00;32
4637;14;4175624;4637;473;5778;5811;4.28;0.26;294.15;3.45;1141;21;1986.00;33
4641;14;4175635;4641;473;5778;5811;4.37;0.27;294.18;3.45;1137;21;1987.00;33
4643;14;4175647;4643;467;5783;5817;4.50;0.27;294.18;3.44;1140;21;1988.00;34
4646;14;4175658;4646;464;5784;5818;4.61;0.28;294.19;3.44;1138;21;1989.00;34
4647;14;4175670;4647;457;5784;5818;4.72;0.29;294.19;3.44;1137;21;1990.00;34
4649;15;4175681;4649;454;5784;5818;4.77;0.29;294.20;3.44;1135;22;1991.00;34
4652;15;4175699;4652;452;5787;5822;4.83;0.29;294.16;3.44;1135;22;1992.00;35
4653;15;4175710;4653;438;5787;5822;4.86;0.30;294.13;3.44;1134;22;1993.00;35
4653;15;4175725;4653;438;5787;5822;4.92;0.30;294.13;3.44;1134;22;1994.00;35
4655;15;4175736;4655;433;5788;5823;4.95;0.30;294.13;3.44;1133;22;1995.00;35
4657;15;4175747;4657;428;5791;5827;5.03;0.31;294.08;3.44;1134;22;1996.00;36
4659;15;4175759;4659;428;5791;5827;5.05;0.31;294.12;3.44;1132;22;1997.00;36
4661;15;4175770;4661;434;5794;5830;5.10;0.31;294.13;3.44;1133;22;1998.00;36
4666;15;4175782;4666;431;5794;5830;5.10;0.31;293.99;3.44;1128;22;1999.00;36
4669;15;4175793;4669;427;5795;5830;5.10;0.31;294.11;3.47;1126;22;2000.00;35
4675;15;4175808;4675;422;5795;5830;5.11;0.31;294.30;3.47;1120;22;2001.00;35
4677;15;4175820;4677;421;5799;5834;5.19;0.32;294.35;3.47;1122;22;2002.00;35
4680;15;4175832;4680;425;5799;5834;5.24;0.32;294.39;3.47;1119;22;2003.00;35
4686;15;4175844;4686;428;5799;5834;5.22;0.32;294.35;3.47;1113;22;2004.00;35
4690;15;4175856;4690;419;5799;5834;5.23;0.32;294.36;3.47;1109;22;2005.00;35
4693;15;4175867;4693;409;5799;5835;5.27;0.32;294.40;3.47;1106;22;2006.00;36
4696;15;4175879;4696;409;5800;5836;5.28;0.32;294.50;3.47;1104;22;2007.00;36
4697;15;4175890;4697;409;5800;5836;5.30;0.32;294.48;3.47;1103;22;2008.00;36
4700;15;4175901;4700;405;5801;5837;5.34;0.33;294.64;3.47;1101;22;2009.00;36
4704;15;4175915;4704;403;5801;5837;5.37;0.33;294.73;3.47;1097;22;2010.00;36
4711;15;4175926;4711;402;5801;5837;5.42;0.33;294.70;3.47;1090;22;2011.00;36
4716;15;4175938;4716;407;5801;5837;5.46;0.33;294.86;3.47;1085;22;2012.00;36
4718;15;4175950;4718;399;5801;5837;5.52;0.34;294.95;3.47;1083;22;2013.00;36
4723;15;4175962;4723;396;5801;5837;5.57;0.34;295.22;3.47;1078;22;2014.00;36
4728;15;4175973;4728;394;5801;5837;5.59;0.34;295.24;3.47;1073;22;2015.00;36
4735;15;4175985;4735;415;5877;5964;5.81;0.36;295.29;3.43;1142;22;2016.00;87
4739;15;4176007;4739;404;5878;5965;5.84;0.36;295.56;3.43;1139;22;2017.00;87
4742;15;4176020;4742;399;5883;5965;5.94;0.37;295.55;3.42;1141;22;2018.00;82
4747;15;4176033;4747;399;5886;5965;5.98;0.37;295.63;3.42;1139;22;2019.00;79
4749;15;4176060;4749;410;5890;5965;6.00;0.37;295.68;3.42;1141;22;2020.00;75
4752;15;4176071;4752;405;5893;5965;6.01;0.37;295.70;3.43;1141;22;2021.00;72
4757;15;4176085;4757;413;5894;5965;5.95;0.36;295.78;3.43;1137;22;2022.00;71
4762;15;4176097;4762;409;5899;5965;5.85;0.36;295.92;3.43;1137;22;2023.00;66
4763;15;4176109;4763;414;5902;5966;5.80;0.35;295.98;3.43;1139;22;2024.00;64
4768;15;4176122;4768;421;5903;5968;5.72;0.35;296.22;3.43;1135;22;2025.00;65
4771;15;4176134;4771;430;5904;5968;5.62;0.34;296.24;3.43;1133;22;2026.00;64
4772;15;4176147;4772;438;5908;5969;5.56;0.34;296.30;3.44;1136;22;2027.00;61
4772;15;4176159;4772;442;5909;5969;5.56;0.34;296.30;3.44;1137;22;2028.00;60
4775;15;4176172;4775;439;5910;5969;5.54;0.34;296.38;3.44;1135;22;2029.00;59
4778;15;4176185;4778;449;5912;5969;5.53;0.34;296.56;3.44;1134;22;2030.00;57
4780;15;4176197;4780;452;5916;5973;5.54;0.34;296.57;3.45;1136;22;2031.00;57
4782;15;4176211;4782;451;5917;5973;5.60;0.34;296.73;3.45;1135;22;2032.00;56
4783;15;4176223;4783;456;5917;5973;5.61;0.34;296.82;3.45;1134;22;2033.00;56
4787;15;4176241;4787;462;5920;5976;5.61;0.34;296.82;3.45;1133;22;2034.00;56
4788;15;4176254;4788;463;5921;5976;5.66;0.35;296.87;3.45;1133;22;2035.00;55
4789;15;4176266;4789;453;5922;5976;5.70;0.35;296.91;3.46;1133;22;2036.00;54
4790;15;4176279;4790;446;5926;5980;5.73;0.35;296.89;3.46;1136;22;2037.00;54
4794;15;4176291;4794;433;5927;5981;5.75;0.35;297.15;3.46;1133;22;2038.00;54
4795;15;4176305;4795;432;5927;5981;5.75;0.35;297.14;3.46;1132;22;2039.00;54
4799;15;4176319;4799;429;5930;5986;5.70;0.35;297.38;3.46;1131;22;2040.00;56
4800;15;4176333;4800;430;5931;5986;5.75;0.35;297.42;3.46;1131;22;2041.00;55
4802;15;4176345;4802;428;5933;5986;5.75;0.35;297.56;3.47;1131;22;2042.00;53
4803;15;4176359;4803;430;5934;5987;5.81;0.35;297.55;3.47;1131;22;2043.00;53
4805;15;4176376;4805;434;5934;5987;5.85;0.36;297.63;3.47;1129;22;2044.00;53
4807;15;4176389;4807;437;5939;5993;5.91;0.36;297.75;3.47;1132;22;2045.00;54
4808;15;4176402;4808;442;5940;5993;5.93;0.36;297.74;3.47;1132;22;2046.00;53
4810;15;4176415;4810;444;5940;5994;5.90;0.36;297.80;3.47;1130;22;2047.00;54
4813;15;4176427;4813;437;5940;5994;5.86;0.36;297.88;3.47;1127;22;2048.00;54
4817;15;4176440;4817;442;5943;5994;5.81;0.35;297.97;3.47;1126;22;2049.00;51
4818;15;4176452;4818;439;5943;5994;5.79;0.35;298.04;3.47;1125;22;2050.00;51
4822;15;4176464;4822;443;5943;5994;5.74;0.35;298.21;3.47;1121;22;2051.00;51
4824;15;4176477;4824;443;5951;6006;5.78;0.35;298.36;3.46;1127;22;2052.00;55
4825;15;4176490;4825;446;5952;6006;5.86;0.36;298.43;3.46;1127;22;2053.00;54
4828;15;4176503;4828;449;5954;6006;5.90;0.36;298.66;3.46;1126;22;2054.00;52
4830;15;4176515;4830;451;5954;6006;5.93;0.36;298.60;3.46;1124;22;2055.00;52
4834;15;4176527;4834;454;5954;6006;5.90;0.36;298.70;3.46;1120;22;2056.00;52
4835;15;4176540;4835;463;5954;6006;5.85;0.36;298.68;3.46;1119;22;2057.00;52
4837;15;4176553;4837;458;5958;6010;5.79;0.35;298.69;3.50;1121;22;2058.00;52
4840;15;4176566;4840;452;5958;6010;5.73;0.35;298.71;3.50;1118;22;2059.00;52
4844;15;4176579;4844;442;5962;6014;5.67;0.34;298.80;3.50;1118;22;2060.00;52
4846;15;4176591;4846;439;5963;6015;5.60;0.34;298.83;3.50;1117;22;2061.00;52
4846;15;4176603;4846;439;5963;6015;5.56;0.34;298.83;3.50;1117;22;2062.00;52
4848;15;4176614;4848;438;5963;6015;5.53;0.34;298.92;3.50;1115;22;2063.00;52
4851;15;4176626;4851;443;5973;6028;5.52;0.34;298.86;3.50;1122;22;2064.00;55
4854;15;4176639;4854;445;5974;6028;5.48;0.33;298.81;3.50;1120;22;2065.00;54
4856;15;4176652;4856;442;5974;6028;5.48;0.33;298.96;3.50;1118;22;2066.00;54
4857;15;4176664;4857;447;5975;6029;5.48;0.33;298.95;3.50;1118;22;2067.00;54
4857;15;4176677;4857;446;5975;6030;5.49;0.33;298.95;3.50;1118;22;2068.00;55
4857;15;4176688;4857;451;5975;6030;5.46;0.33;298.95;3.50;1118;22;2069.00;55
4857;15;4176701;4857;453;5979;6036;5.39;0.33;298.95;3.49;1122;22;2070.00;57
4857;15;4176713;4857;453;5979;6036;5.37;0.33;298.95;3.49;1122;22;2071.00;57
4861;15;4176725;4861;448;5981;6036;5.36;0.33;299.12;3.49;1120;22;2072.00;55
4864;15;4176737;4864;446;5981;6036;5.30;0.32;299.19;3.49;1117;22;2073.00;55
4865;15;4176748;4865;451;5986;6042;5.29;0.32;299.18;3.49;1121;22;2074.00;56
4867;15;4176760;4867;444;5986;6042;5.25;0.32;299.22;3.49;1119;22;2075.00;56
4868;15;4176772;4868;444;5986;6042;5.24;0.32;299.24;3.49;1118;22;2076.00;56
4868;15;4176783;4868;435;5986;6042;5.27;0.32;299.24;3.49;1118;22;2077.00;56
4868;15;4176794;4868;440;5989;6046;5.31;0.32;299.24;3.49;1121;22;2078.00;57
4870;15;4176805;4870;429;5990;6047;5.38;0.33;299.27;3.49;1120;22;2079.00;57
4871;15;4176817;4871;429;5990;6047;5.43;0.33;299.31;3.49;1119;22;2080.00;57
4875;15;4176830;4875;423;5991;6048;5.49;0.34;299.43;3.49;1116;22;2081.00;57
4877;15;4176841;4877;420;5991;6048;5.45;0.33;299.46;3.49;1114;22;2082.00;57
4879;15;4176852;4879;425;5991;6048;5.39;0.33;299.68;3.49;1112;22;2083.00;57
4883;15;4176864;4883;417;5993;6048;5.34;0.33;299.71;3.54;1110;22;2084.00;55
4886;15;4176875;4886;420;5994;6048;5.28;0.32;299.74;3.59;1108;22;2085.00;54
4888;15;4176886;4888;413;5994;6048;5.24;0.32;299.70;3.59;1106;22;2086.00;54
4893;15;4176896;4893;412;5995;6048;5.18;0.32;299.74;3.62;1102;22;2087.00;53
4897;15;4176907;4897;418;6027;6118;5.34;0.33;299.76;3.60;1130;22;2088.00;91
4899;15;4176923;4899;423;6029;6119;5.33;0.33;299.71;3.60;1130;22;2089.00;90
4903;15;4176934;4903;419;6038;6119;5.38;0.33;299.88;3.60;1135;22;2090.00;81
4904;15;4176946;4904;418;6041;6119;5.33;0.33;299.95;3.64;1137;22;2091.00;78
4905;15;4176959;4905;424;6043;6119;5.30;0.32;299.90;3.64;1138;22;2092.00;76
4908;15;4176973;4908;431;6048;6119;5.31;0.32;299.81;3.64;1140;22;2093.00;71
4912;15;4176985;4912;436;6051;6119;5.29;0.32;299.83;3.64;1139;22;2094.00;68
4915;15;4176999;4915;440;6054;6119;5.25;0.32;299.93;3.64;1139;22;2095.00;65
4916;15;4177012;4916;442;6057;6120;5.19;0.32;299.89;3.64;1141;22;2096.00;63
4917;15;4177023;4917;436;6060;6121;5.21;0.32;299.83;3.67;1143;22;2097.00;61
4920;15;4177034;4920;438;6063;6121;5.19;0.32;299.80;3.68;1143;22;2098.00;58
4923;15;4177046;4923;435;6068;6125;5.22;0.32;299.71;3.68;1145;22;2099.00;57
4923;15;4177060;4923;443;6072;6140;5.25;0.32;299.71;3.67;1149;22;2100.00;68
4924;15;4177078;4924;435;6072;6140;5.23;0.32;299.66;3.67;1148;22;2101.00;68
4925;15;4177090;4925;434;6072;6140;5.20;0.32;299.78;3.67;1147;22;2102.00;68
4929;15;4177101;4929;433;6076;6146;5.17;0.32;299.71;3.67;1147;22;2103.00;70
4929;15;4177113;4929;433;6076;6146;5.16;0.32;299.71;3.67;1147;22;2104.00;70
4932;15;4177124;4932;430;6076;6146;5.08;0.31;299.66;3.67;1144;22;2105.00;70
4933;15;4177136;4933;434;6080;6149;5.07;0.31;299.64;3.67;1147;22;2106.00;69
4933;15;4177148;4933;436;6080;6149;5.05;0.31;299.64;3.67;1147;22;2107.00;69
4933;15;4177159;4933;437;6081;6149;5.05;0.31;299.64;3.67;1148;22;2108.00;68
4934;15;4177170;4934;432;6081;6150;5.04;0.31;299.60;3.67;1147;22;2109.00;69
4935;15;4177182;4935;442;6082;6151;5.00;0.31;299.59;3.67;1147;22;2110.00;69
4937;15;4177193;4937;444;6084;6151;4.95;0.30;299.63;3.71;1147;22;2111.00;67
4938;15;4177205;4938;455;6095;6164;4.93;0.30;299.57;3.70;1157;22;2112.00;69
4940;15;4177218;4940;459;6096;6164;4.91;0.30;299.50;3.73;1156;22;2113.00;68
4942;15;4177229;4942;463;6096;6164;4.87;0.30;299.46;3.73;1154;22;2114.00;68
4944;15;4177240;4944;469;6098;6166;4.83;0.30;299.54;3.73;1154;22;2115.00;68
4945;15;4177252;4945;470;6098;6166;4.80;0.30;299.49;3.73;1153;22;2116.00;68
4949;15;4177268;4949;474;6102;6170;4.77;0.29;299.42;3.73;1153;22;2117.00;68
4952;15;4177285;4952;482;6105;6170;4.74;0.29;299.48;3.80;1153;22;2118.00;65
4954;15;4177295;4954;489;6110;6174;4.71;0.29;299.41;3.86;1156;22;2119.00;64
4954;15;4177307;4954;488;6111;6174;4.72;0.29;299.41;3.89;1157;22;2120.00;63
4957;15;4177317;4957;489;6111;6174;4.70;0.29;299.29;3.89;1154;22;2121.00;63
4961;15;4177328;4961;499;6113;6174;4.64;0.28;299.26;3.92;1152;22;2122.00;61
4963;15;4177339;4963;495;6113;6174;4.59;0.28;299.21;3.92;1150;22;2123.00;61
4964;15;4177350;4964;500;6124;6186;4.58;0.28;299.20;3.95;1160;22;2124.00;62
4964;15;4177361;4964;492;6127;6186;4.58;0.28;299.20;4.00;1163;22;2125.00;59
4966;15;4177371;4966;487;6130;6186;4.56;0.28;299.14;4.03;1164;22;2126.00;56
4967;15;4177382;4967;488;6131;6186;4.54;0.28;299.13;4.06;1164;22;2127.00;55
4968;15;4177393;4968;486;6133;6186;4.52;0.28;299.10;4.07;1165;22;2128.00;53
4970;15;4177403;4970;476;6135;6186;4.53;0.28;299.09;4.12;1165;22;2129.00;51
4971;15;4177416;4971;473;6136;6187;4.54;0.28;299.06;4.12;1165;22;2130.00;51
4973;15;4177427;4973;468;6138;6187;4.52;0.28;299.08;4.17;1165;22;2131.00;49
4975;15;4177445;4975;465;6143;6193;4.57;0.28;299.04;4.16;1168;22;2132.00;50
4977;15;4177457;4977;466;6144;6194;4.59;0.28;298.99;4.16;1167;22;2133.00;50
4978;15;4177473;4978;464;6144;6194;4.54;0.28;298.97;4.16;1166;22;2134.00;50
4980;15;4177490;4980;464;6146;6194;4.49;0.27;298.97;4.21;1166;22;2135.00;48
4982;15;4177501;4982;458;6150;6198;4.45;0.27;298.89;4.23;1168;22;2136.00;48
4983;15;4177512;4983;457;6151;6198;4.40;0.27;298.85;4.26;1168;22;2137.00;47
4984;15;4177523;4984;457;6151;6198;4.35;0.26;298.89;4.26;1167;22;2138.00;47
4984;15;4177533;4984;463;6154;6199;4.34;0.26;298.89;4.30;1170;22;2139.00;45
4985;15;4177544;4985;470;6157;6203;4.37;0.26;298.96;4.30;1172;22;2140.00;46
4987;15;4177555;4987;468;6159;6203;4.37;0.26;299.02;4.34;1172;22;2141.00;44
4989;15;4177565;4989;475;6161;6206;4.38;0.26;299.10;4.34;1172;22;2142.00;45
4990;15;4177577;4990;472;6162;6206;4.35;0.26;299.07;4.36;1172;22;2143.00;44
4992;15;4177587;4992;476;6164;6206;4.31;0.26;299.13;4.38;1172;22;2144.00;42
4992;15;4177598;4992;460;6165;6206;4.35;0.26;299.13;4.40;1173;22;2145.00;41
4995;15;4177608;4995;457;6170;6210;4.42;0.27;299.30;4.42;1175;22;2146.00;40
5000;15;4177619;5000;456;6170;6210;4.44;0.27;299.38;4.42;1170;22;2147.00;40
5000;15;4177629;5000;450;6170;6210;4.50;0.27;299.38;4.42;1170;22;2148.00;40
5002;15;4177641;5002;445;6172;6210;4.55;0.28;299.43;4.46;1170;22;2149.00;38
5003;15;4177653;5003;448;6172;6211;4.54;0.27;299.46;4.46;1169;22;2150.00;39
5005;15;4177664;5005;449;6173;6212;4.62;0.28;299.47;4.46;1168;22;2151.00;39
5011;15;4177676;5011;444;6173;6212;4.62;0.28;299.41;4.46;1162;22;2152.00;39
5014;15;4177687;5014;431;6174;6213;4.67;0.28;299.51;4.46;1160;22;2153.00;39
5017;15;4177699;5017;433;6174;6213;4.76;0.29;299.54;4.46;1157;22;2154.00;39
5023;15;4177710;5023;421;6174;6213;4.80;0.29;299.66;4.46;1151;22;2155.00;39
5024;15;4177722;5024;419;6174;6213;4.88;0.30;299.70;4.46;1150;22;2156.00;39
5027;15;4177733;5027;416;6174;6213;4.89;0.30;299.78;4.46;1147;22;2157.00;39
5030;15;4177745;5030;416;6174;6213;4.95;0.30;299.86;4.46;1144;22;2158.00;39
5034;15;4177756;5034;413;6174;6213;5.01;0.30;299.84;4.46;1140;22;2159.00;39
5037;15;4177770;5037;427;6273;6443;5.59;0.35;299.84;4.39;1236;22;2160.00;170
5041;15;4177798;5041;422;6282;6444;5.69;0.35;300.06;4.38;1241;22;2161.00;162
5045;15;4177816;5045;414;6296;6444;5.77;0.36;300.10;4.38;1251;22;2162.00;148
5049;15;4177828;5049;414;6305;6444;5.83;0.36;300.18;4.38;1256;22;2163.00;139
5053;15;4177841;5053;411;6312;6444;5.83;0.36;300.46;4.38;1259;22;2164.00;132
5054;15;4177858;5054;407;6315;6444;5.88;0.37;300.48;4.38;1261;22;2165.00;129
5059;15;4177872;5059;413;6322;6444;5.84;0.36;300.62;4.38;1263;22;2166.00;122
5065;15;4177886;5065;417;6325;6444;5.87;0.36;300.62;4.38;1260;22;2167.00;119
5066;15;4177899;5066;418;6333;6445;5.85;0.36;300.70;4.38;1267;22;2168.00;112
5070;15;4177914;5070;421;6337;6446;5.84;0.36;300.86;4.39;1267;22;2169.00;109
5074;15;4177928;5074;425;6342;6446;5.86;0.36;301.10;4.39;1268;22;2170.00;104
5077;15;4177941;5077;423;6346;6447;5.84;0.36;301.43;4.40;1269;22;2171.00;101
5083;15;4177955;5083;429;6348;6447;5.77;0.36;301.62;4.40;1265;22;2172.00;99
5087;15;4177969;5087;441;6350;6447;5.72;0.35;301.80;4.40;1263;22;2173.00;97
5089;15;4177983;5089;449;6352;6447;5.69;0.35;302.04;4.40;1263;22;2174.00;95
5094;15;4177996;5094;449;6354;6451;5.60;0.35;302.33;4.40;1260;22;2175.00;97
5100;15;4178016;5100;458;6354;6451;5.54;0.34;302.54;4.40;1254;22;2176.00;97
5102;15;4178030;5102;469;6356;6451;5.56;0.34;302.66;4.41;1254;22;2177.00;95
5107;15;4178055;5107;473;6356;6454;5.57;0.34;302.92;4.41;1249;22;2178.00;98
5111;15;4178069;5111;483;6359;6454;5.53;0.34;302.90;4.45;1248;22;2179.00;95
5114;15;4178082;5114;480;6359;6454;5.52;0.34;303.04;4.45;1245;22;2180.00;95
5122;15;4178095;5122;482;6362;6458;5.53;0.34;303.32;4.45;1240;22;2181.00;96
5125;15;4178110;5125;486;6363;6459;5.58;0.34;303.42;4.45;1238;22;2182.00;96
5127;15;4178124;5127;480;6363;6459;5.64;0.35;303.55;4.45;1236;22;2183.00;96
5131;15;4178137;5131;475;6364;6463;5.64;0.34;303.67;4.46;1233;22;2184.00;99
5136;16;4178157;5136;469;6364;6463;5.61;0.34;303.69;4.46;1228;23;2185.00;99
5139;16;4178181;5139;464;6365;6463;5.58;0.34;303.86;4.46;1226;23;2186.00;98
5141;16;4178200;5141;462;6366;6464;5.57;0.34;303.85;4.46;1225;23;2187.00;98
5144;16;4178214;5144;468;6367;6464;5.48;0.33;304.05;4.46;1223;23;2188.00;97
5147;16;4178228;5147;475;6371;6470;5.42;0.33;304.16;4.46;1224;23;2189.00;99
5149;16;4178243;5149;479;6371;6470;5.40;0.33;304.16;4.46;1222;23;2190.00;99
5153;16;4178257;5153;482;6373;6471;5.39;0.33;304.33;4.47;1220;23;2191.00;98
5154;16;4178270;5154;483;6373;6471;5.41;0.33;304.36;4.47;1219;23;2192.00;98
5158;16;4178282;5158;476;6375;6471;5.39;0.33;304.47;4.52;1217;23;2193.00;96
5160;16;4178295;5160;476;6376;6471;5.41;0.33;304.55;4.52;1216;23;2194.00;95
5165;16;4178309;5165;476;6377;6471;5.38;0.33;304.71;4.53;1212;23;2195.00;94
5173;16;4178324;5173;477;6386;6483;5.39;0.33;305.07;4.54;1213;23;2196.00;97
5178;16;4178339;5178;478;6387;6483;5.42;0.33;305.13;4.54;1209;23;2197.00;96
5180;16;4178352;5180;486;6389;6483;5.47;0.33;305.17;4.55;1209;23;2198.00;94
5182;16;4178366;5182;481;6389;6483;5.55;0.34;305.43;4.55;1207;23;2199.00;94
5186;16;4178380;5186;489;6391;6483;5.52;0.34;305.54;4.56;1205;23;2200.00;92
5187;17;4178402;5187;481;6392;6483;5.60;0.34;305.69;4.57;1205;24;2201.00;91
5191;17;4178431;5191;485;6395;6487;5.66;0.35;305.83;4.57;1204;24;2202.00;92
5194;17;4178451;5194;482;6400;6487;5.69;0.35;305.90;4.62;1206;24;2203.00;87
5197;17;4178464;5197;478;6405;6491;5.72;0.35;305.94;4.62;1208;24;2204.00;86
5201;17;4178479;5201;485;6407;6493;5.79;0.35;305.92;4.63;1206;24;2205.00;86
5202;17;4178494;5202;496;6409;6493;5.86;0.36;305.94;4.63;1207;24;2206.00;84
5204;17;4178509;5204;496;6412;6493;5.91;0.36;306.04;4.63;1208;24;2207.00;81
5204;17;4178523;5204;505;6419;6506;5.99;0.36;306.04;4.66;1215;24;2208.00;87
5206;17;4178536;5206;507;6421;6506;5.99;0.37;306.20;4.66;1215;24;2209.00;85
5208;17;4178552;5208;516;6425;6508;5.93;0.36;306.34;4.67;1217;24;2210.00;83
5209;17;4178565;5209;518;6426;6509;5.87;0.36;306.42;4.67;1217;24;2211.00;83
5215;17;4178579;5215;520;6428;6510;5.79;0.35;306.84;4.67;1213;24;2212.00;82
5215;17;4178593;5215;515;6428;6510;5.77;0.35;306.84;4.67;1213;24;2213.00;82
5219;17;4178607;5219;510;6431;6513;5.73;0.35;307.10;4.67;1212;24;2214.00;82
5221;17;4178620;5221;506;6431;6513;5.71;0.35;307.08;4.67;1210;24;2215.00;82
5223;17;4178633;5223;495;6431;6513;5.69;0.35;307.24;4.67;1208;24;2216.00;82
5223;17;4178652;5223;491;6433;6513;5.71;0.35;307.24;4.67;1210;24;2217.00;80
5224;17;4178665;5224;491;6437;6519;5.73;0.35;307.25;4.66;1213;24;2218.00;82
5227;17;4178679;5227;490;6438;6519;5.68;0.35;307.37;4.66;1211;24;2219.00;81
5231;17;4178694;5231;488;6438;6519;5.65;0.35;307.34;4.66;1207;25;2220.00;81
5234;17;4178715;5234;493;6438;6519;5.56;0.34;307.51;4.66;1204;25;2221.00;81
5237;17;4178729;5237;494;6442;6523;5.51;0.34;307.62;4.70;1205;25;2222.00;81
5239;17;4178742;5239;500;6443;6524;5.47;0.33;307.71;4.70;1204;25;2223.00;81
5241;17;4178755;5241;502;6443;6524;5.42;0.33;307.73;4.70;1202;25;2224.00;81
5243;17;4178786;5243;511;6444;6525;5.41;0.33;307.86;4.70;1201;25;2225.00;81
5247;17;4178804;5247;514;6444;6525;5.34;0.32;307.83;4.70;1197;25;2226.00;81
5247;17;4178818;5247;516;6444;6525;5.28;0.32;307.83;4.70;1197;25;2227.00;81
5249;17;4178830;5249;514;6444;6525;5.23;0.32;307.91;4.70;1195;25;2228.00;81
5250;17;4178842;5250;523;6444;6525;5.19;0.32;307.98;4.70;1194;25;2229.00;81
5253;17;4178854;5253;528;6445;6525;5.11;0.31;308.02;4.73;1192;25;2230.00;80
5255;17;4178866;5255;538;6445;6525;5.06;0.31;308.12;4.73;1190;25;2231.00;80
5255;17;4178878;5255;550;6473;6595;5.16;0.31;308.12;4.71;1218;25;2232.00;122
5255;17;4178894;5255;552;6473;6596;5.17;0.31;308.12;4.71;1218;25;2233.00;123
5257;17;4178906;5257;558;6481;6596;5.16;0.31;308.15;4.74;1224;25;2234.00;115
5259;17;4178918;5259;563;6483;6596;5.09;0.31;308.21;4.74;1224;25;2235.00;113
5263;17;4178929;5263;556;6486;6596;5.00;0.30;308.19;4.74;1223;25;2236.00;110
5264;17;4178942;5264;556;6489;6596;5.00;0.30;308.23;4.74;1225;25;2237.00;107
5266;17;4178954;5266;561;6492;6596;4.95;0.30;308.23;4.74;1226;25;2238.00;104
5266;17;4178965;5266;560;6495;6596;4.95;0.30;308.23;4.74;1229;25;2239.00;101
5268;17;4178977;5268;558;6499;6597;4.90;0.30;308.14;4.76;1231;25;2240.00;98
5271;17;4178989;5271;559;6502;6598;4.83;0.29;308.10;4.77;1231;25;2241.00;96
5273;17;4179001;5273;556;6504;6598;4.78;0.29;308.04;4.77;1231;25;2242.00;94
5274;17;4179013;5274;551;6508;6602;4.78;0.29;308.05;4.76;1234;25;2243.00;94
5276;17;4179026;5276;540;6508;6602;4.74;0.29;308.01;4.76;1232;25;2244.00;94
5278;17;4179037;5278;544;6510;6602;4.69;0.29;307.93;4.77;1232;25;2245.00;92
5280;17;4179049;5280;538;6511;6602;4.64;0.28;307.93;4.78;1231;25;2246.00;91
5284;17;4179062;5284;533;6515;6608;4.65;0.28;307.96;4.78;1231;25;2247.00;93
5286;17;4179074;5286;541;6515;6608;4.67;0.29;307.90;4.78;1229;25;2248.00;93
5288;17;4179085;5288;540;6515;6608;4.68;0.29;307.94;4.78;1227;25;2249.00;93
5292;17;4179100;5292;526;6521;6614;4.70;0.29;307.97;4.84;1229;25;2250.00;93
5294;17;4179114;5294;519;6522;6614;4.75;0.29;307.93;4.86;1228;25;2251.00;92
5297;17;4179125;5297;517;6524;6614;4.79;0.29;307.94;4.85;1227;25;2252.00;90
5301;17;4179137;5301;517;6525;6615;4.81;0.29;307.94;4.87;1224;25;2253.00;90
5303;17;4179149;5303;507;6526;6616;4.82;0.29;307.94;4.87;1223;25;2254.00;90
5306;17;4179161;5306;510;6526;6616;4.82;0.29;307.84;4.87;1220;25;2255.00;90
5306;17;4179174;5306;516;6535;6629;4.87;0.30;307.84;4.86;1229;25;2256.00;94
5310;17;4179187;5310;521;6536;6629;4.86;0.30;307.95;4.88;1226;25;2257.00;93
5313;17;4179198;5313;521;6536;6629;4.87;0.30;307.86;4.88;1223;25;2258.00;93
5316;17;4179211;5316;527;6540;6630;4.84;0.29;307.80;4.92;1224;25;2259.00;90
5317;17;4179223;5317;538;6540;6630;4.86;0.30;307.75;4.92;1223;25;2260.00;90
5318;17;4179235;5318;542;6545;6634;4.87;0.30;307.72;4.92;1227;25;2261.00;89
5319;17;4179247;5319;539;6547;6634;4.84;0.29;307.67;4.95;1228;25;2262.00;87
5320;17;4179259;5320;538;6550;6638;4.86;0.30;307.70;4.95;1230;25;2263.00;88
5323;17;4179271;5323;539;6552;6638;4.88;0.30;307.68;4.96;1229;25;2264.00;86
5325;17;4179283;5325;541;6553;6638;4.89;0.30;307.61;4.97;1228;25;2265.00;85
5328;17;4179296;5328;541;6555;6638;4.89;0.30;307.56;4.98;1227;25;2266.00;83
5331;17;4179308;5331;545;6555;6638;4.84;0.29;307.55;4.98;1224;25;2267.00;83
5335;17;4179320;5335;546;6566;6650;4.84;0.29;307.59;4.99;1231;25;2268.00;84
5337;17;4179333;5337;549;6569;6650;4.78;0.29;307.54;4.99;1232;25;2269.00;81
5337;17;4179346;5337;551;6570;6650;4.74;0.29;307.54;5.00;1233;25;2270.00;80
5337;17;4179357;5337;551;6570;6650;4.74;0.29;307.54;5.00;1233;25;2271.00;80
5337;17;4179369;5337;537;6571;6650;4.74;0.29;307.54;5.01;1234;25;2272.00;79
5339;17;4179381;5339;531;6572;6650;4.74;0.29;307.54;5.02;1233;25;2273.00;78
5340;17;4179394;5340;529;6573;6651;4.76;0.29;307.53;5.05;1233;25;2274.00;78
5340;17;4179406;5340;523;6574;6651;4.76;0.29;307.53;5.06;1234;25;2275.00;77
5342;17;4179420;5342;516;6579;6657;4.81;0.29;307.63;5.06;1237;25;2276.00;78
5343;17;4179433;5343;516;6580;6658;4.82;0.29;307.65;5.09;1237;25;2277.00;78
5345;17;4179446;5345;518;6582;6658;4.86;0.29;307.76;5.09;1237;25;2278.00;76
5345;17;4179458;5345;513;6583;6658;4.84;0.29;307.76;5.13;1238;25;2279.00;75
5346;17;4179472;5346;505;6586;6663;4.85;0.30;307.70;5.13;1240;25;2280.00;77
5348;17;4179485;5348;510;6587;6663;4.88;0.30;307.69;5.13;1239;25;2281.00;76
5348;17;4179499;5348;507;6588;6663;4.85;0.30;307.69;5.16;1240;25;2282.00;75
5348;17;4179512;5348;507;6593;6664;4.90;0.30;307.69;5.26;1245;25;2283.00;71
5350;17;4179524;5350;506;6596;6668;4.94;0.30;307.63;5.26;1246;25;2284.00;72
5351;17;4179539;5351;501;6597;6668;5.01;0.31;307.58;5.29;1246;26;2285.00;71
5352;17;4179559;5352;503;6599;6671;5.09;0.31;307.57;5.29;1247;26;2286.00;72
5355;17;4179578;5355;500;6599;6671;5.09;0.31;307.52;5.29;1244;26;2287.00;72
5356;17;4179591;5356;499;6601;6671;5.07;0.31;307.48;5.32;1245;26;2288.00;70
5357;17;4179603;5357;492;6601;6671;5.05;0.31;307.46;5.32;1244;26;2289.00;70
5359;17;4179616;5359;497;6607;6675;5.07;0.31;307.42;5.38;1248;26;2290.00;68
5359;17;4179629;5359;494;6607;6675;5.05;0.31;307.42;5.38;1248;26;2291.00;68
5364;17;4179641;5364;501;6609;6675;4.97;0.30;307.27;5.44;1245;26;2292.00;66
5364;17;4179653;5364;494;6609;6675;4.92;0.30;307.27;5.44;1245;26;2293.00;66
5366;17;4179667;5366;486;6609;6676;4.90;0.30;307.24;5.44;1243;26;2294.00;67
5369;17;4179679;5369;482;6613;6678;4.91;0.30;307.30;5.50;1244;26;2295.00;65
5371;17;4179692;5371;477;6614;6678;4.96;0.30;307.32;5.53;1243;26;2296.00;64
5371;17;4179704;5371;467;6617;6679;4.99;0.31;307.32;5.59;1246;26;2297.00;62
5371;17;4179717;5371;465;6617;6679;5.07;0.31;307.32;5.59;1246;26;2298.00;62
5373;17;4179728;5373;469;6617;6679;5.10;0.31;307.43;5.59;1244;26;2299.00;62
5373;17;4179741;5373;467;6619;6679;5.13;0.32;307.43;5.64;1246;27;2300.00;60
5375;17;4179764;5375;463;6619;6679;5.16;0.32;307.37;5.64;1244;27;2301.00;60
5380;17;4179776;5380;457;6620;6679;5.15;0.32;307.54;5.67;1240;27;2302.00;59
5385;17;4179788;5385;458;6620;6679;5.13;0.31;307.67;5.67;1235;27;2303.00;59
5386;17;4179800;5386;471;6682;6806;5.44;0.34;307.72;5.62;1296;28;2304.00;124
5390;17;4179831;5390;471;6688;6807;5.45;0.34;307.86;5.61;1298;28;2305.00;119
5393;17;4179844;5393;463;6700;6807;5.47;0.34;307.91;5.70;1307;28;2306.00;107
5396;17;4179857;5396;466;6706;6807;5.42;0.34;307.87;5.72;1310;28;2307.00;101
5400;17;4179869;5400;465;6714;6807;5.39;0.33;308.00;5.77;1314;28;2308.00;93
5404;17;4179881;5404;467;6717;6807;5.30;0.33;308.15;5.77;1313;28;2309.00;90
5407;17;4179895;5407;459;6721;6807;5.21;0.32;308.41;5.77;1314;28;2310.00;86
5412;17;4179909;5412;451;6724;6807;5.17;0.32;308.44;5.81;1312;28;2311.00;83
5414;17;4179922;5414;448;6727;6808;5.17;0.32;308.59;5.82;1313;28;2312.00;81
5416;17;4179935;5416;450;6728;6809;5.19;0.32;308.55;5.82;1312;28;2313.00;81
5418;17;4179948;5418;449;6733;6809;5.23;0.32;308.83;5.85;1315;28;2314.00;76
5422;17;4179961;5422;450;6736;6810;5.20;0.32;308.87;5.86;1314;28;2315.00;74
5424;17;4179975;5424;453;6737;6810;5.22;0.32;309.00;5.86;1313;28;2316.00;73
5429;17;4179988;5429;453;6739;6810;5.20;0.32;309.11;5.86;1310;28;2317.00;71
5433;17;4180003;5433;451;6740;6810;5.16;0.32;309.32;5.86;1307;28;2318.00;70
5436;17;4180017;5436;438;6744;6814;5.17;0.32;309.34;5.86;1308;28;2319.00;70
5439;17;4180032;5439;444;6745;6814;5.21;0.32;309.46;5.86;1306;28;2320.00;69
5442;17;4180046;5442;440;6746;6814;5.25;0.32;309.56;5.86;1304;28;2321.00;68
5444;17;4180060;5444;432;6747;6817;5.27;0.33;309.59;5.87;1303;28;2322.00;70
5447;17;4180074;5447;421;6748;6817;5.30;0.33;309.70;5.89;1301;28;2323.00;69
5453;17;4180088;5453;417;6750;6817;5.30;0.33;309.64;5.89;1297;28;2324.00;67
5459;17;4180101;5459;413;6753;6821;5.28;0.32;309.60;5.89;1294;28;2325.00;68
5463;17;4180116;5463;401;6753;6822;5.31;0.33;309.59;5.89;1290;28;2326.00;69
5465;17;4180130;5465;408;6754;6822;5.33;0.33;309.65;5.89;1289;28;2327.00;68
5469;17;4180152;5469;410;6756;6826;5.33;0.33;309.81;5.89;1287;28;2328.00;70
5471;17;4180167;5471;410;6756;6826;5.38;0.33;309.83;5.89;1285;28;2329.00;70
5473;17;4180181;5473;403;6756;6826;5.40;0.33;309.79;5.89;1283;28;2330.00;70
5478;17;4180195;5478;404;6757;6827;5.41;0.33;310.02;5.90;1279;28;2331.00;70
5484;17;4180209;5484;404;6757;6827;5.41;0.33;310.10;5.90;1273;28;2332.00;70
5487;17;4180222;5487;407;6760;6833;5.48;0.34;310.14;5.89;1273;28;2333.00;73
5492;17;4180237;5492;404;6760;6833;5.53;0.34;310.20;5.89;1268;28;2334.00;73
5496;17;4180251;5496;407;6760;6834;5.53;0.34;310.29;5.89;1264;28;2335.00;74
5501;17;4180266;5501;407;6761;6834;5.52;0.34;310.42;5.90;1260;28;2336.00;73
5504;17;4180280;5504;404;6761;6834;5.56;0.34;310.47;5.90;1257;28;2337.00;73
5510;17;4180293;5510;414;6762;6834;5.59;0.34;310.72;5.90;1252;28;2338.00;72
5513;17;4180307;5513;416;6763;6834;5.59;0.34;310.77;5.90;1250;28;2339.00;71
5519;17;4180322;5519;415;6785;6870;5.69;0.35;311.00;5.88;1266;28;2340.00;85
5526;17;4180339;5526;416;6786;6870;5.68;0.35;311.28;5.88;1260;28;2341.00;84
5532;17;4180353;5532;416;6788;6870;5.65;0.35;311.59;5.88;1256;28;2342.00;82
5537;17;4180367;5537;412;6788;6870;5.60;0.34;311.69;5.88;1251;28;2343.00;82
5540;17;4180381;5540;406;6789;6870;5.61;0.34;311.78;5.88;1249;28;2344.00;81
5546;17;4180394;5546;412;6792;6870;5.61;0.34;312.07;5.88;1246;28;2345.00;78
5547;17;4180408;5547;409;6796;6874;5.71;0.35;312.13;5.88;1249;28;2346.00;78
5553;17;4180422;5553;412;6797;6874;5.70;0.35;312.35;5.88;1244;28;2347.00;77
5559;18;4180435;5559;412;6803;6878;5.72;0.35;312.43;5.89;1244;29;2348.00;75
5562;18;4180455;5562;422;6804;6879;5.75;0.35;312.48;5.92;1242;29;2349.00;75
5570;18;4180469;5570;428;6805;6879;5.75;0.35;312.53;5.92;1235;29;2350.00;74
5573;18;4180483;5573;435;6808;6879;5.71;0.35;312.70;5.92;1235;29;2351.00;71
5576;18;4180497;5576;437;6818;6892;5.71;0.35;312.88;5.91;1242;29;2352.00;74
5578;18;4180511;5578;440;6819;6892;5.74;0.35;312.92;5.91;1241;29;2353.00;73
5583;18;4180525;5583;449;6820;6892;5.66;0.35;313.15;5.91;1237;29;2354.00;72
5588;18;4180539;5588;452;6821;6893;5.64;0.34;313.35;5.91;1233;29;2355.00;72
5593;18;4180553;5593;462;6821;6894;5.54;0.34;313.63;5.91;1228;29;2356.00;73
5599;18;4180567;5599;466;6822;6894;5.44;0.33;313.67;5.91;1223;29;2357.00;72
5601;18;4180582;5601;461;6824;6897;5.40;0.33;313.80;5.91;1223;29;2358.00;73
5605;18;4180595;5605;460;6825;6897;5.36;0.33;313.98;5.91;1220;29;2359.00;72
5606;18;4180612;5606;467;6825;6897;5.32;0.32;313.94;5.91;1219;29;2360.00;72
5611;18;4180625;5611;463;6826;6897;5.30;0.32;314.04;5.91;1215;29;2361.00;71
5612;18;4180638;5612;464;6830;6903;5.34;0.33;313.99;5.91;1218;29;2362.00;73
5616;18;4180652;5616;465;6831;6903;5.33;0.33;314.08;5.91;1215;29;2363.00;72
5621;18;4180665;5621;468;6831;6903;5.34;0.33;314.41;5.91;1210;29;2364.00;72
5621;18;4180679;5621;478;6832;6903;5.32;0.32;314.41;5.93;1211;29;2365.00;71
5624;18;4180691;5624;467;6835;6907;5.30;0.32;314.59;5.93;1211;29;2366.00;72
5629;18;4180705;5629;467;6836;6908;5.29;0.32;314.89;5.93;1207;29;2367.00;72
5629;18;4180718;5629;468;6836;6908;5.34;0.33;314.89;5.93;1207;29;2368.00;72
5635;18;4180732;5635;473;6838;6909;5.32;0.32;315.15;5.96;1203;29;2369.00;71
5637;18;4180747;5637;477;6838;6909;5.31;0.32;315.15;5.96;1201;29;2370.00;71
5639;18;4180761;5639;473;6839;6909;5.31;0.32;315.14;5.99;1200;29;2371.00;70
5642;18;4180774;5642;473;6839;6909;5.32;0.32;315.20;5.99;1197;29;2372.00;70
5647;18;4180787;5647;475;6839;6909;5.29;0.32;315.33;5.99;1192;29;2373.00;70
5648;18;4180800;5648;476;6840;6909;5.30;0.32;315.32;6.02;1192;29;2374.00;69
5650;18;4180814;5650;477;6840;6909;5.30;0.32;315.44;6.02;1190;29;2375.00;69
5652;18;4180826;5652;500;6878;6979;5.25;0.32;315.44;5.99;1226;29;2376.00;101
5654;18;4180844;5654;488;6879;6980;5.28;0.32;315.44;5.99;1225;29;2377.00;101
5657;18;4180858;5657;481;6885;6980;5.36;0.33;315.57;5.98;1228;29;2378.00;95
5661;18;4180870;5661;481;6888;6980;5.39;0.33;315.66;5.98;1227;29;2379.00;92
5662;18;4180884;5662;473;6891;6980;5.39;0.33;315.64;5.98;1229;29;2380.00;89
5664;18;4180898;5664;479;6893;6980;5.43;0.33;315.63;5.98;1229;29;2381.00;87
5667;18;4180910;5667;478;6896;6980;5.45;0.33;315.67;5.98;1229;29;2382.00;84
5669;18;4180924;5669;480;6898;6980;5.46;0.33;315.72;5.98;1229;29;2383.00;82
5671;18;4180937;5671;477;6901;6981;5.43;0.33;315.77;6.01;1230;29;2384.00;80
5673;18;4180950;5673;479;6903;6983;5.42;0.33;315.88;6.01;1230;29;2385.00;80
5676;18;4180964;5676;478;6905;6983;5.38;0.33;316.00;6.01;1229;29;2386.00;78
5679;18;4180977;5679;481;6911;6987;5.37;0.33;316.09;6.01;1232;29;2387.00;76
5685;18;4180990;5685;487;6913;6987;5.32;0.32;316.36;6.01;1228;29;2388.00;74
5689;18;4181003;5689;493;6913;6987;5.25;0.32;316.31;6.01;1224;29;2389.00;74
5690;18;4181016;5690;495;6913;6987;5.22;0.32;316.27;6.01;1223;29;2390.00;74
5690;18;4181029;5690;501;6918;6993;5.18;0.32;316.27;6.01;1228;29;2391.00;75
5691;18;4181041;5691;505;6918;6993;5.13;0.31;316.35;6.01;1227;29;2392.00;75
5691;18;4181054;5691;506;6918;6993;5.09;0.31;316.35;6.01;1227;29;2393.00;75
5694;18;4181067;5694;509;6920;6996;5.05;0.31;316.33;6.01;1226;29;2394.00;76
5694;18;4181079;5694;513;6920;6996;4.99;0.31;316.33;6.01;1226;29;2395.00;76
5696;18;4181091;5696;515;6921;6996;4.95;0.30;316.30;6.01;1225;29;2396.00;75
5700;18;4181104;5700;524;6921;6997;4.90;0.30;316.34;6.01;1221;29;2397.00;76
5704;18;4181116;5704;527;6922;6998;4.85;0.30;316.24;6.01;1218;29;2398.00;76
5707;18;4181129;5707;530;6922;6998;4.80;0.29;316.28;6.01;1215;29;2399.00;76
5710;18;4181143;5710;541;6947;7057;4.72;0.29;316.33;6.02;1237;29;2400.00;110
5713;18;4181165;5713;527;6947;7057;4.67;0.29;316.30;6.02;1234;29;2401.00;110
5717;18;4181178;5717;521;6949;7057;4.65;0.28;316.35;6.02;1232;29;2402.00;108
5722;18;4181190;5722;521;6951;7058;4.61;0.28;316.39;6.02;1229;29;2403.00;107
5726;18;4181203;5726;518;6954;7058;4.53;0.28;316.29;6.05;1228;29;2404.00;104
5727;18;4181215;5727;518;6958;7062;4.53;0.28;316.33;6.05;1231;29;2405.00;104
5731;18;4181227;5731;512;6959;7062;4.49;0.27;316.42;6.05;1228;29;2406.00;103
5732;18;4181239;5732;513;6962;7066;4.53;0.28;316.44;6.05;1230;29;2407.00;104
5733;18;4181251;5733;508;6963;7066;4.60;0.28;316.54;6.05;1230;29;2408.00;103
5735;18;4181263;5735;501;6963;7066;4.60;0.28;316.56;6.05;1228;29;2409.00;103
5735;18;4181275;5735;510;6964;7066;4.65;0.28;316.56;6.05;1229;29;2410.00;102
5736;18;4181287;5736;512;6964;7066;4.71;0.29;316.54;6.05;1228;29;2411.00;102
5738;18;4181299;5738;508;6974;7078;4.70;0.29;316.49;6.04;1236;29;2412.00;104
5741;18;4181312;5741;505;6974;7078;4.71;0.29;316.72;6.04;1233;29;2413.00;104
5743;18;4181323;5743;506;6975;7078;4.76;0.29;316.69;6.04;1232;29;2414.00;103
5746;18;4181336;5746;511;6977;7078;4.73;0.29;316.71;6.08;1231;29;2415.00;101
5749;18;4181350;5749;507;6977;7078;4.73;0.29;316.66;6.08;1228;29;2416.00;101
5755;18;4181362;5755;511;6978;7078;4.71;0.29;316.67;6.08;1223;29;2417.00;100
5756;18;4181374;5756;513;6979;7079;4.75;0.29;316.65;6.08;1223;29;2418.00;100
5759;18;4181386;5759;503;6979;7079;4.76;0.29;316.63;6.08;1220;29;2419.00;100
5761;18;4181398;5761;485;6983;7085;4.86;0.30;316.57;6.08;1222;29;2420.00;102
5762;18;4181410;5762;487;6985;7086;4.92;0.30;316.57;6.08;1223;29;2421.00;101
5762;18;4181423;5762;483;6987;7086;4.94;0.30;316.57;6.08;1225;29;2422.00;99
5765;18;4181435;5765;474;6988;7086;4.99;0.30;316.70;6.09;1223;29;2423.00;98
5767;18;4181449;5767;468;6991;7090;5.02;0.31;316.60;6.09;1224;29;2424.00;99
5768;18;4181462;5768;463;6992;7090;5.04;0.31;316.57;6.12;1224;29;2425.00;98
5772;18;4181480;5772;456;6994;7090;5.06;0.31;316.45;6.16;1222;29;2426.00;96
5773;18;4181498;5773;452;6997;7091;5.12;0.31;316.46;6.17;1224;29;2427.00;94
5777;18;4181510;5777;454;7001;7095;5.15;0.31;316.31;6.17;1224;29;2428.00;94
5777;18;4181528;5777;456;7001;7095;5.22;0.32;316.31;6.17;1224;29;2429.00;94
5777;18;4181543;5777;455;7006;7101;5.32;0.32;316.31;6.16;1229;29;2430.00;95
5778;18;4181558;5778;453;7006;7101;5.33;0.32;316.32;6.16;1228;29;2431.00;95
5778;18;4181570;5778;443;7008;7101;5.29;0.32;316.32;6.16;1230;29;2432.00;93
5779;18;4181583;5779;434;7009;7101;5.28;0.32;316.31;6.17;1230;29;2433.00;92
5781;18;4181595;5781;427;7013;7105;5.28;0.32;316.40;6.17;1232;29;2434.00;92
5782;18;4181609;5782;428;7013;7105;5.28;0.32;316.37;6.17;1231;29;2435.00;92
5784;18;4181622;5784;424;7013;7105;5.29;0.32;316.35;6.17;1229;29;2436.00;92
5785;18;4181635;5785;421;7014;7105;5.27;0.32;316.35;6.20;1229;29;2437.00;91
5787;18;4181647;5787;426;7016;7106;5.26;0.32;316.32;6.21;1229;29;2438.00;90
5793;18;4181659;5793;422;7018;7107;5.21;0.32;316.54;6.25;1225;29;2439.00;89
5797;18;4181673;5797;430;7018;7107;5.23;0.32;316.60;6.25;1221;29;2440.00;89
5797;18;4181685;5797;434;7020;7108;5.28;0.32;316.60;6.29;1223;29;2441.00;88
5799;18;4181697;5799;440;7021;7108;5.27;0.32;316.72;6.33;1222;29;2442.00;87
5799;18;4181710;5799;438;7022;7108;5.27;0.32;316.72;6.37;1223;29;2443.00;86
5801;18;4181723;5801;443;7026;7108;5.24;0.32;316.72;6.42;1225;29;2444.00;82
5802;18;4181735;5802;450;7026;7108;5.24;0.32;316.69;6.42;1224;29;2445.00;82
5803;18;4181748;5803;447;7027;7108;5.21;0.32;316.73;6.46;1224;29;2446.00;81
5806;18;4181759;5806;457;7028;7108;5.17;0.31;316.73;6.50;1222;29;2447.00;80
5807;18;4181771;5807;468;7092;7235;5.40;0.33;316.71;6.48;1285;29;2448.00;143
5810;18;4181793;5810;470;7096;7236;5.33;0.33;316.88;6.51;1286;29;2449.00;140
5813;18;4181805;5813;474;7107;7236;5.35;0.33;316.99;6.51;1294;29;2450.00;129
5815;18;4181818;5815;472;7111;7236;5.32;0.33;317.21;6.55;1296;29;2451.00;125
5818;18;4181830;5818;466;7118;7236;5.35;0.33;317.28;6.58;1300;29;2452.00;118
5820;18;4181844;5820;471;7120;7236;5.32;0.33;317.41;6.58;1300;29;2453.00;116
5823;18;4181858;5823;466;7123;7236;5.32;0.33;317.43;6.62;1300;29;2454.00;113
5823;18;4181871;5823;468;7126;7236;5.34;0.33;317.43;6.66;1303;29;2455.00;110
5826;18;4181884;5826;468;7130;7237;5.33;0.33;317.40;6.70;1304;29;2456.00;107
5828;18;4181902;5828;471;7133;7238;5.28;0.32;317.48;6.70;1305;29;2457.00;105
5828;18;4181916;5828;471;7136;7238;5.28;0.32;317.48;6.73;1308;29;2458.00;102
5830;18;4181928;5830;469;7140;7239;5.21;0.32;317.39;6.77;1310;29;2459.00;99
5835;18;4181942;5835;476;7143;7239;5.10;0.31;317.35;6.77;1308;29;2460.00;96
5835;18;4181956;5835;484;7146;7239;5.08;0.31;317.35;6.78;1311;29;2461.00;93
5839;18;4181970;5839;491;7148;7239;5.05;0.31;317.39;6.78;1309;29;2462.00;91
5843;18;4181983;5843;501;7153;7243;5.06;0.31;317.47;6.78;1310;29;2463.00;90
5846;18;4181997;5846;504;7155;7243;5.01;0.31;317.44;6.79;1309;29;2464.00;88
5848;18;4182009;5848;509;7157;7243;4.99;0.31;317.53;6.79;1309;29;2465.00;86
5850;18;4182022;5850;514;7161;7246;4.96;0.30;317.64;6.80;1311;29;2466.00;85
5852;18;4182036;5852;527;7163;7246;4.90;0.30;317.63;6.80;1311;29;2467.00;83
5854;18;4182049;5854;530;7165;7246;4.85;0.30;317.66;6.81;1311;29;2468.00;81
5855;18;4182067;5855;535;7169;7250;4.84;0.30;317.63;6.81;1314;29;2469.00;81
5858;18;4182081;5858;538;7172;7251;4.80;0.29;317.84;6.81;1314;29;2470.00;79
5860;18;4182094;5860;540;7172;7251;4.79;0.29;317.92;6.81;1312;30;2471.00;79
5863;18;4182111;5863;532;7175;7255;4.80;0.29;317.85;6.81;1312;30;2472.00;80
5865;18;4182125;5865;529;7176;7255;4.79;0.29;317.95;6.81;1311;30;2473.00;79
5868;18;4182138;5868;532;7176;7255;4.75;0.29;317.99;6.81;1308;30;2474.00;79
5871;18;4182151;5871;523;7178;7257;4.74;0.29;318.12;6.80;1307;30;2475.00;79
5875;18;4182164;5875;515;7178;7257;4.73;0.29;318.26;6.80;1303;30;2476.00;79
5879;18;4182177;5879;511;7183;7263;4.77;0.29;318.25;6.80;1304;30;2477.00;80
5882;18;4182190;5882;499;7183;7263;4.80;0.29;318.45;6.80;1301;30;2478.00;80
5885;18;4182203;5885;498;7183;7264;4.84;0.29;318.55;6.80;1298;30;2479.00;81
5888;18;4182220;5888;495;7183;7264;4.86;0.29;318.55;6.80;1295;30;2480.00;81
5890;18;4182233;5890;493;7183;7264;4.91;0.30;318.67;6.80;1293;30;2481.00;81
5895;18;4182246;5895;491;7183;7264;4.94;0.30;318.82;6.80;1288;30;2482.00;81
5900;18;4182259;5900;489;7183;7264;4.98;0.30;318.89;6.80;1283;30;2483.00;81
5901;18;4182273;5901;485;7194;7276;5.06;0.31;319.00;6.79;1293;30;2484.00;82
5907;18;4182287;5907;475;7194;7276;5.09;0.31;319.18;6.79;1287;30;2485.00;82
5911;18;4182301;5911;461;7194;7276;5.13;0.31;319.21;6.79;1283;30;2486.00;82
5915;18;4182315;5915;457;7194;7276;5.19;0.32;319.34;6.79;1279;30;2487.00;82
5919;18;4182329;5919;463;7194;7276;5.20;0.32;319.48;6.79;1275;30;2488.00;82
5922;18;4182342;5922;455;7194;7276;5.23;0.32;319.69;6.79;1272;30;2489.00;82
5925;18;4182358;5925;455;7197;7280;5.25;0.32;319.71;6.79;1272;30;2490.00;83
5928;18;4182372;5928;446;7197;7280;5.29;0.32;319.79;6.79;1269;30;2491.00;83
5930;18;4182386;5930;446;7200;7284;5.35;0.33;319.86;6.78;1270;30;2492.00;84
5935;18;4182401;5935;441;7201;7285;5.37;0.33;320.16;6.78;1266;30;2493.00;84
5939;18;4182415;5939;443;7201;7285;5.35;0.33;320.23;6.78;1262;30;2494.00;84
5945;18;4182429;5945;443;7201;7285;5.32;0.32;320.34;6.78;1256;30;2495.00;84
5948;18;4182443;5948;442;7211;7298;5.43;0.33;320.34;6.77;1263;30;2496.00;87
5952;18;4182457;5952;450;7212;7298;5.43;0.33;320.44;6.82;1260;30;2497.00;86
5954;18;4182471;5954;443;7212;7298;5.44;0.33;320.39;6.82;1258;30;2498.00;86
5958;18;4182485;5958;438;7213;7299;5.44;0.33;320.45;6.82;1255;30;2499.00;86
5962;18;4182499;5962;444;7213;7300;5.43;0.33;320.60;6.82;1251;30;2500.00;87
5965;18;4182516;5965;450;7213;7300;5.41;0.33;320.76;6.82;1248;30;2501.00;87
5969;18;4182531;5969;451;7214;7303;5.41;0.33;320.80;6.82;1245;30;2502.00;89
5973;18;4182544;5973;460;7214;7303;5.37;0.33;321.01;6.82;1241;30;2503.00;89
5977;18;4182558;5977;457;7214;7303;5.31;0.32;321.05;6.82;1237;30;2504.00;89
5979;18;4182571;5979;462;7214;7303;5.25;0.32;321.23;6.82;1235;30;2505.00;89
5986;18;4182583;5986;459;7219;7309;5.15;0.31;321.30;6.82;1233;30;2506.00;90
5990;18;4182596;5990;465;7219;7309;5.05;0.31;321.33;6.82;1229;30;2507.00;90
5992;18;4182609;5992;459;7219;7309;5.02;0.31;321.44;6.82;1227;30;2508.00;90
5995;18;4182622;5995;461;7219;7309;5.02;0.31;321.57;6.82;1224;30;2509.00;90
6001;18;4182635;6001;462;7222;7313;4.99;0.30;321.71;6.81;1221;30;2510.00;91
6006;18;4182648;6006;468;7223;7314;4.98;0.30;321.69;6.81;1217;30;2511.00;91
6011;18;4182660;6011;470;7223;7314;4.94;0.30;321.80;6.81;1212;30;2512.00;91
6014;18;4182673;6014;466;7225;7315;4.96;0.30;321.78;6.81;1211;30;2513.00;90
6015;18;4182686;6015;474;7225;7315;5.01;0.31;321.80;6.81;1210;30;2514.00;90
6019;18;4182698;6019;474;7226;7315;4.96;0.30;321.95;6.81;1207;30;2515.00;89
6022;18;4182711;6022;479;7228;7315;4.94;0.30;321.94;6.85;1206;30;2516.00;87
6026;18;4182725;6026;489;7228;7315;4.94;0.30;321.92;6.85;1202;30;2517.00;87
6028;18;4182737;6028;499;7228;7315;4.91;0.30;322.09;6.85;1200;30;2518.00;87
6034;18;4182750;6034;504;7229;7315;4.84;0.30;322.15;6.85;1195;30;2519.00;86
6037;18;4182764;6037;529;7296;7440;5.02;0.31;322.23;6.79;1259;30;2520.00;144
6042;18;4182785;6042;528;7301;7441;4.97;0.31;322.32;6.79;1259;30;2521.00;140
6046;18;4182799;6046;522;7307;7441;5.00;0.31;322.32;6.78;1261;30;2522.00;134
6048;18;4182812;6048;519;7309;7441;5.04;0.31;322.25;6.78;1261;30;2523.00;132
6051;18;4182824;6051;512;7312;7441;5.07;0.31;322.30;6.78;1261;30;2524.00;129
6056;18;4182837;6056;527;7315;7441;5.07;0.31;322.35;6.78;1259;30;2525.00;126
6058;18;4182882;6058;529;7318;7441;5.10;0.31;322.42;6.78;1260;30;2526.00;123
6063;18;4182903;6063;525;7320;7441;5.07;0.31;322.54;6.78;1257;30;2527.00;121
6068;18;4182917;6068;534;7325;7442;4.99;0.31;322.71;6.78;1257;30;2528.00;117
6070;18;4182930;6070;538;7327;7443;4.96;0.31;322.78;6.78;1257;30;2529.00;116
6076;18;4182943;6076;541;7330;7443;4.88;0.30;322.90;6.78;1254;30;2530.00;113
6078;18;4182962;6078;548;7337;7447;4.85;0.30;323.08;6.78;1259;30;2531.00;110
6081;18;4182975;6081;545;7338;7447;4.84;0.30;323.23;6.78;1257;30;2532.00;109
6083;18;4182989;6083;549;7338;7447;4.87;0.30;323.25;6.78;1255;30;2533.00;109
6085;18;4183001;6085;542;7339;7447;4.83;0.30;323.38;6.78;1254;30;2534.00;108
6090;18;4183014;6090;540;7344;7453;4.84;0.30;323.53;6.78;1254;30;2535.00;109
6093;18;4183029;6093;542;7344;7453;4.83;0.30;323.62;6.78;1251;30;2536.00;109
6099;18;4183042;6099;546;7345;7455;4.80;0.29;323.57;6.78;1246;30;2537.00;110
6099;18;4183056;6099;553;7347;7458;4.82;0.30;323.57;6.78;1248;30;2538.00;111
6101;18;4183070;6101;543;7348;7458;4.82;0.30;323.59;6.78;1247;30;2539.00;110
6105;18;4183083;6105;543;7349;7458;4.79;0.29;323.68;6.77;1244;30;2540.00;109
6108;18;4183097;6108;552;7349;7459;4.77;0.29;323.63;6.77;1241;30;2541.00;110
6110;18;4183110;6110;551;7350;7460;4.80;0.30;323.72;6.77;1240;30;2542.00;110
6111;18;4183124;6111;556;7350;7460;4.84;0.30;323.68;6.77;1239;30;2543.00;110
6115;18;4183137;6115;566;7361;7473;4.85;0.30;323.71;6.76;1246;30;2544.00;112
6118;18;4183151;6118;562;7361;7473;4.87;0.30;323.60;6.76;1243;30;2545.00;112
6120;18;4183165;6120;565;7361;7473;4.90;0.30;323.62;6.76;1241;30;2546.00;112
6121;18;4183177;6121;562;7362;7474;4.94;0.30;323.57;6.76;1241;30;2547.00;112
6122;18;4183190;6122;565;7363;7474;4.96;0.30;323.52;6.79;1241;30;2548.00;111
6125;18;4183205;6125;570;7367;7478;5.02;0.31;323.61;6.79;1242;30;2549.00;111
6128;18;4183220;6128;573;7369;7481;4.98;0.31;323.54;6.79;1241;30;2550.00;112
6130;18;4183234;6130;567;7373;7485;4.92;0.30;323.59;6.79;1243;30;2551.00;112
6132;18;4183246;6132;573;7373;7485;4.86;0.30;323.60;6.79;1241;30;2552.00;112
6138;18;4183259;6138;575;7373;7485;4.81;0.29;323.71;6.79;1235;30;2553.00;112
6139;18;4183272;6139;576;7373;7485;4.77;0.29;323.74;6.79;1234;30;2554.00;112
6140;18;4183285;6140;583;7373;7485;4.73;0.29;323.69;6.79;1233;30;2555.00;112
6141;18;4183297;6141;579;7383;7497;4.74;0.29;323.71;6.78;1242;30;2556.00;114
6144;18;4183310;6144;589;7384;7497;4.71;0.29;323.63;6.78;1240;30;2557.00;113
6144;18;4183322;6144;587;7384;7497;4.68;0.29;323.63;6.78;1240;30;2558.00;113
6147;18;4183335;6147;588;7384;7497;4.64;0.28;323.66;6.78;1237;30;2559.00;113
6149;18;4183348;6149;593;7384;7497;4.62;0.28;323.63;6.78;1235;30;2560.00;113
6150;18;4183360;6150;593;7384;7497;4.60;0.28;323.63;6.78;1234;30;2561.00;113
6153;18;4183372;6153;598;7384;7498;4.54;0.28;323.57;6.78;1231;30;2562.00;114
6155;18;4183384;6155;597;7384;7498;4.50;0.27;323.65;6.78;1229;30;2563.00;114
6156;18;4183396;6156;600;7390;7504;4.46;0.27;323.69;6.81;1234;30;2564.00;114
6156;18;4183409;6156;589;7392;7506;4.43;0.27;323.69;6.81;1236;30;2565.00;114
6156;18;4183422;6156;578;7392;7506;4.41;0.27;323.69;6.81;1236;30;2566.00;114
6157;18;4183435;6157;563;7392;7506;4.38;0.27;323.73;6.81;1235;30;2567.00;114
6159;18;4183448;6159;545;7395;7510;4.36;0.27;323.73;6.80;1236;30;2568.00;115
6159;18;4183461;6159;538;7395;7510;4.39;0.27;323.73;6.80;1236;30;2569.00;115
6161;18;4183474;6161;525;7395;7510;4.46;0.27;323.70;6.80;1234;30;2570.00;115
6162;18;4183487;6162;515;7396;7511;4.51;0.27;323.72;6.80;1234;30;2571.00;115
6165;18;4183506;6165;506;7400;7515;4.60;0.28;323.71;6.83;1235;30;2572.00;115
6166;18;4183522;6166;500;7400;7515;4.67;0.28;323.66;6.83;1234;30;2573.00;115
6166;18;4183535;6166;497;7402;7518;4.80;0.29;323.66;6.83;1236;30;2574.00;116
6167;18;4183549;6167;491;7402;7518;4.89;0.30;323.67;6.83;1235;30;2575.00;116
6168;18;4183562;6168;489;7404;7518;4.97;0.30;323.63;6.86;1236;30;2576.00;114
6168;18;4183576;6168;483;7404;7518;5.03;0.31;323.63;6.86;1236;30;2577.00;114
6171;18;4183590;6171;476;7408;7522;5.10;0.31;323.74;6.86;1237;30;2578.00;114
6174;18;4183604;6174;470;7408;7522;5.09;0.31;323.75;6.86;1234;30;2579.00;114
6179;18;4183619;6179;467;7409;7522;5.09;0.31;323.68;6.90;1230;30;2580.00;113
6181;18;4183641;6181;462;7410;7522;5.07;0.31;323.81;6.95;1229;30;2581.00;112
6182;18;4183654;6182;469;7410;7523;5.08;0.31;323.83;6.95;1228;30;2582.00;113
6183;19;4183667;6183;469;7411;7524;5.10;0.31;323.88;6.95;1228;31;2583.00;113
6185;19;4183690;6185;473;7412;7524;5.10;0.31;323.84;6.98;1227;31;2584.00;112
6186;19;4183704;6186;473;7414;7525;5.15;0.31;323.83;7.03;1228;31;2585.00;111
6189;19;4183716;6189;472;7414;7525;5.15;0.31;323.81;7.03;1225;31;2586.00;111
6191;19;4183730;6191;490;7415;7525;5.21;0.31;323.92;7.05;1224;31;2587.00;110
6191;19;4183742;6191;483;7415;7525;5.23;0.32;323.92;7.05;1224;31;2588.00;110
6194;19;4183755;6194;484;7415;7525;5.23;0.32;323.91;7.05;1221;31;2589.00;110
6197;19;4183768;6197;484;7415;7525;5.21;0.32;324.15;7.05;1218;31;2590.00;110
6199;19;4183780;6199;479;7415;7525;5.22;0.32;324.25;7.05;1216;31;2591.00;110
6202;19;4183793;6202;490;7482;7652;5.42;0.33;324.24;6.99;1280;31;2592.00;170
6204;19;4183815;6204;490;7485;7653;5.39;0.33;324.36;6.98;1281;31;2593.00;168
6207;19;4183828;6207;480;7493;7653;5.41;0.33;324.30;6.98;1286;31;2594.00;160
6207;19;4183841;6207;475;7495;7653;5.39;0.33;324.30;6.98;1288;31;2595.00;158
6211;19;4183854;6211;472;7501;7653;5.40;0.33;324.28;6.98;1290;31;2596.00;152
6213;19;4183867;6213;467;7504;7653;5.41;0.33;324.40;6.98;1291;31;2597.00;149
6214;19;4183881;6214;460;7507;7653;5.41;0.33;324.43;6.97;1293;31;2598.00;146
6214;19;4183895;6214;461;7510;7653;5.49;0.34;324.43;6.97;1296;31;2599.00;143
6215;19;4183909;6215;460;7513;7654;5.56;0.34;324.40;6.98;1298;31;2600.00;141
6216;19;4183927;6216;461;7518;7655;5.59;0.34;324.49;7.02;1302;31;2601.00;137
6219;19;4183941;6219;461;7521;7655;5.58;0.34;324.64;7.03;1302;31;2602.00;134
6220;19;4183955;6220;474;7523;7656;5.55;0.34;324.71;7.03;1303;31;2603.00;133
6222;19;4183976;6222;475;7525;7656;5.51;0.34;324.63;7.08;1303;31;2604.00;131
6222;19;4183990;6222;482;7528;7656;5.48;0.34;324.63;7.13;1306;31;2605.00;128
6225;19;4184005;6225;493;7530;7656;5.46;0.34;324.73;7.13;1305;31;2606.00;126
6228;19;4184019;6228;496;7537;7660;5.48;0.34;324.82;7.18;1309;31;2607.00;123
6232;19;4184034;6232;499;7537;7660;5.46;0.34;324.81;7.18;1305;31;2608.00;123
6235;19;4184048;6235;504;7539;7660;5.42;0.33;324.87;7.18;1304;31;2609.00;121
6237;19;4184064;6237;510;7543;7666;5.40;0.33;324.94;7.22;1306;31;2610.00;123
6241;19;4184078;6241;510;7543;7666;5.35;0.33;325.06;7.22;1302;31;2611.00;123
6244;19;4184092;6244;520;7545;7666;5.32;0.33;325.30;7.22;1301;31;2612.00;121
6247;19;4184106;6247;515;7551;7670;5.30;0.33;325.26;7.27;1304;31;2613.00;119
6250;19;4184120;6250;516;7552;7671;5.29;0.33;325.30;7.27;1302;31;2614.00;119
6252;19;4184139;6252;522;7556;7671;5.32;0.33;325.50;7.36;1304;31;2615.00;115
6254;19;4184152;6254;521;7558;7675;5.40;0.33;325.61;7.36;1304;31;2616.00;117
6259;19;4184165;6259;524;7561;7675;5.42;0.33;325.71;7.41;1302;31;2617.00;114
6262;19;4184180;6262;529;7561;7675;5.44;0.33;325.72;7.41;1299;31;2618.00;114
6266;19;4184193;6266;532;7563;7676;5.42;0.33;325.69;7.45;1297;31;2619.00;113
6268;19;4184206;6268;534;7563;7676;5.40;0.33;325.76;7.45;1295;31;2620.00;113
6272;19;4184219;6272;534;7568;7682;5.36;0.33;325.80;7.45;1296;31;2621.00;114
6276;19;4184251;6276;530;7569;7682;5.32;0.33;326.06;7.49;1293;31;2622.00;113
6278;19;4184264;6278;534;7569;7683;5.30;0.32;326.03;7.49;1291;31;2623.00;114
6280;19;4184278;6280;531;7569;7683;5.32;0.33;325.97;7.49;1289;31;2624.00;114
6283;19;4184291;6283;525;7570;7683;5.30;0.32;326.01;7.54;1287;31;2625.00;113
6287;19;4184305;6287;529;7570;7683;5.28;0.32;326.24;7.54;1283;31;2626.00;113
6287;19;4184319;6287;524;7572;7683;5.33;0.32;326.24;7.63;1285;31;2627.00;111
6290;19;4184332;6290;522;7583;7695;5.41;0.33;326.45;7.66;1293;32;2628.00;112
6293;19;4184351;6293;523;7584;7695;5.44;0.33;326.66;7.70;1291;32;2629.00;111
6293;19;4184364;6293;515;7585;7695;5.47;0.33;326.66;7.70;1292;32;2630.00;110
6294;19;4184381;6294;513;7587;7695;5.48;0.33;326.68;7.78;1293;32;2631.00;108
6295;19;4184394;6295;514;7587;7695;5.49;0.33;326.71;7.78;1292;32;2632.00;108
6298;19;4184408;6298;516;7587;7695;5.51;0.34;326.79;7.78;1289;32;2633.00;108
6300;19;4184420;6300;510;7592;7699;5.52;0.34;326.78;7.87;1292;32;2634.00;107
6303;19;4184434;6303;515;7592;7699;5.59;0.34;326.88;7.87;1289;32;2635.00;107
6304;19;4184447;6304;521;7598;7703;5.64;0.34;326.93;7.95;1294;32;2636.00;105
6307;19;4184461;6307;519;7599;7704;5.63;0.34;326.98;7.95;1292;32;2637.00;105
6312;19;4184474;6312;523;7599;7704;5.58;0.34;327.11;7.95;1287;32;2638.00;105
6318;19;4184488;6318;517;7601;7704;5.50;0.33;327.27;8.03;1283;32;2639.00;103
6322;19;4184504;6322;516;7623;7733;5.51;0.34;327.46;8.01;1301;32;2640.00;110
6327;19;4184521;6327;503;7626;7733;5.51;0.33;327.56;8.09;1299;32;2641.00;107
6331;19;4184536;6331;491;7628;7733;5.53;0.34;327.63;8.09;1297;32;2642.00;105
6337;19;4184551;6337;491;7629;7734;5.53;0.34;327.81;8.09;1292;32;2643.00;105
6338;19;4184564;6338;484;7631;7735;5.53;0.34;327.79;8.16;1293;32;2644.00;104
6344;19;4184579;6344;482;7631;7735;5.50;0.34;327.95;8.16;1287;32;2645.00;104
6346;19;4184593;6346;476;7636;7738;5.49;0.34;328.03;8.24;1290;32;2646.00;102
6348;19;4184607;6348;468;7636;7738;5.51;0.34;328.05;8.24;1288;33;2647.00;102
6352;19;4184630;6352;463;7636;7738;5.49;0.34;328.13;8.24;1284;33;2648.00;102
6356;19;4184644;6356;459;7638;7738;5.48;0.34;328.20;8.32;1282;33;2649.00;100
6358;19;4184659;6358;457;7643;7744;5.53;0.34;328.23;8.31;1285;33;2650.00;101
6360;19;4184673;6360;453;7643;7744;5.49;0.34;328.30;8.31;1283;33;2651.00;101
6364;19;4184688;6364;451;7643;7744;5.42;0.33;328.44;8.31;1279;33;2652.00;101
6370;19;4184702;6370;441;7643;7744;5.34;0.33;328.65;8.31;1273;33;2653.00;101
6372;19;4184716;6372;460;7646;7748;5.29;0.32;328.67;8.31;1274;33;2654.00;102
6377;19;4184730;6377;467;7648;7750;5.29;0.32;328.81;8.31;1271;33;2655.00;102
6384;19;4184745;6384;465;7648;7750;5.26;0.32;328.95;8.31;1264;33;2656.00;102
6387;19;4184759;6387;468;7649;7751;5.27;0.32;329.17;8.31;1262;33;2657.00;102
6391;19;4184772;6391;476;7649;7751;5.24;0.32;329.23;8.31;1258;33;2658.00;102
6396;19;4184785;6396;467;7649;7751;5.20;0.32;329.34;8.31;1253;33;2659.00;102
6400;19;4184799;6400;470;7649;7751;5.17;0.32;329.38;8.31;1249;33;2660.00;102
6404;19;4184813;6404;474;7649;7751;5.14;0.31;329.45;8.31;1245;33;2661.00;102
6406;19;4184827;6406;478;7649;7751;5.15;0.31;329.41;8.31;1243;33;2662.00;102
6412;19;4184840;6412;481;7649;7751;5.12;0.31;329.46;8.31;1237;33;2663.00;102
6417;19;4184853;6417;494;7690;7821;5.15;0.32;329.53;8.26;1273;33;2664.00;131
6422;19;4184871;6422;492;7691;7822;5.11;0.31;329.63;8.26;1269;33;2665.00;131
6424;19;4184884;6424;489;7694;7822;5.11;0.31;329.68;8.26;1270;33;2666.00;128
6430;19;4184897;6430;491;7695;7822;5.11;0.31;329.78;8.26;1265;33;2667.00;127
6431;19;4184910;6431;493;7699;7822;5.18;0.32;329.79;8.25;1268;33;2668.00;123
6436;19;4184923;6436;501;7699;7822;5.16;0.32;329.84;8.25;1263;33;2669.00;123
6441;19;4184939;6441;507;7701;7822;5.21;0.32;329.97;8.25;1260;33;2670.00;121
6446;19;4184952;6446;513;7703;7822;5.22;0.32;330.17;8.25;1257;33;2671.00;119
6451;19;4184967;6451;521;7705;7823;5.17;0.32;330.21;8.25;1254;33;2672.00;118
6456;19;4184980;6456;526;7707;7824;5.09;0.31;330.43;8.25;1251;33;2673.00;117
6462;19;4184994;6462;533;7709;7824;5.00;0.31;330.60;8.25;1247;33;2674.00;115
6465;19;4185007;6465;541;7713;7828;4.97;0.30;330.63;8.25;1248;33;2675.00;115
6473;19;4185021;6473;553;7713;7828;4.86;0.30;330.79;8.25;1240;33;2676.00;115
6477;19;4185036;6477;565;7713;7828;4.80;0.29;330.79;8.25;1236;33;2677.00;115
6479;19;4185049;6479;571;7714;7828;4.79;0.29;330.80;8.25;1235;33;2678.00;114
6482;19;4185062;6482;575;7719;7834;4.78;0.29;330.71;8.25;1237;33;2679.00;115
6486;19;4185076;6486;585;7719;7834;4.69;0.29;330.66;8.25;1233;33;2680.00;115
6488;19;4185089;6488;579;7719;7834;4.66;0.28;330.72;8.25;1231;33;2681.00;115
6490;19;4185102;6490;574;7720;7837;4.64;0.28;330.71;8.25;1230;33;2682.00;117
6492;19;4185115;6492;569;7722;7837;4.59;0.28;330.69;8.25;1230;33;2683.00;115
6494;19;4185128;6494;573;7722;7837;4.52;0.28;330.73;8.25;1228;33;2684.00;115
6497;19;4185141;6497;581;7724;7838;4.46;0.27;330.69;8.25;1227;33;2685.00;114
6500;19;4185154;6500;582;7725;7839;4.40;0.27;330.60;8.25;1225;33;2686.00;114
6501;19;4185167;6501;576;7726;7839;4.33;0.26;330.61;8.25;1225;33;2687.00;113
6505;19;4185182;6505;569;7737;7852;4.36;0.27;330.64;8.24;1232;33;2688.00;115
6509;19;4185196;6509;579;7738;7852;4.32;0.26;330.64;8.24;1229;33;2689.00;114
6511;19;4185210;6511;581;7739;7852;4.34;0.26;330.57;8.24;1228;33;2690.00;113
6513;19;4185224;6513;574;7740;7853;4.35;0.27;330.54;8.24;1227;33;2691.00;113
6515;19;4185237;6515;579;7741;7853;4.35;0.27;330.45;8.24;1226;33;2692.00;112
6516;19;4185251;6516;577;7745;7857;4.39;0.27;330.41;8.24;1229;33;2693.00;112
6517;19;4185265;6517;579;7745;7857;4.38;0.27;330.42;8.24;1228;33;2694.00;112
6520;19;4185277;6520;581;7748;7861;4.35;0.27;330.44;8.23;1228;33;2695.00;113
6523;19;4185291;6523;576;7749;7861;4.30;0.26;330.48;8.27;1226;33;2696.00;112
6524;19;4185305;6524;570;7749;7861;4.30;0.26;330.51;8.27;1225;33;2697.00;112
6524;19;4185318;6524;563;7749;7861;4.34;0.26;330.51;8.27;1225;33;2698.00;112
6527;19;4185331;6527;562;7749;7861;4.34;0.27;330.43;8.27;1222;33;2699.00;112
6529;19;4185346;6529;553;7775;7910;4.43;0.27;330.39;8.24;1246;33;2700.00;135
6530;19;4185368;6530;554;7776;7910;4.49;0.28;330.40;8.24;1246;33;2701.00;134
6532;19;4185381;6532;550;7778;7910;4.54;0.28;330.51;8.24;1246;33;2702.00;132
6532;19;4185395;6532;553;7778;7910;4.64;0.28;330.51;8.24;1246;33;2703.00;132
6535;19;4185408;6535;549;7781;7910;4.70;0.29;330.47;8.24;1246;33;2704.00;129
6536;19;4185422;6536;543;7781;7910;4.76;0.29;330.47;8.24;1245;33;2705.00;129
6536;19;4185436;6536;545;7782;7911;4.83;0.30;330.47;8.24;1246;33;2706.00;129
6536;19;4185450;6536;547;7782;7911;4.91;0.30;330.47;8.24;1246;33;2707.00;129
6538;19;4185463;6538;556;7787;7917;4.97;0.31;330.47;8.24;1249;33;2708.00;130
6539;19;4185478;6539;554;7788;7918;5.00;0.31;330.46;8.23;1249;33;2709.00;130
6539;19;4185491;6539;559;7788;7918;5.03;0.31;330.46;8.23;1249;33;2710.00;130
6541;19;4185504;6541;562;7788;7918;5.02;0.31;330.49;8.23;1247;33;2711.00;130
6545;19;4185517;6545;561;7791;7922;5.01;0.31;330.58;8.23;1246;33;2712.00;131
6546;19;4185531;6546;553;7791;7922;4.99;0.30;330.60;8.23;1245;33;2713.00;131
6546;19;4185545;6546;547;7792;7922;5.06;0.31;330.60;8.23;1246;33;2714.00;130
6549;19;4185558;6549;546;7793;7923;5.09;0.31;330.64;8.23;1244;33;2715.00;130
6553;19;4185572;6553;536;7796;7927;5.09;0.31;330.68;8.23;1243;33;2716.00;131
6554;19;4185602;6554;534;7796;7927;5.13;0.31;330.76;8.23;1242;33;2717.00;131
6554;19;4185621;6554;534;7799;7930;5.20;0.32;330.76;8.23;1245;33;2718.00;131
6554;19;4185636;6554;532;7799;7930;5.26;0.32;330.76;8.23;1245;33;2719.00;131
6554;19;4185650;6554;534;7801;7930;5.29;0.32;330.76;8.23;1247;33;2720.00;129
6557;19;4185663;6557;529;7801;7930;5.31;0.32;330.75;8.23;1244;33;2721.00;129
6557;19;4185677;6557;529;7804;7934;5.40;0.33;330.75;8.23;1247;33;2722.00;130
6561;19;4185692;6561;534;7805;7934;5.34;0.32;330.74;8.23;1244;33;2723.00;129
6563;19;4185706;6563;530;7806;7934;5.33;0.32;330.74;8.23;1243;33;2724.00;128
6563;19;4185719;6563;525;7806;7934;5.34;0.32;330.74;8.23;1243;33;2725.00;128
6565;19;4185733;6565;529;7807;7935;5.35;0.32;330.70;8.23;1242;33;2726.00;128
6566;19;4185747;6566;522;7808;7936;5.30;0.32;330.67;8.23;1242;33;2727.00;128
6569;19;4185766;6569;520;7808;7936;5.27;0.32;330.67;8.23;1239;33;2728.00;128
6569;19;4185780;6569;522;7810;7937;5.26;0.32;330.67;8.23;1241;33;2729.00;127
6570;19;4185796;6570;518;7810;7937;5.24;0.32;330.66;8.23;1240;33;2730.00;127
6570;19;4185809;6570;517;7810;7937;5.24;0.32;330.66;8.23;1240;33;2731.00;127
6570;19;4185822;6570;507;7812;7937;5.28;0.32;330.66;8.24;1242;33;2732.00;125
6571;19;4185835;6571;495;7813;7937;5.34;0.32;330.67;8.24;1242;33;2733.00;124
6572;19;4185848;6572;483;7813;7937;5.43;0.33;330.65;8.24;1241;33;2734.00;124
6575;19;4185861;6575;464;7813;7937;5.52;0.34;330.78;8.24;1238;33;2735.00;124
6577;19;4185875;6577;484;7875;8064;5.71;0.35;330.77;8.17;1298;33;2736.00;189
6579;19;4185898;6579;453;7876;8065;5.80;0.36;330.83;8.17;1297;33;2737.00;189
6583;19;4185912;6583;441;7885;8065;5.90;0.36;330.90;8.17;1302;33;2738.00;180
6586;19;4185927;6586;434;7887;8065;6.02;0.37;330.96;8.17;1301;33;2739.00;178
6589;19;4185942;6589;442;7897;8065;6.14;0.38;330.99;8.16;1308;33;2740.00;168
6594;19;4185956;6594;441;7901;8065;6.18;0.38;331.14;8.16;1307;33;2741.00;164
6596;19;4185970;6596;438;7904;8065;6.23;0.38;331.18;8.16;1308;33;2742.00;161
6598;19;4185983;6598;434;7905;8065;6.24;0.38;331.16;8.16;1307;33;2743.00;160
6604;19;4185999;6604;429;7906;8066;6.23;0.38;331.30;8.16;1302;33;2744.00;160
6605;19;4186014;6605;431;7914;8068;6.22;0.38;331.37;8.26;1309;33;2745.00;154
6609;19;4186031;6609;425;7915;8068;6.21;0.38;331.59;8.26;1306;33;2746.00;153
6612;19;4186046;6612;427;7918;8069;6.20;0.38;331.67;8.26;1306;33;2747.00;151
6616;19;4186061;6616;424;7920;8069;6.16;0.37;331.78;8.26;1304;33;2748.00;149
6619;19;4186076;6619;432;7923;8069;6.07;0.37;331.84;8.26;1304;33;2749.00;146
6621;19;4186097;6621;435;7923;8069;6.01;0.37;331.82;8.26;1302;33;2750.00;146
6622;19;4186111;6622;438;7926;8073;5.98;0.36;331.78;8.26;1304;33;2751.00;147
6624;19;4186126;6624;438;7929;8073;5.94;0.36;331.81;8.27;1305;33;2752.00;144
6626;19;4186141;6626;436;7929;8073;5.95;0.36;331.92;8.27;1303;33;2753.00;144
6627;19;4186156;6627;442;7933;8076;5.95;0.36;331.98;8.27;1306;33;2754.00;143
6631;19;4186177;6631;442;7935;8076;5.96;0.36;332.04;8.27;1304;33;2755.00;141
6633;19;4186192;6633;446;7936;8076;6.01;0.37;332.03;8.27;1303;33;2756.00;140
6634;19;4186207;6634;455;7940;8080;5.99;0.36;331.99;8.27;1306;33;2757.00;140
6637;19;4186221;6637;450;7944;8081;5.96;0.36;331.99;8.28;1307;33;2758.00;137
6638;19;4186237;6638;458;7945;8081;5.96;0.36;331.96;8.28;1307;33;2759.00;136
6640;19;4186252;6640;455;7951;8086;5.97;0.36;331.94;8.28;1311;33;2760.00;135
6642;19;4186269;6642;456;7952;8086;5.94;0.36;332.03;8.28;1310;33;2761.00;134
6648;19;4186284;6648;457;7953;8086;5.93;0.36;332.06;8.28;1305;33;2762.00;133
6649;19;4186300;6649;457;7954;8087;5.92;0.36;332.04;8.27;1305;33;2763.00;133
6654;19;4186319;6654;458;7954;8087;5.89;0.36;332.25;8.27;1300;33;2764.00;133
6656;19;4186333;6656;461;7959;8093;5.90;0.36;332.38;8.27;1303;33;2765.00;134
6658;19;4186348;6658;457;7959;8093;5.92;0.36;332.46;8.27;1301;33;2766.00;134
6662;19;4186362;6662;461;7959;8094;5.90;0.36;332.64;8.27;1297;33;2767.00;135
6666;19;4186378;6666;470;7959;8094;5.88;0.36;332.80;8.27;1293;33;2768.00;135
6668;19;4186395;6668;479;7960;8094;5.86;0.36;332.80;8.32;1292;33;2769.00;134
6669;19;4186410;6669;480;7960;8094;5.88;0.36;332.84;8.32;1291;33;2770.00;134
6675;19;4186424;6675;488;7962;8094;5.85;0.35;332.96;8.42;1287;33;2771.00;132
6678;19;4186439;6678;497;7972;8106;5.90;0.36;333.10;8.41;1294;33;2772.00;134
6678;19;4186453;6678;496;7972;8106;5.93;0.36;333.10;8.41;1294;33;2773.00;134
6680;19;4186467;6680;502;7975;8106;5.93;0.36;333.25;8.51;1295;33;2774.00;131
6683;19;4186480;6683;511;7975;8106;5.89;0.36;333.41;8.51;1292;33;2775.00;131
6686;19;4186493;6686;518;7976;8106;5.87;0.36;333.52;8.56;1290;33;2776.00;130
6690;19;4186513;6690;522;7977;8106;5.82;0.35;333.69;8.60;1287;33;2777.00;129
6693;19;4186526;6693;526;7980;8110;5.74;0.35;333.92;8.60;1287;33;2778.00;130
6696;20;4186541;6696;530;7980;8110;5.65;0.34;334.00;8.60;1284;34;2779.00;130
6697;20;4186560;6697;519;7984;8114;5.66;0.34;334.03;8.60;1287;34;2780.00;130
6700;20;4186574;6700;526;7986;8115;5.63;0.34;334.01;8.65;1286;34;2781.00;129
6701;20;4186588;6701;519;7986;8115;5.60;0.34;333.97;8.65;1285;34;2782.00;129
6704;20;4186601;6704;521;7987;8115;5.56;0.34;334.13;8.70;1283;34;2783.00;128
6706;20;4186615;6706;525;7998;8128;5.56;0.34;334.07;8.68;1292;34;2784.00;130
6709;20;4186629;6709;517;7999;8128;5.52;0.34;334.22;8.73;1290;34;2785.00;129
6711;20;4186642;6711;525;8001;8128;5.49;0.33;334.17;8.82;1290;34;2786.00;127
6713;20;4186656;6713;520;8002;8129;5.47;0.33;334.24;8.82;1289;34;2787.00;127
6716;20;4186670;6716;523;8002;8130;5.49;0.33;334.27;8.82;1286;34;2788.00;128
6718;20;4186684;6718;526;8002;8130;5.47;0.33;334.38;8.82;1284;34;2789.00;128
6722;20;4186699;6722;518;8012;8136;5.46;0.33;334.32;9.05;1290;34;2790.00;124
6726;20;4186723;6726;509;8013;8136;5.50;0.33;334.53;9.09;1287;34;2791.00;123
6727;20;4186737;6727;509;8015;8136;5.52;0.34;334.64;9.14;1288;34;2792.00;121
6730;20;4186751;6730;502;8015;8136;5.55;0.34;334.76;9.14;1285;34;2793.00;121
6732;20;4186765;6732;498;8022;8142;5.59;0.34;334.77;9.22;1290;34;2794.00;120
6736;20;4186779;6736;495;8024;8142;5.59;0.34;334.85;9.30;1288;34;2795.00;118
6739;20;4186794;6739;493;8024;8142;5.58;0.34;334.79;9.30;1285;34;2796.00;118
6741;20;4186808;6741;496;8026;8142;5.55;0.34;334.80;9.39;1285;34;2797.00;116
6745;20;4186822;6745;497;8029;8146;5.42;0.33;334.88;9.38;1284;34;2798.00;117
6747;20;4186836;6747;495;8030;8147;5.37;0.33;334.90;9.38;1283;34;2799.00;117
6750;20;4186851;6750;495;8032;8147;5.30;0.32;334.95;9.46;1282;34;2800.00;115
6750;20;4186869;6750;508;8033;8148;5.26;0.32;334.95;9.46;1283;34;2801.00;115
6754;20;4186882;6754;511;8033;8148;5.18;0.32;334.98;9.46;1279;34;2802.00;115
6758;20;4186895;6758;515;8035;8148;5.11;0.31;335.02;9.54;1277;34;2803.00;113
6764;20;4186908;6764;514;8035;8148;5.03;0.31;335.06;9.54;1271;34;2804.00;113
6767;20;4186921;6767;503;8035;8148;4.97;0.30;335.06;9.54;1268;34;2805.00;113
6769;20;4186935;6769;495;8036;8148;4.93;0.30;335.10;9.59;1267;34;2806.00;112
6772;20;4186948;6772;487;8038;8148;4.91;0.30;335.21;9.67;1266;34;2807.00;110
6779;20;4186961;6779;490;8075;8218;5.00;0.31;335.30;9.67;1296;34;2808.00;143
6781;20;4186981;6781;491;8076;8219;4.98;0.30;335.33;9.67;1295;34;2809.00;143
6788;20;4186996;6788;493;8083;8219;4.96;0.30;335.52;9.69;1295;34;2810.00;136
6791;20;4187010;6791;486;8088;8219;4.92;0.30;335.62;9.69;1297;34;2811.00;131
6795;20;4187023;6795;493;8090;8219;4.91;0.30;335.67;9.73;1295;34;2812.00;129
6798;20;4187038;6798;495;8093;8219;4.89;0.30;335.74;9.73;1295;34;2813.00;126
6802;20;4187051;6802;496;8093;8219;4.84;0.30;335.85;9.73;1291;34;2814.00;126
6806;20;4187065;6806;501;8095;8219;4.79;0.29;335.90;9.73;1289;34;2815.00;124
6810;20;4187078;6810;507;8097;8220;4.75;0.29;336.04;9.73;1287;34;2816.00;123
6814;20;4187092;6814;506;8099;8221;4.74;0.29;336.10;9.73;1285;34;2817.00;122
6818;20;4187106;6818;519;8101;8221;4.73;0.29;336.26;9.73;1283;34;2818.00;120
6820;20;4187120;6820;527;8106;8225;4.77;0.29;336.35;9.72;1286;34;2819.00;119
6824;20;4187136;6824;536;8107;8225;4.77;0.29;336.30;9.72;1283;34;2820.00;118
6826;20;4187150;6826;543;8107;8225;4.78;0.29;336.25;9.72;1281;34;2821.00;118
6830;20;4187163;6830;552;8107;8225;4.76;0.29;336.30;9.72;1277;34;2822.00;118
6836;20;4187177;6836;554;8112;8231;4.69;0.29;336.37;9.72;1276;34;2823.00;119
6841;20;4187191;6841;549;8112;8231;4.64;0.28;336.42;9.72;1271;34;2824.00;119
6846;20;4187205;6846;551;8112;8231;4.61;0.28;336.57;9.72;1266;34;2825.00;119
6848;20;4187218;6848;550;8113;8234;4.62;0.28;336.59;9.72;1265;34;2826.00;121
6852;20;4187233;6852;548;8113;8234;4.54;0.28;336.58;9.72;1261;34;2827.00;121
6856;20;4187247;6856;551;8114;8234;4.44;0.27;336.52;9.76;1258;34;2828.00;120
6858;20;4187261;6858;553;8114;8235;4.35;0.26;336.49;9.76;1256;34;2829.00;121
6862;20;4187274;6862;557;8116;8236;4.27;0.26;336.46;9.76;1254;34;2830.00;120
6862;20;4187287;6862;553;8116;8236;4.22;0.26;336.46;9.76;1254;34;2831.00;120
6869;20;4187300;6869;558;8125;8249;4.18;0.25;336.33;9.75;1256;34;2832.00;124
6870;20;4187314;6870;563;8126;8249;4.18;0.25;336.35;9.75;1256;34;2833.00;123
6872;20;4187327;6872;569;8127;8249;4.14;0.25;336.35;9.75;1255;34;2834.00;122
6875;21;4187341;6875;564;8128;8251;4.12;0.25;336.35;9.75;1253;35;2835.00;123
6879;21;4187363;6879;561;8128;8251;4.06;0.25;336.36;9.75;1249;35;2836.00;123
6882;21;4187377;6882;555;8131;8255;4.03;0.25;336.46;9.75;1249;35;2837.00;124
6886;21;4187390;6886;560;8131;8255;4.02;0.25;336.46;9.75;1245;35;2838.00;124
6888;21;4187403;6888;563;8134;8259;4.03;0.25;336.40;9.75;1246;35;2839.00;125
6890;21;4187416;6890;564;8135;8259;4.01;0.24;336.47;9.75;1245;35;2840.00;124
6895;21;4187428;6895;572;8135;8259;3.98;0.24;336.57;9.75;1240;35;2841.00;124
6898;21;4187441;6898;579;8135;8259;3.96;0.24;336.51;9.75;1237;35;2842.00;124
6900;21;4187454;6900;580;8135;8259;3.97;0.24;336.52;9.75;1235;35;2843.00;124
6901;21;4187467;6901;581;8143;8271;4.08;0.25;336.48;9.74;1242;35;2844.00;128
6904;21;4187480;6904;588;8143;8271;4.05;0.25;336.51;9.74;1239;35;2845.00;128
6905;21;4187492;6905;595;8145;8271;4.03;0.25;336.47;9.74;1240;35;2846.00;126
6907;21;4187504;6907;596;8145;8271;4.00;0.24;336.50;9.74;1238;35;2847.00;126
6912;21;4187516;6912;606;8146;8271;3.95;0.24;336.47;9.74;1234;35;2848.00;125
6914;21;4187528;6914;618;8146;8271;3.91;0.24;336.48;9.74;1232;35;2849.00;125
6918;21;4187543;6918;624;8148;8274;3.85;0.23;336.44;9.74;1230;35;2850.00;126
6921;21;4187557;6921;627;8149;8274;3.82;0.23;336.37;9.74;1228;35;2851.00;125
6922;21;4187568;6922;625;8155;8280;3.84;0.23;336.39;9.74;1233;35;2852.00;125
6923;21;4187581;6923;614;8156;8281;3.79;0.23;336.41;9.74;1233;35;2853.00;125
6925;21;4187593;6925;599;8156;8281;3.74;0.23;336.46;9.74;1231;35;2854.00;125
6925;21;4187605;6925;601;8158;8281;3.73;0.23;336.46;9.74;1233;35;2855.00;123
6926;21;4187622;6926;600;8161;8285;3.79;0.23;336.45;9.74;1235;35;2856.00;124
6927;21;4187635;6927;603;8162;8285;3.81;0.23;336.41;9.74;1235;35;2857.00;123
6929;21;4187647;6929;605;8162;8285;3.86;0.24;336.42;9.74;1233;35;2858.00;123
6933;21;4187660;6933;599;8163;8286;3.88;0.24;336.45;9.74;1230;35;2859.00;123
6933;21;4187675;6933;588;8167;8290;4.04;0.25;336.45;9.74;1234;35;2860.00;123
6938;21;4187688;6938;560;8168;8290;4.13;0.25;336.54;9.74;1230;35;2861.00;122
6939;21;4187708;6939;542;8170;8293;4.30;0.26;336.63;9.73;1231;35;2862.00;123
6941;21;4187727;6941;526;8170;8293;4.42;0.27;336.74;9.73;1229;35;2863.00;123
6942;21;4187742;6942;517;8173;8295;4.52;0.27;336.77;9.73;1231;35;2864.00;122
6942;21;4187755;6942;502;8173;8295;4.63;0.28;336.77;9.73;1231;35;2865.00;122
6942;21;4187769;6942;492;8177;8299;4.77;0.29;336.77;9.73;1235;35;2866.00;122
6942;21;4187785;6942;482;8177;8299;4.89;0.30;336.77;9.73;1235;35;2867.00;122
6943;21;4187799;6943;480;8177;8299;4.99;0.30;336.76;9.73;1234;35;2868.00;122
6945;21;4187812;6945;477;8177;8299;5.11;0.31;336.72;9.73;1232;35;2869.00;122
6945;21;4187826;6945;469;8177;8300;5.24;0.32;336.72;9.73;1232;35;2870.00;123
6946;21;4187839;6946;465;8178;8301;5.38;0.33;336.77;9.73;1232;35;2871.00;123
6947;21;4187853;6947;461;8178;8301;5.48;0.33;336.78;9.73;1231;35;2872.00;123
6949;21;4187867;6949;457;8179;8302;5.52;0.34;336.79;9.72;1230;35;2873.00;123
6949;23;4187881;6949;451;8179;8302;5.58;0.34;336.79;9.72;1230;37;2874.00;123
6951;23;4187913;6951;452;8179;8302;5.59;0.34;336.78;9.72;1228;37;2875.00;123
6955;23;4187928;6955;447;8179;8302;5.59;0.34;336.75;9.72;1224;37;2876.00;123
6956;23;4187942;6956;446;8179;8302;5.62;0.34;336.75;9.72;1223;37;2877.00;123
6956;23;4187956;6956;444;8179;8302;5.67;0.34;336.75;9.72;1223;37;2878.00;123
6957;23;4187970;6957;441;8179;8302;5.67;0.34;336.75;9.72;1222;37;2879.00;123
6958;23;4187991;6958;480;8292;8532;5.90;0.37;336.72;9.59;1334;37;2880.00;240
6960;23;4188025;6960;475;8296;8533;5.95;0.37;336.71;9.59;1336;37;2881.00;237
6962;23;4188041;6962;452;8307;8533;5.98;0.37;336.70;9.58;1345;37;2882.00;226
6963;23;4188055;6963;455;8311;8533;5.99;0.37;336.68;9.57;1348;37;2883.00;222
6966;23;4188070;6966;453;8318;8533;6.02;0.37;336.90;9.57;1352;37;2884.00;215
6970;23;4188085;6970;446;8320;8533;5.98;0.37;337.06;9.57;1350;37;2885.00;213
6971;23;4188101;6971;453;8325;8533;5.99;0.37;337.07;9.57;1354;37;2886.00;208
6973;23;4188121;6973;453;8329;8533;6.01;0.37;337.04;9.57;1356;37;2887.00;204
6974;23;4188136;6974;457;8334;8534;6.01;0.37;337.01;9.56;1360;37;2888.00;200
6976;23;4188151;6976;469;8337;8535;6.02;0.37;337.08;9.56;1361;37;2889.00;198
6977;23;4188166;6977;469;8343;8535;6.00;0.37;337.12;9.62;1366;37;2890.00;192
6977;23;4188182;6977;479;8345;8536;6.03;0.37;337.12;9.62;1368;37;2891.00;191
6978;23;4188197;6978;493;8346;8536;6.00;0.37;337.13;9.62;1368;37;2892.00;190
6979;23;4188222;6979;500;8348;8536;6.00;0.37;337.15;9.62;1369;37;2893.00;188
6983;23;4188237;6983;501;8350;8536;5.99;0.37;337.19;9.62;1367;37;2894.00;186
6984;23;4188252;6984;503;8354;8540;5.95;0.37;337.24;9.62;1370;37;2895.00;186
6987;23;4188269;6987;501;8355;8540;5.93;0.36;337.28;9.62;1368;37;2896.00;185
6990;23;4188285;6990;505;8356;8540;5.89;0.36;337.38;9.62;1366;37;2897.00;184
6994;23;4188300;6994;505;8357;8543;5.87;0.36;337.48;9.62;1363;37;2898.00;186
6997;23;4188318;6997;489;8358;8543;5.86;0.36;337.48;9.62;1361;37;2899.00;185
6998;23;4188334;6998;481;8359;8543;5.87;0.36;337.50;9.62;1361;37;2900.00;184
7000;23;4188353;7000;483;8363;8547;5.87;0.36;337.63;9.62;1363;37;2901.00;184
7006;23;4188370;7006;479;8365;8548;5.85;0.36;337.62;9.63;1359;37;2902.00;183
7012;23;4188386;7012;476;8369;8548;5.87;0.36;337.61;9.63;1357;37;2903.00;179
7013;23;4188402;7013;483;8370;8552;5.95;0.36;337.63;9.63;1357;37;2904.00;182
7014;23;4188419;7014;482;8372;8552;6.00;0.36;337.64;9.63;1358;37;2905.00;180
7017;23;4188440;7017;475;8373;8552;5.99;0.36;337.76;9.63;1356;37;2906.00;179
7018;24;4188457;7018;469;8375;8553;5.98;0.36;337.77;9.63;1357;38;2907.00;178
7018;25;4188483;7018;472;8375;8553;5.98;0.36;337.77;9.63;1357;39;2908.00;178
7022;25;4188508;7022;470;8378;8559;5.97;0.36;337.75;9.63;1356;39;2909.00;181
7028;25;4188525;7028;465;8381;8559;5.91;0.36;337.80;9.68;1353;39;2910.00;178
7029;25;4188543;7029;471;8382;8560;5.94;0.36;337.82;9.68;1353;39;2911.00;178
7034;25;4188559;7034;469;8382;8560;5.90;0.36;337.82;9.68;1348;39;2912.00;178
7037;25;4188580;7037;475;8383;8560;5.89;0.36;337.89;9.69;1346;39;2913.00;177
7037;25;4188595;7037;481;8384;8560;5.89;0.36;337.89;9.69;1347;39;2914.00;176
7038;25;4188610;7038;475;8385;8560;5.85;0.36;338.00;9.69;1347;39;2915.00;175
7041;25;4188630;7041;483;8396;8572;5.86;0.36;338.03;9.68;1355;39;2916.00;176
7042;25;4188646;7042;480;8398;8572;5.85;0.36;338.02;9.68;1356;39;2917.00;174
7045;25;4188661;7045;473;8400;8572;5.84;0.36;338.15;9.68;1355;39;2918.00;172
7045;25;4188679;7045;477;8400;8572;5.87;0.36;338.15;9.68;1355;39;2919.00;172
7046;25;4188699;7046;480;8403;8572;5.88;0.36;338.22;9.69;1357;39;2920.00;169
7048;25;4188714;7048;482;8404;8572;5.89;0.36;338.18;9.70;1356;39;2921.00;168
7052;25;4188728;7052;477;8409;8576;5.86;0.36;338.18;9.74;1357;39;2922.00;167
7055;25;4188745;7055;469;8411;8576;5.83;0.36;338.35;9.75;1356;39;2923.00;165
7056;25;4188765;7056;468;8415;8580;5.83;0.36;338.36;9.75;1359;39;2924.00;165
7059;25;4188781;7059;465;8417;8582;5.78;0.35;338.50;9.74;1358;39;2925.00;165
7060;25;4188796;7060;472;8418;8582;5.79;0.35;338.60;9.75;1358;39;2926.00;164
7065;25;4188812;7065;482;8419;8582;5.78;0.35;338.72;9.75;1354;39;2927.00;163
7068;25;4188826;7068;481;8429;8595;5.77;0.35;338.71;9.74;1361;39;2928.00;166
7072;25;4188843;7072;484;8429;8595;5.77;0.35;338.73;9.74;1357;39;2929.00;166
7073;25;4188857;7073;483;8429;8595;5.83;0.36;338.83;9.74;1356;39;2930.00;166
7078;25;4188872;7078;487;8431;8596;5.83;0.36;339.03;9.75;1353;39;2931.00;165
7085;25;4188890;7085;489;8432;8597;5.82;0.36;339.08;9.79;1347;39;2932.00;165
7087;25;4188906;7087;484;8433;8597;5.84;0.36;339.10;9.80;1346;39;2933.00;164
7091;25;4188921;7091;485;8436;8600;5.83;0.36;339.20;9.80;1345;39;2934.00;164
7093;25;4188936;7093;486;8439;8600;5.80;0.35;339.24;9.91;1346;39;2935.00;161
7096;25;4188950;7096;496;8441;8600;5.82;0.36;339.34;9.91;1345;39;2936.00;159
7097;25;4188965;7097;506;8443;8600;5.83;0.36;339.30;10.01;1346;39;2937.00;157
7101;25;4188979;7101;506;8449;8606;5.86;0.36;339.40;10.01;1348;39;2938.00;157
7106;25;4188995;7106;514;8451;8606;5.82;0.35;339.61;10.11;1345;39;2939.00;155
7110;25;4189010;7110;515;8451;8606;5.81;0.35;339.75;10.11;1341;39;2940.00;155
7111;25;4189025;7111;519;8453;8606;5.78;0.35;339.75;10.17;1342;39;2941.00;153
7114;25;4189040;7114;523;8458;8610;5.77;0.35;339.77;10.16;1344;39;2942.00;152
7116;25;4189054;7116;531;8460;8611;5.77;0.35;340.01;10.21;1344;39;2943.00;151
7117;25;4189070;7117;530;8461;8611;5.76;0.35;339.99;10.26;1344;39;2944.00;150
7120;25;4189084;7120;531;8463;8612;5.72;0.35;340.08;10.31;1343;39;2945.00;149
7123;25;4189099;7123;533;8464;8612;5.67;0.35;340.12;10.36;1341;39;2946.00;148
7127;25;4189113;7127;542;8464;8612;5.64;0.34;340.08;10.36;1337;39;2947.00;148
7128;25;4189127;7128;534;8465;8612;5.61;0.34;340.07;10.40;1337;39;2948.00;147
7132;25;4189142;7132;542;8466;8612;5.55;0.34;340.10;10.45;1334;39;2949.00;146
7137;25;4189155;7137;540;8467;8612;5.48;0.33;340.17;10.50;1330;39;2950.00;145
7140;25;4189169;7140;548;8468;8612;5.44;0.33;340.32;10.54;1328;39;2951.00;144
7144;25;4189183;7144;552;8507;8682;5.51;0.34;340.24;10.50;1363;40;2952.00;175
7144;25;4189210;7144;551;8509;8683;5.46;0.33;340.24;10.49;1365;40;2953.00;174
7146;25;4189224;7146;545;8515;8683;5.40;0.33;340.42;10.49;1369;40;2954.00;168
7151;25;4189238;7151;538;8519;8683;5.35;0.33;340.40;10.58;1368;40;2955.00;164
7152;25;4189253;7152;540;8521;8683;5.30;0.32;340.50;10.58;1369;40;2956.00;162
7154;25;4189267;7154;535;8524;8683;5.29;0.32;340.58;10.67;1370;40;2957.00;159
7157;25;4189281;7157;539;8526;8683;5.29;0.32;340.69;10.66;1369;40;2958.00;157
7159;25;4189295;7159;535;8531;8683;5.32;0.32;340.81;10.71;1372;40;2959.00;152
7163;25;4189309;7163;544;8533;8684;5.34;0.33;340.73;10.71;1370;40;2960.00;151
7165;25;4189323;7165;547;8535;8685;5.36;0.33;340.70;10.71;1370;40;2961.00;150
7167;25;4189337;7167;557;8539;8685;5.36;0.33;340.80;10.79;1372;40;2962.00;146
7169;25;4189357;7169;556;8545;8689;5.33;0.32;340.79;10.88;1376;40;2963.00;144
7174;25;4189372;7174;561;8546;8689;5.26;0.32;340.88;10.87;1372;40;2964.00;143
7175;25;4189386;7175;571;8548;8689;5.25;0.32;341.01;10.96;1373;40;2965.00;141
7178;25;4189400;7178;574;8548;8689;5.18;0.32;341.05;10.96;1370;40;2966.00;141
7182;25;4189413;7182;582;8552;8695;5.14;0.31;341.13;10.95;1370;40;2967.00;143
7184;25;4189427;7184;582;8554;8695;5.01;0.31;341.12;11.04;1370;40;2968.00;141
7187;25;4189441;7187;594;8554;8695;4.87;0.30;341.34;11.04;1367;40;2969.00;141
7191;25;4189455;7191;580;8557;8701;4.75;0.29;341.32;11.04;1366;40;2970.00;144
7195;25;4189476;7195;577;8559;8701;4.65;0.29;341.42;11.12;1364;40;2971.00;142
7202;25;4189489;7202;578;8560;8701;4.55;0.28;341.53;11.12;1358;40;2972.00;141
7205;25;4189502;7205;576;8560;8702;4.47;0.27;341.68;11.12;1355;41;2973.00;142
7209;25;4189524;7209;582;8561;8703;4.40;0.27;341.81;11.12;1352;41;2974.00;142
7213;25;4189538;7213;587;8561;8703;4.34;0.27;341.98;11.12;1348;41;2975.00;142
7220;25;4189551;7220;588;8571;8716;4.38;0.27;341.90;11.11;1351;41;2976.00;145
7225;25;4189565;7225;580;8571;8716;4.38;0.27;341.94;11.11;1346;41;2977.00;145
7226;25;4189578;7226;584;8571;8716;4.44;0.27;342.01;11.11;1345;41;2978.00;145
7229;25;4189591;7229;582;8571;8717;4.46;0.27;342.06;11.11;1342;41;2979.00;146
7233;25;4189605;7233;576;8571;8717;4.43;0.27;342.06;11.11;1338;41;2980.00;146
7234;25;4189618;7234;578;8574;8721;4.48;0.28;342.07;11.10;1340;41;2981.00;147
7241;25;4189631;7241;573;8574;8721;4.43;0.27;342.00;11.10;1333;41;2982.00;147
7241;25;4189644;7241;572;8577;8725;4.47;0.28;342.00;11.10;1336;41;2983.00;148
7245;25;4189658;7245;575;8577;8725;4.43;0.27;341.97;11.10;1332;41;2984.00;148
7248;25;4189672;7248;566;8577;8725;4.40;0.27;341.96;11.10;1329;41;2985.00;148
7250;25;4189697;7250;569;8577;8725;4.38;0.27;341.90;11.10;1327;41;2986.00;148
7257;25;4189715;7257;577;8578;8725;4.29;0.26;342.01;11.10;1321;41;2987.00;147
7259;25;4189729;7259;576;8587;8737;4.38;0.27;341.94;11.09;1328;41;2988.00;150
7264;25;4189744;7264;575;8587;8737;4.36;0.27;341.87;11.09;1323;41;2989.00;150
7267;25;4189757;7267;580;8587;8737;4.38;0.27;341.80;11.09;1320;41;2990.00;150
7272;25;4189771;7272;584;8587;8737;4.38;0.27;341.85;11.09;1315;41;2991.00;150
7275;25;4189785;7275;588;8587;8737;4.42;0.27;341.78;11.09;1312;41;2992.00;150
7281;25;4189798;7281;582;8587;8737;4.39;0.27;341.71;11.09;1306;41;2993.00;150
7284;25;4189810;7284;573;8587;8738;4.35;0.27;341.74;11.09;1303;41;2994.00;151
7286;25;4189824;7286;575;8587;8738;4.32;0.27;341.78;11.09;1301;41;2995.00;151
7292;25;4189837;7292;581;8591;8744;4.26;0.26;341.92;11.09;1299;41;2996.00;153
7295;25;4189850;7295;582;8591;8745;4.20;0.26;341.88;11.09;1296;41;2997.00;154
7298;25;4189863;7298;596;8591;8745;4.13;0.26;341.92;11.09;1293;41;2998.00;154
7305;25;4189876;7305;596;8591;8745;4.04;0.25;341.77;11.09;1286;41;2999.00;154
7313;25;4189891;7313;598;8598;8765;3.97;0.24;341.78;11.08;1285;41;3000.00;167
7316;25;4189909;7316;602;8599;8765;3.96;0.24;341.84;11.08;1283;41;3001.00;166
7321;25;4189921;7321;603;8599;8765;3.93;0.24;341.78;11.08;1278;41;3002.00;166
7321;25;4189933;7321;601;8600;8766;3.95;0.24;341.78;11.08;1279;41;3003.00;166
7326;25;4189945;7326;604;8604;8770;3.98;0.24;341.86;11.07;1278;41;3004.00;166
7328;25;4189958;7328;606;8604;8770;3.96;0.24;341.83;11.07;1276;41;3005.00;166
7332;25;4189971;7332;607;8607;8773;3.95;0.24;341.95;11.07;1275;41;3006.00;166
7335;25;4189984;7335;598;8608;8773;3.95;0.24;342.00;11.08;1273;41;3007.00;165
7336;25;4189997;7336;589;8608;8773;3.97;0.24;341.96;11.08;1272;41;3008.00;165
7339;25;4190011;7339;570;8609;8773;3.98;0.24;341.96;11.08;1270;41;3009.00;164
7342;25;4190023;7342;570;8613;8777;3.96;0.24;341.96;11.08;1271;41;3010.00;164
7345;25;4190037;7345;561;8614;8777;3.99;0.24;341.89;11.08;1269;41;3011.00;163
7349;25;4190050;7349;554;8616;8777;3.99;0.24;341.97;11.08;1267;41;3012.00;161
7352;25;4190063;7352;553;8617;8777;3.99;0.24;342.01;11.08;1265;41;3013.00;160
7353;25;4190080;7353;547;8618;8778;4.02;0.25;342.02;11.08;1265;41;3014.00;160
7356;25;4190093;7356;552;8620;8780;4.06;0.25;342.05;11.09;1264;41;3015.00;160
7357;25;4190107;7357;543;8622;8780;4.10;0.25;342.05;11.09;1265;41;3016.00;158
7360;25;4190121;7360;539;8626;8781;4.11;0.25;342.14;11.09;1266;41;3017.00;155
7362;25;4190134;7362;528;8626;8781;4.11;0.25;342.14;11.09;1264;41;3018.00;155
7364;25;4190153;7364;526;8627;8781;4.13;0.25;342.14;11.09;1263;41;3019.00;154
7366;25;4190167;7366;521;8627;8781;4.14;0.25;342.13;11.09;1261;41;3020.00;154
7367;25;4190186;7367;515;8627;8781;4.14;0.25;342.14;11.09;1260;41;3021.00;154
7369;25;4190199;7369;513;8628;8781;4.17;0.25;342.21;11.09;1259;41;3022.00;153
7370;25;4190212;7370;511;8630;8781;4.23;0.26;342.26;11.09;1260;41;3023.00;151
7375;25;4190226;7375;521;8694;8908;4.57;0.28;342.30;11.01;1319;41;3024.00;214
7377;25;4190253;7377;511;8698;8909;4.62;0.28;342.35;11.01;1321;41;3025.00;211
7380;25;4190273;7380;490;8707;8909;4.70;0.29;342.49;11.06;1327;41;3026.00;202
7382;25;4190288;7382;477;8713;8909;4.75;0.29;342.52;11.05;1331;41;3027.00;196
7386;25;4190303;7386;464;8718;8909;4.83;0.30;342.84;11.05;1332;41;3028.00;191
7387;25;4190318;7387;461;8721;8909;4.92;0.30;342.89;11.05;1334;41;3029.00;188
7389;25;4190333;7389;461;8723;8909;4.97;0.31;343.01;11.05;1334;41;3030.00;186
7389;25;4190348;7389;449;8726;8909;5.04;0.31;343.01;11.05;1337;41;3031.00;183
7392;25;4190362;7392;458;8730;8910;5.07;0.31;343.05;11.05;1338;41;3032.00;180
7392;25;4190378;7392;457;8732;8911;5.08;0.31;343.05;11.05;1340;41;3033.00;179
7395;25;4190395;7395;455;8735;8911;5.12;0.32;343.01;11.04;1340;41;3034.00;176
7397;25;4190410;7397;464;8738;8912;5.12;0.32;343.13;11.05;1341;41;3035.00;174
7399;25;4190426;7399;464;8742;8912;5.11;0.31;343.17;11.05;1343;41;3036.00;170
7401;25;4190441;7401;455;8744;8912;5.15;0.32;343.19;11.05;1343;41;3037.00;168
7402;25;4190456;7402;448;8745;8912;5.21;0.32;343.16;11.05;1343;41;3038.00;167
7406;25;4190471;7406;446;8750;8916;5.22;0.32;343.39;11.05;1344;41;3039.00;166
7408;25;4190487;7408;450;8752;8916;5.25;0.32;343.42;11.05;1344;41;3040.00;164
7410;25;4190502;7410;442;8755;8916;5.25;0.32;343.45;11.05;1345;41;3041.00;161
7413;25;4190517;7413;445;8756;8919;5.29;0.32;343.48;11.05;1343;41;3042.00;163
7414;25;4190532;7414;443;8756;8919;5.33;0.33;343.48;11.05;1342;41;3043.00;163
7417;25;4190551;7417;437;8759;8919;5.39;0.33;343.58;11.11;1342;41;3044.00;160
7418;25;4190571;7418;437;8764;8923;5.44;0.33;343.58;11.10;1346;42;3045.00;159
7421;25;4190598;7421;431;8765;8924;5.49;0.34;343.63;11.10;1344;42;3046.00;159
7424;25;4190614;7424;435;8766;8924;5.52;0.34;343.63;11.10;1342;42;3047.00;158
7426;25;4190629;7426;443;8769;8928;5.59;0.34;343.77;11.10;1343;42;3048.00;159
7428;25;4190644;7428;438;8769;8928;5.59;0.34;343.91;11.10;1341;42;3049.00;159
7430;25;4190660;7430;440;8769;8928;5.59;0.34;343.99;11.10;1339;42;3050.00;159
7432;25;4190676;7432;439;8770;8929;5.63;0.34;343.92;11.10;1338;42;3051.00;159
7435;25;4190697;7435;448;8770;8929;5.60;0.34;344.01;11.10;1335;42;3052.00;159
7438;25;4190714;7438;451;8775;8935;5.61;0.34;344.03;11.09;1337;42;3053.00;160
7441;25;4190729;7441;457;8775;8935;5.57;0.34;344.26;11.09;1334;42;3054.00;160
7444;25;4190744;7444;456;8775;8936;5.56;0.34;344.37;11.09;1331;42;3055.00;161
7446;25;4190764;7446;461;8775;8936;5.53;0.34;344.52;11.09;1329;42;3056.00;161
7449;25;4190779;7449;453;8775;8936;5.50;0.33;344.61;11.09;1326;42;3057.00;161
7451;25;4190794;7451;458;8775;8936;5.46;0.33;344.71;11.09;1324;42;3058.00;161
7453;25;4190810;7453;459;8775;8936;5.47;0.33;344.74;11.09;1322;42;3059.00;161
7454;25;4190826;7454;452;8800;8972;5.53;0.34;344.79;11.06;1346;42;3060.00;172
7458;25;4190844;7458;450;8801;8972;5.53;0.34;344.93;11.06;1343;42;3061.00;171
7460;25;4190860;7460;436;8804;8972;5.57;0.34;344.90;11.05;1344;42;3062.00;168
7464;25;4190875;7464;432;8805;8972;5.56;0.34;344.98;11.05;1341;42;3063.00;167
7466;25;4190889;7466;444;8805;8972;5.57;0.34;345.08;11.05;1339;42;3064.00;167
7471;25;4190905;7471;436;8806;8972;5.58;0.34;345.09;11.05;1335;42;3065.00;166
7473;25;4190920;7473;432;8809;8976;5.59;0.34;345.07;11.05;1336;42;3066.00;167
7474;25;4190935;7474;434;8809;8976;5.65;0.34;345.19;11.05;1335;42;3067.00;167
7476;25;4190949;7476;428;8813;8980;5.69;0.34;345.26;11.04;1337;42;3068.00;167
7477;25;4190969;7477;426;8814;8981;5.74;0.35;345.26;11.04;1337;42;3069.00;167
7479;25;4190985;7479;425;8814;8981;5.75;0.35;345.40;11.04;1335;42;3070.00;167
7483;25;4190999;7483;419;8814;8981;5.73;0.35;345.48;11.04;1331;42;3071.00;167
7487;25;4191014;7487;424;8823;8994;5.73;0.35;345.68;11.03;1336;42;3072.00;171
7491;25;4191030;7491;421;8824;8994;5.72;0.35;345.74;11.03;1333;42;3073.00;170
7496;25;4191045;7496;415;8824;8994;5.72;0.35;345.79;11.03;1328;42;3074.00;170
7500;25;4191060;7500;419;8826;8995;5.73;0.35;345.77;11.08;1326;42;3075.00;169
7503;25;4191077;7503;414;8827;8996;5.74;0.35;345.80;11.13;1324;42;3076.00;169
7508;25;4191092;7508;410;8827;8996;5.73;0.35;345.86;11.13;1319;42;3077.00;169
7510;25;4191107;7510;406;8830;8999;5.75;0.35;345.82;11.13;1320;42;3078.00;169
7513;25;4191121;7513;414;8831;8999;5.80;0.35;345.85;11.13;1318;42;3079.00;168
7516;25;4191136;7516;410;8831;8999;5.79;0.35;346.01;11.13;1315;42;3080.00;168
7519;25;4191151;7519;411;8831;8999;5.75;0.35;346.07;11.13;1312;42;3081.00;168
7523;25;4191165;7523;410;8836;9005;5.77;0.35;346.04;11.12;1313;42;3082.00;169
7526;25;4191181;7526;425;8836;9005;5.70;0.35;346.21;11.12;1310;42;3083.00;169
7530;25;4191196;7530;426;8836;9005;5.68;0.34;346.28;11.12;1306;42;3084.00;169
7533;25;4191211;7533;434;8836;9005;5.66;0.34;346.33;11.12;1303;42;3085.00;169
7537;25;4191226;7537;438;8839;9009;5.59;0.34;346.39;11.12;1302;42;3086.00;170
7542;25;4191241;7542;436;8840;9010;5.55;0.34;346.47;11.12;1298;42;3087.00;170
7543;25;4191255;7543;442;8840;9010;5.55;0.34;346.47;11.12;1297;42;3088.00;170
7545;25;4191269;7545;443;8841;9011;5.55;0.34;346.49;11.12;1296;42;3089.00;170
7549;25;4191285;7549;452;8841;9011;5.57;0.34;346.57;11.12;1292;42;3090.00;170
7551;25;4191304;7551;449;8841;9011;5.62;0.34;346.53;11.12;1290;42;3091.00;170
7554;25;4191319;7554;446;8841;9011;5.59;0.34;346.52;11.12;1287;42;3092.00;170
7556;25;4191332;7556;443;8841;9011;5.59;0.34;346.62;11.12;1285;42;3093.00;170
7561;25;4191346;7561;445;8841;9011;5.54;0.34;346.77;11.12;1280;42;3094.00;170
7562;25;4191359;7562;443;8841;9011;5.49;0.33;346.76;11.12;1279;42;3095.00;170
7564;25;4191372;7564;443;8879;9081;5.56;0.34;346.84;11.07;1315;42;3096.00;202
7567;25;4191394;7567;436;8882;9082;5.52;0.34;346.87;11.07;1315;42;3097.00;200
7569;25;4191408;7569;431;8887;9082;5.51;0.34;346.97;11.06;1318;42;3098.00;195
7573;25;4191422;7573;432;8889;9082;5.47;0.33;347.19;11.06;1316;42;3099.00;193
7577;25;4191436;7577;436;8893;9082;5.46;0.33;347.34;11.11;1316;42;3100.00;189
7578;25;4191456;7578;441;8894;9082;5.49;0.34;347.40;11.11;1316;42;3101.00;188
7581;25;4191470;7581;446;8897;9082;5.50;0.34;347.42;11.16;1316;42;3102.00;185
7582;25;4191484;7582;446;8900;9082;5.51;0.34;347.43;11.16;1318;42;3103.00;182
7583;25;4191497;7583;449;8903;9083;5.52;0.34;347.51;11.16;1320;42;3104.00;180
7586;26;4191511;7586;459;8909;9085;5.49;0.34;347.50;11.21;1323;43;3105.00;176
7590;26;4191532;7590;466;8911;9085;5.52;0.34;347.58;11.21;1321;43;3106.00;174
7593;26;4191552;7593;474;8915;9089;5.46;0.33;347.71;11.26;1322;43;3107.00;174
7596;26;4191571;7596;483;8916;9089;5.43;0.33;347.73;11.26;1320;43;3108.00;173
7599;26;4191585;7599;490;8917;9089;5.41;0.33;347.78;11.26;1318;43;3109.00;172
7601;26;4191600;7601;491;8918;9089;5.40;0.33;347.84;11.31;1317;43;3110.00;171
7603;26;4191613;7603;501;8923;9095;5.41;0.33;347.95;11.30;1320;43;3111.00;172
7607;26;4191628;7607;509;8924;9095;5.35;0.33;348.10;11.35;1317;43;3112.00;171
7609;26;4191642;7609;516;8924;9095;5.33;0.33;348.22;11.35;1315;43;3113.00;171
7611;26;4191656;7611;522;8927;9098;5.31;0.32;348.19;11.35;1316;43;3114.00;171
7613;26;4191669;7613;531;8927;9098;5.23;0.32;348.27;11.35;1314;43;3115.00;171
7618;26;4191682;7618;539;8928;9098;5.13;0.31;348.46;11.40;1310;43;3116.00;170
7621;26;4191695;7621;547;8928;9099;5.00;0.31;348.62;11.40;1307;43;3117.00;171
7623;26;4191709;7623;554;8931;9100;4.92;0.30;348.74;11.50;1308;43;3118.00;169
7625;26;4191722;7625;553;8931;9100;4.85;0.30;348.70;11.50;1306;43;3119.00;169
7631;26;4191736;7631;549;8949;9126;4.79;0.29;348.61;11.58;1318;43;3120.00;177
7632;26;4191753;7632;544;8950;9126;4.78;0.29;348.61;11.58;1318;43;3121.00;176
7635;26;4191766;7635;537;8953;9126;4.84;0.30;348.54;11.58;1318;43;3122.00;173
7638;26;4191779;7638;545;8958;9127;4.87;0.30;348.48;11.68;1320;43;3123.00;169
7639;26;4191793;7639;542;8958;9127;4.87;0.30;348.47;11.68;1319;43;3124.00;169
7640;26;4191806;7640;547;8962;9131;4.89;0.30;348.55;11.67;1322;43;3125.00;169
7644;26;4191819;7644;547;8962;9131;4.84;0.30;348.52;11.67;1318;43;3126.00;169
7646;26;4191831;7646;554;8965;9135;4.80;0.30;348.47;11.67;1319;43;3127.00;170
7649;26;4191845;7649;553;8965;9135;4.78;0.29;348.61;11.67;1316;43;3128.00;170
7652;26;4191858;7652;553;8965;9135;4.74;0.29;348.67;11.67;1313;43;3129.00;170
7655;26;4191870;7655;560;8965;9135;4.69;0.29;348.62;11.67;1310;43;3130.00;170
7659;26;4191883;7659;564;8965;9135;4.61;0.28;348.64;11.67;1306;43;3131.00;170
7662;26;4191895;7662;565;8975;9147;4.60;0.28;348.62;11.66;1313;43;3132.00;172
7665;26;4191908;7665;571;8975;9147;4.49;0.28;348.55;11.66;1310;43;3133.00;172
7669;26;4191921;7669;569;8976;9147;4.39;0.27;348.62;11.65;1307;43;3134.00;171
7675;26;4191933;7675;560;8976;9147;4.24;0.26;348.66;11.65;1301;43;3135.00;171
7679;26;4191945;7679;554;8976;9147;4.17;0.26;348.52;11.65;1297;43;3136.00;171
7682;26;4191957;7682;556;8976;9147;4.13;0.25;348.46;11.65;1294;43;3137.00;171
7684;26;4191968;7684;551;8976;9148;4.10;0.25;348.51;11.65;1292;43;3138.00;172
7687;26;4191980;7687;549;8976;9148;4.04;0.25;348.55;11.65;1289;43;3139.00;172
7689;26;4191992;7689;541;8981;9154;4.14;0.25;348.54;11.65;1292;43;3140.00;173
7691;26;4192005;7691;537;8982;9155;4.15;0.26;348.56;11.65;1291;43;3141.00;173
7693;26;4192017;7693;536;8982;9155;4.14;0.25;348.49;11.65;1289;43;3142.00;173
7700;26;4192030;7700;530;8982;9155;4.09;0.25;348.42;11.65;1282;43;3143.00;173
7704;26;4192042;7704;527;8985;9159;4.07;0.25;348.41;11.64;1281;43;3144.00;174
7706;26;4192055;7706;520;8985;9159;4.04;0.25;348.33;11.64;1279;43;3145.00;174
7707;26;4192067;7707;519;8985;9159;4.01;0.25;348.33;11.64;1278;43;3146.00;174
7709;26;4192079;7709;522;8986;9160;3.99;0.24;348.34;11.64;1277;43;3147.00;174
7711;26;4192092;7711;514;8989;9164;3.99;0.24;348.28;11.64;1278;43;3148.00;175
7715;26;4192104;7715;515;8989;9164;3.98;0.24;348.21;11.64;1274;43;3149.00;175
7717;26;4192118;7717;516;8993;9170;4.03;0.25;348.17;11.63;1276;43;3150.00;177
7722;26;4192131;7722;525;8993;9170;4.06;0.25;348.22;11.63;1271;43;3151.00;177
7723;26;4192144;7723;519;8995;9170;4.12;0.25;348.19;11.63;1272;43;3152.00;175
7727;26;4192157;7727;522;8995;9170;4.13;0.25;348.12;11.63;1268;43;3153.00;175
7731;26;4192169;7731;505;8999;9174;4.15;0.25;348.08;11.63;1268;43;3154.00;175
7733;26;4192182;7733;493;8999;9174;4.19;0.26;348.07;11.63;1266;43;3155.00;175
7737;26;4192194;7737;482;8999;9174;4.19;0.26;348.01;11.63;1262;43;3156.00;175
7740;26;4192207;7740;478;8999;9174;4.20;0.26;347.97;11.63;1259;43;3157.00;175
7743;26;4192221;7743;476;8999;9175;4.17;0.25;347.93;11.63;1256;43;3158.00;176
7746;26;4192234;7746;470;9000;9176;4.20;0.26;347.94;11.63;1254;43;3159.00;176
7747;26;4192247;7747;466;9000;9176;4.22;0.26;347.94;11.63;1253;43;3160.00;176
7748;26;4192260;7748;463;9001;9177;4.31;0.26;347.97;11.62;1253;43;3161.00;176
7752;26;4192273;7752;462;9001;9177;4.34;0.27;347.98;11.62;1249;43;3162.00;176
7755;26;4192286;7755;465;9001;9177;4.39;0.27;347.92;11.62;1246;43;3163.00;176
7756;26;4192299;7756;459;9001;9177;4.45;0.27;347.90;11.62;1245;43;3164.00;176
7758;26;4192312;7758;463;9001;9177;4.47;0.27;347.88;11.62;1243;43;3165.00;176
7761;26;4192331;7761;456;9001;9177;4.51;0.28;347.93;11.62;1240;43;3166.00;176
7764;26;4192345;7764;456;9001;9177;4.53;0.28;347.91;11.62;1237;43;3167.00;176
7769;26;4192358;7769;461;9071;9304;4.88;0.30;347.99;11.54;1302;43;3168.00;233
7772;26;4192384;7772;459;9074;9305;4.87;0.30;348.02;11.53;1302;43;3169.00;231
7774;26;4192398;7774;463;9079;9305;4.90;0.30;347.99;11.53;1305;43;3170.00;226
7777;26;4192413;7777;465;9083;9305;4.91;0.30;347.98;11.52;1306;43;3171.00;222
7780;26;4192426;7780;467;9089;9305;4.97;0.31;347.97;11.52;1309;43;3172.00;216
7783;26;4192440;7783;461;9090;9305;4.96;0.31;348.01;11.52;1307;43;3173.00;215
7788;26;4192454;7788;461;9094;9305;4.98;0.31;348.09;11.51;1306;43;3174.00;211
7790;26;4192468;7790;461;9096;9305;5.01;0.31;348.18;11.51;1306;43;3175.00;209
7794;26;4192481;7794;467;9098;9306;4.98;0.31;348.19;11.51;1304;43;3176.00;208
7798;26;4192494;7798;474;9101;9307;4.92;0.30;348.19;11.51;1303;43;3177.00;206
7802;26;4192508;7802;476;9103;9307;4.83;0.30;348.28;11.51;1301;43;3178.00;204
7803;26;4192522;7803;481;9106;9308;4.78;0.29;348.27;11.51;1303;43;3179.00;202
7808;26;4192538;7808;488;9109;9308;4.74;0.29;348.29;11.51;1301;43;3180.00;199
7810;26;4192553;7810;495;9110;9308;4.73;0.29;348.31;11.51;1300;43;3181.00;198
7811;26;4192567;7811;494;9114;9308;4.76;0.29;348.30;11.51;1303;43;3182.00;194
7814;26;4192581;7814;487;9118;9312;4.80;0.30;348.32;11.51;1304;43;3183.00;194
7818;26;4192596;7818;489;9120;9312;4.85;0.30;348.39;11.51;1302;43;3184.00;192
7821;26;4192611;7821;487;9120;9312;4.89;0.30;348.47;11.51;1299;43;3185.00;192
7824;26;4192626;7824;481;9122;9315;4.87;0.30;348.59;11.51;1298;43;3186.00;193
7826;26;4192640;7826;483;9123;9315;4.87;0.30;348.58;11.51;1297;43;3187.00;192
7829;26;4192655;7829;479;9123;9315;4.85;0.30;348.72;11.51;1294;43;3188.00;192
7835;26;4192669;7835;481;9128;9319;4.82;0.29;348.91;11.51;1293;43;3189.00;191
7838;26;4192689;7838;483;9130;9320;4.82;0.29;348.96;11.51;1292;43;3190.00;190
7841;26;4192702;7841;466;9133;9322;4.81;0.29;349.13;11.50;1292;43;3191.00;189
7844;26;4192717;7844;451;9135;9326;4.85;0.30;349.14;11.50;1291;43;3192.00;191
7848;26;4192732;7848;445;9136;9326;4.87;0.30;349.16;11.50;1288;43;3193.00;190
7849;26;4192746;7849;438;9137;9326;4.94;0.30;349.20;11.50;1288;43;3194.00;189
7850;26;4192760;7850;431;9139;9328;4.99;0.30;349.34;11.50;1289;43;3195.00;189
7851;26;4192775;7851;424;9139;9328;5.06;0.31;349.40;11.50;1288;43;3196.00;189
7854;26;4192790;7854;425;9144;9334;5.05;0.31;349.41;11.49;1290;43;3197.00;190
7857;26;4192805;7857;431;9144;9334;5.04;0.31;349.44;11.49;1287;43;3198.00;190
7857;26;4192821;7857;426;9144;9335;5.08;0.31;349.44;11.49;1287;43;3199.00;191
7859;26;4192835;7859;429;9144;9335;5.09;0.31;349.49;11.49;1285;43;3200.00;191
7861;26;4192854;7861;424;9144;9335;5.11;0.31;349.55;11.49;1283;43;3201.00;191
7866;26;4192870;7866;421;9144;9335;5.14;0.31;349.84;11.49;1278;43;3202.00;191
7867;26;4192886;7867;423;9144;9335;5.15;0.31;349.82;11.49;1277;43;3203.00;191
7869;26;4192901;7869;417;9154;9347;5.22;0.32;349.88;11.48;1285;43;3204.00;193
7873;26;4192917;7873;414;9154;9347;5.21;0.32;349.96;11.48;1281;43;3205.00;193
7874;26;4192932;7874;416;9155;9347;5.22;0.32;350.09;11.48;1281;43;3206.00;192
7876;26;4192946;7876;414;9155;9347;5.23;0.32;350.15;11.48;1279;43;3207.00;192
7880;26;4192960;7880;415;9155;9347;5.22;0.32;350.47;11.48;1275;43;3208.00;192
7882;26;4192974;7882;419;9155;9347;5.22;0.32;350.54;11.48;1273;43;3209.00;192
7884;26;4192990;7884;420;9158;9351;5.24;0.32;350.50;11.47;1274;43;3210.00;193
7886;26;4193004;7886;423;9158;9351;5.29;0.32;350.46;11.47;1272;43;3211.00;193
7887;26;4193020;7887;420;9162;9355;5.30;0.32;350.47;11.47;1275;43;3212.00;193
7889;26;4193035;7889;420;9163;9356;5.31;0.32;350.57;11.47;1274;43;3213.00;193
7890;26;4193051;7890;428;9163;9356;5.29;0.32;350.60;11.47;1273;43;3214.00;193
7894;26;4193067;7894;424;9163;9356;5.31;0.32;350.75;11.47;1269;43;3215.00;193
7896;26;4193082;7896;427;9174;9369;5.36;0.33;350.78;11.45;1278;43;3216.00;195
7898;26;4193097;7898;422;9175;9369;5.40;0.33;350.88;11.53;1277;43;3217.00;194
7899;26;4193114;7899;428;9175;9369;5.45;0.33;350.95;11.53;1276;43;3218.00;194
7902;26;4193129;7902;434;9176;9370;5.45;0.33;351.15;11.53;1274;43;3219.00;194
7903;26;4193144;7903;438;9176;9371;5.49;0.33;351.17;11.53;1273;43;3220.00;195
7906;26;4193158;7906;444;9176;9371;5.52;0.34;351.19;11.53;1270;43;3221.00;195
7908;26;4193173;7908;449;9178;9374;5.50;0.33;351.26;11.53;1270;43;3222.00;196
7910;26;4193188;7910;453;9178;9374;5.47;0.33;351.33;11.53;1268;43;3223.00;196
7913;26;4193202;7913;452;9179;9374;5.41;0.33;351.42;11.52;1266;43;3224.00;195
7914;26;4193218;7914;445;9179;9374;5.37;0.33;351.47;11.52;1265;43;3225.00;195
7919;26;4193232;7919;446;9184;9380;5.32;0.32;351.50;11.52;1265;43;3226.00;196
7920;26;4193248;7920;447;9184;9380;5.30;0.32;351.54;11.52;1264;43;3227.00;196
7924;26;4193263;7924;437;9184;9380;5.31;0.32;351.56;11.52;1260;43;3228.00;196
7924;26;4193278;7924;433;9184;9380;5.34;0.32;351.56;11.52;1260;43;3229.00;196
7925;26;4193292;7925;426;9187;9384;5.32;0.32;351.56;11.52;1262;43;3230.00;197
7929;26;4193307;7929;423;9188;9385;5.37;0.33;351.70;11.51;1259;43;3231.00;197
7934;26;4193321;7934;419;9188;9385;5.42;0.33;351.81;11.51;1254;43;3232.00;197
7937;26;4193335;7937;416;9189;9386;5.45;0.33;351.91;11.51;1252;43;3233.00;197
7939;26;4193349;7939;414;9189;9386;5.48;0.33;351.93;11.51;1250;43;3234.00;197
7942;26;4193363;7942;408;9189;9386;5.46;0.33;352.01;11.51;1247;43;3235.00;197
7944;26;4193377;7944;410;9189;9386;5.45;0.33;351.99;11.51;1245;43;3236.00;197
7946;26;4193392;7946;396;9189;9386;5.43;0.33;352.05;11.51;1243;43;3237.00;197
7950;26;4193405;7950;403;9189;9386;5.40;0.33;352.12;11.51;1239;43;3238.00;197
7955;26;4193418;7955;400;9189;9386;5.33;0.32;352.21;11.51;1234;43;3239.00;197
7958;26;4193434;7958;406;9246;9511;5.50;0.34;352.22;11.57;1288;43;3240.00;265
7962;26;4193459;7962;408;9248;9512;5.50;0.34;352.37;11.56;1286;43;3241.00;264
7964;26;4193473;7964;418;9259;9512;5.52;0.34;352.35;11.55;1295;43;3242.00;253
7968;26;4193487;7968;409;9260;9512;5.43;0.33;352.37;11.55;1292;43;3243.00;252
7973;26;4193508;7973;409;9268;9512;5.39;0.33;352.57;11.54;1295;43;3244.00;244
7975;26;4193522;7975;415;9274;9512;5.39;0.33;352.52;11.54;1299;43;3245.00;238
7980;26;4193536;7980;407;9279;9512;5.34;0.33;352.62;11.54;1299;43;3246.00;233
7982;26;4193551;7982;406;9283;9512;5.33;0.33;352.76;11.54;1301;43;3247.00;229
7983;26;4193565;7983;422;9287;9513;5.36;0.33;352.72;11.53;1304;43;3248.00;226
7985;26;4193580;7985;416;9291;9514;5.37;0.33;352.86;11.53;1306;43;3249.00;223
7988;26;4193594;7988;419;9297;9514;5.38;0.33;352.94;11.53;1309;43;3250.00;217
7991;26;4193609;7991;425;9300;9518;5.35;0.33;353.01;11.53;1309;43;3251.00;218
7995;26;4193624;7995;422;9301;9518;5.31;0.33;353.19;11.53;1306;43;3252.00;217
7997;26;4193639;7997;424;9301;9518;5.29;0.32;353.19;11.53;1304;43;3253.00;217
8001;26;4193654;8001;418;9301;9518;5.23;0.32;353.15;11.53;1300;43;3254.00;217
8002;26;4193669;8002;435;9306;9524;5.21;0.32;353.13;11.52;1304;43;3255.00;218
8006;26;4193684;8006;437;9306;9524;5.16;0.32;353.21;11.52;1300;43;3256.00;218
8009;26;4193698;8009;442;9306;9524;5.09;0.31;353.44;11.52;1297;43;3257.00;218
8012;26;4193713;8012;444;9308;9527;4.99;0.31;353.43;11.52;1296;43;3258.00;219
8013;26;4193733;8013;450;9308;9527;4.90;0.30;353.45;11.52;1295;43;3259.00;219
8016;26;4193746;8016;454;9308;9527;4.84;0.30;353.51;11.52;1292;43;3260.00;219
8019;26;4193760;8019;468;9308;9528;4.76;0.29;353.56;11.52;1289;43;3261.00;220
8020;26;4193773;8020;470;9310;9529;4.75;0.29;353.57;11.52;1290;43;3262.00;219
8022;26;4193788;8022;473;9310;9529;4.72;0.29;353.52;11.52;1288;43;3263.00;219
8025;26;4193802;8025;479;9320;9542;4.71;0.29;353.50;11.57;1295;43;3264.00;222
8027;26;4193818;8027;481;9321;9542;4.75;0.29;353.50;11.57;1294;43;3265.00;221
8027;26;4193832;8027;492;9321;9542;4.74;0.29;353.50;11.57;1294;43;3266.00;221
8029;26;4193846;8029;491;9323;9543;4.74;0.29;353.43;11.63;1294;43;3267.00;220
8032;26;4193861;8032;499;9323;9543;4.72;0.29;353.37;11.63;1291;43;3268.00;220
8034;26;4193876;8034;508;9328;9547;4.67;0.29;353.34;11.68;1294;43;3269.00;219
8036;26;4193892;8036;517;9328;9547;4.63;0.29;353.30;11.68;1292;43;3270.00;219
8039;26;4193906;8039;523;9332;9551;4.60;0.28;353.29;11.74;1293;43;3271.00;219
8039;26;4193920;8039;534;9333;9551;4.57;0.28;353.29;11.74;1294;43;3272.00;218
8041;26;4193934;8041;537;9334;9551;4.54;0.28;353.23;11.80;1293;43;3273.00;217
8042;26;4193947;8042;547;9334;9551;4.51;0.28;353.23;11.80;1292;43;3274.00;217
8042;26;4193961;8042;548;9334;9551;4.49;0.28;353.23;11.80;1292;43;3275.00;217
8046;26;4193974;8046;554;9343;9563;4.52;0.28;353.13;11.79;1297;43;3276.00;220
8048;26;4193988;8048;564;9345;9563;4.45;0.27;353.10;11.91;1297;43;3277.00;218
8050;26;4194003;8050;571;9347;9563;4.42;0.27;353.02;11.91;1297;43;3278.00;216
8053;26;4194016;8053;571;9349;9563;4.40;0.27;353.12;12.03;1296;43;3279.00;214
8055;26;4194034;8055;578;9350;9563;4.39;0.27;353.05;12.09;1295;43;3280.00;213
8058;26;4194047;8058;585;9351;9563;4.38;0.27;353.00;12.15;1293;43;3281.00;212
8060;26;4194060;8060;588;9351;9564;4.34;0.27;353.03;12.15;1291;43;3282.00;213
8060;26;4194073;8060;597;9351;9564;4.29;0.26;353.03;12.15;1291;43;3283.00;213
8062;26;4194084;8062;597;9358;9570;4.28;0.26;353.04;12.26;1296;43;3284.00;212
8063;26;4194097;8063;602;9360;9572;4.23;0.26;353.00;12.26;1297;43;3285.00;212
8064;26;4194110;8064;600;9362;9572;4.20;0.26;353.10;12.37;1298;43;3286.00;210
8065;26;4194123;8065;603;9362;9572;4.14;0.25;353.10;12.37;1297;43;3287.00;210
8066;26;4194136;8066;605;9366;9576;4.12;0.25;353.10;12.43;1300;43;3288.00;210
8068;26;4194149;8068;611;9367;9576;4.06;0.25;353.03;12.48;1299;43;3289.00;209
8068;26;4194162;8068;613;9367;9576;4.02;0.25;353.03;12.48;1299;43;3290.00;209
8071;26;4194174;8071;617;9370;9577;3.99;0.24;352.97;12.60;1299;43;3291.00;207
8073;26;4194187;8073;625;9373;9581;3.95;0.24;352.93;12.59;1300;43;3292.00;208
8076;26;4194199;8076;622;9373;9581;3.95;0.24;352.92;12.59;1297;43;3293.00;208
8077;26;4194211;8077;627;9375;9584;3.95;0.24;352.89;12.59;1298;43;3294.00;209
8077;26;4194223;8077;626;9375;9584;3.94;0.24;352.89;12.59;1298;43;3295.00;209
8081;26;4194234;8081;626;9376;9584;3.91;0.24;352.90;12.59;1295;43;3296.00;208
8084;26;4194246;8084;630;9378;9584;3.82;0.23;352.85;12.71;1294;43;3297.00;206
8084;26;4194258;8084;628;9382;9588;3.82;0.23;352.85;12.70;1298;43;3298.00;206
8087;26;4194269;8087;629;9382;9588;3.73;0.23;352.89;12.70;1295;43;3299.00;206
8088;26;4194283;8088;622;9387;9607;3.65;0.22;352.86;12.70;1299;43;3300.00;220
8091;26;4194300;8091;596;9387;9607;3.59;0.22;352.92;12.70;1296;43;3301.00;220
8093;26;4194312;8093;580;9387;9608;3.58;0.22;352.86;12.70;1294;43;3302.00;221
8096;26;4194324;8096;579;9388;9609;3.61;0.22;352.86;12.69;1292;43;3303.00;221
8098;26;4194336;8098;571;9388;9609;3.63;0.22;352.88;12.69;1290;43;3304.00;221
8101;26;4194348;8101;565;9389;9610;3.65;0.22;352.87;12.69;1288;43;3305.00;221
8102;26;4194360;8102;560;9391;9610;3.70;0.23;352.89;12.69;1289;43;3306.00;219
8106;26;4194373;8106;542;9391;9610;3.74;0.23;352.94;12.69;1285;43;3307.00;219
8108;26;4194385;8108;530;9391;9610;3.78;0.23;352.96;12.69;1283;43;3308.00;219
8110;26;4194398;8110;523;9391;9610;3.85;0.24;352.99;12.69;1281;43;3309.00;219
8110;26;4194411;8110;515;9391;9610;3.96;0.24;352.99;12.69;1281;43;3310.00;219
8113;26;4194422;8113;519;9391;9610;4.00;0.24;352.96;12.69;1278;43;3311.00;219
8116;26;4194435;8116;516;9456;9737;4.45;0.28;352.94;12.61;1340;43;3312.00;281
8118;26;4194459;8118;505;9458;9738;4.49;0.28;352.90;12.61;1340;43;3313.00;280
8121;26;4194471;8121;505;9466;9738;4.49;0.28;352.89;12.60;1345;43;3314.00;272
8123;26;4194485;8123;501;9467;9738;4.54;0.28;352.84;12.60;1344;43;3315.00;271
8126;26;4194503;8126;500;9473;9738;4.58;0.28;352.79;12.59;1347;43;3316.00;265
8128;26;4194517;8128;503;9474;9738;4.64;0.29;352.78;12.59;1346;43;3317.00;264
8128;26;4194530;8128;491;9481;9738;4.74;0.29;352.78;12.59;1353;43;3318.00;257
8131;26;4194544;8131;499;9483;9738;4.78;0.30;352.74;12.59;1352;43;3319.00;255
8133;26;4194558;8133;492;9486;9739;4.82;0.30;352.73;12.58;1353;43;3320.00;253
8134;26;4194572;8134;486;9489;9740;4.85;0.30;352.71;12.58;1355;43;3321.00;251
8139;26;4194586;8139;485;9491;9740;4.80;0.30;352.64;12.58;1352;43;3322.00;249
8143;26;4194600;8143;500;9495;9741;4.78;0.29;352.70;12.58;1352;43;3323.00;246
8149;26;4194615;8149;508;9499;9741;4.72;0.29;352.86;12.58;1350;43;3324.00;242
8152;26;4194629;8152;511;9502;9741;4.73;0.29;352.86;12.58;1350;43;3325.00;239
8155;26;4194642;8155;508;9503;9741;4.73;0.29;352.81;12.58;1348;43;3326.00;238
8160;26;4194656;8160;504;9506;9745;4.69;0.29;352.77;12.58;1346;43;3327.00;239
8161;26;4194671;8161;505;9507;9745;4.64;0.28;352.79;12.58;1346;43;3328.00;238
8164;26;4194686;8164;503;9512;9745;4.60;0.28;352.84;12.59;1348;43;3329.00;233
8170;26;4194701;8170;517;9514;9751;4.60;0.28;352.83;12.58;1344;43;3330.00;237
8177;26;4194715;8177;519;9517;9751;4.54;0.28;352.88;12.59;1340;43;3331.00;234
8180;26;4194730;8180;516;9517;9751;4.53;0.28;352.88;12.59;1337;43;3332.00;234
8182;26;4194743;8182;519;9521;9755;4.55;0.28;352.88;12.58;1339;43;3333.00;234
8186;26;4194758;8186;522;9525;9756;4.53;0.28;352.89;12.58;1339;43;3334.00;231
8188;26;4194772;8188;520;9526;9756;4.52;0.27;352.86;12.59;1338;43;3335.00;230
8190;26;4194792;8190;517;9529;9760;4.52;0.28;352.87;12.58;1339;43;3336.00;231
8196;26;4194806;8196;524;9532;9760;4.51;0.27;352.98;12.67;1336;43;3337.00;228
8198;26;4194822;8198;522;9533;9760;4.55;0.28;353.00;12.67;1335;43;3338.00;227
8202;26;4194835;8202;521;9535;9761;4.55;0.28;352.99;12.67;1333;43;3339.00;226
8206;26;4194849;8206;527;9538;9761;4.54;0.27;353.03;12.67;1332;43;3340.00;223
8209;26;4194863;8209;528;9543;9767;4.46;0.27;353.00;12.66;1334;43;3341.00;224
8213;26;4194878;8213;532;9544;9767;4.40;0.27;353.03;12.66;1331;43;3342.00;223
8215;26;4194891;8215;529;9544;9768;4.37;0.26;353.06;12.66;1329;43;3343.00;224
8216;26;4194905;8216;541;9544;9768;4.37;0.27;353.07;12.66;1328;43;3344.00;224
8220;26;4194918;8220;540;9545;9768;4.31;0.26;353.21;12.66;1325;43;3345.00;223
8222;26;4194937;8222;542;9545;9768;4.31;0.26;353.22;12.66;1323;43;3346.00;223
8225;26;4194951;8225;530;9545;9768;4.33;0.26;353.34;12.66;1320;43;3347.00;223
8227;26;4194964;8227;527;9555;9780;4.36;0.27;353.47;12.65;1328;43;3348.00;225
8230;26;4194979;8230;521;9556;9780;4.36;0.26;353.50;12.65;1326;43;3349.00;224
8234;26;4194993;8234;509;9556;9780;4.37;0.27;353.61;12.65;1322;43;3350.00;224
8237;26;4195007;8237;508;9556;9780;4.35;0.27;353.66;12.65;1319;43;3351.00;224
8239;26;4195021;8239;497;9556;9780;4.38;0.27;353.77;12.65;1317;43;3352.00;224
8241;26;4195035;8241;499;9557;9780;4.43;0.27;353.77;12.74;1316;43;3353.00;223
8244;26;4195055;8244;507;9560;9784;4.49;0.27;353.84;12.73;1316;43;3354.00;224
8248;26;4195069;8248;506;9560;9784;4.50;0.27;353.97;12.73;1312;43;3355.00;224
8249;26;4195083;8249;496;9564;9788;4.57;0.28;354.02;12.73;1315;43;3356.00;224
8251;26;4195098;8251;484;9565;9789;4.66;0.28;354.08;12.73;1314;43;3357.00;224
8254;26;4195113;8254;463;9565;9789;4.72;0.29;354.05;12.73;1311;43;3358.00;224
8256;26;4195127;8256;453;9565;9789;4.76;0.29;354.19;12.73;1309;43;3359.00;224
8259;26;4195159;8259;444;9589;9818;4.83;0.29;354.32;12.69;1330;43;3360.00;229
8262;26;4195182;8262;436;9589;9818;4.87;0.30;354.33;12.69;1327;43;3361.00;229
8262;26;4195198;8262;437;9590;9818;4.96;0.30;354.33;12.69;1328;43;3362.00;228
8264;26;4195213;8264;431;9591;9819;5.03;0.31;354.41;12.69;1327;43;3363.00;228
8265;26;4195228;8265;437;9591;9820;5.08;0.31;354.50;12.69;1326;43;3364.00;229
8267;26;4195243;8267;440;9591;9820;5.09;0.31;354.55;12.69;1324;43;3365.00;229
8269;26;4195257;8269;442;9593;9823;5.10;0.31;354.60;12.69;1324;43;3366.00;230
8273;26;4195272;8273;447;9593;9823;5.06;0.31;354.81;12.69;1320;43;3367.00;230
8275;26;4195287;8275;447;9594;9823;5.06;0.31;354.88;12.69;1319;43;3368.00;229
8279;26;4195302;8279;453;9595;9823;5.06;0.31;354.98;12.77;1316;43;3369.00;228
8284;26;4195317;8284;450;9600;9829;5.10;0.31;355.03;12.77;1316;43;3370.00;229
8287;26;4195333;8287;449;9600;9829;5.09;0.31;355.12;12.77;1313;43;3371.00;229
8288;26;4195347;8288;444;9600;9829;5.08;0.31;355.16;12.77;1312;43;3372.00;229
8291;26;4195361;8291;443;9600;9829;5.05;0.31;355.27;12.77;1309;43;3373.00;229
8293;26;4195376;8293;438;9604;9833;5.03;0.31;355.30;12.85;1311;43;3374.00;229
8296;26;4195391;8296;448;9606;9835;5.01;0.30;355.34;12.85;1310;43;3375.00;229
8299;26;4195407;8299;445;9606;9835;5.03;0.31;355.44;12.85;1307;43;3376.00;229
8304;26;4195422;8304;444;9607;9836;5.03;0.31;355.63;12.85;1303;44;3377.00;229
8307;26;4195445;8307;443;9607;9836;5.03;0.31;355.58;12.85;1300;44;3378.00;229
8308;26;4195460;8308;442;9607;9836;5.04;0.31;355.56;12.85;1299;44;3379.00;229
8311;26;4195475;8311;449;9607;9836;5.00;0.30;355.65;12.85;1296;44;3380.00;229
8312;26;4195489;8312;456;9607;9836;4.99;0.30;355.65;12.85;1295;44;3381.00;229
8316;26;4195503;8316;464;9607;9836;4.97;0.30;355.80;12.85;1291;44;3382.00;229
8322;26;4195517;8322;469;9607;9836;4.94;0.30;355.98;12.85;1285;44;3383.00;229
8323;26;4195532;8323;482;9646;9906;5.01;0.30;355.99;12.80;1323;44;3384.00;260
8326;26;4195551;8326;470;9646;9907;5.04;0.31;356.03;12.80;1320;44;3385.00;261
8332;26;4195570;8332;467;9650;9907;5.02;0.30;356.24;12.79;1318;44;3386.00;257
8333;26;4195585;8333;469;9650;9907;5.03;0.31;356.26;12.79;1317;44;3387.00;257
8335;26;4195599;8335;479;9653;9907;5.05;0.31;356.30;12.79;1318;44;3388.00;254
8337;26;4195618;8337;483;9655;9907;5.04;0.31;356.30;12.88;1318;44;3389.00;252
8338;26;4195634;8338;480;9658;9907;5.06;0.31;356.29;12.88;1320;44;3390.00;249
8338;26;4195647;8338;481;9661;9907;5.14;0.31;356.29;12.87;1323;44;3391.00;246
8341;26;4195661;8341;483;9663;9908;5.10;0.31;356.24;12.87;1322;44;3392.00;245
8344;26;4195675;8344;486;9666;9909;5.06;0.31;356.41;12.87;1322;44;3393.00;243
8344;26;4195691;8344;481;9669;9909;5.05;0.31;356.41;12.87;1325;44;3394.00;240
8346;26;4195707;8346;484;9672;9913;5.01;0.30;356.45;12.87;1326;44;3395.00;241
8348;26;4195721;8348;478;9673;9913;5.00;0.30;356.49;12.87;1325;44;3396.00;240
8350;26;4195737;8350;476;9674;9913;4.99;0.30;356.47;12.87;1324;44;3397.00;239
8353;26;4195757;8353;475;9674;9913;4.98;0.30;356.48;12.87;1321;44;3398.00;239
8354;26;4195773;8354;474;9679;9919;4.99;0.30;356.52;12.86;1325;44;3399.00;240
8358;26;4195788;8358;485;9682;9919;4.96;0.30;356.86;12.86;1324;44;3400.00;237
8359;26;4195807;8359;483;9682;9919;4.96;0.30;356.91;12.86;1323;44;3401.00;237
8360;26;4195821;8360;480;9684;9922;4.96;0.30;356.89;12.86;1324;44;3402.00;238
8361;26;4195836;8361;498;9685;9922;4.93;0.30;356.88;12.86;1324;44;3403.00;237
8364;26;4195850;8364;493;9686;9922;4.87;0.30;356.91;12.86;1322;44;3404.00;236
8367;26;4195863;8367;493;9688;9923;4.79;0.29;356.90;12.99;1321;44;3405.00;235
8370;26;4195880;8370;495;9689;9924;4.73;0.29;356.88;12.99;1319;44;3406.00;235
8375;26;4195894;8375;491;9689;9924;4.65;0.28;357.03;12.99;1314;44;3407.00;235
8379;26;4195908;8379;503;9699;9937;4.66;0.28;356.99;12.98;1320;44;3408.00;238
8383;26;4195922;8383;512;9699;9937;4.62;0.28;357.00;12.98;1316;44;3409.00;238
8384;26;4195937;8384;506;9699;9937;4.65;0.28;357.06;12.98;1315;44;3410.00;238
8384;26;4195950;8384;508;9700;9938;4.68;0.29;357.06;12.97;1316;44;3411.00;238
8386;26;4195964;8386;514;9700;9938;4.66;0.28;357.05;12.97;1314;44;3412.00;238
8389;26;4195976;8389;515;9704;9942;4.67;0.28;357.08;12.97;1315;44;3413.00;238
8390;26;4195990;8390;521;9704;9942;4.64;0.28;357.13;12.97;1314;44;3414.00;238
8392;26;4196003;8392;529;9708;9946;4.64;0.28;357.14;12.97;1316;44;3415.00;238
8396;26;4196017;8396;533;9709;9946;4.61;0.28;357.16;12.97;1313;44;3416.00;237
8398;26;4196031;8398;537;9709;9946;4.60;0.28;357.13;12.97;1311;44;3417.00;237
8399;26;4196045;8399;539;9709;9946;4.59;0.28;357.16;12.97;1310;44;3418.00;237
8399;26;4196059;8399;535;9709;9946;4.58;0.28;357.16;12.97;1310;44;3419.00;237
8402;26;4196074;8402;537;9732;9980;4.68;0.29;357.16;12.94;1330;44;3420.00;248
8405;26;4196090;8405;534;9735;9980;4.68;0.29;357.08;12.93;1330;44;3421.00;245
8406;26;4196104;8406;536;9737;9980;4.69;0.29;357.04;12.93;1331;44;3422.00;243
8407;26;4196118;8407;541;9737;9980;4.67;0.29;357.01;12.93;1330;44;3423.00;243
8410;26;4196132;8410;540;9738;9980;4.65;0.29;357.14;12.93;1328;44;3424.00;242
8411;26;4196146;8411;548;9738;9980;4.61;0.28;357.13;12.93;1327;44;3425.00;242
8412;26;4196160;8412;549;9738;9981;4.53;0.28;357.10;12.93;1326;44;3426.00;243
8415;26;4196174;8415;549;9738;9981;4.44;0.27;357.13;12.93;1323;44;3427.00;243
8418;26;4196188;8418;559;9743;9987;4.40;0.27;357.05;12.92;1325;44;3428.00;244
8419;26;4196202;8419;561;9744;9988;4.32;0.27;357.04;12.92;1325;44;3429.00;244
8423;26;4196216;8423;564;9745;9988;4.28;0.26;356.96;12.99;1322;44;3430.00;243
8426;26;4196230;8426;575;9745;9988;4.23;0.26;356.96;12.99;1319;44;3431.00;243
8428;26;4196243;8428;579;9748;9992;4.18;0.26;356.88;12.98;1320;44;3432.00;244
8429;26;4196258;8429;590;9749;9992;4.10;0.25;356.92;13.05;1320;44;3433.00;243
8432;26;4196271;8432;599;9749;9992;4.03;0.25;356.88;13.05;1317;44;3434.00;243
8432;26;4196284;8432;606;9751;9993;4.00;0.25;356.88;13.12;1319;44;3435.00;242
8433;26;4196297;8433;616;9754;9997;3.96;0.24;356.87;13.11;1321;44;3436.00;243
8436;26;4196310;8436;616;9754;9997;3.91;0.24;356.84;13.11;1318;44;3437.00;243
8438;26;4196323;8438;620;9757;10000;3.91;0.24;356.81;13.18;1319;44;3438.00;243
8442;26;4196336;8442;627;9757;10000;3.82;0.23;356.84;13.18;1315;44;3439.00;243
8443;26;4196348;8443;636;9758;10000;3.77;0.23;356.83;13.18;1315;44;3440.00;242
8443;26;4196360;8443;646;9760;10000;3.75;0.23;356.83;13.31;1317;44;3441.00;240
8443;26;4196372;8443;648;9764;10004;3.77;0.23;356.83;13.30;1321;44;3442.00;240
8445;26;4196385;8445;657;9764;10004;3.73;0.23;356.86;13.30;1319;44;3443.00;240
8449;26;4196397;8449;663;9767;10004;3.68;0.22;356.84;13.50;1318;44;3444.00;237
8449;26;4196410;8449;665;9768;10004;3.64;0.22;356.84;13.57;1319;44;3445.00;236
8451;26;4196421;8451;670;9768;10005;3.54;0.22;356.80;13.57;1317;44;3446.00;237
8452;26;4196433;8452;675;9771;10006;3.44;0.21;356.78;13.69;1319;44;3447.00;235
8452;26;4196445;8452;662;9771;10006;3.39;0.21;356.78;13.69;1319;44;3448.00;235
8455;26;4196457;8455;650;9772;10007;3.36;0.21;356.78;13.69;1317;44;3449.00;235
8456;26;4196471;8456;641;9774;10007;3.35;0.20;356.77;13.82;1318;44;3450.00;233
8456;26;4196484;8456;641;9774;10007;3.38;0.21;356.77;13.82;1318;44;3451.00;233
8457;26;4196495;8457;636;9776;10007;3.40;0.21;356.75;13.95;1319;44;3452.00;231
8459;26;4196507;8459;635;9776;10007;3.41;0.21;356.75;13.95;1317;44;3453.00;231
8460;26;4196520;8460;630;9776;10007;3.44;0.21;356.72;13.95;1316;44;3454.00;231
8461;26;4196538;8461;621;9778;10007;3.49;0.21;356.71;14.07;1317;44;3455.00;229
8464;26;4196549;8464;640;9843;10134;3.86;0.24;356.72;13.98;1379;44;3456.00;291
8465;26;4196571;8465;629;9844;10135;3.89;0.24;356.69;13.98;1379;44;3457.00;291
8465;26;4196584;8465;615;9854;10135;4.02;0.25;356.69;13.97;1389;44;3458.00;281
8468;26;4196597;8468;611;9860;10135;4.05;0.25;356.64;13.96;1392;44;3459.00;275
8469;26;4196610;8469;607;9867;10135;4.10;0.25;356.60;13.95;1398;44;3460.00;268
8470;26;4196623;8470;599;9869;10135;4.11;0.25;356.62;13.95;1399;44;3461.00;266
8472;26;4196636;8472;595;9872;10135;4.11;0.25;356.60;13.95;1400;44;3462.00;263
8476;26;4196649;8476;594;9874;10135;4.12;0.25;356.66;13.95;1398;44;3463.00;261
8477;26;4196667;8477;593;9877;10136;4.16;0.25;356.67;13.95;1400;44;3464.00;259
8479;26;4196680;8479;580;9879;10138;4.16;0.25;356.68;13.94;1400;44;3465.00;259
8480;26;4196695;8480;569;9881;10138;4.19;0.26;356.67;13.94;1401;44;3466.00;257
8481;26;4196710;8481;557;9886;10139;4.23;0.26;356.67;13.94;1405;44;3467.00;253
8481;26;4196723;8481;556;9887;10139;4.24;0.26;356.67;13.94;1406;44;3468.00;252
8484;26;4196736;8484;557;9891;10139;4.21;0.26;356.68;13.94;1407;44;3469.00;248
8488;26;4196750;8488;556;9892;10139;4.17;0.25;356.80;13.94;1404;44;3470.00;247
8491;26;4196764;8491;563;9895;10143;4.16;0.25;357.05;13.94;1404;44;3471.00;248
8494;26;4196779;8494;562;9896;10143;4.17;0.25;357.02;13.94;1402;44;3472.00;247
8496;26;4196794;8496;560;9896;10143;4.18;0.25;357.13;13.94;1400;44;3473.00;247
8499;26;4196809;8499;561;9897;10146;4.20;0.26;357.09;13.93;1398;44;3474.00;249
8502;26;4196824;8502;562;9898;10146;4.20;0.25;357.15;13.94;1396;44;3475.00;248
8505;26;4196838;8505;552;9900;10146;4.20;0.25;357.29;13.94;1395;44;3476.00;246
8510;26;4196852;8510;557;9904;10150;4.19;0.25;357.36;13.93;1394;44;3477.00;246
8514;26;4196867;8514;550;9905;10151;4.20;0.25;357.29;13.93;1391;44;3478.00;246
8516;26;4196882;8516;545;9905;10151;4.21;0.25;357.31;13.93;1389;44;3479.00;246
8521;26;4196898;8521;535;9909;10156;4.18;0.25;357.34;13.93;1388;44;3480.00;247
8525;26;4196919;8525;534;9909;10156;4.22;0.26;357.43;13.93;1384;44;3481.00;247
8526;26;4196934;8526;537;9910;10156;4.29;0.26;357.53;13.93;1384;44;3482.00;246
8531;26;4196947;8531;541;9910;10157;4.32;0.26;357.56;13.93;1379;44;3483.00;247
8534;26;4196967;8534;537;9910;10157;4.38;0.27;357.66;13.93;1376;44;3484.00;247
8538;26;4196981;8538;528;9914;10163;4.44;0.27;357.85;13.92;1376;44;3485.00;249
8540;26;4196996;8540;527;9914;10163;4.49;0.27;357.82;13.92;1374;44;3486.00;249
8544;26;4197011;8544;518;9914;10164;4.52;0.27;357.86;13.92;1370;44;3487.00;250
8545;26;4197025;8545;518;9914;10164;4.59;0.28;357.87;13.92;1369;44;3488.00;250
8550;26;4197040;8550;509;9914;10164;4.58;0.28;358.10;13.92;1364;44;3489.00;250
8555;26;4197055;8555;501;9914;10164;4.54;0.28;358.21;13.92;1359;44;3490.00;250
8557;26;4197070;8557;498;9914;10164;4.51;0.27;358.32;13.92;1357;44;3491.00;250
8560;26;4197089;8560;504;9923;10176;4.47;0.27;358.53;13.91;1363;44;3492.00;253
8563;26;4197105;8563;502;9923;10176;4.46;0.27;358.52;13.91;1360;44;3493.00;253
8565;26;4197125;8565;499;9923;10176;4.44;0.27;358.64;13.91;1358;44;3494.00;253
8571;26;4197139;8571;500;9923;10176;4.42;0.27;358.78;13.91;1352;44;3495.00;253
8574;26;4197155;8574;487;9923;10176;4.41;0.27;358.87;13.91;1349;44;3496.00;253
8578;26;4197169;8578;476;9923;10176;4.46;0.27;358.92;13.91;1345;44;3497.00;253
8580;26;4197185;8580;466;9927;10180;4.56;0.28;358.97;14.00;1347;44;3498.00;253
8583;26;4197201;8583;454;9927;10180;4.65;0.28;359.08;14.00;1344;44;3499.00;253
8586;26;4197217;8586;458;9930;10184;4.66;0.28;359.17;14.00;1344;44;3500.00;254
8589;26;4197237;8589;451;9930;10185;4.67;0.28;359.17;14.00;1341;44;3501.00;255
8593;26;4197253;8593;454;9930;10185;4.66;0.28;359.33;14.00;1337;44;3502.00;255
8594;26;4197275;8594;448;9930;10185;4.68;0.28;359.34;14.00;1336;44;3503.00;255
8599;26;4197290;8599;458;9939;10198;4.69;0.28;359.37;13.99;1340;44;3504.00;259
8600;26;4197307;8600;456;9940;10198;4.68;0.28;359.43;13.99;1340;44;3505.00;258
8606;26;4197322;8606;450;9941;10198;4.62;0.28;359.48;13.99;1335;44;3506.00;257
8607;26;4197338;8607;454;9943;10199;4.61;0.28;359.49;14.00;1336;44;3507.00;256
8608;26;4197353;8608;455;9944;10200;4.61;0.28;359.49;14.00;1336;44;3508.00;256
8610;26;4197368;8610;460;9945;10200;4.60;0.28;359.56;14.00;1335;44;3509.00;255
8611;26;4197385;8611;462;9948;10206;4.66;0.28;359.57;13.99;1337;44;3510.00;258
8612;26;4197400;8612;466;9950;10206;4.66;0.28;359.66;13.99;1338;44;3511.00;256
8614;26;4197415;8614;460;9952;10206;4.68;0.28;359.72;13.99;1338;44;3512.00;254
8616;26;4197430;8616;458;9952;10206;4.72;0.29;359.82;13.99;1336;44;3513.00;254
8621;26;4197447;8621;456;9956;10212;4.69;0.28;359.82;13.99;1335;44;3514.00;256
8622;26;4197464;8622;457;9958;10212;4.74;0.29;359.84;13.99;1336;44;3515.00;254
8626;26;4197480;8626;452;9959;10212;4.73;0.29;359.94;13.99;1333;44;3516.00;253
8629;26;4197499;8629;448;9962;10212;4.73;0.29;360.01;14.08;1333;44;3517.00;250
8635;26;4197514;8635;446;9966;10216;4.74;0.29;360.22;14.08;1331;44;3518.00;250
8640;26;4197530;8640;451;9970;10219;4.75;0.29;360.31;14.08;1330;44;3519.00;249
8645;26;4197546;8645;456;9970;10219;4.75;0.29;360.44;14.08;1325;44;3520.00;249
8650;26;4197563;8650;445;9971;10220;4.75;0.29;360.41;14.07;1321;44;3521.00;249
8651;26;4197580;8651;437;9971;10220;4.80;0.29;360.40;14.07;1320;44;3522.00;249
8652;26;4197595;8652;439;9971;10220;4.84;0.29;360.41;14.07;1319;44;3523.00;249
8658;26;4197611;8658;438;9971;10220;4.81;0.29;360.41;14.07;1313;44;3524.00;249
8659;26;4197627;8659;442;9971;10220;4.86;0.29;360.37;14.07;1312;44;3525.00;249
8662;26;4197642;8662;440;9971;10220;4.84;0.29;360.50;14.07;1309;44;3526.00;249
8664;26;4197657;8664;447;9971;10220;4.83;0.29;360.56;14.07;1307;44;3527.00;249
8666;26;4197673;8666;463;10019;10290;4.82;0.29;360.61;14.01;1353;44;3528.00;271
8669;26;4197694;8669;454;10019;10291;4.84;0.29;360.82;14.01;1350;44;3529.00;272
8670;26;4197709;8670;464;10023;10291;4.87;0.30;360.85;14.00;1353;44;3530.00;268
8670;26;4197724;8670;466;10023;10291;4.92;0.30;360.85;14.00;1353;44;3531.00;268
8672;26;4197738;8672;464;10026;10291;4.94;0.30;360.81;14.00;1354;44;3532.00;265
8675;26;4197753;8675;466;10027;10291;5.01;0.31;360.90;14.00;1352;44;3533.00;264
8676;26;4197769;8676;469;10029;10291;5.07;0.31;360.87;14.10;1353;44;3534.00;262
8677;26;4197784;8677;467;10030;10291;5.14;0.31;360.87;14.10;1353;44;3535.00;261
8682;26;4197805;8682;462;10032;10292;5.19;0.32;360.86;14.09;1350;44;3536.00;260
8686;26;4197820;8686;448;10034;10293;5.17;0.31;360.85;14.09;1348;44;3537.00;259
8687;26;4197836;8687;451;10035;10293;5.21;0.32;360.86;14.09;1348;44;3538.00;258
8688;26;4197851;8688;451;10039;10297;5.20;0.32;360.92;14.09;1351;44;3539.00;258
8692;26;4197887;8692;449;10039;10297;5.19;0.32;361.13;14.09;1347;44;3540.00;258
8693;26;4197906;8693;456;10040;10297;5.21;0.32;361.14;14.09;1347;44;3541.00;257
8696;26;4197921;8696;461;10040;10297;5.17;0.31;361.38;14.09;1344;44;3542.00;257
8699;26;4197937;8699;464;10045;10303;5.15;0.31;361.39;14.08;1346;44;3543.00;258
8701;26;4197953;8701;467;10047;10303;5.14;0.31;361.55;14.08;1346;44;3544.00;256
8702;26;4197967;8702;476;10048;10303;5.15;0.31;361.60;14.08;1346;44;3545.00;255
8705;26;4197982;8705;484;10050;10306;5.16;0.31;361.62;14.08;1345;44;3546.00;256
8707;26;4197997;8707;489;10050;10306;5.11;0.31;361.62;14.08;1343;44;3547.00;256
8709;26;4198012;8709;494;10052;10306;5.09;0.31;361.67;14.18;1343;44;3548.00;254
8710;26;4198027;8710;502;10052;10307;5.04;0.31;361.66;14.18;1342;44;3549.00;255
8712;26;4198041;8712;508;10053;10308;5.02;0.30;361.68;14.18;1341;44;3550.00;255
8717;26;4198056;8717;507;10053;10308;4.97;0.30;361.82;14.18;1336;44;3551.00;255
8721;26;4198071;8721;506;10063;10321;4.94;0.30;361.89;14.16;1342;44;3552.00;258
8724;26;4198087;8724;512;10064;10321;4.94;0.30;361.94;14.16;1340;44;3553.00;257
8725;26;4198102;8725;512;10064;10321;4.92;0.30;361.94;14.16;1339;44;3554.00;257
8726;26;4198116;8726;513;10066;10323;4.88;0.30;361.95;14.16;1340;44;3555.00;257
8730;26;4198130;8730;514;10067;10323;4.84;0.29;362.12;14.26;1337;44;3556.00;256
8730;26;4198144;8730;512;10071;10327;4.89;0.30;362.12;14.25;1341;44;3557.00;256
8733;26;4198159;8733;504;10071;10327;4.87;0.30;362.20;14.25;1338;44;3558.00;256
8734;26;4198173;8734;503;10074;10331;4.87;0.30;362.27;14.25;1340;44;3559.00;257
8739;26;4198187;8739;494;10074;10331;4.85;0.30;362.28;14.25;1335;44;3560.00;257
8741;26;4198201;8741;494;10074;10331;4.88;0.30;362.27;14.25;1333;44;3561.00;257
8743;26;4198215;8743;487;10074;10331;4.91;0.30;362.32;14.25;1331;44;3562.00;257
8748;26;4198228;8748;484;10074;10331;4.90;0.30;362.44;14.25;1326;44;3563.00;257
8754;26;4198243;8754;476;10084;10343;4.93;0.30;362.47;14.24;1330;44;3564.00;259
8757;26;4198258;8757;469;10084;10343;4.95;0.30;362.46;14.24;1327;44;3565.00;259
8761;26;4198273;8761;476;10085;10343;4.95;0.30;362.51;14.24;1324;44;3566.00;258
8764;26;4198286;8764;478;10085;10343;4.92;0.30;362.53;14.24;1321;44;3567.00;258
8766;26;4198300;8766;479;10085;10343;4.90;0.30;362.48;14.24;1319;44;3568.00;258
8769;26;4198314;8769;485;10085;10343;4.84;0.29;362.42;14.24;1316;44;3569.00;258
8773;26;4198329;8773;491;10087;10344;4.80;0.29;362.40;14.38;1314;44;3570.00;257
8777;26;4198346;8777;498;10087;10344;4.74;0.29;362.35;14.38;1310;44;3571.00;257
8782;26;4198360;8782;500;10093;10350;4.73;0.29;362.34;14.47;1311;44;3572.00;257
8783;26;4198375;8783;501;10094;10351;4.74;0.29;362.33;14.47;1311;44;3573.00;257
8787;26;4198389;8787;504;10094;10351;4.71;0.29;362.26;14.47;1307;44;3574.00;257
8790;26;4198403;8790;510;10094;10351;4.63;0.28;362.18;14.47;1304;44;3575.00;257
8790;26;4198417;8790;516;10097;10355;4.68;0.29;362.18;14.46;1307;44;3576.00;258
8794;26;4198430;8794;514;10097;10355;4.66;0.28;362.12;14.46;1303;44;3577.00;258
8797;26;4198443;8797;525;10097;10355;4.63;0.28;362.06;14.46;1300;44;3578.00;258
8800;26;4198457;8800;530;10098;10356;4.61;0.28;362.11;14.46;1298;44;3579.00;258
8801;26;4198471;8801;531;10101;10360;4.57;0.28;362.16;14.46;1300;44;3580.00;259
8805;26;4198484;8805;527;10102;10360;4.52;0.27;362.09;14.55;1297;44;3581.00;258
8806;26;4198497;8806;531;10104;10363;4.50;0.27;362.13;14.55;1298;44;3582.00;259
8809;26;4198511;8809;536;10105;10363;4.47;0.27;362.08;14.55;1296;44;3583.00;258
8809;26;4198525;8809;546;10105;10363;4.45;0.27;362.08;14.55;1296;44;3584.00;258
8811;26;4198538;8811;546;10105;10363;4.41;0.27;362.21;14.55;1294;44;3585.00;258
8812;26;4198551;8812;551;10109;10367;4.42;0.27;362.18;14.54;1297;44;3586.00;258
8812;26;4198570;8812;550;10109;10367;4.45;0.27;362.18;14.54;1297;44;3587.00;258
8814;26;4198583;8814;549;10109;10367;4.40;0.27;362.16;14.54;1295;44;3588.00;258
8815;26;4198597;8815;558;10109;10367;4.31;0.26;362.15;14.54;1294;44;3589.00;258
8816;26;4198611;8816;561;10109;10368;4.25;0.26;362.14;14.54;1293;44;3590.00;259
8818;26;4198624;8818;558;10110;10369;4.21;0.26;362.13;14.54;1292;44;3591.00;259
8820;26;4198638;8820;561;10110;10369;4.13;0.25;362.19;14.54;1290;44;3592.00;259
8821;26;4198651;8821;564;10111;10370;4.09;0.25;362.16;14.54;1290;44;3593.00;259
8823;26;4198664;8823;567;10111;10370;4.06;0.25;362.16;14.54;1288;44;3594.00;259
8823;26;4198677;8823;560;10112;10370;4.07;0.25;362.16;14.61;1289;44;3595.00;258
8823;26;4198690;8823;553;10112;10370;4.06;0.25;362.16;14.61;1289;44;3596.00;258
8823;26;4198703;8823;548;10113;10370;4.06;0.25;362.16;14.69;1290;44;3597.00;257
8824;26;4198715;8824;539;10113;10370;4.10;0.25;362.15;14.69;1289;44;3598.00;257
8824;26;4198727;8824;537;10113;10370;4.08;0.25;362.15;14.69;1289;44;3599.00;257
8825;26;4198742;8825;566;10211;10623;4.47;0.28;362.14;14.62;1386;44;3600.00;412
8826;26;4198780;8826;560;10214;10624;4.46;0.28;362.12;14.61;1388;44;3601.00;410
8828;26;4198794;8828;551;10229;10624;4.57;0.29;362.25;14.60;1401;44;3602.00;395
8829;26;4198807;8829;549;10236;10624;4.60;0.29;362.21;14.59;1407;44;3603.00;388
8834;26;4198821;8834;547;10247;10624;4.59;0.29;362.19;14.72;1413;44;3604.00;377
8834;26;4198839;8834;553;10255;10624;4.57;0.29;362.19;14.71;1421;44;3605.00;369
8835;26;4198853;8835;557;10262;10624;4.54;0.28;362.28;14.78;1427;44;3606.00;362
8836;26;4198866;8836;568;10269;10624;4.53;0.28;362.25;14.77;1433;44;3607.00;355
8838;26;4198880;8838;572;10277;10625;4.53;0.28;362.22;14.84;1439;44;3608.00;348
8840;26;4198894;8840;568;10284;10626;4.51;0.28;362.17;14.84;1444;44;3609.00;342
8840;26;4198908;8840;581;10294;10626;4.55;0.28;362.17;14.83;1454;44;3610.00;332
8841;26;4198922;8841;586;10298;10627;4.55;0.28;362.14;14.90;1457;44;3611.00;329
8842;26;4198936;8842;588;10302;10627;4.54;0.28;362.10;14.90;1460;44;3612.00;325
8842;26;4198949;8842;590;10307;10627;4.51;0.28;362.10;15.04;1465;44;3613.00;320
8844;26;4198963;8844;591;10312;10627;4.51;0.28;362.04;15.11;1468;44;3614.00;315
8845;26;4198977;8845;589;10316;10631;4.53;0.28;362.02;15.10;1471;44;3615.00;315
8847;26;4198992;8847;589;10320;10631;4.52;0.28;361.95;15.10;1473;44;3616.00;311
8849;26;4199006;8849;586;10323;10631;4.53;0.28;361.90;15.17;1474;44;3617.00;308
8850;26;4199021;8850;587;10325;10634;4.52;0.28;361.87;15.17;1475;44;3618.00;309
8852;26;4199036;8852;581;10328;10634;4.51;0.28;361.91;15.17;1476;44;3619.00;306
8853;26;4199058;8853;596;10331;10634;4.51;0.28;361.89;15.17;1478;44;3620.00;303
8853;26;4199073;8853;589;10336;10638;4.52;0.28;361.89;15.17;1483;44;3621.00;302
8854;26;4199088;8854;592;10340;10639;4.53;0.28;361.85;15.31;1486;44;3622.00;299
8856;26;4199104;8856;597;10341;10639;4.52;0.28;361.88;15.31;1485;44;3623.00;298
8860;26;4199120;8860;597;10344;10643;4.50;0.28;361.81;15.31;1484;45;3624.00;299
8861;26;4199147;8861;605;10347;10643;4.49;0.27;361.91;15.31;1486;45;3625.00;296
8865;26;4199163;8865;603;10348;10643;4.45;0.27;361.87;15.31;1483;45;3626.00;295
8868;26;4199178;8868;602;10350;10644;4.44;0.27;361.99;15.31;1482;46;3627.00;294
8872;26;4199202;8872;609;10350;10644;4.39;0.27;362.03;15.31;1478;46;3628.00;294
8875;26;4199217;8875;613;10355;10650;4.37;0.27;361.97;15.31;1480;46;3629.00;295
8878;26;4199251;8878;595;10356;10650;4.35;0.27;361.97;15.31;1478;46;3630.00;294
8879;26;4199270;8879;590;10356;10651;4.35;0.27;361.95;15.31;1477;46;3631.00;295
8881;26;4199284;8881;591;10357;10651;4.36;0.27;362.01;15.31;1476;46;3632.00;294
8882;26;4199298;8882;585;10358;10651;4.37;0.27;362.09;15.31;1476;46;3633.00;293
8886;26;4199313;8886;590;10359;10651;4.33;0.27;362.10;15.31;1473;46;3634.00;292
8889;26;4199327;8889;588;10361;10651;4.32;0.27;362.17;15.32;1472;46;3635.00;290
8892;26;4199343;8892;598;10371;10663;4.29;0.26;362.36;15.30;1479;46;3636.00;292
8894;26;4199358;8894;593;10372;10663;4.29;0.26;362.38;15.30;1478;46;3637.00;291
8899;26;4199373;8899;590;10373;10663;4.25;0.26;362.52;15.31;1474;46;3638.00;290
8902;26;4199388;8902;587;10373;10663;4.23;0.26;362.53;15.31;1471;46;3639.00;290
8904;26;4199403;8904;584;10376;10663;4.22;0.26;362.66;15.31;1472;46;3640.00;287
8908;26;4199418;8908;593;10377;10663;4.18;0.26;362.61;15.31;1469;46;3641.00;286
8911;26;4199433;8911;586;10381;10667;4.18;0.26;362.65;15.30;1470;46;3642.00;286
8914;26;4199449;8914;582;10381;10667;4.17;0.26;362.78;15.30;1467;46;3643.00;286
8918;26;4199465;8918;574;10384;10671;4.22;0.26;362.89;15.30;1466;46;3644.00;287
8921;26;4199480;8921;579;10386;10673;4.29;0.26;362.86;15.30;1465;46;3645.00;287
8926;26;4199496;8926;577;10387;10673;4.33;0.26;362.88;15.30;1461;46;3646.00;286
8929;26;4199511;8929;574;10387;10673;4.33;0.27;362.99;15.30;1458;46;3647.00;286
8932;26;4199526;8932;561;10395;10686;4.38;0.27;362.98;15.29;1463;46;3648.00;291
8938;26;4199541;8938;550;10395;10686;4.37;0.27;363.13;15.29;1457;46;3649.00;291
8941;26;4199557;8941;546;10395;10686;4.37;0.27;363.34;15.29;1454;46;3650.00;291
8946;26;4199573;8946;540;10395;10687;4.33;0.26;363.41;15.29;1449;46;3651.00;292
8950;26;4199588;8950;535;10395;10688;4.32;0.26;363.53;15.29;1445;46;3652.00;293
8953;26;4199602;8953;531;10395;10688;4.32;0.27;363.58;15.29;1442;46;3653.00;293
8957;26;4199618;8957;539;10397;10691;4.34;0.27;363.72;15.28;1440;46;3654.00;294
8962;26;4199633;8962;528;10397;10691;4.37;0.27;363.95;15.28;1435;46;3655.00;294
8964;26;4199648;8964;535;10397;10691;4.43;0.27;363.95;15.28;1433;46;3656.00;294
8969;26;4199663;8969;532;10397;10691;4.43;0.27;364.09;15.28;1428;46;3657.00;294
8973;26;4199678;8973;527;10401;10697;4.45;0.27;364.23;15.28;1428;46;3658.00;296
8976;26;4199695;8976;529;10401;10697;4.51;0.28;364.34;15.28;1425;46;3659.00;296
8985;26;4199712;8985;526;10402;10697;4.46;0.27;364.44;15.28;1417;46;3660.00;295
8986;26;4199727;8986;527;10404;10697;4.46;0.27;364.44;15.28;1418;46;3661.00;293
8987;26;4199742;8987;534;10407;10701;4.48;0.28;364.44;15.28;1420;46;3662.00;294
8990;26;4199755;8990;535;10408;10702;4.48;0.27;364.46;15.28;1418;46;3663.00;294
8994;26;4199770;8994;535;10409;10702;4.45;0.27;364.56;15.28;1415;46;3664.00;293
9001;26;4199787;9001;540;10410;10703;4.42;0.27;364.59;15.28;1409;46;3665.00;293
9005;26;4199801;9005;537;10412;10703;4.40;0.27;364.83;15.28;1407;46;3666.00;291
9006;26;4199817;9006;541;10414;10703;4.41;0.27;364.84;15.28;1408;46;3667.00;289
9011;26;4199831;9011;542;10414;10703;4.40;0.27;365.02;15.28;1403;46;3668.00;289
9014;26;4199847;9014;547;10415;10703;4.38;0.27;364.96;15.28;1401;46;3669.00;288
9017;26;4199861;9017;544;10415;10703;4.38;0.27;364.91;15.28;1398;46;3670.00;288
9024;26;4199876;9024;548;10415;10703;4.33;0.26;365.06;15.28;1391;46;3671.00;288
9027;26;4199891;9027;553;10451;10773;4.34;0.27;365.16;15.33;1424;46;3672.00;322
9029;26;4199912;9029;550;10454;10774;4.38;0.27;365.16;15.32;1425;46;3673.00;320
9034;26;4199926;9034;547;10458;10774;4.35;0.27;365.27;15.32;1424;46;3674.00;316
9036;26;4199941;9036;547;10461;10774;4.32;0.26;365.29;15.31;1425;46;3675.00;313
9043;26;4199955;9043;556;10464;10774;4.28;0.26;365.36;15.31;1421;46;3676.00;310
9048;26;4199971;9048;545;10465;10774;4.25;0.26;365.37;15.31;1417;46;3677.00;309
9049;26;4199987;9049;531;10471;10774;4.29;0.26;365.49;15.30;1422;46;3678.00;303
9053;26;4200003;9053;524;10472;10774;4.26;0.26;365.67;15.30;1419;46;3679.00;302
9053;26;4200019;9053;526;10474;10775;4.22;0.26;365.67;15.30;1421;46;3680.00;301
9060;26;4200034;9060;528;10476;10776;4.10;0.25;365.68;15.30;1416;46;3681.00;300
9060;26;4200050;9060;526;10477;10776;4.05;0.25;365.68;15.30;1417;46;3682.00;299
9061;26;4200066;9061;545;10481;10780;4.02;0.25;365.73;15.29;1420;46;3683.00;299
9064;26;4200083;9064;537;10481;10780;4.04;0.25;365.73;15.29;1417;46;3684.00;299
9069;26;4200098;9069;546;10483;10780;4.07;0.25;365.83;15.29;1414;46;3685.00;297
9071;26;4200114;9071;539;10483;10780;4.09;0.25;366.00;15.29;1412;46;3686.00;297
9074;26;4200135;9074;523;10489;10786;4.12;0.25;365.97;15.39;1415;46;3687.00;297
9076;26;4200152;9076;516;10489;10786;4.12;0.25;366.00;15.39;1413;46;3688.00;297
9077;26;4200169;9077;526;10489;10786;4.13;0.25;366.06;15.39;1412;46;3689.00;297
9081;26;4200186;9081;525;10493;10792;4.12;0.25;366.06;15.38;1412;46;3690.00;299
9082;26;4200204;9082;537;10494;10792;4.14;0.25;366.09;15.38;1412;46;3691.00;298
9084;26;4200219;9084;532;10497;10792;4.18;0.25;366.21;15.47;1413;46;3692.00;295
9086;26;4200235;9086;550;10497;10793;4.19;0.25;366.36;15.47;1411;46;3693.00;296
9086;26;4200252;9086;550;10498;10794;4.21;0.26;366.36;15.47;1412;46;3694.00;296
9089;26;4200268;9089;552;10499;10794;4.17;0.25;366.53;15.47;1410;46;3695.00;295
9090;26;4200284;9090;564;10510;10807;4.23;0.26;366.51;15.46;1420;46;3696.00;297
9092;26;4200300;9092;557;10512;10807;4.23;0.26;366.56;15.46;1420;46;3697.00;295
9094;26;4200316;9094;546;10512;10807;4.26;0.26;366.59;15.46;1418;46;3698.00;295
9097;26;4200333;9097;544;10513;10808;4.31;0.26;366.74;15.46;1416;46;3699.00;295
9099;26;4200349;9099;542;10513;10808;4.36;0.27;366.73;15.46;1414;46;3700.00;295
9102;26;4200370;9102;540;10517;10812;4.39;0.27;366.83;15.46;1415;46;3701.00;295
9106;26;4200386;9106;542;10517;10812;4.36;0.27;366.99;15.46;1411;46;3702.00;295
9108;26;4200402;9108;536;10521;10816;4.36;0.27;366.98;15.46;1413;46;3703.00;295
9108;26;4200419;9108;535;10521;10816;4.36;0.27;366.98;15.46;1413;46;3704.00;295
9113;26;4200434;9113;532;10522;10816;4.35;0.27;367.09;15.46;1409;47;3705.00;294
9114;26;4200458;9114;529;10522;10816;4.36;0.27;367.09;15.46;1408;47;3706.00;294
9117;26;4200474;9117;525;10522;10816;4.32;0.26;367.03;15.46;1405;47;3707.00;294
9117;26;4200489;9117;526;10532;10828;4.36;0.27;367.03;15.45;1415;47;3708.00;296
9118;26;4200505;9118;536;10532;10828;4.39;0.27;367.05;15.45;1414;47;3709.00;296
9120;26;4200519;9120;540;10533;10828;4.38;0.27;367.06;15.45;1413;47;3710.00;295
9125;26;4200534;9125;551;10533;10828;4.34;0.26;367.01;15.45;1408;47;3711.00;295
9127;26;4200550;9127;555;10533;10828;4.37;0.27;367.07;15.45;1406;47;3712.00;295
9130;26;4200566;9130;560;10533;10828;4.33;0.26;367.01;15.45;1403;47;3713.00;295
9133;26;4200605;9133;567;10533;10829;4.31;0.26;366.92;15.45;1400;47;3714.00;296
9135;26;4200625;9135;570;10533;10829;4.29;0.26;366.97;15.45;1398;47;3715.00;296
9139;26;4200640;9139;573;10538;10835;4.25;0.26;366.96;15.44;1399;47;3716.00;297
9141;26;4200655;9141;574;10539;10836;4.20;0.26;366.96;15.44;1398;47;3717.00;297
9142;26;4200669;9142;586;10539;10836;4.20;0.26;367.01;15.44;1397;47;3718.00;297
9143;26;4200684;9143;590;10539;10836;4.21;0.26;367.06;15.44;1396;47;3719.00;297
9145;26;4200700;9145;593;10543;10841;4.21;0.26;367.01;15.43;1398;47;3720.00;298
9150;26;4200716;9150;587;10543;10841;4.17;0.26;367.01;15.43;1393;47;3721.00;298
9151;26;4200729;9151;579;10543;10841;4.18;0.26;367.00;15.43;1392;47;3722.00;298
9157;26;4200743;9157;580;10544;10842;4.14;0.25;366.99;15.43;1387;47;3723.00;298
9159;26;4200758;9159;578;10547;10846;4.15;0.25;366.93;15.43;1388;47;3724.00;299
9161;26;4200773;9161;568;10547;10846;4.14;0.25;366.87;15.43;1386;47;3725.00;299
9163;26;4200787;9163;565;10549;10849;4.21;0.26;366.85;15.42;1386;47;3726.00;300
9168;26;4200801;9168;562;10549;10849;4.19;0.26;366.81;15.42;1381;47;3727.00;300
9171;26;4200815;9171;564;10550;10849;4.21;0.26;366.73;15.42;1379;47;3728.00;299
9174;26;4200829;9174;564;10550;10849;4.25;0.26;366.83;15.42;1376;47;3729.00;299
9176;26;4200843;9176;562;10554;10853;4.31;0.26;366.78;15.42;1378;47;3730.00;299
9178;26;4200857;9178;567;10554;10853;4.36;0.27;366.80;15.42;1376;47;3731.00;299
9180;26;4200872;9180;573;10554;10853;4.38;0.27;366.81;15.42;1374;47;3732.00;299
9181;26;4200885;9181;569;10554;10853;4.42;0.27;366.77;15.42;1373;47;3733.00;299
9187;26;4200899;9187;568;10554;10854;4.42;0.27;366.86;15.42;1367;47;3734.00;300
9190;26;4200914;9190;564;10558;10856;4.43;0.27;366.83;15.57;1368;47;3735.00;298
9193;26;4200931;9193;564;10558;10856;4.41;0.27;366.76;15.57;1365;47;3736.00;298
9195;26;4200945;9195;561;10559;10857;4.42;0.27;366.74;15.57;1364;47;3737.00;298
9197;26;4200958;9197;569;10559;10857;4.40;0.27;366.75;15.57;1362;47;3738.00;298
9199;26;4200971;9199;563;10559;10857;4.39;0.27;366.74;15.57;1360;47;3739.00;298
9201;26;4200985;9201;574;10559;10857;4.38;0.27;366.73;15.57;1358;47;3740.00;298
9201;26;4200998;9201;572;10559;10857;4.36;0.27;366.73;15.57;1358;47;3741.00;298
9202;26;4201012;9202;557;10559;10857;4.35;0.27;366.75;15.57;1357;47;3742.00;298
9204;26;4201026;9204;539;10559;10857;4.38;0.27;366.71;15.57;1355;47;3743.00;298
9208;26;4201040;9208;549;10629;10984;4.65;0.29;366.67;15.47;1421;47;3744.00;355
9210;26;4201066;9210;543;10632;10985;4.65;0.29;366.61;15.47;1422;47;3745.00;353
9210;26;4201081;9210;532;10639;10985;4.70;0.29;366.61;15.46;1429;47;3746.00;346
9211;26;4201095;9211;523;10643;10985;4.75;0.30;366.64;15.45;1432;47;3747.00;342
9212;26;4201110;9212;520;10648;10985;4.77;0.30;366.65;15.45;1436;47;3748.00;337
9212;27;4201130;9212;524;10650;10985;4.78;0.30;366.65;15.44;1438;48;3749.00;335
9214;27;4201156;9214;525;10654;10990;4.78;0.30;366.71;15.44;1440;48;3750.00;336
9217;27;4201177;9217;516;10657;10990;4.81;0.30;366.77;15.54;1440;48;3751.00;333
9219;27;4201193;9219;514;10661;10991;4.84;0.30;366.79;15.61;1442;48;3752.00;330
9220;27;4201214;9220;521;10665;10992;4.84;0.30;366.76;15.61;1445;48;3753.00;327
9224;27;4201229;9224;517;10668;10992;4.87;0.30;366.94;15.61;1444;48;3754.00;324
9226;27;4201245;9226;522;10673;10993;4.88;0.30;366.97;15.61;1447;48;3755.00;320
9229;27;4201260;9229;516;10676;10993;4.86;0.30;366.92;15.61;1447;48;3756.00;317
9232;27;4201277;9232;527;10678;10993;4.82;0.30;366.97;15.60;1446;48;3757.00;315
9234;27;4201293;9234;531;10680;10993;4.81;0.30;366.92;15.60;1446;48;3758.00;313
9238;27;4201309;9238;535;10685;10997;4.80;0.30;367.01;15.60;1447;48;3759.00;312
9238;27;4201325;9238;540;10688;10997;4.76;0.29;367.01;15.76;1450;48;3760.00;309
9240;27;4201344;9240;544;10688;10997;4.73;0.29;366.99;15.76;1448;48;3761.00;309
9245;27;4201359;9245;554;10690;11000;4.68;0.29;367.09;15.76;1445;48;3762.00;310
9245;27;4201376;9245;562;10693;11000;4.68;0.29;367.09;15.84;1448;48;3763.00;307
9248;27;4201391;9248;559;10694;11000;4.65;0.29;367.17;15.92;1446;48;3764.00;306
9250;27;4201407;9250;561;10700;11004;4.60;0.28;367.21;15.99;1450;48;3765.00;304
9252;27;4201425;9252;557;10701;11005;4.61;0.28;367.25;15.99;1449;48;3766.00;304
9255;27;4201440;9255;566;10703;11005;4.57;0.28;367.22;16.07;1448;48;3767.00;302
9258;27;4201455;9258;571;10706;11009;4.61;0.28;367.25;16.06;1448;48;3768.00;303
9263;27;4201470;9263;574;10708;11009;4.57;0.28;367.18;16.22;1445;48;3769.00;301
9265;27;4201485;9265;579;10710;11009;4.54;0.28;367.29;16.37;1445;48;3770.00;299
9267;27;4201501;9267;586;10712;11010;4.54;0.28;367.35;16.45;1445;48;3771.00;298
9269;27;4201516;9269;599;10712;11010;4.52;0.28;367.35;16.45;1443;48;3772.00;298
9271;27;4201531;9271;604;10719;11016;4.52;0.28;367.45;16.59;1448;48;3773.00;297
9275;27;4201553;9275;605;10719;11016;4.47;0.27;367.45;16.59;1444;48;3774.00;297
9277;27;4201568;9277;613;10719;11017;4.41;0.27;367.48;16.59;1442;48;3775.00;298
9279;27;4201582;9279;624;10721;11017;4.37;0.27;367.57;16.74;1442;48;3776.00;296
9282;27;4201597;9282;631;10722;11017;4.31;0.26;367.65;16.82;1440;48;3777.00;295
9283;27;4201611;9283;632;10723;11017;4.28;0.26;367.63;16.89;1440;48;3778.00;294
9287;27;4201625;9287;632;10723;11017;4.23;0.26;367.82;16.89;1436;48;3779.00;294
9290;27;4201642;9290;629;10750;11053;4.29;0.26;367.90;17.00;1460;48;3780.00;303
9292;27;4201659;9292;625;10751;11053;4.30;0.26;367.97;17.00;1459;48;3781.00;302
9293;27;4201674;9293;638;10756;11053;4.30;0.26;367.98;17.14;1463;48;3782.00;297
9293;27;4201690;9293;628;10756;11053;4.33;0.27;367.98;17.14;1463;48;3783.00;297
9295;27;4201705;9295;624;10757;11053;4.32;0.26;368.07;17.14;1462;48;3784.00;296
9296;27;4201719;9296;612;10759;11053;4.31;0.26;368.05;17.29;1463;48;3785.00;294
9298;27;4201735;9298;610;10763;11057;4.28;0.26;368.20;17.28;1465;48;3786.00;294
9299;27;4201756;9299;613;10763;11057;4.27;0.26;368.21;17.28;1464;48;3787.00;294
9301;27;4201771;9301;617;10769;11061;4.30;0.26;368.22;17.42;1468;48;3788.00;292
9305;27;4201786;9305;611;10771;11062;4.28;0.26;368.32;17.49;1466;48;3789.00;291
9307;27;4201801;9307;608;10772;11062;4.27;0.26;368.35;17.57;1465;48;3790.00;290
9310;27;4201816;9310;600;10772;11062;4.21;0.26;368.36;17.57;1462;48;3791.00;290
9313;27;4201831;9313;601;10783;11075;4.12;0.25;368.35;17.62;1470;48;3792.00;292
9315;27;4201846;9315;599;10784;11075;4.11;0.25;368.46;17.69;1469;48;3793.00;291
9318;27;4201860;9318;601;10786;11075;4.11;0.25;368.54;17.76;1468;48;3794.00;289
9322;27;4201874;9322;606;10788;11076;4.08;0.25;368.69;17.83;1466;48;3795.00;288
9324;27;4201891;9324;605;10788;11077;4.08;0.25;368.75;17.83;1464;48;3796.00;289
9329;27;4201906;9329;607;10788;11077;4.10;0.25;368.77;17.83;1459;48;3797.00;289
9333;27;4201923;9333;608;10791;11080;4.11;0.25;368.80;17.82;1458;48;3798.00;289
9337;27;4201938;9337;606;10791;11080;4.10;0.25;368.97;17.82;1454;48;3799.00;289
9338;27;4201970;9338;612;10791;11080;4.11;0.25;368.96;17.82;1453;48;3800.00;289
9342;27;4201990;9342;599;10791;11080;4.07;0.25;368.94;17.82;1449;48;3801.00;289
9344;27;4202006;9344;592;10796;11086;4.09;0.25;368.90;17.82;1452;48;3802.00;290
9351;27;4202022;9351;591;10796;11086;4.08;0.25;369.24;17.82;1445;48;3803.00;290
9353;27;4202038;9353;584;10796;11086;4.08;0.25;369.26;17.82;1443;48;3804.00;290
9357;27;4202053;9357;590;10796;11086;4.06;0.25;369.43;17.82;1439;48;3805.00;290
9359;27;4202069;9359;587;10799;11090;4.06;0.25;369.50;17.81;1440;48;3806.00;291
9363;27;4202085;9363;580;10800;11091;4.06;0.25;369.51;17.81;1437;48;3807.00;291
9366;27;4202100;9366;577;10800;11091;4.04;0.24;369.51;17.81;1434;48;3808.00;291
9369;27;4202121;9369;581;10801;11092;4.03;0.24;369.64;17.81;1432;48;3809.00;291
9371;27;4202140;9371;581;10801;11092;4.06;0.25;369.62;17.81;1430;48;3810.00;291
9372;27;4202155;9372;578;10801;11092;4.09;0.25;369.70;17.81;1429;48;3811.00;291
9377;27;4202171;9377;572;10801;11092;4.09;0.25;369.76;17.81;1424;48;3812.00;291
9382;27;4202189;9382;574;10801;11092;4.10;0.25;369.90;17.81;1419;48;3813.00;291
9384;27;4202205;9384;563;10801;11092;4.10;0.25;369.87;17.81;1417;48;3814.00;291
9387;27;4202221;9387;561;10801;11092;4.12;0.25;370.00;17.81;1414;48;3815.00;291
9390;27;4202236;9390;558;10834;11162;4.30;0.26;369.97;17.75;1444;48;3816.00;328
9394;27;4202257;9394;556;10837;11163;4.30;0.26;370.03;17.75;1443;48;3817.00;326
9397;27;4202274;9397;562;10842;11163;4.31;0.26;370.12;17.74;1445;48;3818.00;321
9402;27;4202291;9402;566;10846;11163;4.30;0.26;370.10;17.74;1444;48;3819.00;317
9405;27;4202307;9405;565;10849;11163;4.29;0.26;370.17;17.73;1444;48;3820.00;314
9409;27;4202323;9409;570;10850;11163;4.26;0.26;370.22;17.73;1441;48;3821.00;313
9412;27;4202339;9412;572;10851;11163;4.22;0.26;370.25;17.73;1439;48;3822.00;312
9415;27;4202354;9415;575;10853;11163;4.21;0.26;370.29;17.73;1438;48;3823.00;310
9419;27;4202370;9419;578;10854;11164;4.18;0.25;370.35;17.73;1435;48;3824.00;310
9422;27;4202385;9422;578;10856;11166;4.20;0.26;370.44;17.72;1434;48;3825.00;310
9426;27;4202401;9426;576;10857;11166;4.21;0.26;370.57;17.72;1431;48;3826.00;309
9431;27;4202416;9431;581;10860;11170;4.20;0.26;370.58;17.72;1429;48;3827.00;310
9434;27;4202432;9434;591;10860;11170;4.18;0.26;370.56;17.72;1426;48;3828.00;310
9438;27;4202447;9438;595;10860;11170;4.20;0.26;370.60;17.72;1422;48;3829.00;310
9442;27;4202461;9442;598;10860;11170;4.17;0.26;370.62;17.72;1418;48;3830.00;310
9446;27;4202481;9446;605;10865;11176;4.19;0.26;370.59;17.71;1419;48;3831.00;311
9450;27;4202496;9450;604;10867;11176;4.18;0.26;370.69;17.71;1417;48;3832.00;309
9454;27;4202511;9454;600;10867;11176;4.18;0.26;370.77;17.71;1413;48;3833.00;309
9457;27;4202525;9457;603;10868;11179;4.18;0.26;370.88;17.71;1411;48;3834.00;311
9462;27;4202540;9462;606;10870;11179;4.14;0.25;370.99;17.71;1408;48;3835.00;309
9464;27;4202555;9464;609;10870;11179;4.13;0.25;371.09;17.71;1406;48;3836.00;309
9468;27;4202570;9468;618;10872;11180;4.11;0.25;371.09;17.71;1404;48;3837.00;308
9470;27;4202585;9470;633;10874;11181;4.09;0.25;371.13;17.71;1404;48;3838.00;307
9474;27;4202601;9474;640;10874;11181;4.01;0.24;371.26;17.71;1400;48;3839.00;307
9478;27;4202618;9478;651;10895;11207;4.04;0.25;371.39;17.78;1417;48;3840.00;312
9482;27;4202634;9482;651;10896;11207;3.98;0.24;371.51;17.78;1414;48;3841.00;311
9485;27;4202648;9485;652;10897;11207;3.98;0.24;371.55;17.78;1412;48;3842.00;310
9487;27;4202663;9487;655;10898;11208;3.99;0.24;371.56;17.78;1411;48;3843.00;310
9490;27;4202678;9490;654;10899;11208;3.98;0.24;371.75;17.78;1409;48;3844.00;309
9495;27;4202692;9495;648;10902;11212;4.01;0.24;371.73;17.78;1407;48;3845.00;310
9496;27;4202707;9496;654;10905;11214;3.99;0.24;371.73;17.77;1409;48;3846.00;309
9501;27;4202722;9501;647;10909;11218;4.02;0.24;372.05;17.77;1408;48;3847.00;309
9505;27;4202737;9505;662;10910;11218;4.02;0.24;372.04;17.77;1405;48;3848.00;308
9507;27;4202751;9507;668;10911;11218;4.02;0.24;372.12;17.77;1404;48;3849.00;307
9510;27;4202766;9510;677;10912;11218;4.03;0.24;372.15;17.77;1402;48;3850.00;306
9512;27;4202786;9512;668;10913;11218;4.00;0.24;372.11;17.87;1401;48;3851.00;305
9514;27;4202802;9514;666;10924;11230;4.05;0.24;372.11;17.85;1410;48;3852.00;306
9516;27;4202819;9516;667;10924;11230;4.07;0.25;372.14;17.85;1408;48;3853.00;306
9518;27;4202834;9518;660;10924;11230;4.08;0.25;372.25;17.85;1406;48;3854.00;306
9519;27;4202849;9519;657;10925;11230;4.10;0.25;372.26;17.85;1406;48;3855.00;305
9521;27;4202864;9521;658;10927;11230;4.09;0.25;372.50;17.85;1406;48;3856.00;303
9523;27;4202880;9523;657;10927;11230;4.12;0.25;372.50;17.85;1404;48;3857.00;303
9527;27;4202894;9527;662;10927;11231;4.12;0.25;372.60;17.85;1400;48;3858.00;304
9527;27;4202910;9527;667;10927;11231;4.16;0.25;372.60;17.85;1400;48;3859.00;304
9529;27;4202924;9529;666;10932;11237;4.19;0.25;372.64;17.84;1403;48;3860.00;305
9530;27;4202939;9530;662;10933;11238;4.19;0.25;372.60;17.84;1403;48;3861.00;305
9531;27;4202954;9531;657;10933;11238;4.15;0.25;372.60;17.84;1402;48;3862.00;305
9533;27;4202969;9533;657;10933;11238;4.14;0.25;372.62;17.84;1400;48;3863.00;305
9534;27;4202984;9534;649;10936;11242;4.14;0.25;372.67;17.84;1402;48;3864.00;306
9534;27;4202999;9534;653;10936;11242;4.14;0.25;372.67;17.84;1402;48;3865.00;306
9536;27;4203014;9536;647;10936;11242;4.09;0.25;372.60;17.84;1400;48;3866.00;306
9537;27;4203028;9537;637;10937;11243;4.09;0.25;372.67;17.84;1400;48;3867.00;306
9538;27;4203042;9538;644;10940;11247;4.07;0.25;372.70;17.83;1402;48;3868.00;307
9540;27;4203057;9540;649;10940;11247;4.03;0.24;372.71;17.83;1400;48;3869.00;307
9542;27;4203073;9542;652;10944;11253;3.99;0.24;372.70;17.82;1402;48;3870.00;309
9545;27;4203087;9545;655;10945;11253;3.97;0.24;372.70;17.82;1400;48;3871.00;308
9550;27;4203101;9550;655;10946;11253;3.96;0.24;372.72;17.82;1396;48;3872.00;307
9552;27;4203115;9552;656;10946;11253;3.90;0.24;372.78;17.82;1394;48;3873.00;307
9554;27;4203129;9554;658;10950;11257;3.93;0.24;372.72;17.82;1396;48;3874.00;307
9555;27;4203144;9555;659;10950;11257;3.93;0.24;372.77;17.82;1395;48;3875.00;307
9558;27;4203158;9558;659;10950;11257;3.90;0.24;372.72;17.82;1392;48;3876.00;307
9559;27;4203172;9559;662;10950;11257;3.88;0.24;372.68;17.82;1391;48;3877.00;307
9559;27;4203186;9559;652;10950;11258;3.87;0.24;372.68;17.82;1391;48;3878.00;308
9559;27;4203200;9559;662;10951;11259;3.91;0.24;372.68;17.81;1392;48;3879.00;308
9562;27;4203214;9562;659;10951;11259;3.85;0.24;372.60;17.81;1389;48;3880.00;308
9563;27;4203228;9563;651;10952;11260;3.87;0.24;372.59;17.81;1389;48;3881.00;308
9565;27;4203241;9565;657;10952;11260;3.85;0.24;372.55;17.81;1387;48;3882.00;308
9566;27;4203255;9566;654;10952;11260;3.81;0.23;372.55;17.81;1386;48;3883.00;308
9570;27;4203270;9570;653;10952;11260;3.76;0.23;372.53;17.81;1382;48;3884.00;308
9571;27;4203284;9571;648;10953;11260;3.78;0.23;372.52;17.92;1382;48;3885.00;307
9571;27;4203298;9571;646;10953;11260;3.81;0.23;372.52;17.92;1382;48;3886.00;307
9574;27;4203311;9574;645;10953;11260;3.79;0.23;372.56;17.92;1379;48;3887.00;307
9576;27;4203326;9576;664;11023;11387;3.95;0.24;372.52;17.80;1447;48;3888.00;364
9577;27;4203349;9577;638;11023;11388;3.95;0.24;372.54;17.80;1446;48;3889.00;365
9577;27;4203364;9577;606;11031;11388;4.09;0.25;372.54;17.79;1454;48;3890.00;357
9579;27;4203378;9579;591;11032;11388;4.16;0.26;372.49;17.79;1453;48;3891.00;356
9581;27;4203394;9581;578;11038;11388;4.28;0.26;372.50;17.78;1457;48;3892.00;350
9582;27;4203409;9582;567;11041;11388;4.35;0.27;372.49;17.78;1459;48;3893.00;347
9585;27;4203424;9585;567;11044;11388;4.41;0.27;372.60;17.78;1459;48;3894.00;344
9589;27;4203439;9589;558;11047;11388;4.50;0.28;372.58;17.77;1458;48;3895.00;341
9592;27;4203459;9592;567;11050;11389;4.55;0.28;372.61;17.77;1458;48;3896.00;339
9594;27;4203474;9594;553;11055;11390;4.56;0.28;372.62;17.77;1461;48;3897.00;335
9595;27;4203490;9595;556;11057;11390;4.58;0.28;372.60;17.76;1462;48;3898.00;333
9596;27;4203505;9596;548;11060;11391;4.59;0.28;372.59;17.86;1464;48;3899.00;331
9598;27;4203523;9598;546;11068;11406;4.57;0.28;372.56;18.01;1470;48;3900.00;338
9599;27;4203547;9599;541;11069;11406;4.57;0.28;372.53;18.01;1470;48;3901.00;337
9602;27;4203562;9602;542;11073;11406;4.51;0.28;372.54;18.01;1471;48;3902.00;333
9603;28;4203579;9603;547;11074;11410;4.52;0.28;372.64;18.00;1471;49;3903.00;336
9604;28;4203611;9604;548;11077;11410;4.48;0.27;372.63;18.09;1473;49;3904.00;333
9608;28;4203627;9608;549;11081;11410;4.43;0.27;372.61;18.09;1473;49;3905.00;329
9610;28;4203648;9610;545;11084;11413;4.42;0.27;372.64;18.09;1474;49;3906.00;329
9611;28;4203669;9611;539;11084;11413;4.46;0.27;372.60;18.09;1473;49;3907.00;329
9614;28;4203685;9614;545;11086;11413;4.43;0.27;372.55;18.08;1472;49;3908.00;327
9615;28;4203704;9615;555;11089;11417;4.47;0.27;372.54;18.08;1474;49;3909.00;328
9616;28;4203720;9616;555;11090;11418;4.48;0.27;372.60;18.08;1474;49;3910.00;328
9618;28;4203736;9618;549;11092;11418;4.47;0.27;372.55;18.08;1474;49;3911.00;326
9620;28;4203757;9620;557;11095;11422;4.45;0.27;372.56;18.07;1475;49;3912.00;327
9621;28;4203773;9621;559;11098;11422;4.50;0.27;372.53;18.07;1477;49;3913.00;324
9622;28;4203789;9622;554;11098;11422;4.51;0.27;372.56;18.07;1476;49;3914.00;324
9623;28;4203805;9623;559;11100;11424;4.54;0.28;372.55;18.07;1477;49;3915.00;324
9626;28;4203822;9626;558;11100;11424;4.53;0.28;372.54;18.07;1474;49;3916.00;324
9630;28;4203837;9630;556;11105;11430;4.57;0.28;372.57;18.07;1475;49;3917.00;325
9632;28;4203853;9632;559;11106;11430;4.56;0.28;372.61;18.07;1474;49;3918.00;324
9636;28;4203869;9636;564;11107;11431;4.54;0.28;372.63;18.06;1471;49;3919.00;324
9638;28;4203884;9638;569;11108;11431;4.54;0.28;372.65;18.16;1470;49;3920.00;323
9642;28;4203899;9642;564;11108;11431;4.52;0.28;372.66;18.16;1466;49;3921.00;323
9645;28;4203914;9645;563;11108;11431;4.49;0.27;372.66;18.16;1463;49;3922.00;323
9647;28;4203929;9647;563;11109;11431;4.46;0.27;372.76;18.16;1462;49;3923.00;322
9650;28;4203943;9650;568;11117;11443;4.48;0.27;372.88;18.15;1467;49;3924.00;326
9651;28;4203959;9651;568;11119;11443;4.50;0.27;373.00;18.14;1468;49;3925.00;324
9653;28;4203974;9653;571;11120;11443;4.50;0.27;373.05;18.14;1467;49;3926.00;323
9654;28;4203989;9654;571;11124;11443;4.51;0.27;373.09;18.30;1470;49;3927.00;319
9655;28;4204004;9655;570;11124;11443;4.51;0.27;373.17;18.30;1469;49;3928.00;319
9657;28;4204019;9657;570;11126;11443;4.46;0.27;373.25;18.46;1469;49;3929.00;317
9658;28;4204036;9658;566;11129;11447;4.44;0.27;373.28;18.46;1471;49;3930.00;318
9660;28;4204051;9660;579;11129;11447;4.44;0.27;373.25;18.46;1469;49;3931.00;318
9663;28;4204066;9663;593;11134;11451;4.48;0.27;373.42;18.53;1471;49;3932.00;317
9666;28;4204083;9666;595;11137;11452;4.45;0.27;373.56;18.69;1471;49;3933.00;315
9669;28;4204097;9669;596;11137;11452;4.42;0.27;373.55;18.69;1468;49;3934.00;315
9670;28;4204112;9670;600;11137;11452;4.39;0.27;373.68;18.69;1467;49;3935.00;315
9673;28;4204126;9673;607;11148;11465;4.39;0.27;373.77;18.75;1475;49;3936.00;317
9675;28;4204141;9675;611;11148;11465;4.38;0.27;373.80;18.75;1473;49;3937.00;317
9677;28;4204156;9677;625;11149;11465;4.36;0.27;373.83;18.82;1472;49;3938.00;316
9680;28;4204171;9680;627;11150;11466;4.33;0.26;373.94;18.82;1470;49;3939.00;316
9682;28;4204186;9682;632;11150;11467;4.34;0.26;373.92;18.82;1468;49;3940.00;317
9685;28;4204200;9685;641;11151;11467;4.31;0.26;374.09;18.90;1466;49;3941.00;316
9687;28;4204214;9687;635;11154;11470;4.30;0.26;374.25;18.90;1467;49;3942.00;316
9689;28;4204229;9689;651;11158;11470;4.33;0.26;374.31;19.13;1469;49;3943.00;312
9692;28;4204244;9692;646;11158;11470;4.35;0.27;374.49;19.13;1466;49;3944.00;312
9695;28;4204258;9695;643;11159;11470;4.32;0.26;374.59;19.13;1464;49;3945.00;311
9695;28;4204273;9695;637;11165;11476;4.33;0.26;374.59;19.20;1470;49;3946.00;311
9699;28;4204289;9699;630;11165;11476;4.29;0.26;374.61;19.20;1466;49;3947.00;311
9702;28;4204304;9702;618;11167;11476;4.25;0.26;374.57;19.35;1465;49;3948.00;309
9704;28;4204319;9704;620;11169;11476;4.27;0.26;374.54;19.43;1465;49;3949.00;307
9708;28;4204333;9708;623;11172;11480;4.25;0.26;374.71;19.42;1464;49;3950.00;308
9711;28;4204349;9711;634;11173;11481;4.25;0.26;374.79;19.42;1462;49;3951.00;308
9714;28;4204363;9714;626;11173;11481;4.26;0.26;374.89;19.42;1459;49;3952.00;308
9716;28;4204379;9716;624;11175;11482;4.29;0.26;374.84;19.50;1459;49;3953.00;307
9722;28;4204393;9722;630;11178;11482;4.27;0.26;375.04;19.72;1456;49;3954.00;304
9723;28;4204408;9723;631;11179;11482;4.27;0.26;375.09;19.80;1456;49;3955.00;303
9724;28;4204429;9724;633;11179;11482;4.28;0.26;375.19;19.80;1455;49;3956.00;303
9725;28;4204445;9725;639;11179;11482;4.28;0.26;375.22;19.80;1454;49;3957.00;303
9728;28;4204459;9728;640;11182;11482;4.24;0.26;375.22;20.02;1454;49;3958.00;300
9729;28;4204474;9729;653;11182;11482;4.23;0.26;375.21;20.02;1453;49;3959.00;300
9734;28;4204490;9734;656;11242;11607;4.34;0.27;375.30;19.92;1508;49;3960.00;365
9740;28;4204518;9740;643;11249;11608;4.32;0.27;375.26;19.98;1509;49;3961.00;359
9743;28;4204534;9743;637;11256;11608;4.33;0.27;375.37;20.04;1513;49;3962.00;352
9749;28;4204550;9749;638;11263;11608;4.28;0.26;375.45;20.11;1514;49;3963.00;345
9751;28;4204565;9751;647;11266;11608;4.27;0.26;375.45;20.10;1515;49;3964.00;342
9757;28;4204586;9757;648;11271;11608;4.26;0.26;375.52;20.24;1514;49;3965.00;337
9759;28;4204607;9759;656;11276;11608;4.27;0.26;375.60;20.23;1517;49;3966.00;332
9762;28;4204627;9762;649;11279;11608;4.28;0.26;375.73;20.23;1517;49;3967.00;329
9764;28;4204642;9764;646;11282;11609;4.30;0.26;375.75;20.23;1518;49;3968.00;327
9768;28;4204658;9768;644;11283;11610;4.26;0.26;375.97;20.23;1515;49;3969.00;327
9771;28;4204673;9771;652;11285;11610;4.27;0.26;375.93;20.22;1514;49;3970.00;325
9774;28;4204697;9774;646;11289;11614;4.29;0.26;376.05;20.22;1515;49;3971.00;325
9778;28;4204713;9778;640;11289;11614;4.24;0.26;376.18;20.22;1511;49;3972.00;325
9783;28;4204734;9783;639;11289;11614;4.21;0.26;376.19;20.22;1506;49;3973.00;325
9785;28;4204750;9785;632;11289;11614;4.17;0.25;376.25;20.22;1504;49;3974.00;325
9789;28;4204765;9789;629;11293;11620;4.07;0.25;376.32;20.21;1504;49;3975.00;327
9795;28;4204781;9795;633;11293;11620;4.01;0.24;376.43;20.21;1498;49;3976.00;327
9797;28;4204798;9797;632;11293;11620;4.00;0.24;376.57;20.21;1496;49;3977.00;327
9801;28;4204812;9801;635;11294;11623;4.00;0.24;376.56;20.21;1493;49;3978.00;329
9805;28;4204829;9805;639;11294;11623;3.95;0.24;376.75;20.21;1489;49;3979.00;329
9807;28;4204843;9807;630;11294;11623;3.92;0.24;376.79;20.21;1487;49;3980.00;329
9811;28;4204858;9811;631;11295;11624;3.88;0.24;376.78;20.21;1484;49;3981.00;329
9815;28;4204873;9815;636;11296;11625;3.87;0.24;376.78;20.21;1481;49;3982.00;329
9817;28;4204889;9817;635;11296;11625;3.86;0.24;376.82;20.21;1479;49;3983.00;329
9819;28;4204903;9819;635;11305;11638;3.88;0.24;376.87;20.19;1486;49;3984.00;333
9823;28;4204919;9823;637;11305;11638;3.83;0.23;377.05;20.19;1482;50;3985.00;333
9827;28;4204943;9827;640;11307;11638;3.76;0.23;377.11;20.19;1480;50;3986.00;331
9831;28;4204959;9831;650;11307;11639;3.69;0.22;377.11;20.19;1476;50;3987.00;332
9833;28;4204975;9833;665;11307;11639;3.66;0.22;377.11;20.19;1474;50;3988.00;332
9838;28;4204990;9838;674;11310;11643;3.63;0.22;377.10;20.18;1472;50;3989.00;333
9841;28;4205008;9841;672;11310;11643;3.60;0.22;377.22;20.18;1469;50;3990.00;333
9844;28;4205023;9844;675;11313;11647;3.59;0.22;377.31;20.18;1469;50;3991.00;334
9851;28;4205038;9851;676;11314;11647;3.53;0.22;377.47;20.18;1463;50;3992.00;333
9855;28;4205054;9855;668;11314;11647;3.50;0.21;377.68;20.18;1459;50;3993.00;333
9858;28;4205068;9858;673;11314;11647;3.46;0.21;377.73;20.18;1456;50;3994.00;333
9860;28;4205083;9860;670;11314;11647;3.43;0.21;377.75;20.18;1454;50;3995.00;333
9864;28;4205097;9864;673;11323;11659;3.47;0.21;377.80;20.16;1459;50;3996.00;336
9870;28;4205113;9870;676;11323;11659;3.42;0.21;377.79;20.16;1453;50;3997.00;336
9871;28;4205128;9871;680;11324;11659;3.40;0.21;377.80;20.17;1453;50;3998.00;335
9874;28;4205141;9874;682;11325;11659;3.37;0.21;377.85;20.17;1451;50;3999.00;334
9874;28;4205157;9874;692;11325;11659;3.39;0.21;377.85;20.17;1451;50;4000.00;334
9878;28;4205174;9878;694;11325;11659;3.34;0.20;377.91;20.17;1447;50;4001.00;334
9879;28;4205188;9879;691;11326;11660;3.32;0.20;377.91;20.17;1447;50;4002.00;334
9881;28;4205202;9881;699;11328;11660;3.30;0.20;377.93;20.17;1447;50;4003.00;332
9884;28;4205215;9884;701;11332;11666;3.28;0.20;377.94;20.17;1448;50;4004.00;334
9885;28;4205229;9885;703;11333;11668;3.29;0.20;378.06;20.16;1448;50;4005.00;335
9888;28;4205243;9888;718;11335;11668;3.22;0.20;378.06;20.17;1447;50;4006.00;333
9893;28;4205257;9893;709;11335;11668;3.17;0.19;378.35;20.17;1442;50;4007.00;333
9894;28;4205271;9894;696;11339;11672;3.20;0.20;378.33;20.16;1445;50;4008.00;333
9896;28;4205286;9896;704;11339;11672;3.19;0.20;378.31;20.16;1443;50;4009.00;333
9900;28;4205300;9900;698;11339;11672;3.16;0.19;378.21;20.16;1439;50;4010.00;333
9901;28;4205314;9901;700;11341;11673;3.17;0.19;378.29;20.16;1440;50;4011.00;332
9902;28;4205333;9902;704;11345;11677;3.20;0.20;378.26;20.16;1443;50;4012.00;332
9904;28;4205347;9904;710;11345;11677;3.21;0.20;378.31;20.16;1441;50;4013.00;332
9904;28;4205361;9904;718;11347;11680;3.26;0.20;378.31;20.15;1443;50;4014.00;333
9908;28;4205375;9908;721;11348;11680;3.26;0.20;378.24;20.15;1440;50;4015.00;332
9910;28;4205389;9910;711;11348;11680;3.27;0.20;378.25;20.15;1438;50;4016.00;332
9912;28;4205409;9912;699;11350;11680;3.29;0.20;378.32;20.15;1438;50;4017.00;330
9913;28;4205423;9913;696;11353;11684;3.33;0.20;378.29;20.15;1440;50;4018.00;331
9916;28;4205438;9916;683;11354;11684;3.35;0.21;378.25;20.15;1438;50;4019.00;330
9917;28;4205458;9917;688;11354;11684;3.41;0.21;378.21;20.15;1437;50;4020.00;330
9919;28;4205473;9919;678;11354;11684;3.44;0.21;378.16;20.15;1435;50;4021.00;330
9923;28;4205488;9923;677;11354;11685;3.45;0.21;378.12;20.15;1431;50;4022.00;331
9928;28;4205502;9928;679;11356;11686;3.45;0.21;378.03;20.15;1428;50;4023.00;330
9931;28;4205516;9931;686;11357;11686;3.46;0.21;377.99;20.14;1426;50;4024.00;329
9931;28;4205530;9931;684;11358;11687;3.54;0.22;377.99;20.14;1427;50;4025.00;329
9932;28;4205544;9932;684;11358;11687;3.59;0.22;377.95;20.14;1426;50;4026.00;329
9933;28;4205558;9933;682;11359;11687;3.61;0.22;377.95;20.14;1426;50;4027.00;328
9933;28;4205572;9933;682;11359;11687;3.67;0.22;377.95;20.14;1426;50;4028.00;328
9933;28;4205586;9933;683;11359;11687;3.72;0.23;377.95;20.14;1426;50;4029.00;328
9934;28;4205601;9934;687;11359;11687;3.74;0.23;377.98;20.14;1425;50;4030.00;328
9936;28;4205614;9936;690;11359;11687;3.77;0.23;377.98;20.14;1423;50;4031.00;328
9936;28;4205629;9936;726;11428;11814;4.03;0.25;377.98;20.02;1492;50;4032.00;386
9939;28;4205652;9939;714;11428;11815;4.01;0.25;378.09;20.02;1489;50;4033.00;387
9939;28;4205667;9939;700;11434;11815;4.09;0.25;378.09;20.01;1495;50;4034.00;381
9942;28;4205682;9942;695;11435;11815;4.07;0.25;378.08;20.01;1493;50;4035.00;380
9943;28;4205699;9943;677;11441;11815;4.07;0.25;378.04;20.00;1498;51;4036.00;374
9946;28;4205722;9946;678;11443;11815;4.04;0.25;378.09;20.00;1497;51;4037.00;372
9947;28;4205738;9947;667;11447;11815;4.06;0.25;378.10;19.99;1500;51;4038.00;368
9950;28;4205753;9950;661;11448;11815;4.08;0.25;378.15;19.99;1498;51;4039.00;367
9951;28;4205769;9951;660;11451;11816;4.13;0.25;378.19;19.99;1500;51;4040.00;365
9954;28;4205784;9954;658;11456;11817;4.18;0.26;378.26;19.98;1502;51;4041.00;361
9957;29;4205800;9957;654;11458;11817;4.19;0.26;378.25;19.98;1501;52;4042.00;359
9959;29;4205827;9959;660;11460;11818;4.22;0.26;378.24;19.98;1501;52;4043.00;358
9959;29;4205843;9959;664;11462;11818;4.27;0.26;378.24;19.98;1503;52;4044.00;356
9962;29;4205859;9962;660;11463;11818;4.25;0.26;378.32;19.98;1501;52;4045.00;355
9963;29;4205875;9963;653;11468;11818;4.23;0.26;378.33;19.98;1505;52;4046.00;350
9965;29;4205891;9965;660;11472;11822;4.24;0.26;378.45;19.97;1507;52;4047.00;350
9966;29;4205908;9966;648;11474;11822;4.22;0.26;378.43;19.97;1508;52;4048.00;348
9969;29;4205924;9969;641;11475;11822;4.19;0.26;378.47;19.97;1506;52;4049.00;347
9969;29;4205946;9969;633;11479;11828;4.20;0.26;378.47;19.97;1510;52;4050.00;349
9970;29;4205963;9970;635;11480;11828;4.21;0.26;378.44;19.97;1510;52;4051.00;348
9971;29;4205979;9971;628;11483;11828;4.20;0.26;378.46;19.96;1512;52;4052.00;345
9971;29;4205994;9971;632;11486;11832;4.24;0.26;378.46;19.96;1515;52;4053.00;346
9971;29;4206010;9971;613;11487;11833;4.32;0.26;378.46;19.96;1516;52;4054.00;346
9973;29;4206027;9973;605;11487;11833;4.39;0.27;378.48;19.96;1514;52;4055.00;346
9977;29;4206053;9977;592;11490;11837;4.43;0.27;378.68;19.95;1513;52;4056.00;347
9980;29;4206075;9980;583;11493;11837;4.48;0.27;378.64;19.95;1513;52;4057.00;344
9981;29;4206091;9981;582;11493;11837;4.48;0.27;378.62;19.95;1512;52;4058.00;344
9984;29;4206107;9984;576;11494;11838;4.49;0.27;378.76;19.95;1510;52;4059.00;344
9986;29;4206124;9986;575;11494;11838;4.49;0.27;378.78;19.95;1508;52;4060.00;344
9988;29;4206140;9988;569;11498;11844;4.48;0.27;378.80;19.94;1510;52;4061.00;346
9991;29;4206156;9991;565;11498;11844;4.47;0.27;378.88;19.94;1507;52;4062.00;346
9994;29;4206172;9994;561;11498;11845;4.47;0.27;378.92;19.94;1504;52;4063.00;347
9997;29;4206189;9997;548;11498;11845;4.46;0.27;378.88;19.94;1501;52;4064.00;347
10001;29;4206204;10001;545;11499;11845;4.46;0.27;378.87;20.02;1498;52;4065.00;346
10003;29;4206222;10003;541;11499;11845;4.49;0.27;378.91;20.02;1496;52;4066.00;346
10006;29;4206244;10006;542;11499;11845;4.48;0.27;379.02;20.02;1493;52;4067.00;346
10008;29;4206259;10008;544;11509;11857;4.54;0.28;379.02;20.00;1501;52;4068.00;348
10011;29;4206276;10011;538;11510;11857;4.55;0.28;379.11;20.00;1499;52;4069.00;347
10014;29;4206291;10014;528;11510;11857;4.59;0.28;379.21;20.00;1496;52;4070.00;347
10016;29;4206308;10016;530;11510;11857;4.61;0.28;379.22;20.00;1494;52;4071.00;347
10018;29;4206323;10018;532;11511;11857;4.61;0.28;379.22;20.00;1493;52;4072.00;346
10022;29;4206340;10022;528;11511;11857;4.61;0.28;379.33;20.00;1489;52;4073.00;346
10023;29;4206356;10023;535;11514;11861;4.58;0.28;379.42;20.00;1491;52;4074.00;347
10025;29;4206378;10025;536;11515;11861;4.57;0.28;379.46;20.00;1490;52;4075.00;346
10030;29;4206394;10030;540;11519;11865;4.58;0.28;379.68;19.99;1489;52;4076.00;346
10030;29;4206410;10030;550;11521;11866;4.61;0.28;379.68;20.07;1491;52;4077.00;345
10033;29;4206425;10033;554;11523;11866;4.57;0.28;379.75;20.07;1490;52;4078.00;343
10036;29;4206442;10036;561;11523;11866;4.53;0.28;379.74;20.07;1487;52;4079.00;343
10036;29;4206459;10036;573;11544;11895;4.56;0.28;379.74;20.03;1508;52;4080.00;351
10039;29;4206477;10039;572;11544;11895;4.52;0.28;379.82;20.03;1505;52;4081.00;351
10042;29;4206494;10042;570;11546;11895;4.48;0.27;380.00;20.03;1504;52;4082.00;349
10044;29;4206509;10044;575;11548;11896;4.51;0.27;380.12;20.03;1504;52;4083.00;348
10047;29;4206524;10047;576;11549;11897;4.50;0.27;380.24;20.03;1502;52;4084.00;348
10047;29;4206540;10047;584;11549;11897;4.50;0.27;380.24;20.03;1502;52;4085.00;348
10050;29;4206555;10050;587;11552;11900;4.54;0.28;380.38;20.10;1502;52;4086.00;348
10055;29;4206572;10055;588;11552;11900;4.53;0.28;380.43;20.10;1497;52;4087.00;348
10056;29;4206588;10056;592;11553;11900;4.55;0.28;380.46;20.10;1497;52;4088.00;347
10058;29;4206604;10058;592;11554;11900;4.56;0.28;380.57;20.18;1496;52;4089.00;346
10063;29;4206619;10063;597;11559;11906;4.56;0.28;380.67;20.17;1496;52;4090.00;347
10064;29;4206635;10064;605;11559;11906;4.54;0.28;380.71;20.17;1495;52;4091.00;347
10067;29;4206651;10067;606;11560;11906;4.47;0.27;380.79;20.25;1493;52;4092.00;346
10067;29;4206666;10067;610;11560;11906;4.49;0.27;380.79;20.25;1493;52;4093.00;346
10070;29;4206681;10070;611;11563;11910;4.46;0.27;380.78;20.25;1493;53;4094.00;347
10070;29;4206706;10070;621;11567;11912;4.46;0.27;380.78;20.40;1497;53;4095.00;345
10073;29;4206721;10073;624;11567;11912;4.41;0.27;380.81;20.40;1494;53;4096.00;345
10074;29;4206737;10074;628;11568;11913;4.42;0.27;380.92;20.40;1494;53;4097.00;345
10078;29;4206752;10078;632;11569;11913;4.36;0.27;380.92;20.48;1491;53;4098.00;344
10082;29;4206767;10082;637;11569;11913;4.32;0.26;380.91;20.48;1487;53;4099.00;344
10086;29;4206783;10086;639;11570;11913;4.32;0.26;380.98;20.56;1484;53;4100.00;343
10092;29;4206802;10092;644;11570;11913;4.28;0.26;380.92;20.56;1478;53;4101.00;343
10096;29;4206818;10096;651;11570;11913;4.26;0.26;380.86;20.56;1474;53;4102.00;343
10097;29;4206833;10097;648;11571;11913;4.25;0.26;380.98;20.64;1474;53;4103.00;342
10100;29;4206853;10100;660;11607;11983;4.39;0.27;380.99;20.57;1507;53;4104.00;376
10103;29;4206874;10103;664;11609;11984;4.33;0.26;380.98;20.57;1506;53;4105.00;375
10106;29;4206894;10106;668;11617;11984;4.31;0.26;381.00;20.64;1511;53;4106.00;367
10106;29;4206910;10106;674;11617;11984;4.29;0.26;381.00;20.64;1511;53;4107.00;367
10110;29;4206925;10110;672;11623;11984;4.26;0.26;381.08;20.71;1513;53;4108.00;361
10112;29;4206940;10112;668;11623;11984;4.22;0.26;381.14;20.71;1511;53;4109.00;361
10113;29;4206958;10113;670;11629;11984;4.27;0.26;381.12;20.86;1516;53;4110.00;355
10115;29;4206973;10115;663;11633;11984;4.28;0.26;381.15;20.86;1518;53;4111.00;351
10118;29;4206989;10118;652;11635;11985;4.31;0.26;381.15;20.86;1517;53;4112.00;350
10122;29;4207006;10122;658;11637;11986;4.33;0.26;381.16;20.85;1515;53;4113.00;349
10123;29;4207022;10123;647;11640;11986;4.32;0.26;381.20;21.01;1517;53;4114.00;346
10124;29;4207037;10124;643;11643;11990;4.32;0.26;381.31;21.00;1519;53;4115.00;347
10128;29;4207052;10128;631;11646;11990;4.28;0.26;381.28;21.16;1518;53;4116.00;344
10132;29;4207068;10132;632;11646;11990;4.23;0.26;381.23;21.16;1514;53;4117.00;344
10133;29;4207084;10133;640;11646;11990;4.16;0.25;381.24;21.16;1513;53;4118.00;344
10134;29;4207099;10134;641;11651;11996;4.17;0.25;381.27;21.15;1517;53;4119.00;345
10139;29;4207114;10139;639;11651;11996;4.12;0.25;381.26;21.15;1512;53;4120.00;345
10141;29;4207129;10141;644;11651;11996;4.08;0.25;381.37;21.15;1510;53;4121.00;345
10143;29;4207144;10143;645;11653;11999;3.99;0.24;381.48;21.14;1510;53;4122.00;346
10144;29;4207160;10144;646;11653;11999;3.91;0.24;381.44;21.14;1509;53;4123.00;346
10148;29;4207174;10148;652;11654;11999;3.84;0.23;381.54;21.14;1506;53;4124.00;345
10152;29;4207187;10152;644;11654;12000;3.81;0.23;381.52;21.14;1502;53;4125.00;346
10159;29;4207202;10159;639;11655;12001;3.78;0.23;381.60;21.14;1496;53;4126.00;346
10161;29;4207216;10161;634;11655;12001;3.78;0.23;381.71;21.14;1494;53;4127.00;346
10163;29;4207231;10163;633;11665;12014;3.81;0.23;381.70;21.12;1502;53;4128.00;349
10169;29;4207247;10169;630;11666;12014;3.78;0.23;381.79;21.12;1497;53;4129.00;348
10171;29;4207261;10171;628;11667;12014;3.79;0.23;381.95;21.12;1496;53;4130.00;347
10174;29;4207277;10174;633;11668;12015;3.75;0.23;382.02;21.12;1494;53;4131.00;347
10178;29;4207292;10178;629;11668;12015;3.73;0.23;382.07;21.12;1490;53;4132.00;347
10182;29;4207307;10182;623;11671;12019;3.77;0.23;382.16;21.11;1489;53;4133.00;348
10183;29;4207322;10183;623;11672;12019;3.77;0.23;382.15;21.11;1489;53;4134.00;347
10187;29;4207337;10187;624;11674;12023;3.76;0.23;382.21;21.11;1487;53;4135.00;349
10191;29;4207353;10191;619;11674;12023;3.78;0.23;382.22;21.11;1483;53;4136.00;349
10196;29;4207369;10196;619;11674;12023;3.78;0.23;382.16;21.11;1478;53;4137.00;349
10198;29;4207383;10198;620;11675;12023;3.80;0.23;382.23;21.11;1477;53;4138.00;348
10200;29;4207399;10200;619;11676;12023;3.80;0.23;382.26;21.11;1476;53;4139.00;347
10206;29;4207416;10206;624;11702;12057;3.92;0.24;382.39;21.17;1496;53;4140.00;355
10213;29;4207435;10213;613;11704;12057;3.89;0.24;382.41;21.17;1491;53;4141.00;353
10218;29;4207450;10218;616;11705;12057;3.89;0.24;382.59;21.17;1487;53;4142.00;352
10222;29;4207465;10222;621;11705;12057;3.90;0.24;382.55;21.17;1483;53;4143.00;352
10229;29;4207480;10229;623;11706;12057;3.83;0.24;382.48;21.17;1477;53;4144.00;351
10232;29;4207496;10232;629;11706;12057;3.79;0.23;382.61;21.17;1474;53;4145.00;351
10238;29;4207511;10238;628;11706;12058;3.74;0.23;382.81;21.17;1468;53;4146.00;352
10245;29;4207526;10245;629;11706;12058;3.67;0.23;382.73;21.17;1461;53;4147.00;352
10249;29;4207541;10249;628;11710;12064;3.62;0.22;382.75;21.16;1461;53;4148.00;354
10251;29;4207556;10251;638;11710;12065;3.57;0.22;382.79;21.16;1459;53;4149.00;355
10257;29;4207571;10257;637;11710;12065;3.49;0.21;382.90;21.16;1453;53;4150.00;355
10260;29;4207587;10260;642;11710;12065;3.44;0.21;382.94;21.16;1450;53;4151.00;355
10262;29;4207602;10262;646;11713;12069;3.41;0.21;382.92;21.16;1451;53;4152.00;356
10267;29;4207617;10267;652;11713;12069;3.34;0.20;382.93;21.16;1446;53;4153.00;356
10271;29;4207633;10271;650;11713;12069;3.27;0.20;383.12;21.16;1442;53;4154.00;356
10275;29;4207647;10275;652;11714;12070;3.21;0.20;383.26;21.15;1439;53;4155.00;356
10279;29;4207661;10279;656;11717;12074;3.21;0.20;383.31;21.15;1438;53;4156.00;357
10283;29;4207675;10283;652;11717;12074;3.18;0.20;383.27;21.15;1434;53;4157.00;357
10288;29;4207690;10288;656;11718;12077;3.17;0.19;383.28;21.15;1430;53;4158.00;359
10292;29;4207706;10292;663;11718;12077;3.15;0.19;383.32;21.15;1426;53;4159.00;359
10298;29;4207720;10298;668;11718;12077;3.11;0.19;383.29;21.15;1420;53;4160.00;359
10300;29;4207734;10300;661;11719;12077;3.10;0.19;383.28;21.15;1419;53;4161.00;358
10307;29;4207747;10307;666;11722;12081;3.09;0.19;383.25;21.14;1415;53;4162.00;359
10309;29;4207762;10309;667;11722;12081;3.10;0.19;383.22;21.14;1413;53;4163.00;359
10312;29;4207776;10312;682;11724;12081;3.09;0.19;383.23;21.14;1412;53;4164.00;357
10314;29;4207790;10314;688;11724;12081;3.10;0.19;383.22;21.14;1410;53;4165.00;357
10314;29;4207803;10314;687;11724;12082;3.11;0.19;383.22;21.14;1410;53;4166.00;358
10316;29;4207816;10316;698;11724;12083;3.12;0.19;383.30;21.14;1408;53;4167.00;359
10318;29;4207830;10318;701;11726;12083;3.14;0.19;383.30;21.14;1408;53;4168.00;357
10321;29;4207843;10321;707;11727;12084;3.12;0.19;383.33;21.14;1406;53;4169.00;357
10325;29;4207860;10325;712;11728;12084;3.04;0.19;383.34;21.14;1403;53;4170.00;356
10326;29;4207873;10326;716;11728;12084;3.01;0.18;383.31;21.14;1402;53;4171.00;356
10327;29;4207886;10327;712;11729;12084;2.98;0.18;383.27;21.14;1402;53;4172.00;355
10327;29;4207901;10327;711;11733;12086;2.96;0.18;383.27;21.24;1406;53;4173.00;353
10331;29;4207915;10331;709;11733;12086;2.94;0.18;383.50;21.24;1402;53;4174.00;353
10334;29;4207928;10334;702;11733;12086;2.94;0.18;383.48;21.24;1399;53;4175.00;353
10336;29;4207942;10336;712;11802;12213;3.34;0.21;383.49;21.12;1466;53;4176.00;411
10337;29;4207964;10337;712;11807;12214;3.37;0.21;383.46;21.11;1470;53;4177.00;407
10338;29;4207980;10338;707;11815;12214;3.39;0.21;383.46;21.10;1477;53;4178.00;399
10338;29;4207994;10338;702;11818;12214;3.40;0.21;383.46;21.09;1480;53;4179.00;396
10341;29;4208009;10341;699;11822;12214;3.36;0.21;383.40;21.09;1481;53;4180.00;392
10342;29;4208023;10342;687;11824;12214;3.34;0.21;383.40;21.08;1482;53;4181.00;390
10343;29;4208037;10343;680;11826;12214;3.33;0.20;383.39;21.08;1483;53;4182.00;388
10344;29;4208051;10344;660;11829;12214;3.37;0.21;383.37;21.08;1485;53;4183.00;385
10344;29;4208068;10344;646;11830;12215;3.40;0.21;383.37;21.08;1486;53;4184.00;385
10345;29;4208088;10345;646;11832;12217;3.42;0.21;383.36;21.07;1487;53;4185.00;385
10345;29;4208103;10345;640;11834;12217;3.46;0.21;383.36;21.07;1489;53;4186.00;383
10346;29;4208119;10346;641;11837;12218;3.52;0.22;383.42;21.07;1491;53;4187.00;381
10346;29;4208135;10346;648;11839;12218;3.59;0.22;383.42;21.07;1493;53;4188.00;379
10346;29;4208151;10346;643;11842;12218;3.65;0.22;383.42;21.06;1496;53;4189.00;376
10349;29;4208166;10349;636;11842;12218;3.72;0.23;383.42;21.06;1493;53;4190.00;376
10349;29;4208182;10349;640;11845;12222;3.78;0.23;383.42;21.06;1496;53;4191.00;377
10349;29;4208204;10349;644;11847;12222;3.83;0.23;383.42;21.06;1498;53;4192.00;375
10349;29;4208225;10349;642;11847;12222;3.89;0.24;383.42;21.06;1498;53;4193.00;375
10349;29;4208241;10349;639;11848;12225;3.97;0.24;383.42;21.06;1499;53;4194.00;377
10350;29;4208257;10350;637;11848;12225;4.00;0.24;383.42;21.06;1498;53;4195.00;377
10350;29;4208279;10350;629;11848;12225;4.03;0.24;383.42;21.06;1498;53;4196.00;377
10352;29;4208295;10352;636;11851;12229;4.05;0.25;383.41;21.05;1499;53;4197.00;378
10352;29;4208312;10352;633;11852;12230;4.07;0.25;383.41;21.05;1500;53;4198.00;378
10355;29;4208329;10355;635;11853;12230;4.09;0.25;383.46;21.05;1498;53;4199.00;377
10358;29;4208348;10358;643;11864;12264;4.11;0.25;383.35;21.03;1506;53;4200.00;400
10358;29;4208371;10358;646;11864;12264;4.13;0.25;383.35;21.03;1506;53;4201.00;400
10358;29;4208387;10358;636;11864;12264;4.17;0.25;383.35;21.03;1506;53;4202.00;400
10358;29;4208403;10358;637;11866;12265;4.20;0.25;383.35;21.03;1508;53;4203.00;399
10360;29;4208419;10360;642;11868;12265;4.22;0.26;383.41;21.03;1508;53;4204.00;397
10360;29;4208437;10360;642;11871;12271;4.23;0.26;383.41;21.02;1511;53;4205.00;400
10361;29;4208454;10361;637;11875;12271;4.26;0.26;383.45;21.02;1514;53;4206.00;396
10365;29;4208470;10365;636;11875;12272;4.28;0.26;383.57;21.02;1510;53;4207.00;397
10365;29;4208488;10365;633;11875;12272;4.32;0.26;383.57;21.02;1510;53;4208.00;397
10368;29;4208504;10368;633;11877;12272;4.32;0.26;383.59;21.02;1509;53;4209.00;395
10370;29;4208521;10370;634;11879;12272;4.35;0.26;383.61;21.02;1509;53;4210.00;393
10371;29;4208537;10371;637;11880;12272;4.40;0.27;383.60;21.02;1509;53;4211.00;392
10373;29;4208554;10373;630;11889;12284;4.42;0.27;383.56;21.01;1516;53;4212.00;395
10376;29;4208576;10376;632;11890;12284;4.43;0.27;383.69;21.01;1514;53;4213.00;394
10377;29;4208598;10377;631;11892;12284;4.44;0.27;383.79;21.12;1515;53;4214.00;392
10378;29;4208615;10378;628;11895;12284;4.46;0.27;383.79;21.12;1517;53;4215.00;389
10380;29;4208632;10380;615;11896;12284;4.46;0.27;383.92;21.12;1516;53;4216.00;388
10381;29;4208649;10381;602;11897;12284;4.48;0.27;384.01;21.12;1516;53;4217.00;387
10383;29;4208665;10383;605;11902;12288;4.50;0.27;384.11;21.11;1519;53;4218.00;386
10387;29;4208681;10387;596;11902;12288;4.50;0.27;384.18;21.11;1515;53;4219.00;386
10390;30;4208698;10390;585;11905;12292;4.51;0.27;384.21;21.11;1515;54;4220.00;387
10390;30;4208731;10390;578;11906;12293;4.57;0.28;384.21;21.11;1516;54;4221.00;387
10393;30;4208746;10393;575;11907;12293;4.59;0.28;384.34;21.11;1514;54;4222.00;386
10395;30;4208762;10395;569;11908;12293;4.64;0.28;384.40;21.11;1513;54;4223.00;385
10397;30;4208787;10397;565;11917;12306;4.71;0.29;384.47;21.09;1520;54;4224.00;389
10401;30;4208804;10401;556;11918;12306;4.74;0.29;384.54;21.09;1517;54;4225.00;388
10404;30;4208821;10404;551;11919;12306;4.75;0.29;384.70;21.09;1515;54;4226.00;387
10405;30;4208837;10405;558;11920;12307;4.76;0.29;384.81;21.09;1515;54;4227.00;387
10409;30;4208853;10409;558;11921;12308;4.75;0.29;384.92;21.09;1512;54;4228.00;387
10415;30;4208870;10415;560;11922;12308;4.74;0.29;385.02;21.20;1507;54;4229.00;386
10417;30;4208889;10417;565;11926;12314;4.76;0.29;385.02;21.20;1509;54;4230.00;388
10420;30;4208907;10420;557;11928;12314;4.78;0.29;385.24;21.20;1508;54;4231.00;386
10424;30;4208923;10424;565;11928;12314;4.75;0.29;385.31;21.20;1504;54;4232.00;386
10428;30;4208940;10428;574;11929;12314;4.73;0.29;385.35;21.31;1501;54;4233.00;385
10432;30;4208956;10432;570;11933;12320;4.71;0.29;385.45;21.30;1501;54;4234.00;387
10434;30;4208973;10434;574;11933;12320;4.67;0.28;385.49;21.30;1499;54;4235.00;387
10436;30;4208990;10436;574;11934;12320;4.61;0.28;385.62;21.30;1498;54;4236.00;386
10440;30;4209006;10440;580;11935;12320;4.54;0.27;385.62;21.30;1495;54;4237.00;385
10444;30;4209024;10444;572;11938;12324;4.51;0.27;385.57;21.30;1494;54;4238.00;386
10446;30;4209040;10446;577;11939;12325;4.45;0.27;385.60;21.30;1493;54;4239.00;386
10449;30;4209057;10449;586;11939;12325;4.47;0.27;385.54;21.30;1490;54;4240.00;386
10451;30;4209072;10451;592;11941;12326;4.45;0.27;385.58;21.41;1490;54;4241.00;385
10452;30;4209089;10452;589;11943;12326;4.40;0.27;385.65;21.41;1491;54;4242.00;383
10456;30;4209105;10456;591;11944;12326;4.31;0.26;385.78;21.41;1488;54;4243.00;382
10458;30;4209121;10458;596;11944;12326;4.28;0.26;385.76;21.41;1486;54;4244.00;382
10460;30;4209137;10460;602;11944;12326;4.26;0.26;385.80;21.41;1484;54;4245.00;382
10464;30;4209153;10464;606;11944;12326;4.19;0.25;385.84;21.41;1480;54;4246.00;382
10465;30;4209170;10465;608;11945;12326;4.15;0.25;385.84;21.41;1480;54;4247.00;381
10465;30;4209186;10465;616;11980;12396;4.23;0.26;385.84;21.35;1515;54;4248.00;416
10467;30;4209206;10467;621;11980;12397;4.19;0.26;385.88;21.35;1513;54;4249.00;417
10469;30;4209222;10469;620;11986;12397;4.22;0.26;385.88;21.35;1517;54;4250.00;411
10471;30;4209239;10471;621;11991;12397;4.25;0.26;385.88;21.34;1520;54;4251.00;406
10471;30;4209255;10471;623;11994;12397;4.27;0.26;385.88;21.33;1523;54;4252.00;403
10473;30;4209271;10473;637;11997;12397;4.29;0.26;385.92;21.34;1524;54;4253.00;400
10477;30;4209287;10477;637;11998;12397;4.31;0.26;385.97;21.33;1521;54;4254.00;399
10478;30;4209304;10478;637;12002;12397;4.34;0.26;385.98;21.33;1524;54;4255.00;395
10481;30;4209320;10481;642;12003;12398;4.34;0.26;386.04;21.33;1522;54;4256.00;395
10482;30;4209336;10482;638;12004;12399;4.37;0.27;386.14;21.33;1522;54;4257.00;395
10483;30;4209352;10483;643;12005;12399;4.37;0.27;386.12;21.33;1522;54;4258.00;394
10486;30;4209368;10486;643;12009;12403;4.35;0.27;386.28;21.32;1523;54;4259.00;394
10486;30;4209387;10486;645;12009;12403;4.36;0.27;386.28;21.32;1523;54;4260.00;394
10486;30;4209402;10486;644;12009;12403;4.34;0.27;386.28;21.32;1523;54;4261.00;394
10488;30;4209418;10488;648;12009;12403;4.34;0.27;386.24;21.32;1521;54;4262.00;394
10489;30;4209434;10489;651;12013;12409;4.40;0.27;386.28;21.32;1524;54;4263.00;396
10495;30;4209450;10495;656;12013;12409;4.38;0.27;386.39;21.32;1518;54;4264.00;396
10495;30;4209466;10495;659;12013;12409;4.37;0.27;386.39;21.32;1518;54;4265.00;396
10499;30;4209481;10499;663;12014;12412;4.35;0.27;386.44;21.31;1515;54;4266.00;398
10502;30;4209497;10502;661;12014;12412;4.30;0.26;386.48;21.31;1512;54;4267.00;398
10505;30;4209512;10505;671;12014;12412;4.25;0.26;386.43;21.31;1509;54;4268.00;398
10510;30;4209527;10510;675;12014;12413;4.19;0.26;386.61;21.31;1504;54;4269.00;399
10512;30;4209543;10512;676;12015;12414;4.18;0.26;386.55;21.31;1503;54;4270.00;399
10515;30;4209558;10515;679;12015;12414;4.11;0.25;386.66;21.31;1500;54;4271.00;399
10517;30;4209574;10517;679;12025;12427;4.08;0.25;386.77;21.29;1508;54;4272.00;402
10519;30;4209592;10519;678;12025;12427;4.04;0.25;386.79;21.29;1506;54;4273.00;402
10523;30;4209607;10523;670;12025;12427;4.03;0.25;386.84;21.29;1502;54;4274.00;402
10526;30;4209623;10526;668;12026;12429;4.01;0.25;386.95;21.29;1500;54;4275.00;403
10529;30;4209639;10529;666;12026;12429;3.99;0.24;387.01;21.29;1497;54;4276.00;403
10531;30;4209655;10531;662;12029;12433;4.02;0.25;387.10;21.29;1498;54;4277.00;404
10534;30;4209671;10534;664;12029;12433;4.05;0.25;387.09;21.29;1495;54;4278.00;404
10538;30;4209687;10538;660;12031;12437;4.06;0.25;387.21;21.28;1493;54;4279.00;406
10541;30;4209703;10541;655;12031;12437;4.04;0.25;387.22;21.28;1490;54;4280.00;406
10545;30;4209718;10545;656;12032;12437;4.05;0.25;387.20;21.28;1487;54;4281.00;405
10548;30;4209733;10548;657;12032;12437;4.02;0.25;387.41;21.28;1484;54;4282.00;405
10550;30;4209748;10550;655;12032;12437;3.99;0.24;387.38;21.28;1482;54;4283.00;405
10553;30;4209763;10553;657;12041;12449;4.01;0.24;387.56;21.27;1488;54;4284.00;408
10554;30;4209778;10554;656;12041;12449;3.96;0.24;387.55;21.27;1487;54;4285.00;408
10557;30;4209795;10557;652;12041;12449;3.90;0.24;387.72;21.27;1484;54;4286.00;408
10561;30;4209810;10561;663;12041;12449;3.84;0.23;387.74;21.27;1480;54;4287.00;408
10562;30;4209825;10562;670;12041;12449;3.80;0.23;387.78;21.27;1479;54;4288.00;408
10566;30;4209839;10566;674;12041;12449;3.72;0.23;387.89;21.27;1475;54;4289.00;408
10571;30;4209856;10571;670;12041;12450;3.63;0.22;387.97;21.27;1470;54;4290.00;409
10575;30;4209871;10575;661;12041;12450;3.55;0.22;388.07;21.27;1466;54;4291.00;409
10579;30;4209885;10579;662;12045;12456;3.54;0.22;388.16;21.26;1466;54;4292.00;411
10582;30;4209901;10582;662;12045;12457;3.50;0.21;388.18;21.26;1463;54;4293.00;412
10587;30;4209915;10587;663;12045;12457;3.48;0.21;388.16;21.26;1458;54;4294.00;412
10590;30;4209930;10590;672;12045;12457;3.50;0.21;388.20;21.26;1455;54;4295.00;412
10596;30;4209945;10596;671;12048;12461;3.52;0.21;388.21;21.25;1452;54;4296.00;413
10598;30;4209960;10598;662;12048;12461;3.50;0.21;388.21;21.25;1450;54;4297.00;413
10601;30;4209975;10601;660;12048;12461;3.47;0.21;388.25;21.25;1447;54;4298.00;413
10604;30;4209991;10604;659;12049;12462;3.48;0.21;388.29;21.25;1445;54;4299.00;413
10605;30;4210007;10605;655;12052;12466;3.45;0.21;388.31;21.25;1447;54;4300.00;414
10609;30;4210026;10609;658;12052;12466;3.40;0.21;388.34;21.25;1443;54;4301.00;414
10611;30;4210041;10611;656;12053;12469;3.40;0.21;388.33;21.25;1442;54;4302.00;416
10614;30;4210056;10614;657;12053;12469;3.38;0.20;388.32;21.25;1439;54;4303.00;416
10614;30;4210071;10614;661;12053;12469;3.41;0.21;388.32;21.25;1439;54;4304.00;416
10618;30;4210086;10618;661;12053;12469;3.41;0.21;388.22;21.25;1435;54;4305.00;416
10623;30;4210101;10623;657;12057;12473;3.43;0.21;388.13;21.36;1434;54;4306.00;416
10625;30;4210118;10625;658;12057;12473;3.45;0.21;388.13;21.36;1432;54;4307.00;416
10627;30;4210133;10627;651;12057;12473;3.46;0.21;388.09;21.36;1430;54;4308.00;416
10631;30;4210147;10631;654;12057;12473;3.41;0.21;388.02;21.36;1426;54;4309.00;416
10635;30;4210162;10635;646;12057;12474;3.40;0.21;387.94;21.36;1422;54;4310.00;417
10638;30;4210177;10638;643;12057;12475;3.38;0.21;387.86;21.36;1419;54;4311.00;418
10642;30;4210193;10642;642;12057;12475;3.34;0.20;387.85;21.36;1415;54;4312.00;418
10647;30;4210208;10647;644;12058;12476;3.31;0.20;387.77;21.36;1411;54;4313.00;418
10648;30;4210225;10648;638;12058;12476;3.29;0.20;387.76;21.36;1410;54;4314.00;418
10651;30;4210239;10651;640;12058;12476;3.23;0.20;387.70;21.36;1407;54;4315.00;418
10653;30;4210254;10653;643;12058;12476;3.17;0.19;387.73;21.36;1405;54;4316.00;418
10659;30;4210268;10659;651;12058;12476;3.10;0.19;387.63;21.36;1399;54;4317.00;418
10661;30;4210282;10661;653;12058;12476;3.06;0.19;387.61;21.36;1397;54;4318.00;418
10663;30;4210296;10663;657;12058;12476;3.05;0.19;387.63;21.36;1395;54;4319.00;418
10666;30;4210311;10666;692;12167;12706;3.50;0.22;387.69;21.17;1501;54;4320.00;539
10667;30;4210342;10667;691;12173;12707;3.51;0.22;387.70;21.16;1506;54;4321.00;534
10670;30;4210358;10670;684;12179;12707;3.55;0.22;387.65;21.15;1509;54;4322.00;528
10672;30;4210372;10672;678;12185;12707;3.55;0.22;387.64;21.14;1513;54;4323.00;522
10677;30;4210388;10677;686;12193;12707;3.57;0.22;387.61;21.13;1516;54;4324.00;514
10678;30;4210402;10678;690;12197;12707;3.56;0.22;387.59;21.12;1519;54;4325.00;510
10680;30;4210416;10680;694;12200;12707;3.50;0.22;387.57;21.12;1520;54;4326.00;507
10683;30;4210431;10683;703;12205;12707;3.51;0.22;387.60;21.11;1522;54;4327.00;502
10686;30;4210446;10686;709;12207;12708;3.48;0.22;387.57;21.11;1521;54;4328.00;501
10687;30;4210461;10687;709;12210;12709;3.43;0.21;387.55;21.11;1523;54;4329.00;499
10688;30;4210476;10688;707;12216;12709;3.42;0.21;387.56;21.11;1528;54;4330.00;493
10690;30;4210491;10690;704;12220;12710;3.39;0.21;387.68;21.11;1530;54;4331.00;490
10694;30;4210506;10694;694;12222;12710;3.37;0.21;387.72;21.11;1528;54;4332.00;488
10695;30;4210522;10695;685;12226;12710;3.36;0.21;387.73;21.23;1531;54;4333.00;484
10698;30;4210537;10698;695;12228;12710;3.36;0.21;387.85;21.24;1530;54;4334.00;482
10701;30;4210553;10701;697;12230;12714;3.34;0.21;387.87;21.23;1529;54;4335.00;484
10701;30;4210569;10701;703;12234;12714;3.37;0.21;387.87;21.24;1533;54;4336.00;480
10704;30;4210591;10704;697;12236;12714;3.34;0.21;387.89;21.24;1532;54;4337.00;478
10706;30;4210607;10706;688;12238;12717;3.35;0.21;387.84;21.25;1532;54;4338.00;479
10707;31;4210624;10707;693;12239;12717;3.32;0.20;387.85;21.25;1532;55;4339.00;478
10707;31;4210653;10707;689;12242;12717;3.34;0.21;387.85;21.26;1535;55;4340.00;475
10708;31;4210673;10708;689;12245;12721;3.34;0.20;387.85;21.26;1537;55;4341.00;476
10710;31;4210695;10710;677;12247;12722;3.36;0.21;387.94;21.26;1537;55;4342.00;475
10712;31;4210712;10712;682;12248;12722;3.34;0.20;387.98;21.27;1536;55;4343.00;474
10715;31;4210728;10715;683;12251;12726;3.32;0.20;387.96;21.27;1536;55;4344.00;475
10717;31;4210744;10717;685;12254;12726;3.32;0.20;387.93;21.28;1537;55;4345.00;472
10718;31;4210760;10718;669;12254;12726;3.34;0.20;387.94;21.28;1536;55;4346.00;472
10723;31;4210777;10723;665;12255;12727;3.33;0.20;387.81;21.28;1532;55;4347.00;472
10723;31;4210795;10723;656;12256;12727;3.37;0.21;387.81;21.29;1533;55;4348.00;471
10723;31;4210812;10723;654;12259;12733;3.41;0.21;387.81;21.28;1536;55;4349.00;474
10724;31;4210830;10724;637;12259;12733;3.46;0.21;387.78;21.28;1535;55;4350.00;474
10724;31;4210852;10724;636;12260;12734;3.49;0.21;387.78;21.40;1536;55;4351.00;474
10725;31;4210875;10725;626;12262;12734;3.54;0.22;387.76;21.41;1537;55;4352.00;472
10726;31;4210891;10726;625;12262;12734;3.55;0.22;387.84;21.41;1536;55;4353.00;472
10730;31;4210909;10730;622;12262;12734;3.53;0.21;387.90;21.41;1532;55;4354.00;472
10732;31;4210926;10732;627;12263;12734;3.52;0.21;387.97;21.41;1531;55;4355.00;471
10733;31;4210943;10733;618;12273;12746;3.62;0.22;387.97;21.39;1540;55;4356.00;473
10734;31;4210960;10734;612;12274;12746;3.64;0.22;387.95;21.40;1540;55;4357.00;472
10735;31;4210977;10735;603;12274;12746;3.67;0.22;387.92;21.40;1539;55;4358.00;472
10738;31;4210994;10738;597;12274;12746;3.70;0.23;387.93;21.40;1536;55;4359.00;472
10740;31;4211012;10740;591;12277;12746;3.77;0.23;387.93;21.41;1537;55;4360.00;469
10742;31;4211029;10742;583;12277;12746;3.79;0.23;387.93;21.41;1535;55;4361.00;469
10743;31;4211046;10743;584;12282;12750;3.79;0.23;387.98;21.42;1539;55;4362.00;468
10746;31;4211063;10746;582;12282;12750;3.78;0.23;388.15;21.42;1536;55;4363.00;468
10749;31;4211080;10749;579;12286;12754;3.81;0.23;388.30;21.42;1537;55;4364.00;468
10751;31;4211098;10751;579;12287;12756;3.89;0.24;388.46;21.42;1536;55;4365.00;469
10753;31;4211116;10753;572;12288;12756;3.98;0.24;388.54;21.42;1535;56;4366.00;468
10757;31;4211142;10757;562;12289;12756;4.01;0.24;388.77;21.42;1532;56;4367.00;467
10759;31;4211159;10759;564;12297;12769;4.13;0.25;388.91;21.41;1538;56;4368.00;472
10760;31;4211176;10760;564;12298;12769;4.18;0.25;388.96;21.41;1538;56;4369.00;471
10761;31;4211193;10761;563;12299;12769;4.22;0.26;389.07;21.42;1538;56;4370.00;470
10764;31;4211212;10764;576;12301;12770;4.24;0.26;389.23;21.42;1537;56;4371.00;469
10766;31;4211230;10766;580;12302;12771;4.28;0.26;389.27;21.42;1536;56;4372.00;469
10769;31;4211248;10769;575;12303;12771;4.31;0.26;389.30;21.42;1534;56;4373.00;468
10774;31;4211265;10774;577;12306;12774;4.29;0.26;389.43;21.42;1532;56;4374.00;468
10775;32;4211283;10775;584;12306;12774;4.32;0.26;389.50;21.42;1531;57;4375.00;468
10778;32;4211311;10778;590;12307;12774;4.31;0.26;389.52;21.43;1529;57;4376.00;467
10780;32;4211328;10780;594;12309;12774;4.31;0.26;389.57;21.43;1529;57;4377.00;465
10783;32;4211347;10783;601;12316;12780;4.32;0.26;389.72;21.62;1533;58;4378.00;464
10785;32;4211374;10785;592;12316;12780;4.30;0.26;389.70;21.62;1531;58;4379.00;464
10788;32;4211393;10788;594;12316;12780;4.29;0.26;389.75;21.62;1528;58;4380.00;464
10792;32;4211410;10792;589;12316;12780;4.32;0.26;389.75;21.62;1524;58;4381.00;464
10795;32;4211428;10795;598;12320;12784;4.33;0.26;389.79;21.61;1525;58;4382.00;464
10795;32;4211444;10795;598;12321;12785;4.36;0.26;389.79;21.62;1526;58;4383.00;464
10797;32;4211462;10797;591;12322;12785;4.37;0.26;389.84;21.62;1525;58;4384.00;463
10799;32;4211478;10799;589;12323;12786;4.41;0.27;389.98;21.62;1524;58;4385.00;463
10803;32;4211495;10803;589;12324;12786;4.43;0.27;389.98;21.62;1521;58;4386.00;462
10804;32;4211512;10804;577;12324;12786;4.47;0.27;389.99;21.62;1520;58;4387.00;462
10808;32;4211529;10808;573;12324;12786;4.48;0.27;390.01;21.62;1516;58;4388.00;462
10811;32;4211546;10811;571;12325;12786;4.52;0.27;390.17;21.63;1514;58;4389.00;461
10813;32;4211563;10813;570;12325;12786;4.54;0.28;390.28;21.63;1512;58;4390.00;461
10814;32;4211580;10814;565;12325;12786;4.57;0.28;390.32;21.63;1511;58;4391.00;461
10819;32;4211598;10819;565;12357;12856;4.59;0.28;390.53;21.58;1538;58;4392.00;499
10822;32;4211622;10822;559;12357;12857;4.59;0.28;390.60;21.58;1535;58;4393.00;500
10825;32;4211640;10825;561;12363;12857;4.64;0.28;390.71;21.57;1538;58;4394.00;494
10829;32;4211657;10829;551;12365;12857;4.68;0.29;390.72;21.67;1536;58;4395.00;492
10835;32;4211675;10835;541;12367;12857;4.70;0.29;390.90;21.66;1532;58;4396.00;490
10838;32;4211692;10838;541;12369;12857;4.73;0.29;391.04;21.66;1531;58;4397.00;488
10841;32;4211708;10841;541;12372;12857;4.75;0.29;390.97;21.66;1531;58;4398.00;485
10844;32;4211726;10844;538;12374;12857;4.81;0.29;390.94;21.66;1530;59;4399.00;483
10846;32;4211747;10846;540;12378;12858;4.82;0.29;390.98;21.67;1532;59;4400.00;480
10849;32;4211768;10849;544;12380;12859;4.84;0.30;391.10;21.67;1531;59;4401.00;479
10850;32;4211785;10850;541;12385;12859;4.87;0.30;391.09;21.67;1535;59;4402.00;474
10852;32;4211803;10852;537;12387;12863;4.89;0.30;391.13;21.67;1535;59;4403.00;476
10853;32;4211825;10853;548;12388;12863;4.86;0.30;391.12;21.67;1535;59;4404.00;475
10855;32;4211842;10855;544;12389;12863;4.84;0.30;391.15;21.68;1534;59;4405.00;474
10860;32;4211859;10860;542;12391;12863;4.80;0.29;391.20;21.69;1531;59;4406.00;472
10864;32;4211875;10864;553;12396;12869;4.82;0.29;391.29;21.69;1532;59;4407.00;473
10866;32;4211893;10866;552;12396;12869;4.78;0.29;391.36;21.69;1530;59;4408.00;473
10868;32;4211910;10868;553;12397;12869;4.72;0.29;391.38;21.69;1529;59;4409.00;472
10872;32;4211929;10872;564;12402;12875;4.67;0.29;391.42;21.69;1530;59;4410.00;473
10874;32;4211946;10874;572;12403;12875;4.65;0.28;391.46;21.69;1529;59;4411.00;472
10878;32;4211963;10878;582;12404;12875;4.62;0.28;391.67;21.69;1526;59;4412.00;471
10878;32;4211980;10878;579;12404;12876;4.58;0.28;391.67;21.69;1526;59;4413.00;472
10883;32;4211997;10883;586;12406;12877;4.53;0.28;391.86;21.69;1523;59;4414.00;471
10890;32;4212014;10890;587;12407;12877;4.41;0.27;391.84;21.70;1517;59;4415.00;470
10892;32;4212032;10892;597;12416;12890;4.36;0.27;391.85;21.69;1524;59;4416.00;474
10894;32;4212050;10894;599;12416;12890;4.31;0.26;391.88;21.69;1522;59;4417.00;474
10898;32;4212068;10898;598;12417;12890;4.27;0.26;391.90;21.70;1519;59;4418.00;473
10899;32;4212085;10899;601;12417;12891;4.27;0.26;391.95;21.70;1518;59;4419.00;474
10903;32;4212104;10903;608;12419;12891;4.21;0.26;391.99;21.80;1516;59;4420.00;472
10903;32;4212121;10903;608;12422;12895;4.24;0.26;391.99;21.79;1519;59;4421.00;473
10906;32;4212139;10906;613;12422;12895;4.22;0.26;392.10;21.79;1516;59;4422.00;473
10906;32;4212155;10906;620;12425;12899;4.25;0.26;392.10;21.79;1519;59;4423.00;474
10907;32;4212172;10907;611;12426;12899;4.25;0.26;392.10;21.89;1519;59;4424.00;473
10911;32;4212188;10911;628;12428;12899;4.25;0.26;392.19;21.89;1517;59;4425.00;471
10913;32;4212206;10913;632;12429;12899;4.25;0.26;392.20;21.89;1516;59;4426.00;470
10915;32;4212222;10915;634;12431;12899;4.27;0.26;392.27;21.99;1516;59;4427.00;468
10919;32;4212239;10919;632;12440;12911;4.32;0.27;392.30;21.97;1521;59;4428.00;471
10922;32;4212261;10922;637;12443;12911;4.32;0.27;392.39;22.07;1521;59;4429.00;468
10923;32;4212279;10923;643;12443;12911;4.32;0.27;392.45;22.07;1520;59;4430.00;468
10927;32;4212295;10927;654;12444;12911;4.30;0.26;392.57;22.07;1517;59;4431.00;467
10931;32;4212311;10931;659;12445;12911;4.25;0.26;392.54;22.16;1514;59;4432.00;466
10933;32;4212328;10933;661;12445;12911;4.22;0.26;392.63;22.16;1512;59;4433.00;466
10934;32;4212345;10934;670;12446;12912;4.18;0.26;392.61;22.25;1512;59;4434.00;466
10935;32;4212361;10935;671;12446;12912;4.14;0.25;392.72;22.25;1511;59;4435.00;466
10938;32;4212377;10938;684;12450;12918;4.12;0.25;392.85;22.25;1512;60;4436.00;468
10939;32;4212402;10939;685;12450;12919;4.09;0.25;392.89;22.25;1511;60;4437.00;469
10945;32;4212418;10945;696;12450;12919;3.98;0.24;393.08;22.25;1505;60;4438.00;469
10946;32;4212433;10946;696;12450;12919;3.97;0.24;393.12;22.25;1504;60;4439.00;469
10947;32;4212451;10947;693;12454;12924;3.97;0.24;393.19;22.24;1507;60;4440.00;470
10949;32;4212466;10949;695;12454;12924;3.93;0.24;393.29;22.24;1505;60;4441.00;470
10949;32;4212480;10949;695;12454;12924;3.92;0.24;393.29;22.24;1505;60;4442.00;470
10951;32;4212495;10951;693;12455;12925;3.90;0.24;393.31;22.24;1504;60;4443.00;470
10953;32;4212510;10953;696;12458;12929;3.87;0.24;393.39;22.23;1505;60;4444.00;471
10956;32;4212525;10956;697;12458;12929;3.84;0.24;393.45;22.23;1502;60;4445.00;471
10957;32;4212540;10957;693;12459;12932;3.84;0.24;393.54;22.23;1502;60;4446.00;473
10960;32;4212555;10960;692;12459;12932;3.79;0.23;393.70;22.23;1499;60;4447.00;473
10964;32;4212569;10964;697;12459;12932;3.74;0.23;393.73;22.23;1495;60;4448.00;473
10967;32;4212583;10967;697;12459;12932;3.75;0.23;393.71;22.23;1492;60;4449.00;473
10970;32;4212598;10970;699;12462;12936;3.74;0.23;393.68;22.23;1492;60;4450.00;474
10972;32;4212612;10972;698;12462;12936;3.68;0.23;393.67;22.23;1490;60;4451.00;474
10979;32;4212627;10979;709;12462;12936;3.55;0.22;393.61;22.23;1483;61;4452.00;474
10984;32;4212651;10984;698;12462;12936;3.47;0.21;393.57;22.23;1478;61;4453.00;474
10988;32;4212666;10988;703;12462;12937;3.37;0.21;393.56;22.23;1474;61;4454.00;475
10992;32;4212680;10992;702;12463;12939;3.33;0.20;393.50;22.22;1471;61;4455.00;476
10993;32;4212695;10993;701;12463;12939;3.30;0.20;393.51;22.22;1470;61;4456.00;476
10996;32;4212709;10996;697;12464;12940;3.28;0.20;393.52;22.22;1468;61;4457.00;476
11000;32;4212724;11000;693;12464;12940;3.26;0.20;393.55;22.22;1464;61;4458.00;476
11005;32;4212739;11005;694;12464;12940;3.21;0.20;393.50;22.22;1459;61;4459.00;476
11008;32;4212753;11008;700;12464;12940;3.16;0.19;393.46;22.22;1456;61;4460.00;476
11011;32;4212767;11011;705;12464;12940;3.15;0.19;393.42;22.22;1453;61;4461.00;476
11012;32;4212781;11012;702;12464;12940;3.13;0.19;393.39;22.22;1452;61;4462.00;476
11016;32;4212795;11016;702;12464;12940;3.10;0.19;393.43;22.22;1448;61;4463.00;476
11017;32;4212809;11017;696;12528;13067;3.50;0.22;393.45;22.11;1511;61;4464.00;539
11020;32;4212832;11020;702;12532;13068;3.47;0.22;393.51;22.10;1512;61;4465.00;536
11021;32;4212865;11021;696;12540;13068;3.49;0.22;393.49;22.09;1519;61;4466.00;528
11024;32;4212881;11024;701;12542;13068;3.44;0.22;393.49;22.09;1518;61;4467.00;526
11028;32;4212896;11028;701;12546;13068;3.39;0.21;393.53;22.08;1518;61;4468.00;522
11033;32;4212912;11033;711;12548;13068;3.34;0.21;393.49;22.08;1515;61;4469.00;520
11038;32;4212928;11038;706;12550;13068;3.33;0.21;393.43;22.08;1512;61;4470.00;518
11041;32;4212942;11041;707;12553;13068;3.31;0.21;393.39;22.07;1512;61;4471.00;515
11045;32;4212957;11045;717;12555;13069;3.28;0.20;393.47;22.07;1510;61;4472.00;514
11047;32;4212972;11047;717;12555;13070;3.27;0.20;393.46;22.07;1508;61;4473.00;515
11049;32;4212986;11049;722;12557;13070;3.27;0.20;393.43;22.07;1508;61;4474.00;513
11050;32;4213001;11050;727;12557;13071;3.27;0.20;393.45;22.07;1507;61;4475.00;514
11052;32;4213016;11052;739;12559;13071;3.30;0.20;393.46;22.07;1507;61;4476.00;512
11055;32;4213031;11055;727;12559;13071;3.32;0.21;393.43;22.07;1504;61;4477.00;512
11058;32;4213047;11058;713;12560;13071;3.33;0.21;393.38;22.07;1502;61;4478.00;511
11059;32;4213061;11059;703;12564;13075;3.38;0.21;393.37;22.06;1505;61;4479.00;511
11064;32;4213077;11064;703;12564;13075;3.38;0.21;393.27;22.06;1500;61;4480.00;511
11066;32;4213092;11066;703;12565;13075;3.39;0.21;393.25;22.19;1499;61;4481.00;510
11067;32;4213108;11067;706;12566;13078;3.43;0.21;393.24;22.18;1499;61;4482.00;512
11069;32;4213123;11069;698;12566;13078;3.46;0.21;393.22;22.18;1497;61;4483.00;512
11073;32;4213143;11073;703;12566;13078;3.47;0.21;393.19;22.18;1493;61;4484.00;512
11075;32;4213158;11075;707;12569;13082;3.50;0.22;393.31;22.18;1494;61;4485.00;513
11079;32;4213174;11079;695;12570;13083;3.52;0.22;393.29;22.18;1491;61;4486.00;513
11082;32;4213189;11082;691;12570;13083;3.52;0.22;393.26;22.18;1488;61;4487.00;513
11087;32;4213205;11087;693;12572;13087;3.54;0.22;393.21;22.17;1485;61;4488.00;515
11089;32;4213220;11089;690;12572;13087;3.55;0.22;393.26;22.17;1483;61;4489.00;515
11092;32;4213235;11092;689;12573;13087;3.55;0.22;393.26;22.17;1481;61;4490.00;514
11095;32;4213249;11095;698;12573;13088;3.54;0.22;393.22;22.17;1478;61;4491.00;515
11098;32;4213265;11098;692;12573;13088;3.54;0.22;393.20;22.17;1475;61;4492.00;515
11101;32;4213279;11101;694;12577;13094;3.57;0.22;393.16;22.16;1476;61;4493.00;517
11106;32;4213295;11106;692;12577;13094;3.55;0.22;393.14;22.16;1471;61;4494.00;517
11111;32;4213311;11111;685;12577;13095;3.53;0.22;393.13;22.16;1466;61;4495.00;518
11114;32;4213326;11114;679;12577;13095;3.54;0.22;393.13;22.16;1463;61;4496.00;518
11119;32;4213341;11119;674;12578;13095;3.52;0.21;393.18;22.29;1459;61;4497.00;517
11123;32;4213356;11123;669;12578;13095;3.48;0.21;393.35;22.29;1455;61;4498.00;517
11126;32;4213371;11126;665;12578;13095;3.46;0.21;393.30;22.29;1452;61;4499.00;517
11129;32;4213387;11129;671;12601;13145;3.53;0.22;393.30;22.25;1472;61;4500.00;544
11133;32;4213410;11133;670;12602;13147;3.55;0.22;393.35;22.25;1469;61;4501.00;545
11134;32;4213426;11134;661;12605;13147;3.64;0.22;393.32;22.24;1471;61;4502.00;542
11138;32;4213441;11138;651;12605;13147;3.69;0.23;393.39;22.24;1467;61;4503.00;542
11141;32;4213456;11141;658;12608;13147;3.71;0.23;393.47;22.37;1467;61;4504.00;539
11142;32;4213471;11142;651;12610;13147;3.74;0.23;393.47;22.37;1468;61;4505.00;537
11146;32;4213487;11146;642;12614;13151;3.74;0.23;393.53;22.37;1468;61;4506.00;537
11151;32;4213502;11151;654;12615;13151;3.73;0.23;393.58;22.37;1464;61;4507.00;536
11153;32;4213517;11153;648;12618;13155;3.78;0.23;393.72;22.37;1465;61;4508.00;537
11157;32;4213533;11157;648;12619;13156;3.78;0.23;393.80;22.38;1462;61;4509.00;537
11157;32;4213553;11157;644;12619;13156;3.81;0.23;393.80;22.38;1462;61;4510.00;537
11159;32;4213574;11159;634;12620;13156;3.80;0.23;393.78;22.38;1461;61;4511.00;536
11164;32;4213589;11164;615;12630;13169;3.88;0.24;393.97;22.37;1466;61;4512.00;539
11166;32;4213608;11166;605;12630;13169;3.95;0.24;394.06;22.37;1464;61;4513.00;539
11170;32;4213624;11170;602;12632;13169;3.97;0.24;394.21;22.39;1462;61;4514.00;537
11172;32;4213640;11172;593;12634;13170;4.03;0.25;394.26;22.40;1462;61;4515.00;536
11177;32;4213656;11177;595;12635;13171;4.04;0.25;394.38;22.40;1458;61;4516.00;536
11181;32;4213672;11181;581;12637;13171;4.05;0.25;394.48;22.42;1456;61;4517.00;534
11183;32;4213688;11183;590;12638;13174;4.08;0.25;394.57;22.42;1455;61;4518.00;536
11185;32;4213706;11185;592;12638;13174;4.11;0.25;394.56;22.42;1453;61;4519.00;536
11187;32;4213722;11187;599;12639;13174;4.12;0.25;394.69;22.42;1452;61;4520.00;535
11188;32;4213742;11188;602;12639;13174;4.14;0.25;394.77;22.42;1451;61;4521.00;535
11189;32;4213758;11189;592;12644;13180;4.16;0.25;394.81;22.42;1455;61;4522.00;536
11192;32;4213775;11192;588;12644;13180;4.19;0.26;394.95;22.42;1452;61;4523.00;536
11194;32;4213790;11194;588;12644;13180;4.20;0.26;394.96;22.42;1450;61;4524.00;536
11197;32;4213807;11197;577;12645;13180;4.21;0.26;395.13;22.55;1448;61;4525.00;535
11201;32;4213823;11201;574;12649;13184;4.22;0.26;395.19;22.54;1448;61;4526.00;535
11203;32;4213839;11203;565;12650;13185;4.21;0.26;395.20;22.56;1447;61;4527.00;535
11205;32;4213855;11205;569;12651;13185;4.18;0.25;395.22;22.56;1446;61;4528.00;534
11206;32;4213871;11206;574;12653;13186;4.21;0.26;395.22;22.57;1447;61;4529.00;533
11210;32;4213888;11210;582;12653;13186;4.22;0.26;395.25;22.57;1443;61;4530.00;533
11213;32;4213903;11213;576;12653;13186;4.21;0.26;395.27;22.57;1440;61;4531.00;533
11215;32;4213918;11215;576;12654;13186;4.18;0.25;395.29;22.57;1439;61;4532.00;532
11217;32;4213933;11217;583;12656;13186;4.19;0.26;395.37;22.58;1439;61;4533.00;530
11218;32;4213949;11218;574;12657;13186;4.26;0.26;395.40;22.59;1439;61;4534.00;529
11220;32;4213964;11220;577;12658;13186;4.31;0.26;395.44;22.60;1438;61;4535.00;528
11221;32;4213979;11221;589;12695;13256;4.35;0.26;395.45;22.54;1474;61;4536.00;561
11223;32;4213999;11223;592;12697;13257;4.39;0.27;395.48;22.54;1474;61;4537.00;560
11224;32;4214015;11224;586;12702;13257;4.47;0.27;395.46;22.55;1478;61;4538.00;555
11226;32;4214031;11226;580;12704;13257;4.53;0.28;395.54;22.55;1478;61;4539.00;553
11232;32;4214046;11232;590;12705;13257;4.54;0.28;395.59;22.55;1473;61;4540.00;552
11233;32;4214063;11233;583;12709;13257;4.61;0.28;395.63;22.68;1476;61;4541.00;548
11236;32;4214080;11236;582;12711;13257;4.62;0.28;395.76;22.68;1475;61;4542.00;546
11238;32;4214095;11238;600;12715;13257;4.65;0.28;395.76;22.69;1477;61;4543.00;542
11242;32;4214111;11242;603;12716;13258;4.67;0.28;395.80;22.69;1474;61;4544.00;542
11245;32;4214127;11245;592;12720;13260;4.68;0.29;395.90;22.69;1475;61;4545.00;540
11247;32;4214143;11247;587;12722;13260;4.67;0.29;395.90;22.69;1475;61;4546.00;538
11249;32;4214160;11249;584;12725;13264;4.65;0.28;395.89;22.69;1476;61;4547.00;539
11252;32;4214176;11252;579;12726;13264;4.63;0.28;395.96;22.81;1474;61;4548.00;538
11255;32;4214193;11255;575;12727;13264;4.63;0.28;396.02;22.82;1472;61;4549.00;537
11256;32;4214208;11256;573;12727;13264;4.65;0.28;396.06;22.82;1471;61;4550.00;537
11260;32;4214223;11260;574;12730;13270;4.63;0.28;396.11;22.82;1470;61;4551.00;540
11263;32;4214239;11263;564;12730;13270;4.66;0.28;396.15;22.82;1467;61;4552.00;540
11268;32;4214255;11268;553;12730;13270;4.69;0.28;396.21;22.82;1462;61;4553.00;540
11270;32;4214270;11270;561;12731;13273;4.73;0.29;396.19;22.82;1461;61;4554.00;542
11272;32;4214287;11272;558;12733;13273;4.76;0.29;396.22;22.82;1461;61;4555.00;540
11276;32;4214303;11276;562;12733;13273;4.77;0.29;396.35;22.82;1457;61;4556.00;540
11278;32;4214318;11278;558;12734;13274;4.76;0.29;396.36;22.83;1456;61;4557.00;540
11281;32;4214334;11281;558;12735;13275;4.78;0.29;396.41;22.83;1454;61;4558.00;540
11285;32;4214350;11285;556;12735;13275;4.80;0.29;396.37;22.83;1450;61;4559.00;540
11288;32;4214368;11288;556;12750;13301;4.84;0.29;396.42;22.80;1462;61;4560.00;551
11290;32;4214385;11290;552;12752;13301;4.86;0.30;396.44;22.80;1462;61;4561.00;549
11295;32;4214401;11295;547;12752;13301;4.80;0.29;396.44;22.80;1457;61;4562.00;549
11298;32;4214416;11298;553;12753;13302;4.75;0.29;396.46;22.79;1455;61;4563.00;549
11303;33;4214432;11303;555;12754;13302;4.66;0.28;396.41;22.79;1451;62;4564.00;548
11309;33;4214460;11309;561;12756;13306;4.60;0.28;396.53;22.79;1447;62;4565.00;550
11312;33;4214476;11312;557;12757;13306;4.56;0.28;396.55;22.79;1445;62;4566.00;549
11314;33;4214491;11314;565;12760;13310;4.48;0.27;396.62;22.78;1446;62;4567.00;550
11316;33;4214506;11316;565;12760;13310;4.52;0.28;396.67;22.78;1444;62;4568.00;550
11318;33;4214521;11318;570;12761;13310;4.55;0.28;396.75;22.78;1443;62;4569.00;549
11321;33;4214536;11321;575;12761;13310;4.57;0.28;396.72;22.78;1440;62;4570.00;549
11323;33;4214550;11323;579;12763;13310;4.59;0.28;396.75;22.78;1440;62;4571.00;547
11324;33;4214565;11324;589;12772;13322;4.63;0.28;396.77;22.77;1448;62;4572.00;550
11330;33;4214581;11330;583;12774;13322;4.61;0.28;396.84;22.77;1444;62;4573.00;548
11332;33;4214596;11332;585;12774;13322;4.61;0.28;396.86;22.77;1442;62;4574.00;548
11334;33;4214616;11334;591;12774;13322;4.61;0.28;396.91;22.77;1440;62;4575.00;548
11337;33;4214631;11337;600;12774;13322;4.57;0.28;397.04;22.77;1437;62;4576.00;548
11338;33;4214646;11338;601;12774;13322;4.57;0.28;397.03;22.77;1436;62;4577.00;548
11342;33;4214661;11342;606;12774;13323;4.52;0.28;396.96;22.77;1432;62;4578.00;549
11347;33;4214676;11347;610;12774;13323;4.44;0.27;397.10;22.77;1427;62;4579.00;549
11348;33;4214691;11348;618;12778;13329;4.43;0.27;397.08;22.76;1430;62;4580.00;551
11350;33;4214712;11350;625;12778;13330;4.40;0.27;397.10;22.76;1428;62;4581.00;552
11352;33;4214728;11352;630;12778;13330;4.33;0.26;397.10;22.76;1426;62;4582.00;552
11354;33;4214743;11354;634;12778;13330;4.25;0.26;397.19;22.76;1424;62;4583.00;552
11358;33;4214757;11358;647;12781;13334;4.21;0.26;397.32;22.75;1423;62;4584.00;553
11360;33;4214776;11360;644;12781;13334;4.17;0.25;397.35;22.75;1421;62;4585.00;553
11361;33;4214791;11361;653;12781;13334;4.15;0.25;397.40;22.75;1420;62;4586.00;553
11366;33;4214805;11366;664;12782;13335;4.08;0.25;397.47;22.75;1416;62;4587.00;553
11369;33;4214820;11369;672;12785;13339;4.02;0.25;397.45;22.75;1416;62;4588.00;554
11370;33;4214834;11370;677;12785;13339;3.98;0.24;397.45;22.75;1415;62;4589.00;554
11372;33;4214850;11372;686;12789;13345;3.96;0.24;397.47;22.74;1417;62;4590.00;556
11375;33;4214864;11375;683;12789;13345;3.91;0.24;397.54;22.74;1414;62;4591.00;556
11377;33;4214878;11377;689;12789;13345;3.85;0.24;397.51;22.74;1412;62;4592.00;556
11378;33;4214891;11378;699;12789;13345;3.82;0.23;397.48;22.74;1411;62;4593.00;556
11380;33;4214906;11380;707;12792;13349;3.83;0.23;397.43;22.74;1412;62;4594.00;557
11381;33;4214920;11381;713;12792;13349;3.82;0.23;397.41;22.74;1411;62;4595.00;557
11382;33;4214934;11382;704;12792;13349;3.81;0.23;397.38;22.74;1410;62;4596.00;557
11385;33;4214953;11385;711;12792;13349;3.76;0.23;397.45;22.74;1407;62;4597.00;557
11385;33;4214966;11385;714;12792;13350;3.73;0.23;397.45;22.74;1407;62;4598.00;558
11387;33;4214979;11387;721;12792;13351;3.69;0.23;397.51;22.74;1405;62;4599.00;559
11389;33;4214993;11389;732;12792;13351;3.63;0.22;397.53;22.74;1403;62;4600.00;559
11391;33;4215010;11391;733;12793;13352;3.58;0.22;397.53;22.73;1402;62;4601.00;559
11395;33;4215023;11395;730;12793;13352;3.52;0.22;397.56;22.73;1398;62;4602.00;559
11398;33;4215036;11398;734;12793;13352;3.47;0.21;397.50;22.73;1395;62;4603.00;559
11399;33;4215050;11399;731;12793;13352;3.47;0.21;397.47;22.73;1394;62;4604.00;559
11402;33;4215062;11402;727;12793;13352;3.43;0.21;397.39;22.73;1391;62;4605.00;559
11404;33;4215075;11404;719;12793;13352;3.41;0.21;397.38;22.73;1389;62;4606.00;559
11406;33;4215088;11406;716;12793;13352;3.40;0.21;397.38;22.73;1387;62;4607.00;559
11408;33;4215102;11408;738;12857;13479;3.66;0.23;397.34;22.62;1449;62;4608.00;622
11408;33;4215124;11408;729;12861;13480;3.67;0.23;397.34;22.61;1453;62;4609.00;619
11409;33;4215137;11409;731;12867;13480;3.67;0.23;397.30;22.60;1458;62;4610.00;613
11409;33;4215150;11409;723;12870;13480;3.68;0.23;397.30;22.60;1461;62;4611.00;610
11410;33;4215164;11410;722;12873;13480;3.65;0.23;397.28;22.60;1463;62;4612.00;607
11414;33;4215177;11414;720;12875;13480;3.61;0.22;397.19;22.59;1461;62;4613.00;605
11418;33;4215190;11418;730;12878;13480;3.57;0.22;397.14;22.59;1460;62;4614.00;602
11418;33;4215204;11418;731;12880;13480;3.57;0.22;397.14;22.59;1462;62;4615.00;600
11418;33;4215223;11418;731;12882;13481;3.54;0.22;397.14;22.58;1464;62;4616.00;599
11421;33;4215236;11421;729;12883;13482;3.45;0.21;397.15;22.58;1462;62;4617.00;599
11423;33;4215249;11423;730;12884;13482;3.35;0.21;397.16;22.58;1461;62;4618.00;598
11425;33;4215262;11425;737;12886;13483;3.24;0.20;397.13;22.58;1461;62;4619.00;597
11427;33;4215277;11427;732;12886;13483;3.18;0.20;397.10;22.58;1459;62;4620.00;597
11430;33;4215290;11430;727;12889;13483;3.08;0.19;397.06;22.58;1459;62;4621.00;594
11432;33;4215303;11432;720;12889;13483;3.01;0.19;397.08;22.58;1457;62;4622.00;594
11438;33;4215316;11438;727;12891;13487;2.98;0.18;397.12;22.57;1453;62;4623.00;596
11438;33;4215331;11438;720;12891;13487;3.02;0.19;397.12;22.57;1453;62;4624.00;596
11440;33;4215344;11440;705;12891;13487;3.02;0.19;397.10;22.57;1451;62;4625.00;596
11441;33;4215357;11441;696;12892;13490;3.05;0.19;397.09;22.57;1451;62;4626.00;598
11444;33;4215371;11444;683;12892;13490;3.10;0.19;397.07;22.57;1448;62;4627.00;598
11446;33;4215390;11446;668;12892;13490;3.17;0.19;397.07;22.57;1446;62;4628.00;598
11449;34;4215404;11449;651;12894;13494;3.22;0.20;397.09;22.57;1445;63;4629.00;600
11450;34;4215428;11450;646;12896;13495;3.27;0.20;397.10;22.57;1446;63;4630.00;599
11454;34;4215448;11454;637;12896;13495;3.31;0.20;397.05;22.57;1442;63;4631.00;599
11456;34;4215463;11456;630;12898;13499;3.40;0.21;397.05;22.56;1442;63;4632.00;601
11459;34;4215477;11459;627;12898;13499;3.46;0.21;397.01;22.56;1439;63;4633.00;601
11461;34;4215492;11461;625;12899;13499;3.52;0.22;396.97;22.56;1438;63;4634.00;600
11466;34;4215506;11466;615;12900;13501;3.56;0.22;396.84;22.56;1434;63;4635.00;601
11469;34;4215520;11469;605;12900;13501;3.64;0.22;396.80;22.56;1431;63;4636.00;601
11471;34;4215535;11471;603;12903;13507;3.73;0.23;396.81;22.55;1432;63;4637.00;604
11474;34;4215549;11474;598;12903;13507;3.74;0.23;396.72;22.55;1429;63;4638.00;604
11476;34;4215564;11476;589;12903;13508;3.80;0.23;396.69;22.55;1427;63;4639.00;605
11479;34;4215579;11479;575;12904;13508;3.87;0.24;396.63;22.55;1425;63;4640.00;604
11482;34;4215594;11482;569;12904;13508;3.92;0.24;396.58;22.55;1422;63;4641.00;604
11484;34;4215610;11484;558;12904;13508;3.98;0.24;396.59;22.55;1420;63;4642.00;604
11487;34;4215626;11487;551;12905;13508;4.03;0.24;396.64;22.68;1418;63;4643.00;603
11488;34;4215642;11488;543;12914;13520;4.12;0.25;396.65;22.66;1426;63;4644.00;606
11492;34;4215663;11492;541;12914;13520;4.11;0.25;396.71;22.66;1422;63;4645.00;606
11494;34;4215678;11494;540;12914;13520;4.13;0.25;396.69;22.66;1420;63;4646.00;606
11497;34;4215693;11497;532;12914;13520;4.15;0.25;396.73;22.66;1417;63;4647.00;606
11502;34;4215709;11502;527;12915;13520;4.10;0.25;396.69;22.66;1413;63;4648.00;605
11505;34;4215725;11505;521;12915;13520;4.11;0.25;396.70;22.66;1410;63;4649.00;605
11512;34;4215742;11512;524;12919;13526;4.13;0.25;396.78;22.66;1407;63;4650.00;607
11516;34;4215758;11516;521;12920;13526;4.14;0.25;396.83;22.66;1404;63;4651.00;606
11521;34;4215774;11521;518;12922;13530;4.12;0.25;396.88;22.65;1401;63;4652.00;608
11526;34;4215790;11526;521;12922;13531;4.11;0.25;396.90;22.65;1396;63;4653.00;609
11527;34;4215806;11527;505;12922;13531;4.15;0.25;396.91;22.65;1395;63;4654.00;609
11530;34;4215822;11530;503;12922;13531;4.13;0.25;396.92;22.65;1392;63;4655.00;609
11535;34;4215837;11535;506;12932;13544;4.17;0.25;396.90;22.63;1397;63;4656.00;612
11536;34;4215854;11536;507;12933;13544;4.21;0.26;396.90;22.65;1397;63;4657.00;611
11540;34;4215869;11540;502;12933;13544;4.23;0.26;397.09;22.65;1393;63;4658.00;611
11544;34;4215885;11544;499;12935;13545;4.26;0.26;397.22;22.78;1391;63;4659.00;610
11549;34;4215900;11549;497;12936;13546;4.29;0.26;397.38;22.80;1387;63;4660.00;610
11553;34;4215918;11553;493;12936;13546;4.29;0.26;397.34;22.80;1383;63;4661.00;610
11557;34;4215933;11557;490;12937;13549;4.28;0.26;397.54;22.79;1380;63;4662.00;612
11562;34;4215949;11562;494;12937;13549;4.22;0.26;397.72;22.79;1375;63;4663.00;612
11566;34;4215963;11566;495;12938;13549;4.15;0.25;397.82;22.81;1372;63;4664.00;611
11569;34;4215978;11569;511;12938;13549;4.07;0.25;397.83;22.81;1369;63;4665.00;611
11571;34;4215993;11571;517;12941;13555;4.02;0.24;397.86;22.81;1370;63;4666.00;614
11574;34;4216008;11574;512;12943;13555;3.97;0.24;398.04;22.85;1369;63;4667.00;612
11577;34;4216023;11577;511;12943;13555;3.94;0.24;398.12;22.85;1366;63;4668.00;612
11581;34;4216039;11581;513;12944;13555;3.93;0.24;398.39;22.97;1363;63;4669.00;611
11586;34;4216054;11586;512;12948;13559;3.87;0.24;398.43;22.98;1362;63;4670.00;611
11586;34;4216070;11586;511;12949;13560;3.89;0.24;398.43;23.00;1363;63;4671.00;611
11590;34;4216084;11590;504;12949;13560;3.87;0.24;398.51;23.00;1359;63;4672.00;611
11593;34;4216100;11593;507;12951;13561;3.90;0.24;398.51;23.02;1358;63;4673.00;610
11594;34;4216115;11594;511;12952;13561;3.93;0.24;398.50;23.03;1358;63;4674.00;609
11596;34;4216130;11596;510;12953;13561;3.91;0.24;398.56;23.05;1357;63;4675.00;608
11599;34;4216146;11599;508;12954;13561;3.95;0.24;398.60;23.05;1355;63;4676.00;607
11601;34;4216161;11601;494;12954;13561;4.02;0.24;398.68;23.05;1353;63;4677.00;607
11603;34;4216176;11603;490;12956;13561;4.07;0.25;398.72;23.20;1353;63;4678.00;605
11607;34;4216191;11607;480;12958;13561;4.11;0.25;398.73;23.21;1351;63;4679.00;603
11609;34;4216208;11609;505;13029;13686;4.34;0.27;398.72;23.09;1420;63;4680.00;657
11611;34;4216233;11611;491;13032;13687;4.42;0.27;398.75;23.12;1421;63;4681.00;655
11613;34;4216249;11613;475;13038;13687;4.49;0.28;398.79;23.11;1425;63;4682.00;649
11615;34;4216266;11615;475;13038;13687;4.55;0.28;398.80;23.11;1423;63;4683.00;649
11615;34;4216283;11615;468;13040;13687;4.59;0.28;398.80;23.13;1425;63;4684.00;647
11617;34;4216299;11617;470;13043;13687;4.58;0.28;398.84;23.14;1426;63;4685.00;644
11618;34;4216316;11618;476;13045;13687;4.57;0.28;398.83;23.26;1427;63;4686.00;642
11622;34;4216332;11622;476;13046;13687;4.54;0.28;398.92;23.26;1424;63;4687.00;641
11626;34;4216347;11626;483;13048;13688;4.49;0.28;398.93;23.27;1422;63;4688.00;640
11629;34;4216364;11629;478;13049;13689;4.49;0.28;399.13;23.27;1420;63;4689.00;640
11631;34;4216380;11631;485;13049;13689;4.49;0.28;399.16;23.27;1418;63;4690.00;640
11636;34;4216396;11636;487;13054;13693;4.44;0.27;399.15;23.27;1418;63;4691.00;639
11638;34;4216414;11638;488;13055;13693;4.46;0.27;399.15;23.28;1417;63;4692.00;638
11640;34;4216428;11640;498;13056;13693;4.50;0.28;399.33;23.28;1416;63;4693.00;637
11645;34;4216445;11645;501;13057;13693;4.47;0.27;399.35;23.28;1412;63;4694.00;636
11651;34;4216460;11651;511;13060;13699;4.47;0.27;399.64;23.28;1409;63;4695.00;639
11654;34;4216477;11654;512;13062;13699;4.48;0.27;399.67;23.29;1408;63;4696.00;637
11657;34;4216492;11657;517;13063;13699;4.45;0.27;399.67;23.31;1406;63;4697.00;636
11658;34;4216508;11658;521;13064;13702;4.48;0.27;399.72;23.31;1406;63;4698.00;638
11663;34;4216524;11663;521;13065;13702;4.52;0.28;399.83;23.32;1402;63;4699.00;637
11663;34;4216540;11663;533;13065;13702;4.58;0.28;399.83;23.32;1402;63;4700.00;637
11668;34;4216559;11668;531;13066;13703;4.60;0.28;399.97;23.32;1398;63;4701.00;637
11670;34;4216575;11670;534;13068;13704;4.64;0.28;400.02;23.34;1398;63;4702.00;636
11672;34;4216590;11672;536;13069;13704;4.67;0.28;400.05;23.36;1397;63;4703.00;635
11675;34;4216605;11675;541;13081;13717;4.65;0.28;400.24;23.36;1406;63;4704.00;636
11677;34;4216622;11677;538;13085;13717;4.64;0.28;400.24;23.70;1408;64;4705.00;632
11681;34;4216648;11681;548;13086;13717;4.62;0.28;400.41;23.72;1405;64;4706.00;631
11681;34;4216664;11681;550;13088;13718;4.62;0.28;400.41;23.74;1407;64;4707.00;630
11682;34;4216681;11682;555;13088;13718;4.60;0.28;400.38;23.74;1406;64;4708.00;630
11682;34;4216696;11682;557;13092;13722;4.58;0.28;400.38;23.88;1410;64;4709.00;630
11684;34;4216715;11684;555;13093;13722;4.58;0.28;400.44;23.89;1409;64;4710.00;629
11685;34;4216730;11685;561;13097;13726;4.52;0.28;400.43;23.89;1412;64;4711.00;629
11686;34;4216746;11686;551;13098;13726;4.51;0.28;400.43;23.91;1412;64;4712.00;628
11691;34;4216760;11691;545;13099;13726;4.50;0.27;400.47;23.92;1408;64;4713.00;627
11691;34;4216775;11691;546;13101;13726;4.52;0.28;400.47;23.94;1410;65;4714.00;625
11693;34;4216795;11693;546;13101;13726;4.47;0.27;400.52;23.94;1408;65;4715.00;625
11696;34;4216811;11696;538;13112;13738;4.48;0.27;400.48;23.94;1416;65;4716.00;626
11698;34;4216827;11698;532;13112;13738;4.48;0.27;400.52;23.94;1414;65;4717.00;626
11701;34;4216842;11701;521;13113;13738;4.49;0.27;400.57;23.96;1412;65;4718.00;625
11701;34;4216857;11701;523;13114;13738;4.53;0.28;400.57;23.98;1413;65;4719.00;624
11705;34;4216871;11705;524;13114;13738;4.50;0.27;400.73;23.98;1409;65;4720.00;624
11706;34;4216887;11706;527;13115;13738;4.48;0.27;400.74;23.99;1409;65;4721.00;623
11710;34;4216902;11710;528;13116;13739;4.43;0.27;400.69;24.01;1406;65;4722.00;623
11713;34;4216917;11713;533;13116;13739;4.39;0.27;400.76;24.01;1403;65;4723.00;623
11717;35;4216931;11717;532;13120;13745;4.39;0.27;400.88;24.01;1403;67;4724.00;625
11723;35;4216977;11723;526;13122;13747;4.33;0.26;400.87;24.02;1399;67;4725.00;625
11725;35;4216992;11725;532;13122;13747;4.28;0.26;400.95;24.02;1397;67;4726.00;625
11731;35;4217009;11731;539;13122;13747;4.19;0.26;400.96;24.02;1391;67;4727.00;625
11732;35;4217030;11732;541;13125;13751;4.22;0.26;400.96;24.02;1393;67;4728.00;626
11737;35;4217045;11737;547;13125;13751;4.15;0.25;400.97;24.02;1388;67;4729.00;626
11741;35;4217065;11741;549;13125;13751;4.09;0.25;401.08;24.02;1384;67;4730.00;626
11743;35;4217080;11743;553;13127;13752;4.09;0.25;401.11;24.03;1384;67;4731.00;625
11748;35;4217094;11748;565;13130;13756;4.04;0.25;401.23;24.03;1382;67;4732.00;626
11751;35;4217111;11751;571;13130;13756;4.03;0.25;401.34;24.03;1379;67;4733.00;626
11752;35;4217126;11752;577;13131;13759;4.06;0.25;401.34;24.03;1379;67;4734.00;628
11757;35;4217141;11757;577;13132;13759;4.06;0.25;401.45;24.04;1375;67;4735.00;627
11758;35;4217156;11758;581;13132;13759;4.06;0.25;401.43;24.04;1374;67;4736.00;627
11760;35;4217170;11760;580;13133;13759;4.00;0.24;401.46;24.16;1373;67;4737.00;626
11762;35;4217185;11762;580;13136;13763;3.96;0.24;401.42;24.15;1374;67;4738.00;627
11768;35;4217200;11768;579;13136;13763;3.88;0.24;401.38;24.15;1368;67;4739.00;627
11771;35;4217218;11771;578;13136;13763;3.85;0.23;401.41;24.15;1365;67;4740.00;627
11774;35;4217233;11774;574;13136;13763;3.79;0.23;401.38;24.15;1362;67;4741.00;627
11775;35;4217248;11775;582;13136;13764;3.76;0.23;401.44;24.15;1361;67;4742.00;628
11775;35;4217263;11775;586;13137;13765;3.73;0.23;401.44;24.26;1362;67;4743.00;628
11776;35;4217278;11776;594;13137;13765;3.67;0.23;401.42;24.26;1361;67;4744.00;628
11778;35;4217292;11778;598;13138;13766;3.68;0.23;401.51;24.26;1360;67;4745.00;628
11780;35;4217307;11780;598;13138;13766;3.69;0.23;401.52;24.26;1358;67;4746.00;628
11784;35;4217322;11784;601;13138;13766;3.62;0.22;401.44;24.26;1354;67;4747.00;628
11785;35;4217337;11785;603;13138;13766;3.62;0.22;401.44;24.26;1353;67;4748.00;628
11787;35;4217352;11787;606;13138;13766;3.59;0.22;401.40;24.26;1351;67;4749.00;628
11788;35;4217367;11788;613;13138;13766;3.57;0.22;401.37;24.26;1350;67;4750.00;628
11791;35;4217381;11791;614;13138;13766;3.55;0.22;401.32;24.26;1347;67;4751.00;628
11791;35;4217395;11791;637;13202;13893;3.87;0.24;401.32;24.14;1411;67;4752.00;691
11792;35;4217419;11792;631;13206;13894;3.90;0.24;401.29;24.14;1414;67;4753.00;688
11793;35;4217432;11793;631;13214;13894;3.95;0.25;401.26;24.12;1421;67;4754.00;680
11796;35;4217446;11796;634;13216;13894;3.94;0.25;401.37;24.12;1420;67;4755.00;678
11798;35;4217462;11798;637;13220;13894;3.95;0.25;401.36;24.11;1422;67;4756.00;674
11799;35;4217476;11799;641;13223;13894;3.90;0.24;401.41;24.11;1424;67;4757.00;671
11799;35;4217491;11799;643;13224;13894;3.88;0.24;401.41;24.11;1425;67;4758.00;670
11801;35;4217505;11801;646;13225;13894;3.88;0.24;401.48;24.11;1424;67;4759.00;669
11801;35;4217519;11801;651;13227;13895;3.90;0.24;401.48;24.11;1426;67;4760.00;668
11803;35;4217539;11803;648;13228;13896;3.90;0.24;401.47;24.10;1425;67;4761.00;668
11806;35;4217554;11806;652;13229;13896;3.88;0.24;401.42;24.10;1423;67;4762.00;667
11808;35;4217568;11808;658;13230;13897;3.90;0.24;401.48;24.10;1422;68;4763.00;667
11808;35;4217590;11808;665;13231;13897;3.88;0.24;401.48;24.10;1423;68;4764.00;666
11809;35;4217605;11809;670;13232;13897;3.88;0.24;401.51;24.10;1423;68;4765.00;665
11810;35;4217619;11810;669;13233;13897;3.82;0.24;401.49;24.10;1423;68;4766.00;664
11812;35;4217638;11812;673;13236;13901;3.79;0.23;401.48;24.10;1424;68;4767.00;665
11814;35;4217653;11814;687;13237;13901;3.71;0.23;401.45;24.09;1423;68;4768.00;664
11815;35;4217668;11815;686;13238;13901;3.68;0.23;401.42;24.09;1423;68;4769.00;663
11816;35;4217684;11816;687;13242;13907;3.65;0.23;401.44;24.09;1426;69;4770.00;665
11818;35;4217707;11818;672;13242;13907;3.63;0.22;401.48;24.09;1424;69;4771.00;665
11818;35;4217722;11818;665;13242;13907;3.62;0.22;401.48;24.09;1424;69;4772.00;665
11821;35;4217737;11821;656;13245;13911;3.62;0.22;401.50;24.08;1424;69;4773.00;666
11823;35;4217752;11823;645;13246;13912;3.63;0.22;401.54;24.08;1423;69;4774.00;666
11825;35;4217767;11825;645;13246;13912;3.63;0.22;401.50;24.08;1421;69;4775.00;666
11829;35;4217781;11829;638;13249;13916;3.61;0.22;401.45;24.07;1420;69;4776.00;667
11831;35;4217796;11831;634;13249;13916;3.62;0.22;401.52;24.07;1418;69;4777.00;667
11832;35;4217811;11832;634;13249;13916;3.67;0.22;401.50;24.07;1417;69;4778.00;667
11835;35;4217825;11835;631;13249;13917;3.68;0.22;401.48;24.07;1414;69;4779.00;668
11836;35;4217845;11836;633;13249;13917;3.70;0.23;401.46;24.07;1413;69;4780.00;668
11837;35;4217859;11837;631;13253;13923;3.72;0.23;401.43;24.07;1416;69;4781.00;670
11842;35;4217874;11842;629;13253;13923;3.67;0.22;401.45;24.07;1411;69;4782.00;670
11843;35;4217888;11843;630;13253;13924;3.67;0.22;401.43;24.07;1410;69;4783.00;671
11846;35;4217902;11846;631;13253;13924;3.62;0.22;401.37;24.07;1407;69;4784.00;671
11848;35;4217921;11848;622;13253;13924;3.58;0.22;401.35;24.07;1405;69;4785.00;671
11849;35;4217940;11849;616;13253;13924;3.56;0.22;401.34;24.07;1404;69;4786.00;671
11851;35;4217953;11851;604;13253;13924;3.56;0.22;401.30;24.07;1402;69;4787.00;671
11853;35;4217967;11853;597;13262;13936;3.63;0.22;401.27;24.05;1409;69;4788.00;674
11854;35;4217981;11854;589;13262;13936;3.68;0.22;401.25;24.05;1408;69;4789.00;674
11855;35;4217996;11855;576;13262;13936;3.75;0.23;401.31;24.05;1407;69;4790.00;674
11858;35;4218010;11858;575;13262;13936;3.80;0.23;401.29;24.05;1404;69;4791.00;674
11860;35;4218024;11860;558;13262;13936;3.83;0.23;401.26;24.05;1402;69;4792.00;674
11864;35;4218038;11864;545;13262;13936;3.89;0.24;401.39;24.05;1398;69;4793.00;674
11866;35;4218052;11866;544;13265;13940;3.94;0.24;401.43;24.04;1399;69;4794.00;675
11869;35;4218066;11869;532;13265;13940;3.98;0.24;401.41;24.04;1396;69;4795.00;675
11875;35;4218080;11875;521;13268;13944;3.98;0.24;401.32;24.04;1393;69;4796.00;676
11879;35;4218095;11879;519;13268;13945;4.01;0.24;401.35;24.04;1389;69;4797.00;677
11882;35;4218111;11882;518;13268;13945;4.05;0.25;401.43;24.04;1386;69;4798.00;677
11887;35;4218125;11887;519;13268;13945;4.08;0.25;401.52;24.04;1381;69;4799.00;677
11891;35;4218143;11891;517;13288;13986;4.19;0.25;401.61;24.00;1397;69;4800.00;698
11894;35;4218165;11894;511;13289;13986;4.25;0.26;401.60;24.00;1395;69;4801.00;697
11898;35;4218181;11898;500;13292;13986;4.29;0.26;401.63;24.00;1394;69;4802.00;694
11900;35;4218196;11900;494;13294;13987;4.35;0.26;401.75;23.99;1394;69;4803.00;693
11902;35;4218211;11902;490;13295;13988;4.39;0.27;401.76;24.12;1393;69;4804.00;693
11906;35;4218229;11906;489;13298;13988;4.40;0.27;401.81;24.11;1392;69;4805.00;690
11910;35;4218245;11910;482;13299;13991;4.42;0.27;401.81;24.11;1389;69;4806.00;692
11914;35;4218260;11914;467;13299;13991;4.40;0.27;401.96;24.11;1385;69;4807.00;692
11916;35;4218276;11916;466;13301;13991;4.38;0.27;402.09;24.11;1385;69;4808.00;690
11919;35;4218292;11919;461;13301;13991;4.40;0.27;402.13;24.11;1382;69;4809.00;690
11921;35;4218308;11921;463;13305;13997;4.41;0.27;402.14;24.10;1384;69;4810.00;692
11923;35;4218324;11923;472;13306;13997;4.46;0.27;402.13;24.10;1383;69;4811.00;691
11927;35;4218340;11927;471;13306;13997;4.45;0.27;402.28;24.10;1379;69;4812.00;691
11932;35;4218356;11932;463;13306;13997;4.44;0.27;402.33;24.10;1374;69;4813.00;691
11935;35;4218372;11935;469;13310;14001;4.42;0.27;402.38;24.12;1375;69;4814.00;691
11941;35;4218388;11941;459;13311;14003;4.39;0.27;402.45;24.12;1370;69;4815.00;692
11944;35;4218404;11944;456;13311;14003;4.43;0.27;402.47;24.12;1367;69;4816.00;692
11948;35;4218420;11948;455;13313;14004;4.42;0.27;402.67;24.12;1365;69;4817.00;691
11950;35;4218435;11950;456;13313;14004;4.43;0.27;402.77;24.12;1363;69;4818.00;691
11952;35;4218450;11952;459;13313;14004;4.43;0.27;402.79;24.12;1361;69;4819.00;691
11957;35;4218465;11957;460;13314;14004;4.45;0.27;402.94;24.14;1357;69;4820.00;690
11961;35;4218482;11961;465;13314;14004;4.45;0.27;402.99;24.14;1353;69;4821.00;690
11964;35;4218497;11964;470;13314;14004;4.49;0.27;403.00;24.14;1350;69;4822.00;690
11965;35;4218513;11965;476;13316;14004;4.53;0.28;402.99;24.19;1351;69;4823.00;688
11969;35;4218528;11969;489;13355;14074;4.55;0.28;403.03;24.14;1386;69;4824.00;719
11970;35;4218549;11970;476;13355;14075;4.58;0.28;403.16;24.14;1385;69;4825.00;720
11973;35;4218565;11973;470;13356;14075;4.58;0.28;403.17;24.14;1383;69;4826.00;719
11976;35;4218581;11976;463;13358;14075;4.58;0.28;403.15;24.19;1382;69;4827.00;717
11977;35;4218596;11977;463;13359;14077;4.61;0.28;403.23;24.19;1382;69;4828.00;718
11982;35;4218613;11982;462;13361;14077;4.60;0.28;403.19;24.24;1379;69;4829.00;716
11986;35;4218631;11986;469;13361;14077;4.55;0.28;403.27;24.24;1375;69;4830.00;716
11990;35;4218646;11990;464;13363;14077;4.49;0.27;403.39;24.26;1373;69;4831.00;714
11992;35;4218663;11992;465;13363;14078;4.42;0.27;403.49;24.26;1371;69;4832.00;715
11994;35;4218679;11994;473;13364;14079;4.42;0.27;403.57;24.28;1370;69;4833.00;715
11995;35;4218695;11995;471;13365;14079;4.36;0.27;403.57;24.40;1370;69;4834.00;714
11999;35;4218711;11999;476;13370;14083;4.31;0.26;403.69;24.42;1371;69;4835.00;713
12001;35;4218727;12001;479;13372;14083;4.32;0.26;403.74;24.44;1371;69;4836.00;711
12004;35;4218742;12004;477;13372;14083;4.34;0.26;403.83;24.44;1368;69;4837.00;711
12007;35;4218758;12007;473;13373;14083;4.34;0.26;403.83;24.44;1366;69;4838.00;710
12011;35;4218774;12011;481;13376;14089;4.37;0.27;403.94;24.44;1365;69;4839.00;713
12013;35;4218791;12013;478;13376;14089;4.45;0.27;403.94;24.44;1363;69;4840.00;713
12017;35;4218806;12017;458;13377;14089;4.46;0.27;403.92;24.44;1360;69;4841.00;712
12018;35;4218823;12018;456;13379;14092;4.50;0.27;403.93;24.46;1361;69;4842.00;713
12020;35;4218839;12020;448;13380;14092;4.56;0.28;403.97;24.46;1360;69;4843.00;712
12022;35;4218855;12022;448;13380;14092;4.61;0.28;404.03;24.46;1358;69;4844.00;712
12025;35;4218871;12025;452;13380;14093;4.66;0.28;404.00;24.46;1355;69;4845.00;713
12027;35;4218887;12027;446;13382;14094;4.72;0.29;404.05;24.48;1355;69;4846.00;712
12028;35;4218903;12028;448;13382;14094;4.74;0.29;404.08;24.48;1354;69;4847.00;712
12032;35;4218918;12032;449;13394;14107;4.76;0.29;404.10;24.47;1362;69;4848.00;713
12039;35;4218935;12039;459;13396;14107;4.72;0.29;404.21;24.49;1357;69;4849.00;711
12044;35;4218951;12044;453;13396;14107;4.72;0.29;404.34;24.49;1352;69;4850.00;711
12048;35;4218969;12048;454;13396;14108;4.74;0.29;404.40;24.49;1348;69;4851.00;712
12051;35;4218985;12051;464;13398;14108;4.69;0.28;404.44;24.62;1347;69;4852.00;710
12055;35;4219000;12055;455;13401;14112;4.71;0.28;404.44;24.64;1346;69;4853.00;711
12056;35;4219016;12056;459;13404;14112;4.73;0.29;404.43;24.64;1348;69;4854.00;708
12058;35;4219032;12058;464;13409;14116;4.67;0.28;404.49;24.63;1351;69;4855.00;707
12060;35;4219047;12060;454;13410;14116;4.68;0.28;404.48;24.65;1350;69;4856.00;706
12062;35;4219062;12062;463;13410;14116;4.70;0.29;404.52;24.65;1348;69;4857.00;706
12063;35;4219078;12063;458;13412;14116;4.71;0.29;404.52;24.77;1349;69;4858.00;704
12065;35;4219092;12065;460;13413;14116;4.66;0.28;404.54;24.80;1348;69;4859.00;703
12069;35;4219110;12069;465;13436;14150;4.72;0.29;404.59;24.76;1367;69;4860.00;714
12071;35;4219127;12071;453;13438;14150;4.76;0.29;404.73;24.75;1367;69;4861.00;712
12075;35;4219142;12075;448;13440;14150;4.76;0.29;404.74;24.75;1365;69;4862.00;710
12080;35;4219157;12080;450;13440;14150;4.74;0.29;404.91;24.75;1360;69;4863.00;710
12081;36;4219173;12081;447;13444;14150;4.79;0.29;404.91;24.77;1363;70;4864.00;706
12083;36;4219198;12083;446;13445;14150;4.82;0.29;404.94;24.77;1362;70;4865.00;705
12083;36;4219213;12083;448;13445;14151;4.81;0.29;404.94;24.77;1362;70;4866.00;706
12086;37;4219228;12086;458;13445;14151;4.79;0.29;404.97;24.77;1359;71;4867.00;706
12088;37;4219254;12088;461;13450;14157;4.81;0.29;405.08;24.76;1362;71;4868.00;707
12092;37;4219270;12092;464;13450;14158;4.80;0.29;405.11;24.76;1358;71;4869.00;708
12095;37;4219290;12095;467;13452;14158;4.80;0.29;405.19;24.79;1357;71;4870.00;706
12096;37;4219305;12096;487;13453;14158;4.79;0.29;405.18;24.78;1357;71;4871.00;705
12098;37;4219321;12098;489;13454;14162;4.76;0.29;405.22;24.78;1356;71;4872.00;708
12100;37;4219335;12100;497;13455;14162;4.73;0.29;405.21;24.78;1355;71;4873.00;707
12105;37;4219351;12105;502;13456;14162;4.70;0.29;405.32;24.78;1351;71;4874.00;706
12108;37;4219366;12108;502;13457;14163;4.68;0.29;405.35;24.78;1349;71;4875.00;706
12109;37;4219381;12109;501;13460;14167;4.68;0.29;405.33;24.77;1351;71;4876.00;707
12112;37;4219396;12112;506;13460;14167;4.61;0.28;405.46;24.77;1348;71;4877.00;707
12115;37;4219411;12115;503;13461;14170;4.57;0.28;405.55;24.77;1346;71;4878.00;709
12118;37;4219430;12118;496;13464;14170;4.51;0.27;405.63;24.94;1346;71;4879.00;706
12120;37;4219445;12120;503;13464;14170;4.46;0.27;405.64;24.94;1344;71;4880.00;706
12123;37;4219459;12123;497;13464;14170;4.44;0.27;405.60;24.94;1341;71;4881.00;706
12125;37;4219474;12125;497;13468;14174;4.43;0.27;405.57;24.96;1343;71;4882.00;706
12127;37;4219488;12127;497;13468;14174;4.43;0.27;405.61;24.96;1341;71;4883.00;706
12127;37;4219507;12127;503;13469;14174;4.46;0.27;405.61;24.98;1342;71;4884.00;705
12128;37;4219521;12128;507;13470;14174;4.49;0.27;405.60;25.01;1342;71;4885.00;704
12132;37;4219535;12132;506;13470;14175;4.44;0.27;405.68;25.01;1338;71;4886.00;705
12134;37;4219549;12134;501;13471;14176;4.42;0.27;405.65;25.03;1337;71;4887.00;705
12138;37;4219563;12138;500;13473;14176;4.43;0.27;405.78;25.08;1335;71;4888.00;703
12142;37;4219577;12142;503;13475;14177;4.40;0.27;405.79;25.10;1333;71;4889.00;702
12143;37;4219594;12143;502;13476;14177;4.38;0.27;405.80;25.22;1333;71;4890.00;701
12147;37;4219614;12147;499;13476;14177;4.38;0.27;405.79;25.22;1329;71;4891.00;701
12149;37;4219629;12149;502;13477;14177;4.34;0.26;405.76;25.24;1328;71;4892.00;700
12151;37;4219643;12151;509;13477;14177;4.31;0.26;405.74;25.24;1326;71;4893.00;700
12156;37;4219657;12156;513;13477;14177;4.27;0.26;405.78;25.24;1321;71;4894.00;700
12160;37;4219687;12160;513;13477;14177;4.23;0.26;405.72;25.24;1317;71;4895.00;700
12160;37;4219705;12160;540;13536;14304;4.47;0.28;405.72;25.13;1376;71;4896.00;768
12160;37;4219731;12160;535;13539;14305;4.48;0.28;405.72;25.13;1379;71;4897.00;766
12164;37;4219745;12164;537;13546;14305;4.45;0.28;405.71;25.12;1382;71;4898.00;759
12167;37;4219760;12167;536;13549;14305;4.40;0.27;405.66;25.11;1382;71;4899.00;756
12171;37;4219775;12171;537;13554;14305;4.39;0.27;405.67;25.10;1383;71;4900.00;751
12175;37;4219793;12175;541;13557;14305;4.39;0.27;405.62;25.10;1382;71;4901.00;748
12177;37;4219807;12177;552;13560;14305;4.36;0.27;405.70;25.12;1383;71;4902.00;745
12177;37;4219822;12177;541;13564;14305;4.37;0.27;405.70;25.11;1387;71;4903.00;741
12177;37;4219836;12177;541;13565;14306;4.38;0.27;405.70;25.11;1388;71;4904.00;741
12178;37;4219850;12178;543;13569;14308;4.38;0.27;405.75;25.11;1391;71;4905.00;739
12179;37;4219865;12179;550;13571;14308;4.41;0.27;405.73;25.13;1392;71;4906.00;737
12183;37;4219880;12183;557;13572;14309;4.38;0.27;405.70;25.13;1389;71;4907.00;737
12185;37;4219895;12185;564;13573;14309;4.35;0.27;405.66;25.13;1388;71;4908.00;736
12186;37;4219910;12186;565;13576;14309;4.35;0.27;405.71;25.12;1390;71;4909.00;733
12188;37;4219924;12188;582;13577;14309;4.30;0.26;405.78;25.12;1389;71;4910.00;732
12191;37;4219944;12191;585;13580;14313;4.26;0.26;405.81;25.12;1389;71;4911.00;733
12192;37;4219959;12192;596;13580;14313;4.21;0.26;405.81;25.12;1388;71;4912.00;733
12192;37;4219973;12192;607;13580;14313;4.19;0.26;405.81;25.12;1388;71;4913.00;733
12195;37;4219987;12195;623;13581;14316;4.15;0.25;405.81;25.12;1386;71;4914.00;735
12195;37;4220001;12195;632;13581;14316;4.14;0.25;405.81;25.12;1386;71;4915.00;735
12196;37;4220015;12196;642;13581;14316;4.12;0.25;405.80;25.12;1385;71;4916.00;735
12197;37;4220034;12197;650;13584;14320;4.10;0.25;405.81;25.11;1387;71;4917.00;736
12199;37;4220049;12199;640;13585;14321;4.10;0.25;405.82;25.11;1386;71;4918.00;736
12201;37;4220063;12201;638;13585;14321;4.10;0.25;405.90;25.11;1384;71;4919.00;736
12203;37;4220079;12203;635;13589;14326;4.11;0.25;405.86;25.10;1386;71;4920.00;737
12205;37;4220093;12205;625;13589;14326;4.10;0.25;405.82;25.10;1384;71;4921.00;737
12207;37;4220107;12207;623;13589;14326;4.09;0.25;405.79;25.10;1382;71;4922.00;737
12208;37;4220122;12208;621;13589;14327;4.13;0.25;405.79;25.10;1381;71;4923.00;738
12208;37;4220138;12208;619;13589;14327;4.16;0.25;405.79;25.10;1381;71;4924.00;738
12208;37;4220157;12208;617;13593;14333;4.21;0.26;405.79;25.09;1385;71;4925.00;740
12209;37;4220178;12209;625;13593;14333;4.23;0.26;405.78;25.09;1384;71;4926.00;740
12213;37;4220193;12213;627;13593;14334;4.20;0.26;405.72;25.09;1380;71;4927.00;741
12216;37;4220208;12216;630;13593;14334;4.18;0.26;405.69;25.09;1377;71;4928.00;741
12218;37;4220222;12218;627;13593;14334;4.16;0.25;405.66;25.09;1375;71;4929.00;741
12219;37;4220236;12219;631;13593;14334;4.11;0.25;405.63;25.09;1374;71;4930.00;741
12219;37;4220250;12219;628;13593;14334;4.10;0.25;405.63;25.09;1374;71;4931.00;741
12221;37;4220264;12221;627;13602;14346;4.10;0.25;405.62;25.08;1381;71;4932.00;744
12224;37;4220279;12224;627;13602;14346;4.08;0.25;405.73;25.08;1378;71;4933.00;744
12224;37;4220294;12224;630;13602;14346;4.08;0.25;405.73;25.08;1378;71;4934.00;744
12227;37;4220308;12227;622;13602;14346;4.07;0.25;405.69;25.08;1375;71;4935.00;744
12228;37;4220321;12228;619;13602;14346;4.06;0.25;405.68;25.08;1374;71;4936.00;744
12230;37;4220336;12230;606;13602;14346;4.02;0.25;405.72;25.08;1372;71;4937.00;744
12234;37;4220350;12234;607;13605;14350;3.97;0.24;405.70;25.07;1371;71;4938.00;745
12238;37;4220365;12238;609;13605;14350;3.94;0.24;405.63;25.07;1367;71;4939.00;745
12239;37;4220379;12239;600;13608;14354;3.98;0.24;405.62;25.07;1369;71;4940.00;746
12242;37;4220393;12242;603;13608;14355;3.99;0.24;405.56;25.07;1366;71;4941.00;747
12244;37;4220407;12244;607;13608;14355;4.00;0.24;405.53;25.07;1364;71;4942.00;747
12245;37;4220422;12245;602;13608;14355;4.01;0.25;405.55;25.07;1363;71;4943.00;747
12248;37;4220436;12248;600;13618;14368;4.04;0.25;405.53;25.05;1370;71;4944.00;750
12253;37;4220452;12253;591;13618;14368;3.98;0.24;405.55;25.05;1365;71;4945.00;750
12256;37;4220466;12256;588;13618;14368;3.98;0.24;405.64;25.05;1362;71;4946.00;750
12259;37;4220479;12259;586;13619;14369;4.02;0.25;405.63;25.05;1360;71;4947.00;750
12262;37;4220493;12262;586;13619;14370;4.04;0.25;405.60;25.05;1357;71;4948.00;751
12264;37;4220507;12264;583;13619;14370;4.05;0.25;405.58;25.05;1355;71;4949.00;751
12265;37;4220521;12265;573;13624;14379;4.05;0.25;405.59;25.04;1359;71;4950.00;755
12270;37;4220535;12270;563;13624;14379;4.05;0.25;405.71;25.04;1354;71;4951.00;755
12272;37;4220550;12272;566;13625;14379;4.12;0.25;405.69;25.04;1353;71;4952.00;754
12277;37;4220563;12277;545;13625;14379;4.13;0.25;405.78;25.04;1348;71;4953.00;754
12281;37;4220578;12281;542;13629;14385;4.17;0.25;405.90;25.03;1348;71;4954.00;756
12284;37;4220593;12284;534;13630;14385;4.21;0.26;405.97;25.03;1346;71;4955.00;755
12287;37;4220607;12287;533;13630;14385;4.25;0.26;405.91;25.03;1343;71;4956.00;755
12291;37;4220622;12291;527;13631;14385;4.29;0.26;405.92;25.05;1340;71;4957.00;754
12293;37;4220638;12293;527;13634;14389;4.33;0.26;406.03;25.05;1341;71;4958.00;755
12296;37;4220653;12296;522;13634;14390;4.39;0.27;406.03;25.05;1338;71;4959.00;756
12299;37;4220669;12299;513;13634;14390;4.44;0.27;406.00;25.05;1335;71;4960.00;756
12302;37;4220683;12302;497;13635;14391;4.52;0.28;406.16;25.04;1333;71;4961.00;756
12305;37;4220699;12305;495;13635;14391;4.56;0.28;406.15;25.04;1330;71;4962.00;756
12307;37;4220714;12307;490;13635;14391;4.64;0.28;406.13;25.04;1328;71;4963.00;756
12314;37;4220730;12314;492;13635;14391;4.64;0.28;406.22;25.04;1321;71;4964.00;756
12318;37;4220745;12318;487;13635;14391;4.68;0.28;406.32;25.04;1317;71;4965.00;756
12322;37;4220760;12322;485;13635;14391;4.72;0.29;406.44;25.04;1313;71;4966.00;756
12327;37;4220775;12327;483;13635;14391;4.78;0.29;406.62;25.04;1308;71;4967.00;756
12330;37;4220791;12330;480;13665;14461;4.97;0.30;406.65;24.99;1335;71;4968.00;796
12336;37;4220813;12336;468;13667;14462;4.99;0.30;406.87;24.99;1331;71;4969.00;795
12338;37;4220829;12338;456;13669;14462;5.02;0.31;407.02;24.98;1331;71;4970.00;793
12344;37;4220844;12344;449;13672;14462;5.06;0.31;407.22;24.98;1328;71;4971.00;790
12349;38;4220860;12349;439;13674;14462;5.07;0.31;407.32;24.98;1325;72;4972.00;788
12353;38;4220893;12353;428;13674;14462;5.12;0.31;407.40;24.98;1321;72;4973.00;788
12356;38;4220909;12356;427;13674;14462;5.11;0.31;407.47;24.98;1318;72;4974.00;788
12359;38;4220925;12359;424;13674;14462;5.07;0.31;407.51;24.98;1315;72;4975.00;788
12363;38;4220942;12363;421;13674;14463;5.00;0.30;407.62;24.98;1311;72;4976.00;789
12364;38;4220957;12364;423;13674;14464;4.97;0.30;407.60;24.98;1310;72;4977.00;790
12368;38;4220972;12368;420;13674;14464;4.88;0.30;407.66;24.98;1306;72;4978.00;790
12372;38;4220988;12372;421;13677;14468;4.83;0.29;407.88;24.97;1305;72;4979.00;791
12376;38;4221006;12376;423;13677;14468;4.84;0.29;407.94;24.97;1301;72;4980.00;791
12381;38;4221022;12381;423;13677;14468;4.85;0.29;408.15;24.97;1296;72;4981.00;791
12384;38;4221059;12384;424;13677;14468;4.85;0.29;408.28;24.97;1293;72;4982.00;791
12389;38;4221078;12389;430;13680;14474;4.87;0.30;408.46;24.96;1291;72;4983.00;794
12393;38;4221094;12393;428;13682;14474;4.89;0.30;408.51;24.99;1289;72;4984.00;792
12394;38;4221109;12394;430;13682;14474;4.94;0.30;408.56;24.99;1288;72;4985.00;792
12397;38;4221124;12397;428;13682;14477;4.98;0.30;408.62;24.99;1285;72;4986.00;795
12399;38;4221141;12399;433;13683;14477;5.02;0.31;408.65;24.99;1284;72;4987.00;794
12401;38;4221155;12401;427;13684;14477;5.05;0.31;408.65;25.02;1283;72;4988.00;793
12405;38;4221171;12405;435;13684;14478;5.06;0.31;408.73;25.02;1279;72;4989.00;794
12408;38;4221185;12408;438;13685;14479;5.03;0.31;408.73;25.05;1277;72;4990.00;794
12413;38;4221201;12413;435;13686;14479;4.97;0.30;408.81;25.05;1273;72;4991.00;793
12416;38;4221217;12416;431;13700;14492;4.94;0.30;408.84;25.21;1284;72;4992.00;792
12420;38;4221235;12420;429;13701;14492;4.90;0.30;408.89;25.21;1281;72;4993.00;791
12424;38;4221250;12424;427;13702;14492;4.89;0.30;409.07;25.24;1278;72;4994.00;790
12426;38;4221265;12426;441;13706;14494;4.89;0.30;409.10;25.27;1280;72;4995.00;788
12429;38;4221280;12429;442;13707;14494;4.87;0.30;409.28;25.30;1278;72;4996.00;787
12432;38;4221295;12432;435;13710;14498;4.82;0.29;409.37;25.32;1278;72;4997.00;788
12435;38;4221310;12435;430;13711;14498;4.81;0.29;409.33;25.32;1276;72;4998.00;787
12438;38;4221325;12438;434;13715;14502;4.82;0.29;409.41;25.32;1277;72;4999.00;787
12439;38;4221340;12439;435;13717;14502;4.83;0.29;409.51;25.38;1278;72;5000.00;785
12441;38;4221358;12441;438;13719;14502;4.86;0.30;409.62;25.40;1278;72;5001.00;783
12441;38;4221372;12441;446;13721;14502;4.88;0.30;409.62;25.46;1280;72;5002.00;781
12443;38;4221386;12443;465;13722;14502;4.89;0.30;409.63;25.46;1279;72;5003.00;780
12447;38;4221400;12447;460;13732;14514;4.85;0.30;409.78;25.51;1285;72;5004.00;782
12447;38;4221417;12447;463;13733;14514;4.83;0.30;409.78;25.51;1286;72;5005.00;781
12450;38;4221437;12450;451;13735;14514;4.82;0.29;409.81;25.56;1285;72;5006.00;779
12453;38;4221451;12453;447;13736;14514;4.80;0.29;409.86;25.56;1283;72;5007.00;778
12454;38;4221472;12454;442;13739;14514;4.82;0.29;409.87;25.59;1285;72;5008.00;775
12455;38;4221487;12455;447;13739;14514;4.86;0.30;409.85;25.59;1284;72;5009.00;775
12459;38;4221503;12459;442;13743;14515;4.89;0.30;409.92;25.77;1284;72;5010.00;772
12461;38;4221519;12461;451;13746;14515;4.90;0.30;409.99;25.83;1285;72;5011.00;769
12463;38;4221534;12463;454;13751;14521;4.96;0.30;410.05;25.82;1288;72;5012.00;770
12466;38;4221550;12466;460;13754;14522;4.96;0.30;410.17;25.87;1288;72;5013.00;768
12470;38;4221564;12470;459;13755;14522;4.98;0.30;410.25;25.87;1285;72;5014.00;767
12473;38;4221579;12473;461;13757;14522;4.99;0.30;410.29;25.90;1284;72;5015.00;765
12477;38;4221595;12477;462;13759;14526;4.94;0.30;410.33;25.90;1282;72;5016.00;767
12481;38;4221611;12481;460;13763;14526;4.93;0.30;410.44;25.98;1282;72;5017.00;763
12483;38;4221627;12483;451;13764;14526;4.97;0.30;410.49;26.00;1281;72;5018.00;762
12487;38;4221642;12487;441;13769;14527;5.00;0.30;410.61;26.41;1282;73;5019.00;758
12488;38;4221668;12488;447;13773;14531;5.02;0.30;410.66;26.40;1285;73;5020.00;758
12488;38;4221684;12488;439;13775;14531;5.03;0.31;410.66;26.46;1287;73;5021.00;756
12491;38;4221699;12491;439;13777;14534;5.00;0.30;410.70;26.58;1286;73;5022.00;757
12492;38;4221714;12492;439;13778;14534;4.99;0.30;410.71;26.61;1286;73;5023.00;756
12493;38;4221729;12493;442;13779;14534;5.04;0.31;410.73;26.64;1286;73;5024.00;755
12497;38;4221742;12497;442;13779;14534;5.01;0.31;410.76;26.64;1282;73;5025.00;755
12501;38;4221757;12501;444;13784;14538;5.02;0.30;410.82;26.68;1283;73;5026.00;754
12505;38;4221772;12505;441;13784;14538;4.99;0.30;410.83;26.68;1279;73;5027.00;754
12509;38;4221786;12509;452;13785;14538;4.95;0.30;410.81;26.71;1276;73;5028.00;753
12511;38;4221801;12511;454;13786;14538;4.92;0.30;410.81;26.74;1275;73;5029.00;752
12513;38;4221816;12513;449;13787;14539;4.88;0.30;410.82;26.76;1274;73;5030.00;752
12516;38;4221830;12516;460;13788;14540;4.82;0.29;410.90;26.79;1272;73;5031.00;752
12519;38;4221845;12519;455;13789;14540;4.79;0.29;410.89;26.81;1270;73;5032.00;751
12520;38;4221860;12520;465;13791;14541;4.76;0.29;410.89;26.84;1271;73;5033.00;750
12524;38;4221874;12524;465;13793;14541;4.67;0.28;410.82;26.89;1269;73;5034.00;748
12525;38;4221888;12525;473;13793;14541;4.66;0.28;410.81;26.89;1268;73;5035.00;748
12525;38;4221903;12525;482;13795;14541;4.65;0.28;410.81;26.94;1270;73;5036.00;746
12527;38;4221917;12527;489;13795;14541;4.63;0.28;410.79;26.94;1268;73;5037.00;746
12527;38;4221930;12527;491;13796;14541;4.63;0.28;410.79;26.96;1269;73;5038.00;745
12530;38;4221945;12530;500;13797;14541;4.58;0.28;410.83;26.99;1267;73;5039.00;744
12534;38;4221960;12534;562;13921;14771;4.73;0.30;410.84;26.80;1387;73;5040.00;850
12535;38;4221995;12535;549;13921;14772;4.72;0.30;410.82;26.80;1386;73;5041.00;851
12535;38;4222011;12535;535;13929;14772;4.79;0.30;410.82;26.83;1394;73;5042.00;843
12537;38;4222025;12537;532;13933;14772;4.81;0.30;410.85;26.85;1396;73;5043.00;839
12541;38;4222041;12541;527;13940;14772;4.81;0.30;410.83;26.92;1399;73;5044.00;832
12544;38;4222057;12544;520;13945;14772;4.79;0.30;410.89;26.94;1401;73;5045.00;827
12544;38;4222072;12544;513;13951;14772;4.87;0.30;410.89;27.07;1407;73;5046.00;821
12544;38;4222087;12544;521;13958;14772;4.94;0.31;410.89;27.11;1414;73;5047.00;814
12546;38;4222102;12546;514;13964;14773;4.97;0.31;410.93;27.10;1418;73;5048.00;809
12549;38;4222119;12549;516;13967;14774;4.98;0.31;410.89;27.13;1418;73;5049.00;807
12553;38;4222135;12553;521;13971;14774;5.01;0.31;410.83;27.15;1418;73;5050.00;803
12558;38;4222151;12558;519;13972;14775;4.94;0.30;410.87;27.15;1414;73;5051.00;803
12558;38;4222167;12558;521;13974;14775;4.90;0.30;410.87;27.19;1416;73;5052.00;801
12559;38;4222182;12559;539;13975;14775;4.86;0.30;410.88;27.19;1416;73;5053.00;800
12561;38;4222199;12561;549;13978;14775;4.81;0.30;410.86;27.19;1417;73;5054.00;797
12563;38;4222214;12563;557;13980;14779;4.76;0.29;410.85;27.19;1417;73;5055.00;799
12565;38;4222230;12565;553;13980;14779;4.69;0.29;410.85;27.19;1415;73;5056.00;799
12569;38;4222245;12569;565;13981;14779;4.60;0.28;410.77;27.21;1412;73;5057.00;798
12572;38;4222261;12572;566;13982;14782;4.52;0.28;410.84;27.21;1410;73;5058.00;800
12573;38;4222277;12573;568;13983;14782;4.44;0.27;410.81;27.23;1410;73;5059.00;799
12574;38;4222292;12574;586;13983;14782;4.38;0.27;410.85;27.23;1409;73;5060.00;799
12574;38;4222308;12574;587;13987;14786;4.35;0.27;410.85;27.35;1413;73;5061.00;799
12576;38;4222325;12576;593;13991;14787;4.29;0.26;410.96;27.40;1415;73;5062.00;796
12576;38;4222341;12576;601;13991;14787;4.24;0.26;410.96;27.40;1415;73;5063.00;796
12579;38;4222357;12579;615;13994;14791;4.21;0.26;410.95;27.42;1415;73;5064.00;797
12581;38;4222372;12581;607;13995;14791;4.17;0.26;410.91;27.44;1414;73;5065.00;796
12581;38;4222388;12581;602;13997;14791;4.18;0.26;410.91;27.44;1416;73;5066.00;794
12582;38;4222406;12582;602;13997;14792;4.19;0.26;410.93;27.44;1415;73;5067.00;795
12582;38;4222421;12582;601;14001;14792;4.21;0.26;410.93;27.48;1419;73;5068.00;791
12586;38;4222437;12586;601;14007;14798;4.21;0.26;410.86;27.52;1421;73;5069.00;791
12587;38;4222455;12587;602;14011;14798;4.21;0.26;410.83;27.54;1424;73;5070.00;787
12589;38;4222471;12589;599;14012;14799;4.23;0.26;410.85;27.54;1423;73;5071.00;787
12591;38;4222487;12591;608;14012;14799;4.25;0.26;410.89;27.54;1421;73;5072.00;787
12594;38;4222508;12594;618;14013;14799;4.27;0.26;410.86;27.54;1419;73;5073.00;786
12595;38;4222524;12595;622;14017;14799;4.29;0.26;410.84;27.63;1422;73;5074.00;782
12596;38;4222546;12596;624;14018;14799;4.30;0.26;410.82;27.63;1422;73;5075.00;781
12598;38;4222562;12598;627;14028;14811;4.29;0.26;410.84;27.63;1430;73;5076.00;783
12599;38;4222578;12599;622;14029;14811;4.30;0.26;410.81;27.63;1430;73;5077.00;782
12602;38;4222594;12602;630;14030;14811;4.31;0.26;410.79;27.65;1428;73;5078.00;781
12603;38;4222610;12603;628;14031;14811;4.33;0.27;410.76;27.65;1428;73;5079.00;780
12605;38;4222627;12605;630;14032;14811;4.31;0.26;410.79;27.65;1427;73;5080.00;779
12607;38;4222643;12607;620;14033;14811;4.30;0.26;410.76;27.67;1426;73;5081.00;778
12609;38;4222659;12609;634;14037;14815;4.27;0.26;410.75;27.67;1428;73;5082.00;778
12609;38;4222675;12609;628;14039;14815;4.26;0.26;410.75;27.69;1430;73;5083.00;776
12610;38;4222690;12610;636;14043;14819;4.30;0.26;410.73;27.71;1433;73;5084.00;776
12611;38;4222707;12611;638;14045;14821;4.32;0.27;410.71;27.71;1434;73;5085.00;776
12615;38;4222722;12615;632;14046;14821;4.32;0.27;410.64;27.73;1431;73;5086.00;775
12620;38;4222738;12620;630;14047;14821;4.29;0.26;410.68;27.75;1427;73;5087.00;774
12621;38;4222754;12621;642;14056;14834;4.31;0.27;410.78;27.73;1435;73;5088.00;778
12624;38;4222770;12624;644;14057;14834;4.31;0.26;410.70;27.73;1433;73;5089.00;777
12625;38;4222786;12625;647;14057;14834;4.37;0.27;410.73;27.73;1432;73;5090.00;777
12626;38;4222801;12626;651;14058;14835;4.40;0.27;410.74;27.73;1432;73;5091.00;777
12629;38;4222817;12629;654;14058;14836;4.41;0.27;410.70;27.73;1429;73;5092.00;778
12631;38;4222831;12631;661;14058;14836;4.43;0.27;410.78;27.73;1427;73;5093.00;778
12633;38;4222846;12633;658;14059;14839;4.42;0.27;410.80;27.73;1426;73;5094.00;780
12635;38;4222861;12635;655;14059;14839;4.37;0.27;410.77;27.73;1424;73;5095.00;780
12637;38;4222875;12637;652;14059;14839;4.37;0.27;410.75;27.73;1422;73;5096.00;780
12642;38;4222893;12642;652;14059;14839;4.36;0.27;410.84;27.73;1417;73;5097.00;780
12643;38;4222912;12643;644;14063;14845;4.38;0.27;410.89;27.72;1420;73;5098.00;782
12646;38;4222927;12646;642;14063;14845;4.39;0.27;410.96;27.72;1417;73;5099.00;782
12647;38;4222944;12647;636;14068;14864;4.39;0.27;411.07;27.71;1421;73;5100.00;796
12651;38;4222964;12651;628;14068;14864;4.39;0.27;411.16;27.71;1417;73;5101.00;796
12653;38;4222980;12653;627;14071;14868;4.38;0.27;411.11;27.70;1418;73;5102.00;797
12655;38;4222995;12655;623;14071;14869;4.38;0.27;411.12;27.70;1416;73;5103.00;798
12658;38;4223009;12658;618;14071;14869;4.39;0.27;411.11;27.70;1413;73;5104.00;798
12659;38;4223023;12659;613;14072;14870;4.40;0.27;411.09;27.70;1413;73;5105.00;798
12662;38;4223038;12662;617;14075;14870;4.40;0.27;411.10;27.70;1413;73;5106.00;795
12667;38;4223053;12667;622;14075;14870;4.42;0.27;411.28;27.70;1408;73;5107.00;795
12668;38;4223068;12668;612;14075;14870;4.45;0.27;411.27;27.70;1407;73;5108.00;795
12673;38;4223082;12673;611;14075;14870;4.46;0.27;411.27;27.70;1402;73;5109.00;795
12673;38;4223097;12673;613;14075;14870;4.50;0.28;411.27;27.70;1402;73;5110.00;795
12676;38;4223111;12676;610;14075;14870;4.53;0.28;411.40;27.70;1399;73;5111.00;795
12682;38;4223127;12682;624;14109;14940;4.57;0.28;411.49;27.63;1427;73;5112.00;831
12682;38;4223147;12682;614;14111;14941;4.62;0.29;411.49;27.63;1429;73;5113.00;830
12688;38;4223167;12688;615;14112;14941;4.61;0.28;411.60;27.63;1424;73;5114.00;829
12692;38;4223181;12692;602;14115;14941;4.63;0.28;411.71;27.62;1423;73;5115.00;826
12693;38;4223197;12693;596;14116;14941;4.69;0.29;411.72;27.62;1423;73;5116.00;825
12699;38;4223212;12699;589;14116;14941;4.67;0.29;411.86;27.62;1417;73;5117.00;825
12701;38;4223227;12701;585;14118;14941;4.69;0.29;411.95;27.62;1417;73;5118.00;823
12705;38;4223247;12705;579;14118;14941;4.74;0.29;411.96;27.62;1413;73;5119.00;823
12710;38;4223261;12710;572;14118;14942;4.72;0.29;412.04;27.62;1408;73;5120.00;824
12713;38;4223278;12713;568;14118;14943;4.75;0.29;412.07;27.62;1405;73;5121.00;825
12719;38;4223293;12719;569;14118;14943;4.71;0.29;412.06;27.62;1399;73;5122.00;825
12720;38;4223308;12720;567;14122;14947;4.73;0.29;412.05;27.61;1402;73;5123.00;825
12722;38;4223324;12722;567;14123;14947;4.77;0.29;412.09;27.61;1401;73;5124.00;824
12726;38;4223338;12726;558;14124;14947;4.78;0.29;412.12;27.61;1398;73;5125.00;823
12729;38;4223353;12729;550;14124;14947;4.84;0.30;412.17;27.61;1395;73;5126.00;823
12732;38;4223370;12732;546;14126;14953;4.90;0.30;412.26;27.61;1394;73;5127.00;827
12739;38;4223387;12739;541;14127;14953;4.94;0.30;412.48;27.61;1388;73;5128.00;826
12742;38;4223403;12742;539;14127;14953;5.01;0.31;412.52;27.61;1385;73;5129.00;826
12749;38;4223421;12749;542;14130;14959;5.03;0.31;412.54;27.60;1381;73;5130.00;829
12752;38;4223438;12752;536;14132;14959;5.07;0.31;412.61;27.60;1380;73;5131.00;827
12758;38;4223453;12758;539;14134;14959;5.05;0.31;412.49;27.60;1376;73;5132.00;825
12763;38;4223469;12763;535;14136;14960;5.07;0.31;412.62;27.60;1373;73;5133.00;824
12769;38;4223485;12769;539;14138;14961;5.05;0.31;412.62;27.60;1369;73;5134.00;823
12776;38;4223501;12776;544;14139;14961;5.01;0.30;412.72;27.60;1363;73;5135.00;822
12781;38;4223518;12781;543;14147;14974;4.99;0.30;412.90;27.58;1366;73;5136.00;827
12784;38;4223536;12784;547;14149;14974;4.99;0.30;412.98;27.58;1365;73;5137.00;825
12787;38;4223552;12787;541;14150;14974;5.01;0.30;412.96;27.58;1363;73;5138.00;824
12793;38;4223568;12793;540;14151;14975;4.98;0.30;413.11;27.58;1358;73;5139.00;824
12797;38;4223584;12797;547;14152;14975;4.97;0.30;413.20;27.58;1355;73;5140.00;823
12799;38;4223599;12799;547;14155;14979;4.97;0.30;413.18;27.58;1356;73;5141.00;824
12805;38;4223621;12805;549;14156;14979;4.93;0.30;413.22;27.58;1351;73;5142.00;823
12806;38;4223637;12806;549;14162;14983;4.96;0.30;413.20;27.57;1356;73;5143.00;821
12809;38;4223653;12809;549;14163;14983;4.95;0.30;413.31;27.57;1354;73;5144.00;820
12816;38;4223669;12816;549;14164;14983;4.90;0.30;413.44;27.57;1348;73;5145.00;819
12821;38;4223685;12821;554;14165;14983;4.90;0.30;413.47;27.57;1344;73;5146.00;818
12825;38;4223701;12825;545;14166;14983;4.93;0.30;413.49;27.57;1341;73;5147.00;817
12827;38;4223718;12827;548;14172;14995;4.90;0.30;413.49;27.56;1345;73;5148.00;823
12828;38;4223736;12828;544;14172;14995;4.89;0.30;413.49;27.56;1344;73;5149.00;823
12830;38;4223752;12830;545;14173;14995;4.86;0.30;413.53;27.56;1343;73;5150.00;822
12835;38;4223767;12835;552;14175;14995;4.81;0.29;413.64;27.56;1340;73;5151.00;820
12838;38;4223783;12838;562;14175;14995;4.76;0.29;413.68;27.56;1337;73;5152.00;820
12840;38;4223798;12840;565;14177;14995;4.74;0.29;413.69;27.58;1337;73;5153.00;818
12840;38;4223813;12840;568;14179;14996;4.71;0.29;413.69;27.58;1339;73;5154.00;817
12844;38;4223828;12844;565;14182;14998;4.66;0.28;413.80;27.60;1338;73;5155.00;816
12846;38;4223843;12846;567;14187;15004;4.58;0.28;413.84;27.62;1341;73;5156.00;817
12848;38;4223859;12848;564;14188;15005;4.54;0.28;413.84;27.65;1340;73;5157.00;817
12852;38;4223876;12852;567;14189;15005;4.45;0.27;414.03;27.67;1337;73;5158.00;816
12855;38;4223893;12855;578;14190;15005;4.40;0.27;414.10;27.70;1335;73;5159.00;815
12858;38;4223910;12858;584;14194;15010;4.36;0.26;414.13;27.69;1336;73;5160.00;816
12861;38;4223926;12861;596;14195;15010;4.33;0.26;414.20;27.72;1334;73;5161.00;815
12862;38;4223942;12862;585;14196;15010;4.33;0.26;414.23;27.74;1334;73;5162.00;814
12864;38;4223957;12864;576;14198;15011;4.34;0.26;414.31;27.77;1334;73;5163.00;813
12868;38;4223972;12868;569;14203;15015;4.32;0.26;414.40;27.82;1335;73;5164.00;812
12868;38;4223988;12868;567;14203;15015;4.31;0.26;414.40;27.82;1335;73;5165.00;812
12870;38;4224003;12870;564;14204;15018;4.27;0.26;414.44;27.81;1334;73;5166.00;814
12874;38;4224018;12874;569;14206;15018;4.24;0.26;414.49;27.87;1332;73;5167.00;812
12877;38;4224034;12877;575;14206;15018;4.22;0.26;414.64;27.87;1329;73;5168.00;812
12880;38;4224049;12880;571;14207;15018;4.24;0.26;414.67;27.89;1327;73;5169.00;811
12883;38;4224064;12883;585;14211;15022;4.27;0.26;414.67;27.91;1328;73;5170.00;811
12886;38;4224079;12886;581;14212;15022;4.26;0.26;414.73;27.94;1326;73;5171.00;810
12887;38;4224094;12887;569;14212;15022;4.31;0.26;414.74;27.94;1325;73;5172.00;810
12887;38;4224114;12887;565;14213;15022;4.35;0.26;414.74;27.97;1326;73;5173.00;809
12890;38;4224130;12890;562;14214;15023;4.36;0.26;414.75;27.99;1324;73;5174.00;809
12891;38;4224145;12891;558;14217;15025;4.40;0.27;414.74;28.04;1326;73;5175.00;808
12894;38;4224160;12894;558;14217;15025;4.37;0.27;414.77;28.04;1323;73;5176.00;808
12898;38;4224175;12898;561;14218;15026;4.39;0.27;414.88;28.04;1320;73;5177.00;808
12900;38;4224190;12900;559;14220;15026;4.42;0.27;414.99;28.09;1320;73;5178.00;806
12903;38;4224205;12903;564;14222;15026;4.44;0.27;415.00;28.14;1319;73;5179.00;804
12905;38;4224221;12905;567;14223;15026;4.43;0.27;415.01;28.16;1318;73;5180.00;803
12907;38;4224236;12907;571;14224;15026;4.48;0.27;415.00;28.18;1317;73;5181.00;802
12908;38;4224251;12908;564;14224;15026;4.51;0.27;415.05;28.18;1316;73;5182.00;802
12909;38;4224266;12909;556;14225;15026;4.55;0.28;415.02;28.21;1316;73;5183.00;801
12910;38;4224282;12910;573;14293;15153;4.79;0.30;415.00;28.12;1383;73;5184.00;860
12910;38;4224306;12910;558;14296;15154;4.82;0.30;415.00;28.14;1386;73;5185.00;858
12911;38;4224322;12911;550;14303;15154;4.88;0.30;415.06;28.13;1392;73;5186.00;851
12912;38;4224337;12912;553;14305;15154;4.87;0.30;415.07;28.15;1393;73;5187.00;849
12916;38;4224353;12916;553;14309;15154;4.90;0.30;415.09;28.17;1393;73;5188.00;845
12918;38;4224368;12918;550;14312;15154;4.91;0.30;415.17;28.22;1394;73;5189.00;842
12920;38;4224384;12920;556;14316;15154;4.91;0.30;415.20;28.24;1396;73;5190.00;838
12925;38;4224400;12925;560;14318;15154;4.86;0.30;415.28;28.26;1393;73;5191.00;836
12928;38;4224416;12928;552;14320;15155;4.86;0.30;415.23;28.25;1392;73;5192.00;835
12930;38;4224431;12930;558;14323;15156;4.80;0.29;415.29;28.28;1393;75;5193.00;833
12932;38;4224459;12932;565;14326;15156;4.77;0.29;415.29;28.30;1394;75;5194.00;830
12934;38;4224474;12934;570;14329;15157;4.73;0.29;415.33;28.32;1395;75;5195.00;828
12934;38;4224492;12934;570;14331;15157;4.70;0.29;415.33;28.31;1397;75;5196.00;826
12938;38;4224508;12938;571;14335;15157;4.63;0.28;415.32;28.36;1397;75;5197.00;822
12941;38;4224523;12941;573;14336;15157;4.57;0.28;415.38;28.36;1395;75;5198.00;821
12943;38;4224539;12943;579;14339;15161;4.51;0.28;415.33;28.35;1396;75;5199.00;822
12944;38;4224555;12944;588;14340;15161;4.40;0.27;415.33;28.37;1396;75;5200.00;821
12948;38;4224573;12948;598;14341;15161;4.32;0.26;415.29;28.40;1393;75;5201.00;820
12948;38;4224588;12948;593;14344;15164;4.28;0.26;415.29;28.44;1396;75;5202.00;820
12948;38;4224603;12948;600;14344;15164;4.20;0.26;415.29;28.44;1396;75;5203.00;820
12948;38;4224618;12948;604;14346;15164;4.19;0.26;415.29;28.48;1398;75;5204.00;818
12950;38;4224635;12950;605;14350;15168;4.14;0.25;415.33;28.49;1400;75;5205.00;818
12951;38;4224650;12951;593;14352;15169;4.14;0.25;415.38;28.52;1401;75;5206.00;817
12952;38;4224667;12952;597;14352;15169;4.14;0.25;415.37;28.52;1400;75;5207.00;817
12954;38;4224681;12954;592;14356;15173;4.16;0.25;415.34;28.55;1402;75;5208.00;817
12958;38;4224696;12958;583;14356;15173;4.21;0.26;415.30;28.55;1398;75;5209.00;817
12960;38;4224712;12960;582;14359;15173;4.28;0.26;415.37;28.59;1399;75;5210.00;814
12962;38;4224727;12962;570;14359;15174;4.29;0.26;415.32;28.59;1397;75;5211.00;815
12964;38;4224742;12964;551;14359;15174;4.35;0.27;415.30;28.59;1395;75;5212.00;815
12965;38;4224757;12965;534;14364;15180;4.43;0.27;415.30;28.60;1399;75;5213.00;816
12967;38;4224773;12967;523;14366;15180;4.49;0.27;415.34;28.65;1399;75;5214.00;814
12969;38;4224788;12969;518;14367;15180;4.55;0.28;415.30;28.67;1398;75;5215.00;813
12970;38;4224803;12970;514;14368;15181;4.56;0.28;415.30;28.69;1398;75;5216.00;813
12972;38;4224819;12972;510;14369;15181;4.60;0.28;415.29;28.71;1397;75;5217.00;812
12974;38;4224834;12974;505;14370;15181;4.66;0.28;415.28;28.73;1396;75;5218.00;811
12977;38;4224850;12977;512;14371;15181;4.68;0.28;415.24;28.75;1394;76;5219.00;810
12981;38;4224881;12981;511;14395;15217;4.76;0.29;415.16;28.72;1414;76;5220.00;822
12983;38;4224900;12983;508;14397;15217;4.83;0.29;415.14;28.74;1414;76;5221.00;820
12985;38;4224916;12985;505;14399;15217;4.87;0.30;415.12;28.76;1414;76;5222.00;818
12987;38;4224938;12987;502;14401;15217;4.88;0.30;415.11;28.80;1414;76;5223.00;816
12988;38;4224954;12988;501;14403;15217;4.91;0.30;415.08;28.82;1415;76;5224.00;814
12988;38;4224976;12988;493;14404;15217;4.90;0.30;415.08;28.84;1416;76;5225.00;813
12990;38;4224992;12990;502;14409;15221;4.84;0.29;415.05;28.85;1419;76;5226.00;812
12990;38;4225008;12990;510;14412;15221;4.81;0.29;415.05;28.87;1422;76;5227.00;809
12990;38;4225024;12990;508;14415;15225;4.78;0.29;415.05;28.89;1425;76;5228.00;810
12992;38;4225040;12992;508;14416;15226;4.77;0.29;415.09;28.91;1424;76;5229.00;810
12993;38;4225056;12993;509;14418;15226;4.76;0.29;415.07;28.92;1425;76;5230.00;808
12994;38;4225072;12994;503;14419;15226;4.73;0.29;415.05;28.94;1425;76;5231.00;807
12996;38;4225093;12996;504;14428;15239;4.72;0.29;415.05;28.93;1432;76;5232.00;811
12999;38;4225109;12999;503;14429;15239;4.70;0.28;415.03;28.92;1430;76;5233.00;810
13003;38;4225125;13003;512;14430;15239;4.67;0.28;415.00;28.95;1427;76;5234.00;809
13004;38;4225143;13004;513;14431;15240;4.67;0.28;415.03;28.94;1427;76;5235.00;809
13005;38;4225159;13005;525;14431;15241;4.68;0.28;415.02;28.94;1426;76;5236.00;810
13007;38;4225175;13007;533;14433;15241;4.66;0.28;414.99;28.99;1426;76;5237.00;808
13009;38;4225190;13009;536;14434;15244;4.64;0.28;415.01;28.99;1425;76;5238.00;810
13012;38;4225206;13012;533;14434;15244;4.61;0.28;414.97;28.99;1422;76;5239.00;810
13013;38;4225222;13013;537;14435;15244;4.60;0.28;414.99;29.01;1422;76;5240.00;809
13014;38;4225237;13014;540;14435;15244;4.59;0.28;415.03;29.01;1421;76;5241.00;809
13017;38;4225252;13017;546;14439;15250;4.63;0.28;415.15;29.00;1422;76;5242.00;811
13020;38;4225268;13020;551;14440;15250;4.60;0.28;415.25;29.02;1420;76;5243.00;810
13022;38;4225284;13022;550;14441;15250;4.58;0.28;415.24;29.16;1419;76;5244.00;809
13023;38;4225300;13023;563;14442;15250;4.55;0.28;415.22;29.18;1419;76;5245.00;808
13025;38;4225315;13025;563;14447;15254;4.53;0.28;415.24;29.33;1422;76;5246.00;807
13028;38;4225330;13028;557;14447;15255;4.55;0.28;415.43;29.33;1419;76;5247.00;808
13029;38;4225346;13029;549;14448;15255;4.59;0.28;415.44;29.46;1419;76;5248.00;807
13029;38;4225362;13029;560;14450;15256;4.62;0.28;415.44;29.48;1421;76;5249.00;806
13031;38;4225380;13031;553;14451;15256;4.66;0.28;415.50;29.62;1420;76;5250.00;805
13031;38;4225396;13031;559;14451;15256;4.69;0.28;415.50;29.62;1420;76;5251.00;805
13034;38;4225412;13034;558;14452;15256;4.70;0.29;415.50;29.75;1418;76;5252.00;804
13035;38;4225428;13035;565;14452;15256;4.74;0.29;415.63;29.75;1417;76;5253.00;804
13037;38;4225443;13037;563;14453;15256;4.77;0.29;415.73;29.88;1416;76;5254.00;803
13038;38;4225459;13038;568;14453;15256;4.78;0.29;415.74;29.88;1415;76;5255.00;803
13039;38;4225474;13039;585;14485;15326;4.91;0.30;415.77;29.82;1446;76;5256.00;841
13041;38;4225495;13041;575;14486;15327;4.87;0.30;415.79;29.82;1445;76;5257.00;841
13044;38;4225511;13044;580;14492;15327;4.87;0.30;415.78;29.94;1448;76;5258.00;835
13046;38;4225526;13046;585;14497;15327;4.87;0.30;415.76;29.93;1451;76;5259.00;830
13046;38;4225542;13046;580;14500;15327;4.86;0.30;415.76;29.93;1454;76;5260.00;827
13048;38;4225564;13048;588;14503;15327;4.83;0.29;415.74;30.06;1455;76;5261.00;824
13051;38;4225579;13051;589;14504;15327;4.82;0.29;415.72;30.05;1453;76;5262.00;823
13053;38;4225595;13053;595;14505;15327;4.77;0.29;415.74;30.05;1452;76;5263.00;822
13057;38;4225610;13057;600;14505;15328;4.73;0.29;415.64;30.05;1448;76;5264.00;823
13057;38;4225626;13057;595;14508;15330;4.71;0.29;415.64;30.18;1451;76;5265.00;822
13059;38;4225648;13059;592;14508;15330;4.74;0.29;415.60;30.18;1449;76;5266.00;822
13061;38;4225664;13061;589;14513;15334;4.75;0.29;415.62;30.17;1452;76;5267.00;821
13064;38;4225680;13064;583;14513;15334;4.72;0.29;415.59;30.17;1449;76;5268.00;821
13066;38;4225696;13066;585;14513;15334;4.73;0.29;415.59;30.17;1447;76;5269.00;821
13069;38;4225712;13069;591;14514;15334;4.71;0.29;415.71;30.17;1445;76;5270.00;820
13071;38;4225728;13071;596;14517;15340;4.74;0.29;415.69;30.17;1446;76;5271.00;823
13073;38;4225744;13073;599;14518;15340;4.71;0.29;415.69;30.17;1445;76;5272.00;822
13075;38;4225760;13075;605;14519;15340;4.69;0.29;415.78;30.16;1444;76;5273.00;821
13078;38;4225776;13078;606;14519;15343;4.66;0.28;415.75;30.16;1441;76;5274.00;824
13079;38;4225797;13079;616;14520;15343;4.61;0.28;415.75;30.16;1441;76;5275.00;823
13082;38;4225812;13082;620;14520;15343;4.57;0.28;415.76;30.16;1438;76;5276.00;823
13085;38;4225828;13085;625;14521;15344;4.51;0.27;415.87;30.16;1436;76;5277.00;823
13088;38;4225844;13088;629;14522;15345;4.45;0.27;415.97;30.16;1434;76;5278.00;823
13093;38;4225859;13093;631;14522;15345;4.36;0.26;415.91;30.16;1429;76;5279.00;823
13096;38;4225876;13096;634;14538;15371;4.36;0.27;416.02;30.13;1442;76;5280.00;833
13100;38;4225894;13100;634;14539;15371;4.34;0.26;415.99;30.12;1439;76;5281.00;832
13103;38;4225910;13103;635;14541;15371;4.34;0.26;416.05;30.12;1438;76;5282.00;830
13108;38;4225925;13108;639;14542;15372;4.32;0.26;416.09;30.12;1434;76;5283.00;830
13108;38;4225941;13108;637;14543;15372;4.34;0.26;416.09;30.12;1435;76;5284.00;829
13113;38;4225956;13113;634;14546;15376;4.34;0.26;416.22;30.11;1433;76;5285.00;830
13116;38;4225973;13116;627;14546;15376;4.35;0.26;416.33;30.11;1430;76;5286.00;830
13117;38;4225989;13117;625;14549;15379;4.36;0.26;416.31;30.10;1432;76;5287.00;830
13120;38;4226005;13120;615;14549;15380;4.36;0.27;416.35;30.10;1429;76;5288.00;831
13121;38;4226021;13121;607;14549;15380;4.34;0.26;416.40;30.10;1428;76;5289.00;831
13124;38;4226037;13124;612;14549;15380;4.28;0.26;416.40;30.10;1425;76;5290.00;831
13127;38;4226052;13127;612;14549;15380;4.26;0.26;416.48;30.10;1422;76;5291.00;831
13130;38;4226069;13130;610;14558;15392;4.30;0.26;416.54;30.09;1428;76;5292.00;834
13134;38;4226087;13134;613;14558;15392;4.28;0.26;416.66;30.09;1424;76;5293.00;834
13140;38;4226103;13140;622;14558;15392;4.26;0.26;416.57;30.09;1418;76;5294.00;834
13141;38;4226120;13141;627;14558;15392;4.29;0.26;416.69;30.09;1417;76;5295.00;834
13144;38;4226139;13144;626;14558;15392;4.28;0.26;416.80;30.09;1414;76;5296.00;834
13146;38;4226156;13146;619;14558;15392;4.28;0.26;416.79;30.09;1412;76;5297.00;834
13148;38;4226173;13148;629;14558;15393;4.23;0.26;416.90;30.09;1410;76;5298.00;835
13153;38;4226195;13153;631;14558;15393;4.14;0.25;416.95;30.09;1405;76;5299.00;835
13157;38;4226211;13157;623;14562;15399;4.08;0.25;417.09;30.08;1405;76;5300.00;837
13160;38;4226232;13160;622;14562;15400;4.05;0.25;417.17;30.08;1402;76;5301.00;838
13165;38;4226248;13165;627;14562;15400;4.00;0.24;417.12;30.08;1397;76;5302.00;838
13168;38;4226269;13168;627;14562;15400;4.02;0.24;417.19;30.08;1394;76;5303.00;838
13171;38;4226285;13171;630;14565;15404;4.01;0.24;417.34;30.07;1394;76;5304.00;839
13177;38;4226301;13177;626;14565;15404;4.01;0.24;417.40;30.07;1388;76;5305.00;839
13178;38;4226316;13178;626;14565;15404;4.04;0.25;417.40;30.07;1387;76;5306.00;839
13183;38;4226331;13183;632;14566;15405;4.06;0.25;417.46;30.07;1383;76;5307.00;839
13188;38;4226346;13188;641;14569;15409;4.03;0.25;417.53;30.06;1381;76;5308.00;840
13192;38;4226361;13192;634;14569;15409;4.00;0.24;417.49;30.06;1377;76;5309.00;840
13195;38;4226377;13195;639;14572;15415;4.00;0.24;417.56;30.06;1377;76;5310.00;843
13199;38;4226396;13199;637;14572;15415;3.97;0.24;417.55;30.06;1373;76;5311.00;843
13203;38;4226411;13203;637;14573;15415;3.91;0.24;417.70;30.06;1370;76;5312.00;842
13204;38;4226425;13204;640;14573;15415;3.87;0.24;417.70;30.06;1369;76;5313.00;842
13207;38;4226440;13207;643;14576;15419;3.84;0.23;417.74;30.05;1369;76;5314.00;843
13210;38;4226455;13210;644;14576;15419;3.81;0.23;417.70;30.05;1366;76;5315.00;843
13214;38;4226469;13214;642;14577;15419;3.78;0.23;417.82;30.07;1363;76;5316.00;842
13219;38;4226483;13219;642;14577;15419;3.75;0.23;417.81;30.07;1358;76;5317.00;842
13222;38;4226498;13222;643;14578;15420;3.75;0.23;417.90;30.10;1356;76;5318.00;842
13227;38;4226513;13227;648;14578;15421;3.72;0.23;417.88;30.10;1351;76;5319.00;843
13230;38;4226527;13230;655;14579;15421;3.71;0.23;417.88;30.12;1349;76;5320.00;842
13232;38;4226542;13232;659;14580;15422;3.71;0.23;417.88;30.12;1348;76;5321.00;842
13234;38;4226556;13234;663;14581;15422;3.67;0.22;417.99;30.14;1347;76;5322.00;841
13238;38;4226570;13238;663;14581;15422;3.61;0.22;418.04;30.14;1343;76;5323.00;841
13240;38;4226584;13240;672;14581;15422;3.57;0.22;418.06;30.14;1341;76;5324.00;841
13242;38;4226599;13242;686;14583;15422;3.53;0.21;418.07;30.19;1341;76;5325.00;839
13245;38;4226613;13245;688;14584;15422;3.46;0.21;418.05;30.21;1339;76;5326.00;838
13246;38;4226628;13246;679;14584;15422;3.42;0.21;418.08;30.21;1338;76;5327.00;838
13249;38;4226642;13249;685;14649;15549;3.80;0.24;418.17;30.08;1400;76;5328.00;900
13250;38;4226670;13250;679;14654;15550;3.81;0.24;418.26;30.12;1404;76;5329.00;896
13254;38;4226684;13254;665;14661;15550;3.84;0.24;418.22;30.10;1407;76;5330.00;889
13255;38;4226701;13255;667;14663;15550;3.88;0.24;418.21;30.10;1408;76;5331.00;887
13258;38;4226715;13258;665;14669;15550;3.92;0.24;418.26;30.28;1411;76;5332.00;881
13261;38;4226730;13261;674;14672;15550;3.93;0.24;418.29;30.28;1411;76;5333.00;878
13264;38;4226746;13264;671;14674;15550;3.93;0.24;418.24;30.30;1410;76;5334.00;876
13266;38;4226760;13266;673;14677;15550;3.87;0.24;418.23;30.34;1411;76;5335.00;873
13268;38;4226776;13268;654;14678;15551;3.84;0.24;418.19;30.34;1410;76;5336.00;873
13271;38;4226791;13271;646;14679;15552;3.85;0.24;418.20;30.34;1408;76;5337.00;873
13272;38;4226806;13272;647;14681;15552;3.87;0.24;418.24;30.36;1409;76;5338.00;871
13276;38;4226820;13276;640;14683;15553;3.87;0.24;418.29;30.38;1407;76;5339.00;870
13279;38;4226837;13279;646;14686;15553;3.90;0.24;418.44;30.43;1407;76;5340.00;867
13282;38;4226854;13282;642;14687;15553;3.95;0.24;418.51;30.43;1405;76;5341.00;866
13288;38;4226871;13288;641;14690;15553;4.01;0.25;418.47;30.47;1402;76;5342.00;863
13289;38;4226886;13289;637;14693;15557;4.09;0.25;418.48;30.47;1404;76;5343.00;864
13290;38;4226901;13290;633;14696;15557;4.17;0.26;418.53;30.51;1406;76;5344.00;861
13292;38;4226917;13292;633;14697;15557;4.23;0.26;418.63;30.51;1405;76;5345.00;860
13294;38;4226938;13294;631;14699;15560;4.27;0.26;418.76;30.53;1405;76;5346.00;861
13297;38;4226954;13297;628;14701;15560;4.29;0.26;418.88;30.55;1404;76;5347.00;859
13299;38;4226971;13299;625;14703;15560;4.33;0.27;418.89;30.57;1404;76;5348.00;857
13301;38;4226986;13301;622;14707;15564;4.39;0.27;418.92;30.56;1406;76;5349.00;857
13304;38;4227001;13304;628;14710;15565;4.39;0.27;418.99;30.60;1406;76;5350.00;855
13305;38;4227016;13305;625;14710;15565;4.41;0.27;418.99;30.60;1405;76;5351.00;855
13308;38;4227033;13308;627;14714;15569;4.48;0.28;418.95;30.62;1406;76;5352.00;855
13310;38;4227048;13310;624;14714;15569;4.52;0.28;418.90;30.62;1404;76;5353.00;855
13310;38;4227064;13310;623;14715;15569;4.54;0.28;418.90;30.64;1405;76;5354.00;854
13312;38;4227079;13312;622;14716;15571;4.57;0.28;418.89;30.64;1404;76;5355.00;855
13314;38;4227095;13314;617;14717;15571;4.58;0.28;418.92;30.66;1403;76;5356.00;854
13317;38;4227109;13317;620;14723;15577;4.62;0.28;418.97;30.69;1406;76;5357.00;854
13319;38;4227125;13319;628;14724;15577;4.62;0.28;418.95;30.71;1405;76;5358.00;853
13321;38;4227141;13321;608;14725;15577;4.63;0.28;419.02;30.73;1404;76;5359.00;852
13324;38;4227156;13324;595;14725;15578;4.64;0.28;419.03;30.73;1401;76;5360.00;853
13325;38;4227171;13325;589;14726;15578;4.66;0.28;419.01;30.75;1401;76;5361.00;852
13330;38;4227187;13330;589;14728;15578;4.66;0.28;419.06;30.79;1398;76;5362.00;850
13331;38;4227203;13331;587;14730;15578;4.65;0.28;419.06;30.83;1399;76;5363.00;848
13333;38;4227218;13333;581;14739;15590;4.71;0.29;419.11;30.81;1406;76;5364.00;851
13335;38;4227235;13335;576;14740;15590;4.71;0.29;419.16;30.83;1405;76;5365.00;850
13338;38;4227255;13338;578;14742;15590;4.71;0.29;419.11;30.87;1404;76;5366.00;848
13340;38;4227270;13340;577;14744;15590;4.68;0.28;419.09;30.91;1404;76;5367.00;846
13342;38;4227286;13342;576;14745;15590;4.69;0.28;419.13;30.93;1403;76;5368.00;845
13343;38;4227307;13343;574;14746;15590;4.68;0.28;419.10;30.95;1403;76;5369.00;844
13343;38;4227323;13343;564;14750;15594;4.67;0.28;419.10;30.96;1407;76;5370.00;844
13343;38;4227340;13343;557;14752;15594;4.69;0.28;419.10;31.00;1409;76;5371.00;842
13346;38;4227357;13346;548;14755;15598;4.73;0.29;419.07;30.99;1409;76;5372.00;843
13347;38;4227373;13347;539;14755;15599;4.79;0.29;419.06;30.99;1408;76;5373.00;844
13350;38;4227389;13350;525;14756;15599;4.81;0.29;419.04;31.14;1406;76;5374.00;843
13350;38;4227406;13350;516;14757;15599;4.84;0.29;419.04;31.16;1407;76;5375.00;842
13351;38;4227421;13351;513;14767;15612;4.94;0.30;419.04;31.14;1416;76;5376.00;845
13352;38;4227439;13352;492;14770;15612;4.99;0.30;419.03;31.20;1418;76;5377.00;842
13355;38;4227455;13355;488;14770;15612;5.06;0.31;419.08;31.20;1415;76;5378.00;842
13357;38;4227471;13357;483;14771;15613;5.13;0.31;419.08;31.20;1414;76;5379.00;842
13359;38;4227489;13359;477;14772;15614;5.20;0.32;419.06;31.22;1413;76;5380.00;842
13362;38;4227506;13362;470;14772;15614;5.22;0.32;419.16;31.22;1410;76;5381.00;842
13364;38;4227527;13364;465;14773;15617;5.29;0.32;419.17;31.21;1409;76;5382.00;844
13367;38;4227545;13367;462;14773;15617;5.33;0.32;419.20;31.21;1406;76;5383.00;844
13370;38;4227561;13370;457;14774;15617;5.32;0.32;419.23;31.24;1404;76;5384.00;843
13374;38;4227579;13374;455;14777;15617;5.33;0.32;419.23;31.53;1403;76;5385.00;840
13375;38;4227605;13375;456;14781;15623;5.39;0.33;419.31;31.52;1406;76;5386.00;842
13379;38;4227622;13379;454;14781;15623;5.40;0.33;419.43;31.52;1402;76;5387.00;842
13382;38;4227640;13382;450;14784;15623;5.32;0.32;419.52;31.71;1402;76;5388.00;839
13386;38;4227658;13386;452;14784;15623;5.28;0.32;419.61;31.71;1398;76;5389.00;839
13389;38;4227674;13389;454;14787;15627;5.28;0.32;419.68;31.70;1398;76;5390.00;840
13393;38;4227691;13393;456;14789;15628;5.24;0.32;419.61;31.74;1396;76;5391.00;839
13394;38;4227714;13394;458;14790;15628;5.27;0.32;419.63;31.77;1396;76;5392.00;838
13397;38;4227730;13397;460;14792;15629;5.30;0.32;419.63;31.79;1395;76;5393.00;837
13400;38;4227747;13400;461;14793;15629;5.26;0.32;419.63;31.81;1393;76;5394.00;836
13403;38;4227763;13403;460;14794;15629;5.26;0.32;419.61;31.83;1391;76;5395.00;835
13404;38;4227780;13404;464;14795;15629;5.31;0.32;419.59;31.85;1391;76;5396.00;834
13405;38;4227796;13405;467;14796;15629;5.33;0.33;419.68;31.87;1391;76;5397.00;833
13411;38;4227813;13411;469;14797;15629;5.32;0.32;419.68;31.89;1386;76;5398.00;832
13412;38;4227830;13412;473;14799;15629;5.29;0.32;419.77;31.92;1387;76;5399.00;830
