step_arrived;step_collisions;step_duration;step_ended;step_halting;step_inserted;step_loaded;step_meanSpeed;step_meanSpeedRelative;step_meanTravelTime;step_meanWaitingTime;step_running;step_teleports;step_time;step_waiting
0;0;5056775;0;1;86;245;16.52;1.17;-1.00;0.00;86;0;0.00;159
0;0;5056799;0;0;99;245;15.61;1.08;-1.00;0.13;99;0;1.00;146
0;0;5056800;0;1;118;245;14.83;1.01;-1.00;0.43;118;0;2.00;127
0;0;5056801;0;2;130;245;13.96;0.95;-1.00;0.67;130;0;3.00;115
0;0;5056802;0;3;144;245;12.91;0.87;-1.00;0.99;144;0;4.00;101
0;0;5056803;0;4;153;245;11.88;0.80;-1.00;1.23;153;0;5.00;92
0;0;5056805;0;7;165;245;10.92;0.73;-1.00;1.58;165;0;6.00;80
0;0;5056806;0;10;171;245;10.34;0.69;-1.00;1.77;171;0;7.00;74
0;0;5056808;0;17;181;246;9.85;0.65;-1.00;2.11;181;0;8.00;65
0;0;5056810;0;19;185;247;9.46;0.63;-1.00;2.26;185;0;9.00;62
0;0;5056812;0;23;194;247;9.05;0.60;-1.00;2.62;194;0;10.00;53
0;0;5056814;0;27;200;248;8.68;0.57;-1.00;2.82;200;0;11.00;48
1;0;5056816;1;27;206;248;8.63;0.57;12.00;3.09;205;0;12.00;42
1;0;5056818;1;33;211;248;8.68;0.56;12.00;3.32;210;0;13.00;37
1;0;5056820;1;36;214;248;8.68;0.56;12.00;3.47;213;0;14.00;34
1;0;5056822;1;39;222;252;8.52;0.55;12.00;3.76;221;0;15.00;30
1;0;5056824;1;44;223;252;8.59;0.55;12.00;3.82;222;0;16.00;29
1;0;5056827;1;47;227;252;8.65;0.55;12.00;4.02;226;0;17.00;25
2;0;5056829;2;51;230;255;8.59;0.55;15.00;4.20;228;0;18.00;25
2;0;5056832;2;59;233;255;8.62;0.54;15.00;4.25;231;0;19.00;22
3;0;5056840;3;64;234;255;8.65;0.54;16.67;4.32;231;0;20.00;21
3;0;5056842;3;69;241;259;8.82;0.55;16.67;4.47;238;0;21.00;18
3;0;5056845;3;73;242;260;8.89;0.56;16.67;4.46;239;0;22.00;18
3;0;5056848;3;78;244;260;8.86;0.56;16.67;4.61;241;0;23.00;16
3;0;5056850;3;79;248;264;8.79;0.55;16.67;4.63;245;0;24.00;16
5;0;5056854;5;82;251;264;8.78;0.55;20.00;4.78;246;0;25.00;13
6;0;5056856;6;85;252;264;8.80;0.55;20.83;4.81;246;0;26.00;12
6;0;5056859;6;91;252;265;8.80;0.55;20.83;4.81;246;0;27.00;13
6;0;5056862;6;96;253;265;8.68;0.54;20.83;4.90;247;0;28.00;12
6;0;5056865;6;98;259;271;8.56;0.53;20.83;4.85;253;0;29.00;12
6;0;5056870;6;98;260;271;8.41;0.52;20.83;4.95;254;0;30.00;11
6;0;5056873;6;98;261;272;8.43;0.52;20.83;4.93;255;0;31.00;11
8;0;5056875;8;101;262;272;8.34;0.52;23.25;4.93;254;0;32.00;10
8;0;5056878;8;106;262;272;8.36;0.52;23.25;4.93;254;0;33.00;10
9;0;5056881;9;109;263;272;8.33;0.52;24.44;5.04;254;0;34.00;9
9;0;5056884;9;110;264;272;8.30;0.51;24.44;5.15;255;0;35.00;8
10;0;5056886;10;114;276;284;8.54;0.53;25.00;5.06;266;0;36.00;8
10;0;5056890;10;116;276;284;8.55;0.53;25.00;5.06;266;0;37.00;8
10;0;5056893;10;119;277;284;8.51;0.53;25.00;5.14;267;0;38.00;7
13;0;5056895;13;120;278;284;8.38;0.52;27.54;5.20;265;0;39.00;6
14;0;5056898;14;122;279;284;8.32;0.51;28.07;5.23;265;0;40.00;5
14;0;5056901;14;124;280;284;8.27;0.51;28.07;5.23;266;0;41.00;4
15;0;5056904;15;127;284;288;8.26;0.51;28.53;5.17;269;0;42.00;4
16;0;5056906;16;130;284;288;8.04;0.50;29.06;5.17;268;0;43.00;4
18;0;5056909;18;132;288;292;7.87;0.48;29.56;5.11;270;0;44.00;4
18;0;5056912;18;135;290;294;7.72;0.48;29.56;5.08;272;0;45.00;4
18;0;5056915;18;138;290;294;7.50;0.47;29.56;5.08;272;0;46.00;4
18;0;5056917;18;138;290;294;7.49;0.47;29.56;5.08;272;0;47.00;4
18;0;5056920;18;140;301;307;7.72;0.48;29.56;4.89;283;0;48.00;6
19;0;5056923;19;143;301;307;7.58;0.47;30.53;4.89;282;0;49.00;6
19;0;5056926;19;147;301;307;7.57;0.47;30.53;4.89;282;0;50.00;6
19;0;5056928;19;149;302;308;7.57;0.47;30.53;4.88;283;0;51.00;6
19;0;5056931;19;150;303;309;7.46;0.46;30.53;4.86;284;0;52.00;6
19;0;5056934;19;153;303;309;7.42;0.46;30.53;4.86;284;0;53.00;6
19;0;5056936;19;155;305;312;7.43;0.46;30.53;4.83;286;0;54.00;7
21;0;5056938;21;158;305;312;7.28;0.45;32.76;4.83;284;0;55.00;7
24;0;5056941;24;147;306;312;7.27;0.45;33.21;4.82;282;0;56.00;6
27;0;5056944;27;141;306;312;7.14;0.44;34.93;4.82;279;0;57.00;6
28;0;5056947;28;142;312;318;7.09;0.44;35.75;4.75;284;0;58.00;6
28;0;5056950;28;143;312;318;7.08;0.43;35.75;4.75;284;0;59.00;6
28;0;5056954;28;145;312;318;7.11;0.44;35.75;4.75;284;0;60.00;6
28;0;5056956;28;149;312;318;7.12;0.44;35.75;4.75;284;0;61.00;6
28;0;5056959;28;153;316;322;7.15;0.44;35.75;4.70;288;0;62.00;6
29;0;5056962;29;154;317;323;7.38;0.45;36.69;4.69;288;0;63.00;6
30;0;5056965;30;156;317;323;7.46;0.46;37.47;4.69;287;0;64.00;6
30;0;5056967;30;156;318;324;7.59;0.46;37.47;4.68;288;0;65.00;6
30;0;5056970;30;157;318;324;7.66;0.47;37.47;4.68;288;0;66.00;6
32;0;5056972;32;146;318;324;7.73;0.47;37.75;4.68;286;0;67.00;6
33;0;5056975;33;142;318;324;7.82;0.48;38.52;4.68;285;0;68.00;6
33;0;5056978;33;138;318;324;8.00;0.49;38.52;4.68;285;0;69.00;6
33;0;5056980;33;133;318;324;8.14;0.50;38.52;4.68;285;0;70.00;6
33;0;5056983;33;129;318;324;8.22;0.50;38.52;4.68;285;0;71.00;6
33;0;5056986;33;133;351;394;8.43;0.52;38.52;4.24;318;0;72.00;43
33;0;5056994;33;127;352;395;8.59;0.53;38.52;4.23;319;0;73.00;43
33;0;5056998;33;122;359;395;8.93;0.55;38.52;4.18;326;0;74.00;36
34;1;5057002;34;121;362;395;9.04;0.55;39.59;4.17;328;1;75.00;33
35;1;5057015;35;117;364;395;9.21;0.56;40.63;4.17;329;1;76.00;31
35;1;5057021;35;116;366;395;9.37;0.57;40.63;4.18;331;1;77.00;29
35;1;5057029;35;120;368;395;9.51;0.58;40.63;4.19;333;1;78.00;27
36;1;5057033;36;123;370;395;9.68;0.59;41.22;4.20;334;1;79.00;25
36;1;5057036;36;123;372;396;9.66;0.59;41.22;4.22;336;1;80.00;24
39;1;5057044;39;122;374;397;9.66;0.59;44.28;4.25;335;1;81.00;23
39;1;5057049;39;123;376;397;9.66;0.59;44.28;4.28;337;1;82.00;21
39;1;5057052;39;126;382;401;9.57;0.58;44.28;4.26;343;1;83.00;19
40;1;5057055;40;129;383;401;9.55;0.58;45.25;4.28;343;1;84.00;18
40;1;5057059;40;130;384;401;9.49;0.57;45.25;4.30;344;1;85.00;17
40;1;5057062;40;130;385;401;9.39;0.57;45.25;4.31;345;1;86.00;16
40;1;5057065;40;132;390;407;9.26;0.56;45.25;4.26;350;1;87.00;17
43;1;5057069;43;135;390;407;9.04;0.55;48.00;4.26;347;1;88.00;17
45;1;5057073;45;137;390;407;8.86;0.54;49.71;4.26;345;1;89.00;17
46;1;5057078;46;135;394;413;8.77;0.53;50.59;4.22;348;1;90.00;19
48;1;5057083;48;134;394;413;8.69;0.53;52.27;4.22;346;1;91.00;19
48;1;5057086;48;136;396;413;8.62;0.52;52.27;4.21;348;1;92.00;17
49;1;5057090;49;133;397;414;8.51;0.52;53.10;4.20;348;1;93.00;17
49;1;5057094;49;131;398;415;8.43;0.51;53.10;4.19;349;1;94.00;17
52;1;5057098;52;128;398;415;8.30;0.51;54.13;4.19;346;1;95.00;17
53;1;5057102;53;129;408;428;8.24;0.50;54.92;4.09;355;1;96.00;20
54;1;5057107;54;120;409;428;8.30;0.51;55.70;4.08;355;1;97.00;19
55;1;5057112;55;111;409;428;8.49;0.52;56.35;4.08;354;1;98.00;19
56;1;5057115;56;108;412;429;8.64;0.53;57.11;4.18;356;1;99.00;17
57;1;5057121;57;102;412;429;8.86;0.54;57.86;4.18;355;1;100.00;17
59;1;5057129;59;101;415;433;9.05;0.55;59.32;4.16;356;1;101.00;18
59;1;5057136;59;98;415;433;9.29;0.57;59.32;4.16;356;1;102.00;18
60;1;5057141;60;96;419;437;9.33;0.57;59.90;4.13;359;1;103.00;18
60;1;5057146;60;92;419;437;9.52;0.58;59.90;4.13;359;1;104.00;18
62;1;5057151;62;86;419;437;9.72;0.59;60.95;4.13;357;1;105.00;18
66;1;5057157;66;81;419;437;9.91;0.60;63.62;4.13;353;1;106.00;18
66;1;5057162;66;78;419;437;10.11;0.62;63.62;4.13;353;1;107.00;18
66;1;5057166;66;74;430;449;10.30;0.63;63.62;4.03;364;1;108.00;19
66;1;5057172;66;70;430;449;10.38;0.63;63.62;4.03;364;1;109.00;19
66;1;5057177;66;69;431;449;10.54;0.64;63.62;4.02;365;1;110.00;18
67;1;5057182;67;70;431;449;10.58;0.65;64.28;4.02;364;1;111.00;18
67;1;5057187;67;74;432;449;10.70;0.66;64.28;4.27;365;1;112.00;17
68;1;5057192;68;76;432;449;10.84;0.66;65.00;4.27;364;1;113.00;17
71;1;5057198;71;77;435;450;10.77;0.65;67.01;4.60;364;1;114.00;15
71;1;5057203;71;75;436;450;10.70;0.65;67.01;4.69;365;1;115.00;14
72;1;5057208;72;74;441;456;10.71;0.65;67.67;4.65;369;1;116.00;15
72;1;5057214;72;74;445;457;10.62;0.65;67.67;5.07;373;1;117.00;12
72;1;5057220;72;76;447;457;10.47;0.64;67.67;5.26;375;1;118.00;10
72;1;5057225;72;75;447;457;10.47;0.64;67.67;5.26;375;1;119.00;10
74;1;5057231;74;77;454;462;10.57;0.65;68.55;5.56;380;1;120.00;8
77;1;5057237;77;82;454;462;10.67;0.65;70.36;5.56;377;1;121.00;8
77;1;5057244;77;84;455;462;10.72;0.65;70.36;5.71;378;1;122.00;7
79;1;5057250;79;83;457;463;10.80;0.66;71.24;5.70;378;1;123.00;6
81;1;5057256;81;86;461;467;10.75;0.66;72.10;5.66;380;1;124.00;6
81;1;5057262;81;85;462;467;10.88;0.66;72.10;5.82;381;1;125.00;5
84;1;5057268;84;88;464;470;11.07;0.68;73.12;5.79;380;1;126.00;6
85;1;5057274;85;91;464;470;11.18;0.68;73.75;5.79;379;1;127.00;6
87;1;5057279;87;92;466;470;11.32;0.69;74.17;5.89;379;1;128.00;4
88;1;5057285;88;91;466;470;11.40;0.70;74.80;5.89;378;1;129.00;4
89;1;5057291;89;91;470;474;11.62;0.71;75.37;5.85;381;1;130.00;4
91;1;5057298;91;92;471;474;11.75;0.72;76.57;5.96;380;1;131.00;3
91;1;5057304;91;94;471;474;11.91;0.73;76.57;5.96;380;1;132.00;3
91;1;5057310;91;94;472;474;11.96;0.73;76.57;6.03;381;1;133.00;2
94;1;5057315;94;96;473;475;11.98;0.73;77.12;6.02;379;1;134.00;2
94;1;5057322;94;95;475;477;11.92;0.73;77.12;5.99;381;1;135.00;2
95;1;5057328;95;95;475;477;11.74;0.72;77.74;5.99;380;1;136.00;2
96;1;5057334;96;97;478;478;11.64;0.71;78.22;6.08;382;1;137.00;0
96;1;5057339;96;99;478;478;11.59;0.71;78.22;6.08;382;1;138.00;0
98;1;5057345;98;103;478;478;11.61;0.72;78.66;6.08;380;1;139.00;0
99;1;5057351;99;107;478;478;11.60;0.71;79.22;6.08;379;1;140.00;0
101;1;5057357;101;108;478;478;11.57;0.71;80.06;6.08;377;1;141.00;0
103;1;5057362;103;109;478;478;11.46;0.70;81.26;6.08;375;1;142.00;0
103;1;5057367;103;112;478;478;11.34;0.70;81.26;6.08;375;1;143.00;0
104;1;5057373;104;134;551;605;10.94;0.69;81.62;5.28;447;1;144.00;54
104;1;5057388;104;127;556;606;10.88;0.68;81.62;5.24;452;1;145.00;50
109;1;5057394;109;123;567;606;10.87;0.68;83.86;5.18;458;1;146.00;39
110;1;5057400;110;121;569;606;10.80;0.68;84.44;5.17;459;1;147.00;37
114;1;5057406;114;121;574;606;10.69;0.67;86.63;5.16;460;1;148.00;32
114;1;5057412;114;120;577;606;10.66;0.67;86.63;5.16;463;1;149.00;29
115;1;5057420;115;120;581;611;10.55;0.66;87.11;5.14;466;1;150.00;30
117;1;5057427;117;116;584;611;10.44;0.65;88.16;5.15;467;1;151.00;27
120;1;5057434;120;120;587;612;10.44;0.65;89.36;5.17;467;1;152.00;25
120;1;5057440;120;120;588;613;10.46;0.65;89.36;5.17;468;1;153.00;25
124;1;5057446;124;119;590;613;10.53;0.65;89.01;5.19;466;1;154.00;23
125;1;5057452;125;122;594;614;10.48;0.65;89.39;5.21;469;1;155.00;20
127;1;5057458;127;124;598;614;10.26;0.63;89.76;5.24;471;1;156.00;16
128;1;5057464;128;124;600;614;10.17;0.63;90.24;5.26;472;1;157.00;14
128;1;5057471;128;128;601;614;10.04;0.62;90.24;5.27;473;1;158.00;13
130;1;5057477;130;131;606;618;9.96;0.62;90.92;5.25;476;1;159.00;12
131;1;5057483;131;132;607;618;9.88;0.61;90.34;5.27;476;1;160.00;11
131;1;5057488;131;133;610;618;9.69;0.60;90.34;5.33;479;1;161.00;8
134;1;5057497;134;142;614;621;9.47;0.59;91.88;5.35;480;1;162.00;7
139;1;5057513;139;140;614;621;9.25;0.57;93.86;5.35;475;1;163.00;7
141;1;5057521;141;149;615;621;9.02;0.56;93.77;5.38;474;1;164.00;6
143;1;5057528;143;134;618;625;8.87;0.55;94.14;5.36;475;1;165.00;7
146;1;5057537;146;131;620;626;8.75;0.54;94.92;5.38;474;1;166.00;6
146;1;5057544;146;133;620;626;8.78;0.54;94.92;5.38;474;1;167.00;6
147;1;5057550;147;131;624;630;8.91;0.55;95.24;5.34;477;1;168.00;6
147;1;5057561;147;131;626;630;8.96;0.55;95.24;5.40;479;1;169.00;4
148;1;5057570;148;131;628;630;9.03;0.56;95.26;5.43;480;1;170.00;2
149;1;5057578;149;130;628;631;9.06;0.56;95.67;5.43;479;1;171.00;3
149;1;5057586;149;132;630;631;9.04;0.56;95.67;5.46;481;1;172.00;1
151;1;5057606;151;130;635;637;9.08;0.56;95.85;5.42;484;1;173.00;2
152;1;5057618;152;125;635;637;9.01;0.55;95.86;5.42;483;1;174.00;2
153;1;5057627;153;127;638;638;9.06;0.56;95.58;5.41;485;1;175.00;0
153;1;5057636;153;122;638;638;9.14;0.56;95.58;5.41;485;1;176.00;0
154;1;5057645;154;123;638;638;9.29;0.57;96.09;5.41;484;1;177.00;0
155;1;5057652;155;126;638;638;9.42;0.58;96.61;5.41;483;1;178.00;0
155;1;5057660;155;126;638;638;9.57;0.59;96.61;5.41;483;1;179.00;0
159;1;5057670;159;130;669;672;9.74;0.60;96.96;5.16;510;1;180.00;3
159;1;5057680;159;135;670;672;9.90;0.61;96.96;5.15;511;1;181.00;2
160;1;5057688;160;140;671;672;9.97;0.62;97.11;5.15;511;1;182.00;1
161;1;5057697;161;146;671;672;10.02;0.62;97.17;5.15;510;1;183.00;1
165;1;5057704;165;148;672;672;9.95;0.62;97.74;5.15;507;1;184.00;0
169;1;5057712;169;146;672;672;9.88;0.61;98.76;5.15;503;1;185.00;0
170;1;5057721;170;149;676;676;9.85;0.61;98.85;5.12;506;1;186.00;0
173;1;5057729;173;160;676;676;9.74;0.60;98.14;5.12;503;1;187.00;0
174;1;5057738;174;159;680;680;9.63;0.60;98.03;5.10;506;1;188.00;0
178;1;5057746;178;166;681;681;9.54;0.59;99.65;5.09;503;1;189.00;0
181;1;5057753;181;171;681;681;9.42;0.58;100.10;5.09;500;1;190.00;0
187;1;5057761;187;175;681;681;9.28;0.57;99.35;5.09;494;1;191.00;0
189;1;5057768;189;178;694;694;9.21;0.56;99.64;4.99;505;1;192.00;0
193;1;5057779;193;185;694;694;9.09;0.56;99.50;4.99;501;1;193.00;0
194;1;5057790;194;187;694;694;9.01;0.55;99.46;4.99;500;1;194.00;0
195;1;5057801;195;189;695;695;8.99;0.55;99.21;4.99;500;1;195.00;0
196;1;5057814;196;193;696;696;8.92;0.55;99.70;4.98;500;1;196.00;0
197;1;5057826;197;203;696;696;8.83;0.54;99.34;4.98;499;1;197.00;0
199;1;5057834;199;203;698;699;8.80;0.54;98.88;4.97;499;1;198.00;1
202;1;5057845;202;204;699;699;8.66;0.53;99.15;4.96;497;1;199.00;0
202;1;5057857;202;206;699;699;8.52;0.52;99.15;4.96;497;1;200.00;0
204;1;5057870;204;213;699;699;8.32;0.51;99.26;4.96;495;1;201.00;0
205;1;5057879;205;220;705;705;8.15;0.50;99.40;4.93;500;1;202.00;0
205;1;5057887;205;225;705;705;8.00;0.49;99.40;4.93;500;1;203.00;0
205;1;5057895;205;227;705;705;7.94;0.49;99.40;4.93;500;1;204.00;0
207;1;5057903;207;233;705;705;7.89;0.49;100.13;4.93;498;1;205.00;0
209;1;5057910;209;236;709;709;7.84;0.48;100.75;4.91;500;1;206.00;0
210;1;5057920;210;242;710;710;7.70;0.47;100.57;4.90;500;1;207.00;0
211;1;5057928;211;247;710;710;7.54;0.46;101.05;4.90;499;1;208.00;0
211;1;5057937;211;249;711;711;7.43;0.46;101.05;4.89;500;1;209.00;0
214;1;5057947;214;255;711;711;7.20;0.44;100.19;4.89;497;1;210.00;0
215;1;5057957;215;263;711;711;7.04;0.43;99.81;4.89;496;1;211.00;0
216;1;5057966;216;261;711;711;6.95;0.43;99.98;4.89;495;1;212.00;0
218;1;5057976;218;257;711;711;6.96;0.43;100.82;4.89;493;1;213.00;0
218;1;5057983;218;240;711;711;6.95;0.43;100.82;4.89;493;1;214.00;0
218;1;5057994;218;229;711;711;7.02;0.43;100.82;4.89;493;1;215.00;0
219;1;5058002;219;233;754;781;7.35;0.46;100.93;4.62;535;1;216.00;27
221;2;5058019;221;221;756;782;7.49;0.46;101.68;4.61;535;2;217.00;26
223;2;5058045;223;215;763;782;7.77;0.48;102.71;4.58;540;2;218.00;19
224;2;5058056;224;211;765;782;7.93;0.49;103.22;4.58;541;2;219.00;17
226;2;5058063;226;209;766;782;8.04;0.49;104.24;4.58;540;2;220.00;16
226;2;5058072;226;191;769;782;8.31;0.51;104.24;4.58;543;2;221.00;13
227;3;5058080;227;183;770;782;8.52;0.52;104.40;4.58;543;3;222.00;12
228;3;5058102;228;179;773;782;8.67;0.53;104.90;4.59;545;3;223.00;9
228;3;5058115;228;172;775;783;8.77;0.54;104.90;4.60;547;3;224.00;8
230;3;5058132;230;167;779;785;8.79;0.54;105.71;4.61;549;3;225.00;6
231;3;5058141;231;161;782;785;8.80;0.54;105.50;4.63;551;3;226.00;3
233;3;5058150;233;163;788;789;8.76;0.54;106.49;4.62;555;3;227.00;1
235;3;5058159;235;163;789;789;8.84;0.54;107.29;4.62;554;3;228.00;0
235;3;5058167;235;163;789;789;8.91;0.54;107.29;4.62;554;3;229.00;0
235;3;5058174;235;163;789;789;9.07;0.56;107.29;4.62;554;3;230.00;0
236;3;5058183;236;162;795;795;9.18;0.56;106.94;4.59;559;3;231.00;0
236;3;5058192;236;153;795;795;9.26;0.57;106.94;4.59;559;3;232.00;0
238;3;5058201;238;148;795;795;9.29;0.57;106.99;4.59;557;3;233.00;0
239;3;5058209;239;146;797;798;9.39;0.58;107.47;4.58;558;3;234.00;1
240;3;5058217;240;140;797;798;9.42;0.58;107.70;4.58;557;3;235.00;1
244;3;5058224;244;135;798;798;9.43;0.58;108.51;4.58;554;3;236.00;0
247;3;5058232;247;133;799;799;9.52;0.58;109.45;4.57;552;3;237.00;0
249;3;5058239;249;127;800;800;9.58;0.59;109.89;4.57;551;3;238.00;0
252;3;5058247;252;129;800;800;9.58;0.59;110.56;4.57;548;3;239.00;0
255;3;5058255;255;136;824;826;9.55;0.58;110.53;4.43;569;3;240.00;2
257;3;5058264;257;130;825;826;9.64;0.59;110.98;4.43;568;3;241.00;1
261;3;5058272;261;127;826;826;9.75;0.60;112.18;4.43;565;3;242.00;0
262;3;5058279;262;128;827;827;9.95;0.61;112.52;4.42;565;3;243.00;0
265;4;5058285;265;126;827;827;10.06;0.62;113.67;4.42;562;4;244.00;0
268;4;5058301;268;126;831;831;10.17;0.62;113.95;4.40;563;4;245.00;0
271;4;5058309;271;127;831;831;10.20;0.62;114.74;4.40;560;4;246.00;0
277;4;5058315;277;131;835;835;10.13;0.61;115.54;4.39;558;4;247.00;0
279;4;5058328;279;134;835;835;10.20;0.62;115.95;4.39;556;4;248.00;0
280;4;5058335;280;133;835;835;10.21;0.62;116.13;4.39;555;4;249.00;0
280;4;5058342;280;139;835;835;10.20;0.62;116.13;4.39;555;4;250.00;0
281;4;5058350;281;139;835;835;10.16;0.62;116.10;4.39;554;4;251.00;0
282;4;5058356;282;144;846;847;10.11;0.61;116.14;4.33;564;4;252.00;1
282;4;5058364;282;147;846;847;10.11;0.61;116.14;4.33;564;4;253.00;1
282;4;5058371;282;149;847;847;10.12;0.62;116.14;4.33;565;4;254.00;0
283;4;5058378;283;148;847;847;10.11;0.62;116.23;4.33;564;4;255.00;0
286;4;5058386;286;148;847;847;10.03;0.61;116.99;4.33;561;4;256.00;0
288;4;5058394;288;145;847;847;10.02;0.61;117.60;4.33;559;4;257.00;0
290;4;5058401;290;143;848;848;9.99;0.60;117.41;4.32;558;4;258.00;0
290;4;5058408;290;138;848;848;10.02;0.61;117.41;4.32;558;4;259.00;0
291;4;5058414;291;133;854;854;9.99;0.61;117.90;4.30;563;4;260.00;0
293;4;5058422;293;127;855;855;10.06;0.61;118.14;4.30;562;4;261.00;0
296;4;5058429;296;120;855;855;10.03;0.61;118.52;4.30;559;4;262.00;0
299;4;5058437;299;113;855;855;10.05;0.61;118.96;4.30;556;4;263.00;0
301;4;5058444;301;110;859;859;10.11;0.61;119.45;4.28;558;4;264.00;0
303;4;5058453;303;106;859;859;10.14;0.61;119.75;4.28;556;4;265.00;0
303;4;5058460;303;105;859;859;10.28;0.62;119.75;4.28;556;4;266.00;0
305;4;5058468;305;101;860;860;10.34;0.63;119.98;4.27;555;4;267.00;0
307;4;5058475;307;105;864;864;10.40;0.63;120.48;4.26;557;4;268.00;0
311;4;5058483;311;100;864;864;10.46;0.63;120.98;4.26;553;4;269.00;0
314;4;5058494;314;99;868;870;10.61;0.64;121.11;4.24;554;4;270.00;2
317;4;5058502;317;98;869;870;10.73;0.65;121.46;4.23;552;4;271.00;1
321;4;5058510;321;97;870;870;10.78;0.65;121.17;4.23;549;4;272.00;0
324;4;5058518;324;94;870;870;10.88;0.66;121.35;4.23;546;4;273.00;0
326;4;5058526;326;92;874;874;11.00;0.66;121.07;4.22;548;4;274.00;0
327;4;5058535;327;90;874;874;11.13;0.67;121.10;4.22;547;4;275.00;0
328;4;5058543;328;88;874;874;11.18;0.68;121.14;4.22;546;4;276.00;0
329;4;5058552;329;86;874;874;11.29;0.68;121.25;4.22;545;4;277.00;0
330;4;5058560;330;87;875;875;11.34;0.69;121.56;4.21;545;4;278.00;0
331;4;5058568;331;86;876;876;11.44;0.69;121.79;4.21;545;4;279.00;0
332;4;5058577;332;82;876;876;11.53;0.70;121.84;4.21;544;4;280.00;0
333;4;5058585;333;81;877;877;11.63;0.71;121.77;4.20;544;4;281.00;0
335;4;5058594;335;81;877;877;11.63;0.71;121.87;4.20;542;4;282.00;0
337;4;5058603;337;82;877;877;11.69;0.71;122.34;4.20;540;4;283.00;0
337;4;5058610;337;81;877;877;11.74;0.72;122.34;4.20;540;4;284.00;0
338;4;5058619;338;82;877;877;11.70;0.71;122.81;4.20;539;4;285.00;0
339;4;5058627;339;81;877;877;11.70;0.72;122.79;4.20;538;4;286.00;0
342;4;5058635;342;82;877;877;11.60;0.71;123.09;4.20;535;4;287.00;0
343;4;5058644;343;104;947;1004;11.22;0.70;123.03;3.90;604;4;288.00;57
345;4;5058663;345;99;951;1005;11.17;0.69;123.92;3.88;606;4;289.00;54
347;4;5058672;347;93;960;1005;11.20;0.69;124.84;3.87;613;4;290.00;45
348;4;5058681;348;93;961;1005;11.24;0.70;125.24;3.87;613;4;291.00;44
348;4;5058691;348;95;967;1005;11.34;0.70;125.24;3.87;619;4;292.00;38
349;4;5058700;349;94;969;1005;11.32;0.70;125.66;3.87;620;4;293.00;36
352;4;5058710;352;96;972;1005;11.30;0.70;125.87;3.88;620;4;294.00;33
352;4;5058718;352;98;975;1005;11.37;0.70;125.87;3.89;623;4;295.00;30
356;4;5058729;356;99;979;1006;11.43;0.70;127.02;3.90;623;4;296.00;27
358;4;5058738;358;103;983;1007;11.52;0.71;127.25;3.92;625;4;297.00;24
360;4;5058747;360;104;987;1007;11.55;0.71;127.66;3.95;627;4;298.00;20
360;4;5058756;360;103;989;1008;11.50;0.71;127.66;3.96;629;4;299.00;19
362;4;5058767;362;110;993;1014;11.30;0.70;127.56;3.97;631;4;300.00;21
364;4;5058779;364;111;997;1014;11.16;0.69;127.89;4.01;633;4;301.00;17
365;4;5058788;365;116;999;1014;10.98;0.68;128.05;4.02;634;4;302.00;15
366;4;5058796;366;118;1003;1018;10.86;0.67;128.33;4.04;637;4;303.00;15
368;4;5058804;368;124;1006;1018;10.69;0.66;128.78;4.06;638;4;304.00;12
373;4;5058813;373;131;1008;1018;10.50;0.65;129.12;4.07;635;4;305.00;10
375;4;5058820;375;140;1012;1021;10.32;0.64;129.83;4.10;637;4;306.00;9
377;4;5058835;377;147;1013;1021;10.24;0.63;130.42;4.11;636;4;307.00;8
380;4;5058842;380;152;1013;1021;10.13;0.63;131.52;4.11;633;4;308.00;8
384;4;5058851;384;154;1018;1025;9.97;0.61;132.09;4.12;634;4;309.00;7
387;4;5058859;387;162;1022;1026;9.89;0.61;131.83;4.12;635;4;310.00;4
388;4;5058868;388;169;1022;1026;9.82;0.60;132.09;4.12;634;4;311.00;4
391;4;5058875;391;179;1028;1030;9.70;0.59;132.57;4.13;637;4;312.00;2
396;4;5058883;396;181;1030;1030;9.53;0.58;133.58;4.14;634;4;313.00;0
397;4;5058891;397;183;1030;1030;9.43;0.58;134.04;4.14;633;4;314.00;0
397;4;5058898;397;185;1032;1032;9.32;0.57;134.04;4.13;635;4;315.00;0
402;4;5058907;402;188;1032;1032;9.20;0.56;134.59;4.13;630;4;316.00;0
404;4;5058914;404;194;1038;1038;9.14;0.56;134.25;4.11;634;4;317.00;0
405;4;5058922;405;194;1038;1038;9.08;0.55;134.17;4.11;633;4;318.00;0
406;4;5058931;406;195;1039;1039;9.00;0.55;134.33;4.11;633;4;319.00;0
406;4;5058939;406;197;1039;1039;8.90;0.54;134.33;4.11;633;4;320.00;0
406;4;5058947;406;200;1039;1039;8.80;0.54;134.33;4.11;633;4;321.00;0
408;4;5058955;408;207;1039;1039;8.69;0.53;134.08;4.11;631;4;322.00;0
408;4;5058963;408;212;1039;1039;8.55;0.52;134.08;4.11;631;4;323.00;0
410;4;5058970;410;214;1050;1051;8.53;0.52;134.41;4.06;640;4;324.00;1
413;4;5058979;413;217;1050;1051;8.44;0.52;134.85;4.06;637;4;325.00;1
414;4;5058987;414;219;1051;1051;8.30;0.51;134.67;4.06;637;4;326.00;0
416;4;5058994;416;217;1051;1051;8.21;0.50;134.94;4.06;635;4;327.00;0
420;4;5059002;420;217;1051;1051;8.08;0.49;135.34;4.06;631;4;328.00;0
422;4;5059009;422;218;1051;1051;7.95;0.49;135.97;4.06;629;4;329.00;0
427;4;5059018;427;214;1055;1055;7.86;0.48;136.42;4.05;628;4;330.00;0
428;4;5059027;428;212;1055;1055;7.83;0.48;136.54;4.05;627;4;331.00;0
430;4;5059040;430;207;1059;1059;7.88;0.48;137.45;4.04;629;4;332.00;0
433;4;5059048;433;208;1060;1060;7.92;0.49;137.81;4.04;627;4;333.00;0
437;4;5059056;437;204;1060;1060;7.98;0.49;139.10;4.04;623;4;334.00;0
440;4;5059063;440;205;1060;1060;8.09;0.50;139.63;4.04;620;4;335.00;0
443;4;5059071;443;206;1073;1073;8.12;0.50;139.74;3.99;630;4;336.00;0
449;4;5059080;449;202;1073;1073;8.19;0.50;140.21;3.99;624;4;337.00;0
453;4;5059087;453;198;1073;1073;8.23;0.51;141.16;3.99;620;4;338.00;0
453;4;5059095;453;199;1074;1074;8.32;0.51;141.16;3.98;621;4;339.00;0
456;4;5059102;456;201;1075;1075;8.27;0.51;141.89;3.98;619;4;340.00;0
456;4;5059111;456;205;1075;1075;8.31;0.51;141.89;3.98;619;4;341.00;0
461;4;5059119;461;206;1077;1078;8.29;0.51;142.66;3.97;616;4;342.00;1
464;4;5059128;464;213;1078;1078;8.27;0.51;143.02;3.97;614;4;343.00;0
468;4;5059136;468;213;1078;1078;8.26;0.51;143.27;3.97;610;4;344.00;0
475;4;5059144;475;220;1078;1078;8.15;0.50;143.84;3.97;603;4;345.00;0
476;4;5059153;476;217;1084;1084;8.19;0.51;144.06;3.95;608;4;346.00;0
478;4;5059160;478;218;1084;1084;8.15;0.50;144.50;3.95;606;4;347.00;0
481;4;5059167;481;214;1084;1084;7.98;0.49;144.98;3.95;603;4;348.00;0
486;4;5059176;486;219;1084;1084;7.81;0.48;145.64;3.95;598;4;349.00;0
492;4;5059183;492;221;1088;1088;7.72;0.47;146.19;3.94;596;4;350.00;0
493;4;5059191;493;225;1089;1089;7.61;0.47;146.32;3.94;596;4;351.00;0
496;4;5059199;496;231;1089;1089;7.53;0.46;146.02;3.94;593;4;352.00;0
499;4;5059206;499;233;1090;1090;7.47;0.46;146.58;3.94;591;4;353.00;0
501;4;5059214;501;237;1090;1090;7.36;0.45;146.61;3.94;589;4;354.00;0
503;4;5059220;503;238;1090;1090;7.23;0.44;146.30;3.94;587;4;355.00;0
505;4;5059227;505;240;1090;1090;7.10;0.44;146.47;3.94;585;4;356.00;0
507;4;5059235;507;247;1090;1090;6.98;0.43;146.41;3.94;583;4;357.00;0
507;4;5059241;507;255;1090;1090;6.92;0.43;146.41;3.94;583;4;358.00;0
507;4;5059248;507;260;1090;1090;6.87;0.42;146.41;3.94;583;4;359.00;0
509;4;5059258;509;282;1168;1215;7.10;0.44;146.88;3.67;659;4;360.00;47
512;4;5059279;512;266;1172;1216;7.08;0.44;146.94;3.67;660;4;361.00;44
513;4;5059288;513;253;1181;1216;7.16;0.45;146.80;3.65;668;4;362.00;35
515;4;5059296;515;238;1183;1216;7.19;0.45;146.64;3.65;668;4;363.00;33
515;4;5059304;515;235;1188;1216;7.32;0.46;146.64;3.65;673;4;364.00;28
516;4;5059312;516;230;1191;1216;7.36;0.46;146.77;3.66;675;4;365.00;25
517;4;5059320;517;226;1195;1216;7.38;0.46;147.06;3.66;678;4;366.00;21
519;4;5059328;519;231;1200;1216;7.45;0.46;147.00;3.68;681;4;367.00;16
520;4;5059336;520;225;1203;1217;7.43;0.46;146.87;3.69;683;4;368.00;14
521;4;5059345;521;228;1205;1218;7.45;0.46;146.95;3.70;684;4;369.00;13
521;4;5059354;521;237;1207;1218;7.38;0.45;146.95;3.71;686;4;370.00;11
522;4;5059362;522;237;1214;1222;7.34;0.45;147.03;3.71;692;4;371.00;8
523;4;5059376;523;243;1217;1222;7.37;0.45;147.04;3.73;694;4;372.00;5
525;4;5059384;525;244;1219;1222;7.27;0.45;146.69;3.74;694;4;373.00;3
526;4;5059392;526;252;1219;1222;7.14;0.44;146.97;3.74;693;4;374.00;3
527;4;5059400;527;266;1226;1228;7.06;0.43;147.23;3.74;699;4;375.00;2
529;4;5059409;529;269;1226;1228;6.98;0.43;147.39;3.74;697;4;376.00;2
530;4;5059417;530;260;1226;1228;6.96;0.43;147.80;3.74;696;4;377.00;2
530;4;5059426;530;259;1230;1231;6.96;0.43;147.80;3.74;700;4;378.00;1
535;4;5059435;535;257;1230;1231;6.95;0.42;148.07;3.74;695;4;379.00;1
535;4;5059443;535;257;1230;1231;6.96;0.43;148.07;3.74;695;4;380.00;1
536;4;5059451;536;252;1232;1232;7.04;0.43;148.17;3.75;696;4;381.00;0
538;4;5059461;538;254;1233;1233;7.12;0.44;148.54;3.75;695;4;382.00;0
542;4;5059470;542;253;1233;1233;7.18;0.44;148.49;3.75;691;4;383.00;0
543;4;5059480;543;258;1245;1246;7.33;0.45;148.59;3.71;702;4;384.00;1
546;4;5059490;546;254;1246;1246;7.37;0.45;149.52;3.71;700;4;385.00;0
548;4;5059506;548;244;1246;1246;7.50;0.46;149.52;3.71;698;4;386.00;0
549;4;5059516;549;232;1247;1247;7.64;0.47;149.30;3.71;698;4;387.00;0
551;4;5059526;551;229;1247;1247;7.73;0.47;149.68;3.71;696;4;388.00;0
551;4;5059536;551;225;1251;1251;7.85;0.48;149.68;3.70;700;4;389.00;0
553;4;5059546;553;217;1251;1251;7.89;0.48;150.02;3.70;698;4;390.00;0
555;4;5059556;555;215;1255;1255;7.87;0.48;150.44;3.69;700;4;391.00;0
556;4;5059565;556;218;1255;1255;7.96;0.49;150.85;3.69;699;4;392.00;0
560;4;5059574;560;221;1255;1255;8.05;0.49;151.49;3.69;695;4;393.00;0
561;4;5059583;561;217;1255;1255;8.16;0.50;151.64;3.69;694;4;394.00;0
563;4;5059592;563;218;1255;1255;8.29;0.51;152.21;3.69;692;4;395.00;0
564;4;5059600;564;217;1265;1267;8.44;0.52;152.25;3.66;701;4;396.00;2
565;4;5059610;565;209;1265;1267;8.56;0.52;152.56;3.66;700;4;397.00;2
567;4;5059618;567;209;1267;1267;8.65;0.53;153.04;3.66;700;4;398.00;0
572;4;5059627;572;207;1267;1267;8.71;0.53;153.39;3.66;695;4;399.00;0
573;4;5059637;573;200;1267;1267;8.79;0.54;153.42;3.66;694;4;400.00;0
575;4;5059655;575;196;1267;1267;8.78;0.54;153.61;3.66;692;4;401.00;0
578;4;5059664;578;187;1268;1268;8.79;0.54;153.91;3.66;690;4;402.00;0
578;4;5059673;578;183;1268;1268;8.84;0.54;153.91;3.66;690;4;403.00;0
580;4;5059681;580;180;1274;1274;8.89;0.54;154.11;3.64;694;4;404.00;0
581;4;5059690;581;183;1276;1276;8.91;0.54;154.52;3.64;695;4;405.00;0
584;4;5059699;584;188;1276;1276;8.95;0.55;155.09;3.64;692;4;406.00;0
587;5;5059707;587;187;1276;1276;8.96;0.55;155.65;3.64;689;5;407.00;0
587;5;5059729;587;186;1280;1280;9.06;0.55;155.65;3.63;693;5;408.00;0
589;5;5059738;589;187;1280;1280;9.17;0.56;155.55;3.63;691;5;409.00;0
591;5;5059746;591;184;1280;1280;9.29;0.57;156.09;3.63;689;5;410.00;0
593;5;5059754;593;187;1281;1281;9.37;0.57;156.76;3.62;688;5;411.00;0
595;5;5059763;595;188;1285;1285;9.37;0.57;157.04;3.62;690;5;412.00;0
598;5;5059771;598;184;1285;1285;9.36;0.57;157.72;3.62;687;5;413.00;0
599;5;5059779;599;181;1287;1288;9.52;0.58;157.77;3.61;688;5;414.00;1
601;5;5059787;601;186;1287;1288;9.47;0.58;158.02;3.61;686;5;415.00;1
603;5;5059796;603;184;1288;1288;9.53;0.58;158.18;3.61;685;5;416.00;0
604;5;5059804;604;191;1288;1288;9.56;0.58;158.26;3.61;684;5;417.00;0
608;5;5059812;608;187;1292;1292;9.54;0.58;158.34;3.60;684;5;418.00;0
612;5;5059821;612;188;1292;1292;9.53;0.58;158.84;3.60;680;5;419.00;0
616;5;5059830;616;184;1292;1292;9.57;0.59;159.28;3.60;676;5;420.00;0
619;5;5059838;619;179;1292;1292;9.65;0.59;159.60;3.60;673;5;421.00;0
624;5;5059846;624;175;1293;1293;9.58;0.59;161.12;3.60;669;5;422.00;0
626;5;5059855;626;174;1294;1294;9.60;0.59;161.23;3.60;668;5;423.00;0
630;5;5059863;630;167;1294;1294;9.62;0.59;162.12;3.60;664;5;424.00;0
630;5;5059872;630;160;1295;1295;9.70;0.59;162.12;3.59;665;5;425.00;0
634;5;5059879;634;159;1295;1295;9.68;0.59;163.31;3.59;661;5;426.00;0
638;5;5059887;638;146;1295;1295;9.81;0.60;163.66;3.59;657;5;427.00;0
642;5;5059895;642;140;1295;1295;10.00;0.61;164.21;3.59;653;5;428.00;0
645;5;5059903;645;132;1295;1295;10.17;0.62;164.66;3.59;650;5;429.00;0
647;5;5059910;647;129;1295;1295;10.39;0.63;165.28;3.59;648;5;430.00;0
651;5;5059918;651;123;1295;1295;10.56;0.64;165.77;3.59;644;5;431.00;0
654;5;5059926;654;149;1369;1422;10.33;0.64;166.09;3.40;715;5;432.00;53
658;5;5059944;658;132;1370;1423;10.48;0.65;166.41;3.40;712;5;433.00;53
663;5;5059953;663;123;1375;1423;10.63;0.66;166.50;3.39;712;5;434.00;48
668;5;5059961;668;111;1377;1423;10.64;0.66;167.32;3.39;709;5;435.00;46
672;5;5059970;672;106;1384;1423;10.68;0.66;167.66;3.40;712;5;436.00;39
674;5;5059978;674;106;1386;1423;10.73;0.66;168.22;3.40;712;5;437.00;37
676;5;5059988;676;110;1388;1423;10.75;0.66;168.54;3.40;712;5;438.00;35
681;5;5059996;681;106;1392;1423;10.75;0.66;169.53;3.41;711;5;439.00;31
682;5;5060010;682;110;1395;1424;10.88;0.67;169.40;3.42;713;5;440.00;29
685;5;5060019;685;107;1398;1425;10.93;0.67;169.64;3.44;713;5;441.00;27
686;5;5060029;686;106;1403;1425;10.99;0.67;169.46;3.46;717;5;442.00;22
690;5;5060038;690;105;1408;1426;10.90;0.67;169.99;3.49;718;5;443.00;18
697;5;5060047;697;106;1410;1426;10.88;0.66;170.30;3.50;713;5;444.00;16
698;5;5060056;698;106;1412;1426;10.84;0.66;170.63;3.51;714;5;445.00;14
700;5;5060066;700;107;1415;1426;10.71;0.65;170.92;3.53;715;5;446.00;11
702;5;5060074;702;113;1418;1430;10.60;0.65;171.28;3.53;716;5;447.00;12
704;5;5060083;704;120;1420;1430;10.44;0.64;170.94;3.55;716;5;448.00;10
707;5;5060092;707;123;1421;1430;10.34;0.63;171.58;3.55;714;5;449.00;9
709;5;5060102;709;130;1425;1436;10.20;0.62;171.70;3.55;716;5;450.00;11
710;5;5060116;710;131;1427;1436;10.11;0.62;172.00;3.56;717;5;451.00;9
712;5;5060125;712;133;1431;1436;10.02;0.61;172.37;3.59;719;5;452.00;5
714;6;5060138;714;142;1434;1440;9.91;0.60;172.05;3.58;720;6;453.00;6
719;6;5060158;719;145;1437;1441;9.84;0.60;171.93;3.60;718;6;454.00;4
721;6;5060172;721;148;1437;1441;9.85;0.60;172.12;3.60;716;6;455.00;4
723;6;5060181;723;153;1440;1445;9.86;0.60;172.41;3.59;717;6;456.00;5
726;6;5060190;726;156;1441;1445;9.80;0.60;172.67;3.59;715;6;457.00;4
728;6;5060199;728;158;1441;1445;9.73;0.59;172.72;3.59;713;6;458.00;4
729;6;5060207;729;166;1442;1446;9.64;0.59;172.82;3.59;713;6;459.00;4
731;6;5060216;731;170;1442;1446;9.57;0.58;172.87;3.59;711;6;460.00;4
732;6;5060225;732;175;1449;1452;9.63;0.59;172.97;3.60;717;6;461.00;3
733;6;5060234;733;176;1449;1452;9.60;0.59;173.07;3.60;716;6;462.00;3
737;6;5060242;737;186;1450;1453;9.54;0.58;173.29;3.61;713;6;463.00;3
738;6;5060251;738;188;1450;1453;9.53;0.58;173.32;3.61;712;6;464.00;3
741;6;5060259;741;196;1451;1453;9.41;0.58;173.33;3.62;710;6;465.00;2
742;6;5060268;742;202;1452;1453;9.36;0.57;173.44;3.62;710;6;466.00;1
743;6;5060275;743;199;1452;1453;9.26;0.57;173.41;3.62;709;6;467.00;1
744;6;5060283;744;202;1463;1465;9.27;0.57;173.52;3.60;719;6;468.00;2
746;6;5060292;746;207;1463;1465;9.22;0.57;173.93;3.60;717;6;469.00;2
747;6;5060300;747;213;1465;1465;9.17;0.56;173.84;3.59;718;6;470.00;0
751;6;5060308;751;220;1465;1465;9.08;0.56;173.64;3.59;714;6;471.00;0
751;6;5060316;751;226;1465;1465;8.97;0.55;173.64;3.59;714;6;472.00;0
753;6;5060323;753;232;1465;1465;8.85;0.54;173.44;3.59;712;6;473.00;0
755;6;5060331;755;235;1469;1469;8.75;0.54;173.38;3.59;714;6;474.00;0
758;6;5060339;758;235;1469;1469;8.59;0.53;173.11;3.59;711;6;475.00;0
759;6;5060347;759;244;1473;1473;8.61;0.53;173.03;3.58;714;6;476.00;0
763;6;5060356;763;246;1474;1474;8.52;0.52;173.05;3.58;711;6;477.00;0
765;6;5060363;765;255;1474;1474;8.39;0.51;172.80;3.58;709;6;478.00;0
767;6;5060372;767;254;1474;1474;8.29;0.51;172.86;3.58;707;6;479.00;0
767;6;5060381;767;260;1495;1500;8.24;0.51;172.86;3.53;728;6;480.00;5
770;6;5060390;770;257;1496;1500;8.16;0.50;172.65;3.53;726;6;481.00;4
774;6;5060398;774;258;1499;1500;8.07;0.49;172.65;3.52;725;6;482.00;1
774;6;5060405;774;263;1501;1501;8.13;0.50;172.65;3.52;727;6;483.00;0
776;6;5060413;776;264;1502;1502;8.09;0.50;172.51;3.52;726;6;484.00;0
776;6;5060420;776;266;1502;1502;8.10;0.50;172.51;3.52;726;6;485.00;0
781;6;5060427;781;268;1504;1505;8.05;0.50;172.46;3.51;723;6;486.00;1
787;6;5060435;787;269;1504;1505;8.02;0.49;172.64;3.51;717;6;487.00;1
787;6;5060443;787;272;1505;1505;7.97;0.49;172.64;3.51;718;6;488.00;0
789;6;5060450;789;274;1505;1505;7.93;0.49;172.49;3.51;716;6;489.00;0
792;6;5060457;792;275;1511;1511;7.84;0.48;172.26;3.50;719;6;490.00;0
795;6;5060464;795;277;1511;1511;7.69;0.47;172.20;3.50;716;6;491.00;0
797;6;5060472;797;283;1511;1511;7.53;0.46;172.10;3.50;714;6;492.00;0
799;6;5060478;799;287;1511;1511;7.31;0.45;172.00;3.50;712;6;493.00;0
802;6;5060484;802;288;1515;1515;7.06;0.43;172.12;3.50;713;6;494.00;0
807;6;5060491;807;278;1517;1517;6.82;0.42;172.27;3.49;710;6;495.00;0
810;6;5060498;810;276;1517;1517;6.75;0.41;172.92;3.49;707;6;496.00;0
812;6;5060505;812;271;1518;1518;6.74;0.41;173.46;3.49;706;6;497.00;0
815;6;5060511;815;267;1518;1518;6.72;0.41;173.50;3.49;703;6;498.00;0
819;6;5060518;819;270;1518;1518;6.72;0.41;174.09;3.49;699;6;499.00;0
820;6;5060525;820;273;1518;1518;6.79;0.42;174.49;3.49;698;6;500.00;0
822;6;5060536;822;275;1518;1518;6.80;0.42;174.83;3.49;696;6;501.00;0
824;6;5060542;824;271;1518;1518;6.85;0.42;174.90;3.49;694;6;502.00;0
826;6;5060549;826;269;1518;1518;6.94;0.42;175.57;3.49;692;6;503.00;0
826;6;5060556;826;264;1555;1588;7.22;0.44;175.57;3.41;729;6;504.00;33
829;6;5060568;829;267;1559;1589;7.23;0.44;176.20;3.40;730;6;505.00;30
831;6;5060575;831;270;1568;1589;7.32;0.45;175.84;3.39;737;6;506.00;21
836;6;5060583;836;274;1571;1589;7.29;0.45;176.25;3.39;735;6;507.00;18
837;6;5060590;837;264;1574;1589;7.31;0.45;176.38;3.39;737;6;508.00;15
838;6;5060598;838;252;1574;1589;7.36;0.45;176.65;3.39;736;6;509.00;15
840;6;5060607;840;244;1576;1589;7.44;0.46;177.00;3.40;736;6;510.00;13
842;6;5060615;842;241;1579;1589;7.57;0.47;177.29;3.40;737;6;511.00;10
847;6;5060623;847;241;1580;1590;7.58;0.47;177.79;3.41;733;6;512.00;10
849;6;5060631;849;239;1583;1591;7.61;0.47;177.56;3.42;734;6;513.00;8
854;6;5060639;854;240;1584;1591;7.54;0.46;178.04;3.42;730;6;514.00;7
857;6;5060652;857;245;1591;1595;7.49;0.46;178.13;3.42;734;6;515.00;4
860;6;5060661;860;246;1593;1595;7.51;0.46;178.65;3.44;733;6;516.00;2
863;6;5060669;863;251;1595;1595;7.51;0.46;179.00;3.44;732;6;517.00;0
864;6;5060681;864;251;1595;1595;7.48;0.46;178.83;3.44;731;6;518.00;0
869;6;5060690;869;253;1601;1601;7.43;0.45;178.98;3.43;732;6;519.00;0
871;6;5060704;871;252;1601;1601;7.41;0.45;179.25;3.43;730;6;520.00;0
874;6;5060712;874;251;1601;1601;7.38;0.45;179.43;3.43;727;6;521.00;0
876;6;5060721;876;250;1603;1604;7.36;0.45;179.51;3.43;727;6;522.00;1
878;6;5060729;878;254;1603;1604;7.30;0.44;179.55;3.43;725;6;523.00;1
878;6;5060762;878;260;1604;1604;7.30;0.44;179.55;3.43;726;6;524.00;0
882;6;5060776;882;260;1605;1605;7.25;0.44;180.15;3.43;723;6;525.00;0
882;6;5060785;882;256;1606;1606;7.27;0.44;180.15;3.43;724;6;526.00;0
884;6;5060794;884;254;1606;1606;7.31;0.44;180.24;3.43;722;6;527.00;0
888;6;5060803;888;258;1618;1619;7.44;0.45;180.24;3.40;730;6;528.00;1
888;6;5060812;888;256;1618;1619;7.44;0.45;180.24;3.40;730;6;529.00;1
890;6;5060821;890;260;1619;1619;7.48;0.45;180.21;3.40;729;6;530.00;0
891;6;5060828;891;262;1620;1620;7.55;0.46;180.20;3.40;729;6;531.00;0
896;6;5060837;896;261;1620;1620;7.53;0.46;180.57;3.40;724;6;532.00;0
896;6;5060846;896;261;1624;1624;7.64;0.47;180.57;3.39;728;6;533.00;0
899;6;5060854;899;265;1624;1624;7.65;0.47;180.87;3.39;725;6;534.00;0
903;6;5060863;903;261;1628;1628;7.64;0.47;181.22;3.39;725;6;535.00;0
907;6;5060871;907;265;1628;1628;7.64;0.46;181.05;3.39;721;6;536.00;0
908;6;5060880;908;268;1628;1628;7.59;0.46;181.04;3.39;720;6;537.00;0
910;6;5060888;910;271;1628;1628;7.51;0.46;181.22;3.39;718;6;538.00;0
911;6;5060896;911;273;1628;1628;7.47;0.45;181.21;3.39;717;6;539.00;0
912;6;5060906;912;274;1658;1662;7.59;0.46;181.35;3.32;746;6;540.00;4
913;6;5060917;913;276;1658;1662;7.59;0.47;181.48;3.32;745;6;541.00;4
914;6;5060926;914;266;1661;1662;7.66;0.47;181.48;3.32;747;6;542.00;1
920;6;5060934;920;259;1661;1662;7.63;0.47;181.86;3.32;741;6;543.00;1
922;6;5060943;922;255;1662;1662;7.63;0.47;181.81;3.32;740;6;544.00;0
925;6;5060951;925;252;1662;1662;7.66;0.47;181.94;3.32;737;6;545.00;0
929;6;5060960;929;245;1663;1663;7.62;0.47;182.13;3.32;734;6;546.00;0
929;6;5060969;929;244;1663;1663;7.65;0.47;182.13;3.32;734;6;547.00;0
931;6;5060978;931;245;1669;1669;7.63;0.47;182.22;3.31;738;6;548.00;0
933;6;5060988;933;245;1670;1670;7.66;0.47;182.27;3.31;737;6;549.00;0
935;6;5060997;935;247;1670;1670;7.64;0.47;182.52;3.31;735;6;550.00;0
938;6;5061007;938;238;1670;1670;7.65;0.47;182.70;3.31;732;6;551.00;0
941;6;5061016;941;225;1674;1674;7.62;0.46;182.95;3.30;733;6;552.00;0
941;6;5061031;941;217;1674;1674;7.63;0.46;182.95;3.30;733;6;553.00;0
945;6;5061040;945;211;1674;1674;7.66;0.47;183.22;3.30;729;6;554.00;0
947;6;5061050;947;206;1675;1675;7.76;0.47;183.39;3.30;728;6;555.00;0
947;6;5061059;947;210;1679;1679;7.78;0.47;183.39;3.30;732;6;556.00;0
948;6;5061069;948;211;1679;1679;7.78;0.47;183.48;3.30;731;6;557.00;0
949;6;5061078;949;213;1681;1682;7.85;0.48;183.54;3.29;732;6;558.00;1
950;6;5061087;950;213;1681;1682;7.86;0.48;183.62;3.29;731;6;559.00;1
951;6;5061097;951;217;1682;1682;7.93;0.48;183.99;3.29;731;6;560.00;0
953;6;5061106;953;217;1682;1682;7.99;0.49;184.18;3.29;729;6;561.00;0
956;6;5061115;956;217;1686;1686;8.09;0.49;184.14;3.29;730;6;562.00;0
957;6;5061125;957;212;1686;1686;8.17;0.50;184.23;3.29;729;6;563.00;0
960;6;5061134;960;210;1686;1686;8.24;0.50;184.24;3.29;726;6;564.00;0
962;6;5061143;962;211;1686;1686;8.31;0.51;184.36;3.29;724;6;565.00;0
964;6;5061152;964;205;1687;1687;8.41;0.51;184.66;3.28;723;6;566.00;0
966;6;5061161;966;201;1688;1688;8.44;0.51;184.70;3.28;722;6;567.00;0
968;6;5061170;968;203;1688;1688;8.53;0.52;184.77;3.28;720;6;568.00;0
970;6;5061179;970;199;1689;1689;8.67;0.53;185.07;3.28;719;6;569.00;0
974;6;5061189;974;195;1689;1689;8.77;0.53;185.63;3.28;715;6;570.00;0
976;6;5061198;976;199;1689;1689;8.90;0.54;185.75;3.28;713;6;571.00;0
978;6;5061207;978;193;1689;1689;8.99;0.55;186.25;3.28;711;6;572.00;0
979;6;5061215;979;187;1689;1689;9.03;0.55;186.34;3.28;710;6;573.00;0
984;6;5061229;984;189;1689;1689;9.03;0.55;186.97;3.28;705;6;574.00;0
986;6;5061239;986;191;1689;1689;9.05;0.55;187.11;3.28;703;6;575.00;0
991;6;5061252;991;225;1769;1816;8.68;0.54;187.36;3.13;778;6;576.00;47
993;6;5061271;993;212;1770;1817;8.67;0.53;187.59;3.13;777;6;577.00;47
996;6;5061285;996;210;1776;1817;8.78;0.54;188.07;3.13;780;6;578.00;41
998;6;5061294;998;206;1776;1817;8.81;0.54;188.60;3.13;778;6;579.00;41
1000;6;5061303;1000;204;1781;1817;8.92;0.55;188.92;3.13;781;6;580.00;36
1000;6;5061312;1000;205;1784;1817;8.99;0.55;188.92;3.13;784;6;581.00;33
1003;6;5061321;1003;209;1788;1817;8.99;0.55;189.31;3.14;785;6;582.00;29
1003;6;5061330;1003;222;1791;1817;9.04;0.55;189.31;3.15;788;6;583.00;26
1003;6;5061338;1003;224;1794;1818;9.08;0.56;189.31;3.16;791;6;584.00;24
1004;6;5061350;1004;223;1797;1820;9.08;0.56;189.34;3.16;793;6;585.00;23
1004;6;5061359;1004;225;1801;1820;9.05;0.56;189.34;3.18;797;6;586.00;19
1005;6;5061368;1005;222;1805;1821;9.03;0.55;189.56;3.19;800;6;587.00;16
1005;6;5061377;1005;222;1806;1821;9.01;0.55;189.56;3.19;801;6;588.00;15
1007;6;5061387;1007;213;1807;1821;9.01;0.55;189.77;3.20;800;6;589.00;14
1010;6;5061396;1010;210;1811;1821;8.99;0.55;190.49;3.22;801;6;590.00;10
1012;6;5061405;1012;206;1815;1825;8.93;0.55;190.64;3.23;803;6;591.00;10
1016;6;5061415;1016;197;1817;1825;8.93;0.55;191.03;3.23;801;6;592.00;8
1019;6;5061424;1019;197;1817;1825;8.90;0.55;191.46;3.23;798;6;593.00;8
1023;6;5061433;1023;197;1819;1828;8.83;0.54;192.08;3.23;796;6;594.00;9
1026;6;5061443;1026;192;1820;1828;8.90;0.55;192.47;3.24;794;6;595.00;8
1028;6;5061452;1028;198;1822;1828;8.87;0.54;192.81;3.26;794;6;596.00;6
1030;6;5061461;1030;196;1825;1832;8.88;0.54;193.15;3.25;795;6;597.00;7
1033;6;5061470;1033;189;1827;1833;8.90;0.54;193.23;3.26;794;6;598.00;6
1037;6;5061478;1037;189;1828;1833;8.85;0.54;193.67;3.26;791;6;599.00;5
1040;6;5061490;1040;192;1840;1859;8.80;0.54;193.95;3.25;800;6;600.00;19
1046;6;5061506;1046;187;1842;1859;8.77;0.54;194.79;3.26;796;6;601.00;17
1050;6;5061515;1050;182;1843;1859;8.78;0.53;194.92;3.26;793;6;602.00;16
1055;6;5061524;1055;188;1846;1860;8.72;0.53;195.33;3.26;791;6;603.00;14
1058;6;5061533;1058;193;1846;1860;8.69;0.53;195.61;3.26;788;6;604.00;14
1060;6;5061542;1060;193;1852;1866;8.69;0.53;196.08;3.26;792;6;605.00;14
1064;6;5061552;1064;192;1852;1866;8.64;0.52;195.77;3.26;788;6;606.00;14
1067;6;5061561;1067;199;1855;1867;8.50;0.52;195.66;3.26;788;6;607.00;12
1069;6;5061571;1069;203;1856;1867;8.44;0.51;195.74;3.26;787;6;608.00;11
1072;6;5061579;1072;211;1856;1867;8.30;0.50;195.88;3.26;784;6;609.00;11
1072;6;5061588;1072;212;1856;1867;8.18;0.50;195.88;3.26;784;6;610.00;11
1073;6;5061597;1073;219;1859;1867;8.06;0.49;196.10;3.29;786;6;611.00;8
1076;6;5061612;1076;227;1871;1879;7.96;0.48;196.22;3.28;795;6;612.00;8
1079;6;5061627;1079;233;1872;1879;7.93;0.48;196.63;3.29;793;6;613.00;7
1080;6;5061636;1080;237;1872;1879;8.01;0.49;196.75;3.29;792;6;614.00;7
1082;6;5061645;1082;244;1872;1879;8.03;0.49;196.75;3.29;790;6;615.00;7
1083;6;5061654;1083;241;1872;1879;8.02;0.49;197.01;3.29;789;6;616.00;7
1086;6;5061662;1086;242;1874;1879;8.00;0.49;197.48;3.30;788;6;617.00;5
1087;6;5061672;1087;241;1877;1883;7.98;0.48;197.85;3.30;790;6;618.00;6
1088;6;5061681;1088;249;1877;1883;7.96;0.48;198.17;3.30;789;6;619.00;6
1090;6;5061689;1090;248;1881;1887;8.04;0.49;198.53;3.29;791;6;620.00;6
1092;6;5061699;1092;254;1882;1888;8.12;0.49;198.42;3.29;790;6;621.00;6
1094;6;5061708;1094;262;1882;1888;8.14;0.49;198.18;3.29;788;6;622.00;6
1095;6;5061717;1095;265;1884;1888;8.13;0.49;198.42;3.31;789;6;623.00;4
1096;6;5061725;1096;267;1893;1901;8.14;0.49;198.46;3.30;797;6;624.00;8
1099;6;5061735;1099;272;1895;1901;8.07;0.49;198.21;3.30;796;6;625.00;6
1101;6;5061744;1101;276;1895;1901;8.05;0.49;198.07;3.30;794;6;626.00;6
1103;6;5061753;1103;276;1897;1902;8.04;0.49;197.95;3.30;794;6;627.00;5
1104;6;5061762;1104;282;1898;1903;8.00;0.49;197.85;3.30;794;6;628.00;5
1105;6;5061771;1105;285;1900;1903;7.95;0.49;197.79;3.32;795;6;629.00;3
1106;6;5061781;1106;287;1906;1909;7.88;0.48;197.91;3.32;800;6;630.00;3
1108;6;5061790;1108;290;1907;1909;7.74;0.47;197.86;3.32;799;6;631.00;2
1110;6;5061798;1110;301;1909;1909;7.71;0.47;197.88;3.32;799;6;632.00;0
1113;6;5061806;1113;307;1909;1909;7.65;0.47;197.71;3.32;796;6;633.00;0
1113;6;5061814;1113;311;1915;1915;7.71;0.47;197.71;3.31;802;6;634.00;0
1116;6;5061822;1116;314;1915;1915;7.65;0.47;197.53;3.31;799;6;635.00;0
1117;6;5061830;1117;314;1915;1915;7.65;0.47;197.41;3.31;798;6;636.00;0
1117;6;5061838;1117;322;1915;1915;7.62;0.47;197.41;3.31;798;6;637.00;0
1119;6;5061846;1119;326;1919;1919;7.61;0.47;197.40;3.31;800;6;638.00;0
1121;6;5061854;1121;332;1920;1920;7.55;0.46;197.22;3.30;799;6;639.00;0
1126;6;5061862;1126;337;1920;1920;7.38;0.45;196.90;3.30;794;6;640.00;0
1126;6;5061870;1126;336;1921;1921;7.28;0.45;196.90;3.30;795;6;641.00;0
1129;6;5061878;1129;342;1921;1921;7.19;0.44;196.65;3.30;792;6;642.00;0
1131;6;5061886;1131;346;1921;1921;7.07;0.44;196.45;3.30;790;6;643.00;0
1132;6;5061894;1132;343;1921;1921;6.98;0.43;196.44;3.30;789;6;644.00;0
1133;6;5061902;1133;339;1921;1921;6.98;0.43;196.33;3.30;788;6;645.00;0
1135;6;5061910;1135;340;1921;1921;6.94;0.43;196.21;3.30;786;6;646.00;0
1136;6;5061918;1136;343;1921;1921;6.90;0.42;196.18;3.30;785;6;647.00;0
1137;6;5061925;1137;348;1962;1991;7.12;0.44;196.31;3.23;825;6;648.00;29
1138;6;5061939;1138;340;1965;1992;7.06;0.44;196.39;3.23;827;6;649.00;27
1140;6;5061947;1140;331;1974;1992;7.05;0.43;196.36;3.23;834;6;650.00;18
1141;6;5061956;1141;327;1977;1992;6.99;0.43;196.28;3.23;836;6;651.00;15
1145;6;5061964;1145;327;1980;1992;6.89;0.42;196.12;3.23;835;6;652.00;12
1147;6;5061972;1147;329;1981;1992;6.80;0.42;196.12;3.23;834;6;653.00;11
1150;6;5061980;1150;333;1985;1992;6.74;0.41;196.22;3.23;835;6;654.00;7
1151;6;5061988;1151;323;1989;1992;6.76;0.41;196.24;3.24;838;6;655.00;3
1152;6;5061996;1152;315;1991;1993;6.70;0.41;196.19;3.25;839;6;656.00;2
1154;6;5062005;1154;306;1993;1994;6.69;0.41;196.31;3.25;839;6;657.00;1
1159;6;5062014;1159;303;1994;1994;6.55;0.40;196.38;3.25;835;6;658.00;0
1162;6;5062022;1162;301;1998;1998;6.42;0.39;196.62;3.24;836;6;659.00;0
1164;6;5062035;1164;290;1998;1998;6.39;0.39;196.68;3.24;834;6;660.00;0
1168;6;5062044;1168;289;1998;1998;6.33;0.39;196.76;3.24;830;6;661.00;0
1172;6;5062059;1172;285;1998;1998;6.32;0.39;197.00;3.24;826;6;662.00;0
1173;6;5062068;1173;283;2004;2004;6.43;0.39;197.15;3.24;831;6;663.00;0
1176;6;5062078;1176;280;2004;2004;6.48;0.40;197.49;3.24;828;6;664.00;0
1178;6;5062089;1178;278;2004;2004;6.52;0.40;197.52;3.24;826;6;665.00;0
1184;6;5062099;1184;275;2007;2007;6.58;0.40;198.06;3.23;823;6;666.00;0
1187;6;5062108;1187;267;2007;2007;6.67;0.41;198.34;3.23;820;6;667.00;0
1189;6;5062129;1189;262;2007;2007;6.81;0.41;198.25;3.23;818;6;668.00;0
1191;6;5062139;1191;256;2008;2008;6.85;0.42;198.38;3.23;817;6;669.00;0
1195;6;5062148;1195;252;2009;2009;6.86;0.42;198.45;3.23;814;6;670.00;0
1195;6;5062160;1195;246;2009;2009;6.98;0.43;198.45;3.23;814;6;671.00;0
1199;6;5062169;1199;246;2022;2022;7.08;0.43;198.63;3.21;823;6;672.00;0
1200;6;5062180;1200;244;2022;2022;7.15;0.44;198.85;3.21;822;6;673.00;0
1202;6;5062190;1202;249;2022;2022;7.26;0.44;198.65;3.21;820;6;674.00;0
1210;6;5062200;1210;247;2024;2024;7.24;0.44;199.01;3.20;814;6;675.00;0
1213;6;5062210;1213;248;2024;2024;7.28;0.44;199.31;3.20;811;6;676.00;0
1217;6;5062220;1217;244;2028;2028;7.35;0.45;199.42;3.20;811;6;677.00;0
1221;6;5062230;1221;250;2028;2028;7.37;0.45;200.29;3.20;807;6;678.00;0
1227;6;5062241;1227;249;2032;2032;7.40;0.45;200.47;3.20;805;6;679.00;0
1229;6;5062251;1229;250;2032;2032;7.46;0.46;200.62;3.20;803;6;680.00;0
1231;6;5062261;1231;251;2032;2032;7.54;0.46;200.58;3.20;801;6;681.00;0
1238;6;5062270;1238;250;2032;2032;7.56;0.46;201.15;3.20;794;6;682.00;0
1244;6;5062281;1244;242;2032;2032;7.52;0.46;201.97;3.20;788;6;683.00;0
1248;6;5062291;1248;241;2043;2044;7.57;0.46;202.26;3.18;795;6;684.00;1
1251;6;5062302;1251;240;2044;2044;7.66;0.47;202.70;3.18;793;6;685.00;0
1254;6;5062312;1254;239;2044;2044;7.72;0.47;202.80;3.18;790;6;686.00;0
1257;6;5062323;1257;240;2044;2044;7.81;0.47;203.20;3.18;787;6;687.00;0
1263;6;5062333;1263;237;2044;2044;7.85;0.48;203.95;3.18;781;6;688.00;0
1266;6;5062351;1266;236;2044;2044;7.92;0.48;204.37;3.18;778;6;689.00;0
1271;6;5062364;1271;230;2044;2045;7.92;0.48;204.71;3.18;773;6;690.00;1
1273;6;5062374;1273;227;2044;2045;8.02;0.49;205.11;3.18;771;6;691.00;1
1278;6;5062385;1278;227;2049;2051;8.09;0.49;205.46;3.17;771;6;692.00;2
1283;6;5062396;1283;227;2051;2052;8.11;0.49;206.23;3.17;768;6;693.00;1
1285;6;5062408;1285;223;2052;2052;8.30;0.51;206.20;3.17;767;6;694.00;0
1290;6;5062420;1290;224;2052;2052;8.38;0.51;206.70;3.17;762;6;695.00;0
1293;6;5062430;1293;226;2056;2056;8.33;0.51;206.83;3.16;763;6;696.00;0
1295;6;5062440;1295;224;2056;2056;8.39;0.51;206.98;3.16;761;6;697.00;0
1303;6;5062451;1303;224;2056;2056;8.36;0.51;207.91;3.16;753;6;698.00;0
1305;6;5062461;1305;223;2057;2057;8.30;0.51;208.31;3.16;752;6;699.00;0
1311;6;5062472;1311;223;2061;2061;8.21;0.50;208.66;3.16;750;6;700.00;0
1315;6;5062488;1315;224;2061;2061;8.12;0.50;208.94;3.16;746;6;701.00;0
1318;6;5062497;1318;225;2063;2064;8.06;0.49;209.22;3.16;745;6;702.00;1
1321;6;5062512;1321;226;2063;2064;7.98;0.49;209.45;3.16;742;6;703.00;1
1325;6;5062524;1325;232;2064;2064;7.98;0.49;209.40;3.16;739;6;704.00;0
1329;6;5062534;1329;234;2064;2064;7.94;0.48;209.64;3.16;735;6;705.00;0
1333;6;5062546;1333;240;2068;2068;7.88;0.48;209.67;3.15;735;6;706.00;0
1333;6;5062560;1333;233;2068;2068;7.92;0.48;209.67;3.15;735;6;707.00;0
1336;6;5062571;1336;222;2068;2068;7.93;0.48;210.07;3.15;732;6;708.00;0
1338;6;5062588;1338;210;2068;2068;7.97;0.48;210.28;3.15;730;6;709.00;0
1339;6;5062602;1339;204;2069;2069;8.04;0.49;210.35;3.15;730;6;710.00;0
1342;6;5062617;1342;206;2070;2070;8.12;0.49;210.40;3.15;728;6;711.00;0
1345;6;5062632;1345;208;2070;2070;8.20;0.50;210.76;3.15;725;6;712.00;0
1346;6;5062647;1346;208;2071;2071;8.35;0.51;210.76;3.15;725;6;713.00;0
1349;6;5062662;1349;213;2071;2071;8.42;0.51;210.80;3.15;722;6;714.00;0
1350;6;5062676;1350;214;2071;2071;8.41;0.51;210.85;3.15;721;6;715.00;0
1352;6;5062696;1352;202;2071;2071;8.41;0.51;211.35;3.15;719;6;716.00;0
1355;6;5062709;1355;196;2071;2071;8.43;0.51;211.46;3.15;716;6;717.00;0
1357;6;5062724;1357;193;2071;2071;8.42;0.51;211.47;3.15;714;6;718.00;0
1359;6;5062739;1359;193;2071;2071;8.44;0.51;211.53;3.15;712;6;719.00;0
1363;6;5062761;1363;250;2200;2301;8.23;0.52;211.73;2.96;837;6;720.00;101
1363;6;5062800;1363;234;2209;2302;8.19;0.51;211.73;2.96;846;6;721.00;93
1366;6;5062815;1366;220;2217;2302;8.25;0.52;212.04;2.95;851;6;722.00;85
1368;6;5062829;1368;217;2221;2302;8.24;0.52;212.20;2.95;853;6;723.00;81
1370;6;5062841;1370;219;2233;2302;8.16;0.51;212.27;2.96;863;6;724.00;69
1372;6;5062854;1372;217;2236;2302;8.15;0.51;212.33;2.96;864;6;725.00;66
1374;6;5062872;1374;215;2241;2302;8.09;0.50;212.33;2.97;867;6;726.00;61
1376;6;5062884;1376;215;2245;2302;8.04;0.50;212.62;2.98;869;6;727.00;57
1377;6;5062895;1377;220;2249;2303;8.03;0.50;212.72;2.98;872;6;728.00;54
1378;6;5062909;1378;216;2253;2304;8.01;0.50;212.73;3.00;875;6;729.00;51
1380;6;5062920;1380;220;2258;2304;7.97;0.49;212.95;3.01;878;6;730.00;46
1382;6;5062931;1382;223;2261;2305;7.94;0.49;212.88;3.02;879;6;731.00;44
1384;6;5062944;1384;226;2265;2305;7.87;0.49;213.06;3.03;881;6;732.00;40
1387;6;5062955;1387;232;2269;2305;7.83;0.48;213.09;3.05;882;6;733.00;36
1387;6;5062965;1387;236;2271;2305;7.82;0.48;213.09;3.06;884;6;734.00;34
1390;6;5062975;1390;248;2274;2309;7.79;0.48;213.27;3.06;884;6;735.00;35
1392;6;5062986;1392;255;2277;2309;7.72;0.48;213.37;3.08;885;6;736.00;32
1393;6;5062997;1393;260;2280;2309;7.75;0.48;213.52;3.10;887;6;737.00;29
1393;6;5063009;1393;264;2281;2312;7.77;0.48;213.52;3.11;888;6;738.00;31
1399;6;5063026;1399;263;2283;2312;7.71;0.47;213.81;3.12;884;6;739.00;29
1400;6;5063038;1400;265;2284;2312;7.66;0.47;213.82;3.12;884;6;740.00;28
1400;6;5063049;1400;265;2289;2316;7.65;0.47;213.82;3.12;889;6;741.00;27
1407;6;5063059;1407;271;2291;2317;7.64;0.47;214.58;3.13;884;6;742.00;26
1409;6;5063074;1409;275;2292;2317;7.63;0.47;214.64;3.13;883;6;743.00;25
1410;6;5063087;1410;271;2297;2321;7.65;0.47;214.68;3.14;887;6;744.00;24
1411;6;5063097;1411;275;2298;2321;7.69;0.47;214.65;3.15;887;6;745.00;23
1414;6;5063109;1414;275;2299;2321;7.67;0.47;214.70;3.15;885;6;746.00;22
1415;6;5063120;1415;275;2301;2322;7.68;0.47;214.71;3.17;886;6;747.00;21
1416;6;5063131;1416;277;2301;2322;7.66;0.47;214.83;3.17;885;6;748.00;21
1416;6;5063141;1416;288;2306;2328;7.59;0.46;214.83;3.17;890;6;749.00;22
1419;6;5063154;1419;285;2310;2328;7.58;0.46;214.98;3.21;891;6;750.00;18
1419;6;5063166;1419;286;2311;2329;7.57;0.46;214.98;3.21;892;6;751.00;18
1420;6;5063176;1420;283;2312;2329;7.50;0.46;215.14;3.21;892;6;752.00;17
1422;6;5063186;1422;294;2314;2329;7.43;0.45;215.19;3.24;892;6;753.00;15
1424;6;5063197;1424;289;2315;2329;7.39;0.45;215.33;3.24;891;6;754.00;14
1429;6;5063207;1429;295;2316;2329;7.41;0.45;215.39;3.25;887;6;755.00;13
1429;6;5063217;1429;293;2327;2341;7.49;0.46;215.39;3.23;898;6;756.00;14
1432;6;5063228;1432;290;2328;2341;7.43;0.45;215.55;3.24;896;6;757.00;13
1432;6;5063239;1432;288;2328;2341;7.51;0.46;215.55;3.24;896;6;758.00;13
1434;6;5063248;1434;289;2330;2341;7.52;0.46;215.67;3.24;896;6;759.00;11
1438;6;5063258;1438;288;2330;2341;7.53;0.46;215.91;3.24;892;6;760.00;11
1440;6;5063267;1440;289;2330;2341;7.46;0.46;216.02;3.24;890;6;761.00;11
1443;6;5063277;1443;281;2334;2345;7.37;0.45;215.99;3.24;891;6;762.00;11
1446;6;5063288;1446;284;2334;2345;7.31;0.44;216.15;3.24;888;6;763.00;11
1449;6;5063298;1449;282;2338;2349;7.27;0.44;216.21;3.24;889;6;764.00;11
1450;6;5063315;1450;278;2339;2351;7.22;0.44;216.22;3.24;889;6;765.00;12
1454;6;5063324;1454;284;2340;2351;7.17;0.44;215.99;3.23;886;6;766.00;11
1455;6;5063335;1455;290;2340;2351;7.19;0.44;216.00;3.23;885;6;767.00;11
1458;6;5063344;1458;291;2351;2364;7.17;0.43;216.16;3.22;893;6;768.00;13
1460;6;5063358;1460;295;2351;2364;7.15;0.43;216.17;3.22;891;6;769.00;13
1463;6;5063368;1463;301;2351;2364;7.14;0.43;216.17;3.22;888;6;770.00;13
1463;6;5063378;1463;307;2353;2365;7.20;0.44;216.17;3.24;890;6;771.00;12
1463;6;5063391;1463;312;2353;2366;7.20;0.44;216.17;3.24;890;6;772.00;13
1464;6;5063403;1464;319;2353;2366;7.19;0.44;216.06;3.24;889;6;773.00;13
1464;6;5063413;1464;314;2356;2369;7.18;0.44;216.06;3.26;892;6;774.00;13
1464;6;5063424;1464;321;2357;2369;7.19;0.44;216.06;3.26;893;6;775.00;12
1464;6;5063434;1464;323;2357;2369;7.23;0.44;216.06;3.26;893;6;776.00;12
1464;6;5063444;1464;329;2358;2369;7.20;0.44;216.06;3.28;894;6;777.00;11
1466;6;5063454;1466;327;2363;2375;7.22;0.44;216.06;3.27;897;6;778.00;12
1466;6;5063465;1466;327;2364;2375;7.15;0.44;216.06;3.30;898;6;779.00;11
1468;6;5063476;1468;330;2364;2375;7.06;0.43;215.92;3.30;896;6;780.00;11
1470;6;5063487;1470;336;2364;2375;6.99;0.43;215.70;3.30;894;6;781.00;11
1470;6;5063497;1470;338;2369;2379;6.98;0.43;215.70;3.34;899;6;782.00;10
1473;6;5063508;1473;344;2370;2380;6.97;0.43;215.35;3.34;897;6;783.00;10
1476;6;5063519;1476;343;2371;2380;6.94;0.42;215.26;3.37;895;6;784.00;9
1477;6;5063529;1477;349;2372;2381;6.92;0.42;215.16;3.37;895;6;785.00;9
1480;6;5063539;1480;350;2374;2381;6.88;0.42;214.91;3.42;894;6;786.00;7
1480;6;5063549;1480;353;2375;2381;6.91;0.42;214.91;3.45;895;6;787.00;6
1481;6;5063559;1481;355;2377;2381;6.91;0.42;214.95;3.48;896;6;788.00;4
1483;6;5063568;1483;361;2378;2381;6.90;0.42;214.99;3.49;895;6;789.00;3
1487;6;5063578;1487;362;2380;2381;6.82;0.42;214.82;3.50;893;6;790.00;1
1488;6;5063588;1488;368;2380;2381;6.78;0.42;214.87;3.50;892;6;791.00;1
1490;6;5063598;1490;380;2418;2451;6.95;0.43;214.71;3.44;928;6;792.00;33
1493;6;5063613;1493;381;2420;2452;6.88;0.42;214.62;3.44;927;6;793.00;32
1495;6;5063623;1495;384;2427;2452;6.94;0.43;214.56;3.44;932;6;794.00;25
1499;6;5063635;1499;385;2432;2452;6.85;0.42;214.67;3.44;933;6;795.00;20
1500;6;5063646;1500;391;2436;2452;6.80;0.42;214.57;3.44;936;6;796.00;16
1501;6;5063656;1501;396;2439;2452;6.73;0.41;214.58;3.44;938;6;797.00;13
1501;6;5063666;1501;402;2441;2452;6.64;0.41;214.58;3.45;940;6;798.00;11
1502;6;5063675;1502;403;2443;2452;6.54;0.40;214.58;3.45;941;6;799.00;9
1503;6;5063685;1503;411;2444;2453;6.48;0.40;214.44;3.45;941;6;800.00;9
1506;6;5063698;1506;412;2446;2454;6.39;0.39;214.61;3.46;940;6;801.00;8
1508;6;5063707;1508;406;2448;2454;6.36;0.39;214.51;3.46;940;6;802.00;6
1510;6;5063718;1510;401;2454;2458;6.29;0.39;214.37;3.46;944;6;803.00;4
1512;6;5063729;1512;396;2456;2458;6.27;0.38;214.20;3.47;944;6;804.00;2
1513;6;5063739;1513;389;2458;2458;6.29;0.39;214.15;3.47;945;6;805.00;0
1514;6;5063750;1514;388;2458;2458;6.31;0.39;214.08;3.47;944;6;806.00;0
1514;6;5063759;1514;387;2464;2464;6.31;0.39;214.08;3.47;950;6;807.00;0
1516;6;5063769;1516;388;2464;2464;6.29;0.39;214.09;3.47;948;6;808.00;0
1516;6;5063785;1516;387;2464;2464;6.26;0.38;214.09;3.47;948;6;809.00;0
1518;6;5063797;1518;383;2468;2470;6.32;0.39;214.07;3.46;950;6;810.00;2
1519;6;5063807;1519;381;2468;2470;6.37;0.39;214.03;3.46;949;6;811.00;2
1520;6;5063823;1520;378;2470;2470;6.37;0.39;213.95;3.46;950;6;812.00;0
1521;7;5063833;1521;371;2471;2471;6.40;0.39;213.96;3.46;950;7;813.00;0
1523;7;5063858;1523;372;2472;2472;6.44;0.40;213.76;3.46;949;7;814.00;0
1527;7;5063869;1527;371;2472;2472;6.42;0.39;213.43;3.46;945;7;815.00;0
1527;7;5063879;1527;371;2485;2485;6.43;0.39;213.43;3.44;958;7;816.00;0
1528;7;5063891;1528;369;2485;2485;6.41;0.39;213.49;3.44;957;7;817.00;0
1532;7;5063903;1532;366;2485;2485;6.42;0.39;213.24;3.44;953;7;818.00;0
1535;7;5063913;1535;367;2486;2486;6.46;0.39;213.10;3.44;951;7;819.00;0
1539;7;5063924;1539;364;2486;2486;6.45;0.39;213.22;3.44;947;7;820.00;0
1540;7;5063935;1540;359;2490;2490;6.53;0.40;213.21;3.43;950;7;821.00;0
1544;7;5063945;1544;354;2490;2490;6.49;0.40;213.53;3.43;946;7;822.00;0
1546;7;5063956;1546;353;2494;2494;6.47;0.39;213.38;3.43;948;7;823.00;0
1548;7;5063966;1548;351;2494;2494;6.39;0.39;213.48;3.43;946;7;824.00;0
1551;7;5063975;1551;336;2494;2494;6.38;0.39;213.91;3.43;943;7;825.00;0
1556;7;5063985;1556;330;2494;2494;6.36;0.39;213.92;3.43;938;7;826.00;0
1559;7;5063996;1559;326;2494;2494;6.35;0.39;213.89;3.43;935;7;827.00;0
1566;7;5064007;1566;324;2505;2506;6.32;0.38;213.86;3.41;939;7;828.00;1
1571;7;5064019;1571;322;2505;2506;6.38;0.39;214.31;3.41;934;7;829.00;1
1572;7;5064030;1572;316;2506;2506;6.52;0.40;214.38;3.41;934;7;830.00;0
1576;7;5064041;1576;315;2506;2506;6.54;0.40;214.69;3.41;930;7;831.00;0
1578;7;5064053;1578;309;2506;2506;6.53;0.40;214.82;3.41;928;7;832.00;0
1582;7;5064063;1582;297;2506;2506;6.55;0.40;215.02;3.41;924;7;833.00;0
1584;7;5064077;1584;295;2507;2507;6.56;0.40;215.30;3.41;923;7;834.00;0
1586;7;5064090;1586;286;2507;2507;6.60;0.40;215.49;3.41;921;7;835.00;0
1589;7;5064108;1589;284;2513;2513;6.67;0.41;215.75;3.41;924;7;836.00;0
1591;7;5064124;1591;279;2514;2514;6.73;0.41;216.09;3.41;923;7;837.00;0
1596;7;5064136;1596;281;2514;2514;6.80;0.42;216.54;3.41;918;7;838.00;0
1599;7;5064153;1599;278;2514;2514;6.88;0.42;216.60;3.41;915;7;839.00;0
1603;7;5064171;1603;276;2519;2519;6.84;0.42;216.72;3.40;916;7;840.00;0
1607;7;5064186;1607;268;2519;2519;6.90;0.42;217.43;3.40;912;7;841.00;0
1612;7;5064203;1612;267;2519;2519;6.93;0.42;217.73;3.40;907;7;842.00;0
1616;7;5064220;1616;262;2520;2520;6.94;0.42;217.79;3.40;904;7;843.00;0
1619;7;5064236;1619;260;2524;2524;7.02;0.43;218.17;3.39;905;7;844.00;0
1622;7;5064251;1622;258;2524;2524;7.10;0.43;218.51;3.39;902;7;845.00;0
1627;7;5064264;1627;264;2526;2527;7.13;0.43;218.74;3.39;899;7;846.00;1
1631;7;5064283;1631;256;2526;2527;7.17;0.43;219.27;3.39;895;7;847.00;1
1635;7;5064300;1635;263;2527;2527;7.20;0.44;219.79;3.39;892;7;848.00;0
1640;7;5064315;1640;262;2527;2527;7.26;0.44;219.93;3.39;887;7;849.00;0
1646;7;5064329;1646;263;2531;2531;7.21;0.44;220.21;3.39;885;7;850.00;0
1651;7;5064343;1651;257;2531;2531;7.19;0.44;220.62;3.39;880;7;851.00;0
1656;7;5064357;1656;260;2531;2531;7.16;0.43;220.78;3.39;875;7;852.00;0
1659;7;5064368;1659;258;2531;2531;7.15;0.43;221.17;3.39;872;7;853.00;0
1663;7;5064379;1663;260;2532;2532;7.18;0.43;221.27;3.39;869;7;854.00;0
1668;7;5064390;1668;262;2534;2534;7.18;0.43;222.11;3.38;866;7;855.00;0
1671;7;5064401;1671;261;2534;2534;7.16;0.43;222.57;3.38;863;7;856.00;0
1673;7;5064412;1673;264;2534;2535;7.28;0.44;222.71;3.38;861;7;857.00;1
1676;7;5064424;1676;256;2534;2535;7.29;0.44;222.95;3.38;858;7;858.00;1
1681;7;5064434;1681;254;2534;2535;7.31;0.44;223.31;3.38;853;7;859.00;1
1684;7;5064445;1684;255;2534;2535;7.38;0.45;223.50;3.38;850;7;860.00;1
1687;7;5064456;1687;250;2534;2535;7.43;0.45;223.51;3.38;847;7;861.00;1
1692;7;5064466;1692;251;2534;2535;7.50;0.46;223.64;3.38;842;7;862.00;1
1697;7;5064476;1697;245;2534;2535;7.51;0.46;224.28;3.38;837;7;863.00;1
1699;7;5064487;1699;262;2606;2662;7.70;0.48;224.50;3.29;907;7;864.00;56
1702;7;5064508;1702;256;2611;2663;7.81;0.48;224.64;3.29;909;7;865.00;52
1705;7;5064520;1705;259;2623;2663;7.84;0.48;225.07;3.28;918;7;866.00;40
1707;7;5064531;1707;257;2623;2663;7.81;0.48;225.27;3.28;916;7;867.00;40
1710;8;5064541;1710;257;2627;2663;7.74;0.48;225.35;3.29;917;8;868.00;36
1713;8;5064563;1713;261;2628;2663;7.67;0.47;225.84;3.29;915;8;869.00;35
1715;8;5064578;1715;264;2629;2663;7.52;0.46;225.89;3.29;914;8;870.00;34
1720;8;5064596;1720;274;2630;2663;7.42;0.46;226.29;3.29;910;8;871.00;33
1721;8;5064611;1721;273;2631;2664;7.38;0.45;226.44;3.29;910;8;872.00;33
1724;8;5064623;1724;277;2633;2665;7.27;0.45;226.81;3.29;909;8;873.00;32
1728;8;5064635;1728;280;2638;2665;7.19;0.44;227.01;3.31;910;8;874.00;27
1730;8;5064646;1730;270;2640;2666;7.16;0.44;227.08;3.31;910;8;875.00;26
1733;8;5064658;1733;273;2643;2666;7.12;0.44;227.08;3.32;910;8;876.00;23
1735;8;5064669;1735;277;2643;2666;7.10;0.44;227.22;3.32;908;8;877.00;23
1736;8;5064680;1736;282;2647;2666;7.13;0.44;227.36;3.34;911;8;878.00;19
1739;8;5064692;1739;287;2650;2670;7.14;0.44;228.14;3.33;911;8;879.00;20
1741;8;5064704;1741;299;2652;2670;7.18;0.44;228.30;3.34;911;8;880.00;18
1744;8;5064721;1744;283;2654;2670;7.23;0.45;228.27;3.35;910;8;881.00;16
1747;8;5064732;1747;275;2656;2673;7.32;0.45;228.30;3.36;909;8;882.00;17
1750;8;5064744;1750;266;2657;2673;7.42;0.46;228.60;3.37;907;8;883.00;16
1756;8;5064755;1756;261;2658;2673;7.49;0.46;228.82;3.37;902;8;884.00;15
1757;8;5064768;1757;262;2665;2677;7.56;0.46;228.71;3.39;908;8;885.00;12
1761;8;5064780;1761;256;2667;2678;7.63;0.47;229.00;3.40;906;8;886.00;11
1763;8;5064792;1763;262;2669;2678;7.69;0.47;228.97;3.40;906;8;887.00;9
1768;8;5064803;1768;258;2671;2682;7.67;0.47;229.11;3.40;903;8;888.00;11
1770;8;5064820;1770;266;2671;2682;7.70;0.47;229.15;3.40;901;8;889.00;11
1774;8;5064832;1774;270;2672;2682;7.71;0.47;229.17;3.41;898;8;890.00;10
1776;8;5064843;1776;261;2673;2683;7.73;0.47;229.32;3.41;897;8;891.00;10
1777;8;5064854;1777;259;2674;2683;7.73;0.47;229.39;3.42;897;8;892.00;9
1778;8;5064865;1778;255;2679;2689;7.78;0.47;229.42;3.41;901;8;893.00;10
1779;8;5064877;1779;248;2681;2689;7.84;0.48;229.38;3.43;902;8;894.00;8
1784;8;5064889;1784;247;2682;2690;7.90;0.48;229.88;3.43;898;8;895.00;8
1785;8;5064901;1785;246;2683;2690;8.03;0.49;229.97;3.44;898;8;896.00;7
1787;8;5064913;1787;249;2685;2690;8.05;0.49;230.02;3.46;898;8;897.00;5
1789;8;5064924;1789;243;2686;2690;8.19;0.50;230.06;3.46;897;8;898.00;4
1794;8;5064936;1794;242;2686;2690;8.30;0.50;230.33;3.46;892;8;899.00;4
1797;8;5064951;1797;248;2715;2736;8.27;0.50;230.38;3.43;918;8;900.00;21
1798;8;5064970;1798;251;2717;2736;8.35;0.51;230.36;3.44;919;8;901.00;19
1799;8;5064982;1799;255;2722;2736;8.41;0.51;230.58;3.44;923;8;902.00;14
1802;8;5064994;1802;253;2723;2736;8.46;0.52;230.84;3.44;921;8;903.00;13
1802;8;5065005;1802;256;2725;2736;8.45;0.51;230.84;3.44;923;8;904.00;11
1803;8;5065017;1803;262;2726;2736;8.40;0.51;231.06;3.44;923;8;905.00;10
1806;8;5065029;1806;268;2732;2740;8.37;0.51;231.14;3.44;926;8;906.00;8
1808;9;5065042;1808;271;2732;2740;8.27;0.50;231.34;3.44;924;9;907.00;8
1811;9;5065061;1811;275;2737;2744;8.17;0.50;231.73;3.44;926;9;908.00;7
1816;9;5065075;1816;276;2738;2745;8.08;0.49;231.96;3.44;922;9;909.00;7
1817;9;5065087;1817;282;2738;2745;7.99;0.49;231.94;3.44;921;9;910.00;7
1821;9;5065098;1821;291;2739;2745;7.85;0.48;232.03;3.44;918;9;911.00;6
1822;9;5065109;1822;290;2750;2758;7.75;0.47;232.28;3.43;928;9;912.00;8
1822;9;5065122;1822;300;2751;2758;7.67;0.47;232.28;3.43;929;9;913.00;7
1824;9;5065138;1824;301;2752;2758;7.52;0.46;232.27;3.43;928;9;914.00;6
1826;9;5065149;1826;297;2753;2759;7.45;0.45;232.26;3.43;927;9;915.00;6
1830;9;5065160;1830;295;2755;2760;7.29;0.44;232.30;3.43;925;9;916.00;5
1833;9;5065176;1833;294;2755;2760;7.17;0.44;232.43;3.43;922;9;917.00;5
1835;9;5065186;1835;295;2757;2763;7.12;0.43;232.31;3.43;922;9;918.00;6
1839;9;5065198;1839;295;2758;2763;7.06;0.43;232.69;3.43;919;9;919.00;5
1839;9;5065210;1839;297;2759;2763;7.07;0.43;232.69;3.43;920;9;920.00;4
1841;9;5065220;1841;292;2759;2763;7.08;0.43;232.63;3.43;918;9;921.00;4
1843;9;5065235;1843;292;2765;2769;7.08;0.43;232.56;3.44;922;9;922.00;4
1844;9;5065245;1844;287;2765;2769;7.03;0.43;232.46;3.44;921;9;923.00;4
1849;9;5065256;1849;294;2767;2769;7.01;0.43;232.66;3.45;918;9;924.00;2
1850;9;5065266;1850;292;2769;2769;7.01;0.43;232.75;3.45;919;9;925.00;0
1853;9;5065277;1853;287;2773;2773;6.96;0.42;232.69;3.45;920;9;926.00;0
1857;9;5065288;1857;289;2774;2774;6.93;0.42;232.76;3.45;917;9;927.00;0
1861;9;5065298;1861;291;2774;2774;6.88;0.42;232.93;3.45;913;9;928.00;0
1864;9;5065308;1864;289;2775;2775;6.86;0.42;232.91;3.45;911;9;929.00;0
1869;9;5065319;1869;291;2775;2775;6.83;0.41;233.13;3.45;906;9;930.00;0
1871;9;5065330;1871;289;2775;2775;6.84;0.41;233.16;3.45;904;9;931.00;0
1872;9;5065339;1872;285;2775;2775;6.89;0.42;233.23;3.45;903;9;932.00;0
1876;9;5065349;1876;292;2775;2775;6.86;0.42;233.38;3.45;899;9;933.00;0
1879;9;5065360;1879;294;2775;2775;6.87;0.42;233.41;3.45;896;9;934.00;0
1880;9;5065370;1880;292;2775;2775;6.86;0.42;233.40;3.45;895;9;935.00;0
1881;9;5065379;1881;299;2813;2845;7.06;0.43;233.39;3.40;932;9;936.00;32
1882;9;5065395;1882;300;2815;2846;7.03;0.43;233.42;3.40;933;9;937.00;31
1882;9;5065407;1882;301;2822;2846;7.03;0.43;233.42;3.39;940;9;938.00;24
1884;9;5065417;1884;305;2828;2846;6.95;0.42;233.47;3.39;944;9;939.00;18
1885;9;5065427;1885;308;2832;2846;6.94;0.42;233.50;3.39;947;9;940.00;14
1888;9;5065437;1888;317;2836;2846;6.88;0.42;233.54;3.40;948;9;941.00;10
1889;9;5065447;1889;313;2838;2846;6.80;0.41;233.46;3.40;949;9;942.00;8
1892;9;5065456;1892;313;2840;2846;6.81;0.41;233.45;3.40;948;9;943.00;6
1893;9;5065466;1893;315;2842;2847;6.79;0.41;233.33;3.40;949;9;944.00;5
1894;9;5065475;1894;315;2847;2849;6.78;0.41;233.51;3.41;953;9;945.00;2
1894;9;5065491;1894;318;2848;2849;6.80;0.41;233.51;3.41;954;9;946.00;1
1896;9;5065500;1896;322;2851;2853;6.78;0.41;233.43;3.41;955;9;947.00;2
1899;9;5065510;1899;323;2851;2853;6.75;0.41;233.28;3.41;952;9;948.00;2
1900;9;5065520;1900;314;2851;2853;6.72;0.41;233.22;3.41;951;9;949.00;2
1902;9;5065530;1902;314;2851;2853;6.72;0.41;233.43;3.41;949;9;950.00;2
1903;9;5065540;1903;307;2856;2859;6.77;0.41;233.43;3.40;953;9;951.00;3
1903;9;5065551;1903;307;2856;2859;6.80;0.41;233.43;3.40;953;9;952.00;3
1903;9;5065562;1903;308;2856;2859;6.81;0.41;233.43;3.40;953;9;953.00;3
1904;9;5065572;1904;314;2858;2862;6.88;0.42;233.47;3.40;954;9;954.00;4
1906;9;5065582;1906;320;2858;2862;6.90;0.42;233.37;3.40;952;9;955.00;4
1908;9;5065598;1908;323;2861;2862;6.95;0.42;233.30;3.40;953;9;956.00;1
1909;9;5065609;1909;322;2861;2863;6.99;0.43;233.30;3.40;952;9;957.00;2
1911;9;5065619;1911;327;2863;2864;6.97;0.42;233.34;3.41;952;9;958.00;1
1913;9;5065630;1913;328;2864;2864;6.97;0.42;233.25;3.41;951;9;959.00;0
1915;9;5065642;1915;329;2884;2890;6.93;0.42;233.30;3.38;969;9;960.00;6
1915;9;5065655;1915;328;2886;2890;6.97;0.42;233.30;3.38;971;9;961.00;4
1916;9;5065665;1916;333;2888;2890;7.02;0.43;233.28;3.38;972;9;962.00;2
1918;9;5065675;1918;334;2890;2891;7.03;0.43;233.32;3.38;972;9;963.00;1
1919;9;5065686;1919;342;2891;2891;7.05;0.43;233.26;3.38;972;9;964.00;0
1921;9;5065696;1921;341;2895;2895;7.04;0.43;233.16;3.38;974;9;965.00;0
1922;9;5065707;1922;346;2895;2895;6.98;0.43;233.16;3.38;973;9;966.00;0
1922;9;5065717;1922;352;2899;2899;6.82;0.42;233.16;3.37;977;9;967.00;0
1926;9;5065727;1926;346;2899;2899;6.76;0.41;233.02;3.37;973;9;968.00;0
1928;9;5065738;1928;352;2899;2899;6.71;0.41;232.91;3.37;971;9;969.00;0
1928;9;5065748;1928;354;2899;2899;6.64;0.41;232.91;3.37;971;9;970.00;0
1931;9;5065757;1931;355;2899;2899;6.57;0.40;232.75;3.37;968;9;971.00;0
1932;9;5065766;1932;354;2910;2911;6.53;0.40;232.72;3.36;978;9;972.00;1
1935;9;5065777;1935;349;2910;2911;6.47;0.40;232.66;3.36;975;9;973.00;1
1939;9;5065786;1939;349;2911;2911;6.40;0.39;232.65;3.36;972;9;974.00;0
1939;9;5065796;1939;350;2911;2911;6.43;0.39;232.65;3.36;972;9;975.00;0
1941;9;5065806;1941;343;2911;2911;6.43;0.40;232.88;3.36;970;9;976.00;0
1943;9;5065816;1943;335;2911;2911;6.37;0.39;232.87;3.36;968;9;977.00;0
1944;9;5065826;1944;334;2912;2912;6.38;0.39;232.81;3.36;968;9;978.00;0
1948;9;5065836;1948;322;2912;2912;6.41;0.39;232.70;3.36;964;9;979.00;0
1950;9;5065845;1950;319;2918;2918;6.46;0.40;232.66;3.35;968;9;980.00;0
1951;9;5065856;1951;321;2919;2919;6.50;0.40;232.67;3.35;968;9;981.00;0
1953;9;5065865;1953;318;2919;2919;6.53;0.40;232.79;3.35;966;9;982.00;0
1955;9;5065874;1955;319;2919;2919;6.50;0.40;232.80;3.35;964;9;983.00;0
1960;9;5065884;1960;320;2923;2923;6.45;0.40;233.07;3.35;963;9;984.00;0
1961;9;5065894;1961;322;2923;2923;6.44;0.40;233.19;3.35;962;9;985.00;0
1969;9;5065908;1969;324;2923;2923;6.37;0.39;233.33;3.35;954;9;986.00;0
1973;9;5065918;1973;316;2924;2924;6.35;0.39;233.61;3.35;951;9;987.00;0
1975;9;5065928;1975;316;2928;2928;6.32;0.39;233.73;3.34;953;9;988.00;0
1979;9;5065938;1979;323;2928;2928;6.25;0.38;233.64;3.34;949;9;989.00;0
1983;9;5065953;1983;309;2932;2934;6.31;0.39;233.75;3.34;949;9;990.00;2
1990;9;5065966;1990;298;2932;2934;6.30;0.38;234.09;3.34;942;9;991.00;2
1993;9;5065979;1993;292;2934;2934;6.29;0.38;234.23;3.34;941;9;992.00;0
1996;9;5065994;1996;283;2934;2934;6.36;0.39;234.10;3.34;938;9;993.00;0
1998;9;5066009;1998;282;2938;2938;6.39;0.39;234.05;3.34;940;9;994.00;0
2003;9;5066024;2003;275;2938;2938;6.38;0.39;234.29;3.34;935;9;995.00;0
2005;9;5066039;2005;269;2938;2938;6.44;0.39;234.37;3.34;933;9;996.00;0
2008;9;5066060;2008;267;2938;2938;6.46;0.39;234.33;3.34;930;9;997.00;0
2010;9;5066079;2010;258;2939;2939;6.52;0.40;234.35;3.33;929;9;998.00;0
2013;9;5066095;2013;253;2940;2940;6.64;0.40;234.45;3.33;927;9;999.00;0
2017;9;5066108;2017;247;2940;2940;6.70;0.41;234.79;3.33;923;9;1000.00;0
2020;9;5066130;2020;241;2941;2941;6.77;0.41;234.77;3.33;921;9;1001.00;0
2023;9;5066147;2023;238;2941;2941;6.84;0.42;235.00;3.33;918;9;1002.00;0
2026;9;5066162;2026;237;2941;2941;6.86;0.42;235.37;3.33;915;9;1003.00;0
2030;9;5066176;2030;243;2941;2941;6.98;0.42;235.43;3.33;911;9;1004.00;0
2035;9;5066189;2035;248;2941;2941;7.02;0.43;235.68;3.33;906;9;1005.00;0
2036;9;5066202;2036;246;2941;2941;7.13;0.43;235.81;3.33;905;9;1006.00;0
2040;9;5066213;2040;244;2941;2941;7.22;0.44;235.81;3.33;901;9;1007.00;0
2043;9;5066224;2043;252;3017;3068;7.47;0.46;236.03;3.25;974;9;1008.00;51
2045;9;5066245;2045;251;3021;3069;7.51;0.46;236.16;3.25;976;9;1009.00;48
2049;10;5066257;2049;255;3028;3069;7.52;0.46;236.40;3.24;979;10;1010.00;41
2052;10;5066280;2052;256;3032;3069;7.54;0.46;236.78;3.24;980;10;1011.00;37
2055;10;5066291;2055;253;3038;3069;7.55;0.47;236.97;3.25;983;10;1012.00;31
2057;10;5066303;2057;253;3040;3069;7.49;0.46;236.95;3.25;983;10;1013.00;29
2062;10;5066314;2062;256;3041;3069;7.41;0.46;237.31;3.25;979;10;1014.00;28
2065;10;5066326;2065;258;3042;3069;7.30;0.45;237.66;3.25;977;10;1015.00;27
2069;10;5066343;2069;257;3045;3070;7.27;0.45;237.79;3.25;976;10;1016.00;25
2071;10;5066356;2071;259;3046;3071;7.24;0.45;238.05;3.26;975;10;1017.00;25
2075;10;5066367;2075;265;3050;3071;7.21;0.44;238.26;3.26;975;10;1018.00;21
2077;10;5066379;2077;268;3053;3072;7.17;0.44;238.38;3.27;976;10;1019.00;19
2082;10;5066393;2082;278;3055;3072;7.12;0.44;238.71;3.27;973;10;1020.00;17
2086;10;5066405;2086;280;3056;3072;7.15;0.44;238.96;3.28;970;10;1021.00;16
2091;10;5066416;2091;287;3059;3072;7.13;0.44;239.28;3.29;968;10;1022.00;13
2095;10;5066428;2095;291;3064;3076;7.16;0.44;239.89;3.30;969;10;1023.00;12
2102;10;5066440;2102;290;3065;3076;7.16;0.44;240.16;3.30;963;10;1024.00;11
2106;10;5066457;2106;295;3068;3076;7.14;0.44;240.57;3.32;962;10;1025.00;8
2112;10;5066469;2112;293;3070;3079;7.06;0.43;240.63;3.32;958;10;1026.00;9
2115;10;5066486;2115;293;3070;3079;7.06;0.43;240.80;3.32;955;10;1027.00;9
2116;10;5066498;2116;297;3073;3079;7.08;0.43;240.83;3.33;957;10;1028.00;6
2121;10;5066509;2121;297;3078;3083;7.04;0.43;241.16;3.33;957;10;1029.00;5
2127;10;5066521;2127;300;3079;3084;6.93;0.42;241.15;3.33;952;10;1030.00;5
2130;10;5066532;2130;304;3080;3084;6.94;0.42;241.26;3.34;950;10;1031.00;4
2133;10;5066543;2133;314;3082;3088;6.97;0.43;241.36;3.33;949;10;1032.00;6
2134;10;5066556;2134;314;3085;3088;6.98;0.43;241.35;3.34;951;10;1033.00;3
2137;10;5066567;2137;322;3085;3088;6.97;0.43;241.56;3.34;948;10;1034.00;3
2140;11;5066578;2140;326;3088;3090;6.92;0.42;241.65;3.34;948;11;1035.00;2
2142;11;5066604;2142;330;3088;3090;6.82;0.42;241.96;3.34;946;11;1036.00;2
2145;11;5066615;2145;328;3094;3096;6.75;0.41;242.10;3.34;949;11;1037.00;2
2146;11;5066627;2146;311;3094;3096;6.73;0.41;242.21;3.34;948;11;1038.00;2
2150;11;5066639;2150;308;3096;3097;6.75;0.41;242.18;3.34;946;11;1039.00;1
2152;11;5066650;2152;311;3097;3097;6.75;0.41;242.41;3.34;945;11;1040.00;0
2155;11;5066666;2155;311;3097;3097;6.79;0.41;242.51;3.34;942;11;1041.00;0
2161;11;5066678;2161;321;3097;3097;6.80;0.41;242.72;3.34;936;11;1042.00;0
2161;11;5066689;2161;318;3097;3097;6.93;0.42;242.72;3.34;936;11;1043.00;0
2163;11;5066699;2163;318;3108;3109;7.05;0.43;242.90;3.33;945;11;1044.00;1
2164;11;5066711;2164;320;3108;3109;7.08;0.43;242.97;3.33;944;11;1045.00;1
2170;11;5066730;2170;309;3109;3109;7.07;0.43;243.25;3.33;939;11;1046.00;0
2174;11;5066742;2174;308;3109;3109;7.14;0.43;243.44;3.33;935;11;1047.00;0
2174;11;5066758;2174;307;3109;3109;7.17;0.44;243.44;3.33;935;11;1048.00;0
2177;11;5066769;2177;300;3109;3109;7.15;0.43;243.68;3.33;932;11;1049.00;0
2180;11;5066782;2180;303;3115;3115;7.09;0.43;243.90;3.32;935;11;1050.00;0
2180;11;5066794;2180;302;3115;3115;7.07;0.43;243.90;3.32;935;11;1051.00;0
2183;11;5066805;2183;307;3119;3119;7.06;0.43;244.05;3.32;936;11;1052.00;0
2184;11;5066818;2184;310;3120;3120;7.03;0.43;244.09;3.32;936;11;1053.00;0
2187;11;5066830;2187;307;3120;3120;7.00;0.43;244.02;3.32;933;11;1054.00;0
2189;11;5066841;2189;315;3120;3120;6.97;0.43;244.33;3.32;931;11;1055.00;0
2194;11;5066853;2194;316;3133;3133;6.98;0.43;244.67;3.30;939;11;1056.00;0
2198;11;5066865;2198;307;3133;3133;7.00;0.43;244.86;3.30;935;11;1057.00;0
2203;11;5066877;2203;307;3133;3133;7.07;0.43;245.22;3.30;930;11;1058.00;0
2204;11;5066888;2204;306;3134;3134;7.20;0.44;245.25;3.30;930;11;1059.00;0
2207;11;5066899;2207;303;3135;3135;7.23;0.44;245.49;3.30;928;11;1060.00;0
2210;11;5066910;2210;295;3135;3135;7.28;0.44;245.71;3.30;925;11;1061.00;0
2211;11;5066921;2211;297;3137;3138;7.29;0.44;245.75;3.30;926;11;1062.00;1
2213;11;5066932;2213;294;3137;3138;7.26;0.44;246.01;3.30;924;11;1063.00;1
2220;11;5066943;2220;295;3138;3138;7.23;0.44;246.31;3.30;918;11;1064.00;0
2221;11;5066954;2221;294;3138;3138;7.26;0.44;246.30;3.30;917;11;1065.00;0
2227;11;5066964;2227;298;3144;3144;7.18;0.44;246.07;3.30;917;11;1066.00;0
2232;11;5066977;2232;303;3144;3144;7.12;0.43;246.21;3.30;912;11;1067.00;0
2234;11;5066987;2234;302;3144;3144;7.12;0.43;246.21;3.30;910;11;1068.00;0
2236;11;5066998;2236;309;3144;3144;7.06;0.43;246.24;3.30;908;11;1069.00;0
2239;11;5067008;2239;313;3148;3148;7.00;0.42;246.19;3.29;909;11;1070.00;0
2239;12;5067019;2239;323;3149;3149;6.96;0.42;246.19;3.29;910;12;1071.00;0
2241;12;5067043;2241;328;3149;3149;6.88;0.42;246.12;3.29;908;12;1072.00;0
2244;12;5067054;2244;330;3150;3150;6.82;0.41;246.24;3.29;906;12;1073.00;0
2245;12;5067066;2245;333;3150;3150;6.78;0.41;246.16;3.29;905;12;1074.00;0
2247;12;5067076;2247;337;3150;3150;6.72;0.41;246.14;3.29;903;12;1075.00;0
2249;12;5067086;2249;343;3150;3150;6.67;0.41;246.05;3.29;901;12;1076.00;0
2251;12;5067100;2251;342;3150;3150;6.58;0.40;245.99;3.29;899;12;1077.00;0
2251;12;5067110;2251;348;3150;3150;6.51;0.40;245.99;3.29;899;12;1078.00;0
2254;12;5067120;2254;347;3150;3150;6.47;0.39;245.89;3.29;896;12;1079.00;0
2257;12;5067131;2257;368;3222;3275;6.53;0.40;245.93;3.22;965;12;1080.00;53
2260;12;5067153;2260;354;3224;3276;6.50;0.40;246.04;3.22;964;12;1081.00;52
2262;12;5067166;2262;342;3235;3276;6.54;0.40;245.97;3.21;973;12;1082.00;41
2264;12;5067177;2264;336;3240;3276;6.60;0.41;246.19;3.21;976;12;1083.00;36
2266;12;5067187;2266;329;3244;3276;6.64;0.41;246.22;3.21;978;12;1084.00;32
2268;12;5067198;2268;317;3246;3276;6.60;0.41;246.36;3.21;978;12;1085.00;30
2268;12;5067208;2268;328;3252;3276;6.62;0.41;246.36;3.22;984;12;1086.00;24
2272;12;5067218;2272;328;3254;3276;6.69;0.41;246.65;3.22;982;12;1087.00;22
2275;12;5067229;2275;332;3260;3277;6.69;0.41;246.79;3.23;985;12;1088.00;17
2275;12;5067241;2275;333;3264;3278;6.72;0.41;246.79;3.24;989;12;1089.00;14
2278;12;5067252;2278;334;3268;3278;6.70;0.41;246.95;3.24;990;12;1090.00;10
2279;12;5067263;2279;335;3274;3282;6.69;0.41;246.96;3.24;995;12;1091.00;8
2281;12;5067274;2281;328;3274;3282;6.63;0.41;247.03;3.24;993;12;1092.00;8
2282;12;5067284;2282;323;3275;3282;6.58;0.40;247.08;3.25;993;12;1093.00;7
2287;12;5067295;2287;320;3275;3282;6.45;0.39;247.39;3.25;988;12;1094.00;7
2292;12;5067306;2292;321;3280;3288;6.35;0.39;247.36;3.25;988;12;1095.00;8
2293;12;5067317;2293;309;3280;3288;6.32;0.39;247.27;3.25;987;12;1096.00;8
2297;12;5067327;2297;297;3281;3288;6.35;0.39;247.19;3.25;984;12;1097.00;7
2300;12;5067338;2300;295;3285;3291;6.38;0.39;247.29;3.26;985;12;1098.00;6
2301;12;5067349;2301;295;3285;3291;6.42;0.39;247.19;3.26;984;12;1099.00;6
2302;12;5067361;2302;290;3285;3291;6.53;0.40;247.16;3.26;983;12;1100.00;6
2302;12;5067376;2302;286;3286;3292;6.55;0.40;247.16;3.26;984;12;1101.00;6
2303;12;5067387;2303;286;3287;3293;6.60;0.40;247.18;3.26;984;12;1102.00;6
2304;12;5067402;2304;289;3287;3293;6.65;0.40;247.23;3.26;983;12;1103.00;6
2309;12;5067413;2309;287;3297;3306;6.68;0.41;247.39;3.25;988;12;1104.00;9
2311;12;5067425;2311;281;3298;3306;6.76;0.41;247.23;3.25;987;12;1105.00;8
2311;12;5067436;2311;279;3299;3306;6.84;0.41;247.23;3.25;988;12;1106.00;7
2311;12;5067448;2311;277;3302;3307;6.89;0.42;247.23;3.26;991;12;1107.00;5
2312;12;5067458;2312;276;3303;3307;6.95;0.42;247.13;3.27;991;12;1108.00;4
2313;12;5067469;2313;272;3306;3311;7.07;0.43;247.14;3.27;993;12;1109.00;5
2316;12;5067482;2316;268;3307;3311;7.18;0.44;247.49;3.27;991;12;1110.00;4
2317;12;5067493;2317;268;3311;3315;7.27;0.44;247.49;3.27;994;12;1111.00;4
2317;12;5067504;2317;264;3311;3315;7.30;0.44;247.49;3.27;994;12;1112.00;4
2319;12;5067517;2319;259;3311;3315;7.36;0.45;247.65;3.27;992;12;1113.00;4
2320;12;5067527;2320;258;3311;3315;7.38;0.45;247.64;3.27;991;12;1114.00;4
2322;12;5067538;2322;261;3311;3315;7.36;0.45;247.54;3.27;989;12;1115.00;4
2323;12;5067548;2323;265;3322;3327;7.41;0.45;247.66;3.26;999;12;1116.00;5
2326;12;5067559;2326;262;3322;3327;7.39;0.45;248.00;3.26;996;12;1117.00;5
2328;12;5067571;2328;263;3322;3327;7.42;0.45;248.14;3.26;994;12;1118.00;5
2329;12;5067581;2329;267;3322;3327;7.39;0.45;248.29;3.26;993;12;1119.00;5
2333;12;5067592;2333;269;3324;3327;7.35;0.45;248.56;3.27;991;12;1120.00;3
2336;12;5067603;2336;272;3324;3327;7.28;0.44;248.56;3.27;988;12;1121.00;3
2339;12;5067614;2339;273;3324;3328;7.22;0.44;248.73;3.27;985;12;1122.00;4
2342;12;5067624;2342;281;3325;3328;7.17;0.44;248.89;3.27;983;12;1123.00;3
2342;12;5067640;2342;281;3331;3334;7.21;0.44;248.89;3.27;989;12;1124.00;3
2344;12;5067651;2344;282;3334;3336;7.13;0.43;248.95;3.27;990;12;1125.00;2
2345;12;5067663;2345;288;3334;3336;7.10;0.43;249.01;3.27;989;12;1126.00;2
2346;12;5067674;2346;287;3334;3336;7.13;0.43;249.04;3.27;988;13;1127.00;2
2347;12;5067692;2347;288;3339;3340;7.07;0.43;248.94;3.27;992;13;1128.00;1
2351;12;5067703;2351;287;3339;3340;7.00;0.43;249.09;3.27;988;13;1129.00;1
2351;12;5067715;2351;286;3340;3340;6.97;0.42;249.09;3.27;989;13;1130.00;0
2351;12;5067725;2351;289;3341;3341;6.97;0.43;249.09;3.27;990;13;1131.00;0
2353;12;5067735;2353;295;3345;3345;6.89;0.42;249.27;3.27;992;13;1132.00;0
2354;12;5067747;2354;289;3345;3345;6.94;0.42;249.40;3.27;991;13;1133.00;0
2358;12;5067757;2358;294;3347;3348;6.95;0.42;249.32;3.26;989;13;1134.00;1
2361;12;5067769;2361;296;3347;3348;6.92;0.42;249.44;3.26;986;13;1135.00;1
2362;12;5067779;2362;297;3348;3348;6.94;0.42;249.39;3.26;986;13;1136.00;0
2363;12;5067789;2363;304;3348;3348;6.95;0.43;249.38;3.26;985;13;1137.00;0
2368;12;5067800;2368;301;3352;3352;6.89;0.42;249.79;3.26;984;13;1138.00;0
2371;12;5067812;2371;297;3352;3352;6.80;0.42;249.80;3.26;981;13;1139.00;0
2373;12;5067825;2373;295;3352;3352;6.82;0.42;249.67;3.26;979;13;1140.00;0
2377;12;5067835;2377;293;3352;3352;6.81;0.42;249.88;3.26;975;13;1141.00;0
2380;12;5067846;2380;292;3353;3353;6.82;0.42;249.89;3.26;973;14;1142.00;0
2380;12;5067864;2380;284;3354;3354;6.87;0.42;249.89;3.26;974;14;1143.00;0
2383;12;5067875;2383;290;3354;3354;6.90;0.42;250.12;3.26;971;14;1144.00;0
2383;12;5067885;2383;285;3355;3355;6.94;0.43;250.12;3.26;972;14;1145.00;0
2389;12;5067896;2389;283;3355;3355;6.89;0.42;250.18;3.26;966;14;1146.00;0
2392;12;5067906;2392;281;3355;3355;6.89;0.42;250.22;3.26;963;14;1147.00;0
2393;12;5067916;2393;279;3355;3355;6.93;0.42;250.44;3.26;962;14;1148.00;0
2396;12;5067926;2396;277;3355;3355;6.92;0.42;250.36;3.26;959;14;1149.00;0
2399;12;5067936;2399;272;3355;3355;6.86;0.42;250.54;3.26;956;14;1150.00;0
2401;12;5067946;2401;277;3355;3355;6.83;0.42;250.53;3.26;954;14;1151.00;0
2403;12;5067956;2403;302;3437;3482;6.86;0.42;250.62;3.18;1034;14;1152.00;45
2405;12;5067976;2405;290;3442;3483;6.81;0.42;250.71;3.18;1037;14;1153.00;41
2408;12;5067986;2408;290;3449;3483;6.78;0.42;250.83;3.18;1041;14;1154.00;34
2410;12;5067996;2410;273;3451;3483;6.77;0.42;250.86;3.18;1041;14;1155.00;32
2413;12;5068006;2413;270;3456;3483;6.76;0.42;251.10;3.18;1043;14;1156.00;27
2418;12;5068018;2418;265;3458;3483;6.75;0.42;251.46;3.18;1040;14;1157.00;25
2422;12;5068029;2422;261;3461;3483;6.78;0.42;251.31;3.18;1039;14;1158.00;22
2426;12;5068040;2426;260;3462;3483;6.78;0.42;251.28;3.18;1036;14;1159.00;21
2432;12;5068053;2432;268;3464;3484;6.72;0.41;251.36;3.19;1032;14;1160.00;20
2432;12;5068064;2432;276;3466;3485;6.74;0.42;251.36;3.19;1034;14;1161.00;19
2437;12;5068076;2437;267;3467;3485;6.71;0.41;251.42;3.19;1030;14;1162.00;18
2442;12;5068087;2442;275;3471;3486;6.70;0.41;251.79;3.20;1029;14;1163.00;15
2445;12;5068099;2445;285;3475;3486;6.70;0.41;251.84;3.21;1030;14;1164.00;11
2449;12;5068112;2449;288;3476;3486;6.67;0.41;251.93;3.21;1027;14;1165.00;10
2451;12;5068127;2451;279;3477;3486;6.68;0.41;252.15;3.21;1026;14;1166.00;9
2456;12;5068140;2456;289;3481;3490;6.69;0.41;252.52;3.21;1025;14;1167.00;9
2462;12;5068152;2462;302;3483;3490;6.64;0.41;252.96;3.22;1021;14;1168.00;7
2467;12;5068170;2467;302;3485;3490;6.62;0.41;253.12;3.22;1018;14;1169.00;5
2471;12;5068183;2471;302;3488;3496;6.67;0.41;253.37;3.23;1017;14;1170.00;8
2476;12;5068196;2476;304;3490;3496;6.64;0.41;253.59;3.23;1014;14;1171.00;6
2483;12;5068219;2483;304;3492;3496;6.60;0.41;254.19;3.23;1009;14;1172.00;4
2486;12;5068233;2486;303;3497;3500;6.61;0.41;254.29;3.23;1011;14;1173.00;3
2491;12;5068245;2491;304;3498;3501;6.60;0.41;254.54;3.23;1007;14;1174.00;3
2495;12;5068263;2495;305;3500;3501;6.62;0.41;254.88;3.24;1005;14;1175.00;1
2499;12;5068281;2499;304;3504;3505;6.64;0.41;255.08;3.24;1005;14;1176.00;1
2502;12;5068293;2502;311;3504;3505;6.72;0.41;255.15;3.24;1002;14;1177.00;1
2506;12;5068305;2506;311;3505;3505;6.77;0.42;255.23;3.24;999;14;1178.00;0
2509;12;5068317;2509;305;3506;3506;6.86;0.42;255.25;3.24;997;14;1179.00;0
2513;12;5068329;2513;308;3506;3506;6.90;0.42;255.22;3.24;993;14;1180.00;0
2516;12;5068347;2516;305;3512;3512;6.92;0.43;255.52;3.23;996;14;1181.00;0
2519;12;5068361;2519;310;3512;3512;6.96;0.43;255.79;3.23;993;14;1182.00;0
2523;12;5068373;2523;311;3513;3513;6.97;0.43;256.02;3.23;990;14;1183.00;0
2527;12;5068385;2527;317;3513;3513;6.98;0.43;256.56;3.23;986;14;1184.00;0
2534;12;5068396;2534;317;3513;3513;6.96;0.43;256.55;3.23;979;14;1185.00;0
2539;12;5068407;2539;322;3513;3513;6.94;0.43;257.01;3.23;974;14;1186.00;0
2544;12;5068420;2544;321;3513;3513;6.90;0.42;257.21;3.23;969;14;1187.00;0
2547;12;5068431;2547;319;3524;3525;6.99;0.43;257.50;3.22;977;14;1188.00;1
2553;12;5068444;2553;324;3524;3525;6.92;0.43;257.76;3.22;971;14;1189.00;1
2556;12;5068455;2556;328;3525;3525;6.85;0.42;258.03;3.22;969;14;1190.00;0
2566;12;5068466;2566;330;3525;3525;6.75;0.42;258.29;3.22;959;14;1191.00;0
2569;12;5068477;2569;335;3525;3525;6.65;0.41;258.55;3.22;956;14;1192.00;0
2573;12;5068488;2573;341;3525;3525;6.60;0.41;258.59;3.22;952;14;1193.00;0
2579;12;5068499;2579;342;3529;3529;6.55;0.40;258.75;3.22;950;14;1194.00;0
2583;12;5068510;2583;349;3529;3529;6.43;0.40;258.87;3.22;946;14;1195.00;0
2585;12;5068520;2585;354;3533;3533;6.40;0.40;259.03;3.22;948;14;1196.00;0
2588;12;5068532;2588;356;3534;3534;6.36;0.39;259.26;3.22;946;14;1197.00;0
2592;12;5068544;2592;370;3534;3534;6.24;0.39;259.27;3.22;942;14;1198.00;0
2596;12;5068555;2596;378;3534;3534;6.18;0.38;259.38;3.22;938;14;1199.00;0
2598;12;5068570;2598;398;3560;3575;6.31;0.39;259.56;3.19;962;14;1200.00;15
2602;12;5068590;2602;402;3562;3575;6.23;0.39;259.75;3.19;960;14;1201.00;13
2604;12;5068602;2604;400;3565;3575;6.22;0.39;259.74;3.19;961;14;1202.00;10
2606;12;5068614;2606;400;3567;3576;6.25;0.39;259.80;3.19;961;14;1203.00;9
2609;12;5068625;2609;396;3568;3577;6.24;0.39;259.70;3.19;959;14;1204.00;9
2612;12;5068636;2612;393;3568;3577;6.24;0.39;259.71;3.19;956;14;1205.00;9
2615;12;5068648;2615;400;3572;3580;6.27;0.39;259.84;3.19;957;14;1206.00;8
2617;12;5068659;2617;396;3572;3580;6.29;0.39;259.83;3.19;955;14;1207.00;8
2621;12;5068671;2621;400;3573;3580;6.26;0.38;259.81;3.19;952;14;1208.00;7
2625;12;5068684;2625;398;3575;3580;6.16;0.38;259.91;3.19;950;14;1209.00;5
2629;12;5068695;2629;403;3581;3586;6.08;0.37;260.19;3.19;952;14;1210.00;5
2632;12;5068708;2632;389;3581;3586;6.02;0.37;260.12;3.19;949;14;1211.00;5
2635;12;5068720;2635;381;3582;3586;6.01;0.37;260.13;3.19;947;14;1212.00;4
2640;12;5068731;2640;373;3582;3586;5.97;0.36;260.01;3.19;942;14;1213.00;4
2641;12;5068743;2641;369;3586;3590;6.03;0.37;260.02;3.19;945;14;1214.00;4
2642;12;5068754;2642;376;3589;3592;6.11;0.37;260.04;3.19;947;14;1215.00;3
2644;12;5068766;2644;375;3589;3592;6.21;0.38;259.90;3.19;945;14;1216.00;3
2645;12;5068777;2645;374;3590;3593;6.27;0.38;259.93;3.19;945;14;1217.00;3
2648;12;5068789;2648;376;3590;3593;6.31;0.39;259.99;3.19;942;14;1218.00;3
2648;12;5068801;2648;378;3590;3593;6.36;0.39;259.99;3.19;942;14;1219.00;3
2649;12;5068814;2649;387;3590;3593;6.42;0.39;260.03;3.19;941;14;1220.00;3
2654;12;5068825;2654;390;3591;3593;6.35;0.39;259.85;3.19;937;14;1221.00;2
2655;12;5068837;2655;389;3591;3593;6.42;0.39;259.85;3.19;936;14;1222.00;2
2659;12;5068848;2659;395;3591;3593;6.41;0.39;259.70;3.19;932;14;1223.00;2
2661;12;5068859;2661;405;3634;3663;6.38;0.39;259.85;3.16;973;14;1224.00;29
2661;12;5068874;2661;399;3635;3664;6.38;0.39;259.85;3.16;974;14;1225.00;29
2661;12;5068885;2661;399;3643;3664;6.44;0.39;259.85;3.16;982;14;1226.00;21
2665;12;5068895;2665;394;3644;3664;6.43;0.39;260.20;3.16;979;14;1227.00;20
2667;12;5068907;2667;401;3647;3666;6.42;0.39;260.16;3.16;980;14;1228.00;19
2669;12;5068919;2669;397;3649;3666;6.40;0.39;260.01;3.16;980;14;1229.00;17
2672;12;5068931;2672;399;3650;3666;6.41;0.39;259.92;3.16;978;14;1230.00;16
2674;12;5068941;2674;405;3653;3666;6.48;0.40;259.88;3.16;979;14;1231.00;13
2675;12;5068953;2675;413;3655;3667;6.49;0.40;259.91;3.17;980;14;1232.00;12
2680;12;5068965;2680;410;3658;3668;6.44;0.39;260.09;3.18;978;14;1233.00;10
2682;12;5068976;2682;413;3659;3668;6.37;0.39;260.11;3.18;977;14;1234.00;9
2686;12;5068987;2686;411;3666;3672;6.31;0.38;260.14;3.18;980;14;1235.00;6
2687;12;5068998;2687;414;3669;3672;6.27;0.38;260.17;3.19;982;14;1236.00;3
2688;12;5069008;2688;416;3672;3672;6.22;0.38;260.08;3.19;984;14;1237.00;0
2690;12;5069019;2690;417;3672;3672;6.14;0.37;260.09;3.19;982;14;1238.00;0
2691;12;5069029;2691;424;3677;3678;6.13;0.37;260.00;3.19;986;14;1239.00;1
2693;12;5069040;2693;435;3677;3678;6.10;0.37;259.98;3.19;984;14;1240.00;1
2695;12;5069052;2695;433;3677;3678;6.02;0.37;259.98;3.19;982;14;1241.00;1
2696;12;5069062;2696;429;3680;3681;6.00;0.36;259.94;3.19;984;14;1242.00;1
2697;12;5069072;2697;420;3680;3681;5.99;0.36;259.98;3.19;983;14;1243.00;1
2698;12;5069083;2698;418;3680;3681;5.99;0.36;259.97;3.19;982;14;1244.00;1
2700;12;5069093;2700;407;3681;3682;5.95;0.36;260.04;3.19;981;14;1245.00;1
2701;12;5069106;2701;393;3682;3683;5.97;0.36;259.96;3.19;981;14;1246.00;1
2703;12;5069117;2703;379;3682;3683;5.95;0.36;259.93;3.19;979;14;1247.00;1
2704;12;5069128;2704;379;3693;3696;5.97;0.36;259.97;3.18;989;14;1248.00;3
2706;12;5069140;2706;369;3693;3696;6.00;0.36;259.92;3.18;987;14;1249.00;3
2708;12;5069156;2708;359;3693;3696;6.09;0.37;259.95;3.18;985;14;1250.00;3
2712;12;5069168;2712;347;3694;3697;6.18;0.37;260.07;3.18;982;14;1251.00;3
2714;12;5069179;2714;332;3696;3697;6.23;0.38;260.12;3.18;982;14;1252.00;1
2715;12;5069190;2715;324;3699;3701;6.33;0.38;260.09;3.18;984;14;1253.00;2
2717;12;5069201;2717;325;3699;3701;6.46;0.39;260.21;3.18;982;14;1254.00;2
2722;12;5069211;2722;316;3702;3705;6.51;0.39;260.39;3.18;980;14;1255.00;3
2723;12;5069222;2723;308;3702;3705;6.60;0.40;260.48;3.18;979;14;1256.00;3
2724;12;5069233;2724;309;3703;3705;6.67;0.40;260.58;3.18;979;14;1257.00;2
2727;12;5069249;2727;300;3703;3705;6.72;0.41;260.77;3.18;976;14;1258.00;2
2728;12;5069259;2728;289;3704;3705;6.75;0.41;260.79;3.18;976;14;1259.00;1
2730;12;5069271;2730;288;3728;3739;6.90;0.42;260.82;3.16;998;14;1260.00;11
2736;12;5069284;2736;279;3729;3739;6.90;0.42;260.74;3.16;993;14;1261.00;10
2739;12;5069295;2739;268;3730;3739;6.92;0.42;260.61;3.16;991;14;1262.00;9
2740;12;5069306;2740;276;3733;3739;6.98;0.42;260.71;3.16;993;14;1263.00;6
2743;12;5069316;2743;269;3733;3739;6.99;0.42;260.96;3.16;990;14;1264.00;6
2746;12;5069327;2746;266;3733;3739;7.01;0.42;261.16;3.16;987;14;1265.00;6
2749;12;5069337;2749;265;3733;3740;6.99;0.42;261.33;3.16;984;14;1266.00;7
2749;12;5069348;2749;265;3734;3740;6.96;0.42;261.33;3.16;985;14;1267.00;6
2752;13;5069359;2752;262;3738;3746;7.01;0.42;261.29;3.16;986;15;1268.00;8
2756;13;5069385;2756;261;3740;3747;6.98;0.42;261.17;3.16;984;15;1269.00;7
2758;13;5069396;2758;260;3741;3747;6.98;0.42;261.19;3.16;983;15;1270.00;6
2759;13;5069407;2759;260;3741;3747;7.05;0.43;261.14;3.16;982;15;1271.00;6
2761;13;5069417;2761;259;3745;3751;7.11;0.43;261.23;3.16;984;15;1272.00;6
2763;13;5069428;2763;256;3746;3751;7.23;0.44;261.31;3.16;983;15;1273.00;5
2763;13;5069439;2763;251;3746;3751;7.32;0.44;261.31;3.16;983;15;1274.00;5
2764;13;5069449;2764;252;3747;3752;7.41;0.45;261.31;3.16;983;15;1275.00;5
2766;13;5069460;2766;252;3750;3756;7.45;0.45;261.46;3.16;984;15;1276.00;6
2769;13;5069471;2769;255;3750;3756;7.46;0.45;261.62;3.16;981;15;1277.00;6
2773;13;5069482;2773;248;3752;3759;7.56;0.46;261.77;3.16;979;15;1278.00;7
2773;13;5069494;2773;247;3753;3759;7.68;0.46;261.77;3.16;980;15;1279.00;6
2773;13;5069505;2773;249;3753;3759;7.74;0.47;261.77;3.16;980;15;1280.00;6
2776;13;5069521;2776;246;3754;3759;7.75;0.47;261.91;3.16;978;15;1281.00;5
2778;13;5069532;2778;244;3759;3763;7.87;0.48;262.06;3.16;981;15;1282.00;4
2778;13;5069543;2778;247;3759;3763;7.89;0.48;262.06;3.16;981;15;1283.00;4
2781;13;5069556;2781;250;3760;3763;7.83;0.47;262.05;3.17;979;15;1284.00;3
2783;13;5069567;2783;251;3761;3763;7.82;0.47;262.40;3.17;978;15;1285.00;2
2784;13;5069578;2784;254;3761;3764;7.73;0.47;262.36;3.17;977;15;1286.00;3
2787;13;5069589;2787;266;3762;3765;7.70;0.47;262.74;3.17;975;15;1287.00;3
2788;13;5069600;2788;264;3763;3765;7.65;0.46;262.72;3.17;975;15;1288.00;2
2792;13;5069611;2792;269;3764;3766;7.62;0.46;263.03;3.17;972;15;1289.00;2
2797;13;5069627;2797;272;3765;3766;7.54;0.46;262.93;3.18;968;15;1290.00;1
2799;13;5069643;2799;276;3766;3766;7.44;0.45;263.09;3.18;967;15;1291.00;0
2802;13;5069660;2802;278;3766;3766;7.40;0.45;263.12;3.18;964;15;1292.00;0
2803;13;5069675;2803;278;3766;3766;7.38;0.45;263.28;3.18;963;15;1293.00;0
2805;13;5069691;2805;280;3766;3766;7.42;0.45;263.22;3.18;961;15;1294.00;0
2806;13;5069707;2806;280;3766;3766;7.42;0.45;263.39;3.18;960;15;1295.00;0
2810;13;5069721;2810;307;3841;3893;7.52;0.46;263.47;3.12;1031;15;1296.00;52
2811;13;5069752;2811;300;3845;3894;7.54;0.47;263.55;3.11;1034;15;1297.00;49
2814;13;5069766;2814;287;3854;3894;7.55;0.47;263.60;3.11;1040;15;1298.00;40
2815;13;5069782;2815;291;3857;3894;7.54;0.47;263.80;3.11;1042;15;1299.00;37
2818;13;5069804;2818;285;3863;3894;7.56;0.47;263.86;3.11;1045;15;1300.00;31
2820;13;5069823;2820;284;3863;3894;7.50;0.46;263.81;3.11;1043;15;1301.00;31
2822;13;5069838;2822;287;3866;3894;7.46;0.46;263.97;3.12;1044;15;1302.00;28
2824;13;5069850;2824;287;3867;3894;7.38;0.45;263.98;3.12;1043;15;1303.00;27
2829;13;5069862;2829;282;3870;3895;7.34;0.45;264.15;3.12;1041;15;1304.00;25
2831;13;5069874;2831;279;3876;3897;7.30;0.45;264.42;3.13;1045;15;1305.00;21
2834;13;5069887;2834;284;3879;3897;7.25;0.44;264.34;3.13;1045;15;1306.00;18
2835;13;5069899;2835;281;3884;3898;7.19;0.44;264.47;3.14;1049;15;1307.00;14
2838;13;5069911;2838;279;3886;3898;7.11;0.44;264.64;3.14;1048;15;1308.00;12
2841;13;5069924;2841;285;3889;3898;7.04;0.43;264.62;3.15;1048;15;1309.00;9
2843;13;5069937;2843;286;3892;3898;6.98;0.43;264.80;3.16;1049;15;1310.00;6
2848;13;5069949;2848;295;3894;3902;6.90;0.42;264.93;3.16;1046;15;1311.00;8
2850;13;5069961;2850;292;3897;3902;6.86;0.42;264.93;3.16;1047;15;1312.00;5
2851;13;5069972;2851;300;3897;3902;6.90;0.42;265.04;3.16;1046;15;1313.00;5
2854;13;5069983;2854;308;3900;3905;6.88;0.42;265.27;3.17;1046;15;1314.00;5
2858;13;5069994;2858;311;3900;3905;6.79;0.42;265.48;3.17;1042;15;1315.00;5
2862;13;5070007;2862;314;3901;3905;6.66;0.41;265.72;3.17;1039;15;1316.00;4
2864;13;5070020;2864;321;3906;3909;6.56;0.40;265.71;3.17;1042;15;1317.00;3
2867;13;5070031;2867;322;3907;3910;6.47;0.40;265.49;3.17;1040;15;1318.00;3
2869;13;5070042;2869;324;3909;3910;6.36;0.39;265.57;3.18;1040;15;1319.00;1
2874;13;5070060;2874;316;3914;3915;6.28;0.38;265.54;3.17;1040;15;1320.00;1
2877;13;5070072;2877;315;3914;3915;6.25;0.38;265.51;3.17;1037;15;1321.00;1
2882;13;5070083;2882;315;3915;3915;6.21;0.38;265.44;3.17;1033;15;1322.00;0
2883;13;5070099;2883;309;3915;3916;6.21;0.38;265.43;3.17;1032;15;1323.00;1
2886;13;5070110;2886;316;3916;3916;6.20;0.38;265.44;3.17;1030;15;1324.00;0
2889;13;5070127;2889;312;3922;3922;6.23;0.38;265.61;3.17;1033;15;1325.00;0
2893;13;5070140;2893;321;3922;3922;6.21;0.38;265.60;3.17;1029;15;1326.00;0
2899;13;5070151;2899;322;3923;3923;6.21;0.38;265.79;3.17;1024;15;1327.00;0
2900;13;5070163;2900;318;3923;3923;6.23;0.38;265.81;3.17;1023;15;1328.00;0
2905;13;5070173;2905;323;3923;3923;6.14;0.37;265.84;3.17;1018;15;1329.00;0
2907;13;5070184;2907;323;3923;3923;6.07;0.37;266.04;3.17;1016;15;1330.00;0
2908;13;5070195;2908;327;3923;3923;6.07;0.37;266.01;3.17;1015;15;1331.00;0
2914;13;5070205;2914;326;3935;3935;6.04;0.37;265.89;3.16;1021;15;1332.00;0
2917;13;5070217;2917;332;3935;3935;6.05;0.37;266.02;3.16;1018;15;1333.00;0
2922;13;5070228;2922;336;3935;3935;6.03;0.37;266.11;3.16;1013;15;1334.00;0
2924;13;5070243;2924;342;3935;3935;6.10;0.37;266.16;3.16;1011;15;1335.00;0
2930;13;5070253;2930;344;3935;3935;6.14;0.37;266.55;3.16;1005;15;1336.00;0
2933;13;5070264;2933;350;3935;3935;6.11;0.37;266.63;3.16;1002;15;1337.00;0
2939;13;5070275;2939;350;3939;3939;6.11;0.37;266.81;3.16;1000;15;1338.00;0
2944;13;5070286;2944;360;3939;3939;6.18;0.37;267.09;3.16;995;15;1339.00;0
2947;13;5070298;2947;363;3943;3943;6.32;0.38;267.05;3.15;996;15;1340.00;0
2951;13;5070311;2951;369;3944;3944;6.35;0.39;267.41;3.15;993;15;1341.00;0
2954;13;5070324;2954;369;3944;3944;6.33;0.38;267.51;3.15;990;15;1342.00;0
2958;13;5070336;2958;373;3944;3944;6.31;0.38;267.74;3.15;986;15;1343.00;0
2963;13;5070348;2963;380;3957;3957;6.37;0.39;268.10;3.14;994;15;1344.00;0
2964;13;5070361;2964;387;3957;3957;6.37;0.39;268.20;3.14;993;15;1345.00;0
2970;13;5070373;2970;397;3957;3957;6.31;0.38;268.44;3.14;987;15;1346.00;0
2977;13;5070384;2977;400;3958;3958;6.27;0.38;268.48;3.14;981;15;1347.00;0
2981;13;5070396;2981;401;3959;3959;6.18;0.38;268.55;3.14;978;15;1348.00;0
2986;13;5070415;2986;411;3959;3959;6.12;0.37;268.68;3.14;973;15;1349.00;0
2990;13;5070427;2990;414;3965;3968;6.08;0.37;268.97;3.14;975;15;1350.00;3
2993;13;5070440;2993;419;3965;3968;6.04;0.37;269.08;3.14;972;15;1351.00;3
2996;13;5070451;2996;429;3967;3968;6.02;0.37;269.28;3.14;971;15;1352.00;1
3002;13;5070462;3002;432;3968;3968;5.91;0.36;269.55;3.14;966;15;1353.00;0
3006;13;5070473;3006;432;3974;3974;5.81;0.35;269.68;3.13;968;15;1354.00;0
3011;13;5070487;3011;442;3974;3974;5.77;0.35;269.75;3.13;963;15;1355.00;0
3015;13;5070497;3015;444;3974;3974;5.71;0.35;270.03;3.13;959;15;1356.00;0
3016;13;5070510;3016;447;3974;3974;5.72;0.35;270.06;3.13;958;15;1357.00;0
3021;13;5070520;3021;448;3978;3978;5.73;0.35;270.27;3.13;957;15;1358.00;0
3025;13;5070532;3025;458;3979;3979;5.69;0.35;270.29;3.13;954;15;1359.00;0
3028;13;5070542;3028;459;3979;3979;5.70;0.35;270.62;3.13;951;15;1360.00;0
3033;13;5070553;3033;455;3980;3980;5.61;0.34;270.45;3.13;947;15;1361.00;0
3037;13;5070564;3037;448;3980;3980;5.54;0.34;270.51;3.13;943;15;1362.00;0
3038;13;5070573;3038;451;3980;3980;5.49;0.34;270.49;3.13;942;15;1363.00;0
3040;13;5070583;3040;450;3980;3980;5.41;0.33;270.43;3.13;940;15;1364.00;0
3042;13;5070593;3042;456;3980;3980;5.35;0.33;270.39;3.13;938;15;1365.00;0
3044;13;5070603;3044;463;3980;3980;5.30;0.33;270.34;3.13;936;15;1366.00;0
3046;13;5070612;3046;454;3980;3980;5.27;0.32;270.28;3.13;934;15;1367.00;0
3049;13;5070623;3049;462;4024;4050;5.47;0.34;270.28;3.10;975;15;1368.00;26
3053;13;5070639;3053;457;4026;4051;5.46;0.34;270.31;3.10;973;15;1369.00;25
3053;13;5070650;3053;457;4032;4051;5.54;0.34;270.31;3.09;979;15;1370.00;19
3058;13;5070660;3058;457;4033;4051;5.52;0.34;270.27;3.09;975;15;1371.00;18
3061;13;5070671;3061;459;4035;4051;5.57;0.34;270.39;3.09;974;15;1372.00;16
3063;13;5070682;3063;460;4036;4051;5.58;0.34;270.47;3.09;973;15;1373.00;15
3065;13;5070693;3065;463;4038;4051;5.50;0.34;270.44;3.10;973;15;1374.00;13
3067;13;5070704;3067;466;4040;4051;5.50;0.34;270.47;3.10;973;15;1375.00;11
3072;13;5070715;3072;455;4040;4052;5.40;0.33;270.42;3.10;968;15;1376.00;12
3073;13;5070726;3073;449;4043;4053;5.40;0.33;270.36;3.10;970;15;1377.00;10
3075;13;5070737;3075;450;4044;4053;5.41;0.33;270.32;3.10;969;15;1378.00;9
3076;13;5070755;3076;440;4051;4057;5.48;0.33;270.34;3.11;975;15;1379.00;6
3078;13;5070769;3078;438;4052;4057;5.55;0.34;270.32;3.11;974;15;1380.00;5
3078;13;5070782;3078;435;4054;4057;5.62;0.34;270.32;3.11;976;15;1381.00;3
3079;13;5070793;3079;436;4056;4057;5.70;0.35;270.36;3.12;977;15;1382.00;1
3080;13;5070804;3080;443;4062;4063;5.79;0.35;270.36;3.12;982;15;1383.00;1
3080;13;5070816;3080;445;4063;4063;5.90;0.36;270.36;3.12;983;15;1384.00;0
3082;13;5070827;3082;438;4063;4063;5.95;0.37;270.54;3.12;981;15;1385.00;0
3083;13;5070838;3083;445;4065;4066;6.06;0.37;270.46;3.11;982;15;1386.00;1
3084;13;5070850;3084;444;4065;4066;6.16;0.38;270.47;3.11;981;15;1387.00;1
3089;13;5070861;3089;447;4066;4066;6.20;0.38;270.70;3.11;977;15;1388.00;0
3090;13;5070874;3090;446;4067;4067;6.23;0.38;270.71;3.11;977;15;1389.00;0
3090;13;5070885;3090;433;4068;4068;6.23;0.38;270.71;3.11;978;15;1390.00;0
3093;13;5070896;3093;426;4068;4068;6.21;0.38;270.74;3.11;975;15;1391.00;0
3093;13;5070910;3093;424;4081;4081;6.18;0.38;270.74;3.10;988;15;1392.00;0
3097;13;5070923;3097;414;4081;4081;6.15;0.37;270.49;3.10;984;15;1393.00;0
3098;13;5070935;3098;414;4081;4081;6.16;0.37;270.44;3.10;983;15;1394.00;0
3099;13;5070947;3099;408;4083;4083;6.26;0.38;270.36;3.10;984;15;1395.00;0
3100;13;5070959;3100;410;4083;4083;6.31;0.38;270.39;3.10;983;15;1396.00;0
3102;13;5070976;3102;412;4087;4087;6.39;0.39;270.38;3.10;985;15;1397.00;0
3103;14;5070987;3103;407;4087;4087;6.48;0.39;270.36;3.10;984;16;1398.00;0
3104;14;5071010;3104;400;4091;4091;6.53;0.40;270.39;3.10;987;16;1399.00;0
3106;14;5071023;3106;404;4091;4091;6.59;0.40;270.45;3.10;985;16;1400.00;0
3109;14;5071038;3109;396;4091;4091;6.63;0.40;270.42;3.10;982;16;1401.00;0
3109;14;5071050;3109;402;4091;4091;6.66;0.41;270.42;3.10;982;16;1402.00;0
3109;14;5071066;3109;397;4091;4091;6.65;0.41;270.42;3.10;982;16;1403.00;0
3110;14;5071077;3110;392;4102;4103;6.66;0.41;270.44;3.09;992;16;1404.00;1
3114;14;5071089;3114;392;4102;4103;6.63;0.40;270.46;3.09;988;16;1405.00;1
3114;14;5071101;3114;387;4103;4103;6.71;0.41;270.46;3.09;989;16;1406.00;0
3116;14;5071111;3116;388;4103;4103;6.76;0.41;270.67;3.09;987;16;1407.00;0
3116;14;5071122;3116;386;4103;4103;6.80;0.41;270.67;3.09;987;16;1408.00;0
3120;14;5071133;3120;384;4103;4103;6.81;0.41;270.84;3.09;983;16;1409.00;0
3122;14;5071148;3122;378;4104;4104;6.82;0.41;270.95;3.09;982;16;1410.00;0
3125;14;5071161;3125;370;4104;4104;6.89;0.42;271.09;3.09;979;16;1411.00;0
3127;14;5071178;3127;364;4110;4110;6.93;0.42;271.12;3.09;983;16;1412.00;0
3128;14;5071190;3128;358;4111;4111;6.93;0.42;271.26;3.09;983;16;1413.00;0
3129;14;5071201;3129;341;4111;4111;6.89;0.42;271.31;3.09;982;16;1414.00;0
3132;14;5071212;3132;342;4111;4111;6.86;0.42;271.47;3.09;979;16;1415.00;0
3134;14;5071223;3134;334;4115;4115;6.89;0.42;271.58;3.08;981;16;1416.00;0
3136;14;5071234;3136;330;4115;4115;6.91;0.42;271.53;3.08;979;16;1417.00;0
3138;15;5071245;3138;322;4115;4115;6.99;0.42;271.63;3.08;977;17;1418.00;0
3138;15;5071270;3138;319;4116;4116;7.11;0.43;271.63;3.08;978;17;1419.00;0
3141;15;5071280;3141;316;4120;4120;7.17;0.44;271.87;3.08;979;17;1420.00;0
3144;15;5071291;3144;312;4120;4120;7.22;0.44;272.07;3.08;976;17;1421.00;0
3146;15;5071302;3146;308;4122;4123;7.26;0.44;272.17;3.08;976;17;1422.00;1
3153;15;5071312;3153;301;4123;4123;7.24;0.44;272.30;3.08;970;17;1423.00;0
3154;15;5071323;3154;299;4123;4123;7.27;0.44;272.34;3.08;969;17;1424.00;0
3158;15;5071334;3158;299;4123;4123;7.23;0.44;272.46;3.08;965;17;1425.00;0
3162;15;5071344;3162;294;4127;4127;7.31;0.44;272.66;3.08;965;17;1426.00;0
3166;15;5071356;3166;294;4127;4127;7.29;0.44;272.89;3.08;961;17;1427.00;0
3172;15;5071366;3172;293;4127;4127;7.29;0.44;273.00;3.08;955;17;1428.00;0
3176;15;5071376;3176;290;4127;4127;7.35;0.45;273.03;3.08;951;17;1429.00;0
3177;15;5071387;3177;282;4128;4128;7.43;0.45;273.17;3.08;951;17;1430.00;0
3181;15;5071397;3181;287;4129;4129;7.51;0.46;273.48;3.07;948;17;1431.00;0
3186;15;5071408;3186;283;4129;4129;7.59;0.46;273.66;3.07;943;17;1432.00;0
3188;15;5071419;3188;276;4130;4130;7.69;0.47;273.84;3.07;942;17;1433.00;0
3192;15;5071429;3192;278;4130;4130;7.70;0.47;274.03;3.07;938;17;1434.00;0
3195;15;5071439;3195;279;4130;4130;7.75;0.47;274.25;3.07;935;17;1435.00;0
3201;15;5071450;3201;280;4130;4130;7.72;0.47;274.38;3.07;929;17;1436.00;0
3207;15;5071460;3207;284;4130;4130;7.67;0.46;274.66;3.07;923;17;1437.00;0
3209;15;5071471;3209;286;4130;4130;7.70;0.47;274.75;3.07;921;17;1438.00;0
3212;15;5071487;3212;281;4130;4130;7.71;0.47;274.96;3.07;918;17;1439.00;0
3214;15;5071498;3214;316;4238;4360;7.73;0.48;274.94;3.00;1024;17;1440.00;122
3215;15;5071526;3215;303;4242;4361;7.74;0.48;274.99;2.99;1027;17;1441.00;119
3216;15;5071537;3216;293;4253;4361;7.82;0.49;275.04;2.99;1037;17;1442.00;108
3220;15;5071548;3220;285;4259;4361;7.78;0.48;275.11;2.99;1039;17;1443.00;102
3223;15;5071559;3223;291;4268;4361;7.84;0.49;275.11;2.99;1045;17;1444.00;93
3225;15;5071570;3225;289;4274;4361;7.86;0.49;275.33;3.00;1049;17;1445.00;87
3227;15;5071581;3227;289;4283;4361;7.91;0.49;275.34;3.00;1056;17;1446.00;78
3229;15;5071593;3229;288;4289;4361;7.96;0.49;275.48;3.01;1060;17;1447.00;72
3230;15;5071609;3230;289;4296;4362;8.00;0.49;275.46;3.02;1066;17;1448.00;66
3233;15;5071620;3233;285;4302;4363;7.98;0.49;275.68;3.03;1069;17;1449.00;61
3236;15;5071632;3236;284;4311;4363;7.98;0.49;275.88;3.04;1075;17;1450.00;52
3238;15;5071643;3238;287;4314;4364;7.89;0.49;275.93;3.05;1076;17;1451.00;50
3241;15;5071655;3241;289;4316;4364;7.84;0.48;275.90;3.05;1075;17;1452.00;48
3245;15;5071667;3245;286;4324;4364;7.77;0.48;275.84;3.07;1079;17;1453.00;40
3247;15;5071678;3247;290;4326;4364;7.71;0.47;275.91;3.07;1079;17;1454.00;38
3248;15;5071689;3248;299;4332;4368;7.67;0.47;275.94;3.08;1084;17;1455.00;36
3252;15;5071702;3252;304;4336;4368;7.62;0.47;276.02;3.09;1084;17;1456.00;32
3253;15;5071713;3253;315;4338;4368;7.60;0.47;276.08;3.10;1085;17;1457.00;30
3255;15;5071725;3255;327;4344;4371;7.54;0.46;276.13;3.11;1089;17;1458.00;27
3258;15;5071737;3258;329;4346;4371;7.50;0.46;276.02;3.12;1088;17;1459.00;25
3259;15;5071748;3259;333;4349;4371;7.46;0.46;276.10;3.13;1090;17;1460.00;22
3264;15;5071759;3264;342;4353;4375;7.36;0.45;276.03;3.13;1089;17;1461.00;22
3266;15;5071772;3266;350;4356;4376;7.36;0.45;276.12;3.14;1090;17;1462.00;20
3269;15;5071783;3269;353;4361;4376;7.34;0.45;276.02;3.16;1092;17;1463.00;15
3273;15;5071795;3273;353;4365;4380;7.33;0.45;276.10;3.16;1092;17;1464.00;15
3275;15;5071808;3275;355;4367;4380;7.30;0.45;276.05;3.17;1092;17;1465.00;13
3276;15;5071820;3276;357;4368;4380;7.28;0.45;276.06;3.17;1092;17;1466.00;12
3279;15;5071831;3279;361;4371;4381;7.28;0.45;276.23;3.19;1092;17;1467.00;10
3283;15;5071843;3283;359;4372;4381;7.24;0.44;276.29;3.19;1089;17;1468.00;9
3286;15;5071860;3286;360;4377;4387;7.21;0.44;276.30;3.18;1091;17;1469.00;10
3290;15;5071874;3290;356;4379;4387;7.16;0.44;276.38;3.19;1089;17;1470.00;8
3292;15;5071886;3292;354;4382;4388;7.11;0.44;276.47;3.20;1090;17;1471.00;6
3296;15;5071898;3296;351;4382;4388;7.06;0.43;276.59;3.20;1086;17;1472.00;6
3299;15;5071910;3299;347;4384;4388;7.01;0.43;276.72;3.21;1085;17;1473.00;4
3303;15;5071922;3303;346;4384;4388;6.93;0.42;276.77;3.21;1081;17;1474.00;4
3305;15;5071934;3305;348;4385;4388;6.83;0.42;276.78;3.22;1080;17;1475.00;3
3307;15;5071945;3307;350;4397;4400;6.80;0.42;276.79;3.21;1090;17;1476.00;3
3309;15;5071958;3309;352;4398;4400;6.64;0.41;276.89;3.21;1089;17;1477.00;2
3311;15;5071969;3311;358;4398;4400;6.53;0.40;277.04;3.21;1087;17;1478.00;2
3312;15;5071980;3312;361;4398;4400;6.44;0.39;277.10;3.21;1086;17;1479.00;2
3316;15;5071991;3316;369;4398;4400;6.29;0.39;277.56;3.21;1082;17;1480.00;2
3318;15;5072002;3318;382;4398;4400;6.15;0.38;277.56;3.21;1080;17;1481.00;2
3320;15;5072013;3320;389;4402;4404;5.98;0.37;277.67;3.21;1082;17;1482.00;2
3324;15;5072024;3324;393;4402;4404;5.81;0.36;277.66;3.21;1078;17;1483.00;2
3327;15;5072034;3327;396;4406;4408;5.71;0.35;277.71;3.20;1079;17;1484.00;2
3331;15;5072044;3331;382;4408;4410;5.60;0.34;277.86;3.20;1077;17;1485.00;2
3333;15;5072055;3333;385;4408;4410;5.49;0.34;277.93;3.20;1075;17;1486.00;2
3338;15;5072065;3338;391;4408;4410;5.43;0.33;277.83;3.20;1070;17;1487.00;2
3343;15;5072076;3343;396;4421;4423;5.45;0.33;277.74;3.19;1078;17;1488.00;2
3347;15;5072087;3347;390;4421;4423;5.44;0.33;277.76;3.19;1074;17;1489.00;2
3348;15;5072098;3348;387;4421;4423;5.48;0.34;277.75;3.19;1073;18;1490.00;2
3350;15;5072116;3350;385;4422;4424;5.54;0.34;277.88;3.19;1072;18;1491.00;2
3352;15;5072127;3352;379;4423;4425;5.59;0.34;277.91;3.19;1071;19;1492.00;2
3357;15;5072146;3357;380;4423;4425;5.59;0.34;277.91;3.19;1066;19;1493.00;2
3363;15;5072157;3363;378;4426;4428;5.61;0.34;277.90;3.19;1063;19;1494.00;2
3365;15;5072169;3365;382;4426;4428;5.66;0.35;277.85;3.19;1061;19;1495.00;2
3368;15;5072179;3368;376;4426;4428;5.65;0.35;277.85;3.19;1058;19;1496.00;2
3373;15;5072190;3373;360;4426;4428;5.60;0.34;278.07;3.19;1053;19;1497.00;2
3377;15;5072200;3377;365;4432;4434;5.65;0.35;277.97;3.19;1055;19;1498.00;2
3379;15;5072212;3379;360;4432;4434;5.74;0.35;277.96;3.19;1053;19;1499.00;2
3383;15;5072225;3383;372;4437;4453;5.71;0.35;277.95;3.18;1054;19;1500.00;16
3388;15;5072242;3388;372;4437;4453;5.70;0.35;277.99;3.18;1049;19;1501.00;16
3391;15;5072253;3391;371;4442;4457;5.69;0.35;278.02;3.18;1051;19;1502.00;15
3398;15;5072264;3398;370;4443;4458;5.67;0.35;278.20;3.18;1045;19;1503.00;15
3400;15;5072276;3400;371;4443;4458;5.67;0.35;278.21;3.18;1043;19;1504.00;15
3401;15;5072286;3401;386;4445;4459;5.65;0.35;278.25;3.18;1044;19;1505.00;14
3405;15;5072297;3405;392;4447;4459;5.60;0.35;278.28;3.18;1042;19;1506.00;12
3413;15;5072307;3413;396;4447;4459;5.50;0.34;278.16;3.18;1034;19;1507.00;12
3416;15;5072318;3416;410;4447;4459;5.43;0.34;278.10;3.18;1031;19;1508.00;12
3420;15;5072329;3420;410;4447;4459;5.37;0.33;278.32;3.18;1027;19;1509.00;12
3423;15;5072339;3423;413;4447;4459;5.37;0.33;278.28;3.18;1024;19;1510.00;12
3427;15;5072350;3427;413;4448;4459;5.36;0.33;278.17;3.18;1021;19;1511.00;11
3430;15;5072360;3430;425;4491;4529;5.47;0.34;278.16;3.16;1061;19;1512.00;38
3434;15;5072376;3434;426;4492;4530;5.46;0.34;278.28;3.16;1058;19;1513.00;38
3438;15;5072387;3438;426;4498;4530;5.49;0.34;278.32;3.15;1060;19;1514.00;32
3446;15;5072398;3446;441;4499;4530;5.43;0.34;278.13;3.15;1053;19;1515.00;31
3447;15;5072409;3447;441;4503;4530;5.46;0.34;278.12;3.15;1056;19;1516.00;27
3452;15;5072420;3452;449;4505;4530;5.44;0.34;278.16;3.16;1053;19;1517.00;25
3458;15;5072430;3458;453;4509;4530;5.44;0.34;278.18;3.16;1051;19;1518.00;21
3459;15;5072440;3459;450;4513;4530;5.48;0.34;278.11;3.17;1054;19;1519.00;17
3464;15;5072451;3464;449;4515;4531;5.45;0.34;278.43;3.17;1051;19;1520.00;16
3468;15;5072462;3468;456;4520;4532;5.46;0.34;278.50;3.19;1052;19;1521.00;12
3472;15;5072472;3472;461;4522;4532;5.46;0.34;278.54;3.19;1050;19;1522.00;10
3477;15;5072483;3477;466;4526;4536;5.45;0.34;278.46;3.19;1049;19;1523.00;10
3480;15;5072494;3480;477;4527;4536;5.44;0.34;278.59;3.20;1047;19;1524.00;9
3481;15;5072505;3481;480;4527;4536;5.49;0.34;278.63;3.20;1046;19;1525.00;9
3483;15;5072515;3483;484;4527;4536;5.48;0.34;278.66;3.20;1044;19;1526.00;9
3487;15;5072526;3487;486;4533;4542;5.47;0.34;278.74;3.20;1046;19;1527.00;9
3488;15;5072537;3488;488;4533;4542;5.46;0.34;278.78;3.20;1045;19;1528.00;9
3489;15;5072547;3489;493;4533;4542;5.45;0.34;278.82;3.20;1044;19;1529.00;9
3493;15;5072559;3493;496;4539;4548;5.45;0.34;278.74;3.21;1046;19;1530.00;9
3495;15;5072570;3495;496;4540;4548;5.44;0.34;278.72;3.21;1045;19;1531.00;8
3499;15;5072580;3499;493;4541;4548;5.41;0.33;278.87;3.21;1042;19;1532.00;7
3504;15;5072591;3504;484;4543;4549;5.36;0.33;278.97;3.21;1039;19;1533.00;6
3505;15;5072602;3505;484;4545;4550;5.40;0.33;278.92;3.23;1040;19;1534.00;5
3508;15;5072613;3508;490;4547;4550;5.37;0.33;278.88;3.24;1039;19;1535.00;3
3511;15;5072624;3511;498;4558;4563;5.47;0.34;278.76;3.23;1047;19;1536.00;5
3513;15;5072636;3513;479;4560;4563;5.52;0.34;278.75;3.23;1047;19;1537.00;3
3514;15;5072647;3514;469;4560;4563;5.58;0.34;278.68;3.23;1046;19;1538.00;3
3516;15;5072659;3516;460;4561;4564;5.67;0.35;278.55;3.23;1045;19;1539.00;3
3521;15;5072674;3521;460;4561;4564;5.71;0.35;278.63;3.23;1040;19;1540.00;3
3521;15;5072686;3521;453;4567;4568;5.81;0.36;278.63;3.24;1046;19;1541.00;1
3522;15;5072698;3522;435;4567;4568;5.90;0.36;278.66;3.24;1045;19;1542.00;1
3527;15;5072710;3527;420;4572;4572;5.94;0.36;278.59;3.24;1045;19;1543.00;0
3528;15;5072723;3528;410;4572;4572;6.03;0.37;278.61;3.24;1044;19;1544.00;0
3529;16;5072735;3529;399;4572;4572;6.07;0.37;278.64;3.24;1043;20;1545.00;0
3531;16;5072756;3531;394;4572;4572;6.12;0.37;278.52;3.24;1041;20;1546.00;0
3532;16;5072768;3532;390;4572;4572;6.18;0.38;278.47;3.24;1040;20;1547.00;0
3533;16;5072784;3533;391;4581;4584;6.25;0.38;278.42;3.24;1048;20;1548.00;3
3534;16;5072802;3534;393;4582;4584;6.29;0.38;278.47;3.24;1048;20;1549.00;2
3536;16;5072820;3536;394;4584;4584;6.35;0.39;278.43;3.23;1048;20;1550.00;0
3537;16;5072831;3537;382;4584;4584;6.40;0.39;278.44;3.23;1047;20;1551.00;0
3537;16;5072843;3537;379;4584;4584;6.43;0.39;278.44;3.23;1047;20;1552.00;0
3538;16;5072855;3538;374;4584;4584;6.46;0.39;278.43;3.23;1046;20;1553.00;0
3538;16;5072867;3538;366;4585;4585;6.50;0.40;278.43;3.23;1047;20;1554.00;0
3539;16;5072880;3539;369;4587;4587;6.54;0.40;278.45;3.23;1048;20;1555.00;0
3541;16;5072892;3541;359;4593;4593;6.59;0.40;278.47;3.23;1052;20;1556.00;0
3543;16;5072905;3543;357;4594;4594;6.61;0.40;278.43;3.23;1051;20;1557.00;0
3547;16;5072917;3547;351;4594;4594;6.61;0.40;278.53;3.23;1047;20;1558.00;0
3551;16;5072929;3551;347;4594;4594;6.57;0.40;278.51;3.23;1043;20;1559.00;0
3553;16;5072943;3553;344;4599;4599;6.59;0.40;278.47;3.23;1046;20;1560.00;0
3555;16;5072956;3555;344;4599;4599;6.61;0.40;278.44;3.23;1044;20;1561.00;0
3556;16;5072968;3556;344;4599;4599;6.66;0.40;278.48;3.23;1043;20;1562.00;0
3557;16;5072980;3557;346;4600;4600;6.67;0.40;278.43;3.23;1043;20;1563.00;0
3559;16;5072991;3559;345;4604;4604;6.71;0.41;278.54;3.22;1045;20;1564.00;0
3561;16;5073004;3561;346;4604;4604;6.75;0.41;278.49;3.22;1043;20;1565.00;0
3566;16;5073015;3566;347;4606;4607;6.80;0.41;278.62;3.22;1040;20;1566.00;1
3567;16;5073028;3567;352;4606;4607;6.79;0.41;278.65;3.22;1039;20;1567.00;1
3571;16;5073039;3571;350;4607;4607;6.84;0.41;278.73;3.22;1036;20;1568.00;0
3572;16;5073050;3572;362;4607;4607;6.83;0.41;278.81;3.22;1035;20;1569.00;0
3577;16;5073062;3577;362;4611;4611;6.82;0.41;278.93;3.22;1034;20;1570.00;0
3581;16;5073074;3581;363;4611;4611;6.84;0.41;279.02;3.22;1030;20;1571.00;0
3582;16;5073086;3582;370;4611;4611;6.85;0.42;279.07;3.22;1029;20;1572.00;0
3583;16;5073097;3583;371;4611;4611;6.86;0.42;279.11;3.22;1028;20;1573.00;0
3585;16;5073109;3585;373;4612;4612;6.90;0.42;279.16;3.22;1027;20;1574.00;0
3588;16;5073121;3588;365;4614;4614;6.90;0.42;279.20;3.22;1026;20;1575.00;0
3590;16;5073133;3590;363;4614;4614;6.87;0.42;279.42;3.22;1024;20;1576.00;0
3591;16;5073146;3591;352;4615;4615;6.86;0.42;279.56;3.22;1024;20;1577.00;0
3594;16;5073157;3594;350;4615;4615;6.84;0.41;279.80;3.22;1021;20;1578.00;0
3600;16;5073168;3600;340;4615;4615;6.80;0.41;280.02;3.22;1015;20;1579.00;0
3605;16;5073180;3605;334;4615;4615;6.78;0.41;280.14;3.22;1010;20;1580.00;0
3606;16;5073191;3606;334;4615;4615;6.88;0.42;280.18;3.22;1009;20;1581.00;0
3609;16;5073202;3609;317;4615;4615;6.91;0.42;280.33;3.22;1006;20;1582.00;0
3610;16;5073213;3610;311;4615;4615;7.00;0.43;280.35;3.22;1005;20;1583.00;0
3612;16;5073224;3612;340;4691;4742;7.07;0.44;280.39;3.17;1079;20;1584.00;51
3616;16;5073247;3616;326;4691;4743;7.05;0.43;280.57;3.17;1075;20;1585.00;52
3619;16;5073259;3619;309;4697;4743;7.14;0.44;280.66;3.16;1078;20;1586.00;46
3625;16;5073271;3625;314;4697;4743;7.10;0.44;280.82;3.16;1072;20;1587.00;46
3631;16;5073283;3631;314;4702;4743;7.17;0.44;280.96;3.17;1071;20;1588.00;41
3637;16;5073295;3637;308;4706;4743;7.19;0.44;281.24;3.17;1069;20;1589.00;37
3640;16;5073313;3640;303;4710;4743;7.23;0.44;281.37;3.17;1070;20;1590.00;33
3645;16;5073325;3645;305;4712;4743;7.28;0.45;281.54;3.17;1067;20;1591.00;31
3648;16;5073338;3648;303;4715;4744;7.32;0.45;281.45;3.17;1067;20;1592.00;29
3655;16;5073350;3655;303;4718;4745;7.31;0.45;281.53;3.18;1063;20;1593.00;27
3658;16;5073364;3658;306;4721;4745;7.27;0.44;281.48;3.18;1063;20;1594.00;24
3660;16;5073375;3660;301;4726;4746;7.30;0.45;281.46;3.19;1066;20;1595.00;20
3661;16;5073387;3661;296;4727;4746;7.32;0.45;281.41;3.19;1066;20;1596.00;19
3662;16;5073399;3662;299;4730;4746;7.23;0.44;281.45;3.20;1068;20;1597.00;16
3666;16;5073411;3666;297;4731;4746;7.15;0.44;281.34;3.20;1065;20;1598.00;15
3668;16;5073424;3668;291;4739;4750;7.12;0.43;281.38;3.21;1071;20;1599.00;11
3671;16;5073437;3671;291;4740;4750;7.10;0.43;281.51;3.21;1069;20;1600.00;10
3672;16;5073452;3672;296;4741;4750;7.11;0.43;281.52;3.22;1069;20;1601.00;9
3674;16;5073463;3674;297;4742;4753;7.07;0.43;281.64;3.22;1068;20;1602.00;11
3675;16;5073475;3675;297;4744;4753;7.10;0.43;281.63;3.22;1069;20;1603.00;9
3676;16;5073487;3676;295;4745;4753;7.10;0.43;281.66;3.22;1069;20;1604.00;8
3677;16;5073499;3677;298;4748;4757;7.10;0.43;281.79;3.22;1071;20;1605.00;9
3680;16;5073511;3680;300;4751;4758;7.15;0.44;281.89;3.22;1071;20;1606.00;7
3683;16;5073523;3683;300;4751;4758;7.20;0.44;282.08;3.22;1068;20;1607.00;7
3687;16;5073535;3687;299;4755;4762;7.26;0.44;282.25;3.22;1068;20;1608.00;7
3688;16;5073547;3688;308;4755;4762;7.29;0.44;282.28;3.22;1067;20;1609.00;7
3691;16;5073558;3691;311;4755;4762;7.37;0.45;282.40;3.22;1064;20;1610.00;7
3692;16;5073570;3692;310;4757;4763;7.42;0.45;282.54;3.23;1065;20;1611.00;6
3693;16;5073582;3693;310;4757;4763;7.40;0.45;282.62;3.23;1064;20;1612.00;6
3698;16;5073593;3698;312;4762;4769;7.46;0.45;282.93;3.22;1064;20;1613.00;7
3701;16;5073606;3701;316;4762;4769;7.45;0.45;282.86;3.22;1061;20;1614.00;7
3704;16;5073617;3704;321;4764;4770;7.42;0.45;282.98;3.23;1060;20;1615.00;6
3707;16;5073629;3707;323;4764;4770;7.39;0.45;283.21;3.23;1057;20;1616.00;6
3710;16;5073642;3710;321;4765;4770;7.32;0.45;283.32;3.24;1055;20;1617.00;5
3713;16;5073653;3713;326;4765;4770;7.26;0.44;283.43;3.24;1052;20;1618.00;5
3716;16;5073664;3716;326;4766;4770;7.20;0.44;283.54;3.24;1050;20;1619.00;4
3718;16;5073677;3718;334;4795;4806;7.26;0.44;283.63;3.22;1077;20;1620.00;11
3719;16;5073691;3719;329;4796;4806;7.20;0.44;283.62;3.22;1077;20;1621.00;10
3723;16;5073703;3723;328;4800;4806;7.12;0.44;283.85;3.23;1077;20;1622.00;6
3724;16;5073715;3724;336;4800;4806;7.06;0.43;283.92;3.23;1076;20;1623.00;6
3725;16;5073727;3725;338;4801;4806;7.01;0.43;284.01;3.23;1076;20;1624.00;5
3727;16;5073738;3727;339;4804;4806;6.94;0.43;284.26;3.24;1077;20;1625.00;2
3730;16;5073749;3730;339;4808;4810;6.96;0.43;284.36;3.23;1078;20;1626.00;2
3734;16;5073760;3734;342;4809;4810;6.96;0.43;284.34;3.24;1075;20;1627.00;1
3737;16;5073772;3737;343;4814;4814;7.02;0.43;284.43;3.23;1077;20;1628.00;0
3738;16;5073783;3738;347;4815;4815;7.03;0.43;284.42;3.23;1077;20;1629.00;0
3742;16;5073794;3742;351;4815;4815;6.97;0.43;284.44;3.23;1073;20;1630.00;0
3746;16;5073811;3746;351;4815;4815;6.87;0.42;284.76;3.23;1069;20;1631.00;0
3748;16;5073822;3748;352;4828;4828;6.79;0.41;284.66;3.22;1080;20;1632.00;0
3753;16;5073835;3753;361;4828;4828;6.70;0.41;284.88;3.22;1075;20;1633.00;0
3755;16;5073846;3755;357;4828;4828;6.60;0.40;285.02;3.22;1073;20;1634.00;0
3757;16;5073857;3757;361;4829;4829;6.59;0.40;284.94;3.22;1072;20;1635.00;0
3760;16;5073868;3760;366;4830;4830;6.53;0.40;284.95;3.22;1070;20;1636.00;0
3761;16;5073880;3761;361;4830;4830;6.50;0.40;284.97;3.22;1069;20;1637.00;0
3763;16;5073891;3763;360;4833;4833;6.50;0.40;285.00;3.22;1070;20;1638.00;0
3766;16;5073902;3766;365;4833;4833;6.46;0.39;284.97;3.22;1067;20;1639.00;0
3770;16;5073913;3770;369;4833;4833;6.38;0.39;284.96;3.22;1063;20;1640.00;0
3773;16;5073924;3773;366;4833;4833;6.30;0.38;284.88;3.22;1060;20;1641.00;0
3775;16;5073934;3775;374;4839;4839;6.27;0.38;284.89;3.22;1064;20;1642.00;0
3778;16;5073945;3778;381;4839;4839;6.20;0.38;285.04;3.22;1061;20;1643.00;0
3783;16;5073955;3783;378;4839;4839;6.11;0.37;284.92;3.22;1056;20;1644.00;0
3783;16;5073966;3783;380;4839;4839;6.03;0.37;284.92;3.22;1056;20;1645.00;0
3787;16;5073975;3787;386;4843;4843;5.91;0.36;285.03;3.22;1056;20;1646.00;0
3789;16;5073985;3789;392;4844;4844;5.76;0.35;284.97;3.22;1055;20;1647.00;0
3794;16;5073995;3794;392;4844;4844;5.59;0.34;285.12;3.22;1050;20;1648.00;0
3799;16;5074004;3799;397;4845;4845;5.49;0.34;285.10;3.22;1046;20;1649.00;0
3803;16;5074016;3803;396;4845;4845;5.36;0.33;285.12;3.22;1042;20;1650.00;0
3808;16;5074026;3808;393;4845;4845;5.23;0.32;285.03;3.22;1037;20;1651.00;0
3811;16;5074035;3811;393;4845;4845;5.15;0.32;285.00;3.22;1034;20;1652.00;0
3813;16;5074044;3813;390;4845;4845;5.13;0.32;284.93;3.22;1032;20;1653.00;0
3817;16;5074054;3817;392;4845;4845;5.13;0.32;284.79;3.22;1028;20;1654.00;0
3820;16;5074063;3820;396;4845;4845;5.15;0.32;284.73;3.22;1025;20;1655.00;0
3826;16;5074073;3826;411;4888;4915;5.32;0.33;284.72;3.19;1062;20;1656.00;27
3828;16;5074089;3828;405;4892;4916;5.37;0.33;284.73;3.19;1064;20;1657.00;24
3830;16;5074100;3830;401;4900;4916;5.44;0.34;284.86;3.18;1070;20;1658.00;16
3831;16;5074111;3831;398;4903;4916;5.44;0.34;284.84;3.18;1072;20;1659.00;13
3833;16;5074121;3833;392;4904;4916;5.44;0.34;284.92;3.18;1071;20;1660.00;12
3836;16;5074131;3836;396;4905;4916;5.44;0.34;284.93;3.18;1069;20;1661.00;11
3838;16;5074141;3838;396;4906;4916;5.48;0.34;284.85;3.18;1068;20;1662.00;10
3840;16;5074151;3840;403;4909;4916;5.49;0.34;284.87;3.19;1069;20;1663.00;7
3844;16;5074161;3844;404;4910;4917;5.44;0.33;284.86;3.19;1066;20;1664.00;7
3847;16;5074172;3847;409;4912;4919;5.40;0.33;284.87;3.19;1065;20;1665.00;7
3852;16;5074183;3852;411;4913;4919;5.37;0.33;284.68;3.19;1061;20;1666.00;6
3855;16;5074193;3855;420;4918;4923;5.36;0.33;284.74;3.19;1063;20;1667.00;5
3859;16;5074204;3859;424;4919;4923;5.30;0.33;284.61;3.19;1060;20;1668.00;4
3861;16;5074214;3861;427;4920;4923;5.28;0.33;284.71;3.19;1059;20;1669.00;3
3865;16;5074225;3865;431;4921;4923;5.23;0.32;284.68;3.19;1056;20;1670.00;2
3868;16;5074235;3868;435;4928;4929;5.23;0.32;284.70;3.19;1060;20;1671.00;1
3871;16;5074246;3871;439;4928;4929;5.25;0.32;284.69;3.19;1057;20;1672.00;1
3874;16;5074256;3874;441;4928;4929;5.21;0.32;284.72;3.19;1054;20;1673.00;1
3879;16;5074266;3879;450;4929;4932;5.15;0.32;284.88;3.19;1050;20;1674.00;3
3883;16;5074276;3883;457;4929;4932;5.10;0.31;284.88;3.19;1046;20;1675.00;3
3887;16;5074287;3887;465;4929;4932;5.02;0.31;284.85;3.19;1042;20;1676.00;3
3892;16;5074297;3892;471;4930;4933;4.93;0.30;284.95;3.19;1038;20;1677.00;3
3897;16;5074307;3897;477;4932;4934;4.87;0.30;284.84;3.19;1035;20;1678.00;2
3900;16;5074318;3900;480;4932;4934;4.80;0.29;284.79;3.19;1032;20;1679.00;2
3901;16;5074330;3901;486;4952;4960;4.94;0.30;284.81;3.18;1051;20;1680.00;8
3905;16;5074343;3905;486;4953;4960;4.90;0.30;284.76;3.18;1048;20;1681.00;7
3908;16;5074353;3908;486;4957;4960;4.93;0.30;284.92;3.18;1049;20;1682.00;3
3910;16;5074385;3910;494;4958;4961;4.89;0.30;285.01;3.18;1048;20;1683.00;3
3913;16;5074398;3913;484;4958;4961;4.89;0.30;284.94;3.18;1045;20;1684.00;3
3916;16;5074408;3916;481;4961;4965;4.89;0.30;284.96;3.18;1045;20;1685.00;4
3920;16;5074420;3920;471;4961;4965;4.88;0.30;284.98;3.18;1041;20;1686.00;4
3925;16;5074431;3925;475;4965;4969;4.89;0.30;284.98;3.18;1040;20;1687.00;4
3929;16;5074442;3929;473;4965;4969;4.89;0.30;284.83;3.18;1036;20;1688.00;4
3930;16;5074453;3930;474;4965;4969;4.92;0.30;284.86;3.18;1035;20;1689.00;4
3932;16;5074463;3932;479;4967;4969;4.98;0.30;284.83;3.18;1035;20;1690.00;2
3934;16;5074474;3934;482;4967;4969;5.02;0.31;284.76;3.18;1033;20;1691.00;2
3936;16;5074484;3936;485;4978;4981;5.17;0.32;284.73;3.18;1042;20;1692.00;3
3939;16;5074496;3939;487;4978;4981;5.22;0.32;284.76;3.18;1039;20;1693.00;3
3942;16;5074512;3942;493;4980;4981;5.22;0.32;284.80;3.18;1038;20;1694.00;1
3946;16;5074522;3946;490;4980;4981;5.23;0.32;284.71;3.18;1034;20;1695.00;1
3948;16;5074534;3948;488;4980;4981;5.25;0.32;284.72;3.18;1032;20;1696.00;1
3948;16;5074545;3948;476;4980;4981;5.28;0.32;284.72;3.18;1032;20;1697.00;1
3949;16;5074556;3949;473;4982;4982;5.27;0.32;284.71;3.18;1033;20;1698.00;0
3950;16;5074567;3950;467;4982;4982;5.25;0.32;284.67;3.18;1032;20;1699.00;0
3950;16;5074578;3950;460;4988;4988;5.27;0.32;284.67;3.18;1038;20;1700.00;0
3951;16;5074593;3951;465;4989;4989;5.24;0.32;284.60;3.17;1038;20;1701.00;0
3954;16;5074605;3954;463;4989;4989;5.25;0.32;284.75;3.17;1035;20;1702.00;0
3955;16;5074617;3955;464;4989;4989;5.32;0.32;284.79;3.17;1034;20;1703.00;0
3956;16;5074627;3956;461;4993;4993;5.38;0.33;284.84;3.17;1037;20;1704.00;0
3959;16;5074639;3959;460;4993;4993;5.45;0.33;284.95;3.17;1034;20;1705.00;0
3960;16;5074651;3960;445;4993;4993;5.53;0.34;284.98;3.17;1033;20;1706.00;0
3960;16;5074663;3960;436;4994;4994;5.68;0.35;284.98;3.17;1034;20;1707.00;0
3960;16;5074674;3960;426;4998;4998;5.75;0.35;284.98;3.17;1038;20;1708.00;0
3964;16;5074685;3964;418;4998;4998;5.86;0.36;284.89;3.17;1034;20;1709.00;0
3966;16;5074698;3966;412;5002;5004;6.00;0.37;284.90;3.17;1036;20;1710.00;2
3967;16;5074710;3967;402;5003;5004;6.13;0.37;284.86;3.17;1036;20;1711.00;1
3969;16;5074722;3969;402;5004;5004;6.22;0.38;284.89;3.17;1035;20;1712.00;0
3972;16;5074734;3972;406;5004;5004;6.31;0.38;285.04;3.17;1032;20;1713.00;0
3974;16;5074746;3974;400;5008;5008;6.42;0.39;285.22;3.16;1034;20;1714.00;0
3976;16;5074758;3976;398;5008;5008;6.48;0.39;285.22;3.16;1032;20;1715.00;0
3978;16;5074770;3978;404;5008;5008;6.52;0.40;285.29;3.16;1030;20;1716.00;0
3980;16;5074781;3980;402;5008;5008;6.54;0.40;285.38;3.16;1028;20;1717.00;0
3983;16;5074793;3983;398;5009;5009;6.48;0.39;285.43;3.16;1026;20;1718.00;0
3984;16;5074804;3984;395;5010;5010;6.49;0.39;285.41;3.16;1026;20;1719.00;0
3986;16;5074816;3986;395;5010;5010;6.45;0.39;285.53;3.16;1024;20;1720.00;0
3992;16;5074828;3992;396;5011;5011;6.43;0.39;285.69;3.16;1019;20;1721.00;0
3995;16;5074840;3995;389;5011;5011;6.43;0.39;285.88;3.16;1016;20;1722.00;0
3996;16;5074851;3996;382;5011;5011;6.45;0.39;285.95;3.16;1015;20;1723.00;0
3996;16;5074862;3996;384;5011;5011;6.44;0.39;285.95;3.16;1015;20;1724.00;0
4001;16;5074873;4001;383;5011;5011;6.46;0.39;286.31;3.16;1010;20;1725.00;0
4003;16;5074885;4003;387;5011;5011;6.46;0.39;286.42;3.16;1008;20;1726.00;0
4005;16;5074897;4005;389;5011;5011;6.51;0.40;286.40;3.16;1006;20;1727.00;0
4010;16;5074907;4010;412;5091;5138;6.69;0.41;286.53;3.11;1081;20;1728.00;47
4010;16;5074929;4010;394;5093;5139;6.81;0.42;286.53;3.11;1083;20;1729.00;46
4014;16;5074941;4014;385;5100;5139;6.97;0.43;286.67;3.11;1086;20;1730.00;39
4017;16;5074952;4017;385;5101;5139;7.04;0.43;286.72;3.11;1084;20;1731.00;38
4021;16;5074964;4021;388;5105;5139;7.02;0.43;286.78;3.11;1084;20;1732.00;34
4023;17;5074976;4023;390;5105;5139;6.99;0.43;286.80;3.11;1082;21;1733.00;34
4026;17;5074994;4026;397;5109;5139;6.99;0.43;286.80;3.11;1083;21;1734.00;30
4030;17;5075010;4030;404;5110;5139;6.98;0.43;286.94;3.12;1080;21;1735.00;29
4033;17;5075023;4033;410;5113;5140;6.97;0.43;287.17;3.12;1080;21;1736.00;27
4037;17;5075035;4037;403;5117;5141;6.95;0.42;287.19;3.12;1080;21;1737.00;24
4039;17;5075047;4039;408;5120;5141;6.91;0.42;287.34;3.13;1081;21;1738.00;21
4040;17;5075059;4040;414;5122;5142;6.87;0.42;287.36;3.13;1082;21;1739.00;20
4040;17;5075072;4040;414;5127;5142;6.82;0.42;287.36;3.14;1087;21;1740.00;15
4044;17;5075083;4044;408;5129;5142;6.78;0.41;287.36;3.14;1085;21;1741.00;13
4044;17;5075096;4044;400;5131;5142;6.81;0.42;287.36;3.15;1087;21;1742.00;11
4045;17;5075107;4045;401;5135;5146;6.81;0.42;287.39;3.15;1090;21;1743.00;11
4046;17;5075119;4046;391;5136;5146;6.78;0.41;287.43;3.15;1090;21;1744.00;10
4048;17;5075130;4048;390;5138;5146;6.76;0.41;287.43;3.15;1090;21;1745.00;8
4052;17;5075142;4052;386;5140;5149;6.73;0.41;287.59;3.16;1088;21;1746.00;9
4053;17;5075155;4053;384;5141;5149;6.72;0.41;287.65;3.16;1088;21;1747.00;8
4057;17;5075167;4057;373;5141;5149;6.76;0.41;288.03;3.16;1084;21;1748.00;8
4059;17;5075179;4059;367;5144;5153;6.82;0.42;288.03;3.16;1085;21;1749.00;9
4065;17;5075191;4065;366;5146;5154;6.78;0.41;288.18;3.16;1081;21;1750.00;8
4070;17;5075203;4070;361;5148;5154;6.79;0.41;288.36;3.16;1078;21;1751.00;6
4073;17;5075214;4073;359;5151;5158;6.88;0.42;288.47;3.16;1078;21;1752.00;7
4078;17;5075226;4078;353;5152;5158;6.90;0.42;288.66;3.16;1074;21;1753.00;6
4080;17;5075237;4080;348;5152;5158;6.96;0.42;288.75;3.16;1072;21;1754.00;6
4085;17;5075249;4085;350;5156;5160;6.99;0.43;288.76;3.17;1071;21;1755.00;4
4088;17;5075261;4088;343;5156;5160;7.03;0.43;288.87;3.17;1068;21;1756.00;4
4094;17;5075273;4094;332;5161;5166;7.07;0.43;288.90;3.17;1067;21;1757.00;5
4097;17;5075286;4097;335;5161;5166;7.09;0.43;288.86;3.17;1064;21;1758.00;5
4101;17;5075298;4101;323;5161;5167;7.07;0.43;288.99;3.17;1060;21;1759.00;6
4104;17;5075309;4104;324;5161;5167;6.96;0.42;289.05;3.17;1057;21;1760.00;6
4106;17;5075321;4106;321;5161;5167;6.89;0.42;289.24;3.17;1055;21;1761.00;6
4110;17;5075337;4110;322;5161;5167;6.82;0.41;289.45;3.17;1051;21;1762.00;6
4116;17;5075348;4116;324;5161;5167;6.69;0.41;289.55;3.17;1045;21;1763.00;6
4116;17;5075360;4116;333;5171;5179;6.72;0.41;289.55;3.16;1055;21;1764.00;8
4120;17;5075372;4120;329;5172;5179;6.70;0.41;289.73;3.16;1052;21;1765.00;7
4121;17;5075384;4121;330;5172;5179;6.66;0.40;289.75;3.16;1051;21;1766.00;7
4123;17;5075394;4123;338;5172;5179;6.56;0.40;289.80;3.16;1049;21;1767.00;7
4123;17;5075406;4123;338;5172;5179;6.54;0.40;289.80;3.16;1049;21;1768.00;7
4125;17;5075417;4125;340;5172;5179;6.52;0.40;289.90;3.16;1047;21;1769.00;7
4127;17;5075430;4127;335;5175;5183;6.45;0.39;289.98;3.16;1048;21;1770.00;8
4132;17;5075442;4132;329;5175;5183;6.43;0.39;290.06;3.16;1043;21;1771.00;8
4133;17;5075453;4133;331;5179;5187;6.41;0.39;290.08;3.16;1046;21;1772.00;8
4135;17;5075464;4135;328;5180;5188;6.40;0.39;290.04;3.16;1045;21;1773.00;8
4137;17;5075476;4137;337;5180;5188;6.40;0.39;289.97;3.16;1043;21;1774.00;8
4140;17;5075487;4140;326;5180;5188;6.39;0.39;290.15;3.16;1040;21;1775.00;8
4142;17;5075499;4142;324;5191;5201;6.48;0.39;290.24;3.15;1049;21;1776.00;10
4144;17;5075511;4144;329;5191;5201;6.50;0.39;290.29;3.15;1047;21;1777.00;10
4145;17;5075522;4145;335;5191;5201;6.58;0.40;290.35;3.15;1046;21;1778.00;10
4149;17;5075534;4149;328;5192;5202;6.66;0.40;290.56;3.15;1043;21;1779.00;10
4150;17;5075545;4150;331;5193;5203;6.66;0.40;290.59;3.16;1043;21;1780.00;10
4153;17;5075556;4153;339;5193;5203;6.69;0.41;290.75;3.16;1040;21;1781.00;10
4156;17;5075567;4156;344;5196;5206;6.66;0.40;290.89;3.17;1040;21;1782.00;10
4159;17;5075579;4159;347;5197;5206;6.64;0.40;290.96;3.16;1038;21;1783.00;9
4161;17;5075590;4161;355;5198;5206;6.60;0.40;290.93;3.17;1037;21;1784.00;8
4163;17;5075601;4163;366;5198;5206;6.55;0.40;291.19;3.17;1035;21;1785.00;8
4165;17;5075612;4165;369;5203;5212;6.53;0.40;291.35;3.17;1038;21;1786.00;9
4167;17;5075623;4167;376;5204;5212;6.46;0.39;291.37;3.18;1037;21;1787.00;8
4168;17;5075634;4168;380;5204;5212;6.42;0.39;291.42;3.18;1036;21;1788.00;8
4172;17;5075645;4172;381;5205;5212;6.29;0.38;291.49;3.18;1033;21;1789.00;7
4176;17;5075656;4176;384;5208;5216;6.18;0.38;291.45;3.18;1032;21;1790.00;8
4176;17;5075670;4176;394;5210;5217;6.11;0.37;291.45;3.18;1034;21;1791.00;7
4176;17;5075683;4176;396;5210;5217;6.08;0.37;291.45;3.18;1034;21;1792.00;7
4178;17;5075694;4178;402;5211;5218;6.06;0.37;291.39;3.18;1033;21;1793.00;7
4180;17;5075707;4180;413;5211;5218;6.02;0.37;291.37;3.18;1031;21;1794.00;7
4181;17;5075721;4181;417;5211;5218;6.00;0.37;291.45;3.18;1030;21;1795.00;7
4184;17;5075731;4184;418;5214;5218;5.90;0.36;291.32;3.20;1030;21;1796.00;4
4186;17;5075742;4186;420;5214;5218;5.87;0.36;291.29;3.20;1028;21;1797.00;4
4187;17;5075755;4187;420;5216;5218;5.84;0.36;291.25;3.20;1029;21;1798.00;2
4189;17;5075771;4189;420;5216;5218;5.79;0.35;291.16;3.20;1027;21;1799.00;2
4193;17;5075790;4193;421;5275;5356;6.10;0.38;291.01;3.17;1082;21;1800.00;81
4194;17;5075818;4194;418;5282;5357;6.10;0.38;290.97;3.17;1088;21;1801.00;75
4197;17;5075830;4197;415;5296;5357;6.14;0.38;290.89;3.17;1099;21;1802.00;61
4199;17;5075842;4199;409;5299;5357;6.10;0.38;290.80;3.17;1100;21;1803.00;58
4202;17;5075852;4202;414;5308;5357;6.05;0.37;290.75;3.17;1106;21;1804.00;49
4202;17;5075863;4202;413;5313;5357;6.08;0.37;290.75;3.17;1111;21;1805.00;44
4202;17;5075875;4202;415;5319;5357;6.08;0.37;290.75;3.17;1117;21;1806.00;38
4206;17;5075886;4206;419;5327;5357;6.03;0.37;290.81;3.18;1121;21;1807.00;30
4207;17;5075897;4207;419;5332;5358;6.03;0.37;290.74;3.18;1125;21;1808.00;26
4209;17;5075907;4209;418;5336;5359;6.04;0.37;290.72;3.19;1127;21;1809.00;23
4213;17;5075919;4213;419;5337;5359;5.99;0.37;290.59;3.19;1124;21;1810.00;22
4215;17;5075931;4215;422;5344;5363;5.84;0.36;290.59;3.19;1129;21;1811.00;19
4216;17;5075943;4216;425;5345;5363;5.72;0.35;290.61;3.19;1129;21;1812.00;18
4217;17;5075955;4217;426;5347;5363;5.55;0.34;290.58;3.19;1130;21;1813.00;16
4223;17;5075970;4223;439;5347;5363;5.33;0.33;290.50;3.19;1124;21;1814.00;16
4225;17;5075984;4225;443;5353;5369;5.23;0.32;290.48;3.20;1128;21;1815.00;16
4227;17;5075996;4227;443;5354;5369;5.12;0.32;290.39;3.20;1127;21;1816.00;15
4233;17;5076007;4233;444;5354;5369;5.03;0.31;290.60;3.20;1121;21;1817.00;15
4235;17;5076019;4235;443;5357;5372;4.98;0.30;290.72;3.20;1122;21;1818.00;15
4238;17;5076033;4238;447;5357;5372;4.88;0.30;290.83;3.20;1119;21;1819.00;15
4239;17;5076052;4239;457;5357;5372;4.85;0.30;290.89;3.20;1118;21;1820.00;15
4242;17;5076063;4242;461;5358;5373;4.80;0.29;290.82;3.20;1116;21;1821.00;15
4246;17;5076074;4246;461;5359;5374;4.81;0.29;290.74;3.20;1113;21;1822.00;15
4249;17;5076086;4249;463;5359;5374;4.82;0.29;290.74;3.20;1110;21;1823.00;15
4251;17;5076097;4251;456;5368;5387;4.84;0.30;290.72;3.20;1117;22;1824.00;19
4255;17;5076117;4255;463;5369;5387;4.81;0.29;290.83;3.20;1114;22;1825.00;18
4257;17;5076128;4257;454;5369;5387;4.80;0.29;290.76;3.20;1112;22;1826.00;18
4259;17;5076140;4259;456;5369;5388;4.80;0.29;290.73;3.20;1110;22;1827.00;19
4260;17;5076152;4260;454;5369;5388;4.80;0.29;290.71;3.20;1109;22;1828.00;19
4263;17;5076163;4263;464;5372;5392;4.84;0.30;290.76;3.20;1109;22;1829.00;20
4267;17;5076176;4267;465;5372;5392;4.82;0.30;290.65;3.20;1105;22;1830.00;20
4269;17;5076187;4269;451;5375;5396;4.86;0.30;290.59;3.19;1106;22;1831.00;21
4270;17;5076198;4270;442;5375;5396;4.88;0.30;290.60;3.19;1105;22;1832.00;21
4273;17;5076209;4273;438;5375;5396;4.87;0.30;290.53;3.19;1102;22;1833.00;21
4276;17;5076220;4276;436;5375;5396;4.87;0.30;290.65;3.19;1099;22;1834.00;21
4279;17;5076231;4279;423;5375;5396;4.88;0.30;290.51;3.19;1096;22;1835.00;21
4283;17;5076242;4283;416;5383;5408;4.96;0.31;290.55;3.19;1100;22;1836.00;25
4285;17;5076255;4285;404;5383;5408;5.01;0.31;290.59;3.19;1098;22;1837.00;25
4290;17;5076266;4290;395;5384;5408;5.07;0.31;290.47;3.19;1094;22;1838.00;24
4291;17;5076277;4291;399;5384;5408;5.16;0.32;290.49;3.19;1093;22;1839.00;24
4292;17;5076293;4292;403;5384;5408;5.27;0.33;290.53;3.19;1092;22;1840.00;24
4295;17;5076304;4295;400;5384;5408;5.37;0.33;290.51;3.19;1089;22;1841.00;24
4298;17;5076317;4298;403;5384;5409;5.42;0.33;290.49;3.19;1086;22;1842.00;25
4303;17;5076329;4303;399;5385;5409;5.46;0.34;290.45;3.20;1082;22;1843.00;24
4303;17;5076341;4303;404;5389;5415;5.50;0.34;290.45;3.20;1086;22;1844.00;26
4306;17;5076353;4306;400;5390;5417;5.53;0.34;290.59;3.19;1084;22;1845.00;27
4308;17;5076365;4308;399;5391;5417;5.54;0.34;290.57;3.20;1083;22;1846.00;26
4311;17;5076376;4311;400;5391;5417;5.58;0.34;290.62;3.20;1080;22;1847.00;26
4317;17;5076388;4317;392;5394;5421;5.58;0.34;290.62;3.20;1077;22;1848.00;27
4319;17;5076400;4319;390;5394;5421;5.63;0.35;290.71;3.20;1075;22;1849.00;27
4326;17;5076412;4326;389;5394;5421;5.70;0.35;290.76;3.20;1068;22;1850.00;27
4329;17;5076425;4329;387;5396;5422;5.78;0.36;290.87;3.21;1067;22;1851.00;26
4333;17;5076437;4333;391;5400;5426;5.86;0.36;290.71;3.21;1067;22;1852.00;26
4339;17;5076449;4339;385;5400;5426;5.86;0.36;290.98;3.21;1061;22;1853.00;26
4346;17;5076461;4346;387;5401;5429;5.80;0.36;291.05;3.21;1055;22;1854.00;28
4348;17;5076473;4348;387;5402;5429;5.80;0.36;290.93;3.21;1054;22;1855.00;27
4353;17;5076485;4353;391;5402;5429;5.79;0.36;290.94;3.21;1049;22;1856.00;27
4358;17;5076496;4358;395;5402;5429;5.76;0.35;291.15;3.21;1044;22;1857.00;27
4363;17;5076508;4363;397;5405;5433;5.74;0.35;291.16;3.21;1042;22;1858.00;28
4369;17;5076520;4369;403;5409;5433;5.71;0.35;291.22;3.24;1040;22;1859.00;24
4374;17;5076534;4374;406;5409;5433;5.64;0.35;291.33;3.24;1035;22;1860.00;24
4377;17;5076546;4377;410;5409;5433;5.63;0.34;291.46;3.24;1032;22;1861.00;24
4379;17;5076558;4379;405;5411;5434;5.62;0.34;291.51;3.24;1032;22;1862.00;23
4381;17;5076570;4381;396;5411;5435;5.65;0.35;291.43;3.24;1030;22;1863.00;24
4382;17;5076582;4382;396;5413;5435;5.72;0.35;291.51;3.25;1031;22;1864.00;22
4385;17;5076594;4385;388;5414;5436;5.73;0.35;291.70;3.25;1029;22;1865.00;22
4386;17;5076606;4386;390;5414;5436;5.78;0.35;291.78;3.25;1028;22;1866.00;22
4390;17;5076618;4390;386;5416;5436;5.84;0.36;291.90;3.26;1026;22;1867.00;20
4392;17;5076629;4392;382;5416;5436;5.82;0.35;291.90;3.26;1024;22;1868.00;20
4393;17;5076646;4393;382;5418;5436;5.86;0.36;291.87;3.26;1025;22;1869.00;18
4394;17;5076658;4394;385;5418;5436;5.90;0.36;291.93;3.26;1024;22;1870.00;18
4395;17;5076670;4395;374;5418;5436;5.95;0.36;292.06;3.26;1023;22;1871.00;18
4398;17;5076682;4398;392;5490;5563;6.19;0.38;292.21;3.22;1092;22;1872.00;73
4403;17;5076703;4403;376;5493;5564;6.27;0.39;292.37;3.22;1090;22;1873.00;71
4404;17;5076716;4404;360;5499;5564;6.41;0.39;292.44;3.22;1095;22;1874.00;65
4406;17;5076728;4406;354;5501;5564;6.45;0.40;292.44;3.22;1095;22;1875.00;63
4408;17;5076741;4408;349;5505;5564;6.49;0.40;292.49;3.22;1097;22;1876.00;59
4409;17;5076755;4409;345;5508;5564;6.50;0.40;292.49;3.22;1099;22;1877.00;56
4410;17;5076768;4410;341;5511;5564;6.51;0.40;292.52;3.22;1101;22;1878.00;53
4412;17;5076785;4412;348;5513;5564;6.48;0.40;292.70;3.22;1101;22;1879.00;51
4414;17;5076800;4414;351;5516;5565;6.46;0.40;292.72;3.23;1102;22;1880.00;49
4418;17;5076819;4418;360;5518;5566;6.39;0.39;292.88;3.23;1100;22;1881.00;48
4420;17;5076831;4420;367;5522;5568;6.32;0.39;292.88;3.23;1102;22;1882.00;46
4422;17;5076847;4422;367;5526;5569;6.27;0.39;292.87;3.25;1104;22;1883.00;43
4424;17;5076859;4424;374;5528;5569;6.29;0.39;292.92;3.25;1104;22;1884.00;41
4428;17;5076873;4428;377;5530;5569;6.25;0.38;293.18;3.26;1102;22;1885.00;39
4433;17;5076886;4433;378;5532;5569;6.25;0.38;293.31;3.26;1099;22;1886.00;37
4434;17;5076899;4434;373;5536;5573;6.32;0.39;293.35;3.26;1102;22;1887.00;37
4437;17;5076913;4437;376;5537;5573;6.33;0.39;293.46;3.26;1100;22;1888.00;36
4437;17;5076926;4437;374;5539;5573;6.36;0.39;293.46;3.28;1102;22;1889.00;34
4438;17;5076941;4438;375;5543;5579;6.40;0.39;293.49;3.27;1105;22;1890.00;36
4439;17;5076954;4439;375;5544;5579;6.45;0.39;293.52;3.28;1105;22;1891.00;35
4443;17;5076967;4443;376;5545;5579;6.50;0.40;293.70;3.28;1102;22;1892.00;34
4444;17;5076982;4444;375;5549;5583;6.54;0.40;293.67;3.28;1105;22;1893.00;34
4448;17;5076996;4448;379;5551;5584;6.54;0.40;293.70;3.28;1103;22;1894.00;33
4451;17;5077009;4451;380;5552;5584;6.60;0.40;293.80;3.29;1101;22;1895.00;32
4454;17;5077023;4454;376;5556;5588;6.68;0.41;293.83;3.30;1102;22;1896.00;32
4457;17;5077036;4457;375;5557;5588;6.67;0.41;293.94;3.30;1100;22;1897.00;31
4459;17;5077049;4459;376;5558;5588;6.63;0.40;293.99;3.31;1099;22;1898.00;30
4464;17;5077061;4464;380;5559;5589;6.64;0.40;294.09;3.31;1095;22;1899.00;30
4466;17;5077074;4466;375;5559;5589;6.62;0.40;294.10;3.31;1093;22;1900.00;30
4466;17;5077091;4466;378;5566;5595;6.70;0.41;294.10;3.33;1100;22;1901.00;29
4469;17;5077105;4469;373;5566;5595;6.68;0.41;294.16;3.33;1097;22;1902.00;29
4471;17;5077118;4471;381;5567;5596;6.71;0.41;294.35;3.33;1096;22;1903.00;29
4472;17;5077132;4472;381;5568;5596;6.65;0.41;294.41;3.35;1096;22;1904.00;28
4474;17;5077146;4474;378;5568;5596;6.59;0.40;294.47;3.35;1094;22;1905.00;28
4476;17;5077159;4476;371;5568;5596;6.51;0.40;294.49;3.35;1092;22;1906.00;28
4480;17;5077173;4480;371;5569;5596;6.46;0.39;294.51;3.36;1089;22;1907.00;27
4482;17;5077185;4482;369;5579;5608;6.44;0.39;294.48;3.36;1097;22;1908.00;29
4486;17;5077199;4486;363;5579;5608;6.42;0.39;294.52;3.36;1093;22;1909.00;29
4489;17;5077211;4489;359;5580;5608;6.36;0.39;294.63;3.36;1091;22;1910.00;28
4492;17;5077224;4492;360;5580;5608;6.32;0.39;294.63;3.36;1088;22;1911.00;28
4494;17;5077236;4494;353;5581;5608;6.32;0.39;294.77;3.38;1087;22;1912.00;27
4497;17;5077253;4497;347;5581;5608;6.36;0.39;294.89;3.38;1084;22;1913.00;27
4500;17;5077265;4500;345;5586;5612;6.32;0.39;294.98;3.39;1086;22;1914.00;26
4503;17;5077277;4503;347;5586;5612;6.27;0.38;295.12;3.39;1083;22;1915.00;26
4505;17;5077289;4505;343;5590;5616;6.26;0.38;295.15;3.39;1085;22;1916.00;26
4508;17;5077302;4508;340;5591;5617;6.25;0.38;295.14;3.39;1083;22;1917.00;26
4511;17;5077313;4511;339;5591;5617;6.13;0.37;295.45;3.39;1080;22;1918.00;26
4512;17;5077325;4512;339;5591;5617;6.09;0.37;295.51;3.39;1079;22;1919.00;26
4516;17;5077337;4516;342;5616;5646;6.00;0.37;295.64;3.41;1100;22;1920.00;30
4518;17;5077352;4518;334;5616;5646;5.98;0.36;295.78;3.41;1098;22;1921.00;30
4521;17;5077364;4521;336;5618;5646;5.96;0.36;295.86;3.41;1097;22;1922.00;28
4525;17;5077375;4525;331;5619;5647;5.97;0.36;295.98;3.41;1094;22;1923.00;28
4532;17;5077386;4532;334;5619;5648;5.93;0.36;296.03;3.41;1087;22;1924.00;29
4535;17;5077398;4535;333;5619;5648;5.97;0.36;296.22;3.41;1084;22;1925.00;29
4538;17;5077410;4538;338;5622;5651;6.03;0.37;296.36;3.41;1084;22;1926.00;29
4542;17;5077423;4542;341;5623;5651;6.00;0.36;296.44;3.41;1081;22;1927.00;28
4543;17;5077435;4543;345;5623;5651;5.97;0.36;296.48;3.41;1080;22;1928.00;28
4547;17;5077447;4547;341;5623;5651;5.92;0.36;296.45;3.41;1076;22;1929.00;28
4549;17;5077459;4549;346;5628;5657;5.92;0.36;296.48;3.40;1079;22;1930.00;29
4553;17;5077476;4553;340;5628;5657;5.85;0.36;296.58;3.40;1075;22;1931.00;29
4557;17;5077488;4557;349;5628;5657;5.84;0.35;296.83;3.40;1071;22;1932.00;29
4559;17;5077501;4559;345;5628;5657;5.82;0.35;296.86;3.40;1069;22;1933.00;29
4561;17;5077513;4561;352;5631;5661;5.82;0.35;296.94;3.40;1070;22;1934.00;30
4562;17;5077526;4562;356;5633;5663;5.82;0.35;296.96;3.40;1071;22;1935.00;30
4564;17;5077539;4564;355;5633;5663;5.83;0.35;296.98;3.40;1069;22;1936.00;30
4566;17;5077553;4566;360;5634;5664;5.86;0.36;296.98;3.40;1068;22;1937.00;30
4567;17;5077565;4567;368;5634;5664;5.87;0.36;296.94;3.40;1067;22;1938.00;30
4567;17;5077577;4567;369;5634;5664;5.86;0.36;296.94;3.40;1067;22;1939.00;30
4568;17;5077589;4568;378;5634;5664;5.85;0.36;296.90;3.40;1066;22;1940.00;30
4570;17;5077601;4570;381;5634;5664;5.89;0.36;296.85;3.40;1064;22;1941.00;30
4570;17;5077612;4570;383;5634;5664;5.90;0.36;296.85;3.40;1064;22;1942.00;30
4574;17;5077625;4574;382;5634;5664;5.79;0.35;296.77;3.40;1060;22;1943.00;30
4577;17;5077636;4577;397;5667;5734;5.96;0.36;296.82;3.38;1090;22;1944.00;67
4577;17;5077655;4577;398;5667;5735;5.93;0.36;296.82;3.38;1090;22;1945.00;68
4579;17;5077668;4579;406;5676;5735;5.95;0.36;296.72;3.38;1097;22;1946.00;59
4580;17;5077681;4580;416;5681;5735;5.86;0.36;296.70;3.38;1101;22;1947.00;54
4581;17;5077694;4581;417;5687;5735;5.81;0.36;296.65;3.40;1106;22;1948.00;48
4581;17;5077706;4581;420;5690;5735;5.74;0.35;296.65;3.41;1109;22;1949.00;45
4583;17;5077719;4583;433;5699;5737;5.63;0.34;296.58;3.49;1116;22;1950.00;38
4584;17;5077732;4584;435;5701;5737;5.58;0.34;296.63;3.49;1117;22;1951.00;36
4585;17;5077744;4585;440;5703;5738;5.57;0.34;296.72;3.49;1118;22;1952.00;35
4587;17;5077756;4587;438;5705;5739;5.52;0.34;296.68;3.49;1118;22;1953.00;34
4591;17;5077769;4591;444;5708;5739;5.47;0.33;296.54;3.51;1117;22;1954.00;31
4592;17;5077784;4592;456;5713;5743;5.48;0.34;296.48;3.53;1121;22;1955.00;30
4594;17;5077797;4594;460;5715;5743;5.47;0.33;296.43;3.55;1121;22;1956.00;28
4596;17;5077810;4596;461;5715;5743;5.39;0.33;296.34;3.55;1119;22;1957.00;28
4596;17;5077822;4596;468;5718;5743;5.30;0.32;296.34;3.59;1122;22;1958.00;25
4598;17;5077833;4598;475;5723;5749;5.26;0.32;296.29;3.59;1125;22;1959.00;26
4600;17;5077845;4600;481;5723;5749;5.13;0.31;296.23;3.59;1123;22;1960.00;26
4602;17;5077857;4602;486;5724;5749;5.02;0.31;296.16;3.60;1122;22;1961.00;25
4605;17;5077869;4605;493;5726;5752;4.91;0.30;296.03;3.60;1121;22;1962.00;26
4608;17;5077880;4608;505;5726;5752;4.83;0.30;296.01;3.60;1118;22;1963.00;26
4610;17;5077894;4610;513;5732;5752;4.75;0.29;295.94;3.68;1122;22;1964.00;20
4611;17;5077907;4611;516;5732;5753;4.70;0.29;295.92;3.68;1121;22;1965.00;21
4613;17;5077920;4613;517;5733;5754;4.67;0.28;295.88;3.68;1120;22;1966.00;21
4615;17;5077932;4615;522;5734;5754;4.63;0.28;295.82;3.69;1119;22;1967.00;20
4617;17;5077943;4617;533;5745;5767;4.62;0.28;295.75;3.69;1128;22;1968.00;22
4617;17;5077957;4617;535;5746;5767;4.62;0.28;295.75;3.70;1129;22;1969.00;21
4617;17;5077970;4617;539;5746;5767;4.61;0.28;295.75;3.70;1129;22;1970.00;21
4619;17;5077982;4619;542;5747;5768;4.54;0.28;295.64;3.70;1128;22;1971.00;21
4622;17;5077996;4622;545;5747;5768;4.48;0.27;295.51;3.70;1125;22;1972.00;21
4624;17;5078007;4624;546;5751;5772;4.47;0.27;295.43;3.70;1127;22;1973.00;21
4624;17;5078020;4624;560;5751;5772;4.39;0.27;295.43;3.70;1127;22;1974.00;21
4625;17;5078030;4625;561;5754;5776;4.34;0.26;295.40;3.69;1129;23;1975.00;22
4627;17;5078054;4627;565;5754;5776;4.22;0.26;295.44;3.69;1127;23;1976.00;22
4631;17;5078065;4631;568;5754;5776;4.06;0.25;295.33;3.69;1123;23;1977.00;22
4633;17;5078075;4633;556;5754;5776;3.92;0.24;295.25;3.69;1121;23;1978.00;22
4637;17;5078086;4637;553;5754;5776;3.83;0.23;295.19;3.69;1117;23;1979.00;22
4639;17;5078098;4639;530;5780;5810;4.02;0.25;295.20;3.68;1141;23;1980.00;30
4642;17;5078111;4642;518;5780;5810;4.01;0.25;295.24;3.68;1138;23;1981.00;30
4644;17;5078122;4644;514;5782;5810;4.04;0.25;295.31;3.68;1138;23;1982.00;28
4646;17;5078132;4646;505;5782;5810;4.08;0.25;295.36;3.68;1136;23;1983.00;28
4649;17;5078143;4649;499;5783;5810;4.08;0.25;295.37;3.68;1134;23;1984.00;27
4650;17;5078154;4650;492;5783;5810;4.18;0.26;295.42;3.68;1133;23;1985.00;27
4654;17;5078165;4654;496;5783;5811;4.24;0.26;295.51;3.68;1129;23;1986.00;28
4656;17;5078181;4656;486;5783;5811;4.30;0.26;295.52;3.68;1127;23;1987.00;28
4658;17;5078193;4658;478;5788;5817;4.40;0.27;295.62;3.68;1130;23;1988.00;29
4663;17;5078205;4663;469;5789;5818;4.46;0.27;295.74;3.67;1126;23;1989.00;29
4663;17;5078217;4663;467;5789;5818;4.61;0.28;295.74;3.67;1126;23;1990.00;29
4667;18;5078229;4667;467;5789;5818;4.71;0.29;295.67;3.67;1122;24;1991.00;29
4667;18;5078255;4667;459;5792;5822;4.87;0.30;295.67;3.67;1125;24;1992.00;30
4669;19;5078271;4669;456;5792;5822;4.94;0.30;295.72;3.67;1123;25;1993.00;30
4671;19;5078296;4671;448;5792;5822;5.03;0.31;295.76;3.67;1121;25;1994.00;30
4673;19;5078308;4673;450;5793;5823;5.13;0.31;295.72;3.67;1120;25;1995.00;30
4676;19;5078325;4676;450;5796;5827;5.20;0.32;295.71;3.67;1120;25;1996.00;31
4678;19;5078337;4678;446;5796;5827;5.22;0.32;295.65;3.67;1118;25;1997.00;31
4683;19;5078348;4683;442;5798;5830;5.30;0.32;295.70;3.67;1115;25;1998.00;32
4688;19;5078360;4688;442;5798;5830;5.28;0.32;295.67;3.67;1110;25;1999.00;32
4692;19;5078375;4692;441;5799;5830;5.24;0.32;295.85;3.67;1107;25;2000.00;31
4698;19;5078391;4698;435;5799;5830;5.21;0.32;295.78;3.67;1101;25;2001.00;31
4701;19;5078404;4701;434;5803;5834;5.22;0.32;295.83;3.67;1102;25;2002.00;31
4704;19;5078416;4704;431;5803;5834;5.16;0.31;295.72;3.67;1099;25;2003.00;31
4708;19;5078430;4708;430;5803;5834;5.17;0.31;295.84;3.67;1095;25;2004.00;31
4711;19;5078465;4711;427;5803;5834;5.16;0.31;295.86;3.67;1092;25;2005.00;31
4713;19;5078476;4713;429;5803;5835;5.19;0.32;295.88;3.67;1090;25;2006.00;32
4715;19;5078488;4715;421;5804;5836;5.22;0.32;295.90;3.67;1089;25;2007.00;32
4721;19;5078500;4721;420;5804;5836;5.18;0.32;296.07;3.67;1083;25;2008.00;32
4724;19;5078512;4724;418;5805;5837;5.16;0.31;296.03;3.67;1081;25;2009.00;32
4727;19;5078526;4727;413;5805;5837;5.19;0.32;296.04;3.67;1078;25;2010.00;32
4730;19;5078540;4730;415;5805;5837;5.20;0.32;296.12;3.67;1075;25;2011.00;32
4734;19;5078552;4734;415;5805;5837;5.24;0.32;296.28;3.67;1071;25;2012.00;32
4737;19;5078564;4737;415;5805;5837;5.30;0.32;296.42;3.67;1068;25;2013.00;32
4741;19;5078576;4741;417;5805;5837;5.36;0.33;296.63;3.67;1064;25;2014.00;32
4744;19;5078588;4744;419;5805;5837;5.44;0.33;296.56;3.67;1061;25;2015.00;32
4747;19;5078599;4747;439;5879;5964;5.72;0.35;296.75;3.62;1132;25;2016.00;85
4751;19;5078627;4751;427;5881;5965;5.77;0.36;297.05;3.62;1130;25;2017.00;84
4755;19;5078640;4755;415;5886;5965;5.86;0.36;297.10;3.62;1131;25;2018.00;79
4757;19;5078652;4757;412;5889;5965;5.98;0.37;297.16;3.62;1132;25;2019.00;76
4761;19;5078664;4761;408;5892;5965;6.04;0.37;297.30;3.62;1131;25;2020.00;73
4763;19;5078678;4763;405;5895;5965;6.06;0.37;297.35;3.62;1132;25;2021.00;70
4767;19;5078689;4767;409;5899;5965;6.05;0.37;297.57;3.62;1132;25;2022.00;66
4769;19;5078702;4769;410;5901;5965;6.03;0.37;297.69;3.62;1132;25;2023.00;64
4774;19;5078714;4774;409;5902;5966;5.99;0.37;297.65;3.62;1128;25;2024.00;64
4775;19;5078727;4775;416;5905;5968;5.92;0.36;297.67;3.62;1130;25;2025.00;63
4777;19;5078740;4777;421;5907;5968;5.87;0.36;297.78;3.63;1130;25;2026.00;61
4783;19;5078753;4783;420;5908;5969;5.81;0.35;298.00;3.63;1125;25;2027.00;61
4786;19;5078766;4786;417;5910;5969;5.77;0.35;298.16;3.63;1124;25;2028.00;59
4789;19;5078778;4789;425;5911;5969;5.74;0.35;298.28;3.63;1122;25;2029.00;58
4792;19;5078791;4792;424;5912;5969;5.79;0.35;298.50;3.63;1120;25;2030.00;57
4794;19;5078803;4794;427;5916;5973;5.81;0.35;298.65;3.64;1122;25;2031.00;57
4794;19;5078816;4794;427;5918;5973;5.84;0.36;298.65;3.65;1124;25;2032.00;55
4796;19;5078829;4796;433;5920;5973;5.85;0.36;298.68;3.66;1124;25;2033.00;53
4797;19;5078842;4797;436;5923;5976;5.82;0.36;298.62;3.66;1126;25;2034.00;53
4801;19;5078855;4801;432;5924;5976;5.78;0.35;298.69;3.67;1123;25;2035.00;52
4805;19;5078872;4805;431;5926;5976;5.76;0.35;298.85;3.67;1121;25;2036.00;50
4806;19;5078886;4806;427;5931;5980;5.74;0.35;298.87;3.67;1125;25;2037.00;49
4810;19;5078899;4810;426;5933;5981;5.75;0.35;299.06;3.68;1123;25;2038.00;48
4812;19;5078912;4812;428;5933;5981;5.82;0.36;299.16;3.68;1121;25;2039.00;48
4817;19;5078927;4817;427;5935;5986;5.91;0.36;299.29;3.67;1118;25;2040.00;51
4820;19;5078941;4820;425;5936;5986;5.94;0.36;299.44;3.68;1116;25;2041.00;50
4822;19;5078956;4822;428;5939;5986;5.98;0.36;299.58;3.68;1117;25;2042.00;47
4823;19;5078969;4823;436;5939;5987;5.98;0.36;299.59;3.68;1116;25;2043.00;48
4824;19;5078982;4824;440;5941;5987;6.00;0.36;299.72;3.69;1117;25;2044.00;46
4827;19;5079000;4827;442;5947;5993;5.99;0.36;299.80;3.68;1120;25;2045.00;46
4828;19;5079013;4828;442;5948;5993;6.00;0.36;299.92;3.68;1120;25;2046.00;45
4830;19;5079026;4830;440;5948;5994;5.96;0.36;299.94;3.68;1118;25;2047.00;46
4832;19;5079039;4832;432;5948;5994;5.93;0.36;300.01;3.68;1116;25;2048.00;46
4832;19;5079052;4832;434;5948;5994;5.91;0.36;300.01;3.68;1116;25;2049.00;46
4833;19;5079064;4833;423;5948;5994;5.88;0.36;300.11;3.68;1115;25;2050.00;46
4837;19;5079077;4837;416;5948;5994;5.88;0.36;300.40;3.68;1111;25;2051.00;46
4841;19;5079089;4841;414;5959;6006;5.85;0.36;300.63;3.69;1118;25;2052.00;47
4843;19;5079103;4843;419;5959;6006;5.89;0.36;300.82;3.69;1116;25;2053.00;47
4844;19;5079115;4844;416;5960;6006;5.93;0.36;300.83;3.69;1116;25;2054.00;46
4848;19;5079127;4848;420;5960;6006;5.90;0.36;300.84;3.69;1112;25;2055.00;46
4851;19;5079140;4851;419;5960;6006;5.88;0.36;300.91;3.69;1109;25;2056.00;46
4854;19;5079152;4854;425;5960;6006;5.80;0.35;301.05;3.69;1106;25;2057.00;46
4855;19;5079164;4855;420;5963;6010;5.71;0.35;301.05;3.69;1108;25;2058.00;47
4855;20;5079176;4855;418;5963;6010;5.66;0.34;301.05;3.69;1108;26;2059.00;47
4858;20;5079198;4858;417;5967;6014;5.62;0.34;301.06;3.69;1109;26;2060.00;47
4861;20;5079211;4861;424;5968;6015;5.61;0.34;301.10;3.69;1107;26;2061.00;47
4862;20;5079223;4862;430;5969;6015;5.56;0.34;301.16;3.70;1107;26;2062.00;46
4864;20;5079233;4864;432;5969;6015;5.48;0.33;301.17;3.70;1105;26;2063.00;46
4865;20;5079246;4865;437;5980;6028;5.47;0.33;301.15;3.70;1115;26;2064.00;48
4866;20;5079258;4866;433;5980;6028;5.37;0.33;301.17;3.70;1114;26;2065.00;48
4868;20;5079269;4868;447;5980;6028;5.30;0.32;301.21;3.70;1112;26;2066.00;48
4868;20;5079280;4868;452;5981;6029;5.33;0.33;301.21;3.70;1113;26;2067.00;48
4869;20;5079291;4869;453;5981;6030;5.33;0.33;301.25;3.70;1112;26;2068.00;49
4872;20;5079302;4872;456;5981;6030;5.24;0.32;301.27;3.70;1109;26;2069.00;49
4873;20;5079317;4873;449;5985;6036;5.26;0.32;301.30;3.69;1112;26;2070.00;51
4875;20;5079329;4875;445;5985;6036;5.23;0.32;301.29;3.69;1110;26;2071.00;51
4877;20;5079340;4877;439;5988;6036;5.23;0.32;301.25;3.71;1111;26;2072.00;48
4877;20;5079352;4877;432;5988;6036;5.24;0.32;301.25;3.71;1111;26;2073.00;48
4877;20;5079364;4877;430;5993;6042;5.26;0.32;301.25;3.71;1116;26;2074.00;49
4880;20;5079376;4880;430;5993;6042;5.22;0.32;301.41;3.71;1113;26;2075.00;49
4882;20;5079388;4882;426;5993;6042;5.21;0.32;301.45;3.71;1111;26;2076.00;49
4885;20;5079400;4885;419;5993;6042;5.22;0.32;301.47;3.71;1108;26;2077.00;49
4888;20;5079411;4888;419;5996;6046;5.30;0.32;301.52;3.70;1108;26;2078.00;50
4891;20;5079425;4891;409;5997;6047;5.33;0.32;301.65;3.70;1106;26;2079.00;50
4894;20;5079436;4894;404;5997;6047;5.36;0.32;301.77;3.70;1103;26;2080.00;50
4896;20;5079448;4896;405;5998;6048;5.40;0.33;301.81;3.70;1102;26;2081.00;50
4899;20;5079459;4899;401;5998;6048;5.39;0.33;301.87;3.70;1099;26;2082.00;50
4901;20;5079470;4901;396;5998;6048;5.37;0.33;301.86;3.70;1097;26;2083.00;50
4902;20;5079481;4902;398;5999;6048;5.37;0.33;301.85;3.73;1097;26;2084.00;49
4905;20;5079493;4905;401;5999;6048;5.36;0.33;301.80;3.73;1094;26;2085.00;49
4907;20;5079504;4907;406;6000;6048;5.37;0.33;301.83;3.76;1093;26;2086.00;48
4911;20;5079514;4911;399;6000;6048;5.39;0.33;301.80;3.76;1089;26;2087.00;48
4914;20;5079525;4914;410;6032;6118;5.60;0.34;301.79;3.74;1118;26;2088.00;86
4917;20;5079542;4917;410;6035;6119;5.55;0.34;301.70;3.74;1118;26;2089.00;84
4917;20;5079555;4917;408;6041;6119;5.60;0.34;301.70;3.74;1124;26;2090.00;78
4919;20;5079568;4919;416;6044;6119;5.56;0.34;301.65;3.74;1125;26;2091.00;75
4920;20;5079580;4920;410;6048;6119;5.58;0.34;301.67;3.74;1128;26;2092.00;71
4920;20;5079592;4920;416;6051;6119;5.54;0.34;301.67;3.74;1131;26;2093.00;68
4923;20;5079604;4923;413;6054;6119;5.50;0.34;301.60;3.74;1131;26;2094.00;65
4927;20;5079615;4927;421;6057;6119;5.46;0.33;301.60;3.74;1130;26;2095.00;62
4929;20;5079626;4929;416;6060;6120;5.42;0.33;301.51;3.75;1131;26;2096.00;60
4932;20;5079637;4932;419;6062;6121;5.35;0.32;301.41;3.75;1130;26;2097.00;59
4935;20;5079649;4935;424;6065;6121;5.30;0.32;301.39;3.75;1130;26;2098.00;56
4935;20;5079661;4935;428;6070;6125;5.24;0.32;301.39;3.75;1135;26;2099.00;55
4937;20;5079674;4937;434;6075;6140;5.16;0.31;301.34;3.75;1138;26;2100.00;65
4939;20;5079693;4939;428;6076;6140;5.09;0.31;301.27;3.78;1137;26;2101.00;64
4939;20;5079705;4939;430;6076;6140;5.05;0.31;301.27;3.78;1137;26;2102.00;64
4942;20;5079716;4942;434;6080;6146;4.98;0.30;301.13;3.78;1138;26;2103.00;66
4943;20;5079728;4943;445;6080;6146;4.97;0.30;301.12;3.78;1137;26;2104.00;66
4944;20;5079740;4944;447;6080;6146;4.88;0.30;301.08;3.78;1136;26;2105.00;66
4944;20;5079751;4944;450;6084;6149;4.89;0.30;301.08;3.78;1140;26;2106.00;65
4946;20;5079763;4946;451;6086;6149;4.87;0.30;300.98;3.81;1140;26;2107.00;63
4947;20;5079775;4947;452;6086;6149;4.89;0.30;300.97;3.81;1139;26;2108.00;63
4947;20;5079787;4947;455;6086;6150;4.88;0.30;300.97;3.81;1139;26;2109.00;64
4947;20;5079799;4947;456;6087;6151;4.89;0.30;300.97;3.81;1140;26;2110.00;64
4947;20;5079811;4947;462;6090;6151;4.90;0.30;300.97;3.87;1143;26;2111.00;61
4949;20;5079828;4949;462;6100;6164;4.87;0.30;300.96;3.87;1151;26;2112.00;64
4952;20;5079841;4952;465;6101;6164;4.79;0.29;300.83;3.90;1149;26;2113.00;63
4955;20;5079852;4955;466;6103;6164;4.73;0.29;300.78;3.93;1148;26;2114.00;61
4956;20;5079864;4956;469;6106;6166;4.74;0.29;300.76;3.96;1150;26;2115.00;60
4958;20;5079875;4958;472;6106;6166;4.70;0.29;300.68;3.96;1148;26;2116.00;60
4960;20;5079886;4960;480;6110;6170;4.71;0.29;300.74;3.96;1150;26;2117.00;60
4961;20;5079896;4961;474;6113;6170;4.69;0.29;300.83;4.02;1152;26;2118.00;57
4963;20;5079907;4963;485;6116;6174;4.68;0.29;300.80;4.02;1153;26;2119.00;58
4965;20;5079917;4965;493;6116;6174;4.64;0.28;300.74;4.02;1151;26;2120.00;58
4967;20;5079928;4967;497;6116;6174;4.59;0.28;300.67;4.02;1149;26;2121.00;58
4967;20;5079938;4967;500;6118;6174;4.54;0.28;300.67;4.05;1151;26;2122.00;56
4968;20;5079948;4968;502;6118;6174;4.50;0.28;300.62;4.05;1150;26;2123.00;56
4971;20;5079959;4971;507;6128;6186;4.50;0.28;300.53;4.08;1157;26;2124.00;58
4972;20;5079971;4972;497;6129;6186;4.49;0.28;300.49;4.08;1157;26;2125.00;57
4973;20;5079981;4973;495;6133;6186;4.51;0.28;300.50;4.11;1160;26;2126.00;53
4975;20;5079992;4975;494;6133;6186;4.46;0.27;300.47;4.11;1158;26;2127.00;53
4978;20;5080003;4978;489;6136;6186;4.43;0.27;300.44;4.14;1158;26;2128.00;50
4979;20;5080014;4979;483;6138;6186;4.42;0.27;300.41;4.20;1159;26;2129.00;48
4979;20;5080026;4979;476;6139;6187;4.41;0.27;300.41;4.20;1160;26;2130.00;48
4979;20;5080036;4979;465;6139;6187;4.40;0.27;300.41;4.20;1160;26;2131.00;48
4980;20;5080051;4980;463;6146;6193;4.51;0.27;300.38;4.24;1166;26;2132.00;47
4983;20;5080062;4983;449;6147;6194;4.51;0.27;300.32;4.24;1164;26;2133.00;47
4984;20;5080076;4984;454;6149;6194;4.50;0.27;300.39;4.29;1165;26;2134.00;45
4986;20;5080091;4986;452;6149;6194;4.49;0.27;300.29;4.29;1163;26;2135.00;45
4986;20;5080103;4986;456;6152;6198;4.56;0.28;300.29;4.29;1166;26;2136.00;46
4987;20;5080119;4987;447;6154;6198;4.53;0.27;300.26;4.34;1167;26;2137.00;44
4987;20;5080132;4987;451;6154;6198;4.53;0.27;300.26;4.34;1167;26;2138.00;44
4987;20;5080144;4987;454;6155;6199;4.56;0.28;300.26;4.34;1168;26;2139.00;44
4988;20;5080163;4988;457;6160;6203;4.52;0.27;300.22;4.39;1172;26;2140.00;43
4989;20;5080180;4989;456;6160;6203;4.48;0.27;300.18;4.39;1171;26;2141.00;43
4991;20;5080195;4991;458;6164;6206;4.43;0.27;300.20;4.43;1173;26;2142.00;42
4992;20;5080213;4992;460;6164;6206;4.38;0.27;300.17;4.43;1172;26;2143.00;42
4995;20;5080229;4995;465;6167;6206;4.35;0.26;300.15;4.47;1172;26;2144.00;39
4996;20;5080245;4996;453;6167;6206;4.39;0.27;300.14;4.47;1171;26;2145.00;39
5000;20;5080261;5000;453;6171;6210;4.44;0.27;300.19;4.47;1171;26;2146.00;39
5002;20;5080277;5002;444;6173;6210;4.44;0.27;300.16;4.51;1171;26;2147.00;37
5005;20;5080295;5005;437;6173;6210;4.45;0.27;300.21;4.51;1168;26;2148.00;37
5008;20;5080310;5008;439;6173;6210;4.48;0.27;300.17;4.51;1165;26;2149.00;37
5011;20;5080326;5011;441;6173;6211;4.52;0.28;300.14;4.51;1162;26;2150.00;38
5013;20;5080341;5013;440;6174;6212;4.60;0.28;300.11;4.51;1161;26;2151.00;38
5014;20;5080354;5014;437;6174;6212;4.68;0.29;300.13;4.51;1160;26;2152.00;38
5017;20;5080365;5017;435;6175;6213;4.78;0.29;300.13;4.51;1158;26;2153.00;38
5021;20;5080378;5021;426;6175;6213;4.86;0.30;300.13;4.51;1154;26;2154.00;38
5023;20;5080390;5023;424;6175;6213;4.95;0.30;300.19;4.51;1152;26;2155.00;38
5025;20;5080402;5025;414;6175;6213;5.03;0.31;300.31;4.51;1150;26;2156.00;38
5028;20;5080413;5028;408;6175;6213;5.11;0.31;300.45;4.51;1147;26;2157.00;38
5032;20;5080425;5032;398;6175;6213;5.17;0.31;300.59;4.51;1143;26;2158.00;38
5034;20;5080438;5034;400;6175;6213;5.24;0.32;300.68;4.51;1141;26;2159.00;38
5038;20;5080452;5038;415;6265;6443;5.81;0.36;300.73;4.45;1227;26;2160.00;178
5038;20;5080481;5038;407;6273;6444;5.98;0.37;300.73;4.44;1235;26;2161.00;171
5045;20;5080496;5045;397;6287;6444;6.03;0.38;301.19;4.46;1242;26;2162.00;157
5049;20;5080509;5049;393;6297;6444;6.10;0.38;301.33;4.46;1248;26;2163.00;147
5053;20;5080522;5053;391;6306;6444;6.11;0.38;301.40;4.46;1253;26;2164.00;138
5058;20;5080536;5058;392;6314;6444;6.06;0.37;301.66;4.46;1256;26;2165.00;130
5060;20;5080549;5060;383;6322;6444;6.02;0.37;301.71;4.46;1262;26;2166.00;122
5064;20;5080563;5064;383;6326;6444;5.97;0.37;301.77;4.46;1262;26;2167.00;118
5068;20;5080576;5068;388;6335;6445;5.89;0.36;301.93;4.47;1267;26;2168.00;110
5071;20;5080592;5071;400;6338;6446;5.81;0.36;302.09;4.47;1267;26;2169.00;108
5074;20;5080606;5074;409;6345;6446;5.72;0.35;302.12;4.48;1271;26;2170.00;101
5075;20;5080621;5075;408;6346;6447;5.64;0.35;302.25;4.48;1271;26;2171.00;101
5080;20;5080633;5080;418;6349;6447;5.49;0.34;302.43;4.48;1269;26;2172.00;98
5083;20;5080647;5083;420;6351;6447;5.44;0.34;302.54;4.48;1268;26;2173.00;96
5086;20;5080660;5086;428;6353;6447;5.40;0.33;302.60;4.49;1267;26;2174.00;94
5091;21;5080674;5091;433;6356;6451;5.34;0.33;302.90;4.49;1265;27;2175.00;95
5094;21;5080698;5094;435;6357;6451;5.31;0.33;302.90;4.49;1263;27;2176.00;94
5102;21;5080713;5102;434;6359;6451;5.24;0.32;303.28;4.49;1257;27;2177.00;92
5104;21;5080727;5104;437;6360;6454;5.24;0.32;303.20;4.49;1256;27;2178.00;94
5110;21;5080741;5110;439;6362;6454;5.25;0.32;303.46;4.50;1252;27;2179.00;92
5115;21;5080755;5115;436;6364;6454;5.22;0.32;303.70;4.50;1249;27;2180.00;90
5118;21;5080770;5118;443;6367;6458;5.27;0.32;303.93;4.50;1249;27;2181.00;91
5123;21;5080783;5123;458;6370;6459;5.28;0.32;303.99;4.53;1247;27;2182.00;89
5126;21;5080799;5126;456;6371;6459;5.29;0.32;304.14;4.54;1245;27;2183.00;88
5129;21;5080812;5129;460;6372;6463;5.27;0.32;304.13;4.54;1243;27;2184.00;91
5131;21;5080826;5131;466;6373;6463;5.22;0.32;304.21;4.54;1242;27;2185.00;90
5133;21;5080839;5133;474;6374;6463;5.19;0.32;304.20;4.54;1241;27;2186.00;89
5135;21;5080852;5135;474;6375;6464;5.14;0.31;304.31;4.54;1240;27;2187.00;89
5137;21;5080868;5137;478;6375;6464;5.12;0.31;304.42;4.54;1238;27;2188.00;89
5139;21;5080881;5139;479;6378;6470;5.08;0.31;304.59;4.54;1239;27;2189.00;92
5142;21;5080898;5142;481;6379;6470;5.05;0.31;304.75;4.55;1237;27;2190.00;91
5143;21;5080912;5143;487;6379;6471;5.06;0.31;304.78;4.55;1236;27;2191.00;92
5145;21;5080925;5145;489;6379;6471;5.09;0.31;304.83;4.55;1234;27;2192.00;92
5145;21;5080938;5145;480;6379;6471;5.11;0.31;304.83;4.55;1234;27;2193.00;92
5151;21;5080953;5151;470;6380;6471;5.13;0.31;305.09;4.55;1229;27;2194.00;91
5153;21;5080967;5153;468;6382;6471;5.20;0.32;305.10;4.56;1229;27;2195.00;89
5156;21;5080982;5156;474;6389;6483;5.26;0.32;305.30;4.57;1233;27;2196.00;94
5158;21;5080999;5158;481;6392;6483;5.33;0.33;305.52;4.58;1234;27;2197.00;91
5162;21;5081015;5162;490;6395;6483;5.34;0.33;305.72;4.58;1233;27;2198.00;88
5164;21;5081030;5164;490;6396;6483;5.42;0.33;305.95;4.59;1232;27;2199.00;87
5167;21;5081046;5167;498;6396;6483;5.45;0.33;306.06;4.59;1229;27;2200.00;87
5171;21;5081064;5171;488;6399;6483;5.48;0.33;306.29;4.60;1228;27;2201.00;84
5175;21;5081084;5175;484;6404;6487;5.49;0.33;306.48;4.60;1229;27;2202.00;83
5176;21;5081100;5176;480;6404;6487;5.52;0.34;306.51;4.60;1228;27;2203.00;83
5179;21;5081114;5179;472;6407;6491;5.55;0.34;306.62;4.60;1228;27;2204.00;84
5180;21;5081134;5180;474;6412;6493;5.55;0.34;306.65;4.61;1232;27;2205.00;81
5181;21;5081149;5181;482;6413;6493;5.51;0.34;306.68;4.61;1232;27;2206.00;80
5184;21;5081163;5184;480;6414;6493;5.50;0.34;306.85;4.62;1230;27;2207.00;79
5187;21;5081176;5187;478;6423;6506;5.52;0.34;306.91;4.61;1236;27;2208.00;83
5190;21;5081191;5190;483;6424;6506;5.50;0.33;306.99;4.61;1234;27;2209.00;82
5194;21;5081205;5194;488;6427;6508;5.44;0.33;307.18;4.61;1233;27;2210.00;81
5197;21;5081219;5197;489;6428;6509;5.44;0.33;307.27;4.61;1231;27;2211.00;81
5200;21;5081233;5200;490;6428;6510;5.45;0.33;307.34;4.61;1228;27;2212.00;82
5203;21;5081246;5203;486;6429;6510;5.48;0.33;307.45;4.62;1226;27;2213.00;81
5207;21;5081260;5207;480;6433;6513;5.46;0.33;307.51;4.62;1226;27;2214.00;80
5208;21;5081274;5208;482;6433;6513;5.49;0.34;307.58;4.62;1225;27;2215.00;80
5211;21;5081287;5211;483;6434;6513;5.49;0.33;307.69;4.62;1223;27;2216.00;79
5216;21;5081299;5216;486;6434;6513;5.51;0.34;307.75;4.62;1218;27;2217.00;79
5219;21;5081314;5219;482;6439;6519;5.49;0.33;307.73;4.62;1220;27;2218.00;80
5220;21;5081328;5220;483;6439;6519;5.47;0.33;307.83;4.62;1219;27;2219.00;80
5222;21;5081343;5222;489;6439;6519;5.49;0.33;307.96;4.62;1217;27;2220.00;80
5223;21;5081356;5223;494;6439;6519;5.48;0.33;308.04;4.62;1216;27;2221.00;80
5225;21;5081369;5225;496;6442;6523;5.46;0.33;308.16;4.61;1217;27;2222.00;81
5230;21;5081383;5230;493;6443;6524;5.45;0.33;308.31;4.61;1213;27;2223.00;81
5233;21;5081397;5233;497;6443;6524;5.41;0.33;308.43;4.61;1210;27;2224.00;81
5235;21;5081409;5235;509;6444;6525;5.42;0.33;308.52;4.61;1209;27;2225.00;81
5239;21;5081422;5239;504;6445;6525;5.39;0.33;308.55;4.62;1206;27;2226.00;80
5243;21;5081435;5243;513;6445;6525;5.35;0.33;308.71;4.62;1202;27;2227.00;80
5245;21;5081448;5245;515;6445;6525;5.30;0.32;308.64;4.62;1200;27;2228.00;80
5247;21;5081461;5247;514;6445;6525;5.24;0.32;308.71;4.62;1198;27;2229.00;80
5248;21;5081474;5248;523;6445;6525;5.24;0.32;308.80;4.62;1197;27;2230.00;80
5251;21;5081486;5251;527;6445;6525;5.19;0.32;308.97;4.62;1194;27;2231.00;80
5256;21;5081498;5256;535;6473;6595;5.16;0.32;309.13;4.60;1217;27;2232.00;122
5257;21;5081514;5257;540;6474;6596;5.11;0.31;309.14;4.60;1217;27;2233.00;122
5258;21;5081527;5258;546;6480;6596;5.12;0.31;309.16;4.60;1222;27;2234.00;116
5258;21;5081538;5258;549;6482;6596;5.13;0.31;309.16;4.60;1224;27;2235.00;114
5261;21;5081556;5261;552;6485;6596;5.09;0.31;309.26;4.60;1224;27;2236.00;111
5262;21;5081567;5262;543;6486;6596;5.03;0.31;309.27;4.61;1224;27;2237.00;110
5264;21;5081580;5264;547;6490;6596;4.98;0.31;309.33;4.61;1226;27;2238.00;106
5266;21;5081592;5266;552;6491;6596;4.92;0.30;309.25;4.61;1225;27;2239.00;105
5267;21;5081604;5267;547;6494;6597;4.90;0.30;309.26;4.61;1227;27;2240.00;103
5269;21;5081617;5269;544;6497;6598;4.93;0.30;309.25;4.61;1228;27;2241.00;101
5271;21;5081629;5271;543;6500;6598;4.94;0.30;309.22;4.62;1229;27;2242.00;98
5276;21;5081641;5276;538;6507;6602;4.91;0.30;309.24;4.63;1231;27;2243.00;95
5277;21;5081655;5277;537;6508;6602;4.93;0.30;309.26;4.63;1231;27;2244.00;94
5280;21;5081667;5280;528;6510;6602;4.89;0.30;309.22;4.63;1230;27;2245.00;92
5283;21;5081680;5283;521;6510;6602;4.86;0.30;309.47;4.63;1227;27;2246.00;92
5289;21;5081693;5289;511;6514;6608;4.84;0.30;309.52;4.63;1225;27;2247.00;94
5292;21;5081706;5292;505;6514;6608;4.85;0.30;309.55;4.63;1222;27;2248.00;94
5296;21;5081717;5296;503;6515;6608;4.81;0.29;309.55;4.64;1219;27;2249.00;93
5298;21;5081731;5298;501;6521;6614;4.82;0.30;309.46;4.71;1223;27;2250.00;93
5302;21;5081744;5302;495;6521;6614;4.82;0.29;309.51;4.71;1219;27;2251.00;93
5305;21;5081756;5305;491;6523;6614;4.78;0.29;309.41;4.71;1218;27;2252.00;91
5309;21;5081769;5309;486;6523;6615;4.75;0.29;309.43;4.71;1214;27;2253.00;92
5311;21;5081781;5311;486;6524;6616;4.77;0.29;309.48;4.71;1213;27;2254.00;92
5313;21;5081794;5313;483;6525;6616;4.82;0.29;309.43;4.72;1212;27;2255.00;91
5315;21;5081806;5315;490;6534;6629;4.83;0.29;309.39;4.72;1219;27;2256.00;95
5315;21;5081818;5315;496;6535;6629;4.91;0.30;309.39;4.73;1220;27;2257.00;94
5318;21;5081831;5318;499;6535;6629;4.88;0.30;309.28;4.73;1217;27;2258.00;94
5323;21;5081843;5323;501;6537;6630;4.90;0.30;309.40;4.74;1214;27;2259.00;93
5327;21;5081857;5327;506;6538;6630;4.88;0.30;309.33;4.76;1211;27;2260.00;92
5327;21;5081870;5327;514;6543;6634;4.86;0.29;309.33;4.76;1216;27;2261.00;91
5329;21;5081882;5329;519;6544;6634;4.83;0.29;309.31;4.78;1215;27;2262.00;90
5331;21;5081894;5331;512;6547;6638;4.82;0.29;309.32;4.78;1216;27;2263.00;91
5331;21;5081907;5331;507;6548;6638;4.81;0.29;309.32;4.79;1217;27;2264.00;90
5334;21;5081919;5334;504;6549;6638;4.74;0.29;309.27;4.80;1215;27;2265.00;89
5335;21;5081931;5335;508;6550;6638;4.72;0.29;309.30;4.80;1215;27;2266.00;88
5338;21;5081946;5338;506;6552;6638;4.68;0.28;309.21;4.82;1214;27;2267.00;86
5340;21;5081963;5340;501;6563;6650;4.73;0.29;309.14;4.82;1223;27;2268.00;87
5341;21;5081977;5341;501;6566;6650;4.73;0.29;309.12;4.83;1225;27;2269.00;84
5342;21;5081990;5342;499;6567;6650;4.72;0.29;309.07;4.83;1225;27;2270.00;83
5344;21;5082003;5344;500;6568;6650;4.73;0.29;309.13;4.84;1224;27;2271.00;82
5345;21;5082017;5345;490;6568;6650;4.74;0.29;309.17;4.84;1223;27;2272.00;82
5345;21;5082031;5345;485;6568;6650;4.79;0.29;309.17;4.84;1223;27;2273.00;82
5346;21;5082044;5346;475;6569;6651;4.80;0.29;309.15;4.84;1223;27;2274.00;82
5346;21;5082057;5346;472;6571;6651;4.78;0.29;309.15;4.92;1225;27;2275.00;80
5348;21;5082076;5348;468;6576;6657;4.84;0.29;309.14;4.92;1228;27;2276.00;81
5348;21;5082090;5348;465;6578;6658;4.88;0.30;309.14;4.92;1230;27;2277.00;80
5351;21;5082104;5351;457;6579;6658;4.88;0.30;309.03;4.96;1228;27;2278.00;79
5351;21;5082122;5351;459;6580;6658;4.90;0.30;309.03;4.97;1229;28;2279.00;78
5352;21;5082145;5352;464;6584;6663;4.94;0.30;309.06;5.00;1232;28;2280.00;79
5352;21;5082158;5352;466;6585;6663;4.91;0.30;309.06;5.00;1233;28;2281.00;78
5354;21;5082171;5354;461;6587;6663;4.90;0.30;309.07;5.08;1233;28;2282.00;76
5355;21;5082184;5355;456;6590;6664;4.92;0.30;309.06;5.11;1235;28;2283.00;74
5357;21;5082197;5357;459;6593;6668;4.93;0.30;309.02;5.11;1236;28;2284.00;75
5359;21;5082210;5359;457;6593;6668;4.95;0.30;309.00;5.11;1234;28;2285.00;75
5359;21;5082222;5359;459;6596;6671;4.97;0.30;309.00;5.14;1237;28;2286.00;75
5360;21;5082241;5360;456;6597;6671;5.00;0.31;308.97;5.14;1237;28;2287.00;74
5360;21;5082255;5360;456;6598;6671;5.05;0.31;308.97;5.18;1238;29;2288.00;73
5362;21;5082277;5362;456;6598;6671;5.08;0.31;308.93;5.18;1236;29;2289.00;73
5363;21;5082290;5363;457;6603;6675;5.14;0.31;308.93;5.21;1240;29;2290.00;72
5365;21;5082304;5365;459;6603;6675;5.14;0.31;308.94;5.21;1238;29;2291.00;72
5366;21;5082317;5366;464;6604;6675;5.12;0.31;308.91;5.24;1238;29;2292.00;71
5368;21;5082330;5368;458;6604;6675;5.11;0.31;308.84;5.24;1236;29;2293.00;71
5369;21;5082344;5369;459;6606;6676;5.05;0.31;308.84;5.31;1237;29;2294.00;70
5373;21;5082361;5373;455;6609;6678;5.03;0.31;308.84;5.34;1236;29;2295.00;69
5375;21;5082379;5375;454;6610;6678;5.00;0.31;308.94;5.38;1235;29;2296.00;68
5379;21;5082395;5379;445;6611;6679;5.00;0.30;308.84;5.37;1232;29;2297.00;68
5382;21;5082414;5382;443;6613;6679;4.95;0.30;309.05;5.44;1231;29;2298.00;66
5386;21;5082430;5386;442;6613;6679;4.92;0.30;308.96;5.44;1227;29;2299.00;66
5389;21;5082445;5389;435;6613;6679;4.88;0.30;309.08;5.44;1224;29;2300.00;66
5391;21;5082462;5391;431;6615;6679;4.88;0.30;309.12;5.50;1224;29;2301.00;64
5393;21;5082474;5393;430;6615;6679;4.87;0.30;309.26;5.50;1222;29;2302.00;64
5395;21;5082488;5395;429;6617;6679;4.85;0.30;309.38;5.56;1222;29;2303.00;62
5398;21;5082500;5398;445;6681;6806;5.18;0.32;309.39;5.51;1283;29;2304.00;125
5401;21;5082523;5401;441;6685;6807;5.18;0.32;309.49;5.50;1284;29;2305.00;122
5402;21;5082536;5402;438;6695;6807;5.17;0.32;309.52;5.50;1293;29;2306.00;112
5405;22;5082549;5405;440;6701;6807;5.11;0.32;309.57;5.58;1296;30;2307.00;106
5405;22;5082577;5405;436;6707;6807;5.08;0.31;309.57;5.58;1302;30;2308.00;100
5408;22;5082592;5408;432;6710;6807;5.00;0.31;309.68;5.61;1302;30;2309.00;97
5411;22;5082620;5411;428;6713;6807;4.94;0.30;309.62;5.61;1302;30;2310.00;94
5414;22;5082635;5414;422;6716;6807;4.89;0.30;309.74;5.61;1302;30;2311.00;91
5417;22;5082648;5417;421;6716;6808;4.91;0.30;309.82;5.61;1299;30;2312.00;92
5420;22;5082663;5420;418;6723;6809;4.90;0.30;309.81;5.67;1303;30;2313.00;86
5425;22;5082678;5425;412;6724;6809;4.89;0.30;309.90;5.67;1299;30;2314.00;85
5426;22;5082692;5426;419;6729;6810;4.89;0.30;309.89;5.72;1303;30;2315.00;81
5428;22;5082705;5428;425;6731;6810;4.93;0.30;309.91;5.72;1303;30;2316.00;79
5432;22;5082718;5432;419;6732;6810;4.94;0.31;309.98;5.73;1300;30;2317.00;78
5433;22;5082731;5433;422;6734;6810;5.01;0.31;309.95;5.73;1301;30;2318.00;76
5436;22;5082744;5436;425;6737;6814;5.00;0.31;310.03;5.73;1301;30;2319.00;77
5439;22;5082761;5439;418;6737;6814;5.00;0.31;310.13;5.73;1298;30;2320.00;77
5443;22;5082775;5443;409;6739;6814;4.98;0.31;310.09;5.73;1296;30;2321.00;75
5446;22;5082791;5446;409;6740;6817;5.01;0.31;310.14;5.73;1294;30;2322.00;77
5450;22;5082804;5450;400;6742;6817;5.07;0.31;310.19;5.74;1292;30;2323.00;75
5454;22;5082820;5454;401;6745;6817;5.10;0.31;310.32;5.76;1291;30;2324.00;72
5458;22;5082835;5458;394;6748;6821;5.19;0.32;310.43;5.76;1290;30;2325.00;73
5463;22;5082855;5463;388;6748;6822;5.24;0.32;310.57;5.76;1285;30;2326.00;74
5467;22;5082872;5467;384;6749;6822;5.26;0.32;310.70;5.76;1282;30;2327.00;73
5473;22;5082887;5473;377;6751;6826;5.30;0.33;310.78;5.76;1278;30;2328.00;75
5481;22;5082902;5481;377;6751;6826;5.32;0.33;310.85;5.76;1270;30;2329.00;75
5488;22;5082920;5488;377;6751;6826;5.34;0.33;310.95;5.76;1263;30;2330.00;75
5491;22;5082935;5491;374;6751;6827;5.39;0.33;310.95;5.76;1260;30;2331.00;76
5492;22;5082950;5492;373;6751;6827;5.44;0.33;310.97;5.76;1259;30;2332.00;76
5496;22;5082964;5496;382;6754;6833;5.46;0.33;311.05;5.76;1258;30;2333.00;79
5499;22;5082989;5499;385;6754;6833;5.49;0.33;311.13;5.76;1255;30;2334.00;79
5501;22;5083005;5501;384;6754;6834;5.52;0.34;311.17;5.76;1253;30;2335.00;80
5504;22;5083021;5504;392;6754;6834;5.56;0.34;311.32;5.76;1250;30;2336.00;80
5507;22;5083036;5507;392;6754;6834;5.58;0.34;311.43;5.76;1247;30;2337.00;80
5509;22;5083050;5509;398;6755;6834;5.61;0.34;311.48;5.76;1246;30;2338.00;79
5515;22;5083063;5515;398;6755;6834;5.63;0.34;311.69;5.76;1240;30;2339.00;79
5519;22;5083079;5519;391;6778;6870;5.74;0.35;311.92;5.75;1259;30;2340.00;92
5522;22;5083096;5522;395;6780;6870;5.77;0.35;312.01;5.75;1258;30;2341.00;90
5529;22;5083110;5529;392;6781;6870;5.78;0.35;312.17;5.75;1252;30;2342.00;89
5533;22;5083124;5533;399;6782;6870;5.76;0.35;312.27;5.77;1249;30;2343.00;88
5539;22;5083139;5539;405;6785;6870;5.73;0.35;312.49;5.78;1246;30;2344.00;85
5544;22;5083153;5544;407;6786;6870;5.72;0.35;312.59;5.78;1242;30;2345.00;84
5550;22;5083168;5550;417;6790;6874;5.72;0.35;312.80;5.78;1240;30;2346.00;84
5552;22;5083182;5552;421;6793;6874;5.73;0.35;312.79;5.78;1241;30;2347.00;81
5557;22;5083198;5557;428;6796;6878;5.64;0.34;313.06;5.78;1239;30;2348.00;82
5559;22;5083213;5559;428;6800;6879;5.64;0.34;313.14;5.79;1241;30;2349.00;79
5563;22;5083226;5563;429;6800;6879;5.63;0.34;313.18;5.79;1237;30;2350.00;79
5567;22;5083241;5567;432;6801;6879;5.60;0.34;313.39;5.79;1234;30;2351.00;78
5569;22;5083255;5569;434;6811;6892;5.65;0.34;313.39;5.78;1242;30;2352.00;81
5574;22;5083269;5574;443;6813;6892;5.58;0.34;313.59;5.78;1239;30;2353.00;79
5578;22;5083284;5578;446;6814;6892;5.48;0.33;313.53;5.79;1236;30;2354.00;78
5581;22;5083297;5581;446;6815;6893;5.39;0.33;313.71;5.79;1234;30;2355.00;78
5584;22;5083311;5584;458;6816;6894;5.29;0.32;313.87;5.79;1232;30;2356.00;78
5588;22;5083324;5588;454;6816;6894;5.20;0.32;313.96;5.79;1228;30;2357.00;78
5591;22;5083337;5591;453;6819;6897;5.13;0.31;313.94;5.79;1228;30;2358.00;78
5592;22;5083350;5592;454;6821;6897;5.09;0.31;314.05;5.81;1229;30;2359.00;76
5593;22;5083363;5593;463;6821;6897;5.07;0.31;314.09;5.81;1228;30;2360.00;76
5595;22;5083376;5595;472;6821;6897;5.02;0.31;314.14;5.81;1226;30;2361.00;76
5598;22;5083391;5598;465;6825;6903;5.05;0.31;314.41;5.81;1227;30;2362.00;78
5602;22;5083404;5602;475;6826;6903;5.10;0.31;314.61;5.81;1224;30;2363.00;77
5607;22;5083417;5607;483;6827;6903;5.09;0.31;314.54;5.81;1220;30;2364.00;76
5611;22;5083430;5611;487;6827;6903;5.10;0.31;314.59;5.81;1216;30;2365.00;76
5613;22;5083443;5613;474;6830;6907;5.10;0.31;314.77;5.81;1217;30;2366.00;77
5616;22;5083458;5616;471;6831;6908;5.11;0.31;314.88;5.81;1215;30;2367.00;77
5618;22;5083472;5618;471;6831;6908;5.12;0.31;314.92;5.81;1213;30;2368.00;77
5624;22;5083486;5624;474;6832;6909;5.14;0.31;315.26;5.81;1208;30;2369.00;77
5628;22;5083502;5628;476;6832;6909;5.13;0.31;315.43;5.81;1204;30;2370.00;77
5633;22;5083516;5633;474;6832;6909;5.13;0.31;315.45;5.81;1199;30;2371.00;77
5638;22;5083530;5638;480;6833;6909;5.10;0.31;315.61;5.84;1195;30;2372.00;76
5642;22;5083544;5642;475;6833;6909;5.09;0.31;315.78;5.84;1191;30;2373.00;76
5644;22;5083559;5644;479;6833;6909;5.09;0.31;315.83;5.84;1189;30;2374.00;76
5647;22;5083572;5647;475;6833;6909;5.07;0.31;316.06;5.84;1186;30;2375.00;76
5649;22;5083586;5649;505;6872;6979;5.11;0.31;316.25;5.80;1223;30;2376.00;107
5652;22;5083606;5652;493;6872;6980;5.04;0.31;316.32;5.80;1220;30;2377.00;108
5657;22;5083622;5657;484;6879;6980;5.05;0.31;316.38;5.80;1222;30;2378.00;101
5658;22;5083636;5658;483;6880;6980;5.01;0.31;316.48;5.80;1222;30;2379.00;100
5660;22;5083651;5660;477;6882;6980;5.03;0.31;316.52;5.80;1222;30;2380.00;98
5662;22;5083665;5662;478;6883;6980;5.04;0.31;316.64;5.80;1221;30;2381.00;97
5664;22;5083679;5664;480;6885;6980;5.03;0.31;316.63;5.80;1221;30;2382.00;95
5666;22;5083691;5666;478;6888;6980;5.11;0.31;316.86;5.83;1222;30;2383.00;92
5669;22;5083705;5669;480;6888;6981;5.11;0.31;317.05;5.83;1219;30;2384.00;93
5671;22;5083719;5671;476;6892;6983;5.18;0.32;317.20;5.83;1221;31;2385.00;91
5673;22;5083741;5673;478;6893;6983;5.23;0.32;317.21;5.83;1220;31;2386.00;90
5675;22;5083753;5675;492;6899;6987;5.25;0.32;317.30;5.83;1224;31;2387.00;88
5676;22;5083767;5676;494;6902;6987;5.29;0.32;317.39;5.83;1226;31;2388.00;85
5678;22;5083780;5678;498;6904;6987;5.33;0.33;317.52;5.84;1226;31;2389.00;83
5683;22;5083793;5683;504;6906;6987;5.35;0.33;317.57;5.84;1223;31;2390.00;81
5687;22;5083805;5687;507;6912;6993;5.31;0.32;317.47;5.87;1225;31;2391.00;81
5694;22;5083819;5694;508;6912;6993;5.27;0.32;317.47;5.87;1218;31;2392.00;81
5696;22;5083831;5696;510;6912;6993;5.21;0.32;317.50;5.87;1216;31;2393.00;81
5699;22;5083844;5699;515;6914;6996;5.19;0.32;317.53;5.87;1215;31;2394.00;82
5700;22;5083858;5700;517;6914;6996;5.16;0.31;317.49;5.87;1214;31;2395.00;82
5703;22;5083873;5703;520;6915;6996;5.08;0.31;317.62;5.86;1212;31;2396.00;81
5704;22;5083886;5704;532;6915;6997;5.01;0.31;317.68;5.86;1211;31;2397.00;82
5706;22;5083899;5706;538;6916;6998;4.95;0.30;317.76;5.86;1210;31;2398.00;82
5709;22;5083913;5709;548;6916;6998;4.83;0.30;317.80;5.86;1207;31;2399.00;82
5711;22;5083929;5711;563;6940;7057;4.73;0.29;317.76;5.84;1229;31;2400.00;117
5714;22;5083958;5714;546;6941;7057;4.67;0.29;317.77;5.84;1227;31;2401.00;116
5717;22;5083973;5717;536;6943;7057;4.65;0.29;317.77;5.84;1226;31;2402.00;114
5723;22;5083988;5723;533;6944;7058;4.57;0.28;317.78;5.84;1221;31;2403.00;114
5724;22;5084004;5724;537;6946;7058;4.57;0.28;317.77;5.84;1222;31;2404.00;112
5726;22;5084017;5726;536;6950;7062;4.56;0.28;317.74;5.84;1224;31;2405.00;112
5728;22;5084031;5728;529;6951;7062;4.59;0.28;317.80;5.84;1223;31;2406.00;111
5730;22;5084045;5730;521;6954;7066;4.62;0.28;317.84;5.84;1224;31;2407.00;112
5730;22;5084058;5730;520;6955;7066;4.67;0.29;317.84;5.84;1225;31;2408.00;111
5730;22;5084071;5730;516;6955;7066;4.69;0.29;317.84;5.84;1225;31;2409.00;111
5734;22;5084083;5734;515;6956;7066;4.66;0.28;317.79;5.84;1222;31;2410.00;110
5737;22;5084096;5737;513;6957;7066;4.65;0.28;317.70;5.84;1220;31;2411.00;109
5741;22;5084108;5741;511;6964;7078;4.68;0.29;317.70;5.83;1223;31;2412.00;114
5742;22;5084121;5742;512;6965;7078;4.68;0.29;317.74;5.83;1223;31;2413.00;113
5743;22;5084133;5743;513;6967;7078;4.74;0.29;317.73;5.83;1224;31;2414.00;111
5748;22;5084145;5748;504;6968;7078;4.73;0.29;317.74;5.87;1220;31;2415.00;110
5750;22;5084159;5750;500;6969;7078;4.77;0.29;317.69;5.87;1219;31;2416.00;109
5754;22;5084171;5754;498;6970;7078;4.74;0.29;317.63;5.87;1216;31;2417.00;108
5757;22;5084185;5757;505;6971;7079;4.73;0.29;317.61;5.88;1214;31;2418.00;108
5758;22;5084198;5758;490;6971;7079;4.77;0.29;317.59;5.88;1213;31;2419.00;108
5760;22;5084215;5760;480;6975;7085;4.82;0.29;317.57;5.87;1215;31;2420.00;110
5762;22;5084235;5762;465;6976;7086;4.84;0.29;317.52;5.87;1214;31;2421.00;110
5763;22;5084248;5763;466;6978;7086;4.91;0.30;317.51;5.88;1215;31;2422.00;108
5767;22;5084262;5767;458;6979;7086;4.94;0.30;317.50;5.88;1212;31;2423.00;107
5768;22;5084276;5768;453;6984;7090;5.05;0.31;317.58;5.92;1216;31;2424.00;106
5770;23;5084291;5770;448;6984;7090;5.11;0.31;317.49;5.92;1214;32;2425.00;106
5771;23;5084315;5771;450;6986;7090;5.20;0.32;317.43;5.92;1215;32;2426.00;104
5771;23;5084327;5771;448;6987;7091;5.32;0.32;317.43;5.92;1216;32;2427.00;104
5775;23;5084341;5775;445;6992;7095;5.33;0.32;317.50;5.93;1217;32;2428.00;103
5776;23;5084354;5776;443;6992;7095;5.38;0.33;317.48;5.93;1216;32;2429.00;103
5777;23;5084369;5777;442;6997;7101;5.42;0.33;317.45;5.92;1220;32;2430.00;104
5777;23;5084383;5777;441;6997;7101;5.43;0.33;317.45;5.92;1220;32;2431.00;104
5777;23;5084395;5777;434;6998;7101;5.46;0.33;317.45;5.92;1221;32;2432.00;103
5778;23;5084407;5778;439;6998;7101;5.45;0.33;317.40;5.92;1220;32;2433.00;103
5779;23;5084419;5779;437;7004;7105;5.51;0.33;317.49;5.93;1225;32;2434.00;101
5780;23;5084432;5780;439;7005;7105;5.49;0.33;317.48;5.97;1225;32;2435.00;100
5780;23;5084445;5780;434;7005;7105;5.48;0.33;317.48;5.97;1225;32;2436.00;100
5780;23;5084458;5780;428;7005;7105;5.49;0.33;317.48;5.97;1225;32;2437.00;100
5780;23;5084470;5780;432;7006;7106;5.47;0.33;317.48;6.02;1226;32;2438.00;100
5783;23;5084483;5783;433;7008;7107;5.44;0.33;317.58;6.02;1225;32;2439.00;99
5786;23;5084496;5786;437;7010;7107;5.40;0.33;317.52;6.07;1224;32;2440.00;97
5787;23;5084509;5787;438;7012;7108;5.41;0.33;317.67;6.10;1225;32;2441.00;96
5788;23;5084522;5788;436;7012;7108;5.37;0.33;317.77;6.10;1224;32;2442.00;96
5791;23;5084535;5791;441;7014;7108;5.31;0.32;317.94;6.18;1223;32;2443.00;94
5792;23;5084548;5792;448;7014;7108;5.27;0.32;317.91;6.18;1222;32;2444.00;94
5799;23;5084560;5799;447;7016;7108;5.21;0.32;318.44;6.23;1217;32;2445.00;92
5801;23;5084572;5801;455;7019;7108;5.23;0.32;318.40;6.28;1218;32;2446.00;89
5803;23;5084584;5803;460;7020;7108;5.23;0.32;318.47;6.32;1217;32;2447.00;88
5803;23;5084602;5803;483;7080;7235;5.44;0.34;318.47;6.26;1277;32;2448.00;155
5804;23;5084623;5804;475;7086;7236;5.42;0.34;318.59;6.30;1282;32;2449.00;150
5807;23;5084637;5807;473;7096;7236;5.45;0.34;318.68;6.33;1289;32;2450.00;140
5809;23;5084649;5809;477;7102;7236;5.47;0.34;318.62;6.38;1293;32;2451.00;134
5814;23;5084662;5814;481;7111;7236;5.45;0.34;318.79;6.42;1297;32;2452.00;125
5816;23;5084677;5816;481;7114;7236;5.45;0.34;318.76;6.41;1298;32;2453.00;122
5817;23;5084689;5817;480;7118;7236;5.43;0.33;318.73;6.45;1301;32;2454.00;118
5820;23;5084703;5820;480;7121;7236;5.42;0.33;318.79;6.49;1301;32;2455.00;115
5821;23;5084716;5821;482;7123;7237;5.46;0.34;318.90;6.49;1302;32;2456.00;114
5822;23;5084729;5822;488;7128;7238;5.48;0.34;318.88;6.50;1306;32;2457.00;110
5826;23;5084748;5826;488;7129;7238;5.47;0.34;318.98;6.50;1303;32;2458.00;109
5830;23;5084762;5830;488;7131;7239;5.42;0.33;318.94;6.54;1301;32;2459.00;108
5833;23;5084777;5833;488;7135;7239;5.37;0.33;318.91;6.54;1302;32;2460.00;104
5837;23;5084791;5837;487;7138;7239;5.31;0.32;319.00;6.55;1301;32;2461.00;101
5837;23;5084805;5837;490;7138;7239;5.31;0.33;319.00;6.55;1301;32;2462.00;101
5839;23;5084817;5839;499;7145;7243;5.29;0.32;319.10;6.56;1306;32;2463.00;98
5842;23;5084831;5842;508;7145;7243;5.27;0.32;319.14;6.56;1303;32;2464.00;98
5843;23;5084844;5843;507;7147;7243;5.21;0.32;319.11;6.56;1304;32;2465.00;96
5846;23;5084858;5846;509;7149;7246;5.14;0.31;319.26;6.56;1303;32;2466.00;97
5849;23;5084872;5849;516;7150;7246;5.03;0.31;319.42;6.56;1301;32;2467.00;96
5851;23;5084885;5851;518;7151;7246;4.99;0.30;319.51;6.56;1300;32;2468.00;95
5854;23;5084898;5854;524;7157;7250;4.91;0.30;319.56;6.58;1303;32;2469.00;93
5857;23;5084912;5857;518;7160;7251;4.86;0.30;319.75;6.58;1303;32;2470.00;91
5859;23;5084925;5859;524;7161;7251;4.85;0.30;319.75;6.58;1302;32;2471.00;90
5863;23;5084938;5863;521;7166;7255;4.84;0.30;319.84;6.58;1303;32;2472.00;89
5865;23;5084951;5865;520;7166;7255;4.82;0.29;319.95;6.58;1301;32;2473.00;89
5869;23;5084963;5869;523;7166;7255;4.81;0.29;320.05;6.58;1297;32;2474.00;89
5874;23;5084977;5874;507;7168;7257;4.79;0.29;320.18;6.57;1294;32;2475.00;89
5877;23;5084991;5877;507;7168;7257;4.80;0.29;320.21;6.57;1291;32;2476.00;89
5880;23;5085004;5880;495;7173;7263;4.82;0.29;320.23;6.57;1293;32;2477.00;90
5881;23;5085017;5881;491;7173;7263;4.88;0.30;320.20;6.57;1292;32;2478.00;90
5884;23;5085030;5884;495;7173;7264;4.92;0.30;320.24;6.57;1289;32;2479.00;91
5885;24;5085043;5885;495;7173;7264;4.95;0.30;320.22;6.57;1288;33;2480.00;91
5888;24;5085064;5888;486;7173;7264;4.95;0.30;320.28;6.57;1285;33;2481.00;91
5888;24;5085077;5888;482;7173;7264;5.05;0.31;320.28;6.57;1285;33;2482.00;91
5892;24;5085090;5892;480;7173;7264;5.05;0.31;320.30;6.57;1281;33;2483.00;91
5894;24;5085103;5894;476;7181;7276;5.11;0.31;320.26;6.56;1287;33;2484.00;95
5898;24;5085118;5898;470;7182;7276;5.10;0.31;320.23;6.56;1284;33;2485.00;94
5900;24;5085131;5900;461;7183;7276;5.14;0.31;320.27;6.56;1283;33;2486.00;93
5904;24;5085146;5904;468;7183;7276;5.19;0.32;320.31;6.56;1279;33;2487.00;93
5906;24;5085159;5906;472;7183;7276;5.26;0.32;320.32;6.56;1277;33;2488.00;93
5909;24;5085173;5909;471;7183;7276;5.30;0.33;320.46;6.56;1274;33;2489.00;93
5913;24;5085188;5913;469;7186;7280;5.33;0.33;320.49;6.56;1273;33;2490.00;94
5913;24;5085203;5913;466;7186;7280;5.36;0.33;320.49;6.56;1273;33;2491.00;94
5915;24;5085218;5915;467;7189;7284;5.40;0.33;320.54;6.56;1274;33;2492.00;95
5919;24;5085232;5919;467;7190;7285;5.37;0.33;320.61;6.56;1271;33;2493.00;95
5923;24;5085248;5923;461;7190;7285;5.41;0.33;320.62;6.56;1267;33;2494.00;95
5926;24;5085263;5926;462;7190;7285;5.46;0.34;320.81;6.56;1264;33;2495.00;95
5932;24;5085277;5932;455;7200;7298;5.57;0.34;320.91;6.55;1268;33;2496.00;98
5935;24;5085292;5935;462;7200;7298;5.62;0.35;320.83;6.55;1265;33;2497.00;98
5943;24;5085307;5943;465;7200;7298;5.64;0.35;320.95;6.55;1257;33;2498.00;98
5948;24;5085320;5948;456;7201;7299;5.69;0.35;321.00;6.55;1253;33;2499.00;98
5952;24;5085335;5952;457;7201;7300;5.74;0.35;321.20;6.55;1249;33;2500.00;99
5958;24;5085353;5958;456;7201;7300;5.69;0.35;321.32;6.55;1243;33;2501.00;99
5965;24;5085371;5965;454;7202;7303;5.60;0.35;321.29;6.55;1237;33;2502.00;101
5970;24;5085386;5970;455;7202;7303;5.54;0.34;321.37;6.55;1232;33;2503.00;101
5976;24;5085400;5976;460;7203;7303;5.52;0.34;321.54;6.59;1227;33;2504.00;100
5979;24;5085415;5979;458;7203;7303;5.49;0.34;321.70;6.59;1224;33;2505.00;100
5986;24;5085428;5986;456;7207;7309;5.47;0.34;321.86;6.59;1221;33;2506.00;102
5994;24;5085442;5994;455;7207;7309;5.47;0.34;321.99;6.59;1213;33;2507.00;102
5999;24;5085456;5999;455;7207;7309;5.43;0.33;322.26;6.59;1208;33;2508.00;102
6002;24;5085470;6002;454;7207;7309;5.43;0.33;322.24;6.59;1205;33;2509.00;102
6009;24;5085483;6009;446;7210;7313;5.44;0.33;322.33;6.59;1201;33;2510.00;103
6012;24;5085497;6012;449;7211;7314;5.42;0.33;322.33;6.59;1199;33;2511.00;103
6016;24;5085513;6016;448;7211;7314;5.39;0.33;322.32;6.59;1195;33;2512.00;103
6019;24;5085526;6019;445;7212;7315;5.40;0.33;322.43;6.59;1193;33;2513.00;103
6025;24;5085540;6025;456;7212;7315;5.37;0.33;322.69;6.59;1187;33;2514.00;103
6028;24;5085553;6028;465;7212;7315;5.34;0.33;322.67;6.59;1184;33;2515.00;103
6034;24;5085566;6034;468;7214;7315;5.26;0.32;322.65;6.59;1180;33;2516.00;101
6039;24;5085580;6039;469;7214;7315;5.19;0.32;322.88;6.59;1175;33;2517.00;101
6046;24;5085592;6046;478;7214;7315;5.10;0.31;322.99;6.59;1168;33;2518.00;101
6049;24;5085606;6049;493;7216;7315;5.04;0.31;322.99;6.60;1167;33;2519.00;99
6052;24;5085620;6052;513;7285;7440;5.11;0.32;323.20;6.58;1233;33;2520.00;155
6057;24;5085643;6057;523;7288;7441;5.01;0.31;323.35;6.58;1231;33;2521.00;153
6062;24;5085656;6062;513;7293;7441;4.97;0.31;323.46;6.58;1231;33;2522.00;148
6066;24;5085669;6066;516;7298;7441;4.99;0.31;323.50;6.58;1232;33;2523.00;143
6071;24;5085683;6071;518;7301;7441;4.98;0.31;323.80;6.58;1230;33;2524.00;140
6072;24;5085695;6072;512;7303;7441;5.02;0.31;323.89;6.58;1231;33;2525.00;138
6076;24;5085708;6076;510;7305;7441;5.03;0.31;324.04;6.58;1229;33;2526.00;136
6080;24;5085722;6080;511;7309;7441;4.98;0.31;324.24;6.58;1229;33;2527.00;132
6084;24;5085734;6084;512;7312;7442;4.97;0.30;324.33;6.58;1228;33;2528.00;130
6086;24;5085748;6086;522;7315;7443;4.95;0.30;324.40;6.63;1229;33;2529.00;128
6089;24;5085761;6089;523;7319;7443;4.90;0.30;324.56;6.63;1230;33;2530.00;124
6090;24;5085774;6090;512;7324;7447;4.88;0.30;324.59;6.63;1234;33;2531.00;123
6092;24;5085792;6092;512;7325;7447;4.85;0.30;324.55;6.63;1233;33;2532.00;122
6094;24;5085806;6094;509;7327;7447;4.84;0.30;324.53;6.63;1233;33;2533.00;120
6097;24;5085822;6097;507;7327;7447;4.80;0.29;324.52;6.63;1230;33;2534.00;120
6098;24;5085837;6098;508;7333;7453;4.83;0.30;324.58;6.63;1235;33;2535.00;120
6101;24;5085855;6101;511;7333;7453;4.81;0.29;324.54;6.63;1232;33;2536.00;120
6104;24;5085869;6104;510;7336;7455;4.82;0.29;324.62;6.63;1232;33;2537.00;119
6106;24;5085883;6106;513;7338;7458;4.85;0.30;324.61;6.63;1232;33;2538.00;120
6108;24;5085897;6108;515;7340;7458;4.87;0.30;324.58;6.67;1232;33;2539.00;118
6109;24;5085912;6109;519;7341;7458;4.93;0.30;324.54;6.67;1232;33;2540.00;117
6112;24;5085926;6112;528;7341;7459;4.97;0.30;324.56;6.67;1229;33;2541.00;118
6115;24;5085939;6115;526;7342;7460;5.02;0.31;324.52;6.67;1227;33;2542.00;118
6115;24;5085953;6115;525;7342;7460;5.06;0.31;324.52;6.67;1227;33;2543.00;118
6116;24;5085967;6116;525;7352;7473;5.09;0.31;324.48;6.66;1236;33;2544.00;121
6119;24;5085981;6119;520;7353;7473;5.12;0.31;324.42;6.66;1234;33;2545.00;120
6120;24;5085994;6120;529;7353;7473;5.17;0.32;324.43;6.66;1233;33;2546.00;120
6124;24;5086007;6124;534;7354;7474;5.12;0.31;324.34;6.66;1230;33;2547.00;120
6127;24;5086020;6127;531;7354;7474;5.11;0.31;324.26;6.66;1227;33;2548.00;120
6128;24;5086034;6128;528;7358;7478;5.08;0.31;324.29;6.65;1230;33;2549.00;120
6128;24;5086050;6128;537;7361;7481;5.03;0.31;324.29;6.65;1233;33;2550.00;120
6131;24;5086063;6131;531;7364;7485;5.00;0.31;324.39;6.65;1233;33;2551.00;121
6133;24;5086076;6133;539;7364;7485;4.97;0.30;324.52;6.65;1231;33;2552.00;121
6135;24;5086089;6135;542;7364;7485;4.93;0.30;324.45;6.65;1229;33;2553.00;121
6136;24;5086102;6136;542;7364;7485;4.85;0.30;324.40;6.65;1228;33;2554.00;121
6137;24;5086115;6137;547;7364;7485;4.76;0.29;324.35;6.65;1227;33;2555.00;121
6138;24;5086128;6138;553;7375;7497;4.73;0.29;324.43;6.67;1237;33;2556.00;122
6140;24;5086142;6140;557;7376;7497;4.68;0.29;324.43;6.67;1236;33;2557.00;121
6140;24;5086156;6140;569;7376;7497;4.65;0.29;324.43;6.67;1236;33;2558.00;121
6142;24;5086168;6142;567;7376;7497;4.61;0.28;324.41;6.67;1234;33;2559.00;121
6143;24;5086181;6143;573;7376;7497;4.59;0.28;324.40;6.67;1233;33;2560.00;121
6145;24;5086194;6145;576;7376;7497;4.54;0.28;324.42;6.67;1231;33;2561.00;121
6148;24;5086207;6148;571;7376;7498;4.50;0.27;324.51;6.67;1228;33;2562.00;122
6150;24;5086226;6150;575;7376;7498;4.44;0.27;324.48;6.67;1226;33;2563.00;122
6151;24;5086239;6151;578;7381;7504;4.40;0.27;324.46;6.67;1230;33;2564.00;123
6152;24;5086252;6152;575;7383;7506;4.34;0.26;324.45;6.66;1231;33;2565.00;123
6154;24;5086266;6154;560;7383;7506;4.31;0.26;324.43;6.66;1229;33;2566.00;123
6155;24;5086280;6155;553;7383;7506;4.31;0.26;324.44;6.66;1228;33;2567.00;123
6155;24;5086293;6155;540;7386;7510;4.36;0.27;324.44;6.66;1231;33;2568.00;124
6155;24;5086306;6155;533;7386;7510;4.39;0.27;324.44;6.66;1231;33;2569.00;124
6157;24;5086318;6157;522;7386;7510;4.41;0.27;324.49;6.66;1229;33;2570.00;124
6158;24;5086331;6158;512;7387;7511;4.49;0.27;324.51;6.66;1229;33;2571.00;124
6158;24;5086344;6158;499;7391;7515;4.56;0.28;324.51;6.69;1233;33;2572.00;124
6159;24;5086361;6159;484;7391;7515;4.65;0.28;324.57;6.69;1232;33;2573.00;124
6160;24;5086374;6160;483;7393;7518;4.78;0.29;324.59;6.69;1233;33;2574.00;125
6161;24;5086388;6161;466;7393;7518;4.89;0.30;324.56;6.69;1232;33;2575.00;125
6165;24;5086402;6165;459;7394;7518;4.97;0.30;324.59;6.69;1229;33;2576.00;124
6171;24;5086415;6171;458;7394;7518;5.02;0.31;324.60;6.69;1223;33;2577.00;124
6174;24;5086429;6174;451;7398;7522;5.14;0.31;324.53;6.69;1224;33;2578.00;124
6179;24;5086443;6179;442;7399;7522;5.21;0.32;324.63;6.74;1220;33;2579.00;123
6181;24;5086459;6181;436;7400;7522;5.28;0.32;324.63;6.80;1219;33;2580.00;122
6184;24;5086479;6184;436;7400;7522;5.37;0.33;324.71;6.80;1216;33;2581.00;122
6185;24;5086493;6185;434;7400;7523;5.48;0.33;324.72;6.80;1215;33;2582.00;123
6187;24;5086506;6187;436;7401;7524;5.51;0.33;324.74;6.80;1214;33;2583.00;123
6188;24;5086520;6188;435;7401;7524;5.56;0.34;324.73;6.80;1213;33;2584.00;123
6188;24;5086534;6188;439;7402;7525;5.63;0.34;324.73;6.79;1214;33;2585.00;123
6190;24;5086547;6190;436;7402;7525;5.66;0.34;324.75;6.79;1212;33;2586.00;123
6193;24;5086561;6193;441;7402;7525;5.61;0.34;324.71;6.79;1209;33;2587.00;123
6194;24;5086574;6194;439;7402;7525;5.65;0.34;324.74;6.79;1208;33;2588.00;123
6196;24;5086587;6196;441;7402;7525;5.62;0.34;324.98;6.79;1206;33;2589.00;123
6199;24;5086600;6199;437;7402;7525;5.59;0.34;325.09;6.79;1203;33;2590.00;123
6201;24;5086613;6201;440;7403;7525;5.59;0.34;325.26;6.85;1202;33;2591.00;122
6203;24;5086650;6203;462;7472;7652;5.74;0.35;325.21;6.79;1269;33;2592.00;180
6205;24;5086676;6205;453;7474;7653;5.74;0.35;325.21;6.78;1269;33;2593.00;179
6208;24;5086690;6208;454;7482;7653;5.75;0.35;325.38;6.78;1274;33;2594.00;171
6210;24;5086704;6210;445;7487;7653;5.75;0.35;325.32;6.78;1277;33;2595.00;166
6214;24;5086717;6214;440;7492;7653;5.74;0.35;325.49;6.77;1278;33;2596.00;161
6218;24;5086731;6218;436;7495;7653;5.71;0.35;325.73;6.77;1277;33;2597.00;158
6222;24;5086745;6222;424;7497;7653;5.70;0.35;325.94;6.77;1275;33;2598.00;156
6222;25;5086764;6222;427;7499;7653;5.70;0.35;325.94;6.77;1277;34;2599.00;154
6225;25;5086784;6225;430;7501;7654;5.74;0.35;325.98;6.77;1276;34;2600.00;153
6226;25;5086802;6226;426;7504;7655;5.78;0.35;326.05;6.82;1278;34;2601.00;151
6227;25;5086815;6227;426;7509;7655;5.84;0.36;326.02;6.83;1282;34;2602.00;146
6228;25;5086833;6228;428;7511;7656;5.84;0.36;326.15;6.83;1283;34;2603.00;145
6229;25;5086851;6229;433;7514;7656;5.81;0.36;326.16;6.88;1285;34;2604.00;142
6233;25;5086865;6233;441;7517;7656;5.81;0.36;326.18;6.93;1284;34;2605.00;139
6236;25;5086880;6236;445;7518;7656;5.76;0.35;326.27;6.93;1282;34;2606.00;138
6239;25;5086893;6239;446;7523;7660;5.77;0.35;326.31;6.98;1284;34;2607.00;137
6240;25;5086908;6240;453;7525;7660;5.75;0.35;326.29;7.04;1285;34;2608.00;135
6241;25;5086921;6241;469;7527;7660;5.70;0.35;326.30;7.04;1286;34;2609.00;133
6244;25;5086937;6244;474;7532;7666;5.66;0.35;326.32;7.09;1288;34;2610.00;134
6245;25;5086952;6245;478;7533;7666;5.64;0.34;326.33;7.09;1288;34;2611.00;133
6247;25;5086965;6247;486;7536;7666;5.62;0.34;326.35;7.15;1289;34;2612.00;130
6248;25;5086978;6248;491;7541;7670;5.63;0.34;326.39;7.20;1293;34;2613.00;129
6250;25;5086993;6250;487;7543;7671;5.69;0.35;326.39;7.20;1293;34;2614.00;128
6252;25;5087008;6252;489;7544;7671;5.68;0.35;326.43;7.25;1292;34;2615.00;127
6255;25;5087022;6255;489;7549;7675;5.69;0.35;326.43;7.24;1294;34;2616.00;126
6256;25;5087036;6256;493;7550;7675;5.63;0.34;326.38;7.29;1294;34;2617.00;125
6258;25;5087055;6258;493;7550;7675;5.56;0.34;326.36;7.29;1292;34;2618.00;125
6261;25;5087071;6261;501;7552;7676;5.48;0.33;326.62;7.34;1291;34;2619.00;124
6264;25;5087091;6264;493;7552;7676;5.50;0.33;326.59;7.34;1288;34;2620.00;124
6265;25;5087106;6265;501;7558;7682;5.50;0.33;326.73;7.39;1293;34;2621.00;124
6268;25;5087125;6268;492;7558;7682;5.47;0.33;326.86;7.39;1290;34;2622.00;124
6268;25;5087144;6268;497;7559;7683;5.43;0.33;326.86;7.44;1291;34;2623.00;124
6269;25;5087163;6269;491;7559;7683;5.39;0.33;326.84;7.44;1290;34;2624.00;124
6273;25;5087183;6273;479;7561;7683;5.35;0.33;326.91;7.53;1288;34;2625.00;122
6277;25;5087205;6277;481;7561;7683;5.35;0.33;327.00;7.53;1284;34;2626.00;122
6279;25;5087224;6279;477;7562;7683;5.38;0.33;326.97;7.58;1283;34;2627.00;121
6281;25;5087244;6281;478;7573;7695;5.48;0.34;327.00;7.57;1292;34;2628.00;122
6287;25;5087264;6287;482;7573;7695;5.52;0.34;327.16;7.57;1286;34;2629.00;122
6290;25;5087281;6290;477;7574;7695;5.54;0.34;327.25;7.62;1284;34;2630.00;121
6292;25;5087297;6292;476;7574;7695;5.57;0.34;327.29;7.62;1282;34;2631.00;121
6296;25;5087312;6296;475;7574;7695;5.56;0.34;327.56;7.62;1278;34;2632.00;121
6298;25;5087328;6298;478;7574;7695;5.56;0.34;327.58;7.62;1276;34;2633.00;121
6302;25;5087342;6302;485;7579;7699;5.56;0.34;327.74;7.71;1277;34;2634.00;120
6303;25;5087356;6303;481;7580;7699;5.54;0.34;327.86;7.75;1277;34;2635.00;119
6307;25;5087370;6307;481;7585;7703;5.54;0.34;327.82;7.80;1278;34;2636.00;118
6309;25;5087383;6309;496;7586;7704;5.47;0.33;327.94;7.80;1277;34;2637.00;118
6315;25;5087397;6315;493;7588;7704;5.38;0.33;328.06;7.89;1273;34;2638.00;116
6318;25;5087410;6318;492;7588;7704;5.32;0.33;328.06;7.89;1270;34;2639.00;116
6322;25;5087426;6322;486;7610;7733;5.31;0.32;328.13;7.86;1288;34;2640.00;123
6326;25;5087442;6326;482;7612;7733;5.24;0.32;328.27;7.95;1286;34;2641.00;121
6329;25;5087457;6329;478;7614;7733;5.26;0.32;328.32;7.95;1285;34;2642.00;119
6333;25;5087471;6333;476;7616;7734;5.26;0.32;328.41;7.95;1283;34;2643.00;118
6340;25;5087484;6340;472;7616;7735;5.22;0.32;328.47;7.95;1276;34;2644.00;119
6341;25;5087498;6341;466;7616;7735;5.24;0.32;328.52;7.95;1275;34;2645.00;119
6346;25;5087511;6346;463;7619;7738;5.28;0.32;328.46;7.94;1273;34;2646.00;119
6351;25;5087525;6351;452;7619;7738;5.28;0.32;328.50;7.94;1268;34;2647.00;119
6352;25;5087539;6352;446;7619;7738;5.32;0.32;328.49;7.94;1267;34;2648.00;119
6354;25;5087554;6354;441;7619;7738;5.32;0.32;328.46;7.94;1265;34;2649.00;119
6358;25;5087567;6358;437;7624;7744;5.37;0.33;328.44;7.94;1266;34;2650.00;120
6362;25;5087581;6362;439;7624;7744;5.35;0.33;328.46;7.94;1262;34;2651.00;120
6365;25;5087595;6365;441;7624;7744;5.31;0.32;328.50;7.94;1259;34;2652.00;120
6367;25;5087608;6367;450;7624;7744;5.29;0.32;328.51;7.94;1257;34;2653.00;120
6370;25;5087621;6370;451;7627;7748;5.25;0.32;328.57;7.94;1257;34;2654.00;121
6373;25;5087634;6373;457;7629;7750;5.20;0.32;328.63;7.93;1256;34;2655.00;121
6374;25;5087648;6374;463;7629;7750;5.18;0.32;328.66;7.93;1255;34;2656.00;121
6380;25;5087661;6380;466;7630;7751;5.14;0.31;328.72;7.93;1250;34;2657.00;121
6383;25;5087680;6383;474;7630;7751;5.09;0.31;328.72;7.93;1247;34;2658.00;121
6389;25;5087694;6389;478;7630;7751;5.00;0.30;328.67;7.93;1241;34;2659.00;121
6392;25;5087707;6392;482;7630;7751;4.96;0.30;328.75;7.93;1238;34;2660.00;121
6396;25;5087720;6396;484;7630;7751;4.97;0.30;328.86;7.93;1234;34;2661.00;121
6401;25;5087734;6401;493;7630;7751;4.96;0.30;328.87;7.93;1229;34;2662.00;121
6402;25;5087749;6402;490;7630;7751;5.00;0.30;328.88;7.93;1228;34;2663.00;121
6407;25;5087762;6407;500;7669;7821;5.04;0.31;329.06;7.89;1262;34;2664.00;152
6411;25;5087781;6411;496;7671;7822;5.07;0.31;329.07;7.89;1260;34;2665.00;151
6415;25;5087796;6415;493;7674;7822;5.12;0.31;329.26;7.89;1259;34;2666.00;148
6418;25;5087810;6418;490;7676;7822;5.09;0.31;329.33;7.89;1258;34;2667.00;146
6421;25;5087825;6421;491;7678;7822;5.07;0.31;329.45;7.89;1257;34;2668.00;144
6424;25;5087839;6424;487;7679;7822;5.06;0.31;329.63;7.89;1255;34;2669.00;143
6427;25;5087855;6427;491;7679;7822;5.05;0.31;329.65;7.89;1252;34;2670.00;143
6430;25;5087870;6430;506;7682;7822;5.05;0.31;329.72;7.89;1252;34;2671.00;140
6434;25;5087885;6434;511;7682;7823;4.98;0.30;329.91;7.89;1248;34;2672.00;141
6438;25;5087899;6438;516;7685;7824;4.97;0.30;330.11;7.89;1247;34;2673.00;139
6449;25;5087914;6449;513;7687;7824;4.91;0.30;330.04;7.89;1238;34;2674.00;137
6454;25;5087929;6454;524;7693;7828;4.95;0.30;330.25;7.88;1239;34;2675.00;135
6458;25;5087945;6458;534;7694;7828;4.89;0.30;330.35;7.88;1236;34;2676.00;134
6460;25;5087961;6460;545;7696;7828;4.84;0.29;330.35;7.89;1236;34;2677.00;132
6464;25;5087977;6464;557;7697;7828;4.75;0.29;330.50;7.89;1233;34;2678.00;131
6468;25;5087990;6468;553;7702;7834;4.71;0.29;330.57;7.88;1234;34;2679.00;132
6474;25;5088005;6474;565;7704;7834;4.63;0.28;330.79;7.93;1230;34;2680.00;130
6478;25;5088019;6478;567;7704;7834;4.53;0.28;330.73;7.93;1226;34;2681.00;130
6483;25;5088032;6483;574;7706;7837;4.47;0.27;330.85;7.93;1223;34;2682.00;131
6486;25;5088057;6486;577;7708;7837;4.39;0.27;330.94;7.93;1222;34;2683.00;129
6490;25;5088071;6490;575;7708;7837;4.32;0.26;330.90;7.93;1218;34;2684.00;129
6492;25;5088084;6492;581;7709;7838;4.26;0.26;330.94;7.93;1217;34;2685.00;129
6492;25;5088097;6492;585;7710;7839;4.24;0.26;330.94;7.93;1218;34;2686.00;129
6494;25;5088110;6494;582;7711;7839;4.21;0.26;330.99;7.93;1217;34;2687.00;128
6495;25;5088122;6495;572;7722;7852;4.31;0.26;331.00;7.91;1227;34;2688.00;130
6500;25;5088136;6500;566;7722;7852;4.30;0.26;330.96;7.91;1222;34;2689.00;130
6501;25;5088149;6501;564;7722;7852;4.33;0.26;330.92;7.91;1221;34;2690.00;130
6504;25;5088161;6504;564;7723;7853;4.36;0.27;331.00;7.91;1219;34;2691.00;130
6505;25;5088174;6505;562;7723;7853;4.45;0.27;330.97;7.91;1218;34;2692.00;130
6507;25;5088186;6507;567;7727;7857;4.53;0.28;330.93;7.91;1220;34;2693.00;130
6510;25;5088198;6510;564;7727;7857;4.55;0.28;330.98;7.91;1217;34;2694.00;130
6515;25;5088211;6515;563;7730;7861;4.53;0.28;331.09;7.91;1215;34;2695.00;131
6516;25;5088224;6516;546;7730;7861;4.51;0.27;331.04;7.91;1214;34;2696.00;131
6519;25;5088237;6519;535;7730;7861;4.51;0.28;331.11;7.91;1211;34;2697.00;131
6519;25;5088250;6519;529;7730;7861;4.54;0.28;331.11;7.91;1211;34;2698.00;131
6520;25;5088268;6520;522;7730;7861;4.55;0.28;331.09;7.91;1210;34;2699.00;131
6522;25;5088283;6522;530;7756;7910;4.62;0.28;331.04;7.88;1234;34;2700.00;154
6525;25;5088303;6525;529;7757;7910;4.65;0.29;331.07;7.88;1232;34;2701.00;153
6527;25;5088317;6527;534;7759;7910;4.72;0.29;330.99;7.88;1232;34;2702.00;151
6529;25;5088331;6529;534;7759;7910;4.72;0.29;330.92;7.88;1230;34;2703.00;151
6530;25;5088344;6530;531;7762;7910;4.75;0.29;330.88;7.88;1232;34;2704.00;148
6533;25;5088357;6533;531;7762;7910;4.76;0.29;330.87;7.88;1229;34;2705.00;148
6534;25;5088372;6534;532;7763;7911;4.80;0.29;330.87;7.88;1229;34;2706.00;148
6538;25;5088385;6538;537;7764;7911;4.82;0.29;330.97;7.88;1226;34;2707.00;147
6540;25;5088399;6540;540;7768;7917;4.83;0.30;330.89;7.87;1228;34;2708.00;149
6542;25;5088413;6542;546;7769;7918;4.84;0.30;330.86;7.87;1227;34;2709.00;149
6544;25;5088427;6544;541;7769;7918;4.86;0.30;330.80;7.87;1225;34;2710.00;149
6547;25;5088440;6547;547;7769;7918;4.83;0.29;330.84;7.87;1222;34;2711.00;149
6550;25;5088454;6550;556;7772;7922;4.86;0.29;331.01;7.87;1222;34;2712.00;150
6551;25;5088468;6551;545;7773;7922;4.84;0.29;331.00;7.87;1222;34;2713.00;149
6551;25;5088483;6551;543;7773;7922;4.87;0.30;331.00;7.87;1222;34;2714.00;149
6552;25;5088497;6552;537;7774;7923;4.91;0.30;330.99;7.87;1222;34;2715.00;149
6553;25;5088511;6553;534;7777;7927;4.94;0.30;330.95;7.87;1224;34;2716.00;150
6555;25;5088526;6555;531;7778;7927;4.95;0.30;330.91;7.87;1223;35;2717.00;149
6556;25;5088550;6556;521;7781;7930;5.01;0.30;330.91;7.91;1225;35;2718.00;149
6558;25;5088565;6558;514;7782;7930;5.02;0.30;330.99;7.92;1224;35;2719.00;148
6560;25;5088580;6560;508;7783;7930;5.09;0.31;331.05;7.92;1223;35;2720.00;147
6561;26;5088595;6561;507;7783;7930;5.17;0.31;331.04;7.92;1222;36;2721.00;147
6562;26;5088620;6562;501;7786;7934;5.27;0.32;331.02;7.91;1224;36;2722.00;148
6563;26;5088636;6563;500;7787;7934;5.33;0.32;331.05;7.91;1224;36;2723.00;147
6565;26;5088656;6565;504;7788;7934;5.38;0.33;331.07;7.91;1223;36;2724.00;146
6566;26;5088673;6566;494;7789;7934;5.44;0.33;331.05;7.92;1223;36;2725.00;145
6567;26;5088689;6567;495;7789;7935;5.46;0.33;331.08;7.92;1222;36;2726.00;146
6570;26;5088708;6570;485;7790;7936;5.47;0.33;331.13;7.92;1220;36;2727.00;146
6570;26;5088722;6570;486;7791;7936;5.50;0.33;331.13;7.92;1221;36;2728.00;145
6571;26;5088736;6571;481;7792;7937;5.50;0.33;331.12;7.92;1221;36;2729.00;145
6573;26;5088751;6573;469;7793;7937;5.52;0.33;331.09;7.92;1220;36;2730.00;144
6574;26;5088765;6574;464;7795;7937;5.55;0.34;331.09;7.92;1221;36;2731.00;142
6575;26;5088779;6575;461;7795;7937;5.58;0.34;331.08;7.92;1220;36;2732.00;142
6577;26;5088792;6577;460;7795;7937;5.56;0.34;331.11;7.92;1218;36;2733.00;142
6579;26;5088806;6579;450;7796;7937;5.57;0.34;331.13;7.97;1217;36;2734.00;141
6583;26;5088819;6583;448;7796;7937;5.58;0.34;331.28;7.97;1213;36;2735.00;141
6585;26;5088832;6585;464;7860;8064;5.60;0.34;331.33;7.95;1275;36;2736.00;204
6586;26;5088855;6586;440;7860;8065;5.66;0.35;331.36;7.95;1274;36;2737.00;205
6588;26;5088870;6588;433;7868;8065;5.74;0.35;331.42;7.94;1280;36;2738.00;197
6590;26;5088886;6590;424;7871;8065;5.78;0.35;331.44;7.99;1281;36;2739.00;194
6591;26;5088899;6591;424;7880;8065;5.87;0.36;331.46;7.98;1289;36;2740.00;185
6594;26;5088913;6594;421;7881;8065;5.89;0.36;331.46;7.98;1287;36;2741.00;184
6595;26;5088927;6595;418;7884;8065;5.94;0.36;331.49;8.02;1289;36;2742.00;181
6597;26;5088941;6597;420;7887;8065;5.99;0.37;331.47;8.02;1290;36;2743.00;178
6599;26;5088955;6599;416;7892;8066;6.05;0.37;331.51;8.05;1293;36;2744.00;174
6600;26;5088968;6600;413;7900;8068;6.05;0.37;331.54;8.16;1300;36;2745.00;168
6601;26;5088985;6601;409;7903;8068;6.05;0.37;331.54;8.16;1302;36;2746.00;165
6605;26;5088999;6605;412;7905;8069;6.02;0.37;331.60;8.16;1300;36;2747.00;164
6607;26;5089013;6607;415;7906;8069;5.99;0.37;331.55;8.16;1299;36;2748.00;163
6610;26;5089027;6610;414;7909;8069;5.94;0.36;331.56;8.17;1299;36;2749.00;160
6612;26;5089041;6612;420;7910;8069;5.95;0.36;331.65;8.17;1298;36;2750.00;159
6615;26;5089056;6615;415;7914;8073;5.98;0.36;331.72;8.17;1299;36;2751.00;159
6616;26;5089071;6616;422;7917;8073;5.96;0.36;331.68;8.17;1301;36;2752.00;156
6618;26;5089085;6618;429;7919;8073;5.98;0.36;331.70;8.17;1301;36;2753.00;154
6620;26;5089099;6620;438;7922;8076;6.00;0.37;331.74;8.17;1302;36;2754.00;154
6622;26;5089114;6622;439;7924;8076;6.04;0.37;331.82;8.18;1302;36;2755.00;152
6623;26;5089128;6623;440;7926;8076;6.04;0.37;331.82;8.18;1303;36;2756.00;150
6626;26;5089142;6626;446;7932;8080;6.00;0.37;331.89;8.18;1306;36;2757.00;148
6627;26;5089157;6627;454;7933;8081;5.99;0.36;331.95;8.18;1306;36;2758.00;148
6631;26;5089173;6631;454;7935;8081;5.95;0.36;332.00;8.18;1304;36;2759.00;146
6633;26;5089190;6633;455;7939;8086;5.93;0.36;332.01;8.18;1306;36;2760.00;147
6636;26;5089210;6636;456;7939;8086;5.91;0.36;332.08;8.18;1303;36;2761.00;147
6639;26;5089224;6639;460;7940;8086;5.93;0.36;332.05;8.18;1301;36;2762.00;146
6642;26;5089239;6642;459;7941;8087;5.94;0.36;332.07;8.17;1299;36;2763.00;146
6644;26;5089253;6644;463;7941;8087;5.91;0.36;332.11;8.17;1297;36;2764.00;146
6646;26;5089267;6646;466;7946;8093;5.93;0.36;332.10;8.17;1300;36;2765.00;147
6651;26;5089282;6651;464;7946;8093;5.90;0.36;332.19;8.17;1295;36;2766.00;147
6652;26;5089296;6652;465;7946;8094;5.89;0.36;332.19;8.17;1294;36;2767.00;148
6659;26;5089310;6659;474;7946;8094;5.76;0.35;332.17;8.17;1287;36;2768.00;148
6661;26;5089325;6661;466;7946;8094;5.70;0.35;332.17;8.17;1285;36;2769.00;148
6662;26;5089338;6662;474;7947;8094;5.66;0.34;332.17;8.23;1285;36;2770.00;147
6664;26;5089353;6664;470;7948;8094;5.65;0.34;332.24;8.29;1284;36;2771.00;146
6666;26;5089367;6666;475;7958;8106;5.72;0.35;332.26;8.28;1292;36;2772.00;148
6666;26;5089382;6666;478;7959;8106;5.74;0.35;332.26;8.33;1293;36;2773.00;147
6669;26;5089396;6669;478;7961;8106;5.74;0.35;332.47;8.39;1292;36;2774.00;145
6672;26;5089411;6672;477;7962;8106;5.72;0.35;332.62;8.44;1290;36;2775.00;144
6673;26;5089425;6673;482;7963;8106;5.69;0.35;332.70;8.50;1290;36;2776.00;143
6676;26;5089438;6676;483;7964;8106;5.67;0.35;332.80;8.56;1288;36;2777.00;142
6679;26;5089453;6679;487;7969;8110;5.64;0.34;332.78;8.66;1290;36;2778.00;141
6682;26;5089468;6682;483;7969;8110;5.57;0.34;332.91;8.66;1287;36;2779.00;141
6683;26;5089487;6683;488;7973;8114;5.57;0.34;333.04;8.66;1290;36;2780.00;141
6687;26;5089502;6687;489;7975;8115;5.55;0.34;333.10;8.71;1288;36;2781.00;140
6692;26;5089516;6692;491;7975;8115;5.49;0.33;333.11;8.71;1283;36;2782.00;140
6694;26;5089529;6694;497;7976;8115;5.49;0.33;333.25;8.77;1282;37;2783.00;139
6700;26;5089552;6700;502;7986;8128;5.46;0.33;333.33;8.76;1286;37;2784.00;142
6702;26;5089568;6702;497;7987;8128;5.45;0.33;333.36;8.81;1285;37;2785.00;141
6703;26;5089582;6703;499;7988;8128;5.47;0.33;333.33;8.81;1285;37;2786.00;140
6704;26;5089595;6704;498;7989;8129;5.46;0.33;333.46;8.81;1285;37;2787.00;140
6707;26;5089608;6707;502;7991;8130;5.44;0.33;333.54;8.92;1284;37;2788.00;139
6709;26;5089622;6709;498;7991;8130;5.44;0.33;333.53;8.92;1282;37;2789.00;139
6711;26;5089637;6711;488;7998;8136;5.47;0.33;333.59;9.02;1287;37;2790.00;138
6716;26;5089656;6716;492;7998;8136;5.49;0.33;333.56;9.02;1282;37;2791.00;138
6717;26;5089670;6717;492;7999;8136;5.52;0.34;333.69;9.02;1282;37;2792.00;137
6720;26;5089683;6720;488;8001;8136;5.54;0.34;333.84;9.12;1281;37;2793.00;135
6722;26;5089696;6722;479;8006;8142;5.61;0.34;333.82;9.12;1284;37;2794.00;136
6725;26;5089710;6725;481;8008;8142;5.57;0.34;333.86;9.22;1283;37;2795.00;134
6729;26;5089723;6729;483;8008;8142;5.51;0.33;333.83;9.22;1279;37;2796.00;134
6729;26;5089736;6729;484;8009;8142;5.49;0.33;333.83;9.27;1280;37;2797.00;133
6732;26;5089749;6732;480;8013;8146;5.42;0.33;333.98;9.32;1281;37;2798.00;133
6733;26;5089762;6733;475;8015;8147;5.35;0.32;333.94;9.37;1282;37;2799.00;132
6735;26;5089776;6735;474;8016;8147;5.29;0.32;334.18;9.42;1281;37;2800.00;131
6738;26;5089792;6738;478;8017;8148;5.25;0.32;334.20;9.42;1279;37;2801.00;131
6740;26;5089805;6740;481;8017;8148;5.19;0.32;334.32;9.42;1277;37;2802.00;131
6744;26;5089817;6744;480;8020;8148;5.09;0.31;334.54;9.57;1276;37;2803.00;128
6746;26;5089830;6746;480;8020;8148;5.00;0.31;334.53;9.57;1274;37;2804.00;128
6749;26;5089841;6749;470;8021;8148;4.91;0.30;334.69;9.62;1272;37;2805.00;127
6754;26;5089855;6754;464;8021;8148;4.88;0.30;335.02;9.62;1267;37;2806.00;127
6755;26;5089868;6755;459;8022;8148;4.87;0.30;335.02;9.67;1267;37;2807.00;126
6759;26;5089881;6759;462;8061;8218;5.03;0.31;335.16;9.67;1302;37;2808.00;157
6764;26;5089903;6764;453;8064;8219;5.07;0.31;335.31;9.66;1300;37;2809.00;155
6767;26;5089917;6767;458;8074;8219;5.09;0.31;335.27;9.80;1307;37;2810.00;145
6773;26;5089930;6773;465;8074;8219;5.08;0.31;335.23;9.80;1301;37;2811.00;145
6776;26;5089943;6776;457;8078;8219;5.10;0.31;335.18;9.83;1302;38;2812.00;141
6781;26;5089965;6781;456;8079;8219;5.07;0.31;335.27;9.88;1298;38;2813.00;140
6784;26;5089978;6784;457;8081;8219;5.07;0.31;335.36;9.87;1297;38;2814.00;138
6790;26;5089991;6790;468;8085;8219;5.01;0.30;335.39;9.92;1295;38;2815.00;134
6793;26;5090004;6793;475;8087;8220;4.96;0.30;335.45;9.92;1294;38;2816.00;133
6798;26;5090018;6798;476;8091;8221;4.90;0.30;335.75;9.97;1293;38;2817.00;130
6804;26;5090031;6804;473;8093;8221;4.85;0.30;335.92;9.96;1289;38;2818.00;128
6808;26;5090045;6808;476;8096;8225;4.85;0.30;335.98;9.96;1288;38;2819.00;129
6812;26;5090060;6812;477;8096;8225;4.87;0.30;336.22;9.96;1284;38;2820.00;129
6817;26;5090075;6817;474;8096;8225;4.86;0.30;336.17;9.96;1279;38;2821.00;129
6819;26;5090088;6819;478;8097;8225;4.86;0.30;336.28;9.96;1278;38;2822.00;128
6825;26;5090101;6825;485;8102;8231;4.79;0.29;336.40;9.96;1277;38;2823.00;129
6828;26;5090115;6828;490;8102;8231;4.74;0.29;336.40;9.96;1274;38;2824.00;129
6829;26;5090129;6829;494;8102;8231;4.72;0.29;336.35;9.96;1273;38;2825.00;129
6830;26;5090142;6830;493;8103;8234;4.70;0.29;336.37;9.96;1273;38;2826.00;131
6834;26;5090155;6834;502;8103;8234;4.62;0.28;336.35;9.96;1269;38;2827.00;131
6834;26;5090168;6834;509;8103;8234;4.60;0.28;336.35;9.96;1269;38;2828.00;131
6838;26;5090181;6838;517;8103;8235;4.51;0.28;336.33;9.96;1265;38;2829.00;132
6840;26;5090194;6840;517;8104;8236;4.47;0.27;336.32;9.96;1264;38;2830.00;132
6841;26;5090207;6841;520;8105;8236;4.46;0.27;336.35;9.96;1264;38;2831.00;131
6846;26;5090220;6846;525;8115;8249;4.48;0.27;336.39;9.98;1269;38;2832.00;134
6846;26;5090234;6846;526;8116;8249;4.52;0.28;336.39;9.98;1270;38;2833.00;133
6852;26;5090247;6852;527;8116;8249;4.44;0.27;336.51;9.98;1264;38;2834.00;133
6856;26;5090260;6856;531;8118;8251;4.40;0.27;336.58;9.98;1262;38;2835.00;133
6859;26;5090273;6859;535;8118;8251;4.38;0.27;336.69;9.98;1259;38;2836.00;133
6864;26;5090286;6864;531;8122;8255;4.34;0.26;336.69;9.98;1258;38;2837.00;133
6869;26;5090300;6869;528;8123;8255;4.26;0.26;336.65;9.98;1254;38;2838.00;132
6875;26;5090312;6875;534;8126;8259;4.24;0.26;336.75;9.98;1251;38;2839.00;133
6880;26;5090325;6880;537;8126;8259;4.19;0.25;336.75;9.98;1246;38;2840.00;133
6885;26;5090337;6885;542;8126;8259;4.12;0.25;336.79;9.98;1241;38;2841.00;133
6885;26;5090349;6885;545;8126;8259;4.09;0.25;336.79;9.98;1241;38;2842.00;133
6888;26;5090361;6888;556;8126;8259;4.04;0.25;336.80;9.98;1238;38;2843.00;133
6892;26;5090373;6892;564;8137;8271;4.08;0.25;336.88;9.97;1245;38;2844.00;134
6893;26;5090386;6893;566;8137;8271;4.07;0.25;336.89;9.97;1244;38;2845.00;134
6896;26;5090399;6896;562;8137;8271;4.05;0.25;336.90;9.97;1241;38;2846.00;134
6898;26;5090410;6898;573;8137;8271;4.00;0.25;336.96;9.97;1239;38;2847.00;134
6898;26;5090422;6898;574;8139;8271;3.99;0.25;336.96;10.01;1241;38;2848.00;132
6903;26;5090433;6903;580;8140;8271;3.92;0.24;337.00;10.01;1237;38;2849.00;131
6904;26;5090447;6904;583;8144;8274;3.88;0.24;336.95;10.01;1240;38;2850.00;130
6908;26;5090459;6908;591;8144;8274;3.78;0.23;336.85;10.01;1236;38;2851.00;130
6912;26;5090471;6912;588;8148;8280;3.76;0.23;336.90;10.00;1236;38;2852.00;132
6913;26;5090485;6913;585;8150;8281;3.78;0.23;336.90;10.00;1237;38;2853.00;131
6914;26;5090497;6914;587;8150;8281;3.82;0.23;336.95;10.00;1236;38;2854.00;131
6916;26;5090509;6916;585;8151;8281;3.88;0.24;337.03;10.00;1235;38;2855.00;130
6917;26;5090522;6917;591;8155;8285;3.95;0.24;337.02;10.04;1238;38;2856.00;130
6919;26;5090534;6919;591;8155;8285;3.99;0.24;336.95;10.04;1236;38;2857.00;130
6920;26;5090545;6920;590;8155;8285;4.06;0.25;337.00;10.04;1235;38;2858.00;130
6921;26;5090559;6921;594;8156;8286;4.09;0.25;337.06;10.04;1235;38;2859.00;130
6924;26;5090571;6924;593;8159;8290;4.15;0.25;337.05;10.03;1235;38;2860.00;131
6925;26;5090583;6925;576;8159;8290;4.22;0.26;337.05;10.03;1234;38;2861.00;131
6928;26;5090596;6928;552;8161;8293;4.29;0.26;337.02;10.03;1233;38;2862.00;132
6931;26;5090609;6931;541;8162;8293;4.35;0.26;336.99;10.03;1231;38;2863.00;131
6933;26;5090622;6933;526;8164;8295;4.42;0.27;336.99;10.03;1231;38;2864.00;131
6934;26;5090636;6934;509;8164;8295;4.51;0.27;337.02;10.03;1230;38;2865.00;131
6934;26;5090649;6934;498;8168;8299;4.63;0.28;337.02;10.02;1234;38;2866.00;131
6935;26;5090662;6935;485;8168;8299;4.77;0.29;337.01;10.02;1233;38;2867.00;131
6935;26;5090676;6935;469;8169;8299;4.86;0.30;337.01;10.06;1234;38;2868.00;130
6935;26;5090689;6935;459;8169;8299;4.93;0.30;337.01;10.06;1234;38;2869.00;130
6935;26;5090703;6935;455;8169;8300;5.02;0.31;337.01;10.06;1234;38;2870.00;131
6936;26;5090716;6936;443;8170;8301;5.08;0.31;337.11;10.06;1234;38;2871.00;131
6941;26;5090744;6941;445;8170;8301;5.15;0.31;337.19;10.06;1229;38;2872.00;131
6943;26;5090765;6943;439;8171;8302;5.23;0.32;337.34;10.06;1228;38;2873.00;131
6945;26;5090779;6945;441;8171;8302;5.28;0.32;337.37;10.06;1226;38;2874.00;131
6946;26;5090794;6946;434;8171;8302;5.35;0.32;337.37;10.06;1225;38;2875.00;131
6948;26;5090807;6948;437;8171;8302;5.39;0.33;337.33;10.06;1223;38;2876.00;131
6950;26;5090822;6950;430;8171;8302;5.44;0.33;337.32;10.06;1221;38;2877.00;131
6952;27;5090836;6952;435;8171;8302;5.45;0.33;337.29;10.06;1219;39;2878.00;131
6953;27;5090860;6953;433;8171;8302;5.47;0.33;337.31;10.06;1218;39;2879.00;131
6955;27;5090875;6955;483;8284;8532;5.71;0.36;337.28;9.92;1329;39;2880.00;248
6959;27;5090906;6959;467;8288;8533;5.79;0.36;337.29;9.92;1329;39;2881.00;245
6962;27;5090921;6962;445;8298;8533;5.88;0.37;337.53;9.91;1336;39;2882.00;235
6963;27;5090935;6963;446;8303;8533;5.94;0.37;337.64;9.91;1340;39;2883.00;230
6966;27;5090948;6966;443;8310;8533;5.96;0.37;337.74;9.90;1344;39;2884.00;223
6970;27;5090963;6970;443;8312;8533;5.92;0.37;337.91;9.90;1342;39;2885.00;221
6971;27;5090978;6971;440;8320;8533;5.92;0.37;337.92;9.94;1349;39;2886.00;213
6973;27;5090993;6973;446;8324;8533;5.86;0.36;337.93;9.94;1351;39;2887.00;209
6977;27;5091008;6977;453;8329;8534;5.82;0.36;337.89;9.94;1352;39;2888.00;205
6981;27;5091023;6981;451;8335;8535;5.79;0.36;337.98;9.94;1354;39;2889.00;200
6983;27;5091042;6983;454;8339;8535;5.74;0.35;337.95;9.94;1356;39;2890.00;196
6986;27;5091057;6986;465;8342;8536;5.70;0.35;338.05;9.94;1356;39;2891.00;194
6988;27;5091072;6988;473;8344;8536;5.63;0.35;338.16;9.94;1356;39;2892.00;192
6989;27;5091087;6989;473;8346;8536;5.63;0.35;338.12;9.94;1357;39;2893.00;190
6990;27;5091102;6990;478;8349;8536;5.61;0.34;338.12;9.98;1359;39;2894.00;187
6994;27;5091117;6994;475;8351;8540;5.52;0.34;338.16;9.98;1357;39;2895.00;189
6997;28;5091137;6997;479;8352;8540;5.47;0.34;338.27;9.98;1355;40;2896.00;188
7000;28;5091164;7000;484;8353;8540;5.41;0.33;338.21;9.98;1353;40;2897.00;187
7002;28;5091178;7002;470;8355;8543;5.35;0.33;338.30;9.98;1353;40;2898.00;188
7004;28;5091208;7004;473;8355;8543;5.33;0.33;338.32;9.98;1351;40;2899.00;188
7005;28;5091224;7005;469;8357;8543;5.36;0.33;338.38;9.98;1352;40;2900.00;186
7007;28;5091247;7007;466;8360;8547;5.36;0.33;338.46;9.98;1353;40;2901.00;187
7010;28;5091262;7010;462;8361;8548;5.39;0.33;338.56;9.98;1351;40;2902.00;187
7013;28;5091280;7013;454;8364;8548;5.40;0.33;338.64;9.98;1351;40;2903.00;184
7015;28;5091295;7015;462;8366;8552;5.42;0.33;338.81;9.98;1351;40;2904.00;186
7020;28;5091311;7020;454;8366;8552;5.37;0.33;338.79;9.98;1346;40;2905.00;186
7022;28;5091325;7022;464;8367;8552;5.37;0.33;338.86;9.98;1345;40;2906.00;185
7025;28;5091339;7025;461;8367;8553;5.39;0.33;338.86;9.98;1342;40;2907.00;186
7027;28;5091354;7027;468;8368;8553;5.41;0.33;338.88;9.99;1341;40;2908.00;185
7030;28;5091369;7030;467;8372;8559;5.50;0.33;338.86;9.98;1342;40;2909.00;187
7033;28;5091385;7033;461;8373;8559;5.51;0.33;338.85;10.04;1340;40;2910.00;186
7034;28;5091402;7034;467;8374;8560;5.50;0.33;338.84;10.04;1340;40;2911.00;186
7038;28;5091417;7038;459;8375;8560;5.50;0.33;338.78;10.04;1337;40;2912.00;185
7039;28;5091432;7039;464;8375;8560;5.53;0.34;338.77;10.04;1336;40;2913.00;185
7042;28;5091447;7042;457;8376;8560;5.56;0.34;338.97;10.04;1334;40;2914.00;184
7043;28;5091472;7043;461;8376;8560;5.57;0.34;339.03;10.04;1333;40;2915.00;184
7045;28;5091487;7045;470;8384;8572;5.59;0.34;339.05;10.03;1339;40;2916.00;188
7047;28;5091502;7047;473;8386;8572;5.61;0.34;339.18;10.04;1339;40;2917.00;186
7047;28;5091516;7047;470;8387;8572;5.62;0.34;339.18;10.04;1340;40;2918.00;185
7050;28;5091530;7050;470;8387;8572;5.64;0.34;339.26;10.04;1337;40;2919.00;185
7051;28;5091545;7051;467;8390;8572;5.67;0.35;339.28;10.05;1339;40;2920.00;182
7054;28;5091559;7054;461;8391;8572;5.67;0.35;339.23;10.05;1337;40;2921.00;181
7057;28;5091573;7057;467;8396;8576;5.67;0.34;339.32;10.06;1339;40;2922.00;180
7060;28;5091588;7060;463;8399;8576;5.63;0.34;339.40;10.11;1339;40;2923.00;177
7064;28;5091603;7064;462;8403;8580;5.66;0.34;339.59;10.12;1339;40;2924.00;177
7066;28;5091618;7066;460;8405;8582;5.65;0.34;339.61;10.12;1339;40;2925.00;177
7070;28;5091633;7070;454;8408;8582;5.61;0.34;339.59;10.12;1338;40;2926.00;174
7074;29;5091647;7074;451;8408;8582;5.56;0.34;339.68;10.12;1334;41;2927.00;174
7075;29;5091669;7075;464;8418;8595;5.55;0.34;339.66;10.12;1343;41;2928.00;177
7077;29;5091685;7077;455;8420;8595;5.54;0.34;339.63;10.12;1343;41;2929.00;175
7080;29;5091700;7080;459;8421;8595;5.55;0.34;339.64;10.12;1341;41;2930.00;174
7082;29;5091714;7082;469;8423;8596;5.62;0.34;339.71;10.13;1341;41;2931.00;173
7086;29;5091730;7086;474;8426;8597;5.57;0.34;339.60;10.19;1340;41;2932.00;171
7086;29;5091743;7086;473;8426;8597;5.56;0.34;339.60;10.19;1340;41;2933.00;171
7091;29;5091758;7091;473;8430;8600;5.54;0.34;339.71;10.19;1339;41;2934.00;170
7093;29;5091773;7093;474;8434;8600;5.55;0.34;339.69;10.31;1341;41;2935.00;166
7095;29;5091788;7095;483;8435;8600;5.52;0.34;339.79;10.31;1340;41;2936.00;165
7097;29;5091802;7097;486;8436;8600;5.55;0.34;339.95;10.37;1339;41;2937.00;164
7100;29;5091816;7100;485;8443;8606;5.62;0.34;339.93;10.42;1343;41;2938.00;163
7105;29;5091831;7105;492;8444;8606;5.58;0.34;340.05;10.42;1339;41;2939.00;162
7109;29;5091846;7109;496;8444;8606;5.55;0.34;340.11;10.42;1335;41;2940.00;162
7115;30;5091870;7115;503;8446;8606;5.49;0.33;340.13;10.48;1331;42;2941.00;160
7115;30;5091899;7115;504;8449;8610;5.51;0.34;340.13;10.48;1334;42;2942.00;161
7119;30;5091913;7119;513;8453;8611;5.47;0.33;340.28;10.64;1334;42;2943.00;158
7121;30;5091927;7121;520;8454;8611;5.50;0.34;340.36;10.69;1333;42;2944.00;157
7123;30;5091940;7123;523;8455;8612;5.51;0.34;340.61;10.69;1332;42;2945.00;157
7127;30;5091954;7127;519;8455;8612;5.47;0.33;340.71;10.69;1328;42;2946.00;157
7127;30;5091969;7127;517;8456;8612;5.50;0.34;340.71;10.74;1329;42;2947.00;156
7128;30;5091983;7128;523;8456;8612;5.47;0.33;340.77;10.74;1328;42;2948.00;156
7129;30;5091997;7129;524;8457;8612;5.44;0.33;340.84;10.80;1328;42;2949.00;155
7131;30;5092010;7131;532;8457;8612;5.42;0.33;341.00;10.80;1326;42;2950.00;155
7135;30;5092024;7135;538;8458;8612;5.40;0.33;341.08;10.85;1323;42;2951.00;154
7138;30;5092038;7138;541;8496;8682;5.49;0.34;341.14;10.80;1358;42;2952.00;186
7140;30;5092057;7140;542;8498;8683;5.46;0.33;341.30;10.80;1358;42;2953.00;185
7147;30;5092072;7147;540;8503;8683;5.42;0.33;341.44;10.79;1356;42;2954.00;180
7150;30;5092087;7150;538;8507;8683;5.36;0.33;341.41;11.00;1357;42;2955.00;176
7154;30;5092101;7154;533;8509;8683;5.36;0.33;341.56;11.05;1355;42;2956.00;174
7157;30;5092116;7157;546;8510;8683;5.32;0.33;341.58;11.10;1353;42;2957.00;173
7159;30;5092137;7159;538;8514;8683;5.31;0.33;341.59;11.10;1355;42;2958.00;169
7161;30;5092160;7161;540;8516;8683;5.28;0.32;341.73;11.20;1355;42;2959.00;167
7165;30;5092188;7165;537;8519;8684;5.29;0.32;341.80;11.20;1354;42;2960.00;165
7171;30;5092212;7171;537;8522;8685;5.28;0.32;341.92;11.20;1351;42;2961.00;163
7172;30;5092230;7172;540;8526;8685;5.28;0.32;342.04;11.30;1354;42;2962.00;159
7175;30;5092251;7175;544;8532;8689;5.24;0.32;342.03;11.29;1357;42;2963.00;157
7175;30;5092268;7175;549;8533;8689;5.23;0.32;342.03;11.29;1358;42;2964.00;156
7179;30;5092290;7179;549;8535;8689;5.16;0.32;342.23;11.39;1356;42;2965.00;154
7182;30;5092313;7182;555;8535;8689;5.12;0.31;342.21;11.39;1353;42;2966.00;154
7186;30;5092331;7186;556;8541;8695;5.04;0.31;342.31;11.49;1355;42;2967.00;154
7190;30;5092348;7190;572;8541;8695;4.92;0.30;342.32;11.49;1351;42;2968.00;154
7194;30;5092363;7194;575;8542;8695;4.80;0.29;342.45;11.53;1348;42;2969.00;153
7198;30;5092379;7198;569;8546;8701;4.73;0.29;342.48;11.58;1348;42;2970.00;155
7204;30;5092395;7204;572;8546;8701;4.63;0.28;342.51;11.58;1342;42;2971.00;155
7206;30;5092410;7206;573;8549;8701;4.57;0.28;342.46;11.67;1343;42;2972.00;152
7211;30;5092424;7211;577;8549;8702;4.52;0.28;342.50;11.67;1338;42;2973.00;153
7215;30;5092438;7215;576;8552;8703;4.45;0.27;342.59;11.77;1337;42;2974.00;151
7219;30;5092452;7219;585;8552;8703;4.38;0.27;342.69;11.77;1333;42;2975.00;151
7220;30;5092467;7220;588;8562;8716;4.35;0.26;342.68;11.80;1342;42;2976.00;154
7224;30;5092482;7224;587;8564;8716;4.28;0.26;342.65;11.84;1340;42;2977.00;152
7227;30;5092496;7227;580;8564;8716;4.22;0.26;342.63;11.84;1337;42;2978.00;152
7229;30;5092510;7229;586;8564;8717;4.17;0.25;342.59;11.84;1335;42;2979.00;153
7231;30;5092524;7231;583;8565;8717;4.15;0.25;342.56;11.84;1334;42;2980.00;152
7233;30;5092538;7233;579;8568;8721;4.17;0.25;342.53;11.84;1335;42;2981.00;153
7235;30;5092552;7235;584;8568;8721;4.16;0.25;342.48;11.84;1333;42;2982.00;153
7241;30;5092566;7241;596;8571;8725;4.12;0.25;342.29;11.84;1330;42;2983.00;154
7245;30;5092581;7245;598;8571;8725;4.08;0.25;342.19;11.84;1326;42;2984.00;154
7247;30;5092595;7247;607;8571;8725;4.10;0.25;342.21;11.84;1324;42;2985.00;154
7251;30;5092608;7251;603;8572;8725;4.10;0.25;342.19;11.84;1321;42;2986.00;153
7255;30;5092622;7255;602;8572;8725;4.09;0.25;342.11;11.84;1317;42;2987.00;153
7258;30;5092636;7258;606;8581;8737;4.17;0.25;342.10;11.83;1323;42;2988.00;156
7262;30;5092651;7262;613;8581;8737;4.11;0.25;342.08;11.83;1319;42;2989.00;156
7264;30;5092665;7264;610;8581;8737;4.15;0.25;342.11;11.83;1317;42;2990.00;156
7267;30;5092679;7267;615;8581;8737;4.15;0.25;342.06;11.83;1314;42;2991.00;156
7270;30;5092693;7270;617;8581;8737;4.14;0.25;342.01;11.83;1311;42;2992.00;156
7272;30;5092707;7272;613;8581;8737;4.15;0.25;342.00;11.83;1309;42;2993.00;156
7276;30;5092720;7276;607;8581;8738;4.09;0.25;342.00;11.83;1305;42;2994.00;157
7281;30;5092734;7281;607;8581;8738;4.00;0.24;341.89;11.83;1300;42;2995.00;157
7283;30;5092747;7283;607;8585;8744;3.96;0.24;341.87;11.82;1302;42;2996.00;159
7286;30;5092761;7286;614;8585;8745;3.91;0.24;341.79;11.82;1299;42;2997.00;160
7294;30;5092774;7294;614;8585;8745;3.85;0.23;341.73;11.82;1291;42;2998.00;160
7294;30;5092787;7294;619;8585;8745;3.84;0.23;341.73;11.82;1291;42;2999.00;160
7297;30;5092802;7297;625;8592;8765;3.81;0.23;341.87;11.81;1295;42;3000.00;173
7297;30;5092821;7297;623;8592;8765;3.82;0.23;341.87;11.81;1295;42;3001.00;173
7300;30;5092834;7300;628;8593;8765;3.82;0.23;341.88;11.82;1293;42;3002.00;172
7304;30;5092847;7304;634;8595;8766;3.82;0.23;341.85;11.82;1291;42;3003.00;171
7307;30;5092860;7307;635;8599;8770;3.84;0.23;341.90;11.82;1292;42;3004.00;171
7308;30;5092873;7308;641;8600;8770;3.82;0.23;341.91;11.81;1292;42;3005.00;170
7311;30;5092885;7311;633;8602;8773;3.81;0.23;341.93;11.81;1291;42;3006.00;171
7312;30;5092900;7312;633;8602;8773;3.82;0.23;341.89;11.81;1290;42;3007.00;171
7313;30;5092913;7313;626;8602;8773;3.83;0.23;341.90;11.81;1289;42;3008.00;171
7315;30;5092926;7315;621;8606;8773;3.85;0.23;341.97;11.83;1291;42;3009.00;167
7319;30;5092939;7319;621;8608;8777;3.83;0.23;342.00;11.82;1289;42;3010.00;169
7321;30;5092952;7321;618;8610;8777;3.86;0.24;342.00;11.83;1289;42;3011.00;167
7323;30;5092966;7323;619;8612;8777;3.89;0.24;342.04;11.83;1289;42;3012.00;165
7327;30;5092979;7327;610;8612;8777;3.86;0.23;342.10;11.83;1285;42;3013.00;165
7329;30;5092998;7329;610;8614;8778;3.88;0.24;342.10;11.83;1285;42;3014.00;164
7332;30;5093013;7332;606;8617;8780;3.86;0.23;342.16;11.83;1285;42;3015.00;163
7333;30;5093035;7333;608;8617;8780;3.86;0.23;342.12;11.83;1284;42;3016.00;163
7335;30;5093047;7335;607;8621;8781;3.89;0.24;342.13;11.84;1286;42;3017.00;160
7335;30;5093063;7335;592;8622;8781;3.90;0.24;342.13;11.84;1287;42;3018.00;159
7335;30;5093077;7335;589;8622;8781;3.99;0.24;342.13;11.84;1287;42;3019.00;159
7335;30;5093091;7335;587;8622;8781;4.03;0.25;342.13;11.84;1287;42;3020.00;159
7336;30;5093104;7336;587;8625;8781;4.07;0.25;342.15;11.84;1289;42;3021.00;156
7338;30;5093124;7338;584;8626;8781;4.11;0.25;342.21;11.84;1288;42;3022.00;155
7339;30;5093138;7339;587;8628;8781;4.15;0.25;342.19;11.84;1289;42;3023.00;153
7341;30;5093152;7341;601;8690;8908;4.49;0.28;342.21;11.76;1349;42;3024.00;218
7342;30;5093181;7342;591;8693;8909;4.59;0.28;342.21;11.76;1351;42;3025.00;216
7344;30;5093196;7344;565;8701;8909;4.69;0.29;342.22;11.75;1357;42;3026.00;208
7348;30;5093212;7348;552;8704;8909;4.77;0.29;342.17;11.74;1356;42;3027.00;205
7349;31;5093228;7349;540;8709;8909;4.89;0.30;342.15;11.74;1360;43;3028.00;200
7352;31;5093253;7352;533;8710;8909;4.95;0.30;342.22;11.74;1358;43;3029.00;199
7352;31;5093269;7352;522;8714;8909;5.02;0.31;342.22;11.74;1362;43;3030.00;195
7353;31;5093285;7353;509;8715;8909;5.08;0.31;342.25;11.74;1362;43;3031.00;194
7355;31;5093301;7355;503;8718;8910;5.12;0.31;342.22;11.79;1363;43;3032.00;192
7356;31;5093317;7356;501;8719;8911;5.17;0.32;342.32;11.79;1363;43;3033.00;192
7357;31;5093332;7357;496;8722;8911;5.20;0.32;342.38;11.79;1365;43;3034.00;189
7361;31;5093348;7361;500;8724;8912;5.15;0.32;342.50;11.80;1363;43;3035.00;188
7362;31;5093364;7362;504;8727;8912;5.15;0.32;342.55;11.80;1365;43;3036.00;185
7365;31;5093379;7365;498;8729;8912;5.14;0.31;342.68;11.80;1364;43;3037.00;183
7369;32;5093395;7369;503;8732;8912;5.12;0.31;342.68;11.80;1363;44;3038.00;180
7369;32;5093427;7369;503;8737;8916;5.14;0.31;342.68;11.80;1368;44;3039.00;179
7371;32;5093443;7371;504;8740;8916;5.21;0.32;342.80;11.80;1369;44;3040.00;176
7372;32;5093458;7372;498;8743;8916;5.27;0.32;342.78;11.80;1371;44;3041.00;173
7374;32;5093475;7374;498;8745;8919;5.30;0.32;342.93;11.80;1371;44;3042.00;174
7377;32;5093493;7377;494;8748;8919;5.30;0.32;343.17;11.80;1371;44;3043.00;171
7379;32;5093509;7379;494;8750;8919;5.36;0.33;343.25;11.80;1371;44;3044.00;169
7385;32;5093525;7385;492;8755;8923;5.38;0.33;343.35;11.80;1370;44;3045.00;168
7388;32;5093547;7388;497;8757;8924;5.42;0.33;343.47;11.80;1369;44;3046.00;167
7390;32;5093563;7390;500;8759;8924;5.45;0.33;343.47;11.80;1369;44;3047.00;165
7392;32;5093578;7392;498;8762;8928;5.45;0.33;343.57;11.80;1370;44;3048.00;166
7393;32;5093600;7393;498;8765;8928;5.45;0.33;343.66;11.85;1372;44;3049.00;163
7395;32;5093616;7395;498;8765;8928;5.43;0.33;343.62;11.85;1370;44;3050.00;163
7399;32;5093631;7399;499;8767;8929;5.44;0.33;343.78;11.85;1368;44;3051.00;162
7403;32;5093646;7403;498;8767;8929;5.41;0.33;343.83;11.85;1364;44;3052.00;162
7404;32;5093662;7404;499;8772;8935;5.37;0.33;343.86;11.85;1368;44;3053.00;163
7406;32;5093677;7406;498;8772;8935;5.35;0.33;343.83;11.85;1366;44;3054.00;163
7409;32;5093693;7409;492;8772;8936;5.33;0.32;344.07;11.85;1363;44;3055.00;164
7411;32;5093708;7411;493;8772;8936;5.35;0.33;344.15;11.85;1361;44;3056.00;164
7413;32;5093725;7413;493;8772;8936;5.37;0.33;344.20;11.85;1359;44;3057.00;164
7416;32;5093741;7416;489;8772;8936;5.38;0.33;344.32;11.85;1356;44;3058.00;164
7418;32;5093756;7418;496;8772;8936;5.40;0.33;344.42;11.85;1354;44;3059.00;164
7421;32;5093775;7421;491;8797;8972;5.42;0.33;344.49;11.81;1376;44;3060.00;175
7424;32;5093794;7424;482;8798;8972;5.47;0.33;344.61;11.81;1374;44;3061.00;174
7426;32;5093810;7426;474;8801;8972;5.53;0.34;344.65;11.81;1375;44;3062.00;171
7428;32;5093826;7428;470;8802;8972;5.56;0.34;344.76;11.81;1374;44;3063.00;170
7430;32;5093842;7430;465;8803;8972;5.57;0.34;344.88;11.81;1373;44;3064.00;169
7432;32;5093859;7432;464;8803;8972;5.59;0.34;344.98;11.81;1371;44;3065.00;169
7439;32;5093876;7439;456;8806;8976;5.54;0.34;345.05;11.80;1367;44;3066.00;170
7441;32;5093895;7441;455;8806;8976;5.57;0.34;345.13;11.80;1365;44;3067.00;170
7444;32;5093911;7444;451;8810;8980;5.59;0.34;345.38;11.80;1366;44;3068.00;170
7446;32;5093926;7446;451;8811;8981;5.59;0.34;345.41;11.80;1365;44;3069.00;170
7448;32;5093942;7448;449;8811;8981;5.61;0.34;345.45;11.80;1363;44;3070.00;170
7450;32;5093957;7450;445;8811;8981;5.64;0.34;345.50;11.80;1361;44;3071.00;170
7454;32;5093974;7454;443;8820;8994;5.66;0.34;345.62;11.78;1366;44;3072.00;174
7455;32;5093990;7455;435;8820;8994;5.67;0.34;345.64;11.78;1365;44;3073.00;174
7458;32;5094006;7458;438;8820;8994;5.65;0.34;345.59;11.78;1362;44;3074.00;174
7464;32;5094023;7464;444;8823;8995;5.61;0.34;345.57;11.88;1359;44;3075.00;172
7467;32;5094041;7467;449;8823;8996;5.60;0.34;345.59;11.88;1356;44;3076.00;173
7473;32;5094057;7473;445;8823;8996;5.57;0.34;345.60;11.88;1350;44;3077.00;173
7477;32;5094073;7477;447;8826;8999;5.56;0.34;345.64;11.88;1349;44;3078.00;173
7482;32;5094090;7482;455;8827;8999;5.53;0.34;345.75;11.88;1345;44;3079.00;172
7485;32;5094105;7485;453;8827;8999;5.50;0.33;345.89;11.88;1342;44;3080.00;172
7488;32;5094119;7488;460;8828;8999;5.47;0.33;346.00;11.88;1340;44;3081.00;171
7489;32;5094133;7489;453;8833;9005;5.49;0.33;345.99;11.87;1344;44;3082.00;172
7491;32;5094148;7491;457;8833;9005;5.46;0.33;345.96;11.87;1342;44;3083.00;172
7494;32;5094163;7494;455;8833;9005;5.40;0.33;346.11;11.87;1339;44;3084.00;172
7496;32;5094178;7496;455;8833;9005;5.35;0.33;346.16;11.87;1337;44;3085.00;172
7499;32;5094192;7499;458;8836;9009;5.29;0.32;346.38;11.87;1337;44;3086.00;173
7503;32;5094207;7503;463;8837;9010;5.29;0.32;346.54;11.87;1334;44;3087.00;173
7505;32;5094223;7505;465;8837;9010;5.28;0.32;346.64;11.87;1332;44;3088.00;173
7508;32;5094237;7508;468;8838;9011;5.31;0.32;346.66;11.87;1330;44;3089.00;173
7511;32;5094253;7511;474;8838;9011;5.31;0.32;346.77;11.87;1327;44;3090.00;173
7514;32;5094267;7514;472;8838;9011;5.32;0.32;346.88;11.87;1324;44;3091.00;173
7519;32;5094283;7519;472;8838;9011;5.27;0.32;347.01;11.87;1319;44;3092.00;173
7523;32;5094297;7523;467;8838;9011;5.20;0.32;347.09;11.87;1315;44;3093.00;173
7527;32;5094311;7527;473;8838;9011;5.12;0.31;347.08;11.87;1311;44;3094.00;173
7529;32;5094326;7529;475;8838;9011;5.09;0.31;347.06;11.87;1309;44;3095.00;173
7532;32;5094341;7532;480;8876;9081;5.20;0.32;347.22;11.82;1344;44;3096.00;205
7534;32;5094360;7534;481;8879;9082;5.20;0.32;347.27;11.81;1345;44;3097.00;203
7537;32;5094374;7537;477;8887;9082;5.27;0.32;347.34;11.80;1350;44;3098.00;195
7538;32;5094390;7538;485;8889;9082;5.30;0.32;347.34;11.80;1351;44;3099.00;193
7542;32;5094410;7542;480;8891;9082;5.31;0.33;347.41;11.80;1349;44;3100.00;191
7543;32;5094438;7543;482;8894;9082;5.36;0.33;347.40;11.86;1351;44;3101.00;188
7548;32;5094465;7548;481;8897;9082;5.37;0.33;347.51;11.85;1349;44;3102.00;185
7550;32;5094490;7550;486;8900;9082;5.40;0.33;347.57;11.91;1350;44;3103.00;182
7551;32;5094508;7551;491;8901;9083;5.41;0.33;347.53;11.91;1350;44;3104.00;182
7556;32;5094529;7556;499;8904;9085;5.39;0.33;347.55;11.91;1348;44;3105.00;181
7561;32;5094547;7561;508;8908;9085;5.35;0.33;347.66;11.96;1347;44;3106.00;177
7563;32;5094567;7563;522;8912;9089;5.30;0.32;347.69;11.96;1349;45;3107.00;177
7565;32;5094599;7565;525;8914;9089;5.20;0.32;347.62;12.01;1349;45;3108.00;175
7567;32;5094617;7567;534;8914;9089;5.14;0.31;347.77;12.01;1347;45;3109.00;175
7572;32;5094635;7572;542;8914;9089;5.08;0.31;347.78;12.01;1342;45;3110.00;175
7573;32;5094650;7573;555;8920;9095;5.08;0.31;347.78;12.06;1347;45;3111.00;175
7574;32;5094665;7574;558;8920;9095;5.03;0.31;347.76;12.06;1346;45;3112.00;175
7576;32;5094678;7576;571;8920;9095;4.97;0.30;347.95;12.06;1344;45;3113.00;175
7577;32;5094697;7577;572;8923;9098;4.99;0.31;347.95;12.06;1346;45;3114.00;175
7581;32;5094712;7581;582;8924;9098;4.94;0.30;347.95;12.12;1343;45;3115.00;174
7585;32;5094727;7585;583;8924;9098;4.87;0.30;348.06;12.12;1339;45;3116.00;174
7588;32;5094740;7588;594;8924;9099;4.77;0.29;348.11;12.12;1336;45;3117.00;175
7589;32;5094754;7589;598;8925;9100;4.72;0.29;348.12;12.12;1336;45;3118.00;175
7590;32;5094768;7590;601;8926;9100;4.65;0.29;348.15;12.17;1336;46;3119.00;174
7594;32;5094792;7594;603;8944;9126;4.68;0.29;348.01;12.15;1350;46;3120.00;182
7598;32;5094808;7598;605;8945;9126;4.63;0.28;348.12;12.15;1347;46;3121.00;181
7599;32;5094823;7599;604;8948;9126;4.60;0.28;348.12;12.14;1349;46;3122.00;178
7602;32;5094836;7602;608;8949;9127;4.57;0.28;348.05;12.14;1347;46;3123.00;178
7604;32;5094852;7604;608;8949;9127;4.57;0.28;348.03;12.14;1345;46;3124.00;178
7607;32;5094865;7607;606;8953;9131;4.55;0.28;348.02;12.14;1346;46;3125.00;178
7609;32;5094879;7609;613;8953;9131;4.54;0.28;347.98;12.14;1344;46;3126.00;178
7612;32;5094893;7612;617;8956;9135;4.50;0.27;347.89;12.13;1344;46;3127.00;179
7615;32;5094907;7615;614;8956;9135;4.47;0.27;347.87;12.13;1341;46;3128.00;179
7616;32;5094921;7616;615;8956;9135;4.43;0.27;347.84;12.13;1340;46;3129.00;179
7617;32;5094936;7617;626;8956;9135;4.36;0.27;347.86;12.13;1339;46;3130.00;179
7620;32;5094949;7620;629;8956;9135;4.25;0.26;347.91;12.13;1336;46;3131.00;179
7625;32;5094962;7625;636;8966;9147;4.17;0.25;347.88;12.12;1341;46;3132.00;181
7627;32;5094976;7627;636;8966;9147;4.07;0.25;347.89;12.12;1339;46;3133.00;181
7631;32;5094989;7631;642;8967;9147;3.97;0.24;347.86;12.12;1336;46;3134.00;180
7631;32;5095002;7631;636;8967;9147;3.93;0.24;347.86;12.12;1336;46;3135.00;180
7636;32;5095017;7636;629;8967;9147;3.88;0.24;347.91;12.12;1331;46;3136.00;180
7643;32;5095033;7643;620;8967;9147;3.81;0.23;347.75;12.12;1324;46;3137.00;180
7647;32;5095052;7647;627;8967;9148;3.79;0.23;347.70;12.12;1320;46;3138.00;181
7648;32;5095070;7648;630;8967;9148;3.77;0.23;347.70;12.12;1319;46;3139.00;181
7652;32;5095087;7652;634;8972;9154;3.82;0.23;347.75;12.11;1320;46;3140.00;182
7653;32;5095105;7653;632;8973;9155;3.84;0.24;347.76;12.11;1320;46;3141.00;182
7656;32;5095122;7656;620;8973;9155;3.84;0.24;347.73;12.11;1317;46;3142.00;182
7660;32;5095138;7660;621;8973;9155;3.83;0.23;347.69;12.11;1313;46;3143.00;182
7662;32;5095155;7662;613;8976;9159;3.87;0.24;347.70;12.11;1314;46;3144.00;183
7665;32;5095172;7665;618;8976;9159;3.88;0.24;347.71;12.11;1311;46;3145.00;183
7667;32;5095189;7667;613;8976;9159;3.85;0.24;347.70;12.11;1309;46;3146.00;183
7669;32;5095204;7669;611;8977;9160;3.83;0.23;347.77;12.11;1308;46;3147.00;183
7670;32;5095218;7670;602;8980;9164;3.87;0.24;347.75;12.10;1310;46;3148.00;184
7673;32;5095232;7673;600;8980;9164;3.85;0.24;347.67;12.10;1307;46;3149.00;184
7675;32;5095247;7675;600;8985;9170;3.90;0.24;347.69;12.10;1310;46;3150.00;185
7679;32;5095260;7679;592;8985;9170;3.89;0.24;347.68;12.10;1306;46;3151.00;185
7682;32;5095273;7682;596;8986;9170;3.91;0.24;347.64;12.09;1304;46;3152.00;184
7686;32;5095287;7686;593;8986;9170;3.89;0.24;347.55;12.09;1300;46;3153.00;184
7688;32;5095301;7688;584;8990;9174;3.94;0.24;347.52;12.09;1302;46;3154.00;184
7691;32;5095314;7691;574;8990;9174;3.93;0.24;347.54;12.09;1299;46;3155.00;184
7693;32;5095328;7693;568;8990;9174;3.94;0.24;347.48;12.09;1297;46;3156.00;184
7695;32;5095341;7695;559;8990;9174;3.94;0.24;347.53;12.09;1295;46;3157.00;184
7699;32;5095355;7699;558;8990;9175;3.92;0.24;347.58;12.09;1291;46;3158.00;185
7700;32;5095369;7700;555;8991;9176;3.93;0.24;347.59;12.09;1291;46;3159.00;185
7704;32;5095383;7704;554;8991;9176;3.94;0.24;347.74;12.09;1287;46;3160.00;185
7705;32;5095401;7705;549;8992;9177;3.94;0.24;347.75;12.09;1287;46;3161.00;185
7708;32;5095414;7708;541;8992;9177;3.95;0.24;347.80;12.09;1284;46;3162.00;185
7711;33;5095427;7711;550;8992;9177;3.96;0.24;347.79;12.09;1281;47;3163.00;185
7714;33;5095451;7714;543;8992;9177;4.02;0.25;347.75;12.09;1278;47;3164.00;185
7717;33;5095465;7717;551;8992;9177;4.08;0.25;347.88;12.09;1275;47;3165.00;185
7722;33;5095478;7722;539;8992;9177;4.12;0.25;348.05;12.09;1270;47;3166.00;185
7723;33;5095491;7723;548;8992;9177;4.21;0.26;348.08;12.09;1269;47;3167.00;185
7727;33;5095506;7727;554;9057;9304;4.57;0.28;348.10;12.00;1330;47;3168.00;247
7728;33;5095531;7728;553;9062;9305;4.63;0.29;348.11;11.99;1334;47;3169.00;243
7730;33;5095545;7730;555;9069;9305;4.71;0.29;348.12;11.99;1339;47;3170.00;236
7730;33;5095559;7730;553;9075;9305;4.79;0.30;348.12;11.98;1345;47;3171.00;230
7734;33;5095573;7734;546;9080;9305;4.86;0.30;348.21;11.98;1346;47;3172.00;225
7737;33;5095588;7737;543;9083;9305;4.88;0.30;348.25;11.97;1346;47;3173.00;222
7740;33;5095603;7740;540;9086;9305;4.92;0.30;348.48;11.97;1346;47;3174.00;219
7744;33;5095617;7744;536;9089;9305;4.93;0.30;348.39;11.97;1345;47;3175.00;216
7746;33;5095632;7746;540;9090;9306;4.95;0.30;348.37;11.97;1344;47;3176.00;216
7749;33;5095646;7749;539;9095;9307;4.94;0.30;348.47;11.97;1346;47;3177.00;212
7753;33;5095660;7753;540;9098;9307;4.90;0.30;348.51;12.04;1345;47;3178.00;209
7755;33;5095676;7755;543;9099;9308;4.88;0.30;348.51;12.04;1344;47;3179.00;209
7758;33;5095693;7758;549;9101;9308;4.86;0.30;348.54;12.04;1343;47;3180.00;207
7764;33;5095708;7764;552;9102;9308;4.80;0.30;348.71;12.04;1338;47;3181.00;206
7768;33;5095723;7768;553;9104;9308;4.76;0.29;348.69;12.04;1336;47;3182.00;204
7772;33;5095739;7772;555;9108;9312;4.74;0.29;348.64;12.04;1336;47;3183.00;204
7775;33;5095754;7775;554;9108;9312;4.73;0.29;348.75;12.04;1333;47;3184.00;204
7776;33;5095769;7776;543;9110;9312;4.68;0.29;348.86;12.04;1334;47;3185.00;202
7779;33;5095782;7779;549;9111;9315;4.65;0.28;348.86;12.04;1332;47;3186.00;204
7782;33;5095803;7782;547;9113;9315;4.62;0.28;349.02;12.04;1331;47;3187.00;202
7786;33;5095817;7786;547;9113;9315;4.59;0.28;349.24;12.04;1327;47;3188.00;202
7788;33;5095832;7788;538;9118;9319;4.59;0.28;349.19;12.04;1330;47;3189.00;201
7790;33;5095847;7790;539;9119;9320;4.59;0.28;349.26;12.03;1329;47;3190.00;201
7795;33;5095861;7795;532;9123;9322;4.60;0.28;349.51;12.03;1328;47;3191.00;199
7799;33;5095877;7799;519;9126;9326;4.67;0.28;349.58;12.03;1327;47;3192.00;200
7802;33;5095892;7802;517;9129;9326;4.70;0.29;349.81;12.10;1327;47;3193.00;197
7807;33;5095907;7807;505;9129;9326;4.69;0.28;349.98;12.10;1322;47;3194.00;197
7808;33;5095921;7808;502;9132;9328;4.74;0.29;349.95;12.10;1324;47;3195.00;196
7809;33;5095941;7809;484;9132;9328;4.77;0.29;350.07;12.10;1323;47;3196.00;196
7813;33;5095956;7813;485;9137;9334;4.78;0.29;350.19;12.09;1324;47;3197.00;197
7815;33;5095971;7815;484;9137;9334;4.81;0.29;350.29;12.09;1322;47;3198.00;197
7818;33;5095985;7818;480;9137;9335;4.80;0.29;350.61;12.09;1319;47;3199.00;198
7818;33;5096001;7818;480;9137;9335;4.80;0.29;350.61;12.09;1319;47;3200.00;198
7822;33;5096020;7822;486;9137;9335;4.85;0.29;350.70;12.09;1315;47;3201.00;198
7825;33;5096035;7825;484;9137;9335;4.85;0.30;350.86;12.09;1312;47;3202.00;198
7827;33;5096050;7827;479;9137;9335;4.86;0.30;350.85;12.09;1310;47;3203.00;198
7830;33;5096064;7830;476;9146;9347;4.93;0.30;350.95;12.08;1316;47;3204.00;201
7835;33;5096082;7835;474;9147;9347;4.88;0.30;350.95;12.15;1312;47;3205.00;200
7838;33;5096099;7838;481;9149;9347;4.93;0.30;350.97;12.15;1311;47;3206.00;198
7842;33;5096113;7842;485;9149;9347;4.92;0.30;351.08;12.15;1307;47;3207.00;198
7843;33;5096128;7843;483;9149;9347;4.94;0.30;351.07;12.15;1306;47;3208.00;198
7845;33;5096143;7845;479;9149;9347;4.95;0.30;351.09;12.15;1304;47;3209.00;198
7847;33;5096159;7847;483;9152;9351;4.92;0.30;351.16;12.15;1305;47;3210.00;199
7848;33;5096174;7848;479;9152;9351;4.95;0.30;351.27;12.15;1304;47;3211.00;199
7849;33;5096188;7849;483;9156;9355;4.98;0.30;351.30;12.14;1307;47;3212.00;199
7849;33;5096203;7849;481;9158;9356;5.00;0.30;351.30;12.22;1309;47;3213.00;198
7850;33;5096216;7850;476;9158;9356;5.03;0.31;351.28;12.22;1308;47;3214.00;198
7852;33;5096230;7852;476;9158;9356;5.00;0.30;351.22;12.22;1306;47;3215.00;198
7854;33;5096244;7854;482;9169;9369;5.08;0.31;351.30;12.20;1315;47;3216.00;200
7854;33;5096260;7854;481;9169;9369;5.10;0.31;351.30;12.20;1315;47;3217.00;200
7854;33;5096278;7854;479;9169;9369;5.08;0.31;351.30;12.20;1315;47;3218.00;200
7855;33;5096296;7855;482;9170;9370;5.08;0.31;351.35;12.20;1315;47;3219.00;200
7857;33;5096315;7857;485;9170;9371;5.06;0.31;351.43;12.20;1313;47;3220.00;201
7857;33;5096330;7857;491;9170;9371;5.07;0.31;351.43;12.20;1313;47;3221.00;201
7858;33;5096347;7858;492;9172;9374;5.09;0.31;351.43;12.20;1314;47;3222.00;202
7861;33;5096366;7861;494;9172;9374;5.11;0.31;351.45;12.20;1311;47;3223.00;202
7861;33;5096387;7861;498;9173;9374;5.07;0.31;351.45;12.20;1312;47;3224.00;201
7863;33;5096409;7863;495;9174;9374;5.02;0.30;351.46;12.27;1311;47;3225.00;200
7864;33;5096433;7864;494;9179;9380;5.04;0.31;351.44;12.27;1315;47;3226.00;201
7866;33;5096455;7866;486;9179;9380;5.03;0.31;351.41;12.27;1313;47;3227.00;201
7867;33;5096476;7867;480;9179;9380;5.03;0.31;351.43;12.27;1312;47;3228.00;201
7869;33;5096496;7869;470;9179;9380;4.99;0.30;351.49;12.27;1310;47;3229.00;201
7870;33;5096519;7870;467;9182;9384;4.93;0.30;351.54;12.26;1312;47;3230.00;202
7872;33;5096536;7872;459;9183;9385;4.92;0.30;351.57;12.26;1311;47;3231.00;202
7874;33;5096552;7874;461;9183;9385;4.89;0.30;351.68;12.26;1309;47;3232.00;202
7877;33;5096567;7877;456;9184;9386;4.91;0.30;351.85;12.26;1307;47;3233.00;202
7881;33;5096581;7881;451;9184;9386;4.91;0.30;351.98;12.26;1303;47;3234.00;202
7883;33;5096595;7883;452;9184;9386;4.94;0.30;352.02;12.26;1301;47;3235.00;202
7883;33;5096611;7883;442;9184;9386;5.04;0.31;352.02;12.26;1301;47;3236.00;202
7886;33;5096624;7886;435;9184;9386;5.06;0.31;352.14;12.26;1298;47;3237.00;202
7887;33;5096639;7887;429;9184;9386;5.13;0.31;352.18;12.26;1297;47;3238.00;202
7892;33;5096653;7892;427;9184;9386;5.13;0.31;352.29;12.26;1292;47;3239.00;202
7897;33;5096669;7897;442;9244;9511;5.30;0.33;352.43;12.32;1347;47;3240.00;267
7902;33;5096694;7902;433;9245;9512;5.28;0.32;352.52;12.32;1343;47;3241.00;267
7905;33;5096709;7905;445;9254;9512;5.31;0.33;352.52;12.31;1349;47;3242.00;258
7909;33;5096723;7909;448;9257;9512;5.28;0.32;352.53;12.30;1348;47;3243.00;255
7911;33;5096739;7911;447;9266;9512;5.29;0.32;352.49;12.30;1355;47;3244.00;246
7914;33;5096753;7914;450;9268;9512;5.27;0.32;352.60;12.29;1354;47;3245.00;244
7917;33;5096768;7917;450;9273;9512;5.25;0.32;352.82;12.29;1356;47;3246.00;239
7920;33;5096782;7920;451;9279;9512;5.25;0.32;352.88;12.29;1359;47;3247.00;233
7923;33;5096797;7923;453;9283;9513;5.23;0.32;352.95;12.29;1360;47;3248.00;230
7925;33;5096811;7925;458;9285;9514;5.21;0.32;353.04;12.29;1360;47;3249.00;229
7928;33;5096827;7928;457;9291;9514;5.18;0.32;353.11;12.28;1363;47;3250.00;223
7931;33;5096842;7931;458;9294;9518;5.13;0.31;353.24;12.28;1363;47;3251.00;224
7933;33;5096858;7933;465;9296;9518;5.10;0.31;353.33;12.28;1363;47;3252.00;222
7934;33;5096879;7934;470;9296;9518;5.05;0.31;353.39;12.28;1362;47;3253.00;222
7936;33;5096894;7936;464;9296;9518;5.05;0.31;353.46;12.28;1360;47;3254.00;222
7938;33;5096910;7938;468;9301;9524;5.02;0.31;353.46;12.27;1363;47;3255.00;223
7940;33;5096926;7940;471;9301;9524;5.01;0.31;353.57;12.27;1361;47;3256.00;223
7940;33;5096941;7940;474;9301;9524;5.03;0.31;353.57;12.27;1361;47;3257.00;223
7942;33;5096956;7942;482;9303;9527;5.00;0.31;353.62;12.27;1361;47;3258.00;224
7943;33;5096972;7943;489;9303;9527;4.97;0.30;353.61;12.27;1360;47;3259.00;224
7947;33;5096988;7947;487;9303;9527;4.93;0.30;353.74;12.27;1356;47;3260.00;224
7949;33;5097004;7949;501;9304;9528;4.87;0.30;353.73;12.27;1355;47;3261.00;224
7952;33;5097020;7952;497;9305;9529;4.83;0.30;353.81;12.27;1353;47;3262.00;224
7955;33;5097036;7955;510;9305;9529;4.79;0.29;353.81;12.27;1350;47;3263.00;224
7956;33;5097052;7956;523;9315;9542;4.82;0.30;353.80;12.25;1359;47;3264.00;227
7959;33;5097068;7959;526;9316;9542;4.84;0.30;353.80;12.32;1357;47;3265.00;226
7964;33;5097084;7964;530;9316;9542;4.81;0.30;353.82;12.32;1352;47;3266.00;226
7969;33;5097100;7969;538;9318;9543;4.77;0.29;353.76;12.32;1349;47;3267.00;225
7970;33;5097116;7970;547;9319;9543;4.75;0.29;353.73;12.39;1349;47;3268.00;224
7971;33;5097131;7971;550;9322;9547;4.77;0.29;353.69;12.39;1351;47;3269.00;225
7974;33;5097148;7974;549;9323;9547;4.76;0.29;353.64;12.38;1349;47;3270.00;224
7974;33;5097163;7974;555;9327;9551;4.76;0.29;353.64;12.45;1353;47;3271.00;224
7977;33;5097179;7977;557;9327;9551;4.69;0.29;353.62;12.45;1350;47;3272.00;224
7980;33;5097193;7980;558;9328;9551;4.61;0.28;353.57;12.52;1348;47;3273.00;223
7982;33;5097208;7982;567;9328;9551;4.55;0.28;353.60;12.52;1346;47;3274.00;223
7984;33;5097222;7984;578;9329;9551;4.47;0.27;353.57;12.59;1345;47;3275.00;222
7985;33;5097236;7985;589;9338;9563;4.44;0.27;353.54;12.57;1353;47;3276.00;225
7989;33;5097250;7989;590;9339;9563;4.32;0.27;353.50;12.57;1350;47;3277.00;224
7991;33;5097264;7991;599;9343;9563;4.25;0.26;353.43;12.77;1352;47;3278.00;220
7992;33;5097278;7992;598;9344;9563;4.21;0.26;353.39;12.84;1352;47;3279.00;219
7998;33;5097291;7998;604;9345;9563;4.10;0.25;353.37;12.91;1347;47;3280.00;218
8000;33;5097305;8000;609;9345;9563;4.06;0.25;353.41;12.91;1345;47;3281.00;218
8002;33;5097318;8002;623;9348;9564;4.04;0.25;353.45;13.10;1346;47;3282.00;216
8004;33;5097331;8004;629;9349;9564;3.98;0.24;353.39;13.17;1345;47;3283.00;215
8008;33;5097344;8008;626;9354;9570;4.02;0.25;353.36;13.16;1346;47;3284.00;216
8008;33;5097357;8008;616;9356;9572;4.00;0.25;353.36;13.16;1348;47;3285.00;216
8009;33;5097371;8009;613;9356;9572;3.96;0.24;353.46;13.16;1347;47;3286.00;216
8011;33;5097384;8011;606;9360;9572;3.95;0.24;353.40;13.41;1349;47;3287.00;212
8013;33;5097396;8013;613;9363;9576;3.96;0.24;353.34;13.41;1350;47;3288.00;213
8014;33;5097411;8014;604;9365;9576;3.94;0.24;353.33;13.53;1351;47;3289.00;211
8015;33;5097423;8015;609;9365;9576;3.92;0.24;353.29;13.53;1350;47;3290.00;211
8017;33;5097436;8017;615;9366;9577;3.91;0.24;353.29;13.53;1349;47;3291.00;211
8017;33;5097450;8017;619;9371;9581;3.89;0.24;353.29;13.65;1354;47;3292.00;210
8019;33;5097464;8019;614;9371;9581;3.88;0.24;353.23;13.65;1352;47;3293.00;210
8023;33;5097477;8023;614;9373;9584;3.86;0.24;353.18;13.65;1350;47;3294.00;211
8023;33;5097492;8023;620;9374;9584;3.84;0.24;353.18;13.64;1351;47;3295.00;210
8024;33;5097505;8024;614;9374;9584;3.84;0.23;353.17;13.64;1350;47;3296.00;210
8028;33;5097518;8028;612;9376;9584;3.76;0.23;353.12;13.77;1348;47;3297.00;208
8030;33;5097531;8030;615;9382;9588;3.73;0.23;353.07;13.88;1352;47;3298.00;206
8033;33;5097545;8033;616;9384;9588;3.63;0.22;353.11;14.01;1351;47;3299.00;204
8034;33;5097561;8034;605;9389;9607;3.56;0.22;353.08;14.00;1355;47;3300.00;218
8038;33;5097582;8038;587;9389;9607;3.49;0.21;353.08;14.00;1351;47;3301.00;218
8042;33;5097596;8042;571;9390;9608;3.41;0.21;353.01;14.06;1348;47;3302.00;218
8043;33;5097610;8043;557;9392;9609;3.41;0.21;353.02;14.11;1349;47;3303.00;217
8045;33;5097623;8045;559;9392;9609;3.40;0.21;353.04;14.11;1347;47;3304.00;217
8047;33;5097636;8047;562;9393;9610;3.47;0.21;353.07;14.11;1346;47;3305.00;217
8049;33;5097650;8049;566;9395;9610;3.50;0.22;353.07;14.11;1346;47;3306.00;215
8052;33;5097663;8052;553;9395;9610;3.54;0.22;353.06;14.11;1343;47;3307.00;215
8055;33;5097687;8055;556;9395;9610;3.60;0.22;353.05;14.11;1340;47;3308.00;215
8057;33;5097700;8057;549;9395;9610;3.63;0.22;353.07;14.11;1338;47;3309.00;215
8058;33;5097713;8058;546;9395;9610;3.66;0.22;353.14;14.11;1337;47;3310.00;215
8063;33;5097726;8063;540;9395;9610;3.66;0.22;353.21;14.11;1332;47;3311.00;215
8065;33;5097740;8065;541;9460;9737;4.04;0.25;353.19;14.02;1395;47;3312.00;277
8066;33;5097763;8066;538;9462;9738;4.07;0.25;353.16;14.01;1396;47;3313.00;276
8070;33;5097778;8070;542;9470;9738;4.16;0.26;353.13;14.00;1400;47;3314.00;268
8073;33;5097792;8073;535;9475;9738;4.20;0.26;353.09;14.00;1402;47;3315.00;263
8075;33;5097805;8075;536;9480;9738;4.24;0.26;353.05;13.99;1405;47;3316.00;258
8077;33;5097819;8077;541;9483;9738;4.25;0.26;353.03;13.99;1406;47;3317.00;255
8078;33;5097833;8078;540;9489;9738;4.28;0.26;353.02;13.99;1411;47;3318.00;249
8081;33;5097846;8081;532;9492;9738;4.29;0.26;353.01;13.99;1411;47;3319.00;246
8083;33;5097860;8083;531;9493;9739;4.28;0.26;353.00;13.99;1410;47;3320.00;246
8086;33;5097875;8086;520;9495;9740;4.29;0.26;353.00;13.98;1409;47;3321.00;245
8088;33;5097889;8088;517;9498;9740;4.32;0.26;352.99;13.98;1410;47;3322.00;242
8092;33;5097904;8092;515;9498;9741;4.33;0.27;352.96;13.98;1406;47;3323.00;243
8096;33;5097919;8096;514;9504;9741;4.40;0.27;353.13;13.98;1408;47;3324.00;237
8098;33;5097935;8098;507;9504;9741;4.44;0.27;353.09;13.98;1406;47;3325.00;237
8103;33;5097949;8103;507;9506;9741;4.46;0.27;353.23;13.98;1403;47;3326.00;235
8108;33;5097964;8108;500;9508;9745;4.46;0.27;353.16;13.98;1400;47;3327.00;237
8110;33;5097980;8110;494;9509;9745;4.49;0.28;353.14;13.98;1399;47;3328.00;236
8115;33;5097994;8115;491;9511;9745;4.46;0.27;353.40;13.98;1396;47;3329.00;234
8118;33;5098010;8118;500;9515;9751;4.50;0.28;353.51;13.98;1397;47;3330.00;236
8120;33;5098026;8120;501;9517;9751;4.53;0.28;353.65;13.98;1397;47;3331.00;234
8126;33;5098045;8126;499;9520;9751;4.52;0.28;353.78;14.06;1394;47;3332.00;231
8130;33;5098061;8130;503;9525;9755;4.56;0.28;353.77;14.06;1395;47;3333.00;230
8135;33;5098076;8135;507;9527;9756;4.53;0.28;353.86;14.06;1392;47;3334.00;229
8138;33;5098091;8138;508;9528;9756;4.54;0.28;353.84;14.06;1390;47;3335.00;228
8140;33;5098105;8140;515;9532;9760;4.56;0.28;353.90;14.05;1392;47;3336.00;228
8145;33;5098120;8145;519;9532;9760;4.53;0.28;353.94;14.05;1387;47;3337.00;228
8149;33;5098134;8149;519;9533;9760;4.52;0.28;354.05;14.05;1384;47;3338.00;227
8152;33;5098149;8152;517;9535;9761;4.50;0.27;354.07;14.05;1383;47;3339.00;226
8157;33;5098163;8157;516;9535;9761;4.46;0.27;354.16;14.05;1378;47;3340.00;226
8159;33;5098178;8159;517;9540;9767;4.44;0.27;354.18;14.05;1381;47;3341.00;227
8162;33;5098193;8162;524;9541;9767;4.42;0.27;354.25;14.05;1379;47;3342.00;226
8168;33;5098207;8168;526;9541;9768;4.35;0.26;354.51;14.05;1373;47;3343.00;227
8171;33;5098222;8171;527;9543;9768;4.29;0.26;354.52;14.05;1372;47;3344.00;225
8173;33;5098238;8173;528;9543;9768;4.26;0.26;354.56;14.05;1370;47;3345.00;225
8176;33;5098252;8176;531;9543;9768;4.26;0.26;354.62;14.05;1367;47;3346.00;225
8176;33;5098266;8176;529;9545;9768;4.30;0.26;354.62;14.05;1369;47;3347.00;223
8182;33;5098280;8182;520;9554;9780;4.29;0.26;354.76;14.04;1372;47;3348.00;226
8185;33;5098296;8185;518;9555;9780;4.31;0.26;354.79;14.04;1370;47;3349.00;225
8189;33;5098310;8189;510;9556;9780;4.31;0.26;354.86;14.04;1367;47;3350.00;224
8193;33;5098325;8193;505;9557;9780;4.33;0.26;354.92;14.04;1364;47;3351.00;223
8196;33;5098340;8196;511;9558;9780;4.37;0.27;354.99;14.04;1362;47;3352.00;222
8199;33;5098358;8199;510;9558;9780;4.42;0.27;355.01;14.04;1359;47;3353.00;222
8199;33;5098378;8199;512;9563;9784;4.48;0.27;355.01;14.04;1364;47;3354.00;221
8203;33;5098401;8203;513;9563;9784;4.48;0.27;355.22;14.04;1360;47;3355.00;221
8206;33;5098418;8206;502;9567;9788;4.48;0.27;355.40;14.04;1361;47;3356.00;221
8209;33;5098442;8209;492;9568;9789;4.49;0.27;355.51;14.03;1359;47;3357.00;221
8212;33;5098459;8212;486;9568;9789;4.41;0.27;355.59;14.03;1356;47;3358.00;221
8213;33;5098475;8213;485;9568;9789;4.41;0.27;355.63;14.03;1355;47;3359.00;221
8217;33;5098499;8217;485;9592;9818;4.41;0.27;355.70;14.00;1375;47;3360.00;226
8219;33;5098519;8219;473;9593;9818;4.43;0.27;355.73;14.00;1374;47;3361.00;225
8222;33;5098536;8222;480;9593;9818;4.45;0.27;355.82;14.00;1371;47;3362.00;225
8224;33;5098553;8224;490;9594;9819;4.46;0.27;355.86;14.00;1370;47;3363.00;225
8228;33;5098569;8228;499;9595;9820;4.41;0.27;356.04;14.08;1367;47;3364.00;225
8231;33;5098585;8231;498;9595;9820;4.37;0.27;356.11;14.08;1364;47;3365.00;225
8234;33;5098603;8234;499;9597;9823;4.33;0.27;356.30;14.07;1363;47;3366.00;226
8239;33;5098620;8239;497;9598;9823;4.30;0.26;356.42;14.07;1359;47;3367.00;225
8242;33;5098636;8242;496;9598;9823;4.24;0.26;356.46;14.07;1356;47;3368.00;225
8246;33;5098652;8246;496;9598;9823;4.21;0.26;356.41;14.07;1352;47;3369.00;225
8250;33;5098667;8250;495;9603;9829;4.25;0.26;356.53;14.06;1353;47;3370.00;226
8251;33;5098684;8251;489;9603;9829;4.26;0.26;356.54;14.06;1352;47;3371.00;226
8255;33;5098699;8255;490;9603;9829;4.23;0.26;356.61;14.06;1348;47;3372.00;226
8257;33;5098714;8257;479;9603;9829;4.23;0.26;356.58;14.06;1346;47;3373.00;226
8260;33;5098734;8260;478;9606;9833;4.27;0.26;356.66;14.06;1346;47;3374.00;227
8263;33;5098749;8263;475;9608;9835;4.31;0.26;356.80;14.06;1345;48;3375.00;227
8266;33;5098774;8266;477;9608;9835;4.37;0.27;356.82;14.06;1342;48;3376.00;227
8267;33;5098790;8267;476;9609;9836;4.42;0.27;356.84;14.06;1342;48;3377.00;227
8270;33;5098806;8270;475;9609;9836;4.45;0.27;356.86;14.06;1339;48;3378.00;227
8272;33;5098824;8272;470;9609;9836;4.45;0.27;356.93;14.06;1337;48;3379.00;227
8274;33;5098838;8274;472;9609;9836;4.47;0.27;357.08;14.06;1335;48;3380.00;227
8276;33;5098853;8276;478;9609;9836;4.53;0.28;357.10;14.06;1333;48;3381.00;227
8278;33;5098867;8278;473;9609;9836;4.53;0.28;357.22;14.06;1331;48;3382.00;227
8280;33;5098884;8280;481;9609;9836;4.53;0.28;357.24;14.06;1329;48;3383.00;227
8284;33;5098899;8284;484;9646;9906;4.58;0.28;357.37;14.00;1362;48;3384.00;260
8285;33;5098920;8285;478;9646;9907;4.65;0.28;357.34;14.00;1361;48;3385.00;261
8286;33;5098936;8286;473;9651;9907;4.75;0.29;357.39;14.00;1365;48;3386.00;256
8289;33;5098951;8289;479;9653;9907;4.73;0.29;357.43;13.99;1364;48;3387.00;254
8290;33;5098966;8290;482;9656;9907;4.77;0.29;357.42;13.99;1366;48;3388.00;251
8291;33;5098981;8291;497;9659;9907;4.81;0.29;357.40;13.99;1368;48;3389.00;248
8293;33;5098999;8293;491;9662;9907;4.83;0.29;357.45;13.99;1369;48;3390.00;245
8293;33;5099017;8293;497;9665;9907;4.84;0.29;357.45;13.98;1372;48;3391.00;242
8294;33;5099033;8294;495;9667;9908;4.83;0.29;357.51;13.98;1373;48;3392.00;241
8294;33;5099051;8294;487;9669;9909;4.82;0.29;357.51;13.98;1375;48;3393.00;240
8297;33;5099067;8297;482;9670;9909;4.83;0.29;357.56;13.98;1373;48;3394.00;239
8298;33;5099084;8298;480;9674;9913;4.84;0.29;357.55;13.98;1376;48;3395.00;239
8299;33;5099104;8299;476;9675;9913;4.88;0.30;357.59;13.98;1376;48;3396.00;238
8300;33;5099120;8300;471;9675;9913;4.91;0.30;357.61;13.98;1375;48;3397.00;238
8301;33;5099136;8301;467;9677;9913;4.89;0.30;357.63;14.05;1376;48;3398.00;236
8304;33;5099154;8304;477;9681;9919;4.90;0.30;357.67;14.05;1377;48;3399.00;238
8307;33;5099170;8307;477;9683;9919;4.85;0.30;357.72;14.05;1376;48;3400.00;236
8307;33;5099191;8307;474;9683;9919;4.86;0.30;357.72;14.05;1376;48;3401.00;236
8310;33;5099207;8310;481;9685;9922;4.82;0.29;357.82;14.04;1375;48;3402.00;237
8314;33;5099226;8314;476;9687;9922;4.71;0.29;357.85;14.04;1373;48;3403.00;235
8315;33;5099246;8315;471;9688;9922;4.69;0.29;357.87;14.04;1373;48;3404.00;234
8317;33;5099263;8317;468;9689;9923;4.62;0.28;357.83;14.11;1372;48;3405.00;234
8319;33;5099287;8319;465;9691;9924;4.57;0.28;357.83;14.18;1372;48;3406.00;233
8319;33;5099313;8319;473;9691;9924;4.59;0.28;357.83;14.18;1372;48;3407.00;233
8321;33;5099333;8321;477;9700;9937;4.65;0.28;357.83;14.16;1379;48;3408.00;237
8326;33;5099356;8326;480;9701;9937;4.65;0.28;357.79;14.16;1375;48;3409.00;236
8328;33;5099382;8328;495;9701;9937;4.65;0.28;357.78;14.16;1373;48;3410.00;236
8329;33;5099401;8329;492;9702;9938;4.68;0.29;357.84;14.16;1373;48;3411.00;236
8333;33;5099417;8333;500;9703;9938;4.67;0.28;357.86;14.16;1370;48;3412.00;235
8335;33;5099433;8335;503;9706;9942;4.68;0.29;357.80;14.16;1371;48;3413.00;236
8336;33;5099449;8336;495;9706;9942;4.65;0.28;357.82;14.16;1370;48;3414.00;236
8338;33;5099465;8338;507;9709;9946;4.61;0.28;357.77;14.15;1371;48;3415.00;237
8340;33;5099486;8340;502;9710;9946;4.59;0.28;357.73;14.15;1370;48;3416.00;236
8343;33;5099502;8343;503;9711;9946;4.51;0.28;357.71;14.23;1368;48;3417.00;235
8344;33;5099517;8344;510;9712;9946;4.45;0.27;357.71;14.23;1368;48;3418.00;234
8345;33;5099536;8345;512;9712;9946;4.38;0.27;357.73;14.23;1367;48;3419.00;234
8346;33;5099556;8346;515;9736;9980;4.45;0.27;357.73;14.20;1390;48;3420.00;244
8351;33;5099581;8351;515;9739;9980;4.36;0.27;357.81;14.26;1388;48;3421.00;241
8351;33;5099602;8351;522;9742;9980;4.35;0.27;357.81;14.33;1391;48;3422.00;238
8356;33;5099620;8356;519;9743;9980;4.35;0.27;357.95;14.33;1387;48;3423.00;237
8358;33;5099635;8358;525;9743;9980;4.29;0.26;358.04;14.33;1385;48;3424.00;237
8361;33;5099655;8361;527;9743;9980;4.28;0.26;357.93;14.33;1382;48;3425.00;237
8364;33;5099670;8364;524;9743;9981;4.22;0.26;357.84;14.33;1379;48;3426.00;238
8365;33;5099685;8365;523;9744;9981;4.21;0.26;357.83;14.40;1379;48;3427.00;237
8368;33;5099701;8368;529;9750;9987;4.19;0.26;357.86;14.46;1382;48;3428.00;237
8371;33;5099716;8371;532;9750;9988;4.14;0.25;357.85;14.46;1379;48;3429.00;238
8371;33;5099738;8371;544;9753;9988;4.14;0.25;357.85;14.59;1382;48;3430.00;235
8375;33;5099753;8375;558;9753;9988;4.07;0.25;357.84;14.59;1378;48;3431.00;235
8375;33;5099767;8375;563;9757;9992;4.04;0.25;357.84;14.66;1382;48;3432.00;235
8376;33;5099781;8376;580;9758;9992;3.99;0.24;357.80;14.72;1382;48;3433.00;234
8380;33;5099795;8380;585;9759;9992;3.91;0.24;357.73;14.79;1379;48;3434.00;233
8381;33;5099809;8381;598;9760;9993;3.88;0.24;357.72;14.79;1379;48;3435.00;233
8383;33;5099823;8383;613;9763;9997;3.83;0.23;357.72;14.78;1380;48;3436.00;234
8385;33;5099836;8385;620;9765;9997;3.78;0.23;357.75;14.92;1380;48;3437.00;232
8387;33;5099850;8387;622;9767;10000;3.75;0.23;357.69;14.91;1380;48;3438.00;233
8389;33;5099864;8389;617;9770;10000;3.70;0.23;357.67;15.04;1381;48;3439.00;230
8389;33;5099877;8389;628;9770;10000;3.64;0.22;357.67;15.04;1381;48;3440.00;230
8389;33;5099890;8389;639;9772;10000;3.55;0.22;357.67;15.17;1383;48;3441.00;228
8390;33;5099902;8390;643;9776;10004;3.54;0.22;357.68;15.17;1386;48;3442.00;228
8391;33;5099916;8391;646;9778;10004;3.50;0.21;357.69;15.30;1387;48;3443.00;226
8393;33;5099929;8393;653;9779;10004;3.44;0.21;357.68;15.36;1386;48;3444.00;225
8396;33;5099941;8396;651;9779;10004;3.36;0.21;357.75;15.36;1383;48;3445.00;225
8396;33;5099954;8396;652;9779;10005;3.34;0.20;357.75;15.36;1383;48;3446.00;226
8397;33;5099966;8397;658;9780;10006;3.28;0.20;357.72;15.36;1383;48;3447.00;226
8398;33;5099978;8398;649;9782;10006;3.23;0.20;357.69;15.49;1384;48;3448.00;224
8398;33;5099991;8398;639;9783;10007;3.23;0.20;357.69;15.48;1385;48;3449.00;224
8399;33;5100007;8399;630;9785;10007;3.21;0.20;357.71;15.61;1386;48;3450.00;222
8399;33;5100020;8399;619;9785;10007;3.24;0.20;357.71;15.61;1386;48;3451.00;222
8401;33;5100032;8401;618;9785;10007;3.25;0.20;357.68;15.61;1384;48;3452.00;222
8402;33;5100044;8402;610;9787;10007;3.28;0.20;357.65;15.73;1385;48;3453.00;220
8403;33;5100057;8403;612;9787;10007;3.31;0.20;357.65;15.73;1384;48;3454.00;220
8405;33;5100070;8405;608;9787;10007;3.33;0.20;357.67;15.73;1382;48;3455.00;220
8407;33;5100084;8407;620;9856;10134;3.69;0.23;357.76;15.75;1449;48;3456.00;278
8411;33;5100108;8411;615;9860;10135;3.65;0.23;357.66;15.74;1449;48;3457.00;275
8411;33;5100129;8411;606;9869;10135;3.75;0.23;357.66;15.73;1458;48;3458.00;266
8412;33;5100146;8412;602;9874;10135;3.81;0.23;357.65;15.79;1462;48;3459.00;261
8412;33;5100162;8412;603;9879;10135;3.88;0.24;357.65;15.78;1467;48;3460.00;256
8413;33;5100179;8413;602;9880;10135;3.89;0.24;357.65;15.78;1467;48;3461.00;255
8414;33;5100195;8414;598;9883;10135;3.88;0.24;357.66;15.78;1469;48;3462.00;252
8418;33;5100212;8418;592;9885;10135;3.81;0.23;357.67;15.77;1467;48;3463.00;250
8420;33;5100228;8420;602;9889;10136;3.81;0.23;357.67;15.83;1469;48;3464.00;247
8425;33;5100245;8425;590;9892;10138;3.82;0.23;357.72;15.83;1467;48;3465.00;246
8425;33;5100289;8425;582;9895;10138;3.87;0.24;357.72;15.83;1470;48;3466.00;243
8429;33;5100307;8429;582;9897;10139;3.85;0.24;357.73;15.83;1468;48;3467.00;242
8432;33;5100322;8432;586;9899;10139;3.85;0.24;357.68;15.83;1467;48;3468.00;240
8433;33;5100337;8433;579;9901;10139;3.88;0.24;357.69;15.83;1468;48;3469.00;238
8435;33;5100351;8435;576;9903;10139;3.92;0.24;357.69;15.83;1468;48;3470.00;236
8435;33;5100366;8435;579;9907;10143;3.97;0.24;357.69;15.82;1472;48;3471.00;236
8437;33;5100380;8437;568;9908;10143;3.99;0.25;357.66;15.82;1471;48;3472.00;235
8439;33;5100396;8439;571;9910;10143;4.00;0.25;357.65;15.82;1471;48;3473.00;233
8441;33;5100410;8441;566;9911;10146;3.97;0.24;357.66;15.82;1470;48;3474.00;235
8443;33;5100425;8443;564;9911;10146;3.95;0.24;357.67;15.82;1468;48;3475.00;235
8445;33;5100440;8445;558;9912;10146;3.93;0.24;357.68;15.82;1467;48;3476.00;234
8446;33;5100456;8446;552;9915;10150;3.93;0.24;357.67;15.82;1469;48;3477.00;235
8449;33;5100471;8449;552;9917;10151;3.94;0.24;357.73;15.81;1468;48;3478.00;234
8452;33;5100493;8452;564;9917;10151;4.01;0.25;357.73;15.81;1465;48;3479.00;234
8457;33;5100510;8457;557;9922;10156;4.06;0.25;357.86;15.81;1465;48;3480.00;234
8460;33;5100526;8460;557;9922;10156;4.09;0.25;357.86;15.81;1462;48;3481.00;234
8464;33;5100541;8464;546;9922;10156;4.13;0.25;357.97;15.81;1458;48;3482.00;234
8468;33;5100557;8468;549;9923;10157;4.16;0.25;358.01;15.81;1455;48;3483.00;234
8473;33;5100573;8473;541;9923;10157;4.16;0.25;357.97;15.81;1450;48;3484.00;234
8477;33;5100588;8477;541;9927;10163;4.15;0.25;357.91;15.80;1450;48;3485.00;236
8479;33;5100603;8479;546;9927;10163;4.18;0.26;357.98;15.80;1448;48;3486.00;236
8482;33;5100618;8482;547;9927;10164;4.16;0.25;357.94;15.80;1445;48;3487.00;237
8485;33;5100633;8485;548;9927;10164;4.15;0.25;358.02;15.80;1442;48;3488.00;237
8487;33;5100648;8487;535;9927;10164;4.13;0.25;358.17;15.80;1440;48;3489.00;237
8490;33;5100664;8490;530;9927;10164;4.14;0.25;358.28;15.80;1437;48;3490.00;237
8498;33;5100679;8498;522;9927;10164;4.10;0.25;358.57;15.80;1429;48;3491.00;237
8500;33;5100695;8500;529;9936;10176;4.12;0.25;358.54;15.79;1436;48;3492.00;240
8504;33;5100711;8504;518;9936;10176;4.08;0.25;358.70;15.79;1432;48;3493.00;240
8509;33;5100726;8509;522;9936;10176;4.06;0.25;358.86;15.79;1427;48;3494.00;240
8511;33;5100741;8511;516;9936;10176;4.09;0.25;358.96;15.79;1425;48;3495.00;240
8515;33;5100757;8515;514;9936;10176;4.11;0.25;358.97;15.79;1421;48;3496.00;240
8519;33;5100772;8519;515;9938;10176;4.13;0.25;359.09;15.87;1419;48;3497.00;238
8525;33;5100789;8525;513;9941;10180;4.13;0.25;359.15;15.87;1416;48;3498.00;239
8532;33;5100805;8532;506;9941;10180;4.13;0.25;359.24;15.87;1409;48;3499.00;239
8535;33;5100822;8535;512;9944;10184;4.14;0.25;359.26;15.86;1409;48;3500.00;240
8539;33;5100842;8539;504;9944;10185;4.16;0.25;359.50;15.86;1405;48;3501.00;241
8543;33;5100858;8543;510;9944;10185;4.14;0.25;359.54;15.86;1401;48;3502.00;241
8548;33;5100874;8548;511;9945;10185;4.16;0.25;359.66;15.87;1397;48;3503.00;240
8551;33;5100890;8551;516;9953;10198;4.24;0.26;359.68;15.85;1402;48;3504.00;245
8556;33;5100910;8556;520;9954;10198;4.24;0.26;359.78;15.86;1398;48;3505.00;244
8560;33;5100926;8560;514;9955;10198;4.26;0.26;359.93;15.86;1395;48;3506.00;243
8565;33;5100942;8565;515;9955;10199;4.24;0.26;360.20;15.86;1390;48;3507.00;244
8569;33;5100957;8569;514;9956;10200;4.22;0.26;360.28;15.86;1387;48;3508.00;244
8572;33;5100972;8572;511;9958;10200;4.21;0.26;360.37;15.86;1386;48;3509.00;242
8576;33;5100989;8576;510;9961;10206;4.24;0.26;360.64;15.85;1385;48;3510.00;245
8580;33;5101011;8580;518;9961;10206;4.23;0.26;360.64;15.85;1381;48;3511.00;245
8583;33;5101026;8583;506;9964;10206;4.23;0.26;360.81;15.85;1381;48;3512.00;242
8588;33;5101042;8588;502;9966;10206;4.23;0.26;360.95;15.93;1378;48;3513.00;240
8589;33;5101058;8589;489;9971;10212;4.28;0.26;361.08;15.93;1382;48;3514.00;241
8590;33;5101074;8590;490;9971;10212;4.33;0.26;361.19;15.93;1381;48;3515.00;241
8593;33;5101090;8593;482;9972;10212;4.35;0.26;361.20;15.93;1379;48;3516.00;240
8595;33;5101105;8595;486;9973;10212;4.35;0.26;361.22;15.93;1378;48;3517.00;239
8597;33;5101122;8597;480;9977;10216;4.36;0.27;361.44;15.92;1380;48;3518.00;239
8602;33;5101140;8602;478;9982;10219;4.32;0.26;361.57;15.91;1380;48;3519.00;237
8603;33;5101156;8603;475;9982;10219;4.35;0.26;361.60;15.91;1379;48;3520.00;237
8608;33;5101171;8608;463;9984;10220;4.35;0.26;361.75;15.91;1376;48;3521.00;236
8610;33;5101187;8610;461;9985;10220;4.33;0.26;361.96;15.99;1375;48;3522.00;235
8615;33;5101205;8615;460;9985;10220;4.36;0.26;361.99;15.99;1370;48;3523.00;235
8618;33;5101220;8618;457;9985;10220;4.41;0.27;362.07;15.99;1367;48;3524.00;235
8619;33;5101238;8619;446;9985;10220;4.47;0.27;362.08;15.99;1366;48;3525.00;235
8620;33;5101254;8620;443;9985;10220;4.56;0.28;362.08;15.99;1365;48;3526.00;235
8620;33;5101271;8620;440;9985;10220;4.64;0.28;362.08;15.99;1365;48;3527.00;235
8624;33;5101287;8624;463;10027;10290;4.62;0.28;362.12;15.93;1403;48;3528.00;263
8626;33;5101309;8626;468;10028;10291;4.64;0.28;362.24;15.92;1402;48;3529.00;263
8628;33;5101325;8628;461;10032;10291;4.71;0.29;362.36;15.92;1404;48;3530.00;259
8629;33;5101342;8629;462;10033;10291;4.77;0.29;362.36;15.92;1404;48;3531.00;258
8633;33;5101357;8633;462;10034;10291;4.78;0.29;362.49;15.92;1401;48;3532.00;257
8633;33;5101373;8633;464;10036;10291;4.82;0.29;362.49;15.91;1403;48;3533.00;255
8637;33;5101389;8637;461;10038;10291;4.83;0.29;362.59;15.91;1401;48;3534.00;253
8639;33;5101405;8639;465;10040;10291;4.82;0.29;362.60;15.91;1401;48;3535.00;251
8640;33;5101421;8640;466;10041;10292;4.85;0.29;362.60;15.91;1401;48;3536.00;251
8640;33;5101436;8640;472;10042;10293;4.84;0.29;362.60;15.91;1402;48;3537.00;251
8643;33;5101453;8643;480;10044;10293;4.80;0.29;362.64;15.91;1401;48;3538.00;249
8645;33;5101469;8645;478;10048;10297;4.80;0.29;362.73;15.90;1403;48;3539.00;249
8646;33;5101486;8646;479;10050;10297;4.78;0.29;362.72;15.90;1404;48;3540.00;247
8649;33;5101502;8649;485;10051;10297;4.73;0.29;362.77;15.90;1402;48;3541.00;246
8651;33;5101518;8651;491;10053;10297;4.69;0.29;362.82;15.90;1402;48;3542.00;244
8653;33;5101534;8653;497;10058;10303;4.69;0.28;362.78;15.89;1405;48;3543.00;245
8655;33;5101550;8655;499;10059;10303;4.65;0.28;362.86;15.89;1404;48;3544.00;244
8656;33;5101567;8656;501;10061;10303;4.64;0.28;362.91;15.89;1405;48;3545.00;242
8658;33;5101584;8658;512;10063;10306;4.61;0.28;363.05;15.89;1405;48;3546.00;243
8658;33;5101599;8658;512;10063;10306;4.61;0.28;363.05;15.89;1405;48;3547.00;243
8661;33;5101615;8661;524;10064;10306;4.57;0.28;363.03;15.89;1403;48;3548.00;242
8661;33;5101630;8661;514;10064;10307;4.57;0.28;363.03;15.89;1403;48;3549.00;243
8662;33;5101646;8662;512;10065;10308;4.58;0.28;363.04;15.89;1403;48;3550.00;243
8665;33;5101661;8665;518;10065;10308;4.52;0.27;363.06;15.89;1400;48;3551.00;243
8665;33;5101678;8665;521;10076;10321;4.56;0.28;363.06;15.87;1411;48;3552.00;245
8669;33;5101695;8669;521;10077;10321;4.51;0.27;363.11;15.95;1408;48;3553.00;244
8670;33;5101712;8670;520;10077;10321;4.49;0.27;363.08;15.95;1407;48;3554.00;244
8671;33;5101727;8671;521;10079;10323;4.49;0.27;363.07;15.95;1408;48;3555.00;244
8672;33;5101744;8672;515;10079;10323;4.50;0.27;363.03;15.95;1407;48;3556.00;244
8672;33;5101760;8672;515;10083;10327;4.54;0.28;363.03;15.94;1411;48;3557.00;244
8676;33;5101776;8676;518;10083;10327;4.51;0.27;363.00;15.94;1407;48;3558.00;244
8677;33;5101792;8677;516;10086;10331;4.54;0.28;362.97;15.94;1409;48;3559.00;245
8680;33;5101809;8680;513;10086;10331;4.50;0.27;363.09;15.94;1406;48;3560.00;245
8684;33;5101825;8684;521;10086;10331;4.48;0.27;363.05;15.94;1402;48;3561.00;245
8686;33;5101843;8686;517;10086;10331;4.46;0.27;363.02;15.94;1400;48;3562.00;245
8688;33;5101860;8688;520;10086;10331;4.51;0.27;363.03;15.94;1398;48;3563.00;245
8688;33;5101878;8688;523;10095;10343;4.56;0.28;363.03;15.92;1407;48;3564.00;248
8690;33;5101894;8690;516;10095;10343;4.56;0.28;363.01;15.92;1405;48;3565.00;248
8693;33;5101909;8693;523;10097;10343;4.59;0.28;363.01;15.92;1404;48;3566.00;246
8695;33;5101924;8695;532;10097;10343;4.56;0.28;362.99;15.92;1402;48;3567.00;246
8697;33;5101939;8697;545;10097;10343;4.52;0.28;363.08;15.92;1400;48;3568.00;246
8700;33;5101955;8700;551;10097;10343;4.53;0.28;363.04;15.92;1397;48;3569.00;246
8704;33;5101972;8704;548;10098;10344;4.52;0.28;362.94;15.99;1394;48;3570.00;246
8707;33;5101990;8707;551;10099;10344;4.48;0.27;362.96;16.06;1392;48;3571.00;245
8710;33;5102005;8710;549;10104;10350;4.48;0.27;362.94;16.05;1394;48;3572.00;246
8716;33;5102021;8716;545;10106;10351;4.42;0.27;362.99;16.13;1390;48;3573.00;245
8720;33;5102038;8720;546;10106;10351;4.33;0.26;362.93;16.13;1386;48;3574.00;245
8722;33;5102053;8722;555;10106;10351;4.29;0.26;362.85;16.13;1384;48;3575.00;245
8723;33;5102069;8723;550;10109;10355;4.32;0.26;362.85;16.12;1386;48;3576.00;246
8723;33;5102085;8723;553;10109;10355;4.30;0.26;362.85;16.12;1386;48;3577.00;246
8725;33;5102099;8725;558;10109;10355;4.27;0.26;362.82;16.12;1384;48;3578.00;246
8728;33;5102114;8728;558;10110;10356;4.25;0.26;362.80;16.12;1382;48;3579.00;246
8730;33;5102128;8730;564;10113;10360;4.26;0.26;362.89;16.12;1383;48;3580.00;247
8733;33;5102143;8733;561;10113;10360;4.19;0.26;362.93;16.12;1380;48;3581.00;247
8737;33;5102158;8737;567;10115;10363;4.17;0.25;362.85;16.12;1378;48;3582.00;248
8739;33;5102172;8739;563;10116;10363;4.17;0.25;362.86;16.11;1377;48;3583.00;247
8743;33;5102187;8743;555;10116;10363;4.15;0.25;362.92;16.11;1373;48;3584.00;247
8746;33;5102202;8746;560;10116;10363;4.13;0.25;362.90;16.11;1370;48;3585.00;247
8747;33;5102222;8747;565;10120;10367;4.16;0.25;362.92;16.11;1373;48;3586.00;247
8748;33;5102237;8748;574;10120;10367;4.11;0.25;362.89;16.11;1372;48;3587.00;247
8749;33;5102251;8749;572;10120;10367;4.07;0.25;362.91;16.11;1371;48;3588.00;247
8749;33;5102267;8749;580;10120;10367;4.01;0.24;362.91;16.11;1371;48;3589.00;247
8751;33;5102282;8751;589;10120;10368;3.95;0.24;362.88;16.11;1369;48;3590.00;248
8752;33;5102296;8752;594;10121;10369;3.90;0.24;362.89;16.11;1369;48;3591.00;248
8753;33;5102310;8753;600;10121;10369;3.82;0.23;362.87;16.11;1368;48;3592.00;248
8753;33;5102324;8753;604;10122;10370;3.80;0.23;362.87;16.10;1369;48;3593.00;248
8755;33;5102339;8755;621;10122;10370;3.78;0.23;362.91;16.10;1367;48;3594.00;248
8755;33;5102352;8755;608;10123;10370;3.78;0.23;362.91;16.18;1368;48;3595.00;247
8755;33;5102366;8755;605;10123;10370;3.79;0.23;362.91;16.18;1368;48;3596.00;247
8758;33;5102386;8758;603;10123;10370;3.81;0.23;362.94;16.18;1365;48;3597.00;247
8760;33;5102402;8760;598;10124;10370;3.79;0.23;363.01;16.25;1364;48;3598.00;246
8761;33;5102416;8761;597;10124;10370;3.77;0.23;363.00;16.25;1363;48;3599.00;246
8762;34;5102432;8762;627;10224;10623;4.18;0.26;362.96;16.16;1462;49;3600.00;399
8763;34;5102486;8763;621;10229;10624;4.19;0.26;362.94;16.15;1466;49;3601.00;395
8763;34;5102506;8763;610;10243;10624;4.26;0.27;362.94;16.20;1480;49;3602.00;381
8764;34;5102524;8764;606;10249;10624;4.32;0.27;362.99;16.19;1485;49;3603.00;375
8764;34;5102540;8764;603;10258;10624;4.38;0.27;362.99;16.18;1494;49;3604.00;366
8765;34;5102556;8765;598;10265;10624;4.38;0.27;362.98;16.25;1500;49;3605.00;359
8766;34;5102572;8766;594;10272;10624;4.39;0.27;362.99;16.24;1506;49;3606.00;352
8766;34;5102588;8766;605;10280;10624;4.41;0.27;362.99;16.23;1514;49;3607.00;344
8769;35;5102603;8769;607;10288;10625;4.39;0.27;363.09;16.37;1519;50;3608.00;337
8771;35;5102630;8771;613;10299;10626;4.40;0.27;363.03;16.36;1528;50;3609.00;327
8772;35;5102645;8772;619;10305;10626;4.38;0.27;363.01;16.35;1533;50;3610.00;321
8776;35;5102665;8776;627;10311;10627;4.31;0.27;362.94;16.49;1535;50;3611.00;316
8778;35;5102679;8778;632;10316;10627;4.26;0.26;362.91;16.49;1538;50;3612.00;311
8779;35;5102698;8779;632;10320;10627;4.20;0.26;362.87;16.49;1541;50;3613.00;307
8780;35;5102713;8780;628;10323;10627;4.12;0.25;362.84;16.49;1543;50;3614.00;304
8781;35;5102727;8781;634;10326;10631;4.09;0.25;362.83;16.48;1545;50;3615.00;305
8782;35;5102742;8782;641;10327;10631;4.04;0.25;362.80;16.48;1545;50;3616.00;304
8783;35;5102762;8783;641;10331;10631;4.01;0.25;362.78;16.48;1548;50;3617.00;300
8784;35;5102776;8784;641;10334;10634;4.00;0.25;362.81;16.48;1550;50;3618.00;300
8785;35;5102792;8785;649;10335;10634;4.01;0.25;362.83;16.48;1550;50;3619.00;299
8787;35;5102806;8787;646;10339;10634;4.04;0.25;362.80;16.48;1552;50;3620.00;295
8791;35;5102823;8791;643;10343;10638;4.06;0.25;362.86;16.48;1552;50;3621.00;295
8794;35;5102838;8794;643;10346;10639;4.10;0.25;362.94;16.48;1552;50;3622.00;293
8796;35;5102855;8796;649;10347;10639;4.12;0.25;363.02;16.48;1551;50;3623.00;292
8798;35;5102870;8798;646;10350;10643;4.14;0.25;362.97;16.48;1552;50;3624.00;293
8799;35;5102886;8799;647;10352;10643;4.12;0.25;362.98;16.48;1553;50;3625.00;291
8802;35;5102903;8802;641;10354;10643;4.14;0.25;363.08;16.48;1552;50;3626.00;289
8805;35;5102918;8805;641;10354;10644;4.13;0.25;363.15;16.48;1549;50;3627.00;290
8806;35;5102933;8806;648;10355;10644;4.13;0.25;363.14;16.48;1549;50;3628.00;289
8810;35;5102948;8810;649;10359;10650;4.11;0.25;363.20;16.47;1549;50;3629.00;291
8813;35;5102966;8813;641;10360;10650;4.11;0.25;363.20;16.47;1547;50;3630.00;290
8817;35;5102981;8817;637;10361;10651;4.14;0.25;363.33;16.48;1544;50;3631.00;290
8820;35;5102996;8820;641;10364;10651;4.14;0.25;363.41;16.48;1544;50;3632.00;287
8822;35;5103017;8822;639;10365;10651;4.12;0.25;363.49;16.48;1543;50;3633.00;286
8824;35;5103033;8824;640;10366;10651;4.10;0.25;363.54;16.48;1542;50;3634.00;285
8826;35;5103048;8826;636;10367;10651;4.06;0.25;363.51;16.48;1541;50;3635.00;284
8829;35;5103064;8829;631;10375;10663;4.03;0.25;363.67;16.47;1546;50;3636.00;288
8835;35;5103079;8835;628;10376;10663;3.96;0.24;363.88;16.47;1541;50;3637.00;287
8838;35;5103098;8838;631;10378;10663;3.96;0.24;363.93;16.47;1540;50;3638.00;285
8841;35;5103113;8841;635;10379;10663;3.98;0.24;364.09;16.48;1538;50;3639.00;284
8844;35;5103129;8844;635;10381;10663;4.00;0.24;364.16;16.48;1537;51;3640.00;282
8848;35;5103154;8848;633;10381;10663;3.97;0.24;364.21;16.48;1533;51;3641.00;282
8849;35;5103172;8849;624;10384;10667;3.99;0.24;364.25;16.47;1535;51;3642.00;283
8853;35;5103191;8853;625;10386;10667;4.00;0.24;364.34;16.47;1533;51;3643.00;281
8857;35;5103210;8857;618;10388;10671;4.04;0.25;364.62;16.47;1531;51;3644.00;283
8858;35;5103231;8858;609;10389;10673;4.08;0.25;364.59;16.47;1531;51;3645.00;284
8863;35;5103249;8863;602;10391;10673;4.07;0.25;364.61;16.47;1528;51;3646.00;282
8867;35;5103267;8867;604;10392;10673;4.05;0.25;364.75;16.47;1525;51;3647.00;281
8870;35;5103284;8870;595;10401;10686;4.08;0.25;364.76;16.45;1531;51;3648.00;285
8874;35;5103304;8874;588;10403;10686;4.06;0.25;365.00;16.45;1529;51;3649.00;283
8878;35;5103322;8878;581;10403;10686;4.09;0.25;364.92;16.45;1525;51;3650.00;283
8883;35;5103341;8883;570;10403;10687;4.11;0.25;364.92;16.45;1520;51;3651.00;284
8884;35;5103357;8884;573;10404;10688;4.13;0.25;364.93;16.45;1520;51;3652.00;284
8887;35;5103375;8887;565;10404;10688;4.19;0.26;365.04;16.45;1517;51;3653.00;284
8890;35;5103394;8890;561;10406;10691;4.22;0.26;365.09;16.45;1516;51;3654.00;285
8895;35;5103414;8895;548;10406;10691;4.26;0.26;365.06;16.45;1511;51;3655.00;285
8898;35;5103431;8898;555;10406;10691;4.26;0.26;365.13;16.45;1508;51;3656.00;285
8900;35;5103450;8900;555;10406;10691;4.29;0.26;365.15;16.45;1506;51;3657.00;285
8906;35;5103468;8906;559;10410;10697;4.29;0.26;365.08;16.44;1504;51;3658.00;287
8908;35;5103487;8908;570;10410;10697;4.32;0.26;365.19;16.44;1502;51;3659.00;287
8914;35;5103507;8914;577;10410;10697;4.30;0.26;365.19;16.44;1496;51;3660.00;287
8921;35;5103524;8921;585;10410;10697;4.29;0.26;365.36;16.44;1489;51;3661.00;287
8921;35;5103543;8921;586;10414;10701;4.35;0.27;365.36;16.44;1493;51;3662.00;287
8926;35;5103561;8926;578;10415;10702;4.33;0.26;365.33;16.43;1489;51;3663.00;287
8930;35;5103579;8930;580;10416;10702;4.32;0.26;365.54;16.43;1486;51;3664.00;286
8933;35;5103596;8933;577;10417;10703;4.29;0.26;365.69;16.44;1484;51;3665.00;286
8937;35;5103613;8937;576;10418;10703;4.23;0.26;365.85;16.44;1481;51;3666.00;285
8941;35;5103628;8941;578;10419;10703;4.18;0.26;365.87;16.44;1478;51;3667.00;284
8946;35;5103644;8946;582;10420;10703;4.15;0.25;365.95;16.44;1474;51;3668.00;283
8949;35;5103660;8949;585;10421;10703;4.15;0.25;366.05;16.44;1472;51;3669.00;282
8951;35;5103675;8951;590;10421;10703;4.12;0.25;366.07;16.44;1470;51;3670.00;282
8953;35;5103690;8953;591;10421;10703;4.08;0.25;366.13;16.44;1468;51;3671.00;282
8956;35;5103706;8956;603;10456;10773;4.07;0.25;366.23;16.38;1500;51;3672.00;317
8961;35;5103726;8961;596;10459;10774;4.05;0.25;366.29;16.38;1498;51;3673.00;315
8961;35;5103741;8961;601;10464;10774;4.07;0.25;366.29;16.37;1503;51;3674.00;310
8965;35;5103758;8965;597;10465;10774;4.00;0.25;366.49;16.37;1500;51;3675.00;309
8967;35;5103773;8967;607;10469;10774;3.96;0.24;366.48;16.36;1502;51;3676.00;305
8971;35;5103787;8971;603;10471;10774;3.89;0.24;366.55;16.36;1500;51;3677.00;303
8975;35;5103803;8975;609;10472;10774;3.82;0.23;366.53;16.36;1497;51;3678.00;302
8978;35;5103820;8978;600;10474;10774;3.77;0.23;366.69;16.36;1496;51;3679.00;300
8985;35;5103836;8985;599;10477;10775;3.69;0.23;366.90;16.36;1492;51;3680.00;298
8985;35;5103851;8985;607;10479;10776;3.65;0.22;366.90;16.36;1494;51;3681.00;297
8987;35;5103867;8987;609;10480;10776;3.57;0.22;367.00;16.36;1493;51;3682.00;296
8991;35;5103881;8991;619;10485;10780;3.45;0.21;367.20;16.35;1494;51;3683.00;295
8993;35;5103896;8993;632;10485;10780;3.42;0.21;367.18;16.35;1492;51;3684.00;295
8996;35;5103912;8996;631;10489;10780;3.42;0.21;367.30;16.35;1493;51;3685.00;291
9001;35;5103933;9001;621;10489;10780;3.43;0.21;367.51;16.35;1488;51;3686.00;291
9002;35;5103948;9002;617;10495;10786;3.49;0.21;367.62;16.42;1493;51;3687.00;291
9003;35;5103964;9003;622;10495;10786;3.58;0.22;367.64;16.42;1492;51;3688.00;291
9006;35;5103979;9006;617;10495;10786;3.62;0.22;367.68;16.42;1489;51;3689.00;291
9006;35;5103996;9006;605;10499;10792;3.74;0.23;367.68;16.42;1493;51;3690.00;293
9009;35;5104012;9009;603;10499;10792;3.75;0.23;367.76;16.42;1490;51;3691.00;293
9010;35;5104029;9010;606;10501;10792;3.82;0.23;367.81;16.41;1491;51;3692.00;291
9010;35;5104044;9010;610;10501;10793;3.89;0.24;367.81;16.41;1491;51;3693.00;292
9011;35;5104061;9011;618;10502;10794;3.93;0.24;367.78;16.41;1491;51;3694.00;292
9013;35;5104076;9013;623;10502;10794;3.92;0.24;367.85;16.41;1489;51;3695.00;292
9016;35;5104092;9016;613;10513;10807;3.95;0.24;367.97;16.40;1497;51;3696.00;294
9017;35;5104109;9017;604;10513;10807;3.97;0.24;367.98;16.40;1496;51;3697.00;294
9020;35;5104125;9020;600;10515;10807;3.99;0.24;367.99;16.40;1495;51;3698.00;292
9022;35;5104141;9022;589;10516;10808;4.04;0.25;368.04;16.40;1494;51;3699.00;292
9023;35;5104157;9023;580;10517;10808;4.10;0.25;368.01;16.40;1494;51;3700.00;291
9023;35;5104177;9023;576;10521;10812;4.20;0.26;368.01;16.40;1498;51;3701.00;291
9027;35;5104194;9027;578;10521;10812;4.23;0.26;368.11;16.40;1494;51;3702.00;291
9030;35;5104215;9030;582;10524;10816;4.25;0.26;368.26;16.39;1494;51;3703.00;292
9033;35;5104232;9033;578;10526;10816;4.25;0.26;368.48;16.40;1493;51;3704.00;290
9035;35;5104248;9035;571;10526;10816;4.28;0.26;368.43;16.40;1491;51;3705.00;290
9039;35;5104263;9039;580;10526;10816;4.27;0.26;368.65;16.40;1487;51;3706.00;290
9041;35;5104279;9041;583;10526;10816;4.26;0.26;368.71;16.40;1485;51;3707.00;290
9044;35;5104295;9044;580;10536;10828;4.31;0.26;368.70;16.39;1492;51;3708.00;292
9049;35;5104311;9049;593;10536;10828;4.26;0.26;368.79;16.39;1487;51;3709.00;292
9050;35;5104328;9050;591;10537;10828;4.29;0.26;368.76;16.39;1487;51;3710.00;291
9054;35;5104343;9054;595;10538;10828;4.28;0.26;368.90;16.46;1484;51;3711.00;290
9058;35;5104358;9058;601;10538;10828;4.26;0.26;369.11;16.46;1480;51;3712.00;290
9059;35;5104373;9059;612;10538;10828;4.23;0.26;369.23;16.46;1479;51;3713.00;290
9062;35;5104388;9062;605;10538;10829;4.14;0.25;369.26;16.46;1476;51;3714.00;291
9063;35;5104404;9063;603;10538;10829;4.09;0.25;369.37;16.46;1475;51;3715.00;291
9064;35;5104419;9064;608;10543;10835;4.07;0.25;369.37;16.46;1479;51;3716.00;292
9067;35;5104435;9067;607;10544;10836;4.03;0.25;369.35;16.45;1477;51;3717.00;292
9069;35;5104450;9069;614;10544;10836;4.01;0.24;369.36;16.45;1475;51;3718.00;292
9072;35;5104465;9072;617;10544;10836;3.97;0.24;369.29;16.45;1472;51;3719.00;292
9074;35;5104481;9074;615;10548;10841;3.93;0.24;369.33;16.45;1474;51;3720.00;293
9076;35;5104496;9076;617;10548;10841;3.88;0.24;369.33;16.45;1472;51;3721.00;293
9080;35;5104511;9080;619;10548;10841;3.80;0.23;369.38;16.45;1468;51;3722.00;293
9080;35;5104525;9080;622;10549;10842;3.81;0.23;369.38;16.45;1469;51;3723.00;293
9083;35;5104540;9083;615;10552;10846;3.79;0.23;369.41;16.44;1469;51;3724.00;294
9085;35;5104556;9085;609;10552;10846;3.76;0.23;369.34;16.44;1467;51;3725.00;294
9087;35;5104570;9087;601;10555;10849;3.77;0.23;369.39;16.52;1468;51;3726.00;294
9090;35;5104585;9090;591;10555;10849;3.78;0.23;369.39;16.52;1465;51;3727.00;294
9093;35;5104599;9093;580;10556;10849;3.82;0.23;369.37;16.52;1463;51;3728.00;293
9098;35;5104615;9098;583;10557;10849;3.84;0.23;369.33;16.59;1459;51;3729.00;292
9101;35;5104629;9101;585;10561;10853;3.88;0.24;369.46;16.59;1460;51;3730.00;292
9102;35;5104647;9102;574;10561;10853;3.96;0.24;369.47;16.59;1459;51;3731.00;292
9104;35;5104664;9104;578;10561;10853;3.96;0.24;369.46;16.59;1457;51;3732.00;292
9107;35;5104679;9107;573;10561;10853;3.97;0.24;369.50;16.59;1454;51;3733.00;292
9111;35;5104694;9111;571;10561;10854;3.98;0.24;369.54;16.59;1450;51;3734.00;293
9115;35;5104710;9115;565;10566;10856;3.95;0.24;369.53;16.82;1451;51;3735.00;290
9118;35;5104729;9118;568;10566;10856;3.89;0.24;369.50;16.82;1448;51;3736.00;290
9119;35;5104746;9119;556;10567;10857;3.92;0.24;369.46;16.82;1448;51;3737.00;290
9122;35;5104760;9122;553;10567;10857;3.94;0.24;369.47;16.82;1445;51;3738.00;290
9124;35;5104776;9124;562;10567;10857;3.95;0.24;369.42;16.82;1443;51;3739.00;290
9126;35;5104792;9126;562;10567;10857;3.96;0.24;369.52;16.82;1441;51;3740.00;290
9126;35;5104808;9126;561;10567;10857;4.00;0.24;369.52;16.82;1441;51;3741.00;290
9132;35;5104824;9132;544;10567;10857;3.99;0.24;369.65;16.82;1435;51;3742.00;290
9132;35;5104840;9132;528;10567;10857;4.04;0.25;369.65;16.82;1435;51;3743.00;290
9134;35;5104857;9134;532;10632;10984;4.35;0.27;369.65;16.72;1498;51;3744.00;352
9137;35;5104881;9137;528;10636;10985;4.36;0.27;369.58;16.71;1499;51;3745.00;349
9138;35;5104900;9138;519;10643;10985;4.46;0.28;369.55;16.70;1505;51;3746.00;342
9139;35;5104917;9139;517;10646;10985;4.53;0.28;369.54;16.70;1507;51;3747.00;339
9140;35;5104933;9140;516;10651;10985;4.56;0.28;369.52;16.69;1511;51;3748.00;334
9141;35;5104950;9141;510;10653;10985;4.56;0.28;369.60;16.69;1512;51;3749.00;332
9142;35;5104971;9142;505;10658;10990;4.59;0.28;369.65;16.68;1516;51;3750.00;332
9144;35;5104997;9144;508;10660;10990;4.58;0.28;369.81;16.68;1516;51;3751.00;330
9144;35;5105022;9144;511;10660;10991;4.55;0.28;369.81;16.68;1516;51;3752.00;331
9145;35;5105041;9145;518;10663;10992;4.57;0.28;369.88;16.68;1518;51;3753.00;329
9149;35;5105058;9149;526;10664;10992;4.60;0.28;369.91;16.68;1515;51;3754.00;328
9149;35;5105075;9149;524;10668;10993;4.60;0.28;369.91;16.68;1519;51;3755.00;325
9150;35;5105098;9150;528;10670;10993;4.60;0.28;369.92;16.68;1520;51;3756.00;323
9154;35;5105115;9154;536;10672;10993;4.57;0.28;369.87;16.67;1518;51;3757.00;321
9157;35;5105132;9157;538;10673;10993;4.51;0.28;369.85;16.67;1516;51;3758.00;320
9159;35;5105149;9159;550;10678;10997;4.45;0.27;369.80;16.67;1519;51;3759.00;319
9161;35;5105165;9161;559;10683;10997;4.43;0.27;369.95;16.91;1522;51;3760.00;314
9161;35;5105182;9161;552;10685;10997;4.41;0.27;369.95;16.91;1524;51;3761.00;312
9161;35;5105199;9161;556;10689;11000;4.42;0.27;369.95;16.99;1528;51;3762.00;311
9163;35;5105214;9163;561;10692;11000;4.39;0.27;369.99;17.07;1529;51;3763.00;308
9164;35;5105231;9164;567;10693;11000;4.38;0.27;370.05;17.07;1529;51;3764.00;307
9168;35;5105246;9168;577;10703;11004;4.31;0.26;370.15;17.30;1535;51;3765.00;301
9170;35;5105262;9170;576;10704;11005;4.29;0.26;370.23;17.30;1534;51;3766.00;301
9171;35;5105284;9171;573;10707;11005;4.30;0.26;370.21;17.30;1536;51;3767.00;298
9172;35;5105300;9172;580;10711;11009;4.29;0.26;370.19;17.45;1539;51;3768.00;298
9175;35;5105317;9175;588;10715;11009;4.30;0.26;370.16;17.53;1540;51;3769.00;294
9176;35;5105333;9176;589;10717;11009;4.31;0.26;370.17;17.61;1541;51;3770.00;292
9179;35;5105348;9179;596;10718;11010;4.30;0.26;370.19;17.61;1539;51;3771.00;292
9181;35;5105369;9181;606;10719;11010;4.32;0.26;370.27;17.60;1538;51;3772.00;291
9185;35;5105384;9185;608;10725;11016;4.32;0.26;370.29;17.75;1540;51;3773.00;291
9188;35;5105401;9188;615;10726;11016;4.31;0.26;370.32;17.75;1538;51;3774.00;290
9190;35;5105417;9190;626;10726;11017;4.26;0.26;370.40;17.75;1536;51;3775.00;291
9191;35;5105431;9191;625;10728;11017;4.23;0.26;370.40;17.90;1537;51;3776.00;289
9193;35;5105446;9193;625;10728;11017;4.19;0.26;370.51;17.90;1535;51;3777.00;289
9198;35;5105462;9198;639;10728;11017;4.12;0.25;370.62;17.90;1530;51;3778.00;289
9198;35;5105478;9198;648;10730;11017;4.08;0.25;370.62;18.05;1532;51;3779.00;287
9203;35;5105495;9203;656;10756;11053;4.09;0.25;370.76;18.01;1553;51;3780.00;297
9203;35;5105514;9203;650;10756;11053;4.08;0.25;370.76;18.01;1553;51;3781.00;297
9203;35;5105531;9203;653;10761;11053;4.10;0.25;370.76;18.15;1558;51;3782.00;292
9205;35;5105547;9205;651;10761;11053;4.09;0.25;370.83;18.15;1556;51;3783.00;292
9207;35;5105563;9207;642;10762;11053;4.12;0.25;370.87;18.15;1555;51;3784.00;291
9208;35;5105579;9208;639;10764;11053;4.14;0.25;370.86;18.30;1556;52;3785.00;289
9209;35;5105605;9209;640;10768;11057;4.13;0.25;370.89;18.29;1559;52;3786.00;289
9210;35;5105624;9210;635;10770;11057;4.14;0.25;370.88;18.44;1560;52;3787.00;287
9212;35;5105643;9212;641;10774;11061;4.15;0.25;370.93;18.44;1562;52;3788.00;287
9214;35;5105663;9214;633;10775;11062;4.16;0.25;370.94;18.43;1561;52;3789.00;287
9215;35;5105698;9215;635;10777;11062;4.14;0.25;370.91;18.58;1562;52;3790.00;285
9217;35;5105730;9217;644;10777;11062;4.09;0.25;370.94;18.58;1560;52;3791.00;285
9220;35;5105764;9220;644;10788;11075;4.06;0.25;370.88;18.56;1568;52;3792.00;287
9226;35;5105796;9226;647;10788;11075;4.00;0.24;370.86;18.56;1562;52;3793.00;287
9232;35;5105817;9232;650;10788;11075;3.95;0.24;371.00;18.56;1556;52;3794.00;287
9235;35;5105838;9235;658;10789;11076;3.91;0.24;370.98;18.56;1554;52;3795.00;287
9239;35;5105869;9239;655;10789;11077;3.91;0.24;371.08;18.56;1550;52;3796.00;288
9246;35;5105892;9246;660;10789;11077;3.86;0.24;371.10;18.56;1543;52;3797.00;288
9249;35;5105911;9249;657;10792;11080;3.82;0.23;371.11;18.55;1543;52;3798.00;288
9252;35;5105932;9252;667;10792;11080;3.82;0.23;371.24;18.55;1540;52;3799.00;288
9255;35;5105961;9255;671;10792;11080;3.83;0.23;371.26;18.55;1537;52;3800.00;288
9258;35;5105992;9258;676;10792;11080;3.86;0.24;371.26;18.55;1534;52;3801.00;288
9266;35;5106012;9266;666;10797;11086;3.87;0.24;371.28;18.55;1531;52;3802.00;289
9271;35;5106037;9271;664;10797;11086;3.87;0.24;371.34;18.55;1526;52;3803.00;289
9273;35;5106057;9273;663;10797;11086;3.95;0.24;371.47;18.55;1524;52;3804.00;289
9276;35;5106078;9276;661;10797;11086;3.97;0.24;371.45;18.55;1521;52;3805.00;289
9277;35;5106105;9277;647;10800;11090;4.00;0.24;371.45;18.54;1523;52;3806.00;290
9283;35;5106133;9283;642;10801;11091;3.97;0.24;371.59;18.54;1518;52;3807.00;290
9285;35;5106160;9285;645;10801;11091;3.98;0.24;371.62;18.54;1516;52;3808.00;290
9288;35;5106179;9288;629;10802;11092;3.99;0.24;371.71;18.54;1514;52;3809.00;290
9293;35;5106201;9293;639;10802;11092;3.98;0.24;371.75;18.54;1509;52;3810.00;290
9297;35;5106221;9297;642;10802;11092;3.99;0.24;371.81;18.54;1505;52;3811.00;290
9301;35;5106239;9301;639;10802;11092;3.96;0.24;371.91;18.54;1501;52;3812.00;290
9306;35;5106257;9306;647;10802;11092;3.94;0.24;372.09;18.54;1496;52;3813.00;290
9312;35;5106275;9312;646;10802;11092;3.89;0.24;372.12;18.54;1490;52;3814.00;290
9316;35;5106293;9316;639;10802;11092;3.84;0.23;372.11;18.54;1486;52;3815.00;290
9319;35;5106311;9319;642;10834;11162;3.97;0.24;372.20;18.48;1515;52;3816.00;328
9323;35;5106336;9323;640;10837;11163;4.02;0.24;372.34;18.48;1514;52;3817.00;326
9325;35;5106354;9325;634;10843;11163;4.05;0.25;372.33;18.47;1518;52;3818.00;320
9328;35;5106370;9328;641;10845;11163;4.10;0.25;372.50;18.47;1517;52;3819.00;318
9334;35;5106390;9334;639;10848;11163;4.13;0.25;372.55;18.55;1514;52;3820.00;315
9336;36;5106411;9336;647;10849;11163;4.13;0.25;372.67;18.55;1513;53;3821.00;314
9340;36;5106454;9340;646;10850;11163;4.14;0.25;372.69;18.55;1510;53;3822.00;313
9341;36;5106478;9341;646;10851;11163;4.15;0.25;372.65;18.54;1510;53;3823.00;312
9345;36;5106508;9345;650;10854;11164;4.12;0.25;372.66;18.54;1509;53;3824.00;310
9348;36;5106527;9348;649;10856;11166;4.08;0.25;372.64;18.54;1508;53;3825.00;310
9352;36;5106546;9352;647;10858;11166;4.03;0.25;372.65;18.54;1506;53;3826.00;308
9356;36;5106571;9356;645;10861;11170;3.99;0.24;372.76;18.53;1505;53;3827.00;309
9358;36;5106589;9358;659;10862;11170;3.90;0.24;372.87;18.53;1504;53;3828.00;308
9361;36;5106607;9361;666;10862;11170;3.82;0.23;372.92;18.53;1501;53;3829.00;308
9366;36;5106624;9366;675;10862;11170;3.77;0.23;372.96;18.53;1496;53;3830.00;308
9370;36;5106643;9370;688;10867;11176;3.74;0.23;373.10;18.53;1497;53;3831.00;309
9374;36;5106661;9374;681;10868;11176;3.73;0.23;373.32;18.53;1494;53;3832.00;308
9375;36;5106678;9375;684;10868;11176;3.71;0.23;373.30;18.53;1493;53;3833.00;308
9378;36;5106696;9378;689;10870;11179;3.69;0.22;373.32;18.52;1492;53;3834.00;309
9381;36;5106713;9381;686;10871;11179;3.67;0.22;373.33;18.52;1490;53;3835.00;308
9387;36;5106730;9387;693;10871;11179;3.65;0.22;373.55;18.52;1484;53;3836.00;308
9392;36;5106748;9392;699;10872;11180;3.61;0.22;373.61;18.52;1480;53;3837.00;308
9395;36;5106767;9395;699;10874;11181;3.60;0.22;373.65;18.52;1479;53;3838.00;307
9400;36;5106787;9400;705;10875;11181;3.57;0.22;373.70;18.52;1475;53;3839.00;306
9404;36;5106806;9404;709;10896;11207;3.60;0.22;373.76;18.49;1492;53;3840.00;311
9407;36;5106826;9407;720;10897;11207;3.55;0.22;373.76;18.49;1490;53;3841.00;310
9409;36;5106844;9409;717;10899;11207;3.52;0.21;373.85;18.49;1490;53;3842.00;308
9415;36;5106863;9415;717;10901;11208;3.46;0.21;374.06;18.49;1486;53;3843.00;307
9419;36;5106881;9419;720;10902;11208;3.44;0.21;374.10;18.49;1483;53;3844.00;306
9422;36;5106900;9422;722;10905;11212;3.44;0.21;374.14;18.48;1483;53;3845.00;307
9428;36;5106918;9428;736;10907;11214;3.41;0.21;374.11;18.48;1479;53;3846.00;307
9429;36;5106937;9429;730;10912;11218;3.47;0.21;374.18;18.48;1483;53;3847.00;306
9431;36;5106955;9431;736;10913;11218;3.48;0.21;374.19;18.48;1482;53;3848.00;305
9432;36;5106973;9432;735;10913;11218;3.50;0.21;374.18;18.48;1481;53;3849.00;305
9434;36;5106989;9434;740;10915;11218;3.49;0.21;374.22;18.47;1481;53;3850.00;303
9435;36;5107007;9435;736;10915;11218;3.47;0.21;374.33;18.47;1480;53;3851.00;303
9437;36;5107024;9437;731;10926;11230;3.48;0.21;374.38;18.46;1489;53;3852.00;304
9437;36;5107043;9437;737;10926;11230;3.48;0.21;374.38;18.46;1489;53;3853.00;304
9439;36;5107063;9439;739;10927;11230;3.44;0.21;374.32;18.45;1488;53;3854.00;303
9442;36;5107080;9442;748;10927;11230;3.43;0.21;374.33;18.45;1485;53;3855.00;303
9445;36;5107097;9445;754;10927;11230;3.44;0.21;374.40;18.45;1482;53;3856.00;303
9448;36;5107114;9448;758;10927;11230;3.48;0.21;374.45;18.45;1479;53;3857.00;303
9452;36;5107130;9452;759;10927;11231;3.52;0.21;374.47;18.45;1475;53;3858.00;304
9455;36;5107148;9455;754;10927;11231;3.54;0.21;374.51;18.45;1472;53;3859.00;304
9455;36;5107165;9455;756;10932;11237;3.61;0.22;374.51;18.45;1477;53;3860.00;305
9455;36;5107182;9455;755;10933;11238;3.64;0.22;374.51;18.45;1478;53;3861.00;305
9457;36;5107199;9457;747;10933;11238;3.64;0.22;374.58;18.45;1476;53;3862.00;305
9460;36;5107215;9460;753;10933;11238;3.62;0.22;374.60;18.45;1473;53;3863.00;305
9461;36;5107232;9461;751;10936;11242;3.61;0.22;374.57;18.44;1475;53;3864.00;306
9463;36;5107248;9463;757;10936;11242;3.58;0.22;374.56;18.44;1473;53;3865.00;306
9464;36;5107264;9464;750;10936;11242;3.56;0.22;374.54;18.44;1472;53;3866.00;306
9465;36;5107279;9465;747;10937;11243;3.55;0.22;374.50;18.44;1472;53;3867.00;306
9466;36;5107295;9466;752;10940;11247;3.54;0.21;374.48;18.43;1474;53;3868.00;307
9467;36;5107312;9467;744;10940;11247;3.50;0.21;374.45;18.43;1473;53;3869.00;307
9467;36;5107330;9467;749;10944;11253;3.51;0.21;374.45;18.43;1477;53;3870.00;309
9469;36;5107346;9469;746;10945;11253;3.46;0.21;374.44;18.43;1476;53;3871.00;308
9470;36;5107362;9470;751;10946;11253;3.43;0.21;374.49;18.42;1476;53;3872.00;307
9470;36;5107376;9470;751;10946;11253;3.41;0.21;374.49;18.42;1476;53;3873.00;307
9470;36;5107391;9470;745;10950;11257;3.42;0.21;374.49;18.42;1480;53;3874.00;307
9472;36;5107408;9472;744;10950;11257;3.38;0.21;374.42;18.42;1478;53;3875.00;307
9475;36;5107423;9475;740;10950;11257;3.35;0.20;374.58;18.42;1475;53;3876.00;307
9479;36;5107438;9479;737;10950;11257;3.30;0.20;374.60;18.42;1471;53;3877.00;307
9481;36;5107453;9481;734;10950;11258;3.31;0.20;374.65;18.42;1469;53;3878.00;308
9484;36;5107468;9484;740;10951;11259;3.28;0.20;374.61;18.42;1467;53;3879.00;308
9484;36;5107484;9484;729;10951;11259;3.30;0.20;374.61;18.42;1467;53;3880.00;308
9487;36;5107499;9487;737;10952;11260;3.33;0.20;374.66;18.41;1465;53;3881.00;308
9488;36;5107513;9488;728;10952;11260;3.33;0.20;374.62;18.41;1464;53;3882.00;308
9488;36;5107527;9488;725;10952;11260;3.36;0.21;374.62;18.41;1464;53;3883.00;308
9492;36;5107546;9492;725;10952;11260;3.35;0.20;374.79;18.41;1460;53;3884.00;308
9493;36;5107565;9493;724;10952;11260;3.32;0.20;374.78;18.41;1459;53;3885.00;308
9494;36;5107581;9494;714;10952;11260;3.34;0.20;374.79;18.41;1458;53;3886.00;308
9497;36;5107599;9497;704;10952;11260;3.38;0.21;374.83;18.41;1455;53;3887.00;308
9500;36;5107616;9500;740;11025;11387;3.60;0.22;374.79;18.29;1525;53;3888.00;362
9501;36;5107666;9501;705;11025;11388;3.66;0.23;374.75;18.29;1524;53;3889.00;363
9504;36;5107694;9504;679;11033;11388;3.75;0.23;374.73;18.37;1529;53;3890.00;355
9504;36;5107714;9504;662;11036;11388;3.86;0.24;374.73;18.37;1532;53;3891.00;352
9504;36;5107732;9504;647;11041;11388;3.97;0.24;374.73;18.36;1537;53;3892.00;347
9506;36;5107750;9506;641;11044;11388;4.08;0.25;374.75;18.36;1538;53;3893.00;344
9506;36;5107767;9506;631;11046;11388;4.17;0.26;374.75;18.36;1540;53;3894.00;342
9508;36;5107784;9508;621;11049;11388;4.19;0.26;374.77;18.35;1541;53;3895.00;339
9510;36;5107814;9510;630;11051;11389;4.29;0.26;374.81;18.35;1541;53;3896.00;338
9511;36;5107831;9511;628;11053;11390;4.33;0.26;374.82;18.35;1542;53;3897.00;337
9513;36;5107848;9513;628;11057;11390;4.34;0.27;374.82;18.35;1544;53;3898.00;333
9514;36;5107871;9514;639;11059;11391;4.34;0.27;374.84;18.34;1545;53;3899.00;332
9516;36;5107891;9516;639;11066;11406;4.33;0.26;374.85;18.50;1550;53;3900.00;340
9519;36;5107918;9519;633;11071;11406;4.33;0.26;374.83;18.50;1552;53;3901.00;335
9522;36;5107937;9522;629;11073;11406;4.27;0.26;374.79;18.49;1551;53;3902.00;333
9522;36;5107954;9522;624;11075;11410;4.27;0.26;374.79;18.49;1553;53;3903.00;335
9525;36;5107971;9525;616;11077;11410;4.24;0.26;374.76;18.49;1552;53;3904.00;333
9526;36;5107990;9526;631;11079;11410;4.25;0.26;374.76;18.49;1553;53;3905.00;331
9526;36;5108008;9526;628;11082;11413;4.29;0.26;374.76;18.48;1556;53;3906.00;331
9526;36;5108025;9526;639;11083;11413;4.33;0.26;374.76;18.48;1557;53;3907.00;330
9528;36;5108043;9528;627;11084;11413;4.34;0.27;374.71;18.48;1556;53;3908.00;329
9530;36;5108061;9530;633;11087;11417;4.36;0.27;374.68;18.48;1557;53;3909.00;330
9532;36;5108080;9532;628;11091;11418;4.36;0.27;374.73;18.48;1559;53;3910.00;327
9534;36;5108099;9534;639;11091;11418;4.33;0.26;374.79;18.48;1557;53;3911.00;327
9539;36;5108118;9539;639;11096;11422;4.30;0.26;374.90;18.47;1557;53;3912.00;326
9542;36;5108136;9542;642;11097;11422;4.26;0.26;375.04;18.47;1555;53;3913.00;325
9543;36;5108152;9543;645;11097;11422;4.20;0.26;375.09;18.47;1554;53;3914.00;325
9547;36;5108170;9547;642;11100;11424;4.14;0.25;375.16;18.47;1553;53;3915.00;324
9547;36;5108189;9547;642;11100;11424;4.12;0.25;375.16;18.47;1553;53;3916.00;324
9551;36;5108206;9551;649;11104;11430;4.11;0.25;375.26;18.46;1553;53;3917.00;326
9554;36;5108224;9554;643;11105;11430;4.07;0.25;375.32;18.46;1551;53;3918.00;325
9555;36;5108240;9555;649;11105;11431;4.07;0.25;375.32;18.46;1550;53;3919.00;326
9556;36;5108257;9556;652;11105;11431;4.00;0.24;375.31;18.46;1549;53;3920.00;326
9559;36;5108273;9559;654;11106;11431;3.97;0.24;375.37;18.46;1547;53;3921.00;325
9561;36;5108289;9561;666;11106;11431;3.98;0.24;375.46;18.46;1545;53;3922.00;325
9562;36;5108307;9562;667;11107;11431;3.95;0.24;375.49;18.46;1545;53;3923.00;324
9564;36;5108322;9564;672;11116;11443;4.00;0.24;375.51;18.45;1552;53;3924.00;327
9565;36;5108340;9565;682;11118;11443;4.03;0.25;375.55;18.53;1553;53;3925.00;325
9570;36;5108355;9570;678;11120;11443;4.02;0.24;375.62;18.52;1550;53;3926.00;323
9573;36;5108373;9573;686;11120;11443;3.99;0.24;375.61;18.52;1547;53;3927.00;323
9576;36;5108389;9576;677;11120;11443;3.97;0.24;375.76;18.52;1544;53;3928.00;323
9576;36;5108410;9576;676;11120;11443;4.00;0.24;375.76;18.52;1544;53;3929.00;323
9579;36;5108427;9579;683;11124;11447;3.98;0.24;375.75;18.60;1545;53;3930.00;323
9580;36;5108443;9580;680;11124;11447;3.99;0.24;375.79;18.60;1544;53;3931.00;323
9582;36;5108459;9582;682;11130;11451;4.02;0.24;375.77;18.76;1548;53;3932.00;321
9585;36;5108476;9585;684;11131;11452;4.00;0.24;375.89;18.76;1546;53;3933.00;321
9588;36;5108492;9588;685;11134;11452;3.98;0.24;375.90;19.00;1546;53;3934.00;318
9590;36;5108508;9590;697;11134;11452;3.95;0.24;375.84;19.00;1544;53;3935.00;318
9594;36;5108525;9594;704;11145;11465;3.91;0.24;376.04;19.06;1551;53;3936.00;320
9597;36;5108541;9597;715;11149;11465;3.88;0.24;376.28;19.38;1552;53;3937.00;316
9599;36;5108557;9599;702;11150;11465;3.87;0.24;376.26;19.46;1551;53;3938.00;315
9600;36;5108572;9600;703;11151;11466;3.91;0.24;376.39;19.46;1551;53;3939.00;315
9600;36;5108588;9600;708;11152;11467;3.93;0.24;376.39;19.54;1552;53;3940.00;315
9603;36;5108603;9603;715;11153;11467;3.94;0.24;376.63;19.61;1550;53;3941.00;314
9604;36;5108619;9604;719;11156;11470;3.98;0.24;376.62;19.69;1552;53;3942.00;314
9604;36;5108635;9604;716;11158;11470;3.96;0.24;376.62;19.77;1554;53;3943.00;312
9606;36;5108650;9606;712;11159;11470;3.98;0.24;376.60;19.77;1553;53;3944.00;311
9606;36;5108666;9606;711;11162;11470;3.97;0.24;376.60;19.92;1556;53;3945.00;308
9608;36;5108681;9608;711;11167;11476;3.99;0.24;376.73;19.91;1559;53;3946.00;309
9610;36;5108698;9610;720;11167;11476;3.97;0.24;376.75;19.91;1557;53;3947.00;309
9612;36;5108714;9612;720;11170;11476;3.96;0.24;376.81;20.07;1558;53;3948.00;306
9614;36;5108730;9614;722;11170;11476;3.95;0.24;376.86;20.07;1556;53;3949.00;306
9618;36;5108746;9618;723;11173;11480;3.91;0.24;376.78;20.06;1555;53;3950.00;307
9621;36;5108762;9621;719;11176;11481;3.89;0.24;376.85;20.21;1555;53;3951.00;305
9625;36;5108783;9625;719;11176;11481;3.87;0.24;376.83;20.21;1551;53;3952.00;305
9626;36;5108800;9626;718;11177;11482;3.89;0.24;376.87;20.21;1551;53;3953.00;305
9628;36;5108820;9628;717;11178;11482;3.88;0.24;376.83;20.29;1550;53;3954.00;304
9631;36;5108837;9631;723;11178;11482;3.84;0.23;376.87;20.29;1547;53;3955.00;304
9633;36;5108855;9633;726;11178;11482;3.81;0.23;376.90;20.29;1545;53;3956.00;304
9636;36;5108870;9636;732;11178;11482;3.73;0.23;376.90;20.29;1542;53;3957.00;304
9637;36;5108885;9637;734;11179;11482;3.72;0.23;376.94;20.37;1542;53;3958.00;303
9644;36;5108901;9644;743;11179;11482;3.63;0.22;376.98;20.37;1535;53;3959.00;303
9648;36;5108918;9648;754;11237;11607;3.77;0.23;376.94;20.26;1589;53;3960.00;370
9651;36;5108943;9651;749;11240;11608;3.77;0.23;376.98;20.26;1589;53;3961.00;368
9653;36;5108958;9653;758;11247;11608;3.80;0.23;376.97;20.24;1594;53;3962.00;361
9656;36;5108974;9656;760;11252;11608;3.83;0.24;377.02;20.24;1596;53;3963.00;356
9661;36;5108990;9661;758;11257;11608;3.82;0.24;376.99;20.23;1596;53;3964.00;351
9662;36;5109007;9662;760;11261;11608;3.82;0.24;376.97;20.22;1599;53;3965.00;347
9667;36;5109023;9667;765;11266;11608;3.77;0.23;377.00;20.22;1599;53;3966.00;342
9671;36;5109039;9671;775;11270;11608;3.77;0.23;377.03;20.21;1599;53;3967.00;338
9676;36;5109056;9676;771;11273;11609;3.72;0.23;377.11;20.21;1597;53;3968.00;336
9679;36;5109072;9679;778;11275;11610;3.70;0.23;377.14;20.21;1596;53;3969.00;335
9683;36;5109094;9683;771;11277;11610;3.68;0.23;377.18;20.21;1594;53;3970.00;333
9686;36;5109110;9686;771;11280;11614;3.66;0.22;377.16;20.20;1594;53;3971.00;334
9686;36;5109127;9686;774;11280;11614;3.64;0.22;377.16;20.20;1594;53;3972.00;334
9690;36;5109143;9690;770;11280;11614;3.60;0.22;377.10;20.20;1590;53;3973.00;334
9694;36;5109159;9694;766;11280;11614;3.53;0.22;377.19;20.20;1586;53;3974.00;334
9696;36;5109175;9696;765;11284;11620;3.50;0.21;377.26;20.19;1588;53;3975.00;336
9699;36;5109191;9699;770;11284;11620;3.45;0.21;377.34;20.19;1585;53;3976.00;336
9702;36;5109207;9702;770;11284;11620;3.43;0.21;377.30;20.19;1582;53;3977.00;336
9706;36;5109226;9706;774;11285;11623;3.44;0.21;377.39;20.19;1579;53;3978.00;338
9709;36;5109246;9709;766;11285;11623;3.40;0.21;377.45;20.19;1576;53;3979.00;338
9713;36;5109267;9713;764;11285;11623;3.36;0.21;377.63;20.19;1572;53;3980.00;338
9716;36;5109290;9716;769;11286;11624;3.31;0.20;377.63;20.19;1570;53;3981.00;338
9718;36;5109306;9718;760;11287;11625;3.30;0.20;377.75;20.19;1569;53;3982.00;338
9721;36;5109323;9721;764;11287;11625;3.28;0.20;377.88;20.19;1566;53;3983.00;338
9724;36;5109339;9724;763;11297;11638;3.33;0.20;377.93;20.17;1573;53;3984.00;341
9727;36;5109356;9727;761;11298;11638;3.30;0.20;377.94;20.17;1571;53;3985.00;340
9730;36;5109372;9730;776;11298;11638;3.25;0.20;378.05;20.17;1568;53;3986.00;340
9733;36;5109387;9733;773;11298;11639;3.22;0.20;378.14;20.17;1565;53;3987.00;341
9738;36;5109403;9738;780;11299;11639;3.19;0.19;378.25;20.17;1561;53;3988.00;340
9744;36;5109419;9744;784;11302;11643;3.14;0.19;378.46;20.17;1558;53;3989.00;341
9745;36;5109437;9745;795;11302;11643;3.13;0.19;378.47;20.17;1557;53;3990.00;341
9748;36;5109454;9748;796;11305;11647;3.10;0.19;378.64;20.16;1557;53;3991.00;342
9752;36;5109469;9752;799;11305;11647;3.02;0.18;378.62;20.16;1553;53;3992.00;342
9756;36;5109484;9756;799;11305;11647;2.99;0.18;378.76;20.16;1549;53;3993.00;342
9757;36;5109498;9757;806;11305;11647;2.96;0.18;378.81;20.16;1548;53;3994.00;342
9761;36;5109513;9761;810;11305;11647;2.95;0.18;378.89;20.16;1544;53;3995.00;342
9762;36;5109528;9762;808;11315;11659;2.99;0.18;378.89;20.15;1553;53;3996.00;344
9766;36;5109544;9766;812;11315;11659;2.97;0.18;379.14;20.15;1549;53;3997.00;344
9769;36;5109559;9769;814;11317;11659;2.95;0.18;379.17;20.25;1548;53;3998.00;342
9772;36;5109575;9772;813;11318;11659;2.93;0.18;379.21;20.25;1546;53;3999.00;341
9774;36;5109590;9774;821;11319;11659;2.92;0.18;379.24;20.25;1545;53;4000.00;340
9776;36;5109609;9776;827;11319;11659;2.92;0.18;379.21;20.25;1543;53;4001.00;340
9777;36;5109624;9777;824;11319;11660;2.90;0.18;379.25;20.25;1542;53;4002.00;341
9777;36;5109638;9777;831;11320;11660;2.89;0.18;379.25;20.25;1543;53;4003.00;340
9780;36;5109652;9780;838;11324;11666;2.90;0.18;379.34;20.25;1544;53;4004.00;342
9783;36;5109668;9783;832;11326;11668;2.85;0.17;379.39;20.24;1543;53;4005.00;342
9785;36;5109683;9785;833;11326;11668;2.81;0.17;379.37;20.24;1541;53;4006.00;342
9789;36;5109697;9789;832;11326;11668;2.77;0.17;379.44;20.24;1537;53;4007.00;342
9792;36;5109711;9792;822;11329;11672;2.79;0.17;379.47;20.24;1537;53;4008.00;343
9793;36;5109726;9793;820;11329;11672;2.81;0.17;379.44;20.24;1536;53;4009.00;343
9795;36;5109741;9795;821;11331;11672;2.80;0.17;379.47;20.24;1536;53;4010.00;341
9797;36;5109756;9797;826;11332;11673;2.79;0.17;379.43;20.24;1535;53;4011.00;341
9801;36;5109771;9801;836;11335;11677;2.76;0.17;379.45;20.23;1534;53;4012.00;342
9805;36;5109787;9805;838;11336;11677;2.74;0.17;379.46;20.24;1531;53;4013.00;341
9806;36;5109802;9806;850;11338;11680;2.76;0.17;379.53;20.24;1532;53;4014.00;342
9806;36;5109817;9806;847;11339;11680;2.77;0.17;379.53;20.23;1533;53;4015.00;341
9811;36;5109831;9811;841;11339;11680;2.74;0.17;379.48;20.23;1528;53;4016.00;341
9814;36;5109846;9814;831;11340;11680;2.73;0.17;379.52;20.24;1526;53;4017.00;340
9816;36;5109861;9816;832;11344;11684;2.75;0.17;379.48;20.23;1528;53;4018.00;340
9818;36;5109876;9818;819;11344;11684;2.76;0.17;379.49;20.23;1526;53;4019.00;340
9820;36;5109891;9820;823;11345;11684;2.77;0.17;379.45;20.23;1525;53;4020.00;339
9821;36;5109912;9821;822;11346;11684;2.76;0.17;379.42;20.23;1525;53;4021.00;338
9824;36;5109926;9824;823;11347;11685;2.74;0.17;379.37;20.23;1523;53;4022.00;338
9825;36;5109941;9825;831;11347;11686;2.76;0.17;379.37;20.23;1522;53;4023.00;339
9826;36;5109956;9826;837;11349;11686;2.80;0.17;379.36;20.23;1523;53;4024.00;337
9829;36;5109971;9829;840;11350;11687;2.81;0.17;379.30;20.23;1521;53;4025.00;337
9831;36;5109986;9831;846;11351;11687;2.83;0.17;379.28;20.23;1520;53;4026.00;336
9833;36;5110001;9833;847;11351;11687;2.85;0.17;379.24;20.23;1518;53;4027.00;336
9834;36;5110015;9834;846;11352;11687;2.89;0.18;379.25;20.23;1518;53;4028.00;335
9836;36;5110030;9836;848;11352;11687;2.93;0.18;379.32;20.23;1516;53;4029.00;335
9836;36;5110045;9836;844;11352;11687;2.98;0.18;379.32;20.23;1516;53;4030.00;335
9837;36;5110060;9837;846;11352;11687;3.03;0.18;379.31;20.23;1515;53;4031.00;335
9838;36;5110074;9838;875;11420;11814;3.31;0.21;379.30;20.11;1582;53;4032.00;394
9839;36;5110099;9839;864;11421;11815;3.31;0.21;379.32;20.10;1582;53;4033.00;394
9841;36;5110114;9841;855;11428;11815;3.38;0.21;379.36;20.09;1587;53;4034.00;387
9841;36;5110130;9841;858;11430;11815;3.39;0.21;379.36;20.09;1589;53;4035.00;385
9843;36;5110145;9843;849;11433;11815;3.41;0.21;379.40;20.09;1590;53;4036.00;382
9847;36;5110160;9847;832;11438;11815;3.40;0.21;379.56;20.08;1591;53;4037.00;377
9848;36;5110177;9848;819;11441;11815;3.41;0.21;379.54;20.08;1593;53;4038.00;374
9849;36;5110192;9849;807;11444;11815;3.44;0.21;379.58;20.07;1595;53;4039.00;371
9850;36;5110209;9850;808;11445;11816;3.51;0.21;379.64;20.07;1595;54;4040.00;371
9850;36;5110234;9850;807;11446;11817;3.52;0.22;379.64;20.07;1596;54;4041.00;371
9850;36;5110255;9850;804;11448;11817;3.54;0.22;379.64;20.07;1598;54;4042.00;369
9852;36;5110281;9852;798;11451;11818;3.56;0.22;379.68;20.07;1599;54;4043.00;367
9853;36;5110297;9853;795;11453;11818;3.56;0.22;379.68;20.06;1600;54;4044.00;365
9855;36;5110314;9855;791;11456;11818;3.61;0.22;379.67;20.16;1601;54;4045.00;362
9855;36;5110331;9855;800;11459;11818;3.66;0.22;379.67;20.16;1604;54;4046.00;359
9855;36;5110347;9855;801;11462;11822;3.71;0.23;379.67;20.16;1607;54;4047.00;360
9856;36;5110364;9856;796;11464;11822;3.72;0.23;379.68;20.16;1608;54;4048.00;358
9856;36;5110381;9856;789;11466;11822;3.76;0.23;379.68;20.16;1610;54;4049.00;356
9856;36;5110398;9856;780;11471;11828;3.82;0.23;379.68;20.15;1615;54;4050.00;357
9859;36;5110421;9859;766;11473;11828;3.84;0.23;379.76;20.15;1614;54;4051.00;355
9860;36;5110443;9860;760;11475;11828;3.87;0.24;379.76;20.15;1615;54;4052.00;353
9861;36;5110460;9861;747;11479;11832;3.87;0.24;379.78;20.14;1618;54;4053.00;353
9862;36;5110478;9862;738;11481;11833;3.91;0.24;379.77;20.14;1619;54;4054.00;352
9862;36;5110495;9862;723;11482;11833;3.93;0.24;379.77;20.14;1620;54;4055.00;351
9864;36;5110513;9864;720;11485;11837;3.95;0.24;379.73;20.14;1621;54;4056.00;352
9867;36;5110530;9867;711;11485;11837;3.94;0.24;379.88;20.14;1618;54;4057.00;352
9869;36;5110547;9869;702;11486;11837;3.97;0.24;379.96;20.13;1617;54;4058.00;351
9871;36;5110564;9871;699;11487;11838;3.96;0.24;380.02;20.13;1616;54;4059.00;351
9875;36;5110580;9875;696;11487;11838;3.95;0.24;380.21;20.13;1612;54;4060.00;351
9877;36;5110597;9877;690;11490;11844;3.95;0.24;380.30;20.13;1613;54;4061.00;354
9882;36;5110614;9882;684;11491;11844;3.92;0.24;380.33;20.13;1609;54;4062.00;353
9885;36;5110630;9885;682;11491;11845;3.91;0.24;380.32;20.13;1606;54;4063.00;354
9889;36;5110646;9889;678;11491;11845;3.88;0.24;380.28;20.13;1602;54;4064.00;354
9895;36;5110663;9895;683;11492;11845;3.86;0.23;380.48;20.13;1597;54;4065.00;353
9898;36;5110679;9898;678;11492;11845;3.87;0.23;380.60;20.13;1594;54;4066.00;353
9901;36;5110695;9901;683;11492;11845;3.86;0.23;380.63;20.13;1591;54;4067.00;353
9903;36;5110716;9903;682;11501;11857;3.92;0.24;380.70;20.11;1598;54;4068.00;356
9904;36;5110734;9904;690;11501;11857;3.96;0.24;380.75;20.11;1597;54;4069.00;356
9908;36;5110750;9908;700;11503;11857;3.94;0.24;380.72;20.11;1595;54;4070.00;354
9910;36;5110767;9910;706;11503;11857;3.95;0.24;380.74;20.11;1593;54;4071.00;354
9913;36;5110783;9913;707;11503;11857;3.92;0.24;380.73;20.11;1590;54;4072.00;354
9918;36;5110799;9918;712;11503;11857;3.91;0.24;380.82;20.11;1585;54;4073.00;354
9919;36;5110815;9919;722;11506;11861;3.88;0.24;380.83;20.10;1587;54;4074.00;355
9924;36;5110832;9924;732;11507;11861;3.86;0.23;380.97;20.10;1583;54;4075.00;354
9926;36;5110849;9926;739;11510;11865;3.89;0.24;380.94;20.10;1584;54;4076.00;355
9928;36;5110865;9928;746;11512;11866;3.85;0.23;380.94;20.10;1584;54;4077.00;354
9929;36;5110881;9929;749;11512;11866;3.82;0.23;380.91;20.10;1583;54;4078.00;354
9930;36;5110897;9930;761;11514;11866;3.82;0.23;380.91;20.10;1584;54;4079.00;352
9932;36;5110914;9932;771;11535;11895;3.83;0.23;380.88;20.06;1603;54;4080.00;360
9932;36;5110934;9932;769;11537;11895;3.84;0.23;380.88;20.06;1605;54;4081.00;358
9933;36;5110951;9933;779;11539;11895;3.86;0.24;380.98;20.06;1606;54;4082.00;356
9934;36;5110967;9934;784;11541;11896;3.90;0.24;380.98;20.05;1607;54;4083.00;355
9938;36;5110985;9938;789;11541;11897;3.87;0.24;381.04;20.05;1603;54;4084.00;356
9939;36;5111001;9939;795;11541;11897;3.87;0.24;381.09;20.05;1602;54;4085.00;356
9940;36;5111018;9940;799;11542;11900;3.88;0.24;381.09;20.05;1602;54;4086.00;358
9943;36;5111034;9943;806;11543;11900;3.89;0.24;381.27;20.05;1600;54;4087.00;357
9944;36;5111051;9944;808;11544;11900;3.90;0.24;381.27;20.14;1600;54;4088.00;356
9946;36;5111067;9946;807;11544;11900;3.89;0.24;381.32;20.14;1598;54;4089.00;356
9949;36;5111084;9949;812;11548;11906;3.89;0.24;381.32;20.13;1599;54;4090.00;358
9952;36;5111101;9952;815;11548;11906;3.86;0.24;381.35;20.13;1596;54;4091.00;358
9956;36;5111119;9956;819;11548;11906;3.77;0.23;381.33;20.13;1592;54;4092.00;358
9958;36;5111136;9958;818;11548;11906;3.75;0.23;381.37;20.13;1590;55;4093.00;358
9962;36;5111162;9962;835;11551;11910;3.71;0.23;381.48;20.13;1589;55;4094.00;359
9964;36;5111178;9964;832;11552;11912;3.66;0.22;381.56;20.12;1588;55;4095.00;360
9967;36;5111194;9967;837;11552;11912;3.64;0.22;381.55;20.12;1585;55;4096.00;360
9968;36;5111210;9968;836;11553;11913;3.63;0.22;381.58;20.12;1585;55;4097.00;360
9972;36;5111226;9972;836;11553;11913;3.58;0.22;381.78;20.12;1581;55;4098.00;360
9974;36;5111241;9974;842;11553;11913;3.57;0.22;381.82;20.12;1579;55;4099.00;360
9977;36;5111259;9977;840;11553;11913;3.55;0.22;381.78;20.12;1576;55;4100.00;360
9979;36;5111277;9979;831;11553;11913;3.55;0.22;381.80;20.12;1574;55;4101.00;360
9981;36;5111292;9981;834;11553;11913;3.55;0.22;381.80;20.12;1572;55;4102.00;360
9981;36;5111308;9981;836;11553;11913;3.53;0.22;381.80;20.12;1572;55;4103.00;360
9982;36;5111323;9982;841;11586;11983;3.66;0.23;381.79;20.06;1604;56;4104.00;397
9983;36;5111351;9983;835;11588;11984;3.62;0.22;381.88;20.06;1605;56;4105.00;396
9984;36;5111367;9984;832;11593;11984;3.63;0.22;381.86;20.05;1609;56;4106.00;391
9989;36;5111382;9989;836;11593;11984;3.60;0.22;381.92;20.05;1604;56;4107.00;391
9992;36;5111397;9992;843;11594;11984;3.60;0.22;381.93;20.05;1602;56;4108.00;390
9994;36;5111413;9994;840;11594;11984;3.61;0.22;381.88;20.05;1600;56;4109.00;390
9997;36;5111431;9997;834;11597;11984;3.67;0.22;381.95;20.05;1600;56;4110.00;387
9997;36;5111446;9997;827;11597;11984;3.67;0.23;381.95;20.05;1600;56;4111.00;387
9999;36;5111463;9999;825;11599;11985;3.69;0.23;382.06;20.05;1600;56;4112.00;386
10002;36;5111479;10002;822;11601;11986;3.68;0.23;382.21;20.04;1599;56;4113.00;385
10007;36;5111495;10007;821;11603;11986;3.64;0.22;382.27;20.04;1596;56;4114.00;383
10010;36;5111511;10010;815;11607;11990;3.60;0.22;382.37;20.04;1597;56;4115.00;383
10014;36;5111527;10014;813;11608;11990;3.59;0.22;382.44;20.04;1594;56;4116.00;382
10016;36;5111543;10016;816;11608;11990;3.61;0.22;382.48;20.04;1592;56;4117.00;382
10018;36;5111558;10018;814;11608;11990;3.63;0.22;382.55;20.04;1590;56;4118.00;382
10022;36;5111573;10022;808;11612;11996;3.66;0.22;382.74;20.03;1590;56;4119.00;384
10024;36;5111590;10024;808;11612;11996;3.68;0.22;382.79;20.03;1588;56;4120.00;384
10025;36;5111606;10025;812;11612;11996;3.67;0.22;382.84;20.03;1587;56;4121.00;384
10029;36;5111620;10029;814;11613;11999;3.61;0.22;383.04;20.03;1584;56;4122.00;386
10031;36;5111636;10031;804;11613;11999;3.54;0.21;382.98;20.03;1582;56;4123.00;386
10037;36;5111650;10037;809;11613;11999;3.43;0.21;383.11;20.03;1576;56;4124.00;386
10040;36;5111665;10040;795;11613;12000;3.38;0.21;383.20;20.03;1573;56;4125.00;387
10045;36;5111681;10045;784;11614;12001;3.37;0.21;383.11;20.03;1569;56;4126.00;387
10047;36;5111696;10047;785;11614;12001;3.36;0.20;383.36;20.03;1567;56;4127.00;387
10051;36;5111711;10051;783;11624;12014;3.39;0.21;383.52;20.01;1573;56;4128.00;390
10055;36;5111728;10055;777;11624;12014;3.37;0.21;383.76;20.01;1569;56;4129.00;390
10057;36;5111743;10057;775;11624;12014;3.37;0.21;383.84;20.01;1567;56;4130.00;390
10059;36;5111758;10059;774;11624;12015;3.34;0.20;383.87;20.01;1565;56;4131.00;391
10061;36;5111774;10061;766;11625;12015;3.29;0.20;383.90;20.01;1564;56;4132.00;390
10063;36;5111789;10063;762;11628;12019;3.30;0.20;383.89;20.00;1565;56;4133.00;391
10065;36;5111805;10065;757;11628;12019;3.28;0.20;383.91;20.00;1563;56;4134.00;391
10070;36;5111820;10070;750;11632;12023;3.24;0.20;383.92;20.00;1562;56;4135.00;391
10073;36;5111835;10073;751;11632;12023;3.21;0.20;383.91;20.00;1559;56;4136.00;391
10075;36;5111851;10075;751;11633;12023;3.22;0.20;383.93;20.00;1558;56;4137.00;390
10078;36;5111866;10078;755;11633;12023;3.22;0.20;383.96;20.00;1555;56;4138.00;390
10079;36;5111881;10079;764;11634;12023;3.23;0.20;383.94;20.00;1555;56;4139.00;389
10082;36;5111898;10082;760;11658;12057;3.34;0.21;383.91;19.96;1576;56;4140.00;399
10086;36;5111916;10086;766;11658;12057;3.35;0.21;383.91;19.96;1572;56;4141.00;399
10090;36;5111931;10090;767;11660;12057;3.35;0.21;383.89;19.96;1570;56;4142.00;397
10094;36;5111948;10094;771;11660;12057;3.32;0.20;383.88;19.96;1566;56;4143.00;397
10098;36;5111962;10098;768;11661;12057;3.31;0.20;383.86;19.96;1563;56;4144.00;396
10103;36;5111979;10103;771;11661;12057;3.28;0.20;383.83;19.96;1558;56;4145.00;396
10107;36;5111995;10107;776;11661;12058;3.25;0.20;383.99;19.96;1554;56;4146.00;397
10112;36;5112010;10112;779;11661;12058;3.23;0.20;383.98;19.96;1549;56;4147.00;397
10116;36;5112026;10116;786;11665;12064;3.23;0.20;384.07;19.95;1549;56;4148.00;399
10118;36;5112042;10118;787;11665;12065;3.22;0.20;384.13;19.95;1547;56;4149.00;400
10121;36;5112058;10121;784;11665;12065;3.19;0.20;384.32;19.95;1544;56;4150.00;400
10125;36;5112074;10125;787;11665;12065;3.13;0.19;384.53;19.95;1540;56;4151.00;400
10129;36;5112089;10129;787;11670;12069;3.08;0.19;384.54;20.06;1541;56;4152.00;399
10132;36;5112107;10132;784;11670;12069;3.06;0.19;384.54;20.06;1538;56;4153.00;399
10136;36;5112123;10136;789;11670;12069;3.04;0.19;384.54;20.06;1534;56;4154.00;399
10140;36;5112138;10140;795;11671;12070;3.02;0.19;384.67;20.05;1531;56;4155.00;399
10149;36;5112153;10149;796;11674;12074;2.97;0.18;384.92;20.05;1525;56;4156.00;400
10156;36;5112170;10156;786;11674;12074;2.91;0.18;384.99;20.05;1518;56;4157.00;400
10159;36;5112185;10159;785;11675;12077;2.88;0.18;385.01;20.05;1516;56;4158.00;402
10163;36;5112200;10163;787;11675;12077;2.89;0.18;385.03;20.05;1512;56;4159.00;402
10169;36;5112215;10169;789;11675;12077;2.83;0.17;385.12;20.05;1506;56;4160.00;402
10173;36;5112231;10173;784;11675;12077;2.79;0.17;385.17;20.05;1502;56;4161.00;402
10176;36;5112246;10176;784;11678;12081;2.78;0.17;385.17;20.04;1502;56;4162.00;403
10181;36;5112262;10181;776;11678;12081;2.76;0.17;385.23;20.04;1497;56;4163.00;403
10183;36;5112277;10183;781;11678;12081;2.77;0.17;385.20;20.04;1495;56;4164.00;403
10187;36;5112291;10187;779;11678;12081;2.74;0.17;385.21;20.04;1491;56;4165.00;403
10188;36;5112305;10188;790;11678;12082;2.73;0.17;385.17;20.04;1490;56;4166.00;404
10189;36;5112320;10189;785;11679;12083;2.70;0.17;385.18;20.15;1490;56;4167.00;404
10193;36;5112333;10193;787;11679;12083;2.64;0.16;385.20;20.15;1486;56;4168.00;404
10195;36;5112348;10195;788;11680;12084;2.64;0.16;385.20;20.15;1485;56;4169.00;404
10197;36;5112363;10197;790;11680;12084;2.62;0.16;385.18;20.15;1483;56;4170.00;404
10198;36;5112377;10198;791;11680;12084;2.64;0.16;385.19;20.15;1482;56;4171.00;404
10198;36;5112392;10198;780;11680;12084;2.67;0.16;385.19;20.15;1482;56;4172.00;404
10205;36;5112405;10205;776;11683;12086;2.65;0.16;385.17;20.26;1478;56;4173.00;403
10207;36;5112420;10207;763;11683;12086;2.67;0.16;385.16;20.26;1476;56;4174.00;403
10210;36;5112434;10210;759;11683;12086;2.71;0.17;385.25;20.26;1473;56;4175.00;403
10211;36;5112448;10211;774;11750;12213;3.06;0.19;385.22;20.14;1539;56;4176.00;463
10214;36;5112473;10214;769;11753;12214;3.10;0.19;385.26;20.14;1539;56;4177.00;461
10215;36;5112487;10215;765;11759;12214;3.20;0.20;385.31;20.13;1544;56;4178.00;455
10219;36;5112502;10219;767;11760;12214;3.20;0.20;385.35;20.12;1541;56;4179.00;454
10223;36;5112518;10223;764;11764;12214;3.21;0.20;385.38;20.12;1541;56;4180.00;450
10224;36;5112535;10224;759;11766;12214;3.27;0.20;385.36;20.12;1542;56;4181.00;448
10225;36;5112550;10225;742;11769;12214;3.30;0.20;385.33;20.11;1544;56;4182.00;445
10225;36;5112566;10225;731;11771;12214;3.36;0.21;385.33;20.11;1546;56;4183.00;443
10227;36;5112581;10227;712;11773;12215;3.42;0.21;385.44;20.11;1546;56;4184.00;442
10229;36;5112596;10229;710;11777;12217;3.45;0.21;385.49;20.21;1548;56;4185.00;440
10230;36;5112613;10230;704;11777;12217;3.51;0.22;385.51;20.21;1547;56;4186.00;440
10231;36;5112629;10231;698;11779;12218;3.56;0.22;385.51;20.21;1548;56;4187.00;439
10231;36;5112646;10231;701;11779;12218;3.61;0.22;385.51;20.21;1548;56;4188.00;439
10234;36;5112666;10234;695;11779;12218;3.65;0.22;385.54;20.21;1545;56;4189.00;439
10234;36;5112690;10234;692;11782;12218;3.73;0.23;385.54;20.21;1548;56;4190.00;436
10234;36;5112708;10234;689;11784;12222;3.80;0.23;385.54;20.21;1550;56;4191.00;438
10235;36;5112724;10235;693;11785;12222;3.86;0.24;385.53;20.21;1550;56;4192.00;437
10236;36;5112747;10236;685;11785;12222;3.93;0.24;385.60;20.21;1549;56;4193.00;437
10236;36;5112763;10236;680;11786;12225;4.00;0.24;385.60;20.20;1550;56;4194.00;439
10237;36;5112782;10237;677;11786;12225;4.02;0.25;385.68;20.20;1549;56;4195.00;439
10240;36;5112798;10240;666;11786;12225;4.06;0.25;385.76;20.20;1546;56;4196.00;439
10240;36;5112815;10240;668;11789;12229;4.09;0.25;385.76;20.20;1549;56;4197.00;440
10243;36;5112837;10243;667;11791;12230;4.14;0.25;385.70;20.20;1548;56;4198.00;439
10245;36;5112854;10245;666;11792;12230;4.17;0.25;385.65;20.31;1547;56;4199.00;438
10247;36;5112874;10247;664;11801;12264;4.20;0.26;385.70;20.30;1554;56;4200.00;463
10250;36;5112897;10250;656;11803;12264;4.22;0.26;385.70;20.30;1553;56;4201.00;461
10250;36;5112914;10250;649;11804;12264;4.23;0.26;385.70;20.31;1554;56;4202.00;460
10251;36;5112932;10251;645;11806;12265;4.23;0.26;385.72;20.32;1555;56;4203.00;459
10253;36;5112948;10253;648;11807;12265;4.21;0.26;385.79;20.31;1554;56;4204.00;458
10257;36;5112965;10257;641;11810;12271;4.22;0.26;385.74;20.31;1553;56;4205.00;461
10259;36;5112982;10259;651;11813;12271;4.24;0.26;385.81;20.31;1554;56;4206.00;458
10261;36;5112998;10261;647;11813;12272;4.28;0.26;385.78;20.31;1552;56;4207.00;459
10263;36;5113016;10263;649;11814;12272;4.32;0.26;385.87;20.32;1551;56;4208.00;458
10265;36;5113033;10265;646;11815;12272;4.37;0.27;385.94;20.32;1550;56;4209.00;457
10268;36;5113055;10268;643;11816;12272;4.42;0.27;385.88;20.33;1548;56;4210.00;456
10270;36;5113072;10270;645;11818;12272;4.47;0.27;386.03;20.33;1548;56;4211.00;454
10272;36;5113089;10272;644;11827;12284;4.53;0.28;386.14;20.33;1555;56;4212.00;457
10272;36;5113108;10272;646;11827;12284;4.55;0.28;386.14;20.33;1555;56;4213.00;457
10273;36;5113125;10273;645;11827;12284;4.57;0.28;386.26;20.33;1554;56;4214.00;457
10277;36;5113141;10277;640;11828;12284;4.56;0.28;386.35;20.34;1551;56;4215.00;456
10279;36;5113158;10279;637;11829;12284;4.56;0.28;386.36;20.34;1550;56;4216.00;455
10282;36;5113181;10282;633;11832;12284;4.53;0.28;386.60;20.45;1550;56;4217.00;452
10287;36;5113197;10287;639;11835;12288;4.53;0.27;386.71;20.45;1548;56;4218.00;453
10292;36;5113214;10292;637;11837;12288;4.51;0.27;386.87;20.57;1545;56;4219.00;451
10295;36;5113230;10295;638;11839;12292;4.51;0.27;386.96;20.56;1544;56;4220.00;453
10298;36;5113247;10298;629;11842;12293;4.49;0.27;387.13;20.58;1544;56;4221.00;451
10298;36;5113264;10298;625;11844;12293;4.53;0.27;387.13;20.69;1546;56;4222.00;449
10301;36;5113280;10301;630;11844;12293;4.54;0.28;387.19;20.69;1543;56;4223.00;449
10303;36;5113296;10303;632;11854;12306;4.56;0.28;387.30;20.68;1551;56;4224.00;452
10305;36;5113314;10305;626;11855;12306;4.55;0.28;387.29;20.78;1550;56;4225.00;451
10307;36;5113346;10307;619;11855;12306;4.56;0.28;387.39;20.78;1548;56;4226.00;451
10309;36;5113378;10309;624;11856;12307;4.57;0.28;387.39;20.78;1547;56;4227.00;451
10314;36;5113409;10314;631;11857;12308;4.57;0.28;387.38;20.78;1543;56;4228.00;451
10317;36;5113430;10317;634;11857;12308;4.59;0.28;387.41;20.78;1540;56;4229.00;451
10322;36;5113452;10322;634;11861;12314;4.57;0.28;387.55;20.78;1539;56;4230.00;453
10327;37;5113473;10327;637;11861;12314;4.56;0.28;387.65;20.78;1534;57;4231.00;453
10334;37;5113504;10334;641;11862;12314;4.55;0.28;387.77;20.78;1528;57;4232.00;452
10337;37;5113522;10337;649;11862;12314;4.58;0.28;387.82;20.78;1525;57;4233.00;452
10340;37;5113541;10340;649;11867;12320;4.58;0.28;387.94;20.77;1527;57;4234.00;453
10342;37;5113561;10342;644;11868;12320;4.55;0.28;387.92;20.78;1526;57;4235.00;452
10347;37;5113578;10347;650;11868;12320;4.51;0.27;388.11;20.78;1521;57;4236.00;452
10351;37;5113597;10351;653;11869;12320;4.45;0.27;388.39;20.78;1518;57;4237.00;451
10354;37;5113614;10354;654;11872;12324;4.40;0.27;388.41;20.77;1518;57;4238.00;452
10357;37;5113632;10357;662;11872;12325;4.36;0.27;388.46;20.77;1515;57;4239.00;453
10360;37;5113650;10360;663;11873;12325;4.35;0.27;388.54;20.77;1513;57;4240.00;452
10366;37;5113667;10366;671;11878;12326;4.35;0.27;388.67;21.06;1512;58;4241.00;448
10370;37;5113696;10370;681;11878;12326;4.32;0.26;388.73;21.06;1508;58;4242.00;448
10376;38;5113720;10376;688;11879;12326;4.31;0.26;388.85;21.06;1503;59;4243.00;447
10379;38;5113748;10379;684;11879;12326;4.29;0.26;388.99;21.06;1500;59;4244.00;447
10385;38;5113765;10385;690;11880;12326;4.27;0.26;389.26;21.07;1495;59;4245.00;446
10386;38;5113783;10386;691;11880;12326;4.27;0.26;389.41;21.07;1494;59;4246.00;446
10389;38;5113804;10389;694;11880;12326;4.29;0.26;389.44;21.07;1491;59;4247.00;446
10394;38;5113821;10394;702;11912;12396;4.36;0.27;389.53;21.01;1518;59;4248.00;484
10396;38;5113843;10396;701;11916;12397;4.40;0.27;389.62;21.01;1520;59;4249.00;481
10398;38;5113860;10398;690;11919;12397;4.43;0.27;389.65;21.00;1521;59;4250.00;478
10401;38;5113877;10401;695;11926;12397;4.45;0.27;389.74;21.00;1525;59;4251.00;471
10402;38;5113894;10402;693;11929;12397;4.48;0.27;389.76;21.00;1527;59;4252.00;468
10404;38;5113912;10404;696;11932;12397;4.50;0.28;389.76;21.00;1528;59;4253.00;465
10408;38;5113929;10408;701;11936;12397;4.52;0.28;389.85;20.99;1528;59;4254.00;461
10411;38;5113954;10411;704;11937;12397;4.56;0.28;389.96;20.99;1526;59;4255.00;460
10414;39;5113974;10414;704;11938;12398;4.58;0.28;390.11;20.99;1524;60;4256.00;460
10415;39;5114011;10415;700;11940;12399;4.57;0.28;390.08;20.99;1525;60;4257.00;459
10420;39;5114029;10420;693;11941;12399;4.54;0.28;390.15;20.99;1521;60;4258.00;458
10422;39;5114047;10422;697;11942;12403;4.53;0.28;390.23;20.98;1520;60;4259.00;461
10425;39;5114067;10425;700;11942;12403;4.52;0.28;390.21;20.98;1517;60;4260.00;461
10428;39;5114088;10428;702;11942;12403;4.50;0.28;390.38;20.98;1514;60;4261.00;461
10430;39;5114106;10430;708;11942;12403;4.47;0.27;390.39;20.98;1512;60;4262.00;461
10433;39;5114126;10433;706;11946;12409;4.46;0.27;390.38;20.98;1513;60;4263.00;463
10436;39;5114146;10436;718;11946;12409;4.43;0.27;390.65;20.98;1510;60;4264.00;463
10439;39;5114165;10439;720;11946;12409;4.37;0.27;390.73;20.98;1507;60;4265.00;463
10440;39;5114183;10440;720;11947;12412;4.36;0.27;390.72;20.98;1507;60;4266.00;465
10444;39;5114203;10444;729;11947;12412;4.31;0.26;390.66;20.98;1503;60;4267.00;465
10445;39;5114222;10445;728;11947;12412;4.28;0.26;390.66;20.98;1502;60;4268.00;465
10447;39;5114240;10447;726;11947;12413;4.20;0.26;390.72;20.98;1500;60;4269.00;466
10451;39;5114258;10451;725;11948;12414;4.14;0.25;390.88;20.97;1497;60;4270.00;466
10455;39;5114276;10455;729;11948;12414;4.09;0.25;390.91;20.97;1493;60;4271.00;466
10459;39;5114293;10459;732;11958;12427;4.07;0.25;390.95;20.96;1499;60;4272.00;469
10463;39;5114312;10463;734;11958;12427;4.03;0.25;391.08;20.96;1495;60;4273.00;469
10467;39;5114329;10467;735;11958;12427;3.99;0.24;391.13;20.96;1491;60;4274.00;469
10470;39;5114346;10470;728;11958;12429;3.96;0.24;391.18;20.96;1488;60;4275.00;471
10474;39;5114363;10474;716;11958;12429;3.91;0.24;391.25;20.96;1484;60;4276.00;471
10476;39;5114379;10476;709;11961;12433;3.89;0.24;391.23;20.95;1485;60;4277.00;472
10479;39;5114396;10479;711;11961;12433;3.87;0.24;391.22;20.95;1482;60;4278.00;472
10481;39;5114413;10481;706;11961;12437;3.86;0.24;391.18;20.95;1480;60;4279.00;476
10482;40;5114429;10482;711;11961;12437;3.83;0.23;391.16;20.95;1479;61;4280.00;476
10484;40;5114461;10484;715;11962;12437;3.79;0.23;391.20;20.95;1478;61;4281.00;475
10485;40;5114482;10485;716;11962;12437;3.75;0.23;391.22;20.95;1477;61;4282.00;475
10488;40;5114498;10488;723;11962;12437;3.70;0.23;391.36;20.95;1474;61;4283.00;475
10488;40;5114514;10488;723;11971;12449;3.76;0.23;391.36;20.94;1483;61;4284.00;478
10490;40;5114531;10490;727;11972;12449;3.75;0.23;391.37;20.94;1482;61;4285.00;477
10492;40;5114547;10492;725;11972;12449;3.71;0.23;391.47;20.94;1480;61;4286.00;477
10493;40;5114562;10493;729;11972;12449;3.66;0.22;391.48;20.94;1479;61;4287.00;477
10497;40;5114578;10497;740;11972;12449;3.58;0.22;391.50;20.94;1475;61;4288.00;477
10499;40;5114593;10499;746;11972;12449;3.47;0.21;391.55;20.94;1473;61;4289.00;477
10506;40;5114609;10506;738;11972;12450;3.38;0.21;391.73;20.94;1466;61;4290.00;478
10508;40;5114626;10508;740;11972;12450;3.34;0.20;391.86;20.94;1464;61;4291.00;478
10511;40;5114641;10511;740;11976;12456;3.35;0.20;391.99;20.93;1465;61;4292.00;480
10515;40;5114656;10515;733;11976;12457;3.33;0.20;392.08;20.93;1461;61;4293.00;481
10519;40;5114672;10519;727;11976;12457;3.34;0.20;392.08;20.93;1457;61;4294.00;481
10524;40;5114692;10524;722;11976;12457;3.29;0.20;392.07;20.93;1452;61;4295.00;481
10527;40;5114706;10527;721;11979;12461;3.32;0.20;392.21;20.93;1452;61;4296.00;482
10529;40;5114722;10529;711;11979;12461;3.30;0.20;392.23;20.93;1450;61;4297.00;482
10531;40;5114738;10531;711;11979;12461;3.27;0.20;392.25;20.93;1448;61;4298.00;482
10536;40;5114753;10536;704;11980;12462;3.19;0.20;392.53;20.93;1444;61;4299.00;482
10538;40;5114769;10538;697;11981;12466;3.20;0.20;392.50;20.93;1443;61;4300.00;485
10543;40;5114789;10543;700;11981;12466;3.17;0.19;392.39;20.93;1438;61;4301.00;485
10544;40;5114804;10544;698;11982;12469;3.17;0.19;392.48;20.92;1438;61;4302.00;487
10547;40;5114820;10547;692;11982;12469;3.12;0.19;392.43;20.92;1435;61;4303.00;487
10551;40;5114835;10551;691;11982;12469;3.10;0.19;392.41;20.92;1431;61;4304.00;487
10552;40;5114850;10552;691;11982;12469;3.08;0.19;392.40;20.92;1430;61;4305.00;487
10554;40;5114865;10554;694;11985;12473;3.10;0.19;392.37;20.92;1431;61;4306.00;488
10559;40;5114881;10559;699;11985;12473;3.07;0.19;392.25;20.92;1426;61;4307.00;488
10567;40;5114897;10567;696;11985;12473;3.02;0.18;392.11;20.92;1418;61;4308.00;488
10571;40;5114912;10571;700;11985;12473;2.98;0.18;392.15;20.92;1414;61;4309.00;488
10573;40;5114927;10573;694;11985;12474;2.96;0.18;392.12;20.92;1412;61;4310.00;489
10577;40;5114942;10577;699;11985;12475;2.92;0.18;392.08;20.92;1408;61;4311.00;490
10580;40;5114957;10580;694;11985;12475;2.90;0.18;392.07;20.92;1405;61;4312.00;490
10583;40;5114974;10583;695;11986;12476;2.89;0.18;392.06;20.92;1403;61;4313.00;490
10587;40;5114988;10587;690;11986;12476;2.87;0.17;392.02;20.92;1399;61;4314.00;490
10589;40;5115005;10589;686;11986;12476;2.90;0.18;391.97;20.92;1397;61;4315.00;490
10592;40;5115019;10592;675;11986;12476;2.90;0.18;391.89;20.92;1394;61;4316.00;490
10593;40;5115034;10593;674;11986;12476;2.91;0.18;391.90;20.92;1393;61;4317.00;490
10596;40;5115048;10596;680;11986;12476;2.93;0.18;391.92;20.92;1390;61;4318.00;490
10597;40;5115063;10597;683;11986;12476;2.97;0.18;391.97;20.92;1389;61;4319.00;490
10600;40;5115079;10600;711;12086;12706;3.39;0.21;392.02;20.74;1486;61;4320.00;620
10601;40;5115111;10601;711;12093;12707;3.38;0.21;391.98;20.75;1492;61;4321.00;614
10604;40;5115129;10604;700;12099;12707;3.42;0.22;391.99;20.74;1495;61;4322.00;608
10606;40;5115145;10606;687;12104;12707;3.46;0.22;391.92;20.74;1498;61;4323.00;603
10608;40;5115161;10608;684;12112;12707;3.49;0.22;391.94;20.73;1504;61;4324.00;595
10611;40;5115183;10611;688;12116;12707;3.53;0.22;391.97;20.73;1505;61;4325.00;591
10611;40;5115199;10611;697;12120;12707;3.56;0.22;391.97;20.72;1509;61;4326.00;587
10615;40;5115214;10615;688;12126;12707;3.52;0.22;391.99;20.72;1511;61;4327.00;581
10617;40;5115232;10617;687;12129;12708;3.51;0.22;392.04;20.72;1512;61;4328.00;579
10619;40;5115249;10619;691;12131;12709;3.51;0.22;392.02;20.72;1512;61;4329.00;578
10621;40;5115271;10621;689;12135;12709;3.47;0.22;392.04;20.72;1514;61;4330.00;574
10624;40;5115287;10624;679;12138;12710;3.44;0.21;392.02;20.72;1514;61;4331.00;572
10628;40;5115304;10628;679;12141;12710;3.38;0.21;392.08;20.72;1513;61;4332.00;569
10629;40;5115322;10629;679;12143;12710;3.36;0.21;392.16;20.72;1514;61;4333.00;567
10630;40;5115339;10630;689;12145;12710;3.36;0.21;392.16;20.74;1515;61;4334.00;565
10631;40;5115356;10631;684;12147;12714;3.38;0.21;392.15;20.73;1516;61;4335.00;567
10634;40;5115374;10634;687;12149;12714;3.41;0.21;392.15;20.74;1515;61;4336.00;565
10634;40;5115396;10634;687;12150;12714;3.42;0.21;392.15;20.74;1516;61;4337.00;564
10636;40;5115412;10636;683;12151;12717;3.47;0.21;392.17;20.74;1515;61;4338.00;566
10639;40;5115430;10639;681;12152;12717;3.50;0.21;392.15;20.75;1513;61;4339.00;565
10640;40;5115448;10640;677;12153;12717;3.55;0.22;392.15;20.77;1513;61;4340.00;564
10642;40;5115464;10642;680;12155;12721;3.58;0.22;392.25;20.77;1513;61;4341.00;566
10644;40;5115481;10644;690;12158;12722;3.61;0.22;392.29;20.80;1514;61;4342.00;564
10645;40;5115498;10645;686;12158;12722;3.63;0.22;392.29;20.80;1513;61;4343.00;564
10648;40;5115521;10648;681;12162;12726;3.59;0.22;392.28;20.80;1514;61;4344.00;564
10649;40;5115543;10649;689;12163;12726;3.61;0.22;392.28;20.82;1514;61;4345.00;563
10652;40;5115566;10652;679;12164;12726;3.59;0.22;392.22;20.83;1512;61;4346.00;562
10654;40;5115582;10654;659;12165;12727;3.59;0.22;392.25;20.83;1511;61;4347.00;562
10657;40;5115599;10657;661;12167;12727;3.60;0.22;392.22;20.86;1510;61;4348.00;560
10657;40;5115617;10657;641;12170;12733;3.68;0.22;392.22;20.86;1513;61;4349.00;563
10659;40;5115637;10659;624;12170;12733;3.72;0.23;392.15;20.86;1511;61;4350.00;563
10659;40;5115654;10659;621;12172;12734;3.78;0.23;392.15;20.89;1513;61;4351.00;562
10661;40;5115671;10661;620;12173;12734;3.84;0.23;392.20;20.89;1512;61;4352.00;561
10662;40;5115690;10662;616;12173;12734;3.90;0.24;392.19;20.89;1511;61;4353.00;561
10664;40;5115706;10664;616;12173;12734;3.97;0.24;392.24;20.89;1509;61;4354.00;561
10667;40;5115724;10667;618;12174;12734;4.01;0.25;392.27;20.90;1507;61;4355.00;560
10668;40;5115741;10668;620;12182;12746;4.08;0.25;392.25;20.89;1514;61;4356.00;564
10669;40;5115760;10669;611;12183;12746;4.09;0.25;392.30;20.91;1514;61;4357.00;563
10672;40;5115778;10672;603;12187;12746;4.12;0.25;392.32;20.93;1515;61;4358.00;559
10676;40;5115795;10676;601;12188;12746;4.09;0.25;392.38;20.95;1512;61;4359.00;558
10679;40;5115813;10679;602;12188;12746;4.07;0.25;392.50;20.95;1509;61;4360.00;558
10679;40;5115830;10679;592;12188;12746;4.12;0.25;392.50;20.95;1509;61;4361.00;558
10679;40;5115847;10679;593;12190;12750;4.16;0.25;392.50;20.96;1511;61;4362.00;560
10683;40;5115864;10683;598;12190;12750;4.14;0.25;392.57;20.96;1507;61;4363.00;560
10684;40;5115881;10684;587;12193;12754;4.19;0.25;392.61;20.96;1509;61;4364.00;561
10689;40;5115899;10689;584;12193;12756;4.24;0.26;392.69;20.96;1504;61;4365.00;563
10689;40;5115916;10689;589;12194;12756;4.29;0.26;392.69;20.97;1505;61;4366.00;562
10691;40;5115933;10691;587;12195;12756;4.32;0.26;392.72;20.99;1504;61;4367.00;561
10694;40;5115949;10694;591;12204;12769;4.38;0.27;392.73;20.99;1510;61;4368.00;565
10696;40;5115968;10696;586;12206;12769;4.42;0.27;392.80;21.11;1510;61;4369.00;563
10700;40;5115987;10700;587;12206;12769;4.42;0.27;392.93;21.11;1506;61;4370.00;563
10702;40;5116011;10702;590;12208;12770;4.48;0.27;393.01;21.12;1506;61;4371.00;562
10703;40;5116029;10703;596;12208;12771;4.53;0.28;393.07;21.12;1505;62;4372.00;563
10707;40;5116051;10707;587;12209;12771;4.53;0.28;393.19;21.14;1502;62;4373.00;562
10708;40;5116068;10708;581;12211;12774;4.59;0.28;393.32;21.15;1503;62;4374.00;563
10710;40;5116087;10710;591;12211;12774;4.57;0.28;393.41;21.15;1501;62;4375.00;563
10712;40;5116104;10712;594;12212;12774;4.56;0.28;393.60;21.16;1500;62;4376.00;562
10713;40;5116122;10713;598;12212;12774;4.60;0.28;393.66;21.16;1499;62;4377.00;562
10716;40;5116139;10716;602;12216;12780;4.58;0.28;393.80;21.16;1500;62;4378.00;564
10718;40;5116157;10718;605;12217;12780;4.57;0.28;393.95;21.17;1499;62;4379.00;563
10721;40;5116177;10721;601;12217;12780;4.56;0.28;393.96;21.17;1496;62;4380.00;563
10725;40;5116195;10725;597;12218;12780;4.59;0.28;394.22;21.19;1493;62;4381.00;562
10726;40;5116213;10726;593;12219;12784;4.58;0.28;394.32;21.18;1493;62;4382.00;565
10729;40;5116230;10729;587;12219;12785;4.60;0.28;394.36;21.18;1490;62;4383.00;566
10734;40;5116248;10734;583;12220;12785;4.59;0.28;394.47;21.20;1486;62;4384.00;565
10738;40;5116265;10738;577;12222;12786;4.61;0.28;394.53;21.21;1484;62;4385.00;564
10740;40;5116283;10740;573;12222;12786;4.65;0.28;394.56;21.21;1482;62;4386.00;564
10745;40;5116300;10745;566;12222;12786;4.67;0.28;394.59;21.21;1477;62;4387.00;564
10748;40;5116318;10748;571;12223;12786;4.71;0.29;394.62;21.23;1475;62;4388.00;563
10750;40;5116335;10750;567;12223;12786;4.80;0.29;394.62;21.23;1473;62;4389.00;563
10752;41;5116353;10752;561;12223;12786;4.83;0.29;394.61;21.23;1471;63;4390.00;563
10755;41;5116382;10755;549;12223;12786;4.85;0.29;394.58;21.23;1468;63;4391.00;563
10759;41;5116399;10759;552;12255;12856;4.89;0.30;394.72;21.19;1496;63;4392.00;601
10761;41;5116422;10761;537;12255;12857;4.91;0.30;394.83;21.19;1494;63;4393.00;602
10763;41;5116440;10763;536;12260;12857;4.93;0.30;394.91;21.18;1497;64;4394.00;597
10765;41;5116476;10765;532;12262;12857;4.92;0.30;395.03;21.18;1497;64;4395.00;595
10771;41;5116494;10771;538;12263;12857;4.90;0.30;395.22;21.18;1492;64;4396.00;594
10775;41;5116512;10775;540;12265;12857;4.89;0.30;395.45;21.19;1490;64;4397.00;592
10778;41;5116529;10778;541;12267;12857;4.92;0.30;395.46;21.21;1489;64;4398.00;590
10782;41;5116547;10782;543;12268;12857;4.94;0.30;395.52;21.20;1486;64;4399.00;589
10785;41;5116565;10785;545;12270;12858;4.94;0.30;395.50;21.20;1485;64;4400.00;588
10790;41;5116587;10790;546;12272;12859;4.93;0.30;395.61;21.21;1482;64;4401.00;587
10794;41;5116605;10794;543;12273;12859;4.95;0.30;395.73;21.21;1479;64;4402.00;586
10796;41;5116623;10796;550;12278;12863;4.92;0.30;395.71;21.22;1482;64;4403.00;585
10799;41;5116641;10799;551;12279;12863;4.90;0.30;395.79;21.22;1480;64;4404.00;584
10802;41;5116660;10802;555;12280;12863;4.88;0.30;395.82;21.22;1478;64;4405.00;583
10805;41;5116677;10805;561;12281;12863;4.86;0.30;396.01;21.24;1476;64;4406.00;582
10809;41;5116694;10809;559;12287;12869;4.86;0.30;396.32;21.25;1478;64;4407.00;582
10811;41;5116712;10811;571;12287;12869;4.82;0.29;396.49;21.25;1476;64;4408.00;582
10813;41;5116730;10813;572;12288;12869;4.76;0.29;396.56;21.26;1475;64;4409.00;581
10815;41;5116748;10815;575;12291;12875;4.77;0.29;396.68;21.25;1476;64;4410.00;584
10818;41;5116766;10818;576;12292;12875;4.74;0.29;396.79;21.26;1474;64;4411.00;583
10821;41;5116784;10821;585;12293;12875;4.73;0.29;396.92;21.25;1472;64;4412.00;582
10825;41;5116801;10825;596;12295;12876;4.67;0.28;396.94;21.27;1470;64;4413.00;581
10827;41;5116819;10827;600;12297;12877;4.69;0.29;396.96;21.28;1470;64;4414.00;580
10831;41;5116836;10831;603;12299;12877;4.63;0.28;397.11;21.39;1468;64;4415.00;578
10831;41;5116854;10831;617;12306;12890;4.61;0.28;397.11;21.38;1475;64;4416.00;584
10836;41;5116872;10836;618;12308;12890;4.58;0.28;397.29;21.38;1472;64;4417.00;582
10837;41;5116890;10837;621;12309;12890;4.60;0.28;397.26;21.38;1472;64;4418.00;581
10841;41;5116907;10841;620;12310;12891;4.58;0.28;397.39;21.49;1469;64;4419.00;581
10846;41;5116925;10846;631;12311;12891;4.54;0.28;397.52;21.49;1465;64;4420.00;580
10846;41;5116942;10846;640;12314;12895;4.57;0.28;397.52;21.49;1468;64;4421.00;581
10849;41;5116960;10849;650;12314;12895;4.56;0.28;397.52;21.49;1465;64;4422.00;581
10852;41;5116976;10852;650;12315;12899;4.55;0.28;397.53;21.49;1463;64;4423.00;584
10853;41;5116993;10853;654;12315;12899;4.56;0.28;397.57;21.49;1462;64;4424.00;584
10853;41;5117011;10853;660;12317;12899;4.55;0.28;397.57;21.49;1464;64;4425.00;582
10855;41;5117028;10855;658;12317;12899;4.55;0.28;397.63;21.49;1462;64;4426.00;582
10859;41;5117044;10859;668;12317;12899;4.55;0.28;397.64;21.49;1458;64;4427.00;582
10862;41;5117060;10862;668;12327;12911;4.57;0.28;397.69;21.47;1465;64;4428.00;584
10862;41;5117079;10862;677;12327;12911;4.59;0.28;397.69;21.47;1465;64;4429.00;584
10864;41;5117095;10864;683;12328;12911;4.58;0.28;397.77;21.47;1464;64;4430.00;583
10868;41;5117111;10868;691;12328;12911;4.55;0.28;397.86;21.47;1460;64;4431.00;583
10872;41;5117129;10872;693;12328;12911;4.52;0.28;397.88;21.47;1456;64;4432.00;583
10875;41;5117146;10875;696;12328;12911;4.49;0.27;397.96;21.47;1453;64;4433.00;583
10877;41;5117162;10877;699;12328;12912;4.42;0.27;397.92;21.47;1451;64;4434.00;584
10880;41;5117181;10880;703;12328;12912;4.37;0.27;397.98;21.47;1448;64;4435.00;584
10882;41;5117197;10882;711;12332;12918;4.37;0.27;398.01;21.47;1450;64;4436.00;586
10883;41;5117213;10883;713;12332;12919;4.30;0.26;397.99;21.47;1449;64;4437.00;587
10889;41;5117230;10889;720;12332;12919;4.20;0.26;398.10;21.47;1443;65;4438.00;587
10892;41;5117255;10892;715;12332;12919;4.12;0.25;398.13;21.47;1440;65;4439.00;587
10896;41;5117272;10896;707;12336;12924;4.11;0.25;398.19;21.46;1440;65;4440.00;588
10896;41;5117289;10896;709;12336;12924;4.06;0.25;398.19;21.46;1440;65;4441.00;588
10896;41;5117303;10896;714;12336;12924;4.04;0.25;398.19;21.46;1440;65;4442.00;588
10898;41;5117318;10898;711;12337;12925;4.05;0.25;398.23;21.46;1439;66;4443.00;588
10899;41;5117342;10899;706;12338;12929;4.08;0.25;398.25;21.46;1439;66;4444.00;591
10900;41;5117356;10900;707;12338;12929;4.08;0.25;398.26;21.46;1438;66;4445.00;591
10902;41;5117371;10902;701;12339;12932;4.07;0.25;398.36;21.45;1437;66;4446.00;593
10904;41;5117390;10904;700;12339;12932;4.05;0.25;398.33;21.45;1435;66;4447.00;593
10906;41;5117404;10906;703;12339;12932;4.03;0.25;398.28;21.45;1433;66;4448.00;593
10908;41;5117419;10908;704;12339;12932;4.01;0.25;398.30;21.45;1431;66;4449.00;593
10911;41;5117438;10911;704;12344;12936;4.03;0.25;398.33;21.47;1433;66;4450.00;592
10914;41;5117453;10914;701;12344;12936;4.02;0.25;398.33;21.47;1430;66;4451.00;592
10917;41;5117467;10917;700;12344;12936;3.98;0.24;398.28;21.47;1427;66;4452.00;592
10920;41;5117480;10920;698;12344;12936;3.92;0.24;398.35;21.47;1424;66;4453.00;592
10925;41;5117494;10925;707;12344;12937;3.83;0.24;398.36;21.47;1419;66;4454.00;593
10928;41;5117508;10928;691;12344;12939;3.77;0.23;398.44;21.47;1416;66;4455.00;595
10930;41;5117522;10930;691;12344;12939;3.72;0.23;398.45;21.47;1414;66;4456.00;595
10936;41;5117536;10936;693;12345;12940;3.67;0.23;398.38;21.47;1409;66;4457.00;595
10940;41;5117550;10940;690;12345;12940;3.67;0.22;398.39;21.47;1405;66;4458.00;595
10944;41;5117563;10944;688;12345;12940;3.67;0.22;398.42;21.47;1401;66;4459.00;595
10946;41;5117577;10946;692;12345;12940;3.63;0.22;398.40;21.47;1399;66;4460.00;595
10949;41;5117591;10949;694;12345;12940;3.61;0.22;398.40;21.47;1396;66;4461.00;595
10950;41;5117605;10950;693;12345;12940;3.62;0.22;398.39;21.47;1395;66;4462.00;595
10954;41;5117619;10954;691;12345;12940;3.60;0.22;398.37;21.47;1391;66;4463.00;595
10959;41;5117632;10959;690;12402;13067;3.98;0.25;398.27;21.37;1443;66;4464.00;665
10961;41;5117656;10961;684;12404;13068;3.91;0.24;398.24;21.37;1443;66;4465.00;664
10963;41;5117670;10963;686;12411;13068;3.92;0.24;398.23;21.36;1448;66;4466.00;657
10968;41;5117684;10968;681;12414;13068;3.87;0.24;398.22;21.35;1446;66;4467.00;654
10971;41;5117698;10971;684;12419;13068;3.85;0.24;398.17;21.35;1448;66;4468.00;649
10977;41;5117712;10977;687;12422;13068;3.75;0.23;398.08;21.36;1445;66;4469.00;646
10978;41;5117729;10978;687;12424;13068;3.74;0.23;398.06;21.36;1446;66;4470.00;644
10980;41;5117743;10980;681;12427;13068;3.80;0.24;398.04;21.35;1447;66;4471.00;641
10983;41;5117757;10983;677;12429;13069;3.78;0.23;398.01;21.35;1446;66;4472.00;640
10987;41;5117771;10987;674;12431;13070;3.73;0.23;397.99;21.35;1444;66;4473.00;639
10992;41;5117786;10992;672;12433;13070;3.73;0.23;397.97;21.35;1441;66;4474.00;637
10995;41;5117800;10995;674;12436;13071;3.75;0.23;397.89;21.36;1441;66;4475.00;635
10998;41;5117815;10998;671;12437;13071;3.72;0.23;397.86;21.36;1439;66;4476.00;634
11001;41;5117829;11001;663;12438;13071;3.70;0.23;397.90;21.36;1437;66;4477.00;633
11004;41;5117844;11004;659;12438;13071;3.71;0.23;397.91;21.36;1434;66;4478.00;633
11005;41;5117860;11005;653;12441;13075;3.73;0.23;397.92;21.35;1436;66;4479.00;634
11008;41;5117876;11008;643;12442;13075;3.75;0.23;397.92;21.36;1434;66;4480.00;633
11009;41;5117890;11009;640;12442;13075;3.78;0.23;397.92;21.36;1433;66;4481.00;633
11014;41;5117906;11014;640;12443;13078;3.79;0.23;397.89;21.36;1429;66;4482.00;635
11014;41;5117920;11014;630;12444;13078;3.82;0.23;397.89;21.37;1430;66;4483.00;634
11016;41;5117945;11016;636;12445;13078;3.81;0.23;397.88;21.38;1429;66;4484.00;633
11021;41;5117959;11021;633;12447;13082;3.82;0.23;397.89;21.39;1426;66;4485.00;635
11025;41;5117976;11025;632;12448;13083;3.81;0.23;397.87;21.39;1423;66;4486.00;635
11028;41;5117990;11028;633;12449;13083;3.82;0.23;397.84;21.40;1421;66;4487.00;634
11032;41;5118005;11032;632;12453;13087;3.87;0.24;397.85;21.41;1421;66;4488.00;634
11036;41;5118021;11036;625;12453;13087;3.87;0.24;397.89;21.41;1417;66;4489.00;634
11038;41;5118036;11038;622;12454;13087;3.94;0.24;397.91;21.42;1416;66;4490.00;633
11039;41;5118051;11039;624;12455;13088;3.96;0.24;397.91;21.43;1416;66;4491.00;633
11042;41;5118071;11042;623;12457;13088;3.95;0.24;397.87;21.47;1415;66;4492.00;631
11044;41;5118086;11044;626;12461;13094;3.96;0.24;397.84;21.46;1417;66;4493.00;633
11046;41;5118101;11046;619;12462;13094;3.97;0.24;397.87;21.47;1416;66;4494.00;632
11047;41;5118115;11047;616;12465;13095;4.02;0.24;397.88;21.51;1418;66;4495.00;630
11050;41;5118130;11050;611;12466;13095;4.02;0.24;397.92;21.52;1416;66;4496.00;629
11053;41;5118144;11053;610;12467;13095;4.02;0.24;397.85;21.54;1414;66;4497.00;628
11058;41;5118159;11058;613;12469;13095;4.00;0.24;397.91;21.56;1411;66;4498.00;626
11059;41;5118173;11059;602;12470;13095;4.03;0.24;397.88;21.58;1411;66;4499.00;625
11061;41;5118190;11061;605;12490;13145;4.13;0.25;397.84;21.55;1429;66;4500.00;655
11068;41;5118213;11068;610;12493;13147;4.09;0.25;398.10;21.57;1425;66;4501.00;654
11070;41;5118229;11070;605;12498;13147;4.10;0.25;398.27;21.59;1428;66;4502.00;649
11074;41;5118244;11074;596;12498;13147;4.07;0.25;398.28;21.59;1424;66;4503.00;649
11077;41;5118260;11077;595;12500;13147;4.08;0.25;398.35;21.59;1423;66;4504.00;647
11079;41;5118275;11079;593;12501;13147;4.14;0.25;398.30;21.60;1422;66;4505.00;646
11083;41;5118290;11083;590;12503;13151;4.15;0.25;398.30;21.60;1420;66;4506.00;648
11087;41;5118306;11087;586;12508;13151;4.14;0.25;398.41;21.64;1421;66;4507.00;643
11089;41;5118327;11089;587;12510;13155;4.13;0.25;398.51;21.63;1421;66;4508.00;645
11092;41;5118343;11092;592;12510;13156;4.16;0.25;398.59;21.63;1418;66;4509.00;646
11097;41;5118359;11097;604;12515;13156;4.14;0.25;398.77;21.69;1418;66;4510.00;641
11097;41;5118374;11097;588;12516;13156;4.17;0.25;398.77;21.70;1419;66;4511.00;640
11101;41;5118391;11101;588;12527;13169;4.20;0.26;398.86;21.71;1426;66;4512.00;642
11102;41;5118414;11102;587;12529;13169;4.22;0.26;398.90;21.71;1427;66;4513.00;640
11104;41;5118436;11104;587;12532;13169;4.28;0.26;398.91;21.74;1428;66;4514.00;637
11108;41;5118453;11108;586;12533;13170;4.27;0.26;399.06;21.74;1425;66;4515.00;637
11109;41;5118469;11109;586;12535;13171;4.28;0.26;399.04;21.76;1426;66;4516.00;636
11111;41;5118485;11111;589;12537;13171;4.32;0.26;399.15;21.77;1426;66;4517.00;634
11113;41;5118502;11113;579;12540;13174;4.34;0.26;399.17;21.79;1427;66;4518.00;634
11116;41;5118518;11116;581;12542;13174;4.34;0.26;399.21;21.79;1426;66;4519.00;632
11117;41;5118534;11117;588;12543;13174;4.36;0.27;399.20;21.81;1426;66;4520.00;631
11120;41;5118550;11120;580;12546;13174;4.34;0.26;399.25;21.84;1426;66;4521.00;628
11124;41;5118566;11124;570;12551;13180;4.33;0.26;399.25;21.85;1427;66;4522.00;629
11127;41;5118582;11127;568;12551;13180;4.31;0.26;399.33;21.85;1424;66;4523.00;629
11130;41;5118598;11130;567;12556;13180;4.35;0.26;399.35;21.92;1426;66;4524.00;624
11133;41;5118614;11133;562;12557;13180;4.35;0.26;399.46;21.92;1424;66;4525.00;623
11135;41;5118631;11135;555;12560;13184;4.39;0.27;399.50;21.94;1425;66;4526.00;624
11138;41;5118647;11138;553;12562;13185;4.40;0.27;399.67;21.94;1424;66;4527.00;623
11141;41;5118664;11141;553;12563;13185;4.41;0.27;399.71;21.96;1422;66;4528.00;622
11144;41;5118680;11144;552;12567;13186;4.45;0.27;399.79;21.98;1423;66;4529.00;619
11144;41;5118699;11144;548;12567;13186;4.54;0.27;399.79;21.98;1423;66;4530.00;619
11147;41;5118714;11147;551;12572;13186;4.56;0.28;399.91;22.12;1425;66;4531.00;614
11149;41;5118732;11149;545;12573;13186;4.56;0.28;399.97;22.12;1424;66;4532.00;613
11152;41;5118748;11152;550;12577;13186;4.53;0.27;399.95;22.16;1425;66;4533.00;609
11153;41;5118763;11153;547;12577;13186;4.57;0.28;399.96;22.16;1424;66;4534.00;609
11155;41;5118780;11155;550;12580;13186;4.60;0.28;400.09;22.20;1425;66;4535.00;606
11156;41;5118795;11156;567;12615;13256;4.60;0.28;400.06;22.15;1459;66;4536.00;641
11159;41;5118816;11159;561;12615;13257;4.64;0.28;400.19;22.15;1456;66;4537.00;642
11160;41;5118832;11160;562;12619;13257;4.67;0.28;400.17;22.16;1459;66;4538.00;638
11162;41;5118847;11162;566;12621;13257;4.71;0.29;400.16;22.16;1459;66;4539.00;636
11164;41;5118862;11164;573;12624;13257;4.76;0.29;400.14;22.17;1460;66;4540.00;633
11166;41;5118879;11166;573;12627;13257;4.76;0.29;400.19;22.17;1461;66;4541.00;630
11168;41;5118894;11168;577;12633;13257;4.75;0.29;400.16;22.20;1465;66;4542.00;624
11171;41;5118911;11171;578;12635;13257;4.75;0.29;400.29;22.20;1464;66;4543.00;622
11172;41;5118926;11172;586;12637;13258;4.75;0.29;400.27;22.22;1465;66;4544.00;621
11172;41;5118942;11172;581;12640;13260;4.74;0.29;400.27;22.23;1468;66;4545.00;620
11174;41;5118960;11174;578;12642;13260;4.71;0.29;400.31;22.25;1468;66;4546.00;618
11177;41;5118977;11177;573;12644;13264;4.69;0.28;400.46;22.26;1467;66;4547.00;620
11177;41;5118995;11177;572;12645;13264;4.68;0.28;400.46;22.28;1468;66;4548.00;619
11179;41;5119012;11179;571;12647;13264;4.62;0.28;400.56;22.41;1468;66;4549.00;617
11179;41;5119029;11179;570;12648;13264;4.59;0.28;400.56;22.43;1469;66;4550.00;616
11181;41;5119047;11181;561;12651;13270;4.53;0.28;400.64;22.43;1470;66;4551.00;619
11183;41;5119065;11183;555;12652;13270;4.51;0.27;400.83;22.44;1469;66;4552.00;618
11185;41;5119082;11185;556;12653;13270;4.54;0.28;400.81;22.46;1468;66;4553.00;617
11187;41;5119099;11187;553;12655;13273;4.61;0.28;400.92;22.48;1468;66;4554.00;618
11191;41;5119124;11191;557;12657;13273;4.61;0.28;400.90;22.48;1466;66;4555.00;616
11192;41;5119142;11192;557;12657;13273;4.64;0.28;400.97;22.48;1465;66;4556.00;616
11194;41;5119160;11194;553;12658;13274;4.66;0.28;401.05;22.49;1464;66;4557.00;616
11198;41;5119177;11198;557;12659;13275;4.68;0.28;401.17;22.49;1461;66;4558.00;616
11202;41;5119194;11202;560;12659;13275;4.71;0.29;401.17;22.49;1457;66;4559.00;616
11205;41;5119213;11205;560;12674;13301;4.70;0.29;401.33;22.50;1469;66;4560.00;627
11210;41;5119232;11210;555;12675;13301;4.68;0.28;401.30;22.50;1465;66;4561.00;626
11217;41;5119249;11217;548;12676;13301;4.61;0.28;401.34;22.50;1459;66;4562.00;625
11219;41;5119267;11219;555;12678;13302;4.59;0.28;401.37;22.50;1459;66;4563.00;624
11224;41;5119284;11224;550;12679;13302;4.54;0.28;401.38;22.49;1455;66;4564.00;623
11227;41;5119301;11227;557;12681;13306;4.51;0.27;401.44;22.49;1454;66;4565.00;625
11230;41;5119317;11230;553;12681;13306;4.50;0.27;401.58;22.49;1451;66;4566.00;625
11231;41;5119333;11231;559;12683;13310;4.47;0.27;401.65;22.49;1452;66;4567.00;627
11234;41;5119350;11234;552;12683;13310;4.47;0.27;401.87;22.49;1449;66;4568.00;627
11237;41;5119366;11237;552;12684;13310;4.46;0.27;401.87;22.49;1447;66;4569.00;626
11240;41;5119383;11240;548;12685;13310;4.46;0.27;401.90;22.49;1445;66;4570.00;625
11241;41;5119401;11241;547;12686;13310;4.45;0.27;401.94;22.49;1445;66;4571.00;624
11242;41;5119416;11242;554;12693;13322;4.47;0.27;401.95;22.48;1451;66;4572.00;629
11245;41;5119435;11245;567;12693;13322;4.38;0.27;402.17;22.48;1448;66;4573.00;629
11246;41;5119453;11246;566;12695;13322;4.37;0.27;402.15;22.47;1449;66;4574.00;627
11248;41;5119469;11248;575;12696;13322;4.36;0.27;402.14;22.47;1448;66;4575.00;626
11251;41;5119485;11251;585;12696;13322;4.31;0.26;402.17;22.47;1445;66;4576.00;626
11254;41;5119502;11254;595;12696;13322;4.29;0.26;402.16;22.47;1442;66;4577.00;626
11257;41;5119517;11257;606;12696;13323;4.30;0.26;402.25;22.47;1439;66;4578.00;627
11258;41;5119535;11258;614;12696;13323;4.28;0.26;402.25;22.47;1438;66;4579.00;627
11261;43;5119551;11261;619;12702;13329;4.32;0.26;402.34;22.50;1441;68;4580.00;627
11263;43;5119599;11263;625;12702;13330;4.32;0.26;402.45;22.50;1439;68;4581.00;628
11265;43;5119618;11265;631;12702;13330;4.28;0.26;402.49;22.50;1437;68;4582.00;628
11268;43;5119633;11268;639;12702;13330;4.26;0.26;402.53;22.50;1434;68;4583.00;628
11270;43;5119649;11270;647;12705;13334;4.26;0.26;402.50;22.50;1435;68;4584.00;629
11273;43;5119666;11273;652;12705;13334;4.21;0.26;402.52;22.50;1432;68;4585.00;629
11274;43;5119683;11274;652;12705;13334;4.17;0.26;402.51;22.50;1431;68;4586.00;629
11276;43;5119699;11276;667;12706;13335;4.11;0.25;402.52;22.50;1430;68;4587.00;629
11278;43;5119716;11278;672;12707;13339;4.06;0.25;402.57;22.50;1429;68;4588.00;632
11279;43;5119738;11279;675;12707;13339;3.99;0.24;402.55;22.50;1428;68;4589.00;632
11285;43;5119756;11285;684;12710;13345;3.90;0.24;402.55;22.49;1425;68;4590.00;635
11285;43;5119772;11285;689;12710;13345;3.88;0.24;402.55;22.49;1425;68;4591.00;635
11287;43;5119793;11287;693;12710;13345;3.85;0.24;402.51;22.49;1423;68;4592.00;635
11289;43;5119809;11289;691;12710;13345;3.79;0.23;402.46;22.49;1421;68;4593.00;635
11291;43;5119824;11291;691;12713;13349;3.77;0.23;402.48;22.49;1422;68;4594.00;636
11296;43;5119841;11296;697;12713;13349;3.70;0.23;402.45;22.49;1417;68;4595.00;636
11297;43;5119857;11297;700;12713;13349;3.65;0.22;402.53;22.49;1416;68;4596.00;636
11298;43;5119871;11298;707;12713;13349;3.60;0.22;402.50;22.49;1415;68;4597.00;636
11300;43;5119887;11300;708;12713;13350;3.54;0.22;402.56;22.49;1413;68;4598.00;637
11303;43;5119901;11303;712;12713;13351;3.49;0.21;402.48;22.49;1410;68;4599.00;638
11304;43;5119916;11304;716;12713;13351;3.47;0.21;402.48;22.49;1409;68;4600.00;638
11306;43;5119941;11306;722;12714;13352;3.45;0.21;402.49;22.48;1408;68;4601.00;638
11307;43;5119956;11307;728;12714;13352;3.41;0.21;402.46;22.48;1407;68;4602.00;638
11310;43;5119971;11310;740;12714;13352;3.38;0.21;402.39;22.48;1404;68;4603.00;638
11311;43;5119985;11311;731;12714;13352;3.36;0.21;402.37;22.48;1403;68;4604.00;638
11312;43;5119999;11312;730;12714;13352;3.33;0.20;402.34;22.48;1402;68;4605.00;638
11312;43;5120014;11312;721;12714;13352;3.34;0.21;402.34;22.48;1402;68;4606.00;638
11313;43;5120028;11313;718;12714;13352;3.36;0.21;402.37;22.48;1401;68;4607.00;638
11313;43;5120043;11313;728;12770;13479;3.68;0.23;402.37;22.38;1457;68;4608.00;709
11316;43;5120067;11316;726;12774;13480;3.68;0.23;402.44;22.38;1458;68;4609.00;706
11319;43;5120083;11319;726;12779;13480;3.66;0.23;402.36;22.37;1460;68;4610.00;701
11320;43;5120098;11320;721;12780;13480;3.60;0.23;402.33;22.37;1460;68;4611.00;700
11321;43;5120112;11321;724;12783;13480;3.59;0.22;402.33;22.36;1462;68;4612.00;697
11325;43;5120127;11325;729;12786;13480;3.56;0.22;402.40;22.36;1461;68;4613.00;694
11327;43;5120142;11327;727;12788;13480;3.56;0.22;402.37;22.36;1461;68;4614.00;692
11328;43;5120156;11328;722;12789;13480;3.56;0.22;402.34;22.36;1461;68;4615.00;691
11330;43;5120170;11330;727;12790;13481;3.52;0.22;402.33;22.36;1460;68;4616.00;691
11331;43;5120184;11331;727;12791;13482;3.47;0.21;402.34;22.35;1460;68;4617.00;691
11332;43;5120199;11332;733;12792;13482;3.40;0.21;402.34;22.35;1460;68;4618.00;690
11336;43;5120213;11336;738;12794;13483;3.34;0.21;402.31;22.35;1458;68;4619.00;689
11340;43;5120230;11340;724;12796;13483;3.27;0.20;402.30;22.35;1456;68;4620.00;687
11342;43;5120245;11342;734;12797;13483;3.25;0.20;402.26;22.35;1455;68;4621.00;686
11347;43;5120260;11347;730;12798;13483;3.21;0.20;402.19;22.35;1451;68;4622.00;685
11349;43;5120275;11349;735;12800;13487;3.16;0.19;402.20;22.35;1451;68;4623.00;687
11349;43;5120291;11349;720;12802;13487;3.18;0.19;402.20;22.35;1453;68;4624.00;685
11349;43;5120306;11349;713;12803;13487;3.20;0.20;402.20;22.34;1454;68;4625.00;684
11350;43;5120320;11350;702;12804;13490;3.25;0.20;402.21;22.34;1454;68;4626.00;686
11352;43;5120335;11352;697;12805;13490;3.29;0.20;402.21;22.34;1453;68;4627.00;685
11352;43;5120350;11352;682;12806;13490;3.34;0.20;402.21;22.34;1454;68;4628.00;684
11353;43;5120367;11353;674;12808;13494;3.42;0.21;402.21;22.34;1455;68;4629.00;686
11355;43;5120382;11355;662;12809;13495;3.47;0.21;402.22;22.34;1454;68;4630.00;686
11357;43;5120409;11357;655;12809;13495;3.51;0.21;402.31;22.34;1452;68;4631.00;686
11360;43;5120425;11360;648;12812;13499;3.54;0.22;402.29;22.33;1452;68;4632.00;687
11363;43;5120441;11363;642;12812;13499;3.58;0.22;402.26;22.33;1449;68;4633.00;687
11364;43;5120458;11364;627;12813;13499;3.67;0.22;402.23;22.45;1449;68;4634.00;686
11368;43;5120475;11368;612;12813;13501;3.75;0.23;402.23;22.45;1445;68;4635.00;688
11372;43;5120493;11372;606;12813;13501;3.81;0.23;402.21;22.45;1441;68;4636.00;688
11372;43;5120509;11372;604;12816;13507;3.92;0.24;402.21;22.45;1444;68;4637.00;691
11375;43;5120525;11375;598;12816;13507;3.99;0.24;402.17;22.45;1441;68;4638.00;691
11377;43;5120542;11377;592;12819;13508;4.02;0.25;402.13;22.47;1442;68;4639.00;689
11381;43;5120559;11381;589;12819;13508;4.07;0.25;402.16;22.47;1438;68;4640.00;689
11383;43;5120575;11383;577;12820;13508;4.14;0.25;402.13;22.47;1437;68;4641.00;688
11388;43;5120592;11388;581;12820;13508;4.16;0.25;402.01;22.47;1432;68;4642.00;688
11389;43;5120609;11389;569;12821;13508;4.22;0.26;401.99;22.48;1432;68;4643.00;687
11391;43;5120626;11391;560;12829;13520;4.26;0.26;401.94;22.47;1438;68;4644.00;691
11393;43;5120644;11393;552;12831;13520;4.25;0.26;401.93;22.47;1438;68;4645.00;689
11398;43;5120661;11398;550;12831;13520;4.22;0.26;401.98;22.47;1433;68;4646.00;689
11404;43;5120678;11404;551;12831;13520;4.21;0.26;402.00;22.47;1427;68;4647.00;689
11409;43;5120695;11409;544;12832;13520;4.15;0.25;402.05;22.48;1423;68;4648.00;688
11414;43;5120712;11414;540;12835;13520;4.10;0.25;402.00;22.49;1421;68;4649.00;685
11416;43;5120730;11416;540;12837;13526;4.07;0.25;402.03;22.49;1421;68;4650.00;689
11423;43;5120753;11423;545;12837;13526;3.98;0.24;402.07;22.49;1414;68;4651.00;689
11425;43;5120775;11425;549;12842;13530;3.99;0.24;402.08;22.61;1417;68;4652.00;688
11426;43;5120792;11426;547;12842;13531;4.01;0.24;402.08;22.61;1416;68;4653.00;689
11430;43;5120809;11430;552;12843;13531;4.03;0.24;402.11;22.61;1413;68;4654.00;688
11433;43;5120825;11433;550;12844;13531;4.03;0.24;402.10;22.62;1411;68;4655.00;687
11436;43;5120841;11436;551;12854;13544;4.13;0.25;402.12;22.60;1418;68;4656.00;690
11440;43;5120859;11440;552;12856;13544;4.14;0.25;402.11;22.61;1416;68;4657.00;688
11441;43;5120876;11441;542;12857;13544;4.19;0.25;402.11;22.63;1416;68;4658.00;687
11441;43;5120892;11441;549;12859;13545;4.24;0.26;402.11;22.64;1418;68;4659.00;686
11445;43;5120909;11445;545;12861;13546;4.26;0.26;402.19;22.66;1416;68;4660.00;685
11447;43;5120925;11447;546;12863;13546;4.31;0.26;402.19;22.69;1416;68;4661.00;683
11450;43;5120942;11450;550;12864;13549;4.37;0.27;402.27;22.69;1414;68;4662.00;685
11456;43;5120958;11456;553;12867;13549;4.33;0.26;402.29;22.72;1411;68;4663.00;682
11458;43;5120975;11458;556;12867;13549;4.30;0.26;402.34;22.72;1409;68;4664.00;682
11462;43;5120991;11462;556;12868;13549;4.30;0.26;402.42;22.72;1406;68;4665.00;681
11467;43;5121007;11467;567;12874;13555;4.22;0.26;402.46;22.77;1407;68;4666.00;681
11473;43;5121025;11473;554;12875;13555;4.22;0.26;402.48;22.79;1402;68;4667.00;680
11475;43;5121043;11475;555;12876;13555;4.24;0.26;402.51;22.80;1401;68;4668.00;679
11483;43;5121061;11483;559;12878;13555;4.22;0.26;402.77;22.82;1395;68;4669.00;677
11485;43;5121078;11485;553;12880;13559;4.26;0.26;402.76;22.85;1395;68;4670.00;679
11486;43;5121095;11486;544;12881;13560;4.31;0.26;402.76;22.85;1395;68;4671.00;679
11488;43;5121112;11488;562;12883;13560;4.35;0.26;402.74;22.88;1395;68;4672.00;677
11491;43;5121130;11491;556;12886;13561;4.33;0.26;402.75;22.93;1395;68;4673.00;675
11494;43;5121149;11494;564;12889;13561;4.35;0.26;402.74;23.05;1395;68;4674.00;672
11496;43;5121165;11496;568;12892;13561;4.40;0.27;402.75;23.08;1396;68;4675.00;669
11501;43;5121183;11501;555;12896;13561;4.37;0.27;402.89;23.10;1395;68;4676.00;665
11502;43;5121200;11502;548;12900;13561;4.41;0.27;402.96;23.48;1398;69;4677.00;661
11507;43;5121230;11507;543;12902;13561;4.39;0.27;403.12;23.63;1395;69;4678.00;659
11509;43;5121247;11509;528;12903;13561;4.42;0.27;403.15;23.65;1394;69;4679.00;658
11512;43;5121266;11512;549;12969;13686;4.56;0.28;403.16;23.56;1457;69;4680.00;717
11514;43;5121293;11514;538;12973;13687;4.61;0.28;403.21;23.70;1459;69;4681.00;714
11521;43;5121311;11521;541;12976;13687;4.58;0.28;403.43;23.72;1455;69;4682.00;711
11522;43;5121329;11522;540;12979;13687;4.61;0.28;403.48;23.74;1457;69;4683.00;708
11523;43;5121346;11523;547;12981;13687;4.65;0.29;403.48;23.76;1458;69;4684.00;706
11525;43;5121364;11525;546;12982;13687;4.66;0.29;403.63;23.76;1457;69;4685.00;705
11528;43;5121381;11528;562;12982;13687;4.64;0.28;403.74;23.76;1454;69;4686.00;705
11529;43;5121399;11529;547;12987;13687;4.64;0.29;403.74;23.78;1458;69;4687.00;700
11530;43;5121417;11530;543;12990;13688;4.65;0.29;403.72;23.80;1460;69;4688.00;698
11537;43;5121436;11537;542;12992;13689;4.57;0.28;403.99;23.84;1455;69;4689.00;697
11542;43;5121454;11542;545;12996;13689;4.52;0.28;404.24;23.84;1454;69;4690.00;693
11543;43;5121472;11543;543;12999;13693;4.49;0.28;404.29;23.83;1456;69;4691.00;694
11549;43;5121490;11549;553;13001;13693;4.38;0.27;404.35;23.85;1452;69;4692.00;692
11553;43;5121507;11553;559;13003;13693;4.33;0.27;404.49;23.87;1450;69;4693.00;690
11554;43;5121524;11554;562;13004;13693;4.33;0.27;404.56;23.87;1450;69;4694.00;689
11555;43;5121541;11555;569;13009;13699;4.31;0.26;404.56;23.91;1454;69;4695.00;690
11558;43;5121559;11558;573;13009;13699;4.36;0.27;404.81;23.91;1451;69;4696.00;690
11562;43;5121577;11562;587;13010;13699;4.38;0.27;404.84;23.91;1448;69;4697.00;689
11565;43;5121594;11565;583;13015;13702;4.38;0.27;404.90;23.96;1450;69;4698.00;687
11566;43;5121611;11566;590;13015;13702;4.40;0.27;404.93;23.96;1449;69;4699.00;687
11570;43;5121629;11570;588;13016;13702;4.42;0.27;405.15;23.96;1446;69;4700.00;686
11573;43;5121649;11573;597;13018;13703;4.41;0.27;405.30;24.00;1445;69;4701.00;685
11577;43;5121666;11577;593;13018;13704;4.39;0.27;405.43;24.00;1441;70;4702.00;686
11580;43;5121688;11580;594;13020;13704;4.33;0.26;405.50;24.00;1440;70;4703.00;684
11582;43;5121705;11582;601;13029;13717;4.29;0.26;405.56;24.01;1447;70;4704.00;688
11586;43;5121723;11586;597;13030;13717;4.24;0.26;405.59;24.00;1444;70;4705.00;687
11586;43;5121740;11586;599;13032;13717;4.25;0.26;405.59;24.03;1446;70;4706.00;685
11586;43;5121758;11586;601;13033;13718;4.32;0.26;405.59;24.02;1447;70;4707.00;685
11587;43;5121774;11587;600;13033;13718;4.32;0.26;405.65;24.02;1446;70;4708.00;685
11590;43;5121791;11590;600;13036;13722;4.32;0.26;405.70;24.02;1446;70;4709.00;686
11591;43;5121810;11591;602;13039;13722;4.32;0.26;405.70;24.04;1448;70;4710.00;683
11592;43;5121826;11592;593;13042;13726;4.31;0.26;405.69;24.03;1450;70;4711.00;684
11593;43;5121844;11593;590;13043;13726;4.32;0.26;405.68;24.06;1450;70;4712.00;683
11594;43;5121861;11594;596;13044;13726;4.32;0.26;405.73;24.08;1450;70;4713.00;682
11594;43;5121877;11594;584;13044;13726;4.33;0.26;405.73;24.08;1450;70;4714.00;682
11598;43;5121894;11598;581;13045;13726;4.31;0.26;405.79;24.20;1447;70;4715.00;681
11600;43;5121911;11600;578;13056;13738;4.28;0.26;405.82;24.22;1456;70;4716.00;682
11602;43;5121929;11602;570;13056;13738;4.28;0.26;405.91;24.22;1454;70;4717.00;682
11603;43;5121945;11603;554;13056;13738;4.32;0.26;405.90;24.22;1453;70;4718.00;682
11605;43;5121962;11605;560;13057;13738;4.30;0.26;405.98;24.25;1452;70;4719.00;681
11608;43;5121978;11608;554;13059;13738;4.30;0.26;406.04;24.29;1451;70;4720.00;679
11608;43;5121995;11608;548;13059;13738;4.33;0.27;406.04;24.29;1451;70;4721.00;679
11609;43;5122012;11609;548;13060;13739;4.35;0.27;406.02;24.31;1451;70;4722.00;679
11613;43;5122028;11613;546;13060;13739;4.32;0.26;406.07;24.31;1447;70;4723.00;679
11620;43;5122044;11620;545;13065;13745;4.31;0.26;406.12;24.33;1445;70;4724.00;680
11620;43;5122067;11620;547;13067;13747;4.33;0.26;406.12;24.35;1447;70;4725.00;680
11627;43;5122083;11627;552;13067;13747;4.23;0.26;406.11;24.35;1440;70;4726.00;680
11628;43;5122099;11628;553;13068;13747;4.23;0.26;406.16;24.37;1440;70;4727.00;679
11632;43;5122115;11632;562;13072;13751;4.21;0.26;406.20;24.38;1440;70;4728.00;679
11634;43;5122132;11634;568;13073;13751;4.13;0.25;406.36;24.40;1439;71;4729.00;678
11634;43;5122156;11634;568;13077;13751;4.05;0.25;406.36;24.58;1443;71;4730.00;674
11639;43;5122173;11639;574;13078;13752;3.99;0.24;406.41;24.58;1439;71;4731.00;674
11645;43;5122193;11645;587;13081;13756;3.90;0.24;406.60;24.58;1436;71;4732.00;675
11648;43;5122209;11648;590;13082;13756;3.82;0.23;406.69;24.60;1434;71;4733.00;674
11649;43;5122226;11649;601;13083;13759;3.78;0.23;406.67;24.60;1434;71;4734.00;676
11650;43;5122243;11650;596;13084;13759;3.73;0.23;406.72;24.62;1434;71;4735.00;675
11650;43;5122259;11650;605;13084;13759;3.70;0.23;406.72;24.62;1434;71;4736.00;675
11651;43;5122275;11651;615;13084;13759;3.69;0.23;406.69;24.62;1433;71;4737.00;675
11653;43;5122296;11653;614;13088;13763;3.69;0.23;406.70;24.63;1435;71;4738.00;675
11656;43;5122312;11656;621;13088;13763;3.67;0.23;406.67;24.63;1432;71;4739.00;675
11659;43;5122329;11659;623;13089;13763;3.63;0.22;406.68;24.65;1430;71;4740.00;674
11660;43;5122346;11660;625;13089;13763;3.64;0.22;406.76;24.65;1429;71;4741.00;674
11662;43;5122363;11662;629;13090;13764;3.58;0.22;406.77;24.67;1428;71;4742.00;674
11665;43;5122380;11665;635;13090;13765;3.52;0.22;406.76;24.67;1425;71;4743.00;675
11667;43;5122396;11667;642;13090;13765;3.49;0.22;406.76;24.67;1423;71;4744.00;675
11670;43;5122412;11670;643;13091;13766;3.47;0.21;406.84;24.67;1421;71;4745.00;675
11672;43;5122428;11672;648;13092;13766;3.45;0.21;406.87;24.69;1420;71;4746.00;674
11674;43;5122445;11674;653;13093;13766;3.42;0.21;406.85;24.71;1419;71;4747.00;673
11676;43;5122460;11676;662;13093;13766;3.38;0.21;406.85;24.71;1417;71;4748.00;673
11676;43;5122477;11676;666;13093;13766;3.36;0.21;406.85;24.71;1417;71;4749.00;673
11677;43;5122492;11677;665;13094;13766;3.33;0.21;406.93;24.83;1417;71;4750.00;672
11680;43;5122508;11680;671;13094;13766;3.33;0.21;406.89;24.83;1414;71;4751.00;672
11683;43;5122523;11683;692;13154;13893;3.65;0.23;406.99;24.71;1471;71;4752.00;739
11684;43;5122548;11684;687;13156;13894;3.63;0.23;406.98;24.71;1472;71;4753.00;738
11689;43;5122563;11689;687;13163;13894;3.63;0.23;407.01;24.70;1474;71;4754.00;731
11691;43;5122584;11691;689;13168;13894;3.64;0.23;407.08;24.69;1477;71;4755.00;726
11692;43;5122599;11692;694;13172;13894;3.65;0.23;407.07;24.68;1480;71;4756.00;722
11693;43;5122614;11693;698;13176;13894;3.63;0.23;407.07;24.68;1483;71;4757.00;718
11695;43;5122629;11695;704;13177;13894;3.64;0.23;407.08;24.68;1482;71;4758.00;717
11696;43;5122644;11696;703;13179;13894;3.65;0.23;407.14;24.67;1483;71;4759.00;715
11700;43;5122665;11700;714;13180;13895;3.63;0.22;407.13;24.67;1480;71;4760.00;715
11702;43;5122681;11702;712;13181;13896;3.63;0.22;407.14;24.67;1479;71;4761.00;715
11704;43;5122696;11704;722;13182;13896;3.58;0.22;407.31;24.67;1478;71;4762.00;714
11705;43;5122711;11705;725;13183;13897;3.54;0.22;407.30;24.67;1478;71;4763.00;714
11706;43;5122726;11706;731;13184;13897;3.48;0.22;407.26;24.67;1478;71;4764.00;713
11706;43;5122741;11706;729;13186;13897;3.45;0.21;407.26;24.67;1480;71;4765.00;711
11710;43;5122756;11710;737;13187;13897;3.38;0.21;407.28;24.67;1477;71;4766.00;710
11713;43;5122771;11713;737;13189;13901;3.31;0.20;407.22;24.66;1476;71;4767.00;712
11713;43;5122792;11713;743;13191;13901;3.26;0.20;407.22;24.66;1478;71;4768.00;710
11714;43;5122812;11714;750;13191;13901;3.25;0.20;407.19;24.66;1477;71;4769.00;710
11714;43;5122828;11714;745;13193;13907;3.23;0.20;407.19;24.66;1479;71;4770.00;714
11716;43;5122844;11716;727;13196;13907;3.23;0.20;407.33;24.65;1480;71;4771.00;711
11716;43;5122859;11716;720;13197;13907;3.26;0.20;407.33;24.65;1481;71;4772.00;710
11717;43;5122875;11717;714;13199;13911;3.29;0.20;407.35;24.65;1482;71;4773.00;712
11718;43;5122891;11718;721;13199;13912;3.33;0.21;407.37;24.65;1481;71;4774.00;713
11720;43;5122907;11720;719;13200;13912;3.33;0.21;407.32;24.65;1480;71;4775.00;712
11722;43;5122921;11722;702;13202;13916;3.36;0.21;407.26;24.64;1480;71;4776.00;714
11723;44;5122936;11723;700;13202;13916;3.38;0.21;407.32;24.64;1479;72;4777.00;714
11724;44;5122961;11724;694;13203;13916;3.40;0.21;407.41;24.64;1479;72;4778.00;713
11726;44;5122976;11726;695;13203;13917;3.40;0.21;407.41;24.64;1477;72;4779.00;714
11727;44;5122999;11727;697;13204;13917;3.39;0.21;407.38;24.64;1477;72;4780.00;713
11729;44;5123016;11729;694;13209;13923;3.41;0.21;407.33;24.63;1480;72;4781.00;714
11735;44;5123030;11735;689;13209;13923;3.35;0.20;407.36;24.63;1474;72;4782.00;714
11738;44;5123046;11738;684;13209;13924;3.31;0.20;407.35;24.63;1471;72;4783.00;715
11742;44;5123059;11742;686;13209;13924;3.26;0.20;407.26;24.63;1467;72;4784.00;715
11745;44;5123073;11745;671;13209;13924;3.22;0.20;407.22;24.63;1464;72;4785.00;715
11747;44;5123088;11747;665;13209;13924;3.22;0.19;407.20;24.63;1462;72;4786.00;715
11749;44;5123102;11749;658;13209;13924;3.20;0.19;407.17;24.63;1460;72;4787.00;715
11751;44;5123121;11751;652;13217;13936;3.22;0.20;407.14;24.62;1466;72;4788.00;719
11753;44;5123137;11753;649;13217;13936;3.23;0.20;407.13;24.62;1464;72;4789.00;719
11753;44;5123152;11753;636;13217;13936;3.29;0.20;407.13;24.62;1464;72;4790.00;719
11756;44;5123166;11756;632;13217;13936;3.31;0.20;407.17;24.62;1461;72;4791.00;719
11760;44;5123179;11760;631;13217;13936;3.35;0.20;407.13;24.62;1457;72;4792.00;719
11762;44;5123193;11762;617;13217;13936;3.38;0.21;407.14;24.62;1455;72;4793.00;719
11765;44;5123207;11765;613;13218;13940;3.42;0.21;407.08;24.62;1453;72;4794.00;722
11768;44;5123222;11768;606;13218;13940;3.46;0.21;407.13;24.62;1450;72;4795.00;722
11769;44;5123236;11769;597;13220;13944;3.55;0.21;407.11;24.61;1451;72;4796.00;724
11771;44;5123251;11771;589;13220;13945;3.60;0.22;407.11;24.61;1449;72;4797.00;725
11774;44;5123266;11774;583;13220;13945;3.66;0.22;407.16;24.61;1446;72;4798.00;725
11777;44;5123281;11777;578;13220;13945;3.73;0.23;407.14;24.61;1443;72;4799.00;725
11781;44;5123299;11781;573;13238;13986;3.80;0.23;407.30;24.58;1457;72;4800.00;748
11783;44;5123322;11783;569;13239;13986;3.87;0.23;407.36;24.58;1456;72;4801.00;747
11785;44;5123337;11785;555;13241;13986;3.92;0.24;407.36;24.57;1456;72;4802.00;745
11788;44;5123352;11788;552;13241;13987;3.97;0.24;407.38;24.57;1453;72;4803.00;746
11792;44;5123368;11792;547;13242;13988;3.98;0.24;407.44;24.57;1450;72;4804.00;746
11798;44;5123383;11798;540;13243;13988;3.95;0.24;407.45;24.57;1445;72;4805.00;745
11801;44;5123399;11801;523;13244;13991;3.97;0.24;407.57;24.57;1443;72;4806.00;747
11804;44;5123414;11804;522;13244;13991;3.99;0.24;407.67;24.57;1440;72;4807.00;747
11806;44;5123429;11806;517;13244;13991;4.04;0.24;407.64;24.57;1438;72;4808.00;747
11809;44;5123445;11809;519;13244;13991;4.04;0.24;407.73;24.57;1435;72;4809.00;747
11812;44;5123461;11812;513;13249;13997;4.01;0.24;407.75;24.56;1437;72;4810.00;748
11814;44;5123476;11814;514;13249;13997;4.03;0.24;407.75;24.56;1435;72;4811.00;748
11815;44;5123492;11815;515;13249;13997;4.07;0.25;407.74;24.56;1434;72;4812.00;748
11817;44;5123507;11817;518;13249;13997;4.09;0.25;407.74;24.56;1432;72;4813.00;748
11822;44;5123523;11822;517;13250;14001;4.09;0.25;407.76;24.56;1428;72;4814.00;751
11825;44;5123538;11825;520;13252;14003;4.09;0.25;407.74;24.56;1427;72;4815.00;751
11829;44;5123554;11829;520;13252;14003;4.08;0.25;407.72;24.56;1423;72;4816.00;751
11833;44;5123569;11833;517;13253;14004;4.06;0.25;407.96;24.56;1420;72;4817.00;751
11836;44;5123585;11836;520;13253;14004;4.03;0.24;407.99;24.56;1417;72;4818.00;751
11838;44;5123600;11838;521;13254;14004;4.02;0.24;408.10;24.56;1416;72;4819.00;750
11841;44;5123615;11841;510;13254;14004;4.02;0.24;408.22;24.56;1413;72;4820.00;750
11844;44;5123630;11844;510;13254;14004;4.01;0.24;408.16;24.56;1410;72;4821.00;750
11844;44;5123646;11844;511;13255;14004;4.05;0.25;408.16;24.56;1411;72;4822.00;749
11848;44;5123660;11848;508;13256;14004;4.06;0.25;408.23;24.58;1408;72;4823.00;748
11850;44;5123676;11850;523;13293;14074;4.09;0.25;408.28;24.52;1443;72;4824.00;781
11851;44;5123697;11851;514;13294;14075;4.12;0.25;408.26;24.54;1443;72;4825.00;781
11853;44;5123712;11853;515;13296;14075;4.22;0.26;408.31;24.57;1443;72;4826.00;779
11854;44;5123727;11854;511;13300;14075;4.29;0.26;408.38;24.56;1446;72;4827.00;775
11858;44;5123743;11858;511;13301;14077;4.35;0.27;408.41;24.56;1443;72;4828.00;776
11860;44;5123758;11860;507;13303;14077;4.42;0.27;408.44;24.61;1443;72;4829.00;774
11867;44;5123775;11867;508;13303;14077;4.40;0.27;408.54;24.61;1436;72;4830.00;774
11868;44;5123790;11868;514;13305;14077;4.42;0.27;408.62;24.66;1437;72;4831.00;772
11873;44;5123806;11873;512;13306;14078;4.40;0.27;408.78;24.69;1433;72;4832.00;772
11876;44;5123823;11876;511;13310;14079;4.35;0.27;408.86;24.72;1434;72;4833.00;769
11880;44;5123838;11880;516;13310;14079;4.35;0.27;408.93;24.72;1430;72;4834.00;769
11885;44;5123855;11885;517;13316;14083;4.32;0.26;408.93;24.76;1431;72;4835.00;767
11886;44;5123871;11886;525;13319;14083;4.33;0.27;408.90;24.94;1433;72;4836.00;764
11891;44;5123888;11891;530;13320;14083;4.33;0.26;409.06;24.94;1429;72;4837.00;763
11896;44;5123904;11896;525;13322;14083;4.32;0.26;409.08;24.99;1426;72;4838.00;761
11898;44;5123920;11898;533;13326;14089;4.35;0.27;409.17;24.99;1428;72;4839.00;763
11901;44;5123936;11901;538;13328;14089;4.36;0.27;409.30;25.04;1427;72;4840.00;761
11904;44;5123952;11904;535;13331;14089;4.35;0.27;409.30;25.04;1427;72;4841.00;758
11907;44;5123969;11907;524;13333;14092;4.38;0.27;409.33;25.09;1426;72;4842.00;759
11913;44;5123985;11913;520;13336;14092;4.36;0.26;409.44;25.12;1423;72;4843.00;756
11916;44;5124003;11916;515;13337;14092;4.37;0.27;409.52;25.15;1421;72;4844.00;755
11917;44;5124019;11917;522;13340;14093;4.38;0.27;409.62;25.19;1423;72;4845.00;753
11922;44;5124035;11922;526;13341;14094;4.36;0.26;409.75;25.22;1419;72;4846.00;753
11922;44;5124052;11922;524;13343;14094;4.40;0.27;409.75;25.24;1421;72;4847.00;751
11925;44;5124068;11925;534;13352;14107;4.38;0.27;409.84;25.23;1427;72;4848.00;755
11929;44;5124086;11929;534;13354;14107;4.40;0.27;410.00;25.25;1425;72;4849.00;753
11931;44;5124102;11931;533;13357;14107;4.38;0.27;410.04;25.30;1426;72;4850.00;750
11933;44;5124118;11933;534;13360;14108;4.34;0.26;410.12;25.44;1427;72;4851.00;748
11937;44;5124134;11937;537;13360;14108;4.31;0.26;410.27;25.44;1423;72;4852.00;748
11939;44;5124150;11939;547;13367;14112;4.36;0.27;410.30;25.48;1428;72;4853.00;745
11943;44;5124167;11943;551;13369;14112;4.37;0.27;410.51;25.53;1426;72;4854.00;743
11946;44;5124182;11946;550;13374;14116;4.39;0.27;410.61;25.52;1428;72;4855.00;742
11947;44;5124198;11947;548;13376;14116;4.44;0.27;410.71;25.57;1429;72;4856.00;740
11950;44;5124214;11950;550;13378;14116;4.48;0.27;410.88;25.57;1428;72;4857.00;738
11950;44;5124230;11950;553;13380;14116;4.52;0.28;410.88;25.61;1430;72;4858.00;736
11956;44;5124245;11956;554;13382;14116;4.50;0.27;411.07;25.64;1426;72;4859.00;734
11958;44;5124262;11958;554;13403;14150;4.51;0.28;411.11;25.60;1445;72;4860.00;747
11960;44;5124281;11960;555;13407;14150;4.52;0.28;411.27;25.64;1447;73;4861.00;743
11963;44;5124305;11963;559;13409;14150;4.50;0.28;411.56;25.64;1446;73;4862.00;741
11966;44;5124321;11966;558;13411;14150;4.47;0.27;411.59;25.64;1445;73;4863.00;739
11969;44;5124336;11969;560;13415;14150;4.45;0.27;411.72;25.69;1446;73;4864.00;735
11971;44;5124352;11971;570;13416;14150;4.41;0.27;411.70;25.69;1445;73;4865.00;734
11975;44;5124368;11975;574;13418;14151;4.34;0.26;411.82;25.71;1443;73;4866.00;733
11978;44;5124384;11978;574;13420;14151;4.31;0.26;411.99;25.73;1442;73;4867.00;731
11980;44;5124399;11980;590;13423;14157;4.29;0.26;411.98;25.72;1443;73;4868.00;734
11980;44;5124415;11980;602;13426;14158;4.28;0.26;411.98;25.77;1446;73;4869.00;732
11980;44;5124431;11980;603;13427;14158;4.30;0.26;411.98;25.79;1447;73;4870.00;731
11980;44;5124447;11980;611;13430;14158;4.30;0.26;411.98;25.79;1450;73;4871.00;728
11980;44;5124462;11980;623;13431;14162;4.27;0.26;411.98;25.81;1451;73;4872.00;731
11981;44;5124477;11981;630;13433;14162;4.26;0.26;411.96;25.83;1452;73;4873.00;729
11985;44;5124492;11985;639;13434;14162;4.21;0.25;412.01;25.83;1449;73;4874.00;728
11986;44;5124508;11986;636;13438;14163;4.21;0.25;412.07;25.87;1452;73;4875.00;725
11986;44;5124524;11986;640;13442;14167;4.21;0.26;412.07;25.86;1456;73;4876.00;725
11986;44;5124540;11986;644;13442;14167;4.22;0.26;412.07;25.86;1456;73;4877.00;725
11987;44;5124557;11987;635;13444;14170;4.18;0.25;412.12;25.88;1457;73;4878.00;726
11989;44;5124575;11989;630;13445;14170;4.15;0.25;412.17;25.90;1456;73;4879.00;725
11990;44;5124592;11990;627;13446;14170;4.12;0.25;412.17;25.90;1456;73;4880.00;724
11992;44;5124609;11992;635;13446;14170;4.12;0.25;412.25;25.90;1454;73;4881.00;724
11993;44;5124625;11993;636;13450;14174;4.11;0.25;412.25;25.89;1457;73;4882.00;724
11995;44;5124642;11995;630;13451;14174;4.11;0.25;412.20;25.91;1456;73;4883.00;723
11998;44;5124658;11998;631;13451;14174;4.10;0.25;412.29;25.91;1453;73;4884.00;723
12000;44;5124675;12000;633;13451;14174;4.09;0.25;412.26;25.91;1451;73;4885.00;723
12002;44;5124692;12002;627;13452;14175;4.10;0.25;412.24;25.93;1450;73;4886.00;723
12004;44;5124708;12004;624;13452;14176;4.10;0.25;412.22;25.93;1448;73;4887.00;724
12005;44;5124725;12005;633;13452;14176;4.09;0.25;412.22;25.93;1447;73;4888.00;724
12011;44;5124742;12011;621;13454;14177;4.05;0.25;412.21;25.95;1443;73;4889.00;723
12013;44;5124760;12013;623;13454;14177;4.04;0.25;412.20;25.95;1441;73;4890.00;723
12017;44;5124777;12017;631;13455;14177;4.00;0.24;412.29;25.97;1438;73;4891.00;722
12019;44;5124815;12019;626;13455;14177;4.00;0.24;412.35;25.97;1436;73;4892.00;722
12023;44;5124834;12023;634;13455;14177;3.95;0.24;412.34;25.97;1432;73;4893.00;722
12024;44;5124850;12024;632;13456;14177;3.90;0.24;412.31;25.99;1432;73;4894.00;721
12030;44;5124866;12030;639;13456;14177;3.81;0.23;412.28;25.99;1426;73;4895.00;721
12031;44;5124883;12031;660;13512;14304;4.06;0.25;412.25;25.88;1481;73;4896.00;792
12034;44;5124911;12034;662;13514;14305;4.00;0.25;412.24;25.88;1480;73;4897.00;791
12037;44;5124928;12037;654;13521;14305;4.00;0.25;412.26;25.87;1484;73;4898.00;784
12038;44;5124944;12038;656;13524;14305;3.97;0.25;412.25;25.86;1486;73;4899.00;781
12039;44;5124961;12039;655;13531;14305;3.95;0.24;412.22;25.85;1492;73;4900.00;774
12043;44;5124981;12043;663;13535;14305;3.92;0.24;412.27;25.84;1492;73;4901.00;770
12044;44;5124997;12044;667;13538;14305;3.94;0.24;412.26;25.84;1494;73;4902.00;767
12044;44;5125014;12044;677;13539;14305;3.95;0.24;412.26;25.84;1495;73;4903.00;766
12045;44;5125030;12045;680;13542;14306;3.96;0.24;412.26;25.83;1497;73;4904.00;764
12047;44;5125047;12047;692;13545;14308;3.90;0.24;412.23;25.83;1498;73;4905.00;763
12048;44;5125063;12048;702;13545;14308;3.85;0.24;412.23;25.83;1497;73;4906.00;763
12048;44;5125080;12048;712;13546;14309;3.82;0.24;412.23;25.83;1498;73;4907.00;763
12050;44;5125096;12050;724;13546;14309;3.76;0.23;412.19;25.83;1496;73;4908.00;763
12051;44;5125114;12051;726;13546;14309;3.72;0.23;412.29;25.83;1495;73;4909.00;763
12051;44;5125130;12051;733;13549;14309;3.66;0.23;412.29;25.83;1498;73;4910.00;760
12052;44;5125146;12052;743;13551;14313;3.62;0.22;412.34;25.82;1499;73;4911.00;762
12056;44;5125164;12056;748;13551;14313;3.57;0.22;412.36;25.82;1495;73;4912.00;762
12058;44;5125180;12058;754;13552;14313;3.53;0.22;412.35;25.82;1494;73;4913.00;761
12058;44;5125196;12058;761;13553;14316;3.48;0.21;412.35;25.82;1495;73;4914.00;763
12059;44;5125214;12059;773;13554;14316;3.46;0.21;412.34;25.82;1495;73;4915.00;762
12063;44;5125230;12063;784;13554;14316;3.41;0.21;412.31;25.82;1491;73;4916.00;762
12066;44;5125246;12066;783;13556;14320;3.41;0.21;412.39;25.82;1490;73;4917.00;764
12067;44;5125267;12067;776;13557;14321;3.43;0.21;412.41;25.81;1490;73;4918.00;764
12069;44;5125282;12069;771;13557;14321;3.43;0.21;412.37;25.81;1488;73;4919.00;764
12069;44;5125302;12069;757;13560;14326;3.49;0.22;412.37;25.81;1491;73;4920.00;766
12073;44;5125318;12073;753;13561;14326;3.46;0.21;412.54;25.81;1488;73;4921.00;765
12075;44;5125334;12075;748;13561;14326;3.45;0.21;412.50;25.81;1486;73;4922.00;765
12077;45;5125349;12077;746;13561;14327;3.44;0.21;412.50;25.81;1484;74;4923.00;766
12077;45;5125374;12077;742;13561;14327;3.48;0.21;412.50;25.81;1484;74;4924.00;766
12080;45;5125389;12080;740;13565;14333;3.52;0.22;412.48;25.80;1485;74;4925.00;768
12082;45;5125408;12082;737;13565;14333;3.52;0.22;412.48;25.80;1483;74;4926.00;768
12084;45;5125424;12084;734;13565;14334;3.55;0.22;412.42;25.80;1481;74;4927.00;769
12086;45;5125444;12086;733;13565;14334;3.59;0.22;412.42;25.80;1479;74;4928.00;769
12086;45;5125461;12086;734;13565;14334;3.64;0.22;412.42;25.80;1479;74;4929.00;769
12088;45;5125477;12088;732;13565;14334;3.65;0.22;412.38;25.80;1477;74;4930.00;769
12088;45;5125493;12088;737;13565;14334;3.68;0.23;412.38;25.80;1477;74;4931.00;769
12090;45;5125509;12090;736;13573;14346;3.72;0.23;412.39;25.78;1483;74;4932.00;773
12093;45;5125533;12093;741;13573;14346;3.71;0.23;412.37;25.78;1480;74;4933.00;773
12094;45;5125555;12094;736;13573;14346;3.72;0.23;412.37;25.78;1479;74;4934.00;773
12096;45;5125571;12096;729;13573;14346;3.71;0.23;412.37;25.78;1477;74;4935.00;773
12097;45;5125587;12097;727;13573;14346;3.72;0.23;412.35;25.78;1476;74;4936.00;773
12101;45;5125603;12101;721;13573;14346;3.72;0.23;412.42;25.78;1472;74;4937.00;773
12104;45;5125619;12104;718;13574;14350;3.73;0.23;412.44;25.78;1470;74;4938.00;776
12105;46;5125634;12105;711;13574;14350;3.75;0.23;412.41;25.78;1469;75;4939.00;776
12107;46;5125657;12107;716;13576;14354;3.77;0.23;412.38;25.78;1469;75;4940.00;778
12108;46;5125673;12108;712;13576;14355;3.78;0.23;412.39;25.78;1468;75;4941.00;779
12111;46;5125688;12111;711;13576;14355;3.76;0.23;412.42;25.78;1465;75;4942.00;779
12113;46;5125707;12113;706;13576;14355;3.75;0.23;412.36;25.78;1463;75;4943.00;779
12116;46;5125723;12116;708;13584;14368;3.76;0.23;412.61;25.76;1468;75;4944.00;784
12118;46;5125740;12118;705;13586;14368;3.78;0.23;412.62;25.77;1468;75;4945.00;782
12122;46;5125755;12122;706;13586;14368;3.75;0.23;412.71;25.77;1464;75;4946.00;782
12128;46;5125770;12128;712;13586;14369;3.72;0.23;412.83;25.77;1458;75;4947.00;783
12131;46;5125786;12131;704;13586;14370;3.74;0.23;412.81;25.77;1455;75;4948.00;784
12134;46;5125800;12134;706;13586;14370;3.71;0.22;412.90;25.77;1452;75;4949.00;784
12136;46;5125816;12136;688;13589;14379;3.73;0.23;412.96;25.76;1453;75;4950.00;790
12139;46;5125832;12139;672;13589;14379;3.75;0.23;413.02;25.76;1450;75;4951.00;790
12143;46;5125849;12143;667;13590;14379;3.77;0.23;412.98;25.76;1447;75;4952.00;789
12144;46;5125864;12144;661;13590;14379;3.83;0.23;412.96;25.76;1446;75;4953.00;789
12146;46;5125880;12146;663;13593;14385;3.87;0.23;413.00;25.75;1447;75;4954.00;792
12149;46;5125897;12149;659;13594;14385;3.93;0.24;413.00;25.75;1445;75;4955.00;791
12151;46;5125913;12151;652;13594;14385;3.98;0.24;413.12;25.75;1443;75;4956.00;791
12155;47;5125929;12155;642;13594;14385;4.00;0.24;413.29;25.75;1439;76;4957.00;791
12156;47;5125958;12156;635;13595;14389;4.05;0.25;413.28;25.75;1439;76;4958.00;794
12159;47;5125975;12159;626;13595;14390;4.04;0.25;413.28;25.75;1436;76;4959.00;795
12164;47;5125997;12164;614;13595;14390;4.03;0.24;413.29;25.75;1431;76;4960.00;795
12169;47;5126015;12169;604;13595;14391;4.02;0.24;413.36;25.75;1426;76;4961.00;796
12171;47;5126036;12171;598;13595;14391;4.05;0.25;413.47;25.75;1424;76;4962.00;796
12176;47;5126053;12176;596;13595;14391;4.07;0.25;413.58;25.75;1419;76;4963.00;796
12182;47;5126069;12182;588;13595;14391;4.09;0.25;413.73;25.75;1413;76;4964.00;796
12186;47;5126087;12186;585;13595;14391;4.14;0.25;413.72;25.75;1409;76;4965.00;796
12190;47;5126104;12190;581;13595;14391;4.17;0.25;413.82;25.75;1405;76;4966.00;796
12191;47;5126120;12191;567;13595;14391;4.26;0.26;413.81;25.75;1404;76;4967.00;796
12196;47;5126136;12196;575;13626;14461;4.38;0.27;413.93;25.69;1430;76;4968.00;835
12200;47;5126158;12200;553;13628;14462;4.44;0.27;414.05;25.69;1428;76;4969.00;834
12202;47;5126189;12202;541;13631;14462;4.50;0.27;414.01;25.68;1429;76;4970.00;831
12205;47;5126209;12205;527;13632;14462;4.53;0.28;414.06;25.68;1427;76;4971.00;830
12209;47;5126226;12209;512;13632;14462;4.56;0.28;414.12;25.68;1423;76;4972.00;830
12211;47;5126243;12211;513;13632;14462;4.59;0.28;414.12;25.68;1421;76;4973.00;830
12214;47;5126260;12214;512;13632;14462;4.61;0.28;414.15;25.68;1418;76;4974.00;830
12220;47;5126277;12220;506;13634;14462;4.61;0.28;414.19;25.81;1414;76;4975.00;828
12222;47;5126295;12222;506;13634;14463;4.62;0.28;414.18;25.81;1412;76;4976.00;829
12227;47;5126311;12227;502;13634;14464;4.59;0.28;414.30;25.81;1407;76;4977.00;830
12232;47;5126329;12232;499;13636;14464;4.52;0.27;414.36;25.81;1404;76;4978.00;828
12235;47;5126346;12235;502;13637;14468;4.53;0.28;414.44;25.81;1402;76;4979.00;831
12238;47;5126364;12238;501;13637;14468;4.52;0.27;414.54;25.81;1399;76;4980.00;831
12240;47;5126381;12240;501;13638;14468;4.57;0.28;414.54;25.81;1398;76;4981.00;830
12245;47;5126398;12245;506;13639;14468;4.62;0.28;414.74;25.82;1394;76;4982.00;829
12250;47;5126414;12250;505;13642;14474;4.70;0.29;414.90;25.81;1392;76;4983.00;832
12253;47;5126432;12253;504;13647;14474;4.74;0.29;415.04;25.84;1394;76;4984.00;827
12257;47;5126448;12257;503;13648;14474;4.76;0.29;415.14;25.84;1391;76;4985.00;826
12259;47;5126471;12259;501;13648;14477;4.79;0.29;415.18;25.84;1389;76;4986.00;829
12265;47;5126487;12265;505;13652;14477;4.79;0.29;415.31;25.84;1387;76;4987.00;825
12268;47;5126505;12268;504;13653;14477;4.85;0.29;415.34;25.85;1385;76;4988.00;824
12274;47;5126522;12274;505;13655;14478;4.89;0.30;415.59;25.84;1381;76;4989.00;823
12279;47;5126538;12279;500;13659;14479;4.88;0.30;415.59;25.90;1380;76;4990.00;820
12284;47;5126556;12284;496;13660;14479;4.86;0.29;415.81;25.90;1376;76;4991.00;819
12286;47;5126573;12286;509;13670;14492;4.85;0.29;415.82;25.91;1384;76;4992.00;822
12291;47;5126591;12291;507;13670;14492;4.78;0.29;415.97;25.91;1379;76;4993.00;822
12292;47;5126608;12292;508;13673;14492;4.72;0.29;416.02;25.91;1381;76;4994.00;819
12293;47;5126625;12293;511;13675;14494;4.69;0.28;416.09;25.93;1382;76;4995.00;819
12296;47;5126641;12296;522;13676;14494;4.58;0.28;416.17;25.93;1380;76;4996.00;818
12299;47;5126656;12299;522;13681;14498;4.54;0.28;416.17;25.96;1382;76;4997.00;817
12304;47;5126673;12304;516;13681;14498;4.52;0.27;416.30;25.96;1377;76;4998.00;817
12307;47;5126689;12307;516;13686;14502;4.49;0.27;416.29;25.98;1379;76;4999.00;816
12311;47;5126707;12311;516;13687;14502;4.44;0.27;416.47;26.00;1376;76;5000.00;815
12312;47;5126727;12312;529;13688;14502;4.37;0.26;416.55;26.03;1376;76;5001.00;814
12313;47;5126743;12313;519;13690;14502;4.34;0.26;416.62;26.06;1377;76;5002.00;812
12314;47;5126759;12314;529;13693;14502;4.32;0.26;416.63;26.09;1379;76;5003.00;809
12317;47;5126775;12317;530;13699;14514;4.31;0.26;416.68;26.07;1382;76;5004.00;815
12320;47;5126793;12320;535;13702;14514;4.29;0.26;416.72;26.13;1382;76;5005.00;812
12321;47;5126814;12321;526;13703;14514;4.33;0.26;416.78;26.16;1382;76;5006.00;811
12325;47;5126836;12325;517;13708;14514;4.37;0.27;416.95;26.61;1383;77;5007.00;806
12328;47;5126865;12328;522;13709;14514;4.41;0.27;416.97;26.62;1381;77;5008.00;805
12330;47;5126881;12330;516;13709;14514;4.43;0.27;417.08;26.62;1379;77;5009.00;805
12334;47;5126899;12334;513;13712;14515;4.50;0.27;417.08;26.67;1378;77;5010.00;803
12336;47;5126917;12336;518;13712;14515;4.54;0.28;417.12;26.67;1376;77;5011.00;803
12339;47;5126934;12339;515;13717;14521;4.57;0.28;417.21;26.72;1378;77;5012.00;804
12341;47;5126951;12341;520;13719;14522;4.58;0.28;417.22;26.75;1378;77;5013.00;803
12342;47;5126968;12342;520;13721;14522;4.60;0.28;417.28;26.78;1379;77;5014.00;801
12345;47;5126985;12345;526;13725;14522;4.60;0.28;417.33;26.83;1380;77;5015.00;797
12352;47;5127002;12352;528;13728;14526;4.55;0.28;417.49;26.96;1376;77;5016.00;798
12355;47;5127020;12355;525;13730;14526;4.55;0.28;417.51;26.99;1375;77;5017.00;796
12359;47;5127036;12359;515;13732;14526;4.55;0.28;417.72;27.01;1373;77;5018.00;794
12360;47;5127053;12360;521;13734;14527;4.58;0.28;417.72;27.04;1374;77;5019.00;793
12364;47;5127071;12364;514;13738;14531;4.57;0.28;417.82;27.03;1374;77;5020.00;793
12366;47;5127087;12366;516;13740;14531;4.59;0.28;417.90;27.06;1374;77;5021.00;791
12370;47;5127105;12370;519;13743;14534;4.55;0.28;418.09;27.11;1373;77;5022.00;791
12373;47;5127122;12373;524;13746;14534;4.55;0.28;418.14;27.13;1373;77;5023.00;788
12374;47;5127139;12374;539;13746;14534;4.54;0.28;418.14;27.13;1372;77;5024.00;788
12377;47;5127156;12377;533;13747;14534;4.54;0.28;418.15;27.16;1370;77;5025.00;787
12379;47;5127172;12379;534;13756;14538;4.55;0.28;418.32;27.22;1377;77;5026.00;782
12379;47;5127189;12379;532;13757;14538;4.53;0.28;418.32;27.25;1378;77;5027.00;781
12381;47;5127206;12381;523;13759;14538;4.49;0.27;418.38;27.27;1378;77;5028.00;779
12383;47;5127222;12383;526;13760;14538;4.47;0.27;418.40;27.39;1377;77;5029.00;778
12385;47;5127238;12385;526;13760;14539;4.44;0.27;418.42;27.39;1375;77;5030.00;779
12386;47;5127254;12386;529;13761;14540;4.42;0.27;418.41;27.42;1375;78;5031.00;779
12389;47;5127279;12389;526;13764;14540;4.38;0.27;418.39;27.49;1375;78;5032.00;776
12392;47;5127295;12392;532;13766;14541;4.35;0.27;418.38;27.51;1374;78;5033.00;775
12395;47;5127311;12395;536;13768;14541;4.30;0.26;418.36;27.56;1373;78;5034.00;773
12397;47;5127327;12397;549;13768;14541;4.28;0.26;418.35;27.56;1371;78;5035.00;773
12398;47;5127343;12398;552;13769;14541;4.28;0.26;418.32;27.58;1371;79;5036.00;772
12400;47;5127368;12400;554;13769;14541;4.26;0.26;418.30;27.58;1369;79;5037.00;772
12402;47;5127382;12402;557;13772;14541;4.27;0.26;418.29;27.66;1370;80;5038.00;769
12405;47;5127405;12405;562;13772;14541;4.27;0.26;418.36;27.66;1367;80;5039.00;769
12408;47;5127422;12408;624;13896;14771;4.38;0.28;418.40;27.46;1488;80;5040.00;875
12410;47;5127457;12410;608;13897;14772;4.38;0.28;418.41;27.48;1487;80;5041.00;875
12413;47;5127473;12413;590;13902;14772;4.40;0.28;418.36;27.47;1489;80;5042.00;870
12415;47;5127491;12415;594;13905;14772;4.40;0.28;418.40;27.47;1490;80;5043.00;867
12417;47;5127508;12417;584;13912;14772;4.42;0.28;418.40;27.48;1495;80;5044.00;860
12421;47;5127526;12421;588;13918;14772;4.42;0.28;418.38;27.52;1497;80;5045.00;854
12425;47;5127546;12425;581;13923;14772;4.47;0.28;418.42;27.51;1498;80;5046.00;849
12427;47;5127563;12427;576;13928;14772;4.52;0.28;418.41;27.66;1501;80;5047.00;844
12430;47;5127580;12430;574;13934;14773;4.52;0.28;418.35;27.65;1504;80;5048.00;839
12435;47;5127597;12435;580;13936;14774;4.52;0.28;418.33;27.67;1501;80;5049.00;838
12438;47;5127614;12438;578;13940;14774;4.51;0.28;418.34;27.71;1502;80;5050.00;834
12438;47;5127632;12438;589;13944;14775;4.47;0.28;418.34;27.73;1506;80;5051.00;831
12441;47;5127649;12441;594;13946;14775;4.38;0.27;418.33;27.73;1505;80;5052.00;829
12447;47;5127666;12447;606;13948;14775;4.29;0.27;418.28;27.75;1501;80;5053.00;827
12451;47;5127682;12451;611;13950;14775;4.24;0.26;418.38;27.77;1499;80;5054.00;825
12453;47;5127699;12453;618;13952;14779;4.23;0.26;418.36;27.77;1499;80;5055.00;827
12456;47;5127716;12456;634;13953;14779;4.15;0.26;418.31;27.77;1497;80;5056.00;826
12457;47;5127733;12457;631;13955;14779;4.11;0.25;418.34;27.81;1498;80;5057.00;824
12460;47;5127750;12460;644;13957;14782;4.03;0.25;418.34;27.81;1497;80;5058.00;825
12461;47;5127766;12461;655;13957;14782;3.96;0.24;418.31;27.81;1496;80;5059.00;825
12463;47;5127783;12463;661;13958;14782;3.90;0.24;418.29;27.83;1495;80;5060.00;824
12465;47;5127799;12465;672;13962;14786;3.86;0.24;418.31;27.84;1497;80;5061.00;824
12468;47;5127816;12468;671;13964;14787;3.80;0.23;418.35;27.84;1496;80;5062.00;823
12469;47;5127839;12469;697;13964;14787;3.75;0.23;418.40;27.84;1495;80;5063.00;823
12469;47;5127855;12469;699;13967;14791;3.75;0.23;418.40;27.84;1498;80;5064.00;824
12469;47;5127873;12469;690;13967;14791;3.78;0.23;418.40;27.84;1498;80;5065.00;824
12470;47;5127889;12470;687;13968;14791;3.79;0.23;418.40;27.83;1498;80;5066.00;823
12471;47;5127905;12471;677;13969;14792;3.83;0.24;418.37;27.83;1498;80;5067.00;823
12471;47;5127922;12471;676;13969;14792;3.82;0.24;418.37;27.83;1498;80;5068.00;823
12471;47;5127938;12471;676;13975;14798;3.83;0.24;418.37;27.83;1504;80;5069.00;823
12472;47;5127956;12472;673;13976;14798;3.84;0.24;418.36;27.83;1504;80;5070.00;822
12472;47;5127975;12472;667;13977;14799;3.91;0.24;418.36;27.83;1505;80;5071.00;822
12476;47;5128000;12476;671;13978;14799;3.96;0.24;418.49;27.83;1502;80;5072.00;821
12478;47;5128018;12478;681;13978;14799;4.01;0.25;418.58;27.83;1500;80;5073.00;821
12479;47;5128035;12479;685;13979;14799;4.05;0.25;418.63;27.83;1500;80;5074.00;820
12483;47;5128052;12483;689;13979;14799;4.03;0.25;418.64;27.83;1496;80;5075.00;820
12485;47;5128069;12485;694;13989;14811;4.05;0.25;418.71;27.83;1504;80;5076.00;822
12485;47;5128091;12485;698;13990;14811;4.06;0.25;418.71;27.83;1505;80;5077.00;821
12487;47;5128109;12487;700;13991;14811;4.07;0.25;418.66;27.83;1504;80;5078.00;820
12487;47;5128126;12487;703;13992;14811;4.08;0.25;418.66;27.83;1505;80;5079.00;819
12489;47;5128149;12489;713;13992;14811;4.06;0.25;418.63;27.83;1503;80;5080.00;819
12490;47;5128166;12490;715;13993;14811;4.02;0.25;418.60;27.83;1503;80;5081.00;818
12492;47;5128182;12492;724;13996;14815;3.98;0.24;418.54;27.83;1504;80;5082.00;819
12495;47;5128199;12495;727;13998;14815;3.95;0.24;418.52;27.83;1503;80;5083.00;817
12498;47;5128214;12498;725;14001;14819;3.95;0.24;418.50;27.82;1503;80;5084.00;818
12501;47;5128232;12501;724;14002;14821;3.90;0.24;418.45;27.82;1501;80;5085.00;819
12503;47;5128248;12503;727;14002;14821;3.88;0.24;418.49;27.82;1499;80;5086.00;819
12505;47;5128264;12505;734;14002;14821;3.87;0.24;418.46;27.82;1497;80;5087.00;819
12508;47;5128281;12508;739;14012;14834;3.83;0.23;418.47;27.80;1504;80;5088.00;822
12509;47;5128297;12509;732;14012;14834;3.84;0.24;418.51;27.80;1503;80;5089.00;822
12513;47;5128314;12513;729;14012;14834;3.81;0.23;418.65;27.80;1499;80;5090.00;822
12513;47;5128330;12513;728;14013;14835;3.85;0.24;418.65;27.80;1500;80;5091.00;822
12515;47;5128347;12515;726;14013;14836;3.86;0.24;418.64;27.80;1498;80;5092.00;823
12516;47;5128363;12516;725;14013;14836;3.89;0.24;418.67;27.80;1497;81;5093.00;823
12520;47;5128383;12520;724;14013;14839;3.90;0.24;418.67;27.80;1493;81;5094.00;826
12521;47;5128405;12521;733;14013;14839;3.93;0.24;418.65;27.80;1492;81;5095.00;826
12521;47;5128422;12521;725;14013;14839;3.96;0.24;418.65;27.80;1492;81;5096.00;826
12522;47;5128437;12522;721;14013;14839;4.00;0.25;418.66;27.80;1491;81;5097.00;826
12525;47;5128453;12525;721;14016;14845;4.02;0.25;418.86;27.79;1491;81;5098.00;829
12529;47;5128470;12529;712;14016;14845;4.04;0.25;418.81;27.79;1487;81;5099.00;829
12532;47;5128498;12532;719;14021;14864;4.05;0.25;418.89;27.78;1489;81;5100.00;843
12535;47;5128520;12535;704;14021;14864;4.05;0.25;418.90;27.78;1486;81;5101.00;843
12537;47;5128537;12537;698;14024;14868;4.06;0.25;418.98;27.78;1487;81;5102.00;844
12542;47;5128552;12542;694;14024;14869;4.06;0.25;419.06;27.78;1482;81;5103.00;845
12545;47;5128568;12545;695;14024;14869;4.06;0.25;419.04;27.78;1479;81;5104.00;845
12547;47;5128584;12547;688;14024;14870;4.06;0.25;419.03;27.78;1477;81;5105.00;846
12548;47;5128598;12548;687;14027;14870;4.10;0.25;419.02;27.77;1479;81;5106.00;843
12550;47;5128613;12550;691;14027;14870;4.09;0.25;419.01;27.77;1477;81;5107.00;843
12552;47;5128628;12552;696;14027;14870;4.09;0.25;419.01;27.77;1475;81;5108.00;843
12553;47;5128642;12553;686;14027;14870;4.12;0.25;419.04;27.77;1474;81;5109.00;843
12556;47;5128657;12556;684;14027;14870;4.12;0.25;419.05;27.77;1471;81;5110.00;843
12559;47;5128671;12559;685;14029;14870;4.10;0.25;419.10;27.77;1470;81;5111.00;841
12562;47;5128686;12562;693;14061;14940;4.17;0.25;419.11;27.71;1499;81;5112.00;879
12565;47;5128706;12565;686;14063;14941;4.16;0.25;419.08;27.70;1498;81;5113.00;878
12567;47;5128721;12567;676;14065;14941;4.16;0.25;419.18;27.70;1498;81;5114.00;876
12569;47;5128735;12569;661;14065;14941;4.17;0.25;419.15;27.70;1496;81;5115.00;876
12572;47;5128750;12572;653;14065;14941;4.17;0.26;419.19;27.70;1493;81;5116.00;876
12577;47;5128765;12577;654;14067;14941;4.14;0.25;419.38;27.70;1490;81;5117.00;874
12579;47;5128780;12579;648;14067;14941;4.17;0.25;419.34;27.70;1488;81;5118.00;874
12581;47;5128795;12581;646;14068;14941;4.17;0.26;419.35;27.70;1487;81;5119.00;873
12583;47;5128811;12583;638;14068;14942;4.22;0.26;419.31;27.70;1485;81;5120.00;874
12585;47;5128826;12585;635;14068;14943;4.25;0.26;419.31;27.70;1483;81;5121.00;875
12588;47;5128847;12588;634;14069;14943;4.29;0.26;419.42;27.70;1481;81;5122.00;874
12590;47;5128862;12590;630;14071;14947;4.33;0.27;419.44;27.69;1481;81;5123.00;876
12594;47;5128878;12594;631;14071;14947;4.33;0.27;419.53;27.69;1477;81;5124.00;876
12597;47;5128912;12597;623;14072;14947;4.33;0.27;419.66;27.69;1475;81;5125.00;875
12601;47;5128931;12601;626;14073;14947;4.38;0.27;419.65;27.69;1472;81;5126.00;874
12604;47;5128947;12604;620;14076;14953;4.40;0.27;419.71;27.69;1472;81;5127.00;877
12607;47;5128963;12607;622;14077;14953;4.43;0.27;419.81;27.69;1470;81;5128.00;876
12609;47;5128979;12609;626;14077;14953;4.50;0.28;419.92;27.69;1468;81;5129.00;876
12620;47;5128996;12620;625;14079;14959;4.48;0.27;420.18;27.69;1459;81;5130.00;880
12621;47;5129014;12621;617;14082;14959;4.54;0.28;420.18;27.68;1461;81;5131.00;877
12628;47;5129032;12628;614;14084;14959;4.56;0.28;420.30;27.68;1456;81;5132.00;875
12632;47;5129048;12632;608;14085;14960;4.57;0.28;420.33;27.68;1453;81;5133.00;875
12635;47;5129064;12635;611;14085;14961;4.59;0.28;420.33;27.68;1450;81;5134.00;876
12640;47;5129080;12640;609;14085;14961;4.55;0.28;420.35;27.68;1445;81;5135.00;876
12643;47;5129095;12643;605;14097;14974;4.53;0.28;420.34;27.67;1454;81;5136.00;877
12649;47;5129113;12649;596;14098;14974;4.47;0.27;420.49;27.67;1449;81;5137.00;876
12656;47;5129128;12656;597;14099;14974;4.41;0.27;420.49;27.67;1443;81;5138.00;875
12657;47;5129144;12657;597;14100;14975;4.45;0.27;420.60;27.67;1443;81;5139.00;875
12661;47;5129161;12661;592;14101;14975;4.47;0.27;420.67;27.67;1440;81;5140.00;874
12664;47;5129177;12664;588;14102;14979;4.45;0.27;420.71;27.66;1438;81;5141.00;877
12665;47;5129192;12665;588;14104;14979;4.53;0.28;420.73;27.66;1439;81;5142.00;875
12671;47;5129207;12671;582;14108;14983;4.52;0.28;420.94;27.66;1437;81;5143.00;875
12676;47;5129222;12676;578;14112;14983;4.53;0.28;420.99;27.79;1436;81;5144.00;871
12679;47;5129239;12679;578;14114;14983;4.56;0.28;420.98;27.79;1435;81;5145.00;869
12682;47;5129255;12682;570;14114;14983;4.56;0.28;420.97;27.79;1432;81;5146.00;869
12685;47;5129270;12685;567;14115;14983;4.57;0.28;420.94;27.79;1430;81;5147.00;868
12689;47;5129285;12689;565;14122;14995;4.57;0.28;421.07;27.78;1433;81;5148.00;873
12693;47;5129301;12693;571;14122;14995;4.60;0.28;421.29;27.78;1429;81;5149.00;873
12696;47;5129317;12696;580;14123;14995;4.60;0.28;421.32;27.78;1427;81;5150.00;872
12699;47;5129332;12699;579;14125;14995;4.57;0.28;421.27;27.78;1426;81;5151.00;870
12706;47;5129347;12706;577;14127;14995;4.52;0.28;421.45;27.81;1421;81;5152.00;868
12708;47;5129362;12708;585;14127;14995;4.51;0.28;421.49;27.81;1419;81;5153.00;868
12709;47;5129377;12709;584;14128;14996;4.47;0.27;421.50;27.81;1419;81;5154.00;868
12712;47;5129392;12712;597;14132;14998;4.44;0.27;421.53;27.80;1420;81;5155.00;866
12714;47;5129407;12714;591;14137;15004;4.39;0.27;421.53;27.85;1423;81;5156.00;867
12718;47;5129423;12718;594;14139;15005;4.34;0.27;421.50;27.85;1421;81;5157.00;866
12723;47;5129438;12723;604;14141;15005;4.26;0.26;421.60;28.01;1418;81;5158.00;864
12727;47;5129453;12727;620;14142;15005;4.20;0.26;421.82;28.04;1415;81;5159.00;863
12729;47;5129470;12729;626;14146;15010;4.18;0.26;421.76;28.06;1417;81;5160.00;864
12731;47;5129486;12731;645;14147;15010;4.15;0.25;421.88;28.09;1416;81;5161.00;863
12734;47;5129501;12734;626;14150;15010;4.09;0.25;421.99;28.11;1416;81;5162.00;860
12735;47;5129516;12735;628;14152;15011;4.09;0.25;422.10;28.14;1417;81;5163.00;859
12736;47;5129531;12736;630;14158;15015;4.11;0.25;422.12;28.18;1422;81;5164.00;857
12739;47;5129545;12739;632;14158;15015;4.11;0.25;422.08;28.18;1419;81;5165.00;857
12741;47;5129563;12741;638;14161;15018;4.14;0.25;422.26;28.21;1420;81;5166.00;857
12745;47;5129578;12745;637;14163;15018;4.16;0.25;422.40;28.23;1418;81;5167.00;855
12749;47;5129599;12749;635;14163;15018;4.19;0.26;422.44;28.23;1414;81;5168.00;855
12751;47;5129614;12751;631;14165;15018;4.24;0.26;422.59;28.29;1414;81;5169.00;853
12753;47;5129630;12753;641;14169;15022;4.24;0.26;422.57;28.31;1416;81;5170.00;853
12755;47;5129646;12755;625;14170;15022;4.27;0.26;422.55;28.33;1415;81;5171.00;852
12761;47;5129661;12761;621;14171;15022;4.23;0.26;422.56;28.36;1410;81;5172.00;851
12762;47;5129678;12762;618;14173;15022;4.24;0.26;422.55;28.52;1411;81;5173.00;849
12764;47;5129693;12764;615;14173;15023;4.24;0.26;422.63;28.52;1409;81;5174.00;850
12766;47;5129710;12766;622;14174;15025;4.22;0.26;422.63;28.52;1408;81;5175.00;851
12770;47;5129725;12770;624;14175;15025;4.21;0.26;422.67;28.55;1405;81;5176.00;850
12772;47;5129741;12772;616;14178;15026;4.21;0.26;422.86;28.71;1406;81;5177.00;848
12774;47;5129757;12774;612;14179;15026;4.21;0.26;422.92;28.74;1405;81;5178.00;847
12775;47;5129773;12775;612;14180;15026;4.25;0.26;422.95;28.77;1405;81;5179.00;846
12779;47;5129788;12779;625;14181;15026;4.24;0.26;422.92;28.79;1402;81;5180.00;845
12780;47;5129804;12780;635;14183;15026;4.23;0.26;422.89;28.85;1403;81;5181.00;843
12783;47;5129824;12783;629;14183;15026;4.22;0.26;422.98;28.85;1400;81;5182.00;843
12784;47;5129839;12784;629;14184;15026;4.19;0.25;422.97;28.87;1400;81;5183.00;842
12787;47;5129855;12787;653;14250;15153;4.35;0.27;422.91;28.77;1463;81;5184.00;903
12788;47;5129881;12788;646;14253;15154;4.34;0.27;422.89;28.79;1465;81;5185.00;901
12790;47;5129896;12790;631;14262;15154;4.39;0.27;422.85;28.83;1472;81;5186.00;892
12793;47;5129912;12793;629;14265;15154;4.39;0.27;422.86;28.82;1472;81;5187.00;889
12794;47;5129928;12794;640;14268;15154;4.43;0.27;422.93;28.84;1474;81;5188.00;886
12797;47;5129944;12797;643;14271;15154;4.41;0.27;422.92;28.86;1474;81;5189.00;883
12799;47;5129961;12799;649;14273;15154;4.44;0.27;422.95;28.89;1474;81;5190.00;881
12802;47;5129983;12802;649;14276;15154;4.42;0.27;422.92;28.91;1474;81;5191.00;878
12803;47;5130004;12803;650;14278;15155;4.35;0.27;422.92;28.93;1475;81;5192.00;877
12804;47;5130021;12804;663;14280;15156;4.25;0.26;422.89;28.96;1476;81;5193.00;876
12806;47;5130037;12806;663;14282;15156;4.17;0.26;422.86;28.98;1476;81;5194.00;874
12806;47;5130053;12806;681;14284;15157;4.10;0.25;422.86;29.00;1478;81;5195.00;873
12807;47;5130068;12807;688;14286;15157;4.08;0.25;422.83;29.02;1479;81;5196.00;871
12809;47;5130084;12809;695;14288;15157;4.07;0.25;422.82;29.05;1479;81;5197.00;869
12812;47;5130099;12812;705;14291;15157;4.05;0.25;422.81;29.09;1479;81;5198.00;866
12812;47;5130115;12812;701;14294;15161;4.02;0.25;422.81;29.09;1482;81;5199.00;867
12816;47;5130131;12816;717;14297;15161;3.98;0.24;422.98;29.14;1481;81;5200.00;864
12818;47;5130155;12818;727;14299;15161;3.95;0.24;422.97;29.14;1481;81;5201.00;862
12818;47;5130172;12818;724;14301;15164;3.96;0.24;422.97;29.16;1483;81;5202.00;863
12818;47;5130189;12818;723;14303;15164;3.97;0.24;422.97;29.18;1485;81;5203.00;861
12820;47;5130207;12820;732;14304;15164;3.94;0.24;423.05;29.18;1484;81;5204.00;860
12821;47;5130223;12821;722;14311;15168;3.92;0.24;423.03;29.24;1490;81;5205.00;857
12824;47;5130241;12824;725;14312;15169;3.88;0.24;423.04;29.24;1488;81;5206.00;857
12827;47;5130259;12827;731;14313;15169;3.80;0.23;422.99;29.27;1486;81;5207.00;856
12830;47;5130277;12830;727;14317;15173;3.69;0.23;422.94;29.28;1487;81;5208.00;856
12832;47;5130294;12832;724;14319;15173;3.65;0.22;422.98;29.33;1487;81;5209.00;854
12833;47;5130312;12833;723;14319;15173;3.65;0.22;422.98;29.33;1486;81;5210.00;854
12837;47;5130328;12837;722;14321;15174;3.66;0.22;422.99;29.37;1484;81;5211.00;853
12839;47;5130345;12839;698;14321;15174;3.66;0.22;423.10;29.37;1482;81;5212.00;853
12841;47;5130362;12841;678;14326;15180;3.72;0.23;423.12;29.39;1485;81;5213.00;854
12843;47;5130379;12843;674;14327;15180;3.81;0.23;423.13;29.41;1484;81;5214.00;853
12844;47;5130397;12844;666;14328;15180;3.86;0.24;423.10;29.43;1484;81;5215.00;852
12847;47;5130414;12847;657;14328;15181;3.92;0.24;423.08;29.43;1481;81;5216.00;853
12852;47;5130431;12852;652;14328;15181;3.93;0.24;423.03;29.43;1476;81;5217.00;853
12854;48;5130448;12854;658;14329;15181;3.97;0.24;423.03;29.45;1475;82;5218.00;852
12855;48;5130478;12855;650;14330;15181;4.07;0.25;423.01;29.47;1475;82;5219.00;851
12858;48;5130497;12858;658;14351;15217;4.18;0.26;422.95;29.43;1493;82;5220.00;866
12860;48;5130524;12860;653;14353;15217;4.21;0.26;423.00;29.45;1493;82;5221.00;864
12862;48;5130543;12862;651;14357;15217;4.29;0.26;423.02;29.44;1495;83;5222.00;860
12862;48;5130580;12862;647;14359;15217;4.39;0.27;423.02;29.61;1497;83;5223.00;858
12865;48;5130598;12865;647;14362;15217;4.42;0.27;422.98;29.77;1497;83;5224.00;855
12868;48;5130622;12868;646;14363;15217;4.48;0.27;422.96;29.79;1495;83;5225.00;854
12872;48;5130641;12872;644;14367;15221;4.53;0.27;422.95;29.78;1495;83;5226.00;854
12873;48;5130660;12873;649;14369;15221;4.53;0.27;422.92;29.80;1496;83;5227.00;852
12874;48;5130678;12874;641;14372;15225;4.57;0.28;423.01;29.79;1498;83;5228.00;853
12875;48;5130696;12875;636;14373;15226;4.62;0.28;423.05;29.82;1498;83;5229.00;853
12877;48;5130714;12877;631;14373;15226;4.63;0.28;423.03;29.82;1496;83;5230.00;853
12877;48;5130731;12877;634;14374;15226;4.67;0.28;423.03;29.84;1497;83;5231.00;852
12880;48;5130748;12880;636;14384;15239;4.63;0.28;423.09;29.82;1504;83;5232.00;855
12881;48;5130768;12881;634;14385;15239;4.62;0.28;423.18;29.84;1504;83;5233.00;854
12882;48;5130786;12882;638;14387;15239;4.59;0.28;423.24;29.88;1505;83;5234.00;852
12886;48;5130803;12886;631;14389;15240;4.57;0.28;423.38;29.90;1503;83;5235.00;851
12889;48;5130820;12889;640;14389;15241;4.56;0.28;423.45;29.90;1500;83;5236.00;852
12891;48;5130838;12891;633;14389;15241;4.57;0.28;423.44;29.90;1498;83;5237.00;852
12894;48;5130855;12894;632;14391;15244;4.56;0.28;423.57;29.92;1497;83;5238.00;853
12897;48;5130873;12897;632;14391;15244;4.52;0.27;423.53;29.92;1494;83;5239.00;853
12898;48;5130891;12898;628;14391;15244;4.51;0.27;423.61;29.92;1493;83;5240.00;853
12902;48;5130908;12902;627;14391;15244;4.49;0.27;423.66;29.92;1489;83;5241.00;853
12902;48;5130925;12902;638;14395;15250;4.52;0.27;423.66;29.91;1493;83;5242.00;855
12905;48;5130942;12905;648;14395;15250;4.49;0.27;423.77;29.91;1490;83;5243.00;855
12906;48;5130960;12906;654;14395;15250;4.45;0.27;423.91;29.91;1489;83;5244.00;855
12910;48;5130978;12910;662;14395;15250;4.42;0.27;423.89;29.91;1485;83;5245.00;855
12911;48;5130995;12911;667;14398;15254;4.39;0.27;423.88;29.90;1487;83;5246.00;856
12911;48;5131013;12911;663;14398;15255;4.34;0.26;423.88;29.90;1487;83;5247.00;857
12912;48;5131037;12912;660;14398;15255;4.34;0.26;423.90;29.90;1486;83;5248.00;857
12913;48;5131053;12913;664;14399;15256;4.32;0.26;423.87;29.90;1486;83;5249.00;857
12914;48;5131071;12914;665;14399;15256;4.31;0.26;423.86;29.90;1485;83;5250.00;857
12916;48;5131089;12916;669;14399;15256;4.27;0.26;423.86;29.90;1483;83;5251.00;857
12919;48;5131106;12919;673;14399;15256;4.26;0.26;423.83;29.90;1480;83;5252.00;857
12922;48;5131123;12922;673;14399;15256;4.26;0.26;423.81;29.90;1477;83;5253.00;857
12923;48;5131140;12923;670;14399;15256;4.27;0.26;423.83;29.90;1476;83;5254.00;857
12923;48;5131157;12923;671;14399;15256;4.27;0.26;423.83;29.90;1476;83;5255.00;857
12925;48;5131173;12925;681;14436;15326;4.30;0.26;423.81;29.83;1511;83;5256.00;890
12928;48;5131196;12928;676;14438;15327;4.29;0.26;423.89;29.82;1510;83;5257.00;889
12931;48;5131215;12931;679;14441;15327;4.29;0.26;423.95;29.82;1510;83;5258.00;886
12931;48;5131238;12931;678;14442;15327;4.30;0.26;423.95;29.81;1511;83;5259.00;885
12934;48;5131258;12934;678;14442;15327;4.30;0.26;423.94;29.81;1508;83;5260.00;885
12935;48;5131278;12935;678;14442;15327;4.35;0.27;423.98;29.81;1507;83;5261.00;885
12939;48;5131298;12939;681;14442;15327;4.35;0.26;423.96;29.81;1503;83;5262.00;885
12940;48;5131324;12940;690;14442;15327;4.40;0.27;423.93;29.81;1502;84;5263.00;885
12942;48;5131350;12942;678;14442;15328;4.40;0.27;423.90;29.81;1500;84;5264.00;886
12946;48;5131375;12946;677;14443;15330;4.36;0.26;423.92;29.81;1497;84;5265.00;887
12949;48;5131399;12949;674;14443;15330;4.33;0.26;424.02;29.81;1494;84;5266.00;887
12951;48;5131417;12951;667;14446;15334;4.35;0.26;424.01;29.81;1495;84;5267.00;888
12954;48;5131435;12954;675;14446;15334;4.32;0.26;423.98;29.81;1492;84;5268.00;888
12956;48;5131455;12956;664;14446;15334;4.35;0.26;423.98;29.81;1490;84;5269.00;888
12958;48;5131475;12958;664;14446;15334;4.34;0.26;424.00;29.81;1488;84;5270.00;888
12960;48;5131493;12960;663;14448;15340;4.38;0.27;424.07;29.80;1488;84;5271.00;892
12962;48;5131514;12962;674;14448;15340;4.36;0.27;424.10;29.80;1486;84;5272.00;892
12965;48;5131538;12965;673;14448;15340;4.35;0.26;424.11;29.80;1483;84;5273.00;892
12965;48;5131555;12965;672;14449;15343;4.38;0.27;424.11;29.80;1484;84;5274.00;894
12969;48;5131573;12969;675;14449;15343;4.36;0.27;424.12;29.80;1480;84;5275.00;894
12971;48;5131591;12971;678;14449;15343;4.34;0.27;424.13;29.80;1478;84;5276.00;894
12978;48;5131610;12978;689;14451;15344;4.24;0.26;424.17;29.80;1473;84;5277.00;893
12979;48;5131628;12979;687;14451;15345;4.19;0.26;424.18;29.80;1472;84;5278.00;894
12981;48;5131645;12981;687;14451;15345;4.17;0.25;424.15;29.80;1470;84;5279.00;894
12984;48;5131662;12984;680;14468;15371;4.14;0.25;424.11;29.77;1484;84;5280.00;903
12990;48;5131682;12990;685;14470;15371;4.16;0.25;424.19;29.76;1480;84;5281.00;901
12993;48;5131705;12993;667;14472;15371;4.19;0.26;424.14;29.76;1479;84;5282.00;899
12996;48;5131722;12996;668;14474;15372;4.22;0.26;424.20;29.76;1478;84;5283.00;898
12998;48;5131740;12998;669;14474;15372;4.24;0.26;424.29;29.76;1476;84;5284.00;898
13001;48;5131758;13001;668;14476;15376;4.28;0.26;424.35;29.76;1475;84;5285.00;900
13005;48;5131775;13005;672;14478;15376;4.30;0.26;424.39;29.76;1473;84;5286.00;898
13007;48;5131793;13007;664;14481;15379;4.33;0.26;424.44;29.75;1474;84;5287.00;898
13014;48;5131812;13014;668;14482;15380;4.32;0.26;424.44;29.78;1468;84;5288.00;898
13019;48;5131830;13019;658;14483;15380;4.30;0.26;424.58;29.78;1464;84;5289.00;897
13019;48;5131848;13019;651;14484;15380;4.32;0.26;424.58;29.78;1465;84;5290.00;896
13023;48;5131866;13023;645;14484;15380;4.30;0.26;424.60;29.78;1461;84;5291.00;896
13027;48;5131894;13027;652;14491;15392;4.31;0.26;424.73;29.77;1464;84;5292.00;901
13028;48;5131913;13028;654;14492;15392;4.35;0.27;424.71;29.77;1464;84;5293.00;900
13032;48;5131932;13032;660;14493;15392;4.37;0.27;424.88;29.76;1461;84;5294.00;899
13035;48;5131950;13035;655;14493;15392;4.38;0.27;424.85;29.76;1458;84;5295.00;899
13039;48;5131968;13039;651;14496;15392;4.33;0.26;424.91;29.76;1457;84;5296.00;896
13044;48;5131988;13044;647;14497;15392;4.27;0.26;424.93;29.76;1453;84;5297.00;895
13048;48;5132007;13048;641;14497;15393;4.24;0.26;425.00;29.76;1449;84;5298.00;896
13057;48;5132037;13057;645;14498;15393;4.18;0.25;425.18;29.76;1441;84;5299.00;895
13063;48;5132076;13063;641;14500;15399;4.14;0.25;425.19;29.76;1437;84;5300.00;899
13064;48;5132113;13064;636;14502;15400;4.15;0.25;425.16;29.78;1438;84;5301.00;898
13069;48;5132151;13069;641;14502;15400;4.13;0.25;425.23;29.78;1433;84;5302.00;898
13071;48;5132193;13071;636;14505;15400;4.14;0.25;425.24;29.78;1434;84;5303.00;895
13074;48;5132228;13074;632;14508;15404;4.17;0.25;425.24;29.77;1434;84;5304.00;896
13077;48;5132268;13077;637;14508;15404;4.18;0.25;425.25;29.77;1431;84;5305.00;896
13080;48;5132298;13080;634;14508;15404;4.18;0.25;425.36;29.77;1428;84;5306.00;896
13084;48;5132325;13084;638;14510;15405;4.15;0.25;425.42;29.77;1426;84;5307.00;895
13090;48;5132355;13090;650;14513;15409;4.10;0.25;425.40;29.76;1423;84;5308.00;896
13091;48;5132378;13091;650;14513;15409;4.06;0.25;425.40;29.76;1422;84;5309.00;896
13096;48;5132404;13096;662;14517;15415;4.00;0.24;425.43;29.78;1421;84;5310.00;898
13101;48;5132432;13101;669;14517;15415;3.92;0.24;425.57;29.78;1416;84;5311.00;898
13106;48;5132454;13106;680;14517;15415;3.84;0.23;425.54;29.78;1411;84;5312.00;898
13110;48;5132478;13110;674;14517;15415;3.77;0.23;425.73;29.78;1407;84;5313.00;898
13113;48;5132500;13113;670;14519;15419;3.72;0.22;425.81;29.78;1406;84;5314.00;900
13116;48;5132522;13116;674;14519;15419;3.69;0.22;425.93;29.78;1403;84;5315.00;900
13120;48;5132540;13120;678;14519;15419;3.64;0.22;426.07;29.78;1399;84;5316.00;900
13121;48;5132559;13121;678;14519;15419;3.61;0.22;426.10;29.78;1398;84;5317.00;900
13123;48;5132581;13123;681;14521;15420;3.60;0.22;426.08;29.81;1398;84;5318.00;899
13125;48;5132603;13125;680;14521;15421;3.59;0.22;426.11;29.81;1396;84;5319.00;900
13126;48;5132623;13126;686;14522;15421;3.60;0.22;426.14;29.83;1396;84;5320.00;899
13128;48;5132642;13128;687;14524;15422;3.63;0.22;426.23;29.86;1396;84;5321.00;898
13131;48;5132659;13131;690;14525;15422;3.62;0.22;426.24;29.86;1394;84;5322.00;897
13135;48;5132676;13135;693;14527;15422;3.64;0.22;426.22;29.91;1392;84;5323.00;895
13136;48;5132692;13136;697;14527;15422;3.64;0.22;426.22;29.91;1391;84;5324.00;895
13141;48;5132709;13141;700;14529;15422;3.57;0.22;426.23;29.94;1388;84;5325.00;893
13142;48;5132727;13142;708;14529;15422;3.56;0.22;426.22;29.94;1387;84;5326.00;893
13143;48;5132744;13143;707;14531;15422;3.53;0.22;426.21;29.99;1388;84;5327.00;891
13145;48;5132760;13145;721;14592;15549;3.86;0.24;426.23;29.87;1447;84;5328.00;957
13149;48;5132787;13149;716;14596;15550;3.84;0.24;426.33;29.86;1447;84;5329.00;954
13149;48;5132805;13149;712;14605;15550;3.87;0.24;426.33;29.90;1456;84;5330.00;945
13152;48;5132820;13152;715;14609;15550;3.82;0.24;426.29;29.89;1457;84;5331.00;941
13154;48;5132836;13154;714;14612;15550;3.84;0.24;426.33;29.92;1458;84;5332.00;938
13157;48;5132851;13157;713;14617;15550;3.83;0.24;426.41;29.93;1460;84;5333.00;933
13160;48;5132867;13160;718;14620;15550;3.83;0.24;426.39;29.93;1460;84;5334.00;930
13163;48;5132883;13163;721;14622;15550;3.78;0.23;426.35;29.95;1459;84;5335.00;928
13166;48;5132904;13166;710;14625;15551;3.75;0.23;426.31;30.00;1459;84;5336.00;926
13169;48;5132921;13169;710;14626;15552;3.71;0.23;426.33;30.00;1457;84;5337.00;926
13171;48;5132937;13171;717;14628;15552;3.67;0.23;426.32;30.03;1457;84;5338.00;924
13172;48;5132953;13172;714;14631;15553;3.68;0.23;426.32;30.05;1459;84;5339.00;922
13175;48;5132970;13175;712;14633;15553;3.69;0.23;426.29;30.07;1458;84;5340.00;920
13176;48;5132989;13176;714;14635;15553;3.68;0.23;426.26;30.10;1459;84;5341.00;918
13178;48;5133008;13178;726;14636;15553;3.65;0.22;426.23;30.10;1458;84;5342.00;917
13178;48;5133035;13178;725;14643;15557;3.69;0.23;426.23;30.56;1465;85;5343.00;914
13178;48;5133068;13178;725;14646;15557;3.71;0.23;426.23;30.58;1468;85;5344.00;911
13179;48;5133084;13179;740;14648;15557;3.75;0.23;426.21;30.60;1469;85;5345.00;909
13180;48;5133101;13180;744;14649;15560;3.78;0.23;426.18;30.60;1469;85;5346.00;911
13184;48;5133118;13184;756;14649;15560;3.79;0.23;426.33;30.60;1465;85;5347.00;911
13187;48;5133140;13187;755;14650;15560;3.81;0.23;426.29;30.62;1463;85;5348.00;910
13190;48;5133158;13190;749;14654;15564;3.80;0.23;426.29;30.64;1464;85;5349.00;910
13193;48;5133175;13193;762;14657;15565;3.80;0.23;426.26;30.69;1464;85;5350.00;908
13197;48;5133193;13197;769;14659;15565;3.78;0.23;426.19;30.74;1462;85;5351.00;906
13197;48;5133209;13197;773;14663;15569;3.79;0.23;426.19;30.75;1466;85;5352.00;906
13198;48;5133228;13198;772;14663;15569;3.77;0.23;426.16;30.75;1465;85;5353.00;906
13199;48;5133252;13199;771;14665;15569;3.75;0.23;426.18;30.80;1466;85;5354.00;904
13199;48;5133273;13199;765;14666;15571;3.73;0.23;426.18;30.80;1467;85;5355.00;905
13201;48;5133294;13201;767;14667;15571;3.71;0.23;426.13;30.83;1466;85;5356.00;904
13203;48;5133310;13203;771;14672;15577;3.71;0.23;426.10;30.84;1469;85;5357.00;905
13204;48;5133328;13204;776;14674;15577;3.69;0.22;426.13;30.89;1470;85;5358.00;903
13205;48;5133349;13205;763;14676;15577;3.69;0.22;426.12;30.94;1471;85;5359.00;901
13207;48;5133366;13207;752;14677;15578;3.71;0.23;426.19;30.96;1470;85;5360.00;901
13208;48;5133383;13208;746;14678;15578;3.71;0.23;426.20;30.98;1470;85;5361.00;900
13213;48;5133401;13213;736;14679;15578;3.70;0.22;426.16;31.01;1466;85;5362.00;899
13213;48;5133418;13213;737;14679;15578;3.76;0.23;426.16;31.01;1466;85;5363.00;899
13213;48;5133434;13213;731;14689;15590;3.86;0.23;426.16;31.01;1476;85;5364.00;901
13214;48;5133452;13214;725;14690;15590;3.91;0.24;426.16;31.03;1476;85;5365.00;900
13214;48;5133474;13214;722;14692;15590;3.97;0.24;426.16;31.08;1478;85;5366.00;898
13216;48;5133500;13216;716;14693;15590;3.99;0.24;426.16;31.10;1477;85;5367.00;897
13216;48;5133517;13216;703;14693;15590;4.04;0.24;426.16;31.10;1477;85;5368.00;897
13217;48;5133539;13217;701;14693;15590;4.04;0.25;426.15;31.10;1476;85;5369.00;897
13219;48;5133559;13219;689;14696;15594;4.09;0.25;426.19;31.09;1477;85;5370.00;898
13221;49;5133586;13221;688;14697;15594;4.13;0.25;426.18;31.11;1476;86;5371.00;897
13222;49;5133610;13222;682;14702;15598;4.19;0.25;426.17;31.15;1480;86;5372.00;896
13222;49;5133629;13222;666;14703;15599;4.22;0.26;426.17;31.17;1481;86;5373.00;896
13222;49;5133648;13222;660;14705;15599;4.28;0.26;426.17;31.21;1483;86;5374.00;894
13224;49;5133671;13224;648;14705;15599;4.32;0.26;426.14;31.21;1481;86;5375.00;894
13225;49;5133689;13225;642;14717;15612;4.37;0.27;426.23;31.23;1492;86;5376.00;895
13225;49;5133707;13225;626;14719;15612;4.42;0.27;426.23;31.28;1494;86;5377.00;893
13226;49;5133725;13226;619;14721;15612;4.50;0.27;426.24;31.32;1495;86;5378.00;891
13229;49;5133741;13229;614;14722;15613;4.56;0.28;426.24;31.32;1493;86;5379.00;891
13232;49;5133761;13232;615;14722;15614;4.63;0.28;426.28;31.32;1490;86;5380.00;892
13235;49;5133778;13235;609;14723;15614;4.71;0.29;426.38;31.34;1488;86;5381.00;891
13239;49;5133794;13239;598;14725;15617;4.74;0.29;426.51;31.36;1486;86;5382.00;892
13242;49;5133812;13242;599;14726;15617;4.81;0.29;426.57;31.38;1484;86;5383.00;891
13246;49;5133829;13246;588;14727;15617;4.84;0.29;426.64;31.40;1481;87;5384.00;890
13251;49;5133851;13251;578;14729;15617;4.81;0.29;426.68;31.57;1478;87;5385.00;888
13254;49;5133872;13254;575;14733;15623;4.84;0.30;426.69;31.56;1479;87;5386.00;890
13259;49;5133900;13259;571;14735;15623;4.82;0.29;426.67;31.60;1476;87;5387.00;888
13264;49;5133920;13264;564;14735;15623;4.78;0.29;426.71;31.60;1471;87;5388.00;888
13271;49;5133941;13271;565;14737;15623;4.73;0.29;426.82;31.64;1466;87;5389.00;886
13273;49;5133965;13273;573;14740;15627;4.71;0.29;426.85;31.64;1467;87;5390.00;887
13275;49;5133983;13275;579;14740;15628;4.67;0.28;427.00;31.64;1465;87;5391.00;888
13277;49;5134001;13277;576;14741;15628;4.64;0.28;427.05;31.66;1464;87;5392.00;887
13279;49;5134018;13279;581;14743;15629;4.62;0.28;427.09;31.68;1464;87;5393.00;886
13281;49;5134037;13281;589;14743;15629;4.63;0.28;427.17;31.68;1462;87;5394.00;886
13282;49;5134057;13282;585;14744;15629;4.63;0.28;427.24;31.70;1462;87;5395.00;885
13283;49;5134076;13283;586;14745;15629;4.64;0.28;427.24;31.72;1462;87;5396.00;884
13285;49;5134095;13285;588;14745;15629;4.63;0.28;427.47;31.72;1460;87;5397.00;884
13287;49;5134112;13287;585;14746;15629;4.61;0.28;427.43;31.75;1459;87;5398.00;883
13289;49;5134130;13289;589;14748;15629;4.60;0.28;427.48;31.79;1459;87;5399.00;881
