step_arrived;step_collisions;step_duration;step_ended;step_halting;step_inserted;step_loaded;step_meanSpeed;step_meanSpeedRelative;step_meanTravelTime;step_meanWaitingTime;step_running;step_teleports;step_time;step_waiting
0;0;5451335;0;1;88;245;16.08;1.13;-1.00;0.00;88;0;0.00;157
0;0;5451359;0;1;102;245;15.08;1.04;-1.00;0.14;102;0;1.00;143
0;0;5451360;0;1;123;245;14.40;0.98;-1.00;0.46;123;0;2.00;122
0;0;5451361;0;3;134;245;13.51;0.91;-1.00;0.66;134;0;3.00;111
0;0;5451362;0;4;148;245;12.47;0.84;-1.00;0.98;148;0;4.00;97
0;0;5451364;0;5;157;245;11.62;0.78;-1.00;1.21;157;0;5.00;88
0;0;5451365;0;7;169;245;10.77;0.72;-1.00;1.55;169;0;6.00;76
0;0;5451366;0;14;175;245;10.14;0.67;-1.00;1.74;175;0;7.00;70
0;0;5451368;0;19;185;246;9.55;0.63;-1.00;2.08;185;0;8.00;61
0;0;5451370;0;21;190;247;9.29;0.61;-1.00;2.26;190;0;9.00;57
0;0;5451372;0;24;197;247;9.14;0.60;-1.00;2.53;197;0;10.00;50
0;0;5451374;0;26;203;248;8.91;0.59;-1.00;2.73;203;0;11.00;45
1;0;5451376;1;31;210;248;8.71;0.57;12.00;3.04;209;0;12.00;38
2;0;5451378;2;35;214;248;8.52;0.55;12.50;3.23;212;0;13.00;34
2;0;5451380;2;38;216;248;8.52;0.55;12.50;3.33;214;0;14.00;32
2;0;5451383;2;48;224;252;8.33;0.54;12.50;3.62;222;0;15.00;28
2;0;5451386;2;49;225;252;8.29;0.53;12.50;3.68;223;0;16.00;27
2;0;5451388;2;55;229;252;8.21;0.52;12.50;3.91;227;0;17.00;23
2;0;5451391;2;58;231;255;8.12;0.52;12.50;4.03;229;0;18.00;24
2;0;5451394;2;66;232;255;8.17;0.52;12.50;4.09;230;0;19.00;23
3;0;5451396;3;69;236;255;8.11;0.51;15.00;4.20;233;0;20.00;19
5;0;5451399;5;75;242;259;8.11;0.51;17.20;4.29;237;0;21.00;17
6;0;5451402;6;79;244;260;8.05;0.51;18.00;4.34;238;0;22.00;16
6;0;5451405;6;82;246;260;8.17;0.51;18.00;4.50;240;0;23.00;14
6;0;5451409;6;84;248;264;8.24;0.52;18.00;4.46;242;0;24.00;16
6;0;5451414;6;85;250;264;8.36;0.52;18.00;4.43;244;0;25.00;14
6;0;5451417;6;88;250;264;8.34;0.52;18.00;4.43;244;0;26.00;14
7;0;5451419;7;93;251;265;8.30;0.52;19.29;4.52;244;0;27.00;14
7;0;5451422;7;93;252;265;8.23;0.51;19.29;4.56;245;0;28.00;13
7;0;5451425;7;92;257;271;8.14;0.51;19.29;4.49;250;0;29.00;14
8;0;5451430;8;94;258;271;7.98;0.50;20.25;4.59;250;0;30.00;13
8;0;5451433;8;97;259;272;7.94;0.49;20.25;4.58;251;0;31.00;13
9;0;5451436;9;100;260;272;7.85;0.49;21.56;4.61;251;0;32.00;12
10;0;5451439;10;104;260;272;7.78;0.48;22.70;4.61;250;0;33.00;12
10;0;5451442;10;106;261;272;7.80;0.48;22.70;4.72;251;0;34.00;11
11;0;5451445;11;113;261;272;7.75;0.48;23.27;4.72;250;0;35.00;11
11;0;5451448;11;115;272;284;7.92;0.49;23.27;4.67;261;0;36.00;12
12;0;5451451;12;116;272;284;7.77;0.48;24.00;4.67;260;0;37.00;12
12;0;5451454;12;118;272;284;7.71;0.48;24.00;4.67;260;0;38.00;12
12;0;5451457;12;120;274;284;7.62;0.47;24.00;4.92;262;0;39.00;10
12;0;5451459;12;124;274;284;7.60;0.47;24.00;4.92;262;0;40.00;10
14;0;5451462;14;127;275;284;7.45;0.46;25.71;4.95;261;0;41.00;9
14;0;5451465;14;127;280;288;7.50;0.47;25.71;5.02;266;0;42.00;8
16;0;5451468;16;130;280;288;7.29;0.45;26.38;5.02;264;0;43.00;8
17;0;5451471;17;134;284;292;7.16;0.45;27.00;5.08;267;0;44.00;8
18;0;5451474;18;136;286;294;6.99;0.43;28.00;5.14;268;0;45.00;8
19;0;5451477;19;137;286;294;6.88;0.43;28.84;5.14;267;0;46.00;8
19;0;5451479;19;139;287;294;6.89;0.43;28.84;5.20;268;0;47.00;7
19;0;5451482;19;144;297;307;7.21;0.45;28.84;5.06;278;0;48.00;10
19;0;5451486;19;150;299;307;7.23;0.45;28.84;5.07;280;0;49.00;8
20;0;5451488;20;149;300;307;7.12;0.44;29.05;5.07;280;0;50.00;7
20;0;5451491;20;148;302;308;7.16;0.44;29.05;5.07;282;0;51.00;6
20;0;5451495;20;148;304;309;7.19;0.45;29.05;5.05;284;0;52.00;5
22;0;5451498;22;149;304;309;7.13;0.44;29.55;5.05;282;0;53.00;5
22;0;5451502;22;150;306;312;7.20;0.45;29.55;5.02;284;0;54.00;6
24;0;5451505;24;151;306;312;7.10;0.44;30.67;5.02;282;0;55.00;6
24;0;5451508;24;141;307;312;7.06;0.44;30.67;5.01;283;0;56.00;5
25;0;5451511;25;137;307;312;7.00;0.43;31.72;5.01;282;0;57.00;5
26;0;5451514;26;139;312;318;7.01;0.43;32.73;4.95;286;0;58.00;6
26;0;5451518;26;138;312;318;7.04;0.43;32.73;4.95;286;0;59.00;6
27;0;5451525;27;142;312;318;7.06;0.43;33.59;4.95;285;0;60.00;6
27;0;5451528;27;142;312;318;7.16;0.44;33.59;4.95;285;0;61.00;6
27;0;5451531;27;145;316;322;7.23;0.44;33.59;4.90;289;0;62.00;6
29;0;5451535;29;146;317;323;7.34;0.45;34.17;4.88;288;0;63.00;6
29;0;5451538;29;148;317;323;7.53;0.46;34.17;4.88;288;0;64.00;6
30;0;5451543;30;151;318;324;7.62;0.47;35.20;4.87;288;0;65.00;6
31;0;5451546;31;152;318;324;7.65;0.47;36.03;4.87;287;0;66.00;6
31;0;5451550;31;142;318;324;7.78;0.48;36.03;4.87;287;0;67.00;6
32;0;5451555;32;138;318;324;7.90;0.48;36.78;4.87;286;0;68.00;6
34;0;5451560;34;134;318;324;7.97;0.49;38.53;4.87;284;0;69.00;6
35;0;5451564;35;129;318;324;8.07;0.49;39.43;4.87;283;0;70.00;6
35;0;5451570;35;127;318;324;8.28;0.50;39.43;4.87;283;0;71.00;6
36;0;5451573;36;132;352;394;8.42;0.52;40.33;4.40;316;0;72.00;42
36;1;5451582;36;124;353;395;8.52;0.52;40.33;4.39;317;1;73.00;42
36;1;5451595;36;119;360;395;8.84;0.54;40.33;4.34;324;1;74.00;35
36;1;5451598;36;117;364;395;9.09;0.56;40.33;4.33;328;1;75.00;31
36;1;5451602;36;117;366;395;9.24;0.57;40.33;4.33;330;1;76.00;29
36;1;5451612;36;117;368;395;9.37;0.57;40.33;4.33;332;1;77.00;27
36;1;5451616;36;120;370;395;9.48;0.58;40.33;4.34;334;1;78.00;25
37;1;5451626;37;120;372;395;9.53;0.58;40.95;4.35;335;1;79.00;23
39;1;5451630;39;120;374;396;9.46;0.58;42.82;4.37;335;1;80.00;22
39;1;5451634;39;119;376;397;9.42;0.57;42.82;4.40;337;1;81.00;21
40;1;5451637;40;126;379;397;9.41;0.57;43.80;4.42;339;1;82.00;18
40;1;5451641;40;131;384;401;9.28;0.56;43.80;4.40;344;1;83.00;17
41;1;5451645;41;133;385;401;9.17;0.56;44.76;4.40;344;1;84.00;16
41;1;5451648;41;130;385;401;9.12;0.55;44.76;4.40;344;1;85.00;16
41;1;5451652;41;131;385;401;9.02;0.55;44.76;4.40;344;1;86.00;16
42;1;5451655;42;134;390;407;8.94;0.54;45.52;4.36;348;1;87.00;17
44;1;5451659;44;132;390;407;8.71;0.53;47.45;4.36;346;1;88.00;17
44;1;5451662;44;133;390;407;8.55;0.52;47.45;4.36;346;1;89.00;17
45;1;5451667;45;136;394;413;8.55;0.52;48.40;4.31;349;1;90.00;19
45;1;5451672;45;131;395;413;8.55;0.52;48.40;4.30;350;1;91.00;18
47;1;5451675;47;132;396;413;8.51;0.52;50.26;4.30;349;1;92.00;17
47;1;5451679;47;136;397;414;8.47;0.52;50.26;4.29;350;1;93.00;17
49;1;5451682;49;133;398;415;8.50;0.52;51.96;4.28;349;1;94.00;17
49;1;5451686;49;132;398;415;8.47;0.52;51.96;4.28;349;1;95.00;17
51;1;5451690;51;134;409;428;8.40;0.51;52.27;4.17;358;1;96.00;19
51;1;5451695;51;123;409;428;8.47;0.52;52.27;4.17;358;1;97.00;19
54;1;5451698;54;113;411;428;8.50;0.52;54.70;4.48;357;1;98.00;17
55;1;5451703;55;108;412;429;8.66;0.53;55.51;4.47;357;1;99.00;17
59;1;5451708;59;106;412;429;8.77;0.54;58.51;4.47;353;1;100.00;17
59;1;5451715;59;101;415;433;9.06;0.55;58.51;4.45;356;1;101.00;18
61;1;5451720;61;98;415;433;9.12;0.56;59.93;4.45;354;1;102.00;18
62;1;5451724;62;93;419;437;9.19;0.56;60.63;4.42;357;1;103.00;18
64;1;5451728;64;88;419;437;9.41;0.57;61.52;4.42;355;1;104.00;18
67;1;5451732;67;86;419;437;9.60;0.58;63.42;4.42;352;1;105.00;18
67;1;5451737;67;78;419;437;9.83;0.60;63.42;4.42;352;1;106.00;18
67;1;5451740;67;73;419;437;9.99;0.61;63.42;4.42;352;1;107.00;18
68;1;5451745;68;71;430;449;10.21;0.62;64.07;4.30;362;1;108.00;19
69;1;5451750;69;69;431;449;10.41;0.64;64.67;4.29;362;1;109.00;18
70;1;5451754;70;68;431;449;10.52;0.64;65.27;4.29;361;1;110.00;18
70;1;5451759;70;65;431;449;10.62;0.65;65.27;4.29;361;1;111.00;18
70;1;5451763;70;65;432;449;10.68;0.65;65.27;4.38;362;1;112.00;17
70;1;5451767;70;70;432;449;10.75;0.66;65.27;4.38;362;1;113.00;17
70;1;5451772;70;74;433;450;10.75;0.66;65.27;4.37;363;1;114.00;17
71;1;5451776;71;73;433;450;10.76;0.66;65.97;4.37;362;1;115.00;17
71;1;5451781;71;72;442;456;10.83;0.66;65.97;5.07;371;1;116.00;14
73;1;5451787;73;73;443;457;10.92;0.67;67.37;5.21;370;1;117.00;14
73;1;5451792;73;72;445;457;10.88;0.67;67.37;5.30;372;1;118.00;12
73;1;5451796;73;72;446;457;10.89;0.67;67.37;5.39;373;1;119.00;11
75;1;5451803;75;77;452;462;10.94;0.67;68.55;5.53;377;1;120.00;10
77;1;5451808;77;79;453;462;10.89;0.67;69.88;5.63;376;1;121.00;9
78;1;5451814;78;78;455;462;10.81;0.66;70.53;5.82;377;1;122.00;7
79;1;5451820;79;80;457;463;10.85;0.67;71.00;5.91;378;1;123.00;6
83;1;5451825;83;81;464;467;10.76;0.66;71.98;6.02;381;1;124.00;3
83;1;5451832;83;82;464;467;10.88;0.67;71.98;6.02;381;1;125.00;3
85;1;5451837;85;86;468;470;10.97;0.67;73.19;6.06;383;1;126.00;2
85;1;5451843;85;87;469;470;11.06;0.68;73.19;6.06;384;1;127.00;1
86;1;5451848;86;89;470;470;11.22;0.69;72.99;6.05;384;1;128.00;0
89;1;5451854;89;90;470;470;11.32;0.69;74.42;6.05;381;1;129.00;0
89;1;5451860;89;90;474;474;11.55;0.71;74.42;6.01;385;1;130.00;0
90;1;5451866;90;94;474;474;11.67;0.71;74.78;6.01;384;1;131.00;0
90;1;5451871;90;92;474;474;11.84;0.72;74.78;6.01;384;1;132.00;0
90;1;5451876;90;92;474;474;11.90;0.73;74.78;6.01;384;1;133.00;0
91;1;5451882;91;92;475;475;11.84;0.72;74.24;6.00;384;1;134.00;0
92;1;5451887;92;93;477;477;11.80;0.72;74.87;5.97;385;1;135.00;0
92;1;5451896;92;94;477;477;11.74;0.72;74.87;5.97;385;1;136.00;0
93;1;5451902;93;95;478;478;11.70;0.72;75.40;5.96;385;1;137.00;0
93;1;5451909;93;95;478;478;11.62;0.71;75.40;5.96;385;1;138.00;0
97;1;5451914;97;99;478;478;11.54;0.71;77.26;5.96;381;1;139.00;0
97;1;5451920;97;101;478;478;11.47;0.71;77.26;5.96;381;1;140.00;0
98;1;5451926;98;103;478;478;11.43;0.70;77.79;5.96;380;1;141.00;0
100;1;5451933;100;105;478;478;11.21;0.69;79.07;5.96;378;1;142.00;0
101;1;5451939;101;104;478;478;11.05;0.69;79.70;5.96;377;1;143.00;0
103;1;5451947;103;125;552;605;10.82;0.69;80.93;5.17;449;1;144.00;53
106;1;5451963;106;122;558;606;10.78;0.68;82.75;5.13;452;1;145.00;48
108;1;5451969;108;118;567;606;10.82;0.68;83.56;5.08;459;1;146.00;39
110;1;5451975;110;116;569;606;10.77;0.68;84.67;5.07;459;1;147.00;37
112;1;5451981;112;119;575;606;10.77;0.68;85.73;5.06;463;1;148.00;31
115;1;5451987;115;118;576;606;10.78;0.68;85.79;5.06;461;1;149.00;30
115;1;5451995;115;120;580;611;10.74;0.67;85.79;5.04;465;1;150.00;31
118;1;5452003;118;116;581;611;10.76;0.67;87.05;5.05;463;1;151.00;30
122;1;5452010;122;118;584;612;10.73;0.67;88.25;5.06;462;1;152.00;28
123;1;5452016;123;120;586;613;10.77;0.67;88.77;5.08;463;1;153.00;27
124;1;5452022;124;117;588;613;10.82;0.67;89.29;5.09;464;1;154.00;25
126;1;5452028;126;122;594;614;10.71;0.67;90.29;5.12;468;1;155.00;20
128;1;5452033;128;118;598;614;10.66;0.66;90.13;5.16;470;1;156.00;16
129;1;5452039;129;116;600;614;10.60;0.66;90.26;5.19;471;1;157.00;14
131;1;5452045;131;122;602;614;10.49;0.65;91.07;5.22;471;1;158.00;12
133;1;5452051;133;124;606;618;10.34;0.64;91.42;5.23;473;1;159.00;12
138;1;5452058;138;126;609;618;10.24;0.63;92.38;5.29;471;1;160.00;9
139;1;5452066;139;126;611;618;10.05;0.62;92.87;5.33;472;1;161.00;7
140;1;5452072;140;130;613;621;9.90;0.61;93.33;5.36;473;1;162.00;8
143;1;5452082;143;133;614;621;9.67;0.60;94.53;5.36;471;1;163.00;7
145;1;5452088;145;139;616;621;9.41;0.58;95.48;5.36;471;1;164.00;5
145;1;5452094;145;129;621;625;9.24;0.57;95.48;5.37;476;1;165.00;4
146;1;5452101;146;127;623;626;9.15;0.56;95.17;5.36;477;1;166.00;3
146;1;5452109;146;126;625;626;9.07;0.56;95.17;5.37;479;1;167.00;1
148;1;5452118;148;125;628;630;9.12;0.56;94.70;5.35;480;1;168.00;2
149;1;5452125;149;126;629;630;9.06;0.56;95.09;5.35;480;1;169.00;1
152;1;5452131;152;126;630;630;9.11;0.56;95.68;5.34;478;1;170.00;0
152;1;5452138;152;130;631;631;9.08;0.56;95.68;5.33;479;1;171.00;0
152;1;5452145;152;126;631;631;9.13;0.56;95.68;5.33;479;1;172.00;0
153;1;5452151;153;125;637;637;9.24;0.57;95.70;5.29;484;1;173.00;0
154;1;5452157;154;127;637;637;9.24;0.57;96.20;5.29;483;1;174.00;0
156;1;5452162;156;124;638;638;9.31;0.57;95.80;5.29;482;1;175.00;0
157;1;5452169;157;122;638;638;9.37;0.57;95.55;5.29;481;1;176.00;0
157;1;5452175;157;122;638;638;9.43;0.58;95.55;5.29;481;1;177.00;0
159;1;5452180;159;126;638;638;9.43;0.58;96.18;5.29;479;1;178.00;0
160;1;5452186;160;127;638;638;9.46;0.58;96.24;5.29;478;1;179.00;0
163;1;5452194;163;136;666;672;9.65;0.59;96.69;5.06;503;1;180.00;6
165;1;5452203;165;140;668;672;9.64;0.59;97.25;5.05;503;1;181.00;4
168;1;5452208;168;145;670;672;9.65;0.59;97.23;5.04;502;1;182.00;2
169;1;5452214;169;154;672;672;9.56;0.59;97.17;5.04;503;1;183.00;0
169;1;5452220;169;159;672;672;9.48;0.58;97.17;5.04;503;1;184.00;0
170;1;5452227;170;165;672;672;9.45;0.58;97.69;5.04;502;1;185.00;0
174;1;5452233;174;165;676;676;9.30;0.57;97.98;5.01;502;1;186.00;0
175;1;5452239;175;168;676;676;9.23;0.57;97.78;5.01;501;1;187.00;0
176;1;5452246;176;169;680;680;9.09;0.56;98.29;4.99;504;1;188.00;0
178;1;5452252;178;176;681;681;8.88;0.55;98.36;4.98;503;1;189.00;0
181;1;5452259;181;182;681;681;8.73;0.54;98.28;4.98;500;1;190.00;0
181;1;5452265;181;184;681;681;8.64;0.53;98.28;4.98;500;1;191.00;0
185;1;5452270;185;190;694;694;8.57;0.53;98.19;4.89;509;1;192.00;0
187;1;5452277;187;195;694;694;8.43;0.52;98.55;4.89;507;1;193.00;0
191;1;5452283;191;197;694;694;8.34;0.51;97.83;4.89;503;1;194.00;0
192;1;5452289;192;202;695;695;8.26;0.51;97.95;4.88;503;1;195.00;0
194;1;5452295;194;204;696;696;8.18;0.50;98.05;4.88;502;1;196.00;0
194;1;5452301;194;211;696;696;8.30;0.51;98.05;4.88;502;1;197.00;0
194;1;5452307;194;215;698;699;8.33;0.51;98.05;4.86;504;1;198.00;1
194;1;5452313;194;219;698;699;8.24;0.51;98.05;4.86;504;1;199.00;1
197;1;5452319;197;220;699;699;8.06;0.49;97.97;4.86;502;1;200.00;0
198;1;5452328;198;224;699;699;7.94;0.49;98.48;4.86;501;1;201.00;0
201;1;5452334;201;229;704;705;7.81;0.48;98.77;4.83;503;1;202.00;1
205;1;5452341;205;231;705;705;7.65;0.47;99.44;4.83;500;1;203.00;0
208;1;5452347;208;236;705;705;7.54;0.46;99.41;4.83;497;1;204.00;0
209;1;5452354;209;244;705;705;7.45;0.46;99.06;4.83;496;1;205.00;0
209;1;5452359;209;247;709;709;7.39;0.45;99.06;4.81;500;1;206.00;0
210;1;5452364;210;252;710;710;7.24;0.45;98.89;4.80;500;1;207.00;0
211;1;5452370;211;261;710;710;7.04;0.43;99.04;4.80;499;1;208.00;0
211;1;5452375;211;264;711;711;6.88;0.42;99.04;4.79;500;1;209.00;0
213;1;5452382;213;266;711;711;6.67;0.41;99.69;4.79;498;1;210.00;0
214;1;5452388;214;274;711;711;6.53;0.40;99.34;4.79;497;1;211.00;0
214;1;5452393;214;267;711;711;6.46;0.40;99.34;4.79;497;1;212.00;0
216;1;5452398;216;262;711;711;6.34;0.39;99.50;4.79;495;1;213.00;0
216;1;5452403;216;249;711;711;6.35;0.39;99.50;4.79;495;1;214.00;0
218;1;5452409;218;237;711;711;6.38;0.39;100.55;4.79;493;1;215.00;0
218;1;5452415;218;241;753;781;6.85;0.43;100.55;4.53;535;1;216.00;28
219;1;5452427;219;234;755;782;6.95;0.43;100.89;4.52;536;1;217.00;27
220;1;5452434;220;226;761;782;7.15;0.44;101.14;4.50;541;1;218.00;21
223;1;5452440;223;224;762;782;7.33;0.45;102.67;4.50;539;1;219.00;20
225;1;5452446;225;222;766;782;7.51;0.46;103.70;4.49;541;1;220.00;16
226;1;5452463;226;209;767;782;7.66;0.47;104.20;4.49;541;1;221.00;15
227;1;5452472;227;194;770;782;7.80;0.48;104.70;4.50;543;1;222.00;12
228;2;5452481;228;187;773;782;8.00;0.49;105.00;4.51;545;2;223.00;9
230;2;5452502;230;185;776;783;8.16;0.50;105.28;4.52;546;2;224.00;7
230;2;5452513;230;182;779;785;8.24;0.50;105.28;4.53;549;2;225.00;6
231;2;5452530;231;181;782;785;8.34;0.51;105.18;4.55;551;2;226.00;3
231;2;5452538;231;179;788;789;8.37;0.51;105.18;4.54;557;2;227.00;1
231;2;5452555;231;181;789;789;8.51;0.52;105.18;4.54;558;2;228.00;0
235;2;5452561;235;183;789;789;8.60;0.53;105.06;4.54;554;2;229.00;0
235;2;5452570;235;181;789;789;8.69;0.53;105.06;4.54;554;2;230.00;0
237;2;5452579;237;182;795;795;8.81;0.54;105.57;4.51;558;2;231.00;0
237;2;5452587;237;172;795;795;8.92;0.55;105.57;4.51;558;2;232.00;0
238;2;5452594;238;166;795;795;9.03;0.55;105.50;4.51;557;2;233.00;0
240;2;5452601;240;159;797;798;9.13;0.56;106.53;4.50;557;2;234.00;1
242;2;5452609;242;152;797;798;9.19;0.56;106.95;4.50;555;2;235.00;1
245;2;5452616;245;149;798;798;9.27;0.57;107.89;4.50;553;2;236.00;0
246;2;5452623;246;149;799;799;9.35;0.57;107.74;4.49;553;2;237.00;0
248;2;5452630;248;146;800;800;9.42;0.57;108.20;4.49;552;2;238.00;0
252;2;5452637;252;140;800;800;9.44;0.58;108.38;4.49;548;2;239.00;0
253;2;5452645;253;146;823;826;9.34;0.57;108.34;4.36;570;2;240.00;3
255;2;5452654;255;142;823;826;9.39;0.57;109.36;4.36;568;2;241.00;3
258;2;5452660;258;136;825;826;9.50;0.58;110.46;4.36;567;2;242.00;1
258;2;5452667;258;137;827;827;9.70;0.59;110.46;4.35;569;2;243.00;0
263;2;5452673;263;135;827;827;9.73;0.59;111.81;4.35;564;2;244.00;0
265;2;5452679;265;134;831;831;9.85;0.60;112.24;4.33;566;2;245.00;0
266;2;5452686;266;134;831;831;9.88;0.60;112.70;4.33;565;2;246.00;0
268;2;5452692;268;132;835;835;9.84;0.60;112.63;4.32;567;2;247.00;0
269;2;5452699;269;131;835;835;9.87;0.60;112.75;4.32;566;2;248.00;0
270;2;5452705;270;134;835;835;9.95;0.60;113.21;4.32;565;2;249.00;0
270;2;5452711;270;138;835;835;10.05;0.61;113.21;4.32;565;2;250.00;0
272;2;5452717;272;142;835;835;10.04;0.61;114.15;4.32;563;2;251.00;0
272;2;5452724;272;146;846;847;10.05;0.61;114.15;4.26;574;2;252.00;1
273;2;5452731;273;148;846;847;10.04;0.61;114.33;4.26;573;2;253.00;1
274;2;5452738;274;152;847;847;10.00;0.61;114.49;4.26;573;2;254.00;0
274;2;5452744;274;149;847;847;10.03;0.61;114.49;4.26;573;2;255.00;0
274;2;5452750;274;146;847;847;10.13;0.61;114.49;4.26;573;2;256.00;0
276;2;5452757;276;145;847;847;10.13;0.62;115.00;4.26;571;2;257.00;0
278;2;5452763;278;144;848;848;10.15;0.62;115.24;4.25;570;2;258.00;0
278;2;5452770;278;138;848;848;10.19;0.62;115.24;4.25;570;2;259.00;0
279;2;5452776;279;134;854;854;10.20;0.62;115.28;4.23;575;2;260.00;0
279;2;5452785;279;126;855;855;10.30;0.63;115.28;4.23;576;2;261.00;0
280;2;5452792;280;121;855;855;10.33;0.63;115.12;4.23;575;2;262.00;0
282;2;5452799;282;119;855;855;10.29;0.62;115.39;4.23;573;2;263.00;0
284;2;5452807;284;114;859;859;10.32;0.63;115.92;4.21;575;2;264.00;0
287;2;5452817;287;113;859;859;10.33;0.63;116.68;4.21;572;2;265.00;0
290;2;5452826;290;110;859;859;10.42;0.63;117.31;4.21;569;2;266.00;0
296;2;5452833;296;105;860;860;10.48;0.64;118.10;4.20;564;2;267.00;0
298;2;5452842;298;102;864;864;10.48;0.64;118.02;4.19;566;2;268.00;0
302;2;5452852;302;98;864;864;10.57;0.64;118.56;4.19;562;2;269.00;0
308;2;5452862;308;99;868;870;10.67;0.65;119.16;4.17;560;2;270.00;2
311;2;5452871;311;95;869;870;10.80;0.65;119.73;4.17;558;2;271.00;1
315;2;5452879;315;92;870;870;11.01;0.67;120.37;4.16;555;2;272.00;0
320;2;5452886;320;90;870;870;11.04;0.67;120.47;4.16;550;2;273.00;0
321;2;5452894;321;91;874;874;11.22;0.68;120.43;4.15;553;2;274.00;0
323;2;5452903;323;88;874;874;11.33;0.69;120.96;4.15;551;2;275.00;0
324;2;5452910;324;87;874;874;11.49;0.70;121.41;4.15;550;2;276.00;0
324;2;5452917;324;85;874;874;11.55;0.70;121.41;4.15;550;2;277.00;0
327;2;5452924;327;83;875;875;11.65;0.71;121.95;4.15;548;2;278.00;0
328;2;5452931;328;81;876;876;11.68;0.71;121.99;4.14;548;2;279.00;0
330;2;5452938;330;85;876;876;11.81;0.72;122.38;4.14;546;2;280.00;0
331;2;5452945;331;82;877;877;11.87;0.72;122.42;4.14;546;2;281.00;0
333;2;5452952;333;83;877;877;11.82;0.72;122.53;4.14;544;2;282.00;0
334;2;5452959;334;84;877;877;11.69;0.71;122.51;4.14;543;2;283.00;0
335;2;5452967;335;83;877;877;11.69;0.71;122.98;4.14;542;2;284.00;0
336;2;5452974;336;84;877;877;11.66;0.71;122.89;4.14;541;2;285.00;0
337;2;5452981;337;85;877;877;11.55;0.70;122.95;4.14;540;2;286.00;0
338;2;5452987;338;87;877;877;11.57;0.70;123.00;4.14;539;2;287.00;0
340;2;5452994;340;104;946;1004;11.30;0.70;123.16;3.84;606;2;288.00;58
340;2;5453011;340;95;950;1005;11.30;0.70;123.16;3.83;610;2;289.00;55
340;2;5453019;340;91;959;1005;11.36;0.70;123.16;3.81;619;2;290.00;46
343;2;5453026;343;93;964;1005;11.37;0.70;124.55;3.80;621;2;291.00;41
343;2;5453033;343;92;967;1005;11.36;0.70;124.55;3.81;624;2;292.00;38
343;2;5453041;343;97;968;1005;11.32;0.70;124.55;3.81;625;2;293.00;37
344;2;5453048;344;95;971;1005;11.32;0.70;124.41;3.81;627;2;294.00;34
345;2;5453057;345;100;975;1005;11.35;0.70;124.77;3.83;630;2;295.00;30
346;2;5453064;346;101;977;1006;11.41;0.70;125.26;3.84;631;2;296.00;29
346;2;5453073;346;102;982;1007;11.53;0.71;125.26;3.86;636;2;297.00;25
349;2;5453080;349;105;986;1007;11.49;0.71;126.08;3.89;637;2;298.00;21
351;2;5453088;351;104;989;1008;11.42;0.70;126.94;3.91;638;2;299.00;19
353;2;5453103;353;106;993;1014;11.27;0.70;126.43;3.92;640;2;300.00;21
353;2;5453115;353;107;997;1014;11.10;0.69;126.43;3.94;644;2;301.00;17
358;2;5453123;358;113;999;1014;10.78;0.67;127.30;3.96;641;2;302.00;15
361;2;5453132;361;117;1002;1018;10.51;0.65;127.34;3.97;641;2;303.00;16
364;2;5453147;364;120;1004;1018;10.31;0.64;128.10;3.99;640;2;304.00;14
366;2;5453158;366;129;1008;1018;10.17;0.63;128.64;4.01;642;2;305.00;10
369;2;5453175;369;136;1012;1021;10.00;0.62;129.28;4.02;643;2;306.00;9
370;2;5453190;370;149;1013;1021;9.87;0.61;129.74;4.03;643;2;307.00;8
371;2;5453198;371;153;1013;1021;9.79;0.60;130.20;4.03;642;2;308.00;8
372;2;5453205;372;165;1018;1025;9.63;0.60;130.42;4.06;646;2;309.00;7
374;2;5453213;374;169;1020;1026;9.47;0.59;130.93;4.07;646;2;310.00;6
377;2;5453221;377;179;1021;1026;9.40;0.58;131.62;4.08;644;2;311.00;5
379;2;5453228;379;190;1027;1030;9.32;0.58;132.27;4.09;648;2;312.00;3
380;2;5453236;380;192;1029;1030;9.24;0.57;132.45;4.09;649;2;313.00;1
382;2;5453243;382;195;1029;1030;9.12;0.57;132.27;4.09;647;2;314.00;1
385;2;5453250;385;193;1032;1032;8.98;0.56;132.68;4.09;647;2;315.00;0
391;2;5453258;391;200;1032;1032;8.83;0.54;133.30;4.09;641;2;316.00;0
396;2;5453265;396;200;1038;1038;8.80;0.54;133.86;4.07;642;2;317.00;0
398;2;5453273;398;201;1038;1038;8.76;0.54;134.39;4.07;640;2;318.00;0
399;2;5453280;399;199;1039;1039;8.71;0.53;134.26;4.07;640;2;319.00;0
401;2;5453286;401;201;1039;1039;8.67;0.53;134.03;4.07;638;2;320.00;0
404;2;5453293;404;202;1039;1039;8.62;0.53;135.12;4.07;635;2;321.00;0
406;2;5453301;406;210;1039;1039;8.53;0.52;135.14;4.07;633;2;322.00;0
409;2;5453307;409;216;1039;1039;8.37;0.51;134.99;4.07;630;2;323.00;0
409;2;5453314;409;213;1051;1051;8.28;0.51;134.99;4.02;642;2;324.00;0
411;2;5453322;411;215;1051;1051;8.25;0.50;134.96;4.02;640;2;325.00;0
412;2;5453328;412;217;1051;1051;8.18;0.50;135.07;4.02;639;2;326.00;0
415;2;5453335;415;216;1051;1051;8.12;0.50;135.41;4.02;636;2;327.00;0
417;2;5453341;417;220;1051;1051;8.10;0.50;135.53;4.02;634;2;328.00;0
419;2;5453348;419;226;1051;1051;8.01;0.49;135.37;4.02;632;2;329.00;0
422;2;5453357;422;212;1055;1055;7.98;0.49;135.73;4.01;633;2;330.00;0
425;2;5453365;425;214;1055;1055;7.94;0.49;137.09;4.01;630;2;331.00;0
428;2;5453372;428;214;1059;1059;7.95;0.49;138.07;4.00;631;2;332.00;0
432;2;5453380;432;211;1060;1060;7.91;0.49;138.78;3.99;628;2;333.00;0
433;2;5453386;433;212;1060;1060;7.95;0.49;139.23;3.99;627;2;334.00;0
437;2;5453393;437;208;1060;1060;7.96;0.49;139.99;3.99;623;2;335.00;0
438;2;5453400;438;217;1073;1073;8.00;0.49;139.94;3.94;635;2;336.00;0
442;2;5453413;442;216;1073;1073;7.96;0.49;141.15;3.94;631;2;337.00;0
443;2;5453419;443;212;1073;1073;7.93;0.49;141.05;3.94;630;2;338.00;0
446;2;5453426;446;211;1074;1074;7.89;0.49;141.83;3.94;628;2;339.00;0
453;2;5453433;453;212;1075;1075;7.76;0.48;142.09;3.94;622;2;340.00;0
456;2;5453440;456;221;1075;1075;7.70;0.47;143.07;3.94;619;2;341.00;0
457;2;5453447;457;223;1077;1078;7.66;0.47;142.87;3.93;620;2;342.00;1
460;2;5453454;460;229;1077;1078;7.62;0.47;142.97;3.93;617;2;343.00;1
462;2;5453461;462;232;1078;1078;7.55;0.46;143.15;3.93;616;2;344.00;0
465;2;5453468;465;231;1078;1078;7.46;0.46;143.42;3.93;613;2;345.00;0
468;2;5453475;468;234;1084;1084;7.42;0.45;143.82;3.91;616;2;346.00;0
469;2;5453482;469;234;1084;1084;7.33;0.45;143.94;3.91;615;2;347.00;0
473;2;5453489;473;235;1084;1084;7.12;0.44;143.89;3.91;611;2;348.00;0
478;2;5453495;478;240;1084;1084;6.98;0.43;144.12;3.91;606;2;349.00;0
479;2;5453502;479;244;1088;1088;7.00;0.43;143.86;3.90;609;2;350.00;0
481;2;5453508;481;250;1089;1089;7.03;0.43;144.34;3.90;608;2;351.00;0
483;2;5453515;483;255;1089;1089;6.98;0.43;144.37;3.90;606;2;352.00;0
487;2;5453522;487;254;1090;1090;6.87;0.42;144.80;3.90;603;2;353.00;0
490;2;5453528;490;257;1090;1090;6.77;0.41;144.54;3.90;600;2;354.00;0
490;2;5453535;490;260;1090;1090;6.78;0.42;144.54;3.90;600;2;355.00;0
493;2;5453541;493;260;1090;1090;6.74;0.41;144.43;3.90;597;2;356.00;0
496;2;5453547;496;264;1090;1090;6.66;0.41;145.03;3.90;594;2;357.00;0
499;2;5453553;499;264;1090;1090;6.60;0.41;145.70;3.90;591;2;358.00;0
500;2;5453560;500;268;1090;1090;6.56;0.40;145.46;3.90;590;2;359.00;0
502;2;5453567;502;292;1165;1215;6.88;0.43;145.77;3.65;663;2;360.00;50
502;2;5453583;502;276;1170;1216;6.94;0.44;145.77;3.63;668;2;361.00;46
505;2;5453590;505;262;1179;1216;7.06;0.44;145.97;3.62;674;2;362.00;37
507;2;5453597;507;258;1184;1216;7.19;0.45;145.83;3.62;677;2;363.00;32
507;2;5453604;507;250;1190;1216;7.34;0.46;145.83;3.62;683;2;364.00;26
508;2;5453611;508;252;1193;1216;7.46;0.46;145.84;3.62;685;2;365.00;23
510;2;5453619;510;247;1198;1216;7.57;0.47;146.25;3.63;688;2;366.00;18
510;2;5453627;510;242;1200;1216;7.64;0.47;146.25;3.64;690;2;367.00;16
511;2;5453640;511;244;1203;1217;7.68;0.47;146.22;3.65;692;2;368.00;14
512;2;5453648;512;246;1209;1218;7.67;0.47;146.30;3.68;697;2;369.00;9
513;2;5453655;513;256;1213;1218;7.63;0.47;146.32;3.70;700;2;370.00;5
515;2;5453663;515;259;1218;1222;7.55;0.46;146.61;3.69;703;2;371.00;4
515;2;5453671;515;267;1220;1222;7.47;0.46;146.61;3.70;705;2;372.00;2
515;2;5453679;515;267;1220;1222;7.38;0.45;146.61;3.70;705;2;373.00;2
517;2;5453686;517;274;1221;1222;7.35;0.45;146.76;3.70;704;2;374.00;1
518;2;5453694;518;279;1227;1228;7.26;0.45;146.53;3.69;709;2;375.00;1
520;2;5453702;520;282;1228;1228;7.27;0.45;146.60;3.70;708;2;376.00;0
523;2;5453710;523;281;1228;1228;7.30;0.45;147.60;3.70;705;2;377.00;0
525;2;5453718;525;270;1230;1231;7.38;0.45;147.46;3.70;705;2;378.00;1
526;2;5453727;526;270;1230;1231;7.47;0.46;147.61;3.70;704;2;379.00;1
527;2;5453735;527;260;1230;1231;7.52;0.46;147.37;3.70;703;2;380.00;1
529;2;5453743;529;258;1231;1232;7.55;0.46;147.78;3.69;702;2;381.00;1
529;2;5453751;529;262;1232;1233;7.65;0.47;147.78;3.69;703;2;382.00;1
532;2;5453761;532;262;1232;1233;7.67;0.47;147.86;3.69;700;2;383.00;1
534;2;5453769;534;264;1245;1246;7.79;0.47;147.53;3.66;711;2;384.00;1
535;2;5453779;535;268;1245;1246;7.80;0.47;147.57;3.66;710;2;385.00;1
539;2;5453787;539;254;1245;1246;7.86;0.48;148.07;3.66;706;2;386.00;1
544;2;5453796;544;245;1245;1247;7.88;0.48;148.81;3.66;701;2;387.00;2
548;2;5453807;548;240;1246;1247;7.98;0.48;149.47;3.65;698;2;388.00;1
550;2;5453819;550;232;1249;1251;8.03;0.49;149.49;3.65;699;2;389.00;2
551;2;5453833;551;226;1250;1251;8.07;0.49;149.69;3.65;699;2;390.00;1
553;2;5453847;553;222;1254;1255;8.07;0.49;150.10;3.64;701;2;391.00;1
555;2;5453860;555;217;1254;1255;8.15;0.50;150.75;3.64;699;2;392.00;1
555;2;5453873;555;222;1255;1255;8.25;0.50;150.75;3.64;700;2;393.00;0
557;2;5453883;557;217;1255;1255;8.30;0.51;150.88;3.64;698;2;394.00;0
559;2;5453896;559;213;1255;1255;8.34;0.51;151.30;3.64;696;2;395.00;0
560;2;5453906;560;208;1267;1267;8.37;0.51;151.74;3.61;707;2;396.00;0
560;2;5453917;560;202;1267;1267;8.44;0.51;151.74;3.61;707;2;397.00;0
561;2;5453926;561;201;1267;1267;8.50;0.52;151.73;3.61;706;2;398.00;0
565;2;5453934;565;197;1267;1267;8.57;0.52;152.64;3.61;702;2;399.00;0
567;2;5453944;567;196;1267;1267;8.71;0.53;152.99;3.61;700;2;400.00;0
571;2;5453957;571;188;1267;1267;8.81;0.54;153.54;3.61;696;2;401.00;0
573;2;5453966;573;188;1268;1268;8.90;0.54;154.38;3.61;695;2;402.00;0
574;2;5453975;574;187;1268;1268;8.97;0.55;154.80;3.61;694;2;403.00;0
574;2;5453984;574;184;1274;1274;9.11;0.56;154.80;3.59;700;2;404.00;0
576;2;5453993;576;182;1276;1276;9.20;0.56;155.13;3.59;700;2;405.00;0
578;2;5454002;578;180;1276;1276;9.21;0.56;155.45;3.59;698;2;406.00;0
580;2;5454010;580;179;1276;1276;9.28;0.57;155.20;3.59;696;2;407.00;0
583;2;5454019;583;184;1280;1280;9.34;0.57;156.06;3.58;697;2;408.00;0
587;2;5454028;587;187;1280;1280;9.29;0.57;156.35;3.58;693;2;409.00;0
590;2;5454037;590;181;1280;1280;9.40;0.58;157.01;3.58;690;2;410.00;0
591;2;5454045;591;186;1281;1281;9.51;0.58;156.88;3.58;690;2;411.00;0
592;2;5454053;592;182;1285;1285;9.55;0.59;157.31;3.57;693;2;412.00;0
595;2;5454062;595;180;1285;1285;9.59;0.59;157.64;3.57;690;2;413.00;0
595;2;5454071;595;178;1287;1288;9.68;0.59;157.64;3.56;692;2;414.00;1
598;2;5454079;598;177;1287;1288;9.70;0.59;158.40;3.56;689;2;415.00;1
602;2;5454088;602;174;1288;1288;9.70;0.59;158.79;3.56;686;2;416.00;0
604;2;5454097;604;172;1288;1288;9.67;0.59;159.01;3.56;684;2;417.00;0
607;2;5454104;607;175;1292;1292;9.76;0.60;159.58;3.55;685;2;418.00;0
610;2;5454120;610;177;1292;1292;9.70;0.59;159.89;3.55;682;2;419.00;0
613;2;5454130;613;175;1292;1292;9.72;0.59;160.25;3.55;679;2;420.00;0
615;2;5454143;615;169;1292;1292;9.81;0.60;160.29;3.55;677;2;421.00;0
620;2;5454154;620;162;1293;1293;9.87;0.60;160.70;3.55;673;2;422.00;0
622;2;5454165;622;159;1294;1294;9.91;0.60;161.43;3.55;672;2;423.00;0
624;2;5454180;624;154;1294;1294;9.91;0.60;161.65;3.55;670;2;424.00;0
626;2;5454191;626;149;1295;1295;9.96;0.61;161.78;3.55;669;2;425.00;0
630;2;5454201;630;137;1295;1295;9.88;0.60;162.73;3.55;665;2;426.00;0
633;2;5454210;633;129;1295;1295;9.89;0.60;163.00;3.55;662;2;427.00;0
637;2;5454219;637;126;1295;1295;9.90;0.60;163.39;3.55;658;2;428.00;0
639;2;5454227;639;125;1295;1295;9.90;0.60;163.75;3.55;656;2;429.00;0
642;2;5454236;642;123;1295;1295;9.97;0.61;164.42;3.55;653;2;430.00;0
649;2;5454244;649;113;1295;1295;10.03;0.61;165.13;3.55;646;2;431.00;0
652;2;5454252;652;135;1369;1422;9.76;0.60;165.49;3.36;717;2;432.00;53
655;2;5454270;655;123;1369;1423;9.81;0.61;165.59;3.36;714;2;433.00;54
660;2;5454278;660;107;1375;1423;9.93;0.61;165.98;3.35;715;2;434.00;48
661;2;5454287;661;107;1378;1423;10.04;0.62;165.95;3.35;717;2;435.00;45
663;2;5454296;663;102;1384;1423;10.22;0.63;166.36;3.35;721;2;436.00;39
664;2;5454307;664;99;1386;1423;10.35;0.64;166.33;3.35;722;2;437.00;37
667;2;5454316;667;97;1389;1423;10.39;0.64;166.56;3.36;722;2;438.00;34
671;2;5454330;671;93;1394;1423;10.43;0.64;167.10;3.37;723;2;439.00;29
677;2;5454339;677;93;1397;1424;10.46;0.64;167.34;3.38;720;2;440.00;27
679;2;5454349;679;98;1401;1425;10.54;0.65;167.69;3.40;722;2;441.00;24
681;2;5454360;681;105;1404;1425;10.54;0.64;168.48;3.41;723;2;442.00;21
685;2;5454370;685;103;1406;1426;10.50;0.64;168.84;3.42;721;2;443.00;20
685;3;5454379;685;103;1408;1426;10.51;0.64;168.84;3.44;723;3;444.00;18
688;3;5454406;688;106;1410;1426;10.48;0.64;169.17;3.45;722;3;445.00;16
691;3;5454418;691;111;1412;1426;10.45;0.64;169.28;3.47;721;3;446.00;14
692;3;5454428;692;114;1418;1430;10.38;0.63;169.16;3.49;726;3;447.00;12
696;3;5454441;696;114;1419;1430;10.26;0.63;169.05;3.50;723;3;448.00;11
699;3;5454455;699;118;1420;1430;10.24;0.63;169.50;3.51;721;3;449.00;10
702;3;5454470;702;126;1425;1436;10.16;0.62;169.23;3.52;723;3;450.00;11
704;3;5454484;704;132;1427;1436;10.18;0.62;169.28;3.52;723;3;451.00;9
705;3;5454496;705;135;1431;1436;10.23;0.63;169.42;3.56;726;3;452.00;5
706;3;5454508;706;141;1433;1440;10.26;0.63;169.75;3.55;727;3;453.00;7
710;3;5454525;710;146;1437;1441;10.28;0.63;169.63;3.57;727;3;454.00;4
711;3;5454535;711;145;1437;1441;10.26;0.63;169.96;3.57;726;3;455.00;4
716;3;5454544;716;147;1440;1445;10.25;0.63;170.25;3.56;724;3;456.00;5
719;3;5454554;719;155;1442;1445;10.13;0.62;170.37;3.57;723;3;457.00;3
722;3;5454564;722;162;1442;1445;10.03;0.61;171.25;3.57;720;3;458.00;3
725;3;5454572;725;163;1443;1446;9.90;0.60;171.59;3.56;718;3;459.00;3
726;3;5454582;726;167;1444;1446;9.73;0.59;171.73;3.57;718;3;460.00;2
728;3;5454590;728;174;1450;1452;9.65;0.59;171.93;3.56;722;3;461.00;2
731;3;5454600;731;175;1450;1452;9.58;0.58;172.20;3.56;719;3;462.00;2
735;3;5454609;735;181;1451;1453;9.43;0.58;172.34;3.57;716;3;463.00;2
737;3;5454618;737;185;1451;1453;9.36;0.57;172.34;3.57;714;3;464.00;2
739;3;5454627;739;192;1451;1453;9.30;0.57;172.50;3.57;712;3;465.00;2
742;3;5454637;742;195;1452;1453;9.23;0.56;172.71;3.57;710;3;466.00;1
746;3;5454645;746;196;1452;1453;9.20;0.56;172.83;3.57;706;3;467.00;1
747;3;5454654;747;205;1463;1465;9.21;0.56;172.97;3.55;716;3;468.00;2
747;3;5454663;747;208;1463;1465;9.17;0.56;172.97;3.55;716;3;469.00;2
747;3;5454670;747;212;1465;1465;9.13;0.56;172.97;3.55;718;3;470.00;0
749;3;5454678;749;221;1465;1465;9.04;0.55;172.90;3.55;716;3;471.00;0
751;3;5454686;751;226;1465;1465;8.95;0.55;172.91;3.55;714;3;472.00;0
751;3;5454693;751;235;1465;1465;8.89;0.55;172.91;3.55;714;3;473.00;0
751;3;5454701;751;243;1469;1469;8.82;0.54;172.91;3.54;718;3;474.00;0
754;3;5454708;754;247;1469;1469;8.82;0.54;173.00;3.54;715;3;475.00;0
756;3;5454716;756;250;1473;1473;8.81;0.54;172.91;3.53;717;3;476.00;0
757;3;5454726;757;255;1474;1474;8.72;0.54;172.93;3.53;717;3;477.00;0
758;3;5454736;758;257;1474;1474;8.66;0.53;173.01;3.53;716;3;478.00;0
761;3;5454746;761;258;1474;1474;8.55;0.53;172.89;3.53;713;3;479.00;0
767;3;5454760;767;264;1496;1500;8.52;0.52;172.33;3.48;729;3;480.00;4
768;3;5454774;768;260;1497;1500;8.52;0.52;172.30;3.48;729;3;481.00;3
769;3;5454785;769;263;1500;1500;8.53;0.53;172.11;3.48;731;3;482.00;0
769;3;5454795;769;263;1501;1501;8.55;0.53;172.11;3.47;732;3;483.00;0
770;3;5454807;770;265;1502;1502;8.48;0.52;172.05;3.47;732;3;484.00;0
774;3;5454816;774;265;1502;1502;8.35;0.51;171.85;3.47;728;3;485.00;0
776;3;5454827;776;271;1504;1505;8.34;0.51;171.82;3.47;728;3;486.00;1
779;3;5454836;779;271;1504;1505;8.29;0.51;171.73;3.47;725;3;487.00;1
780;3;5454844;780;272;1505;1505;8.26;0.51;171.68;3.47;725;3;488.00;0
784;3;5454851;784;271;1505;1505;8.18;0.50;172.29;3.47;721;3;489.00;0
788;3;5454860;788;276;1511;1511;8.13;0.50;171.94;3.46;723;3;490.00;0
789;3;5454868;789;280;1511;1511;8.00;0.49;172.15;3.46;722;3;491.00;0
791;3;5454875;791;276;1511;1511;7.80;0.48;171.88;3.46;720;3;492.00;0
794;3;5454882;794;281;1511;1511;7.62;0.47;171.79;3.46;717;3;493.00;0
797;3;5454889;797;288;1515;1515;7.41;0.45;171.70;3.45;718;3;494.00;0
800;3;5454896;800;280;1517;1517;7.27;0.45;171.64;3.45;717;3;495.00;0
802;3;5454904;802;272;1517;1517;7.20;0.44;172.35;3.45;715;3;496.00;0
805;3;5454912;805;267;1518;1518;7.26;0.44;172.25;3.44;713;3;497.00;0
808;3;5454919;808;265;1518;1518;7.31;0.45;172.66;3.44;710;3;498.00;0
812;3;5454926;812;264;1518;1518;7.37;0.45;172.90;3.44;706;3;499.00;0
813;3;5454934;813;264;1518;1518;7.46;0.46;173.21;3.44;705;3;500.00;0
816;3;5454945;816;265;1518;1518;7.53;0.46;173.89;3.44;702;3;501.00;0
819;3;5454953;819;256;1518;1518;7.56;0.46;174.34;3.44;699;3;502.00;0
823;3;5454961;823;249;1518;1518;7.57;0.46;174.85;3.44;695;3;503.00;0
827;3;5454969;827;250;1556;1588;7.78;0.48;175.13;3.36;729;3;504.00;32
830;3;5454982;830;250;1560;1589;7.75;0.47;175.53;3.35;730;3;505.00;29
831;3;5454990;831;252;1568;1589;7.79;0.48;175.86;3.35;737;3;506.00;21
835;3;5454997;835;258;1570;1589;7.73;0.47;176.04;3.35;735;3;507.00;19
837;3;5455006;837;248;1574;1589;7.75;0.47;176.18;3.35;737;3;508.00;15
837;3;5455015;837;241;1576;1589;7.75;0.47;176.18;3.35;739;3;509.00;13
839;3;5455024;839;234;1579;1589;7.79;0.48;176.12;3.36;740;3;510.00;10
842;3;5455033;842;239;1582;1589;7.73;0.47;176.31;3.36;740;3;511.00;7
845;3;5455041;845;238;1585;1590;7.69;0.47;176.96;3.37;740;3;512.00;5
847;3;5455053;847;241;1589;1591;7.61;0.46;177.13;3.39;742;3;513.00;2
848;3;5455063;848;237;1591;1591;7.60;0.46;176.96;3.38;743;3;514.00;0
850;3;5455080;850;239;1595;1595;7.62;0.47;177.65;3.38;745;3;515.00;0
851;3;5455092;851;240;1595;1595;7.62;0.47;177.62;3.38;744;3;516.00;0
853;3;5455104;853;246;1595;1595;7.65;0.47;177.87;3.38;742;3;517.00;0
857;3;5455113;857;253;1595;1595;7.55;0.46;177.75;3.38;738;3;518.00;0
861;3;5455129;861;254;1601;1601;7.51;0.46;177.79;3.37;740;3;519.00;0
864;3;5455145;864;249;1601;1601;7.48;0.46;178.23;3.37;737;3;520.00;0
864;3;5455154;864;250;1601;1601;7.48;0.46;178.23;3.37;737;3;521.00;0
867;3;5455163;867;252;1603;1604;7.56;0.46;178.78;3.36;736;3;522.00;1
869;3;5455173;869;255;1603;1604;7.57;0.46;179.23;3.36;734;3;523.00;1
872;3;5455182;872;254;1604;1604;7.53;0.46;179.55;3.36;732;3;524.00;0
874;3;5455191;874;251;1605;1605;7.43;0.45;179.91;3.36;731;3;525.00;0
877;3;5455200;877;258;1606;1606;7.36;0.45;180.16;3.36;729;3;526.00;0
882;3;5455209;882;262;1606;1606;7.31;0.45;180.59;3.36;724;3;527.00;0
882;3;5455218;882;267;1618;1619;7.36;0.45;180.59;3.34;736;3;528.00;1
888;3;5455227;888;261;1618;1619;7.26;0.44;180.75;3.34;730;3;529.00;1
890;3;5455236;890;262;1619;1619;7.30;0.44;181.24;3.33;729;3;530.00;0
892;3;5455244;892;263;1620;1620;7.38;0.45;181.45;3.33;728;3;531.00;0
895;3;5455253;895;255;1620;1620;7.41;0.45;181.84;3.33;725;3;532.00;0
899;3;5455262;899;252;1624;1624;7.48;0.46;182.03;3.33;725;3;533.00;0
901;3;5455270;901;251;1624;1624;7.52;0.46;182.06;3.33;723;3;534.00;0
905;3;5455279;905;254;1628;1628;7.54;0.46;182.15;3.32;723;3;535.00;0
908;3;5455288;908;256;1628;1628;7.49;0.46;182.34;3.32;720;3;536.00;0
909;3;5455297;909;257;1628;1628;7.56;0.46;182.37;3.32;719;3;537.00;0
910;3;5455307;910;262;1628;1628;7.58;0.46;182.36;3.32;718;3;538.00;0
911;3;5455315;911;265;1628;1628;7.56;0.46;182.49;3.32;717;3;539.00;0
912;3;5455326;912;264;1658;1662;7.69;0.47;182.48;3.26;746;3;540.00;4
914;3;5455337;914;271;1658;1662;7.66;0.47;182.50;3.26;744;3;541.00;4
917;3;5455345;917;259;1661;1662;7.74;0.48;182.73;3.26;744;3;542.00;1
921;3;5455354;921;249;1661;1662;7.76;0.48;182.97;3.26;740;3;543.00;1
923;3;5455364;923;243;1662;1662;7.80;0.48;183.23;3.26;739;3;544.00;0
925;3;5455373;925;239;1662;1662;7.79;0.48;183.23;3.26;737;3;545.00;0
929;3;5455382;929;237;1663;1663;7.78;0.48;183.29;3.26;734;3;546.00;0
931;3;5455395;931;232;1663;1663;7.81;0.48;183.31;3.26;732;3;547.00;0
933;3;5455406;933;234;1669;1669;7.80;0.48;183.47;3.25;736;3;548.00;0
937;3;5455417;937;235;1670;1670;7.75;0.47;183.66;3.25;733;3;549.00;0
939;3;5455428;939;237;1670;1670;7.70;0.47;183.75;3.25;731;3;550.00;0
940;3;5455448;940;227;1670;1670;7.73;0.47;183.75;3.25;730;3;551.00;0
943;3;5455468;943;223;1674;1674;7.73;0.47;184.12;3.24;731;3;552.00;0
944;3;5455481;944;216;1674;1674;7.83;0.48;184.32;3.24;730;3;553.00;0
946;3;5455494;946;212;1674;1674;7.86;0.48;184.48;3.24;728;3;554.00;0
948;3;5455504;948;206;1675;1675;7.98;0.48;184.86;3.24;727;3;555.00;0
949;3;5455514;949;210;1679;1679;7.99;0.48;185.17;3.23;730;3;556.00;0
951;3;5455524;951;207;1679;1679;8.10;0.49;185.55;3.23;728;3;557.00;0
952;3;5455534;952;209;1681;1682;8.22;0.50;185.89;3.23;729;3;558.00;1
953;3;5455543;953;211;1681;1682;8.27;0.50;186.19;3.23;728;3;559.00;1
957;3;5455552;957;211;1682;1682;8.31;0.51;186.91;3.23;725;3;560.00;0
959;3;5455562;959;208;1682;1682;8.36;0.51;187.24;3.23;723;3;561.00;0
959;3;5455571;959;209;1686;1686;8.38;0.51;187.24;3.22;727;3;562.00;0
963;3;5455580;963;206;1686;1686;8.36;0.51;187.50;3.22;723;3;563.00;0
968;3;5455590;968;207;1686;1686;8.36;0.51;188.05;3.22;718;3;564.00;0
970;3;5455599;970;206;1686;1686;8.44;0.51;188.08;3.22;716;3;565.00;0
973;3;5455607;973;203;1687;1687;8.48;0.52;188.49;3.22;714;3;566.00;0
978;3;5455617;978;203;1688;1688;8.56;0.52;188.83;3.22;710;3;567.00;0
979;3;5455627;979;202;1688;1688;8.65;0.53;188.81;3.22;709;3;568.00;0
980;3;5455636;980;202;1689;1689;8.73;0.53;188.83;3.22;709;3;569.00;0
987;3;5455646;987;204;1689;1689;8.82;0.54;189.22;3.22;702;3;570.00;0
990;3;5455656;990;203;1689;1689;8.88;0.54;189.57;3.22;699;3;571.00;0
992;3;5455664;992;198;1689;1689;8.96;0.54;189.89;3.22;697;3;572.00;0
995;3;5455673;995;198;1689;1689;9.01;0.55;190.31;3.22;694;3;573.00;0
996;3;5455682;996;198;1689;1689;9.02;0.55;190.21;3.22;693;3;574.00;0
997;3;5455690;997;201;1689;1689;9.06;0.55;190.25;3.22;692;3;575.00;0
1000;3;5455698;1000;237;1771;1816;8.84;0.55;190.63;3.07;771;3;576.00;45
1000;3;5455717;1000;224;1772;1817;8.92;0.55;190.63;3.07;772;3;577.00;45
1001;3;5455727;1001;208;1777;1817;9.07;0.56;190.68;3.07;776;3;578.00;40
1004;3;5455736;1004;212;1777;1817;9.15;0.56;191.22;3.07;773;3;579.00;40
1005;3;5455745;1005;209;1781;1817;9.18;0.57;191.23;3.07;776;3;580.00;36
1012;3;5455754;1012;210;1782;1817;9.16;0.56;191.74;3.07;770;3;581.00;35
1015;3;5455764;1015;210;1785;1817;9.16;0.56;192.27;3.08;770;3;582.00;32
1015;3;5455773;1015;220;1787;1817;9.12;0.56;192.27;3.08;772;3;583.00;30
1016;3;5455782;1016;225;1788;1818;9.11;0.56;192.27;3.08;772;3;584.00;30
1018;3;5455792;1018;217;1793;1820;9.09;0.56;192.33;3.09;775;3;585.00;27
1020;3;5455801;1020;213;1794;1820;9.06;0.55;192.34;3.10;774;3;586.00;26
1022;3;5455812;1022;211;1798;1821;9.07;0.55;192.59;3.11;776;3;587.00;23
1025;3;5455824;1025;205;1800;1821;9.06;0.55;193.11;3.12;775;3;588.00;21
1027;3;5455834;1027;201;1803;1821;9.02;0.55;193.17;3.14;776;3;589.00;18
1029;3;5455843;1029;199;1803;1821;9.06;0.55;193.34;3.14;774;3;590.00;18
1030;3;5455851;1030;196;1807;1825;9.06;0.55;193.51;3.15;777;3;591.00;18
1030;3;5455861;1030;194;1809;1825;9.05;0.55;193.51;3.17;779;3;592.00;16
1032;3;5455870;1032;191;1810;1825;9.07;0.55;193.86;3.18;778;3;593.00;15
1034;3;5455879;1034;193;1813;1828;9.08;0.55;194.28;3.20;779;3;594.00;15
1039;3;5455888;1039;197;1816;1828;9.03;0.55;195.24;3.23;777;3;595.00;12
1042;3;5455903;1042;193;1818;1828;9.02;0.55;195.47;3.24;776;3;596.00;10
1047;3;5455911;1047;192;1823;1832;8.97;0.55;196.13;3.24;776;3;597.00;9
1053;3;5455921;1053;189;1826;1833;8.92;0.54;197.06;3.26;773;3;598.00;7
1053;3;5455930;1053;188;1828;1833;8.96;0.55;197.06;3.27;775;3;599.00;5
1056;4;5455946;1056;195;1840;1859;8.88;0.54;197.56;3.25;784;4;600.00;19
1061;4;5455973;1061;191;1842;1859;8.83;0.54;197.43;3.25;781;4;601.00;17
1066;4;5455982;1066;188;1844;1859;8.77;0.53;197.87;3.25;778;4;602.00;15
1068;4;5455991;1068;192;1846;1860;8.73;0.53;198.22;3.25;778;4;603.00;14
1071;4;5456000;1071;189;1846;1860;8.72;0.53;198.16;3.25;775;4;604.00;14
1073;4;5456009;1073;196;1850;1866;8.71;0.53;198.34;3.25;777;4;605.00;16
1076;4;5456018;1076;203;1852;1866;8.64;0.53;198.65;3.25;776;4;606.00;14
1081;4;5456027;1081;198;1855;1867;8.49;0.52;199.07;3.25;774;4;607.00;12
1081;4;5456036;1081;198;1855;1867;8.49;0.52;199.07;3.25;774;4;608.00;12
1085;4;5456046;1085;196;1855;1867;8.42;0.51;199.49;3.25;770;4;609.00;12
1087;4;5456055;1087;201;1857;1867;8.34;0.51;199.75;3.27;770;4;610.00;10
1088;4;5456064;1088;208;1858;1867;8.31;0.51;199.73;3.28;770;4;611.00;9
1089;4;5456073;1089;216;1870;1879;8.28;0.50;199.91;3.27;781;4;612.00;9
1090;4;5456082;1090;221;1872;1879;8.23;0.50;199.96;3.28;782;4;613.00;7
1091;4;5456092;1091;226;1873;1879;8.29;0.50;200.01;3.28;782;4;614.00;6
1093;4;5456101;1093;226;1873;1879;8.34;0.51;199.94;3.28;780;4;615.00;6
1094;4;5456110;1094;229;1873;1879;8.31;0.50;200.18;3.28;779;4;616.00;6
1095;4;5456119;1095;232;1873;1879;8.26;0.50;200.29;3.28;778;4;617.00;6
1096;4;5456128;1096;238;1877;1883;8.23;0.50;200.12;3.28;781;4;618.00;6
1097;4;5456138;1097;235;1878;1883;8.19;0.50;200.18;3.29;781;4;619.00;5
1099;4;5456148;1099;236;1882;1887;8.19;0.50;200.34;3.29;783;4;620.00;5
1101;4;5456157;1101;241;1883;1888;8.18;0.50;200.10;3.28;782;4;621.00;5
1103;4;5456166;1103;245;1883;1888;8.20;0.50;200.12;3.28;780;4;622.00;5
1105;4;5456176;1105;251;1883;1888;8.18;0.50;200.10;3.28;778;4;623.00;5
1107;4;5456185;1107;257;1892;1901;8.06;0.49;199.93;3.28;785;4;624.00;9
1108;4;5456195;1108;258;1894;1901;7.95;0.48;200.04;3.29;786;4;625.00;7
1110;4;5456204;1110;260;1895;1901;7.85;0.48;199.89;3.29;785;4;626.00;6
1112;4;5456216;1112;271;1897;1902;7.73;0.47;199.58;3.29;785;4;627.00;5
1113;4;5456225;1113;278;1898;1903;7.73;0.47;199.42;3.29;785;4;628.00;5
1113;4;5456234;1113;281;1901;1903;7.73;0.47;199.42;3.32;788;4;629.00;2
1115;4;5456244;1115;283;1906;1909;7.75;0.47;199.40;3.31;791;4;630.00;3
1117;4;5456253;1117;292;1907;1909;7.68;0.47;199.45;3.31;790;4;631.00;2
1119;4;5456262;1119;298;1909;1909;7.65;0.47;199.42;3.31;790;4;632.00;0
1122;4;5456270;1122;300;1909;1909;7.63;0.47;199.23;3.31;787;4;633.00;0
1127;4;5456279;1127;304;1914;1915;7.64;0.47;198.97;3.30;787;4;634.00;1
1129;4;5456288;1129;302;1914;1915;7.62;0.47;198.84;3.30;785;4;635.00;1
1133;4;5456296;1133;307;1915;1915;7.53;0.46;198.63;3.30;782;4;636.00;0
1134;4;5456304;1134;313;1915;1915;7.47;0.46;198.55;3.30;781;4;637.00;0
1135;4;5456313;1135;316;1919;1919;7.51;0.46;198.50;3.30;784;4;638.00;0
1136;4;5456321;1136;319;1920;1920;7.51;0.46;198.54;3.30;784;4;639.00;0
1138;4;5456329;1138;324;1920;1920;7.48;0.46;198.39;3.30;782;4;640.00;0
1139;4;5456337;1139;328;1921;1921;7.42;0.45;198.41;3.29;782;4;641.00;0
1142;4;5456346;1142;330;1921;1921;7.27;0.45;198.21;3.29;779;4;642.00;0
1143;4;5456354;1143;331;1921;1921;7.14;0.44;198.15;3.29;778;4;643.00;0
1143;4;5456362;1143;331;1921;1921;7.01;0.43;198.15;3.29;778;4;644.00;0
1144;4;5456370;1144;331;1921;1921;6.94;0.43;198.16;3.29;777;4;645.00;0
1145;4;5456378;1145;327;1921;1921;6.89;0.42;198.29;3.29;776;4;646.00;0
1149;4;5456386;1149;323;1921;1921;6.86;0.42;198.05;3.29;772;4;647.00;0
1150;4;5456394;1150;330;1962;1991;7.08;0.44;198.13;3.23;812;4;648.00;29
1154;4;5456407;1154;329;1965;1992;6.96;0.43;197.97;3.22;811;4;649.00;27
1155;4;5456415;1155;320;1973;1992;6.93;0.42;197.90;3.22;818;4;650.00;19
1156;4;5456423;1156;322;1974;1992;6.88;0.42;197.90;3.22;818;4;651.00;18
1157;4;5456431;1157;322;1977;1992;6.81;0.42;197.83;3.22;820;4;652.00;15
1158;4;5456438;1158;322;1978;1992;6.77;0.41;197.78;3.22;820;4;653.00;14
1161;4;5456446;1161;327;1980;1992;6.74;0.41;197.65;3.22;819;4;654.00;12
1161;4;5456454;1161;322;1983;1992;6.75;0.41;197.65;3.23;822;4;655.00;9
1162;4;5456462;1162;310;1984;1993;6.74;0.41;197.52;3.23;822;4;656.00;9
1167;4;5456470;1167;300;1987;1994;6.69;0.41;197.81;3.23;820;4;657.00;7
1169;4;5456478;1169;293;1987;1994;6.64;0.41;197.81;3.23;818;4;658.00;7
1173;4;5456486;1173;294;1993;1998;6.58;0.40;197.95;3.24;820;4;659.00;5
1175;4;5456496;1175;283;1995;1998;6.62;0.40;197.72;3.25;820;4;660.00;3
1177;4;5456504;1177;280;1997;1998;6.63;0.41;198.13;3.26;820;4;661.00;1
1180;4;5456518;1180;276;1998;1998;6.74;0.41;198.11;3.26;818;4;662.00;0
1182;4;5456526;1182;268;2004;2004;6.85;0.42;198.46;3.25;822;4;663.00;0
1185;4;5456536;1185;270;2004;2004;6.93;0.42;198.66;3.25;819;4;664.00;0
1186;4;5456544;1186;267;2004;2004;6.98;0.43;198.75;3.25;818;4;665.00;0
1191;4;5456553;1191;261;2007;2007;7.02;0.43;198.99;3.25;816;4;666.00;0
1192;4;5456563;1192;253;2007;2007;7.13;0.43;199.14;3.25;815;4;667.00;0
1194;4;5456571;1194;245;2007;2007;7.19;0.44;199.45;3.25;813;4;668.00;0
1197;4;5456580;1197;243;2008;2008;7.23;0.44;199.78;3.25;811;4;669.00;0
1198;4;5456589;1198;236;2009;2009;7.28;0.44;199.81;3.24;811;4;670.00;0
1201;4;5456598;1201;231;2009;2009;7.32;0.45;199.84;3.24;808;4;671.00;0
1203;4;5456608;1203;236;2022;2022;7.42;0.45;199.75;3.22;819;4;672.00;0
1206;4;5456618;1206;238;2022;2022;7.48;0.45;199.52;3.22;816;4;673.00;0
1208;4;5456628;1208;244;2022;2022;7.52;0.46;199.84;3.22;814;4;674.00;0
1212;4;5456637;1212;241;2024;2024;7.56;0.46;199.94;3.22;812;4;675.00;0
1215;4;5456647;1215;240;2024;2024;7.61;0.46;200.02;3.22;809;4;676.00;0
1220;4;5456657;1220;241;2028;2028;7.63;0.46;200.92;3.22;808;4;677.00;0
1223;4;5456667;1223;239;2028;2028;7.70;0.47;200.94;3.22;805;4;678.00;0
1227;4;5456677;1227;239;2032;2032;7.79;0.47;201.38;3.21;805;4;679.00;0
1229;4;5456687;1229;239;2032;2032;7.84;0.48;201.83;3.21;803;4;680.00;0
1232;4;5456697;1232;242;2032;2032;7.82;0.48;202.13;3.21;800;4;681.00;0
1236;4;5456707;1236;237;2032;2032;7.84;0.48;202.34;3.21;796;4;682.00;0
1241;4;5456717;1241;237;2032;2032;7.88;0.48;202.85;3.21;791;4;683.00;0
1247;4;5456727;1247;236;2043;2044;7.94;0.48;203.19;3.19;796;4;684.00;1
1253;4;5456738;1253;239;2043;2044;8.01;0.49;203.49;3.19;790;4;685.00;1
1256;4;5456748;1256;239;2044;2044;8.08;0.49;203.88;3.19;788;4;686.00;0
1259;4;5456758;1259;235;2044;2044;8.19;0.50;204.24;3.19;785;4;687.00;0
1260;4;5456768;1260;231;2044;2044;8.27;0.50;204.44;3.19;784;4;688.00;0
1262;4;5456777;1262;229;2044;2044;8.30;0.51;204.84;3.19;782;4;689.00;0
1264;4;5456790;1264;230;2045;2045;8.34;0.51;205.19;3.19;781;4;690.00;0
1272;4;5456800;1272;225;2045;2045;8.33;0.51;205.42;3.19;773;4;691.00;0
1277;4;5456811;1277;225;2051;2051;8.30;0.51;205.73;3.19;774;4;692.00;0
1281;4;5456821;1281;226;2052;2052;8.26;0.50;206.47;3.18;771;4;693.00;0
1283;4;5456832;1283;229;2052;2052;8.27;0.50;206.56;3.18;769;4;694.00;0
1288;4;5456841;1288;231;2052;2052;8.26;0.50;206.96;3.18;764;4;695.00;0
1293;4;5456851;1293;229;2056;2056;8.23;0.50;207.68;3.18;763;4;696.00;0
1296;4;5456861;1296;227;2056;2056;8.26;0.50;207.97;3.18;760;4;697.00;0
1300;4;5456871;1300;225;2056;2056;8.26;0.50;208.47;3.18;756;4;698.00;0
1306;4;5456881;1306;227;2057;2057;8.24;0.50;209.05;3.18;751;4;699.00;0
1310;4;5456891;1310;229;2061;2061;8.22;0.50;209.35;3.17;751;4;700.00;0
1315;4;5456905;1315;228;2061;2061;8.15;0.50;209.82;3.17;746;4;701.00;0
1320;4;5456915;1320;229;2063;2064;8.07;0.49;210.19;3.17;743;4;702.00;1
1321;4;5456926;1321;232;2063;2064;8.05;0.49;210.32;3.17;742;4;703.00;1
1324;4;5456935;1324;231;2064;2064;8.11;0.49;210.31;3.17;740;4;704.00;0
1328;4;5456944;1328;232;2064;2064;8.05;0.49;210.65;3.17;736;4;705.00;0
1330;4;5456954;1330;236;2068;2068;8.05;0.49;210.64;3.17;738;4;706.00;0
1331;4;5456964;1331;221;2068;2068;8.10;0.49;210.66;3.17;737;4;707.00;0
1333;4;5456973;1333;216;2068;2068;8.10;0.49;210.75;3.17;735;4;708.00;0
1334;4;5456983;1334;211;2068;2068;8.14;0.49;210.88;3.17;734;4;709.00;0
1337;4;5456992;1337;209;2069;2069;8.16;0.50;211.10;3.16;732;4;710.00;0
1338;4;5457002;1338;214;2070;2070;8.17;0.50;211.07;3.16;732;4;711.00;0
1338;4;5457012;1338;213;2070;2070;8.21;0.50;211.07;3.16;732;4;712.00;0
1339;4;5457021;1339;214;2071;2071;8.21;0.50;211.17;3.16;732;4;713.00;0
1341;4;5457031;1341;214;2071;2071;8.28;0.50;211.28;3.16;730;4;714.00;0
1344;4;5457041;1344;216;2071;2071;8.34;0.51;211.83;3.16;727;4;715.00;0
1348;4;5457055;1348;206;2071;2071;8.39;0.51;212.20;3.16;723;4;716.00;0
1350;4;5457066;1350;198;2071;2071;8.43;0.51;212.07;3.16;721;4;717.00;0
1352;4;5457075;1352;194;2071;2071;8.47;0.52;212.39;3.16;719;4;718.00;0
1356;4;5457084;1356;186;2071;2071;8.45;0.51;212.59;3.16;715;4;719.00;0
1356;4;5457095;1356;232;2196;2301;8.25;0.52;212.59;2.98;840;4;720.00;105
1360;4;5457123;1360;224;2206;2302;8.24;0.52;212.88;2.97;846;4;721.00;96
1362;4;5457135;1362;213;2215;2302;8.30;0.52;213.03;2.97;853;4;722.00;87
1362;4;5457146;1362;208;2220;2302;8.31;0.52;213.03;2.97;858;4;723.00;82
1365;4;5457163;1365;210;2232;2302;8.19;0.51;213.01;2.98;867;4;724.00;70
1367;4;5457179;1367;209;2234;2302;8.11;0.51;213.11;2.98;867;4;725.00;68
1367;4;5457189;1367;208;2239;2302;8.15;0.51;213.11;2.98;872;4;726.00;63
1370;4;5457199;1370;213;2244;2302;8.13;0.51;213.40;2.99;874;4;727.00;58
1373;4;5457210;1373;217;2248;2303;8.06;0.50;213.60;3.00;875;4;728.00;55
1376;4;5457221;1376;220;2250;2304;8.09;0.50;213.71;3.01;874;4;729.00;54
1379;4;5457231;1379;224;2260;2304;8.02;0.50;213.92;3.04;881;4;730.00;44
1380;4;5457242;1380;231;2264;2305;7.97;0.49;214.04;3.05;884;4;731.00;41
1385;4;5457253;1385;237;2264;2305;7.86;0.49;214.15;3.05;879;4;732.00;41
1388;4;5457264;1388;247;2268;2305;7.78;0.48;214.22;3.07;880;4;733.00;37
1390;4;5457274;1390;255;2271;2305;7.72;0.48;214.37;3.08;881;4;734.00;34
1390;4;5457285;1390;255;2274;2309;7.71;0.48;214.37;3.08;884;4;735.00;35
1392;4;5457296;1392;253;2275;2309;7.67;0.47;214.50;3.09;883;4;736.00;34
1394;4;5457313;1394;261;2276;2309;7.65;0.47;214.55;3.10;882;4;737.00;33
1396;4;5457330;1396;265;2279;2312;7.64;0.47;214.52;3.11;883;4;738.00;33
1398;4;5457342;1398;269;2280;2312;7.64;0.47;214.69;3.12;882;4;739.00;32
1402;4;5457353;1402;269;2281;2312;7.56;0.46;215.05;3.13;879;4;740.00;31
1402;4;5457365;1402;268;2287;2316;7.52;0.46;215.05;3.15;885;4;741.00;29
1404;4;5457376;1404;271;2288;2317;7.54;0.46;215.04;3.15;884;4;742.00;29
1405;4;5457388;1405;268;2288;2317;7.58;0.46;215.00;3.15;883;4;743.00;29
1407;4;5457398;1407;270;2292;2321;7.56;0.46;215.36;3.16;885;4;744.00;29
1408;4;5457410;1408;275;2295;2321;7.57;0.47;215.48;3.16;887;4;745.00;26
1411;4;5457421;1411;273;2295;2321;7.58;0.47;215.70;3.16;884;4;746.00;26
1413;4;5457433;1413;285;2297;2322;7.61;0.47;215.58;3.18;884;4;747.00;25
1415;4;5457444;1415;286;2299;2322;7.56;0.46;215.51;3.19;884;4;748.00;23
1416;4;5457454;1416;291;2307;2328;7.48;0.46;215.59;3.22;891;4;749.00;21
1419;4;5457467;1419;287;2307;2328;7.44;0.45;215.77;3.22;888;4;750.00;21
1419;4;5457492;1419;288;2311;2329;7.50;0.46;215.77;3.25;892;4;751.00;18
1420;4;5457508;1420;286;2311;2329;7.50;0.46;215.73;3.25;891;4;752.00;18
1423;4;5457518;1423;283;2311;2329;7.47;0.46;215.96;3.25;888;4;753.00;18
1424;4;5457529;1424;284;2313;2329;7.51;0.46;216.00;3.27;889;4;754.00;16
1426;4;5457539;1426;282;2313;2329;7.50;0.46;216.25;3.27;887;4;755.00;16
1432;4;5457549;1432;283;2325;2341;7.47;0.46;216.26;3.27;893;4;756.00;16
1432;4;5457561;1432;282;2327;2341;7.49;0.46;216.26;3.29;895;4;757.00;14
1434;4;5457571;1434;277;2328;2341;7.54;0.46;216.35;3.28;894;4;758.00;13
1438;4;5457582;1438;276;2328;2341;7.61;0.47;216.81;3.28;890;4;759.00;13
1440;4;5457593;1440;271;2328;2341;7.67;0.47;216.80;3.28;888;4;760.00;13
1444;4;5457604;1444;271;2329;2341;7.64;0.47;216.90;3.29;885;4;761.00;12
1447;4;5457615;1447;270;2334;2345;7.57;0.46;216.93;3.29;887;4;762.00;11
1447;4;5457627;1447;264;2334;2345;7.67;0.47;216.93;3.29;887;4;763.00;11
1450;4;5457637;1450;266;2338;2349;7.66;0.47;216.88;3.28;888;4;764.00;11
1452;4;5457648;1452;267;2340;2351;7.69;0.47;216.96;3.28;888;4;765.00;11
1454;4;5457658;1454;263;2340;2351;7.70;0.47;217.04;3.28;886;4;766.00;11
1456;4;5457668;1456;265;2340;2351;7.74;0.47;217.19;3.28;884;4;767.00;11
1458;4;5457678;1458;268;2351;2364;7.75;0.47;217.25;3.26;893;4;768.00;13
1462;4;5457690;1462;272;2351;2364;7.71;0.47;217.36;3.26;889;4;769.00;13
1463;4;5457700;1463;278;2351;2364;7.74;0.47;217.25;3.26;888;4;770.00;13
1464;4;5457709;1464;282;2352;2365;7.73;0.47;217.28;3.26;888;4;771.00;13
1466;4;5457724;1466;284;2353;2366;7.71;0.47;217.37;3.28;887;4;772.00;13
1467;4;5457734;1467;288;2353;2366;7.67;0.47;217.45;3.28;886;4;773.00;13
1468;4;5457744;1468;295;2356;2369;7.64;0.46;217.50;3.30;888;4;774.00;13
1470;4;5457755;1470;310;2357;2369;7.61;0.46;217.54;3.30;887;4;775.00;12
1471;4;5457764;1471;312;2357;2369;7.56;0.46;217.48;3.30;886;4;776.00;12
1474;4;5457774;1474;319;2359;2369;7.49;0.46;217.56;3.35;885;4;777.00;10
1474;4;5457783;1474;317;2365;2375;7.52;0.46;217.56;3.37;891;4;778.00;10
1474;4;5457793;1474;322;2365;2375;7.48;0.46;217.56;3.37;891;4;779.00;10
1474;4;5457804;1474;323;2366;2375;7.41;0.45;217.56;3.39;892;4;780.00;9
1475;4;5457814;1475;329;2367;2375;7.35;0.45;217.44;3.41;892;4;781.00;8
1477;4;5457823;1477;334;2370;2379;7.31;0.45;217.34;3.41;893;4;782.00;9
1481;4;5457833;1481;338;2372;2380;7.24;0.44;217.11;3.43;891;4;783.00;8
1484;4;5457843;1484;340;2372;2380;7.17;0.44;217.09;3.43;888;4;784.00;8
1488;4;5457852;1488;349;2375;2381;7.07;0.43;216.72;3.49;887;4;785.00;6
1491;4;5457862;1491;352;2375;2381;7.03;0.43;216.42;3.49;884;4;786.00;6
1495;4;5457871;1495;359;2376;2381;6.94;0.42;216.14;3.51;881;4;787.00;5
1496;4;5457881;1496;359;2376;2381;6.94;0.42;216.09;3.51;880;4;788.00;5
1497;4;5457889;1497;361;2378;2381;6.95;0.42;216.23;3.53;881;4;789.00;3
1501;4;5457898;1501;364;2379;2381;6.89;0.42;216.00;3.53;878;4;790.00;2
1503;4;5457909;1503;364;2380;2381;6.86;0.42;215.80;3.54;877;4;791.00;1
1504;4;5457919;1504;369;2418;2451;7.06;0.43;215.80;3.48;914;4;792.00;33
1504;4;5457934;1504;368;2421;2452;7.04;0.43;215.80;3.48;917;4;793.00;31
1506;4;5457943;1506;369;2431;2452;7.02;0.43;215.70;3.48;925;4;794.00;21
1508;4;5457953;1508;376;2432;2452;6.97;0.43;215.60;3.48;924;4;795.00;20
1510;4;5457962;1510;378;2435;2452;6.89;0.42;215.74;3.48;925;4;796.00;17
1510;4;5457971;1510;379;2438;2452;6.83;0.42;215.74;3.48;928;4;797.00;14
1510;4;5457982;1510;385;2441;2452;6.73;0.41;215.74;3.48;931;4;798.00;11
1511;4;5457994;1511;389;2443;2452;6.70;0.41;215.79;3.49;932;4;799.00;9
1513;5;5458005;1513;397;2444;2453;6.62;0.41;215.63;3.49;931;5;800.00;9
1514;5;5458036;1514;402;2446;2454;6.55;0.40;215.77;3.49;932;5;801.00;8
1515;5;5458046;1515;391;2448;2454;6.52;0.40;215.68;3.50;933;5;802.00;6
1517;5;5458056;1517;387;2455;2458;6.49;0.40;215.42;3.50;938;5;803.00;3
1518;5;5458068;1518;384;2457;2458;6.52;0.40;215.37;3.51;939;5;804.00;1
1520;5;5458078;1520;384;2458;2458;6.55;0.40;215.25;3.51;938;5;805.00;0
1521;5;5458089;1521;384;2458;2458;6.57;0.40;215.28;3.51;937;5;806.00;0
1522;5;5458100;1522;384;2464;2464;6.58;0.40;215.29;3.50;942;5;807.00;0
1523;5;5458111;1523;380;2464;2464;6.53;0.40;215.20;3.50;941;5;808.00;0
1524;5;5458122;1524;372;2464;2464;6.46;0.40;215.17;3.50;940;5;809.00;0
1528;5;5458136;1528;367;2469;2470;6.42;0.39;215.19;3.49;941;5;810.00;1
1529;5;5458148;1529;365;2469;2470;6.38;0.39;215.16;3.49;940;5;811.00;1
1530;5;5458158;1530;363;2470;2470;6.36;0.39;215.20;3.49;940;5;812.00;0
1531;5;5458175;1531;365;2471;2471;6.36;0.39;215.12;3.49;940;5;813.00;0
1533;5;5458186;1533;363;2472;2472;6.33;0.39;215.08;3.49;939;5;814.00;0
1535;5;5458199;1535;358;2472;2472;6.27;0.38;214.92;3.49;937;5;815.00;0
1536;5;5458211;1536;363;2484;2485;6.23;0.38;214.80;3.47;948;5;816.00;1
1538;5;5458224;1538;359;2484;2485;6.27;0.38;214.65;3.47;946;5;817.00;1
1540;5;5458235;1540;358;2485;2485;6.33;0.39;214.55;3.47;945;5;818.00;0
1541;5;5458247;1541;357;2486;2486;6.43;0.39;214.48;3.47;945;5;819.00;0
1544;5;5458259;1544;348;2486;2486;6.48;0.39;214.34;3.47;942;5;820.00;0
1546;5;5458269;1546;342;2490;2490;6.49;0.39;214.50;3.47;944;5;821.00;0
1548;5;5458281;1548;336;2490;2490;6.45;0.39;214.72;3.47;942;5;822.00;0
1550;5;5458292;1550;336;2494;2494;6.38;0.39;214.90;3.46;944;5;823.00;0
1554;5;5458304;1554;331;2494;2494;6.29;0.38;215.10;3.46;940;5;824.00;0
1557;5;5458315;1557;322;2494;2494;6.23;0.38;215.15;3.46;937;5;825.00;0
1563;5;5458326;1563;305;2494;2494;6.13;0.37;215.15;3.46;931;5;826.00;0
1566;5;5458339;1566;305;2494;2494;6.10;0.37;215.32;3.46;928;5;827.00;0
1570;5;5458350;1570;307;2506;2506;6.12;0.37;215.32;3.45;936;5;828.00;0
1573;5;5458363;1573;305;2506;2506;6.19;0.38;215.40;3.45;933;5;829.00;0
1576;5;5458374;1576;300;2506;2506;6.30;0.38;215.74;3.45;930;5;830.00;0
1579;5;5458386;1579;298;2506;2506;6.40;0.39;216.02;3.45;927;5;831.00;0
1582;5;5458398;1582;285;2506;2506;6.52;0.40;216.02;3.45;924;5;832.00;0
1584;5;5458411;1584;276;2506;2506;6.67;0.41;215.96;3.45;922;5;833.00;0
1586;5;5458422;1586;271;2507;2507;6.68;0.41;215.85;3.45;921;5;834.00;0
1590;5;5458437;1590;267;2507;2507;6.69;0.41;216.20;3.45;917;5;835.00;0
1593;5;5458448;1593;261;2513;2513;6.79;0.41;216.51;3.44;920;5;836.00;0
1595;5;5458461;1595;262;2514;2514;6.81;0.42;216.96;3.44;919;5;837.00;0
1598;6;5458478;1598;253;2514;2514;6.83;0.42;217.03;3.44;916;6;838.00;0
1602;6;5458496;1602;250;2514;2514;6.91;0.42;217.63;3.44;912;6;839.00;0
1605;6;5458509;1605;251;2519;2519;6.98;0.43;218.01;3.43;914;6;840.00;0
1608;6;5458521;1608;248;2519;2519;7.07;0.43;218.50;3.43;911;6;841.00;0
1614;6;5458532;1614;244;2519;2519;7.14;0.44;218.48;3.43;905;6;842.00;0
1619;6;5458548;1619;242;2520;2520;7.16;0.44;218.72;3.43;901;6;843.00;0
1624;6;5458560;1624;243;2524;2524;7.18;0.44;219.38;3.43;900;6;844.00;0
1627;6;5458573;1627;236;2524;2524;7.27;0.44;219.77;3.43;897;6;845.00;0
1633;6;5458584;1633;236;2526;2527;7.31;0.44;220.14;3.42;893;6;846.00;1
1635;6;5458596;1635;232;2526;2527;7.36;0.45;220.20;3.42;891;6;847.00;1
1640;6;5458609;1640;233;2527;2527;7.43;0.45;220.53;3.42;887;6;848.00;0
1643;6;5458626;1643;232;2527;2527;7.48;0.45;220.63;3.42;884;6;849.00;0
1650;6;5458641;1650;233;2531;2531;7.45;0.45;220.83;3.42;881;6;850.00;0
1654;6;5458657;1654;235;2531;2531;7.48;0.46;221.32;3.42;877;6;851.00;0
1658;6;5458671;1658;233;2531;2531;7.54;0.46;221.57;3.42;873;6;852.00;0
1666;6;5458687;1666;231;2531;2531;7.55;0.46;221.72;3.42;865;6;853.00;0
1669;6;5458700;1669;225;2532;2532;7.58;0.46;221.54;3.42;863;6;854.00;0
1672;6;5458712;1672;227;2534;2534;7.66;0.47;222.10;3.42;862;6;855.00;0
1676;6;5458723;1676;228;2534;2534;7.63;0.46;222.62;3.42;858;6;856.00;0
1681;6;5458735;1681;226;2535;2535;7.59;0.46;222.96;3.42;854;6;857.00;0
1688;6;5458747;1688;227;2535;2535;7.48;0.45;223.73;3.42;847;6;858.00;0
1690;6;5458760;1690;225;2535;2535;7.46;0.45;223.85;3.42;845;6;859.00;0
1693;6;5458772;1693;225;2535;2535;7.44;0.45;224.34;3.42;842;6;860.00;0
1699;6;5458783;1699;228;2535;2535;7.41;0.45;224.23;3.42;836;6;861.00;0
1703;6;5458795;1703;228;2535;2535;7.45;0.45;224.50;3.42;832;6;862.00;0
1707;6;5458807;1707;232;2535;2535;7.48;0.45;225.34;3.42;828;6;863.00;0
1709;6;5458819;1709;257;2611;2662;7.65;0.47;225.62;3.32;902;6;864.00;51
1712;6;5458843;1712;247;2616;2663;7.67;0.47;226.09;3.31;904;6;865.00;47
1716;6;5458856;1716;247;2621;2663;7.67;0.47;226.52;3.31;905;6;866.00;42
1718;6;5458866;1718;244;2624;2663;7.66;0.47;226.75;3.31;906;6;867.00;39
1721;6;5458879;1721;246;2628;2663;7.69;0.47;226.93;3.31;907;6;868.00;35
1723;6;5458893;1723;249;2629;2663;7.63;0.47;227.16;3.31;906;6;869.00;34
1728;6;5458908;1728;263;2630;2663;7.54;0.46;227.47;3.31;902;6;870.00;33
1730;6;5458922;1730;269;2632;2663;7.54;0.46;227.34;3.32;902;6;871.00;31
1734;6;5458934;1734;263;2633;2664;7.46;0.46;227.69;3.32;899;6;872.00;31
1734;6;5458950;1734;266;2637;2665;7.36;0.45;227.69;3.33;903;6;873.00;28
1736;6;5458963;1736;265;2639;2665;7.28;0.45;228.08;3.33;903;6;874.00;26
1741;6;5458976;1741;269;2640;2666;7.18;0.44;228.38;3.33;899;6;875.00;26
1743;6;5458989;1743;268;2642;2666;7.17;0.44;228.54;3.34;899;6;876.00;24
1746;6;5459002;1746;274;2644;2666;7.17;0.44;228.80;3.34;898;6;877.00;22
1747;6;5459018;1747;282;2646;2666;7.22;0.44;228.99;3.35;899;6;878.00;20
1749;6;5459032;1749;289;2652;2670;7.21;0.44;229.09;3.37;903;6;879.00;18
1751;6;5459048;1751;292;2652;2670;7.17;0.44;229.15;3.37;901;6;880.00;18
1754;6;5459070;1754;280;2654;2670;7.18;0.44;229.27;3.37;900;6;881.00;16
1760;6;5459087;1760;276;2655;2673;7.24;0.44;229.87;3.38;895;6;882.00;18
1762;6;5459103;1762;271;2657;2673;7.28;0.45;230.25;3.39;895;6;883.00;16
1762;6;5459118;1762;268;2658;2673;7.33;0.45;230.25;3.40;896;6;884.00;15
1769;6;5459133;1769;262;2663;2677;7.29;0.45;230.25;3.41;894;6;885.00;14
1773;6;5459150;1773;262;2665;2678;7.38;0.45;230.60;3.41;892;6;886.00;13
1775;6;5459167;1775;260;2666;2678;7.48;0.46;230.53;3.42;891;6;887.00;12
1779;6;5459180;1779;261;2669;2682;7.49;0.46;230.97;3.42;890;6;888.00;13
1781;6;5459196;1781;261;2672;2682;7.56;0.46;230.92;3.44;891;6;889.00;10
1783;6;5459215;1783;265;2672;2682;7.61;0.47;231.19;3.44;889;6;890.00;10
1788;6;5459233;1788;267;2673;2683;7.67;0.47;231.50;3.44;885;6;891.00;10
1790;6;5459251;1790;254;2674;2683;7.79;0.48;231.79;3.45;884;6;892.00;9
1792;6;5459267;1792;249;2681;2689;7.89;0.48;231.83;3.46;889;6;893.00;8
1797;6;5459287;1797;248;2682;2689;8.00;0.49;232.22;3.47;885;6;894.00;7
1797;6;5459305;1797;245;2685;2690;8.17;0.50;232.22;3.48;888;6;895.00;5
1800;6;5459325;1800;243;2686;2690;8.30;0.51;232.54;3.48;886;6;896.00;4
1803;6;5459343;1803;239;2688;2690;8.42;0.51;232.49;3.49;885;6;897.00;2
1805;6;5459360;1805;235;2689;2690;8.52;0.52;232.47;3.49;884;6;898.00;1
1807;6;5459376;1807;228;2690;2690;8.55;0.52;232.64;3.49;883;6;899.00;0
1809;6;5459395;1809;232;2719;2736;8.54;0.52;232.81;3.45;910;6;900.00;17
1810;6;5459424;1810;237;2722;2736;8.54;0.52;232.78;3.45;912;6;901.00;14
1813;6;5459442;1813;241;2725;2736;8.57;0.52;232.96;3.45;912;6;902.00;11
1816;6;5459458;1816;246;2725;2736;8.50;0.52;232.89;3.45;909;6;903.00;11
1818;6;5459472;1818;249;2727;2736;8.48;0.52;232.75;3.45;909;6;904.00;9
1820;6;5459494;1820;255;2727;2736;8.43;0.51;232.83;3.45;907;6;905.00;9
1822;6;5459508;1822;256;2733;2740;8.36;0.51;232.74;3.45;911;6;906.00;7
1825;6;5459522;1825;261;2733;2740;8.26;0.50;232.82;3.45;908;6;907.00;7
1829;6;5459536;1829;265;2737;2744;8.22;0.50;232.85;3.45;908;6;908.00;7
1829;6;5459550;1829;269;2738;2745;8.16;0.50;232.85;3.45;909;6;909.00;7
1829;6;5459563;1829;272;2738;2745;8.09;0.49;232.85;3.45;909;6;910.00;7
1829;6;5459584;1829;280;2738;2745;8.04;0.49;232.85;3.45;909;6;911.00;7
1831;6;5459597;1831;289;2752;2758;8.01;0.49;232.90;3.44;921;6;912.00;6
1834;6;5459611;1834;290;2752;2758;7.94;0.48;232.94;3.44;918;6;913.00;6
1835;7;5459635;1835;295;2752;2758;7.85;0.48;232.88;3.44;917;7;914.00;6
1838;7;5459667;1838;292;2753;2759;7.81;0.48;232.85;3.44;915;7;915.00;6
1839;7;5459686;1839;297;2754;2760;7.69;0.47;232.90;3.43;915;7;916.00;6
1842;7;5459703;1842;296;2754;2760;7.65;0.47;233.01;3.43;912;7;917.00;6
1844;7;5459719;1844;300;2758;2763;7.56;0.46;232.89;3.44;914;7;918.00;5
1845;7;5459737;1845;294;2758;2763;7.51;0.46;233.06;3.44;913;7;919.00;5
1848;7;5459750;1848;291;2759;2763;7.48;0.45;233.24;3.44;911;7;920.00;4
1852;7;5459763;1852;291;2759;2763;7.43;0.45;233.28;3.44;907;7;921.00;4
1855;7;5459776;1855;281;2763;2769;7.46;0.45;233.15;3.44;908;7;922.00;6
1856;7;5459790;1856;282;2764;2769;7.46;0.45;233.13;3.45;908;7;923.00;5
1858;7;5459803;1858;283;2767;2769;7.47;0.45;233.39;3.46;909;7;924.00;2
1859;7;5459816;1859;282;2767;2769;7.41;0.45;233.37;3.46;908;7;925.00;2
1863;7;5459829;1863;283;2773;2773;7.30;0.44;233.55;3.46;910;7;926.00;0
1864;7;5459843;1864;284;2774;2774;7.24;0.44;233.51;3.46;910;7;927.00;0
1867;7;5459855;1867;287;2774;2774;7.16;0.43;233.50;3.46;907;7;928.00;0
1870;7;5459866;1870;291;2775;2775;7.15;0.43;233.45;3.46;905;7;929.00;0
1874;7;5459878;1874;284;2775;2775;7.12;0.43;233.36;3.46;901;7;930.00;0
1877;7;5459889;1877;285;2775;2775;7.04;0.43;233.29;3.46;898;7;931.00;0
1879;7;5459899;1879;278;2775;2775;7.02;0.43;233.13;3.46;896;7;932.00;0
1883;7;5459910;1883;285;2775;2775;7.04;0.43;233.11;3.46;892;7;933.00;0
1888;7;5459921;1888;281;2775;2775;7.03;0.43;233.36;3.46;887;7;934.00;0
1889;8;5459933;1889;285;2775;2775;7.01;0.42;233.38;3.46;886;8;935.00;0
1890;8;5459957;1890;291;2812;2845;7.17;0.44;233.37;3.41;922;8;936.00;33
1891;8;5459975;1891;289;2813;2846;7.12;0.43;233.36;3.41;922;8;937.00;33
1892;8;5459990;1892;291;2822;2846;7.15;0.43;233.39;3.41;930;8;938.00;24
1892;8;5460007;1892;295;2823;2846;7.15;0.43;233.39;3.41;931;8;939.00;23
1892;8;5460025;1892;295;2828;2846;7.16;0.43;233.39;3.41;936;8;940.00;18
1894;8;5460038;1894;302;2831;2846;7.16;0.43;233.41;3.41;937;8;941.00;15
1895;9;5460053;1895;301;2834;2846;7.17;0.44;233.36;3.41;939;9;942.00;12
1896;9;5460080;1896;302;2837;2846;7.17;0.43;233.39;3.41;941;9;943.00;9
1899;9;5460094;1899;303;2839;2847;7.16;0.43;233.33;3.42;940;9;944.00;8
1900;9;5460106;1900;299;2842;2849;7.12;0.43;233.33;3.42;942;9;945.00;7
1900;9;5460126;1900;300;2844;2849;7.18;0.44;233.33;3.43;944;9;946.00;5
1902;9;5460139;1902;303;2849;2853;7.15;0.43;233.24;3.43;947;9;947.00;4
1903;9;5460151;1903;302;2850;2853;7.13;0.43;233.23;3.43;947;9;948.00;3
1903;9;5460163;1903;288;2850;2853;7.13;0.43;233.23;3.43;947;9;949.00;3
1904;9;5460175;1904;285;2850;2853;7.10;0.43;233.12;3.43;946;9;950.00;3
1906;9;5460187;1906;284;2855;2859;7.13;0.43;233.12;3.42;949;9;951.00;4
1906;9;5460202;1906;285;2855;2859;7.14;0.43;233.12;3.42;949;9;952.00;4
1909;9;5460214;1909;279;2855;2859;7.14;0.43;233.05;3.42;946;9;953.00;4
1910;9;5460227;1910;282;2858;2862;7.22;0.44;233.16;3.42;948;9;954.00;4
1912;9;5460242;1912;292;2860;2862;7.25;0.44;233.08;3.42;948;9;955.00;2
1912;9;5460261;1912;295;2860;2862;7.26;0.44;233.08;3.42;948;9;956.00;2
1913;9;5460273;1913;299;2861;2863;7.22;0.44;233.16;3.43;948;9;957.00;2
1913;9;5460286;1913;301;2862;2864;7.23;0.44;233.16;3.43;949;9;958.00;2
1914;9;5460303;1914;307;2864;2864;7.19;0.44;233.15;3.43;950;9;959.00;0
1916;9;5460319;1916;314;2884;2890;7.17;0.44;232.99;3.41;968;9;960.00;6
1917;9;5460334;1917;311;2885;2890;7.14;0.44;232.92;3.41;968;9;961.00;5
1919;9;5460345;1919;318;2888;2890;7.11;0.43;232.79;3.41;969;9;962.00;2
1920;9;5460357;1920;318;2891;2891;7.08;0.43;232.68;3.40;971;9;963.00;0
1921;9;5460369;1921;321;2891;2891;7.03;0.43;232.65;3.40;970;9;964.00;0
1922;9;5460381;1922;328;2895;2895;7.03;0.43;232.66;3.40;973;9;965.00;0
1923;9;5460393;1923;329;2895;2895;6.97;0.43;232.62;3.40;972;9;966.00;0
1925;9;5460411;1925;333;2899;2899;6.90;0.42;232.63;3.40;974;9;967.00;0
1926;9;5460425;1926;328;2899;2899;6.90;0.42;232.63;3.40;973;9;968.00;0
1926;9;5460439;1926;329;2899;2899;6.91;0.42;232.63;3.40;973;9;969.00;0
1932;9;5460453;1932;329;2899;2899;6.80;0.42;232.36;3.40;967;9;970.00;0
1932;9;5460465;1932;330;2899;2899;6.75;0.42;232.36;3.40;967;9;971.00;0
1935;9;5460477;1935;331;2910;2911;6.71;0.41;232.42;3.39;975;9;972.00;1
1938;9;5460490;1938;333;2910;2911;6.64;0.41;232.34;3.39;972;9;973.00;1
1940;9;5460503;1940;336;2911;2911;6.60;0.40;232.25;3.38;971;9;974.00;0
1941;9;5460515;1941;326;2911;2911;6.57;0.40;232.23;3.38;970;9;975.00;0
1944;9;5460529;1944;324;2911;2911;6.52;0.40;232.31;3.38;967;9;976.00;0
1946;9;5460542;1946;314;2911;2911;6.54;0.40;232.38;3.38;965;9;977.00;0
1947;9;5460557;1947;310;2912;2912;6.57;0.40;232.51;3.38;965;9;978.00;0
1949;9;5460570;1949;305;2912;2912;6.58;0.40;232.39;3.38;963;9;979.00;0
1952;9;5460593;1952;302;2918;2918;6.59;0.40;232.51;3.38;966;9;980.00;0
1955;9;5460622;1955;299;2919;2919;6.59;0.40;232.55;3.38;964;9;981.00;0
1958;9;5460639;1958;304;2919;2919;6.58;0.40;232.52;3.38;961;9;982.00;0
1961;9;5460652;1961;300;2919;2919;6.54;0.40;232.65;3.38;958;9;983.00;0
1964;9;5460665;1964;304;2923;2923;6.55;0.40;232.68;3.37;959;9;984.00;0
1966;9;5460677;1966;305;2923;2923;6.62;0.40;232.56;3.37;957;9;985.00;0
1970;9;5460689;1970;308;2923;2923;6.62;0.40;232.66;3.37;953;9;986.00;0
1973;9;5460699;1973;306;2924;2924;6.61;0.40;232.83;3.37;951;9;987.00;0
1980;9;5460710;1980;311;2928;2928;6.59;0.40;232.97;3.37;948;9;988.00;0
1982;9;5460723;1982;310;2928;2928;6.59;0.40;233.08;3.37;946;9;989.00;0
1988;9;5460736;1988;294;2932;2934;6.56;0.40;233.34;3.36;944;9;990.00;2
1989;9;5460748;1989;287;2932;2934;6.64;0.40;233.36;3.36;943;9;991.00;2
1993;9;5460759;1993;277;2934;2934;6.71;0.41;233.75;3.36;941;9;992.00;0
1997;9;5460771;1997;268;2934;2934;6.67;0.41;233.70;3.36;937;9;993.00;0
2001;9;5460782;2001;263;2938;2938;6.74;0.41;233.92;3.36;937;9;994.00;0
2005;9;5460796;2005;258;2938;2938;6.80;0.41;234.34;3.36;933;9;995.00;0
2009;9;5460808;2009;255;2938;2938;6.82;0.41;234.66;3.36;929;9;996.00;0
2011;9;5460821;2011;246;2938;2938;6.84;0.42;234.63;3.36;927;9;997.00;0
2014;9;5460835;2014;243;2939;2939;6.88;0.42;234.62;3.36;925;9;998.00;0
2017;9;5460847;2017;237;2940;2940;6.93;0.42;234.65;3.36;923;9;999.00;0
2019;9;5460861;2019;242;2940;2940;6.95;0.42;234.72;3.36;921;9;1000.00;0
2025;9;5460880;2025;244;2941;2941;6.95;0.42;234.96;3.36;916;9;1001.00;0
2026;9;5460894;2026;241;2941;2941;6.95;0.42;235.15;3.36;915;9;1002.00;0
2030;9;5460907;2030;243;2941;2941;6.97;0.42;235.36;3.36;911;9;1003.00;0
2034;9;5460920;2034;247;2941;2941;7.04;0.43;235.58;3.36;907;9;1004.00;0
2039;9;5460932;2039;246;2941;2941;7.09;0.43;235.88;3.36;902;9;1005.00;0
2042;9;5460947;2042;249;2941;2941;7.20;0.44;236.06;3.36;899;9;1006.00;0
2048;9;5460966;2048;253;2941;2941;7.22;0.44;236.60;3.36;893;9;1007.00;0
2052;9;5460982;2052;251;3023;3068;7.51;0.46;236.83;3.27;971;9;1008.00;45
2053;9;5461013;2053;244;3028;3069;7.59;0.47;236.99;3.26;975;9;1009.00;41
2059;9;5461029;2059;250;3035;3069;7.65;0.47;237.46;3.26;976;9;1010.00;34
2063;9;5461047;2063;245;3036;3069;7.68;0.47;237.74;3.26;973;9;1011.00;33
2066;9;5461064;2066;254;3042;3069;7.69;0.47;237.96;3.26;976;9;1012.00;27
2071;9;5461076;2071;252;3042;3069;7.70;0.47;238.26;3.26;971;9;1013.00;27
2077;9;5461090;2077;251;3045;3069;7.68;0.47;238.79;3.27;968;9;1014.00;24
2083;9;5461104;2083;255;3046;3069;7.64;0.47;238.95;3.27;963;9;1015.00;23
2087;9;5461117;2087;258;3049;3070;7.55;0.46;239.38;3.27;962;9;1016.00;21
2092;9;5461130;2092;263;3053;3071;7.49;0.46;239.60;3.28;961;9;1017.00;18
2096;9;5461143;2096;267;3055;3071;7.41;0.45;239.86;3.28;959;9;1018.00;16
2101;9;5461156;2101;270;3057;3072;7.30;0.45;240.27;3.28;956;9;1019.00;15
2105;9;5461172;2105;280;3061;3072;7.28;0.45;240.63;3.30;956;9;1020.00;11
2107;9;5461186;2107;287;3063;3072;7.23;0.44;240.74;3.30;956;9;1021.00;9
2115;9;5461198;2115;291;3065;3072;7.18;0.44;241.12;3.31;950;9;1022.00;7
2120;9;5461211;2120;297;3070;3076;7.20;0.44;241.41;3.31;950;9;1023.00;6
2122;9;5461225;2122;292;3071;3076;7.29;0.44;241.57;3.32;949;9;1024.00;5
2130;9;5461238;2130;291;3072;3076;7.21;0.44;241.72;3.32;942;9;1025.00;4
2131;9;5461251;2131;296;3074;3079;7.20;0.44;241.87;3.32;943;9;1026.00;5
2133;9;5461266;2133;298;3076;3079;7.16;0.44;242.01;3.32;943;9;1027.00;3
2137;9;5461286;2137;300;3076;3079;7.12;0.43;242.07;3.32;939;9;1028.00;3
2138;9;5461300;2138;300;3080;3083;7.18;0.44;242.18;3.32;942;9;1029.00;3
2138;10;5461313;2138;305;3083;3084;7.18;0.44;242.18;3.33;945;10;1030.00;1
2142;10;5461335;2142;300;3084;3084;7.11;0.43;242.56;3.33;942;10;1031.00;0
2148;10;5461349;2148;305;3087;3088;7.03;0.43;242.79;3.33;939;10;1032.00;1
2151;10;5461363;2151;300;3088;3088;6.98;0.43;243.05;3.33;937;10;1033.00;0
2153;10;5461377;2153;300;3088;3088;6.90;0.42;243.07;3.33;935;10;1034.00;0
2155;10;5461391;2155;301;3090;3090;6.88;0.42;243.27;3.32;935;10;1035.00;0
2157;10;5461404;2157;311;3090;3090;6.76;0.41;243.29;3.32;933;10;1036.00;0
2159;10;5461416;2159;310;3096;3096;6.71;0.41;243.31;3.32;937;10;1037.00;0
2162;10;5461430;2162;312;3096;3096;6.64;0.40;243.48;3.32;934;10;1038.00;0
2164;10;5461448;2164;301;3097;3097;6.64;0.41;243.61;3.32;933;10;1039.00;0
2168;10;5461461;2168;302;3097;3097;6.64;0.40;243.55;3.32;929;10;1040.00;0
2171;10;5461473;2171;300;3097;3097;6.71;0.41;243.81;3.32;926;10;1041.00;0
2174;10;5461485;2174;301;3097;3097;6.72;0.41;243.79;3.32;923;10;1042.00;0
2178;10;5461497;2178;301;3097;3097;6.76;0.41;243.91;3.32;919;10;1043.00;0
2185;10;5461509;2185;308;3108;3109;6.87;0.42;244.17;3.31;923;10;1044.00;1
2187;10;5461522;2187;315;3108;3109;6.89;0.42;244.23;3.31;921;10;1045.00;1
2189;10;5461535;2189;300;3109;3109;6.98;0.43;244.39;3.31;920;10;1046.00;0
2193;10;5461549;2193;295;3109;3109;7.03;0.43;244.75;3.31;916;10;1047.00;0
2195;10;5461567;2195;292;3109;3109;7.12;0.44;244.96;3.31;914;10;1048.00;0
2197;10;5461579;2197;292;3109;3109;7.20;0.44;245.01;3.31;912;10;1049.00;0
2201;10;5461592;2201;291;3115;3115;7.22;0.44;245.22;3.30;914;10;1050.00;0
2205;10;5461605;2205;291;3115;3115;7.28;0.44;245.56;3.30;910;10;1051.00;0
2206;10;5461619;2206;296;3119;3119;7.38;0.45;245.60;3.30;913;10;1052.00;0
2209;10;5461633;2209;298;3120;3120;7.42;0.45;245.83;3.30;911;10;1053.00;0
2213;10;5461646;2213;302;3120;3120;7.45;0.46;246.03;3.30;907;10;1054.00;0
2216;10;5461657;2216;302;3120;3120;7.43;0.45;246.23;3.30;904;10;1055.00;0
2221;10;5461671;2221;306;3133;3133;7.43;0.45;246.46;3.28;912;10;1056.00;0
2223;10;5461684;2223;298;3133;3133;7.44;0.45;246.74;3.28;910;10;1057.00;0
2225;10;5461698;2225;291;3133;3133;7.45;0.46;246.99;3.28;908;10;1058.00;0
2227;10;5461710;2227;283;3134;3134;7.52;0.46;247.13;3.28;907;10;1059.00;0
2228;10;5461723;2228;284;3135;3135;7.53;0.46;247.14;3.28;907;10;1060.00;0
2233;10;5461736;2233;277;3135;3135;7.56;0.46;247.34;3.28;902;10;1061.00;0
2235;10;5461749;2235;274;3137;3138;7.60;0.46;247.37;3.28;902;10;1062.00;1
2235;10;5461763;2235;278;3137;3138;7.62;0.47;247.37;3.28;902;10;1063.00;1
2240;10;5461776;2240;280;3138;3138;7.56;0.46;247.61;3.28;898;10;1064.00;0
2245;10;5461789;2245;278;3138;3138;7.52;0.46;247.61;3.28;893;10;1065.00;0
2249;10;5461801;2249;285;3144;3144;7.54;0.46;247.67;3.28;895;10;1066.00;0
2252;10;5461815;2252;285;3144;3144;7.50;0.46;247.86;3.28;892;10;1067.00;0
2253;10;5461827;2253;289;3144;3144;7.44;0.45;247.80;3.28;891;10;1068.00;0
2257;10;5461840;2257;296;3144;3144;7.36;0.45;247.51;3.28;887;10;1069.00;0
2258;10;5461852;2258;300;3148;3148;7.31;0.45;247.41;3.27;890;10;1070.00;0
2258;10;5461865;2258;306;3149;3149;7.32;0.45;247.41;3.27;891;10;1071.00;0
2261;10;5461877;2261;310;3149;3149;7.27;0.44;247.47;3.27;888;10;1072.00;0
2265;10;5461890;2265;309;3150;3150;7.27;0.44;247.50;3.27;885;10;1073.00;0
2269;10;5461903;2269;313;3150;3150;7.19;0.44;247.73;3.27;881;10;1074.00;0
2271;10;5461916;2271;309;3150;3150;7.18;0.44;247.67;3.27;879;10;1075.00;0
2273;10;5461929;2273;315;3150;3150;7.12;0.43;247.50;3.27;877;10;1076.00;0
2277;10;5461943;2277;322;3150;3150;7.11;0.43;247.45;3.27;873;10;1077.00;0
2279;10;5461955;2279;321;3150;3150;7.16;0.44;247.41;3.27;871;10;1078.00;0
2282;10;5461973;2282;325;3150;3150;7.11;0.43;247.49;3.27;868;10;1079.00;0
2284;10;5461988;2284;344;3222;3275;7.11;0.44;247.59;3.20;938;10;1080.00;53
2287;10;5462013;2287;330;3225;3276;7.08;0.44;247.74;3.20;938;10;1081.00;51
2290;10;5462024;2290;315;3236;3276;7.14;0.44;248.07;3.19;946;10;1082.00;40
2291;10;5462035;2291;311;3239;3276;7.13;0.44;248.11;3.19;948;10;1083.00;37
2295;10;5462046;2295;305;3244;3276;7.13;0.44;248.42;3.19;949;10;1084.00;32
2296;10;5462057;2296;300;3246;3276;7.12;0.44;248.40;3.19;950;10;1085.00;30
2297;10;5462067;2297;303;3252;3276;7.12;0.44;248.42;3.20;955;10;1086.00;24
2298;10;5462083;2298;303;3256;3276;7.16;0.44;248.44;3.20;958;10;1087.00;20
2299;10;5462094;2299;306;3263;3277;7.20;0.44;248.37;3.21;964;10;1088.00;14
2299;10;5462105;2299;311;3265;3278;7.20;0.44;248.37;3.22;966;10;1089.00;13
2300;10;5462116;2300;319;3270;3278;7.19;0.44;248.42;3.22;970;10;1090.00;8
2304;10;5462128;2304;320;3275;3282;7.14;0.44;248.40;3.22;971;10;1091.00;7
2308;10;5462146;2308;318;3275;3282;7.04;0.43;248.59;3.22;967;10;1092.00;7
2309;10;5462161;2309;318;3276;3282;6.94;0.42;248.57;3.23;967;10;1093.00;6
2314;10;5462176;2314;319;3277;3282;6.83;0.42;248.56;3.23;963;10;1094.00;5
2317;10;5462188;2317;321;3282;3288;6.74;0.41;248.60;3.23;965;10;1095.00;6
2320;10;5462200;2320;302;3282;3288;6.73;0.41;248.68;3.23;962;10;1096.00;6
2322;10;5462212;2322;291;3283;3288;6.71;0.41;248.70;3.23;961;10;1097.00;5
2325;10;5462224;2325;290;3286;3291;6.69;0.41;248.71;3.23;961;10;1098.00;5
2327;10;5462236;2327;287;3286;3291;6.72;0.41;248.85;3.23;959;10;1099.00;5
2328;10;5462248;2328;285;3286;3291;6.76;0.41;248.83;3.23;958;10;1100.00;5
2329;11;5462266;2329;284;3287;3292;6.81;0.41;248.86;3.23;958;11;1101.00;5
2331;11;5462291;2331;279;3288;3293;6.89;0.42;248.81;3.23;957;11;1102.00;5
2332;11;5462310;2332;272;3289;3293;6.95;0.42;248.72;3.23;957;11;1103.00;4
2333;11;5462324;2333;273;3298;3306;7.02;0.43;248.77;3.22;965;11;1104.00;8
2336;11;5462338;2336;265;3299;3306;7.11;0.43;248.65;3.22;963;11;1105.00;7
2337;11;5462352;2337;262;3300;3306;7.25;0.44;248.55;3.23;963;11;1106.00;6
2338;11;5462363;2338;259;3301;3307;7.36;0.45;248.49;3.23;963;11;1107.00;6
2340;11;5462376;2340;259;3302;3307;7.44;0.45;248.30;3.24;962;11;1108.00;5
2341;11;5462388;2341;255;3305;3311;7.52;0.46;248.53;3.24;964;11;1109.00;6
2343;11;5462403;2343;255;3307;3311;7.55;0.46;248.61;3.25;964;11;1110.00;4
2344;11;5462416;2344;255;3311;3315;7.62;0.46;248.66;3.24;967;11;1111.00;4
2344;11;5462438;2344;258;3311;3315;7.68;0.47;248.66;3.24;967;11;1112.00;4
2344;11;5462450;2344;257;3312;3315;7.67;0.47;248.66;3.25;968;11;1113.00;3
2348;11;5462463;2348;257;3312;3315;7.69;0.47;248.87;3.25;964;11;1114.00;3
2349;11;5462476;2349;250;3312;3315;7.72;0.47;248.87;3.25;963;11;1115.00;3
2350;11;5462489;2350;251;3323;3327;7.75;0.47;248.77;3.23;973;11;1116.00;4
2353;11;5462509;2353;250;3323;3327;7.70;0.47;248.95;3.23;970;11;1117.00;4
2354;11;5462523;2354;244;3323;3327;7.68;0.47;249.11;3.23;969;11;1118.00;4
2355;11;5462535;2355;255;3323;3327;7.67;0.47;249.29;3.23;968;11;1119.00;4
2356;11;5462549;2356;252;3323;3327;7.65;0.46;249.23;3.23;967;11;1120.00;4
2361;11;5462565;2361;257;3324;3327;7.61;0.46;249.00;3.24;963;11;1121.00;3
2364;11;5462580;2364;262;3324;3328;7.56;0.46;249.37;3.24;960;11;1122.00;4
2364;11;5462595;2364;262;3326;3328;7.52;0.46;249.37;3.25;962;11;1123.00;2
2365;11;5462610;2365;259;3332;3334;7.60;0.46;249.31;3.24;967;11;1124.00;2
2366;11;5462627;2366;267;3336;3336;7.60;0.46;249.29;3.24;970;11;1125.00;0
2367;11;5462641;2367;263;3336;3336;7.54;0.46;249.36;3.24;969;11;1126.00;0
2367;11;5462657;2367;268;3336;3336;7.57;0.46;249.36;3.24;969;11;1127.00;0
2369;11;5462669;2369;268;3340;3340;7.59;0.46;249.33;3.24;971;12;1128.00;0
2376;11;5462695;2376;267;3340;3340;7.47;0.46;249.60;3.24;964;12;1129.00;0
2377;11;5462710;2377;267;3340;3340;7.38;0.45;249.65;3.24;963;12;1130.00;0
2379;11;5462725;2379;272;3341;3341;7.37;0.45;249.66;3.24;962;12;1131.00;0
2381;11;5462739;2381;278;3345;3345;7.32;0.45;249.65;3.23;964;12;1132.00;0
2384;11;5462752;2384;274;3345;3345;7.29;0.45;249.64;3.23;961;13;1133.00;0
2387;11;5462774;2387;281;3347;3348;7.33;0.45;249.62;3.23;960;13;1134.00;1
2390;11;5462786;2390;276;3347;3348;7.30;0.45;249.66;3.23;957;13;1135.00;1
2394;11;5462800;2394;276;3348;3348;7.22;0.44;250.03;3.23;954;13;1136.00;0
2396;11;5462814;2396;275;3348;3348;7.19;0.44;250.03;3.23;952;13;1137.00;0
2398;11;5462825;2398;279;3352;3352;7.21;0.44;250.08;3.23;954;13;1138.00;0
2399;11;5462836;2399;274;3352;3352;7.17;0.44;250.04;3.23;953;13;1139.00;0
2402;11;5462849;2402;276;3352;3352;7.16;0.44;249.96;3.23;950;13;1140.00;0
2407;11;5462861;2407;273;3352;3352;7.12;0.43;250.12;3.23;945;13;1141.00;0
2407;11;5462873;2407;277;3353;3353;7.12;0.44;250.12;3.23;946;13;1142.00;0
2409;11;5462883;2409;280;3354;3354;7.12;0.44;250.17;3.23;945;13;1143.00;0
2410;11;5462896;2410;272;3354;3354;7.13;0.44;250.24;3.23;944;13;1144.00;0
2413;11;5462922;2413;275;3355;3355;7.11;0.44;250.32;3.23;942;13;1145.00;0
2416;11;5462934;2416;278;3355;3355;7.12;0.43;250.38;3.23;939;13;1146.00;0
2417;11;5462944;2417;278;3355;3355;7.15;0.44;250.39;3.23;938;13;1147.00;0
2419;11;5462955;2419;284;3355;3355;7.24;0.44;250.24;3.23;936;13;1148.00;0
2422;11;5462966;2422;274;3355;3355;7.21;0.44;250.22;3.23;933;13;1149.00;0
2424;11;5462978;2424;271;3355;3355;7.21;0.44;250.20;3.23;931;13;1150.00;0
2427;11;5462989;2427;270;3355;3355;7.29;0.44;250.49;3.23;928;13;1151.00;0
2429;11;5463001;2429;289;3435;3482;7.48;0.46;250.62;3.15;1006;13;1152.00;47
2431;11;5463022;2431;281;3439;3483;7.47;0.46;250.72;3.15;1008;13;1153.00;44
2436;11;5463040;2436;277;3448;3483;7.48;0.46;250.95;3.15;1012;13;1154.00;35
2439;11;5463051;2439;262;3452;3483;7.55;0.47;251.00;3.15;1013;13;1155.00;31
2444;11;5463063;2444;254;3456;3483;7.47;0.46;251.29;3.15;1012;13;1156.00;27
2449;11;5463076;2449;245;3457;3483;7.44;0.46;251.63;3.15;1008;13;1157.00;26
2454;11;5463089;2454;238;3460;3483;7.42;0.46;251.64;3.15;1006;13;1158.00;23
2459;11;5463102;2459;234;3463;3483;7.42;0.46;251.87;3.16;1004;13;1159.00;20
2463;11;5463114;2463;232;3465;3484;7.41;0.46;252.07;3.16;1002;13;1160.00;19
2468;11;5463127;2468;244;3467;3485;7.39;0.46;252.20;3.16;999;13;1161.00;18
2472;11;5463139;2472;240;3470;3485;7.38;0.46;252.38;3.17;998;13;1162.00;15
2478;11;5463151;2478;243;3474;3486;7.35;0.45;252.53;3.17;996;13;1163.00;12
2482;11;5463170;2482;251;3478;3486;7.32;0.45;252.75;3.18;996;13;1164.00;8
2486;11;5463184;2486;258;3479;3486;7.32;0.45;252.94;3.18;993;13;1165.00;7
2491;11;5463198;2491;261;3480;3486;7.29;0.45;253.34;3.19;989;13;1166.00;6
2494;11;5463214;2494;260;3484;3490;7.27;0.45;253.17;3.18;990;13;1167.00;6
2502;11;5463229;2502;263;3485;3490;7.20;0.44;253.65;3.19;983;13;1168.00;5
2508;11;5463247;2508;270;3485;3490;7.11;0.44;254.04;3.19;977;13;1169.00;5
2513;11;5463273;2513;270;3490;3496;7.12;0.44;254.09;3.19;977;13;1170.00;6
2515;11;5463290;2515;267;3490;3496;7.14;0.44;254.30;3.19;975;13;1171.00;6
2518;11;5463306;2518;272;3492;3496;7.13;0.44;254.54;3.19;974;13;1172.00;4
2520;11;5463322;2520;276;3497;3500;7.11;0.44;254.66;3.20;977;13;1173.00;3
2524;11;5463337;2524;278;3498;3501;7.16;0.44;255.06;3.20;974;13;1174.00;3
2531;11;5463351;2531;284;3500;3501;7.18;0.44;255.52;3.20;969;13;1175.00;1
2542;11;5463367;2542;288;3505;3505;7.16;0.44;255.67;3.20;963;13;1176.00;0
2546;11;5463381;2546;293;3505;3505;7.13;0.44;255.68;3.20;959;13;1177.00;0
2549;11;5463395;2549;293;3505;3505;7.15;0.44;255.91;3.20;956;13;1178.00;0
2550;11;5463407;2550;299;3506;3506;7.13;0.44;256.01;3.20;956;13;1179.00;0
2554;11;5463420;2554;299;3506;3506;7.07;0.43;256.19;3.20;952;13;1180.00;0
2561;11;5463433;2561;296;3512;3512;7.00;0.43;256.44;3.20;951;13;1181.00;0
2566;11;5463446;2566;297;3512;3512;6.92;0.42;256.93;3.20;946;13;1182.00;0
2572;11;5463459;2572;302;3513;3513;6.79;0.42;256.94;3.20;941;13;1183.00;0
2575;11;5463472;2575;308;3513;3513;6.71;0.41;257.02;3.20;938;13;1184.00;0
2578;11;5463485;2578;304;3513;3513;6.65;0.41;257.26;3.20;935;13;1185.00;0
2582;11;5463498;2582;311;3513;3513;6.57;0.40;257.55;3.20;931;13;1186.00;0
2585;11;5463510;2585;313;3513;3513;6.53;0.40;257.68;3.20;928;13;1187.00;0
2589;11;5463522;2589;315;3524;3525;6.61;0.41;257.90;3.19;935;13;1188.00;1
2593;11;5463534;2593;316;3524;3525;6.63;0.41;257.88;3.19;931;13;1189.00;1
2599;11;5463545;2599;323;3525;3525;6.69;0.41;257.96;3.19;926;13;1190.00;0
2601;11;5463557;2601;323;3525;3525;6.71;0.41;258.03;3.19;924;13;1191.00;0
2603;11;5463569;2603;329;3525;3525;6.77;0.42;258.08;3.19;922;13;1192.00;0
2606;11;5463580;2606;338;3525;3525;6.80;0.42;258.22;3.19;919;13;1193.00;0
2609;11;5463592;2609;342;3529;3529;6.90;0.43;258.28;3.18;920;13;1194.00;0
2613;11;5463603;2613;344;3529;3529;6.85;0.42;258.45;3.18;916;13;1195.00;0
2614;11;5463615;2614;344;3533;3533;6.82;0.42;258.56;3.18;919;13;1196.00;0
2616;11;5463628;2616;352;3534;3534;6.71;0.41;258.57;3.18;918;13;1197.00;0
2617;11;5463640;2617;359;3534;3534;6.62;0.41;258.68;3.18;917;13;1198.00;0
2619;11;5463651;2619;367;3534;3534;6.54;0.40;258.70;3.18;915;13;1199.00;0
2624;11;5463665;2624;387;3561;3575;6.58;0.41;258.84;3.16;937;13;1200.00;14
2629;11;5463687;2629;393;3562;3575;6.51;0.40;259.07;3.16;933;13;1201.00;13
2633;11;5463698;2633;383;3564;3575;6.48;0.40;259.08;3.15;931;13;1202.00;11
2636;11;5463709;2636;386;3566;3576;6.46;0.40;259.23;3.15;930;13;1203.00;10
2640;11;5463729;2640;383;3568;3577;6.41;0.40;259.33;3.15;928;13;1204.00;9
2641;11;5463745;2641;380;3568;3577;6.45;0.40;259.28;3.15;927;13;1205.00;9
2644;11;5463758;2644;386;3572;3580;6.47;0.40;259.39;3.15;928;13;1206.00;8
2649;11;5463773;2649;384;3573;3580;6.48;0.40;259.43;3.15;924;13;1207.00;7
2653;11;5463786;2653;389;3574;3580;6.44;0.40;259.41;3.15;921;13;1208.00;6
2659;11;5463798;2659;389;3575;3580;6.33;0.39;259.51;3.16;916;13;1209.00;5
2662;11;5463812;2662;389;3581;3586;6.27;0.39;259.59;3.15;919;13;1210.00;5
2667;11;5463826;2667;382;3581;3586;6.17;0.38;259.74;3.15;914;13;1211.00;5
2671;11;5463838;2671;382;3582;3586;6.14;0.38;259.68;3.15;911;13;1212.00;4
2676;11;5463851;2676;381;3582;3586;6.12;0.37;259.69;3.15;906;13;1213.00;4
2679;11;5463863;2679;378;3586;3590;6.10;0.37;259.75;3.15;907;13;1214.00;4
2683;11;5463875;2683;378;3589;3592;6.08;0.37;259.56;3.15;906;13;1215.00;3
2686;11;5463888;2686;372;3589;3592;6.10;0.37;259.46;3.15;903;13;1216.00;3
2692;11;5463899;2692;369;3590;3593;6.12;0.37;259.49;3.15;898;13;1217.00;3
2693;11;5463912;2693;371;3590;3593;6.15;0.38;259.49;3.15;897;13;1218.00;3
2694;11;5463923;2694;371;3590;3593;6.17;0.38;259.44;3.15;896;13;1219.00;3
2697;11;5463935;2697;372;3590;3593;6.17;0.38;259.25;3.15;893;13;1220.00;3
2698;11;5463947;2698;378;3591;3593;6.17;0.38;259.27;3.16;893;13;1221.00;2
2699;11;5463958;2699;380;3591;3593;6.24;0.38;259.25;3.16;892;13;1222.00;2
2700;11;5463970;2700;377;3591;3593;6.30;0.39;259.26;3.16;891;13;1223.00;2
2703;11;5463980;2703;392;3633;3663;6.31;0.39;259.28;3.12;930;13;1224.00;30
2704;11;5463998;2704;386;3634;3664;6.37;0.39;259.29;3.12;930;13;1225.00;30
2707;11;5464009;2707;380;3641;3664;6.48;0.40;259.39;3.12;934;13;1226.00;23
2709;11;5464020;2709;373;3645;3664;6.52;0.40;259.38;3.13;936;13;1227.00;19
2712;11;5464031;2712;375;3649;3666;6.55;0.40;259.27;3.13;937;13;1228.00;17
2715;11;5464043;2715;373;3652;3666;6.61;0.40;259.23;3.13;937;13;1229.00;14
2719;11;5464056;2719;371;3655;3666;6.62;0.40;259.21;3.13;936;13;1230.00;11
2721;11;5464068;2721;373;3657;3666;6.61;0.40;259.27;3.13;936;13;1231.00;9
2725;11;5464080;2725;373;3658;3667;6.65;0.41;259.24;3.13;933;13;1232.00;9
2726;11;5464092;2726;378;3663;3668;6.73;0.41;259.17;3.15;937;13;1233.00;5
2728;11;5464104;2728;377;3665;3668;6.73;0.41;259.05;3.15;937;13;1234.00;3
2730;11;5464115;2730;379;3670;3672;6.68;0.41;258.94;3.15;940;13;1235.00;2
2730;11;5464126;2730;388;3671;3672;6.69;0.41;258.94;3.15;941;13;1236.00;1
2730;11;5464139;2730;384;3671;3672;6.65;0.41;258.94;3.15;941;13;1237.00;1
2731;11;5464152;2731;386;3671;3672;6.60;0.40;258.96;3.15;940;13;1238.00;1
2732;11;5464163;2732;396;3677;3678;6.55;0.40;259.02;3.15;945;13;1239.00;1
2733;11;5464176;2733;393;3677;3678;6.47;0.39;259.07;3.15;944;13;1240.00;1
2736;11;5464187;2736;397;3677;3678;6.42;0.39;259.16;3.15;941;13;1241.00;1
2737;11;5464199;2737;398;3679;3681;6.39;0.39;259.17;3.15;942;13;1242.00;2
2738;11;5464214;2738;388;3679;3681;6.40;0.39;259.13;3.15;941;13;1243.00;2
2739;11;5464228;2739;374;3680;3681;6.40;0.39;259.17;3.15;941;13;1244.00;1
2740;11;5464240;2740;360;3681;3682;6.39;0.39;259.31;3.15;941;13;1245.00;1
2740;11;5464255;2740;354;3682;3683;6.47;0.39;259.31;3.15;942;13;1246.00;1
2742;11;5464278;2742;336;3682;3683;6.54;0.40;259.24;3.15;940;13;1247.00;1
2743;11;5464299;2743;335;3692;3696;6.60;0.40;259.15;3.14;949;13;1248.00;4
2746;11;5464321;2746;320;3692;3696;6.70;0.41;259.14;3.14;946;13;1249.00;4
2747;11;5464341;2747;311;3693;3696;6.80;0.41;259.26;3.14;946;13;1250.00;3
2748;11;5464361;2748;299;3694;3697;6.92;0.42;259.23;3.14;946;13;1251.00;3
2750;11;5464380;2750;287;3696;3697;6.98;0.42;259.43;3.14;946;13;1252.00;1
2751;11;5464399;2751;278;3699;3701;7.15;0.43;259.47;3.14;948;13;1253.00;2
2754;11;5464422;2754;274;3699;3701;7.27;0.44;259.45;3.14;945;13;1254.00;2
2755;11;5464440;2755;268;3703;3705;7.35;0.44;259.45;3.13;948;13;1255.00;2
2758;11;5464467;2758;264;3703;3705;7.41;0.45;259.46;3.13;945;13;1256.00;2
2763;11;5464491;2763;249;3703;3705;7.43;0.45;259.45;3.13;940;13;1257.00;2
2765;11;5464513;2765;245;3703;3705;7.44;0.45;259.53;3.13;938;13;1258.00;2
2765;11;5464529;2765;232;3703;3705;7.49;0.45;259.53;3.13;938;13;1259.00;2
2766;11;5464543;2766;224;3726;3739;7.59;0.46;259.63;3.12;960;13;1260.00;13
2767;11;5464560;2767;221;3727;3739;7.65;0.47;259.57;3.11;960;13;1261.00;12
2771;11;5464572;2771;220;3729;3739;7.67;0.47;259.64;3.11;958;13;1262.00;10
2776;11;5464585;2776;215;3731;3739;7.71;0.47;259.61;3.12;955;13;1263.00;8
2779;11;5464598;2779;211;3733;3739;7.77;0.47;259.83;3.12;954;13;1264.00;6
2781;11;5464612;2781;209;3733;3739;7.77;0.47;259.93;3.12;952;13;1265.00;6
2783;11;5464625;2783;212;3735;3740;7.78;0.47;260.09;3.12;952;13;1266.00;5
2786;11;5464639;2786;207;3736;3740;7.76;0.47;260.05;3.12;950;13;1267.00;4
2790;11;5464653;2790;207;3740;3746;7.81;0.47;259.94;3.12;950;13;1268.00;6
2792;11;5464677;2792;199;3740;3747;7.80;0.47;260.15;3.12;948;13;1269.00;7
2794;11;5464697;2794;201;3742;3747;7.81;0.47;260.03;3.12;948;13;1270.00;5
2797;11;5464719;2797;197;3743;3747;7.80;0.47;260.07;3.12;946;13;1271.00;4
2797;11;5464747;2797;200;3747;3751;7.89;0.48;260.07;3.12;950;13;1272.00;4
2799;11;5464766;2799;198;3747;3751;7.91;0.48;260.02;3.12;948;13;1273.00;4
2800;11;5464779;2800;199;3747;3751;7.93;0.48;260.09;3.12;947;13;1274.00;4
2801;11;5464796;2801;194;3748;3752;8.01;0.48;260.09;3.12;947;13;1275.00;4
2802;11;5464814;2802;202;3751;3756;8.05;0.49;260.08;3.12;949;13;1276.00;5
2807;11;5464830;2807;197;3751;3756;8.01;0.48;260.26;3.12;944;13;1277.00;5
2808;11;5464845;2808;201;3753;3759;8.05;0.49;260.36;3.12;945;13;1278.00;6
2808;11;5464862;2808;196;3754;3759;8.08;0.49;260.36;3.12;946;13;1279.00;5
2810;11;5464877;2810;191;3754;3759;8.10;0.49;260.42;3.12;944;13;1280.00;5
2812;11;5464892;2812;192;3756;3759;8.10;0.49;260.29;3.13;944;13;1281.00;3
2813;11;5464911;2813;193;3760;3763;8.20;0.50;260.46;3.12;947;13;1282.00;3
2816;11;5464929;2816;190;3760;3763;8.19;0.50;260.55;3.12;944;13;1283.00;3
2817;11;5464946;2817;186;3760;3763;8.24;0.50;260.58;3.12;943;13;1284.00;3
2818;11;5464964;2818;185;3762;3763;8.29;0.50;260.72;3.13;944;13;1285.00;1
2820;11;5464982;2820;186;3762;3764;8.32;0.50;260.75;3.13;942;13;1286.00;2
2821;11;5464995;2821;192;3764;3765;8.25;0.50;260.76;3.13;943;13;1287.00;1
2821;11;5465010;2821;191;3764;3765;8.18;0.50;260.76;3.13;943;13;1288.00;1
2824;11;5465022;2824;189;3766;3766;8.16;0.49;260.87;3.13;942;13;1289.00;0
2825;11;5465036;2825;197;3766;3766;8.12;0.49;260.83;3.13;941;13;1290.00;0
2825;11;5465046;2825;198;3766;3766;8.06;0.49;260.83;3.13;941;13;1291.00;0
2828;11;5465057;2828;197;3766;3766;8.05;0.49;260.95;3.13;938;13;1292.00;0
2828;11;5465067;2828;206;3766;3766;8.01;0.49;260.95;3.13;938;13;1293.00;0
2832;11;5465079;2832;205;3766;3766;7.98;0.49;261.08;3.13;934;13;1294.00;0
2834;11;5465093;2834;208;3766;3766;8.02;0.49;261.09;3.13;932;13;1295.00;0
2840;11;5465111;2840;230;3843;3893;8.15;0.50;261.13;3.07;1003;13;1296.00;50
2842;11;5465143;2842;226;3848;3894;8.18;0.51;261.18;3.07;1006;13;1297.00;46
2845;11;5465161;2845;226;3856;3894;8.20;0.51;261.28;3.06;1011;13;1298.00;38
2848;11;5465180;2848;221;3858;3894;8.15;0.50;261.30;3.06;1010;13;1299.00;36
2851;11;5465194;2851;224;3864;3894;8.18;0.50;261.36;3.07;1013;13;1300.00;30
2852;11;5465209;2852;224;3864;3894;8.12;0.50;261.32;3.07;1012;13;1301.00;30
2854;11;5465220;2854;224;3867;3894;8.07;0.50;261.31;3.07;1013;13;1302.00;27
2857;11;5465237;2857;228;3870;3894;8.04;0.50;261.34;3.07;1013;13;1303.00;24
2859;11;5465248;2859;219;3873;3895;7.95;0.49;261.44;3.07;1014;13;1304.00;22
2862;11;5465260;2862;220;3879;3897;7.86;0.48;261.41;3.08;1017;13;1305.00;18
2867;11;5465272;2867;222;3882;3897;7.82;0.48;261.60;3.09;1015;13;1306.00;15
2869;11;5465284;2869;216;3885;3898;7.78;0.48;261.74;3.09;1016;13;1307.00;13
2874;11;5465296;2874;214;3887;3898;7.80;0.48;261.84;3.09;1013;13;1308.00;11
2878;11;5465308;2878;215;3889;3898;7.76;0.48;262.22;3.10;1011;13;1309.00;9
2881;11;5465320;2881;218;3892;3898;7.77;0.48;262.14;3.11;1011;13;1310.00;6
2886;11;5465332;2886;221;3896;3902;7.77;0.48;262.12;3.11;1010;13;1311.00;6
2891;11;5465345;2891;229;3896;3902;7.73;0.47;262.16;3.11;1005;13;1312.00;6
2892;11;5465357;2892;239;3897;3902;7.67;0.47;262.31;3.11;1005;13;1313.00;5
2895;11;5465369;2895;239;3899;3905;7.63;0.47;262.26;3.11;1004;13;1314.00;6
2897;11;5465382;2897;245;3899;3905;7.53;0.46;262.50;3.11;1002;13;1315.00;6
2899;11;5465393;2899;247;3901;3905;7.41;0.45;262.63;3.12;1002;13;1316.00;4
2903;11;5465406;2903;247;3905;3909;7.28;0.45;262.78;3.12;1002;13;1317.00;4
2906;11;5465418;2906;257;3908;3910;7.20;0.44;262.94;3.12;1002;13;1318.00;2
2912;11;5465430;2912;259;3908;3910;7.06;0.43;262.85;3.12;996;13;1319.00;2
2916;11;5465443;2916;247;3913;3915;7.01;0.43;263.10;3.12;997;13;1320.00;2
2921;11;5465454;2921;248;3914;3915;6.92;0.42;263.46;3.12;993;13;1321.00;1
2924;11;5465466;2924;245;3915;3915;6.86;0.42;263.62;3.12;991;13;1322.00;0
2927;11;5465478;2927;235;3915;3916;6.84;0.42;263.71;3.12;988;13;1323.00;1
2932;11;5465489;2932;239;3916;3916;6.79;0.42;264.00;3.12;984;13;1324.00;0
2934;11;5465500;2934;235;3922;3922;6.86;0.42;264.13;3.12;988;13;1325.00;0
2938;11;5465511;2938;229;3922;3922;6.80;0.42;264.41;3.12;984;13;1326.00;0
2941;11;5465523;2941;225;3923;3923;6.86;0.42;264.37;3.12;982;13;1327.00;0
2945;11;5465534;2945;228;3923;3923;6.82;0.42;264.67;3.12;978;13;1328.00;0
2948;11;5465544;2948;230;3923;3923;6.80;0.42;264.84;3.12;975;13;1329.00;0
2953;11;5465555;2953;232;3923;3923;6.74;0.41;264.88;3.12;970;13;1330.00;0
2956;11;5465565;2956;236;3923;3923;6.72;0.41;264.93;3.12;967;13;1331.00;0
2959;11;5465576;2959;234;3935;3935;6.75;0.41;264.94;3.11;976;13;1332.00;0
2964;11;5465587;2964;237;3935;3935;6.69;0.41;265.12;3.11;971;13;1333.00;0
2967;11;5465597;2967;240;3935;3935;6.72;0.41;265.33;3.11;968;13;1334.00;0
2970;11;5465608;2970;248;3935;3935;6.72;0.41;265.51;3.11;965;13;1335.00;0
2974;11;5465619;2974;245;3935;3935;6.73;0.41;265.55;3.11;961;13;1336.00;0
2981;11;5465630;2981;247;3935;3935;6.72;0.41;265.49;3.11;954;13;1337.00;0
2985;11;5465642;2985;250;3939;3939;6.75;0.41;265.43;3.11;954;13;1338.00;0
2989;11;5465653;2989;261;3939;3939;6.71;0.41;265.75;3.11;950;13;1339.00;0
2995;11;5465664;2995;270;3943;3943;6.73;0.41;265.55;3.10;948;13;1340.00;0
3000;11;5465675;3000;269;3944;3944;6.75;0.41;265.62;3.10;944;13;1341.00;0
3006;11;5465686;3006;273;3944;3944;6.73;0.41;265.99;3.10;938;13;1342.00;0
3013;11;5465697;3013;272;3944;3944;6.69;0.41;265.92;3.10;931;13;1343.00;0
3017;11;5465707;3017;280;3957;3957;6.75;0.41;266.26;3.09;940;13;1344.00;0
3020;11;5465720;3020;281;3957;3957;6.76;0.41;266.55;3.09;937;13;1345.00;0
3024;11;5465731;3024;284;3957;3957;6.77;0.41;266.55;3.09;933;13;1346.00;0
3029;11;5465741;3029;291;3958;3958;6.77;0.41;266.58;3.09;929;13;1347.00;0
3035;11;5465752;3035;295;3959;3959;6.76;0.41;266.64;3.09;924;13;1348.00;0
3040;11;5465764;3040;301;3959;3959;6.75;0.41;266.86;3.09;919;13;1349.00;0
3043;11;5465776;3043;308;3965;3968;6.81;0.42;267.00;3.09;922;13;1350.00;3
3047;11;5465786;3047;311;3966;3968;6.78;0.41;267.35;3.09;919;13;1351.00;2
3051;11;5465797;3051;312;3967;3968;6.76;0.41;267.52;3.09;916;13;1352.00;1
3055;11;5465806;3055;316;3968;3968;6.68;0.41;267.69;3.09;913;13;1353.00;0
3059;11;5465816;3059;325;3973;3974;6.56;0.40;267.83;3.08;914;13;1354.00;1
3061;11;5465828;3061;332;3974;3974;6.52;0.40;267.95;3.08;913;13;1355.00;0
3064;11;5465838;3064;339;3974;3974;6.42;0.39;268.15;3.08;910;13;1356.00;0
3067;11;5465848;3067;342;3974;3974;6.35;0.39;268.20;3.08;907;13;1357.00;0
3071;11;5465858;3071;343;3978;3978;6.27;0.38;268.30;3.08;907;13;1358.00;0
3079;11;5465868;3079;352;3979;3979;6.12;0.37;268.39;3.08;900;13;1359.00;0
3083;11;5465878;3083;349;3979;3979;6.01;0.37;268.38;3.08;896;13;1360.00;0
3086;11;5465888;3086;354;3980;3980;5.92;0.36;268.39;3.08;894;13;1361.00;0
3088;11;5465897;3088;363;3980;3980;5.80;0.35;268.35;3.08;892;13;1362.00;0
3090;11;5465906;3090;365;3980;3980;5.64;0.35;268.35;3.08;890;13;1363.00;0
3095;11;5465915;3095;373;3980;3980;5.53;0.34;268.38;3.08;885;13;1364.00;0
3100;11;5465924;3100;374;3980;3980;5.39;0.33;268.33;3.08;880;13;1365.00;0
3103;11;5465933;3103;377;3980;3980;5.29;0.32;268.25;3.08;877;13;1366.00;0
3105;11;5465942;3105;371;3980;3980;5.21;0.32;268.19;3.08;875;13;1367.00;0
3107;11;5465951;3107;377;4022;4050;5.46;0.33;268.28;3.05;915;13;1368.00;28
3112;11;5465967;3112;377;4025;4051;5.45;0.33;268.24;3.05;913;13;1369.00;26
3115;11;5465977;3115;373;4032;4051;5.56;0.34;268.43;3.05;917;13;1370.00;19
3116;11;5465987;3116;371;4033;4051;5.56;0.34;268.46;3.05;917;13;1371.00;18
3117;11;5465998;3117;371;4035;4051;5.62;0.34;268.48;3.05;918;13;1372.00;16
3119;11;5466007;3119;373;4036;4051;5.62;0.34;268.45;3.05;917;13;1373.00;15
3119;11;5466017;3119;374;4040;4051;5.64;0.35;268.45;3.05;921;13;1374.00;11
3121;11;5466027;3121;374;4041;4051;5.70;0.35;268.51;3.05;920;13;1375.00;10
3122;11;5466037;3122;356;4044;4052;5.80;0.36;268.53;3.05;922;13;1376.00;8
3124;11;5466047;3124;347;4046;4053;5.90;0.36;268.66;3.06;922;13;1377.00;7
3127;11;5466057;3127;337;4049;4053;5.99;0.37;268.72;3.06;922;13;1378.00;4
3127;11;5466067;3127;339;4056;4057;6.14;0.38;268.72;3.06;929;13;1379.00;1
3127;11;5466079;3127;340;4057;4057;6.26;0.38;268.72;3.06;930;13;1380.00;0
3127;11;5466090;3127;343;4057;4057;6.34;0.39;268.72;3.06;930;13;1381.00;0
3127;11;5466100;3127;344;4057;4057;6.44;0.40;268.72;3.06;930;13;1382.00;0
3131;11;5466111;3131;349;4063;4063;6.55;0.40;268.71;3.06;932;13;1383.00;0
3133;11;5466123;3133;349;4063;4063;6.57;0.40;268.67;3.06;930;13;1384.00;0
3134;11;5466134;3134;351;4063;4063;6.63;0.40;268.70;3.06;929;13;1385.00;0
3134;11;5466144;3134;351;4065;4066;6.74;0.41;268.70;3.06;931;13;1386.00;1
3136;11;5466154;3136;347;4065;4066;6.74;0.41;268.76;3.06;929;13;1387.00;1
3136;11;5466166;3136;345;4066;4066;6.77;0.41;268.76;3.06;930;13;1388.00;0
3139;11;5466177;3139;345;4067;4067;6.75;0.41;268.73;3.06;928;13;1389.00;0
3142;11;5466188;3142;331;4068;4068;6.77;0.41;268.69;3.06;926;13;1390.00;0
3143;11;5466199;3143;327;4068;4068;6.85;0.42;268.81;3.06;925;13;1391.00;0
3148;11;5466209;3148;324;4081;4081;6.96;0.42;268.88;3.05;933;13;1392.00;0
3151;11;5466221;3151;322;4081;4081;7.04;0.43;268.93;3.05;930;13;1393.00;0
3154;11;5466232;3154;319;4081;4081;7.08;0.43;268.91;3.05;927;13;1394.00;0
3156;11;5466243;3156;318;4083;4083;7.14;0.43;268.84;3.05;927;13;1395.00;0
3157;11;5466254;3157;317;4083;4083;7.18;0.43;268.85;3.05;926;13;1396.00;0
3159;11;5466270;3159;311;4087;4087;7.24;0.44;268.84;3.04;928;13;1397.00;0
3160;11;5466282;3160;308;4087;4087;7.27;0.44;268.88;3.04;927;13;1398.00;0
3161;11;5466293;3161;303;4091;4091;7.32;0.44;268.91;3.04;930;13;1399.00;0
3163;11;5466305;3163;305;4091;4091;7.29;0.44;268.90;3.04;928;13;1400.00;0
3165;11;5466325;3165;296;4091;4091;7.29;0.44;268.86;3.04;926;13;1401.00;0
3167;11;5466336;3167;297;4091;4091;7.30;0.44;268.78;3.04;924;13;1402.00;0
3167;11;5466347;3167;300;4091;4091;7.34;0.44;268.78;3.04;924;13;1403.00;0
3167;11;5466357;3167;302;4102;4103;7.42;0.45;268.78;3.03;935;13;1404.00;1
3168;11;5466370;3168;302;4102;4103;7.41;0.45;268.80;3.03;934;13;1405.00;1
3169;11;5466380;3169;301;4103;4103;7.42;0.45;268.84;3.03;934;13;1406.00;0
3170;11;5466391;3170;299;4103;4103;7.48;0.45;268.85;3.03;933;13;1407.00;0
3170;11;5466402;3170;302;4103;4103;7.49;0.45;268.85;3.03;933;13;1408.00;0
3171;11;5466412;3171;298;4103;4103;7.54;0.46;268.87;3.03;932;13;1409.00;0
3173;11;5466425;3173;294;4104;4104;7.55;0.46;268.98;3.03;931;13;1410.00;0
3177;11;5466435;3177;291;4104;4104;7.51;0.45;269.14;3.03;927;13;1411.00;0
3180;11;5466446;3180;283;4110;4110;7.44;0.45;269.42;3.03;930;13;1412.00;0
3180;11;5466462;3180;277;4111;4111;7.47;0.45;269.42;3.03;931;13;1413.00;0
3181;11;5466472;3181;270;4111;4111;7.48;0.45;269.47;3.03;930;13;1414.00;0
3182;11;5466483;3182;266;4111;4111;7.46;0.45;269.42;3.03;929;13;1415.00;0
3185;11;5466493;3185;258;4115;4115;7.44;0.45;269.38;3.03;930;13;1416.00;0
3188;11;5466504;3188;265;4115;4115;7.38;0.45;269.53;3.03;927;13;1417.00;0
3190;11;5466514;3190;259;4115;4115;7.35;0.44;269.61;3.03;925;13;1418.00;0
3191;11;5466525;3191;248;4116;4116;7.47;0.45;269.56;3.03;925;13;1419.00;0
3194;11;5466535;3194;248;4120;4120;7.48;0.45;269.54;3.02;926;13;1420.00;0
3198;11;5466545;3198;245;4120;4120;7.51;0.45;269.56;3.02;922;13;1421.00;0
3203;11;5466555;3203;237;4122;4123;7.50;0.45;269.83;3.02;919;13;1422.00;1
3207;11;5466566;3207;233;4123;4123;7.52;0.45;269.91;3.02;916;13;1423.00;0
3209;11;5466576;3209;239;4123;4123;7.54;0.46;270.11;3.02;914;13;1424.00;0
3212;11;5466587;3212;236;4123;4123;7.56;0.46;270.21;3.02;911;13;1425.00;0
3216;11;5466598;3216;234;4127;4127;7.58;0.46;270.28;3.02;911;13;1426.00;0
3218;11;5466609;3218;233;4127;4127;7.59;0.46;270.37;3.02;909;13;1427.00;0
3219;11;5466619;3219;231;4127;4127;7.61;0.46;270.43;3.02;908;13;1428.00;0
3224;11;5466629;3224;231;4127;4127;7.58;0.46;270.48;3.02;903;13;1429.00;0
3227;11;5466640;3227;228;4128;4128;7.61;0.46;270.55;3.02;901;13;1430.00;0
3228;11;5466651;3228;227;4129;4129;7.71;0.47;270.54;3.02;901;13;1431.00;0
3230;11;5466661;3230;228;4129;4129;7.75;0.47;270.50;3.02;899;13;1432.00;0
3232;11;5466672;3232;224;4130;4130;7.80;0.47;270.60;3.02;898;13;1433.00;0
3236;11;5466682;3236;228;4130;4130;7.83;0.47;270.46;3.02;894;13;1434.00;0
3239;11;5466693;3239;228;4130;4130;7.87;0.48;270.53;3.02;891;13;1435.00;0
3240;11;5466708;3240;230;4130;4130;7.93;0.48;270.60;3.02;890;13;1436.00;0
3241;11;5466718;3241;226;4130;4130;7.95;0.48;270.67;3.02;889;13;1437.00;0
3243;11;5466728;3243;227;4130;4130;8.01;0.49;270.78;3.02;887;13;1438.00;0
3248;11;5466738;3248;228;4130;4130;8.04;0.49;270.82;3.02;882;13;1439.00;0
3252;11;5466750;3252;267;4238;4360;8.11;0.51;270.79;2.94;986;13;1440.00;122
3255;11;5466777;3255;250;4243;4361;8.13;0.51;271.03;2.94;988;13;1441.00;118
3256;11;5466788;3256;238;4256;4361;8.21;0.51;271.15;2.94;1000;13;1442.00;105
3257;11;5466799;3257;230;4260;4361;8.21;0.51;271.16;2.94;1003;13;1443.00;101
3258;11;5466809;3258;233;4271;4361;8.28;0.51;271.31;2.94;1013;13;1444.00;90
3261;11;5466820;3261;228;4276;4361;8.28;0.51;271.51;2.94;1015;13;1445.00;85
3266;11;5466831;3266;229;4287;4361;8.23;0.51;271.40;2.95;1021;13;1446.00;74
3269;11;5466847;3269;226;4293;4361;8.24;0.51;271.61;2.96;1024;13;1447.00;68
3270;12;5466859;3270;228;4300;4362;8.22;0.51;271.64;2.96;1030;14;1448.00;62
3274;12;5466886;3274;233;4304;4363;8.20;0.51;271.86;2.97;1030;14;1449.00;59
3276;12;5466897;3276;231;4310;4363;8.14;0.50;271.91;2.98;1034;14;1450.00;53
3277;12;5466909;3277;233;4316;4364;8.12;0.50;271.83;2.99;1039;14;1451.00;48
3282;12;5466920;3282;234;4320;4364;8.01;0.49;272.12;3.00;1038;14;1452.00;44
3285;12;5466932;3285;244;4325;4364;7.94;0.49;272.09;3.01;1040;14;1453.00;39
3288;12;5466944;3288;248;4328;4364;7.85;0.48;272.24;3.02;1040;14;1454.00;36
3290;12;5466955;3290;254;4333;4368;7.77;0.48;272.32;3.03;1043;14;1455.00;35
3292;12;5466967;3292;261;4335;4368;7.68;0.47;272.39;3.03;1043;14;1456.00;33
3296;12;5466978;3296;266;4342;4368;7.61;0.47;272.26;3.05;1046;14;1457.00;26
3296;12;5466990;3296;275;4345;4371;7.53;0.46;272.26;3.06;1049;14;1458.00;26
3298;12;5467001;3298;277;4349;4371;7.55;0.46;272.31;3.07;1051;14;1459.00;22
3302;12;5467013;3302;284;4349;4371;7.54;0.46;272.45;3.07;1047;14;1460.00;22
3303;12;5467025;3303;297;4354;4375;7.54;0.46;272.46;3.07;1051;14;1461.00;21
3309;13;5467037;3309;305;4356;4376;7.51;0.46;272.61;3.07;1047;15;1462.00;20
3314;13;5467064;3314;311;4358;4376;7.47;0.46;272.84;3.08;1044;15;1463.00;18
3318;13;5467076;3318;320;4362;4380;7.50;0.46;272.88;3.09;1044;15;1464.00;18
3320;13;5467088;3320;326;4363;4380;7.50;0.46;272.84;3.09;1043;15;1465.00;17
3324;13;5467099;3324;327;4364;4380;7.48;0.46;273.02;3.10;1040;15;1466.00;16
3327;13;5467116;3327;334;4365;4381;7.47;0.46;273.17;3.10;1038;15;1467.00;16
3329;13;5467127;3329;335;4366;4381;7.46;0.46;273.14;3.11;1037;15;1468.00;15
3337;13;5467138;3337;334;4372;4387;7.43;0.45;273.17;3.11;1035;15;1469.00;15
3338;13;5467152;3338;333;4372;4387;7.38;0.45;273.30;3.11;1034;15;1470.00;15
3343;13;5467169;3343;333;4375;4388;7.35;0.45;273.30;3.11;1032;15;1471.00;13
3347;13;5467180;3347;330;4376;4388;7.27;0.44;273.40;3.12;1029;15;1472.00;12
3349;13;5467192;3349;331;4378;4388;7.23;0.44;273.29;3.13;1029;15;1473.00;10
3352;13;5467204;3352;339;4378;4388;7.13;0.44;273.50;3.13;1026;15;1474.00;10
3355;13;5467215;3355;338;4380;4388;7.02;0.43;273.53;3.15;1025;15;1475.00;8
3357;13;5467226;3357;336;4389;4400;6.99;0.43;273.55;3.14;1032;15;1476.00;11
3362;14;5467238;3362;335;4389;4400;6.86;0.42;273.51;3.14;1027;16;1477.00;11
3364;14;5467264;3364;335;4392;4400;6.75;0.41;273.54;3.15;1028;16;1478.00;8
3364;14;5467274;3364;334;4393;4400;6.67;0.41;273.54;3.15;1029;16;1479.00;7
3365;14;5467285;3365;340;4393;4400;6.59;0.40;273.64;3.15;1028;16;1480.00;7
3367;14;5467295;3367;345;4395;4400;6.49;0.40;273.65;3.15;1028;16;1481.00;5
3369;14;5467306;3369;346;4400;4404;6.39;0.39;273.69;3.15;1031;16;1482.00;4
3374;14;5467316;3374;348;4400;4404;6.35;0.39;273.75;3.15;1026;16;1483.00;4
3377;14;5467326;3377;349;4403;4408;6.24;0.38;273.78;3.15;1026;16;1484.00;5
3379;14;5467336;3379;339;4406;4410;6.18;0.38;273.87;3.15;1027;16;1485.00;4
3385;14;5467347;3385;333;4406;4410;6.12;0.38;273.88;3.15;1021;16;1486.00;4
3388;14;5467358;3388;336;4406;4410;6.08;0.37;273.90;3.15;1018;16;1487.00;4
3392;14;5467373;3392;338;4418;4423;6.10;0.38;274.13;3.14;1026;16;1488.00;5
3395;14;5467385;3395;339;4418;4423;6.12;0.38;274.11;3.14;1023;16;1489.00;5
3398;14;5467395;3398;337;4419;4423;6.13;0.38;274.39;3.14;1021;16;1490.00;4
3402;14;5467405;3402;336;4420;4424;6.14;0.38;274.55;3.14;1018;16;1491.00;4
3405;14;5467415;3405;335;4421;4425;6.22;0.38;274.52;3.14;1016;16;1492.00;4
3409;14;5467426;3409;329;4421;4425;6.24;0.39;274.62;3.14;1012;16;1493.00;4
3411;14;5467436;3411;323;4423;4428;6.31;0.39;274.63;3.14;1012;16;1494.00;5
3416;14;5467447;3416;326;4423;4428;6.34;0.39;274.45;3.14;1007;16;1495.00;5
3421;14;5467457;3421;327;4424;4428;6.38;0.39;274.60;3.14;1003;16;1496.00;4
3424;14;5467469;3424;326;4424;4428;6.35;0.39;274.62;3.14;1000;16;1497.00;4
3430;14;5467480;3430;329;4430;4434;6.33;0.39;274.56;3.13;1000;16;1498.00;4
3435;14;5467492;3435;333;4430;4434;6.25;0.39;274.87;3.13;995;16;1499.00;4
3439;14;5467505;3439;349;4435;4453;6.14;0.38;274.77;3.13;996;16;1500.00;18
3443;14;5467522;3443;349;4435;4453;6.06;0.37;274.76;3.13;992;16;1501.00;18
3448;14;5467533;3448;355;4439;4457;6.01;0.37;274.69;3.13;991;16;1502.00;18
3452;14;5467543;3452;363;4441;4458;5.99;0.37;274.68;3.13;989;16;1503.00;17
3456;14;5467554;3456;366;4441;4458;5.89;0.36;274.71;3.13;985;16;1504.00;17
3461;14;5467564;3461;369;4444;4459;5.79;0.36;274.59;3.13;983;16;1505.00;15
3465;14;5467574;3465;368;4445;4459;5.75;0.35;274.62;3.13;980;16;1506.00;14
3471;14;5467584;3471;367;4445;4459;5.67;0.35;274.49;3.13;974;16;1507.00;14
3474;14;5467594;3474;376;4445;4459;5.62;0.35;274.43;3.13;971;16;1508.00;14
3476;14;5467603;3476;381;4445;4459;5.58;0.34;274.47;3.13;969;16;1509.00;14
3480;14;5467614;3480;384;4445;4459;5.47;0.34;274.53;3.13;965;16;1510.00;14
3483;14;5467625;3483;385;4447;4459;5.37;0.33;274.55;3.13;964;16;1511.00;12
3487;14;5467634;3487;391;4487;4529;5.49;0.34;274.43;3.10;1000;16;1512.00;42
3492;14;5467650;3492;399;4490;4530;5.47;0.34;274.30;3.10;998;16;1513.00;40
3496;14;5467660;3496;398;4496;4530;5.54;0.34;274.21;3.10;1000;16;1514.00;34
3497;14;5467672;3497;398;4497;4530;5.56;0.34;274.29;3.10;1000;16;1515.00;33
3504;14;5467684;3504;403;4501;4530;5.56;0.34;274.26;3.11;997;16;1516.00;29
3508;14;5467696;3508;409;4503;4530;5.53;0.34;274.12;3.11;995;16;1517.00;27
3510;14;5467712;3510;412;4505;4530;5.54;0.34;274.10;3.11;995;16;1518.00;25
3513;14;5467722;3513;417;4507;4530;5.49;0.34;274.07;3.11;994;16;1519.00;23
3514;14;5467737;3514;425;4508;4531;5.47;0.34;274.08;3.11;994;16;1520.00;23
3516;14;5467747;3516;431;4510;4532;5.39;0.33;274.15;3.12;994;16;1521.00;22
3518;14;5467757;3518;436;4514;4532;5.30;0.33;274.27;3.13;996;16;1522.00;18
3519;14;5467767;3519;438;4520;4536;5.30;0.33;274.33;3.13;1001;16;1523.00;16
3524;14;5467778;3524;442;4522;4536;5.25;0.32;274.45;3.13;998;16;1524.00;14
3527;14;5467788;3527;440;4523;4536;5.23;0.32;274.37;3.13;996;16;1525.00;13
3531;14;5467798;3531;443;4524;4536;5.18;0.32;274.45;3.13;993;16;1526.00;12
3532;14;5467809;3532;446;4529;4542;5.22;0.32;274.47;3.15;997;16;1527.00;13
3535;14;5467819;3535;450;4531;4542;5.20;0.32;274.44;3.16;996;16;1528.00;11
3538;14;5467830;3538;450;4531;4542;5.18;0.32;274.48;3.16;993;16;1529.00;11
3540;14;5467841;3540;457;4535;4548;5.25;0.32;274.48;3.16;995;16;1530.00;13
3543;14;5467852;3543;465;4535;4548;5.26;0.32;274.56;3.16;992;16;1531.00;13
3543;14;5467862;3543;450;4537;4548;5.31;0.32;274.56;3.16;994;16;1532.00;11
3546;14;5467872;3546;452;4538;4549;5.29;0.32;274.57;3.16;992;16;1533.00;11
3548;14;5467883;3548;446;4541;4550;5.35;0.33;274.60;3.17;993;16;1534.00;9
3548;14;5467893;3548;444;4542;4550;5.43;0.33;274.60;3.17;994;16;1535.00;8
3549;14;5467903;3549;448;4554;4563;5.56;0.34;274.61;3.17;1005;16;1536.00;9
3552;14;5467916;3552;437;4555;4563;5.65;0.34;274.55;3.17;1003;16;1537.00;8
3556;14;5467927;3556;428;4555;4563;5.70;0.35;274.45;3.17;999;16;1538.00;8
3556;14;5467938;3556;423;4557;4564;5.82;0.35;274.45;3.17;1001;16;1539.00;7
3558;14;5467949;3558;421;4559;4564;5.90;0.36;274.49;3.18;1001;16;1540.00;5
3560;14;5467960;3560;404;4562;4568;6.01;0.37;274.37;3.18;1002;16;1541.00;6
3563;14;5467971;3563;390;4564;4568;6.09;0.37;274.33;3.18;1001;16;1542.00;4
3565;14;5467983;3565;380;4568;4572;6.17;0.38;274.47;3.18;1003;16;1543.00;4
3567;14;5468005;3567;366;4568;4572;6.29;0.38;274.67;3.18;1001;16;1544.00;4
3568;14;5468016;3568;347;4568;4572;6.38;0.39;274.60;3.18;1000;16;1545.00;4
3570;14;5468028;3570;343;4569;4572;6.44;0.39;274.69;3.20;999;16;1546.00;3
3570;14;5468040;3570;330;4569;4572;6.54;0.40;274.69;3.20;999;16;1547.00;3
3572;14;5468051;3572;333;4580;4584;6.63;0.40;274.71;3.19;1008;16;1548.00;4
3575;14;5468064;3575;327;4580;4584;6.70;0.41;274.67;3.19;1005;16;1549.00;4
3575;14;5468077;3575;327;4581;4584;6.80;0.41;274.67;3.19;1006;16;1550.00;3
3578;14;5468088;3578;321;4581;4584;6.79;0.41;274.59;3.19;1003;16;1551.00;3
3579;14;5468101;3579;314;4581;4584;6.83;0.41;274.59;3.19;1002;16;1552.00;3
3582;14;5468113;3582;311;4581;4584;6.87;0.42;274.54;3.19;999;16;1553.00;3
3584;14;5468125;3584;308;4582;4585;6.90;0.42;274.51;3.19;998;16;1554.00;3
3585;14;5468137;3585;309;4584;4587;6.96;0.42;274.52;3.19;999;16;1555.00;3
3588;14;5468148;3588;305;4590;4593;7.02;0.42;274.50;3.19;1002;16;1556.00;3
3590;14;5468161;3590;298;4591;4594;7.01;0.42;274.63;3.19;1001;16;1557.00;3
3590;14;5468174;3590;293;4591;4594;7.08;0.43;274.63;3.19;1001;16;1558.00;3
3592;14;5468185;3592;289;4591;4594;7.12;0.43;274.71;3.19;999;16;1559.00;3
3592;14;5468198;3592;291;4596;4599;7.12;0.43;274.71;3.18;1004;16;1560.00;3
3594;14;5468211;3594;293;4596;4599;7.17;0.43;274.90;3.18;1002;17;1561.00;3
3595;14;5468231;3595;293;4596;4599;7.23;0.44;274.84;3.18;1001;17;1562.00;3
3596;14;5468242;3596;301;4597;4600;7.29;0.44;274.80;3.18;1001;17;1563.00;3
3601;14;5468254;3601;300;4601;4604;7.28;0.44;274.98;3.18;1000;17;1564.00;3
3607;14;5468267;3607;303;4601;4604;7.28;0.44;275.20;3.18;994;17;1565.00;3
3609;14;5468279;3609;296;4604;4607;7.33;0.44;275.26;3.21;995;17;1566.00;3
3612;14;5468290;3612;301;4604;4607;7.34;0.45;275.42;3.21;992;17;1567.00;3
3615;14;5468302;3615;302;4605;4607;7.37;0.45;275.58;3.21;990;17;1568.00;2
3617;14;5468314;3617;305;4605;4607;7.43;0.45;275.77;3.21;988;17;1569.00;2
3620;14;5468325;3620;311;4609;4611;7.42;0.45;275.75;3.20;989;17;1570.00;2
3625;14;5468343;3625;317;4609;4611;7.39;0.45;275.87;3.20;984;17;1571.00;2
3629;14;5468354;3629;317;4609;4611;7.33;0.44;276.06;3.20;980;17;1572.00;2
3630;14;5468368;3630;313;4609;4611;7.35;0.45;276.09;3.20;979;17;1573.00;2
3632;14;5468380;3632;318;4610;4612;7.27;0.44;276.16;3.20;978;17;1574.00;2
3633;14;5468392;3633;312;4612;4614;7.26;0.44;276.21;3.20;979;17;1575.00;2
3633;14;5468405;3633;306;4612;4614;7.27;0.44;276.21;3.20;979;17;1576.00;2
3635;14;5468416;3635;300;4613;4615;7.26;0.44;276.39;3.20;978;17;1577.00;2
3637;14;5468428;3637;294;4613;4615;7.32;0.45;276.40;3.20;976;17;1578.00;2
3641;14;5468440;3641;286;4613;4615;7.32;0.45;276.41;3.20;972;17;1579.00;2
3645;14;5468451;3645;275;4613;4615;7.31;0.44;276.32;3.20;968;17;1580.00;2
3649;14;5468462;3649;274;4614;4615;7.32;0.44;276.53;3.23;965;17;1581.00;1
3652;14;5468474;3652;267;4614;4615;7.35;0.45;276.69;3.23;962;17;1582.00;1
3656;14;5468487;3656;261;4614;4615;7.43;0.45;276.75;3.23;958;17;1583.00;1
3658;14;5468499;3658;284;4690;4742;7.48;0.46;276.92;3.18;1032;17;1584.00;52
3661;14;5468522;3661;272;4691;4743;7.53;0.46;277.01;3.20;1030;17;1585.00;52
3664;14;5468535;3664;260;4697;4743;7.61;0.47;277.10;3.19;1033;17;1586.00;46
3668;14;5468548;3668;254;4698;4743;7.67;0.47;277.27;3.19;1030;17;1587.00;45
3670;14;5468559;3670;253;4702;4743;7.77;0.48;277.44;3.19;1032;17;1588.00;41
3676;14;5468571;3676;252;4704;4743;7.80;0.48;277.64;3.19;1028;17;1589.00;39
3679;14;5468585;3679;246;4708;4743;7.82;0.48;277.75;3.20;1029;17;1590.00;35
3681;14;5468597;3681;248;4711;4743;7.88;0.48;277.76;3.20;1030;17;1591.00;32
3684;14;5468609;3684;251;4713;4744;7.90;0.48;277.85;3.20;1029;17;1592.00;31
3687;14;5468626;3687;249;4719;4745;7.93;0.49;277.86;3.21;1032;17;1593.00;26
3690;14;5468639;3690;247;4722;4745;7.92;0.48;277.82;3.21;1032;17;1594.00;23
3693;14;5468651;3693;248;4724;4746;7.88;0.48;277.92;3.22;1031;17;1595.00;22
3694;14;5468663;3694;258;4727;4746;7.87;0.48;277.92;3.22;1033;17;1596.00;19
3698;14;5468681;3698;260;4729;4746;7.82;0.48;277.93;3.23;1031;17;1597.00;17
3702;14;5468694;3702;262;4733;4746;7.78;0.48;277.94;3.24;1031;17;1598.00;13
3704;14;5468706;3704;262;4737;4750;7.82;0.48;277.99;3.24;1033;17;1599.00;13
3708;14;5468719;3708;263;4741;4750;7.76;0.47;278.04;3.25;1033;17;1600.00;9
3710;14;5468735;3710;272;4743;4750;7.79;0.47;278.09;3.25;1033;17;1601.00;7
3711;14;5468747;3711;275;4745;4753;7.79;0.47;278.21;3.25;1034;17;1602.00;8
3713;14;5468764;3713;277;4745;4753;7.83;0.48;278.27;3.25;1032;17;1603.00;8
3715;14;5468777;3715;281;4745;4753;7.76;0.47;278.23;3.25;1030;17;1604.00;8
3715;14;5468789;3715;280;4751;4757;7.81;0.48;278.23;3.26;1036;17;1605.00;6
3716;14;5468801;3716;277;4752;4758;7.92;0.48;278.22;3.26;1036;17;1606.00;6
3719;14;5468813;3719;277;4753;4758;7.96;0.48;278.38;3.26;1034;17;1607.00;5
3721;15;5468825;3721;279;4756;4762;7.99;0.49;278.42;3.26;1035;18;1608.00;6
3725;15;5468853;3725;278;4757;4762;7.97;0.48;278.60;3.26;1032;18;1609.00;5
3730;15;5468865;3730;277;4757;4762;7.92;0.48;278.58;3.26;1027;18;1610.00;5
3730;15;5468877;3730;285;4759;4763;7.89;0.48;278.58;3.26;1029;18;1611.00;4
3731;15;5468889;3731;283;4759;4763;7.90;0.48;278.69;3.26;1028;18;1612.00;4
3733;15;5468901;3733;281;4764;4769;7.91;0.48;278.77;3.26;1031;18;1613.00;5
3736;15;5468919;3736;283;4765;4769;7.87;0.48;278.81;3.26;1029;18;1614.00;4
3740;15;5468931;3740;292;4765;4770;7.80;0.47;278.98;3.26;1025;18;1615.00;5
3741;15;5468949;3741;297;4766;4770;7.74;0.47;278.96;3.27;1025;18;1616.00;4
3743;15;5468960;3743;299;4766;4770;7.66;0.46;279.04;3.27;1023;18;1617.00;4
3747;15;5468972;3747;304;4766;4770;7.61;0.46;279.18;3.27;1019;18;1618.00;4
3748;15;5468984;3748;307;4767;4770;7.55;0.46;279.24;3.27;1019;18;1619.00;3
3751;15;5468997;3751;310;4795;4806;7.61;0.46;279.23;3.25;1044;18;1620.00;11
3752;15;5469011;3752;311;4797;4806;7.56;0.46;279.27;3.25;1045;18;1621.00;9
3754;15;5469022;3754;321;4801;4806;7.48;0.46;279.18;3.25;1047;18;1622.00;5
3755;15;5469034;3755;319;4801;4806;7.42;0.45;279.20;3.25;1046;19;1623.00;5
3759;15;5469053;3759;317;4803;4806;7.31;0.45;279.33;3.26;1044;19;1624.00;3
3759;15;5469065;3759;325;4804;4806;7.23;0.44;279.33;3.26;1045;19;1625.00;2
3763;15;5469076;3763;322;4810;4810;7.08;0.44;279.34;3.26;1047;19;1626.00;0
3765;15;5469087;3765;324;4810;4810;7.04;0.43;279.40;3.26;1045;19;1627.00;0
3766;15;5469098;3766;326;4814;4814;7.04;0.43;279.53;3.25;1048;19;1628.00;0
3769;15;5469108;3769;329;4815;4815;6.99;0.43;279.47;3.25;1046;19;1629.00;0
3771;15;5469120;3771;332;4815;4815;6.93;0.43;279.53;3.25;1044;19;1630.00;0
3776;15;5469130;3776;337;4815;4815;6.79;0.42;279.58;3.25;1039;19;1631.00;0
3777;15;5469141;3777;335;4828;4828;6.73;0.41;279.71;3.24;1051;19;1632.00;0
3784;15;5469152;3784;344;4828;4828;6.61;0.41;279.63;3.24;1044;19;1633.00;0
3786;15;5469163;3786;344;4828;4828;6.55;0.40;279.78;3.24;1042;19;1634.00;0
3788;15;5469173;3788;349;4829;4829;6.54;0.40;279.73;3.24;1041;19;1635.00;0
3789;15;5469184;3789;346;4830;4830;6.52;0.40;279.70;3.24;1041;19;1636.00;0
3796;15;5469194;3796;347;4830;4830;6.50;0.40;279.88;3.24;1034;19;1637.00;0
3798;15;5469205;3798;349;4833;4833;6.55;0.40;279.80;3.24;1035;19;1638.00;0
3803;15;5469215;3803;346;4833;4833;6.52;0.40;279.85;3.24;1030;19;1639.00;0
3806;15;5469225;3806;353;4833;4833;6.47;0.40;279.88;3.24;1027;19;1640.00;0
3807;15;5469236;3807;359;4833;4833;6.44;0.39;279.93;3.24;1026;19;1641.00;0
3809;15;5469245;3809;358;4838;4839;6.42;0.39;279.85;3.24;1029;19;1642.00;1
3811;15;5469256;3811;372;4839;4839;6.36;0.39;279.76;3.24;1028;19;1643.00;0
3813;15;5469265;3813;373;4839;4839;6.36;0.39;279.68;3.24;1026;19;1644.00;0
3818;15;5469275;3818;375;4839;4839;6.31;0.39;279.78;3.24;1021;19;1645.00;0
3822;15;5469285;3822;379;4843;4843;6.18;0.38;279.96;3.24;1021;19;1646.00;0
3823;15;5469295;3823;383;4844;4844;6.12;0.37;279.98;3.24;1021;19;1647.00;0
3825;15;5469305;3825;381;4844;4844;6.03;0.37;280.00;3.24;1019;19;1648.00;0
3832;15;5469315;3832;391;4845;4845;5.87;0.36;279.95;3.24;1013;19;1649.00;0
3834;15;5469326;3834;380;4845;4845;5.76;0.35;279.96;3.24;1011;19;1650.00;0
3838;15;5469335;3838;377;4845;4845;5.64;0.35;280.11;3.24;1007;19;1651.00;0
3842;15;5469345;3842;369;4845;4845;5.56;0.34;280.08;3.24;1003;19;1652.00;0
3846;15;5469354;3846;364;4845;4845;5.54;0.34;280.06;3.24;999;19;1653.00;0
3849;15;5469363;3849;357;4845;4845;5.48;0.34;280.10;3.24;996;19;1654.00;0
3852;15;5469373;3852;356;4845;4845;5.48;0.34;280.03;3.24;993;19;1655.00;0
3856;15;5469383;3856;363;4888;4915;5.62;0.34;279.98;3.21;1032;19;1656.00;27
3858;15;5469399;3858;359;4892;4916;5.60;0.35;279.98;3.21;1034;19;1657.00;24
3859;15;5469409;3859;356;4898;4916;5.69;0.35;280.02;3.20;1039;19;1658.00;18
3862;15;5469419;3862;359;4900;4916;5.68;0.35;280.01;3.20;1038;19;1659.00;16
3865;15;5469429;3865;362;4901;4916;5.65;0.35;279.99;3.20;1036;19;1660.00;15
3868;15;5469439;3868;369;4901;4916;5.58;0.34;280.10;3.20;1033;19;1661.00;15
3872;15;5469450;3872;374;4905;4916;5.52;0.34;280.09;3.21;1033;19;1662.00;11
3872;15;5469459;3872;385;4905;4916;5.47;0.34;280.09;3.21;1033;19;1663.00;11
3876;15;5469469;3876;389;4908;4917;5.42;0.33;279.95;3.21;1032;19;1664.00;9
3880;15;5469480;3880;394;4912;4919;5.41;0.33;279.94;3.21;1032;19;1665.00;7
3882;15;5469489;3882;410;4913;4919;5.35;0.33;279.89;3.21;1031;19;1666.00;6
3889;15;5469500;3889;416;4918;4923;5.32;0.33;279.86;3.21;1029;19;1667.00;5
3894;15;5469511;3894;417;4920;4923;5.27;0.32;279.83;3.22;1026;19;1668.00;3
3900;15;5469521;3900;416;4922;4923;5.23;0.32;279.74;3.22;1022;19;1669.00;1
3906;15;5469531;3906;428;4923;4923;5.22;0.32;279.83;3.22;1017;19;1670.00;0
3908;15;5469541;3908;428;4929;4929;5.24;0.32;279.76;3.22;1021;19;1671.00;0
3913;15;5469552;3913;424;4929;4929;5.19;0.32;279.90;3.22;1016;19;1672.00;0
3916;15;5469562;3916;422;4929;4929;5.19;0.32;280.05;3.22;1013;19;1673.00;0
3917;15;5469573;3917;422;4932;4932;5.21;0.32;279.99;3.22;1015;19;1674.00;0
3920;15;5469583;3920;425;4932;4932;5.15;0.31;279.94;3.22;1012;19;1675.00;0
3926;15;5469594;3926;434;4932;4932;5.07;0.31;279.91;3.22;1006;19;1676.00;0
3928;15;5469604;3928;438;4933;4933;5.04;0.31;279.84;3.22;1005;19;1677.00;0
3931;15;5469614;3931;449;4934;4934;5.04;0.31;279.85;3.21;1003;19;1678.00;0
3934;15;5469624;3934;452;4934;4934;5.02;0.31;279.86;3.21;1000;19;1679.00;0
3935;15;5469636;3935;461;4957;4960;5.16;0.32;279.89;3.20;1022;19;1680.00;3
3942;15;5469649;3942;463;4957;4960;5.09;0.31;279.76;3.20;1015;19;1681.00;3
3944;15;5469659;3944;464;4959;4960;5.11;0.31;279.86;3.20;1015;19;1682.00;1
3946;15;5469670;3946;467;4960;4961;5.11;0.31;279.82;3.20;1014;19;1683.00;1
3948;15;5469679;3948;459;4960;4961;5.12;0.31;279.91;3.20;1012;19;1684.00;1
3950;15;5469690;3950;451;4964;4965;5.24;0.32;279.86;3.20;1014;19;1685.00;1
3952;15;5469701;3952;439;4964;4965;5.32;0.33;279.91;3.20;1012;19;1686.00;1
3955;15;5469712;3955;444;4968;4969;5.40;0.33;279.83;3.20;1013;19;1687.00;1
3959;15;5469723;3959;440;4968;4969;5.40;0.33;279.82;3.20;1009;19;1688.00;1
3963;15;5469734;3963;442;4968;4969;5.40;0.33;279.98;3.20;1005;19;1689.00;1
3963;16;5469746;3963;444;4968;4969;5.44;0.33;279.98;3.20;1005;20;1690.00;1
3967;16;5469767;3967;442;4968;4969;5.43;0.33;280.00;3.20;1001;20;1691.00;1
3968;16;5469777;3968;439;4979;4981;5.52;0.34;279.97;3.19;1011;20;1692.00;2
3969;16;5469800;3969;441;4980;4981;5.53;0.34;279.93;3.19;1011;20;1693.00;1
3970;16;5469810;3970;448;4980;4981;5.54;0.34;279.95;3.19;1010;20;1694.00;1
3971;16;5469821;3971;442;4981;4981;5.55;0.34;279.94;3.19;1010;20;1695.00;0
3972;16;5469832;3972;446;4981;4981;5.56;0.34;279.95;3.19;1009;20;1696.00;0
3975;16;5469843;3975;441;4981;4981;5.52;0.34;279.91;3.19;1006;20;1697.00;0
3976;16;5469860;3976;438;4982;4982;5.51;0.34;279.95;3.19;1006;20;1698.00;0
3978;16;5469871;3978;435;4982;4982;5.51;0.34;279.94;3.19;1004;20;1699.00;0
3979;16;5469882;3979;428;4988;4988;5.57;0.34;279.96;3.19;1009;20;1700.00;0
3981;16;5469896;3981;423;4989;4989;5.57;0.34;279.95;3.19;1008;20;1701.00;0
3984;16;5469907;3984;416;4989;4989;5.57;0.34;280.01;3.19;1005;20;1702.00;0
3985;16;5469918;3985;412;4989;4989;5.61;0.34;280.06;3.19;1004;20;1703.00;0
3986;16;5469929;3986;415;4993;4993;5.69;0.35;280.02;3.18;1007;20;1704.00;0
3989;16;5469941;3989;414;4993;4993;5.73;0.35;280.16;3.18;1004;20;1705.00;0
3994;16;5469952;3994;405;4993;4993;5.77;0.35;280.28;3.18;999;20;1706.00;0
3998;16;5469964;3998;393;4994;4994;5.89;0.36;280.39;3.18;996;20;1707.00;0
4001;16;5469975;4001;388;4998;4998;5.98;0.36;280.54;3.18;997;20;1708.00;0
4002;16;5469987;4002;378;4998;4998;6.15;0.37;280.57;3.18;996;20;1709.00;0
4007;16;5470000;4007;376;5002;5004;6.25;0.38;280.61;3.18;995;20;1710.00;2
4008;16;5470012;4008;373;5002;5004;6.35;0.39;280.59;3.18;994;20;1711.00;2
4011;16;5470024;4011;373;5004;5004;6.40;0.39;280.69;3.18;993;20;1712.00;0
4013;16;5470035;4013;376;5004;5004;6.48;0.39;280.79;3.18;991;20;1713.00;0
4015;16;5470047;4015;373;5008;5008;6.55;0.40;280.87;3.18;993;20;1714.00;0
4018;16;5470058;4018;377;5008;5008;6.54;0.40;280.98;3.18;990;20;1715.00;0
4021;16;5470070;4021;384;5008;5008;6.57;0.40;280.99;3.18;987;20;1716.00;0
4023;16;5470081;4023;376;5008;5008;6.57;0.40;281.04;3.18;985;20;1717.00;0
4026;16;5470092;4026;372;5009;5009;6.55;0.40;281.09;3.18;983;20;1718.00;0
4030;16;5470104;4030;365;5010;5010;6.55;0.40;281.33;3.18;980;20;1719.00;0
4031;16;5470115;4031;359;5010;5010;6.59;0.40;281.46;3.18;979;20;1720.00;0
4033;16;5470127;4033;358;5011;5011;6.61;0.40;281.62;3.18;978;20;1721.00;0
4035;16;5470137;4035;355;5011;5011;6.69;0.41;281.85;3.18;976;20;1722.00;0
4037;16;5470148;4037;360;5011;5011;6.76;0.41;281.89;3.18;974;20;1723.00;0
4041;16;5470159;4041;352;5011;5011;6.72;0.41;282.06;3.18;970;20;1724.00;0
4042;16;5470170;4042;350;5011;5011;6.77;0.41;282.08;3.18;969;20;1725.00;0
4048;16;5470181;4048;348;5011;5011;6.75;0.41;282.36;3.18;963;20;1726.00;0
4051;16;5470192;4051;352;5011;5011;6.76;0.41;282.60;3.18;960;20;1727.00;0
4055;16;5470203;4055;376;5092;5138;6.87;0.42;282.69;3.13;1037;20;1728.00;46
4058;16;5470223;4058;371;5094;5139;6.93;0.43;282.78;3.12;1036;20;1729.00;45
4061;16;5470240;4061;365;5099;5139;7.05;0.44;283.03;3.12;1038;20;1730.00;40
4061;16;5470258;4061;355;5103;5139;7.18;0.44;283.03;3.12;1042;20;1731.00;36
4063;16;5470269;4063;354;5108;5139;7.24;0.45;283.20;3.12;1045;20;1732.00;31
4064;16;5470280;4064;353;5110;5139;7.20;0.45;283.28;3.12;1046;20;1733.00;29
4069;16;5470291;4069;353;5113;5139;7.15;0.44;283.32;3.13;1044;20;1734.00;26
4071;16;5470302;4071;358;5117;5139;7.13;0.44;283.40;3.13;1046;20;1735.00;22
4073;16;5470314;4073;365;5118;5140;7.12;0.44;283.38;3.13;1045;20;1736.00;22
4078;16;5470326;4078;374;5123;5141;7.09;0.44;283.38;3.14;1045;20;1737.00;18
4078;16;5470338;4078;381;5126;5141;7.06;0.43;283.38;3.14;1048;20;1738.00;15
4082;16;5470350;4082;384;5127;5142;7.00;0.43;283.51;3.14;1045;20;1739.00;15
4084;16;5470369;4084;382;5132;5142;6.97;0.43;283.51;3.15;1048;20;1740.00;10
4087;16;5470380;4087;385;5133;5142;6.90;0.42;283.60;3.15;1046;20;1741.00;9
4090;16;5470392;4090;379;5134;5142;6.80;0.42;283.61;3.15;1044;20;1742.00;8
4091;16;5470404;4091;380;5139;5146;6.76;0.41;283.63;3.15;1048;20;1743.00;7
4094;16;5470415;4094;371;5140;5146;6.71;0.41;283.75;3.15;1046;20;1744.00;6
4095;16;5470427;4095;368;5141;5146;6.72;0.41;283.80;3.16;1046;20;1745.00;5
4096;16;5470438;4096;366;5143;5149;6.75;0.41;283.93;3.16;1047;20;1746.00;6
4099;16;5470450;4099;356;5144;5149;6.77;0.41;284.10;3.16;1045;20;1747.00;5
4102;16;5470462;4102;357;5146;5149;6.76;0.41;284.07;3.17;1044;20;1748.00;3
4105;16;5470474;4105;350;5151;5153;6.76;0.41;284.25;3.17;1046;20;1749.00;2
4108;16;5470487;4108;351;5152;5154;6.83;0.42;284.29;3.17;1044;20;1750.00;2
4113;16;5470498;4113;347;5153;5154;6.81;0.42;284.46;3.17;1040;20;1751.00;1
4116;16;5470510;4116;347;5156;5158;6.80;0.41;284.52;3.17;1040;20;1752.00;2
4117;16;5470522;4117;344;5157;5158;6.83;0.42;284.54;3.17;1040;20;1753.00;1
4120;16;5470533;4120;335;5157;5158;6.85;0.42;284.73;3.17;1037;20;1754.00;1
4123;16;5470545;4123;328;5160;5160;6.84;0.42;284.85;3.17;1037;20;1755.00;0
4127;16;5470557;4127;328;5160;5160;6.83;0.41;284.89;3.17;1033;20;1756.00;0
4130;16;5470573;4130;321;5165;5166;6.85;0.42;284.84;3.16;1035;20;1757.00;1
4133;16;5470586;4133;317;5165;5166;6.82;0.41;284.99;3.16;1032;20;1758.00;1
4136;16;5470597;4136;314;5165;5167;6.82;0.41;285.09;3.16;1029;20;1759.00;2
4138;16;5470608;4138;322;5165;5167;6.83;0.41;285.05;3.16;1027;20;1760.00;2
4140;16;5470620;4140;320;5165;5167;6.83;0.41;285.13;3.16;1025;20;1761.00;2
4143;16;5470631;4143;318;5165;5167;6.81;0.41;285.10;3.16;1022;20;1762.00;2
4146;16;5470642;4146;323;5165;5167;6.79;0.41;285.13;3.16;1019;20;1763.00;2
4148;16;5470654;4148;323;5175;5179;6.87;0.42;285.14;3.16;1027;20;1764.00;4
4152;16;5470666;4152;324;5175;5179;6.88;0.42;285.27;3.16;1023;20;1765.00;4
4155;16;5470677;4155;325;5177;5179;6.90;0.42;285.37;3.16;1022;20;1766.00;2
4159;16;5470689;4159;324;5177;5179;6.84;0.42;285.42;3.16;1018;20;1767.00;2
4160;16;5470706;4160;318;5177;5179;6.88;0.42;285.40;3.16;1017;20;1768.00;2
4163;16;5470717;4163;319;5177;5179;6.88;0.42;285.44;3.16;1014;20;1769.00;2
4167;16;5470730;4167;316;5180;5183;6.85;0.42;285.67;3.16;1013;20;1770.00;3
4170;16;5470742;4170;318;5180;5183;6.80;0.41;285.64;3.16;1010;20;1771.00;3
4172;16;5470753;4172;309;5184;5187;6.81;0.41;285.65;3.16;1012;20;1772.00;3
4174;16;5470769;4174;307;5185;5188;6.78;0.41;285.78;3.16;1011;20;1773.00;3
4174;17;5470780;4174;309;5185;5188;6.76;0.41;285.78;3.16;1011;21;1774.00;3
4176;17;5470807;4176;309;5185;5188;6.78;0.41;285.70;3.16;1009;21;1775.00;3
4179;17;5470818;4179;306;5196;5201;6.83;0.41;285.81;3.15;1017;21;1776.00;5
4181;17;5470830;4181;310;5196;5201;6.89;0.42;285.86;3.15;1015;21;1777.00;5
4182;17;5470841;4182;314;5196;5201;6.92;0.42;285.91;3.15;1014;21;1778.00;5
4184;17;5470852;4184;314;5198;5202;6.97;0.42;285.90;3.15;1014;21;1779.00;4
4185;17;5470862;4185;315;5198;5203;7.03;0.43;285.89;3.15;1013;21;1780.00;5
4189;17;5470876;4189;318;5198;5203;6.99;0.43;285.82;3.15;1009;21;1781.00;5
4192;17;5470888;4192;324;5201;5206;7.00;0.43;285.81;3.15;1009;21;1782.00;5
4193;17;5470899;4193;329;5203;5206;6.98;0.43;285.82;3.16;1010;21;1783.00;3
4194;17;5470909;4194;335;5204;5206;6.98;0.43;285.92;3.16;1010;21;1784.00;2
4197;17;5470920;4197;336;5206;5206;6.92;0.42;285.99;3.16;1009;21;1785.00;0
4202;17;5470937;4202;344;5211;5212;6.87;0.42;286.03;3.16;1009;21;1786.00;1
4205;17;5470949;4205;348;5212;5212;6.81;0.41;286.10;3.16;1007;21;1787.00;0
4207;17;5470959;4207;351;5212;5212;6.71;0.41;286.25;3.16;1005;21;1788.00;0
4210;17;5470969;4210;365;5212;5212;6.60;0.40;286.42;3.16;1002;21;1789.00;0
4212;17;5470979;4212;368;5215;5216;6.46;0.39;286.54;3.15;1003;21;1790.00;1
4214;17;5470989;4214;376;5216;5217;6.37;0.39;286.63;3.15;1002;21;1791.00;1
4216;17;5470999;4216;379;5216;5217;6.25;0.38;286.70;3.15;1000;21;1792.00;1
4220;17;5471009;4220;382;5218;5218;6.21;0.38;286.61;3.15;998;21;1793.00;0
4221;17;5471019;4221;385;5218;5218;6.16;0.38;286.58;3.15;997;21;1794.00;0
4223;17;5471029;4223;392;5218;5218;6.13;0.37;286.50;3.15;995;21;1795.00;0
4224;17;5471040;4224;395;5218;5218;6.14;0.37;286.47;3.15;994;21;1796.00;0
4225;17;5471049;4225;399;5218;5218;6.11;0.37;286.45;3.15;993;21;1797.00;0
4225;17;5471059;4225;405;5218;5218;6.10;0.37;286.45;3.15;993;21;1798.00;0
4229;17;5471073;4229;403;5218;5218;6.03;0.37;286.30;3.15;989;21;1799.00;0
4230;17;5471085;4230;418;5289;5356;6.27;0.39;286.27;3.11;1059;21;1800.00;67
4234;17;5471110;4234;413;5293;5357;6.21;0.38;286.11;3.11;1059;21;1801.00;64
4239;17;5471121;4239;407;5309;5357;6.22;0.38;286.02;3.11;1070;21;1802.00;48
4239;17;5471131;4239;399;5311;5357;6.18;0.38;286.02;3.11;1072;21;1803.00;46
4242;17;5471142;4242;399;5319;5357;6.18;0.38;285.98;3.11;1077;21;1804.00;38
4243;17;5471159;4243;395;5322;5357;6.13;0.38;285.93;3.11;1079;21;1805.00;35
4246;17;5471168;4246;400;5331;5357;6.07;0.37;285.85;3.11;1085;21;1806.00;26
4249;17;5471178;4249;401;5336;5357;5.97;0.36;285.77;3.12;1087;21;1807.00;21
4250;17;5471190;4250;408;5343;5358;5.88;0.36;285.70;3.12;1093;21;1808.00;15
4252;17;5471200;4252;415;5345;5359;5.80;0.35;285.59;3.13;1093;21;1809.00;14
4253;17;5471211;4253;414;5348;5359;5.76;0.35;285.56;3.13;1095;21;1810.00;11
4255;17;5471222;4255;412;5353;5363;5.65;0.35;285.51;3.13;1098;21;1811.00;10
4258;17;5471232;4258;417;5355;5363;5.56;0.34;285.37;3.13;1097;21;1812.00;8
4259;17;5471242;4259;413;5355;5363;5.42;0.33;285.40;3.13;1096;21;1813.00;8
4260;17;5471253;4260;422;5356;5363;5.30;0.32;285.36;3.13;1096;21;1814.00;7
4261;17;5471263;4261;417;5362;5369;5.18;0.32;285.35;3.13;1101;21;1815.00;7
4263;17;5471274;4263;415;5362;5369;5.08;0.31;285.42;3.13;1099;21;1816.00;7
4264;17;5471289;4264;421;5362;5369;5.01;0.31;285.47;3.13;1098;21;1817.00;7
4266;17;5471299;4266;432;5364;5372;4.98;0.30;285.69;3.13;1098;21;1818.00;8
4267;17;5471309;4267;428;5364;5372;4.95;0.30;285.74;3.13;1097;21;1819.00;8
4270;17;5471319;4270;437;5365;5372;4.94;0.30;285.77;3.13;1095;21;1820.00;7
4273;17;5471330;4273;446;5366;5373;4.90;0.30;285.72;3.13;1093;21;1821.00;7
4274;17;5471339;4274;455;5367;5374;4.91;0.30;285.78;3.13;1093;21;1822.00;7
4278;17;5471350;4278;456;5369;5374;4.84;0.30;285.81;3.13;1091;21;1823.00;5
4282;17;5471361;4282;461;5381;5387;4.77;0.29;285.90;3.13;1099;21;1824.00;6
4284;17;5471372;4284;459;5381;5387;4.73;0.29;285.89;3.13;1097;21;1825.00;6
4286;17;5471382;4286;460;5381;5387;4.72;0.29;285.94;3.13;1095;21;1826.00;6
4289;17;5471393;4289;460;5381;5388;4.70;0.29;285.89;3.13;1092;21;1827.00;7
4292;17;5471403;4292;456;5381;5388;4.72;0.29;285.83;3.13;1089;21;1828.00;7
4296;17;5471414;4296;462;5384;5392;4.69;0.29;285.83;3.13;1088;22;1829.00;8
4296;17;5471434;4296;461;5384;5392;4.72;0.29;285.83;3.13;1088;22;1830.00;8
4300;17;5471445;4300;448;5388;5396;4.72;0.29;285.70;3.13;1088;22;1831.00;8
4303;17;5471461;4303;442;5389;5396;4.76;0.29;285.62;3.13;1086;22;1832.00;7
4305;17;5471472;4305;436;5389;5396;4.81;0.29;285.53;3.13;1084;22;1833.00;7
4306;17;5471483;4306;442;5390;5396;4.90;0.30;285.52;3.13;1084;22;1834.00;6
4309;17;5471499;4309;441;5390;5396;4.96;0.31;285.59;3.13;1081;22;1835.00;6
4310;17;5471511;4310;438;5400;5408;5.09;0.31;285.63;3.12;1090;22;1836.00;8
4313;17;5471522;4313;433;5401;5408;5.18;0.32;285.62;3.12;1088;22;1837.00;7
4314;17;5471539;4314;434;5402;5408;5.31;0.33;285.63;3.12;1088;22;1838.00;6
4316;17;5471550;4316;423;5402;5408;5.39;0.33;285.61;3.12;1086;22;1839.00;6
4321;17;5471562;4321;417;5402;5408;5.48;0.34;285.62;3.12;1081;22;1840.00;6
4325;17;5471573;4325;414;5402;5408;5.58;0.34;285.65;3.12;1077;22;1841.00;6
4326;17;5471585;4326;410;5405;5409;5.66;0.35;285.68;3.13;1079;22;1842.00;4
4329;17;5471596;4329;406;5405;5409;5.65;0.35;285.73;3.13;1076;22;1843.00;4
4332;17;5471607;4332;398;5410;5415;5.72;0.35;285.77;3.13;1078;22;1844.00;5
4334;17;5471620;4334;399;5411;5417;5.77;0.36;285.89;3.13;1077;22;1845.00;6
4339;17;5471636;4339;400;5411;5417;5.76;0.36;285.95;3.13;1072;22;1846.00;6
4344;17;5471648;4344;399;5411;5417;5.75;0.35;286.00;3.13;1067;22;1847.00;6
4347;17;5471660;4347;395;5416;5421;5.81;0.36;286.00;3.12;1069;22;1848.00;5
4351;17;5471671;4351;397;5416;5421;5.83;0.36;286.15;3.12;1065;22;1849.00;5
4355;17;5471682;4355;400;5418;5421;5.85;0.36;286.10;3.13;1063;22;1850.00;3
4361;17;5471693;4361;403;5419;5422;5.84;0.36;286.21;3.13;1058;22;1851.00;3
4364;17;5471705;4364;401;5423;5426;5.91;0.36;286.28;3.13;1059;22;1852.00;3
4371;17;5471717;4371;401;5423;5426;5.88;0.36;286.22;3.13;1052;22;1853.00;3
4375;17;5471728;4375;409;5425;5429;5.88;0.36;286.27;3.13;1050;22;1854.00;4
4379;17;5471740;4379;402;5426;5429;5.89;0.36;286.47;3.13;1047;22;1855.00;3
4386;17;5471751;4386;401;5426;5429;5.82;0.36;286.71;3.13;1040;22;1856.00;3
4393;17;5471762;4393;401;5426;5429;5.80;0.36;286.59;3.13;1033;22;1857.00;3
4399;17;5471773;4399;407;5430;5433;5.80;0.36;286.63;3.13;1031;22;1858.00;3
4405;17;5471784;4405;406;5430;5433;5.74;0.35;286.68;3.13;1025;22;1859.00;3
4408;17;5471797;4408;409;5430;5433;5.68;0.35;286.78;3.13;1022;22;1860.00;3
4411;17;5471808;4411;411;5430;5433;5.67;0.35;286.75;3.13;1019;22;1861.00;3
4411;17;5471824;4411;405;5432;5434;5.67;0.35;286.75;3.14;1021;22;1862.00;2
4413;17;5471835;4413;401;5433;5435;5.65;0.35;286.91;3.14;1020;22;1863.00;2
4414;17;5471846;4414;396;5433;5435;5.65;0.35;286.95;3.14;1019;22;1864.00;2
4417;17;5471857;4417;398;5434;5436;5.67;0.35;287.11;3.14;1017;22;1865.00;2
4421;17;5471868;4421;390;5434;5436;5.65;0.35;287.29;3.14;1013;22;1866.00;2
4424;17;5471881;4424;387;5434;5436;5.67;0.35;287.31;3.14;1010;22;1867.00;2
4427;17;5471892;4427;388;5434;5436;5.68;0.35;287.28;3.14;1007;22;1868.00;2
4428;17;5471903;4428;389;5434;5436;5.71;0.35;287.29;3.14;1006;22;1869.00;2
4432;17;5471914;4432;390;5434;5436;5.70;0.35;287.24;3.14;1002;22;1870.00;2
4433;17;5471925;4433;378;5434;5436;5.75;0.35;287.32;3.14;1001;22;1871.00;2
4434;17;5471936;4434;391;5512;5563;6.06;0.38;287.43;3.09;1078;22;1872.00;51
4435;17;5471957;4435;365;5514;5564;6.15;0.38;287.40;3.09;1079;22;1873.00;50
4437;17;5471970;4437;350;5521;5564;6.31;0.39;287.44;3.09;1084;22;1874.00;43
4438;17;5471982;4438;344;5525;5564;6.38;0.39;287.50;3.10;1087;22;1875.00;39
4441;17;5471994;4441;337;5529;5564;6.38;0.39;287.56;3.11;1088;22;1876.00;35
4445;17;5472006;4445;334;5530;5564;6.37;0.39;287.78;3.11;1085;22;1877.00;34
4449;17;5472018;4449;337;5532;5564;6.33;0.39;287.82;3.11;1083;22;1878.00;32
4450;17;5472030;4450;347;5534;5564;6.23;0.38;287.85;3.11;1084;22;1879.00;30
4455;17;5472042;4455;351;5537;5565;6.18;0.38;288.02;3.11;1082;22;1880.00;28
4457;17;5472055;4457;366;5541;5566;6.09;0.37;288.18;3.12;1084;22;1881.00;25
4458;17;5472067;4458;363;5545;5568;6.09;0.37;288.21;3.12;1087;22;1882.00;23
4459;17;5472080;4459;371;5548;5569;6.01;0.37;288.28;3.12;1089;22;1883.00;21
4463;17;5472092;4463;361;5550;5569;5.94;0.36;288.59;3.12;1087;22;1884.00;19
4467;17;5472103;4467;367;5552;5569;5.91;0.36;288.75;3.13;1085;22;1885.00;17
4469;17;5472115;4469;370;5555;5569;5.92;0.36;288.83;3.13;1086;22;1886.00;14
4471;17;5472128;4471;377;5560;5573;5.91;0.36;288.92;3.14;1089;22;1887.00;13
4473;17;5472140;4473;375;5562;5573;5.95;0.36;288.90;3.14;1089;22;1888.00;11
4474;17;5472152;4474;381;5563;5573;5.97;0.37;288.88;3.14;1089;22;1889.00;10
4477;17;5472166;4477;377;5567;5579;6.00;0.37;288.94;3.14;1090;22;1890.00;12
4479;17;5472178;4479;382;5570;5579;6.05;0.37;288.92;3.15;1091;22;1891.00;9
4482;17;5472190;4482;380;5571;5579;6.08;0.37;289.04;3.15;1089;22;1892.00;8
4487;17;5472202;4487;381;5575;5583;6.09;0.37;289.12;3.15;1088;22;1893.00;8
4489;17;5472215;4489;388;5577;5584;6.12;0.37;289.37;3.15;1088;22;1894.00;7
4490;17;5472227;4490;384;5578;5584;6.16;0.38;289.34;3.15;1088;22;1895.00;6
4494;17;5472240;4494;382;5581;5588;6.19;0.38;289.24;3.15;1087;22;1896.00;7
4495;17;5472258;4495;386;5581;5588;6.21;0.38;289.26;3.15;1086;22;1897.00;7
4497;17;5472270;4497;384;5581;5588;6.22;0.38;289.28;3.15;1084;22;1898.00;7
4501;17;5472282;4501;391;5582;5589;6.20;0.38;289.48;3.15;1081;22;1899.00;7
4504;17;5472295;4504;393;5582;5589;6.24;0.38;289.52;3.15;1078;22;1900.00;7
4505;17;5472310;4505;393;5587;5595;6.27;0.38;289.53;3.15;1082;22;1901.00;8
4506;17;5472324;4506;390;5587;5595;6.27;0.38;289.52;3.15;1081;22;1902.00;8
4507;17;5472336;4507;400;5587;5596;6.29;0.38;289.65;3.15;1080;22;1903.00;9
4510;17;5472348;4510;404;5587;5596;6.27;0.38;289.62;3.15;1077;22;1904.00;9
4512;17;5472360;4512;397;5587;5596;6.28;0.38;289.64;3.15;1075;22;1905.00;9
4514;17;5472372;4514;389;5587;5596;6.31;0.38;289.79;3.15;1073;22;1906.00;9
4515;17;5472386;4515;387;5587;5596;6.33;0.38;289.81;3.15;1072;22;1907.00;9
4517;17;5472397;4517;386;5596;5608;6.36;0.39;289.83;3.14;1079;22;1908.00;12
4519;17;5472410;4519;379;5597;5608;6.40;0.39;289.93;3.16;1078;22;1909.00;11
4520;17;5472427;4520;376;5599;5608;6.47;0.39;289.99;3.16;1079;22;1910.00;9
4522;17;5472438;4522;364;5599;5608;6.47;0.39;290.09;3.16;1077;22;1911.00;9
4525;17;5472471;4525;358;5599;5608;6.46;0.39;290.25;3.16;1074;22;1912.00;9
4529;17;5472488;4529;363;5599;5608;6.39;0.39;290.31;3.16;1070;22;1913.00;9
4532;17;5472501;4532;356;5602;5612;6.33;0.38;290.34;3.16;1070;22;1914.00;10
4535;17;5472512;4535;357;5602;5612;6.25;0.38;290.41;3.16;1067;22;1915.00;10
4538;17;5472524;4538;354;5606;5616;6.19;0.38;290.61;3.16;1068;22;1916.00;10
4542;17;5472535;4542;350;5607;5617;6.14;0.37;290.74;3.16;1065;22;1917.00;10
4544;17;5472546;4544;353;5607;5617;6.10;0.37;290.96;3.16;1063;22;1918.00;10
4547;17;5472557;4547;353;5607;5617;6.04;0.37;291.07;3.16;1060;22;1919.00;10
4550;17;5472569;4550;362;5630;5646;6.04;0.37;291.09;3.15;1080;22;1920.00;16
4555;17;5472589;4555;352;5630;5646;5.99;0.36;291.33;3.15;1075;22;1921.00;16
4557;17;5472600;4557;350;5631;5646;6.04;0.37;291.47;3.15;1074;22;1922.00;15
4560;17;5472611;4560;350;5633;5647;6.01;0.37;291.44;3.15;1073;22;1923.00;14
4563;17;5472622;4563;349;5633;5648;6.00;0.37;291.62;3.15;1070;22;1924.00;15
4566;17;5472633;4566;339;5633;5648;6.02;0.37;291.58;3.15;1067;22;1925.00;15
4571;17;5472644;4571;339;5635;5651;6.03;0.37;291.55;3.15;1064;22;1926.00;16
4572;17;5472656;4572;336;5637;5651;6.02;0.37;291.66;3.15;1065;22;1927.00;14
4577;17;5472667;4577;343;5637;5651;6.04;0.37;291.73;3.15;1060;22;1928.00;14
4580;17;5472679;4580;337;5638;5651;6.07;0.37;291.78;3.15;1058;22;1929.00;13
4582;17;5472690;4582;338;5643;5657;6.08;0.37;291.98;3.15;1061;22;1930.00;14
4583;17;5472702;4583;339;5644;5657;6.05;0.37;292.03;3.15;1061;22;1931.00;13
4586;17;5472712;4586;339;5644;5657;6.02;0.37;292.07;3.15;1058;22;1932.00;13
4588;17;5472724;4588;339;5644;5657;5.98;0.36;292.24;3.15;1056;22;1933.00;13
4590;17;5472734;4590;341;5647;5661;5.96;0.36;292.25;3.15;1057;22;1934.00;14
4590;17;5472745;4590;346;5649;5663;5.95;0.36;292.25;3.15;1059;22;1935.00;14
4592;17;5472757;4592;344;5649;5663;5.93;0.36;292.35;3.15;1057;22;1936.00;14
4597;17;5472773;4597;351;5650;5664;5.94;0.36;292.36;3.15;1053;22;1937.00;14
4598;17;5472784;4598;360;5651;5664;5.94;0.36;292.38;3.16;1053;22;1938.00;13
4599;17;5472795;4599;361;5651;5664;5.95;0.36;292.39;3.16;1052;22;1939.00;13
4600;17;5472806;4600;361;5651;5664;5.95;0.36;292.49;3.16;1051;22;1940.00;13
4602;17;5472817;4602;367;5652;5664;5.90;0.36;292.40;3.17;1050;22;1941.00;12
4604;17;5472828;4604;374;5652;5664;5.86;0.36;292.41;3.17;1048;22;1942.00;12
4606;17;5472838;4606;377;5652;5664;5.84;0.36;292.42;3.17;1046;22;1943.00;12
4607;17;5472849;4607;399;5688;5734;6.04;0.37;292.46;3.15;1081;22;1944.00;46
4610;17;5472865;4610;405;5692;5735;5.97;0.37;292.38;3.16;1082;22;1945.00;43
4613;17;5472876;4613;404;5699;5735;5.98;0.37;292.37;3.16;1086;22;1946.00;36
4618;17;5472886;4618;409;5704;5735;5.89;0.36;292.23;3.16;1086;22;1947.00;31
4619;17;5472898;4619;412;5708;5735;5.85;0.36;292.21;3.17;1089;22;1948.00;27
4622;17;5472909;4622;422;5711;5735;5.79;0.35;292.18;3.17;1089;22;1949.00;24
4623;17;5472922;4623;430;5717;5737;5.76;0.35;292.15;3.18;1094;22;1950.00;20
4625;17;5472936;4625;435;5720;5737;5.68;0.35;292.14;3.18;1095;22;1951.00;17
4629;17;5472947;4629;444;5723;5738;5.59;0.34;292.03;3.20;1094;22;1952.00;15
4630;17;5472958;4630;445;5725;5739;5.51;0.34;292.03;3.20;1095;22;1953.00;14
4630;17;5472968;4630;455;5727;5739;5.44;0.33;292.03;3.20;1097;22;1954.00;12
4633;17;5472979;4633;461;5732;5743;5.37;0.33;291.89;3.21;1099;22;1955.00;11
4634;17;5472990;4634;465;5733;5743;5.28;0.32;291.84;3.21;1099;22;1956.00;10
4636;17;5473000;4636;466;5735;5743;5.21;0.32;291.76;3.22;1099;22;1957.00;8
4638;17;5473010;4638;477;5735;5743;5.15;0.32;291.66;3.22;1097;22;1958.00;8
4639;17;5473021;4639;486;5740;5749;5.16;0.32;291.68;3.22;1101;22;1959.00;9
4639;17;5473032;4639;495;5742;5749;5.11;0.31;291.68;3.24;1103;22;1960.00;7
4643;17;5473042;4643;498;5742;5749;5.05;0.31;291.56;3.24;1099;22;1961.00;7
4645;17;5473053;4645;507;5744;5752;5.02;0.31;291.48;3.23;1099;23;1962.00;8
4646;17;5473071;4646;509;5746;5752;5.01;0.31;291.45;3.24;1100;23;1963.00;6
4648;17;5473081;4648;512;5747;5752;4.98;0.30;291.43;3.24;1099;23;1964.00;5
4649;17;5473091;4649;514;5749;5753;4.89;0.30;291.40;3.25;1100;23;1965.00;4
4650;17;5473101;4650;515;5750;5754;4.85;0.30;291.41;3.25;1100;23;1966.00;4
4652;17;5473111;4652;514;5752;5754;4.78;0.29;291.35;3.25;1100;23;1967.00;2
4655;17;5473122;4655;510;5763;5767;4.79;0.29;291.24;3.25;1108;23;1968.00;4
4658;17;5473133;4658;511;5763;5767;4.73;0.29;291.10;3.25;1105;23;1969.00;4
4658;17;5473143;4658;515;5765;5767;4.70;0.29;291.10;3.25;1107;23;1970.00;2
4659;17;5473152;4659;521;5766;5768;4.66;0.28;291.08;3.25;1107;23;1971.00;2
4660;17;5473162;4660;518;5766;5768;4.59;0.28;291.10;3.25;1106;23;1972.00;2
4660;17;5473171;4660;525;5771;5772;4.59;0.28;291.10;3.25;1111;23;1973.00;1
4664;17;5473182;4664;523;5772;5772;4.52;0.28;291.03;3.25;1108;23;1974.00;0
4665;17;5473193;4665;531;5775;5776;4.47;0.27;290.97;3.25;1110;23;1975.00;1
4670;17;5473203;4670;524;5776;5776;4.38;0.27;290.91;3.25;1106;23;1976.00;0
4672;17;5473212;4672;530;5776;5776;4.28;0.26;290.88;3.25;1104;23;1977.00;0
4673;17;5473221;4673;518;5776;5776;4.19;0.26;290.90;3.25;1103;23;1978.00;0
4676;17;5473231;4676;507;5776;5776;4.11;0.25;290.94;3.25;1100;23;1979.00;0
4677;17;5473241;4677;486;5806;5810;4.27;0.26;290.96;3.23;1129;23;1980.00;4
4680;17;5473253;4680;483;5806;5810;4.24;0.26;290.95;3.23;1126;23;1981.00;4
4683;17;5473263;4683;477;5809;5810;4.20;0.26;290.92;3.23;1126;23;1982.00;1
4686;18;5473273;4686;470;5809;5810;4.23;0.26;290.98;3.23;1123;24;1983.00;1
4689;18;5473293;4689;465;5810;5810;4.26;0.26;291.09;3.23;1121;24;1984.00;0
4690;18;5473303;4690;454;5810;5810;4.38;0.27;291.07;3.23;1120;24;1985.00;0
4694;18;5473313;4694;447;5811;5811;4.43;0.27;291.09;3.23;1117;24;1986.00;0
4698;18;5473329;4698;442;5811;5811;4.48;0.28;291.13;3.23;1113;24;1987.00;0
4700;18;5473346;4700;438;5817;5817;4.67;0.29;291.13;3.23;1117;24;1988.00;0
4702;18;5473357;4702;438;5818;5818;4.80;0.29;291.11;3.22;1116;24;1989.00;0
4705;18;5473368;4705;431;5818;5818;4.81;0.30;291.13;3.22;1113;24;1990.00;0
4705;18;5473379;4705;425;5818;5818;4.91;0.30;291.13;3.22;1113;24;1991.00;0
4708;18;5473390;4708;419;5821;5822;4.98;0.30;291.11;3.22;1113;24;1992.00;1
4710;18;5473400;4710;415;5822;5822;5.04;0.31;291.07;3.22;1112;24;1993.00;0
4713;18;5473412;4713;412;5822;5822;5.13;0.31;291.15;3.22;1109;24;1994.00;0
4717;18;5473423;4717;413;5823;5823;5.16;0.32;291.12;3.22;1106;24;1995.00;0
4720;18;5473434;4720;404;5827;5827;5.25;0.32;291.15;3.22;1107;24;1996.00;0
4723;18;5473446;4723;403;5827;5827;5.28;0.32;291.19;3.22;1104;24;1997.00;0
4726;18;5473457;4726;403;5829;5830;5.36;0.33;291.17;3.22;1103;24;1998.00;1
4732;18;5473468;4732;401;5829;5830;5.38;0.33;291.19;3.22;1097;24;1999.00;1
4736;18;5473480;4736;397;5830;5830;5.39;0.33;291.34;3.22;1094;24;2000.00;0
4741;18;5473494;4741;401;5830;5830;5.33;0.33;291.43;3.22;1089;24;2001.00;0
4745;18;5473506;4745;401;5834;5834;5.39;0.33;291.41;3.22;1089;24;2002.00;0
4749;18;5473517;4749;400;5834;5834;5.37;0.33;291.56;3.22;1085;24;2003.00;0
4754;18;5473529;4754;398;5834;5834;5.35;0.33;291.48;3.22;1080;24;2004.00;0
4758;18;5473540;4758;395;5834;5834;5.36;0.33;291.64;3.22;1076;24;2005.00;0
4762;18;5473551;4762;405;5834;5835;5.36;0.33;291.63;3.22;1072;24;2006.00;1
4766;18;5473562;4766;399;5835;5836;5.36;0.33;291.76;3.22;1069;24;2007.00;1
4770;18;5473573;4770;401;5835;5836;5.37;0.33;291.83;3.22;1065;24;2008.00;1
4774;18;5473585;4774;400;5836;5837;5.39;0.33;291.99;3.22;1062;24;2009.00;1
4779;18;5473598;4779;398;5836;5837;5.39;0.33;292.25;3.22;1057;24;2010.00;1
4784;18;5473609;4784;397;5836;5837;5.40;0.33;292.33;3.22;1052;24;2011.00;1
4786;18;5473621;4786;395;5836;5837;5.46;0.33;292.30;3.22;1050;24;2012.00;1
4791;18;5473632;4791;400;5836;5837;5.47;0.33;292.40;3.22;1045;24;2013.00;1
4793;18;5473644;4793;399;5836;5837;5.51;0.33;292.54;3.22;1043;24;2014.00;1
4795;18;5473655;4795;400;5836;5837;5.55;0.34;292.53;3.22;1041;24;2015.00;1
4799;18;5473665;4799;426;5918;5964;5.74;0.35;292.64;3.17;1119;24;2016.00;46
4802;18;5473686;4802;405;5921;5965;5.82;0.36;292.64;3.17;1119;24;2017.00;44
4805;18;5473698;4805;405;5925;5965;5.86;0.36;292.86;3.17;1120;24;2018.00;40
4808;18;5473710;4808;406;5926;5965;5.92;0.36;292.79;3.17;1118;24;2019.00;39
4811;18;5473722;4811;406;5930;5965;5.98;0.37;292.89;3.17;1119;24;2020.00;35
4812;18;5473733;4812;401;5930;5965;6.02;0.37;292.91;3.17;1118;24;2021.00;35
4816;18;5473746;4816;399;5932;5965;6.00;0.37;292.96;3.17;1116;24;2022.00;33
4817;18;5473763;4817;405;5936;5965;6.01;0.37;292.97;3.18;1119;24;2023.00;29
4821;18;5473775;4821;405;5938;5966;5.95;0.36;293.02;3.18;1117;24;2024.00;28
4821;18;5473787;4821;411;5939;5968;5.92;0.36;293.02;3.18;1118;24;2025.00;29
4823;18;5473805;4823;419;5940;5968;5.84;0.36;293.14;3.18;1117;24;2026.00;28
4825;18;5473817;4825;416;5943;5969;5.77;0.35;293.28;3.18;1118;24;2027.00;26
4825;18;5473830;4825;420;5944;5969;5.74;0.35;293.28;3.18;1119;24;2028.00;25
4826;18;5473842;4826;428;5944;5969;5.78;0.35;293.30;3.18;1118;24;2029.00;25
4828;18;5473853;4828;430;5946;5969;5.80;0.35;293.37;3.19;1118;24;2030.00;23
4829;18;5473865;4829;432;5950;5973;5.79;0.35;293.39;3.19;1121;24;2031.00;23
4830;18;5473878;4830;435;5950;5973;5.81;0.36;293.39;3.19;1120;24;2032.00;23
4833;18;5473891;4833;438;5951;5973;5.78;0.35;293.58;3.19;1118;24;2033.00;22
4838;18;5473909;4838;436;5952;5976;5.75;0.35;293.96;3.19;1114;24;2034.00;24
4840;18;5473921;4840;442;5952;5976;5.66;0.34;293.93;3.19;1112;24;2035.00;24
4844;18;5473933;4844;436;5954;5976;5.62;0.34;294.14;3.19;1110;24;2036.00;22
4846;18;5473945;4846;428;5957;5980;5.62;0.34;294.29;3.19;1111;24;2037.00;23
4849;18;5473959;4849;435;5959;5981;5.64;0.34;294.36;3.20;1110;24;2038.00;22
4852;18;5473971;4852;433;5959;5981;5.65;0.34;294.52;3.20;1107;24;2039.00;22
4854;18;5473985;4854;429;5961;5986;5.67;0.34;294.76;3.20;1107;24;2040.00;25
4855;18;5473999;4855;421;5962;5986;5.71;0.35;294.80;3.20;1107;24;2041.00;24
4855;18;5474012;4855;419;5965;5986;5.74;0.35;294.80;3.21;1110;24;2042.00;21
4856;18;5474023;4856;423;5966;5987;5.75;0.35;294.77;3.21;1110;24;2043.00;21
4857;18;5474035;4857;423;5967;5987;5.78;0.35;294.75;3.21;1110;24;2044.00;20
4859;18;5474048;4859;428;5974;5993;5.80;0.35;294.78;3.22;1115;24;2045.00;19
4860;18;5474061;4860;427;5974;5993;5.81;0.35;294.83;3.22;1114;24;2046.00;19
4863;18;5474073;4863;420;5975;5994;5.86;0.36;294.94;3.23;1112;24;2047.00;19
4866;18;5474085;4866;418;5975;5994;5.85;0.35;294.99;3.23;1109;24;2048.00;19
4869;18;5474098;4869;412;5975;5994;5.85;0.35;295.15;3.23;1106;24;2049.00;19
4869;18;5474111;4869;417;5978;5994;5.87;0.36;295.15;3.23;1109;24;2050.00;16
4871;18;5474123;4871;412;5978;5994;5.90;0.36;295.21;3.23;1107;24;2051.00;16
4872;18;5474140;4872;405;5986;6006;5.98;0.36;295.33;3.23;1114;24;2052.00;20
4874;18;5474153;4874;403;5986;6006;5.99;0.36;295.54;3.23;1112;24;2053.00;20
4877;18;5474166;4877;402;5987;6006;6.01;0.37;295.70;3.23;1110;24;2054.00;19
4878;18;5474178;4878;405;5988;6006;5.97;0.36;295.76;3.23;1110;24;2055.00;18
4883;18;5474191;4883;407;5988;6006;5.91;0.36;295.88;3.23;1105;24;2056.00;18
4887;18;5474203;4887;413;5990;6006;5.87;0.36;296.00;3.23;1103;24;2057.00;16
4888;18;5474216;4888;411;5994;6010;5.84;0.35;296.03;3.23;1106;24;2058.00;16
4891;18;5474228;4891;416;5994;6010;5.85;0.35;296.03;3.23;1103;24;2059.00;16
4893;18;5474239;4893;416;5998;6014;5.82;0.35;296.10;3.23;1105;24;2060.00;16
4895;18;5474251;4895;411;5999;6015;5.78;0.35;296.16;3.23;1104;24;2061.00;16
4899;18;5474263;4899;415;5999;6015;5.70;0.35;296.18;3.23;1100;24;2062.00;16
4899;18;5474275;4899;422;5999;6015;5.68;0.35;296.18;3.23;1100;24;2063.00;16
4901;18;5474286;4901;426;6010;6028;5.67;0.34;296.18;3.22;1109;24;2064.00;18
4904;18;5474298;4904;438;6010;6028;5.57;0.34;296.23;3.22;1106;24;2065.00;18
4906;18;5474310;4906;438;6010;6028;5.48;0.33;296.19;3.22;1104;24;2066.00;18
4907;18;5474322;4907;441;6011;6029;5.42;0.33;296.19;3.22;1104;24;2067.00;18
4908;18;5474332;4908;442;6011;6030;5.36;0.33;296.18;3.22;1103;24;2068.00;19
4911;18;5474343;4911;456;6011;6030;5.29;0.32;296.23;3.22;1100;24;2069.00;19
4912;18;5474356;4912;453;6015;6036;5.29;0.32;296.23;3.22;1103;24;2070.00;21
4914;18;5474368;4914;447;6015;6036;5.21;0.32;296.24;3.22;1101;24;2071.00;21
4916;18;5474379;4916;448;6017;6036;5.16;0.31;296.26;3.22;1101;24;2072.00;19
4917;18;5474390;4917;440;6017;6036;5.10;0.31;296.24;3.22;1100;24;2073.00;19
4920;18;5474401;4920;440;6022;6042;5.05;0.31;296.28;3.22;1102;24;2074.00;20
4923;18;5474412;4923;440;6022;6042;4.94;0.30;296.31;3.22;1099;24;2075.00;20
4925;18;5474423;4925;441;6022;6042;4.93;0.30;296.35;3.22;1097;24;2076.00;20
4927;18;5474434;4927;433;6022;6042;4.92;0.30;296.37;3.22;1095;24;2077.00;20
4929;18;5474445;4929;422;6025;6046;4.91;0.30;296.36;3.22;1096;24;2078.00;21
4931;18;5474456;4931;421;6026;6047;4.96;0.30;296.49;3.22;1095;24;2079.00;21
4934;18;5474466;4934;421;6026;6047;4.97;0.30;296.63;3.22;1092;24;2080.00;21
4937;18;5474477;4937;415;6027;6048;4.98;0.30;296.71;3.21;1090;24;2081.00;21
4937;18;5474489;4937;411;6027;6048;4.97;0.30;296.71;3.21;1090;24;2082.00;21
4939;18;5474499;4939;415;6027;6048;4.97;0.30;296.76;3.21;1088;24;2083.00;21
4944;18;5474509;4944;411;6027;6048;4.96;0.30;296.77;3.21;1083;24;2084.00;21
4947;18;5474519;4947;416;6029;6048;4.99;0.30;296.71;3.24;1082;24;2085.00;19
4950;18;5474530;4950;412;6029;6048;5.00;0.30;296.78;3.24;1079;24;2086.00;19
4953;18;5474540;4953;415;6029;6048;5.03;0.31;296.78;3.24;1076;24;2087.00;19
4954;18;5474551;4954;426;6063;6118;5.25;0.32;296.88;3.22;1109;24;2088.00;55
4956;18;5474566;4956;422;6064;6119;5.27;0.32;296.83;3.22;1108;24;2089.00;55
4957;18;5474576;4957;426;6073;6119;5.35;0.33;296.79;3.22;1116;24;2090.00;46
4959;18;5474587;4959;431;6074;6119;5.38;0.33;296.79;3.22;1115;24;2091.00;45
4961;18;5474598;4961;437;6078;6119;5.40;0.33;296.83;3.22;1117;24;2092.00;41
4962;18;5474609;4962;439;6081;6119;5.38;0.33;296.87;3.22;1119;24;2093.00;38
4965;18;5474620;4965;440;6083;6119;5.35;0.33;296.81;3.22;1118;24;2094.00;36
4966;18;5474631;4966;446;6086;6119;5.36;0.33;296.76;3.22;1120;24;2095.00;33
4968;18;5474642;4968;438;6090;6120;5.34;0.33;296.69;3.23;1122;24;2096.00;30
4968;18;5474652;4968;437;6093;6121;5.33;0.33;296.69;3.23;1125;24;2097.00;28
4971;19;5474663;4971;440;6096;6121;5.29;0.32;296.62;3.23;1125;25;2098.00;25
4972;19;5474689;4972;442;6100;6125;5.24;0.32;296.61;3.23;1128;25;2099.00;25
4977;19;5474703;4977;448;6105;6140;5.16;0.32;296.53;3.23;1128;25;2100.00;35
4978;19;5474721;4978;441;6105;6140;5.20;0.32;296.55;3.23;1127;25;2101.00;35
4979;19;5474732;4979;438;6105;6140;5.21;0.32;296.61;3.23;1126;25;2102.00;35
4981;19;5474744;4981;437;6109;6146;5.26;0.32;296.66;3.23;1128;25;2103.00;37
4983;19;5474755;4983;438;6109;6146;5.28;0.32;296.62;3.23;1126;25;2104.00;37
4986;19;5474766;4986;444;6110;6146;5.25;0.32;296.65;3.23;1124;25;2105.00;36
4988;19;5474778;4988;448;6113;6149;5.21;0.32;296.68;3.23;1125;25;2106.00;36
4991;19;5474790;4991;446;6113;6149;5.18;0.32;296.67;3.23;1122;25;2107.00;36
4995;19;5474801;4995;448;6114;6149;5.17;0.32;296.74;3.23;1119;25;2108.00;35
4995;19;5474812;4995;455;6114;6150;5.12;0.31;296.74;3.23;1119;25;2109.00;36
4996;19;5474829;4996;458;6116;6151;5.12;0.31;296.75;3.24;1120;25;2110.00;35
4996;19;5474840;4996;463;6117;6151;5.09;0.31;296.75;3.24;1121;25;2111.00;34
4998;19;5474852;4998;473;6129;6164;5.06;0.31;296.67;3.25;1131;25;2112.00;35
4999;20;5474864;4999;473;6129;6164;5.03;0.31;296.66;3.25;1130;26;2113.00;35
5000;20;5474881;5000;480;6131;6164;5.02;0.31;296.60;3.28;1131;26;2114.00;33
5001;20;5474896;5001;485;6133;6166;5.00;0.31;296.61;3.28;1132;26;2115.00;33
5003;20;5474912;5003;487;6134;6166;4.94;0.30;296.54;3.30;1131;26;2116.00;32
5004;20;5474923;5004;493;6139;6170;4.94;0.30;296.52;3.32;1135;26;2117.00;31
5004;20;5474935;5004;494;6140;6170;4.92;0.30;296.52;3.32;1136;26;2118.00;30
5004;20;5474951;5004;499;6143;6174;4.88;0.30;296.52;3.32;1139;26;2119.00;31
5009;20;5474962;5009;504;6145;6174;4.78;0.29;296.34;3.35;1136;26;2120.00;29
5010;20;5474973;5010;509;6145;6174;4.72;0.29;296.32;3.35;1135;26;2121.00;29
5012;20;5474985;5012;516;6147;6174;4.67;0.29;296.27;3.37;1135;26;2122.00;27
5013;20;5474995;5013;527;6149;6174;4.63;0.28;296.28;3.38;1136;26;2123.00;25
5015;20;5475006;5015;526;6158;6186;4.61;0.28;296.19;3.38;1143;26;2124.00;28
5016;20;5475018;5016;513;6160;6186;4.57;0.28;296.18;3.40;1144;26;2125.00;26
5019;20;5475028;5019;507;6163;6186;4.54;0.28;296.13;3.41;1144;26;2126.00;23
5020;20;5475039;5020;503;6165;6186;4.51;0.28;296.10;3.43;1145;26;2127.00;21
5020;20;5475050;5020;495;6165;6186;4.54;0.28;296.10;3.43;1145;26;2128.00;21
5022;20;5475060;5022;490;6165;6186;4.59;0.28;296.17;3.43;1143;26;2129.00;21
5023;20;5475071;5023;478;6167;6187;4.64;0.28;296.15;3.45;1144;26;2130.00;20
5025;21;5475088;5025;471;6167;6187;4.69;0.29;296.11;3.45;1142;27;2131.00;20
5025;21;5475109;5025;469;6172;6193;4.79;0.29;296.11;3.45;1147;27;2132.00;21
5025;21;5475126;5025;466;6173;6194;4.84;0.30;296.11;3.45;1148;27;2133.00;21
5026;21;5475142;5026;463;6175;6194;4.85;0.30;296.05;3.46;1149;27;2134.00;19
5029;21;5475153;5029;463;6175;6194;4.83;0.29;295.97;3.46;1146;27;2135.00;19
5030;21;5475169;5030;466;6178;6198;4.82;0.29;295.93;3.46;1148;27;2136.00;20
5030;21;5475180;5030;469;6178;6198;4.81;0.29;295.93;3.46;1148;27;2137.00;20
5033;21;5475191;5033;465;6178;6198;4.80;0.29;295.90;3.46;1145;27;2138.00;20
5034;21;5475202;5034;468;6179;6199;4.82;0.29;295.87;3.46;1145;27;2139.00;20
5036;21;5475212;5036;470;6182;6203;4.86;0.30;295.85;3.46;1146;27;2140.00;21
5038;21;5475223;5038;478;6182;6203;4.88;0.30;295.83;3.46;1144;27;2141.00;21
5039;21;5475233;5039;475;6184;6206;4.92;0.30;295.86;3.46;1145;27;2142.00;22
5041;21;5475244;5041;475;6184;6206;4.94;0.30;295.92;3.46;1143;27;2143.00;22
5046;21;5475254;5046;477;6185;6206;4.93;0.30;295.86;3.46;1139;27;2144.00;21
5047;21;5475265;5047;461;6185;6206;4.91;0.30;295.84;3.46;1138;27;2145.00;21
5051;21;5475275;5051;453;6189;6210;4.89;0.30;296.02;3.46;1138;27;2146.00;21
5052;21;5475286;5052;451;6189;6210;4.93;0.30;296.01;3.46;1137;27;2147.00;21
5056;21;5475296;5056;446;6189;6210;4.93;0.30;296.15;3.46;1133;27;2148.00;21
5059;21;5475307;5059;443;6189;6210;4.93;0.30;296.05;3.46;1130;27;2149.00;21
5064;21;5475318;5064;440;6189;6211;4.91;0.30;296.21;3.46;1125;27;2150.00;22
5068;21;5475329;5068;439;6190;6212;4.91;0.30;296.35;3.46;1122;27;2151.00;22
5069;21;5475340;5069;434;6190;6212;4.99;0.30;296.33;3.46;1121;27;2152.00;22
5074;21;5475350;5074;431;6191;6213;5.02;0.31;296.47;3.46;1117;27;2153.00;22
5076;21;5475362;5076;426;6191;6213;5.11;0.31;296.52;3.46;1115;27;2154.00;22
5078;21;5475373;5078;415;6191;6213;5.13;0.31;296.66;3.46;1113;27;2155.00;22
5081;21;5475383;5081;409;6191;6213;5.15;0.31;296.80;3.46;1110;27;2156.00;22
5083;21;5475395;5083;402;6191;6213;5.21;0.32;296.78;3.46;1108;27;2157.00;22
5087;21;5475405;5087;399;6191;6213;5.24;0.32;296.95;3.46;1104;27;2158.00;22
5089;21;5475423;5089;396;6191;6213;5.33;0.33;296.93;3.46;1102;27;2159.00;22
5093;21;5475436;5093;426;6306;6443;5.72;0.36;296.94;3.39;1213;27;2160.00;137
5097;21;5475466;5097;415;6313;6444;5.78;0.36;297.02;3.40;1216;27;2161.00;131
5100;21;5475477;5100;404;6323;6444;5.79;0.36;297.15;3.40;1223;27;2162.00;121
5103;21;5475491;5103;405;6326;6444;5.78;0.36;297.24;3.40;1223;27;2163.00;118
5108;21;5475502;5108;403;6335;6444;5.73;0.36;297.34;3.40;1227;27;2164.00;109
5111;21;5475520;5111;401;6340;6444;5.73;0.36;297.48;3.40;1229;27;2165.00;104
5116;21;5475533;5116;402;6345;6444;5.69;0.35;297.72;3.40;1229;27;2166.00;99
5122;21;5475546;5122;406;6347;6444;5.63;0.35;297.92;3.40;1225;27;2167.00;97
5124;21;5475559;5124;413;6352;6445;5.58;0.35;297.98;3.41;1228;27;2168.00;93
5128;21;5475571;5128;423;6354;6446;5.56;0.35;298.22;3.41;1226;27;2169.00;92
5132;21;5475583;5132;416;6358;6446;5.53;0.34;298.44;3.41;1226;27;2170.00;88
5133;21;5475596;5133;425;6358;6447;5.56;0.34;298.43;3.41;1225;27;2171.00;89
5140;21;5475609;5140;424;6361;6447;5.50;0.34;298.62;3.42;1221;27;2172.00;86
5142;21;5475622;5142;433;6361;6447;5.49;0.34;298.74;3.42;1219;27;2173.00;86
5146;21;5475634;5146;429;6361;6447;5.48;0.34;298.74;3.42;1215;27;2174.00;86
5151;21;5475647;5151;430;6365;6451;5.44;0.34;298.78;3.42;1214;27;2175.00;86
5156;21;5475661;5156;438;6365;6451;5.47;0.34;299.09;3.42;1209;27;2176.00;86
5161;21;5475674;5161;439;6365;6451;5.46;0.34;299.27;3.42;1204;27;2177.00;86
5165;21;5475686;5165;448;6367;6454;5.45;0.34;299.38;3.43;1202;27;2178.00;87
5168;21;5475704;5168;438;6368;6454;5.45;0.33;299.41;3.43;1200;27;2179.00;86
5174;21;5475716;5174;445;6370;6454;5.46;0.33;299.67;3.44;1196;27;2180.00;84
5176;21;5475729;5176;443;6373;6458;5.52;0.34;299.75;3.44;1197;27;2181.00;85
5179;21;5475742;5179;435;6374;6459;5.63;0.35;299.85;3.44;1195;27;2182.00;85
5185;21;5475755;5185;438;6375;6459;5.65;0.35;300.22;3.44;1190;27;2183.00;84
5191;21;5475768;5191;442;6376;6463;5.69;0.35;300.27;3.44;1185;27;2184.00;87
5195;21;5475781;5195;437;6377;6463;5.71;0.35;300.43;3.45;1182;27;2185.00;86
5197;21;5475793;5197;444;6379;6463;5.73;0.35;300.41;3.46;1182;27;2186.00;84
5199;21;5475806;5199;451;6381;6464;5.73;0.35;300.48;3.46;1182;27;2187.00;83
5201;21;5475820;5201;445;6382;6464;5.69;0.35;300.62;3.47;1181;27;2188.00;82
5206;21;5475833;5206;442;6387;6470;5.60;0.34;300.74;3.48;1181;27;2189.00;83
5208;21;5475853;5208;445;6388;6470;5.55;0.34;300.79;3.48;1180;27;2190.00;82
5210;21;5475868;5210;453;6391;6471;5.52;0.34;300.90;3.49;1181;27;2191.00;80
5215;21;5475881;5215;445;6392;6471;5.53;0.34;301.02;3.50;1177;27;2192.00;79
5217;21;5475894;5217;445;6393;6471;5.51;0.34;301.10;3.50;1176;27;2193.00;78
5221;21;5475906;5221;443;6396;6471;5.52;0.34;301.34;3.51;1175;27;2194.00;75
5222;21;5475920;5222;436;6398;6471;5.53;0.34;301.36;3.52;1176;27;2195.00;73
5224;21;5475932;5224;432;6403;6483;5.56;0.34;301.47;3.52;1179;27;2196.00;80
5229;21;5475946;5229;432;6406;6483;5.59;0.34;301.57;3.53;1177;27;2197.00;77
5230;21;5475960;5230;433;6408;6483;5.62;0.34;301.59;3.54;1178;27;2198.00;75
5233;21;5475972;5233;435;6411;6483;5.61;0.34;301.64;3.56;1178;27;2199.00;72
5235;21;5475986;5235;441;6413;6483;5.63;0.34;301.69;3.57;1178;27;2200.00;70
5239;21;5476002;5239;429;6413;6483;5.63;0.34;301.89;3.57;1174;27;2201.00;70
5241;21;5476016;5241;422;6419;6487;5.64;0.34;302.04;3.58;1178;27;2202.00;68
5243;21;5476034;5243;427;6421;6487;5.69;0.35;302.04;3.59;1178;27;2203.00;66
5245;21;5476047;5245;421;6424;6491;5.70;0.35;302.09;3.60;1179;27;2204.00;67
5248;21;5476061;5248;426;6427;6493;5.64;0.34;302.20;3.60;1179;27;2205.00;66
5249;21;5476074;5249;435;6432;6493;5.64;0.34;302.17;3.62;1183;27;2206.00;61
5251;21;5476086;5251;433;6433;6493;5.64;0.34;302.26;3.62;1182;27;2207.00;60
5255;21;5476100;5255;445;6440;6506;5.63;0.34;302.32;3.63;1185;27;2208.00;66
5256;21;5476114;5256;449;6442;6506;5.66;0.34;302.33;3.63;1186;27;2209.00;64
5257;21;5476128;5257;455;6445;6508;5.67;0.35;302.31;3.64;1188;27;2210.00;63
5258;21;5476142;5258;455;6447;6509;5.63;0.34;302.33;3.65;1189;27;2211.00;62
5263;21;5476155;5263;460;6448;6510;5.61;0.34;302.43;3.66;1185;27;2212.00;62
5264;21;5476168;5264;464;6449;6510;5.66;0.34;302.42;3.66;1185;27;2213.00;61
5266;21;5476181;5266;454;6455;6513;5.73;0.35;302.35;3.67;1189;27;2214.00;58
5268;21;5476194;5268;453;6455;6513;5.69;0.35;302.45;3.67;1187;27;2215.00;58
5269;21;5476207;5269;455;6457;6513;5.70;0.35;302.52;3.67;1188;27;2216.00;56
5274;21;5476220;5274;443;6457;6513;5.70;0.35;302.68;3.67;1183;27;2217.00;56
5279;21;5476233;5279;444;6462;6519;5.71;0.35;302.70;3.67;1183;27;2218.00;57
5281;21;5476246;5281;443;6462;6519;5.72;0.35;302.79;3.67;1181;27;2219.00;57
5282;21;5476260;5282;437;6463;6519;5.72;0.35;302.86;3.68;1181;27;2220.00;56
5287;21;5476273;5287;445;6465;6519;5.70;0.35;303.11;3.68;1178;28;2221.00;54
5291;21;5476294;5291;442;6470;6523;5.66;0.34;303.20;3.68;1179;28;2222.00;53
5294;21;5476307;5294;441;6471;6524;5.66;0.34;303.25;3.68;1177;28;2223.00;53
5298;21;5476320;5298;444;6471;6524;5.56;0.34;303.39;3.68;1173;28;2224.00;53
5299;21;5476333;5299;445;6472;6525;5.51;0.34;303.48;3.68;1173;28;2225.00;53
5302;21;5476346;5302;449;6472;6525;5.48;0.33;303.57;3.68;1170;28;2226.00;53
5303;21;5476357;5303;452;6472;6525;5.46;0.33;303.57;3.68;1169;28;2227.00;53
5305;21;5476370;5305;453;6472;6525;5.43;0.33;303.51;3.68;1167;28;2228.00;53
5305;21;5476382;5305;452;6473;6525;5.39;0.33;303.51;3.69;1168;28;2229.00;52
5309;21;5476394;5309;459;6473;6525;5.34;0.33;303.59;3.69;1164;28;2230.00;52
5311;21;5476406;5311;455;6473;6525;5.35;0.33;303.64;3.69;1162;28;2231.00;52
5312;21;5476419;5312;468;6503;6595;5.40;0.33;303.69;3.67;1191;28;2232.00;92
5313;21;5476435;5313;468;6503;6596;5.39;0.33;303.69;3.67;1190;28;2233.00;93
5314;21;5476448;5314;471;6509;6596;5.43;0.33;303.68;3.67;1195;28;2234.00;87
5315;21;5476460;5315;473;6511;6596;5.45;0.33;303.69;3.67;1196;28;2235.00;85
5316;21;5476473;5316;472;6516;6596;5.50;0.34;303.70;3.67;1200;28;2236.00;80
5317;21;5476485;5317;465;6519;6596;5.50;0.34;303.70;3.67;1202;28;2237.00;77
5321;21;5476497;5321;463;6522;6596;5.39;0.33;303.69;3.67;1201;28;2238.00;74
5322;21;5476514;5322;460;6523;6596;5.35;0.33;303.65;3.67;1201;28;2239.00;73
5324;21;5476526;5324;456;6526;6597;5.25;0.32;303.70;3.67;1202;28;2240.00;71
5326;21;5476538;5326;456;6527;6598;5.21;0.32;303.66;3.67;1201;28;2241.00;71
5329;21;5476551;5329;461;6529;6598;5.18;0.32;303.63;3.67;1200;28;2242.00;69
5331;21;5476563;5331;455;6533;6602;5.17;0.32;303.56;3.67;1202;28;2243.00;69
5333;21;5476575;5333;453;6534;6602;5.16;0.32;303.56;3.67;1201;28;2244.00;68
5336;21;5476587;5336;457;6536;6602;5.07;0.31;303.47;3.68;1200;28;2245.00;66
5339;21;5476599;5339;456;6536;6602;4.98;0.30;303.54;3.68;1197;28;2246.00;66
5344;21;5476610;5344;467;6540;6608;4.93;0.30;303.64;3.68;1196;28;2247.00;68
5347;21;5476622;5347;468;6540;6608;4.86;0.30;303.67;3.68;1193;28;2248.00;68
5353;21;5476634;5353;468;6540;6608;4.80;0.29;303.72;3.68;1187;28;2249.00;68
5358;21;5476647;5358;472;6545;6614;4.77;0.29;303.67;3.70;1187;28;2250.00;69
5361;21;5476660;5361;471;6546;6614;4.71;0.29;303.69;3.72;1185;28;2251.00;68
5362;21;5476671;5362;475;6548;6614;4.75;0.29;303.65;3.72;1186;28;2252.00;66
5365;21;5476683;5365;476;6548;6615;4.67;0.28;303.55;3.72;1183;28;2253.00;67
5365;21;5476694;5365;476;6549;6616;4.67;0.28;303.55;3.72;1184;28;2254.00;67
5365;21;5476706;5365;479;6550;6616;4.62;0.28;303.55;3.74;1185;28;2255.00;66
5367;21;5476723;5367;487;6558;6629;4.63;0.28;303.50;3.73;1191;28;2256.00;71
5368;21;5476736;5368;491;6559;6629;4.66;0.28;303.46;3.75;1191;28;2257.00;70
5369;21;5476752;5369;487;6560;6629;4.71;0.29;303.42;3.75;1191;28;2258.00;69
5370;21;5476763;5370;493;6561;6630;4.78;0.29;303.42;3.75;1191;28;2259.00;69
5370;21;5476775;5370;491;6562;6630;4.81;0.29;303.42;3.76;1192;28;2260.00;68
5373;21;5476786;5373;498;6567;6634;4.82;0.29;303.44;3.77;1194;28;2261.00;67
5375;21;5476798;5375;498;6568;6634;4.80;0.29;303.42;3.78;1193;28;2262.00;66
5375;21;5476809;5375;503;6571;6638;4.80;0.29;303.42;3.78;1196;28;2263.00;67
5378;21;5476821;5378;493;6574;6638;4.75;0.29;303.31;3.80;1196;28;2264.00;64
5380;21;5476833;5380;502;6574;6638;4.73;0.29;303.28;3.80;1194;28;2265.00;64
5382;21;5476845;5382;500;6577;6638;4.67;0.28;303.23;3.83;1195;28;2266.00;61
5384;21;5476856;5384;497;6578;6638;4.65;0.28;303.13;3.84;1194;28;2267.00;60
5386;21;5476868;5386;501;6588;6650;4.70;0.29;303.07;3.83;1202;28;2268.00;62
5391;21;5476884;5391;499;6591;6650;4.65;0.28;303.03;3.84;1200;28;2269.00;59
5392;21;5476896;5392;503;6592;6650;4.59;0.28;303.17;3.84;1200;28;2270.00;58
5394;21;5476908;5394;508;6593;6650;4.56;0.28;303.20;3.85;1199;28;2271.00;57
5394;21;5476919;5394;497;6593;6650;4.58;0.28;303.20;3.85;1199;28;2272.00;57
5395;21;5476931;5395;495;6593;6650;4.58;0.28;303.19;3.85;1198;28;2273.00;57
5395;21;5476944;5395;484;6594;6651;4.55;0.28;303.19;3.85;1199;28;2274.00;57
5396;21;5476957;5396;478;6596;6651;4.59;0.28;303.14;3.91;1200;28;2275.00;55
5396;21;5476969;5396;475;6601;6657;4.72;0.29;303.14;3.91;1205;28;2276.00;56
5397;21;5476981;5397;476;6603;6658;4.77;0.29;303.13;3.91;1206;28;2277.00;55
5399;21;5476994;5399;472;6604;6658;4.82;0.29;303.07;3.94;1205;28;2278.00;54
5402;21;5477008;5402;475;6605;6658;4.90;0.30;303.07;3.94;1203;28;2279.00;53
5403;21;5477022;5403;471;6609;6663;4.93;0.30;303.05;3.97;1206;28;2280.00;54
5404;22;5477040;5404;468;6610;6663;4.96;0.30;303.04;3.97;1206;29;2281.00;53
5406;23;5477059;5406;466;6610;6663;4.96;0.30;303.01;3.97;1204;30;2282.00;53
5406;23;5477092;5406;467;6611;6664;4.96;0.30;303.01;3.97;1205;30;2283.00;53
5408;23;5477109;5408;471;6615;6668;4.96;0.30;302.91;3.99;1207;30;2284.00;53
5409;23;5477122;5409;473;6615;6668;4.99;0.30;302.89;3.99;1206;30;2285.00;53
5409;23;5477134;5409;468;6617;6671;4.99;0.30;302.89;3.99;1208;30;2286.00;54
5410;23;5477146;5410;469;6618;6671;4.96;0.30;302.86;3.99;1208;30;2287.00;53
5412;23;5477158;5412;468;6618;6671;4.99;0.30;302.80;3.99;1206;30;2288.00;53
5412;23;5477170;5412;468;6627;6671;5.00;0.31;302.80;4.22;1215;30;2289.00;44
5414;23;5477182;5414;470;6632;6675;4.98;0.30;302.76;4.24;1218;30;2290.00;43
5415;23;5477194;5415;468;6633;6675;4.96;0.30;302.73;4.26;1218;30;2291.00;42
5417;23;5477206;5417;465;6633;6675;4.92;0.30;302.72;4.26;1216;31;2292.00;42
5420;23;5477227;5420;465;6633;6675;4.86;0.30;302.75;4.26;1213;31;2293.00;42
5421;23;5477238;5421;460;6633;6676;4.81;0.29;302.74;4.26;1212;31;2294.00;43
5423;23;5477250;5423;457;6636;6678;4.76;0.29;302.66;4.28;1213;31;2295.00;42
5425;23;5477262;5425;460;6636;6678;4.77;0.29;302.79;4.28;1211;31;2296.00;42
5427;23;5477274;5427;454;6638;6679;4.76;0.29;302.78;4.30;1211;31;2297.00;41
5431;23;5477285;5431;459;6639;6679;4.76;0.29;302.76;4.32;1208;31;2298.00;40
5433;23;5477297;5433;458;6639;6679;4.79;0.29;302.80;4.32;1206;31;2299.00;40
5436;23;5477311;5436;460;6640;6679;4.78;0.29;302.84;4.34;1204;31;2300.00;39
5437;23;5477334;5437;456;6641;6679;4.81;0.29;302.81;4.36;1204;31;2301.00;38
5438;23;5477349;5438;459;6642;6679;4.83;0.30;302.95;4.38;1204;31;2302.00;37
5439;23;5477365;5439;455;6642;6679;4.87;0.30;302.92;4.38;1203;31;2303.00;37
5439;23;5477378;5439;467;6710;6806;5.17;0.32;302.92;4.36;1271;31;2304.00;96
5441;23;5477401;5441;457;6714;6807;5.17;0.32;302.86;4.38;1273;31;2305.00;93
5444;23;5477419;5444;461;6725;6807;5.18;0.32;302.91;4.44;1281;31;2306.00;82
5445;23;5477432;5445;468;6731;6807;5.20;0.32;302.92;4.44;1286;31;2307.00;76
5450;23;5477444;5450;472;6738;6807;5.16;0.32;302.90;4.46;1288;31;2308.00;69
5453;23;5477462;5453;470;6741;6807;5.13;0.32;302.93;4.48;1288;31;2309.00;66
5460;23;5477475;5460;453;6743;6807;5.04;0.31;303.16;4.50;1283;31;2310.00;64
5464;23;5477489;5464;447;6746;6807;5.01;0.31;303.11;4.50;1282;31;2311.00;61
5468;23;5477502;5468;450;6748;6808;4.97;0.31;303.19;4.52;1280;31;2312.00;60
5472;23;5477514;5472;454;6749;6809;4.97;0.31;303.20;4.52;1277;31;2313.00;60
5476;23;5477527;5476;455;6751;6809;4.96;0.30;303.31;4.52;1275;31;2314.00;58
5479;23;5477545;5479;460;6753;6810;4.96;0.31;303.50;4.52;1274;31;2315.00;57
5481;23;5477559;5481;464;6753;6810;4.99;0.31;303.52;4.52;1272;31;2316.00;57
5485;23;5477571;5485;462;6756;6810;5.01;0.31;303.70;4.53;1271;31;2317.00;54
5488;23;5477585;5488;463;6757;6810;5.04;0.31;303.78;4.53;1269;31;2318.00;53
5493;23;5477597;5493;461;6761;6814;5.08;0.31;303.93;4.53;1268;31;2319.00;53
5498;23;5477611;5498;452;6762;6814;5.09;0.31;304.15;4.53;1264;31;2320.00;52
5500;23;5477624;5500;447;6765;6814;5.12;0.31;304.22;4.54;1265;31;2321.00;49
5505;23;5477638;5505;438;6766;6817;5.10;0.31;304.40;4.54;1261;31;2322.00;51
5509;23;5477651;5509;442;6766;6817;5.11;0.31;304.59;4.54;1257;31;2323.00;51
5515;23;5477665;5515;434;6768;6817;5.11;0.31;304.67;4.54;1253;31;2324.00;49
5519;23;5477679;5519;424;6771;6821;5.18;0.32;304.88;4.54;1252;31;2325.00;50
5525;23;5477693;5525;425;6771;6822;5.23;0.32;305.01;4.54;1246;31;2326.00;51
5531;23;5477707;5531;420;6773;6822;5.28;0.32;305.06;4.55;1242;31;2327.00;49
5535;23;5477720;5535;417;6774;6826;5.35;0.33;305.22;4.55;1239;31;2328.00;52
5538;23;5477734;5538;415;6774;6826;5.41;0.33;305.47;4.55;1236;31;2329.00;52
5542;23;5477748;5542;407;6775;6826;5.49;0.34;305.47;4.55;1233;31;2330.00;51
5549;23;5477762;5549;407;6775;6827;5.54;0.34;305.81;4.55;1226;31;2331.00;52
5554;23;5477776;5554;401;6775;6827;5.63;0.34;305.76;4.55;1221;31;2332.00;52
5556;23;5477795;5556;394;6778;6833;5.68;0.35;305.90;4.55;1222;31;2333.00;55
5561;23;5477809;5561;388;6778;6833;5.70;0.35;306.03;4.55;1217;31;2334.00;55
5564;23;5477823;5564;389;6779;6834;5.73;0.35;306.12;4.55;1215;31;2335.00;55
5567;23;5477836;5567;388;6779;6834;5.75;0.35;306.33;4.55;1212;31;2336.00;55
5570;23;5477850;5570;389;6780;6834;5.80;0.35;306.39;4.55;1210;31;2337.00;54
5576;23;5477864;5576;388;6781;6834;5.79;0.35;306.65;4.56;1205;31;2338.00;53
5579;23;5477877;5579;389;6781;6834;5.81;0.35;306.55;4.56;1202;31;2339.00;53
5584;23;5477892;5584;394;6802;6870;5.88;0.36;306.77;4.54;1218;31;2340.00;68
5589;23;5477909;5589;392;6804;6870;5.82;0.36;306.97;4.55;1215;31;2341.00;66
5594;23;5477922;5594;394;6805;6870;5.77;0.35;307.04;4.55;1211;31;2342.00;65
5597;23;5477936;5597;395;6806;6870;5.74;0.35;307.22;4.55;1209;31;2343.00;64
5601;23;5477949;5601;397;6807;6870;5.72;0.35;307.36;4.55;1206;31;2344.00;63
5606;23;5477963;5606;398;6807;6870;5.69;0.35;307.41;4.55;1201;31;2345.00;63
5610;23;5477976;5610;396;6812;6874;5.70;0.35;307.67;4.55;1202;31;2346.00;62
5611;23;5477990;5611;396;6816;6874;5.69;0.35;307.69;4.56;1205;31;2347.00;58
5613;23;5478003;5613;398;6819;6878;5.73;0.35;307.77;4.56;1206;31;2348.00;59
5614;23;5478017;5614;399;6820;6879;5.76;0.35;307.79;4.56;1206;31;2349.00;59
5617;23;5478032;5617;406;6820;6879;5.76;0.35;307.99;4.56;1203;31;2350.00;59
5620;23;5478045;5620;409;6822;6879;5.75;0.35;308.05;4.56;1202;31;2351.00;57
5621;23;5478058;5621;412;6830;6892;5.79;0.35;308.16;4.56;1209;31;2352.00;62
5627;23;5478072;5627;417;6832;6892;5.75;0.35;308.28;4.56;1205;31;2353.00;60
5629;23;5478086;5629;417;6834;6892;5.73;0.35;308.38;4.56;1205;31;2354.00;58
5631;23;5478100;5631;427;6834;6893;5.75;0.35;308.51;4.56;1203;31;2355.00;59
5636;23;5478113;5636;436;6836;6894;5.69;0.35;308.60;4.57;1200;31;2356.00;58
5637;23;5478127;5637;435;6836;6894;5.64;0.34;308.68;4.57;1199;31;2357.00;58
5642;23;5478140;5642;432;6838;6897;5.56;0.34;308.71;4.57;1196;31;2358.00;59
5644;23;5478154;5644;442;6839;6897;5.50;0.33;308.76;4.57;1195;31;2359.00;58
5647;23;5478167;5647;448;6843;6897;5.46;0.33;308.91;4.57;1196;31;2360.00;54
5652;23;5478179;5652;450;6844;6897;5.42;0.33;308.99;4.57;1192;31;2361.00;53
5656;23;5478192;5656;457;6848;6903;5.40;0.33;309.15;4.57;1192;31;2362.00;55
5656;23;5478206;5656;464;6849;6903;5.40;0.33;309.15;4.57;1193;31;2363.00;54
5661;23;5478219;5661;469;6849;6903;5.38;0.33;309.41;4.57;1188;31;2364.00;54
5667;23;5478232;5667;476;6850;6903;5.32;0.32;309.58;4.57;1183;31;2365.00;53
5671;23;5478245;5671;469;6853;6907;5.29;0.32;309.69;4.57;1182;31;2366.00;54
5673;23;5478259;5673;468;6854;6908;5.36;0.33;309.79;4.57;1181;31;2367.00;54
5675;23;5478272;5675;468;6854;6908;5.37;0.33;310.01;4.57;1179;31;2368.00;54
5678;23;5478284;5678;472;6855;6909;5.36;0.33;310.08;4.57;1177;31;2369.00;54
5681;23;5478299;5681;478;6855;6909;5.32;0.32;310.15;4.57;1174;31;2370.00;54
5686;23;5478312;5686;485;6855;6909;5.30;0.32;310.25;4.57;1169;31;2371.00;54
5690;23;5478325;5690;488;6855;6909;5.31;0.32;310.27;4.57;1165;31;2372.00;54
5694;23;5478338;5694;493;6855;6909;5.29;0.32;310.40;4.57;1161;31;2373.00;54
5697;23;5478351;5697;503;6855;6909;5.29;0.32;310.52;4.57;1158;31;2374.00;54
5699;23;5478363;5699;506;6855;6909;5.26;0.32;310.63;4.57;1156;31;2375.00;54
5701;23;5478375;5701;523;6894;6979;5.29;0.32;310.66;4.54;1193;31;2376.00;85
5704;23;5478395;5704;514;6894;6980;5.24;0.32;310.71;4.54;1190;31;2377.00;86
5706;23;5478408;5706;512;6901;6980;5.29;0.32;310.77;4.54;1195;31;2378.00;79
5708;23;5478421;5708;509;6904;6980;5.32;0.32;310.70;4.54;1196;31;2379.00;76
5709;23;5478433;5709;506;6907;6980;5.28;0.32;310.76;4.54;1198;31;2380.00;73
5709;23;5478451;5709;506;6910;6980;5.26;0.32;310.76;4.54;1201;31;2381.00;70
5713;23;5478464;5713;509;6913;6980;5.17;0.32;310.84;4.54;1200;31;2382.00;67
5715;23;5478482;5715;515;6915;6980;5.15;0.31;310.85;4.57;1200;31;2383.00;65
5717;23;5478495;5717;508;6918;6981;5.16;0.31;310.90;4.57;1201;31;2384.00;63
5719;23;5478508;5719;507;6921;6983;5.14;0.31;310.91;4.57;1202;31;2385.00;62
5722;23;5478520;5722;506;6922;6983;5.13;0.31;310.93;4.57;1200;31;2386.00;61
5725;23;5478533;5725;515;6926;6987;5.11;0.31;310.93;4.57;1201;31;2387.00;61
5726;23;5478546;5726;525;6928;6987;5.07;0.31;310.91;4.57;1202;31;2388.00;59
5727;23;5478558;5727;530;6928;6987;5.06;0.31;310.94;4.57;1201;31;2389.00;59
5727;23;5478571;5727;537;6928;6987;5.06;0.31;310.94;4.57;1201;31;2390.00;59
5729;23;5478582;5729;539;6933;6993;5.07;0.31;310.94;4.57;1204;31;2391.00;60
5731;23;5478596;5731;543;6933;6993;5.04;0.31;310.98;4.57;1202;31;2392.00;60
5734;23;5478608;5734;546;6933;6993;5.01;0.31;310.95;4.57;1199;31;2393.00;60
5734;23;5478621;5734;554;6935;6996;5.04;0.31;310.95;4.57;1201;31;2394.00;61
5736;23;5478633;5736;561;6935;6996;5.05;0.31;311.01;4.57;1199;31;2395.00;61
5740;23;5478645;5740;564;6936;6996;5.03;0.31;310.99;4.57;1196;31;2396.00;60
5742;23;5478658;5742;568;6936;6997;5.00;0.31;310.92;4.57;1194;31;2397.00;61
5745;23;5478670;5745;575;6937;6998;4.95;0.30;310.79;4.57;1192;31;2398.00;61
5747;23;5478682;5747;576;6937;6998;4.88;0.30;310.74;4.57;1190;31;2399.00;61
5750;23;5478697;5750;590;6962;7057;4.87;0.30;310.66;4.55;1212;31;2400.00;95
5751;23;5478719;5751;581;6962;7057;4.85;0.30;310.65;4.55;1211;31;2401.00;95
5753;23;5478731;5753;574;6964;7057;4.85;0.30;310.64;4.55;1211;31;2402.00;93
5755;23;5478742;5755;570;6967;7058;4.82;0.30;310.58;4.57;1212;31;2403.00;91
5757;23;5478760;5757;564;6969;7058;4.78;0.29;310.71;4.57;1212;31;2404.00;89
5760;23;5478772;5760;561;6972;7062;4.79;0.29;310.72;4.57;1212;31;2405.00;90
5764;23;5478785;5764;553;6973;7062;4.77;0.29;310.78;4.57;1209;31;2406.00;89
5765;23;5478797;5765;550;6976;7066;4.75;0.29;310.75;4.57;1211;31;2407.00;90
5766;23;5478809;5766;545;6978;7066;4.78;0.29;310.77;4.57;1212;31;2408.00;88
5767;23;5478822;5767;544;6978;7066;4.77;0.29;310.73;4.57;1211;31;2409.00;88
5770;23;5478833;5770;540;6978;7066;4.78;0.29;310.72;4.57;1208;31;2410.00;88
5773;23;5478845;5773;550;6978;7066;4.78;0.29;310.83;4.57;1205;31;2411.00;88
5773;23;5478857;5773;555;6988;7078;4.83;0.30;310.83;4.57;1215;31;2412.00;90
5774;23;5478875;5774;552;6989;7078;4.88;0.30;310.82;4.57;1215;31;2413.00;89
5777;23;5478886;5777;549;6991;7078;4.87;0.30;310.79;4.60;1214;31;2414.00;87
5781;23;5478901;5781;543;6992;7078;4.86;0.30;310.73;4.63;1211;31;2415.00;86
5784;23;5478914;5784;544;6992;7078;4.83;0.30;310.73;4.63;1208;31;2416.00;86
5788;23;5478926;5788;546;6992;7078;4.74;0.29;310.74;4.63;1204;31;2417.00;86
5791;23;5478938;5791;550;6994;7079;4.65;0.28;310.71;4.64;1203;31;2418.00;85
5792;23;5478949;5792;531;6994;7079;4.62;0.28;310.75;4.64;1202;31;2419.00;85
5794;23;5478962;5794;520;6998;7085;4.69;0.29;310.75;4.64;1204;31;2420.00;87
5795;23;5478974;5795;509;6999;7086;4.77;0.29;310.73;4.64;1204;31;2421.00;87
5796;23;5478986;5796;507;7000;7086;4.86;0.30;310.73;4.64;1204;31;2422.00;86
5798;23;5478998;5798;503;7003;7086;4.92;0.30;310.72;4.64;1205;31;2423.00;83
5798;23;5479011;5798;499;7006;7090;5.01;0.31;310.72;4.65;1208;31;2424.00;84
5801;23;5479024;5801;493;7007;7090;5.08;0.31;310.59;4.65;1206;31;2425.00;83
5803;23;5479042;5803;485;7009;7090;5.18;0.31;310.58;4.68;1206;31;2426.00;81
5806;23;5479054;5806;480;7011;7091;5.24;0.32;310.44;4.68;1205;31;2427.00;80
5808;23;5479067;5808;480;7014;7095;5.28;0.32;310.52;4.68;1206;31;2428.00;81
5809;23;5479080;5809;475;7015;7095;5.33;0.32;310.56;4.69;1206;31;2429.00;80
5810;23;5479100;5810;471;7020;7101;5.35;0.32;310.51;4.68;1210;31;2430.00;81
5810;23;5479114;5810;471;7021;7101;5.41;0.33;310.51;4.69;1211;31;2431.00;80
5811;23;5479127;5811;468;7022;7101;5.44;0.33;310.53;4.69;1211;31;2432.00;79
5812;23;5479145;5812;465;7022;7101;5.45;0.33;310.52;4.69;1210;31;2433.00;79
5813;23;5479158;5813;460;7026;7105;5.55;0.34;310.51;4.68;1213;31;2434.00;79
5815;23;5479171;5815;459;7028;7105;5.52;0.33;310.53;4.72;1213;31;2435.00;77
5815;23;5479184;5815;450;7028;7105;5.54;0.34;310.53;4.72;1213;31;2436.00;77
5817;23;5479197;5817;449;7029;7105;5.52;0.34;310.51;4.73;1212;31;2437.00;76
5817;23;5479209;5817;447;7030;7106;5.54;0.34;310.51;4.76;1213;31;2438.00;76
5819;23;5479221;5819;450;7031;7107;5.54;0.34;310.48;4.76;1212;31;2439.00;76
5821;23;5479234;5821;452;7031;7107;5.56;0.34;310.51;4.76;1210;31;2440.00;76
5822;23;5479246;5822;448;7034;7108;5.55;0.34;310.55;4.80;1212;31;2441.00;74
5826;23;5479258;5826;452;7034;7108;5.54;0.34;310.65;4.80;1208;31;2442.00;74
5827;23;5479271;5827;457;7035;7108;5.50;0.34;310.62;4.80;1208;31;2443.00;73
5829;23;5479288;5829;459;7036;7108;5.46;0.34;310.55;4.83;1207;31;2444.00;72
5834;23;5479301;5834;457;7036;7108;5.43;0.33;310.60;4.83;1202;31;2445.00;72
5837;23;5479313;5837;456;7038;7108;5.44;0.33;310.67;4.90;1201;31;2446.00;70
5839;23;5479325;5839;457;7040;7108;5.42;0.33;310.71;4.91;1201;31;2447.00;68
5840;23;5479336;5840;481;7100;7235;5.66;0.35;310.82;4.90;1260;31;2448.00;135
5843;23;5479357;5843;474;7105;7236;5.66;0.35;310.90;4.90;1262;31;2449.00;131
5846;23;5479370;5846;475;7115;7236;5.70;0.35;310.90;4.90;1269;31;2450.00;121
5849;23;5479382;5849;475;7122;7236;5.68;0.35;310.92;4.96;1273;31;2451.00;114
5852;23;5479394;5852;471;7129;7236;5.72;0.35;310.91;4.96;1277;31;2452.00;107
5854;23;5479407;5854;471;7133;7236;5.65;0.35;310.90;4.96;1279;31;2453.00;103
5857;23;5479420;5857;470;7137;7236;5.56;0.34;310.85;5.02;1280;31;2454.00;99
5859;23;5479432;5859;469;7140;7236;5.50;0.34;310.93;5.02;1281;31;2455.00;96
5860;23;5479446;5860;466;7143;7237;5.52;0.34;311.03;5.03;1283;31;2456.00;94
5866;23;5479464;5866;470;7146;7238;5.46;0.34;310.99;5.08;1280;31;2457.00;92
5868;23;5479478;5868;480;7151;7238;5.42;0.33;311.06;5.09;1283;31;2458.00;87
5872;23;5479490;5872;472;7152;7239;5.39;0.33;311.02;5.09;1280;31;2459.00;87
5874;23;5479510;5874;475;7155;7239;5.36;0.33;311.04;5.15;1281;31;2460.00;84
5877;23;5479523;5877;473;7159;7239;5.35;0.33;311.16;5.16;1282;31;2461.00;80
5879;23;5479536;5879;473;7162;7239;5.28;0.32;311.15;5.21;1283;31;2462.00;77
5881;23;5479548;5881;484;7167;7243;5.26;0.32;311.17;5.22;1286;31;2463.00;76
5885;23;5479562;5885;488;7168;7243;5.22;0.32;311.07;5.22;1283;31;2464.00;75
5889;23;5479575;5889;490;7169;7243;5.21;0.32;311.14;5.22;1280;31;2465.00;74
5892;23;5479588;5892;495;7173;7246;5.16;0.32;311.16;5.28;1281;31;2466.00;73
5893;23;5479602;5893;504;7177;7246;5.12;0.31;311.15;5.29;1284;31;2467.00;69
5895;23;5479615;5895;511;7178;7246;5.10;0.31;311.20;5.30;1283;31;2468.00;68
5899;23;5479628;5899;518;7182;7250;5.05;0.31;311.36;5.30;1283;31;2469.00;68
5901;23;5479642;5901;519;7184;7251;5.06;0.31;311.40;5.30;1283;31;2470.00;67
5903;23;5479655;5903;524;7185;7251;5.08;0.31;311.54;5.30;1282;31;2471.00;66
5907;23;5479668;5907;526;7187;7255;5.08;0.31;311.73;5.30;1280;31;2472.00;68
5910;23;5479681;5910;539;7187;7255;5.06;0.31;311.75;5.30;1277;31;2473.00;68
5913;23;5479693;5913;537;7187;7255;5.05;0.31;311.90;5.30;1274;31;2474.00;68
5917;23;5479706;5917;523;7189;7257;5.02;0.31;312.09;5.30;1272;31;2475.00;68
5920;23;5479720;5920;515;7189;7257;4.99;0.30;312.07;5.30;1269;31;2476.00;68
5925;23;5479733;5925;503;7193;7263;5.01;0.31;312.21;5.29;1268;31;2477.00;70
5927;23;5479746;5927;496;7193;7263;5.08;0.31;312.21;5.29;1266;31;2478.00;70
5932;23;5479758;5932;484;7193;7264;5.12;0.31;312.45;5.29;1261;31;2479.00;71
5935;23;5479771;5935;481;7193;7264;5.09;0.31;312.46;5.29;1258;31;2480.00;71
5939;23;5479784;5939;465;7193;7264;5.13;0.31;312.60;5.29;1254;31;2481.00;71
5943;23;5479797;5943;458;7193;7264;5.13;0.31;312.65;5.29;1250;31;2482.00;71
5949;23;5479810;5949;450;7193;7264;5.12;0.31;312.73;5.29;1244;31;2483.00;71
5952;23;5479828;5952;448;7199;7276;5.18;0.32;312.91;5.29;1247;31;2484.00;77
5956;23;5479842;5956;447;7202;7276;5.19;0.32;313.01;5.29;1246;31;2485.00;74
5960;23;5479855;5960;436;7202;7276;5.19;0.32;313.05;5.29;1242;31;2486.00;74
5965;23;5479868;5965;434;7202;7276;5.18;0.31;313.30;5.29;1237;31;2487.00;74
5969;23;5479881;5969;431;7203;7276;5.18;0.31;313.57;5.30;1234;31;2488.00;73
5969;23;5479895;5969;424;7205;7276;5.24;0.32;313.57;5.30;1236;31;2489.00;71
5975;23;5479909;5975;421;7210;7280;5.29;0.32;313.70;5.30;1235;31;2490.00;70
5977;23;5479923;5977;423;7210;7280;5.36;0.33;313.75;5.30;1233;31;2491.00;70
5983;23;5479936;5983;422;7213;7284;5.39;0.33;313.85;5.30;1230;31;2492.00;71
5985;23;5479950;5985;416;7215;7285;5.40;0.33;314.08;5.30;1230;31;2493.00;70
5988;23;5479963;5988;409;7216;7285;5.44;0.33;314.12;5.30;1228;31;2494.00;69
5992;23;5479978;5992;411;7216;7285;5.45;0.33;314.26;5.30;1224;31;2495.00;69
5995;23;5479991;5995;417;7224;7298;5.48;0.34;314.30;5.29;1229;31;2496.00;74
6001;23;5480005;6001;416;7226;7298;5.48;0.33;314.40;5.29;1225;31;2497.00;72
6003;23;5480019;6003;411;7226;7298;5.49;0.33;314.46;5.29;1223;31;2498.00;72
6008;23;5480035;6008;407;7227;7299;5.48;0.33;314.66;5.29;1219;31;2499.00;72
6011;23;5480048;6011;404;7227;7300;5.51;0.34;314.77;5.29;1216;31;2500.00;73
6014;23;5480065;6014;406;7227;7300;5.53;0.34;314.87;5.29;1213;31;2501.00;73
6020;23;5480079;6020;404;7228;7303;5.54;0.34;314.97;5.29;1208;31;2502.00;75
6022;23;5480092;6022;405;7228;7303;5.54;0.34;315.13;5.29;1206;31;2503.00;75
6027;23;5480106;6027;399;7228;7303;5.50;0.34;315.38;5.29;1201;31;2504.00;75
6029;23;5480119;6029;396;7228;7303;5.48;0.33;315.38;5.29;1199;31;2505.00;75
6033;23;5480132;6033;404;7232;7309;5.43;0.33;315.55;5.29;1199;31;2506.00;77
6039;23;5480146;6039;404;7232;7309;5.35;0.33;315.54;5.29;1193;31;2507.00;77
6040;23;5480159;6040;408;7232;7309;5.36;0.33;315.66;5.29;1192;31;2508.00;77
6046;23;5480172;6046;406;7232;7309;5.34;0.33;315.77;5.29;1186;31;2509.00;77
6051;23;5480184;6051;407;7236;7313;5.36;0.33;315.84;5.29;1185;31;2510.00;77
6054;23;5480197;6054;409;7237;7314;5.38;0.33;315.82;5.29;1183;31;2511.00;77
6059;23;5480210;6059;419;7237;7314;5.43;0.33;315.95;5.29;1178;31;2512.00;77
6064;23;5480222;6064;420;7239;7315;5.47;0.33;316.23;5.32;1175;31;2513.00;76
6067;23;5480235;6067;428;7240;7315;5.48;0.33;316.36;5.32;1173;31;2514.00;75
6072;23;5480249;6072;433;7240;7315;5.41;0.33;316.55;5.32;1168;31;2515.00;75
6074;23;5480261;6074;435;7241;7315;5.35;0.32;316.66;5.32;1167;31;2516.00;74
6075;23;5480273;6075;444;7241;7315;5.32;0.32;316.69;5.32;1166;31;2517.00;74
6077;23;5480286;6077;455;7241;7315;5.22;0.32;316.76;5.32;1164;31;2518.00;74
6080;23;5480298;6080;468;7242;7315;5.15;0.31;316.73;5.32;1162;31;2519.00;73
6082;23;5480312;6082;499;7305;7440;5.29;0.33;316.71;5.27;1223;31;2520.00;135
6085;23;5480334;6085;505;7310;7441;5.23;0.32;316.84;5.27;1225;31;2521.00;131
6086;23;5480348;6086;496;7317;7441;5.28;0.33;316.91;5.27;1231;31;2522.00;124
6089;23;5480361;6089;497;7323;7441;5.29;0.33;316.94;5.27;1234;31;2523.00;118
6091;23;5480374;6091;493;7329;7441;5.27;0.32;316.91;5.27;1238;31;2524.00;112
6093;23;5480393;6093;494;7330;7441;5.26;0.32;316.94;5.27;1237;31;2525.00;111
6096;23;5480407;6096;494;7334;7441;5.23;0.32;317.03;5.27;1238;31;2526.00;107
6099;23;5480419;6099;492;7337;7441;5.18;0.32;317.19;5.27;1238;31;2527.00;104
6101;23;5480433;6101;502;7342;7442;5.16;0.32;317.35;5.27;1241;31;2528.00;100
6103;23;5480446;6103;513;7344;7443;5.14;0.32;317.34;5.30;1241;31;2529.00;99
6107;23;5480459;6107;522;7346;7443;5.06;0.31;317.64;5.30;1239;31;2530.00;97
6110;23;5480478;6110;521;7352;7447;5.02;0.31;317.74;5.30;1242;31;2531.00;95
6113;23;5480492;6113;517;7352;7447;4.93;0.30;317.78;5.30;1239;31;2532.00;95
6113;23;5480505;6113;519;7352;7447;4.91;0.30;317.78;5.30;1239;31;2533.00;95
6115;23;5480519;6115;519;7355;7447;4.84;0.30;317.78;5.33;1240;31;2534.00;92
6116;23;5480539;6116;521;7359;7453;4.83;0.30;317.79;5.33;1243;31;2535.00;94
6119;23;5480553;6119;532;7360;7453;4.77;0.29;317.83;5.33;1241;31;2536.00;93
6122;23;5480567;6122;545;7361;7455;4.77;0.29;317.97;5.33;1239;31;2537.00;94
6123;23;5480582;6123;546;7363;7458;4.78;0.29;317.95;5.33;1240;31;2538.00;95
6126;23;5480596;6126;551;7363;7458;4.79;0.29;317.92;5.33;1237;31;2539.00;95
6128;23;5480609;6128;553;7363;7458;4.86;0.30;318.05;5.33;1235;31;2540.00;95
6130;23;5480622;6130;559;7363;7459;4.88;0.30;317.98;5.33;1233;31;2541.00;96
6132;23;5480637;6132;555;7364;7460;4.94;0.30;317.95;5.33;1232;31;2542.00;96
6135;23;5480651;6135;555;7364;7460;4.98;0.31;317.98;5.33;1229;31;2543.00;96
6136;23;5480665;6136;551;7373;7473;4.98;0.31;317.96;5.32;1237;31;2544.00;100
6137;23;5480679;6137;548;7376;7473;4.98;0.31;317.96;5.32;1239;31;2545.00;97
6139;23;5480692;6139;546;7376;7473;5.01;0.31;317.89;5.32;1237;31;2546.00;97
6142;23;5480706;6142;541;7376;7474;5.04;0.31;317.85;5.32;1234;31;2547.00;98
6145;23;5480719;6145;542;7379;7474;5.03;0.31;317.86;5.35;1234;31;2548.00;95
6150;23;5480732;6150;539;7382;7478;5.04;0.31;317.69;5.35;1232;31;2549.00;96
6151;23;5480748;6151;552;7384;7481;5.04;0.31;317.69;5.35;1233;31;2550.00;97
6154;23;5480761;6154;547;7388;7485;5.08;0.31;317.80;5.34;1234;31;2551.00;97
6156;23;5480775;6156;549;7389;7485;5.04;0.31;317.84;5.34;1233;31;2552.00;96
6157;23;5480788;6157;551;7389;7485;5.02;0.31;317.84;5.34;1232;31;2553.00;96
6160;23;5480800;6160;552;7389;7485;4.98;0.30;317.91;5.34;1229;31;2554.00;96
6161;23;5480813;6161;559;7390;7485;4.92;0.30;317.92;5.34;1229;31;2555.00;95
6166;23;5480825;6166;565;7401;7497;4.89;0.30;317.84;5.34;1235;31;2556.00;96
6169;23;5480839;6169;568;7401;7497;4.86;0.30;317.82;5.34;1232;31;2557.00;96
6170;23;5480852;6170;570;7401;7497;4.84;0.30;317.82;5.34;1231;31;2558.00;96
6171;23;5480864;6171;576;7401;7497;4.82;0.29;317.77;5.34;1230;31;2559.00;96
6174;23;5480876;6174;583;7401;7497;4.79;0.29;317.87;5.34;1227;31;2560.00;96
6176;23;5480888;6176;592;7401;7497;4.71;0.29;317.90;5.34;1225;31;2561.00;96
6177;23;5480901;6177;592;7401;7498;4.66;0.28;317.93;5.34;1224;31;2562.00;97
6177;23;5480913;6177;598;7401;7498;4.59;0.28;317.93;5.34;1224;31;2563.00;97
6178;23;5480925;6178;596;7406;7504;4.55;0.28;317.91;5.33;1228;31;2564.00;98
6179;23;5480937;6179;594;7408;7506;4.49;0.27;317.93;5.33;1229;31;2565.00;98
6181;23;5480949;6181;586;7409;7506;4.40;0.27;317.92;5.36;1228;31;2566.00;97
6182;23;5480961;6182;567;7409;7506;4.37;0.27;317.96;5.36;1227;31;2567.00;97
6184;23;5480973;6184;554;7412;7510;4.37;0.27;318.00;5.35;1228;31;2568.00;98
6185;23;5480986;6185;542;7412;7510;4.37;0.27;318.02;5.35;1227;31;2569.00;98
6186;23;5480998;6186;527;7412;7510;4.42;0.27;318.05;5.35;1226;31;2570.00;98
6186;23;5481010;6186;508;7413;7511;4.52;0.27;318.05;5.35;1227;31;2571.00;98
6187;23;5481021;6187;491;7416;7515;4.59;0.28;318.07;5.35;1229;31;2572.00;99
6190;23;5481034;6190;482;7416;7515;4.68;0.28;318.14;5.35;1226;31;2573.00;99
6191;23;5481047;6191;478;7418;7518;4.82;0.29;318.12;5.35;1227;31;2574.00;100
6195;23;5481060;6195;476;7418;7518;4.89;0.30;318.21;5.35;1223;31;2575.00;100
6197;23;5481072;6197;481;7420;7518;4.96;0.30;318.29;5.37;1223;31;2576.00;98
6198;23;5481084;6198;470;7420;7518;5.05;0.31;318.39;5.37;1222;31;2577.00;98
6201;23;5481096;6201;473;7424;7522;5.08;0.31;318.42;5.37;1223;31;2578.00;98
6203;23;5481108;6203;471;7424;7522;5.11;0.31;318.37;5.37;1221;31;2579.00;98
6204;23;5481122;6204;473;7425;7522;5.16;0.31;318.43;5.41;1221;31;2580.00;97
6204;23;5481141;6204;481;7426;7522;5.22;0.32;318.43;5.45;1222;31;2581.00;96
6207;23;5481154;6207;477;7426;7523;5.24;0.32;318.43;5.45;1219;31;2582.00;97
6208;23;5481166;6208;477;7427;7524;5.25;0.32;318.46;5.45;1219;31;2583.00;97
6212;23;5481179;6212;478;7427;7524;5.28;0.32;318.47;5.45;1215;31;2584.00;97
6213;23;5481191;6213;479;7428;7525;5.31;0.32;318.55;5.45;1215;31;2585.00;97
6216;23;5481203;6216;483;7428;7525;5.33;0.32;318.48;5.45;1212;31;2586.00;97
6218;23;5481216;6218;485;7428;7525;5.30;0.32;318.52;5.45;1210;31;2587.00;97
6220;23;5481228;6220;483;7428;7525;5.24;0.32;318.63;5.45;1208;31;2588.00;97
6221;23;5481241;6221;474;7428;7525;5.20;0.31;318.74;5.45;1207;31;2589.00;97
6221;23;5481252;6221;470;7428;7525;5.22;0.32;318.74;5.45;1207;31;2590.00;97
6223;23;5481265;6223;468;7428;7525;5.20;0.32;318.80;5.45;1205;31;2591.00;97
6225;23;5481277;6225;482;7495;7652;5.50;0.34;318.83;5.40;1270;31;2592.00;157
6229;23;5481300;6229;470;7498;7653;5.51;0.34;318.76;5.40;1269;31;2593.00;155
6231;23;5481314;6231;462;7506;7653;5.55;0.34;318.85;5.40;1275;31;2594.00;147
6232;23;5481327;6232;456;7510;7653;5.56;0.34;318.94;5.39;1278;31;2595.00;143
6234;23;5481340;6234;456;7516;7653;5.62;0.34;319.06;5.39;1282;31;2596.00;137
6236;23;5481352;6236;454;7519;7653;5.62;0.34;319.16;5.39;1283;31;2597.00;134
6237;23;5481366;6237;449;7522;7653;5.59;0.34;319.14;5.39;1285;31;2598.00;131
6239;23;5481379;6239;450;7524;7653;5.58;0.34;319.15;5.39;1285;31;2599.00;129
6242;23;5481393;6242;452;7526;7654;5.56;0.34;319.15;5.39;1284;31;2600.00;128
6243;23;5481409;6243;459;7530;7655;5.58;0.34;319.13;5.40;1287;31;2601.00;125
6246;23;5481423;6246;460;7532;7655;5.55;0.34;319.27;5.40;1286;31;2602.00;123
6248;23;5481437;6248;461;7533;7656;5.55;0.34;319.20;5.40;1285;31;2603.00;123
6251;23;5481450;6251;468;7534;7656;5.61;0.34;319.25;5.40;1283;31;2604.00;122
6255;23;5481463;6255;476;7540;7656;5.59;0.34;319.33;5.45;1285;31;2605.00;116
6256;23;5481477;6256;479;7541;7656;5.63;0.35;319.37;5.45;1285;31;2606.00;115
6260;23;5481490;6260;484;7543;7660;5.63;0.35;319.42;5.45;1283;31;2607.00;117
6262;23;5481504;6262;483;7547;7660;5.59;0.34;319.36;5.49;1285;31;2608.00;113
6266;23;5481518;6266;494;7549;7660;5.49;0.34;319.52;5.49;1283;31;2609.00;111
6269;23;5481539;6269;502;7554;7666;5.43;0.33;319.57;5.53;1285;31;2610.00;112
6274;23;5481553;6274;512;7556;7666;5.38;0.33;319.68;5.57;1282;32;2611.00;110
6275;23;5481574;6275;506;7558;7666;5.36;0.33;319.65;5.57;1283;33;2612.00;108
6276;23;5481595;6276;511;7562;7670;5.31;0.33;319.69;5.61;1286;33;2613.00;108
6278;23;5481609;6278;506;7564;7671;5.28;0.32;319.73;5.61;1286;33;2614.00;107
6281;23;5481623;6281;508;7567;7671;5.25;0.32;319.82;5.65;1286;33;2615.00;104
6281;23;5481637;6281;514;7571;7675;5.25;0.32;319.82;5.65;1290;33;2616.00;104
6285;23;5481651;6285;516;7573;7675;5.22;0.32;319.79;5.73;1288;33;2617.00;102
6289;23;5481664;6289;512;7575;7675;5.28;0.33;319.94;5.81;1286;33;2618.00;100
6291;23;5481677;6291;516;7577;7676;5.29;0.33;319.90;5.85;1286;33;2619.00;99
6294;23;5481690;6294;517;7578;7676;5.29;0.33;319.96;5.89;1284;33;2620.00;98
6296;23;5481704;6296;515;7583;7682;5.32;0.33;319.98;5.89;1287;33;2621.00;99
6299;23;5481717;6299;511;7583;7682;5.31;0.33;320.06;5.89;1284;33;2622.00;99
6300;23;5481731;6300;519;7585;7683;5.35;0.33;320.05;5.96;1285;33;2623.00;98
6303;23;5481743;6303;517;7585;7683;5.36;0.33;320.07;5.96;1282;33;2624.00;98
6307;23;5481757;6307;521;7587;7683;5.31;0.33;320.04;6.04;1280;33;2625.00;96
6309;23;5481771;6309;515;7587;7683;5.30;0.32;320.01;6.04;1278;33;2626.00;96
6309;23;5481784;6309;523;7587;7683;5.33;0.33;320.01;6.04;1278;33;2627.00;96
6313;23;5481797;6313;526;7597;7695;5.39;0.33;319.99;6.11;1284;33;2628.00;98
6316;24;5481811;6316;523;7598;7695;5.42;0.33;319.92;6.10;1282;34;2629.00;97
6318;24;5481836;6318;525;7602;7695;5.42;0.33;319.92;6.18;1284;34;2630.00;93
6321;24;5481850;6321;524;7602;7695;5.42;0.33;319.99;6.18;1281;34;2631.00;93
6323;24;5481868;6323;525;7603;7695;5.43;0.33;320.01;6.21;1280;34;2632.00;92
6325;24;5481882;6325;530;7604;7695;5.42;0.33;320.16;6.25;1279;34;2633.00;91
6329;24;5481894;6329;533;7607;7699;5.40;0.33;320.23;6.25;1278;34;2634.00;92
6330;24;5481908;6330;533;7609;7699;5.36;0.33;320.24;6.32;1279;34;2635.00;90
6333;25;5481922;6333;535;7613;7703;5.33;0.32;320.27;6.31;1280;35;2636.00;90
6336;25;5481951;6336;535;7614;7704;5.23;0.32;320.39;6.31;1278;35;2637.00;90
6339;25;5481969;6339;530;7614;7704;5.16;0.31;320.31;6.31;1275;35;2638.00;90
6345;25;5481982;6345;534;7614;7704;5.02;0.31;320.39;6.31;1269;35;2639.00;90
6346;25;5481997;6346;528;7636;7733;4.97;0.30;320.37;6.29;1290;35;2640.00;97
6354;25;5482012;6354;513;7638;7733;4.88;0.30;320.48;6.29;1284;35;2641.00;95
6355;25;5482026;6355;510;7639;7733;4.88;0.30;320.47;6.29;1284;35;2642.00;94
6359;25;5482039;6359;496;7640;7734;4.87;0.30;320.44;6.29;1281;35;2643.00;94
6364;25;5482056;6364;488;7640;7735;4.83;0.29;320.40;6.29;1276;35;2644.00;95
6366;25;5482069;6366;491;7640;7735;4.89;0.30;320.40;6.29;1274;35;2645.00;95
6370;25;5482082;6370;483;7643;7738;4.94;0.30;320.38;6.29;1273;35;2646.00;95
6373;25;5482096;6373;481;7643;7738;5.01;0.31;320.36;6.29;1270;35;2647.00;95
6376;25;5482110;6376;471;7643;7738;5.07;0.31;320.39;6.29;1267;35;2648.00;95
6380;25;5482124;6380;466;7643;7738;5.12;0.31;320.50;6.29;1263;35;2649.00;95
6382;25;5482137;6382;461;7648;7744;5.20;0.32;320.51;6.29;1266;35;2650.00;96
6385;25;5482151;6385;464;7648;7744;5.18;0.32;320.50;6.29;1263;35;2651.00;96
6387;25;5482164;6387;458;7648;7744;5.16;0.32;320.58;6.29;1261;35;2652.00;96
6391;25;5482177;6391;460;7648;7744;5.08;0.31;320.69;6.29;1257;35;2653.00;96
6394;25;5482195;6394;457;7651;7748;5.10;0.31;320.71;6.28;1257;35;2654.00;97
6398;25;5482208;6398;457;7653;7750;5.14;0.32;320.71;6.28;1255;35;2655.00;97
6402;25;5482222;6402;457;7653;7750;5.15;0.32;320.88;6.28;1251;35;2656.00;97
6405;25;5482235;6405;461;7654;7751;5.19;0.32;321.09;6.28;1249;35;2657.00;97
6413;25;5482250;6413;463;7654;7751;5.17;0.32;321.17;6.28;1241;35;2658.00;97
6417;25;5482263;6417;465;7654;7751;5.15;0.32;321.23;6.28;1237;35;2659.00;97
6419;25;5482276;6419;466;7654;7751;5.21;0.32;321.22;6.28;1235;35;2660.00;97
6422;25;5482289;6422;464;7654;7751;5.25;0.32;321.29;6.28;1232;35;2661.00;97
6427;25;5482302;6427;473;7654;7751;5.25;0.32;321.51;6.28;1227;35;2662.00;97
6433;25;5482315;6433;471;7654;7751;5.24;0.32;321.64;6.28;1221;35;2663.00;97
6437;25;5482328;6437;479;7692;7821;5.30;0.33;321.67;6.25;1255;35;2664.00;129
6443;25;5482346;6443;477;7694;7822;5.32;0.33;321.87;6.25;1251;35;2665.00;128
6445;25;5482360;6445;473;7699;7822;5.38;0.33;321.93;6.25;1254;35;2666.00;123
6451;25;5482373;6451;473;7701;7822;5.42;0.33;322.19;6.25;1250;35;2667.00;121
6455;25;5482385;6455;479;7703;7822;5.44;0.34;322.30;6.24;1248;35;2668.00;119
6460;25;5482399;6460;482;7706;7822;5.46;0.33;322.34;6.24;1246;35;2669.00;116
6465;25;5482414;6465;486;7708;7822;5.47;0.34;322.50;6.24;1243;35;2670.00;114
6470;25;5482428;6470;489;7710;7822;5.43;0.33;322.64;6.24;1240;35;2671.00;112
6475;25;5482441;6475;492;7711;7823;5.37;0.33;322.73;6.24;1236;35;2672.00;112
6479;25;5482455;6479;498;7712;7824;5.32;0.33;322.91;6.25;1233;35;2673.00;112
6481;25;5482468;6481;502;7713;7824;5.28;0.32;322.90;6.24;1232;35;2674.00;111
6487;25;5482481;6487;509;7716;7828;5.22;0.32;323.14;6.24;1229;35;2675.00;112
6492;25;5482494;6492;512;7717;7828;5.16;0.32;323.16;6.24;1225;35;2676.00;111
6497;25;5482507;6497;523;7718;7828;5.07;0.31;323.26;6.28;1221;35;2677.00;110
6501;25;5482521;6501;532;7718;7828;5.05;0.31;323.31;6.28;1217;35;2678.00;110
6505;25;5482534;6505;547;7724;7834;5.01;0.31;323.34;6.28;1219;35;2679.00;110
6513;25;5482547;6513;555;7724;7834;4.94;0.30;323.72;6.28;1211;35;2680.00;110
6516;25;5482560;6516;551;7726;7834;4.88;0.30;323.72;6.28;1210;35;2681.00;108
6518;25;5482578;6518;558;7727;7837;4.82;0.30;323.72;6.28;1209;35;2682.00;110
6523;25;5482590;6523;564;7728;7837;4.72;0.29;323.87;6.28;1205;35;2683.00;109
6525;25;5482603;6525;570;7729;7837;4.65;0.29;323.90;6.28;1204;35;2684.00;108
6530;25;5482616;6530;572;7730;7838;4.57;0.28;323.87;6.29;1200;35;2685.00;108
6532;25;5482628;6532;581;7731;7839;4.56;0.28;323.93;6.28;1199;35;2686.00;108
6534;25;5482641;6534;572;7732;7839;4.56;0.28;323.96;6.29;1198;35;2687.00;107
6536;25;5482654;6536;571;7741;7852;4.63;0.28;323.87;6.28;1205;35;2688.00;111
6539;25;5482667;6539;572;7744;7852;4.67;0.29;323.86;6.28;1205;35;2689.00;108
6540;25;5482680;6540;566;7744;7852;4.73;0.29;323.82;6.28;1204;35;2690.00;108
6544;25;5482692;6544;567;7745;7853;4.79;0.29;323.94;6.28;1201;35;2691.00;108
6548;25;5482704;6548;561;7747;7853;4.82;0.29;323.99;6.28;1199;35;2692.00;106
6550;25;5482717;6550;563;7750;7857;4.85;0.30;323.99;6.28;1200;35;2693.00;107
6557;25;5482730;6557;571;7750;7857;4.80;0.29;324.02;6.28;1193;35;2694.00;107
6559;25;5482742;6559;567;7753;7861;4.80;0.29;323.97;6.27;1194;35;2695.00;108
6560;25;5482755;6560;557;7754;7861;4.81;0.29;323.97;6.27;1194;35;2696.00;107
6563;25;5482768;6563;547;7754;7861;4.80;0.29;324.09;6.27;1191;35;2697.00;107
6564;25;5482780;6564;543;7754;7861;4.77;0.29;324.15;6.27;1190;35;2698.00;107
6571;25;5482793;6571;534;7754;7861;4.74;0.29;324.14;6.27;1183;35;2699.00;107
6571;25;5482808;6571;522;7780;7910;4.91;0.30;324.14;6.25;1209;35;2700.00;130
6572;25;5482830;6572;526;7780;7910;4.97;0.31;324.15;6.25;1208;35;2701.00;130
6574;25;5482843;6574;527;7783;7910;5.05;0.31;324.17;6.25;1209;35;2702.00;127
6577;25;5482856;6577;518;7783;7910;5.07;0.31;324.29;6.25;1206;35;2703.00;127
6578;25;5482868;6578;518;7786;7910;5.14;0.32;324.37;6.25;1208;35;2704.00;124
6582;25;5482882;6582;525;7787;7910;5.14;0.32;324.37;6.25;1205;35;2705.00;123
6583;25;5482895;6583;524;7787;7911;5.14;0.32;324.33;6.25;1204;35;2706.00;124
6585;25;5482909;6585;521;7788;7911;5.12;0.31;324.34;6.25;1203;35;2707.00;123
6587;25;5482922;6587;520;7792;7917;5.10;0.31;324.29;6.25;1205;35;2708.00;125
6591;25;5482935;6591;524;7794;7918;5.07;0.31;324.33;6.28;1203;35;2709.00;124
6592;25;5482948;6592;527;7794;7918;5.01;0.31;324.38;6.28;1202;35;2710.00;124
6595;25;5482961;6595;534;7795;7918;4.97;0.30;324.36;6.28;1200;35;2711.00;123
6596;25;5482978;6596;535;7798;7922;4.98;0.30;324.33;6.28;1202;35;2712.00;124
6597;25;5482992;6597;529;7799;7922;4.95;0.30;324.35;6.28;1202;35;2713.00;123
6598;25;5483005;6598;513;7799;7922;4.95;0.30;324.31;6.28;1201;35;2714.00;123
6599;25;5483017;6599;512;7800;7923;5.01;0.31;324.31;6.28;1201;35;2715.00;123
6600;25;5483030;6600;510;7803;7927;5.06;0.31;324.40;6.28;1203;35;2716.00;124
6602;25;5483043;6602;504;7804;7927;5.12;0.31;324.38;6.28;1202;35;2717.00;123
6603;25;5483056;6603;499;7806;7930;5.19;0.32;324.35;6.28;1203;35;2718.00;124
6604;25;5483069;6604;499;7808;7930;5.20;0.32;324.42;6.31;1204;35;2719.00;122
6605;25;5483083;6605;496;7809;7930;5.26;0.32;324.46;6.31;1204;35;2720.00;121
6608;25;5483096;6608;497;7809;7930;5.27;0.32;324.40;6.31;1201;35;2721.00;121
6609;25;5483109;6609;499;7814;7934;5.30;0.32;324.42;6.34;1205;35;2722.00;120
6609;25;5483128;6609;505;7814;7934;5.31;0.32;324.42;6.34;1205;35;2723.00;120
6610;25;5483141;6610;504;7814;7934;5.30;0.32;324.44;6.34;1204;35;2724.00;120
6611;25;5483155;6611;507;7815;7934;5.30;0.32;324.52;6.34;1204;35;2725.00;119
6612;25;5483169;6612;496;7816;7935;5.34;0.32;324.50;6.36;1204;35;2726.00;119
6613;25;5483183;6613;493;7817;7936;5.35;0.32;324.49;6.36;1204;35;2727.00;119
6614;25;5483196;6614;498;7818;7936;5.39;0.33;324.49;6.36;1204;35;2728.00;118
6614;25;5483209;6614;495;7820;7937;5.43;0.33;324.49;6.39;1206;35;2729.00;117
6615;25;5483224;6615;487;7820;7937;5.44;0.33;324.48;6.39;1205;35;2730.00;117
6616;25;5483237;6616;482;7823;7937;5.47;0.33;324.46;6.40;1207;35;2731.00;114
6618;25;5483250;6618;475;7824;7937;5.49;0.33;324.49;6.42;1206;35;2732.00;113
6619;25;5483264;6619;471;7824;7937;5.52;0.33;324.49;6.42;1205;35;2733.00;113
6621;25;5483276;6621;465;7824;7937;5.53;0.34;324.50;6.42;1203;35;2734.00;113
6623;25;5483289;6623;461;7824;7937;5.52;0.33;324.49;6.42;1201;35;2735.00;113
6626;25;5483302;6626;478;7887;8064;5.61;0.34;324.54;6.37;1261;35;2736.00;177
6628;25;5483325;6628;463;7889;8065;5.63;0.35;324.77;6.37;1261;35;2737.00;176
6630;25;5483339;6630;453;7895;8065;5.68;0.35;324.80;6.37;1265;35;2738.00;170
6633;25;5483353;6633;448;7898;8065;5.70;0.35;324.88;6.37;1265;35;2739.00;167
6635;25;5483389;6635;446;7904;8065;5.79;0.36;324.99;6.37;1269;35;2740.00;161
6638;25;5483407;6638;432;7905;8065;5.78;0.35;325.09;6.37;1267;35;2741.00;160
6642;25;5483421;6642;428;7907;8065;5.83;0.36;325.28;6.37;1265;35;2742.00;158
6645;25;5483434;6645;424;7911;8065;5.89;0.36;325.41;6.37;1266;35;2743.00;154
6648;25;5483447;6648;423;7913;8066;5.94;0.36;325.50;6.37;1265;35;2744.00;153
6650;25;5483461;6650;430;7920;8068;5.97;0.36;325.45;6.42;1270;35;2745.00;148
6653;25;5483477;6653;425;7924;8068;6.00;0.37;325.63;6.46;1271;35;2746.00;144
6659;25;5483490;6659;427;7925;8069;5.96;0.36;325.63;6.46;1266;35;2747.00;144
6660;25;5483504;6660;415;7926;8069;5.97;0.36;325.64;6.46;1266;35;2748.00;143
6664;25;5483518;6664;418;7929;8069;5.93;0.36;325.74;6.47;1265;35;2749.00;140
6666;25;5483532;6666;420;7931;8069;5.92;0.36;325.90;6.47;1265;35;2750.00;138
6669;25;5483546;6669;422;7934;8073;5.94;0.36;325.95;6.47;1265;35;2751.00;139
6672;25;5483566;6672;421;7937;8073;5.96;0.36;326.04;6.47;1265;35;2752.00;136
6676;25;5483580;6676;424;7939;8073;5.97;0.36;326.17;6.48;1263;35;2753.00;134
6678;25;5483594;6678;428;7943;8076;6.01;0.36;326.18;6.48;1265;35;2754.00;133
6681;25;5483607;6681;436;7944;8076;6.02;0.37;326.30;6.48;1263;35;2755.00;132
6683;25;5483622;6683;433;7946;8076;6.03;0.37;326.34;6.48;1263;35;2756.00;130
6686;25;5483636;6686;434;7951;8080;6.01;0.36;326.34;6.48;1265;35;2757.00;129
6688;25;5483649;6688;436;7954;8081;5.98;0.36;326.47;6.49;1266;35;2758.00;127
6689;25;5483663;6689;434;7956;8081;5.98;0.36;326.53;6.49;1267;35;2759.00;125
6694;25;5483678;6694;433;7962;8086;5.99;0.36;326.73;6.49;1268;35;2760.00;124
6696;25;5483692;6696;441;7963;8086;5.99;0.36;326.69;6.49;1267;35;2761.00;123
6699;25;5483706;6699;439;7963;8086;6.01;0.36;326.84;6.49;1264;35;2762.00;123
6701;25;5483720;6701;437;7964;8087;6.01;0.36;327.02;6.49;1263;35;2763.00;123
6704;25;5483734;6704;446;7965;8087;6.02;0.37;326.98;6.49;1261;35;2764.00;122
6706;25;5483748;6706;443;7970;8093;6.02;0.36;327.01;6.49;1264;35;2765.00;123
6708;25;5483762;6708;447;7970;8093;6.02;0.36;327.01;6.49;1262;35;2766.00;123
6708;25;5483777;6708;451;7970;8094;5.99;0.36;327.01;6.49;1262;35;2767.00;124
6709;25;5483791;6709;463;7970;8094;5.98;0.36;326.99;6.49;1261;35;2768.00;124
6710;25;5483804;6710;461;7970;8094;5.96;0.36;327.11;6.49;1260;35;2769.00;124
6712;25;5483818;6712;462;7972;8094;5.95;0.36;327.13;6.59;1260;35;2770.00;122
6713;25;5483831;6713;465;7972;8094;5.96;0.36;327.12;6.59;1259;35;2771.00;122
6715;25;5483846;6715;468;7983;8106;5.97;0.36;327.11;6.62;1268;35;2772.00;123
6718;25;5483861;6718;473;7984;8106;5.94;0.36;327.25;6.67;1266;35;2773.00;122
6719;25;5483875;6719;474;7985;8106;6.00;0.36;327.29;6.67;1266;35;2774.00;121
6720;25;5483889;6720;474;7986;8106;6.03;0.37;327.31;6.72;1266;35;2775.00;120
6722;25;5483903;6722;473;7988;8106;6.04;0.37;327.36;6.81;1266;35;2776.00;118
6725;25;5483916;6725;480;7988;8106;6.01;0.36;327.41;6.81;1263;35;2777.00;118
6726;25;5483930;6726;489;7991;8110;6.00;0.36;327.39;6.81;1265;35;2778.00;119
6727;25;5483944;6727;483;7991;8110;5.96;0.36;327.46;6.81;1264;35;2779.00;119
6730;25;5483958;6730;484;7998;8114;5.97;0.36;327.48;6.94;1268;35;2780.00;116
6731;25;5483972;6731;487;8000;8115;5.91;0.36;327.53;6.99;1269;35;2781.00;115
6733;25;5483985;6733;486;8002;8115;5.90;0.36;327.60;7.07;1269;35;2782.00;113
6736;25;5483998;6736;480;8002;8115;5.81;0.36;327.57;7.07;1266;35;2783.00;113
6741;25;5484012;6741;483;8013;8128;5.77;0.35;327.68;7.07;1272;35;2784.00;115
6744;25;5484027;6744;482;8016;8128;5.74;0.35;327.71;7.19;1272;35;2785.00;112
6747;25;5484045;6747;484;8016;8128;5.72;0.35;327.65;7.19;1269;35;2786.00;112
6750;25;5484058;6750;480;8018;8129;5.72;0.35;327.75;7.23;1268;35;2787.00;111
6752;25;5484072;6752;478;8019;8130;5.73;0.35;327.77;7.27;1267;35;2788.00;111
6752;25;5484090;6752;475;8019;8130;5.75;0.35;327.77;7.27;1267;35;2789.00;111
6756;25;5484105;6756;468;8026;8136;5.77;0.35;327.88;7.35;1270;35;2790.00;110
6760;25;5484119;6760;471;8026;8136;5.76;0.35;328.04;7.35;1266;35;2791.00;110
6762;25;5484132;6762;475;8028;8136;5.82;0.35;328.01;7.39;1266;35;2792.00;108
6768;25;5484146;6768;471;8029;8136;5.80;0.35;328.19;7.44;1261;35;2793.00;107
6770;25;5484162;6770;473;8034;8142;5.81;0.35;328.28;7.43;1264;35;2794.00;108
6771;25;5484181;6771;472;8035;8142;5.76;0.35;328.32;7.48;1264;35;2795.00;107
6774;25;5484193;6774;468;8035;8142;5.74;0.35;328.32;7.48;1261;35;2796.00;107
6776;25;5484207;6776;469;8035;8142;5.66;0.34;328.44;7.48;1259;35;2797.00;107
6777;25;5484220;6777;474;8038;8146;5.55;0.34;328.40;7.47;1261;35;2798.00;108
6781;25;5484232;6781;483;8039;8147;5.41;0.33;328.44;7.47;1258;35;2799.00;108
6785;25;5484251;6785;488;8045;8147;5.29;0.32;328.50;7.71;1260;35;2800.00;102
6788;25;5484268;6788;493;8046;8148;5.19;0.32;328.50;7.71;1258;35;2801.00;102
6793;25;5484280;6793;489;8047;8148;5.10;0.31;328.74;7.75;1254;35;2802.00;101
6795;25;5484293;6795;498;8048;8148;5.04;0.31;328.70;7.78;1253;35;2803.00;100
6801;25;5484305;6801;500;8048;8148;4.93;0.30;328.73;7.78;1247;35;2804.00;100
6804;25;5484317;6804;488;8049;8148;4.88;0.30;328.86;7.82;1245;35;2805.00;99
6807;25;5484329;6807;484;8049;8148;4.85;0.30;328.88;7.82;1242;35;2806.00;99
6811;25;5484342;6811;470;8050;8148;4.78;0.29;329.00;7.84;1239;35;2807.00;98
6813;25;5484354;6813;481;8090;8218;4.98;0.31;329.08;7.84;1277;35;2808.00;128
6813;25;5484373;6813;468;8093;8219;5.00;0.31;329.08;7.84;1280;35;2809.00;126
6819;25;5484386;6819;461;8099;8219;5.00;0.31;329.12;7.84;1280;35;2810.00;120
6822;25;5484399;6822;463;8101;8219;5.02;0.31;329.08;7.84;1279;35;2811.00;118
6827;25;5484412;6827;457;8102;8219;4.99;0.31;329.06;7.83;1275;35;2812.00;117
6830;25;5484425;6830;454;8104;8219;5.00;0.31;329.08;7.83;1274;35;2813.00;115
6833;25;5484439;6833;461;8108;8219;5.00;0.31;329.11;7.83;1275;35;2814.00;111
6836;25;5484453;6836;463;8110;8219;4.98;0.31;329.13;7.83;1274;35;2815.00;109
6840;25;5484472;6840;468;8112;8220;4.98;0.31;329.18;7.83;1272;35;2816.00;108
6842;25;5484485;6842;476;8112;8221;4.97;0.31;329.24;7.83;1270;35;2817.00;109
6849;25;5484498;6849;479;8113;8221;4.94;0.30;329.33;7.83;1264;35;2818.00;108
6853;25;5484518;6853;483;8116;8225;4.91;0.30;329.39;7.83;1263;35;2819.00;109
6855;25;5484534;6855;488;8117;8225;4.91;0.30;329.48;7.83;1262;35;2820.00;108
6860;25;5484546;6860;492;8117;8225;4.89;0.30;329.59;7.83;1257;35;2821.00;108
6865;25;5484559;6865;493;8118;8225;4.86;0.30;329.79;7.83;1253;35;2822.00;107
6868;25;5484572;6868;500;8122;8231;4.82;0.29;329.80;7.83;1254;35;2823.00;109
6872;25;5484585;6872;512;8122;8231;4.79;0.29;329.84;7.83;1250;35;2824.00;109
6877;25;5484598;6877;504;8122;8231;4.79;0.29;329.84;7.83;1245;35;2825.00;109
6881;25;5484612;6881;513;8124;8234;4.78;0.29;329.98;7.86;1243;35;2826.00;110
6888;25;5484625;6888;516;8124;8234;4.71;0.29;330.06;7.86;1236;35;2827.00;110
6891;25;5484639;6891;526;8124;8234;4.67;0.28;330.07;7.86;1233;35;2828.00;110
6895;25;5484652;6895;530;8124;8235;4.63;0.28;330.16;7.86;1229;35;2829.00;111
6899;25;5484664;6899;545;8125;8236;4.53;0.28;330.17;7.86;1226;35;2830.00;111
6903;25;5484678;6903;541;8125;8236;4.46;0.27;330.15;7.86;1222;35;2831.00;111
6906;25;5484690;6906;543;8134;8249;4.48;0.27;330.29;7.85;1228;35;2832.00;115
6913;25;5484703;6913;540;8135;8249;4.39;0.27;330.38;7.85;1222;35;2833.00;114
6915;25;5484717;6915;552;8136;8249;4.38;0.27;330.45;7.86;1221;35;2834.00;113
6918;25;5484729;6918;549;8137;8251;4.36;0.27;330.44;7.85;1219;35;2835.00;114
6921;25;5484742;6921;546;8137;8251;4.31;0.26;330.42;7.85;1216;35;2836.00;114
6927;25;5484754;6927;550;8141;8255;4.31;0.26;330.54;7.85;1214;35;2837.00;114
6930;25;5484768;6930;547;8141;8255;4.33;0.27;330.55;7.85;1211;35;2838.00;114
6932;25;5484780;6932;548;8144;8259;4.34;0.27;330.57;7.85;1212;35;2839.00;115
6936;25;5484792;6936;550;8145;8259;4.32;0.26;330.58;7.85;1209;35;2840.00;114
6940;25;5484805;6940;550;8145;8259;4.26;0.26;330.56;7.85;1205;35;2841.00;114
6946;25;5484817;6946;550;8145;8259;4.18;0.26;330.61;7.85;1199;35;2842.00;114
6949;25;5484829;6949;550;8146;8259;4.12;0.25;330.59;7.86;1197;35;2843.00;113
6950;25;5484841;6950;558;8156;8271;4.17;0.25;330.61;7.89;1206;35;2844.00;115
6954;25;5484854;6954;557;8158;8271;4.11;0.25;330.57;7.89;1204;35;2845.00;113
6955;25;5484865;6955;560;8158;8271;4.09;0.25;330.60;7.89;1203;35;2846.00;113
6958;25;5484877;6958;559;8160;8271;4.04;0.25;330.53;7.89;1202;35;2847.00;111
6961;25;5484888;6961;556;8160;8271;4.02;0.24;330.47;7.89;1199;35;2848.00;111
6964;25;5484900;6964;565;8160;8271;4.00;0.24;330.51;7.89;1196;35;2849.00;111
6965;25;5484913;6965;569;8162;8274;3.98;0.24;330.49;7.89;1197;35;2850.00;112
6968;25;5484925;6968;569;8163;8274;3.97;0.24;330.42;7.89;1195;35;2851.00;111
6970;25;5484937;6970;551;8167;8280;3.99;0.24;330.41;7.89;1197;35;2852.00;113
6973;25;5484949;6973;543;8169;8281;3.99;0.24;330.33;7.89;1196;35;2853.00;112
6973;25;5484961;6973;538;8169;8281;4.01;0.25;330.33;7.89;1196;35;2854.00;112
6975;25;5484973;6975;532;8170;8281;4.04;0.25;330.29;7.89;1195;35;2855.00;111
6976;25;5484985;6976;530;8174;8285;4.13;0.25;330.26;7.89;1198;35;2856.00;111
6978;25;5484998;6978;524;8175;8285;4.18;0.26;330.26;7.89;1197;35;2857.00;110
6979;25;5485010;6979;526;8175;8285;4.23;0.26;330.29;7.89;1196;35;2858.00;110
6981;25;5485023;6981;522;8176;8286;4.27;0.26;330.30;7.89;1195;35;2859.00;110
6982;25;5485035;6982;513;8180;8290;4.32;0.26;330.30;7.92;1198;35;2860.00;110
6984;25;5485049;6984;494;8180;8290;4.36;0.27;330.27;7.92;1196;35;2861.00;110
6986;26;5485062;6986;468;8183;8293;4.45;0.27;330.42;7.92;1197;36;2862.00;110
6988;26;5485082;6988;456;8183;8293;4.55;0.28;330.44;7.92;1195;36;2863.00;110
6990;26;5485095;6990;449;8185;8295;4.68;0.29;330.40;7.92;1195;36;2864.00;110
6992;26;5485108;6992;444;8185;8295;4.82;0.29;330.42;7.92;1193;36;2865.00;110
6992;26;5485122;6992;440;8189;8299;5.00;0.30;330.42;7.92;1197;36;2866.00;110
6994;26;5485141;6994;438;8189;8299;5.15;0.31;330.36;7.92;1195;36;2867.00;110
6994;26;5485155;6994;431;8189;8299;5.30;0.32;330.36;7.92;1195;36;2868.00;110
6995;26;5485174;6995;426;8189;8299;5.39;0.33;330.34;7.92;1194;36;2869.00;110
6995;26;5485193;6995;422;8189;8300;5.47;0.33;330.34;7.92;1194;36;2870.00;111
6998;26;5485207;6998;426;8190;8301;5.57;0.34;330.38;7.92;1192;36;2871.00;111
7000;26;5485221;7000;421;8191;8301;5.58;0.34;330.37;7.96;1191;36;2872.00;110
7000;26;5485240;7000;420;8192;8302;5.61;0.34;330.37;7.96;1192;36;2873.00;110
7002;26;5485253;7002;413;8192;8302;5.64;0.34;330.46;7.96;1190;36;2874.00;110
7003;26;5485267;7003;411;8192;8302;5.64;0.34;330.45;7.96;1189;36;2875.00;110
7004;26;5485281;7004;410;8192;8302;5.62;0.34;330.46;7.96;1188;36;2876.00;110
7005;26;5485294;7005;405;8192;8302;5.59;0.34;330.51;7.96;1187;36;2877.00;110
7008;26;5485313;7008;407;8193;8302;5.56;0.34;330.50;8.00;1185;36;2878.00;109
7010;26;5485327;7010;401;8193;8302;5.60;0.34;330.48;8.00;1183;36;2879.00;109
7010;26;5485342;7010;441;8306;8532;5.85;0.36;330.48;7.89;1296;36;2880.00;226
7013;26;5485376;7013;432;8311;8533;5.86;0.36;330.42;7.93;1298;36;2881.00;222
7014;26;5485391;7014;415;8322;8533;5.96;0.37;330.43;7.92;1308;36;2882.00;211
7017;26;5485404;7017;405;8329;8533;6.01;0.37;330.40;7.92;1312;36;2883.00;204
7020;26;5485419;7020;400;8337;8533;6.04;0.37;330.37;7.91;1317;36;2884.00;196
7024;26;5485434;7024;400;8342;8533;6.04;0.37;330.41;7.96;1318;36;2885.00;191
7024;26;5485449;7024;403;8348;8533;6.09;0.38;330.41;7.95;1324;36;2886.00;185
7025;26;5485464;7025;409;8353;8533;6.08;0.37;330.46;7.95;1328;36;2887.00;180
7026;26;5485478;7026;410;8358;8534;6.05;0.37;330.47;7.95;1332;36;2888.00;176
7027;26;5485493;7027;414;8362;8535;6.02;0.37;330.51;7.95;1335;36;2889.00;173
7030;26;5485513;7030;419;8367;8535;5.91;0.36;330.58;7.96;1337;36;2890.00;168
7030;26;5485528;7030;438;8369;8536;5.87;0.36;330.58;7.96;1339;36;2891.00;167
7034;26;5485543;7034;456;8372;8536;5.80;0.36;330.69;7.96;1338;36;2892.00;164
7037;26;5485558;7037;464;8373;8536;5.81;0.36;330.79;7.96;1336;36;2893.00;163
7038;26;5485572;7038;465;8373;8536;5.84;0.36;330.81;7.96;1335;36;2894.00;163
7041;26;5485592;7041;464;8375;8540;5.83;0.36;330.84;7.96;1334;36;2895.00;165
7042;26;5485606;7042;465;8376;8540;5.84;0.36;330.92;7.96;1334;36;2896.00;164
7045;26;5485622;7045;468;8376;8540;5.84;0.36;330.95;7.96;1331;36;2897.00;164
7049;26;5485638;7049;467;8377;8543;5.80;0.36;331.23;7.96;1328;36;2898.00;166
7051;26;5485652;7051;463;8377;8543;5.78;0.35;331.25;7.96;1326;36;2899.00;166
7055;26;5485669;7055;468;8378;8543;5.78;0.35;331.32;7.96;1323;36;2900.00;165
7058;26;5485687;7058;464;8381;8547;5.76;0.35;331.50;7.95;1323;36;2901.00;166
7062;27;5485707;7062;450;8382;8548;5.76;0.35;331.72;7.95;1320;37;2902.00;166
7065;27;5485733;7065;451;8385;8548;5.80;0.35;331.81;7.96;1320;37;2903.00;163
7068;27;5485748;7068;451;8386;8552;5.89;0.36;331.82;7.96;1318;37;2904.00;166
7071;27;5485764;7071;450;8387;8552;5.97;0.36;331.88;7.96;1316;37;2905.00;165
7073;27;5485778;7073;447;8388;8552;5.96;0.36;331.86;7.96;1315;37;2906.00;164
7076;27;5485798;7076;434;8389;8553;5.94;0.36;331.86;7.96;1313;37;2907.00;164
7078;27;5485813;7078;431;8390;8553;5.92;0.36;331.85;7.96;1312;37;2908.00;163
7080;27;5485828;7080;417;8393;8559;5.92;0.36;331.84;7.96;1313;37;2909.00;166
7085;27;5485845;7085;416;8395;8559;5.94;0.36;331.94;8.01;1310;37;2910.00;164
7089;27;5485862;7089;411;8396;8560;5.95;0.36;331.97;8.01;1307;37;2911.00;164
7096;27;5485877;7096;416;8396;8560;5.94;0.36;331.95;8.01;1300;37;2912.00;164
7098;27;5485892;7098;417;8396;8560;5.99;0.36;332.06;8.01;1298;37;2913.00;164
7104;27;5485907;7104;418;8397;8560;5.97;0.36;332.25;8.01;1293;37;2914.00;163
7104;27;5485923;7104;420;8397;8560;5.97;0.36;332.25;8.01;1293;37;2915.00;163
7105;27;5485939;7105;430;8406;8572;5.98;0.36;332.29;8.01;1301;37;2916.00;166
7105;27;5485954;7105;435;8408;8572;5.97;0.36;332.29;8.01;1303;37;2917.00;164
7106;27;5485969;7106;443;8409;8572;5.96;0.36;332.33;8.01;1303;37;2918.00;163
7108;27;5485983;7108;449;8411;8572;5.93;0.36;332.42;8.02;1303;37;2919.00;161
7111;27;5485997;7111;452;8413;8572;5.90;0.36;332.48;8.03;1302;37;2920.00;159
7114;27;5486011;7114;456;8414;8572;5.82;0.35;332.46;8.03;1300;37;2921.00;158
7118;27;5486031;7118;466;8418;8576;5.71;0.35;332.50;8.03;1300;37;2922.00;158
7119;27;5486046;7119;462;8424;8576;5.65;0.34;332.50;8.09;1305;37;2923.00;152
7120;27;5486060;7120;467;8427;8580;5.58;0.34;332.54;8.09;1307;37;2924.00;153
7122;27;5486075;7122;463;8430;8582;5.56;0.34;332.55;8.09;1308;37;2925.00;152
7124;27;5486089;7124;468;8431;8582;5.51;0.34;332.67;8.09;1307;37;2926.00;151
7125;27;5486102;7125;469;8434;8582;5.53;0.34;332.64;8.09;1309;37;2927.00;148
7126;27;5486116;7126;469;8443;8595;5.57;0.34;332.68;8.09;1317;37;2928.00;152
7130;27;5486131;7130;465;8444;8595;5.61;0.34;332.78;8.14;1314;37;2929.00;151
7131;27;5486146;7131;462;8445;8595;5.70;0.35;332.84;8.14;1314;37;2930.00;150
7134;27;5486160;7134;470;8448;8596;5.73;0.35;332.94;8.24;1314;37;2931.00;148
7138;27;5486174;7138;463;8449;8597;5.75;0.35;332.90;8.24;1311;37;2932.00;148
7141;27;5486194;7141;466;8450;8597;5.75;0.35;333.13;8.25;1309;37;2933.00;147
7147;27;5486208;7147;470;8453;8600;5.73;0.35;333.36;8.24;1306;37;2934.00;147
7151;27;5486222;7151;468;8456;8600;5.67;0.34;333.48;8.35;1305;37;2935.00;144
7154;27;5486236;7154;473;8456;8600;5.67;0.34;333.48;8.35;1302;37;2936.00;144
7157;27;5486250;7157;480;8457;8600;5.62;0.34;333.60;8.35;1300;37;2937.00;143
7160;27;5486265;7160;481;8465;8606;5.66;0.34;333.59;8.45;1305;37;2938.00;141
7160;27;5486279;7160;488;8466;8606;5.67;0.35;333.59;8.46;1306;37;2939.00;140
7164;27;5486295;7164;484;8468;8606;5.63;0.34;333.79;8.51;1304;37;2940.00;138
7165;27;5486309;7165;494;8468;8606;5.63;0.34;333.85;8.51;1303;37;2941.00;138
7166;27;5486323;7166;496;8473;8610;5.61;0.34;333.92;8.55;1307;37;2942.00;137
7169;27;5486337;7169;501;8475;8611;5.62;0.34;334.02;8.60;1306;37;2943.00;136
7171;27;5486351;7171;505;8477;8611;5.59;0.34;334.09;8.65;1306;37;2944.00;134
7173;27;5486365;7173;511;8479;8612;5.51;0.34;334.09;8.69;1306;37;2945.00;133
7176;27;5486380;7176;516;8479;8612;5.44;0.33;334.27;8.69;1303;37;2946.00;133
7178;27;5486394;7178;515;8480;8612;5.39;0.33;334.40;8.74;1302;37;2947.00;132
7182;27;5486407;7182;510;8481;8612;5.33;0.33;334.40;8.78;1299;37;2948.00;131
7184;27;5486422;7184;509;8482;8612;5.35;0.33;334.44;8.83;1298;37;2949.00;130
7186;27;5486436;7186;512;8482;8612;5.37;0.33;334.48;8.83;1296;37;2950.00;130
7187;27;5486450;7187;515;8483;8612;5.38;0.33;334.59;8.87;1296;37;2951.00;129
7189;27;5486464;7189;519;8523;8682;5.51;0.34;334.68;8.83;1334;37;2952.00;159
7192;27;5486482;7192;516;8524;8683;5.48;0.34;334.64;8.88;1332;37;2953.00;159
7193;27;5486496;7193;512;8528;8683;5.48;0.34;334.70;8.87;1335;37;2954.00;155
7197;27;5486509;7197;503;8534;8683;5.48;0.34;334.81;8.87;1337;37;2955.00;149
7201;27;5486524;7201;503;8536;8683;5.48;0.33;334.73;8.87;1335;37;2956.00;147
7204;27;5486539;7204;501;8539;8683;5.48;0.33;334.87;8.96;1335;37;2957.00;144
7208;27;5486552;7208;498;8541;8683;5.44;0.33;334.99;8.96;1333;37;2958.00;142
7211;27;5486566;7211;500;8545;8683;5.43;0.33;335.04;9.04;1334;37;2959.00;138
7214;28;5486586;7214;501;8547;8684;5.43;0.33;335.01;9.04;1333;38;2960.00;137
7217;28;5486606;7217;495;8550;8685;5.45;0.33;335.14;9.13;1333;38;2961.00;135
7220;28;5486624;7220;502;8552;8685;5.42;0.33;335.26;9.13;1332;38;2962.00;133
7222;28;5486638;7222;513;8556;8689;5.45;0.33;335.18;9.12;1334;38;2963.00;133
7222;28;5486652;7222;507;8558;8689;5.45;0.33;335.18;9.21;1336;38;2964.00;131
7227;28;5486666;7227;514;8558;8689;5.36;0.33;335.24;9.21;1331;38;2965.00;131
7228;28;5486680;7228;522;8560;8689;5.31;0.32;335.27;9.29;1332;38;2966.00;129
7233;28;5486693;7233;521;8564;8695;5.23;0.32;335.36;9.29;1331;38;2967.00;131
7234;28;5486707;7234;537;8564;8695;5.12;0.31;335.41;9.29;1330;38;2968.00;131
7238;28;5486720;7238;551;8566;8695;4.98;0.30;335.45;9.37;1328;38;2969.00;129
7245;28;5486735;7245;543;8569;8701;4.87;0.30;335.60;9.37;1324;38;2970.00;132
7247;28;5486750;7247;540;8570;8701;4.78;0.29;335.63;9.41;1323;38;2971.00;131
7252;28;5486763;7252;543;8572;8701;4.74;0.29;335.79;9.45;1320;38;2972.00;129
7255;28;5486776;7255;532;8572;8702;4.67;0.29;335.76;9.45;1317;38;2973.00;130
7259;28;5486789;7259;536;8573;8703;4.63;0.28;335.73;9.45;1314;38;2974.00;130
7262;28;5486802;7262;536;8573;8703;4.63;0.28;335.68;9.45;1311;38;2975.00;130
7266;28;5486816;7266;545;8582;8716;4.63;0.28;335.70;9.44;1316;38;2976.00;134
7270;28;5486830;7270;548;8583;8716;4.58;0.28;335.64;9.44;1313;38;2977.00;133
7273;28;5486843;7273;552;8584;8716;4.56;0.28;335.55;9.44;1311;38;2978.00;132
7277;28;5486857;7277;560;8584;8717;4.51;0.28;335.56;9.44;1307;38;2979.00;133
7279;28;5486869;7279;556;8584;8717;4.50;0.28;335.54;9.44;1305;38;2980.00;133
7284;28;5486882;7284;560;8587;8721;4.50;0.28;335.51;9.43;1303;38;2981.00;134
7286;28;5486896;7286;561;8587;8721;4.50;0.28;335.47;9.43;1301;38;2982.00;134
7291;28;5486909;7291;559;8590;8725;4.49;0.27;335.48;9.43;1299;38;2983.00;135
7292;28;5486922;7292;561;8590;8725;4.49;0.27;335.49;9.43;1298;38;2984.00;135
7296;28;5486936;7296;562;8590;8725;4.45;0.27;335.38;9.43;1294;38;2985.00;135
7299;28;5486949;7299;557;8590;8725;4.40;0.27;335.35;9.43;1291;38;2986.00;135
7302;28;5486962;7302;562;8591;8725;4.34;0.27;335.39;9.48;1289;38;2987.00;134
7305;28;5486976;7305;551;8600;8737;4.40;0.27;335.31;9.47;1295;38;2988.00;137
7310;28;5486989;7310;554;8600;8737;4.39;0.27;335.37;9.47;1290;38;2989.00;137
7312;28;5487002;7312;554;8600;8737;4.37;0.27;335.33;9.47;1288;38;2990.00;137
7315;28;5487015;7315;563;8600;8737;4.33;0.27;335.43;9.47;1285;38;2991.00;137
7319;28;5487028;7319;560;8600;8737;4.28;0.26;335.39;9.47;1281;38;2992.00;137
7324;28;5487041;7324;561;8600;8737;4.23;0.26;335.29;9.47;1276;38;2993.00;137
7327;28;5487054;7327;563;8600;8738;4.24;0.26;335.42;9.47;1273;38;2994.00;138
7330;28;5487067;7330;567;8600;8738;4.24;0.26;335.38;9.47;1270;38;2995.00;138
7334;28;5487080;7334;564;8604;8744;4.20;0.26;335.30;9.47;1270;38;2996.00;140
7337;28;5487093;7337;564;8604;8745;4.14;0.25;335.30;9.47;1267;38;2997.00;141
7340;28;5487105;7340;561;8604;8745;4.09;0.25;335.27;9.47;1264;38;2998.00;141
7342;28;5487118;7342;571;8604;8745;4.05;0.25;335.26;9.47;1262;38;2999.00;141
7348;28;5487133;7348;579;8611;8765;3.98;0.24;335.19;9.46;1263;38;3000.00;154
7352;28;5487151;7352;577;8611;8765;3.89;0.24;335.27;9.46;1259;38;3001.00;154
7354;28;5487164;7354;577;8612;8765;3.82;0.23;335.26;9.47;1258;38;3002.00;153
7357;28;5487176;7357;586;8613;8766;3.82;0.23;335.24;9.47;1256;38;3003.00;153
7360;28;5487188;7360;592;8617;8770;3.81;0.23;335.26;9.46;1257;38;3004.00;153
7362;28;5487200;7362;601;8617;8770;3.82;0.23;335.30;9.46;1255;38;3005.00;153
7366;28;5487212;7366;602;8620;8773;3.85;0.23;335.36;9.46;1254;38;3006.00;153
7368;28;5487225;7368;589;8622;8773;3.86;0.24;335.34;9.47;1254;38;3007.00;151
7370;28;5487237;7370;584;8622;8773;3.90;0.24;335.36;9.47;1252;38;3008.00;151
7374;28;5487249;7374;575;8622;8773;3.92;0.24;335.48;9.47;1248;38;3009.00;151
7375;28;5487262;7375;577;8627;8777;3.98;0.24;335.46;9.48;1252;38;3010.00;150
7376;28;5487275;7376;573;8627;8777;4.01;0.24;335.47;9.48;1251;38;3011.00;150
7376;28;5487287;7376;566;8629;8777;4.01;0.24;335.47;9.48;1253;38;3012.00;148
7377;28;5487298;7377;563;8630;8777;4.04;0.25;335.49;9.48;1253;38;3013.00;147
7379;28;5487311;7379;563;8632;8778;4.08;0.25;335.42;9.49;1253;38;3014.00;146
7381;28;5487324;7381;563;8635;8780;4.10;0.25;335.44;9.49;1254;38;3015.00;145
7381;29;5487337;7381;564;8636;8780;4.12;0.25;335.44;9.49;1255;39;3016.00;144
7382;29;5487361;7382;550;8637;8781;4.17;0.25;335.46;9.49;1255;39;3017.00;144
7383;29;5487378;7383;536;8640;8781;4.21;0.26;335.47;9.50;1257;39;3018.00;141
7383;29;5487391;7383;524;8641;8781;4.27;0.26;335.47;9.50;1258;39;3019.00;140
7384;29;5487403;7384;511;8641;8781;4.29;0.26;335.48;9.50;1257;39;3020.00;140
7384;29;5487416;7384;505;8643;8781;4.34;0.27;335.48;9.50;1259;39;3021.00;138
7386;29;5487430;7386;509;8643;8781;4.38;0.27;335.53;9.50;1257;39;3022.00;138
7387;29;5487443;7387;511;8645;8781;4.47;0.27;335.53;9.50;1258;39;3023.00;136
7388;29;5487457;7388;524;8709;8908;4.89;0.30;335.62;9.44;1321;39;3024.00;199
7391;29;5487479;7391;517;8712;8909;4.97;0.31;335.60;9.43;1321;39;3025.00;197
7392;29;5487493;7392;491;8721;8909;5.09;0.31;335.60;9.43;1329;39;3026.00;188
7393;29;5487507;7393;483;8725;8909;5.22;0.32;335.61;9.43;1332;39;3027.00;184
7395;29;5487521;7395;473;8732;8909;5.29;0.33;335.65;9.42;1337;39;3028.00;177
7396;29;5487537;7396;469;8736;8909;5.37;0.33;335.71;9.42;1340;39;3029.00;173
7399;29;5487553;7399;456;8740;8909;5.44;0.33;335.83;9.42;1341;39;3030.00;169
7401;29;5487568;7401;461;8742;8909;5.44;0.33;335.87;9.42;1341;39;3031.00;167
7403;29;5487588;7403;462;8746;8910;5.42;0.33;335.86;9.42;1343;39;3032.00;164
7405;29;5487608;7405;453;8747;8911;5.44;0.33;335.91;9.42;1342;39;3033.00;164
7409;29;5487624;7409;457;8752;8911;5.40;0.33;336.03;9.42;1343;39;3034.00;159
7412;29;5487640;7412;459;8754;8912;5.36;0.33;336.12;9.42;1342;39;3035.00;158
7413;29;5487656;7413;470;8757;8912;5.35;0.33;336.10;9.42;1344;39;3036.00;155
7413;29;5487671;7413;466;8758;8912;5.36;0.33;336.10;9.42;1345;39;3037.00;154
7417;29;5487687;7417;461;8759;8912;5.34;0.33;336.17;9.42;1342;39;3038.00;153
7421;29;5487702;7421;455;8763;8916;5.33;0.33;336.28;9.42;1342;39;3039.00;153
7422;29;5487722;7422;452;8764;8916;5.36;0.33;336.28;9.42;1342;39;3040.00;152
7423;29;5487737;7423;449;8765;8916;5.34;0.33;336.33;9.42;1342;39;3041.00;151
7425;29;5487752;7425;448;8767;8919;5.36;0.33;336.35;9.42;1342;39;3042.00;152
7428;29;5487768;7428;453;8768;8919;5.35;0.33;336.50;9.42;1340;39;3043.00;151
7431;29;5487782;7431;449;8769;8919;5.37;0.33;336.56;9.43;1338;39;3044.00;150
7434;29;5487798;7434;457;8773;8923;5.39;0.33;336.58;9.42;1339;39;3045.00;150
7439;29;5487812;7439;461;8775;8924;5.42;0.33;336.65;9.42;1336;39;3046.00;149
7443;29;5487827;7443;462;8776;8924;5.47;0.33;336.75;9.43;1333;39;3047.00;148
7447;29;5487843;7447;460;8780;8928;5.52;0.34;336.90;9.42;1333;39;3048.00;148
7448;29;5487859;7448;458;8781;8928;5.59;0.34;336.89;9.42;1333;39;3049.00;147
7453;29;5487874;7453;456;8782;8928;5.63;0.34;336.95;9.42;1329;39;3050.00;146
7455;29;5487890;7455;450;8783;8929;5.70;0.35;336.99;9.42;1328;39;3051.00;146
7457;29;5487905;7457;444;8784;8929;5.77;0.35;337.00;9.42;1327;39;3052.00;145
7459;29;5487920;7459;448;8789;8935;5.82;0.35;337.04;9.42;1330;39;3053.00;146
7462;29;5487935;7462;451;8789;8935;5.83;0.35;337.29;9.42;1327;39;3054.00;146
7465;29;5487951;7465;442;8789;8936;5.84;0.36;337.43;9.42;1324;39;3055.00;147
7467;29;5487966;7467;441;8789;8936;5.87;0.36;337.52;9.42;1322;39;3056.00;147
7470;29;5487981;7470;442;8790;8936;5.83;0.35;337.48;9.48;1320;39;3057.00;146
7472;29;5487996;7472;440;8790;8936;5.81;0.35;337.52;9.48;1318;39;3058.00;146
7475;29;5488011;7475;444;8790;8936;5.78;0.35;337.68;9.48;1315;39;3059.00;146
7478;29;5488029;7478;439;8816;8972;5.80;0.35;337.83;9.45;1338;39;3060.00;156
7482;29;5488046;7482;430;8818;8972;5.79;0.35;337.86;9.45;1336;39;3061.00;154
7485;29;5488061;7485;422;8819;8972;5.83;0.36;337.93;9.45;1334;39;3062.00;153
7489;29;5488076;7489;420;8820;8972;5.85;0.36;338.05;9.45;1331;39;3063.00;152
7490;29;5488096;7490;414;8821;8972;5.86;0.36;338.04;9.45;1331;39;3064.00;151
7491;29;5488116;7491;417;8821;8972;5.88;0.36;338.09;9.45;1330;39;3065.00;151
7494;29;5488132;7494;409;8824;8976;5.92;0.36;338.14;9.44;1330;39;3066.00;152
7498;29;5488147;7498;408;8824;8976;5.95;0.36;338.22;9.44;1326;39;3067.00;152
7500;29;5488163;7500;399;8828;8980;6.05;0.37;338.27;9.44;1328;39;3068.00;152
7502;29;5488178;7502;389;8829;8981;6.09;0.37;338.41;9.44;1327;39;3069.00;152
7504;29;5488199;7504;384;8829;8981;6.14;0.37;338.34;9.44;1325;39;3070.00;152
7508;29;5488214;7508;377;8829;8981;6.15;0.37;338.43;9.44;1321;39;3071.00;152
7512;29;5488228;7512;378;8839;8994;6.20;0.38;338.47;9.48;1327;39;3072.00;155
7518;29;5488244;7518;380;8839;8994;6.19;0.38;338.58;9.48;1321;39;3073.00;155
7523;29;5488260;7523;388;8839;8994;6.22;0.38;338.80;9.48;1316;39;3074.00;155
7527;29;5488274;7527;392;8842;8995;6.26;0.38;338.82;9.58;1315;39;3075.00;153
7531;29;5488293;7531;389;8842;8996;6.32;0.38;338.76;9.58;1311;39;3076.00;154
7536;29;5488308;7536;392;8842;8996;6.29;0.38;338.86;9.58;1306;39;3077.00;154
7540;29;5488323;7540;389;8845;8999;6.27;0.38;338.95;9.58;1305;39;3078.00;154
7542;29;5488339;7542;384;8847;8999;6.27;0.38;338.97;9.63;1305;39;3079.00;152
7543;29;5488354;7543;388;8847;8999;6.27;0.38;338.95;9.63;1304;39;3080.00;152
7547;29;5488369;7547;386;8848;8999;6.23;0.38;338.92;9.63;1301;39;3081.00;151
7549;29;5488384;7549;385;8853;9005;6.29;0.38;338.94;9.62;1304;39;3082.00;152
7552;29;5488400;7552;386;8854;9005;6.20;0.38;339.08;9.67;1302;39;3083.00;151
7555;29;5488415;7555;391;8854;9005;6.17;0.38;339.07;9.67;1299;39;3084.00;151
7558;29;5488430;7558;392;8854;9005;6.12;0.37;339.04;9.67;1296;39;3085.00;151
7559;29;5488444;7559;390;8857;9009;6.03;0.37;339.03;9.67;1298;39;3086.00;152
7562;29;5488459;7562;394;8858;9010;6.00;0.37;339.10;9.67;1296;39;3087.00;152
7564;29;5488474;7564;399;8858;9010;6.00;0.37;339.05;9.67;1294;39;3088.00;152
7565;29;5488488;7565;402;8859;9011;6.04;0.37;339.04;9.67;1294;39;3089.00;152
7568;29;5488504;7568;413;8859;9011;6.01;0.37;339.28;9.67;1291;39;3090.00;152
7568;29;5488519;7568;405;8859;9011;5.99;0.37;339.28;9.67;1291;39;3091.00;152
7574;29;5488532;7574;417;8859;9011;5.89;0.36;339.56;9.67;1285;39;3092.00;152
7576;29;5488547;7576;418;8859;9011;5.84;0.36;339.63;9.67;1283;39;3093.00;152
7577;29;5488561;7577;424;8859;9011;5.80;0.35;339.61;9.67;1282;39;3094.00;152
7580;29;5488573;7580;416;8859;9011;5.73;0.35;339.72;9.67;1279;39;3095.00;152
7581;29;5488588;7581;431;8895;9081;5.84;0.36;339.70;9.63;1314;39;3096.00;186
7584;29;5488607;7584;429;8898;9082;5.81;0.36;339.88;9.63;1314;39;3097.00;184
7587;29;5488622;7587;434;8903;9082;5.79;0.35;339.91;9.62;1316;39;3098.00;179
7591;29;5488636;7591;436;8905;9082;5.69;0.35;339.95;9.62;1314;39;3099.00;177
7596;29;5488651;7596;449;8907;9082;5.64;0.35;340.15;9.62;1311;39;3100.00;175
7597;29;5488669;7597;453;8911;9082;5.66;0.35;340.19;9.67;1314;39;3101.00;171
7600;29;5488683;7600;464;8913;9082;5.61;0.34;340.28;9.67;1313;39;3102.00;169
7602;30;5488697;7602;474;8916;9082;5.64;0.34;340.22;9.72;1314;40;3103.00;166
7605;30;5488723;7605;475;8918;9083;5.59;0.34;340.18;9.72;1313;40;3104.00;165
7605;30;5488737;7605;484;8921;9085;5.58;0.34;340.18;9.77;1316;40;3105.00;164
7608;30;5488751;7608;488;8923;9085;5.54;0.34;340.27;9.77;1315;40;3106.00;162
7611;30;5488765;7611;487;8929;9089;5.51;0.34;340.17;9.82;1318;40;3107.00;160
7613;30;5488780;7613;493;8931;9089;5.45;0.33;340.29;9.82;1318;40;3108.00;158
7616;30;5488793;7616;497;8932;9089;5.37;0.33;340.43;9.82;1316;40;3109.00;157
7618;30;5488807;7618;507;8934;9089;5.34;0.33;340.45;9.87;1316;40;3110.00;155
7622;30;5488820;7622;514;8939;9095;5.37;0.33;340.55;9.87;1317;40;3111.00;156
7623;30;5488835;7623;521;8940;9095;5.35;0.33;340.53;9.87;1317;40;3112.00;155
7628;30;5488849;7628;531;8942;9095;5.28;0.32;340.58;9.92;1314;40;3113.00;153
7631;30;5488864;7631;535;8944;9098;5.22;0.32;340.51;9.91;1313;40;3114.00;154
7633;30;5488883;7633;547;8945;9098;5.20;0.32;340.51;9.96;1312;40;3115.00;153
7635;30;5488901;7635;550;8946;9098;5.14;0.31;340.60;9.96;1311;40;3116.00;152
7637;30;5488913;7637;555;8946;9099;5.09;0.31;340.62;9.96;1309;40;3117.00;153
7640;30;5488926;7640;563;8948;9100;5.01;0.31;340.64;10.01;1308;40;3118.00;152
7644;30;5488940;7644;569;8948;9100;4.91;0.30;340.52;10.01;1304;40;3119.00;152
7647;30;5488954;7647;588;8966;9126;4.90;0.30;340.64;9.99;1319;40;3120.00;160
7648;30;5488969;7648;576;8967;9126;4.88;0.30;340.66;9.99;1319;40;3121.00;159
7652;30;5488982;7652;582;8970;9126;4.85;0.30;340.74;10.04;1318;40;3122.00;156
7655;30;5488995;7655;587;8972;9127;4.82;0.29;340.73;10.04;1317;40;3123.00;155
7656;30;5489008;7656;586;8972;9127;4.78;0.29;340.79;10.04;1316;40;3124.00;155
7658;30;5489021;7658;578;8976;9131;4.77;0.29;340.81;10.03;1318;40;3125.00;155
7660;30;5489033;7660;591;8976;9131;4.67;0.29;340.82;10.03;1316;40;3126.00;155
7662;30;5489046;7662;596;8979;9135;4.56;0.28;340.79;10.03;1317;40;3127.00;156
7664;30;5489058;7664;605;8979;9135;4.49;0.27;340.74;10.03;1315;40;3128.00;156
7665;30;5489070;7665;607;8979;9135;4.45;0.27;340.71;10.03;1314;40;3129.00;156
7668;30;5489082;7668;611;8979;9135;4.37;0.27;340.71;10.03;1311;40;3130.00;156
7673;30;5489095;7673;618;8979;9135;4.32;0.26;340.57;10.03;1306;40;3131.00;156
7676;30;5489107;7676;619;8988;9147;4.33;0.26;340.65;10.02;1312;40;3132.00;159
7679;30;5489120;7679;621;8988;9147;4.26;0.26;340.64;10.02;1309;40;3133.00;159
7686;30;5489132;7686;625;8990;9147;4.17;0.25;340.59;10.02;1304;40;3134.00;157
7688;30;5489144;7688;623;8990;9147;4.14;0.25;340.52;10.02;1302;40;3135.00;157
7691;30;5489155;7691;617;8990;9147;4.06;0.25;340.53;10.02;1299;40;3136.00;157
7693;30;5489167;7693;607;8990;9147;4.04;0.25;340.45;10.02;1297;40;3137.00;157
7695;30;5489179;7695;609;8990;9148;4.02;0.24;340.49;10.02;1295;40;3138.00;158
7698;30;5489190;7698;605;8990;9148;3.95;0.24;340.54;10.02;1292;40;3139.00;158
7698;30;5489208;7698;601;8995;9154;3.99;0.24;340.54;10.01;1297;40;3140.00;159
7702;30;5489221;7702;606;8996;9155;3.93;0.24;340.54;10.01;1294;40;3141.00;159
7705;30;5489234;7705;600;8996;9155;3.92;0.24;340.48;10.01;1291;40;3142.00;159
7709;30;5489246;7709;596;8996;9155;3.91;0.24;340.59;10.01;1287;40;3143.00;159
7712;30;5489257;7712;596;8999;9159;3.92;0.24;340.63;10.01;1287;40;3144.00;160
7713;30;5489270;7713;595;8999;9159;3.86;0.24;340.66;10.01;1286;40;3145.00;160
7715;30;5489282;7715;593;8999;9159;3.84;0.23;340.74;10.01;1284;40;3146.00;160
7719;30;5489294;7719;591;9000;9160;3.83;0.23;340.76;10.01;1281;40;3147.00;160
7723;30;5489306;7723;593;9003;9164;3.82;0.23;340.77;10.00;1280;40;3148.00;161
7726;30;5489319;7726;588;9003;9164;3.83;0.23;340.73;10.00;1277;40;3149.00;161
7727;30;5489333;7727;588;9007;9170;3.87;0.24;340.71;10.00;1280;40;3150.00;163
7730;30;5489346;7730;587;9007;9170;3.87;0.23;340.66;10.00;1277;40;3151.00;163
7732;30;5489358;7732;595;9009;9170;3.86;0.24;340.64;10.00;1277;40;3152.00;161
7734;30;5489369;7734;595;9009;9170;3.89;0.24;340.65;10.00;1275;40;3153.00;161
7738;30;5489381;7738;579;9013;9174;3.96;0.24;340.68;9.99;1275;40;3154.00;161
7741;30;5489394;7741;566;9013;9174;3.99;0.24;340.68;9.99;1272;40;3155.00;161
7746;30;5489409;7746;551;9013;9174;3.99;0.24;340.61;9.99;1267;40;3156.00;161
7748;30;5489422;7748;534;9013;9174;4.03;0.24;340.64;9.99;1265;40;3157.00;161
7752;30;5489435;7752;530;9013;9175;4.03;0.24;340.65;9.99;1261;40;3158.00;162
7753;30;5489448;7753;523;9014;9176;4.11;0.25;340.64;9.99;1261;40;3159.00;162
7754;30;5489461;7754;506;9014;9176;4.21;0.26;340.64;9.99;1260;40;3160.00;162
7756;30;5489474;7756;497;9015;9177;4.29;0.26;340.63;9.99;1259;40;3161.00;162
7757;30;5489488;7757;489;9016;9177;4.39;0.27;340.67;10.05;1259;40;3162.00;161
7762;30;5489501;7762;493;9016;9177;4.46;0.27;340.53;10.05;1254;40;3163.00;161
7763;30;5489521;7763;504;9016;9177;4.49;0.27;340.51;10.05;1253;40;3164.00;161
7766;30;5489534;7766;492;9016;9177;4.57;0.28;340.57;10.05;1250;40;3165.00;161
7770;30;5489548;7770;496;9016;9177;4.62;0.28;340.65;10.05;1246;40;3166.00;161
7770;30;5489567;7770;496;9016;9177;4.68;0.29;340.65;10.05;1246;40;3167.00;161
7772;30;5489580;7772;512;9088;9304;5.03;0.31;340.64;9.97;1316;40;3168.00;216
7775;30;5489602;7775;509;9090;9305;5.07;0.31;340.78;9.97;1315;40;3169.00;215
7776;30;5489616;7776;507;9097;9305;5.11;0.32;340.78;9.96;1321;40;3170.00;208
7781;30;5489629;7781;505;9103;9305;5.17;0.32;340.76;9.95;1322;40;3171.00;202
7783;30;5489644;7783;506;9107;9305;5.23;0.32;340.78;9.95;1324;40;3172.00;198
7786;30;5489659;7786;504;9109;9305;5.25;0.32;340.84;9.95;1323;40;3173.00;196
7789;30;5489673;7789;508;9111;9305;5.22;0.32;340.89;9.95;1322;40;3174.00;194
7790;30;5489687;7790;510;9113;9305;5.25;0.32;341.00;9.95;1323;40;3175.00;192
7794;30;5489700;7794;514;9116;9306;5.25;0.32;341.00;9.95;1322;40;3176.00;190
7798;30;5489715;7798;517;9119;9307;5.22;0.32;341.11;9.95;1321;40;3177.00;188
7801;30;5489729;7801;525;9121;9307;5.15;0.32;341.13;9.95;1320;40;3178.00;186
7806;30;5489743;7806;533;9123;9308;5.09;0.31;341.21;9.95;1317;40;3179.00;185
7809;30;5489759;7809;535;9126;9308;5.07;0.31;341.31;9.95;1317;40;3180.00;182
7813;30;5489773;7813;541;9127;9308;5.00;0.31;341.46;9.95;1314;40;3181.00;181
7815;30;5489787;7815;545;9129;9308;4.97;0.30;341.57;9.95;1314;40;3182.00;179
7818;30;5489800;7818;542;9132;9312;4.93;0.30;341.62;9.95;1314;40;3183.00;180
7822;30;5489815;7822;528;9134;9312;4.89;0.30;341.86;9.95;1312;40;3184.00;178
7828;30;5489828;7828;517;9134;9312;4.84;0.30;342.01;9.95;1306;40;3185.00;178
7829;30;5489842;7829;515;9137;9315;4.90;0.30;342.03;9.95;1308;40;3186.00;178
7833;30;5489856;7833;514;9137;9315;4.86;0.30;342.21;9.95;1304;40;3187.00;178
7838;30;5489870;7838;513;9138;9315;4.90;0.30;342.31;9.95;1300;40;3188.00;177
7840;30;5489884;7840;516;9142;9319;4.92;0.30;342.43;9.94;1302;40;3189.00;177
7843;30;5489904;7843;517;9144;9320;4.95;0.30;342.50;9.94;1301;40;3190.00;176
7846;30;5489918;7846;502;9147;9322;4.99;0.31;342.56;9.94;1301;40;3191.00;175
7849;30;5489932;7849;481;9151;9326;5.04;0.31;342.68;9.94;1302;40;3192.00;175
7854;30;5489946;7854;480;9152;9326;5.07;0.31;342.59;9.94;1298;40;3193.00;174
7855;30;5489960;7855;470;9152;9326;5.15;0.31;342.63;9.94;1297;40;3194.00;174
7860;30;5489974;7860;471;9155;9328;5.20;0.32;342.70;9.99;1295;40;3195.00;173
7861;30;5489989;7861;474;9155;9328;5.30;0.32;342.75;9.99;1294;40;3196.00;173
7864;30;5490004;7864;477;9160;9334;5.37;0.33;342.93;9.99;1296;40;3197.00;174
7870;30;5490019;7870;474;9160;9334;5.39;0.33;343.02;9.99;1290;40;3198.00;174
7871;30;5490034;7871;477;9160;9335;5.41;0.33;342.98;9.99;1289;40;3199.00;175
7875;30;5490049;7875;476;9160;9335;5.40;0.33;343.07;9.99;1285;40;3200.00;175
7878;30;5490067;7878;481;9160;9335;5.34;0.33;343.14;9.99;1282;40;3201.00;175
7881;30;5490082;7881;469;9160;9335;5.28;0.32;343.16;9.99;1279;40;3202.00;175
7885;30;5490096;7885;468;9160;9335;5.23;0.32;343.32;9.99;1275;40;3203.00;175
7888;30;5490110;7888;460;9169;9347;5.27;0.32;343.39;9.98;1281;40;3204.00;178
7894;30;5490126;7894;467;9169;9347;5.24;0.32;343.52;9.98;1275;40;3205.00;178
7897;30;5490140;7897;461;9171;9347;5.27;0.32;343.55;9.98;1274;40;3206.00;176
7900;30;5490154;7900;464;9171;9347;5.32;0.32;343.75;9.98;1271;40;3207.00;176
7903;30;5490168;7903;466;9171;9347;5.34;0.33;343.77;9.98;1268;40;3208.00;176
7908;30;5490182;7908;467;9171;9347;5.32;0.32;343.95;9.98;1263;40;3209.00;176
7909;30;5490198;7909;470;9174;9351;5.32;0.32;343.95;9.97;1265;40;3210.00;177
7914;30;5490212;7914;464;9175;9351;5.32;0.32;344.09;10.03;1261;40;3211.00;176
7915;30;5490226;7915;467;9179;9355;5.35;0.33;344.13;10.02;1264;40;3212.00;176
7920;30;5490240;7920;465;9180;9356;5.39;0.33;344.23;10.02;1260;40;3213.00;176
7921;30;5490254;7921;469;9180;9356;5.45;0.33;344.23;10.02;1259;40;3214.00;176
7921;30;5490268;7921;480;9180;9356;5.48;0.33;344.23;10.02;1259;40;3215.00;176
7924;30;5490282;7924;489;9191;9369;5.55;0.34;344.39;10.01;1267;40;3216.00;178
7928;30;5490297;7928;477;9191;9369;5.54;0.34;344.43;10.01;1263;40;3217.00;178
7928;30;5490311;7928;480;9191;9369;5.58;0.34;344.43;10.01;1263;40;3218.00;178
7930;30;5490324;7930;483;9192;9370;5.62;0.34;344.48;10.01;1262;40;3219.00;178
7933;30;5490338;7933;487;9192;9371;5.58;0.34;344.53;10.01;1259;40;3220.00;179
7936;30;5490352;7936;484;9192;9371;5.55;0.34;344.73;10.01;1256;40;3221.00;179
7937;30;5490366;7937;485;9194;9374;5.58;0.34;344.82;10.01;1257;40;3222.00;180
7939;30;5490379;7939;492;9194;9374;5.58;0.34;344.78;10.01;1255;40;3223.00;180
7939;30;5490392;7939;493;9195;9374;5.57;0.34;344.78;10.01;1256;40;3224.00;179
7940;30;5490407;7940;490;9195;9374;5.56;0.34;344.78;10.01;1255;40;3225.00;179
7942;30;5490421;7942;480;9200;9380;5.58;0.34;344.79;10.00;1258;40;3226.00;180
7943;31;5490435;7943;483;9200;9380;5.55;0.34;344.85;10.00;1257;41;3227.00;180
7944;31;5490455;7944;478;9200;9380;5.53;0.34;344.89;10.00;1256;41;3228.00;180
7948;31;5490469;7948;471;9200;9380;5.52;0.33;344.94;10.00;1252;41;3229.00;180
7954;31;5490487;7954;462;9203;9384;5.47;0.33;344.97;10.00;1249;41;3230.00;181
7954;31;5490502;7954;455;9204;9385;5.48;0.33;344.97;10.00;1250;41;3231.00;181
7957;31;5490515;7957;447;9204;9385;5.52;0.34;345.02;10.00;1247;41;3232.00;181
7962;31;5490529;7962;446;9205;9386;5.58;0.34;345.06;10.00;1243;41;3233.00;181
7964;31;5490543;7964;438;9205;9386;5.61;0.34;345.06;10.00;1241;41;3234.00;181
7968;31;5490557;7968;439;9205;9386;5.65;0.34;345.04;10.00;1237;41;3235.00;181
7972;31;5490571;7972;427;9205;9386;5.64;0.34;345.02;10.00;1233;41;3236.00;181
7974;31;5490584;7974;428;9205;9386;5.65;0.34;345.01;10.00;1231;41;3237.00;181
7979;31;5490598;7979;427;9205;9386;5.64;0.34;345.08;10.00;1226;41;3238.00;181
7986;31;5490611;7986;427;9205;9386;5.60;0.34;345.27;10.00;1219;41;3239.00;181
7993;31;5490627;7993;434;9265;9511;5.73;0.35;345.31;10.06;1272;41;3240.00;246
7995;31;5490652;7995;429;9266;9512;5.72;0.35;345.36;10.05;1271;41;3241.00;246
7998;31;5490665;7998;439;9277;9512;5.71;0.35;345.38;10.05;1279;41;3242.00;235
8003;31;5490680;8003;440;9281;9512;5.70;0.35;345.31;10.04;1278;41;3243.00;231
8005;32;5490693;8005;443;9288;9512;5.67;0.35;345.39;10.04;1283;42;3244.00;224
8007;32;5490713;8007;450;9289;9512;5.66;0.35;345.47;10.04;1282;42;3245.00;223
8009;32;5490727;8009;447;9293;9512;5.58;0.34;345.46;10.04;1284;42;3246.00;219
8012;32;5490746;8012;452;9296;9512;5.55;0.34;345.67;10.03;1284;42;3247.00;216
8014;32;5490759;8014;457;9300;9513;5.52;0.34;345.60;10.03;1286;42;3248.00;213
8017;32;5490782;8017;456;9307;9514;5.52;0.34;345.73;10.03;1290;42;3249.00;207
8018;32;5490795;8018;465;9311;9514;5.53;0.34;345.77;10.03;1293;42;3250.00;203
8020;32;5490809;8020;468;9316;9518;5.51;0.34;345.80;10.03;1296;42;3251.00;202
8024;32;5490823;8024;469;9316;9518;5.42;0.33;345.76;10.03;1292;42;3252.00;202
8027;32;5490837;8027;474;9317;9518;5.33;0.33;345.86;10.03;1290;42;3253.00;201
8028;32;5490851;8028;483;9317;9518;5.21;0.32;345.88;10.03;1289;42;3254.00;201
8030;32;5490870;8030;480;9322;9524;5.18;0.32;345.93;10.02;1292;42;3255.00;202
8033;32;5490884;8033;487;9322;9524;5.10;0.31;345.93;10.02;1289;42;3256.00;202
8036;32;5490898;8036;483;9322;9524;5.03;0.31;346.07;10.02;1286;42;3257.00;202
8037;32;5490911;8037;482;9325;9527;4.99;0.30;346.14;10.02;1288;42;3258.00;202
8038;32;5490925;8038;490;9325;9527;4.93;0.30;346.21;10.02;1287;42;3259.00;202
8040;32;5490939;8040;487;9325;9527;4.87;0.30;346.27;10.02;1285;42;3260.00;202
8042;32;5490952;8042;491;9325;9528;4.84;0.30;346.26;10.02;1283;42;3261.00;203
8045;32;5490966;8045;494;9326;9529;4.77;0.29;346.38;10.02;1281;42;3262.00;203
8046;32;5490979;8046;510;9326;9529;4.75;0.29;346.36;10.02;1280;42;3263.00;203
8050;32;5490992;8050;516;9337;9542;4.75;0.29;346.41;10.01;1287;42;3264.00;205
8052;32;5491007;8052;518;9338;9542;4.75;0.29;346.37;10.07;1286;42;3265.00;204
8055;32;5491020;8055;529;9338;9542;4.73;0.29;346.41;10.07;1283;42;3266.00;204
8057;32;5491033;8057;543;9339;9543;4.73;0.29;346.47;10.07;1282;42;3267.00;204
8060;32;5491047;8060;549;9340;9543;4.67;0.29;346.63;10.13;1280;42;3268.00;203
8063;32;5491060;8063;559;9344;9547;4.64;0.29;346.56;10.13;1281;42;3269.00;203
8066;32;5491075;8066;562;9344;9547;4.56;0.28;346.49;10.13;1278;42;3270.00;203
8067;32;5491088;8067;567;9350;9551;4.50;0.28;346.46;10.31;1283;42;3271.00;201
8070;32;5491101;8070;578;9351;9551;4.44;0.27;346.48;10.37;1281;42;3272.00;200
8071;32;5491114;8071;587;9351;9551;4.39;0.27;346.52;10.37;1280;42;3273.00;200
8073;32;5491126;8073;595;9353;9551;4.35;0.27;346.49;10.49;1280;42;3274.00;198
8075;32;5491139;8075;609;9353;9551;4.28;0.26;346.44;10.49;1278;42;3275.00;198
8078;32;5491151;8078;619;9363;9563;4.29;0.26;346.42;10.48;1285;42;3276.00;200
8080;32;5491165;8080;623;9365;9563;4.20;0.26;346.37;10.60;1285;42;3277.00;198
8083;32;5491178;8083;628;9366;9563;4.13;0.25;346.27;10.60;1283;42;3278.00;197
8084;32;5491190;8084;639;9368;9563;4.07;0.25;346.23;10.72;1284;43;3279.00;195
8086;32;5491211;8086;640;9368;9563;4.05;0.25;346.18;10.72;1282;43;3280.00;195
8088;32;5491223;8088;647;9370;9563;4.04;0.25;346.16;10.83;1282;43;3281.00;193
8089;32;5491234;8089;646;9371;9564;4.04;0.25;346.18;10.89;1282;43;3282.00;193
8089;33;5491247;8089;647;9372;9564;4.03;0.25;346.18;10.95;1283;44;3283.00;192
8092;33;5491264;8092;653;9377;9570;4.07;0.25;346.17;10.94;1285;44;3284.00;193
8093;33;5491277;8093;651;9378;9572;4.10;0.25;346.17;10.94;1285;44;3285.00;194
8095;33;5491289;8095;653;9381;9572;4.13;0.25;346.11;11.06;1286;44;3286.00;191
8097;33;5491301;8097;654;9381;9572;4.13;0.26;346.03;11.06;1284;44;3287.00;191
8097;33;5491317;8097;655;9384;9576;4.18;0.26;346.03;11.05;1287;44;3288.00;192
8100;33;5491329;8100;652;9384;9576;4.15;0.26;346.11;11.05;1284;44;3289.00;192
8103;33;5491342;8103;659;9386;9576;4.10;0.25;346.15;11.17;1283;44;3290.00;190
8108;33;5491353;8108;654;9387;9577;4.03;0.25;346.12;11.17;1279;45;3291.00;190
8108;33;5491374;8108;656;9390;9581;4.02;0.25;346.12;11.16;1282;45;3292.00;191
8109;33;5491391;8109;664;9390;9581;4.01;0.24;346.12;11.16;1281;45;3293.00;191
8109;33;5491403;8109;665;9392;9584;4.02;0.25;346.12;11.16;1283;45;3294.00;192
8111;33;5491414;8111;661;9392;9584;4.01;0.24;346.05;11.16;1281;45;3295.00;192
8112;33;5491426;8112;661;9393;9584;3.97;0.24;346.07;11.16;1281;45;3296.00;191
8114;33;5491438;8114;660;9393;9584;3.90;0.24;346.00;11.16;1279;45;3297.00;191
8115;33;5491450;8115;660;9397;9588;3.89;0.24;346.02;11.16;1282;45;3298.00;191
8118;33;5491462;8118;659;9397;9588;3.82;0.23;345.99;11.16;1279;45;3299.00;191
8119;33;5491475;8119;651;9402;9607;3.75;0.23;346.01;11.15;1283;45;3300.00;205
8121;33;5491492;8121;620;9402;9607;3.73;0.23;346.04;11.15;1281;45;3301.00;205
8126;33;5491504;8126;602;9402;9608;3.72;0.23;345.92;11.15;1276;45;3302.00;206
8127;33;5491516;8127;588;9403;9609;3.76;0.23;345.94;11.15;1276;45;3303.00;206
8132;33;5491528;8132;583;9403;9609;3.76;0.23;345.91;11.15;1271;45;3304.00;206
8136;33;5491540;8136;583;9405;9610;3.81;0.23;345.96;11.15;1269;45;3305.00;205
8138;33;5491552;8138;579;9406;9610;3.83;0.23;345.96;11.15;1268;45;3306.00;204
8141;33;5491564;8141;567;9406;9610;3.88;0.24;346.08;11.15;1265;45;3307.00;204
8144;33;5491581;8144;557;9406;9610;3.87;0.24;346.02;11.15;1262;45;3308.00;204
8144;33;5491593;8144;553;9406;9610;3.92;0.24;346.02;11.15;1262;45;3309.00;204
8146;33;5491606;8146;551;9407;9610;3.91;0.24;346.00;11.15;1261;45;3310.00;203
8147;33;5491618;8147;546;9408;9610;3.92;0.24;345.99;11.15;1261;45;3311.00;202
8149;33;5491630;8149;539;9471;9737;4.29;0.27;346.01;11.07;1322;45;3312.00;266
8151;34;5491652;8151;539;9476;9738;4.34;0.27;346.00;11.07;1325;46;3313.00;262
8152;34;5491673;8152;536;9483;9738;4.46;0.28;345.96;11.06;1331;46;3314.00;255
8157;34;5491686;8157;536;9485;9738;4.46;0.28;345.87;11.06;1328;46;3315.00;253
8161;34;5491699;8161;531;9491;9738;4.54;0.28;345.88;11.06;1330;46;3316.00;247
8162;34;5491716;8162;535;9493;9738;4.55;0.28;345.90;11.06;1331;46;3317.00;245
8165;34;5491729;8165;529;9497;9738;4.56;0.28;345.90;11.05;1332;46;3318.00;241
8167;34;5491742;8167;528;9501;9738;4.62;0.28;345.91;11.05;1334;46;3319.00;237
8171;34;5491756;8171;530;9504;9739;4.65;0.29;345.97;11.05;1333;46;3320.00;235
8174;34;5491769;8174;531;9507;9740;4.67;0.29;346.06;11.05;1333;46;3321.00;233
8176;34;5491782;8176;526;9512;9740;4.66;0.29;346.05;11.05;1336;46;3322.00;228
8179;34;5491796;8179;522;9514;9741;4.68;0.29;346.18;11.05;1335;46;3323.00;227
8184;34;5491810;8184;515;9516;9741;4.64;0.29;346.30;11.05;1332;46;3324.00;225
8186;34;5491824;8186;522;9519;9741;4.64;0.29;346.39;11.05;1333;46;3325.00;222
8189;34;5491838;8189;519;9522;9741;4.58;0.28;346.39;11.11;1333;46;3326.00;219
8192;34;5491853;8192;517;9524;9745;4.56;0.28;346.35;11.11;1332;46;3327.00;221
8194;34;5491867;8194;528;9525;9745;4.50;0.28;346.33;11.11;1331;46;3328.00;220
8198;34;5491880;8198;528;9526;9745;4.48;0.28;346.28;11.11;1328;46;3329.00;219
8203;34;5491895;8203;525;9529;9751;4.48;0.28;346.54;11.11;1326;46;3330.00;222
8205;34;5491915;8205;534;9531;9751;4.51;0.28;346.61;11.12;1326;46;3331.00;220
8210;34;5491929;8210;527;9531;9751;4.55;0.28;346.61;11.12;1321;46;3332.00;220
8213;34;5491943;8213;522;9535;9755;4.60;0.28;346.75;11.11;1322;46;3333.00;220
8217;34;5491957;8217;524;9540;9756;4.58;0.28;346.88;11.12;1323;46;3334.00;216
8220;34;5491972;8220;523;9540;9756;4.56;0.28;346.99;11.12;1320;46;3335.00;216
8223;34;5491984;8223;528;9544;9760;4.56;0.28;347.04;11.12;1321;46;3336.00;216
8229;34;5491998;8229;523;9545;9760;4.58;0.28;346.96;11.12;1316;46;3337.00;215
8233;34;5492017;8233;523;9546;9760;4.58;0.28;347.03;11.11;1313;46;3338.00;214
8237;34;5492032;8237;521;9550;9761;4.62;0.28;347.04;11.12;1313;46;3339.00;211
8239;34;5492045;8239;517;9550;9761;4.65;0.28;347.10;11.12;1311;46;3340.00;211
8246;34;5492059;8246;525;9555;9767;4.62;0.28;347.17;11.12;1309;46;3341.00;212
8249;34;5492073;8249;518;9557;9767;4.58;0.28;347.21;11.18;1308;46;3342.00;210
8251;34;5492086;8251;511;9559;9768;4.56;0.28;347.26;11.18;1308;46;3343.00;209
8255;34;5492100;8255;506;9559;9768;4.51;0.28;347.35;11.18;1304;46;3344.00;209
8259;34;5492113;8259;507;9561;9768;4.51;0.28;347.53;11.18;1302;46;3345.00;207
8263;34;5492127;8263;507;9561;9768;4.48;0.27;347.56;11.18;1298;46;3346.00;207
8265;34;5492147;8265;495;9561;9768;4.48;0.27;347.61;11.18;1296;46;3347.00;207
8269;34;5492161;8269;491;9572;9780;4.50;0.27;347.68;11.17;1303;46;3348.00;208
8273;34;5492176;8273;483;9572;9780;4.46;0.27;347.72;11.17;1299;46;3349.00;208
8274;34;5492190;8274;476;9572;9780;4.49;0.27;347.77;11.17;1298;46;3350.00;208
8277;34;5492204;8277;473;9572;9780;4.51;0.27;347.92;11.17;1295;46;3351.00;208
8279;34;5492217;8279;460;9572;9780;4.54;0.28;347.93;11.17;1293;46;3352.00;208
8283;34;5492231;8283;462;9573;9780;4.57;0.28;348.14;11.22;1290;46;3353.00;207
8283;34;5492245;8283;464;9576;9784;4.64;0.28;348.14;11.22;1293;46;3354.00;208
8288;34;5492259;8288;459;9576;9784;4.67;0.29;348.24;11.22;1288;46;3355.00;208
8290;34;5492273;8290;444;9580;9788;4.75;0.29;348.38;11.22;1290;46;3356.00;208
8291;34;5492287;8291;429;9581;9789;4.83;0.30;348.45;11.22;1290;46;3357.00;208
8296;34;5492301;8296;422;9581;9789;4.82;0.30;348.88;11.22;1285;46;3358.00;208
8300;34;5492315;8300;423;9581;9789;4.88;0.30;349.08;11.22;1281;46;3359.00;208
8303;34;5492331;8303;429;9604;9818;4.93;0.30;349.05;11.19;1301;46;3360.00;214
8306;34;5492349;8306;422;9605;9818;4.97;0.31;349.24;11.19;1299;46;3361.00;213
8309;34;5492363;8309;422;9606;9818;4.99;0.31;349.36;11.19;1297;46;3362.00;212
8314;34;5492378;8314;425;9607;9819;5.02;0.31;349.49;11.19;1293;46;3363.00;212
8317;34;5492393;8317;423;9607;9820;5.07;0.31;349.60;11.19;1290;46;3364.00;213
8320;34;5492407;8320;432;9607;9820;5.08;0.31;349.71;11.19;1287;46;3365.00;213
8324;34;5492421;8324;429;9609;9823;5.09;0.31;349.73;11.18;1285;46;3366.00;214
8325;34;5492435;8325;432;9609;9823;5.06;0.31;349.85;11.18;1284;46;3367.00;214
8329;34;5492450;8329;429;9610;9823;5.06;0.31;349.97;11.18;1281;46;3368.00;213
8330;34;5492464;8330;434;9610;9823;5.08;0.31;349.99;11.18;1280;46;3369.00;213
8335;34;5492479;8335;441;9615;9829;5.04;0.31;350.05;11.18;1280;46;3370.00;214
8339;34;5492494;8339;434;9615;9829;5.07;0.31;350.03;11.18;1276;46;3371.00;214
8341;34;5492508;8341;448;9615;9829;5.07;0.31;350.10;11.18;1274;46;3372.00;214
8346;34;5492522;8346;444;9615;9829;5.00;0.30;350.12;11.18;1269;46;3373.00;214
8348;34;5492537;8348;444;9618;9833;4.96;0.30;350.10;11.17;1270;46;3374.00;215
8352;34;5492551;8352;441;9620;9835;4.91;0.30;350.17;11.17;1268;46;3375.00;215
8353;34;5492566;8353;443;9620;9835;4.91;0.30;350.18;11.17;1267;46;3376.00;215
8355;34;5492579;8355;442;9621;9836;4.88;0.30;350.13;11.17;1266;46;3377.00;215
8355;34;5492593;8355;452;9621;9836;4.85;0.30;350.13;11.17;1266;46;3378.00;215
8357;34;5492606;8357;455;9622;9836;4.84;0.30;350.15;11.22;1265;46;3379.00;214
8359;34;5492620;8359;454;9622;9836;4.86;0.30;350.12;11.22;1263;46;3380.00;214
8360;34;5492634;8360;449;9622;9836;4.88;0.30;350.19;11.22;1262;46;3381.00;214
8361;34;5492647;8361;452;9622;9836;4.85;0.30;350.16;11.22;1261;46;3382.00;214
8363;34;5492660;8363;458;9622;9836;4.92;0.30;350.30;11.22;1259;46;3383.00;214
8364;34;5492674;8364;467;9661;9906;4.98;0.30;350.28;11.18;1297;46;3384.00;245
8364;34;5492694;8364;463;9661;9907;5.01;0.31;350.28;11.18;1297;46;3385.00;246
8364;34;5492708;8364;460;9666;9907;5.08;0.31;350.28;11.17;1302;46;3386.00;241
8367;34;5492721;8367;463;9666;9907;5.05;0.31;350.26;11.17;1299;46;3387.00;241
8370;34;5492734;8370;473;9669;9907;5.03;0.31;350.25;11.17;1299;46;3388.00;238
8371;34;5492748;8371;466;9670;9907;5.06;0.31;350.24;11.17;1299;46;3389.00;237
8371;34;5492763;8371;459;9673;9907;5.11;0.31;350.24;11.17;1302;46;3390.00;234
8374;35;5492777;8374;456;9676;9907;5.14;0.31;350.27;11.16;1302;47;3391.00;231
8376;35;5492801;8376;455;9679;9908;5.18;0.31;350.36;11.16;1303;47;3392.00;229
8377;35;5492816;8377;448;9681;9909;5.19;0.32;350.38;11.16;1304;47;3393.00;228
8378;35;5492830;8378;443;9683;9909;5.20;0.32;350.39;11.16;1305;47;3394.00;226
8383;35;5492843;8383;436;9686;9913;5.18;0.31;350.43;11.16;1303;47;3395.00;227
8386;35;5492857;8386;435;9687;9913;5.15;0.31;350.55;11.16;1301;47;3396.00;226
8387;35;5492875;8387;430;9688;9913;5.12;0.31;350.54;11.16;1301;47;3397.00;225
8391;35;5492888;8391;425;9688;9913;5.07;0.31;350.73;11.16;1297;47;3398.00;225
8394;35;5492902;8394;424;9694;9919;5.06;0.31;350.80;11.16;1300;47;3399.00;225
8398;35;5492917;8398;428;9695;9919;5.01;0.30;350.93;11.16;1297;47;3400.00;224
8400;35;5492935;8400;435;9695;9919;4.97;0.30;351.00;11.16;1295;47;3401.00;224
8402;35;5492948;8402;443;9697;9922;4.97;0.30;351.11;11.15;1295;47;3402.00;225
8407;35;5492962;8407;442;9699;9922;4.91;0.30;351.15;11.15;1292;47;3403.00;223
8410;35;5492975;8410;445;9699;9922;4.86;0.30;351.17;11.15;1289;47;3404.00;223
8413;35;5492988;8413;441;9701;9923;4.80;0.29;351.17;11.29;1288;47;3405.00;222
8417;35;5493004;8417;440;9703;9924;4.72;0.29;351.16;11.29;1286;47;3406.00;221
8418;35;5493017;8418;455;9703;9924;4.71;0.29;351.17;11.29;1285;47;3407.00;221
8418;35;5493031;8418;459;9713;9937;4.72;0.29;351.17;11.28;1295;47;3408.00;224
8421;35;5493046;8421;464;9713;9937;4.71;0.29;351.09;11.28;1292;47;3409.00;224
8422;35;5493059;8422;472;9713;9937;4.68;0.28;351.08;11.28;1291;47;3410.00;224
8423;35;5493072;8423;472;9714;9938;4.73;0.29;351.10;11.28;1291;47;3411.00;224
8424;35;5493086;8424;478;9715;9938;4.75;0.29;351.20;11.28;1291;47;3412.00;223
8427;35;5493098;8427;481;9718;9942;4.75;0.29;351.21;11.27;1291;47;3413.00;224
8430;35;5493113;8430;481;9718;9942;4.74;0.29;351.18;11.27;1288;47;3414.00;224
8434;35;5493126;8434;487;9721;9946;4.67;0.28;351.11;11.27;1287;47;3415.00;225
8434;35;5493139;8434;493;9723;9946;4.65;0.28;351.11;11.27;1289;47;3416.00;223
8435;35;5493152;8435;496;9723;9946;4.66;0.28;351.10;11.27;1288;47;3417.00;223
8437;35;5493165;8437;505;9723;9946;4.65;0.28;351.05;11.27;1286;47;3418.00;223
8440;35;5493179;8440;508;9723;9946;4.59;0.28;351.00;11.27;1283;47;3419.00;223
8441;35;5493193;8441;509;9746;9980;4.67;0.29;350.97;11.24;1305;47;3420.00;234
8443;35;5493209;8443;513;9749;9980;4.58;0.28;350.96;11.24;1306;47;3421.00;231
8444;35;5493222;8444;508;9751;9980;4.57;0.28;350.95;11.24;1307;47;3422.00;229
8444;35;5493235;8444;508;9752;9980;4.56;0.28;350.95;11.24;1308;47;3423.00;228
8444;35;5493249;8444;508;9752;9980;4.57;0.28;350.95;11.24;1308;47;3424.00;228
8445;35;5493262;8445;510;9752;9980;4.49;0.28;350.97;11.24;1307;47;3425.00;228
8449;35;5493281;8449;514;9752;9981;4.39;0.27;350.99;11.24;1303;47;3426.00;229
8451;35;5493295;8451;515;9752;9981;4.37;0.27;350.99;11.24;1301;47;3427.00;229
8454;35;5493308;8454;523;9757;9987;4.34;0.27;350.94;11.23;1303;47;3428.00;230
8455;35;5493322;8455;535;9759;9988;4.29;0.26;350.92;11.30;1304;47;3429.00;229
8458;35;5493335;8458;546;9759;9988;4.26;0.26;350.87;11.30;1301;47;3430.00;229
8459;35;5493348;8459;544;9759;9988;4.22;0.26;350.85;11.30;1300;47;3431.00;229
8461;36;5493361;8461;555;9762;9992;4.18;0.26;350.79;11.30;1301;48;3432.00;230
8462;36;5493389;8462;560;9763;9992;4.13;0.25;350.83;11.36;1301;48;3433.00;229
8465;36;5493402;8465;568;9763;9992;4.05;0.25;350.81;11.36;1298;48;3434.00;229
8467;36;5493415;8467;581;9765;9993;3.95;0.24;350.75;11.43;1298;48;3435.00;228
8467;36;5493428;8467;586;9768;9997;3.92;0.24;350.75;11.43;1301;48;3436.00;229
8469;36;5493440;8469;588;9769;9997;3.87;0.24;350.70;11.50;1300;48;3437.00;228
8469;36;5493453;8469;604;9771;10000;3.84;0.24;350.70;11.49;1302;48;3438.00;229
8470;36;5493471;8470;601;9772;10000;3.78;0.23;350.66;11.56;1302;48;3439.00;228
8472;36;5493483;8472;612;9773;10000;3.74;0.23;350.61;11.56;1301;48;3440.00;227
8473;36;5493495;8473;623;9773;10000;3.70;0.23;350.59;11.56;1300;48;3441.00;227
8474;36;5493507;8474;620;9778;10004;3.70;0.23;350.58;11.62;1304;48;3442.00;226
8474;36;5493519;8474;628;9778;10004;3.70;0.23;350.58;11.62;1304;48;3443.00;226
8474;36;5493530;8474;634;9780;10004;3.68;0.23;350.58;11.76;1306;48;3444.00;224
8474;36;5493542;8474;640;9780;10004;3.65;0.22;350.58;11.76;1306;48;3445.00;224
8475;36;5493554;8475;649;9780;10005;3.57;0.22;350.55;11.76;1305;48;3446.00;225
8476;36;5493566;8476;652;9783;10006;3.52;0.22;350.55;11.89;1307;48;3447.00;223
8477;36;5493578;8477;643;9785;10006;3.48;0.21;350.56;12.02;1308;48;3448.00;221
8479;36;5493590;8479;628;9786;10007;3.49;0.21;350.52;12.02;1307;48;3449.00;221
8479;36;5493603;8479;623;9788;10007;3.50;0.21;350.52;12.15;1309;48;3450.00;219
8481;36;5493616;8481;616;9788;10007;3.50;0.21;350.47;12.15;1307;48;3451.00;219
8481;36;5493628;8481;604;9790;10007;3.55;0.22;350.47;12.28;1309;48;3452.00;217
8483;36;5493640;8483;596;9790;10007;3.58;0.22;350.42;12.28;1307;48;3453.00;217
8486;36;5493653;8486;587;9790;10007;3.60;0.22;350.40;12.28;1304;48;3454.00;217
8487;36;5493670;8487;589;9790;10007;3.65;0.22;350.37;12.28;1303;48;3455.00;217
8489;36;5493683;8489;598;9859;10134;4.00;0.25;350.36;12.32;1370;48;3456.00;275
8490;36;5493705;8490;585;9864;10135;4.01;0.25;350.39;12.31;1374;48;3457.00;271
8492;36;5493718;8492;571;9875;10135;4.09;0.25;350.32;12.43;1383;48;3458.00;260
8493;36;5493731;8493;570;9877;10135;4.14;0.25;350.33;12.43;1384;48;3459.00;258
8493;36;5493744;8493;576;9883;10135;4.19;0.26;350.33;12.42;1390;48;3460.00;252
8495;36;5493756;8495;572;9886;10135;4.18;0.26;350.30;12.54;1391;48;3461.00;249
8497;36;5493769;8497;568;9891;10135;4.20;0.26;350.30;12.54;1394;48;3462.00;244
8499;36;5493787;8499;578;9894;10135;4.20;0.26;350.28;12.54;1395;48;3463.00;241
8503;36;5493801;8503;574;9897;10136;4.21;0.26;350.34;12.66;1394;48;3464.00;239
8506;36;5493814;8506;561;9900;10138;4.24;0.26;350.31;12.66;1394;48;3465.00;238
8507;36;5493833;8507;553;9902;10138;4.28;0.26;350.33;12.66;1395;48;3466.00;236
8511;36;5493846;8511;551;9904;10139;4.27;0.26;350.36;12.66;1393;48;3467.00;235
8512;36;5493860;8512;544;9908;10139;4.29;0.26;350.34;12.66;1396;48;3468.00;231
8512;36;5493873;8512;540;9910;10139;4.30;0.26;350.34;12.66;1398;48;3469.00;229
8516;36;5493886;8516;542;9912;10139;4.25;0.26;350.46;12.66;1396;48;3470.00;227
8518;36;5493900;8518;544;9914;10143;4.28;0.26;350.47;12.66;1396;48;3471.00;229
8521;36;5493914;8521;539;9916;10143;4.29;0.26;350.43;12.66;1395;48;3472.00;227
8524;36;5493928;8524;539;9917;10143;4.31;0.26;350.52;12.66;1393;48;3473.00;226
8528;36;5493941;8528;526;9918;10146;4.31;0.26;350.50;12.65;1390;48;3474.00;228
8531;36;5493957;8531;520;9918;10146;4.30;0.26;350.46;12.65;1387;48;3475.00;228
8536;36;5493971;8536;518;9918;10146;4.29;0.26;350.58;12.65;1382;48;3476.00;228
8538;36;5493985;8538;513;9922;10150;4.33;0.26;350.57;12.65;1384;48;3477.00;228
8541;36;5493999;8541;512;9923;10151;4.33;0.26;350.83;12.65;1382;48;3478.00;228
8548;36;5494014;8548;502;9924;10151;4.34;0.26;350.74;12.65;1376;48;3479.00;227
8552;36;5494030;8552;497;9929;10156;4.36;0.27;350.79;12.65;1377;48;3480.00;227
8553;36;5494045;8553;500;9930;10156;4.44;0.27;350.79;12.65;1377;48;3481.00;226
8556;36;5494059;8556;505;9930;10156;4.51;0.27;350.90;12.65;1374;48;3482.00;226
8560;36;5494074;8560;497;9930;10157;4.59;0.28;351.00;12.65;1370;48;3483.00;227
8562;36;5494088;8562;501;9930;10157;4.64;0.28;350.98;12.65;1368;48;3484.00;227
8568;36;5494104;8568;501;9934;10163;4.69;0.28;351.22;12.64;1366;48;3485.00;229
8569;36;5494119;8569;496;9934;10163;4.78;0.29;351.33;12.64;1365;48;3486.00;229
8572;36;5494134;8572;496;9934;10164;4.79;0.29;351.33;12.64;1362;48;3487.00;230
8576;36;5494149;8576;491;9934;10164;4.78;0.29;351.53;12.64;1358;48;3488.00;230
8576;36;5494169;8576;492;9934;10164;4.78;0.29;351.53;12.64;1358;48;3489.00;230
8580;36;5494184;8580;484;9934;10164;4.73;0.29;351.65;12.64;1354;48;3490.00;230
8583;36;5494199;8583;478;9934;10164;4.71;0.29;351.83;12.64;1351;48;3491.00;230
8587;36;5494214;8587;475;9941;10176;4.69;0.28;351.99;12.63;1354;48;3492.00;235
8591;36;5494230;8591;480;9941;10176;4.67;0.28;352.23;12.63;1350;48;3493.00;235
8592;36;5494245;8592;476;9941;10176;4.71;0.29;352.28;12.63;1349;48;3494.00;235
8595;36;5494260;8595;483;9941;10176;4.71;0.29;352.37;12.63;1346;48;3495.00;235
8600;36;5494275;8600;480;9941;10176;4.71;0.29;352.39;12.63;1341;48;3496.00;235
8603;36;5494290;8603;474;9941;10176;4.67;0.28;352.59;12.63;1338;48;3497.00;235
8607;36;5494304;8607;477;9944;10180;4.69;0.28;352.73;12.63;1337;48;3498.00;236
8611;36;5494320;8611;471;9945;10180;4.70;0.28;352.83;12.63;1334;48;3499.00;235
8617;36;5494335;8617;460;9947;10184;4.72;0.29;352.85;12.63;1330;48;3500.00;237
8620;36;5494355;8620;469;9947;10185;4.73;0.29;352.94;12.63;1327;48;3501.00;238
8624;36;5494370;8624;473;9948;10185;4.76;0.29;352.92;12.63;1324;48;3502.00;237
8628;36;5494385;8628;465;9948;10185;4.74;0.29;352.93;12.63;1320;48;3503.00;237
8632;36;5494405;8632;469;9957;10198;4.78;0.29;352.97;12.62;1325;48;3504.00;241
8636;36;5494421;8636;476;9960;10198;4.76;0.29;353.04;12.69;1324;48;3505.00;238
8638;36;5494437;8638;469;9960;10198;4.76;0.29;353.07;12.69;1322;48;3506.00;238
8643;36;5494452;8643;477;9961;10199;4.70;0.29;353.14;12.69;1318;48;3507.00;238
8647;36;5494466;8647;474;9962;10200;4.65;0.28;353.24;12.69;1315;48;3508.00;238
8650;36;5494481;8650;479;9962;10200;4.65;0.28;353.21;12.69;1312;48;3509.00;238
8653;36;5494497;8653;485;9964;10206;4.67;0.29;353.22;12.69;1311;48;3510.00;242
8656;36;5494512;8656;487;9964;10206;4.66;0.28;353.30;12.69;1308;48;3511.00;242
8658;36;5494526;8658;479;9969;10206;4.65;0.28;353.36;12.69;1311;48;3512.00;237
8663;36;5494541;8663;472;9971;10206;4.64;0.28;353.42;12.69;1308;48;3513.00;235
8665;37;5494557;8665;464;9974;10212;4.68;0.28;353.44;12.68;1309;49;3514.00;238
8667;37;5494581;8667;459;9975;10212;4.73;0.29;353.48;12.68;1308;49;3515.00;237
8670;37;5494599;8670;460;9976;10212;4.79;0.29;353.64;12.68;1306;49;3516.00;236
8672;37;5494621;8672;453;9977;10212;4.81;0.29;353.61;12.68;1305;49;3517.00;235
8674;37;5494641;8674;460;9980;10216;4.84;0.29;353.67;12.68;1306;49;3518.00;236
8677;37;5494656;8677;469;9983;10219;4.81;0.29;353.60;12.68;1306;49;3519.00;236
8681;37;5494672;8681;468;9983;10219;4.81;0.29;353.68;12.68;1302;49;3520.00;236
8684;38;5494687;8684;456;9984;10220;4.87;0.30;353.77;12.74;1300;50;3521.00;236
8687;38;5494719;8687;451;9985;10220;4.88;0.30;353.83;12.74;1298;50;3522.00;235
8688;38;5494743;8688;456;9985;10220;4.94;0.30;353.84;12.74;1297;50;3523.00;235
8694;38;5494760;8694;447;9986;10220;4.94;0.30;353.96;12.74;1292;50;3524.00;234
8697;38;5494775;8697;445;9987;10220;4.94;0.30;353.99;12.74;1290;50;3525.00;233
8700;38;5494793;8700;441;9988;10220;4.93;0.30;354.20;12.74;1288;50;3526.00;232
8704;38;5494814;8704;441;9990;10220;4.90;0.30;354.33;12.74;1286;50;3527.00;230
8705;38;5494829;8705;459;10025;10290;4.86;0.30;354.35;12.70;1320;50;3528.00;265
8706;38;5494854;8706;456;10025;10291;4.86;0.30;354.40;12.70;1319;50;3529.00;266
8709;38;5494872;8709;459;10029;10291;4.87;0.30;354.46;12.69;1320;50;3530.00;262
8711;38;5494888;8711;460;10029;10291;4.90;0.30;354.51;12.69;1318;50;3531.00;262
8713;38;5494903;8713;453;10034;10291;4.92;0.30;354.65;12.69;1321;50;3532.00;257
8715;38;5494919;8715;453;10035;10291;4.96;0.30;354.68;12.69;1320;50;3533.00;256
8718;38;5494934;8718;453;10037;10291;4.96;0.30;354.78;12.69;1319;50;3534.00;254
8722;38;5494949;8722;455;10038;10291;4.98;0.30;354.86;12.69;1316;50;3535.00;253
8725;38;5494965;8725;450;10039;10292;4.99;0.30;354.91;12.69;1314;50;3536.00;253
8726;38;5494980;8726;446;10041;10293;5.00;0.30;354.91;12.68;1315;50;3537.00;252
8729;38;5494995;8729;446;10044;10293;5.05;0.31;355.01;12.68;1315;50;3538.00;249
8731;38;5495010;8731;449;10049;10297;5.08;0.31;355.04;12.75;1318;50;3539.00;248
8735;38;5495027;8735;450;10051;10297;5.09;0.31;355.07;12.74;1316;50;3540.00;246
8738;38;5495041;8738;446;10052;10297;5.07;0.31;355.06;12.74;1314;50;3541.00;245
8742;38;5495056;8742;455;10053;10297;5.01;0.30;355.10;12.74;1311;50;3542.00;244
8743;38;5495071;8743;460;10057;10303;5.00;0.30;355.15;12.74;1314;50;3543.00;246
8746;38;5495086;8746;470;10059;10303;4.96;0.30;355.26;12.74;1313;50;3544.00;244
8747;38;5495102;8747;474;10061;10303;4.93;0.30;355.27;12.74;1314;50;3545.00;242
8750;38;5495116;8750;469;10063;10306;4.88;0.30;355.39;12.74;1313;50;3546.00;243
8750;38;5495132;8750;481;10064;10306;4.86;0.29;355.39;12.74;1314;50;3547.00;242
8751;38;5495146;8751;491;10067;10306;4.81;0.29;355.37;12.74;1316;50;3548.00;239
8751;38;5495161;8751;487;10068;10307;4.77;0.29;355.37;12.74;1317;50;3549.00;239
8752;38;5495175;8752;490;10070;10308;4.72;0.29;355.46;12.74;1318;50;3550.00;238
8753;38;5495189;8753;494;10071;10308;4.66;0.28;355.45;12.74;1318;50;3551.00;237
8755;38;5495204;8755;508;10082;10321;4.65;0.28;355.42;12.73;1327;50;3552.00;239
8756;38;5495221;8756;511;10083;10321;4.61;0.28;355.39;12.73;1327;50;3553.00;238
8761;38;5495238;8761;521;10083;10321;4.54;0.27;355.43;12.73;1322;50;3554.00;238
8763;38;5495255;8763;515;10085;10323;4.51;0.27;355.40;12.72;1322;50;3555.00;238
8764;38;5495272;8764;505;10086;10323;4.48;0.27;355.39;12.79;1322;50;3556.00;237
8764;38;5495290;8764;496;10090;10327;4.52;0.27;355.39;12.79;1326;50;3557.00;237
8764;38;5495318;8764;495;10090;10327;4.54;0.28;355.39;12.79;1326;50;3558.00;237
8766;38;5495341;8766;492;10093;10331;4.56;0.28;355.39;12.78;1327;50;3559.00;238
8767;38;5495366;8767;488;10093;10331;4.63;0.28;355.38;12.78;1326;50;3560.00;238
8772;38;5495391;8772;483;10093;10331;4.65;0.28;355.45;12.78;1321;50;3561.00;238
8774;38;5495413;8774;485;10093;10331;4.67;0.28;355.41;12.78;1319;50;3562.00;238
8775;38;5495432;8775;477;10093;10331;4.73;0.29;355.42;12.78;1318;50;3563.00;238
8779;38;5495450;8779;469;10103;10343;4.82;0.29;355.39;12.77;1324;50;3564.00;240
8780;38;5495466;8780;467;10103;10343;4.86;0.30;355.40;12.77;1323;50;3565.00;240
8781;38;5495481;8781;472;10104;10343;4.92;0.30;355.39;12.77;1323;50;3566.00;239
8783;38;5495496;8783;472;10104;10343;4.92;0.30;355.43;12.77;1321;50;3567.00;239
8786;38;5495511;8786;470;10104;10343;4.94;0.30;355.42;12.77;1318;50;3568.00;239
8790;38;5495525;8790;481;10104;10343;4.90;0.30;355.37;12.77;1314;50;3569.00;239
8794;38;5495542;8794;484;10106;10344;4.86;0.30;355.37;12.91;1312;50;3570.00;238
8799;38;5495560;8799;480;10106;10344;4.82;0.29;355.32;12.91;1307;50;3571.00;238
8801;39;5495575;8801;488;10111;10350;4.84;0.29;355.27;12.90;1310;51;3572.00;239
8806;39;5495606;8806;495;10111;10351;4.77;0.29;355.19;12.90;1305;51;3573.00;240
8808;39;5495637;8808;502;10113;10351;4.79;0.29;355.16;12.97;1305;51;3574.00;238
8810;39;5495652;8810;502;10113;10351;4.77;0.29;355.15;12.97;1303;51;3575.00;238
8814;39;5495667;8814;504;10116;10355;4.78;0.29;355.17;12.97;1302;51;3576.00;239
8815;39;5495685;8815;506;10116;10355;4.77;0.29;355.17;12.97;1301;51;3577.00;239
8816;39;5495701;8816;508;10116;10355;4.73;0.29;355.13;12.97;1300;51;3578.00;239
8818;39;5495716;8818;516;10117;10356;4.70;0.29;355.19;12.97;1299;51;3579.00;239
8819;39;5495730;8819;525;10120;10360;4.68;0.29;355.23;12.96;1301;51;3580.00;240
8822;39;5495745;8822;525;10120;10360;4.60;0.28;355.19;12.96;1298;51;3581.00;240
8823;39;5495760;8823;525;10122;10363;4.57;0.28;355.23;12.96;1299;51;3582.00;241
8826;39;5495774;8826;532;10123;10363;4.54;0.28;355.34;12.96;1297;51;3583.00;240
8828;39;5495788;8828;524;10123;10363;4.46;0.27;355.34;12.96;1295;51;3584.00;240
8828;39;5495802;8828;531;10123;10363;4.41;0.27;355.34;12.96;1295;51;3585.00;240
8834;39;5495816;8834;540;10127;10367;4.40;0.27;355.25;12.95;1293;51;3586.00;240
8834;39;5495830;8834;541;10127;10367;4.37;0.27;355.25;12.95;1293;51;3587.00;240
8835;39;5495843;8835;549;10127;10367;4.36;0.27;355.21;12.95;1292;51;3588.00;240
8835;39;5495856;8835;544;10127;10367;4.32;0.26;355.21;12.95;1292;51;3589.00;240
8838;39;5495871;8838;549;10127;10368;4.24;0.26;355.26;12.95;1289;51;3590.00;241
8840;39;5495887;8840;540;10128;10369;4.18;0.26;355.24;12.95;1288;51;3591.00;241
8843;39;5495901;8843;539;10128;10369;4.08;0.25;355.25;12.95;1285;51;3592.00;241
8847;39;5495914;8847;545;10129;10370;4.02;0.24;355.38;12.95;1282;51;3593.00;241
8848;39;5495927;8848;549;10129;10370;3.98;0.24;355.38;12.95;1281;51;3594.00;241
8848;39;5495940;8848;538;10130;10370;3.98;0.24;355.38;13.02;1282;51;3595.00;240
8849;39;5495953;8849;531;10130;10370;4.01;0.24;355.37;13.02;1281;51;3596.00;240
8850;39;5495966;8850;524;10130;10370;4.08;0.25;355.35;13.02;1280;51;3597.00;240
8850;39;5495984;8850;521;10132;10370;4.06;0.25;355.35;13.16;1282;51;3598.00;238
8850;39;5495997;8850;522;10132;10370;4.12;0.25;355.35;13.16;1282;51;3599.00;238
8852;39;5496012;8852;559;10235;10623;4.48;0.28;355.35;13.03;1383;51;3600.00;388
8853;39;5496050;8853;555;10242;10624;4.52;0.28;355.34;13.09;1389;51;3601.00;382
8854;39;5496069;8854;541;10255;10624;4.60;0.29;355.32;13.08;1401;51;3602.00;369
8855;39;5496084;8855;539;10263;10624;4.65;0.29;355.31;13.21;1408;51;3603.00;361
8856;39;5496097;8856;534;10274;10624;4.66;0.29;355.29;13.27;1418;51;3604.00;350
8856;39;5496117;8856;538;10278;10624;4.67;0.29;355.29;13.34;1422;51;3605.00;346
8857;39;5496131;8857;532;10286;10624;4.70;0.29;355.26;13.33;1429;51;3606.00;338
8858;39;5496146;8858;531;10295;10624;4.74;0.29;355.24;13.46;1437;51;3607.00;329
8858;39;5496161;8858;535;10300;10625;4.74;0.29;355.24;13.46;1442;51;3608.00;325
8861;39;5496175;8861;541;10308;10626;4.71;0.29;355.17;13.46;1447;51;3609.00;318
8861;39;5496196;8861;544;10314;10626;4.70;0.29;355.17;13.59;1453;51;3610.00;312
8862;39;5496211;8862;548;10318;10627;4.69;0.29;355.16;13.59;1456;51;3611.00;309
8864;39;5496226;8864;554;10322;10627;4.64;0.29;355.17;13.59;1458;51;3612.00;305
8867;39;5496241;8867;567;10329;10627;4.59;0.28;355.07;13.73;1462;51;3613.00;298
8868;39;5496256;8868;570;10330;10627;4.58;0.28;355.06;13.73;1462;51;3614.00;297
8873;40;5496271;8873;566;10337;10631;4.52;0.28;354.94;13.73;1464;52;3615.00;294
8874;40;5496302;8874;563;10339;10631;4.50;0.28;354.92;13.87;1465;52;3616.00;292
8874;40;5496317;8874;567;10342;10631;4.51;0.28;354.92;13.87;1468;52;3617.00;289
8874;40;5496332;8874;570;10346;10634;4.50;0.28;354.92;13.87;1472;52;3618.00;288
8877;40;5496354;8877;574;10349;10634;4.50;0.28;354.92;13.87;1472;52;3619.00;285
8879;40;5496370;8879;578;10351;10634;4.46;0.27;354.91;13.87;1472;52;3620.00;283
8880;40;5496398;8880;585;10356;10638;4.42;0.27;354.96;13.87;1476;52;3621.00;282
8882;40;5496421;8882;591;10360;10639;4.42;0.27;355.03;13.87;1478;52;3622.00;279
8882;40;5496438;8882;606;10363;10639;4.43;0.27;355.03;13.87;1481;52;3623.00;276
8885;40;5496455;8885;607;10366;10643;4.44;0.27;355.08;13.87;1481;52;3624.00;277
8888;40;5496472;8888;607;10367;10643;4.45;0.27;355.07;13.87;1479;52;3625.00;276
8890;40;5496490;8890;610;10368;10643;4.47;0.27;355.07;13.87;1478;53;3626.00;275
8892;41;5496513;8892;605;10369;10644;4.46;0.27;355.06;13.87;1477;54;3627.00;275
8895;41;5496547;8895;606;10374;10644;4.42;0.27;355.12;13.88;1479;54;3628.00;270
8897;41;5496574;8897;618;10379;10650;4.42;0.27;355.19;13.87;1482;54;3629.00;271
8899;41;5496593;8899;606;10380;10650;4.36;0.27;355.24;13.87;1481;54;3630.00;270
8901;41;5496617;8901;608;10380;10651;4.30;0.26;355.29;13.87;1479;54;3631.00;271
8906;41;5496633;8906;604;10382;10651;4.23;0.26;355.34;13.88;1476;54;3632.00;269
8908;41;5496649;8908;611;10385;10651;4.22;0.26;355.32;13.88;1477;54;3633.00;266
8910;41;5496665;8910;612;10387;10651;4.25;0.26;355.34;13.88;1477;54;3634.00;264
8914;41;5496682;8914;614;10387;10651;4.24;0.26;355.47;13.88;1473;55;3635.00;264
8916;41;5496709;8916;609;10394;10663;4.29;0.26;355.50;13.87;1478;55;3636.00;269
8919;41;5496727;8919;598;10394;10663;4.33;0.27;355.57;13.87;1475;55;3637.00;269
8920;41;5496743;8920;593;10395;10663;4.37;0.27;355.61;13.87;1475;55;3638.00;268
8925;41;5496759;8925;596;10395;10663;4.41;0.27;355.72;13.87;1470;55;3639.00;268
8931;41;5496776;8931;595;10396;10663;4.42;0.27;355.83;13.87;1465;55;3640.00;267
8932;41;5496793;8932;592;10396;10663;4.48;0.27;355.84;13.87;1464;55;3641.00;267
8936;41;5496808;8936;581;10399;10667;4.50;0.28;355.96;13.87;1463;55;3642.00;268
8941;41;5496824;8941;577;10399;10667;4.50;0.28;356.02;13.87;1458;55;3643.00;268
8942;41;5496845;8942;581;10402;10671;4.52;0.28;356.06;13.86;1460;55;3644.00;269
8946;41;5496863;8946;578;10404;10673;4.55;0.28;356.16;13.86;1458;55;3645.00;269
8947;41;5496882;8947;583;10404;10673;4.59;0.28;356.17;13.86;1457;55;3646.00;269
8954;41;5496898;8954;575;10404;10673;4.57;0.28;356.49;13.86;1450;55;3647.00;269
8957;41;5496914;8957;580;10412;10686;4.59;0.28;356.49;13.85;1455;55;3648.00;274
8960;41;5496930;8960;565;10412;10686;4.65;0.29;356.64;13.85;1452;55;3649.00;274
8964;41;5496946;8964;560;10412;10686;4.70;0.29;356.75;13.85;1448;55;3650.00;274
8973;41;5496962;8973;564;10412;10687;4.67;0.29;356.94;13.85;1439;55;3651.00;275
8976;41;5496978;8976;563;10412;10688;4.68;0.29;357.17;13.85;1436;55;3652.00;276
8983;41;5496995;8983;557;10412;10688;4.66;0.29;357.40;13.85;1429;55;3653.00;276
8987;41;5497010;8987;558;10414;10691;4.72;0.29;357.32;13.85;1427;55;3654.00;277
8991;41;5497026;8991;557;10414;10691;4.72;0.29;357.44;13.85;1423;55;3655.00;277
8995;41;5497041;8995;558;10414;10691;4.73;0.29;357.40;13.85;1419;55;3656.00;277
8997;41;5497056;8997;560;10414;10691;4.76;0.29;357.53;13.85;1417;55;3657.00;277
9001;41;5497071;9001;557;10419;10697;4.73;0.29;357.66;13.84;1418;55;3658.00;278
9005;41;5497086;9005;551;10419;10697;4.73;0.29;357.66;13.84;1414;55;3659.00;278
9008;41;5497103;9008;555;10420;10697;4.72;0.29;357.66;13.85;1412;55;3660.00;277
9012;41;5497118;9012;561;10422;10697;4.67;0.29;357.68;13.85;1410;55;3661.00;275
9017;41;5497133;9017;555;10426;10701;4.63;0.28;357.73;13.85;1409;55;3662.00;275
9021;41;5497154;9021;555;10427;10702;4.62;0.28;357.79;13.85;1406;55;3663.00;275
9025;41;5497171;9025;563;10428;10702;4.61;0.28;357.97;13.85;1403;55;3664.00;274
9032;41;5497186;9032;561;10428;10703;4.57;0.28;358.24;13.85;1396;55;3665.00;275
9034;41;5497201;9034;573;10429;10703;4.54;0.28;358.34;13.85;1395;55;3666.00;274
9037;41;5497216;9037;574;10430;10703;4.53;0.28;358.40;13.85;1393;55;3667.00;273
9042;41;5497231;9042;571;10430;10703;4.49;0.27;358.41;13.85;1388;55;3668.00;273
9045;41;5497246;9045;578;10431;10703;4.48;0.27;358.57;13.85;1386;55;3669.00;272
9050;41;5497261;9050;577;10433;10703;4.47;0.27;358.65;13.92;1383;55;3670.00;270
9056;41;5497276;9056;567;10433;10703;4.42;0.27;358.86;13.92;1377;55;3671.00;270
9059;41;5497291;9059;574;10469;10773;4.43;0.27;358.92;13.88;1410;55;3672.00;304
9064;41;5497310;9064;575;10469;10774;4.39;0.27;359.00;13.88;1405;55;3673.00;305
9068;41;5497333;9068;576;10475;10774;4.40;0.27;358.97;13.87;1407;55;3674.00;299
9072;41;5497348;9072;579;10475;10774;4.39;0.27;358.98;13.87;1403;55;3675.00;299
9076;41;5497362;9076;580;10479;10774;4.37;0.27;359.13;13.87;1403;55;3676.00;295
9079;41;5497377;9079;573;10480;10774;4.34;0.26;359.25;13.87;1401;55;3677.00;294
9082;41;5497391;9082;565;10481;10774;4.32;0.26;359.21;13.87;1399;55;3678.00;293
9084;41;5497406;9084;557;10483;10774;4.27;0.26;359.27;13.87;1399;55;3679.00;291
9087;41;5497421;9087;559;10485;10775;4.20;0.25;359.37;13.86;1398;55;3680.00;290
9091;41;5497436;9091;556;10488;10776;4.12;0.25;359.44;13.86;1397;55;3681.00;288
9093;41;5497459;9093;555;10490;10776;4.07;0.25;359.49;13.86;1397;55;3682.00;286
9094;41;5497475;9094;568;10493;10780;4.03;0.24;359.61;13.86;1399;55;3683.00;287
9095;41;5497493;9095;566;10495;10780;4.06;0.25;359.67;13.86;1400;55;3684.00;285
9099;41;5497509;9099;567;10495;10780;4.04;0.25;359.80;13.86;1396;55;3685.00;285
9100;41;5497530;9100;555;10497;10780;4.07;0.25;359.79;13.86;1397;55;3686.00;283
9101;41;5497546;9101;543;10501;10786;4.15;0.25;359.87;13.85;1400;55;3687.00;285
9103;41;5497565;9103;546;10504;10786;4.18;0.25;359.84;13.93;1401;55;3688.00;282
9107;41;5497581;9107;547;10505;10786;4.16;0.25;359.88;13.93;1398;55;3689.00;281
9111;41;5497599;9111;556;10509;10792;4.16;0.25;360.18;13.93;1398;55;3690.00;283
9113;41;5497614;9113;551;10510;10792;4.21;0.26;360.14;13.93;1397;55;3691.00;282
9116;41;5497635;9116;558;10514;10792;4.24;0.26;360.24;13.92;1398;55;3692.00;278
9119;41;5497651;9119;564;10514;10793;4.28;0.26;360.30;13.92;1395;55;3693.00;279
9123;41;5497667;9123;565;10515;10794;4.29;0.26;360.37;13.92;1392;55;3694.00;279
9124;41;5497683;9124;580;10516;10794;4.28;0.26;360.42;13.93;1392;55;3695.00;278
9127;41;5497698;9127;583;10526;10807;4.25;0.26;360.43;13.91;1399;55;3696.00;281
9129;41;5497716;9129;578;10528;10807;4.22;0.26;360.45;13.91;1399;55;3697.00;279
9131;41;5497733;9131;575;10528;10807;4.19;0.26;360.54;13.91;1397;55;3698.00;279
9133;41;5497749;9133;578;10529;10808;4.19;0.26;360.66;13.91;1396;55;3699.00;279
9135;41;5497765;9135;575;10530;10808;4.16;0.25;360.68;13.91;1395;55;3700.00;278
9137;41;5497783;9137;581;10535;10812;4.16;0.25;360.79;13.92;1398;55;3701.00;277
9139;41;5497797;9139;580;10535;10812;4.16;0.25;360.80;13.92;1396;55;3702.00;277
9142;41;5497812;9142;580;10540;10816;4.15;0.25;360.95;13.92;1398;55;3703.00;276
9145;41;5497827;9145;576;10540;10816;4.17;0.25;360.95;13.92;1395;55;3704.00;276
9146;41;5497842;9146;568;10541;10816;4.23;0.26;361.03;13.92;1395;55;3705.00;275
9148;41;5497857;9148;564;10541;10816;4.23;0.26;361.06;13.92;1393;55;3706.00;275
9149;41;5497871;9149;563;10541;10816;4.24;0.26;361.06;13.92;1392;55;3707.00;275
9153;41;5497885;9153;567;10551;10828;4.24;0.26;360.98;13.91;1398;55;3708.00;277
9154;41;5497900;9154;570;10551;10828;4.20;0.26;360.95;13.91;1397;55;3709.00;277
9156;41;5497915;9156;572;10552;10828;4.18;0.25;360.91;13.90;1396;55;3710.00;276
9159;41;5497929;9159;578;10552;10828;4.14;0.25;360.86;13.90;1393;55;3711.00;276
9162;41;5497943;9162;576;10552;10828;4.14;0.25;360.87;13.90;1390;55;3712.00;276
9162;41;5497957;9162;584;10552;10828;4.15;0.25;360.87;13.90;1390;55;3713.00;276
9163;41;5497970;9163;587;10552;10829;4.15;0.25;360.93;13.90;1389;55;3714.00;277
9163;41;5497990;9163;585;10552;10829;4.19;0.26;360.93;13.90;1389;55;3715.00;277
9167;41;5498003;9167;601;10557;10835;4.21;0.26;360.96;13.90;1390;55;3716.00;278
9167;41;5498018;9167;596;10558;10836;4.25;0.26;360.96;13.90;1391;55;3717.00;278
9168;41;5498033;9168;602;10558;10836;4.23;0.26;360.98;13.90;1390;55;3718.00;278
9169;41;5498047;9169;613;10558;10836;4.20;0.26;360.97;13.90;1389;55;3719.00;278
9171;41;5498063;9171;606;10561;10841;4.16;0.25;360.92;13.89;1390;55;3720.00;280
9174;41;5498077;9174;616;10562;10841;4.12;0.25;360.85;13.89;1388;55;3721.00;279
9176;41;5498092;9176;613;10562;10841;4.11;0.25;360.81;13.89;1386;55;3722.00;279
9177;41;5498106;9177;612;10563;10842;4.14;0.25;360.78;13.89;1386;55;3723.00;279
9178;41;5498121;9178;613;10566;10846;4.19;0.26;360.74;13.89;1388;55;3724.00;280
9182;41;5498135;9182;601;10567;10846;4.18;0.26;360.67;13.97;1385;55;3725.00;279
9184;41;5498150;9184;596;10569;10849;4.22;0.26;360.69;13.96;1385;55;3726.00;280
9186;41;5498164;9186;591;10569;10849;4.26;0.26;360.68;13.96;1383;55;3727.00;280
9190;41;5498179;9190;587;10570;10849;4.29;0.26;360.72;13.96;1380;55;3728.00;279
9191;41;5498194;9191;589;10570;10849;4.33;0.26;360.72;13.96;1379;55;3729.00;279
9193;41;5498209;9193;593;10574;10853;4.38;0.27;360.70;13.96;1381;55;3730.00;279
9195;41;5498224;9195;581;10574;10853;4.37;0.27;360.79;13.96;1379;55;3731.00;279
9198;41;5498238;9198;585;10574;10853;4.35;0.26;360.81;13.96;1376;55;3732.00;279
9201;41;5498251;9201;581;10574;10853;4.30;0.26;360.83;13.96;1373;55;3733.00;279
9204;41;5498265;9204;568;10574;10854;4.29;0.26;360.81;13.96;1370;55;3734.00;280
9207;41;5498280;9207;578;10578;10856;4.27;0.26;360.75;14.11;1371;55;3735.00;278
9211;41;5498298;9211;572;10578;10856;4.21;0.26;360.64;14.11;1367;55;3736.00;278
9214;41;5498311;9214;577;10579;10857;4.22;0.26;360.62;14.11;1365;55;3737.00;278
9217;41;5498326;9217;578;10579;10857;4.21;0.26;360.61;14.11;1362;55;3738.00;278
9220;41;5498341;9220;566;10579;10857;4.23;0.26;360.62;14.11;1359;55;3739.00;278
9221;41;5498354;9221;566;10579;10857;4.32;0.26;360.61;14.11;1358;55;3740.00;278
9223;41;5498368;9223;569;10579;10857;4.35;0.27;360.58;14.11;1356;55;3741.00;278
9224;41;5498382;9224;557;10579;10857;4.39;0.27;360.60;14.11;1355;55;3742.00;278
9226;41;5498397;9226;539;10579;10857;4.42;0.27;360.61;14.11;1353;55;3743.00;278
9228;41;5498411;9228;550;10648;10984;4.71;0.29;360.57;14.02;1420;55;3744.00;336
9229;41;5498435;9229;543;10651;10985;4.76;0.29;360.53;14.01;1422;55;3745.00;334
9230;41;5498451;9230;529;10657;10985;4.87;0.30;360.53;14.00;1427;55;3746.00;328
9235;41;5498470;9235;525;10658;10985;4.91;0.30;360.55;14.00;1423;55;3747.00;327
9235;41;5498486;9235;513;10665;10985;4.99;0.31;360.55;14.00;1430;55;3748.00;320
9238;41;5498509;9238;516;10667;10985;5.01;0.31;360.59;14.00;1429;55;3749.00;318
9243;41;5498526;9243;518;10671;10990;5.00;0.31;360.56;13.99;1428;55;3750.00;319
9243;41;5498543;9243;510;10674;10990;5.03;0.31;360.56;13.99;1431;55;3751.00;316
9245;41;5498558;9245;518;10677;10991;5.02;0.31;360.65;13.99;1432;55;3752.00;314
9245;42;5498575;9245;521;10681;10992;5.04;0.31;360.65;13.99;1436;56;3753.00;311
9245;42;5498608;9245;511;10685;10992;5.04;0.31;360.65;13.98;1440;56;3754.00;307
9247;42;5498623;9247;515;10687;10993;4.99;0.31;360.67;13.98;1440;56;3755.00;306
9248;42;5498645;9248;518;10691;10993;4.96;0.30;360.65;13.98;1443;56;3756.00;302
9248;42;5498660;9248;517;10692;10993;4.90;0.30;360.65;13.98;1444;56;3757.00;301
9251;42;5498675;9251;526;10697;10993;4.82;0.30;360.57;13.98;1446;56;3758.00;296
9252;42;5498691;9252;528;10700;10997;4.76;0.29;360.58;14.05;1448;56;3759.00;297
9253;42;5498707;9253;552;10705;10997;4.71;0.29;360.56;14.13;1452;56;3760.00;292
9255;42;5498722;9255;542;10707;10997;4.67;0.29;360.61;14.13;1452;56;3761.00;290
9256;42;5498738;9256;549;10708;11000;4.64;0.29;360.61;14.20;1452;56;3762.00;292
9259;42;5498760;9259;549;10712;11000;4.62;0.28;360.58;14.28;1453;56;3763.00;288
9262;42;5498776;9262;549;10712;11000;4.59;0.28;360.60;14.28;1450;56;3764.00;288
9263;42;5498792;9263;560;10716;11004;4.58;0.28;360.58;14.28;1453;56;3765.00;288
9264;42;5498807;9264;565;10719;11005;4.56;0.28;360.57;14.43;1455;56;3766.00;286
9267;42;5498822;9267;575;10720;11005;4.56;0.28;360.59;14.43;1453;56;3767.00;285
9269;42;5498838;9269;581;10725;11009;4.57;0.28;360.58;14.49;1456;56;3768.00;284
9272;42;5498853;9272;585;10725;11009;4.57;0.28;360.61;14.49;1453;56;3769.00;284
9275;42;5498868;9275;591;10726;11009;4.54;0.28;360.69;14.57;1451;56;3770.00;283
9280;42;5498884;9280;602;10727;11010;4.50;0.27;360.77;14.57;1447;56;3771.00;283
9282;42;5498900;9282;607;10728;11010;4.53;0.28;360.81;14.64;1446;56;3772.00;282
9283;42;5498915;9283;614;10734;11016;4.51;0.27;360.84;14.71;1451;56;3773.00;282
9284;42;5498931;9284;613;10734;11016;4.48;0.27;360.85;14.71;1450;56;3774.00;282
9285;42;5498946;9285;628;10734;11017;4.43;0.27;360.83;14.71;1449;56;3775.00;283
9287;42;5498960;9287;629;10735;11017;4.39;0.27;360.90;14.79;1448;56;3776.00;282
9291;42;5498975;9291;633;10735;11017;4.32;0.26;361.06;14.79;1444;56;3777.00;282
9293;42;5498991;9293;640;10739;11017;4.27;0.26;361.14;15.09;1446;56;3778.00;278
9295;42;5499006;9295;636;10740;11017;4.28;0.26;361.18;15.16;1445;56;3779.00;277
9298;42;5499022;9298;639;10766;11053;4.38;0.27;361.12;15.13;1468;56;3780.00;287
9299;42;5499042;9299;640;10769;11053;4.38;0.27;361.11;15.27;1470;56;3781.00;284
9302;42;5499057;9302;632;10771;11053;4.43;0.27;361.11;15.27;1469;56;3782.00;282
9303;42;5499072;9303;634;10772;11053;4.46;0.27;361.14;15.34;1469;56;3783.00;281
9305;42;5499087;9305;630;10773;11053;4.50;0.28;361.26;15.34;1468;56;3784.00;280
9309;42;5499102;9309;625;10775;11053;4.47;0.27;361.27;15.48;1466;56;3785.00;278
9313;42;5499118;9313;631;10779;11057;4.46;0.27;361.38;15.48;1466;56;3786.00;278
9314;42;5499133;9314;618;10779;11057;4.48;0.27;361.49;15.48;1465;56;3787.00;278
9317;42;5499149;9317;622;10783;11061;4.50;0.27;361.44;15.47;1466;56;3788.00;278
9319;42;5499167;9319;613;10787;11062;4.48;0.27;361.41;15.68;1468;56;3789.00;275
9322;42;5499183;9322;616;10787;11062;4.46;0.27;361.54;15.68;1465;56;3790.00;275
9322;42;5499200;9322;607;10790;11062;4.43;0.27;361.54;15.89;1468;56;3791.00;272
9329;42;5499217;9329;609;10801;11075;4.34;0.27;361.61;15.88;1472;56;3792.00;274
9332;42;5499235;9332;614;10802;11075;4.28;0.26;361.62;15.95;1470;56;3793.00;273
9335;42;5499251;9335;619;10803;11075;4.24;0.26;361.72;16.01;1468;56;3794.00;272
9339;42;5499267;9339;608;10804;11076;4.20;0.26;361.76;16.01;1465;56;3795.00;272
9344;42;5499285;9344;611;10805;11077;4.18;0.26;361.84;16.08;1461;56;3796.00;272
9347;42;5499301;9347;609;10806;11077;4.21;0.26;361.92;16.15;1459;56;3797.00;271
9355;42;5499316;9355;599;10809;11080;4.20;0.26;361.93;16.14;1454;56;3798.00;271
9356;42;5499332;9356;597;10811;11080;4.23;0.26;361.91;16.28;1455;56;3799.00;269
9358;42;5499348;9358;607;10811;11080;4.21;0.26;361.97;16.28;1453;56;3800.00;269
9362;42;5499367;9362;605;10811;11080;4.21;0.26;362.01;16.28;1449;56;3801.00;269
9365;42;5499387;9365;596;10817;11086;4.24;0.26;362.05;16.34;1452;56;3802.00;269
9368;42;5499403;9368;599;10817;11086;4.30;0.26;362.24;16.34;1449;56;3803.00;269
9373;42;5499418;9373;602;10817;11086;4.31;0.26;362.28;16.34;1444;56;3804.00;269
9377;42;5499432;9377;592;10817;11086;4.33;0.26;362.41;16.34;1440;56;3805.00;269
9383;42;5499448;9383;585;10820;11090;4.35;0.26;362.63;16.34;1437;56;3806.00;270
9385;42;5499463;9385;579;10821;11091;4.43;0.27;362.71;16.34;1436;56;3807.00;270
9391;42;5499479;9391;576;10821;11091;4.47;0.27;362.88;16.34;1430;56;3808.00;270
9396;42;5499496;9396;571;10822;11092;4.50;0.27;363.04;16.33;1426;56;3809.00;270
9398;42;5499513;9398;570;10822;11092;4.55;0.28;363.08;16.33;1424;56;3810.00;270
9400;42;5499527;9400;566;10822;11092;4.59;0.28;363.11;16.33;1422;56;3811.00;270
9406;42;5499542;9406;572;10822;11092;4.58;0.28;363.15;16.33;1416;56;3812.00;270
9408;42;5499556;9408;571;10822;11092;4.61;0.28;363.27;16.33;1414;56;3813.00;270
9411;42;5499571;9411;562;10822;11092;4.59;0.28;363.27;16.33;1411;56;3814.00;270
9417;42;5499586;9417;556;10822;11092;4.55;0.28;363.33;16.33;1405;56;3815.00;270
9422;42;5499601;9422;553;10857;11162;4.69;0.29;363.41;16.28;1435;56;3816.00;305
9426;42;5499621;9426;555;10859;11163;4.69;0.29;363.59;16.28;1433;56;3817.00;304
9430;42;5499637;9430;558;10862;11163;4.66;0.29;363.57;16.28;1432;56;3818.00;301
9433;42;5499652;9433;564;10866;11163;4.61;0.28;363.62;16.27;1433;56;3819.00;297
9438;42;5499667;9438;566;10869;11163;4.56;0.28;363.68;16.27;1431;56;3820.00;294
9441;42;5499681;9441;566;10872;11163;4.52;0.28;363.76;16.26;1431;56;3821.00;291
9446;42;5499696;9446;571;10873;11163;4.42;0.27;363.86;16.26;1427;56;3822.00;290
9450;42;5499711;9450;567;10875;11163;4.37;0.27;363.91;16.26;1425;56;3823.00;288
9455;42;5499726;9455;572;10876;11164;4.31;0.26;363.84;16.26;1421;56;3824.00;288
9458;42;5499748;9458;569;10878;11166;4.32;0.26;363.93;16.26;1420;56;3825.00;288
9460;42;5499763;9460;567;10879;11166;4.30;0.26;364.00;16.26;1419;56;3826.00;287
9466;42;5499778;9466;569;10884;11170;4.27;0.26;364.23;16.25;1418;56;3827.00;286
9473;42;5499793;9473;569;10884;11170;4.20;0.26;364.26;16.25;1411;56;3828.00;286
9476;42;5499808;9476;572;10884;11170;4.23;0.26;364.40;16.25;1408;56;3829.00;286
9480;42;5499823;9480;581;10884;11170;4.21;0.26;364.56;16.25;1404;56;3830.00;286
9484;42;5499838;9484;583;10888;11176;4.22;0.26;364.52;16.25;1404;56;3831.00;288
9486;42;5499852;9486;584;10888;11176;4.23;0.26;364.54;16.25;1402;56;3832.00;288
9492;42;5499867;9492;593;10888;11176;4.21;0.26;364.65;16.25;1396;56;3833.00;288
9499;42;5499881;9499;587;10892;11179;4.22;0.26;364.66;16.25;1393;56;3834.00;287
9503;42;5499896;9503;596;10892;11179;4.26;0.26;364.66;16.25;1389;56;3835.00;287
9506;42;5499911;9506;585;10892;11179;4.28;0.26;364.86;16.25;1386;56;3836.00;287
9508;42;5499925;9508;592;10893;11180;4.27;0.26;364.86;16.25;1385;56;3837.00;287
9516;42;5499940;9516;590;10894;11181;4.22;0.26;365.07;16.24;1378;56;3838.00;287
9518;42;5499955;9518;599;10896;11181;4.21;0.25;365.07;16.24;1378;56;3839.00;285
9524;42;5499971;9524;611;10913;11207;4.20;0.25;365.34;16.22;1389;56;3840.00;294
9529;42;5499988;9529;620;10916;11207;4.15;0.25;365.46;16.22;1387;56;3841.00;291
9531;42;5500003;9531;609;10917;11207;4.16;0.25;365.48;16.22;1386;56;3842.00;290
9534;42;5500018;9534;609;10919;11208;4.13;0.25;365.64;16.22;1385;56;3843.00;289
9537;42;5500033;9537;621;10921;11208;4.08;0.25;365.78;16.22;1384;56;3844.00;287
9540;42;5500048;9540;619;10926;11212;4.09;0.25;365.90;16.21;1386;56;3845.00;286
9542;42;5500063;9542;619;10927;11214;4.06;0.25;366.00;16.21;1385;56;3846.00;287
9543;42;5500078;9543;620;10931;11218;4.08;0.25;366.03;16.21;1388;56;3847.00;287
9545;42;5500093;9545;622;10933;11218;4.07;0.25;366.08;16.21;1388;56;3848.00;285
9548;42;5500108;9548;627;10934;11218;4.04;0.24;366.10;16.20;1386;56;3849.00;284
9551;42;5500124;9551;630;10935;11218;3.98;0.24;366.24;16.20;1384;56;3850.00;283
9554;42;5500145;9554;620;10935;11218;3.97;0.24;366.37;16.20;1381;56;3851.00;283
9557;42;5500160;9557;619;10944;11230;3.99;0.24;366.50;16.19;1387;56;3852.00;286
9559;42;5500177;9559;622;10944;11230;3.97;0.24;366.59;16.19;1385;56;3853.00;286
9561;42;5500191;9561;625;10946;11230;4.01;0.24;366.59;16.19;1385;56;3854.00;284
9562;42;5500206;9562;624;10946;11230;4.02;0.24;366.59;16.19;1384;56;3855.00;284
9565;42;5500221;9565;627;10946;11230;4.02;0.25;366.59;16.19;1381;56;3856.00;284
9567;42;5500235;9567;627;10946;11230;4.04;0.25;366.58;16.19;1379;56;3857.00;284
9567;42;5500251;9567;627;10946;11231;4.07;0.25;366.58;16.19;1379;56;3858.00;285
9570;42;5500265;9570;629;10946;11231;4.05;0.25;366.59;16.19;1376;56;3859.00;285
9571;42;5500281;9571;630;10951;11237;4.04;0.25;366.61;16.18;1380;56;3860.00;286
9573;42;5500297;9573;637;10952;11238;4.02;0.24;366.56;16.18;1379;56;3861.00;286
9575;42;5500312;9575;626;10952;11238;4.02;0.24;366.67;16.18;1377;56;3862.00;286
9575;42;5500327;9575;629;10952;11238;4.00;0.24;366.67;16.18;1377;56;3863.00;286
9576;42;5500342;9576;638;10955;11242;4.01;0.24;366.64;16.17;1379;56;3864.00;287
9576;42;5500358;9576;643;10955;11242;3.98;0.24;366.64;16.17;1379;56;3865.00;287
9578;42;5500372;9578;643;10955;11242;3.96;0.24;366.62;16.17;1377;56;3866.00;287
9580;42;5500387;9580;639;10956;11243;3.95;0.24;366.59;16.17;1376;56;3867.00;287
9580;42;5500402;9580;648;10959;11247;3.93;0.24;366.59;16.17;1379;56;3868.00;288
9580;42;5500416;9580;653;10959;11247;3.92;0.24;366.59;16.17;1379;56;3869.00;288
9581;42;5500431;9581;654;10963;11253;3.92;0.24;366.58;16.16;1382;56;3870.00;290
9582;42;5500446;9582;655;10963;11253;3.89;0.24;366.57;16.16;1381;56;3871.00;290
9583;42;5500460;9583;662;10965;11253;3.90;0.24;366.55;16.16;1382;56;3872.00;288
9584;42;5500474;9584;659;10965;11253;3.89;0.24;366.52;16.16;1381;56;3873.00;288
9585;42;5500491;9585;663;10969;11257;3.93;0.24;366.57;16.16;1384;56;3874.00;288
9587;42;5500507;9587;667;10969;11257;3.90;0.24;366.52;16.16;1382;56;3875.00;288
9587;42;5500521;9587;660;10969;11257;3.89;0.24;366.52;16.16;1382;56;3876.00;288
9590;42;5500535;9590;661;10969;11257;3.88;0.24;366.50;16.16;1379;56;3877.00;288
9591;42;5500549;9591;660;10969;11258;3.89;0.24;366.47;16.16;1378;56;3878.00;289
9592;42;5500563;9592;664;10970;11259;3.95;0.24;366.50;16.15;1378;56;3879.00;289
9594;42;5500578;9594;661;10970;11259;3.93;0.24;366.57;16.15;1376;56;3880.00;289
9598;42;5500593;9598;656;10971;11260;3.88;0.24;366.65;16.15;1373;56;3881.00;289
9599;42;5500608;9599;654;10971;11260;3.87;0.24;366.66;16.15;1372;56;3882.00;289
9601;42;5500628;9601;657;10972;11260;3.83;0.23;366.63;16.24;1371;56;3883.00;288
9602;42;5500648;9602;656;10972;11260;3.81;0.23;366.62;16.24;1370;56;3884.00;288
9605;42;5500663;9605;654;10972;11260;3.81;0.23;366.57;16.24;1367;56;3885.00;288
9607;42;5500679;9607;646;10972;11260;3.81;0.23;366.57;16.24;1365;56;3886.00;288
9608;42;5500694;9608;648;10972;11260;3.81;0.23;366.55;16.24;1364;56;3887.00;288
9613;42;5500709;9613;673;11044;11387;3.96;0.25;366.59;16.14;1431;56;3888.00;343
9614;42;5500734;9614;644;11044;11388;4.00;0.25;366.58;16.14;1430;56;3889.00;344
9615;42;5500749;9615;612;11051;11388;4.12;0.25;366.55;16.13;1436;56;3890.00;337
9616;42;5500764;9616;593;11052;11388;4.20;0.26;366.53;16.13;1436;56;3891.00;336
9618;42;5500779;9618;575;11058;11388;4.29;0.26;366.57;16.12;1440;56;3892.00;330
9619;42;5500798;9619;577;11059;11388;4.38;0.27;366.53;16.12;1440;56;3893.00;329
9621;42;5500814;9621;575;11061;11388;4.47;0.27;366.55;16.12;1440;56;3894.00;327
9621;43;5500829;9621;569;11064;11388;4.59;0.28;366.55;16.11;1443;57;3895.00;324
9621;43;5500856;9621;564;11065;11389;4.70;0.29;366.55;16.11;1444;57;3896.00;324
9622;43;5500871;9622;557;11070;11390;4.80;0.29;366.53;16.11;1448;57;3897.00;320
9622;43;5500893;9622;555;11071;11390;4.84;0.30;366.53;16.11;1449;57;3898.00;319
9623;43;5500908;9623;552;11075;11391;4.85;0.30;366.52;16.20;1452;57;3899.00;316
9625;43;5500926;9625;549;11083;11406;4.83;0.30;366.56;16.27;1458;57;3900.00;323
9628;43;5500950;9628;538;11086;11406;4.84;0.30;366.50;16.27;1458;57;3901.00;320
9629;43;5500966;9629;536;11088;11406;4.86;0.30;366.51;16.27;1459;57;3902.00;318
9631;43;5500987;9631;534;11092;11410;4.84;0.30;366.49;16.27;1461;57;3903.00;318
9634;43;5501004;9634;533;11094;11410;4.84;0.30;366.49;16.27;1460;57;3904.00;316
9637;43;5501020;9637;543;11098;11410;4.87;0.30;366.55;16.26;1461;57;3905.00;312
9637;43;5501036;9637;553;11102;11413;4.91;0.30;366.55;16.26;1465;57;3906.00;311
9638;43;5501052;9638;555;11103;11413;4.90;0.30;366.51;16.26;1465;57;3907.00;310
9641;43;5501068;9641;558;11104;11413;4.90;0.30;366.47;16.26;1463;57;3908.00;309
9644;43;5501084;9644;561;11109;11417;4.83;0.30;366.47;16.25;1465;57;3909.00;308
9647;43;5501100;9647;566;11110;11418;4.81;0.29;366.43;16.25;1463;57;3910.00;308
9648;43;5501116;9648;563;11112;11418;4.79;0.29;366.41;16.25;1464;57;3911.00;306
9652;43;5501137;9652;568;11116;11422;4.76;0.29;366.49;16.25;1464;57;3912.00;306
9652;43;5501153;9652;574;11116;11422;4.71;0.29;366.49;16.25;1464;57;3913.00;306
9655;43;5501168;9655;575;11116;11422;4.65;0.28;366.44;16.25;1461;57;3914.00;306
9655;43;5501184;9655;587;11118;11424;4.65;0.28;366.44;16.24;1463;57;3915.00;306
9662;43;5501200;9662;589;11118;11424;4.60;0.28;366.53;16.24;1456;57;3916.00;306
9664;43;5501215;9664;591;11124;11430;4.57;0.28;366.55;16.24;1460;57;3917.00;306
9664;43;5501232;9664;593;11124;11430;4.58;0.28;366.55;16.24;1460;57;3918.00;306
9666;43;5501247;9666;595;11125;11431;4.56;0.28;366.70;16.31;1459;57;3919.00;306
9669;43;5501262;9669;600;11125;11431;4.53;0.28;366.64;16.31;1456;57;3920.00;306
9670;43;5501277;9670;589;11125;11431;4.55;0.28;366.63;16.31;1455;57;3921.00;306
9673;43;5501292;9673;595;11125;11431;4.53;0.28;366.73;16.31;1452;57;3922.00;306
9677;43;5501308;9677;600;11128;11431;4.51;0.27;366.88;16.39;1451;57;3923.00;303
9680;43;5501323;9680;596;11138;11443;4.50;0.27;366.97;16.46;1458;57;3924.00;305
9681;43;5501339;9681;595;11138;11443;4.50;0.27;367.05;16.46;1457;57;3925.00;305
9684;43;5501354;9684;606;11142;11443;4.51;0.27;367.10;16.53;1458;57;3926.00;301
9685;43;5501369;9685;601;11143;11443;4.51;0.27;367.11;16.61;1458;57;3927.00;300
9689;43;5501383;9689;607;11143;11443;4.51;0.27;367.29;16.61;1454;57;3928.00;300
9692;43;5501397;9692;617;11144;11443;4.52;0.27;367.25;16.69;1452;57;3929.00;299
9694;43;5501416;9694;618;11147;11447;4.50;0.27;367.35;16.68;1453;57;3930.00;300
9695;43;5501433;9695;616;11147;11447;4.50;0.27;367.46;16.68;1452;57;3931.00;300
9695;43;5501448;9695;617;11152;11451;4.52;0.27;367.46;16.75;1457;57;3932.00;299
9698;43;5501463;9698;616;11153;11452;4.50;0.27;367.54;16.75;1455;57;3933.00;299
9698;43;5501479;9698;619;11154;11452;4.49;0.27;367.54;16.83;1456;57;3934.00;298
9701;43;5501494;9701;621;11155;11452;4.47;0.27;367.54;16.90;1454;57;3935.00;297
9704;43;5501520;9704;629;11166;11465;4.42;0.27;367.52;16.97;1462;57;3936.00;299
9706;43;5501546;9706;634;11167;11465;4.39;0.27;367.54;17.04;1461;57;3937.00;298
9706;43;5501579;9706;632;11168;11465;4.39;0.27;367.54;17.12;1462;57;3938.00;297
9709;43;5501610;9709;642;11169;11466;4.37;0.27;367.51;17.11;1460;57;3939.00;297
9711;43;5501644;9711;647;11170;11467;4.34;0.26;367.50;17.19;1459;57;3940.00;297
9713;43;5501676;9713;652;11171;11467;4.28;0.26;367.59;17.19;1458;57;3941.00;296
9715;43;5501697;9715;658;11174;11470;4.26;0.26;367.54;17.26;1459;57;3942.00;296
9716;43;5501724;9716;654;11175;11470;4.28;0.26;367.64;17.26;1459;57;3943.00;295
9716;43;5501746;9716;647;11178;11470;4.31;0.26;367.64;17.41;1462;57;3944.00;292
9719;43;5501770;9719;643;11178;11470;4.33;0.26;367.71;17.41;1459;57;3945.00;292
9722;43;5501794;9722;643;11185;11476;4.36;0.27;367.69;17.55;1463;57;3946.00;291
9724;43;5501816;9724;640;11187;11476;4.37;0.27;367.79;17.62;1463;57;3947.00;289
9727;43;5501838;9727;638;11187;11476;4.35;0.27;367.84;17.62;1460;57;3948.00;289
9731;43;5501856;9731;642;11188;11476;4.33;0.26;367.91;17.69;1457;57;3949.00;288
9735;43;5501874;9735;641;11191;11480;4.32;0.26;368.04;17.69;1456;57;3950.00;289
9735;43;5501893;9735;640;11192;11481;4.33;0.26;368.04;17.68;1457;57;3951.00;289
9738;43;5501912;9738;637;11192;11481;4.34;0.26;368.15;17.68;1454;57;3952.00;289
9740;43;5501930;9740;645;11193;11482;4.35;0.26;368.12;17.68;1453;57;3953.00;289
9743;43;5501950;9743;642;11197;11482;4.34;0.27;368.10;17.97;1454;57;3954.00;285
9750;43;5501969;9750;645;11198;11482;4.33;0.26;368.31;18.04;1448;57;3955.00;284
9751;43;5501987;9751;646;11199;11482;4.32;0.26;368.44;18.11;1448;57;3956.00;283
9753;43;5502004;9753;644;11199;11482;4.28;0.26;368.48;18.11;1446;57;3957.00;283
9756;43;5502022;9756;646;11201;11482;4.18;0.26;368.66;18.25;1445;57;3958.00;281
9760;43;5502040;9760;649;11201;11482;4.09;0.25;368.65;18.25;1441;57;3959.00;281
9763;43;5502059;9763;658;11263;11607;4.21;0.26;368.79;18.29;1500;57;3960.00;344
9768;43;5502089;9768;645;11270;11608;4.17;0.26;368.87;18.28;1502;57;3961.00;338
9772;43;5502107;9772;637;11276;11608;4.19;0.26;368.86;18.27;1504;57;3962.00;332
9776;43;5502123;9776;637;11282;11608;4.19;0.26;368.90;18.26;1506;57;3963.00;326
9777;43;5502140;9777;640;11285;11608;4.23;0.26;368.88;18.40;1508;57;3964.00;323
9783;43;5502156;9783;640;11290;11608;4.26;0.26;369.04;18.39;1507;57;3965.00;318
9784;43;5502174;9784;636;11294;11608;4.29;0.26;369.05;18.53;1510;57;3966.00;314
9788;43;5502190;9788;632;11295;11608;4.30;0.27;369.12;18.53;1507;57;3967.00;313
9794;43;5502207;9794;630;11297;11609;4.33;0.27;369.20;18.53;1503;57;3968.00;312
9796;43;5502230;9796;630;11297;11610;4.37;0.27;369.37;18.53;1501;57;3969.00;313
9800;43;5502251;9800;628;11299;11610;4.42;0.27;369.41;18.52;1499;57;3970.00;311
9805;43;5502272;9805;632;11303;11614;4.43;0.27;369.55;18.52;1498;57;3971.00;311
9808;43;5502299;9808;632;11305;11614;4.43;0.27;369.65;18.52;1497;57;3972.00;309
9816;43;5502323;9816;629;11307;11614;4.43;0.27;369.69;18.52;1491;57;3973.00;307
9820;43;5502340;9820;623;11309;11614;4.44;0.27;369.87;18.52;1489;57;3974.00;305
9823;43;5502356;9823;621;11313;11620;4.41;0.27;369.85;18.51;1490;57;3975.00;307
9826;43;5502373;9826;621;11313;11620;4.36;0.27;369.96;18.51;1487;57;3976.00;307
9829;43;5502389;9829;618;11313;11620;4.34;0.26;370.07;18.51;1484;57;3977.00;307
9834;43;5502405;9834;622;11314;11623;4.29;0.26;370.14;18.51;1480;57;3978.00;309
9837;43;5502422;9837;617;11314;11623;4.28;0.26;370.23;18.51;1477;57;3979.00;309
9843;43;5502460;9843;616;11314;11623;4.24;0.26;370.50;18.51;1471;57;3980.00;309
9845;43;5502476;9845;619;11315;11624;4.23;0.26;370.55;18.51;1470;57;3981.00;309
9848;43;5502493;9848;620;11317;11625;4.23;0.26;370.61;18.51;1469;57;3982.00;308
9853;43;5502510;9853;622;11318;11625;4.15;0.25;370.66;18.51;1465;57;3983.00;307
9857;43;5502526;9857;624;11328;11638;4.16;0.25;370.76;18.49;1471;57;3984.00;310
9861;43;5502544;9861;624;11328;11638;4.10;0.25;370.77;18.49;1467;57;3985.00;310
9865;43;5502559;9865;630;11328;11638;4.04;0.25;370.92;18.49;1463;57;3986.00;310
9867;43;5502575;9867;643;11328;11639;4.00;0.24;370.97;18.49;1461;57;3987.00;311
9871;43;5502591;9871;649;11328;11639;3.93;0.24;371.03;18.49;1457;57;3988.00;311
9875;43;5502607;9875;652;11332;11643;3.91;0.24;370.97;18.49;1457;57;3989.00;311
9878;43;5502624;9878;652;11332;11643;3.89;0.24;371.05;18.49;1454;57;3990.00;311
9879;43;5502646;9879;649;11335;11647;3.89;0.24;371.02;18.48;1456;57;3991.00;312
9884;43;5502661;9884;652;11335;11647;3.87;0.24;370.96;18.48;1451;57;3992.00;312
9887;43;5502676;9887;652;11335;11647;3.85;0.24;371.12;18.48;1448;57;3993.00;312
9894;43;5502692;9894;651;11335;11647;3.79;0.23;371.11;18.48;1441;57;3994.00;312
9900;43;5502707;9900;652;11336;11647;3.74;0.23;371.13;18.48;1436;57;3995.00;311
9902;43;5502722;9902;654;11345;11659;3.81;0.23;371.18;18.47;1443;57;3996.00;314
9907;43;5502738;9907;665;11345;11659;3.73;0.23;371.31;18.47;1438;57;3997.00;314
9911;43;5502752;9911;661;11347;11659;3.67;0.22;371.36;18.47;1436;57;3998.00;312
9914;43;5502766;9914;664;11347;11659;3.63;0.22;371.32;18.47;1433;57;3999.00;312
9919;43;5502783;9919;661;11348;11659;3.54;0.22;371.55;18.47;1429;57;4000.00;311
9921;43;5502800;9921;673;11349;11659;3.47;0.21;371.56;18.47;1428;57;4001.00;310
9926;43;5502815;9926;672;11350;11660;3.41;0.21;371.61;18.48;1424;57;4002.00;310
9930;43;5502829;9930;674;11350;11660;3.35;0.20;371.63;18.48;1420;57;4003.00;310
9931;43;5502843;9931;687;11355;11666;3.34;0.20;371.64;18.47;1424;57;4004.00;311
9935;43;5502861;9935;690;11357;11668;3.31;0.20;371.64;18.47;1422;57;4005.00;311
9935;43;5502881;9935;695;11357;11668;3.28;0.20;371.64;18.47;1422;57;4006.00;311
9938;43;5502903;9938;687;11359;11668;3.25;0.20;371.75;18.47;1421;57;4007.00;309
9939;43;5502918;9939;685;11363;11672;3.28;0.20;371.72;18.46;1424;57;4008.00;309
9940;43;5502932;9940;683;11363;11672;3.30;0.20;371.74;18.46;1423;57;4009.00;309
9941;43;5502946;9941;692;11364;11672;3.33;0.20;371.79;18.46;1423;57;4010.00;308
9945;43;5502961;9945;691;11366;11673;3.35;0.21;371.86;18.46;1421;57;4011.00;307
9946;43;5502976;9946;689;11370;11677;3.44;0.21;371.93;18.45;1424;57;4012.00;307
9950;43;5502991;9950;687;11370;11677;3.47;0.21;371.84;18.45;1420;57;4013.00;307
9951;43;5503006;9951;690;11372;11680;3.52;0.22;371.84;18.45;1421;57;4014.00;308
9954;43;5503020;9954;692;11373;11680;3.51;0.22;371.88;18.45;1419;57;4015.00;307
9957;43;5503040;9957;668;11373;11680;3.49;0.21;371.82;18.45;1416;57;4016.00;307
9959;43;5503055;9959;657;11373;11680;3.50;0.21;371.84;18.45;1414;57;4017.00;307
9962;43;5503070;9962;643;11377;11684;3.53;0.22;371.86;18.44;1415;57;4018.00;307
9964;43;5503086;9964;641;11377;11684;3.57;0.22;371.80;18.44;1413;57;4019.00;307
9964;43;5503102;9964;628;11378;11684;3.61;0.22;371.80;18.54;1414;57;4020.00;306
9964;43;5503120;9964;631;11378;11684;3.67;0.23;371.80;18.54;1414;57;4021.00;306
9968;43;5503140;9968;622;11378;11685;3.68;0.23;371.74;18.54;1410;57;4022.00;307
9970;43;5503155;9970;623;11379;11686;3.70;0.23;371.70;18.54;1409;57;4023.00;307
9972;43;5503170;9972;632;11379;11686;3.74;0.23;371.76;18.54;1407;57;4024.00;307
9975;43;5503185;9975;634;11380;11687;3.78;0.23;371.70;18.54;1405;57;4025.00;307
9978;43;5503200;9978;624;11380;11687;3.80;0.23;371.76;18.54;1402;57;4026.00;307
9982;43;5503215;9982;630;11380;11687;3.80;0.23;371.71;18.54;1398;57;4027.00;307
9983;43;5503229;9983;627;11380;11687;3.82;0.23;371.72;18.54;1397;57;4028.00;307
9984;43;5503243;9984;628;11380;11687;3.85;0.24;371.80;18.54;1396;57;4029.00;307
9984;43;5503257;9984;627;11380;11687;3.90;0.24;371.80;18.54;1396;57;4030.00;307
9986;43;5503271;9986;627;11380;11687;3.93;0.24;371.80;18.54;1394;57;4031.00;307
9988;43;5503286;9988;633;11443;11814;4.27;0.26;371.82;18.44;1455;57;4032.00;371
9989;43;5503310;9989;627;11445;11815;4.30;0.27;371.81;18.43;1456;57;4033.00;370
9989;43;5503326;9989;628;11454;11815;4.38;0.27;371.81;18.42;1465;57;4034.00;361
9990;43;5503340;9990;627;11456;11815;4.37;0.27;371.85;18.42;1466;57;4035.00;359
9992;43;5503356;9992;608;11462;11815;4.40;0.27;371.99;18.41;1470;58;4036.00;353
9992;43;5503381;9992;604;11464;11815;4.39;0.27;371.99;18.41;1472;58;4037.00;351
9993;43;5503397;9993;610;11468;11815;4.45;0.27;371.98;18.40;1475;58;4038.00;347
9993;43;5503413;9993;606;11469;11815;4.48;0.28;371.98;18.40;1476;58;4039.00;346
9996;43;5503428;9996;605;11472;11816;4.51;0.28;372.06;18.40;1476;58;4040.00;344
9998;43;5503444;9998;600;11477;11817;4.58;0.28;372.10;18.40;1479;58;4041.00;340
10000;43;5503460;10000;604;11480;11817;4.61;0.28;372.10;18.39;1480;58;4042.00;337
10003;43;5503475;10003;596;11483;11818;4.63;0.28;372.13;18.39;1480;58;4043.00;335
10004;43;5503493;10004;598;11485;11818;4.65;0.28;372.11;18.39;1481;58;4044.00;333
10005;43;5503509;10005;605;11490;11818;4.65;0.29;372.10;18.39;1485;58;4045.00;328
10007;43;5503537;10007;599;11492;11818;4.64;0.28;372.11;18.39;1485;58;4046.00;326
10008;43;5503554;10008;601;11495;11822;4.68;0.29;372.09;18.38;1487;58;4047.00;327
10009;43;5503570;10009;601;11496;11822;4.69;0.29;372.14;18.38;1487;58;4048.00;326
10010;43;5503588;10010;599;11497;11822;4.69;0.29;372.15;18.38;1487;58;4049.00;325
10011;43;5503607;10011;595;11502;11828;4.68;0.29;372.15;18.38;1491;58;4050.00;326
10011;43;5503624;10011;592;11502;11828;4.66;0.28;372.15;18.38;1491;58;4051.00;326
10012;43;5503640;10012;591;11504;11828;4.65;0.28;372.17;18.37;1492;58;4052.00;324
10013;43;5503657;10013;576;11508;11832;4.66;0.28;372.17;18.37;1495;58;4053.00;324
10015;43;5503674;10015;573;11510;11833;4.69;0.29;372.25;18.37;1495;58;4054.00;323
10016;43;5503693;10016;558;11510;11833;4.72;0.29;372.24;18.37;1494;58;4055.00;323
10018;43;5503710;10018;553;11513;11837;4.72;0.29;372.25;18.36;1495;58;4056.00;324
10022;43;5503727;10022;534;11514;11837;4.73;0.29;372.33;18.36;1492;58;4057.00;323
10024;43;5503744;10024;530;11514;11837;4.77;0.29;372.30;18.36;1490;58;4058.00;323
10028;43;5503760;10028;530;11515;11838;4.79;0.29;372.35;18.36;1487;58;4059.00;323
10029;43;5503777;10029;528;11515;11838;4.79;0.29;372.37;18.36;1486;58;4060.00;323
10035;43;5503794;10035;533;11519;11844;4.80;0.29;372.52;18.36;1484;58;4061.00;325
10037;43;5503812;10037;523;11519;11844;4.78;0.29;372.59;18.36;1482;58;4062.00;325
10040;43;5503828;10040;521;11519;11845;4.79;0.29;372.66;18.36;1479;58;4063.00;326
10043;43;5503845;10043;522;11519;11845;4.79;0.29;372.69;18.36;1476;58;4064.00;326
10045;43;5503862;10045;515;11521;11845;4.80;0.29;372.66;18.51;1476;58;4065.00;324
10048;43;5503881;10048;520;11521;11845;4.79;0.29;372.68;18.51;1473;58;4066.00;324
10049;43;5503898;10049;521;11521;11845;4.81;0.29;372.70;18.51;1472;58;4067.00;324
10052;43;5503913;10052;524;11532;11857;4.84;0.30;372.76;18.59;1480;58;4068.00;325
10056;43;5503931;10056;518;11533;11857;4.83;0.29;372.80;18.59;1477;58;4069.00;324
10058;43;5503948;10058;508;11533;11857;4.79;0.29;372.80;18.59;1475;58;4070.00;324
10060;43;5503964;10060;497;11533;11857;4.78;0.29;372.78;18.59;1473;58;4071.00;324
10061;43;5503981;10061;496;11533;11857;4.80;0.29;372.79;18.59;1472;58;4072.00;324
10064;43;5503997;10064;503;11533;11857;4.81;0.29;372.84;18.59;1469;58;4073.00;324
10070;43;5504013;10070;500;11536;11861;4.74;0.29;372.90;18.58;1466;58;4074.00;325
10070;43;5504030;10070;496;11536;11861;4.77;0.29;372.90;18.58;1466;58;4075.00;325
10072;43;5504046;10072;504;11541;11865;4.81;0.29;372.94;18.58;1469;58;4076.00;324
10073;43;5504063;10073;496;11542;11866;4.81;0.29;372.98;18.58;1469;58;4077.00;324
10073;43;5504079;10073;500;11544;11866;4.83;0.29;372.98;18.58;1471;58;4078.00;322
10078;43;5504095;10078;485;11544;11866;4.83;0.29;373.03;18.58;1466;58;4079.00;322
10080;43;5504113;10080;487;11566;11895;4.86;0.29;373.00;18.55;1486;58;4080.00;329
10082;43;5504133;10082;482;11566;11895;4.85;0.29;373.03;18.55;1484;58;4081.00;329
10085;43;5504151;10085;488;11568;11895;4.84;0.29;373.03;18.55;1483;58;4082.00;327
10088;43;5504168;10088;492;11570;11896;4.83;0.29;373.00;18.54;1482;58;4083.00;326
10090;44;5504185;10090;491;11571;11897;4.81;0.29;373.03;18.54;1481;59;4084.00;326
10093;44;5504209;10093;493;11571;11897;4.82;0.29;373.04;18.54;1478;59;4085.00;326
10093;44;5504226;10093;505;11573;11900;4.83;0.29;373.04;18.54;1480;59;4086.00;327
10096;44;5504242;10096;516;11574;11900;4.86;0.30;373.13;18.54;1478;59;4087.00;326
10098;44;5504259;10098;525;11574;11900;4.90;0.30;373.15;18.54;1476;59;4088.00;326
10102;44;5504275;10102;538;11574;11900;4.88;0.30;373.23;18.54;1472;59;4089.00;326
10103;44;5504292;10103;535;11579;11906;4.96;0.30;373.26;18.53;1476;59;4090.00;327
10106;44;5504308;10106;542;11579;11906;4.95;0.30;373.32;18.53;1473;59;4091.00;327
10109;44;5504329;10109;543;11579;11906;4.91;0.30;373.33;18.53;1470;59;4092.00;327
10114;44;5504345;10114;542;11581;11906;4.86;0.30;373.44;18.68;1467;59;4093.00;325
10118;44;5504362;10118;545;11584;11910;4.83;0.30;373.42;18.68;1466;59;4094.00;326
10120;44;5504379;10120;553;11587;11912;4.81;0.30;373.49;18.75;1467;59;4095.00;325
10123;44;5504396;10123;556;11587;11912;4.81;0.29;373.52;18.75;1464;59;4096.00;325
10126;44;5504413;10126;548;11588;11913;4.84;0.30;373.62;18.75;1462;59;4097.00;325
10127;44;5504429;10127;552;11589;11913;4.86;0.30;373.63;18.83;1462;59;4098.00;324
10129;44;5504445;10129;557;11589;11913;4.85;0.30;373.68;18.83;1460;59;4099.00;324
10135;44;5504462;10135;559;11590;11913;4.83;0.30;373.80;18.90;1455;59;4100.00;323
10138;44;5504481;10138;566;11590;11913;4.85;0.30;373.77;18.90;1452;59;4101.00;323
10140;44;5504498;10140;574;11592;11913;4.86;0.30;373.73;19.05;1452;59;4102.00;321
10143;44;5504514;10143;572;11592;11913;4.82;0.29;373.80;19.05;1449;59;4103.00;321
10145;44;5504529;10145;577;11630;11983;4.97;0.30;373.96;19.07;1485;59;4104.00;353
10146;44;5504549;10146;585;11632;11984;4.93;0.30;373.94;19.06;1486;59;4105.00;352
10150;44;5504565;10150;585;11637;11984;4.92;0.30;374.06;19.06;1487;59;4106.00;347
10151;44;5504591;10151;593;11642;11984;4.90;0.30;374.04;19.13;1491;59;4107.00;342
10152;44;5504607;10152;593;11644;11984;4.89;0.30;374.13;19.12;1492;59;4108.00;340
10156;44;5504623;10156;591;11646;11984;4.81;0.29;374.22;19.12;1490;59;4109.00;338
10156;44;5504642;10156;597;11650;11984;4.76;0.29;374.22;19.27;1494;59;4110.00;334
10158;44;5504659;10158;598;11652;11984;4.79;0.29;374.25;19.26;1494;59;4111.00;332
10163;44;5504676;10163;590;11655;11985;4.77;0.29;374.42;19.26;1492;59;4112.00;330
10165;44;5504693;10165;586;11659;11986;4.77;0.29;374.48;19.41;1494;59;4113.00;327
10169;44;5504710;10169;582;11660;11986;4.75;0.29;374.48;19.41;1491;59;4114.00;326
10169;44;5504727;10169;581;11665;11990;4.76;0.29;374.48;19.40;1496;59;4115.00;325
10173;44;5504743;10173;580;11665;11990;4.74;0.29;374.52;19.40;1492;59;4116.00;325
10178;44;5504760;10178;575;11665;11990;4.68;0.29;374.54;19.40;1487;59;4117.00;325
10183;44;5504776;10183;580;11667;11990;4.61;0.28;374.57;19.55;1484;59;4118.00;323
10185;44;5504794;10185;585;11672;11996;4.63;0.28;374.59;19.54;1487;59;4119.00;324
10188;44;5504810;10188;588;11672;11996;4.62;0.28;374.72;19.54;1484;59;4120.00;324
10193;44;5504825;10193;588;11672;11996;4.54;0.28;374.85;19.54;1479;59;4121.00;324
10197;44;5504844;10197;590;11675;11999;4.44;0.27;374.87;19.53;1478;59;4122.00;324
10202;44;5504860;10202;601;11675;11999;4.30;0.26;374.97;19.53;1473;59;4123.00;324
10205;44;5504875;10205;616;11675;11999;4.11;0.25;374.97;19.53;1470;59;4124.00;324
10211;44;5504890;10211;606;11675;12000;3.97;0.24;375.06;19.53;1464;59;4125.00;325
10215;44;5504913;10215;604;11677;12001;3.92;0.24;375.03;19.53;1462;59;4126.00;324
10218;44;5504929;10218;604;11677;12001;3.84;0.23;375.11;19.53;1459;59;4127.00;324
10221;44;5504945;10221;616;11688;12014;3.83;0.23;375.25;19.51;1467;59;4128.00;326
10225;44;5504960;10225;613;11688;12014;3.77;0.23;375.34;19.51;1463;59;4129.00;326
10231;44;5504975;10231;619;11688;12014;3.76;0.23;375.32;19.51;1457;59;4130.00;326
10233;44;5504991;10233;630;11689;12015;3.77;0.23;375.39;19.51;1456;59;4131.00;326
10237;44;5505007;10237;636;11689;12015;3.77;0.23;375.52;19.51;1452;59;4132.00;326
10240;44;5505022;10240;634;11694;12019;3.82;0.23;375.59;19.51;1454;59;4133.00;325
10243;44;5505038;10243;627;11694;12019;3.82;0.23;375.63;19.51;1451;59;4134.00;325
10247;44;5505052;10247;627;11697;12023;3.79;0.23;375.72;19.50;1450;59;4135.00;326
10249;44;5505067;10249;628;11697;12023;3.82;0.23;375.80;19.50;1448;59;4136.00;326
10255;44;5505082;10255;629;11698;12023;3.82;0.23;375.93;19.50;1443;59;4137.00;325
10256;44;5505098;10256;631;11699;12023;3.83;0.23;375.97;19.50;1443;59;4138.00;324
10259;44;5505112;10259;632;11699;12023;3.79;0.23;376.03;19.50;1440;59;4139.00;324
10261;44;5505128;10261;634;11726;12057;3.93;0.24;376.13;19.46;1465;59;4140.00;331
10265;44;5505145;10265;643;11726;12057;3.89;0.24;376.20;19.46;1461;59;4141.00;331
10268;44;5505161;10268;635;11727;12057;3.89;0.24;376.27;19.46;1459;59;4142.00;330
10271;44;5505175;10271;627;11727;12057;3.89;0.24;376.41;19.46;1456;59;4143.00;330
10275;44;5505190;10275;629;11728;12057;3.92;0.24;376.52;19.45;1453;59;4144.00;329
10276;44;5505205;10276;627;11728;12057;3.97;0.24;376.52;19.45;1452;59;4145.00;329
10279;44;5505220;10279;634;11728;12058;3.98;0.24;376.50;19.45;1449;59;4146.00;330
10282;44;5505235;10282;632;11728;12058;3.93;0.24;376.63;19.45;1446;59;4147.00;330
10286;44;5505250;10286;640;11732;12064;3.89;0.24;376.82;19.45;1446;59;4148.00;332
10288;44;5505266;10288;644;11733;12065;3.86;0.24;376.78;19.45;1445;59;4149.00;332
10293;44;5505280;10293;643;11733;12065;3.79;0.23;376.92;19.45;1440;59;4150.00;332
10297;44;5505295;10297;647;11733;12065;3.77;0.23;377.03;19.45;1436;59;4151.00;332
10300;44;5505310;10300;647;11735;12069;3.75;0.23;377.10;19.44;1435;59;4152.00;334
10304;44;5505325;10304;646;11737;12069;3.69;0.23;377.08;19.55;1433;59;4153.00;332
10309;44;5505341;10309;647;11737;12069;3.62;0.22;377.15;19.55;1428;59;4154.00;332
10312;44;5505356;10312;633;11739;12070;3.57;0.22;377.22;19.55;1427;59;4155.00;331
10315;44;5505372;10315;633;11742;12074;3.53;0.22;377.21;19.54;1427;59;4156.00;332
10319;44;5505387;10319;632;11742;12074;3.49;0.21;377.22;19.54;1423;59;4157.00;332
10323;44;5505401;10323;632;11744;12077;3.46;0.21;377.33;19.54;1421;59;4158.00;333
10327;44;5505422;10327;633;11744;12077;3.43;0.21;377.37;19.54;1417;59;4159.00;333
10331;44;5505437;10331;634;11744;12077;3.38;0.21;377.34;19.54;1413;59;4160.00;333
10331;44;5505451;10331;633;11744;12077;3.40;0.21;377.34;19.54;1413;59;4161.00;333
10333;44;5505466;10333;638;11747;12081;3.44;0.21;377.32;19.53;1414;59;4162.00;334
10336;44;5505488;10336;640;11748;12081;3.43;0.21;377.34;19.53;1412;59;4163.00;333
10340;44;5505502;10340;636;11748;12081;3.40;0.21;377.33;19.53;1408;59;4164.00;333
10342;44;5505518;10342;635;11748;12081;3.43;0.21;377.43;19.53;1406;59;4165.00;333
10349;44;5505533;10349;632;11749;12082;3.37;0.21;377.36;19.53;1400;59;4166.00;333
10353;44;5505548;10353;631;11750;12083;3.34;0.20;377.45;19.53;1397;59;4167.00;333
10358;44;5505563;10358;636;11750;12083;3.29;0.20;377.42;19.53;1392;59;4168.00;333
10360;44;5505577;10360;644;11751;12084;3.29;0.20;377.46;19.53;1391;59;4169.00;333
10363;44;5505593;10363;650;11751;12084;3.23;0.20;377.47;19.53;1388;59;4170.00;333
10365;44;5505606;10365;655;11751;12084;3.18;0.19;377.45;19.53;1386;59;4171.00;333
10369;44;5505620;10369;653;11751;12084;3.13;0.19;377.40;19.53;1382;59;4172.00;333
10371;44;5505635;10371;653;11753;12086;3.09;0.19;377.36;19.52;1382;59;4173.00;333
10372;44;5505649;10372;649;11753;12086;3.09;0.19;377.37;19.52;1381;59;4174.00;333
10375;44;5505663;10375;644;11753;12086;3.06;0.19;377.32;19.52;1378;59;4175.00;333
10377;44;5505678;10377;662;11823;12213;3.37;0.21;377.35;19.41;1446;59;4176.00;390
10379;44;5505703;10379;654;11826;12214;3.37;0.21;377.37;19.40;1447;59;4177.00;388
10380;44;5505717;10380;654;11834;12214;3.42;0.21;377.34;19.39;1454;59;4178.00;380
10381;44;5505732;10381;655;11835;12214;3.41;0.21;377.35;19.39;1454;59;4179.00;379
10385;44;5505747;10385;659;11839;12214;3.42;0.21;377.51;19.39;1454;59;4180.00;375
10387;44;5505761;10387;648;11844;12214;3.41;0.21;377.58;19.38;1457;59;4181.00;370
10388;44;5505775;10388;643;11849;12214;3.41;0.21;377.59;19.37;1461;59;4182.00;365
10388;44;5505790;10388;636;11851;12214;3.42;0.21;377.59;19.37;1463;59;4183.00;363
10389;44;5505810;10389;620;11853;12215;3.48;0.21;377.58;19.37;1464;59;4184.00;362
10390;44;5505826;10390;614;11858;12217;3.53;0.22;377.56;19.37;1468;59;4185.00;359
10391;44;5505844;10391;622;11860;12217;3.55;0.22;377.62;19.36;1469;59;4186.00;357
10391;44;5505860;10391;620;11861;12218;3.59;0.22;377.62;19.36;1470;59;4187.00;357
10392;44;5505875;10392;613;11863;12218;3.64;0.22;377.69;19.36;1471;59;4188.00;355
10392;44;5505892;10392;606;11865;12218;3.69;0.23;377.69;19.36;1473;59;4189.00;353
10392;44;5505915;10392;614;11870;12218;3.77;0.23;377.69;19.47;1478;59;4190.00;348
10393;44;5505931;10393;604;11875;12222;3.82;0.23;377.68;19.46;1482;59;4191.00;347
10394;44;5505948;10394;611;11876;12222;3.91;0.24;377.66;19.46;1482;59;4192.00;346
10394;44;5505964;10394;602;11876;12222;3.95;0.24;377.66;19.46;1482;59;4193.00;346
10394;44;5505979;10394;598;11879;12225;3.99;0.24;377.66;19.46;1485;59;4194.00;346
10394;44;5505996;10394;592;11879;12225;4.01;0.25;377.66;19.46;1485;59;4195.00;346
10394;44;5506011;10394;584;11881;12225;4.05;0.25;377.66;19.46;1487;59;4196.00;344
10395;44;5506028;10395;589;11884;12229;4.04;0.25;377.66;19.45;1489;59;4197.00;345
10397;44;5506044;10397;582;11886;12230;4.04;0.25;377.68;19.45;1489;59;4198.00;344
10399;44;5506061;10399;579;11886;12230;4.08;0.25;377.69;19.45;1487;59;4199.00;344
10403;44;5506078;10403;578;11895;12264;4.11;0.25;377.62;19.43;1492;59;4200.00;369
10404;44;5506101;10404;574;11896;12264;4.16;0.25;377.60;19.43;1492;59;4201.00;368
10406;44;5506118;10406;573;11896;12264;4.23;0.26;377.67;19.43;1490;59;4202.00;368
10407;44;5506134;10407;562;11897;12265;4.32;0.26;377.67;19.43;1490;59;4203.00;368
10408;44;5506151;10408;566;11899;12265;4.35;0.26;377.72;19.43;1491;59;4204.00;366
10410;44;5506167;10410;558;11903;12271;4.40;0.27;377.79;19.42;1493;59;4205.00;368
10412;44;5506183;10412;564;11906;12271;4.48;0.27;377.78;19.53;1494;59;4206.00;365
10416;44;5506200;10416;562;11907;12272;4.50;0.27;377.86;19.53;1491;59;4207.00;365
10417;44;5506217;10417;567;11907;12272;4.57;0.28;377.90;19.53;1490;59;4208.00;365
10420;44;5506233;10420;556;11907;12272;4.61;0.28;378.00;19.53;1487;59;4209.00;365
10423;44;5506249;10423;559;11907;12272;4.66;0.28;378.22;19.53;1484;59;4210.00;365
10426;44;5506266;10426;556;11907;12272;4.70;0.29;378.23;19.53;1481;59;4211.00;365
10427;44;5506282;10427;560;11917;12284;4.81;0.29;378.25;19.51;1490;59;4212.00;367
10429;44;5506301;10429;560;11919;12284;4.87;0.30;378.32;19.51;1490;59;4213.00;365
10431;44;5506318;10431;553;11920;12284;4.94;0.30;378.31;19.51;1489;59;4214.00;364
10433;44;5506334;10433;546;11920;12284;4.97;0.30;378.35;19.51;1487;59;4215.00;364
10435;44;5506350;10435;537;11920;12284;5.01;0.30;378.35;19.51;1485;59;4216.00;364
10439;44;5506367;10439;537;11921;12284;4.99;0.30;378.49;19.51;1482;59;4217.00;363
10440;44;5506384;10440;531;11925;12288;4.98;0.30;378.48;19.51;1485;59;4218.00;363
10442;44;5506401;10442;535;11925;12288;4.95;0.30;378.58;19.51;1483;59;4219.00;363
10446;44;5506418;10446;535;11928;12292;4.95;0.30;378.72;19.50;1482;59;4220.00;364
10449;44;5506435;10449;530;11930;12293;4.98;0.30;378.70;19.61;1481;59;4221.00;363
10452;44;5506451;10452;527;11931;12293;5.02;0.30;378.82;19.61;1479;59;4222.00;362
10454;44;5506468;10454;531;11932;12293;5.03;0.31;378.79;19.61;1478;59;4223.00;361
10457;44;5506484;10457;531;11940;12306;5.06;0.31;378.85;19.60;1483;59;4224.00;366
10459;44;5506501;10459;529;11941;12306;5.08;0.31;378.81;19.60;1482;59;4225.00;365
10461;44;5506518;10461;521;11942;12306;5.11;0.31;378.79;19.60;1481;59;4226.00;364
10465;44;5506536;10465;520;11943;12307;5.14;0.31;378.93;19.59;1478;59;4227.00;364
10466;44;5506553;10466;523;11944;12308;5.17;0.31;378.94;19.60;1478;59;4228.00;364
10469;44;5506569;10469;529;11944;12308;5.22;0.32;378.92;19.60;1475;59;4229.00;364
10469;44;5506589;10469;526;11950;12314;5.28;0.32;378.92;19.59;1481;59;4230.00;364
10471;44;5506606;10471;530;11950;12314;5.29;0.32;378.98;19.59;1479;59;4231.00;364
10473;44;5506622;10473;526;11951;12314;5.28;0.32;379.00;19.59;1478;59;4232.00;363
10477;44;5506639;10477;525;11951;12314;5.30;0.32;379.00;19.59;1474;59;4233.00;363
10478;44;5506661;10478;529;11957;12320;5.33;0.32;379.07;19.58;1479;59;4234.00;363
10480;44;5506678;10480;530;11957;12320;5.33;0.32;379.06;19.58;1477;59;4235.00;363
10483;44;5506696;10483;529;11957;12320;5.34;0.32;379.11;19.58;1474;59;4236.00;363
10485;44;5506713;10485;535;11958;12320;5.30;0.32;379.18;19.58;1473;59;4237.00;362
10488;44;5506729;10488;532;11961;12324;5.25;0.32;379.16;19.58;1473;59;4238.00;363
10492;44;5506745;10492;539;11962;12325;5.22;0.32;379.29;19.58;1470;59;4239.00;363
10496;44;5506761;10496;549;11963;12325;5.16;0.31;379.25;19.58;1467;59;4240.00;362
10500;44;5506777;10500;556;11964;12326;5.16;0.31;379.28;19.58;1464;59;4241.00;362
10504;44;5506793;10504;562;11965;12326;5.08;0.31;379.32;19.58;1461;59;4242.00;361
10508;44;5506810;10508;566;11965;12326;5.04;0.31;379.43;19.58;1457;59;4243.00;361
10511;44;5506826;10511;575;11965;12326;4.96;0.30;379.56;19.58;1454;59;4244.00;361
10514;44;5506841;10514;579;11965;12326;4.89;0.30;379.70;19.58;1451;59;4245.00;361
10517;44;5506856;10517;585;11966;12326;4.83;0.29;379.74;19.58;1449;59;4246.00;360
10521;44;5506871;10521;591;11966;12326;4.76;0.29;379.92;19.58;1445;59;4247.00;360
10523;44;5506887;10523;614;12003;12396;4.85;0.30;379.99;19.53;1480;59;4248.00;393
10525;44;5506907;10525;611;12005;12397;4.82;0.29;380.01;19.52;1480;59;4249.00;392
10531;44;5506923;10531;620;12013;12397;4.80;0.29;380.13;19.51;1482;59;4250.00;384
10532;44;5506938;10532;628;12017;12397;4.75;0.29;380.13;19.51;1485;59;4251.00;380
10534;44;5506954;10534;633;12023;12397;4.76;0.29;380.21;19.51;1489;59;4252.00;374
10536;44;5506969;10536;631;12025;12397;4.74;0.29;380.37;19.50;1489;59;4253.00;372
10536;44;5506985;10536;646;12031;12397;4.73;0.29;380.37;19.50;1495;59;4254.00;366
10539;44;5507000;10539;640;12032;12397;4.71;0.29;380.39;19.50;1493;59;4255.00;365
10541;44;5507016;10541;639;12033;12398;4.71;0.29;380.43;19.50;1492;59;4256.00;365
10545;44;5507031;10545;644;12036;12399;4.69;0.29;380.46;19.49;1491;59;4257.00;363
10549;44;5507048;10549;651;12037;12399;4.64;0.28;380.56;19.49;1488;59;4258.00;362
10553;44;5507067;10553;652;12043;12403;4.63;0.28;380.52;19.49;1490;59;4259.00;360
10555;44;5507085;10555;657;12043;12403;4.61;0.28;380.60;19.49;1488;59;4260.00;360
10556;44;5507101;10556;660;12043;12403;4.59;0.28;380.64;19.49;1487;59;4261.00;360
10558;44;5507116;10558;671;12043;12403;4.59;0.28;380.69;19.49;1485;59;4262.00;360
10560;44;5507132;10560;674;12048;12409;4.63;0.28;380.65;19.48;1488;59;4263.00;361
10563;44;5507148;10563;686;12048;12409;4.62;0.28;380.68;19.48;1485;59;4264.00;361
10568;44;5507164;10568;689;12048;12409;4.60;0.28;380.66;19.48;1480;59;4265.00;361
10568;44;5507178;10568;693;12051;12412;4.62;0.28;380.66;19.47;1483;59;4266.00;361
10570;44;5507194;10570;697;12051;12412;4.63;0.28;380.74;19.47;1481;59;4267.00;361
10572;44;5507209;10572;691;12051;12412;4.58;0.28;380.69;19.47;1479;59;4268.00;361
10576;44;5507224;10576;691;12051;12413;4.52;0.28;380.81;19.47;1475;59;4269.00;362
10578;44;5507239;10578;694;12052;12414;4.49;0.27;380.82;19.47;1474;59;4270.00;362
10580;44;5507253;10580;696;12052;12414;4.41;0.27;380.85;19.47;1472;59;4271.00;362
10585;44;5507268;10585;701;12063;12427;4.35;0.27;381.12;19.45;1478;59;4272.00;364
10588;44;5507283;10588;706;12063;12427;4.35;0.27;381.18;19.45;1475;59;4273.00;364
10592;44;5507298;10592;705;12063;12427;4.28;0.26;381.24;19.45;1471;59;4274.00;364
10595;44;5507313;10595;698;12065;12429;4.24;0.26;381.19;19.45;1470;59;4275.00;364
10600;44;5507332;10600;695;12065;12429;4.21;0.26;381.24;19.45;1465;59;4276.00;364
10604;44;5507348;10604;692;12068;12433;4.19;0.26;381.37;19.45;1464;59;4277.00;365
10605;44;5507364;10605;689;12068;12433;4.19;0.26;381.37;19.45;1463;59;4278.00;365
10607;44;5507379;10607;686;12071;12437;4.18;0.26;381.39;19.44;1464;59;4279.00;366
10611;44;5507394;10611;676;12071;12437;4.14;0.25;381.48;19.44;1460;59;4280.00;366
10613;44;5507411;10613;683;12071;12437;4.14;0.25;381.46;19.44;1458;59;4281.00;366
10616;44;5507426;10616;689;12071;12437;4.10;0.25;381.55;19.44;1455;59;4282.00;366
10618;44;5507441;10618;696;12071;12437;4.10;0.25;381.63;19.44;1453;59;4283.00;366
10621;44;5507456;10621;696;12081;12449;4.10;0.25;381.69;19.43;1460;59;4284.00;368
10625;44;5507471;10625;695;12081;12449;4.01;0.24;381.65;19.43;1456;59;4285.00;368
10629;44;5507485;10629;701;12081;12449;3.92;0.24;381.78;19.43;1452;59;4286.00;368
10632;44;5507500;10632;703;12081;12449;3.82;0.23;381.87;19.43;1449;59;4287.00;368
10637;44;5507514;10637;703;12081;12449;3.65;0.22;381.84;19.43;1444;59;4288.00;368
10640;44;5507529;10640;710;12081;12449;3.53;0.21;381.95;19.43;1441;59;4289.00;368
10643;44;5507546;10643;701;12081;12450;3.48;0.21;382.04;19.43;1438;59;4290.00;369
10643;44;5507561;10643;702;12081;12450;3.44;0.21;382.04;19.43;1438;59;4291.00;369
10647;44;5507576;10647;700;12085;12456;3.42;0.21;382.13;19.42;1438;59;4292.00;371
10649;44;5507590;10649;709;12086;12457;3.39;0.21;382.17;19.42;1437;59;4293.00;371
10649;44;5507605;10649;701;12086;12457;3.37;0.21;382.17;19.42;1437;59;4294.00;371
10652;44;5507619;10652;704;12086;12457;3.35;0.20;382.19;19.42;1434;59;4295.00;371
10656;44;5507633;10656;701;12089;12461;3.34;0.20;382.30;19.41;1433;59;4296.00;372
10658;44;5507647;10658;699;12089;12461;3.33;0.20;382.24;19.41;1431;59;4297.00;372
10659;44;5507662;10659;690;12089;12461;3.34;0.20;382.26;19.41;1430;59;4298.00;372
10662;44;5507677;10662;693;12090;12462;3.33;0.20;382.21;19.41;1428;59;4299.00;372
10664;44;5507693;10664;693;12093;12466;3.30;0.20;382.26;19.41;1429;59;4300.00;373
10666;44;5507712;10666;698;12093;12466;3.27;0.20;382.21;19.41;1427;59;4301.00;373
10670;44;5507727;10670;698;12095;12469;3.24;0.20;382.17;19.40;1425;59;4302.00;374
10674;44;5507742;10674;693;12095;12469;3.22;0.20;382.15;19.40;1421;59;4303.00;374
10676;44;5507757;10676;701;12095;12469;3.25;0.20;382.10;19.40;1419;59;4304.00;374
10681;44;5507771;10681;706;12095;12469;3.21;0.20;382.06;19.40;1414;59;4305.00;374
10683;44;5507785;10683;703;12098;12473;3.26;0.20;382.09;19.40;1415;59;4306.00;375
10684;44;5507801;10684;709;12098;12473;3.26;0.20;382.06;19.40;1414;59;4307.00;375
10688;44;5507814;10688;716;12099;12473;3.25;0.20;382.00;19.51;1411;59;4308.00;374
10692;44;5507829;10692;709;12099;12473;3.25;0.20;381.95;19.51;1407;59;4309.00;374
10696;44;5507843;10696;715;12099;12474;3.22;0.20;381.90;19.51;1403;59;4310.00;375
10699;44;5507858;10699;716;12099;12475;3.21;0.20;381.85;19.51;1400;59;4311.00;376
10702;44;5507872;10702;706;12099;12475;3.19;0.20;381.79;19.51;1397;59;4312.00;376
10704;44;5507887;10704;703;12100;12476;3.22;0.20;381.81;19.51;1396;59;4313.00;376
10709;44;5507903;10709;706;12100;12476;3.16;0.19;381.73;19.51;1391;59;4314.00;376
10710;44;5507917;10710;714;12100;12476;3.15;0.19;381.72;19.51;1390;59;4315.00;376
10714;44;5507931;10714;710;12100;12476;3.06;0.19;381.68;19.51;1386;59;4316.00;376
10716;44;5507945;10716;718;12100;12476;3.01;0.18;381.64;19.51;1384;59;4317.00;376
10719;44;5507959;10719;714;12100;12476;2.99;0.18;381.65;19.51;1381;59;4318.00;376
10724;44;5507972;10724;708;12100;12476;2.99;0.18;381.67;19.51;1376;59;4319.00;376
10726;44;5507987;10726;740;12210;12706;3.46;0.22;381.72;19.33;1484;59;4320.00;496
10728;44;5508021;10728;736;12216;12707;3.46;0.22;381.74;19.32;1488;59;4321.00;491
10730;44;5508036;10730;729;12223;12707;3.56;0.23;381.71;19.31;1493;59;4322.00;484
10734;44;5508050;10734;721;12225;12707;3.62;0.23;381.70;19.31;1491;59;4323.00;482
10735;44;5508065;10735;722;12231;12707;3.67;0.23;381.67;19.30;1496;59;4324.00;476
10737;44;5508080;10737;713;12235;12707;3.70;0.23;381.65;19.30;1498;59;4325.00;472
10739;44;5508096;10739;715;12239;12707;3.68;0.23;381.66;19.29;1500;59;4326.00;468
10739;44;5508110;10739;714;12243;12707;3.70;0.23;381.66;19.29;1504;59;4327.00;464
10742;44;5508125;10742;715;12248;12708;3.66;0.23;381.69;19.29;1506;59;4328.00;460
10744;44;5508141;10744;715;12253;12709;3.64;0.23;381.72;19.28;1509;59;4329.00;456
10747;44;5508156;10747;712;12257;12709;3.59;0.22;381.69;19.28;1510;59;4330.00;452
10750;44;5508170;10750;711;12260;12710;3.50;0.22;381.69;19.28;1510;59;4331.00;450
10753;44;5508185;10753;703;12262;12710;3.45;0.22;381.61;19.28;1509;59;4332.00;448
10754;44;5508200;10754;701;12263;12710;3.45;0.21;381.59;19.27;1509;59;4333.00;447
10756;44;5508217;10756;704;12265;12710;3.50;0.22;381.59;19.27;1509;59;4334.00;445
10760;44;5508231;10760;707;12269;12714;3.50;0.22;381.71;19.38;1509;59;4335.00;445
10763;44;5508249;10763;707;12270;12714;3.55;0.22;381.71;19.38;1507;59;4336.00;444
10765;44;5508263;10765;701;12272;12714;3.59;0.22;381.72;19.38;1507;59;4337.00;442
10766;44;5508279;10766;697;12273;12717;3.62;0.22;381.74;19.38;1507;59;4338.00;444
10768;44;5508296;10768;700;12275;12717;3.61;0.22;381.75;19.38;1507;59;4339.00;442
10770;44;5508328;10770;697;12276;12717;3.62;0.22;381.76;19.38;1506;59;4340.00;441
10774;44;5508348;10774;688;12280;12721;3.61;0.22;381.79;19.37;1506;59;4341.00;441
10776;44;5508364;10776;691;12281;12722;3.60;0.22;381.85;19.37;1505;59;4342.00;441
10779;44;5508380;10779;687;12282;12722;3.61;0.22;381.88;19.37;1503;59;4343.00;440
10783;44;5508396;10783;695;12284;12726;3.65;0.22;381.81;19.37;1501;59;4344.00;442
10786;44;5508412;10786;689;12285;12726;3.67;0.22;381.82;19.37;1499;59;4345.00;441
10789;44;5508428;10789;673;12287;12726;3.70;0.23;381.83;19.37;1498;59;4346.00;439
10791;44;5508443;10791;665;12287;12727;3.76;0.23;381.84;19.37;1496;59;4347.00;440
10794;44;5508459;10794;653;12288;12727;3.76;0.23;381.78;19.37;1494;59;4348.00;439
10794;44;5508475;10794;653;12292;12733;3.81;0.23;381.78;19.36;1498;59;4349.00;441
10797;44;5508492;10797;653;12293;12733;3.84;0.23;381.83;19.47;1496;59;4350.00;440
10798;44;5508509;10798;651;12293;12734;3.88;0.24;381.84;19.47;1495;59;4351.00;441
10800;44;5508525;10800;633;12294;12734;3.91;0.24;381.88;19.47;1494;59;4352.00;440
10802;44;5508541;10802;631;12294;12734;3.96;0.24;381.92;19.47;1492;59;4353.00;440
10803;44;5508557;10803;643;12294;12734;3.97;0.24;381.92;19.47;1491;59;4354.00;440
10804;44;5508573;10804;641;12296;12734;3.98;0.24;381.93;19.48;1492;59;4355.00;438
10808;44;5508589;10808;640;12304;12746;4.03;0.25;381.87;19.46;1496;59;4356.00;442
10809;44;5508606;10809;651;12305;12746;4.04;0.25;381.96;19.47;1496;59;4357.00;441
10811;44;5508622;10811;644;12306;12746;4.08;0.25;382.11;19.47;1495;59;4358.00;440
10813;44;5508637;10813;638;12306;12746;4.09;0.25;382.10;19.47;1493;59;4359.00;440
10814;44;5508653;10814;638;12307;12746;4.12;0.25;382.11;19.47;1493;59;4360.00;439
10818;44;5508669;10818;631;12307;12746;4.12;0.25;382.16;19.47;1489;59;4361.00;439
10823;44;5508685;10823;621;12310;12750;4.08;0.25;382.19;19.46;1487;59;4362.00;440
10824;44;5508701;10824;618;12312;12750;4.10;0.25;382.20;19.47;1488;59;4363.00;438
10826;44;5508717;10826;616;12315;12754;4.15;0.25;382.32;19.46;1489;59;4364.00;439
10830;44;5508733;10830;606;12316;12756;4.15;0.25;382.37;19.46;1486;59;4365.00;440
10832;44;5508749;10832;607;12318;12756;4.19;0.26;382.44;19.47;1486;59;4366.00;438
10836;44;5508765;10836;608;12318;12756;4.18;0.26;382.61;19.47;1482;59;4367.00;438
10838;44;5508780;10838;608;12326;12769;4.30;0.26;382.68;19.45;1488;59;4368.00;443
10841;44;5508798;10841;611;12328;12769;4.35;0.27;382.70;19.56;1487;59;4369.00;441
10843;44;5508814;10843;613;12329;12769;4.41;0.27;382.85;19.56;1486;59;4370.00;440
10847;44;5508830;10847;613;12332;12770;4.46;0.27;382.98;19.57;1485;59;4371.00;438
10850;44;5508847;10850;618;12332;12771;4.51;0.27;382.96;19.57;1482;59;4372.00;439
10850;44;5508863;10850;609;12332;12771;4.57;0.28;382.96;19.57;1482;59;4373.00;439
10851;44;5508879;10851;608;12333;12774;4.62;0.28;382.93;19.56;1482;59;4374.00;441
10852;44;5508895;10852;610;12335;12774;4.66;0.28;382.91;19.57;1483;59;4375.00;439
10854;44;5508911;10854;606;12336;12774;4.70;0.29;382.97;19.57;1482;60;4376.00;438
10857;44;5508935;10857;613;12337;12774;4.69;0.29;383.19;19.58;1480;60;4377.00;437
10860;44;5508951;10860;610;12345;12780;4.70;0.29;383.27;19.84;1485;61;4378.00;435
10863;44;5508977;10863;622;12346;12780;4.64;0.28;383.32;19.84;1483;61;4379.00;434
10865;44;5509002;10865;618;12348;12780;4.59;0.28;383.32;19.85;1483;61;4380.00;432
10867;44;5509028;10867;618;12348;12780;4.55;0.28;383.36;19.85;1481;61;4381.00;432
10874;44;5509051;10874;616;12351;12784;4.47;0.27;383.49;19.85;1477;61;4382.00;433
10878;44;5509076;10878;609;12352;12785;4.44;0.27;383.77;19.85;1474;61;4383.00;433
10879;44;5509097;10879;604;12353;12785;4.45;0.27;383.81;19.85;1474;61;4384.00;432
10882;44;5509120;10882;595;12354;12786;4.46;0.27;383.87;19.85;1472;61;4385.00;432
10883;44;5509138;10883;593;12354;12786;4.49;0.27;383.89;19.85;1471;61;4386.00;432
10888;44;5509162;10888;577;12355;12786;4.47;0.27;384.06;19.86;1467;61;4387.00;431
10892;44;5509186;10892;584;12356;12786;4.47;0.27;384.32;19.97;1464;61;4388.00;430
10893;44;5509205;10893;570;12357;12786;4.50;0.27;384.32;19.97;1464;61;4389.00;429
10896;44;5509223;10896;571;12358;12786;4.53;0.28;384.41;20.08;1462;61;4390.00;428
10898;44;5509239;10898;563;12358;12786;4.55;0.28;384.43;20.08;1460;61;4391.00;428
10900;44;5509256;10900;575;12394;12856;4.62;0.28;384.44;20.03;1494;61;4392.00;462
10904;44;5509278;10904;571;12394;12857;4.59;0.28;384.44;20.03;1490;61;4393.00;463
10906;44;5509294;10906;571;12396;12857;4.60;0.28;384.50;20.02;1490;61;4394.00;461
10908;44;5509310;10908;576;12400;12857;4.59;0.28;384.56;20.13;1492;61;4395.00;457
10911;44;5509327;10911;575;12402;12857;4.60;0.28;384.58;20.13;1491;61;4396.00;455
10917;44;5509343;10917;574;12403;12857;4.55;0.28;384.56;20.13;1486;61;4397.00;454
10922;44;5509359;10922;571;12405;12857;4.58;0.28;384.55;20.13;1483;62;4398.00;452
10927;44;5509380;10927;563;12408;12857;4.56;0.28;384.72;20.13;1481;62;4399.00;449
10929;44;5509404;10929;568;12409;12858;4.54;0.28;384.82;20.13;1480;62;4400.00;449
10932;44;5509425;10932;582;12412;12859;4.52;0.27;384.91;20.13;1480;62;4401.00;447
10933;44;5509442;10933;581;12414;12859;4.49;0.27;385.00;20.13;1481;62;4402.00;445
10934;44;5509459;10934;575;12420;12863;4.45;0.27;385.03;20.12;1486;62;4403.00;443
10936;44;5509476;10936;575;12422;12863;4.42;0.27;385.15;20.13;1486;62;4404.00;441
10937;44;5509494;10937;578;12423;12863;4.42;0.27;385.18;20.13;1486;62;4405.00;440
10939;44;5509510;10939;585;12425;12863;4.40;0.27;385.17;20.13;1486;62;4406.00;438
10941;44;5509529;10941;584;12431;12869;4.39;0.27;385.25;20.14;1490;62;4407.00;438
10946;44;5509548;10946;588;12431;12869;4.39;0.27;385.35;20.14;1485;62;4408.00;438
10949;44;5509565;10949;588;12433;12869;4.40;0.27;385.51;20.14;1484;62;4409.00;436
10951;44;5509585;10951;598;12438;12875;4.43;0.27;385.57;20.14;1487;62;4410.00;437
10955;44;5509604;10955;602;12439;12875;4.43;0.27;385.62;20.14;1484;62;4411.00;436
10956;44;5509622;10956;608;12440;12875;4.46;0.27;385.67;20.14;1484;62;4412.00;435
10960;44;5509639;10960;608;12441;12876;4.43;0.27;385.67;20.23;1481;62;4413.00;435
10963;44;5509657;10963;610;12442;12877;4.42;0.27;385.77;20.23;1479;62;4414.00;435
10965;44;5509674;10965;614;12443;12877;4.42;0.27;385.83;20.24;1478;62;4415.00;434
10967;44;5509690;10967;625;12452;12890;4.43;0.27;385.85;20.23;1485;62;4416.00;438
10968;44;5509708;10968;626;12453;12890;4.44;0.27;385.97;20.24;1485;62;4417.00;437
10970;44;5509725;10970;629;12453;12890;4.41;0.27;386.00;20.24;1483;62;4418.00;437
10972;44;5509742;10972;632;12454;12891;4.38;0.27;386.07;20.24;1482;62;4419.00;437
10976;44;5509759;10976;638;12455;12891;4.38;0.27;386.06;20.24;1479;62;4420.00;436
10981;44;5509775;10981;638;12458;12895;4.34;0.26;385.97;20.24;1477;62;4421.00;437
10982;44;5509792;10982;639;12459;12895;4.29;0.26;385.96;20.24;1477;62;4422.00;436
10986;44;5509807;10986;640;12461;12899;4.27;0.26;385.99;20.24;1475;62;4423.00;438
10986;44;5509823;10986;639;12461;12899;4.28;0.26;385.99;20.24;1475;62;4424.00;438
10989;44;5509844;10989;640;12462;12899;4.30;0.26;386.14;20.24;1473;63;4425.00;437
10989;44;5509870;10989;634;12463;12899;4.34;0.26;386.14;20.24;1474;63;4426.00;436
10991;44;5509887;10991;635;12464;12899;4.32;0.26;386.09;20.24;1473;63;4427.00;435
10993;44;5509904;10993;635;12474;12911;4.33;0.27;386.13;20.23;1481;63;4428.00;437
10996;44;5509920;10996;640;12475;12911;4.31;0.26;386.22;20.22;1479;63;4429.00;436
11000;44;5509937;11000;638;12475;12911;4.30;0.26;386.31;20.22;1475;63;4430.00;436
11002;44;5509953;11002;653;12475;12911;4.28;0.26;386.35;20.22;1473;63;4431.00;436
11004;44;5509969;11004;652;12475;12911;4.30;0.26;386.48;20.22;1471;63;4432.00;436
11006;44;5509985;11006;660;12475;12911;4.34;0.27;386.54;20.22;1469;63;4433.00;436
11010;44;5510000;11010;668;12475;12912;4.36;0.27;386.64;20.22;1465;63;4434.00;437
11012;44;5510015;11012;668;12475;12912;4.34;0.27;386.69;20.22;1463;63;4435.00;437
11013;44;5510031;11013;676;12479;12918;4.34;0.27;386.74;20.22;1466;63;4436.00;439
11014;44;5510048;11014;685;12479;12919;4.29;0.26;386.78;20.22;1465;63;4437.00;440
11017;44;5510063;11017;691;12479;12919;4.25;0.26;386.81;20.22;1462;63;4438.00;440
11020;44;5510079;11020;693;12479;12919;4.19;0.26;386.89;20.22;1459;63;4439.00;440
11022;44;5510096;11022;691;12483;12924;4.17;0.25;386.90;20.21;1461;63;4440.00;441
11024;44;5510112;11024;695;12483;12924;4.10;0.25;386.87;20.21;1459;63;4441.00;441
11027;44;5510128;11027;695;12483;12924;4.08;0.25;386.86;20.21;1456;63;4442.00;441
11031;44;5510143;11031;694;12484;12925;4.05;0.25;386.90;20.21;1453;63;4443.00;441
11033;44;5510158;11033;693;12487;12929;4.04;0.25;386.99;20.21;1454;63;4444.00;442
11035;44;5510175;11035;695;12487;12929;4.00;0.24;387.10;20.21;1452;63;4445.00;442
11037;44;5510190;11037;689;12488;12932;3.99;0.24;387.16;20.20;1451;63;4446.00;444
11039;44;5510205;11039;685;12488;12932;3.95;0.24;387.13;20.20;1449;63;4447.00;444
11043;44;5510219;11043;682;12488;12932;3.90;0.24;387.04;20.20;1445;63;4448.00;444
11044;44;5510234;11044;679;12488;12932;3.86;0.24;387.08;20.20;1444;63;4449.00;444
11046;44;5510248;11046;679;12491;12936;3.88;0.24;387.08;20.20;1445;63;4450.00;445
11048;44;5510263;11048;683;12491;12936;3.88;0.24;387.04;20.20;1443;63;4451.00;445
11050;44;5510278;11050;682;12491;12936;3.82;0.23;387.07;20.20;1441;63;4452.00;445
11051;44;5510292;11051;683;12491;12936;3.69;0.23;387.08;20.20;1440;63;4453.00;445
11057;44;5510306;11057;685;12491;12937;3.59;0.22;387.18;20.20;1434;63;4454.00;446
11058;44;5510320;11058;674;12492;12939;3.56;0.22;387.20;20.20;1434;63;4455.00;447
11063;44;5510334;11063;673;12492;12939;3.50;0.21;387.23;20.20;1429;63;4456.00;447
11066;44;5510349;11066;673;12493;12940;3.49;0.21;387.20;20.20;1427;63;4457.00;447
11068;44;5510363;11068;668;12493;12940;3.53;0.22;387.21;20.20;1425;63;4458.00;447
11071;44;5510378;11071;673;12493;12940;3.55;0.22;387.16;20.20;1422;63;4459.00;447
11074;44;5510392;11074;671;12493;12940;3.54;0.22;387.18;20.20;1419;63;4460.00;447
11077;44;5510406;11077;672;12493;12940;3.55;0.22;387.14;20.20;1416;63;4461.00;447
11078;44;5510420;11078;666;12493;12940;3.56;0.22;387.12;20.20;1415;63;4462.00;447
11083;44;5510434;11083;663;12493;12940;3.52;0.22;387.16;20.20;1410;63;4463.00;447
11084;44;5510448;11084;663;12555;13067;3.88;0.24;387.15;20.10;1471;63;4464.00;512
11086;44;5510471;11086;657;12559;13068;3.85;0.24;387.16;20.09;1473;63;4465.00;509
11090;44;5510484;11090;659;12568;13068;3.83;0.24;387.08;20.08;1478;63;4466.00;500
11092;44;5510498;11092;663;12568;13068;3.81;0.24;387.13;20.08;1476;63;4467.00;500
11092;44;5510512;11092;670;12572;13068;3.79;0.24;387.13;20.07;1480;63;4468.00;496
11097;44;5510527;11097;680;12574;13068;3.76;0.24;387.14;20.07;1477;63;4469.00;494
11100;44;5510543;11100;683;12575;13068;3.72;0.23;387.11;20.07;1475;63;4470.00;493
11105;44;5510557;11105;676;12577;13068;3.69;0.23;387.05;20.07;1472;63;4471.00;491
11109;44;5510577;11109;695;12577;13069;3.64;0.23;387.08;20.07;1468;63;4472.00;492
11112;44;5510592;11112;692;12579;13070;3.65;0.23;387.19;20.07;1467;63;4473.00;491
11118;44;5510606;11118;696;12581;13070;3.65;0.23;387.20;20.06;1463;63;4474.00;489
11123;44;5510621;11123;698;12583;13071;3.62;0.23;387.19;20.06;1460;63;4475.00;488
11124;44;5510636;11124;709;12585;13071;3.60;0.22;387.16;20.06;1461;63;4476.00;486
11130;44;5510657;11130;696;12587;13071;3.60;0.22;387.12;20.06;1457;63;4477.00;484
11134;44;5510672;11134;685;12588;13071;3.58;0.22;387.05;20.06;1454;63;4478.00;483
11137;44;5510686;11137;682;12591;13075;3.61;0.22;387.05;20.06;1454;63;4479.00;484
11140;44;5510702;11140;678;12592;13075;3.60;0.22;386.99;20.06;1452;63;4480.00;483
11143;44;5510717;11143;678;12593;13075;3.60;0.22;386.99;20.05;1450;63;4481.00;482
11146;44;5510732;11146;683;12594;13078;3.58;0.22;386.95;20.05;1448;63;4482.00;484
11149;44;5510747;11149;686;12594;13078;3.57;0.22;386.97;20.05;1445;63;4483.00;484
11150;44;5510767;11150;696;12595;13078;3.60;0.22;386.99;20.06;1445;63;4484.00;483
11153;44;5510781;11153;693;12598;13082;3.62;0.22;387.03;20.05;1445;63;4485.00;484
11157;44;5510802;11157;698;12599;13083;3.64;0.23;387.11;20.05;1442;63;4486.00;484
11164;44;5510817;11164;689;12599;13083;3.65;0.22;387.06;20.05;1435;63;4487.00;484
11166;44;5510832;11166;694;12603;13087;3.70;0.23;387.03;20.16;1437;63;4488.00;484
11168;44;5510847;11168;694;12603;13087;3.74;0.23;387.03;20.16;1435;63;4489.00;484
11168;44;5510862;11168;691;12603;13087;3.75;0.23;387.03;20.16;1435;63;4490.00;484
11174;44;5510876;11174;696;12603;13088;3.74;0.23;386.95;20.16;1429;63;4491.00;485
11177;44;5510891;11177;695;12603;13088;3.73;0.23;386.99;20.16;1426;63;4492.00;485
11181;44;5510906;11181;692;12607;13094;3.74;0.23;386.94;20.15;1426;63;4493.00;487
11185;44;5510922;11185;682;12607;13094;3.76;0.23;386.86;20.15;1422;63;4494.00;487
11188;44;5510936;11188;679;12607;13095;3.75;0.23;386.88;20.15;1419;63;4495.00;488
11192;44;5510951;11192;674;12607;13095;3.76;0.23;386.90;20.15;1415;63;4496.00;488
11193;44;5510966;11193;678;12607;13095;3.81;0.23;386.88;20.15;1414;63;4497.00;488
11196;44;5510980;11196;683;12607;13095;3.83;0.23;386.87;20.15;1411;63;4498.00;488
11199;44;5510995;11199;680;12607;13095;3.85;0.23;386.83;20.15;1408;63;4499.00;488
11203;44;5511012;11203;688;12632;13145;3.97;0.24;386.89;20.12;1429;63;4500.00;513
11204;44;5511036;11204;684;12633;13147;3.97;0.24;386.97;20.12;1429;63;4501.00;514
11206;44;5511051;11206;680;12636;13147;4.02;0.25;386.97;20.11;1430;63;4502.00;511
11210;44;5511067;11210;680;12636;13147;4.05;0.25;387.15;20.11;1426;63;4503.00;511
11211;44;5511082;11211;674;12638;13147;4.06;0.25;387.15;20.11;1427;63;4504.00;509
11216;44;5511096;11216;668;12638;13147;4.04;0.25;387.19;20.11;1422;63;4505.00;509
11220;44;5511111;11220;674;12644;13151;3.96;0.24;387.38;20.10;1424;63;4506.00;507
11222;44;5511127;11222;666;12644;13151;3.96;0.24;387.50;20.10;1422;63;4507.00;507
11225;44;5511142;11225;667;12646;13155;3.93;0.24;387.67;20.10;1421;63;4508.00;509
11227;44;5511158;11227;661;12646;13156;3.90;0.24;387.65;20.10;1419;63;4509.00;510
11230;44;5511174;11230;659;12646;13156;3.87;0.24;387.70;20.10;1416;63;4510.00;510
11231;44;5511189;11231;644;12646;13156;3.89;0.24;387.78;20.10;1415;63;4511.00;510
11231;44;5511205;11231;650;12658;13169;3.94;0.24;387.78;20.09;1427;63;4512.00;511
11234;44;5511222;11234;642;12658;13169;3.94;0.24;388.02;20.09;1424;63;4513.00;511
11235;44;5511238;11235;623;12658;13169;4.02;0.24;388.01;20.09;1423;63;4514.00;511
11237;44;5511254;11237;610;12659;13170;4.03;0.25;388.15;20.09;1422;63;4515.00;511
11238;44;5511270;11238;605;12659;13171;4.07;0.25;388.23;20.09;1421;63;4516.00;512
11239;44;5511286;11239;606;12661;13171;4.14;0.25;388.30;20.10;1422;63;4517.00;510
11241;44;5511302;11241;601;12663;13174;4.17;0.25;388.38;20.10;1422;63;4518.00;511
11243;44;5511319;11243;600;12664;13174;4.19;0.26;388.47;20.21;1421;63;4519.00;510
11244;44;5511335;11244;592;12665;13174;4.22;0.26;388.46;20.22;1421;63;4520.00;509
11245;44;5511351;11245;602;12665;13174;4.22;0.26;388.54;20.22;1420;63;4521.00;509
11247;44;5511368;11247;592;12669;13180;4.26;0.26;388.56;20.22;1422;63;4522.00;511
11250;44;5511384;11250;585;12670;13180;4.28;0.26;388.67;20.22;1420;63;4523.00;510
11253;44;5511399;11253;586;12672;13180;4.24;0.26;388.75;20.23;1419;63;4524.00;508
11254;44;5511414;11254;584;12672;13180;4.29;0.26;388.84;20.23;1418;63;4525.00;508
11254;44;5511430;11254;580;12675;13184;4.35;0.27;388.84;20.23;1421;63;4526.00;509
11257;44;5511445;11257;572;12677;13185;4.38;0.27;388.85;20.24;1420;63;4527.00;508
11259;44;5511460;11259;561;12678;13185;4.46;0.27;388.86;20.24;1419;63;4528.00;507
11260;44;5511475;11260;566;12680;13186;4.53;0.28;388.84;20.24;1420;63;4529.00;506
11262;44;5511492;11262;560;12680;13186;4.54;0.28;388.92;20.24;1418;63;4530.00;506
11265;44;5511507;11265;555;12680;13186;4.55;0.28;388.90;20.24;1415;63;4531.00;506
11266;44;5511522;11266;559;12680;13186;4.55;0.28;388.95;20.24;1414;63;4532.00;506
11270;44;5511537;11270;562;12682;13186;4.55;0.28;388.99;20.26;1412;63;4533.00;504
11271;44;5511557;11271;563;12684;13186;4.55;0.28;389.06;20.27;1413;63;4534.00;502
11272;44;5511574;11272;569;12684;13186;4.55;0.28;389.03;20.27;1412;63;4535.00;502
11276;44;5511593;11276;585;12722;13256;4.51;0.27;389.04;20.32;1446;63;4536.00;534
11279;44;5511616;11279;583;12724;13257;4.54;0.27;389.29;20.32;1445;63;4537.00;533
11281;44;5511633;11281;583;12726;13257;4.57;0.28;389.26;20.33;1445;63;4538.00;531
11283;44;5511648;11283;588;12728;13257;4.60;0.28;389.29;20.34;1445;63;4539.00;529
11286;44;5511664;11286;594;12733;13257;4.62;0.28;389.34;20.35;1447;63;4540.00;524
11286;44;5511680;11286;595;12733;13257;4.66;0.28;389.34;20.35;1447;63;4541.00;524
11288;44;5511696;11288;605;12737;13257;4.71;0.28;389.33;20.36;1449;63;4542.00;520
11289;44;5511712;11289;612;12741;13257;4.75;0.29;389.32;20.36;1452;63;4543.00;516
11291;44;5511729;11291;599;12743;13258;4.75;0.29;389.37;20.36;1452;63;4544.00;515
11292;44;5511748;11292;592;12746;13260;4.75;0.29;389.35;20.36;1454;63;4545.00;514
11294;44;5511772;11294;592;12749;13260;4.71;0.29;389.42;20.36;1455;63;4546.00;511
11294;44;5511805;11294;589;12753;13264;4.71;0.29;389.42;20.37;1459;63;4547.00;511
11294;44;5511825;11294;581;12755;13264;4.74;0.29;389.42;20.48;1461;63;4548.00;509
11295;44;5511851;11295;578;12756;13264;4.74;0.29;389.41;20.49;1461;63;4549.00;508
11298;44;5511877;11298;569;12757;13264;4.70;0.29;389.40;20.50;1459;63;4550.00;507
11299;44;5511895;11299;561;12761;13270;4.72;0.29;389.39;20.50;1462;63;4551.00;509
11301;44;5511914;11301;557;12762;13270;4.74;0.29;389.46;20.51;1461;63;4552.00;508
11305;44;5511931;11305;560;12762;13270;4.75;0.29;389.46;20.51;1457;63;4553.00;508
11307;44;5511948;11307;560;12764;13273;4.75;0.29;389.45;20.52;1457;63;4554.00;509
11310;44;5511964;11310;562;12767;13273;4.76;0.29;389.48;20.53;1457;63;4555.00;506
11314;44;5511981;11314;562;12768;13273;4.76;0.29;389.55;20.53;1454;63;4556.00;505
11314;44;5511997;11314;558;12768;13274;4.83;0.29;389.55;20.53;1454;63;4557.00;506
11317;44;5512013;11317;564;12770;13275;4.87;0.30;389.55;20.54;1453;63;4558.00;505
11322;44;5512030;11322;556;12770;13275;4.91;0.30;389.62;20.54;1448;63;4559.00;505
11327;44;5512048;11327;555;12786;13301;4.94;0.30;389.71;20.51;1459;63;4560.00;515
11332;44;5512066;11332;550;12786;13301;4.92;0.30;389.82;20.51;1454;63;4561.00;515
11338;44;5512083;11338;543;12788;13301;4.89;0.30;389.76;20.52;1450;63;4562.00;513
11340;44;5512099;11340;549;12791;13302;4.83;0.29;389.76;20.62;1451;63;4563.00;511
11343;44;5512115;11343;561;12792;13302;4.76;0.29;389.75;20.63;1449;63;4564.00;510
11347;44;5512131;11347;564;12794;13306;4.77;0.29;389.77;20.62;1447;63;4565.00;512
11353;44;5512147;11353;565;12794;13306;4.68;0.28;390.00;20.62;1441;63;4566.00;512
11355;44;5512163;11355;574;12798;13310;4.64;0.28;390.04;20.62;1443;63;4567.00;512
11358;44;5512178;11358;578;12799;13310;4.62;0.28;390.15;20.72;1441;63;4568.00;511
11360;44;5512193;11360;579;12799;13310;4.63;0.28;390.22;20.72;1439;63;4569.00;511
11362;44;5512208;11362;590;12800;13310;4.66;0.28;390.32;20.72;1438;63;4570.00;510
11364;44;5512223;11364;586;12802;13310;4.66;0.28;390.46;20.72;1438;63;4571.00;508
11366;44;5512239;11366;588;12811;13322;4.70;0.29;390.49;20.71;1445;63;4572.00;511
11370;44;5512255;11370;584;12811;13322;4.61;0.28;390.59;20.71;1441;63;4573.00;511
11372;44;5512271;11372;587;12812;13322;4.56;0.28;390.58;20.71;1440;63;4574.00;510
11373;44;5512288;11373;587;12813;13322;4.47;0.27;390.58;20.71;1440;63;4575.00;509
11375;44;5512303;11375;599;12813;13322;4.44;0.27;390.60;20.71;1438;63;4576.00;509
11379;44;5512321;11379;603;12813;13322;4.41;0.27;390.63;20.71;1434;63;4577.00;509
11382;44;5512337;11382;612;12814;13323;4.34;0.27;390.69;20.71;1432;63;4578.00;509
11382;44;5512360;11382;609;12814;13323;4.31;0.26;390.69;20.71;1432;63;4579.00;509
11384;44;5512382;11384;619;12818;13329;4.31;0.26;390.74;20.71;1434;63;4580.00;511
11392;44;5512399;11392;617;12818;13330;4.22;0.26;390.95;20.71;1426;63;4581.00;512
11392;44;5512416;11392;627;12818;13330;4.20;0.26;390.95;20.71;1426;63;4582.00;512
11393;44;5512437;11393;643;12818;13330;4.15;0.25;391.00;20.71;1425;63;4583.00;512
11398;44;5512453;11398;650;12821;13334;4.10;0.25;391.03;20.70;1423;63;4584.00;513
11399;44;5512470;11399;650;12821;13334;4.04;0.25;391.00;20.70;1422;63;4585.00;513
11402;44;5512486;11402;667;12821;13334;3.98;0.24;391.03;20.70;1419;63;4586.00;513
11405;44;5512501;11405;676;12822;13335;3.94;0.24;391.06;20.70;1417;63;4587.00;513
11405;44;5512517;11405;680;12825;13339;3.95;0.24;391.06;20.70;1420;63;4588.00;514
11405;44;5512533;11405;689;12825;13339;3.96;0.24;391.06;20.70;1420;63;4589.00;514
11405;44;5512550;11405;696;12828;13345;3.97;0.24;391.06;20.69;1423;63;4590.00;517
11407;44;5512565;11407;691;12828;13345;3.97;0.24;391.02;20.69;1421;63;4591.00;517
11409;44;5512580;11409;698;12829;13345;3.96;0.24;391.04;20.69;1420;63;4592.00;516
11409;44;5512595;11409;699;12829;13345;3.96;0.24;391.04;20.69;1420;63;4593.00;516
11410;44;5512615;11410;702;12832;13349;3.95;0.24;391.01;20.68;1422;63;4594.00;517
11411;44;5512630;11411;709;12832;13349;3.93;0.24;391.00;20.68;1421;63;4595.00;517
11413;44;5512646;11413;708;12832;13349;3.90;0.24;391.02;20.68;1419;63;4596.00;517
11414;44;5512661;11414;713;12832;13349;3.86;0.24;390.99;20.68;1418;63;4597.00;517
11418;44;5512676;11418;714;12832;13350;3.76;0.23;391.00;20.68;1414;63;4598.00;518
11422;44;5512690;11422;717;12832;13351;3.68;0.23;391.00;20.68;1410;63;4599.00;519
11424;44;5512705;11424;723;12832;13351;3.62;0.22;390.96;20.68;1408;63;4600.00;519
11426;44;5512724;11426;734;12833;13352;3.57;0.22;390.98;20.68;1407;63;4601.00;519
11430;44;5512738;11430;741;12833;13352;3.48;0.21;390.99;20.68;1403;63;4602.00;519
11430;44;5512752;11430;743;12833;13352;3.46;0.21;390.99;20.68;1403;63;4603.00;519
11432;44;5512766;11432;749;12833;13352;3.42;0.21;391.00;20.68;1401;63;4604.00;519
11435;44;5512781;11435;742;12833;13352;3.37;0.21;391.09;20.68;1398;63;4605.00;519
11436;44;5512794;11436;745;12833;13352;3.36;0.21;391.07;20.68;1397;63;4606.00;519
11439;44;5512808;11439;740;12833;13352;3.27;0.20;391.11;20.68;1394;63;4607.00;519
11443;44;5512821;11443;758;12895;13479;3.50;0.22;391.06;20.58;1452;63;4608.00;584
11444;44;5512844;11444;745;12898;13480;3.51;0.22;391.04;20.58;1454;63;4609.00;582
11446;44;5512859;11446;743;12903;13480;3.55;0.22;390.99;20.57;1457;63;4610.00;577
11448;44;5512872;11448;740;12908;13480;3.50;0.22;390.94;20.56;1460;63;4611.00;572
11450;44;5512885;11450;735;12911;13480;3.48;0.22;390.95;20.56;1461;63;4612.00;569
11452;44;5512899;11452;738;12914;13480;3.44;0.21;390.91;20.56;1462;63;4613.00;566
11456;44;5512913;11456;739;12917;13480;3.42;0.21;390.83;20.55;1461;63;4614.00;563
11457;44;5512927;11457;736;12918;13480;3.36;0.21;390.84;20.55;1461;63;4615.00;562
11457;44;5512946;11457;738;12919;13481;3.36;0.21;390.84;20.55;1462;63;4616.00;562
11463;44;5512964;11463;735;12921;13482;3.31;0.20;390.83;20.55;1458;63;4617.00;561
11467;44;5512977;11467;737;12922;13482;3.24;0.20;390.87;20.55;1455;63;4618.00;560
11468;44;5512990;11468;739;12924;13483;3.22;0.20;390.85;20.55;1456;63;4619.00;559
11471;44;5513005;11471;733;12926;13483;3.18;0.19;390.96;20.55;1455;63;4620.00;557
11474;44;5513018;11474;735;12927;13483;3.12;0.19;390.96;20.55;1453;63;4621.00;556
11477;44;5513032;11477;733;12928;13483;3.05;0.19;391.02;20.55;1451;63;4622.00;555
11479;44;5513051;11479;737;12930;13487;3.01;0.18;390.98;20.54;1451;63;4623.00;557
11480;44;5513065;11480;729;12931;13487;3.01;0.18;391.00;20.54;1451;63;4624.00;556
11481;44;5513080;11481;715;12932;13487;3.04;0.19;391.04;20.54;1451;63;4625.00;555
11482;44;5513095;11482;714;12933;13490;3.07;0.19;391.05;20.54;1451;63;4626.00;557
11484;44;5513113;11484;699;12933;13490;3.12;0.19;391.03;20.54;1449;63;4627.00;557
11485;44;5513135;11485;691;12933;13490;3.18;0.19;391.04;20.54;1448;63;4628.00;557
11487;44;5513150;11487;686;12936;13494;3.24;0.20;391.11;20.54;1449;63;4629.00;558
11489;44;5513166;11489;677;12937;13495;3.28;0.20;391.08;20.53;1448;63;4630.00;558
11490;44;5513182;11490;659;12937;13495;3.33;0.20;391.08;20.53;1447;63;4631.00;558
11491;44;5513196;11491;652;12941;13499;3.40;0.21;391.10;20.64;1450;63;4632.00;558
11494;44;5513213;11494;651;12941;13499;3.45;0.21;391.09;20.64;1447;63;4633.00;558
11498;44;5513228;11498;649;12941;13499;3.51;0.21;391.11;20.64;1443;63;4634.00;558
11500;44;5513244;11500;643;12942;13501;3.61;0.22;391.08;20.63;1442;63;4635.00;559
11503;44;5513260;11503;631;12942;13501;3.64;0.22;391.04;20.63;1439;63;4636.00;559
11504;44;5513276;11504;633;12945;13507;3.70;0.22;391.02;20.63;1441;63;4637.00;562
11507;44;5513291;11507;624;12945;13507;3.78;0.23;390.98;20.63;1438;63;4638.00;562
11511;44;5513307;11511;619;12945;13508;3.80;0.23;390.91;20.63;1434;63;4639.00;563
11513;44;5513322;11513;614;12946;13508;3.88;0.23;390.89;20.63;1433;63;4640.00;562
11516;44;5513338;11516;618;12946;13508;3.91;0.24;390.81;20.63;1430;63;4641.00;562
11518;44;5513354;11518;607;12946;13508;3.95;0.24;390.86;20.63;1428;63;4642.00;562
11521;44;5513368;11521;607;12946;13508;3.97;0.24;390.84;20.63;1425;63;4643.00;562
11523;44;5513384;11523;603;12955;13520;4.07;0.25;390.86;20.61;1432;63;4644.00;565
11528;44;5513401;11528;594;12955;13520;4.05;0.25;390.89;20.61;1427;63;4645.00;565
11530;44;5513417;11530;586;12955;13520;4.07;0.25;390.85;20.61;1425;63;4646.00;565
11532;44;5513433;11532;591;12955;13520;4.11;0.25;390.87;20.61;1423;63;4647.00;565
11536;44;5513448;11536;586;12956;13520;4.09;0.25;390.82;20.61;1420;63;4648.00;564
11540;44;5513470;11540;588;12956;13520;4.09;0.25;390.77;20.61;1416;63;4649.00;564
11542;44;5513488;11542;590;12960;13526;4.10;0.25;390.81;20.61;1418;63;4650.00;566
11548;44;5513504;11548;576;12960;13526;4.09;0.25;390.85;20.61;1412;63;4651.00;566
11553;44;5513520;11553;580;12963;13530;4.02;0.24;390.85;20.60;1410;63;4652.00;567
11555;44;5513537;11555;576;12963;13531;4.04;0.24;390.85;20.60;1408;63;4653.00;568
11560;44;5513553;11560;576;12963;13531;4.02;0.24;390.90;20.60;1403;63;4654.00;568
11562;44;5513571;11562;580;12963;13531;4.01;0.24;390.91;20.60;1401;63;4655.00;568
11566;44;5513587;11566;582;12973;13544;4.02;0.24;390.91;20.59;1407;63;4656.00;571
11570;44;5513604;11570;578;12974;13544;4.04;0.24;390.89;20.60;1404;63;4657.00;570
11570;44;5513624;11570;575;12974;13544;4.10;0.25;390.89;20.60;1404;63;4658.00;570
11573;44;5513640;11573;570;12975;13545;4.12;0.25;390.91;20.60;1402;63;4659.00;570
11578;44;5513656;11578;564;12975;13546;4.17;0.25;390.97;20.60;1397;63;4660.00;571
11580;44;5513672;11580;556;12975;13546;4.20;0.25;390.95;20.60;1395;63;4661.00;571
11582;44;5513686;11582;555;12976;13549;4.16;0.25;390.97;20.60;1394;63;4662.00;573
11586;44;5513702;11586;552;12977;13549;4.10;0.25;391.06;20.61;1391;63;4663.00;572
11589;44;5513718;11589;562;12977;13549;4.03;0.24;391.09;20.61;1388;63;4664.00;572
11591;44;5513732;11591;564;12977;13549;4.00;0.24;391.08;20.61;1386;63;4665.00;572
11594;44;5513748;11594;568;12982;13555;3.99;0.24;391.29;20.63;1388;63;4666.00;573
11598;44;5513763;11598;566;12982;13555;4.00;0.24;391.29;20.63;1384;63;4667.00;573
11600;44;5513778;11600;571;12983;13555;4.05;0.25;391.40;20.65;1383;63;4668.00;572
11604;44;5513796;11604;566;12983;13555;4.09;0.25;391.43;20.65;1379;63;4669.00;572
11606;44;5513813;11606;564;12987;13559;4.11;0.25;391.51;20.66;1381;63;4670.00;572
11608;44;5513829;11608;561;12988;13560;4.12;0.25;391.61;20.67;1380;63;4671.00;572
11613;44;5513846;11613;560;12991;13560;4.13;0.25;391.80;20.81;1378;63;4672.00;569
11619;44;5513862;11619;564;12992;13561;4.12;0.25;391.86;20.81;1373;63;4673.00;569
11622;44;5513878;11622;563;12992;13561;4.10;0.25;391.89;20.81;1370;63;4674.00;569
11625;44;5513899;11625;565;12994;13561;4.10;0.25;391.94;20.84;1369;63;4675.00;567
11627;44;5513915;11627;552;12995;13561;4.13;0.25;391.91;20.85;1368;63;4676.00;566
11630;44;5513931;11630;541;12996;13561;4.17;0.25;392.10;20.87;1366;63;4677.00;565
11635;44;5513946;11635;528;12997;13561;4.20;0.26;392.27;20.88;1362;63;4678.00;564
11636;44;5513963;11636;520;12999;13561;4.24;0.26;392.28;20.90;1363;63;4679.00;562
11638;44;5513980;11638;557;13072;13686;4.33;0.27;392.34;20.80;1434;63;4680.00;614
11641;44;5514007;11641;534;13074;13687;4.37;0.27;392.40;20.81;1433;63;4681.00;613
11644;44;5514024;11644;523;13075;13687;4.38;0.27;392.51;20.81;1431;63;4682.00;612
11645;44;5514041;11645;524;13078;13687;4.41;0.27;392.56;20.84;1433;63;4683.00;609
11649;44;5514058;11649;527;13080;13687;4.41;0.27;392.63;20.83;1431;63;4684.00;607
11653;44;5514074;11653;525;13080;13687;4.42;0.27;392.83;20.83;1427;63;4685.00;607
11656;44;5514091;11656;525;13081;13687;4.43;0.27;392.90;20.85;1425;63;4686.00;606
11659;44;5514109;11659;523;13084;13687;4.43;0.27;392.90;20.86;1425;63;4687.00;603
11661;44;5514127;11661;523;13084;13688;4.43;0.27;392.95;20.86;1423;63;4688.00;604
11662;44;5514143;11662;528;13085;13689;4.42;0.27;392.98;20.86;1423;63;4689.00;604
11665;44;5514160;11665;525;13086;13689;4.38;0.27;393.04;20.86;1421;63;4690.00;603
11667;44;5514176;11667;516;13092;13693;4.37;0.27;393.18;20.87;1425;63;4691.00;601
11669;44;5514193;11669;531;13093;13693;4.34;0.27;393.23;20.87;1424;63;4692.00;600
11671;44;5514210;11671;526;13095;13693;4.33;0.27;393.33;20.88;1424;63;4693.00;598
11672;44;5514229;11672;526;13097;13693;4.35;0.27;393.35;20.89;1425;63;4694.00;596
11677;44;5514246;11677;535;13101;13699;4.32;0.27;393.56;20.89;1424;63;4695.00;598
11679;44;5514262;11679;530;13104;13699;4.35;0.27;393.53;21.01;1425;63;4696.00;595
11685;44;5514280;11685;533;13106;13699;4.34;0.26;393.71;21.01;1421;63;4697.00;593
11686;44;5514297;11686;542;13108;13702;4.41;0.27;393.69;21.03;1422;63;4698.00;594
11690;44;5514315;11690;550;13111;13702;4.38;0.27;393.95;21.06;1421;63;4699.00;591
11692;44;5514332;11692;549;13116;13702;4.38;0.27;393.97;21.38;1424;64;4700.00;586
11695;44;5514363;11695;553;13116;13703;4.37;0.27;394.02;21.38;1421;64;4701.00;587
11697;44;5514380;11697;561;13120;13704;4.40;0.27;394.08;21.39;1423;64;4702.00;584
11698;44;5514396;11698;562;13122;13704;4.39;0.27;394.10;21.42;1424;64;4703.00;582
11700;44;5514411;11700;560;13131;13717;4.35;0.26;394.13;21.40;1431;65;4704.00;586
11702;44;5514434;11702;561;13134;13717;4.38;0.27;394.27;21.43;1432;65;4705.00;583
11705;44;5514455;11705;556;13134;13717;4.36;0.26;394.28;21.43;1429;65;4706.00;583
11706;44;5514471;11706;546;13134;13718;4.43;0.27;394.26;21.43;1428;65;4707.00;584
11707;44;5514487;11707;547;13136;13718;4.44;0.27;394.33;21.45;1429;65;4708.00;582
11710;44;5514503;11710;546;13139;13722;4.42;0.27;394.36;21.45;1429;65;4709.00;583
11712;44;5514520;11712;546;13140;13722;4.40;0.27;394.49;21.46;1428;65;4710.00;582
11713;44;5514538;11713;545;13144;13726;4.39;0.27;394.52;21.47;1431;65;4711.00;582
11714;44;5514555;11714;536;13145;13726;4.41;0.27;394.61;21.58;1431;65;4712.00;581
11716;44;5514571;11716;530;13146;13726;4.41;0.27;394.61;21.59;1430;65;4713.00;580
11718;44;5514586;11718;522;13147;13726;4.45;0.27;394.68;21.70;1429;65;4714.00;579
11721;44;5514602;11721;527;13147;13726;4.42;0.27;394.74;21.70;1426;65;4715.00;579
11725;44;5514618;11725;523;13155;13738;4.43;0.27;394.84;21.69;1430;65;4716.00;583
11731;44;5514636;11731;514;13156;13738;4.41;0.27;395.06;21.70;1425;65;4717.00;582
11736;44;5514653;11736;510;13157;13738;4.44;0.27;395.14;21.70;1421;65;4718.00;581
11738;44;5514669;11738;516;13157;13738;4.49;0.27;395.13;21.70;1419;65;4719.00;581
11743;44;5514684;11743;510;13158;13738;4.47;0.27;395.27;21.81;1415;65;4720.00;580
11747;44;5514699;11747;505;13159;13738;4.49;0.27;395.35;21.82;1412;65;4721.00;579
11748;44;5514714;11748;499;13160;13739;4.49;0.27;395.35;21.83;1412;65;4722.00;579
11756;44;5514729;11756;498;13160;13739;4.44;0.27;395.43;21.83;1404;65;4723.00;579
11761;44;5514745;11761;505;13165;13745;4.45;0.27;395.49;21.84;1404;65;4724.00;580
11765;44;5514763;11765;509;13166;13747;4.41;0.27;395.52;21.84;1401;65;4725.00;581
11771;44;5514778;11771;507;13166;13747;4.37;0.27;395.63;21.84;1395;66;4726.00;581
11774;44;5514798;11774;516;13169;13747;4.35;0.27;395.75;21.97;1395;66;4727.00;578
11777;44;5514813;11777;517;13172;13751;4.35;0.27;395.74;21.97;1395;66;4728.00;579
11780;44;5514832;11780;525;13172;13751;4.32;0.26;395.77;21.97;1392;66;4729.00;579
11784;44;5514848;11784;528;13172;13751;4.30;0.26;395.80;21.97;1388;66;4730.00;579
11789;44;5514863;11789;531;13173;13752;4.24;0.26;395.78;21.97;1384;66;4731.00;579
11791;44;5514877;11791;538;13176;13756;4.19;0.25;395.77;21.96;1385;66;4732.00;580
11792;44;5514893;11792;547;13177;13756;4.15;0.25;395.82;21.97;1385;66;4733.00;579
11797;44;5514908;11797;551;13178;13759;4.08;0.25;395.89;21.97;1381;66;4734.00;581
11799;44;5514927;11799;556;13179;13759;4.01;0.24;395.96;22.09;1380;66;4735.00;580
11802;44;5514948;11802;559;13179;13759;3.94;0.24;396.05;22.09;1377;66;4736.00;580
11803;44;5514972;11803;566;13179;13759;3.88;0.24;396.12;22.09;1376;66;4737.00;580
11803;44;5514993;11803;571;13182;13763;3.91;0.24;396.12;22.08;1379;66;4738.00;581
11804;44;5515012;11804;583;13183;13763;3.89;0.24;396.09;22.09;1379;66;4739.00;580
11810;44;5515036;11810;581;13183;13763;3.85;0.23;396.14;22.09;1373;66;4740.00;580
11811;44;5515054;11811;572;13183;13763;3.81;0.23;396.11;22.09;1372;66;4741.00;580
11816;44;5515076;11816;575;13183;13764;3.73;0.23;396.09;22.09;1367;66;4742.00;581
11817;44;5515095;11817;583;13183;13765;3.71;0.23;396.06;22.09;1366;66;4743.00;582
11819;44;5515115;11819;591;13184;13765;3.68;0.22;396.02;22.11;1365;66;4744.00;581
11819;44;5515131;11819;595;13186;13766;3.64;0.22;396.02;22.22;1367;66;4745.00;580
11820;44;5515146;11820;610;13186;13766;3.59;0.22;395.99;22.22;1366;66;4746.00;580
11820;44;5515160;11820;610;13187;13766;3.54;0.22;395.99;22.23;1367;66;4747.00;579
11820;44;5515174;11820;622;13187;13766;3.49;0.21;395.99;22.23;1367;66;4748.00;579
11823;44;5515188;11823;624;13187;13766;3.40;0.21;395.94;22.23;1364;66;4749.00;579
11823;44;5515202;11823;633;13187;13766;3.39;0.21;395.94;22.23;1364;66;4750.00;579
11827;44;5515217;11827;639;13187;13766;3.32;0.20;395.91;22.23;1360;66;4751.00;579
11830;44;5515231;11830;667;13253;13893;3.57;0.22;396.00;22.35;1423;66;4752.00;640
11831;44;5515255;11831;655;13256;13894;3.55;0.22;395.97;22.34;1425;66;4753.00;638
11831;44;5515270;11831;662;13264;13894;3.58;0.22;395.97;22.33;1433;66;4754.00;630
11831;44;5515283;11831;664;13265;13894;3.57;0.22;395.97;22.33;1434;66;4755.00;629
11832;44;5515296;11832;665;13270;13894;3.57;0.22;395.95;22.32;1438;66;4756.00;624
11833;44;5515310;11833;666;13275;13894;3.59;0.23;395.97;22.32;1442;66;4757.00;619
11834;44;5515325;11834;680;13276;13894;3.60;0.22;396.02;22.31;1442;66;4758.00;618
11837;44;5515339;11837;680;13277;13894;3.58;0.22;396.00;22.31;1440;66;4759.00;617
11838;45;5515354;11838;693;13278;13895;3.58;0.22;395.99;22.31;1440;67;4760.00;617
11839;45;5515393;11839;691;13279;13896;3.58;0.22;395.96;22.31;1440;67;4761.00;617
11840;45;5515408;11840;703;13280;13896;3.58;0.22;395.94;22.31;1440;67;4762.00;616
11844;45;5515422;11844;704;13283;13897;3.56;0.22;395.97;22.31;1439;67;4763.00;614
11845;45;5515437;11845;709;13284;13897;3.55;0.22;395.94;22.31;1439;67;4764.00;613
11846;45;5515451;11846;712;13285;13897;3.52;0.22;395.95;22.31;1439;67;4765.00;612
11847;45;5515465;11847;714;13286;13897;3.49;0.22;395.96;22.30;1439;67;4766.00;611
11850;45;5515478;11850;716;13288;13901;3.44;0.21;395.94;22.30;1438;67;4767.00;613
11852;45;5515493;11852;722;13289;13901;3.39;0.21;396.03;22.30;1437;67;4768.00;612
11852;45;5515508;11852;721;13289;13901;3.38;0.21;396.03;22.30;1437;67;4769.00;612
11853;45;5515524;11853;724;13292;13907;3.36;0.21;396.03;22.29;1439;67;4770.00;615
11855;45;5515540;11855;715;13292;13907;3.35;0.21;396.00;22.29;1437;67;4771.00;615
11855;45;5515555;11855;705;13293;13907;3.43;0.21;396.00;22.29;1438;67;4772.00;614
11860;45;5515570;11860;690;13296;13911;3.50;0.21;395.96;22.29;1436;67;4773.00;615
11861;45;5515587;11861;679;13297;13912;3.57;0.22;395.94;22.29;1436;67;4774.00;615
11862;45;5515603;11862;675;13297;13912;3.63;0.22;395.95;22.29;1435;67;4775.00;615
11862;45;5515620;11862;663;13300;13916;3.68;0.23;395.95;22.28;1438;67;4776.00;616
11864;45;5515635;11864;659;13300;13916;3.70;0.23;396.02;22.28;1436;67;4777.00;616
11865;45;5515650;11865;658;13300;13916;3.68;0.23;395.99;22.28;1435;67;4778.00;616
11867;45;5515665;11867;652;13300;13917;3.68;0.23;395.97;22.28;1433;68;4779.00;617
11868;45;5515693;11868;655;13300;13917;3.69;0.23;395.94;22.28;1432;68;4780.00;617
11870;45;5515708;11870;654;13304;13923;3.68;0.23;395.92;22.28;1434;68;4781.00;619
11874;45;5515725;11874;659;13304;13923;3.65;0.22;395.94;22.28;1430;68;4782.00;619
11875;45;5515739;11875;661;13304;13924;3.61;0.22;395.92;22.28;1429;68;4783.00;620
11878;45;5515754;11878;662;13304;13924;3.58;0.22;395.86;22.28;1426;69;4784.00;620
11882;45;5515779;11882;653;13304;13924;3.56;0.22;395.86;22.28;1422;69;4785.00;620
11885;45;5515795;11885;649;13304;13924;3.57;0.22;395.80;22.28;1419;69;4786.00;620
11886;45;5515810;11886;657;13304;13924;3.56;0.22;395.84;22.28;1418;69;4787.00;620
11891;45;5515827;11891;647;13313;13936;3.57;0.22;395.80;22.26;1422;69;4788.00;623
11894;45;5515849;11894;641;13313;13936;3.63;0.22;395.81;22.26;1419;69;4789.00;623
11894;45;5515866;11894;632;13313;13936;3.69;0.22;395.81;22.26;1419;69;4790.00;623
11896;45;5515886;11896;632;13313;13936;3.72;0.23;395.78;22.26;1417;69;4791.00;623
11900;45;5515904;11900;624;13313;13936;3.70;0.23;395.86;22.26;1413;69;4792.00;623
11903;45;5515919;11903;607;13313;13936;3.73;0.23;395.81;22.26;1410;69;4793.00;623
11906;45;5515934;11906;605;13316;13940;3.76;0.23;395.82;22.26;1410;69;4794.00;624
11908;46;5515948;11908;593;13316;13940;3.77;0.23;395.79;22.26;1408;70;4795.00;624
11910;46;5515974;11910;584;13319;13944;3.81;0.23;395.75;22.25;1409;70;4796.00;625
11914;46;5515988;11914;581;13319;13945;3.83;0.23;395.77;22.25;1405;70;4797.00;626
11916;46;5516003;11916;571;13319;13945;3.86;0.23;395.89;22.25;1403;70;4798.00;626
11918;46;5516019;11918;575;13319;13945;3.91;0.24;395.95;22.25;1401;70;4799.00;626
11920;47;5516035;11920;575;13339;13986;3.97;0.24;395.94;22.22;1419;71;4800.00;647
11924;47;5516063;11924;572;13340;13986;4.03;0.25;395.94;22.22;1416;71;4801.00;646
11927;47;5516079;11927;569;13343;13986;4.07;0.25;396.04;22.21;1416;71;4802.00;643
11931;47;5516095;11931;562;13343;13987;4.14;0.25;396.05;22.21;1412;71;4803.00;644
11932;47;5516111;11932;554;13344;13988;4.23;0.26;396.05;22.21;1412;71;4804.00;644
11935;47;5516127;11935;560;13345;13988;4.29;0.26;396.10;22.21;1410;71;4805.00;643
11938;47;5516143;11938;555;13346;13991;4.32;0.26;396.21;22.21;1408;71;4806.00;645
11941;47;5516158;11941;558;13346;13991;4.38;0.27;396.28;22.21;1405;71;4807.00;645
11944;47;5516175;11944;550;13347;13991;4.41;0.27;396.30;22.21;1403;71;4808.00;644
11947;47;5516190;11947;547;13348;13991;4.44;0.27;396.36;22.21;1401;71;4809.00;643
11952;47;5516206;11952;547;13352;13997;4.46;0.27;396.36;22.20;1400;71;4810.00;645
11954;48;5516223;11954;549;13352;13997;4.50;0.28;396.36;22.20;1398;72;4811.00;645
11958;48;5516250;11958;546;13352;13997;4.53;0.28;396.41;22.20;1394;72;4812.00;645
11961;48;5516266;11961;550;13352;13997;4.52;0.28;396.50;22.20;1391;72;4813.00;645
11965;48;5516288;11965;548;13355;14001;4.51;0.28;396.46;22.20;1390;72;4814.00;646
11969;48;5516304;11969;545;13358;14003;4.51;0.28;396.50;22.21;1389;72;4815.00;645
11974;48;5516321;11974;535;13358;14003;4.51;0.28;396.54;22.21;1384;72;4816.00;645
11979;48;5516337;11979;534;13358;14004;4.52;0.28;396.64;22.21;1379;72;4817.00;646
11983;48;5516353;11983;530;13358;14004;4.51;0.28;396.74;22.21;1375;72;4818.00;646
11987;48;5516368;11987;521;13358;14004;4.51;0.28;396.72;22.21;1371;72;4819.00;646
11990;48;5516388;11990;514;13358;14004;4.48;0.27;396.69;22.21;1368;72;4820.00;646
11994;48;5516403;11994;519;13358;14004;4.46;0.27;396.80;22.21;1364;72;4821.00;646
11997;48;5516418;11997;525;13358;14004;4.43;0.27;396.81;22.21;1361;72;4822.00;646
12002;48;5516434;12002;520;13358;14004;4.47;0.27;396.97;22.21;1356;72;4823.00;646
12003;48;5516449;12003;533;13395;14074;4.53;0.28;397.06;22.15;1392;72;4824.00;679
12005;48;5516469;12005;522;13396;14075;4.55;0.28;397.08;22.17;1391;72;4825.00;679
12010;48;5516484;12010;517;13397;14075;4.60;0.28;397.12;22.17;1387;72;4826.00;678
12012;48;5516498;12012;516;13398;14075;4.63;0.28;397.10;22.17;1386;72;4827.00;677
12015;48;5516513;12015;513;13399;14077;4.68;0.29;397.22;22.17;1384;72;4828.00;678
12017;48;5516530;12017;514;13399;14077;4.72;0.29;397.20;22.17;1382;72;4829.00;678
12019;48;5516547;12019;515;13399;14077;4.73;0.29;397.18;22.17;1380;72;4830.00;678
12023;48;5516563;12023;521;13400;14077;4.68;0.29;397.21;22.18;1377;72;4831.00;677
12026;48;5516582;12026;508;13403;14078;4.62;0.28;397.38;22.20;1377;72;4832.00;675
12027;48;5516599;12027;500;13403;14079;4.58;0.28;397.43;22.20;1376;72;4833.00;676
12029;48;5516621;12029;498;13404;14079;4.52;0.28;397.45;22.22;1375;72;4834.00;675
12035;48;5516639;12035;491;13408;14083;4.50;0.27;397.67;22.24;1373;72;4835.00;675
12038;48;5516655;12038;492;13412;14083;4.51;0.27;397.80;22.37;1374;72;4836.00;671
12040;48;5516672;12040;492;13414;14083;4.53;0.28;397.83;22.41;1374;72;4837.00;669
12042;48;5516687;12042;492;13416;14083;4.54;0.28;397.92;22.41;1374;72;4838.00;667
12044;48;5516702;12044;500;13420;14089;4.55;0.28;397.91;22.41;1376;72;4839.00;669
12046;48;5516718;12046;502;13421;14089;4.58;0.28;398.04;22.42;1375;72;4840.00;668
12050;48;5516733;12050;496;13422;14089;4.55;0.28;398.06;22.42;1372;72;4841.00;667
12051;48;5516748;12051;479;13423;14092;4.57;0.28;398.15;22.44;1372;72;4842.00;669
12055;48;5516764;12055;486;13423;14092;4.56;0.28;398.20;22.44;1368;72;4843.00;669
12059;48;5516779;12059;487;13428;14092;4.55;0.28;398.30;22.46;1369;72;4844.00;664
12061;48;5516796;12061;479;13428;14093;4.57;0.28;398.37;22.46;1367;72;4845.00;665
12064;48;5516811;12064;471;13430;14094;4.62;0.28;398.36;22.47;1366;72;4846.00;664
12068;48;5516827;12068;479;13430;14094;4.64;0.28;398.34;22.47;1362;72;4847.00;664
12073;48;5516843;12073;481;13439;14107;4.57;0.28;398.62;22.46;1366;72;4848.00;668
12076;48;5516860;12076;479;13441;14107;4.59;0.28;398.66;22.48;1365;72;4849.00;666
12078;48;5516877;12078;489;13443;14107;4.60;0.28;398.71;22.48;1365;72;4850.00;664
12081;48;5516893;12081;493;13446;14108;4.61;0.28;398.92;22.51;1365;72;4851.00;662
12085;48;5516908;12085;490;13448;14108;4.60;0.28;399.01;22.53;1363;72;4852.00;660
12086;48;5516924;12086;489;13451;14112;4.60;0.28;399.01;22.64;1365;72;4853.00;661
12087;48;5516940;12087;488;13453;14112;4.61;0.28;399.10;22.68;1366;72;4854.00;659
12088;48;5516955;12088;486;13458;14116;4.62;0.28;399.10;22.67;1370;72;4855.00;658
12091;48;5516972;12091;496;13458;14116;4.64;0.28;399.21;22.67;1367;72;4856.00;658
12093;48;5516988;12093;494;13462;14116;4.66;0.28;399.26;22.71;1369;72;4857.00;654
12096;48;5517002;12096;493;13462;14116;4.67;0.28;399.27;22.71;1366;72;4858.00;654
12100;48;5517018;12100;491;13462;14116;4.68;0.28;399.35;22.71;1362;72;4859.00;654
12105;48;5517035;12105;501;13486;14150;4.66;0.28;399.44;22.69;1381;72;4860.00;664
12108;48;5517053;12108;498;13488;14150;4.67;0.28;399.48;22.71;1380;73;4861.00;662
12111;48;5517079;12111;502;13491;14150;4.67;0.28;399.49;22.72;1380;73;4862.00;659
12113;48;5517095;12113;506;13492;14150;4.71;0.29;399.52;22.74;1379;73;4863.00;658
12114;48;5517110;12114;500;13494;14150;4.71;0.29;399.61;22.74;1380;73;4864.00;656
12115;48;5517125;12115;501;13495;14150;4.76;0.29;399.67;22.74;1380;73;4865.00;655
12116;48;5517140;12116;499;13498;14151;4.77;0.29;399.70;22.76;1382;73;4866.00;653
12119;48;5517156;12119;504;13500;14151;4.76;0.29;399.76;22.77;1381;73;4867.00;651
12121;48;5517171;12121;514;13505;14157;4.74;0.29;399.80;22.78;1384;73;4868.00;652
12123;48;5517187;12123;513;13507;14158;4.69;0.29;399.84;22.92;1384;73;4869.00;651
12125;48;5517203;12125;525;13509;14158;4.68;0.29;399.85;22.92;1384;73;4870.00;649
12128;48;5517219;12128;527;13510;14158;4.63;0.28;399.86;22.94;1382;73;4871.00;648
12131;48;5517233;12131;528;13513;14162;4.61;0.28;399.92;22.93;1382;73;4872.00;649
12134;48;5517249;12134;537;13516;14162;4.64;0.28;399.91;22.95;1382;73;4873.00;646
12137;48;5517264;12137;537;13517;14162;4.62;0.28;400.04;22.96;1380;73;4874.00;645
12140;48;5517279;12140;540;13518;14163;4.59;0.28;400.08;22.96;1378;73;4875.00;645
12141;48;5517294;12141;542;13522;14167;4.60;0.28;400.07;22.98;1381;73;4876.00;645
12143;48;5517308;12143;548;13522;14167;4.59;0.28;400.12;22.98;1379;73;4877.00;645
12145;48;5517323;12145;551;13524;14170;4.57;0.28;400.20;22.99;1379;73;4878.00;646
12145;48;5517338;12145;559;13524;14170;4.59;0.28;400.20;22.99;1379;73;4879.00;646
12151;48;5517353;12151;550;13525;14170;4.57;0.28;400.39;23.01;1374;73;4880.00;645
12153;48;5517368;12153;546;13525;14170;4.57;0.28;400.41;23.01;1372;73;4881.00;645
12156;48;5517383;12156;547;13528;14174;4.57;0.28;400.38;23.01;1372;73;4882.00;646
12157;48;5517398;12157;533;13529;14174;4.61;0.28;400.43;23.02;1372;73;4883.00;645
12158;48;5517414;12158;534;13529;14174;4.62;0.28;400.47;23.02;1371;73;4884.00;645
12160;48;5517429;12160;541;13530;14174;4.59;0.28;400.44;23.04;1370;73;4885.00;644
12164;48;5517444;12164;552;13531;14175;4.56;0.28;400.42;23.06;1367;73;4886.00;644
12168;48;5517459;12168;547;13533;14176;4.54;0.28;400.53;23.20;1365;73;4887.00;643
12169;48;5517473;12169;545;13534;14176;4.50;0.27;400.53;23.22;1365;73;4888.00;642
12173;48;5517488;12173;550;13535;14177;4.53;0.27;400.59;23.21;1362;73;4889.00;642
12176;48;5517504;12176;556;13537;14177;4.50;0.27;400.54;23.45;1361;73;4890.00;640
12178;48;5517524;12178;549;13537;14177;4.49;0.27;400.51;23.45;1359;73;4891.00;640
12179;48;5517538;12179;550;13538;14177;4.47;0.27;400.49;23.46;1359;73;4892.00;639
12182;48;5517553;12182;546;13538;14177;4.46;0.27;400.50;23.46;1356;73;4893.00;639
12184;48;5517568;12184;543;13538;14177;4.43;0.27;400.44;23.46;1354;73;4894.00;639
12186;48;5517582;12186;558;13538;14177;4.37;0.27;400.40;23.46;1352;73;4895.00;639
12188;48;5517596;12188;581;13599;14304;4.57;0.28;400.39;23.38;1411;73;4896.00;705
12191;48;5517622;12191;571;13602;14305;4.50;0.28;400.40;23.49;1411;73;4897.00;703
12191;48;5517639;12191;575;13610;14305;4.48;0.28;400.40;23.48;1419;73;4898.00;695
12194;48;5517655;12194;583;13612;14305;4.48;0.28;400.34;23.48;1418;73;4899.00;693
12197;48;5517672;12197;583;13618;14305;4.47;0.28;400.38;23.47;1421;73;4900.00;687
12203;48;5517693;12203;588;13620;14305;4.39;0.27;400.31;23.46;1417;73;4901.00;685
12204;48;5517709;12204;584;13622;14305;4.39;0.27;400.35;23.48;1418;73;4902.00;683
12207;48;5517725;12207;590;13626;14305;4.39;0.27;400.44;23.48;1419;73;4903.00;679
12208;48;5517745;12208;597;13627;14306;4.38;0.27;400.42;23.47;1419;73;4904.00;679
12211;48;5517760;12211;606;13630;14308;4.39;0.27;400.51;23.47;1419;73;4905.00;678
12213;48;5517776;12213;605;13633;14308;4.34;0.27;400.46;23.47;1420;73;4906.00;675
12214;48;5517791;12214;612;13635;14309;4.30;0.26;400.45;23.48;1421;73;4907.00;674
12214;48;5517805;12214;614;13636;14309;4.29;0.26;400.45;23.48;1422;73;4908.00;673
12214;48;5517821;12214;626;13637;14309;4.25;0.26;400.45;23.48;1423;73;4909.00;672
12216;48;5517836;12216;630;13639;14309;4.20;0.26;400.49;23.48;1423;73;4910.00;670
12217;48;5517850;12217;646;13643;14313;4.15;0.26;400.46;23.49;1426;73;4911.00;670
12219;48;5517865;12219;656;13644;14313;4.09;0.25;400.49;23.49;1425;73;4912.00;669
12221;48;5517880;12221;656;13644;14313;4.03;0.25;400.51;23.49;1423;73;4913.00;669
12223;48;5517895;12223;671;13645;14316;3.96;0.24;400.50;23.49;1422;73;4914.00;671
12225;48;5517910;12225;675;13645;14316;3.92;0.24;400.59;23.49;1420;73;4915.00;671
12225;48;5517926;12225;682;13645;14316;3.90;0.24;400.59;23.49;1420;73;4916.00;671
12226;48;5517941;12226;686;13648;14320;3.88;0.24;400.56;23.49;1422;73;4917.00;672
12227;48;5517955;12227;683;13649;14321;3.87;0.24;400.56;23.48;1422;73;4918.00;672
12228;48;5517971;12228;677;13649;14321;3.89;0.24;400.54;23.48;1421;73;4919.00;672
12229;48;5517988;12229;665;13653;14326;3.91;0.24;400.51;23.48;1424;73;4920.00;673
12230;48;5518004;12230;661;13653;14326;3.93;0.24;400.52;23.48;1423;73;4921.00;673
12234;48;5518020;12234;651;13653;14326;3.96;0.24;400.54;23.48;1419;73;4922.00;673
12235;48;5518038;12235;651;13653;14327;4.00;0.25;400.53;23.48;1418;73;4923.00;674
12237;48;5518053;12237;647;13653;14327;4.02;0.25;400.59;23.48;1416;73;4924.00;674
12237;48;5518078;12237;648;13657;14333;4.06;0.25;400.59;23.47;1420;73;4925.00;676
12240;48;5518094;12240;648;13657;14333;4.06;0.25;400.59;23.47;1417;73;4926.00;676
12243;48;5518108;12243;647;13657;14334;4.05;0.25;400.53;23.47;1414;73;4927.00;677
12243;48;5518124;12243;650;13657;14334;4.08;0.25;400.53;23.47;1414;73;4928.00;677
12245;48;5518138;12245;648;13657;14334;4.10;0.25;400.55;23.47;1412;73;4929.00;677
12247;48;5518152;12247;648;13657;14334;4.12;0.25;400.57;23.47;1410;73;4930.00;677
12249;48;5518167;12249;645;13657;14334;4.13;0.25;400.54;23.47;1408;73;4931.00;677
12252;48;5518180;12252;640;13666;14346;4.14;0.25;400.49;23.46;1414;73;4932.00;680
12255;48;5518196;12255;642;13666;14346;4.12;0.25;400.44;23.46;1411;73;4933.00;680
12256;48;5518210;12256;640;13666;14346;4.10;0.25;400.43;23.46;1410;73;4934.00;680
12258;48;5518225;12258;641;13666;14346;4.11;0.25;400.43;23.46;1408;73;4935.00;680
12258;48;5518239;12258;630;13666;14346;4.15;0.25;400.43;23.46;1408;73;4936.00;680
12259;48;5518253;12259;625;13666;14346;4.16;0.25;400.41;23.46;1407;73;4937.00;680
12261;48;5518267;12261;619;13669;14350;4.19;0.26;400.38;23.45;1408;73;4938.00;681
12264;48;5518281;12264;627;13669;14350;4.18;0.26;400.34;23.45;1405;73;4939.00;681
12268;48;5518295;12268;617;13672;14354;4.17;0.25;400.31;23.45;1404;73;4940.00;682
12271;48;5518309;12271;619;13672;14355;4.12;0.25;400.26;23.45;1401;73;4941.00;683
12276;48;5518323;12276;625;13672;14355;4.07;0.25;400.45;23.45;1396;73;4942.00;683
12277;48;5518337;12277;628;13672;14355;4.08;0.25;400.44;23.45;1395;73;4943.00;683
12279;48;5518351;12279;620;13682;14368;4.04;0.25;400.44;23.43;1403;73;4944.00;686
12280;48;5518366;12280;613;13682;14368;4.03;0.25;400.47;23.43;1402;73;4945.00;686
12282;48;5518380;12282;620;13682;14368;4.03;0.25;400.52;23.43;1400;73;4946.00;686
12286;48;5518394;12286;627;13683;14369;4.02;0.25;400.62;23.43;1397;73;4947.00;686
12289;48;5518408;12289;619;13683;14370;3.95;0.24;400.78;23.43;1394;73;4948.00;687
12291;48;5518422;12291;625;13683;14370;3.93;0.24;400.81;23.43;1392;73;4949.00;687
12295;48;5518436;12295;603;13688;14379;3.92;0.24;400.83;23.42;1393;73;4950.00;691
12302;48;5518452;12302;587;13688;14379;3.94;0.24;400.97;23.42;1386;73;4951.00;691
12303;48;5518465;12303;579;13689;14379;3.98;0.24;400.95;23.42;1386;73;4952.00;690
12306;48;5518479;12306;577;13689;14379;4.01;0.24;400.93;23.42;1383;73;4953.00;690
12308;48;5518492;12308;567;13693;14385;4.10;0.25;401.04;23.41;1385;73;4954.00;692
12311;48;5518507;12311;557;13694;14385;4.15;0.25;401.11;23.41;1383;73;4955.00;691
12315;48;5518525;12315;547;13694;14385;4.20;0.26;401.26;23.41;1379;73;4956.00;691
12317;48;5518540;12317;545;13694;14385;4.26;0.26;401.22;23.41;1377;73;4957.00;691
12322;48;5518555;12322;536;13697;14389;4.25;0.26;401.36;23.40;1375;73;4958.00;692
12324;48;5518570;12324;530;13697;14390;4.28;0.26;401.45;23.40;1373;73;4959.00;693
12326;48;5518585;12326;516;13697;14390;4.28;0.26;401.47;23.40;1371;73;4960.00;693
12330;48;5518600;12330;518;13698;14391;4.26;0.26;401.55;23.40;1368;73;4961.00;693
12333;48;5518615;12333;511;13698;14391;4.30;0.26;401.61;23.40;1365;73;4962.00;693
12335;48;5518629;12335;503;13698;14391;4.36;0.27;401.63;23.40;1363;73;4963.00;693
12336;48;5518643;12336;502;13699;14391;4.40;0.27;401.71;23.52;1363;73;4964.00;692
12340;48;5518659;12340;490;13699;14391;4.44;0.27;401.74;23.52;1359;73;4965.00;692
12341;48;5518674;12341;491;13699;14391;4.54;0.28;401.83;23.52;1358;73;4966.00;692
12348;48;5518688;12348;480;13699;14391;4.56;0.28;401.91;23.52;1351;73;4967.00;692
12350;48;5518702;12350;488;13737;14461;4.78;0.29;401.94;23.46;1387;73;4968.00;724
12355;48;5518724;12355;469;13739;14462;4.83;0.29;402.11;23.45;1384;73;4969.00;723
12358;48;5518740;12358;462;13742;14462;4.90;0.30;402.22;23.45;1384;73;4970.00;720
12365;48;5518755;12365;448;13744;14462;4.90;0.30;402.19;23.45;1379;73;4971.00;718
12369;48;5518773;12369;446;13744;14462;4.93;0.30;402.26;23.45;1375;73;4972.00;718
12372;48;5518791;12372;443;13745;14462;4.95;0.30;402.39;23.44;1373;73;4973.00;717
12375;48;5518810;12375;444;13745;14462;4.96;0.30;402.42;23.44;1370;73;4974.00;717
12377;48;5518828;12377;458;13745;14462;4.94;0.30;402.44;23.44;1368;73;4975.00;717
12380;48;5518845;12380;467;13745;14463;4.92;0.30;402.56;23.44;1365;73;4976.00;718
12388;48;5518861;12388;458;13745;14464;4.84;0.29;402.62;23.44;1357;73;4977.00;719
12391;48;5518877;12391;462;13745;14464;4.84;0.29;402.67;23.44;1354;73;4978.00;719
12395;48;5518898;12395;472;13748;14468;4.83;0.29;402.79;23.44;1353;73;4979.00;720
12399;48;5518916;12399;475;13749;14468;4.82;0.29;402.93;23.44;1350;73;4980.00;719
12402;48;5518932;12402;480;13749;14468;4.85;0.30;402.91;23.44;1347;73;4981.00;719
12407;48;5518947;12407;475;13750;14468;4.87;0.30;403.09;23.44;1343;73;4982.00;718
12408;48;5518965;12408;478;13754;14474;4.91;0.30;403.09;23.43;1346;73;4983.00;720
12413;48;5518986;12413;474;13754;14474;4.91;0.30;403.30;23.43;1341;73;4984.00;720
12415;48;5519007;12415;469;13755;14474;4.94;0.30;403.28;23.43;1340;73;4985.00;719
12419;48;5519038;12419;462;13757;14477;4.96;0.30;403.39;23.45;1338;73;4986.00;720
12422;48;5519060;12422;467;13758;14477;4.98;0.30;403.45;23.45;1336;73;4987.00;719
12427;48;5519080;12427;462;13758;14477;5.02;0.30;403.56;23.45;1331;73;4988.00;719
12432;48;5519105;12432;459;13759;14478;5.07;0.31;403.61;23.48;1327;73;4989.00;719
12437;48;5519125;12437;450;13761;14479;5.04;0.31;403.64;23.50;1324;73;4990.00;718
12443;48;5519144;12443;455;13761;14479;4.98;0.30;403.77;23.50;1318;73;4991.00;718
12447;48;5519160;12447;447;13773;14492;4.93;0.30;403.76;23.53;1326;73;4992.00;719
12452;48;5519178;12452;448;13774;14492;4.93;0.30;403.88;23.53;1322;73;4993.00;718
12456;48;5519194;12456;452;13776;14492;4.86;0.29;403.85;23.55;1320;73;4994.00;716
12460;48;5519210;12460;454;13779;14494;4.80;0.29;403.87;23.57;1319;73;4995.00;715
12464;48;5519228;12464;454;13779;14494;4.79;0.29;403.91;23.57;1315;73;4996.00;715
12467;48;5519244;12467;447;13785;14498;4.77;0.29;404.00;23.70;1318;73;4997.00;713
12469;48;5519260;12469;447;13786;14498;4.79;0.29;403.98;23.72;1317;73;4998.00;712
12470;48;5519278;12470;439;13789;14502;4.86;0.29;403.99;23.72;1319;73;4999.00;713
12474;48;5519296;12474;444;13792;14502;4.81;0.29;404.00;23.73;1318;73;5000.00;710
12475;48;5519317;12475;448;13794;14502;4.83;0.29;403.98;23.78;1319;73;5001.00;708
12478;48;5519333;12478;450;13794;14502;4.75;0.29;404.16;23.78;1316;73;5002.00;708
12480;48;5519349;12480;450;13796;14502;4.70;0.28;404.25;23.82;1316;73;5003.00;706
12485;48;5519364;12485;457;13804;14514;4.68;0.28;404.42;23.83;1319;73;5004.00;710
12486;48;5519382;12486;467;13805;14514;4.68;0.28;404.45;23.83;1319;73;5005.00;709
12489;48;5519404;12489;453;13807;14514;4.67;0.28;404.57;23.85;1318;73;5006.00;707
12493;48;5519424;12493;452;13808;14514;4.63;0.28;404.60;23.87;1315;73;5007.00;706
12495;48;5519447;12495;458;13808;14514;4.60;0.28;404.74;23.87;1313;73;5008.00;706
12496;48;5519466;12496;460;13809;14514;4.58;0.28;404.77;23.89;1313;73;5009.00;705
12498;48;5519485;12498;456;13811;14515;4.59;0.28;404.86;23.94;1313;73;5010.00;704
12502;48;5519502;12502;455;13811;14515;4.52;0.28;404.90;23.94;1309;73;5011.00;704
12502;48;5519520;12502;466;13816;14521;4.51;0.28;404.90;23.95;1314;73;5012.00;705
12504;48;5519537;12504;468;13818;14522;4.51;0.28;404.99;23.99;1314;73;5013.00;704
12505;48;5519552;12505;475;13818;14522;4.52;0.28;405.03;23.99;1313;73;5014.00;704
12507;48;5519568;12507;486;13820;14522;4.50;0.27;405.05;24.04;1313;73;5015.00;702
12510;48;5519583;12510;488;13822;14526;4.47;0.27;405.23;24.03;1312;73;5016.00;704
12513;48;5519599;12513;485;13825;14526;4.50;0.27;405.21;24.07;1312;73;5017.00;701
12516;48;5519615;12516;484;13825;14526;4.47;0.27;405.27;24.07;1309;73;5018.00;701
12517;48;5519631;12517;486;13828;14527;4.51;0.28;405.30;24.11;1311;73;5019.00;699
12521;48;5519646;12521;486;13831;14531;4.51;0.28;405.31;24.10;1310;73;5020.00;700
12523;48;5519661;12523;488;13833;14531;4.52;0.28;405.33;24.14;1310;73;5021.00;698
12527;48;5519676;12527;490;13834;14534;4.55;0.28;405.42;24.14;1307;73;5022.00;700
12529;48;5519691;12529;488;13836;14534;4.59;0.28;405.49;24.18;1307;73;5023.00;698
12531;48;5519706;12531;478;13837;14534;4.62;0.28;405.52;24.20;1306;73;5024.00;697
12533;48;5519722;12533;485;13838;14534;4.66;0.28;405.55;24.22;1305;73;5025.00;696
12536;48;5519737;12536;489;13842;14538;4.71;0.29;405.56;24.23;1306;73;5026.00;696
12538;48;5519752;12538;486;13844;14538;4.70;0.29;405.53;24.27;1306;73;5027.00;694
12541;48;5519767;12541;486;13844;14538;4.60;0.28;405.68;24.27;1303;73;5028.00;694
12548;48;5519781;12548;476;13846;14538;4.55;0.28;405.71;24.30;1298;73;5029.00;692
12548;48;5519796;12548;484;13846;14539;4.53;0.28;405.71;24.30;1298;73;5030.00;693
12550;48;5519809;12550;488;13849;14540;4.53;0.28;405.74;24.36;1299;73;5031.00;691
12552;48;5519824;12552;488;13849;14540;4.50;0.27;405.77;24.36;1297;73;5032.00;691
12553;48;5519837;12553;499;13852;14541;4.52;0.28;405.81;24.39;1299;73;5033.00;689
12555;48;5519852;12555;501;13853;14541;4.54;0.28;405.89;24.41;1298;73;5034.00;688
12557;48;5519866;12557;506;13854;14541;4.51;0.28;405.90;24.43;1297;73;5035.00;687
12558;48;5519880;12558;511;13855;14541;4.52;0.28;405.88;24.45;1297;73;5036.00;686
12558;48;5519893;12558;514;13856;14541;4.52;0.28;405.88;24.47;1298;73;5037.00;685
12564;48;5519906;12564;520;13857;14541;4.48;0.27;405.94;24.48;1293;73;5038.00;684
12565;48;5519920;12565;526;13858;14541;4.47;0.27;405.97;24.50;1293;73;5039.00;683
12568;48;5519940;12568;578;13980;14771;4.61;0.29;405.96;24.31;1412;73;5040.00;791
12574;48;5519977;12574;566;13981;14772;4.55;0.29;406.08;24.33;1407;73;5041.00;791
12574;48;5519993;12574;544;13989;14772;4.66;0.29;406.08;24.36;1415;73;5042.00;783
12576;48;5520008;12576;536;13991;14772;4.68;0.29;406.10;24.47;1415;73;5043.00;781
12579;48;5520026;12579;534;13996;14772;4.72;0.30;406.06;24.49;1417;73;5044.00;776
12580;48;5520042;12580;517;13999;14772;4.75;0.30;406.04;24.50;1419;73;5045.00;773
12583;48;5520057;12583;508;14006;14772;4.80;0.30;406.09;24.53;1423;73;5046.00;766
12585;48;5520074;12585;510;14008;14772;4.83;0.30;406.12;24.53;1423;73;5047.00;764
12588;48;5520088;12588;508;14015;14773;4.85;0.30;406.15;24.58;1427;73;5048.00;758
12592;48;5520104;12592;512;14020;14774;4.91;0.31;406.19;24.59;1428;73;5049.00;754
12598;48;5520120;12598;507;14025;14774;4.87;0.30;406.16;24.61;1427;73;5050.00;749
12600;48;5520135;12600;506;14027;14775;4.82;0.30;406.14;24.60;1427;73;5051.00;748
12607;48;5520157;12607;513;14033;14775;4.73;0.29;406.15;24.63;1426;73;5052.00;742
12610;48;5520173;12610;511;14034;14775;4.66;0.29;406.14;24.63;1424;73;5053.00;741
12611;48;5520190;12611;523;14037;14775;4.63;0.29;406.14;24.66;1426;73;5054.00;738
12613;48;5520205;12613;515;14039;14779;4.61;0.29;406.16;24.66;1426;73;5055.00;740
12617;48;5520222;12617;520;14042;14779;4.56;0.28;406.18;24.69;1425;73;5056.00;737
12621;48;5520240;12621;528;14045;14779;4.50;0.28;406.12;24.71;1424;73;5057.00;734
12625;48;5520256;12625;532;14046;14782;4.47;0.28;406.13;24.71;1421;73;5058.00;736
12629;48;5520273;12629;543;14051;14782;4.42;0.27;406.07;24.98;1422;73;5059.00;731
12632;48;5520297;12632;546;14051;14782;4.35;0.27;406.07;24.98;1419;73;5060.00;731
12633;48;5520313;12633;562;14054;14786;4.32;0.27;406.14;24.97;1421;73;5061.00;732
12634;48;5520331;12634;572;14056;14787;4.28;0.26;406.13;24.97;1422;73;5062.00;731
12634;48;5520346;12634;580;14056;14787;4.25;0.26;406.13;24.97;1422;73;5063.00;731
12635;48;5520361;12635;596;14058;14791;4.23;0.26;406.10;24.99;1423;73;5064.00;733
12636;48;5520384;12636;594;14061;14791;4.23;0.26;406.07;25.02;1425;73;5065.00;730
12637;48;5520400;12637;590;14065;14791;4.17;0.26;406.05;25.03;1428;73;5066.00;726
12638;48;5520416;12638;589;14066;14792;4.16;0.26;406.02;25.03;1428;73;5067.00;726
12639;48;5520433;12639;589;14069;14792;4.19;0.26;406.02;25.05;1430;73;5068.00;723
12640;48;5520449;12640;582;14073;14798;4.23;0.26;406.01;25.16;1433;73;5069.00;725
12640;48;5520468;12640;589;14074;14798;4.25;0.26;406.01;25.16;1434;73;5070.00;724
12641;48;5520485;12641;589;14076;14799;4.26;0.26;405.98;25.18;1435;73;5071.00;723
12643;48;5520509;12643;589;14077;14799;4.29;0.26;406.00;25.18;1434;73;5072.00;722
12645;48;5520528;12645;591;14078;14799;4.30;0.26;406.00;25.19;1433;73;5073.00;721
12646;48;5520546;12646;597;14078;14799;4.31;0.26;406.01;25.19;1432;73;5074.00;721
12647;48;5520571;12647;604;14080;14799;4.31;0.26;406.10;25.21;1433;73;5075.00;719
12648;48;5520587;12648;609;14089;14811;4.31;0.27;406.07;25.23;1441;73;5076.00;722
12651;48;5520606;12651;599;14089;14811;4.31;0.26;406.14;25.23;1438;73;5077.00;722
12652;48;5520624;12652;608;14091;14811;4.31;0.26;406.13;25.23;1439;73;5078.00;720
12654;48;5520642;12654;612;14092;14811;4.28;0.26;406.13;25.23;1438;73;5079.00;719
12655;48;5520660;12655;615;14095;14811;4.27;0.26;406.12;25.26;1440;73;5080.00;716
12657;48;5520676;12657;613;14095;14811;4.30;0.26;406.11;25.26;1438;73;5081.00;716
12662;48;5520692;12662;617;14100;14815;4.26;0.26;406.07;25.26;1438;73;5082.00;715
12664;48;5520708;12664;614;14101;14815;4.29;0.26;406.12;25.26;1437;73;5083.00;714
12665;48;5520724;12665;616;14105;14819;4.33;0.27;406.09;25.25;1440;73;5084.00;714
12665;48;5520740;12665;620;14107;14821;4.35;0.27;406.09;25.25;1442;73;5085.00;714
12668;48;5520756;12668;618;14107;14821;4.34;0.27;406.15;25.25;1439;73;5086.00;714
12672;48;5520772;12672;617;14107;14821;4.34;0.27;406.10;25.25;1435;74;5087.00;714
12675;48;5520791;12675;616;14116;14834;4.32;0.26;406.16;25.24;1441;74;5088.00;718
12680;48;5520807;12680;622;14117;14834;4.28;0.26;406.10;25.23;1437;74;5089.00;717
12682;48;5520823;12682;628;14117;14834;4.25;0.26;406.10;25.23;1435;74;5090.00;717
12686;48;5520842;12686;638;14118;14835;4.21;0.26;406.20;25.23;1432;74;5091.00;717
12689;48;5520857;12689;634;14118;14836;4.16;0.25;406.19;25.23;1429;74;5092.00;718
12690;48;5520872;12690;631;14118;14836;4.15;0.25;406.32;25.23;1428;74;5093.00;718
12692;48;5520886;12692;638;14120;14839;4.15;0.25;406.34;25.36;1428;74;5094.00;719
12697;48;5520902;12697;644;14120;14839;4.15;0.25;406.30;25.36;1423;74;5095.00;719
12697;48;5520917;12697;640;14120;14839;4.13;0.25;406.30;25.36;1423;74;5096.00;719
12700;48;5520933;12700;645;14120;14839;4.10;0.25;406.27;25.36;1420;74;5097.00;719
12701;48;5520947;12701;647;14124;14845;4.14;0.25;406.29;25.35;1423;74;5098.00;721
12702;48;5520961;12702;651;14124;14845;4.12;0.25;406.28;25.35;1422;74;5099.00;721
12705;48;5520978;12705;653;14129;14864;4.08;0.25;406.36;25.34;1424;74;5100.00;735
12708;48;5520998;12708;646;14129;14864;4.09;0.25;406.31;25.34;1421;74;5101.00;735
12709;48;5521013;12709;644;14132;14868;4.10;0.25;406.34;25.34;1423;74;5102.00;736
12711;48;5521029;12711;643;14132;14869;4.10;0.25;406.43;25.34;1421;74;5103.00;737
12714;48;5521044;12714;641;14132;14869;4.11;0.25;406.36;25.34;1418;74;5104.00;737
12715;48;5521061;12715;644;14133;14870;4.11;0.25;406.45;25.34;1418;74;5105.00;737
12718;48;5521080;12718;642;14136;14870;4.09;0.25;406.39;25.33;1418;74;5106.00;734
12721;48;5521098;12721;643;14136;14870;4.11;0.25;406.52;25.33;1415;74;5107.00;734
12723;48;5521120;12723;639;14136;14870;4.12;0.25;406.52;25.33;1413;74;5108.00;734
12725;48;5521135;12725;633;14136;14870;4.14;0.25;406.53;25.33;1411;74;5109.00;734
12726;48;5521151;12726;631;14136;14870;4.17;0.25;406.63;25.33;1410;74;5110.00;734
12729;48;5521165;12729;627;14136;14870;4.15;0.25;406.65;25.33;1407;74;5111.00;734
12732;48;5521178;12732;647;14177;14940;4.17;0.26;406.81;25.26;1445;74;5112.00;763
12733;48;5521200;12733;632;14180;14941;4.23;0.26;406.90;25.25;1447;74;5113.00;761
12735;48;5521215;12735;634;14183;14941;4.21;0.26;406.90;25.25;1448;74;5114.00;758
12737;48;5521230;12737;622;14183;14941;4.21;0.26;406.91;25.25;1446;74;5115.00;758
12740;48;5521250;12740;619;14183;14941;4.24;0.26;406.93;25.25;1443;74;5116.00;758
12742;48;5521266;12742;610;14184;14941;4.29;0.26;406.91;25.25;1442;74;5117.00;757
12748;48;5521280;12748;608;14185;14941;4.30;0.26;406.91;25.25;1437;74;5118.00;756
12751;48;5521296;12751;600;14186;14941;4.29;0.26;407.00;25.25;1435;74;5119.00;755
12754;48;5521311;12754;602;14186;14942;4.31;0.26;407.05;25.25;1432;74;5120.00;756
12756;48;5521326;12756;604;14186;14943;4.30;0.26;407.05;25.25;1430;74;5121.00;757
12760;48;5521342;12760;600;14186;14943;4.30;0.26;407.03;25.25;1426;74;5122.00;757
12761;48;5521357;12761;602;14190;14947;4.35;0.27;407.02;25.24;1429;74;5123.00;757
12762;48;5521372;12762;603;14191;14947;4.37;0.27;407.02;25.24;1429;74;5124.00;756
12764;48;5521388;12764;590;14191;14947;4.41;0.27;406.99;25.24;1427;74;5125.00;756
12765;48;5521403;12765;587;14192;14947;4.43;0.27;406.99;25.24;1427;74;5126.00;755
12770;48;5521418;12770;579;14194;14953;4.43;0.27;407.10;25.24;1424;74;5127.00;759
12774;48;5521434;12774;581;14195;14953;4.44;0.27;407.24;25.24;1421;74;5128.00;758
12776;48;5521449;12776;577;14196;14953;4.48;0.27;407.26;25.24;1420;74;5129.00;757
12778;48;5521465;12778;575;14198;14959;4.53;0.28;407.39;25.24;1420;74;5130.00;761
12782;48;5521481;12782;563;14200;14959;4.55;0.28;407.47;25.24;1418;74;5131.00;759
12784;48;5521497;12784;557;14203;14959;4.62;0.28;407.43;25.23;1419;74;5132.00;756
12790;48;5521518;12790;555;14203;14960;4.64;0.28;407.49;25.23;1413;74;5133.00;757
12795;48;5521552;12795;548;14204;14961;4.70;0.29;407.49;25.23;1409;74;5134.00;757
12800;48;5521571;12800;541;14205;14961;4.73;0.29;407.63;25.23;1405;74;5135.00;756
12804;48;5521587;12804;539;14214;14974;4.75;0.29;407.64;25.22;1410;74;5136.00;760
12807;48;5521604;12807;530;14214;14974;4.83;0.29;407.59;25.22;1407;74;5137.00;760
12811;48;5521621;12811;522;14215;14974;4.85;0.30;407.70;25.22;1404;74;5138.00;759
12819;48;5521636;12819;522;14218;14975;4.80;0.29;407.82;25.34;1399;74;5139.00;757
12819;48;5521655;12819;520;14218;14975;4.84;0.29;407.82;25.34;1399;74;5140.00;757
12823;48;5521670;12823;518;14223;14979;4.85;0.30;407.93;25.33;1400;74;5141.00;756
12829;48;5521688;12829;518;14227;14979;4.84;0.29;407.98;25.33;1398;74;5142.00;752
12831;48;5521704;12831;526;14230;14983;4.88;0.30;408.09;25.32;1399;74;5143.00;753
12835;48;5521721;12835;533;14231;14983;4.88;0.30;408.14;25.32;1396;74;5144.00;752
12841;48;5521737;12841;528;14231;14983;4.89;0.30;408.21;25.32;1390;74;5145.00;752
12845;48;5521753;12845;521;14231;14983;4.87;0.30;408.22;25.32;1386;74;5146.00;752
12849;48;5521769;12849;517;14231;14983;4.86;0.30;408.36;25.32;1382;74;5147.00;752
12850;48;5521785;12850;511;14240;14995;4.89;0.30;408.35;25.31;1390;74;5148.00;755
12856;48;5521802;12856;510;14241;14995;4.85;0.29;408.32;25.33;1385;74;5149.00;754
12860;48;5521817;12860;511;14242;14995;4.81;0.29;408.30;25.34;1382;74;5150.00;753
12861;48;5521833;12861;513;14242;14995;4.81;0.29;408.34;25.34;1381;74;5151.00;753
12865;48;5521849;12865;515;14243;14995;4.78;0.29;408.41;25.36;1378;74;5152.00;752
12871;48;5521864;12871;520;14244;14995;4.69;0.28;408.43;25.38;1373;74;5153.00;751
12873;48;5521879;12873;520;14246;14996;4.64;0.28;408.48;25.42;1373;74;5154.00;750
12877;48;5521895;12877;515;14250;14998;4.61;0.28;408.64;25.55;1373;74;5155.00;748
12881;48;5521910;12881;519;14254;15004;4.56;0.28;408.65;25.55;1373;74;5156.00;750
12884;48;5521927;12884;522;14254;15005;4.54;0.27;408.66;25.55;1370;74;5157.00;751
12886;48;5521942;12886;526;14256;15005;4.50;0.27;408.71;25.58;1370;74;5158.00;749
12892;48;5521957;12892;529;14258;15005;4.43;0.27;408.76;25.62;1366;74;5159.00;747
12894;48;5521973;12894;543;14262;15010;4.37;0.26;408.77;25.63;1368;74;5160.00;748
12896;48;5521989;12896;544;14264;15010;4.30;0.26;408.82;25.65;1368;74;5161.00;746
12899;48;5522003;12899;540;14265;15010;4.24;0.26;408.83;25.66;1366;74;5162.00;745
12900;48;5522018;12900;536;14267;15011;4.23;0.26;408.85;25.68;1367;74;5163.00;744
12902;48;5522033;12902;539;14271;15015;4.25;0.26;408.86;25.69;1369;74;5164.00;744
12905;48;5522049;12905;536;14271;15015;4.25;0.26;408.90;25.69;1366;74;5165.00;744
12906;48;5522064;12906;548;14273;15018;4.27;0.26;408.91;25.71;1367;74;5166.00;745
12908;48;5522079;12908;549;14275;15018;4.29;0.26;408.94;25.74;1367;74;5167.00;743
12911;48;5522094;12911;553;14276;15018;4.30;0.26;409.18;25.76;1365;74;5168.00;742
12912;48;5522110;12912;559;14276;15018;4.32;0.26;409.27;25.76;1364;74;5169.00;742
12914;48;5522126;12914;565;14281;15022;4.33;0.26;409.28;25.79;1367;74;5170.00;741
12917;48;5522147;12917;559;14281;15022;4.31;0.26;409.38;25.79;1364;74;5171.00;741
12920;48;5522163;12920;562;14283;15022;4.33;0.26;409.42;25.82;1363;74;5172.00;739
12922;48;5522178;12922;552;14283;15022;4.37;0.27;409.49;25.82;1361;74;5173.00;739
12928;48;5522194;12928;550;14284;15023;4.38;0.27;409.59;25.84;1356;74;5174.00;739
12929;48;5522209;12929;551;14285;15025;4.41;0.27;409.66;25.84;1356;74;5175.00;740
12933;48;5522230;12933;553;14287;15025;4.42;0.27;409.67;25.88;1354;74;5176.00;738
12936;48;5522245;12936;558;14288;15026;4.47;0.27;409.63;25.87;1352;74;5177.00;738
12939;48;5522261;12939;559;14290;15026;4.51;0.27;409.65;25.91;1351;74;5178.00;736
12942;48;5522277;12942;553;14290;15026;4.54;0.28;409.64;25.91;1348;74;5179.00;736
12945;48;5522298;12945;556;14291;15026;4.55;0.28;409.64;25.93;1346;74;5180.00;735
12946;48;5522313;12946;555;14292;15026;4.58;0.28;409.64;25.95;1346;74;5181.00;734
12947;48;5522329;12947;551;14293;15026;4.59;0.28;409.65;25.96;1346;74;5182.00;733
12950;48;5522344;12950;546;14293;15026;4.61;0.28;409.67;25.96;1343;74;5183.00;733
12951;48;5522360;12951;572;14364;15153;4.76;0.29;409.65;25.95;1413;74;5184.00;789
12953;48;5522387;12953;550;14366;15154;4.75;0.29;409.66;25.99;1413;74;5185.00;788
12954;48;5522403;12954;541;14372;15154;4.84;0.30;409.66;26.00;1418;74;5186.00;782
12956;48;5522418;12956;539;14374;15154;4.89;0.30;409.69;26.00;1418;74;5187.00;780
12958;48;5522434;12958;537;14380;15154;4.89;0.30;409.66;26.03;1422;74;5188.00;774
12960;48;5522449;12960;543;14385;15154;4.89;0.30;409.74;26.04;1425;74;5189.00;769
12961;48;5522467;12961;546;14387;15154;4.90;0.30;409.71;26.04;1426;74;5190.00;767
12966;48;5522482;12966;552;14391;15154;4.89;0.30;409.79;26.07;1425;74;5191.00;763
12967;48;5522498;12967;546;14392;15155;4.86;0.30;409.77;26.07;1425;74;5192.00;763
12971;48;5522519;12971;544;14394;15156;4.83;0.30;409.75;26.08;1423;74;5193.00;762
12975;48;5522536;12975;548;14396;15156;4.75;0.29;409.73;26.11;1421;74;5194.00;760
12978;48;5522551;12978;549;14397;15157;4.71;0.29;409.76;26.11;1419;74;5195.00;760
12978;48;5522571;12978;549;14400;15157;4.71;0.29;409.76;26.14;1422;74;5196.00;757
12981;48;5522587;12981;557;14405;15157;4.67;0.29;409.76;26.17;1424;74;5197.00;752
12981;48;5522603;12981;565;14407;15157;4.63;0.29;409.76;26.18;1426;74;5198.00;750
12983;48;5522618;12983;570;14411;15161;4.55;0.28;409.77;26.19;1428;74;5199.00;750
12984;48;5522637;12984;576;14413;15161;4.50;0.28;409.76;26.22;1429;74;5200.00;748
12986;48;5522657;12986;579;14415;15161;4.44;0.27;409.77;26.36;1429;74;5201.00;746
12988;48;5522673;12988;594;14417;15164;4.39;0.27;409.82;26.37;1429;74;5202.00;747
12989;48;5522689;12989;606;14417;15164;4.32;0.27;409.80;26.37;1428;74;5203.00;747
12993;48;5522705;12993;614;14417;15164;4.26;0.26;409.81;26.37;1424;74;5204.00;747
12993;48;5522721;12993;617;14423;15168;4.24;0.26;409.81;26.41;1430;74;5205.00;745
12993;48;5522736;12993;617;14425;15169;4.24;0.26;409.81;26.42;1432;74;5206.00;744
12994;48;5522751;12994;609;14426;15169;4.21;0.26;409.80;26.44;1432;74;5207.00;743
12996;48;5522768;12996;607;14430;15173;4.19;0.26;409.74;26.44;1434;74;5208.00;743
12999;48;5522783;12999;607;14433;15173;4.16;0.26;409.73;26.59;1434;74;5209.00;740
13001;48;5522806;13001;604;14433;15173;4.16;0.26;409.73;26.59;1432;74;5210.00;740
13006;48;5522821;13006;611;14435;15174;4.13;0.25;409.70;26.62;1429;74;5211.00;739
13008;48;5522837;13008;589;14435;15174;4.19;0.26;409.66;26.62;1427;74;5212.00;739
13010;48;5522852;13010;570;14441;15180;4.29;0.26;409.61;26.64;1431;74;5213.00;739
13012;48;5522867;13012;557;14441;15180;4.33;0.26;409.57;26.64;1429;74;5214.00;739
13013;48;5522883;13013;548;14442;15180;4.38;0.27;409.58;26.65;1429;74;5215.00;738
13017;48;5522898;13017;544;14443;15181;4.40;0.27;409.60;26.66;1426;74;5216.00;738
13019;48;5522914;13019;545;14444;15181;4.43;0.27;409.61;26.68;1425;74;5217.00;737
13022;48;5522930;13022;549;14444;15181;4.47;0.27;409.60;26.68;1422;74;5218.00;737
13028;48;5522945;13028;545;14444;15181;4.49;0.27;409.50;26.68;1416;74;5219.00;737
13029;48;5522962;13029;543;14469;15217;4.69;0.29;409.49;26.79;1440;74;5220.00;748
13032;48;5522988;13032;538;14469;15217;4.78;0.29;409.53;26.79;1437;74;5221.00;748
13039;48;5523003;13039;538;14476;15217;4.85;0.30;409.63;26.94;1437;74;5222.00;741
13042;48;5523025;13042;543;14476;15217;4.95;0.30;409.57;26.94;1434;74;5223.00;741
13045;48;5523042;13045;548;14477;15217;5.00;0.31;409.62;26.94;1432;74;5224.00;740
13046;48;5523057;13046;538;14478;15217;5.05;0.31;409.61;26.95;1432;74;5225.00;739
13048;48;5523073;13048;534;14483;15221;5.06;0.31;409.59;26.96;1435;74;5226.00;738
13052;48;5523090;13052;539;14485;15221;5.01;0.31;409.57;26.97;1433;74;5227.00;736
13052;48;5523107;13052;545;14488;15225;4.97;0.30;409.57;26.96;1436;74;5228.00;737
13054;48;5523123;13054;543;14489;15226;4.94;0.30;409.53;26.97;1435;74;5229.00;737
13056;48;5523140;13056;550;14490;15226;4.95;0.30;409.58;26.98;1434;74;5230.00;736
13059;48;5523155;13059;534;14491;15226;4.93;0.30;409.61;27.00;1432;74;5231.00;735
13059;48;5523171;13059;534;14502;15239;4.93;0.30;409.61;26.99;1443;74;5232.00;737
13061;48;5523188;13061;539;14503;15239;4.89;0.30;409.62;27.00;1442;74;5233.00;736
13062;48;5523204;13062;537;14503;15239;4.88;0.30;409.66;27.00;1441;74;5234.00;736
13064;48;5523219;13064;542;14506;15240;4.85;0.30;409.67;27.02;1442;74;5235.00;734
13066;48;5523236;13066;549;14506;15241;4.80;0.29;409.66;27.02;1440;74;5236.00;735
13068;48;5523253;13068;551;14507;15241;4.76;0.29;409.65;27.03;1439;74;5237.00;734
13070;48;5523269;13070;550;14509;15244;4.73;0.29;409.65;27.04;1439;74;5238.00;735
13074;48;5523285;13074;551;14510;15244;4.71;0.29;409.69;27.05;1436;74;5239.00;734
13076;48;5523300;13076;552;14510;15244;4.68;0.29;409.69;27.05;1434;74;5240.00;734
13077;48;5523317;13077;557;14510;15244;4.66;0.28;409.73;27.05;1433;74;5241.00;734
13080;48;5523332;13080;559;14514;15250;4.69;0.29;409.89;27.05;1434;74;5242.00;736
13083;48;5523348;13083;560;14514;15250;4.69;0.29;410.01;27.05;1431;74;5243.00;736
13084;48;5523364;13084;561;14514;15250;4.68;0.29;410.01;27.05;1430;74;5244.00;736
13087;48;5523379;13087;563;14514;15250;4.67;0.28;410.11;27.05;1427;74;5245.00;736
13089;48;5523395;13089;565;14517;15254;4.68;0.29;410.25;27.04;1428;74;5246.00;737
13093;48;5523410;13093;568;14517;15255;4.60;0.28;410.25;27.04;1424;74;5247.00;738
13095;48;5523425;13095;571;14517;15255;4.61;0.28;410.30;27.04;1422;74;5248.00;738
13098;48;5523441;13098;570;14518;15256;4.62;0.28;410.24;27.04;1420;74;5249.00;738
13101;48;5523458;13101;586;14518;15256;4.58;0.28;410.27;27.04;1417;74;5250.00;738
13105;48;5523473;13105;596;14518;15256;4.57;0.28;410.34;27.04;1413;74;5251.00;738
13106;48;5523488;13106;593;14518;15256;4.59;0.28;410.37;27.04;1412;74;5252.00;738
13108;48;5523503;13108;591;14518;15256;4.58;0.28;410.47;27.04;1410;74;5253.00;738
13110;48;5523518;13110;592;14518;15256;4.56;0.28;410.47;27.04;1408;74;5254.00;738
13112;48;5523532;13112;595;14518;15256;4.52;0.28;410.57;27.04;1406;74;5255.00;738
13114;48;5523547;13114;628;14569;15326;4.56;0.28;410.69;26.95;1455;74;5256.00;757
13117;48;5523567;13117;610;14571;15327;4.57;0.28;410.71;26.94;1454;74;5257.00;756
13121;48;5523584;13121;611;14573;15327;4.55;0.28;410.80;26.94;1452;74;5258.00;754
13122;48;5523599;13122;611;14573;15327;4.56;0.28;410.78;26.94;1451;74;5259.00;754
13126;48;5523615;13126;609;14573;15327;4.55;0.28;410.83;26.94;1447;74;5260.00;754
13127;48;5523631;13127;606;14573;15327;4.57;0.28;410.85;26.94;1446;74;5261.00;754
13128;48;5523646;13128;608;14573;15327;4.57;0.28;410.85;26.94;1445;74;5262.00;754
13132;48;5523661;13132;610;14573;15327;4.57;0.28;410.85;26.94;1441;74;5263.00;754
13134;48;5523676;13134;611;14573;15328;4.57;0.28;410.86;26.94;1439;74;5264.00;755
13136;48;5523691;13136;605;14574;15330;4.56;0.28;410.86;26.94;1438;74;5265.00;756
13139;48;5523707;13139;600;14574;15330;4.56;0.28;410.83;26.94;1435;74;5266.00;756
13140;48;5523722;13140;596;14578;15334;4.63;0.28;410.81;26.93;1438;74;5267.00;756
13145;48;5523737;13145;592;14578;15334;4.63;0.28;410.87;26.93;1433;74;5268.00;756
13147;48;5523758;13147;590;14578;15334;4.62;0.28;410.91;26.93;1431;74;5269.00;756
13148;48;5523773;13148;601;14578;15334;4.61;0.28;410.90;26.93;1430;74;5270.00;756
13150;48;5523792;13150;609;14582;15340;4.65;0.28;410.89;26.92;1432;74;5271.00;758
13155;48;5523809;13155;612;14582;15340;4.63;0.28;410.93;26.92;1427;74;5272.00;758
13155;48;5523824;13155;614;14582;15340;4.60;0.28;410.93;26.92;1427;74;5273.00;758
13159;48;5523840;13159;610;14583;15343;4.59;0.28;410.95;26.92;1424;74;5274.00;760
13161;48;5523855;13161;618;14583;15343;4.56;0.28;411.07;26.92;1422;74;5275.00;760
13165;48;5523869;13165;616;14583;15343;4.55;0.28;411.17;26.92;1418;74;5276.00;760
13170;48;5523885;13170;620;14583;15344;4.54;0.28;411.14;26.92;1413;74;5277.00;761
13173;48;5523899;13173;615;14584;15345;4.51;0.27;411.14;26.92;1411;74;5278.00;761
13179;48;5523914;13179;624;14584;15345;4.43;0.27;411.18;26.92;1405;74;5279.00;761
13181;48;5523930;13181;617;14601;15371;4.45;0.27;411.14;26.89;1420;74;5280.00;770
13185;48;5523948;13185;612;14603;15371;4.43;0.27;411.20;26.88;1418;74;5281.00;768
13188;48;5523963;13188;609;14605;15371;4.41;0.27;411.22;26.88;1417;74;5282.00;766
13190;48;5523978;13190;604;14605;15372;4.42;0.27;411.27;26.88;1415;74;5283.00;767
13193;48;5523994;13193;606;14605;15372;4.43;0.27;411.30;26.88;1412;74;5284.00;767
13197;48;5524009;13197;594;14608;15376;4.45;0.27;411.37;26.88;1411;74;5285.00;768
13198;48;5524025;13198;598;14608;15376;4.46;0.27;411.34;26.88;1410;74;5286.00;768
13203;48;5524041;13203;596;14611;15379;4.47;0.27;411.45;26.87;1408;74;5287.00;768
13207;48;5524057;13207;591;14611;15380;4.46;0.27;411.47;26.87;1404;74;5288.00;769
13210;48;5524073;13210;587;14611;15380;4.50;0.27;411.60;26.87;1401;74;5289.00;769
13212;48;5524090;13212;584;14611;15380;4.50;0.27;411.72;26.87;1399;74;5290.00;769
13215;48;5524106;13215;578;14611;15380;4.55;0.27;411.73;26.87;1396;74;5291.00;769
13218;48;5524122;13218;570;14619;15392;4.62;0.28;411.84;26.86;1401;74;5292.00;773
13221;48;5524139;13221;571;14619;15392;4.65;0.28;411.95;26.86;1398;74;5293.00;773
13223;48;5524156;13223;568;14620;15392;4.70;0.28;412.00;26.85;1397;74;5294.00;772
13227;48;5524171;13227;570;14620;15392;4.69;0.28;412.22;26.85;1393;74;5295.00;772
13230;48;5524188;13230;570;14620;15392;4.65;0.28;412.27;26.85;1390;74;5296.00;772
13236;48;5524203;13236;560;14620;15392;4.57;0.28;412.40;26.85;1384;74;5297.00;772
13240;48;5524218;13240;565;14620;15393;4.52;0.27;412.52;26.85;1380;74;5298.00;773
13242;48;5524234;13242;560;14620;15393;4.45;0.27;412.53;26.85;1378;74;5299.00;773
13246;48;5524250;13246;567;14623;15399;4.37;0.26;412.62;26.85;1377;74;5300.00;776
13250;48;5524280;13250;574;14623;15400;4.30;0.26;412.64;26.85;1373;74;5301.00;777
13253;48;5524296;13253;570;14623;15400;4.25;0.26;412.62;26.85;1370;74;5302.00;777
13257;48;5524311;13257;572;14625;15400;4.24;0.26;412.69;26.96;1368;74;5303.00;775
13258;48;5524328;13258;559;14628;15404;4.26;0.26;412.68;26.96;1370;74;5304.00;776
13262;48;5524344;13262;572;14630;15404;4.20;0.26;412.69;26.99;1368;74;5305.00;774
13266;48;5524358;13266;569;14630;15404;4.16;0.25;412.65;26.99;1364;74;5306.00;774
13270;48;5524374;13270;571;14632;15405;4.09;0.25;412.77;27.00;1362;74;5307.00;773
13273;48;5524388;13273;570;14635;15409;4.08;0.25;412.80;27.00;1362;74;5308.00;774
13279;48;5524403;13279;570;14635;15409;4.05;0.25;412.86;27.00;1356;74;5309.00;774
13283;48;5524420;13283;574;14638;15415;4.08;0.25;412.87;26.99;1355;74;5310.00;777
13287;48;5524435;13287;577;14638;15415;4.01;0.24;412.89;26.99;1351;74;5311.00;777
13293;48;5524450;13293;574;14638;15415;3.94;0.24;412.91;26.99;1345;74;5312.00;777
13295;48;5524464;13295;572;14639;15415;3.92;0.24;412.87;26.99;1344;74;5313.00;776
13298;48;5524479;13298;576;14642;15419;3.86;0.24;412.87;27.00;1344;74;5314.00;777
13301;48;5524494;13301;574;14642;15419;3.82;0.23;412.92;27.00;1341;74;5315.00;777
13305;48;5524508;13305;582;14642;15419;3.78;0.23;412.98;27.00;1337;74;5316.00;777
13309;48;5524523;13309;571;14642;15419;3.74;0.23;412.99;27.00;1333;74;5317.00;777
13312;48;5524537;13312;573;14643;15420;3.72;0.23;412.96;27.00;1331;74;5318.00;777
13317;48;5524551;13317;579;14644;15421;3.68;0.22;413.01;27.02;1327;74;5319.00;777
13318;48;5524565;13318;576;14645;15421;3.73;0.23;413.07;27.04;1327;74;5320.00;776
13324;48;5524579;13324;576;14647;15422;3.72;0.23;413.18;27.15;1323;74;5321.00;775
13328;48;5524594;13328;577;14647;15422;3.71;0.23;413.25;27.15;1319;74;5322.00;775
13329;48;5524608;13329;579;14647;15422;3.70;0.23;413.23;27.15;1318;74;5323.00;775
13332;48;5524621;13332;587;14648;15422;3.65;0.22;413.38;27.17;1316;74;5324.00;774
13336;48;5524636;13336;599;14648;15422;3.63;0.22;413.40;27.17;1312;74;5325.00;774
13337;48;5524650;13337;612;14648;15422;3.61;0.22;413.39;27.17;1311;74;5326.00;774
13339;48;5524663;13339;613;14649;15422;3.58;0.22;413.36;27.19;1310;74;5327.00;773
13343;48;5524677;13343;630;14714;15549;3.91;0.24;413.36;27.08;1371;74;5328.00;835
13346;48;5524701;13346;621;14718;15550;3.95;0.24;413.42;27.08;1372;74;5329.00;832
13346;48;5524716;13346;613;14725;15550;4.01;0.25;413.42;27.08;1379;74;5330.00;825
13346;48;5524731;13346;614;14727;15550;4.07;0.25;413.42;27.20;1381;74;5331.00;823
13351;48;5524746;13351;612;14731;15550;4.13;0.25;413.45;27.19;1380;74;5332.00;819
13352;48;5524760;13352;613;14733;15550;4.17;0.26;413.43;27.21;1381;74;5333.00;817
13353;48;5524775;13353;612;14738;15550;4.21;0.26;413.53;27.22;1385;74;5334.00;812
13356;48;5524789;13356;616;14740;15550;4.20;0.26;413.52;27.24;1384;74;5335.00;810
13357;48;5524804;13357;614;14744;15551;4.22;0.26;413.52;27.37;1387;74;5336.00;807
13360;48;5524818;13360;599;14746;15552;4.23;0.26;413.45;27.36;1386;74;5337.00;806
13361;48;5524834;13361;588;14749;15552;4.25;0.26;413.50;27.38;1388;74;5338.00;803
13361;48;5524849;13361;585;14753;15553;4.23;0.26;413.50;27.41;1392;74;5339.00;800
13367;48;5524866;13367;587;14757;15553;4.19;0.26;413.47;27.45;1390;74;5340.00;796
13370;48;5524882;13370;589;14759;15553;4.20;0.26;413.58;27.44;1389;74;5341.00;794
13372;48;5524897;13372;587;14761;15553;4.20;0.26;413.62;27.48;1389;74;5342.00;792
13374;48;5524913;13374;594;14764;15557;4.19;0.26;413.63;27.47;1390;74;5343.00;793
13374;48;5524929;13374;592;14765;15557;4.18;0.26;413.63;27.49;1391;74;5344.00;792
13375;48;5524944;13375;598;14766;15557;4.19;0.26;413.61;27.51;1391;74;5345.00;791
13376;48;5524959;13376;607;14769;15560;4.22;0.26;413.62;27.54;1393;74;5346.00;791
13376;48;5524974;13376;603;14769;15560;4.21;0.26;413.62;27.54;1393;74;5347.00;791
13376;48;5524989;13376;601;14771;15560;4.23;0.26;413.62;27.57;1395;74;5348.00;789
13377;48;5525004;13377;599;14774;15564;4.24;0.26;413.59;27.56;1397;74;5349.00;790
13380;48;5525020;13380;598;14776;15565;4.23;0.26;413.59;27.57;1396;74;5350.00;789
13380;48;5525035;13380;595;14778;15565;4.24;0.26;413.59;27.71;1398;74;5351.00;787
13381;48;5525050;13381;603;14781;15569;4.29;0.26;413.58;27.72;1400;74;5352.00;788
13384;48;5525066;13384;603;14784;15569;4.34;0.27;413.60;27.74;1400;74;5353.00;785
13385;48;5525081;13385;596;14784;15569;4.37;0.27;413.60;27.74;1399;74;5354.00;785
13387;48;5525096;13387;597;14785;15571;4.39;0.27;413.67;27.74;1398;74;5355.00;786
13388;48;5525110;13388;601;14787;15571;4.40;0.27;413.67;27.77;1399;74;5356.00;784
13389;48;5525125;13389;605;14793;15577;4.45;0.27;413.64;27.79;1404;74;5357.00;784
13391;48;5525141;13391;603;14793;15577;4.46;0.27;413.65;27.79;1402;74;5358.00;784
13394;48;5525156;13394;597;14795;15577;4.46;0.27;413.74;27.82;1401;74;5359.00;782
13395;48;5525172;13395;583;14795;15578;4.47;0.27;413.74;27.82;1400;74;5360.00;783
13397;48;5525186;13397;571;14797;15578;4.49;0.28;413.68;27.85;1400;74;5361.00;781
13398;48;5525201;13398;564;14797;15578;4.51;0.28;413.67;27.85;1399;74;5362.00;781
13400;48;5525217;13400;553;14799;15578;4.52;0.28;413.63;27.88;1399;74;5363.00;779
13401;48;5525233;13401;552;14807;15590;4.59;0.28;413.64;27.87;1406;74;5364.00;783
13403;48;5525253;13403;550;14809;15590;4.64;0.28;413.61;27.89;1406;74;5365.00;781
13404;48;5525269;13404;551;14810;15590;4.69;0.29;413.61;27.89;1406;74;5366.00;780
13404;48;5525284;13404;549;14812;15590;4.77;0.29;413.61;27.92;1408;74;5367.00;778
13404;48;5525300;13404;545;14812;15590;4.83;0.30;413.61;27.92;1408;74;5368.00;778
13407;48;5525317;13407;546;14813;15590;4.88;0.30;413.60;27.93;1406;74;5369.00;777
13410;48;5525335;13410;537;14817;15594;4.90;0.30;413.59;27.94;1407;74;5370.00;777
13410;48;5525352;13410;529;14819;15594;4.93;0.30;413.59;27.97;1409;74;5371.00;775
13412;48;5525374;13412;529;14822;15598;4.98;0.30;413.58;27.96;1410;74;5372.00;776
13414;48;5525389;13414;518;14823;15599;4.98;0.30;413.64;27.97;1409;74;5373.00;776
13417;48;5525411;13417;521;14823;15599;4.96;0.30;413.70;27.97;1406;74;5374.00;776
13421;48;5525427;13421;513;14825;15599;4.95;0.30;413.69;28.00;1404;74;5375.00;774
13423;48;5525444;13423;505;14835;15612;4.94;0.30;413.68;27.98;1412;74;5376.00;777
13426;48;5525461;13426;504;14837;15612;4.94;0.30;413.66;28.00;1411;74;5377.00;775
13427;48;5525476;13427;498;14837;15612;4.93;0.30;413.75;28.00;1410;74;5378.00;775
13430;48;5525492;13430;499;14840;15613;4.95;0.30;413.77;28.02;1410;74;5379.00;773
13432;48;5525508;13432;487;14840;15614;4.99;0.30;413.77;28.02;1408;74;5380.00;774
13436;48;5525524;13436;487;14841;15614;5.02;0.30;413.74;28.04;1405;74;5381.00;773
13439;48;5525539;13439;487;14843;15617;5.03;0.30;413.73;28.04;1404;74;5382.00;774
13442;48;5525555;13442;484;14844;15617;5.03;0.30;413.84;28.06;1402;74;5383.00;773
13444;48;5525571;13444;475;14845;15617;5.01;0.30;413.82;28.07;1401;74;5384.00;772
13446;48;5525587;13446;469;14848;15617;5.00;0.30;413.84;28.35;1402;74;5385.00;769
13447;48;5525610;13447;470;14853;15623;5.02;0.30;413.83;28.36;1406;74;5386.00;770
13452;48;5525626;13452;469;14854;15623;4.94;0.30;413.86;28.37;1402;74;5387.00;769
13456;48;5525643;13456;475;14855;15623;4.93;0.30;413.83;28.38;1399;74;5388.00;768
13461;48;5525659;13461;476;14858;15623;4.90;0.30;413.90;28.42;1397;74;5389.00;765
13461;48;5525677;13461;476;14863;15627;4.96;0.30;413.90;28.44;1402;74;5390.00;764
13463;48;5525692;13463;479;14863;15628;4.95;0.30;413.93;28.44;1400;74;5391.00;765
13465;48;5525708;13465;479;14865;15628;4.97;0.30;414.02;28.46;1400;74;5392.00;763
13466;48;5525724;13466;480;14867;15629;5.05;0.31;414.03;28.47;1401;74;5393.00;762
13468;48;5525740;13468;491;14868;15629;5.08;0.31;414.06;28.48;1400;74;5394.00;761
13470;48;5525756;13470;493;14869;15629;5.08;0.31;414.08;28.49;1399;74;5395.00;760
13472;48;5525772;13472;494;14869;15629;5.07;0.31;414.12;28.49;1397;74;5396.00;760
13475;48;5525788;13475;496;14870;15629;5.03;0.31;414.14;28.50;1395;74;5397.00;759
13477;48;5525805;13477;500;14870;15629;5.06;0.31;414.12;28.50;1393;74;5398.00;759
13481;48;5525819;13481;508;14871;15629;5.05;0.31;414.16;28.52;1390;74;5399.00;758
