step_arrived;step_collisions;step_duration;step_ended;step_halting;step_inserted;step_loaded;step_meanSpeed;step_meanSpeedRelative;step_meanTravelTime;step_meanWaitingTime;step_running;step_teleports;step_time;step_waiting
0;0;4906042;0;1;89;245;16.02;1.12;-1.00;0.00;89;0;0.00;156
0;0;4906069;0;0;101;245;15.13;1.05;-1.00;0.12;101;0;1.00;144
0;0;4906070;0;2;123;245;14.22;0.97;-1.00;0.46;123;0;2.00;122
0;0;4906071;0;3;135;245;13.07;0.88;-1.00;0.68;135;0;3.00;110
0;0;4906072;0;4;148;245;12.20;0.82;-1.00;0.97;148;0;4.00;97
0;0;4906074;0;6;155;245;11.33;0.76;-1.00;1.15;155;0;5.00;90
0;0;4906075;0;10;166;245;10.51;0.70;-1.00;1.48;166;0;6.00;79
0;0;4906077;0;13;173;245;9.83;0.65;-1.00;1.70;173;0;7.00;72
0;0;4906078;0;21;178;246;9.43;0.62;-1.00;1.88;178;0;8.00;68
0;0;4906080;0;23;186;247;9.24;0.61;-1.00;2.18;186;0;9.00;61
0;0;4906082;0;27;193;247;9.17;0.61;-1.00;2.47;193;0;10.00;54
0;0;4906084;0;25;201;248;9.00;0.59;-1.00;2.76;201;0;11.00;47
1;0;4906087;1;30;203;248;8.83;0.58;12.00;2.85;202;0;12.00;45
2;0;4906089;2;33;208;248;8.72;0.57;12.50;3.09;206;0;13.00;40
2;0;4906091;2;37;212;248;8.78;0.57;12.50;3.30;210;0;14.00;36
2;0;4906093;2;41;220;252;8.75;0.57;12.50;3.60;218;0;15.00;32
2;0;4906096;2;47;223;252;8.68;0.56;12.50;3.76;221;0;16.00;29
2;0;4906098;2;55;228;252;8.63;0.55;12.50;4.05;226;0;17.00;24
2;0;4906102;2;53;233;255;8.54;0.54;12.50;4.32;231;0;18.00;22
3;0;4906105;3;59;235;255;8.47;0.54;14.67;4.31;232;0;19.00;20
4;0;4906108;4;62;236;255;8.35;0.53;16.00;4.38;232;0;20.00;19
5;0;4906110;5;68;242;259;8.43;0.53;17.00;4.46;237;0;21.00;17
6;0;4906113;6;76;243;260;8.40;0.53;17.67;4.44;237;0;22.00;17
6;0;4906116;6;82;246;260;8.30;0.52;17.67;4.67;240;0;23.00;14
7;0;4906120;7;85;250;264;8.18;0.51;18.57;4.69;243;0;24.00;14
7;0;4906124;7;87;251;264;8.09;0.51;18.57;4.77;244;0;25.00;13
7;0;4906127;7;89;252;264;8.11;0.51;18.57;4.76;245;0;26.00;12
7;0;4906130;7;92;253;265;8.08;0.50;18.57;4.79;246;0;27.00;12
7;0;4906133;7;97;254;265;8.08;0.50;18.57;4.89;247;0;28.00;11
7;0;4906136;7;99;259;271;8.01;0.50;18.57;4.81;252;0;29.00;12
7;0;4906141;7;99;261;271;7.94;0.49;18.57;4.93;254;0;30.00;10
7;0;4906144;7;100;262;272;7.89;0.49;18.57;4.92;255;0;31.00;10
8;0;4906147;8;103;262;272;7.94;0.49;19.88;4.92;254;0;32.00;10
10;0;4906150;10;105;262;272;7.89;0.49;22.50;4.92;252;0;33.00;10
10;0;4906154;10;107;264;272;8.03;0.50;22.50;5.03;254;0;34.00;8
10;0;4906157;10;107;266;272;8.16;0.50;22.50;5.26;256;0;35.00;6
11;0;4906159;11;107;277;284;8.45;0.52;23.09;5.15;266;0;36.00;7
11;0;4906164;11;111;278;284;8.48;0.53;23.09;5.20;267;0;37.00;6
11;0;4906166;11;113;279;284;8.46;0.52;23.09;5.22;268;0;38.00;5
11;0;4906170;11;114;279;284;8.36;0.52;23.09;5.22;268;0;39.00;5
12;0;4906174;12;116;280;284;8.14;0.50;24.08;5.21;268;0;40.00;4
12;0;4906177;12;120;280;284;8.03;0.50;24.08;5.21;268;0;41.00;4
12;0;4906180;12;122;285;288;8.05;0.50;24.08;5.16;273;0;42.00;3
13;0;4906183;13;124;285;288;7.89;0.49;25.23;5.16;272;0;43.00;3
14;0;4906187;14;130;289;292;7.86;0.49;25.07;5.10;275;0;44.00;3
14;0;4906190;14;133;291;294;7.85;0.49;25.07;5.07;277;0;45.00;3
14;0;4906193;14;134;291;294;7.76;0.48;25.07;5.07;277;0;46.00;3
16;0;4906196;16;134;291;294;7.70;0.48;27.63;5.07;275;0;47.00;3
17;0;4906199;17;140;302;307;7.95;0.49;28.71;4.88;285;0;48.00;5
18;0;4906203;18;143;302;307;7.80;0.49;29.44;4.88;284;0;49.00;5
19;0;4906207;19;142;302;307;7.69;0.48;30.21;4.88;283;0;50.00;5
19;0;4906210;19;145;303;308;7.63;0.48;30.21;4.87;284;0;51.00;5
19;0;4906212;19;145;304;309;7.57;0.47;30.21;4.86;285;0;52.00;5
21;0;4906215;21;149;304;309;7.39;0.46;32.33;4.86;283;0;53.00;5
22;0;4906219;22;152;306;312;7.42;0.46;31.68;4.82;284;0;54.00;6
24;0;4906223;24;153;306;312;7.23;0.45;33.50;4.82;282;0;55.00;6
25;0;4906226;25;141;307;312;7.15;0.44;33.48;4.81;282;0;56.00;5
27;0;4906229;27;137;307;312;7.05;0.44;35.15;4.81;280;0;57.00;5
27;0;4906231;27;139;313;318;7.13;0.44;35.15;4.74;286;0;58.00;5
28;0;4906236;28;143;313;318;7.10;0.44;35.18;4.74;285;0;59.00;5
28;0;4906240;28;144;313;318;7.10;0.44;35.18;4.74;285;0;60.00;5
29;0;4906243;29;145;313;318;7.05;0.43;34.62;4.74;284;0;61.00;5
29;0;4906246;29;147;317;322;7.12;0.44;34.62;4.69;288;0;62.00;5
29;0;4906249;29;149;318;323;7.28;0.45;34.62;4.68;289;0;63.00;5
29;0;4906254;29;151;318;323;7.44;0.46;34.62;4.68;289;0;64.00;5
29;0;4906257;29;152;319;324;7.59;0.47;34.62;4.67;290;0;65.00;5
31;0;4906260;31;153;319;324;7.62;0.47;36.55;4.67;288;0;66.00;5
31;0;4906262;31;144;319;324;7.69;0.47;36.55;4.67;288;0;67.00;5
31;0;4906265;31;139;319;324;7.75;0.47;36.55;4.67;288;0;68.00;5
31;0;4906269;31;136;319;324;7.82;0.48;36.55;4.67;288;0;69.00;5
31;0;4906272;31;132;319;324;7.84;0.48;36.55;4.67;288;0;70.00;5
32;0;4906275;32;129;319;324;7.93;0.48;37.63;4.67;287;0;71.00;5
33;0;4906279;33;133;352;394;8.11;0.50;38.39;4.23;319;0;72.00;42
33;0;4906289;33;129;353;395;8.33;0.51;38.39;4.22;320;0;73.00;42
34;0;4906292;34;123;359;395;8.63;0.53;39.44;4.18;325;0;74.00;36
36;0;4906296;36;122;361;395;8.78;0.54;40.83;4.18;325;0;75.00;34
36;0;4906300;36;119;365;395;9.15;0.56;40.83;4.18;329;0;76.00;30
36;0;4906305;36;120;366;395;9.30;0.57;40.83;4.18;330;0;77.00;29
37;0;4906309;37;120;369;395;9.48;0.58;41.70;4.19;332;0;78.00;26
37;0;4906313;37;124;372;395;9.49;0.58;41.70;4.22;335;0;79.00;23
39;0;4906316;39;123;374;396;9.44;0.57;43.23;4.24;335;0;80.00;22
39;0;4906321;39;122;376;397;9.40;0.57;43.23;4.26;337;0;81.00;21
40;0;4906325;40;123;379;397;9.46;0.57;43.98;4.31;339;0;82.00;18
40;0;4906335;40;127;385;401;9.39;0.57;43.98;4.28;345;0;83.00;16
41;0;4906339;41;130;386;401;9.36;0.57;44.95;4.28;345;0;84.00;15
41;0;4906343;41;133;386;401;9.25;0.56;44.95;4.28;345;0;85.00;15
41;0;4906346;41;132;386;401;9.14;0.56;44.95;4.28;345;0;86.00;15
42;0;4906350;42;134;391;407;8.99;0.55;45.95;4.24;349;0;87.00;16
43;0;4906355;43;133;391;407;8.86;0.54;46.91;4.24;348;0;88.00;16
45;0;4906358;45;136;391;407;8.61;0.52;48.78;4.24;346;0;89.00;16
45;0;4906363;45;132;395;413;8.60;0.52;48.78;4.20;350;0;90.00;18
47;0;4906368;47;131;395;413;8.50;0.52;50.57;4.20;348;0;91.00;18
49;0;4906372;49;134;397;413;8.45;0.52;52.27;4.19;348;0;92.00;16
50;0;4906376;50;136;398;414;8.38;0.51;51.64;4.18;348;0;93.00;16
52;0;4906379;52;134;399;415;8.26;0.50;53.19;4.17;347;0;94.00;16
54;0;4906383;54;130;399;415;8.19;0.50;54.74;4.17;345;0;95.00;16
55;0;4906388;55;131;410;428;8.10;0.49;55.49;4.06;355;0;96.00;18
57;0;4906393;57;124;410;428;8.12;0.49;56.86;4.06;353;0;97.00;18
58;0;4906397;58;116;410;428;8.20;0.50;57.57;4.06;352;0;98.00;18
59;0;4906401;59;113;411;429;8.32;0.51;58.27;4.05;352;0;99.00;18
59;0;4906407;59;109;413;429;8.43;0.51;58.27;4.17;354;0;100.00;16
60;0;4906415;60;103;416;433;8.64;0.53;58.95;4.14;356;0;101.00;17
62;0;4906421;62;101;416;433;8.77;0.54;60.27;4.14;354;0;102.00;17
62;0;4906426;62;97;420;437;8.90;0.54;60.27;4.11;358;0;103.00;17
64;0;4906430;64;92;420;437;9.18;0.56;61.55;4.11;356;0;104.00;17
66;0;4906436;66;85;420;437;9.43;0.57;62.83;4.11;354;0;105.00;17
67;0;4906441;67;80;420;437;9.66;0.59;63.48;4.11;353;0;106.00;17
67;0;4906445;67;76;420;437;9.88;0.60;63.48;4.11;353;0;107.00;17
67;0;4906449;67;76;430;449;10.04;0.61;63.48;4.02;363;0;108.00;19
68;0;4906456;68;69;431;449;10.18;0.62;64.12;4.01;363;0;109.00;18
68;0;4906460;68;67;432;449;10.38;0.63;64.12;4.01;364;0;110.00;17
68;0;4906464;68;71;432;449;10.37;0.63;64.12;4.01;364;0;111.00;17
69;0;4906470;69;71;433;449;10.36;0.63;64.77;4.26;364;0;112.00;16
69;0;4906475;69;74;433;449;10.33;0.63;64.77;4.26;364;0;113.00;16
69;0;4906480;69;76;434;450;10.39;0.63;64.77;4.25;365;0;114.00;16
71;0;4906486;71;74;435;450;10.37;0.63;66.15;4.50;364;0;115.00;15
72;0;4906491;72;78;440;456;10.49;0.64;66.85;4.46;368;0;116.00;16
72;0;4906496;72;78;443;457;10.52;0.64;66.85;4.80;371;0;117.00;14
72;0;4906502;72;79;444;457;10.45;0.64;66.85;4.89;372;0;118.00;13
72;0;4906507;72;84;446;457;10.41;0.64;66.85;5.13;374;0;119.00;11
73;0;4906514;73;82;452;462;10.47;0.64;67.52;5.28;379;0;120.00;10
76;0;4906521;76;87;452;462;10.44;0.64;69.39;5.28;376;0;121.00;10
78;0;4906526;78;87;454;462;10.43;0.64;70.28;5.44;376;0;122.00;8
79;0;4906531;79;90;456;463;10.45;0.64;70.49;5.59;377;0;123.00;7
80;0;4906538;80;92;460;467;10.45;0.64;71.09;5.55;380;0;124.00;7
81;0;4906544;81;93;462;467;10.63;0.65;71.75;5.69;381;0;125.00;5
81;0;4906550;81;93;465;470;10.77;0.66;71.75;5.68;384;0;126.00;5
82;0;4906557;82;93;466;470;10.91;0.67;71.55;5.79;384;0;127.00;4
83;0;4906563;83;93;468;470;11.01;0.67;72.19;5.83;385;0;128.00;2
84;0;4906569;84;93;468;470;11.09;0.68;72.82;5.83;384;0;129.00;2
86;0;4906576;86;94;472;474;11.17;0.68;73.27;5.79;386;0;130.00;2
86;0;4906582;86;98;473;474;11.21;0.68;73.27;5.85;387;0;131.00;1
88;0;4906589;88;98;473;474;11.18;0.68;73.25;5.85;385;0;132.00;1
89;0;4906595;89;99;474;474;11.17;0.68;73.65;5.87;385;0;133.00;0
89;0;4906601;89;95;475;475;11.12;0.68;73.65;5.86;386;0;134.00;0
90;0;4906607;90;96;477;477;11.07;0.68;74.33;5.83;387;0;135.00;0
92;0;4906613;92;97;477;477;11.11;0.68;75.61;5.83;385;0;136.00;0
92;0;4906621;92;96;478;478;11.16;0.68;75.61;5.82;386;0;137.00;0
94;0;4906628;94;98;478;478;11.07;0.68;76.17;5.82;384;0;138.00;0
94;0;4906634;94;100;478;478;11.14;0.68;76.17;5.82;384;0;139.00;0
94;0;4906640;94;102;478;478;11.21;0.69;76.17;5.82;384;0;140.00;0
96;0;4906645;96;103;478;478;11.26;0.69;77.33;5.82;382;0;141.00;0
97;0;4906652;97;107;478;478;11.22;0.69;77.65;5.82;381;0;142.00;0
98;0;4906658;98;107;478;478;11.20;0.69;78.32;5.82;380;0;143.00;0
101;0;4906663;101;129;552;605;10.89;0.69;79.98;5.05;451;0;144.00;53
103;0;4906681;103;122;558;606;10.84;0.69;81.24;5.01;455;0;145.00;48
105;0;4906689;105;116;568;606;10.89;0.69;82.44;4.95;463;0;146.00;38
107;0;4906695;107;117;569;606;10.83;0.68;83.50;4.95;462;0;147.00;37
109;0;4906701;109;118;573;606;10.79;0.68;84.28;4.94;464;0;148.00;33
110;0;4906707;110;121;575;606;10.69;0.67;84.79;4.94;465;0;149.00;31
111;0;4906715;111;122;578;611;10.63;0.67;85.37;4.93;467;0;150.00;33
112;0;4906725;112;120;581;611;10.61;0.67;85.84;4.94;469;0;151.00;30
118;0;4906731;118;121;584;612;10.60;0.66;89.06;4.95;466;0;152.00;28
122;0;4906739;122;123;589;613;10.67;0.66;89.43;4.99;467;0;153.00;24
125;0;4906745;125;124;592;613;10.67;0.66;90.87;5.01;467;0;154.00;21
128;0;4906753;128;126;595;614;10.59;0.66;90.84;5.03;467;0;155.00;19
129;0;4906760;129;126;599;614;10.43;0.65;90.22;5.05;470;0;156.00;15
129;0;4906768;129;124;600;614;10.34;0.64;90.22;5.07;471;0;157.00;14
131;0;4906777;131;127;600;614;10.20;0.63;90.65;5.07;469;0;158.00;14
131;0;4906786;131;126;606;618;10.04;0.62;90.65;5.08;475;0;159.00;12
133;0;4906793;133;126;607;618;9.85;0.61;91.09;5.10;474;0;160.00;11
136;0;4906800;136;127;608;618;9.71;0.60;92.35;5.12;472;0;161.00;10
140;0;4906811;140;130;611;621;9.46;0.58;93.70;5.13;471;0;162.00;10
141;0;4906820;141;137;613;621;9.29;0.57;94.15;5.15;472;0;163.00;8
142;0;4906827;142;143;614;621;9.11;0.56;94.63;5.17;472;0;164.00;7
143;0;4906832;143;140;619;625;8.93;0.55;94.12;5.20;476;0;165.00;6
143;0;4906844;143;137;621;626;8.83;0.55;94.12;5.22;478;0;166.00;5
145;0;4906853;145;137;622;626;8.74;0.54;94.91;5.25;477;0;167.00;4
146;0;4906859;146;132;627;630;8.73;0.54;95.27;5.23;481;0;168.00;3
147;0;4906865;147;135;627;630;8.59;0.53;95.61;5.23;480;0;169.00;3
147;0;4906872;147;131;628;630;8.62;0.53;95.61;5.24;481;0;170.00;2
149;0;4906878;149;134;629;631;8.70;0.54;95.32;5.23;480;0;171.00;2
149;0;4906885;149;128;631;631;8.86;0.55;95.32;5.26;482;0;172.00;0
150;0;4906891;150;129;637;637;9.14;0.56;94.99;5.22;487;0;173.00;0
151;0;4906898;151;128;637;637;9.19;0.57;95.51;5.22;486;0;174.00;0
152;0;4906905;152;127;638;638;9.23;0.57;95.95;5.21;486;0;175.00;0
152;0;4906911;152;128;638;638;9.36;0.58;95.95;5.21;486;0;176.00;0
155;0;4906917;155;128;638;638;9.46;0.58;97.41;5.21;483;0;177.00;0
156;0;4906925;156;125;638;638;9.51;0.58;97.11;5.21;482;0;178.00;0
159;0;4906931;159;131;638;638;9.54;0.58;97.51;5.21;479;0;179.00;0
162;0;4906941;162;139;669;672;9.66;0.59;97.81;4.97;507;0;180.00;3
163;0;4906952;163;137;670;672;9.72;0.60;98.02;4.97;507;0;181.00;2
163;0;4906959;163;141;671;672;9.74;0.60;98.02;4.96;508;0;182.00;1
165;0;4906965;165;145;672;672;9.77;0.60;98.45;4.96;507;0;183.00;0
167;0;4906973;167;147;672;672;9.69;0.59;98.47;4.96;505;0;184.00;0
168;0;4906980;168;149;672;672;9.70;0.59;98.98;4.96;504;0;185.00;0
171;0;4906987;171;154;676;676;9.65;0.59;98.64;4.94;505;0;186.00;0
173;0;4906994;173;163;676;676;9.62;0.59;97.96;4.94;503;0;187.00;0
174;0;4907001;174;166;680;680;9.58;0.59;97.86;4.91;506;0;188.00;0
175;0;4907009;175;167;681;681;9.46;0.58;97.67;4.91;506;0;189.00;0
175;0;4907022;175;169;681;681;9.33;0.57;97.67;4.91;506;0;190.00;0
177;0;4907029;177;175;681;681;9.14;0.56;97.49;4.91;504;0;191.00;0
178;0;4907037;178;182;694;694;9.10;0.56;97.56;4.81;516;0;192.00;0
180;0;4907044;180;186;694;694;8.89;0.55;97.93;4.81;514;0;193.00;0
183;0;4907052;183;189;694;694;8.75;0.54;97.57;4.81;511;0;194.00;0
186;0;4907059;186;195;695;695;8.55;0.53;97.03;4.81;509;0;195.00;0
187;0;4907065;187;202;696;696;8.42;0.52;96.64;4.80;509;0;196.00;0
187;0;4907072;187;204;696;696;8.37;0.52;96.64;4.80;509;0;197.00;0
189;0;4907078;189;208;698;699;8.27;0.51;97.19;4.79;509;0;198.00;1
192;0;4907086;192;214;698;699;8.14;0.50;97.12;4.79;506;0;199.00;1
192;0;4907092;192;218;699;699;7.95;0.49;97.12;4.79;507;0;200.00;0
196;0;4907103;196;227;699;699;7.65;0.47;97.36;4.79;503;0;201.00;0
198;0;4907110;198;229;705;705;7.40;0.45;98.03;4.75;507;0;202.00;0
200;0;4907116;200;233;705;705;7.15;0.44;98.33;4.75;505;0;203.00;0
201;0;4907123;201;242;705;705;7.03;0.43;98.14;4.75;504;0;204.00;0
202;0;4907130;202;248;705;705;7.02;0.43;97.78;4.75;503;0;205.00;0
202;0;4907136;202;252;709;709;7.01;0.43;97.78;4.73;507;0;206.00;0
204;0;4907142;204;254;710;710;6.90;0.42;98.62;4.73;506;0;207.00;0
204;0;4907148;204;260;710;710;6.80;0.42;98.62;4.73;506;0;208.00;0
205;0;4907155;205;267;711;711;6.72;0.41;98.88;4.72;506;0;209.00;0
207;0;4907162;207;272;711;711;6.60;0.41;98.13;4.72;504;0;210.00;0
208;0;4907168;208;274;711;711;6.44;0.40;97.98;4.72;503;0;211.00;0
209;0;4907175;209;266;711;711;6.40;0.40;98.33;4.72;502;0;212.00;0
210;0;4907181;210;267;711;711;6.36;0.39;98.51;4.72;501;0;213.00;0
210;0;4907188;210;254;711;711;6.50;0.40;98.51;4.72;501;0;214.00;0
210;0;4907194;210;243;711;711;6.61;0.41;98.51;4.72;501;0;215.00;0
210;0;4907200;210;248;755;781;7.11;0.44;98.51;4.45;545;0;216.00;26
211;0;4907213;211;239;756;782;7.27;0.45;98.78;4.44;545;0;217.00;26
213;0;4907222;213;232;763;782;7.54;0.47;99.42;4.42;550;0;218.00;19
214;0;4907229;214;229;766;782;7.83;0.49;99.94;4.41;552;0;219.00;16
219;0;4907237;219;224;768;782;7.96;0.49;101.86;4.41;549;0;220.00;14
219;0;4907250;219;209;771;782;8.12;0.50;101.86;4.41;552;0;221.00;11
223;0;4907258;223;201;773;782;8.23;0.50;103.23;4.42;550;0;222.00;9
223;0;4907265;223;195;775;782;8.30;0.51;103.23;4.42;552;0;223.00;7
224;0;4907274;224;193;778;783;8.32;0.51;103.42;4.44;554;0;224.00;5
224;0;4907282;224;182;781;785;8.34;0.51;103.42;4.44;557;0;225.00;4
225;0;4907290;225;176;783;785;8.42;0.52;103.75;4.45;558;0;226.00;2
227;0;4907297;227;175;788;789;8.48;0.52;103.63;4.44;561;0;227.00;1
228;0;4907306;228;176;789;789;8.55;0.52;104.16;4.44;561;0;228.00;0
230;0;4907313;230;176;789;789;8.67;0.53;104.62;4.44;559;0;229.00;0
230;0;4907322;230;176;789;789;8.69;0.53;104.62;4.44;559;0;230.00;0
231;0;4907329;231;175;795;795;8.78;0.54;105.16;4.41;564;0;231.00;0
232;0;4907338;232;165;795;795;8.86;0.54;104.82;4.41;563;0;232.00;0
232;0;4907346;232;161;795;795;8.92;0.55;104.82;4.41;563;0;233.00;0
236;0;4907354;236;159;797;798;9.04;0.55;106.72;4.40;561;0;234.00;1
238;0;4907361;238;155;798;798;9.16;0.56;107.19;4.40;560;0;235.00;0
241;0;4907369;241;152;798;798;9.29;0.57;108.24;4.40;557;0;236.00;0
243;0;4907378;243;148;799;799;9.44;0.58;108.70;4.39;556;0;237.00;0
245;0;4907386;245;143;800;800;9.60;0.59;108.69;4.39;555;0;238.00;0
247;0;4907394;247;142;800;800;9.65;0.59;109.17;4.39;553;0;239.00;0
248;0;4907402;248;143;825;826;9.61;0.59;109.26;4.26;577;0;240.00;1
253;0;4907411;253;139;825;826;9.65;0.59;110.26;4.26;572;0;241.00;1
257;0;4907419;257;132;826;826;9.75;0.60;110.63;4.25;569;0;242.00;0
260;0;4907427;260;132;827;827;9.85;0.60;111.27;4.25;567;0;243.00;0
262;0;4907435;262;135;827;827;9.98;0.61;111.89;4.25;565;0;244.00;0
264;0;4907448;264;133;831;831;10.10;0.62;112.62;4.23;567;0;245.00;0
265;0;4907456;265;133;831;831;10.17;0.62;112.58;4.23;566;0;246.00;0
268;0;4907463;268;131;835;835;10.06;0.61;112.68;4.22;567;0;247.00;0
269;0;4907471;269;128;835;835;10.10;0.61;113.09;4.22;566;0;248.00;0
270;0;4907478;270;130;835;835;10.09;0.61;113.58;4.22;565;0;249.00;0
271;0;4907485;271;136;835;835;10.10;0.61;113.93;4.22;564;0;250.00;0
271;0;4907492;271;136;835;835;10.02;0.61;113.93;4.22;564;0;251.00;0
274;0;4907498;274;143;846;847;9.98;0.61;115.01;4.16;572;0;252.00;1
274;0;4907512;274;147;846;847;9.90;0.60;115.01;4.16;572;0;253.00;1
274;0;4907520;274;151;847;847;9.84;0.60;115.01;4.16;573;0;254.00;0
276;0;4907527;276;148;847;847;9.82;0.60;115.26;4.16;571;0;255.00;0
276;0;4907535;276;149;847;847;9.88;0.60;115.26;4.16;571;0;256.00;0
278;0;4907542;278;145;847;847;9.88;0.60;116.01;4.16;569;0;257.00;0
280;0;4907548;280;144;848;848;9.91;0.60;116.24;4.16;568;0;258.00;0
283;0;4907557;283;143;848;848;10.00;0.61;116.83;4.16;565;0;259.00;0
284;0;4907564;284;137;854;854;10.01;0.61;116.70;4.13;570;0;260.00;0
285;0;4907574;285;129;855;855;10.21;0.62;116.92;4.13;570;0;261.00;0
289;0;4907581;289;120;855;855;10.25;0.62;117.44;4.13;566;0;262.00;0
293;0;4907592;293;115;855;855;10.43;0.63;118.09;4.13;562;0;263.00;0
295;0;4907599;295;114;859;859;10.53;0.64;118.11;4.11;564;0;264.00;0
298;0;4907608;298;113;859;859;10.64;0.64;119.09;4.11;561;0;265.00;0
302;0;4907615;302;109;859;859;10.79;0.65;119.52;4.11;557;0;266.00;0
302;0;4907624;302;107;860;860;10.94;0.66;119.52;4.11;558;0;267.00;0
307;0;4907630;307;101;864;864;10.90;0.66;119.62;4.09;557;0;268.00;0
309;0;4907639;309;96;864;864;11.02;0.67;120.45;4.09;555;0;269.00;0
312;0;4907647;312;95;868;870;11.07;0.67;121.00;4.07;556;0;270.00;2
313;0;4907656;313;93;869;870;11.15;0.67;121.02;4.07;556;0;271.00;1
314;0;4907663;314;93;870;870;11.18;0.68;120.81;4.07;556;0;272.00;0
317;0;4907671;317;97;870;870;11.12;0.67;121.01;4.07;553;0;273.00;0
319;0;4907679;319;95;874;874;11.07;0.67;120.73;4.05;555;0;274.00;0
322;0;4907688;322;95;874;874;10.97;0.66;120.90;4.05;552;0;275.00;0
324;0;4907695;324;94;874;874;10.96;0.66;121.19;4.05;550;0;276.00;0
327;0;4907703;327;92;874;874;10.99;0.67;121.53;4.05;547;0;277.00;0
327;0;4907711;327;89;875;875;11.00;0.67;121.53;4.05;548;0;278.00;0
328;0;4907719;328;87;876;876;11.05;0.67;121.46;4.04;548;0;279.00;0
330;0;4907727;330;88;876;876;11.04;0.67;122.36;4.04;546;0;280.00;0
331;0;4907734;331;89;877;877;11.08;0.67;122.47;4.04;546;0;281.00;0
332;0;4907743;332;91;877;877;11.03;0.67;122.51;4.04;545;0;282.00;0
332;0;4907751;332;93;877;877;10.96;0.67;122.51;4.04;545;0;283.00;0
333;0;4907760;333;95;877;877;11.00;0.67;122.56;4.04;544;0;284.00;0
334;0;4907769;334;92;877;877;11.05;0.67;123.02;4.04;543;0;285.00;0
334;0;4907778;334;91;877;877;11.14;0.68;123.02;4.04;543;0;286.00;0
336;0;4907788;336;89;877;877;11.19;0.68;123.40;4.04;541;0;287.00;0
337;0;4907796;337;109;948;1004;11.04;0.69;123.18;3.74;611;0;288.00;56
337;0;4907815;337;102;952;1005;11.11;0.69;123.18;3.73;615;0;289.00;53
338;0;4907824;338;95;964;1005;11.17;0.69;123.12;3.71;626;0;290.00;41
338;0;4907833;338;97;967;1005;11.24;0.70;123.12;3.71;629;0;291.00;38
340;0;4907842;340;97;972;1005;11.29;0.70;123.83;3.71;632;0;292.00;33
341;0;4907851;341;98;973;1005;11.34;0.70;124.27;3.71;632;0;293.00;32
344;0;4907860;344;99;975;1005;11.33;0.70;125.08;3.71;631;0;294.00;30
344;0;4907869;344;103;980;1005;11.40;0.70;125.08;3.73;636;0;295.00;25
349;0;4907878;349;102;983;1006;11.49;0.71;125.42;3.74;634;0;296.00;23
350;0;4907887;350;103;989;1007;11.56;0.71;125.90;3.78;639;0;297.00;18
352;0;4907896;352;106;992;1007;11.59;0.71;126.19;3.79;640;0;298.00;15
354;0;4907908;354;112;995;1008;11.47;0.71;126.78;3.81;641;0;299.00;13
357;0;4907923;357;115;998;1014;11.27;0.69;127.37;3.80;641;0;300.00;16
358;0;4907940;358;115;999;1014;11.11;0.68;127.05;3.81;641;0;301.00;15
362;0;4907949;362;115;999;1014;10.95;0.67;127.86;3.81;637;0;302.00;15
363;0;4907959;363;115;1002;1018;10.86;0.67;128.15;3.80;639;0;303.00;16
363;0;4907969;363;118;1004;1018;10.68;0.66;128.15;3.82;641;0;304.00;14
366;0;4907978;366;124;1006;1018;10.52;0.65;128.71;3.84;640;0;305.00;12
368;0;4907987;368;132;1009;1021;10.35;0.64;129.01;3.85;641;0;306.00;12
371;0;4907996;371;142;1012;1021;10.16;0.62;130.18;3.88;641;0;307.00;9
373;0;4908005;373;152;1012;1021;10.01;0.62;131.11;3.88;639;0;308.00;9
374;0;4908013;374;154;1016;1025;9.86;0.61;131.58;3.89;642;0;309.00;9
376;0;4908022;376;161;1018;1026;9.69;0.60;131.79;3.90;642;0;310.00;8
380;0;4908038;380;171;1022;1026;9.48;0.58;132.94;3.93;642;0;311.00;4
382;0;4908047;382;181;1028;1030;9.34;0.58;133.28;3.95;646;0;312.00;2
386;0;4908056;386;185;1029;1030;9.14;0.56;133.31;3.95;643;0;313.00;1
388;0;4908066;388;186;1030;1030;8.97;0.55;133.77;3.96;642;0;314.00;0
390;0;4908076;390;183;1031;1032;8.90;0.55;133.68;3.96;641;0;315.00;1
393;0;4908094;393;182;1032;1032;8.89;0.55;134.02;3.95;639;0;316.00;0
393;0;4908104;393;186;1037;1038;8.92;0.55;134.02;3.94;644;0;317.00;1
395;0;4908112;395;189;1038;1038;8.87;0.54;134.21;3.94;643;0;318.00;0
397;0;4908121;397;191;1039;1039;8.78;0.54;134.15;3.93;642;0;319.00;0
398;0;4908128;398;196;1039;1039;8.76;0.54;134.17;3.93;641;0;320.00;0
401;0;4908137;401;201;1039;1039;8.72;0.53;134.11;3.93;638;0;321.00;0
402;0;4908145;402;211;1039;1039;8.62;0.53;134.28;3.93;637;0;322.00;0
403;0;4908153;403;220;1039;1039;8.56;0.52;134.09;3.93;636;0;323.00;0
406;0;4908160;406;220;1049;1051;8.47;0.52;134.70;3.90;643;0;324.00;2
407;0;4908170;407;219;1049;1051;8.37;0.51;134.52;3.90;642;0;325.00;2
410;0;4908178;410;218;1051;1051;8.21;0.50;134.87;3.89;641;0;326.00;0
413;0;4908186;413;218;1051;1051;8.08;0.50;134.68;3.89;638;0;327.00;0
415;0;4908193;415;227;1051;1051;7.98;0.49;134.92;3.89;636;0;328.00;0
419;0;4908201;419;227;1051;1051;7.75;0.48;135.96;3.89;632;0;329.00;0
421;0;4908209;421;221;1055;1055;7.63;0.47;136.23;3.88;634;0;330.00;0
424;0;4908216;424;219;1055;1055;7.57;0.46;137.26;3.88;631;0;331.00;0
427;0;4908224;427;214;1059;1059;7.65;0.47;137.58;3.87;632;0;332.00;0
431;0;4908231;431;214;1060;1060;7.67;0.47;138.97;3.87;629;0;333.00;0
433;0;4908239;433;218;1060;1060;7.71;0.47;139.37;3.87;627;0;334.00;0
435;0;4908245;435;220;1060;1060;7.71;0.47;140.25;3.87;625;0;335.00;0
439;0;4908254;439;218;1073;1073;7.69;0.47;140.87;3.82;634;0;336.00;0
442;0;4908262;442;215;1073;1073;7.67;0.47;141.50;3.82;631;0;337.00;0
444;0;4908270;444;213;1073;1073;7.70;0.47;142.38;3.82;629;0;338.00;0
448;0;4908277;448;212;1074;1074;7.82;0.48;142.60;3.82;626;0;339.00;0
452;0;4908285;452;214;1075;1075;7.90;0.49;142.71;3.81;623;0;340.00;0
455;0;4908292;455;216;1075;1075;7.90;0.49;143.26;3.81;620;0;341.00;0
457;0;4908299;457;215;1077;1078;7.96;0.49;143.59;3.81;620;0;342.00;1
459;0;4908308;459;221;1077;1078;7.93;0.49;143.93;3.81;618;0;343.00;1
460;0;4908315;460;220;1078;1078;7.87;0.48;144.16;3.81;618;0;344.00;0
465;0;4908323;465;224;1078;1078;7.80;0.48;144.72;3.81;613;0;345.00;0
470;0;4908330;470;228;1084;1084;7.82;0.48;144.96;3.79;614;0;346.00;0
474;0;4908339;474;227;1084;1084;7.70;0.47;145.54;3.79;610;0;347.00;0
477;0;4908346;477;231;1084;1084;7.58;0.47;145.36;3.79;607;0;348.00;0
481;0;4908354;481;235;1084;1084;7.39;0.45;145.46;3.79;603;0;349.00;0
482;0;4908362;482;241;1088;1088;7.40;0.45;145.58;3.78;606;0;350.00;0
484;0;4908370;484;243;1089;1089;7.36;0.45;145.76;3.78;605;0;351.00;0
488;0;4908378;488;245;1089;1089;7.32;0.45;145.54;3.78;601;0;352.00;0
490;0;4908386;490;249;1090;1090;7.25;0.44;145.91;3.77;600;0;353.00;0
494;0;4908393;494;250;1090;1090;7.11;0.43;145.27;3.77;596;0;354.00;0
495;0;4908401;495;249;1090;1090;6.98;0.43;145.40;3.77;595;0;355.00;0
496;0;4908408;496;255;1090;1090;6.88;0.42;145.45;3.77;594;0;356.00;0
499;0;4908414;499;260;1090;1090;6.73;0.41;145.71;3.77;591;0;357.00;0
499;0;4908422;499;264;1090;1090;6.66;0.41;145.71;3.77;591;0;358.00;0
501;0;4908429;501;266;1090;1090;6.58;0.40;145.51;3.77;589;0;359.00;0
501;0;4908438;501;292;1167;1215;6.88;0.43;145.51;3.53;666;0;360.00;48
503;0;4908456;503;282;1172;1216;6.86;0.43;145.58;3.51;669;0;361.00;44
504;0;4908469;504;262;1182;1216;7.02;0.44;145.61;3.50;678;0;362.00;34
505;0;4908480;505;255;1183;1216;7.05;0.44;145.39;3.50;678;0;363.00;33
506;0;4908498;506;248;1190;1216;7.14;0.44;145.35;3.50;684;0;364.00;26
506;0;4908508;506;243;1190;1216;7.21;0.45;145.35;3.50;684;0;365.00;26
508;0;4908516;508;239;1196;1216;7.24;0.45;145.58;3.52;688;0;366.00;20
508;0;4908526;508;239;1200;1216;7.35;0.45;145.58;3.53;692;0;367.00;16
509;0;4908534;509;245;1205;1217;7.45;0.46;145.86;3.55;696;0;368.00;12
510;0;4908543;510;244;1209;1218;7.55;0.46;146.01;3.56;699;0;369.00;9
510;0;4908553;510;245;1213;1218;7.56;0.47;146.01;3.57;703;0;370.00;5
512;0;4908561;512;245;1217;1222;7.52;0.46;146.43;3.56;705;0;371.00;5
512;1;4908571;512;254;1218;1222;7.52;0.46;146.43;3.57;706;1;372.00;4
514;1;4908604;514;260;1218;1222;7.45;0.46;146.28;3.57;704;1;373.00;4
515;2;4908613;515;261;1219;1222;7.35;0.45;146.47;3.58;704;2;374.00;3
517;2;4908634;517;263;1225;1228;7.35;0.45;146.58;3.57;708;2;375.00;3
518;2;4908649;518;267;1226;1228;7.37;0.45;146.96;3.58;708;2;376.00;2
521;2;4908666;521;260;1226;1228;7.45;0.46;147.34;3.58;705;2;377.00;2
522;2;4908679;522;261;1229;1231;7.48;0.46;147.09;3.58;707;2;378.00;2
523;2;4908691;523;254;1229;1231;7.56;0.46;147.52;3.58;706;2;379.00;2
525;2;4908700;525;253;1230;1231;7.62;0.47;147.91;3.58;705;2;380.00;1
526;2;4908715;526;255;1231;1232;7.73;0.47;148.08;3.58;705;2;381.00;1
527;2;4908725;527;255;1232;1233;7.80;0.48;148.28;3.58;705;2;382.00;1
535;2;4908735;535;256;1233;1233;7.73;0.47;149.09;3.59;698;2;383.00;0
538;2;4908745;538;262;1246;1246;7.82;0.48;149.83;3.56;708;2;384.00;0
539;2;4908756;539;264;1246;1246;7.89;0.48;150.03;3.56;707;2;385.00;0
544;2;4908772;544;253;1246;1246;7.88;0.48;150.60;3.56;702;2;386.00;0
546;2;4908782;546;249;1246;1247;7.91;0.48;150.58;3.56;700;2;387.00;1
547;2;4908802;547;241;1247;1247;7.98;0.49;150.94;3.55;700;2;388.00;0
548;2;4908814;548;231;1251;1251;8.06;0.49;151.04;3.55;703;2;389.00;0
550;2;4908828;550;226;1251;1251;8.06;0.49;151.47;3.55;701;2;390.00;0
553;2;4908839;553;228;1255;1255;8.01;0.49;151.79;3.54;702;2;391.00;0
554;2;4908849;554;220;1255;1255;8.06;0.49;151.90;3.54;701;2;392.00;0
556;2;4908859;556;226;1255;1255;8.06;0.49;152.13;3.54;699;2;393.00;0
558;2;4908869;558;227;1255;1255;8.07;0.49;152.79;3.54;697;2;394.00;0
559;2;4908879;559;235;1255;1255;8.06;0.49;153.23;3.54;696;2;395.00;0
560;2;4908889;560;234;1265;1267;8.07;0.49;153.26;3.51;705;2;396.00;2
564;2;4908899;564;227;1265;1267;8.12;0.50;153.67;3.51;701;2;397.00;2
565;2;4908909;565;219;1267;1267;8.26;0.50;153.67;3.51;702;2;398.00;0
567;2;4908919;567;208;1267;1267;8.46;0.52;154.28;3.51;700;2;399.00;0
568;2;4908929;568;204;1267;1267;8.62;0.53;154.58;3.51;699;2;400.00;0
572;2;4908943;572;200;1267;1267;8.74;0.53;155.13;3.51;695;2;401.00;0
572;2;4908953;572;193;1268;1268;8.91;0.54;155.13;3.51;696;2;402.00;0
573;2;4908961;573;188;1268;1268;9.06;0.55;155.06;3.51;695;2;403.00;0
576;2;4908971;576;188;1274;1274;9.14;0.56;155.74;3.49;698;2;404.00;0
576;2;4908981;576;188;1276;1276;9.26;0.57;155.74;3.49;700;2;405.00;0
579;2;4908991;579;182;1276;1276;9.34;0.57;156.51;3.49;697;2;406.00;0
582;2;4909001;582;180;1276;1276;9.38;0.57;156.75;3.49;694;2;407.00;0
587;2;4909010;587;179;1280;1280;9.39;0.57;157.51;3.48;693;2;408.00;0
589;2;4909021;589;177;1280;1280;9.47;0.58;158.12;3.48;691;2;409.00;0
591;2;4909030;591;174;1280;1280;9.52;0.58;158.65;3.48;689;2;410.00;0
593;2;4909040;593;180;1281;1281;9.57;0.58;159.18;3.48;688;2;411.00;0
596;2;4909048;596;179;1285;1285;9.58;0.58;159.83;3.47;689;2;412.00;0
599;2;4909058;599;178;1285;1285;9.57;0.58;160.80;3.47;686;2;413.00;0
601;2;4909068;601;177;1287;1288;9.64;0.59;160.91;3.46;686;2;414.00;1
602;2;4909078;602;180;1287;1288;9.68;0.59;160.97;3.46;685;2;415.00;1
606;2;4909090;606;178;1288;1288;9.69;0.59;161.65;3.46;682;2;416.00;0
607;2;4909099;607;183;1288;1288;9.69;0.59;161.87;3.46;681;2;417.00;0
610;2;4909110;610;185;1292;1292;9.70;0.59;162.32;3.45;682;2;418.00;0
615;2;4909121;615;185;1292;1292;9.64;0.59;163.39;3.45;677;2;419.00;0
615;2;4909132;615;179;1292;1292;9.65;0.59;163.39;3.45;677;2;420.00;0
619;2;4909147;619;177;1292;1292;9.70;0.59;164.02;3.45;673;2;421.00;0
620;2;4909157;620;174;1293;1293;9.70;0.59;164.37;3.45;673;2;422.00;0
624;2;4909166;624;171;1294;1294;9.64;0.59;164.32;3.45;670;2;423.00;0
627;2;4909176;627;160;1294;1294;9.63;0.59;164.53;3.45;667;2;424.00;0
632;2;4909185;632;153;1295;1295;9.60;0.58;165.13;3.45;663;2;425.00;0
634;2;4909194;634;144;1295;1295;9.61;0.59;164.99;3.45;661;2;426.00;0
637;2;4909203;637;139;1295;1295;9.77;0.60;165.28;3.45;658;2;427.00;0
639;2;4909212;639;136;1295;1295;9.90;0.60;165.54;3.45;656;2;428.00;0
642;2;4909222;642;129;1295;1295;10.04;0.61;165.63;3.45;653;2;429.00;0
645;2;4909230;645;126;1295;1295;10.18;0.62;165.79;3.45;650;2;430.00;0
648;2;4909240;648;123;1295;1295;10.32;0.63;166.15;3.45;647;2;431.00;0
652;2;4909249;652;145;1367;1422;10.08;0.62;166.57;3.27;715;2;432.00;55
656;2;4909273;656;129;1371;1423;10.14;0.63;166.71;3.26;715;2;433.00;52
659;2;4909283;659;115;1375;1423;10.31;0.64;167.11;3.26;716;2;434.00;48
660;2;4909294;660;107;1376;1423;10.37;0.64;167.08;3.26;716;2;435.00;47
665;2;4909305;665;105;1383;1423;10.41;0.64;167.82;3.26;718;2;436.00;40
668;2;4909315;668;101;1383;1423;10.51;0.65;168.25;3.26;715;2;437.00;40
671;2;4909334;671;102;1386;1423;10.55;0.65;167.99;3.27;715;2;438.00;37
673;2;4909352;673;107;1388;1423;10.59;0.65;167.99;3.27;715;2;439.00;35
675;2;4909361;675;100;1391;1424;10.68;0.65;168.31;3.28;716;2;440.00;33
677;2;4909372;677;101;1395;1425;10.72;0.66;168.11;3.30;718;2;441.00;30
678;2;4909382;678;100;1397;1425;10.75;0.66;168.09;3.31;719;2;442.00;28
680;2;4909393;680;104;1401;1426;10.68;0.65;168.78;3.32;721;2;443.00;25
681;2;4909403;681;102;1405;1426;10.70;0.65;169.18;3.35;724;2;444.00;21
684;2;4909412;684;102;1407;1426;10.60;0.65;169.59;3.36;723;2;445.00;19
685;2;4909423;685;104;1408;1426;10.48;0.64;169.47;3.37;723;2;446.00;18
689;2;4909431;689;108;1414;1430;10.37;0.63;170.26;3.40;725;2;447.00;16
690;2;4909442;690;113;1415;1430;10.25;0.63;170.03;3.41;725;2;448.00;15
693;2;4909453;693;115;1417;1430;10.13;0.62;170.35;3.43;724;2;449.00;13
696;2;4909464;696;116;1421;1436;10.07;0.61;170.57;3.43;725;2;450.00;15
698;2;4909475;698;117;1424;1436;10.02;0.61;170.90;3.45;726;2;451.00;12
702;2;4909485;702;120;1426;1436;9.99;0.61;171.09;3.46;724;2;452.00;10
706;3;4909494;706;127;1430;1440;10.00;0.61;171.56;3.48;724;3;453.00;10
706;3;4909518;706;131;1432;1441;10.05;0.61;171.56;3.50;726;3;454.00;9
709;3;4909540;709;134;1435;1441;9.99;0.61;171.66;3.52;726;3;455.00;6
713;3;4909551;713;136;1439;1445;10.00;0.61;172.31;3.53;726;3;456.00;6
716;3;4909562;716;146;1441;1445;9.94;0.61;172.71;3.54;725;3;457.00;4
721;3;4909574;721;145;1442;1445;9.87;0.60;173.70;3.54;721;3;458.00;3
723;3;4909584;723;157;1444;1446;9.86;0.60;174.10;3.54;721;3;459.00;2
725;3;4909594;725;166;1445;1446;9.80;0.60;174.15;3.55;720;3;460.00;1
726;3;4909604;726;168;1451;1452;9.78;0.60;174.19;3.54;725;3;461.00;1
731;3;4909614;731;169;1451;1452;9.68;0.59;173.85;3.54;720;3;462.00;1
733;3;4909626;733;174;1452;1453;9.57;0.58;173.88;3.54;719;3;463.00;1
733;3;4909636;733;181;1452;1453;9.52;0.58;173.88;3.54;719;3;464.00;1
735;3;4909645;735;181;1452;1453;9.52;0.58;173.88;3.54;717;3;465.00;1
736;3;4909655;736;183;1453;1453;9.47;0.58;174.03;3.54;717;3;466.00;0
736;3;4909664;736;191;1453;1453;9.38;0.58;174.03;3.54;717;3;467.00;0
737;3;4909674;737;194;1464;1465;9.32;0.57;174.01;3.51;727;3;468.00;1
739;3;4909684;739;200;1464;1465;9.32;0.57;173.90;3.51;725;3;469.00;1
740;3;4909693;740;205;1465;1465;9.30;0.57;173.98;3.51;725;3;470.00;0
742;3;4909702;742;211;1465;1465;9.26;0.57;174.10;3.51;723;3;471.00;0
742;3;4909710;742;218;1465;1465;9.19;0.56;174.10;3.51;723;3;472.00;0
746;3;4909719;746;223;1465;1465;9.09;0.56;173.95;3.51;719;3;473.00;0
746;3;4909728;746;230;1469;1469;9.01;0.55;173.95;3.50;723;3;474.00;0
748;3;4909738;748;236;1469;1469;8.92;0.55;173.79;3.50;721;3;475.00;0
750;3;4909746;750;237;1473;1473;8.89;0.55;173.79;3.50;723;3;476.00;0
752;3;4909756;752;242;1474;1474;8.79;0.54;173.51;3.49;722;3;477.00;0
753;3;4909764;753;247;1474;1474;8.67;0.54;173.89;3.49;721;3;478.00;0
756;3;4909774;756;248;1474;1474;8.60;0.53;173.66;3.49;718;3;479.00;0
758;3;4909786;758;258;1495;1500;8.54;0.53;173.42;3.45;737;3;480.00;5
761;3;4909796;761;250;1495;1500;8.51;0.53;173.49;3.45;734;3;481.00;5
763;3;4909806;763;253;1498;1500;8.46;0.52;173.63;3.44;735;3;482.00;2
766;3;4909814;766;256;1501;1501;8.42;0.52;173.83;3.44;735;3;483.00;0
768;3;4909823;768;253;1502;1502;8.35;0.51;173.82;3.44;734;3;484.00;0
771;3;4909832;771;259;1502;1502;8.23;0.50;173.44;3.44;731;3;485.00;0
771;3;4909841;771;258;1504;1505;8.22;0.50;173.44;3.43;733;3;486.00;1
773;3;4909849;773;255;1504;1505;8.16;0.50;173.95;3.43;731;3;487.00;1
775;3;4909859;775;260;1505;1505;8.15;0.50;173.81;3.43;730;3;488.00;0
780;3;4909866;780;261;1505;1505;8.13;0.50;173.57;3.43;725;3;489.00;0
780;3;4909876;780;263;1510;1511;8.16;0.50;173.57;3.43;730;3;490.00;1
781;3;4909886;781;266;1511;1511;8.07;0.49;173.95;3.42;730;3;491.00;0
784;3;4909894;784;264;1511;1511;8.00;0.49;173.72;3.42;727;3;492.00;0
791;3;4909902;791;271;1511;1511;7.87;0.48;173.91;3.42;720;3;493.00;0
792;3;4909910;792;273;1515;1515;7.73;0.47;173.77;3.42;723;3;494.00;0
794;3;4909917;794;267;1517;1517;7.67;0.47;173.94;3.41;723;3;495.00;0
798;3;4909926;798;264;1517;1517;7.55;0.46;173.92;3.41;719;3;496.00;0
802;3;4909934;802;260;1518;1518;7.48;0.46;174.13;3.41;716;3;497.00;0
805;3;4909943;805;262;1518;1518;7.43;0.46;174.62;3.41;713;3;498.00;0
809;3;4909951;809;253;1518;1518;7.40;0.46;174.79;3.41;709;3;499.00;0
812;3;4909959;812;256;1518;1518;7.39;0.45;174.55;3.41;706;3;500.00;0
814;3;4909972;814;255;1518;1518;7.37;0.45;174.74;3.41;704;3;501.00;0
818;3;4909981;818;252;1518;1518;7.31;0.45;174.93;3.41;700;3;502.00;0
819;3;4909990;819;254;1518;1518;7.30;0.45;174.97;3.41;699;3;503.00;0
819;3;4909997;819;254;1556;1588;7.55;0.46;174.97;3.33;737;3;504.00;32
820;3;4910012;820;250;1560;1589;7.56;0.47;174.79;3.32;740;3;505.00;29
820;3;4910021;820;252;1567;1589;7.59;0.47;174.79;3.32;747;3;506.00;22
824;3;4910030;824;259;1572;1589;7.55;0.46;174.85;3.32;748;3;507.00;17
827;3;4910039;827;247;1574;1589;7.56;0.46;174.51;3.32;747;3;508.00;15
828;3;4910048;828;243;1576;1589;7.57;0.46;174.80;3.32;748;3;509.00;13
833;3;4910059;833;240;1579;1589;7.51;0.46;175.48;3.32;746;3;510.00;10
834;3;4910069;834;240;1581;1589;7.50;0.46;175.65;3.33;747;3;511.00;8
837;3;4910078;837;245;1582;1590;7.42;0.45;175.65;3.33;745;3;512.00;8
841;3;4910088;841;243;1584;1591;7.36;0.45;176.23;3.34;743;3;513.00;7
843;3;4910104;843;248;1586;1591;7.30;0.45;176.50;3.35;743;3;514.00;5
845;3;4910120;845;250;1593;1595;7.38;0.45;176.66;3.36;748;3;515.00;2
851;3;4910130;851;251;1595;1595;7.31;0.45;177.15;3.36;744;3;516.00;0
852;3;4910140;852;246;1595;1595;7.36;0.45;177.36;3.36;743;3;517.00;0
856;3;4910156;856;247;1595;1595;7.32;0.45;177.79;3.36;739;3;518.00;0
859;3;4910165;859;249;1601;1601;7.32;0.45;177.98;3.35;742;3;519.00;0
860;3;4910177;860;247;1601;1601;7.33;0.45;178.05;3.35;741;3;520.00;0
863;3;4910187;863;247;1601;1601;7.34;0.45;178.14;3.35;738;3;521.00;0
865;3;4910196;865;247;1603;1604;7.40;0.45;178.66;3.34;738;3;522.00;1
869;3;4910207;869;248;1603;1604;7.40;0.45;178.70;3.34;734;3;523.00;1
873;3;4910217;873;253;1604;1604;7.38;0.45;179.03;3.34;731;3;524.00;0
875;3;4910228;875;251;1605;1605;7.40;0.45;179.38;3.34;730;3;525.00;0
877;3;4910238;877;255;1606;1606;7.41;0.45;179.83;3.34;729;3;526.00;0
882;3;4910248;882;250;1606;1606;7.40;0.45;180.43;3.34;724;3;527.00;0
885;3;4910258;885;253;1619;1619;7.55;0.46;180.59;3.31;734;3;528.00;0
889;3;4910268;889;256;1619;1619;7.53;0.46;180.72;3.31;730;3;529.00;0
890;3;4910278;890;253;1619;1619;7.57;0.46;180.86;3.31;729;3;530.00;0
893;3;4910289;893;254;1620;1620;7.62;0.46;181.39;3.31;727;3;531.00;0
898;3;4910298;898;255;1620;1620;7.66;0.47;181.51;3.31;722;3;532.00;0
902;3;4910309;902;256;1624;1624;7.68;0.47;181.89;3.30;722;3;533.00;0
903;3;4910320;903;255;1624;1624;7.70;0.47;182.12;3.30;721;3;534.00;0
904;3;4910329;904;254;1628;1628;7.72;0.47;182.14;3.30;724;3;535.00;0
906;3;4910339;906;253;1628;1628;7.73;0.47;182.21;3.30;722;3;536.00;0
907;3;4910349;907;255;1628;1628;7.70;0.47;182.04;3.30;721;3;537.00;0
910;3;4910358;910;260;1628;1628;7.64;0.47;182.40;3.30;718;3;538.00;0
911;3;4910374;911;258;1628;1628;7.61;0.46;182.53;3.30;717;3;539.00;0
912;3;4910385;912;258;1658;1662;7.74;0.48;182.53;3.24;746;3;540.00;4
913;3;4910396;913;257;1658;1662;7.73;0.48;182.52;3.24;745;3;541.00;4
916;3;4910408;916;250;1661;1662;7.81;0.48;182.84;3.24;745;3;542.00;1
916;3;4910419;916;244;1661;1662;7.88;0.48;182.84;3.24;745;3;543.00;1
917;3;4910430;917;243;1662;1662;7.92;0.49;182.94;3.24;745;3;544.00;0
918;3;4910440;918;235;1662;1662;7.94;0.49;183.06;3.24;744;3;545.00;0
921;3;4910456;921;237;1663;1663;7.95;0.49;182.97;3.24;742;3;546.00;0
925;3;4910466;925;233;1663;1663;7.95;0.49;183.22;3.24;738;3;547.00;0
926;3;4910478;926;225;1669;1669;7.98;0.49;183.27;3.23;743;3;548.00;0
930;3;4910489;930;228;1670;1670;8.04;0.49;183.49;3.23;740;3;549.00;0
931;3;4910499;931;231;1670;1670;8.13;0.50;183.50;3.23;739;3;550.00;0
936;3;4910510;936;218;1670;1670;8.15;0.50;184.20;3.23;734;3;551.00;0
941;3;4910527;941;212;1674;1674;8.21;0.50;184.34;3.22;733;3;552.00;0
944;3;4910545;944;206;1674;1674;8.34;0.51;184.51;3.22;730;3;553.00;0
946;3;4910556;946;201;1674;1674;8.39;0.51;184.61;3.22;728;3;554.00;0
949;3;4910566;949;202;1675;1675;8.40;0.51;184.62;3.22;726;3;555.00;0
949;3;4910577;949;202;1679;1679;8.42;0.51;184.62;3.21;730;3;556.00;0
952;3;4910588;952;205;1679;1679;8.46;0.51;184.94;3.21;727;3;557.00;0
954;3;4910598;954;206;1681;1682;8.50;0.52;185.60;3.21;727;3;558.00;1
958;3;4910609;958;210;1681;1682;8.50;0.52;185.66;3.21;723;3;559.00;1
961;3;4910620;961;208;1682;1682;8.53;0.52;185.85;3.21;721;3;560.00;0
962;3;4910630;962;210;1682;1682;8.52;0.52;186.01;3.21;720;3;561.00;0
964;3;4910641;964;210;1686;1686;8.56;0.52;186.00;3.20;722;3;562.00;0
968;3;4910652;968;207;1686;1686;8.56;0.52;186.34;3.20;718;3;563.00;0
972;3;4910662;972;202;1686;1686;8.58;0.52;186.73;3.20;714;3;564.00;0
975;3;4910679;975;204;1686;1686;8.70;0.53;187.14;3.20;711;3;565.00;0
978;3;4910690;978;203;1687;1687;8.73;0.53;187.60;3.20;709;3;566.00;0
980;3;4910700;980;201;1688;1688;8.76;0.53;187.88;3.20;708;3;567.00;0
981;3;4910710;981;194;1688;1688;8.79;0.53;187.97;3.20;707;3;568.00;0
984;3;4910720;984;194;1689;1689;8.81;0.53;188.17;3.20;705;3;569.00;0
988;3;4910738;988;196;1689;1689;8.78;0.53;188.61;3.20;701;3;570.00;0
989;3;4910748;989;197;1689;1689;8.74;0.53;188.75;3.20;700;3;571.00;0
992;3;4910758;992;197;1689;1689;8.70;0.53;189.10;3.20;697;3;572.00;0
997;3;4910768;997;197;1689;1689;8.72;0.53;189.76;3.20;692;3;573.00;0
1000;3;4910778;1000;198;1689;1689;8.72;0.53;190.31;3.20;689;3;574.00;0
1002;3;4910788;1002;196;1689;1689;8.77;0.53;190.30;3.20;687;3;575.00;0
1004;3;4910797;1004;234;1771;1816;8.52;0.53;190.56;3.05;767;3;576.00;45
1006;3;4910818;1006;225;1772;1817;8.53;0.53;190.88;3.05;766;3;577.00;45
1007;3;4910828;1007;215;1778;1817;8.68;0.54;191.08;3.05;771;3;578.00;39
1009;3;4910845;1009;214;1778;1817;8.74;0.54;191.57;3.05;769;3;579.00;39
1010;3;4910855;1010;215;1784;1817;8.82;0.54;191.59;3.05;774;3;580.00;33
1013;3;4910864;1013;212;1785;1817;8.90;0.55;191.89;3.05;772;3;581.00;32
1014;3;4910875;1014;216;1789;1817;8.95;0.55;191.91;3.06;775;3;582.00;28
1015;3;4910886;1015;224;1792;1817;9.10;0.56;191.93;3.06;777;3;583.00;25
1015;3;4910895;1015;227;1795;1818;9.13;0.56;191.93;3.07;780;3;584.00;23
1015;3;4910912;1015;228;1800;1820;9.15;0.56;191.93;3.08;785;3;585.00;20
1017;3;4910923;1017;227;1803;1820;9.17;0.56;191.84;3.10;786;3;586.00;17
1020;3;4910933;1020;224;1805;1821;9.12;0.56;191.86;3.10;785;3;587.00;16
1022;3;4910944;1022;226;1809;1821;9.13;0.56;192.28;3.12;787;3;588.00;12
1022;3;4910955;1022;225;1812;1821;9.16;0.56;192.28;3.13;790;3;589.00;9
1025;3;4910964;1025;217;1812;1821;9.18;0.56;192.74;3.13;787;3;590.00;9
1030;3;4910975;1030;216;1816;1825;9.18;0.56;193.77;3.13;786;3;591.00;9
1032;3;4910993;1032;208;1816;1825;9.07;0.55;193.91;3.13;784;3;592.00;9
1035;3;4911004;1035;207;1817;1825;9.04;0.55;194.68;3.14;782;3;593.00;8
1038;3;4911014;1038;207;1819;1828;9.06;0.55;194.94;3.15;781;3;594.00;9
1043;3;4911025;1043;210;1819;1828;9.03;0.55;195.60;3.15;776;3;595.00;9
1044;3;4911036;1044;211;1821;1828;8.99;0.55;195.90;3.17;777;3;596.00;7
1046;3;4911045;1046;209;1825;1832;8.86;0.54;196.09;3.17;779;3;597.00;7
1050;3;4911056;1050;209;1827;1833;8.84;0.54;196.63;3.18;777;3;598.00;6
1052;3;4911066;1052;208;1829;1833;8.80;0.54;196.42;3.19;777;3;599.00;4
1058;3;4911078;1058;215;1841;1859;8.65;0.53;197.23;3.17;783;3;600.00;18
1059;3;4911104;1059;204;1843;1859;8.68;0.53;197.56;3.17;784;3;601.00;16
1062;3;4911114;1062;199;1845;1859;8.64;0.52;197.94;3.17;783;3;602.00;14
1067;3;4911125;1067;204;1846;1860;8.59;0.52;198.31;3.17;779;3;603.00;14
1070;3;4911135;1070;195;1846;1860;8.52;0.52;198.40;3.17;776;3;604.00;14
1072;3;4911145;1072;200;1849;1866;8.48;0.51;198.65;3.16;777;3;605.00;17
1074;3;4911155;1074;202;1852;1866;8.38;0.51;199.16;3.17;778;3;606.00;14
1077;3;4911164;1077;204;1854;1867;8.26;0.50;199.42;3.17;777;3;607.00;13
1078;3;4911176;1078;213;1855;1867;8.13;0.49;199.46;3.17;777;3;608.00;12
1080;3;4911186;1080;212;1856;1867;8.03;0.49;199.70;3.17;776;3;609.00;11
1082;3;4911195;1082;219;1856;1867;8.00;0.49;200.11;3.17;774;3;610.00;11
1084;3;4911206;1084;219;1857;1867;7.93;0.48;200.37;3.19;773;3;611.00;10
1085;3;4911215;1085;229;1871;1879;7.92;0.48;200.42;3.19;786;3;612.00;8
1086;3;4911231;1086;228;1872;1879;7.92;0.48;200.45;3.19;786;3;613.00;7
1086;3;4911242;1086;236;1873;1879;7.93;0.48;200.45;3.20;787;3;614.00;6
1087;3;4911253;1087;235;1873;1879;7.96;0.48;200.43;3.20;786;3;615.00;6
1089;3;4911261;1089;237;1873;1879;8.05;0.49;200.36;3.20;784;3;616.00;6
1089;3;4911273;1089;240;1874;1879;8.10;0.49;200.36;3.21;785;3;617.00;5
1089;3;4911281;1089;243;1877;1883;8.14;0.50;200.36;3.20;788;3;618.00;6
1091;3;4911293;1091;248;1878;1883;8.18;0.50;200.35;3.21;787;3;619.00;5
1094;3;4911303;1094;253;1882;1887;8.24;0.50;200.54;3.21;788;3;620.00;5
1096;3;4911313;1096;254;1883;1888;8.25;0.50;200.32;3.20;787;3;621.00;5
1098;3;4911324;1098;259;1883;1888;8.22;0.50;200.25;3.20;785;3;622.00;5
1100;3;4911333;1100;258;1884;1888;8.15;0.50;200.14;3.21;784;3;623.00;4
1101;3;4911344;1101;265;1892;1901;8.15;0.50;199.98;3.20;791;3;624.00;9
1104;3;4911355;1104;270;1895;1901;8.03;0.49;199.97;3.21;791;3;625.00;6
1106;3;4911364;1106;274;1895;1901;7.94;0.48;199.93;3.21;789;3;626.00;6
1107;3;4911374;1107;280;1898;1902;7.84;0.48;199.76;3.21;791;3;627.00;4
1109;3;4911384;1109;288;1899;1903;7.78;0.47;199.75;3.21;790;3;628.00;4
1109;3;4911393;1109;289;1901;1903;7.69;0.47;199.75;3.23;792;3;629.00;2
1112;3;4911404;1112;294;1906;1909;7.60;0.46;199.62;3.23;794;3;630.00;3
1112;3;4911413;1112;294;1907;1909;7.56;0.46;199.62;3.23;795;3;631.00;2
1112;3;4911423;1112;302;1909;1909;7.58;0.46;199.62;3.23;797;3;632.00;0
1113;3;4911432;1113;310;1909;1909;7.51;0.46;199.49;3.23;796;3;633.00;0
1116;3;4911441;1116;314;1915;1915;7.51;0.46;199.33;3.22;799;3;634.00;0
1118;3;4911451;1118;314;1915;1915;7.51;0.46;199.27;3.22;797;3;635.00;0
1119;3;4911459;1119;320;1915;1915;7.38;0.45;199.18;3.22;796;3;636.00;0
1119;3;4911468;1119;320;1915;1915;7.38;0.45;199.18;3.22;796;3;637.00;0
1120;3;4911478;1120;325;1919;1919;7.36;0.45;199.12;3.22;799;3;638.00;0
1122;3;4911487;1122;328;1920;1920;7.27;0.45;199.15;3.21;798;3;639.00;0
1124;3;4911496;1124;331;1920;1920;7.19;0.44;198.97;3.21;796;3;640.00;0
1127;3;4911505;1127;335;1921;1921;7.15;0.44;198.74;3.21;794;3;641.00;0
1128;3;4911514;1128;338;1921;1921;7.03;0.43;198.74;3.21;793;3;642.00;0
1134;3;4911523;1134;342;1921;1921;6.89;0.42;198.67;3.21;787;3;643.00;0
1136;3;4911531;1136;341;1921;1921;6.83;0.42;198.40;3.21;785;3;644.00;0
1137;3;4911540;1137;341;1921;1921;6.84;0.42;198.29;3.21;784;3;645.00;0
1138;3;4911548;1138;338;1921;1921;6.81;0.42;198.24;3.21;783;3;646.00;0
1139;3;4911557;1139;340;1921;1921;6.77;0.42;198.21;3.21;782;3;647.00;0
1142;3;4911565;1142;344;1962;1991;6.98;0.43;197.97;3.15;820;3;648.00;29
1144;3;4911580;1144;338;1965;1992;6.92;0.43;198.00;3.14;821;3;649.00;27
1144;3;4911589;1144;328;1974;1992;6.89;0.42;198.00;3.14;830;3;650.00;18
1145;3;4911596;1145;325;1977;1992;6.85;0.42;197.92;3.14;832;3;651.00;15
1149;3;4911605;1149;321;1980;1992;6.78;0.42;197.80;3.14;831;3;652.00;12
1153;3;4911614;1153;314;1981;1992;6.68;0.41;197.73;3.14;828;3;653.00;11
1153;3;4911623;1153;319;1985;1992;6.60;0.40;197.73;3.15;832;3;654.00;7
1153;3;4911631;1153;311;1989;1992;6.62;0.41;197.73;3.15;836;3;655.00;3
1155;3;4911641;1155;306;1991;1993;6.61;0.40;197.53;3.16;836;3;656.00;2
1158;3;4911649;1158;300;1993;1994;6.54;0.40;197.67;3.16;835;3;657.00;1
1161;3;4911659;1161;297;1994;1994;6.42;0.39;197.53;3.16;833;3;658.00;0
1164;3;4911668;1164;294;1998;1998;6.27;0.38;197.85;3.15;834;3;659.00;0
1167;3;4911680;1167;292;1998;1998;6.17;0.38;197.75;3.15;831;3;660.00;0
1171;3;4911690;1171;288;1998;1998;6.15;0.38;198.03;3.15;827;3;661.00;0
1173;3;4911705;1173;278;1998;1998;6.11;0.37;198.25;3.15;825;3;662.00;0
1176;3;4911714;1176;278;2004;2004;6.17;0.38;198.22;3.15;828;3;663.00;0
1178;3;4911725;1178;269;2004;2004;6.23;0.38;198.30;3.15;826;3;664.00;0
1181;3;4911742;1181;270;2004;2004;6.30;0.38;198.36;3.15;823;3;665.00;0
1183;3;4911752;1183;263;2006;2007;6.38;0.39;198.34;3.15;823;3;666.00;1
1185;3;4911762;1185;256;2007;2007;6.43;0.39;198.49;3.14;822;3;667.00;0
1187;3;4911773;1187;247;2007;2007;6.58;0.40;198.40;3.14;820;3;668.00;0
1188;3;4911792;1188;238;2008;2008;6.71;0.41;198.66;3.14;820;3;669.00;0
1189;3;4911802;1189;230;2009;2009;6.84;0.42;198.57;3.14;820;3;670.00;0
1192;3;4911812;1192;226;2009;2009;6.93;0.42;198.89;3.14;817;3;671.00;0
1194;3;4911823;1194;226;2022;2022;7.08;0.43;199.38;3.12;828;3;672.00;0
1197;3;4911835;1197;226;2022;2022;7.20;0.44;199.64;3.12;825;3;673.00;0
1199;3;4911845;1199;222;2022;2022;7.32;0.44;199.70;3.12;823;3;674.00;0
1204;3;4911856;1204;225;2024;2024;7.33;0.45;200.18;3.12;820;3;675.00;0
1207;3;4911868;1207;231;2024;2024;7.40;0.45;199.99;3.12;817;3;676.00;0
1211;3;4911879;1211;230;2028;2028;7.53;0.46;200.63;3.11;817;3;677.00;0
1213;3;4911891;1213;236;2028;2028;7.61;0.46;200.55;3.11;815;3;678.00;0
1217;3;4911901;1217;237;2032;2032;7.61;0.46;200.72;3.11;815;3;679.00;0
1222;3;4911912;1222;235;2032;2032;7.64;0.46;201.03;3.11;810;3;680.00;0
1224;3;4911923;1224;238;2032;2032;7.63;0.46;201.35;3.11;808;3;681.00;0
1230;3;4911935;1230;240;2032;2032;7.63;0.46;201.86;3.11;802;3;682.00;0
1230;3;4911945;1230;239;2032;2032;7.66;0.46;201.86;3.11;802;3;683.00;0
1233;3;4911956;1233;243;2043;2044;7.69;0.47;201.94;3.09;810;3;684.00;1
1238;3;4911968;1238;242;2044;2044;7.69;0.47;202.61;3.09;806;3;685.00;0
1242;3;4911979;1242;239;2044;2044;7.76;0.47;203.08;3.09;802;3;686.00;0
1243;3;4911991;1243;238;2044;2044;7.81;0.48;203.24;3.09;801;3;687.00;0
1246;3;4912002;1246;232;2044;2044;7.85;0.48;203.70;3.09;798;3;688.00;0
1250;3;4912012;1250;232;2044;2044;7.88;0.48;204.01;3.09;794;3;689.00;0
1254;3;4912025;1254;232;2045;2045;7.95;0.48;204.26;3.09;791;3;690.00;0
1260;3;4912036;1260;233;2045;2045;7.96;0.48;204.56;3.09;785;3;691.00;0
1264;3;4912047;1264;237;2051;2051;8.00;0.49;204.92;3.09;787;3;692.00;0
1268;3;4912058;1268;237;2051;2052;8.06;0.49;205.33;3.09;783;3;693.00;1
1270;3;4912071;1270;238;2052;2052;8.13;0.49;205.51;3.08;782;3;694.00;0
1273;3;4912081;1273;235;2052;2052;8.13;0.49;206.04;3.08;779;3;695.00;0
1275;3;4912092;1275;231;2056;2056;8.11;0.49;206.19;3.08;781;3;696.00;0
1280;3;4912104;1280;225;2056;2056;8.14;0.50;206.80;3.08;776;3;697.00;0
1283;3;4912114;1283;226;2056;2056;8.18;0.50;207.10;3.08;773;3;698.00;0
1286;3;4912127;1286;227;2057;2057;8.20;0.50;207.51;3.08;771;3;699.00;0
1290;3;4912139;1290;221;2061;2061;8.15;0.50;207.94;3.07;771;3;700.00;0
1293;3;4912155;1293;222;2061;2061;8.12;0.50;208.32;3.07;768;3;701.00;0
1298;3;4912164;1298;221;2063;2064;8.05;0.49;208.68;3.07;765;3;702.00;1
1301;3;4912176;1301;221;2063;2064;8.03;0.49;208.66;3.07;762;3;703.00;1
1306;3;4912188;1306;227;2064;2064;7.98;0.49;208.88;3.07;758;3;704.00;0
1310;3;4912198;1310;224;2064;2064;7.94;0.48;209.54;3.07;754;3;705.00;0
1313;3;4912209;1313;233;2068;2068;7.93;0.48;209.60;3.07;755;3;706.00;0
1317;3;4912220;1317;222;2068;2068;7.88;0.48;209.84;3.07;751;3;707.00;0
1319;3;4912231;1319;219;2068;2068;7.94;0.48;209.99;3.07;749;3;708.00;0
1320;3;4912242;1320;219;2068;2068;8.01;0.49;210.04;3.07;748;3;709.00;0
1323;3;4912253;1323;217;2069;2069;8.10;0.49;210.39;3.06;746;3;710.00;0
1325;3;4912264;1325;214;2070;2070;8.21;0.50;210.31;3.06;745;3;711.00;0
1330;3;4912275;1330;213;2070;2070;8.25;0.50;210.96;3.06;740;3;712.00;0
1333;3;4912287;1333;215;2071;2071;8.31;0.50;211.04;3.06;738;3;713.00;0
1334;3;4912298;1334;218;2071;2071;8.36;0.51;211.10;3.06;737;3;714.00;0
1335;3;4912309;1335;218;2071;2071;8.39;0.51;211.08;3.06;736;3;715.00;0
1338;3;4912327;1338;211;2071;2071;8.46;0.51;211.14;3.06;733;3;716.00;0
1341;3;4912338;1341;206;2071;2071;8.49;0.52;211.59;3.06;730;3;717.00;0
1345;3;4912348;1345;202;2071;2071;8.55;0.52;211.77;3.06;726;3;718.00;0
1347;3;4912360;1347;198;2071;2071;8.56;0.52;211.87;3.06;724;3;719.00;0
1349;3;4912373;1349;238;2196;2301;8.37;0.52;212.12;2.89;847;3;720.00;105
1349;3;4912403;1349;232;2205;2302;8.41;0.53;212.12;2.88;856;3;721.00;97
1353;3;4912414;1353;220;2214;2302;8.47;0.53;212.46;2.88;861;3;722.00;88
1354;3;4912428;1354;218;2222;2302;8.49;0.53;212.62;2.88;868;3;723.00;80
1358;3;4912445;1358;216;2231;2302;8.43;0.52;212.83;2.88;873;3;724.00;71
1360;3;4912458;1360;216;2235;2302;8.29;0.52;212.98;2.89;875;3;725.00;67
1361;3;4912470;1361;222;2240;2302;8.27;0.51;212.92;2.89;879;3;726.00;62
1365;3;4912482;1365;225;2246;2302;8.16;0.51;213.12;2.90;881;3;727.00;56
1368;3;4912494;1368;224;2251;2303;8.07;0.50;213.35;2.92;883;3;728.00;52
1370;3;4912512;1370;229;2255;2304;8.03;0.50;213.60;2.93;885;3;729.00;49
1374;3;4912524;1374;232;2260;2304;7.92;0.49;213.67;2.94;886;3;730.00;44
1374;3;4912537;1374;240;2265;2305;7.78;0.48;213.67;2.96;891;3;731.00;40
1376;3;4912548;1376;245;2268;2305;7.75;0.48;213.75;2.97;892;3;732.00;37
1377;3;4912560;1377;250;2269;2305;7.71;0.48;213.81;2.97;892;3;733.00;36
1378;3;4912572;1378;253;2270;2305;7.65;0.47;213.92;2.98;892;3;734.00;35
1380;3;4912584;1380;262;2274;2309;7.62;0.47;213.97;2.99;894;3;735.00;35
1382;3;4912595;1382;266;2277;2309;7.61;0.47;214.18;3.00;895;3;736.00;32
1386;3;4912607;1386;275;2279;2309;7.58;0.47;214.46;3.02;893;3;737.00;30
1389;3;4912618;1389;278;2280;2312;7.54;0.46;214.65;3.02;891;3;738.00;32
1391;3;4912630;1391;286;2282;2312;7.50;0.46;214.98;3.03;891;3;739.00;30
1394;3;4912648;1394;290;2285;2312;7.49;0.46;215.07;3.04;891;3;740.00;27
1395;3;4912660;1395;291;2290;2316;7.47;0.46;215.16;3.05;895;3;741.00;26
1397;3;4912672;1397;287;2291;2317;7.45;0.46;215.44;3.05;894;3;742.00;26
1400;3;4912683;1400;283;2292;2317;7.47;0.46;215.72;3.06;892;3;743.00;25
1403;3;4912694;1403;290;2296;2321;7.49;0.46;215.81;3.06;893;3;744.00;25
1403;3;4912706;1403;290;2299;2321;7.55;0.46;215.81;3.08;896;3;745.00;22
1405;3;4912724;1405;288;2299;2321;7.58;0.46;216.12;3.08;894;3;746.00;22
1405;3;4912741;1405;286;2299;2322;7.68;0.47;216.12;3.08;894;3;747.00;23
1406;3;4912752;1406;287;2300;2322;7.69;0.47;216.25;3.09;894;3;748.00;22
1407;3;4912768;1407;290;2305;2328;7.61;0.47;216.28;3.09;898;3;749.00;23
1411;3;4912782;1411;288;2308;2328;7.59;0.46;216.32;3.11;897;3;750.00;20
1413;3;4912794;1413;290;2309;2329;7.53;0.46;216.41;3.11;896;3;751.00;20
1414;3;4912811;1414;288;2311;2329;7.52;0.46;216.48;3.14;897;3;752.00;18
1417;3;4912823;1417;291;2313;2329;7.48;0.46;216.83;3.15;896;3;753.00;16
1418;3;4912835;1418;289;2313;2329;7.44;0.45;216.81;3.15;895;3;754.00;16
1421;3;4912846;1421;288;2315;2329;7.43;0.45;216.92;3.16;894;3;755.00;14
1422;3;4912857;1422;293;2325;2341;7.47;0.46;216.98;3.14;903;3;756.00;16
1428;3;4912868;1428;290;2326;2341;7.41;0.45;217.39;3.15;898;3;757.00;15
1430;3;4912880;1430;290;2327;2341;7.39;0.45;217.43;3.15;897;3;758.00;14
1431;3;4912891;1431;287;2329;2341;7.39;0.45;217.55;3.16;898;3;759.00;12
1434;3;4912903;1434;288;2329;2341;7.32;0.45;217.90;3.16;895;3;760.00;12
1438;3;4912914;1438;282;2329;2341;7.20;0.44;218.20;3.16;891;3;761.00;12
1439;3;4912926;1439;287;2333;2345;7.13;0.43;218.20;3.16;894;3;762.00;12
1442;3;4912937;1442;287;2334;2345;7.06;0.43;218.18;3.18;892;3;763.00;11
1444;3;4912947;1444;291;2338;2349;7.06;0.43;218.23;3.17;894;3;764.00;11
1447;3;4912959;1447;290;2340;2351;7.07;0.43;218.40;3.17;893;3;765.00;11
1448;3;4912970;1448;292;2340;2351;7.08;0.43;218.38;3.17;892;3;766.00;11
1449;3;4912981;1449;297;2340;2351;7.09;0.43;218.36;3.17;891;3;767.00;11
1452;3;4912992;1452;299;2351;2364;7.09;0.43;218.41;3.15;899;3;768.00;13
1454;3;4913007;1454;307;2351;2364;7.11;0.43;218.23;3.15;897;3;769.00;13
1454;3;4913018;1454;309;2351;2364;7.13;0.43;218.23;3.15;897;3;770.00;13
1456;3;4913029;1456;312;2352;2365;7.12;0.43;218.32;3.15;896;3;771.00;13
1456;3;4913040;1456;312;2353;2366;7.10;0.43;218.32;3.17;897;3;772.00;13
1458;3;4913051;1458;319;2353;2366;7.01;0.43;218.39;3.17;895;3;773.00;13
1458;3;4913069;1458;321;2355;2369;7.02;0.43;218.39;3.17;897;3;774.00;14
1462;3;4913080;1462;325;2357;2369;7.00;0.43;218.39;3.19;895;3;775.00;12
1463;3;4913092;1463;334;2357;2369;7.02;0.43;218.38;3.19;894;3;776.00;12
1465;3;4913103;1465;331;2357;2369;7.07;0.43;218.43;3.19;892;3;777.00;12
1468;3;4913112;1468;327;2363;2375;7.10;0.43;218.31;3.21;895;3;778.00;12
1468;3;4913124;1468;326;2363;2375;7.14;0.44;218.31;3.21;895;3;779.00;12
1469;3;4913138;1469;331;2363;2375;7.15;0.44;218.25;3.21;894;3;780.00;12
1473;3;4913148;1473;327;2364;2375;7.13;0.44;218.16;3.24;891;3;781.00;11
1476;3;4913159;1476;332;2367;2379;7.07;0.43;218.09;3.23;891;3;782.00;12
1478;3;4913171;1478;335;2369;2380;7.09;0.43;217.87;3.26;891;3;783.00;11
1480;3;4913182;1480;337;2371;2380;7.05;0.43;217.68;3.31;891;3;784.00;9
1482;3;4913198;1482;342;2372;2381;7.00;0.43;217.46;3.31;890;3;785.00;9
1485;3;4913209;1485;338;2373;2381;6.94;0.42;217.26;3.33;888;3;786.00;8
1488;3;4913220;1488;342;2374;2381;6.92;0.42;217.06;3.36;886;3;787.00;7
1490;3;4913229;1490;351;2375;2381;6.85;0.42;217.08;3.39;885;3;788.00;6
1493;3;4913240;1493;361;2375;2381;6.82;0.42;217.16;3.39;882;3;789.00;6
1495;3;4913250;1495;366;2376;2381;6.75;0.41;216.94;3.41;881;3;790.00;5
1495;3;4913261;1495;364;2377;2381;6.78;0.41;216.94;3.42;882;3;791.00;4
1496;3;4913272;1496;373;2413;2451;6.94;0.43;216.96;3.38;917;3;792.00;38
1500;3;4913288;1500;376;2417;2452;6.89;0.42;216.71;3.39;917;3;793.00;35
1500;3;4913298;1500;383;2428;2452;6.90;0.42;216.71;3.39;928;3;794.00;24
1500;3;4913309;1500;384;2435;2452;6.82;0.42;216.71;3.39;935;3;795.00;17
1501;3;4913318;1501;388;2438;2452;6.71;0.41;216.71;3.39;937;3;796.00;14
1501;3;4913329;1501;392;2441;2452;6.63;0.41;216.71;3.39;940;3;797.00;11
1501;3;4913339;1501;395;2443;2452;6.58;0.40;216.71;3.40;942;3;798.00;9
1502;3;4913349;1502;403;2445;2452;6.57;0.40;216.71;3.40;943;3;799.00;7
1503;3;4913360;1503;406;2447;2453;6.56;0.40;216.70;3.40;944;3;800.00;6
1504;3;4913374;1504;415;2449;2454;6.57;0.40;216.57;3.41;945;3;801.00;5
1508;3;4913386;1508;404;2451;2454;6.54;0.40;216.52;3.41;943;3;802.00;3
1510;3;4913396;1510;394;2457;2458;6.52;0.40;216.51;3.41;947;3;803.00;1
1511;3;4913407;1511;388;2458;2458;6.47;0.40;216.43;3.41;947;3;804.00;0
1512;3;4913418;1512;382;2458;2458;6.42;0.39;216.36;3.41;946;3;805.00;0
1513;3;4913429;1513;383;2458;2458;6.38;0.39;216.22;3.41;945;3;806.00;0
1514;3;4913440;1514;380;2464;2464;6.36;0.39;216.20;3.41;950;3;807.00;0
1514;3;4913451;1514;382;2464;2464;6.35;0.39;216.20;3.41;950;3;808.00;0
1514;3;4913471;1514;381;2464;2464;6.33;0.39;216.20;3.41;950;3;809.00;0
1516;3;4913484;1516;374;2468;2470;6.31;0.39;216.04;3.40;952;3;810.00;2
1519;3;4913495;1519;371;2468;2470;6.32;0.39;216.13;3.40;949;3;811.00;2
1521;3;4913507;1521;373;2470;2470;6.33;0.39;216.08;3.40;949;3;812.00;0
1523;3;4913518;1523;368;2471;2471;6.37;0.39;216.01;3.40;948;3;813.00;0
1524;3;4913530;1524;365;2472;2472;6.37;0.39;215.98;3.40;948;3;814.00;0
1526;3;4913546;1526;362;2472;2472;6.37;0.39;215.82;3.40;946;3;815.00;0
1526;3;4913557;1526;364;2485;2485;6.36;0.39;215.82;3.38;959;3;816.00;0
1528;3;4913569;1528;357;2485;2485;6.35;0.39;215.62;3.38;957;3;817.00;0
1532;3;4913580;1532;355;2485;2485;6.31;0.38;215.56;3.38;953;3;818.00;0
1534;3;4913592;1534;351;2486;2486;6.31;0.38;215.41;3.38;952;3;819.00;0
1536;3;4913604;1536;349;2486;2486;6.34;0.39;215.26;3.38;950;3;820.00;0
1539;3;4913614;1539;343;2490;2490;6.38;0.39;215.35;3.37;951;3;821.00;0
1541;3;4913626;1541;340;2490;2490;6.35;0.39;215.38;3.37;949;3;822.00;0
1542;3;4913637;1542;337;2494;2494;6.32;0.38;215.30;3.37;952;3;823.00;0
1545;3;4913647;1545;340;2494;2494;6.29;0.38;215.28;3.37;949;3;824.00;0
1548;3;4913659;1548;324;2494;2494;6.27;0.38;215.33;3.37;946;3;825.00;0
1550;3;4913670;1550;313;2494;2494;6.26;0.38;215.47;3.37;944;3;826.00;0
1552;3;4913680;1552;310;2494;2494;6.21;0.38;215.51;3.37;942;3;827.00;0
1556;3;4913691;1556;307;2506;2506;6.20;0.38;215.91;3.35;950;3;828.00;0
1557;3;4913704;1557;300;2506;2506;6.22;0.38;215.94;3.35;949;3;829.00;0
1560;3;4913713;1560;295;2506;2506;6.27;0.38;215.98;3.35;946;3;830.00;0
1562;3;4913726;1562;287;2506;2506;6.32;0.39;215.99;3.35;944;3;831.00;0
1564;3;4913737;1564;279;2506;2506;6.41;0.39;216.13;3.35;942;3;832.00;0
1568;3;4913747;1568;267;2506;2506;6.48;0.40;216.60;3.35;938;3;833.00;0
1568;3;4913759;1568;262;2507;2507;6.53;0.40;216.60;3.35;939;3;834.00;0
1572;3;4913770;1572;258;2507;2507;6.59;0.40;216.54;3.35;935;3;835.00;0
1577;3;4913781;1577;251;2513;2513;6.71;0.41;217.13;3.35;936;3;836.00;0
1579;3;4913799;1579;254;2514;2514;6.80;0.42;217.46;3.35;935;3;837.00;0
1582;3;4913811;1582;243;2514;2514;6.92;0.42;217.52;3.35;932;3;838.00;0
1586;3;4913824;1586;246;2514;2514;7.03;0.43;218.09;3.35;928;3;839.00;0
1590;3;4913838;1590;250;2519;2519;7.13;0.44;218.33;3.34;929;3;840.00;0
1591;3;4913849;1591;245;2519;2519;7.25;0.44;218.52;3.34;928;3;841.00;0
1595;3;4913861;1595;245;2519;2519;7.33;0.45;218.76;3.34;924;3;842.00;0
1603;3;4913874;1603;241;2520;2520;7.34;0.45;219.17;3.34;917;3;843.00;0
1606;3;4913888;1606;243;2524;2524;7.36;0.45;219.46;3.33;918;3;844.00;0
1611;3;4913899;1611;238;2524;2524;7.36;0.45;219.94;3.33;913;3;845.00;0
1616;3;4913911;1616;233;2526;2527;7.40;0.45;220.61;3.33;910;3;846.00;1
1620;3;4913925;1620;235;2526;2527;7.42;0.45;220.75;3.33;906;3;847.00;1
1624;3;4913938;1624;236;2527;2527;7.46;0.45;220.87;3.33;903;3;848.00;0
1628;3;4913949;1628;236;2527;2527;7.45;0.45;221.21;3.33;899;3;849.00;0
1632;3;4913961;1632;232;2531;2531;7.52;0.46;221.53;3.33;899;3;850.00;0
1637;3;4913974;1637;235;2531;2531;7.50;0.46;221.79;3.33;894;3;851.00;0
1643;3;4913986;1643;229;2531;2531;7.45;0.45;222.30;3.33;888;3;852.00;0
1648;3;4913999;1648;232;2531;2531;7.47;0.46;222.55;3.33;883;3;853.00;0
1650;3;4914012;1650;227;2532;2532;7.44;0.45;222.79;3.33;882;3;854.00;0
1656;3;4914025;1656;230;2534;2534;7.44;0.45;223.30;3.32;878;3;855.00;0
1661;3;4914036;1661;228;2534;2534;7.49;0.46;223.50;3.32;873;3;856.00;0
1664;3;4914048;1664;226;2535;2535;7.49;0.46;223.93;3.32;871;3;857.00;0
1669;3;4914061;1669;221;2535;2535;7.44;0.45;224.03;3.32;866;3;858.00;0
1674;3;4914074;1674;226;2535;2535;7.45;0.45;224.14;3.32;861;3;859.00;0
1676;3;4914086;1676;228;2535;2535;7.45;0.45;224.26;3.32;859;3;860.00;0
1679;3;4914097;1679;230;2535;2535;7.44;0.45;224.45;3.32;856;3;861.00;0
1684;3;4914109;1684;231;2535;2535;7.44;0.45;224.83;3.32;851;3;862.00;0
1687;3;4914122;1687;230;2535;2535;7.46;0.45;224.99;3.32;848;3;863.00;0
1691;3;4914133;1691;252;2608;2662;7.59;0.47;225.23;3.23;917;3;864.00;54
1693;3;4914156;1693;253;2615;2663;7.58;0.47;225.42;3.23;922;3;865.00;48
1695;3;4914168;1695;247;2622;2663;7.58;0.47;225.71;3.22;927;3;866.00;41
1696;3;4914180;1696;239;2623;2663;7.57;0.47;225.75;3.22;927;3;867.00;40
1698;3;4914192;1698;246;2627;2663;7.54;0.46;226.08;3.22;929;3;868.00;36
1700;3;4914204;1700;253;2627;2663;7.47;0.46;226.19;3.22;927;3;869.00;36
1703;3;4914225;1703;265;2630;2663;7.41;0.46;226.52;3.23;927;3;870.00;33
1707;3;4914238;1707;272;2632;2663;7.40;0.45;226.93;3.23;925;3;871.00;31
1710;3;4914249;1710;266;2633;2664;7.38;0.45;227.12;3.23;923;3;872.00;31
1714;3;4914263;1714;267;2636;2665;7.36;0.45;227.49;3.24;922;3;873.00;29
1715;3;4914283;1715;259;2637;2665;7.29;0.45;227.69;3.24;922;3;874.00;28
1716;3;4914296;1716;264;2642;2666;7.24;0.45;227.80;3.25;926;3;875.00;24
1719;3;4914309;1719;265;2646;2666;7.24;0.45;228.11;3.26;927;3;876.00;20
1722;3;4914322;1722;275;2648;2666;7.17;0.44;228.41;3.27;926;3;877.00;18
1727;3;4914335;1727;282;2649;2666;7.18;0.44;228.63;3.28;922;3;878.00;17
1729;3;4914348;1729;290;2654;2670;7.19;0.44;228.74;3.28;925;3;879.00;16
1735;3;4914361;1735;291;2655;2670;7.11;0.44;229.39;3.29;920;3;880.00;15
1737;3;4914380;1737;279;2656;2670;7.11;0.44;229.30;3.29;919;3;881.00;14
1740;3;4914394;1740;270;2658;2673;7.12;0.44;229.53;3.30;918;3;882.00;15
1744;3;4914407;1744;273;2660;2673;7.11;0.43;229.79;3.31;916;3;883.00;13
1747;3;4914420;1747;266;2662;2673;7.16;0.44;229.71;3.32;915;3;884.00;11
1750;3;4914432;1750;263;2668;2677;7.24;0.44;229.94;3.33;918;3;885.00;9
1754;3;4914446;1754;257;2670;2678;7.27;0.44;230.18;3.34;916;3;886.00;8
1757;3;4914459;1757;261;2670;2678;7.33;0.45;230.26;3.34;913;3;887.00;8
1758;3;4914472;1758;268;2674;2682;7.40;0.45;230.53;3.35;916;3;888.00;8
1760;3;4914485;1760;269;2675;2682;7.49;0.46;230.77;3.36;915;3;889.00;7
1763;3;4914497;1763;276;2676;2682;7.59;0.46;230.97;3.36;913;3;890.00;6
1764;3;4914510;1764;275;2677;2683;7.66;0.47;230.98;3.36;913;3;891.00;6
1765;3;4914523;1765;268;2677;2683;7.68;0.47;231.13;3.36;912;3;892.00;6
1768;3;4914535;1768;256;2684;2689;7.70;0.47;231.44;3.37;916;3;893.00;5
1768;3;4914548;1768;251;2685;2689;7.76;0.47;231.44;3.37;917;3;894.00;4
1772;3;4914561;1772;246;2687;2690;7.75;0.47;231.42;3.37;915;3;895.00;3
1775;3;4914574;1775;252;2688;2690;7.75;0.47;231.58;3.38;913;3;896.00;2
1777;3;4914587;1777;251;2689;2690;7.75;0.47;231.99;3.38;912;3;897.00;1
1780;3;4914598;1780;247;2690;2690;7.81;0.48;232.00;3.38;910;3;898.00;0
1783;3;4914611;1783;246;2690;2690;7.86;0.48;232.18;3.38;907;3;899.00;0
1785;3;4914626;1785;245;2719;2736;7.92;0.48;232.39;3.34;934;3;900.00;17
1786;3;4914648;1786;250;2721;2736;7.89;0.48;232.42;3.34;935;3;901.00;15
1788;3;4914661;1788;251;2724;2736;7.95;0.49;232.56;3.34;936;3;902.00;12
1791;3;4914674;1791;254;2725;2736;7.97;0.49;232.65;3.34;934;3;903.00;11
1794;3;4914688;1794;258;2727;2736;7.99;0.49;232.84;3.34;933;3;904.00;9
1800;3;4914699;1800;260;2727;2736;7.98;0.49;233.15;3.34;927;3;905.00;9
1801;3;4914712;1801;264;2732;2740;7.92;0.48;233.38;3.34;931;3;906.00;8
1806;3;4914726;1806;269;2733;2740;7.87;0.48;233.57;3.34;927;3;907.00;7
1808;3;4914738;1808;276;2737;2744;7.91;0.48;233.59;3.34;929;3;908.00;7
1811;3;4914751;1811;282;2738;2745;7.83;0.48;233.85;3.34;927;3;909.00;7
1815;3;4914763;1815;275;2738;2745;7.76;0.47;233.85;3.34;923;3;910.00;7
1818;3;4914777;1818;284;2738;2745;7.65;0.47;234.09;3.34;920;3;911.00;7
1821;3;4914789;1821;294;2752;2758;7.60;0.46;234.29;3.33;931;3;912.00;6
1822;3;4914803;1822;293;2752;2758;7.50;0.46;234.35;3.33;930;3;913.00;6
1826;3;4914815;1826;302;2752;2758;7.39;0.45;234.40;3.33;926;3;914.00;6
1827;3;4914827;1827;300;2753;2759;7.35;0.45;234.45;3.33;926;3;915.00;6
1828;3;4914840;1828;296;2754;2760;7.31;0.44;234.39;3.33;926;3;916.00;6
1829;3;4914851;1829;298;2755;2760;7.23;0.44;234.48;3.33;926;3;917.00;5
1833;3;4914862;1833;299;2758;2763;7.10;0.43;234.44;3.33;925;3;918.00;5
1834;3;4914876;1834;297;2758;2763;7.01;0.43;234.42;3.33;924;3;919.00;5
1840;3;4914888;1840;293;2759;2763;6.90;0.42;234.37;3.33;919;3;920.00;4
1843;3;4914900;1843;295;2759;2763;6.87;0.42;234.46;3.33;916;3;921.00;4
1845;3;4914912;1845;293;2764;2769;6.85;0.42;234.53;3.33;919;3;922.00;5
1849;3;4914924;1849;300;2767;2769;6.81;0.41;234.58;3.35;918;3;923.00;2
1851;3;4914936;1851;297;2767;2769;6.88;0.42;234.64;3.35;916;3;924.00;2
1854;3;4914946;1854;300;2767;2769;6.86;0.42;234.72;3.35;913;3;925.00;2
1858;3;4914959;1858;291;2772;2773;6.84;0.41;234.94;3.35;914;3;926.00;1
1858;3;4914971;1858;296;2774;2774;6.91;0.42;234.94;3.35;916;3;927.00;0
1862;3;4914982;1862;299;2774;2774;6.93;0.42;235.10;3.35;912;3;928.00;0
1867;3;4914993;1867;307;2775;2775;6.91;0.42;234.94;3.35;908;3;929.00;0
1869;3;4915006;1869;307;2775;2775;6.95;0.42;234.86;3.35;906;3;930.00;0
1871;3;4915017;1871;298;2775;2775;7.00;0.42;234.75;3.35;904;3;931.00;0
1873;3;4915029;1873;291;2775;2775;7.03;0.43;234.81;3.35;902;3;932.00;0
1874;3;4915040;1874;296;2775;2775;7.07;0.43;234.70;3.35;901;3;933.00;0
1874;3;4915052;1874;297;2775;2775;7.09;0.43;234.70;3.35;901;3;934.00;0
1875;3;4915062;1875;296;2775;2775;7.04;0.43;234.62;3.35;900;3;935.00;0
1875;3;4915074;1875;299;2812;2845;7.17;0.44;234.62;3.30;937;3;936.00;33
1878;3;4915091;1878;300;2814;2846;7.05;0.43;234.56;3.30;936;3;937.00;32
1881;3;4915103;1881;308;2821;2846;7.05;0.43;234.49;3.30;940;3;938.00;25
1881;3;4915113;1881;312;2827;2846;6.99;0.43;234.49;3.30;946;3;939.00;19
1881;3;4915125;1881;313;2829;2846;7.00;0.43;234.49;3.30;948;3;940.00;17
1883;3;4915136;1883;307;2832;2846;7.06;0.43;234.51;3.30;949;3;941.00;14
1883;3;4915147;1883;311;2835;2846;7.05;0.43;234.51;3.30;952;3;942.00;11
1883;3;4915160;1883;312;2837;2846;7.04;0.43;234.51;3.31;954;3;943.00;9
1885;3;4915174;1885;315;2840;2847;7.05;0.43;234.33;3.31;955;3;944.00;7
1885;3;4915191;1885;310;2842;2849;7.05;0.43;234.33;3.31;957;3;945.00;7
1888;3;4915206;1888;315;2844;2849;7.09;0.43;234.33;3.32;956;3;946.00;5
1888;3;4915217;1888;315;2849;2853;7.08;0.43;234.33;3.32;961;3;947.00;4
1891;3;4915228;1891;315;2851;2853;7.02;0.43;234.50;3.32;960;3;948.00;2
1894;3;4915240;1894;307;2852;2853;6.94;0.42;234.63;3.32;958;3;949.00;1
1895;3;4915252;1895;298;2852;2853;6.88;0.42;234.70;3.32;957;3;950.00;1
1897;3;4915262;1897;296;2857;2859;6.90;0.42;234.69;3.32;960;3;951.00;2
1900;3;4915275;1900;293;2857;2859;6.86;0.42;234.59;3.32;957;3;952.00;2
1901;3;4915287;1901;295;2857;2859;6.89;0.42;234.55;3.32;956;3;953.00;2
1902;4;4915298;1902;295;2859;2862;6.92;0.42;234.55;3.32;957;4;954.00;3
1903;4;4915329;1903;300;2859;2862;6.98;0.42;234.45;3.32;956;4;955.00;3
1904;4;4915342;1904;310;2861;2862;6.97;0.42;234.45;3.32;957;4;956.00;1
1906;4;4915359;1906;308;2862;2863;6.98;0.42;234.31;3.32;956;4;957.00;1
1907;4;4915373;1907;312;2864;2864;6.91;0.42;234.28;3.32;957;4;958.00;0
1908;4;4915397;1908;314;2864;2864;6.85;0.42;234.28;3.32;956;4;959.00;0
1909;4;4915411;1909;324;2884;2890;6.85;0.42;234.17;3.30;975;4;960.00;6
1910;4;4915423;1910;321;2886;2890;6.83;0.42;234.24;3.29;976;4;961.00;4
1911;4;4915434;1911;331;2889;2890;6.84;0.42;234.24;3.29;978;4;962.00;1
1913;4;4915445;1913;327;2891;2891;6.84;0.42;234.02;3.29;978;4;963.00;0
1914;4;4915455;1914;334;2891;2891;6.82;0.42;233.97;3.29;977;4;964.00;0
1915;4;4915471;1915;340;2895;2895;6.89;0.42;233.96;3.29;980;4;965.00;0
1916;4;4915482;1916;337;2895;2895;6.90;0.42;233.93;3.29;979;4;966.00;0
1918;4;4915495;1918;335;2899;2899;6.86;0.42;233.88;3.29;981;4;967.00;0
1919;4;4915507;1919;335;2899;2899;6.89;0.42;233.81;3.29;980;4;968.00;0
1922;4;4915518;1922;335;2899;2899;6.85;0.42;233.80;3.29;977;4;969.00;0
1923;4;4915528;1923;338;2899;2899;6.79;0.42;233.74;3.29;976;4;970.00;0
1927;4;4915539;1927;336;2899;2899;6.73;0.41;233.56;3.29;972;4;971.00;0
1929;4;4915552;1929;342;2910;2911;6.70;0.41;233.54;3.27;981;4;972.00;1
1931;4;4915565;1931;338;2910;2911;6.65;0.41;233.59;3.27;979;4;973.00;1
1934;4;4915577;1934;337;2911;2911;6.62;0.41;233.60;3.27;977;4;974.00;0
1937;4;4915589;1937;335;2911;2911;6.60;0.41;233.79;3.27;974;4;975.00;0
1940;4;4915601;1940;326;2911;2911;6.55;0.40;234.02;3.27;971;4;976.00;0
1941;4;4915611;1941;321;2911;2911;6.49;0.40;234.03;3.27;970;4;977.00;0
1945;4;4915621;1945;325;2912;2912;6.50;0.40;234.38;3.27;967;4;978.00;0
1950;4;4915631;1950;317;2912;2912;6.47;0.40;234.41;3.27;962;4;979.00;0
1954;4;4915641;1954;317;2918;2918;6.53;0.40;234.55;3.27;964;4;980.00;0
1954;4;4915652;1954;315;2919;2919;6.57;0.40;234.55;3.27;965;4;981.00;0
1958;4;4915663;1958;315;2919;2919;6.55;0.40;234.53;3.27;961;4;982.00;0
1960;4;4915673;1960;313;2919;2919;6.58;0.40;234.43;3.27;959;4;983.00;0
1960;4;4915683;1960;319;2923;2923;6.58;0.40;234.43;3.26;963;4;984.00;0
1962;4;4915694;1962;317;2923;2923;6.60;0.40;234.35;3.26;961;4;985.00;0
1964;4;4915703;1964;319;2923;2923;6.59;0.40;234.51;3.26;959;4;986.00;0
1968;4;4915713;1968;313;2924;2924;6.59;0.40;234.67;3.26;956;4;987.00;0
1970;4;4915724;1970;321;2928;2928;6.56;0.40;234.76;3.26;958;4;988.00;0
1974;4;4915735;1974;324;2928;2928;6.51;0.40;234.78;3.26;954;4;989.00;0
1978;4;4915746;1978;307;2932;2934;6.48;0.39;234.88;3.25;954;4;990.00;2
1983;4;4915757;1983;299;2932;2934;6.49;0.39;235.10;3.25;949;4;991.00;2
1988;4;4915770;1988;289;2934;2934;6.54;0.40;235.43;3.25;946;4;992.00;0
1990;4;4915784;1990;287;2934;2934;6.62;0.40;235.52;3.25;944;4;993.00;0
1995;4;4915797;1995;284;2938;2938;6.66;0.40;235.93;3.25;943;4;994.00;0
1998;4;4915809;1998;278;2938;2938;6.68;0.41;236.15;3.25;940;4;995.00;0
1999;4;4915820;1999;277;2938;2938;6.74;0.41;236.18;3.25;939;4;996.00;0
2003;4;4915831;2003;265;2938;2938;6.84;0.42;236.46;3.25;935;4;997.00;0
2008;4;4915843;2008;258;2939;2939;6.90;0.42;236.55;3.25;931;4;998.00;0
2014;4;4915856;2014;260;2940;2940;6.94;0.42;236.62;3.25;926;4;999.00;0
2020;4;4915874;2020;249;2940;2940;7.01;0.43;236.98;3.25;920;4;1000.00;0
2023;4;4915890;2023;240;2941;2941;7.08;0.43;237.15;3.25;918;4;1001.00;0
2025;4;4915902;2025;240;2941;2941;7.16;0.43;237.11;3.25;916;4;1002.00;0
2030;4;4915913;2030;239;2941;2941;7.22;0.44;237.20;3.25;911;4;1003.00;0
2037;4;4915924;2037;235;2941;2941;7.25;0.44;237.79;3.25;904;4;1004.00;0
2041;4;4915935;2041;238;2941;2941;7.30;0.44;237.93;3.25;900;4;1005.00;0
2043;4;4915946;2043;228;2941;2941;7.33;0.45;238.13;3.25;898;4;1006.00;0
2048;4;4915957;2048;232;2941;2941;7.34;0.45;238.43;3.25;893;4;1007.00;0
2053;4;4915967;2053;243;3023;3068;7.62;0.47;238.60;3.16;970;4;1008.00;45
2055;4;4915988;2055;236;3029;3069;7.59;0.47;238.67;3.16;974;4;1009.00;40
2058;4;4916000;2058;240;3035;3069;7.63;0.47;238.83;3.15;977;4;1010.00;34
2060;4;4916012;2060;236;3037;3069;7.67;0.47;238.88;3.15;977;4;1011.00;32
2061;4;4916024;2061;232;3042;3069;7.72;0.47;239.03;3.15;981;4;1012.00;27
2066;4;4916035;2066;239;3043;3069;7.72;0.47;239.38;3.16;977;4;1013.00;26
2071;4;4916048;2071;241;3044;3069;7.66;0.47;239.85;3.16;973;4;1014.00;25
2073;4;4916060;2073;247;3046;3069;7.68;0.47;239.90;3.16;973;4;1015.00;23
2078;4;4916072;2078;249;3048;3070;7.62;0.47;240.58;3.16;970;4;1016.00;22
2083;4;4916084;2083;259;3051;3071;7.54;0.46;241.02;3.17;968;4;1017.00;20
2085;4;4916095;2085;256;3054;3071;7.49;0.46;241.10;3.17;969;4;1018.00;17
2091;4;4916107;2091;266;3057;3072;7.39;0.45;241.54;3.18;966;4;1019.00;15
2094;4;4916120;2094;273;3060;3072;7.37;0.45;241.90;3.19;966;4;1020.00;12
2098;4;4916132;2098;275;3060;3072;7.31;0.45;241.96;3.19;962;4;1021.00;12
2107;4;4916143;2107;279;3063;3072;7.22;0.44;242.47;3.20;956;4;1022.00;9
2110;4;4916156;2110;285;3067;3076;7.18;0.44;242.72;3.20;957;4;1023.00;9
2114;4;4916172;2114;286;3069;3076;7.14;0.44;243.12;3.21;955;4;1024.00;7
2121;4;4916184;2121;289;3070;3076;7.11;0.44;243.40;3.22;949;4;1025.00;6
2124;4;4916197;2124;294;3073;3079;7.12;0.44;243.62;3.23;949;4;1026.00;6
2130;4;4916209;2130;295;3074;3079;7.11;0.43;243.87;3.23;944;4;1027.00;5
2134;4;4916222;2134;295;3074;3079;7.14;0.44;244.27;3.23;940;4;1028.00;5
2138;4;4916234;2138;299;3081;3083;7.13;0.43;244.49;3.23;943;4;1029.00;2
2142;4;4916245;2142;298;3082;3084;7.09;0.43;244.64;3.23;940;4;1030.00;2
2146;4;4916258;2146;298;3084;3084;7.10;0.43;244.70;3.23;938;4;1031.00;0
2149;4;4916270;2149;299;3087;3088;7.07;0.43;244.81;3.23;938;4;1032.00;1
2152;4;4916281;2152;303;3088;3088;7.02;0.43;245.12;3.23;936;4;1033.00;0
2153;4;4916293;2153;308;3088;3088;6.96;0.42;245.28;3.23;935;4;1034.00;0
2155;4;4916305;2155;318;3090;3090;6.87;0.42;245.18;3.23;935;4;1035.00;0
2156;4;4916317;2156;322;3090;3090;6.69;0.41;245.28;3.23;934;4;1036.00;0
2160;4;4916327;2160;324;3096;3096;6.56;0.40;245.59;3.22;936;4;1037.00;0
2163;4;4916340;2163;319;3096;3096;6.45;0.39;245.80;3.22;933;4;1038.00;0
2166;4;4916352;2166;323;3097;3097;6.35;0.39;245.85;3.22;931;4;1039.00;0
2169;4;4916366;2169;329;3097;3097;6.30;0.38;246.10;3.22;928;4;1040.00;0
2173;4;4916379;2173;326;3097;3097;6.31;0.38;246.04;3.22;924;4;1041.00;0
2174;4;4916391;2174;329;3097;3097;6.39;0.39;246.07;3.22;923;4;1042.00;0
2177;4;4916404;2177;326;3097;3097;6.46;0.39;246.30;3.22;920;4;1043.00;0
2180;4;4916415;2180;326;3107;3109;6.63;0.40;246.57;3.21;927;4;1044.00;2
2182;4;4916426;2182;335;3108;3109;6.70;0.41;246.63;3.21;926;4;1045.00;1
2183;4;4916437;2183;320;3109;3109;6.81;0.42;246.62;3.21;926;4;1046.00;0
2183;4;4916448;2183;316;3109;3109;6.84;0.42;246.62;3.21;926;4;1047.00;0
2184;4;4916464;2184;312;3109;3109;6.92;0.42;246.63;3.21;925;4;1048.00;0
2185;4;4916475;2185;307;3109;3109;6.96;0.43;246.60;3.21;924;4;1049.00;0
2188;4;4916488;2188;311;3115;3115;6.95;0.42;246.61;3.20;927;4;1050.00;0
2189;4;4916500;2189;305;3115;3115;6.98;0.43;246.62;3.20;926;4;1051.00;0
2191;4;4916515;2191;308;3119;3119;7.00;0.43;246.74;3.20;928;4;1052.00;0
2192;4;4916526;2192;306;3120;3120;7.04;0.43;246.82;3.20;928;4;1053.00;0
2196;4;4916540;2196;301;3120;3120;7.05;0.43;246.88;3.20;924;4;1054.00;0
2200;4;4916552;2200;318;3120;3120;7.02;0.43;246.99;3.20;920;4;1055.00;0
2201;4;4916567;2201;311;3133;3133;7.09;0.43;247.13;3.19;932;4;1056.00;0
2205;4;4916587;2205;303;3133;3133;7.13;0.43;247.14;3.19;928;4;1057.00;0
2205;4;4916603;2205;299;3133;3133;7.13;0.43;247.14;3.19;928;4;1058.00;0
2206;4;4916625;2206;302;3134;3134;7.13;0.43;247.29;3.19;928;4;1059.00;0
2209;4;4916644;2209;298;3135;3135;7.18;0.44;247.47;3.19;926;4;1060.00;0
2210;4;4916660;2210;291;3135;3135;7.22;0.44;247.59;3.19;925;4;1061.00;0
2213;4;4916675;2213;288;3137;3138;7.24;0.44;247.81;3.18;924;4;1062.00;1
2217;4;4916694;2217;291;3137;3138;7.21;0.44;248.05;3.18;920;4;1063.00;1
2218;4;4916719;2218;286;3138;3138;7.23;0.44;248.13;3.18;920;4;1064.00;0
2222;4;4916732;2222;280;3138;3138;7.12;0.44;248.51;3.18;916;4;1065.00;0
2225;4;4916749;2225;281;3144;3144;7.10;0.44;248.86;3.18;919;4;1066.00;0
2227;4;4916764;2227;284;3144;3144;7.07;0.43;249.06;3.18;917;4;1067.00;0
2232;4;4916777;2232;286;3144;3144;7.06;0.43;249.24;3.18;912;4;1068.00;0
2235;4;4916789;2235;293;3144;3144;7.09;0.43;249.31;3.18;909;4;1069.00;0
2238;4;4916799;2238;297;3148;3148;7.11;0.43;249.32;3.18;910;4;1070.00;0
2243;4;4916811;2243;296;3149;3149;7.12;0.43;249.25;3.17;906;4;1071.00;0
2247;4;4916822;2247;308;3149;3149;7.17;0.44;249.64;3.17;902;4;1072.00;0
2252;4;4916832;2252;311;3150;3150;7.17;0.44;249.37;3.17;898;4;1073.00;0
2253;4;4916842;2253;312;3150;3150;7.19;0.44;249.40;3.17;897;4;1074.00;0
2257;4;4916853;2257;311;3150;3150;7.13;0.43;249.57;3.17;893;4;1075.00;0
2257;4;4916863;2257;314;3150;3150;7.05;0.43;249.57;3.17;893;4;1076.00;0
2262;4;4916878;2262;313;3150;3150;6.94;0.42;249.97;3.17;888;4;1077.00;0
2264;4;4916889;2264;314;3150;3150;6.87;0.42;249.93;3.17;886;4;1078.00;0
2265;4;4916899;2265;323;3150;3150;6.79;0.41;249.92;3.17;885;4;1079.00;0
2268;4;4916912;2268;346;3222;3275;6.82;0.42;249.99;3.10;954;4;1080.00;53
2269;4;4916931;2269;335;3224;3276;6.85;0.42;250.04;3.10;955;4;1081.00;52
2272;4;4916942;2272;318;3233;3276;6.90;0.43;250.01;3.10;961;4;1082.00;43
2273;4;4916953;2273;314;3235;3276;6.87;0.42;249.93;3.10;962;4;1083.00;41
2273;4;4916963;2273;314;3240;3276;6.89;0.42;249.93;3.10;967;4;1084.00;36
2275;4;4916973;2275;313;3246;3276;6.90;0.42;249.89;3.10;971;4;1085.00;30
2276;4;4916983;2276;313;3251;3276;6.94;0.43;249.88;3.11;975;4;1086.00;25
2278;5;4916994;2278;310;3256;3276;6.89;0.42;249.90;3.11;978;5;1087.00;20
2281;5;4917011;2281;314;3263;3277;6.86;0.42;249.95;3.12;982;5;1088.00;14
2282;5;4917021;2282;321;3264;3278;6.85;0.42;249.97;3.13;982;5;1089.00;14
2283;5;4917032;2283;324;3269;3278;6.83;0.42;250.02;3.13;986;5;1090.00;9
2284;5;4917046;2284;332;3275;3282;6.81;0.42;250.01;3.13;991;5;1091.00;7
2287;5;4917056;2287;328;3276;3282;6.76;0.41;250.03;3.14;989;5;1092.00;6
2290;5;4917067;2290;329;3276;3282;6.65;0.41;250.06;3.14;986;5;1093.00;6
2293;5;4917077;2293;322;3276;3282;6.57;0.40;250.21;3.14;983;5;1094.00;6
2296;5;4917088;2296;317;3282;3288;6.53;0.40;250.39;3.14;986;5;1095.00;6
2300;5;4917098;2300;309;3282;3288;6.41;0.39;250.45;3.14;982;5;1096.00;6
2304;5;4917109;2304;300;3283;3288;6.38;0.39;250.37;3.14;979;5;1097.00;5
2305;5;4917120;2305;290;3285;3291;6.45;0.39;250.47;3.14;980;5;1098.00;6
2309;5;4917130;2309;287;3286;3291;6.48;0.40;250.51;3.14;977;5;1099.00;5
2309;5;4917141;2309;286;3287;3291;6.53;0.40;250.51;3.14;978;5;1100.00;4
2312;5;4917156;2312;280;3288;3292;6.55;0.40;250.67;3.14;976;5;1101.00;4
2314;5;4917171;2314;274;3289;3293;6.64;0.40;250.74;3.14;975;5;1102.00;4
2314;5;4917182;2314;268;3289;3293;6.75;0.41;250.74;3.14;975;5;1103.00;4
2318;5;4917194;2318;265;3300;3306;6.82;0.41;250.56;3.13;982;5;1104.00;6
2321;5;4917215;2321;265;3301;3306;6.90;0.42;250.42;3.14;980;5;1105.00;5
2322;5;4917227;2322;267;3302;3306;6.99;0.42;250.35;3.15;980;5;1106.00;4
2324;5;4917239;2324;263;3303;3307;6.99;0.42;250.16;3.15;979;5;1107.00;4
2327;5;4917251;2327;263;3305;3307;7.01;0.42;250.05;3.15;978;5;1108.00;2
2328;5;4917262;2328;266;3309;3311;7.07;0.43;249.98;3.15;981;5;1109.00;2
2330;5;4917278;2330;265;3309;3311;7.07;0.43;250.03;3.15;979;5;1110.00;2
2330;5;4917299;2330;263;3313;3315;7.15;0.43;250.03;3.15;983;5;1111.00;2
2330;5;4917312;2330;266;3313;3315;7.18;0.44;250.03;3.15;983;5;1112.00;2
2330;5;4917325;2330;264;3313;3315;7.20;0.44;250.03;3.15;983;5;1113.00;2
2330;5;4917337;2330;263;3313;3315;7.25;0.44;250.03;3.15;983;5;1114.00;2
2330;5;4917349;2330;257;3313;3315;7.28;0.44;250.03;3.15;983;5;1115.00;2
2331;5;4917361;2331;261;3323;3327;7.34;0.45;250.01;3.14;992;5;1116.00;4
2332;5;4917374;2332;265;3324;3327;7.35;0.45;250.13;3.14;992;5;1117.00;3
2335;5;4917387;2335;264;3324;3327;7.34;0.45;250.46;3.14;989;5;1118.00;3
2337;5;4917399;2337;266;3325;3327;7.32;0.45;250.34;3.15;988;5;1119.00;2
2338;5;4917410;2338;272;3325;3327;7.32;0.45;250.34;3.15;987;5;1120.00;2
2343;5;4917422;2343;275;3325;3327;7.30;0.44;250.41;3.15;982;5;1121.00;2
2347;5;4917434;2347;285;3327;3328;7.32;0.45;250.42;3.15;980;5;1122.00;1
2349;5;4917447;2349;282;3328;3328;7.37;0.45;250.30;3.15;979;5;1123.00;0
2352;5;4917458;2352;276;3333;3334;7.37;0.45;250.58;3.15;981;5;1124.00;1
2353;5;4917478;2353;280;3336;3336;7.34;0.45;250.71;3.14;983;5;1125.00;0
2356;5;4917491;2356;288;3336;3336;7.28;0.44;250.96;3.14;980;5;1126.00;0
2360;5;4917503;2360;287;3336;3336;7.17;0.44;250.86;3.14;976;5;1127.00;0
2361;5;4917515;2361;288;3340;3340;7.16;0.44;250.89;3.14;979;5;1128.00;0
2364;5;4917526;2364;291;3340;3340;7.13;0.44;251.24;3.14;976;5;1129.00;0
2366;5;4917537;2366;289;3340;3340;7.11;0.43;251.34;3.14;974;5;1130.00;0
2367;5;4917547;2367;293;3341;3341;7.12;0.44;251.34;3.14;974;5;1131.00;0
2371;5;4917558;2371;292;3345;3345;7.18;0.44;251.46;3.14;974;6;1132.00;0
2372;6;4917577;2372;288;3345;3345;7.21;0.44;251.61;3.14;973;7;1133.00;0
2372;6;4917607;2372;291;3347;3348;7.22;0.44;251.61;3.13;975;7;1134.00;1
2376;6;4917619;2376;293;3347;3348;7.16;0.44;251.71;3.13;971;7;1135.00;1
2379;6;4917630;2379;290;3348;3348;7.16;0.44;251.64;3.13;969;8;1136.00;0
2383;6;4917651;2383;284;3348;3348;7.08;0.43;251.79;3.13;965;8;1137.00;0
2386;6;4917662;2386;287;3352;3352;7.04;0.43;251.73;3.13;966;8;1138.00;0
2387;6;4917674;2387;286;3352;3352;7.00;0.43;251.72;3.13;965;8;1139.00;0
2390;6;4917687;2390;283;3352;3352;6.95;0.42;251.90;3.13;962;8;1140.00;0
2393;6;4917698;2393;278;3352;3352;6.93;0.42;251.90;3.13;959;8;1141.00;0
2395;6;4917710;2395;267;3352;3353;6.95;0.42;251.96;3.13;957;8;1142.00;1
2399;6;4917721;2399;264;3354;3354;6.94;0.42;251.90;3.13;955;8;1143.00;0
2400;6;4917732;2400;260;3354;3354;6.93;0.42;251.97;3.13;954;8;1144.00;0
2403;6;4917744;2403;255;3355;3355;6.94;0.42;252.06;3.13;952;8;1145.00;0
2408;6;4917755;2408;256;3355;3355;6.94;0.42;252.31;3.13;947;8;1146.00;0
2410;6;4917765;2410;255;3355;3355;6.90;0.42;252.34;3.13;945;8;1147.00;0
2413;6;4917775;2413;263;3355;3355;6.92;0.42;252.46;3.13;942;8;1148.00;0
2414;6;4917785;2414;266;3355;3355;6.96;0.43;252.47;3.13;941;8;1149.00;0
2416;6;4917796;2416;269;3355;3355;6.95;0.43;252.44;3.13;939;8;1150.00;0
2417;6;4917806;2417;270;3355;3355;6.96;0.43;252.68;3.13;938;8;1151.00;0
2421;6;4917816;2421;292;3433;3482;7.07;0.44;252.72;3.06;1012;8;1152.00;49
2425;6;4917836;2425;284;3438;3483;7.07;0.44;252.93;3.06;1013;8;1153.00;45
2428;6;4917847;2428;279;3448;3483;7.10;0.44;253.22;3.05;1020;8;1154.00;35
2431;6;4917857;2431;261;3451;3483;7.10;0.44;253.35;3.05;1020;8;1155.00;32
2437;6;4917869;2437;254;3455;3483;7.09;0.44;253.64;3.05;1018;8;1156.00;28
2442;6;4917880;2442;249;3456;3483;7.02;0.44;253.79;3.06;1014;8;1157.00;27
2448;6;4917897;2448;244;3459;3483;7.03;0.44;253.76;3.06;1011;8;1158.00;24
2450;6;4917908;2450;238;3461;3483;7.10;0.44;253.88;3.06;1011;8;1159.00;22
2452;6;4917919;2452;236;3463;3484;7.14;0.44;253.77;3.06;1011;8;1160.00;21
2457;6;4917930;2457;239;3466;3485;7.12;0.44;253.74;3.07;1009;8;1161.00;19
2460;6;4917941;2460;235;3467;3485;7.10;0.44;253.94;3.07;1007;8;1162.00;18
2464;6;4917953;2464;237;3471;3486;7.07;0.44;254.00;3.08;1007;8;1163.00;15
2468;6;4917964;2468;240;3472;3486;7.09;0.44;254.27;3.08;1004;8;1164.00;14
2472;6;4917977;2472;246;3474;3486;7.12;0.44;254.57;3.08;1002;8;1165.00;12
2476;6;4917989;2476;254;3476;3486;7.14;0.44;254.73;3.09;1000;8;1166.00;10
2483;6;4918002;2483;254;3481;3490;7.12;0.44;254.82;3.09;998;8;1167.00;9
2487;6;4918015;2487;260;3482;3490;7.09;0.44;254.90;3.09;995;8;1168.00;8
2492;6;4918028;2492;263;3483;3490;7.14;0.44;254.78;3.10;991;8;1169.00;7
2494;6;4918048;2494;264;3487;3496;7.24;0.45;254.80;3.10;993;8;1170.00;9
2499;6;4918061;2499;266;3489;3496;7.30;0.45;255.18;3.10;990;8;1171.00;7
2507;6;4918074;2507;273;3490;3496;7.26;0.45;255.61;3.10;983;8;1172.00;6
2510;6;4918086;2510;269;3495;3500;7.22;0.44;255.90;3.11;985;8;1173.00;5
2513;6;4918099;2513;272;3496;3501;7.23;0.44;256.10;3.10;983;8;1174.00;5
2518;6;4918112;2518;272;3497;3501;7.25;0.44;256.37;3.11;979;8;1175.00;4
2526;6;4918124;2526;271;3502;3505;7.18;0.44;256.48;3.11;976;8;1176.00;3
2531;6;4918145;2531;270;3503;3505;7.14;0.44;256.78;3.12;972;8;1177.00;2
2535;6;4918158;2535;273;3504;3505;7.08;0.43;256.88;3.12;969;8;1178.00;1
2538;6;4918170;2538;278;3505;3506;7.07;0.43;257.04;3.12;967;8;1179.00;1
2546;6;4918182;2546;277;3506;3506;7.06;0.43;257.43;3.12;960;8;1180.00;0
2548;6;4918193;2548;278;3511;3512;7.10;0.44;257.54;3.12;963;8;1181.00;1
2552;6;4918206;2552;281;3512;3512;7.16;0.44;257.88;3.12;960;8;1182.00;0
2555;6;4918218;2555;286;3513;3513;7.15;0.44;257.97;3.12;958;8;1183.00;0
2560;6;4918229;2560;288;3513;3513;7.17;0.44;258.32;3.12;953;8;1184.00;0
2565;6;4918240;2565;289;3513;3513;7.13;0.44;258.42;3.12;948;8;1185.00;0
2568;6;4918252;2568;287;3513;3513;7.10;0.44;258.67;3.12;945;8;1186.00;0
2573;6;4918262;2573;290;3513;3513;7.06;0.43;258.57;3.12;940;8;1187.00;0
2577;6;4918274;2577;298;3524;3525;7.12;0.44;258.79;3.11;947;8;1188.00;1
2580;6;4918286;2580;306;3524;3525;7.04;0.43;259.11;3.11;944;8;1189.00;1
2584;6;4918298;2584;315;3525;3525;6.99;0.43;259.32;3.11;941;8;1190.00;0
2589;6;4918309;2589;311;3525;3525;6.98;0.43;259.42;3.11;936;8;1191.00;0
2593;6;4918320;2593;319;3525;3525;6.94;0.43;259.59;3.11;932;8;1192.00;0
2596;6;4918331;2596;333;3525;3525;6.93;0.43;259.75;3.11;929;8;1193.00;0
2606;6;4918341;2606;335;3529;3529;6.85;0.42;259.91;3.11;923;8;1194.00;0
2609;6;4918354;2609;336;3529;3529;6.82;0.42;260.12;3.11;920;8;1195.00;0
2614;6;4918365;2614;339;3533;3533;6.76;0.42;260.19;3.11;919;8;1196.00;0
2615;6;4918376;2615;345;3534;3534;6.67;0.41;260.31;3.10;919;8;1197.00;0
2620;6;4918388;2620;345;3534;3534;6.57;0.41;260.53;3.10;914;8;1198.00;0
2623;6;4918399;2623;355;3534;3534;6.45;0.40;260.54;3.10;911;8;1199.00;0
2626;6;4918412;2626;371;3561;3575;6.42;0.40;260.58;3.08;935;8;1200.00;14
2631;6;4918432;2631;370;3561;3575;6.32;0.39;260.45;3.08;930;8;1201.00;14
2633;6;4918444;2633;364;3564;3575;6.26;0.39;260.50;3.08;931;8;1202.00;11
2634;6;4918457;2634;367;3566;3576;6.33;0.39;260.51;3.08;932;8;1203.00;10
2635;6;4918470;2635;369;3567;3577;6.36;0.39;260.57;3.08;932;8;1204.00;10
2641;6;4918482;2641;373;3568;3577;6.32;0.39;260.89;3.08;927;8;1205.00;9
2645;6;4918493;2645;379;3572;3580;6.35;0.39;260.91;3.08;927;8;1206.00;8
2646;6;4918505;2646;375;3572;3580;6.39;0.39;260.91;3.08;926;8;1207.00;8
2648;6;4918517;2648;372;3574;3580;6.44;0.40;260.93;3.08;926;8;1208.00;6
2651;6;4918529;2651;369;3574;3580;6.46;0.40;261.06;3.08;923;8;1209.00;6
2654;6;4918543;2654;375;3579;3586;6.46;0.40;261.19;3.08;925;8;1210.00;7
2657;6;4918557;2657;365;3580;3586;6.47;0.40;261.13;3.08;923;8;1211.00;6
2659;6;4918569;2659;356;3581;3586;6.48;0.40;261.21;3.08;922;8;1212.00;5
2665;6;4918580;2665;360;3582;3586;6.45;0.39;260.99;3.08;917;8;1213.00;4
2667;6;4918592;2667;365;3586;3590;6.47;0.39;260.95;3.08;919;8;1214.00;4
2670;6;4918605;2670;365;3588;3592;6.50;0.40;260.91;3.08;918;8;1215.00;4
2674;6;4918617;2674;367;3589;3592;6.49;0.40;260.78;3.08;915;8;1216.00;3
2675;6;4918628;2675;367;3590;3593;6.52;0.40;260.73;3.08;915;8;1217.00;3
2676;6;4918639;2676;370;3590;3593;6.53;0.40;260.66;3.08;914;8;1218.00;3
2677;6;4918649;2677;367;3590;3593;6.51;0.40;260.65;3.08;913;8;1219.00;3
2679;6;4918659;2679;371;3590;3593;6.41;0.39;260.65;3.08;911;8;1220.00;3
2680;6;4918670;2680;376;3590;3593;6.37;0.39;260.57;3.08;910;8;1221.00;3
2683;6;4918680;2683;376;3591;3593;6.31;0.39;260.50;3.09;908;8;1222.00;2
2684;6;4918691;2684;381;3591;3593;6.27;0.38;260.43;3.09;907;8;1223.00;2
2684;6;4918702;2684;397;3633;3663;6.31;0.39;260.43;3.05;949;8;1224.00;30
2686;6;4918718;2686;403;3634;3664;6.34;0.39;260.35;3.05;948;8;1225.00;30
2687;6;4918729;2687;393;3641;3664;6.46;0.40;260.30;3.05;954;8;1226.00;23
2690;6;4918740;2690;383;3643;3664;6.48;0.40;260.34;3.06;953;8;1227.00;21
2694;6;4918751;2694;384;3647;3666;6.50;0.40;260.37;3.06;953;8;1228.00;19
2694;6;4918762;2694;383;3650;3666;6.57;0.40;260.37;3.06;956;8;1229.00;16
2694;6;4918774;2694;383;3653;3666;6.56;0.40;260.37;3.06;959;8;1230.00;13
2695;6;4918784;2695;382;3656;3666;6.52;0.40;260.29;3.06;961;8;1231.00;10
2697;6;4918796;2697;377;3658;3667;6.53;0.40;260.33;3.07;961;8;1232.00;9
2698;7;4918807;2698;383;3662;3668;6.52;0.40;260.32;3.08;964;9;1233.00;6
2699;7;4918836;2699;384;3664;3668;6.51;0.40;260.34;3.08;965;9;1234.00;4
2702;7;4918852;2702;384;3670;3672;6.45;0.39;260.33;3.08;968;9;1235.00;2
2703;7;4918875;2703;384;3671;3672;6.48;0.40;260.35;3.08;968;9;1236.00;1
2704;7;4918889;2704;387;3671;3672;6.44;0.39;260.34;3.08;967;9;1237.00;1
2705;7;4918903;2705;394;3671;3672;6.38;0.39;260.28;3.08;966;9;1238.00;1
2706;7;4918917;2706;392;3677;3678;6.34;0.39;260.31;3.08;971;9;1239.00;1
2709;7;4918934;2709;394;3677;3678;6.28;0.38;260.42;3.08;968;9;1240.00;1
2712;7;4918958;2712;392;3677;3678;6.18;0.38;260.63;3.08;965;9;1241.00;1
2712;7;4918975;2712;394;3679;3681;6.15;0.37;260.63;3.08;967;9;1242.00;2
2713;7;4918990;2713;383;3679;3681;6.12;0.37;260.65;3.08;966;9;1243.00;2
2715;7;4919005;2715;377;3680;3681;6.10;0.37;260.75;3.08;965;9;1244.00;1
2719;7;4919019;2719;370;3681;3682;6.08;0.37;260.83;3.08;962;9;1245.00;1
2723;7;4919034;2723;357;3682;3683;6.04;0.37;260.87;3.08;959;9;1246.00;1
2723;7;4919049;2723;350;3682;3683;6.08;0.37;260.87;3.08;959;9;1247.00;1
2726;8;4919064;2726;339;3692;3696;6.10;0.37;260.71;3.07;966;10;1248.00;4
2728;8;4919094;2728;320;3692;3696;6.13;0.37;260.61;3.07;964;10;1249.00;4
2729;8;4919117;2729;305;3693;3696;6.21;0.38;260.60;3.07;964;10;1250.00;3
2729;8;4919130;2729;296;3694;3697;6.38;0.39;260.60;3.07;965;10;1251.00;3
2732;8;4919143;2732;287;3696;3697;6.45;0.39;260.78;3.07;964;10;1252.00;1
2733;8;4919160;2733;279;3699;3701;6.58;0.40;260.78;3.07;966;10;1253.00;2
2735;8;4919172;2735;274;3699;3701;6.66;0.40;260.86;3.07;964;10;1254.00;2
2736;8;4919184;2736;273;3703;3705;6.73;0.41;260.94;3.07;967;10;1255.00;2
2738;8;4919202;2738;264;3703;3705;6.82;0.41;261.05;3.07;965;10;1256.00;2
2740;8;4919220;2740;254;3703;3705;6.88;0.42;261.03;3.07;963;10;1257.00;2
2742;8;4919232;2742;252;3703;3705;6.93;0.42;261.16;3.07;961;10;1258.00;2
2744;8;4919244;2744;242;3703;3705;7.01;0.42;261.32;3.07;959;10;1259.00;2
2746;8;4919261;2746;240;3729;3739;7.18;0.44;261.18;3.05;983;10;1260.00;10
2750;8;4919279;2750;236;3730;3739;7.22;0.44;261.21;3.05;980;10;1261.00;9
2756;8;4919295;2756;232;3731;3739;7.22;0.44;261.16;3.05;975;10;1262.00;8
2758;8;4919312;2758;229;3735;3739;7.28;0.44;261.19;3.05;977;10;1263.00;4
2760;8;4919329;2760;230;3735;3739;7.31;0.44;261.16;3.05;975;10;1264.00;4
2762;8;4919344;2762;228;3735;3739;7.33;0.44;261.28;3.05;973;10;1265.00;4
2763;8;4919359;2763;224;3735;3740;7.34;0.44;261.28;3.05;972;10;1266.00;5
2765;8;4919374;2765;223;3737;3740;7.33;0.44;261.45;3.05;972;10;1267.00;3
2767;8;4919388;2767;220;3741;3746;7.36;0.45;261.30;3.05;974;10;1268.00;5
2771;8;4919404;2771;217;3741;3747;7.35;0.45;261.47;3.05;970;10;1269.00;6
2773;8;4919417;2773;213;3743;3747;7.38;0.45;261.50;3.05;970;10;1270.00;4
2774;9;4919431;2774;217;3744;3747;7.42;0.45;261.50;3.05;970;11;1271.00;3
2775;9;4919453;2775;217;3748;3751;7.43;0.45;261.65;3.05;973;11;1272.00;3
2777;9;4919472;2777;210;3748;3751;7.45;0.45;261.75;3.05;971;11;1273.00;3
2780;9;4919490;2780;210;3748;3751;7.45;0.45;261.87;3.05;968;11;1274.00;3
2781;9;4919505;2781;210;3749;3752;7.44;0.45;262.02;3.05;968;11;1275.00;3
2782;9;4919518;2782;206;3752;3756;7.52;0.46;261.93;3.05;970;11;1276.00;4
2786;9;4919531;2786;204;3752;3756;7.58;0.46;261.99;3.05;966;11;1277.00;4
2787;9;4919543;2787;205;3755;3759;7.68;0.47;262.12;3.05;968;11;1278.00;4
2788;9;4919554;2788;202;3756;3759;7.78;0.47;262.04;3.05;968;11;1279.00;3
2790;9;4919565;2790;199;3756;3759;7.84;0.48;262.16;3.05;966;11;1280.00;3
2795;9;4919576;2795;200;3757;3759;7.86;0.48;262.43;3.05;962;11;1281.00;2
2797;9;4919588;2797;196;3761;3763;7.92;0.48;262.55;3.05;964;11;1282.00;2
2800;9;4919599;2800;203;3761;3763;7.92;0.48;262.93;3.05;961;11;1283.00;2
2802;9;4919611;2802;201;3761;3763;7.98;0.48;263.18;3.05;959;11;1284.00;2
2803;9;4919622;2803;199;3762;3763;7.94;0.48;263.31;3.05;959;11;1285.00;1
2806;9;4919633;2806;205;3763;3764;7.90;0.48;263.43;3.06;957;11;1286.00;1
2810;9;4919645;2810;208;3764;3765;7.84;0.47;263.70;3.06;954;11;1287.00;1
2812;9;4919661;2812;206;3764;3765;7.80;0.47;263.82;3.06;952;11;1288.00;1
2816;9;4919672;2816;213;3766;3766;7.71;0.47;264.05;3.06;950;11;1289.00;0
2819;9;4919685;2819;217;3766;3766;7.68;0.46;264.13;3.06;947;11;1290.00;0
2821;9;4919696;2821;223;3766;3766;7.68;0.47;264.39;3.06;945;11;1291.00;0
2821;9;4919707;2821;225;3766;3766;7.69;0.47;264.39;3.06;945;11;1292.00;0
2824;9;4919717;2824;228;3766;3766;7.70;0.47;264.60;3.06;942;11;1293.00;0
2827;9;4919728;2827;226;3766;3766;7.66;0.47;264.70;3.06;939;11;1294.00;0
2827;9;4919739;2827;227;3766;3766;7.66;0.47;264.70;3.06;939;11;1295.00;0
2829;9;4919749;2829;253;3843;3893;7.72;0.48;264.66;3.00;1014;11;1296.00;50
2831;9;4919774;2831;248;3847;3894;7.74;0.48;264.65;2.99;1016;11;1297.00;47
2834;9;4919785;2834;241;3856;3894;7.76;0.48;264.76;2.99;1022;11;1298.00;38
2837;9;4919797;2837;239;3857;3894;7.71;0.48;264.74;2.99;1020;11;1299.00;37
2842;9;4919808;2842;248;3862;3894;7.71;0.48;265.04;2.99;1020;11;1300.00;32
2846;9;4919828;2846;247;3865;3894;7.71;0.47;265.30;2.99;1019;11;1301.00;29
2846;9;4919844;2846;246;3868;3894;7.67;0.47;265.30;3.00;1022;11;1302.00;26
2849;9;4919855;2849;248;3870;3894;7.66;0.47;265.42;3.00;1021;11;1303.00;24
2853;9;4919867;2853;245;3872;3895;7.61;0.47;265.46;3.00;1019;11;1304.00;23
2856;9;4919880;2856;241;3878;3897;7.60;0.46;265.51;3.01;1022;11;1305.00;19
2861;9;4919893;2861;238;3880;3897;7.55;0.46;265.60;3.01;1019;11;1306.00;17
2863;9;4919904;2863;241;3883;3898;7.54;0.46;265.72;3.01;1020;11;1307.00;15
2865;9;4919916;2865;236;3887;3898;7.54;0.46;265.69;3.02;1022;11;1308.00;11
2868;9;4919927;2868;235;3889;3898;7.49;0.46;265.67;3.03;1021;11;1309.00;9
2871;9;4919938;2871;235;3890;3898;7.42;0.45;265.72;3.03;1019;11;1310.00;8
2874;9;4919949;2874;240;3895;3902;7.40;0.45;265.77;3.04;1021;11;1311.00;7
2875;9;4919962;2875;250;3897;3902;7.34;0.45;265.68;3.04;1022;11;1312.00;5
2876;9;4919973;2876;259;3898;3902;7.27;0.45;265.74;3.04;1022;11;1313.00;4
2878;9;4919985;2878;263;3900;3905;7.26;0.44;265.75;3.04;1022;11;1314.00;5
2880;9;4919997;2880;265;3901;3905;7.23;0.44;265.86;3.04;1021;11;1315.00;4
2882;9;4920009;2882;268;3901;3905;7.20;0.44;265.87;3.04;1019;11;1316.00;4
2887;9;4920022;2887;272;3907;3909;7.06;0.43;265.98;3.05;1020;11;1317.00;2
2891;9;4920034;2891;275;3908;3910;6.99;0.43;265.98;3.05;1017;11;1318.00;2
2896;9;4920045;2896;286;3908;3910;6.84;0.42;266.32;3.05;1012;11;1319.00;2
2900;9;4920058;2900;274;3914;3915;6.79;0.42;266.15;3.05;1014;11;1320.00;1
2903;9;4920069;2903;271;3915;3915;6.78;0.42;266.18;3.05;1012;11;1321.00;0
2906;10;4920081;2906;266;3915;3915;6.77;0.42;266.13;3.05;1009;12;1322.00;0
2909;10;4920100;2909;261;3916;3916;6.74;0.42;266.18;3.05;1007;12;1323.00;0
2912;10;4920114;2912;259;3916;3916;6.72;0.41;266.25;3.05;1004;12;1324.00;0
2917;10;4920129;2917;261;3921;3922;6.75;0.42;266.43;3.05;1004;12;1325.00;1
2921;10;4920149;2921;267;3922;3922;6.70;0.41;266.40;3.05;1001;12;1326.00;0
2923;10;4920164;2923;267;3923;3923;6.64;0.41;266.48;3.05;1000;12;1327.00;0
2928;10;4920178;2928;267;3923;3923;6.55;0.40;266.72;3.05;995;12;1328.00;0
2932;10;4920193;2932;262;3923;3923;6.48;0.40;266.67;3.05;991;12;1329.00;0
2937;10;4920208;2937;273;3923;3923;6.49;0.40;266.69;3.05;986;12;1330.00;0
2940;10;4920224;2940;271;3923;3923;6.43;0.40;266.83;3.05;983;12;1331.00;0
2944;10;4920237;2944;275;3935;3935;6.49;0.40;266.80;3.04;991;12;1332.00;0
2948;10;4920251;2948;278;3935;3935;6.51;0.40;266.98;3.04;987;12;1333.00;0
2956;10;4920266;2956;283;3935;3935;6.47;0.40;266.91;3.04;979;12;1334.00;0
2957;10;4920281;2957;292;3935;3935;6.51;0.40;266.96;3.04;978;12;1335.00;0
2964;10;4920295;2964;303;3935;3935;6.49;0.40;267.25;3.04;971;12;1336.00;0
2968;10;4920310;2968;303;3935;3935;6.54;0.40;267.19;3.04;967;12;1337.00;0
2971;10;4920324;2971;303;3939;3939;6.59;0.40;267.36;3.04;968;12;1338.00;0
2976;10;4920337;2976;299;3939;3939;6.64;0.41;267.56;3.04;963;12;1339.00;0
2983;10;4920349;2983;303;3943;3943;6.64;0.41;267.77;3.03;960;12;1340.00;0
2988;10;4920362;2988;305;3944;3944;6.62;0.40;267.95;3.03;956;12;1341.00;0
2994;10;4920373;2994;308;3944;3944;6.58;0.40;267.95;3.03;950;12;1342.00;0
2996;10;4920384;2996;317;3944;3944;6.62;0.40;268.06;3.03;948;12;1343.00;0
3000;10;4920395;3000;325;3957;3957;6.68;0.41;268.28;3.02;957;12;1344.00;0
3002;10;4920412;3002;333;3957;3957;6.67;0.41;268.25;3.02;955;12;1345.00;0
3008;10;4920423;3008;340;3957;3957;6.59;0.40;268.68;3.02;949;12;1346.00;0
3014;10;4920434;3014;346;3958;3958;6.57;0.40;268.72;3.02;944;12;1347.00;0
3015;10;4920446;3015;354;3959;3959;6.46;0.39;268.91;3.02;944;12;1348.00;0
3020;10;4920457;3020;355;3959;3959;6.36;0.39;269.25;3.02;939;12;1349.00;0
3022;10;4920469;3022;365;3965;3968;6.32;0.39;269.42;3.02;943;12;1350.00;3
3026;10;4920482;3026;371;3965;3968;6.25;0.38;269.78;3.02;939;12;1351.00;3
3029;10;4920492;3029;373;3967;3968;6.18;0.38;269.76;3.02;938;12;1352.00;1
3035;10;4920503;3035;379;3967;3968;6.06;0.37;269.93;3.02;932;12;1353.00;1
3038;10;4920513;3038;383;3973;3974;5.91;0.36;270.10;3.01;935;12;1354.00;1
3043;10;4920524;3043;390;3974;3974;5.84;0.36;270.35;3.01;931;12;1355.00;0
3046;10;4920535;3046;393;3974;3974;5.75;0.35;270.30;3.01;928;12;1356.00;0
3050;10;4920545;3050;402;3974;3974;5.69;0.35;270.41;3.01;924;12;1357.00;0
3053;10;4920555;3053;409;3978;3978;5.67;0.34;270.48;3.01;925;12;1358.00;0
3054;10;4920566;3054;411;3979;3979;5.63;0.34;270.42;3.01;925;12;1359.00;0
3055;10;4920581;3055;413;3979;3979;5.59;0.34;270.35;3.01;924;12;1360.00;0
3056;10;4920590;3056;415;3980;3980;5.53;0.34;270.41;3.01;924;12;1361.00;0
3058;10;4920600;3058;421;3980;3980;5.45;0.33;270.36;3.01;922;12;1362.00;0
3062;10;4920609;3062;428;3980;3980;5.33;0.33;270.07;3.01;918;12;1363.00;0
3062;10;4920619;3062;434;3980;3980;5.27;0.32;270.07;3.01;918;12;1364.00;0
3065;10;4920628;3065;438;3980;3980;5.19;0.32;270.06;3.01;915;12;1365.00;0
3068;10;4920637;3068;441;3980;3980;5.10;0.31;270.07;3.01;912;12;1366.00;0
3069;10;4920647;3069;437;3980;3980;5.09;0.31;270.00;3.01;911;12;1367.00;0
3071;10;4920656;3071;444;4022;4050;5.31;0.33;269.85;2.98;951;12;1368.00;28
3073;10;4920671;3073;433;4024;4051;5.34;0.33;269.77;2.98;951;12;1369.00;27
3075;10;4920682;3075;430;4031;4051;5.47;0.34;269.75;2.98;956;12;1370.00;20
3077;10;4920693;3077;424;4034;4051;5.52;0.34;269.79;2.98;957;12;1371.00;17
3079;10;4920706;3079;424;4037;4051;5.57;0.34;269.81;2.98;958;12;1372.00;14
3081;10;4920719;3081;430;4040;4051;5.58;0.34;269.83;2.98;959;12;1373.00;11
3085;10;4920734;3085;429;4043;4051;5.61;0.34;269.99;2.98;958;12;1374.00;8
3086;10;4920748;3086;433;4045;4051;5.62;0.34;270.09;2.98;959;12;1375.00;6
3088;10;4920772;3088;423;4046;4052;5.62;0.34;270.02;2.98;958;12;1376.00;6
3089;10;4920787;3089;416;4049;4053;5.67;0.35;270.03;2.99;960;12;1377.00;4
3091;10;4920800;3091;412;4050;4053;5.64;0.34;269.98;2.99;959;12;1378.00;3
3094;10;4920814;3094;407;4057;4057;5.64;0.34;270.07;2.99;963;12;1379.00;0
3096;10;4920831;3096;406;4057;4057;5.67;0.35;270.14;2.99;961;12;1380.00;0
3098;10;4920846;3098;404;4057;4057;5.73;0.35;270.18;2.99;959;12;1381.00;0
3099;10;4920860;3099;412;4057;4057;5.79;0.35;270.21;2.99;958;12;1382.00;0
3100;10;4920874;3100;414;4063;4063;5.89;0.36;270.21;2.99;963;12;1383.00;0
3101;10;4920889;3101;418;4063;4063;5.96;0.37;270.17;2.99;962;12;1384.00;0
3102;10;4920903;3102;419;4063;4063;6.04;0.37;270.18;2.99;961;12;1385.00;0
3104;10;4920914;3104;418;4065;4066;6.12;0.37;270.20;2.99;961;12;1386.00;1
3107;10;4920926;3107;417;4066;4066;6.17;0.38;270.28;2.99;959;12;1387.00;0
3109;10;4920937;3109;417;4066;4066;6.25;0.38;270.34;2.99;957;12;1388.00;0
3111;10;4920947;3111;417;4067;4067;6.24;0.38;270.39;2.99;956;12;1389.00;0
3113;10;4920958;3113;411;4068;4068;6.33;0.39;270.29;2.98;955;12;1390.00;0
3113;10;4920970;3113;401;4068;4068;6.36;0.39;270.29;2.98;955;12;1391.00;0
3117;10;4920981;3117;399;4080;4081;6.37;0.39;270.16;2.98;963;12;1392.00;1
3118;10;4920993;3118;391;4081;4081;6.37;0.39;270.17;2.98;963;12;1393.00;0
3118;10;4921004;3118;386;4081;4081;6.41;0.39;270.17;2.98;963;12;1394.00;0
3119;10;4921015;3119;381;4083;4083;6.47;0.39;270.10;2.97;964;12;1395.00;0
3119;10;4921027;3119;383;4083;4083;6.55;0.40;270.10;2.97;964;12;1396.00;0
3122;10;4921047;3122;382;4087;4087;6.64;0.40;270.11;2.97;965;12;1397.00;0
3123;10;4921063;3123;381;4087;4087;6.71;0.41;270.15;2.97;964;12;1398.00;0
3124;10;4921080;3124;382;4091;4091;6.74;0.41;270.10;2.97;967;12;1399.00;0
3124;10;4921097;3124;381;4091;4091;6.76;0.41;270.10;2.97;967;12;1400.00;0
3127;10;4921120;3127;374;4091;4091;6.75;0.41;270.15;2.97;964;12;1401.00;0
3129;10;4921143;3129;377;4091;4091;6.77;0.41;269.99;2.97;962;12;1402.00;0
3130;10;4921159;3130;376;4091;4091;6.76;0.41;269.97;2.97;961;12;1403.00;0
3132;10;4921173;3132;373;4102;4103;6.83;0.42;269.89;2.96;970;12;1404.00;1
3132;10;4921188;3132;367;4102;4103;6.81;0.41;269.89;2.96;970;12;1405.00;1
3135;10;4921202;3135;363;4103;4103;6.79;0.41;269.93;2.96;968;12;1406.00;0
3136;10;4921218;3136;365;4103;4103;6.81;0.41;269.99;2.96;967;12;1407.00;0
3137;10;4921231;3137;357;4103;4103;6.80;0.41;270.03;2.96;966;12;1408.00;0
3140;10;4921244;3140;360;4103;4103;6.78;0.41;270.08;2.96;963;12;1409.00;0
3142;10;4921257;3142;354;4104;4104;6.75;0.41;270.15;2.96;962;12;1410.00;0
3143;10;4921270;3143;346;4104;4104;6.80;0.41;270.14;2.96;961;12;1411.00;0
3147;10;4921284;3147;340;4110;4110;6.78;0.41;270.30;2.96;963;12;1412.00;0
3149;10;4921296;3149;337;4111;4111;6.77;0.41;270.38;2.96;962;12;1413.00;0
3150;10;4921307;3150;322;4111;4111;6.81;0.41;270.42;2.96;961;12;1414.00;0
3152;10;4921318;3152;315;4111;4111;6.81;0.41;270.67;2.96;959;12;1415.00;0
3154;10;4921330;3154;306;4115;4115;6.82;0.41;270.59;2.95;961;12;1416.00;0
3158;10;4921341;3158;297;4115;4115;6.88;0.42;270.67;2.95;957;12;1417.00;0
3163;10;4921353;3163;291;4115;4115;6.95;0.42;270.93;2.95;952;12;1418.00;0
3164;10;4921364;3164;292;4116;4116;7.05;0.42;270.91;2.95;952;12;1419.00;0
3168;10;4921378;3168;291;4120;4120;7.11;0.43;271.17;2.95;952;12;1420.00;0
3168;10;4921398;3168;282;4120;4120;7.24;0.44;271.17;2.95;952;12;1421.00;0
3171;10;4921412;3171;279;4122;4123;7.26;0.44;271.52;2.95;951;12;1422.00;1
3173;10;4921428;3173;280;4123;4123;7.35;0.44;271.59;2.95;950;12;1423.00;0
3176;10;4921442;3176;274;4123;4123;7.37;0.45;271.77;2.95;947;12;1424.00;0
3179;10;4921457;3179;274;4123;4123;7.43;0.45;271.75;2.95;944;12;1425.00;0
3180;10;4921470;3180;268;4127;4127;7.53;0.46;271.77;2.95;947;12;1426.00;0
3186;10;4921484;3186;270;4127;4127;7.56;0.46;271.88;2.95;941;12;1427.00;0
3189;10;4921499;3189;269;4127;4127;7.65;0.46;272.08;2.95;938;12;1428.00;0
3194;10;4921514;3194;266;4127;4127;7.63;0.46;272.15;2.95;933;12;1429.00;0
3198;10;4921529;3198;262;4128;4128;7.61;0.46;272.36;2.95;930;12;1430.00;0
3200;10;4921544;3200;259;4129;4129;7.63;0.46;272.46;2.95;929;12;1431.00;0
3203;10;4921562;3203;256;4129;4129;7.55;0.46;272.44;2.95;926;12;1432.00;0
3207;10;4921577;3207;249;4130;4130;7.48;0.45;272.56;2.95;923;12;1433.00;0
3208;10;4921590;3208;249;4130;4130;7.52;0.45;272.63;2.95;922;12;1434.00;0
3210;10;4921601;3210;249;4130;4130;7.53;0.46;272.74;2.95;920;12;1435.00;0
3214;10;4921612;3214;253;4130;4130;7.60;0.46;272.79;2.95;916;12;1436.00;0
3217;10;4921622;3217;249;4130;4130;7.61;0.46;272.85;2.95;913;12;1437.00;0
3217;10;4921633;3217;245;4130;4130;7.68;0.46;272.85;2.95;913;12;1438.00;0
3219;10;4921643;3219;244;4130;4130;7.71;0.47;272.96;2.95;911;12;1439.00;0
3221;10;4921656;3221;285;4238;4360;7.73;0.48;273.09;2.87;1017;12;1440.00;122
3225;10;4921689;3225;274;4243;4361;7.74;0.48;273.18;2.87;1018;12;1441.00;118
3228;10;4921721;3228;258;4256;4361;7.84;0.49;273.24;2.87;1028;12;1442.00;105
3231;10;4921732;3231;255;4261;4361;7.87;0.49;273.58;2.87;1030;12;1443.00;100
3233;10;4921744;3233;251;4272;4361;7.92;0.49;273.69;2.87;1039;12;1444.00;89
3234;10;4921758;3234;240;4279;4361;8.00;0.49;273.80;2.87;1045;12;1445.00;82
3236;10;4921770;3236;240;4287;4361;8.04;0.50;273.85;2.88;1051;12;1446.00;74
3239;10;4921783;3239;238;4294;4361;8.05;0.50;273.99;2.89;1055;12;1447.00;67
3240;10;4921809;3240;233;4301;4362;8.11;0.50;274.11;2.90;1061;12;1448.00;61
3241;10;4921823;3241;240;4306;4363;8.17;0.50;274.13;2.90;1065;12;1449.00;57
3244;10;4921838;3244;245;4314;4363;8.17;0.50;274.28;2.92;1070;12;1450.00;49
3246;10;4921855;3246;245;4318;4364;8.11;0.50;274.26;2.92;1072;12;1451.00;46
3247;10;4921872;3247;250;4321;4364;8.06;0.50;274.18;2.93;1074;12;1452.00;43
3251;10;4921895;3251;249;4327;4364;7.92;0.49;274.31;2.94;1076;12;1453.00;37
3256;10;4921911;3256;262;4328;4364;7.80;0.48;274.24;2.95;1072;12;1454.00;36
3256;10;4921927;3256;267;4336;4368;7.73;0.48;274.24;2.96;1080;12;1455.00;32
3259;10;4921943;3259;268;4339;4368;7.66;0.47;274.34;2.97;1080;12;1456.00;29
3264;10;4921959;3264;277;4343;4368;7.62;0.47;274.42;2.98;1079;12;1457.00;25
3267;10;4921976;3267;280;4345;4371;7.58;0.47;274.46;2.98;1078;12;1458.00;26
3272;10;4921992;3272;291;4350;4371;7.53;0.46;274.47;3.00;1078;12;1459.00;21
3273;10;4922014;3273;290;4351;4371;7.58;0.46;274.63;3.00;1078;12;1460.00;20
3274;10;4922030;3274;291;4357;4375;7.52;0.46;274.64;3.01;1083;12;1461.00;18
3277;10;4922044;3277;295;4359;4376;7.52;0.46;274.77;3.01;1082;12;1462.00;17
3280;10;4922062;3280;300;4362;4376;7.50;0.46;274.85;3.03;1082;12;1463.00;14
3283;10;4922075;3283;296;4367;4380;7.51;0.46;274.88;3.03;1084;12;1464.00;13
3285;10;4922088;3285;311;4368;4380;7.51;0.46;275.03;3.03;1083;12;1465.00;12
3288;10;4922102;3288;311;4370;4380;7.52;0.46;275.26;3.04;1082;12;1466.00;10
3294;10;4922114;3294;313;4370;4381;7.39;0.45;275.27;3.04;1076;12;1467.00;11
3298;10;4922128;3298;319;4372;4381;7.33;0.45;275.36;3.05;1074;12;1468.00;9
3304;10;4922146;3304;321;4377;4387;7.34;0.45;275.54;3.05;1073;12;1469.00;10
3308;10;4922162;3308;320;4379;4387;7.31;0.45;275.59;3.06;1071;12;1470.00;8
3311;10;4922175;3311;323;4380;4388;7.31;0.44;275.62;3.06;1069;12;1471.00;8
3315;10;4922189;3315;317;4381;4388;7.31;0.44;275.59;3.06;1066;12;1472.00;7
3316;10;4922203;3316;320;4382;4388;7.27;0.44;275.65;3.06;1066;12;1473.00;6
3317;10;4922221;3317;321;4383;4388;7.27;0.44;275.59;3.07;1066;12;1474.00;5
3319;10;4922236;3319;327;4384;4388;7.19;0.44;275.60;3.08;1065;12;1475.00;4
3321;10;4922252;3321;326;4395;4400;7.17;0.44;275.66;3.08;1074;12;1476.00;5
3324;10;4922270;3324;335;4395;4400;7.06;0.43;275.71;3.08;1071;12;1477.00;5
3328;10;4922285;3328;338;4395;4400;6.94;0.42;275.82;3.08;1067;12;1478.00;5
3330;10;4922301;3330;330;4398;4400;6.90;0.42;275.93;3.08;1068;12;1479.00;2
3332;10;4922316;3332;339;4399;4400;6.83;0.42;275.97;3.08;1067;12;1480.00;1
3335;10;4922331;3335;340;4399;4400;6.70;0.41;276.09;3.08;1064;12;1481.00;1
3338;10;4922346;3338;338;4403;4404;6.56;0.40;276.17;3.08;1065;12;1482.00;1
3341;10;4922361;3341;339;4403;4404;6.43;0.39;276.23;3.08;1062;12;1483.00;1
3345;10;4922376;3345;349;4407;4408;6.28;0.39;276.27;3.08;1062;12;1484.00;1
3349;10;4922391;3349;336;4408;4410;6.17;0.38;276.49;3.08;1059;12;1485.00;2
3353;10;4922405;3353;331;4409;4410;6.08;0.37;276.71;3.08;1056;12;1486.00;1
3360;10;4922420;3360;325;4409;4410;6.02;0.37;277.00;3.08;1049;12;1487.00;1
3362;10;4922431;3362;334;4422;4423;6.03;0.37;277.07;3.07;1060;12;1488.00;1
3367;10;4922443;3367;333;4422;4423;6.02;0.37;276.94;3.07;1055;12;1489.00;1
3370;10;4922454;3370;335;4422;4423;5.99;0.37;277.05;3.07;1052;12;1490.00;1
3373;10;4922465;3373;339;4423;4424;5.96;0.37;277.00;3.07;1050;12;1491.00;1
3376;10;4922476;3376;344;4424;4425;5.90;0.36;277.17;3.07;1048;12;1492.00;1
3381;10;4922487;3381;344;4424;4425;5.84;0.36;277.31;3.07;1043;12;1493.00;1
3384;10;4922499;3384;344;4427;4428;5.87;0.36;277.15;3.07;1043;12;1494.00;1
3385;10;4922511;3385;341;4427;4428;5.87;0.36;277.18;3.07;1042;12;1495.00;1
3390;10;4922522;3390;347;4427;4428;5.81;0.36;277.27;3.07;1037;12;1496.00;1
3394;10;4922534;3394;340;4427;4428;5.74;0.35;277.19;3.07;1033;12;1497.00;1
3396;10;4922548;3396;347;4433;4434;5.75;0.35;277.36;3.06;1037;12;1498.00;1
3400;10;4922564;3400;354;4433;4434;5.72;0.35;277.23;3.06;1033;12;1499.00;1
3402;10;4922580;3402;366;4438;4453;5.68;0.35;277.23;3.06;1036;12;1500.00;15
3406;10;4922605;3406;366;4438;4453;5.66;0.35;277.23;3.06;1032;12;1501.00;15
3409;10;4922619;3409;371;4442;4457;5.68;0.35;277.15;3.06;1033;12;1502.00;15
3414;10;4922633;3414;376;4443;4458;5.66;0.35;277.13;3.06;1029;12;1503.00;15
3418;10;4922648;3418;377;4443;4458;5.63;0.35;277.02;3.06;1025;12;1504.00;15
3422;10;4922662;3422;380;4446;4459;5.60;0.34;277.18;3.06;1024;12;1505.00;13
3424;10;4922677;3424;379;4448;4459;5.62;0.35;277.10;3.06;1024;12;1506.00;11
3431;10;4922692;3431;381;4448;4459;5.58;0.34;276.82;3.06;1017;12;1507.00;11
3433;10;4922707;3433;384;4448;4459;5.60;0.35;276.70;3.06;1015;12;1508.00;11
3437;10;4922721;3437;388;4448;4459;5.61;0.35;276.65;3.06;1011;12;1509.00;11
3439;10;4922734;3439;387;4449;4459;5.62;0.35;276.61;3.06;1010;12;1510.00;10
3440;10;4922746;3440;396;4449;4459;5.63;0.35;276.67;3.06;1009;12;1511.00;10
3444;10;4922758;3444;401;4488;4529;5.70;0.35;276.66;3.04;1044;12;1512.00;41
3448;10;4922775;3448;404;4490;4530;5.70;0.35;276.64;3.04;1042;12;1513.00;40
3453;10;4922787;3453;404;4498;4530;5.73;0.36;276.57;3.05;1045;12;1514.00;32
3458;10;4922798;3458;416;4501;4530;5.72;0.36;276.39;3.05;1043;12;1515.00;29
3462;10;4922809;3462;423;4505;4530;5.67;0.35;276.45;3.05;1043;12;1516.00;25
3466;10;4922822;3466;421;4508;4530;5.67;0.35;276.45;3.05;1042;12;1517.00;22
3471;10;4922835;3471;426;4512;4530;5.58;0.35;276.27;3.06;1041;12;1518.00;18
3474;10;4922849;3474;434;4517;4530;5.52;0.34;276.28;3.06;1043;12;1519.00;13
3478;10;4922864;3478;439;4519;4531;5.46;0.34;276.21;3.07;1041;12;1520.00;12
3480;10;4922880;3480;452;4521;4532;5.47;0.34;276.24;3.07;1041;12;1521.00;11
3484;10;4922897;3484;456;4523;4532;5.39;0.33;276.35;3.07;1039;12;1522.00;9
3489;10;4922914;3489;454;4527;4536;5.33;0.33;276.39;3.07;1038;12;1523.00;9
3492;10;4922930;3492;468;4528;4536;5.29;0.33;276.49;3.07;1036;12;1524.00;8
3495;10;4922946;3495;472;4528;4536;5.22;0.32;276.50;3.07;1033;12;1525.00;8
3498;10;4922961;3498;476;4528;4536;5.18;0.32;276.62;3.07;1030;12;1526.00;8
3500;10;4922977;3500;487;4533;4542;5.15;0.32;276.59;3.07;1033;12;1527.00;9
3501;10;4922992;3501;491;4534;4542;5.10;0.32;276.62;3.08;1033;12;1528.00;8
3502;10;4923007;3502;493;4535;4542;5.08;0.31;276.70;3.08;1033;12;1529.00;7
3504;10;4923024;3504;491;4538;4548;5.10;0.32;276.68;3.08;1034;12;1530.00;10
3505;10;4923039;3505;494;4539;4548;5.11;0.32;276.70;3.08;1034;12;1531.00;9
3509;10;4923053;3509;484;4542;4548;5.05;0.31;276.62;3.09;1033;12;1532.00;6
3512;10;4923065;3512;476;4543;4549;5.00;0.31;276.58;3.09;1031;12;1533.00;6
3516;10;4923079;3516;477;4546;4550;4.99;0.31;276.65;3.10;1030;12;1534.00;4
3517;10;4923092;3517;475;4547;4550;4.99;0.31;276.65;3.10;1030;12;1535.00;3
3519;10;4923103;3519;480;4558;4563;5.05;0.31;276.67;3.09;1039;12;1536.00;5
3523;10;4923116;3523;469;4559;4563;5.09;0.31;276.43;3.09;1036;12;1537.00;4
3526;10;4923128;3526;463;4560;4563;5.11;0.31;276.39;3.09;1034;12;1538.00;3
3529;10;4923140;3529;458;4563;4564;5.19;0.32;276.31;3.10;1034;12;1539.00;1
3532;10;4923153;3532;453;4564;4564;5.25;0.32;276.24;3.10;1032;12;1540.00;0
3533;10;4923165;3533;434;4568;4568;5.38;0.33;276.27;3.10;1035;12;1541.00;0
3535;10;4923179;3535;422;4568;4568;5.52;0.34;276.22;3.10;1033;12;1542.00;0
3536;10;4923193;3536;410;4572;4572;5.61;0.34;276.23;3.10;1036;12;1543.00;0
3538;10;4923212;3538;404;4572;4572;5.73;0.35;276.13;3.10;1034;12;1544.00;0
3541;10;4923226;3541;391;4572;4572;5.80;0.35;276.09;3.10;1031;12;1545.00;0
3544;10;4923240;3544;386;4572;4572;5.82;0.35;276.27;3.10;1028;12;1546.00;0
3544;10;4923254;3544;374;4572;4572;5.87;0.36;276.27;3.10;1028;12;1547.00;0
3544;10;4923266;3544;374;4583;4584;5.95;0.36;276.27;3.09;1039;12;1548.00;1
3544;10;4923281;3544;376;4583;4584;6.02;0.37;276.27;3.09;1039;12;1549.00;1
3545;10;4923297;3545;369;4584;4584;6.12;0.37;276.20;3.09;1039;12;1550.00;0
3546;10;4923311;3546;365;4584;4584;6.24;0.38;276.23;3.09;1038;12;1551.00;0
3548;10;4923325;3548;364;4584;4584;6.33;0.39;276.22;3.09;1036;12;1552.00;0
3551;10;4923338;3551;362;4584;4584;6.37;0.39;276.22;3.09;1033;12;1553.00;0
3554;10;4923352;3554;355;4585;4585;6.41;0.39;276.33;3.09;1031;12;1554.00;0
3555;10;4923370;3555;351;4587;4587;6.44;0.39;276.32;3.09;1032;12;1555.00;0
3556;10;4923386;3556;344;4593;4593;6.51;0.40;276.33;3.09;1037;12;1556.00;0
3560;10;4923400;3560;343;4594;4594;6.58;0.40;276.30;3.09;1034;12;1557.00;0
3563;10;4923414;3563;339;4594;4594;6.59;0.40;276.27;3.09;1031;12;1558.00;0
3564;10;4923429;3564;340;4594;4594;6.63;0.40;276.22;3.09;1030;12;1559.00;0
3566;10;4923445;3566;333;4599;4599;6.64;0.40;276.36;3.09;1033;13;1560.00;0
3568;10;4923469;3568;334;4599;4599;6.66;0.40;276.34;3.09;1031;13;1561.00;0
3569;10;4923482;3569;327;4599;4599;6.72;0.41;276.38;3.09;1030;13;1562.00;0
3572;10;4923495;3572;334;4600;4600;6.82;0.42;276.47;3.08;1028;13;1563.00;0
3573;10;4923507;3573;334;4604;4604;6.79;0.41;276.52;3.08;1031;13;1564.00;0
3577;10;4923525;3577;333;4604;4604;6.80;0.41;276.63;3.08;1027;13;1565.00;0
3580;10;4923537;3580;329;4606;4607;6.86;0.42;276.63;3.08;1026;13;1566.00;1
3581;10;4923549;3581;335;4606;4607;6.88;0.42;276.65;3.08;1025;13;1567.00;1
3584;10;4923567;3584;341;4607;4607;6.86;0.42;276.60;3.08;1023;13;1568.00;0
3589;10;4923580;3589;349;4607;4607;6.80;0.41;276.92;3.08;1018;13;1569.00;0
3591;10;4923592;3591;352;4611;4611;6.80;0.41;277.21;3.08;1020;13;1570.00;0
3594;10;4923604;3594;359;4611;4611;6.81;0.41;277.40;3.08;1017;13;1571.00;0
3596;10;4923617;3596;355;4611;4611;6.83;0.41;277.46;3.08;1015;13;1572.00;0
3597;10;4923629;3597;365;4611;4611;6.85;0.42;277.60;3.08;1014;13;1573.00;0
3599;10;4923640;3599;369;4612;4612;6.86;0.42;277.73;3.08;1013;13;1574.00;0
3601;10;4923652;3601;361;4614;4614;6.86;0.42;277.89;3.08;1013;13;1575.00;0
3603;10;4923664;3603;351;4614;4614;6.88;0.42;278.08;3.08;1011;13;1576.00;0
3606;10;4923676;3606;343;4615;4615;6.90;0.42;278.08;3.08;1009;13;1577.00;0
3610;10;4923688;3610;339;4615;4615;6.88;0.42;278.35;3.08;1005;13;1578.00;0
3612;10;4923701;3612;333;4615;4615;6.92;0.42;278.41;3.08;1003;13;1579.00;0
3614;10;4923716;3614;330;4615;4615;6.89;0.42;278.47;3.08;1001;13;1580.00;0
3617;10;4923730;3617;322;4615;4615;6.92;0.42;278.64;3.08;998;13;1581.00;0
3618;10;4923742;3618;315;4615;4615;6.95;0.42;278.64;3.08;997;13;1582.00;0
3620;10;4923760;3620;305;4615;4615;6.99;0.42;278.64;3.08;995;13;1583.00;0
3624;10;4923776;3624;340;4693;4742;6.85;0.42;278.80;3.03;1069;13;1584.00;49
3627;10;4923807;3627;324;4693;4743;6.85;0.42;278.90;3.03;1066;13;1585.00;50
3628;10;4923826;3628;319;4699;4743;6.96;0.43;278.89;3.03;1071;13;1586.00;44
3634;10;4923843;3634;319;4699;4743;6.99;0.43;279.05;3.03;1065;13;1587.00;44
3637;10;4923872;3637;319;4703;4743;7.05;0.43;279.17;3.03;1066;13;1588.00;40
3639;10;4923891;3639;313;4703;4743;7.09;0.43;279.37;3.03;1064;13;1589.00;40
3642;10;4923911;3642;312;4707;4743;7.13;0.44;279.56;3.03;1065;13;1590.00;36
3644;10;4923928;3644;317;4709;4743;7.20;0.44;279.75;3.03;1065;13;1591.00;34
3648;10;4923947;3648;312;4710;4744;7.22;0.44;279.78;3.03;1062;13;1592.00;34
3653;10;4923964;3653;313;4716;4745;7.19;0.44;279.95;3.04;1063;13;1593.00;29
3655;10;4923987;3655;307;4719;4745;7.14;0.44;280.10;3.04;1064;13;1594.00;26
3659;10;4924000;3659;309;4722;4746;7.10;0.43;280.13;3.05;1063;13;1595.00;24
3660;10;4924013;3660;309;4725;4746;7.03;0.43;280.16;3.05;1065;13;1596.00;21
3662;10;4924028;3662;305;4729;4746;6.95;0.42;280.17;3.06;1067;13;1597.00;17
3664;10;4924043;3664;306;4733;4746;6.91;0.42;280.13;3.07;1069;13;1598.00;13
3667;10;4924058;3667;302;4738;4750;6.89;0.42;280.03;3.08;1071;13;1599.00;12
3668;10;4924074;3668;301;4740;4750;6.87;0.42;280.10;3.08;1072;13;1600.00;10
3671;10;4924091;3671;304;4741;4750;6.87;0.42;280.04;3.08;1070;13;1601.00;9
3673;10;4924105;3673;301;4744;4753;6.83;0.42;280.08;3.09;1071;13;1602.00;9
3674;10;4924118;3674;305;4746;4753;6.79;0.41;280.05;3.09;1072;13;1603.00;7
3676;10;4924130;3676;303;4748;4753;6.77;0.41;280.16;3.10;1072;13;1604.00;5
3677;10;4924143;3677;315;4753;4757;6.68;0.41;280.25;3.10;1076;13;1605.00;4
3680;10;4924163;3680;315;4754;4758;6.63;0.40;280.51;3.10;1074;13;1606.00;4
3680;10;4924180;3680;319;4755;4758;6.64;0.40;280.51;3.10;1075;13;1607.00;3
3683;10;4924196;3683;314;4758;4762;6.71;0.41;280.64;3.10;1075;13;1608.00;4
3686;10;4924214;3686;323;4758;4762;6.72;0.41;280.53;3.10;1072;13;1609.00;4
3688;10;4924231;3688;321;4758;4762;6.72;0.41;280.64;3.10;1070;13;1610.00;4
3689;10;4924247;3689;315;4759;4763;6.79;0.41;280.64;3.10;1070;13;1611.00;4
3692;10;4924263;3692;319;4759;4763;6.83;0.41;280.67;3.10;1067;13;1612.00;4
3693;10;4924277;3693;323;4765;4769;6.94;0.42;280.66;3.09;1072;13;1613.00;4
3693;10;4924292;3693;328;4765;4769;7.00;0.43;280.66;3.09;1072;13;1614.00;4
3696;10;4924304;3696;327;4766;4770;6.98;0.42;280.98;3.10;1070;13;1615.00;4
3697;10;4924319;3697;329;4766;4770;7.02;0.43;280.96;3.10;1069;13;1616.00;4
3699;10;4924337;3699;339;4766;4770;7.06;0.43;281.11;3.10;1067;13;1617.00;4
3700;10;4924350;3700;340;4768;4770;7.07;0.43;281.18;3.11;1068;13;1618.00;2
3702;10;4924366;3702;343;4768;4770;7.05;0.43;281.30;3.11;1066;13;1619.00;2
3705;10;4924382;3705;348;4796;4806;7.15;0.44;281.39;3.09;1091;13;1620.00;10
3707;10;4924399;3707;344;4799;4806;7.17;0.44;281.34;3.09;1092;13;1621.00;7
3710;10;4924412;3710;351;4802;4806;7.11;0.43;281.50;3.09;1092;13;1622.00;4
3712;10;4924425;3712;348;4802;4806;7.01;0.43;281.55;3.09;1090;13;1623.00;4
3715;10;4924442;3715;353;4804;4806;6.88;0.42;281.74;3.09;1089;13;1624.00;2
3716;10;4924462;3716;357;4804;4806;6.77;0.41;281.86;3.09;1088;13;1625.00;2
3719;10;4924479;3719;360;4810;4810;6.64;0.41;282.08;3.09;1091;13;1626.00;0
3720;10;4924498;3720;366;4810;4810;6.61;0.40;282.14;3.09;1090;13;1627.00;0
3724;10;4924523;3724;371;4814;4814;6.62;0.40;282.31;3.09;1090;13;1628.00;0
3727;10;4924538;3727;367;4815;4815;6.57;0.40;282.51;3.09;1088;13;1629.00;0
3729;10;4924556;3729;365;4815;4815;6.51;0.40;282.48;3.09;1086;13;1630.00;0
3734;10;4924568;3734;366;4815;4815;6.40;0.39;282.60;3.09;1081;13;1631.00;0
3736;10;4924580;3736;369;4827;4828;6.27;0.38;282.81;3.08;1091;13;1632.00;1
3738;10;4924596;3738;376;4827;4828;6.20;0.38;282.71;3.08;1089;13;1633.00;1
3742;10;4924613;3742;379;4828;4828;6.16;0.38;282.93;3.08;1086;13;1634.00;0
3745;10;4924634;3745;379;4829;4829;6.08;0.37;283.03;3.08;1084;13;1635.00;0
3745;10;4924656;3745;382;4830;4830;6.01;0.37;283.03;3.08;1085;13;1636.00;0
3749;10;4924673;3749;386;4830;4830;5.99;0.37;283.16;3.08;1081;13;1637.00;0
3750;10;4924690;3750;384;4833;4833;5.96;0.37;283.29;3.08;1083;13;1638.00;0
3754;10;4924713;3754;388;4833;4833;5.91;0.36;283.33;3.08;1079;13;1639.00;0
3760;10;4924734;3760;391;4833;4833;5.95;0.36;283.45;3.08;1073;13;1640.00;0
3760;10;4924751;3760;395;4833;4833;5.93;0.36;283.45;3.08;1073;13;1641.00;0
3764;10;4924768;3764;399;4839;4839;5.96;0.36;283.48;3.07;1075;13;1642.00;0
3766;10;4924790;3766;401;4839;4839;5.90;0.36;283.38;3.07;1073;13;1643.00;0
3768;10;4924807;3768;405;4839;4839;5.85;0.36;283.44;3.07;1071;13;1644.00;0
3770;10;4924823;3770;407;4839;4839;5.78;0.36;283.35;3.07;1069;13;1645.00;0
3774;10;4924837;3774;416;4843;4843;5.68;0.35;283.34;3.07;1069;13;1646.00;0
3777;10;4924851;3777;425;4844;4844;5.56;0.34;283.54;3.07;1067;13;1647.00;0
3780;10;4924865;3780;429;4844;4844;5.47;0.34;283.52;3.07;1064;13;1648.00;0
3784;10;4924878;3784;433;4845;4845;5.36;0.33;283.62;3.07;1061;13;1649.00;0
3786;10;4924892;3786;429;4845;4845;5.25;0.32;283.61;3.07;1059;13;1650.00;0
3790;10;4924909;3790;425;4845;4845;5.15;0.32;283.53;3.07;1055;13;1651.00;0
3794;10;4924921;3794;419;4845;4845;5.09;0.31;283.53;3.07;1051;13;1652.00;0
3797;10;4924937;3797;415;4845;4845;5.06;0.31;283.54;3.07;1048;13;1653.00;0
3803;10;4924955;3803;410;4845;4845;5.03;0.31;283.49;3.07;1042;13;1654.00;0
3807;10;4924981;3807;411;4845;4845;5.03;0.31;283.57;3.07;1038;13;1655.00;0
3812;10;4925005;3812;423;4886;4915;5.17;0.32;283.46;3.05;1074;13;1656.00;29
3813;10;4925043;3813;416;4890;4916;5.25;0.32;283.47;3.04;1077;13;1657.00;26
3815;10;4925060;3815;415;4895;4916;5.32;0.33;283.46;3.04;1080;13;1658.00;21
3819;10;4925073;3819;415;4897;4916;5.36;0.33;283.40;3.04;1078;13;1659.00;19
3821;10;4925086;3821;415;4900;4916;5.34;0.33;283.35;3.04;1079;13;1660.00;16
3826;10;4925098;3826;419;4900;4916;5.25;0.32;283.17;3.04;1074;13;1661.00;16
3828;10;4925110;3828;420;4902;4916;5.23;0.32;283.10;3.05;1074;13;1662.00;14
3831;10;4925123;3831;423;4906;4916;5.19;0.32;283.10;3.05;1075;13;1663.00;10
3836;10;4925136;3836;429;4908;4917;5.12;0.31;282.90;3.05;1072;13;1664.00;9
3838;10;4925149;3838;433;4912;4919;5.09;0.31;282.88;3.05;1074;13;1665.00;7
3840;10;4925161;3840;439;4915;4919;5.02;0.31;282.89;3.06;1075;13;1666.00;4
3844;10;4925176;3844;444;4921;4923;4.98;0.30;282.88;3.06;1077;13;1667.00;2
3847;10;4925191;3847;446;4922;4923;4.94;0.30;282.89;3.06;1075;13;1668.00;1
3850;10;4925203;3850;451;4922;4923;4.90;0.30;282.99;3.06;1072;13;1669.00;1
3852;10;4925214;3852;453;4922;4923;4.86;0.30;282.97;3.06;1070;13;1670.00;1
3854;10;4925226;3854;459;4929;4929;4.89;0.30;282.87;3.06;1075;13;1671.00;0
3857;10;4925237;3857;468;4929;4929;4.92;0.30;282.91;3.06;1072;13;1672.00;0
3861;10;4925249;3861;479;4929;4929;4.92;0.30;282.78;3.06;1068;13;1673.00;0
3865;10;4925260;3865;479;4932;4932;4.93;0.30;282.83;3.06;1067;13;1674.00;0
3866;10;4925273;3866;485;4932;4932;4.93;0.30;282.78;3.06;1066;13;1675.00;0
3870;10;4925290;3870;488;4932;4932;4.87;0.30;282.84;3.06;1062;13;1676.00;0
3871;10;4925306;3871;495;4933;4933;4.88;0.30;282.80;3.06;1062;13;1677.00;0
3874;10;4925321;3874;501;4934;4934;4.88;0.30;282.67;3.05;1060;13;1678.00;0
3879;10;4925337;3879;497;4934;4934;4.84;0.30;282.77;3.05;1055;13;1679.00;0
3883;10;4925355;3883;506;4956;4960;4.92;0.30;282.87;3.04;1073;13;1680.00;4
3884;10;4925373;3884;510;4956;4960;4.88;0.30;282.94;3.04;1072;13;1681.00;4
3890;10;4925385;3890;515;4960;4960;4.81;0.29;282.88;3.04;1070;13;1682.00;0
3894;10;4925396;3894;519;4961;4961;4.77;0.29;282.91;3.04;1067;13;1683.00;0
3895;10;4925408;3895;514;4961;4961;4.74;0.29;282.94;3.04;1066;13;1684.00;0
3898;10;4925421;3898;512;4965;4965;4.82;0.29;283.05;3.04;1067;13;1685.00;0
3901;10;4925434;3901;499;4965;4965;4.84;0.30;283.12;3.04;1064;13;1686.00;0
3903;10;4925446;3903;501;4969;4969;4.85;0.30;283.22;3.04;1066;13;1687.00;0
3905;10;4925458;3905;508;4969;4969;4.82;0.29;283.29;3.04;1064;13;1688.00;0
3907;10;4925472;3907;510;4969;4969;4.82;0.29;283.22;3.04;1062;13;1689.00;0
3909;10;4925485;3909;514;4969;4969;4.82;0.29;283.20;3.04;1060;13;1690.00;0
3912;10;4925504;3912;511;4969;4969;4.84;0.29;283.16;3.04;1057;13;1691.00;0
3914;10;4925517;3914;515;4979;4981;4.97;0.30;283.22;3.03;1065;13;1692.00;2
3915;10;4925530;3915;522;4979;4981;4.97;0.30;283.29;3.03;1064;13;1693.00;2
3917;10;4925542;3917;524;4981;4981;5.02;0.31;283.32;3.03;1064;13;1694.00;0
3920;10;4925556;3920;521;4981;4981;5.02;0.31;283.34;3.03;1061;13;1695.00;0
3922;10;4925572;3922;521;4981;4981;5.02;0.31;283.37;3.03;1059;13;1696.00;0
3923;10;4925589;3923;513;4981;4981;5.06;0.31;283.38;3.03;1058;13;1697.00;0
3924;10;4925605;3924;501;4982;4982;5.04;0.31;283.41;3.03;1058;13;1698.00;0
3925;10;4925632;3925;494;4982;4982;5.11;0.31;283.41;3.03;1057;13;1699.00;0
3927;10;4925648;3927;491;4988;4988;5.17;0.32;283.50;3.03;1061;13;1700.00;0
3930;10;4925666;3930;486;4989;4989;5.21;0.32;283.43;3.03;1059;13;1701.00;0
3933;10;4925679;3933;480;4989;4989;5.21;0.32;283.52;3.03;1056;13;1702.00;0
3934;10;4925694;3934;474;4989;4989;5.33;0.32;283.53;3.03;1055;13;1703.00;0
3937;10;4925707;3937;473;4993;4993;5.42;0.33;283.68;3.02;1056;13;1704.00;0
3940;10;4925735;3940;468;4993;4993;5.45;0.33;283.83;3.02;1053;13;1705.00;0
3942;10;4925758;3942;454;4993;4993;5.47;0.33;283.98;3.02;1051;13;1706.00;0
3943;10;4925778;3943;446;4994;4994;5.50;0.33;284.14;3.02;1051;13;1707.00;0
3945;10;4925803;3945;428;4998;4998;5.51;0.33;284.15;3.02;1053;13;1708.00;0
3947;10;4925819;3947;428;4998;4998;5.51;0.33;284.26;3.02;1051;13;1709.00;0
3948;10;4925835;3948;416;5002;5004;5.64;0.34;284.22;3.02;1054;13;1710.00;2
3952;10;4925849;3952;408;5003;5004;5.70;0.35;284.22;3.02;1051;13;1711.00;1
3954;10;4925861;3954;411;5004;5004;5.79;0.35;284.21;3.02;1050;13;1712.00;0
3957;10;4925873;3957;403;5004;5004;5.81;0.35;284.22;3.02;1047;13;1713.00;0
3959;10;4925886;3959;402;5008;5008;5.90;0.36;284.36;3.02;1049;13;1714.00;0
3959;10;4925901;3959;407;5008;5008;5.95;0.36;284.36;3.02;1049;13;1715.00;0
3962;10;4925913;3962;408;5008;5008;6.00;0.36;284.43;3.02;1046;13;1716.00;0
3963;10;4925925;3963;401;5008;5008;6.09;0.37;284.51;3.02;1045;13;1717.00;0
3965;10;4925937;3965;397;5009;5009;6.13;0.37;284.60;3.02;1044;13;1718.00;0
3966;10;4925949;3966;393;5010;5010;6.18;0.38;284.61;3.02;1044;13;1719.00;0
3968;10;4925961;3968;392;5010;5010;6.25;0.38;284.60;3.02;1042;13;1720.00;0
3969;10;4925973;3969;390;5011;5011;6.30;0.38;284.73;3.02;1042;13;1721.00;0
3973;10;4925984;3973;387;5011;5011;6.31;0.38;284.89;3.02;1038;13;1722.00;0
3977;10;4925996;3977;386;5011;5011;6.37;0.39;284.92;3.02;1034;13;1723.00;0
3980;10;4926009;3980;389;5011;5011;6.41;0.39;285.01;3.02;1031;13;1724.00;0
3981;10;4926034;3981;388;5011;5011;6.46;0.39;285.05;3.02;1030;13;1725.00;0
3985;10;4926059;3985;388;5011;5011;6.52;0.40;285.11;3.02;1026;13;1726.00;0
3989;10;4926076;3989;390;5011;5011;6.58;0.40;285.37;3.02;1022;13;1727.00;0
3989;10;4926096;3989;422;5092;5138;6.68;0.41;285.37;2.97;1103;13;1728.00;46
3992;10;4926120;3992;410;5097;5139;6.72;0.41;285.68;2.97;1105;13;1729.00;42
3996;10;4926134;3996;402;5102;5139;6.81;0.42;285.88;2.97;1106;13;1730.00;37
3999;10;4926150;3999;396;5104;5139;6.82;0.42;285.99;2.97;1105;13;1731.00;35
4000;10;4926168;4000;397;5108;5139;6.88;0.42;286.02;2.97;1108;13;1732.00;31
4001;10;4926181;4001;397;5108;5139;6.92;0.42;286.15;2.97;1107;13;1733.00;31
4004;10;4926194;4004;402;5111;5139;6.90;0.42;286.21;2.97;1107;13;1734.00;28
4007;10;4926207;4007;409;5112;5139;6.88;0.42;286.30;2.97;1105;13;1735.00;27
4008;10;4926220;4008;409;5115;5140;6.93;0.42;286.28;2.97;1107;13;1736.00;25
4010;10;4926240;4010;417;5119;5141;6.86;0.42;286.45;2.98;1109;13;1737.00;22
4011;10;4926257;4011;422;5122;5141;6.81;0.42;286.48;2.98;1111;13;1738.00;19
4014;10;4926272;4014;423;5126;5142;6.73;0.41;286.46;2.99;1112;13;1739.00;16
4017;10;4926287;4017;420;5129;5142;6.72;0.41;286.52;2.99;1112;13;1740.00;13
4020;10;4926299;4020;422;5131;5142;6.67;0.41;286.61;2.99;1111;13;1741.00;11
4021;10;4926314;4021;416;5134;5142;6.64;0.41;286.65;3.00;1113;13;1742.00;8
4025;10;4926327;4025;421;5138;5146;6.63;0.41;287.08;3.00;1113;13;1743.00;8
4029;10;4926342;4029;413;5139;5146;6.61;0.40;287.08;3.01;1110;13;1744.00;7
4031;10;4926355;4031;410;5142;5146;6.59;0.40;287.26;3.01;1111;13;1745.00;4
4034;10;4926367;4034;405;5143;5149;6.64;0.40;287.39;3.01;1109;13;1746.00;6
4035;10;4926384;4035;390;5144;5149;6.68;0.41;287.40;3.01;1109;13;1747.00;5
4039;10;4926400;4039;385;5146;5149;6.70;0.41;287.56;3.01;1107;13;1748.00;3
4040;10;4926416;4040;377;5150;5153;6.72;0.41;287.57;3.01;1110;13;1749.00;3
4042;10;4926432;4042;376;5151;5154;6.76;0.41;287.71;3.01;1109;13;1750.00;3
4045;10;4926448;4045;373;5151;5154;6.80;0.41;287.80;3.01;1106;13;1751.00;3
4046;10;4926463;4046;367;5156;5158;6.84;0.42;287.82;3.02;1110;13;1752.00;2
4048;10;4926477;4048;371;5157;5158;6.86;0.42;288.05;3.02;1109;13;1753.00;1
4049;10;4926490;4049;359;5158;5158;6.87;0.42;288.05;3.02;1109;13;1754.00;0
4055;10;4926510;4055;356;5160;5160;6.80;0.41;288.04;3.02;1105;13;1755.00;0
4057;10;4926524;4057;358;5160;5160;6.78;0.41;288.07;3.02;1103;13;1756.00;0
4064;10;4926541;4064;350;5166;5166;6.81;0.41;288.14;3.01;1102;13;1757.00;0
4069;10;4926560;4069;346;5166;5166;6.78;0.41;288.30;3.01;1097;13;1758.00;0
4073;10;4926578;4073;345;5166;5167;6.77;0.41;288.48;3.01;1093;13;1759.00;1
4075;10;4926596;4075;345;5166;5167;6.77;0.41;288.64;3.01;1091;13;1760.00;1
4078;10;4926622;4078;344;5167;5167;6.72;0.41;288.70;3.01;1089;13;1761.00;0
4081;10;4926641;4081;342;5167;5167;6.75;0.41;288.82;3.01;1086;13;1762.00;0
4082;10;4926654;4082;353;5167;5167;6.77;0.41;288.92;3.01;1085;13;1763.00;0
4084;10;4926667;4084;357;5177;5179;6.84;0.42;288.99;3.01;1093;13;1764.00;2
4089;10;4926680;4089;355;5178;5179;6.84;0.42;289.35;3.01;1089;13;1765.00;1
4093;10;4926698;4093;357;5179;5179;6.80;0.41;289.59;3.01;1086;13;1766.00;0
4096;10;4926716;4096;353;5179;5179;6.76;0.41;289.73;3.01;1083;13;1767.00;0
4098;10;4926728;4098;347;5179;5179;6.75;0.41;289.83;3.01;1081;13;1768.00;0
4099;10;4926740;4099;347;5179;5179;6.74;0.41;289.87;3.01;1080;13;1769.00;0
4104;11;4926755;4104;349;5182;5183;6.68;0.41;289.93;3.01;1078;14;1770.00;1
4108;11;4926773;4108;347;5182;5183;6.67;0.41;290.10;3.01;1074;14;1771.00;1
4113;11;4926786;4113;352;5186;5187;6.65;0.40;290.35;3.01;1073;14;1772.00;1
4115;11;4926807;4115;347;5187;5188;6.68;0.41;290.43;3.00;1072;14;1773.00;1
4117;11;4926822;4117;345;5187;5188;6.69;0.41;290.51;3.00;1070;14;1774.00;1
4122;11;4926835;4122;339;5187;5188;6.69;0.41;290.74;3.00;1065;14;1775.00;1
4124;11;4926847;4124;343;5198;5201;6.76;0.41;290.81;3.00;1074;14;1776.00;3
4127;11;4926860;4127;332;5198;5201;6.76;0.41;290.82;3.00;1071;14;1777.00;3
4132;11;4926872;4132;335;5198;5201;6.71;0.41;290.87;3.00;1066;14;1778.00;3
4135;11;4926884;4135;333;5199;5202;6.66;0.41;290.90;3.00;1064;14;1779.00;3
4137;11;4926896;4137;337;5199;5203;6.61;0.40;290.91;3.00;1062;14;1780.00;4
4140;11;4926908;4140;337;5200;5203;6.59;0.40;291.00;3.00;1060;14;1781.00;3
4144;11;4926920;4144;344;5203;5206;6.59;0.40;291.17;3.00;1059;14;1782.00;3
4146;11;4926932;4146;351;5205;5206;6.51;0.40;291.15;3.00;1059;14;1783.00;1
4148;11;4926948;4148;352;5205;5206;6.48;0.39;291.20;3.00;1057;14;1784.00;1
4152;11;4926960;4152;358;5206;5206;6.44;0.39;291.34;3.00;1054;14;1785.00;0
4153;11;4926971;4153;368;5211;5212;6.48;0.39;291.31;3.00;1058;14;1786.00;1
4156;11;4926984;4156;370;5211;5212;6.38;0.39;291.34;3.00;1055;14;1787.00;1
4157;11;4926995;4157;369;5212;5212;6.32;0.39;291.39;3.00;1055;14;1788.00;0
4160;11;4927007;4160;379;5212;5212;6.26;0.38;291.34;3.00;1052;14;1789.00;0
4164;11;4927019;4164;385;5216;5216;6.17;0.38;291.34;3.00;1052;14;1790.00;0
4164;11;4927031;4164;391;5217;5217;6.19;0.38;291.34;3.00;1053;14;1791.00;0
4167;11;4927043;4167;393;5217;5217;6.17;0.38;291.35;3.00;1050;14;1792.00;0
4169;11;4927054;4169;404;5218;5218;6.13;0.37;291.27;3.00;1049;14;1793.00;0
4169;11;4927065;4169;404;5218;5218;6.11;0.37;291.27;3.00;1049;14;1794.00;0
4170;11;4927079;4170;405;5218;5218;6.05;0.37;291.34;3.00;1048;14;1795.00;0
4172;11;4927091;4172;414;5218;5218;6.01;0.37;291.24;3.00;1046;14;1796.00;0
4174;11;4927110;4174;419;5218;5218;5.91;0.36;291.25;3.00;1044;14;1797.00;0
4174;11;4927120;4174;419;5218;5218;5.90;0.36;291.25;3.00;1044;14;1798.00;0
4176;11;4927131;4176;416;5218;5218;5.88;0.36;291.22;3.00;1042;14;1799.00;0
4179;11;4927143;4179;426;5286;5356;6.12;0.38;291.29;2.96;1107;14;1800.00;70
4181;11;4927169;4181;420;5292;5357;6.05;0.38;291.19;2.95;1111;14;1801.00;65
4185;11;4927181;4185;410;5308;5357;6.09;0.38;291.39;2.95;1123;14;1802.00;49
4187;11;4927192;4187;412;5311;5357;6.08;0.38;291.32;2.95;1124;14;1803.00;46
4191;11;4927203;4191;407;5318;5357;6.09;0.38;291.34;2.95;1127;14;1804.00;39
4193;11;4927214;4193;403;5323;5357;6.11;0.38;291.24;2.96;1130;14;1805.00;34
4194;11;4927225;4194;406;5331;5357;6.14;0.38;291.20;2.96;1137;14;1806.00;26
4195;11;4927237;4195;409;5336;5357;6.11;0.38;291.15;2.96;1141;14;1807.00;21
4198;11;4927248;4198;412;5340;5358;6.02;0.37;291.10;2.97;1142;14;1808.00;18
4200;11;4927260;4200;418;5344;5359;5.95;0.37;291.19;2.97;1144;14;1809.00;15
4203;11;4927271;4203;413;5347;5359;5.86;0.36;291.17;2.98;1144;14;1810.00;12
4209;11;4927282;4209;422;5352;5363;5.71;0.35;290.95;2.97;1143;14;1811.00;11
4215;11;4927293;4215;423;5354;5363;5.53;0.34;290.93;2.98;1139;14;1812.00;9
4217;11;4927304;4217;425;5354;5363;5.37;0.33;290.92;2.98;1137;14;1813.00;9
4219;12;4927315;4219;434;5355;5363;5.24;0.32;290.94;2.98;1136;15;1814.00;8
4224;12;4927336;4224;434;5360;5369;5.18;0.32;290.88;2.98;1136;15;1815.00;9
4227;12;4927347;4227;430;5360;5369;5.12;0.31;290.84;2.98;1133;15;1816.00;9
4229;12;4927363;4229;427;5360;5369;5.06;0.31;290.87;2.98;1131;15;1817.00;9
4232;12;4927375;4232;435;5362;5372;4.99;0.30;290.91;2.98;1130;15;1818.00;10
4232;12;4927387;4232;433;5363;5372;4.92;0.30;290.91;2.98;1131;15;1819.00;9
4235;12;4927397;4235;441;5363;5372;4.86;0.30;291.02;2.98;1128;15;1820.00;9
4237;12;4927408;4237;451;5364;5373;4.81;0.29;291.00;2.98;1127;15;1821.00;9
4240;12;4927420;4240;453;5366;5374;4.81;0.29;291.01;2.98;1126;15;1822.00;8
4245;12;4927431;4245;461;5368;5374;4.74;0.29;290.90;2.98;1123;15;1823.00;6
4248;12;4927442;4248;455;5380;5387;4.68;0.29;290.87;2.98;1132;15;1824.00;7
4250;12;4927461;4250;455;5380;5387;4.62;0.28;290.84;2.98;1130;15;1825.00;7
4253;12;4927478;4253;454;5380;5387;4.58;0.28;290.77;2.98;1127;15;1826.00;7
4254;12;4927501;4254;461;5381;5388;4.58;0.28;290.79;2.98;1127;15;1827.00;7
4257;12;4927524;4257;460;5381;5388;4.56;0.28;290.75;2.98;1124;15;1828.00;7
4258;12;4927543;4258;461;5384;5392;4.63;0.29;290.74;2.97;1126;16;1829.00;8
4260;12;4927569;4260;470;5384;5392;4.65;0.29;290.74;2.97;1124;16;1830.00;8
4261;12;4927580;4261;462;5388;5396;4.70;0.29;290.73;2.97;1127;16;1831.00;8
4265;12;4927592;4265;453;5388;5396;4.74;0.29;290.68;2.97;1123;16;1832.00;8
4269;12;4927603;4269;451;5388;5396;4.76;0.29;290.46;2.97;1119;16;1833.00;8
4273;12;4927615;4273;455;5388;5396;4.80;0.30;290.52;2.97;1115;16;1834.00;8
4274;12;4927626;4274;451;5388;5396;4.90;0.30;290.57;2.97;1114;17;1835.00;8
4277;12;4927646;4277;444;5398;5408;5.03;0.31;290.53;2.97;1121;17;1836.00;10
4280;12;4927658;4280;431;5399;5408;5.12;0.32;290.56;2.97;1119;17;1837.00;9
4285;12;4927681;4285;430;5400;5408;5.19;0.32;290.48;2.97;1115;17;1838.00;8
4287;12;4927695;4287;422;5400;5408;5.31;0.33;290.53;2.97;1113;17;1839.00;8
4289;12;4927707;4289;423;5400;5408;5.40;0.33;290.54;2.97;1111;17;1840.00;8
4291;12;4927718;4291;416;5400;5408;5.46;0.34;290.63;2.97;1109;17;1841.00;8
4294;12;4927730;4294;413;5401;5409;5.50;0.34;290.68;2.97;1107;17;1842.00;8
4297;12;4927742;4297;411;5402;5409;5.59;0.35;290.77;2.97;1105;17;1843.00;7
4301;12;4927754;4301;410;5407;5415;5.61;0.35;290.82;2.97;1106;17;1844.00;8
4305;13;4927782;4305;413;5410;5417;5.61;0.35;290.85;2.98;1105;18;1845.00;7
4307;13;4927815;4307;411;5410;5417;5.68;0.35;290.90;2.98;1103;18;1846.00;7
4311;13;4927830;4311;409;5410;5417;5.64;0.35;290.80;2.98;1099;18;1847.00;7
4314;13;4927854;4314;421;5414;5421;5.70;0.35;290.94;2.97;1100;18;1848.00;7
4316;13;4927866;4316;423;5415;5421;5.73;0.35;291.01;2.98;1099;18;1849.00;6
4320;13;4927878;4320;424;5415;5421;5.77;0.36;291.03;2.98;1095;18;1850.00;6
4323;13;4927890;4323;421;5416;5422;5.80;0.36;291.11;2.97;1093;18;1851.00;6
4329;13;4927903;4329;420;5421;5426;5.84;0.36;291.02;2.98;1092;18;1852.00;5
4335;13;4927916;4335;420;5422;5426;5.84;0.36;291.13;2.98;1087;18;1853.00;4
4343;13;4927927;4343;420;5424;5429;5.80;0.36;290.95;2.98;1081;18;1854.00;5
4351;13;4927940;4351;425;5424;5429;5.70;0.35;290.91;2.98;1073;18;1855.00;5
4358;13;4927952;4358;427;5426;5429;5.63;0.34;290.92;2.99;1068;18;1856.00;3
4361;13;4927964;4361;430;5426;5429;5.61;0.34;290.94;2.99;1065;18;1857.00;3
4367;13;4927976;4367;435;5430;5433;5.53;0.34;291.10;2.99;1063;18;1858.00;3
4369;13;4927987;4369;446;5430;5433;5.54;0.34;291.09;2.99;1061;18;1859.00;3
4376;13;4927999;4376;448;5431;5433;5.45;0.33;291.15;3.00;1055;18;1860.00;2
4377;13;4928011;4377;453;5431;5433;5.48;0.34;291.19;3.00;1054;18;1861.00;2
4381;13;4928022;4381;442;5432;5434;5.42;0.33;291.42;3.00;1051;18;1862.00;2
4381;13;4928034;4381;441;5433;5435;5.43;0.33;291.42;3.00;1052;18;1863.00;2
4383;13;4928045;4383;438;5433;5435;5.39;0.33;291.53;3.00;1050;18;1864.00;2
4385;13;4928056;4385;440;5434;5436;5.41;0.33;291.61;3.00;1049;18;1865.00;2
4388;13;4928068;4388;444;5434;5436;5.36;0.33;291.57;3.00;1046;18;1866.00;2
4392;13;4928079;4392;442;5434;5436;5.35;0.33;291.67;3.00;1042;18;1867.00;2
4396;13;4928091;4396;447;5434;5436;5.33;0.32;291.93;3.00;1038;18;1868.00;2
4397;13;4928103;4397;451;5434;5436;5.34;0.32;291.96;3.00;1037;18;1869.00;2
4399;13;4928114;4399;449;5434;5436;5.33;0.32;292.06;3.00;1035;18;1870.00;2
4399;13;4928126;4399;437;5434;5436;5.40;0.33;292.06;3.00;1035;18;1871.00;2
4399;13;4928136;4399;448;5509;5563;5.70;0.35;292.06;2.96;1110;18;1872.00;54
4401;13;4928160;4401;426;5511;5564;5.81;0.36;292.14;2.96;1110;18;1873.00;53
4402;13;4928172;4402;415;5517;5564;5.97;0.37;292.15;2.96;1115;18;1874.00;47
4405;13;4928184;4405;402;5519;5564;6.04;0.37;292.41;2.96;1114;18;1875.00;45
4408;13;4928196;4408;402;5522;5564;6.12;0.38;292.38;2.96;1114;18;1876.00;42
4411;13;4928209;4411;400;5524;5564;6.15;0.38;292.54;2.96;1113;18;1877.00;40
4415;13;4928222;4415;405;5525;5564;6.07;0.37;292.69;2.96;1110;18;1878.00;39
4416;13;4928241;4416;408;5528;5564;6.13;0.37;292.76;2.96;1112;18;1879.00;36
4417;13;4928253;4417;411;5531;5565;6.08;0.37;292.79;2.96;1114;18;1880.00;34
4419;13;4928266;4419;419;5536;5566;5.99;0.37;292.90;2.97;1117;18;1881.00;30
4420;13;4928279;4420;414;5541;5568;5.89;0.36;292.92;2.97;1121;18;1882.00;27
4423;13;4928291;4423;425;5544;5569;5.77;0.35;293.17;2.98;1121;18;1883.00;25
4425;13;4928303;4425;429;5546;5569;5.66;0.35;293.19;2.98;1121;18;1884.00;23
4426;13;4928315;4426;438;5546;5569;5.61;0.34;293.32;2.98;1120;18;1885.00;23
4430;13;4928330;4430;428;5551;5569;5.60;0.34;293.54;2.99;1121;18;1886.00;18
4431;13;4928347;4431;432;5553;5573;5.62;0.34;293.51;2.99;1122;18;1887.00;20
4435;13;4928374;4435;436;5556;5573;5.63;0.35;293.50;3.00;1121;18;1888.00;17
4436;13;4928396;4436;437;5558;5573;5.70;0.35;293.50;3.00;1122;18;1889.00;15
4441;13;4928418;4441;436;5562;5579;5.71;0.35;293.56;3.00;1121;18;1890.00;17
4443;13;4928431;4443;436;5565;5579;5.75;0.35;293.72;3.02;1122;18;1891.00;14
4448;13;4928443;4448;435;5565;5579;5.72;0.35;293.87;3.02;1117;18;1892.00;14
4450;14;4928456;4450;443;5569;5583;5.75;0.35;293.84;3.02;1119;19;1893.00;14
4451;14;4928479;4451;448;5571;5584;5.82;0.36;293.91;3.02;1120;19;1894.00;13
4455;14;4928491;4455;446;5573;5584;5.80;0.35;294.07;3.02;1118;19;1895.00;11
4458;14;4928504;4458;447;5576;5588;5.81;0.35;294.18;3.02;1118;19;1896.00;12
4459;14;4928527;4459;447;5577;5588;5.84;0.36;294.16;3.02;1118;19;1897.00;11
4461;14;4928540;4461;451;5577;5588;5.83;0.36;294.19;3.02;1116;19;1898.00;11
4461;14;4928553;4461;451;5578;5589;5.84;0.36;294.19;3.02;1117;19;1899.00;11
4464;14;4928567;4464;457;5578;5589;5.78;0.35;294.16;3.02;1114;19;1900.00;11
4468;14;4928591;4468;462;5583;5595;5.78;0.35;294.25;3.02;1115;19;1901.00;12
4468;14;4928610;4468;462;5583;5595;5.83;0.36;294.25;3.02;1115;19;1902.00;12
4470;14;4928635;4470;464;5583;5596;5.86;0.36;294.34;3.02;1113;19;1903.00;13
4470;14;4928654;4470;463;5583;5596;5.86;0.36;294.34;3.02;1113;19;1904.00;13
4470;14;4928674;4470;457;5583;5596;5.84;0.36;294.34;3.02;1113;19;1905.00;13
4471;14;4928687;4471;453;5583;5596;5.78;0.35;294.32;3.02;1112;19;1906.00;13
4472;14;4928700;4472;452;5583;5596;5.73;0.35;294.30;3.02;1111;19;1907.00;13
4474;14;4928712;4474;447;5593;5608;5.75;0.35;294.36;3.02;1119;19;1908.00;15
4475;14;4928726;4475;441;5593;5608;5.76;0.35;294.38;3.02;1118;19;1909.00;15
4476;14;4928739;4476;438;5595;5608;5.82;0.35;294.40;3.02;1119;19;1910.00;13
4476;14;4928751;4476;437;5595;5608;5.88;0.36;294.40;3.02;1119;19;1911.00;13
4477;14;4928763;4477;426;5595;5608;5.90;0.36;294.44;3.02;1118;19;1912.00;13
4479;14;4928774;4479;419;5596;5608;5.91;0.36;294.49;3.03;1117;19;1913.00;12
4483;14;4928786;4483;423;5599;5612;5.91;0.36;294.67;3.03;1116;19;1914.00;13
4485;14;4928801;4485;420;5599;5612;5.91;0.36;294.75;3.03;1114;19;1915.00;13
4486;14;4928816;4486;421;5603;5616;5.90;0.36;294.78;3.02;1117;19;1916.00;13
4488;14;4928832;4488;416;5603;5617;5.93;0.36;294.81;3.02;1115;19;1917.00;14
4490;14;4928845;4490;409;5604;5617;5.93;0.36;294.89;3.02;1114;19;1918.00;13
4493;14;4928858;4493;404;5604;5617;5.89;0.36;294.99;3.02;1111;19;1919.00;13
4495;14;4928871;4495;408;5627;5646;5.92;0.36;295.08;3.02;1132;19;1920.00;19
4496;14;4928885;4496;397;5627;5646;5.94;0.36;295.12;3.02;1131;19;1921.00;19
4500;14;4928897;4500;394;5628;5646;5.96;0.36;295.14;3.02;1128;19;1922.00;18
4503;14;4928910;4503;393;5630;5647;6.03;0.37;295.18;3.02;1127;19;1923.00;17
4506;14;4928921;4506;390;5630;5648;6.05;0.37;295.12;3.02;1124;19;1924.00;18
4510;14;4928933;4510;381;5630;5648;6.01;0.37;295.10;3.02;1120;19;1925.00;18
4513;14;4928946;4513;377;5632;5651;6.01;0.37;295.06;3.02;1119;19;1926.00;19
4519;14;4928957;4519;375;5634;5651;5.97;0.36;295.39;3.02;1115;19;1927.00;17
4522;14;4928969;4522;373;5634;5651;5.92;0.36;295.52;3.02;1112;19;1928.00;17
4525;14;4928980;4525;373;5634;5651;5.86;0.36;295.58;3.02;1109;19;1929.00;17
4528;14;4928991;4528;374;5639;5657;5.84;0.35;295.56;3.02;1111;19;1930.00;18
4529;14;4929003;4529;382;5639;5657;5.79;0.35;295.64;3.02;1110;19;1931.00;18
4531;14;4929015;4531;376;5639;5657;5.68;0.34;295.69;3.02;1108;19;1932.00;18
4535;14;4929026;4535;381;5639;5657;5.61;0.34;295.97;3.02;1104;19;1933.00;18
4538;14;4929037;4538;374;5642;5661;5.58;0.34;296.09;3.02;1104;19;1934.00;19
4540;14;4929049;4540;374;5644;5663;5.56;0.34;296.16;3.02;1104;19;1935.00;19
4540;14;4929061;4540;380;5644;5663;5.53;0.34;296.16;3.02;1104;19;1936.00;19
4541;14;4929072;4541;379;5645;5664;5.54;0.34;296.14;3.01;1104;19;1937.00;19
4543;14;4929083;4543;383;5645;5664;5.53;0.34;296.34;3.01;1102;19;1938.00;19
4545;14;4929095;4545;383;5645;5664;5.54;0.34;296.36;3.01;1100;19;1939.00;19
4546;14;4929105;4546;389;5645;5664;5.56;0.34;296.41;3.01;1099;19;1940.00;19
4551;14;4929117;4551;388;5645;5664;5.52;0.34;296.40;3.01;1094;19;1941.00;19
4554;14;4929129;4554;386;5645;5664;5.48;0.33;296.36;3.01;1091;19;1942.00;19
4558;14;4929140;4558;391;5646;5664;5.40;0.33;296.39;3.03;1088;19;1943.00;18
4558;14;4929151;4558;395;5682;5734;5.61;0.34;296.39;3.02;1124;19;1944.00;52
4559;14;4929167;4559;393;5684;5735;5.57;0.34;296.35;3.02;1125;19;1945.00;51
4560;14;4929178;4560;392;5693;5735;5.53;0.34;296.35;3.02;1133;19;1946.00;42
4562;14;4929189;4562;388;5696;5735;5.50;0.34;296.25;3.03;1134;19;1947.00;39
4563;14;4929204;4563;391;5698;5735;5.46;0.33;296.21;3.03;1135;19;1948.00;37
4564;14;4929215;4564;398;5700;5735;5.45;0.33;296.17;3.04;1136;19;1949.00;35
4566;14;4929230;4566;407;5705;5737;5.40;0.33;296.10;3.04;1139;19;1950.00;32
4567;14;4929242;4567;401;5710;5737;5.40;0.33;296.07;3.06;1143;19;1951.00;27
4569;14;4929253;4569;404;5714;5738;5.37;0.33;295.99;3.07;1145;19;1952.00;24
4571;14;4929264;4571;402;5717;5739;5.33;0.33;295.87;3.08;1146;19;1953.00;22
4571;14;4929276;4571;406;5720;5739;5.33;0.33;295.87;3.09;1149;19;1954.00;19
4572;14;4929288;4572;411;5724;5743;5.28;0.32;295.84;3.09;1152;19;1955.00;19
4574;14;4929299;4574;421;5727;5743;5.25;0.32;295.89;3.10;1153;19;1956.00;16
4578;14;4929311;4578;429;5727;5743;5.21;0.32;295.84;3.10;1149;19;1957.00;16
4579;14;4929323;4579;436;5727;5743;5.11;0.31;295.84;3.10;1148;19;1958.00;16
4580;14;4929335;4580;432;5734;5749;5.12;0.31;295.85;3.12;1154;19;1959.00;15
4582;14;4929347;4582;443;5734;5749;5.08;0.31;295.80;3.12;1152;19;1960.00;15
4585;14;4929359;4585;447;5734;5749;4.98;0.30;295.67;3.12;1149;19;1961.00;15
4587;14;4929371;4587;459;5738;5752;4.88;0.30;295.63;3.13;1151;19;1962.00;14
4587;14;4929382;4587;470;5738;5752;4.78;0.29;295.63;3.13;1151;19;1963.00;14
4591;14;4929393;4591;469;5739;5752;4.71;0.29;295.63;3.13;1148;19;1964.00;13
4592;14;4929403;4592;469;5741;5753;4.64;0.28;295.59;3.14;1149;19;1965.00;12
4592;14;4929414;4592;457;5742;5754;4.63;0.28;295.59;3.14;1150;19;1966.00;12
4593;14;4929429;4593;462;5744;5754;4.60;0.28;295.55;3.15;1151;19;1967.00;10
4595;14;4929449;4595;469;5755;5767;4.60;0.28;295.51;3.15;1160;19;1968.00;12
4596;14;4929470;4596;471;5755;5767;4.61;0.28;295.49;3.15;1159;19;1969.00;12
4601;14;4929481;4601;471;5757;5767;4.57;0.28;295.43;3.15;1156;19;1970.00;10
4601;14;4929496;4601;475;5758;5768;4.59;0.28;295.43;3.15;1157;19;1971.00;10
4603;14;4929513;4603;478;5759;5768;4.54;0.28;295.33;3.15;1156;19;1972.00;9
4603;14;4929526;4603;488;5763;5772;4.53;0.28;295.33;3.15;1160;19;1973.00;9
4604;14;4929538;4604;480;5764;5772;4.49;0.27;295.28;3.16;1160;19;1974.00;8
4607;14;4929549;4607;484;5767;5776;4.42;0.27;295.23;3.16;1160;19;1975.00;9
4607;14;4929560;4607;485;5769;5776;4.35;0.27;295.23;3.16;1162;19;1976.00;7
4609;14;4929571;4609;479;5769;5776;4.27;0.26;295.33;3.16;1160;19;1977.00;7
4611;14;4929581;4611;463;5769;5776;4.22;0.26;295.42;3.16;1158;19;1978.00;7
4618;14;4929591;4618;458;5769;5776;4.10;0.25;295.31;3.16;1151;19;1979.00;7
4623;14;4929603;4623;443;5795;5810;4.26;0.26;295.22;3.15;1172;19;1980.00;15
4625;14;4929617;4625;434;5795;5810;4.29;0.26;295.32;3.15;1170;19;1981.00;15
4626;14;4929627;4626;429;5797;5810;4.32;0.27;295.32;3.15;1171;19;1982.00;13
4630;14;4929638;4630;426;5797;5810;4.36;0.27;295.43;3.15;1167;19;1983.00;13
4632;14;4929649;4632;421;5798;5810;4.42;0.27;295.45;3.15;1166;19;1984.00;12
4633;14;4929670;4633;425;5798;5810;4.46;0.27;295.51;3.15;1165;19;1985.00;12
4634;14;4929682;4634;431;5798;5811;4.52;0.28;295.56;3.15;1164;19;1986.00;13
4638;14;4929695;4638;427;5798;5811;4.59;0.28;295.61;3.15;1160;19;1987.00;13
4639;14;4929706;4639;424;5803;5817;4.67;0.29;295.66;3.14;1164;19;1988.00;14
4640;14;4929724;4640;422;5804;5818;4.77;0.29;295.69;3.14;1164;19;1989.00;14
4643;14;4929735;4643;416;5804;5818;4.82;0.29;295.74;3.14;1161;19;1990.00;14
4644;14;4929747;4644;405;5804;5818;4.84;0.30;295.75;3.14;1160;19;1991.00;14
4645;14;4929758;4645;406;5807;5822;4.90;0.30;295.80;3.14;1162;19;1992.00;15
4648;14;4929776;4648;407;5807;5822;4.91;0.30;295.80;3.14;1159;19;1993.00;15
4651;14;4929788;4651;404;5807;5822;4.96;0.30;295.80;3.14;1156;19;1994.00;15
4653;14;4929804;4653;400;5808;5823;5.04;0.31;295.84;3.14;1155;19;1995.00;15
4658;14;4929821;4658;398;5811;5827;5.12;0.31;295.80;3.14;1153;19;1996.00;16
4661;14;4929839;4661;397;5811;5827;5.18;0.32;295.76;3.14;1150;19;1997.00;16
4665;14;4929855;4665;395;5813;5830;5.28;0.32;295.70;3.14;1148;19;1998.00;17
4670;14;4929868;4670;391;5813;5830;5.27;0.32;295.74;3.14;1143;19;1999.00;17
4674;14;4929882;4674;387;5814;5830;5.35;0.33;295.85;3.14;1140;19;2000.00;16
4677;14;4929898;4677;392;5814;5830;5.41;0.33;295.79;3.14;1137;19;2001.00;16
4680;14;4929910;4680;390;5818;5834;5.49;0.33;295.91;3.14;1138;19;2002.00;16
4685;14;4929923;4685;387;5818;5834;5.55;0.34;296.06;3.14;1133;19;2003.00;16
4693;14;4929935;4693;389;5818;5834;5.55;0.34;295.82;3.14;1125;19;2004.00;16
4696;14;4929947;4696;390;5818;5834;5.56;0.34;295.91;3.14;1122;19;2005.00;16
4700;14;4929959;4700;387;5818;5835;5.54;0.34;296.00;3.14;1118;19;2006.00;17
4703;14;4929977;4703;385;5819;5836;5.62;0.34;296.26;3.14;1116;19;2007.00;17
4706;14;4929990;4706;387;5819;5836;5.68;0.35;296.41;3.14;1113;19;2008.00;17
4710;14;4930002;4710;383;5820;5837;5.69;0.35;296.52;3.14;1110;19;2009.00;17
4716;14;4930021;4716;385;5820;5837;5.64;0.34;296.66;3.14;1104;19;2010.00;17
4718;14;4930034;4718;386;5820;5837;5.70;0.35;296.66;3.14;1102;19;2011.00;17
4719;14;4930046;4719;389;5820;5837;5.74;0.35;296.69;3.14;1101;19;2012.00;17
4723;14;4930058;4723;384;5820;5837;5.75;0.35;296.68;3.14;1097;19;2013.00;17
4727;14;4930070;4727;384;5820;5837;5.76;0.35;296.72;3.14;1093;19;2014.00;17
4731;14;4930082;4731;385;5820;5837;5.77;0.35;296.83;3.14;1089;19;2015.00;17
4734;14;4930094;4734;405;5893;5964;5.98;0.37;296.81;3.10;1159;19;2016.00;71
4736;14;4930116;4736;402;5896;5965;6.09;0.37;296.85;3.10;1160;19;2017.00;69
4739;14;4930134;4739;399;5900;5965;6.12;0.38;296.88;3.10;1161;19;2018.00;65
4740;14;4930147;4740;396;5903;5965;6.12;0.38;296.90;3.10;1163;19;2019.00;62
4741;14;4930160;4741;393;5906;5965;6.12;0.38;296.92;3.10;1165;19;2020.00;59
4744;14;4930172;4744;392;5909;5965;6.08;0.37;296.96;3.10;1165;19;2021.00;56
4747;14;4930185;4747;394;5910;5965;6.04;0.37;297.03;3.10;1163;19;2022.00;55
4749;14;4930198;4749;408;5915;5965;6.01;0.37;297.15;3.10;1166;19;2023.00;50
4752;14;4930211;4752;412;5918;5966;5.91;0.36;297.14;3.11;1166;19;2024.00;48
4756;14;4930224;4756;416;5919;5968;5.85;0.36;297.21;3.10;1163;19;2025.00;49
4757;14;4930236;4757;431;5922;5968;5.78;0.35;297.23;3.11;1165;19;2026.00;46
4759;14;4930251;4759;430;5922;5969;5.70;0.35;297.29;3.11;1163;19;2027.00;47
4762;14;4930264;4762;432;5925;5969;5.62;0.34;297.47;3.11;1163;19;2028.00;44
4764;14;4930277;4764;433;5925;5969;5.64;0.35;297.52;3.11;1161;19;2029.00;44
4765;14;4930291;4765;443;5927;5969;5.65;0.35;297.60;3.12;1162;19;2030.00;42
4766;14;4930305;4766;446;5933;5973;5.69;0.35;297.63;3.12;1167;19;2031.00;40
4767;14;4930319;4767;453;5934;5973;5.72;0.35;297.77;3.13;1167;19;2032.00;39
4770;14;4930332;4770;464;5934;5973;5.70;0.35;297.74;3.13;1164;19;2033.00;39
4773;14;4930344;4773;465;5937;5976;5.73;0.35;297.97;3.13;1164;19;2034.00;39
4777;14;4930359;4777;466;5937;5976;5.72;0.35;297.96;3.13;1160;19;2035.00;39
4778;14;4930372;4778;455;5939;5976;5.75;0.35;298.04;3.14;1161;19;2036.00;37
4784;14;4930385;4784;453;5943;5980;5.74;0.35;298.35;3.14;1159;19;2037.00;37
4786;14;4930399;4786;445;5944;5981;5.77;0.35;298.38;3.14;1158;19;2038.00;37
4788;14;4930413;4788;446;5946;5981;5.83;0.35;298.45;3.15;1158;19;2039.00;35
4790;14;4930428;4790;446;5949;5986;5.88;0.36;298.57;3.15;1159;19;2040.00;37
4793;14;4930443;4793;448;5951;5986;5.90;0.36;298.64;3.15;1158;19;2041.00;35
4794;14;4930456;4794;444;5951;5986;5.91;0.36;298.73;3.15;1157;19;2042.00;35
4795;14;4930470;4795;446;5955;5987;5.87;0.36;298.79;3.15;1160;19;2043.00;32
4797;14;4930483;4797;445;5955;5987;5.87;0.36;298.90;3.15;1158;19;2044.00;32
4799;14;4930495;4799;444;5959;5993;5.84;0.36;298.90;3.15;1160;19;2045.00;34
4799;14;4930510;4799;444;5960;5993;5.87;0.36;298.90;3.15;1161;19;2046.00;33
4800;14;4930522;4800;438;5960;5994;5.86;0.36;298.96;3.15;1160;19;2047.00;34
4802;14;4930534;4802;431;5961;5994;5.88;0.36;299.08;3.15;1159;19;2048.00;33
4805;14;4930547;4805;428;5961;5994;5.87;0.36;299.33;3.15;1156;19;2049.00;33
4808;14;4930560;4808;430;5962;5994;5.85;0.36;299.38;3.15;1154;19;2050.00;32
4810;14;4930573;4810;428;5963;5994;5.87;0.36;299.43;3.17;1153;19;2051.00;31
4812;14;4930586;4812;429;5971;6006;5.85;0.36;299.43;3.17;1159;19;2052.00;35
4814;14;4930599;4814;428;5973;6006;5.82;0.35;299.53;3.17;1159;19;2053.00;33
4816;14;4930612;4816;429;5974;6006;5.81;0.35;299.64;3.17;1158;19;2054.00;32
4818;14;4930624;4818;428;5974;6006;5.80;0.35;299.73;3.17;1156;19;2055.00;32
4822;14;4930637;4822;419;5974;6006;5.82;0.35;299.97;3.17;1152;19;2056.00;32
4825;14;4930649;4825;421;5974;6006;5.83;0.36;299.95;3.17;1149;19;2057.00;32
4827;14;4930662;4827;419;5977;6010;5.82;0.35;299.97;3.17;1150;19;2058.00;33
4830;14;4930674;4830;426;5977;6010;5.79;0.35;300.05;3.17;1147;19;2059.00;33
4837;14;4930687;4837;423;5981;6014;5.80;0.35;300.34;3.17;1144;19;2060.00;33
4839;14;4930701;4839;423;5982;6015;5.82;0.35;300.41;3.17;1143;19;2061.00;33
4840;14;4930713;4840;419;5982;6015;5.84;0.35;300.43;3.17;1142;19;2062.00;33
4845;14;4930725;4845;426;5982;6015;5.84;0.35;300.49;3.17;1137;19;2063.00;33
4849;14;4930737;4849;429;5993;6028;5.87;0.36;300.62;3.16;1144;19;2064.00;35
4849;14;4930756;4849;434;5994;6028;5.82;0.35;300.62;3.18;1145;19;2065.00;34
4852;14;4930768;4852;431;5994;6028;5.77;0.35;300.73;3.18;1142;19;2066.00;34
4855;14;4930780;4855;435;5995;6029;5.76;0.35;300.85;3.18;1140;19;2067.00;34
4856;14;4930793;4856;431;5995;6030;5.72;0.35;300.84;3.18;1139;19;2068.00;35
4858;14;4930805;4858;426;5995;6030;5.67;0.35;300.91;3.18;1137;19;2069.00;35
4864;14;4930818;4864;422;5999;6036;5.62;0.34;300.99;3.18;1135;19;2070.00;37
4868;14;4930835;4868;417;5999;6036;5.56;0.34;300.99;3.18;1131;19;2071.00;37
4872;14;4930848;4872;411;6001;6036;5.52;0.34;301.05;3.18;1129;19;2072.00;35
4872;14;4930860;4872;411;6001;6036;5.51;0.33;301.05;3.18;1129;19;2073.00;35
4875;14;4930872;4875;407;6006;6042;5.43;0.33;301.02;3.18;1131;19;2074.00;36
4878;14;4930885;4878;397;6006;6042;5.39;0.33;301.18;3.18;1128;19;2075.00;36
4880;14;4930896;4880;395;6006;6042;5.39;0.33;301.18;3.18;1126;19;2076.00;36
4881;14;4930908;4881;394;6006;6042;5.39;0.33;301.24;3.18;1125;19;2077.00;36
4883;14;4930919;4883;390;6009;6046;5.39;0.33;301.30;3.18;1126;19;2078.00;37
4887;14;4930932;4887;391;6010;6047;5.41;0.33;301.43;3.18;1123;19;2079.00;37
4889;14;4930944;4889;386;6010;6047;5.42;0.33;301.47;3.18;1121;19;2080.00;37
4889;14;4930956;4889;390;6011;6048;5.45;0.33;301.47;3.18;1122;19;2081.00;37
4893;14;4930967;4893;387;6011;6048;5.43;0.33;301.54;3.18;1118;19;2082.00;37
4895;14;4930980;4895;388;6012;6048;5.36;0.33;301.49;3.22;1117;19;2083.00;36
4897;14;4930994;4897;392;6012;6048;5.31;0.32;301.64;3.22;1115;19;2084.00;36
4899;14;4931009;4899;400;6015;6048;5.26;0.32;301.64;3.28;1116;19;2085.00;33
4904;14;4931023;4904;397;6015;6048;5.23;0.32;301.73;3.28;1111;19;2086.00;33
4905;14;4931035;4905;404;6015;6048;5.19;0.32;301.68;3.28;1110;19;2087.00;33
4907;14;4931046;4907;407;6048;6118;5.38;0.33;301.69;3.27;1141;19;2088.00;70
4909;14;4931064;4909;407;6051;6119;5.32;0.33;301.67;3.26;1142;19;2089.00;68
4912;14;4931077;4912;410;6059;6119;5.35;0.33;301.62;3.28;1147;19;2090.00;60
4913;14;4931094;4913;410;6064;6119;5.32;0.33;301.66;3.28;1151;19;2091.00;55
4916;14;4931107;4916;412;6067;6119;5.28;0.32;301.61;3.28;1151;19;2092.00;52
4916;14;4931119;4916;405;6072;6119;5.31;0.32;301.61;3.28;1156;19;2093.00;47
4921;14;4931131;4921;402;6075;6119;5.27;0.32;301.47;3.28;1154;19;2094.00;44
4921;14;4931142;4921;407;6078;6119;5.27;0.32;301.47;3.29;1157;19;2095.00;41
4921;15;4931153;4921;408;6080;6120;5.27;0.32;301.47;3.29;1159;20;2096.00;40
4923;15;4931176;4923;407;6081;6121;5.25;0.32;301.36;3.29;1158;20;2097.00;40
4924;15;4931187;4924;415;6082;6121;5.23;0.32;301.35;3.29;1158;20;2098.00;39
4926;15;4931199;4926;406;6086;6125;5.25;0.32;301.40;3.29;1160;20;2099.00;39
4927;15;4931213;4927;413;6091;6140;5.22;0.32;301.34;3.29;1164;20;2100.00;49
4929;15;4931231;4929;413;6091;6140;5.20;0.32;301.35;3.29;1162;20;2101.00;49
4932;15;4931244;4932;412;6091;6140;5.13;0.31;301.25;3.29;1159;20;2102.00;49
4937;15;4931256;4937;411;6095;6146;5.12;0.31;301.30;3.28;1158;20;2103.00;51
4938;16;4931268;4938;416;6095;6146;5.11;0.31;301.24;3.28;1157;21;2104.00;51
4941;16;4931286;4941;417;6095;6146;5.08;0.31;301.30;3.28;1154;21;2105.00;51
4945;16;4931298;4945;423;6099;6149;5.02;0.31;301.36;3.28;1154;21;2106.00;50
4948;16;4931314;4948;428;6099;6149;4.99;0.30;301.31;3.28;1151;21;2107.00;50
4948;16;4931325;4948;436;6100;6149;4.97;0.30;301.31;3.28;1152;21;2108.00;49
4950;16;4931336;4950;445;6100;6150;4.95;0.30;301.28;3.28;1150;21;2109.00;50
4950;16;4931349;4950;449;6102;6151;4.92;0.30;301.28;3.31;1152;21;2110.00;49
4951;16;4931360;4951;451;6104;6151;4.87;0.30;301.27;3.31;1153;21;2111.00;47
4955;16;4931371;4955;457;6114;6164;4.84;0.30;301.15;3.30;1159;21;2112.00;50
4955;16;4931383;4955;456;6115;6164;4.79;0.29;301.15;3.32;1160;21;2113.00;49
4955;16;4931405;4955;468;6115;6164;4.77;0.29;301.15;3.32;1160;21;2114.00;49
4957;16;4931416;4957;473;6117;6166;4.70;0.29;301.14;3.32;1160;21;2115.00;49
4958;16;4931427;4958;473;6118;6166;4.62;0.28;301.08;3.34;1160;21;2116.00;48
4958;16;4931439;4958;484;6123;6170;4.62;0.28;301.08;3.35;1165;21;2117.00;47
4959;16;4931456;4959;478;6124;6170;4.55;0.28;301.02;3.37;1165;21;2118.00;46
4961;16;4931467;4961;484;6127;6174;4.49;0.28;300.98;3.37;1166;21;2119.00;47
4961;16;4931479;4961;494;6127;6174;4.46;0.27;300.98;3.37;1166;21;2120.00;47
4962;16;4931490;4962;498;6128;6174;4.40;0.27;300.95;3.39;1166;21;2121.00;46
4964;16;4931502;4964;500;6128;6174;4.34;0.27;300.86;3.39;1164;21;2122.00;46
4964;16;4931516;4964;508;6131;6174;4.29;0.26;300.86;3.42;1167;21;2123.00;43
4967;16;4931531;4967;506;6139;6186;4.30;0.26;300.84;3.41;1172;21;2124.00;47
4970;16;4931544;4970;494;6142;6186;4.25;0.26;300.80;3.46;1172;21;2125.00;44
4972;16;4931555;4972;489;6145;6186;4.25;0.26;300.90;3.46;1173;21;2126.00;41
4976;16;4931566;4976;486;6145;6186;4.25;0.26;300.88;3.46;1169;21;2127.00;41
4979;16;4931577;4979;486;6147;6186;4.23;0.26;300.82;3.50;1168;21;2128.00;39
4981;16;4931588;4981;477;6147;6186;4.25;0.26;300.85;3.50;1166;21;2129.00;39
4982;16;4931601;4982;474;6149;6187;4.25;0.26;300.82;3.53;1167;21;2130.00;38
4983;16;4931612;4983;470;6149;6187;4.26;0.26;300.79;3.53;1166;21;2131.00;38
4984;16;4931628;4984;463;6154;6193;4.31;0.26;300.81;3.53;1170;21;2132.00;39
4986;16;4931644;4986;456;6157;6194;4.32;0.26;300.80;3.57;1171;21;2133.00;37
4988;16;4931657;4988;450;6157;6194;4.29;0.26;300.71;3.57;1169;21;2134.00;37
4990;16;4931669;4990;452;6157;6194;4.31;0.26;300.75;3.57;1167;21;2135.00;37
4990;16;4931681;4990;452;6161;6198;4.35;0.26;300.75;3.60;1171;21;2136.00;37
4992;16;4931693;4992;447;6162;6198;4.37;0.26;300.67;3.60;1170;21;2137.00;36
4995;16;4931705;4995;452;6162;6198;4.36;0.26;300.74;3.60;1167;21;2138.00;36
4995;16;4931716;4995;454;6165;6199;4.40;0.27;300.74;3.64;1170;21;2139.00;34
4996;16;4931732;4996;453;6168;6203;4.47;0.27;300.70;3.64;1172;21;2140.00;35
4996;16;4931744;4996;456;6170;6203;4.49;0.27;300.70;3.67;1174;21;2141.00;33
4999;16;4931756;4999;458;6172;6206;4.42;0.27;300.68;3.67;1173;21;2142.00;34
4999;16;4931768;4999;461;6172;6206;4.40;0.27;300.68;3.67;1173;21;2143.00;34
4999;16;4931778;4999;464;6175;6206;4.38;0.26;300.68;3.70;1176;21;2144.00;31
5000;16;4931789;5000;458;6175;6206;4.38;0.26;300.73;3.70;1175;21;2145.00;31
5001;16;4931800;5001;441;6179;6210;4.43;0.27;300.73;3.70;1178;21;2146.00;31
5006;16;4931812;5006;440;6179;6210;4.46;0.27;300.81;3.70;1173;21;2147.00;31
5009;16;4931824;5009;439;6179;6210;4.49;0.27;300.82;3.70;1170;21;2148.00;31
5012;16;4931836;5012;430;6179;6210;4.55;0.28;300.85;3.70;1167;21;2149.00;31
5013;16;4931849;5013;432;6179;6211;4.61;0.28;300.90;3.70;1166;21;2150.00;32
5015;16;4931865;5015;425;6180;6212;4.69;0.28;300.92;3.70;1165;21;2151.00;32
5018;16;4931884;5018;417;6180;6212;4.73;0.29;300.95;3.70;1162;21;2152.00;32
5022;16;4931896;5022;410;6181;6213;4.77;0.29;301.08;3.70;1159;21;2153.00;32
5025;16;4931908;5025;400;6181;6213;4.83;0.29;301.17;3.70;1156;21;2154.00;32
5026;16;4931919;5026;392;6181;6213;4.90;0.30;301.22;3.70;1155;21;2155.00;32
5028;16;4931930;5028;385;6181;6213;4.93;0.30;301.34;3.70;1153;21;2156.00;32
5031;16;4931943;5031;382;6181;6213;4.97;0.30;301.31;3.70;1150;21;2157.00;32
5034;16;4931957;5034;378;6181;6213;5.02;0.30;301.53;3.70;1147;21;2158.00;32
5038;16;4931973;5038;379;6181;6213;5.02;0.30;301.67;3.70;1143;21;2159.00;32
5042;16;4931992;5042;394;6279;6443;5.42;0.34;301.88;3.64;1237;21;2160.00;164
5046;16;4932023;5046;397;6287;6444;5.48;0.34;301.85;3.64;1241;21;2161.00;157
5047;16;4932043;5047;395;6297;6444;5.59;0.35;301.82;3.63;1250;21;2162.00;147
5051;16;4932060;5051;386;6305;6444;5.64;0.35;301.95;3.63;1254;21;2163.00;139
5056;16;4932074;5056;385;6313;6444;5.67;0.35;302.12;3.63;1257;21;2164.00;131
5061;16;4932087;5061;386;6321;6444;5.66;0.35;302.22;3.64;1260;21;2165.00;123
5065;16;4932101;5065;392;6326;6444;5.64;0.35;302.41;3.64;1261;21;2166.00;118
5066;16;4932115;5066;389;6333;6444;5.65;0.35;302.38;3.65;1267;21;2167.00;111
5069;16;4932129;5069;391;6337;6445;5.66;0.35;302.64;3.66;1268;21;2168.00;108
5073;16;4932144;5073;402;6339;6446;5.65;0.35;302.88;3.66;1266;21;2169.00;107
5075;16;4932161;5075;409;6344;6446;5.64;0.35;303.04;3.66;1269;21;2170.00;102
5078;16;4932177;5078;414;6347;6447;5.62;0.35;303.20;3.67;1269;21;2171.00;100
5083;16;4932193;5083;420;6348;6447;5.64;0.35;303.54;3.67;1265;21;2172.00;99
5085;16;4932210;5085;426;6348;6447;5.64;0.35;303.55;3.67;1263;21;2173.00;99
5088;16;4932227;5088;433;6349;6447;5.56;0.34;303.77;3.67;1261;21;2174.00;98
5092;16;4932244;5092;449;6353;6451;5.48;0.34;304.04;3.67;1261;21;2175.00;98
5093;16;4932261;5093;450;6355;6451;5.46;0.34;304.07;3.68;1262;21;2176.00;96
5097;16;4932276;5097;460;6355;6451;5.44;0.33;304.21;3.68;1258;21;2177.00;96
5100;16;4932291;5100;467;6357;6454;5.41;0.33;304.30;3.68;1257;21;2178.00;97
5103;16;4932306;5103;468;6358;6454;5.39;0.33;304.41;3.68;1255;21;2179.00;96
5108;16;4932322;5108;467;6359;6454;5.39;0.33;304.68;3.69;1251;21;2180.00;95
5111;16;4932344;5111;472;6364;6458;5.38;0.33;304.75;3.69;1253;21;2181.00;94
5114;16;4932366;5114;473;6365;6459;5.29;0.32;304.83;3.69;1251;21;2182.00;94
5115;16;4932383;5115;474;6365;6459;5.29;0.32;304.82;3.69;1250;21;2183.00;94
5118;16;4932398;5118;465;6367;6463;5.26;0.32;304.85;3.72;1249;21;2184.00;96
5120;16;4932414;5120;473;6367;6463;5.26;0.32;304.86;3.72;1247;21;2185.00;96
5124;16;4932429;5124;469;6367;6463;5.25;0.32;304.99;3.72;1243;21;2186.00;96
5128;16;4932445;5128;473;6368;6464;5.22;0.32;305.01;3.73;1240;21;2187.00;96
5130;16;4932463;5130;470;6369;6464;5.19;0.32;305.03;3.73;1239;21;2188.00;95
5134;16;4932480;5134;476;6372;6470;5.13;0.31;305.24;3.73;1238;21;2189.00;98
5138;16;4932502;5138;481;6372;6470;5.09;0.31;305.29;3.73;1234;21;2190.00;98
5142;16;4932521;5142;488;6375;6471;5.02;0.31;305.50;3.75;1233;21;2191.00;96
5146;16;4932539;5146;485;6375;6471;5.03;0.31;305.67;3.75;1229;21;2192.00;96
5149;16;4932556;5149;483;6378;6471;5.05;0.31;305.61;3.77;1229;21;2193.00;93
5154;16;4932574;5154;484;6380;6471;5.03;0.31;305.84;3.77;1226;21;2194.00;91
5156;16;4932594;5156;484;6381;6471;5.05;0.31;306.01;3.78;1225;21;2195.00;90
5163;16;4932612;5163;491;6388;6483;5.02;0.31;306.14;3.79;1225;21;2196.00;95
5168;16;4932631;5168;488;6391;6483;5.00;0.31;306.41;3.80;1223;21;2197.00;92
5172;16;4932651;5172;496;6392;6483;5.00;0.31;306.45;3.83;1220;21;2198.00;91
5180;16;4932670;5180;503;6395;6483;4.93;0.30;306.63;3.84;1215;21;2199.00;88
5184;17;4932688;5184;500;6397;6483;4.92;0.30;306.80;3.85;1213;22;2200.00;86
5191;17;4932724;5191;494;6399;6483;4.88;0.30;306.95;3.85;1208;22;2201.00;84
5194;17;4932737;5194;490;6405;6487;4.87;0.30;307.09;3.86;1211;22;2202.00;82
5198;17;4932751;5198;489;6407;6487;4.90;0.30;307.37;3.90;1209;22;2203.00;80
5199;17;4932766;5199;486;6411;6491;4.95;0.30;307.49;3.90;1212;22;2204.00;80
5202;17;4932779;5202;497;6414;6493;4.95;0.30;307.64;3.91;1212;22;2205.00;79
5203;17;4932794;5203;494;6418;6493;4.98;0.30;307.72;3.92;1215;22;2206.00;75
5208;17;4932808;5208;499;6419;6493;4.93;0.30;307.69;3.92;1211;22;2207.00;74
5211;17;4932824;5211;500;6426;6506;4.94;0.30;307.82;3.92;1215;22;2208.00;80
5213;17;4932846;5213;503;6426;6506;4.99;0.30;307.97;3.92;1213;22;2209.00;80
5216;17;4932860;5216;512;6429;6508;4.99;0.30;308.00;3.93;1213;22;2210.00;79
5217;17;4932875;5217;515;6430;6509;5.03;0.31;308.03;3.93;1213;22;2211.00;79
5218;17;4932890;5218;517;6430;6510;5.06;0.31;308.02;3.93;1212;22;2212.00;80
5222;17;4932904;5222;519;6430;6510;5.11;0.31;308.33;3.93;1208;22;2213.00;80
5225;17;4932919;5225;515;6432;6513;5.15;0.31;308.49;3.93;1207;22;2214.00;81
5226;17;4932933;5226;511;6435;6513;5.18;0.32;308.53;3.95;1209;22;2215.00;78
5229;17;4932946;5229;508;6437;6513;5.25;0.32;308.70;3.96;1208;22;2216.00;76
5230;17;4932959;5230;503;6438;6513;5.29;0.32;308.76;3.97;1208;22;2217.00;75
5232;17;4932973;5232;505;6443;6519;5.28;0.32;308.80;3.97;1211;22;2218.00;76
5234;17;4932988;5234;508;6444;6519;5.31;0.32;308.73;3.97;1210;22;2219.00;75
5238;17;4933003;5238;506;6446;6519;5.31;0.32;308.78;3.98;1208;22;2220.00;73
5241;17;4933016;5241;512;6447;6519;5.21;0.32;308.74;3.98;1206;22;2221.00;72
5243;17;4933035;5243;508;6451;6523;5.19;0.32;308.85;3.98;1208;22;2222.00;72
5246;17;4933049;5246;508;6454;6524;5.19;0.32;308.84;3.99;1208;22;2223.00;70
5248;17;4933062;5248;514;6454;6524;5.18;0.32;308.97;3.99;1206;22;2224.00;70
5249;17;4933075;5249;510;6457;6525;5.23;0.32;308.97;4.00;1208;22;2225.00;68
5252;17;4933088;5252;511;6457;6525;5.22;0.32;309.04;4.00;1205;22;2226.00;68
5255;17;4933101;5255;516;6458;6525;5.19;0.32;309.05;4.01;1203;22;2227.00;67
5256;17;4933114;5256;520;6459;6525;5.14;0.31;309.18;4.02;1203;22;2228.00;66
5260;17;4933126;5260;522;6459;6525;5.14;0.31;309.29;4.02;1199;22;2229.00;66
5262;17;4933139;5262;523;6459;6525;5.12;0.31;309.39;4.02;1197;22;2230.00;66
5264;17;4933150;5264;523;6460;6525;5.07;0.31;309.37;4.03;1196;22;2231.00;65
5265;17;4933163;5265;539;6490;6595;5.17;0.32;309.45;4.01;1225;22;2232.00;105
5266;17;4933181;5266;542;6492;6596;5.17;0.32;309.48;4.02;1226;22;2233.00;104
5269;17;4933192;5269;546;6499;6596;5.17;0.32;309.52;4.02;1230;22;2234.00;97
5272;17;4933207;5272;542;6503;6596;5.13;0.31;309.54;4.03;1231;22;2235.00;93
5272;17;4933219;5272;538;6505;6596;5.12;0.31;309.54;4.03;1233;22;2236.00;91
5274;17;4933231;5274;539;6507;6596;5.05;0.31;309.55;4.03;1233;22;2237.00;89
5275;17;4933244;5275;543;6510;6596;5.01;0.31;309.52;4.04;1235;22;2238.00;86
5277;17;4933256;5277;539;6511;6596;4.96;0.30;309.52;4.04;1234;22;2239.00;85
5281;17;4933268;5281;533;6513;6597;4.90;0.30;309.58;4.05;1232;22;2240.00;84
5285;17;4933281;5285;535;6514;6598;4.84;0.30;309.63;4.05;1229;22;2241.00;84
5287;17;4933293;5287;523;6519;6598;4.81;0.29;309.62;4.06;1232;22;2242.00;79
5289;17;4933305;5289;525;6525;6602;4.79;0.29;309.61;4.07;1236;22;2243.00;77
5290;17;4933317;5290;523;6526;6602;4.76;0.29;309.64;4.07;1236;22;2244.00;76
5292;17;4933329;5292;522;6528;6602;4.70;0.29;309.67;4.07;1236;22;2245.00;74
5297;17;4933341;5297;515;6529;6602;4.63;0.28;309.71;4.09;1232;22;2246.00;73
5297;17;4933355;5297;511;6533;6608;4.66;0.28;309.71;4.08;1236;22;2247.00;75
5298;17;4933367;5298;512;6534;6608;4.63;0.28;309.71;4.10;1236;22;2248.00;74
5298;17;4933379;5298;510;6534;6608;4.61;0.28;309.71;4.10;1236;22;2249.00;74
5301;17;4933393;5301;516;6540;6614;4.60;0.28;309.69;4.15;1239;22;2250.00;74
5303;17;4933406;5303;520;6541;6614;4.61;0.28;309.69;4.15;1238;22;2251.00;73
5305;17;4933419;5305;517;6543;6614;4.58;0.28;309.68;4.16;1238;22;2252.00;71
5307;17;4933430;5307;521;6543;6615;4.61;0.28;309.67;4.16;1236;22;2253.00;72
5308;17;4933442;5308;517;6544;6616;4.63;0.28;309.66;4.16;1236;22;2254.00;72
5309;17;4933454;5309;523;6544;6616;4.64;0.28;309.61;4.16;1235;22;2255.00;72
5314;17;4933465;5314;523;6552;6629;4.60;0.28;309.57;4.16;1238;22;2256.00;77
5315;17;4933479;5315;526;6554;6629;4.61;0.28;309.53;4.17;1239;22;2257.00;75
5317;17;4933491;5317;531;6554;6629;4.60;0.28;309.44;4.17;1237;22;2258.00;75
5320;17;4933502;5320;533;6555;6630;4.56;0.28;309.38;4.17;1235;22;2259.00;75
5323;17;4933514;5323;544;6557;6630;4.56;0.28;309.31;4.19;1234;22;2260.00;73
5327;17;4933526;5327;552;6561;6634;4.56;0.28;309.17;4.19;1234;22;2261.00;73
5328;17;4933539;5328;551;6562;6634;4.57;0.28;309.17;4.21;1234;22;2262.00;72
5332;17;4933551;5332;549;6565;6638;4.59;0.28;309.19;4.21;1233;22;2263.00;73
5334;17;4933563;5334;551;6567;6638;4.60;0.28;309.27;4.23;1233;22;2264.00;71
5335;17;4933575;5335;554;6568;6638;4.64;0.28;309.38;4.23;1233;22;2265.00;70
5337;17;4933586;5337;561;6571;6638;4.62;0.28;309.32;4.25;1234;22;2266.00;67
5340;17;4933598;5340;561;6571;6638;4.58;0.28;309.28;4.25;1231;22;2267.00;67
5341;17;4933611;5341;563;6584;6650;4.59;0.28;309.29;4.26;1243;22;2268.00;66
5343;17;4933627;5343;568;6585;6650;4.53;0.27;309.22;4.26;1242;22;2269.00;65
5343;17;4933643;5343;573;6586;6650;4.51;0.27;309.22;4.27;1243;22;2270.00;64
5343;17;4933659;5343;577;6586;6650;4.49;0.27;309.22;4.27;1243;22;2271.00;64
5343;17;4933674;5343;565;6587;6650;4.46;0.27;309.22;4.27;1244;22;2272.00;63
5343;17;4933690;5343;559;6587;6650;4.46;0.27;309.22;4.27;1244;22;2273.00;63
5345;17;4933706;5345;558;6588;6651;4.46;0.27;309.27;4.28;1243;22;2274.00;63
5346;17;4933722;5346;556;6589;6651;4.47;0.27;309.22;4.31;1243;22;2275.00;62
5348;17;4933738;5348;555;6595;6657;4.48;0.27;309.16;4.31;1247;22;2276.00;62
5349;17;4933762;5349;556;6595;6658;4.51;0.27;309.15;4.31;1246;22;2277.00;63
5349;17;4933779;5349;545;6598;6658;4.54;0.28;309.15;4.34;1249;22;2278.00;60
5350;17;4933803;5350;553;6598;6658;4.54;0.28;309.09;4.34;1248;22;2279.00;60
5351;17;4933822;5351;556;6603;6663;4.58;0.28;309.10;4.37;1252;22;2280.00;60
5352;17;4933837;5352;549;6603;6663;4.59;0.28;309.08;4.37;1251;22;2281.00;60
5352;17;4933856;5352;548;6605;6663;4.57;0.28;309.08;4.43;1253;22;2282.00;58
5353;17;4933870;5353;546;6606;6664;4.60;0.28;309.07;4.43;1253;22;2283.00;58
5355;17;4933888;5355;539;6609;6668;4.65;0.28;309.01;4.43;1254;23;2284.00;59
5357;17;4933911;5357;536;6609;6668;4.64;0.28;308.96;4.43;1252;23;2285.00;59
5359;17;4933926;5359;531;6613;6671;4.68;0.29;308.89;4.49;1254;23;2286.00;58
5361;17;4933941;5361;531;6613;6671;4.70;0.29;308.94;4.49;1252;23;2287.00;58
5363;17;4933956;5363;534;6616;6671;4.67;0.28;308.90;4.55;1253;23;2288.00;55
5363;17;4933972;5363;533;6617;6671;4.70;0.29;308.90;4.58;1254;23;2289.00;54
5364;17;4933986;5364;532;6621;6675;4.72;0.29;308.99;4.57;1257;24;2290.00;54
5365;17;4934007;5365;536;6621;6675;4.68;0.29;308.96;4.57;1256;24;2291.00;54
5367;17;4934021;5367;526;6624;6675;4.62;0.28;308.93;4.66;1257;24;2292.00;51
5368;17;4934033;5368;525;6624;6675;4.57;0.28;308.90;4.66;1256;24;2293.00;51
5369;17;4934046;5369;525;6624;6676;4.56;0.28;308.87;4.66;1255;24;2294.00;52
5370;17;4934058;5370;527;6626;6678;4.54;0.28;308.86;4.66;1256;24;2295.00;52
5374;17;4934071;5374;525;6626;6678;4.46;0.27;308.93;4.66;1252;24;2296.00;52
5376;17;4934083;5376;522;6627;6679;4.42;0.27;308.87;4.65;1251;24;2297.00;52
5380;17;4934095;5380;522;6633;6679;4.41;0.27;308.87;4.82;1253;24;2298.00;46
5380;17;4934107;5380;519;6633;6679;4.41;0.27;308.87;4.82;1253;24;2299.00;46
5382;17;4934120;5382;524;6635;6679;4.38;0.27;309.04;4.86;1253;24;2300.00;44
5385;17;4934137;5385;525;6635;6679;4.37;0.27;309.28;4.86;1250;24;2301.00;44
5387;17;4934150;5387;517;6636;6679;4.36;0.27;309.22;4.89;1249;24;2302.00;43
5390;17;4934161;5390;520;6637;6679;4.39;0.27;309.42;4.91;1247;24;2303.00;42
5393;17;4934173;5393;533;6710;6806;4.67;0.29;309.34;4.85;1317;24;2304.00;96
5394;17;4934195;5394;518;6714;6807;4.74;0.30;309.31;4.88;1320;24;2305.00;93
5397;17;4934208;5397;518;6723;6807;4.78;0.30;309.44;4.89;1326;24;2306.00;84
5399;17;4934221;5399;523;6726;6807;4.81;0.30;309.45;4.89;1327;24;2307.00;81
5403;17;4934233;5403;520;6732;6807;4.82;0.30;309.58;4.92;1329;24;2308.00;75
5406;17;4934246;5406;524;6734;6807;4.75;0.30;309.58;4.94;1328;24;2309.00;73
5408;17;4934260;5408;509;6736;6807;4.74;0.29;309.60;4.96;1328;24;2310.00;71
5414;17;4934274;5414;497;6736;6807;4.69;0.29;309.73;4.96;1322;24;2311.00;71
5416;17;4934287;5416;487;6741;6808;4.69;0.29;309.86;4.99;1325;24;2312.00;67
5417;17;4934300;5417;482;6741;6809;4.73;0.29;309.85;4.99;1324;24;2313.00;68
5421;17;4934313;5421;483;6744;6809;4.75;0.29;310.16;5.02;1323;24;2314.00;65
5424;17;4934327;5424;488;6747;6810;4.78;0.30;310.37;5.02;1323;24;2315.00;63
5426;17;4934340;5426;496;6748;6810;4.81;0.30;310.46;5.02;1322;24;2316.00;62
5433;17;4934355;5433;491;6749;6810;4.84;0.30;310.60;5.02;1316;24;2317.00;61
5438;17;4934369;5438;482;6750;6810;4.90;0.30;310.71;5.02;1312;24;2318.00;60
5440;17;4934383;5440;478;6753;6814;4.94;0.31;310.74;5.02;1313;24;2319.00;61
5444;17;4934396;5444;469;6754;6814;4.96;0.31;310.86;5.02;1310;24;2320.00;60
5450;17;4934411;5450;468;6754;6814;4.96;0.31;311.26;5.02;1304;24;2321.00;60
5453;17;4934425;5453;465;6755;6817;5.00;0.31;311.28;5.02;1302;24;2322.00;62
5458;17;4934439;5458;461;6756;6817;5.02;0.31;311.56;5.03;1298;24;2323.00;61
5464;17;4934459;5464;455;6757;6817;5.01;0.31;311.83;5.03;1293;24;2324.00;60
5468;17;4934472;5468;453;6761;6821;5.05;0.31;311.91;5.03;1293;24;2325.00;60
5471;17;4934486;5471;443;6761;6822;5.08;0.31;312.02;5.03;1290;24;2326.00;61
5475;17;4934500;5475;433;6761;6822;5.09;0.31;312.28;5.03;1286;24;2327.00;61
5483;17;4934514;5483;423;6763;6826;5.07;0.31;312.52;5.03;1280;24;2328.00;63
5488;17;4934528;5488;419;6763;6826;5.06;0.31;312.57;5.03;1275;24;2329.00;63
5492;17;4934542;5492;427;6765;6826;5.06;0.31;312.76;5.04;1273;24;2330.00;61
5495;17;4934556;5495;422;6765;6827;5.06;0.31;312.94;5.04;1270;24;2331.00;62
5501;17;4934575;5501;422;6765;6827;5.08;0.31;312.99;5.04;1264;24;2332.00;62
5507;17;4934589;5507;421;6768;6833;5.08;0.31;313.28;5.04;1261;24;2333.00;65
5510;18;4934604;5510;419;6769;6833;5.10;0.31;313.41;5.04;1259;25;2334.00;64
5515;18;4934632;5515;418;6770;6834;5.11;0.31;313.54;5.04;1255;25;2335.00;64
5516;18;4934647;5516;415;6770;6834;5.17;0.32;313.56;5.04;1254;25;2336.00;64
5518;18;4934660;5518;417;6770;6834;5.21;0.32;313.68;5.04;1252;25;2337.00;64
5525;18;4934674;5525;418;6771;6834;5.23;0.32;313.91;5.05;1246;25;2338.00;63
5530;18;4934688;5530;427;6771;6834;5.25;0.32;313.88;5.05;1241;25;2339.00;63
5531;18;4934704;5531;423;6797;6870;5.38;0.33;313.88;5.07;1266;25;2340.00;73
5536;18;4934720;5536;422;6797;6870;5.40;0.33;314.11;5.07;1261;25;2341.00;73
5540;18;4934734;5540;424;6799;6870;5.41;0.33;314.16;5.07;1259;25;2342.00;71
5544;18;4934748;5544;426;6801;6870;5.42;0.33;314.22;5.07;1257;25;2343.00;69
5549;18;4934763;5549;427;6802;6870;5.43;0.33;314.29;5.07;1253;25;2344.00;68
5555;18;4934776;5555;432;6804;6870;5.43;0.33;314.42;5.08;1249;25;2345.00;66
5560;18;4934790;5560;440;6808;6874;5.44;0.33;314.48;5.08;1248;25;2346.00;66
5563;18;4934804;5563;434;6809;6874;5.51;0.34;314.58;5.08;1246;25;2347.00;65
5565;18;4934818;5565;437;6811;6878;5.54;0.34;314.55;5.08;1246;25;2348.00;67
5567;18;4934832;5567;438;6814;6879;5.52;0.34;314.65;5.09;1247;25;2349.00;65
5572;18;4934846;5572;444;6816;6879;5.47;0.34;314.64;5.09;1244;25;2350.00;63
5576;18;4934861;5576;450;6816;6879;5.46;0.33;314.68;5.09;1240;25;2351.00;63
5580;18;4934875;5580;452;6826;6892;5.36;0.33;314.69;5.09;1246;25;2352.00;66
5585;18;4934890;5585;450;6828;6892;5.35;0.33;314.74;5.09;1243;25;2353.00;64
5587;18;4934904;5587;448;6829;6892;5.38;0.33;314.78;5.09;1242;25;2354.00;63
5591;18;4934917;5591;448;6830;6893;5.37;0.33;314.87;5.09;1239;25;2355.00;63
5591;18;4934931;5591;454;6834;6894;5.36;0.33;314.87;5.10;1243;25;2356.00;60
5598;18;4934944;5598;459;6834;6894;5.33;0.33;315.02;5.10;1236;25;2357.00;60
5601;18;4934958;5601;455;6836;6897;5.30;0.32;315.13;5.09;1235;25;2358.00;61
5606;18;4934972;5606;451;6837;6897;5.23;0.32;315.25;5.09;1231;25;2359.00;60
5610;18;4934987;5610;450;6838;6897;5.18;0.32;315.39;5.09;1228;25;2360.00;59
5615;18;4934999;5615;452;6839;6897;5.16;0.31;315.61;5.09;1224;25;2361.00;58
5618;18;4935012;5618;458;6844;6903;5.11;0.31;315.54;5.09;1226;25;2362.00;59
5621;18;4935026;5621;464;6845;6903;5.11;0.31;315.60;5.09;1224;25;2363.00;58
5623;18;4935039;5623;476;6846;6903;5.14;0.31;315.59;5.11;1223;25;2364.00;57
5626;18;4935052;5626;479;6846;6903;5.11;0.31;315.64;5.11;1220;25;2365.00;57
5630;18;4935066;5630;476;6849;6907;5.12;0.31;315.82;5.11;1219;25;2366.00;58
5633;18;4935079;5633;475;6850;6908;5.15;0.31;315.86;5.11;1217;25;2367.00;58
5635;18;4935093;5635;481;6850;6908;5.17;0.32;315.91;5.11;1215;25;2368.00;58
5640;18;4935105;5640;479;6851;6909;5.20;0.32;316.11;5.11;1211;25;2369.00;58
5642;18;4935120;5642;487;6851;6909;5.20;0.32;316.30;5.11;1209;25;2370.00;58
5643;18;4935134;5643;489;6852;6909;5.18;0.32;316.28;5.12;1209;25;2371.00;57
5645;18;4935147;5645;494;6852;6909;5.14;0.31;316.36;5.12;1207;25;2372.00;57
5647;18;4935160;5647;497;6852;6909;5.07;0.31;316.55;5.12;1205;25;2373.00;57
5650;18;4935174;5650;499;6852;6909;5.01;0.30;316.74;5.12;1202;25;2374.00;57
5651;18;4935187;5651;498;6852;6909;4.96;0.30;316.76;5.12;1201;25;2375.00;57
5654;18;4935199;5654;514;6891;6979;4.92;0.30;316.99;5.09;1237;25;2376.00;88
5657;18;4935218;5657;507;6892;6980;4.85;0.30;316.93;5.09;1235;25;2377.00;88
5661;18;4935231;5661;493;6897;6980;4.86;0.30;317.06;5.08;1236;25;2378.00;83
5662;18;4935245;5662;492;6900;6980;4.89;0.30;317.03;5.09;1238;25;2379.00;80
5666;18;4935259;5666;495;6903;6980;4.91;0.30;317.08;5.09;1237;25;2380.00;77
5669;18;4935272;5669;494;6903;6980;4.93;0.30;317.16;5.09;1234;25;2381.00;77
5671;18;4935291;5671;485;6905;6980;4.96;0.30;317.15;5.09;1234;25;2382.00;75
5675;18;4935304;5675;490;6907;6980;4.97;0.30;317.32;5.09;1232;25;2383.00;73
5678;18;4935318;5678;490;6908;6981;4.91;0.30;317.42;5.09;1230;25;2384.00;73
5680;18;4935330;5680;496;6913;6983;4.92;0.30;317.51;5.09;1233;25;2385.00;70
5681;18;4935344;5681;495;6914;6983;4.91;0.30;317.51;5.10;1233;25;2386.00;69
5685;18;4935358;5685;499;6919;6987;4.92;0.30;317.73;5.10;1234;26;2387.00;68
5686;18;4935382;5686;501;6920;6987;4.95;0.30;317.71;5.10;1234;26;2388.00;67
5688;18;4935395;5688;505;6921;6987;4.94;0.30;317.74;5.10;1233;26;2389.00;66
5690;18;4935408;5690;505;6923;6987;4.93;0.30;317.73;5.10;1233;26;2390.00;64
5691;18;4935421;5691;512;6929;6993;4.98;0.30;317.69;5.10;1238;26;2391.00;64
5694;18;4935435;5694;520;6930;6993;4.92;0.30;317.57;5.10;1236;26;2392.00;63
5696;18;4935447;5696;529;6930;6993;4.89;0.30;317.65;5.10;1234;26;2393.00;63
5697;18;4935460;5697;529;6932;6996;4.90;0.30;317.73;5.10;1235;26;2394.00;64
5700;18;4935473;5700;543;6932;6996;4.84;0.30;317.73;5.10;1232;26;2395.00;64
5702;18;4935487;5702;548;6933;6996;4.78;0.29;317.70;5.10;1231;26;2396.00;63
5706;18;4935499;5706;554;6933;6997;4.71;0.29;317.75;5.10;1227;26;2397.00;64
5706;18;4935513;5706;556;6934;6998;4.68;0.29;317.75;5.10;1228;26;2398.00;64
5710;18;4935525;5710;560;6934;6998;4.56;0.28;317.74;5.10;1224;26;2399.00;64
5712;18;4935540;5712;568;6959;7057;4.51;0.28;317.67;5.08;1247;26;2400.00;98
5713;18;4935562;5713;554;6959;7057;4.46;0.27;317.63;5.08;1246;26;2401.00;98
5714;18;4935574;5714;551;6962;7057;4.47;0.27;317.63;5.09;1248;26;2402.00;95
5717;18;4935587;5717;554;6963;7058;4.47;0.27;317.47;5.09;1246;26;2403.00;95
5719;18;4935599;5719;551;6966;7058;4.48;0.28;317.41;5.08;1247;26;2404.00;92
5720;18;4935611;5720;551;6970;7062;4.54;0.28;317.40;5.09;1250;26;2405.00;92
5722;18;4935624;5722;550;6971;7062;4.52;0.28;317.42;5.09;1249;26;2406.00;91
5725;18;4935636;5725;543;6974;7066;4.52;0.28;317.42;5.09;1249;26;2407.00;92
5727;18;4935649;5727;539;6976;7066;4.55;0.28;317.39;5.09;1249;26;2408.00;90
5730;18;4935661;5730;541;6977;7066;4.54;0.28;317.53;5.09;1247;26;2409.00;89
5732;18;4935674;5732;540;6977;7066;4.56;0.28;317.57;5.09;1245;26;2410.00;89
5734;18;4935686;5734;542;6978;7066;4.55;0.28;317.62;5.10;1244;26;2411.00;88
5736;18;4935698;5736;548;6987;7078;4.57;0.28;317.67;5.09;1251;26;2412.00;91
5740;18;4935711;5740;545;6988;7078;4.59;0.28;317.51;5.09;1248;26;2413.00;90
5742;18;4935723;5742;548;6988;7078;4.62;0.28;317.49;5.09;1246;26;2414.00;90
5743;18;4935735;5743;554;6990;7078;4.63;0.28;317.45;5.13;1247;26;2415.00;88
5747;18;4935749;5747;554;6990;7078;4.63;0.28;317.57;5.13;1243;26;2416.00;88
5750;18;4935766;5750;559;6992;7078;4.63;0.28;317.65;5.13;1242;26;2417.00;86
5756;18;4935779;5756;555;6992;7079;4.62;0.28;317.67;5.13;1236;26;2418.00;87
5761;18;4935791;5761;540;6992;7079;4.62;0.28;317.59;5.13;1231;26;2419.00;87
5761;18;4935804;5761;530;6996;7085;4.70;0.29;317.59;5.13;1235;26;2420.00;89
5763;18;4935816;5763;527;6998;7086;4.71;0.29;317.52;5.13;1235;26;2421.00;88
5764;18;4935828;5764;520;6999;7086;4.72;0.29;317.53;5.13;1235;26;2422.00;87
5765;18;4935841;5765;527;7002;7086;4.71;0.29;317.53;5.14;1237;26;2423.00;84
5767;18;4935854;5767;508;7004;7090;4.78;0.29;317.46;5.14;1237;26;2424.00;86
5771;18;4935866;5771;511;7004;7090;4.79;0.29;317.34;5.14;1233;26;2425.00;86
5772;18;4935890;5772;505;7007;7090;4.87;0.30;317.29;5.14;1235;26;2426.00;83
5772;18;4935903;5772;502;7008;7091;4.93;0.30;317.29;5.14;1236;26;2427.00;83
5773;18;4935916;5773;491;7012;7095;4.99;0.30;317.25;5.14;1239;26;2428.00;83
5775;18;4935934;5775;492;7012;7095;5.02;0.30;317.19;5.14;1237;26;2429.00;83
5775;18;4935955;5775;488;7018;7101;5.09;0.31;317.19;5.14;1243;26;2430.00;83
5776;18;4935968;5776;481;7019;7101;5.11;0.31;317.14;5.14;1243;26;2431.00;82
5778;18;4935981;5778;478;7019;7101;5.16;0.31;317.17;5.14;1241;26;2432.00;82
5779;18;4935994;5779;479;7020;7101;5.16;0.31;317.16;5.15;1241;26;2433.00;81
5780;18;4936010;5780;487;7024;7105;5.22;0.32;317.15;5.14;1244;26;2434.00;81
5780;18;4936026;5780;482;7024;7105;5.22;0.32;317.15;5.14;1244;26;2435.00;81
5780;18;4936039;5780;478;7026;7105;5.22;0.32;317.15;5.19;1246;26;2436.00;79
5780;18;4936051;5780;474;7026;7105;5.21;0.32;317.15;5.19;1246;26;2437.00;79
5782;18;4936064;5782;480;7026;7106;5.20;0.32;317.15;5.19;1244;26;2438.00;80
5784;18;4936084;5784;483;7029;7107;5.22;0.32;317.13;5.23;1245;26;2439.00;78
5786;19;4936097;5786;484;7029;7107;5.22;0.32;317.20;5.23;1243;27;2440.00;78
5787;19;4936125;5787;480;7031;7108;5.18;0.31;317.32;5.27;1244;27;2441.00;77
5788;19;4936138;5788;483;7032;7108;5.15;0.31;317.29;5.27;1244;27;2442.00;76
5790;19;4936151;5790;486;7032;7108;5.17;0.31;317.43;5.27;1242;27;2443.00;76
5792;19;4936164;5792;489;7033;7108;5.15;0.31;317.57;5.31;1241;27;2444.00;75
5795;19;4936176;5795;482;7036;7108;5.15;0.31;317.51;5.36;1241;27;2445.00;72
5797;19;4936190;5797;484;7037;7108;5.17;0.31;317.65;5.40;1240;27;2446.00;71
5799;19;4936203;5799;485;7037;7108;5.18;0.32;317.62;5.40;1238;27;2447.00;71
5800;19;4936215;5800;507;7101;7235;5.45;0.34;317.61;5.36;1301;27;2448.00;134
5802;19;4936236;5802;493;7106;7236;5.50;0.34;317.67;5.39;1304;27;2449.00;130
5805;19;4936251;5805;499;7113;7236;5.51;0.34;317.84;5.39;1308;27;2450.00;123
5808;19;4936264;5808;499;7119;7236;5.51;0.34;317.81;5.42;1311;27;2451.00;117
5810;19;4936277;5810;494;7124;7236;5.51;0.34;317.84;5.42;1314;27;2452.00;112
5810;19;4936292;5810;498;7128;7236;5.53;0.34;317.84;5.43;1318;28;2453.00;108
5814;19;4936310;5814;495;7132;7236;5.49;0.34;318.01;5.50;1318;28;2454.00;104
5817;19;4936328;5817;495;7135;7236;5.49;0.34;318.09;5.53;1318;28;2455.00;101
5820;19;4936347;5820;486;7137;7237;5.47;0.34;318.11;5.53;1317;28;2456.00;100
5823;19;4936361;5823;492;7143;7238;5.39;0.33;318.19;5.57;1320;28;2457.00;95
5826;19;4936374;5826;483;7144;7238;5.33;0.33;318.29;5.57;1318;28;2458.00;94
5830;19;4936388;5830;485;7147;7239;5.28;0.33;318.35;5.61;1317;28;2459.00;92
5833;19;4936409;5833;482;7152;7239;5.24;0.32;318.36;5.62;1319;28;2460.00;87
5835;19;4936428;5835;478;7152;7239;5.20;0.32;318.30;5.62;1317;28;2461.00;87
5837;19;4936442;5837;483;7155;7239;5.20;0.32;318.30;5.65;1318;28;2462.00;84
5840;19;4936456;5840;480;7161;7243;5.18;0.32;318.42;5.72;1321;28;2463.00;82
5842;19;4936470;5842;482;7164;7243;5.17;0.32;318.48;5.74;1322;28;2464.00;79
5844;19;4936483;5844;486;7167;7243;5.15;0.32;318.52;5.77;1323;29;2465.00;76
5846;19;4936502;5846;492;7169;7246;5.16;0.32;318.68;5.78;1323;29;2466.00;77
5848;19;4936515;5848;491;7172;7246;5.18;0.32;318.72;5.78;1324;29;2467.00;74
5852;19;4936528;5852;501;7176;7246;5.13;0.31;319.01;5.85;1324;29;2468.00;70
5855;19;4936541;5855;511;7180;7250;5.11;0.31;319.06;5.85;1325;29;2469.00;70
5858;19;4936555;5858;510;7183;7251;5.08;0.31;319.08;5.91;1325;29;2470.00;68
5861;19;4936570;5861;513;7184;7251;5.07;0.31;319.24;5.91;1323;29;2471.00;67
5866;19;4936582;5866;514;7188;7255;5.04;0.31;319.32;5.97;1322;29;2472.00;67
5869;19;4936596;5869;512;7188;7255;5.00;0.31;319.24;5.97;1319;29;2473.00;67
5873;19;4936609;5873;520;7188;7255;4.92;0.30;319.38;5.97;1315;29;2474.00;67
5877;19;4936621;5877;501;7192;7257;4.90;0.30;319.60;6.02;1315;29;2475.00;65
5882;20;4936636;5882;493;7192;7257;4.87;0.30;319.59;6.02;1310;30;2476.00;65
5883;20;4936660;5883;487;7198;7263;4.90;0.30;319.64;6.08;1315;30;2477.00;65
5889;20;4936674;5889;485;7198;7263;4.91;0.30;319.69;6.08;1309;30;2478.00;65
5894;20;4936687;5894;481;7198;7264;4.94;0.30;319.88;6.08;1304;30;2479.00;66
5898;20;4936700;5898;478;7198;7264;4.99;0.30;319.97;6.08;1300;30;2480.00;66
5903;20;4936715;5903;480;7198;7264;5.01;0.30;320.11;6.08;1295;30;2481.00;66
5906;20;4936729;5906;467;7198;7264;5.08;0.31;320.24;6.08;1292;30;2482.00;66
5911;20;4936746;5911;463;7199;7264;5.12;0.31;320.26;6.08;1288;30;2483.00;65
5916;20;4936760;5916;459;7206;7276;5.20;0.32;320.40;6.07;1290;30;2484.00;70
5921;20;4936775;5921;460;7206;7276;5.21;0.32;320.61;6.07;1285;30;2485.00;70
5925;20;4936790;5925;450;7207;7276;5.20;0.32;320.67;6.08;1282;30;2486.00;69
5928;20;4936804;5928;452;7207;7276;5.24;0.32;320.79;6.08;1279;30;2487.00;69
5933;20;4936818;5933;448;7207;7276;5.27;0.32;320.96;6.08;1274;30;2488.00;69
5938;20;4936831;5938;446;7208;7276;5.31;0.32;321.17;6.08;1270;30;2489.00;68
5943;20;4936847;5943;441;7212;7280;5.34;0.33;321.46;6.08;1269;30;2490.00;68
5947;20;4936862;5947;440;7212;7280;5.33;0.33;321.56;6.08;1265;30;2491.00;68
5951;20;4936876;5951;438;7215;7284;5.36;0.33;321.72;6.08;1264;30;2492.00;69
5956;20;4936889;5956;436;7217;7285;5.32;0.32;321.76;6.08;1261;30;2493.00;68
5958;20;4936903;5958;438;7219;7285;5.32;0.32;321.91;6.08;1261;30;2494.00;66
5962;20;4936921;5962;441;7219;7285;5.30;0.32;322.15;6.08;1257;30;2495.00;66
5965;20;4936935;5965;444;7228;7298;5.30;0.32;322.19;6.07;1263;30;2496.00;70
5969;20;4936950;5969;443;7229;7298;5.32;0.32;322.20;6.07;1260;30;2497.00;69
5972;20;4936963;5972;441;7230;7298;5.36;0.33;322.33;6.07;1258;30;2498.00;68
5974;20;4936977;5974;440;7231;7299;5.40;0.33;322.39;6.07;1257;30;2499.00;68
5977;20;4936991;5977;444;7232;7300;5.42;0.33;322.42;6.07;1255;30;2500.00;68
5981;20;4937011;5981;449;7232;7300;5.44;0.33;322.30;6.07;1251;30;2501.00;68
5986;20;4937025;5986;451;7234;7303;5.42;0.33;322.45;6.08;1248;30;2502.00;69
5988;20;4937039;5988;448;7235;7303;5.43;0.33;322.47;6.08;1247;30;2503.00;68
5992;20;4937052;5992;447;7235;7303;5.36;0.33;322.50;6.08;1243;30;2504.00;68
5996;20;4937066;5996;449;7235;7303;5.29;0.32;322.44;6.08;1239;30;2505.00;68
6001;20;4937080;6001;449;7239;7309;5.20;0.32;322.57;6.08;1238;30;2506.00;70
6005;20;4937094;6005;453;7239;7309;5.16;0.31;322.59;6.08;1234;30;2507.00;70
6006;20;4937108;6006;452;7239;7309;5.16;0.31;322.61;6.08;1233;30;2508.00;70
6008;20;4937122;6008;453;7239;7309;5.16;0.31;322.60;6.08;1231;30;2509.00;70
6012;20;4937135;6012;462;7242;7313;5.14;0.31;322.58;6.08;1230;30;2510.00;71
6015;20;4937154;6015;458;7242;7314;5.10;0.31;322.65;6.08;1227;30;2511.00;72
6019;20;4937168;6019;465;7243;7314;5.02;0.31;322.67;6.08;1224;30;2512.00;71
6023;20;4937181;6023;474;7244;7315;4.92;0.30;322.64;6.08;1221;30;2513.00;71
6025;20;4937194;6025;486;7245;7315;4.87;0.30;322.74;6.08;1220;30;2514.00;70
6026;20;4937207;6026;490;7245;7315;4.84;0.29;322.69;6.08;1219;30;2515.00;70
6031;20;4937219;6031;497;7245;7315;4.73;0.29;322.70;6.08;1214;30;2516.00;70
6033;20;4937232;6033;503;7246;7315;4.65;0.28;322.77;6.08;1213;30;2517.00;69
6037;20;4937244;6037;517;7246;7315;4.59;0.28;322.89;6.08;1209;30;2518.00;69
6039;20;4937256;6039;528;7247;7315;4.51;0.27;322.91;6.09;1208;30;2519.00;68
6040;20;4937270;6040;561;7314;7440;4.70;0.29;322.87;6.03;1274;30;2520.00;126
6042;20;4937292;6042;570;7317;7441;4.62;0.29;322.85;6.03;1275;30;2521.00;124
6043;20;4937305;6043;566;7323;7441;4.65;0.29;322.83;6.03;1280;30;2522.00;118
6047;20;4937317;6047;563;7326;7441;4.62;0.28;322.98;6.03;1279;30;2523.00;115
6048;20;4937330;6048;560;7330;7441;4.66;0.29;322.94;6.02;1282;30;2524.00;111
6051;20;4937344;6051;559;7331;7441;4.63;0.28;323.09;6.02;1280;30;2525.00;110
6054;20;4937356;6054;560;7336;7441;4.62;0.28;323.34;6.03;1282;30;2526.00;105
6056;20;4937369;6056;568;7337;7441;4.56;0.28;323.35;6.03;1281;30;2527.00;104
6061;20;4937383;6061;566;7341;7442;4.53;0.28;323.54;6.03;1280;30;2528.00;101
6066;20;4937398;6066;560;7344;7443;4.46;0.27;323.76;6.03;1278;30;2529.00;99
6068;20;4937411;6068;570;7345;7443;4.40;0.27;323.94;6.03;1277;30;2530.00;98
6068;20;4937430;6068;561;7350;7447;4.42;0.27;323.94;6.03;1282;30;2531.00;97
6073;20;4937444;6073;564;7353;7447;4.36;0.27;323.81;6.03;1280;30;2532.00;94
6075;20;4937463;6075;561;7355;7447;4.35;0.27;323.83;6.03;1280;30;2533.00;92
6075;20;4937476;6075;560;7356;7447;4.37;0.27;323.83;6.03;1281;30;2534.00;91
6077;20;4937489;6077;570;7361;7453;4.38;0.27;323.90;6.03;1284;30;2535.00;92
6079;20;4937503;6079;572;7361;7453;4.37;0.27;323.85;6.03;1282;30;2536.00;92
6080;20;4937522;6080;578;7364;7455;4.38;0.27;323.86;6.03;1284;30;2537.00;91
6083;20;4937536;6083;583;7365;7458;4.39;0.27;323.92;6.03;1282;30;2538.00;93
6084;20;4937549;6084;594;7367;7458;4.43;0.27;323.99;6.03;1283;30;2539.00;91
6085;20;4937563;6085;599;7367;7458;4.43;0.27;323.95;6.03;1282;30;2540.00;91
6087;20;4937576;6087;592;7368;7459;4.43;0.27;324.03;6.05;1281;30;2541.00;91
6090;20;4937590;6090;587;7370;7460;4.45;0.27;324.03;6.05;1280;30;2542.00;90
6093;20;4937604;6093;586;7370;7460;4.44;0.27;324.00;6.05;1277;30;2543.00;90
6095;20;4937618;6095;594;7381;7473;4.45;0.27;323.97;6.04;1286;30;2544.00;92
6097;20;4937637;6097;592;7381;7473;4.49;0.28;324.02;6.04;1284;30;2545.00;92
6097;20;4937651;6097;591;7381;7473;4.54;0.28;324.02;6.04;1284;30;2546.00;92
6099;20;4937663;6099;588;7383;7474;4.62;0.28;323.97;6.04;1284;30;2547.00;91
6101;20;4937676;6101;591;7383;7474;4.65;0.29;324.04;6.04;1282;30;2548.00;91
6105;20;4937689;6105;594;7387;7478;4.66;0.29;324.08;6.04;1282;30;2549.00;91
6107;20;4937706;6107;595;7389;7481;4.65;0.29;324.26;6.04;1282;30;2550.00;92
6108;20;4937719;6108;596;7393;7485;4.68;0.29;324.26;6.03;1285;30;2551.00;92
6109;20;4937733;6109;585;7393;7485;4.68;0.29;324.29;6.03;1284;30;2552.00;92
6110;20;4937746;6110;583;7393;7485;4.65;0.29;324.29;6.03;1283;30;2553.00;92
6114;20;4937760;6114;584;7393;7485;4.60;0.28;324.28;6.03;1279;30;2554.00;92
6115;20;4937772;6115;589;7393;7485;4.56;0.28;324.23;6.03;1278;30;2555.00;92
6115;20;4937785;6115;592;7403;7497;4.58;0.28;324.23;6.02;1288;30;2556.00;94
6121;20;4937798;6121;597;7404;7497;4.52;0.28;324.11;6.02;1283;30;2557.00;93
6125;20;4937812;6125;597;7404;7497;4.47;0.27;324.26;6.02;1279;30;2558.00;93
6127;20;4937825;6127;598;7404;7497;4.44;0.27;324.24;6.02;1277;30;2559.00;93
6127;20;4937838;6127;595;7405;7497;4.42;0.27;324.24;6.04;1278;30;2560.00;92
6128;20;4937851;6128;601;7405;7497;4.44;0.27;324.26;6.04;1277;30;2561.00;92
6128;20;4937864;6128;602;7405;7498;4.41;0.27;324.26;6.04;1277;30;2562.00;93
6129;20;4937876;6129;606;7405;7498;4.37;0.27;324.36;6.04;1276;30;2563.00;93
6131;20;4937889;6131;605;7410;7504;4.38;0.27;324.29;6.03;1279;30;2564.00;94
6133;20;4937901;6133;602;7412;7506;4.34;0.26;324.26;6.03;1279;30;2565.00;94
6136;20;4937916;6136;586;7412;7506;4.33;0.26;324.25;6.03;1276;30;2566.00;94
6136;20;4937929;6136;572;7412;7506;4.33;0.26;324.25;6.03;1276;30;2567.00;94
6138;20;4937941;6138;561;7415;7510;4.39;0.27;324.26;6.03;1277;30;2568.00;95
6139;20;4937955;6139;556;7415;7510;4.42;0.27;324.24;6.03;1276;30;2569.00;95
6140;20;4937967;6140;548;7415;7510;4.48;0.27;324.23;6.03;1275;30;2570.00;95
6142;20;4937980;6142;539;7416;7511;4.56;0.28;324.25;6.03;1274;30;2571.00;95
6144;20;4937993;6144;530;7419;7515;4.63;0.28;324.31;6.03;1275;30;2572.00;96
6147;20;4938012;6147;522;7419;7515;4.70;0.28;324.30;6.03;1272;30;2573.00;96
6148;20;4938026;6148;525;7421;7518;4.78;0.29;324.37;6.03;1273;30;2574.00;97
6150;20;4938039;6150;510;7421;7518;4.83;0.29;324.39;6.03;1271;30;2575.00;97
6152;20;4938058;6152;514;7422;7518;4.87;0.30;324.37;6.03;1270;30;2576.00;96
6154;20;4938072;6154;504;7422;7518;4.91;0.30;324.44;6.03;1268;30;2577.00;96
6154;20;4938084;6154;496;7426;7522;4.99;0.30;324.44;6.02;1272;30;2578.00;96
6157;20;4938097;6157;490;7426;7522;5.00;0.30;324.42;6.02;1269;30;2579.00;96
6159;20;4938112;6159;486;7428;7522;5.03;0.30;324.45;6.10;1269;30;2580.00;94
6160;20;4938127;6160;486;7428;7522;5.10;0.31;324.43;6.10;1268;30;2581.00;94
6163;20;4938140;6163;484;7428;7523;5.13;0.31;324.46;6.10;1265;30;2582.00;95
6165;20;4938153;6165;483;7429;7524;5.17;0.31;324.50;6.10;1264;30;2583.00;95
6165;20;4938167;6165;478;7429;7524;5.24;0.32;324.50;6.10;1264;30;2584.00;95
6168;20;4938180;6168;482;7430;7525;5.28;0.32;324.57;6.10;1262;30;2585.00;95
6171;20;4938194;6171;481;7430;7525;5.32;0.32;324.75;6.10;1259;30;2586.00;95
6171;20;4938207;6171;481;7430;7525;5.36;0.32;324.75;6.10;1259;30;2587.00;95
6173;20;4938220;6173;482;7430;7525;5.32;0.32;324.73;6.10;1257;30;2588.00;95
6173;20;4938232;6173;481;7430;7525;5.31;0.32;324.73;6.10;1257;30;2589.00;95
6176;20;4938245;6176;481;7430;7525;5.28;0.32;324.73;6.10;1254;30;2590.00;95
6177;20;4938259;6177;486;7430;7525;5.27;0.32;324.73;6.10;1253;30;2591.00;95
6178;20;4938272;6178;504;7498;7652;5.50;0.34;324.72;6.05;1320;30;2592.00;154
6182;20;4938295;6182;499;7501;7653;5.47;0.34;324.80;6.04;1319;30;2593.00;152
6184;20;4938308;6184;492;7510;7653;5.52;0.34;324.82;6.04;1326;30;2594.00;143
6186;20;4938322;6186;494;7514;7653;5.54;0.34;325.02;6.04;1328;30;2595.00;139
6188;20;4938336;6188;490;7519;7653;5.60;0.34;325.02;6.04;1331;30;2596.00;134
6191;20;4938350;6191;489;7521;7653;5.56;0.34;325.04;6.04;1330;30;2597.00;132
6193;20;4938364;6193;488;7524;7653;5.54;0.34;325.22;6.04;1331;30;2598.00;129
6194;20;4938378;6194;493;7526;7653;5.52;0.34;325.29;6.04;1332;30;2599.00;127
6197;20;4938397;6197;490;7528;7654;5.49;0.34;325.28;6.04;1331;30;2600.00;126
6198;20;4938415;6198;495;7532;7655;5.48;0.34;325.37;6.04;1334;30;2601.00;123
6200;20;4938429;6200;494;7535;7655;5.44;0.33;325.47;6.04;1335;30;2602.00;120
6201;20;4938443;6201;488;7536;7656;5.42;0.33;325.44;6.04;1335;30;2603.00;120
6203;20;4938457;6203;501;7538;7656;5.36;0.33;325.53;6.04;1335;30;2604.00;118
6204;20;4938471;6204;506;7543;7656;5.35;0.33;325.66;6.09;1339;30;2605.00;113
6206;20;4938486;6206;518;7544;7656;5.36;0.33;325.68;6.09;1338;30;2606.00;112
6208;20;4938499;6208;525;7548;7660;5.32;0.33;325.77;6.09;1340;30;2607.00;112
6211;20;4938514;6211;530;7551;7660;5.26;0.32;325.80;6.13;1340;30;2608.00;109
6211;20;4938528;6211;526;7552;7660;5.23;0.32;325.80;6.17;1341;30;2609.00;108
6214;20;4938543;6214;528;7557;7666;5.21;0.32;325.85;6.21;1343;30;2610.00;109
6215;20;4938557;6215;531;7559;7666;5.19;0.32;325.89;6.21;1344;30;2611.00;107
6216;20;4938573;6216;537;7561;7666;5.15;0.31;325.87;6.21;1345;30;2612.00;105
6219;20;4938586;6219;535;7566;7670;5.12;0.31;325.98;6.25;1347;30;2613.00;104
6223;20;4938600;6223;538;7568;7671;5.05;0.31;326.05;6.29;1345;30;2614.00;103
6226;20;4938619;6226;532;7569;7671;5.04;0.31;326.19;6.29;1343;30;2615.00;102
6230;20;4938634;6230;543;7573;7675;5.04;0.31;326.31;6.33;1343;30;2616.00;102
6232;20;4938648;6232;542;7573;7675;5.06;0.31;326.31;6.33;1341;30;2617.00;102
6234;20;4938662;6234;543;7574;7675;5.04;0.31;326.38;6.37;1340;30;2618.00;101
6237;20;4938675;6237;541;7576;7676;5.02;0.31;326.41;6.37;1339;30;2619.00;100
6239;20;4938690;6239;543;7576;7676;5.04;0.31;326.50;6.37;1337;30;2620.00;100
6241;20;4938703;6241;543;7583;7682;5.07;0.31;326.54;6.45;1342;30;2621.00;99
6245;20;4938717;6245;546;7583;7682;5.06;0.31;326.51;6.45;1338;30;2622.00;99
6248;20;4938731;6248;545;7583;7683;5.10;0.31;326.52;6.45;1335;30;2623.00;100
6249;20;4938745;6249;543;7585;7683;5.15;0.31;326.52;6.52;1336;30;2624.00;98
6253;20;4938758;6253;540;7586;7683;5.17;0.32;326.69;6.56;1333;30;2625.00;97
6254;20;4938771;6254;541;7587;7683;5.23;0.32;326.67;6.60;1333;30;2626.00;96
6258;20;4938785;6258;547;7587;7683;5.26;0.32;326.75;6.60;1329;30;2627.00;96
6263;20;4938799;6263;544;7595;7695;5.35;0.33;326.88;6.59;1332;30;2628.00;100
6263;20;4938814;6263;545;7599;7695;5.39;0.33;326.88;6.67;1336;30;2629.00;96
6266;20;4938827;6266;543;7600;7695;5.39;0.33;326.99;6.67;1334;30;2630.00;95
6270;20;4938841;6270;553;7602;7695;5.36;0.33;327.14;6.74;1332;30;2631.00;93
6272;20;4938855;6272;558;7602;7695;5.37;0.33;327.20;6.74;1330;30;2632.00;93
6276;20;4938868;6276;566;7604;7695;5.35;0.33;327.28;6.82;1328;30;2633.00;91
6281;20;4938882;6281;561;7607;7699;5.30;0.32;327.41;6.81;1326;31;2634.00;92
6286;20;4938904;6286;567;7607;7699;5.27;0.32;327.41;6.81;1321;31;2635.00;92
6288;20;4938918;6288;563;7613;7703;5.24;0.32;327.53;6.88;1325;31;2636.00;90
6291;20;4938932;6291;568;7614;7704;5.16;0.31;327.68;6.88;1323;31;2637.00;90
6297;20;4938945;6297;566;7614;7704;5.02;0.31;327.73;6.88;1317;31;2638.00;90
6302;20;4938958;6302;576;7616;7704;4.88;0.30;327.81;6.95;1314;31;2639.00;88
6307;20;4938973;6307;568;7638;7733;4.85;0.30;327.95;6.93;1331;31;2640.00;95
6308;20;4938989;6308;557;7640;7733;4.86;0.30;327.94;6.93;1332;31;2641.00;93
6312;20;4939004;6312;547;7641;7733;4.86;0.30;328.00;6.93;1329;31;2642.00;92
6316;20;4939019;6316;544;7644;7734;4.86;0.30;328.08;7.00;1328;31;2643.00;90
6318;20;4939033;6318;540;7644;7735;4.90;0.30;328.12;7.00;1326;31;2644.00;91
6322;20;4939046;6322;536;7644;7735;4.90;0.30;328.15;7.00;1322;31;2645.00;91
6324;20;4939060;6324;531;7647;7738;4.91;0.30;328.23;6.99;1323;31;2646.00;91
6328;20;4939073;6328;518;7647;7738;4.88;0.30;328.28;6.99;1319;31;2647.00;91
6332;20;4939087;6332;517;7647;7738;4.87;0.30;328.36;6.99;1315;31;2648.00;91
6335;20;4939101;6335;514;7647;7738;4.86;0.30;328.40;6.99;1312;31;2649.00;91
6340;20;4939114;6340;517;7652;7744;4.87;0.30;328.71;6.99;1312;32;2650.00;92
6344;20;4939137;6344;511;7652;7744;4.87;0.30;328.90;6.99;1308;32;2651.00;92
6347;20;4939150;6347;509;7652;7744;4.89;0.30;328.96;6.99;1305;32;2652.00;92
6351;20;4939164;6351;511;7652;7744;4.87;0.30;329.23;6.99;1301;32;2653.00;92
6353;20;4939178;6353;504;7655;7748;4.87;0.30;329.28;6.99;1302;32;2654.00;93
6358;20;4939192;6358;510;7657;7750;4.87;0.30;329.42;6.99;1299;32;2655.00;93
6361;20;4939206;6361;515;7657;7750;4.88;0.30;329.54;6.99;1296;32;2656.00;93
6365;20;4939219;6365;514;7658;7751;4.91;0.30;329.72;6.99;1293;32;2657.00;93
6369;20;4939233;6369;512;7658;7751;4.92;0.30;329.75;6.99;1289;32;2658.00;93
6371;20;4939247;6371;507;7658;7751;4.98;0.31;329.78;6.99;1287;32;2659.00;93
6379;20;4939259;6379;510;7658;7751;4.96;0.30;329.76;6.99;1279;32;2660.00;93
6384;20;4939273;6384;508;7658;7751;4.92;0.30;329.81;6.99;1274;32;2661.00;93
6386;20;4939286;6386;511;7658;7751;4.91;0.30;329.88;6.99;1272;32;2662.00;93
6389;20;4939299;6389;509;7658;7751;4.90;0.30;330.00;6.99;1269;32;2663.00;93
6394;20;4939311;6394;522;7695;7821;4.93;0.30;330.19;6.95;1301;32;2664.00;126
6400;20;4939330;6400;519;7697;7822;4.93;0.30;330.25;6.95;1297;32;2665.00;125
6405;20;4939344;6405;521;7701;7822;5.00;0.31;330.18;6.95;1296;32;2666.00;121
6407;20;4939358;6407;520;7704;7822;4.97;0.30;330.21;6.95;1297;32;2667.00;118
6414;20;4939370;6414;528;7704;7822;4.91;0.30;330.51;6.95;1290;32;2668.00;118
6415;20;4939384;6415;529;7707;7822;4.93;0.30;330.47;6.95;1292;32;2669.00;115
6419;20;4939398;6419;537;7708;7822;4.83;0.30;330.67;6.97;1289;32;2670.00;114
6423;20;4939412;6423;550;7710;7822;4.80;0.29;330.79;6.97;1287;32;2671.00;112
6429;20;4939425;6429;556;7712;7823;4.73;0.29;330.87;6.97;1283;32;2672.00;111
6433;20;4939438;6433;559;7714;7824;4.67;0.29;330.93;6.97;1281;32;2673.00;110
6437;20;4939453;6437;571;7716;7824;4.59;0.28;330.94;6.97;1279;32;2674.00;108
6443;20;4939467;6443;574;7721;7828;4.53;0.28;331.02;6.97;1278;32;2675.00;107
6450;20;4939480;6450;589;7721;7828;4.44;0.27;331.31;6.97;1271;32;2676.00;107
6456;20;4939492;6456;593;7721;7828;4.36;0.27;331.37;6.97;1265;32;2677.00;107
6458;20;4939504;6458;604;7722;7828;4.35;0.27;331.36;6.97;1264;32;2678.00;106
6460;20;4939517;6460;607;7727;7834;4.35;0.27;331.44;6.97;1267;32;2679.00;107
6463;20;4939530;6463;610;7727;7834;4.29;0.26;331.44;6.97;1264;32;2680.00;107
6466;20;4939548;6466;615;7729;7834;4.21;0.26;331.38;6.97;1263;32;2681.00;105
6468;20;4939560;6468;615;7730;7837;4.19;0.26;331.38;6.97;1262;32;2682.00;107
6468;20;4939572;6468;612;7732;7837;4.16;0.25;331.38;6.98;1264;32;2683.00;105
6471;20;4939586;6471;609;7732;7837;4.12;0.25;331.35;6.98;1261;32;2684.00;105
6473;20;4939598;6473;611;7733;7838;4.10;0.25;331.37;6.98;1260;32;2685.00;105
6477;20;4939610;6477;615;7735;7839;4.11;0.25;331.32;6.98;1258;32;2686.00;104
6480;20;4939622;6480;612;7736;7839;4.09;0.25;331.41;6.98;1256;32;2687.00;103
6483;20;4939635;6483;608;7746;7852;4.17;0.25;331.32;6.97;1263;32;2688.00;106
6491;20;4939649;6491;602;7748;7852;4.12;0.25;331.37;6.97;1257;32;2689.00;104
6492;20;4939662;6492;610;7748;7852;4.14;0.25;331.38;6.97;1256;32;2690.00;104
6493;20;4939675;6493;610;7750;7853;4.16;0.25;331.33;6.97;1257;32;2691.00;103
6494;20;4939688;6494;609;7750;7853;4.20;0.26;331.29;6.97;1256;32;2692.00;103
6499;20;4939701;6499;608;7754;7857;4.24;0.26;331.21;6.97;1255;32;2693.00;103
6500;20;4939714;6500;607;7754;7857;4.27;0.26;331.27;6.97;1254;32;2694.00;103
6502;20;4939727;6502;611;7757;7861;4.27;0.26;331.24;6.97;1255;32;2695.00;104
6505;20;4939740;6505;595;7758;7861;4.31;0.26;331.30;6.97;1253;32;2696.00;103
6507;20;4939753;6507;583;7758;7861;4.34;0.26;331.30;6.97;1251;32;2697.00;103
6509;20;4939767;6509;577;7758;7861;4.35;0.27;331.24;6.97;1249;32;2698.00;103
6513;20;4939780;6513;569;7758;7861;4.33;0.26;331.12;6.97;1245;32;2699.00;103
6515;20;4939795;6515;574;7785;7910;4.41;0.27;331.04;6.94;1270;32;2700.00;125
6515;20;4939816;6515;571;7785;7910;4.49;0.27;331.04;6.94;1270;32;2701.00;125
6517;20;4939829;6517;573;7787;7910;4.56;0.28;330.98;6.94;1270;32;2702.00;123
6518;20;4939843;6518;575;7787;7910;4.59;0.28;330.94;6.94;1269;32;2703.00;123
6519;20;4939856;6519;582;7790;7910;4.61;0.28;330.94;6.94;1271;32;2704.00;120
6522;20;4939870;6522;583;7790;7910;4.63;0.28;330.99;6.94;1268;32;2705.00;120
6523;20;4939883;6523;584;7791;7911;4.65;0.28;330.97;6.94;1268;32;2706.00;120
6524;20;4939896;6524;585;7791;7911;4.66;0.28;331.00;6.94;1267;32;2707.00;120
6525;20;4939910;6525;591;7796;7917;4.71;0.29;331.00;6.94;1271;32;2708.00;121
6529;20;4939923;6529;593;7797;7918;4.68;0.28;330.99;6.94;1268;32;2709.00;121
6529;20;4939936;6529;597;7797;7918;4.67;0.28;330.99;6.94;1268;32;2710.00;121
6530;20;4939950;6530;605;7798;7918;4.64;0.28;331.10;6.94;1268;32;2711.00;120
6531;20;4939963;6531;602;7800;7922;4.64;0.28;331.09;6.93;1269;32;2712.00;122
6531;20;4939976;6531;597;7801;7922;4.66;0.28;331.09;6.93;1270;32;2713.00;121
6533;20;4939989;6533;575;7801;7922;4.64;0.28;331.11;6.93;1268;32;2714.00;121
6534;20;4940003;6534;567;7802;7923;4.66;0.28;331.12;6.93;1268;32;2715.00;121
6536;20;4940016;6536;565;7805;7927;4.73;0.29;331.11;6.93;1269;33;2716.00;122
6537;20;4940038;6537;554;7806;7927;4.78;0.29;331.16;6.93;1269;33;2717.00;121
6538;20;4940051;6538;548;7808;7930;4.87;0.29;331.15;6.93;1270;33;2718.00;122
6539;20;4940065;6539;540;7809;7930;4.89;0.30;331.15;6.93;1270;33;2719.00;121
6539;20;4940084;6539;541;7810;7930;4.94;0.30;331.15;6.93;1271;33;2720.00;120
6540;20;4940098;6540;534;7810;7930;4.98;0.30;331.11;6.93;1270;33;2721.00;120
6541;20;4940111;6541;538;7813;7934;5.07;0.31;331.11;6.93;1272;33;2722.00;121
6541;21;4940126;6541;542;7814;7934;5.12;0.31;331.11;6.93;1273;34;2723.00;120
6543;21;4940149;6543;529;7815;7934;5.15;0.31;331.11;6.93;1272;34;2724.00;119
6544;22;4940163;6544;534;7816;7934;5.20;0.32;331.15;6.94;1272;35;2725.00;118
6545;22;4940183;6545;531;7816;7935;5.21;0.32;331.17;6.94;1271;35;2726.00;119
6546;22;4940202;6546;526;7817;7936;5.20;0.32;331.17;6.93;1271;35;2727.00;119
6549;22;4940216;6549;523;7817;7936;5.13;0.31;331.19;6.93;1268;35;2728.00;119
6551;22;4940230;6551;523;7819;7937;5.11;0.31;331.22;6.94;1268;35;2729.00;118
6552;22;4940245;6552;514;7819;7937;5.11;0.31;331.21;6.94;1267;35;2730.00;118
6553;22;4940259;6553;512;7822;7937;5.09;0.31;331.20;6.94;1269;35;2731.00;115
6554;22;4940273;6554;504;7822;7937;5.12;0.31;331.18;6.94;1268;35;2732.00;115
6554;22;4940286;6554;502;7822;7937;5.12;0.31;331.18;6.94;1268;35;2733.00;115
6557;22;4940300;6557;492;7822;7937;5.13;0.31;331.24;6.94;1265;35;2734.00;115
6559;22;4940313;6559;485;7822;7937;5.14;0.31;331.20;6.94;1263;35;2735.00;115
6560;22;4940326;6560;493;7884;8064;5.27;0.32;331.24;6.89;1324;35;2736.00;180
6563;22;4940348;6563;477;7887;8065;5.31;0.33;331.34;6.89;1324;35;2737.00;178
6565;22;4940368;6565;470;7895;8065;5.41;0.33;331.28;6.88;1330;35;2738.00;170
6567;22;4940382;6567;461;7900;8065;5.48;0.34;331.34;6.88;1333;35;2739.00;165
6570;22;4940397;6570;457;7906;8065;5.52;0.34;331.41;6.88;1336;35;2740.00;159
6572;22;4940411;6572;451;7908;8065;5.55;0.34;331.46;6.88;1336;35;2741.00;157
6575;22;4940425;6575;448;7911;8065;5.54;0.34;331.41;6.88;1336;35;2742.00;154
6578;22;4940439;6578;445;7912;8065;5.59;0.34;331.50;6.88;1334;35;2743.00;153
6581;22;4940454;6581;446;7914;8066;5.65;0.35;331.45;6.88;1333;35;2744.00;152
6585;22;4940468;6585;446;7918;8068;5.67;0.35;331.49;6.97;1333;35;2745.00;150
6589;22;4940485;6589;441;7921;8068;5.72;0.35;331.55;6.97;1332;35;2746.00;147
6591;22;4940499;6591;445;7923;8069;5.75;0.35;331.55;6.97;1332;35;2747.00;146
6597;22;4940514;6597;439;7926;8069;5.73;0.35;331.73;6.97;1329;35;2748.00;143
6598;22;4940528;6598;439;7928;8069;5.75;0.35;331.69;6.98;1330;35;2749.00;141
6602;22;4940542;6602;438;7929;8069;5.75;0.35;331.67;6.98;1327;35;2750.00;140
6603;22;4940557;6603;440;7933;8073;5.78;0.35;331.70;6.98;1330;35;2751.00;140
6609;22;4940572;6609;448;7935;8073;5.75;0.35;331.82;6.98;1326;35;2752.00;138
6613;22;4940586;6613;450;7938;8073;5.75;0.35;331.88;6.99;1325;35;2753.00;135
6613;22;4940601;6613;456;7940;8076;5.79;0.35;331.88;6.98;1327;35;2754.00;136
6616;22;4940616;6616;456;7940;8076;5.75;0.35;331.89;6.98;1324;35;2755.00;136
6618;22;4940630;6618;459;7944;8076;5.77;0.35;331.97;6.99;1326;35;2756.00;132
6620;22;4940649;6620;460;7951;8080;5.75;0.35;331.96;7.00;1331;35;2757.00;129
6622;22;4940664;6622;468;7953;8081;5.71;0.35;332.12;7.00;1331;35;2758.00;128
6624;22;4940680;6624;471;7956;8081;5.68;0.35;332.10;7.00;1332;35;2759.00;125
6625;22;4940695;6625;466;7961;8086;5.71;0.35;332.12;7.00;1336;35;2760.00;125
6627;22;4940711;6627;476;7961;8086;5.69;0.35;332.12;7.00;1334;35;2761.00;125
6631;22;4940724;6631;481;7962;8086;5.68;0.35;332.10;7.00;1331;35;2762.00;124
6631;22;4940739;6631;473;7963;8087;5.75;0.35;332.10;7.00;1332;35;2763.00;124
6633;22;4940754;6633;481;7963;8087;5.77;0.35;332.17;7.00;1330;35;2764.00;124
6635;22;4940773;6635;482;7968;8093;5.78;0.35;332.27;6.99;1333;35;2765.00;125
6638;22;4940789;6638;489;7968;8093;5.79;0.35;332.30;6.99;1330;35;2766.00;125
6641;22;4940803;6641;493;7968;8094;5.78;0.35;332.45;6.99;1327;35;2767.00;126
6645;22;4940818;6645;492;7968;8094;5.75;0.35;332.44;6.99;1323;35;2768.00;126
6648;22;4940833;6648;500;7968;8094;5.73;0.35;332.52;6.99;1320;35;2769.00;126
6650;22;4940847;6650;506;7970;8094;5.70;0.35;332.57;7.09;1320;35;2770.00;124
6655;22;4940861;6655;513;7970;8094;5.67;0.34;332.68;7.09;1315;35;2771.00;124
6656;22;4940877;6656;520;7979;8106;5.71;0.35;332.66;7.13;1323;35;2772.00;127
6659;22;4940893;6659;519;7981;8106;5.69;0.35;332.72;7.17;1322;35;2773.00;125
6662;23;4940909;6662;526;7982;8106;5.67;0.34;332.70;7.17;1320;36;2774.00;124
6664;23;4940933;6664;533;7983;8106;5.69;0.35;332.91;7.17;1319;36;2775.00;123
6668;23;4940946;6668;537;7985;8106;5.69;0.34;333.12;7.26;1317;36;2776.00;121
6669;23;4940962;6669;543;7985;8106;5.67;0.34;333.11;7.26;1316;36;2777.00;121
6672;23;4940976;6672;546;7988;8110;5.64;0.34;333.32;7.26;1316;36;2778.00;122
6675;23;4940990;6675;553;7990;8110;5.62;0.34;333.59;7.35;1315;36;2779.00;120
6675;23;4941009;6675;558;7994;8114;5.63;0.34;333.59;7.35;1319;36;2780.00;120
6677;23;4941024;6677;555;7998;8115;5.61;0.34;333.83;7.48;1321;36;2781.00;117
6679;23;4941038;6679;562;7998;8115;5.60;0.34;333.88;7.48;1319;36;2782.00;117
6683;23;4941051;6683;557;7998;8115;5.52;0.33;333.95;7.48;1315;36;2783.00;117
6685;23;4941065;6685;558;8012;8128;5.51;0.33;334.12;7.60;1327;36;2784.00;116
6688;23;4941080;6688;557;8012;8128;5.50;0.33;334.12;7.60;1324;36;2785.00;116
6690;23;4941094;6690;556;8013;8128;5.47;0.33;334.22;7.64;1323;36;2786.00;115
6692;23;4941107;6692;557;8015;8129;5.45;0.33;334.20;7.68;1323;36;2787.00;114
6696;23;4941121;6696;555;8017;8130;5.46;0.33;334.21;7.75;1321;36;2788.00;113
6699;23;4941135;6699;547;8017;8130;5.47;0.33;334.26;7.75;1318;36;2789.00;113
6700;23;4941150;6700;547;8023;8136;5.48;0.33;334.23;7.79;1323;36;2790.00;113
6702;23;4941164;6702;551;8023;8136;5.51;0.34;334.33;7.79;1321;36;2791.00;113
6702;23;4941177;6702;549;8024;8136;5.55;0.34;334.33;7.79;1322;36;2792.00;112
6705;23;4941190;6705;548;8026;8136;5.55;0.34;334.46;7.87;1321;36;2793.00;110
6707;23;4941205;6707;542;8032;8142;5.62;0.34;334.54;7.91;1325;36;2794.00;110
6710;23;4941219;6710;540;8033;8142;5.62;0.34;334.64;7.95;1323;36;2795.00;109
6712;23;4941232;6712;540;8035;8142;5.60;0.34;334.76;8.03;1323;36;2796.00;107
6715;23;4941251;6715;541;8036;8142;5.57;0.34;334.84;8.07;1321;36;2797.00;106
6718;23;4941264;6718;555;8040;8146;5.48;0.33;335.07;8.10;1322;36;2798.00;106
6720;23;4941279;6720;556;8041;8147;5.41;0.33;335.16;8.10;1321;36;2799.00;106
6722;23;4941293;6722;565;8042;8147;5.33;0.32;335.26;8.14;1320;36;2800.00;105
6724;23;4941309;6724;566;8044;8148;5.26;0.32;335.47;8.17;1320;36;2801.00;104
6728;23;4941322;6728;574;8045;8148;5.17;0.31;335.69;8.21;1317;36;2802.00;103
6732;23;4941335;6732;574;8046;8148;5.07;0.31;335.83;8.25;1314;36;2803.00;102
6734;23;4941348;6734;578;8046;8148;4.96;0.30;335.97;8.25;1312;36;2804.00;102
6738;23;4941361;6738;565;8047;8148;4.85;0.30;336.21;8.28;1309;36;2805.00;101
6741;23;4941374;6741;555;8048;8148;4.73;0.29;336.24;8.32;1307;36;2806.00;100
6745;23;4941387;6745;555;8048;8148;4.69;0.29;336.40;8.32;1303;36;2807.00;100
6750;23;4941400;6750;562;8087;8218;4.82;0.29;336.52;8.34;1337;36;2808.00;131
6757;23;4941420;6757;559;8090;8219;4.76;0.29;336.59;8.34;1333;36;2809.00;129
6760;23;4941434;6760;555;8094;8219;4.79;0.29;336.69;8.34;1334;36;2810.00;125
6767;23;4941447;6767;555;8098;8219;4.76;0.29;336.83;8.34;1331;36;2811.00;121
6769;23;4941460;6769;549;8100;8219;4.78;0.29;336.77;8.33;1331;36;2812.00;119
6773;23;4941473;6773;549;8102;8219;4.78;0.29;336.86;8.33;1329;36;2813.00;117
6778;23;4941487;6778;554;8105;8219;4.76;0.29;337.04;8.33;1327;36;2814.00;114
6781;23;4941500;6781;554;8107;8219;4.74;0.29;337.01;8.33;1326;36;2815.00;112
6783;23;4941513;6783;560;8109;8220;4.73;0.29;336.98;8.33;1326;36;2816.00;111
6785;23;4941526;6785;559;8111;8221;4.70;0.29;336.97;8.33;1326;36;2817.00;110
6789;23;4941539;6789;566;8112;8221;4.70;0.28;336.88;8.33;1323;36;2818.00;109
6793;23;4941553;6793;567;8116;8225;4.70;0.29;336.82;8.33;1323;36;2819.00;109
6796;23;4941568;6796;567;8116;8225;4.73;0.29;336.83;8.33;1320;36;2820.00;109
6798;23;4941581;6798;579;8116;8225;4.74;0.29;337.07;8.33;1318;36;2821.00;109
6804;23;4941594;6804;583;8117;8225;4.66;0.28;337.05;8.33;1313;36;2822.00;108
6808;23;4941607;6808;596;8121;8231;4.63;0.28;337.00;8.33;1313;36;2823.00;110
6811;23;4941621;6811;592;8121;8231;4.61;0.28;337.16;8.33;1310;36;2824.00;110
6814;23;4941634;6814;597;8121;8231;4.60;0.28;337.12;8.33;1307;36;2825.00;110
6817;23;4941647;6817;603;8122;8234;4.58;0.28;337.15;8.33;1305;36;2826.00;112
6822;23;4941662;6822;601;8123;8234;4.49;0.27;337.27;8.33;1301;36;2827.00;111
6826;23;4941675;6826;606;8123;8234;4.40;0.27;337.22;8.33;1297;36;2828.00;111
6830;23;4941688;6830;610;8123;8235;4.32;0.26;337.25;8.33;1293;36;2829.00;112
6833;23;4941701;6833;616;8124;8236;4.29;0.26;337.26;8.33;1291;36;2830.00;112
6838;23;4941714;6838;611;8125;8236;4.22;0.26;337.26;8.33;1287;36;2831.00;111
6841;23;4941727;6841;618;8135;8249;4.28;0.26;337.14;8.32;1294;36;2832.00;114
6843;23;4941742;6843;618;8135;8249;4.24;0.26;337.19;8.32;1292;36;2833.00;114
6846;23;4941755;6846;625;8135;8249;4.18;0.25;337.08;8.32;1289;36;2834.00;114
6850;23;4941768;6850;625;8136;8251;4.19;0.26;337.13;8.32;1286;36;2835.00;115
6853;23;4941784;6853;626;8136;8251;4.13;0.25;337.16;8.32;1283;36;2836.00;115
6858;23;4941800;6858;636;8140;8255;4.10;0.25;337.09;8.32;1282;36;2837.00;115
6860;23;4941813;6860;639;8140;8255;4.09;0.25;337.13;8.32;1280;36;2838.00;115
6865;23;4941826;6865;635;8143;8259;4.06;0.25;337.11;8.31;1278;36;2839.00;116
6868;23;4941839;6868;638;8143;8259;4.02;0.25;337.24;8.31;1275;36;2840.00;116
6871;23;4941851;6871;644;8144;8259;3.93;0.24;337.24;8.32;1273;36;2841.00;115
6875;23;4941865;6875;657;8145;8259;3.81;0.23;337.17;8.32;1270;36;2842.00;114
6879;23;4941878;6879;661;8145;8259;3.72;0.23;337.12;8.32;1266;36;2843.00;114
6881;23;4941891;6881;666;8155;8271;3.74;0.23;337.16;8.31;1274;36;2844.00;116
6884;23;4941906;6884;661;8155;8271;3.70;0.23;337.14;8.31;1271;36;2845.00;116
6887;23;4941919;6887;668;8156;8271;3.66;0.22;337.11;8.31;1269;36;2846.00;115
6889;23;4941931;6889;675;8156;8271;3.63;0.22;337.05;8.31;1267;36;2847.00;115
6890;23;4941943;6890;681;8158;8271;3.63;0.22;337.04;8.31;1268;36;2848.00;113
6891;23;4941955;6891;683;8158;8271;3.64;0.22;337.05;8.31;1267;36;2849.00;113
6893;23;4941969;6893;692;8160;8274;3.59;0.22;337.04;8.31;1267;36;2850.00;114
6895;23;4941980;6895;685;8160;8274;3.56;0.22;337.08;8.31;1265;36;2851.00;114
6897;23;4941992;6897;678;8164;8280;3.55;0.22;337.00;8.30;1267;36;2852.00;116
6898;23;4942006;6898;674;8166;8281;3.56;0.22;337.00;8.31;1268;36;2853.00;115
6900;23;4942018;6900;665;8167;8281;3.58;0.22;337.01;8.35;1267;36;2854.00;114
6900;23;4942031;6900;662;8168;8281;3.64;0.22;337.01;8.35;1268;36;2855.00;113
6900;23;4942043;6900;651;8171;8285;3.71;0.23;337.01;8.34;1271;36;2856.00;114
6901;23;4942055;6901;649;8172;8285;3.76;0.23;336.96;8.34;1271;36;2857.00;113
6901;23;4942068;6901;647;8173;8285;3.77;0.23;336.96;8.34;1272;36;2858.00;112
6902;23;4942080;6902;642;8174;8286;3.82;0.23;337.02;8.34;1272;36;2859.00;112
6902;23;4942092;6902;629;8177;8290;3.89;0.24;337.02;8.34;1275;36;2860.00;113
6904;23;4942106;6904;597;8177;8290;3.96;0.24;336.96;8.34;1273;36;2861.00;113
6905;23;4942119;6905;575;8180;8293;4.11;0.25;337.03;8.34;1275;36;2862.00;113
6906;23;4942138;6906;567;8180;8293;4.25;0.26;337.00;8.34;1274;36;2863.00;113
6908;23;4942151;6908;558;8182;8295;4.34;0.27;337.01;8.34;1274;36;2864.00;113
6909;23;4942165;6909;552;8182;8295;4.47;0.27;337.05;8.34;1273;36;2865.00;113
6911;23;4942180;6911;539;8186;8299;4.65;0.28;337.18;8.33;1275;36;2866.00;113
6912;23;4942200;6912;534;8186;8299;4.80;0.29;337.19;8.33;1274;36;2867.00;113
6915;23;4942214;6915;525;8186;8299;4.88;0.30;337.22;8.33;1271;36;2868.00;113
6916;24;4942233;6916;523;8186;8299;5.00;0.30;337.29;8.33;1270;37;2869.00;113
6916;24;4942259;6916;523;8186;8300;5.08;0.31;337.29;8.33;1270;37;2870.00;114
6917;24;4942277;6917;508;8187;8301;5.18;0.31;337.26;8.33;1270;37;2871.00;114
6918;24;4942298;6918;504;8188;8301;5.22;0.32;337.31;8.37;1270;37;2872.00;113
6919;24;4942312;6919;501;8189;8302;5.28;0.32;337.37;8.37;1270;37;2873.00;113
6919;24;4942327;6919;504;8189;8302;5.35;0.32;337.37;8.37;1270;37;2874.00;113
6922;24;4942341;6922;494;8189;8302;5.32;0.32;337.34;8.37;1267;37;2875.00;113
6922;24;4942356;6922;492;8189;8302;5.38;0.33;337.34;8.37;1267;37;2876.00;113
6924;24;4942370;6924;487;8189;8302;5.39;0.33;337.37;8.37;1265;37;2877.00;113
6926;24;4942384;6926;485;8189;8302;5.43;0.33;337.39;8.37;1263;37;2878.00;113
6926;24;4942398;6926;483;8189;8302;5.53;0.34;337.39;8.37;1263;37;2879.00;113
6928;24;4942415;6928;516;8301;8532;5.76;0.36;337.45;8.26;1373;37;2880.00;231
6931;24;4942445;6931;509;8305;8533;5.83;0.36;337.50;8.26;1374;37;2881.00;228
6932;24;4942460;6932;488;8316;8533;5.91;0.37;337.61;8.25;1384;37;2882.00;217
6937;24;4942475;6937;485;8323;8533;5.95;0.37;337.91;8.24;1386;37;2883.00;210
6940;24;4942491;6940;484;8330;8533;5.98;0.37;337.92;8.24;1390;37;2884.00;203
6942;24;4942506;6942;471;8334;8533;5.99;0.37;338.04;8.24;1392;37;2885.00;199
6944;24;4942526;6944;478;8340;8533;5.97;0.37;337.99;8.24;1396;37;2886.00;193
6947;24;4942540;6947;488;8344;8533;5.92;0.36;338.14;8.24;1397;37;2887.00;189
6950;24;4942555;6950;490;8349;8534;5.90;0.36;338.27;8.24;1399;37;2888.00;185
6951;24;4942571;6951;497;8351;8535;5.88;0.36;338.37;8.24;1400;37;2889.00;184
6953;24;4942586;6953;506;8358;8535;5.84;0.36;338.39;8.24;1405;37;2890.00;177
6954;24;4942600;6954;505;8358;8536;5.82;0.36;338.45;8.24;1404;37;2891.00;178
6956;24;4942615;6956;515;8360;8536;5.81;0.36;338.48;8.24;1404;37;2892.00;176
6958;24;4942631;6958;513;8363;8536;5.76;0.35;338.62;8.24;1405;37;2893.00;173
6960;24;4942646;6960;521;8364;8536;5.71;0.35;338.77;8.24;1404;37;2894.00;172
6962;24;4942661;6962;524;8366;8540;5.72;0.35;338.91;8.24;1404;37;2895.00;174
6965;24;4942677;6965;527;8369;8540;5.70;0.35;339.00;8.24;1404;37;2896.00;171
6966;24;4942698;6966;535;8370;8540;5.74;0.35;339.06;8.24;1404;37;2897.00;170
6970;24;4942715;6970;532;8371;8543;5.76;0.35;339.28;8.24;1401;37;2898.00;172
6972;24;4942731;6972;520;8372;8543;5.77;0.35;339.33;8.24;1400;37;2899.00;171
6976;24;4942752;6976;511;8373;8543;5.75;0.35;339.47;8.24;1397;37;2900.00;170
6977;24;4942773;6977;503;8376;8547;5.77;0.35;339.47;8.24;1399;37;2901.00;171
6979;25;4942789;6979;490;8377;8548;5.81;0.35;339.57;8.24;1398;38;2902.00;171
6983;25;4942816;6983;489;8380;8548;5.82;0.36;339.72;8.25;1397;38;2903.00;168
6986;25;4942833;6986;476;8382;8552;5.82;0.35;339.68;8.24;1396;38;2904.00;170
6990;25;4942848;6990;476;8382;8552;5.82;0.35;339.75;8.24;1392;38;2905.00;170
6993;25;4942864;6993;470;8383;8552;5.82;0.35;339.77;8.25;1390;38;2906.00;169
6995;25;4942880;6995;469;8383;8553;5.80;0.35;339.76;8.25;1388;38;2907.00;170
6999;25;4942896;6999;459;8384;8553;5.82;0.35;339.77;8.25;1385;38;2908.00;169
7003;25;4942913;7003;456;8388;8559;5.83;0.35;339.81;8.25;1385;38;2909.00;171
7007;25;4942931;7007;458;8388;8559;5.83;0.35;339.76;8.25;1381;38;2910.00;171
7010;25;4942946;7010;455;8390;8560;5.79;0.35;339.82;8.30;1380;38;2911.00;170
7012;25;4942964;7012;458;8391;8560;5.79;0.35;339.77;8.30;1379;38;2912.00;169
7017;25;4942982;7017;464;8393;8560;5.76;0.35;339.83;8.30;1376;38;2913.00;167
7021;25;4942998;7021;468;8393;8560;5.73;0.35;339.85;8.30;1372;38;2914.00;167
7022;25;4943014;7022;476;8393;8560;5.74;0.35;339.85;8.30;1371;38;2915.00;167
7027;25;4943041;7027;479;8403;8572;5.76;0.35;340.01;8.30;1376;38;2916.00;169
7028;25;4943058;7028;471;8406;8572;5.79;0.35;340.00;8.31;1378;38;2917.00;166
7030;25;4943073;7030;474;8407;8572;5.80;0.35;340.09;8.31;1377;38;2918.00;165
7035;25;4943088;7035;476;8409;8572;5.85;0.36;340.21;8.31;1374;38;2919.00;163
7037;25;4943103;7037;476;8410;8572;5.86;0.36;340.31;8.31;1373;38;2920.00;162
7040;25;4943118;7040;483;8411;8572;5.87;0.36;340.47;8.31;1371;38;2921.00;161
7045;25;4943134;7045;484;8417;8576;5.85;0.36;340.70;8.32;1372;38;2922.00;159
7046;25;4943149;7046;494;8418;8576;5.86;0.36;340.70;8.37;1372;38;2923.00;158
7049;25;4943164;7049;494;8423;8580;5.84;0.36;340.94;8.37;1374;38;2924.00;157
7053;25;4943179;7053;490;8426;8582;5.79;0.35;341.04;8.37;1373;38;2925.00;156
7056;25;4943195;7056;492;8427;8582;5.75;0.35;341.26;8.37;1371;38;2926.00;155
7061;25;4943210;7061;492;8428;8582;5.69;0.35;341.53;8.37;1367;38;2927.00;154
7065;25;4943225;7065;493;8437;8595;5.66;0.34;341.55;8.36;1372;38;2928.00;158
7066;25;4943241;7066;488;8438;8595;5.62;0.34;341.65;8.37;1372;38;2929.00;157
7069;25;4943256;7069;480;8438;8595;5.57;0.34;341.78;8.37;1369;38;2930.00;157
7072;25;4943276;7072;486;8441;8596;5.55;0.34;341.92;8.42;1369;38;2931.00;155
7074;25;4943291;7074;484;8441;8597;5.57;0.34;341.91;8.42;1367;38;2932.00;156
7076;25;4943306;7076;489;8442;8597;5.49;0.34;342.00;8.42;1366;38;2933.00;155
7080;25;4943321;7080;492;8444;8600;5.49;0.33;342.07;8.42;1364;38;2934.00;156
7081;25;4943335;7081;491;8447;8600;5.49;0.34;342.10;8.52;1366;38;2935.00;153
7084;25;4943351;7084;491;8448;8600;5.49;0.33;342.03;8.52;1364;38;2936.00;152
7086;25;4943366;7086;494;8450;8600;5.51;0.34;342.00;8.57;1364;38;2937.00;150
7089;25;4943380;7089;499;8457;8606;5.56;0.34;341.98;8.62;1368;38;2938.00;149
7089;25;4943395;7089;499;8458;8606;5.57;0.34;341.98;8.65;1369;38;2939.00;148
7090;25;4943411;7090;503;8460;8606;5.53;0.34;341.94;8.71;1370;38;2940.00;146
7094;25;4943426;7094;509;8461;8606;5.53;0.34;341.87;8.71;1367;38;2941.00;145
7099;25;4943441;7099;516;8464;8610;5.50;0.34;342.12;8.71;1365;38;2942.00;146
7100;25;4943456;7100;515;8468;8611;5.51;0.34;342.09;8.76;1368;38;2943.00;143
7101;25;4943472;7101;522;8471;8611;5.51;0.34;342.15;8.89;1370;38;2944.00;140
7103;25;4943485;7103;522;8472;8612;5.48;0.33;342.09;8.89;1369;38;2945.00;140
7106;25;4943500;7106;529;8473;8612;5.44;0.33;342.06;8.93;1367;38;2946.00;139
7106;25;4943514;7106;533;8475;8612;5.41;0.33;342.06;9.03;1369;38;2947.00;137
7108;25;4943529;7108;538;8475;8612;5.41;0.33;342.13;9.03;1367;38;2948.00;137
7113;25;4943543;7113;538;8476;8612;5.38;0.33;342.17;9.07;1363;38;2949.00;136
7114;25;4943557;7114;543;8476;8612;5.39;0.33;342.14;9.07;1362;38;2950.00;136
7120;25;4943571;7120;545;8476;8612;5.34;0.33;342.23;9.07;1356;38;2951.00;136
7123;25;4943584;7123;566;8517;8682;5.37;0.33;342.39;9.12;1394;38;2952.00;165
7125;25;4943603;7125;564;8518;8683;5.35;0.33;342.36;9.17;1393;39;2953.00;165
7128;25;4943626;7128;562;8524;8683;5.35;0.33;342.41;9.21;1396;39;2954.00;159
7132;25;4943641;7132;557;8527;8683;5.35;0.33;342.52;9.20;1395;39;2955.00;156
7134;25;4943655;7134;547;8530;8683;5.35;0.33;342.48;9.25;1396;39;2956.00;153
7136;25;4943670;7136;546;8533;8683;5.29;0.32;342.48;9.29;1397;39;2957.00;150
7137;25;4943684;7137;550;8533;8683;5.28;0.32;342.54;9.29;1396;39;2958.00;150
7139;25;4943700;7139;547;8536;8683;5.28;0.32;342.49;9.29;1397;39;2959.00;147
7142;25;4943714;7142;554;8541;8684;5.27;0.32;342.58;9.37;1399;39;2960.00;143
7147;25;4943728;7147;553;8543;8685;5.24;0.32;342.56;9.37;1396;39;2961.00;142
7148;25;4943743;7148;558;8548;8685;5.19;0.32;342.64;9.45;1400;39;2962.00;137
7151;25;4943757;7151;567;8554;8689;5.14;0.31;342.62;9.49;1403;39;2963.00;135
7154;25;4943772;7154;575;8555;8689;5.10;0.31;342.73;9.49;1401;39;2964.00;134
7156;25;4943786;7156;575;8556;8689;5.02;0.30;342.85;9.53;1400;39;2965.00;133
7157;25;4943800;7157;579;8556;8689;4.98;0.30;342.96;9.53;1399;39;2966.00;133
7164;25;4943814;7164;587;8560;8695;4.86;0.30;343.23;9.53;1396;39;2967.00;135
7166;25;4943828;7166;594;8562;8695;4.80;0.29;343.40;9.61;1396;40;2968.00;133
7172;25;4943849;7172;593;8562;8695;4.68;0.29;343.65;9.61;1390;40;2969.00;133
7172;25;4943865;7172;583;8567;8701;4.64;0.28;343.65;9.69;1395;40;2970.00;134
7174;25;4943880;7174;575;8567;8701;4.55;0.28;343.60;9.69;1393;40;2971.00;134
7177;25;4943894;7177;570;8570;8701;4.50;0.28;343.66;9.76;1393;40;2972.00;131
7179;25;4943908;7179;566;8570;8702;4.45;0.27;343.65;9.76;1391;40;2973.00;132
7182;25;4943922;7182;563;8571;8703;4.46;0.28;343.71;9.76;1389;40;2974.00;132
7185;25;4943936;7185;564;8573;8703;4.47;0.28;343.62;9.84;1388;40;2975.00;130
7190;25;4943949;7190;569;8583;8716;4.49;0.28;343.59;9.82;1393;40;2976.00;133
7195;25;4943964;7195;571;8584;8716;4.46;0.27;343.52;9.83;1389;40;2977.00;132
7195;25;4943980;7195;572;8584;8716;4.49;0.28;343.52;9.83;1389;40;2978.00;132
7200;25;4943993;7200;565;8584;8717;4.48;0.28;343.47;9.83;1384;40;2979.00;133
7203;25;4944007;7203;571;8584;8717;4.48;0.28;343.42;9.83;1381;40;2980.00;133
7209;25;4944021;7209;579;8587;8721;4.44;0.27;343.53;9.82;1378;40;2981.00;134
7210;25;4944035;7210;576;8587;8721;4.43;0.27;343.50;9.82;1377;40;2982.00;134
7214;25;4944048;7214;580;8590;8725;4.38;0.27;343.52;9.82;1376;40;2983.00;135
7218;25;4944062;7218;582;8591;8725;4.29;0.26;343.55;9.82;1373;40;2984.00;134
7221;25;4944076;7221;585;8591;8725;4.24;0.26;343.51;9.82;1370;40;2985.00;134
7225;25;4944090;7225;577;8591;8725;4.20;0.26;343.44;9.82;1366;40;2986.00;134
7228;25;4944104;7228;582;8591;8725;4.17;0.26;343.40;9.82;1363;40;2987.00;134
7232;25;4944117;7232;586;8600;8737;4.19;0.26;343.35;9.87;1368;40;2988.00;137
7236;25;4944132;7236;592;8600;8737;4.10;0.25;343.30;9.87;1364;40;2989.00;137
7238;25;4944146;7238;588;8601;8737;4.08;0.25;343.24;9.87;1363;40;2990.00;136
7241;25;4944160;7241;583;8601;8737;4.05;0.25;343.19;9.87;1360;40;2991.00;136
7246;25;4944173;7246;586;8601;8737;4.08;0.25;343.18;9.87;1355;40;2992.00;136
7250;25;4944186;7250;590;8601;8737;4.08;0.25;343.10;9.87;1351;40;2993.00;136
7253;25;4944199;7253;591;8601;8738;4.04;0.25;343.11;9.87;1348;40;2994.00;137
7256;25;4944213;7256;607;8601;8738;4.03;0.25;343.06;9.87;1345;40;2995.00;137
7260;25;4944231;7260;607;8605;8744;4.02;0.25;343.04;9.86;1345;40;2996.00;139
7260;25;4944245;7260;604;8605;8745;3.98;0.25;343.04;9.86;1345;40;2997.00;140
7264;25;4944258;7264;609;8605;8745;3.94;0.24;343.06;9.86;1341;40;2998.00;140
7267;25;4944272;7267;607;8605;8745;3.91;0.24;343.06;9.86;1338;40;2999.00;140
7271;25;4944287;7271;607;8612;8765;3.89;0.24;343.13;9.85;1341;40;3000.00;153
7274;25;4944307;7274;600;8612;8765;3.88;0.24;343.19;9.85;1338;40;3001.00;153
7279;25;4944320;7279;596;8612;8765;3.86;0.24;343.13;9.85;1333;40;3002.00;153
7282;25;4944333;7282;599;8613;8766;3.84;0.24;343.15;9.85;1331;40;3003.00;153
7285;25;4944345;7285;606;8617;8770;3.87;0.24;343.10;9.85;1332;40;3004.00;153
7289;25;4944358;7289;607;8618;8770;3.89;0.24;343.11;9.85;1329;40;3005.00;152
7292;25;4944371;7292;618;8621;8773;3.90;0.24;343.19;9.90;1329;40;3006.00;152
7295;25;4944384;7295;609;8622;8773;3.90;0.24;343.21;9.91;1327;40;3007.00;151
7299;25;4944397;7299;603;8622;8773;3.91;0.24;343.23;9.91;1323;40;3008.00;151
7300;25;4944410;7300;599;8623;8773;3.92;0.24;343.22;9.91;1323;40;3009.00;150
7302;25;4944423;7302;593;8626;8777;3.96;0.24;343.24;9.91;1324;40;3010.00;151
7305;25;4944437;7305;594;8629;8777;3.96;0.24;343.22;9.91;1324;40;3011.00;148
7308;25;4944450;7308;592;8631;8777;3.98;0.24;343.22;9.92;1323;40;3012.00;146
7312;25;4944463;7312;579;8631;8777;3.97;0.24;343.19;9.92;1319;40;3013.00;146
7312;25;4944482;7312;573;8634;8778;3.98;0.24;343.19;9.98;1322;40;3014.00;144
7314;25;4944495;7314;567;8636;8780;4.01;0.25;343.24;9.98;1322;40;3015.00;144
7317;25;4944508;7317;574;8636;8780;4.00;0.25;343.37;9.98;1319;40;3016.00;144
7320;25;4944521;7320;562;8639;8781;3.99;0.24;343.37;9.98;1319;40;3017.00;142
7321;25;4944535;7321;551;8642;8781;4.02;0.25;343.34;9.98;1321;40;3018.00;139
7324;25;4944548;7324;543;8643;8781;4.08;0.25;343.45;10.04;1319;40;3019.00;138
7325;25;4944562;7325;541;8645;8781;4.17;0.25;343.46;10.04;1320;40;3020.00;136
7325;26;4944575;7325;536;8646;8781;4.27;0.26;343.46;10.04;1321;41;3021.00;135
7328;26;4944600;7328;529;8647;8781;4.36;0.27;343.48;10.04;1319;41;3022.00;134
7328;26;4944613;7328;526;8648;8781;4.43;0.27;343.48;10.04;1320;41;3023.00;133
7331;26;4944632;7331;545;8714;8908;4.65;0.29;343.57;9.97;1383;41;3024.00;194
7332;26;4944655;7332;534;8716;8909;4.72;0.29;343.54;9.97;1384;41;3025.00;193
7333;26;4944669;7333;515;8724;8909;4.84;0.30;343.53;9.96;1391;41;3026.00;185
7335;26;4944688;7335;514;8730;8909;4.95;0.30;343.48;9.95;1395;41;3027.00;179
7338;26;4944710;7338;502;8736;8909;5.08;0.31;343.70;10.01;1398;41;3028.00;173
7341;26;4944726;7341;491;8739;8909;5.14;0.32;343.78;10.01;1398;41;3029.00;170
7341;26;4944743;7341;480;8743;8909;5.22;0.32;343.78;10.01;1402;41;3030.00;166
7341;26;4944758;7341;480;8744;8909;5.26;0.32;343.78;10.01;1403;41;3031.00;165
7343;26;4944772;7343;467;8747;8910;5.29;0.32;343.85;10.01;1404;41;3032.00;163
7346;26;4944789;7346;459;8748;8911;5.30;0.32;343.86;10.01;1402;41;3033.00;163
7347;26;4944804;7347;458;8750;8911;5.27;0.32;343.91;10.01;1403;41;3034.00;161
7349;26;4944819;7349;462;8754;8912;5.24;0.32;343.96;10.01;1405;41;3035.00;158
7354;26;4944834;7354;465;8756;8912;5.20;0.32;344.14;10.01;1402;41;3036.00;156
7355;26;4944850;7355;458;8759;8912;5.20;0.32;344.13;10.01;1404;41;3037.00;153
7358;26;4944866;7358;459;8762;8912;5.20;0.32;344.27;10.01;1404;41;3038.00;150
7361;26;4944882;7361;460;8766;8916;5.22;0.32;344.36;10.01;1405;41;3039.00;150
7362;26;4944898;7362;462;8766;8916;5.24;0.32;344.37;10.01;1404;41;3040.00;150
7368;26;4944914;7368;455;8768;8916;5.19;0.32;344.49;10.01;1400;41;3041.00;148
7371;26;4944929;7371;458;8769;8919;5.15;0.31;344.53;10.01;1398;41;3042.00;150
7372;26;4944945;7372;459;8771;8919;5.17;0.32;344.64;10.01;1399;41;3043.00;148
7374;26;4944961;7374;467;8771;8919;5.19;0.32;344.66;10.01;1397;41;3044.00;148
7377;26;4944976;7377;467;8776;8923;5.24;0.32;344.84;10.01;1399;41;3045.00;147
7380;26;4944991;7380;470;8777;8924;5.26;0.32;345.00;10.01;1397;41;3046.00;147
7381;26;4945006;7381;471;8778;8924;5.28;0.32;345.13;10.01;1397;41;3047.00;146
7383;26;4945028;7383;470;8781;8928;5.29;0.32;345.22;10.01;1398;41;3048.00;147
7385;26;4945044;7385;476;8783;8928;5.31;0.32;345.40;10.01;1398;41;3049.00;145
7388;26;4945059;7388;474;8784;8928;5.29;0.32;345.53;10.01;1396;41;3050.00;144
7391;26;4945074;7391;482;8785;8929;5.31;0.32;345.69;10.01;1394;41;3051.00;144
7393;26;4945095;7393;489;8786;8929;5.34;0.33;345.83;10.01;1393;41;3052.00;143
7396;26;4945111;7396;491;8791;8935;5.37;0.33;345.94;10.00;1395;41;3053.00;144
7398;26;4945127;7398;491;8791;8935;5.40;0.33;345.89;10.00;1393;41;3054.00;144
7403;26;4945148;7403;498;8791;8936;5.42;0.33;346.12;10.00;1388;41;3055.00;145
7404;26;4945163;7404;501;8791;8936;5.41;0.33;346.18;10.00;1387;41;3056.00;145
7406;26;4945179;7406;506;8792;8936;5.39;0.33;346.14;10.06;1386;41;3057.00;144
7409;26;4945195;7409;504;8792;8936;5.34;0.32;346.24;10.06;1383;41;3058.00;144
7412;26;4945210;7412;499;8792;8936;5.35;0.32;346.27;10.06;1380;41;3059.00;144
7414;26;4945227;7414;493;8818;8972;5.35;0.33;346.43;10.03;1404;41;3060.00;154
7416;26;4945245;7416;493;8819;8972;5.35;0.33;346.47;10.03;1403;41;3061.00;153
7419;26;4945261;7419;482;8821;8972;5.36;0.33;346.63;10.03;1402;41;3062.00;151
7426;26;4945275;7426;473;8821;8972;5.33;0.33;346.74;10.03;1395;41;3063.00;151
7432;26;4945292;7432;460;8822;8972;5.30;0.32;346.76;10.03;1390;41;3064.00;150
7434;26;4945307;7434;455;8822;8972;5.31;0.32;346.79;10.03;1388;41;3065.00;150
7436;26;4945322;7436;461;8826;8976;5.32;0.33;346.77;10.02;1390;41;3066.00;150
7441;26;4945337;7441;451;8826;8976;5.35;0.33;346.95;10.02;1385;41;3067.00;150
7443;26;4945353;7443;450;8830;8980;5.44;0.33;346.92;10.02;1387;41;3068.00;150
7446;26;4945369;7446;442;8831;8981;5.49;0.33;347.02;10.02;1385;41;3069.00;150
7449;26;4945385;7449;449;8831;8981;5.54;0.34;347.12;10.02;1382;41;3070.00;150
7453;26;4945401;7453;447;8831;8981;5.55;0.34;347.08;10.02;1378;41;3071.00;150
7455;26;4945416;7455;445;8840;8994;5.56;0.34;347.17;10.01;1385;41;3072.00;154
7459;26;4945433;7459;443;8841;8994;5.50;0.33;347.36;10.01;1382;41;3073.00;153
7463;26;4945448;7463;441;8841;8994;5.46;0.33;347.37;10.01;1378;41;3074.00;153
7466;26;4945463;7466;441;8843;8995;5.42;0.33;347.46;10.05;1377;41;3075.00;152
7468;26;4945480;7468;448;8844;8996;5.40;0.33;347.49;10.10;1376;41;3076.00;152
7472;26;4945495;7472;447;8844;8996;5.40;0.33;347.54;10.10;1372;41;3077.00;152
7474;26;4945510;7474;456;8847;8999;5.42;0.33;347.55;10.10;1373;41;3078.00;152
7478;26;4945525;7478;455;8848;8999;5.39;0.33;347.63;10.10;1370;41;3079.00;151
7480;26;4945539;7480;458;8848;8999;5.37;0.33;347.58;10.10;1368;41;3080.00;151
7483;26;4945553;7483;455;8848;8999;5.32;0.32;347.56;10.10;1365;41;3081.00;151
7484;26;4945568;7484;454;8853;9005;5.35;0.33;347.54;10.09;1369;41;3082.00;152
7487;26;4945584;7487;457;8853;9005;5.32;0.32;347.57;10.09;1366;41;3083.00;152
7491;26;4945598;7491;456;8853;9005;5.30;0.32;347.52;10.09;1362;41;3084.00;152
7492;26;4945613;7492;458;8853;9005;5.27;0.32;347.50;10.09;1361;41;3085.00;152
7494;26;4945627;7494;457;8856;9009;5.25;0.32;347.61;10.09;1362;41;3086.00;153
7497;26;4945648;7497;458;8857;9010;5.24;0.32;347.68;10.09;1360;41;3087.00;153
7500;26;4945663;7500;460;8857;9010;5.25;0.32;347.87;10.09;1357;41;3088.00;153
7504;26;4945678;7504;463;8858;9011;5.28;0.32;347.99;10.09;1354;41;3089.00;153
7506;26;4945696;7506;474;8858;9011;5.29;0.32;348.03;10.09;1352;41;3090.00;153
7508;26;4945710;7508;474;8858;9011;5.25;0.32;348.08;10.09;1350;41;3091.00;153
7511;26;4945724;7511;476;8858;9011;5.17;0.31;348.09;10.09;1347;41;3092.00;153
7512;26;4945738;7512;474;8858;9011;5.17;0.31;348.08;10.09;1346;41;3093.00;153
7516;26;4945752;7516;472;8858;9011;5.10;0.31;348.28;10.09;1342;41;3094.00;153
7519;26;4945766;7519;475;8858;9011;5.02;0.30;348.37;10.09;1339;41;3095.00;153
7520;26;4945781;7520;474;8893;9081;5.16;0.31;348.35;10.05;1373;41;3096.00;188
7522;26;4945802;7522;474;8896;9082;5.13;0.31;348.51;10.04;1374;41;3097.00;186
7523;26;4945816;7523;468;8904;9082;5.14;0.31;348.63;10.04;1381;41;3098.00;178
7525;26;4945831;7525;464;8904;9082;5.12;0.31;348.69;10.04;1379;41;3099.00;178
7529;26;4945846;7529;480;8908;9082;5.16;0.31;348.97;10.08;1379;41;3100.00;174
7531;26;4945863;7531;479;8911;9082;5.17;0.32;349.14;10.08;1380;41;3101.00;171
7532;26;4945877;7532;484;8913;9082;5.15;0.31;349.19;10.08;1381;41;3102.00;169
7532;26;4945892;7532;495;8916;9082;5.18;0.32;349.19;10.13;1384;41;3103.00;166
7533;27;4945906;7533;498;8919;9083;5.18;0.32;349.19;10.13;1386;42;3104.00;164
7537;27;4945936;7537;506;8923;9085;5.15;0.32;349.13;10.17;1386;42;3105.00;162
7540;27;4945955;7540;505;8925;9085;5.14;0.31;349.24;10.17;1385;42;3106.00;160
7541;27;4945970;7541;522;8930;9089;5.12;0.31;349.27;10.17;1389;42;3107.00;159
7544;27;4945985;7544;530;8934;9089;5.08;0.31;349.21;10.22;1390;42;3108.00;155
7546;27;4945999;7546;527;8934;9089;5.09;0.31;349.33;10.22;1388;42;3109.00;155
7549;27;4946014;7549;528;8934;9089;5.07;0.31;349.36;10.22;1385;42;3110.00;155
7553;27;4946027;7553;536;8941;9095;5.08;0.31;349.31;10.30;1388;42;3111.00;154
7555;27;4946042;7555;545;8942;9095;5.03;0.31;349.28;10.35;1387;42;3112.00;153
7559;27;4946056;7559;563;8942;9095;4.93;0.30;349.44;10.35;1383;42;3113.00;153
7559;27;4946070;7559;565;8945;9098;4.92;0.30;349.44;10.35;1386;42;3114.00;153
7565;27;4946084;7565;567;8945;9098;4.87;0.30;349.55;10.35;1380;42;3115.00;153
7569;27;4946098;7569;572;8948;9098;4.76;0.29;349.75;10.48;1379;42;3116.00;150
7571;27;4946112;7571;566;8948;9099;4.71;0.29;349.78;10.48;1377;42;3117.00;151
7571;27;4946125;7571;573;8949;9100;4.64;0.28;349.78;10.48;1378;42;3118.00;151
7576;27;4946140;7576;578;8951;9100;4.55;0.28;349.84;10.57;1375;42;3119.00;149
7580;27;4946155;7580;584;8968;9126;4.55;0.28;349.92;10.55;1388;42;3120.00;158
7580;27;4946172;7580;583;8968;9126;4.48;0.27;349.92;10.55;1388;42;3121.00;158
7582;27;4946185;7582;591;8973;9126;4.42;0.27;350.01;10.64;1391;42;3122.00;153
7583;27;4946199;7583;587;8975;9127;4.38;0.27;350.14;10.64;1392;42;3123.00;152
7585;27;4946212;7585;591;8976;9127;4.35;0.27;350.13;10.64;1391;42;3124.00;151
7588;27;4946226;7588;595;8980;9131;4.36;0.27;350.14;10.63;1392;42;3125.00;151
7591;27;4946239;7591;598;8980;9131;4.32;0.26;350.04;10.63;1389;42;3126.00;151
7592;27;4946253;7592;606;8983;9135;4.32;0.26;350.00;10.63;1391;42;3127.00;152
7595;27;4946266;7595;609;8985;9135;4.26;0.26;350.06;10.72;1390;42;3128.00;150
7599;27;4946279;7599;610;8985;9135;4.18;0.26;350.13;10.72;1386;42;3129.00;150
7599;27;4946292;7599;614;8985;9135;4.14;0.25;350.13;10.72;1386;42;3130.00;150
7603;27;4946304;7603;618;8985;9135;4.03;0.25;350.18;10.72;1382;42;3131.00;150
7609;27;4946317;7609;621;8995;9147;4.00;0.24;350.14;10.71;1386;42;3132.00;152
7613;27;4946331;7613;632;8995;9147;3.92;0.24;350.11;10.71;1382;42;3133.00;152
7617;27;4946344;7617;637;8996;9147;3.83;0.23;350.11;10.71;1379;42;3134.00;151
7621;27;4946356;7621;631;8996;9147;3.73;0.23;350.06;10.71;1375;42;3135.00;151
7625;27;4946369;7625;631;8996;9147;3.66;0.22;350.32;10.71;1371;42;3136.00;151
7628;27;4946382;7628;636;8996;9147;3.61;0.22;350.51;10.71;1368;42;3137.00;151
7631;27;4946394;7631;634;8996;9148;3.54;0.22;350.49;10.71;1365;42;3138.00;152
7633;27;4946407;7633;645;8996;9148;3.53;0.22;350.49;10.71;1363;42;3139.00;152
7637;27;4946419;7637;640;9001;9154;3.56;0.22;350.54;10.70;1364;42;3140.00;153
7640;27;4946433;7640;642;9002;9155;3.58;0.22;350.60;10.70;1362;42;3141.00;153
7642;27;4946445;7642;641;9002;9155;3.59;0.22;350.59;10.70;1360;42;3142.00;153
7646;27;4946458;7646;642;9002;9155;3.58;0.22;350.54;10.70;1356;42;3143.00;153
7647;27;4946471;7647;636;9005;9159;3.61;0.22;350.55;10.70;1358;42;3144.00;154
7650;27;4946484;7650;642;9005;9159;3.57;0.22;350.48;10.70;1355;42;3145.00;154
7652;27;4946497;7652;632;9005;9159;3.54;0.22;350.44;10.70;1353;42;3146.00;154
7653;27;4946509;7653;628;9006;9160;3.55;0.22;350.44;10.70;1353;42;3147.00;154
7654;27;4946523;7654;631;9009;9164;3.56;0.22;350.47;10.69;1355;42;3148.00;155
7656;27;4946536;7656;633;9009;9164;3.58;0.22;350.41;10.69;1353;42;3149.00;155
7660;27;4946550;7660;634;9013;9170;3.60;0.22;350.36;10.69;1353;42;3150.00;157
7661;27;4946563;7661;635;9013;9170;3.64;0.22;350.33;10.69;1352;42;3151.00;157
7666;27;4946576;7666;638;9015;9170;3.64;0.22;350.31;10.69;1349;42;3152.00;155
7672;27;4946589;7672;637;9015;9170;3.56;0.22;350.36;10.69;1343;42;3153.00;155
7673;27;4946602;7673;630;9019;9174;3.60;0.22;350.36;10.68;1346;42;3154.00;155
7677;27;4946615;7677;621;9019;9174;3.61;0.22;350.26;10.68;1342;42;3155.00;155
7682;27;4946628;7682;622;9019;9174;3.57;0.22;350.12;10.68;1337;42;3156.00;155
7683;27;4946641;7683;614;9019;9174;3.60;0.22;350.15;10.68;1336;42;3157.00;155
7687;27;4946654;7687;610;9019;9175;3.60;0.22;350.09;10.68;1332;42;3158.00;156
7688;27;4946667;7688;601;9020;9176;3.61;0.22;350.11;10.68;1332;42;3159.00;156
7691;27;4946680;7691;603;9020;9176;3.61;0.22;350.12;10.68;1329;42;3160.00;156
7693;27;4946698;7693;599;9021;9177;3.65;0.22;350.19;10.68;1328;42;3161.00;156
7694;27;4946711;7694;594;9021;9177;3.73;0.23;350.16;10.68;1327;42;3162.00;156
7696;27;4946724;7696;591;9021;9177;3.80;0.23;350.16;10.68;1325;42;3163.00;156
7700;27;4946737;7700;589;9021;9177;3.84;0.23;350.11;10.68;1321;42;3164.00;156
7703;27;4946751;7703;586;9021;9177;3.88;0.24;350.13;10.68;1318;42;3165.00;156
7706;27;4946764;7706;587;9021;9177;3.88;0.24;350.25;10.68;1315;42;3166.00;156
7707;27;4946776;7707;585;9021;9177;3.91;0.24;350.27;10.68;1314;42;3167.00;156
7710;27;4946795;7710;604;9096;9304;4.26;0.26;350.34;10.59;1386;42;3168.00;208
7713;27;4946818;7713;596;9099;9305;4.26;0.26;350.40;10.59;1386;42;3169.00;206
7714;27;4946832;7714;592;9103;9305;4.31;0.27;350.42;10.59;1389;42;3170.00;202
7715;27;4946851;7715;588;9108;9305;4.40;0.27;350.44;10.58;1393;42;3171.00;197
7721;27;4946865;7721;584;9112;9305;4.40;0.27;350.50;10.58;1391;42;3172.00;193
7724;27;4946879;7724;578;9114;9305;4.42;0.27;350.48;10.58;1390;42;3173.00;191
7726;27;4946893;7726;571;9116;9305;4.44;0.27;350.53;10.58;1390;42;3174.00;189
7731;27;4946908;7731;569;9117;9305;4.39;0.27;350.53;10.58;1386;42;3175.00;188
7731;27;4946922;7731;563;9119;9306;4.42;0.27;350.53;10.58;1388;42;3176.00;187
7735;27;4946936;7735;562;9123;9307;4.38;0.27;350.58;10.65;1388;42;3177.00;184
7739;27;4946951;7739;564;9124;9307;4.31;0.26;350.69;10.65;1385;42;3178.00;183
7740;27;4946965;7740;581;9126;9308;4.33;0.27;350.70;10.65;1386;42;3179.00;182
7743;27;4946981;7743;589;9127;9308;4.29;0.26;350.69;10.65;1384;42;3180.00;181
7746;27;4946995;7746;595;9129;9308;4.27;0.26;350.69;10.65;1383;42;3181.00;179
7749;27;4947009;7749;590;9132;9308;4.27;0.26;350.75;10.65;1383;42;3182.00;176
7754;27;4947023;7754;580;9136;9312;4.23;0.26;350.84;10.65;1382;42;3183.00;176
7755;27;4947038;7755;582;9139;9312;4.24;0.26;350.85;10.65;1384;42;3184.00;173
7759;27;4947052;7759;574;9141;9312;4.20;0.26;350.92;10.65;1382;42;3185.00;171
7761;27;4947067;7761;584;9142;9315;4.23;0.26;351.00;10.65;1381;42;3186.00;173
7763;27;4947081;7763;583;9144;9315;4.25;0.26;351.00;10.65;1381;42;3187.00;171
7765;27;4947101;7765;587;9145;9315;4.27;0.26;351.10;10.65;1380;42;3188.00;170
7768;28;4947115;7768;583;9148;9319;4.31;0.26;351.22;10.65;1380;43;3189.00;171
7769;28;4947140;7769;585;9151;9320;4.39;0.27;351.21;10.64;1382;43;3190.00;169
7772;28;4947161;7772;574;9153;9322;4.38;0.27;351.27;10.64;1381;43;3191.00;169
7776;28;4947177;7776;559;9157;9326;4.42;0.27;351.22;10.64;1381;43;3192.00;169
7778;28;4947191;7778;556;9158;9326;4.42;0.27;351.30;10.64;1380;43;3193.00;168
7781;28;4947206;7781;550;9159;9326;4.40;0.27;351.31;10.71;1378;43;3194.00;167
7784;28;4947221;7784;534;9161;9328;4.39;0.27;351.38;10.71;1377;43;3195.00;167
7788;28;4947236;7788;536;9161;9328;4.40;0.27;351.48;10.71;1373;43;3196.00;167
7792;28;4947256;7792;532;9166;9334;4.39;0.27;351.55;10.70;1374;43;3197.00;168
7793;28;4947279;7793;525;9166;9334;4.40;0.27;351.53;10.70;1373;43;3198.00;168
7794;28;4947294;7794;527;9166;9335;4.41;0.27;351.64;10.70;1372;43;3199.00;169
7794;28;4947315;7794;524;9166;9335;4.49;0.27;351.64;10.70;1372;43;3200.00;169
7796;28;4947333;7796;532;9166;9335;4.51;0.27;351.78;10.70;1370;43;3201.00;169
7797;28;4947348;7797;527;9166;9335;4.56;0.28;351.86;10.70;1369;43;3202.00;169
7800;28;4947362;7800;522;9166;9335;4.63;0.28;351.87;10.70;1366;43;3203.00;169
7802;28;4947377;7802;517;9176;9347;4.76;0.29;351.95;10.77;1374;43;3204.00;171
7806;28;4947393;7806;522;9176;9347;4.80;0.29;352.09;10.77;1370;43;3205.00;171
7807;28;4947408;7807;519;9178;9347;4.88;0.30;352.08;10.77;1371;43;3206.00;169
7810;28;4947424;7810;515;9178;9347;4.91;0.30;352.16;10.77;1368;43;3207.00;169
7813;28;4947439;7813;518;9178;9347;4.92;0.30;352.22;10.77;1365;43;3208.00;169
7817;28;4947454;7817;515;9178;9347;4.92;0.30;352.35;10.77;1361;43;3209.00;169
7819;28;4947471;7819;514;9181;9351;4.91;0.30;352.43;10.76;1362;43;3210.00;170
7820;29;4947486;7820;515;9181;9351;4.91;0.30;352.51;10.76;1361;44;3211.00;170
7824;29;4947507;7824;520;9185;9355;4.94;0.30;352.67;10.76;1361;44;3212.00;170
7825;29;4947526;7825;517;9186;9356;4.97;0.30;352.69;10.76;1361;44;3213.00;170
7828;29;4947541;7828;519;9186;9356;4.97;0.30;352.72;10.76;1358;44;3214.00;170
7830;29;4947556;7830;522;9186;9356;5.00;0.30;352.77;10.76;1356;44;3215.00;170
7830;29;4947570;7830;534;9197;9369;5.08;0.31;352.77;10.74;1367;44;3216.00;172
7833;29;4947586;7833;533;9197;9369;5.08;0.31;352.86;10.74;1364;44;3217.00;172
7835;29;4947601;7835;532;9197;9369;5.09;0.31;352.89;10.74;1362;44;3218.00;172
7840;29;4947615;7840;534;9199;9370;5.04;0.31;352.88;10.82;1359;44;3219.00;171
7841;29;4947631;7841;538;9199;9371;5.05;0.31;352.92;10.82;1358;44;3220.00;172
7841;29;4947645;7841;532;9199;9371;5.08;0.31;352.92;10.82;1358;44;3221.00;172
7846;29;4947660;7846;539;9201;9374;5.09;0.31;352.96;10.82;1355;44;3222.00;173
7848;29;4947675;7848;539;9201;9374;5.09;0.31;352.99;10.82;1353;44;3223.00;173
7850;29;4947689;7850;539;9202;9374;5.08;0.31;352.97;10.81;1352;44;3224.00;172
7852;29;4947704;7852;543;9202;9374;5.00;0.30;352.94;10.81;1350;44;3225.00;172
7854;29;4947718;7854;544;9207;9380;4.99;0.30;353.01;10.81;1353;44;3226.00;173
7854;29;4947738;7854;547;9207;9380;4.96;0.30;353.01;10.81;1353;44;3227.00;173
7854;29;4947753;7854;540;9207;9380;4.96;0.30;353.01;10.81;1353;44;3228.00;173
7854;29;4947767;7854;522;9208;9380;4.98;0.30;353.01;10.88;1354;44;3229.00;172
7855;29;4947782;7855;516;9211;9384;4.95;0.30;353.09;10.88;1356;44;3230.00;173
7857;29;4947796;7857;511;9212;9385;4.94;0.30;353.23;10.88;1355;44;3231.00;173
7864;29;4947811;7864;495;9212;9385;4.93;0.30;353.59;10.88;1348;44;3232.00;173
7864;29;4947825;7864;496;9213;9386;4.98;0.30;353.59;10.88;1349;44;3233.00;173
7865;29;4947839;7865;482;9213;9386;4.99;0.30;353.56;10.88;1348;44;3234.00;173
7868;29;4947853;7868;478;9213;9386;4.99;0.30;353.73;10.88;1345;44;3235.00;173
7871;29;4947867;7871;481;9213;9386;4.95;0.30;353.80;10.88;1342;44;3236.00;173
7875;29;4947883;7875;485;9213;9386;4.90;0.30;353.98;10.88;1338;44;3237.00;173
7878;29;4947896;7878;469;9213;9386;4.88;0.30;353.95;10.88;1335;44;3238.00;173
7880;29;4947911;7880;466;9213;9386;4.90;0.30;354.01;10.88;1333;44;3239.00;173
7888;29;4947925;7888;481;9271;9511;5.02;0.31;354.33;10.92;1383;44;3240.00;240
7891;29;4947953;7891;480;9273;9512;4.99;0.31;354.36;10.92;1382;44;3241.00;239
7894;29;4947967;7894;471;9281;9512;4.95;0.30;354.39;10.91;1387;44;3242.00;231
7898;29;4947982;7898;474;9284;9512;4.94;0.30;354.54;10.91;1386;44;3243.00;228
7904;29;4947997;7904;480;9294;9512;4.93;0.30;354.66;10.97;1390;44;3244.00;218
7905;29;4948011;7905;490;9296;9512;4.89;0.30;354.74;10.97;1391;44;3245.00;216
7909;29;4948025;7909;486;9301;9512;4.87;0.30;354.77;10.97;1392;44;3246.00;211
7911;29;4948039;7911;484;9302;9512;4.82;0.29;354.81;10.97;1391;44;3247.00;210
7915;29;4948054;7915;489;9307;9513;4.76;0.29;354.76;10.96;1392;44;3248.00;206
7918;29;4948074;7918;480;9311;9514;4.76;0.29;354.88;10.96;1393;44;3249.00;203
7921;29;4948089;7921;480;9315;9514;4.76;0.29;354.95;10.96;1394;44;3250.00;199
7923;29;4948103;7923;491;9321;9518;4.72;0.29;354.92;10.96;1398;44;3251.00;197
7926;29;4948118;7926;490;9323;9518;4.69;0.29;355.11;10.96;1397;44;3252.00;195
7928;29;4948132;7928;491;9324;9518;4.67;0.29;355.26;10.96;1396;44;3253.00;194
7933;29;4948147;7933;494;9325;9518;4.55;0.28;355.52;10.96;1392;44;3254.00;193
7935;29;4948161;7935;498;9330;9524;4.54;0.28;355.63;10.96;1395;44;3255.00;194
7938;29;4948177;7938;508;9331;9524;4.52;0.28;355.70;10.95;1393;44;3256.00;193
7939;29;4948191;7939;506;9331;9524;4.48;0.27;355.69;10.95;1392;44;3257.00;193
7939;29;4948206;7939;515;9334;9527;4.49;0.28;355.69;11.02;1395;44;3258.00;193
7941;29;4948220;7941;524;9334;9527;4.43;0.27;355.73;11.02;1393;44;3259.00;193
7942;29;4948235;7942;525;9334;9527;4.39;0.27;355.72;11.02;1392;44;3260.00;193
7944;29;4948249;7944;528;9335;9528;4.33;0.27;355.72;11.02;1391;44;3261.00;193
7947;29;4948263;7947;540;9336;9529;4.27;0.26;355.74;11.02;1389;44;3262.00;193
7948;29;4948278;7948;548;9336;9529;4.23;0.26;355.75;11.02;1388;44;3263.00;193
7953;29;4948292;7953;563;9346;9542;4.24;0.26;355.81;11.01;1393;44;3264.00;196
7953;29;4948308;7953;567;9346;9542;4.28;0.26;355.81;11.01;1393;44;3265.00;196
7954;29;4948322;7954;578;9347;9542;4.28;0.26;355.81;11.06;1393;44;3266.00;195
7959;29;4948336;7959;575;9349;9543;4.25;0.26;355.77;11.06;1390;44;3267.00;194
7961;29;4948357;7961;582;9349;9543;4.25;0.26;355.71;11.06;1388;44;3268.00;194
7964;29;4948370;7964;585;9352;9547;4.19;0.26;355.71;11.06;1388;44;3269.00;195
7966;29;4948387;7966;592;9355;9547;4.13;0.25;355.65;11.17;1389;44;3270.00;192
7969;29;4948401;7969;601;9358;9551;4.06;0.25;355.60;11.17;1389;44;3271.00;193
7970;29;4948415;7970;597;9358;9551;4.02;0.25;355.57;11.17;1388;44;3272.00;193
7971;29;4948428;7971;605;9358;9551;3.99;0.24;355.57;11.17;1387;44;3273.00;193
7973;29;4948442;7973;612;9358;9551;3.92;0.24;355.51;11.17;1385;44;3274.00;193
7974;29;4948455;7974;618;9358;9551;3.86;0.24;355.48;11.17;1384;44;3275.00;193
7979;29;4948468;7979;626;9369;9563;3.89;0.24;355.53;11.15;1390;44;3276.00;194
7980;29;4948483;7980;628;9369;9563;3.86;0.24;355.52;11.15;1389;44;3277.00;194
7981;29;4948497;7981;638;9369;9563;3.84;0.24;355.48;11.15;1388;44;3278.00;194
7984;29;4948509;7984;639;9369;9563;3.84;0.24;355.57;11.15;1385;44;3279.00;194
7985;29;4948522;7985;649;9369;9563;3.81;0.23;355.53;11.15;1384;44;3280.00;194
7987;29;4948534;7987;647;9369;9563;3.77;0.23;355.46;11.15;1382;44;3281.00;194
7988;29;4948547;7988;659;9369;9564;3.71;0.23;355.43;11.15;1381;44;3282.00;195
7991;29;4948560;7991;659;9369;9564;3.66;0.23;355.49;11.15;1378;44;3283.00;195
7991;29;4948577;7991;652;9374;9570;3.68;0.23;355.49;11.15;1383;44;3284.00;196
7992;29;4948591;7992;651;9376;9572;3.67;0.23;355.46;11.15;1384;44;3285.00;196
7999;29;4948604;7999;654;9376;9572;3.60;0.22;355.41;11.15;1377;44;3286.00;196
8000;29;4948617;8000;652;9376;9572;3.57;0.22;355.39;11.15;1376;44;3287.00;196
8001;29;4948629;8001;651;9379;9576;3.62;0.22;355.38;11.14;1378;44;3288.00;197
8001;29;4948643;8001;647;9379;9576;3.62;0.22;355.38;11.14;1378;44;3289.00;197
8003;29;4948655;8003;647;9379;9576;3.58;0.22;355.33;11.14;1376;44;3290.00;197
8005;29;4948667;8005;651;9380;9577;3.57;0.22;355.31;11.14;1375;44;3291.00;197
8008;29;4948679;8008;654;9383;9581;3.56;0.22;355.33;11.14;1375;44;3292.00;198
8009;29;4948692;8009;658;9383;9581;3.51;0.22;355.29;11.14;1374;44;3293.00;198
8010;29;4948704;8010;654;9385;9584;3.56;0.22;355.26;11.14;1375;44;3294.00;199
8011;29;4948716;8011;659;9385;9584;3.56;0.22;355.22;11.14;1374;44;3295.00;199
8015;29;4948728;8015;656;9386;9584;3.49;0.21;355.23;11.13;1371;44;3296.00;198
8017;29;4948741;8017;660;9386;9584;3.44;0.21;355.18;11.13;1369;44;3297.00;198
8019;29;4948753;8019;662;9390;9588;3.43;0.21;355.19;11.13;1371;44;3298.00;198
8020;29;4948765;8020;661;9390;9588;3.37;0.21;355.20;11.13;1370;44;3299.00;198
8024;29;4948779;8024;656;9395;9607;3.26;0.20;355.31;11.12;1371;44;3300.00;212
8025;29;4948798;8025;637;9395;9607;3.22;0.20;355.29;11.12;1370;44;3301.00;212
8028;29;4948810;8028;618;9395;9608;3.22;0.20;355.34;11.12;1367;44;3302.00;213
8032;29;4948822;8032;597;9396;9609;3.22;0.20;355.33;11.12;1364;44;3303.00;213
8034;29;4948835;8034;581;9396;9609;3.24;0.20;355.39;11.12;1362;44;3304.00;213
8035;29;4948847;8035;580;9397;9610;3.28;0.20;355.40;11.12;1362;44;3305.00;213
8037;29;4948860;8037;581;9399;9610;3.31;0.20;355.39;11.12;1362;44;3306.00;211
8042;29;4948873;8042;570;9399;9610;3.32;0.20;355.34;11.12;1357;44;3307.00;211
8045;29;4948891;8045;563;9399;9610;3.39;0.21;355.34;11.12;1354;44;3308.00;211
8046;29;4948904;8046;553;9399;9610;3.44;0.21;355.36;11.12;1353;44;3309.00;211
8049;29;4948916;8049;553;9399;9610;3.46;0.21;355.44;11.12;1350;44;3310.00;211
8051;29;4948928;8051;550;9400;9610;3.45;0.21;355.41;11.19;1349;44;3311.00;210
8053;29;4948942;8053;554;9464;9737;3.86;0.24;355.42;11.12;1411;46;3312.00;273
8054;29;4948982;8054;534;9467;9738;3.92;0.24;355.41;11.12;1413;46;3313.00;271
8057;29;4948997;8057;533;9475;9738;3.97;0.25;355.33;11.11;1418;46;3314.00;263
8060;29;4949016;8060;529;9479;9738;4.04;0.25;355.40;11.10;1419;46;3315.00;259
8063;29;4949030;8063;525;9485;9738;4.06;0.25;355.34;11.10;1422;46;3316.00;253
8066;29;4949045;8066;516;9488;9738;4.04;0.25;355.39;11.10;1422;46;3317.00;250
8068;29;4949059;8068;526;9494;9738;4.07;0.25;355.41;11.10;1426;46;3318.00;244
8070;29;4949073;8070;520;9497;9738;4.12;0.25;355.41;11.10;1427;46;3319.00;241
8073;29;4949087;8073;534;9500;9739;4.11;0.25;355.34;11.09;1427;46;3320.00;239
8075;29;4949102;8075;525;9502;9740;4.10;0.25;355.36;11.09;1427;46;3321.00;238
8078;29;4949116;8078;518;9504;9740;4.10;0.25;355.39;11.09;1426;46;3322.00;236
8082;29;4949131;8082;512;9505;9741;4.11;0.25;355.41;11.09;1423;46;3323.00;236
8086;29;4949146;8086;514;9508;9741;4.11;0.25;355.50;11.10;1422;46;3324.00;233
8090;29;4949162;8090;515;9511;9741;4.13;0.25;355.42;11.10;1421;46;3325.00;230
8094;29;4949176;8094;513;9513;9741;4.13;0.25;355.40;11.10;1419;46;3326.00;228
8098;29;4949191;8098;505;9516;9745;4.15;0.26;355.40;11.10;1418;46;3327.00;229
8100;29;4949206;8100;511;9519;9745;4.14;0.26;355.47;11.17;1419;46;3328.00;226
8105;29;4949221;8105;517;9521;9745;4.14;0.26;355.52;11.17;1416;46;3329.00;224
8107;29;4949238;8107;514;9524;9751;4.19;0.26;355.52;11.17;1417;46;3330.00;227
8109;29;4949253;8109;507;9525;9751;4.19;0.26;355.54;11.17;1416;46;3331.00;226
8113;29;4949268;8113;506;9527;9751;4.17;0.26;355.66;11.17;1414;46;3332.00;224
8116;29;4949283;8116;499;9530;9755;4.22;0.26;355.65;11.17;1414;46;3333.00;225
8119;29;4949297;8119;502;9532;9756;4.27;0.26;355.69;11.17;1413;46;3334.00;224
8121;29;4949313;8121;503;9532;9756;4.31;0.27;355.75;11.17;1411;46;3335.00;224
8126;29;4949327;8126;508;9538;9760;4.33;0.27;355.81;11.17;1412;46;3336.00;222
8131;29;4949343;8131;509;9538;9760;4.35;0.27;355.84;11.17;1407;46;3337.00;222
8135;29;4949357;8135;514;9538;9760;4.35;0.27;355.89;11.17;1403;46;3338.00;222
8139;29;4949373;8139;519;9539;9761;4.34;0.27;355.96;11.17;1400;46;3339.00;222
8144;29;4949387;8144;520;9541;9761;4.31;0.27;356.04;11.17;1397;46;3340.00;220
8150;29;4949402;8150;523;9544;9767;4.24;0.26;356.15;11.17;1394;46;3341.00;223
8153;29;4949417;8153;525;9547;9767;4.22;0.26;356.20;11.17;1394;46;3342.00;220
8155;29;4949430;8155;524;9548;9768;4.19;0.26;356.22;11.17;1393;46;3343.00;220
8160;29;4949445;8160;529;9552;9768;4.14;0.26;356.40;11.17;1392;46;3344.00;216
8163;29;4949459;8163;532;9552;9768;4.15;0.26;356.42;11.17;1389;46;3345.00;216
8169;29;4949474;8169;540;9552;9768;4.13;0.25;356.73;11.17;1383;46;3346.00;216
8170;29;4949488;8170;533;9554;9768;4.16;0.26;356.83;11.18;1384;46;3347.00;214
8174;29;4949503;8174;522;9562;9780;4.26;0.26;356.86;11.17;1388;46;3348.00;218
8179;29;4949518;8179;516;9565;9780;4.28;0.26;356.96;11.23;1386;46;3349.00;215
8181;29;4949533;8181;514;9566;9780;4.30;0.26;357.02;11.23;1385;46;3350.00;214
8183;29;4949549;8183;512;9566;9780;4.32;0.27;357.03;11.23;1383;46;3351.00;214
8187;29;4949563;8187;505;9566;9780;4.37;0.27;357.28;11.23;1379;46;3352.00;214
8189;29;4949578;8189;499;9566;9780;4.42;0.27;357.30;11.23;1377;46;3353.00;214
8194;29;4949593;8194;501;9569;9784;4.43;0.27;357.40;11.23;1375;46;3354.00;215
8198;29;4949614;8198;496;9569;9784;4.43;0.27;357.49;11.23;1371;46;3355.00;215
8201;29;4949628;8201;484;9573;9788;4.46;0.27;357.48;11.23;1372;46;3356.00;215
8208;29;4949644;8208;475;9574;9789;4.52;0.28;357.69;11.23;1366;46;3357.00;215
8213;29;4949660;8213;470;9574;9789;4.57;0.28;357.83;11.23;1361;46;3358.00;215
8218;29;4949676;8218;463;9574;9789;4.61;0.28;357.99;11.23;1356;46;3359.00;215
8221;29;4949693;8221;474;9598;9818;4.65;0.28;358.04;11.20;1377;46;3360.00;220
8223;29;4949711;8223;468;9599;9818;4.68;0.28;358.21;11.20;1376;46;3361.00;219
8228;29;4949726;8228;464;9599;9818;4.72;0.29;358.28;11.20;1371;46;3362.00;219
8230;29;4949743;8230;463;9600;9819;4.76;0.29;358.28;11.20;1370;46;3363.00;219
8231;29;4949759;8231;464;9600;9820;4.80;0.29;358.30;11.20;1369;46;3364.00;220
8234;29;4949774;8234;468;9600;9820;4.77;0.29;358.46;11.20;1366;46;3365.00;220
8237;29;4949788;8237;468;9603;9823;4.81;0.29;358.74;11.19;1366;46;3366.00;220
8238;29;4949804;8238;476;9603;9823;4.84;0.29;358.77;11.19;1365;46;3367.00;220
8242;29;4949819;8242;469;9604;9823;4.79;0.29;358.92;11.26;1362;46;3368.00;219
8244;29;4949835;8244;463;9604;9823;4.81;0.29;358.93;11.26;1360;46;3369.00;219
8248;29;4949850;8248;467;9609;9829;4.80;0.29;358.89;11.25;1361;46;3370.00;220
8252;29;4949866;8252;470;9609;9829;4.79;0.29;359.09;11.25;1357;46;3371.00;220
8253;29;4949881;8253;467;9609;9829;4.77;0.29;359.19;11.25;1356;46;3372.00;220
8254;29;4949896;8254;467;9609;9829;4.78;0.29;359.17;11.25;1355;46;3373.00;220
8255;29;4949911;8255;464;9612;9833;4.74;0.29;359.14;11.25;1357;46;3374.00;221
8256;29;4949926;8256;467;9614;9835;4.71;0.29;359.19;11.25;1358;46;3375.00;221
8256;29;4949941;8256;473;9614;9835;4.68;0.29;359.19;11.25;1358;46;3376.00;221
8258;29;4949955;8258;469;9615;9836;4.70;0.29;359.38;11.25;1357;46;3377.00;221
8259;29;4949970;8259;478;9615;9836;4.67;0.28;359.38;11.25;1356;46;3378.00;221
8267;29;4949985;8267;479;9615;9836;4.60;0.28;359.79;11.25;1348;46;3379.00;221
8269;29;4950001;8269;477;9615;9836;4.58;0.28;359.90;11.25;1346;46;3380.00;221
8272;29;4950015;8272;472;9616;9836;4.60;0.28;359.97;11.32;1344;46;3381.00;220
8275;29;4950029;8275;472;9616;9836;4.61;0.28;359.99;11.32;1341;46;3382.00;220
8277;29;4950044;8277;469;9616;9836;4.64;0.28;360.01;11.32;1339;46;3383.00;220
8279;29;4950058;8279;493;9653;9906;4.65;0.28;360.15;11.27;1374;46;3384.00;253
8281;29;4950078;8281;492;9653;9907;4.63;0.28;360.15;11.27;1372;46;3385.00;254
8282;29;4950093;8282;490;9658;9907;4.66;0.28;360.22;11.27;1376;46;3386.00;249
8284;29;4950107;8284;489;9660;9907;4.62;0.28;360.23;11.27;1376;46;3387.00;247
8284;29;4950122;8284;497;9662;9907;4.59;0.28;360.23;11.27;1378;46;3388.00;245
8285;29;4950135;8285;506;9664;9907;4.57;0.28;360.24;11.27;1379;46;3389.00;243
8287;29;4950151;8287;518;9667;9907;4.61;0.28;360.25;11.26;1380;46;3390.00;240
8287;29;4950165;8287;522;9669;9907;4.67;0.28;360.25;11.26;1382;46;3391.00;238
8288;29;4950179;8288;526;9671;9908;4.67;0.28;360.26;11.26;1383;46;3392.00;237
8288;29;4950193;8288;515;9673;9909;4.71;0.29;360.26;11.26;1385;46;3393.00;236
8288;29;4950208;8288;514;9675;9909;4.72;0.29;360.26;11.26;1387;46;3394.00;234
8288;29;4950221;8288;510;9680;9913;4.72;0.29;360.26;11.26;1392;46;3395.00;233
8291;29;4950235;8291;505;9681;9913;4.71;0.29;360.42;11.26;1390;46;3396.00;232
8294;29;4950251;8294;496;9681;9913;4.71;0.29;360.45;11.26;1387;46;3397.00;232
8297;29;4950265;8297;497;9681;9913;4.69;0.29;360.60;11.26;1384;46;3398.00;232
8299;29;4950279;8299;496;9686;9919;4.69;0.29;360.58;11.25;1387;46;3399.00;233
8304;29;4950295;8304;489;9689;9919;4.69;0.28;360.73;11.25;1385;46;3400.00;230
8309;29;4950313;8309;493;9689;9919;4.66;0.28;360.80;11.25;1380;46;3401.00;230
8312;29;4950340;8312;500;9692;9922;4.62;0.28;360.88;11.25;1380;46;3402.00;230
8313;29;4950360;8313;504;9692;9922;4.63;0.28;360.89;11.25;1379;46;3403.00;230
8317;29;4950373;8317;506;9693;9922;4.53;0.28;360.92;11.25;1376;46;3404.00;229
8321;29;4950388;8321;502;9695;9923;4.52;0.27;360.90;11.32;1374;46;3405.00;228
8322;29;4950405;8322;501;9696;9924;4.53;0.28;360.91;11.32;1374;46;3406.00;228
8324;29;4950420;8324;502;9696;9924;4.52;0.28;360.92;11.32;1372;46;3407.00;228
8327;29;4950434;8327;507;9705;9937;4.51;0.27;360.90;11.31;1378;46;3408.00;232
8330;29;4950451;8330;509;9706;9937;4.49;0.27;360.87;11.31;1376;46;3409.00;231
8331;29;4950464;8331;511;9706;9937;4.47;0.27;360.89;11.31;1375;46;3410.00;231
8333;29;4950479;8333;514;9707;9938;4.47;0.27;361.00;11.31;1374;46;3411.00;231
8335;29;4950493;8335;521;9708;9938;4.42;0.27;361.06;11.31;1373;46;3412.00;230
8338;29;4950507;8338;527;9711;9942;4.42;0.27;361.07;11.30;1373;46;3413.00;231
8342;29;4950522;8342;531;9711;9942;4.39;0.27;361.13;11.30;1369;46;3414.00;231
8344;29;4950535;8344;537;9714;9946;4.34;0.26;361.19;11.30;1370;46;3415.00;232
8345;29;4950550;8345;544;9716;9946;4.34;0.26;361.21;11.30;1371;46;3416.00;230
8345;29;4950564;8345;543;9716;9946;4.34;0.26;361.21;11.30;1371;46;3417.00;230
8346;29;4950578;8346;551;9716;9946;4.33;0.26;361.18;11.30;1370;46;3418.00;230
8348;29;4950591;8348;559;9716;9946;4.34;0.27;361.19;11.30;1368;46;3419.00;230
8349;29;4950607;8349;562;9739;9980;4.42;0.27;361.16;11.27;1390;46;3420.00;241
8355;29;4950623;8355;561;9742;9980;4.31;0.26;361.21;11.27;1387;46;3421.00;238
8356;29;4950638;8356;553;9744;9980;4.31;0.26;361.20;11.27;1388;46;3422.00;236
8358;29;4950651;8358;557;9744;9980;4.25;0.26;361.19;11.27;1386;46;3423.00;236
8359;29;4950666;8359;565;9745;9980;4.23;0.26;361.19;11.27;1386;46;3424.00;235
8361;29;4950680;8361;563;9745;9980;4.21;0.26;361.14;11.27;1384;46;3425.00;235
8365;29;4950694;8365;571;9745;9981;4.16;0.26;361.15;11.27;1380;46;3426.00;236
8366;29;4950708;8366;571;9745;9981;4.11;0.25;361.17;11.27;1379;46;3427.00;236
8369;29;4950722;8369;581;9750;9987;4.10;0.25;361.17;11.26;1381;46;3428.00;237
8372;29;4950742;8372;592;9751;9988;4.02;0.25;361.17;11.26;1379;46;3429.00;237
8373;29;4950755;8373;592;9751;9988;3.97;0.24;361.20;11.26;1378;46;3430.00;237
8374;29;4950769;8374;598;9751;9988;3.93;0.24;361.17;11.26;1377;46;3431.00;237
8377;29;4950783;8377;599;9754;9992;3.93;0.24;361.21;11.26;1377;46;3432.00;238
8381;29;4950796;8381;610;9754;9992;3.85;0.24;361.09;11.26;1373;46;3433.00;238
8382;29;4950810;8382;607;9754;9992;3.79;0.23;361.09;11.26;1372;46;3434.00;238
8383;29;4950823;8383;621;9755;9993;3.80;0.23;361.07;11.26;1372;46;3435.00;238
8386;29;4950835;8386;632;9758;9997;3.72;0.23;361.05;11.25;1372;46;3436.00;239
8388;29;4950849;8388;634;9758;9997;3.66;0.23;361.14;11.25;1370;46;3437.00;239
8390;29;4950862;8390;643;9761;10000;3.66;0.22;361.18;11.25;1371;46;3438.00;239
8391;29;4950875;8391;654;9761;10000;3.64;0.22;361.14;11.25;1370;46;3439.00;239
8393;29;4950888;8393;650;9761;10000;3.61;0.22;361.09;11.25;1368;46;3440.00;239
8396;29;4950900;8396;653;9761;10000;3.55;0.22;361.00;11.25;1365;46;3441.00;239
8398;29;4950913;8398;654;9765;10004;3.54;0.22;360.92;11.24;1367;46;3442.00;239
8399;29;4950926;8399;657;9765;10004;3.53;0.22;360.90;11.24;1366;46;3443.00;239
8402;29;4950938;8402;656;9765;10004;3.46;0.21;361.03;11.24;1363;46;3444.00;239
8402;29;4950950;8402;652;9765;10004;3.40;0.21;361.03;11.24;1363;46;3445.00;239
8406;29;4950962;8406;654;9765;10005;3.28;0.20;361.00;11.24;1359;46;3446.00;240
8407;29;4950974;8407;653;9766;10006;3.25;0.20;361.04;11.24;1359;46;3447.00;240
8408;29;4950986;8408;644;9766;10006;3.20;0.20;361.02;11.24;1358;46;3448.00;240
8408;29;4950998;8408;637;9767;10007;3.24;0.20;361.02;11.24;1359;46;3449.00;240
8409;29;4951012;8409;631;9767;10007;3.25;0.20;360.99;11.24;1358;46;3450.00;240
8411;29;4951024;8411;611;9767;10007;3.28;0.20;361.03;11.24;1356;46;3451.00;240
8413;29;4951036;8413;606;9767;10007;3.33;0.20;361.05;11.24;1354;46;3452.00;240
8414;29;4951049;8414;595;9767;10007;3.36;0.20;361.05;11.24;1353;46;3453.00;240
8415;29;4951061;8415;587;9767;10007;3.40;0.21;361.11;11.24;1352;46;3454.00;240
8416;29;4951084;8416;578;9767;10007;3.47;0.21;361.08;11.24;1351;46;3455.00;240
8418;29;4951096;8418;593;9831;10134;3.78;0.23;361.09;11.17;1413;46;3456.00;303
8418;29;4951118;8418;588;9833;10135;3.78;0.23;361.09;11.17;1415;46;3457.00;302
8419;29;4951131;8419;570;9839;10135;3.84;0.24;361.12;11.16;1420;46;3458.00;296
8421;29;4951144;8421;567;9846;10135;3.88;0.24;361.07;11.16;1425;46;3459.00;289
8422;29;4951157;8422;564;9850;10135;3.88;0.24;361.10;11.15;1428;46;3460.00;285
8424;29;4951170;8424;563;9854;10135;3.86;0.24;361.18;11.15;1430;46;3461.00;281
8425;29;4951183;8425;558;9855;10135;3.88;0.24;361.20;11.15;1430;46;3462.00;280
8429;29;4951201;8429;564;9856;10135;3.84;0.24;361.17;11.15;1427;46;3463.00;279
8430;29;4951214;8430;570;9857;10136;3.86;0.24;361.23;11.15;1427;46;3464.00;279
8433;29;4951228;8433;555;9860;10138;3.88;0.24;361.24;11.15;1427;46;3465.00;278
8434;29;4951241;8434;554;9861;10138;3.91;0.24;361.25;11.15;1427;46;3466.00;277
8435;29;4951254;8435;551;9862;10139;3.96;0.24;361.25;11.15;1427;46;3467.00;277
8438;29;4951267;8438;531;9864;10139;3.96;0.24;361.21;11.15;1426;46;3468.00;275
8440;29;4951281;8440;534;9864;10139;3.99;0.25;361.32;11.15;1424;46;3469.00;275
8442;29;4951294;8442;534;9865;10139;4.00;0.25;361.28;11.15;1423;46;3470.00;274
8446;29;4951308;8446;525;9868;10143;4.01;0.25;361.24;11.15;1422;46;3471.00;275
8448;29;4951323;8448;521;9869;10143;4.02;0.25;361.20;11.15;1421;46;3472.00;274
8451;29;4951337;8451;519;9870;10143;4.05;0.25;361.26;11.15;1419;46;3473.00;273
8454;29;4951351;8454;511;9870;10146;4.10;0.25;361.43;11.15;1416;46;3474.00;276
8457;29;4951365;8457;508;9871;10146;4.15;0.25;361.44;11.14;1414;46;3475.00;275
8457;29;4951379;8457;506;9871;10146;4.19;0.26;361.44;11.14;1414;46;3476.00;275
8465;29;4951393;8465;495;9874;10150;4.17;0.26;361.38;11.14;1409;46;3477.00;276
8470;29;4951407;8470;497;9875;10151;4.18;0.26;361.44;11.14;1405;46;3478.00;276
8474;29;4951421;8474;496;9875;10151;4.19;0.26;361.44;11.14;1401;46;3479.00;276
8482;29;4951438;8482;501;9879;10156;4.20;0.26;361.42;11.14;1397;46;3480.00;277
8487;29;4951453;8487;505;9879;10156;4.22;0.26;361.48;11.14;1392;46;3481.00;277
8490;29;4951468;8490;503;9879;10156;4.25;0.26;361.68;11.14;1389;46;3482.00;277
8494;29;4951483;8494;501;9879;10157;4.24;0.26;361.71;11.14;1385;46;3483.00;278
8499;29;4951503;8499;493;9879;10157;4.21;0.26;361.77;11.14;1380;46;3484.00;278
8502;29;4951518;8502;497;9883;10163;4.20;0.26;361.83;11.13;1381;46;3485.00;280
8503;29;4951532;8503;488;9883;10163;4.26;0.26;361.84;11.13;1380;46;3486.00;280
8507;29;4951547;8507;487;9883;10164;4.28;0.26;361.83;11.13;1376;46;3487.00;281
8509;29;4951562;8509;483;9883;10164;4.30;0.26;361.83;11.13;1374;46;3488.00;281
8514;29;4951576;8514;487;9883;10164;4.33;0.26;361.84;11.13;1369;46;3489.00;281
8515;29;4951591;8515;484;9883;10164;4.33;0.26;361.86;11.13;1368;46;3490.00;281
8517;29;4951605;8517;487;9883;10164;4.32;0.26;361.97;11.13;1366;46;3491.00;281
8520;29;4951619;8520;491;9892;10176;4.33;0.26;361.97;11.12;1372;46;3492.00;284
8521;29;4951635;8521;492;9892;10176;4.33;0.26;361.99;11.12;1371;46;3493.00;284
8524;29;4951650;8524;490;9892;10176;4.33;0.26;362.06;11.12;1368;46;3494.00;284
8529;29;4951664;8529;491;9892;10176;4.25;0.26;362.16;11.12;1363;46;3495.00;284
8531;29;4951680;8531;487;9892;10176;4.31;0.26;362.26;11.12;1361;46;3496.00;284
8537;29;4951695;8537;474;9893;10176;4.32;0.26;362.24;11.12;1356;46;3497.00;283
8543;29;4951709;8543;475;9896;10180;4.34;0.26;362.24;11.12;1353;46;3498.00;284
8546;29;4951725;8546;477;9896;10180;4.37;0.26;362.27;11.12;1350;46;3499.00;284
8549;29;4951739;8549;475;9898;10184;4.38;0.27;362.31;11.12;1349;46;3500.00;286
8552;29;4951763;8552;468;9898;10185;4.41;0.27;362.27;11.12;1346;46;3501.00;287
8556;29;4951778;8556;464;9899;10185;4.43;0.27;362.42;11.12;1343;46;3502.00;286
8558;29;4951793;8558;470;9899;10185;4.47;0.27;362.42;11.12;1341;46;3503.00;286
8561;29;4951808;8561;465;9908;10198;4.49;0.27;362.49;11.11;1347;46;3504.00;290
8563;29;4951823;8563;460;9910;10198;4.48;0.27;362.53;11.12;1347;46;3505.00;288
8566;29;4951838;8566;461;9910;10198;4.54;0.28;362.51;11.12;1344;46;3506.00;288
8569;29;4951853;8569;462;9912;10199;4.60;0.28;362.47;11.12;1343;46;3507.00;287
8573;29;4951867;8573;455;9912;10200;4.61;0.28;362.47;11.12;1339;46;3508.00;288
8575;29;4951882;8575;458;9913;10200;4.62;0.28;362.46;11.13;1338;46;3509.00;287
8579;29;4951899;8579;457;9916;10206;4.60;0.28;362.46;11.13;1337;46;3510.00;290
8582;29;4951913;8582;461;9920;10206;4.61;0.28;362.69;11.14;1338;46;3511.00;286
8582;29;4951928;8582;447;9920;10206;4.64;0.28;362.69;11.14;1338;46;3512.00;286
8587;29;4951942;8587;446;9922;10206;4.64;0.28;362.76;11.15;1335;46;3513.00;284
8590;29;4951958;8590;436;9926;10212;4.64;0.28;362.95;11.14;1336;46;3514.00;286
8594;29;4951972;8594;436;9927;10212;4.62;0.28;363.04;11.15;1333;46;3515.00;285
8597;29;4951988;8597;439;9927;10212;4.65;0.28;363.05;11.15;1330;46;3516.00;285
8600;29;4952003;8600;439;9930;10212;4.70;0.28;363.15;11.16;1330;46;3517.00;282
8605;29;4952018;8605;448;9933;10216;4.69;0.28;363.40;11.16;1328;46;3518.00;283
8609;29;4952034;8609;449;9936;10219;4.67;0.28;363.46;11.16;1327;46;3519.00;283
8612;29;4952049;8612;450;9938;10219;4.65;0.28;363.56;11.17;1326;46;3520.00;281
8615;29;4952064;8615;443;9940;10220;4.65;0.28;363.55;11.17;1325;46;3521.00;280
8618;29;4952079;8618;439;9941;10220;4.69;0.28;363.50;11.17;1323;46;3522.00;279
8622;29;4952094;8622;439;9941;10220;4.72;0.29;363.45;11.17;1319;46;3523.00;279
8626;29;4952109;8626;434;9943;10220;4.78;0.29;363.50;11.18;1317;46;3524.00;277
8628;29;4952124;8628;437;9946;10220;4.83;0.29;363.52;11.27;1318;46;3525.00;274
8630;29;4952139;8630;437;9946;10220;4.83;0.29;363.46;11.27;1316;46;3526.00;274
8634;29;4952153;8634;443;9948;10220;4.80;0.29;363.49;11.28;1314;46;3527.00;272
8636;29;4952169;8636;457;9990;10290;4.79;0.29;363.50;11.23;1354;46;3528.00;300
8637;29;4952190;8637;453;9993;10291;4.90;0.30;363.48;11.24;1356;46;3529.00;298
8639;29;4952206;8639;448;9996;10291;4.97;0.30;363.66;11.24;1357;46;3530.00;295
8640;29;4952221;8640;448;9998;10291;4.99;0.30;363.82;11.24;1358;46;3531.00;293
8642;29;4952236;8642;454;10000;10291;5.02;0.30;363.90;11.24;1358;46;3532.00;291
8644;29;4952252;8644;446;10001;10291;5.02;0.30;364.02;11.24;1357;46;3533.00;290
8646;29;4952267;8646;446;10002;10291;5.01;0.30;364.05;11.25;1356;46;3534.00;289
8647;29;4952282;8647;450;10005;10291;5.03;0.31;364.15;11.24;1358;46;3535.00;286
8651;29;4952297;8651;452;10006;10292;5.05;0.31;364.36;11.24;1355;46;3536.00;286
8651;29;4952313;8651;449;10007;10293;5.05;0.31;364.36;11.25;1356;46;3537.00;286
8654;29;4952327;8654;455;10010;10293;5.02;0.30;364.51;11.25;1356;46;3538.00;283
8658;29;4952348;8658;454;10014;10297;4.99;0.30;364.61;11.25;1356;46;3539.00;283
8659;29;4952366;8659;452;10016;10297;4.98;0.30;364.67;11.25;1357;46;3540.00;281
8661;29;4952380;8661;455;10018;10297;4.98;0.30;364.74;11.33;1357;46;3541.00;279
8663;29;4952395;8663;447;10020;10297;4.96;0.30;364.73;11.33;1357;46;3542.00;277
8664;29;4952409;8664;449;10025;10303;4.91;0.30;364.74;11.32;1361;46;3543.00;278
8664;29;4952424;8664;453;10026;10303;4.90;0.30;364.74;11.32;1362;46;3544.00;277
8665;29;4952439;8665;462;10026;10303;4.91;0.30;364.79;11.32;1361;46;3545.00;277
8667;29;4952454;8667;466;10029;10306;4.92;0.30;364.79;11.32;1362;46;3546.00;277
8668;29;4952469;8668;472;10030;10306;4.97;0.30;364.81;11.33;1362;46;3547.00;276
8671;29;4952483;8671;485;10031;10306;4.96;0.30;364.84;11.33;1360;46;3548.00;275
8674;29;4952498;8674;483;10033;10307;5.00;0.31;364.95;11.33;1359;46;3549.00;274
8675;29;4952513;8675;485;10035;10308;5.00;0.31;365.00;11.33;1360;46;3550.00;273
8675;29;4952527;8675;490;10035;10308;5.00;0.31;365.00;11.33;1360;46;3551.00;273
8679;29;4952541;8679;491;10045;10321;5.01;0.31;365.11;11.32;1366;46;3552.00;276
8680;29;4952556;8680;489;10048;10321;5.03;0.31;365.12;11.56;1368;47;3553.00;273
8683;29;4952578;8683;491;10051;10321;4.98;0.30;365.19;11.56;1368;47;3554.00;270
8684;29;4952593;8684;491;10054;10323;4.99;0.31;365.19;11.56;1370;47;3555.00;269
8689;29;4952608;8689;495;10054;10323;4.95;0.30;365.20;11.56;1365;47;3556.00;269
8695;29;4952622;8695;492;10057;10327;4.89;0.30;365.33;11.55;1362;47;3557.00;270
8697;29;4952638;8697;487;10059;10327;4.87;0.30;365.39;11.55;1362;47;3558.00;268
8700;29;4952652;8700;491;10063;10331;4.82;0.29;365.50;11.55;1363;47;3559.00;268
8703;29;4952667;8703;495;10063;10331;4.79;0.29;365.46;11.55;1360;47;3560.00;268
8707;29;4952681;8707;494;10063;10331;4.76;0.29;365.43;11.55;1356;47;3561.00;268
8710;29;4952695;8710;484;10063;10331;4.72;0.29;365.47;11.55;1353;47;3562.00;268
8712;29;4952709;8712;480;10063;10331;4.70;0.29;365.52;11.55;1351;47;3563.00;268
8713;29;4952728;8713;477;10072;10343;4.75;0.29;365.57;11.54;1359;47;3564.00;271
8715;29;4952744;8715;482;10072;10343;4.72;0.29;365.57;11.54;1357;47;3565.00;271
8717;29;4952758;8717;476;10074;10343;4.71;0.29;365.61;11.54;1357;47;3566.00;269
8717;29;4952772;8717;480;10074;10343;4.68;0.28;365.61;11.54;1357;47;3567.00;269
8721;29;4952785;8721;481;10074;10343;4.61;0.28;365.64;11.54;1353;47;3568.00;269
8724;29;4952799;8724;485;10074;10343;4.60;0.28;365.67;11.54;1350;47;3569.00;269
8727;29;4952814;8727;489;10074;10344;4.56;0.28;365.58;11.54;1347;47;3570.00;270
8730;29;4952828;8730;491;10075;10344;4.55;0.28;365.60;11.61;1345;47;3571.00;269
8734;29;4952842;8734;494;10080;10350;4.54;0.28;365.68;11.61;1346;47;3572.00;270
8738;29;4952858;8738;488;10081;10351;4.48;0.27;365.60;11.60;1343;48;3573.00;270
8739;29;4952876;8739;489;10081;10351;4.41;0.27;365.61;11.60;1342;48;3574.00;270
8739;29;4952889;8739;493;10081;10351;4.40;0.27;365.61;11.60;1342;48;3575.00;270
8744;29;4952903;8744;505;10084;10355;4.33;0.26;365.68;11.60;1340;48;3576.00;271
8747;29;4952917;8747;509;10084;10355;4.26;0.26;365.65;11.60;1337;48;3577.00;271
8750;29;4952936;8750;518;10084;10355;4.20;0.26;365.71;11.60;1334;48;3578.00;271
8752;29;4952950;8752;521;10085;10356;4.13;0.25;365.68;11.60;1333;48;3579.00;271
8754;29;4952964;8754;529;10088;10360;4.08;0.25;365.66;11.60;1334;48;3580.00;272
8756;29;4952977;8756;536;10088;10360;4.03;0.24;365.68;11.60;1332;48;3581.00;272
8758;29;4952991;8758;543;10090;10363;4.00;0.24;365.72;11.59;1332;48;3582.00;273
8759;29;4953004;8759;550;10090;10363;3.95;0.24;365.69;11.59;1331;48;3583.00;273
8761;29;4953017;8761;552;10091;10363;3.90;0.24;365.65;11.59;1330;48;3584.00;272
8763;29;4953031;8763;561;10091;10363;3.85;0.23;365.66;11.59;1328;48;3585.00;272
8763;29;4953044;8763;566;10095;10367;3.88;0.24;365.66;11.59;1332;48;3586.00;272
8764;29;4953057;8764;564;10095;10367;3.85;0.24;365.66;11.59;1331;48;3587.00;272
8767;29;4953070;8767;571;10095;10367;3.80;0.23;365.78;11.59;1328;48;3588.00;272
8767;29;4953084;8767;570;10095;10367;3.83;0.23;365.78;11.59;1328;48;3589.00;272
8768;29;4953096;8768;579;10095;10368;3.79;0.23;365.77;11.59;1327;48;3590.00;273
8770;29;4953109;8770;578;10096;10369;3.77;0.23;365.84;11.59;1326;48;3591.00;273
8771;29;4953122;8771;581;10096;10369;3.70;0.23;365.83;11.59;1325;48;3592.00;273
8771;29;4953135;8771;582;10097;10370;3.69;0.23;365.83;11.59;1326;48;3593.00;273
8772;29;4953148;8772;590;10097;10370;3.67;0.22;365.82;11.59;1325;48;3594.00;273
8773;29;4953161;8773;582;10097;10370;3.70;0.23;365.79;11.59;1324;48;3595.00;273
8775;29;4953174;8775;577;10097;10370;3.70;0.23;365.79;11.59;1322;48;3596.00;273
8776;29;4953187;8776;576;10098;10370;3.71;0.23;365.78;11.67;1322;48;3597.00;272
8776;29;4953200;8776;571;10099;10370;3.73;0.23;365.78;11.75;1323;48;3598.00;271
8778;29;4953213;8778;575;10099;10370;3.72;0.23;365.81;11.75;1321;48;3599.00;271
8779;29;4953227;8779;607;10199;10623;4.12;0.26;365.89;11.64;1420;48;3600.00;424
8781;29;4953262;8781;608;10202;10624;4.12;0.26;365.93;11.64;1421;48;3601.00;422
8783;29;4953281;8783;588;10214;10624;4.24;0.27;365.89;11.62;1431;48;3602.00;410
8784;29;4953294;8784;580;10223;10624;4.31;0.27;365.85;11.62;1439;48;3603.00;401
8785;30;4953308;8785;577;10230;10624;4.36;0.27;365.86;11.61;1445;49;3604.00;394
8786;30;4953329;8786;571;10235;10624;4.39;0.28;365.86;11.61;1449;49;3605.00;389
8787;30;4953347;8787;574;10244;10624;4.43;0.28;365.84;11.60;1457;49;3606.00;380
8788;30;4953362;8788;572;10248;10624;4.46;0.28;365.89;11.60;1460;49;3607.00;376
8790;30;4953381;8790;579;10256;10625;4.48;0.28;365.88;11.60;1466;49;3608.00;369
8790;30;4953395;8790;582;10258;10626;4.53;0.28;365.88;11.60;1468;49;3609.00;368
8792;30;4953410;8792;585;10265;10626;4.58;0.29;365.87;11.60;1473;49;3610.00;361
8793;30;4953424;8793;590;10268;10627;4.61;0.29;365.93;11.60;1475;49;3611.00;359
8795;30;4953439;8795;596;10272;10627;4.62;0.29;365.95;11.60;1477;49;3612.00;355
8797;30;4953453;8797;590;10276;10627;4.62;0.29;365.92;11.60;1479;49;3613.00;351
8798;30;4953468;8798;591;10280;10627;4.61;0.29;365.90;11.60;1482;49;3614.00;347
8799;30;4953482;8799;583;10286;10631;4.61;0.29;365.86;11.60;1487;49;3615.00;345
8802;30;4953498;8802;581;10290;10631;4.54;0.28;365.81;11.60;1488;49;3616.00;341
8803;30;4953513;8803;576;10293;10631;4.48;0.28;365.81;11.60;1490;49;3617.00;338
8808;30;4953528;8808;574;10295;10634;4.44;0.27;365.86;11.60;1487;49;3618.00;339
8810;30;4953544;8810;567;10297;10634;4.42;0.27;365.83;11.60;1487;49;3619.00;337
8814;30;4953558;8814;569;10301;10634;4.43;0.27;365.98;11.60;1487;49;3620.00;333
8815;30;4953574;8815;572;10307;10638;4.42;0.27;365.99;11.60;1492;49;3621.00;331
8816;30;4953588;8816;570;10309;10639;4.43;0.27;366.04;11.60;1493;49;3622.00;330
8822;30;4953604;8822;576;10310;10639;4.36;0.27;366.09;11.60;1488;49;3623.00;329
8824;30;4953619;8824;580;10312;10643;4.35;0.27;366.15;11.60;1488;49;3624.00;331
8828;30;4953634;8828;583;10313;10643;4.34;0.27;366.27;11.60;1485;49;3625.00;330
8831;30;4953649;8831;576;10314;10643;4.32;0.26;366.37;11.60;1483;49;3626.00;329
8835;30;4953664;8835;574;10315;10644;4.27;0.26;366.44;11.61;1480;49;3627.00;329
8836;30;4953679;8836;582;10315;10644;4.26;0.26;366.44;11.61;1479;49;3628.00;329
8840;30;4953698;8840;584;10319;10650;4.23;0.26;366.40;11.60;1479;49;3629.00;331
8842;30;4953714;8842;571;10319;10650;4.21;0.26;366.39;11.60;1477;49;3630.00;331
8845;30;4953729;8845;560;10319;10651;4.19;0.26;366.41;11.60;1474;49;3631.00;332
8849;30;4953744;8849;553;10322;10651;4.20;0.26;366.54;11.60;1473;49;3632.00;329
8853;30;4953760;8853;551;10322;10651;4.21;0.26;366.74;11.60;1469;49;3633.00;329
8858;30;4953775;8858;544;10322;10651;4.25;0.26;366.78;11.60;1464;49;3634.00;329
8859;30;4953790;8859;543;10322;10651;4.29;0.26;366.78;11.60;1463;49;3635.00;329
8860;30;4953805;8860;532;10330;10663;4.37;0.27;366.76;11.60;1470;49;3636.00;333
8864;30;4953821;8864;527;10330;10663;4.38;0.27;366.69;11.60;1466;49;3637.00;333
8866;30;4953837;8866;524;10330;10663;4.40;0.27;366.66;11.60;1464;49;3638.00;333
8869;30;4953852;8869;513;10330;10663;4.44;0.27;366.70;11.60;1461;49;3639.00;333
8874;30;4953868;8874;510;10330;10663;4.42;0.27;366.63;11.60;1456;49;3640.00;333
8875;30;4953883;8875;509;10330;10663;4.45;0.27;366.61;11.60;1455;49;3641.00;333
8879;30;4953898;8879;503;10333;10667;4.42;0.27;366.53;11.59;1454;49;3642.00;334
8882;30;4953913;8882;492;10333;10667;4.42;0.27;366.62;11.59;1451;49;3643.00;334
8885;30;4953930;8885;494;10336;10671;4.43;0.27;366.71;11.59;1451;49;3644.00;335
8887;30;4953945;8887;490;10337;10673;4.47;0.27;366.82;11.59;1450;49;3645.00;336
8892;30;4953962;8892;489;10337;10673;4.47;0.27;366.98;11.59;1445;49;3646.00;336
8895;30;4953977;8895;476;10337;10673;4.54;0.28;367.04;11.59;1442;49;3647.00;336
8899;30;4953992;8899;473;10346;10686;4.56;0.28;366.99;11.58;1447;49;3648.00;340
8905;30;4954010;8905;458;10346;10686;4.57;0.28;366.96;11.58;1441;49;3649.00;340
8907;30;4954025;8907;453;10346;10686;4.62;0.28;367.04;11.58;1439;49;3650.00;340
8912;30;4954041;8912;453;10347;10687;4.67;0.28;366.99;11.58;1435;49;3651.00;340
8917;30;4954057;8917;452;10347;10688;4.68;0.28;367.16;11.58;1430;49;3652.00;341
8919;30;4954073;8919;452;10347;10688;4.69;0.29;367.27;11.58;1428;49;3653.00;341
8925;30;4954089;8925;445;10348;10691;4.69;0.29;367.33;11.58;1423;49;3654.00;343
8931;30;4954106;8931;449;10348;10691;4.66;0.28;367.39;11.58;1417;49;3655.00;343
8934;30;4954121;8934;450;10349;10691;4.66;0.28;367.42;11.58;1415;49;3656.00;342
8936;30;4954137;8936;456;10349;10691;4.67;0.29;367.54;11.58;1413;49;3657.00;342
8939;30;4954152;8939;449;10353;10697;4.67;0.29;367.58;11.58;1414;49;3658.00;344
8944;30;4954168;8944;444;10354;10697;4.65;0.28;367.55;11.58;1410;49;3659.00;343
8949;30;4954186;8949;441;10354;10697;4.62;0.28;367.63;11.58;1405;49;3660.00;343
8955;30;4954203;8955;438;10356;10697;4.57;0.28;367.92;11.66;1401;49;3661.00;341
8959;30;4954219;8959;432;10360;10701;4.56;0.28;367.95;11.65;1401;49;3662.00;341
8962;30;4954234;8962;440;10360;10702;4.57;0.28;368.04;11.65;1398;49;3663.00;342
8967;30;4954250;8967;444;10360;10702;4.55;0.28;368.15;11.65;1393;49;3664.00;342
8972;30;4954265;8972;455;10361;10703;4.49;0.27;368.25;11.65;1389;49;3665.00;342
8977;30;4954285;8977;450;10362;10703;4.47;0.27;368.29;11.66;1385;49;3666.00;341
8980;30;4954301;8980;452;10362;10703;4.49;0.27;368.28;11.66;1382;49;3667.00;341
8986;30;4954315;8986;446;10362;10703;4.48;0.27;368.30;11.66;1376;49;3668.00;341
8990;30;4954331;8990;448;10363;10703;4.47;0.27;368.36;11.66;1373;49;3669.00;340
8995;30;4954346;8995;444;10364;10703;4.44;0.27;368.49;11.67;1369;49;3670.00;339
8997;30;4954362;8997;441;10365;10703;4.47;0.27;368.48;11.67;1368;49;3671.00;338
9000;30;4954377;9000;458;10405;10773;4.51;0.27;368.52;11.63;1405;49;3672.00;368
9006;30;4954399;9006;462;10406;10774;4.47;0.27;368.63;11.64;1400;49;3673.00;368
9009;30;4954414;9009;462;10409;10774;4.44;0.27;368.73;11.64;1400;49;3674.00;365
9010;30;4954429;9010;472;10412;10774;4.44;0.27;368.74;11.64;1402;49;3675.00;362
9011;30;4954444;9011;474;10413;10774;4.43;0.27;368.89;11.64;1402;49;3676.00;361
9012;30;4954459;9012;471;10415;10774;4.40;0.27;368.94;11.65;1403;49;3677.00;359
9016;30;4954475;9016;467;10417;10774;4.37;0.26;369.07;11.65;1401;49;3678.00;357
9017;30;4954491;9017;464;10419;10774;4.32;0.26;369.06;11.66;1402;49;3679.00;355
9018;30;4954506;9018;472;10423;10775;4.29;0.26;369.12;11.66;1405;49;3680.00;352
9020;30;4954522;9020;477;10424;10776;4.25;0.26;369.06;11.66;1404;49;3681.00;352
9022;30;4954537;9022;489;10427;10776;4.21;0.26;369.10;11.67;1405;49;3682.00;349
9023;30;4954552;9023;492;10429;10780;4.17;0.25;369.23;11.67;1406;49;3683.00;351
9025;30;4954567;9025;500;10430;10780;4.14;0.25;369.22;11.67;1405;49;3684.00;350
9025;30;4954582;9025;517;10433;10780;4.14;0.25;369.22;11.75;1408;49;3685.00;347
9026;30;4954603;9026;512;10434;10780;4.16;0.25;369.28;11.76;1408;49;3686.00;346
9027;30;4954619;9027;508;10439;10786;4.20;0.26;369.28;11.76;1412;49;3687.00;347
9028;30;4954634;9028;504;10439;10786;4.24;0.26;369.33;11.76;1411;49;3688.00;347
9028;30;4954651;9028;501;10440;10786;4.35;0.27;369.33;11.77;1412;49;3689.00;346
9031;30;4954667;9031;496;10444;10792;4.41;0.27;369.30;11.76;1413;49;3690.00;348
9033;30;4954683;9033;495;10447;10792;4.48;0.27;369.28;11.79;1414;49;3691.00;345
9034;30;4954699;9034;497;10449;10792;4.52;0.27;369.29;11.79;1415;49;3692.00;343
9036;30;4954715;9036;489;10449;10793;4.51;0.27;369.46;11.79;1413;49;3693.00;344
9041;30;4954731;9041;490;10450;10794;4.49;0.27;369.53;11.79;1409;49;3694.00;344
9044;30;4954746;9044;488;10453;10794;4.49;0.27;369.64;11.80;1409;49;3695.00;341
9047;30;4954762;9047;500;10464;10807;4.48;0.27;369.92;11.80;1417;49;3696.00;343
9049;30;4954779;9049;487;10465;10807;4.48;0.27;369.96;11.80;1416;49;3697.00;342
9049;30;4954796;9049;493;10465;10807;4.50;0.27;369.96;11.80;1416;49;3698.00;342
9052;30;4954811;9052;494;10470;10808;4.56;0.28;370.07;11.81;1418;49;3699.00;338
9053;30;4954828;9053;495;10472;10808;4.57;0.28;370.11;11.82;1419;49;3700.00;336
9054;30;4954847;9054;495;10475;10812;4.58;0.28;370.26;11.81;1421;49;3701.00;337
9058;30;4954864;9058;496;10477;10812;4.60;0.28;370.25;11.82;1419;49;3702.00;335
9059;30;4954880;9059;495;10481;10816;4.61;0.28;370.22;11.82;1422;49;3703.00;335
9065;30;4954895;9065;493;10483;10816;4.59;0.28;370.32;11.82;1418;49;3704.00;333
9066;30;4954911;9066;491;10485;10816;4.64;0.28;370.35;11.83;1419;49;3705.00;331
9069;30;4954927;9069;493;10485;10816;4.65;0.28;370.46;11.83;1416;50;3706.00;331
9072;30;4954950;9072;491;10487;10816;4.64;0.28;370.67;11.83;1415;50;3707.00;329
9073;30;4954965;9073;495;10498;10828;4.68;0.29;370.73;11.83;1425;50;3708.00;330
9075;30;4954982;9075;495;10499;10828;4.67;0.29;370.73;11.91;1424;50;3709.00;329
9078;30;4954996;9078;512;10500;10828;4.63;0.28;370.80;11.91;1422;50;3710.00;328
9081;30;4955012;9081;515;10501;10828;4.63;0.28;370.81;11.91;1420;50;3711.00;327
9083;30;4955027;9083;522;10502;10828;4.59;0.28;370.79;11.91;1419;50;3712.00;326
9083;30;4955042;9083;524;10503;10828;4.60;0.28;370.79;11.91;1420;50;3713.00;325
9084;30;4955057;9084;529;10505;10829;4.56;0.28;370.91;11.91;1421;50;3714.00;324
9088;30;4955072;9088;534;10506;10829;4.50;0.28;370.95;11.91;1418;50;3715.00;323
9090;30;4955086;9090;531;10510;10835;4.47;0.27;371.01;11.91;1420;50;3716.00;325
9095;30;4955107;9095;542;10512;10836;4.40;0.27;371.06;11.90;1417;50;3717.00;324
9096;30;4955124;9096;544;10512;10836;4.39;0.27;371.08;11.90;1416;50;3718.00;324
9097;30;4955139;9097;555;10512;10836;4.39;0.27;371.12;11.90;1415;50;3719.00;324
9101;30;4955155;9101;549;10517;10841;4.37;0.27;371.14;11.90;1416;50;3720.00;324
9101;30;4955170;9101;552;10517;10841;4.39;0.27;371.14;11.90;1416;50;3721.00;324
9104;30;4955185;9104;548;10517;10841;4.40;0.27;371.21;11.90;1413;50;3722.00;324
9105;30;4955201;9105;548;10518;10842;4.46;0.27;371.18;11.90;1413;50;3723.00;324
9109;30;4955215;9109;538;10521;10846;4.46;0.27;371.20;11.90;1412;50;3724.00;325
9112;30;4955230;9112;534;10521;10846;4.47;0.27;371.30;11.90;1409;50;3725.00;325
9116;30;4955244;9116;532;10524;10849;4.48;0.27;371.26;11.89;1408;50;3726.00;325
9120;30;4955259;9120;528;10524;10849;4.46;0.27;371.28;11.89;1404;50;3727.00;325
9126;30;4955274;9126;533;10524;10849;4.43;0.27;371.22;11.89;1398;50;3728.00;325
9128;30;4955289;9128;536;10524;10849;4.48;0.27;371.27;11.89;1396;50;3729.00;325
9133;30;4955304;9133;531;10529;10853;4.49;0.27;371.22;11.97;1396;50;3730.00;324
9136;30;4955320;9136;533;10529;10853;4.50;0.27;371.38;11.97;1393;50;3731.00;324
9137;30;4955336;9137;528;10529;10853;4.52;0.28;371.40;11.97;1392;50;3732.00;324
9140;30;4955350;9140;529;10529;10853;4.50;0.27;371.33;11.97;1389;50;3733.00;324
9147;30;4955364;9147;535;10529;10854;4.40;0.27;371.30;11.97;1382;50;3734.00;325
9150;30;4955379;9150;531;10531;10856;4.36;0.27;371.26;11.96;1381;50;3735.00;325
9151;30;4955393;9151;542;10531;10856;4.37;0.27;371.23;11.96;1380;50;3736.00;325
9154;30;4955408;9154;544;10532;10857;4.29;0.26;371.21;11.96;1378;50;3737.00;325
9155;30;4955422;9155;544;10532;10857;4.25;0.26;371.22;11.96;1377;50;3738.00;325
9159;30;4955436;9159;553;10532;10857;4.22;0.26;371.23;11.96;1373;50;3739.00;325
9161;30;4955450;9161;556;10533;10857;4.18;0.26;371.18;12.04;1372;50;3740.00;324
9162;30;4955465;9162;565;10533;10857;4.17;0.25;371.25;12.04;1371;50;3741.00;324
9164;30;4955478;9164;554;10533;10857;4.13;0.25;371.21;12.04;1369;50;3742.00;324
9169;30;4955493;9169;548;10533;10857;4.08;0.25;371.21;12.04;1364;50;3743.00;324
9170;30;4955507;9170;562;10595;10984;4.40;0.27;371.22;11.97;1425;50;3744.00;389
9171;30;4955534;9171;551;10598;10985;4.45;0.28;371.18;11.97;1427;50;3745.00;387
9172;30;4955549;9172;550;10606;10985;4.52;0.28;371.18;11.96;1434;50;3746.00;379
9173;30;4955563;9173;544;10609;10985;4.53;0.28;371.17;11.96;1436;50;3747.00;376
9174;30;4955579;9174;542;10617;10985;4.57;0.28;371.14;11.96;1443;50;3748.00;368
9175;30;4955604;9175;544;10620;10985;4.62;0.29;371.18;11.95;1445;50;3749.00;365
9176;30;4955621;9176;547;10624;10990;4.64;0.29;371.18;11.95;1448;50;3750.00;366
9176;31;4955637;9176;542;10627;10990;4.68;0.29;371.18;12.04;1451;51;3751.00;363
9177;31;4955662;9177;540;10629;10991;4.71;0.29;371.19;12.04;1452;51;3752.00;362
9177;31;4955678;9177;535;10633;10992;4.73;0.29;371.19;12.04;1456;51;3753.00;359
9178;31;4955699;9178;531;10635;10992;4.77;0.29;371.15;12.04;1457;51;3754.00;357
9183;31;4955714;9183;534;10636;10993;4.76;0.29;371.34;12.04;1453;51;3755.00;357
9184;31;4955729;9184;542;10643;10993;4.71;0.29;371.38;12.04;1459;51;3756.00;350
9186;31;4955744;9186;551;10645;10993;4.68;0.29;371.42;12.04;1459;51;3757.00;348
9189;31;4955763;9189;546;10646;10993;4.66;0.29;371.37;12.04;1457;51;3758.00;347
9189;31;4955778;9189;546;10651;10997;4.64;0.28;371.37;12.03;1462;51;3759.00;346
9190;31;4955793;9190;560;10652;10997;4.59;0.28;371.36;12.04;1462;51;3760.00;345
9191;31;4955809;9191;563;10654;10997;4.56;0.28;371.41;12.04;1463;51;3761.00;343
9193;31;4955824;9193;567;10656;11000;4.53;0.28;371.50;12.04;1463;51;3762.00;344
9196;31;4955839;9196;578;10659;11000;4.50;0.28;371.69;12.04;1463;51;3763.00;341
9197;31;4955854;9197;583;10661;11000;4.50;0.28;371.79;12.04;1464;51;3764.00;339
9199;31;4955869;9199;588;10666;11004;4.52;0.28;371.96;12.04;1467;51;3765.00;338
9200;31;4955883;9200;596;10668;11005;4.52;0.28;371.94;12.03;1468;51;3766.00;337
9202;31;4955898;9202;602;10669;11005;4.47;0.27;371.99;12.03;1467;51;3767.00;336
9203;31;4955913;9203;607;10673;11009;4.44;0.27;371.97;12.03;1470;51;3768.00;336
9206;31;4955932;9206;620;10673;11009;4.41;0.27;372.22;12.03;1467;51;3769.00;336
9208;31;4955948;9208;618;10673;11009;4.41;0.27;372.19;12.03;1465;51;3770.00;336
9211;31;4955962;9211;612;10674;11010;4.34;0.27;372.19;12.03;1463;51;3771.00;336
9214;31;4955977;9214;616;10674;11010;4.30;0.26;372.21;12.03;1460;51;3772.00;336
9217;31;4955992;9217;628;10679;11016;4.31;0.26;372.33;12.02;1462;51;3773.00;337
9222;31;4956012;9222;631;10679;11016;4.25;0.26;372.41;12.02;1457;51;3774.00;337
9225;31;4956027;9225;626;10679;11017;4.22;0.26;372.53;12.02;1454;51;3775.00;338
9226;31;4956041;9226;631;10679;11017;4.25;0.26;372.67;12.02;1453;51;3776.00;338
9229;31;4956056;9229;627;10679;11017;4.26;0.26;372.71;12.02;1450;51;3777.00;338
9229;31;4956070;9229;626;10679;11017;4.21;0.26;372.71;12.02;1450;51;3778.00;338
9232;31;4956084;9232;626;10679;11017;4.18;0.26;372.76;12.02;1447;51;3779.00;338
9235;31;4956099;9235;624;10706;11053;4.26;0.26;372.98;11.99;1471;51;3780.00;347
9237;31;4956117;9237;621;10707;11053;4.25;0.26;373.02;11.99;1470;51;3781.00;346
9238;31;4956132;9238;613;10708;11053;4.26;0.26;373.11;11.99;1470;51;3782.00;345
9239;31;4956146;9239;620;10708;11053;4.30;0.26;373.09;11.99;1469;51;3783.00;345
9241;31;4956160;9241;621;10709;11053;4.30;0.26;373.21;11.99;1468;51;3784.00;344
9244;31;4956174;9244;616;10709;11053;4.29;0.26;373.27;11.99;1465;51;3785.00;344
9245;31;4956189;9245;620;10713;11057;4.31;0.26;373.37;11.99;1468;51;3786.00;344
9249;31;4956203;9249;620;10713;11057;4.31;0.26;373.48;11.99;1464;51;3787.00;344
9250;31;4956217;9250;619;10717;11061;4.32;0.26;373.55;11.98;1467;51;3788.00;344
9254;31;4956233;9254;609;10717;11062;4.32;0.26;373.55;11.98;1463;51;3789.00;345
9255;31;4956248;9255;602;10718;11062;4.32;0.26;373.60;11.98;1463;51;3790.00;344
9258;31;4956263;9258;607;10718;11062;4.30;0.26;373.74;11.98;1460;51;3791.00;344
9265;31;4956277;9265;610;10728;11075;4.25;0.26;373.75;11.97;1463;51;3792.00;347
9270;31;4956293;9270;615;10728;11075;4.22;0.26;373.69;11.97;1458;51;3793.00;347
9273;31;4956308;9273;614;10729;11075;4.21;0.26;373.76;11.97;1456;51;3794.00;346
9276;31;4956322;9276;608;10730;11076;4.22;0.26;373.90;11.97;1454;51;3795.00;346
9280;31;4956337;9280;607;10730;11077;4.24;0.26;373.87;11.97;1450;51;3796.00;347
9283;31;4956351;9283;605;10730;11077;4.22;0.26;373.99;11.97;1447;51;3797.00;347
9287;31;4956366;9287;599;10731;11080;4.21;0.26;374.00;11.97;1444;51;3798.00;349
9288;31;4956381;9288;614;10731;11080;4.22;0.26;373.97;11.97;1443;51;3799.00;349
9293;31;4956395;9293;618;10731;11080;4.18;0.26;374.13;11.97;1438;51;3800.00;349
9297;31;4956414;9297;622;10731;11080;4.19;0.26;374.40;11.97;1434;51;3801.00;349
9301;31;4956428;9301;612;10735;11086;4.20;0.26;374.36;11.96;1434;51;3802.00;351
9307;31;4956444;9307;606;10735;11086;4.17;0.25;374.45;11.96;1428;51;3803.00;351
9309;31;4956458;9309;606;10735;11086;4.18;0.25;374.49;11.96;1426;51;3804.00;351
9313;31;4956473;9313;605;10735;11086;4.19;0.25;374.40;11.96;1422;51;3805.00;351
9317;31;4956487;9317;596;10738;11090;4.21;0.26;374.34;11.96;1421;51;3806.00;352
9319;31;4956502;9319;591;10738;11091;4.29;0.26;374.43;11.96;1419;51;3807.00;353
9324;31;4956517;9324;585;10738;11091;4.31;0.26;374.49;11.96;1414;51;3808.00;353
9327;31;4956537;9327;577;10740;11092;4.33;0.26;374.46;12.04;1413;51;3809.00;352
9331;31;4956554;9331;573;10740;11092;4.35;0.26;374.50;12.04;1409;51;3810.00;352
9338;31;4956569;9338;564;10740;11092;4.33;0.26;374.56;12.04;1402;51;3811.00;352
9339;31;4956585;9339;560;10740;11092;4.32;0.26;374.58;12.04;1401;51;3812.00;352
9342;31;4956600;9342;556;10740;11092;4.31;0.26;374.74;12.04;1398;51;3813.00;352
9344;31;4956615;9344;549;10740;11092;4.33;0.26;374.77;12.04;1396;51;3814.00;352
9346;31;4956629;9346;547;10740;11092;4.36;0.26;374.92;12.04;1394;51;3815.00;352
9347;31;4956644;9347;546;10772;11162;4.50;0.27;374.93;12.01;1425;51;3816.00;390
9352;31;4956664;9352;543;10776;11163;4.52;0.27;375.07;12.00;1424;51;3817.00;387
9358;31;4956680;9358;545;10781;11163;4.53;0.27;375.25;12.00;1423;51;3818.00;382
9364;31;4956695;9364;546;10783;11163;4.50;0.27;375.43;12.00;1419;51;3819.00;380
9367;31;4956710;9367;551;10784;11163;4.46;0.27;375.53;12.00;1417;51;3820.00;379
9372;31;4956725;9372;551;10785;11163;4.41;0.27;375.79;12.00;1413;51;3821.00;378
9377;31;4956740;9377;545;10787;11163;4.42;0.27;375.97;12.00;1410;51;3822.00;376
9379;31;4956760;9379;547;10788;11163;4.42;0.27;376.05;12.00;1409;51;3823.00;375
9383;32;4956776;9383;549;10789;11164;4.43;0.27;376.18;12.00;1406;52;3824.00;375
9387;32;4956802;9387;544;10792;11166;4.47;0.27;376.29;11.99;1405;52;3825.00;374
9391;32;4956818;9391;551;10793;11166;4.45;0.27;376.27;11.99;1402;52;3826.00;373
9396;32;4956833;9396;558;10795;11170;4.43;0.27;376.46;11.99;1399;52;3827.00;375
9401;32;4956848;9401;557;10797;11170;4.35;0.26;376.56;11.99;1396;52;3828.00;373
9403;32;4956867;9403;552;10797;11170;4.29;0.26;376.63;11.99;1394;52;3829.00;373
9408;32;4956882;9408;568;10797;11170;4.26;0.26;376.80;11.99;1389;52;3830.00;373
9411;32;4956897;9411;575;10801;11176;4.22;0.26;376.92;11.99;1390;52;3831.00;375
9416;32;4956911;9416;574;10804;11176;4.19;0.26;376.94;11.99;1388;52;3832.00;372
9421;32;4956926;9421;576;10805;11176;4.14;0.25;377.09;11.99;1384;52;3833.00;371
9425;32;4956941;9425;574;10807;11179;4.13;0.25;377.10;12.08;1382;52;3834.00;372
9431;32;4956955;9431;573;10809;11179;4.08;0.25;377.11;12.08;1378;52;3835.00;370
9434;32;4956970;9434;565;10810;11179;4.04;0.25;377.26;12.08;1376;52;3836.00;369
9437;32;4956983;9437;568;10811;11180;4.02;0.25;377.26;12.08;1374;52;3837.00;369
9440;32;4956998;9440;569;10814;11181;4.00;0.24;377.33;12.08;1374;52;3838.00;367
9444;32;4957012;9444;572;10814;11181;4.01;0.24;377.41;12.08;1370;52;3839.00;367
9446;32;4957028;9446;585;10833;11207;4.12;0.25;377.45;12.06;1387;52;3840.00;374
9450;32;4957045;9450;585;10834;11207;4.10;0.25;377.43;12.06;1384;52;3841.00;373
9453;32;4957060;9453;577;10836;11207;4.09;0.25;377.46;12.07;1383;52;3842.00;371
9457;32;4957075;9457;574;10838;11208;4.08;0.25;377.57;12.07;1381;52;3843.00;370
9460;32;4957089;9460;568;10839;11208;4.06;0.25;377.67;12.06;1379;52;3844.00;369
9462;32;4957104;9462;570;10844;11212;4.09;0.25;377.68;12.07;1382;52;3845.00;368
9465;32;4957119;9465;580;10846;11214;4.08;0.25;377.76;12.06;1381;52;3846.00;368
9466;32;4957133;9466;572;10849;11218;4.09;0.25;377.75;12.06;1383;52;3847.00;369
9469;32;4957149;9469;574;10849;11218;4.11;0.25;377.73;12.06;1380;52;3848.00;369
9476;32;4957164;9476;577;10851;11218;4.06;0.25;377.80;12.15;1375;52;3849.00;367
9478;32;4957179;9478;587;10852;11218;4.01;0.24;377.88;12.15;1374;52;3850.00;366
9479;32;4957193;9479;573;10854;11218;4.00;0.24;377.87;12.15;1375;52;3851.00;364
9481;32;4957207;9481;572;10863;11230;3.98;0.24;377.91;12.14;1382;52;3852.00;367
9484;32;4957223;9484;581;10865;11230;3.96;0.24;378.00;12.15;1381;52;3853.00;365
9485;32;4957236;9485;580;10865;11230;3.96;0.24;378.03;12.15;1380;52;3854.00;365
9486;32;4957251;9486;585;10867;11230;3.97;0.24;378.07;12.15;1381;52;3855.00;363
9491;32;4957265;9491;590;10867;11230;3.94;0.24;378.26;12.15;1376;52;3856.00;363
9494;32;4957280;9494;594;10868;11230;3.98;0.24;378.40;12.14;1374;52;3857.00;362
9495;32;4957294;9495;599;10869;11231;4.01;0.24;378.45;12.15;1374;52;3858.00;362
9498;32;4957309;9498;604;10869;11231;4.05;0.25;378.49;12.15;1371;52;3859.00;362
9501;32;4957324;9501;608;10873;11237;4.09;0.25;378.61;12.14;1372;52;3860.00;364
9503;32;4957339;9503;606;10875;11238;4.14;0.25;378.56;12.14;1372;52;3861.00;363
9504;32;4957355;9504;599;10876;11238;4.14;0.25;378.53;12.23;1372;52;3862.00;362
9505;32;4957369;9505;602;10876;11238;4.17;0.25;378.53;12.23;1371;52;3863.00;362
9506;32;4957384;9506;595;10880;11242;4.22;0.26;378.54;12.22;1374;52;3864.00;362
9507;32;4957399;9507;597;10880;11242;4.21;0.26;378.51;12.22;1373;52;3865.00;362
9510;32;4957413;9510;594;10880;11242;4.20;0.26;378.46;12.22;1370;52;3866.00;362
9512;32;4957428;9512;596;10881;11243;4.20;0.26;378.46;12.22;1369;52;3867.00;362
9513;32;4957443;9513;598;10884;11247;4.21;0.26;378.42;12.22;1371;52;3868.00;363
9513;32;4957462;9513;604;10884;11247;4.21;0.26;378.42;12.22;1371;52;3869.00;363
9515;32;4957478;9515;599;10888;11253;4.20;0.26;378.41;12.22;1373;52;3870.00;365
9517;32;4957493;9517;598;10888;11253;4.16;0.25;378.40;12.22;1371;52;3871.00;365
9518;32;4957508;9518;596;10890;11253;4.15;0.25;378.46;12.21;1372;52;3872.00;363
9525;32;4957522;9525;597;10890;11253;4.08;0.25;378.38;12.21;1365;52;3873.00;363
9527;32;4957536;9527;605;10894;11257;4.08;0.25;378.43;12.21;1367;52;3874.00;363
9529;32;4957550;9529;605;10894;11257;4.05;0.25;378.36;12.21;1365;52;3875.00;363
9531;32;4957565;9531;603;10894;11257;4.02;0.24;378.32;12.21;1363;52;3876.00;363
9534;32;4957579;9534;601;10894;11257;3.97;0.24;378.28;12.21;1360;52;3877.00;363
9537;32;4957592;9537;607;10894;11258;3.89;0.24;378.48;12.21;1357;52;3878.00;364
9539;32;4957606;9539;613;10899;11259;3.86;0.23;378.51;12.60;1360;53;3879.00;360
9541;32;4957632;9541;616;10899;11259;3.84;0.23;378.48;12.60;1358;53;3880.00;360
9542;32;4957645;9542;618;10900;11260;3.85;0.23;378.46;12.60;1358;53;3881.00;360
9542;32;4957659;9542;614;10900;11260;3.89;0.24;378.46;12.60;1358;53;3882.00;360
9544;32;4957672;9544;619;10900;11260;3.90;0.24;378.51;12.60;1356;53;3883.00;360
9545;32;4957686;9545;622;10900;11260;3.87;0.24;378.48;12.60;1355;53;3884.00;360
9546;32;4957699;9546;612;10900;11260;3.88;0.24;378.50;12.60;1354;53;3885.00;360
9549;32;4957713;9549;601;10900;11260;3.87;0.24;378.48;12.60;1351;53;3886.00;360
9550;32;4957727;9550;597;10900;11260;3.87;0.24;378.50;12.60;1350;53;3887.00;360
9551;32;4957741;9551;615;10973;11387;3.99;0.25;378.49;12.52;1422;53;3888.00;414
9552;32;4957764;9552;593;10973;11388;4.02;0.25;378.47;12.52;1421;53;3889.00;415
9554;32;4957779;9554;568;10980;11388;4.15;0.26;378.44;12.51;1426;53;3890.00;408
9555;32;4957793;9555;551;10983;11388;4.28;0.26;378.44;12.51;1428;53;3891.00;405
9558;32;4957809;9558;542;10988;11388;4.38;0.27;378.48;12.50;1430;53;3892.00;400
9559;32;4957823;9559;541;10990;11388;4.49;0.28;378.46;12.50;1431;53;3893.00;398
9560;32;4957839;9560;536;10994;11388;4.61;0.28;378.46;12.50;1434;53;3894.00;394
9561;32;4957853;9561;537;10996;11388;4.67;0.28;378.44;12.50;1435;53;3895.00;392
9564;32;4957874;9564;525;10998;11389;4.72;0.29;378.44;12.50;1434;53;3896.00;391
9565;32;4957889;9565;523;11001;11390;4.78;0.29;378.45;12.50;1436;53;3897.00;389
9567;32;4957905;9567;517;11003;11390;4.80;0.29;378.46;12.50;1436;53;3898.00;387
9571;32;4957925;9571;510;11006;11391;4.80;0.29;378.43;12.50;1435;54;3899.00;385
9573;32;4957952;9573;520;11014;11406;4.76;0.29;378.38;12.59;1441;54;3900.00;392
9576;32;4957973;9576;519;11016;11406;4.73;0.29;378.38;12.59;1440;54;3901.00;390
9579;32;4957988;9579;517;11018;11406;4.74;0.29;378.32;12.59;1439;54;3902.00;388
9580;32;4958004;9580;527;11022;11410;4.77;0.29;378.33;12.59;1442;54;3903.00;388
9584;32;4958020;9584;527;11024;11410;4.74;0.29;378.27;12.59;1440;54;3904.00;386
9586;32;4958037;9586;528;11024;11410;4.74;0.29;378.22;12.59;1438;54;3905.00;386
9588;32;4958052;9588;528;11029;11413;4.72;0.29;378.24;12.59;1441;54;3906.00;384
9591;32;4958068;9591;532;11031;11413;4.68;0.29;378.30;12.59;1440;54;3907.00;382
9592;32;4958083;9592;527;11031;11413;4.66;0.28;378.28;12.59;1439;54;3908.00;382
9594;32;4958099;9594;535;11036;11417;4.60;0.28;378.27;12.58;1442;54;3909.00;381
9597;32;4958114;9597;529;11037;11418;4.54;0.28;378.23;12.58;1440;54;3910.00;381
9599;32;4958131;9599;522;11038;11418;4.54;0.28;378.20;12.58;1439;54;3911.00;380
9600;32;4958145;9600;532;11043;11422;4.51;0.28;378.22;12.58;1443;54;3912.00;379
9602;32;4958171;9602;531;11043;11422;4.49;0.27;378.34;12.58;1441;54;3913.00;379
9608;32;4958186;9608;521;11043;11422;4.45;0.27;378.35;12.58;1435;54;3914.00;379
9610;32;4958201;9610;523;11045;11424;4.48;0.27;378.45;12.58;1435;54;3915.00;379
9611;32;4958217;9611;520;11045;11424;4.46;0.27;378.42;12.58;1434;54;3916.00;379
9613;32;4958232;9613;523;11050;11430;4.47;0.27;378.43;12.57;1437;54;3917.00;380
9614;32;4958248;9614;520;11051;11430;4.45;0.27;378.41;12.57;1437;54;3918.00;379
9617;32;4958263;9617;513;11051;11431;4.43;0.27;378.54;12.57;1434;54;3919.00;380
9619;32;4958278;9619;524;11051;11431;4.43;0.27;378.55;12.57;1432;54;3920.00;380
9621;32;4958292;9621;533;11051;11431;4.43;0.27;378.50;12.57;1430;54;3921.00;380
9623;32;4958308;9623;533;11051;11431;4.45;0.27;378.54;12.57;1428;54;3922.00;380
9626;32;4958322;9626;544;11051;11431;4.44;0.27;378.57;12.57;1425;54;3923.00;380
9628;32;4958338;9628;537;11059;11443;4.50;0.27;378.58;12.57;1431;54;3924.00;384
9632;32;4958354;9632;543;11061;11443;4.50;0.27;378.66;12.67;1429;54;3925.00;382
9633;32;4958370;9633;545;11063;11443;4.52;0.27;378.70;12.67;1430;54;3926.00;380
9634;32;4958384;9634;549;11065;11443;4.57;0.28;378.67;12.67;1431;54;3927.00;378
9638;32;4958399;9638;556;11066;11443;4.55;0.28;378.81;12.77;1428;54;3928.00;377
9640;32;4958414;9640;556;11066;11443;4.57;0.28;378.86;12.77;1426;54;3929.00;377
9642;32;4958435;9642;570;11070;11447;4.54;0.28;378.93;12.87;1428;54;3930.00;377
9644;32;4958450;9644;573;11070;11447;4.52;0.28;379.01;12.87;1426;54;3931.00;377
9647;32;4958465;9647;571;11075;11451;4.53;0.28;379.04;12.97;1428;54;3932.00;376
9649;32;4958480;9649;575;11076;11452;4.53;0.28;379.06;12.96;1427;54;3933.00;376
9650;32;4958494;9650;581;11077;11452;4.49;0.27;379.18;13.07;1427;54;3934.00;375
9651;32;4958509;9651;583;11077;11452;4.49;0.27;379.20;13.07;1426;54;3935.00;375
9653;32;4958524;9653;584;11088;11465;4.48;0.27;379.22;13.16;1435;54;3936.00;377
9655;32;4958539;9655;584;11088;11465;4.48;0.27;379.36;13.16;1433;54;3937.00;377
9659;32;4958553;9659;587;11088;11465;4.46;0.27;379.41;13.16;1429;54;3938.00;377
9663;32;4958568;9663;598;11090;11466;4.50;0.27;379.41;13.25;1427;54;3939.00;376
9665;32;4958586;9665;602;11090;11467;4.48;0.27;379.54;13.25;1425;54;3940.00;377
9669;32;4958600;9669;600;11090;11467;4.45;0.27;379.72;13.25;1421;54;3941.00;377
9671;32;4958615;9671;602;11094;11470;4.46;0.27;379.79;13.35;1423;54;3942.00;376
9672;32;4958630;9672;599;11094;11470;4.47;0.27;379.82;13.35;1422;54;3943.00;376
9674;32;4958645;9674;603;11095;11470;4.47;0.27;379.99;13.45;1421;54;3944.00;375
9677;32;4958659;9677;598;11095;11470;4.45;0.27;380.01;13.45;1418;54;3945.00;375
9680;32;4958674;9680;592;11100;11476;4.46;0.27;380.05;13.45;1420;54;3946.00;376
9682;32;4958689;9682;585;11102;11476;4.48;0.27;380.15;13.55;1420;55;3947.00;374
9685;32;4958708;9685;589;11102;11476;4.50;0.27;380.25;13.55;1417;56;3948.00;374
9685;32;4958727;9685;585;11103;11476;4.55;0.28;380.25;13.65;1418;56;3949.00;373
9686;32;4958745;9686;582;11106;11480;4.53;0.27;380.26;13.65;1420;56;3950.00;374
9688;32;4958760;9688;579;11107;11481;4.53;0.28;380.45;13.65;1419;56;3951.00;374
9693;32;4958775;9693;577;11107;11481;4.53;0.28;380.59;13.65;1414;56;3952.00;374
9695;32;4958789;9695;581;11108;11482;4.58;0.28;380.61;13.65;1413;56;3953.00;374
9697;32;4958804;9697;582;11109;11482;4.58;0.28;380.62;13.65;1412;56;3954.00;373
9699;32;4958819;9699;592;11109;11482;4.59;0.28;380.66;13.65;1410;56;3955.00;373
9704;32;4958842;9704;590;11110;11482;4.55;0.28;380.78;13.65;1406;56;3956.00;372
9709;32;4958857;9709;599;11110;11482;4.50;0.27;380.78;13.65;1401;56;3957.00;372
9711;32;4958877;9711;602;11111;11482;4.47;0.27;380.73;13.65;1400;56;3958.00;371
9715;32;4958895;9715;601;11111;11482;4.43;0.27;380.84;13.65;1396;56;3959.00;371
9717;32;4958910;9717;603;11171;11607;4.63;0.28;380.87;13.58;1454;56;3960.00;436
9720;32;4958934;9720;593;11178;11608;4.63;0.29;380.85;13.57;1458;56;3961.00;430
9724;32;4958948;9724;592;11186;11608;4.63;0.28;380.87;13.56;1462;56;3962.00;422
9728;32;4958963;9728;591;11190;11608;4.63;0.28;380.89;13.56;1462;56;3963.00;418
9731;32;4958978;9731;597;11195;11608;4.61;0.28;381.13;13.55;1464;56;3964.00;413
9736;32;4958992;9736;601;11197;11608;4.59;0.28;381.24;13.55;1461;56;3965.00;411
9738;32;4959008;9738;605;11201;11608;4.56;0.28;381.27;13.55;1463;56;3966.00;407
9740;32;4959023;9740;596;11203;11608;4.57;0.28;381.39;13.55;1463;56;3967.00;405
9745;32;4959038;9745;599;11206;11609;4.53;0.28;381.64;13.55;1461;56;3968.00;403
9747;32;4959053;9747;599;11208;11610;4.54;0.28;381.65;13.55;1461;56;3969.00;402
9750;32;4959069;9750;590;11208;11610;4.52;0.28;381.62;13.55;1458;56;3970.00;402
9752;32;4959084;9752;583;11212;11614;4.54;0.28;381.62;13.54;1460;56;3971.00;402
9756;32;4959099;9756;584;11212;11614;4.53;0.28;381.76;13.54;1456;56;3972.00;402
9761;32;4959114;9761;582;11212;11614;4.51;0.28;381.79;13.54;1451;56;3973.00;402
9765;32;4959129;9765;588;11212;11614;4.50;0.27;381.82;13.54;1447;56;3974.00;402
9770;32;4959145;9770;587;11216;11620;4.48;0.27;381.94;13.54;1446;56;3975.00;404
9772;32;4959165;9772;588;11216;11620;4.47;0.27;381.95;13.54;1444;56;3976.00;404
9777;32;4959180;9777;599;11216;11620;4.42;0.27;382.13;13.54;1439;56;3977.00;404
9779;32;4959195;9779;593;11217;11623;4.42;0.27;382.13;13.54;1438;56;3978.00;406
9785;32;4959211;9785;586;11217;11623;4.38;0.27;382.31;13.54;1432;56;3979.00;406
9790;32;4959232;9790;584;11217;11623;4.36;0.27;382.41;13.54;1427;56;3980.00;406
9795;32;4959247;9795;580;11217;11624;4.32;0.26;382.41;13.54;1422;56;3981.00;407
9798;32;4959262;9798;575;11218;11625;4.31;0.26;382.49;13.54;1420;56;3982.00;407
9800;32;4959277;9800;577;11219;11625;4.29;0.26;382.55;13.54;1419;56;3983.00;406
9805;32;4959292;9805;578;11228;11638;4.32;0.26;382.64;13.53;1423;56;3984.00;410
9808;32;4959310;9808;586;11229;11638;4.30;0.26;382.78;13.53;1421;56;3985.00;409
9810;32;4959326;9810;591;11230;11638;4.32;0.26;382.84;13.53;1420;56;3986.00;408
9817;32;4959341;9817;602;11230;11639;4.29;0.26;382.93;13.53;1413;56;3987.00;409
9822;32;4959357;9822;601;11230;11639;4.24;0.26;383.05;13.53;1408;56;3988.00;409
9826;32;4959372;9826;601;11233;11643;4.21;0.26;383.08;13.52;1407;56;3989.00;410
9831;32;4959390;9831;598;11233;11643;4.16;0.25;383.15;13.52;1402;56;3990.00;410
9833;32;4959404;9833;598;11236;11647;4.15;0.25;383.19;13.52;1403;56;3991.00;411
9839;32;4959419;9839;604;11236;11647;4.02;0.24;383.41;13.52;1397;56;3992.00;411
9841;32;4959434;9841;617;11236;11647;3.95;0.24;383.47;13.52;1395;56;3993.00;411
9845;32;4959448;9845;617;11236;11647;3.87;0.24;383.58;13.52;1391;56;3994.00;411
9846;32;4959463;9846;627;11238;11647;3.84;0.23;383.56;13.62;1392;56;3995.00;409
9848;32;4959478;9848;627;11247;11659;3.87;0.24;383.68;13.61;1399;56;3996.00;412
9852;32;4959493;9852;636;11247;11659;3.78;0.23;383.69;13.61;1395;56;3997.00;412
9856;32;4959507;9856;638;11247;11659;3.73;0.23;383.64;13.61;1391;56;3998.00;412
9861;32;4959521;9861;646;11248;11659;3.68;0.22;383.77;13.61;1387;56;3999.00;411
9865;32;4959536;9865;651;11249;11659;3.63;0.22;383.90;13.61;1384;56;4000.00;410
9869;32;4959553;9869;648;11250;11659;3.61;0.22;383.96;13.61;1381;56;4001.00;409
9870;32;4959566;9870;660;11251;11660;3.59;0.22;383.97;13.62;1381;56;4002.00;409
9877;32;4959579;9877;669;11251;11660;3.50;0.21;383.93;13.62;1374;56;4003.00;409
9878;32;4959593;9878;678;11255;11666;3.47;0.21;383.89;13.61;1377;56;4004.00;411
9880;32;4959606;9880;686;11257;11668;3.44;0.21;383.94;13.61;1377;56;4005.00;411
9880;32;4959620;9880;703;11258;11668;3.37;0.21;383.94;13.62;1378;56;4006.00;410
9884;32;4959633;9884;696;11259;11668;3.29;0.20;384.04;13.62;1375;56;4007.00;409
9888;32;4959647;9888;690;11262;11672;3.24;0.20;384.00;13.61;1374;56;4008.00;410
9889;32;4959660;9889;691;11263;11672;3.19;0.19;383.97;13.62;1374;56;4009.00;409
9891;32;4959673;9891;692;11265;11672;3.17;0.19;384.02;13.62;1374;56;4010.00;407
9892;32;4959687;9892;692;11266;11673;3.16;0.19;384.04;13.62;1374;56;4011.00;407
9893;32;4959700;9893;695;11270;11677;3.18;0.19;384.08;13.61;1377;56;4012.00;407
9895;32;4959713;9895;696;11270;11677;3.20;0.20;384.10;13.61;1375;56;4013.00;407
9896;32;4959727;9896;698;11273;11680;3.21;0.20;384.07;13.61;1377;56;4014.00;407
9901;32;4959740;9901;703;11273;11680;3.16;0.19;384.05;13.61;1372;56;4015.00;407
9905;32;4959754;9905;690;11274;11680;3.17;0.19;384.03;13.61;1369;56;4016.00;406
9911;32;4959767;9911;683;11274;11680;3.15;0.19;384.00;13.61;1363;56;4017.00;406
9913;32;4959780;9913;683;11278;11684;3.21;0.20;383.95;13.61;1365;56;4018.00;406
9916;32;4959794;9916;667;11278;11684;3.25;0.20;383.92;13.61;1362;56;4019.00;406
9918;32;4959810;9918;663;11278;11684;3.29;0.20;383.87;13.61;1360;56;4020.00;406
9919;32;4959828;9919;672;11280;11684;3.36;0.20;383.94;13.61;1361;56;4021.00;404
9920;32;4959843;9920;669;11281;11685;3.43;0.21;383.94;13.61;1361;56;4022.00;404
9920;32;4959857;9920;664;11282;11686;3.50;0.21;383.94;13.61;1362;56;4023.00;404
9920;32;4959872;9920;668;11283;11686;3.59;0.22;383.94;13.61;1363;56;4024.00;403
9922;32;4959885;9922;669;11284;11687;3.63;0.22;383.90;13.61;1362;56;4025.00;403
9922;32;4959899;9922;676;11284;11687;3.69;0.23;383.90;13.61;1362;56;4026.00;403
9924;32;4959913;9924;673;11284;11687;3.72;0.23;383.88;13.61;1360;56;4027.00;403
9924;32;4959928;9924;680;11284;11687;3.76;0.23;383.88;13.61;1360;56;4028.00;403
9929;32;4959946;9929;683;11284;11687;3.76;0.23;383.92;13.61;1355;56;4029.00;403
9929;32;4959961;9929;688;11284;11687;3.80;0.23;383.92;13.61;1355;56;4030.00;403
9931;32;4959974;9931;686;11284;11687;3.81;0.23;383.88;13.61;1353;56;4031.00;403
9932;32;4959987;9932;697;11349;11814;4.18;0.26;383.85;13.53;1417;56;4032.00;465
9934;32;4960011;9934;683;11351;11815;4.19;0.26;383.86;13.53;1417;56;4033.00;464
9934;32;4960026;9934;672;11360;11815;4.28;0.26;383.86;13.52;1426;56;4034.00;455
9935;32;4960040;9935;674;11362;11815;4.27;0.26;383.85;13.52;1427;56;4035.00;453
9936;32;4960054;9936;644;11368;11815;4.33;0.27;383.86;13.51;1432;57;4036.00;447
9938;32;4960077;9938;639;11369;11815;4.28;0.26;383.86;13.51;1431;57;4037.00;446
9938;32;4960092;9938;635;11374;11815;4.29;0.26;383.86;13.51;1436;57;4038.00;441
9940;32;4960106;9940;630;11377;11815;4.33;0.27;383.85;13.51;1437;57;4039.00;438
9942;32;4960121;9942;632;11380;11816;4.34;0.27;383.96;13.51;1438;57;4040.00;436
9944;32;4960136;9944;627;11385;11817;4.35;0.27;383.94;13.50;1441;57;4041.00;432
9944;33;4960157;9944;626;11388;11817;4.35;0.27;383.94;13.50;1444;58;4042.00;429
9944;33;4960193;9944;612;11391;11818;4.35;0.27;383.94;13.50;1447;58;4043.00;427
9944;33;4960207;9944;623;11392;11818;4.35;0.27;383.94;13.50;1448;58;4044.00;426
9945;33;4960227;9945;618;11397;11818;4.32;0.27;383.94;13.50;1452;58;4045.00;421
9947;33;4960242;9947;630;11397;11818;4.27;0.26;383.95;13.50;1450;58;4046.00;421
9947;33;4960257;9947;625;11400;11822;4.27;0.26;383.95;13.50;1453;58;4047.00;422
9947;33;4960272;9947;622;11400;11822;4.26;0.26;383.95;13.50;1453;58;4048.00;422
9947;33;4960288;9947;622;11401;11822;4.28;0.26;383.95;13.50;1454;58;4049.00;421
9948;33;4960305;9948;613;11405;11828;4.34;0.27;384.03;13.50;1457;58;4050.00;423
9950;33;4960321;9950;607;11405;11828;4.37;0.27;384.07;13.50;1455;58;4051.00;423
9952;33;4960342;9952;597;11407;11828;4.43;0.27;384.09;13.49;1455;58;4052.00;421
9953;33;4960358;9953;594;11411;11832;4.47;0.27;384.06;13.49;1458;58;4053.00;421
9954;33;4960374;9954;596;11412;11833;4.53;0.28;384.07;13.49;1458;58;4054.00;421
9955;33;4960391;9955;584;11414;11833;4.58;0.28;384.04;13.49;1459;58;4055.00;419
9956;33;4960407;9956;572;11417;11837;4.63;0.28;384.02;13.49;1461;58;4056.00;420
9960;33;4960423;9960;559;11418;11837;4.66;0.28;384.13;13.49;1458;58;4057.00;419
9962;33;4960444;9962;559;11418;11837;4.70;0.29;384.14;13.49;1456;58;4058.00;419
9963;33;4960459;9963;554;11419;11838;4.70;0.29;384.15;13.49;1456;58;4059.00;419
9966;33;4960476;9966;544;11419;11838;4.69;0.29;384.23;13.49;1453;58;4060.00;419
9969;33;4960491;9969;539;11423;11844;4.71;0.29;384.19;13.48;1454;58;4061.00;421
9972;33;4960508;9972;534;11423;11844;4.71;0.29;384.21;13.48;1451;58;4062.00;421
9976;33;4960524;9976;539;11423;11845;4.72;0.29;384.31;13.48;1447;58;4063.00;422
9977;33;4960539;9977;540;11423;11845;4.73;0.29;384.28;13.48;1446;58;4064.00;422
9980;33;4960554;9980;536;11425;11845;4.73;0.29;384.37;13.69;1445;58;4065.00;420
9984;33;4960574;9984;533;11425;11845;4.74;0.29;384.45;13.69;1441;58;4066.00;420
9986;33;4960591;9986;529;11425;11845;4.73;0.29;384.48;13.69;1439;58;4067.00;420
9988;33;4960606;9988;524;11435;11857;4.80;0.29;384.50;13.68;1447;58;4068.00;422
9996;33;4960623;9996;517;11436;11857;4.77;0.29;384.67;13.68;1440;58;4069.00;421
9998;33;4960644;9998;521;11436;11857;4.77;0.29;384.66;13.68;1438;58;4070.00;421
10001;33;4960660;10001;519;11436;11857;4.77;0.29;384.79;13.68;1435;58;4071.00;421
10006;33;4960676;10006;519;11436;11857;4.77;0.29;384.86;13.68;1430;58;4072.00;421
10008;33;4960692;10008;530;11436;11857;4.77;0.29;384.90;13.68;1428;58;4073.00;421
10013;33;4960707;10013;529;11439;11861;4.77;0.29;384.88;13.68;1426;58;4074.00;422
10014;33;4960724;10014;522;11439;11861;4.82;0.29;384.98;13.68;1425;58;4075.00;422
10017;33;4960739;10017;526;11444;11865;4.89;0.30;384.95;13.68;1427;58;4076.00;421
10020;33;4960756;10020;531;11445;11866;4.97;0.30;385.08;13.68;1425;58;4077.00;421
10021;33;4960772;10021;529;11446;11866;5.00;0.30;385.12;13.68;1425;58;4078.00;420
10021;33;4960787;10021;528;11446;11866;4.98;0.30;385.12;13.68;1425;58;4079.00;420
10022;33;4960804;10022;534;11469;11895;5.02;0.30;385.19;13.66;1447;58;4080.00;426
10024;33;4960822;10024;526;11470;11895;5.00;0.30;385.16;13.65;1446;58;4081.00;425
10027;33;4960838;10027;529;11472;11895;4.96;0.30;385.23;13.65;1445;58;4082.00;423
10028;33;4960854;10028;535;11474;11896;4.98;0.30;385.25;13.65;1446;58;4083.00;422
10031;33;4960870;10031;533;11474;11897;4.98;0.30;385.32;13.65;1443;58;4084.00;423
10035;33;4960885;10035;529;11474;11897;4.95;0.30;385.36;13.65;1439;58;4085.00;423
10039;33;4960901;10039;529;11476;11900;4.92;0.30;385.44;13.65;1437;58;4086.00;424
10040;33;4960917;10040;531;11476;11900;4.93;0.30;385.51;13.65;1436;58;4087.00;424
10041;33;4960932;10041;535;11477;11900;5.00;0.30;385.50;13.65;1436;58;4088.00;423
10048;33;4960948;10048;544;11477;11900;5.00;0.30;385.61;13.65;1429;58;4089.00;423
10050;33;4960963;10050;545;11483;11906;5.03;0.31;385.63;13.75;1433;58;4090.00;423
10052;33;4960985;10052;546;11483;11906;5.04;0.31;385.66;13.75;1431;58;4091.00;423
10054;33;4961000;10054;555;11483;11906;5.01;0.31;385.73;13.75;1429;58;4092.00;423
10055;33;4961017;10055;553;11483;11906;5.00;0.30;385.75;13.75;1428;58;4093.00;423
10055;33;4961032;10055;562;11486;11910;4.98;0.30;385.75;13.75;1431;59;4094.00;424
10058;33;4961056;10058;569;11491;11912;4.92;0.30;385.77;14.07;1433;59;4095.00;421
10059;33;4961072;10059;576;11491;11912;4.90;0.30;385.81;14.07;1432;60;4096.00;421
10061;33;4961102;10061;583;11494;11913;4.86;0.30;385.82;14.28;1433;60;4097.00;419
10064;33;4961117;10064;587;11494;11913;4.80;0.29;385.80;14.28;1430;60;4098.00;419
10066;33;4961132;10066;590;11497;11913;4.73;0.29;385.80;14.60;1431;60;4099.00;416
10067;33;4961148;10067;592;11498;11913;4.72;0.29;385.83;14.70;1431;60;4100.00;415
10070;33;4961167;10070;594;11499;11913;4.69;0.29;385.78;14.81;1429;60;4101.00;414
10071;33;4961182;10071;595;11499;11913;4.72;0.29;385.85;14.81;1428;60;4102.00;414
10072;33;4961197;10072;603;11499;11913;4.74;0.29;385.85;14.81;1427;60;4103.00;414
10076;33;4961234;10076;610;11537;11983;4.86;0.30;385.83;14.97;1461;60;4104.00;446
10077;33;4961254;10077;610;11539;11984;4.86;0.30;385.86;14.97;1462;60;4105.00;445
10079;33;4961269;10079;607;11546;11984;4.86;0.30;385.87;14.96;1467;60;4106.00;438
10079;33;4961285;10079;603;11550;11984;4.86;0.30;385.87;15.17;1471;60;4107.00;434
10083;33;4961299;10083;605;11553;11984;4.85;0.30;386.06;15.16;1470;60;4108.00;431
10084;33;4961321;10084;597;11554;11984;4.86;0.30;386.12;15.16;1470;60;4109.00;430
10089;33;4961338;10089;601;11560;11984;4.82;0.29;386.16;15.37;1471;60;4110.00;424
10090;33;4961354;10090;595;11563;11984;4.83;0.29;386.13;15.37;1473;60;4111.00;421
10094;33;4961375;10094;596;11566;11985;4.82;0.29;386.19;15.37;1472;60;4112.00;419
10096;33;4961390;10096;590;11570;11986;4.82;0.29;386.13;15.57;1474;60;4113.00;416
10096;33;4961406;10096;592;11571;11986;4.83;0.29;386.13;15.57;1475;60;4114.00;415
10100;33;4961421;10100;590;11573;11990;4.77;0.29;386.19;15.57;1473;60;4115.00;417
10103;33;4961437;10103;593;11575;11990;4.70;0.29;386.20;15.78;1472;60;4116.00;415
10107;33;4961453;10107;596;11575;11990;4.60;0.28;386.37;15.78;1468;60;4117.00;415
10110;33;4961468;10110;603;11575;11990;4.55;0.28;386.35;15.78;1465;60;4118.00;415
10113;33;4961483;10113;610;11580;11996;4.54;0.28;386.35;15.77;1467;60;4119.00;416
10115;33;4961499;10115;605;11580;11996;4.50;0.27;386.43;15.77;1465;60;4120.00;416
10119;33;4961514;10119;614;11580;11996;4.40;0.27;386.53;15.77;1461;60;4121.00;416
10122;33;4961529;10122;621;11583;11999;4.32;0.26;386.60;15.77;1461;60;4122.00;416
10126;33;4961544;10126;634;11583;11999;4.21;0.26;386.56;15.77;1457;60;4123.00;416
10130;33;4961558;10130;636;11583;11999;4.09;0.25;386.70;15.77;1453;60;4124.00;416
10135;33;4961572;10135;626;11583;12000;3.98;0.24;386.82;15.77;1448;60;4125.00;417
10138;33;4961587;10138;623;11584;12001;3.97;0.24;386.83;15.77;1446;60;4126.00;417
10141;33;4961601;10141;625;11584;12001;3.96;0.24;386.95;15.77;1443;60;4127.00;417
10144;33;4961615;10144;620;11596;12014;3.99;0.24;387.18;15.75;1452;60;4128.00;418
10148;33;4961630;10148;622;11596;12014;3.99;0.24;387.25;15.75;1448;60;4129.00;418
10149;33;4961645;10149;626;11596;12014;4.00;0.24;387.35;15.75;1447;60;4130.00;418
10154;33;4961659;10154;630;11598;12015;3.99;0.24;387.32;15.75;1444;60;4131.00;417
10160;33;4961673;10160;632;11598;12015;3.98;0.24;387.35;15.75;1438;60;4132.00;417
10162;33;4961687;10162;637;11601;12019;4.00;0.25;387.53;15.75;1439;60;4133.00;418
10165;33;4961702;10165;637;11601;12019;3.98;0.24;387.49;15.75;1436;60;4134.00;418
10170;33;4961716;10170;643;11604;12023;3.90;0.24;387.64;15.75;1434;60;4135.00;419
10172;33;4961733;10172;642;11604;12023;3.89;0.24;387.75;15.75;1432;60;4136.00;419
10177;33;4961747;10177;641;11604;12023;3.86;0.24;387.75;15.75;1427;60;4137.00;419
10180;33;4961762;10180;641;11605;12023;3.85;0.24;387.79;15.75;1425;60;4138.00;418
10180;33;4961776;10180;643;11607;12023;3.86;0.24;387.79;15.75;1427;60;4139.00;416
10185;33;4961792;10185;650;11632;12057;3.93;0.24;387.88;15.72;1447;60;4140.00;425
10189;33;4961810;10189;646;11632;12057;3.90;0.24;387.96;15.72;1443;60;4141.00;425
10193;33;4961825;10193;643;11634;12057;3.93;0.24;388.06;15.71;1441;60;4142.00;423
10200;33;4961840;10200;645;11634;12057;3.89;0.24;388.28;15.71;1434;60;4143.00;423
10206;33;4961855;10206;646;11635;12057;3.87;0.24;388.16;15.71;1429;60;4144.00;422
10209;33;4961870;10209;646;11635;12057;3.90;0.24;388.22;15.71;1426;60;4145.00;422
10212;33;4961885;10212;647;11635;12058;3.92;0.24;388.29;15.71;1423;60;4146.00;423
10217;33;4961899;10217;646;11635;12058;3.88;0.24;388.28;15.71;1418;60;4147.00;423
10218;33;4961914;10218;648;11639;12064;3.88;0.24;388.26;15.71;1421;60;4148.00;425
10220;33;4961928;10220;649;11639;12065;3.86;0.24;388.22;15.71;1419;60;4149.00;426
10221;33;4961943;10221;658;11639;12065;3.85;0.24;388.23;15.71;1418;60;4150.00;426
10224;33;4961957;10224;660;11639;12065;3.77;0.23;388.34;15.71;1415;60;4151.00;426
10227;33;4961972;10227;664;11642;12069;3.74;0.23;388.32;15.70;1415;60;4152.00;427
10231;33;4961987;10231;672;11642;12069;3.70;0.23;388.35;15.70;1411;60;4153.00;427
10234;33;4962001;10234;680;11642;12069;3.66;0.23;388.37;15.70;1408;60;4154.00;427
10237;33;4962015;10237;685;11643;12070;3.65;0.23;388.33;15.70;1406;60;4155.00;427
10240;33;4962030;10240;706;11647;12074;3.62;0.22;388.28;15.70;1407;60;4156.00;427
10246;33;4962045;10246;697;11648;12074;3.57;0.22;388.34;15.70;1402;60;4157.00;426
10247;33;4962059;10247;703;11649;12077;3.57;0.22;388.38;15.70;1402;60;4158.00;428
10251;33;4962073;10251;714;11649;12077;3.52;0.22;388.39;15.70;1398;60;4159.00;428
10257;33;4962087;10257;722;11649;12077;3.48;0.22;388.41;15.70;1392;60;4160.00;428
10259;33;4962101;10259;726;11650;12077;3.48;0.21;388.39;15.70;1391;60;4161.00;427
10263;33;4962115;10263;731;11653;12081;3.43;0.21;388.37;15.69;1390;60;4162.00;428
10268;33;4962129;10268;731;11654;12081;3.38;0.21;388.29;15.69;1386;60;4163.00;427
10270;33;4962143;10270;726;11654;12081;3.37;0.21;388.26;15.69;1384;60;4164.00;427
10272;33;4962156;10272;732;11654;12081;3.31;0.20;388.25;15.69;1382;60;4165.00;427
10275;33;4962170;10275;734;11655;12082;3.25;0.20;388.25;15.69;1380;60;4166.00;427
10275;33;4962183;10275;735;11656;12083;3.24;0.20;388.25;15.69;1381;60;4167.00;427
10278;33;4962196;10278;735;11657;12083;3.20;0.20;388.33;15.69;1379;60;4168.00;426
10281;33;4962209;10281;742;11658;12084;3.16;0.19;388.33;15.69;1377;60;4169.00;426
10284;33;4962224;10284;748;11658;12084;3.11;0.19;388.29;15.69;1374;60;4170.00;426
10285;33;4962237;10285;750;11659;12084;3.10;0.19;388.28;15.69;1374;60;4171.00;425
10289;33;4962249;10289;752;11659;12084;3.07;0.19;388.21;15.69;1370;60;4172.00;425
10290;33;4962262;10290;752;11661;12086;3.05;0.19;388.17;15.69;1371;60;4173.00;425
10293;33;4962275;10293;754;11661;12086;3.02;0.18;388.12;15.69;1368;60;4174.00;425
10297;33;4962289;10297;751;11661;12086;2.98;0.18;388.13;15.69;1364;60;4175.00;425
10303;33;4962302;10303;770;11730;12213;3.32;0.21;388.17;15.60;1427;60;4176.00;483
10303;33;4962325;10303;766;11733;12214;3.35;0.21;388.17;15.59;1430;60;4177.00;481
10303;33;4962339;10303;755;11741;12214;3.44;0.21;388.17;15.58;1438;60;4178.00;473
10305;33;4962353;10305;751;11743;12214;3.45;0.21;388.13;15.58;1438;60;4179.00;471
10307;33;4962367;10307;750;11746;12214;3.48;0.22;388.14;15.58;1439;60;4180.00;468
10308;33;4962381;10308;742;11751;12214;3.51;0.22;388.13;15.57;1443;60;4181.00;463
10309;33;4962395;10309;735;11755;12214;3.57;0.22;388.12;15.57;1446;60;4182.00;459
10309;33;4962410;10309;714;11756;12214;3.65;0.23;388.12;15.57;1447;60;4183.00;458
10309;33;4962429;10309;706;11759;12215;3.73;0.23;388.12;15.57;1450;60;4184.00;456
10310;33;4962445;10310;691;11763;12217;3.81;0.23;388.16;15.56;1453;60;4185.00;454
10312;33;4962460;10312;685;11766;12217;3.89;0.24;388.23;15.56;1454;60;4186.00;451
10312;33;4962477;10312;681;11767;12218;3.95;0.24;388.23;15.56;1455;60;4187.00;451
10314;33;4962493;10314;686;11769;12218;3.99;0.25;388.21;15.56;1455;60;4188.00;449
10315;33;4962509;10315;688;11770;12218;4.08;0.25;388.27;15.56;1455;60;4189.00;448
10316;33;4962530;10316;692;11772;12218;4.14;0.25;388.28;15.56;1456;60;4190.00;446
10316;33;4962546;10316;696;11776;12222;4.17;0.25;388.28;15.56;1460;60;4191.00;446
10317;33;4962562;10317;705;11778;12222;4.25;0.26;388.30;15.56;1461;60;4192.00;444
10318;33;4962578;10318;706;11780;12222;4.32;0.26;388.38;15.56;1462;60;4193.00;442
10319;33;4962595;10319;706;11781;12225;4.36;0.27;388.40;15.56;1462;60;4194.00;444
10319;33;4962611;10319;711;11783;12225;4.40;0.27;388.40;15.56;1464;60;4195.00;442
10319;33;4962627;10319;704;11783;12225;4.45;0.27;388.40;15.56;1464;60;4196.00;442
10319;33;4962643;10319;710;11788;12229;4.48;0.27;388.40;15.55;1469;60;4197.00;441
10321;33;4962664;10321;702;11789;12230;4.51;0.27;388.42;15.55;1468;60;4198.00;441
10322;33;4962685;10322;702;11790;12230;4.55;0.28;388.41;15.55;1468;60;4199.00;440
10323;33;4962703;10323;710;11799;12264;4.59;0.28;388.37;15.54;1476;60;4200.00;465
10327;33;4962726;10327;702;11801;12264;4.55;0.28;388.35;15.54;1474;60;4201.00;463
10328;33;4962743;10328;701;11804;12264;4.60;0.28;388.34;15.54;1476;60;4202.00;460
10330;33;4962759;10330;698;11805;12265;4.63;0.28;388.40;15.54;1475;60;4203.00;460
10332;33;4962775;10332;696;11806;12265;4.65;0.28;388.55;15.53;1474;60;4204.00;459
10334;33;4962791;10334;692;11811;12271;4.65;0.28;388.60;15.53;1477;60;4205.00;460
10336;33;4962808;10336;693;11812;12271;4.63;0.28;388.62;15.53;1476;60;4206.00;459
10337;33;4962823;10337;683;11812;12272;4.64;0.28;388.59;15.53;1475;60;4207.00;460
10338;33;4962840;10338;690;11813;12272;4.62;0.28;388.61;15.53;1475;60;4208.00;459
10341;33;4962856;10341;684;11813;12272;4.57;0.28;388.59;15.53;1472;60;4209.00;459
10341;33;4962871;10341;688;11813;12272;4.57;0.28;388.59;15.53;1472;60;4210.00;459
10342;33;4962887;10342;687;11814;12272;4.57;0.28;388.56;15.53;1472;60;4211.00;458
10344;33;4962902;10344;686;11822;12284;4.58;0.28;388.55;15.52;1478;60;4212.00;462
10345;33;4962925;10345;680;11823;12284;4.63;0.28;388.60;15.52;1478;60;4213.00;461
10346;33;4962941;10346;674;11826;12284;4.66;0.28;388.63;15.51;1480;60;4214.00;458
10350;33;4962957;10350;664;11826;12284;4.68;0.28;388.72;15.51;1476;60;4215.00;458
10353;33;4962972;10353;651;11826;12284;4.69;0.28;388.82;15.51;1473;60;4216.00;458
10354;33;4962988;10354;646;11827;12284;4.72;0.29;388.86;15.51;1473;60;4217.00;457
10356;33;4963004;10356;652;11831;12288;4.75;0.29;388.91;15.51;1475;60;4218.00;457
10358;33;4963021;10358;651;11831;12288;4.79;0.29;389.14;15.51;1473;60;4219.00;457
10360;33;4963038;10360;645;11834;12292;4.83;0.29;389.26;15.51;1474;60;4220.00;458
10363;33;4963056;10363;649;11835;12293;4.86;0.29;389.25;15.50;1472;60;4221.00;458
10367;33;4963072;10367;637;11835;12293;4.88;0.29;389.22;15.50;1468;60;4222.00;458
10368;33;4963088;10368;635;11836;12293;4.95;0.30;389.35;15.51;1468;60;4223.00;457
10370;33;4963104;10370;634;11845;12306;4.94;0.30;389.36;15.50;1475;60;4224.00;461
10374;33;4963121;10374;631;11845;12306;4.90;0.30;389.48;15.50;1471;60;4225.00;461
10376;33;4963137;10376;636;11845;12306;4.91;0.30;389.64;15.50;1469;60;4226.00;461
10378;33;4963153;10378;630;11848;12307;4.95;0.30;389.66;15.49;1470;60;4227.00;459
10382;33;4963170;10382;634;11848;12308;4.91;0.30;389.78;15.49;1466;60;4228.00;460
10385;33;4963185;10385;635;11849;12308;4.90;0.30;389.76;15.50;1464;60;4229.00;459
10390;33;4963203;10390;635;11855;12314;4.90;0.30;389.96;15.49;1465;60;4230.00;459
10393;33;4963226;10393;635;11856;12314;4.89;0.29;389.93;15.49;1463;60;4231.00;458
10394;33;4963242;10394;629;11856;12314;4.91;0.30;389.90;15.49;1462;60;4232.00;458
10398;33;4963257;10398;638;11856;12314;4.94;0.30;390.10;15.49;1458;60;4233.00;458
10401;33;4963273;10401;638;11861;12320;4.93;0.30;390.06;15.48;1460;60;4234.00;459
10403;33;4963290;10403;642;11862;12320;4.91;0.30;390.07;15.48;1459;60;4235.00;458
10405;33;4963306;10405;645;11862;12320;4.84;0.29;390.04;15.48;1457;60;4236.00;458
10407;33;4963322;10407;638;11862;12320;4.75;0.29;390.02;15.48;1455;60;4237.00;458
10408;33;4963337;10408;640;11866;12324;4.65;0.28;389.98;15.48;1458;60;4238.00;458
10409;33;4963354;10409;643;11867;12325;4.59;0.28;389.97;15.48;1458;60;4239.00;458
10411;33;4963369;10411;650;11867;12325;4.54;0.28;390.00;15.48;1456;60;4240.00;458
10414;33;4963385;10414;662;11869;12326;4.51;0.27;390.07;15.48;1455;60;4241.00;457
10416;33;4963400;10416;664;11869;12326;4.47;0.27;390.12;15.48;1453;60;4242.00;457
10417;33;4963415;10417;665;11869;12326;4.45;0.27;390.14;15.48;1452;60;4243.00;457
10420;33;4963430;10420;671;11870;12326;4.40;0.27;390.33;15.49;1450;60;4244.00;456
10423;33;4963446;10423;675;11870;12326;4.39;0.27;390.48;15.49;1447;60;4245.00;456
10428;33;4963461;10428;675;11870;12326;4.35;0.27;390.39;15.49;1442;60;4246.00;456
10431;33;4963477;10431;682;11871;12326;4.31;0.26;390.37;15.49;1440;60;4247.00;455
10433;33;4963492;10433;688;11907;12396;4.44;0.27;390.38;15.44;1474;60;4248.00;489
10435;33;4963513;10435;690;11909;12397;4.48;0.27;390.47;15.44;1474;60;4249.00;488
10436;33;4963529;10436;682;11917;12397;4.54;0.28;390.49;15.44;1481;60;4250.00;480
10439;33;4963544;10439;684;11917;12397;4.52;0.28;390.55;15.44;1478;60;4251.00;480
10443;33;4963560;10443;680;11924;12397;4.53;0.28;390.64;15.44;1481;60;4252.00;473
10446;33;4963575;10446;686;11926;12397;4.51;0.28;390.66;15.44;1480;60;4253.00;471
10447;33;4963591;10447;688;11930;12397;4.53;0.28;390.69;15.43;1483;60;4254.00;467
10450;33;4963606;10450;691;11934;12397;4.56;0.28;390.88;15.43;1484;60;4255.00;463
10454;33;4963621;10454;698;11937;12398;4.55;0.28;390.90;15.43;1483;60;4256.00;461
10455;33;4963636;10455;693;11940;12399;4.54;0.28;390.95;15.43;1485;60;4257.00;459
10458;33;4963651;10458;689;11942;12399;4.53;0.28;391.05;15.43;1484;60;4258.00;457
10461;33;4963666;10461;692;11947;12403;4.53;0.28;391.04;15.42;1486;60;4259.00;456
10463;33;4963683;10463;696;11948;12403;4.50;0.28;391.10;15.42;1485;60;4260.00;455
10465;33;4963703;10465;703;11948;12403;4.46;0.27;391.13;15.42;1483;60;4261.00;455
10467;33;4963719;10467;709;11948;12403;4.47;0.27;391.15;15.42;1481;60;4262.00;455
10470;33;4963735;10470;725;11953;12409;4.52;0.28;391.28;15.42;1483;60;4263.00;456
10473;33;4963750;10473;719;11953;12409;4.51;0.28;391.37;15.42;1480;60;4264.00;456
10478;33;4963765;10478;728;11953;12409;4.50;0.27;391.46;15.42;1475;60;4265.00;456
10481;33;4963780;10481;726;11956;12412;4.53;0.28;391.42;15.41;1475;60;4266.00;456
10483;33;4963796;10483;726;11956;12412;4.52;0.28;391.63;15.41;1473;60;4267.00;456
10485;33;4963811;10485;725;11956;12412;4.44;0.27;391.67;15.41;1471;60;4268.00;456
10485;33;4963826;10485;718;11956;12413;4.42;0.27;391.67;15.41;1471;60;4269.00;457
10488;33;4963842;10488;718;11957;12414;4.34;0.27;391.64;15.41;1469;60;4270.00;457
10490;33;4963856;10490;724;11957;12414;4.24;0.26;391.77;15.41;1467;60;4271.00;457
10491;33;4963871;10491;730;11967;12427;4.25;0.26;391.75;15.40;1476;60;4272.00;460
10495;33;4963886;10495;732;11968;12427;4.19;0.26;391.82;15.40;1473;60;4273.00;459
10496;33;4963902;10496;734;11968;12427;4.16;0.26;391.93;15.40;1472;60;4274.00;459
10501;33;4963917;10501;727;11970;12429;4.12;0.25;391.96;15.39;1469;60;4275.00;459
10503;33;4963932;10503;711;11970;12429;4.12;0.25;392.01;15.39;1467;60;4276.00;459
10506;33;4963947;10506;701;11974;12433;4.18;0.26;391.99;15.39;1468;60;4277.00;459
10509;33;4963962;10509;695;11974;12433;4.17;0.26;391.98;15.39;1465;60;4278.00;459
10510;33;4963976;10510;699;11976;12437;4.16;0.26;392.02;15.39;1466;60;4279.00;461
10515;33;4963990;10515;697;11977;12437;4.16;0.25;392.00;15.39;1462;60;4280.00;460
10520;33;4964005;10520;704;11977;12437;4.14;0.25;392.15;15.39;1457;60;4281.00;460
10525;33;4964025;10525;704;11977;12437;4.07;0.25;392.39;15.39;1452;60;4282.00;460
10525;33;4964040;10525;708;11977;12437;4.05;0.25;392.39;15.39;1452;60;4283.00;460
10527;33;4964054;10527;704;11988;12449;4.06;0.25;392.62;15.37;1461;60;4284.00;461
10528;33;4964069;10528;703;11988;12449;4.03;0.25;392.58;15.37;1460;60;4285.00;461
10531;33;4964085;10531;707;11988;12449;3.98;0.24;392.64;15.37;1457;60;4286.00;461
10535;33;4964099;10535;704;11988;12449;3.92;0.24;392.78;15.37;1453;60;4287.00;461
10539;33;4964113;10539;703;11988;12449;3.84;0.23;392.90;15.37;1449;60;4288.00;461
10544;33;4964126;10544;698;11988;12449;3.73;0.23;392.95;15.37;1444;60;4289.00;461
10546;33;4964142;10546;692;11988;12450;3.67;0.22;392.97;15.37;1442;60;4290.00;462
10550;33;4964156;10550;693;11988;12450;3.62;0.22;392.94;15.37;1438;60;4291.00;462
10553;33;4964171;10553;691;11993;12456;3.66;0.22;393.00;15.37;1440;60;4292.00;463
10559;33;4964184;10559;691;11994;12457;3.59;0.22;392.99;15.36;1435;60;4293.00;463
10564;33;4964198;10564;703;11994;12457;3.54;0.22;393.14;15.36;1430;60;4294.00;463
10566;33;4964212;10566;694;11994;12457;3.49;0.21;393.14;15.36;1428;60;4295.00;463
10570;33;4964225;10570;694;11997;12461;3.50;0.21;393.29;15.36;1427;61;4296.00;464
10573;33;4964244;10573;685;11997;12461;3.44;0.21;393.36;15.36;1424;61;4297.00;464
10575;33;4964258;10575;685;11997;12461;3.37;0.21;393.37;15.36;1422;61;4298.00;464
10578;33;4964270;10578;688;11998;12462;3.31;0.20;393.43;15.36;1420;61;4299.00;464
10581;33;4964285;10581;688;12001;12466;3.27;0.20;393.41;15.36;1420;61;4300.00;465
10585;33;4964301;10585;693;12001;12466;3.19;0.19;393.45;15.36;1416;61;4301.00;465
10586;33;4964316;10586;697;12004;12469;3.16;0.19;393.43;15.35;1418;61;4302.00;465
10591;33;4964330;10591;693;12004;12469;3.10;0.19;393.30;15.35;1413;61;4303.00;465
10593;33;4964344;10593;694;12004;12469;3.11;0.19;393.30;15.35;1411;61;4304.00;465
10596;33;4964357;10596;700;12004;12469;3.09;0.19;393.22;15.35;1408;61;4305.00;465
10599;33;4964371;10599;702;12008;12473;3.12;0.19;393.21;15.35;1409;61;4306.00;465
10604;33;4964389;10604;707;12008;12473;3.09;0.19;393.09;15.35;1404;61;4307.00;465
10611;33;4964403;10611;708;12008;12473;3.05;0.19;392.93;15.35;1397;61;4308.00;465
10612;33;4964416;10612;704;12008;12473;3.08;0.19;392.93;15.35;1396;61;4309.00;465
10614;33;4964429;10614;704;12008;12474;3.09;0.19;392.90;15.35;1394;61;4310.00;466
10619;33;4964443;10619;702;12009;12475;3.01;0.18;392.77;15.35;1390;61;4311.00;466
10621;33;4964457;10621;692;12009;12475;3.00;0.18;392.77;15.35;1388;61;4312.00;466
10624;33;4964470;10624;702;12010;12476;3.00;0.18;392.70;15.34;1386;61;4313.00;466
10628;33;4964484;10628;700;12010;12476;2.98;0.18;392.67;15.34;1382;61;4314.00;466
10630;33;4964497;10630;705;12010;12476;2.99;0.18;392.70;15.34;1380;61;4315.00;466
10633;33;4964510;10633;705;12010;12476;3.02;0.18;392.79;15.34;1377;61;4316.00;466
10635;33;4964524;10635;704;12010;12476;3.01;0.18;392.77;15.34;1375;61;4317.00;466
10636;33;4964537;10636;706;12010;12476;3.02;0.18;392.77;15.34;1374;61;4318.00;466
10639;33;4964550;10639;715;12010;12476;3.01;0.18;392.82;15.34;1371;61;4319.00;466
10641;33;4964565;10641;737;12124;12706;3.42;0.22;392.80;15.20;1483;61;4320.00;582
10643;33;4964598;10643;738;12128;12707;3.39;0.22;392.79;15.20;1485;61;4321.00;579
10647;33;4964612;10647;728;12135;12707;3.46;0.22;392.70;15.19;1488;61;4322.00;572
10649;33;4964626;10649;728;12140;12707;3.50;0.22;392.69;15.18;1491;61;4323.00;567
10649;33;4964639;10649;724;12146;12707;3.56;0.22;392.69;15.18;1497;61;4324.00;561
10653;33;4964653;10653;733;12152;12707;3.54;0.22;392.67;15.17;1499;61;4325.00;555
10655;33;4964668;10655;720;12156;12707;3.56;0.22;392.72;15.17;1501;61;4326.00;551
10658;33;4964682;10658;717;12160;12707;3.56;0.22;392.71;15.17;1502;61;4327.00;547
10659;33;4964696;10659;724;12167;12708;3.58;0.22;392.72;15.16;1508;61;4328.00;541
10661;33;4964710;10661;728;12170;12709;3.54;0.22;392.70;15.16;1509;61;4329.00;539
10663;33;4964724;10663;713;12176;12709;3.50;0.22;392.75;15.16;1513;61;4330.00;533
10665;33;4964739;10665;712;12178;12710;3.45;0.22;392.77;15.28;1513;61;4331.00;532
10667;33;4964756;10667;707;12181;12710;3.42;0.21;392.85;15.28;1514;61;4332.00;529
10671;33;4964773;10671;706;12182;12710;3.37;0.21;392.86;15.28;1511;61;4333.00;528
10674;33;4964788;10674;710;12184;12710;3.36;0.21;392.85;15.28;1510;61;4334.00;526
10676;33;4964803;10676;712;12186;12714;3.34;0.21;392.85;15.27;1510;61;4335.00;528
10679;33;4964819;10679;717;12188;12714;3.36;0.21;392.82;15.27;1509;61;4336.00;526
10682;33;4964833;10682;701;12189;12714;3.41;0.21;392.91;15.27;1507;61;4337.00;525
10683;33;4964849;10683;701;12190;12717;3.44;0.21;392.98;15.27;1507;61;4338.00;527
10684;33;4964865;10684;694;12192;12717;3.44;0.21;392.98;15.27;1508;61;4339.00;525
10684;33;4964892;10684;697;12193;12717;3.49;0.22;392.98;15.27;1509;61;4340.00;524
10688;33;4964907;10688;713;12197;12721;3.47;0.21;393.00;15.27;1509;61;4341.00;524
10688;33;4964923;10688;716;12198;12722;3.46;0.21;393.00;15.27;1510;61;4342.00;524
10690;33;4964939;10690;722;12200;12722;3.45;0.21;393.15;15.27;1510;61;4343.00;522
10693;33;4964954;10693;725;12202;12726;3.48;0.21;393.11;15.27;1509;61;4344.00;524
10696;33;4964971;10696;735;12203;12726;3.48;0.21;393.06;15.27;1507;61;4345.00;523
10696;33;4964987;10696;734;12206;12726;3.51;0.21;393.06;15.27;1510;61;4346.00;520
10698;33;4965003;10698;720;12206;12727;3.58;0.22;393.08;15.27;1508;61;4347.00;521
10700;33;4965019;10700;716;12208;12727;3.64;0.22;393.12;15.27;1508;61;4348.00;519
10702;33;4965035;10702;707;12212;12733;3.70;0.23;393.12;15.26;1510;61;4349.00;521
10705;33;4965053;10705;697;12213;12733;3.74;0.23;393.06;15.26;1508;61;4350.00;520
10707;33;4965070;10707;694;12214;12734;3.77;0.23;393.15;15.26;1507;61;4351.00;520
10708;33;4965086;10708;697;12215;12734;3.81;0.23;393.16;15.27;1507;61;4352.00;519
10711;33;4965102;10711;697;12215;12734;3.84;0.23;393.17;15.27;1504;61;4353.00;519
10712;33;4965119;10712;699;12215;12734;3.89;0.24;393.19;15.27;1503;61;4354.00;519
10713;33;4965135;10713;696;12216;12734;3.90;0.24;393.16;15.39;1503;61;4355.00;518
10713;33;4965151;10713;691;12224;12746;4.00;0.24;393.16;15.38;1511;61;4356.00;522
10716;33;4965167;10716;679;12226;12746;4.00;0.24;393.24;15.38;1510;61;4357.00;520
10717;33;4965184;10717;672;12227;12746;4.02;0.24;393.35;15.38;1510;61;4358.00;519
10718;33;4965199;10718;661;12227;12746;4.04;0.25;393.35;15.38;1509;61;4359.00;519
10720;33;4965215;10720;655;12228;12746;4.06;0.25;393.42;15.38;1508;61;4360.00;518
10723;33;4965232;10723;649;12228;12746;4.07;0.25;393.46;15.38;1505;61;4361.00;518
10724;33;4965248;10724;646;12233;12750;4.08;0.25;393.52;15.38;1509;61;4362.00;517
10726;33;4965264;10726;646;12233;12750;4.07;0.25;393.63;15.38;1507;61;4363.00;517
10727;33;4965281;10727;634;12238;12754;4.12;0.25;393.61;15.38;1511;61;4364.00;516
10730;33;4965298;10730;635;12239;12756;4.16;0.25;393.76;15.38;1509;61;4365.00;517
10732;33;4965314;10732;634;12241;12756;4.17;0.25;393.90;15.38;1509;61;4366.00;515
10733;33;4965330;10733;634;12241;12756;4.20;0.26;393.96;15.38;1508;61;4367.00;515
10737;33;4965346;10737;637;12250;12769;4.27;0.26;394.10;15.38;1513;61;4368.00;519
10739;33;4965368;10739;644;12251;12769;4.28;0.26;394.08;15.38;1512;61;4369.00;518
10740;33;4965385;10740;647;12251;12769;4.31;0.26;394.10;15.38;1511;61;4370.00;518
10743;33;4965401;10743;654;12253;12770;4.30;0.26;394.24;15.38;1510;61;4371.00;517
10745;33;4965423;10745;651;12254;12771;4.29;0.26;394.29;15.38;1509;61;4372.00;517
10745;33;4965439;10745;657;12255;12771;4.31;0.26;394.29;15.38;1510;61;4373.00;516
10748;33;4965458;10748;658;12258;12774;4.35;0.26;394.37;15.49;1510;61;4374.00;516
10751;33;4965474;10751;666;12259;12774;4.37;0.26;394.52;15.49;1508;61;4375.00;515
10752;33;4965491;10752;673;12260;12774;4.40;0.27;394.51;15.49;1508;61;4376.00;514
10753;33;4965507;10753;677;12260;12774;4.44;0.27;394.56;15.49;1507;61;4377.00;514
10756;33;4965523;10756;676;12265;12780;4.47;0.27;394.74;15.49;1509;61;4378.00;515
10758;33;4965540;10758;673;12265;12780;4.46;0.27;394.76;15.49;1507;61;4379.00;515
10759;33;4965558;10759;683;12265;12780;4.46;0.27;394.83;15.49;1506;61;4380.00;515
10760;33;4965575;10760;673;12266;12780;4.45;0.27;394.84;15.49;1506;61;4381.00;514
10763;33;4965591;10763;671;12269;12784;4.41;0.27;394.90;15.48;1506;61;4382.00;515
10764;33;4965608;10764;667;12270;12785;4.44;0.27;394.86;15.48;1506;61;4383.00;515
10767;33;4965623;10767;648;12270;12785;4.49;0.27;394.82;15.48;1503;61;4384.00;515
10770;33;4965639;10770;642;12272;12786;4.50;0.27;394.83;15.48;1502;61;4385.00;514
10773;33;4965656;10773;631;12275;12786;4.47;0.27;394.80;15.84;1502;62;4386.00;511
10778;33;4965682;10778;618;12275;12786;4.44;0.27;394.89;15.84;1497;62;4387.00;511
10780;33;4965698;10780;618;12275;12786;4.45;0.27;394.94;15.84;1495;62;4388.00;511
10781;33;4965714;10781;617;12275;12786;4.42;0.27;394.93;15.84;1494;62;4389.00;511
10783;33;4965729;10783;623;12275;12786;4.41;0.27;394.95;15.84;1492;62;4390.00;511
10784;33;4965744;10784;610;12275;12786;4.44;0.27;394.98;15.84;1491;62;4391.00;511
10788;33;4965761;10788;617;12310;12856;4.48;0.27;395.17;15.92;1522;62;4392.00;546
10794;33;4965783;10794;602;12310;12857;4.50;0.28;395.08;15.92;1516;62;4393.00;547
10799;33;4965799;10799;599;12315;12857;4.54;0.28;395.25;15.91;1516;63;4394.00;542
10804;33;4965820;10804;583;12316;12857;4.51;0.28;395.34;15.91;1512;63;4395.00;541
10808;33;4965837;10808;582;12319;12857;4.56;0.28;395.44;15.91;1511;63;4396.00;538
10810;33;4965852;10810;580;12319;12857;4.61;0.28;395.48;15.91;1509;63;4397.00;538
10816;33;4965869;10816;578;12321;12857;4.60;0.28;395.51;15.90;1505;63;4398.00;536
10817;33;4965886;10817;573;12325;12857;4.63;0.28;395.52;15.90;1508;63;4399.00;532
10821;33;4965903;10821;568;12326;12858;4.59;0.28;395.61;15.90;1505;63;4400.00;532
10824;33;4965923;10824;580;12331;12859;4.61;0.28;395.76;16.02;1507;63;4401.00;528
10827;33;4965943;10827;581;12334;12859;4.61;0.28;395.81;16.03;1507;63;4402.00;525
10833;33;4965961;10833;578;12342;12863;4.58;0.28;395.87;16.02;1509;63;4403.00;521
10837;33;4965978;10837;573;12345;12863;4.60;0.28;395.94;16.02;1508;63;4404.00;518
10841;33;4965995;10841;568;12347;12863;4.61;0.28;396.05;16.14;1506;63;4405.00;516
10844;33;4966011;10844;572;12347;12863;4.61;0.28;396.08;16.14;1503;63;4406.00;516
10845;33;4966030;10845;562;12352;12869;4.66;0.28;396.07;16.13;1507;63;4407.00;517
10847;33;4966048;10847;566;12354;12869;4.67;0.29;396.20;16.14;1507;63;4408.00;515
10850;33;4966064;10850;572;12355;12869;4.65;0.28;396.17;16.26;1505;63;4409.00;514
10853;33;4966082;10853;574;12360;12875;4.65;0.28;396.32;16.26;1507;63;4410.00;515
10858;33;4966099;10858;585;12360;12875;4.64;0.28;396.52;16.26;1502;63;4411.00;515
10862;33;4966115;10862;592;12365;12875;4.63;0.28;396.63;16.39;1503;63;4412.00;510
10864;33;4966132;10864;600;12365;12876;4.59;0.28;396.68;16.39;1501;63;4413.00;511
10865;33;4966149;10865;607;12366;12877;4.57;0.28;396.69;16.38;1501;63;4414.00;511
10869;33;4966166;10869;614;12367;12877;4.53;0.28;396.67;16.39;1498;63;4415.00;510
10873;33;4966182;10873;629;12376;12890;4.50;0.27;396.63;16.38;1503;63;4416.00;514
10876;33;4966201;10876;629;12377;12890;4.49;0.27;396.68;16.38;1501;63;4417.00;513
10879;33;4966217;10879;637;12379;12890;4.47;0.27;396.71;16.51;1500;63;4418.00;511
10882;33;4966234;10882;642;12380;12891;4.41;0.27;396.96;16.51;1498;63;4419.00;511
10882;33;4966251;10882;645;12382;12891;4.42;0.27;396.96;16.64;1500;63;4420.00;509
10884;33;4966266;10884;646;12386;12895;4.42;0.27;397.01;16.63;1502;63;4421.00;509
10886;33;4966283;10886;654;12387;12895;4.43;0.27;397.05;16.63;1501;63;4422.00;508
10888;33;4966298;10888;665;12390;12899;4.39;0.27;397.03;16.64;1502;63;4423.00;509
10891;33;4966314;10891;666;12390;12899;4.36;0.26;397.08;16.64;1499;63;4424.00;509
10893;33;4966331;10893;670;12391;12899;4.33;0.26;397.21;16.64;1498;63;4425.00;508
10896;33;4966346;10896;679;12391;12899;4.28;0.26;397.26;16.64;1495;63;4426.00;508
10898;33;4966361;10898;672;12393;12899;4.27;0.26;397.28;16.64;1495;63;4427.00;506
10900;33;4966377;10900;673;12405;12911;4.33;0.26;397.32;16.62;1505;63;4428.00;506
10905;33;4966395;10905;676;12406;12911;4.26;0.26;397.38;16.62;1501;63;4429.00;505
10906;33;4966410;10906;683;12406;12911;4.28;0.26;397.41;16.62;1500;63;4430.00;505
10908;33;4966424;10908;688;12406;12911;4.29;0.26;397.49;16.62;1498;63;4431.00;505
10909;33;4966440;10909;692;12406;12911;4.25;0.26;397.53;16.62;1497;63;4432.00;505
10911;33;4966454;10911;696;12406;12911;4.22;0.26;397.54;16.62;1495;63;4433.00;505
10913;33;4966469;10913;703;12406;12912;4.18;0.26;397.61;16.62;1493;63;4434.00;506
10915;33;4966484;10915;714;12406;12912;4.13;0.25;397.76;16.62;1491;63;4435.00;506
10918;33;4966499;10918;721;12410;12918;4.12;0.25;397.73;16.62;1492;63;4436.00;508
10920;33;4966514;10920;725;12411;12919;4.08;0.25;397.86;16.62;1491;63;4437.00;508
10922;33;4966529;10922;732;12411;12919;4.02;0.25;397.96;16.62;1489;63;4438.00;508
10925;33;4966543;10925;726;12411;12919;3.95;0.24;397.89;16.62;1486;63;4439.00;508
10927;33;4966560;10927;729;12415;12924;3.95;0.24;397.90;16.61;1488;63;4440.00;509
10929;33;4966574;10929;731;12415;12924;3.87;0.24;397.94;16.61;1486;63;4441.00;509
10930;33;4966594;10930;730;12415;12924;3.83;0.23;397.92;16.61;1485;63;4442.00;509
10931;33;4966608;10931;733;12416;12925;3.80;0.23;397.95;16.61;1485;63;4443.00;509
10933;33;4966623;10933;734;12419;12929;3.77;0.23;397.96;16.61;1486;63;4444.00;510
10934;33;4966637;10934;729;12419;12929;3.73;0.23;397.93;16.61;1485;63;4445.00;510
10937;33;4966652;10937;733;12421;12932;3.71;0.23;397.98;16.60;1484;63;4446.00;511
10940;33;4966666;10940;735;12421;12932;3.63;0.22;397.97;16.60;1481;63;4447.00;511
10941;33;4966695;10941;741;12421;12932;3.62;0.22;397.94;16.60;1480;63;4448.00;511
10945;33;4966712;10945;739;12421;12932;3.58;0.22;397.98;16.60;1476;63;4449.00;511
10950;33;4966725;10950;736;12424;12936;3.55;0.22;397.96;16.60;1474;63;4450.00;512
10952;33;4966740;10952;739;12424;12936;3.48;0.21;397.91;16.60;1472;63;4451.00;512
10954;33;4966754;10954;741;12424;12936;3.43;0.21;397.96;16.60;1470;63;4452.00;512
10957;33;4966767;10957;735;12424;12936;3.38;0.21;397.95;16.60;1467;63;4453.00;512
10961;33;4966780;10961;731;12424;12937;3.31;0.20;398.05;16.60;1463;63;4454.00;513
10963;33;4966794;10963;723;12425;12939;3.25;0.20;398.02;16.60;1462;63;4455.00;514
10966;33;4966808;10966;723;12425;12939;3.23;0.20;397.98;16.60;1459;63;4456.00;514
10972;33;4966822;10972;714;12426;12940;3.20;0.20;398.01;16.60;1454;63;4457.00;514
10978;33;4966835;10978;712;12426;12940;3.17;0.19;397.97;16.60;1448;63;4458.00;514
10979;33;4966849;10979;716;12426;12940;3.20;0.20;397.94;16.60;1447;63;4459.00;514
10983;33;4966864;10983;710;12426;12940;3.20;0.20;397.97;16.60;1443;63;4460.00;514
10987;33;4966877;10987;717;12426;12940;3.21;0.20;397.88;16.60;1439;63;4461.00;514
10991;33;4966890;10991;711;12426;12940;3.21;0.20;397.84;16.60;1435;64;4462.00;514
10993;33;4966913;10993;710;12426;12940;3.23;0.20;397.86;16.60;1433;64;4463.00;514
10997;33;4966927;10997;710;12485;13067;3.59;0.22;397.88;16.52;1488;64;4464.00;582
11001;33;4966950;11001;700;12489;13068;3.55;0.22;397.84;16.51;1488;64;4465.00;579
11002;33;4966964;11002;702;12498;13068;3.61;0.22;397.83;16.50;1496;64;4466.00;570
11005;33;4966979;11005;705;12503;13068;3.60;0.22;397.78;16.50;1498;64;4467.00;565
11008;33;4966992;11008;702;12506;13068;3.60;0.22;397.74;16.49;1498;64;4468.00;562
11010;33;4967007;11010;706;12508;13068;3.57;0.22;397.70;16.49;1498;64;4469.00;560
11012;33;4967027;11012;703;12511;13068;3.54;0.22;397.66;16.49;1499;64;4470.00;557
11015;33;4967045;11015;707;12513;13068;3.50;0.22;397.65;16.49;1498;64;4471.00;555
11017;33;4967064;11017;709;12514;13069;3.48;0.22;397.59;16.49;1497;64;4472.00;555
11020;33;4967080;11020;714;12515;13070;3.44;0.21;397.53;16.49;1495;64;4473.00;555
11025;33;4967095;11025;724;12517;13070;3.42;0.21;397.53;16.49;1492;64;4474.00;553
11026;33;4967109;11026;730;12519;13071;3.43;0.21;397.53;16.48;1493;64;4475.00;552
11028;33;4967124;11028;736;12521;13071;3.45;0.21;397.58;16.48;1493;64;4476.00;550
11031;33;4967139;11031;718;12521;13071;3.45;0.21;397.59;16.48;1490;64;4477.00;550
11033;33;4967154;11033;706;12521;13071;3.47;0.21;397.56;16.48;1488;64;4478.00;550
11035;33;4967171;11035;700;12524;13075;3.49;0.22;397.58;16.48;1489;64;4479.00;551
11040;33;4967187;11040;696;12524;13075;3.46;0.21;397.50;16.48;1484;64;4480.00;551
11043;33;4967202;11043;686;12524;13075;3.45;0.21;397.53;16.48;1481;64;4481.00;551
11045;33;4967217;11045;689;12525;13078;3.45;0.21;397.65;16.48;1480;64;4482.00;553
11046;33;4967232;11046;698;12525;13078;3.45;0.21;397.63;16.48;1479;64;4483.00;553
11048;33;4967251;11048;703;12526;13078;3.44;0.21;397.64;16.48;1478;64;4484.00;552
11051;33;4967267;11051;710;12527;13082;3.44;0.21;397.68;16.48;1476;64;4485.00;555
11054;33;4967287;11054;710;12529;13083;3.49;0.21;397.62;16.48;1475;64;4486.00;554
11058;33;4967302;11058;711;12529;13083;3.48;0.21;397.76;16.48;1471;64;4487.00;554
11061;33;4967317;11061;715;12532;13087;3.49;0.21;397.77;16.47;1471;64;4488.00;555
11065;33;4967332;11065;713;12532;13087;3.49;0.21;397.72;16.47;1467;64;4489.00;555
11068;34;4967348;11068;718;12533;13087;3.48;0.21;397.70;16.47;1465;65;4490.00;554
11070;34;4967373;11070;726;12534;13088;3.51;0.21;397.70;16.47;1464;65;4491.00;554
11072;34;4967388;11072;720;12534;13088;3.53;0.22;397.68;16.47;1462;65;4492.00;554
11076;34;4967402;11076;719;12538;13094;3.55;0.22;397.75;16.47;1462;65;4493.00;556
11084;34;4967417;11084;724;12538;13094;3.51;0.21;397.64;16.47;1454;65;4494.00;556
11087;34;4967433;11087;722;12538;13095;3.53;0.21;397.59;16.47;1451;65;4495.00;557
11090;34;4967447;11090;728;12538;13095;3.56;0.22;397.56;16.47;1448;65;4496.00;557
11093;34;4967462;11093;724;12538;13095;3.56;0.22;397.60;16.47;1445;65;4497.00;557
11095;34;4967476;11095;724;12538;13095;3.59;0.22;397.61;16.47;1443;65;4498.00;557
11096;34;4967491;11096;719;12538;13095;3.61;0.22;397.59;16.47;1442;65;4499.00;557
11098;34;4967507;11098;725;12561;13145;3.70;0.23;397.61;16.44;1463;65;4500.00;584
11099;34;4967530;11099;718;12562;13147;3.70;0.23;397.71;16.44;1463;65;4501.00;585
11100;34;4967545;11100;707;12566;13147;3.77;0.23;397.69;16.55;1466;65;4502.00;581
11102;34;4967560;11102;705;12566;13147;3.81;0.23;397.76;16.55;1464;65;4503.00;581
11104;34;4967576;11104;706;12568;13147;3.84;0.23;397.81;16.55;1464;65;4504.00;579
11107;34;4967590;11107;696;12568;13147;3.85;0.24;397.85;16.55;1461;65;4505.00;579
11109;35;4967606;11109;698;12570;13151;3.84;0.24;397.91;16.54;1461;66;4506.00;581
11111;35;4967628;11111;701;12571;13151;3.80;0.23;397.90;16.54;1460;66;4507.00;580
11114;35;4967643;11114;708;12573;13155;3.81;0.23;397.98;16.54;1459;66;4508.00;582
11118;35;4967658;11118;701;12573;13156;3.79;0.23;398.04;16.54;1455;66;4509.00;583
11120;35;4967673;11120;692;12573;13156;3.79;0.23;398.11;16.54;1453;66;4510.00;583
11124;35;4967688;11124;687;12574;13156;3.77;0.23;398.21;16.54;1450;66;4511.00;582
11127;35;4967704;11127;685;12585;13169;3.80;0.23;398.26;16.53;1458;66;4512.00;584
11130;35;4967720;11130;669;12585;13169;3.80;0.23;398.40;16.53;1455;66;4513.00;584
11132;35;4967741;11132;656;12585;13169;3.84;0.24;398.38;16.53;1453;66;4514.00;584
11133;35;4967756;11133;650;12586;13170;3.89;0.24;398.37;16.53;1453;66;4515.00;584
11133;35;4967773;11133;655;12586;13171;3.96;0.24;398.37;16.53;1453;66;4516.00;585
11137;35;4967788;11137;646;12588;13171;3.98;0.24;398.46;16.53;1451;66;4517.00;583
11139;35;4967803;11139;657;12590;13174;4.00;0.24;398.61;16.53;1451;66;4518.00;584
11140;35;4967825;11140;662;12591;13174;4.02;0.25;398.68;16.65;1451;66;4519.00;583
11143;35;4967840;11143;667;12592;13174;4.02;0.25;398.74;16.65;1449;66;4520.00;582
11145;35;4967856;11145;672;12592;13174;4.00;0.24;398.80;16.65;1447;66;4521.00;582
11146;35;4967871;11146;667;12597;13180;3.99;0.24;398.84;16.66;1451;66;4522.00;583
11149;35;4967887;11149;673;12599;13180;3.95;0.24;398.86;16.66;1450;66;4523.00;581
11152;35;4967903;11152;656;12599;13180;3.97;0.24;399.04;16.66;1447;66;4524.00;581
11156;35;4967918;11156;652;12600;13180;3.99;0.24;399.11;16.66;1444;66;4525.00;580
11157;35;4967937;11157;657;12601;13184;4.01;0.25;399.18;16.66;1444;66;4526.00;583
11160;35;4967952;11160;662;12602;13185;4.02;0.25;399.16;16.67;1442;66;4527.00;583
11160;35;4967967;11160;660;12603;13185;4.10;0.25;399.16;16.67;1443;66;4528.00;582
11165;35;4967983;11165;658;12605;13186;4.13;0.25;399.33;16.67;1440;66;4529.00;581
11168;35;4968000;11168;654;12605;13186;4.14;0.25;399.29;16.67;1437;66;4530.00;581
11172;35;4968014;11172;652;12605;13186;4.17;0.25;399.36;16.67;1433;66;4531.00;581
11175;35;4968030;11175;657;12606;13186;4.17;0.25;399.39;16.67;1431;66;4532.00;580
11177;35;4968045;11177;659;12606;13186;4.20;0.26;399.47;16.67;1429;66;4533.00;580
11179;35;4968060;11179;656;12608;13186;4.28;0.26;399.57;16.67;1429;66;4534.00;578
11183;35;4968076;11183;651;12608;13186;4.34;0.26;399.81;16.67;1425;66;4535.00;578
11184;35;4968091;11184;669;12641;13256;4.38;0.27;399.86;16.63;1457;66;4536.00;615
11185;35;4968111;11185;658;12643;13257;4.45;0.27;399.86;16.63;1458;66;4537.00;614
11189;35;4968126;11189;656;12644;13257;4.45;0.27;400.11;16.63;1455;66;4538.00;613
11192;35;4968141;11192;656;12646;13257;4.48;0.27;400.32;16.63;1454;66;4539.00;611
11195;35;4968157;11195;662;12649;13257;4.56;0.28;400.39;16.63;1454;66;4540.00;608
11197;35;4968172;11197;658;12650;13257;4.62;0.28;400.43;16.63;1453;66;4541.00;607
11200;35;4968188;11200;658;12653;13257;4.68;0.29;400.56;16.75;1453;66;4542.00;604
11203;35;4968203;11203;658;12655;13257;4.71;0.29;400.57;16.76;1452;66;4543.00;602
11209;35;4968218;11209;651;12656;13258;4.67;0.28;400.58;16.87;1447;66;4544.00;602
11211;35;4968234;11211;641;12657;13260;4.67;0.28;400.59;16.87;1446;66;4545.00;603
11214;35;4968250;11214;640;12657;13260;4.65;0.28;400.56;16.87;1443;66;4546.00;603
11218;35;4968266;11218;640;12661;13264;4.63;0.28;400.67;16.87;1443;66;4547.00;603
11218;35;4968282;11218;645;12662;13264;4.59;0.28;400.67;16.87;1444;66;4548.00;602
11221;35;4968303;11221;632;12665;13264;4.52;0.28;400.70;16.98;1444;66;4549.00;599
11223;35;4968318;11223;618;12668;13264;4.49;0.27;400.72;16.99;1445;66;4550.00;596
11225;35;4968338;11225;619;12671;13270;4.49;0.27;400.69;16.99;1446;66;4551.00;599
11226;35;4968354;11226;601;12672;13270;4.54;0.28;400.72;16.99;1446;66;4552.00;598
11229;35;4968370;11229;587;12673;13270;4.60;0.28;400.78;16.99;1444;66;4553.00;597
11232;35;4968386;11232;589;12674;13273;4.65;0.28;400.87;16.99;1442;66;4554.00;599
11233;35;4968403;11233;585;12676;13273;4.71;0.29;400.90;16.99;1443;66;4555.00;597
11234;35;4968418;11234;571;12677;13273;4.74;0.29;400.92;17.00;1443;66;4556.00;596
11236;35;4968434;11236;570;12677;13274;4.72;0.29;400.95;17.00;1441;66;4557.00;597
11237;35;4968451;11237;568;12678;13275;4.73;0.29;400.95;16.99;1441;66;4558.00;597
11240;35;4968466;11240;559;12678;13275;4.73;0.29;401.04;16.99;1438;66;4559.00;597
11243;35;4968483;11243;558;12694;13301;4.73;0.29;401.17;17.10;1451;66;4560.00;607
11247;35;4968507;11247;557;12694;13301;4.76;0.29;401.19;17.10;1447;66;4561.00;607
11252;35;4968523;11252;562;12697;13301;4.75;0.29;401.23;17.11;1445;66;4562.00;604
11255;35;4968539;11255;553;12697;13302;4.71;0.29;401.25;17.11;1442;66;4563.00;605
11261;35;4968554;11261;551;12697;13302;4.68;0.29;401.41;17.11;1436;66;4564.00;605
11266;35;4968570;11266;556;12699;13306;4.68;0.29;401.55;17.10;1433;66;4565.00;607
11271;35;4968585;11271;551;12699;13306;4.70;0.29;401.62;17.10;1428;66;4566.00;607
11273;35;4968601;11273;549;12701;13310;4.70;0.29;401.69;17.10;1428;66;4567.00;609
11274;35;4968620;11274;555;12701;13310;4.72;0.29;401.68;17.10;1427;66;4568.00;609
11278;35;4968635;11278;550;12702;13310;4.71;0.29;402.03;17.10;1424;66;4569.00;608
11282;35;4968650;11282;553;12702;13310;4.68;0.28;402.10;17.10;1420;66;4570.00;608
11285;35;4968666;11285;557;12704;13310;4.66;0.28;402.22;17.10;1419;66;4571.00;606
11288;35;4968680;11288;559;12712;13322;4.66;0.28;402.21;17.09;1424;66;4572.00;610
11295;35;4968696;11295;557;12714;13322;4.55;0.28;402.44;17.09;1419;66;4573.00;608
11297;35;4968711;11297;565;12715;13322;4.50;0.27;402.54;17.09;1418;66;4574.00;607
11299;35;4968726;11299;569;12715;13322;4.48;0.27;402.53;17.09;1416;66;4575.00;607
11302;35;4968741;11302;570;12715;13322;4.41;0.27;402.62;17.09;1413;66;4576.00;607
11306;35;4968756;11306;576;12715;13322;4.42;0.27;402.63;17.09;1409;66;4577.00;607
11308;35;4968771;11308;574;12715;13323;4.44;0.27;402.67;17.09;1407;66;4578.00;608
11309;36;4968786;11309;585;12715;13323;4.43;0.27;402.66;17.09;1406;67;4579.00;608
11310;36;4968810;11310;591;12719;13329;4.53;0.28;402.70;17.09;1409;67;4580.00;610
11311;36;4968829;11311;595;12719;13330;4.51;0.27;402.70;17.09;1408;67;4581.00;611
11314;36;4968844;11314;607;12719;13330;4.48;0.27;402.76;17.09;1405;67;4582.00;611
11318;36;4968859;11318;603;12719;13330;4.41;0.27;402.80;17.09;1401;67;4583.00;611
11321;36;4968873;11321;615;12722;13334;4.39;0.27;402.87;17.08;1401;67;4584.00;612
11322;36;4968888;11322;629;12722;13334;4.32;0.26;402.97;17.08;1400;67;4585.00;612
11322;36;4968902;11322;633;12722;13334;4.30;0.26;402.97;17.08;1400;67;4586.00;612
11325;36;4968916;11325;641;12723;13335;4.22;0.26;403.02;17.08;1398;67;4587.00;612
11327;36;4968931;11327;655;12724;13339;4.15;0.25;402.99;17.08;1397;68;4588.00;615
11330;36;4968954;11330;659;12724;13339;4.09;0.25;402.98;17.08;1394;68;4589.00;615
11331;36;4968970;11331;662;12727;13345;3.99;0.24;402.96;17.08;1396;68;4590.00;618
11333;36;4968984;11333;663;12727;13345;3.92;0.24;402.93;17.08;1394;68;4591.00;618
11335;36;4968998;11335;664;12727;13345;3.89;0.24;402.98;17.08;1392;68;4592.00;618
11338;36;4969011;11338;675;12727;13345;3.84;0.24;402.96;17.08;1389;68;4593.00;618
11338;36;4969025;11338;681;12730;13349;3.86;0.24;402.96;17.07;1392;68;4594.00;619
11343;36;4969039;11343;682;12730;13349;3.84;0.24;402.96;17.07;1387;68;4595.00;619
11343;36;4969052;11343;690;12730;13349;3.81;0.23;402.96;17.07;1387;68;4596.00;619
11346;36;4969065;11346;697;12730;13349;3.75;0.23;402.92;17.07;1384;68;4597.00;619
11349;36;4969078;11349;691;12730;13350;3.67;0.22;402.91;17.07;1381;68;4598.00;620
11350;36;4969091;11350;696;12730;13351;3.64;0.22;402.97;17.07;1380;68;4599.00;621
11351;36;4969105;11351;709;12730;13351;3.56;0.22;402.94;17.07;1379;68;4600.00;621
11352;36;4969121;11352;703;12731;13352;3.53;0.22;402.92;17.07;1379;68;4601.00;621
11356;36;4969134;11356;706;12731;13352;3.44;0.21;402.84;17.07;1375;68;4602.00;621
11358;36;4969146;11358;706;12731;13352;3.42;0.21;402.82;17.07;1373;68;4603.00;621
11358;36;4969159;11358;700;12731;13352;3.42;0.21;402.82;17.07;1373;68;4604.00;621
11363;36;4969171;11363;699;12731;13352;3.39;0.21;402.71;17.07;1368;68;4605.00;621
11363;36;4969184;11363;698;12731;13352;3.43;0.21;402.71;17.07;1368;68;4606.00;621
11365;36;4969198;11365;694;12731;13352;3.43;0.21;402.66;17.07;1366;68;4607.00;621
11365;36;4969210;11365;706;12787;13479;3.75;0.23;402.66;17.00;1422;68;4608.00;692
11366;36;4969232;11366;702;12791;13480;3.76;0.24;402.67;16.99;1425;68;4609.00;689
11368;36;4969245;11368;693;12796;13480;3.80;0.24;402.62;16.99;1428;68;4610.00;684
11372;36;4969257;11372;695;12801;13480;3.75;0.23;402.58;16.98;1429;68;4611.00;679
11373;36;4969270;11373;693;12804;13480;3.76;0.23;402.56;16.98;1431;68;4612.00;676
11374;36;4969283;11374;694;12806;13480;3.76;0.23;402.53;16.98;1432;68;4613.00;674
11375;36;4969296;11375;686;12807;13480;3.74;0.23;402.53;16.97;1432;68;4614.00;673
11378;36;4969309;11378;689;12811;13480;3.72;0.23;402.51;16.99;1433;68;4615.00;669
11379;36;4969322;11379;689;12813;13481;3.74;0.23;402.52;16.99;1434;68;4616.00;668
11382;36;4969335;11382;688;12814;13482;3.71;0.23;402.47;16.99;1432;68;4617.00;668
11385;36;4969349;11385;688;12815;13482;3.63;0.22;402.42;16.99;1430;68;4618.00;667
11388;36;4969362;11388;690;12818;13483;3.54;0.22;402.39;16.98;1430;68;4619.00;665
11389;36;4969377;11389;684;12819;13483;3.48;0.21;402.43;16.98;1430;68;4620.00;664
11391;36;4969390;11391;681;12820;13483;3.41;0.21;402.43;16.98;1429;68;4621.00;663
11392;36;4969404;11392;682;12822;13483;3.35;0.21;402.41;16.98;1430;68;4622.00;661
11394;36;4969417;11394;689;12824;13487;3.28;0.20;402.43;16.98;1430;68;4623.00;663
11396;36;4969430;11396;674;12825;13487;3.25;0.20;402.41;16.98;1429;68;4624.00;662
11398;36;4969444;11398;664;12825;13487;3.24;0.20;402.41;16.98;1427;68;4625.00;662
11400;36;4969458;11400;658;12826;13490;3.24;0.20;402.43;16.98;1426;68;4626.00;664
11400;36;4969472;11400;645;12826;13490;3.27;0.20;402.43;16.98;1426;68;4627.00;664
11402;36;4969485;11402;634;12826;13490;3.33;0.20;402.41;16.98;1424;68;4628.00;664
11404;36;4969506;11404;627;12827;13494;3.39;0.21;402.42;16.98;1423;68;4629.00;667
11406;36;4969520;11406;625;12828;13495;3.44;0.21;402.39;16.98;1422;68;4630.00;667
11407;36;4969540;11407;608;12828;13495;3.49;0.21;402.39;16.98;1421;68;4631.00;667
11409;36;4969554;11409;601;12830;13499;3.53;0.22;402.38;16.97;1421;68;4632.00;669
11413;36;4969574;11413;593;12830;13499;3.57;0.22;402.37;16.97;1417;68;4633.00;669
11415;36;4969589;11415;595;12831;13499;3.59;0.22;402.34;16.97;1416;68;4634.00;668
11420;36;4969604;11420;591;12831;13501;3.62;0.22;402.35;16.97;1411;68;4635.00;670
11422;36;4969624;11422;579;12831;13501;3.67;0.22;402.32;16.97;1409;68;4636.00;670
11425;36;4969639;11425;591;12834;13507;3.74;0.23;402.27;16.97;1409;68;4637.00;673
11428;36;4969654;11428;581;12834;13507;3.80;0.23;402.27;16.97;1406;68;4638.00;673
11431;36;4969668;11431;576;12834;13508;3.85;0.23;402.21;16.97;1403;68;4639.00;674
11435;36;4969682;11435;575;12834;13508;3.91;0.24;402.28;16.97;1399;68;4640.00;674
11439;36;4969698;11439;576;12836;13508;3.97;0.24;402.30;16.98;1397;68;4641.00;672
11441;36;4969713;11441;574;12836;13508;4.04;0.25;402.29;16.98;1395;68;4642.00;672
11443;36;4969728;11443;571;12836;13508;4.11;0.25;402.25;16.98;1393;68;4643.00;672
11446;36;4969742;11446;561;12842;13520;4.19;0.25;402.27;16.97;1396;68;4644.00;678
11447;36;4969758;11447;562;12843;13520;4.27;0.26;402.23;16.97;1396;68;4645.00;677
11451;36;4969773;11451;553;12844;13520;4.31;0.26;402.24;16.97;1393;68;4646.00;676
11457;36;4969789;11457;555;12844;13520;4.27;0.26;402.14;16.97;1387;68;4647.00;676
11458;36;4969803;11458;546;12845;13520;4.26;0.26;402.13;16.97;1387;68;4648.00;675
11463;36;4969818;11463;550;12845;13520;4.23;0.26;402.10;16.97;1382;68;4649.00;675
11467;36;4969835;11467;553;12847;13526;4.25;0.26;402.10;16.97;1380;68;4650.00;679
11469;36;4969851;11469;548;12847;13526;4.24;0.26;402.07;16.97;1378;68;4651.00;679
11474;36;4969870;11474;559;12850;13530;4.22;0.26;402.27;16.97;1376;68;4652.00;680
11476;36;4969885;11476;557;12853;13531;4.20;0.25;402.31;17.00;1377;68;4653.00;678
11479;36;4969900;11479;553;12854;13531;4.19;0.25;402.30;17.01;1375;68;4654.00;677
11484;36;4969915;11484;544;12855;13531;4.17;0.25;402.35;17.01;1371;68;4655.00;676
11486;36;4969930;11486;545;12867;13544;4.26;0.26;402.36;17.13;1381;68;4656.00;677
11488;36;4969947;11488;539;12867;13544;4.34;0.26;402.35;17.13;1379;68;4657.00;677
11493;36;4969961;11493;534;12870;13544;4.41;0.27;402.31;17.15;1377;68;4658.00;674
11497;36;4969977;11497;537;12871;13545;4.41;0.27;402.44;17.15;1374;68;4659.00;674
11500;36;4969993;11500;534;12871;13546;4.45;0.27;402.51;17.15;1371;68;4660.00;675
11504;36;4970008;11504;528;12872;13546;4.44;0.27;402.62;17.16;1368;68;4661.00;674
11506;36;4970023;11506;522;12876;13549;4.44;0.27;402.72;17.17;1370;68;4662.00;673
11511;36;4970043;11511;527;12878;13549;4.35;0.26;402.78;17.19;1367;68;4663.00;671
11513;36;4970058;11513;525;12880;13549;4.29;0.26;402.80;17.21;1367;68;4664.00;669
11518;36;4970072;11518;524;12882;13549;4.21;0.26;402.76;17.22;1364;68;4665.00;667
11522;36;4970087;11522;544;12886;13555;4.11;0.25;402.75;17.23;1364;68;4666.00;669
11524;36;4970103;11524;536;12887;13555;4.11;0.25;402.89;17.23;1363;68;4667.00;668
11529;36;4970117;11529;533;12888;13555;4.09;0.25;402.87;17.25;1359;68;4668.00;667
11531;36;4970133;11531;531;12892;13555;4.11;0.25;402.90;17.27;1361;68;4669.00;663
11532;36;4970147;11532;530;12894;13559;4.11;0.25;402.93;17.28;1362;68;4670.00;665
11534;36;4970162;11534;520;12895;13560;4.15;0.25;403.10;17.30;1361;68;4671.00;665
11535;36;4970177;11535;519;12897;13560;4.17;0.25;403.20;17.32;1362;68;4672.00;663
11538;36;4970192;11538;508;12899;13561;4.18;0.25;403.23;17.33;1361;68;4673.00;662
11541;36;4970207;11541;510;12903;13561;4.22;0.26;403.25;17.35;1362;68;4674.00;658
11547;36;4970222;11547;514;12903;13561;4.18;0.26;403.25;17.35;1356;68;4675.00;658
11550;36;4970243;11550;505;12905;13561;4.16;0.25;403.43;17.38;1355;68;4676.00;656
11552;36;4970258;11552;498;12906;13561;4.22;0.26;403.39;17.38;1354;68;4677.00;655
11556;36;4970274;11556;495;12909;13561;4.26;0.26;403.54;17.41;1353;68;4678.00;652
11558;36;4970289;11558;490;12910;13561;4.35;0.27;403.59;17.41;1352;68;4679.00;651
11563;36;4970305;11563;519;12974;13686;4.41;0.27;403.73;17.33;1411;68;4680.00;712
11566;36;4970342;11566;513;12977;13687;4.43;0.27;403.75;17.34;1411;68;4681.00;710
11569;36;4970359;11569;514;12980;13687;4.44;0.27;403.79;17.36;1411;68;4682.00;707
11572;36;4970381;11572;511;12984;13687;4.45;0.27;403.78;17.38;1412;68;4683.00;703
11575;36;4970404;11575;507;12984;13687;4.45;0.27;403.86;17.38;1409;68;4684.00;703
11577;36;4970425;11577;514;12985;13687;4.44;0.27;403.92;17.38;1408;68;4685.00;702
11577;36;4970443;11577;531;12990;13687;4.43;0.27;403.92;17.40;1413;68;4686.00;697
11580;36;4970468;11580;527;12993;13687;4.42;0.27;404.08;17.41;1413;68;4687.00;694
11584;36;4970487;11584;532;12998;13688;4.35;0.27;404.08;17.42;1414;68;4688.00;690
11587;36;4970504;11587;544;12999;13689;4.33;0.27;404.14;17.43;1412;68;4689.00;690
11590;36;4970521;11590;545;13001;13689;4.28;0.26;404.42;17.45;1411;68;4690.00;688
11592;36;4970541;11592;550;13003;13693;4.22;0.26;404.62;17.44;1411;68;4691.00;690
11592;36;4970558;11592;556;13007;13693;4.23;0.26;404.62;17.45;1415;68;4692.00;686
11594;36;4970575;11594;563;13011;13693;4.22;0.26;404.70;17.46;1417;68;4693.00;682
11596;36;4970590;11596;567;13013;13693;4.21;0.26;404.66;17.47;1417;68;4694.00;680
11598;36;4970606;11598;577;13018;13699;4.20;0.26;404.70;17.59;1420;68;4695.00;681
11602;36;4970622;11602;576;13022;13699;4.18;0.26;404.78;17.61;1420;68;4696.00;677
11604;36;4970645;11604;573;13025;13699;4.25;0.26;404.80;17.61;1421;68;4697.00;674
11608;36;4970661;11608;568;13029;13702;4.31;0.26;404.85;17.62;1421;68;4698.00;673
11610;36;4970677;11610;574;13030;13702;4.32;0.26;404.85;17.63;1420;68;4699.00;672
11614;36;4970693;11614;568;13031;13702;4.36;0.27;404.87;17.64;1417;68;4700.00;671
11616;36;4970713;11616;566;13032;13703;4.38;0.27;404.92;17.65;1416;68;4701.00;671
11618;36;4970729;11618;562;13034;13704;4.39;0.27;404.96;17.66;1416;68;4702.00;670
11620;36;4970745;11620;571;13038;13704;4.42;0.27;405.00;18.07;1418;69;4703.00;666
11621;36;4970773;11621;568;13049;13717;4.42;0.27;405.06;18.06;1428;69;4704.00;668
11623;36;4970789;11623;568;13050;13717;4.44;0.27;405.14;18.08;1427;69;4705.00;667
11625;36;4970806;11625;574;13050;13717;4.46;0.27;405.24;18.08;1425;69;4706.00;667
11627;36;4970822;11627;573;13052;13718;4.45;0.27;405.40;18.09;1425;69;4707.00;666
11628;36;4970838;11628;579;13052;13718;4.44;0.27;405.38;18.09;1424;69;4708.00;666
11631;36;4970853;11631;582;13055;13722;4.37;0.27;405.44;18.10;1424;69;4709.00;667
11631;36;4970870;11631;574;13056;13722;4.35;0.27;405.44;18.10;1425;69;4710.00;666
11631;36;4970888;11631;579;13060;13726;4.30;0.26;405.44;18.21;1429;69;4711.00;666
11636;36;4970904;11636;578;13062;13726;4.24;0.26;405.52;18.24;1426;69;4712.00;664
11640;36;4970920;11640;571;13062;13726;4.22;0.26;405.49;18.24;1422;69;4713.00;664
11645;36;4970936;11645;576;13062;13726;4.18;0.26;405.61;18.24;1417;69;4714.00;664
11647;36;4970952;11647;570;13065;13726;4.17;0.25;405.64;18.26;1418;69;4715.00;661
11650;36;4970967;11650;569;13073;13738;4.19;0.26;405.69;18.25;1423;69;4716.00;665
11652;36;4970984;11652;562;13073;13738;4.20;0.26;405.73;18.25;1421;69;4717.00;665
11656;36;4971000;11656;563;13075;13738;4.23;0.26;405.80;18.36;1419;69;4718.00;663
11657;36;4971015;11657;564;13076;13738;4.29;0.26;405.78;18.36;1419;69;4719.00;662
11659;36;4971031;11659;563;13077;13738;4.27;0.26;405.83;18.37;1418;69;4720.00;661
11662;36;4971046;11662;566;13077;13738;4.27;0.26;405.79;18.37;1415;69;4721.00;661
11666;36;4971061;11666;560;13077;13739;4.24;0.26;405.95;18.37;1411;69;4722.00;662
11669;36;4971077;11669;561;13078;13739;4.23;0.26;406.05;18.38;1409;69;4723.00;661
11673;36;4971092;11673;559;13082;13745;4.20;0.26;406.07;18.38;1409;69;4724.00;663
11679;36;4971108;11679;555;13083;13747;4.14;0.25;406.04;18.38;1404;69;4725.00;664
11682;36;4971124;11682;555;13084;13747;4.07;0.25;406.03;18.39;1402;69;4726.00;663
11685;36;4971140;11685;554;13084;13747;4.02;0.25;406.21;18.39;1399;69;4727.00;663
11687;36;4971155;11687;565;13087;13751;4.03;0.25;406.30;18.38;1400;69;4728.00;664
11690;36;4971171;11690;566;13088;13751;4.00;0.25;406.28;18.39;1398;69;4729.00;663
11692;36;4971186;11692;574;13088;13751;3.97;0.24;406.31;18.39;1396;69;4730.00;663
11693;36;4971200;11693;575;13091;13752;3.94;0.24;406.37;18.41;1398;69;4731.00;661
11695;36;4971216;11695;579;13094;13756;3.91;0.24;406.41;18.42;1399;69;4732.00;662
11697;36;4971231;11697;581;13094;13756;3.87;0.24;406.41;18.42;1397;69;4733.00;662
11700;36;4971246;11700;589;13095;13759;3.86;0.24;406.56;18.42;1395;69;4734.00;664
11704;36;4971262;11704;598;13095;13759;3.86;0.24;406.60;18.42;1391;69;4735.00;664
11707;36;4971280;11707;604;13095;13759;3.87;0.24;406.72;18.42;1388;69;4736.00;664
11711;36;4971297;11711;607;13096;13759;3.86;0.24;406.76;18.43;1385;69;4737.00;663
11713;36;4971313;11713;611;13099;13763;3.89;0.24;406.79;18.42;1386;69;4738.00;664
11717;36;4971329;11717;613;13100;13763;3.83;0.23;406.77;18.43;1383;69;4739.00;663
11718;36;4971345;11718;609;13100;13763;3.81;0.23;406.77;18.43;1382;69;4740.00;663
11719;36;4971360;11719;605;13100;13763;3.79;0.23;406.74;18.43;1381;69;4741.00;663
11720;36;4971375;11720;605;13100;13764;3.76;0.23;406.76;18.43;1380;69;4742.00;664
11724;36;4971390;11724;604;13100;13765;3.70;0.23;406.73;18.43;1376;69;4743.00;665
11726;36;4971408;11726;611;13100;13765;3.65;0.22;406.74;18.43;1374;69;4744.00;665
11730;36;4971424;11730;615;13101;13766;3.61;0.22;406.84;18.43;1371;69;4745.00;665
11730;36;4971438;11730;620;13101;13766;3.62;0.22;406.84;18.43;1371;69;4746.00;665
11734;36;4971459;11734;625;13101;13766;3.57;0.22;406.93;18.43;1367;69;4747.00;665
11735;36;4971478;11735;628;13101;13766;3.53;0.22;406.92;18.43;1366;69;4748.00;665
11738;36;4971494;11738;635;13101;13766;3.50;0.22;406.87;18.43;1363;69;4749.00;665
11743;36;4971509;11743;640;13101;13766;3.46;0.21;406.85;18.43;1358;69;4750.00;665
11745;36;4971523;11745;640;13102;13766;3.44;0.21;406.80;18.44;1357;69;4751.00;664
11745;36;4971536;11745;658;13157;13893;3.75;0.23;406.80;18.36;1412;69;4752.00;736
11746;36;4971560;11746;656;13158;13894;3.71;0.23;406.82;18.36;1412;69;4753.00;736
11748;36;4971574;11748;659;13166;13894;3.75;0.23;406.87;18.35;1418;69;4754.00;728
11751;36;4971593;11751;653;13171;13894;3.72;0.23;406.95;18.35;1420;69;4755.00;723
11751;36;4971607;11751;659;13177;13894;3.70;0.23;406.95;18.34;1426;69;4756.00;717
11753;36;4971620;11753;665;13180;13894;3.65;0.23;407.00;18.34;1427;69;4757.00;714
11754;36;4971634;11754;664;13182;13894;3.61;0.22;406.98;18.33;1428;69;4758.00;712
11757;36;4971649;11757;664;13185;13894;3.55;0.22;407.00;18.33;1428;69;4759.00;709
11758;36;4971664;11758;669;13186;13895;3.55;0.22;406.97;18.33;1428;69;4760.00;709
11758;36;4971678;11758;671;13187;13896;3.56;0.22;406.97;18.33;1429;69;4761.00;709
11759;36;4971692;11759;667;13189;13896;3.55;0.22;407.01;18.33;1430;69;4762.00;707
11761;36;4971706;11761;668;13191;13897;3.53;0.22;407.02;18.33;1430;69;4763.00;706
11762;36;4971719;11762;670;13191;13897;3.52;0.22;407.03;18.33;1429;69;4764.00;706
11762;36;4971733;11762;675;13192;13897;3.50;0.22;407.03;18.33;1430;69;4765.00;705
11762;36;4971747;11762;674;13193;13897;3.50;0.22;407.03;18.33;1431;69;4766.00;704
11763;36;4971760;11763;678;13195;13901;3.49;0.22;407.06;18.32;1432;69;4767.00;706
11765;36;4971773;11765;678;13196;13901;3.44;0.21;407.01;18.32;1431;69;4768.00;705
11766;36;4971788;11766;686;13196;13901;3.41;0.21;406.98;18.32;1430;69;4769.00;705
11768;36;4971803;11768;689;13198;13907;3.38;0.21;407.02;18.32;1430;69;4770.00;709
11769;36;4971819;11769;682;13198;13907;3.37;0.21;406.99;18.32;1429;69;4771.00;709
11772;36;4971832;11772;670;13199;13907;3.37;0.21;406.99;18.32;1427;69;4772.00;708
11773;36;4971847;11773;668;13200;13911;3.40;0.21;406.99;18.32;1427;69;4773.00;711
11775;36;4971861;11775;657;13201;13912;3.45;0.21;406.97;18.32;1426;69;4774.00;711
11776;36;4971875;11776;647;13201;13912;3.50;0.21;406.93;18.32;1425;69;4775.00;711
11776;36;4971890;11776;642;13204;13916;3.52;0.22;406.93;18.31;1428;69;4776.00;712
11778;36;4971911;11778;635;13204;13916;3.53;0.22;406.96;18.31;1426;69;4777.00;712
11779;36;4971936;11779;634;13204;13916;3.59;0.22;406.96;18.31;1425;69;4778.00;712
11782;36;4971950;11782;623;13204;13917;3.63;0.22;406.95;18.31;1422;69;4779.00;713
11783;36;4971965;11783;629;13206;13917;3.63;0.22;406.92;18.31;1423;69;4780.00;711
11783;36;4971979;11783;622;13210;13923;3.67;0.22;406.92;18.31;1427;70;4781.00;713
11785;36;4972004;11785;622;13210;13923;3.65;0.22;406.91;18.31;1425;70;4782.00;713
11791;36;4972018;11791;618;13210;13924;3.61;0.22;406.86;18.31;1419;70;4783.00;714
11793;36;4972035;11793;615;13210;13924;3.58;0.22;406.83;18.31;1417;70;4784.00;714
11796;37;4972055;11796;604;13210;13924;3.57;0.22;406.87;18.31;1414;71;4785.00;714
11799;37;4972078;11799;593;13210;13924;3.55;0.22;406.90;18.31;1411;71;4786.00;714
11801;37;4972093;11801;581;13210;13924;3.60;0.22;406.84;18.31;1409;71;4787.00;714
11805;37;4972111;11805;581;13218;13936;3.65;0.22;406.78;18.30;1413;71;4788.00;718
11807;38;4972128;11807;579;13219;13936;3.66;0.22;406.74;18.30;1412;72;4789.00;717
11809;39;4972154;11809;571;13219;13936;3.68;0.22;406.74;18.30;1410;73;4790.00;717
11811;39;4972176;11811;569;13219;13936;3.74;0.23;406.73;18.30;1408;73;4791.00;717
11813;39;4972192;11813;557;13219;13936;3.77;0.23;406.73;18.30;1406;73;4792.00;717
11815;39;4972217;11815;546;13219;13936;3.80;0.23;406.71;18.30;1404;73;4793.00;717
11820;39;4972232;11820;545;13220;13940;3.85;0.23;406.75;18.30;1400;73;4794.00;720
11822;39;4972252;11822;538;13220;13940;3.91;0.24;406.71;18.30;1398;73;4795.00;720
11823;39;4972267;11823;525;13223;13944;4.00;0.24;406.69;18.29;1400;73;4796.00;721
11828;39;4972282;11828;522;13223;13945;4.07;0.25;406.80;18.29;1395;73;4797.00;722
11832;39;4972297;11832;522;13223;13945;4.13;0.25;406.90;18.29;1391;73;4798.00;722
11836;39;4972313;11836;523;13223;13945;4.17;0.25;406.88;18.29;1387;73;4799.00;722
11837;39;4972333;11837;521;13242;13986;4.29;0.26;406.88;18.27;1405;73;4800.00;744
11842;39;4972360;11842;516;13243;13986;4.33;0.26;407.05;18.27;1401;73;4801.00;743
11845;39;4972377;11845;517;13245;13986;4.36;0.27;407.05;18.26;1400;73;4802.00;741
11849;39;4972393;11849;507;13247;13987;4.40;0.27;407.06;18.26;1398;73;4803.00;740
11851;39;4972409;11851;510;13247;13988;4.45;0.27;407.09;18.26;1396;73;4804.00;741
11858;39;4972424;11858;507;13249;13988;4.49;0.27;407.21;18.26;1391;73;4805.00;739
11860;39;4972441;11860;501;13250;13991;4.52;0.28;407.18;18.26;1390;73;4806.00;741
11863;39;4972458;11863;494;13250;13991;4.54;0.28;407.26;18.26;1387;73;4807.00;741
11864;39;4972475;11864;493;13251;13991;4.59;0.28;407.26;18.26;1387;73;4808.00;740
11870;39;4972498;11870;482;13251;13991;4.61;0.28;407.22;18.26;1381;73;4809.00;740
11872;39;4972515;11872;477;13254;13997;4.63;0.28;407.25;18.25;1382;73;4810.00;743
11876;39;4972532;11876;472;13255;13997;4.64;0.28;407.30;18.25;1379;73;4811.00;742
11876;39;4972547;11876;467;13255;13997;4.72;0.29;407.30;18.25;1379;73;4812.00;742
11881;39;4972563;11881;468;13255;13997;4.71;0.29;407.29;18.25;1374;73;4813.00;742
11883;39;4972579;11883;469;13256;14001;4.70;0.29;407.25;18.25;1373;73;4814.00;745
11886;39;4972595;11886;468;13258;14003;4.68;0.29;407.39;18.26;1372;73;4815.00;745
11892;39;4972612;11892;469;13259;14003;4.65;0.28;407.48;18.38;1367;73;4816.00;744
11897;39;4972627;11897;466;13261;14004;4.63;0.28;407.54;18.39;1364;73;4817.00;743
11901;39;4972648;11901;471;13262;14004;4.64;0.28;407.55;18.39;1361;73;4818.00;742
11904;39;4972663;11904;470;13263;14004;4.68;0.28;407.50;18.39;1359;73;4819.00;741
11908;39;4972682;11908;470;13266;14004;4.69;0.28;407.53;18.41;1358;73;4820.00;738
11910;39;4972701;11910;475;13266;14004;4.75;0.29;407.55;18.41;1356;73;4821.00;738
11915;39;4972717;11915;473;13267;14004;4.72;0.29;407.65;18.41;1352;73;4822.00;737
11918;39;4972732;11918;478;13269;14004;4.72;0.29;407.77;18.41;1351;73;4823.00;735
11923;39;4972746;11923;487;13305;14074;4.71;0.29;407.97;18.36;1382;73;4824.00;769
11928;39;4972766;11928;475;13306;14075;4.70;0.29;407.98;18.37;1378;73;4825.00;769
11930;39;4972782;11930;484;13307;14075;4.70;0.28;408.00;18.36;1377;73;4826.00;768
11933;39;4972798;11933;483;13310;14075;4.67;0.28;408.12;18.36;1377;73;4827.00;765
11936;39;4972813;11936;471;13313;14077;4.67;0.28;408.12;18.38;1377;73;4828.00;764
11938;39;4972829;11938;480;13313;14077;4.68;0.28;408.10;18.38;1375;73;4829.00;764
11940;39;4972846;11940;482;13314;14077;4.65;0.28;408.16;18.38;1374;73;4830.00;763
11942;39;4972862;11942;495;13315;14077;4.65;0.28;408.27;18.39;1373;73;4831.00;762
11944;39;4972883;11944;483;13318;14078;4.61;0.28;408.41;18.53;1374;73;4832.00;760
11948;39;4972898;11948;495;13321;14079;4.57;0.28;408.46;18.53;1373;73;4833.00;758
11950;39;4972914;11950;483;13323;14079;4.52;0.28;408.45;18.54;1373;73;4834.00;756
11952;39;4972930;11952;491;13326;14083;4.56;0.28;408.60;18.54;1374;73;4835.00;757
11955;39;4972944;11955;494;13328;14083;4.55;0.28;408.61;18.56;1373;73;4836.00;755
11957;39;4972961;11957;498;13329;14083;4.57;0.28;408.65;18.68;1372;73;4837.00;754
11961;39;4972976;11961;497;13330;14083;4.58;0.28;408.78;18.69;1369;73;4838.00;753
11963;39;4972991;11963;505;13334;14089;4.59;0.28;408.80;18.69;1371;73;4839.00;755
11966;39;4973007;11966;509;13337;14089;4.59;0.28;408.82;18.69;1371;73;4840.00;752
11969;39;4973024;11969;495;13337;14089;4.60;0.28;408.93;18.69;1368;73;4841.00;752
11974;39;4973046;11974;497;13339;14092;4.61;0.28;409.08;18.70;1365;73;4842.00;753
11974;39;4973063;11974;481;13341;14092;4.63;0.28;409.08;18.70;1367;73;4843.00;751
11977;39;4973078;11977;492;13342;14092;4.64;0.28;409.09;18.70;1365;73;4844.00;750
11980;39;4973095;11980;484;13345;14093;4.60;0.28;409.32;18.72;1365;73;4845.00;748
11985;39;4973111;11985;486;13345;14094;4.57;0.28;409.34;18.72;1360;73;4846.00;749
11989;39;4973127;11989;490;13347;14094;4.57;0.28;409.50;18.84;1358;73;4847.00;747
11990;39;4973143;11990;498;13355;14107;4.60;0.28;409.52;18.85;1365;73;4848.00;752
11992;39;4973160;11992;500;13356;14107;4.64;0.28;409.60;18.85;1364;73;4849.00;751
11995;39;4973175;11995;503;13359;14107;4.64;0.28;409.63;18.97;1364;73;4850.00;748
11999;39;4973192;11999;507;13360;14108;4.64;0.28;409.77;18.97;1361;73;4851.00;748
12000;39;4973207;12000;497;13360;14108;4.63;0.28;409.74;18.97;1360;73;4852.00;748
12003;39;4973222;12003;497;13363;14112;4.64;0.28;409.87;18.97;1360;73;4853.00;749
12004;39;4973238;12004;493;13366;14112;4.69;0.28;409.91;19.00;1362;73;4854.00;746
12008;39;4973254;12008;490;13369;14116;4.68;0.28;409.97;19.00;1361;73;4855.00;747
12009;39;4973270;12009;489;13369;14116;4.71;0.29;409.96;19.00;1360;73;4856.00;747
12012;39;4973285;12012;484;13372;14116;4.72;0.29;409.99;19.13;1360;73;4857.00;744
12015;39;4973300;12015;485;13374;14116;4.71;0.29;410.09;19.15;1359;73;4858.00;742
12016;39;4973316;12016;483;13375;14116;4.74;0.29;410.07;19.15;1359;73;4859.00;741
12018;39;4973333;12018;484;13399;14150;4.78;0.29;410.18;19.16;1381;73;4860.00;751
12021;39;4973353;12021;478;13402;14150;4.86;0.30;410.33;19.16;1381;73;4861.00;748
12022;39;4973369;12022;473;13405;14150;4.91;0.30;410.33;19.17;1383;73;4862.00;745
12027;39;4973384;12027;467;13408;14150;4.93;0.30;410.46;19.21;1381;73;4863.00;742
12028;39;4973400;12028;471;13410;14150;4.97;0.30;410.48;19.21;1382;73;4864.00;740
12031;39;4973420;12031;470;13413;14150;4.99;0.30;410.49;19.24;1382;74;4865.00;737
12035;39;4973441;12035;476;13414;14151;4.95;0.30;410.54;19.24;1379;74;4866.00;737
12038;39;4973456;12038;476;13416;14151;4.90;0.30;410.55;19.26;1378;74;4867.00;735
12039;39;4973471;12039;485;13421;14157;4.93;0.30;410.57;19.39;1382;74;4868.00;736
12046;39;4973488;12046;492;13423;14158;4.82;0.29;410.61;19.39;1377;74;4869.00;735
12048;39;4973515;12048;494;13425;14158;4.77;0.29;410.61;19.42;1377;74;4870.00;733
12052;39;4973530;12052;505;13426;14158;4.75;0.29;410.79;19.44;1374;74;4871.00;732
12053;39;4973545;12053;518;13429;14162;4.77;0.29;410.83;19.45;1376;74;4872.00;733
12054;39;4973561;12054;524;13430;14162;4.74;0.29;410.87;19.57;1376;74;4873.00;732
12055;39;4973576;12055;524;13433;14162;4.71;0.29;410.86;19.62;1378;74;4874.00;729
12059;39;4973592;12059;525;13434;14163;4.69;0.29;410.91;19.62;1375;74;4875.00;729
12063;39;4973607;12063;522;13438;14167;4.64;0.28;410.92;19.63;1375;74;4876.00;729
12067;39;4973622;12067;522;13439;14167;4.56;0.28;411.04;19.65;1372;74;4877.00;728
12068;39;4973636;12068;523;13441;14170;4.56;0.28;411.02;19.66;1373;74;4878.00;729
12069;39;4973651;12069;525;13442;14170;4.49;0.27;411.03;19.67;1373;74;4879.00;728
12072;39;4973666;12072;535;13444;14170;4.39;0.27;411.05;19.81;1372;74;4880.00;726
12073;39;4973680;12073;524;13444;14170;4.36;0.26;411.09;19.81;1371;74;4881.00;726
12078;39;4973694;12078;512;13449;14174;4.35;0.26;411.06;19.82;1371;74;4882.00;725
12078;39;4973710;12078;515;13449;14174;4.39;0.27;411.06;19.82;1371;74;4883.00;725
12081;39;4973724;12081;516;13450;14174;4.37;0.27;411.19;19.83;1369;74;4884.00;724
12082;39;4973738;12082;517;13450;14174;4.38;0.27;411.20;19.83;1368;74;4885.00;724
12083;39;4973753;12083;513;13451;14175;4.38;0.27;411.18;19.85;1368;74;4886.00;724
12086;39;4973767;12086;508;13451;14176;4.36;0.27;411.16;19.85;1365;74;4887.00;725
12089;39;4973781;12089;512;13452;14176;4.33;0.26;411.20;19.86;1363;74;4888.00;724
12092;39;4973795;12092;514;13454;14177;4.35;0.26;411.21;19.87;1362;74;4889.00;723
12093;39;4973811;12093;513;13454;14177;4.38;0.27;411.21;19.87;1361;74;4890.00;723
12095;39;4973826;12095;512;13455;14177;4.39;0.27;411.32;19.89;1360;74;4891.00;722
12099;39;4973840;12099;516;13455;14177;4.36;0.27;411.35;19.89;1356;74;4892.00;722
12100;39;4973855;12100;526;13455;14177;4.37;0.27;411.33;19.89;1355;74;4893.00;722
12105;39;4973869;12105;531;13456;14177;4.36;0.27;411.38;20.01;1351;74;4894.00;721
12110;39;4973883;12110;536;13456;14177;4.31;0.26;411.29;20.01;1346;74;4895.00;721
12114;39;4973897;12114;557;13516;14304;4.50;0.28;411.37;19.92;1402;74;4896.00;788
12116;39;4973921;12116;549;13517;14305;4.47;0.28;411.33;19.92;1401;74;4897.00;788
12119;39;4973936;12119;545;13525;14305;4.43;0.27;411.39;19.91;1406;74;4898.00;780
12119;39;4973950;12119;545;13526;14305;4.41;0.27;411.39;19.92;1407;74;4899.00;779
12121;39;4973964;12121;542;13530;14305;4.40;0.27;411.41;19.92;1409;74;4900.00;775
12123;39;4973983;12123;543;13534;14305;4.41;0.27;411.42;19.92;1411;74;4901.00;771
12124;39;4973998;12124;549;13535;14305;4.41;0.27;411.43;19.91;1411;74;4902.00;770
12127;39;4974014;12127;554;13539;14305;4.40;0.27;411.51;19.91;1412;74;4903.00;766
12127;39;4974028;12127;561;13540;14306;4.35;0.27;411.51;19.91;1413;74;4904.00;766
12127;39;4974049;12127;569;13543;14308;4.35;0.27;411.51;19.91;1416;74;4905.00;765
12130;39;4974064;12130;582;13545;14308;4.27;0.26;411.45;19.90;1415;74;4906.00;763
12133;39;4974078;12133;591;13547;14309;4.22;0.26;411.54;19.90;1414;74;4907.00;762
12133;39;4974094;12133;598;13548;14309;4.17;0.26;411.54;19.90;1415;74;4908.00;761
12136;39;4974109;12136;609;13551;14309;4.12;0.25;411.62;19.92;1415;74;4909.00;758
12137;39;4974125;12137;613;13552;14309;4.09;0.25;411.63;19.92;1415;74;4910.00;757
12137;39;4974140;12137;625;13555;14313;4.04;0.25;411.63;19.91;1418;74;4911.00;758
12138;39;4974154;12138;628;13556;14313;4.00;0.25;411.65;19.91;1418;74;4912.00;757
12141;39;4974169;12141;634;13557;14313;3.96;0.24;411.66;19.91;1416;74;4913.00;756
12142;39;4974183;12142;641;13559;14316;3.98;0.24;411.70;19.91;1417;74;4914.00;757
12145;39;4974198;12145;652;13560;14316;3.94;0.24;411.84;19.91;1415;74;4915.00;756
12146;39;4974213;12146;661;13560;14316;3.90;0.24;411.81;19.91;1414;74;4916.00;756
12147;39;4974226;12147;672;13563;14320;3.87;0.24;411.84;19.91;1416;74;4917.00;757
12148;39;4974240;12148;660;13564;14321;3.86;0.24;411.88;19.90;1416;74;4918.00;757
12149;39;4974260;12149;657;13564;14321;3.82;0.23;411.86;19.90;1415;74;4919.00;757
12151;39;4974277;12151;655;13568;14326;3.83;0.23;411.93;19.90;1417;74;4920.00;758
12154;39;4974292;12154;652;13568;14326;3.83;0.23;411.92;19.90;1414;75;4921.00;758
12156;39;4974315;12156;646;13568;14326;3.82;0.23;411.91;19.90;1412;75;4922.00;758
12158;39;4974329;12158;641;13568;14327;3.83;0.23;411.92;19.90;1410;75;4923.00;759
12159;39;4974344;12159;648;13568;14327;3.85;0.24;411.96;19.90;1409;75;4924.00;759
12160;39;4974364;12160;641;13572;14333;3.91;0.24;411.95;19.89;1412;75;4925.00;761
12161;39;4974379;12161;641;13572;14333;3.89;0.24;411.92;19.89;1411;75;4926.00;761
12163;39;4974394;12163;643;13572;14334;3.90;0.24;411.88;19.89;1409;75;4927.00;762
12165;39;4974408;12165;644;13572;14334;3.92;0.24;411.83;19.89;1407;75;4928.00;762
12167;39;4974424;12167;633;13572;14334;3.91;0.24;411.79;19.89;1405;75;4929.00;762
12168;39;4974438;12168;638;13572;14334;3.93;0.24;411.78;19.89;1404;75;4930.00;762
12169;39;4974452;12169;632;13572;14334;3.95;0.24;411.75;19.89;1403;75;4931.00;762
12172;40;4974466;12172;641;13581;14346;3.97;0.24;411.74;19.88;1409;76;4932.00;765
12173;40;4974488;12173;635;13581;14346;3.99;0.24;411.73;19.88;1408;76;4933.00;765
12173;40;4974503;12173;634;13581;14346;4.02;0.25;411.73;19.88;1408;76;4934.00;765
12173;40;4974517;12173;634;13581;14346;4.06;0.25;411.73;19.88;1408;76;4935.00;765
12174;41;4974530;12174;634;13581;14346;4.07;0.25;411.77;19.88;1407;77;4936.00;765
12174;41;4974556;12174;630;13581;14346;4.09;0.25;411.77;19.88;1407;77;4937.00;765
12178;41;4974569;12178;623;13584;14350;4.11;0.25;411.71;19.88;1406;77;4938.00;766
12180;41;4974595;12180;623;13584;14350;4.15;0.25;411.75;19.88;1404;77;4939.00;766
12183;41;4974614;12183;623;13587;14354;4.16;0.26;411.70;19.87;1404;77;4940.00;767
12186;41;4974627;12186;615;13587;14355;4.14;0.25;411.70;19.87;1401;77;4941.00;768
12188;41;4974641;12188;618;13587;14355;4.12;0.25;411.77;19.87;1399;77;4942.00;768
12191;41;4974655;12191;620;13587;14355;4.08;0.25;411.83;19.87;1396;77;4943.00;768
12194;41;4974668;12194;618;13597;14368;4.07;0.25;411.83;19.86;1403;77;4944.00;771
12196;41;4974683;12196;611;13597;14368;4.07;0.25;411.90;19.86;1401;77;4945.00;771
12199;41;4974702;12199;616;13597;14368;4.08;0.25;411.86;19.86;1398;77;4946.00;771
12201;41;4974715;12201;611;13598;14369;4.10;0.25;412.01;19.86;1397;77;4947.00;771
12205;41;4974728;12205;614;13598;14370;4.12;0.25;412.10;19.86;1393;77;4948.00;772
12209;41;4974742;12209;613;13598;14370;4.07;0.25;412.11;19.86;1389;77;4949.00;772
12211;41;4974757;12211;597;13603;14379;4.08;0.25;412.21;19.85;1392;77;4950.00;776
12219;41;4974772;12219;583;13603;14379;4.07;0.25;412.24;19.85;1384;77;4951.00;776
12222;41;4974786;12222;571;13604;14379;4.12;0.25;412.21;19.85;1382;77;4952.00;775
12225;41;4974799;12225;560;13604;14379;4.16;0.25;412.28;19.85;1379;77;4953.00;775
12228;41;4974813;12228;554;13608;14385;4.24;0.26;412.33;19.84;1380;77;4954.00;777
12229;41;4974827;12229;547;13609;14385;4.32;0.26;412.32;19.84;1380;77;4955.00;776
12234;41;4974842;12234;545;13609;14385;4.36;0.27;412.41;19.84;1375;77;4956.00;776
12239;41;4974857;12239;531;13609;14385;4.37;0.27;412.40;19.84;1370;77;4957.00;776
12241;41;4974872;12241;528;13612;14389;4.43;0.27;412.36;19.84;1371;77;4958.00;777
12244;41;4974886;12244;526;13612;14390;4.47;0.27;412.49;19.84;1368;77;4959.00;778
12249;41;4974901;12249;511;13612;14390;4.50;0.27;412.43;19.84;1363;77;4960.00;778
12250;41;4974915;12250;498;13613;14391;4.53;0.28;412.44;19.83;1363;77;4961.00;778
12253;41;4974930;12253;493;13613;14391;4.56;0.28;412.41;19.83;1360;77;4962.00;778
12259;41;4974944;12259;486;13613;14391;4.59;0.28;412.47;19.83;1354;77;4963.00;778
12263;41;4974960;12263;478;13613;14391;4.67;0.28;412.46;19.83;1350;77;4964.00;778
12269;41;4974974;12269;466;13613;14391;4.66;0.28;412.61;19.83;1344;77;4965.00;778
12274;41;4974989;12274;458;13613;14391;4.67;0.28;412.69;19.83;1339;77;4966.00;778
12276;41;4975004;12276;448;13613;14391;4.74;0.29;412.67;19.83;1337;77;4967.00;778
12281;41;4975019;12281;447;13647;14461;4.91;0.30;412.73;19.79;1366;77;4968.00;814
12284;41;4975040;12284;430;13649;14462;5.01;0.30;412.71;19.78;1365;77;4969.00;813
12288;41;4975056;12288;419;13653;14462;5.06;0.31;412.82;19.78;1365;77;4970.00;809
12291;41;4975071;12291;418;13653;14462;5.15;0.31;412.81;19.78;1362;77;4971.00;809
12294;41;4975087;12294;403;13653;14462;5.21;0.32;412.89;19.78;1359;77;4972.00;809
12297;41;4975103;12297;405;13653;14462;5.27;0.32;412.88;19.78;1356;77;4973.00;809
12301;41;4975119;12301;402;13653;14462;5.28;0.32;412.87;19.78;1352;77;4974.00;809
12302;41;4975134;12302;402;13653;14462;5.34;0.32;412.86;19.78;1351;77;4975.00;809
12305;41;4975150;12305;403;13653;14463;5.36;0.33;412.89;19.78;1348;77;4976.00;810
12311;41;4975166;12311;408;13653;14464;5.33;0.32;413.06;19.78;1342;77;4977.00;811
12313;41;4975182;12313;413;13653;14464;5.35;0.33;413.18;19.78;1340;77;4978.00;811
12318;41;4975198;12318;412;13656;14468;5.30;0.32;413.35;19.77;1338;77;4979.00;812
12320;41;4975216;12320;416;13657;14468;5.31;0.32;413.34;19.77;1337;77;4980.00;811
12325;41;4975230;12325;424;13657;14468;5.30;0.32;413.40;19.77;1332;77;4981.00;811
12329;41;4975246;12329;425;13659;14468;5.27;0.32;413.42;19.77;1330;77;4982.00;809
12333;41;4975262;12333;422;13662;14474;5.28;0.32;413.47;19.77;1329;77;4983.00;812
12337;41;4975277;12337;424;13663;14474;5.27;0.32;413.45;19.79;1326;77;4984.00;811
12342;41;4975293;12342;421;13666;14474;5.22;0.32;413.48;19.81;1324;77;4985.00;808
12346;41;4975308;12346;424;13666;14477;5.18;0.31;413.50;19.81;1320;77;4986.00;811
12350;41;4975324;12350;427;13668;14477;5.14;0.31;413.49;19.81;1318;77;4987.00;809
12353;41;4975339;12353;437;13669;14477;5.15;0.31;413.47;19.83;1316;77;4988.00;808
12356;41;4975354;12356;441;13670;14478;5.18;0.31;413.54;19.85;1314;77;4989.00;808
12360;41;4975370;12360;428;13671;14479;5.15;0.31;413.55;19.85;1311;77;4990.00;808
12363;41;4975387;12363;428;13672;14479;5.11;0.31;413.53;19.87;1309;77;4991.00;807
12367;41;4975402;12367;429;13681;14492;5.14;0.31;413.56;19.88;1314;77;4992.00;811
12370;41;4975418;12370;432;13682;14492;5.07;0.31;413.61;19.88;1312;77;4993.00;810
12374;41;4975433;12374;439;13688;14492;4.99;0.30;413.61;19.95;1314;77;4994.00;804
12376;41;4975450;12376;438;13689;14494;5.01;0.30;413.71;19.95;1313;77;4995.00;805
12379;41;4975465;12379;447;13690;14494;4.99;0.30;413.86;19.95;1311;77;4996.00;804
12381;41;4975481;12381;447;13694;14498;5.00;0.30;413.85;19.98;1313;77;4997.00;804
12386;41;4975497;12386;442;13695;14498;4.95;0.30;413.94;20.00;1309;77;4998.00;803
12388;41;4975513;12388;437;13700;14502;4.94;0.30;413.93;20.02;1312;77;4999.00;802
12393;41;4975530;12393;438;13702;14502;4.89;0.30;414.03;20.04;1309;77;5000.00;800
12395;41;4975549;12395;440;13704;14502;4.86;0.30;414.13;20.06;1309;77;5001.00;798
12397;41;4975565;12397;440;13706;14502;4.86;0.30;414.23;20.10;1309;77;5002.00;796
12400;41;4975580;12400;453;13707;14502;4.85;0.30;414.33;20.12;1307;77;5003.00;795
12402;41;4975596;12402;459;13715;14514;4.80;0.29;414.37;20.12;1313;78;5004.00;799
12402;41;4975616;12402;470;13719;14514;4.82;0.29;414.37;20.14;1317;78;5005.00;795
12402;41;4975636;12402;461;13719;14514;4.86;0.30;414.37;20.14;1317;78;5006.00;795
12403;41;4975652;12403;461;13722;14514;4.85;0.30;414.35;20.18;1319;78;5007.00;792
12404;41;4975667;12404;460;13723;14514;4.87;0.30;414.38;20.18;1319;78;5008.00;791
12408;41;4975681;12408;453;13726;14514;4.91;0.30;414.33;20.21;1318;78;5009.00;788
12409;41;4975698;12409;452;13731;14515;4.93;0.30;414.33;20.37;1322;78;5010.00;784
12411;41;4975715;12411;450;13731;14515;4.91;0.30;414.34;20.37;1320;78;5011.00;784
12413;41;4975730;12413;450;13736;14521;4.94;0.30;414.36;20.39;1323;78;5012.00;785
12416;41;4975747;12416;456;13736;14522;4.91;0.30;414.45;20.39;1320;78;5013.00;786
12417;41;4975762;12417;456;13738;14522;4.87;0.30;414.56;20.42;1321;78;5014.00;784
12418;41;4975777;12418;455;13740;14522;4.83;0.29;414.56;20.46;1322;78;5015.00;782
12420;41;4975792;12420;454;13744;14526;4.82;0.29;414.55;20.47;1324;78;5016.00;782
12422;41;4975808;12422;457;13745;14526;4.80;0.29;414.58;20.49;1323;78;5017.00;781
12423;41;4975824;12423;450;13746;14526;4.83;0.29;414.57;20.50;1323;78;5018.00;780
12423;41;4975839;12423;451;13749;14527;4.91;0.30;414.57;20.54;1326;78;5019.00;778
12426;41;4975854;12426;447;13753;14531;4.93;0.30;414.60;20.55;1327;78;5020.00;778
12431;41;4975871;12431;436;13753;14531;4.92;0.30;414.87;20.55;1322;78;5021.00;778
12432;41;4975886;12432;434;13756;14534;4.94;0.30;414.89;20.59;1324;78;5022.00;778
12435;41;4975902;12435;433;13756;14534;4.92;0.30;415.08;20.59;1321;78;5023.00;778
12438;41;4975916;12438;428;13757;14534;4.98;0.30;415.13;20.60;1319;78;5024.00;777
12442;41;4975932;12442;428;13757;14534;5.04;0.31;415.16;20.60;1315;78;5025.00;777
12444;41;4975948;12444;426;13762;14538;5.07;0.31;415.16;20.64;1318;79;5026.00;776
12447;41;4975971;12447;429;13763;14538;5.02;0.31;415.18;20.66;1316;79;5027.00;775
12450;41;4975987;12450;434;13765;14538;5.03;0.31;415.17;20.69;1315;79;5028.00;773
12454;41;4976002;12454;441;13767;14538;5.00;0.31;415.40;20.84;1313;79;5029.00;771
12458;41;4976017;12458;442;13767;14539;4.95;0.30;415.55;20.84;1309;79;5030.00;772
12460;41;4976031;12460;452;13767;14540;4.93;0.30;415.58;20.84;1307;79;5031.00;773
12463;41;4976046;12463;468;13769;14540;4.95;0.30;415.73;20.87;1306;79;5032.00;771
12466;41;4976060;12466;475;13771;14541;4.93;0.30;415.75;20.89;1305;79;5033.00;770
12468;41;4976075;12468;477;13771;14541;4.83;0.29;415.82;20.89;1303;79;5034.00;770
12471;41;4976089;12471;487;13773;14541;4.76;0.29;415.94;20.92;1302;79;5035.00;768
12475;41;4976104;12475;501;13775;14541;4.69;0.29;415.96;20.96;1300;79;5036.00;766
12478;41;4976118;12478;512;13776;14541;4.62;0.28;416.00;20.97;1298;79;5037.00;765
12481;41;4976131;12481;518;13777;14541;4.60;0.28;415.98;20.99;1296;79;5038.00;764
12482;41;4976145;12482;525;13778;14541;4.55;0.28;416.07;21.00;1296;79;5039.00;763
12485;41;4976160;12485;583;13901;14771;4.69;0.30;416.11;20.96;1416;79;5040.00;870
12489;41;4976192;12489;572;13901;14772;4.66;0.29;416.18;20.96;1412;79;5041.00;871
12491;41;4976208;12491;548;13908;14772;4.73;0.30;416.26;20.97;1417;79;5042.00;864
12494;41;4976222;12494;537;13910;14772;4.70;0.30;416.19;20.97;1416;79;5043.00;862
12498;41;4976237;12498;526;13916;14772;4.73;0.30;416.41;20.99;1418;79;5044.00;856
12502;41;4976258;12502;525;13920;14772;4.76;0.30;416.39;20.99;1418;79;5045.00;852
12505;41;4976273;12505;513;13925;14772;4.81;0.30;416.44;21.00;1420;79;5046.00;847
12507;41;4976289;12507;507;13929;14772;4.86;0.30;416.46;21.02;1422;79;5047.00;843
12511;41;4976304;12511;508;13933;14773;4.93;0.31;416.46;21.02;1422;79;5048.00;840
12514;41;4976319;12514;502;13936;14774;4.99;0.31;416.46;21.03;1422;79;5049.00;838
12517;41;4976335;12517;504;13940;14774;4.97;0.31;416.44;21.03;1423;79;5050.00;834
12520;41;4976351;12520;508;13943;14775;4.94;0.31;416.42;21.06;1423;79;5051.00;832
12521;41;4976367;12521;504;13947;14775;4.93;0.31;416.43;21.07;1426;79;5052.00;828
12523;41;4976382;12523;511;13948;14775;4.85;0.30;416.39;21.07;1425;79;5053.00;827
12527;41;4976397;12527;510;13949;14775;4.78;0.30;416.38;21.07;1422;79;5054.00;826
12532;41;4976412;12532;514;13953;14779;4.70;0.29;416.38;21.23;1421;79;5055.00;826
12536;41;4976437;12536;524;13955;14779;4.60;0.28;416.34;21.36;1419;79;5056.00;824
12541;41;4976452;12541;527;13956;14779;4.49;0.28;416.34;21.36;1415;79;5057.00;823
12543;41;4976468;12543;549;13957;14782;4.43;0.27;416.33;21.36;1414;79;5058.00;825
12546;41;4976488;12546;547;13958;14782;4.41;0.27;416.27;21.36;1412;79;5059.00;824
12546;41;4976507;12546;554;13959;14782;4.37;0.27;416.27;21.36;1413;79;5060.00;823
12547;41;4976522;12547;561;13963;14786;4.36;0.27;416.28;21.36;1416;79;5061.00;823
12550;41;4976537;12550;572;13965;14787;4.30;0.26;416.27;21.36;1415;79;5062.00;822
12551;41;4976554;12551;584;13966;14787;4.29;0.26;416.26;21.35;1415;79;5063.00;821
12552;41;4976568;12552;588;13967;14791;4.31;0.26;416.35;21.35;1415;79;5064.00;824
12554;41;4976584;12554;585;13969;14791;4.30;0.26;416.32;21.35;1415;79;5065.00;822
12555;41;4976599;12555;581;13971;14791;4.28;0.26;416.32;21.35;1416;79;5066.00;820
12555;41;4976615;12555;577;13971;14792;4.27;0.26;416.32;21.35;1416;79;5067.00;821
12558;41;4976630;12558;581;13972;14792;4.31;0.26;416.25;21.35;1414;79;5068.00;820
12560;41;4976649;12560;580;13976;14798;4.31;0.26;416.22;21.35;1416;79;5069.00;822
12563;41;4976666;12563;577;13978;14798;4.28;0.26;416.12;21.35;1415;79;5070.00;820
12565;41;4976681;12565;572;13979;14799;4.28;0.26;416.11;21.35;1414;79;5071.00;820
12567;41;4976700;12567;572;13980;14799;4.27;0.26;416.17;21.35;1413;79;5072.00;819
12568;41;4976715;12568;578;13981;14799;4.30;0.26;416.15;21.35;1413;79;5073.00;818
12572;42;4976730;12572;570;13981;14799;4.31;0.26;416.28;21.35;1409;80;5074.00;818
12572;42;4976761;12572;576;13982;14799;4.37;0.27;416.28;21.35;1410;80;5075.00;817
12575;42;4976776;12575;578;13990;14811;4.42;0.27;416.23;21.34;1415;80;5076.00;821
12576;42;4976799;12576;585;13990;14811;4.40;0.27;416.20;21.34;1414;80;5077.00;821
12577;42;4976815;12577;594;13991;14811;4.40;0.27;416.18;21.34;1414;80;5078.00;820
12580;42;4976830;12580;598;13993;14811;4.39;0.27;416.23;21.34;1413;80;5079.00;818
12580;42;4976846;12580;599;13993;14811;4.37;0.27;416.23;21.34;1413;80;5080.00;818
12580;42;4976861;12580;599;13994;14811;4.38;0.27;416.23;21.34;1414;80;5081.00;817
12584;42;4976879;12584;602;13997;14815;4.35;0.27;416.22;21.34;1413;80;5082.00;818
12584;42;4976895;12584;608;13999;14815;4.34;0.27;416.22;21.34;1415;80;5083.00;816
12584;42;4976910;12584;616;14002;14819;4.37;0.27;416.22;21.33;1418;80;5084.00;817
12586;42;4976925;12586;619;14004;14821;4.35;0.27;416.23;21.33;1418;80;5085.00;817
12587;42;4976940;12587;628;14004;14821;4.34;0.27;416.26;21.33;1417;80;5086.00;817
12591;42;4976954;12591;632;14004;14821;4.32;0.26;416.41;21.33;1413;80;5087.00;817
12595;42;4976969;12595;627;14012;14834;4.34;0.27;416.35;21.32;1417;80;5088.00;822
12598;42;4976985;12598;626;14014;14834;4.34;0.27;416.38;21.32;1416;80;5089.00;820
12599;42;4977000;12599;627;14014;14834;4.37;0.27;416.36;21.32;1415;80;5090.00;820
12601;42;4977015;12601;627;14015;14835;4.39;0.27;416.49;21.32;1414;80;5091.00;820
12603;42;4977030;12603;623;14015;14836;4.40;0.27;416.52;21.32;1412;80;5092.00;821
12607;42;4977045;12607;618;14015;14836;4.39;0.27;416.51;21.32;1408;80;5093.00;821
12607;42;4977060;12607;618;14016;14839;4.41;0.27;416.51;21.32;1409;80;5094.00;823
12610;42;4977075;12610;615;14016;14839;4.38;0.27;416.48;21.32;1406;80;5095.00;823
12615;42;4977089;12615;614;14016;14839;4.36;0.27;416.46;21.32;1401;80;5096.00;823
12618;42;4977104;12618;616;14016;14839;4.38;0.27;416.43;21.32;1398;80;5097.00;823
12621;42;4977118;12621;621;14020;14845;4.41;0.27;416.41;21.31;1399;80;5098.00;825
12622;42;4977133;12622;613;14020;14845;4.48;0.27;416.51;21.31;1398;80;5099.00;825
12624;42;4977150;12624;617;14025;14864;4.48;0.27;416.50;21.30;1401;80;5100.00;839
12627;42;4977170;12627;618;14025;14864;4.49;0.27;416.59;21.30;1398;80;5101.00;839
12630;42;4977186;12630;610;14028;14868;4.49;0.27;416.65;21.30;1398;80;5102.00;840
12632;42;4977206;12632;606;14028;14869;4.53;0.28;416.67;21.30;1396;80;5103.00;841
12634;42;4977221;12634;608;14028;14869;4.55;0.28;416.66;21.30;1394;80;5104.00;841
12638;42;4977236;12638;607;14030;14870;4.52;0.28;416.72;21.29;1392;80;5105.00;840
12640;42;4977251;12640;597;14032;14870;4.52;0.28;416.67;21.29;1392;80;5106.00;838
12648;42;4977266;12648;594;14032;14870;4.48;0.27;416.76;21.29;1384;80;5107.00;838
12650;42;4977280;12650;596;14032;14870;4.52;0.27;416.78;21.29;1382;80;5108.00;838
12653;42;4977295;12653;600;14032;14870;4.53;0.27;416.83;21.29;1379;80;5109.00;838
12655;43;4977309;12655;599;14032;14870;4.54;0.28;416.95;21.29;1377;81;5110.00;838
12656;43;4977335;12656;597;14034;14870;4.55;0.28;416.93;21.29;1378;81;5111.00;836
12661;43;4977349;12661;606;14073;14940;4.59;0.28;417.04;21.23;1412;81;5112.00;867
12664;43;4977370;12664;602;14077;14941;4.61;0.28;417.05;21.23;1413;81;5113.00;864
12668;43;4977385;12668;599;14079;14941;4.63;0.28;417.08;21.22;1411;81;5114.00;862
12672;43;4977399;12672;588;14080;14941;4.63;0.28;417.15;21.22;1408;81;5115.00;861
12677;43;4977417;12677;581;14081;14941;4.67;0.28;417.22;21.22;1404;81;5116.00;860
12680;43;4977432;12680;582;14083;14941;4.67;0.28;417.27;21.22;1403;81;5117.00;858
12683;43;4977447;12683;567;14083;14941;4.72;0.29;417.37;21.22;1400;81;5118.00;858
12687;43;4977462;12687;565;14085;14941;4.70;0.29;417.40;21.22;1398;81;5119.00;856
12691;43;4977477;12691;563;14085;14942;4.67;0.28;417.48;21.22;1394;81;5120.00;857
12694;43;4977492;12694;559;14085;14943;4.68;0.28;417.57;21.22;1391;81;5121.00;858
12700;43;4977508;12700;567;14088;14943;4.66;0.28;417.66;21.22;1388;81;5122.00;855
12703;43;4977524;12703;559;14092;14947;4.69;0.29;417.80;21.21;1389;81;5123.00;855
12709;43;4977540;12709;561;14092;14947;4.70;0.29;417.88;21.21;1383;81;5124.00;855
12712;43;4977555;12712;564;14092;14947;4.71;0.29;417.98;21.21;1380;81;5125.00;855
12715;43;4977571;12715;566;14093;14947;4.72;0.29;418.10;21.21;1378;81;5126.00;854
12716;43;4977586;12716;560;14096;14953;4.77;0.29;418.10;21.21;1380;81;5127.00;857
12720;43;4977602;12720;556;14097;14953;4.79;0.29;418.23;21.21;1377;81;5128.00;856
12724;43;4977617;12724;558;14098;14953;4.77;0.29;418.31;21.21;1374;81;5129.00;855
12729;43;4977634;12729;551;14101;14959;4.76;0.29;418.33;21.21;1372;81;5130.00;858
12733;43;4977650;12733;545;14102;14959;4.74;0.29;418.26;21.21;1369;81;5131.00;857
12738;43;4977665;12738;545;14103;14959;4.67;0.28;418.27;21.20;1365;81;5132.00;856
12741;43;4977681;12741;548;14104;14960;4.68;0.28;418.28;21.20;1363;81;5133.00;856
12748;43;4977696;12748;549;14106;14961;4.61;0.28;418.39;21.20;1358;81;5134.00;855
12753;43;4977717;12753;547;14106;14961;4.61;0.28;418.47;21.20;1353;81;5135.00;855
12757;43;4977732;12757;547;14116;14974;4.61;0.28;418.45;21.19;1359;81;5136.00;858
12759;43;4977749;12759;532;14116;14974;4.61;0.28;418.49;21.19;1357;81;5137.00;858
12762;43;4977764;12762;535;14117;14974;4.61;0.28;418.59;21.19;1355;81;5138.00;857
12765;43;4977780;12765;536;14119;14975;4.59;0.28;418.59;21.19;1354;81;5139.00;856
12768;43;4977795;12768;540;14119;14975;4.61;0.28;418.61;21.19;1351;81;5140.00;856
12771;43;4977811;12771;546;14123;14979;4.62;0.28;418.65;21.18;1352;81;5141.00;856
12774;43;4977827;12774;539;14123;14979;4.64;0.28;418.78;21.18;1349;81;5142.00;856
12775;43;4977842;12775;539;14126;14983;4.70;0.29;418.76;21.18;1351;81;5143.00;857
12780;43;4977857;12780;539;14126;14983;4.71;0.29;418.73;21.18;1346;81;5144.00;857
12783;43;4977873;12783;538;14126;14983;4.75;0.29;418.76;21.18;1343;81;5145.00;857
12786;43;4977889;12786;533;14126;14983;4.74;0.29;418.76;21.18;1340;81;5146.00;857
12792;43;4977905;12792;528;14127;14983;4.71;0.29;418.78;21.20;1335;81;5147.00;856
12795;43;4977920;12795;529;14134;14995;4.74;0.29;418.81;21.19;1339;81;5148.00;861
12798;43;4977943;12798;533;14135;14995;4.75;0.29;418.94;21.19;1337;81;5149.00;860
12800;43;4977959;12800;523;14136;14995;4.74;0.29;418.95;21.19;1336;81;5150.00;859
12802;43;4977973;12802;528;14136;14995;4.73;0.29;418.95;21.19;1334;81;5151.00;859
12806;43;4977988;12806;534;14138;14995;4.67;0.29;418.99;21.23;1332;81;5152.00;857
12807;43;4978003;12807;547;14138;14995;4.62;0.28;418.99;21.23;1331;81;5153.00;857
12815;43;4978018;12815;544;14138;14996;4.53;0.28;419.07;21.23;1323;81;5154.00;858
12817;43;4978033;12817;557;14140;14998;4.44;0.27;419.05;21.23;1323;81;5155.00;858
12818;43;4978047;12818;560;14143;15004;4.42;0.27;419.06;21.22;1325;81;5156.00;861
12822;43;4978062;12822;563;14146;15005;4.35;0.27;419.04;21.26;1324;81;5157.00;859
12823;43;4978078;12823;561;14146;15005;4.34;0.27;419.09;21.26;1323;81;5158.00;859
12825;43;4978092;12825;558;14147;15005;4.33;0.27;419.15;21.28;1322;81;5159.00;858
12826;43;4978107;12826;568;14152;15010;4.35;0.27;419.12;21.30;1326;81;5160.00;858
12829;43;4978121;12829;572;14152;15010;4.30;0.26;419.21;21.30;1323;81;5161.00;858
12833;43;4978135;12833;562;14154;15010;4.24;0.26;419.39;21.34;1321;81;5162.00;856
12836;43;4978150;12836;554;14155;15011;4.22;0.26;419.38;21.34;1319;81;5163.00;856
12837;43;4978165;12837;552;14160;15015;4.26;0.26;419.38;21.37;1323;81;5164.00;855
12841;43;4978179;12841;552;14160;15015;4.24;0.26;419.39;21.37;1319;81;5165.00;855
12845;43;4978195;12845;551;14163;15018;4.26;0.26;419.31;21.41;1318;81;5166.00;855
12845;43;4978209;12845;555;14163;15018;4.28;0.26;419.31;21.41;1318;81;5167.00;855
12847;43;4978224;12847;558;14165;15018;4.28;0.26;419.35;21.56;1318;81;5168.00;853
12850;43;4978240;12850;564;14170;15018;4.25;0.26;419.31;22.06;1320;82;5169.00;848
12853;43;4978268;12853;561;14175;15022;4.25;0.26;419.33;22.09;1322;82;5170.00;847
12855;43;4978289;12855;551;14175;15022;4.28;0.26;419.36;22.09;1320;82;5171.00;847
12857;43;4978303;12857;542;14176;15022;4.27;0.26;419.38;22.11;1319;82;5172.00;846
12859;43;4978324;12859;542;14177;15022;4.26;0.26;419.38;22.13;1318;82;5173.00;845
12862;43;4978338;12862;542;14178;15023;4.25;0.26;419.42;22.15;1316;82;5174.00;845
12864;43;4978354;12864;539;14179;15025;4.28;0.26;419.43;22.15;1315;82;5175.00;846
12867;43;4978368;12867;536;14181;15025;4.30;0.26;419.49;22.18;1314;82;5176.00;844
12868;43;4978384;12868;533;14182;15026;4.36;0.27;419.49;22.18;1314;82;5177.00;844
12872;43;4978399;12872;538;14184;15026;4.39;0.27;419.47;22.22;1312;82;5178.00;842
12874;43;4978414;12874;540;14184;15026;4.41;0.27;419.48;22.22;1310;82;5179.00;842
12874;43;4978429;12874;544;14186;15026;4.44;0.27;419.48;22.26;1312;82;5180.00;840
12877;43;4978444;12877;549;14187;15026;4.43;0.27;419.46;22.27;1310;82;5181.00;839
12877;43;4978459;12877;539;14188;15026;4.45;0.27;419.46;22.29;1311;82;5182.00;838
12881;43;4978480;12881;539;14189;15026;4.43;0.27;419.37;22.31;1308;82;5183.00;837
12885;43;4978495;12885;560;14257;15153;4.67;0.29;419.37;22.22;1372;82;5184.00;896
12886;43;4978519;12886;555;14260;15154;4.72;0.29;419.35;22.24;1374;82;5185.00;894
12889;43;4978535;12889;550;14266;15154;4.77;0.29;419.36;22.25;1377;82;5186.00;888
12889;43;4978553;12889;546;14269;15154;4.81;0.29;419.36;22.26;1380;82;5187.00;885
12890;43;4978568;12890;552;14272;15154;4.81;0.29;419.36;22.28;1382;82;5188.00;882
12890;43;4978583;12890;557;14273;15154;4.82;0.30;419.36;22.28;1383;82;5189.00;881
12891;43;4978601;12891;565;14277;15154;4.82;0.30;419.33;22.28;1386;82;5190.00;877
12893;43;4978616;12893;566;14280;15154;4.77;0.29;419.30;22.33;1387;82;5191.00;874
12895;43;4978632;12895;576;14284;15155;4.71;0.29;419.29;22.37;1389;82;5192.00;871
12896;43;4978649;12896;576;14286;15156;4.70;0.29;419.26;22.37;1390;82;5193.00;870
12898;43;4978665;12898;584;14290;15156;4.68;0.29;419.24;22.40;1392;82;5194.00;866
12900;43;4978681;12900;594;14292;15157;4.64;0.28;419.26;22.40;1392;82;5195.00;865
12900;43;4978696;12900;600;14295;15157;4.61;0.28;419.26;22.42;1395;82;5196.00;862
12901;43;4978712;12901;604;14298;15157;4.57;0.28;419.24;22.44;1397;82;5197.00;859
12902;43;4978726;12902;609;14301;15157;4.51;0.28;419.23;22.45;1399;82;5198.00;856
12904;43;4978742;12904;615;14304;15161;4.43;0.27;419.21;22.47;1400;82;5199.00;857
12905;43;4978758;12905;621;14307;15161;4.38;0.27;419.20;22.50;1402;82;5200.00;854
12905;43;4978778;12905;631;14308;15161;4.36;0.27;419.20;22.51;1403;82;5201.00;853
12906;43;4978792;12906;632;14310;15164;4.33;0.27;419.19;22.53;1404;82;5202.00;854
12908;43;4978807;12908;632;14312;15164;4.32;0.26;419.23;22.56;1404;82;5203.00;852
12909;43;4978821;12909;637;14313;15164;4.28;0.26;419.21;22.58;1404;82;5204.00;851
12911;43;4978836;12911;630;14317;15168;4.25;0.26;419.35;22.59;1406;82;5205.00;851
12914;43;4978853;12914;630;14318;15169;4.27;0.26;419.33;22.59;1404;82;5206.00;851
12915;43;4978868;12915;632;14318;15169;4.26;0.26;419.32;22.59;1403;82;5207.00;851
12916;43;4978883;12916;615;14323;15173;4.25;0.26;419.32;22.61;1407;82;5208.00;850
12919;43;4978899;12919;612;14324;15173;4.26;0.26;419.37;22.63;1405;82;5209.00;849
12921;43;4978914;12921;604;14326;15173;4.27;0.26;419.35;22.66;1405;82;5210.00;847
12924;43;4978929;12924;597;14326;15174;4.24;0.26;419.31;22.66;1402;82;5211.00;848
12926;43;4978943;12926;583;14326;15174;4.28;0.26;419.28;22.66;1400;82;5212.00;848
12928;43;4978958;12928;575;14332;15180;4.33;0.26;419.27;22.68;1404;82;5213.00;848
12930;43;4978973;12930;556;14332;15180;4.39;0.27;419.23;22.68;1402;82;5214.00;848
12932;43;4978988;12932;551;14334;15180;4.44;0.27;419.22;22.72;1402;82;5215.00;846
12933;43;4979004;12933;542;14334;15181;4.51;0.28;419.20;22.72;1401;82;5216.00;847
12938;43;4979019;12938;536;14335;15181;4.54;0.28;419.16;22.73;1397;82;5217.00;846
12940;43;4979034;12940;540;14336;15181;4.60;0.28;419.12;22.75;1396;82;5218.00;845
12943;43;4979049;12943;537;14337;15181;4.65;0.28;419.12;22.76;1394;82;5219.00;844
12944;43;4979066;12944;534;14359;15217;4.79;0.29;419.12;22.73;1415;82;5220.00;858
12946;43;4979085;12946;530;14361;15217;4.84;0.30;419.11;22.74;1415;82;5221.00;856
12949;43;4979100;12949;530;14363;15217;4.86;0.30;419.06;22.74;1414;83;5222.00;854
12952;43;4979123;12952;533;14364;15217;4.88;0.30;419.05;22.74;1412;83;5223.00;853
12957;43;4979140;12957;536;14367;15217;4.88;0.30;419.07;22.77;1410;83;5224.00;850
12957;43;4979158;12957;543;14367;15217;4.91;0.30;419.07;22.77;1410;83;5225.00;850
12960;43;4979174;12960;538;14371;15221;4.91;0.30;419.10;22.76;1411;83;5226.00;850
12961;43;4979191;12961;535;14373;15221;4.90;0.30;419.09;22.77;1412;83;5227.00;848
12963;43;4979209;12963;535;14375;15225;4.91;0.30;419.06;22.77;1412;83;5228.00;850
12964;43;4979226;12964;536;14377;15226;4.91;0.30;419.11;22.78;1413;83;5229.00;849
12965;43;4979250;12965;539;14378;15226;4.95;0.30;419.19;22.80;1413;83;5230.00;848
12968;43;4979267;12968;545;14378;15226;4.94;0.30;419.16;22.80;1410;83;5231.00;848
12970;43;4979284;12970;545;14388;15239;4.89;0.30;419.10;22.78;1418;83;5232.00;851
12973;43;4979303;12973;539;14389;15239;4.82;0.29;419.11;22.80;1416;83;5233.00;850
12974;43;4979320;12974;533;14389;15239;4.83;0.30;419.17;22.80;1415;83;5234.00;850
12977;43;4979343;12977;536;14392;15240;4.81;0.29;419.20;22.82;1415;83;5235.00;848
12980;43;4979360;12980;537;14393;15241;4.79;0.29;419.27;22.84;1413;83;5236.00;848
12982;43;4979376;12982;534;14393;15241;4.80;0.29;419.25;22.84;1411;83;5237.00;848
12985;43;4979391;12985;539;14395;15244;4.82;0.29;419.25;22.85;1410;83;5238.00;849
12988;43;4979408;12988;540;14395;15244;4.83;0.29;419.24;22.85;1407;83;5239.00;849
12989;43;4979424;12989;551;14397;15244;4.88;0.30;419.24;22.88;1408;83;5240.00;847
12993;43;4979440;12993;558;14397;15244;4.91;0.30;419.42;22.88;1404;83;5241.00;847
12994;43;4979456;12994;558;14401;15250;4.94;0.30;419.40;22.87;1407;83;5242.00;849
12997;43;4979472;12997;555;14401;15250;4.93;0.30;419.50;22.87;1404;83;5243.00;849
13001;43;4979488;13001;558;14401;15250;4.93;0.30;419.54;22.87;1400;83;5244.00;849
13004;43;4979504;13004;556;14401;15250;4.95;0.30;419.60;22.87;1397;83;5245.00;849
13006;43;4979520;13006;561;14404;15254;4.95;0.30;419.72;22.87;1398;83;5246.00;850
13007;43;4979535;13007;571;14404;15255;4.93;0.30;419.86;22.87;1397;83;5247.00;851
13008;43;4979551;13008;574;14405;15255;4.93;0.30;419.87;23.02;1397;83;5248.00;850
13012;43;4979567;13012;581;14406;15256;4.91;0.30;419.91;23.02;1394;83;5249.00;850
13014;43;4979583;13014;587;14406;15256;4.89;0.30;419.92;23.02;1392;83;5250.00;850
13018;43;4979598;13018;591;14406;15256;4.90;0.30;419.93;23.02;1388;83;5251.00;850
13020;43;4979612;13020;593;14406;15256;4.94;0.30;420.00;23.02;1386;83;5252.00;850
13023;43;4979627;13023;597;14406;15256;4.93;0.30;420.09;23.02;1383;83;5253.00;850
13026;43;4979642;13026;587;14406;15256;4.91;0.30;420.08;23.02;1380;83;5254.00;850
13028;43;4979657;13028;599;14406;15256;4.89;0.30;420.24;23.02;1378;83;5255.00;850
13032;43;4979671;13032;610;14445;15326;4.92;0.30;420.41;22.96;1413;83;5256.00;881
13034;43;4979691;13034;611;14447;15327;4.91;0.30;420.51;22.96;1413;83;5257.00;880
13037;43;4979707;13037;612;14452;15327;4.90;0.30;420.49;22.95;1415;83;5258.00;875
13040;43;4979722;13040;610;14454;15327;4.87;0.30;420.57;22.95;1414;83;5259.00;873
13045;43;4979737;13045;616;14456;15327;4.84;0.29;420.58;22.94;1411;83;5260.00;871
13046;43;4979752;13046;616;14457;15327;4.81;0.29;420.56;22.94;1411;83;5261.00;870
13047;43;4979768;13047;612;14459;15327;4.83;0.29;420.55;22.94;1412;83;5262.00;868
13047;43;4979783;13047;606;14461;15327;4.85;0.29;420.55;22.94;1414;83;5263.00;866
13049;43;4979798;13049;602;14461;15328;4.84;0.29;420.49;22.94;1412;83;5264.00;867
13051;43;4979813;13051;592;14463;15330;4.81;0.29;420.47;22.93;1412;83;5265.00;867
13052;43;4979834;13052;584;14463;15330;4.78;0.29;420.47;22.93;1411;83;5266.00;867
13055;43;4979849;13055;583;14466;15334;4.75;0.29;420.42;22.93;1411;83;5267.00;868
13056;43;4979865;13056;582;14466;15334;4.73;0.29;420.45;22.93;1410;83;5268.00;868
13059;43;4979884;13059;585;14466;15334;4.69;0.29;420.57;22.93;1407;83;5269.00;868
13061;43;4979899;13061;583;14466;15334;4.69;0.29;420.65;22.93;1405;83;5270.00;868
13062;43;4979914;13062;592;14470;15340;4.72;0.29;420.66;22.92;1408;83;5271.00;870
13065;43;4979930;13065;604;14470;15340;4.69;0.28;420.62;22.92;1405;83;5272.00;870
13068;43;4979950;13068;606;14470;15340;4.66;0.28;420.62;22.92;1402;83;5273.00;870
13069;43;4979964;13069;606;14471;15343;4.66;0.28;420.60;22.92;1402;83;5274.00;872
13072;43;4979979;13072;602;14471;15343;4.62;0.28;420.59;22.92;1399;83;5275.00;872
13073;43;4979994;13073;606;14471;15343;4.61;0.28;420.58;22.92;1398;83;5276.00;872
13075;43;4980008;13075;607;14471;15344;4.57;0.28;420.60;22.92;1396;83;5277.00;873
13080;43;4980024;13080;605;14472;15345;4.52;0.27;420.64;22.92;1392;83;5278.00;873
13084;43;4980039;13084;614;14472;15345;4.45;0.27;420.93;22.92;1388;83;5279.00;873
13090;43;4980055;13090;614;14490;15371;4.45;0.27;420.86;22.89;1400;83;5280.00;881
13091;43;4980072;13091;605;14491;15371;4.51;0.27;420.84;22.89;1400;83;5281.00;880
13096;43;4980087;13096;598;14493;15371;4.53;0.27;420.96;22.89;1397;83;5282.00;878
13096;43;4980103;13096;592;14493;15372;4.58;0.28;420.96;22.89;1397;83;5283.00;879
13099;43;4980118;13099;588;14493;15372;4.60;0.28;421.07;22.89;1394;83;5284.00;879
13105;43;4980133;13105;588;14496;15376;4.58;0.28;421.14;22.88;1391;83;5285.00;880
13106;43;4980149;13106;588;14496;15376;4.59;0.28;421.13;22.88;1390;83;5286.00;880
13111;43;4980163;13111;582;14499;15379;4.57;0.28;421.22;22.88;1388;83;5287.00;880
13115;43;4980179;13115;573;14500;15380;4.56;0.28;421.31;22.89;1385;83;5288.00;880
13117;43;4980194;13117;572;14500;15380;4.57;0.28;421.28;22.89;1383;83;5289.00;880
13121;43;4980209;13121;570;14500;15380;4.53;0.28;421.29;22.89;1379;83;5290.00;880
13125;43;4980224;13125;574;14500;15380;4.54;0.28;421.36;22.89;1375;83;5291.00;880
13128;43;4980239;13128;580;14509;15392;4.63;0.28;421.45;22.88;1381;83;5292.00;883
13131;43;4980255;13131;579;14509;15392;4.60;0.28;421.47;22.88;1378;83;5293.00;883
13135;43;4980271;13135;575;14509;15392;4.57;0.28;421.64;22.88;1374;83;5294.00;883
13139;43;4980286;13139;582;14509;15392;4.56;0.28;421.67;22.88;1370;83;5295.00;883
13141;43;4980301;13141;580;14509;15392;4.55;0.28;421.65;22.88;1368;83;5296.00;883
13145;43;4980316;13145;582;14509;15392;4.51;0.27;421.73;22.88;1364;83;5297.00;883
13151;43;4980332;13151;581;14509;15393;4.44;0.27;421.86;22.88;1358;83;5298.00;884
13152;43;4980347;13152;583;14509;15393;4.45;0.27;421.98;22.88;1357;83;5299.00;884
13157;43;4980363;13157;584;14513;15399;4.46;0.27;422.13;22.87;1356;83;5300.00;886
13159;43;4980382;13159;577;14513;15400;4.49;0.27;422.11;22.87;1354;83;5301.00;887
13164;43;4980397;13164;582;14513;15400;4.48;0.27;422.13;22.87;1349;83;5302.00;887
13169;43;4980412;13169;578;14513;15400;4.44;0.27;422.18;22.87;1344;83;5303.00;887
13174;43;4980427;13174;578;14516;15404;4.46;0.27;422.14;22.87;1342;83;5304.00;888
13180;43;4980442;13180;582;14516;15404;4.38;0.27;422.24;22.87;1336;83;5305.00;888
13184;43;4980458;13184;580;14516;15404;4.36;0.27;422.27;22.87;1332;83;5306.00;888
13188;43;4980473;13188;587;14517;15405;4.30;0.26;422.27;22.87;1329;83;5307.00;888
13193;43;4980487;13193;587;14520;15409;4.27;0.26;422.39;22.86;1327;83;5308.00;889
13194;43;4980502;13194;600;14520;15409;4.24;0.26;422.41;22.86;1326;83;5309.00;889
13201;43;4980518;13201;593;14523;15415;4.21;0.26;422.38;22.86;1322;83;5310.00;892
13205;43;4980533;13205;593;14523;15415;4.14;0.25;422.40;22.86;1318;83;5311.00;892
13208;43;4980548;13208;592;14525;15415;4.09;0.25;422.43;22.99;1317;83;5312.00;890
13211;43;4980563;13211;580;14526;15415;4.08;0.25;422.43;23.01;1315;83;5313.00;889
13215;43;4980578;13215;590;14528;15419;4.07;0.25;422.58;23.01;1313;83;5314.00;891
13216;43;4980592;13216;583;14529;15419;4.08;0.25;422.55;23.01;1313;83;5315.00;890
13221;43;4980605;13221;580;14529;15419;4.04;0.25;422.58;23.01;1308;83;5316.00;890
13224;43;4980625;13224;583;14529;15419;4.05;0.25;422.66;23.01;1305;83;5317.00;890
13228;43;4980639;13228;581;14529;15420;4.04;0.25;422.68;23.01;1301;83;5318.00;891
13233;43;4980653;13233;578;14530;15421;4.06;0.25;422.61;23.02;1297;83;5319.00;891
13234;43;4980667;13234;571;14530;15421;4.10;0.25;422.61;23.02;1296;83;5320.00;891
13237;43;4980681;13237;574;14532;15422;4.13;0.25;422.76;23.04;1295;83;5321.00;890
13239;43;4980694;13239;577;14532;15422;4.13;0.25;422.79;23.04;1293;83;5322.00;890
13242;43;4980708;13242;576;14533;15422;4.08;0.25;422.89;23.06;1291;83;5323.00;889
13246;43;4980722;13246;581;14533;15422;4.02;0.25;422.92;23.06;1287;83;5324.00;889
13252;43;4980735;13252;572;14533;15422;3.96;0.24;422.85;23.06;1281;83;5325.00;889
13254;43;4980750;13254;582;14533;15422;3.96;0.24;422.95;23.06;1279;83;5326.00;889
13259;43;4980764;13259;590;14534;15422;3.92;0.24;423.01;23.08;1275;83;5327.00;888
13262;43;4980779;13262;596;14599;15549;4.26;0.27;423.05;22.97;1337;83;5328.00;950
13266;43;4980802;13266;603;14605;15550;4.26;0.27;423.05;22.98;1339;83;5329.00;945
13270;43;4980817;13270;590;14610;15550;4.30;0.27;423.07;22.98;1340;83;5330.00;940
13273;43;4980831;13273;581;14611;15550;4.29;0.27;423.07;22.98;1338;83;5331.00;939
13275;43;4980845;13275;582;14614;15550;4.31;0.27;423.23;22.97;1339;83;5332.00;936
13278;43;4980859;13278;589;14619;15550;4.34;0.27;423.21;23.01;1341;83;5333.00;931
13282;43;4980874;13282;585;14620;15550;4.35;0.27;423.19;23.01;1338;83;5334.00;930
13283;43;4980889;13283;593;14622;15550;4.36;0.27;423.17;23.02;1339;83;5335.00;928
13286;43;4980908;13286;580;14624;15551;4.38;0.27;423.17;23.02;1338;83;5336.00;927
13289;43;4980923;13289;575;14627;15552;4.36;0.27;423.21;23.04;1338;83;5337.00;925
13290;43;4980937;13290;577;14629;15552;4.33;0.27;423.20;23.06;1339;83;5338.00;923
13293;43;4980951;13293;574;14631;15553;4.30;0.26;423.16;23.07;1338;83;5339.00;922
13297;43;4980969;13297;573;14633;15553;4.26;0.26;423.17;23.09;1336;83;5340.00;920
13297;43;4980983;13297;570;14635;15553;4.29;0.27;423.17;23.11;1338;83;5341.00;918
13299;43;4980998;13299;571;14638;15553;4.33;0.27;423.13;23.13;1339;83;5342.00;915
13299;43;4981012;13299;574;14643;15557;4.36;0.27;423.13;23.16;1344;83;5343.00;914
13301;43;4981029;13301;577;14645;15557;4.40;0.27;423.11;23.18;1344;83;5344.00;912
13303;43;4981044;13303;583;14647;15557;4.45;0.27;423.07;23.20;1344;83;5345.00;910
13304;43;4981058;13304;583;14649;15560;4.51;0.28;423.07;23.22;1345;83;5346.00;911
13306;43;4981074;13306;579;14651;15560;4.56;0.28;423.10;23.35;1345;83;5347.00;909
13307;43;4981090;13307;580;14652;15560;4.57;0.28;423.09;23.37;1345;83;5348.00;908
13309;43;4981105;13309;578;14656;15564;4.57;0.28;423.15;23.38;1347;83;5349.00;908
13315;43;4981121;13315;579;14658;15565;4.57;0.28;423.04;23.40;1343;83;5350.00;907
13317;43;4981137;13317;587;14658;15565;4.60;0.28;423.11;23.40;1341;83;5351.00;907
13319;43;4981152;13319;585;14662;15569;4.60;0.28;423.12;23.44;1343;83;5352.00;907
13320;43;4981167;13320;584;14662;15569;4.63;0.28;423.11;23.44;1342;83;5353.00;907
13321;43;4981182;13321;584;14664;15569;4.63;0.28;423.08;23.45;1343;84;5354.00;905
13322;43;4981211;13322;574;14665;15571;4.59;0.28;423.07;23.45;1343;84;5355.00;906
13324;43;4981232;13324;577;14666;15571;4.58;0.28;423.09;23.47;1342;85;5356.00;905
13327;43;4981255;13327;574;14671;15577;4.55;0.28;423.00;23.48;1344;85;5357.00;906
13330;43;4981271;13330;571;14672;15577;4.48;0.27;423.02;23.50;1342;85;5358.00;905
13331;43;4981286;13331;561;14673;15577;4.46;0.27;423.03;23.52;1342;85;5359.00;904
13331;43;4981300;13331;551;14675;15578;4.45;0.27;423.03;23.56;1344;85;5360.00;903
13334;43;4981314;13334;547;14675;15578;4.45;0.27;423.05;23.56;1341;85;5361.00;903
13334;43;4981330;13334;545;14677;15578;4.48;0.27;423.05;23.59;1343;85;5362.00;901
13335;43;4981344;13335;546;14677;15578;4.51;0.27;423.04;23.59;1342;85;5363.00;901
13337;43;4981360;13337;550;14688;15590;4.60;0.28;423.16;23.61;1351;85;5364.00;902
13340;43;4981376;13340;548;14688;15590;4.60;0.28;423.26;23.61;1348;85;5365.00;902
13340;43;4981397;13340;550;14688;15590;4.62;0.28;423.26;23.61;1348;85;5366.00;902
13340;43;4981412;13340;546;14690;15590;4.67;0.28;423.26;23.64;1350;85;5367.00;900
13340;43;4981428;13340;546;14690;15590;4.72;0.29;423.26;23.64;1350;85;5368.00;900
13342;43;4981443;13342;550;14692;15590;4.72;0.29;423.25;23.68;1350;85;5369.00;898
13342;43;4981460;13342;543;14695;15594;4.79;0.29;423.25;23.67;1353;85;5370.00;899
13345;43;4981476;13345;536;14697;15594;4.84;0.29;423.32;23.70;1352;85;5371.00;897
13345;43;4981492;13345;532;14700;15598;4.86;0.29;423.32;23.70;1355;85;5372.00;898
13345;43;4981507;13345;528;14702;15599;4.85;0.29;423.32;23.73;1357;85;5373.00;897
13346;43;4981522;13346;529;14702;15599;4.87;0.29;423.32;23.73;1356;85;5374.00;897
13347;43;4981544;13347;518;14704;15599;4.93;0.30;423.32;23.76;1357;85;5375.00;895
13349;43;4981559;13349;505;14715;15612;4.97;0.30;423.29;23.77;1366;85;5376.00;897
13350;43;4981575;13350;501;14716;15612;5.02;0.30;423.28;23.78;1366;85;5377.00;896
13351;43;4981591;13351;497;14717;15612;5.12;0.31;423.31;23.80;1366;85;5378.00;895
13352;43;4981606;13352;490;14719;15613;5.20;0.32;423.33;23.81;1367;85;5379.00;894
13354;43;4981623;13354;480;14719;15614;5.23;0.32;423.32;23.81;1365;85;5380.00;895
13355;43;4981638;13355;466;14720;15614;5.28;0.32;423.33;23.83;1365;85;5381.00;894
13357;43;4981654;13357;463;14722;15617;5.32;0.32;423.39;23.84;1365;85;5382.00;895
13360;43;4981670;13360;448;14724;15617;5.38;0.33;423.43;23.87;1364;85;5383.00;893
13366;43;4981687;13366;444;14725;15617;5.41;0.33;423.59;23.89;1359;85;5384.00;892
13369;43;4981702;13369;440;14727;15617;5.42;0.33;423.56;24.21;1358;85;5385.00;890
13374;43;4981727;13374;442;14734;15623;5.50;0.33;423.55;24.25;1360;85;5386.00;889
13375;43;4981748;13375;443;14734;15623;5.55;0.34;423.60;24.25;1359;85;5387.00;889
13379;43;4981765;13379;443;14736;15623;5.54;0.34;423.55;24.28;1357;85;5388.00;887
13382;43;4981782;13382;442;14736;15623;5.50;0.33;423.60;24.28;1354;85;5389.00;887
13382;43;4981803;13382;445;14741;15627;5.53;0.34;423.60;24.30;1359;85;5390.00;886
13383;43;4981820;13383;436;14743;15628;5.56;0.34;423.60;24.33;1360;85;5391.00;885
13384;43;4981836;13384;438;14744;15628;5.56;0.34;423.60;24.34;1360;85;5392.00;884
13386;43;4981852;13386;437;14745;15629;5.61;0.34;423.60;24.34;1359;85;5393.00;884
13389;43;4981869;13389;441;14745;15629;5.63;0.34;423.66;24.34;1356;85;5394.00;884
13392;43;4981884;13392;453;14747;15629;5.57;0.34;423.71;24.37;1355;85;5395.00;882
13395;43;4981901;13395;453;14750;15629;5.54;0.34;423.73;24.41;1355;85;5396.00;879
13397;43;4981917;13397;456;14750;15629;5.53;0.34;423.75;24.41;1353;85;5397.00;879
13401;43;4981933;13401;460;14750;15629;5.49;0.33;423.73;24.41;1349;85;5398.00;879
13403;43;4981948;13403;460;14751;15629;5.41;0.33;423.74;24.42;1348;85;5399.00;878
