step_arrived;step_collisions;step_duration;step_ended;step_halting;step_inserted;step_loaded;step_meanSpeed;step_meanSpeedRelative;step_meanTravelTime;step_meanWaitingTime;step_running;step_teleports;step_time;step_waiting
0;0;5909923;0;1;88;245;16.15;1.14;-1.00;0.00;88;0;0.00;157
0;0;5909947;0;1;101;245;15.11;1.05;-1.00;0.13;101;0;1.00;144
0;0;5909948;0;1;121;245;14.20;0.97;-1.00;0.44;121;0;2.00;124
0;0;5909949;0;2;134;245;13.50;0.91;-1.00;0.69;134;0;3.00;111
0;0;5909950;0;4;149;245;12.68;0.85;-1.00;1.02;149;0;4.00;96
0;0;5909951;0;8;159;245;11.79;0.79;-1.00;1.27;159;0;5.00;86
0;0;5909952;0;11;172;245;10.97;0.73;-1.00;1.63;172;0;6.00;73
0;0;5909954;0;15;180;245;10.39;0.69;-1.00;1.87;180;0;7.00;65
0;0;5909955;0;20;187;246;9.77;0.65;-1.00;2.10;187;0;8.00;59
0;0;5909958;0;24;196;247;9.31;0.62;-1.00;2.41;196;0;9.00;51
0;0;5909960;0;26;202;247;8.92;0.59;-1.00;2.64;202;0;10.00;45
0;0;5909963;0;29;206;248;8.70;0.57;-1.00;2.75;206;0;11.00;42
1;0;5909965;1;37;209;248;8.42;0.55;12.00;2.89;208;0;12.00;39
2;0;5909968;2;38;212;248;8.31;0.54;12.50;3.03;210;0;13.00;36
2;0;5909971;2;47;215;248;8.21;0.53;12.50;3.18;213;0;14.00;33
2;0;5909975;2;51;222;252;7.96;0.51;12.50;3.43;220;0;15.00;30
2;0;5909978;2;55;223;252;7.88;0.51;12.50;3.48;221;0;16.00;29
2;0;5909980;2;55;226;252;7.96;0.51;12.50;3.63;224;0;17.00;26
2;0;5909982;2;62;232;255;8.09;0.51;12.50;3.87;230;0;18.00;23
3;0;5909986;3;64;234;255;8.15;0.52;14.67;4.00;231;0;19.00;21
3;0;5909990;3;70;234;255;8.30;0.53;14.67;4.00;231;0;20.00;21
4;0;5909994;4;69;240;259;8.38;0.53;16.25;4.09;236;0;21.00;19
5;0;5909999;5;73;242;260;8.37;0.53;17.40;4.15;237;0;22.00;18
6;0;5910003;6;78;246;260;8.19;0.52;18.17;4.40;240;0;23.00;14
6;0;5910006;6;79;249;264;8.15;0.51;18.17;4.44;243;0;24.00;15
6;0;5910010;6;80;251;264;8.17;0.51;18.17;4.51;245;0;25.00;13
6;0;5910013;6;85;253;264;8.18;0.51;18.17;4.51;247;0;26.00;11
6;0;5910017;6;85;253;265;8.31;0.52;18.17;4.51;247;0;27.00;12
6;0;5910021;6;87;254;265;8.41;0.52;18.17;4.61;248;0;28.00;11
6;0;5910026;6;89;259;271;8.49;0.53;18.17;4.54;253;0;29.00;12
7;0;5910032;7;87;259;271;8.42;0.52;19.86;4.54;252;0;30.00;12
9;0;5910035;9;90;262;272;8.19;0.51;22.00;4.73;253;0;31.00;10
9;0;5910039;9;92;263;272;8.23;0.51;22.00;4.83;254;0;32.00;9
10;0;5910046;10;95;264;272;8.23;0.51;23.10;4.94;254;0;33.00;8
10;0;5910050;10;102;264;272;8.35;0.52;23.10;4.94;254;0;34.00;8
11;0;5910056;11;106;266;272;8.37;0.52;23.64;5.13;255;0;35.00;6
12;0;5910061;12;107;277;284;8.58;0.53;24.33;4.99;265;0;36.00;7
12;0;5910065;12;107;277;284;8.49;0.52;24.33;4.99;265;0;37.00;7
12;0;5910068;12;110;279;284;8.44;0.52;24.33;5.03;267;0;38.00;5
12;0;5910071;12;113;279;284;8.40;0.52;24.33;5.03;267;0;39.00;5
12;0;5910074;12;115;281;284;8.35;0.52;24.33;5.02;269;0;40.00;3
15;0;5910077;15;122;281;284;8.15;0.50;27.00;5.02;266;0;41.00;3
15;0;5910080;15;123;285;288;8.20;0.51;27.00;4.96;270;0;42.00;3
16;0;5910083;16;126;285;288;8.08;0.50;26.69;4.96;269;0;43.00;3
18;0;5910086;18;131;289;292;7.97;0.49;27.83;4.91;271;0;44.00;3
18;0;5910090;18;133;291;294;7.86;0.49;27.83;4.88;273;0;45.00;3
18;0;5910093;18;137;291;294;7.74;0.48;27.83;4.88;273;0;46.00;3
18;0;5910095;18;136;291;294;7.71;0.48;27.83;4.88;273;0;47.00;3
18;0;5910098;18;141;302;307;8.05;0.50;27.83;4.70;284;0;48.00;5
19;0;5910102;19;141;302;307;7.96;0.49;28.95;4.70;283;0;49.00;5
19;0;5910105;19;143;302;307;7.82;0.49;28.95;4.70;283;0;50.00;5
19;0;5910107;19;144;303;308;7.73;0.48;28.95;4.69;284;0;51.00;5
19;0;5910110;19;145;304;309;7.56;0.47;28.95;4.67;285;0;52.00;5
21;0;5910113;21;148;304;309;7.43;0.46;29.52;4.67;283;0;53.00;5
21;0;5910116;21;152;306;312;7.43;0.46;29.52;4.64;285;0;54.00;6
21;0;5910120;21;155;306;312;7.28;0.45;29.52;4.64;285;0;55.00;6
22;0;5910123;22;143;307;312;7.24;0.45;30.73;4.64;285;0;56.00;5
25;0;5910126;25;140;307;312;7.05;0.44;32.76;4.64;282;0;57.00;5
26;0;5910128;26;142;311;318;7.08;0.44;33.73;4.59;285;0;58.00;7
27;0;5910132;27;144;311;318;7.07;0.44;34.59;4.59;284;0;59.00;7
29;0;5910137;29;146;311;318;7.11;0.44;36.21;4.59;282;0;60.00;7
30;0;5910140;30;148;312;318;7.11;0.44;37.03;4.59;282;0;61.00;6
31;0;5910143;31;148;316;322;7.15;0.44;37.10;4.54;285;0;62.00;6
32;0;5910146;32;151;317;323;7.34;0.45;37.75;4.53;285;0;63.00;6
33;0;5910149;33;153;317;323;7.40;0.45;37.27;4.53;284;0;64.00;6
34;0;5910152;34;156;318;324;7.50;0.46;37.88;4.52;284;0;65.00;6
34;0;5910155;34;158;318;324;7.58;0.46;37.88;4.52;284;0;66.00;6
34;0;5910157;34;147;318;324;7.71;0.47;37.88;4.52;284;0;67.00;6
35;0;5910160;35;141;318;324;7.79;0.47;38.74;4.52;283;0;68.00;6
36;0;5910163;36;138;318;324;7.90;0.48;39.58;4.52;282;0;69.00;6
36;0;5910166;36;131;318;324;8.01;0.49;39.58;4.52;282;0;70.00;6
36;0;5910169;36;128;318;324;8.17;0.50;39.58;4.52;282;0;71.00;6
36;0;5910172;36;135;352;394;8.39;0.51;39.58;4.08;316;0;72.00;42
36;0;5910180;36;129;353;395;8.49;0.52;39.58;4.07;317;0;73.00;42
36;0;5910183;36;123;359;395;8.75;0.53;39.58;4.04;323;0;74.00;36
36;0;5910187;36;121;361;395;8.95;0.55;39.58;4.03;325;0;75.00;34
36;0;5910190;36;121;365;395;9.20;0.56;39.58;4.03;329;0;76.00;30
37;0;5910193;37;120;368;395;9.45;0.58;40.03;4.04;331;0;77.00;27
37;0;5910196;37;120;371;395;9.54;0.58;40.03;4.05;334;0;78.00;24
37;0;5910199;37;121;374;395;9.62;0.59;40.03;4.08;337;0;79.00;21
39;0;5910203;39;121;377;396;9.65;0.59;41.59;4.11;338;0;80.00;19
39;0;5910206;39;122;378;397;9.62;0.59;41.59;4.10;339;0;81.00;19
41;0;5910210;41;125;379;397;9.58;0.58;43.56;4.12;338;0;82.00;18
41;0;5910218;41;130;384;401;9.45;0.57;43.56;4.10;343;0;83.00;17
41;0;5910222;41;130;385;401;9.44;0.58;43.56;4.10;344;0;84.00;16
41;0;5910225;41;131;385;401;9.38;0.57;43.56;4.10;344;0;85.00;16
42;0;5910229;42;129;385;401;9.28;0.57;44.55;4.10;343;0;86.00;16
43;0;5910232;43;130;390;407;9.14;0.56;45.53;4.06;347;0;87.00;17
43;0;5910237;43;134;390;407;9.02;0.55;45.53;4.06;347;0;88.00;17
45;0;5910241;45;137;390;407;8.81;0.54;47.36;4.06;345;0;89.00;17
46;0;5910246;46;135;394;413;8.65;0.53;48.28;4.02;348;0;90.00;19
48;0;5910250;48;134;394;413;8.52;0.52;50.06;4.02;346;0;91.00;19
49;0;5910253;49;135;396;413;8.52;0.52;50.80;4.01;347;0;92.00;17
49;0;5910257;49;135;397;414;8.51;0.52;50.80;4.00;348;0;93.00;17
50;0;5910261;50;135;398;415;8.52;0.52;51.66;3.99;348;0;94.00;17
52;0;5910265;52;132;398;415;8.45;0.51;51.94;3.99;346;0;95.00;17
54;0;5910269;54;129;409;428;8.35;0.51;53.41;3.89;355;0;96.00;19
57;0;5910274;57;119;409;428;8.31;0.51;55.70;3.89;352;0;97.00;19
58;0;5910277;58;115;412;428;8.31;0.51;56.43;4.26;354;0;98.00;16
58;0;5910282;58;112;413;429;8.54;0.52;56.43;4.25;355;0;99.00;16
59;0;5910287;59;110;413;429;8.76;0.54;57.17;4.25;354;0;100.00;16
60;0;5910295;60;106;416;433;8.97;0.55;57.55;4.23;356;0;101.00;17
61;0;5910299;61;101;416;433;9.10;0.56;58.26;4.23;355;0;102.00;17
61;0;5910304;61;98;420;437;9.22;0.56;58.26;4.20;359;0;103.00;17
63;0;5910309;63;96;420;437;9.47;0.58;59.67;4.20;357;0;104.00;17
65;0;5910313;65;88;420;437;9.66;0.59;61.03;4.20;355;0;105.00;17
66;0;5910317;66;81;420;437;9.89;0.60;61.65;4.20;354;0;106.00;17
66;0;5910320;66;78;420;437;10.09;0.61;61.65;4.20;354;0;107.00;17
66;0;5910325;66;77;431;449;10.25;0.63;61.65;4.09;365;0;108.00;18
67;0;5910330;67;74;432;449;10.41;0.64;62.31;4.08;365;0;109.00;17
67;0;5910334;67;71;432;449;10.56;0.64;62.31;4.08;365;0;110.00;17
67;0;5910339;67;70;432;449;10.65;0.65;62.31;4.08;365;0;111.00;17
67;0;5910348;67;75;433;449;10.77;0.66;62.31;4.33;366;0;112.00;16
68;0;5910353;68;76;433;449;10.92;0.67;63.06;4.33;365;0;113.00;16
69;0;5910358;69;75;434;450;11.05;0.67;63.80;4.32;365;0;114.00;16
71;0;5910363;71;76;435;450;11.03;0.67;65.20;4.58;364;0;115.00;15
72;0;5910367;72;77;442;456;10.97;0.67;65.40;4.71;370;0;116.00;14
74;0;5910375;74;77;444;457;10.80;0.66;66.74;4.85;370;0;117.00;13
75;0;5910381;75;81;444;457;10.72;0.65;67.40;4.85;369;0;118.00;13
75;0;5910386;75;81;446;457;10.59;0.64;67.40;5.09;371;0;119.00;11
75;0;5910393;75;84;451;462;10.59;0.65;67.40;5.14;376;0;120.00;11
76;0;5910398;76;84;453;462;10.72;0.65;68.03;5.34;377;0;121.00;9
76;0;5910404;76;87;454;462;10.86;0.66;68.03;5.43;378;0;122.00;8
79;0;5910409;79;86;456;463;10.95;0.67;69.32;5.52;377;0;123.00;7
80;0;5910414;80;87;462;467;11.01;0.67;70.00;5.66;382;0;124.00;5
80;0;5910420;80;88;463;467;11.12;0.68;70.00;5.71;383;0;125.00;4
81;0;5910426;81;91;465;470;11.30;0.69;70.64;5.68;384;0;126.00;5
82;0;5910432;82;95;468;470;11.34;0.69;70.45;5.79;386;0;127.00;2
82;0;5910438;82;100;470;470;11.48;0.70;70.45;5.79;388;0;128.00;0
84;0;5910443;84;98;470;470;11.50;0.70;70.54;5.79;386;0;129.00;0
84;0;5910449;84;100;474;474;11.66;0.71;70.54;5.75;390;0;130.00;0
84;0;5910455;84;98;474;474;11.65;0.71;70.54;5.75;390;0;131.00;0
84;0;5910462;84;97;474;474;11.68;0.72;70.54;5.75;390;0;132.00;0
84;0;5910467;84;96;474;474;11.73;0.72;70.54;5.75;390;0;133.00;0
86;0;5910473;86;96;475;475;11.85;0.73;71.74;5.74;389;0;134.00;0
87;0;5910478;87;96;477;477;11.86;0.73;72.32;5.72;390;0;135.00;0
90;0;5910484;90;98;477;477;11.84;0.73;74.33;5.72;387;0;136.00;0
91;0;5910491;91;99;478;478;11.76;0.72;74.98;5.71;387;0;137.00;0
92;0;5910496;92;101;478;478;11.74;0.72;75.50;5.71;386;0;138.00;0
94;0;5910502;94;103;478;478;11.68;0.72;76.00;5.71;384;0;139.00;0
95;0;5910509;95;106;478;478;11.64;0.71;76.64;5.71;383;0;140.00;0
97;0;5910514;97;109;478;478;11.60;0.71;77.79;5.71;381;0;141.00;0
98;0;5910521;98;110;478;478;11.50;0.71;78.35;5.71;380;0;142.00;0
100;0;5910526;100;109;478;478;11.33;0.70;78.92;5.71;378;0;143.00;0
102;0;5910531;102;134;553;605;10.91;0.68;80.16;4.94;451;0;144.00;52
105;0;5910545;105;130;557;606;10.73;0.67;82.01;4.91;452;0;145.00;49
107;0;5910551;107;127;565;606;10.72;0.67;83.21;4.87;458;0;146.00;41
110;0;5910556;110;127;569;606;10.72;0.67;84.17;4.86;459;0;147.00;37
111;0;5910562;111;127;575;606;10.74;0.67;84.75;4.85;464;0;148.00;31
114;0;5910568;114;123;577;606;10.66;0.67;86.39;4.85;463;0;149.00;29
117;0;5910576;117;124;582;611;10.61;0.67;87.66;4.84;465;0;150.00;29
118;0;5910584;118;120;584;611;10.68;0.67;88.15;4.84;466;0;151.00;27
120;0;5910590;120;117;587;612;10.74;0.67;88.85;4.86;467;0;152.00;25
122;0;5910596;122;119;590;613;10.76;0.67;88.13;4.88;468;0;153.00;23
123;0;5910602;123;119;592;613;10.71;0.67;87.50;4.90;469;0;154.00;21
125;0;5910608;125;122;596;614;10.71;0.67;87.42;4.92;471;0;155.00;18
126;0;5910615;126;121;600;614;10.62;0.66;87.51;4.95;474;0;156.00;14
127;0;5910621;127;119;602;614;10.55;0.66;87.49;4.98;475;0;157.00;12
132;0;5910627;132;126;605;614;10.35;0.64;88.69;5.01;473;0;158.00;9
134;0;5910632;134;124;608;618;10.27;0.64;89.73;4.99;474;0;159.00;10
136;0;5910639;136;126;610;618;10.16;0.63;90.68;5.03;474;0;160.00;8
138;0;5910645;138;126;611;618;10.05;0.62;91.12;5.02;473;0;161.00;7
140;0;5910651;140;132;614;621;9.84;0.61;92.07;5.06;474;0;162.00;7
143;0;5910657;143;142;614;621;9.63;0.59;92.72;5.06;471;0;163.00;7
143;0;5910662;143;143;616;621;9.52;0.59;92.72;5.08;473;0;164.00;5
143;0;5910667;143;131;620;625;9.44;0.58;92.72;5.08;477;0;165.00;5
144;0;5910673;144;128;622;626;9.48;0.59;93.23;5.10;478;0;166.00;4
148;0;5910679;148;122;622;626;9.46;0.58;93.86;5.10;474;0;167.00;4
149;0;5910684;149;121;628;630;9.49;0.59;94.36;5.09;479;0;168.00;2
150;0;5910692;150;118;629;630;9.47;0.58;94.36;5.11;479;0;169.00;1
151;0;5910698;151;121;630;630;9.47;0.58;94.71;5.11;479;0;170.00;0
152;0;5910704;152;118;631;631;9.54;0.59;94.44;5.10;479;0;171.00;0
153;0;5910709;153;115;631;631;9.59;0.59;94.14;5.10;478;0;172.00;0
154;0;5910715;154;113;637;637;9.66;0.59;94.63;5.06;483;0;173.00;0
156;0;5910721;156;114;637;637;9.68;0.59;94.77;5.06;481;0;174.00;0
157;0;5910727;157;115;638;638;9.65;0.59;95.15;5.06;481;0;175.00;0
157;0;5910733;157;111;638;638;9.65;0.59;95.15;5.06;481;0;176.00;0
159;0;5910739;159;114;638;638;9.64;0.59;95.43;5.06;479;0;177.00;0
160;0;5910744;160;114;638;638;9.63;0.59;95.56;5.06;478;0;178.00;0
160;0;5910750;160;118;638;638;9.64;0.59;95.56;5.06;478;0;179.00;0
164;0;5910758;164;129;666;672;9.77;0.60;96.84;4.85;502;0;180.00;6
165;0;5910768;165;136;668;672;9.84;0.61;96.89;4.83;503;0;181.00;4
166;0;5910774;166;139;670;672;9.91;0.61;96.63;4.83;504;0;182.00;2
169;0;5910780;169;142;672;672;9.92;0.61;96.69;4.82;503;0;183.00;0
172;0;5910787;172;146;672;672;9.87;0.61;97.60;4.82;500;0;184.00;0
175;0;5910793;175;149;672;672;9.84;0.60;97.86;4.82;497;0;185.00;0
176;0;5910799;176;155;676;676;9.75;0.60;98.32;4.80;500;0;186.00;0
177;0;5910806;177;158;676;676;9.53;0.58;98.55;4.80;499;0;187.00;0
178;0;5910811;178;161;680;680;9.43;0.58;98.15;4.78;502;0;188.00;0
180;0;5910818;180;166;681;681;9.33;0.57;98.16;4.77;501;0;189.00;0
184;0;5910825;184;171;681;681;9.15;0.56;98.55;4.77;497;0;190.00;0
187;0;5910831;187;175;681;681;8.89;0.55;98.82;4.77;494;0;191.00;0
188;0;5910837;188;182;694;694;8.89;0.55;98.91;4.68;506;0;192.00;0
191;0;5910844;191;185;694;694;8.85;0.54;99.36;4.68;503;0;193.00;0
191;0;5910850;191;186;694;694;8.85;0.54;99.36;4.68;503;0;194.00;0
193;0;5910856;193;189;695;695;8.77;0.54;99.60;4.67;502;0;195.00;0
194;0;5910861;194;189;696;696;8.67;0.53;99.23;4.67;502;0;196.00;0
195;0;5910867;195;191;696;696;8.55;0.53;98.99;4.67;501;0;197.00;0
196;0;5910873;196;195;698;699;8.41;0.52;98.97;4.65;502;0;198.00;1
199;0;5910878;199;204;698;699;8.18;0.50;99.88;4.65;499;0;199.00;1
204;0;5910885;204;207;699;699;7.94;0.49;100.50;4.65;495;0;200.00;0
205;0;5910896;205;214;699;699;7.77;0.48;100.87;4.65;494;0;201.00;0
207;0;5910901;207;221;705;705;7.71;0.47;100.78;4.62;498;0;202.00;0
208;0;5910908;208;226;705;705;7.54;0.46;100.41;4.62;497;0;203.00;0
208;0;5910912;208;230;705;705;7.38;0.45;100.41;4.62;497;0;204.00;0
209;0;5910917;209;230;705;705;7.26;0.44;100.72;4.62;496;0;205.00;0
210;0;5910923;210;236;709;709;7.22;0.44;100.53;4.60;499;0;206.00;0
211;0;5910928;211;237;710;710;7.20;0.44;101.01;4.59;499;0;207.00;0
211;0;5910933;211;242;710;710;7.15;0.44;101.01;4.59;499;0;208.00;0
213;0;5910939;213;249;711;711;7.11;0.44;101.09;4.59;498;0;209.00;0
215;0;5910945;215;254;711;711;7.02;0.43;100.88;4.59;496;0;210.00;0
216;0;5910950;216;258;711;711;6.96;0.43;100.73;4.59;495;0;211.00;0
216;0;5910955;216;254;711;711;6.91;0.43;100.73;4.59;495;0;212.00;0
218;0;5910962;218;250;711;711;6.86;0.42;101.74;4.59;493;0;213.00;0
219;0;5910970;219;235;711;711;6.87;0.42;102.24;4.59;492;0;214.00;0
222;0;5910977;222;226;711;711;6.98;0.43;102.68;4.59;489;0;215.00;0
224;0;5910982;224;230;754;781;7.25;0.45;103.26;4.33;530;0;216.00;27
226;0;5910994;226;221;755;782;7.36;0.45;103.65;4.32;529;0;217.00;27
227;0;5911001;227;214;762;782;7.61;0.47;104.15;4.30;535;0;218.00;20
228;0;5911007;228;214;763;782;7.74;0.48;104.32;4.30;535;0;219.00;19
229;0;5911019;229;209;766;782;7.92;0.49;104.82;4.30;537;0;220.00;16
229;0;5911026;229;195;769;782;8.11;0.50;104.82;4.30;540;0;221.00;13
229;0;5911033;229;185;771;782;8.32;0.51;104.82;4.30;542;0;222.00;11
229;0;5911039;229;177;773;782;8.43;0.52;104.82;4.31;544;0;223.00;9
230;0;5911051;230;179;775;783;8.52;0.52;105.33;4.32;545;0;224.00;8
232;0;5911058;232;172;778;785;8.53;0.52;106.32;4.33;546;0;225.00;7
233;0;5911070;233;171;780;785;8.65;0.53;106.83;4.34;547;0;226.00;5
235;0;5911077;235;170;786;789;8.66;0.53;106.37;4.34;551;0;227.00;3
236;0;5911084;236;168;789;789;8.77;0.54;106.68;4.35;553;0;228.00;0
236;0;5911091;236;171;789;789;8.90;0.55;106.68;4.35;553;0;229.00;0
236;0;5911098;236;169;789;789;9.00;0.55;106.68;4.35;553;0;230.00;0
239;0;5911104;239;168;795;795;9.08;0.56;107.58;4.33;556;0;231.00;0
239;0;5911113;239;165;795;795;9.09;0.56;107.58;4.33;556;0;232.00;0
243;0;5911120;243;157;795;795;9.16;0.56;108.35;4.33;552;0;233.00;0
247;0;5911127;247;153;797;798;9.17;0.56;109.26;4.31;550;0;234.00;1
249;0;5911134;249;147;797;798;9.24;0.57;109.80;4.31;548;0;235.00;1
250;0;5911141;250;140;798;798;9.36;0.57;109.73;4.31;548;0;236.00;0
252;0;5911148;252;136;799;799;9.39;0.58;110.17;4.31;547;0;237.00;0
255;0;5911154;255;133;800;800;9.47;0.58;111.07;4.30;545;0;238.00;0
257;0;5911161;257;129;800;800;9.55;0.59;111.19;4.30;543;0;239.00;0
259;0;5911169;259;135;825;826;9.57;0.59;111.84;4.17;566;0;240.00;1
263;0;5911177;263;128;825;826;9.63;0.59;112.49;4.17;562;0;241.00;1
265;0;5911183;265;123;826;826;9.80;0.60;112.92;4.17;561;0;242.00;0
267;0;5911189;267;127;827;827;9.90;0.60;113.25;4.17;560;0;243.00;0
271;0;5911196;271;127;827;827;9.92;0.60;113.92;4.17;556;0;244.00;0
273;0;5911203;273;129;831;831;9.97;0.61;114.56;4.15;558;0;245.00;0
275;0;5911209;275;135;831;831;9.97;0.61;114.77;4.15;556;0;246.00;0
276;0;5911215;276;136;835;835;9.89;0.60;114.87;4.14;559;0;247.00;0
277;0;5911223;277;137;835;835;9.89;0.60;115.34;4.14;558;0;248.00;0
277;0;5911229;277;137;835;835;9.86;0.60;115.34;4.14;558;0;249.00;0
278;0;5911235;278;145;835;835;9.85;0.60;115.81;4.14;557;0;250.00;0
279;0;5911243;279;147;835;835;9.84;0.60;116.26;4.14;556;0;251.00;0
280;0;5911249;280;150;846;847;9.85;0.60;116.71;4.08;566;0;252.00;1
281;0;5911257;281;157;846;847;9.85;0.60;116.69;4.08;565;0;253.00;1
282;0;5911263;282;156;847;847;9.78;0.60;116.54;4.08;565;0;254.00;0
283;1;5911269;283;152;847;847;9.79;0.60;116.55;4.08;564;1;255.00;0
285;1;5911286;285;149;847;847;9.83;0.60;116.98;4.08;562;1;256.00;0
286;1;5911292;286;145;847;847;9.83;0.60;116.96;4.08;561;1;257.00;0
288;1;5911298;288;144;848;848;9.88;0.60;117.47;4.08;560;1;258.00;0
289;1;5911305;289;136;848;848;9.94;0.60;117.56;4.08;559;1;259.00;0
290;1;5911311;290;133;854;854;10.01;0.61;118.05;4.05;564;1;260.00;0
292;1;5911317;292;127;855;855;10.16;0.62;118.04;4.05;563;1;261.00;0
294;1;5911325;294;118;855;855;10.26;0.62;118.53;4.05;561;1;262.00;0
298;1;5911335;298;111;855;855;10.31;0.63;119.95;4.05;557;1;263.00;0
301;1;5911345;301;112;859;859;10.39;0.63;120.12;4.03;558;1;264.00;0
302;1;5911353;302;111;859;859;10.49;0.64;120.13;4.03;557;1;265.00;0
305;1;5911364;305;108;859;859;10.59;0.64;120.62;4.03;554;1;266.00;0
312;1;5911372;312;107;860;860;10.72;0.65;120.89;4.03;548;1;267.00;0
315;1;5911383;315;103;864;864;10.73;0.65;121.34;4.01;549;1;268.00;0
321;1;5911395;321;101;864;864;10.82;0.65;121.46;4.01;543;1;269.00;0
323;1;5911408;323;95;868;870;10.97;0.66;121.36;3.99;545;1;270.00;2
323;1;5911416;323;89;869;870;11.11;0.67;121.36;3.99;546;1;271.00;1
325;1;5911426;325;87;870;870;11.18;0.67;121.18;3.99;545;1;272.00;0
327;1;5911435;327;86;870;870;11.28;0.68;121.43;3.99;543;1;273.00;0
328;1;5911444;328;87;874;874;11.32;0.68;121.13;3.97;546;1;274.00;0
328;1;5911457;328;87;874;874;11.41;0.69;121.13;3.97;546;1;275.00;0
328;1;5911468;328;90;874;874;11.44;0.69;121.13;3.97;546;1;276.00;0
329;1;5911480;329;87;874;874;11.39;0.69;121.16;3.97;545;1;277.00;0
331;1;5911490;331;88;875;875;11.31;0.69;121.78;3.97;544;1;278.00;0
332;1;5911499;332;90;876;876;11.28;0.68;121.82;3.97;544;1;279.00;0
332;1;5911511;332;90;876;876;11.20;0.68;121.82;3.97;544;1;280.00;0
334;1;5911520;334;91;877;877;11.18;0.68;121.81;3.96;543;1;281.00;0
334;1;5911529;334;96;877;877;11.16;0.68;121.81;3.96;543;1;282.00;0
336;1;5911539;336;94;877;877;11.08;0.67;122.05;3.96;541;1;283.00;0
337;1;5911548;337;93;877;877;11.02;0.67;122.47;3.96;540;1;284.00;0
337;1;5911558;337;94;877;877;10.91;0.66;122.47;3.96;540;1;285.00;0
337;1;5911570;337;95;877;877;10.95;0.67;122.47;3.96;540;1;286.00;0
337;1;5911581;337;92;877;877;10.97;0.67;122.47;3.96;540;1;287.00;0
338;1;5911593;338;113;947;1004;10.82;0.67;122.25;3.67;609;1;288.00;57
342;1;5911616;342;103;950;1005;10.90;0.68;122.79;3.67;608;1;289.00;55
343;1;5911630;343;99;958;1005;11.02;0.68;123.27;3.65;615;1;290.00;47
343;1;5911643;343;97;960;1005;11.03;0.68;123.27;3.65;617;1;291.00;45
344;1;5911652;344;96;966;1005;11.05;0.68;123.74;3.65;622;1;292.00;39
348;1;5911663;348;97;966;1005;10.99;0.68;124.44;3.65;618;1;293.00;39
349;1;5911676;349;97;970;1005;11.06;0.68;124.85;3.66;621;1;294.00;35
349;1;5911689;349;102;973;1005;11.04;0.68;124.85;3.67;624;1;295.00;32
350;1;5911701;350;100;976;1006;11.18;0.69;125.33;3.69;626;1;296.00;30
352;1;5911712;352;104;981;1007;11.26;0.69;125.34;3.71;629;1;297.00;26
354;1;5911725;354;105;986;1007;11.29;0.70;126.24;3.74;632;1;298.00;21
355;1;5911740;355;106;989;1008;11.27;0.69;126.47;3.77;634;1;299.00;19
359;1;5911754;359;110;994;1014;11.16;0.69;126.92;3.78;635;1;300.00;20
360;1;5911769;360;109;997;1014;11.04;0.68;126.99;3.80;637;1;301.00;17
364;1;5911783;364;116;999;1014;10.93;0.68;127.30;3.81;635;1;302.00;15
369;1;5911792;369;117;1003;1018;10.81;0.67;127.84;3.85;634;1;303.00;15
370;1;5911801;370;118;1006;1018;10.68;0.66;128.31;3.87;636;1;304.00;12
373;1;5911809;373;126;1006;1018;10.54;0.65;128.88;3.87;633;1;305.00;12
375;1;5911817;375;139;1011;1021;10.40;0.64;129.32;3.90;636;1;306.00;10
377;1;5911825;377;146;1013;1021;10.26;0.63;129.94;3.93;636;1;307.00;8
381;1;5911833;381;153;1013;1021;10.11;0.62;130.66;3.93;632;1;308.00;8
382;1;5911841;382;162;1017;1025;10.04;0.62;131.07;3.93;635;1;309.00;8
383;1;5911848;383;166;1019;1026;10.00;0.62;130.97;3.92;636;1;310.00;7
386;1;5911856;386;178;1021;1026;9.90;0.61;132.22;3.93;635;1;311.00;5
390;1;5911864;390;184;1027;1030;9.74;0.60;133.30;3.93;637;1;312.00;3
392;1;5911872;392;193;1028;1030;9.64;0.59;133.94;3.95;636;1;313.00;2
396;1;5911879;396;188;1029;1030;9.52;0.58;133.94;3.95;633;1;314.00;1
397;1;5911887;397;191;1032;1032;9.50;0.58;134.30;3.95;635;1;315.00;0
399;1;5911894;399;195;1032;1032;9.36;0.57;134.46;3.95;633;1;316.00;0
399;1;5911902;399;192;1038;1038;9.27;0.57;134.46;3.94;639;1;317.00;0
401;1;5911910;401;198;1038;1038;9.17;0.56;134.36;3.94;637;1;318.00;0
401;1;5911917;401;197;1039;1039;9.12;0.56;134.36;3.93;638;1;319.00;0
403;1;5911924;403;202;1039;1039;9.02;0.55;134.37;3.93;636;1;320.00;0
406;1;5911932;406;201;1039;1039;8.94;0.55;134.83;3.93;633;1;321.00;0
407;1;5911939;407;207;1039;1039;8.86;0.54;134.76;3.93;632;1;322.00;0
408;1;5911946;408;211;1039;1039;8.85;0.54;134.63;3.93;631;1;323.00;0
409;1;5911954;409;218;1051;1051;8.76;0.54;134.51;3.89;642;1;324.00;0
411;1;5911962;411;216;1051;1051;8.75;0.54;134.64;3.89;640;1;325.00;0
413;1;5911971;413;218;1051;1051;8.74;0.54;134.92;3.89;638;1;326.00;0
415;1;5911984;415;217;1051;1051;8.69;0.53;135.01;3.89;636;1;327.00;0
416;1;5911995;416;224;1051;1051;8.55;0.52;134.84;3.89;635;1;328.00;0
418;1;5912002;418;225;1051;1051;8.40;0.52;135.02;3.89;633;1;329.00;0
422;1;5912011;422;214;1055;1055;8.27;0.51;135.56;3.88;633;1;330.00;0
424;1;5912018;424;212;1055;1055;8.27;0.51;135.80;3.88;631;1;331.00;0
427;1;5912025;427;214;1059;1059;8.28;0.51;136.40;3.87;632;1;332.00;0
432;1;5912032;432;214;1060;1060;8.24;0.51;137.25;3.86;628;1;333.00;0
435;1;5912039;435;213;1060;1060;8.26;0.51;137.90;3.86;625;1;334.00;0
437;1;5912046;437;215;1060;1060;8.28;0.51;138.78;3.86;623;1;335.00;0
441;1;5912053;441;214;1073;1073;8.27;0.51;139.32;3.82;632;1;336.00;0
443;1;5912061;443;217;1073;1073;8.29;0.51;140.17;3.82;630;1;337.00;0
446;1;5912068;446;213;1073;1073;8.26;0.51;141.01;3.82;627;1;338.00;0
447;1;5912076;447;207;1074;1074;8.31;0.51;141.45;3.81;627;1;339.00;0
452;1;5912082;452;208;1075;1075;8.22;0.51;143.22;3.81;623;1;340.00;0
456;1;5912089;456;215;1075;1075;8.13;0.50;143.00;3.81;619;1;341.00;0
458;1;5912098;458;214;1077;1078;8.05;0.50;142.97;3.80;619;1;342.00;1
461;2;5912104;461;219;1077;1078;7.96;0.49;144.05;3.80;616;2;343.00;1
464;2;5912128;464;221;1078;1078;7.89;0.49;144.75;3.80;614;2;344.00;0
468;2;5912136;468;225;1078;1078;7.80;0.48;144.85;3.80;610;2;345.00;0
471;2;5912143;471;228;1084;1084;7.77;0.48;144.97;3.79;613;2;346.00;0
474;2;5912150;474;232;1084;1084;7.74;0.48;145.22;3.79;610;2;347.00;0
478;2;5912156;478;231;1084;1084;7.58;0.47;145.20;3.79;606;2;348.00;0
479;2;5912163;479;232;1084;1084;7.58;0.47;144.97;3.79;605;2;349.00;0
482;2;5912169;482;239;1088;1088;7.56;0.46;144.94;3.78;606;2;350.00;0
483;2;5912175;483;239;1089;1089;7.53;0.46;144.68;3.77;606;2;351.00;0
487;2;5912182;487;243;1089;1089;7.42;0.46;144.83;3.77;602;2;352.00;0
492;2;5912188;492;243;1090;1090;7.25;0.45;145.02;3.77;598;2;353.00;0
495;2;5912194;495;246;1090;1090;7.12;0.44;145.25;3.77;595;2;354.00;0
500;2;5912201;500;252;1090;1090;6.95;0.43;145.80;3.77;590;2;355.00;0
505;2;5912208;505;254;1090;1090;6.77;0.41;146.58;3.77;585;2;356.00;0
506;2;5912214;506;261;1090;1090;6.74;0.41;146.96;3.77;584;2;357.00;0
508;2;5912219;508;264;1090;1090;6.68;0.41;147.08;3.77;582;2;358.00;0
510;2;5912226;510;266;1090;1090;6.67;0.41;146.90;3.77;580;2;359.00;0
512;2;5912233;512;290;1165;1215;6.97;0.44;147.21;3.53;653;2;360.00;50
512;2;5912249;512;276;1170;1216;7.06;0.44;147.21;3.52;658;2;361.00;46
514;2;5912256;514;259;1180;1216;7.22;0.45;147.19;3.50;666;2;362.00;36
515;2;5912263;515;252;1183;1216;7.30;0.45;147.00;3.50;668;2;363.00;33
518;2;5912270;518;247;1188;1216;7.41;0.46;147.13;3.50;670;2;364.00;28
518;2;5912278;518;243;1190;1216;7.54;0.47;147.13;3.51;672;2;365.00;26
520;2;5912286;520;238;1196;1216;7.61;0.47;146.79;3.52;676;2;366.00;20
522;2;5912300;522;236;1198;1216;7.65;0.47;147.00;3.53;676;2;367.00;18
523;2;5912313;523;236;1202;1217;7.70;0.47;147.36;3.54;679;2;368.00;15
523;2;5912321;523;239;1208;1218;7.73;0.47;147.36;3.57;685;2;369.00;10
523;2;5912335;523;234;1211;1218;7.76;0.48;147.36;3.58;688;2;370.00;7
527;2;5912343;527;242;1218;1222;7.66;0.47;147.72;3.58;691;2;371.00;4
528;2;5912356;528;243;1219;1222;7.64;0.47;147.48;3.59;691;2;372.00;3
528;2;5912369;528;247;1219;1222;7.64;0.47;147.48;3.59;691;2;373.00;3
528;2;5912377;528;253;1219;1222;7.60;0.47;147.48;3.59;691;2;374.00;3
530;2;5912385;530;263;1226;1228;7.50;0.46;147.82;3.58;696;2;375.00;2
530;2;5912394;530;270;1226;1228;7.45;0.46;147.82;3.58;696;2;376.00;2
531;2;5912402;531;265;1227;1228;7.42;0.45;147.92;3.59;696;2;377.00;1
533;2;5912416;533;259;1230;1231;7.38;0.45;147.93;3.60;697;2;378.00;1
534;2;5912424;534;259;1231;1231;7.34;0.45;148.12;3.60;697;2;379.00;0
534;2;5912432;534;253;1231;1231;7.30;0.45;148.12;3.60;697;2;380.00;0
535;2;5912441;535;254;1232;1232;7.30;0.44;148.16;3.60;697;2;381.00;0
536;2;5912449;536;252;1233;1233;7.43;0.45;148.26;3.59;697;2;382.00;0
538;2;5912458;538;258;1233;1233;7.48;0.46;148.92;3.59;695;2;383.00;0
539;2;5912467;539;260;1245;1246;7.70;0.47;148.96;3.56;706;2;384.00;1
540;2;5912476;540;263;1246;1246;7.80;0.48;148.86;3.56;706;2;385.00;0
544;2;5912490;544;250;1246;1246;7.82;0.48;149.35;3.56;702;2;386.00;0
547;2;5912500;547;238;1247;1247;7.92;0.48;149.89;3.55;700;2;387.00;0
548;2;5912512;548;232;1247;1247;8.01;0.49;149.95;3.55;699;2;388.00;0
551;2;5912524;551;225;1251;1251;8.06;0.49;150.39;3.55;700;2;389.00;0
552;2;5912538;552;219;1251;1251;8.11;0.49;150.68;3.55;699;2;390.00;0
555;2;5912549;555;221;1255;1255;8.07;0.49;150.66;3.54;700;2;391.00;0
556;2;5912562;556;221;1255;1255;8.10;0.49;150.95;3.54;699;2;392.00;0
558;2;5912573;558;221;1255;1255;8.15;0.50;151.04;3.54;697;2;393.00;0
559;2;5912583;559;221;1255;1255;8.24;0.50;151.26;3.54;696;2;394.00;0
561;2;5912594;561;222;1255;1255;8.34;0.51;151.29;3.54;694;2;395.00;0
563;2;5912604;563;217;1265;1267;8.52;0.52;151.72;3.51;702;2;396.00;2
564;2;5912616;564;213;1265;1267;8.64;0.53;151.68;3.51;701;2;397.00;2
566;2;5912628;566;208;1267;1267;8.78;0.54;151.99;3.51;701;2;398.00;0
568;2;5912639;568;205;1267;1267;8.83;0.54;152.18;3.51;699;2;399.00;0
569;2;5912650;569;199;1267;1267;8.90;0.54;152.41;3.51;698;2;400.00;0
570;2;5912665;570;200;1267;1267;9.03;0.55;152.64;3.51;697;2;401.00;0
571;2;5912675;571;197;1268;1268;9.03;0.55;152.75;3.51;697;2;402.00;0
573;2;5912684;573;190;1268;1268;9.12;0.56;153.08;3.51;695;2;403.00;0
575;2;5912694;575;185;1274;1274;9.21;0.56;153.22;3.49;699;2;404.00;0
579;2;5912704;579;184;1276;1276;9.26;0.56;153.28;3.49;697;2;405.00;0
582;2;5912714;582;184;1276;1276;9.29;0.57;153.84;3.49;694;2;406.00;0
583;2;5912723;583;178;1276;1276;9.37;0.57;153.78;3.49;693;2;407.00;0
584;2;5912733;584;182;1280;1280;9.36;0.57;154.21;3.48;696;2;408.00;0
585;2;5912745;585;180;1280;1280;9.37;0.57;154.08;3.48;695;2;409.00;0
586;2;5912755;586;180;1280;1280;9.39;0.57;154.46;3.48;694;2;410.00;0
588;2;5912764;588;186;1281;1281;9.46;0.58;154.96;3.48;693;2;411.00;0
589;2;5912775;589;188;1285;1285;9.53;0.58;155.27;3.47;696;2;412.00;0
591;2;5912786;591;188;1285;1285;9.60;0.58;155.71;3.47;694;2;413.00;0
594;2;5912795;594;187;1287;1288;9.68;0.59;156.69;3.46;693;2;414.00;1
596;2;5912805;596;188;1287;1288;9.75;0.59;156.97;3.46;691;2;415.00;1
598;2;5912814;598;185;1288;1288;9.74;0.59;157.46;3.46;690;2;416.00;0
599;2;5912823;599;186;1288;1288;9.74;0.59;157.54;3.46;689;2;417.00;0
601;2;5912832;601;188;1292;1292;9.78;0.60;157.55;3.45;691;2;418.00;0
604;2;5912841;604;192;1292;1292;9.72;0.59;158.29;3.45;688;2;419.00;0
605;2;5912851;605;190;1292;1292;9.74;0.60;158.65;3.45;687;2;420.00;0
611;2;5912859;611;184;1292;1292;9.68;0.59;159.23;3.45;681;2;421.00;0
614;2;5912868;614;177;1293;1293;9.62;0.59;159.33;3.45;679;2;422.00;0
620;2;5912876;620;176;1294;1294;9.60;0.59;159.82;3.45;674;2;423.00;0
621;2;5912885;621;169;1294;1294;9.61;0.59;159.70;3.45;673;2;424.00;0
630;2;5912893;630;162;1295;1295;9.59;0.59;161.20;3.45;665;2;425.00;0
635;2;5912903;635;157;1295;1295;9.69;0.59;162.11;3.45;660;2;426.00;0
636;2;5912912;636;144;1295;1295;9.83;0.60;162.07;3.45;659;2;427.00;0
639;2;5912921;639;142;1295;1295;9.97;0.61;162.38;3.45;656;2;428.00;0
639;2;5912930;639;134;1295;1295;10.14;0.62;162.38;3.45;656;2;429.00;0
644;2;5912938;644;131;1295;1295;10.23;0.63;162.92;3.45;651;2;430.00;0
649;2;5912947;649;125;1295;1295;10.31;0.63;163.41;3.45;646;2;431.00;0
654;2;5912955;654;146;1366;1422;10.04;0.62;163.53;3.27;712;2;432.00;56
657;2;5912975;657;134;1369;1423;10.12;0.63;164.42;3.27;712;2;433.00;54
664;2;5912984;664;117;1375;1423;10.22;0.63;164.78;3.26;711;2;434.00;48
667;2;5912993;667;113;1378;1423;10.29;0.63;165.16;3.26;711;2;435.00;45
668;2;5913003;668;108;1386;1423;10.39;0.64;165.46;3.26;718;2;436.00;37
672;2;5913011;672;106;1388;1423;10.42;0.64;165.86;3.27;716;2;437.00;35
673;2;5913020;673;102;1391;1423;10.47;0.64;166.00;3.27;718;2;438.00;32
676;2;5913029;676;98;1395;1423;10.58;0.65;166.27;3.28;719;2;439.00;28
680;2;5913038;680;97;1397;1424;10.67;0.65;167.13;3.29;717;2;440.00;27
684;3;5913048;684;104;1403;1425;10.69;0.65;167.53;3.31;719;3;441.00;22
688;3;5913069;688;99;1405;1425;10.77;0.66;167.96;3.32;717;3;442.00;20
691;3;5913078;691;96;1409;1426;10.76;0.66;168.66;3.34;718;3;443.00;17
695;3;5913087;695;99;1411;1426;10.75;0.66;169.21;3.36;716;3;444.00;15
699;3;5913097;699;96;1413;1426;10.66;0.65;169.75;3.37;714;3;445.00;13
702;3;5913106;702;102;1417;1426;10.51;0.64;169.97;3.40;715;3;446.00;9
706;3;5913115;706;104;1422;1430;10.37;0.63;170.12;3.42;716;3;447.00;8
708;3;5913129;708;112;1423;1430;10.21;0.62;170.47;3.42;715;3;448.00;7
710;3;5913143;710;120;1424;1430;10.09;0.62;171.00;3.43;714;3;449.00;6
712;3;5913153;712;119;1429;1436;10.03;0.61;171.18;3.43;717;3;450.00;7
715;3;5913163;715;122;1430;1436;9.88;0.60;171.72;3.44;715;3;451.00;6
717;3;5913177;717;128;1432;1436;9.85;0.60;171.89;3.44;715;3;452.00;4
720;3;5913186;720;134;1434;1440;9.78;0.60;172.23;3.43;714;3;453.00;6
723;3;5913196;723;138;1437;1441;9.83;0.60;172.33;3.44;714;3;454.00;4
725;3;5913205;725;143;1437;1441;9.87;0.60;172.52;3.44;712;3;455.00;4
729;3;5913214;729;142;1440;1445;9.92;0.61;172.65;3.43;711;3;456.00;5
732;3;5913225;732;152;1440;1445;9.91;0.61;172.63;3.43;708;3;457.00;5
734;3;5913235;734;154;1440;1445;9.96;0.61;172.88;3.43;706;3;458.00;5
739;3;5913244;739;160;1442;1446;9.88;0.60;173.42;3.45;703;3;459.00;4
739;3;5913253;739;166;1443;1446;9.88;0.60;173.42;3.46;704;3;460.00;3
741;3;5913262;741;172;1450;1452;9.83;0.60;173.32;3.45;709;3;461.00;2
743;3;5913272;743;174;1450;1452;9.80;0.60;173.56;3.45;707;3;462.00;2
744;3;5913281;744;183;1451;1453;9.71;0.59;173.57;3.46;707;3;463.00;2
746;3;5913289;746;187;1451;1453;9.62;0.59;173.62;3.46;705;3;464.00;2
747;3;5913298;747;194;1453;1453;9.50;0.58;173.71;3.46;706;3;465.00;0
751;3;5913306;751;195;1453;1453;9.37;0.57;173.67;3.46;702;3;466.00;0
751;3;5913315;751;194;1453;1453;9.25;0.57;173.67;3.46;702;3;467.00;0
751;3;5913324;751;208;1463;1465;9.22;0.56;173.67;3.44;712;3;468.00;2
751;3;5913332;751;212;1463;1465;9.17;0.56;173.67;3.44;712;3;469.00;2
753;3;5913341;753;217;1465;1465;9.10;0.56;173.61;3.43;712;3;470.00;0
756;3;5913349;756;224;1465;1465;9.06;0.56;174.04;3.43;709;3;471.00;0
757;3;5913356;757;231;1465;1465;8.97;0.55;173.96;3.43;708;3;472.00;0
757;3;5913364;757;235;1465;1465;8.90;0.55;173.96;3.43;708;3;473.00;0
759;3;5913372;759;243;1469;1469;8.79;0.54;173.90;3.43;710;3;474.00;0
761;3;5913380;761;254;1469;1469;8.68;0.53;173.78;3.43;708;3;475.00;0
761;3;5913388;761;260;1473;1473;8.61;0.53;173.78;3.42;712;3;476.00;0
762;3;5913396;762;274;1474;1474;8.44;0.52;173.73;3.42;712;3;477.00;0
765;3;5913404;765;278;1474;1474;8.26;0.51;174.13;3.42;709;3;478.00;0
769;3;5913411;769;275;1474;1474;8.13;0.50;173.52;3.42;705;3;479.00;0
769;3;5913420;769;280;1495;1500;8.08;0.50;173.52;3.37;726;3;480.00;5
771;3;5913431;771;275;1497;1500;8.11;0.50;173.48;3.37;726;3;481.00;3
773;3;5913439;773;278;1500;1500;8.14;0.50;173.35;3.36;727;3;482.00;0
776;3;5913446;776;277;1501;1501;8.17;0.50;173.10;3.36;725;3;483.00;0
777;3;5913454;777;275;1502;1502;8.20;0.50;172.91;3.36;725;3;484.00;0
779;3;5913461;779;274;1502;1502;8.19;0.50;172.97;3.36;723;3;485.00;0
784;3;5913469;784;275;1504;1505;8.16;0.50;173.09;3.36;720;3;486.00;1
788;3;5913478;788;278;1504;1505;8.09;0.49;172.89;3.36;716;3;487.00;1
789;3;5913486;789;277;1505;1505;8.06;0.49;172.79;3.36;716;3;488.00;0
790;3;5913493;790;278;1505;1505;8.02;0.49;172.73;3.36;715;3;489.00;0
793;3;5913500;793;277;1511;1511;8.01;0.49;172.48;3.35;718;3;490.00;0
793;3;5913508;793;276;1511;1511;7.98;0.49;172.48;3.35;718;3;491.00;0
795;3;5913515;795;276;1511;1511;7.86;0.48;172.31;3.35;716;3;492.00;0
799;3;5913522;799;276;1511;1511;7.65;0.47;172.87;3.35;712;3;493.00;0
802;3;5913528;802;278;1515;1515;7.49;0.46;172.81;3.34;713;3;494.00;0
805;3;5913536;805;273;1517;1517;7.32;0.45;173.29;3.34;712;3;495.00;0
807;3;5913543;807;271;1517;1517;7.21;0.44;173.56;3.34;710;3;496.00;0
810;3;5913550;810;266;1518;1518;7.18;0.44;173.59;3.33;708;3;497.00;0
812;3;5913558;812;266;1518;1518;7.18;0.44;173.94;3.33;706;3;498.00;0
814;3;5913565;814;268;1518;1518;7.16;0.44;174.17;3.33;704;3;499.00;0
815;3;5913574;815;265;1518;1518;7.22;0.44;174.57;3.33;703;3;500.00;0
819;3;5913585;819;265;1518;1518;7.23;0.44;175.24;3.33;699;3;501.00;0
819;3;5913593;819;264;1518;1518;7.34;0.45;175.24;3.33;699;3;502.00;0
822;3;5913600;822;263;1518;1518;7.37;0.45;175.34;3.33;696;3;503.00;0
823;3;5913607;823;263;1555;1588;7.64;0.47;175.55;3.25;732;3;504.00;33
824;3;5913620;824;260;1559;1589;7.67;0.47;175.37;3.25;735;3;505.00;30
825;3;5913628;825;257;1568;1589;7.67;0.47;175.19;3.24;743;3;506.00;21
828;3;5913636;828;261;1569;1589;7.61;0.47;175.14;3.24;741;3;507.00;20
828;3;5913644;828;250;1572;1589;7.61;0.47;175.14;3.24;744;3;508.00;17
832;3;5913651;832;251;1572;1589;7.53;0.46;175.35;3.24;740;3;509.00;17
834;3;5913661;834;243;1576;1589;7.49;0.46;175.29;3.25;742;3;510.00;13
835;3;5913670;835;249;1577;1589;7.43;0.45;175.60;3.25;742;3;511.00;12
837;3;5913678;837;251;1580;1590;7.41;0.45;175.83;3.26;743;3;512.00;10
838;3;5913686;838;246;1583;1591;7.36;0.45;175.79;3.27;745;3;513.00;8
842;3;5913694;842;245;1586;1591;7.27;0.44;175.75;3.28;744;3;514.00;5
845;3;5913707;845;252;1593;1595;7.25;0.44;175.74;3.29;748;3;515.00;2
846;3;5913716;846;260;1595;1595;7.20;0.44;175.88;3.29;749;3;516.00;0
851;3;5913724;851;254;1595;1595;7.20;0.44;176.25;3.29;744;3;517.00;0
852;3;5913732;852;257;1595;1595;7.27;0.44;176.39;3.29;743;3;518.00;0
859;4;5913741;859;250;1601;1601;7.27;0.44;176.92;3.29;742;4;519.00;0
861;4;5913760;861;250;1601;1601;7.34;0.45;176.85;3.29;740;4;520.00;0
864;4;5913770;864;250;1601;1601;7.38;0.45;177.25;3.29;737;4;521.00;0
865;4;5913784;865;250;1603;1604;7.46;0.45;177.56;3.28;738;4;522.00;1
868;4;5913793;868;257;1603;1604;7.46;0.45;178.13;3.28;735;4;523.00;1
870;4;5913801;870;253;1604;1604;7.52;0.46;178.47;3.28;734;4;524.00;0
872;4;5913810;872;248;1605;1605;7.53;0.46;178.77;3.28;733;4;525.00;0
875;4;5913819;875;247;1606;1606;7.58;0.46;178.87;3.28;731;4;526.00;0
879;4;5913828;879;244;1606;1606;7.57;0.46;179.38;3.28;727;4;527.00;0
883;4;5913837;883;246;1619;1619;7.64;0.46;179.68;3.25;736;4;528.00;0
888;4;5913846;888;241;1619;1619;7.57;0.46;180.08;3.25;731;4;529.00;0
889;4;5913855;889;242;1619;1619;7.58;0.46;180.23;3.25;730;4;530.00;0
893;4;5913864;893;245;1620;1620;7.51;0.46;180.50;3.25;727;4;531.00;0
894;4;5913873;894;247;1620;1620;7.55;0.46;180.35;3.25;726;4;532.00;0
895;4;5913881;895;247;1624;1624;7.61;0.46;180.59;3.24;729;4;533.00;0
897;4;5913890;897;243;1624;1624;7.61;0.46;180.77;3.24;727;4;534.00;0
899;4;5913899;899;247;1628;1628;7.58;0.46;180.75;3.24;729;4;535.00;0
902;4;5913908;902;243;1628;1628;7.49;0.46;180.74;3.24;726;4;536.00;0
906;4;5913916;906;246;1628;1628;7.38;0.45;180.73;3.24;722;4;537.00;0
906;4;5913924;906;247;1628;1628;7.29;0.44;180.73;3.24;722;4;538.00;0
908;4;5913934;908;246;1628;1628;7.20;0.44;180.76;3.24;720;4;539.00;0
909;4;5913943;909;257;1658;1662;7.27;0.44;180.76;3.18;749;4;540.00;4
911;4;5913953;911;255;1659;1662;7.24;0.44;180.83;3.18;748;4;541.00;3
913;4;5913962;913;249;1661;1662;7.22;0.44;180.86;3.18;748;4;542.00;1
914;4;5913971;914;246;1661;1662;7.22;0.44;180.86;3.18;747;4;543.00;1
915;4;5913979;915;237;1662;1662;7.24;0.44;180.99;3.18;747;4;544.00;0
919;4;5913988;919;239;1662;1662;7.19;0.44;181.61;3.18;743;4;545.00;0
920;4;5913997;920;231;1663;1663;7.24;0.44;181.61;3.18;743;4;546.00;0
921;4;5914005;921;238;1663;1663;7.23;0.44;181.80;3.18;742;4;547.00;0
923;4;5914019;923;236;1669;1669;7.31;0.45;181.93;3.17;746;4;548.00;0
926;4;5914028;926;233;1670;1670;7.36;0.45;181.77;3.17;744;4;549.00;0
930;4;5914037;930;231;1670;1670;7.39;0.45;182.29;3.17;740;4;550.00;0
934;4;5914046;934;217;1670;1670;7.50;0.46;182.55;3.17;736;4;551.00;0
936;4;5914060;936;209;1674;1674;7.60;0.46;182.66;3.16;738;4;552.00;0
936;4;5914069;936;208;1674;1674;7.72;0.47;182.66;3.16;738;4;553.00;0
937;4;5914078;937;208;1674;1674;7.84;0.48;182.75;3.16;737;4;554.00;0
938;4;5914088;938;209;1675;1675;7.97;0.49;182.69;3.16;737;4;555.00;0
938;4;5914097;938;212;1679;1679;8.00;0.49;182.69;3.15;741;4;556.00;0
941;4;5914106;941;208;1679;1679;8.01;0.49;182.85;3.15;738;4;557.00;0
943;4;5914116;943;209;1681;1682;8.08;0.49;183.18;3.15;738;4;558.00;1
947;4;5914125;947;209;1681;1682;8.12;0.49;183.54;3.15;734;4;559.00;1
950;4;5914135;950;206;1682;1682;8.12;0.49;183.90;3.15;732;4;560.00;0
953;4;5914145;953;209;1682;1682;8.17;0.50;184.38;3.15;729;4;561.00;0
957;4;5914154;957;208;1686;1686;8.24;0.50;185.08;3.14;729;4;562.00;0
960;4;5914164;960;201;1686;1686;8.24;0.50;185.44;3.14;726;4;563.00;0
963;4;5914174;963;206;1686;1686;8.23;0.50;185.95;3.14;723;4;564.00;0
965;4;5914183;965;199;1686;1686;8.30;0.51;186.39;3.14;721;4;565.00;0
968;4;5914192;968;199;1687;1687;8.39;0.51;186.77;3.14;719;4;566.00;0
971;4;5914201;971;198;1688;1688;8.45;0.52;187.22;3.14;717;4;567.00;0
973;4;5914210;973;192;1688;1688;8.57;0.52;187.30;3.14;715;4;568.00;0
974;4;5914218;974;191;1689;1689;8.73;0.53;187.25;3.14;715;4;569.00;0
975;4;5914228;975;190;1689;1689;8.87;0.54;187.35;3.14;714;4;570.00;0
979;4;5914237;979;191;1689;1689;8.98;0.55;187.74;3.14;710;4;571.00;0
981;4;5914246;981;194;1689;1689;9.02;0.55;187.86;3.14;708;4;572.00;0
985;4;5914254;985;192;1689;1689;9.02;0.55;188.18;3.14;704;4;573.00;0
991;4;5914262;991;195;1689;1689;9.00;0.55;188.52;3.14;698;4;574.00;0
997;4;5914271;997;193;1689;1689;9.05;0.55;189.16;3.14;692;4;575.00;0
999;4;5914279;999;223;1772;1816;8.85;0.54;189.75;2.99;773;4;576.00;44
1003;4;5914303;1003;208;1773;1817;8.83;0.54;190.38;2.99;770;4;577.00;44
1004;4;5914312;1004;202;1777;1817;8.97;0.55;190.76;2.99;773;4;578.00;40
1005;4;5914321;1005;197;1777;1817;9.05;0.56;190.93;2.99;772;4;579.00;40
1008;4;5914329;1008;198;1783;1817;9.16;0.56;191.45;2.99;775;4;580.00;34
1011;4;5914339;1011;201;1783;1817;9.15;0.56;191.97;2.99;772;4;581.00;34
1011;4;5914348;1011;198;1788;1817;9.16;0.56;191.97;3.00;777;4;582.00;29
1015;4;5914357;1015;210;1791;1817;9.20;0.56;192.19;3.01;776;4;583.00;26
1018;4;5914366;1018;218;1793;1818;9.15;0.56;192.38;3.01;775;4;584.00;25
1019;4;5914375;1019;215;1797;1820;9.10;0.56;192.39;3.02;778;4;585.00;23
1019;4;5914385;1019;215;1800;1820;9.11;0.56;192.39;3.03;781;4;586.00;20
1019;4;5914393;1019;214;1802;1821;9.10;0.56;192.39;3.04;783;4;587.00;19
1019;4;5914403;1019;215;1807;1821;9.08;0.56;192.39;3.06;788;4;588.00;14
1020;4;5914412;1020;210;1809;1821;9.15;0.56;192.49;3.07;789;4;589.00;12
1022;4;5914420;1022;210;1811;1821;9.12;0.56;192.78;3.09;789;4;590.00;10
1022;4;5914429;1022;205;1814;1825;9.18;0.56;192.78;3.10;792;4;591.00;11
1027;4;5914439;1027;196;1816;1825;9.18;0.56;193.61;3.11;789;4;592.00;9
1029;4;5914448;1029;197;1818;1825;9.15;0.56;194.02;3.12;789;4;593.00;7
1036;4;5914457;1036;191;1820;1828;9.03;0.55;194.81;3.11;784;4;594.00;8
1040;4;5914467;1040;194;1821;1828;8.95;0.55;195.39;3.12;781;4;595.00;7
1043;4;5914476;1043;199;1822;1828;8.85;0.54;195.87;3.13;779;4;596.00;6
1045;4;5914484;1045;195;1826;1832;8.80;0.54;196.39;3.13;781;4;597.00;6
1049;4;5914493;1049;199;1827;1833;8.80;0.54;197.34;3.13;778;4;598.00;6
1057;4;5914501;1057;198;1830;1833;8.69;0.53;198.14;3.15;773;4;599.00;3
1059;4;5914514;1059;199;1841;1859;8.62;0.53;198.41;3.13;782;4;600.00;18
1066;4;5914534;1066;188;1844;1859;8.52;0.52;198.99;3.13;778;4;601.00;15
1068;4;5914548;1068;188;1845;1859;8.52;0.52;198.93;3.12;777;4;602.00;14
1074;4;5914556;1074;187;1846;1860;8.49;0.52;199.21;3.12;772;4;603.00;14
1076;4;5914565;1076;191;1846;1860;8.51;0.52;199.02;3.12;770;4;604.00;14
1078;4;5914574;1078;195;1852;1866;8.50;0.52;199.46;3.12;774;4;605.00;14
1081;4;5914588;1081;203;1852;1866;8.42;0.51;199.18;3.12;771;4;606.00;14
1083;4;5914597;1083;204;1855;1867;8.38;0.51;199.26;3.12;772;4;607.00;12
1084;4;5914605;1084;202;1856;1867;8.31;0.51;199.56;3.12;772;4;608.00;11
1088;4;5914614;1088;206;1856;1867;8.23;0.50;200.36;3.12;768;4;609.00;11
1091;4;5914623;1091;208;1856;1867;8.16;0.50;200.56;3.12;765;4;610.00;11
1094;4;5914631;1094;215;1858;1867;8.04;0.49;200.86;3.15;764;4;611.00;9
1097;5;5914640;1097;225;1870;1879;7.96;0.48;201.35;3.14;773;5;612.00;9
1098;5;5914665;1098;225;1871;1879;7.87;0.48;201.38;3.14;773;5;613.00;8
1098;5;5914674;1098;217;1873;1879;7.87;0.48;201.38;3.15;775;5;614.00;6
1099;5;5914683;1099;223;1873;1879;7.92;0.48;201.48;3.15;774;5;615.00;6
1101;5;5914691;1101;225;1873;1879;7.97;0.49;201.47;3.15;772;5;616.00;6
1101;5;5914700;1101;227;1875;1879;7.97;0.49;201.47;3.17;774;5;617.00;4
1102;5;5914709;1102;227;1878;1883;7.99;0.49;201.58;3.16;776;5;618.00;5
1103;5;5914717;1103;234;1878;1883;8.03;0.49;201.62;3.16;775;5;619.00;5
1104;5;5914726;1104;239;1882;1887;8.11;0.49;201.59;3.16;778;5;620.00;5
1107;5;5914735;1107;240;1883;1888;8.17;0.50;201.45;3.16;776;5;621.00;5
1108;5;5914744;1108;243;1883;1888;8.21;0.50;201.37;3.16;775;5;622.00;5
1113;5;5914754;1113;250;1885;1888;8.16;0.50;201.24;3.18;772;5;623.00;3
1113;5;5914763;1113;255;1894;1901;8.10;0.49;201.24;3.16;781;5;624.00;7
1116;5;5914773;1116;256;1895;1901;8.01;0.49;200.94;3.16;779;5;625.00;6
1118;5;5914782;1118;258;1896;1901;7.94;0.48;200.82;3.16;778;5;626.00;5
1120;5;5914791;1120;262;1898;1902;7.91;0.48;200.89;3.16;778;5;627.00;4
1121;5;5914800;1121;270;1899;1903;7.91;0.48;200.82;3.16;778;5;628.00;4
1121;5;5914808;1121;278;1902;1903;7.98;0.49;200.82;3.18;781;5;629.00;1
1124;5;5914820;1124;280;1906;1909;7.99;0.49;200.86;3.18;782;5;630.00;3
1126;5;5914829;1126;284;1907;1909;7.99;0.49;200.73;3.18;781;5;631.00;2
1126;5;5914837;1126;292;1909;1909;8.00;0.49;200.73;3.18;783;5;632.00;0
1128;5;5914845;1128;296;1909;1909;7.95;0.49;200.65;3.18;781;5;633.00;0
1130;5;5914853;1130;303;1915;1915;7.93;0.49;200.51;3.17;785;5;634.00;0
1131;5;5914861;1131;304;1915;1915;7.90;0.48;200.57;3.17;784;5;635.00;0
1134;5;5914870;1134;310;1915;1915;7.78;0.48;200.45;3.17;781;5;636.00;0
1135;5;5914877;1135;318;1915;1915;7.69;0.47;200.33;3.17;780;5;637.00;0
1137;5;5914886;1137;323;1919;1919;7.63;0.47;200.24;3.17;782;5;638.00;0
1138;5;5914894;1138;329;1920;1920;7.59;0.47;200.14;3.17;782;5;639.00;0
1139;5;5914902;1139;337;1920;1920;7.54;0.46;200.02;3.17;781;5;640.00;0
1142;5;5914909;1142;338;1921;1921;7.50;0.46;199.82;3.16;779;5;641.00;0
1145;5;5914917;1145;346;1921;1921;7.36;0.45;199.54;3.16;776;5;642.00;0
1146;5;5914925;1146;347;1921;1921;7.26;0.45;199.49;3.16;775;5;643.00;0
1147;5;5914932;1147;348;1921;1921;7.22;0.44;199.41;3.16;774;5;644.00;0
1147;5;5914941;1147;345;1921;1921;7.18;0.44;199.41;3.16;774;5;645.00;0
1149;5;5914949;1149;346;1921;1921;7.07;0.43;199.24;3.16;772;5;646.00;0
1151;5;5914956;1151;342;1921;1921;7.02;0.43;199.13;3.16;770;5;647.00;0
1154;5;5914963;1154;351;1960;1991;7.13;0.44;199.11;3.10;806;5;648.00;31
1156;5;5914977;1156;348;1963;1992;7.07;0.43;198.95;3.10;807;5;649.00;29
1158;5;5914985;1158;341;1970;1992;7.06;0.43;198.99;3.09;812;5;650.00;22
1160;5;5914994;1160;337;1975;1992;6.99;0.43;198.99;3.09;815;5;651.00;17
1163;5;5915006;1163;338;1979;1992;6.88;0.42;198.81;3.10;816;5;652.00;13
1163;5;5915014;1163;342;1981;1992;6.80;0.42;198.81;3.10;818;5;653.00;11
1165;5;5915022;1165;344;1985;1992;6.77;0.41;198.93;3.10;820;5;654.00;7
1166;5;5915031;1166;337;1988;1992;6.72;0.41;198.93;3.11;822;5;655.00;4
1168;5;5915042;1168;320;1990;1993;6.63;0.40;198.65;3.11;822;5;656.00;3
1169;5;5915053;1169;311;1993;1994;6.61;0.40;198.74;3.12;824;5;657.00;1
1171;5;5915062;1171;307;1993;1994;6.56;0.40;198.81;3.12;822;5;658.00;1
1173;5;5915070;1173;307;1998;1998;6.43;0.39;198.96;3.11;825;5;659.00;0
1176;5;5915081;1176;303;1998;1998;6.42;0.39;199.01;3.11;822;5;660.00;0
1178;5;5915092;1178;295;1998;1998;6.41;0.39;199.12;3.11;820;5;661.00;0
1181;5;5915116;1181;290;1998;1998;6.44;0.40;199.31;3.11;817;5;662.00;0
1183;5;5915127;1183;287;2004;2004;6.54;0.40;199.25;3.11;821;5;663.00;0
1186;5;5915137;1186;286;2004;2004;6.63;0.41;199.60;3.11;818;5;664.00;0
1189;5;5915146;1189;287;2004;2004;6.69;0.41;199.66;3.11;815;5;665.00;0
1192;6;5915154;1192;287;2006;2007;6.70;0.41;199.92;3.11;814;6;666.00;1
1194;6;5915178;1194;273;2006;2007;6.75;0.41;199.86;3.11;812;6;667.00;1
1197;6;5915186;1197;267;2007;2007;6.81;0.42;200.07;3.10;810;6;668.00;0
1199;6;5915200;1199;259;2008;2008;6.89;0.42;200.00;3.10;809;6;669.00;0
1200;6;5915213;1200;254;2009;2009;7.00;0.43;200.09;3.10;809;6;670.00;0
1203;6;5915223;1203;245;2009;2009;7.09;0.43;200.51;3.10;806;6;671.00;0
1204;6;5915233;1204;245;2021;2022;7.29;0.44;200.54;3.08;817;6;672.00;1
1209;6;5915243;1209;246;2022;2022;7.30;0.44;200.78;3.08;813;6;673.00;0
1212;6;5915253;1212;244;2022;2022;7.32;0.44;200.95;3.08;810;6;674.00;0
1215;6;5915263;1215;247;2024;2024;7.35;0.45;201.41;3.08;809;6;675.00;0
1218;6;5915274;1218;249;2024;2024;7.40;0.45;201.70;3.08;806;6;676.00;0
1222;6;5915287;1222;250;2028;2028;7.47;0.46;201.81;3.08;806;6;677.00;0
1227;6;5915300;1227;249;2028;2028;7.48;0.45;202.14;3.08;801;6;678.00;0
1232;6;5915310;1232;252;2032;2032;7.43;0.45;202.38;3.07;800;6;679.00;0
1235;6;5915323;1235;254;2032;2032;7.46;0.45;202.63;3.07;797;6;680.00;0
1237;6;5915335;1237;251;2032;2032;7.48;0.46;202.70;3.07;795;6;681.00;0
1243;6;5915345;1243;249;2032;2032;7.51;0.46;203.12;3.07;789;6;682.00;0
1247;6;5915355;1247;254;2032;2032;7.51;0.46;203.35;3.07;785;6;683.00;0
1251;6;5915364;1251;250;2043;2044;7.60;0.46;203.57;3.06;792;6;684.00;1
1254;6;5915375;1254;252;2043;2044;7.59;0.46;203.76;3.06;789;6;685.00;1
1257;6;5915385;1257;251;2044;2044;7.68;0.47;204.12;3.05;787;6;686.00;0
1260;6;5915395;1260;248;2044;2044;7.71;0.47;204.37;3.05;784;6;687.00;0
1264;6;5915404;1264;247;2044;2044;7.78;0.47;204.68;3.05;780;6;688.00;0
1268;6;5915414;1268;242;2044;2044;7.88;0.48;205.11;3.05;776;6;689.00;0
1268;6;5915426;1268;235;2045;2045;7.97;0.49;205.11;3.05;777;6;690.00;0
1275;6;5915437;1275;235;2045;2045;7.98;0.49;205.41;3.05;770;6;691.00;0
1279;6;5915448;1279;242;2051;2051;8.02;0.49;205.71;3.05;772;6;692.00;0
1281;6;5915459;1281;238;2051;2052;8.16;0.50;206.11;3.05;770;6;693.00;1
1286;6;5915470;1286;236;2052;2052;8.23;0.50;206.57;3.05;766;6;694.00;0
1292;6;5915480;1292;234;2052;2052;8.23;0.50;206.51;3.05;760;6;695.00;0
1296;6;5915490;1296;235;2056;2056;8.25;0.50;207.03;3.04;760;6;696.00;0
1299;6;5915501;1299;234;2056;2056;8.30;0.50;207.49;3.04;757;6;697.00;0
1301;6;5915510;1301;234;2056;2056;8.31;0.50;207.81;3.04;755;6;698.00;0
1308;6;5915520;1308;228;2057;2057;8.27;0.50;208.38;3.04;749;6;699.00;0
1311;6;5915531;1311;226;2061;2061;8.30;0.50;208.63;3.04;750;6;700.00;0
1315;6;5915544;1315;227;2061;2061;8.33;0.51;208.70;3.04;746;6;701.00;0
1317;6;5915554;1317;224;2063;2064;8.32;0.51;209.03;3.03;746;6;702.00;1
1320;6;5915564;1320;225;2063;2064;8.30;0.51;209.12;3.03;743;6;703.00;1
1323;6;5915573;1323;225;2064;2064;8.31;0.51;209.35;3.03;741;6;704.00;0
1325;6;5915582;1325;229;2064;2064;8.28;0.50;209.47;3.03;739;6;705.00;0
1327;6;5915592;1327;234;2068;2068;8.22;0.50;209.60;3.03;741;6;706.00;0
1329;6;5915601;1329;225;2068;2068;8.23;0.50;210.10;3.03;739;6;707.00;0
1332;6;5915610;1332;219;2068;2068;8.15;0.49;210.13;3.03;736;6;708.00;0
1334;6;5915621;1334;219;2068;2068;8.12;0.49;210.32;3.03;734;6;709.00;0
1335;6;5915630;1335;217;2069;2069;8.11;0.49;210.42;3.03;734;6;710.00;0
1338;6;5915640;1338;221;2070;2070;8.17;0.50;210.55;3.03;732;6;711.00;0
1342;6;5915649;1342;222;2070;2070;8.16;0.50;210.78;3.03;728;6;712.00;0
1345;6;5915658;1345;225;2071;2071;8.18;0.50;211.19;3.03;726;6;713.00;0
1348;6;5915668;1348;223;2071;2071;8.17;0.50;211.30;3.03;723;6;714.00;0
1349;6;5915678;1349;219;2071;2071;8.11;0.49;211.40;3.03;722;6;715.00;0
1350;6;5915694;1350;203;2071;2071;8.08;0.49;211.67;3.03;721;6;716.00;0
1354;6;5915704;1354;201;2071;2071;8.02;0.49;211.75;3.03;717;6;717.00;0
1358;6;5915714;1358;191;2071;2071;8.02;0.49;211.98;3.03;713;6;718.00;0
1358;6;5915724;1358;191;2071;2071;8.13;0.50;211.98;3.03;713;6;719.00;0
1363;6;5915736;1363;241;2200;2301;8.09;0.51;211.99;2.85;837;6;720.00;101
1365;6;5915763;1365;233;2210;2302;8.17;0.51;212.09;2.84;845;6;721.00;92
1368;6;5915774;1368;215;2221;2302;8.27;0.52;212.27;2.84;853;6;722.00;81
1369;6;5915785;1369;211;2226;2302;8.35;0.52;212.25;2.84;857;6;723.00;76
1370;6;5915796;1370;212;2238;2302;8.37;0.52;212.21;2.84;868;6;724.00;64
1371;6;5915807;1371;212;2241;2302;8.42;0.53;212.32;2.85;870;6;725.00;61
1374;6;5915818;1374;213;2245;2302;8.42;0.53;212.56;2.85;871;6;726.00;57
1375;6;5915829;1375;215;2249;2302;8.41;0.52;212.67;2.86;874;6;727.00;53
1380;6;5915839;1380;217;2254;2303;8.33;0.52;213.09;2.87;874;6;728.00;49
1382;6;5915851;1382;218;2258;2304;8.30;0.51;213.29;2.88;876;6;729.00;46
1382;6;5915861;1382;226;2263;2304;8.19;0.51;213.29;2.90;881;6;730.00;41
1385;6;5915872;1385;228;2268;2305;7.97;0.49;213.42;2.91;883;6;731.00;37
1387;6;5915883;1387;234;2272;2305;7.91;0.49;213.54;2.93;885;6;732.00;33
1390;6;5915893;1390;237;2273;2305;7.83;0.48;213.58;2.93;883;6;733.00;32
1391;6;5915905;1391;248;2275;2305;7.78;0.48;213.62;2.94;884;6;734.00;30
1392;6;5915915;1392;255;2278;2309;7.72;0.48;213.73;2.94;886;6;735.00;31
1396;6;5915926;1396;256;2278;2309;7.65;0.47;213.92;2.94;882;6;736.00;31
1398;6;5915942;1398;262;2279;2309;7.66;0.47;214.12;2.95;881;6;737.00;30
1403;6;5915952;1403;261;2280;2312;7.63;0.47;214.26;2.95;877;6;738.00;32
1403;6;5915964;1403;270;2281;2312;7.61;0.47;214.26;2.96;878;6;739.00;31
1404;6;5915974;1404;268;2284;2312;7.61;0.47;214.27;2.98;880;6;740.00;28
1407;6;5915984;1407;273;2287;2316;7.56;0.46;214.39;2.97;880;6;741.00;29
1408;6;5915997;1408;273;2290;2317;7.50;0.46;214.49;2.98;882;6;742.00;27
1409;6;5916014;1409;284;2290;2317;7.46;0.46;214.61;2.98;881;6;743.00;27
1412;6;5916023;1412;290;2293;2321;7.42;0.46;214.73;2.98;881;6;744.00;28
1414;6;5916034;1414;298;2294;2321;7.45;0.46;214.78;2.98;880;6;745.00;27
1415;6;5916044;1415;302;2294;2321;7.49;0.46;214.80;2.98;879;6;746.00;27
1421;6;5916060;1421;304;2295;2322;7.51;0.46;215.24;2.99;874;6;747.00;27
1421;6;5916071;1421;306;2296;2322;7.49;0.46;215.24;3.00;875;6;748.00;26
1423;6;5916082;1423;311;2302;2328;7.42;0.46;215.21;3.01;879;6;749.00;26
1424;6;5916098;1424;310;2304;2328;7.42;0.46;215.18;3.03;880;6;750.00;24
1424;6;5916109;1424;308;2307;2329;7.35;0.45;215.18;3.05;883;6;751.00;22
1426;6;5916120;1426;306;2307;2329;7.33;0.45;215.31;3.05;881;6;752.00;22
1428;6;5916131;1428;303;2310;2329;7.29;0.45;215.31;3.08;882;6;753.00;19
1430;6;5916141;1430;304;2310;2329;7.30;0.45;215.26;3.08;880;6;754.00;19
1431;6;5916151;1431;298;2312;2329;7.33;0.45;215.33;3.10;881;6;755.00;17
1434;6;5916161;1434;302;2322;2341;7.41;0.45;215.19;3.10;888;6;756.00;19
1438;6;5916171;1438;298;2324;2341;7.43;0.45;215.55;3.12;886;6;757.00;17
1440;6;5916181;1440;294;2326;2341;7.49;0.46;215.51;3.12;886;6;758.00;15
1444;6;5916190;1444;292;2326;2341;7.55;0.46;215.60;3.12;882;6;759.00;15
1445;6;5916199;1445;285;2326;2341;7.58;0.46;215.67;3.12;881;6;760.00;15
1447;6;5916209;1447;290;2329;2341;7.66;0.47;215.75;3.14;882;6;761.00;12
1451;6;5916219;1451;283;2334;2345;7.63;0.46;216.09;3.14;883;6;762.00;11
1454;6;5916235;1454;279;2334;2345;7.65;0.46;216.03;3.14;880;6;763.00;11
1457;6;5916249;1457;277;2338;2349;7.67;0.47;215.81;3.13;881;6;764.00;11
1459;6;5916259;1459;285;2340;2351;7.64;0.46;215.77;3.13;881;6;765.00;11
1459;6;5916270;1459;285;2340;2351;7.62;0.46;215.77;3.13;881;6;766.00;11
1463;6;5916280;1463;290;2340;2351;7.54;0.46;215.96;3.13;877;6;767.00;11
1463;6;5916291;1463;292;2350;2364;7.51;0.46;215.96;3.12;887;6;768.00;14
1464;6;5916303;1464;297;2350;2364;7.48;0.45;216.07;3.12;886;6;769.00;14
1468;6;5916318;1468;308;2351;2364;7.41;0.45;216.04;3.12;883;6;770.00;13
1468;6;5916328;1468;303;2352;2365;7.37;0.45;216.04;3.12;884;6;771.00;13
1469;6;5916341;1469;305;2354;2366;7.33;0.44;215.97;3.14;885;6;772.00;12
1469;6;5916352;1469;312;2354;2366;7.32;0.44;215.97;3.14;885;6;773.00;12
1469;6;5916361;1469;310;2357;2369;7.34;0.45;215.97;3.16;888;6;774.00;12
1470;6;5916371;1470;323;2358;2369;7.36;0.45;216.05;3.16;888;6;775.00;11
1471;6;5916381;1471;332;2358;2369;7.39;0.45;216.13;3.16;887;6;776.00;11
1474;6;5916391;1474;335;2359;2369;7.37;0.45;215.98;3.18;885;6;777.00;10
1477;6;5916400;1477;338;2364;2375;7.36;0.45;215.88;3.17;887;6;778.00;11
1477;6;5916411;1477;339;2364;2375;7.38;0.45;215.88;3.17;887;6;779.00;11
1479;6;5916422;1479;338;2365;2375;7.36;0.45;215.75;3.20;886;6;780.00;10
1481;6;5916432;1481;343;2365;2375;7.36;0.45;215.57;3.20;884;6;781.00;10
1482;6;5916441;1482;344;2369;2379;7.30;0.44;215.66;3.22;887;6;782.00;10
1483;6;5916453;1483;341;2370;2380;7.30;0.44;215.56;3.22;887;6;783.00;10
1486;6;5916464;1486;347;2371;2380;7.24;0.44;215.38;3.24;885;6;784.00;9
1488;6;5916474;1488;351;2373;2381;7.16;0.43;215.41;3.27;885;6;785.00;8
1491;6;5916484;1491;349;2374;2381;7.06;0.43;215.11;3.30;883;6;786.00;7
1492;6;5916494;1492;352;2375;2381;7.00;0.42;215.01;3.32;883;6;787.00;6
1494;6;5916503;1494;362;2375;2381;6.97;0.42;214.80;3.32;881;6;788.00;6
1496;6;5916512;1496;365;2376;2381;7.02;0.43;214.68;3.35;880;6;789.00;5
1498;6;5916522;1498;368;2378;2381;6.94;0.42;214.46;3.38;880;6;790.00;3
1499;6;5916531;1499;365;2380;2381;6.89;0.42;214.36;3.39;881;6;791.00;1
1500;6;5916540;1500;378;2415;2451;7.08;0.43;214.35;3.35;915;6;792.00;36
1502;6;5916555;1502;376;2418;2452;7.05;0.43;214.39;3.35;916;6;793.00;34
1503;6;5916564;1503;374;2427;2452;7.07;0.43;214.38;3.35;924;6;794.00;25
1503;6;5916573;1503;383;2430;2452;7.03;0.43;214.38;3.35;927;6;795.00;22
1503;6;5916582;1503;384;2433;2452;7.04;0.43;214.38;3.35;930;6;796.00;19
1503;6;5916598;1503;391;2436;2452;6.98;0.43;214.38;3.35;933;6;797.00;16
1504;6;5916615;1504;391;2438;2452;6.94;0.43;214.38;3.35;934;6;798.00;14
1505;6;5916630;1505;398;2440;2452;6.89;0.43;214.43;3.35;935;6;799.00;12
1507;6;5916645;1507;403;2441;2453;6.82;0.42;214.27;3.36;934;6;800.00;12
1507;6;5916661;1507;401;2444;2454;6.78;0.42;214.27;3.36;937;6;801.00;10
1511;6;5916673;1511;395;2445;2454;6.71;0.41;214.11;3.36;934;6;802.00;9
1512;6;5916683;1512;386;2452;2458;6.62;0.41;213.98;3.37;940;6;803.00;6
1513;6;5916695;1513;376;2454;2458;6.60;0.41;213.94;3.37;941;6;804.00;4
1515;6;5916707;1515;376;2456;2458;6.55;0.40;213.97;3.38;941;6;805.00;2
1517;6;5916718;1517;375;2458;2458;6.51;0.40;214.02;3.39;941;6;806.00;0
1518;6;5916729;1518;378;2464;2464;6.52;0.40;213.98;3.38;946;6;807.00;0
1520;6;5916742;1520;382;2464;2464;6.52;0.40;213.98;3.38;944;6;808.00;0
1520;6;5916761;1520;376;2464;2464;6.49;0.40;213.98;3.38;944;6;809.00;0
1522;6;5916774;1522;375;2469;2470;6.52;0.40;213.81;3.37;947;6;810.00;1
1523;6;5916788;1523;375;2469;2470;6.52;0.40;213.82;3.37;946;6;811.00;1
1524;6;5916800;1524;376;2470;2470;6.51;0.40;213.74;3.37;946;6;812.00;0
1526;6;5916814;1526;370;2471;2471;6.53;0.40;213.58;3.37;945;6;813.00;0
1529;6;5916825;1529;366;2472;2472;6.47;0.39;213.47;3.37;943;6;814.00;0
1530;6;5916840;1530;366;2472;2472;6.47;0.39;213.55;3.37;942;6;815.00;0
1535;6;5916854;1535;370;2485;2485;6.39;0.39;213.21;3.35;950;6;816.00;0
1536;6;5916866;1536;368;2485;2485;6.40;0.39;213.14;3.35;949;6;817.00;0
1536;6;5916880;1536;368;2485;2485;6.38;0.39;213.14;3.35;949;6;818.00;0
1537;6;5916892;1537;363;2486;2486;6.38;0.39;213.07;3.35;949;6;819.00;0
1539;6;5916906;1539;364;2486;2486;6.36;0.39;212.90;3.35;947;6;820.00;0
1541;6;5916917;1541;360;2490;2490;6.36;0.39;212.91;3.35;949;6;821.00;0
1541;6;5916928;1541;351;2490;2490;6.39;0.39;212.91;3.35;949;6;822.00;0
1542;6;5916939;1542;349;2494;2494;6.39;0.39;212.84;3.35;952;6;823.00;0
1546;6;5916957;1546;348;2494;2494;6.37;0.39;213.24;3.35;948;6;824.00;0
1548;6;5916967;1548;332;2494;2494;6.36;0.39;213.54;3.35;946;6;825.00;0
1550;6;5916978;1550;327;2494;2494;6.34;0.39;213.70;3.35;944;6;826.00;0
1555;6;5916988;1555;320;2494;2494;6.34;0.39;214.10;3.35;939;6;827.00;0
1559;6;5916999;1559;323;2506;2506;6.35;0.39;214.21;3.33;947;6;828.00;0
1565;6;5917011;1565;315;2506;2506;6.40;0.39;214.43;3.33;941;6;829.00;0
1571;6;5917028;1571;310;2506;2506;6.42;0.39;214.90;3.33;935;6;830.00;0
1573;6;5917040;1573;307;2506;2506;6.53;0.40;215.26;3.33;933;6;831.00;0
1576;6;5917051;1576;297;2506;2506;6.59;0.40;215.38;3.33;930;6;832.00;0
1580;6;5917062;1580;289;2506;2506;6.60;0.40;215.58;3.33;926;6;833.00;0
1582;6;5917073;1582;279;2507;2507;6.61;0.40;215.81;3.33;925;6;834.00;0
1587;6;5917084;1587;266;2507;2507;6.63;0.40;215.94;3.33;920;6;835.00;0
1591;6;5917094;1591;260;2513;2513;6.71;0.41;216.11;3.32;922;6;836.00;0
1595;6;5917106;1595;254;2514;2514;6.80;0.41;216.42;3.32;919;6;837.00;0
1600;6;5917117;1600;255;2514;2514;6.81;0.42;217.09;3.32;914;6;838.00;0
1604;6;5917129;1604;251;2514;2514;6.90;0.42;217.31;3.32;910;6;839.00;0
1605;6;5917145;1605;256;2519;2519;6.97;0.42;217.53;3.32;914;6;840.00;0
1609;6;5917161;1609;252;2519;2519;7.07;0.43;217.90;3.32;910;6;841.00;0
1616;6;5917177;1616;250;2519;2519;7.16;0.44;218.37;3.32;903;6;842.00;0
1616;6;5917196;1616;253;2520;2520;7.28;0.44;218.37;3.31;904;6;843.00;0
1620;6;5917212;1620;249;2524;2524;7.36;0.45;218.63;3.31;904;6;844.00;0
1624;6;5917226;1624;246;2524;2524;7.47;0.45;218.99;3.31;900;6;845.00;0
1625;6;5917243;1625;244;2526;2527;7.62;0.46;218.99;3.31;901;6;846.00;1
1630;6;5917256;1630;243;2526;2527;7.65;0.46;219.26;3.31;896;6;847.00;1
1638;6;5917268;1638;246;2527;2527;7.67;0.46;219.97;3.31;889;6;848.00;0
1640;6;5917280;1640;244;2527;2527;7.70;0.47;220.02;3.31;887;6;849.00;0
1646;6;5917292;1646;246;2531;2531;7.65;0.46;220.11;3.30;885;6;850.00;0
1652;6;5917305;1652;248;2531;2531;7.59;0.46;220.36;3.30;879;6;851.00;0
1653;6;5917317;1653;247;2531;2531;7.60;0.46;220.42;3.30;878;6;852.00;0
1656;6;5917330;1656;245;2531;2531;7.59;0.46;220.97;3.30;875;6;853.00;0
1659;6;5917341;1659;240;2532;2532;7.56;0.46;221.30;3.30;873;6;854.00;0
1666;6;5917353;1666;239;2534;2534;7.58;0.46;221.55;3.30;868;6;855.00;0
1670;6;5917369;1670;241;2534;2534;7.62;0.46;222.15;3.30;864;6;856.00;0
1675;6;5917382;1675;240;2535;2535;7.61;0.46;222.53;3.30;860;6;857.00;0
1677;6;5917398;1677;240;2535;2535;7.68;0.47;222.72;3.30;858;6;858.00;0
1681;6;5917409;1681;240;2535;2535;7.68;0.47;222.84;3.30;854;6;859.00;0
1685;6;5917419;1685;241;2535;2535;7.66;0.47;223.66;3.30;850;6;860.00;0
1687;6;5917430;1687;239;2535;2535;7.66;0.47;223.73;3.30;848;6;861.00;0
1692;6;5917441;1692;235;2535;2535;7.64;0.47;223.70;3.30;843;6;862.00;0
1695;6;5917452;1695;239;2535;2535;7.59;0.46;224.06;3.30;840;6;863.00;0
1701;6;5917462;1701;265;2611;2662;7.61;0.47;224.57;3.20;910;6;864.00;51
1701;6;5917485;1701;256;2617;2663;7.66;0.47;224.57;3.20;916;6;865.00;46
1705;6;5917496;1705;253;2622;2663;7.65;0.47;224.95;3.20;917;6;866.00;41
1708;6;5917507;1708;253;2624;2663;7.59;0.47;225.08;3.20;916;6;867.00;39
1712;6;5917519;1712;254;2627;2663;7.57;0.47;225.78;3.20;915;6;868.00;36
1715;6;5917530;1715;264;2627;2663;7.56;0.47;226.10;3.20;912;6;869.00;36
1719;6;5917544;1719;266;2629;2663;7.54;0.47;226.36;3.20;910;6;870.00;34
1725;6;5917556;1725;276;2631;2663;7.44;0.46;227.02;3.20;906;6;871.00;32
1730;6;5917575;1730;265;2635;2664;7.40;0.46;227.24;3.21;905;6;872.00;29
1732;6;5917587;1732;268;2638;2665;7.39;0.46;227.59;3.22;906;6;873.00;27
1737;6;5917599;1737;268;2639;2665;7.33;0.45;227.94;3.22;902;6;874.00;26
1739;6;5917610;1739;271;2642;2666;7.23;0.45;228.08;3.22;903;6;875.00;24
1741;6;5917621;1741;275;2642;2666;7.20;0.44;228.38;3.22;901;6;876.00;24
1746;6;5917632;1746;275;2645;2666;7.16;0.44;228.60;3.24;899;6;877.00;21
1747;6;5917643;1747;287;2646;2666;7.18;0.44;228.79;3.24;899;6;878.00;20
1752;6;5917654;1752;290;2653;2670;7.13;0.44;229.26;3.25;901;6;879.00;17
1757;6;5917669;1757;297;2654;2670;7.12;0.44;229.61;3.26;897;6;880.00;16
1761;6;5917695;1761;285;2655;2670;7.13;0.44;229.53;3.26;894;6;881.00;15
1764;6;5917707;1764;275;2656;2673;7.14;0.44;229.66;3.26;892;6;882.00;17
1768;6;5917723;1768;272;2657;2673;7.21;0.44;229.53;3.27;889;6;883.00;16
1768;6;5917736;1768;263;2658;2673;7.27;0.44;229.53;3.28;890;6;884.00;15
1771;6;5917750;1771;258;2665;2677;7.30;0.45;229.49;3.29;894;6;885.00;12
1773;6;5917767;1773;260;2666;2678;7.33;0.45;229.55;3.30;893;6;886.00;12
1774;6;5917778;1774;258;2666;2678;7.41;0.45;229.60;3.30;892;6;887.00;12
1774;6;5917790;1774;257;2670;2682;7.42;0.45;229.60;3.30;896;6;888.00;12
1776;6;5917807;1776;255;2670;2682;7.49;0.46;229.57;3.30;894;6;889.00;12
1778;6;5917819;1778;257;2671;2682;7.65;0.47;229.62;3.31;893;6;890.00;11
1782;6;5917831;1782;261;2672;2683;7.77;0.47;229.81;3.31;890;6;891.00;11
1784;6;5917843;1784;254;2673;2683;7.90;0.48;229.86;3.32;889;6;892.00;10
1785;6;5917855;1785;248;2680;2689;8.03;0.49;229.83;3.33;895;6;893.00;9
1791;6;5917869;1791;246;2680;2689;8.11;0.49;229.89;3.33;889;6;894.00;9
1794;6;5917885;1794;242;2682;2690;8.11;0.49;230.00;3.34;888;6;895.00;8
1797;6;5917904;1797;241;2683;2690;8.16;0.50;230.11;3.35;886;6;896.00;7
1798;6;5917921;1798;240;2683;2690;8.16;0.50;230.08;3.35;885;6;897.00;7
1802;6;5917939;1802;238;2684;2690;8.21;0.50;230.80;3.36;882;6;898.00;6
1805;6;5917953;1805;243;2684;2690;8.19;0.50;230.82;3.36;879;6;899.00;6
1808;6;5917969;1808;243;2713;2736;8.20;0.50;231.15;3.33;905;6;900.00;23
1809;6;5917998;1809;237;2715;2736;8.26;0.51;231.12;3.35;906;6;901.00;21
1812;6;5918019;1812;238;2720;2736;8.30;0.51;231.11;3.35;908;6;902.00;16
1813;6;5918037;1813;237;2720;2736;8.33;0.51;231.08;3.35;907;6;903.00;16
1816;6;5918052;1816;239;2724;2736;8.32;0.51;231.28;3.36;908;6;904.00;12
1817;6;5918065;1817;243;2725;2736;8.36;0.51;231.37;3.36;908;6;905.00;11
1819;6;5918079;1819;243;2731;2740;8.31;0.51;231.39;3.35;912;6;906.00;9
1820;6;5918093;1820;249;2732;2740;8.27;0.51;231.42;3.36;912;6;907.00;8
1823;6;5918105;1823;256;2737;2744;8.21;0.50;231.37;3.36;914;6;908.00;7
1826;6;5918118;1826;260;2738;2745;8.15;0.50;231.41;3.36;912;6;909.00;7
1828;6;5918132;1828;268;2738;2745;8.09;0.50;231.56;3.36;910;6;910.00;7
1830;6;5918147;1830;274;2738;2745;7.99;0.49;231.63;3.36;908;6;911.00;7
1834;6;5918163;1834;281;2751;2758;7.91;0.48;231.61;3.34;917;6;912.00;7
1837;6;5918179;1837;289;2752;2758;7.78;0.47;231.63;3.35;915;6;913.00;6
1840;6;5918194;1840;291;2752;2758;7.74;0.47;231.76;3.35;912;6;914.00;6
1841;6;5918208;1841;286;2753;2759;7.71;0.47;231.76;3.35;912;6;915.00;6
1842;6;5918225;1842;290;2754;2760;7.65;0.46;231.80;3.35;912;6;916.00;6
1843;6;5918238;1843;284;2755;2760;7.52;0.46;231.75;3.35;912;6;917.00;5
1843;6;5918249;1843;280;2757;2763;7.43;0.45;231.75;3.35;914;6;918.00;6
1849;6;5918267;1849;282;2758;2763;7.31;0.44;231.82;3.35;909;6;919.00;5
1851;6;5918280;1851;280;2759;2763;7.24;0.44;231.89;3.35;908;6;920.00;4
1851;6;5918292;1851;276;2759;2763;7.22;0.44;231.89;3.35;908;6;921.00;4
1854;6;5918302;1854;280;2765;2769;7.18;0.44;231.89;3.36;911;6;922.00;4
1854;6;5918314;1854;271;2765;2769;7.15;0.44;231.89;3.36;911;6;923.00;4
1860;6;5918325;1860;269;2765;2769;7.08;0.43;231.84;3.36;905;6;924.00;4
1861;6;5918339;1861;271;2769;2769;7.07;0.43;231.81;3.37;908;6;925.00;0
1863;6;5918350;1863;267;2773;2773;7.02;0.43;231.63;3.37;910;6;926.00;0
1865;6;5918360;1865;272;2774;2774;7.04;0.43;231.60;3.37;909;6;927.00;0
1866;6;5918373;1866;279;2774;2774;6.99;0.43;231.53;3.37;908;6;928.00;0
1871;6;5918384;1871;280;2775;2775;6.96;0.42;231.61;3.37;904;6;929.00;0
1875;6;5918397;1875;285;2775;2775;6.94;0.42;231.62;3.37;900;6;930.00;0
1877;6;5918410;1877;282;2775;2775;6.91;0.42;231.57;3.37;898;6;931.00;0
1880;6;5918420;1880;282;2775;2775;6.84;0.41;231.49;3.37;895;6;932.00;0
1882;6;5918429;1882;286;2775;2775;6.78;0.41;231.62;3.37;893;6;933.00;0
1884;6;5918439;1884;288;2775;2775;6.72;0.41;231.72;3.37;891;6;934.00;0
1887;6;5918448;1887;289;2775;2775;6.69;0.40;231.85;3.37;888;6;935.00;0
1888;6;5918458;1888;296;2812;2845;6.85;0.42;231.74;3.32;924;6;936.00;33
1889;6;5918474;1889;298;2814;2846;6.82;0.41;231.77;3.32;925;6;937.00;32
1889;6;5918484;1889;300;2821;2846;6.83;0.41;231.77;3.32;932;6;938.00;25
1889;6;5918493;1889;302;2824;2846;6.82;0.41;231.77;3.32;935;6;939.00;22
1889;6;5918503;1889;307;2826;2846;6.79;0.41;231.77;3.32;937;6;940.00;20
1889;6;5918512;1889;306;2830;2846;6.77;0.41;231.77;3.32;941;6;941.00;16
1890;6;5918522;1890;305;2834;2846;6.80;0.41;231.73;3.32;944;6;942.00;12
1891;6;5918532;1891;301;2835;2846;6.83;0.42;231.61;3.33;944;6;943.00;11
1893;6;5918542;1893;302;2837;2847;6.84;0.42;231.71;3.33;944;6;944.00;10
1893;6;5918552;1893;304;2841;2849;6.88;0.42;231.71;3.33;948;6;945.00;8
1895;6;5918561;1895;308;2844;2849;6.85;0.42;231.53;3.34;949;6;946.00;5
1898;6;5918571;1898;315;2850;2853;6.84;0.42;231.63;3.35;952;6;947.00;3
1901;6;5918582;1901;315;2852;2853;6.80;0.41;231.77;3.35;951;6;948.00;1
1902;6;5918592;1902;301;2852;2853;6.78;0.41;231.84;3.35;950;6;949.00;1
1903;6;5918602;1903;299;2852;2853;6.75;0.41;231.73;3.35;949;6;950.00;1
1904;6;5918618;1904;297;2857;2859;6.76;0.41;231.77;3.34;953;6;951.00;2
1904;6;5918632;1904;297;2857;2859;6.74;0.41;231.77;3.34;953;6;952.00;2
1906;6;5918644;1906;295;2857;2859;6.79;0.41;231.79;3.34;951;6;953.00;2
1908;6;5918656;1908;293;2859;2862;6.83;0.42;231.77;3.34;951;6;954.00;3
1908;6;5918667;1908;298;2861;2862;6.82;0.41;231.77;3.34;953;6;955.00;1
1909;6;5918678;1909;304;2862;2862;6.86;0.42;231.79;3.34;953;6;956.00;0
1909;6;5918688;1909;309;2863;2863;6.87;0.42;231.79;3.34;954;6;957.00;0
1910;6;5918699;1910;309;2864;2864;6.86;0.42;231.79;3.34;954;6;958.00;0
1910;6;5918710;1910;316;2864;2864;6.86;0.42;231.79;3.34;954;6;959.00;0
1912;6;5918722;1912;321;2886;2890;6.90;0.42;231.61;3.32;974;6;960.00;4
1913;6;5918734;1913;319;2887;2890;6.92;0.42;231.68;3.31;974;6;961.00;3
1914;6;5918744;1914;321;2890;2890;6.93;0.42;231.71;3.31;976;6;962.00;0
1916;6;5918755;1916;324;2891;2891;6.86;0.42;231.70;3.31;975;6;963.00;0
1919;6;5918770;1919;332;2891;2891;6.77;0.41;231.61;3.31;972;6;964.00;0
1920;6;5918780;1920;337;2895;2895;6.74;0.41;231.50;3.31;975;6;965.00;0
1920;6;5918791;1920;330;2895;2895;6.67;0.41;231.50;3.31;975;6;966.00;0
1921;6;5918806;1921;336;2899;2899;6.63;0.41;231.56;3.31;978;6;967.00;0
1923;6;5918815;1923;339;2899;2899;6.63;0.41;231.47;3.31;976;6;968.00;0
1924;6;5918826;1924;340;2899;2899;6.64;0.41;231.44;3.31;975;6;969.00;0
1929;6;5918836;1929;339;2899;2899;6.64;0.41;231.31;3.31;970;6;970.00;0
1931;6;5918845;1931;337;2899;2899;6.64;0.41;231.25;3.31;968;6;971.00;0
1933;6;5918855;1933;341;2910;2911;6.55;0.40;231.05;3.29;977;6;972.00;1
1933;6;5918866;1933;345;2910;2911;6.47;0.40;231.05;3.29;977;6;973.00;1
1936;6;5918875;1936;350;2911;2911;6.40;0.39;231.07;3.29;975;6;974.00;0
1939;6;5918885;1939;341;2911;2911;6.31;0.39;231.19;3.29;972;6;975.00;0
1942;6;5918894;1942;344;2911;2911;6.24;0.38;231.04;3.29;969;6;976.00;0
1945;6;5918904;1945;338;2911;2911;6.21;0.38;231.17;3.29;966;6;977.00;0
1947;6;5918914;1947;334;2912;2912;6.23;0.38;231.37;3.29;965;6;978.00;0
1950;6;5918924;1950;326;2912;2912;6.25;0.38;231.40;3.29;962;6;979.00;0
1952;6;5918933;1952;320;2918;2918;6.37;0.39;231.39;3.29;966;6;980.00;0
1952;6;5918944;1952;316;2919;2919;6.45;0.40;231.39;3.29;967;6;981.00;0
1955;6;5918953;1955;316;2919;2919;6.46;0.40;231.53;3.29;964;6;982.00;0
1957;6;5918963;1957;316;2919;2919;6.48;0.40;231.46;3.29;962;6;983.00;0
1958;6;5918974;1958;320;2923;2923;6.52;0.40;231.48;3.28;965;6;984.00;0
1961;6;5918984;1961;322;2923;2923;6.57;0.40;231.32;3.28;962;6;985.00;0
1964;6;5918994;1964;324;2923;2923;6.52;0.40;231.11;3.28;959;6;986.00;0
1967;6;5919003;1967;319;2924;2924;6.46;0.40;231.37;3.28;957;6;987.00;0
1970;6;5919013;1970;318;2928;2928;6.43;0.39;231.51;3.28;958;6;988.00;0
1973;6;5919023;1973;315;2928;2928;6.43;0.39;231.39;3.28;955;6;989.00;0
1978;6;5919035;1978;298;2932;2934;6.45;0.39;231.61;3.27;954;6;990.00;2
1981;6;5919047;1981;289;2932;2934;6.51;0.40;231.63;3.27;951;6;991.00;2
1985;6;5919057;1985;282;2934;2934;6.59;0.40;231.74;3.27;949;6;992.00;0
1988;6;5919072;1988;273;2934;2934;6.69;0.41;232.05;3.27;946;6;993.00;0
1991;6;5919082;1991;270;2938;2938;6.82;0.42;232.51;3.27;947;6;994.00;0
1994;6;5919092;1994;268;2938;2938;6.91;0.42;232.86;3.27;944;6;995.00;0
1997;6;5919103;1997;260;2938;2938;7.01;0.43;233.19;3.27;941;6;996.00;0
2000;6;5919113;2000;249;2938;2938;7.09;0.43;233.50;3.27;938;6;997.00;0
2007;6;5919124;2007;242;2939;2939;7.12;0.43;233.74;3.27;932;6;998.00;0
2010;6;5919135;2010;236;2940;2940;7.21;0.44;234.12;3.27;930;6;999.00;0
2011;6;5919147;2011;234;2940;2940;7.27;0.44;234.28;3.27;929;6;1000.00;0
2016;6;5919162;2016;225;2941;2941;7.29;0.44;234.78;3.27;925;6;1001.00;0
2019;6;5919173;2019;223;2941;2941;7.40;0.45;234.89;3.27;922;6;1002.00;0
2024;6;5919184;2024;223;2941;2941;7.45;0.45;235.01;3.27;917;6;1003.00;0
2027;6;5919195;2027;225;2941;2941;7.52;0.46;235.38;3.27;914;6;1004.00;0
2034;6;5919206;2034;221;2941;2941;7.57;0.46;235.50;3.27;907;6;1005.00;0
2036;6;5919216;2036;223;2941;2941;7.64;0.47;235.56;3.27;905;6;1006.00;0
2041;6;5919226;2041;218;2941;2941;7.71;0.47;236.06;3.27;900;6;1007.00;0
2048;6;5919237;2048;230;3015;3068;8.03;0.49;236.25;3.19;967;6;1008.00;53
2054;6;5919257;2054;226;3022;3069;8.06;0.49;236.33;3.18;968;6;1009.00;47
2056;6;5919269;2056;223;3029;3069;8.15;0.50;236.52;3.18;973;6;1010.00;40
2059;6;5919280;2059;228;3034;3069;8.17;0.50;236.75;3.18;975;6;1011.00;35
2065;6;5919292;2065;231;3038;3069;8.15;0.50;237.32;3.18;973;6;1012.00;31
2069;6;5919303;2069;233;3038;3069;8.15;0.50;237.64;3.18;969;6;1013.00;31
2075;6;5919314;2075;237;3041;3069;8.09;0.50;238.10;3.18;966;6;1014.00;28
2080;6;5919326;2080;236;3042;3069;8.03;0.49;238.31;3.18;962;6;1015.00;27
2086;6;5919337;2086;243;3043;3070;7.91;0.48;238.70;3.19;957;6;1016.00;27
2092;6;5919350;2092;254;3048;3071;7.81;0.48;239.12;3.20;956;6;1017.00;23
2095;6;5919363;2095;253;3049;3071;7.73;0.47;239.30;3.20;954;6;1018.00;22
2098;6;5919374;2098;264;3052;3072;7.62;0.47;239.75;3.20;954;6;1019.00;20
2103;6;5919392;2103;280;3054;3072;7.56;0.46;240.10;3.21;951;6;1020.00;18
2108;7;5919403;2108;281;3056;3072;7.52;0.46;240.59;3.21;948;7;1021.00;16
2112;7;5919421;2112;285;3058;3072;7.51;0.46;240.87;3.22;946;7;1022.00;14
2115;7;5919432;2115;285;3064;3076;7.51;0.46;241.18;3.23;949;7;1023.00;12
2121;7;5919449;2121;286;3066;3076;7.47;0.46;241.24;3.24;945;7;1024.00;10
2123;7;5919460;2123;292;3067;3076;7.49;0.46;241.20;3.24;944;7;1025.00;9
2129;7;5919471;2129;289;3068;3079;7.50;0.46;241.61;3.24;939;7;1026.00;11
2133;7;5919482;2133;294;3069;3079;7.46;0.46;241.92;3.25;936;7;1027.00;10
2138;7;5919499;2138;295;3071;3079;7.50;0.46;242.12;3.26;933;7;1028.00;8
2141;7;5919510;2141;298;3078;3083;7.53;0.46;242.28;3.27;937;7;1029.00;5
2144;7;5919522;2144;299;3078;3084;7.54;0.46;242.46;3.27;934;7;1030.00;6
2148;7;5919543;2148;299;3080;3084;7.55;0.46;242.79;3.28;932;7;1031.00;4
2152;7;5919554;2152;297;3084;3088;7.50;0.46;243.03;3.28;932;7;1032.00;4
2154;7;5919565;2154;303;3084;3088;7.47;0.46;243.09;3.28;930;7;1033.00;4
2161;7;5919577;2161;311;3085;3088;7.38;0.45;243.22;3.28;924;7;1034.00;3
2164;7;5919589;2164;315;3089;3090;7.31;0.45;243.67;3.28;925;7;1035.00;1
2167;7;5919600;2167;328;3089;3090;7.21;0.44;243.84;3.28;922;7;1036.00;1
2173;7;5919616;2173;325;3095;3096;7.16;0.44;244.25;3.28;922;7;1037.00;1
2178;7;5919628;2178;325;3095;3096;7.16;0.44;244.61;3.28;917;7;1038.00;1
2180;7;5919640;2180;319;3097;3097;7.20;0.44;244.83;3.28;917;7;1039.00;0
2184;7;5919651;2184;318;3097;3097;7.20;0.44;245.06;3.28;913;7;1040.00;0
2189;7;5919662;2189;317;3097;3097;7.18;0.44;245.39;3.28;908;7;1041.00;0
2192;7;5919673;2192;319;3097;3097;7.20;0.44;245.63;3.28;905;7;1042.00;0
2197;7;5919684;2197;321;3097;3097;7.17;0.43;246.04;3.28;900;7;1043.00;0
2200;7;5919694;2200;319;3108;3109;7.20;0.44;246.45;3.27;908;7;1044.00;1
2205;7;5919705;2205;315;3108;3109;7.12;0.43;246.49;3.27;903;7;1045.00;1
2208;7;5919720;2208;303;3109;3109;7.09;0.43;246.63;3.27;901;7;1046.00;0
2210;7;5919731;2210;297;3109;3109;7.10;0.43;246.81;3.27;899;7;1047.00;0
2212;7;5919753;2212;301;3109;3109;7.05;0.43;246.84;3.27;897;7;1048.00;0
2214;7;5919764;2214;291;3109;3109;7.11;0.43;246.95;3.27;895;7;1049.00;0
2218;7;5919776;2218;293;3115;3115;7.08;0.43;247.20;3.26;897;7;1050.00;0
2219;7;5919788;2219;291;3115;3115;7.16;0.44;247.24;3.26;896;7;1051.00;0
2223;7;5919799;2223;292;3119;3119;7.23;0.44;247.47;3.26;896;7;1052.00;0
2227;7;5919811;2227;293;3120;3120;7.27;0.44;247.58;3.26;893;7;1053.00;0
2230;7;5919821;2230;298;3120;3120;7.31;0.45;247.81;3.26;890;7;1054.00;0
2232;7;5919833;2232;300;3120;3120;7.34;0.45;247.87;3.26;888;7;1055.00;0
2232;7;5919844;2232;305;3133;3133;7.40;0.45;247.87;3.24;901;7;1056.00;0
2233;7;5919856;2233;305;3133;3133;7.46;0.45;247.94;3.24;900;7;1057.00;0
2238;7;5919866;2238;302;3133;3133;7.45;0.45;247.96;3.24;895;7;1058.00;0
2239;7;5919882;2239;301;3134;3134;7.48;0.45;248.00;3.24;895;7;1059.00;0
2242;7;5919892;2242;302;3135;3135;7.44;0.45;247.97;3.24;893;7;1060.00;0
2244;7;5919903;2244;295;3135;3135;7.47;0.45;248.15;3.24;891;7;1061.00;0
2245;7;5919914;2245;284;3137;3138;7.54;0.46;248.19;3.24;892;7;1062.00;1
2248;7;5919924;2248;289;3137;3138;7.54;0.46;248.23;3.24;889;7;1063.00;1
2251;7;5919935;2251;286;3138;3138;7.54;0.46;248.25;3.24;887;7;1064.00;0
2251;7;5919944;2251;295;3138;3138;7.54;0.46;248.25;3.24;887;7;1065.00;0
2253;7;5919954;2253;294;3143;3144;7.51;0.46;248.10;3.24;890;7;1066.00;1
2257;7;5919966;2257;295;3143;3144;7.40;0.45;248.05;3.24;886;7;1067.00;1
2258;7;5919976;2258;297;3143;3144;7.36;0.45;248.27;3.24;885;7;1068.00;1
2263;7;5919986;2263;301;3144;3144;7.28;0.44;248.32;3.24;881;7;1069.00;0
2265;7;5919995;2265;304;3148;3148;7.24;0.44;248.19;3.23;883;7;1070.00;0
2266;7;5920005;2266;305;3149;3149;7.21;0.44;248.11;3.23;883;7;1071.00;0
2269;7;5920015;2269;312;3149;3149;7.17;0.44;248.12;3.23;880;7;1072.00;0
2272;7;5920025;2272;308;3150;3150;7.17;0.44;248.34;3.23;878;7;1073.00;0
2277;7;5920035;2277;314;3150;3150;7.13;0.43;248.26;3.23;873;7;1074.00;0
2277;7;5920045;2277;314;3150;3150;7.09;0.43;248.26;3.23;873;7;1075.00;0
2277;7;5920054;2277;315;3150;3150;7.06;0.43;248.26;3.23;873;7;1076.00;0
2277;7;5920065;2277;326;3150;3150;7.00;0.43;248.26;3.23;873;7;1077.00;0
2279;7;5920074;2279;335;3150;3150;6.97;0.42;248.30;3.23;871;7;1078.00;0
2281;7;5920083;2281;336;3150;3150;6.93;0.42;248.28;3.23;869;7;1079.00;0
2283;7;5920093;2283;355;3221;3275;6.96;0.43;248.37;3.16;938;7;1080.00;54
2284;7;5920115;2284;343;3223;3276;6.94;0.43;248.38;3.16;939;7;1081.00;53
2286;7;5920125;2286;331;3235;3276;7.00;0.43;248.43;3.15;949;7;1082.00;41
2287;7;5920135;2287;324;3239;3276;7.03;0.43;248.48;3.15;952;7;1083.00;37
2289;7;5920145;2289;317;3244;3276;7.01;0.43;248.47;3.16;955;7;1084.00;32
2291;7;5920155;2291;315;3246;3276;6.97;0.43;248.47;3.16;955;7;1085.00;30
2293;7;5920164;2293;323;3252;3276;6.94;0.43;248.45;3.16;959;7;1086.00;24
2296;7;5920174;2296;321;3253;3276;6.92;0.42;248.71;3.16;957;7;1087.00;23
2298;7;5920183;2298;320;3259;3277;6.91;0.42;248.71;3.17;961;7;1088.00;18
2300;7;5920193;2300;329;3266;3278;6.91;0.42;248.72;3.18;966;7;1089.00;12
2303;7;5920203;2303;329;3270;3278;6.86;0.42;248.81;3.19;967;7;1090.00;8
2304;7;5920214;2304;321;3275;3282;6.84;0.42;248.82;3.19;971;7;1091.00;7
2306;7;5920224;2306;324;3275;3282;6.80;0.42;249.14;3.19;969;7;1092.00;7
2308;7;5920234;2308;321;3276;3282;6.75;0.41;249.25;3.19;968;7;1093.00;6
2312;7;5920244;2312;320;3276;3282;6.72;0.41;249.39;3.19;964;7;1094.00;6
2316;7;5920254;2316;315;3282;3288;6.67;0.41;249.57;3.19;966;7;1095.00;6
2317;7;5920265;2317;298;3282;3288;6.71;0.41;249.62;3.19;965;7;1096.00;6
2319;7;5920275;2319;283;3283;3288;6.69;0.41;249.66;3.20;964;7;1097.00;5
2322;7;5920286;2322;277;3286;3291;6.71;0.41;249.64;3.19;964;7;1098.00;5
2325;7;5920297;2325;279;3286;3291;6.72;0.41;249.75;3.19;961;7;1099.00;5
2326;7;5920308;2326;279;3287;3291;6.75;0.41;249.74;3.20;961;7;1100.00;4
2326;7;5920322;2326;273;3288;3292;6.81;0.41;249.74;3.20;962;7;1101.00;4
2326;7;5920333;2326;276;3289;3293;6.87;0.42;249.74;3.20;963;7;1102.00;4
2328;7;5920350;2328;276;3289;3293;6.90;0.42;249.60;3.20;961;7;1103.00;4
2328;7;5920360;2328;278;3299;3306;6.97;0.42;249.60;3.19;971;7;1104.00;7
2330;7;5920372;2330;274;3300;3306;6.98;0.43;249.43;3.19;970;7;1105.00;6
2331;7;5920382;2331;282;3302;3306;7.05;0.43;249.34;3.20;971;7;1106.00;4
2331;7;5920392;2331;278;3303;3307;7.15;0.44;249.34;3.20;972;7;1107.00;4
2333;7;5920403;2333;284;3303;3307;7.22;0.44;249.37;3.20;970;7;1108.00;4
2335;7;5920413;2335;281;3308;3311;7.28;0.44;249.33;3.21;973;7;1109.00;3
2336;7;5920425;2336;278;3308;3311;7.36;0.45;249.39;3.21;972;7;1110.00;3
2339;7;5920436;2339;280;3311;3315;7.40;0.45;249.32;3.21;972;7;1111.00;4
2340;7;5920447;2340;279;3312;3315;7.43;0.45;249.38;3.21;972;7;1112.00;3
2341;7;5920457;2341;279;3312;3315;7.53;0.46;249.44;3.21;971;7;1113.00;3
2344;7;5920468;2344;273;3312;3315;7.57;0.46;249.50;3.21;968;7;1114.00;3
2345;7;5920478;2345;269;3312;3315;7.57;0.46;249.53;3.21;967;7;1115.00;3
2345;7;5920489;2345;264;3322;3327;7.63;0.46;249.53;3.20;977;7;1116.00;5
2349;7;5920500;2349;260;3323;3327;7.59;0.46;249.51;3.20;974;7;1117.00;4
2349;7;5920511;2349;264;3323;3327;7.58;0.46;249.51;3.20;974;7;1118.00;4
2352;7;5920521;2352;263;3323;3327;7.59;0.46;249.60;3.20;971;7;1119.00;4
2354;7;5920531;2354;264;3323;3327;7.56;0.46;249.72;3.20;969;7;1120.00;4
2358;7;5920542;2358;269;3324;3327;7.52;0.46;249.50;3.20;966;7;1121.00;3
2360;7;5920552;2360;273;3324;3328;7.48;0.45;249.55;3.20;964;7;1122.00;4
2363;7;5920563;2363;272;3324;3328;7.42;0.45;249.43;3.20;961;7;1123.00;4
2365;8;5920580;2365;276;3331;3334;7.45;0.45;249.54;3.20;966;8;1124.00;3
2367;8;5920599;2367;279;3332;3336;7.39;0.45;249.63;3.20;965;8;1125.00;4
2368;8;5920610;2368;285;3334;3336;7.39;0.45;249.68;3.20;966;8;1126.00;2
2368;8;5920625;2368;284;3335;3336;7.36;0.45;249.68;3.21;967;8;1127.00;1
2370;8;5920635;2370;283;3338;3340;7.36;0.45;249.52;3.20;968;8;1128.00;2
2371;8;5920646;2371;287;3339;3340;7.35;0.45;249.47;3.20;968;8;1129.00;1
2373;8;5920656;2373;287;3340;3340;7.31;0.45;249.39;3.20;967;8;1130.00;0
2374;8;5920667;2374;286;3341;3341;7.32;0.45;249.36;3.20;967;8;1131.00;0
2375;8;5920678;2375;284;3345;3345;7.27;0.45;249.43;3.20;970;8;1132.00;0
2378;8;5920689;2378;291;3345;3345;7.29;0.45;249.45;3.20;967;9;1133.00;0
2380;8;5920707;2380;289;3347;3348;7.30;0.45;249.36;3.20;967;9;1134.00;1
2382;8;5920719;2382;286;3348;3348;7.32;0.45;249.34;3.20;966;9;1135.00;0
2384;8;5920729;2384;286;3348;3348;7.29;0.45;249.39;3.20;964;9;1136.00;0
2388;8;5920739;2388;280;3348;3348;7.27;0.45;249.39;3.20;960;9;1137.00;0
2393;8;5920749;2393;285;3352;3352;7.30;0.45;249.61;3.20;959;10;1138.00;0
2396;8;5920768;2396;280;3352;3352;7.25;0.45;249.78;3.20;956;10;1139.00;0
2398;8;5920780;2398;274;3352;3352;7.23;0.45;249.92;3.20;954;10;1140.00;0
2401;8;5920790;2401;267;3352;3352;7.23;0.44;249.95;3.20;951;10;1141.00;0
2406;8;5920800;2406;267;3353;3353;7.21;0.44;250.28;3.19;947;10;1142.00;0
2408;8;5920811;2408;262;3354;3354;7.27;0.45;250.26;3.19;946;10;1143.00;0
2411;8;5920826;2411;262;3354;3354;7.30;0.45;250.34;3.19;943;10;1144.00;0
2418;8;5920836;2418;256;3355;3355;7.33;0.45;250.53;3.19;937;10;1145.00;0
2421;8;5920846;2421;252;3355;3355;7.36;0.45;250.59;3.19;934;10;1146.00;0
2425;8;5920856;2425;253;3355;3355;7.39;0.45;250.55;3.19;930;10;1147.00;0
2426;8;5920866;2426;257;3355;3355;7.45;0.46;250.58;3.19;929;10;1148.00;0
2428;8;5920876;2428;255;3355;3355;7.48;0.46;250.61;3.19;927;10;1149.00;0
2431;8;5920885;2431;253;3355;3355;7.50;0.46;250.59;3.19;924;10;1150.00;0
2437;8;5920895;2437;247;3355;3355;7.47;0.46;250.73;3.19;918;10;1151.00;0
2441;8;5920905;2441;274;3430;3482;7.56;0.47;250.84;3.12;989;10;1152.00;52
2442;8;5920924;2442;267;3440;3483;7.50;0.46;250.97;3.12;998;10;1153.00;43
2446;8;5920940;2446;265;3448;3483;7.47;0.46;251.18;3.12;1002;10;1154.00;35
2450;8;5920954;2450;251;3448;3483;7.38;0.46;251.18;3.12;998;10;1155.00;35
2454;8;5920971;2454;241;3453;3483;7.41;0.46;251.52;3.12;999;10;1156.00;30
2459;8;5920982;2459;241;3454;3483;7.37;0.46;251.63;3.12;995;10;1157.00;29
2461;8;5920992;2461;236;3457;3483;7.40;0.46;251.90;3.12;996;10;1158.00;26
2467;8;5921003;2467;230;3460;3483;7.42;0.46;251.88;3.12;993;10;1159.00;23
2472;8;5921015;2472;231;3463;3484;7.39;0.45;251.99;3.13;991;10;1160.00;21
2475;8;5921026;2475;236;3466;3485;7.38;0.45;252.13;3.13;991;10;1161.00;19
2478;8;5921038;2478;240;3468;3485;7.37;0.45;252.21;3.14;990;10;1162.00;17
2480;8;5921049;2480;246;3471;3486;7.37;0.45;252.31;3.14;991;10;1163.00;15
2484;8;5921060;2484;251;3472;3486;7.36;0.45;252.58;3.14;988;10;1164.00;14
2485;8;5921071;2485;248;3475;3486;7.39;0.46;252.58;3.15;990;10;1165.00;11
2488;8;5921083;2488;251;3475;3486;7.41;0.46;252.70;3.15;987;10;1166.00;11
2497;8;5921094;2497;249;3482;3490;7.37;0.45;253.00;3.16;985;10;1167.00;8
2499;8;5921106;2499;254;3482;3490;7.37;0.46;253.04;3.16;983;10;1168.00;8
2504;8;5921117;2504;258;3484;3490;7.36;0.45;253.16;3.17;980;10;1169.00;6
2509;8;5921131;2509;262;3488;3496;7.38;0.45;253.11;3.17;979;10;1170.00;8
2514;8;5921143;2514;261;3489;3496;7.33;0.45;253.44;3.17;975;10;1171.00;7
2517;8;5921155;2517;262;3491;3496;7.34;0.45;253.68;3.17;974;10;1172.00;5
2520;8;5921167;2520;262;3497;3500;7.33;0.45;253.71;3.18;977;10;1173.00;3
2526;8;5921179;2526;263;3498;3501;7.34;0.45;254.06;3.18;972;10;1174.00;3
2529;8;5921190;2529;266;3498;3501;7.32;0.45;254.48;3.18;969;10;1175.00;3
2531;8;5921202;2531;262;3503;3505;7.34;0.45;254.63;3.18;972;10;1176.00;2
2539;8;5921214;2539;267;3504;3505;7.28;0.45;254.75;3.18;965;10;1177.00;1
2545;8;5921225;2545;265;3504;3505;7.28;0.45;254.95;3.18;959;10;1178.00;1
2550;8;5921238;2550;266;3505;3506;7.31;0.45;255.19;3.19;955;10;1179.00;1
2555;8;5921250;2555;264;3505;3506;7.23;0.45;255.49;3.19;950;10;1180.00;1
2560;8;5921266;2560;265;3512;3512;7.26;0.45;255.82;3.18;952;10;1181.00;0
2561;8;5921279;2561;264;3512;3512;7.26;0.45;255.95;3.18;951;10;1182.00;0
2567;8;5921294;2567;267;3513;3513;7.19;0.44;256.01;3.18;946;10;1183.00;0
2575;8;5921310;2575;275;3513;3513;7.11;0.44;256.14;3.18;938;10;1184.00;0
2577;8;5921322;2577;282;3513;3513;7.08;0.44;256.30;3.18;936;10;1185.00;0
2582;8;5921333;2582;282;3513;3513;7.01;0.43;256.56;3.18;931;10;1186.00;0
2586;8;5921343;2586;282;3513;3513;6.97;0.43;256.70;3.18;927;10;1187.00;0
2589;8;5921353;2589;290;3524;3525;7.07;0.44;256.72;3.17;935;10;1188.00;1
2592;8;5921365;2592;292;3524;3525;6.99;0.43;256.87;3.17;932;10;1189.00;1
2598;8;5921376;2598;298;3525;3525;6.98;0.43;256.94;3.17;927;10;1190.00;0
2603;8;5921387;2603;302;3525;3525;6.94;0.43;257.14;3.17;922;10;1191.00;0
2607;8;5921398;2607;307;3525;3525;6.94;0.43;257.21;3.17;918;10;1192.00;0
2614;8;5921408;2614;315;3525;3525;6.87;0.42;257.35;3.17;911;10;1193.00;0
2615;8;5921419;2615;315;3529;3529;6.89;0.42;257.44;3.17;914;10;1194.00;0
2618;8;5921431;2618;325;3529;3529;6.90;0.43;257.71;3.17;911;10;1195.00;0
2620;8;5921441;2620;330;3533;3533;6.82;0.42;257.77;3.17;913;10;1196.00;0
2626;8;5921451;2626;331;3534;3534;6.71;0.41;257.73;3.16;908;10;1197.00;0
2632;8;5921462;2632;336;3534;3534;6.55;0.40;257.98;3.16;902;10;1198.00;0
2633;8;5921472;2633;350;3534;3534;6.50;0.40;258.00;3.16;901;10;1199.00;0
2635;8;5921484;2635;363;3560;3575;6.56;0.40;258.09;3.14;925;10;1200.00;15
2638;8;5921502;2638;362;3561;3575;6.50;0.40;258.27;3.14;923;10;1201.00;14
2641;8;5921512;2641;358;3564;3575;6.47;0.40;258.27;3.14;923;10;1202.00;11
2644;8;5921523;2644;352;3566;3576;6.49;0.40;258.53;3.14;922;10;1203.00;10
2646;8;5921535;2646;352;3568;3577;6.54;0.40;258.63;3.14;922;10;1204.00;9
2651;8;5921546;2651;346;3568;3577;6.59;0.40;258.81;3.14;917;10;1205.00;9
2655;8;5921556;2655;351;3572;3580;6.58;0.40;258.93;3.14;917;10;1206.00;8
2656;8;5921567;2656;346;3572;3580;6.55;0.40;258.86;3.14;916;10;1207.00;8
2658;8;5921578;2658;351;3575;3580;6.55;0.40;258.98;3.14;917;10;1208.00;5
2660;8;5921589;2660;353;3576;3580;6.55;0.40;259.08;3.14;916;10;1209.00;4
2663;8;5921599;2663;357;3582;3586;6.50;0.40;259.21;3.14;919;10;1210.00;4
2665;8;5921610;2665;341;3582;3586;6.46;0.40;259.25;3.14;917;10;1211.00;4
2666;8;5921622;2666;337;3582;3586;6.42;0.39;259.20;3.14;916;10;1212.00;4
2667;8;5921632;2667;333;3582;3586;6.42;0.39;259.15;3.14;915;10;1213.00;4
2670;8;5921643;2670;330;3587;3590;6.40;0.39;259.20;3.14;917;10;1214.00;3
2672;8;5921659;2672;327;3589;3592;6.44;0.40;259.10;3.14;917;10;1215.00;3
2677;8;5921675;2677;329;3589;3592;6.45;0.40;259.06;3.14;912;10;1216.00;3
2680;8;5921692;2680;331;3590;3593;6.48;0.40;259.08;3.14;910;10;1217.00;3
2684;8;5921711;2684;333;3590;3593;6.50;0.40;259.29;3.14;906;10;1218.00;3
2687;8;5921728;2687;333;3591;3593;6.55;0.40;259.39;3.14;904;10;1219.00;2
2687;8;5921742;2687;336;3591;3593;6.62;0.41;259.39;3.14;904;10;1220.00;2
2691;8;5921756;2691;340;3591;3593;6.61;0.41;259.37;3.14;900;10;1221.00;2
2695;8;5921772;2695;341;3591;3593;6.61;0.41;259.34;3.14;896;10;1222.00;2
2698;8;5921784;2698;343;3591;3593;6.61;0.41;259.56;3.14;893;10;1223.00;2
2703;8;5921795;2703;359;3635;3663;6.58;0.40;259.57;3.10;932;10;1224.00;28
2705;8;5921820;2705;353;3637;3664;6.57;0.40;259.53;3.11;932;10;1225.00;27
2709;8;5921836;2709;345;3644;3664;6.66;0.41;259.70;3.11;935;10;1226.00;20
2710;8;5921847;2710;346;3645;3664;6.66;0.41;259.65;3.11;935;10;1227.00;19
2711;8;5921859;2711;351;3649;3666;6.68;0.41;259.71;3.11;938;10;1228.00;17
2713;8;5921870;2713;349;3650;3666;6.66;0.41;259.72;3.11;937;10;1229.00;16
2714;8;5921884;2714;352;3655;3666;6.70;0.41;259.65;3.12;941;10;1230.00;11
2716;8;5921895;2716;358;3658;3666;6.73;0.41;259.65;3.12;942;10;1231.00;8
2719;8;5921906;2719;364;3660;3667;6.68;0.41;259.66;3.12;941;10;1232.00;7
2722;8;5921917;2722;367;3663;3668;6.65;0.41;259.69;3.13;941;10;1233.00;5
2724;8;5921927;2724;372;3665;3668;6.64;0.40;259.72;3.13;941;10;1234.00;3
2725;8;5921938;2725;376;3670;3672;6.62;0.40;259.66;3.13;945;10;1235.00;2
2725;8;5921949;2725;382;3672;3672;6.56;0.40;259.66;3.13;947;10;1236.00;0
2728;8;5921959;2728;379;3672;3672;6.51;0.40;259.72;3.13;944;10;1237.00;0
2731;8;5921971;2731;387;3672;3672;6.42;0.39;259.68;3.13;941;10;1238.00;0
2734;8;5921982;2734;386;3677;3678;6.41;0.39;259.75;3.13;943;10;1239.00;1
2740;8;5921994;2740;392;3677;3678;6.29;0.38;259.75;3.13;937;10;1240.00;1
2742;8;5922004;2742;400;3677;3678;6.28;0.38;259.70;3.13;935;10;1241.00;1
2743;8;5922014;2743;405;3680;3681;6.25;0.38;259.71;3.13;937;10;1242.00;1
2744;8;5922024;2744;390;3680;3681;6.23;0.38;259.67;3.13;936;10;1243.00;1
2744;8;5922034;2744;373;3680;3681;6.23;0.38;259.67;3.13;936;10;1244.00;1
2745;8;5922044;2745;365;3681;3682;6.20;0.37;259.76;3.13;936;10;1245.00;1
2745;8;5922056;2745;359;3682;3683;6.28;0.38;259.76;3.13;937;10;1246.00;1
2745;8;5922068;2745;349;3682;3683;6.35;0.38;259.76;3.13;937;10;1247.00;1
2746;8;5922080;2746;340;3693;3696;6.44;0.39;259.73;3.12;947;10;1248.00;3
2747;8;5922092;2747;328;3693;3696;6.45;0.39;259.80;3.12;946;10;1249.00;3
2749;8;5922107;2749;318;3693;3696;6.51;0.39;259.63;3.12;944;10;1250.00;3
2752;8;5922123;2752;310;3694;3697;6.66;0.40;259.64;3.12;942;10;1251.00;3
2753;8;5922134;2753;302;3696;3697;6.70;0.41;259.56;3.12;943;10;1252.00;1
2755;8;5922144;2755;289;3699;3701;6.87;0.42;259.63;3.12;944;10;1253.00;2
2756;8;5922155;2756;277;3699;3701;7.00;0.42;259.62;3.12;943;10;1254.00;2
2760;8;5922165;2760;265;3703;3705;7.00;0.42;259.56;3.11;943;10;1255.00;2
2760;8;5922175;2760;263;3703;3705;7.09;0.43;259.56;3.11;943;10;1256.00;2
2762;8;5922185;2762;260;3703;3705;7.13;0.43;259.75;3.11;941;10;1257.00;2
2762;8;5922195;2762;250;3703;3705;7.18;0.43;259.75;3.11;941;10;1258.00;2
2764;8;5922204;2764;245;3703;3705;7.21;0.44;259.87;3.11;939;10;1259.00;2
2767;8;5922216;2767;241;3726;3739;7.29;0.44;259.82;3.10;959;10;1260.00;13
2769;8;5922229;2769;237;3727;3739;7.35;0.45;259.80;3.09;958;10;1261.00;12
2772;8;5922239;2772;234;3730;3739;7.40;0.45;259.82;3.10;958;10;1262.00;9
2776;8;5922250;2776;241;3731;3739;7.45;0.45;259.77;3.10;955;10;1263.00;8
2780;8;5922260;2780;236;3732;3739;7.44;0.45;260.07;3.10;952;10;1264.00;7
2780;8;5922271;2780;237;3732;3739;7.45;0.45;260.07;3.10;952;10;1265.00;7
2783;8;5922281;2783;230;3734;3740;7.46;0.45;260.10;3.10;951;10;1266.00;6
2785;8;5922292;2785;232;3734;3740;7.52;0.46;260.15;3.10;949;10;1267.00;6
2788;8;5922302;2788;224;3739;3746;7.57;0.46;260.19;3.10;951;10;1268.00;7
2792;8;5922321;2792;226;3740;3747;7.62;0.46;260.16;3.10;948;10;1269.00;7
2795;8;5922332;2795;223;3741;3747;7.64;0.46;260.12;3.10;946;10;1270.00;6
2797;8;5922343;2797;224;3743;3747;7.63;0.46;260.21;3.10;946;10;1271.00;4
2799;8;5922353;2799;219;3746;3751;7.69;0.47;260.35;3.10;947;10;1272.00;5
2799;8;5922364;2799;216;3746;3751;7.72;0.47;260.35;3.10;947;10;1273.00;5
2801;8;5922374;2801;213;3747;3751;7.78;0.47;260.42;3.10;946;10;1274.00;4
2804;8;5922385;2804;216;3748;3752;7.82;0.47;260.66;3.10;944;10;1275.00;4
2807;8;5922395;2807;211;3751;3756;7.82;0.47;260.49;3.10;944;10;1276.00;5
2809;8;5922406;2809;210;3751;3756;7.86;0.48;260.76;3.10;942;10;1277.00;5
2815;8;5922417;2815;212;3753;3759;7.93;0.48;261.07;3.10;938;10;1278.00;6
2816;8;5922428;2816;210;3753;3759;8.02;0.49;261.13;3.10;937;10;1279.00;6
2819;8;5922439;2819;210;3754;3759;8.02;0.49;261.19;3.10;935;10;1280.00;5
2821;8;5922451;2821;207;3755;3759;8.07;0.49;261.12;3.10;934;10;1281.00;4
2824;8;5922462;2824;204;3760;3763;8.11;0.49;261.13;3.11;936;10;1282.00;3
2828;8;5922473;2828;204;3760;3763;8.06;0.49;261.23;3.11;932;10;1283.00;3
2831;8;5922484;2831;210;3761;3763;8.05;0.49;261.23;3.11;930;10;1284.00;2
2832;8;5922496;2832;216;3762;3763;8.06;0.49;261.33;3.11;930;10;1285.00;1
2833;8;5922506;2833;225;3762;3764;8.09;0.49;261.31;3.11;929;10;1286.00;2
2834;8;5922518;2834;222;3763;3765;8.11;0.49;261.29;3.11;929;10;1287.00;2
2836;8;5922529;2836;225;3764;3765;8.06;0.49;261.40;3.11;928;10;1288.00;1
2839;8;5922541;2839;228;3765;3766;8.03;0.49;261.48;3.11;926;10;1289.00;1
2840;8;5922554;2840;230;3766;3766;8.00;0.49;261.48;3.11;926;10;1290.00;0
2842;8;5922565;2842;226;3766;3766;7.96;0.48;261.52;3.11;924;10;1291.00;0
2845;8;5922576;2845;232;3766;3766;7.96;0.48;261.51;3.11;921;10;1292.00;0
2847;8;5922586;2847;231;3766;3766;7.91;0.48;261.53;3.11;919;10;1293.00;0
2849;8;5922597;2849;236;3766;3766;7.86;0.48;261.44;3.11;917;10;1294.00;0
2851;8;5922607;2851;239;3766;3766;7.85;0.48;261.55;3.11;915;10;1295.00;0
2854;8;5922618;2854;258;3840;3893;7.96;0.49;261.51;3.05;986;10;1296.00;53
2855;8;5922640;2855;245;3845;3894;7.94;0.49;261.54;3.05;990;10;1297.00;49
2855;8;5922651;2855;242;3854;3894;7.99;0.49;261.54;3.05;999;10;1298.00;40
2857;8;5922662;2857;240;3857;3894;7.94;0.49;261.63;3.05;1000;10;1299.00;37
2861;8;5922672;2861;236;3864;3894;7.87;0.48;261.67;3.05;1003;10;1300.00;30
2866;8;5922687;2866;235;3865;3894;7.74;0.47;261.66;3.05;999;10;1301.00;29
2869;8;5922698;2869;237;3867;3894;7.70;0.47;261.76;3.05;998;10;1302.00;27
2871;8;5922708;2871;244;3870;3894;7.64;0.47;261.85;3.06;999;10;1303.00;24
2873;8;5922719;2873;246;3873;3895;7.60;0.47;262.12;3.06;1000;10;1304.00;22
2874;8;5922730;2874;244;3877;3897;7.64;0.47;262.17;3.06;1003;10;1305.00;20
2877;8;5922741;2877;242;3880;3897;7.64;0.47;262.59;3.07;1003;10;1306.00;17
2880;8;5922752;2880;245;3883;3898;7.63;0.47;262.60;3.07;1003;10;1307.00;15
2883;8;5922764;2883;246;3886;3898;7.64;0.47;262.63;3.08;1003;10;1308.00;12
2884;8;5922775;2884;248;3888;3898;7.67;0.47;262.73;3.08;1004;10;1309.00;10
2885;8;5922786;2885;251;3891;3898;7.62;0.47;262.81;3.09;1006;10;1310.00;7
2888;8;5922797;2888;258;3895;3902;7.61;0.47;262.82;3.10;1007;10;1311.00;7
2889;8;5922809;2889;263;3897;3902;7.53;0.46;262.81;3.10;1008;10;1312.00;5
2891;8;5922823;2891;273;3897;3902;7.43;0.46;262.80;3.10;1006;10;1313.00;5
2893;8;5922834;2893;277;3900;3905;7.39;0.45;262.78;3.11;1007;10;1314.00;5
2896;8;5922846;2896;278;3900;3905;7.38;0.45;262.74;3.11;1004;10;1315.00;5
2898;8;5922858;2898;281;3902;3905;7.28;0.45;262.89;3.11;1004;10;1316.00;3
2901;8;5922869;2901;284;3906;3909;7.23;0.44;263.14;3.11;1005;10;1317.00;3
2904;8;5922881;2904;287;3908;3910;7.11;0.44;263.21;3.11;1004;10;1318.00;2
2908;8;5922892;2908;289;3909;3910;6.97;0.43;263.39;3.11;1001;10;1319.00;1
2913;8;5922907;2913;276;3915;3915;6.97;0.43;263.49;3.11;1002;10;1320.00;0
2917;8;5922919;2917;274;3915;3915;6.94;0.43;263.67;3.11;998;10;1321.00;0
2922;8;5922931;2922;271;3915;3915;6.87;0.42;263.89;3.11;993;10;1322.00;0
2925;8;5922941;2925;272;3916;3916;6.86;0.42;263.82;3.11;991;10;1323.00;0
2929;8;5922953;2929;266;3916;3916;6.82;0.42;263.81;3.11;987;10;1324.00;0
2931;8;5922965;2931;269;3922;3922;6.86;0.42;264.05;3.10;991;10;1325.00;0
2933;8;5922976;2933;268;3922;3922;6.83;0.42;263.99;3.10;989;10;1326.00;0
2937;8;5922992;2937;264;3923;3923;6.83;0.42;264.05;3.10;986;10;1327.00;0
2942;8;5923003;2942;259;3923;3923;6.82;0.42;264.13;3.10;981;10;1328.00;0
2944;8;5923014;2944;261;3923;3923;6.82;0.42;264.19;3.10;979;10;1329.00;0
2948;8;5923026;2948;264;3923;3923;6.76;0.41;264.28;3.10;975;10;1330.00;0
2953;8;5923037;2953;263;3923;3923;6.74;0.41;264.39;3.10;970;10;1331.00;0
2960;8;5923052;2960;268;3935;3935;6.76;0.41;264.53;3.09;975;10;1332.00;0
2963;8;5923065;2963;272;3935;3935;6.77;0.41;264.66;3.09;972;10;1333.00;0
2968;8;5923077;2968;279;3935;3935;6.75;0.41;264.74;3.09;967;10;1334.00;0
2974;8;5923093;2974;284;3935;3935;6.82;0.42;264.93;3.09;961;10;1335.00;0
2979;8;5923105;2979;283;3935;3935;6.84;0.42;264.83;3.09;956;10;1336.00;0
2985;8;5923119;2985;283;3935;3935;6.85;0.42;265.06;3.09;950;10;1337.00;0
2987;8;5923130;2987;285;3939;3939;6.91;0.42;265.15;3.09;952;10;1338.00;0
2993;8;5923142;2993;285;3939;3939;6.92;0.42;265.43;3.09;946;10;1339.00;0
2998;8;5923154;2998;292;3943;3943;6.98;0.43;265.65;3.09;945;10;1340.00;0
2999;8;5923171;2999;296;3944;3944;7.01;0.43;265.79;3.09;945;10;1341.00;0
3004;8;5923183;3004;303;3944;3944;6.95;0.42;265.89;3.09;940;10;1342.00;0
3009;8;5923194;3009;309;3944;3944;6.90;0.42;266.18;3.09;935;10;1343.00;0
3012;8;5923205;3012;312;3957;3957;6.96;0.42;266.30;3.08;945;10;1344.00;0
3016;8;5923218;3016;322;3957;3957;6.90;0.42;266.25;3.08;941;10;1345.00;0
3018;8;5923230;3018;320;3957;3957;6.83;0.42;266.39;3.08;939;10;1346.00;0
3021;8;5923245;3021;325;3958;3958;6.78;0.41;266.61;3.08;937;10;1347.00;0
3025;8;5923261;3025;336;3959;3959;6.70;0.41;266.69;3.08;934;10;1348.00;0
3031;8;5923277;3031;338;3959;3959;6.58;0.40;266.94;3.08;928;10;1349.00;0
3038;8;5923296;3038;335;3965;3968;6.53;0.40;266.94;3.07;927;10;1350.00;3
3042;8;5923314;3042;343;3965;3968;6.45;0.39;267.10;3.07;923;10;1351.00;3
3048;8;5923328;3048;345;3967;3968;6.34;0.38;267.13;3.07;919;10;1352.00;1
3052;8;5923347;3052;356;3968;3968;6.25;0.38;267.12;3.07;916;10;1353.00;0
3057;8;5923362;3057;360;3973;3974;6.20;0.38;267.32;3.07;916;10;1354.00;1
3059;8;5923378;3059;369;3974;3974;6.14;0.37;267.41;3.07;915;10;1355.00;0
3064;8;5923391;3064;373;3974;3974;6.05;0.37;267.34;3.07;910;10;1356.00;0
3067;8;5923403;3067;380;3974;3974;5.98;0.36;267.46;3.07;907;10;1357.00;0
3071;8;5923414;3071;385;3978;3978;5.93;0.36;267.52;3.07;907;10;1358.00;0
3072;8;5923428;3072;389;3979;3979;5.86;0.36;267.45;3.07;907;10;1359.00;0
3075;8;5923439;3075;387;3979;3979;5.78;0.35;267.37;3.07;904;10;1360.00;0
3077;8;5923448;3077;389;3980;3980;5.72;0.35;267.28;3.07;903;10;1361.00;0
3080;8;5923458;3080;391;3980;3980;5.62;0.34;267.30;3.07;900;10;1362.00;0
3082;8;5923468;3082;395;3980;3980;5.53;0.34;267.17;3.07;898;10;1363.00;0
3083;8;5923477;3083;400;3980;3980;5.47;0.33;267.21;3.07;897;10;1364.00;0
3085;8;5923487;3085;399;3980;3980;5.40;0.33;267.16;3.07;895;10;1365.00;0
3087;8;5923496;3087;404;3980;3980;5.34;0.33;267.26;3.07;893;10;1366.00;0
3088;8;5923505;3088;395;3980;3980;5.33;0.33;267.25;3.07;892;10;1367.00;0
3094;8;5923514;3094;399;4022;4050;5.54;0.34;267.19;3.03;928;10;1368.00;28
3096;8;5923529;3096;392;4024;4051;5.60;0.35;267.26;3.03;928;10;1369.00;27
3099;8;5923540;3099;385;4031;4051;5.73;0.35;267.36;3.03;932;10;1370.00;20
3100;8;5923550;3100;376;4032;4051;5.81;0.36;267.30;3.03;932;10;1371.00;19
3102;8;5923560;3102;375;4034;4051;5.85;0.36;267.35;3.03;932;10;1372.00;17
3104;8;5923570;3104;368;4035;4051;5.90;0.36;267.32;3.03;931;10;1373.00;16
3105;8;5923580;3105;368;4039;4051;5.97;0.37;267.29;3.04;934;10;1374.00;12
3107;8;5923590;3107;369;4040;4051;5.93;0.36;267.27;3.04;933;10;1375.00;11
3108;8;5923601;3108;355;4043;4052;5.98;0.37;267.28;3.04;935;10;1376.00;9
3109;8;5923611;3109;354;4046;4053;5.98;0.37;267.30;3.04;937;10;1377.00;7
3109;8;5923622;3109;351;4048;4053;5.99;0.37;267.30;3.05;939;10;1378.00;5
3109;8;5923632;3109;352;4054;4057;6.04;0.37;267.30;3.05;945;10;1379.00;3
3112;8;5923643;3112;353;4055;4057;6.11;0.37;267.24;3.05;943;10;1380.00;2
3112;8;5923655;3112;357;4056;4057;6.22;0.38;267.24;3.05;944;10;1381.00;1
3115;8;5923665;3115;361;4057;4057;6.32;0.39;267.23;3.05;942;10;1382.00;0
3116;8;5923675;3116;362;4063;4063;6.43;0.39;267.24;3.05;947;10;1383.00;0
3119;8;5923686;3119;368;4063;4063;6.54;0.40;267.41;3.05;944;10;1384.00;0
3119;8;5923698;3119;374;4063;4063;6.61;0.40;267.41;3.05;944;10;1385.00;0
3120;8;5923708;3120;372;4065;4066;6.67;0.41;267.48;3.05;945;10;1386.00;1
3123;8;5923719;3123;375;4065;4066;6.72;0.41;267.49;3.05;942;10;1387.00;1
3124;8;5923731;3124;375;4066;4066;6.77;0.41;267.50;3.05;942;10;1388.00;0
3126;8;5923742;3126;375;4067;4067;6.77;0.41;267.55;3.05;941;10;1389.00;0
3128;8;5923754;3128;362;4068;4068;6.81;0.41;267.56;3.05;940;10;1390.00;0
3131;8;5923766;3131;351;4068;4068;6.89;0.42;267.64;3.05;937;10;1391.00;0
3133;8;5923777;3133;341;4081;4081;6.94;0.42;267.58;3.04;948;10;1392.00;0
3134;8;5923790;3134;337;4081;4081;6.97;0.42;267.50;3.04;947;10;1393.00;0
3135;8;5923802;3135;342;4081;4081;7.02;0.42;267.67;3.04;946;10;1394.00;0
3137;8;5923814;3137;335;4083;4083;7.09;0.43;267.51;3.04;946;11;1395.00;0
3139;8;5923836;3139;329;4083;4083;7.14;0.43;267.50;3.04;944;11;1396.00;0
3139;8;5923852;3139;335;4087;4087;7.21;0.44;267.50;3.03;948;11;1397.00;0
3139;8;5923863;3139;329;4087;4087;7.27;0.44;267.50;3.03;948;11;1398.00;0
3141;8;5923875;3141;337;4091;4091;7.25;0.44;267.56;3.03;950;11;1399.00;0
3144;8;5923893;3144;335;4091;4091;7.22;0.44;267.58;3.03;947;11;1400.00;0
3146;8;5923908;3146;332;4091;4091;7.23;0.44;267.51;3.03;945;11;1401.00;0
3148;8;5923924;3148;330;4091;4091;7.21;0.44;267.51;3.03;943;11;1402.00;0
3148;8;5923935;3148;332;4091;4091;7.25;0.44;267.51;3.03;943;11;1403.00;0
3151;8;5923947;3151;331;4102;4103;7.25;0.44;267.53;3.02;951;11;1404.00;1
3152;8;5923960;3152;331;4102;4103;7.29;0.44;267.57;3.02;950;11;1405.00;1
3153;8;5923971;3153;328;4103;4103;7.31;0.44;267.59;3.02;950;11;1406.00;0
3156;8;5923982;3156;327;4103;4103;7.33;0.45;267.58;3.02;947;11;1407.00;0
3157;8;5923992;3157;328;4103;4103;7.41;0.45;267.60;3.02;946;11;1408.00;0
3157;8;5924003;3157;327;4103;4103;7.47;0.45;267.60;3.02;946;11;1409.00;0
3158;8;5924016;3158;322;4104;4104;7.50;0.46;267.66;3.02;946;11;1410.00;0
3162;8;5924028;3162;316;4104;4104;7.49;0.45;267.80;3.02;942;11;1411.00;0
3163;8;5924042;3163;310;4110;4110;7.57;0.46;267.82;3.02;947;11;1412.00;0
3169;8;5924056;3169;304;4111;4111;7.57;0.46;268.19;3.02;942;11;1413.00;0
3172;8;5924071;3172;297;4111;4111;7.49;0.45;268.49;3.02;939;11;1414.00;0
3174;8;5924084;3174;290;4111;4111;7.47;0.45;268.40;3.02;937;11;1415.00;0
3177;8;5924097;3177;282;4115;4115;7.46;0.45;268.60;3.02;938;11;1416.00;0
3181;8;5924110;3181;277;4115;4115;7.47;0.45;268.80;3.02;934;11;1417.00;0
3182;8;5924123;3182;272;4115;4115;7.56;0.46;268.84;3.02;933;11;1418.00;0
3187;8;5924135;3187;275;4116;4116;7.58;0.46;268.91;3.02;929;11;1419.00;0
3190;8;5924147;3190;273;4120;4120;7.60;0.46;269.18;3.01;930;11;1420.00;0
3191;8;5924158;3191;265;4120;4120;7.62;0.46;269.30;3.01;929;11;1421.00;0
3194;8;5924169;3194;263;4122;4123;7.65;0.46;269.41;3.01;928;11;1422.00;1
3196;8;5924180;3196;266;4123;4123;7.71;0.47;269.53;3.01;927;11;1423.00;0
3201;8;5924190;3201;264;4123;4123;7.74;0.47;269.54;3.01;922;11;1424.00;0
3206;8;5924201;3206;262;4123;4123;7.70;0.47;269.82;3.01;917;11;1425.00;0
3209;8;5924212;3209;260;4127;4127;7.76;0.47;269.86;3.01;918;11;1426.00;0
3216;8;5924223;3216;262;4127;4127;7.79;0.47;270.06;3.01;911;11;1427.00;0
3218;8;5924235;3218;258;4127;4127;7.84;0.47;270.13;3.01;909;11;1428.00;0
3223;8;5924245;3223;254;4127;4127;7.85;0.47;270.17;3.01;904;11;1429.00;0
3225;8;5924257;3225;258;4128;4128;7.84;0.47;270.17;3.01;903;11;1430.00;0
3227;8;5924267;3227;251;4129;4129;7.81;0.47;270.22;3.01;902;11;1431.00;0
3229;8;5924278;3229;250;4129;4129;7.76;0.47;270.46;3.01;900;11;1432.00;0
3230;8;5924289;3230;252;4130;4130;7.78;0.47;270.53;3.01;900;11;1433.00;0
3234;8;5924299;3234;251;4130;4130;7.79;0.47;270.59;3.01;896;11;1434.00;0
3235;8;5924309;3235;252;4130;4130;7.85;0.47;270.60;3.01;895;11;1435.00;0
3237;8;5924319;3237;251;4130;4130;7.87;0.48;270.59;3.01;893;11;1436.00;0
3240;8;5924328;3240;252;4130;4130;7.92;0.48;270.58;3.01;890;11;1437.00;0
3242;8;5924339;3242;246;4130;4130;7.95;0.48;270.53;3.01;888;11;1438.00;0
3245;8;5924348;3245;248;4130;4130;7.93;0.48;270.47;3.01;885;11;1439.00;0
3248;8;5924360;3248;286;4240;4360;7.96;0.50;270.60;2.93;992;11;1440.00;120
3249;8;5924390;3249;279;4245;4361;8.00;0.50;270.73;2.93;996;11;1441.00;116
3250;8;5924402;3250;267;4258;4361;8.09;0.50;270.72;2.93;1008;11;1442.00;103
3252;8;5924412;3252;263;4266;4361;8.10;0.50;270.82;2.93;1014;11;1443.00;95
3255;8;5924423;3255;259;4274;4361;8.11;0.50;270.87;2.93;1019;11;1444.00;87
3259;9;5924433;3259;256;4280;4361;8.10;0.50;270.94;2.93;1021;12;1445.00;81
3261;9;5924451;3261;257;4289;4361;8.16;0.50;271.12;2.94;1028;12;1446.00;72
3263;9;5924466;3263;259;4294;4361;8.17;0.50;271.19;2.94;1031;12;1447.00;67
3265;9;5924477;3265;261;4302;4362;8.18;0.50;271.27;2.95;1037;12;1448.00;60
3268;9;5924489;3268;265;4305;4363;8.20;0.51;271.42;2.96;1037;12;1449.00;58
3271;9;5924501;3271;264;4315;4363;8.11;0.50;271.50;2.97;1044;12;1450.00;48
3275;9;5924512;3275;265;4317;4364;8.00;0.49;271.61;2.98;1042;12;1451.00;47
3279;9;5924525;3279;269;4320;4364;7.90;0.49;271.74;2.98;1041;12;1452.00;44
3282;9;5924536;3282;277;4327;4364;7.80;0.48;271.87;3.00;1045;12;1453.00;37
3283;9;5924547;3283;280;4329;4364;7.69;0.47;271.79;3.00;1046;12;1454.00;35
3286;9;5924558;3286;290;4336;4368;7.64;0.47;271.91;3.02;1050;12;1455.00;32
3288;9;5924570;3288;302;4337;4368;7.60;0.47;271.84;3.02;1049;12;1456.00;31
3290;9;5924582;3290;301;4342;4368;7.53;0.46;271.84;3.03;1052;12;1457.00;26
3293;9;5924593;3293;311;4346;4371;7.48;0.46;271.80;3.04;1053;12;1458.00;25
3294;9;5924605;3294;309;4347;4371;7.45;0.46;271.81;3.04;1053;12;1459.00;24
3299;9;5924621;3299;315;4348;4371;7.40;0.45;272.22;3.05;1049;12;1460.00;23
3300;9;5924633;3300;319;4353;4375;7.41;0.45;272.25;3.05;1053;12;1461.00;22
3302;9;5924644;3302;325;4356;4376;7.44;0.46;272.19;3.06;1054;12;1462.00;20
3307;9;5924656;3307;336;4357;4376;7.46;0.46;272.12;3.06;1050;12;1463.00;19
3310;9;5924667;3310;337;4361;4380;7.51;0.46;272.17;3.06;1051;12;1464.00;19
3311;9;5924679;3311;336;4364;4380;7.51;0.46;272.16;3.08;1053;12;1465.00;16
3315;9;5924690;3315;340;4365;4380;7.51;0.46;272.20;3.08;1050;12;1466.00;15
3318;9;5924702;3318;345;4368;4381;7.48;0.46;272.14;3.09;1050;12;1467.00;13
3319;9;5924714;3319;349;4369;4381;7.48;0.46;272.27;3.10;1050;12;1468.00;12
3321;9;5924726;3321;347;4374;4387;7.50;0.46;272.30;3.10;1053;12;1469.00;13
3323;9;5924739;3323;346;4376;4387;7.39;0.45;272.49;3.11;1053;12;1470.00;11
3328;9;5924750;3328;339;4377;4388;7.35;0.45;272.46;3.11;1049;12;1471.00;11
3330;9;5924763;3330;349;4379;4388;7.31;0.45;272.64;3.12;1049;12;1472.00;9
3335;9;5924774;3335;352;4379;4388;7.22;0.44;272.56;3.12;1044;12;1473.00;9
3338;9;5924786;3338;348;4380;4388;7.19;0.44;272.55;3.13;1042;12;1474.00;8
3340;9;5924798;3340;350;4382;4388;7.12;0.44;272.65;3.13;1042;12;1475.00;6
3343;9;5924808;3343;353;4393;4400;7.10;0.43;272.69;3.13;1050;12;1476.00;7
3347;9;5924820;3347;353;4393;4400;6.98;0.43;272.68;3.13;1046;12;1477.00;7
3349;9;5924833;3349;361;4395;4400;6.88;0.42;272.66;3.13;1046;12;1478.00;5
3350;9;5924843;3350;365;4395;4400;6.82;0.42;272.66;3.13;1045;12;1479.00;5
3352;9;5924854;3352;369;4396;4400;6.74;0.41;272.70;3.13;1044;12;1480.00;4
3355;9;5924865;3355;371;4396;4400;6.64;0.41;272.81;3.13;1041;12;1481.00;4
3360;9;5924878;3360;374;4400;4404;6.49;0.40;272.90;3.13;1040;12;1482.00;4
3363;9;5924891;3363;368;4400;4404;6.36;0.39;272.91;3.13;1037;12;1483.00;4
3364;9;5924901;3364;376;4404;4408;6.29;0.39;273.01;3.12;1040;12;1484.00;4
3368;9;5924912;3368;364;4406;4410;6.21;0.38;273.11;3.12;1038;12;1485.00;4
3372;9;5924922;3372;360;4406;4410;6.18;0.38;273.27;3.12;1034;12;1486.00;4
3374;9;5924933;3374;363;4406;4410;6.15;0.38;273.37;3.12;1032;12;1487.00;4
3379;9;5924944;3379;366;4419;4423;6.17;0.38;273.45;3.11;1040;12;1488.00;4
3384;9;5924955;3384;366;4419;4423;6.13;0.38;273.65;3.11;1035;12;1489.00;4
3387;9;5924966;3387;371;4419;4423;6.11;0.38;273.68;3.11;1032;12;1490.00;4
3391;9;5924977;3391;369;4420;4424;6.11;0.38;273.74;3.11;1029;12;1491.00;4
3393;9;5924987;3393;370;4421;4425;6.11;0.38;273.94;3.11;1028;12;1492.00;4
3401;9;5924997;3401;368;4421;4425;6.03;0.37;273.94;3.11;1020;12;1493.00;4
3404;9;5925008;3404;361;4423;4428;6.07;0.37;274.08;3.11;1019;12;1494.00;5
3405;9;5925019;3405;360;4423;4428;6.13;0.38;274.13;3.11;1018;12;1495.00;5
3407;9;5925030;3407;362;4424;4428;6.12;0.38;274.16;3.11;1017;12;1496.00;4
3410;9;5925041;3410;363;4425;4428;6.06;0.37;274.14;3.12;1015;12;1497.00;3
3413;9;5925051;3413;369;4430;4434;6.06;0.38;274.00;3.12;1017;12;1498.00;4
3417;9;5925062;3417;379;4431;4434;5.94;0.37;273.95;3.12;1014;12;1499.00;3
3422;9;5925075;3422;382;4436;4453;5.79;0.36;273.82;3.12;1014;12;1500.00;17
3424;9;5925092;3424;388;4436;4453;5.76;0.36;273.84;3.12;1012;12;1501.00;17
3426;9;5925103;3426;394;4440;4457;5.72;0.36;273.89;3.11;1014;12;1502.00;17
3429;9;5925113;3429;397;4442;4458;5.71;0.35;273.87;3.11;1013;12;1503.00;16
3433;9;5925124;3433;405;4442;4458;5.64;0.35;274.21;3.11;1009;12;1504.00;16
3435;9;5925133;3435;403;4445;4459;5.57;0.35;274.22;3.11;1010;12;1505.00;14
3442;9;5925144;3442;405;4446;4459;5.43;0.34;274.13;3.11;1004;12;1506.00;13
3447;9;5925154;3447;406;4446;4459;5.36;0.33;274.13;3.11;999;12;1507.00;13
3451;9;5925164;3451;410;4446;4459;5.30;0.33;274.08;3.11;995;12;1508.00;13
3456;9;5925174;3456;411;4446;4459;5.23;0.32;274.06;3.11;990;12;1509.00;13
3457;9;5925183;3457;415;4447;4459;5.19;0.32;274.11;3.12;990;12;1510.00;12
3462;9;5925193;3462;422;4448;4459;5.17;0.32;274.19;3.12;986;12;1511.00;11
3466;9;5925202;3466;428;4491;4529;5.28;0.33;274.29;3.10;1025;12;1512.00;38
3472;9;5925222;3472;431;4492;4530;5.27;0.33;274.30;3.10;1020;12;1513.00;38
3478;9;5925238;3478;435;4498;4530;5.29;0.33;274.18;3.10;1020;12;1514.00;32
3486;9;5925255;3486;434;4499;4530;5.24;0.33;273.91;3.10;1013;12;1515.00;31
3488;9;5925273;3488;443;4503;4530;5.29;0.33;273.93;3.11;1015;12;1516.00;27
3493;9;5925288;3493;438;4508;4530;5.29;0.33;273.81;3.11;1015;12;1517.00;22
3498;9;5925300;3498;442;4512;4530;5.25;0.33;273.83;3.13;1014;12;1518.00;18
3502;9;5925315;3502;440;4514;4530;5.25;0.33;273.68;3.13;1012;12;1519.00;16
3507;9;5925328;3507;443;4517;4531;5.24;0.32;273.71;3.13;1010;12;1520.00;14
3511;9;5925340;3511;440;4519;4532;5.18;0.32;273.64;3.14;1008;12;1521.00;13
3514;9;5925355;3514;450;4521;4532;5.15;0.32;273.72;3.14;1007;12;1522.00;11
3516;9;5925372;3516;457;4526;4536;5.22;0.32;273.79;3.14;1010;12;1523.00;10
3520;9;5925385;3520;459;4527;4536;5.17;0.32;273.87;3.14;1007;12;1524.00;9
3522;9;5925398;3522;461;4527;4536;5.16;0.32;274.03;3.14;1005;12;1525.00;9
3525;9;5925410;3525;465;4527;4536;5.12;0.32;274.04;3.14;1002;12;1526.00;9
3529;9;5925424;3529;475;4532;4542;5.14;0.32;274.03;3.15;1003;12;1527.00;10
3530;9;5925435;3530;480;4533;4542;5.07;0.31;273.98;3.15;1003;12;1528.00;9
3534;9;5925446;3534;479;4534;4542;5.02;0.31;273.95;3.15;1000;12;1529.00;8
3535;9;5925458;3535;481;4539;4548;5.06;0.31;273.96;3.16;1004;12;1530.00;9
3535;9;5925469;3535;486;4540;4548;5.11;0.31;273.96;3.16;1005;12;1531.00;8
3539;9;5925479;3539;485;4542;4548;5.10;0.31;274.04;3.16;1003;12;1532.00;6
3540;9;5925489;3540;479;4543;4549;5.06;0.31;274.08;3.16;1003;12;1533.00;6
3540;9;5925500;3540;476;4546;4550;5.07;0.31;274.08;3.18;1006;12;1534.00;4
3543;9;5925510;3543;477;4547;4550;5.01;0.31;274.15;3.18;1004;12;1535.00;3
3544;9;5925520;3544;484;4559;4563;5.10;0.31;274.08;3.17;1015;12;1536.00;4
3548;9;5925531;3548;470;4559;4563;5.11;0.31;274.01;3.17;1011;12;1537.00;4
3551;9;5925543;3551;464;4559;4563;5.16;0.31;273.92;3.17;1008;12;1538.00;4
3555;9;5925553;3555;455;4562;4564;5.28;0.32;273.88;3.19;1007;12;1539.00;2
3557;9;5925563;3557;452;4562;4564;5.38;0.33;274.00;3.19;1005;12;1540.00;2
3557;9;5925580;3557;435;4567;4568;5.54;0.34;274.00;3.19;1010;12;1541.00;1
3559;9;5925591;3559;422;4568;4568;5.62;0.34;273.98;3.19;1009;12;1542.00;0
3560;9;5925604;3560;414;4572;4572;5.70;0.35;273.97;3.19;1012;12;1543.00;0
3563;9;5925620;3563;395;4572;4572;5.79;0.35;273.96;3.19;1009;12;1544.00;0
3563;9;5925633;3563;389;4572;4572;5.89;0.36;273.96;3.19;1009;12;1545.00;0
3564;9;5925649;3564;385;4572;4572;6.02;0.37;273.91;3.19;1008;12;1546.00;0
3565;9;5925662;3565;378;4572;4572;6.14;0.37;273.92;3.19;1007;12;1547.00;0
3565;9;5925675;3565;369;4581;4584;6.26;0.38;273.92;3.18;1016;12;1548.00;3
3567;9;5925700;3567;367;4583;4584;6.36;0.39;273.88;3.18;1016;12;1549.00;1
3568;9;5925713;3568;371;4584;4584;6.39;0.39;273.81;3.18;1016;12;1550.00;0
3570;9;5925727;3570;371;4584;4584;6.44;0.39;273.82;3.18;1014;12;1551.00;0
3572;9;5925739;3572;361;4584;4584;6.54;0.40;273.79;3.18;1012;12;1552.00;0
3572;9;5925751;3572;353;4584;4584;6.60;0.40;273.79;3.18;1012;12;1553.00;0
3573;9;5925763;3573;351;4585;4585;6.65;0.41;273.80;3.18;1012;12;1554.00;0
3575;9;5925775;3575;348;4587;4587;6.66;0.41;273.74;3.18;1012;12;1555.00;0
3576;9;5925788;3576;344;4593;4593;6.78;0.41;273.79;3.18;1017;12;1556.00;0
3577;9;5925800;3577;338;4594;4594;6.86;0.42;273.81;3.18;1017;12;1557.00;0
3577;9;5925818;3577;338;4594;4594;6.90;0.42;273.81;3.18;1017;12;1558.00;0
3581;9;5925831;3581;335;4594;4594;6.85;0.42;273.99;3.18;1013;12;1559.00;0
3583;9;5925845;3583;328;4599;4599;6.88;0.42;273.99;3.17;1016;12;1560.00;0
3584;9;5925857;3584;330;4599;4599;6.93;0.42;274.04;3.17;1015;12;1561.00;0
3586;9;5925868;3586;325;4599;4599;7.00;0.43;273.99;3.17;1013;12;1562.00;0
3590;9;5925880;3590;328;4600;4600;7.07;0.43;274.13;3.17;1010;12;1563.00;0
3595;9;5925892;3595;332;4604;4604;7.09;0.43;274.41;3.17;1009;12;1564.00;0
3596;9;5925904;3596;330;4604;4604;7.16;0.44;274.38;3.17;1008;12;1565.00;0
3597;9;5925916;3597;330;4606;4607;7.26;0.44;274.52;3.17;1009;12;1566.00;1
3602;9;5925928;3602;329;4606;4607;7.28;0.44;274.56;3.17;1004;12;1567.00;1
3604;9;5925940;3604;334;4607;4607;7.36;0.45;274.73;3.17;1003;12;1568.00;0
3608;9;5925951;3608;340;4607;4607;7.40;0.45;274.84;3.17;999;12;1569.00;0
3611;9;5925964;3611;338;4611;4611;7.46;0.45;274.87;3.17;1000;12;1570.00;0
3613;9;5925976;3613;344;4611;4611;7.50;0.45;275.06;3.17;998;12;1571.00;0
3613;9;5925987;3613;346;4611;4611;7.53;0.46;275.06;3.17;998;12;1572.00;0
3617;9;5925998;3617;345;4611;4611;7.47;0.45;275.18;3.17;994;12;1573.00;0
3619;9;5926010;3619;345;4612;4612;7.43;0.45;275.33;3.17;993;12;1574.00;0
3620;9;5926021;3620;340;4614;4614;7.38;0.45;275.35;3.17;994;12;1575.00;0
3623;9;5926034;3623;338;4614;4614;7.33;0.44;275.47;3.17;991;12;1576.00;0
3625;9;5926047;3625;327;4615;4615;7.29;0.44;275.59;3.16;990;12;1577.00;0
3628;9;5926058;3628;322;4615;4615;7.24;0.44;275.64;3.16;987;12;1578.00;0
3633;9;5926071;3633;309;4615;4615;7.15;0.43;276.03;3.16;982;12;1579.00;0
3635;9;5926083;3635;300;4615;4615;7.13;0.43;276.09;3.16;980;12;1580.00;0
3638;9;5926100;3638;293;4615;4615;7.08;0.43;276.17;3.16;977;12;1581.00;0
3639;9;5926115;3639;291;4615;4615;7.09;0.43;276.27;3.16;976;12;1582.00;0
3644;9;5926133;3644;288;4615;4615;7.07;0.43;276.46;3.16;971;12;1583.00;0
3646;9;5926152;3646;317;4695;4742;7.08;0.44;276.39;3.11;1049;12;1584.00;47
3649;9;5926188;3649;298;4695;4743;7.13;0.44;276.53;3.11;1046;12;1585.00;48
3651;9;5926207;3651;294;4700;4743;7.21;0.44;276.50;3.11;1049;12;1586.00;43
3652;9;5926224;3652;288;4702;4743;7.29;0.45;276.54;3.11;1050;12;1587.00;41
3653;9;5926239;3653;291;4707;4743;7.40;0.45;276.55;3.11;1054;12;1588.00;36
3659;9;5926253;3659;282;4709;4743;7.41;0.45;276.72;3.11;1050;12;1589.00;34
3664;9;5926272;3664;290;4711;4743;7.42;0.45;276.69;3.11;1047;12;1590.00;32
3666;10;5926285;3666;294;4714;4743;7.52;0.46;276.78;3.12;1048;13;1591.00;29
3670;10;5926305;3670;293;4717;4744;7.56;0.46;276.70;3.12;1047;13;1592.00;27
3672;10;5926318;3672;290;4722;4745;7.57;0.46;276.91;3.13;1050;13;1593.00;23
3675;10;5926330;3675;290;4723;4745;7.60;0.46;276.92;3.13;1048;13;1594.00;22
3677;10;5926342;3677;290;4726;4746;7.62;0.46;277.00;3.13;1049;13;1595.00;20
3680;10;5926355;3680;294;4730;4746;7.58;0.46;277.16;3.14;1050;13;1596.00;16
3683;10;5926374;3683;299;4733;4746;7.52;0.46;277.23;3.15;1050;13;1597.00;13
3687;10;5926390;3687;299;4734;4746;7.44;0.45;277.23;3.15;1047;13;1598.00;12
3688;10;5926402;3688;302;4740;4750;7.35;0.45;277.30;3.16;1052;13;1599.00;10
3690;10;5926415;3690;308;4743;4750;7.27;0.44;277.25;3.16;1053;13;1600.00;7
3693;10;5926431;3693;318;4743;4750;7.15;0.44;277.29;3.16;1050;13;1601.00;7
3693;10;5926443;3693;321;4746;4753;7.10;0.43;277.29;3.16;1053;13;1602.00;7
3696;10;5926456;3696;321;4746;4753;7.07;0.43;277.47;3.16;1050;13;1603.00;7
3698;10;5926467;3698;332;4748;4753;7.04;0.43;277.60;3.16;1050;13;1604.00;5
3698;10;5926480;3698;327;4752;4757;6.99;0.43;277.60;3.16;1054;13;1605.00;5
3703;10;5926492;3703;324;4754;4758;7.02;0.43;277.69;3.17;1051;13;1606.00;4
3703;10;5926504;3703;325;4754;4758;7.06;0.43;277.69;3.17;1051;13;1607.00;4
3705;10;5926515;3705;316;4757;4762;7.14;0.43;277.76;3.16;1052;13;1608.00;5
3706;10;5926528;3706;321;4757;4762;7.16;0.44;277.69;3.16;1051;13;1609.00;5
3707;10;5926540;3707;317;4757;4762;7.16;0.44;277.66;3.16;1050;13;1610.00;5
3708;10;5926552;3708;324;4758;4763;7.24;0.44;277.64;3.16;1050;13;1611.00;5
3709;10;5926564;3709;328;4758;4763;7.27;0.44;277.73;3.16;1049;13;1612.00;5
3711;10;5926576;3711;325;4764;4769;7.33;0.45;277.88;3.16;1053;13;1613.00;5
3711;10;5926589;3711;326;4764;4769;7.37;0.45;277.88;3.16;1053;13;1614.00;5
3715;10;5926600;3715;331;4765;4770;7.33;0.45;278.09;3.17;1050;13;1615.00;5
3717;10;5926612;3717;329;4765;4770;7.35;0.45;278.20;3.17;1048;13;1616.00;5
3719;10;5926624;3719;332;4765;4770;7.40;0.45;278.23;3.17;1046;13;1617.00;5
3722;10;5926637;3722;336;4766;4770;7.33;0.45;278.29;3.17;1044;13;1618.00;4
3724;10;5926651;3724;345;4766;4770;7.31;0.45;278.27;3.17;1042;14;1619.00;4
3726;10;5926681;3726;353;4795;4806;7.47;0.46;278.21;3.17;1069;14;1620.00;11
3730;10;5926697;3730;350;4797;4806;7.40;0.45;278.20;3.16;1067;14;1621.00;9
3733;10;5926709;3733;349;4803;4806;7.36;0.45;278.26;3.16;1070;14;1622.00;3
3737;10;5926721;3737;349;4803;4806;7.25;0.44;278.35;3.16;1066;14;1623.00;3
3737;10;5926733;3737;359;4805;4806;7.18;0.44;278.35;3.16;1068;14;1624.00;1
3741;10;5926746;3741;364;4806;4806;7.06;0.43;278.43;3.17;1065;14;1625.00;0
3744;10;5926757;3744;360;4810;4810;6.96;0.43;278.41;3.16;1066;14;1626.00;0
3746;10;5926769;3746;360;4810;4810;6.88;0.42;278.48;3.16;1064;14;1627.00;0
3748;10;5926780;3748;365;4814;4814;6.86;0.42;278.47;3.16;1066;14;1628.00;0
3749;10;5926792;3749;371;4815;4815;6.83;0.42;278.50;3.16;1066;14;1629.00;0
3754;10;5926803;3754;376;4815;4815;6.69;0.41;278.57;3.16;1061;14;1630.00;0
3756;10;5926815;3756;382;4815;4815;6.59;0.40;278.65;3.16;1059;14;1631.00;0
3759;10;5926826;3759;391;4828;4828;6.54;0.40;278.59;3.15;1069;14;1632.00;0
3763;10;5926838;3763;396;4828;4828;6.43;0.39;278.63;3.15;1065;14;1633.00;0
3768;10;5926849;3768;395;4828;4828;6.37;0.39;278.54;3.15;1060;14;1634.00;0
3769;10;5926860;3769;397;4829;4829;6.34;0.39;278.50;3.15;1060;14;1635.00;0
3772;10;5926870;3772;400;4830;4830;6.29;0.38;278.57;3.15;1058;14;1636.00;0
3772;10;5926881;3772;399;4830;4830;6.33;0.39;278.57;3.15;1058;14;1637.00;0
3776;10;5926891;3776;409;4833;4833;6.34;0.39;278.53;3.15;1057;14;1638.00;0
3780;10;5926908;3780;410;4833;4833;6.32;0.39;278.72;3.15;1053;14;1639.00;0
3782;10;5926918;3782;414;4833;4833;6.30;0.38;278.65;3.15;1051;14;1640.00;0
3784;10;5926928;3784;419;4833;4833;6.26;0.38;278.67;3.15;1049;14;1641.00;0
3789;10;5926938;3789;424;4839;4839;6.20;0.38;278.69;3.15;1050;14;1642.00;0
3790;10;5926950;3790;421;4839;4839;6.13;0.37;278.73;3.15;1049;14;1643.00;0
3793;10;5926960;3793;426;4839;4839;6.06;0.37;278.96;3.15;1046;14;1644.00;0
3794;10;5926970;3794;429;4839;4839;5.96;0.36;279.02;3.15;1045;14;1645.00;0
3798;10;5926979;3798;436;4843;4843;5.85;0.36;278.99;3.15;1045;14;1646.00;0
3803;10;5926990;3803;438;4844;4844;5.68;0.35;278.96;3.14;1041;14;1647.00;0
3804;10;5927000;3804;441;4844;4844;5.57;0.34;279.00;3.14;1040;14;1648.00;0
3806;10;5927009;3806;450;4845;4845;5.41;0.33;279.05;3.14;1039;14;1649.00;0
3809;10;5927021;3809;444;4845;4845;5.32;0.33;279.02;3.14;1036;14;1650.00;0
3815;10;5927033;3815;445;4845;4845;5.21;0.32;279.24;3.14;1030;14;1651.00;0
3820;10;5927045;3820;445;4845;4845;5.09;0.31;279.25;3.14;1025;14;1652.00;0
3822;10;5927054;3822;436;4845;4845;5.08;0.31;279.38;3.14;1023;14;1653.00;0
3825;10;5927064;3825;436;4845;4845;5.07;0.31;279.36;3.14;1020;14;1654.00;0
3830;10;5927074;3830;442;4845;4845;5.02;0.31;279.41;3.14;1015;14;1655.00;0
3832;10;5927083;3832;449;4887;4915;5.20;0.32;279.41;3.12;1055;14;1656.00;28
3835;10;5927098;3835;435;4891;4916;5.20;0.32;279.41;3.12;1056;14;1657.00;25
3839;10;5927110;3839;429;4897;4916;5.26;0.32;279.36;3.11;1058;14;1658.00;19
3841;10;5927136;3841;427;4899;4916;5.27;0.32;279.35;3.11;1058;14;1659.00;17
3845;10;5927154;3845;431;4900;4916;5.22;0.32;279.24;3.11;1055;14;1660.00;16
3846;10;5927172;3846;429;4900;4916;5.18;0.32;279.22;3.11;1054;14;1661.00;16
3849;10;5927189;3849;432;4903;4916;5.12;0.31;279.14;3.12;1054;14;1662.00;13
3852;10;5927207;3852;440;4904;4916;5.10;0.31;279.07;3.12;1052;14;1663.00;12
3856;10;5927222;3856;437;4904;4917;5.05;0.31;279.06;3.12;1048;14;1664.00;13
3859;10;5927237;3859;448;4907;4919;5.04;0.31;278.98;3.12;1048;14;1665.00;12
3863;10;5927250;3863;452;4908;4919;5.00;0.31;279.03;3.12;1045;14;1666.00;11
3867;10;5927262;3867;451;4915;4923;5.01;0.31;278.93;3.12;1048;14;1667.00;8
3871;10;5927279;3871;458;4918;4923;5.02;0.31;278.97;3.13;1047;14;1668.00;5
3875;10;5927296;3875;460;4921;4923;4.97;0.30;279.06;3.13;1046;14;1669.00;2
3879;10;5927322;3879;463;4923;4923;4.96;0.30;279.10;3.14;1044;14;1670.00;0
3884;10;5927338;3884;463;4929;4929;4.93;0.30;278.99;3.13;1045;14;1671.00;0
3887;10;5927351;3887;467;4929;4929;4.95;0.30;279.03;3.13;1042;14;1672.00;0
3890;10;5927362;3890;466;4929;4929;4.98;0.30;279.18;3.13;1039;14;1673.00;0
3890;10;5927373;3890;467;4931;4932;5.01;0.31;279.18;3.13;1041;14;1674.00;1
3895;10;5927384;3895;472;4931;4932;4.97;0.30;279.13;3.13;1036;14;1675.00;1
3899;10;5927396;3899;470;4931;4932;4.91;0.30;279.08;3.13;1032;14;1676.00;1
3903;10;5927407;3903;472;4932;4933;4.88;0.30;279.08;3.13;1029;14;1677.00;1
3907;10;5927419;3907;482;4933;4934;4.86;0.30;279.12;3.13;1026;14;1678.00;1
3911;10;5927430;3911;482;4933;4934;4.82;0.29;279.31;3.13;1022;14;1679.00;1
3915;10;5927443;3915;487;4956;4960;4.92;0.30;279.29;3.12;1041;14;1680.00;4
3917;10;5927456;3917;494;4956;4960;4.94;0.30;279.20;3.12;1039;14;1681.00;4
3919;10;5927467;3919;491;4958;4960;4.98;0.30;279.17;3.12;1039;14;1682.00;2
3921;10;5927478;3921;496;4959;4961;4.99;0.30;279.15;3.12;1038;14;1683.00;2
3924;10;5927488;3924;483;4959;4961;4.98;0.30;279.13;3.12;1035;14;1684.00;2
3926;10;5927500;3926;474;4962;4965;5.01;0.31;279.21;3.11;1036;14;1685.00;3
3931;10;5927511;3931;467;4962;4965;5.03;0.31;279.30;3.11;1031;14;1686.00;3
3933;10;5927522;3933;464;4966;4969;5.06;0.31;279.38;3.11;1033;14;1687.00;3
3935;10;5927534;3935;462;4967;4969;5.04;0.31;279.25;3.11;1032;14;1688.00;2
3937;10;5927547;3937;462;4967;4969;5.06;0.31;279.30;3.11;1030;14;1689.00;2
3938;10;5927557;3938;462;4967;4969;5.12;0.31;279.36;3.11;1029;14;1690.00;2
3940;10;5927568;3940;454;4967;4969;5.19;0.31;279.31;3.11;1027;14;1691.00;2
3943;10;5927580;3943;456;4979;4981;5.34;0.32;279.39;3.11;1036;14;1692.00;2
3945;10;5927592;3945;456;4979;4981;5.39;0.33;279.34;3.11;1034;14;1693.00;2
3948;10;5927603;3948;456;4980;4981;5.43;0.33;279.35;3.11;1032;14;1694.00;1
3951;10;5927614;3951;457;4980;4981;5.47;0.33;279.37;3.11;1029;14;1695.00;1
3952;10;5927625;3952;466;4980;4981;5.45;0.33;279.37;3.11;1028;14;1696.00;1
3952;10;5927636;3952;455;4981;4981;5.50;0.33;279.37;3.11;1029;14;1697.00;0
3954;10;5927649;3954;442;4982;4982;5.54;0.34;279.33;3.11;1028;14;1698.00;0
3956;11;5927661;3956;438;4982;4982;5.58;0.34;279.39;3.11;1026;15;1699.00;0
3956;11;5927685;3956;434;4988;4988;5.64;0.34;279.39;3.11;1032;15;1700.00;0
3959;11;5927700;3959;432;4989;4989;5.67;0.34;279.38;3.11;1030;15;1701.00;0
3963;11;5927716;3963;428;4989;4989;5.74;0.35;279.45;3.11;1026;15;1702.00;0
3964;11;5927728;3964;428;4989;4989;5.77;0.35;279.45;3.11;1025;15;1703.00;0
3965;11;5927740;3965;427;4993;4993;5.82;0.35;279.50;3.10;1028;15;1704.00;0
3968;11;5927751;3968;425;4993;4993;5.86;0.36;279.48;3.10;1025;15;1705.00;0
3970;11;5927763;3970;414;4993;4993;5.88;0.36;279.60;3.10;1023;15;1706.00;0
3973;11;5927778;3973;409;4994;4994;5.91;0.36;279.65;3.10;1021;15;1707.00;0
3976;11;5927789;3976;402;4998;4998;5.93;0.36;279.88;3.10;1022;15;1708.00;0
3977;11;5927803;3977;394;4998;4998;6.00;0.37;279.98;3.10;1021;15;1709.00;0
3977;11;5927815;3977;386;5002;5004;6.17;0.38;279.98;3.10;1025;15;1710.00;2
3981;11;5927827;3981;381;5003;5004;6.27;0.38;280.10;3.10;1022;15;1711.00;1
3983;11;5927839;3983;380;5004;5004;6.31;0.38;280.19;3.10;1021;15;1712.00;0
3985;11;5927851;3985;378;5004;5004;6.32;0.39;280.33;3.10;1019;15;1713.00;0
3989;11;5927862;3989;373;5008;5008;6.39;0.39;280.38;3.10;1019;15;1714.00;0
3989;11;5927874;3989;379;5008;5008;6.50;0.40;280.38;3.10;1019;15;1715.00;0
3991;11;5927885;3991;381;5008;5008;6.54;0.40;280.53;3.10;1017;15;1716.00;0
3993;11;5927897;3993;372;5008;5008;6.58;0.40;280.55;3.10;1015;15;1717.00;0
3996;11;5927910;3996;375;5009;5009;6.56;0.40;280.72;3.10;1013;15;1718.00;0
3997;11;5927922;3997;368;5010;5010;6.58;0.40;280.72;3.10;1013;15;1719.00;0
3998;11;5927934;3998;370;5010;5010;6.57;0.40;280.81;3.10;1012;15;1720.00;0
3999;11;5927946;3999;377;5011;5011;6.58;0.40;280.81;3.10;1012;15;1721.00;0
4002;11;5927959;4002;370;5011;5011;6.60;0.40;281.11;3.10;1009;15;1722.00;0
4003;11;5927971;4003;366;5011;5011;6.59;0.40;281.17;3.10;1008;15;1723.00;0
4008;11;5927983;4008;365;5011;5011;6.63;0.41;281.35;3.10;1003;15;1724.00;0
4012;11;5927995;4012;362;5011;5011;6.65;0.41;281.64;3.10;999;15;1725.00;0
4016;11;5928008;4016;363;5011;5011;6.70;0.41;281.76;3.10;995;16;1726.00;0
4018;11;5928033;4018;362;5011;5011;6.81;0.42;281.77;3.10;993;16;1727.00;0
4020;11;5928045;4020;385;5093;5138;6.93;0.43;281.81;3.05;1073;16;1728.00;45
4024;11;5928067;4024;374;5096;5139;6.97;0.43;281.89;3.05;1072;16;1729.00;43
4025;11;5928079;4025;374;5103;5139;7.06;0.44;282.00;3.04;1078;16;1730.00;36
4031;11;5928091;4031;373;5104;5139;7.04;0.44;282.22;3.04;1073;16;1731.00;35
4032;11;5928102;4032;377;5108;5139;7.09;0.44;282.34;3.05;1076;16;1732.00;31
4034;11;5928113;4034;382;5110;5139;7.15;0.44;282.53;3.05;1076;16;1733.00;29
4037;11;5928125;4037;387;5110;5139;7.18;0.44;282.76;3.05;1073;16;1734.00;29
4039;11;5928142;4039;397;5113;5139;7.20;0.44;282.90;3.05;1074;16;1735.00;26
4042;11;5928154;4042;397;5114;5140;7.17;0.44;283.05;3.05;1072;16;1736.00;26
4045;11;5928166;4045;403;5117;5141;7.15;0.44;283.10;3.05;1072;16;1737.00;24
4050;11;5928179;4050;405;5121;5141;7.13;0.44;283.32;3.06;1071;16;1738.00;20
4054;11;5928191;4054;401;5124;5142;7.09;0.44;283.33;3.06;1070;16;1739.00;18
4056;11;5928204;4056;400;5126;5142;7.02;0.43;283.36;3.07;1070;16;1740.00;16
4058;11;5928216;4058;398;5131;5142;7.01;0.43;283.44;3.08;1073;16;1741.00;11
4059;11;5928232;4059;392;5133;5142;6.99;0.43;283.48;3.08;1074;16;1742.00;9
4061;11;5928245;4061;386;5138;5146;6.96;0.43;283.54;3.08;1077;16;1743.00;8
4061;11;5928261;4061;386;5139;5146;6.91;0.42;283.54;3.08;1078;16;1744.00;7
4063;11;5928274;4063;383;5140;5146;6.93;0.42;283.67;3.09;1077;16;1745.00;6
4066;11;5928290;4066;382;5142;5149;6.90;0.42;283.80;3.09;1076;16;1746.00;7
4067;11;5928304;4067;373;5144;5149;6.93;0.42;283.77;3.09;1077;16;1747.00;5
4069;11;5928317;4069;372;5144;5149;6.88;0.42;283.90;3.09;1075;16;1748.00;5
4074;11;5928329;4074;367;5148;5153;6.87;0.42;284.20;3.09;1074;16;1749.00;5
4078;11;5928341;4078;360;5149;5154;6.95;0.42;284.29;3.09;1071;16;1750.00;5
4084;11;5928353;4084;362;5150;5154;6.95;0.42;284.59;3.09;1066;16;1751.00;4
4088;11;5928365;4088;359;5154;5158;6.98;0.43;284.67;3.09;1066;16;1752.00;4
4093;11;5928377;4093;360;5154;5158;6.93;0.42;284.73;3.09;1061;16;1753.00;4
4096;11;5928395;4096;354;5154;5158;6.88;0.42;284.90;3.09;1058;16;1754.00;4
4102;11;5928407;4102;352;5158;5160;6.82;0.41;285.10;3.10;1056;16;1755.00;2
4106;11;5928420;4106;351;5158;5160;6.83;0.41;285.24;3.10;1052;16;1756.00;2
4110;11;5928432;4110;346;5163;5166;6.88;0.42;285.23;3.10;1053;16;1757.00;3
4115;11;5928444;4115;337;5163;5166;6.88;0.42;285.24;3.10;1048;16;1758.00;3
4120;11;5928457;4120;336;5163;5167;6.88;0.42;285.38;3.10;1043;16;1759.00;4
4123;11;5928474;4123;329;5163;5167;6.87;0.42;285.44;3.10;1040;16;1760.00;4
4124;11;5928486;4124;329;5163;5167;6.90;0.42;285.48;3.10;1039;16;1761.00;4
4127;11;5928497;4127;328;5163;5167;6.89;0.42;285.51;3.10;1036;16;1762.00;4
4128;11;5928514;4128;322;5163;5167;6.89;0.42;285.51;3.10;1035;16;1763.00;4
4130;11;5928525;4130;330;5173;5179;6.97;0.42;285.56;3.09;1043;16;1764.00;6
4134;11;5928538;4134;330;5174;5179;6.95;0.42;285.55;3.09;1040;16;1765.00;5
4136;11;5928549;4136;331;5174;5179;6.96;0.42;285.63;3.09;1038;16;1766.00;5
4137;11;5928561;4137;330;5174;5179;6.97;0.42;285.73;3.09;1037;16;1767.00;5
4140;11;5928572;4140;329;5174;5179;6.93;0.42;285.84;3.09;1034;16;1768.00;5
4141;11;5928583;4141;331;5174;5179;6.92;0.42;285.86;3.09;1033;16;1769.00;5
4143;11;5928596;4143;330;5177;5183;6.84;0.42;286.01;3.09;1034;16;1770.00;6
4145;11;5928607;4145;330;5177;5183;6.74;0.41;286.00;3.09;1032;16;1771.00;6
4150;11;5928618;4150;331;5181;5187;6.73;0.41;286.37;3.09;1031;16;1772.00;6
4154;11;5928630;4154;329;5181;5188;6.68;0.40;286.52;3.09;1027;16;1773.00;7
4158;11;5928644;4158;330;5182;5188;6.63;0.40;286.72;3.09;1024;16;1774.00;6
4161;11;5928656;4161;330;5182;5188;6.58;0.40;286.81;3.09;1021;16;1775.00;6
4163;11;5928672;4163;333;5193;5201;6.59;0.40;286.93;3.08;1030;16;1776.00;8
4168;11;5928689;4168;336;5193;5201;6.57;0.40;286.99;3.08;1025;16;1777.00;8
4171;11;5928703;4171;340;5193;5201;6.53;0.40;287.02;3.08;1022;16;1778.00;8
4175;11;5928714;4175;343;5194;5202;6.51;0.40;287.03;3.08;1019;16;1779.00;8
4176;11;5928726;4176;347;5195;5203;6.50;0.40;287.06;3.09;1019;16;1780.00;8
4178;11;5928737;4178;345;5195;5203;6.52;0.40;287.09;3.09;1017;16;1781.00;8
4182;11;5928748;4182;346;5198;5206;6.48;0.40;287.13;3.09;1016;16;1782.00;8
4183;11;5928760;4183;348;5199;5206;6.48;0.40;287.16;3.09;1016;16;1783.00;7
4185;11;5928775;4185;349;5199;5206;6.52;0.40;287.16;3.09;1014;16;1784.00;7
4189;11;5928792;4189;358;5200;5206;6.44;0.39;287.23;3.09;1011;16;1785.00;6
4189;11;5928808;4189;358;5208;5212;6.49;0.40;287.23;3.10;1019;16;1786.00;4
4191;11;5928824;4191;362;5208;5212;6.46;0.39;287.34;3.10;1017;16;1787.00;4
4193;11;5928842;4193;368;5209;5212;6.35;0.39;287.45;3.11;1016;16;1788.00;3
4195;11;5928859;4195;378;5209;5212;6.27;0.38;287.39;3.11;1014;16;1789.00;3
4196;11;5928875;4196;381;5212;5216;6.22;0.38;287.40;3.10;1016;16;1790.00;4
4198;11;5928891;4198;378;5214;5217;6.22;0.38;287.37;3.11;1016;16;1791.00;3
4199;11;5928906;4199;392;5216;5217;6.18;0.38;287.34;3.11;1017;16;1792.00;1
4201;11;5928920;4201;397;5217;5218;6.15;0.37;287.39;3.11;1016;16;1793.00;1
4203;11;5928931;4203;398;5217;5218;6.12;0.37;287.51;3.11;1014;16;1794.00;1
4205;11;5928942;4205;403;5217;5218;6.09;0.37;287.62;3.11;1012;16;1795.00;1
4207;11;5928954;4207;411;5217;5218;6.06;0.37;287.56;3.11;1010;16;1796.00;1
4210;11;5928965;4210;414;5218;5218;6.04;0.37;287.53;3.11;1008;16;1797.00;0
4212;11;5928975;4212;421;5218;5218;5.96;0.36;287.44;3.11;1006;16;1798.00;0
4215;11;5928985;4215;421;5218;5218;5.86;0.36;287.32;3.11;1003;16;1799.00;0
4218;11;5928998;4218;443;5288;5356;6.12;0.38;287.44;3.07;1070;16;1800.00;68
4220;11;5929024;4220;434;5295;5357;6.03;0.37;287.35;3.06;1075;16;1801.00;62
4221;11;5929035;4221;437;5310;5357;6.01;0.37;287.30;3.06;1089;16;1802.00;47
4222;11;5929046;4222;434;5313;5357;5.93;0.37;287.39;3.06;1091;16;1803.00;44
4223;11;5929057;4223;438;5320;5357;5.88;0.36;287.34;3.06;1097;16;1804.00;37
4227;11;5929067;4227;438;5322;5357;5.86;0.36;287.50;3.06;1095;16;1805.00;35
4228;11;5929078;4228;442;5326;5357;5.82;0.36;287.55;3.07;1098;16;1806.00;31
4230;11;5929089;4230;440;5332;5357;5.75;0.35;287.53;3.07;1102;16;1807.00;25
4231;11;5929099;4231;452;5339;5358;5.76;0.35;287.48;3.08;1108;16;1808.00;19
4234;11;5929111;4234;457;5341;5359;5.72;0.35;287.41;3.08;1107;16;1809.00;18
4235;11;5929122;4235;458;5344;5359;5.70;0.35;287.35;3.08;1109;16;1810.00;15
4237;11;5929134;4237;463;5350;5363;5.62;0.35;287.26;3.08;1113;16;1811.00;13
4243;11;5929145;4243;470;5352;5363;5.44;0.34;287.16;3.09;1109;16;1812.00;11
4244;11;5929157;4244;472;5353;5363;5.30;0.33;287.17;3.09;1109;16;1813.00;10
4246;11;5929168;4246;487;5355;5363;5.18;0.32;287.28;3.09;1109;16;1814.00;8
4250;11;5929178;4250;478;5361;5369;5.11;0.32;287.34;3.09;1111;16;1815.00;8
4256;11;5929189;4256;473;5362;5369;4.99;0.31;287.37;3.09;1106;16;1816.00;7
4259;11;5929200;4259;467;5363;5369;4.96;0.30;287.34;3.10;1104;16;1817.00;6
4262;11;5929211;4262;471;5365;5372;4.91;0.30;287.31;3.10;1103;16;1818.00;7
4264;11;5929222;4264;479;5366;5372;4.85;0.30;287.23;3.10;1102;16;1819.00;6
4267;11;5929232;4267;482;5367;5372;4.81;0.30;287.42;3.10;1100;16;1820.00;5
4268;11;5929242;4268;492;5368;5373;4.82;0.30;287.41;3.10;1100;16;1821.00;5
4269;11;5929253;4269;494;5370;5374;4.80;0.30;287.44;3.10;1101;16;1822.00;4
4276;11;5929264;4276;501;5370;5374;4.73;0.29;287.27;3.10;1094;16;1823.00;4
4279;11;5929274;4279;505;5382;5387;4.75;0.29;287.19;3.09;1103;16;1824.00;5
4282;11;5929286;4282;497;5382;5387;4.76;0.29;287.04;3.09;1100;17;1825.00;5
4285;11;5929304;4285;495;5382;5387;4.76;0.29;287.00;3.09;1097;17;1826.00;5
4288;11;5929315;4288;498;5382;5388;4.78;0.29;286.90;3.09;1094;17;1827.00;6
4289;11;5929325;4289;507;5382;5388;4.81;0.30;286.86;3.09;1093;17;1828.00;6
4294;11;5929336;4294;506;5385;5392;4.81;0.30;286.91;3.09;1091;17;1829.00;7
4295;11;5929349;4295;506;5385;5392;4.83;0.30;286.90;3.09;1090;17;1830.00;7
4296;11;5929359;4296;496;5388;5396;4.92;0.30;286.95;3.09;1092;17;1831.00;8
4299;11;5929370;4299;491;5388;5396;4.93;0.30;286.97;3.09;1089;17;1832.00;8
4305;11;5929381;4305;488;5388;5396;4.96;0.30;286.88;3.09;1083;17;1833.00;8
4309;11;5929392;4309;481;5388;5396;5.05;0.31;286.98;3.09;1079;17;1834.00;8
4313;11;5929404;4313;476;5388;5396;5.13;0.31;286.95;3.09;1075;17;1835.00;8
4316;11;5929415;4316;461;5397;5408;5.27;0.32;286.97;3.09;1081;17;1836.00;11
4319;11;5929426;4319;452;5397;5408;5.41;0.33;287.05;3.09;1078;17;1837.00;11
4321;11;5929438;4321;446;5397;5408;5.48;0.34;287.13;3.09;1076;17;1838.00;11
4323;11;5929450;4323;441;5397;5408;5.47;0.34;287.11;3.09;1074;17;1839.00;11
4325;11;5929461;4325;445;5397;5408;5.48;0.34;287.17;3.09;1072;17;1840.00;11
4327;11;5929473;4327;437;5397;5408;5.53;0.34;287.17;3.09;1070;17;1841.00;11
4330;11;5929484;4330;438;5397;5409;5.54;0.34;287.13;3.09;1067;17;1842.00;12
4334;11;5929502;4334;440;5397;5409;5.56;0.34;287.09;3.09;1063;17;1843.00;12
4336;11;5929513;4336;440;5402;5415;5.61;0.35;286.99;3.09;1066;17;1844.00;13
4337;11;5929526;4337;438;5403;5417;5.64;0.35;287.03;3.09;1066;17;1845.00;14
4340;11;5929539;4340;435;5403;5417;5.65;0.35;287.15;3.09;1063;17;1846.00;14
4343;11;5929551;4343;437;5403;5417;5.70;0.35;287.15;3.09;1060;17;1847.00;14
4345;11;5929562;4345;434;5406;5421;5.80;0.36;287.15;3.09;1061;17;1848.00;15
4348;11;5929574;4348;426;5407;5421;5.87;0.36;287.25;3.10;1059;17;1849.00;14
4349;11;5929586;4349;422;5407;5421;5.93;0.37;287.23;3.10;1058;17;1850.00;14
4354;11;5929597;4354;424;5408;5422;6.02;0.37;287.27;3.10;1054;17;1851.00;14
4356;11;5929609;4356;418;5412;5426;6.16;0.38;287.27;3.10;1056;17;1852.00;14
4365;11;5929620;4365;417;5413;5426;6.15;0.38;287.18;3.11;1048;17;1853.00;13
4369;11;5929632;4369;416;5414;5429;6.22;0.38;287.17;3.11;1045;17;1854.00;15
4375;11;5929649;4375;413;5414;5429;6.20;0.38;287.05;3.11;1039;17;1855.00;15
4380;11;5929660;4380;408;5414;5429;6.14;0.38;287.05;3.11;1034;17;1856.00;15
4385;11;5929675;4385;412;5414;5429;6.09;0.37;287.09;3.11;1029;17;1857.00;15
4389;11;5929690;4389;408;5417;5433;6.03;0.37;287.10;3.11;1028;17;1858.00;16
4398;11;5929707;4398;420;5417;5433;5.93;0.36;286.97;3.11;1019;17;1859.00;16
4402;11;5929727;4402;424;5418;5433;5.88;0.36;287.00;3.11;1016;17;1860.00;15
4406;11;5929746;4406;423;5419;5433;5.81;0.35;287.10;3.12;1013;17;1861.00;14
4409;11;5929761;4409;417;5419;5434;5.76;0.35;287.11;3.12;1010;17;1862.00;15
4414;11;5929776;4414;414;5420;5435;5.73;0.35;287.43;3.12;1006;17;1863.00;15
4416;11;5929791;4416;411;5421;5435;5.76;0.35;287.55;3.12;1005;17;1864.00;14
4418;11;5929804;4418;408;5423;5436;5.78;0.35;287.55;3.13;1005;17;1865.00;13
4419;11;5929822;4419;414;5424;5436;5.79;0.35;287.57;3.13;1005;17;1866.00;12
4422;11;5929839;4422;411;5424;5436;5.76;0.35;287.60;3.13;1002;17;1867.00;12
4424;11;5929855;4424;416;5426;5436;5.76;0.35;287.69;3.13;1002;17;1868.00;10
4427;11;5929869;4427;416;5427;5436;5.76;0.35;287.87;3.14;1000;17;1869.00;9
4430;11;5929881;4430;416;5428;5436;5.74;0.35;288.09;3.15;998;17;1870.00;8
4433;11;5929898;4433;403;5429;5436;5.73;0.35;288.16;3.15;996;17;1871.00;7
4435;11;5929909;4435;410;5501;5563;6.03;0.37;288.36;3.11;1066;17;1872.00;62
4437;11;5929930;4437;400;5504;5564;6.09;0.38;288.49;3.11;1067;17;1873.00;60
4438;11;5929942;4438;381;5510;5564;6.20;0.38;288.54;3.11;1072;17;1874.00;54
4441;11;5929955;4441;380;5514;5564;6.27;0.39;288.65;3.11;1073;17;1875.00;50
4444;11;5929967;4444;374;5518;5564;6.33;0.39;288.73;3.11;1074;17;1876.00;46
4445;11;5929979;4445;370;5521;5564;6.34;0.39;288.83;3.11;1076;17;1877.00;43
4445;11;5929991;4445;366;5525;5564;6.38;0.39;288.83;3.11;1080;17;1878.00;39
4447;11;5930002;4447;365;5527;5564;6.36;0.39;288.95;3.11;1080;17;1879.00;37
4448;11;5930015;4448;379;5530;5565;6.33;0.39;288.98;3.12;1082;17;1880.00;35
4449;11;5930027;4449;383;5531;5566;6.28;0.39;289.01;3.12;1082;17;1881.00;35
4451;11;5930040;4451;386;5534;5568;6.24;0.38;289.10;3.12;1083;17;1882.00;34
4452;11;5930053;4452;377;5535;5569;6.18;0.38;289.08;3.12;1083;17;1883.00;34
4456;11;5930066;4456;371;5537;5569;6.16;0.38;289.21;3.12;1081;17;1884.00;32
4458;11;5930079;4458;374;5540;5569;6.21;0.38;289.21;3.13;1082;17;1885.00;29
4461;11;5930091;4461;375;5545;5569;6.20;0.38;289.36;3.14;1084;17;1886.00;24
4461;11;5930103;4461;375;5548;5573;6.22;0.38;289.36;3.14;1087;17;1887.00;25
4463;11;5930115;4463;376;5550;5573;6.21;0.38;289.36;3.14;1087;17;1888.00;23
4465;11;5930127;4465;365;5550;5573;6.16;0.38;289.41;3.14;1085;17;1889.00;23
4468;11;5930140;4468;369;5554;5579;6.20;0.38;289.50;3.14;1086;17;1890.00;25
4471;11;5930152;4471;374;5556;5579;6.15;0.38;289.61;3.14;1085;17;1891.00;23
4472;11;5930164;4472;367;5557;5579;6.13;0.38;289.65;3.14;1085;17;1892.00;22
4473;11;5930176;4473;369;5560;5583;6.07;0.37;289.68;3.14;1087;17;1893.00;23
4477;11;5930188;4477;371;5562;5584;6.07;0.37;289.87;3.14;1085;17;1894.00;22
4480;11;5930200;4480;372;5563;5584;6.09;0.37;289.87;3.15;1083;17;1895.00;21
4483;11;5930211;4483;375;5566;5588;6.12;0.37;290.05;3.15;1083;17;1896.00;22
4483;11;5930224;4483;375;5567;5588;6.10;0.37;290.05;3.15;1084;17;1897.00;21
4485;11;5930235;4485;371;5569;5588;6.08;0.37;290.00;3.15;1084;17;1898.00;19
4487;11;5930247;4487;373;5569;5589;6.06;0.37;290.04;3.15;1082;17;1899.00;20
4488;11;5930259;4488;372;5571;5589;6.11;0.37;290.05;3.16;1083;17;1900.00;18
4488;11;5930274;4488;369;5575;5595;6.12;0.37;290.05;3.15;1087;17;1901.00;20
4491;11;5930286;4491;367;5576;5595;6.09;0.37;290.09;3.15;1085;17;1902.00;19
4494;11;5930298;4494;364;5576;5596;6.03;0.37;290.07;3.15;1082;17;1903.00;20
4495;11;5930309;4495;366;5576;5596;6.01;0.37;290.10;3.15;1081;17;1904.00;20
4497;11;5930323;4497;363;5576;5596;5.99;0.36;290.15;3.15;1079;17;1905.00;20
4498;11;5930336;4498;358;5576;5596;5.97;0.36;290.15;3.15;1078;17;1906.00;20
4499;11;5930348;4499;361;5576;5596;5.94;0.36;290.19;3.15;1077;17;1907.00;20
4501;11;5930359;4501;348;5585;5608;5.94;0.36;290.21;3.15;1084;17;1908.00;23
4502;11;5930372;4502;341;5585;5608;5.91;0.36;290.17;3.15;1083;17;1909.00;23
4505;11;5930383;4505;335;5587;5608;5.91;0.36;290.35;3.15;1082;17;1910.00;21
4507;11;5930394;4507;338;5587;5608;5.88;0.36;290.40;3.15;1080;17;1911.00;21
4511;11;5930405;4511;331;5587;5608;5.91;0.36;290.60;3.15;1076;17;1912.00;21
4512;11;5930421;4512;313;5587;5608;5.94;0.36;290.62;3.15;1075;17;1913.00;21
4515;11;5930431;4515;316;5590;5612;5.97;0.36;290.65;3.15;1075;17;1914.00;22
4515;11;5930444;4515;320;5590;5612;6.00;0.37;290.65;3.15;1075;17;1915.00;22
4519;11;5930459;4519;310;5594;5616;6.00;0.37;290.95;3.15;1075;17;1916.00;22
4522;11;5930471;4522;315;5595;5617;5.98;0.37;291.13;3.14;1073;17;1917.00;22
4525;11;5930482;4525;308;5595;5617;5.88;0.36;291.39;3.14;1070;17;1918.00;22
4528;11;5930493;4528;310;5596;5617;5.79;0.35;291.38;3.16;1068;17;1919.00;21
4530;11;5930507;4530;323;5619;5646;5.73;0.35;291.33;3.15;1089;17;1920.00;27
4532;11;5930520;4532;322;5620;5646;5.75;0.35;291.26;3.16;1088;17;1921.00;26
4536;11;5930531;4536;318;5622;5646;5.73;0.35;291.44;3.16;1086;17;1922.00;24
4541;11;5930542;4541;320;5624;5647;5.75;0.35;291.54;3.16;1083;17;1923.00;23
4544;11;5930553;4544;320;5624;5648;5.75;0.35;291.50;3.16;1080;17;1924.00;24
4548;11;5930563;4548;325;5625;5648;5.72;0.35;291.64;3.16;1077;17;1925.00;23
4551;11;5930574;4551;325;5627;5651;5.75;0.35;291.60;3.16;1076;17;1926.00;24
4552;11;5930585;4552;325;5628;5651;5.75;0.35;291.70;3.16;1076;17;1927.00;23
4554;11;5930596;4554;327;5628;5651;5.74;0.35;291.66;3.16;1074;17;1928.00;23
4557;11;5930607;4557;331;5628;5651;5.69;0.35;291.73;3.16;1071;17;1929.00;23
4557;11;5930618;4557;330;5633;5657;5.72;0.35;291.73;3.16;1076;17;1930.00;24
4558;11;5930629;4558;332;5635;5657;5.68;0.35;291.69;3.19;1077;17;1931.00;22
4560;11;5930641;4560;334;5635;5657;5.65;0.34;291.77;3.19;1075;17;1932.00;22
4562;11;5930652;4562;339;5635;5657;5.59;0.34;291.90;3.19;1073;17;1933.00;22
4566;11;5930668;4566;339;5638;5661;5.50;0.33;291.87;3.19;1072;17;1934.00;23
4566;11;5930680;4566;339;5640;5663;5.52;0.34;291.87;3.19;1074;17;1935.00;23
4570;11;5930690;4570;340;5640;5663;5.53;0.34;292.02;3.19;1070;17;1936.00;23
4572;11;5930702;4572;344;5641;5664;5.56;0.34;291.99;3.18;1069;17;1937.00;23
4576;11;5930712;4576;340;5641;5664;5.57;0.34;292.13;3.18;1065;17;1938.00;23
4578;11;5930723;4578;333;5641;5664;5.68;0.34;292.13;3.18;1063;17;1939.00;23
4581;11;5930735;4581;339;5642;5664;5.71;0.35;292.18;3.20;1061;17;1940.00;22
4583;11;5930746;4583;342;5642;5664;5.73;0.35;292.15;3.20;1059;17;1941.00;22
4583;11;5930757;4583;346;5642;5664;5.76;0.35;292.15;3.20;1059;17;1942.00;22
4584;11;5930768;4584;352;5642;5664;5.78;0.35;292.13;3.20;1058;17;1943.00;22
4585;11;5930779;4585;359;5679;5734;6.02;0.37;292.09;3.18;1094;17;1944.00;55
4586;11;5930794;4586;369;5681;5735;5.94;0.36;292.08;3.18;1095;17;1945.00;54
4590;11;5930806;4590;365;5690;5735;5.95;0.36;292.07;3.19;1100;17;1946.00;45
4592;11;5930818;4592;376;5692;5735;5.87;0.36;291.98;3.19;1100;17;1947.00;43
4594;11;5930829;4594;376;5696;5735;5.78;0.35;291.96;3.21;1102;17;1948.00;39
4595;11;5930840;4595;381;5696;5735;5.72;0.35;291.91;3.21;1101;17;1949.00;39
4595;11;5930852;4595;390;5702;5737;5.65;0.34;291.91;3.22;1107;17;1950.00;35
4596;11;5930864;4596;394;5703;5737;5.60;0.34;291.89;3.22;1107;17;1951.00;34
4596;11;5930875;4596;400;5704;5738;5.54;0.34;291.89;3.22;1108;17;1952.00;34
4597;11;5930886;4597;405;5708;5739;5.48;0.34;291.83;3.24;1111;17;1953.00;31
4598;11;5930897;4598;406;5709;5739;5.44;0.33;291.84;3.24;1111;17;1954.00;30
4601;11;5930908;4601;417;5717;5743;5.43;0.33;291.81;3.27;1116;18;1955.00;26
4604;11;5930928;4604;416;5720;5743;5.36;0.33;291.65;3.29;1116;18;1956.00;23
4605;11;5930940;4605;422;5722;5743;5.34;0.33;291.60;3.29;1117;18;1957.00;21
4607;11;5930950;4607;424;5724;5743;5.23;0.32;291.56;3.31;1117;18;1958.00;19
4609;11;5930961;4609;433;5729;5749;5.17;0.32;291.47;3.31;1120;18;1959.00;20
4611;11;5930973;4611;435;5731;5749;5.04;0.31;291.37;3.33;1120;18;1960.00;18
4612;11;5930990;4612;447;5731;5749;4.98;0.30;291.36;3.33;1119;18;1961.00;18
4614;11;5931001;4614;452;5733;5752;4.93;0.30;291.30;3.33;1119;18;1962.00;19
4615;11;5931015;4615;460;5734;5752;4.85;0.30;291.25;3.35;1119;18;1963.00;18
4616;11;5931031;4616;467;5735;5752;4.77;0.29;291.24;3.35;1119;18;1964.00;17
4617;11;5931045;4617;469;5735;5753;4.68;0.29;291.21;3.35;1118;18;1965.00;18
4617;11;5931058;4617;473;5736;5754;4.65;0.29;291.21;3.35;1119;18;1966.00;18
4622;11;5931069;4622;483;5736;5754;4.56;0.28;291.01;3.35;1114;18;1967.00;18
4624;11;5931080;4624;489;5746;5767;4.56;0.28;290.91;3.34;1122;18;1968.00;21
4625;11;5931092;4625;496;5746;5767;4.56;0.28;290.87;3.34;1121;18;1969.00;21
4627;11;5931102;4627;499;5747;5767;4.55;0.28;290.77;3.34;1120;18;1970.00;20
4628;11;5931113;4628;497;5748;5768;4.50;0.28;290.74;3.34;1120;18;1971.00;20
4630;11;5931123;4630;503;5748;5768;4.45;0.27;290.71;3.34;1118;18;1972.00;20
4631;11;5931134;4631;507;5752;5772;4.39;0.27;290.73;3.34;1121;18;1973.00;20
4632;11;5931144;4632;507;5752;5772;4.32;0.26;290.75;3.34;1120;18;1974.00;20
4637;11;5931154;4637;509;5755;5776;4.24;0.26;290.67;3.34;1118;18;1975.00;21
4638;11;5931164;4638;516;5755;5776;4.24;0.26;290.65;3.34;1117;18;1976.00;21
4641;11;5931175;4641;525;5755;5776;4.16;0.25;290.64;3.34;1114;18;1977.00;21
4641;11;5931186;4641;508;5755;5776;4.09;0.25;290.64;3.34;1114;18;1978.00;21
4645;11;5931195;4645;497;5755;5776;4.01;0.24;290.75;3.34;1110;18;1979.00;21
4646;11;5931207;4646;476;5782;5810;4.20;0.26;290.77;3.32;1136;18;1980.00;28
4647;11;5931220;4647;467;5782;5810;4.20;0.26;290.71;3.32;1135;18;1981.00;28
4650;11;5931231;4650;445;5785;5810;4.27;0.26;290.85;3.32;1135;18;1982.00;25
4651;12;5931242;4651;443;5785;5810;4.30;0.26;290.88;3.32;1134;19;1983.00;25
4656;12;5931263;4656;427;5786;5810;4.29;0.26;290.99;3.32;1130;19;1984.00;24
4660;12;5931278;4660;425;5786;5810;4.31;0.26;290.94;3.32;1126;19;1985.00;24
4660;12;5931290;4660;414;5786;5811;4.39;0.27;290.94;3.32;1126;19;1986.00;25
4663;12;5931301;4663;420;5786;5811;4.45;0.27;290.90;3.32;1123;19;1987.00;25
4665;12;5931312;4665;420;5791;5817;4.61;0.28;290.91;3.32;1126;19;1988.00;26
4666;12;5931324;4666;416;5792;5818;4.76;0.29;290.97;3.32;1126;19;1989.00;26
4670;12;5931335;4670;407;5792;5818;4.82;0.29;290.93;3.32;1122;19;1990.00;26
4672;12;5931346;4672;407;5792;5818;4.81;0.30;290.93;3.32;1120;19;1991.00;26
4673;12;5931364;4673;403;5795;5822;4.87;0.30;290.93;3.32;1122;19;1992.00;27
4676;12;5931375;4676;397;5795;5822;4.85;0.30;290.94;3.32;1119;19;1993.00;27
4677;12;5931387;4677;394;5795;5822;4.94;0.30;290.99;3.32;1118;19;1994.00;27
4682;12;5931400;4682;395;5796;5823;4.97;0.30;291.14;3.32;1114;19;1995.00;27
4686;12;5931412;4686;392;5799;5827;5.04;0.31;291.16;3.31;1113;19;1996.00;28
4688;12;5931425;4688;392;5799;5827;5.12;0.31;291.16;3.31;1111;19;1997.00;28
4690;12;5931436;4690;385;5801;5830;5.23;0.32;291.15;3.31;1111;19;1998.00;29
4697;12;5931447;4697;391;5801;5830;5.22;0.32;291.32;3.31;1104;19;1999.00;29
4701;12;5931465;4701;385;5802;5830;5.24;0.32;291.41;3.31;1101;19;2000.00;28
4705;12;5931481;4705;393;5802;5830;5.25;0.32;291.36;3.31;1097;19;2001.00;28
4711;12;5931493;4711;388;5806;5834;5.26;0.32;291.38;3.31;1095;19;2002.00;28
4714;12;5931506;4714;380;5806;5834;5.31;0.32;291.48;3.31;1092;19;2003.00;28
4717;12;5931519;4717;376;5806;5834;5.35;0.33;291.58;3.31;1089;19;2004.00;28
4720;12;5931531;4720;376;5806;5834;5.38;0.33;291.55;3.31;1086;19;2005.00;28
4725;12;5931543;4725;372;5806;5835;5.39;0.33;291.62;3.31;1081;19;2006.00;29
4729;12;5931555;4729;369;5807;5836;5.40;0.33;291.73;3.31;1078;19;2007.00;29
4733;12;5931567;4733;365;5807;5836;5.42;0.33;291.85;3.31;1074;19;2008.00;29
4736;12;5931579;4736;363;5808;5837;5.46;0.33;291.84;3.31;1072;19;2009.00;29
4739;12;5931593;4739;369;5808;5837;5.50;0.33;291.83;3.31;1069;19;2010.00;29
4745;12;5931605;4745;371;5808;5837;5.52;0.33;291.88;3.31;1063;19;2011.00;29
4746;12;5931618;4746;372;5808;5837;5.59;0.34;291.92;3.31;1062;19;2012.00;29
4749;12;5931630;4749;366;5808;5837;5.66;0.34;292.16;3.31;1059;19;2013.00;29
4752;12;5931643;4752;366;5808;5837;5.69;0.35;292.29;3.31;1056;19;2014.00;29
4753;12;5931656;4753;366;5808;5837;5.71;0.35;292.32;3.31;1055;19;2015.00;29
4757;12;5931668;4757;390;5884;5964;5.91;0.36;292.31;3.27;1127;19;2016.00;80
4760;12;5931691;4760;384;5885;5965;5.96;0.37;292.39;3.27;1125;19;2017.00;80
4764;12;5931704;4764;385;5890;5965;5.98;0.37;292.47;3.27;1126;19;2018.00;75
4766;12;5931717;4766;387;5891;5965;6.03;0.37;292.57;3.27;1125;19;2019.00;74
4769;12;5931728;4769;390;5896;5965;6.04;0.37;292.67;3.27;1127;19;2020.00;69
4774;12;5931741;4774;387;5900;5965;6.01;0.37;292.84;3.27;1126;19;2021.00;65
4777;12;5931754;4777;395;5903;5965;5.98;0.37;292.85;3.27;1126;19;2022.00;62
4777;12;5931766;4777;400;5905;5965;5.90;0.36;292.85;3.27;1128;19;2023.00;60
4780;12;5931778;4780;404;5908;5966;5.83;0.36;292.91;3.27;1128;19;2024.00;58
4781;12;5931791;4781;412;5911;5968;5.80;0.36;292.96;3.28;1130;19;2025.00;57
4782;12;5931803;4782;421;5914;5968;5.76;0.35;292.98;3.28;1132;19;2026.00;54
4785;12;5931815;4785;415;5915;5969;5.67;0.35;292.94;3.28;1130;19;2027.00;54
4786;12;5931828;4786;419;5918;5969;5.61;0.34;292.95;3.28;1132;19;2028.00;51
4789;12;5931841;4789;419;5920;5969;5.57;0.34;293.05;3.29;1131;19;2029.00;49
4794;12;5931855;4794;411;5922;5969;5.53;0.34;293.20;3.29;1128;19;2030.00;47
4797;12;5931868;4797;416;5927;5973;5.56;0.34;293.19;3.30;1130;19;2031.00;46
4799;12;5931881;4799;422;5927;5973;5.56;0.34;293.19;3.30;1128;19;2032.00;46
4803;12;5931895;4803;428;5930;5973;5.58;0.34;293.25;3.30;1127;19;2033.00;43
4804;12;5931908;4804;421;5930;5976;5.65;0.34;293.27;3.30;1126;19;2034.00;46
4805;12;5931921;4805;428;5931;5976;5.68;0.35;293.29;3.30;1126;19;2035.00;45
4807;12;5931933;4807;421;5933;5976;5.74;0.35;293.36;3.31;1126;19;2036.00;43
4808;12;5931946;4808;416;5937;5980;5.79;0.35;293.41;3.31;1129;19;2037.00;43
4810;12;5931961;4810;415;5939;5981;5.89;0.36;293.46;3.31;1129;19;2038.00;42
4813;12;5931973;4813;419;5940;5981;6.00;0.37;293.57;3.31;1127;19;2039.00;41
4815;12;5931987;4815;422;5944;5986;6.08;0.37;293.63;3.31;1129;19;2040.00;42
4818;12;5932001;4818;417;5946;5986;6.13;0.37;293.71;3.31;1128;19;2041.00;40
4819;12;5932013;4819;413;5946;5986;6.20;0.38;293.80;3.31;1127;19;2042.00;40
4825;12;5932026;4825;421;5947;5987;6.27;0.38;293.85;3.31;1122;19;2043.00;40
4829;12;5932039;4829;422;5947;5987;6.29;0.38;294.02;3.31;1118;19;2044.00;40
4831;12;5932052;4831;426;5952;5993;6.24;0.38;294.12;3.31;1121;19;2045.00;41
4833;12;5932065;4833;431;5952;5993;6.19;0.38;294.18;3.31;1119;19;2046.00;41
4834;12;5932081;4834;420;5952;5994;6.24;0.38;294.20;3.31;1118;19;2047.00;42
4836;12;5932095;4836;422;5952;5994;6.21;0.38;294.29;3.31;1116;19;2048.00;42
4839;12;5932108;4839;427;5952;5994;6.20;0.38;294.55;3.31;1113;19;2049.00;42
4841;12;5932120;4841;420;5952;5994;6.20;0.38;294.63;3.31;1111;19;2050.00;42
4844;12;5932132;4844;422;5952;5994;6.19;0.38;294.79;3.31;1108;19;2051.00;42
4846;12;5932145;4846;423;5960;6006;6.22;0.38;294.92;3.30;1114;19;2052.00;46
4849;12;5932159;4849;424;5962;6006;6.21;0.38;295.03;3.30;1113;19;2053.00;44
4853;12;5932172;4853;427;5963;6006;6.18;0.38;295.23;3.30;1110;19;2054.00;43
4855;12;5932184;4855;427;5963;6006;6.20;0.38;295.30;3.30;1108;19;2055.00;43
4857;12;5932197;4857;424;5963;6006;6.17;0.38;295.35;3.30;1106;19;2056.00;43
4863;12;5932213;4863;425;5963;6006;6.13;0.38;295.40;3.30;1100;19;2057.00;43
4865;12;5932231;4865;422;5966;6010;6.12;0.37;295.37;3.30;1101;19;2058.00;44
4868;12;5932250;4868;415;5966;6010;6.12;0.37;295.43;3.30;1098;19;2059.00;44
4871;12;5932268;4871;413;5970;6014;6.08;0.37;295.51;3.30;1099;19;2060.00;44
4876;12;5932287;4876;413;5971;6015;6.02;0.37;295.65;3.30;1095;19;2061.00;44
4880;12;5932305;4880;409;5971;6015;5.98;0.36;295.80;3.30;1091;19;2062.00;44
4883;12;5932321;4883;412;5971;6015;5.90;0.36;295.99;3.30;1088;19;2063.00;44
4886;12;5932340;4886;420;5982;6028;5.87;0.36;296.01;3.29;1096;19;2064.00;46
4886;12;5932356;4886;424;5982;6028;5.79;0.35;296.01;3.29;1096;19;2065.00;46
4888;12;5932371;4888;436;5982;6028;5.71;0.35;296.15;3.29;1094;19;2066.00;46
4888;12;5932391;4888;439;5983;6029;5.63;0.34;296.15;3.29;1095;19;2067.00;46
4889;12;5932406;4889;438;5983;6030;5.58;0.34;296.22;3.29;1094;19;2068.00;47
4890;12;5932422;4890;446;5983;6030;5.57;0.34;296.24;3.29;1093;19;2069.00;47
4891;12;5932437;4891;438;5987;6036;5.49;0.33;296.29;3.29;1096;19;2070.00;49
4891;12;5932450;4891;429;5987;6036;5.51;0.34;296.29;3.29;1096;19;2071.00;49
4894;12;5932462;4894;426;5989;6036;5.47;0.33;296.42;3.29;1095;19;2072.00;47
4896;12;5932475;4896;425;5989;6036;5.39;0.33;296.44;3.29;1093;19;2073.00;47
4897;12;5932487;4897;422;5994;6042;5.33;0.32;296.47;3.29;1097;19;2074.00;48
4899;12;5932500;4899;422;5994;6042;5.25;0.32;296.44;3.29;1095;19;2075.00;48
4903;12;5932511;4903;427;5994;6042;5.15;0.31;296.58;3.29;1091;19;2076.00;48
4905;12;5932523;4905;419;5994;6042;5.14;0.31;296.63;3.29;1089;19;2077.00;48
4908;12;5932535;4908;423;5997;6046;5.12;0.31;296.76;3.28;1089;19;2078.00;49
4910;12;5932547;4910;418;5998;6047;5.13;0.31;296.86;3.28;1088;19;2079.00;49
4911;12;5932558;4911;414;5998;6047;5.12;0.31;297.01;3.28;1087;19;2080.00;49
4915;12;5932571;4915;414;5999;6048;5.10;0.31;297.20;3.28;1084;19;2081.00;49
4916;12;5932583;4916;411;5999;6048;5.13;0.31;297.21;3.28;1083;19;2082.00;49
4917;12;5932595;4917;414;5999;6048;5.11;0.31;297.17;3.28;1082;19;2083.00;49
4918;12;5932607;4918;418;5999;6048;5.11;0.31;297.18;3.28;1081;19;2084.00;49
4919;12;5932622;4919;404;5999;6048;5.13;0.31;297.21;3.28;1080;19;2085.00;49
4922;12;5932634;4922;404;5999;6048;5.15;0.31;297.23;3.28;1077;19;2086.00;49
4925;12;5932646;4925;399;6000;6048;5.17;0.31;297.24;3.32;1075;19;2087.00;48
4928;12;5932659;4928;405;6034;6118;5.38;0.33;297.28;3.33;1106;19;2088.00;84
4931;12;5932676;4931;405;6037;6119;5.37;0.33;297.28;3.33;1106;19;2089.00;82
4933;12;5932690;4933;400;6044;6119;5.44;0.33;297.35;3.33;1111;19;2090.00;75
4936;12;5932702;4936;405;6049;6119;5.44;0.33;297.33;3.33;1113;19;2091.00;70
4939;12;5932714;4939;412;6052;6119;5.46;0.33;297.34;3.33;1113;19;2092.00;67
4940;12;5932727;4940;410;6055;6119;5.46;0.33;297.34;3.33;1115;19;2093.00;64
4942;12;5932739;4942;413;6059;6119;5.41;0.33;297.27;3.33;1117;19;2094.00;60
4945;12;5932751;4945;415;6063;6119;5.38;0.33;297.22;3.36;1118;19;2095.00;56
4945;12;5932764;4945;422;6064;6120;5.34;0.32;297.22;3.36;1119;19;2096.00;56
4947;12;5932776;4947;414;6067;6121;5.33;0.32;297.11;3.37;1120;19;2097.00;54
4948;12;5932790;4948;416;6069;6121;5.30;0.32;297.12;3.37;1121;19;2098.00;52
4948;12;5932804;4948;423;6073;6125;5.24;0.32;297.12;3.37;1125;19;2099.00;52
4950;12;5932820;4950;429;6078;6140;5.19;0.32;297.18;3.36;1128;19;2100.00;62
4950;12;5932843;4950;422;6078;6140;5.18;0.32;297.18;3.36;1128;19;2101.00;62
4953;12;5932857;4953;423;6078;6140;5.12;0.31;297.09;3.36;1125;19;2102.00;62
4956;12;5932874;4956;427;6082;6146;5.14;0.31;297.04;3.36;1126;19;2103.00;64
4957;12;5932889;4957;427;6082;6146;5.11;0.31;296.98;3.36;1125;19;2104.00;64
4958;12;5932901;4958;431;6083;6146;5.05;0.31;296.94;3.36;1125;19;2105.00;63
4960;12;5932914;4960;433;6086;6149;5.04;0.31;296.98;3.36;1126;19;2106.00;63
4961;12;5932927;4961;434;6088;6149;5.03;0.31;296.99;3.39;1127;19;2107.00;61
4963;12;5932938;4963;440;6088;6149;5.03;0.31;297.00;3.39;1125;19;2108.00;61
4964;12;5932949;4964;442;6089;6150;4.99;0.30;296.98;3.42;1125;19;2109.00;61
4964;12;5932961;4964;443;6091;6151;4.99;0.31;296.98;3.45;1127;19;2110.00;60
4966;12;5932973;4966;444;6093;6151;4.94;0.30;297.04;3.45;1127;19;2111.00;58
4967;12;5932984;4967;455;6101;6164;4.95;0.30;296.98;3.45;1134;19;2112.00;63
4968;12;5933002;4968;449;6103;6164;4.96;0.30;296.96;3.51;1135;19;2113.00;61
4970;12;5933013;4970;455;6105;6164;4.96;0.30;296.85;3.51;1135;19;2114.00;59
4970;12;5933024;4970;459;6107;6166;4.95;0.30;296.85;3.51;1137;19;2115.00;59
4970;12;5933035;4970;468;6110;6166;4.94;0.30;296.85;3.58;1140;19;2116.00;56
4972;12;5933047;4972;476;6114;6170;4.91;0.30;296.77;3.58;1142;19;2117.00;56
4973;12;5933058;4973;483;6114;6170;4.86;0.30;296.78;3.58;1141;19;2118.00;56
4974;12;5933070;4974;485;6119;6174;4.84;0.30;296.75;3.64;1145;19;2119.00;55
4976;12;5933080;4976;487;6119;6174;4.80;0.30;296.72;3.64;1143;19;2120.00;55
4977;12;5933091;4977;490;6120;6174;4.78;0.30;296.66;3.67;1143;19;2121.00;54
4980;12;5933102;4980;496;6122;6174;4.72;0.29;296.55;3.67;1142;19;2122.00;52
4983;12;5933113;4983;500;6122;6174;4.72;0.29;296.59;3.67;1139;19;2123.00;52
4988;12;5933123;4988;500;6134;6186;4.69;0.29;296.53;3.70;1146;19;2124.00;52
4990;12;5933135;4990;496;6136;6186;4.70;0.29;296.48;3.73;1146;19;2125.00;50
4991;12;5933145;4991;490;6136;6186;4.66;0.29;296.52;3.73;1145;19;2126.00;50
4994;12;5933156;4994;486;6137;6186;4.65;0.29;296.50;3.76;1143;19;2127.00;49
4996;12;5933167;4996;478;6139;6186;4.61;0.28;296.55;3.76;1143;19;2128.00;47
4996;12;5933178;4996;468;6143;6186;4.62;0.28;296.55;3.87;1147;19;2129.00;43
5000;12;5933190;5000;459;6145;6187;4.54;0.28;296.46;3.89;1145;19;2130.00;42
5002;12;5933204;5002;463;6146;6187;4.58;0.28;296.46;3.92;1144;19;2131.00;41
5005;12;5933222;5005;460;6151;6193;4.65;0.28;296.41;3.91;1146;19;2132.00;42
5006;12;5933234;5006;456;6151;6194;4.70;0.29;296.39;3.91;1145;19;2133.00;43
5007;12;5933245;5007;454;6154;6194;4.73;0.29;296.35;3.96;1147;19;2134.00;40
5008;12;5933256;5008;446;6155;6194;4.73;0.29;296.37;3.99;1147;19;2135.00;39
5009;12;5933266;5009;446;6157;6198;4.74;0.29;296.31;3.98;1148;19;2136.00;41
5009;12;5933284;5009;447;6158;6198;4.75;0.29;296.31;3.98;1149;19;2137.00;40
5009;12;5933306;5009;446;6158;6198;4.72;0.29;296.31;3.98;1149;19;2138.00;40
5009;12;5933316;5009;452;6160;6199;4.67;0.28;296.31;4.01;1151;19;2139.00;39
5011;12;5933332;5011;451;6163;6203;4.65;0.28;296.27;4.01;1152;19;2140.00;40
5013;12;5933343;5013;452;6165;6203;4.62;0.28;296.19;4.05;1152;19;2141.00;38
5017;12;5933354;5017;456;6167;6206;4.59;0.28;296.20;4.05;1150;19;2142.00;39
5019;12;5933364;5019;456;6167;6206;4.61;0.28;296.17;4.05;1148;19;2143.00;39
5022;12;5933376;5022;460;6170;6206;4.58;0.28;296.30;4.09;1148;19;2144.00;36
5023;12;5933387;5023;446;6170;6206;4.61;0.28;296.34;4.09;1147;19;2145.00;36
5026;12;5933397;5026;442;6174;6210;4.69;0.28;296.41;4.09;1148;19;2146.00;36
5027;12;5933409;5027;441;6176;6210;4.74;0.29;296.43;4.13;1149;19;2147.00;34
5032;12;5933420;5032;432;6176;6210;4.72;0.29;296.49;4.13;1144;19;2148.00;34
5033;12;5933431;5033;431;6176;6210;4.74;0.29;296.49;4.13;1143;19;2149.00;34
5035;12;5933443;5035;437;6176;6211;4.76;0.29;296.52;4.13;1141;19;2150.00;35
5036;12;5933454;5036;439;6177;6212;4.80;0.29;296.51;4.13;1141;19;2151.00;35
5038;12;5933466;5038;439;6177;6212;4.81;0.29;296.66;4.13;1139;19;2152.00;35
5042;12;5933477;5042;435;6178;6213;4.84;0.29;296.72;4.13;1136;19;2153.00;35
5047;12;5933489;5047;431;6178;6213;4.86;0.29;296.79;4.13;1131;19;2154.00;35
5049;12;5933500;5049;427;6178;6213;4.88;0.30;296.90;4.13;1129;19;2155.00;35
5052;12;5933511;5052;417;6178;6213;4.88;0.30;296.97;4.13;1126;19;2156.00;35
5054;12;5933523;5054;406;6178;6213;4.88;0.30;296.95;4.13;1124;19;2157.00;35
5056;12;5933534;5056;405;6178;6213;4.88;0.30;296.98;4.13;1122;19;2158.00;35
5059;12;5933545;5059;407;6178;6213;4.90;0.30;297.08;4.13;1119;19;2159.00;35
5065;12;5933558;5065;429;6298;6443;5.34;0.33;297.12;4.05;1233;19;2160.00;145
5066;12;5933587;5066;414;6305;6444;5.46;0.34;297.20;4.05;1239;19;2161.00;139
5069;12;5933600;5069;411;6318;6444;5.53;0.34;297.25;4.04;1249;19;2162.00;126
5072;12;5933613;5072;413;6324;6444;5.55;0.35;297.24;4.04;1252;19;2163.00;120
5075;12;5933625;5075;414;6332;6444;5.54;0.34;297.33;4.04;1257;19;2164.00;112
5080;12;5933638;5080;416;6338;6444;5.46;0.34;297.55;4.04;1258;19;2165.00;106
5085;12;5933653;5085;422;6345;6444;5.41;0.33;297.60;4.05;1260;19;2166.00;99
5087;12;5933665;5087;429;6349;6444;5.36;0.33;297.69;4.05;1262;19;2167.00;95
5089;12;5933678;5089;434;6355;6445;5.32;0.33;297.85;4.05;1266;19;2168.00;90
5092;12;5933691;5092;443;6358;6446;5.27;0.33;298.02;4.05;1266;19;2169.00;88
5094;12;5933705;5094;455;6361;6446;5.27;0.33;298.06;4.06;1267;19;2170.00;85
5098;12;5933718;5098;464;6364;6447;5.19;0.32;298.16;4.06;1266;19;2171.00;83
5102;12;5933732;5102;474;6364;6447;5.15;0.32;298.29;4.06;1262;19;2172.00;83
5105;12;5933750;5105;480;6367;6447;5.12;0.32;298.41;4.06;1262;19;2173.00;80
5108;12;5933763;5108;484;6371;6447;5.09;0.31;298.56;4.07;1263;19;2174.00;76
5109;12;5933777;5109;487;6373;6451;5.07;0.31;298.55;4.07;1264;19;2175.00;78
5111;12;5933790;5111;490;6376;6451;5.10;0.31;298.56;4.08;1265;19;2176.00;75
5114;12;5933804;5114;496;6376;6451;5.11;0.31;298.67;4.08;1262;19;2177.00;75
5118;12;5933824;5118;500;6376;6454;5.12;0.31;298.81;4.08;1258;19;2178.00;78
5119;12;5933837;5119;507;6377;6454;5.13;0.31;298.80;4.08;1258;19;2179.00;77
5124;12;5933860;5124;507;6377;6454;5.18;0.32;299.05;4.08;1253;19;2180.00;77
5127;12;5933874;5127;511;6382;6458;5.25;0.32;299.13;4.08;1255;19;2181.00;76
5130;12;5933888;5130;500;6382;6459;5.31;0.32;299.22;4.08;1252;19;2182.00;77
5134;12;5933902;5134;494;6384;6459;5.32;0.32;299.31;4.09;1250;19;2183.00;75
5138;12;5933920;5138;494;6386;6463;5.32;0.32;299.35;4.09;1248;19;2184.00;77
5140;12;5933935;5140;489;6386;6463;5.34;0.32;299.39;4.09;1246;19;2185.00;77
5143;12;5933949;5143;493;6386;6463;5.30;0.32;299.46;4.09;1243;19;2186.00;77
5146;12;5933968;5146;488;6386;6464;5.30;0.32;299.64;4.09;1240;19;2187.00;78
5147;12;5933983;5147;492;6386;6464;5.32;0.32;299.65;4.09;1239;19;2188.00;78
5150;12;5933996;5150;493;6390;6470;5.26;0.32;299.72;4.09;1240;19;2189.00;80
5155;12;5934012;5155;500;6390;6470;5.20;0.32;299.87;4.09;1235;19;2190.00;80
5157;12;5934025;5157;502;6390;6471;5.16;0.31;299.89;4.09;1233;19;2191.00;81
5162;12;5934038;5162;501;6391;6471;5.11;0.31;300.00;4.09;1229;19;2192.00;80
5164;12;5934052;5164;495;6392;6471;5.07;0.31;300.03;4.10;1228;19;2193.00;79
5168;12;5934065;5168;492;6392;6471;5.06;0.31;300.19;4.10;1224;19;2194.00;79
5171;12;5934078;5171;492;6392;6471;5.04;0.31;300.40;4.10;1221;19;2195.00;79
5172;12;5934092;5172;493;6399;6483;5.05;0.31;300.43;4.10;1227;19;2196.00;84
5177;12;5934106;5177;494;6399;6483;5.05;0.31;300.74;4.10;1222;19;2197.00;84
5177;12;5934120;5177;506;6401;6483;5.12;0.31;300.74;4.11;1224;19;2198.00;82
5179;12;5934133;5179;504;6402;6483;5.15;0.31;300.84;4.11;1223;19;2199.00;81
5182;12;5934147;5182;514;6404;6483;5.17;0.31;300.92;4.12;1222;19;2200.00;79
5183;12;5934169;5183;507;6407;6483;5.23;0.32;300.90;4.13;1224;19;2201.00;76
5185;12;5934182;5185;500;6413;6487;5.30;0.32;301.06;4.14;1228;19;2202.00;74
5186;12;5934197;5186;496;6414;6487;5.35;0.33;301.03;4.14;1228;19;2203.00;73
5189;12;5934210;5189;496;6417;6491;5.37;0.33;301.35;4.14;1228;19;2204.00;74
5190;13;5934224;5190;497;6420;6493;5.39;0.33;301.48;4.15;1230;20;2205.00;73
5192;13;5934253;5192;494;6421;6493;5.42;0.33;301.60;4.16;1229;20;2206.00;72
5194;13;5934267;5194;499;6423;6493;5.44;0.33;301.73;4.16;1229;20;2207.00;70
5196;13;5934280;5196;500;6430;6506;5.51;0.34;301.82;4.16;1234;20;2208.00;76
5198;13;5934295;5198;502;6432;6506;5.52;0.34;301.98;4.16;1234;20;2209.00;74
5200;13;5934308;5200;509;6437;6508;5.49;0.33;302.05;4.17;1237;20;2210.00;71
5202;13;5934322;5202;508;6440;6509;5.48;0.33;302.15;4.17;1238;20;2211.00;69
5203;13;5934336;5203;510;6441;6510;5.47;0.33;302.29;4.17;1238;20;2212.00;69
5207;13;5934349;5207;511;6443;6510;5.45;0.33;302.40;4.18;1236;20;2213.00;67
5210;13;5934363;5210;510;6444;6513;5.46;0.33;302.46;4.18;1234;20;2214.00;69
5212;13;5934376;5212;503;6445;6513;5.44;0.33;302.50;4.18;1233;20;2215.00;68
5213;13;5934390;5213;501;6446;6513;5.46;0.33;302.51;4.18;1233;20;2216.00;67
5217;13;5934403;5217;495;6447;6513;5.47;0.33;302.68;4.18;1230;20;2217.00;66
5220;13;5934415;5220;498;6452;6519;5.44;0.33;302.75;4.18;1232;20;2218.00;67
5225;13;5934430;5225;500;6453;6519;5.47;0.33;303.03;4.18;1228;20;2219.00;66
5228;13;5934445;5228;502;6453;6519;5.49;0.33;303.06;4.18;1225;21;2220.00;66
5231;13;5934472;5231;511;6453;6519;5.51;0.33;303.23;4.18;1222;21;2221.00;66
5232;13;5934485;5232;515;6456;6523;5.52;0.34;303.33;4.18;1224;21;2222.00;67
5235;13;5934499;5235;507;6457;6524;5.51;0.34;303.49;4.18;1222;21;2223.00;67
5239;13;5934511;5239;512;6457;6524;5.52;0.34;303.73;4.18;1218;21;2224.00;67
5243;13;5934525;5243;516;6458;6525;5.50;0.34;303.84;4.18;1215;21;2225.00;67
5245;13;5934537;5245;520;6458;6525;5.47;0.33;303.97;4.18;1213;21;2226.00;67
5249;13;5934550;5249;518;6458;6525;5.39;0.33;304.07;4.18;1209;21;2227.00;67
5253;13;5934562;5253;520;6458;6525;5.29;0.32;304.40;4.18;1205;21;2228.00;67
5256;13;5934574;5256;524;6459;6525;5.19;0.32;304.52;4.19;1203;21;2229.00;66
5257;13;5934586;5257;530;6459;6525;5.16;0.31;304.55;4.19;1202;21;2230.00;66
5262;13;5934598;5262;533;6459;6525;5.12;0.31;304.71;4.19;1197;21;2231.00;66
5263;13;5934610;5263;550;6489;6595;5.15;0.31;304.82;4.17;1226;21;2232.00;106
5264;13;5934627;5264;545;6491;6596;5.10;0.31;304.89;4.17;1227;21;2233.00;105
5267;13;5934639;5267;551;6497;6596;5.05;0.31;304.95;4.17;1230;21;2234.00;99
5271;13;5934651;5271;541;6499;6596;4.98;0.30;304.97;4.17;1228;21;2235.00;97
5274;13;5934663;5274;548;6501;6596;4.91;0.30;305.09;4.17;1227;21;2236.00;95
5277;13;5934675;5277;551;6503;6596;4.88;0.30;305.17;4.17;1226;21;2237.00;93
5278;13;5934687;5278;555;6505;6596;4.84;0.30;305.18;4.17;1227;21;2238.00;91
5281;13;5934699;5281;558;6507;6596;4.79;0.29;305.15;4.17;1226;21;2239.00;89
5283;13;5934710;5283;565;6510;6597;4.71;0.29;305.24;4.17;1227;21;2240.00;87
5285;13;5934722;5285;566;6511;6598;4.70;0.29;305.35;4.17;1226;21;2241.00;87
5289;13;5934733;5289;555;6513;6598;4.68;0.29;305.37;4.17;1224;21;2242.00;85
5292;13;5934745;5292;553;6519;6602;4.71;0.29;305.37;4.18;1227;21;2243.00;83
5294;13;5934757;5294;556;6521;6602;4.75;0.29;305.40;4.18;1227;21;2244.00;81
5296;13;5934769;5296;550;6523;6602;4.76;0.29;305.37;4.18;1227;21;2245.00;79
5297;13;5934782;5297;545;6523;6602;4.79;0.29;305.41;4.18;1226;21;2246.00;79
5300;13;5934793;5300;534;6527;6608;4.81;0.30;305.42;4.18;1227;21;2247.00;81
5301;13;5934806;5301;530;6527;6608;4.79;0.30;305.47;4.18;1226;21;2248.00;81
5303;13;5934817;5303;527;6527;6608;4.81;0.30;305.57;4.18;1224;21;2249.00;81
5306;13;5934830;5306;516;6533;6614;4.80;0.30;305.60;4.24;1227;21;2250.00;81
5311;13;5934843;5311;510;6534;6614;4.76;0.29;305.57;4.24;1223;21;2251.00;80
5314;13;5934855;5314;517;6535;6614;4.74;0.29;305.66;4.24;1221;21;2252.00;79
5316;13;5934867;5316;516;6535;6615;4.74;0.29;305.64;4.24;1219;21;2253.00;80
5319;13;5934878;5319;516;6536;6616;4.72;0.29;305.75;4.24;1217;21;2254.00;80
5321;13;5934889;5321;520;6536;6616;4.73;0.29;305.81;4.24;1215;21;2255.00;80
5329;13;5934901;5329;514;6544;6629;4.69;0.29;305.72;4.24;1215;21;2256.00;85
5331;13;5934914;5331;518;6546;6629;4.69;0.29;305.68;4.25;1215;21;2257.00;83
5335;13;5934926;5335;516;6546;6629;4.67;0.29;305.52;4.25;1211;21;2258.00;83
5337;13;5934937;5337;511;6547;6630;4.70;0.29;305.43;4.25;1210;21;2259.00;83
5340;13;5934949;5340;518;6548;6630;4.68;0.29;305.40;4.27;1208;21;2260.00;82
5341;13;5934960;5341;516;6553;6634;4.73;0.29;305.37;4.27;1212;21;2261.00;81
5343;13;5934972;5343;522;6553;6634;4.75;0.29;305.42;4.27;1210;21;2262.00;81
5345;13;5934984;5345;519;6557;6638;4.77;0.29;305.46;4.29;1212;21;2263.00;81
5346;13;5934996;5346;522;6559;6638;4.82;0.29;305.47;4.29;1213;21;2264.00;79
5347;13;5935007;5347;526;6560;6638;4.79;0.29;305.43;4.31;1213;21;2265.00;78
5347;13;5935019;5347;527;6562;6638;4.79;0.29;305.43;4.32;1215;21;2266.00;76
5350;13;5935031;5350;527;6563;6638;4.75;0.29;305.34;4.33;1213;21;2267.00;75
5354;13;5935043;5354;529;6573;6650;4.80;0.29;305.21;4.33;1219;21;2268.00;77
5358;13;5935056;5358;524;6576;6650;4.81;0.29;305.10;4.34;1218;21;2269.00;74
5363;13;5935067;5363;525;6578;6650;4.78;0.29;305.10;4.35;1215;21;2270.00;72
5365;13;5935080;5365;522;6578;6650;4.78;0.29;305.13;4.35;1213;21;2271.00;72
5367;13;5935091;5367;504;6579;6650;4.78;0.29;305.09;4.35;1212;21;2272.00;71
5368;13;5935104;5368;501;6579;6650;4.74;0.29;305.09;4.35;1211;21;2273.00;71
5370;13;5935115;5370;497;6580;6651;4.71;0.29;305.03;4.36;1210;21;2274.00;71
5370;13;5935127;5370;495;6582;6651;4.74;0.29;305.03;4.40;1212;21;2275.00;69
5373;13;5935139;5373;494;6587;6657;4.78;0.29;305.01;4.40;1214;21;2276.00;70
5373;13;5935153;5373;489;6588;6658;4.82;0.29;305.01;4.40;1215;21;2277.00;70
5374;13;5935165;5374;489;6590;6658;4.91;0.30;304.96;4.44;1216;21;2278.00;68
5374;13;5935178;5374;491;6590;6658;4.97;0.30;304.96;4.44;1216;21;2279.00;68
5377;13;5935192;5377;477;6595;6663;5.07;0.31;304.87;4.47;1218;22;2280.00;68
5377;13;5935214;5377;480;6595;6663;5.15;0.31;304.87;4.47;1218;22;2281.00;68
5377;13;5935231;5377;476;6596;6663;5.21;0.32;304.87;4.51;1219;22;2282.00;67
5377;13;5935243;5377;484;6598;6664;5.25;0.32;304.87;4.55;1221;22;2283.00;66
5379;13;5935255;5379;476;6601;6668;5.26;0.32;304.81;4.55;1222;22;2284.00;67
5381;13;5935268;5381;478;6602;6668;5.27;0.32;304.98;4.58;1221;22;2285.00;66
5382;13;5935281;5382;481;6604;6671;5.26;0.32;304.93;4.58;1222;22;2286.00;67
5382;13;5935294;5382;475;6604;6671;5.25;0.32;304.93;4.58;1222;22;2287.00;67
5383;13;5935306;5383;475;6606;6671;5.23;0.32;305.02;4.62;1223;22;2288.00;65
5384;13;5935324;5384;483;6606;6671;5.18;0.32;305.01;4.62;1222;22;2289.00;65
5386;13;5935336;5386;485;6610;6675;5.21;0.32;304.97;4.62;1224;22;2290.00;65
5388;13;5935349;5388;485;6612;6675;5.19;0.32;304.96;4.69;1224;22;2291.00;63
5389;13;5935362;5389;490;6612;6675;5.19;0.32;304.93;4.69;1223;22;2292.00;63
5390;13;5935373;5390;488;6614;6675;5.16;0.32;304.89;4.76;1224;22;2293.00;61
5393;13;5935385;5393;492;6614;6676;5.16;0.32;304.84;4.76;1221;22;2294.00;62
5397;13;5935397;5397;490;6616;6678;5.14;0.32;304.81;4.76;1219;22;2295.00;62
5402;13;5935410;5402;486;6618;6678;5.06;0.31;304.88;4.82;1216;22;2296.00;60
5404;13;5935422;5404;484;6619;6679;5.08;0.31;304.99;4.82;1215;23;2297.00;60
5407;13;5935441;5407;473;6621;6679;5.10;0.31;305.03;4.89;1214;23;2298.00;58
5410;13;5935454;5410;474;6621;6679;5.10;0.31;305.03;4.89;1211;23;2299.00;58
5413;13;5935466;5413;469;6621;6679;5.06;0.31;305.07;4.89;1208;23;2300.00;58
5414;13;5935481;5414;467;6623;6679;5.03;0.31;305.09;4.95;1209;23;2301.00;56
5417;13;5935492;5417;461;6623;6679;5.01;0.31;305.09;4.95;1206;23;2302.00;56
5419;13;5935504;5419;463;6625;6679;4.96;0.30;305.28;5.02;1206;23;2303.00;54
5419;13;5935516;5419;483;6695;6806;5.21;0.32;305.28;4.96;1276;23;2304.00;111
5423;13;5935537;5423;469;6699;6807;5.21;0.32;305.38;4.96;1276;23;2305.00;108
5425;13;5935550;5425;464;6710;6807;5.22;0.32;305.40;5.02;1285;23;2306.00;97
5429;13;5935562;5429;459;6713;6807;5.14;0.32;305.41;5.02;1284;23;2307.00;94
5431;13;5935579;5431;459;6718;6807;5.18;0.32;305.50;5.01;1287;23;2308.00;89
5434;13;5935591;5434;460;6720;6807;5.12;0.32;305.52;5.01;1286;23;2309.00;87
5439;13;5935605;5439;451;6723;6807;5.02;0.31;305.72;5.01;1284;23;2310.00;84
5445;13;5935623;5445;450;6726;6807;4.95;0.31;305.76;5.10;1281;23;2311.00;81
5447;13;5935636;5447;444;6730;6808;4.94;0.31;305.85;5.10;1283;23;2312.00;78
5448;13;5935654;5448;439;6731;6809;4.91;0.30;305.91;5.13;1283;23;2313.00;78
5449;13;5935667;5449;451;6734;6809;4.95;0.31;305.95;5.14;1285;23;2314.00;75
5452;13;5935680;5452;456;6737;6810;5.00;0.31;305.98;5.14;1285;23;2315.00;73
5453;13;5935693;5453;471;6742;6810;5.04;0.31;305.95;5.20;1289;23;2316.00;68
5457;13;5935711;5457;465;6743;6810;5.09;0.31;305.90;5.20;1286;23;2317.00;67
5461;13;5935725;5461;469;6746;6810;5.11;0.32;306.07;5.25;1285;23;2318.00;64
5464;13;5935737;5464;470;6751;6814;5.14;0.32;306.10;5.26;1287;23;2319.00;63
5466;13;5935751;5466;461;6752;6814;5.17;0.32;306.12;5.26;1286;23;2320.00;62
5469;13;5935765;5469;458;6754;6814;5.17;0.32;306.23;5.26;1285;23;2321.00;60
5474;13;5935778;5474;447;6754;6817;5.17;0.32;306.31;5.26;1280;23;2322.00;63
5478;13;5935791;5478;449;6755;6817;5.19;0.32;306.28;5.26;1277;23;2323.00;62
5485;13;5935804;5485;446;6755;6817;5.19;0.32;306.38;5.26;1270;23;2324.00;62
5491;13;5935818;5491;442;6759;6821;5.20;0.32;306.55;5.26;1268;23;2325.00;62
5497;13;5935832;5497;443;6760;6822;5.22;0.32;306.52;5.26;1263;23;2326.00;62
5501;13;5935846;5501;450;6760;6822;5.25;0.32;306.49;5.26;1259;23;2327.00;62
5503;13;5935859;5503;450;6762;6826;5.30;0.32;306.51;5.26;1259;23;2328.00;64
5508;13;5935874;5508;441;6762;6826;5.33;0.33;306.75;5.26;1254;23;2329.00;64
5513;13;5935887;5513;444;6763;6826;5.38;0.33;307.03;5.27;1250;23;2330.00;63
5517;13;5935902;5517;437;6763;6827;5.43;0.33;307.05;5.27;1246;23;2331.00;64
5522;13;5935916;5522;434;6763;6827;5.44;0.33;307.14;5.27;1241;23;2332.00;64
5527;14;5935929;5527;427;6767;6833;5.48;0.33;307.38;5.27;1240;24;2333.00;66
5529;14;5935955;5529;426;6767;6833;5.54;0.34;307.58;5.27;1238;24;2334.00;66
5537;14;5935969;5537;419;6768;6834;5.50;0.34;307.90;5.27;1231;24;2335.00;66
5541;14;5935983;5541;419;6768;6834;5.52;0.34;308.00;5.27;1227;24;2336.00;66
5543;14;5935996;5543;422;6768;6834;5.59;0.34;308.06;5.27;1225;24;2337.00;66
5550;14;5936009;5550;427;6769;6834;5.59;0.34;308.35;5.27;1219;24;2338.00;65
5554;14;5936023;5554;425;6770;6834;5.61;0.34;308.60;5.27;1216;24;2339.00;64
5558;14;5936038;5558;436;6792;6870;5.72;0.35;308.79;5.26;1234;24;2340.00;78
5563;14;5936054;5563;438;6795;6870;5.76;0.35;308.95;5.26;1232;24;2341.00;75
5566;14;5936068;5566;445;6797;6870;5.81;0.36;309.05;5.26;1231;24;2342.00;73
5570;14;5936082;5570;444;6798;6870;5.85;0.36;309.21;5.26;1228;24;2343.00;72
5574;14;5936096;5574;444;6802;6870;5.81;0.36;309.23;5.26;1228;24;2344.00;68
5580;14;5936109;5580;443;6802;6870;5.80;0.36;309.23;5.26;1222;24;2345.00;68
5583;14;5936122;5583;448;6806;6874;5.80;0.35;309.38;5.25;1223;24;2346.00;68
5589;14;5936143;5589;452;6807;6874;5.77;0.35;309.70;5.26;1218;24;2347.00;67
5592;14;5936156;5592;454;6811;6878;5.79;0.35;309.74;5.26;1219;24;2348.00;67
5596;14;5936170;5596;452;6812;6879;5.75;0.35;309.94;5.26;1216;24;2349.00;67
5603;14;5936183;5603;454;6812;6879;5.69;0.35;310.14;5.26;1209;24;2350.00;67
5604;14;5936197;5604;458;6813;6879;5.69;0.35;310.12;5.26;1209;24;2351.00;66
5610;14;5936211;5610;465;6822;6892;5.63;0.34;310.36;5.25;1212;24;2352.00;70
5612;14;5936225;5612;471;6825;6892;5.67;0.35;310.44;5.26;1213;24;2353.00;67
5614;15;5936238;5614;478;6826;6892;5.68;0.35;310.54;5.26;1212;25;2354.00;66
5616;15;5936259;5616;491;6828;6893;5.63;0.34;310.68;5.26;1212;25;2355.00;65
5620;15;5936272;5620;494;6828;6894;5.56;0.34;310.86;5.26;1208;25;2356.00;66
5623;15;5936285;5623;490;6829;6894;5.48;0.34;311.02;5.26;1206;25;2357.00;65
5628;15;5936303;5628;500;6832;6897;5.38;0.33;311.15;5.26;1204;25;2358.00;65
5630;15;5936317;5630;506;6833;6897;5.32;0.33;311.31;5.26;1203;25;2359.00;64
5633;15;5936329;5633;502;6833;6897;5.29;0.32;311.33;5.26;1200;25;2360.00;64
5639;15;5936342;5639;511;6833;6897;5.27;0.32;311.43;5.26;1194;25;2361.00;64
5642;15;5936355;5642;508;6838;6903;5.25;0.32;311.59;5.25;1196;25;2362.00;65
5649;15;5936368;5649;507;6838;6903;5.14;0.31;311.63;5.25;1189;25;2363.00;65
5654;15;5936381;5654;510;6838;6903;5.08;0.31;311.77;5.25;1184;25;2364.00;65
5656;15;5936394;5656;513;6838;6903;5.07;0.31;311.73;5.25;1182;25;2365.00;65
5661;15;5936406;5661;512;6841;6907;5.06;0.31;311.95;5.25;1180;25;2366.00;66
5664;15;5936419;5664;515;6842;6908;5.06;0.31;312.08;5.25;1178;25;2367.00;66
5666;15;5936433;5666;510;6842;6908;5.06;0.31;312.08;5.25;1176;25;2368.00;66
5669;15;5936445;5669;510;6843;6909;5.13;0.31;312.21;5.25;1174;25;2369.00;66
5673;15;5936459;5673;512;6843;6909;5.14;0.31;312.38;5.25;1170;25;2370.00;66
5676;15;5936473;5676;510;6843;6909;5.15;0.31;312.38;5.25;1167;25;2371.00;66
5680;15;5936485;5680;511;6843;6909;5.12;0.31;312.43;5.25;1163;25;2372.00;66
5683;15;5936498;5683;514;6843;6909;5.12;0.31;312.50;5.25;1160;25;2373.00;66
5685;15;5936510;5685;522;6843;6909;5.10;0.31;312.62;5.25;1158;25;2374.00;66
5687;15;5936522;5687;530;6843;6909;5.07;0.31;312.67;5.25;1156;25;2375.00;66
5690;15;5936535;5690;540;6882;6979;5.12;0.31;312.80;5.22;1192;25;2376.00;97
5694;15;5936553;5694;535;6882;6980;5.06;0.31;312.93;5.22;1188;25;2377.00;98
5698;15;5936567;5698;540;6889;6980;5.08;0.31;312.96;5.22;1191;25;2378.00;91
5702;15;5936580;5702;537;6893;6980;5.12;0.31;313.07;5.22;1191;25;2379.00;87
5708;15;5936592;5708;536;6894;6980;5.07;0.31;313.32;5.22;1186;25;2380.00;86
5712;15;5936605;5712;529;6897;6980;5.12;0.31;313.42;5.22;1185;25;2381.00;83
5713;15;5936617;5713;535;6898;6980;5.15;0.31;313.42;5.22;1185;25;2382.00;82
5715;15;5936630;5715;529;6901;6980;5.21;0.32;313.47;5.22;1186;25;2383.00;79
5715;15;5936642;5715;527;6903;6981;5.26;0.32;313.47;5.22;1188;25;2384.00;78
5717;15;5936654;5717;526;6907;6983;5.27;0.32;313.45;5.22;1190;25;2385.00;76
5720;15;5936667;5720;527;6910;6983;5.27;0.32;313.53;5.22;1190;25;2386.00;73
5722;15;5936679;5722;531;6915;6987;5.20;0.32;313.45;5.22;1193;25;2387.00;72
5725;15;5936692;5725;541;6916;6987;5.15;0.31;313.38;5.22;1191;25;2388.00;71
5725;15;5936704;5725;549;6916;6987;5.13;0.31;313.38;5.22;1191;25;2389.00;71
5728;15;5936716;5728;552;6916;6987;5.06;0.31;313.54;5.22;1188;25;2390.00;71
5728;15;5936728;5728;553;6921;6993;5.04;0.31;313.54;5.22;1193;25;2391.00;72
5729;15;5936740;5729;561;6921;6993;4.97;0.30;313.50;5.22;1192;25;2392.00;72
5731;15;5936752;5731;563;6921;6993;4.92;0.30;313.52;5.22;1190;25;2393.00;72
5733;15;5936764;5733;572;6923;6996;4.88;0.30;313.45;5.21;1190;25;2394.00;73
5733;15;5936776;5733;572;6923;6996;4.88;0.30;313.45;5.21;1190;25;2395.00;73
5734;15;5936788;5734;571;6924;6996;4.88;0.30;313.41;5.21;1190;25;2396.00;72
5736;15;5936800;5736;577;6924;6997;4.86;0.30;313.40;5.21;1188;25;2397.00;73
5740;15;5936812;5740;581;6925;6998;4.78;0.29;313.39;5.21;1185;25;2398.00;73
5742;15;5936825;5742;588;6925;6998;4.73;0.29;313.32;5.21;1183;25;2399.00;73
5744;15;5936838;5744;595;6951;7057;4.70;0.29;313.33;5.19;1207;25;2400.00;106
5746;15;5936859;5746;587;6951;7057;4.65;0.29;313.35;5.19;1205;25;2401.00;106
5747;15;5936871;5747;584;6953;7057;4.65;0.28;313.30;5.19;1206;25;2402.00;104
5748;15;5936883;5748;575;6954;7058;4.60;0.28;313.33;5.19;1206;25;2403.00;104
5750;15;5936895;5750;577;6957;7058;4.55;0.28;313.38;5.19;1207;25;2404.00;101
5750;15;5936907;5750;568;6959;7062;4.57;0.28;313.38;5.19;1209;25;2405.00;103
5753;15;5936919;5753;569;6961;7062;4.58;0.28;313.39;5.19;1208;25;2406.00;101
5754;15;5936930;5754;558;6964;7066;4.60;0.28;313.34;5.19;1210;25;2407.00;102
5757;15;5936942;5757;556;6965;7066;4.65;0.29;313.29;5.19;1208;25;2408.00;101
5759;15;5936953;5759;559;6966;7066;4.65;0.29;313.30;5.19;1207;25;2409.00;100
5761;15;5936965;5761;564;6967;7066;4.68;0.29;313.31;5.19;1206;25;2410.00;99
5765;15;5936976;5765;566;6967;7066;4.65;0.29;313.46;5.19;1202;25;2411.00;99
5768;15;5936987;5768;565;6976;7078;4.68;0.29;313.46;5.19;1208;25;2412.00;102
5770;16;5936999;5770;567;6977;7078;4.68;0.29;313.44;5.19;1207;26;2413.00;101
5773;16;5937022;5773;562;6978;7078;4.68;0.29;313.43;5.19;1205;26;2414.00;100
5776;16;5937037;5776;567;6979;7078;4.70;0.29;313.42;5.22;1203;26;2415.00;99
5778;16;5937050;5778;566;6980;7078;4.70;0.29;313.38;5.23;1202;26;2416.00;98
5781;16;5937061;5781;571;6982;7078;4.70;0.29;313.37;5.23;1201;26;2417.00;96
5786;16;5937074;5786;563;6982;7079;4.68;0.29;313.25;5.23;1196;26;2418.00;97
5789;16;5937086;5789;548;6982;7079;4.72;0.29;313.17;5.23;1193;26;2419.00;97
5793;16;5937103;5793;536;6986;7085;4.75;0.29;313.11;5.23;1193;26;2420.00;99
5794;16;5937121;5794;527;6987;7086;4.80;0.29;313.10;5.23;1193;26;2421.00;99
5795;16;5937133;5795;514;6989;7086;4.85;0.29;313.12;5.23;1194;26;2422.00;97
5796;16;5937145;5796;506;6992;7086;4.91;0.30;313.07;5.24;1196;26;2423.00;94
5797;16;5937158;5797;494;6995;7090;4.99;0.30;313.06;5.28;1198;26;2424.00;95
5799;16;5937170;5799;492;6995;7090;5.02;0.30;312.96;5.28;1196;26;2425.00;95
5800;16;5937187;5800;487;6997;7090;5.03;0.30;312.95;5.28;1197;26;2426.00;93
5802;16;5937199;5802;487;6999;7091;4.99;0.30;312.86;5.28;1197;26;2427.00;92
5805;16;5937212;5805;480;7003;7095;4.98;0.30;312.73;5.28;1198;26;2428.00;92
5806;16;5937224;5806;473;7003;7095;5.01;0.30;312.77;5.28;1197;26;2429.00;92
5806;16;5937238;5806;472;7008;7101;5.06;0.31;312.77;5.28;1202;26;2430.00;93
5806;16;5937251;5806;469;7008;7101;5.09;0.31;312.77;5.28;1202;26;2431.00;93
5807;16;5937263;5807;470;7010;7101;5.11;0.31;312.80;5.32;1203;26;2432.00;91
5807;16;5937280;5807;469;7011;7101;5.17;0.31;312.80;5.33;1204;26;2433.00;90
5809;16;5937292;5809;467;7016;7105;5.26;0.32;312.78;5.33;1207;26;2434.00;89
5810;16;5937305;5810;468;7017;7105;5.31;0.32;312.76;5.37;1207;26;2435.00;88
5810;16;5937317;5810;468;7017;7105;5.40;0.33;312.76;5.37;1207;26;2436.00;88
5813;16;5937329;5813;467;7017;7105;5.40;0.33;312.94;5.37;1204;26;2437.00;88
5815;16;5937342;5815;464;7017;7106;5.43;0.33;312.92;5.37;1202;26;2438.00;89
5815;16;5937354;5815;458;7021;7107;5.46;0.33;312.92;5.42;1206;26;2439.00;86
5816;16;5937366;5816;460;7022;7107;5.43;0.33;312.91;5.46;1206;26;2440.00;85
5818;16;5937378;5818;462;7024;7108;5.44;0.33;312.91;5.50;1206;26;2441.00;84
5821;16;5937390;5821;463;7024;7108;5.41;0.33;312.88;5.50;1203;26;2442.00;84
5822;16;5937402;5822;466;7024;7108;5.40;0.33;312.92;5.50;1202;26;2443.00;84
5827;16;5937413;5827;461;7026;7108;5.32;0.33;312.95;5.54;1199;26;2444.00;82
5829;16;5937425;5829;469;7028;7108;5.30;0.32;312.99;5.55;1199;26;2445.00;80
5831;16;5937436;5831;468;7029;7108;5.27;0.32;313.07;5.59;1198;26;2446.00;79
5833;16;5937448;5833;477;7029;7108;5.25;0.32;313.19;5.59;1196;26;2447.00;79
5835;16;5937459;5835;489;7094;7235;5.45;0.34;313.45;5.57;1259;26;2448.00;141
5840;16;5937480;5840;478;7096;7236;5.45;0.34;313.63;5.61;1256;26;2449.00;140
5843;16;5937493;5843;478;7106;7236;5.49;0.34;313.56;5.61;1263;26;2450.00;130
5845;16;5937505;5845;489;7111;7236;5.51;0.34;313.66;5.61;1266;26;2451.00;125
5848;16;5937516;5848;485;7118;7236;5.52;0.34;313.60;5.61;1270;26;2452.00;118
5850;16;5937529;5850;482;7123;7236;5.46;0.34;313.74;5.61;1273;26;2453.00;113
5850;16;5937541;5850;491;7127;7236;5.45;0.34;313.74;5.65;1277;26;2454.00;109
5851;17;5937555;5851;496;7129;7236;5.45;0.34;313.73;5.65;1278;27;2455.00;107
5852;17;5937573;5852;504;7132;7237;5.46;0.34;313.72;5.66;1280;27;2456.00;105
5856;17;5937586;5856;504;7136;7238;5.42;0.33;313.80;5.66;1280;27;2457.00;102
5857;17;5937598;5857;498;7137;7238;5.37;0.33;313.82;5.66;1280;27;2458.00;101
5862;17;5937611;5862;498;7138;7239;5.30;0.33;313.81;5.66;1276;27;2459.00;101
5868;17;5937625;5868;492;7142;7239;5.21;0.32;313.96;5.66;1274;27;2460.00;97
5872;17;5937638;5872;505;7144;7239;5.18;0.32;314.00;5.67;1272;27;2461.00;95
5873;17;5937650;5873;501;7145;7239;5.15;0.32;314.13;5.67;1272;27;2462.00;94
5876;17;5937662;5876;504;7150;7243;5.14;0.32;314.18;5.67;1274;27;2463.00;93
5878;17;5937676;5878;505;7151;7243;5.16;0.32;314.17;5.68;1273;27;2464.00;92
5879;17;5937688;5879;507;7152;7243;5.14;0.31;314.20;5.68;1273;27;2465.00;91
5882;17;5937701;5882;512;7153;7246;5.12;0.31;314.24;5.68;1271;27;2466.00;93
5884;17;5937714;5884;508;7155;7246;5.12;0.31;314.34;5.68;1271;27;2467.00;91
5886;17;5937727;5886;512;7160;7246;5.09;0.31;314.37;5.70;1274;27;2468.00;86
5890;17;5937739;5890;519;7164;7250;5.02;0.31;314.48;5.70;1274;27;2469.00;86
5891;17;5937752;5891;514;7165;7251;4.99;0.30;314.51;5.70;1274;27;2470.00;86
5897;17;5937764;5897;521;7167;7251;4.91;0.30;314.61;5.70;1270;27;2471.00;84
5899;17;5937777;5899;514;7170;7255;4.89;0.30;314.70;5.70;1271;27;2472.00;85
5902;17;5937789;5902;516;7171;7255;4.87;0.30;314.76;5.70;1269;28;2473.00;84
5904;17;5937806;5904;516;7171;7255;4.85;0.30;314.94;5.70;1267;28;2474.00;84
5907;17;5937818;5907;510;7174;7257;4.84;0.30;314.94;5.70;1267;28;2475.00;83
5910;17;5937831;5910;500;7174;7257;4.85;0.30;314.90;5.70;1264;28;2476.00;83
5914;17;5937844;5914;498;7178;7263;4.92;0.30;315.02;5.70;1264;28;2477.00;85
5915;17;5937857;5915;488;7179;7263;5.00;0.31;315.02;5.70;1264;28;2478.00;84
5920;17;5937870;5920;476;7179;7264;5.04;0.31;315.24;5.70;1259;28;2479.00;85
5921;17;5937883;5921;478;7179;7264;5.07;0.31;315.27;5.70;1258;28;2480.00;85
5927;17;5937900;5927;480;7179;7264;5.08;0.31;315.48;5.70;1252;28;2481.00;85
5932;17;5937913;5932;467;7179;7264;5.11;0.31;315.48;5.70;1247;28;2482.00;85
5935;17;5937928;5935;460;7179;7264;5.11;0.31;315.53;5.70;1244;28;2483.00;85
5940;17;5937942;5940;462;7187;7276;5.12;0.31;315.62;5.69;1247;28;2484.00;89
5943;17;5937957;5943;455;7187;7276;5.15;0.32;315.68;5.69;1244;28;2485.00;89
5947;17;5937974;5947;450;7188;7276;5.17;0.32;315.88;5.69;1241;28;2486.00;88
5950;17;5937988;5950;446;7189;7276;5.19;0.32;315.99;5.69;1239;28;2487.00;87
5953;17;5938001;5953;451;7189;7276;5.23;0.32;316.03;5.69;1236;28;2488.00;87
5955;17;5938014;5955;441;7190;7276;5.31;0.33;316.13;5.69;1235;28;2489.00;86
5958;17;5938029;5958;436;7193;7280;5.35;0.33;316.17;5.69;1235;28;2490.00;87
5963;17;5938043;5963;421;7193;7280;5.37;0.33;316.35;5.69;1230;28;2491.00;87
5966;17;5938056;5966;424;7196;7284;5.44;0.33;316.33;5.69;1230;28;2492.00;88
5970;17;5938070;5970;417;7196;7285;5.47;0.34;316.41;5.69;1226;28;2493.00;89
5971;17;5938084;5971;414;7196;7285;5.54;0.34;316.47;5.69;1225;28;2494.00;89
5975;17;5938097;5975;414;7196;7285;5.53;0.34;316.55;5.69;1221;28;2495.00;89
5977;17;5938110;5977;413;7204;7298;5.55;0.34;316.54;5.68;1227;28;2496.00;94
5979;17;5938124;5979;410;7205;7298;5.57;0.34;316.62;5.68;1226;28;2497.00;93
5983;17;5938136;5983;409;7206;7298;5.57;0.34;316.71;5.68;1223;28;2498.00;92
5987;17;5938150;5987;406;7207;7299;5.59;0.34;316.77;5.68;1220;28;2499.00;92
5991;17;5938164;5991;411;7207;7300;5.65;0.35;316.88;5.68;1216;28;2500.00;93
5993;17;5938181;5993;416;7207;7300;5.66;0.35;316.87;5.68;1214;28;2501.00;93
6002;17;5938194;6002;411;7208;7303;5.66;0.35;317.26;5.68;1206;28;2502.00;95
6006;17;5938209;6006;411;7208;7303;5.66;0.35;317.33;5.68;1202;28;2503.00;95
6011;17;5938222;6011;416;7208;7303;5.64;0.35;317.54;5.68;1197;28;2504.00;95
6015;17;5938235;6015;416;7208;7303;5.62;0.34;317.55;5.68;1193;28;2505.00;95
6017;17;5938248;6017;418;7212;7309;5.64;0.35;317.61;5.68;1195;28;2506.00;97
6023;17;5938261;6023;425;7212;7309;5.58;0.34;317.66;5.68;1189;28;2507.00;97
6027;17;5938275;6027;424;7212;7309;5.59;0.34;317.69;5.68;1185;28;2508.00;97
6035;17;5938288;6035;425;7212;7309;5.55;0.34;317.80;5.68;1177;28;2509.00;97
6035;17;5938301;6035;426;7216;7313;5.53;0.34;317.80;5.68;1181;28;2510.00;97
6041;17;5938314;6041;420;7216;7314;5.54;0.34;317.89;5.68;1175;28;2511.00;98
6044;17;5938327;6044;422;7216;7314;5.55;0.34;317.93;5.68;1172;28;2512.00;98
6048;17;5938339;6048;424;7218;7315;5.55;0.34;318.12;5.68;1170;28;2513.00;97
6050;17;5938353;6050;426;7218;7315;5.55;0.34;318.10;5.68;1168;28;2514.00;97
6054;17;5938365;6054;434;7218;7315;5.50;0.34;318.47;5.68;1164;28;2515.00;97
6059;17;5938377;6059;441;7219;7315;5.44;0.33;318.69;5.68;1160;28;2516.00;96
6062;17;5938390;6062;448;7220;7315;5.42;0.33;318.80;5.68;1158;28;2517.00;95
6067;17;5938402;6067;451;7221;7315;5.35;0.33;318.83;5.68;1154;28;2518.00;94
6070;17;5938415;6070;457;7222;7315;5.32;0.32;318.95;5.69;1152;28;2519.00;93
6074;17;5938429;6074;482;7285;7440;5.39;0.33;318.95;5.64;1211;28;2520.00;155
6077;17;5938450;6077;485;7291;7441;5.33;0.33;318.91;5.64;1214;28;2521.00;150
6081;17;5938463;6081;486;7297;7441;5.31;0.33;319.04;5.63;1216;28;2522.00;144
6085;17;5938477;6085;486;7304;7441;5.35;0.33;319.34;5.63;1219;28;2523.00;137
6087;17;5938489;6087;491;7309;7441;5.34;0.33;319.29;5.63;1222;28;2524.00;132
6089;17;5938508;6089;488;7313;7441;5.33;0.33;319.34;5.63;1224;28;2525.00;128
6089;17;5938521;6089;491;7317;7441;5.35;0.33;319.34;5.63;1228;28;2526.00;124
6093;17;5938534;6093;490;7321;7441;5.35;0.33;319.51;5.63;1228;28;2527.00;120
6095;17;5938546;6095;491;7324;7442;5.32;0.33;319.61;5.63;1229;28;2528.00;118
6100;17;5938559;6100;499;7327;7443;5.27;0.32;319.68;5.64;1227;28;2529.00;116
6101;17;5938573;6101;501;7329;7443;5.23;0.32;319.78;5.64;1228;28;2530.00;114
6104;17;5938586;6104;501;7335;7447;5.15;0.32;319.97;5.64;1231;28;2531.00;112
6108;17;5938599;6108;499;7335;7447;5.07;0.31;319.96;5.64;1227;28;2532.00;112
6111;17;5938612;6111;505;7336;7447;4.99;0.31;320.02;5.64;1225;28;2533.00;111
6112;17;5938625;6112;507;7336;7447;4.93;0.30;320.08;5.64;1224;28;2534.00;111
6116;17;5938638;6116;512;7342;7453;4.88;0.30;320.21;5.63;1226;28;2535.00;111
6118;17;5938652;6118;523;7342;7453;4.85;0.30;320.16;5.63;1224;28;2536.00;111
6120;17;5938666;6120;528;7345;7455;4.82;0.30;320.16;5.63;1225;28;2537.00;110
6125;17;5938680;6125;525;7347;7458;4.78;0.29;320.13;5.63;1222;28;2538.00;111
6126;17;5938693;6126;532;7348;7458;4.81;0.29;320.11;5.63;1222;28;2539.00;110
6129;17;5938706;6129;540;7348;7458;4.83;0.29;320.00;5.63;1219;28;2540.00;110
6132;17;5938719;6132;545;7348;7459;4.83;0.29;320.09;5.63;1216;28;2541.00;111
6133;17;5938732;6133;543;7349;7460;4.88;0.30;320.04;5.63;1216;28;2542.00;111
6134;17;5938746;6134;541;7349;7460;4.89;0.30;320.00;5.63;1215;28;2543.00;111
6135;17;5938759;6135;553;7360;7473;4.93;0.30;319.96;5.62;1225;28;2544.00;113
6138;17;5938773;6138;560;7360;7473;4.94;0.30;320.07;5.62;1222;28;2545.00;113
6139;17;5938786;6139;558;7360;7473;4.96;0.30;320.09;5.62;1221;28;2546.00;113
6141;17;5938798;6141;559;7361;7474;4.99;0.30;320.06;5.62;1220;28;2547.00;113
6142;17;5938812;6142;564;7361;7474;4.99;0.30;320.07;5.62;1219;28;2548.00;113
6142;17;5938826;6142;559;7365;7478;4.99;0.30;320.07;5.62;1223;28;2549.00;113
6145;17;5938841;6145;563;7367;7481;4.92;0.30;320.18;5.62;1222;28;2550.00;114
6147;17;5938855;6147;565;7372;7485;4.86;0.30;320.09;5.62;1225;29;2551.00;113
6151;17;5938876;6151;568;7372;7485;4.77;0.29;320.08;5.62;1221;29;2552.00;113
6151;17;5938889;6151;570;7372;7485;4.72;0.29;320.08;5.62;1221;29;2553.00;113
6152;17;5938902;6152;577;7372;7485;4.65;0.28;320.09;5.62;1220;29;2554.00;113
6155;17;5938914;6155;572;7372;7485;4.56;0.28;320.05;5.62;1217;29;2555.00;113
6157;17;5938927;6157;573;7381;7497;4.58;0.28;320.05;5.61;1224;29;2556.00;116
6158;17;5938941;6158;570;7382;7497;4.54;0.28;320.06;5.61;1224;29;2557.00;115
6160;17;5938953;6160;574;7383;7497;4.52;0.28;320.00;5.61;1223;29;2558.00;114
6160;17;5938965;6160;571;7383;7497;4.52;0.27;320.00;5.61;1223;29;2559.00;114
6160;17;5938978;6160;572;7383;7497;4.53;0.28;320.00;5.61;1223;29;2560.00;114
6162;17;5938990;6162;574;7383;7497;4.50;0.27;320.05;5.61;1221;29;2561.00;114
6163;17;5939003;6163;583;7383;7498;4.50;0.27;320.07;5.61;1220;29;2562.00;115
6165;17;5939016;6165;582;7383;7498;4.48;0.27;320.05;5.61;1218;29;2563.00;115
6166;17;5939028;6166;579;7388;7504;4.45;0.27;320.06;5.61;1222;29;2564.00;116
6168;17;5939041;6168;586;7390;7506;4.34;0.26;320.07;5.61;1222;29;2565.00;116
6170;17;5939053;6170;569;7390;7506;4.27;0.26;320.11;5.61;1220;29;2566.00;116
6171;17;5939066;6171;553;7390;7506;4.22;0.26;320.11;5.61;1219;29;2567.00;116
6171;17;5939080;6171;540;7393;7510;4.22;0.26;320.11;5.60;1222;29;2568.00;117
6172;17;5939093;6172;530;7394;7510;4.24;0.26;320.12;5.61;1222;29;2569.00;116
6174;17;5939106;6174;524;7394;7510;4.28;0.26;320.18;5.61;1220;29;2570.00;116
6175;17;5939118;6175;517;7395;7511;4.38;0.27;320.25;5.61;1220;29;2571.00;116
6178;17;5939130;6178;505;7398;7515;4.43;0.27;320.23;5.61;1220;29;2572.00;117
6179;17;5939151;6179;500;7398;7515;4.50;0.27;320.18;5.61;1219;29;2573.00;117
6181;17;5939163;6181;493;7400;7518;4.59;0.28;320.25;5.61;1219;29;2574.00;118
6184;17;5939178;6184;489;7400;7518;4.66;0.28;320.32;5.61;1216;29;2575.00;118
6185;17;5939191;6185;488;7401;7518;4.76;0.29;320.31;5.61;1216;29;2576.00;117
6187;17;5939204;6187;481;7401;7518;4.80;0.29;320.35;5.61;1214;29;2577.00;117
6188;17;5939216;6188;479;7405;7522;4.88;0.30;320.38;5.60;1217;29;2578.00;117
6192;17;5939230;6192;477;7405;7522;4.90;0.30;320.37;5.60;1213;29;2579.00;117
6193;17;5939244;6193;474;7406;7522;4.91;0.30;320.37;5.66;1213;29;2580.00;116
6193;17;5939258;6193;471;7407;7522;4.92;0.30;320.37;5.67;1214;29;2581.00;115
6194;17;5939271;6194;473;7407;7523;4.96;0.30;320.39;5.67;1213;29;2582.00;116
6194;17;5939284;6194;473;7408;7524;5.04;0.31;320.39;5.67;1214;29;2583.00;116
6194;17;5939297;6194;467;7408;7524;5.08;0.31;320.39;5.67;1214;29;2584.00;116
6198;17;5939316;6198;466;7409;7525;5.10;0.31;320.29;5.66;1211;29;2585.00;116
6200;17;5939329;6200;463;7409;7525;5.17;0.31;320.27;5.66;1209;29;2586.00;116
6203;17;5939343;6203;463;7409;7525;5.21;0.32;320.34;5.66;1206;29;2587.00;116
6205;17;5939361;6205;459;7409;7525;5.25;0.32;320.43;5.66;1204;29;2588.00;116
6208;17;5939374;6208;463;7409;7525;5.29;0.32;320.43;5.66;1201;29;2589.00;116
6209;17;5939387;6209;462;7409;7525;5.31;0.32;320.50;5.66;1200;29;2590.00;116
6211;17;5939400;6211;457;7409;7525;5.33;0.33;320.46;5.66;1198;29;2591.00;116
6214;17;5939412;6214;474;7475;7652;5.56;0.34;320.52;5.62;1261;29;2592.00;177
6216;17;5939435;6216;463;7477;7653;5.57;0.34;320.66;5.61;1261;29;2593.00;176
6216;17;5939448;6216;449;7486;7653;5.62;0.35;320.66;5.61;1270;29;2594.00;167
6220;17;5939461;6220;451;7491;7653;5.60;0.35;320.81;5.61;1271;29;2595.00;162
6223;17;5939475;6223;445;7495;7653;5.60;0.35;320.81;5.61;1272;29;2596.00;158
6226;17;5939488;6226;451;7498;7653;5.58;0.34;320.85;5.61;1272;29;2597.00;155
6229;17;5939501;6229;444;7500;7653;5.51;0.34;320.95;5.66;1271;29;2598.00;153
6230;17;5939514;6230;446;7503;7653;5.56;0.34;320.99;5.66;1273;29;2599.00;150
6233;17;5939530;6233;447;7506;7654;5.60;0.34;321.04;5.67;1273;29;2600.00;148
6235;17;5939556;6235;449;7512;7655;5.66;0.35;321.22;5.73;1277;29;2601.00;143
6237;17;5939570;6237;447;7515;7655;5.73;0.35;321.28;5.73;1278;29;2602.00;140
6241;17;5939584;6241;453;7517;7656;5.73;0.35;321.35;5.73;1276;29;2603.00;139
6244;17;5939597;6244;460;7519;7656;5.75;0.35;321.40;5.79;1275;29;2604.00;137
6248;17;5939611;6248;465;7522;7656;5.78;0.35;321.38;5.79;1274;29;2605.00;134
6250;17;5939625;6250;471;7523;7656;5.76;0.35;321.46;5.79;1273;29;2606.00;133
6256;17;5939640;6256;485;7531;7660;5.75;0.35;321.56;5.85;1275;29;2607.00;129
6258;17;5939653;6258;491;7533;7660;5.74;0.35;321.51;5.85;1275;29;2608.00;127
6260;17;5939668;6260;490;7535;7660;5.66;0.35;321.60;5.91;1275;29;2609.00;125
6261;17;5939682;6261;486;7538;7666;5.67;0.35;321.64;5.91;1277;29;2610.00;128
6266;17;5939696;6266;495;7540;7666;5.61;0.34;321.85;5.97;1274;29;2611.00;126
6268;17;5939714;6268;503;7543;7666;5.55;0.34;321.94;6.02;1275;29;2612.00;123
6273;17;5939728;6273;511;7546;7670;5.48;0.34;322.13;6.02;1273;29;2613.00;124
6274;17;5939741;6274;508;7549;7671;5.47;0.34;322.12;6.08;1275;29;2614.00;122
6276;17;5939754;6276;511;7549;7671;5.45;0.33;322.15;6.08;1273;29;2615.00;122
6278;17;5939767;6278;512;7554;7675;5.48;0.34;322.28;6.13;1276;29;2616.00;121
6283;17;5939780;6283;519;7555;7675;5.46;0.33;322.42;6.13;1272;29;2617.00;120
6284;17;5939793;6284;527;7556;7675;5.45;0.33;322.41;6.19;1272;29;2618.00;119
6288;17;5939805;6288;531;7557;7676;5.45;0.33;322.43;6.19;1269;29;2619.00;119
6291;17;5939819;6291;524;7558;7676;5.44;0.33;322.56;6.24;1267;29;2620.00;118
6293;17;5939832;6293;527;7563;7682;5.49;0.34;322.51;6.24;1270;29;2621.00;119
6298;17;5939845;6298;529;7564;7682;5.44;0.33;322.58;6.29;1266;29;2622.00;118
6300;17;5939859;6300;524;7564;7683;5.46;0.33;322.53;6.29;1264;29;2623.00;119
6302;17;5939871;6302;516;7565;7683;5.52;0.34;322.62;6.35;1263;29;2624.00;118
6304;17;5939884;6304;509;7565;7683;5.54;0.34;322.82;6.35;1261;29;2625.00;118
6307;17;5939897;6307;508;7565;7683;5.57;0.34;322.99;6.35;1258;29;2626.00;118
6310;17;5939910;6310;503;7567;7683;5.60;0.34;323.01;6.45;1257;29;2627.00;116
6311;17;5939928;6311;493;7577;7695;5.69;0.35;322.99;6.44;1266;29;2628.00;118
6313;17;5939947;6313;490;7577;7695;5.68;0.35;323.16;6.44;1264;29;2629.00;118
6314;17;5939961;6314;485;7580;7695;5.68;0.35;323.21;6.55;1266;29;2630.00;115
6315;17;5939973;6315;489;7581;7695;5.66;0.35;323.26;6.60;1266;29;2631.00;114
6318;17;5939986;6318;496;7582;7695;5.63;0.34;323.39;6.65;1264;29;2632.00;113
6319;17;5940001;6319;498;7582;7695;5.60;0.34;323.40;6.65;1263;29;2633.00;113
6323;18;5940016;6323;498;7587;7699;5.54;0.34;323.41;6.75;1264;30;2634.00;112
6323;18;5940037;6323;494;7588;7699;5.55;0.34;323.41;6.80;1265;30;2635.00;111
6328;18;5940054;6328;500;7593;7703;5.48;0.33;323.40;6.85;1265;30;2636.00;110
6332;18;5940067;6332;492;7594;7704;5.41;0.33;323.54;6.85;1262;30;2637.00;110
6336;18;5940081;6336;498;7594;7704;5.35;0.33;323.55;6.85;1258;30;2638.00;110
6344;18;5940094;6344;499;7596;7704;5.23;0.32;323.52;6.94;1252;30;2639.00;108
6346;18;5940109;6346;498;7618;7733;5.20;0.32;323.54;6.97;1272;30;2640.00;115
6350;18;5940125;6350;484;7618;7733;5.17;0.32;323.48;6.97;1268;30;2641.00;115
6353;18;5940140;6353;487;7620;7733;5.17;0.32;323.56;6.97;1267;30;2642.00;113
6361;18;5940153;6361;488;7625;7734;5.15;0.31;323.56;7.11;1264;30;2643.00;109
6361;18;5940167;6361;484;7626;7735;5.20;0.32;323.56;7.11;1265;30;2644.00;109
6367;18;5940181;6367;482;7626;7735;5.21;0.32;323.54;7.11;1259;30;2645.00;109
6368;18;5940195;6368;486;7631;7738;5.27;0.32;323.53;7.20;1263;30;2646.00;107
6372;18;5940209;6372;476;7631;7738;5.32;0.32;323.66;7.20;1259;30;2647.00;107
6374;18;5940223;6374;476;7631;7738;5.35;0.33;323.61;7.20;1257;30;2648.00;107
6379;18;5940237;6379;465;7631;7738;5.37;0.33;323.64;7.20;1252;30;2649.00;107
6382;18;5940250;6382;457;7636;7744;5.46;0.33;323.69;7.20;1254;30;2650.00;108
6388;18;5940264;6388;463;7636;7744;5.49;0.33;323.82;7.20;1248;30;2651.00;108
6394;18;5940278;6394;457;7636;7744;5.50;0.33;324.22;7.20;1242;30;2652.00;108
6396;18;5940291;6396;452;7636;7744;5.55;0.34;324.23;7.20;1240;30;2653.00;108
6402;18;5940305;6402;450;7639;7748;5.52;0.34;324.37;7.20;1237;30;2654.00;109
6405;18;5940319;6405;452;7641;7750;5.54;0.34;324.38;7.19;1236;30;2655.00;109
6409;18;5940331;6409;444;7641;7750;5.52;0.33;324.49;7.19;1232;30;2656.00;109
6411;18;5940344;6411;439;7642;7751;5.54;0.34;324.63;7.19;1231;30;2657.00;109
6413;18;5940357;6413;437;7642;7751;5.51;0.34;324.69;7.19;1229;30;2658.00;109
6419;18;5940371;6419;436;7642;7751;5.45;0.33;324.83;7.19;1223;30;2659.00;109
6424;18;5940383;6424;444;7642;7751;5.38;0.33;324.91;7.19;1218;30;2660.00;109
6427;18;5940397;6427;447;7642;7751;5.37;0.33;324.88;7.19;1215;30;2661.00;109
6430;18;5940410;6430;446;7642;7751;5.32;0.32;325.04;7.19;1212;30;2662.00;109
6434;18;5940423;6434;452;7642;7751;5.28;0.32;325.17;7.19;1208;30;2663.00;109
6439;18;5940435;6439;466;7682;7821;5.34;0.33;325.28;7.15;1243;30;2664.00;139
6441;18;5940454;6441;465;7684;7822;5.36;0.33;325.29;7.15;1243;30;2665.00;138
6448;18;5940466;6448;468;7690;7822;5.34;0.33;325.64;7.15;1242;30;2666.00;132
6451;18;5940481;6451;476;7692;7822;5.36;0.33;325.64;7.15;1241;30;2667.00;130
6455;18;5940494;6455;480;7694;7822;5.33;0.33;325.60;7.15;1239;30;2668.00;128
6459;18;5940507;6459;485;7695;7822;5.30;0.32;325.70;7.15;1236;30;2669.00;127
6462;18;5940521;6462;489;7696;7822;5.28;0.32;325.72;7.15;1234;30;2670.00;126
6468;18;5940533;6468;490;7699;7822;5.26;0.32;325.89;7.15;1231;30;2671.00;123
6471;18;5940546;6471;495;7700;7823;5.24;0.32;325.97;7.15;1229;30;2672.00;123
6474;18;5940559;6474;492;7701;7824;5.18;0.32;326.01;7.15;1227;30;2673.00;123
6477;18;5940572;6477;500;7703;7824;5.16;0.32;325.97;7.15;1226;30;2674.00;121
6481;18;5940585;6481;500;7707;7828;5.15;0.31;326.05;7.15;1226;30;2675.00;121
6485;18;5940600;6485;515;7707;7828;5.12;0.31;326.00;7.15;1222;30;2676.00;121
6488;18;5940613;6488;521;7708;7828;5.11;0.31;326.03;7.15;1220;30;2677.00;120
6492;18;5940626;6492;526;7708;7828;5.06;0.31;326.14;7.15;1216;30;2678.00;120
6496;18;5940638;6496;529;7712;7834;5.04;0.31;326.20;7.14;1216;30;2679.00;122
6498;18;5940651;6498;527;7714;7834;5.02;0.31;326.17;7.15;1216;30;2680.00;120
6500;18;5940664;6500;536;7715;7834;5.00;0.30;326.21;7.17;1215;30;2681.00;119
6507;18;5940677;6507;541;7716;7837;4.89;0.30;326.35;7.16;1209;30;2682.00;121
6509;18;5940690;6509;543;7718;7837;4.85;0.29;326.39;7.17;1209;30;2683.00;119
6514;18;5940703;6514;553;7718;7837;4.73;0.29;326.44;7.17;1204;30;2684.00;119
6514;18;5940716;6514;562;7720;7838;4.68;0.28;326.44;7.17;1206;30;2685.00;118
6517;18;5940729;6517;562;7722;7839;4.60;0.28;326.41;7.17;1205;30;2686.00;117
6520;18;5940743;6520;561;7723;7839;4.56;0.28;326.37;7.17;1203;30;2687.00;116
6525;18;5940755;6525;568;7733;7852;4.56;0.28;326.42;7.16;1208;30;2688.00;119
6527;18;5940768;6527;566;7734;7852;4.58;0.28;326.40;7.16;1207;30;2689.00;118
6531;18;5940780;6531;564;7734;7852;4.58;0.28;326.27;7.16;1203;30;2690.00;118
6531;18;5940793;6531;563;7735;7853;4.61;0.28;326.27;7.16;1204;30;2691.00;118
6531;18;5940805;6531;567;7735;7853;4.66;0.28;326.27;7.16;1204;30;2692.00;118
6532;18;5940817;6532;571;7739;7857;4.73;0.29;326.23;7.15;1207;30;2693.00;118
6536;18;5940830;6536;571;7739;7857;4.75;0.29;326.17;7.15;1203;30;2694.00;118
6539;18;5940844;6539;574;7742;7861;4.75;0.29;326.15;7.15;1203;30;2695.00;119
6540;18;5940857;6540;566;7742;7861;4.76;0.29;326.16;7.15;1202;30;2696.00;119
6543;18;5940868;6543;564;7742;7861;4.75;0.29;326.14;7.15;1199;30;2697.00;119
6547;18;5940882;6547;563;7742;7861;4.73;0.29;326.17;7.15;1195;30;2698.00;119
6548;18;5940894;6548;556;7742;7861;4.76;0.29;326.25;7.15;1194;30;2699.00;119
6551;18;5940908;6551;554;7768;7910;4.83;0.30;326.22;7.13;1217;30;2700.00;142
6553;18;5940929;6553;549;7768;7910;4.86;0.30;326.22;7.13;1215;30;2701.00;142
6554;18;5940941;6554;564;7771;7910;4.89;0.30;326.19;7.12;1217;30;2702.00;139
6556;18;5940953;6556;556;7771;7910;4.89;0.30;326.14;7.12;1215;30;2703.00;139
6557;18;5940971;6557;561;7774;7910;4.90;0.30;326.13;7.12;1217;30;2704.00;136
6560;18;5940983;6560;570;7774;7910;4.90;0.30;326.21;7.12;1214;30;2705.00;136
6562;18;5940996;6562;564;7775;7911;4.92;0.30;326.21;7.12;1213;30;2706.00;136
6562;18;5941008;6562;568;7775;7911;4.92;0.30;326.21;7.12;1213;30;2707.00;136
6562;18;5941021;6562;563;7780;7917;4.96;0.30;326.21;7.12;1218;30;2708.00;137
6563;18;5941033;6563;569;7781;7918;4.98;0.30;326.24;7.12;1218;30;2709.00;137
6564;18;5941046;6564;572;7781;7918;4.99;0.30;326.28;7.12;1217;30;2710.00;137
6565;18;5941058;6565;573;7782;7918;4.95;0.30;326.24;7.12;1217;30;2711.00;136
6567;18;5941071;6567;581;7785;7922;4.90;0.30;326.20;7.12;1218;30;2712.00;137
6569;18;5941084;6569;570;7785;7922;4.88;0.30;326.22;7.12;1216;30;2713.00;137
6570;18;5941097;6570;554;7786;7922;4.89;0.30;326.23;7.12;1216;30;2714.00;136
6572;18;5941109;6572;546;7787;7923;4.94;0.30;326.21;7.12;1215;30;2715.00;136
6573;18;5941123;6573;546;7791;7927;4.99;0.30;326.24;7.12;1218;30;2716.00;136
6573;18;5941136;6573;543;7791;7927;5.06;0.31;326.24;7.12;1218;30;2717.00;136
6574;18;5941149;6574;545;7793;7930;5.14;0.31;326.27;7.11;1219;30;2718.00;137
6576;18;5941163;6576;533;7793;7930;5.21;0.32;326.27;7.11;1217;30;2719.00;137
6576;18;5941177;6576;536;7795;7930;5.28;0.32;326.27;7.11;1219;30;2720.00;135
6577;18;5941191;6577;536;7795;7930;5.32;0.32;326.29;7.11;1218;30;2721.00;135
6579;19;5941204;6579;524;7799;7934;5.35;0.32;326.29;7.11;1220;31;2722.00;135
6582;19;5941224;6582;522;7799;7934;5.35;0.32;326.48;7.11;1217;31;2723.00;135
6584;19;5941237;6584;520;7799;7934;5.38;0.33;326.59;7.11;1215;31;2724.00;135
6584;19;5941250;6584;513;7799;7934;5.39;0.33;326.59;7.11;1215;31;2725.00;135
6585;19;5941264;6585;513;7800;7935;5.42;0.33;326.63;7.12;1215;31;2726.00;135
6586;19;5941276;6586;516;7802;7936;5.43;0.33;326.63;7.12;1216;31;2727.00;134
6588;19;5941290;6588;515;7802;7936;5.45;0.33;326.67;7.12;1214;31;2728.00;134
6588;19;5941306;6588;514;7803;7937;5.48;0.33;326.67;7.12;1215;31;2729.00;134
6590;19;5941321;6590;504;7805;7937;5.49;0.33;326.66;7.12;1215;31;2730.00;132
6591;19;5941335;6591;496;7805;7937;5.58;0.34;326.64;7.12;1214;31;2731.00;132
6591;19;5941348;6591;496;7806;7937;5.62;0.34;326.64;7.12;1215;31;2732.00;131
6591;19;5941361;6591;486;7806;7937;5.68;0.34;326.64;7.12;1215;31;2733.00;131
6596;19;5941374;6596;476;7806;7937;5.70;0.35;326.71;7.12;1210;31;2734.00;131
6599;19;5941387;6599;471;7806;7937;5.73;0.35;326.85;7.12;1207;31;2735.00;131
6607;19;5941401;6607;482;7868;8064;5.81;0.36;326.94;7.07;1261;31;2736.00;196
6608;19;5941425;6608;466;7868;8065;5.89;0.36;327.01;7.07;1260;31;2737.00;197
6610;19;5941439;6610;456;7877;8065;6.00;0.37;326.97;7.07;1267;31;2738.00;188
6610;19;5941452;6610;449;7881;8065;6.05;0.37;326.97;7.06;1271;31;2739.00;184
6612;19;5941466;6612;449;7888;8065;6.07;0.37;326.99;7.06;1276;31;2740.00;177
6616;19;5941480;6616;443;7891;8065;6.02;0.37;327.01;7.06;1275;31;2741.00;174
6620;19;5941493;6620;442;7893;8065;5.98;0.36;327.12;7.06;1273;31;2742.00;172
6622;19;5941508;6622;445;7897;8065;5.99;0.37;327.22;7.06;1275;31;2743.00;168
6623;19;5941521;6623;439;7899;8066;6.06;0.37;327.23;7.06;1276;31;2744.00;167
6623;19;5941535;6623;430;7905;8068;6.15;0.37;327.23;7.17;1282;31;2745.00;163
6628;19;5941550;6628;429;7908;8068;6.08;0.37;327.39;7.17;1280;31;2746.00;160
6631;19;5941565;6631;430;7910;8069;6.06;0.37;327.51;7.17;1279;31;2747.00;159
6631;19;5941578;6631;423;7910;8069;6.04;0.37;327.51;7.17;1279;31;2748.00;159
6636;19;5941592;6636;422;7914;8069;6.00;0.37;327.49;7.17;1278;31;2749.00;155
6636;19;5941606;6636;422;7914;8069;6.04;0.37;327.49;7.17;1278;31;2750.00;155
6639;19;5941619;6639;423;7917;8073;6.06;0.37;327.54;7.17;1278;31;2751.00;156
6641;20;5941633;6641;422;7920;8073;6.06;0.37;327.64;7.18;1279;32;2752.00;153
6646;20;5941657;6646;420;7922;8073;6.04;0.37;327.71;7.18;1276;32;2753.00;151
6650;20;5941671;6650;430;7925;8076;6.03;0.37;327.73;7.18;1275;32;2754.00;151
6651;20;5941685;6651;436;7928;8076;6.07;0.37;327.85;7.19;1277;32;2755.00;148
6654;20;5941698;6654;444;7929;8076;6.08;0.37;327.97;7.19;1275;32;2756.00;147
6658;20;5941712;6658;450;7936;8080;6.04;0.37;328.20;7.19;1278;32;2757.00;144
6660;20;5941726;6660;449;7937;8081;6.06;0.37;328.37;7.19;1277;32;2758.00;144
6667;20;5941740;6667;459;7937;8081;6.00;0.36;328.65;7.19;1270;32;2759.00;144
6667;20;5941756;6667;459;7942;8086;5.99;0.36;328.65;7.19;1275;32;2760.00;144
6669;20;5941770;6669;465;7945;8086;6.00;0.36;328.65;7.19;1276;32;2761.00;141
6670;20;5941788;6670;465;7945;8086;6.03;0.37;328.67;7.19;1275;32;2762.00;141
6672;20;5941802;6672;458;7947;8087;6.03;0.37;328.79;7.19;1275;32;2763.00;140
6674;21;5941816;6674;460;7947;8087;6.05;0.37;328.83;7.19;1273;33;2764.00;140
6675;21;5941845;6675;464;7952;8093;6.12;0.37;328.83;7.19;1277;33;2765.00;141
6676;21;5941865;6676;468;7952;8093;6.18;0.38;328.79;7.19;1276;33;2766.00;141
6678;21;5941878;6678;467;7952;8094;6.20;0.38;328.81;7.19;1274;33;2767.00;142
6680;21;5941892;6680;474;7952;8094;6.20;0.38;328.82;7.19;1272;33;2768.00;142
6682;21;5941906;6682;473;7953;8094;6.15;0.37;328.84;7.25;1271;33;2769.00;141
6683;21;5941919;6683;472;7954;8094;6.13;0.37;328.85;7.30;1271;33;2770.00;140
6685;21;5941938;6685;479;7954;8094;6.08;0.37;328.91;7.30;1269;33;2771.00;140
6687;21;5941952;6687;479;7964;8106;6.07;0.37;328.97;7.30;1277;33;2772.00;142
6688;21;5941967;6688;487;7967;8106;6.04;0.37;328.99;7.47;1279;33;2773.00;139
6692;21;5941981;6692;491;7968;8106;5.97;0.36;329.04;7.47;1276;33;2774.00;138
6696;21;5942001;6696;494;7969;8106;5.95;0.36;329.10;7.53;1273;33;2775.00;137
6697;21;5942015;6697;498;7969;8106;5.92;0.36;329.11;7.53;1272;33;2776.00;137
6701;21;5942028;6701;499;7970;8106;5.86;0.36;329.28;7.58;1269;33;2777.00;136
6704;21;5942042;6704;502;7974;8110;5.80;0.35;329.41;7.64;1270;33;2778.00;136
6705;21;5942056;6705;504;7974;8110;5.78;0.35;329.38;7.64;1269;33;2779.00;136
6708;22;5942070;6708;506;7978;8114;5.80;0.35;329.49;7.63;1270;34;2780.00;136
6712;22;5942096;6712;498;7980;8115;5.75;0.35;329.62;7.69;1268;34;2781.00;135
6717;22;5942114;6717;500;7980;8115;5.72;0.35;329.60;7.69;1263;34;2782.00;135
6719;22;5942128;6719;498;7981;8115;5.73;0.35;329.53;7.74;1262;34;2783.00;134
6721;22;5942141;6721;493;7992;8128;5.74;0.35;329.56;7.73;1271;34;2784.00;136
6724;22;5942156;6724;500;7994;8128;5.72;0.35;329.59;7.84;1270;34;2785.00;134
6726;22;5942170;6726;505;7994;8128;5.74;0.35;329.76;7.84;1268;34;2786.00;134
6727;22;5942183;6727;513;7997;8129;5.73;0.35;329.86;7.95;1270;34;2787.00;132
6729;22;5942197;6729;514;7998;8130;5.72;0.35;329.99;8.01;1269;34;2788.00;132
6732;22;5942210;6732;520;7999;8130;5.70;0.35;330.09;8.06;1267;34;2789.00;131
6732;22;5942226;6732;519;8004;8136;5.67;0.35;330.09;8.06;1272;34;2790.00;132
6734;22;5942244;6734;521;8004;8136;5.70;0.35;330.16;8.06;1270;34;2791.00;132
6736;22;5942257;6736;520;8007;8136;5.72;0.35;330.16;8.16;1271;34;2792.00;129
6739;22;5942271;6739;510;8007;8136;5.75;0.35;330.18;8.16;1268;34;2793.00;129
6743;22;5942284;6743;510;8012;8142;5.78;0.35;330.24;8.16;1269;34;2794.00;130
6745;22;5942299;6745;513;8014;8142;5.74;0.35;330.22;8.26;1269;34;2795.00;128
6746;22;5942312;6746;509;8015;8142;5.72;0.35;330.34;8.32;1269;34;2796.00;127
6749;22;5942325;6749;521;8016;8142;5.69;0.35;330.35;8.37;1267;34;2797.00;126
6753;22;5942338;6753;524;8019;8146;5.63;0.34;330.45;8.36;1266;34;2798.00;127
6759;22;5942351;6759;533;8022;8147;5.58;0.34;330.63;8.47;1263;34;2799.00;125
6761;22;5942366;6761;550;8022;8147;5.50;0.33;330.78;8.47;1261;34;2800.00;125
6766;22;5942381;6766;557;8023;8148;5.37;0.33;330.88;8.47;1257;34;2801.00;125
6768;22;5942394;6768;554;8025;8148;5.24;0.32;330.97;8.57;1257;34;2802.00;123
6770;22;5942406;6770;554;8025;8148;5.17;0.32;331.04;8.57;1255;34;2803.00;123
6772;22;5942417;6772;563;8027;8148;5.07;0.31;331.02;8.67;1255;34;2804.00;121
6776;22;5942429;6776;557;8027;8148;4.97;0.30;331.18;8.67;1251;34;2805.00;121
6777;22;5942443;6777;555;8027;8148;4.96;0.30;331.31;8.67;1250;34;2806.00;121
6781;22;5942454;6781;547;8029;8148;4.91;0.30;331.28;8.76;1248;34;2807.00;119
6785;22;5942466;6785;550;8069;8218;5.07;0.31;331.46;8.72;1284;34;2808.00;149
6791;22;5942484;6791;544;8072;8219;5.05;0.31;331.47;8.77;1281;34;2809.00;147
6792;22;5942497;6792;539;8080;8219;5.13;0.31;331.51;8.81;1288;34;2810.00;139
6796;22;5942510;6796;547;8083;8219;5.15;0.32;331.43;8.81;1287;34;2811.00;136
6799;22;5942523;6799;543;8085;8219;5.12;0.31;331.37;8.80;1286;34;2812.00;134
6804;22;5942535;6804;542;8086;8219;5.13;0.31;331.34;8.80;1282;34;2813.00;133
6808;22;5942548;6808;543;8089;8219;5.12;0.31;331.34;8.80;1281;34;2814.00;130
6812;22;5942561;6812;550;8090;8219;5.08;0.31;331.33;8.80;1278;34;2815.00;129
6813;22;5942573;6813;553;8091;8220;5.05;0.31;331.38;8.80;1278;34;2816.00;129
6817;22;5942587;6817;551;8092;8221;5.00;0.31;331.40;8.80;1275;34;2817.00;129
6822;22;5942600;6822;562;8094;8221;4.98;0.30;331.49;8.80;1272;34;2818.00;127
6826;22;5942614;6826;564;8098;8225;4.99;0.30;331.58;8.80;1272;34;2819.00;127
6830;22;5942629;6830;563;8098;8225;4.96;0.30;331.61;8.80;1268;34;2820.00;127
6834;22;5942643;6834;571;8098;8225;4.93;0.30;331.63;8.80;1264;34;2821.00;127
6837;22;5942656;6837;576;8098;8225;4.89;0.30;331.70;8.80;1261;34;2822.00;127
6842;22;5942669;6842;580;8102;8231;4.84;0.30;331.69;8.80;1260;34;2823.00;129
6844;22;5942682;6844;577;8102;8231;4.78;0.29;331.75;8.80;1258;34;2824.00;129
6845;22;5942694;6845;578;8102;8231;4.76;0.29;331.77;8.80;1257;34;2825.00;129
6852;22;5942707;6852;587;8103;8234;4.70;0.29;331.90;8.79;1251;34;2826.00;131
6854;22;5942720;6854;586;8104;8234;4.65;0.28;331.90;8.80;1250;34;2827.00;130
6862;22;5942732;6862;593;8104;8234;4.54;0.28;331.78;8.80;1242;34;2828.00;130
6866;22;5942745;6866;598;8104;8235;4.46;0.27;331.79;8.80;1238;34;2829.00;131
6869;22;5942758;6869;604;8105;8236;4.41;0.27;331.79;8.79;1236;34;2830.00;131
6873;22;5942770;6873;602;8105;8236;4.37;0.27;331.88;8.79;1232;34;2831.00;131
6877;22;5942782;6877;610;8114;8249;4.39;0.27;331.86;8.79;1237;34;2832.00;135
6879;22;5942796;6879;611;8114;8249;4.34;0.27;331.92;8.79;1235;34;2833.00;135
6884;22;5942809;6884;607;8115;8249;4.30;0.26;331.97;8.78;1231;34;2834.00;134
6887;22;5942824;6887;616;8116;8251;4.29;0.26;332.01;8.78;1229;34;2835.00;135
6888;22;5942836;6888;616;8116;8251;4.27;0.26;331.97;8.78;1228;34;2836.00;135
6891;22;5942849;6891;620;8119;8255;4.26;0.26;332.02;8.78;1228;34;2837.00;136
6895;22;5942862;6895;620;8119;8255;4.20;0.26;332.10;8.78;1224;34;2838.00;136
6896;22;5942874;6896;626;8122;8259;4.18;0.26;332.10;8.78;1226;34;2839.00;137
6903;22;5942886;6903;627;8123;8259;4.08;0.25;331.96;8.78;1220;34;2840.00;136
6906;22;5942899;6906;634;8124;8259;4.03;0.25;331.89;8.78;1218;34;2841.00;135
6910;22;5942911;6910;633;8124;8259;3.98;0.25;331.87;8.78;1214;34;2842.00;135
6912;22;5942923;6912;631;8124;8259;3.98;0.24;331.87;8.78;1212;34;2843.00;135
6917;22;5942935;6917;633;8132;8271;4.02;0.25;331.92;8.77;1215;34;2844.00;139
6920;22;5942948;6920;640;8133;8271;3.99;0.25;331.90;8.78;1213;34;2845.00;138
6922;22;5942960;6922;640;8134;8271;4.00;0.25;331.89;8.78;1212;34;2846.00;137
6922;22;5942971;6922;642;8136;8271;4.01;0.25;331.89;8.78;1214;34;2847.00;135
6925;22;5942983;6925;648;8136;8271;4.02;0.25;331.97;8.78;1211;34;2848.00;135
6929;22;5942995;6929;646;8136;8271;3.99;0.24;331.93;8.78;1207;34;2849.00;135
6932;22;5943008;6932;651;8139;8274;3.97;0.24;331.90;8.78;1207;34;2850.00;135
6935;22;5943020;6935;658;8140;8274;3.96;0.24;331.83;8.78;1205;34;2851.00;134
6938;22;5943032;6938;639;8144;8280;3.96;0.24;331.83;8.78;1206;34;2852.00;136
6939;22;5943044;6939;629;8145;8281;4.01;0.25;331.83;8.78;1206;34;2853.00;136
6940;22;5943056;6940;626;8146;8281;4.03;0.25;331.83;8.78;1206;34;2854.00;135
6942;22;5943068;6942;620;8147;8281;4.07;0.25;331.79;8.78;1205;34;2855.00;134
6944;22;5943081;6944;613;8151;8285;4.13;0.25;331.88;8.78;1207;34;2856.00;134
6944;22;5943094;6944;615;8152;8285;4.18;0.26;331.88;8.78;1208;34;2857.00;133
6946;22;5943105;6946;613;8152;8285;4.20;0.26;331.93;8.78;1206;34;2858.00;133
6948;22;5943118;6948;611;8153;8286;4.27;0.26;332.00;8.78;1205;34;2859.00;133
6950;22;5943130;6950;593;8157;8290;4.36;0.27;332.01;8.77;1207;34;2860.00;133
6951;22;5943143;6951;562;8157;8290;4.45;0.27;331.97;8.77;1206;34;2861.00;133
6953;22;5943161;6953;538;8160;8293;4.52;0.28;331.90;8.77;1207;34;2862.00;133
6954;22;5943179;6954;521;8160;8293;4.69;0.29;331.89;8.77;1206;34;2863.00;133
6956;22;5943191;6956;513;8162;8295;4.85;0.29;331.88;8.77;1206;34;2864.00;133
6957;23;5943205;6957;502;8162;8295;4.96;0.30;331.89;8.77;1205;35;2865.00;133
6958;23;5943229;6958;492;8166;8299;5.16;0.31;331.92;8.76;1208;35;2866.00;133
6958;23;5943243;6958;486;8166;8299;5.28;0.32;331.92;8.76;1208;35;2867.00;133
6960;23;5943257;6960;491;8166;8299;5.39;0.33;332.00;8.76;1206;35;2868.00;133
6962;23;5943270;6962;481;8166;8299;5.49;0.33;331.99;8.76;1204;35;2869.00;133
6963;23;5943292;6963;478;8166;8300;5.57;0.34;331.97;8.76;1203;35;2870.00;134
6964;23;5943306;6964;481;8167;8301;5.64;0.34;331.95;8.76;1203;35;2871.00;134
6964;23;5943319;6964;480;8167;8301;5.68;0.35;331.95;8.76;1203;35;2872.00;134
6965;23;5943332;6965;473;8168;8302;5.75;0.35;331.93;8.76;1203;35;2873.00;134
6965;23;5943346;6965;467;8168;8302;5.79;0.35;331.93;8.76;1203;35;2874.00;134
6966;23;5943360;6966;459;8168;8302;5.80;0.35;331.95;8.76;1202;35;2875.00;134
6968;23;5943374;6968;455;8168;8302;5.81;0.35;331.96;8.76;1200;35;2876.00;134
6972;23;5943387;6972;460;8168;8302;5.81;0.35;332.10;8.76;1196;35;2877.00;134
6974;23;5943401;6974;456;8168;8302;5.80;0.35;332.10;8.76;1194;35;2878.00;134
6975;23;5943414;6975;454;8168;8302;5.82;0.35;332.11;8.76;1193;35;2879.00;134
6976;23;5943429;6976;492;8279;8532;6.04;0.38;332.09;8.64;1303;35;2880.00;253
6978;23;5943459;6978;485;8283;8533;6.06;0.38;332.12;8.64;1305;36;2881.00;250
6982;23;5943483;6982;456;8294;8533;6.14;0.38;332.11;8.63;1312;36;2882.00;239
6983;23;5943500;6983;457;8299;8533;6.19;0.38;332.10;8.63;1316;36;2883.00;234
6984;23;5943514;6984;453;8306;8533;6.23;0.39;332.16;8.62;1322;36;2884.00;227
6985;23;5943530;6985;439;8308;8533;6.26;0.39;332.15;8.62;1323;36;2885.00;225
6988;23;5943545;6988;441;8315;8533;6.33;0.39;332.18;8.62;1327;36;2886.00;218
6989;23;5943559;6989;443;8320;8533;6.33;0.39;332.18;8.62;1331;36;2887.00;213
6993;23;5943574;6993;439;8324;8534;6.32;0.39;332.24;8.62;1331;36;2888.00;210
6994;23;5943589;6994;443;8328;8535;6.31;0.39;332.20;8.62;1334;36;2889.00;207
6996;23;5943605;6996;448;8333;8535;6.30;0.39;332.18;8.62;1337;36;2890.00;202
7000;23;5943621;7000;454;8335;8536;6.26;0.38;332.23;8.62;1335;36;2891.00;201
7003;23;5943636;7003;458;8340;8536;6.23;0.38;332.32;8.62;1337;36;2892.00;196
7005;23;5943650;7005;475;8341;8536;6.22;0.38;332.39;8.62;1336;36;2893.00;195
7008;23;5943665;7008;480;8342;8536;6.16;0.38;332.52;8.62;1334;36;2894.00;194
7011;23;5943685;7011;487;8344;8540;6.10;0.37;332.61;8.62;1333;36;2895.00;196
7015;23;5943700;7015;493;8345;8540;6.03;0.37;332.82;8.63;1330;36;2896.00;195
7020;23;5943716;7020;499;8349;8540;5.95;0.36;332.99;8.63;1329;36;2897.00;191
7023;23;5943731;7023;497;8350;8543;5.88;0.36;333.17;8.63;1327;36;2898.00;193
7026;23;5943746;7026;495;8351;8543;5.82;0.35;333.30;8.63;1325;36;2899.00;192
7029;23;5943761;7029;483;8352;8543;5.78;0.35;333.49;8.63;1323;36;2900.00;191
7031;23;5943779;7031;486;8355;8547;5.79;0.35;333.51;8.63;1324;36;2901.00;192
7036;23;5943794;7036;474;8356;8548;5.78;0.35;333.77;8.62;1320;36;2902.00;192
7038;23;5943808;7038;465;8359;8548;5.80;0.35;333.81;8.63;1321;36;2903.00;189
7042;23;5943825;7042;464;8360;8552;5.82;0.36;333.95;8.63;1318;36;2904.00;192
7044;23;5943839;7044;467;8360;8552;5.82;0.36;333.99;8.63;1316;36;2905.00;192
7049;23;5943854;7049;460;8362;8552;5.84;0.36;334.21;8.63;1313;36;2906.00;190
7052;23;5943869;7052;454;8363;8553;5.88;0.36;334.18;8.63;1311;36;2907.00;190
7055;23;5943883;7055;448;8363;8553;5.90;0.36;334.29;8.63;1308;36;2908.00;190
7057;23;5943898;7057;451;8369;8559;5.96;0.36;334.28;8.68;1312;36;2909.00;190
7060;23;5943914;7060;448;8371;8559;5.99;0.36;334.32;8.79;1311;36;2910.00;188
7063;23;5943932;7063;448;8371;8560;5.97;0.36;334.43;8.79;1308;36;2911.00;189
7067;23;5943953;7067;454;8371;8560;5.94;0.36;334.49;8.79;1304;36;2912.00;189
7075;23;5943972;7075;453;8373;8560;5.90;0.36;334.71;8.80;1298;36;2913.00;187
7075;23;5943987;7075;453;8374;8560;5.89;0.36;334.71;8.84;1299;36;2914.00;186
7078;23;5944002;7078;454;8375;8560;5.84;0.35;334.71;8.85;1297;36;2915.00;185
7078;23;5944017;7078;461;8384;8572;5.87;0.36;334.71;8.84;1306;36;2916.00;188
7079;23;5944032;7079;463;8385;8572;5.88;0.36;334.74;8.84;1306;36;2917.00;187
7080;23;5944046;7080;464;8388;8572;5.89;0.36;334.73;8.85;1308;36;2918.00;184
7081;23;5944060;7081;471;8389;8572;5.89;0.36;334.74;8.85;1308;36;2919.00;183
7088;23;5944074;7088;480;8390;8572;5.85;0.36;334.93;8.85;1302;36;2920.00;182
7088;23;5944089;7088;480;8392;8572;5.84;0.36;334.93;8.86;1304;36;2921.00;180
7090;23;5944103;7090;479;8396;8576;5.84;0.36;335.13;8.86;1306;36;2922.00;180
7093;23;5944118;7093;473;8398;8576;5.84;0.36;335.11;8.86;1305;36;2923.00;178
7095;23;5944132;7095;477;8403;8580;5.87;0.36;335.11;8.87;1308;36;2924.00;177
7098;23;5944146;7098;482;8406;8582;5.83;0.36;335.18;8.86;1308;36;2925.00;176
7100;23;5944160;7100;485;8409;8582;5.82;0.36;335.16;8.87;1309;36;2926.00;173
7104;23;5944174;7104;492;8409;8582;5.77;0.35;335.25;8.87;1305;36;2927.00;173
7107;23;5944189;7107;494;8419;8595;5.74;0.35;335.36;8.86;1312;36;2928.00;176
7112;23;5944203;7112;496;8420;8595;5.73;0.35;335.40;8.87;1308;36;2929.00;175
7113;23;5944217;7113;496;8421;8595;5.74;0.35;335.41;8.87;1308;36;2930.00;174
7117;23;5944231;7117;495;8423;8596;5.73;0.35;335.51;8.88;1306;36;2931.00;173
7117;23;5944246;7117;495;8423;8597;5.76;0.35;335.51;8.88;1306;36;2932.00;174
7120;23;5944265;7120;497;8423;8597;5.75;0.35;335.56;8.88;1303;36;2933.00;174
7122;23;5944279;7122;497;8426;8600;5.74;0.35;335.54;8.88;1304;36;2934.00;174
7126;23;5944293;7126;497;8426;8600;5.70;0.35;335.63;8.88;1300;36;2935.00;174
7129;23;5944308;7129;506;8429;8600;5.73;0.35;335.71;8.89;1300;36;2936.00;171
7135;23;5944322;7135;511;8429;8600;5.70;0.35;335.82;8.89;1294;36;2937.00;171
7137;23;5944336;7137;519;8437;8606;5.73;0.35;335.74;8.95;1300;36;2938.00;169
7140;23;5944350;7140;521;8440;8606;5.70;0.35;335.86;9.13;1300;36;2939.00;166
7143;23;5944365;7143;520;8442;8606;5.68;0.35;335.88;9.18;1299;37;2940.00;164
7143;23;5944387;7143;521;8442;8606;5.67;0.35;335.88;9.18;1299;38;2941.00;164
7144;23;5944408;7144;521;8445;8610;5.67;0.35;335.92;9.18;1301;38;2942.00;165
7148;23;5944422;7148;525;8448;8611;5.63;0.34;335.87;9.29;1300;38;2943.00;163
7150;23;5944436;7150;524;8448;8611;5.58;0.34;335.82;9.29;1298;38;2944.00;163
7152;23;5944449;7152;530;8450;8612;5.54;0.34;335.90;9.35;1298;38;2945.00;162
7155;23;5944463;7155;531;8451;8612;5.52;0.34;336.04;9.41;1296;38;2946.00;161
7157;23;5944476;7157;531;8451;8612;5.49;0.34;336.09;9.41;1294;38;2947.00;161
7158;23;5944490;7158;543;8452;8612;5.50;0.34;336.07;9.47;1294;38;2948.00;160
7163;23;5944503;7163;545;8452;8612;5.47;0.33;336.28;9.47;1289;38;2949.00;160
7165;23;5944516;7165;552;8454;8612;5.45;0.33;336.34;9.58;1289;38;2950.00;158
7170;23;5944529;7170;552;8454;8612;5.41;0.33;336.37;9.58;1284;38;2951.00;158
7174;23;5944543;7174;568;8494;8682;5.47;0.33;336.43;9.54;1320;38;2952.00;188
7176;23;5944560;7176;573;8496;8683;5.43;0.33;336.45;9.65;1320;38;2953.00;187
7177;23;5944573;7177;573;8500;8683;5.45;0.33;336.46;9.65;1323;38;2954.00;183
7179;23;5944587;7179;562;8506;8683;5.44;0.33;336.41;9.70;1327;38;2955.00;177
7182;23;5944601;7182;556;8509;8683;5.41;0.33;336.60;9.69;1327;38;2956.00;174
7185;23;5944615;7185;557;8511;8683;5.36;0.33;336.63;9.69;1326;38;2957.00;172
7187;23;5944629;7187;570;8512;8683;5.31;0.32;336.67;9.69;1325;38;2958.00;171
7192;23;5944641;7192;565;8518;8683;5.28;0.32;336.73;9.91;1326;38;2959.00;165
7193;23;5944654;7193;568;8520;8684;5.28;0.32;336.83;9.91;1327;38;2960.00;164
7196;23;5944668;7196;571;8523;8685;5.23;0.32;336.86;9.96;1327;38;2961.00;162
7202;23;5944682;7202;579;8525;8685;5.13;0.31;336.96;9.96;1323;38;2962.00;160
7203;23;5944695;7203;586;8530;8689;5.09;0.31;337.08;10.07;1327;38;2963.00;159
7206;23;5944709;7206;578;8531;8689;5.02;0.31;337.16;10.07;1325;38;2964.00;158
7207;23;5944722;7207;577;8534;8689;4.99;0.31;337.29;10.17;1327;38;2965.00;155
7208;23;5944736;7208;571;8534;8689;4.97;0.30;337.30;10.17;1326;38;2966.00;155
7211;23;5944748;7211;574;8538;8695;4.97;0.30;337.34;10.16;1327;38;2967.00;157
7214;23;5944762;7214;579;8540;8695;4.92;0.30;337.43;10.27;1326;38;2968.00;155
7217;23;5944776;7217;586;8540;8695;4.83;0.30;337.50;10.27;1323;38;2969.00;155
7220;23;5944790;7220;573;8545;8701;4.76;0.29;337.54;10.37;1325;38;2970.00;156
7224;23;5944805;7224;573;8545;8701;4.62;0.28;337.54;10.37;1321;38;2971.00;156
7226;23;5944818;7226;580;8546;8701;4.60;0.28;337.53;10.36;1320;38;2972.00;155
7231;23;5944832;7231;568;8548;8702;4.58;0.28;337.60;10.47;1317;38;2973.00;154
7233;23;5944844;7233;564;8549;8703;4.58;0.28;337.69;10.47;1316;38;2974.00;154
7239;23;5944858;7239;567;8549;8703;4.51;0.28;337.69;10.47;1310;38;2975.00;154
7243;23;5944871;7243;567;8561;8716;4.50;0.28;337.71;10.55;1318;38;2976.00;155
7247;23;5944885;7247;561;8561;8716;4.47;0.28;337.68;10.55;1314;38;2977.00;155
7251;23;5944899;7251;558;8561;8716;4.48;0.28;337.75;10.55;1310;38;2978.00;155
7253;23;5944912;7253;556;8562;8717;4.47;0.28;337.83;10.55;1309;38;2979.00;155
7258;23;5944924;7258;569;8562;8717;4.47;0.28;337.81;10.55;1304;38;2980.00;155
7262;23;5944937;7262;562;8565;8721;4.51;0.28;337.71;10.55;1303;38;2981.00;156
7265;23;5944951;7265;560;8565;8721;4.51;0.28;337.78;10.55;1300;38;2982.00;156
7267;23;5944963;7267;563;8568;8725;4.54;0.28;337.83;10.54;1301;38;2983.00;157
7275;23;5944977;7275;566;8568;8725;4.49;0.28;337.70;10.54;1293;38;2984.00;157
7276;23;5944991;7276;566;8568;8725;4.48;0.28;337.72;10.54;1292;38;2985.00;157
7280;23;5945004;7280;574;8569;8725;4.48;0.28;337.70;10.55;1289;38;2986.00;156
7283;23;5945017;7283;578;8569;8725;4.47;0.28;337.72;10.55;1286;38;2987.00;156
7290;23;5945031;7290;581;8577;8737;4.54;0.28;337.60;10.54;1287;38;2988.00;160
7294;23;5945044;7294;584;8577;8737;4.56;0.28;337.50;10.54;1283;38;2989.00;160
7300;23;5945057;7300;575;8578;8737;4.57;0.28;337.54;10.54;1278;38;2990.00;159
7304;23;5945070;7304;572;8578;8737;4.57;0.28;337.54;10.54;1274;38;2991.00;159
7308;23;5945084;7308;585;8578;8737;4.57;0.28;337.44;10.54;1270;38;2992.00;159
7312;23;5945097;7312;576;8578;8737;4.57;0.28;337.44;10.54;1266;38;2993.00;159
7316;23;5945111;7316;586;8578;8738;4.56;0.28;337.44;10.54;1262;38;2994.00;160
7318;23;5945123;7318;582;8578;8738;4.53;0.28;337.41;10.54;1260;38;2995.00;160
7322;23;5945136;7322;583;8582;8744;4.47;0.28;337.38;10.53;1260;38;2996.00;162
7326;23;5945151;7326;593;8582;8745;4.40;0.27;337.42;10.53;1256;38;2997.00;163
7328;23;5945169;7328;602;8582;8745;4.31;0.26;337.46;10.53;1254;38;2998.00;163
7331;23;5945182;7331;608;8582;8745;4.28;0.26;337.57;10.53;1251;38;2999.00;163
7334;23;5945196;7334;613;8590;8765;4.29;0.26;337.54;10.58;1256;38;3000.00;175
7336;23;5945217;7336;606;8590;8765;4.26;0.26;337.56;10.58;1254;38;3001.00;175
7340;23;5945229;7340;605;8590;8765;4.22;0.26;337.62;10.58;1250;38;3002.00;175
7344;23;5945241;7344;610;8592;8766;4.25;0.26;337.64;10.58;1248;38;3003.00;174
7349;23;5945254;7349;611;8596;8770;4.21;0.26;337.60;10.58;1247;38;3004.00;174
7354;23;5945267;7354;620;8596;8770;4.17;0.25;337.72;10.58;1242;38;3005.00;174
7355;23;5945279;7355;616;8599;8773;4.15;0.25;337.74;10.57;1244;38;3006.00;174
7357;23;5945291;7357;607;8599;8773;4.16;0.25;337.80;10.57;1242;38;3007.00;174
7359;23;5945304;7359;594;8599;8773;4.19;0.26;337.86;10.57;1240;38;3008.00;174
7361;23;5945316;7361;589;8599;8773;4.24;0.26;337.86;10.57;1238;38;3009.00;174
7365;23;5945327;7365;585;8603;8777;4.25;0.26;337.84;10.58;1238;38;3010.00;174
7369;23;5945341;7369;572;8605;8777;4.22;0.26;337.90;10.58;1236;38;3011.00;172
7372;23;5945354;7372;572;8607;8777;4.22;0.26;337.92;10.58;1235;38;3012.00;170
7374;23;5945366;7374;562;8608;8777;4.25;0.26;337.86;10.59;1234;38;3013.00;169
7376;23;5945378;7376;555;8610;8778;4.25;0.26;337.86;10.59;1234;38;3014.00;168
7376;23;5945390;7376;560;8611;8780;4.32;0.26;337.86;10.59;1235;38;3015.00;169
7380;23;5945403;7380;563;8612;8780;4.33;0.26;337.91;10.59;1232;38;3016.00;168
7383;23;5945415;7383;557;8616;8781;4.37;0.27;337.94;10.65;1233;38;3017.00;165
7386;23;5945428;7386;558;8616;8781;4.41;0.27;337.99;10.65;1230;38;3018.00;165
7388;23;5945441;7388;552;8616;8781;4.42;0.27;338.00;10.65;1228;38;3019.00;165
7388;23;5945453;7388;554;8617;8781;4.48;0.27;338.00;10.65;1229;38;3020.00;164
7389;23;5945465;7389;553;8620;8781;4.53;0.28;337.99;10.65;1231;38;3021.00;161
7389;23;5945483;7389;549;8620;8781;4.57;0.28;337.99;10.65;1231;38;3022.00;161
7391;23;5945496;7391;542;8623;8781;4.60;0.28;338.03;10.66;1232;38;3023.00;158
7392;23;5945509;7392;547;8687;8908;4.99;0.31;338.02;10.58;1295;38;3024.00;221
7392;23;5945530;7392;544;8691;8909;5.01;0.31;338.02;10.58;1299;38;3025.00;218
7395;23;5945548;7395;527;8700;8909;5.06;0.31;338.10;10.57;1305;38;3026.00;209
7396;23;5945561;7396;514;8705;8909;5.15;0.32;338.10;10.56;1309;38;3027.00;204
7398;23;5945575;7398;506;8708;8909;5.22;0.32;338.11;10.56;1310;38;3028.00;201
7399;23;5945589;7399;492;8714;8909;5.28;0.33;338.12;10.62;1315;38;3029.00;195
7401;23;5945604;7401;492;8715;8909;5.31;0.33;338.32;10.62;1314;38;3030.00;194
7406;23;5945618;7406;497;8718;8909;5.30;0.33;338.38;10.62;1312;38;3031.00;191
7406;23;5945632;7406;495;8720;8910;5.34;0.33;338.38;10.61;1314;38;3032.00;190
7408;23;5945646;7408;493;8723;8911;5.34;0.33;338.53;10.61;1315;38;3033.00;188
7411;23;5945661;7411;499;8726;8911;5.27;0.32;338.52;10.62;1315;38;3034.00;185
7416;23;5945675;7416;499;8730;8912;5.28;0.32;338.73;10.62;1314;38;3035.00;182
7418;23;5945691;7418;493;8733;8912;5.26;0.32;338.70;10.62;1315;38;3036.00;179
7420;23;5945707;7420;491;8736;8912;5.27;0.32;338.69;10.62;1316;38;3037.00;176
7423;23;5945723;7423;484;8737;8912;5.25;0.32;338.74;10.62;1314;38;3038.00;175
7426;23;5945738;7426;477;8741;8916;5.24;0.32;338.88;10.61;1315;38;3039.00;175
7431;23;5945754;7431;483;8742;8916;5.25;0.32;339.05;10.62;1311;38;3040.00;174
7434;23;5945769;7434;482;8743;8916;5.27;0.32;339.17;10.62;1309;38;3041.00;173
7438;23;5945785;7438;485;8745;8919;5.31;0.32;339.28;10.62;1307;38;3042.00;174
7439;23;5945800;7439;485;8746;8919;5.36;0.33;339.29;10.62;1307;38;3043.00;173
7441;23;5945815;7441;489;8748;8919;5.41;0.33;339.30;10.67;1307;38;3044.00;171
7444;23;5945831;7444;489;8752;8923;5.47;0.33;339.27;10.67;1308;38;3045.00;171
7447;23;5945846;7447;486;8754;8924;5.54;0.34;339.33;10.67;1307;38;3046.00;170
7448;23;5945861;7448;477;8755;8924;5.63;0.34;339.32;10.67;1307;38;3047.00;169
7451;23;5945875;7451;482;8759;8928;5.69;0.35;339.37;10.66;1308;38;3048.00;169
7454;23;5945890;7454;487;8760;8928;5.72;0.35;339.44;10.66;1306;38;3049.00;168
7457;23;5945905;7457;487;8761;8928;5.78;0.35;339.44;10.66;1304;38;3050.00;167
7459;23;5945919;7459;490;8762;8929;5.81;0.35;339.53;10.66;1303;38;3051.00;167
7460;23;5945934;7460;493;8763;8929;5.81;0.35;339.55;10.66;1303;38;3052.00;166
7462;23;5945948;7462;492;8767;8935;5.81;0.35;339.60;10.66;1305;38;3053.00;168
7464;23;5945962;7464;494;8768;8935;5.81;0.35;339.56;10.66;1304;38;3054.00;167
7468;23;5945976;7468;490;8768;8936;5.80;0.35;339.70;10.66;1300;38;3055.00;168
7470;23;5945991;7470;481;8768;8936;5.80;0.35;339.82;10.66;1298;38;3056.00;168
7474;23;5946006;7474;487;8768;8936;5.74;0.35;340.07;10.66;1294;38;3057.00;168
7476;23;5946021;7476;489;8768;8936;5.75;0.35;340.07;10.66;1292;38;3058.00;168
7479;23;5946036;7479;489;8768;8936;5.70;0.35;340.18;10.66;1289;38;3059.00;168
7482;23;5946052;7482;485;8793;8972;5.67;0.35;340.32;10.63;1311;38;3060.00;179
7484;23;5946070;7484;475;8794;8972;5.63;0.34;340.34;10.63;1310;38;3061.00;178
7487;23;5946085;7487;473;8797;8972;5.64;0.34;340.56;10.62;1310;38;3062.00;175
7489;23;5946100;7489;472;8797;8972;5.58;0.34;340.57;10.62;1308;38;3063.00;175
7490;23;5946116;7490;470;8798;8972;5.62;0.34;340.55;10.62;1308;38;3064.00;174
7493;24;5946130;7493;464;8799;8972;5.66;0.35;340.55;10.62;1306;39;3065.00;173
7495;24;5946155;7495;461;8802;8976;5.71;0.35;340.55;10.62;1307;39;3066.00;174
7497;24;5946170;7497;449;8802;8976;5.78;0.35;340.69;10.62;1305;39;3067.00;174
7501;24;5946184;7501;449;8807;8980;5.85;0.36;340.77;10.67;1306;39;3068.00;173
7502;24;5946201;7502;447;8808;8981;5.93;0.36;340.82;10.67;1306;39;3069.00;173
7507;24;5946215;7507;443;8808;8981;5.88;0.36;340.86;10.67;1301;39;3070.00;173
7510;24;5946231;7510;431;8808;8981;5.93;0.36;340.97;10.67;1298;39;3071.00;173
7513;24;5946245;7513;437;8818;8994;5.89;0.36;341.04;10.70;1305;39;3072.00;176
7517;24;5946261;7517;433;8818;8994;5.88;0.36;341.08;10.70;1301;39;3073.00;176
7524;24;5946277;7524;424;8818;8994;5.86;0.36;341.26;10.70;1294;39;3074.00;176
7527;24;5946292;7527;426;8820;8995;5.94;0.36;341.28;10.76;1293;39;3075.00;175
7529;24;5946309;7529;424;8820;8996;5.97;0.36;341.26;10.76;1291;39;3076.00;176
7531;24;5946323;7531;416;8820;8996;6.03;0.37;341.37;10.76;1289;39;3077.00;176
7534;24;5946338;7534;418;8823;8999;6.07;0.37;341.41;10.76;1289;39;3078.00;176
7540;24;5946352;7540;421;8824;8999;6.07;0.37;341.57;10.76;1284;39;3079.00;175
7544;24;5946367;7544;419;8824;8999;6.06;0.37;341.59;10.76;1280;39;3080.00;175
7545;24;5946383;7545;420;8826;8999;6.07;0.37;341.55;10.82;1281;39;3081.00;173
7548;24;5946397;7548;422;8831;9005;6.07;0.37;341.64;10.81;1283;39;3082.00;174
7554;24;5946412;7554;416;8832;9005;6.01;0.36;341.81;10.87;1278;39;3083.00;173
7554;24;5946426;7554;424;8832;9005;5.92;0.36;341.81;10.87;1278;39;3084.00;173
7557;24;5946440;7557;414;8832;9005;5.86;0.36;341.95;10.87;1275;39;3085.00;173
7563;24;5946455;7563;421;8835;9009;5.76;0.35;341.95;10.87;1272;39;3086.00;174
7565;24;5946469;7565;420;8836;9010;5.79;0.35;342.02;10.87;1271;39;3087.00;174
7568;24;5946484;7568;420;8836;9010;5.79;0.35;342.19;10.87;1268;39;3088.00;174
7569;24;5946498;7569;421;8837;9011;5.81;0.35;342.30;10.87;1268;39;3089.00;174
7571;24;5946513;7571;413;8837;9011;5.84;0.36;342.51;10.87;1266;39;3090.00;174
7573;24;5946528;7573;411;8837;9011;5.87;0.36;342.55;10.87;1264;39;3091.00;174
7574;24;5946541;7574;409;8837;9011;5.84;0.35;342.60;10.87;1263;39;3092.00;174
7574;24;5946555;7574;413;8837;9011;5.80;0.35;342.60;10.87;1263;39;3093.00;174
7579;24;5946568;7579;418;8837;9011;5.75;0.35;342.51;10.87;1258;39;3094.00;174
7581;24;5946582;7581;423;8837;9011;5.72;0.35;342.60;10.87;1256;39;3095.00;174
7582;24;5946595;7582;434;8873;9081;5.87;0.36;342.70;10.82;1291;39;3096.00;208
7585;24;5946613;7585;430;8876;9082;5.90;0.36;342.80;10.82;1291;39;3097.00;206
7588;24;5946627;7588;428;8885;9082;5.92;0.36;342.90;10.87;1297;39;3098.00;197
7591;24;5946642;7591;430;8886;9082;5.93;0.36;342.97;10.87;1295;39;3099.00;196
7596;24;5946658;7596;430;8887;9082;5.86;0.36;343.08;10.87;1291;39;3100.00;195
7597;24;5946675;7597;434;8890;9082;5.86;0.36;343.06;10.87;1293;39;3101.00;192
7600;24;5946689;7600;433;8891;9082;5.78;0.35;343.21;10.87;1291;39;3102.00;191
7605;24;5946703;7605;436;8895;9082;5.75;0.35;343.21;10.93;1290;39;3103.00;187
7609;24;5946716;7609;444;8898;9083;5.70;0.35;343.24;10.93;1289;39;3104.00;185
7611;24;5946730;7611;447;8901;9085;5.64;0.34;343.22;10.93;1290;39;3105.00;184
7611;24;5946744;7611;457;8904;9085;5.66;0.35;343.22;10.99;1293;39;3106.00;181
7614;24;5946757;7614;471;8910;9089;5.64;0.34;343.23;10.99;1296;39;3107.00;179
7617;24;5946770;7617;471;8912;9089;5.55;0.34;343.34;10.98;1295;39;3108.00;177
7618;24;5946784;7618;481;8913;9089;5.54;0.34;343.34;11.04;1295;39;3109.00;176
7623;24;5946797;7623;489;8913;9089;5.48;0.33;343.45;11.04;1290;39;3110.00;176
7623;24;5946811;7623;491;8919;9095;5.51;0.34;343.45;11.10;1296;39;3111.00;176
7626;24;5946825;7626;500;8919;9095;5.50;0.34;343.53;11.10;1293;39;3112.00;176
7629;24;5946838;7629;508;8919;9095;5.44;0.33;343.61;11.10;1290;39;3113.00;176
7632;24;5946853;7632;523;8921;9098;5.38;0.33;343.61;11.10;1289;39;3114.00;177
7635;24;5946867;7635;536;8922;9098;5.31;0.32;343.60;11.16;1287;39;3115.00;176
7637;24;5946880;7637;548;8923;9098;5.22;0.32;343.57;11.16;1286;39;3116.00;175
7638;24;5946893;7638;551;8924;9099;5.11;0.31;343.62;11.22;1286;39;3117.00;175
7643;24;5946910;7643;560;8925;9100;5.00;0.31;343.66;11.22;1282;39;3118.00;175
7647;24;5946923;7647;564;8927;9100;4.91;0.30;343.62;11.34;1280;39;3119.00;173
7650;24;5946938;7650;566;8945;9126;4.90;0.30;343.55;11.31;1295;39;3120.00;181
7653;24;5946953;7653;565;8946;9126;4.84;0.29;343.55;11.31;1293;39;3121.00;180
7655;24;5946966;7655;562;8951;9126;4.81;0.29;343.50;11.42;1296;39;3122.00;175
7657;24;5946983;7657;559;8952;9127;4.77;0.29;343.49;11.42;1295;39;3123.00;175
7657;24;5946996;7657;567;8954;9127;4.74;0.29;343.49;11.54;1297;39;3124.00;173
7659;24;5947009;7659;561;8958;9131;4.75;0.29;343.47;11.53;1299;39;3125.00;173
7663;24;5947022;7663;570;8960;9131;4.72;0.29;343.38;11.65;1297;39;3126.00;171
7664;24;5947040;7664;576;8963;9135;4.71;0.29;343.35;11.65;1299;39;3127.00;172
7665;24;5947052;7665;576;8963;9135;4.69;0.29;343.36;11.65;1298;39;3128.00;172
7668;24;5947065;7668;580;8963;9135;4.65;0.28;343.26;11.65;1295;39;3129.00;172
7671;24;5947077;7671;580;8963;9135;4.58;0.28;343.21;11.65;1292;39;3130.00;172
7672;24;5947091;7672;590;8963;9135;4.48;0.27;343.24;11.65;1291;39;3131.00;172
7676;24;5947103;7676;590;8973;9147;4.43;0.27;343.35;11.63;1297;39;3132.00;174
7678;24;5947116;7678;597;8973;9147;4.35;0.27;343.35;11.63;1295;39;3133.00;174
7682;24;5947129;7682;605;8974;9147;4.23;0.26;343.31;11.63;1292;39;3134.00;173
7685;24;5947141;7685;590;8974;9147;4.13;0.25;343.23;11.63;1289;39;3135.00;173
7688;24;5947153;7688;594;8974;9147;4.05;0.25;343.23;11.63;1286;39;3136.00;173
7688;24;5947165;7688;590;8974;9147;4.03;0.25;343.23;11.63;1286;39;3137.00;173
7690;24;5947176;7690;586;8974;9148;4.00;0.25;343.17;11.63;1284;39;3138.00;174
7693;24;5947188;7693;584;8974;9148;3.93;0.24;343.24;11.63;1281;39;3139.00;174
7694;24;5947201;7694;593;8979;9154;3.99;0.25;343.21;11.63;1285;39;3140.00;175
7696;24;5947213;7696;583;8980;9155;3.98;0.25;343.26;11.63;1284;39;3141.00;175
7698;24;5947225;7698;591;8980;9155;3.98;0.24;343.28;11.63;1282;39;3142.00;175
7700;24;5947237;7700;593;8980;9155;3.94;0.24;343.39;11.63;1280;39;3143.00;175
7703;24;5947249;7703;585;8983;9159;3.94;0.24;343.38;11.62;1280;39;3144.00;176
7704;24;5947261;7704;586;8983;9159;3.91;0.24;343.40;11.62;1279;39;3145.00;176
7707;24;5947272;7707;583;8983;9159;3.85;0.24;343.45;11.62;1276;39;3146.00;176
7707;24;5947285;7707;584;8984;9160;3.86;0.24;343.45;11.62;1277;39;3147.00;176
7711;24;5947297;7711;590;8987;9164;3.88;0.24;343.40;11.62;1276;39;3148.00;177
7716;24;5947309;7716;592;8987;9164;3.87;0.24;343.35;11.62;1271;39;3149.00;177
7720;24;5947323;7720;591;8992;9170;3.87;0.24;343.23;11.61;1272;39;3150.00;178
7725;24;5947335;7725;582;8992;9170;3.87;0.24;343.15;11.61;1267;39;3151.00;178
7729;24;5947347;7729;580;8993;9170;3.89;0.24;343.09;11.61;1264;39;3152.00;177
7730;24;5947359;7730;582;8994;9170;3.91;0.24;343.14;11.67;1264;39;3153.00;176
7734;24;5947372;7734;561;8998;9174;3.93;0.24;343.07;11.66;1264;39;3154.00;176
7736;24;5947385;7736;546;8998;9174;3.95;0.24;343.08;11.66;1262;39;3155.00;176
7740;24;5947397;7740;542;8998;9174;3.96;0.24;343.00;11.66;1258;39;3156.00;176
7743;24;5947410;7743;526;8998;9174;4.03;0.25;342.94;11.66;1255;39;3157.00;176
7744;24;5947423;7744;513;8998;9175;4.10;0.25;342.96;11.66;1254;39;3158.00;177
7750;24;5947435;7750;504;8999;9176;4.13;0.25;342.97;11.66;1249;39;3159.00;177
7751;24;5947448;7751;498;8999;9176;4.22;0.26;342.99;11.66;1248;39;3160.00;177
7752;24;5947461;7752;494;9000;9177;4.32;0.26;343.00;11.66;1248;39;3161.00;177
7755;24;5947473;7755;497;9000;9177;4.40;0.27;342.96;11.66;1245;39;3162.00;177
7758;24;5947485;7758;506;9000;9177;4.46;0.27;343.02;11.66;1242;39;3163.00;177
7760;24;5947498;7760;503;9000;9177;4.52;0.27;343.06;11.66;1240;39;3164.00;177
7762;24;5947511;7762;512;9000;9177;4.58;0.28;343.04;11.66;1238;39;3165.00;177
7766;24;5947524;7766;510;9000;9177;4.55;0.28;343.12;11.66;1234;39;3166.00;177
7767;24;5947537;7767;508;9000;9177;4.60;0.28;343.08;11.66;1233;39;3167.00;177
7770;24;5947549;7770;518;9068;9304;4.92;0.30;343.05;11.57;1298;39;3168.00;236
7773;24;5947578;7773;509;9072;9305;4.96;0.31;343.04;11.57;1299;39;3169.00;233
7773;24;5947592;7773;501;9078;9305;5.01;0.31;343.04;11.56;1305;39;3170.00;227
7775;24;5947605;7775;501;9080;9305;5.02;0.31;343.04;11.56;1305;39;3171.00;225
7779;24;5947618;7779;493;9083;9305;4.99;0.31;343.11;11.56;1304;39;3172.00;222
7779;24;5947631;7779;488;9085;9305;5.03;0.31;343.11;11.55;1306;39;3173.00;220
7781;24;5947646;7781;486;9087;9305;5.03;0.31;343.10;11.55;1306;39;3174.00;218
7784;24;5947659;7784;479;9088;9305;5.05;0.31;343.25;11.55;1304;39;3175.00;217
7788;24;5947672;7788;491;9088;9306;5.07;0.31;343.23;11.55;1300;39;3176.00;218
7791;24;5947686;7791;485;9091;9307;5.08;0.31;343.35;11.55;1300;39;3177.00;216
7795;24;5947700;7795;478;9092;9307;5.05;0.31;343.46;11.55;1297;39;3178.00;215
7797;24;5947714;7797;487;9095;9308;5.06;0.31;343.46;11.55;1298;39;3179.00;213
7801;24;5947730;7801;498;9095;9308;5.07;0.31;343.44;11.55;1294;39;3180.00;213
7802;24;5947743;7802;502;9098;9308;5.10;0.31;343.51;11.55;1296;39;3181.00;210
7808;24;5947757;7808;502;9100;9308;5.11;0.31;343.81;11.55;1292;39;3182.00;208
7810;24;5947771;7810;493;9107;9312;5.10;0.31;343.80;11.55;1297;39;3183.00;205
7816;24;5947785;7816;494;9109;9312;5.02;0.31;343.97;11.55;1293;39;3184.00;203
7817;24;5947799;7817;496;9111;9312;5.01;0.31;343.99;11.55;1294;39;3185.00;201
7820;24;5947813;7820;490;9113;9315;4.96;0.30;343.96;11.55;1293;39;3186.00;202
7820;24;5947828;7820;496;9117;9315;4.97;0.30;343.96;11.56;1297;39;3187.00;198
7829;24;5947842;7829;504;9121;9315;4.88;0.30;344.17;11.61;1292;39;3188.00;194
7832;24;5947857;7832;503;9124;9319;4.85;0.30;344.34;11.61;1292;39;3189.00;195
7835;24;5947876;7835;501;9127;9320;4.87;0.30;344.40;11.61;1292;39;3190.00;193
7839;24;5947890;7839;491;9129;9322;4.84;0.30;344.53;11.61;1290;39;3191.00;193
7843;24;5947904;7843;481;9131;9326;4.85;0.30;344.59;11.61;1288;39;3192.00;195
7845;24;5947920;7845;474;9131;9326;4.86;0.30;344.61;11.61;1286;39;3193.00;195
7851;24;5947933;7851;469;9136;9326;4.90;0.30;344.64;11.61;1285;39;3194.00;190
7854;24;5947948;7854;465;9138;9328;4.94;0.30;344.75;11.60;1284;39;3195.00;190
7856;24;5947962;7856;466;9139;9328;5.00;0.30;344.87;11.60;1283;39;3196.00;189
7857;24;5947981;7857;447;9143;9334;5.03;0.31;344.88;11.60;1286;39;3197.00;191
7859;24;5947996;7859;446;9144;9334;5.06;0.31;344.96;11.60;1285;39;3198.00;190
7861;24;5948011;7861;450;9144;9335;5.09;0.31;345.07;11.60;1283;39;3199.00;191
7864;24;5948025;7864;442;9144;9335;5.11;0.31;345.20;11.60;1280;39;3200.00;191
7867;24;5948048;7867;449;9144;9335;5.12;0.31;345.32;11.60;1277;39;3201.00;191
7869;24;5948062;7869;437;9144;9335;5.17;0.31;345.47;11.60;1275;39;3202.00;191
7871;24;5948077;7871;436;9144;9335;5.18;0.32;345.52;11.60;1273;39;3203.00;191
7873;24;5948097;7873;438;9154;9347;5.28;0.32;345.51;11.59;1281;39;3204.00;193
7874;24;5948112;7874;437;9155;9347;5.31;0.32;345.51;11.64;1281;39;3205.00;192
7877;24;5948126;7877;438;9156;9347;5.34;0.33;345.50;11.64;1279;39;3206.00;191
7879;24;5948141;7879;433;9156;9347;5.35;0.33;345.63;11.64;1277;39;3207.00;191
7882;24;5948155;7882;431;9156;9347;5.31;0.32;345.66;11.64;1274;39;3208.00;191
7882;24;5948170;7882;429;9156;9347;5.33;0.33;345.66;11.64;1274;39;3209.00;191
7885;24;5948185;7885;432;9159;9351;5.36;0.33;345.76;11.64;1274;39;3210.00;192
7888;24;5948199;7888;439;9159;9351;5.40;0.33;345.75;11.64;1271;39;3211.00;192
7892;24;5948215;7892;446;9163;9355;5.43;0.33;345.86;11.63;1271;39;3212.00;192
7898;24;5948229;7898;449;9164;9356;5.41;0.33;345.84;11.63;1266;39;3213.00;192
7898;24;5948244;7898;446;9164;9356;5.42;0.33;345.84;11.63;1266;39;3214.00;192
7902;24;5948257;7902;442;9164;9356;5.35;0.33;345.80;11.63;1262;39;3215.00;192
7904;24;5948271;7904;442;9175;9369;5.37;0.33;345.87;11.62;1271;39;3216.00;194
7906;24;5948286;7906;447;9175;9369;5.37;0.33;345.90;11.62;1269;39;3217.00;194
7908;24;5948300;7908;459;9175;9369;5.37;0.33;345.93;11.62;1267;39;3218.00;194
7909;25;5948314;7909;462;9176;9370;5.38;0.33;345.96;11.61;1267;40;3219.00;194
7911;25;5948342;7911;469;9176;9371;5.40;0.33;346.03;11.61;1265;40;3220.00;195
7915;25;5948356;7915;464;9176;9371;5.35;0.33;346.15;11.61;1261;40;3221.00;195
7917;25;5948375;7917;473;9178;9374;5.34;0.32;346.16;11.61;1261;40;3222.00;196
7918;25;5948388;7918;469;9178;9374;5.32;0.32;346.13;11.61;1260;40;3223.00;196
7921;25;5948401;7921;467;9179;9374;5.29;0.32;346.11;11.61;1258;40;3224.00;195
7921;25;5948416;7921;448;9179;9374;5.30;0.32;346.11;11.61;1258;40;3225.00;195
7923;25;5948429;7923;446;9184;9380;5.35;0.32;346.11;11.61;1261;40;3226.00;196
7923;25;5948444;7923;432;9184;9380;5.37;0.33;346.11;11.61;1261;40;3227.00;196
7924;25;5948458;7924;429;9184;9380;5.45;0.33;346.17;11.61;1260;40;3228.00;196
7927;25;5948471;7927;422;9185;9380;5.47;0.33;346.27;11.66;1258;40;3229.00;195
7931;25;5948485;7931;420;9188;9384;5.45;0.33;346.39;11.66;1257;40;3230.00;196
7933;25;5948499;7933;405;9189;9385;5.52;0.34;346.47;11.66;1256;40;3231.00;196
7933;25;5948513;7933;406;9189;9385;5.52;0.34;346.47;11.66;1256;40;3232.00;196
7934;25;5948527;7934;408;9190;9386;5.55;0.34;346.47;11.66;1256;40;3233.00;196
7937;25;5948541;7937;403;9190;9386;5.52;0.34;346.60;11.66;1253;40;3234.00;196
7940;25;5948554;7940;401;9190;9386;5.50;0.34;346.63;11.66;1250;40;3235.00;196
7943;25;5948567;7943;398;9190;9386;5.48;0.33;346.83;11.66;1247;40;3236.00;196
7950;25;5948581;7950;394;9190;9386;5.43;0.33;346.95;11.66;1240;40;3237.00;196
7954;25;5948594;7954;393;9190;9386;5.43;0.33;347.13;11.66;1236;40;3238.00;196
7960;25;5948608;7960;388;9190;9386;5.38;0.33;347.12;11.66;1230;40;3239.00;196
7961;25;5948622;7961;395;9250;9511;5.53;0.34;347.09;11.72;1289;40;3240.00;261
7966;25;5948647;7966;397;9252;9512;5.47;0.34;347.29;11.72;1286;40;3241.00;260
7968;25;5948661;7968;400;9261;9512;5.50;0.34;347.30;11.71;1293;40;3242.00;251
7974;25;5948674;7974;403;9262;9512;5.42;0.33;347.39;11.71;1288;40;3243.00;250
7976;25;5948688;7976;404;9269;9512;5.42;0.33;347.39;11.70;1293;40;3244.00;243
7979;25;5948701;7979;400;9269;9512;5.37;0.33;347.46;11.70;1290;40;3245.00;243
7982;25;5948716;7982;399;9276;9512;5.37;0.33;347.49;11.70;1294;40;3246.00;236
7984;25;5948729;7984;401;9280;9512;5.39;0.33;347.52;11.69;1296;40;3247.00;232
7989;25;5948743;7989;409;9286;9513;5.39;0.33;347.66;11.69;1297;40;3248.00;227
7992;25;5948758;7992;407;9289;9514;5.37;0.33;347.73;11.69;1297;40;3249.00;225
7996;25;5948772;7996;405;9293;9514;5.33;0.33;347.83;11.69;1297;40;3250.00;221
7997;25;5948786;7997;414;9301;9518;5.32;0.33;347.82;11.69;1304;40;3251.00;217
7999;25;5948799;7999;404;9302;9518;5.27;0.32;347.78;11.68;1303;40;3252.00;216
8003;25;5948818;8003;421;9302;9518;5.23;0.32;347.79;11.68;1299;40;3253.00;216
8004;25;5948833;8004;421;9302;9518;5.18;0.32;347.83;11.68;1298;40;3254.00;216
8006;25;5948847;8006;428;9307;9524;5.15;0.32;347.92;11.68;1301;40;3255.00;217
8009;25;5948862;8009;430;9307;9524;5.11;0.31;348.02;11.68;1298;40;3256.00;217
8009;25;5948876;8009;436;9307;9524;5.12;0.31;348.02;11.68;1298;40;3257.00;217
8011;25;5948889;8011;439;9309;9527;5.13;0.31;348.12;11.68;1298;40;3258.00;218
8014;25;5948904;8014;438;9309;9527;5.14;0.32;348.23;11.68;1295;40;3259.00;218
8017;25;5948918;8017;442;9310;9527;5.13;0.31;348.24;11.68;1293;40;3260.00;217
8021;25;5948932;8021;444;9310;9528;5.11;0.31;348.35;11.68;1289;40;3261.00;218
8021;25;5948946;8021;455;9311;9529;5.11;0.31;348.35;11.67;1290;40;3262.00;218
8024;25;5948959;8024;458;9311;9529;5.07;0.31;348.38;11.67;1287;40;3263.00;218
8027;25;5948972;8027;464;9321;9542;5.03;0.31;348.34;11.66;1294;40;3264.00;221
8028;25;5948987;8028;473;9322;9542;4.97;0.31;348.37;11.73;1294;40;3265.00;220
8030;25;5949000;8030;481;9323;9542;4.94;0.30;348.32;11.73;1293;40;3266.00;219
8033;25;5949013;8033;481;9324;9543;4.93;0.30;348.31;11.73;1291;40;3267.00;219
8038;25;5949028;8038;486;9326;9543;4.84;0.30;348.25;11.87;1288;40;3268.00;217
8039;25;5949041;8039;494;9330;9547;4.87;0.30;348.22;11.86;1291;40;3269.00;217
8041;25;5949057;8041;501;9330;9547;4.82;0.30;348.20;11.86;1289;40;3270.00;217
8042;25;5949070;8042;502;9335;9551;4.80;0.29;348.22;11.99;1293;40;3271.00;216
8044;25;5949083;8044;514;9335;9551;4.79;0.29;348.21;11.99;1291;40;3272.00;216
8048;25;5949102;8048;524;9335;9551;4.72;0.29;348.27;11.99;1287;40;3273.00;216
8050;25;5949115;8050;534;9336;9551;4.73;0.29;348.23;12.06;1286;40;3274.00;215
8052;25;5949128;8052;546;9336;9551;4.71;0.29;348.18;12.06;1284;40;3275.00;215
8055;25;5949141;8055;550;9348;9563;4.69;0.29;348.08;12.18;1293;40;3276.00;215
8057;25;5949154;8057;554;9349;9563;4.63;0.28;348.06;12.18;1292;40;3277.00;214
8060;25;5949173;8060;560;9349;9563;4.53;0.28;347.97;12.18;1289;40;3278.00;214
8061;25;5949185;8061;561;9351;9563;4.49;0.28;347.94;12.31;1290;40;3279.00;212
8064;25;5949197;8064;572;9352;9563;4.43;0.27;347.87;12.38;1288;40;3280.00;211
8065;25;5949209;8065;576;9353;9563;4.35;0.27;347.84;12.44;1288;40;3281.00;210
8067;26;5949221;8067;583;9353;9564;4.27;0.26;347.78;12.44;1286;41;3282.00;211
8067;26;5949243;8067;587;9353;9564;4.22;0.26;347.78;12.44;1286;41;3283.00;211
8068;26;5949255;8068;591;9360;9570;4.20;0.26;347.75;12.57;1292;41;3284.00;210
8069;26;5949268;8069;589;9362;9572;4.19;0.26;347.78;12.56;1293;41;3285.00;210
8070;26;5949280;8070;594;9364;9572;4.15;0.25;347.76;12.69;1294;41;3286.00;208
8072;26;5949292;8072;589;9364;9572;4.08;0.25;347.70;12.69;1292;41;3287.00;208
8075;26;5949304;8075;594;9369;9576;4.09;0.25;347.60;12.82;1294;41;3288.00;207
8077;26;5949317;8077;593;9369;9576;4.07;0.25;347.59;12.82;1292;41;3289.00;207
8077;26;5949329;8077;596;9369;9576;4.04;0.25;347.59;12.82;1292;41;3290.00;207
8082;26;5949340;8082;595;9372;9577;3.99;0.24;347.51;12.94;1290;41;3291.00;205
8083;26;5949351;8083;602;9375;9581;3.98;0.24;347.48;12.94;1292;41;3292.00;206
8084;26;5949364;8084;602;9375;9581;3.96;0.24;347.46;12.94;1291;41;3293.00;206
8084;26;5949374;8084;605;9377;9584;3.97;0.24;347.46;12.93;1293;41;3294.00;207
8085;26;5949386;8085;603;9377;9584;3.95;0.24;347.47;12.93;1292;41;3295.00;207
8086;26;5949403;8086;608;9380;9584;3.88;0.24;347.43;13.06;1294;41;3296.00;204
8089;26;5949414;8089;605;9380;9584;3.81;0.23;347.47;13.06;1291;41;3297.00;204
8091;26;5949426;8091;609;9384;9588;3.81;0.23;347.52;13.05;1293;41;3298.00;204
8094;26;5949437;8094;616;9384;9588;3.71;0.23;347.51;13.05;1290;41;3299.00;204
8097;26;5949451;8097;605;9389;9607;3.58;0.22;347.56;13.05;1292;41;3300.00;218
8097;26;5949467;8097;579;9389;9607;3.57;0.22;347.56;13.05;1292;42;3301.00;218
8100;26;5949487;8100;560;9389;9608;3.54;0.22;347.60;13.05;1289;42;3302.00;219
8102;26;5949499;8102;549;9390;9609;3.55;0.22;347.63;13.04;1288;42;3303.00;219
8105;26;5949511;8105;540;9390;9609;3.56;0.22;347.59;13.04;1285;42;3304.00;219
8108;26;5949522;8108;537;9391;9610;3.63;0.22;347.54;13.04;1283;42;3305.00;219
8109;26;5949535;8109;542;9393;9610;3.70;0.23;347.55;13.04;1284;42;3306.00;217
8111;27;5949547;8111;532;9393;9610;3.76;0.23;347.58;13.04;1282;43;3307.00;217
8114;27;5949568;8114;517;9393;9610;3.81;0.23;347.57;13.04;1279;43;3308.00;217
8115;28;5949581;8115;513;9393;9610;3.90;0.24;347.58;13.04;1278;44;3309.00;217
8117;28;5949603;8117;516;9393;9610;3.92;0.24;347.69;13.04;1276;44;3310.00;217
8119;28;5949616;8119;517;9395;9610;3.97;0.24;347.64;13.04;1276;44;3311.00;215
8122;28;5949628;8122;510;9461;9737;4.38;0.27;347.62;12.95;1339;44;3312.00;276
8125;28;5949650;8125;506;9465;9738;4.43;0.27;347.61;12.95;1340;44;3313.00;273
8126;28;5949664;8126;506;9471;9738;4.48;0.28;347.59;12.94;1345;44;3314.00;267
8130;28;5949687;8130;498;9477;9738;4.49;0.28;347.52;12.93;1347;44;3315.00;261
8131;28;5949701;8131;492;9480;9738;4.54;0.28;347.52;12.93;1349;44;3316.00;258
8132;28;5949714;8132;494;9483;9738;4.57;0.28;347.50;12.93;1351;44;3317.00;255
8134;28;5949727;8134;488;9487;9738;4.62;0.28;347.50;12.93;1353;44;3318.00;251
8136;28;5949740;8136;483;9489;9738;4.67;0.29;347.50;12.92;1353;44;3319.00;249
8139;28;5949754;8139;480;9491;9739;4.71;0.29;347.46;12.92;1352;44;3320.00;248
8141;28;5949768;8141;477;9494;9740;4.76;0.29;347.43;12.92;1353;44;3321.00;246
8146;28;5949782;8146;489;9497;9740;4.76;0.29;347.67;12.92;1351;44;3322.00;243
8147;28;5949796;8147;493;9501;9741;4.75;0.29;347.68;12.92;1354;44;3323.00;240
8149;28;5949811;8149;497;9502;9741;4.77;0.29;347.66;12.92;1353;44;3324.00;239
8155;28;5949826;8155;494;9505;9741;4.74;0.29;347.72;12.92;1350;44;3325.00;236
8156;28;5949841;8156;502;9507;9741;4.75;0.29;347.70;12.92;1351;44;3326.00;234
8161;28;5949854;8161;492;9510;9745;4.70;0.29;347.70;12.92;1349;44;3327.00;235
8166;28;5949869;8166;496;9511;9745;4.65;0.28;347.69;12.92;1345;44;3328.00;234
8166;28;5949883;8166;504;9513;9745;4.66;0.28;347.69;12.92;1347;44;3329.00;232
8172;28;5949899;8172;499;9516;9751;4.62;0.28;347.78;12.92;1344;44;3330.00;235
8174;28;5949914;8174;497;9517;9751;4.60;0.28;347.83;12.92;1343;44;3331.00;234
8176;28;5949928;8176;504;9519;9751;4.68;0.29;347.91;12.92;1343;44;3332.00;232
8179;28;5949942;8179;500;9522;9755;4.71;0.29;347.95;12.92;1343;44;3333.00;233
8182;28;5949957;8182;494;9525;9756;4.75;0.29;348.11;12.92;1343;44;3334.00;231
8190;28;5949971;8190;501;9525;9756;4.74;0.29;348.24;12.92;1335;44;3335.00;231
8193;28;5949985;8193;507;9528;9760;4.79;0.29;348.25;12.92;1335;44;3336.00;232
8195;28;5950000;8195;504;9531;9760;4.82;0.29;348.34;12.92;1336;44;3337.00;229
8200;28;5950014;8200;500;9531;9760;4.84;0.29;348.36;12.92;1331;44;3338.00;229
8202;28;5950028;8202;501;9531;9761;4.89;0.30;348.38;12.92;1329;44;3339.00;230
8205;28;5950042;8205;500;9533;9761;4.87;0.30;348.59;12.92;1328;44;3340.00;228
8208;28;5950056;8208;500;9538;9767;4.87;0.30;348.66;12.92;1330;44;3341.00;229
8210;28;5950070;8210;502;9541;9767;4.86;0.30;348.78;12.92;1331;44;3342.00;226
8214;28;5950084;8214;502;9542;9768;4.85;0.29;348.95;12.92;1328;44;3343.00;226
8218;28;5950099;8218;510;9543;9768;4.81;0.29;349.02;12.92;1325;44;3344.00;225
8220;28;5950113;8220;509;9545;9768;4.78;0.29;349.07;12.92;1325;44;3345.00;223
8224;28;5950127;8224;517;9546;9768;4.78;0.29;349.10;12.92;1322;44;3346.00;222
8228;28;5950140;8228;512;9546;9768;4.74;0.29;349.20;12.92;1318;44;3347.00;222
8233;28;5950154;8233;501;9556;9780;4.72;0.29;349.19;12.91;1323;44;3348.00;224
8236;28;5950170;8236;495;9558;9780;4.73;0.29;349.18;12.97;1322;44;3349.00;222
8240;28;5950185;8240;484;9558;9780;4.71;0.29;349.43;12.97;1318;44;3350.00;222
8244;28;5950198;8244;487;9558;9780;4.69;0.29;349.59;12.97;1314;44;3351.00;222
8246;28;5950213;8246;480;9558;9780;4.72;0.29;349.70;12.97;1312;44;3352.00;222
8251;28;5950227;8251;478;9558;9780;4.72;0.29;350.04;12.97;1307;44;3353.00;222
8254;28;5950240;8254;482;9561;9784;4.68;0.29;350.20;12.97;1307;44;3354.00;223
8256;29;5950255;8256;488;9561;9784;4.65;0.28;350.32;12.97;1305;45;3355.00;223
8258;29;5950285;8258;473;9565;9788;4.69;0.29;350.39;12.96;1307;45;3356.00;223
8260;29;5950303;8260;460;9565;9789;4.70;0.29;350.43;12.96;1305;45;3357.00;224
8263;29;5950317;8263;441;9566;9789;4.73;0.29;350.56;12.96;1303;45;3358.00;223
8265;29;5950331;8265;432;9566;9789;4.73;0.29;350.58;12.96;1301;45;3359.00;223
8266;29;5950347;8266;432;9590;9818;4.80;0.29;350.58;12.93;1324;45;3360.00;228
8268;29;5950364;8268;426;9591;9818;4.82;0.30;350.70;12.93;1323;45;3361.00;227
8271;29;5950378;8271;416;9591;9818;4.85;0.30;350.73;12.93;1320;45;3362.00;227
8274;29;5950392;8274;420;9592;9819;4.83;0.30;350.77;12.92;1318;45;3363.00;227
8278;29;5950406;8278;427;9592;9820;4.87;0.30;350.74;12.92;1314;45;3364.00;228
8281;29;5950421;8281;427;9592;9820;4.91;0.30;350.75;12.92;1311;45;3365.00;228
8282;29;5950435;8282;427;9594;9823;5.00;0.31;350.79;12.92;1312;45;3366.00;229
8286;29;5950450;8286;425;9595;9823;5.07;0.31;350.92;12.92;1309;45;3367.00;228
8287;29;5950464;8287;431;9596;9823;5.05;0.31;350.89;12.99;1309;45;3368.00;227
8291;29;5950478;8291;426;9596;9823;5.03;0.31;350.88;12.99;1305;45;3369.00;227
8294;29;5950493;8294;429;9601;9829;5.00;0.31;350.91;12.98;1307;45;3370.00;228
8298;29;5950507;8298;429;9601;9829;4.96;0.30;350.94;12.98;1303;45;3371.00;228
8301;29;5950522;8301;423;9601;9829;4.92;0.30;351.07;12.98;1300;45;3372.00;228
8304;29;5950535;8304;438;9601;9829;4.88;0.30;351.13;12.98;1297;45;3373.00;228
8308;29;5950550;8308;428;9604;9833;4.87;0.30;351.19;12.98;1296;45;3374.00;229
8313;29;5950566;8313;434;9606;9835;4.86;0.30;351.19;12.97;1293;45;3375.00;229
8316;29;5950580;8316;435;9606;9835;4.85;0.30;351.34;12.97;1290;45;3376.00;229
8319;29;5950593;8319;436;9607;9836;4.89;0.30;351.38;12.97;1288;45;3377.00;229
8322;29;5950607;8322;443;9607;9836;4.90;0.30;351.35;12.97;1285;45;3378.00;229
8323;29;5950620;8323;441;9607;9836;4.91;0.30;351.34;12.97;1284;45;3379.00;229
8325;29;5950634;8325;445;9607;9836;4.93;0.30;351.37;12.97;1282;45;3380.00;229
8326;29;5950648;8326;445;9607;9836;4.96;0.30;351.37;12.97;1281;45;3381.00;229
8328;29;5950661;8328;445;9607;9836;4.97;0.30;351.39;12.97;1279;45;3382.00;229
8330;29;5950674;8330;439;9607;9836;4.94;0.30;351.49;12.97;1277;45;3383.00;229
8333;29;5950688;8333;464;9646;9906;4.98;0.30;351.55;12.92;1313;45;3384.00;260
8335;29;5950709;8335;468;9646;9907;4.98;0.30;351.61;12.92;1311;45;3385.00;261
8336;29;5950722;8336;459;9651;9907;5.03;0.31;351.64;12.91;1315;45;3386.00;256
8338;29;5950736;8338;469;9653;9907;5.01;0.30;351.60;12.91;1315;45;3387.00;254
8339;29;5950749;8339;473;9655;9907;4.98;0.30;351.67;12.91;1316;45;3388.00;252
8340;29;5950763;8340;472;9657;9907;4.98;0.30;351.67;12.91;1317;45;3389.00;250
8341;29;5950778;8341;478;9660;9907;5.02;0.31;351.65;12.91;1319;45;3390.00;247
8343;29;5950791;8343;468;9662;9907;5.02;0.31;351.64;12.90;1319;45;3391.00;245
8346;29;5950805;8346;473;9665;9908;5.00;0.30;351.66;12.90;1319;45;3392.00;243
8347;29;5950819;8347;464;9667;9909;4.97;0.30;351.63;12.96;1320;45;3393.00;242
8350;29;5950833;8350;461;9669;9909;4.92;0.30;351.67;12.96;1319;45;3394.00;240
8351;29;5950848;8351;456;9673;9913;4.91;0.30;351.70;12.96;1322;45;3395.00;240
8351;29;5950862;8351;447;9674;9913;4.95;0.30;351.70;12.96;1323;45;3396.00;239
8355;29;5950875;8355;438;9674;9913;4.91;0.30;351.84;12.96;1319;45;3397.00;239
8355;29;5950889;8355;428;9675;9913;4.95;0.30;351.84;12.96;1320;45;3398.00;238
8358;29;5950903;8358;430;9679;9919;4.96;0.30;351.91;12.95;1321;45;3399.00;240
8362;29;5950917;8362;434;9681;9919;4.96;0.30;352.04;12.95;1319;45;3400.00;238
8363;29;5950935;8363;434;9681;9919;4.96;0.30;352.11;12.95;1318;45;3401.00;238
8365;29;5950962;8365;437;9683;9922;5.02;0.31;352.26;12.95;1318;45;3402.00;239
8369;29;5950981;8369;438;9686;9922;5.01;0.30;352.26;12.95;1317;45;3403.00;236
8374;29;5950994;8374;434;9686;9922;4.94;0.30;352.43;12.95;1312;45;3404.00;236
8376;29;5951009;8376;433;9687;9923;4.92;0.30;352.41;13.02;1311;45;3405.00;236
8378;29;5951025;8378;438;9689;9924;4.91;0.30;352.42;13.09;1311;45;3406.00;235
8380;29;5951039;8380;436;9689;9924;4.86;0.30;352.59;13.09;1309;45;3407.00;235
8384;29;5951052;8384;448;9699;9937;4.79;0.29;352.63;13.13;1315;45;3408.00;238
8387;29;5951067;8387;452;9700;9937;4.78;0.29;352.55;13.13;1313;45;3409.00;237
8387;29;5951081;8387;458;9700;9937;4.76;0.29;352.55;13.13;1313;45;3410.00;237
8387;29;5951095;8387;461;9701;9938;4.79;0.29;352.55;13.13;1314;45;3411.00;237
8390;29;5951109;8390;469;9702;9938;4.80;0.29;352.60;13.13;1312;45;3412.00;236
8395;29;5951123;8395;474;9705;9942;4.81;0.29;352.75;13.12;1310;45;3413.00;237
8395;29;5951138;8395;482;9705;9942;4.80;0.29;352.75;13.12;1310;45;3414.00;237
8398;29;5951151;8398;483;9708;9946;4.79;0.29;352.68;13.12;1310;45;3415.00;238
8399;29;5951165;8399;492;9710;9946;4.77;0.29;352.70;13.12;1311;45;3416.00;236
8402;29;5951178;8402;495;9710;9946;4.72;0.29;352.71;13.12;1308;45;3417.00;236
8404;29;5951191;8404;493;9710;9946;4.63;0.28;352.70;13.12;1306;45;3418.00;236
8406;29;5951205;8406;499;9710;9946;4.57;0.28;352.64;13.12;1304;45;3419.00;236
8408;29;5951219;8408;500;9732;9980;4.61;0.28;352.58;13.09;1324;45;3420.00;248
8409;29;5951236;8409;495;9734;9980;4.57;0.28;352.54;13.09;1325;45;3421.00;246
8412;29;5951249;8412;492;9738;9980;4.57;0.28;352.58;13.08;1326;45;3422.00;242
8413;29;5951263;8413;492;9738;9980;4.56;0.28;352.58;13.08;1325;45;3423.00;242
8418;29;5951277;8418;498;9739;9980;4.52;0.28;352.45;13.08;1321;45;3424.00;241
8419;29;5951290;8419;498;9739;9980;4.51;0.28;352.42;13.08;1320;45;3425.00;241
8420;29;5951309;8420;505;9739;9981;4.47;0.27;352.38;13.08;1319;45;3426.00;242
8423;29;5951322;8423;503;9739;9981;4.41;0.27;352.31;13.08;1316;45;3427.00;242
8426;29;5951341;8426;511;9744;9987;4.40;0.27;352.23;13.08;1318;45;3428.00;243
8427;29;5951355;8427;517;9745;9988;4.38;0.27;352.21;13.07;1318;45;3429.00;243
8428;29;5951369;8428;527;9745;9988;4.33;0.27;352.23;13.07;1317;45;3430.00;243
8430;29;5951381;8430;535;9746;9988;4.29;0.26;352.30;13.15;1316;45;3431.00;242
8434;29;5951395;8434;532;9749;9992;4.22;0.26;352.30;13.14;1315;45;3432.00;243
8438;29;5951408;8438;538;9750;9992;4.11;0.25;352.23;13.22;1312;45;3433.00;242
8439;29;5951422;8439;541;9750;9992;4.01;0.25;352.21;13.22;1311;45;3434.00;242
8440;29;5951440;8440;556;9752;9993;3.97;0.24;352.18;13.29;1312;45;3435.00;241
8440;29;5951453;8440;570;9755;9997;3.98;0.24;352.18;13.28;1315;45;3436.00;242
8442;29;5951466;8442;568;9756;9997;3.94;0.24;352.14;13.36;1314;45;3437.00;241
8443;29;5951478;8443;576;9758;10000;3.98;0.25;352.17;13.35;1315;45;3438.00;242
8445;29;5951491;8445;585;9759;10000;3.95;0.24;352.11;13.35;1314;45;3439.00;241
8446;29;5951503;8446;592;9760;10000;3.93;0.24;352.14;13.43;1314;45;3440.00;240
8446;29;5951516;8446;600;9760;10000;3.90;0.24;352.14;13.43;1314;45;3441.00;240
8448;29;5951527;8448;606;9764;10004;3.88;0.24;352.10;13.42;1316;45;3442.00;240
8450;29;5951539;8450;611;9765;10004;3.81;0.23;352.22;13.49;1315;45;3443.00;239
8454;29;5951552;8454;613;9765;10004;3.71;0.23;352.13;13.49;1311;46;3444.00;239
8454;29;5951571;8454;621;9765;10004;3.65;0.22;352.13;13.49;1311;46;3445.00;239
8454;29;5951583;8454;622;9767;10005;3.61;0.22;352.13;13.63;1313;46;3446.00;238
8457;29;5951594;8457;622;9769;10006;3.58;0.22;352.17;13.70;1312;46;3447.00;237
8459;29;5951606;8459;615;9770;10006;3.56;0.22;352.19;13.78;1311;46;3448.00;236
8459;29;5951618;8459;605;9771;10007;3.58;0.22;352.19;13.77;1312;46;3449.00;236
8461;29;5951632;8461;589;9773;10007;3.59;0.22;352.15;13.92;1312;46;3450.00;234
8462;29;5951644;8462;589;9773;10007;3.60;0.22;352.12;13.92;1311;46;3451.00;234
8462;29;5951656;8462;575;9775;10007;3.65;0.22;352.12;14.06;1313;46;3452.00;232
8464;29;5951668;8464;566;9775;10007;3.69;0.23;352.09;14.06;1311;46;3453.00;232
8464;30;5951681;8464;566;9775;10007;3.76;0.23;352.09;14.06;1311;47;3454.00;232
8464;30;5951703;8464;557;9777;10007;3.80;0.23;352.09;14.20;1313;47;3455.00;230
8466;30;5951715;8466;573;9845;10134;4.14;0.26;352.04;14.10;1379;47;3456.00;289
8467;30;5951743;8467;566;9848;10135;4.17;0.26;352.02;14.10;1381;47;3457.00;287
8469;30;5951756;8469;564;9857;10135;4.24;0.26;351.97;14.09;1388;47;3458.00;278
8471;30;5951770;8471;560;9863;10135;4.29;0.26;351.90;14.22;1392;47;3459.00;272
8471;30;5951783;8471;556;9870;10135;4.35;0.27;351.90;14.28;1399;47;3460.00;265
8472;30;5951796;8472;556;9872;10135;4.36;0.27;351.93;14.35;1400;47;3461.00;263
8474;30;5951809;8474;553;9874;10135;4.33;0.27;351.94;14.35;1400;47;3462.00;261
8475;31;5951823;8475;558;9879;10135;4.35;0.27;351.92;14.48;1404;48;3463.00;256
8477;31;5951847;8477;567;9882;10136;4.34;0.27;351.91;14.48;1405;48;3464.00;254
8479;31;5951860;8479;551;9886;10138;4.33;0.27;351.88;14.47;1407;48;3465.00;252
8482;31;5951874;8482;546;9888;10138;4.29;0.26;351.86;14.47;1406;48;3466.00;250
8483;31;5951888;8483;543;9890;10139;4.31;0.27;351.85;14.47;1407;48;3467.00;249
8485;31;5951902;8485;545;9893;10139;4.33;0.27;352.06;14.47;1408;48;3468.00;246
8489;31;5951915;8489;547;9897;10139;4.31;0.27;352.13;14.47;1408;48;3469.00;242
8494;31;5951936;8494;540;9897;10139;4.25;0.26;352.26;14.47;1403;48;3470.00;242
8495;31;5951950;8495;545;9901;10143;4.27;0.26;352.29;14.47;1406;48;3471.00;242
8499;31;5951964;8499;535;9902;10143;4.26;0.26;352.45;14.47;1403;48;3472.00;241
8502;31;5951978;8502;533;9902;10143;4.26;0.26;352.38;14.47;1400;48;3473.00;241
8504;31;5951993;8504;531;9903;10146;4.30;0.27;352.37;14.46;1399;48;3474.00;243
8509;31;5952007;8509;534;9903;10146;4.28;0.26;352.55;14.46;1394;48;3475.00;243
8511;31;5952021;8511;530;9904;10146;4.29;0.26;352.58;14.46;1393;48;3476.00;242
8515;31;5952035;8515;529;9907;10150;4.29;0.26;352.67;14.46;1392;48;3477.00;243
8518;31;5952049;8518;529;9908;10151;4.26;0.26;352.64;14.46;1390;48;3478.00;243
8524;31;5952064;8524;533;9910;10151;4.26;0.26;352.75;14.46;1386;48;3479.00;241
8531;31;5952080;8531;529;9914;10156;4.25;0.26;352.75;14.45;1383;48;3480.00;242
8534;31;5952094;8534;522;9914;10156;4.32;0.27;352.73;14.45;1380;48;3481.00;242
8538;31;5952109;8538;522;9915;10156;4.38;0.27;352.94;14.45;1377;48;3482.00;241
8541;31;5952124;8541;514;9915;10157;4.41;0.27;352.97;14.45;1374;48;3483.00;242
8546;31;5952138;8546;509;9915;10157;4.42;0.27;353.03;14.45;1369;48;3484.00;242
8548;31;5952153;8548;502;9920;10163;4.46;0.27;353.09;14.45;1372;48;3485.00;243
8552;31;5952168;8552;494;9920;10163;4.48;0.27;353.08;14.45;1368;48;3486.00;243
8557;31;5952182;8557;493;9920;10164;4.46;0.27;353.16;14.45;1363;48;3487.00;244
8560;31;5952196;8560;485;9920;10164;4.47;0.27;353.21;14.45;1360;48;3488.00;244
8563;31;5952212;8563;486;9921;10164;4.51;0.28;353.24;14.51;1358;48;3489.00;243
8567;31;5952228;8567;485;9921;10164;4.54;0.28;353.31;14.51;1354;48;3490.00;243
8572;31;5952242;8572;480;9921;10164;4.54;0.28;353.54;14.51;1349;48;3491.00;243
8576;31;5952257;8576;480;9930;10176;4.55;0.28;353.55;14.50;1354;48;3492.00;246
8578;31;5952273;8578;479;9930;10176;4.57;0.28;353.67;14.50;1352;48;3493.00;246
8582;31;5952288;8582;472;9930;10176;4.56;0.28;353.73;14.50;1348;48;3494.00;246
8587;31;5952302;8587;462;9930;10176;4.61;0.28;353.92;14.50;1343;48;3495.00;246
8591;31;5952316;8591;463;9930;10176;4.64;0.28;354.00;14.50;1339;48;3496.00;246
8594;31;5952333;8594;468;9930;10176;4.65;0.28;354.11;14.50;1336;48;3497.00;246
8598;31;5952347;8598;464;9933;10180;4.70;0.29;354.11;14.49;1335;48;3498.00;247
8605;31;5952361;8605;466;9933;10180;4.70;0.28;354.19;14.49;1328;48;3499.00;247
8608;31;5952378;8608;468;9936;10184;4.75;0.29;354.23;14.49;1328;48;3500.00;248
8612;31;5952397;8612;464;9936;10185;4.79;0.29;354.44;14.49;1324;48;3501.00;249
8616;31;5952413;8616;466;9936;10185;4.79;0.29;354.49;14.49;1320;48;3502.00;249
8622;31;5952428;8622;462;9936;10185;4.79;0.29;354.55;14.49;1314;48;3503.00;249
8624;31;5952448;8624;452;9946;10198;4.83;0.29;354.56;14.47;1322;48;3504.00;252
8629;31;5952463;8629;449;9947;10198;4.83;0.29;354.69;14.54;1318;48;3505.00;251
8632;31;5952477;8632;440;9948;10198;4.84;0.29;354.80;14.54;1316;48;3506.00;250
8634;31;5952491;8634;453;9950;10199;4.81;0.29;354.83;14.54;1316;48;3507.00;249
8638;31;5952505;8638;449;9950;10200;4.80;0.29;354.97;14.54;1312;48;3508.00;250
8640;31;5952519;8640;448;9950;10200;4.78;0.29;355.03;14.54;1310;48;3509.00;250
8644;31;5952536;8644;454;9954;10206;4.76;0.29;355.21;14.54;1310;48;3510.00;252
8647;31;5952550;8647;460;9956;10206;4.73;0.29;355.27;14.54;1309;48;3511.00;250
8649;31;5952564;8649;452;9957;10206;4.74;0.29;355.36;14.54;1308;48;3512.00;249
8653;31;5952579;8653;449;9957;10206;4.72;0.29;355.39;14.54;1304;48;3513.00;249
8655;31;5952594;8655;448;9964;10212;4.79;0.29;355.42;14.54;1309;48;3514.00;248
8658;31;5952609;8658;436;9966;10212;4.85;0.29;355.49;14.54;1308;48;3515.00;246
8659;31;5952624;8659;440;9966;10212;4.89;0.30;355.49;14.54;1307;48;3516.00;246
8662;31;5952639;8662;445;9967;10212;4.90;0.30;355.46;14.53;1305;48;3517.00;245
8666;31;5952654;8666;435;9970;10216;4.90;0.30;355.53;14.53;1304;48;3518.00;246
8668;31;5952669;8668;441;9974;10219;4.91;0.30;355.62;14.53;1306;48;3519.00;245
8672;31;5952685;8672;441;9974;10219;4.89;0.30;355.58;14.53;1302;48;3520.00;245
8675;31;5952704;8675;425;9976;10220;4.88;0.30;355.64;14.52;1301;48;3521.00;244
8676;31;5952719;8676;421;9976;10220;4.94;0.30;355.76;14.52;1300;48;3522.00;244
8677;31;5952733;8677;422;9976;10220;4.99;0.30;355.77;14.52;1299;48;3523.00;244
8681;31;5952748;8681;413;9976;10220;5.03;0.31;355.88;14.52;1295;48;3524.00;244
8686;31;5952763;8686;407;9976;10220;5.05;0.31;355.95;14.52;1290;48;3525.00;244
8688;31;5952779;8688;412;9976;10220;5.10;0.31;355.96;14.52;1288;48;3526.00;244
8693;31;5952793;8693;416;9976;10220;5.08;0.31;355.97;14.52;1283;48;3527.00;244
8695;31;5952808;8695;435;10017;10290;5.09;0.31;356.03;14.46;1322;48;3528.00;273
8698;31;5952830;8698;439;10018;10291;5.13;0.31;356.04;14.46;1320;48;3529.00;273
8700;31;5952845;8700;439;10022;10291;5.17;0.31;356.10;14.46;1322;48;3530.00;269
8701;31;5952861;8701;443;10023;10291;5.19;0.32;356.11;14.46;1322;48;3531.00;268
8703;31;5952876;8703;445;10027;10291;5.25;0.32;356.26;14.45;1324;48;3532.00;264
8705;31;5952892;8705;445;10028;10291;5.29;0.32;356.31;14.45;1323;48;3533.00;263
8707;31;5952909;8707;445;10030;10291;5.30;0.32;356.28;14.45;1323;48;3534.00;261
8707;31;5952925;8707;446;10032;10291;5.31;0.32;356.28;14.45;1325;48;3535.00;259
8709;31;5952941;8709;450;10034;10292;5.30;0.32;356.31;14.45;1325;48;3536.00;258
8711;31;5952956;8711;441;10036;10293;5.30;0.32;356.36;14.45;1325;48;3537.00;257
8713;31;5952972;8713;438;10037;10293;5.26;0.32;356.45;14.45;1324;48;3538.00;256
8716;31;5952988;8716;441;10041;10297;5.26;0.32;356.50;14.44;1325;48;3539.00;256
8716;31;5953005;8716;437;10043;10297;5.24;0.32;356.50;14.44;1327;48;3540.00;254
8718;31;5953020;8718;439;10044;10297;5.21;0.32;356.70;14.44;1326;48;3541.00;253
8723;31;5953035;8723;443;10045;10297;5.16;0.31;356.80;14.50;1322;49;3542.00;252
8724;31;5953058;8724;441;10050;10303;5.14;0.31;356.85;14.50;1326;49;3543.00;253
8726;31;5953073;8726;442;10052;10303;5.06;0.31;356.90;14.50;1326;49;3544.00;251
8728;31;5953086;8728;455;10053;10303;5.05;0.31;356.94;14.50;1325;49;3545.00;250
8731;31;5953102;8731;460;10055;10306;5.03;0.30;356.98;14.49;1324;49;3546.00;251
8734;31;5953117;8734;454;10055;10306;5.00;0.30;357.07;14.49;1321;49;3547.00;251
8736;31;5953132;8736;460;10056;10306;4.94;0.30;357.13;14.49;1320;49;3548.00;250
8738;31;5953147;8738;458;10056;10307;4.89;0.30;357.19;14.49;1318;49;3549.00;251
8740;31;5953161;8740;462;10057;10308;4.86;0.29;357.20;14.49;1317;49;3550.00;251
8741;31;5953175;8741;467;10057;10308;4.81;0.29;357.21;14.49;1316;49;3551.00;251
8744;31;5953189;8744;474;10067;10321;4.78;0.29;357.23;14.48;1323;49;3552.00;254
8745;31;5953205;8745;471;10067;10321;4.73;0.29;357.28;14.48;1322;49;3553.00;254
8745;31;5953219;8745;473;10068;10321;4.74;0.29;357.28;14.48;1323;49;3554.00;253
8746;31;5953233;8746;478;10070;10323;4.71;0.29;357.27;14.47;1324;49;3555.00;253
8748;31;5953247;8748;483;10070;10323;4.71;0.29;357.23;14.47;1322;49;3556.00;253
8750;31;5953260;8750;474;10074;10327;4.74;0.29;357.21;14.47;1324;49;3557.00;253
8751;31;5953274;8751;473;10074;10327;4.73;0.29;357.23;14.47;1323;49;3558.00;253
8752;31;5953288;8752;463;10078;10331;4.77;0.29;357.28;14.53;1326;49;3559.00;253
8754;31;5953302;8754;456;10078;10331;4.77;0.29;357.27;14.53;1324;49;3560.00;253
8754;31;5953316;8754;452;10078;10331;4.78;0.29;357.27;14.53;1324;49;3561.00;253
8756;31;5953329;8756;446;10078;10331;4.77;0.29;357.25;14.53;1322;49;3562.00;253
8759;31;5953343;8759;441;10078;10331;4.80;0.29;357.28;14.53;1319;49;3563.00;253
8762;31;5953356;8762;453;10088;10343;4.91;0.30;357.29;14.52;1326;49;3564.00;255
8765;31;5953371;8765;457;10088;10343;4.90;0.30;357.30;14.52;1323;49;3565.00;255
8770;31;5953385;8770;447;10089;10343;4.86;0.30;357.26;14.51;1319;49;3566.00;254
8773;31;5953399;8773;445;10089;10343;4.86;0.30;357.24;14.51;1316;49;3567.00;254
8775;31;5953413;8775;442;10089;10343;4.87;0.30;357.31;14.51;1314;49;3568.00;254
8780;31;5953426;8780;441;10089;10343;4.86;0.30;357.28;14.51;1309;49;3569.00;254
8780;31;5953441;8780;443;10091;10344;4.88;0.30;357.28;14.67;1311;49;3570.00;253
8783;31;5953458;8783;443;10091;10344;4.82;0.29;357.25;14.67;1308;49;3571.00;253
8788;31;5953472;8788;459;10096;10350;4.81;0.29;357.20;14.66;1308;49;3572.00;254
8791;31;5953486;8791;466;10097;10351;4.77;0.29;357.19;14.66;1306;49;3573.00;254
8797;31;5953502;8797;466;10097;10351;4.71;0.29;357.24;14.66;1300;49;3574.00;254
8801;31;5953515;8801;470;10097;10351;4.65;0.28;357.16;14.66;1296;49;3575.00;254
8801;31;5953529;8801;480;10099;10355;4.67;0.28;357.16;14.65;1298;49;3576.00;256
8804;31;5953548;8804;488;10100;10355;4.63;0.28;357.05;14.65;1296;49;3577.00;255
8804;31;5953561;8804;491;10100;10355;4.62;0.28;357.05;14.65;1296;49;3578.00;255
8806;31;5953574;8806;504;10101;10356;4.62;0.28;357.02;14.65;1295;49;3579.00;255
8807;31;5953587;8807;496;10104;10360;4.63;0.28;357.01;14.65;1297;49;3580.00;256
8810;31;5953601;8810;511;10104;10360;4.61;0.28;356.93;14.65;1294;49;3581.00;256
8814;31;5953614;8814;506;10106;10363;4.55;0.28;356.96;14.65;1292;49;3582.00;257
8815;31;5953628;8815;511;10107;10363;4.51;0.27;357.06;14.64;1292;49;3583.00;256
8817;31;5953641;8817;513;10107;10363;4.43;0.27;357.05;14.64;1290;49;3584.00;256
8817;31;5953655;8817;518;10107;10363;4.39;0.27;357.05;14.64;1290;49;3585.00;256
8820;31;5953667;8820;517;10111;10367;4.35;0.27;357.10;14.64;1291;49;3586.00;256
8820;31;5953681;8820;520;10111;10367;4.33;0.27;357.10;14.64;1291;49;3587.00;256
8820;31;5953694;8820;523;10111;10367;4.31;0.26;357.10;14.64;1291;49;3588.00;256
8820;31;5953706;8820;521;10111;10367;4.31;0.26;357.10;14.64;1291;49;3589.00;256
8821;31;5953718;8821;531;10111;10368;4.30;0.26;357.08;14.64;1290;49;3590.00;257
8821;31;5953731;8821;531;10112;10369;4.33;0.27;357.08;14.64;1291;49;3591.00;257
8824;31;5953743;8824;535;10112;10369;4.25;0.26;357.08;14.64;1288;49;3592.00;257
8825;31;5953757;8825;533;10113;10370;4.25;0.26;357.14;14.64;1288;49;3593.00;257
8827;31;5953770;8827;546;10113;10370;4.20;0.26;357.16;14.64;1286;49;3594.00;257
8829;31;5953782;8829;535;10113;10370;4.13;0.25;357.20;14.64;1284;49;3595.00;257
8830;31;5953795;8830;532;10114;10370;4.12;0.25;357.29;14.71;1284;49;3596.00;256
8833;32;5953807;8833;530;10114;10370;4.13;0.25;357.42;14.71;1281;50;3597.00;256
8836;32;5953836;8836;521;10114;10370;4.16;0.25;357.43;14.71;1278;50;3598.00;256
8836;32;5953848;8836;512;10114;10370;4.21;0.26;357.43;14.71;1278;50;3599.00;256
8836;32;5953868;8836;550;10217;10623;4.60;0.29;357.43;14.64;1381;50;3600.00;406
8837;32;5953906;8837;537;10222;10624;4.67;0.29;357.41;14.64;1385;50;3601.00;402
8840;32;5953925;8840;522;10236;10624;4.73;0.30;357.40;14.70;1396;50;3602.00;388
8841;32;5953939;8841;520;10243;10624;4.83;0.30;357.36;14.69;1402;50;3603.00;381
8842;32;5953952;8842;514;10251;10624;4.90;0.31;357.34;14.68;1409;50;3604.00;373
8842;32;5953971;8842;511;10259;10624;4.94;0.31;357.34;14.83;1417;50;3605.00;365
8843;32;5953985;8843;512;10268;10624;4.97;0.31;357.33;14.97;1425;50;3606.00;356
8844;32;5953999;8844;510;10272;10624;4.95;0.31;357.31;14.97;1428;50;3607.00;352
8847;32;5954018;8847;513;10284;10625;5.00;0.31;357.24;15.11;1437;50;3608.00;341
8849;33;5954033;8849;518;10291;10626;5.02;0.31;357.34;15.25;1442;51;3609.00;335
8851;33;5954059;8851;519;10299;10626;5.00;0.31;357.34;15.32;1448;51;3610.00;327
8853;33;5954073;8853;525;10303;10627;5.00;0.31;357.30;15.39;1450;51;3611.00;324
8856;33;5954091;8856;530;10309;10627;4.96;0.31;357.25;15.39;1453;51;3612.00;318
8857;33;5954106;8857;529;10316;10627;4.86;0.30;357.21;15.54;1459;51;3613.00;311
8860;33;5954122;8860;533;10319;10627;4.79;0.30;357.16;15.54;1459;51;3614.00;308
8863;33;5954136;8863;536;10325;10631;4.71;0.29;357.15;15.68;1462;51;3615.00;306
8866;33;5954151;8866;539;10328;10631;4.65;0.29;357.07;15.67;1462;51;3616.00;303
8870;33;5954166;8870;544;10330;10631;4.62;0.28;357.24;15.67;1460;51;3617.00;301
8871;33;5954181;8871;553;10335;10634;4.55;0.28;357.21;15.74;1464;51;3618.00;299
8872;33;5954196;8872;556;10337;10634;4.57;0.28;357.21;15.81;1465;51;3619.00;297
8873;33;5954210;8873;547;10341;10634;4.56;0.28;357.22;15.88;1468;51;3620.00;293
8877;33;5954230;8877;556;10346;10638;4.54;0.28;357.36;15.95;1469;51;3621.00;292
8879;33;5954245;8879;557;10349;10639;4.55;0.28;357.32;15.95;1470;51;3622.00;290
8883;33;5954260;8883;566;10352;10639;4.52;0.28;357.39;16.02;1469;51;3623.00;287
8884;33;5954280;8884;562;10358;10643;4.53;0.28;357.35;16.09;1474;51;3624.00;285
8885;33;5954301;8885;566;10360;10643;4.52;0.28;357.38;16.09;1475;51;3625.00;283
8890;33;5954315;8890;569;10361;10643;4.45;0.27;357.55;16.09;1471;51;3626.00;282
8891;33;5954330;8891;583;10362;10644;4.46;0.27;357.54;16.09;1471;51;3627.00;282
8893;33;5954345;8893;594;10363;10644;4.50;0.27;357.58;16.10;1470;52;3628.00;281
8895;33;5954367;8895;604;10369;10650;4.52;0.28;357.57;16.09;1474;52;3629.00;281
8898;33;5954383;8898;595;10372;10650;4.50;0.27;357.60;16.10;1474;52;3630.00;278
8900;33;5954399;8900;594;10372;10651;4.50;0.27;357.62;16.10;1472;52;3631.00;279
8905;33;5954414;8905;588;10373;10651;4.45;0.27;357.65;16.10;1468;52;3632.00;278
8910;33;5954428;8910;594;10375;10651;4.43;0.27;357.73;16.09;1465;52;3633.00;276
8913;33;5954444;8913;595;10375;10651;4.42;0.27;357.72;16.09;1462;52;3634.00;276
8917;33;5954459;8917;602;10378;10651;4.39;0.27;357.81;16.10;1461;52;3635.00;273
8919;33;5954473;8919;598;10387;10663;4.39;0.27;357.90;16.08;1468;52;3636.00;276
8921;33;5954490;8921;601;10387;10663;4.39;0.27;358.01;16.08;1466;52;3637.00;276
8926;33;5954505;8926;597;10388;10663;4.39;0.27;358.09;16.08;1462;52;3638.00;275
8927;33;5954520;8927;594;10388;10663;4.38;0.27;358.07;16.08;1461;52;3639.00;275
8929;33;5954534;8929;592;10389;10663;4.39;0.27;358.04;16.08;1460;52;3640.00;274
8933;33;5954550;8933;583;10389;10663;4.38;0.27;358.11;16.08;1456;52;3641.00;274
8937;33;5954564;8937;583;10392;10667;4.38;0.27;358.18;16.08;1455;52;3642.00;275
8940;33;5954579;8940;581;10392;10667;4.39;0.27;358.25;16.08;1452;52;3643.00;275
8942;33;5954594;8942;584;10396;10671;4.43;0.27;358.28;16.07;1454;52;3644.00;275
8947;33;5954609;8947;582;10398;10673;4.45;0.27;358.46;16.07;1451;52;3645.00;275
8950;33;5954625;8950;577;10398;10673;4.49;0.28;358.48;16.07;1448;52;3646.00;275
8953;33;5954640;8953;581;10398;10673;4.49;0.28;358.57;16.07;1445;52;3647.00;275
8957;33;5954655;8957;579;10409;10686;4.50;0.28;358.50;16.12;1452;52;3648.00;277
8961;33;5954672;8961;561;10409;10686;4.51;0.28;358.72;16.12;1448;52;3649.00;277
8964;33;5954687;8964;555;10409;10686;4.54;0.28;358.79;16.12;1445;52;3650.00;277
8969;33;5954703;8969;554;10410;10687;4.56;0.28;358.93;16.12;1441;52;3651.00;277
8975;33;5954718;8975;548;10410;10688;4.56;0.28;358.98;16.12;1435;52;3652.00;278
8980;33;5954733;8980;551;10410;10688;4.55;0.28;359.11;16.12;1430;52;3653.00;278
8985;33;5954749;8985;544;10413;10691;4.52;0.28;359.21;16.12;1428;52;3654.00;278
8988;33;5954764;8988;546;10413;10691;4.53;0.28;359.30;16.12;1425;52;3655.00;278
8992;33;5954780;8992;551;10413;10691;4.51;0.28;359.36;16.12;1421;52;3656.00;278
8997;33;5954795;8997;546;10413;10691;4.51;0.28;359.51;16.12;1416;52;3657.00;278
9001;33;5954810;9001;539;10419;10697;4.58;0.28;359.51;16.11;1418;52;3658.00;278
9006;33;5954826;9006;535;10419;10697;4.59;0.28;359.70;16.11;1413;52;3659.00;278
9009;33;5954843;9009;535;10419;10697;4.62;0.28;359.74;16.11;1410;52;3660.00;278
9015;33;5954860;9015;532;10419;10697;4.62;0.28;359.79;16.11;1404;52;3661.00;278
9018;33;5954875;9018;528;10422;10701;4.65;0.28;359.86;16.11;1404;52;3662.00;279
9023;33;5954890;9023;533;10423;10702;4.65;0.28;359.91;16.11;1400;52;3663.00;279
9030;33;5954905;9030;537;10424;10702;4.65;0.28;359.99;16.11;1394;52;3664.00;278
9033;33;5954920;9033;535;10426;10703;4.70;0.29;360.05;16.11;1393;52;3665.00;277
9040;33;5954935;9040;536;10427;10703;4.66;0.28;360.12;16.11;1387;52;3666.00;276
9043;34;5954950;9043;543;10427;10703;4.64;0.28;360.23;16.11;1384;53;3667.00;276
9048;34;5954970;9048;536;10427;10703;4.62;0.28;360.16;16.11;1379;53;3668.00;276
9055;34;5954985;9055;540;10427;10703;4.55;0.28;360.36;16.11;1372;53;3669.00;276
9056;34;5955000;9056;540;10427;10703;4.55;0.28;360.34;16.11;1371;53;3670.00;276
9062;34;5955019;9062;535;10427;10703;4.47;0.27;360.51;16.11;1365;53;3671.00;276
9064;34;5955061;9064;551;10464;10773;4.47;0.27;360.52;16.06;1400;53;3672.00;309
9066;34;5955085;9066;554;10467;10774;4.44;0.27;360.51;16.05;1401;53;3673.00;307
9071;34;5955100;9071;548;10472;10774;4.40;0.27;360.54;16.05;1401;53;3674.00;302
9074;34;5955115;9074;547;10474;10774;4.35;0.26;360.65;16.04;1400;53;3675.00;300
9076;34;5955129;9076;558;10476;10774;4.31;0.26;360.71;16.04;1400;53;3676.00;298
9076;34;5955144;9076;554;10478;10774;4.32;0.26;360.71;16.04;1402;53;3677.00;296
9079;34;5955159;9079;555;10481;10774;4.30;0.26;360.73;16.04;1402;53;3678.00;293
9080;34;5955173;9080;547;10482;10774;4.24;0.26;360.78;16.03;1402;53;3679.00;292
9081;34;5955188;9081;543;10483;10775;4.16;0.25;360.75;16.03;1402;53;3680.00;292
9085;34;5955203;9085;541;10487;10776;4.06;0.25;360.85;16.03;1402;53;3681.00;289
9087;34;5955218;9087;545;10488;10776;4.01;0.24;360.86;16.03;1401;53;3682.00;288
9089;34;5955232;9089;542;10492;10780;3.99;0.24;360.94;16.10;1403;53;3683.00;288
9091;34;5955247;9091;537;10492;10780;3.95;0.24;360.91;16.10;1401;53;3684.00;288
9095;34;5955262;9095;538;10494;10780;3.93;0.24;361.14;16.10;1399;53;3685.00;286
9098;34;5955282;9098;531;10494;10780;3.93;0.24;361.23;16.10;1396;53;3686.00;286
9100;34;5955296;9100;525;10499;10786;3.95;0.24;361.26;16.09;1399;53;3687.00;287
9103;34;5955312;9103;517;10499;10786;3.98;0.24;361.42;16.09;1396;53;3688.00;287
9104;34;5955326;9104;523;10499;10786;4.01;0.24;361.44;16.09;1395;53;3689.00;287
9107;34;5955342;9107;522;10503;10792;4.05;0.25;361.46;16.09;1396;53;3690.00;289
9109;34;5955358;9109;526;10503;10792;4.09;0.25;361.48;16.09;1394;53;3691.00;289
9110;34;5955373;9110;531;10505;10792;4.15;0.25;361.48;16.08;1395;53;3692.00;287
9111;34;5955388;9111;531;10505;10793;4.15;0.25;361.58;16.08;1394;53;3693.00;288
9111;34;5955402;9111;543;10506;10794;4.20;0.26;361.58;16.08;1395;53;3694.00;288
9113;34;5955417;9113;537;10506;10794;4.20;0.26;361.78;16.08;1393;53;3695.00;288
9117;34;5955431;9117;542;10519;10807;4.18;0.25;361.93;16.07;1402;53;3696.00;288
9119;34;5955447;9119;542;10520;10807;4.16;0.25;361.92;16.08;1401;53;3697.00;287
9123;34;5955462;9123;538;10520;10807;4.15;0.25;362.05;16.08;1397;53;3698.00;287
9123;34;5955477;9123;537;10522;10808;4.18;0.25;362.05;16.07;1399;53;3699.00;286
9126;34;5955492;9126;522;10522;10808;4.19;0.25;362.04;16.07;1396;53;3700.00;286
9126;34;5955511;9126;526;10529;10812;4.24;0.26;362.04;16.08;1403;53;3701.00;283
9129;34;5955527;9129;529;10529;10812;4.25;0.26;362.08;16.08;1400;53;3702.00;283
9133;34;5955541;9133;524;10532;10816;4.26;0.26;362.21;16.07;1399;53;3703.00;284
9135;34;5955556;9135;524;10532;10816;4.26;0.26;362.15;16.07;1397;53;3704.00;284
9136;34;5955570;9136;521;10532;10816;4.30;0.26;362.20;16.07;1396;53;3705.00;284
9138;34;5955583;9138;524;10532;10816;4.31;0.26;362.23;16.07;1394;53;3706.00;284
9139;34;5955598;9139;531;10532;10816;4.32;0.26;362.34;16.07;1393;53;3707.00;284
9141;34;5955612;9141;531;10541;10828;4.36;0.26;362.42;16.06;1400;53;3708.00;287
9143;34;5955628;9143;539;10541;10828;4.37;0.26;362.41;16.06;1398;53;3709.00;287
9143;34;5955642;9143;544;10543;10828;4.39;0.27;362.41;16.06;1400;53;3710.00;285
9148;34;5955656;9148;551;10543;10828;4.33;0.26;362.61;16.06;1395;53;3711.00;285
9149;34;5955671;9149;553;10543;10828;4.34;0.26;362.66;16.06;1394;53;3712.00;285
9151;34;5955685;9151;558;10543;10828;4.35;0.27;362.79;16.06;1392;53;3713.00;285
9153;34;5955699;9153;568;10543;10829;4.32;0.26;362.78;16.06;1390;53;3714.00;286
9155;34;5955713;9155;569;10543;10829;4.27;0.26;362.82;16.06;1388;53;3715.00;286
9157;34;5955728;9157;578;10548;10835;4.29;0.26;362.85;16.05;1391;53;3716.00;287
9159;34;5955742;9159;580;10549;10836;4.30;0.26;362.90;16.05;1390;53;3717.00;287
9160;34;5955756;9160;583;10549;10836;4.28;0.26;362.87;16.05;1389;53;3718.00;287
9165;34;5955769;9165;582;10549;10836;4.23;0.26;362.98;16.05;1384;53;3719.00;287
9167;34;5955785;9167;582;10553;10841;4.24;0.26;362.94;16.04;1386;53;3720.00;288
9169;34;5955800;9169;584;10553;10841;4.25;0.26;362.88;16.04;1384;53;3721.00;288
9170;34;5955814;9170;574;10553;10841;4.28;0.26;362.94;16.04;1383;53;3722.00;288
9174;34;5955827;9174;568;10554;10842;4.30;0.26;362.98;16.04;1380;53;3723.00;288
9175;34;5955841;9175;566;10557;10846;4.32;0.26;362.99;16.04;1382;53;3724.00;289
9179;34;5955855;9179;555;10557;10846;4.30;0.26;362.98;16.04;1378;53;3725.00;289
9182;34;5955868;9182;547;10559;10849;4.30;0.26;363.00;16.03;1377;53;3726.00;290
9189;34;5955882;9189;546;10559;10849;4.26;0.26;362.95;16.03;1370;53;3727.00;290
9191;34;5955897;9191;544;10560;10849;4.29;0.26;362.95;16.03;1369;53;3728.00;289
9193;34;5955910;9193;544;10560;10849;4.27;0.26;362.88;16.03;1367;53;3729.00;289
9199;34;5955925;9199;541;10564;10853;4.27;0.26;362.89;16.03;1365;53;3730.00;289
9200;34;5955939;9200;546;10564;10853;4.29;0.26;362.90;16.03;1364;53;3731.00;289
9200;34;5955952;9200;541;10564;10853;4.31;0.26;362.90;16.03;1364;53;3732.00;289
9206;34;5955966;9206;544;10564;10853;4.25;0.26;362.81;16.03;1358;53;3733.00;289
9211;34;5955979;9211;541;10564;10854;4.21;0.26;362.89;16.03;1353;53;3734.00;290
9214;34;5955993;9214;552;10568;10856;4.18;0.25;362.85;16.18;1354;53;3735.00;288
9219;34;5956011;9219;547;10568;10856;4.15;0.25;362.92;16.18;1349;53;3736.00;288
9221;34;5956024;9221;552;10569;10857;4.15;0.25;362.91;16.18;1348;53;3737.00;288
9224;34;5956037;9224;551;10569;10857;4.18;0.26;362.88;16.18;1345;53;3738.00;288
9228;34;5956051;9228;559;10569;10857;4.18;0.26;362.81;16.18;1341;53;3739.00;288
9230;34;5956065;9230;552;10569;10857;4.22;0.26;362.75;16.18;1339;53;3740.00;288
9232;34;5956079;9232;553;10569;10857;4.23;0.26;362.79;16.18;1337;53;3741.00;288
9234;34;5956092;9234;536;10569;10857;4.28;0.26;362.87;16.18;1335;53;3742.00;288
9235;34;5956107;9235;529;10569;10857;4.34;0.26;362.87;16.18;1334;53;3743.00;288
9236;34;5956121;9236;539;10637;10984;4.66;0.29;362.86;16.08;1401;53;3744.00;347
9237;34;5956144;9237;526;10641;10985;4.73;0.29;362.86;16.07;1404;53;3745.00;344
9238;34;5956159;9238;510;10649;10985;4.87;0.30;362.82;16.06;1411;53;3746.00;336
9238;34;5956174;9238;503;10651;10985;4.90;0.30;362.82;16.06;1413;53;3747.00;334
9241;34;5956190;9241;502;10657;10985;4.98;0.31;362.74;16.05;1416;53;3748.00;328
9243;34;5956211;9243;507;10658;10985;4.97;0.31;362.73;16.05;1415;53;3749.00;327
9245;34;5956226;9245;514;10663;10990;4.99;0.31;362.73;16.05;1418;53;3750.00;327
9246;34;5956253;9246;505;10666;10990;5.00;0.31;362.72;16.04;1420;53;3751.00;324
9246;34;5956278;9246;515;10668;10991;4.98;0.30;362.72;16.04;1422;53;3752.00;323
9248;34;5956293;9248;519;10673;10992;5.00;0.31;362.71;16.04;1425;53;3753.00;319
9249;34;5956308;9249;518;10676;10992;5.02;0.31;362.67;16.04;1427;53;3754.00;316
9252;34;5956329;9252;522;10679;10993;4.98;0.30;362.69;16.03;1427;53;3755.00;314
9253;34;5956344;9253;521;10682;10993;4.95;0.30;362.65;16.03;1429;53;3756.00;311
9254;34;5956360;9254;526;10684;10993;4.91;0.30;362.72;16.03;1430;53;3757.00;309
9255;34;5956374;9255;535;10687;10993;4.85;0.30;362.78;16.03;1432;53;3758.00;306
9256;34;5956390;9256;532;10691;10997;4.84;0.30;362.77;16.03;1435;53;3759.00;306
9256;34;5956406;9256;547;10697;10997;4.78;0.29;362.77;16.27;1441;53;3760.00;300
9259;34;5956421;9259;556;10698;10997;4.74;0.29;362.85;16.35;1439;53;3761.00;299
9259;34;5956436;9259;561;10701;11000;4.73;0.29;362.85;16.43;1442;53;3762.00;299
9261;34;5956450;9261;570;10703;11000;4.69;0.29;362.93;16.51;1442;53;3763.00;297
9264;34;5956466;9264;568;10705;11000;4.65;0.28;362.92;16.51;1441;53;3764.00;295
9267;34;5956480;9267;581;10710;11004;4.61;0.28;362.91;16.66;1443;53;3765.00;294
9268;34;5956496;9268;591;10712;11005;4.58;0.28;362.88;16.65;1444;53;3766.00;293
9268;34;5956510;9268;593;10712;11005;4.54;0.28;362.88;16.65;1444;53;3767.00;293
9270;34;5956526;9270;598;10717;11009;4.57;0.28;362.88;16.73;1447;53;3768.00;292
9271;34;5956541;9271;603;10717;11009;4.58;0.28;362.86;16.73;1446;53;3769.00;292
9275;34;5956556;9275;609;10718;11009;4.53;0.28;362.93;16.81;1443;53;3770.00;291
9277;34;5956570;9277;619;10719;11010;4.53;0.28;363.03;16.80;1442;53;3771.00;291
9277;34;5956585;9277;624;10721;11010;4.57;0.28;363.03;16.96;1444;53;3772.00;289
9280;34;5956599;9280;625;10727;11016;4.58;0.28;363.07;17.03;1447;53;3773.00;289
9284;34;5956615;9284;625;10729;11016;4.56;0.28;363.12;17.18;1445;53;3774.00;287
9286;34;5956630;9286;618;10730;11017;4.55;0.28;363.15;17.26;1444;53;3775.00;287
9290;34;5956644;9290;622;10730;11017;4.48;0.27;363.20;17.26;1440;53;3776.00;287
9292;34;5956658;9292;623;10731;11017;4.45;0.27;363.22;17.34;1439;53;3777.00;286
9293;34;5956672;9293;627;10731;11017;4.44;0.27;363.19;17.34;1438;53;3778.00;286
9297;34;5956687;9297;627;10733;11017;4.38;0.27;363.24;17.49;1436;53;3779.00;284
9300;34;5956703;9300;624;10760;11053;4.44;0.27;363.26;17.52;1460;53;3780.00;293
9302;34;5956720;9302;627;10762;11053;4.43;0.27;363.29;17.59;1460;53;3781.00;291
9303;34;5956735;9303;622;10764;11053;4.43;0.27;363.27;17.59;1461;53;3782.00;289
9305;34;5956749;9305;616;10764;11053;4.43;0.27;363.33;17.59;1459;53;3783.00;289
9307;34;5956764;9307;619;10767;11053;4.42;0.27;363.38;17.74;1460;53;3784.00;286
9310;34;5956778;9310;619;10767;11053;4.40;0.27;363.42;17.74;1457;53;3785.00;286
9312;34;5956793;9312;624;10771;11057;4.33;0.27;363.46;17.73;1459;53;3786.00;286
9315;34;5956807;9315;629;10773;11057;4.33;0.26;363.51;17.88;1458;53;3787.00;284
9315;34;5956822;9315;622;10777;11061;4.35;0.27;363.51;17.87;1462;53;3788.00;284
9317;34;5956837;9317;629;10780;11062;4.33;0.26;363.58;18.02;1463;53;3789.00;282
9318;34;5956852;9318;624;10780;11062;4.31;0.26;363.55;18.02;1462;53;3790.00;282
9322;34;5956866;9322;631;10782;11062;4.27;0.26;363.59;18.16;1460;53;3791.00;280
9326;34;5956880;9326;638;10793;11075;4.23;0.26;363.68;18.14;1467;53;3792.00;282
9329;34;5956895;9329;634;10793;11075;4.20;0.26;363.69;18.14;1464;53;3793.00;282
9333;34;5956910;9333;647;10793;11075;4.17;0.25;363.69;18.14;1460;53;3794.00;282
9337;34;5956925;9337;646;10796;11076;4.15;0.25;363.75;18.28;1459;53;3795.00;280
9338;34;5956942;9338;645;10796;11077;4.16;0.25;363.75;18.28;1458;53;3796.00;281
9344;34;5956957;9344;646;10796;11077;4.14;0.25;363.71;18.28;1452;54;3797.00;281
9345;34;5956979;9345;654;10799;11080;4.18;0.25;363.67;18.28;1454;54;3798.00;281
9346;34;5956994;9346;652;10799;11080;4.22;0.26;363.65;18.28;1453;54;3799.00;281
9351;34;5957011;9351;650;10799;11080;4.19;0.26;363.74;18.28;1448;54;3800.00;281
9354;34;5957030;9354;652;10799;11080;4.19;0.25;363.79;18.28;1445;54;3801.00;281
9356;34;5957045;9356;657;10804;11086;4.27;0.26;363.86;18.27;1448;54;3802.00;282
9359;34;5957061;9359;650;10804;11086;4.29;0.26;363.91;18.27;1445;54;3803.00;282
9361;34;5957076;9361;645;10804;11086;4.31;0.26;363.94;18.27;1443;54;3804.00;282
9364;34;5957091;9364;654;10804;11086;4.31;0.26;363.91;18.27;1440;54;3805.00;282
9367;34;5957106;9367;647;10807;11090;4.34;0.27;364.03;18.27;1440;54;3806.00;283
9369;34;5957122;9369;646;10808;11091;4.39;0.27;364.14;18.26;1439;54;3807.00;283
9373;34;5957138;9373;642;10808;11091;4.40;0.27;364.22;18.26;1435;54;3808.00;283
9378;34;5957153;9378;637;10809;11092;4.44;0.27;364.36;18.26;1431;54;3809.00;283
9382;34;5957171;9382;635;10809;11092;4.47;0.27;364.47;18.26;1427;54;3810.00;283
9387;34;5957186;9387;629;10809;11092;4.49;0.27;364.60;18.26;1422;54;3811.00;283
9392;34;5957202;9392;624;10809;11092;4.47;0.27;364.60;18.26;1417;54;3812.00;283
9397;34;5957217;9397;626;10809;11092;4.41;0.27;364.68;18.26;1412;54;3813.00;283
9401;34;5957232;9401;623;10809;11092;4.40;0.27;364.67;18.26;1408;54;3814.00;283
9403;34;5957248;9403;624;10809;11092;4.42;0.27;364.77;18.26;1406;54;3815.00;283
9408;34;5957263;9408;626;10844;11162;4.56;0.28;365.00;18.20;1436;54;3816.00;318
9411;34;5957282;9411;614;10848;11163;4.58;0.28;365.02;18.28;1437;54;3817.00;315
9416;34;5957299;9416;613;10854;11163;4.61;0.28;365.27;18.27;1438;54;3818.00;309
9419;34;5957315;9419;617;10855;11163;4.59;0.28;365.32;18.27;1436;54;3819.00;308
9421;34;5957331;9421;622;10858;11163;4.59;0.28;365.34;18.27;1437;54;3820.00;305
9425;34;5957347;9425;625;10858;11163;4.52;0.28;365.35;18.27;1433;54;3821.00;305
9430;34;5957367;9430;618;10861;11163;4.49;0.27;365.45;18.27;1431;54;3822.00;302
9433;34;5957381;9433;628;10863;11163;4.46;0.27;365.49;18.26;1430;54;3823.00;300
9436;34;5957396;9436;627;10865;11164;4.45;0.27;365.50;18.26;1429;54;3824.00;299
9440;34;5957411;9440;632;10868;11166;4.42;0.27;365.56;18.26;1428;54;3825.00;298
9445;34;5957426;9445;630;10869;11166;4.39;0.27;365.68;18.26;1424;54;3826.00;297
9449;34;5957440;9449;636;10871;11170;4.39;0.27;365.73;18.25;1422;54;3827.00;299
9452;34;5957456;9452;635;10871;11170;4.36;0.27;365.85;18.25;1419;54;3828.00;299
9457;34;5957475;9457;640;10871;11170;4.30;0.26;366.03;18.25;1414;54;3829.00;299
9460;34;5957496;9460;640;10872;11170;4.25;0.26;366.02;18.25;1412;54;3830.00;298
9463;34;5957510;9463;636;10876;11176;4.22;0.26;366.04;18.25;1413;54;3831.00;300
9467;34;5957525;9467;631;10876;11176;4.18;0.25;366.05;18.25;1409;54;3832.00;300
9472;34;5957539;9472;638;10876;11176;4.15;0.25;366.23;18.25;1404;54;3833.00;300
9474;34;5957554;9474;639;10878;11179;4.15;0.25;366.36;18.33;1404;54;3834.00;301
9477;34;5957568;9477;648;10878;11179;4.14;0.25;366.37;18.33;1401;54;3835.00;301
9481;34;5957582;9481;651;10878;11179;4.09;0.25;366.46;18.33;1397;54;3836.00;301
9485;34;5957596;9485;657;10879;11180;4.03;0.24;366.53;18.33;1394;54;3837.00;301
9486;34;5957610;9486;650;10881;11181;4.03;0.24;366.65;18.33;1395;54;3838.00;300
9490;34;5957624;9490;654;10882;11181;3.97;0.24;366.66;18.33;1392;54;3839.00;299
9491;34;5957639;9491;675;10902;11207;3.98;0.24;366.78;18.30;1411;54;3840.00;305
9498;34;5957655;9498;682;10903;11207;3.95;0.24;366.96;18.30;1405;54;3841.00;304
9500;34;5957669;9500;667;10904;11207;3.95;0.24;367.07;18.30;1404;54;3842.00;303
9503;34;5957683;9503;662;10905;11208;3.96;0.24;367.06;18.30;1402;54;3843.00;303
9506;34;5957697;9506;665;10906;11208;3.91;0.24;367.14;18.30;1400;54;3844.00;302
9511;34;5957711;9511;660;10911;11212;3.91;0.24;367.13;18.30;1400;54;3845.00;301
9515;34;5957726;9515;656;10914;11214;3.87;0.24;367.20;18.29;1399;54;3846.00;300
9518;34;5957741;9518;669;10918;11218;3.91;0.24;367.39;18.29;1400;54;3847.00;300
9520;34;5957755;9520;676;10919;11218;3.93;0.24;367.35;18.29;1399;54;3848.00;299
9526;34;5957770;9526;675;10920;11218;3.91;0.24;367.53;18.29;1394;54;3849.00;298
9529;34;5957783;9529;683;10921;11218;3.92;0.24;367.54;18.29;1392;54;3850.00;297
9530;34;5957798;9530;668;10921;11218;3.94;0.24;367.54;18.29;1391;54;3851.00;297
9532;34;5957811;9532;661;10931;11230;4.01;0.24;367.67;18.27;1399;54;3852.00;299
9536;34;5957828;9536;660;10932;11230;3.99;0.24;367.82;18.27;1396;54;3853.00;298
9537;34;5957848;9537;655;10934;11230;4.03;0.25;367.80;18.27;1397;54;3854.00;296
9540;34;5957863;9540;661;10935;11230;4.00;0.24;367.83;18.27;1395;54;3855.00;295
9543;34;5957877;9543;660;10935;11230;3.99;0.24;367.91;18.27;1392;54;3856.00;295
9545;34;5957892;9545;662;10935;11230;3.98;0.24;368.02;18.27;1390;54;3857.00;295
9548;34;5957907;9548;661;10935;11231;3.96;0.24;368.04;18.27;1387;54;3858.00;296
9549;34;5957922;9549;666;10935;11231;3.96;0.24;368.03;18.27;1386;54;3859.00;296
9551;34;5957936;9551;660;10940;11237;3.98;0.24;368.05;18.26;1389;54;3860.00;297
9552;34;5957950;9552;658;10941;11238;4.00;0.24;368.03;18.26;1389;54;3861.00;297
9554;34;5957965;9554;648;10941;11238;4.04;0.25;367.97;18.26;1387;54;3862.00;297
9555;34;5957979;9555;653;10941;11238;4.07;0.25;368.02;18.26;1386;54;3863.00;297
9555;34;5957994;9555;652;10944;11242;4.12;0.25;368.02;18.25;1389;54;3864.00;298
9557;34;5958008;9557;646;10944;11242;4.14;0.25;368.06;18.25;1387;54;3865.00;298
9563;34;5958022;9563;649;10944;11242;4.13;0.25;368.12;18.25;1381;54;3866.00;298
9566;34;5958037;9566;650;10945;11243;4.16;0.25;368.09;18.25;1379;54;3867.00;298
9566;34;5958051;9566;652;10948;11247;4.18;0.25;368.09;18.25;1382;54;3868.00;299
9566;34;5958065;9566;646;10948;11247;4.17;0.25;368.09;18.25;1382;54;3869.00;299
9570;34;5958080;9570;657;10952;11253;4.16;0.25;368.03;18.24;1382;54;3870.00;301
9571;34;5958095;9571;655;10952;11253;4.11;0.25;368.00;18.24;1381;54;3871.00;301
9573;34;5958109;9573;659;10954;11253;4.10;0.25;368.07;18.24;1381;55;3872.00;299
9575;34;5958131;9575;666;10954;11253;4.06;0.25;368.08;18.24;1379;55;3873.00;299
9578;34;5958145;9578;664;10959;11257;4.07;0.25;368.01;18.32;1381;55;3874.00;298
9578;34;5958160;9578;672;10959;11257;4.08;0.25;368.01;18.32;1381;55;3875.00;298
9581;34;5958173;9581;669;10959;11257;4.00;0.24;367.97;18.32;1378;55;3876.00;298
9582;34;5958188;9582;673;10959;11257;3.97;0.24;367.93;18.32;1377;55;3877.00;298
9582;34;5958201;9582;672;10959;11258;3.94;0.24;367.93;18.32;1377;55;3878.00;299
9584;34;5958214;9584;677;10960;11259;3.91;0.24;367.90;18.32;1376;55;3879.00;299
9585;34;5958228;9585;685;10960;11259;3.90;0.24;367.96;18.32;1375;55;3880.00;299
9588;34;5958242;9588;683;10961;11260;3.86;0.24;368.03;18.32;1373;55;3881.00;299
9589;34;5958256;9589;677;10961;11260;3.83;0.23;368.08;18.32;1372;55;3882.00;299
9591;34;5958269;9591;686;10961;11260;3.80;0.23;368.12;18.32;1370;55;3883.00;299
9594;34;5958283;9594;680;10961;11260;3.76;0.23;368.09;18.32;1367;55;3884.00;299
9594;34;5958296;9594;674;10961;11260;3.81;0.23;368.09;18.32;1367;55;3885.00;299
9596;34;5958310;9596;660;10961;11260;3.88;0.24;368.05;18.32;1365;55;3886.00;299
9599;34;5958323;9599;660;10961;11260;3.90;0.24;368.14;18.32;1362;55;3887.00;299
9601;34;5958337;9601;681;11032;11387;4.12;0.26;368.13;18.20;1431;55;3888.00;355
9604;34;5958359;9604;645;11032;11388;4.19;0.26;368.14;18.20;1428;55;3889.00;356
9609;34;5958374;9609;611;11039;11388;4.30;0.27;368.27;18.19;1430;55;3890.00;349
9612;34;5958389;9612;595;11040;11388;4.39;0.27;368.37;18.19;1428;55;3891.00;348
9616;34;5958405;9616;572;11045;11388;4.48;0.28;368.46;18.18;1429;55;3892.00;343
9619;34;5958420;9619;571;11047;11388;4.59;0.28;368.44;18.27;1428;55;3893.00;341
9622;34;5958434;9622;558;11050;11388;4.70;0.29;368.44;18.27;1428;55;3894.00;338
9622;34;5958449;9622;555;11052;11388;4.81;0.30;368.44;18.26;1430;55;3895.00;336
9625;34;5958469;9625;552;11053;11389;4.89;0.30;368.40;18.26;1428;55;3896.00;336
9627;34;5958484;9627;539;11057;11390;4.92;0.30;368.45;18.26;1430;55;3897.00;333
9631;34;5958498;9631;538;11058;11390;4.94;0.30;368.41;18.26;1427;55;3898.00;332
9631;34;5958513;9631;538;11060;11391;5.00;0.31;368.41;18.26;1429;55;3899.00;331
9634;34;5958531;9634;538;11069;11406;5.02;0.31;368.36;18.41;1435;55;3900.00;337
9635;34;5958555;9635;527;11071;11406;5.04;0.31;368.34;18.40;1436;55;3901.00;335
9637;34;5958570;9637;528;11076;11406;5.08;0.31;368.29;18.40;1439;55;3902.00;330
9640;35;5958585;9640;526;11079;11410;5.06;0.31;368.23;18.40;1439;56;3903.00;331
9641;35;5958612;9641;518;11084;11410;5.10;0.31;368.26;18.40;1443;56;3904.00;326
9644;35;5958629;9644;519;11086;11410;5.13;0.31;368.25;18.40;1442;56;3905.00;324
9647;35;5958649;9647;519;11092;11413;5.13;0.31;368.20;18.49;1445;56;3906.00;321
9647;35;5958665;9647;517;11094;11413;5.18;0.32;368.20;18.48;1447;56;3907.00;319
9648;35;5958680;9648;512;11095;11413;5.21;0.32;368.20;18.48;1447;56;3908.00;318
9652;35;5958696;9652;509;11098;11417;5.19;0.32;368.24;18.48;1446;56;3909.00;319
9653;35;5958712;9653;514;11100;11418;5.22;0.32;368.25;18.48;1447;56;3910.00;318
9653;35;5958728;9653;517;11103;11418;5.21;0.32;368.25;18.47;1450;56;3911.00;315
9657;35;5958747;9657;514;11107;11422;5.17;0.31;368.60;18.47;1450;56;3912.00;315
9662;35;5958763;9662;513;11107;11422;5.14;0.31;368.71;18.47;1445;56;3913.00;315
9664;35;5958778;9664;517;11107;11422;5.11;0.31;368.70;18.47;1443;56;3914.00;315
9665;35;5958793;9665;525;11109;11424;5.10;0.31;368.69;18.46;1444;56;3915.00;315
9666;35;5958809;9666;530;11109;11424;5.12;0.31;368.69;18.46;1443;56;3916.00;315
9668;35;5958825;9668;530;11114;11430;5.15;0.31;368.64;18.46;1446;56;3917.00;316
9668;35;5958841;9668;535;11115;11430;5.15;0.31;368.64;18.46;1447;56;3918.00;315
9670;35;5958861;9670;535;11115;11431;5.11;0.31;368.79;18.46;1445;56;3919.00;316
9672;35;5958877;9672;536;11115;11431;5.08;0.31;368.82;18.46;1443;56;3920.00;316
9673;35;5958892;9673;541;11115;11431;5.05;0.31;368.80;18.46;1442;56;3921.00;316
9676;35;5958908;9676;542;11115;11431;5.02;0.31;368.96;18.46;1439;56;3922.00;316
9678;35;5958923;9678;549;11117;11431;4.97;0.30;369.05;18.46;1439;56;3923.00;314
9682;35;5958939;9682;558;11125;11443;4.98;0.30;369.06;18.44;1443;56;3924.00;318
9684;35;5958955;9684;561;11125;11443;4.96;0.30;369.15;18.44;1441;56;3925.00;318
9686;35;5958969;9686;566;11129;11443;4.99;0.30;369.12;18.44;1443;56;3926.00;314
9689;35;5958984;9689;567;11129;11443;4.91;0.30;369.15;18.44;1440;56;3927.00;314
9692;35;5958999;9692;580;11132;11443;4.88;0.30;369.21;18.52;1440;56;3928.00;311
9692;35;5959014;9692;584;11132;11443;4.88;0.30;369.21;18.52;1440;56;3929.00;311
9694;35;5959030;9694;583;11138;11447;4.85;0.30;369.23;18.76;1444;56;3930.00;309
9694;35;5959046;9694;586;11139;11447;4.89;0.30;369.23;18.84;1445;56;3931.00;308
9695;35;5959061;9695;600;11143;11451;4.91;0.30;369.27;18.83;1448;56;3932.00;308
9699;35;5959076;9699;599;11145;11452;4.88;0.30;369.31;18.91;1446;56;3933.00;307
9703;35;5959090;9703;608;11146;11452;4.84;0.29;369.39;18.99;1443;56;3934.00;306
9704;35;5959105;9704;609;11146;11452;4.82;0.29;369.40;18.99;1442;56;3935.00;306
9706;35;5959120;9706;604;11158;11465;4.80;0.29;369.52;19.05;1452;56;3936.00;307
9708;35;5959156;9708;613;11158;11465;4.75;0.29;369.63;19.05;1450;56;3937.00;307
9712;35;5959174;9712;619;11160;11465;4.73;0.29;369.69;19.21;1448;56;3938.00;305
9714;35;5959188;9714;621;11161;11466;4.74;0.29;369.73;19.21;1447;56;3939.00;305
9716;35;5959208;9716;623;11162;11467;4.71;0.29;369.75;19.28;1446;56;3940.00;305
9717;35;5959223;9717;627;11163;11467;4.67;0.28;369.86;19.36;1446;56;3941.00;304
9720;35;5959237;9720;631;11165;11470;4.63;0.28;369.89;19.36;1445;56;3942.00;305
9724;35;5959253;9724;644;11168;11470;4.59;0.28;370.02;19.59;1444;56;3943.00;302
9728;35;5959267;9728;641;11169;11470;4.61;0.28;369.98;19.59;1441;56;3944.00;301
9731;35;5959281;9731;643;11169;11470;4.61;0.28;370.04;19.59;1438;56;3945.00;301
9735;35;5959296;9735;637;11174;11476;4.64;0.28;370.17;19.58;1439;56;3946.00;302
9739;35;5959312;9739;641;11175;11476;4.59;0.28;370.16;19.66;1436;57;3947.00;301
9741;35;5959331;9741;642;11176;11476;4.54;0.28;370.15;19.74;1435;57;3948.00;300
9743;35;5959347;9743;638;11179;11476;4.52;0.28;370.31;19.97;1436;57;3949.00;297
9744;35;5959361;9744;639;11182;11480;4.51;0.28;370.40;19.96;1438;57;3950.00;298
9746;35;5959376;9746;636;11185;11481;4.49;0.27;370.46;20.11;1439;57;3951.00;296
9748;35;5959390;9748;640;11185;11481;4.46;0.27;370.57;20.11;1437;57;3952.00;296
9750;35;5959404;9750;645;11186;11482;4.44;0.27;370.81;20.11;1436;57;3953.00;296
9751;35;5959419;9751;651;11187;11482;4.44;0.27;370.81;20.18;1436;57;3954.00;295
9754;35;5959434;9754;655;11188;11482;4.40;0.27;370.90;20.26;1434;57;3955.00;294
9758;35;5959448;9758;655;11188;11482;4.37;0.27;370.98;20.26;1430;57;3956.00;294
9762;35;5959462;9762;666;11189;11482;4.32;0.26;371.08;20.33;1427;57;3957.00;293
9763;35;5959476;9763;666;11189;11482;4.34;0.27;371.06;20.33;1426;57;3958.00;293
9767;35;5959494;9767;676;11190;11482;4.27;0.26;371.20;20.41;1423;57;3959.00;292
9773;35;5959510;9773;689;11250;11607;4.42;0.27;371.16;20.38;1477;57;3960.00;357
9777;35;5959535;9777;677;11257;11608;4.41;0.27;371.23;20.36;1480;57;3961.00;351
9780;35;5959550;9780;673;11265;11608;4.41;0.27;371.35;20.35;1485;57;3962.00;343
9783;35;5959564;9783;672;11267;11608;4.42;0.27;371.26;20.35;1484;57;3963.00;341
9787;35;5959580;9787;676;11271;11608;4.39;0.27;371.29;20.34;1484;57;3964.00;337
9794;35;5959600;9794;678;11275;11608;4.37;0.27;371.28;20.34;1481;57;3965.00;333
9796;35;5959615;9796;675;11280;11608;4.36;0.27;371.32;20.33;1484;57;3966.00;328
9799;35;5959630;9799;674;11282;11608;4.34;0.27;371.30;20.33;1483;57;3967.00;326
9800;35;5959645;9800;667;11283;11609;4.36;0.27;371.30;20.33;1483;57;3968.00;326
9803;35;5959660;9803;668;11284;11610;4.33;0.26;371.24;20.33;1481;57;3969.00;326
9807;35;5959675;9807;676;11285;11610;4.31;0.26;371.32;20.32;1478;57;3970.00;325
9808;35;5959690;9808;667;11288;11614;4.34;0.27;371.38;20.32;1480;57;3971.00;326
9812;35;5959705;9812;660;11289;11614;4.33;0.26;371.42;20.32;1477;57;3972.00;325
9816;35;5959720;9816;652;11290;11614;4.34;0.27;371.46;20.32;1474;57;3973.00;324
9819;35;5959736;9819;663;11291;11614;4.34;0.26;371.61;20.32;1472;57;3974.00;323
9823;35;5959751;9823;664;11295;11620;4.29;0.26;371.61;20.31;1472;57;3975.00;325
9829;35;5959766;9829;661;11296;11620;4.24;0.26;371.80;20.31;1467;57;3976.00;324
9832;35;5959780;9832;665;11296;11620;4.18;0.25;371.97;20.31;1464;57;3977.00;324
9833;35;5959796;9833;659;11297;11623;4.12;0.25;371.97;20.31;1464;57;3978.00;326
9838;35;5959811;9838;658;11297;11623;4.04;0.25;372.14;20.31;1459;57;3979.00;326
9841;35;5959826;9841;647;11297;11623;3.99;0.24;372.23;20.31;1456;57;3980.00;326
9842;35;5959841;9842;652;11298;11624;3.98;0.24;372.24;20.31;1456;57;3981.00;326
9847;35;5959855;9847;654;11299;11625;3.95;0.24;372.32;20.31;1452;57;3982.00;326
9851;35;5959871;9851;646;11299;11625;3.92;0.24;372.53;20.31;1448;57;3983.00;326
9854;35;5959885;9854;654;11308;11638;3.92;0.24;372.49;20.29;1454;57;3984.00;330
9860;35;5959902;9860;657;11310;11638;3.87;0.24;372.59;20.29;1450;57;3985.00;328
9862;35;5959923;9862;662;11311;11638;3.84;0.23;372.57;20.29;1449;57;3986.00;327
9865;35;5959937;9865;669;11311;11639;3.77;0.23;372.69;20.29;1446;57;3987.00;328
9871;35;5959952;9871;667;11311;11639;3.70;0.23;372.78;20.29;1440;57;3988.00;328
9873;35;5959966;9873;671;11315;11643;3.68;0.22;372.83;20.38;1442;57;3989.00;328
9877;35;5959984;9877;676;11315;11643;3.69;0.23;372.80;20.38;1438;57;3990.00;328
9880;35;5959998;9880;680;11318;11647;3.71;0.23;372.95;20.38;1438;57;3991.00;329
9882;35;5960014;9882;678;11318;11647;3.67;0.22;373.02;20.38;1436;57;3992.00;329
9886;35;5960029;9886;675;11318;11647;3.65;0.22;373.05;20.38;1432;57;3993.00;329
9891;35;5960043;9891;678;11319;11647;3.63;0.22;373.08;20.38;1428;57;3994.00;328
9895;35;5960058;9895;684;11319;11647;3.63;0.22;373.14;20.38;1424;57;3995.00;328
9898;35;5960072;9898;683;11327;11659;3.70;0.23;373.20;20.36;1429;57;3996.00;332
9903;35;5960087;9903;684;11327;11659;3.71;0.23;373.22;20.36;1424;57;3997.00;332
9906;35;5960102;9906;692;11329;11659;3.70;0.23;373.25;20.36;1423;57;3998.00;330
9909;35;5960117;9909;696;11329;11659;3.70;0.23;373.19;20.36;1420;57;3999.00;330
9911;35;5960132;9911;695;11330;11659;3.68;0.22;373.28;20.36;1419;57;4000.00;329
9914;35;5960150;9914;698;11331;11659;3.64;0.22;373.30;20.37;1417;57;4001.00;328
9918;35;5960164;9918;700;11332;11660;3.59;0.22;373.31;20.37;1414;57;4002.00;328
9919;35;5960178;9919;708;11333;11660;3.55;0.22;373.39;20.37;1414;57;4003.00;327
9922;35;5960192;9922;720;11338;11666;3.52;0.21;373.39;20.36;1416;57;4004.00;328
9924;35;5960206;9924;726;11339;11668;3.49;0.21;373.39;20.36;1415;57;4005.00;329
9925;35;5960220;9925;740;11340;11668;3.47;0.21;373.43;20.36;1415;57;4006.00;328
9926;35;5960233;9926;735;11340;11668;3.46;0.21;373.41;20.36;1414;57;4007.00;328
9931;35;5960248;9931;729;11344;11672;3.43;0.21;373.55;20.36;1413;57;4008.00;328
9935;35;5960263;9935;733;11344;11672;3.37;0.20;373.56;20.36;1409;57;4009.00;328
9938;35;5960277;9938;720;11344;11672;3.31;0.20;373.48;20.36;1406;57;4010.00;328
9941;35;5960291;9941;724;11347;11673;3.33;0.20;373.54;20.36;1406;57;4011.00;326
9943;35;5960306;9943;724;11350;11677;3.33;0.20;373.55;20.35;1407;57;4012.00;327
9945;35;5960320;9945;731;11351;11677;3.35;0.20;373.60;20.35;1406;57;4013.00;326
9947;35;5960335;9947;734;11353;11680;3.37;0.21;373.53;20.35;1406;57;4014.00;327
9951;35;5960349;9951;737;11354;11680;3.37;0.20;373.51;20.35;1403;57;4015.00;326
9954;35;5960369;9954;729;11355;11680;3.40;0.21;373.49;20.35;1401;57;4016.00;325
9956;35;5960384;9956;710;11355;11680;3.42;0.21;373.51;20.35;1399;57;4017.00;325
9957;35;5960404;9957;702;11358;11684;3.46;0.21;373.53;20.34;1401;57;4018.00;326
9958;35;5960419;9958;686;11359;11684;3.50;0.21;373.54;20.34;1401;57;4019.00;325
9959;35;5960435;9959;676;11360;11684;3.54;0.21;373.51;20.34;1401;57;4020.00;324
9960;35;5960451;9960;679;11361;11684;3.58;0.22;373.48;20.34;1401;57;4021.00;323
9961;35;5960471;9961;678;11361;11685;3.61;0.22;373.45;20.34;1400;57;4022.00;324
9963;35;5960485;9963;676;11362;11686;3.62;0.22;373.40;20.34;1399;57;4023.00;324
9964;35;5960499;9964;673;11363;11686;3.64;0.22;373.38;20.34;1399;57;4024.00;323
9964;35;5960513;9964;675;11364;11687;3.68;0.22;373.38;20.34;1400;57;4025.00;323
9964;35;5960528;9964;672;11364;11687;3.73;0.23;373.38;20.34;1400;57;4026.00;323
9965;35;5960542;9965;682;11364;11687;3.74;0.23;373.35;20.34;1399;57;4027.00;323
9965;35;5960557;9965;690;11364;11687;3.76;0.23;373.35;20.34;1399;57;4028.00;323
9966;35;5960570;9966;689;11364;11687;3.80;0.23;373.34;20.34;1398;57;4029.00;323
9968;35;5960585;9968;684;11364;11687;3.81;0.23;373.35;20.34;1396;57;4030.00;323
9968;35;5960600;9968;683;11364;11687;3.85;0.23;373.35;20.34;1396;57;4031.00;323
9970;35;5960613;9970;706;11432;11814;4.07;0.25;373.35;20.22;1462;57;4032.00;382
9972;35;5960640;9972;701;11432;11815;4.07;0.25;373.47;20.22;1460;57;4033.00;383
9972;35;5960654;9972;694;11439;11815;4.13;0.25;373.47;20.20;1467;57;4034.00;376
9973;35;5960669;9973;686;11442;11815;4.15;0.26;373.54;20.20;1469;57;4035.00;373
9973;35;5960683;9973;676;11448;11815;4.17;0.26;373.54;20.19;1475;57;4036.00;367
9975;35;5960697;9975;669;11453;11815;4.16;0.26;373.49;20.18;1478;57;4037.00;362
9976;35;5960712;9976;670;11456;11815;4.16;0.26;373.50;20.18;1480;57;4038.00;359
9978;35;5960728;9978;660;11459;11815;4.16;0.25;373.56;20.18;1481;57;4039.00;356
9979;35;5960743;9979;676;11461;11816;4.19;0.26;373.55;20.18;1482;57;4040.00;355
9980;35;5960759;9980;670;11464;11817;4.23;0.26;373.56;20.17;1484;57;4041.00;353
9980;35;5960775;9980;670;11467;11817;4.25;0.26;373.56;20.17;1487;57;4042.00;350
9982;35;5960795;9982;675;11469;11818;4.22;0.26;373.56;20.17;1487;57;4043.00;349
9982;35;5960811;9982;672;11471;11818;4.24;0.26;373.56;20.17;1489;57;4044.00;347
9982;35;5960827;9982;675;11472;11818;4.24;0.26;373.56;20.17;1490;57;4045.00;346
9983;35;5960843;9983;668;11475;11818;4.25;0.26;373.57;20.16;1492;57;4046.00;343
9983;35;5960859;9983;665;11478;11822;4.27;0.26;373.57;20.16;1495;57;4047.00;344
9984;35;5960880;9984;662;11479;11822;4.26;0.26;373.60;20.16;1495;57;4048.00;343
9986;35;5960896;9986;655;11481;11822;4.23;0.26;373.68;20.16;1495;57;4049.00;341
9986;35;5960914;9986;645;11485;11828;4.26;0.26;373.68;20.15;1499;57;4050.00;343
9988;35;5960937;9988;646;11486;11828;4.26;0.26;373.68;20.15;1498;57;4051.00;342
9989;35;5960952;9989;638;11488;11828;4.26;0.26;373.68;20.15;1499;57;4052.00;340
9990;35;5960969;9990;636;11491;11832;4.29;0.26;373.65;20.14;1501;57;4053.00;341
9991;35;5960984;9991;633;11494;11833;4.37;0.27;373.65;20.14;1503;57;4054.00;339
9992;35;5961001;9992;616;11494;11833;4.41;0.27;373.64;20.14;1502;57;4055.00;339
9993;35;5961017;9993;608;11497;11837;4.46;0.27;373.67;20.14;1504;57;4056.00;340
9996;35;5961032;9996;598;11498;11837;4.49;0.27;373.64;20.14;1502;57;4057.00;339
9998;35;5961049;9998;585;11498;11837;4.49;0.27;373.67;20.14;1500;57;4058.00;339
10002;35;5961064;10002;586;11500;11838;4.46;0.27;373.74;20.23;1498;57;4059.00;338
10003;35;5961081;10003;580;11500;11838;4.45;0.27;373.72;20.23;1497;57;4060.00;338
10007;35;5961097;10007;575;11504;11844;4.45;0.27;373.83;20.23;1497;57;4061.00;340
10009;35;5961113;10009;569;11504;11844;4.43;0.27;373.78;20.23;1495;57;4062.00;340
10011;35;5961129;10011;579;11504;11845;4.39;0.27;373.85;20.23;1493;57;4063.00;341
10015;35;5961145;10015;579;11505;11845;4.41;0.27;373.88;20.31;1490;57;4064.00;340
10019;35;5961165;10019;577;11505;11845;4.41;0.27;373.87;20.31;1486;57;4065.00;340
10023;35;5961181;10023;571;11506;11845;4.41;0.27;373.91;20.39;1483;57;4066.00;339
10026;35;5961197;10026;559;11506;11845;4.43;0.27;373.98;20.39;1480;57;4067.00;339
10030;35;5961213;10030;565;11516;11857;4.47;0.27;374.01;20.37;1486;57;4068.00;341
10033;35;5961231;10033;559;11517;11857;4.49;0.27;374.12;20.37;1484;57;4069.00;340
10034;35;5961247;10034;561;11517;11857;4.51;0.27;374.15;20.37;1483;57;4070.00;340
10036;35;5961263;10036;562;11517;11857;4.51;0.27;374.14;20.37;1481;57;4071.00;340
10037;35;5961284;10037;563;11517;11857;4.54;0.27;374.14;20.37;1480;57;4072.00;340
10038;35;5961300;10038;564;11517;11857;4.56;0.28;374.18;20.37;1479;57;4073.00;340
10039;35;5961316;10039;571;11521;11861;4.56;0.28;374.17;20.45;1482;57;4074.00;340
10041;35;5961333;10041;580;11522;11861;4.54;0.27;374.26;20.45;1481;57;4075.00;339
10043;35;5961354;10043;584;11525;11865;4.62;0.28;374.26;20.44;1482;57;4076.00;340
10046;35;5961370;10046;587;11526;11866;4.63;0.28;374.24;20.44;1480;57;4077.00;340
10046;35;5961392;10046;599;11528;11866;4.63;0.28;374.24;20.45;1482;57;4078.00;338
10047;35;5961407;10047;590;11528;11866;4.61;0.28;374.24;20.45;1481;57;4079.00;338
10048;35;5961426;10048;592;11550;11895;4.65;0.28;374.23;20.41;1502;57;4080.00;345
10049;35;5961445;10049;588;11552;11895;4.68;0.28;374.20;20.40;1503;57;4081.00;343
10051;35;5961461;10051;594;11554;11895;4.70;0.29;374.26;20.40;1503;57;4082.00;341
10052;35;5961478;10052;602;11556;11896;4.75;0.29;374.25;20.40;1504;57;4083.00;340
10054;35;5961494;10054;595;11556;11897;4.76;0.29;374.41;20.40;1502;57;4084.00;341
10054;35;5961511;10054;594;11556;11897;4.74;0.29;374.41;20.40;1502;57;4085.00;341
10058;35;5961526;10058;600;11559;11900;4.74;0.29;374.44;20.48;1501;57;4086.00;341
10059;35;5961543;10059;600;11559;11900;4.76;0.29;374.43;20.48;1500;57;4087.00;341
10063;35;5961559;10063;607;11560;11900;4.75;0.29;374.42;20.48;1497;57;4088.00;340
10067;35;5961575;10067;610;11561;11900;4.75;0.29;374.39;20.56;1494;57;4089.00;339
10069;35;5961590;10069;605;11566;11906;4.76;0.29;374.35;20.55;1497;57;4090.00;340
10070;35;5961607;10070;614;11566;11906;4.73;0.29;374.34;20.55;1496;57;4091.00;340
10073;35;5961622;10073;620;11567;11906;4.69;0.29;374.44;20.63;1494;57;4092.00;339
10076;35;5961638;10076;614;11567;11906;4.66;0.28;374.43;20.63;1491;58;4093.00;339
10077;35;5961662;10077;617;11570;11910;4.63;0.28;374.44;20.62;1493;58;4094.00;340
10079;35;5961679;10079;620;11572;11912;4.60;0.28;374.39;20.62;1493;58;4095.00;340
10083;35;5961694;10083;620;11573;11912;4.54;0.28;374.34;20.70;1490;58;4096.00;339
10084;35;5961711;10084;631;11574;11913;4.54;0.28;374.37;20.70;1490;58;4097.00;339
10087;35;5961726;10087;636;11575;11913;4.49;0.27;374.41;20.78;1488;58;4098.00;338
10087;35;5961741;10087;642;11575;11913;4.50;0.28;374.41;20.78;1488;58;4099.00;338
10090;35;5961756;10090;641;11575;11913;4.48;0.27;374.57;20.78;1485;58;4100.00;338
10094;35;5961776;10094;636;11576;11913;4.44;0.27;374.70;20.86;1482;58;4101.00;337
10097;35;5961792;10097;643;11576;11913;4.41;0.27;374.86;20.86;1479;58;4102.00;337
10098;35;5961807;10098;638;11576;11913;4.45;0.27;374.88;20.86;1478;58;4103.00;337
10103;35;5961822;10103;643;11611;11983;4.52;0.28;374.94;20.88;1508;58;4104.00;372
10104;35;5961844;10104;636;11611;11984;4.49;0.28;374.96;20.88;1507;58;4105.00;373
10108;35;5961859;10108;639;11617;11984;4.49;0.28;375.01;20.87;1509;58;4106.00;367
10111;35;5961879;10111;639;11621;11984;4.44;0.27;375.16;20.95;1510;58;4107.00;363
10114;35;5961894;10114;640;11625;11984;4.42;0.27;375.14;20.94;1511;58;4108.00;359
10117;35;5961909;10117;635;11628;11984;4.39;0.27;375.19;21.10;1511;58;4109.00;356
10120;35;5961925;10120;631;11630;11984;4.38;0.27;375.28;21.10;1510;58;4110.00;354
10121;35;5961941;10121;631;11633;11984;4.41;0.27;375.28;21.17;1512;58;4111.00;351
10124;35;5961961;10124;629;11635;11985;4.41;0.27;375.40;21.25;1511;58;4112.00;350
10130;35;5961977;10130;624;11638;11986;4.41;0.27;375.55;21.25;1508;58;4113.00;348
10133;35;5961994;10133;621;11642;11986;4.41;0.27;375.54;21.24;1509;58;4114.00;344
10136;35;5962009;10136;626;11648;11990;4.39;0.27;375.57;21.40;1512;58;4115.00;342
10141;35;5962025;10141;626;11650;11990;4.35;0.26;375.55;21.40;1509;58;4116.00;340
10144;35;5962042;10144;630;11651;11990;4.31;0.26;375.61;21.39;1507;58;4117.00;339
10149;35;5962056;10149;638;11653;11990;4.24;0.26;375.69;21.55;1504;58;4118.00;337
10151;35;5962071;10151;635;11658;11996;4.27;0.26;375.66;21.54;1507;59;4119.00;338
10153;35;5962094;10153;635;11659;11996;4.25;0.26;375.68;21.62;1506;59;4120.00;337
10156;35;5962110;10156;638;11659;11996;4.22;0.26;375.72;21.62;1503;59;4121.00;337
10158;35;5962124;10158;647;11663;11999;4.17;0.25;375.69;21.70;1505;59;4122.00;336
10162;35;5962140;10162;646;11663;11999;4.08;0.25;375.83;21.70;1501;59;4123.00;336
10167;35;5962155;10167;652;11663;11999;3.94;0.24;375.94;21.70;1496;59;4124.00;336
10168;35;5962172;10168;647;11664;12000;3.88;0.24;375.95;21.77;1496;59;4125.00;336
10169;35;5962187;10169;638;11665;12001;3.82;0.23;376.03;21.77;1496;59;4126.00;336
10173;35;5962201;10173;636;11666;12001;3.75;0.23;376.11;21.85;1493;59;4127.00;335
10179;35;5962216;10179;640;11676;12014;3.75;0.23;376.25;21.83;1497;59;4128.00;338
10182;35;5962231;10182;635;11677;12014;3.78;0.23;376.29;21.83;1495;59;4129.00;337
10187;35;5962246;10187;639;11677;12014;3.76;0.23;376.33;21.83;1490;59;4130.00;337
10191;35;5962261;10191;646;11678;12015;3.74;0.23;376.42;21.83;1487;59;4131.00;337
10192;35;5962276;10192;644;11679;12015;3.78;0.23;376.52;21.83;1487;59;4132.00;336
10197;35;5962290;10197;640;11682;12019;3.80;0.23;376.63;21.82;1485;59;4133.00;337
10198;35;5962305;10198;644;11683;12019;3.84;0.23;376.60;21.82;1485;59;4134.00;336
10202;35;5962320;10202;642;11685;12023;3.84;0.23;376.75;21.82;1483;59;4135.00;338
10206;35;5962336;10206;636;11686;12023;3.79;0.23;376.83;21.82;1480;59;4136.00;337
10208;35;5962351;10208;636;11686;12023;3.76;0.23;376.96;21.82;1478;59;4137.00;337
10211;35;5962365;10211;638;11686;12023;3.74;0.23;377.11;21.82;1475;59;4138.00;337
10215;35;5962380;10215;640;11687;12023;3.76;0.23;377.13;21.82;1472;59;4139.00;336
10220;35;5962395;10220;648;11713;12057;3.86;0.24;377.33;21.77;1493;59;4140.00;344
10224;35;5962413;10224;656;11714;12057;3.85;0.24;377.29;21.77;1490;59;4141.00;343
10228;35;5962430;10228;654;11715;12057;3.78;0.23;377.34;21.77;1487;59;4142.00;342
10234;35;5962444;10234;661;11715;12057;3.70;0.23;377.43;21.77;1481;59;4143.00;342
10239;35;5962459;10239;657;11716;12057;3.67;0.23;377.55;21.77;1477;59;4144.00;341
10241;35;5962474;10241;657;11716;12057;3.65;0.23;377.55;21.77;1475;59;4145.00;341
10244;35;5962488;10244;669;11716;12058;3.63;0.22;377.62;21.77;1472;59;4146.00;342
10249;35;5962503;10249;670;11716;12058;3.58;0.22;377.63;21.77;1467;59;4147.00;342
10253;35;5962518;10253;669;11720;12064;3.57;0.22;377.60;21.76;1467;59;4148.00;344
10258;35;5962533;10258;675;11721;12065;3.55;0.22;377.70;21.76;1463;59;4149.00;344
10261;35;5962548;10261;674;11721;12065;3.51;0.22;377.70;21.76;1460;59;4150.00;344
10265;35;5962562;10265;676;11721;12065;3.47;0.22;377.88;21.76;1456;59;4151.00;344
10268;35;5962576;10268;678;11724;12069;3.43;0.21;377.88;21.75;1456;59;4152.00;345
10272;35;5962590;10272;685;11724;12069;3.40;0.21;377.92;21.75;1452;59;4153.00;345
10277;35;5962604;10277;688;11724;12069;3.34;0.21;377.98;21.75;1447;59;4154.00;345
10283;35;5962619;10283;689;11725;12070;3.32;0.21;378.03;21.75;1442;59;4155.00;345
10284;35;5962634;10284;696;11729;12074;3.33;0.21;377.99;21.75;1445;59;4156.00;345
10291;35;5962648;10291;696;11729;12074;3.27;0.20;377.91;21.75;1438;59;4157.00;345
10296;35;5962662;10296;698;11730;12077;3.24;0.20;378.00;21.75;1434;59;4158.00;347
10300;35;5962675;10300;703;11730;12077;3.20;0.20;377.97;21.75;1430;59;4159.00;347
10303;35;5962689;10303;709;11730;12077;3.14;0.19;377.96;21.75;1427;59;4160.00;347
10306;35;5962703;10306;706;11730;12077;3.13;0.19;377.97;21.75;1424;59;4161.00;347
10307;35;5962717;10307;719;11733;12081;3.18;0.20;377.99;21.74;1426;59;4162.00;348
10312;35;5962731;10312;728;11735;12081;3.18;0.20;377.97;21.74;1423;59;4163.00;346
10316;35;5962745;10316;723;11735;12081;3.17;0.19;378.10;21.74;1419;59;4164.00;346
10320;35;5962758;10320;734;11735;12081;3.14;0.19;378.13;21.74;1415;59;4165.00;346
10323;35;5962772;10323;735;11736;12082;3.11;0.19;378.12;21.74;1413;59;4166.00;346
10327;35;5962786;10327;739;11737;12083;3.09;0.19;378.10;21.74;1410;59;4167.00;346
10329;35;5962800;10329;738;11737;12083;3.01;0.19;378.09;21.74;1408;59;4168.00;346
10330;35;5962813;10330;736;11739;12084;2.99;0.18;378.07;21.73;1409;59;4169.00;345
10331;35;5962827;10331;744;11740;12084;2.97;0.18;378.12;21.73;1409;59;4170.00;344
10335;35;5962841;10335;754;11740;12084;2.94;0.18;378.04;21.73;1405;59;4171.00;344
10337;35;5962854;10337;747;11740;12084;2.89;0.18;378.18;21.73;1403;59;4172.00;344
10340;35;5962867;10340;747;11742;12086;2.86;0.18;378.11;21.73;1402;59;4173.00;344
10340;35;5962880;10340;748;11742;12086;2.85;0.17;378.11;21.73;1402;59;4174.00;344
10341;35;5962894;10341;752;11742;12086;2.86;0.17;378.07;21.73;1401;59;4175.00;344
10344;35;5962908;10344;767;11810;12213;3.18;0.20;378.05;21.60;1466;59;4176.00;403
10344;35;5962931;10344;761;11813;12214;3.20;0.20;378.05;21.60;1469;59;4177.00;401
10346;35;5962944;10346;760;11819;12214;3.25;0.20;378.09;21.59;1473;59;4178.00;395
10346;35;5962957;10346;761;11821;12214;3.29;0.20;378.09;21.59;1475;59;4179.00;393
10347;35;5962972;10347;758;11828;12214;3.35;0.21;378.14;21.58;1481;59;4180.00;386
10349;35;5962986;10349;741;11830;12214;3.41;0.21;378.09;21.57;1481;59;4181.00;384
10350;35;5963000;10350;729;11835;12214;3.48;0.22;378.08;21.57;1485;59;4182.00;379
10350;35;5963013;10350;715;11836;12214;3.56;0.22;378.08;21.56;1486;59;4183.00;378
10352;35;5963030;10352;705;11838;12215;3.64;0.22;378.08;21.56;1486;59;4184.00;377
10353;35;5963045;10353;697;11840;12217;3.71;0.23;378.11;21.56;1487;59;4185.00;377
10353;35;5963061;10353;689;11843;12217;3.78;0.23;378.11;21.56;1490;59;4186.00;374
10354;35;5963077;10354;685;11845;12218;3.85;0.24;378.22;21.56;1491;59;4187.00;373
10355;35;5963092;10355;682;11848;12218;3.93;0.24;378.27;21.55;1493;59;4188.00;370
10356;35;5963109;10356;683;11849;12218;3.95;0.24;378.25;21.55;1493;59;4189.00;369
10357;35;5963129;10357;683;11851;12218;3.98;0.24;378.24;21.55;1494;59;4190.00;367
10357;35;5963145;10357;686;11854;12222;4.01;0.25;378.24;21.55;1497;59;4191.00;368
10358;35;5963165;10358;675;11857;12222;4.07;0.25;378.26;21.55;1499;59;4192.00;365
10359;35;5963182;10359;672;11859;12222;4.11;0.25;378.25;21.54;1500;59;4193.00;363
10360;35;5963197;10360;678;11861;12225;4.16;0.25;378.27;21.54;1501;59;4194.00;364
10362;35;5963213;10362;684;11862;12225;4.21;0.26;378.34;21.54;1500;59;4195.00;363
10362;35;5963229;10362;683;11864;12225;4.24;0.26;378.34;21.65;1502;59;4196.00;361
10363;35;5963247;10363;682;11867;12229;4.24;0.26;378.33;21.64;1504;59;4197.00;362
10365;35;5963264;10365;684;11869;12230;4.24;0.26;378.36;21.64;1504;59;4198.00;361
10368;35;5963285;10368;696;11869;12230;4.22;0.26;378.31;21.64;1501;59;4199.00;361
10371;35;5963304;10371;694;11881;12264;4.22;0.26;378.28;21.62;1510;59;4200.00;383
10372;35;5963326;10372;680;11881;12264;4.26;0.26;378.30;21.62;1509;59;4201.00;383
10372;35;5963343;10372;682;11883;12264;4.29;0.26;378.30;21.62;1511;61;4202.00;381
10373;35;5963376;10373;679;11883;12265;4.31;0.26;378.28;21.62;1510;61;4203.00;382
10375;35;5963392;10375;677;11885;12265;4.32;0.26;378.35;21.62;1510;61;4204.00;380
10376;35;5963408;10376;669;11890;12271;4.38;0.27;378.43;21.61;1514;61;4205.00;381
10376;35;5963425;10376;673;11893;12271;4.41;0.27;378.43;21.61;1517;61;4206.00;378
10376;35;5963441;10376;673;11895;12272;4.42;0.27;378.43;21.61;1519;61;4207.00;377
10377;35;5963459;10377;672;11895;12272;4.44;0.27;378.54;21.61;1518;61;4208.00;377
10381;35;5963474;10381;671;11895;12272;4.41;0.27;378.62;21.61;1514;61;4209.00;377
10384;35;5963490;10384;677;11895;12272;4.40;0.27;378.72;21.61;1511;61;4210.00;377
10385;35;5963505;10385;673;11897;12272;4.39;0.27;378.71;21.60;1512;61;4211.00;375
10389;35;5963522;10389;673;11908;12284;4.40;0.27;378.80;21.59;1519;61;4212.00;376
10392;35;5963539;10392;665;11908;12284;4.38;0.26;378.89;21.59;1516;61;4213.00;376
10393;35;5963555;10393;671;11908;12284;4.35;0.26;378.98;21.59;1515;61;4214.00;376
10393;35;5963571;10393;661;11908;12284;4.36;0.26;378.98;21.59;1515;61;4215.00;376
10396;36;5963587;10396;663;11908;12284;4.37;0.26;379.21;21.59;1512;62;4216.00;376
10398;36;5963612;10398;656;11909;12284;4.40;0.27;379.36;21.59;1511;62;4217.00;375
10400;36;5963630;10400;651;11914;12288;4.45;0.27;379.48;21.69;1514;62;4218.00;374
10403;36;5963646;10403;647;11914;12288;4.48;0.27;379.54;21.69;1511;62;4219.00;374
10405;36;5963663;10405;644;11917;12292;4.52;0.27;379.60;21.69;1512;62;4220.00;375
10408;36;5963680;10408;634;11918;12293;4.57;0.28;379.75;21.68;1510;62;4221.00;375
10412;36;5963696;10412;625;11918;12293;4.58;0.28;379.79;21.68;1506;62;4222.00;375
10413;36;5963711;10413;628;11919;12293;4.62;0.28;379.80;21.68;1506;62;4223.00;374
10417;36;5963728;10417;625;11928;12306;4.63;0.28;379.91;21.67;1511;62;4224.00;378
10421;36;5963745;10421;630;11930;12306;4.61;0.28;379.89;21.67;1509;62;4225.00;376
10426;36;5963762;10426;627;11930;12306;4.60;0.28;380.01;21.67;1504;62;4226.00;376
10427;36;5963777;10427;623;11931;12307;4.66;0.28;380.01;21.67;1504;62;4227.00;376
10431;36;5963793;10431;618;11931;12308;4.69;0.28;380.03;21.67;1500;62;4228.00;377
10434;36;5963810;10434;615;11931;12308;4.70;0.29;380.07;21.67;1497;62;4229.00;377
10434;36;5963827;10434;610;11939;12314;4.76;0.29;380.07;21.74;1505;62;4230.00;375
10437;36;5963849;10437;610;11939;12314;4.76;0.29;380.10;21.74;1502;62;4231.00;375
10439;36;5963866;10439;607;11940;12314;4.78;0.29;380.08;21.74;1501;62;4232.00;374
10443;36;5963882;10443;614;11940;12314;4.80;0.29;380.09;21.74;1497;62;4233.00;374
10447;36;5963898;10447;612;11945;12320;4.82;0.29;380.13;21.73;1498;62;4234.00;375
10450;36;5963915;10450;615;11945;12320;4.78;0.29;380.12;21.73;1495;62;4235.00;375
10454;36;5963932;10454;609;11946;12320;4.73;0.29;380.14;21.73;1492;62;4236.00;374
10458;36;5963947;10458;609;11947;12320;4.67;0.28;380.08;21.74;1489;62;4237.00;373
10459;36;5963964;10459;610;11950;12324;4.61;0.28;380.14;21.73;1491;62;4238.00;374
10462;36;5963981;10462;613;11951;12325;4.57;0.28;380.08;21.73;1489;62;4239.00;374
10465;36;5963997;10465;623;11951;12325;4.51;0.27;380.20;21.73;1486;62;4240.00;374
10467;36;5964013;10467;622;11952;12326;4.50;0.27;380.21;21.73;1485;62;4241.00;374
10469;36;5964029;10469;619;11953;12326;4.51;0.27;380.22;21.73;1484;62;4242.00;373
10472;36;5964044;10472;621;11954;12326;4.52;0.27;380.31;21.73;1482;62;4243.00;372
10473;36;5964061;10473;625;11954;12326;4.54;0.28;380.30;21.73;1481;62;4244.00;372
10476;36;5964076;10476;627;11954;12326;4.52;0.27;380.38;21.73;1478;62;4245.00;372
10479;36;5964092;10479;626;11954;12326;4.51;0.27;380.44;21.73;1475;62;4246.00;372
10479;36;5964109;10479;628;11954;12326;4.54;0.28;380.44;21.73;1475;62;4247.00;372
10482;36;5964124;10482;638;11991;12396;4.60;0.28;380.59;21.67;1509;62;4248.00;405
10483;36;5964146;10483;638;11993;12397;4.60;0.28;380.61;21.67;1510;62;4249.00;404
10487;36;5964161;10487;627;12000;12397;4.62;0.28;380.71;21.66;1513;62;4250.00;397
10490;36;5964178;10490;628;12004;12397;4.61;0.28;380.81;21.65;1514;62;4251.00;393
10491;36;5964194;10491;630;12009;12397;4.61;0.28;380.81;21.65;1518;62;4252.00;388
10492;36;5964209;10492;639;12012;12397;4.61;0.28;380.79;21.64;1520;62;4253.00;385
10495;36;5964225;10495;641;12019;12397;4.60;0.28;380.78;21.73;1524;62;4254.00;378
10496;36;5964242;10496;642;12021;12397;4.60;0.28;380.83;21.72;1525;62;4255.00;376
10501;36;5964258;10501;639;12024;12398;4.59;0.28;380.87;21.72;1523;62;4256.00;374
10503;36;5964279;10503;651;12024;12399;4.55;0.28;380.97;21.72;1521;62;4257.00;375
10505;36;5964301;10505;654;12027;12399;4.52;0.28;380.97;21.81;1522;62;4258.00;372
10507;36;5964316;10507;659;12031;12403;4.48;0.27;380.99;21.80;1524;62;4259.00;372
10509;36;5964334;10509;656;12031;12403;4.42;0.27;381.03;21.80;1522;62;4260.00;372
10510;36;5964349;10510;656;12031;12403;4.41;0.27;381.03;21.80;1521;62;4261.00;372
10511;36;5964365;10511;663;12031;12403;4.41;0.27;381.12;21.80;1520;62;4262.00;372
10511;36;5964380;10511;672;12035;12409;4.45;0.27;381.12;21.79;1524;62;4263.00;374
10513;36;5964395;10513;684;12035;12409;4.46;0.27;381.25;21.79;1522;62;4264.00;374
10515;36;5964411;10515;681;12035;12409;4.46;0.27;381.39;21.79;1520;62;4265.00;374
10517;36;5964426;10517;683;12036;12412;4.46;0.27;381.45;21.79;1519;62;4266.00;376
10521;36;5964442;10521;683;12036;12412;4.41;0.27;381.56;21.79;1515;62;4267.00;376
10525;36;5964457;10525;687;12036;12412;4.36;0.27;381.58;21.79;1511;62;4268.00;376
10527;36;5964472;10527;692;12036;12413;4.34;0.27;381.59;21.79;1509;62;4269.00;377
10530;36;5964486;10530;684;12037;12414;4.28;0.26;381.67;21.79;1507;62;4270.00;377
10534;36;5964501;10534;700;12037;12414;4.20;0.26;381.65;21.79;1503;62;4271.00;377
10538;36;5964515;10538;704;12047;12427;4.19;0.26;381.63;21.77;1509;62;4272.00;380
10545;36;5964532;10545;704;12047;12427;4.13;0.25;381.70;21.77;1502;62;4273.00;380
10549;36;5964547;10549;698;12047;12427;4.09;0.25;381.64;21.77;1498;62;4274.00;380
10551;36;5964562;10551;700;12048;12429;4.05;0.25;381.64;21.77;1497;62;4275.00;381
10553;36;5964577;10553;701;12048;12429;4.03;0.25;381.72;21.77;1495;62;4276.00;381
10556;36;5964592;10556;693;12052;12433;4.02;0.25;381.86;21.76;1496;62;4277.00;381
10559;36;5964608;10559;685;12052;12433;3.99;0.24;381.87;21.76;1493;62;4278.00;381
10562;36;5964623;10562;686;12055;12437;3.98;0.24;381.91;21.76;1493;62;4279.00;382
10564;36;5964638;10564;685;12055;12437;3.98;0.24;381.92;21.76;1491;62;4280.00;382
10567;36;5964652;10567;692;12055;12437;3.96;0.24;382.09;21.76;1488;62;4281.00;382
10569;36;5964666;10569;696;12055;12437;3.95;0.24;382.14;21.76;1486;62;4282.00;382
10569;36;5964680;10569;707;12055;12437;3.92;0.24;382.14;21.76;1486;62;4283.00;382
10572;36;5964694;10572;708;12063;12449;3.91;0.24;382.22;21.75;1491;62;4284.00;386
10577;36;5964709;10577;708;12063;12449;3.85;0.24;382.33;21.75;1486;62;4285.00;386
10579;36;5964723;10579;705;12064;12449;3.84;0.23;382.32;21.74;1485;62;4286.00;385
10581;36;5964737;10581;710;12064;12449;3.81;0.23;382.51;21.74;1483;62;4287.00;385
10583;36;5964751;10583;709;12064;12449;3.76;0.23;382.51;21.74;1481;62;4288.00;385
10589;36;5964764;10589;716;12064;12449;3.64;0.22;382.50;21.74;1475;62;4289.00;385
10593;36;5964780;10593;710;12064;12450;3.58;0.22;382.59;21.74;1471;62;4290.00;386
10597;36;5964794;10597;710;12064;12450;3.50;0.21;382.63;21.74;1467;62;4291.00;386
10599;36;5964807;10599;711;12068;12456;3.45;0.21;382.64;21.74;1469;62;4292.00;388
10602;36;5964822;10602;704;12068;12457;3.38;0.21;382.67;21.74;1466;62;4293.00;389
10604;36;5964837;10604;709;12068;12457;3.35;0.20;382.84;21.74;1464;62;4294.00;389
10608;36;5964850;10608;707;12068;12457;3.27;0.20;382.88;21.74;1460;62;4295.00;389
10612;36;5964863;10612;702;12071;12461;3.27;0.20;382.91;21.73;1459;62;4296.00;390
10613;36;5964877;10613;701;12071;12461;3.27;0.20;382.91;21.73;1458;62;4297.00;390
10619;36;5964890;10619;692;12071;12461;3.21;0.20;383.00;21.73;1452;62;4298.00;390
10620;36;5964903;10620;680;12072;12462;3.25;0.20;383.01;21.73;1452;62;4299.00;390
10623;36;5964917;10623;674;12075;12466;3.25;0.20;383.04;21.72;1452;62;4300.00;391
10626;36;5964935;10626;675;12075;12466;3.22;0.20;383.02;21.72;1449;62;4301.00;391
10631;36;5964948;10631;667;12076;12469;3.18;0.19;383.02;21.72;1445;62;4302.00;393
10633;36;5964963;10633;666;12076;12469;3.16;0.19;383.04;21.72;1443;62;4303.00;393
10639;36;5964976;10639;658;12076;12469;3.14;0.19;382.99;21.72;1437;62;4304.00;393
10642;36;5964990;10642;666;12076;12469;3.13;0.19;383.00;21.72;1434;62;4305.00;393
10644;36;5965003;10644;673;12079;12473;3.18;0.19;382.97;21.72;1435;62;4306.00;394
10646;36;5965018;10646;670;12079;12473;3.17;0.19;382.99;21.72;1433;62;4307.00;394
10651;36;5965031;10651;672;12079;12473;3.16;0.19;382.95;21.72;1428;62;4308.00;394
10655;36;5965045;10655;665;12079;12473;3.16;0.19;382.99;21.72;1424;62;4309.00;394
10657;36;5965058;10657;670;12079;12474;3.20;0.20;382.94;21.72;1422;62;4310.00;395
10661;36;5965072;10661;670;12079;12475;3.19;0.19;382.89;21.72;1418;62;4311.00;396
10669;36;5965085;10669;671;12079;12475;3.13;0.19;382.74;21.72;1410;62;4312.00;396
10672;36;5965099;10672;673;12080;12476;3.17;0.19;382.75;21.72;1408;62;4313.00;396
10675;36;5965112;10675;669;12080;12476;3.16;0.19;382.72;21.72;1405;62;4314.00;396
10678;36;5965126;10678;672;12080;12476;3.17;0.19;382.66;21.72;1402;62;4315.00;396
10680;36;5965139;10680;669;12080;12476;3.19;0.19;382.71;21.72;1400;62;4316.00;396
10682;36;5965153;10682;666;12080;12476;3.19;0.19;382.73;21.72;1398;62;4317.00;396
10685;36;5965166;10685;678;12080;12476;3.19;0.19;382.70;21.72;1395;62;4318.00;396
10686;36;5965178;10686;676;12080;12476;3.18;0.19;382.71;21.72;1394;62;4319.00;396
10692;36;5965193;10692;709;12192;12706;3.45;0.22;382.57;21.52;1500;62;4320.00;514
10694;36;5965223;10694;706;12196;12707;3.46;0.22;382.64;21.51;1502;62;4321.00;511
10698;36;5965238;10698;702;12202;12707;3.51;0.22;382.63;21.50;1504;62;4322.00;505
10701;36;5965252;10701;706;12208;12707;3.52;0.22;382.66;21.49;1507;62;4323.00;499
10703;36;5965266;10703;698;12212;12707;3.54;0.22;382.62;21.49;1509;62;4324.00;495
10706;36;5965288;10706;696;12216;12707;3.55;0.22;382.68;21.59;1510;62;4325.00;491
10707;36;5965302;10707;703;12223;12707;3.61;0.23;382.74;21.58;1516;62;4326.00;484
10711;36;5965316;10711;704;12225;12707;3.64;0.23;382.71;21.58;1514;62;4327.00;482
10713;36;5965330;10713;706;12230;12708;3.68;0.23;382.69;21.58;1517;62;4328.00;478
10714;36;5965345;10714;712;12232;12709;3.69;0.23;382.70;21.57;1518;62;4329.00;477
10716;36;5965360;10716;701;12236;12709;3.66;0.23;382.74;21.57;1520;62;4330.00;473
10717;36;5965375;10717;683;12239;12710;3.67;0.23;382.74;21.57;1522;62;4331.00;471
10719;36;5965389;10719;679;12241;12710;3.62;0.23;382.76;21.57;1522;62;4332.00;469
10722;36;5965403;10722;677;12244;12710;3.59;0.22;382.73;21.56;1522;62;4333.00;466
10724;36;5965417;10724;675;12246;12710;3.59;0.22;382.73;21.56;1522;62;4334.00;464
10728;36;5965433;10728;679;12249;12714;3.57;0.22;382.72;21.56;1521;62;4335.00;465
10732;36;5965448;10732;674;12251;12714;3.60;0.22;382.83;21.56;1519;62;4336.00;463
10733;36;5965464;10733;671;12251;12714;3.63;0.22;382.83;21.56;1518;62;4337.00;463
10737;36;5965479;10737;663;12252;12717;3.66;0.22;382.97;21.56;1515;62;4338.00;465
10739;36;5965496;10739;666;12255;12717;3.67;0.22;382.96;21.66;1516;62;4339.00;462
10740;36;5965516;10740;655;12255;12717;3.69;0.23;382.97;21.66;1515;62;4340.00;462
10741;36;5965537;10741;660;12258;12721;3.70;0.23;382.93;21.65;1517;62;4341.00;463
10744;36;5965558;10744;664;12260;12722;3.70;0.23;382.99;21.66;1516;62;4342.00;462
10744;36;5965574;10744;664;12260;12722;3.73;0.23;382.99;21.66;1516;62;4343.00;462
10746;36;5965590;10746;661;12264;12726;3.73;0.23;382.92;21.76;1518;62;4344.00;462
10749;36;5965605;10749;664;12265;12726;3.75;0.23;382.95;21.76;1516;62;4345.00;461
10752;36;5965620;10752;659;12265;12726;3.74;0.23;382.95;21.76;1513;62;4346.00;461
10756;36;5965636;10756;643;12265;12727;3.75;0.23;383.02;21.76;1509;62;4347.00;462
10757;36;5965653;10757;636;12266;12727;3.76;0.23;383.02;21.77;1509;62;4348.00;461
10759;36;5965674;10759;632;12269;12733;3.78;0.23;382.99;21.76;1510;62;4349.00;464
10760;36;5965692;10760;638;12271;12733;3.82;0.23;383.08;21.76;1511;62;4350.00;462
10761;36;5965707;10761;627;12272;12734;3.89;0.24;383.09;21.77;1511;62;4351.00;462
10764;36;5965724;10764;630;12272;12734;3.96;0.24;383.11;21.77;1508;62;4352.00;462
10766;36;5965740;10766;626;12273;12734;4.01;0.24;383.11;21.78;1507;62;4353.00;461
10769;36;5965757;10769;624;12273;12734;4.04;0.25;383.17;21.78;1504;62;4354.00;461
10769;36;5965773;10769;617;12274;12734;4.10;0.25;383.17;21.78;1505;62;4355.00;460
10771;36;5965789;10771;623;12285;12746;4.16;0.26;383.18;21.87;1514;62;4356.00;461
10774;36;5965806;10774;625;12285;12746;4.16;0.26;383.19;21.87;1511;62;4357.00;461
10775;36;5965823;10775;620;12285;12746;4.21;0.26;383.17;21.87;1510;62;4358.00;461
10776;36;5965839;10776;613;12287;12746;4.25;0.26;383.22;21.88;1511;62;4359.00;459
10778;36;5965855;10778;614;12289;12746;4.25;0.26;383.25;21.89;1511;62;4360.00;457
10780;36;5965871;10780;603;12289;12746;4.26;0.26;383.27;21.89;1509;62;4361.00;457
10782;36;5965888;10782;600;12292;12750;4.24;0.26;383.42;21.88;1510;62;4362.00;458
10784;36;5965903;10784;599;12292;12750;4.21;0.26;383.46;21.88;1508;62;4363.00;458
10788;36;5965919;10788;605;12294;12754;4.17;0.26;383.58;21.88;1506;62;4364.00;460
10790;36;5965935;10790;594;12295;12756;4.17;0.26;383.63;21.88;1505;62;4365.00;461
10794;36;5965952;10794;597;12295;12756;4.18;0.26;383.77;21.88;1501;62;4366.00;461
10797;36;5965968;10797;596;12295;12756;4.23;0.26;383.87;21.88;1498;62;4367.00;461
10798;36;5965983;10798;597;12303;12769;4.32;0.26;383.89;21.86;1505;62;4368.00;466
10801;36;5965999;10801;592;12303;12769;4.37;0.27;384.02;21.86;1502;62;4369.00;466
10803;36;5966015;10803;591;12304;12769;4.39;0.27;384.09;21.87;1501;62;4370.00;465
10808;36;5966031;10808;586;12307;12770;4.38;0.27;384.32;21.97;1499;62;4371.00;463
10811;36;5966048;10811;587;12307;12771;4.40;0.27;384.57;21.97;1496;62;4372.00;464
10813;36;5966064;10813;589;12307;12771;4.44;0.27;384.69;21.97;1494;62;4373.00;464
10816;36;5966080;10816;586;12308;12774;4.47;0.27;384.72;21.97;1492;62;4374.00;466
10819;36;5966096;10819;596;12308;12774;4.48;0.27;384.87;21.97;1489;62;4375.00;466
10822;36;5966112;10822;604;12308;12774;4.48;0.27;385.14;21.97;1486;62;4376.00;466
10826;36;5966127;10826;610;12309;12774;4.48;0.27;385.13;21.97;1483;62;4377.00;465
10827;36;5966144;10827;619;12312;12780;4.46;0.27;385.22;21.97;1485;62;4378.00;468
10827;36;5966159;10827;625;12312;12780;4.50;0.27;385.22;21.97;1485;62;4379.00;468
10830;36;5966177;10830;613;12313;12780;4.47;0.27;385.33;21.98;1483;62;4380.00;467
10834;36;5966193;10834;612;12314;12780;4.47;0.27;385.38;21.97;1480;62;4381.00;466
10838;36;5966209;10838;609;12318;12784;4.45;0.27;385.45;21.97;1480;62;4382.00;466
10840;36;5966226;10840;619;12318;12785;4.46;0.27;385.50;21.97;1478;62;4383.00;467
10842;36;5966242;10842;601;12319;12785;4.47;0.27;385.73;21.98;1477;62;4384.00;466
10845;36;5966258;10845;602;12321;12786;4.48;0.27;385.83;21.98;1476;62;4385.00;465
10846;36;5966275;10846;602;12322;12786;4.53;0.28;385.83;21.98;1476;62;4386.00;464
10849;36;5966290;10849;589;12323;12786;4.52;0.27;385.97;21.99;1474;62;4387.00;463
10852;36;5966305;10852;587;12323;12786;4.51;0.27;386.06;21.99;1471;62;4388.00;463
10854;36;5966321;10854;581;12324;12786;4.51;0.27;386.08;21.99;1470;62;4389.00;462
10860;36;5966337;10860;570;12326;12786;4.47;0.27;386.17;22.00;1466;62;4390.00;460
10863;36;5966352;10863;567;12326;12786;4.48;0.27;386.19;22.00;1463;62;4391.00;460
10866;36;5966368;10866;572;12363;12856;4.48;0.27;386.31;22.13;1497;63;4392.00;493
10868;36;5966398;10868;558;12364;12857;4.53;0.28;386.29;22.13;1496;63;4393.00;493
10876;36;5966414;10876;555;12367;12857;4.53;0.28;386.52;22.12;1491;63;4394.00;490
10878;36;5966431;10878;552;12369;12857;4.56;0.28;386.59;22.13;1491;63;4395.00;488
10881;36;5966447;10881;546;12374;12857;4.60;0.28;386.64;22.23;1493;63;4396.00;483
10885;36;5966463;10885;533;12374;12857;4.59;0.28;386.71;22.23;1489;63;4397.00;483
10888;36;5966483;10888;526;12377;12857;4.63;0.28;386.90;22.23;1489;63;4398.00;480
10892;36;5966500;10892;522;12377;12857;4.64;0.28;386.91;22.23;1485;63;4399.00;480
10897;36;5966516;10897;523;12379;12858;4.65;0.28;387.08;22.23;1482;63;4400.00;479
10901;36;5966535;10901;523;12381;12859;4.62;0.28;387.15;22.22;1480;63;4401.00;478
10905;36;5966553;10905;516;12383;12859;4.61;0.28;387.17;22.22;1478;63;4402.00;476
10909;36;5966569;10909;518;12390;12863;4.57;0.28;387.32;22.22;1481;63;4403.00;473
10912;36;5966586;10912;525;12392;12863;4.51;0.27;387.45;22.22;1480;63;4404.00;471
10915;36;5966602;10915;534;12392;12863;4.47;0.27;387.41;22.22;1477;63;4405.00;471
10919;36;5966618;10919;530;12393;12863;4.45;0.27;387.49;22.23;1474;63;4406.00;470
10924;36;5966633;10924;539;12397;12869;4.45;0.27;387.54;22.22;1473;63;4407.00;472
10926;36;5966650;10926;534;12399;12869;4.44;0.27;387.58;22.23;1473;63;4408.00;470
10926;36;5966666;10926;538;12399;12869;4.45;0.27;387.58;22.23;1473;63;4409.00;470
10927;36;5966683;10927;537;12403;12875;4.47;0.27;387.56;22.22;1476;63;4410.00;472
10929;36;5966700;10929;535;12404;12875;4.43;0.27;387.68;22.23;1475;63;4411.00;471
10932;36;5966722;10932;539;12405;12875;4.40;0.27;387.75;22.22;1473;63;4412.00;470
10933;36;5966738;10933;543;12405;12876;4.40;0.27;387.72;22.22;1472;63;4413.00;471
10936;36;5966756;10936;547;12407;12877;4.40;0.27;387.77;22.23;1471;63;4414.00;470
10937;36;5966771;10937;545;12407;12877;4.44;0.27;387.74;22.23;1470;63;4415.00;470
10941;36;5966787;10941;553;12415;12890;4.42;0.27;387.87;22.22;1474;63;4416.00;475
10941;36;5966804;10941;558;12417;12890;4.44;0.27;387.87;22.23;1476;63;4417.00;473
10944;36;5966821;10944;564;12418;12890;4.45;0.27;387.88;22.23;1474;63;4418.00;472
10946;36;5966836;10946;566;12419;12891;4.44;0.27;387.88;22.24;1473;63;4419.00;472
10949;36;5966853;10949;562;12420;12891;4.47;0.27;387.86;22.24;1471;63;4420.00;471
10954;36;5966868;10954;567;12423;12895;4.45;0.27;387.85;22.24;1469;63;4421.00;472
10955;36;5966885;10955;573;12424;12895;4.49;0.27;387.88;22.24;1469;63;4422.00;471
10958;36;5966901;10958;582;12426;12899;4.49;0.27;387.92;22.23;1468;63;4423.00;473
10961;36;5966916;10961;581;12426;12899;4.44;0.27;387.94;22.23;1465;63;4424.00;473
10964;36;5966938;10964;590;12427;12899;4.40;0.27;388.03;22.24;1463;63;4425.00;472
10967;36;5966952;10967;593;12427;12899;4.39;0.27;388.12;22.24;1460;63;4426.00;472
10972;36;5966968;10972;586;12430;12899;4.35;0.27;388.20;22.23;1458;63;4427.00;469
10978;36;5966983;10978;595;12439;12911;4.36;0.27;388.26;22.22;1461;63;4428.00;472
10980;36;5966999;10980;598;12439;12911;4.35;0.27;388.31;22.22;1459;63;4429.00;472
10980;36;5967014;10980;611;12440;12911;4.37;0.27;388.31;22.22;1460;63;4430.00;471
10983;36;5967029;10983;610;12440;12911;4.34;0.27;388.42;22.22;1457;63;4431.00;471
10985;36;5967045;10985;613;12440;12911;4.32;0.27;388.39;22.22;1455;63;4432.00;471
10986;36;5967060;10986;610;12440;12911;4.30;0.26;388.42;22.22;1454;63;4433.00;471
10988;36;5967075;10988;618;12440;12912;4.29;0.26;388.46;22.22;1452;63;4434.00;472
10990;36;5967090;10990;616;12440;12912;4.30;0.26;388.56;22.22;1450;63;4435.00;472
10994;36;5967103;10994;622;12444;12918;4.29;0.26;388.68;22.21;1450;63;4436.00;474
10996;36;5967125;10996;624;12444;12919;4.29;0.26;388.75;22.21;1448;63;4437.00;475
11001;36;5967139;11001;631;12444;12919;4.25;0.26;388.77;22.21;1443;63;4438.00;475
11004;36;5967156;11004;633;12444;12919;4.22;0.26;388.92;22.21;1440;64;4439.00;475
11005;36;5967179;11005;623;12448;12924;4.23;0.26;388.96;22.20;1443;64;4440.00;476
11008;36;5967194;11008;624;12448;12924;4.14;0.25;389.05;22.20;1440;64;4441.00;476
11012;36;5967208;11012;618;12448;12924;4.12;0.25;389.13;22.20;1436;64;4442.00;476
11013;36;5967222;11013;625;12449;12925;4.11;0.25;389.16;22.20;1436;64;4443.00;476
11013;36;5967237;11013;624;12452;12929;4.10;0.25;389.16;22.20;1439;64;4444.00;477
11014;36;5967251;11014;620;12452;12929;4.11;0.25;389.19;22.20;1438;64;4445.00;477
11016;36;5967266;11016;620;12453;12932;4.07;0.25;389.23;22.19;1437;64;4446.00;479
11020;36;5967280;11020;625;12453;12932;4.01;0.25;389.16;22.19;1433;64;4447.00;479
11023;36;5967296;11023;628;12453;12932;4.00;0.25;389.24;22.19;1430;64;4448.00;479
11025;36;5967309;11025;626;12453;12932;3.98;0.24;389.27;22.19;1428;64;4449.00;479
11027;36;5967323;11027;636;12456;12936;3.97;0.24;389.22;22.19;1429;64;4450.00;480
11033;36;5967338;11033;627;12456;12936;3.90;0.24;389.20;22.19;1423;64;4451.00;480
11036;36;5967352;11036;626;12456;12936;3.83;0.23;389.16;22.19;1420;64;4452.00;480
11041;36;5967365;11041;628;12456;12936;3.73;0.23;389.12;22.19;1415;64;4453.00;480
11047;36;5967379;11047;631;12456;12937;3.66;0.22;389.12;22.19;1409;64;4454.00;481
11049;36;5967392;11049;626;12457;12939;3.58;0.22;389.15;22.19;1408;65;4455.00;482
11052;36;5967414;11052;612;12457;12939;3.54;0.22;389.16;22.19;1405;65;4456.00;482
11055;36;5967427;11055;609;12458;12940;3.54;0.22;389.12;22.19;1403;65;4457.00;482
11058;36;5967440;11058;602;12458;12940;3.52;0.22;389.12;22.19;1400;65;4458.00;482
11061;36;5967453;11061;596;12458;12940;3.51;0.22;389.29;22.19;1397;65;4459.00;482
11063;36;5967467;11063;602;12458;12940;3.54;0.22;389.27;22.19;1395;65;4460.00;482
11067;36;5967480;11067;603;12458;12940;3.51;0.22;389.23;22.19;1391;65;4461.00;482
11069;36;5967493;11069;597;12458;12940;3.51;0.22;389.19;22.19;1389;65;4462.00;482
11071;36;5967506;11071;593;12458;12940;3.53;0.22;389.16;22.19;1387;65;4463.00;482
11074;36;5967519;11074;602;12520;13067;3.93;0.25;389.14;22.08;1446;65;4464.00;547
11076;36;5967541;11076;593;12523;13068;3.94;0.25;389.11;22.07;1447;65;4465.00;545
11077;36;5967554;11077;588;12530;13068;3.97;0.25;389.08;22.06;1453;65;4466.00;538
11080;36;5967568;11080;595;12531;13068;3.97;0.25;389.15;22.06;1451;65;4467.00;537
11084;36;5967581;11084;589;12538;13068;3.96;0.25;389.10;22.05;1454;65;4468.00;530
11087;36;5967596;11087;588;12541;13068;3.94;0.24;389.08;22.04;1454;65;4469.00;527
11091;36;5967611;11091;584;12544;13068;3.88;0.24;389.08;22.04;1453;65;4470.00;524
11093;36;5967624;11093;581;12546;13068;3.84;0.24;389.05;22.04;1453;65;4471.00;522
11097;36;5967644;11097;595;12548;13069;3.78;0.23;388.99;22.04;1451;65;4472.00;521
11101;36;5967658;11101;598;12549;13070;3.79;0.23;389.02;22.03;1448;65;4473.00;521
11106;36;5967672;11106;601;12550;13070;3.78;0.23;389.02;22.03;1444;65;4474.00;520
11108;36;5967686;11108;600;12552;13071;3.83;0.24;389.04;22.03;1444;65;4475.00;519
11112;36;5967700;11112;606;12552;13071;3.84;0.24;388.95;22.03;1440;65;4476.00;519
11114;36;5967715;11114;596;12554;13071;3.89;0.24;388.97;22.03;1440;65;4477.00;517
11117;36;5967730;11117;588;12554;13071;3.90;0.24;388.96;22.03;1437;65;4478.00;517
11118;36;5967744;11118;579;12556;13075;3.95;0.24;388.97;22.03;1438;65;4479.00;519
11121;36;5967759;11121;577;12558;13075;3.96;0.24;389.06;22.02;1437;65;4480.00;517
11126;36;5967779;11126;585;12559;13075;3.95;0.24;389.07;22.04;1433;65;4481.00;516
11129;36;5967794;11129;589;12560;13078;3.96;0.24;389.12;22.03;1431;65;4482.00;518
11132;36;5967809;11132;595;12560;13078;3.94;0.24;389.16;22.03;1428;65;4483.00;518
11135;36;5967833;11135;586;12560;13078;3.92;0.24;389.15;22.03;1425;65;4484.00;518
11139;36;5967853;11139;594;12564;13082;3.88;0.24;389.14;22.04;1425;65;4485.00;518
11142;36;5967868;11142;593;12565;13083;3.84;0.23;389.22;22.04;1423;65;4486.00;518
11148;36;5967883;11148;586;12566;13083;3.80;0.23;389.27;22.05;1418;65;4487.00;517
11150;36;5967898;11150;588;12569;13087;3.80;0.23;389.24;22.16;1419;65;4488.00;518
11151;36;5967920;11151;592;12570;13087;3.88;0.24;389.24;22.15;1419;65;4489.00;517
11156;36;5967939;11156;589;12570;13087;3.85;0.23;389.20;22.15;1414;65;4490.00;517
11159;36;5967954;11159;590;12570;13088;3.86;0.23;389.21;22.15;1411;65;4491.00;518
11160;36;5967968;11160;597;12571;13088;3.87;0.24;389.21;22.17;1411;65;4492.00;517
11162;36;5967982;11162;596;12576;13094;3.94;0.24;389.21;22.17;1414;65;4493.00;518
11165;36;5967997;11165;599;12576;13094;3.99;0.24;389.21;22.17;1411;65;4494.00;518
11170;36;5968011;11170;594;12576;13095;3.94;0.24;389.15;22.17;1406;65;4495.00;519
11172;36;5968029;11172;596;12576;13095;3.93;0.24;389.13;22.17;1404;65;4496.00;519
11173;36;5968044;11173;588;12576;13095;3.93;0.24;389.14;22.17;1403;65;4497.00;519
11175;36;5968058;11175;590;12576;13095;3.89;0.24;389.14;22.17;1401;65;4498.00;519
11179;36;5968072;11179;588;12577;13095;3.87;0.23;389.32;22.18;1398;65;4499.00;518
11182;36;5968090;11182;589;12601;13145;3.93;0.24;389.28;22.14;1419;65;4500.00;544
11186;36;5968113;11186;585;12601;13147;3.92;0.24;389.26;22.14;1415;65;4501.00;546
11190;36;5968128;11190;580;12605;13147;3.91;0.24;389.28;22.14;1415;65;4502.00;542
11191;36;5968143;11191;573;12607;13147;3.95;0.24;389.26;22.16;1416;65;4503.00;540
11193;36;5968158;11193;573;12609;13147;3.96;0.24;389.24;22.16;1416;65;4504.00;538
11197;36;5968173;11197;572;12610;13147;3.93;0.24;389.25;22.17;1413;65;4505.00;537
11199;36;5968188;11199;574;12614;13151;3.94;0.24;389.30;22.16;1415;65;4506.00;537
11201;36;5968203;11201;568;12616;13151;3.96;0.24;389.33;22.18;1415;65;4507.00;535
11204;36;5968218;11204;568;12620;13155;3.98;0.24;389.37;22.17;1416;65;4508.00;535
11205;36;5968233;11205;565;12620;13156;4.01;0.25;389.36;22.17;1415;65;4509.00;536
11210;36;5968253;11210;575;12620;13156;3.99;0.24;389.42;22.17;1410;65;4510.00;536
11210;36;5968268;11210;567;12622;13156;4.00;0.24;389.42;22.20;1412;65;4511.00;534
11213;36;5968284;11213;556;12630;13169;4.05;0.25;389.54;22.18;1417;65;4512.00;539
11215;36;5968300;11215;547;12632;13169;4.14;0.25;389.58;22.18;1417;65;4513.00;537
11218;36;5968314;11218;528;12634;13169;4.18;0.26;389.75;22.29;1416;65;4514.00;535
11220;36;5968329;11220;520;12635;13170;4.22;0.26;389.77;22.29;1415;65;4515.00;535
11223;36;5968345;11223;516;12636;13171;4.26;0.26;389.91;22.30;1413;65;4516.00;535
11223;36;5968361;11223;522;12636;13171;4.32;0.27;389.91;22.30;1413;65;4517.00;535
11226;36;5968376;11226;523;12637;13174;4.36;0.27;390.00;22.30;1411;65;4518.00;537
11228;36;5968393;11228;521;12638;13174;4.37;0.27;390.03;22.30;1410;65;4519.00;536
11230;36;5968407;11230;526;12642;13174;4.41;0.27;390.06;22.34;1412;65;4520.00;532
11231;36;5968423;11231;530;12642;13174;4.42;0.27;390.15;22.34;1411;65;4521.00;532
11233;36;5968438;11233;524;12645;13180;4.43;0.27;390.23;22.33;1412;65;4522.00;535
11235;36;5968453;11235;520;12645;13180;4.44;0.27;390.30;22.33;1410;65;4523.00;535
11239;36;5968469;11239;516;12646;13180;4.44;0.27;390.46;22.34;1407;65;4524.00;534
11241;36;5968485;11241;505;12647;13180;4.47;0.27;390.46;22.34;1406;65;4525.00;533
11243;36;5968500;11243;502;12652;13184;4.51;0.28;390.48;22.35;1409;65;4526.00;532
11245;36;5968515;11245;504;12652;13185;4.55;0.28;390.55;22.35;1407;65;4527.00;533
11251;36;5968531;11251;508;12654;13185;4.58;0.28;390.63;22.37;1403;65;4528.00;531
11256;36;5968546;11256;508;12655;13186;4.64;0.28;390.71;22.37;1399;65;4529.00;531
11259;36;5968563;11259;509;12656;13186;4.67;0.29;390.75;22.38;1397;66;4530.00;530
11262;36;5968587;11262;516;12661;13186;4.72;0.29;390.79;22.52;1399;66;4531.00;525
11264;36;5968602;11264;516;12661;13186;4.78;0.29;390.79;22.52;1397;66;4532.00;525
11267;36;5968617;11267;520;12663;13186;4.78;0.29;390.86;22.54;1396;66;4533.00;523
11271;36;5968633;11271;525;12663;13186;4.79;0.29;390.91;22.54;1392;66;4534.00;523
11272;36;5968648;11272;525;12664;13186;4.80;0.29;390.90;22.55;1392;66;4535.00;522
11277;36;5968664;11277;545;12699;13256;4.71;0.29;390.96;22.50;1422;66;4536.00;557
11280;36;5968683;11280;546;12702;13257;4.69;0.29;391.07;22.51;1422;66;4537.00;555
11283;36;5968699;11283;543;12705;13257;4.69;0.29;391.15;22.52;1422;66;4538.00;552
11284;36;5968714;11284;547;12708;13257;4.74;0.29;391.15;22.52;1424;66;4539.00;549
11288;36;5968729;11288;546;12712;13257;4.75;0.29;391.10;22.53;1424;66;4540.00;545
11290;36;5968745;11290;553;12713;13257;4.74;0.29;391.11;22.53;1423;66;4541.00;544
11291;36;5968759;11291;562;12717;13257;4.79;0.29;391.14;22.54;1426;66;4542.00;540
11293;36;5968775;11293;569;12720;13257;4.85;0.30;391.26;22.54;1427;66;4543.00;537
11299;36;5968792;11299;568;12724;13258;4.83;0.29;391.47;22.65;1425;66;4544.00;534
11300;36;5968807;11300;560;12728;13260;4.81;0.29;391.50;22.66;1428;66;4545.00;532
11301;36;5968823;11301;555;12730;13260;4.79;0.29;391.51;22.67;1429;66;4546.00;530
11303;36;5968838;11303;552;12736;13264;4.78;0.29;391.50;22.67;1433;66;4547.00;528
11309;36;5968854;11309;550;12737;13264;4.72;0.29;391.62;22.68;1428;66;4548.00;527
11311;36;5968869;11311;540;12738;13264;4.70;0.29;391.64;22.69;1427;66;4549.00;526
11315;36;5968885;11315;527;12739;13264;4.72;0.29;391.80;22.70;1424;66;4550.00;525
11315;36;5968901;11315;527;12742;13270;4.73;0.29;391.80;22.70;1427;66;4551.00;528
11318;36;5968917;11318;532;12742;13270;4.72;0.29;391.86;22.70;1424;66;4552.00;528
11322;36;5968932;11322;523;12744;13270;4.71;0.29;391.93;22.72;1422;66;4553.00;526
11323;36;5968947;11323;520;12745;13273;4.71;0.29;391.98;22.71;1422;66;4554.00;528
11327;36;5968963;11327;526;12745;13273;4.68;0.29;391.99;22.71;1418;66;4555.00;528
11329;36;5968978;11329;524;12748;13273;4.67;0.29;392.02;22.82;1419;66;4556.00;525
11332;36;5968993;11332;519;12749;13274;4.64;0.28;392.06;22.83;1417;66;4557.00;525
11335;36;5969008;11335;523;12750;13275;4.60;0.28;392.20;22.83;1415;66;4558.00;525
11339;36;5969022;11339;530;12750;13275;4.59;0.28;392.29;22.83;1411;66;4559.00;525
11342;36;5969039;11342;529;12767;13301;4.62;0.28;392.45;22.90;1425;66;4560.00;534
11347;36;5969061;11347;528;12767;13301;4.61;0.28;392.49;22.90;1420;66;4561.00;534
11351;36;5969075;11351;525;12771;13301;4.59;0.28;392.55;22.92;1420;66;4562.00;530
11356;36;5969091;11356;520;12772;13302;4.57;0.28;392.64;22.92;1416;66;4563.00;530
11362;36;5969106;11362;520;12772;13302;4.55;0.28;392.61;22.92;1410;66;4564.00;530
11365;36;5969122;11365;514;12774;13306;4.54;0.28;392.66;22.91;1409;66;4565.00;532
11367;36;5969138;11367;516;12775;13306;4.51;0.27;392.74;23.01;1408;66;4566.00;531
11369;36;5969153;11369;521;12779;13310;4.46;0.27;392.84;23.01;1410;66;4567.00;531
11371;36;5969168;11371;517;12779;13310;4.45;0.27;393.03;23.01;1408;66;4568.00;531
11373;36;5969182;11373;516;12779;13310;4.47;0.27;393.02;23.01;1406;66;4569.00;531
11374;36;5969197;11374;510;12780;13310;4.49;0.27;393.11;23.01;1406;66;4570.00;530
11377;36;5969212;11377;510;12783;13310;4.52;0.28;393.13;23.02;1406;66;4571.00;527
11379;36;5969226;11379;510;12792;13322;4.59;0.28;393.11;23.00;1413;66;4572.00;530
11382;36;5969242;11382;507;12794;13322;4.57;0.28;393.14;23.01;1412;66;4573.00;528
11384;36;5969256;11384;515;12795;13322;4.58;0.28;393.15;23.01;1411;66;4574.00;527
11386;36;5969273;11386;517;12795;13322;4.58;0.28;393.14;23.01;1409;66;4575.00;527
11387;36;5969288;11387;523;12795;13322;4.58;0.28;393.13;23.01;1408;66;4576.00;527
11390;36;5969303;11390;537;12795;13322;4.58;0.28;393.20;23.01;1405;66;4577.00;527
11392;36;5969319;11392;538;12795;13323;4.60;0.28;393.19;23.01;1403;66;4578.00;528
11395;36;5969334;11395;546;12795;13323;4.57;0.28;393.35;23.01;1400;66;4579.00;528
11397;36;5969349;11397;548;12799;13329;4.58;0.28;393.39;23.00;1402;66;4580.00;530
11401;36;5969369;11401;561;12799;13330;4.53;0.28;393.40;23.00;1398;66;4581.00;531
11404;36;5969384;11404;572;12799;13330;4.49;0.27;393.36;23.00;1395;66;4582.00;531
11408;36;5969398;11408;583;12799;13330;4.44;0.27;393.64;23.00;1391;66;4583.00;531
11410;36;5969413;11410;591;12802;13334;4.45;0.27;393.58;23.00;1392;66;4584.00;532
11414;36;5969427;11414;597;12802;13334;4.41;0.27;393.78;23.00;1388;66;4585.00;532
11417;36;5969442;11417;607;12802;13334;4.36;0.27;393.88;23.00;1385;66;4586.00;532
11418;36;5969456;11418;615;12803;13335;4.33;0.26;393.87;23.00;1385;66;4587.00;532
11419;36;5969470;11419;624;12806;13339;4.32;0.26;393.87;22.99;1387;66;4588.00;533
11421;36;5969485;11421;626;12806;13339;4.28;0.26;393.85;22.99;1385;66;4589.00;533
11422;36;5969500;11422;629;12809;13345;4.24;0.26;393.87;22.99;1387;66;4590.00;536
11424;36;5969519;11424;636;12809;13345;4.20;0.26;393.83;22.99;1385;66;4591.00;536
11425;36;5969533;11425;643;12810;13345;4.15;0.25;393.88;22.98;1385;66;4592.00;535
11426;36;5969547;11426;640;12810;13345;4.10;0.25;393.93;22.98;1384;66;4593.00;535
11429;36;5969561;11429;640;12813;13349;4.06;0.25;393.90;22.98;1384;66;4594.00;536
11431;36;5969575;11431;641;12813;13349;4.03;0.25;393.85;22.98;1382;66;4595.00;536
11432;36;5969588;11432;647;12813;13349;4.01;0.25;393.92;22.98;1381;66;4596.00;536
11434;36;5969602;11434;652;12813;13349;3.95;0.24;393.90;22.98;1379;66;4597.00;536
11435;36;5969615;11435;653;12813;13350;3.88;0.24;393.88;22.98;1378;66;4598.00;537
11435;36;5969628;11435;654;12813;13351;3.82;0.23;393.88;22.98;1378;66;4599.00;538
11436;36;5969641;11436;662;12813;13351;3.77;0.23;393.91;22.98;1377;66;4600.00;538
11438;36;5969658;11438;668;12814;13352;3.75;0.23;393.94;22.98;1376;66;4601.00;538
11440;36;5969670;11440;669;12814;13352;3.68;0.23;394.00;22.98;1374;66;4602.00;538
11442;36;5969683;11442;675;12814;13352;3.64;0.22;393.94;22.98;1372;66;4603.00;538
11445;36;5969696;11445;665;12814;13352;3.61;0.22;393.93;22.98;1369;66;4604.00;538
11447;36;5969709;11447;662;12814;13352;3.57;0.22;393.88;22.98;1367;66;4605.00;538
11450;36;5969722;11450;655;12814;13352;3.56;0.22;393.85;22.98;1364;66;4606.00;538
11452;36;5969735;11452;654;12814;13352;3.54;0.22;393.81;22.98;1362;66;4607.00;538
11454;36;5969747;11454;675;12877;13479;3.80;0.24;393.78;22.87;1423;66;4608.00;602
11455;36;5969770;11455;666;12880;13480;3.79;0.24;393.75;22.86;1425;66;4609.00;600
11457;36;5969783;11457;656;12886;13480;3.80;0.24;393.72;22.85;1429;66;4610.00;594
11459;36;5969796;11459;650;12887;13480;3.79;0.24;393.70;22.85;1428;66;4611.00;593
11460;36;5969808;11460;652;12893;13480;3.79;0.24;393.68;22.84;1433;66;4612.00;587
11463;36;5969820;11463;652;12894;13480;3.78;0.23;393.60;22.84;1431;66;4613.00;586
11465;36;5969833;11465;657;12896;13480;3.76;0.23;393.59;22.84;1431;66;4614.00;584
11469;36;5969846;11469;650;12899;13480;3.73;0.23;393.54;22.83;1430;66;4615.00;581
11471;36;5969864;11471;654;12901;13481;3.72;0.23;393.49;22.83;1430;66;4616.00;580
11473;36;5969877;11473;652;12903;13482;3.67;0.23;393.44;22.83;1430;66;4617.00;579
11473;36;5969890;11473;650;12905;13482;3.59;0.22;393.44;22.83;1432;66;4618.00;577
11475;36;5969902;11475;657;12906;13483;3.51;0.22;393.39;22.83;1431;66;4619.00;577
11478;36;5969915;11478;640;12908;13483;3.46;0.21;393.41;22.82;1430;66;4620.00;575
11478;36;5969929;11478;645;12910;13483;3.43;0.21;393.41;22.82;1432;66;4621.00;573
11479;36;5969941;11479;648;12910;13483;3.40;0.21;393.42;22.82;1431;66;4622.00;573
11480;36;5969954;11480;646;12912;13487;3.40;0.21;393.43;22.82;1432;66;4623.00;575
11482;36;5969967;11482;631;12913;13487;3.45;0.21;393.43;22.82;1431;66;4624.00;574
11485;36;5969981;11485;618;12913;13487;3.46;0.21;393.41;22.82;1428;66;4625.00;574
11487;36;5969995;11487;606;12915;13490;3.48;0.21;393.40;22.81;1428;66;4626.00;575
11488;36;5970008;11488;596;12915;13490;3.53;0.22;393.40;22.81;1427;66;4627.00;575
11490;36;5970024;11490;592;12916;13490;3.57;0.22;393.40;22.83;1426;66;4628.00;574
11491;36;5970043;11491;585;12919;13494;3.62;0.22;393.40;22.82;1428;66;4629.00;575
11493;36;5970058;11493;576;12920;13495;3.66;0.22;393.36;22.82;1427;66;4630.00;575
11495;36;5970077;11495;566;12920;13495;3.72;0.23;393.37;22.82;1425;66;4631.00;575
11497;36;5970092;11497;565;12923;13499;3.77;0.23;393.38;22.81;1426;66;4632.00;576
11503;36;5970105;11503;566;12924;13499;3.75;0.23;393.36;22.92;1421;66;4633.00;575
11505;36;5970126;11505;563;12924;13499;3.80;0.23;393.32;22.92;1419;66;4634.00;575
11508;36;5970141;11508;556;12925;13501;3.83;0.23;393.26;22.92;1417;66;4635.00;576
11512;36;5970157;11512;548;12925;13501;3.86;0.24;393.20;22.92;1413;66;4636.00;576
11513;36;5970171;11513;549;12928;13507;3.95;0.24;393.19;22.91;1415;66;4637.00;579
11516;36;5970186;11516;543;12928;13507;3.98;0.24;393.21;22.91;1412;66;4638.00;579
11521;36;5970200;11521;540;12929;13508;4.02;0.25;393.16;22.91;1408;66;4639.00;579
11524;36;5970216;11524;542;12929;13508;4.07;0.25;393.11;22.91;1405;66;4640.00;579
11527;36;5970231;11527;532;12929;13508;4.12;0.25;393.13;22.91;1402;66;4641.00;579
11529;36;5970246;11529;535;12929;13508;4.20;0.25;393.13;22.91;1400;66;4642.00;579
11532;36;5970261;11532;534;12929;13508;4.25;0.26;393.14;22.91;1397;66;4643.00;579
11535;36;5970277;11535;524;12938;13520;4.27;0.26;393.13;22.90;1403;66;4644.00;582
11538;36;5970292;11538;514;12938;13520;4.33;0.26;393.10;22.90;1400;66;4645.00;582
11543;36;5970307;11543;510;12938;13520;4.34;0.26;393.16;22.90;1395;66;4646.00;582
11547;36;5970322;11547;508;12938;13520;4.35;0.26;393.22;22.90;1391;66;4647.00;582
11550;36;5970337;11550;512;12938;13520;4.33;0.26;393.19;22.90;1388;66;4648.00;582
11554;36;5970353;11554;504;12938;13520;4.34;0.26;393.18;22.90;1384;66;4649.00;582
11558;36;5970370;11558;502;12942;13526;4.37;0.26;393.18;22.89;1384;66;4650.00;584
11565;36;5970386;11565;501;12943;13526;4.34;0.26;393.36;23.00;1378;66;4651.00;583
11568;36;5970402;11568;498;12946;13530;4.34;0.26;393.45;22.99;1378;66;4652.00;584
11569;36;5970416;11569;495;12946;13531;4.37;0.27;393.45;22.99;1377;66;4653.00;585
11574;36;5970431;11574;499;12946;13531;4.35;0.26;393.41;22.99;1372;66;4654.00;585
11577;36;5970446;11577;497;12946;13531;4.36;0.26;393.48;22.99;1369;66;4655.00;585
11580;36;5970461;11580;503;12956;13544;4.41;0.27;393.62;22.97;1376;66;4656.00;588
11582;36;5970477;11582;493;12956;13544;4.44;0.27;393.65;22.97;1374;66;4657.00;588
11587;36;5970492;11587;491;12956;13544;4.47;0.27;393.72;22.97;1369;66;4658.00;588
11589;36;5970507;11589;490;12957;13545;4.49;0.27;393.72;22.97;1368;66;4659.00;588
11592;36;5970523;11592;490;12958;13546;4.49;0.27;393.72;22.99;1366;66;4660.00;588
11593;36;5970538;11593;497;12958;13546;4.51;0.27;393.72;22.99;1365;66;4661.00;588
11598;36;5970552;11598;496;12959;13549;4.49;0.27;393.78;22.98;1361;66;4662.00;590
11602;36;5970568;11602;500;12959;13549;4.47;0.27;393.77;22.98;1357;66;4663.00;590
11603;36;5970583;11603;501;12959;13549;4.49;0.27;393.81;22.98;1356;66;4664.00;590
11608;36;5970598;11608;501;12961;13549;4.45;0.27;393.91;23.11;1353;66;4665.00;588
11609;36;5970614;11609;509;12965;13555;4.41;0.27;393.94;23.12;1356;66;4666.00;590
11612;36;5970629;11612;498;12965;13555;4.40;0.27;393.99;23.12;1353;66;4667.00;590
11612;36;5970644;11612;496;12965;13555;4.40;0.27;393.99;23.12;1353;66;4668.00;590
11616;36;5970659;11616;489;12966;13555;4.37;0.27;394.08;23.13;1350;66;4669.00;589
11620;36;5970674;11620;486;12969;13559;4.39;0.27;394.19;23.13;1349;66;4670.00;590
11622;36;5970689;11622;481;12971;13560;4.37;0.27;394.24;23.14;1349;66;4671.00;589
11626;36;5970705;11626;481;12971;13560;4.36;0.27;394.21;23.14;1345;66;4672.00;589
11629;36;5970720;11629;477;12974;13561;4.36;0.26;394.26;23.16;1345;66;4673.00;587
11632;36;5970735;11632;472;12975;13561;4.37;0.27;394.27;23.17;1343;66;4674.00;586
11634;36;5970749;11634;476;12976;13561;4.40;0.27;394.25;23.19;1342;66;4675.00;585
11637;36;5970764;11637;473;12976;13561;4.45;0.27;394.35;23.19;1339;66;4676.00;585
11638;36;5970780;11638;452;12978;13561;4.49;0.27;394.32;23.22;1340;66;4677.00;583
11640;36;5970796;11640;451;12978;13561;4.55;0.28;394.30;23.22;1338;66;4678.00;583
11641;36;5970811;11641;452;12979;13561;4.62;0.28;394.30;23.23;1338;66;4679.00;582
11646;36;5970827;11646;482;13051;13686;4.75;0.29;394.36;23.12;1405;66;4680.00;635
11648;36;5970851;11648;477;13054;13687;4.82;0.30;394.38;23.13;1406;66;4681.00;633
11652;36;5970867;11652;472;13056;13687;4.83;0.30;394.46;23.13;1404;66;4682.00;631
11654;36;5970882;11654;468;13059;13687;4.90;0.30;394.49;23.16;1405;66;4683.00;628
11658;36;5970899;11658;471;13062;13687;4.89;0.30;394.59;23.28;1404;66;4684.00;625
11660;36;5970916;11660;469;13062;13687;4.92;0.30;394.61;23.28;1402;66;4685.00;625
11662;36;5970931;11662;473;13064;13687;4.91;0.30;394.61;23.31;1402;66;4686.00;623
11663;36;5970947;11663;469;13066;13687;4.88;0.30;394.63;23.31;1403;66;4687.00;621
11667;36;5970963;11667;466;13069;13688;4.83;0.30;394.76;23.34;1402;66;4688.00;619
11668;36;5970981;11668;469;13070;13689;4.78;0.29;394.74;23.34;1402;66;4689.00;619
11671;36;5970996;11671;464;13071;13689;4.73;0.29;394.82;23.34;1400;66;4690.00;618
11677;36;5971012;11677;472;13077;13693;4.69;0.29;394.86;23.36;1400;66;4691.00;616
11677;36;5971028;11677;480;13080;13693;4.67;0.29;394.86;23.37;1403;66;4692.00;613
11681;36;5971045;11681;483;13085;13693;4.62;0.28;394.90;23.72;1404;67;4693.00;608
11684;36;5971070;11684;484;13087;13693;4.60;0.28;395.10;23.73;1403;67;4694.00;606
11685;36;5971086;11685;489;13090;13699;4.57;0.28;395.09;23.73;1405;67;4695.00;609
11688;36;5971103;11688;495;13091;13699;4.55;0.28;395.10;23.73;1403;67;4696.00;608
11692;36;5971118;11692;506;13093;13699;4.55;0.28;395.16;23.74;1401;67;4697.00;606
11695;36;5971136;11695;517;13095;13702;4.60;0.28;395.30;23.76;1400;67;4698.00;607
11697;36;5971154;11697;513;13097;13702;4.61;0.28;395.32;23.77;1400;67;4699.00;605
11699;36;5971176;11699;514;13100;13702;4.63;0.28;395.38;23.90;1401;67;4700.00;602
11704;36;5971196;11704;512;13100;13703;4.64;0.28;395.56;23.90;1396;67;4701.00;603
11706;36;5971213;11706;509;13101;13704;4.68;0.28;395.60;23.89;1395;67;4702.00;603
11710;36;5971230;11710;509;13102;13704;4.66;0.28;395.80;23.91;1392;67;4703.00;602
11713;36;5971245;11713;519;13113;13717;4.69;0.28;395.91;23.91;1400;67;4704.00;604
11714;36;5971262;11714;512;13114;13717;4.73;0.29;395.91;23.91;1400;67;4705.00;603
11718;36;5971282;11718;511;13114;13717;4.73;0.29;395.95;23.91;1396;67;4706.00;603
11720;36;5971298;11720;511;13115;13718;4.74;0.29;395.96;23.92;1395;67;4707.00;603
11721;36;5971313;11721;514;13116;13718;4.72;0.29;395.96;23.94;1395;67;4708.00;602
11723;36;5971328;11723;520;13118;13722;4.66;0.28;395.96;23.93;1395;67;4709.00;604
11727;36;5971345;11727;517;13119;13722;4.55;0.28;396.08;23.95;1392;67;4710.00;603
11727;36;5971360;11727;517;13124;13726;4.43;0.27;396.08;23.96;1397;67;4711.00;602
11728;36;5971376;11728;517;13124;13726;4.35;0.26;396.08;23.96;1396;67;4712.00;602
11730;36;5971418;11730;517;13125;13726;4.31;0.26;396.12;23.97;1395;67;4713.00;601
11731;36;5971437;11731;515;13125;13726;4.31;0.26;396.12;23.97;1394;67;4714.00;601
11734;36;5971451;11734;520;13126;13726;4.30;0.26;396.16;23.97;1392;67;4715.00;600
11737;36;5971465;11737;521;13134;13738;4.29;0.26;396.23;23.97;1397;67;4716.00;604
11741;36;5971481;11741;518;13137;13738;4.32;0.26;396.25;23.98;1396;67;4717.00;601
11743;36;5971495;11743;513;13137;13738;4.40;0.27;396.27;23.98;1394;67;4718.00;601
11744;36;5971510;11744;511;13139;13738;4.47;0.27;396.26;24.00;1395;67;4719.00;599
11746;36;5971525;11746;512;13140;13738;4.57;0.28;396.32;24.01;1394;67;4720.00;598
11747;36;5971540;11747;511;13140;13738;4.63;0.28;396.34;24.01;1393;67;4721.00;598
11749;36;5971554;11749;506;13141;13739;4.64;0.28;396.36;24.02;1392;67;4722.00;598
11753;36;5971569;11753;505;13142;13739;4.66;0.28;396.45;24.04;1389;67;4723.00;597
11758;36;5971583;11758;498;13146;13745;4.71;0.29;396.51;24.03;1388;68;4724.00;599
11760;36;5971604;11760;498;13150;13747;4.70;0.29;396.60;24.17;1390;68;4725.00;597
11769;36;5971619;11769;499;13150;13747;4.62;0.28;396.81;24.17;1381;68;4726.00;597
11770;36;5971634;11770;503;13151;13747;4.56;0.28;396.83;24.18;1381;68;4727.00;596
11774;36;5971656;11774;509;13154;13751;4.50;0.27;396.81;24.19;1380;68;4728.00;597
11776;36;5971676;11776;511;13156;13751;4.46;0.27;396.79;24.20;1380;68;4729.00;595
11779;36;5971691;11779;512;13156;13751;4.41;0.27;396.74;24.20;1377;68;4730.00;595
11782;36;5971706;11782;523;13158;13752;4.35;0.26;396.78;24.21;1376;68;4731.00;594
11783;36;5971721;11783;527;13161;13756;4.30;0.26;396.76;24.21;1378;68;4732.00;595
11786;36;5971736;11786;532;13163;13756;4.25;0.26;396.73;24.23;1377;68;4733.00;593
11789;36;5971751;11789;541;13165;13759;4.20;0.26;396.68;24.24;1376;68;4734.00;594
11791;36;5971767;11791;542;13165;13759;4.16;0.25;396.67;24.24;1374;68;4735.00;594
11793;36;5971781;11793;541;13166;13759;4.10;0.25;396.70;24.26;1373;68;4736.00;593
11794;36;5971795;11794;545;13166;13759;4.03;0.25;396.68;24.26;1372;68;4737.00;593
11795;36;5971809;11795;550;13169;13763;4.03;0.25;396.67;24.25;1374;68;4738.00;594
11799;36;5971823;11799;557;13169;13763;3.96;0.24;396.67;24.25;1370;68;4739.00;594
11801;36;5971839;11801;564;13170;13763;3.91;0.24;396.71;24.26;1369;68;4740.00;593
11804;36;5971853;11804;570;13170;13763;3.91;0.24;396.73;24.26;1366;68;4741.00;593
11805;36;5971867;11805;574;13170;13764;3.90;0.24;396.78;24.26;1365;68;4742.00;594
11809;36;5971880;11809;580;13172;13765;3.88;0.24;396.80;24.29;1363;68;4743.00;593
11810;36;5971894;11810;574;13172;13765;3.86;0.24;396.85;24.29;1362;68;4744.00;593
11811;36;5971910;11811;577;13173;13766;3.84;0.24;396.82;24.29;1362;68;4745.00;593
11813;36;5971923;11813;583;13173;13766;3.82;0.23;396.91;24.29;1360;68;4746.00;593
11814;36;5971937;11814;578;13173;13766;3.78;0.23;396.88;24.29;1359;68;4747.00;593
11818;36;5971950;11818;595;13173;13766;3.73;0.23;396.88;24.29;1355;68;4748.00;593
11819;36;5971963;11819;595;13173;13766;3.69;0.23;396.86;24.29;1354;68;4749.00;593
11823;36;5971976;11823;605;13173;13766;3.61;0.22;396.87;24.29;1350;68;4750.00;593
11823;36;5971990;11823;605;13173;13766;3.59;0.22;396.87;24.29;1350;68;4751.00;593
11825;36;5972003;11825;626;13235;13893;3.87;0.24;396.92;24.18;1410;68;4752.00;658
11826;36;5972031;11826;626;13239;13894;3.85;0.24;396.97;24.17;1413;68;4753.00;655
11827;36;5972050;11827;630;13247;13894;3.87;0.24;396.95;24.16;1420;68;4754.00;647
11831;36;5972065;11831;635;13250;13894;3.82;0.24;396.88;24.15;1419;68;4755.00;644
11832;36;5972078;11832;642;13253;13894;3.80;0.24;396.88;24.15;1421;68;4756.00;641
11833;36;5972091;11833;644;13255;13894;3.80;0.24;396.93;24.14;1422;68;4757.00;639
11835;36;5972105;11835;650;13257;13894;3.80;0.24;396.92;24.14;1422;68;4758.00;637
11836;36;5972118;11836;658;13260;13894;3.78;0.23;396.90;24.14;1424;68;4759.00;634
11836;36;5972132;11836;659;13261;13895;3.82;0.24;396.90;24.14;1425;68;4760.00;634
11837;36;5972147;11837;663;13262;13896;3.85;0.24;396.89;24.13;1425;68;4761.00;634
11839;36;5972161;11839;660;13263;13896;3.88;0.24;396.91;24.13;1424;68;4762.00;633
11843;36;5972175;11843;662;13264;13897;3.82;0.24;396.84;24.13;1421;68;4763.00;633
11845;36;5972189;11845;665;13266;13897;3.77;0.23;396.82;24.13;1421;68;4764.00;631
11845;36;5972203;11845;669;13267;13897;3.72;0.23;396.82;24.13;1422;68;4765.00;630
11848;36;5972216;11848;677;13267;13897;3.67;0.23;396.91;24.13;1419;68;4766.00;630
11848;36;5972230;11848;683;13270;13901;3.65;0.23;396.91;24.13;1422;68;4767.00;631
11851;36;5972244;11851;681;13271;13901;3.58;0.22;396.87;24.13;1420;68;4768.00;630
11855;36;5972257;11855;683;13272;13901;3.51;0.22;396.89;24.12;1417;68;4769.00;629
11857;36;5972272;11857;686;13275;13907;3.49;0.22;396.91;24.12;1418;68;4770.00;632
11857;36;5972286;11857;665;13276;13907;3.51;0.22;396.91;24.12;1419;68;4771.00;631
11859;36;5972299;11859;655;13277;13907;3.56;0.22;397.03;24.12;1418;68;4772.00;630
11859;36;5972317;11859;639;13280;13911;3.62;0.22;397.03;24.11;1421;68;4773.00;631
11860;36;5972331;11860;634;13281;13912;3.63;0.22;397.01;24.11;1421;68;4774.00;631
11862;36;5972351;11862;632;13281;13912;3.66;0.23;396.95;24.11;1419;68;4775.00;631
11864;36;5972365;11864;625;13284;13916;3.70;0.23;396.99;24.10;1420;68;4776.00;632
11864;36;5972379;11864;621;13284;13916;3.73;0.23;396.99;24.10;1420;68;4777.00;632
11866;36;5972403;11866;630;13284;13916;3.74;0.23;396.94;24.10;1418;68;4778.00;632
11866;36;5972416;11866;630;13284;13917;3.76;0.23;396.94;24.10;1418;68;4779.00;633
11868;36;5972430;11868;627;13284;13917;3.76;0.23;396.90;24.10;1416;68;4780.00;633
11869;36;5972444;11869;631;13288;13923;3.79;0.23;396.89;24.10;1419;68;4781.00;635
11870;36;5972458;11870;625;13288;13923;3.79;0.23;396.88;24.10;1418;68;4782.00;635
11873;36;5972472;11873;631;13288;13924;3.78;0.23;396.81;24.10;1415;68;4783.00;636
11877;36;5972485;11877;637;13288;13924;3.73;0.23;396.79;24.10;1411;68;4784.00;636
11879;36;5972499;11879;631;13288;13924;3.71;0.23;396.81;24.10;1409;68;4785.00;636
11882;36;5972512;11882;629;13288;13924;3.70;0.23;396.78;24.10;1406;68;4786.00;636
11887;36;5972526;11887;621;13288;13924;3.68;0.22;396.73;24.10;1401;68;4787.00;636
11888;36;5972539;11888;619;13297;13936;3.74;0.23;396.71;24.08;1409;68;4788.00;639
11892;36;5972554;11892;605;13297;13936;3.76;0.23;396.73;24.08;1405;68;4789.00;639
11893;36;5972568;11893;596;13297;13936;3.78;0.23;396.72;24.08;1404;68;4790.00;639
11896;36;5972582;11896;589;13297;13936;3.85;0.23;396.71;24.08;1401;68;4791.00;639
11898;36;5972596;11898;579;13297;13936;3.93;0.24;396.69;24.08;1399;68;4792.00;639
11902;36;5972610;11902;567;13298;13936;3.95;0.24;396.71;24.10;1396;68;4793.00;638
11906;36;5972623;11906;565;13301;13940;3.93;0.24;396.80;24.09;1395;68;4794.00;639
11909;36;5972638;11909;566;13301;13940;3.94;0.24;396.90;24.09;1392;68;4795.00;639
11913;36;5972652;11913;557;13303;13944;3.98;0.24;396.85;24.09;1390;68;4796.00;641
11917;36;5972668;11917;553;13303;13945;4.01;0.24;396.89;24.09;1386;68;4797.00;642
11919;36;5972681;11919;551;13303;13945;4.09;0.25;396.86;24.09;1384;68;4798.00;642
11924;36;5972696;11924;546;13303;13945;4.14;0.25;396.80;24.09;1379;68;4799.00;642
11926;36;5972712;11926;546;13321;13986;4.28;0.26;396.89;24.05;1395;68;4800.00;665
11931;36;5972733;11931;534;13322;13986;4.30;0.26;397.09;24.05;1391;68;4801.00;664
11936;36;5972748;11936;535;13324;13986;4.31;0.26;397.27;24.05;1388;68;4802.00;662
11938;36;5972762;11938;531;13325;13987;4.31;0.26;397.24;24.05;1387;68;4803.00;662
11943;36;5972777;11943;525;13327;13988;4.31;0.26;397.28;24.05;1384;68;4804.00;661
11949;36;5972791;11949;526;13327;13988;4.28;0.26;397.48;24.05;1378;68;4805.00;661
11952;36;5972807;11952;525;13329;13991;4.28;0.26;397.46;24.04;1377;68;4806.00;662
11957;36;5972821;11957;511;13329;13991;4.28;0.26;397.64;24.04;1372;68;4807.00;662
11959;36;5972835;11959;518;13331;13991;4.27;0.26;397.70;24.04;1372;68;4808.00;660
11967;36;5972850;11967;508;13332;13991;4.24;0.26;397.93;24.04;1365;68;4809.00;659
11969;36;5972865;11969;506;13335;13997;4.26;0.26;398.01;24.03;1366;68;4810.00;662
11973;36;5972881;11973;504;13336;13997;4.32;0.26;398.15;24.15;1363;68;4811.00;661
11974;36;5972898;11974;497;13336;13997;4.39;0.27;398.15;24.15;1362;68;4812.00;661
11977;36;5972913;11977;494;13336;13997;4.38;0.27;398.41;24.15;1359;68;4813.00;661
11982;36;5972929;11982;491;13339;14001;4.39;0.27;398.51;24.14;1357;68;4814.00;662
11985;36;5972944;11985;492;13341;14003;4.41;0.27;398.52;24.14;1356;68;4815.00;662
11991;36;5972960;11991;490;13341;14003;4.41;0.27;398.54;24.14;1350;68;4816.00;662
11992;36;5972975;11992;480;13341;14004;4.45;0.27;398.53;24.14;1349;68;4817.00;663
11993;36;5972990;11993;477;13341;14004;4.49;0.27;398.53;24.14;1348;68;4818.00;663
11996;36;5973005;11996;473;13341;14004;4.53;0.28;398.60;24.14;1345;68;4819.00;663
12003;36;5973020;12003;465;13342;14004;4.51;0.27;398.59;24.16;1339;68;4820.00;662
12006;36;5973036;12006;458;13342;14004;4.53;0.28;398.61;24.16;1336;68;4821.00;662
12009;36;5973050;12009;449;13343;14004;4.54;0.28;398.63;24.18;1334;68;4822.00;661
12014;36;5973065;12014;448;13343;14004;4.54;0.28;398.73;24.18;1329;68;4823.00;661
12014;36;5973080;12014;472;13380;14074;4.57;0.28;398.73;24.11;1366;68;4824.00;694
12014;36;5973100;12014;466;13380;14075;4.63;0.28;398.73;24.11;1366;68;4825.00;695
12016;36;5973115;12016;467;13382;14075;4.65;0.28;398.72;24.13;1366;68;4826.00;693
12019;36;5973130;12019;467;13383;14075;4.65;0.28;398.83;24.24;1364;68;4827.00;692
12023;36;5973146;12023;467;13386;14077;4.67;0.28;399.00;24.28;1363;68;4828.00;691
12028;36;5973161;12028;469;13387;14077;4.65;0.28;399.05;24.28;1359;68;4829.00;690
12029;36;5973178;12029;470;13388;14077;4.67;0.28;399.03;24.30;1359;68;4830.00;689
12032;36;5973193;12032;480;13389;14077;4.61;0.28;399.19;24.31;1357;68;4831.00;688
12034;36;5973207;12034;471;13389;14078;4.58;0.28;399.15;24.31;1355;68;4832.00;689
12038;36;5973222;12038;478;13392;14079;4.56;0.28;399.27;24.35;1354;68;4833.00;687
12042;36;5973242;12042;482;13392;14079;4.55;0.28;399.33;24.35;1350;68;4834.00;687
12043;36;5973258;12043;490;13398;14083;4.52;0.28;399.34;24.48;1355;68;4835.00;685
12045;36;5973273;12045;489;13400;14083;4.50;0.27;399.41;24.49;1355;68;4836.00;683
12048;36;5973288;12048;491;13402;14083;4.47;0.27;399.35;24.53;1354;68;4837.00;681
12050;36;5973303;12050;488;13403;14083;4.43;0.27;399.44;24.54;1353;68;4838.00;680
12055;36;5973323;12055;492;13410;14089;4.37;0.27;399.62;24.56;1355;68;4839.00;679
12057;36;5973338;12057;498;13412;14089;4.34;0.26;399.68;24.56;1355;68;4840.00;677
12060;36;5973352;12060;484;13414;14089;4.33;0.26;399.68;24.57;1354;68;4841.00;675
12061;36;5973367;12061;477;13414;14092;4.38;0.27;399.69;24.57;1353;68;4842.00;678
12062;36;5973382;12062;480;13418;14092;4.40;0.27;399.69;24.62;1356;68;4843.00;674
12065;36;5973403;12065;468;13421;14092;4.40;0.27;399.81;24.65;1356;68;4844.00;671
12069;36;5973428;12069;475;13422;14093;4.44;0.27;399.82;24.65;1353;68;4845.00;671
12071;36;5973444;12071;473;13427;14094;4.48;0.27;399.83;24.68;1356;68;4846.00;667
12073;36;5973460;12073;478;13428;14094;4.50;0.27;399.92;24.70;1355;68;4847.00;666
12075;36;5973475;12075;475;13441;14107;4.53;0.28;399.93;24.70;1366;68;4848.00;666
12076;36;5973491;12076;472;13441;14107;4.58;0.28;399.97;24.70;1365;68;4849.00;666
12078;36;5973507;12078;479;13442;14107;4.64;0.28;399.99;24.72;1364;69;4850.00;665
12083;36;5973527;12083;482;13445;14108;4.69;0.29;400.06;24.75;1362;69;4851.00;663
12084;36;5973543;12084;477;13447;14108;4.74;0.29;400.11;24.78;1363;69;4852.00;661
12090;36;5973558;12090;475;13449;14112;4.69;0.28;400.18;24.78;1359;69;4853.00;663
12093;36;5973574;12093;473;13452;14112;4.71;0.29;400.35;24.81;1359;69;4854.00;660
12095;36;5973590;12095;465;13456;14116;4.73;0.29;400.36;24.82;1361;69;4855.00;660
12097;36;5973605;12097;465;13458;14116;4.74;0.29;400.49;24.84;1361;69;4856.00;658
12100;36;5973620;12100;474;13459;14116;4.75;0.29;400.55;24.85;1359;69;4857.00;657
12101;36;5973635;12101;473;13462;14116;4.78;0.29;400.58;24.89;1361;69;4858.00;654
12107;36;5973651;12107;472;13462;14116;4.78;0.29;400.80;24.89;1355;69;4859.00;654
12108;36;5973668;12108;478;13486;14150;4.83;0.29;400.78;24.86;1378;69;4860.00;664
12111;36;5973685;12111;480;13488;14150;4.80;0.29;400.86;24.89;1377;69;4861.00;662
12114;36;5973700;12114;471;13490;14150;4.82;0.29;400.91;24.89;1376;69;4862.00;660
12118;36;5973715;12118;472;13492;14150;4.80;0.29;400.98;24.92;1374;69;4863.00;658
12121;36;5973730;12121;480;13498;14150;4.80;0.29;401.14;24.95;1377;69;4864.00;652
12122;36;5973746;12122;480;13498;14150;4.80;0.29;401.18;24.95;1376;69;4865.00;652
12124;36;5973761;12124;477;13499;14151;4.77;0.29;401.17;24.97;1375;69;4866.00;652
12127;36;5973776;12127;484;13501;14151;4.78;0.29;401.31;24.97;1374;69;4867.00;650
12129;36;5973791;12129;489;13507;14157;4.79;0.29;401.33;24.99;1378;69;4868.00;650
12133;36;5973807;12133;494;13508;14158;4.75;0.29;401.39;25.00;1375;69;4869.00;650
12134;36;5973822;12134;490;13510;14158;4.75;0.29;401.43;25.03;1376;69;4870.00;648
12137;36;5973838;12137;486;13512;14158;4.72;0.29;401.51;25.03;1375;69;4871.00;646
12138;36;5973853;12138;497;13514;14162;4.69;0.29;401.51;25.04;1376;69;4872.00;648
12138;36;5973869;12138;506;13515;14162;4.66;0.28;401.51;25.04;1377;69;4873.00;647
12139;36;5973884;12139;515;13518;14162;4.58;0.28;401.54;25.06;1379;69;4874.00;644
12141;36;5973899;12141;522;13520;14163;4.55;0.28;401.59;25.18;1379;69;4875.00;643
12142;36;5973914;12142;514;13526;14167;4.54;0.28;401.59;25.19;1384;69;4876.00;641
12144;36;5973929;12144;512;13528;14167;4.50;0.27;401.57;25.20;1384;69;4877.00;639
12147;36;5973943;12147;523;13530;14170;4.46;0.27;401.67;25.21;1383;69;4878.00;640
12147;36;5973959;12147;516;13530;14170;4.47;0.27;401.67;25.21;1383;69;4879.00;640
12149;36;5973973;12149;516;13533;14170;4.45;0.27;401.66;25.23;1384;69;4880.00;637
12150;36;5973988;12150;521;13533;14170;4.43;0.27;401.66;25.23;1383;69;4881.00;637
12154;36;5974003;12154;514;13539;14174;4.41;0.27;401.62;25.25;1385;69;4882.00;635
12156;36;5974018;12156;516;13539;14174;4.43;0.27;401.60;25.25;1383;69;4883.00;635
12161;36;5974033;12161;520;13541;14174;4.42;0.27;401.69;25.28;1380;69;4884.00;633
12164;36;5974048;12164;528;13542;14174;4.42;0.27;401.63;25.29;1378;69;4885.00;632
12166;36;5974062;12166;533;13543;14175;4.43;0.27;401.62;25.30;1377;69;4886.00;632
12168;36;5974077;12168;535;13544;14176;4.38;0.27;401.60;25.32;1376;69;4887.00;632
12171;36;5974092;12171;526;13545;14176;4.34;0.27;401.57;25.33;1374;69;4888.00;631
12176;36;5974106;12176;523;13547;14177;4.31;0.26;401.62;25.34;1371;69;4889.00;630
12179;36;5974123;12179;526;13548;14177;4.29;0.26;401.62;25.35;1369;69;4890.00;629
12181;36;5974139;12181;528;13550;14177;4.26;0.26;401.59;25.37;1369;69;4891.00;627
12184;36;5974152;12184;535;13550;14177;4.27;0.26;401.58;25.37;1366;69;4892.00;627
12189;36;5974168;12189;538;13551;14177;4.20;0.26;401.61;25.39;1362;69;4893.00;626
12193;36;5974182;12193;549;13551;14177;4.17;0.25;401.53;25.39;1358;69;4894.00;626
12196;36;5974198;12196;546;13551;14177;4.19;0.25;401.53;25.39;1355;69;4895.00;626
12197;36;5974212;12197;567;13611;14304;4.45;0.28;401.57;25.27;1414;69;4896.00;693
12199;36;5974236;12199;568;13612;14305;4.44;0.27;401.52;25.27;1413;69;4897.00;693
12203;36;5974252;12203;561;13621;14305;4.50;0.28;401.49;25.27;1418;69;4898.00;684
12203;36;5974266;12203;575;13623;14305;4.53;0.28;401.49;25.27;1420;69;4899.00;682
12203;36;5974282;12203;573;13629;14305;4.57;0.28;401.49;25.27;1426;69;4900.00;676
12206;36;5974300;12206;574;13632;14305;4.60;0.28;401.49;25.27;1426;69;4901.00;673
12207;36;5974321;12207;579;13634;14305;4.59;0.28;401.46;25.26;1427;69;4902.00;671
12208;36;5974336;12208;582;13639;14305;4.56;0.28;401.46;25.26;1431;69;4903.00;666
12208;36;5974351;12208;587;13640;14306;4.54;0.28;401.46;25.26;1432;69;4904.00;666
12208;36;5974371;12208;592;13642;14308;4.52;0.28;401.46;25.25;1434;69;4905.00;666
12208;36;5974385;12208;591;13645;14308;4.48;0.28;401.46;25.25;1437;69;4906.00;663
12210;36;5974402;12210;601;13646;14309;4.42;0.27;401.45;25.25;1436;69;4907.00;663
12213;36;5974416;12213;609;13647;14309;4.33;0.27;401.46;25.25;1434;69;4908.00;662
12217;36;5974431;12217;616;13648;14309;4.24;0.26;401.45;25.25;1431;69;4909.00;661
12218;36;5974445;12218;625;13649;14309;4.17;0.26;401.44;25.25;1431;69;4910.00;660
12218;36;5974459;12218;642;13652;14313;4.13;0.25;401.44;25.24;1434;69;4911.00;661
12220;36;5974474;12220;645;13652;14313;4.05;0.25;401.40;25.24;1432;69;4912.00;661
12222;36;5974489;12222;652;13653;14313;3.97;0.24;401.45;25.24;1431;69;4913.00;660
12222;36;5974513;12222;655;13654;14316;3.92;0.24;401.45;25.24;1432;69;4914.00;662
12222;36;5974527;12222;658;13655;14316;3.89;0.24;401.45;25.24;1433;69;4915.00;661
12222;36;5974546;12222;663;13655;14316;3.89;0.24;401.45;25.24;1433;69;4916.00;661
12223;36;5974560;12223;663;13658;14320;3.84;0.24;401.49;25.23;1435;69;4917.00;662
12226;36;5974574;12226;656;13659;14321;3.80;0.23;401.50;25.23;1433;69;4918.00;662
12227;36;5974590;12227;648;13659;14321;3.81;0.23;401.51;25.23;1432;69;4919.00;662
12227;36;5974605;12227;635;13663;14326;3.83;0.24;401.51;25.22;1436;69;4920.00;663
12229;36;5974620;12229;628;13663;14326;3.85;0.24;401.51;25.22;1434;69;4921.00;663
12231;36;5974635;12231;637;13663;14326;3.86;0.24;401.53;25.22;1432;69;4922.00;663
12231;36;5974649;12231;629;13663;14327;3.85;0.24;401.53;25.22;1432;69;4923.00;664
12234;36;5974663;12234;628;13663;14327;3.88;0.24;401.53;25.22;1429;69;4924.00;664
12237;36;5974682;12237;634;13667;14333;3.91;0.24;401.46;25.21;1430;69;4925.00;666
12238;36;5974702;12238;633;13667;14333;3.87;0.24;401.43;25.21;1429;70;4926.00;666
12241;36;5974723;12241;631;13667;14334;3.84;0.24;401.43;25.21;1426;70;4927.00;667
12242;36;5974738;12242;637;13667;14334;3.85;0.24;401.41;25.21;1425;70;4928.00;667
12244;36;5974752;12244;640;13667;14334;3.83;0.23;401.41;25.21;1423;70;4929.00;667
12246;36;5974766;12246;643;13667;14334;3.80;0.23;401.38;25.21;1421;70;4930.00;667
12247;36;5974780;12247;638;13667;14334;3.80;0.23;401.43;25.21;1420;70;4931.00;667
12248;36;5974794;12248;644;13676;14346;3.82;0.23;401.43;25.20;1428;70;4932.00;670
12250;36;5974809;12250;639;13676;14346;3.85;0.24;401.48;25.20;1426;70;4933.00;670
12250;36;5974823;12250;641;13676;14346;3.91;0.24;401.48;25.20;1426;70;4934.00;670
12251;36;5974838;12251;638;13676;14346;3.95;0.24;401.46;25.20;1425;70;4935.00;670
12253;36;5974852;12253;636;13676;14346;4.00;0.24;401.51;25.20;1423;70;4936.00;670
12254;36;5974865;12254;630;13676;14346;4.01;0.25;401.49;25.20;1422;70;4937.00;670
12255;36;5974880;12255;625;13679;14350;3.99;0.24;401.48;25.19;1424;70;4938.00;671
12257;36;5974894;12257;626;13679;14350;3.97;0.24;401.44;25.19;1422;70;4939.00;671
12261;36;5974908;12261;616;13681;14354;4.00;0.24;401.43;25.19;1420;70;4940.00;673
12261;36;5974922;12261;613;13681;14355;3.98;0.24;401.43;25.19;1420;70;4941.00;674
12263;36;5974936;12263;606;13681;14355;3.98;0.24;401.45;25.19;1418;70;4942.00;674
12264;36;5974950;12264;613;13681;14355;3.98;0.24;401.57;25.19;1417;70;4943.00;674
12265;36;5974963;12265;600;13689;14368;4.01;0.25;401.69;25.17;1424;70;4944.00;679
12266;36;5974978;12266;591;13689;14368;4.04;0.25;401.78;25.17;1423;70;4945.00;679
12269;36;5974992;12269;594;13689;14368;4.04;0.25;401.84;25.17;1420;70;4946.00;679
12273;36;5975006;12273;594;13689;14369;4.01;0.24;401.95;25.17;1416;70;4947.00;680
12275;36;5975019;12275;590;13689;14370;4.01;0.24;401.97;25.17;1414;70;4948.00;681
12278;36;5975033;12278;591;13689;14370;3.99;0.24;401.93;25.17;1411;70;4949.00;681
12281;36;5975048;12281;574;13693;14379;3.99;0.24;401.93;25.17;1412;70;4950.00;686
12282;36;5975064;12282;562;13693;14379;4.03;0.25;401.92;25.17;1411;70;4951.00;686
12286;36;5975078;12286;551;13694;14379;4.07;0.25;401.98;25.17;1408;70;4952.00;685
12288;36;5975092;12288;534;13694;14379;4.13;0.25;402.07;25.17;1406;70;4953.00;685
12292;36;5975112;12292;543;13697;14385;4.21;0.26;402.20;25.16;1405;70;4954.00;688
12295;36;5975127;12295;532;13698;14385;4.26;0.26;402.21;25.16;1403;70;4955.00;687
12297;36;5975141;12297;527;13698;14385;4.33;0.26;402.29;25.16;1401;70;4956.00;687
12300;36;5975156;12300;516;13698;14385;4.37;0.27;402.34;25.16;1398;70;4957.00;687
12304;36;5975171;12304;512;13701;14389;4.41;0.27;402.37;25.15;1397;70;4958.00;688
12305;36;5975186;12305;508;13701;14390;4.45;0.27;402.37;25.15;1396;70;4959.00;689
12310;36;5975200;12310;502;13701;14390;4.47;0.27;402.45;25.15;1391;70;4960.00;689
12315;36;5975216;12315;502;13701;14391;4.54;0.28;402.49;25.15;1386;70;4961.00;690
12317;36;5975231;12317;507;13701;14391;4.58;0.28;402.48;25.15;1384;70;4962.00;690
12322;36;5975246;12322;496;13701;14391;4.61;0.28;402.47;25.15;1379;70;4963.00;690
12329;36;5975261;12329;488;13701;14391;4.59;0.28;402.59;25.15;1372;70;4964.00;690
12335;36;5975276;12335;484;13701;14391;4.61;0.28;402.77;25.15;1366;70;4965.00;690
12340;36;5975291;12340;469;13701;14391;4.62;0.28;402.89;25.15;1361;70;4966.00;690
12345;36;5975307;12345;474;13701;14391;4.64;0.28;403.05;25.15;1356;70;4967.00;690
12349;36;5975321;12349;475;13733;14461;4.79;0.29;403.07;25.09;1384;70;4968.00;728
12353;37;5975348;12353;465;13735;14462;4.83;0.30;403.17;25.09;1382;71;4969.00;727
12358;37;5975368;12358;459;13739;14462;4.84;0.30;403.23;25.08;1381;71;4970.00;723
12362;37;5975384;12362;450;13739;14462;4.85;0.30;403.25;25.08;1377;71;4971.00;723
12367;37;5975399;12367;441;13740;14462;4.81;0.29;403.23;25.08;1373;71;4972.00;722
12372;37;5975415;12372;438;13740;14462;4.85;0.30;403.29;25.08;1368;71;4973.00;722
12376;37;5975430;12376;434;13740;14462;4.84;0.30;403.48;25.08;1364;71;4974.00;722
12379;37;5975449;12379;445;13740;14462;4.86;0.30;403.57;25.08;1361;71;4975.00;722
12384;37;5975465;12384;439;13740;14463;4.88;0.30;403.68;25.08;1356;71;4976.00;723
12387;37;5975481;12387;436;13740;14464;4.86;0.30;403.76;25.08;1353;71;4977.00;724
12392;37;5975496;12392;437;13740;14464;4.85;0.30;403.85;25.08;1348;71;4978.00;724
12395;37;5975512;12395;432;13743;14468;4.83;0.29;403.96;25.08;1348;71;4979.00;725
12403;37;5975529;12403;434;13743;14468;4.76;0.29;404.06;25.08;1340;71;4980.00;725
12406;37;5975545;12406;429;13744;14468;4.76;0.29;404.06;25.08;1338;71;4981.00;724
12410;37;5975559;12410;431;13744;14468;4.79;0.29;404.11;25.08;1334;71;4982.00;724
12415;37;5975574;12415;428;13747;14474;4.77;0.29;404.24;25.07;1332;71;4983.00;727
12418;37;5975589;12418;432;13749;14474;4.77;0.29;404.34;25.09;1331;71;4984.00;725
12419;37;5975604;12419;437;13749;14474;4.81;0.29;404.36;25.09;1330;71;4985.00;725
12422;37;5975619;12422;432;13749;14477;4.88;0.30;404.37;25.09;1327;71;4986.00;728
12425;37;5975634;12425;438;13752;14477;4.91;0.30;404.37;25.11;1327;71;4987.00;725
12432;37;5975650;12432;434;13752;14477;4.91;0.30;404.50;25.11;1320;71;4988.00;725
12434;37;5975666;12434;427;13754;14478;4.89;0.30;404.53;25.13;1320;71;4989.00;724
12438;37;5975680;12438;428;13755;14479;4.87;0.30;404.63;25.13;1317;71;4990.00;724
12441;37;5975700;12441;428;13756;14479;4.81;0.29;404.64;25.15;1315;71;4991.00;723
12443;37;5975716;12443;436;13766;14492;4.81;0.29;404.70;25.15;1323;71;4992.00;726
12443;37;5975732;12443;440;13767;14492;4.83;0.29;404.70;25.15;1324;71;4993.00;725
12445;37;5975752;12445;441;13769;14492;4.81;0.29;404.71;25.16;1324;71;4994.00;723
12446;37;5975767;12446;448;13772;14494;4.76;0.29;404.72;25.18;1326;71;4995.00;722
12448;37;5975782;12448;453;13773;14494;4.68;0.28;404.70;25.18;1325;71;4996.00;721
12451;37;5975796;12451;443;13776;14498;4.66;0.28;404.69;25.19;1325;71;4997.00;722
12454;37;5975812;12454;449;13776;14498;4.63;0.28;404.82;25.19;1322;71;4998.00;722
12458;37;5975827;12458;441;13781;14502;4.60;0.28;404.86;25.20;1323;71;4999.00;721
12459;37;5975843;12459;438;13782;14502;4.61;0.28;404.87;25.22;1323;71;5000.00;720
12460;37;5975862;12460;442;13786;14502;4.66;0.28;404.93;25.36;1326;71;5001.00;716
12462;37;5975879;12462;428;13787;14502;4.70;0.28;404.98;25.38;1325;71;5002.00;715
12464;37;5975894;12464;429;13789;14502;4.72;0.29;404.98;25.40;1325;71;5003.00;713
12465;37;5975908;12465;427;13796;14514;4.72;0.29;404.98;25.38;1331;71;5004.00;718
12467;37;5975924;12467;437;13800;14514;4.72;0.29;404.98;25.42;1333;71;5005.00;714
12468;37;5975939;12468;428;13801;14514;4.72;0.29;405.00;25.44;1333;71;5006.00;713
12472;37;5975953;12472;419;13802;14514;4.71;0.29;405.02;25.44;1330;71;5007.00;712
12475;37;5975968;12475;422;13804;14514;4.73;0.29;405.19;25.45;1329;71;5008.00;710
12478;37;5975983;12478;419;13805;14514;4.75;0.29;405.32;25.47;1327;71;5009.00;709
12479;37;5976000;12479;420;13808;14515;4.81;0.29;405.42;25.51;1329;71;5010.00;707
12480;37;5976021;12480;416;13809;14515;4.83;0.29;405.43;25.51;1329;71;5011.00;706
12482;37;5976036;12482;420;13815;14521;4.87;0.30;405.47;25.54;1333;71;5012.00;706
12485;37;5976052;12485;417;13816;14522;4.92;0.30;405.65;25.54;1331;71;5013.00;706
12488;37;5976068;12488;421;13819;14522;4.95;0.30;405.69;25.57;1331;71;5014.00;703
12488;37;5976086;12488;422;13820;14522;4.97;0.30;405.69;25.57;1332;71;5015.00;702
12490;37;5976104;12490;433;13824;14526;5.03;0.31;405.79;25.60;1334;71;5016.00;702
12492;37;5976122;12492;431;13826;14526;5.06;0.31;405.80;25.60;1334;71;5017.00;700
12494;37;5976138;12494;429;13830;14526;5.08;0.31;405.78;25.76;1336;71;5018.00;696
12495;37;5976154;12495;428;13831;14527;5.04;0.31;405.80;25.76;1336;71;5019.00;696
12496;37;5976169;12496;438;13837;14531;5.06;0.31;405.81;25.78;1341;71;5020.00;694
12496;37;5976190;12496;431;13840;14531;5.08;0.31;405.81;25.79;1344;71;5021.00;691
12500;37;5976208;12500;429;13843;14534;5.08;0.31;405.94;25.81;1343;71;5022.00;691
12501;37;5976224;12501;431;13846;14534;5.06;0.31;405.93;25.82;1345;71;5023.00;688
12505;37;5976240;12505;433;13848;14534;5.02;0.31;406.05;25.85;1343;71;5024.00;686
12507;37;5976261;12507;429;13848;14534;4.99;0.30;406.05;25.85;1341;71;5025.00;686
12509;37;5976283;12509;426;13853;14538;5.01;0.30;406.05;25.87;1344;71;5026.00;685
12511;37;5976301;12511;433;13853;14538;5.00;0.30;406.05;25.87;1342;71;5027.00;685
12512;37;5976316;12512;432;13858;14538;5.00;0.30;406.08;26.28;1346;72;5028.00;680
12518;37;5976346;12518;429;13859;14538;4.91;0.30;406.10;26.30;1341;72;5029.00;679
12520;37;5976362;12520;436;13860;14539;4.84;0.29;406.09;26.31;1340;72;5030.00;679
12524;37;5976376;12524;437;13861;14540;4.77;0.29;406.07;26.33;1337;72;5031.00;679
12527;37;5976392;12527;444;13862;14540;4.70;0.29;406.07;26.34;1335;72;5032.00;678
12531;37;5976407;12531;448;13864;14541;4.65;0.28;406.03;26.35;1333;72;5033.00;677
12533;37;5976422;12533;461;13865;14541;4.62;0.28;406.06;26.37;1332;73;5034.00;676
12533;37;5976442;12533;471;13866;14541;4.64;0.28;406.06;26.38;1333;73;5035.00;675
12535;37;5976456;12535;474;13868;14541;4.61;0.28;406.11;26.41;1333;73;5036.00;673
12539;37;5976470;12539;482;13868;14541;4.58;0.28;406.11;26.41;1329;73;5037.00;673
12540;37;5976483;12540;485;13869;14541;4.60;0.28;406.13;26.42;1329;73;5038.00;672
12545;37;5976498;12545;490;13871;14541;4.54;0.28;406.21;26.45;1326;73;5039.00;670
12549;37;5976514;12549;543;13991;14771;4.64;0.29;406.17;26.25;1442;73;5040.00;780
12552;37;5976544;12552;530;13994;14772;4.62;0.29;406.15;26.27;1442;73;5041.00;778
12557;37;5976560;12557;505;14000;14772;4.67;0.29;406.16;26.26;1443;73;5042.00;772
12560;37;5976575;12560;503;14006;14772;4.70;0.29;406.22;26.28;1446;73;5043.00;766
12561;37;5976592;12561;500;14012;14772;4.76;0.30;406.19;26.29;1451;73;5044.00;760
12567;37;5976609;12567;491;14017;14772;4.78;0.30;406.16;26.30;1450;73;5045.00;755
12568;37;5976630;12568;481;14023;14772;4.84;0.30;406.17;26.30;1455;73;5046.00;749
12570;37;5976646;12570;474;14026;14772;4.87;0.30;406.21;26.30;1456;73;5047.00;746
12572;37;5976664;12572;474;14032;14773;4.88;0.30;406.22;26.32;1460;73;5048.00;741
12574;37;5976684;12574;476;14036;14774;4.90;0.30;406.21;26.32;1462;73;5049.00;738
12576;37;5976702;12576;472;14040;14774;4.88;0.30;406.26;26.33;1464;73;5050.00;734
12581;37;5976718;12581;482;14044;14775;4.81;0.30;406.21;26.34;1463;73;5051.00;731
12583;37;5976734;12583;485;14047;14775;4.75;0.29;406.16;26.35;1464;73;5052.00;728
12587;37;5976750;12587;489;14049;14775;4.71;0.29;406.14;26.36;1462;73;5053.00;726
12588;37;5976766;12588;494;14051;14775;4.65;0.29;406.19;26.37;1463;74;5054.00;724
12592;37;5976789;12592;512;14055;14779;4.61;0.29;406.14;26.38;1463;74;5055.00;724
12594;37;5976811;12594;515;14056;14779;4.56;0.28;406.11;26.38;1462;74;5056.00;723
12598;37;5976826;12598;523;14058;14779;4.50;0.28;406.14;26.40;1460;74;5057.00;721
12599;37;5976862;12599;525;14061;14782;4.48;0.28;406.12;26.41;1462;74;5058.00;721
12605;37;5976878;12605;527;14062;14782;4.37;0.27;406.05;26.42;1457;74;5059.00;720
12606;37;5976895;12606;536;14064;14782;4.31;0.26;406.07;26.44;1458;74;5060.00;718
12606;37;5976911;12606;546;14067;14786;4.29;0.26;406.07;26.43;1461;74;5061.00;719
12606;37;5976927;12606;559;14069;14787;4.25;0.26;406.07;26.43;1463;74;5062.00;718
12606;37;5976943;12606;578;14070;14787;4.20;0.26;406.07;26.44;1464;74;5063.00;717
12607;37;5976959;12607;587;14073;14791;4.17;0.26;406.06;26.45;1466;74;5064.00;718
12609;37;5976975;12609;586;14074;14791;4.14;0.25;406.06;26.46;1465;74;5065.00;717
12612;37;5976991;12612;585;14077;14791;4.13;0.25;406.16;26.46;1465;74;5066.00;714
12614;37;5977007;12614;584;14078;14792;4.16;0.26;406.20;26.47;1464;74;5067.00;714
12616;37;5977024;12616;589;14079;14792;4.16;0.26;406.24;26.47;1463;74;5068.00;713
12617;37;5977040;12617;587;14085;14798;4.20;0.26;406.21;26.47;1468;74;5069.00;713
12618;37;5977066;12618;594;14086;14798;4.20;0.26;406.20;26.47;1468;74;5070.00;712
12623;37;5977084;12623;588;14089;14799;4.19;0.26;406.09;26.48;1466;74;5071.00;710
12626;37;5977107;12626;594;14090;14799;4.21;0.26;406.06;26.49;1464;74;5072.00;709
12626;37;5977124;12626;589;14090;14799;4.26;0.26;406.06;26.49;1464;74;5073.00;709
12627;37;5977141;12627;599;14091;14799;4.25;0.26;406.05;26.49;1464;74;5074.00;708
12630;37;5977158;12630;597;14092;14799;4.20;0.26;406.00;26.50;1462;74;5075.00;707
12632;37;5977175;12632;603;14104;14811;4.13;0.25;406.08;26.51;1472;74;5076.00;707
12633;37;5977193;12633;601;14105;14811;4.11;0.25;406.05;26.52;1472;74;5077.00;706
12635;37;5977210;12635;606;14106;14811;4.13;0.25;406.03;26.52;1471;74;5078.00;705
12637;37;5977226;12637;614;14108;14811;4.15;0.25;406.08;26.66;1471;74;5079.00;703
12638;37;5977243;12638;617;14109;14811;4.17;0.26;406.05;26.66;1471;74;5080.00;702
12639;37;5977260;12639;606;14110;14811;4.19;0.26;406.03;26.66;1471;74;5081.00;701
12640;37;5977282;12640;616;14117;14815;4.19;0.26;406.03;26.80;1477;74;5082.00;698
12642;37;5977299;12642;614;14117;14815;4.17;0.26;405.98;26.80;1475;74;5083.00;698
12643;37;5977316;12643;614;14121;14819;4.19;0.26;406.01;26.79;1478;74;5084.00;698
12646;37;5977333;12646;617;14123;14821;4.17;0.26;405.96;26.92;1477;74;5085.00;698
12648;37;5977351;12648;625;14123;14821;4.13;0.25;405.92;26.92;1475;74;5086.00;698
12650;37;5977368;12650;626;14123;14821;4.11;0.25;405.89;26.92;1473;74;5087.00;698
12652;37;5977384;12652;638;14133;14834;4.07;0.25;405.88;27.03;1481;74;5088.00;701
12653;37;5977408;12653;641;14134;14834;4.08;0.25;405.87;27.03;1481;74;5089.00;700
12656;37;5977426;12656;644;14134;14834;4.08;0.25;405.80;27.03;1478;74;5090.00;700
12658;37;5977447;12658;646;14136;14835;4.09;0.25;405.85;27.16;1478;74;5091.00;699
12661;37;5977467;12661;656;14136;14836;4.05;0.25;405.91;27.16;1475;74;5092.00;700
12663;37;5977484;12663;660;14136;14836;4.04;0.25;406.00;27.16;1473;74;5093.00;700
12665;37;5977500;12665;661;14137;14839;4.03;0.25;406.00;27.15;1472;74;5094.00;702
12670;37;5977516;12670;663;14141;14839;4.01;0.24;406.08;27.66;1471;74;5095.00;698
12672;37;5977531;12672;672;14141;14839;4.03;0.24;406.07;27.66;1469;74;5096.00;698
12672;37;5977547;12672;672;14141;14839;4.05;0.25;406.07;27.66;1469;74;5097.00;698
12674;37;5977563;12674;674;14145;14845;4.09;0.25;406.10;27.66;1471;74;5098.00;700
12675;37;5977580;12675;677;14145;14845;4.09;0.25;406.21;27.66;1470;74;5099.00;700
12677;37;5977597;12677;684;14150;14864;4.08;0.25;406.17;27.65;1473;74;5100.00;714
12678;37;5977619;12678;678;14150;14864;4.07;0.25;406.17;27.65;1472;74;5101.00;714
12681;37;5977636;12681;677;14153;14868;4.03;0.24;406.17;27.64;1472;74;5102.00;715
12683;37;5977654;12683;675;14153;14869;4.02;0.24;406.14;27.64;1470;74;5103.00;716
12685;37;5977669;12685;673;14153;14869;4.01;0.24;406.24;27.64;1468;74;5104.00;716
12686;37;5977685;12686;666;14154;14870;4.00;0.24;406.33;27.64;1468;74;5105.00;716
12691;37;5977700;12691;667;14157;14870;4.01;0.24;406.43;27.63;1466;74;5106.00;713
12691;37;5977716;12691;658;14157;14870;4.03;0.24;406.43;27.63;1466;74;5107.00;713
12693;37;5977731;12693;657;14157;14870;4.05;0.25;406.53;27.63;1464;74;5108.00;713
12694;37;5977745;12694;655;14157;14870;4.09;0.25;406.50;27.63;1463;74;5109.00;713
12697;37;5977761;12697;655;14157;14870;4.12;0.25;406.46;27.63;1460;74;5110.00;713
12699;37;5977776;12699;652;14158;14870;4.14;0.25;406.48;27.63;1459;74;5111.00;712
12702;37;5977790;12702;666;14191;14940;4.22;0.26;406.59;27.57;1489;74;5112.00;749
12706;37;5977812;12706;650;14193;14941;4.25;0.26;406.65;27.56;1487;74;5113.00;748
12710;37;5977832;12710;650;14195;14941;4.25;0.26;406.57;27.56;1485;74;5114.00;746
12712;37;5977847;12712;633;14195;14941;4.26;0.26;406.67;27.56;1483;74;5115.00;746
12716;37;5977863;12716;627;14196;14941;4.30;0.26;406.81;27.56;1480;74;5116.00;745
12719;37;5977880;12719;618;14197;14941;4.34;0.26;406.77;27.56;1478;74;5117.00;744
12721;37;5977896;12721;613;14197;14941;4.36;0.27;406.79;27.56;1476;74;5118.00;744
12724;37;5977912;12724;611;14197;14941;4.36;0.27;406.82;27.56;1473;74;5119.00;744
12727;37;5977927;12727;604;14197;14942;4.36;0.27;406.87;27.56;1470;74;5120.00;745
12730;37;5977943;12730;600;14197;14943;4.35;0.26;406.90;27.56;1467;74;5121.00;746
12734;37;5977960;12734;598;14198;14943;4.32;0.26;406.97;27.56;1464;74;5122.00;745
12736;37;5977977;12736;595;14202;14947;4.35;0.26;406.96;27.55;1466;74;5123.00;745
12739;37;5977994;12739;598;14202;14947;4.40;0.27;407.07;27.55;1463;74;5124.00;745
12743;37;5978010;12743;593;14203;14947;4.42;0.27;407.10;27.55;1460;74;5125.00;744
12745;37;5978028;12745;585;14203;14947;4.44;0.27;407.11;27.55;1458;74;5126.00;744
12748;37;5978044;12748;584;14205;14953;4.41;0.27;407.09;27.55;1457;74;5127.00;748
12751;37;5978061;12751;584;14207;14953;4.39;0.27;407.15;27.55;1456;74;5128.00;746
12755;37;5978081;12755;593;14208;14953;4.37;0.26;407.30;27.55;1453;74;5129.00;745
12758;37;5978098;12758;596;14210;14959;4.37;0.26;407.32;27.55;1452;74;5130.00;749
12764;37;5978115;12764;599;14212;14959;4.37;0.26;407.35;27.54;1448;74;5131.00;747
12768;37;5978132;12768;592;14213;14959;4.35;0.26;407.51;27.54;1445;74;5132.00;746
12770;37;5978150;12770;588;14214;14960;4.36;0.26;407.55;27.54;1444;74;5133.00;746
12771;37;5978169;12771;581;14215;14961;4.38;0.27;407.64;27.54;1444;74;5134.00;746
12773;37;5978190;12773;586;14216;14961;4.39;0.27;407.67;27.54;1443;74;5135.00;745
12778;37;5978211;12778;592;14226;14974;4.34;0.26;407.75;27.53;1448;74;5136.00;748
12781;37;5978231;12781;592;14227;14974;4.34;0.26;407.76;27.53;1446;74;5137.00;747
12787;37;5978253;12787;593;14228;14974;4.31;0.26;407.80;27.53;1441;74;5138.00;746
12793;37;5978271;12793;590;14231;14975;4.25;0.26;407.99;27.53;1438;74;5139.00;744
12796;37;5978288;12796;595;14233;14975;4.24;0.26;407.99;27.53;1437;74;5140.00;742
12800;37;5978305;12800;601;14235;14979;4.21;0.26;408.07;27.52;1435;74;5141.00;744
12802;37;5978323;12802;602;14237;14979;4.23;0.26;408.09;27.52;1435;74;5142.00;742
12805;37;5978340;12805;595;14242;14983;4.22;0.26;408.10;27.52;1437;74;5143.00;741
12807;37;5978358;12807;597;14243;14983;4.27;0.26;408.06;27.52;1436;74;5144.00;740
12810;37;5978375;12810;594;14243;14983;4.27;0.26;408.13;27.52;1433;74;5145.00;740
12815;37;5978392;12815;592;14244;14983;4.21;0.26;408.15;27.53;1429;74;5146.00;739
12819;37;5978409;12819;599;14244;14983;4.19;0.25;408.24;27.53;1425;74;5147.00;739
12823;37;5978425;12823;607;14254;14995;4.15;0.25;408.26;27.65;1431;74;5148.00;741
12828;37;5978445;12828;613;14254;14995;4.11;0.25;408.33;27.65;1426;74;5149.00;741
12830;37;5978465;12830;621;14254;14995;4.09;0.25;408.35;27.65;1424;74;5150.00;741
12835;37;5978482;12835;628;14256;14995;4.03;0.25;408.49;27.67;1421;74;5151.00;739
12837;37;5978500;12837;639;14257;14995;4.02;0.24;408.49;27.68;1420;74;5152.00;738
12842;37;5978517;12842;650;14260;14995;3.98;0.24;408.54;27.70;1418;74;5153.00;735
12846;37;5978533;12846;662;14262;14996;3.92;0.24;408.56;27.71;1416;74;5154.00;734
12847;37;5978549;12847;655;14265;14998;3.89;0.24;408.58;27.70;1418;74;5155.00;733
12848;37;5978565;12848;658;14270;15004;3.86;0.24;408.62;27.71;1422;74;5156.00;734
12852;37;5978582;12852;660;14272;15005;3.80;0.23;408.63;27.73;1420;74;5157.00;733
12852;37;5978597;12852;661;14274;15005;3.77;0.23;408.63;27.72;1422;74;5158.00;731
12854;37;5978613;12854;674;14275;15005;3.72;0.23;408.67;27.74;1421;74;5159.00;730
12856;37;5978630;12856;674;14278;15010;3.72;0.23;408.64;27.73;1422;74;5160.00;732
12860;37;5978647;12860;675;14279;15010;3.69;0.22;408.61;27.74;1419;74;5161.00;731
12861;37;5978663;12861;658;14281;15010;3.73;0.23;408.63;27.77;1420;74;5162.00;729
12862;37;5978682;12862;652;14282;15011;3.75;0.23;408.62;27.77;1420;74;5163.00;729
12865;37;5978697;12865;648;14286;15015;3.74;0.23;408.71;27.78;1421;74;5164.00;729
12866;37;5978713;12866;647;14287;15015;3.76;0.23;408.77;27.79;1421;74;5165.00;728
12868;37;5978728;12868;632;14290;15018;3.79;0.23;408.75;27.80;1422;74;5166.00;728
12870;37;5978745;12870;643;14291;15018;3.83;0.23;408.86;27.81;1421;74;5167.00;727
12874;37;5978760;12874;641;14291;15018;3.85;0.23;408.93;27.81;1417;74;5168.00;727
12877;37;5978776;12877;657;14293;15018;3.87;0.23;408.90;27.84;1416;74;5169.00;725
12881;37;5978792;12881;651;14296;15022;3.86;0.23;409.11;27.83;1415;74;5170.00;726
12883;37;5978808;12883;649;14297;15022;3.88;0.24;409.17;27.84;1414;74;5171.00;725
12884;37;5978824;12884;631;14298;15022;3.91;0.24;409.20;27.86;1414;74;5172.00;724
12887;38;5978840;12887;627;14299;15022;3.92;0.24;409.31;27.87;1412;75;5173.00;723
12888;38;5978868;12888;622;14300;15023;3.99;0.24;409.31;27.88;1412;75;5174.00;723
12891;38;5978899;12891;622;14303;15025;4.00;0.24;409.57;27.91;1412;75;5175.00;722
12892;38;5978928;12892;617;14303;15025;4.00;0.24;409.57;27.91;1411;75;5176.00;722
12895;38;5978946;12895;623;14306;15026;4.02;0.24;409.73;27.93;1411;75;5177.00;720
12897;38;5978962;12897;624;14307;15026;4.00;0.24;409.83;27.94;1410;75;5178.00;719
12897;38;5978978;12897;628;14307;15026;4.05;0.25;409.83;27.94;1410;75;5179.00;719
12899;38;5978993;12899;625;14308;15026;4.06;0.25;409.82;27.95;1409;75;5180.00;718
12901;38;5979009;12901;630;14309;15026;4.08;0.25;409.92;27.97;1408;75;5181.00;717
12903;38;5979025;12903;626;14309;15026;4.06;0.25;409.99;27.97;1406;75;5182.00;717
12906;38;5979041;12906;617;14311;15026;4.06;0.25;410.02;27.99;1405;75;5183.00;715
12909;38;5979058;12909;639;14376;15153;4.23;0.26;410.05;27.86;1467;75;5184.00;777
12911;38;5979084;12911;618;14378;15154;4.26;0.26;410.08;27.86;1467;75;5185.00;776
12913;38;5979100;12913;615;14387;15154;4.31;0.27;410.13;27.87;1474;75;5186.00;767
12914;38;5979115;12914;609;14390;15154;4.33;0.27;410.11;27.89;1476;75;5187.00;764
12917;38;5979130;12917;607;14395;15154;4.35;0.27;410.09;27.89;1478;75;5188.00;759
12920;38;5979146;12920;613;14399;15154;4.33;0.27;410.12;27.90;1479;75;5189.00;755
12921;38;5979163;12921;612;14402;15154;4.33;0.27;410.11;27.91;1481;76;5190.00;752
12923;38;5979192;12923;620;14406;15154;4.36;0.27;410.11;27.91;1483;76;5191.00;748
12924;38;5979208;12924;619;14409;15155;4.36;0.27;410.14;27.92;1485;76;5192.00;746
12928;38;5979224;12928;618;14411;15156;4.35;0.27;410.12;27.93;1483;76;5193.00;745
12931;38;5979241;12931;623;14413;15156;4.31;0.27;410.22;27.94;1482;76;5194.00;743
12933;38;5979256;12933;623;14417;15157;4.30;0.26;410.19;27.95;1484;76;5195.00;740
12934;38;5979272;12934;635;14419;15157;4.28;0.26;410.18;27.95;1485;76;5196.00;738
12937;38;5979288;12937;639;14420;15157;4.25;0.26;410.19;27.96;1483;76;5197.00;737
12937;38;5979304;12937;640;14423;15157;4.21;0.26;410.19;27.97;1486;76;5198.00;734
12939;38;5979320;12939;635;14426;15161;4.17;0.26;410.22;27.97;1487;76;5199.00;735
12945;38;5979337;12945;638;14427;15161;4.11;0.25;410.25;27.97;1482;76;5200.00;734
12948;38;5979356;12948;641;14429;15161;4.07;0.25;410.22;27.99;1481;76;5201.00;732
12949;38;5979371;12949;647;14431;15164;4.09;0.25;410.29;28.00;1482;76;5202.00;733
12953;38;5979388;12953;642;14432;15164;4.05;0.25;410.29;28.01;1479;76;5203.00;732
12955;38;5979403;12955;649;14433;15164;4.02;0.25;410.25;28.02;1478;76;5204.00;731
12956;38;5979419;12956;653;14436;15168;4.01;0.25;410.24;28.01;1480;76;5205.00;732
12958;38;5979434;12958;640;14438;15169;4.03;0.25;410.20;28.02;1480;76;5206.00;731
12961;38;5979451;12961;643;14440;15169;4.01;0.25;410.16;28.04;1479;76;5207.00;729
12963;38;5979466;12963;640;14444;15173;4.01;0.25;410.13;28.06;1481;76;5208.00;729
12965;38;5979482;12965;637;14445;15173;3.98;0.24;410.15;28.05;1480;76;5209.00;728
12967;38;5979497;12967;640;14447;15173;3.96;0.24;410.16;28.07;1480;76;5210.00;726
12967;38;5979512;12967;634;14447;15174;3.98;0.24;410.16;28.07;1480;76;5211.00;727
12969;38;5979528;12969;617;14449;15174;4.00;0.24;410.14;28.09;1480;76;5212.00;725
12971;38;5979544;12971;612;14455;15180;4.06;0.25;410.12;28.11;1484;76;5213.00;725
12973;38;5979560;12973;599;14455;15180;4.09;0.25;410.08;28.11;1482;76;5214.00;725
12976;38;5979595;12976;601;14455;15180;4.12;0.25;410.03;28.11;1479;76;5215.00;725
12976;38;5979615;12976;598;14458;15181;4.18;0.26;410.03;28.14;1482;76;5216.00;723
12978;38;5979631;12978;590;14460;15181;4.19;0.26;410.02;28.16;1482;76;5217.00;721
12981;38;5979647;12981;585;14460;15181;4.22;0.26;410.00;28.16;1479;76;5218.00;721
12982;38;5979664;12982;587;14462;15181;4.23;0.26;410.08;28.17;1480;76;5219.00;719
12985;38;5979680;12985;578;14485;15217;4.30;0.26;410.02;28.26;1500;76;5220.00;732
12988;38;5979706;12988;577;14486;15217;4.33;0.26;410.07;28.26;1498;76;5221.00;731
12992;38;5979722;12992;572;14490;15217;4.33;0.26;410.05;28.28;1498;76;5222.00;727
12994;38;5979738;12994;574;14491;15217;4.35;0.27;410.12;28.27;1497;76;5223.00;726
12998;38;5979755;12998;573;14493;15217;4.38;0.27;410.11;28.28;1495;76;5224.00;724
13001;38;5979772;13001;577;14493;15217;4.41;0.27;410.12;28.28;1492;76;5225.00;724
13001;38;5979794;13001;579;14500;15221;4.45;0.27;410.12;28.29;1499;76;5226.00;721
13004;38;5979810;13004;581;14500;15221;4.45;0.27;410.05;28.29;1496;76;5227.00;721
13005;38;5979827;13005;586;14503;15225;4.45;0.27;410.05;28.29;1498;76;5228.00;722
13006;38;5979843;13006;591;14504;15226;4.43;0.27;410.03;28.30;1498;76;5229.00;722
13007;38;5979860;13007;597;14506;15226;4.38;0.27;410.04;28.31;1499;76;5230.00;720
13011;38;5979875;13011;601;14508;15226;4.32;0.26;409.98;28.32;1497;76;5231.00;718
13011;38;5979892;13011;612;14518;15239;4.30;0.26;409.98;28.30;1507;76;5232.00;721
13014;38;5979909;13014;609;14518;15239;4.30;0.26;410.04;28.30;1504;76;5233.00;721
13017;38;5979925;13017;611;14519;15239;4.30;0.26;410.13;28.31;1502;76;5234.00;720
13020;38;5979941;13020;610;14520;15240;4.29;0.26;410.22;28.31;1500;76;5235.00;720
13022;38;5979957;13022;602;14521;15241;4.27;0.26;410.24;28.32;1499;76;5236.00;720
13023;38;5979972;13023;598;14522;15241;4.28;0.26;410.23;28.32;1499;76;5237.00;719
13027;38;5979988;13027;611;14524;15244;4.24;0.26;410.32;28.33;1497;76;5238.00;720
13032;38;5980004;13032;615;14525;15244;4.24;0.26;410.26;28.33;1493;76;5239.00;719
13033;38;5980020;13033;612;14525;15244;4.23;0.26;410.29;28.33;1492;76;5240.00;719
13035;38;5980035;13035;615;14525;15244;4.25;0.26;410.39;28.33;1490;76;5241.00;719
13037;38;5980051;13037;627;14529;15250;4.29;0.26;410.45;28.33;1492;76;5242.00;721
13038;38;5980067;13038;626;14530;15250;4.27;0.26;410.44;28.33;1492;76;5243.00;720
13040;38;5980082;13040;628;14530;15250;4.23;0.26;410.47;28.33;1490;76;5244.00;720
13040;38;5980098;13040;629;14531;15250;4.24;0.26;410.47;28.47;1491;76;5245.00;719
13041;38;5980119;13041;642;14534;15254;4.20;0.26;410.57;28.46;1493;76;5246.00;720
13042;38;5980134;13042;638;14535;15255;4.18;0.25;410.60;28.59;1493;76;5247.00;720
13044;38;5980149;13044;648;14535;15255;4.17;0.25;410.67;28.59;1491;76;5248.00;720
13046;38;5980164;13046;654;14536;15256;4.19;0.26;410.68;28.59;1490;76;5249.00;720
13049;38;5980187;13049;665;14537;15256;4.18;0.25;410.71;28.73;1488;76;5250.00;719
13051;38;5980202;13051;676;14537;15256;4.20;0.26;410.75;28.73;1486;76;5251.00;719
13051;38;5980218;13051;676;14537;15256;4.21;0.26;410.75;28.73;1486;76;5252.00;719
13054;38;5980233;13054;672;14537;15256;4.20;0.26;410.80;28.73;1483;76;5253.00;719
13056;38;5980248;13056;673;14537;15256;4.19;0.26;410.85;28.73;1481;76;5254.00;719
13058;38;5980263;13058;677;14538;15256;4.18;0.25;410.85;28.86;1480;76;5255.00;718
13062;38;5980279;13062;692;14580;15326;4.22;0.26;410.92;28.77;1518;76;5256.00;746
13063;38;5980301;13063;686;14580;15327;4.24;0.26;410.90;28.77;1517;76;5257.00;747
13064;38;5980317;13064;687;14583;15327;4.27;0.26;410.89;28.77;1519;76;5258.00;744
13067;38;5980332;13067;694;14587;15327;4.27;0.26;410.86;28.90;1520;76;5259.00;740
13070;38;5980347;13070;687;14588;15327;4.28;0.26;410.96;28.89;1518;76;5260.00;739
13072;38;5980363;13072;688;14589;15327;4.26;0.26;410.95;29.03;1517;76;5261.00;738
13075;38;5980379;13075;685;14589;15327;4.22;0.26;410.99;29.03;1514;76;5262.00;738
13079;38;5980394;13079;685;14589;15327;4.20;0.26;411.00;29.03;1510;76;5263.00;738
13081;38;5980409;13081;672;14589;15328;4.21;0.26;410.96;29.03;1508;76;5264.00;739
13084;38;5980424;13084;672;14591;15330;4.18;0.25;411.06;29.02;1507;76;5265.00;739
13088;38;5980440;13088;667;14591;15330;4.16;0.25;411.18;29.02;1503;76;5266.00;739
13090;38;5980455;13090;672;14594;15334;4.20;0.26;411.13;29.02;1504;76;5267.00;740
13094;38;5980472;13094;669;14594;15334;4.18;0.25;411.10;29.02;1500;76;5268.00;740
13095;38;5980488;13095;659;14594;15334;4.20;0.25;411.21;29.02;1499;77;5269.00;740
13095;38;5980512;13095;667;14594;15334;4.22;0.26;411.21;29.02;1499;77;5270.00;740
13097;38;5980527;13097;670;14597;15340;4.24;0.26;411.33;29.01;1500;77;5271.00;743
13098;38;5980543;13098;666;14597;15340;4.24;0.26;411.35;29.01;1499;77;5272.00;743
13101;38;5980558;13101;670;14597;15340;4.21;0.26;411.40;29.01;1496;77;5273.00;743
13103;38;5980574;13103;669;14597;15343;4.18;0.25;411.38;29.01;1494;77;5274.00;746
13105;38;5980589;13105;670;14597;15343;4.15;0.25;411.38;29.01;1492;77;5275.00;746
13107;38;5980604;13107;673;14598;15343;4.10;0.25;411.37;29.01;1491;77;5276.00;745
13109;38;5980620;13109;677;14599;15344;4.10;0.25;411.39;29.01;1490;78;5277.00;745
13113;38;5980643;13113;681;14599;15345;4.07;0.25;411.43;29.01;1486;78;5278.00;746
13116;38;5980658;13116;676;14600;15345;4.03;0.25;411.41;29.01;1484;78;5279.00;745
13120;38;5980675;13120;674;14617;15371;4.04;0.25;411.43;28.98;1497;78;5280.00;754
13123;38;5980693;13123;663;14618;15371;4.04;0.25;411.42;28.98;1495;78;5281.00;753
13126;38;5980708;13126;660;14620;15371;4.06;0.25;411.39;28.97;1494;78;5282.00;751
13128;38;5980723;13128;652;14622;15372;4.09;0.25;411.37;28.97;1494;78;5283.00;750
13132;38;5980739;13132;653;14623;15372;4.11;0.25;411.33;28.97;1491;78;5284.00;749
13134;38;5980755;13134;644;14626;15376;4.14;0.25;411.33;28.96;1492;78;5285.00;750
13139;38;5980772;13139;639;14629;15376;4.14;0.25;411.47;28.96;1490;78;5286.00;747
13144;38;5980788;13144;619;14633;15379;4.15;0.25;411.62;28.95;1489;78;5287.00;746
13147;38;5980804;13147;618;14633;15380;4.16;0.25;411.71;28.95;1486;78;5288.00;747
13150;38;5980820;13150;616;14633;15380;4.18;0.26;411.80;28.95;1483;78;5289.00;747
13152;38;5980837;13152;626;14633;15380;4.18;0.26;411.89;28.95;1481;78;5290.00;747
13153;38;5980853;13153;626;14633;15380;4.16;0.25;411.98;28.95;1480;78;5291.00;747
13156;38;5980869;13156;625;14640;15392;4.21;0.26;411.95;28.94;1484;78;5292.00;752
13160;38;5980886;13160;633;14642;15392;4.17;0.26;412.00;28.93;1482;78;5293.00;750
13165;38;5980903;13165;633;14642;15392;4.16;0.25;412.16;28.93;1477;78;5294.00;750
13168;38;5980918;13168;629;14642;15392;4.13;0.25;412.16;28.93;1474;78;5295.00;750
13172;38;5980934;13172;628;14642;15392;4.12;0.25;412.23;28.93;1470;78;5296.00;750
13176;38;5980950;13176;626;14642;15392;4.08;0.25;412.39;28.93;1466;78;5297.00;750
13183;38;5980965;13183;631;14642;15393;4.02;0.25;412.34;28.93;1459;78;5298.00;751
13187;38;5980980;13187;634;14642;15393;3.98;0.24;412.35;28.93;1455;78;5299.00;751
13192;38;5980996;13192;645;14646;15399;3.92;0.24;412.52;28.93;1454;78;5300.00;753
13195;38;5981016;13195;640;14646;15400;3.92;0.24;412.61;28.93;1451;78;5301.00;754
13200;38;5981032;13200;641;14646;15400;3.88;0.24;412.67;28.93;1446;78;5302.00;754
13204;38;5981047;13204;638;14646;15400;3.85;0.24;412.82;28.93;1442;78;5303.00;754
13208;38;5981063;13208;639;14649;15404;3.84;0.24;412.80;28.92;1441;78;5304.00;755
13211;38;5981079;13211;644;14649;15404;3.80;0.23;412.87;28.92;1438;78;5305.00;755
13214;38;5981094;13214;640;14649;15404;3.78;0.23;412.86;28.92;1435;78;5306.00;755
13218;38;5981109;13218;625;14650;15405;3.73;0.23;412.84;28.92;1432;78;5307.00;755
13221;38;5981125;13221;621;14653;15409;3.76;0.23;412.91;28.91;1432;78;5308.00;756
13224;38;5981140;13224;631;14653;15409;3.74;0.23;413.00;28.91;1429;78;5309.00;756
13230;38;5981157;13230;633;14657;15415;3.70;0.23;413.06;28.91;1427;78;5310.00;758
13233;38;5981173;13233;636;14657;15415;3.69;0.23;413.05;28.91;1424;78;5311.00;758
13236;38;5981187;13236;631;14657;15415;3.70;0.23;413.10;28.91;1421;78;5312.00;758
13240;38;5981201;13240;642;14657;15415;3.66;0.22;413.17;28.91;1417;78;5313.00;758
13244;38;5981215;13244;650;14660;15419;3.66;0.22;413.17;28.90;1416;78;5314.00;759
13248;38;5981231;13248;651;14660;15419;3.61;0.22;413.30;28.90;1412;78;5315.00;759
13257;38;5981245;13257;658;14661;15419;3.55;0.22;413.45;28.91;1404;78;5316.00;758
13265;38;5981261;13265;657;14661;15419;3.51;0.21;413.37;28.91;1396;78;5317.00;758
13267;38;5981276;13267;663;14661;15420;3.49;0.21;413.32;28.91;1394;78;5318.00;759
13272;38;5981291;13272;663;14661;15421;3.45;0.21;413.35;28.91;1389;78;5319.00;760
13276;38;5981305;13276;670;14661;15421;3.43;0.21;413.37;28.91;1385;78;5320.00;760
13277;38;5981320;13277;666;14662;15422;3.46;0.21;413.36;28.91;1385;78;5321.00;760
13280;38;5981334;13280;670;14663;15422;3.44;0.21;413.35;28.92;1383;78;5322.00;759
13281;38;5981348;13281;671;14663;15422;3.41;0.21;413.45;28.92;1382;78;5323.00;759
13285;38;5981362;13285;675;14663;15422;3.38;0.21;413.54;28.92;1378;78;5324.00;759
13289;38;5981376;13289;673;14664;15422;3.31;0.20;413.53;28.93;1375;78;5325.00;758
13290;38;5981390;13290;677;14664;15422;3.28;0.20;413.52;28.93;1374;78;5326.00;758
13291;38;5981404;13291;676;14665;15422;3.26;0.20;413.56;28.95;1374;78;5327.00;757
13292;38;5981418;13292;691;14730;15549;3.60;0.22;413.54;28.82;1438;78;5328.00;819
13294;38;5981442;13294;682;14735;15550;3.62;0.22;413.54;28.83;1441;78;5329.00;815
13296;38;5981458;13296;673;14742;15550;3.66;0.23;413.50;28.83;1446;78;5330.00;808
13297;38;5981472;13297;677;14745;15550;3.71;0.23;413.51;28.82;1448;78;5331.00;805
13301;38;5981486;13301;672;14750;15550;3.72;0.23;413.50;28.83;1449;78;5332.00;800
13304;38;5981501;13304;675;14752;15550;3.68;0.23;413.59;28.82;1448;78;5333.00;798
13305;38;5981516;13305;676;14756;15550;3.66;0.23;413.63;28.83;1451;78;5334.00;794
13307;38;5981531;13307;679;14759;15550;3.65;0.23;413.62;28.84;1452;78;5335.00;791
13309;38;5981546;13309;672;14762;15551;3.64;0.22;413.64;28.85;1453;78;5336.00;789
13311;38;5981561;13311;670;14765;15552;3.60;0.22;413.59;28.86;1454;78;5337.00;787
13315;38;5981576;13315;670;14766;15552;3.59;0.22;413.51;28.87;1451;78;5338.00;786
13318;38;5981590;13318;657;14769;15553;3.53;0.22;413.47;28.88;1451;78;5339.00;784
13320;38;5981608;13320;655;14772;15553;3.55;0.22;413.42;28.89;1452;78;5340.00;781
13322;38;5981623;13322;656;14772;15553;3.59;0.22;413.38;28.89;1450;78;5341.00;781
13322;38;5981638;13322;650;14774;15553;3.62;0.22;413.38;28.91;1452;78;5342.00;779
13324;38;5981653;13324;656;14777;15557;3.65;0.22;413.40;28.91;1453;78;5343.00;780
13325;38;5981675;13325;651;14777;15557;3.65;0.22;413.40;28.91;1452;78;5344.00;780
13326;38;5981691;13326;649;14779;15557;3.68;0.23;413.38;28.93;1453;78;5345.00;778
13328;38;5981706;13328;647;14781;15560;3.75;0.23;413.42;28.94;1453;78;5346.00;779
13329;38;5981721;13329;645;14781;15560;3.77;0.23;413.46;28.94;1452;78;5347.00;779
13329;38;5981737;13329;647;14783;15560;3.79;0.23;413.46;28.96;1454;78;5348.00;777
13330;38;5981752;13330;645;14787;15564;3.83;0.24;413.53;28.96;1457;78;5349.00;777
13332;38;5981767;13332;652;14788;15565;3.89;0.24;413.51;28.96;1456;78;5350.00;777
13334;38;5981783;13334;662;14790;15565;3.93;0.24;413.47;28.98;1456;78;5351.00;775
13335;38;5981798;13335;650;14793;15569;3.98;0.24;413.55;28.97;1458;78;5352.00;776
13335;38;5981813;13335;653;14794;15569;4.06;0.25;413.55;28.98;1459;78;5353.00;775
13336;38;5981830;13336;651;14794;15569;4.10;0.25;413.52;28.98;1458;78;5354.00;775
13337;38;5981846;13337;646;14797;15571;4.13;0.25;413.56;29.00;1460;78;5355.00;774
13342;38;5981862;13342;654;14798;15571;4.08;0.25;413.59;29.01;1456;78;5356.00;773
13343;38;5981877;13343;659;14803;15577;4.13;0.25;413.56;29.01;1460;78;5357.00;774
13346;38;5981892;13346;659;14803;15577;4.14;0.25;413.52;29.01;1457;78;5358.00;774
13347;38;5981907;13347;640;14805;15577;4.17;0.26;413.59;29.03;1458;78;5359.00;772
13348;38;5981923;13348;636;14805;15578;4.20;0.26;413.56;29.03;1457;78;5360.00;773
13350;38;5981938;13350;629;14807;15578;4.23;0.26;413.62;29.05;1457;78;5361.00;771
13352;38;5981953;13352;620;14807;15578;4.26;0.26;413.59;29.05;1455;78;5362.00;771
13356;38;5981969;13356;622;14809;15578;4.25;0.26;413.62;29.07;1453;78;5363.00;769
13358;38;5981985;13358;614;14818;15590;4.32;0.26;413.64;29.06;1460;78;5364.00;772
13358;38;5982001;13358;600;14819;15590;4.37;0.27;413.64;29.07;1461;78;5365.00;771
13359;38;5982017;13359;600;14820;15590;4.41;0.27;413.64;29.07;1461;78;5366.00;770
13362;38;5982033;13362;605;14821;15590;4.44;0.27;413.70;29.08;1459;78;5367.00;769
13367;38;5982048;13367;601;14823;15590;4.42;0.27;413.64;29.10;1456;78;5368.00;767
13368;38;5982065;13368;595;14825;15590;4.44;0.27;413.71;29.12;1457;78;5369.00;765
13372;38;5982083;13372;585;14828;15594;4.48;0.27;413.72;29.12;1456;78;5370.00;766
13372;38;5982099;13372;582;14830;15594;4.53;0.28;413.72;29.14;1458;78;5371.00;764
13375;38;5982115;13375;575;14833;15598;4.56;0.28;413.68;29.13;1458;78;5372.00;765
13376;39;5982132;13376;559;14836;15599;4.59;0.28;413.67;29.29;1460;79;5373.00;763
13376;39;5982161;13376;550;14836;15599;4.64;0.28;413.67;29.29;1460;79;5374.00;763
13376;39;5982178;13376;537;14838;15599;4.68;0.28;413.67;29.30;1462;79;5375.00;761
13379;39;5982193;13379;536;14848;15612;4.75;0.29;413.65;29.28;1469;79;5376.00;764
13380;39;5982210;13380;524;14850;15612;4.80;0.29;413.63;29.30;1470;79;5377.00;762
13382;39;5982227;13382;514;14850;15612;4.84;0.29;413.72;29.30;1468;79;5378.00;762
13384;39;5982248;13384;513;14853;15613;4.89;0.30;413.73;29.32;1469;79;5379.00;760
13390;39;5982264;13390;513;14854;15614;4.87;0.29;413.92;29.33;1464;79;5380.00;760
13391;39;5982280;13391;509;14855;15614;4.88;0.29;413.96;29.34;1464;79;5381.00;759
13393;39;5982296;13393;503;14856;15617;4.92;0.30;414.05;29.33;1463;79;5382.00;761
13396;39;5982312;13396;508;14857;15617;4.91;0.30;414.17;29.34;1461;79;5383.00;760
13399;39;5982328;13399;503;14858;15617;4.94;0.30;414.17;29.35;1459;79;5384.00;759
13403;39;5982344;13403;501;14861;15617;4.88;0.29;414.25;29.51;1458;79;5385.00;756
13404;39;5982367;13404;506;14866;15623;4.88;0.29;414.29;29.51;1462;79;5386.00;757
13407;39;5982385;13407;510;14868;15623;4.77;0.29;414.29;29.65;1461;79;5387.00;755
13410;39;5982401;13410;516;14868;15623;4.70;0.28;414.30;29.65;1458;79;5388.00;755
13414;39;5982417;13414;513;14869;15623;4.65;0.28;414.24;29.66;1455;79;5389.00;754
13417;39;5982433;13417;512;14873;15627;4.60;0.28;414.26;29.66;1456;79;5390.00;754
13418;39;5982449;13418;516;14875;15628;4.54;0.28;414.26;29.68;1457;79;5391.00;753
13419;39;5982465;13419;531;14876;15628;4.54;0.28;414.39;29.68;1457;79;5392.00;752
13423;39;5982481;13423;520;14878;15629;4.53;0.28;414.54;29.69;1455;79;5393.00;751
13423;39;5982502;13423;519;14878;15629;4.52;0.27;414.54;29.69;1455;79;5394.00;751
13426;39;5982517;13426;528;14879;15629;4.51;0.27;414.59;29.70;1453;79;5395.00;750
13429;39;5982533;13429;524;14881;15629;4.54;0.28;414.72;29.71;1452;79;5396.00;748
13430;39;5982549;13430;522;14883;15629;4.55;0.28;414.82;29.72;1453;79;5397.00;746
13433;39;5982565;13433;528;14884;15629;4.54;0.28;414.82;29.73;1451;79;5398.00;745
13436;39;5982581;13436;532;14885;15629;4.52;0.28;415.04;29.74;1449;79;5399.00;744
