step_arrived;step_collisions;step_duration;step_ended;step_halting;step_inserted;step_loaded;step_meanSpeed;step_meanSpeedRelative;step_meanTravelTime;step_meanWaitingTime;step_running;step_teleports;step_time;step_waiting
0;0;4672620;0;1;85;245;16.47;1.16;-1.00;0.00;85;0;0.00;160
0;0;4672643;0;1;100;245;15.49;1.07;-1.00;0.15;100;0;1.00;145
0;0;4672644;0;0;119;245;14.65;1.00;-1.00;0.45;119;0;2.00;126
0;0;4672645;0;1;133;245;13.66;0.92;-1.00;0.71;133;0;3.00;112
0;0;4672646;0;3;148;245;12.39;0.83;-1.00;1.05;148;0;4.00;97
0;0;4672647;0;4;153;245;11.58;0.78;-1.00;1.18;153;0;5.00;92
0;0;4672648;0;4;168;245;10.72;0.71;-1.00;1.61;168;0;6.00;77
0;0;4672650;0;14;175;245;10.24;0.68;-1.00;1.82;175;0;7.00;70
0;0;4672651;0;19;187;246;9.54;0.63;-1.00;2.22;187;0;8.00;59
0;0;4672653;0;21;192;247;9.31;0.62;-1.00;2.40;192;0;9.00;55
0;0;4672655;0;21;201;247;9.08;0.60;-1.00;2.74;201;0;10.00;46
0;0;4672656;0;23;204;248;9.06;0.60;-1.00;2.81;204;0;11.00;44
2;0;4672658;2;28;208;248;8.77;0.57;12.00;2.99;206;0;12.00;40
2;0;4672660;2;30;212;248;8.53;0.56;12.00;3.17;210;0;13.00;36
2;0;4672662;2;38;216;248;8.49;0.55;12.00;3.38;214;0;14.00;32
2;0;4672665;2;46;220;252;8.36;0.54;12.00;3.46;218;0;15.00;32
2;0;4672667;2;46;225;252;8.22;0.53;12.00;3.64;223;0;16.00;27
2;0;4672670;2;50;227;252;8.15;0.52;12.00;3.76;225;0;17.00;25
2;0;4672672;2;60;229;255;8.12;0.52;12.00;3.81;227;0;18.00;26
3;0;4672674;3;64;234;255;7.98;0.51;14.33;4.13;231;0;19.00;21
5;0;4672677;5;67;236;255;8.01;0.51;16.60;4.27;231;0;20.00;19
5;0;4672679;5;70;241;259;8.18;0.52;16.60;4.28;236;0;21.00;18
6;0;4672682;6;74;242;260;8.20;0.52;17.33;4.27;236;0;22.00;18
6;0;4672685;6;78;244;260;8.13;0.51;17.33;4.42;238;0;23.00;16
6;0;4672688;6;81;247;264;8.11;0.51;17.33;4.47;241;0;24.00;17
6;0;4672691;6;84;250;264;8.04;0.50;17.33;4.62;244;0;25.00;14
6;0;4672694;6;86;250;264;8.14;0.51;17.33;4.62;244;0;26.00;14
6;0;4672696;6;84;251;265;8.22;0.51;17.33;4.71;245;0;27.00;14
6;0;4672699;6;87;252;265;8.28;0.51;17.33;4.70;246;0;28.00;13
6;0;4672702;6;89;257;271;8.31;0.51;17.33;4.63;251;0;29.00;14
7;0;4672707;7;90;259;271;8.42;0.52;19.14;4.77;252;0;30.00;12
8;0;4672709;8;92;260;272;8.44;0.52;20.25;4.76;252;0;31.00;12
8;0;4672712;8;94;260;272;8.57;0.53;20.25;4.76;252;0;32.00;12
9;0;4672715;9;96;261;272;8.62;0.53;21.67;4.87;252;0;33.00;11
9;0;4672719;9;100;263;272;8.67;0.54;21.67;5.02;254;0;34.00;9
10;0;4672722;10;105;264;272;8.69;0.54;23.00;5.13;254;0;35.00;8
11;0;4672725;11;107;274;284;8.87;0.55;23.55;4.95;263;0;36.00;10
11;0;4672729;11;109;275;284;8.83;0.55;23.55;4.96;264;0;37.00;9
12;0;4672732;12;110;276;284;8.70;0.54;24.33;5.08;264;0;38.00;8
12;0;4672735;12;112;276;284;8.55;0.53;24.33;5.08;264;0;39.00;8
14;0;4672738;14;116;277;284;8.28;0.52;26.07;5.17;263;0;40.00;7
14;0;4672741;14;120;278;284;8.11;0.51;26.07;5.24;264;0;41.00;6
15;0;4672744;15;123;284;288;8.04;0.50;26.67;5.21;269;0;42.00;4
16;0;4672747;16;127;285;288;7.88;0.49;27.31;5.22;269;0;43.00;3
18;0;4672750;18;133;288;292;7.72;0.48;28.00;5.18;270;0;44.00;4
19;0;4672753;19;134;290;294;7.60;0.47;28.79;5.14;271;0;45.00;4
19;0;4672756;19;135;290;294;7.36;0.46;28.79;5.14;271;0;46.00;4
19;0;4672759;19;139;291;294;7.32;0.46;28.79;5.14;272;0;47.00;3
19;0;4672761;19;143;302;307;7.60;0.47;28.79;4.95;283;0;48.00;5
19;0;4672765;19;145;302;307;7.48;0.47;28.79;4.95;283;0;49.00;5
19;0;4672767;19;145;302;307;7.43;0.47;28.79;4.95;283;0;50.00;5
19;0;4672770;19;146;303;308;7.46;0.47;28.79;4.94;284;0;51.00;5
20;0;4672773;20;146;304;309;7.46;0.47;29.90;4.92;284;0;52.00;5
21;0;4672775;21;150;304;309;7.43;0.46;30.10;4.92;283;0;53.00;5
23;0;4672778;23;153;306;312;7.45;0.46;30.52;4.89;283;0;54.00;6
24;0;4672781;24;153;306;312;7.42;0.46;31.54;4.89;282;0;55.00;6
25;0;4672784;25;141;307;312;7.44;0.46;32.52;4.88;282;0;56.00;5
26;0;4672786;26;139;307;312;7.38;0.46;32.54;4.88;281;0;57.00;5
28;0;4672789;28;139;312;318;7.38;0.45;34.21;4.82;284;0;58.00;6
28;0;4672792;28;141;312;318;7.43;0.46;34.21;4.82;284;0;59.00;6
28;0;4672796;28;143;312;318;7.46;0.46;34.21;4.82;284;0;60.00;6
29;0;4672800;29;146;313;318;7.44;0.46;35.14;4.82;284;0;61.00;5
29;0;4672802;29;149;317;322;7.43;0.46;35.14;4.77;288;0;62.00;5
29;0;4672805;29;153;318;323;7.57;0.47;35.14;4.75;289;0;63.00;5
31;0;4672808;31;155;318;323;7.59;0.46;36.65;4.75;287;0;64.00;5
31;0;4672811;31;156;319;324;7.63;0.47;36.65;4.74;288;0;65.00;5
31;0;4672813;31;157;319;324;7.67;0.47;36.65;4.74;288;0;66.00;5
32;0;4672816;32;145;319;324;7.73;0.47;37.34;4.74;287;0;67.00;5
34;0;4672819;34;140;319;324;7.81;0.47;37.91;4.74;285;0;68.00;5
35;0;4672822;35;136;319;324;7.89;0.48;38.80;4.74;284;0;69.00;5
35;0;4672825;35;133;319;324;8.07;0.49;38.80;4.74;284;0;70.00;5
37;0;4672827;37;131;319;324;8.23;0.50;39.97;4.74;282;0;71.00;5
37;0;4672830;37;136;351;394;8.44;0.52;39.97;4.31;314;0;72.00;43
37;0;4672838;37;129;352;395;8.59;0.52;39.97;4.30;315;0;73.00;43
37;0;4672842;37;120;358;395;8.94;0.55;39.97;4.26;321;0;74.00;37
37;0;4672845;37;120;360;395;9.14;0.56;39.97;4.26;323;0;75.00;35
38;0;4672848;38;117;363;395;9.37;0.57;40.92;4.25;325;0;76.00;32
38;0;4672851;38;117;364;395;9.56;0.58;40.92;4.26;326;0;77.00;31
38;0;4672855;38;118;367;395;9.73;0.59;40.92;4.27;329;0;78.00;28
38;0;4672858;38;119;368;395;9.74;0.59;40.92;4.28;330;0;79.00;27
38;0;4672861;38;119;371;396;9.78;0.60;40.92;4.31;333;0;80.00;25
38;0;4672865;38;119;373;397;9.81;0.60;40.92;4.33;335;0;81.00;24
39;0;4672869;39;120;376;397;9.82;0.60;41.62;4.38;337;0;82.00;21
39;0;4672872;39;122;383;401;9.65;0.59;41.62;4.39;344;0;83.00;18
40;0;4672876;40;127;385;401;9.54;0.58;42.67;4.41;345;0;84.00;16
41;0;4672880;41;128;386;401;9.46;0.57;43.71;4.41;345;0;85.00;15
42;0;4672884;42;130;386;401;9.28;0.56;44.69;4.41;344;0;86.00;15
43;0;4672887;43;128;391;407;9.11;0.55;45.67;4.37;348;0;87.00;16
44;0;4672892;44;130;391;407;8.99;0.55;46.64;4.37;347;0;88.00;16
47;0;4672895;47;131;391;407;8.86;0.54;49.34;4.37;344;0;89.00;16
48;0;4672901;48;130;395;413;8.88;0.54;50.06;4.33;347;0;90.00;18
49;0;4672906;49;130;395;413;8.90;0.54;50.78;4.33;346;0;91.00;18
50;0;4672910;50;132;397;413;8.97;0.54;51.60;4.31;347;0;92.00;16
52;0;4672914;52;134;398;414;8.85;0.54;53.19;4.31;346;0;93.00;16
54;0;4672917;54;130;399;415;8.76;0.53;54.70;4.30;345;0;94.00;16
54;0;4672921;54;127;399;415;8.78;0.53;54.70;4.30;345;0;95.00;16
56;0;4672924;56;129;410;428;8.68;0.53;56.18;4.18;354;0;96.00;18
56;0;4672929;56;121;410;428;8.79;0.54;56.18;4.18;354;0;97.00;18
60;0;4672933;60;115;410;428;8.77;0.54;58.80;4.18;350;0;98.00;18
60;0;4672937;60;109;411;429;8.94;0.55;58.80;4.17;351;0;99.00;18
60;0;4672941;60;107;413;429;9.02;0.55;58.80;4.29;353;0;100.00;16
61;0;4672952;61;104;416;433;9.29;0.57;58.31;4.26;355;0;101.00;17
62;0;4672958;62;96;416;433;9.45;0.58;58.98;4.26;354;0;102.00;17
64;0;4672962;64;95;420;437;9.49;0.58;60.27;4.23;356;0;103.00;17
64;0;4672967;64;90;420;437;9.72;0.59;60.27;4.23;356;0;104.00;17
66;0;4672971;66;86;420;437;9.97;0.61;61.29;4.23;354;0;105.00;17
68;0;4672975;68;83;420;437;10.22;0.62;62.49;4.23;352;0;106.00;17
69;0;4672979;69;75;420;437;10.43;0.64;63.09;4.23;351;0;107.00;17
69;0;4672983;69;72;432;449;10.55;0.64;63.09;4.37;363;0;108.00;17
69;0;4672988;69;69;433;449;10.67;0.65;63.09;4.36;364;0;109.00;16
69;0;4672993;69;69;433;449;10.66;0.65;63.09;4.36;364;0;110.00;16
69;0;4672998;69;69;433;449;10.65;0.65;63.09;4.36;364;0;111.00;16
69;0;4673002;69;71;433;449;10.75;0.66;63.09;4.36;364;0;112.00;16
69;0;4673007;69;73;434;449;10.69;0.65;63.09;4.61;365;0;113.00;15
70;0;4673012;70;77;435;450;10.60;0.65;63.81;4.60;365;0;114.00;15
70;0;4673016;70;76;437;450;10.62;0.65;63.81;4.94;367;0;115.00;13
71;0;4673021;71;78;443;456;10.72;0.66;64.55;4.98;372;0;116.00;13
71;0;4673026;71;78;443;457;10.73;0.66;64.55;4.98;372;0;117.00;14
74;0;4673031;74;80;446;457;10.73;0.66;66.15;5.21;372;0;118.00;11
75;0;4673037;75;84;447;457;10.67;0.65;66.72;5.31;372;0;119.00;10
77;0;4673044;77;84;452;462;10.76;0.66;67.79;5.41;375;0;120.00;10
79;0;4673049;79;86;452;462;10.80;0.66;69.04;5.41;373;0;121.00;10
80;1;4673055;80;84;454;462;10.79;0.66;69.51;5.60;374;1;122.00;8
82;1;4673070;82;82;456;463;10.84;0.66;70.34;5.69;374;1;123.00;7
84;1;4673075;84;83;462;467;10.78;0.66;70.73;5.82;378;1;124.00;5
84;1;4673081;84;87;463;467;10.82;0.66;70.73;5.86;379;1;125.00;4
85;1;4673086;85;89;466;470;10.97;0.67;70.53;5.85;381;1;126.00;4
86;1;4673092;86;91;467;470;11.07;0.68;71.16;5.90;381;1;127.00;3
87;1;4673098;87;94;468;470;11.23;0.69;71.77;5.90;381;1;128.00;2
89;1;4673104;89;91;469;470;11.35;0.69;73.04;5.95;380;1;129.00;1
91;1;4673114;91;92;474;474;11.43;0.70;74.14;5.92;383;1;130.00;0
93;1;4673121;93;94;474;474;11.49;0.70;75.34;5.92;381;1;131.00;0
95;1;4673126;95;94;474;474;11.48;0.70;75.39;5.92;379;1;132.00;0
96;1;4673131;96;94;474;474;11.47;0.70;75.22;5.92;378;1;133.00;0
96;1;4673137;96;94;475;475;11.53;0.71;75.22;5.91;379;1;134.00;0
96;1;4673142;96;95;477;477;11.55;0.71;75.22;5.88;381;1;135.00;0
96;1;4673148;96;96;477;477;11.57;0.71;75.22;5.88;381;1;136.00;0
96;1;4673154;96;97;478;478;11.61;0.72;75.22;5.87;382;1;137.00;0
96;1;4673160;96;100;478;478;11.59;0.72;75.22;5.87;382;1;138.00;0
99;1;4673165;99;104;478;478;11.65;0.72;76.39;5.87;379;1;139.00;0
101;1;4673170;101;106;478;478;11.66;0.72;77.56;5.87;377;1;140.00;0
105;1;4673175;105;108;478;478;11.58;0.71;79.69;5.87;373;1;141.00;0
106;1;4673181;106;108;478;478;11.55;0.71;79.82;5.87;372;1;142.00;0
108;1;4673186;108;108;478;478;11.42;0.70;80.65;5.87;370;1;143.00;0
109;1;4673191;109;129;551;605;11.11;0.70;81.19;5.10;442;1;144.00;54
109;1;4673206;109;122;556;606;10.97;0.69;81.19;5.06;447;1;145.00;50
112;1;4673211;112;124;565;606;11.02;0.69;82.90;5.02;453;1;146.00;41
114;1;4673218;114;124;570;606;10.87;0.68;83.89;5.00;456;1;147.00;36
115;1;4673223;115;127;575;606;10.73;0.67;84.13;4.99;460;1;148.00;31
117;1;4673228;117;127;577;606;10.56;0.66;85.10;4.99;460;1;149.00;29
117;1;4673236;117;123;581;611;10.39;0.65;85.10;4.98;464;1;150.00;30
119;1;4673243;119;120;583;611;10.35;0.64;85.75;4.98;464;1;151.00;28
121;1;4673249;121;123;586;612;10.35;0.64;86.81;5.00;465;1;152.00;26
123;1;4673255;123;122;589;613;10.37;0.64;87.41;5.02;466;1;153.00;24
123;1;4673261;123;123;591;613;10.40;0.65;87.41;5.04;468;1;154.00;22
127;1;4673267;127;126;595;614;10.26;0.64;87.61;5.05;468;1;155.00;19
128;1;4673273;128;122;598;614;10.07;0.62;88.14;5.07;470;1;156.00;16
130;1;4673279;130;120;601;614;9.95;0.62;89.18;5.11;471;1;157.00;13
133;1;4673284;133;126;604;614;9.76;0.61;90.59;5.16;471;1;158.00;10
136;1;4673290;136;128;608;618;9.69;0.60;90.97;5.16;472;1;159.00;10
136;1;4673296;136;129;610;618;9.55;0.59;90.97;5.18;474;1;160.00;8
136;1;4673302;136;133;612;618;9.41;0.58;90.97;5.19;476;1;161.00;6
139;1;4673312;139;138;614;621;9.19;0.57;92.37;5.21;475;1;162.00;7
140;1;4673319;140;142;615;621;9.05;0.56;92.70;5.23;475;1;163.00;6
142;1;4673324;142;150;617;621;8.85;0.55;93.66;5.28;475;1;164.00;4
142;1;4673329;142;139;620;625;8.74;0.55;93.66;5.25;478;1;165.00;5
144;1;4673335;144;136;622;626;8.63;0.54;94.36;5.26;478;1;166.00;4
144;1;4673341;144;136;622;626;8.62;0.54;94.36;5.26;478;1;167.00;4
147;1;4673346;147;133;625;630;8.63;0.54;94.01;5.24;478;1;168.00;5
148;1;4673352;148;134;628;630;8.64;0.54;93.55;5.25;480;1;169.00;2
149;1;4673358;149;134;630;630;8.80;0.55;94.02;5.26;481;1;170.00;0
149;1;4673364;149;136;631;631;8.89;0.55;94.02;5.25;482;1;171.00;0
150;1;4673370;150;132;631;631;8.99;0.56;94.51;5.25;481;1;172.00;0
150;1;4673376;150;127;637;637;9.15;0.57;94.51;5.21;487;1;173.00;0
150;1;4673384;150;125;637;637;9.24;0.57;94.51;5.21;487;1;174.00;0
153;1;4673392;153;121;638;638;9.29;0.57;94.75;5.20;485;1;175.00;0
155;1;4673399;155;120;638;638;9.29;0.57;95.28;5.20;483;1;176.00;0
157;1;4673406;157;122;638;638;9.24;0.57;95.40;5.20;481;1;177.00;0
160;1;4673414;160;120;638;638;9.31;0.57;96.52;5.20;478;1;178.00;0
161;1;4673422;161;125;638;638;9.35;0.57;97.01;5.20;477;1;179.00;0
162;1;4673430;162;130;668;672;9.63;0.59;97.52;4.97;506;1;180.00;4
166;1;4673442;166;141;669;672;9.67;0.59;97.42;4.96;503;1;181.00;3
167;1;4673454;167;145;671;672;9.84;0.60;97.64;4.96;504;1;182.00;1
169;1;4673460;169;148;671;672;9.80;0.60;98.08;4.96;502;1;183.00;1
170;1;4673466;170;152;672;672;9.72;0.60;97.86;4.95;502;1;184.00;0
174;1;4673473;174;151;672;672;9.49;0.58;98.48;4.95;498;1;185.00;0
174;1;4673479;174;158;676;676;9.38;0.58;98.48;4.93;502;1;186.00;0
177;1;4673486;177;161;676;676;9.21;0.57;98.66;4.93;499;1;187.00;0
178;1;4673492;178;166;680;680;9.10;0.56;98.67;4.91;502;1;188.00;0
182;1;4673498;182;171;681;681;8.88;0.54;97.99;4.90;499;1;189.00;0
185;1;4673504;185;176;681;681;8.68;0.53;98.11;4.90;496;1;190.00;0
187;1;4673510;187;180;681;681;8.45;0.52;97.57;4.90;494;1;191.00;0
187;1;4673516;187;191;694;694;8.43;0.52;97.57;4.81;507;1;192.00;0
188;1;4673522;188;195;694;694;8.30;0.51;97.31;4.81;506;1;193.00;0
189;1;4673528;189;200;694;694;8.10;0.50;97.38;4.81;505;1;194.00;0
189;1;4673533;189;202;695;695;7.90;0.49;97.38;4.80;506;1;195.00;0
192;1;4673539;192;206;696;696;7.77;0.48;96.53;4.80;504;1;196.00;0
194;1;4673545;194;211;696;696;7.72;0.48;96.79;4.80;502;1;197.00;0
195;1;4673551;195;209;698;699;7.71;0.47;96.78;4.78;503;1;198.00;1
198;1;4673557;198;215;699;699;7.63;0.47;96.39;4.78;501;1;199.00;0
200;1;4673563;200;223;699;699;7.51;0.46;97.03;4.78;499;1;200.00;0
201;1;4673572;201;231;699;699;7.37;0.45;97.17;4.78;498;1;201.00;0
201;1;4673577;201;235;704;705;7.32;0.45;97.17;4.75;503;1;202.00;1
204;1;4673583;204;241;704;705;7.12;0.44;97.63;4.75;500;1;203.00;1
206;1;4673589;206;242;705;705;7.00;0.43;97.38;4.75;499;1;204.00;0
206;1;4673594;206;250;705;705;6.91;0.43;97.38;4.75;499;1;205.00;0
209;1;4673599;209;253;709;709;6.79;0.42;97.83;4.73;500;1;206.00;0
210;1;4673605;210;260;710;710;6.71;0.41;97.47;4.72;500;1;207.00;0
211;1;4673610;211;259;710;710;6.59;0.41;97.79;4.72;499;1;208.00;0
211;1;4673615;211;261;711;711;6.56;0.40;97.79;4.72;500;1;209.00;0
213;1;4673621;213;266;711;711;6.51;0.40;97.68;4.72;498;1;210.00;0
213;1;4673627;213;271;711;711;6.45;0.40;97.68;4.72;498;1;211.00;0
213;1;4673631;213;266;711;711;6.45;0.40;97.68;4.72;498;1;212.00;0
215;1;4673637;215;263;711;711;6.45;0.40;98.72;4.72;496;1;213.00;0
216;1;4673642;216;245;711;711;6.51;0.40;99.06;4.72;495;1;214.00;0
216;1;4673647;216;232;711;711;6.59;0.41;99.06;4.72;495;1;215.00;0
218;1;4673653;218;239;755;781;6.96;0.43;100.10;4.44;537;1;216.00;26
219;1;4673664;219;231;756;782;7.05;0.44;100.63;4.44;537;1;217.00;26
221;1;4673671;221;229;763;782;7.25;0.45;101.30;4.41;542;1;218.00;19
223;1;4673678;223;225;766;782;7.41;0.46;102.05;4.41;543;1;219.00;16
224;1;4673684;224;220;768;782;7.56;0.46;102.56;4.41;544;1;220.00;14
225;1;4673690;225;210;771;782;7.74;0.47;103.08;4.41;546;1;221.00;11
228;1;4673697;228;200;774;782;7.85;0.48;104.00;4.42;546;1;222.00;8
228;1;4673704;228;187;777;782;8.01;0.49;104.00;4.43;549;1;223.00;5
229;1;4673710;229;181;778;783;8.10;0.49;104.49;4.43;549;1;224.00;5
230;1;4673724;230;172;781;785;8.10;0.49;105.01;4.44;551;1;225.00;4
231;1;4673731;231;169;783;785;8.18;0.50;105.18;4.44;552;1;226.00;2
232;1;4673739;232;169;788;789;8.23;0.50;104.97;4.43;556;1;227.00;1
233;1;4673746;233;171;789;789;8.29;0.51;105.06;4.43;556;1;228.00;0
233;1;4673754;233;172;789;789;8.38;0.51;105.06;4.43;556;1;229.00;0
233;1;4673760;233;170;789;789;8.48;0.52;105.06;4.43;556;1;230.00;0
233;1;4673767;233;172;795;795;8.59;0.53;105.06;4.41;562;1;231.00;0
234;1;4673775;234;165;795;795;8.76;0.54;104.99;4.41;561;1;232.00;0
236;1;4673781;236;161;795;795;8.79;0.54;105.09;4.41;559;1;233.00;0
238;1;4673789;238;151;797;798;8.93;0.55;105.76;4.39;559;1;234.00;1
241;1;4673796;241;144;797;798;9.09;0.56;105.96;4.39;556;1;235.00;1
243;1;4673803;243;138;798;798;9.22;0.57;107.00;4.39;555;1;236.00;0
245;1;4673810;245;136;799;799;9.33;0.57;107.73;4.39;554;1;237.00;0
249;1;4673817;249;133;800;800;9.45;0.58;108.51;4.38;551;1;238.00;0
252;1;4673824;252;127;800;800;9.47;0.58;108.73;4.38;548;1;239.00;0
254;1;4673832;254;135;825;826;9.49;0.58;109.20;4.25;571;1;240.00;1
259;1;4673841;259;130;825;826;9.62;0.59;110.06;4.25;566;1;241.00;1
261;1;4673848;261;124;826;826;9.80;0.60;111.00;4.25;565;1;242.00;0
264;1;4673855;264;123;827;827;9.92;0.61;111.53;4.24;563;1;243.00;0
268;1;4673861;268;124;827;827;10.01;0.61;112.41;4.24;559;1;244.00;0
271;1;4673868;271;122;831;831;10.08;0.61;113.51;4.23;560;1;245.00;0
273;1;4673875;273;123;831;831;10.06;0.61;113.69;4.23;558;1;246.00;0
273;2;4673881;273;125;835;835;10.04;0.61;113.69;4.21;562;2;247.00;0
273;2;4673898;273;129;835;835;10.08;0.61;113.69;4.21;562;2;248.00;0
275;2;4673904;275;132;835;835;10.07;0.61;114.14;4.21;560;2;249.00;0
275;2;4673910;275;136;835;835;10.13;0.61;114.14;4.21;560;2;250.00;0
276;2;4673916;276;138;835;835;10.09;0.61;114.41;4.21;559;2;251.00;0
276;2;4673922;276;141;846;847;10.11;0.61;114.41;4.16;570;2;252.00;1
278;2;4673929;278;147;846;847;10.11;0.61;115.02;4.16;568;2;253.00;1
278;2;4673935;278;152;847;847;10.09;0.61;115.02;4.15;569;2;254.00;0
280;2;4673942;280;151;847;847;10.07;0.61;115.57;4.15;567;2;255.00;0
282;2;4673949;282;145;847;847;10.11;0.61;115.44;4.15;565;2;256.00;0
283;2;4673955;283;142;847;847;10.13;0.61;115.43;4.15;564;2;257.00;0
284;2;4673961;284;138;848;848;10.10;0.61;115.68;4.15;564;2;258.00;0
285;2;4673968;285;134;848;848;10.12;0.61;115.67;4.15;563;2;259.00;0
286;2;4673979;286;131;854;854;10.06;0.61;115.82;4.13;568;2;260.00;0
287;2;4673986;287;125;855;855;10.07;0.61;116.02;4.12;568;2;261.00;0
293;2;4673993;293;120;855;855;10.01;0.61;116.40;4.12;562;2;262.00;0
296;2;4673999;296;115;855;855;10.05;0.61;116.82;4.12;559;2;263.00;0
300;2;4674006;300;110;859;859;10.04;0.61;117.61;4.10;559;2;264.00;0
301;2;4674012;301;109;859;859;10.15;0.62;117.74;4.10;558;2;265.00;0
304;2;4674019;304;108;859;859;10.30;0.63;118.49;4.10;555;2;266.00;0
305;2;4674025;305;105;860;860;10.46;0.63;118.39;4.10;555;2;267.00;0
307;2;4674031;307;106;864;864;10.55;0.64;118.90;4.09;557;2;268.00;0
309;2;4674038;309;101;864;864;10.74;0.65;118.75;4.09;555;2;269.00;0
311;2;4674046;311;96;868;870;10.92;0.66;118.99;4.07;557;2;270.00;2
316;2;4674054;316;92;869;870;11.05;0.67;118.85;4.06;553;2;271.00;1
317;2;4674061;317;90;870;870;11.23;0.68;118.65;4.06;553;2;272.00;0
318;2;4674068;318;90;870;870;11.36;0.69;118.55;4.06;552;2;273.00;0
320;2;4674075;320;89;874;874;11.47;0.69;118.28;4.05;554;2;274.00;0
322;2;4674082;322;89;874;874;11.54;0.70;118.63;4.05;552;2;275.00;0
324;2;4674095;324;89;874;874;11.58;0.70;118.71;4.05;550;2;276.00;0
325;2;4674102;325;85;874;874;11.54;0.70;119.19;4.05;549;2;277.00;0
325;2;4674109;325;88;875;875;11.49;0.70;119.19;4.04;550;2;278.00;0
328;2;4674116;328;85;876;876;11.51;0.70;119.41;4.04;548;2;279.00;0
329;2;4674123;329;85;876;876;11.45;0.69;119.35;4.04;547;2;280.00;0
329;2;4674129;329;84;877;877;11.35;0.69;119.35;4.04;548;2;281.00;0
329;2;4674136;329;83;877;877;11.27;0.68;119.35;4.04;548;2;282.00;0
330;2;4674143;330;86;877;877;11.27;0.68;119.41;4.04;547;2;283.00;0
332;2;4674149;332;84;877;877;11.27;0.68;119.67;4.04;545;2;284.00;0
335;2;4674156;335;87;877;877;11.24;0.68;121.03;4.04;542;2;285.00;0
335;2;4674163;335;89;877;877;11.25;0.68;121.03;4.04;542;2;286.00;0
336;2;4674170;336;89;877;877;11.26;0.68;121.42;4.04;541;2;287.00;0
337;2;4674176;337;111;946;1004;10.98;0.68;121.20;3.74;609;2;288.00;58
338;2;4674193;338;103;950;1005;10.87;0.67;121.41;3.73;612;2;289.00;55
339;2;4674201;339;97;961;1005;10.91;0.67;121.70;3.71;622;2;290.00;44
340;2;4674209;340;95;963;1005;10.95;0.68;121.63;3.71;623;2;291.00;42
342;2;4674217;342;96;969;1005;11.02;0.68;122.60;3.71;627;2;292.00;36
344;2;4674225;344;97;971;1005;11.02;0.68;123.16;3.72;627;2;293.00;34
344;2;4674232;344;98;974;1005;10.98;0.68;123.16;3.72;630;2;294.00;31
345;2;4674240;345;100;978;1005;10.96;0.68;122.97;3.74;633;2;295.00;27
346;2;4674248;346;99;980;1006;11.06;0.68;123.23;3.74;634;2;296.00;26
348;2;4674256;348;101;984;1007;11.14;0.69;124.13;3.77;636;2;297.00;23
349;2;4674264;349;103;987;1007;11.20;0.69;124.01;3.79;638;2;298.00;20
349;2;4674272;349;104;989;1008;11.16;0.69;124.01;3.80;640;2;299.00;19
352;2;4674282;352;110;997;1014;10.93;0.68;124.47;3.83;645;2;300.00;17
352;2;4674294;352;110;998;1014;10.73;0.66;124.47;3.84;646;2;301.00;16
353;2;4674303;353;111;1000;1014;10.58;0.65;124.84;3.85;647;2;302.00;14
355;2;4674310;355;115;1004;1018;10.44;0.65;124.96;3.86;649;2;303.00;14
358;2;4674319;358;126;1005;1018;10.25;0.63;124.99;3.87;647;2;304.00;13
360;2;4674327;360;129;1007;1018;10.12;0.63;125.53;3.89;647;2;305.00;11
366;2;4674341;366;136;1011;1021;9.96;0.61;126.91;3.91;645;2;306.00;10
368;2;4674355;368;141;1014;1021;9.88;0.61;127.64;3.95;646;2;307.00;7
370;2;4674363;370;143;1015;1021;9.77;0.60;127.64;3.97;645;2;308.00;6
374;2;4674371;374;155;1019;1025;9.57;0.59;128.56;3.97;645;2;309.00;6
377;2;4674378;377;159;1021;1026;9.47;0.58;129.43;3.96;644;2;310.00;5
377;2;4674387;377;167;1022;1026;9.36;0.58;129.43;3.97;645;2;311.00;4
379;2;4674394;379;173;1028;1030;9.22;0.57;129.57;3.97;649;2;312.00;2
380;2;4674402;380;179;1028;1030;9.10;0.56;129.74;3.97;648;2;313.00;2
383;2;4674409;383;180;1029;1030;8.93;0.55;130.37;3.97;646;2;314.00;1
384;2;4674417;384;182;1032;1032;8.84;0.54;130.64;3.97;648;2;315.00;0
388;2;4674424;388;183;1032;1032;8.71;0.54;131.55;3.97;644;2;316.00;0
390;2;4674437;390;187;1038;1038;8.68;0.53;131.30;3.95;648;2;317.00;0
391;2;4674445;391;184;1038;1038;8.59;0.53;131.04;3.95;647;2;318.00;0
395;2;4674451;395;185;1039;1039;8.60;0.53;131.77;3.95;644;2;319.00;0
398;2;4674459;398;189;1039;1039;8.55;0.52;132.23;3.95;641;2;320.00;0
399;2;4674465;399;188;1039;1039;8.55;0.52;132.16;3.95;640;2;321.00;0
399;2;4674472;399;196;1039;1039;8.59;0.52;132.16;3.95;640;2;322.00;0
399;2;4674479;399;198;1039;1039;8.60;0.53;132.16;3.95;640;2;323.00;0
400;2;4674485;400;205;1050;1051;8.62;0.53;132.36;3.91;650;2;324.00;1
401;2;4674493;401;202;1050;1051;8.62;0.53;132.42;3.91;649;2;325.00;1
406;2;4674501;406;203;1051;1051;8.58;0.53;133.00;3.91;645;2;326.00;0
409;2;4674508;409;203;1051;1051;8.44;0.52;133.32;3.91;642;2;327.00;0
413;2;4674514;413;208;1051;1051;8.31;0.51;134.10;3.91;638;2;328.00;0
415;2;4674521;415;209;1051;1051;8.18;0.50;134.19;3.91;636;2;329.00;0
418;2;4674529;418;200;1055;1055;8.07;0.49;135.23;3.90;637;2;330.00;0
419;2;4674536;419;196;1055;1055;8.07;0.50;135.69;3.90;636;2;331.00;0
424;2;4674543;424;197;1059;1059;8.13;0.50;136.60;3.88;635;2;332.00;0
429;2;4674550;429;201;1060;1060;8.02;0.49;137.64;3.88;631;2;333.00;0
430;2;4674557;430;202;1060;1060;8.02;0.49;138.10;3.88;630;2;334.00;0
435;2;4674564;435;212;1060;1060;7.94;0.49;138.63;3.88;625;2;335.00;0
441;2;4674571;441;211;1073;1073;7.88;0.49;139.31;3.83;632;2;336.00;0
442;2;4674579;442;208;1073;1073;7.87;0.49;139.19;3.83;631;2;337.00;0
445;2;4674586;445;205;1073;1073;7.86;0.49;140.24;3.83;628;2;338.00;0
449;2;4674593;449;210;1074;1074;7.93;0.49;141.14;3.83;625;2;339.00;0
450;2;4674600;450;208;1075;1075;8.04;0.50;140.94;3.83;625;2;340.00;0
453;2;4674606;453;214;1075;1075;7.95;0.49;141.47;3.83;622;2;341.00;0
456;2;4674614;456;215;1077;1078;7.87;0.49;141.68;3.82;621;2;342.00;1
458;2;4674621;458;216;1077;1078;7.83;0.48;141.61;3.82;619;2;343.00;1
459;2;4674628;459;217;1078;1078;7.81;0.48;141.64;3.82;619;2;344.00;0
460;2;4674635;460;218;1078;1078;7.79;0.48;141.56;3.82;618;2;345.00;0
464;2;4674641;464;221;1084;1084;7.78;0.48;141.65;3.80;620;2;346.00;0
468;2;4674649;468;225;1084;1084;7.65;0.47;142.51;3.80;616;2;347.00;0
473;2;4674656;473;226;1084;1084;7.51;0.46;142.31;3.80;611;2;348.00;0
473;2;4674663;473;223;1084;1084;7.47;0.46;142.31;3.80;611;2;349.00;0
477;2;4674669;477;228;1088;1088;7.47;0.46;143.04;3.79;611;2;350.00;0
478;2;4674676;478;235;1089;1089;7.45;0.46;143.02;3.79;611;2;351.00;0
480;2;4674682;480;237;1089;1089;7.27;0.45;143.86;3.79;609;2;352.00;0
483;2;4674689;483;239;1090;1090;7.11;0.44;143.65;3.79;607;2;353.00;0
486;2;4674695;486;239;1090;1090;6.99;0.43;143.41;3.79;604;2;354.00;0
490;2;4674703;490;243;1090;1090;6.88;0.42;143.68;3.79;600;2;355.00;0
490;2;4674710;490;247;1090;1090;6.85;0.42;143.68;3.79;600;2;356.00;0
492;2;4674716;492;249;1090;1090;6.81;0.42;143.96;3.79;598;2;357.00;0
493;2;4674723;493;258;1090;1090;6.68;0.41;144.23;3.79;597;2;358.00;0
495;2;4674729;495;260;1090;1090;6.66;0.41;144.45;3.79;595;2;359.00;0
496;2;4674739;496;282;1161;1215;7.04;0.44;144.56;3.56;665;2;360.00;54
499;2;4674755;499;272;1172;1216;6.93;0.43;145.08;3.53;673;2;361.00;44
500;2;4674763;500;253;1181;1216;7.09;0.44;144.94;3.52;681;2;362.00;35
500;2;4674770;500;244;1186;1216;7.20;0.45;144.94;3.52;686;2;363.00;30
504;2;4674777;504;241;1190;1216;7.29;0.45;144.73;3.52;686;2;364.00;26
505;2;4674785;505;240;1192;1216;7.41;0.46;144.98;3.52;687;2;365.00;24
506;2;4674793;506;233;1197;1216;7.60;0.47;145.07;3.53;691;2;366.00;19
508;2;4674801;508;234;1198;1216;7.75;0.48;145.44;3.54;690;2;367.00;18
509;2;4674815;509;234;1202;1217;7.82;0.48;145.88;3.55;693;2;368.00;15
511;2;4674822;511;231;1204;1218;7.85;0.48;145.96;3.56;693;2;369.00;14
511;2;4674830;511;237;1210;1218;7.84;0.48;145.96;3.59;699;2;370.00;8
516;2;4674838;516;241;1215;1222;7.77;0.48;146.01;3.58;699;2;371.00;7
516;2;4674847;516;243;1218;1222;7.72;0.47;146.01;3.60;702;2;372.00;4
516;2;4674861;516;246;1218;1222;7.71;0.47;146.01;3.60;702;2;373.00;4
517;2;4674869;517;251;1218;1222;7.66;0.47;146.25;3.60;701;2;374.00;4
519;2;4674877;519;259;1225;1228;7.52;0.46;146.43;3.59;706;2;375.00;3
519;2;4674886;519;264;1225;1228;7.43;0.45;146.43;3.59;706;2;376.00;3
519;2;4674894;519;259;1227;1228;7.40;0.45;146.43;3.62;708;2;377.00;1
520;2;4674902;520;264;1229;1231;7.37;0.45;146.53;3.61;709;2;378.00;2
522;2;4674911;522;258;1229;1231;7.40;0.45;147.23;3.61;707;2;379.00;2
523;2;4674920;523;254;1230;1231;7.43;0.45;147.47;3.62;707;2;380.00;1
524;2;4674928;524;252;1232;1232;7.46;0.46;147.57;3.62;708;2;381.00;0
525;2;4674937;525;252;1233;1233;7.59;0.46;147.78;3.62;708;2;382.00;0
528;2;4674947;528;255;1233;1233;7.62;0.46;147.59;3.62;705;2;383.00;0
532;2;4674956;532;259;1244;1246;7.72;0.47;148.02;3.59;712;2;384.00;2
534;2;4674987;534;262;1245;1246;7.77;0.47;147.83;3.58;711;2;385.00;1
537;2;4675000;537;251;1246;1246;7.77;0.47;147.97;3.58;709;2;386.00;0
538;2;4675010;538;242;1247;1247;7.85;0.48;148.14;3.58;709;2;387.00;0
540;2;4675020;540;232;1247;1247;7.93;0.48;148.53;3.58;707;2;388.00;0
542;2;4675028;542;223;1250;1251;8.01;0.49;148.93;3.57;708;2;389.00;1
542;2;4675040;542;216;1251;1251;8.02;0.49;148.93;3.57;709;2;390.00;0
545;2;4675049;545;215;1255;1255;8.01;0.49;149.55;3.56;710;2;391.00;0
549;2;4675059;549;217;1255;1255;7.99;0.49;150.82;3.56;706;2;392.00;0
551;2;4675068;551;213;1255;1255;8.01;0.49;151.11;3.56;704;2;393.00;0
551;2;4675078;551;209;1255;1255;8.04;0.49;151.11;3.56;704;2;394.00;0
553;2;4675086;553;212;1255;1255;8.08;0.49;151.46;3.56;702;2;395.00;0
553;2;4675095;553;213;1266;1267;8.20;0.50;151.46;3.53;713;2;396.00;1
555;2;4675106;555;211;1266;1267;8.33;0.51;151.74;3.53;711;2;397.00;1
557;2;4675115;557;200;1267;1267;8.52;0.52;152.59;3.53;710;2;398.00;0
559;2;4675124;559;199;1267;1267;8.68;0.53;153.21;3.53;708;2;399.00;0
563;2;4675133;563;194;1267;1267;8.84;0.54;153.67;3.53;704;2;400.00;0
564;2;4675146;564;194;1267;1267;9.02;0.55;153.68;3.53;703;2;401.00;0
566;2;4675155;566;185;1268;1268;9.08;0.55;153.87;3.53;702;2;402.00;0
568;2;4675164;568;186;1268;1268;9.18;0.56;154.38;3.53;700;2;403.00;0
572;2;4675173;572;183;1274;1274;9.22;0.56;154.95;3.52;702;2;404.00;0
578;2;4675183;578;181;1276;1276;9.25;0.56;155.59;3.51;698;2;405.00;0
580;2;4675192;580;183;1276;1276;9.29;0.57;156.03;3.51;696;2;406.00;0
581;2;4675201;581;182;1276;1276;9.31;0.57;156.24;3.51;695;2;407.00;0
582;2;4675209;582;186;1280;1280;9.35;0.57;156.55;3.50;698;2;408.00;0
587;2;4675219;587;183;1280;1280;9.39;0.57;157.20;3.50;693;2;409.00;0
589;2;4675227;589;181;1280;1280;9.37;0.57;157.51;3.50;691;2;410.00;0
592;2;4675236;592;183;1281;1281;9.36;0.57;158.30;3.50;689;2;411.00;0
594;2;4675245;594;189;1285;1285;9.31;0.57;158.57;3.49;691;2;412.00;0
595;2;4675254;595;188;1285;1285;9.31;0.57;158.87;3.49;690;2;413.00;0
596;2;4675262;596;187;1287;1288;9.35;0.57;159.29;3.49;691;2;414.00;1
600;2;4675270;600;192;1287;1288;9.34;0.57;160.11;3.49;687;2;415.00;1
601;2;4675279;601;195;1288;1288;9.36;0.57;160.06;3.49;687;2;416.00;0
602;2;4675287;602;193;1288;1288;9.37;0.57;160.49;3.49;686;2;417.00;0
602;2;4675295;602;192;1292;1292;9.34;0.57;160.49;3.48;690;2;418.00;0
605;2;4675304;605;191;1292;1292;9.27;0.57;161.22;3.48;687;2;419.00;0
606;2;4675313;606;190;1292;1292;9.20;0.56;161.21;3.48;686;2;420.00;0
610;2;4675323;610;184;1292;1292;9.11;0.55;161.75;3.48;682;2;421.00;0
611;2;4675332;611;177;1293;1293;9.10;0.56;162.12;3.48;682;2;422.00;0
613;2;4675341;613;178;1294;1294;9.13;0.56;162.30;3.47;681;2;423.00;0
614;2;4675349;614;175;1294;1294;9.19;0.56;162.36;3.47;680;2;424.00;0
616;2;4675357;616;170;1295;1295;9.24;0.57;162.63;3.47;679;2;425.00;0
620;2;4675366;620;164;1295;1295;9.31;0.57;162.74;3.47;675;2;426.00;0
623;2;4675374;623;156;1295;1295;9.42;0.58;163.30;3.47;672;2;427.00;0
623;2;4675382;623;146;1295;1295;9.61;0.59;163.30;3.47;672;2;428.00;0
627;2;4675390;627;149;1295;1295;9.75;0.60;163.88;3.47;668;2;429.00;0
630;2;4675398;630;142;1295;1295;9.93;0.61;164.15;3.47;665;2;430.00;0
636;2;4675406;636;137;1295;1295;10.08;0.61;164.75;3.47;659;2;431.00;0
641;2;4675414;641;157;1370;1422;9.86;0.61;164.99;3.28;729;2;432.00;52
646;2;4675432;646;140;1372;1423;9.90;0.61;165.49;3.28;726;2;433.00;51
648;2;4675441;648;132;1380;1423;10.00;0.62;165.39;3.27;732;2;434.00;43
653;2;4675449;653;126;1382;1423;9.96;0.61;166.85;3.27;729;2;435.00;41
657;2;4675459;657;124;1385;1423;9.98;0.62;167.49;3.27;728;2;436.00;38
661;2;4675468;661;120;1387;1423;9.94;0.61;167.80;3.28;726;2;437.00;36
666;2;4675476;666;118;1388;1423;9.95;0.61;167.83;3.28;722;2;438.00;35
670;2;4675485;670;119;1391;1423;10.01;0.62;168.75;3.29;721;2;439.00;32
673;2;4675494;673;116;1394;1424;10.10;0.62;169.01;3.30;721;2;440.00;30
678;2;4675503;678;120;1399;1425;10.13;0.62;168.97;3.32;721;2;441.00;26
679;2;4675512;679;114;1402;1425;10.21;0.63;169.37;3.33;723;2;442.00;23
682;2;4675521;682;116;1405;1426;10.28;0.63;169.29;3.35;723;2;443.00;21
684;2;4675535;684;121;1413;1426;10.21;0.62;169.64;3.39;729;2;444.00;13
685;2;4675544;685;123;1414;1426;10.20;0.62;169.67;3.40;729;2;445.00;12
687;2;4675553;687;122;1416;1426;10.18;0.62;169.84;3.41;729;2;446.00;10
688;2;4675561;688;127;1420;1430;10.10;0.62;169.82;3.41;732;2;447.00;10
690;2;4675570;690;130;1423;1430;9.98;0.61;170.03;3.44;733;2;448.00;7
691;2;4675578;691;134;1423;1430;9.90;0.60;170.09;3.44;732;2;449.00;7
693;2;4675589;693;147;1428;1436;9.83;0.60;170.05;3.44;735;2;450.00;8
696;2;4675598;696;142;1429;1436;9.79;0.60;170.30;3.45;733;2;451.00;7
700;2;4675607;700;149;1432;1436;9.74;0.59;170.58;3.46;732;2;452.00;4
702;2;4675615;702;156;1435;1440;9.70;0.59;170.71;3.47;733;2;453.00;5
704;2;4675629;704;152;1437;1441;9.64;0.59;171.14;3.48;733;2;454.00;4
707;2;4675638;707;161;1438;1441;9.54;0.58;171.78;3.49;731;2;455.00;3
708;2;4675647;708;166;1442;1445;9.50;0.58;172.09;3.48;734;2;456.00;3
710;2;4675656;710;168;1443;1445;9.45;0.58;172.26;3.48;733;2;457.00;2
714;2;4675664;714;175;1443;1445;9.43;0.58;172.59;3.48;729;2;458.00;2
718;2;4675673;718;185;1444;1446;9.31;0.57;172.68;3.48;726;2;459.00;2
721;2;4675682;721;187;1445;1446;9.19;0.56;172.82;3.48;724;2;460.00;1
724;2;4675691;724;192;1451;1452;9.19;0.56;173.01;3.48;727;2;461.00;1
726;2;4675700;726;198;1452;1452;9.14;0.56;173.21;3.47;726;2;462.00;0
728;2;4675710;728;203;1453;1453;9.10;0.56;173.11;3.47;725;2;463.00;0
730;2;4675718;730;204;1453;1453;9.00;0.55;173.26;3.47;723;2;464.00;0
730;2;4675727;730;212;1453;1453;8.97;0.55;173.26;3.47;723;2;465.00;0
732;2;4675736;732;213;1453;1453;8.93;0.55;173.22;3.47;721;2;466.00;0
735;2;4675745;735;216;1453;1453;8.84;0.54;173.44;3.47;718;2;467.00;0
736;2;4675754;736;222;1463;1465;8.84;0.54;173.36;3.45;727;2;468.00;2
736;2;4675765;736;232;1463;1465;8.83;0.54;173.36;3.45;727;2;469.00;2
737;2;4675778;737;233;1465;1465;8.73;0.53;173.47;3.45;728;2;470.00;0
737;2;4675788;737;235;1465;1465;8.67;0.53;173.47;3.45;728;2;471.00;0
739;2;4675797;739;240;1465;1465;8.65;0.53;173.59;3.45;726;2;472.00;0
739;2;4675805;739;249;1465;1465;8.68;0.53;173.59;3.45;726;2;473.00;0
742;2;4675813;742;255;1469;1469;8.64;0.53;173.80;3.44;727;2;474.00;0
742;2;4675822;742;257;1469;1469;8.67;0.53;173.80;3.44;727;2;475.00;0
744;2;4675830;744;266;1473;1473;8.71;0.53;174.11;3.43;729;2;476.00;0
746;2;4675838;746;270;1474;1474;8.71;0.53;173.99;3.43;728;2;477.00;0
748;2;4675846;748;272;1474;1474;8.55;0.52;173.57;3.43;726;2;478.00;0
751;2;4675854;751;269;1474;1474;8.44;0.52;173.12;3.43;723;2;479.00;0
751;2;4675864;751;273;1495;1500;8.39;0.51;173.12;3.38;744;2;480.00;5
751;2;4675873;751;269;1495;1500;8.36;0.51;173.12;3.38;744;2;481.00;5
756;2;4675881;756;271;1498;1500;8.35;0.51;173.31;3.38;742;2;482.00;2
759;2;4675889;759;267;1500;1501;8.31;0.51;173.20;3.38;741;2;483.00;1
761;2;4675896;761;263;1501;1502;8.23;0.51;173.12;3.38;740;2;484.00;1
764;2;4675904;764;263;1502;1502;8.15;0.50;173.15;3.38;738;2;485.00;0
767;2;4675912;767;262;1504;1505;8.07;0.50;173.29;3.37;737;2;486.00;1
768;2;4675920;768;266;1504;1505;7.96;0.49;173.22;3.37;736;2;487.00;1
771;2;4675927;771;266;1505;1505;7.85;0.48;173.04;3.37;734;2;488.00;0
773;2;4675935;773;264;1505;1505;7.77;0.48;173.02;3.37;732;2;489.00;0
775;2;4675942;775;266;1511;1511;7.74;0.48;172.84;3.36;736;2;490.00;0
776;2;4675950;776;270;1511;1511;7.63;0.47;172.94;3.36;735;2;491.00;0
777;2;4675957;777;278;1511;1511;7.51;0.46;172.89;3.36;734;2;492.00;0
781;2;4675964;781;278;1511;1511;7.36;0.45;172.93;3.36;730;2;493.00;0
785;2;4675971;785;284;1515;1515;7.17;0.44;173.36;3.36;730;2;494.00;0
787;2;4675978;787;271;1517;1517;7.07;0.43;173.81;3.35;730;2;495.00;0
789;2;4675986;789;277;1517;1517;6.96;0.43;173.98;3.35;728;2;496.00;0
791;2;4675993;791;275;1518;1518;6.93;0.43;174.16;3.35;727;2;497.00;0
794;2;4676000;794;272;1518;1518;6.92;0.43;174.47;3.35;724;2;498.00;0
798;2;4676007;798;272;1518;1518;6.88;0.42;174.38;3.35;720;2;499.00;0
800;2;4676015;800;273;1518;1518;6.86;0.42;174.11;3.35;718;2;500.00;0
803;2;4676025;803;274;1518;1518;6.86;0.42;173.90;3.35;715;2;501.00;0
806;2;4676033;806;272;1518;1518;6.78;0.41;174.29;3.35;712;2;502.00;0
807;2;4676040;807;271;1518;1518;6.74;0.41;174.68;3.35;711;2;503.00;0
809;2;4676046;809;270;1557;1588;6.95;0.43;174.94;3.27;748;2;504.00;31
812;2;4676059;812;268;1561;1589;6.84;0.42;175.45;3.26;749;2;505.00;28
816;2;4676067;816;267;1567;1589;6.81;0.42;175.72;3.26;751;2;506.00;22
818;2;4676075;818;276;1570;1589;6.73;0.41;175.42;3.26;752;2;507.00;19
821;2;4676082;821;264;1573;1589;6.71;0.41;175.96;3.26;752;2;508.00;16
822;2;4676090;822;254;1574;1589;6.74;0.41;176.01;3.26;752;2;509.00;15
826;2;4676100;826;252;1577;1589;6.74;0.41;176.55;3.26;751;2;510.00;12
829;2;4676109;829;258;1578;1589;6.78;0.41;176.77;3.27;749;2;511.00;11
829;2;4676118;829;261;1580;1590;6.87;0.42;176.77;3.27;751;2;512.00;10
831;2;4676126;831;264;1582;1591;6.91;0.42;177.04;3.28;751;2;513.00;9
831;2;4676134;831;260;1584;1591;6.96;0.42;177.04;3.29;753;2;514.00;7
834;2;4676153;834;253;1590;1595;6.97;0.42;176.82;3.29;756;2;515.00;5
837;2;4676162;837;255;1591;1595;7.00;0.43;177.29;3.29;754;2;516.00;4
838;2;4676171;838;258;1592;1595;7.09;0.43;177.27;3.30;754;2;517.00;3
839;2;4676179;839;254;1593;1595;7.18;0.44;177.50;3.30;754;2;518.00;2
841;2;4676193;841;254;1599;1601;7.22;0.44;177.66;3.30;758;2;519.00;2
844;2;4676203;844;255;1600;1601;7.24;0.44;177.86;3.31;756;2;520.00;1
849;2;4676211;849;252;1601;1601;7.24;0.44;177.62;3.31;752;2;521.00;0
850;2;4676221;850;248;1603;1604;7.39;0.45;177.90;3.30;753;2;522.00;1
852;2;4676229;852;249;1603;1604;7.52;0.46;178.32;3.30;751;2;523.00;1
854;2;4676239;854;252;1604;1604;7.62;0.47;178.78;3.30;750;2;524.00;0
857;2;4676248;857;249;1605;1605;7.73;0.47;178.95;3.30;748;2;525.00;0
861;2;4676257;861;246;1606;1606;7.78;0.48;179.28;3.30;745;2;526.00;0
866;2;4676267;866;247;1606;1606;7.81;0.48;179.51;3.30;740;2;527.00;0
869;2;4676276;869;246;1619;1619;7.88;0.48;179.64;3.27;750;2;528.00;0
872;2;4676286;872;248;1619;1619;7.91;0.48;180.14;3.27;747;2;529.00;0
876;2;4676295;876;248;1619;1619;7.90;0.48;180.65;3.27;743;2;530.00;0
879;2;4676303;879;246;1620;1620;7.98;0.48;180.67;3.27;741;2;531.00;0
881;2;4676312;881;251;1620;1620;7.99;0.49;181.24;3.27;739;2;532.00;0
886;2;4676322;886;249;1624;1624;7.95;0.48;181.65;3.27;738;2;533.00;0
887;2;4676332;887;245;1624;1624;8.02;0.49;181.64;3.27;737;2;534.00;0
894;2;4676342;894;244;1628;1628;7.92;0.48;181.81;3.26;734;2;535.00;0
897;2;4676351;897;243;1628;1628;7.79;0.47;181.89;3.26;731;2;536.00;0
899;2;4676360;899;249;1628;1628;7.67;0.47;182.07;3.26;729;2;537.00;0
899;2;4676369;899;249;1628;1628;7.56;0.46;182.07;3.26;729;2;538.00;0
902;2;4676377;902;251;1628;1628;7.44;0.45;182.21;3.26;726;2;539.00;0
903;2;4676388;903;254;1659;1662;7.53;0.46;182.40;3.20;756;2;540.00;3
903;2;4676400;903;258;1659;1662;7.44;0.46;182.40;3.20;756;2;541.00;3
906;2;4676408;906;251;1661;1662;7.37;0.45;182.86;3.20;755;2;542.00;1
906;2;4676417;906;244;1661;1662;7.34;0.45;182.86;3.20;755;2;543.00;1
908;2;4676426;908;238;1662;1662;7.30;0.45;183.02;3.20;754;2;544.00;0
911;2;4676435;911;232;1662;1662;7.28;0.44;183.08;3.20;751;2;545.00;0
913;2;4676450;913;228;1663;1663;7.20;0.44;183.48;3.20;750;2;546.00;0
914;2;4676460;914;222;1663;1663;7.23;0.44;183.61;3.20;749;2;547.00;0
917;2;4676469;917;219;1669;1669;7.24;0.44;183.52;3.19;752;2;548.00;0
920;2;4676479;920;225;1670;1670;7.30;0.44;183.84;3.19;750;2;549.00;0
920;2;4676488;920;224;1670;1670;7.35;0.45;183.84;3.19;750;2;550.00;0
921;2;4676503;921;214;1670;1670;7.38;0.45;183.93;3.19;749;2;551.00;0
922;2;4676512;922;201;1673;1674;7.52;0.46;183.98;3.18;751;2;552.00;1
925;2;4676522;925;199;1674;1674;7.66;0.47;184.28;3.18;749;2;553.00;0
926;2;4676531;926;198;1674;1674;7.80;0.47;184.37;3.18;748;2;554.00;0
928;2;4676540;928;198;1675;1675;7.95;0.48;184.76;3.18;747;2;555.00;0
930;2;4676551;930;196;1679;1679;7.99;0.49;184.92;3.17;749;2;556.00;0
933;2;4676562;933;191;1679;1679;8.06;0.49;185.53;3.17;746;2;557.00;0
936;2;4676571;936;193;1681;1682;8.14;0.49;186.02;3.17;745;2;558.00;1
939;2;4676582;939;191;1681;1682;8.14;0.49;186.14;3.17;742;2;559.00;1
944;2;4676591;944;186;1682;1682;8.17;0.50;186.80;3.17;738;2;560.00;0
947;2;4676601;947;193;1682;1682;8.21;0.50;187.63;3.17;735;2;561.00;0
947;2;4676610;947;194;1686;1686;8.39;0.51;187.63;3.16;739;2;562.00;0
950;2;4676620;950;195;1686;1686;8.47;0.52;187.99;3.16;736;2;563.00;0
951;2;4676629;951;192;1686;1686;8.59;0.52;187.97;3.16;735;2;564.00;0
955;2;4676638;955;194;1686;1686;8.57;0.52;188.71;3.16;731;2;565.00;0
958;2;4676647;958;190;1687;1687;8.61;0.52;188.74;3.16;729;2;566.00;0
960;2;4676656;960;191;1688;1688;8.74;0.53;189.00;3.16;728;2;567.00;0
965;2;4676665;965;193;1688;1688;8.79;0.53;189.71;3.16;723;2;568.00;0
968;2;4676675;968;194;1689;1689;8.85;0.54;189.85;3.16;721;2;569.00;0
970;2;4676685;970;195;1689;1689;8.88;0.54;190.39;3.16;719;2;570.00;0
973;2;4676695;973;191;1689;1689;8.93;0.54;190.60;3.16;716;2;571.00;0
977;2;4676704;977;192;1689;1689;8.95;0.54;190.85;3.16;712;2;572.00;0
981;2;4676714;981;191;1689;1689;9.02;0.55;191.15;3.16;708;2;573.00;0
982;2;4676723;982;193;1689;1689;9.07;0.55;191.35;3.16;707;2;574.00;0
985;2;4676732;985;194;1689;1689;9.06;0.55;191.90;3.16;704;2;575.00;0
988;2;4676741;988;232;1771;1816;8.85;0.55;192.22;3.02;783;2;576.00;45
989;2;4676760;989;220;1772;1817;8.85;0.55;192.48;3.01;783;2;577.00;45
991;2;4676769;991;210;1776;1817;8.93;0.55;192.66;3.01;785;2;578.00;41
993;2;4676779;993;211;1777;1817;8.93;0.55;192.64;3.01;784;2;579.00;40
993;2;4676788;993;208;1781;1817;9.04;0.56;192.64;3.01;788;2;580.00;36
996;2;4676798;996;211;1781;1817;9.03;0.56;193.03;3.01;785;2;581.00;36
998;2;4676808;998;212;1784;1817;8.97;0.55;193.19;3.02;786;2;582.00;33
999;2;4676818;999;221;1787;1817;8.97;0.55;193.10;3.03;788;2;583.00;30
1003;2;4676827;1003;220;1788;1818;8.95;0.55;193.34;3.03;785;2;584.00;30
1005;2;4676837;1005;219;1794;1820;8.97;0.55;193.37;3.04;789;2;585.00;26
1005;2;4676847;1005;216;1795;1820;8.97;0.55;193.37;3.05;790;2;586.00;25
1008;2;4676856;1008;212;1799;1821;8.97;0.55;193.56;3.06;791;2;587.00;22
1010;2;4676865;1010;214;1803;1821;8.92;0.55;193.87;3.08;793;2;588.00;18
1011;2;4676875;1011;212;1806;1821;8.96;0.55;193.90;3.10;795;2;589.00;15
1012;2;4676884;1012;208;1807;1821;8.99;0.55;194.22;3.10;795;2;590.00;14
1014;2;4676892;1014;202;1811;1825;8.97;0.55;194.71;3.11;797;2;591.00;14
1020;2;4676902;1020;199;1813;1825;8.97;0.55;195.57;3.13;793;2;592.00;12
1022;2;4676912;1022;204;1815;1825;9.03;0.55;195.94;3.14;793;2;593.00;10
1024;2;4676921;1024;202;1819;1828;9.08;0.55;196.50;3.16;795;2;594.00;9
1028;2;4676930;1028;202;1820;1828;9.02;0.55;196.80;3.16;792;2;595.00;8
1031;2;4676939;1031;202;1822;1828;8.95;0.54;197.18;3.17;791;2;596.00;6
1033;2;4676948;1033;195;1825;1832;8.89;0.54;197.16;3.17;792;2;597.00;7
1039;2;4676957;1039;198;1828;1833;8.87;0.54;197.74;3.18;789;2;598.00;5
1044;2;4676966;1044;197;1829;1833;8.84;0.54;198.07;3.19;785;2;599.00;4
1047;2;4676977;1047;200;1841;1859;8.72;0.53;198.69;3.17;794;2;600.00;18
1049;2;4676999;1049;193;1844;1859;8.69;0.53;198.70;3.17;795;2;601.00;15
1054;2;4677008;1054;194;1845;1859;8.60;0.52;199.16;3.17;791;2;602.00;14
1055;2;4677017;1055;190;1846;1860;8.55;0.52;199.36;3.17;791;2;603.00;14
1060;2;4677031;1060;198;1846;1860;8.51;0.52;199.57;3.17;786;2;604.00;14
1061;2;4677040;1061;199;1851;1866;8.49;0.52;199.83;3.17;790;2;605.00;15
1063;2;4677050;1063;201;1852;1866;8.45;0.51;200.11;3.17;789;2;606.00;14
1066;2;4677058;1066;202;1855;1867;8.39;0.51;200.54;3.17;789;2;607.00;12
1070;2;4677067;1070;202;1856;1867;8.30;0.50;200.72;3.17;786;2;608.00;11
1070;2;4677075;1070;210;1856;1867;8.21;0.50;200.72;3.17;786;2;609.00;11
1073;2;4677086;1073;213;1856;1867;8.12;0.49;200.79;3.17;783;2;610.00;11
1074;2;4677095;1074;215;1858;1867;8.03;0.49;200.77;3.20;784;2;611.00;9
1074;2;4677103;1074;223;1869;1879;8.06;0.49;200.77;3.19;795;2;612.00;10
1074;3;4677113;1074;223;1873;1879;8.08;0.49;200.77;3.20;799;3;613.00;6
1077;3;4677137;1077;228;1873;1879;8.05;0.49;200.77;3.20;796;3;614.00;6
1077;3;4677146;1077;229;1873;1879;8.04;0.49;200.77;3.20;796;3;615.00;6
1079;3;4677154;1079;234;1873;1879;8.06;0.49;200.70;3.20;794;3;616.00;6
1079;3;4677163;1079;237;1873;1879;8.05;0.49;200.70;3.20;794;3;617.00;6
1080;3;4677172;1080;244;1879;1883;8.00;0.49;200.77;3.21;799;3;618.00;4
1081;4;4677181;1081;241;1879;1883;7.99;0.49;200.73;3.21;798;4;619.00;4
1083;4;4677196;1083;248;1883;1887;8.05;0.49;200.64;3.21;800;4;620.00;4
1083;4;4677209;1083;253;1884;1888;8.03;0.49;200.64;3.20;801;4;621.00;4
1086;4;4677218;1086;256;1884;1888;7.98;0.49;200.34;3.20;798;4;622.00;4
1087;4;4677227;1087;259;1884;1888;7.99;0.49;200.18;3.20;797;4;623.00;4
1090;4;4677235;1090;269;1896;1901;7.93;0.48;200.32;3.21;806;4;624.00;5
1093;4;4677246;1093;270;1898;1901;7.81;0.48;200.07;3.21;805;4;625.00;3
1096;4;4677254;1096;276;1898;1901;7.74;0.47;199.68;3.21;802;4;626.00;3
1098;4;4677263;1098;283;1899;1902;7.66;0.47;199.82;3.21;801;4;627.00;3
1098;4;4677272;1098;290;1900;1903;7.65;0.47;199.82;3.20;802;4;628.00;3
1098;4;4677280;1098;298;1900;1903;7.63;0.47;199.82;3.20;802;4;629.00;3
1100;4;4677290;1100;306;1906;1909;7.60;0.47;199.62;3.22;806;4;630.00;3
1102;4;4677299;1102;308;1906;1909;7.53;0.46;199.86;3.22;804;4;631.00;3
1103;4;4677307;1103;313;1909;1909;7.44;0.46;199.78;3.22;806;4;632.00;0
1104;4;4677316;1104;315;1909;1909;7.37;0.45;199.82;3.22;805;4;633.00;0
1105;4;4677324;1105;323;1915;1915;7.37;0.45;199.76;3.21;810;4;634.00;0
1109;4;4677333;1109;330;1915;1915;7.24;0.45;199.48;3.21;806;4;635.00;0
1110;4;4677343;1110;332;1915;1915;7.14;0.44;199.50;3.21;805;4;636.00;0
1111;4;4677351;1111;339;1915;1915;7.09;0.44;199.39;3.21;804;4;637.00;0
1114;4;4677359;1114;348;1919;1919;7.02;0.43;199.46;3.21;805;4;638.00;0
1117;4;4677367;1117;348;1920;1920;6.96;0.43;199.28;3.21;803;4;639.00;0
1122;4;4677375;1122;355;1920;1920;6.87;0.42;199.31;3.21;798;4;640.00;0
1124;4;4677384;1124;355;1921;1921;6.82;0.42;199.20;3.21;797;4;641.00;0
1124;4;4677391;1124;358;1921;1921;6.72;0.41;199.20;3.21;797;4;642.00;0
1128;4;4677399;1128;362;1921;1921;6.64;0.41;199.06;3.21;793;4;643.00;0
1128;4;4677406;1128;357;1921;1921;6.57;0.40;199.06;3.21;793;4;644.00;0
1129;4;4677413;1129;357;1921;1921;6.51;0.40;199.05;3.21;792;4;645.00;0
1132;4;4677421;1132;351;1921;1921;6.43;0.40;199.10;3.21;789;4;646.00;0
1132;4;4677428;1132;352;1921;1921;6.35;0.39;199.10;3.21;789;4;647.00;0
1134;4;4677435;1134;356;1960;1991;6.59;0.41;199.05;3.14;826;4;648.00;31
1137;4;4677449;1137;354;1963;1992;6.56;0.40;198.88;3.14;826;4;649.00;29
1139;4;4677457;1139;349;1972;1992;6.60;0.41;198.78;3.13;833;4;650.00;20
1140;4;4677464;1140;345;1973;1992;6.57;0.40;198.72;3.13;833;4;651.00;19
1141;4;4677472;1141;344;1977;1992;6.57;0.40;198.64;3.14;836;4;652.00;15
1142;4;4677479;1142;347;1979;1992;6.56;0.40;198.78;3.14;837;4;653.00;13
1145;4;4677487;1145;346;1982;1992;6.49;0.40;198.64;3.14;837;4;654.00;10
1146;4;4677494;1146;340;1985;1992;6.47;0.40;198.61;3.15;839;4;655.00;7
1152;4;4677502;1152;327;1987;1993;6.41;0.39;198.67;3.15;835;4;656.00;6
1153;4;4677511;1153;325;1990;1994;6.35;0.39;198.69;3.16;837;4;657.00;4
1156;4;4677518;1156;321;1991;1994;6.20;0.38;198.76;3.16;835;4;658.00;3
1158;4;4677527;1158;324;1996;1998;6.04;0.37;199.15;3.16;838;4;659.00;2
1161;4;4677536;1161;315;1998;1998;5.97;0.37;199.21;3.17;837;4;660.00;0
1163;4;4677545;1163;308;1998;1998;5.92;0.36;199.45;3.17;835;4;661.00;0
1166;4;4677554;1166;305;1998;1998;5.86;0.36;199.38;3.17;832;4;662.00;0
1169;4;4677562;1169;298;2004;2004;5.86;0.36;199.41;3.16;835;4;663.00;0
1171;4;4677577;1171;299;2004;2004;5.96;0.36;199.29;3.16;833;4;664.00;0
1176;4;4677585;1176;300;2004;2004;5.99;0.36;199.75;3.16;828;4;665.00;0
1177;5;4677594;1177;295;2006;2007;6.08;0.37;199.76;3.16;829;5;666.00;1
1178;5;4677613;1178;287;2006;2007;6.15;0.37;199.84;3.16;828;5;667.00;1
1180;5;4677622;1180;277;2007;2007;6.23;0.38;199.84;3.15;827;5;668.00;0
1183;5;4677636;1183;267;2008;2008;6.38;0.39;199.84;3.15;825;5;669.00;0
1184;5;4677644;1184;264;2009;2009;6.53;0.40;199.93;3.15;825;5;670.00;0
1187;5;4677653;1187;262;2009;2009;6.67;0.41;200.26;3.15;822;5;671.00;0
1190;5;4677662;1190;255;2022;2022;6.84;0.42;200.14;3.13;832;5;672.00;0
1193;5;4677673;1193;258;2022;2022;6.93;0.42;200.40;3.13;829;5;673.00;0
1195;5;4677682;1195;259;2022;2022;7.06;0.43;200.53;3.13;827;5;674.00;0
1201;5;4677691;1201;264;2024;2024;7.15;0.43;200.62;3.13;823;5;675.00;0
1204;5;4677706;1204;255;2024;2024;7.21;0.44;200.89;3.13;820;5;676.00;0
1208;5;4677721;1208;260;2028;2028;7.30;0.44;201.35;3.13;820;5;677.00;0
1213;5;4677731;1213;261;2028;2028;7.37;0.45;201.81;3.13;815;5;678.00;0
1214;5;4677741;1214;256;2032;2032;7.51;0.46;201.86;3.12;818;5;679.00;0
1218;5;4677752;1218;258;2032;2032;7.59;0.46;202.21;3.12;814;5;680.00;0
1221;5;4677762;1221;256;2032;2032;7.62;0.46;202.73;3.12;811;5;681.00;0
1222;5;4677772;1222;259;2032;2032;7.68;0.47;202.65;3.12;810;5;682.00;0
1227;5;4677782;1227;253;2032;2032;7.72;0.47;203.41;3.12;805;5;683.00;0
1232;5;4677793;1232;256;2043;2044;7.81;0.48;203.79;3.10;811;5;684.00;1
1232;5;4677803;1232;264;2043;2044;7.98;0.49;203.79;3.10;811;5;685.00;1
1239;5;4677813;1239;249;2044;2044;7.97;0.49;204.22;3.10;805;5;686.00;0
1245;5;4677823;1245;242;2044;2044;8.01;0.49;205.08;3.10;799;5;687.00;0
1248;5;4677834;1248;243;2044;2044;8.14;0.50;205.11;3.10;796;5;688.00;0
1252;5;4677844;1252;242;2044;2044;8.16;0.50;205.63;3.10;792;5;689.00;0
1255;5;4677855;1255;244;2045;2045;8.16;0.50;205.91;3.10;790;5;690.00;0
1259;5;4677865;1259;241;2045;2045;8.15;0.50;206.24;3.10;786;5;691.00;0
1266;5;4677875;1266;241;2051;2051;8.16;0.50;206.65;3.10;785;5;692.00;0
1268;5;4677886;1268;241;2052;2052;8.26;0.50;207.07;3.10;784;5;693.00;0
1274;5;4677895;1274;238;2052;2052;8.31;0.51;207.45;3.10;778;5;694.00;0
1281;5;4677906;1281;238;2052;2052;8.37;0.51;208.17;3.10;771;5;695.00;0
1283;5;4677916;1283;242;2056;2056;8.43;0.51;208.42;3.09;773;5;696.00;0
1288;5;4677926;1288;241;2056;2056;8.52;0.52;209.05;3.09;768;5;697.00;0
1289;5;4677936;1289;237;2056;2056;8.62;0.52;209.20;3.09;767;5;698.00;0
1297;5;4677945;1297;232;2057;2057;8.57;0.52;209.72;3.09;760;5;699.00;0
1299;5;4677956;1299;231;2061;2061;8.56;0.52;209.91;3.08;762;5;700.00;0
1301;5;4677970;1301;231;2061;2061;8.58;0.52;210.23;3.08;760;5;701.00;0
1304;5;4677980;1304;236;2063;2064;8.53;0.52;210.64;3.08;759;5;702.00;1
1306;5;4677990;1306;236;2063;2064;8.46;0.51;210.83;3.08;757;5;703.00;1
1311;5;4677999;1311;237;2064;2064;8.37;0.51;210.89;3.08;753;5;704.00;0
1313;5;4678009;1313;237;2064;2064;8.30;0.50;211.21;3.08;751;5;705.00;0
1317;5;4678018;1317;241;2068;2068;8.25;0.50;211.74;3.08;751;5;706.00;0
1320;5;4678028;1320;232;2068;2068;8.15;0.49;212.09;3.08;748;5;707.00;0
1322;5;4678038;1322;232;2068;2068;8.13;0.49;212.21;3.08;746;5;708.00;0
1326;5;4678048;1326;226;2068;2068;8.10;0.49;212.51;3.08;742;5;709.00;0
1326;5;4678057;1326;224;2069;2069;8.09;0.49;212.51;3.08;743;5;710.00;0
1327;5;4678067;1327;227;2070;2070;8.09;0.49;212.51;3.07;743;5;711.00;0
1330;5;4678077;1330;229;2070;2070;8.08;0.49;212.62;3.07;740;5;712.00;0
1332;5;4678092;1332;230;2071;2071;8.11;0.49;212.89;3.07;739;5;713.00;0
1334;5;4678101;1334;226;2071;2071;8.11;0.49;213.11;3.07;737;5;714.00;0
1338;5;4678112;1338;229;2071;2071;8.06;0.49;213.16;3.07;733;5;715.00;0
1339;5;4678122;1339;219;2071;2071;8.06;0.49;213.25;3.07;732;5;716.00;0
1341;5;4678131;1341;208;2071;2071;8.09;0.49;213.09;3.07;730;5;717.00;0
1344;5;4678140;1344;203;2071;2071;8.14;0.50;213.36;3.07;727;5;718.00;0
1346;5;4678158;1346;198;2071;2071;8.20;0.50;213.50;3.07;725;5;719.00;0
1349;5;4678170;1349;265;2209;2301;7.99;0.50;213.68;2.88;860;5;720.00;92
1351;5;4678198;1351;250;2216;2302;8.09;0.51;213.86;2.88;865;5;721.00;86
1353;5;4678209;1353;231;2225;2302;8.24;0.52;213.97;2.87;872;5;722.00;77
1357;5;4678227;1357;228;2229;2302;8.33;0.52;214.35;2.87;872;5;723.00;73
1360;5;4678241;1360;228;2235;2302;8.33;0.52;214.48;2.88;875;5;724.00;67
1364;5;4678253;1364;224;2239;2302;8.34;0.52;215.15;2.88;875;5;725.00;63
1367;5;4678265;1367;225;2244;2302;8.35;0.52;215.28;2.89;877;5;726.00;58
1370;5;4678276;1370;223;2247;2302;8.33;0.52;215.62;2.89;877;5;727.00;55
1371;5;4678298;1371;222;2251;2303;8.37;0.52;215.68;2.90;880;5;728.00;52
1378;5;4678309;1378;227;2254;2304;8.32;0.52;215.92;2.91;876;5;729.00;50
1380;5;4678321;1380;229;2260;2304;8.28;0.51;215.87;2.93;880;5;730.00;44
1381;5;4678332;1381;235;2263;2305;8.19;0.51;215.82;2.93;882;5;731.00;42
1383;5;4678344;1383;236;2267;2305;8.07;0.50;215.97;2.95;884;5;732.00;38
1386;5;4678355;1386;243;2270;2305;7.94;0.49;216.13;2.96;884;5;733.00;35
1388;5;4678366;1388;249;2271;2305;7.87;0.49;216.20;2.97;883;5;734.00;34
1390;5;4678377;1390;249;2275;2309;7.87;0.49;216.24;2.98;885;5;735.00;34
1392;5;4678388;1392;256;2277;2309;7.87;0.49;216.24;2.99;885;5;736.00;32
1393;5;4678399;1393;269;2278;2309;7.90;0.49;216.42;3.00;885;5;737.00;31
1397;5;4678411;1397;267;2281;2312;7.84;0.48;216.27;3.01;884;5;738.00;31
1398;5;4678422;1398;266;2281;2312;7.81;0.48;216.20;3.01;883;5;739.00;31
1398;5;4678439;1398;264;2281;2312;7.77;0.48;216.20;3.01;883;5;740.00;31
1400;5;4678449;1400;265;2288;2316;7.68;0.47;216.35;3.03;888;5;741.00;28
1401;5;4678459;1401;271;2290;2317;7.59;0.46;216.41;3.03;889;5;742.00;27
1401;5;4678470;1401;271;2291;2317;7.63;0.47;216.41;3.03;890;5;743.00;26
1403;5;4678480;1403;274;2295;2321;7.57;0.46;216.60;3.04;892;5;744.00;26
1404;5;4678491;1404;271;2295;2321;7.58;0.46;216.66;3.04;891;5;745.00;26
1406;5;4678507;1406;277;2298;2321;7.57;0.46;216.89;3.06;892;5;746.00;23
1406;5;4678517;1406;284;2298;2322;7.59;0.46;216.89;3.06;892;5;747.00;24
1407;5;4678528;1407;287;2299;2322;7.61;0.47;217.01;3.06;892;5;748.00;23
1411;5;4678538;1411;296;2305;2328;7.56;0.46;216.90;3.07;894;5;749.00;23
1412;5;4678552;1412;293;2307;2328;7.49;0.46;216.91;3.09;895;5;750.00;21
1413;5;4678568;1413;292;2308;2329;7.47;0.46;216.88;3.08;895;5;751.00;21
1414;5;4678579;1414;289;2309;2329;7.45;0.45;216.95;3.10;895;5;752.00;20
1414;5;4678590;1414;293;2311;2329;7.47;0.46;216.95;3.11;897;5;753.00;18
1415;5;4678601;1415;292;2311;2329;7.46;0.46;217.12;3.11;896;5;754.00;18
1418;5;4678611;1418;292;2312;2329;7.44;0.45;217.29;3.13;894;5;755.00;17
1419;5;4678623;1419;292;2324;2341;7.40;0.45;217.29;3.14;905;5;756.00;17
1420;5;4678635;1420;288;2326;2341;7.38;0.45;217.27;3.17;906;5;757.00;15
1423;5;4678645;1423;286;2326;2341;7.39;0.45;217.42;3.17;903;5;758.00;15
1427;5;4678656;1427;283;2328;2341;7.38;0.45;217.46;3.18;901;5;759.00;13
1428;5;4678667;1428;282;2329;2341;7.41;0.45;217.42;3.18;901;5;760.00;12
1431;5;4678678;1431;280;2330;2341;7.38;0.45;217.39;3.18;899;5;761.00;11
1434;5;4678690;1434;278;2334;2345;7.36;0.45;217.65;3.17;900;5;762.00;11
1436;5;4678701;1436;276;2334;2345;7.33;0.45;218.08;3.17;898;5;763.00;11
1438;5;4678711;1438;277;2338;2349;7.40;0.45;218.15;3.17;900;5;764.00;11
1439;5;4678723;1439;280;2340;2351;7.41;0.45;218.30;3.17;901;5;765.00;11
1443;5;4678734;1443;284;2340;2351;7.36;0.45;218.21;3.17;897;5;766.00;11
1447;5;4678745;1447;287;2340;2351;7.30;0.45;218.24;3.17;893;5;767.00;11
1449;5;4678755;1449;291;2351;2364;7.35;0.45;218.39;3.15;902;5;768.00;13
1451;5;4678767;1451;296;2351;2364;7.31;0.45;218.29;3.15;900;5;769.00;13
1452;5;4678776;1452;301;2351;2364;7.25;0.44;218.30;3.15;899;5;770.00;13
1454;5;4678786;1454;304;2352;2365;7.23;0.44;218.21;3.15;898;5;771.00;13
1457;5;4678796;1457;309;2354;2366;7.12;0.43;218.12;3.17;897;5;772.00;12
1457;5;4678808;1457;315;2354;2366;7.06;0.43;218.12;3.17;897;5;773.00;12
1459;5;4678819;1459;322;2356;2369;7.06;0.43;218.18;3.17;897;5;774.00;13
1459;5;4678830;1459;327;2358;2369;6.99;0.43;218.18;3.19;899;5;775.00;11
1461;5;4678842;1461;328;2358;2369;7.00;0.43;218.36;3.19;897;5;776.00;11
1461;5;4678853;1461;339;2358;2369;7.00;0.43;218.36;3.19;897;5;777.00;11
1462;5;4678863;1462;334;2364;2375;7.02;0.43;218.35;3.21;902;5;778.00;11
1463;5;4678876;1463;344;2364;2375;7.04;0.43;218.29;3.21;901;5;779.00;11
1464;5;4678888;1464;338;2365;2375;7.05;0.43;218.26;3.23;901;5;780.00;10
1465;5;4678899;1465;339;2367;2375;7.05;0.43;218.15;3.26;902;5;781.00;8
1468;5;4678908;1468;348;2371;2379;7.03;0.43;217.84;3.28;903;5;782.00;8
1470;5;4678919;1470;348;2374;2380;7.09;0.43;217.81;3.30;904;5;783.00;6
1474;5;4678929;1474;356;2375;2380;7.08;0.43;217.55;3.33;901;5;784.00;5
1475;5;4678939;1475;358;2376;2381;7.12;0.43;217.44;3.33;901;5;785.00;5
1479;5;4678949;1479;360;2377;2381;7.11;0.43;217.23;3.35;898;5;786.00;4
1482;5;4678959;1482;367;2377;2381;7.16;0.44;217.18;3.35;895;5;787.00;4
1482;5;4678970;1482;367;2380;2381;7.16;0.44;217.18;3.41;898;5;788.00;1
1484;5;4678979;1484;376;2380;2381;7.16;0.44;217.17;3.41;896;5;789.00;1
1485;5;4678990;1485;376;2381;2381;7.10;0.44;217.14;3.42;896;5;790.00;0
1488;5;4679000;1488;377;2381;2381;7.01;0.43;216.84;3.42;893;5;791.00;0
1489;5;4679010;1489;387;2416;2451;7.12;0.44;216.87;3.37;927;5;792.00;35
1491;5;4679025;1491;390;2420;2452;7.05;0.43;216.65;3.37;929;5;793.00;32
1494;5;4679060;1494;391;2430;2452;7.05;0.43;216.65;3.36;936;5;794.00;22
1495;5;4679073;1495;398;2435;2452;7.03;0.43;216.60;3.36;940;5;795.00;17
1496;5;4679083;1496;404;2437;2452;6.95;0.43;216.56;3.36;941;5;796.00;15
1498;5;4679094;1498;403;2439;2452;6.89;0.42;216.48;3.36;941;5;797.00;13
1498;5;4679105;1498;408;2441;2452;6.80;0.42;216.48;3.37;943;5;798.00;11
1499;5;4679115;1499;411;2443;2452;6.67;0.41;216.39;3.37;944;5;799.00;9
1501;5;4679127;1501;416;2445;2453;6.57;0.40;216.25;3.37;944;5;800.00;8
1503;5;4679150;1503;423;2448;2454;6.49;0.40;216.14;3.38;945;5;801.00;6
1503;5;4679162;1503;414;2450;2454;6.46;0.40;216.14;3.39;947;5;802.00;4
1505;5;4679173;1505;407;2457;2458;6.42;0.39;216.09;3.39;952;5;803.00;1
1506;5;4679185;1506;401;2458;2458;6.42;0.39;215.96;3.39;952;5;804.00;0
1508;5;4679196;1508;400;2458;2458;6.42;0.39;215.83;3.39;950;5;805.00;0
1510;5;4679207;1510;398;2458;2458;6.38;0.39;215.70;3.39;948;5;806.00;0
1511;5;4679218;1511;400;2464;2464;6.44;0.39;215.89;3.38;953;5;807.00;0
1511;5;4679229;1511;401;2464;2464;6.42;0.39;215.89;3.38;953;5;808.00;0
1511;5;4679240;1511;395;2464;2464;6.43;0.39;215.89;3.38;953;5;809.00;0
1512;5;4679252;1512;392;2469;2470;6.44;0.40;215.91;3.38;957;5;810.00;1
1513;6;4679269;1513;386;2469;2470;6.44;0.40;216.01;3.38;956;6;811.00;1
1513;6;4679293;1513;379;2470;2470;6.42;0.39;216.01;3.37;957;6;812.00;0
1515;6;4679310;1515;376;2471;2471;6.36;0.39;215.96;3.37;956;6;813.00;0
1518;6;4679321;1518;380;2472;2472;6.38;0.39;215.80;3.37;954;6;814.00;0
1520;6;4679332;1520;378;2472;2472;6.35;0.39;215.69;3.37;952;6;815.00;0
1523;6;4679350;1523;375;2484;2485;6.31;0.38;215.45;3.36;961;6;816.00;1
1523;6;4679362;1523;371;2484;2485;6.31;0.38;215.45;3.36;961;6;817.00;1
1527;6;4679373;1527;371;2485;2485;6.33;0.39;215.19;3.36;958;6;818.00;0
1530;6;4679383;1530;371;2486;2486;6.35;0.39;215.06;3.35;956;6;819.00;0
1532;6;4679394;1532;368;2486;2486;6.39;0.39;214.87;3.35;954;6;820.00;0
1534;6;4679405;1534;367;2490;2490;6.41;0.39;214.86;3.35;956;6;821.00;0
1539;6;4679416;1539;363;2490;2490;6.35;0.39;215.15;3.35;951;6;822.00;0
1541;6;4679426;1541;363;2494;2494;6.31;0.38;215.05;3.35;953;6;823.00;0
1543;6;4679437;1543;363;2494;2494;6.27;0.38;215.30;3.35;951;6;824.00;0
1544;6;4679447;1544;349;2494;2494;6.32;0.39;215.36;3.35;950;6;825.00;0
1547;6;4679458;1547;344;2494;2494;6.34;0.39;215.35;3.35;947;6;826.00;0
1551;6;4679469;1551;340;2494;2494;6.37;0.39;215.69;3.35;943;6;827.00;0
1554;6;4679479;1554;333;2506;2506;6.41;0.39;215.57;3.33;952;6;828.00;0
1559;6;4679492;1559;327;2506;2506;6.47;0.39;215.91;3.33;947;6;829.00;0
1563;6;4679503;1563;322;2506;2506;6.56;0.40;216.29;3.33;943;6;830.00;0
1567;6;4679513;1567;323;2506;2506;6.63;0.40;216.57;3.33;939;6;831.00;0
1571;6;4679524;1571;307;2506;2506;6.70;0.41;216.93;3.33;935;6;832.00;0
1576;6;4679536;1576;293;2506;2506;6.73;0.41;217.40;3.33;930;6;833.00;0
1578;6;4679547;1578;283;2507;2507;6.79;0.41;217.52;3.33;929;6;834.00;0
1582;6;4679559;1582;278;2507;2507;6.76;0.41;218.02;3.33;925;6;835.00;0
1585;6;4679570;1585;270;2513;2513;6.81;0.41;218.39;3.32;928;6;836.00;0
1590;6;4679582;1590;261;2514;2514;6.81;0.41;218.99;3.32;924;6;837.00;0
1593;6;4679593;1593;266;2514;2514;6.87;0.42;219.31;3.32;921;6;838.00;0
1597;6;4679604;1597;262;2514;2514;6.96;0.42;219.57;3.32;917;6;839.00;0
1600;6;4679617;1600;259;2519;2519;6.97;0.43;219.61;3.32;919;6;840.00;0
1602;6;4679628;1602;260;2519;2519;7.07;0.43;219.84;3.32;917;6;841.00;0
1605;6;4679639;1605;260;2519;2519;7.19;0.44;219.97;3.32;914;6;842.00;0
1609;6;4679649;1609;250;2520;2520;7.25;0.44;220.07;3.32;911;6;843.00;0
1612;6;4679660;1612;248;2524;2524;7.31;0.45;220.21;3.31;912;6;844.00;0
1616;6;4679672;1616;251;2524;2524;7.40;0.45;220.55;3.31;908;6;845.00;0
1620;6;4679683;1620;253;2526;2527;7.51;0.46;220.63;3.31;906;6;846.00;1
1624;6;4679694;1624;253;2526;2527;7.58;0.46;220.97;3.31;902;6;847.00;1
1629;6;4679706;1629;251;2527;2527;7.60;0.46;220.99;3.31;898;6;848.00;0
1633;6;4679719;1633;254;2527;2527;7.52;0.46;221.44;3.31;894;6;849.00;0
1638;6;4679731;1638;252;2530;2531;7.49;0.45;221.78;3.31;892;6;850.00;1
1640;6;4679745;1640;255;2530;2531;7.47;0.45;221.88;3.31;890;6;851.00;1
1644;6;4679763;1644;251;2530;2531;7.40;0.45;222.13;3.31;886;6;852.00;1
1648;6;4679775;1648;253;2530;2531;7.39;0.45;222.64;3.31;882;6;853.00;1
1652;6;4679787;1652;251;2531;2532;7.34;0.45;223.43;3.31;879;6;854.00;1
1655;6;4679798;1655;252;2533;2534;7.30;0.44;223.76;3.30;878;6;855.00;1
1659;6;4679810;1659;248;2533;2534;7.26;0.44;223.91;3.30;874;6;856.00;1
1664;6;4679821;1664;249;2533;2535;7.28;0.44;224.47;3.30;869;6;857.00;2
1668;6;4679832;1668;249;2533;2535;7.29;0.44;224.15;3.30;865;6;858.00;2
1670;6;4679843;1670;252;2533;2535;7.32;0.44;224.54;3.30;863;6;859.00;2
1674;6;4679854;1674;258;2533;2535;7.31;0.44;224.84;3.30;859;6;860.00;2
1677;6;4679865;1677;255;2533;2535;7.36;0.45;224.99;3.30;856;6;861.00;2
1680;6;4679876;1680;255;2533;2535;7.40;0.45;225.45;3.30;853;6;862.00;2
1683;6;4679887;1683;257;2533;2535;7.38;0.45;225.57;3.30;850;6;863.00;2
1686;6;4679899;1686;278;2608;2662;7.48;0.46;225.62;3.21;922;6;864.00;54
1690;6;4679921;1690;275;2614;2663;7.43;0.46;225.83;3.21;924;6;865.00;49
1693;6;4679933;1693;270;2620;2663;7.41;0.46;226.18;3.21;927;6;866.00;43
1695;6;4679946;1695;270;2622;2663;7.34;0.45;226.20;3.21;927;6;867.00;41
1697;6;4679958;1697;274;2626;2663;7.29;0.45;226.36;3.21;929;6;868.00;37
1700;6;4679970;1700;278;2626;2663;7.27;0.45;226.45;3.21;926;6;869.00;37
1701;6;4679983;1701;291;2628;2663;7.20;0.44;226.46;3.21;927;6;870.00;35
1703;6;4679995;1703;299;2630;2663;7.16;0.44;226.69;3.22;927;6;871.00;33
1705;6;4680006;1705;292;2632;2664;7.14;0.44;226.69;3.22;927;6;872.00;32
1709;6;4680018;1709;299;2635;2665;7.02;0.43;226.90;3.23;926;6;873.00;30
1712;6;4680031;1712;298;2638;2665;6.96;0.43;227.16;3.23;926;6;874.00;27
1715;6;4680042;1715;301;2639;2666;6.89;0.42;227.28;3.23;924;6;875.00;27
1718;7;4680054;1718;301;2644;2666;6.81;0.42;227.52;3.25;926;7;876.00;22
1720;7;4680077;1720;302;2645;2666;6.82;0.42;227.76;3.25;925;7;877.00;21
1725;8;4680089;1725;311;2646;2666;6.77;0.42;227.98;3.26;921;8;878.00;20
1726;8;4680113;1726;319;2651;2670;6.81;0.42;228.27;3.26;925;8;879.00;19
1728;8;4680124;1728;322;2652;2670;6.78;0.42;228.55;3.27;924;8;880.00;18
1732;8;4680141;1732;315;2654;2670;6.80;0.42;228.79;3.28;922;8;881.00;16
1733;8;4680154;1733;307;2657;2673;6.85;0.42;228.75;3.30;924;8;882.00;16
1735;8;4680166;1735;297;2657;2673;6.92;0.42;228.95;3.30;922;8;883.00;16
1737;8;4680181;1737;296;2660;2673;7.02;0.43;229.20;3.31;923;8;884.00;13
1741;8;4680192;1741;289;2664;2677;7.03;0.43;229.10;3.30;923;8;885.00;13
1744;8;4680204;1744;292;2667;2678;7.09;0.43;229.11;3.33;923;8;886.00;11
1747;8;4680216;1747;287;2669;2678;7.12;0.44;229.12;3.34;922;8;887.00;9
1748;8;4680233;1748;283;2672;2682;7.19;0.44;229.20;3.34;924;8;888.00;10
1750;8;4680244;1750;292;2673;2682;7.30;0.45;229.34;3.34;923;8;889.00;9
1753;8;4680255;1753;295;2674;2682;7.30;0.45;229.43;3.35;921;8;890.00;8
1756;8;4680267;1756;293;2677;2683;7.37;0.45;229.48;3.37;921;8;891.00;6
1758;8;4680279;1758;288;2678;2683;7.44;0.45;229.50;3.37;920;8;892.00;5
1759;8;4680291;1759;278;2683;2689;7.51;0.46;229.50;3.37;924;8;893.00;6
1761;8;4680304;1761;279;2684;2689;7.60;0.46;229.80;3.37;923;8;894.00;5
1762;8;4680315;1762;278;2686;2690;7.67;0.47;229.77;3.38;924;8;895.00;4
1763;8;4680328;1763;276;2686;2690;7.77;0.47;229.77;3.38;923;8;896.00;4
1765;8;4680340;1765;272;2687;2690;7.85;0.48;229.84;3.38;922;8;897.00;3
1769;8;4680352;1769;267;2688;2690;7.88;0.48;230.10;3.38;919;8;898.00;2
1770;8;4680364;1770;265;2689;2690;7.96;0.48;230.37;3.39;919;8;899.00;1
1770;8;4680378;1770;266;2717;2736;7.99;0.49;230.37;3.35;947;8;900.00;19
1772;8;4680398;1772;263;2719;2736;8.05;0.49;230.47;3.35;947;8;901.00;17
1775;8;4680427;1775;264;2722;2736;8.16;0.50;230.41;3.35;947;8;902.00;14
1777;8;4680444;1777;265;2723;2736;8.24;0.50;230.51;3.35;946;8;903.00;13
1781;8;4680456;1781;266;2726;2736;8.23;0.50;230.65;3.35;945;8;904.00;10
1783;9;4680468;1783;261;2728;2736;8.30;0.51;230.92;3.35;945;9;905.00;8
1787;9;4680492;1787;264;2733;2740;8.24;0.50;231.30;3.35;946;9;906.00;7
1791;9;4680504;1791;271;2734;2740;8.20;0.50;231.55;3.35;943;9;907.00;6
1796;9;4680516;1796;283;2737;2744;8.09;0.49;231.60;3.35;941;9;908.00;7
1799;9;4680529;1799;290;2738;2745;8.01;0.49;232.08;3.35;939;9;909.00;7
1801;9;4680547;1801;296;2738;2745;7.95;0.48;232.23;3.35;937;9;910.00;7
1804;9;4680558;1804;302;2738;2745;7.88;0.48;232.26;3.35;934;9;911.00;7
1807;9;4680571;1807;307;2751;2758;7.76;0.47;232.76;3.34;944;9;912.00;7
1808;9;4680584;1808;313;2752;2758;7.70;0.47;232.74;3.34;944;9;913.00;6
1811;9;4680596;1811;323;2752;2758;7.58;0.46;233.14;3.34;941;9;914.00;6
1814;9;4680608;1814;322;2753;2759;7.54;0.46;233.27;3.34;939;9;915.00;6
1815;9;4680625;1815;322;2753;2760;7.52;0.46;233.47;3.34;938;9;916.00;7
1819;9;4680636;1819;321;2754;2760;7.45;0.45;233.57;3.34;935;9;917.00;6
1822;9;4680647;1822;321;2757;2763;7.40;0.45;233.57;3.34;935;9;918.00;6
1828;9;4680659;1828;314;2758;2763;7.26;0.44;234.20;3.35;930;9;919.00;5
1829;9;4680670;1829;310;2759;2763;7.23;0.44;234.26;3.35;930;9;920.00;4
1834;9;4680680;1834;306;2759;2763;7.15;0.43;234.71;3.35;925;9;921.00;4
1836;9;4680691;1836;296;2764;2769;7.18;0.44;234.80;3.34;928;9;922.00;5
1839;9;4680702;1839;292;2765;2769;7.15;0.43;234.78;3.35;926;9;923.00;4
1845;9;4680712;1845;290;2765;2769;7.10;0.43;235.05;3.35;920;9;924.00;4
1846;9;4680724;1846;292;2767;2769;7.16;0.43;235.19;3.36;921;9;925.00;2
1847;9;4680735;1847;292;2772;2773;7.14;0.43;235.12;3.36;925;9;926.00;1
1847;9;4680746;1847;286;2774;2774;7.16;0.44;235.12;3.36;927;9;927.00;0
1853;9;4680756;1853;280;2774;2774;7.08;0.43;235.57;3.36;921;9;928.00;0
1857;9;4680766;1857;279;2775;2775;7.02;0.43;235.98;3.36;918;9;929.00;0
1860;9;4680778;1860;281;2775;2775;6.94;0.42;235.97;3.36;915;9;930.00;0
1863;9;4680788;1863;286;2775;2775;6.89;0.42;236.15;3.36;912;9;931.00;0
1870;9;4680798;1870;280;2775;2775;6.83;0.42;236.56;3.36;905;9;932.00;0
1874;9;4680808;1874;280;2775;2775;6.85;0.42;236.83;3.36;901;9;933.00;0
1877;9;4680818;1877;283;2775;2775;6.86;0.42;236.75;3.36;898;9;934.00;0
1880;9;4680829;1880;294;2775;2775;6.88;0.42;236.84;3.36;895;9;935.00;0
1883;9;4680839;1883;299;2816;2845;7.06;0.43;236.66;3.31;933;9;936.00;29
1886;9;4680856;1886;297;2817;2846;7.05;0.43;236.64;3.31;931;9;937.00;29
1888;9;4680867;1888;296;2826;2846;7.04;0.43;236.60;3.31;938;9;938.00;20
1888;9;4680878;1888;299;2827;2846;7.06;0.43;236.60;3.31;939;9;939.00;19
1891;9;4680888;1891;302;2832;2846;7.02;0.43;236.62;3.31;941;9;940.00;14
1892;9;4680898;1892;301;2833;2846;6.99;0.43;236.62;3.31;941;9;941.00;13
1892;9;4680909;1892;300;2836;2846;7.04;0.43;236.62;3.31;944;9;942.00;10
1895;9;4680919;1895;299;2839;2846;7.13;0.43;236.53;3.32;944;9;943.00;7
1897;9;4680929;1897;297;2842;2847;7.13;0.43;236.44;3.32;945;9;944.00;5
1898;9;4680941;1898;295;2846;2849;7.11;0.43;236.43;3.33;948;9;945.00;3
1900;9;4680952;1900;299;2848;2849;7.09;0.43;236.32;3.33;948;9;946.00;1
1901;9;4680962;1901;301;2853;2853;7.02;0.43;236.20;3.32;952;9;947.00;0
1903;9;4680972;1903;301;2853;2853;6.96;0.42;236.30;3.32;950;9;948.00;0
1903;9;4680983;1903;290;2853;2853;6.91;0.42;236.30;3.32;950;9;949.00;0
1903;9;4680993;1903;287;2853;2853;6.86;0.42;236.30;3.32;950;9;950.00;0
1904;9;4681003;1904;282;2859;2859;6.85;0.42;236.19;3.32;955;9;951.00;0
1906;9;4681014;1906;282;2859;2859;6.80;0.41;236.34;3.32;953;9;952.00;0
1907;9;4681024;1907;282;2859;2859;6.76;0.41;236.34;3.32;952;9;953.00;0
1908;9;4681036;1908;286;2861;2862;6.76;0.41;236.34;3.32;953;9;954.00;1
1909;9;4681047;1909;289;2862;2862;6.82;0.41;236.45;3.32;953;9;955.00;0
1912;9;4681059;1912;295;2862;2862;6.82;0.41;236.34;3.32;950;9;956.00;0
1913;9;4681071;1913;297;2863;2863;6.82;0.41;236.26;3.32;950;9;957.00;0
1913;9;4681083;1913;302;2864;2864;6.83;0.41;236.26;3.31;951;9;958.00;0
1913;9;4681095;1913;305;2864;2864;6.86;0.42;236.26;3.31;951;9;959.00;0
1914;9;4681112;1914;317;2884;2890;6.92;0.42;236.24;3.29;970;9;960.00;6
1914;9;4681125;1914;316;2886;2890;6.94;0.42;236.24;3.29;972;9;961.00;4
1917;9;4681136;1917;320;2889;2890;6.97;0.43;236.17;3.29;972;9;962.00;1
1920;10;4681147;1920;320;2891;2891;6.96;0.42;235.97;3.29;971;10;963.00;0
1920;10;4681169;1920;321;2891;2891;6.90;0.42;235.97;3.29;971;10;964.00;0
1923;10;4681179;1923;327;2895;2895;6.87;0.42;235.94;3.28;972;10;965.00;0
1926;10;4681196;1926;323;2895;2895;6.85;0.42;235.94;3.28;969;10;966.00;0
1926;10;4681210;1926;331;2899;2899;6.83;0.42;235.94;3.28;973;10;967.00;0
1926;10;4681222;1926;326;2899;2899;6.85;0.42;235.94;3.28;973;10;968.00;0
1930;10;4681232;1930;330;2899;2899;6.77;0.41;235.95;3.28;969;10;969.00;0
1933;10;4681242;1933;336;2899;2899;6.68;0.41;235.71;3.28;966;10;970.00;0
1934;10;4681251;1934;335;2899;2899;6.62;0.41;235.66;3.28;965;10;971.00;0
1936;10;4681262;1936;338;2910;2911;6.61;0.41;235.60;3.27;974;10;972.00;1
1939;10;4681273;1939;331;2910;2911;6.50;0.40;235.66;3.27;971;10;973.00;1
1940;10;4681283;1940;328;2911;2911;6.46;0.40;235.55;3.27;971;10;974.00;0
1942;10;4681292;1942;326;2911;2911;6.40;0.39;235.53;3.27;969;10;975.00;0
1944;10;4681302;1944;319;2911;2911;6.36;0.39;235.74;3.27;967;10;976.00;0
1947;10;4681312;1947;313;2911;2911;6.35;0.39;235.76;3.27;964;10;977.00;0
1951;10;4681322;1951;309;2912;2912;6.32;0.39;235.87;3.27;961;10;978.00;0
1953;10;4681333;1953;305;2912;2912;6.31;0.39;236.10;3.27;959;10;979.00;0
1957;10;4681343;1957;307;2918;2918;6.36;0.39;236.11;3.26;961;10;980.00;0
1958;10;4681355;1958;305;2919;2919;6.35;0.39;236.21;3.26;961;10;981.00;0
1959;10;4681364;1959;306;2919;2919;6.35;0.39;236.36;3.26;960;10;982.00;0
1962;10;4681374;1962;305;2919;2919;6.34;0.39;236.33;3.26;957;10;983.00;0
1967;10;4681384;1967;308;2923;2923;6.31;0.39;236.38;3.26;956;10;984.00;0
1967;10;4681394;1967;307;2923;2923;6.34;0.39;236.38;3.26;956;10;985.00;0
1968;10;4681405;1968;300;2923;2923;6.38;0.39;236.36;3.26;955;10;986.00;0
1973;10;4681415;1973;301;2924;2924;6.33;0.39;236.79;3.26;951;10;987.00;0
1976;10;4681430;1976;300;2928;2928;6.34;0.39;236.83;3.25;952;10;988.00;0
1980;10;4681440;1980;300;2928;2928;6.33;0.39;236.99;3.25;948;10;989.00;0
1982;10;4681451;1982;283;2932;2934;6.35;0.39;237.04;3.25;950;10;990.00;2
1987;10;4681462;1987;277;2932;2934;6.31;0.39;236.92;3.25;945;10;991.00;2
1991;10;4681472;1991;273;2934;2934;6.38;0.39;236.85;3.25;943;10;992.00;0
1994;10;4681482;1994;267;2934;2934;6.44;0.39;236.94;3.25;940;10;993.00;0
1997;10;4681492;1997;276;2938;2938;6.53;0.40;236.90;3.25;941;10;994.00;0
1999;10;4681503;1999;266;2938;2938;6.58;0.40;236.91;3.25;939;10;995.00;0
2001;10;4681513;2001;265;2938;2938;6.62;0.40;237.00;3.25;937;10;996.00;0
2003;10;4681523;2003;256;2938;2938;6.73;0.41;236.99;3.25;935;10;997.00;0
2006;10;4681533;2006;251;2939;2939;6.80;0.42;236.96;3.24;933;10;998.00;0
2008;10;4681545;2008;242;2940;2940;6.92;0.42;237.18;3.24;932;10;999.00;0
2013;10;4681557;2013;232;2940;2940;6.97;0.43;237.65;3.24;927;10;1000.00;0
2017;10;4681572;2017;226;2941;2941;7.00;0.43;237.81;3.24;924;10;1001.00;0
2020;10;4681584;2020;222;2941;2941;7.09;0.44;237.97;3.24;921;10;1002.00;0
2022;10;4681595;2022;219;2941;2941;7.18;0.44;238.22;3.24;919;10;1003.00;0
2026;10;4681606;2026;221;2941;2941;7.18;0.44;238.39;3.24;915;10;1004.00;0
2031;10;4681618;2031;223;2941;2941;7.21;0.44;238.47;3.24;910;10;1005.00;0
2034;10;4681629;2034;223;2941;2941;7.30;0.45;238.64;3.24;907;10;1006.00;0
2039;10;4681639;2039;222;2941;2941;7.30;0.45;238.91;3.24;902;10;1007.00;0
2043;10;4681650;2043;234;3017;3068;7.63;0.47;238.97;3.16;974;10;1008.00;51
2048;10;4681671;2048;225;3021;3069;7.66;0.48;239.28;3.16;973;10;1009.00;48
2051;10;4681683;2051;226;3029;3069;7.73;0.48;239.57;3.16;978;10;1010.00;40
2054;10;4681694;2054;226;3031;3069;7.74;0.48;239.69;3.16;977;10;1011.00;38
2062;10;4681706;2062;229;3036;3069;7.78;0.48;239.95;3.16;974;10;1012.00;33
2069;10;4681719;2069;229;3037;3069;7.77;0.48;240.19;3.16;968;10;1013.00;32
2073;10;4681731;2073;229;3038;3069;7.76;0.48;240.30;3.16;965;10;1014.00;31
2076;10;4681744;2076;235;3039;3069;7.75;0.48;240.23;3.16;963;10;1015.00;30
2082;10;4681762;2082;237;3041;3070;7.67;0.47;240.59;3.16;959;10;1016.00;29
2084;10;4681792;2084;243;3044;3071;7.67;0.47;240.83;3.17;960;10;1017.00;27
2088;10;4681815;2088;246;3046;3071;7.63;0.47;240.98;3.17;958;10;1018.00;25
2098;10;4681826;2098;249;3049;3072;7.51;0.46;241.59;3.18;951;10;1019.00;23
2102;10;4681840;2102;257;3049;3072;7.45;0.46;241.88;3.18;947;10;1020.00;23
2106;10;4681852;2106;260;3051;3072;7.42;0.46;242.08;3.18;945;10;1021.00;21
2111;10;4681864;2111;263;3053;3072;7.40;0.45;242.42;3.19;942;10;1022.00;19
2115;10;4681875;2115;263;3060;3076;7.38;0.45;242.74;3.20;945;10;1023.00;16
2117;10;4681888;2117;268;3061;3076;7.42;0.45;242.77;3.21;944;10;1024.00;15
2121;10;4681899;2121;275;3062;3076;7.41;0.45;243.28;3.21;941;10;1025.00;14
2126;10;4681912;2126;276;3063;3079;7.47;0.46;243.69;3.22;937;10;1026.00;16
2128;10;4681923;2128;280;3066;3079;7.51;0.46;243.54;3.23;938;10;1027.00;13
2134;10;4681935;2134;283;3068;3079;7.52;0.46;243.88;3.24;934;10;1028.00;11
2139;10;4681946;2139;281;3072;3083;7.54;0.46;244.08;3.24;933;10;1029.00;11
2144;10;4681958;2144;282;3073;3084;7.51;0.46;243.90;3.25;929;10;1030.00;11
2148;10;4681975;2148;283;3076;3084;7.47;0.46;244.25;3.27;928;10;1031.00;8
2152;10;4681986;2152;284;3079;3088;7.46;0.45;244.50;3.27;927;10;1032.00;9
2154;10;4681999;2154;293;3081;3088;7.46;0.45;244.63;3.28;927;10;1033.00;7
2155;10;4682010;2155;302;3081;3088;7.47;0.46;244.68;3.28;926;10;1034.00;7
2159;10;4682023;2159;306;3084;3090;7.44;0.45;245.10;3.28;925;10;1035.00;6
2162;10;4682037;2162;307;3088;3090;7.34;0.45;245.23;3.29;926;10;1036.00;2
2166;10;4682049;2166;300;3093;3096;7.27;0.44;245.65;3.28;927;10;1037.00;3
2171;10;4682064;2171;297;3094;3096;7.18;0.44;245.91;3.29;923;10;1038.00;2
2175;10;4682078;2175;295;3095;3097;7.14;0.43;245.92;3.28;920;10;1039.00;2
2178;10;4682092;2178;298;3096;3097;7.16;0.43;246.40;3.28;918;10;1040.00;1
2179;10;4682104;2179;307;3096;3097;7.17;0.44;246.55;3.28;917;10;1041.00;1
2183;10;4682117;2183;307;3096;3097;7.10;0.43;246.92;3.28;913;10;1042.00;1
2188;10;4682128;2188;310;3097;3097;7.04;0.43;247.23;3.29;909;10;1043.00;0
2191;10;4682140;2191;315;3106;3109;7.11;0.43;247.44;3.28;915;10;1044.00;3
2194;10;4682152;2194;309;3108;3109;7.10;0.43;247.86;3.28;914;10;1045.00;1
2196;10;4682168;2196;300;3109;3109;7.02;0.43;247.97;3.28;913;10;1046.00;0
2197;10;4682180;2197;288;3109;3109;7.07;0.43;248.01;3.28;912;10;1047.00;0
2203;10;4682191;2203;287;3109;3109;7.06;0.43;248.27;3.28;906;10;1048.00;0
2205;10;4682205;2205;282;3109;3109;7.09;0.43;248.37;3.28;904;10;1049.00;0
2207;10;4682220;2207;274;3115;3115;7.18;0.44;248.40;3.27;908;10;1050.00;0
2209;10;4682234;2209;275;3115;3115;7.23;0.44;248.49;3.27;906;10;1051.00;0
2210;10;4682248;2210;278;3119;3119;7.29;0.44;248.53;3.27;909;10;1052.00;0
2211;10;4682263;2211;283;3120;3120;7.31;0.45;248.50;3.27;909;10;1053.00;0
2213;10;4682277;2213;282;3120;3120;7.31;0.45;248.74;3.27;907;10;1054.00;0
2217;10;4682290;2217;284;3120;3120;7.35;0.45;249.09;3.27;903;10;1055.00;0
2220;10;4682304;2220;288;3133;3133;7.39;0.45;249.15;3.25;913;10;1056.00;0
2221;10;4682319;2221;284;3133;3133;7.37;0.45;249.31;3.25;912;10;1057.00;0
2223;10;4682331;2223;282;3133;3133;7.37;0.45;249.39;3.25;910;10;1058.00;0
2227;10;4682346;2227;282;3134;3134;7.39;0.45;249.43;3.25;907;10;1059.00;0
2230;10;4682359;2230;282;3135;3135;7.35;0.45;249.61;3.25;905;10;1060.00;0
2232;10;4682372;2232;279;3135;3135;7.28;0.45;249.56;3.25;903;10;1061.00;0
2235;10;4682383;2235;281;3137;3138;7.24;0.44;249.82;3.25;902;10;1062.00;1
2236;10;4682396;2236;279;3137;3138;7.15;0.44;249.99;3.25;901;10;1063.00;1
2239;10;4682408;2239;275;3138;3138;7.09;0.43;250.00;3.25;899;10;1064.00;0
2243;10;4682420;2243;274;3138;3138;6.99;0.43;250.05;3.25;895;10;1065.00;0
2249;10;4682431;2249;277;3144;3144;6.95;0.43;250.11;3.25;895;10;1066.00;0
2252;10;4682445;2252;280;3144;3144;6.91;0.42;250.11;3.25;892;10;1067.00;0
2254;10;4682458;2254;285;3144;3144;6.86;0.42;250.17;3.25;890;10;1068.00;0
2257;10;4682470;2257;291;3144;3144;6.84;0.42;250.13;3.25;887;10;1069.00;0
2261;10;4682482;2261;294;3148;3148;6.82;0.42;249.93;3.24;887;10;1070.00;0
2263;10;4682494;2263;294;3149;3149;6.82;0.42;249.87;3.24;886;10;1071.00;0
2264;10;4682507;2264;300;3149;3149;6.76;0.42;249.88;3.24;885;10;1072.00;0
2266;10;4682519;2266;306;3150;3150;6.77;0.42;249.84;3.24;884;10;1073.00;0
2270;10;4682531;2270;309;3150;3150;6.72;0.41;250.05;3.24;880;10;1074.00;0
2273;10;4682544;2273;314;3150;3150;6.69;0.41;250.02;3.24;877;10;1075.00;0
2277;10;4682555;2277;318;3150;3150;6.67;0.41;249.91;3.24;873;10;1076.00;0
2280;10;4682568;2280;325;3150;3150;6.70;0.41;249.99;3.24;870;10;1077.00;0
2283;10;4682578;2283;332;3150;3150;6.70;0.41;250.21;3.24;867;10;1078.00;0
2284;10;4682590;2284;333;3150;3150;6.75;0.41;250.19;3.24;866;10;1079.00;0
2285;10;4682602;2285;352;3222;3275;6.82;0.42;250.12;3.17;937;10;1080.00;53
2287;10;4682624;2287;341;3224;3276;6.79;0.42;250.10;3.17;937;10;1081.00;52
2289;10;4682637;2289;330;3234;3276;6.86;0.42;250.21;3.16;945;10;1082.00;42
2290;10;4682648;2290;323;3237;3276;6.84;0.42;250.25;3.16;947;10;1083.00;39
2294;10;4682660;2294;316;3242;3276;6.79;0.42;250.35;3.17;948;10;1084.00;34
2298;10;4682673;2298;311;3243;3276;6.74;0.41;250.32;3.17;945;10;1085.00;33
2301;10;4682686;2301;309;3250;3276;6.78;0.41;250.38;3.17;949;10;1086.00;26
2301;10;4682698;2301;306;3253;3276;6.81;0.42;250.38;3.18;952;10;1087.00;23
2302;10;4682711;2302;309;3259;3277;6.87;0.42;250.49;3.18;957;10;1088.00;18
2305;10;4682724;2305;319;3263;3278;6.91;0.42;250.55;3.19;958;10;1089.00;15
2307;10;4682736;2307;321;3267;3278;6.93;0.42;250.73;3.20;960;10;1090.00;11
2309;10;4682748;2309;318;3275;3282;6.90;0.42;250.62;3.20;966;10;1091.00;7
2309;10;4682762;2309;322;3277;3282;6.84;0.42;250.62;3.21;968;10;1092.00;5
2311;10;4682775;2311;322;3277;3282;6.75;0.41;250.69;3.21;966;10;1093.00;5
2312;10;4682787;2312;326;3277;3282;6.65;0.41;250.65;3.21;965;10;1094.00;5
2313;10;4682798;2313;321;3282;3288;6.56;0.40;250.58;3.21;969;10;1095.00;6
2316;10;4682813;2316;311;3282;3288;6.51;0.40;250.68;3.21;966;10;1096.00;6
2319;10;4682825;2319;302;3283;3288;6.46;0.39;250.66;3.21;964;10;1097.00;5
2322;10;4682839;2322;298;3286;3291;6.48;0.39;250.67;3.21;964;10;1098.00;5
2323;10;4682851;2323;289;3286;3291;6.53;0.40;250.65;3.21;963;10;1099.00;5
2325;11;4682864;2325;284;3286;3291;6.56;0.40;250.88;3.21;961;11;1100.00;5
2325;11;4682896;2325;278;3287;3292;6.60;0.40;250.88;3.21;962;11;1101.00;5
2325;11;4682915;2325;273;3288;3293;6.70;0.41;250.88;3.21;963;11;1102.00;5
2329;11;4682936;2329;269;3288;3293;6.74;0.41;250.67;3.21;959;11;1103.00;5
2330;11;4682948;2330;269;3301;3306;6.80;0.41;250.69;3.20;971;11;1104.00;5
2330;11;4682963;2330;271;3301;3306;6.90;0.42;250.69;3.20;971;11;1105.00;5
2332;11;4682975;2332;269;3302;3306;6.93;0.42;250.62;3.21;970;11;1106.00;4
2334;11;4682988;2334;270;3302;3307;7.00;0.42;250.48;3.21;968;11;1107.00;5
2335;11;4683007;2335;266;3304;3307;7.06;0.43;250.54;3.21;969;11;1108.00;3
2336;11;4683020;2336;264;3308;3311;7.17;0.43;250.59;3.22;972;11;1109.00;3
2338;11;4683035;2338;259;3308;3311;7.34;0.44;250.58;3.22;970;11;1110.00;3
2338;12;4683047;2338;262;3314;3315;7.41;0.45;250.58;3.22;976;12;1111.00;1
2339;12;4683072;2339;263;3314;3315;7.51;0.46;250.61;3.22;975;12;1112.00;1
2343;12;4683084;2343;258;3314;3315;7.54;0.46;250.67;3.22;971;12;1113.00;1
2345;12;4683101;2345;253;3315;3315;7.56;0.46;250.68;3.22;970;12;1114.00;0
2347;12;4683113;2347;255;3315;3315;7.58;0.46;250.61;3.22;968;12;1115.00;0
2348;12;4683125;2348;248;3326;3327;7.58;0.46;250.75;3.21;978;12;1116.00;1
2350;12;4683138;2350;250;3326;3327;7.57;0.46;250.99;3.21;976;12;1117.00;1
2350;12;4683151;2350;252;3326;3327;7.55;0.46;250.99;3.21;976;12;1118.00;1
2353;12;4683166;2353;254;3327;3327;7.48;0.45;251.07;3.21;974;12;1119.00;0
2354;12;4683178;2354;255;3327;3327;7.48;0.45;251.24;3.21;973;12;1120.00;0
2355;12;4683193;2355;250;3327;3327;7.49;0.46;251.18;3.21;972;12;1121.00;0
2356;12;4683208;2356;252;3328;3328;7.49;0.46;251.17;3.21;972;12;1122.00;0
2358;12;4683222;2358;262;3328;3328;7.46;0.45;251.09;3.21;970;12;1123.00;0
2360;13;4683243;2360;260;3334;3334;7.50;0.46;251.33;3.21;974;13;1124.00;0
2360;13;4683264;2360;260;3336;3336;7.49;0.46;251.33;3.20;976;13;1125.00;0
2361;13;4683282;2361;261;3336;3336;7.45;0.45;251.27;3.20;975;13;1126.00;0
2365;13;4683295;2365;256;3336;3336;7.40;0.45;251.24;3.20;971;13;1127.00;0
2366;13;4683307;2366;265;3340;3340;7.39;0.45;251.25;3.20;974;13;1128.00;0
2368;13;4683320;2368;264;3340;3340;7.38;0.45;251.17;3.20;972;13;1129.00;0
2369;13;4683331;2369;264;3340;3340;7.37;0.45;251.28;3.20;971;13;1130.00;0
2371;13;4683345;2371;270;3341;3341;7.36;0.45;251.45;3.20;970;13;1131.00;0
2372;13;4683358;2372;271;3345;3345;7.35;0.45;251.62;3.20;973;13;1132.00;0
2376;13;4683372;2376;270;3345;3345;7.34;0.45;251.64;3.20;969;13;1133.00;0
2378;13;4683385;2378;272;3347;3348;7.37;0.45;251.71;3.20;969;13;1134.00;1
2382;14;4683397;2382;280;3348;3348;7.34;0.45;251.85;3.19;966;14;1135.00;0
2386;14;4683426;2386;282;3348;3348;7.27;0.44;252.28;3.19;962;14;1136.00;0
2388;14;4683440;2388;282;3348;3348;7.21;0.44;252.40;3.19;960;14;1137.00;0
2390;14;4683459;2390;277;3352;3352;7.23;0.44;252.43;3.19;962;14;1138.00;0
2393;14;4683472;2393;276;3352;3352;7.15;0.44;252.64;3.19;959;14;1139.00;0
2396;14;4683485;2396;275;3352;3352;7.07;0.43;252.59;3.19;956;14;1140.00;0
2399;14;4683497;2399;270;3352;3352;7.01;0.43;252.55;3.19;953;14;1141.00;0
2403;14;4683511;2403;266;3353;3353;6.98;0.43;252.50;3.19;950;14;1142.00;0
2405;14;4683524;2405;262;3354;3354;7.02;0.43;252.66;3.19;949;14;1143.00;0
2408;14;4683542;2408;265;3354;3354;7.05;0.43;252.70;3.19;946;14;1144.00;0
2408;14;4683555;2408;262;3355;3355;7.09;0.44;252.70;3.19;947;14;1145.00;0
2409;14;4683566;2409;259;3355;3355;7.11;0.44;252.73;3.19;946;14;1146.00;0
2412;14;4683578;2412;260;3355;3355;7.08;0.43;252.72;3.19;943;14;1147.00;0
2415;14;4683592;2415;263;3355;3355;7.09;0.43;252.88;3.19;940;14;1148.00;0
2421;14;4683605;2421;262;3355;3355;7.13;0.44;252.86;3.19;934;14;1149.00;0
2423;14;4683616;2423;268;3355;3355;7.15;0.44;252.85;3.19;932;14;1150.00;0
2426;14;4683628;2426;261;3355;3355;7.13;0.44;253.03;3.19;929;14;1151.00;0
2431;14;4683640;2431;288;3438;3482;7.22;0.45;253.47;3.11;1007;14;1152.00;44
2434;14;4683662;2434;282;3444;3483;7.21;0.45;253.63;3.11;1010;14;1153.00;39
2438;14;4683675;2438;272;3451;3483;7.22;0.45;253.90;3.11;1013;14;1154.00;32
2442;14;4683687;2442;260;3451;3483;7.21;0.45;253.93;3.11;1009;14;1155.00;32
2447;14;4683698;2447;250;3456;3483;7.17;0.44;254.11;3.11;1009;14;1156.00;27
2450;14;4683712;2450;244;3456;3483;7.12;0.44;254.02;3.11;1006;14;1157.00;27
2453;14;4683732;2453;241;3460;3483;7.09;0.44;254.15;3.11;1007;14;1158.00;23
2458;14;4683747;2458;247;3463;3483;7.02;0.43;254.51;3.12;1005;14;1159.00;20
2463;14;4683761;2463;249;3464;3484;7.00;0.43;254.50;3.12;1001;14;1160.00;20
2467;14;4683775;2467;251;3466;3485;7.01;0.43;254.61;3.12;999;14;1161.00;19
2469;14;4683788;2469;256;3468;3485;7.02;0.43;254.77;3.12;999;14;1162.00;17
2474;14;4683799;2474;260;3470;3486;6.94;0.43;254.94;3.13;996;14;1163.00;16
2476;14;4683814;2476;261;3473;3486;6.91;0.43;254.83;3.13;997;14;1164.00;13
2482;14;4683828;2482;265;3474;3486;6.89;0.42;255.12;3.14;992;14;1165.00;12
2485;14;4683843;2485;274;3476;3486;6.95;0.43;255.14;3.14;991;14;1166.00;10
2491;14;4683857;2491;271;3480;3490;6.95;0.43;255.26;3.14;989;14;1167.00;10
2496;14;4683872;2496;282;3481;3490;6.97;0.43;255.41;3.15;985;14;1168.00;9
2502;14;4683885;2502;285;3483;3490;6.96;0.43;255.47;3.16;981;14;1169.00;7
2504;14;4683901;2504;288;3488;3496;7.03;0.43;255.51;3.16;984;14;1170.00;8
2507;14;4683915;2507;285;3489;3496;7.05;0.43;255.65;3.16;982;14;1171.00;7
2511;14;4683930;2511;284;3492;3496;7.08;0.43;255.90;3.16;981;14;1172.00;4
2513;14;4683945;2513;282;3498;3500;7.08;0.43;256.05;3.17;985;14;1173.00;2
2518;14;4683961;2518;282;3499;3501;7.04;0.43;256.29;3.17;981;14;1174.00;2
2522;14;4683977;2522;285;3500;3501;7.03;0.43;256.26;3.17;978;14;1175.00;1
2523;14;4683990;2523;288;3503;3505;7.09;0.43;256.37;3.17;980;14;1176.00;2
2528;14;4684003;2528;285;3505;3505;7.07;0.43;256.60;3.17;977;14;1177.00;0
2532;14;4684015;2532;288;3505;3505;7.07;0.43;256.88;3.17;973;14;1178.00;0
2537;14;4684027;2537;291;3506;3506;7.03;0.43;257.06;3.17;969;14;1179.00;0
2538;14;4684039;2538;290;3506;3506;7.07;0.43;257.14;3.17;968;14;1180.00;0
2542;14;4684050;2542;293;3512;3512;7.04;0.43;257.38;3.17;970;14;1181.00;0
2544;14;4684063;2544;292;3512;3512;6.99;0.43;257.43;3.17;968;14;1182.00;0
2548;14;4684074;2548;297;3513;3513;6.94;0.42;257.70;3.17;965;14;1183.00;0
2552;14;4684085;2552;302;3513;3513;6.91;0.42;257.53;3.17;961;14;1184.00;0
2553;14;4684097;2553;312;3513;3513;6.90;0.42;257.61;3.17;960;14;1185.00;0
2560;14;4684113;2560;312;3513;3513;6.86;0.42;257.78;3.17;953;14;1186.00;0
2566;14;4684124;2566;311;3513;3513;6.84;0.42;258.39;3.17;947;14;1187.00;0
2568;14;4684135;2568;310;3524;3525;6.98;0.43;258.39;3.16;956;14;1188.00;1
2573;14;4684147;2573;317;3524;3525;6.91;0.42;258.65;3.16;951;14;1189.00;1
2577;14;4684159;2577;320;3525;3525;6.91;0.42;258.98;3.16;948;14;1190.00;0
2582;14;4684170;2582;318;3525;3525;6.91;0.42;259.06;3.16;943;14;1191.00;0
2591;14;4684181;2591;314;3525;3525;6.83;0.42;259.36;3.16;934;14;1192.00;0
2595;14;4684192;2595;317;3525;3525;6.78;0.42;259.63;3.16;930;14;1193.00;0
2598;14;4684203;2598;322;3529;3529;6.79;0.42;259.81;3.15;931;14;1194.00;0
2604;14;4684215;2604;325;3529;3529;6.69;0.41;260.16;3.15;925;14;1195.00;0
2609;14;4684226;2609;332;3533;3533;6.56;0.40;260.45;3.15;924;14;1196.00;0
2613;14;4684238;2613;341;3534;3534;6.51;0.40;260.55;3.15;921;14;1197.00;0
2619;14;4684249;2619;346;3534;3534;6.38;0.39;260.56;3.15;915;14;1198.00;0
2623;14;4684263;2623;350;3534;3534;6.33;0.39;260.78;3.15;911;14;1199.00;0
2623;14;4684279;2623;371;3561;3575;6.44;0.40;260.78;3.13;938;14;1200.00;14
2624;14;4684302;2624;373;3561;3575;6.45;0.40;260.94;3.13;937;14;1201.00;14
2626;14;4684315;2626;368;3564;3575;6.41;0.40;260.81;3.13;938;14;1202.00;11
2630;14;4684329;2630;363;3566;3576;6.40;0.39;260.91;3.13;936;14;1203.00;10
2635;14;4684344;2635;367;3566;3577;6.36;0.39;260.84;3.13;931;14;1204.00;11
2640;14;4684358;2640;366;3566;3577;6.34;0.39;261.10;3.13;926;14;1205.00;11
2643;14;4684375;2643;370;3572;3580;6.28;0.38;261.09;3.13;929;14;1206.00;8
2645;14;4684394;2645;367;3573;3580;6.28;0.38;261.24;3.13;928;14;1207.00;7
2648;14;4684410;2648;364;3575;3580;6.26;0.38;261.34;3.13;927;14;1208.00;5
2652;14;4684421;2652;367;3576;3580;6.21;0.38;261.28;3.13;924;14;1209.00;4
2655;14;4684433;2655;378;3582;3586;6.17;0.38;261.35;3.13;927;14;1210.00;4
2658;14;4684450;2658;372;3582;3586;6.17;0.38;261.35;3.13;924;14;1211.00;4
2661;14;4684464;2661;370;3582;3586;6.24;0.38;261.53;3.13;921;14;1212.00;4
2662;14;4684479;2662;368;3582;3586;6.33;0.39;261.45;3.13;920;14;1213.00;4
2665;14;4684513;2665;368;3587;3590;6.37;0.39;261.42;3.13;922;14;1214.00;3
2668;14;4684532;2668;364;3589;3592;6.46;0.39;261.40;3.13;921;14;1215.00;3
2670;14;4684549;2670;367;3589;3592;6.51;0.40;261.37;3.13;919;14;1216.00;3
2670;14;4684563;2670;372;3590;3593;6.59;0.40;261.37;3.13;920;14;1217.00;3
2674;14;4684578;2674;373;3590;3593;6.61;0.40;261.38;3.13;916;14;1218.00;3
2674;14;4684592;2674;375;3590;3593;6.64;0.41;261.38;3.13;916;14;1219.00;3
2677;14;4684605;2677;380;3591;3593;6.68;0.41;261.39;3.13;914;14;1220.00;2
2679;14;4684618;2679;381;3591;3593;6.66;0.41;261.33;3.13;912;14;1221.00;2
2680;14;4684632;2680;383;3591;3593;6.70;0.41;261.24;3.13;911;14;1222.00;2
2683;14;4684645;2683;383;3591;3593;6.70;0.41;261.10;3.13;908;14;1223.00;2
2687;14;4684659;2687;398;3635;3663;6.64;0.41;261.15;3.09;948;14;1224.00;28
2689;14;4684679;2689;391;3637;3664;6.62;0.40;261.22;3.10;948;14;1225.00;27
2693;14;4684694;2693;385;3644;3664;6.67;0.41;261.32;3.10;951;14;1226.00;20
2693;14;4684708;2693;383;3647;3664;6.71;0.41;261.32;3.10;954;14;1227.00;17
2696;14;4684722;2696;378;3650;3666;6.73;0.41;261.26;3.10;954;14;1228.00;16
2698;14;4684736;2698;379;3652;3666;6.72;0.41;261.28;3.10;954;14;1229.00;14
2699;14;4684753;2699;380;3655;3666;6.74;0.41;261.37;3.10;956;14;1230.00;11
2699;14;4684765;2699;384;3660;3666;6.77;0.41;261.37;3.11;961;14;1231.00;6
2704;14;4684779;2704;385;3662;3667;6.71;0.41;261.28;3.11;958;14;1232.00;5
2706;14;4684793;2706;394;3663;3668;6.67;0.41;261.25;3.11;957;14;1233.00;5
2709;14;4684806;2709;402;3665;3668;6.67;0.41;261.25;3.12;956;14;1234.00;3
2710;14;4684819;2710;405;3670;3672;6.61;0.40;261.31;3.12;960;14;1235.00;2
2712;14;4684831;2712;399;3671;3672;6.52;0.40;261.27;3.12;959;14;1236.00;1
2713;14;4684842;2713;403;3672;3672;6.41;0.39;261.31;3.12;959;14;1237.00;0
2714;14;4684855;2714;399;3672;3672;6.28;0.38;261.35;3.12;958;14;1238.00;0
2715;14;4684866;2715;408;3677;3678;6.25;0.38;261.42;3.12;962;14;1239.00;1
2717;14;4684877;2717;409;3677;3678;6.19;0.38;261.59;3.12;960;14;1240.00;1
2717;14;4684888;2717;410;3677;3678;6.15;0.38;261.59;3.12;960;14;1241.00;1
2720;14;4684899;2720;415;3679;3681;6.13;0.37;261.64;3.11;959;14;1242.00;2
2721;14;4684910;2721;408;3679;3681;6.06;0.37;261.66;3.11;958;14;1243.00;2
2726;14;4684920;2726;400;3680;3681;6.05;0.37;261.80;3.11;954;14;1244.00;1
2727;14;4684931;2727;381;3681;3682;6.10;0.37;261.74;3.11;954;14;1245.00;1
2729;14;4684942;2729;370;3682;3683;6.15;0.37;261.75;3.11;953;14;1246.00;1
2729;14;4684953;2729;368;3682;3683;6.24;0.38;261.75;3.11;953;14;1247.00;1
2729;14;4684963;2729;359;3692;3696;6.32;0.38;261.75;3.10;963;14;1248.00;4
2733;14;4684975;2733;346;3693;3696;6.40;0.39;261.63;3.10;960;14;1249.00;3
2734;14;4684993;2734;334;3693;3696;6.49;0.39;261.54;3.10;959;14;1250.00;3
2734;14;4685004;2734;321;3694;3697;6.61;0.40;261.54;3.10;960;14;1251.00;3
2735;14;4685015;2735;309;3696;3697;6.72;0.41;261.66;3.11;961;14;1252.00;1
2739;14;4685026;2739;301;3699;3701;6.88;0.42;261.57;3.10;960;14;1253.00;2
2740;14;4685038;2740;291;3699;3701;7.02;0.42;261.61;3.10;959;14;1254.00;2
2742;14;4685050;2742;289;3703;3705;7.07;0.43;261.70;3.10;961;14;1255.00;2
2744;14;4685063;2744;278;3703;3705;7.12;0.43;261.80;3.10;959;14;1256.00;2
2746;14;4685084;2746;275;3703;3705;7.17;0.43;261.82;3.10;957;14;1257.00;2
2747;14;4685105;2747;271;3703;3705;7.18;0.43;261.84;3.10;956;14;1258.00;2
2749;14;4685117;2749;257;3703;3705;7.18;0.43;261.86;3.10;954;14;1259.00;2
2752;14;4685130;2752;257;3728;3739;7.21;0.44;261.91;3.08;976;14;1260.00;11
2755;14;4685145;2755;259;3729;3739;7.22;0.44;261.76;3.08;974;14;1261.00;10
2760;14;4685158;2760;255;3731;3739;7.26;0.44;261.92;3.08;971;14;1262.00;8
2764;14;4685169;2764;246;3731;3739;7.32;0.44;262.00;3.08;967;14;1263.00;8
2766;14;4685181;2766;240;3735;3739;7.31;0.44;262.27;3.09;969;14;1264.00;4
2767;14;4685194;2767;237;3735;3739;7.33;0.44;262.35;3.09;968;14;1265.00;4
2768;14;4685209;2768;236;3736;3740;7.36;0.45;262.37;3.09;968;14;1266.00;4
2771;14;4685225;2771;239;3736;3740;7.36;0.45;262.35;3.09;965;14;1267.00;4
2773;14;4685239;2773;240;3743;3746;7.39;0.45;262.29;3.09;970;14;1268.00;3
2775;14;4685252;2775;240;3744;3747;7.41;0.45;262.16;3.08;969;14;1269.00;3
2777;14;4685266;2777;238;3744;3747;7.35;0.44;262.19;3.08;967;14;1270.00;3
2777;14;4685279;2777;236;3746;3747;7.32;0.44;262.19;3.09;969;14;1271.00;1
2779;14;4685291;2779;239;3749;3751;7.31;0.44;262.49;3.09;970;14;1272.00;2
2782;14;4685305;2782;239;3751;3751;7.37;0.45;262.40;3.09;969;14;1273.00;0
2782;14;4685317;2782;237;3751;3751;7.40;0.45;262.40;3.09;969;14;1274.00;0
2782;14;4685334;2782;228;3752;3752;7.40;0.45;262.40;3.09;970;14;1275.00;0
2785;14;4685347;2785;228;3755;3756;7.40;0.45;262.47;3.08;970;14;1276.00;1
2787;14;4685360;2787;222;3755;3756;7.37;0.45;262.54;3.08;968;14;1277.00;1
2789;14;4685373;2789;209;3757;3759;7.46;0.45;262.65;3.08;968;14;1278.00;2
2793;14;4685385;2793;210;3758;3759;7.57;0.46;262.58;3.08;965;14;1279.00;1
2795;14;4685397;2795;206;3758;3759;7.59;0.46;262.68;3.08;963;14;1280.00;1
2797;14;4685409;2797;204;3758;3759;7.68;0.46;262.73;3.08;961;14;1281.00;1
2800;14;4685421;2800;201;3762;3763;7.75;0.47;262.92;3.08;962;14;1282.00;1
2802;14;4685434;2802;201;3762;3763;7.80;0.47;262.90;3.08;960;14;1283.00;1
2804;14;4685446;2804;206;3763;3763;7.82;0.47;262.90;3.08;959;14;1284.00;0
2805;14;4685458;2805;209;3763;3763;7.86;0.48;263.01;3.08;958;14;1285.00;0
2806;14;4685469;2806;214;3764;3764;7.91;0.48;263.14;3.08;958;14;1286.00;0
2808;14;4685480;2808;216;3765;3765;7.87;0.48;263.17;3.08;957;14;1287.00;0
2809;14;4685493;2809;219;3765;3765;7.82;0.48;263.13;3.08;956;14;1288.00;0
2813;14;4685510;2813;224;3766;3766;7.77;0.47;263.52;3.08;953;14;1289.00;0
2814;14;4685524;2814;233;3766;3766;7.68;0.47;263.66;3.08;952;14;1290.00;0
2817;14;4685536;2817;227;3766;3766;7.60;0.46;263.76;3.08;949;14;1291.00;0
2819;14;4685547;2819;232;3766;3766;7.62;0.46;263.80;3.08;947;14;1292.00;0
2821;14;4685559;2821;234;3766;3766;7.56;0.46;263.93;3.08;945;14;1293.00;0
2823;14;4685570;2823;239;3766;3766;7.50;0.46;264.10;3.08;943;14;1294.00;0
2824;14;4685581;2824;243;3766;3766;7.55;0.46;264.15;3.08;942;14;1295.00;0
2826;14;4685593;2826;261;3844;3893;7.72;0.48;264.07;3.02;1018;14;1296.00;49
2830;14;4685614;2830;254;3848;3894;7.70;0.48;264.20;3.02;1018;14;1297.00;46
2833;14;4685627;2833;247;3856;3894;7.76;0.48;264.20;3.01;1023;14;1298.00;38
2835;14;4685639;2835;247;3857;3894;7.79;0.48;264.23;3.01;1022;14;1299.00;37
2838;14;4685652;2838;249;3864;3894;7.77;0.48;264.26;3.02;1026;14;1300.00;30
2841;14;4685668;2841;246;3864;3894;7.70;0.47;264.27;3.02;1023;14;1301.00;30
2844;14;4685680;2844;241;3867;3894;7.65;0.47;264.32;3.02;1023;14;1302.00;27
2846;14;4685698;2846;245;3870;3894;7.58;0.47;264.32;3.02;1024;14;1303.00;24
2849;14;4685711;2849;240;3873;3895;7.57;0.47;264.50;3.02;1024;14;1304.00;22
2854;14;4685724;2854;241;3879;3897;7.56;0.46;264.61;3.03;1025;14;1305.00;18
2854;14;4685738;2854;239;3882;3897;7.51;0.46;264.61;3.04;1028;14;1306.00;15
2857;14;4685758;2857;243;3885;3898;7.51;0.46;264.53;3.04;1028;14;1307.00;13
2861;14;4685771;2861;245;3889;3898;7.48;0.46;264.75;3.05;1028;14;1308.00;9
2862;14;4685784;2862;248;3891;3898;7.45;0.46;264.81;3.05;1029;14;1309.00;7
2864;14;4685796;2864;251;3892;3898;7.48;0.46;264.91;3.06;1028;14;1310.00;6
2867;14;4685808;2867;255;3895;3902;7.55;0.46;265.07;3.05;1028;14;1311.00;7
2870;14;4685820;2870;259;3897;3902;7.53;0.46;265.07;3.06;1027;14;1312.00;5
2873;14;4685832;2873;263;3897;3902;7.51;0.46;265.43;3.06;1024;14;1313.00;5
2875;14;4685843;2875;268;3900;3905;7.43;0.46;265.45;3.06;1025;14;1314.00;5
2878;14;4685877;2878;269;3900;3905;7.38;0.45;265.64;3.06;1022;14;1315.00;5
2885;14;4685893;2885;273;3902;3905;7.21;0.44;265.74;3.07;1017;14;1316.00;3
2892;14;4685907;2892;281;3906;3909;7.05;0.43;265.93;3.07;1014;14;1317.00;3
2893;14;4685919;2893;283;3907;3910;6.93;0.42;266.10;3.07;1014;14;1318.00;3
2897;14;4685931;2897;290;3908;3910;6.81;0.42;266.21;3.07;1011;14;1319.00;2
2904;14;4685945;2904;281;3914;3915;6.74;0.41;266.22;3.07;1010;14;1320.00;1
2909;14;4685957;2909;282;3915;3915;6.71;0.41;266.48;3.07;1006;14;1321.00;0
2913;14;4685970;2913;274;3915;3915;6.68;0.41;266.59;3.07;1002;14;1322.00;0
2919;14;4685981;2919;270;3916;3916;6.65;0.41;266.91;3.07;997;14;1323.00;0
2924;14;4685999;2924;271;3916;3916;6.58;0.40;267.06;3.07;992;14;1324.00;0
2928;14;4686012;2928;271;3922;3922;6.53;0.40;267.33;3.07;994;14;1325.00;0
2934;14;4686024;2934;273;3922;3922;6.45;0.39;267.41;3.07;988;14;1326.00;0
2937;14;4686037;2937;280;3923;3923;6.37;0.39;267.51;3.07;986;14;1327.00;0
2942;14;4686049;2942;279;3923;3923;6.34;0.39;267.67;3.07;981;14;1328.00;0
2945;14;4686061;2945;280;3923;3923;6.32;0.38;267.68;3.07;978;14;1329.00;0
2948;14;4686072;2948;279;3923;3923;6.26;0.38;267.71;3.07;975;14;1330.00;0
2952;14;4686083;2952;282;3923;3923;6.20;0.38;267.80;3.07;971;14;1331.00;0
2957;14;4686094;2957;286;3935;3935;6.21;0.38;267.83;3.06;978;14;1332.00;0
2960;14;4686107;2960;295;3935;3935;6.25;0.38;267.85;3.06;975;14;1333.00;0
2963;14;4686119;2963;300;3935;3935;6.23;0.38;268.15;3.06;972;14;1334.00;0
2964;14;4686131;2964;304;3935;3935;6.27;0.38;268.20;3.06;971;14;1335.00;0
2968;14;4686142;2968;311;3935;3935;6.28;0.38;268.27;3.06;967;14;1336.00;0
2970;14;4686154;2970;321;3935;3935;6.24;0.38;268.38;3.06;965;14;1337.00;0
2970;14;4686165;2970;326;3939;3939;6.25;0.38;268.38;3.05;969;14;1338.00;0
2975;14;4686177;2975;324;3939;3939;6.25;0.38;268.51;3.05;964;14;1339.00;0
2977;14;4686188;2977;329;3943;3943;6.32;0.38;268.62;3.05;966;14;1340.00;0
2979;14;4686208;2979;334;3944;3944;6.34;0.39;268.62;3.05;965;14;1341.00;0
2986;14;4686220;2986;335;3944;3944;6.29;0.38;268.91;3.05;958;14;1342.00;0
2988;14;4686231;2988;342;3944;3944;6.26;0.38;268.85;3.05;956;14;1343.00;0
2992;14;4686243;2992;352;3957;3957;6.31;0.38;269.05;3.04;965;14;1344.00;0
2995;14;4686257;2995;351;3957;3957;6.29;0.38;268.99;3.04;962;14;1345.00;0
3000;14;4686267;3000;356;3957;3957;6.25;0.38;269.13;3.04;957;14;1346.00;0
3005;14;4686279;3005;357;3958;3958;6.22;0.38;269.40;3.04;953;14;1347.00;0
3007;14;4686290;3007;364;3959;3959;6.20;0.38;269.25;3.04;952;14;1348.00;0
3014;14;4686301;3014;371;3959;3959;6.16;0.38;269.63;3.04;945;14;1349.00;0
3018;14;4686315;3018;380;3965;3968;6.21;0.38;269.51;3.04;947;14;1350.00;3
3021;14;4686328;3021;384;3966;3968;6.18;0.38;269.69;3.04;945;14;1351.00;2
3027;14;4686341;3027;391;3967;3968;6.12;0.37;269.93;3.04;940;14;1352.00;1
3031;14;4686353;3031;393;3968;3968;6.00;0.37;270.24;3.04;937;14;1353.00;0
3033;14;4686370;3033;393;3974;3974;5.99;0.37;270.25;3.03;941;14;1354.00;0
3037;14;4686382;3037;394;3974;3974;5.88;0.36;270.40;3.03;937;14;1355.00;0
3041;14;4686394;3041;407;3974;3974;5.77;0.35;270.62;3.03;933;14;1356.00;0
3045;14;4686405;3045;409;3974;3974;5.67;0.35;270.71;3.03;929;14;1357.00;0
3050;14;4686417;3050;412;3978;3978;5.60;0.34;270.63;3.03;928;14;1358.00;0
3053;14;4686432;3053;417;3979;3979;5.57;0.34;270.50;3.03;926;14;1359.00;0
3057;14;4686443;3057;419;3979;3979;5.52;0.34;270.49;3.03;922;14;1360.00;0
3059;14;4686454;3059;424;3980;3980;5.54;0.34;270.41;3.03;921;14;1361.00;0
3062;14;4686465;3062;433;3980;3980;5.45;0.33;270.28;3.03;918;14;1362.00;0
3063;14;4686476;3063;433;3980;3980;5.40;0.33;270.20;3.03;917;14;1363.00;0
3065;14;4686487;3065;434;3980;3980;5.35;0.33;270.16;3.03;915;14;1364.00;0
3068;14;4686496;3068;438;3980;3980;5.30;0.32;270.09;3.03;912;14;1365.00;0
3071;14;4686513;3071;443;3980;3980;5.23;0.32;269.95;3.03;909;14;1366.00;0
3072;14;4686524;3072;433;3980;3980;5.19;0.32;269.87;3.03;908;14;1367.00;0
3073;14;4686535;3073;437;4024;4050;5.44;0.33;269.91;3.00;951;14;1368.00;26
3074;14;4686552;3074;430;4026;4051;5.45;0.33;269.84;3.00;952;14;1369.00;25
3076;14;4686564;3076;422;4033;4051;5.50;0.34;269.78;2.99;957;14;1370.00;18
3076;14;4686575;3076;422;4036;4051;5.53;0.34;269.78;2.99;960;14;1371.00;15
3078;14;4686586;3078;419;4038;4051;5.58;0.34;269.79;2.99;960;14;1372.00;13
3081;14;4686597;3081;425;4040;4051;5.64;0.34;269.81;2.99;959;14;1373.00;11
3082;14;4686608;3082;429;4043;4051;5.64;0.34;269.77;3.00;961;14;1374.00;8
3083;14;4686619;3083;425;4046;4051;5.70;0.35;269.80;3.00;963;14;1375.00;5
3084;14;4686629;3084;411;4048;4052;5.70;0.35;269.81;3.00;964;14;1376.00;4
3086;14;4686642;3086;406;4049;4053;5.71;0.35;269.91;3.00;963;14;1377.00;4
3086;14;4686654;3086;394;4051;4053;5.71;0.35;269.91;3.01;965;14;1378.00;2
3089;14;4686666;3089;397;4056;4057;5.67;0.34;270.00;3.01;967;14;1379.00;1
3090;14;4686679;3090;395;4057;4057;5.70;0.35;270.10;3.01;967;14;1380.00;0
3091;14;4686691;3091;400;4057;4057;5.76;0.35;270.07;3.01;966;14;1381.00;0
3092;14;4686703;3092;401;4057;4057;5.79;0.35;270.10;3.01;965;14;1382.00;0
3093;14;4686714;3093;403;4063;4063;5.82;0.35;270.13;3.00;970;14;1383.00;0
3095;14;4686728;3095;407;4063;4063;5.85;0.36;270.06;3.00;968;14;1384.00;0
3096;14;4686741;3096;409;4063;4063;5.89;0.36;270.07;3.00;967;14;1385.00;0
3096;14;4686752;3096;413;4065;4066;5.97;0.36;270.07;3.00;969;14;1386.00;1
3097;14;4686764;3097;409;4066;4066;5.99;0.37;270.06;3.00;969;14;1387.00;0
3098;14;4686776;3098;411;4066;4066;6.01;0.37;270.07;3.00;968;14;1388.00;0
3098;14;4686788;3098;410;4067;4067;6.06;0.37;270.07;3.00;969;14;1389.00;0
3102;14;4686799;3102;397;4068;4068;6.11;0.37;270.03;3.00;966;14;1390.00;0
3103;14;4686811;3103;391;4068;4068;6.20;0.38;270.05;3.00;965;14;1391.00;0
3103;14;4686823;3103;385;4081;4081;6.34;0.39;270.05;2.99;978;14;1392.00;0
3108;14;4686836;3108;380;4081;4081;6.41;0.39;270.09;2.99;973;14;1393.00;0
3109;14;4686849;3109;379;4081;4081;6.53;0.40;270.12;2.99;972;14;1394.00;0
3112;14;4686861;3112;381;4083;4083;6.66;0.41;270.06;2.99;971;15;1395.00;0
3115;14;4686885;3115;377;4083;4083;6.74;0.41;270.01;2.99;968;15;1396.00;0
3115;14;4686906;3115;378;4087;4087;6.88;0.42;270.01;2.99;972;15;1397.00;0
3117;14;4686918;3117;379;4087;4087;6.95;0.42;270.05;2.99;970;15;1398.00;0
3118;14;4686930;3118;378;4091;4091;6.98;0.42;270.07;2.98;973;15;1399.00;0
3118;14;4686943;3118;371;4091;4091;7.01;0.43;270.07;2.98;973;15;1400.00;0
3123;14;4686960;3123;368;4091;4091;7.04;0.43;269.98;2.98;968;15;1401.00;0
3123;14;4686972;3123;361;4091;4091;7.08;0.43;269.98;2.98;968;15;1402.00;0
3123;14;4686984;3123;361;4091;4091;7.08;0.43;269.98;2.98;968;15;1403.00;0
3126;14;4686996;3126;366;4102;4103;7.09;0.43;270.00;2.98;976;15;1404.00;1
3127;14;4687010;3127;365;4102;4103;7.09;0.43;270.04;2.98;975;15;1405.00;1
3130;14;4687022;3130;363;4103;4103;7.09;0.43;270.02;2.98;973;15;1406.00;0
3132;14;4687034;3132;363;4103;4103;7.08;0.43;270.07;2.98;971;15;1407.00;0
3133;14;4687046;3133;361;4103;4103;7.09;0.43;270.11;2.98;970;15;1408.00;0
3134;14;4687059;3134;356;4103;4103;7.11;0.43;270.15;2.98;969;15;1409.00;0
3137;14;4687072;3137;348;4104;4104;7.06;0.43;270.09;2.98;967;15;1410.00;0
3139;14;4687084;3139;343;4104;4104;7.05;0.43;270.26;2.98;965;15;1411.00;0
3141;14;4687096;3141;334;4110;4110;7.10;0.43;270.32;2.97;969;15;1412.00;0
3143;14;4687109;3143;330;4111;4111;7.11;0.43;270.43;2.97;968;15;1413.00;0
3143;14;4687121;3143;317;4111;4111;7.13;0.43;270.43;2.97;968;15;1414.00;0
3145;14;4687133;3145;312;4111;4111;7.19;0.44;270.66;2.97;966;15;1415.00;0
3148;14;4687145;3148;308;4115;4115;7.22;0.44;270.70;2.97;967;15;1416.00;0
3150;14;4687157;3150;291;4115;4115;7.31;0.44;270.77;2.97;965;15;1417.00;0
3155;14;4687170;3155;287;4115;4115;7.36;0.44;271.08;2.97;960;15;1418.00;0
3158;14;4687181;3158;282;4116;4116;7.38;0.45;271.36;2.97;958;15;1419.00;0
3160;14;4687193;3160;275;4120;4120;7.39;0.45;271.47;2.97;960;15;1420.00;0
3166;14;4687205;3166;270;4120;4120;7.38;0.45;271.61;2.97;954;15;1421.00;0
3170;14;4687237;3170;265;4122;4123;7.42;0.45;271.86;2.97;952;15;1422.00;1
3172;14;4687254;3172;260;4123;4123;7.50;0.45;272.03;2.97;951;15;1423.00;0
3175;14;4687266;3175;257;4123;4123;7.55;0.46;272.18;2.97;948;15;1424.00;0
3179;14;4687278;3179;254;4123;4123;7.60;0.46;272.39;2.97;944;15;1425.00;0
3183;14;4687289;3183;246;4127;4127;7.70;0.47;272.44;2.96;944;15;1426.00;0
3187;14;4687300;3187;247;4127;4127;7.76;0.47;272.56;2.96;940;15;1427.00;0
3188;14;4687312;3188;247;4127;4127;7.85;0.48;272.60;2.96;939;15;1428.00;0
3189;14;4687324;3189;249;4127;4127;7.85;0.48;272.52;2.96;938;15;1429.00;0
3191;14;4687336;3191;248;4128;4128;7.88;0.48;272.62;2.96;937;15;1430.00;0
3193;14;4687347;3193;246;4129;4129;7.95;0.48;272.77;2.96;936;15;1431.00;0
3194;14;4687359;3194;245;4129;4129;7.99;0.48;272.73;2.96;935;15;1432.00;0
3197;14;4687371;3197;240;4130;4130;8.04;0.49;272.93;2.96;933;15;1433.00;0
3201;14;4687382;3201;242;4130;4130;8.05;0.49;272.87;2.96;929;15;1434.00;0
3203;14;4687393;3203;244;4130;4130;8.09;0.49;272.81;2.96;927;15;1435.00;0
3205;14;4687404;3205;245;4130;4130;8.14;0.49;272.97;2.96;925;15;1436.00;0
3209;14;4687416;3209;244;4130;4130;8.13;0.49;272.93;2.96;921;15;1437.00;0
3211;14;4687428;3211;246;4130;4130;8.21;0.50;273.06;2.96;919;15;1438.00;0
3213;14;4687440;3213;245;4130;4130;8.24;0.50;273.08;2.96;917;15;1439.00;0
3216;15;4687453;3216;282;4237;4360;8.24;0.51;273.32;2.89;1021;16;1440.00;123
3216;15;4687501;3216;272;4245;4361;8.28;0.51;273.32;2.88;1029;16;1441.00;116
3220;15;4687513;3220;258;4258;4361;8.36;0.52;273.47;2.88;1038;16;1442.00;103
3221;15;4687531;3221;254;4261;4361;8.33;0.52;273.60;2.88;1040;16;1443.00;100
3225;15;4687543;3225;251;4272;4361;8.29;0.51;273.74;2.88;1047;16;1444.00;89
3228;15;4687556;3228;249;4276;4361;8.25;0.51;273.91;2.89;1048;16;1445.00;85
3231;15;4687568;3231;249;4286;4361;8.23;0.51;274.10;2.89;1055;16;1446.00;75
3234;15;4687581;3234;243;4293;4361;8.16;0.50;274.19;2.90;1059;16;1447.00;68
3235;15;4687600;3235;251;4302;4362;8.19;0.51;274.31;2.91;1067;16;1448.00;60
3238;15;4687613;3238;253;4308;4363;8.17;0.51;274.64;2.92;1070;16;1449.00;55
3239;15;4687626;3239;252;4316;4363;8.13;0.50;274.66;2.93;1077;16;1450.00;47
3242;15;4687639;3242;259;4321;4364;8.05;0.50;274.83;2.94;1079;16;1451.00;43
3245;15;4687653;3245;266;4324;4364;8.01;0.49;274.87;2.95;1079;16;1452.00;40
3248;15;4687672;3248;275;4328;4364;7.94;0.49;274.95;2.96;1080;16;1453.00;36
3253;15;4687685;3253;281;4334;4364;7.87;0.48;275.21;2.97;1081;16;1454.00;30
3255;15;4687698;3255;285;4337;4368;7.84;0.48;275.05;2.97;1082;16;1455.00;31
3258;15;4687712;3258;295;4340;4368;7.77;0.48;275.15;2.98;1082;16;1456.00;28
3260;15;4687726;3260;305;4343;4368;7.73;0.47;275.31;2.99;1083;16;1457.00;25
3262;15;4687739;3262;310;4345;4371;7.66;0.47;275.48;2.99;1083;16;1458.00;26
3265;15;4687754;3265;317;4346;4371;7.60;0.46;275.60;2.99;1081;16;1459.00;25
3267;15;4687767;3267;327;4349;4371;7.55;0.46;275.62;3.00;1082;16;1460.00;22
3270;15;4687780;3270;333;4356;4375;7.46;0.46;275.56;3.01;1086;16;1461.00;19
3272;15;4687794;3272;340;4360;4376;7.43;0.45;275.45;3.02;1088;16;1462.00;16
3273;15;4687807;3273;341;4362;4376;7.40;0.45;275.59;3.03;1089;16;1463.00;14
3275;15;4687820;3275;348;4366;4380;7.31;0.45;275.64;3.04;1091;16;1464.00;14
3276;15;4687833;3276;354;4366;4380;7.28;0.45;275.70;3.04;1090;16;1465.00;14
3279;15;4687846;3279;357;4369;4380;7.22;0.44;275.71;3.05;1090;16;1466.00;11
3282;15;4687859;3282;364;4370;4381;7.10;0.43;275.73;3.05;1088;16;1467.00;11
3285;15;4687878;3285;368;4370;4381;7.05;0.43;275.68;3.05;1085;16;1468.00;11
3287;15;4687892;3287;363;4375;4387;7.12;0.44;275.66;3.05;1088;16;1469.00;12
3292;15;4687909;3292;360;4377;4387;7.09;0.43;275.49;3.06;1085;16;1470.00;10
3296;15;4687923;3296;353;4379;4388;7.05;0.43;275.40;3.06;1083;16;1471.00;9
3298;15;4687936;3298;359;4379;4388;7.05;0.43;275.44;3.06;1081;16;1472.00;9
3301;15;4687950;3301;350;4380;4388;7.06;0.43;275.29;3.06;1079;16;1473.00;8
3301;16;4687963;3301;348;4381;4388;7.09;0.43;275.29;3.07;1080;17;1474.00;7
3303;16;4687982;3303;346;4382;4388;7.01;0.43;275.31;3.08;1079;17;1475.00;6
3305;16;4687994;3305;346;4392;4400;6.94;0.43;275.42;3.08;1087;17;1476.00;8
3306;16;4688009;3306;354;4392;4400;6.83;0.42;275.56;3.08;1086;17;1477.00;8
3309;16;4688021;3309;355;4394;4400;6.70;0.41;275.57;3.08;1085;17;1478.00;6
3313;16;4688034;3313;365;4395;4400;6.60;0.40;275.63;3.08;1082;17;1479.00;5
3316;16;4688046;3316;365;4395;4400;6.53;0.40;275.81;3.08;1079;18;1480.00;5
3320;16;4688068;3320;364;4395;4400;6.46;0.40;275.93;3.08;1075;18;1481.00;5
3324;16;4688081;3324;373;4400;4404;6.34;0.39;276.15;3.08;1076;18;1482.00;4
3328;16;4688097;3328;377;4401;4404;6.25;0.38;276.11;3.08;1073;19;1483.00;3
3330;16;4688118;3330;383;4404;4408;6.17;0.38;276.21;3.08;1074;19;1484.00;4
3335;16;4688130;3335;373;4407;4410;6.06;0.37;276.41;3.08;1072;19;1485.00;3
3340;16;4688143;3340;363;4407;4410;6.02;0.37;276.43;3.08;1067;19;1486.00;3
3344;16;4688155;3344;367;4407;4410;5.98;0.37;276.61;3.08;1063;19;1487.00;3
3346;16;4688167;3346;374;4419;4423;6.02;0.37;276.71;3.07;1073;19;1488.00;4
3350;16;4688180;3350;371;4420;4423;6.01;0.37;276.67;3.07;1070;19;1489.00;3
3354;16;4688192;3354;364;4420;4423;5.96;0.37;276.73;3.07;1066;19;1490.00;3
3357;16;4688205;3357;361;4421;4424;5.95;0.37;276.89;3.07;1064;19;1491.00;3
3361;16;4688217;3361;362;4422;4425;5.95;0.37;277.04;3.07;1061;19;1492.00;3
3365;16;4688229;3365;361;4422;4425;5.95;0.37;277.01;3.07;1057;19;1493.00;3
3370;16;4688241;3370;366;4424;4428;5.96;0.37;277.07;3.07;1054;19;1494.00;4
3374;16;4688253;3374;368;4424;4428;5.93;0.36;277.03;3.07;1050;19;1495.00;4
3379;16;4688265;3379;366;4425;4428;5.86;0.36;276.98;3.07;1046;19;1496.00;3
3383;16;4688277;3383;373;4425;4428;5.78;0.35;277.37;3.07;1042;19;1497.00;3
3385;16;4688289;3385;378;4431;4434;5.83;0.36;277.29;3.07;1046;19;1498.00;3
3387;16;4688302;3387;389;4431;4434;5.83;0.36;277.40;3.07;1044;19;1499.00;3
3391;16;4688315;3391;395;4436;4453;5.80;0.36;277.64;3.06;1045;19;1500.00;17
3394;16;4688335;3394;393;4436;4453;5.79;0.36;277.57;3.06;1042;19;1501.00;17
3398;16;4688346;3398;406;4441;4457;5.78;0.36;277.64;3.06;1043;19;1502.00;16
3402;16;4688358;3402;403;4442;4458;5.72;0.35;277.60;3.06;1040;19;1503.00;16
3404;16;4688370;3404;407;4442;4458;5.69;0.35;277.53;3.06;1038;19;1504.00;16
3409;16;4688381;3409;412;4444;4459;5.70;0.35;277.53;3.06;1035;19;1505.00;15
3416;16;4688391;3416;419;4446;4459;5.63;0.35;277.37;3.06;1030;19;1506.00;13
3422;17;4688403;3422;417;4446;4459;5.63;0.35;277.35;3.06;1024;20;1507.00;13
3428;17;4688421;3428;422;4447;4459;5.59;0.34;277.21;3.08;1019;20;1508.00;12
3433;17;4688433;3433;413;4447;4459;5.58;0.34;277.16;3.08;1014;20;1509.00;12
3435;17;4688445;3435;416;4447;4459;5.62;0.35;277.19;3.08;1012;20;1510.00;12
3440;17;4688458;3440;418;4448;4459;5.58;0.34;277.19;3.08;1008;20;1511.00;11
3444;17;4688470;3444;429;4492;4529;5.63;0.35;277.23;3.05;1048;20;1512.00;37
3450;17;4688487;3450;421;4493;4530;5.59;0.35;277.05;3.05;1043;20;1513.00;37
3456;17;4688502;3456;417;4498;4530;5.62;0.35;277.20;3.05;1042;20;1514.00;32
3458;17;4688514;3458;423;4501;4530;5.68;0.35;277.15;3.05;1043;20;1515.00;29
3463;17;4688526;3463;420;4504;4530;5.63;0.35;277.38;3.05;1041;20;1516.00;26
3468;17;4688544;3468;427;4508;4530;5.59;0.35;277.32;3.05;1040;20;1517.00;22
3471;17;4688555;3471;433;4511;4530;5.59;0.35;277.30;3.06;1040;20;1518.00;19
3475;17;4688567;3475;439;4515;4530;5.56;0.34;277.39;3.06;1040;20;1519.00;15
3476;17;4688578;3476;442;4515;4531;5.52;0.34;277.48;3.06;1039;20;1520.00;16
3480;17;4688589;3480;448;4517;4532;5.49;0.34;277.49;3.06;1037;20;1521.00;15
3482;17;4688599;3482;452;4519;4532;5.47;0.34;277.59;3.07;1037;20;1522.00;13
3485;17;4688610;3485;458;4524;4536;5.46;0.34;277.71;3.08;1039;20;1523.00;12
3491;17;4688620;3491;468;4527;4536;5.39;0.34;277.69;3.09;1036;20;1524.00;9
3493;17;4688631;3493;476;4527;4536;5.35;0.33;277.64;3.09;1034;20;1525.00;9
3499;17;4688642;3499;473;4528;4536;5.27;0.33;277.78;3.11;1029;20;1526.00;8
3502;17;4688654;3502;475;4533;4542;5.23;0.32;277.81;3.11;1031;20;1527.00;9
3504;17;4688666;3504;489;4535;4542;5.21;0.32;277.80;3.11;1031;20;1528.00;7
3508;17;4688676;3508;492;4535;4542;5.18;0.32;277.73;3.11;1027;20;1529.00;7
3511;17;4688689;3511;496;4540;4548;5.13;0.32;277.83;3.12;1029;20;1530.00;8
3515;17;4688700;3515;497;4540;4548;5.05;0.31;277.87;3.12;1025;20;1531.00;8
3516;17;4688710;3516;490;4540;4548;5.02;0.31;277.91;3.12;1024;20;1532.00;8
3519;17;4688722;3519;487;4542;4549;4.96;0.31;277.94;3.12;1023;20;1533.00;7
3522;17;4688733;3522;484;4545;4550;4.92;0.30;277.86;3.13;1023;20;1534.00;5
3526;17;4688745;3526;470;4545;4550;4.93;0.30;277.72;3.13;1019;20;1535.00;5
3529;17;4688758;3529;478;4558;4563;5.06;0.31;277.80;3.13;1029;20;1536.00;5
3531;17;4688773;3531;463;4558;4563;5.11;0.31;277.67;3.13;1027;20;1537.00;5
3532;17;4688788;3532;449;4559;4563;5.14;0.31;277.74;3.13;1027;20;1538.00;4
3537;17;4688799;3537;445;4560;4564;5.21;0.32;277.92;3.13;1023;20;1539.00;4
3537;17;4688813;3537;448;4563;4564;5.28;0.32;277.92;3.14;1026;20;1540.00;1
3538;17;4688827;3538;435;4568;4568;5.41;0.33;277.97;3.14;1030;20;1541.00;0
3539;17;4688842;3539;417;4568;4568;5.52;0.34;278.01;3.14;1029;20;1542.00;0
3539;17;4688856;3539;406;4572;4572;5.63;0.34;278.01;3.14;1033;20;1543.00;0
3542;17;4688878;3542;397;4572;4572;5.74;0.35;278.05;3.14;1030;20;1544.00;0
3545;17;4688892;3545;386;4572;4572;5.87;0.36;278.08;3.14;1027;20;1545.00;0
3546;17;4688906;3546;377;4572;4572;5.98;0.37;278.01;3.14;1026;20;1546.00;0
3548;17;4688920;3548;372;4572;4572;6.09;0.37;277.89;3.14;1024;20;1547.00;0
3549;17;4688932;3549;364;4583;4584;6.21;0.38;277.84;3.13;1034;20;1548.00;1
3552;17;4688949;3552;356;4583;4584;6.33;0.39;277.76;3.13;1031;20;1549.00;1
3554;17;4688963;3554;353;4584;4584;6.45;0.39;277.73;3.13;1030;20;1550.00;0
3555;17;4688977;3555;354;4584;4584;6.55;0.40;277.68;3.13;1029;20;1551.00;0
3556;17;4688991;3556;347;4584;4584;6.66;0.40;277.66;3.13;1028;20;1552.00;0
3556;17;4689006;3556;337;4584;4584;6.75;0.41;277.66;3.13;1028;20;1553.00;0
3558;17;4689020;3558;333;4585;4585;6.80;0.41;277.59;3.13;1027;20;1554.00;0
3561;17;4689033;3561;327;4587;4587;6.83;0.41;277.73;3.13;1026;20;1555.00;0
3562;17;4689047;3562;332;4593;4593;6.91;0.42;277.77;3.13;1031;20;1556.00;0
3562;17;4689061;3562;325;4594;4594;6.94;0.42;277.77;3.12;1032;20;1557.00;0
3564;17;4689074;3564;321;4594;4594;6.96;0.42;277.85;3.12;1030;20;1558.00;0
3565;17;4689089;3565;316;4594;4594;7.06;0.43;277.97;3.12;1029;20;1559.00;0
3567;17;4689106;3567;318;4599;4599;7.10;0.43;278.12;3.12;1032;20;1560.00;0
3571;17;4689120;3571;313;4599;4599;7.14;0.43;278.14;3.12;1028;20;1561.00;0
3573;17;4689133;3573;308;4599;4599;7.17;0.44;278.07;3.12;1026;20;1562.00;0
3577;17;4689146;3577;313;4600;4600;7.21;0.44;278.30;3.12;1023;20;1563.00;0
3578;17;4689167;3578;309;4604;4604;7.22;0.44;278.29;3.12;1026;20;1564.00;0
3581;17;4689182;3581;305;4604;4604;7.28;0.44;278.34;3.12;1023;20;1565.00;0
3582;17;4689196;3582;306;4606;4607;7.35;0.45;278.35;3.12;1024;20;1566.00;1
3584;18;4689210;3584;310;4606;4607;7.31;0.45;278.34;3.12;1022;21;1567.00;1
3589;18;4689236;3589;310;4607;4607;7.30;0.44;278.54;3.12;1018;21;1568.00;0
3591;19;4689249;3591;308;4607;4607;7.31;0.45;278.60;3.12;1016;22;1569.00;0
3595;19;4689286;3595;311;4611;4611;7.31;0.44;278.74;3.12;1016;22;1570.00;0
3596;19;4689301;3596;314;4611;4611;7.30;0.44;278.75;3.12;1015;22;1571.00;0
3599;19;4689313;3599;316;4611;4611;7.22;0.44;278.83;3.12;1012;22;1572.00;0
3605;19;4689332;3605;319;4611;4611;7.16;0.43;279.06;3.12;1006;22;1573.00;0
3607;19;4689358;3607;317;4612;4612;7.12;0.43;279.00;3.11;1005;22;1574.00;0
3609;19;4689376;3609;313;4614;4614;7.09;0.43;279.10;3.11;1005;22;1575.00;0
3611;19;4689395;3611;310;4614;4614;7.13;0.43;279.22;3.11;1003;22;1576.00;0
3617;19;4689419;3617;311;4615;4615;7.04;0.43;279.59;3.11;998;22;1577.00;0
3620;19;4689436;3620;302;4615;4615;7.00;0.43;279.91;3.11;995;22;1578.00;0
3623;19;4689449;3623;297;4615;4615;6.98;0.43;280.07;3.11;992;22;1579.00;0
3626;19;4689465;3626;295;4615;4615;7.01;0.43;280.20;3.11;989;22;1580.00;0
3628;19;4689479;3628;287;4615;4615;7.02;0.43;280.24;3.11;987;22;1581.00;0
3633;19;4689493;3633;277;4615;4615;7.04;0.43;280.48;3.11;982;22;1582.00;0
3635;19;4689507;3635;267;4615;4615;7.08;0.43;280.55;3.11;980;22;1583.00;0
3638;19;4689520;3638;296;4695;4742;7.13;0.44;280.61;3.06;1057;22;1584.00;47
3640;19;4689544;3640;284;4695;4743;7.18;0.44;280.71;3.06;1055;22;1585.00;48
3644;19;4689557;3644;271;4700;4743;7.25;0.45;280.79;3.06;1056;22;1586.00;43
3648;19;4689569;3648;264;4702;4743;7.34;0.45;280.95;3.06;1054;22;1587.00;41
3651;19;4689581;3651;262;4706;4743;7.39;0.45;281.03;3.06;1055;22;1588.00;37
3659;19;4689594;3659;263;4709;4743;7.38;0.45;281.08;3.06;1050;22;1589.00;34
3660;19;4689609;3660;259;4710;4743;7.44;0.46;281.12;3.06;1050;22;1590.00;33
3665;19;4689622;3665;260;4714;4743;7.47;0.46;281.26;3.07;1049;22;1591.00;29
3669;19;4689640;3669;262;4716;4744;7.43;0.45;281.36;3.07;1047;22;1592.00;28
3674;19;4689653;3674;259;4719;4745;7.42;0.45;281.43;3.07;1045;22;1593.00;26
3677;19;4689665;3677;256;4725;4745;7.46;0.45;281.41;3.08;1048;22;1594.00;20
3681;19;4689677;3681;259;4728;4746;7.49;0.46;281.41;3.09;1047;22;1595.00;18
3682;19;4689689;3682;268;4731;4746;7.47;0.45;281.42;3.09;1049;22;1596.00;15
3684;19;4689702;3684;263;4734;4746;7.47;0.46;281.39;3.10;1050;22;1597.00;12
3686;19;4689714;3686;263;4737;4746;7.50;0.46;281.34;3.10;1051;22;1598.00;9
3688;19;4689726;3688;265;4741;4750;7.50;0.46;281.34;3.10;1053;22;1599.00;9
3691;19;4689739;3691;260;4742;4750;7.45;0.45;281.28;3.10;1051;22;1600.00;8
3692;19;4689755;3692;267;4743;4750;7.37;0.45;281.32;3.11;1051;22;1601.00;7
3692;19;4689767;3692;267;4746;4753;7.35;0.45;281.32;3.11;1054;22;1602.00;7
3693;19;4689782;3693;270;4747;4753;7.32;0.45;281.27;3.12;1054;22;1603.00;6
3695;19;4689797;3695;270;4749;4753;7.24;0.44;281.21;3.12;1054;22;1604.00;4
3696;19;4689809;3696;278;4752;4757;7.26;0.44;281.23;3.12;1056;22;1605.00;5
3701;19;4689821;3701;281;4754;4758;7.27;0.44;281.35;3.12;1053;22;1606.00;4
3704;19;4689834;3704;281;4754;4758;7.27;0.44;281.57;3.12;1050;22;1607.00;4
3706;19;4689846;3706;278;4756;4762;7.33;0.44;281.53;3.11;1050;22;1608.00;6
3708;19;4689858;3708;283;4757;4762;7.37;0.45;281.57;3.11;1049;22;1609.00;5
3708;19;4689870;3708;285;4757;4762;7.37;0.45;281.57;3.11;1049;22;1610.00;5
3709;19;4689882;3709;281;4759;4763;7.39;0.45;281.70;3.12;1050;22;1611.00;4
3714;19;4689894;3714;287;4759;4763;7.34;0.45;281.83;3.12;1045;22;1612.00;4
3717;19;4689908;3717;285;4764;4769;7.41;0.45;282.02;3.12;1047;22;1613.00;5
3719;19;4689921;3719;287;4765;4769;7.41;0.45;282.07;3.12;1046;22;1614.00;4
3722;19;4689933;3722;282;4765;4770;7.40;0.45;282.15;3.12;1043;22;1615.00;5
3723;19;4689971;3723;287;4766;4770;7.40;0.45;282.25;3.12;1043;22;1616.00;4
3726;19;4689989;3726;287;4766;4770;7.37;0.45;282.29;3.12;1040;22;1617.00;4
3727;19;4690001;3727;285;4767;4770;7.41;0.45;282.40;3.13;1040;22;1618.00;3
3728;19;4690014;3728;289;4768;4770;7.42;0.45;282.38;3.13;1040;22;1619.00;2
3733;19;4690029;3733;293;4798;4806;7.45;0.45;282.28;3.11;1065;22;1620.00;8
3735;19;4690046;3735;294;4799;4806;7.36;0.45;282.33;3.11;1064;22;1621.00;7
3736;19;4690066;3736;305;4803;4806;7.30;0.45;282.34;3.11;1067;22;1622.00;3
3739;19;4690078;3739;307;4803;4806;7.17;0.44;282.47;3.11;1064;22;1623.00;3
3741;19;4690090;3741;317;4805;4806;7.00;0.43;282.49;3.11;1064;22;1624.00;1
3742;19;4690102;3742;321;4805;4806;6.89;0.42;282.54;3.11;1063;22;1625.00;1
3744;19;4690113;3744;315;4810;4810;6.80;0.42;282.64;3.11;1066;22;1626.00;0
3745;19;4690126;3745;320;4810;4810;6.76;0.41;282.69;3.11;1065;22;1627.00;0
3746;19;4690139;3746;324;4814;4814;6.78;0.41;282.75;3.11;1068;22;1628.00;0
3749;19;4690155;3749;325;4815;4815;6.72;0.41;282.77;3.11;1066;22;1629.00;0
3750;19;4690167;3750;333;4815;4815;6.66;0.41;282.80;3.11;1065;22;1630.00;0
3755;19;4690178;3755;340;4815;4815;6.58;0.40;282.65;3.11;1060;22;1631.00;0
3758;19;4690190;3758;350;4828;4828;6.53;0.40;282.64;3.10;1070;22;1632.00;0
3762;19;4690203;3762;355;4828;4828;6.46;0.40;282.75;3.10;1066;22;1633.00;0
3763;19;4690214;3763;360;4828;4828;6.47;0.40;282.71;3.10;1065;22;1634.00;0
3767;19;4690225;3767;360;4829;4829;6.43;0.39;282.71;3.10;1062;22;1635.00;0
3770;19;4690237;3770;360;4830;4830;6.37;0.39;282.70;3.10;1060;22;1636.00;0
3772;19;4690249;3772;358;4830;4830;6.34;0.39;282.65;3.10;1058;22;1637.00;0
3775;19;4690260;3775;357;4833;4833;6.40;0.39;282.82;3.10;1058;22;1638.00;0
3778;19;4690273;3778;362;4833;4833;6.39;0.39;282.72;3.10;1055;22;1639.00;0
3781;19;4690285;3781;360;4833;4833;6.36;0.39;282.78;3.10;1052;22;1640.00;0
3783;19;4690297;3783;363;4833;4833;6.30;0.39;282.85;3.10;1050;22;1641.00;0
3787;19;4690308;3787;369;4839;4839;6.26;0.38;282.86;3.09;1052;22;1642.00;0
3791;19;4690320;3791;370;4839;4839;6.24;0.38;282.80;3.09;1048;22;1643.00;0
3796;19;4690331;3796;373;4839;4839;6.19;0.38;282.79;3.09;1043;22;1644.00;0
3799;19;4690342;3799;373;4839;4839;6.13;0.38;283.01;3.09;1040;22;1645.00;0
3801;19;4690353;3801;381;4843;4843;6.04;0.37;282.98;3.09;1042;22;1646.00;0
3804;19;4690364;3804;384;4844;4844;5.92;0.36;283.10;3.09;1040;22;1647.00;0
3807;19;4690376;3807;385;4844;4844;5.81;0.36;283.04;3.09;1037;22;1648.00;0
3809;19;4690387;3809;389;4845;4845;5.71;0.35;283.13;3.09;1036;22;1649.00;0
3812;19;4690398;3812;382;4845;4845;5.62;0.35;283.20;3.09;1033;22;1650.00;0
3815;19;4690412;3815;383;4845;4845;5.60;0.35;283.31;3.09;1030;22;1651.00;0
3820;19;4690425;3820;372;4845;4845;5.55;0.34;283.16;3.09;1025;22;1652.00;0
3821;19;4690437;3821;364;4845;4845;5.59;0.35;283.10;3.09;1024;22;1653.00;0
3829;19;4690448;3829;370;4845;4845;5.53;0.34;283.19;3.09;1016;22;1654.00;0
3832;19;4690462;3832;372;4845;4845;5.49;0.34;283.17;3.09;1013;22;1655.00;0
3834;19;4690474;3834;373;4886;4915;5.66;0.35;283.12;3.07;1052;22;1656.00;29
3838;19;4690491;3838;376;4890;4916;5.69;0.35;283.22;3.06;1052;22;1657.00;26
3841;19;4690503;3841;374;4898;4916;5.74;0.35;283.19;3.06;1057;22;1658.00;18
3846;19;4690514;3846;374;4901;4916;5.76;0.36;283.25;3.06;1055;22;1659.00;15
3849;19;4690527;3849;376;4905;4916;5.76;0.35;283.41;3.06;1056;22;1660.00;11
3852;19;4690538;3852;380;4907;4916;5.79;0.36;283.39;3.06;1055;22;1661.00;9
3857;19;4690549;3857;385;4909;4916;5.75;0.35;283.28;3.06;1052;22;1662.00;7
3858;19;4690561;3858;389;4910;4916;5.72;0.35;283.23;3.07;1052;22;1663.00;6
3864;19;4690572;3864;397;4911;4917;5.66;0.35;283.22;3.07;1047;22;1664.00;6
3868;19;4690583;3868;409;4916;4919;5.58;0.34;283.11;3.07;1048;22;1665.00;3
3870;19;4690596;3870;412;4917;4919;5.46;0.33;283.13;3.07;1047;22;1666.00;2
3875;19;4690608;3875;425;4921;4923;5.33;0.32;283.08;3.07;1046;22;1667.00;2
3878;19;4690620;3878;429;4921;4923;5.20;0.32;283.05;3.07;1043;22;1668.00;2
3882;19;4690632;3882;435;4921;4923;5.09;0.31;282.84;3.07;1039;22;1669.00;2
3885;19;4690644;3885;441;4922;4923;5.02;0.31;282.81;3.07;1037;22;1670.00;1
3892;19;4690656;3892;443;4927;4929;4.93;0.30;282.98;3.07;1035;22;1671.00;2
3894;19;4690668;3894;449;4927;4929;4.95;0.30;282.98;3.07;1033;22;1672.00;2
3897;19;4690679;3897;456;4927;4929;4.91;0.30;282.97;3.07;1030;22;1673.00;2
3899;19;4690690;3899;460;4928;4932;4.89;0.30;283.11;3.07;1029;22;1674.00;4
3901;19;4690703;3901;472;4928;4932;4.88;0.30;283.17;3.07;1027;22;1675.00;4
3902;19;4690714;3902;477;4928;4932;4.83;0.30;283.22;3.07;1026;22;1676.00;4
3907;19;4690726;3907;488;4929;4933;4.76;0.29;283.21;3.07;1022;22;1677.00;4
3909;19;4690738;3909;494;4932;4934;4.73;0.29;283.18;3.07;1023;22;1678.00;2
3914;19;4690749;3914;489;4932;4934;4.69;0.29;283.18;3.07;1018;22;1679.00;2
3918;19;4690762;3918;500;4955;4960;4.77;0.29;283.14;3.06;1037;22;1680.00;5
3922;19;4690776;3922;508;4955;4960;4.73;0.29;283.33;3.06;1033;22;1681.00;5
3927;19;4690788;3927;509;4957;4960;4.71;0.29;283.24;3.06;1030;22;1682.00;3
3928;19;4690799;3928;513;4957;4961;4.74;0.29;283.30;3.06;1029;22;1683.00;4
3932;19;4690811;3932;501;4957;4961;4.76;0.29;283.25;3.06;1025;22;1684.00;4
3934;19;4690823;3934;496;4960;4965;4.78;0.29;283.32;3.05;1026;22;1685.00;5
3938;19;4690835;3938;491;4960;4965;4.84;0.30;283.31;3.05;1022;22;1686.00;5
3940;19;4690847;3940;496;4964;4969;4.91;0.30;283.31;3.05;1024;22;1687.00;5
3941;19;4690859;3941;496;4964;4969;4.94;0.30;283.35;3.05;1023;22;1688.00;5
3942;19;4690871;3942;495;4964;4969;4.97;0.30;283.39;3.05;1022;22;1689.00;5
3944;19;4690882;3944;492;4964;4969;5.01;0.31;283.41;3.05;1020;22;1690.00;5
3950;19;4690894;3950;500;4964;4969;4.98;0.30;283.43;3.05;1014;22;1691.00;5
3951;19;4690907;3951;494;4975;4981;5.07;0.31;283.46;3.05;1024;22;1692.00;6
3953;19;4690920;3953;499;4975;4981;5.07;0.31;283.44;3.05;1022;22;1693.00;6
3953;19;4690932;3953;500;4976;4981;5.08;0.31;283.44;3.05;1023;22;1694.00;5
3955;19;4690944;3955;493;4977;4981;5.02;0.31;283.42;3.05;1022;22;1695.00;4
3955;19;4690961;3955;500;4977;4981;4.99;0.30;283.42;3.05;1022;22;1696.00;4
3956;19;4690973;3956;487;4977;4981;4.99;0.30;283.46;3.05;1021;22;1697.00;4
3959;19;4690984;3959;479;4978;4982;4.99;0.30;283.44;3.05;1019;22;1698.00;4
3960;19;4690995;3960;473;4978;4982;5.05;0.31;283.48;3.05;1018;22;1699.00;4
3960;19;4691007;3960;467;4984;4988;5.13;0.31;283.48;3.05;1024;22;1700.00;4
3961;19;4691022;3961;459;4985;4989;5.19;0.32;283.50;3.06;1024;22;1701.00;4
3962;19;4691035;3962;445;4987;4989;5.29;0.32;283.55;3.06;1025;22;1702.00;2
3963;19;4691046;3963;447;4987;4989;5.39;0.33;283.56;3.06;1024;22;1703.00;2
3967;19;4691058;3967;445;4992;4993;5.50;0.33;283.57;3.06;1025;22;1704.00;1
3969;19;4691071;3969;448;4992;4993;5.59;0.34;283.64;3.06;1023;22;1705.00;1
3971;19;4691083;3971;437;4993;4993;5.67;0.35;283.63;3.06;1022;22;1706.00;0
3973;19;4691095;3973;423;4994;4994;5.80;0.35;283.79;3.06;1021;22;1707.00;0
3975;19;4691107;3975;418;4998;4998;5.83;0.36;283.99;3.06;1023;22;1708.00;0
3978;19;4691121;3978;409;4998;4998;5.96;0.36;284.00;3.06;1020;22;1709.00;0
3978;19;4691135;3978;404;5003;5004;6.15;0.37;284.00;3.05;1025;22;1710.00;1
3981;19;4691148;3981;404;5003;5004;6.24;0.38;283.85;3.05;1022;22;1711.00;1
3982;19;4691160;3982;400;5004;5004;6.35;0.39;283.85;3.05;1022;22;1712.00;0
3983;19;4691172;3983;397;5004;5004;6.40;0.39;283.83;3.05;1021;22;1713.00;0
3984;19;4691189;3984;395;5008;5008;6.40;0.39;283.97;3.05;1024;22;1714.00;0
3988;19;4691201;3988;400;5008;5008;6.36;0.39;284.16;3.05;1020;22;1715.00;0
3988;19;4691212;3988;406;5008;5008;6.38;0.39;284.16;3.05;1020;22;1716.00;0
3991;19;4691224;3991;405;5008;5008;6.41;0.39;284.28;3.05;1017;22;1717.00;0
3992;19;4691235;3992;407;5009;5009;6.42;0.39;284.30;3.05;1017;22;1718.00;0
3993;19;4691247;3993;404;5010;5010;6.46;0.39;284.34;3.05;1017;22;1719.00;0
3996;19;4691259;3996;405;5010;5010;6.43;0.39;284.53;3.05;1014;22;1720.00;0
3998;19;4691275;3998;408;5011;5011;6.44;0.39;284.54;3.05;1013;22;1721.00;0
4002;19;4691287;4002;405;5011;5011;6.47;0.39;284.71;3.05;1009;22;1722.00;0
4004;19;4691300;4004;395;5011;5011;6.48;0.39;284.75;3.05;1007;22;1723.00;0
4006;19;4691315;4006;392;5011;5011;6.46;0.39;284.84;3.05;1005;22;1724.00;0
4006;19;4691328;4006;384;5011;5011;6.50;0.40;284.84;3.05;1005;22;1725.00;0
4013;19;4691341;4013;381;5011;5011;6.54;0.40;285.23;3.05;998;22;1726.00;0
4015;19;4691355;4015;384;5011;5011;6.58;0.40;285.32;3.05;996;22;1727.00;0
4018;19;4691367;4018;402;5089;5138;6.79;0.42;285.34;3.01;1071;22;1728.00;49
4021;19;4691390;4021;392;5093;5139;6.86;0.42;285.44;3.00;1072;22;1729.00;46
4024;19;4691406;4024;384;5100;5139;7.02;0.43;285.69;3.00;1076;22;1730.00;39
4026;19;4691423;4026;381;5101;5139;7.07;0.43;285.83;3.00;1075;22;1731.00;38
4029;19;4691438;4029;385;5106;5139;7.20;0.44;285.91;3.00;1077;22;1732.00;33
4031;19;4691454;4031;385;5108;5139;7.20;0.44;286.04;3.00;1077;22;1733.00;31
4034;19;4691472;4034;389;5110;5139;7.17;0.44;286.27;3.01;1076;22;1734.00;29
4036;19;4691487;4036;393;5112;5139;7.16;0.44;286.34;3.01;1076;22;1735.00;27
4039;19;4691510;4039;400;5115;5140;7.13;0.44;286.47;3.01;1076;22;1736.00;25
4041;19;4691527;4041;406;5118;5141;7.07;0.43;286.59;3.01;1077;22;1737.00;23
4043;19;4691551;4043;405;5121;5141;7.01;0.43;286.66;3.02;1078;22;1738.00;20
4044;19;4691567;4044;416;5122;5142;6.96;0.43;286.68;3.02;1078;22;1739.00;20
4045;19;4691585;4045;412;5127;5142;6.92;0.42;286.69;3.03;1082;22;1740.00;15
4047;19;4691602;4047;409;5130;5142;6.83;0.42;286.83;3.03;1083;22;1741.00;12
4049;19;4691619;4049;408;5131;5142;6.78;0.42;286.81;3.04;1082;22;1742.00;11
4053;19;4691636;4053;399;5136;5146;6.73;0.41;287.06;3.04;1083;22;1743.00;10
4054;19;4691653;4054;393;5137;5146;6.72;0.41;287.02;3.04;1083;22;1744.00;9
4057;19;4691672;4057;389;5138;5146;6.70;0.41;287.08;3.04;1081;22;1745.00;8
4062;19;4691687;4062;388;5140;5149;6.77;0.41;287.31;3.04;1078;22;1746.00;9
4066;19;4691704;4066;381;5141;5149;6.77;0.41;287.49;3.04;1075;22;1747.00;8
4067;19;4691720;4067;375;5141;5149;6.87;0.42;287.56;3.04;1074;22;1748.00;8
4069;19;4691734;4069;371;5146;5153;6.90;0.42;287.72;3.05;1077;22;1749.00;7
4071;19;4691751;4071;366;5148;5154;6.97;0.42;287.67;3.05;1077;22;1750.00;6
4077;19;4691769;4077;359;5148;5154;6.95;0.42;287.82;3.05;1071;22;1751.00;6
4080;19;4691786;4080;357;5152;5158;7.00;0.43;288.02;3.05;1072;22;1752.00;6
4082;19;4691810;4082;351;5152;5158;7.00;0.43;288.08;3.05;1070;22;1753.00;6
4084;19;4691826;4084;346;5152;5158;7.04;0.43;288.19;3.05;1068;22;1754.00;6
4088;19;4691842;4088;337;5156;5160;7.04;0.43;288.16;3.06;1068;22;1755.00;4
4091;19;4691858;4091;333;5156;5160;7.09;0.43;288.29;3.06;1065;22;1756.00;4
4095;19;4691873;4095;336;5161;5166;7.11;0.43;288.19;3.05;1066;22;1757.00;5
4102;19;4691890;4102;332;5161;5166;7.11;0.43;288.36;3.05;1059;22;1758.00;5
4103;19;4691907;4103;332;5161;5167;7.18;0.44;288.31;3.05;1058;22;1759.00;6
4108;19;4691922;4108;333;5161;5167;7.18;0.44;288.64;3.05;1053;22;1760.00;6
4109;19;4691938;4109;329;5161;5167;7.17;0.43;288.58;3.05;1052;22;1761.00;6
4113;19;4691952;4113;327;5161;5167;7.16;0.43;288.70;3.05;1048;22;1762.00;6
4115;19;4691970;4115;319;5161;5167;7.17;0.43;288.80;3.05;1046;22;1763.00;6
4116;19;4691992;4116;327;5171;5179;7.23;0.44;288.81;3.05;1055;22;1764.00;8
4118;19;4692007;4118;326;5172;5179;7.23;0.44;288.96;3.05;1054;22;1765.00;7
4120;19;4692024;4120;328;5172;5179;7.20;0.44;289.02;3.05;1052;22;1766.00;7
4122;19;4692039;4122;326;5172;5179;7.19;0.44;289.20;3.05;1050;22;1767.00;7
4125;19;4692055;4125;328;5172;5179;7.15;0.43;289.27;3.05;1047;22;1768.00;7
4128;19;4692071;4128;330;5172;5179;7.12;0.43;289.46;3.05;1044;22;1769.00;7
4129;19;4692088;4129;332;5175;5183;7.08;0.43;289.46;3.05;1046;22;1770.00;8
4132;19;4692104;4132;331;5175;5183;7.02;0.43;289.61;3.05;1043;22;1771.00;8
4138;19;4692118;4138;335;5179;5187;7.00;0.42;289.81;3.05;1041;22;1772.00;8
4141;19;4692134;4141;336;5180;5188;6.96;0.42;289.84;3.04;1039;22;1773.00;8
4143;19;4692151;4143;332;5180;5188;6.94;0.42;289.88;3.04;1037;22;1774.00;8
4145;19;4692164;4145;338;5180;5188;6.87;0.42;289.79;3.04;1035;22;1775.00;8
4147;19;4692178;4147;339;5190;5201;6.84;0.42;289.85;3.04;1043;22;1776.00;11
4151;19;4692192;4151;337;5190;5201;6.77;0.41;289.92;3.04;1039;22;1777.00;11
4151;19;4692204;4151;340;5191;5201;6.81;0.42;289.92;3.04;1040;22;1778.00;10
4155;19;4692216;4155;345;5192;5202;6.80;0.41;289.94;3.04;1037;22;1779.00;10
4158;19;4692228;4158;349;5193;5203;6.78;0.41;290.14;3.05;1035;22;1780.00;10
4159;19;4692242;4159;348;5193;5203;6.80;0.41;290.09;3.05;1034;22;1781.00;10
4162;19;4692254;4162;355;5196;5206;6.85;0.42;289.98;3.05;1034;22;1782.00;10
4164;19;4692267;4164;355;5197;5206;6.88;0.42;289.95;3.05;1033;22;1783.00;9
4168;19;4692278;4168;360;5197;5206;6.81;0.42;290.22;3.05;1029;22;1784.00;9
4169;19;4692292;4169;365;5198;5206;6.77;0.41;290.33;3.06;1029;22;1785.00;8
4173;19;4692304;4173;371;5204;5212;6.74;0.41;290.50;3.06;1031;22;1786.00;8
4174;19;4692322;4174;380;5204;5212;6.63;0.41;290.61;3.06;1030;22;1787.00;8
4178;19;4692335;4178;386;5205;5212;6.47;0.40;290.79;3.07;1027;22;1788.00;7
4181;19;4692346;4181;386;5205;5212;6.40;0.39;290.68;3.07;1024;22;1789.00;7
4183;19;4692358;4183;391;5208;5216;6.31;0.39;290.81;3.07;1025;22;1790.00;8
4186;19;4692370;4186;399;5211;5217;6.20;0.38;290.72;3.08;1025;22;1791.00;6
4188;19;4692382;4188;403;5211;5217;6.16;0.38;290.65;3.08;1023;22;1792.00;6
4190;19;4692396;4190;407;5212;5218;6.10;0.37;290.58;3.08;1022;22;1793.00;6
4192;19;4692409;4192;415;5212;5218;6.04;0.37;290.57;3.08;1020;22;1794.00;6
4193;19;4692421;4193;417;5212;5218;5.96;0.36;290.61;3.08;1019;22;1795.00;6
4195;19;4692432;4195;422;5214;5218;5.90;0.36;290.62;3.09;1019;22;1796.00;4
4197;19;4692443;4197;430;5214;5218;5.87;0.36;290.54;3.09;1017;22;1797.00;4
4199;19;4692454;4199;432;5216;5218;5.83;0.36;290.49;3.09;1017;22;1798.00;2
4201;19;4692464;4201;430;5216;5218;5.82;0.36;290.49;3.09;1015;22;1799.00;2
4203;19;4692476;4203;438;5283;5356;6.10;0.38;290.41;3.06;1080;22;1800.00;73
4205;19;4692503;4205;439;5288;5357;6.08;0.38;290.32;3.06;1083;22;1801.00;69
4209;19;4692514;4209;431;5304;5357;6.12;0.38;290.30;3.05;1095;22;1802.00;53
4212;19;4692525;4212;424;5311;5357;6.12;0.38;290.21;3.05;1099;22;1803.00;46
4213;19;4692536;4213;425;5316;5357;6.13;0.38;290.17;3.05;1103;22;1804.00;41
4214;19;4692547;4214;423;5319;5357;6.06;0.37;290.12;3.06;1105;22;1805.00;38
4216;19;4692558;4216;430;5327;5357;5.98;0.37;290.08;3.06;1111;22;1806.00;30
4219;19;4692569;4219;433;5331;5357;5.89;0.36;290.03;3.06;1112;22;1807.00;26
4223;19;4692580;4223;443;5336;5358;5.80;0.35;289.88;3.07;1113;22;1808.00;22
4226;19;4692591;4226;448;5343;5359;5.74;0.35;289.74;3.07;1117;22;1809.00;16
4228;19;4692602;4228;451;5344;5359;5.71;0.35;289.72;3.08;1116;22;1810.00;15
4231;19;4692613;4231;460;5351;5363;5.54;0.34;289.61;3.08;1120;22;1811.00;12
4232;19;4692625;4232;464;5352;5363;5.41;0.33;289.66;3.08;1120;22;1812.00;11
4232;19;4692636;4232;473;5353;5363;5.32;0.32;289.66;3.08;1121;22;1813.00;10
4234;19;4692646;4234;485;5353;5363;5.18;0.32;289.66;3.08;1119;22;1814.00;10
4239;19;4692657;4239;485;5359;5369;5.11;0.31;289.60;3.08;1120;22;1815.00;10
4242;19;4692693;4242;483;5359;5369;5.02;0.31;289.75;3.08;1117;22;1816.00;10
4243;19;4692708;4243;485;5360;5369;5.00;0.30;289.90;3.08;1117;22;1817.00;9
4245;19;4692720;4245;492;5363;5372;4.94;0.30;289.98;3.08;1118;22;1818.00;9
4247;19;4692731;4247;494;5363;5372;4.90;0.30;289.98;3.08;1116;22;1819.00;9
4248;19;4692741;4248;501;5363;5372;4.87;0.30;290.00;3.08;1115;22;1820.00;9
4251;19;4692752;4251;505;5365;5373;4.83;0.29;290.14;3.09;1114;22;1821.00;8
4254;19;4692763;4254;507;5366;5374;4.84;0.29;290.09;3.09;1112;22;1822.00;8
4255;19;4692775;4255;506;5366;5374;4.85;0.30;290.10;3.09;1111;22;1823.00;8
4257;19;4692786;4257;511;5375;5387;4.84;0.30;290.13;3.08;1118;22;1824.00;12
4261;19;4692798;4261;508;5376;5387;4.80;0.29;290.04;3.08;1115;22;1825.00;11
4263;19;4692809;4263;509;5376;5387;4.73;0.29;289.97;3.08;1113;22;1826.00;11
4268;19;4692820;4268;510;5377;5388;4.63;0.28;289.91;3.08;1109;22;1827.00;11
4269;19;4692831;4269;516;5377;5388;4.62;0.28;289.84;3.08;1108;22;1828.00;11
4272;19;4692843;4272;516;5380;5392;4.60;0.28;289.83;3.08;1108;22;1829.00;12
4276;19;4692858;4276;527;5380;5392;4.57;0.28;289.74;3.08;1104;22;1830.00;12
4278;19;4692870;4278;521;5383;5396;4.57;0.28;289.77;3.08;1105;22;1831.00;13
4279;19;4692881;4279;514;5383;5396;4.63;0.28;289.75;3.08;1104;22;1832.00;13
4284;19;4692894;4284;507;5383;5396;4.67;0.29;289.65;3.08;1099;22;1833.00;13
4287;19;4692909;4287;501;5383;5396;4.75;0.29;289.63;3.08;1096;22;1834.00;13
4291;19;4692923;4291;497;5383;5396;4.78;0.29;289.69;3.08;1092;22;1835.00;13
4292;19;4692936;4292;489;5393;5408;4.92;0.30;289.74;3.07;1101;22;1836.00;15
4296;19;4692949;4296;484;5393;5408;5.02;0.31;289.68;3.07;1097;22;1837.00;15
4300;19;4692968;4300;490;5393;5408;5.04;0.31;289.65;3.07;1093;22;1838.00;15
4300;19;4692980;4300;488;5393;5408;5.12;0.31;289.65;3.07;1093;22;1839.00;15
4301;19;4692992;4301;485;5393;5408;5.23;0.32;289.69;3.07;1092;23;1840.00;15
4302;19;4693014;4302;491;5393;5408;5.27;0.32;289.73;3.07;1091;23;1841.00;15
4304;19;4693026;4304;485;5393;5409;5.29;0.32;289.78;3.07;1089;23;1842.00;16
4308;19;4693038;4308;488;5393;5409;5.34;0.33;289.85;3.07;1085;23;1843.00;16
4309;19;4693050;4309;486;5397;5415;5.36;0.33;289.90;3.07;1088;23;1844.00;18
4312;19;4693063;4312;485;5398;5417;5.42;0.33;289.92;3.07;1086;23;1845.00;19
4317;19;4693075;4317;477;5398;5417;5.45;0.33;290.10;3.07;1081;23;1846.00;19
4320;19;4693086;4320;474;5398;5417;5.49;0.34;290.01;3.07;1078;23;1847.00;19
4323;19;4693098;4323;464;5400;5421;5.51;0.34;289.93;3.07;1077;23;1848.00;21
4325;19;4693110;4325;461;5401;5421;5.58;0.34;289.97;3.07;1076;23;1849.00;20
4328;19;4693123;4328;454;5402;5421;5.61;0.34;289.90;3.08;1074;23;1850.00;19
4329;19;4693135;4329;456;5403;5422;5.66;0.35;289.86;3.08;1074;23;1851.00;19
4333;19;4693147;4333;457;5407;5426;5.74;0.35;289.93;3.08;1074;23;1852.00;19
4336;19;4693159;4336;456;5409;5426;5.79;0.36;289.92;3.09;1073;23;1853.00;17
4340;19;4693171;4340;456;5410;5429;5.83;0.36;290.02;3.09;1070;23;1854.00;19
4340;19;4693183;4340;455;5410;5429;5.91;0.36;290.02;3.09;1070;23;1855.00;19
4346;19;4693195;4346;456;5410;5429;5.90;0.36;290.07;3.09;1064;23;1856.00;19
4350;19;4693207;4350;454;5412;5429;5.91;0.36;289.99;3.10;1062;23;1857.00;17
4352;19;4693219;4352;457;5415;5433;5.93;0.36;290.02;3.10;1063;23;1858.00;18
4353;19;4693231;4353;455;5415;5433;5.92;0.36;290.05;3.10;1062;23;1859.00;18
4357;19;4693247;4357;454;5416;5433;5.86;0.36;290.30;3.10;1059;23;1860.00;17
4361;19;4693261;4361;455;5417;5433;5.82;0.36;290.36;3.11;1056;23;1861.00;16
4366;19;4693275;4366;444;5417;5434;5.76;0.35;290.42;3.11;1051;23;1862.00;17
4369;19;4693287;4369;443;5419;5435;5.77;0.35;290.55;3.12;1050;23;1863.00;16
4372;19;4693299;4372;428;5420;5435;5.75;0.35;290.63;3.12;1048;23;1864.00;15
4375;19;4693311;4375;425;5422;5436;5.76;0.35;290.85;3.12;1047;23;1865.00;14
4378;19;4693323;4378;419;5423;5436;5.79;0.35;291.05;3.12;1045;23;1866.00;13
4384;19;4693335;4384;419;5423;5436;5.75;0.35;291.18;3.12;1039;23;1867.00;13
4386;19;4693347;4386;418;5423;5436;5.77;0.35;291.38;3.12;1037;23;1868.00;13
4392;19;4693359;4392;419;5423;5436;5.79;0.35;291.47;3.12;1031;23;1869.00;13
4393;19;4693371;4393;420;5423;5436;5.81;0.35;291.50;3.12;1030;23;1870.00;13
4396;19;4693382;4396;408;5423;5436;5.88;0.36;291.54;3.12;1027;23;1871.00;13
4398;19;4693394;4398;420;5498;5563;6.14;0.38;291.57;3.09;1100;23;1872.00;65
4399;19;4693415;4399;402;5500;5564;6.23;0.38;291.58;3.09;1101;23;1873.00;64
4402;19;4693428;4402;385;5507;5564;6.34;0.39;291.65;3.09;1105;23;1874.00;57
4403;19;4693442;4403;372;5508;5564;6.47;0.40;291.64;3.09;1105;23;1875.00;56
4404;19;4693455;4404;366;5512;5564;6.54;0.40;291.68;3.09;1108;23;1876.00;52
4406;19;4693469;4406;366;5513;5564;6.51;0.40;291.88;3.09;1107;23;1877.00;51
4407;19;4693482;4407;374;5515;5564;6.44;0.40;291.99;3.09;1108;23;1878.00;49
4409;19;4693496;4409;377;5517;5564;6.37;0.39;292.07;3.09;1108;23;1879.00;47
4411;19;4693510;4411;377;5519;5565;6.30;0.39;292.23;3.10;1108;23;1880.00;46
4412;19;4693524;4412;388;5522;5566;6.24;0.38;292.34;3.10;1110;23;1881.00;44
4415;19;4693538;4415;384;5527;5568;6.20;0.38;292.44;3.10;1112;23;1882.00;41
4419;19;4693554;4419;388;5529;5569;6.16;0.38;292.64;3.10;1110;23;1883.00;40
4421;19;4693567;4421;399;5532;5569;6.10;0.37;292.61;3.11;1111;23;1884.00;37
4425;19;4693580;4425;398;5535;5569;6.09;0.37;292.81;3.11;1110;23;1885.00;34
4430;19;4693593;4430;408;5537;5569;6.06;0.37;292.89;3.12;1107;23;1886.00;32
4430;19;4693605;4430;403;5541;5573;6.05;0.37;292.89;3.12;1111;23;1887.00;32
4432;19;4693619;4432;403;5544;5573;6.05;0.37;292.90;3.14;1112;23;1888.00;29
4435;19;4693631;4435;417;5546;5573;6.02;0.37;292.89;3.14;1111;23;1889.00;27
4437;19;4693645;4437;414;5551;5579;5.98;0.37;292.88;3.15;1114;23;1890.00;28
4439;19;4693659;4439;417;5554;5579;5.98;0.37;292.91;3.15;1115;23;1891.00;25
4440;19;4693672;4440;415;5556;5579;6.00;0.37;292.90;3.15;1116;23;1892.00;23
4443;19;4693684;4443;422;5559;5583;5.99;0.37;292.92;3.15;1116;23;1893.00;24
4445;19;4693696;4445;420;5560;5584;6.03;0.37;292.90;3.15;1115;23;1894.00;24
4446;19;4693708;4446;422;5560;5584;6.05;0.37;292.89;3.15;1114;23;1895.00;24
4450;19;4693719;4450;421;5566;5588;6.10;0.37;292.87;3.16;1116;23;1896.00;22
4454;19;4693732;4454;422;5566;5588;6.12;0.37;292.95;3.16;1112;23;1897.00;22
4456;19;4693750;4456;428;5566;5588;6.12;0.37;293.12;3.16;1110;23;1898.00;22
4458;19;4693762;4458;427;5567;5589;6.12;0.37;293.24;3.16;1109;23;1899.00;22
4463;19;4693774;4463;428;5567;5589;6.08;0.37;293.48;3.16;1104;23;1900.00;22
4465;19;4693790;4465;430;5572;5595;6.05;0.37;293.44;3.15;1107;23;1901.00;23
4466;19;4693803;4466;435;5572;5595;6.04;0.37;293.45;3.15;1106;23;1902.00;23
4469;19;4693815;4469;435;5572;5596;5.96;0.36;293.49;3.15;1103;23;1903.00;24
4470;19;4693826;4470;431;5572;5596;5.84;0.35;293.49;3.15;1102;23;1904.00;24
4470;19;4693838;4470;427;5572;5596;5.76;0.35;293.49;3.15;1102;23;1905.00;24
4475;19;4693849;4475;427;5572;5596;5.70;0.35;293.67;3.15;1097;23;1906.00;24
4475;19;4693861;4475;416;5572;5596;5.72;0.35;293.67;3.15;1097;23;1907.00;24
4477;19;4693872;4477;412;5582;5608;5.74;0.35;293.68;3.15;1105;23;1908.00;26
4478;19;4693884;4478;408;5582;5608;5.75;0.35;293.64;3.15;1104;23;1909.00;26
4479;19;4693896;4479;393;5583;5608;5.77;0.35;293.61;3.15;1104;23;1910.00;25
4480;19;4693907;4480;394;5583;5608;5.84;0.36;293.65;3.15;1103;23;1911.00;25
4482;19;4693925;4482;385;5583;5608;5.88;0.36;293.72;3.15;1101;23;1912.00;25
4483;19;4693938;4483;384;5583;5608;5.94;0.36;293.75;3.15;1100;23;1913.00;25
4485;19;4693949;4485;381;5586;5612;5.96;0.37;293.74;3.15;1101;23;1914.00;26
4488;19;4693962;4488;374;5586;5612;6.00;0.37;293.87;3.15;1098;23;1915.00;26
4491;19;4693974;4491;366;5590;5616;6.02;0.37;293.96;3.14;1099;23;1916.00;26
4497;19;4693987;4497;364;5591;5617;5.96;0.37;294.12;3.14;1094;23;1917.00;26
4499;19;4693998;4499;364;5591;5617;5.96;0.37;294.12;3.14;1092;23;1918.00;26
4504;19;4694011;4504;365;5591;5617;5.89;0.36;294.34;3.14;1087;23;1919.00;26
4505;19;4694024;4505;360;5616;5646;5.91;0.36;294.37;3.17;1111;23;1920.00;30
4509;19;4694068;4509;349;5617;5646;5.90;0.36;294.50;3.17;1108;23;1921.00;29
4514;19;4694083;4514;343;5618;5646;5.89;0.36;294.54;3.17;1104;23;1922.00;28
4515;19;4694095;4515;350;5620;5647;5.92;0.36;294.58;3.17;1105;23;1923.00;27
4520;19;4694108;4520;344;5620;5648;5.93;0.36;294.81;3.17;1100;23;1924.00;28
4524;19;4694120;4524;346;5620;5648;5.94;0.36;294.95;3.17;1096;23;1925.00;28
4527;19;4694132;4527;344;5623;5651;5.93;0.36;294.95;3.16;1096;23;1926.00;28
4530;19;4694145;4530;347;5624;5651;5.92;0.36;295.03;3.16;1094;23;1927.00;27
4534;19;4694157;4534;345;5624;5651;5.85;0.36;295.12;3.16;1090;23;1928.00;27
4540;19;4694168;4540;352;5624;5651;5.82;0.35;295.01;3.16;1084;23;1929.00;27
4543;19;4694180;4543;352;5629;5657;5.82;0.35;295.21;3.16;1086;23;1930.00;28
4543;19;4694192;4543;351;5629;5657;5.82;0.35;295.21;3.16;1086;23;1931.00;28
4545;19;4694204;4545;343;5629;5657;5.89;0.36;295.30;3.16;1084;23;1932.00;28
4547;19;4694215;4547;344;5629;5657;5.88;0.36;295.33;3.16;1082;23;1933.00;28
4551;19;4694226;4551;342;5632;5661;5.82;0.35;295.37;3.16;1081;23;1934.00;29
4556;19;4694238;4556;345;5634;5663;5.81;0.35;295.44;3.16;1078;23;1935.00;29
4558;19;4694251;4558;354;5634;5663;5.79;0.35;295.42;3.16;1076;23;1936.00;29
4562;19;4694263;4562;359;5635;5664;5.78;0.35;295.63;3.16;1073;23;1937.00;29
4564;19;4694276;4564;357;5635;5664;5.77;0.35;295.68;3.16;1071;23;1938.00;29
4566;19;4694289;4566;357;5635;5664;5.73;0.35;295.72;3.16;1069;23;1939.00;29
4568;19;4694302;4568;360;5635;5664;5.69;0.34;295.70;3.16;1067;23;1940.00;29
4568;19;4694315;4568;360;5636;5664;5.68;0.34;295.70;3.18;1068;23;1941.00;28
4568;19;4694326;4568;368;5636;5664;5.64;0.34;295.70;3.18;1068;23;1942.00;28
4571;19;4694338;4571;375;5636;5664;5.56;0.34;295.63;3.18;1065;23;1943.00;28
4571;19;4694350;4571;380;5674;5734;5.78;0.35;295.63;3.16;1103;23;1944.00;60
4574;19;4694367;4574;382;5676;5735;5.68;0.35;295.61;3.16;1102;23;1945.00;59
4576;19;4694379;4576;384;5685;5735;5.62;0.34;295.51;3.16;1109;23;1946.00;50
4578;19;4694390;4578;399;5690;5735;5.55;0.34;295.57;3.20;1112;23;1947.00;45
4579;19;4694403;4579;405;5692;5735;5.49;0.33;295.51;3.20;1113;23;1948.00;43
4580;19;4694414;4580;412;5696;5735;5.48;0.33;295.49;3.24;1116;23;1949.00;39
4580;19;4694428;4580;421;5701;5737;5.46;0.33;295.49;3.26;1121;23;1950.00;36
4581;19;4694440;4581;418;5703;5737;5.43;0.33;295.48;3.26;1122;23;1951.00;34
4582;19;4694452;4582;428;5706;5738;5.40;0.33;295.41;3.26;1124;23;1952.00;32
4583;19;4694463;4583;434;5707;5739;5.39;0.33;295.39;3.26;1124;23;1953.00;32
4586;19;4694474;4586;447;5710;5739;5.35;0.33;295.30;3.28;1124;23;1954.00;29
4589;19;4694485;4589;450;5716;5743;5.32;0.32;295.16;3.30;1127;23;1955.00;27
4589;19;4694497;4589;454;5717;5743;5.27;0.32;295.16;3.30;1128;24;1956.00;26
4591;19;4694512;4591;461;5718;5743;5.24;0.32;295.14;3.32;1127;24;1957.00;25
4593;19;4694524;4593;473;5719;5743;5.14;0.31;295.06;3.33;1126;24;1958.00;24
4593;19;4694539;4593;479;5725;5749;5.11;0.31;295.06;3.34;1132;24;1959.00;24
4595;19;4694551;4595;491;5725;5749;5.04;0.31;295.02;3.34;1130;24;1960.00;24
4599;19;4694562;4599;493;5727;5749;4.92;0.30;294.93;3.37;1128;24;1961.00;22
4603;19;4694573;4603;505;5730;5752;4.82;0.29;294.74;3.39;1127;24;1962.00;22
4603;19;4694595;4603;514;5730;5752;4.75;0.29;294.74;3.39;1127;24;1963.00;22
4605;19;4694606;4605;517;5732;5752;4.70;0.29;294.70;3.40;1127;24;1964.00;20
4605;19;4694617;4605;515;5732;5753;4.64;0.28;294.70;3.40;1127;24;1965.00;21
4606;19;4694627;4606;513;5736;5754;4.62;0.28;294.64;3.45;1130;24;1966.00;18
4608;19;4694639;4608;515;5736;5754;4.59;0.28;294.56;3.45;1128;24;1967.00;18
4611;19;4694650;4611;514;5746;5767;4.60;0.28;294.42;3.44;1135;24;1968.00;21
4613;19;4694661;4613;517;5748;5767;4.58;0.28;294.37;3.45;1135;24;1969.00;19
4615;19;4694672;4615;521;5748;5767;4.54;0.28;294.33;3.45;1133;24;1970.00;19
4616;19;4694682;4616;524;5749;5768;4.53;0.28;294.32;3.45;1133;24;1971.00;19
4622;19;4694692;4622;533;5750;5768;4.43;0.27;294.16;3.47;1128;24;1972.00;18
4622;19;4694703;4622;535;5754;5772;4.48;0.27;294.16;3.46;1132;24;1973.00;18
4624;19;4694713;4624;538;5754;5772;4.43;0.27;294.13;3.46;1130;24;1974.00;18
4624;19;4694723;4624;547;5757;5776;4.38;0.27;294.13;3.46;1133;24;1975.00;19
4624;19;4694733;4624;542;5757;5776;4.34;0.26;294.13;3.46;1133;24;1976.00;19
4625;19;4694742;4625;546;5757;5776;4.27;0.26;294.15;3.46;1132;24;1977.00;19
4627;19;4694753;4627;539;5757;5776;4.17;0.25;294.20;3.46;1130;24;1978.00;19
4629;19;4694763;4629;524;5757;5776;4.11;0.25;294.28;3.46;1128;24;1979.00;19
4631;19;4694774;4631;505;5784;5810;4.30;0.26;294.21;3.45;1153;24;1980.00;26
4634;19;4694787;4634;498;5784;5810;4.32;0.27;294.15;3.45;1150;24;1981.00;26
4636;19;4694797;4636;494;5787;5810;4.35;0.27;294.28;3.45;1151;24;1982.00;23
4639;19;4694808;4639;485;5787;5810;4.41;0.27;294.27;3.45;1148;24;1983.00;23
4640;19;4694819;4640;474;5788;5810;4.47;0.28;294.31;3.45;1148;24;1984.00;22
4642;19;4694830;4642;467;5788;5810;4.53;0.28;294.32;3.45;1146;24;1985.00;22
4645;19;4694840;4645;468;5788;5811;4.57;0.28;294.44;3.45;1143;24;1986.00;23
4646;19;4694852;4646;457;5788;5811;4.63;0.28;294.51;3.45;1142;24;1987.00;23
4650;19;4694868;4650;456;5793;5817;4.68;0.29;294.45;3.44;1143;24;1988.00;24
4653;19;4694880;4653;456;5794;5818;4.73;0.29;294.61;3.44;1141;24;1989.00;24
4655;19;4694892;4655;463;5794;5818;4.77;0.29;294.64;3.44;1139;24;1990.00;24
4657;19;4694903;4657;454;5794;5818;4.79;0.29;294.63;3.44;1137;24;1991.00;24
4659;19;4694915;4659;445;5797;5822;4.80;0.29;294.63;3.44;1138;24;1992.00;25
4662;19;4694927;4662;443;5797;5822;4.85;0.30;294.72;3.44;1135;24;1993.00;25
4664;19;4694946;4664;436;5797;5822;4.91;0.30;294.76;3.44;1133;24;1994.00;25
4667;19;4694963;4667;437;5798;5823;5.02;0.31;294.72;3.44;1131;24;1995.00;25
4668;19;4694975;4668;432;5801;5827;5.16;0.32;294.73;3.44;1133;24;1996.00;26
4670;19;4694987;4670;435;5801;5827;5.20;0.32;294.78;3.44;1131;24;1997.00;26
4675;19;4694999;4675;424;5804;5830;5.25;0.32;294.75;3.44;1129;24;1998.00;26
4677;19;4695011;4677;432;5804;5830;5.28;0.32;294.72;3.44;1127;24;1999.00;26
4682;19;4695024;4682;429;5804;5830;5.24;0.32;294.97;3.44;1122;24;2000.00;26
4685;19;4695040;4685;430;5804;5830;5.27;0.32;294.96;3.44;1119;24;2001.00;26
4688;19;4695052;4688;430;5808;5834;5.32;0.32;294.97;3.44;1120;24;2002.00;26
4689;19;4695065;4689;429;5808;5834;5.39;0.33;294.94;3.44;1119;24;2003.00;26
4693;19;4695076;4693;432;5808;5834;5.41;0.33;295.02;3.44;1115;24;2004.00;26
4697;19;4695088;4697;436;5808;5834;5.40;0.33;294.96;3.44;1111;24;2005.00;26
4702;19;4695100;4702;435;5808;5835;5.37;0.33;295.05;3.44;1106;24;2006.00;27
4704;19;4695112;4704;430;5809;5836;5.39;0.33;295.11;3.44;1105;24;2007.00;27
4709;19;4695123;4709;427;5809;5836;5.41;0.33;295.28;3.44;1100;24;2008.00;27
4712;19;4695136;4712;423;5810;5837;5.41;0.33;295.34;3.44;1098;24;2009.00;27
4715;19;4695149;4715;425;5810;5837;5.44;0.33;295.40;3.44;1095;24;2010.00;27
4716;19;4695161;4716;421;5810;5837;5.46;0.34;295.53;3.44;1094;24;2011.00;27
4720;19;4695172;4720;420;5810;5837;5.49;0.34;295.64;3.44;1090;24;2012.00;27
4723;19;4695184;4723;422;5810;5837;5.51;0.34;295.65;3.44;1087;24;2013.00;27
4724;19;4695196;4724;422;5810;5837;5.56;0.34;295.69;3.44;1086;24;2014.00;27
4731;19;4695208;4731;423;5810;5837;5.57;0.34;295.76;3.44;1079;24;2015.00;27
4733;19;4695220;4733;440;5891;5964;5.86;0.36;295.79;3.39;1158;24;2016.00;73
4737;19;4695243;4737;430;5892;5965;5.94;0.37;295.90;3.39;1155;24;2017.00;73
4744;19;4695255;4744;429;5897;5965;5.96;0.37;295.81;3.39;1153;24;2018.00;68
4747;19;4695268;4747;426;5899;5965;5.99;0.37;295.93;3.39;1152;24;2019.00;66
4756;19;4695281;4756;435;5902;5965;5.99;0.37;296.04;3.39;1146;24;2020.00;63
4758;19;4695293;4758;435;5905;5965;6.06;0.37;296.13;3.39;1147;24;2021.00;60
4764;19;4695306;4764;434;5908;5965;6.03;0.37;296.24;3.39;1144;24;2022.00;57
4770;19;4695319;4770;442;5910;5965;5.96;0.37;296.40;3.39;1140;24;2023.00;55
4773;19;4695332;4773;443;5912;5966;5.97;0.37;296.50;3.39;1139;24;2024.00;54
4778;19;4695346;4778;454;5916;5968;5.90;0.36;296.48;3.40;1138;24;2025.00;52
4780;19;4695364;4780;461;5917;5968;5.87;0.36;296.51;3.40;1137;24;2026.00;51
4785;19;4695380;4785;459;5919;5969;5.79;0.35;296.60;3.40;1134;24;2027.00;50
4787;19;4695421;4787;453;5922;5969;5.68;0.35;296.76;3.40;1135;24;2028.00;47
4792;19;4695444;4792;458;5923;5969;5.69;0.35;297.06;3.40;1131;24;2029.00;46
4793;19;4695458;4793;458;5923;5969;5.74;0.35;297.12;3.40;1130;24;2030.00;46
4797;19;4695470;4797;458;5928;5973;5.73;0.35;297.24;3.41;1131;24;2031.00;45
4800;19;4695484;4800;454;5929;5973;5.74;0.35;297.37;3.41;1129;24;2032.00;44
4801;19;4695497;4801;461;5930;5973;5.76;0.35;297.39;3.41;1129;24;2033.00;43
4805;19;4695510;4805;458;5931;5976;5.76;0.35;297.48;3.41;1126;24;2034.00;45
4805;19;4695523;4805;456;5933;5976;5.80;0.35;297.48;3.42;1128;24;2035.00;43
4809;19;4695536;4809;444;5935;5976;5.86;0.36;297.47;3.42;1126;24;2036.00;41
4811;19;4695549;4811;440;5939;5980;5.94;0.36;297.52;3.42;1128;24;2037.00;41
4813;19;4695562;4813;435;5941;5981;6.03;0.37;297.58;3.42;1128;24;2038.00;40
4816;19;4695575;4816;432;5942;5981;6.10;0.37;297.74;3.42;1126;24;2039.00;39
4819;19;4695590;4819;432;5946;5986;6.13;0.37;297.91;3.42;1127;24;2040.00;40
4822;19;4695603;4822;440;5948;5986;6.15;0.38;297.99;3.42;1126;24;2041.00;38
4826;19;4695617;4826;436;5948;5986;6.17;0.38;298.14;3.42;1122;24;2042.00;38
4827;19;4695630;4827;449;5949;5987;6.17;0.38;298.22;3.42;1122;24;2043.00;38
4828;19;4695642;4828;448;5949;5987;6.18;0.38;298.37;3.42;1121;24;2044.00;38
4830;19;4695656;4830;460;5954;5993;6.11;0.37;298.62;3.42;1124;24;2045.00;39
4834;19;4695674;4834;468;5954;5993;6.05;0.37;298.95;3.42;1120;24;2046.00;39
4836;19;4695688;4836;470;5954;5994;5.99;0.36;299.07;3.42;1118;24;2047.00;40
4842;19;4695700;4842;470;5954;5994;5.86;0.36;299.24;3.42;1112;24;2048.00;40
4845;19;4695714;4845;466;5954;5994;5.78;0.35;299.50;3.42;1109;24;2049.00;40
4847;19;4695726;4847;472;5954;5994;5.73;0.35;299.65;3.42;1107;24;2050.00;40
4850;19;4695739;4850;462;5954;5994;5.71;0.35;299.73;3.42;1104;24;2051.00;40
4852;19;4695751;4852;465;5964;6006;5.73;0.35;299.89;3.42;1112;24;2052.00;42
4854;19;4695764;4854;459;5965;6006;5.71;0.35;300.04;3.42;1111;24;2053.00;41
4857;19;4695777;4857;453;5965;6006;5.66;0.34;300.14;3.42;1108;24;2054.00;41
4861;19;4695789;4861;451;5965;6006;5.60;0.34;300.25;3.42;1104;24;2055.00;41
4862;19;4695801;4862;447;5965;6006;5.65;0.34;300.24;3.42;1103;24;2056.00;41
4866;19;4695813;4866;441;5965;6006;5.71;0.35;300.23;3.42;1099;25;2057.00;41
4866;19;4695833;4866;444;5968;6010;5.69;0.35;300.23;3.41;1102;25;2058.00;42
4872;19;4695846;4872;437;5968;6010;5.66;0.34;300.29;3.41;1096;25;2059.00;42
4875;19;4695859;4875;444;5972;6014;5.63;0.34;300.48;3.41;1097;25;2060.00;42
4876;19;4695877;4876;439;5973;6015;5.68;0.34;300.47;3.41;1097;25;2061.00;42
4878;19;4695890;4878;437;5973;6015;5.65;0.34;300.49;3.41;1095;25;2062.00;42
4883;19;4695901;4883;444;5973;6015;5.60;0.34;300.64;3.41;1090;25;2063.00;42
4885;19;4695913;4885;447;5984;6028;5.64;0.34;300.68;3.41;1099;25;2064.00;44
4886;19;4695925;4886;449;5984;6028;5.64;0.34;300.73;3.41;1098;25;2065.00;44
4889;19;4695936;4889;456;5984;6028;5.60;0.34;300.85;3.41;1095;25;2066.00;44
4891;19;4695948;4891;455;5985;6029;5.58;0.34;300.99;3.41;1094;25;2067.00;44
4892;19;4695959;4892;462;5985;6030;5.58;0.34;301.04;3.41;1093;25;2068.00;45
4893;19;4695970;4893;458;5985;6030;5.56;0.34;301.10;3.41;1092;25;2069.00;45
4894;19;4695984;4894;457;5989;6036;5.57;0.34;301.15;3.40;1095;25;2070.00;47
4894;19;4695996;4894;456;5989;6036;5.54;0.34;301.15;3.40;1095;25;2071.00;47
4894;19;4696009;4894;446;5991;6036;5.53;0.34;301.15;3.40;1097;25;2072.00;45
4897;19;4696021;4897;445;5991;6036;5.45;0.33;301.17;3.40;1094;25;2073.00;45
4898;19;4696037;4898;441;5996;6042;5.48;0.33;301.17;3.40;1098;25;2074.00;46
4901;19;4696050;4901;440;5996;6042;5.39;0.33;301.22;3.40;1095;25;2075.00;46
4902;19;4696064;4902;436;5996;6042;5.37;0.33;301.25;3.40;1094;25;2076.00;46
4904;19;4696077;4904;435;5996;6042;5.34;0.32;301.33;3.40;1092;25;2077.00;46
4907;19;4696089;4907;424;5999;6046;5.35;0.32;301.40;3.40;1092;25;2078.00;47
4908;19;4696102;4908;418;6000;6047;5.38;0.33;301.43;3.40;1092;25;2079.00;47
4911;19;4696113;4911;418;6000;6047;5.36;0.33;301.47;3.40;1089;25;2080.00;47
4912;19;4696124;4912;416;6001;6048;5.38;0.33;301.46;3.40;1089;25;2081.00;47
4914;19;4696136;4914;415;6001;6048;5.36;0.33;301.49;3.40;1087;25;2082.00;47
4917;19;4696147;4917;412;6001;6048;5.32;0.32;301.58;3.40;1084;25;2083.00;47
4921;19;4696158;4921;412;6002;6048;5.30;0.32;301.59;3.43;1081;25;2084.00;46
4926;19;4696170;4926;412;6002;6048;5.22;0.32;301.54;3.43;1076;25;2085.00;46
4928;19;4696181;4928;406;6003;6048;5.22;0.32;301.68;3.46;1075;25;2086.00;45
4932;19;4696192;4932;410;6003;6048;5.19;0.32;301.64;3.46;1071;25;2087.00;45
4937;19;4696202;4937;418;6039;6118;5.35;0.33;301.72;3.44;1102;25;2088.00;79
4938;19;4696220;4938;416;6040;6119;5.35;0.33;301.67;3.44;1102;25;2089.00;79
4941;19;4696230;4941;421;6048;6119;5.38;0.33;301.69;3.44;1107;25;2090.00;71
4945;19;4696242;4945;424;6049;6119;5.35;0.33;301.78;3.44;1104;25;2091.00;70
4948;19;4696253;4948;424;6055;6119;5.35;0.33;301.81;3.44;1107;25;2092.00;64
4950;19;4696264;4950;420;6058;6119;5.35;0.33;301.73;3.44;1108;25;2093.00;61
4952;19;4696275;4952;421;6060;6119;5.27;0.32;301.70;3.44;1108;25;2094.00;59
4955;19;4696287;4955;424;6063;6119;5.24;0.32;301.72;3.44;1108;25;2095.00;56
4957;19;4696298;4957;418;6065;6120;5.21;0.32;301.71;3.44;1108;25;2096.00;55
4957;19;4696308;4957;415;6066;6121;5.19;0.32;301.71;3.44;1109;25;2097.00;55
4960;19;4696321;4960;411;6069;6121;5.17;0.31;301.65;3.44;1109;25;2098.00;52
4962;19;4696332;4962;416;6074;6125;5.13;0.31;301.69;3.45;1112;25;2099.00;51
4964;19;4696347;4964;422;6079;6140;5.11;0.31;301.63;3.44;1115;25;2100.00;61
4966;19;4696364;4966;418;6080;6140;5.12;0.31;301.60;3.47;1114;25;2101.00;60
4967;19;4696377;4967;419;6080;6140;5.13;0.31;301.59;3.47;1113;25;2102.00;60
4967;19;4696388;4967;425;6085;6146;5.18;0.32;301.59;3.50;1118;25;2103.00;61
4969;19;4696400;4969;421;6085;6146;5.16;0.32;301.52;3.50;1116;25;2104.00;61
4972;19;4696412;4972;424;6086;6146;5.15;0.31;301.46;3.53;1114;25;2105.00;60
4972;19;4696424;4972;430;6091;6149;5.13;0.31;301.46;3.56;1119;25;2106.00;58
4974;19;4696442;4974;427;6092;6149;5.12;0.31;301.37;3.58;1118;25;2107.00;57
4974;19;4696454;4974;433;6093;6149;5.11;0.31;301.37;3.58;1119;25;2108.00;56
4975;19;4696466;4975;427;6093;6150;5.06;0.31;301.35;3.58;1118;25;2109.00;57
4975;19;4696477;4975;434;6094;6151;5.07;0.31;301.35;3.58;1119;25;2110.00;57
4975;19;4696488;4975;439;6096;6151;5.05;0.31;301.35;3.58;1121;25;2111.00;55
4976;19;4696498;4976;450;6107;6164;5.10;0.31;301.31;3.61;1131;25;2112.00;57
4978;19;4696511;4978;451;6108;6164;5.06;0.31;301.24;3.64;1130;25;2113.00;56
4979;20;4696527;4979;456;6108;6164;5.05;0.31;301.22;3.64;1129;26;2114.00;56
4982;20;4696545;4982;461;6111;6166;5.01;0.31;301.05;3.67;1129;26;2115.00;55
4983;20;4696560;4983;470;6112;6166;4.94;0.30;301.17;3.67;1129;26;2116.00;54
4983;20;4696571;4983;470;6119;6170;4.94;0.30;301.17;3.76;1136;26;2117.00;51
4984;20;4696582;4984;474;6119;6170;4.86;0.30;301.18;3.76;1135;26;2118.00;51
4986;20;4696594;4986;478;6122;6174;4.79;0.30;301.14;3.75;1136;26;2119.00;52
4986;20;4696605;4986;475;6123;6174;4.74;0.29;301.14;3.78;1137;26;2120.00;51
4986;20;4696616;4986;478;6123;6174;4.73;0.29;301.14;3.78;1137;26;2121.00;51
4988;20;4696626;4988;478;6126;6174;4.66;0.29;301.05;3.82;1138;26;2122.00;48
4995;20;4696637;4995;488;6127;6174;4.56;0.28;300.89;3.84;1132;26;2123.00;47
4995;20;4696648;4995;497;6137;6186;4.56;0.28;300.89;3.84;1142;26;2124.00;49
4998;20;4696661;4998;484;6139;6186;4.52;0.28;300.81;3.86;1141;26;2125.00;47
4999;20;4696672;4999;478;6140;6186;4.54;0.28;300.78;3.86;1141;26;2126.00;46
5000;20;4696683;5000;473;6141;6186;4.48;0.27;300.79;3.89;1141;26;2127.00;45
5002;20;4696693;5002;473;6143;6186;4.45;0.27;300.73;3.89;1141;26;2128.00;43
5004;20;4696704;5004;474;6143;6186;4.45;0.27;300.69;3.89;1139;26;2129.00;43
5006;20;4696716;5006;470;6146;6187;4.47;0.27;300.73;3.94;1140;26;2130.00;41
5007;20;4696727;5007;468;6146;6187;4.49;0.27;300.71;3.94;1139;26;2131.00;41
5008;20;4696745;5008;459;6151;6193;4.62;0.28;300.69;3.94;1143;26;2132.00;42
5010;20;4696759;5010;457;6154;6194;4.63;0.28;300.73;3.99;1144;26;2133.00;40
5012;20;4696771;5012;456;6154;6194;4.63;0.28;300.79;3.99;1142;26;2134.00;40
5012;20;4696784;5012;458;6154;6194;4.65;0.28;300.79;3.99;1142;26;2135.00;40
5013;20;4696795;5013;456;6159;6198;4.67;0.28;300.74;4.03;1146;26;2136.00;39
5013;20;4696806;5013;461;6159;6198;4.69;0.29;300.74;4.03;1146;26;2137.00;39
5017;20;4696817;5017;463;6161;6198;4.64;0.28;300.83;4.08;1144;26;2138.00;37
5018;20;4696834;5018;467;6162;6199;4.63;0.28;300.79;4.08;1144;26;2139.00;37
5018;20;4696845;5018;467;6165;6203;4.61;0.28;300.79;4.08;1147;26;2140.00;38
5020;20;4696857;5020;466;6165;6203;4.57;0.28;300.79;4.08;1145;26;2141.00;38
5021;20;4696868;5021;472;6169;6206;4.59;0.28;300.80;4.12;1148;26;2142.00;37
5022;20;4696879;5022;472;6169;6206;4.56;0.28;300.86;4.12;1147;26;2143.00;37
5024;20;4696891;5024;480;6170;6206;4.54;0.27;300.77;4.12;1146;26;2144.00;36
5028;20;4696902;5028;469;6170;6206;4.52;0.27;300.85;4.12;1142;26;2145.00;36
5032;20;4696914;5032;457;6174;6210;4.58;0.28;300.90;4.12;1142;26;2146.00;36
5034;20;4696926;5034;450;6174;6210;4.58;0.28;300.99;4.12;1140;26;2147.00;36
5036;20;4696938;5036;439;6174;6210;4.62;0.28;300.97;4.12;1138;26;2148.00;36
5038;20;4696949;5038;435;6174;6210;4.69;0.28;300.89;4.12;1136;26;2149.00;36
5040;20;4696961;5040;441;6174;6211;4.74;0.29;300.89;4.12;1134;26;2150.00;37
5045;20;4696974;5045;438;6175;6212;4.72;0.28;300.99;4.11;1130;26;2151.00;37
5047;20;4696987;5047;432;6175;6212;4.77;0.29;301.02;4.11;1128;26;2152.00;37
5049;20;4697001;5049;428;6176;6213;4.84;0.29;301.05;4.11;1127;26;2153.00;37
5052;20;4697014;5052;424;6176;6213;4.85;0.29;301.08;4.11;1124;26;2154.00;37
5055;20;4697026;5055;417;6176;6213;4.92;0.30;301.06;4.11;1121;26;2155.00;37
5056;20;4697039;5056;410;6176;6213;5.00;0.30;301.06;4.11;1120;26;2156.00;37
5057;20;4697052;5057;408;6176;6213;5.07;0.31;301.04;4.11;1119;26;2157.00;37
5060;20;4697064;5060;402;6176;6213;5.09;0.31;301.23;4.11;1116;26;2158.00;37
5063;20;4697077;5063;402;6176;6213;5.15;0.31;301.29;4.11;1113;26;2159.00;37
5067;20;4697093;5067;418;6274;6443;5.67;0.35;301.41;4.05;1207;26;2160.00;169
5071;20;4697125;5071;410;6282;6444;5.78;0.36;301.45;4.05;1211;26;2161.00;162
5073;20;4697139;5073;403;6296;6444;5.94;0.37;301.56;4.04;1223;26;2162.00;148
5076;20;4697153;5076;402;6308;6444;6.03;0.37;301.69;4.04;1232;26;2163.00;136
5079;20;4697167;5079;392;6318;6444;6.05;0.37;301.64;4.04;1239;26;2164.00;126
5080;20;4697180;5080;391;6329;6444;6.04;0.37;301.71;4.04;1249;26;2165.00;115
5084;20;4697192;5084;389;6336;6444;5.98;0.37;301.88;4.04;1252;26;2166.00;108
5086;20;4697205;5086;389;6341;6444;5.93;0.37;301.99;4.05;1255;26;2167.00;103
5088;20;4697219;5088;385;6347;6445;5.89;0.36;302.15;4.05;1259;26;2168.00;98
5091;20;4697233;5091;389;6352;6446;5.90;0.36;302.40;4.05;1261;26;2169.00;94
5095;20;4697246;5095;396;6355;6446;5.85;0.36;302.58;4.06;1260;26;2170.00;91
5098;20;4697260;5098;400;6359;6447;5.85;0.36;302.64;4.06;1261;26;2171.00;88
5102;20;4697274;5102;410;6360;6447;5.82;0.36;302.85;4.06;1258;26;2172.00;87
5104;20;4697288;5104;419;6362;6447;5.78;0.36;302.96;4.07;1258;26;2173.00;85
5108;20;4697303;5108;421;6365;6447;5.70;0.35;303.34;4.07;1257;26;2174.00;82
5113;20;4697319;5113;430;6367;6451;5.65;0.35;303.38;4.07;1254;26;2175.00;84
5116;20;4697334;5116;437;6369;6451;5.58;0.34;303.61;4.07;1253;26;2176.00;82
5118;20;4697348;5118;449;6372;6451;5.55;0.34;303.56;4.08;1254;26;2177.00;79
5122;20;4697363;5122;455;6373;6454;5.50;0.34;303.61;4.08;1251;26;2178.00;81
5129;20;4697384;5129;465;6375;6454;5.39;0.33;303.63;4.09;1246;26;2179.00;79
5132;20;4697398;5132;471;6375;6454;5.37;0.33;303.72;4.09;1243;26;2180.00;79
5134;20;4697413;5134;474;6379;6458;5.42;0.33;303.77;4.09;1245;26;2181.00;79
5136;20;4697428;5136;476;6379;6459;5.43;0.33;303.91;4.09;1243;26;2182.00;80
5139;20;4697443;5139;484;6380;6459;5.44;0.33;304.14;4.09;1241;26;2183.00;79
5143;20;4697457;5143;483;6380;6463;5.42;0.33;304.27;4.09;1237;26;2184.00;83
5147;20;4697472;5147;488;6380;6463;5.42;0.33;304.38;4.09;1233;26;2185.00;83
5151;20;4697486;5151;499;6381;6463;5.39;0.33;304.37;4.09;1230;26;2186.00;82
5153;20;4697501;5153;492;6381;6464;5.37;0.33;304.39;4.09;1228;26;2187.00;83
5157;20;4697516;5157;498;6382;6464;5.37;0.33;304.51;4.09;1225;26;2188.00;82
5159;20;4697530;5159;506;6386;6470;5.37;0.33;304.68;4.10;1227;26;2189.00;84
5162;20;4697546;5162;509;6386;6470;5.32;0.32;304.79;4.10;1224;26;2190.00;84
5168;20;4697561;5168;510;6389;6471;5.25;0.32;305.09;4.11;1221;26;2191.00;82
5170;20;4697575;5170;501;6389;6471;5.27;0.32;305.12;4.11;1219;26;2192.00;82
5175;20;4697588;5175;495;6389;6471;5.25;0.32;305.26;4.11;1214;26;2193.00;82
5177;20;4697603;5177;496;6391;6471;5.25;0.32;305.39;4.12;1214;26;2194.00;80
5181;20;4697617;5181;491;6391;6471;5.22;0.32;305.58;4.12;1210;26;2195.00;80
5185;20;4697630;5185;487;6399;6483;5.16;0.31;305.92;4.12;1214;26;2196.00;84
5188;20;4697646;5188;487;6400;6483;5.16;0.32;306.06;4.12;1212;26;2197.00;83
5192;20;4697661;5192;486;6401;6483;5.13;0.31;306.26;4.13;1209;26;2198.00;82
5196;20;4697675;5196;489;6405;6483;5.12;0.31;306.47;4.14;1209;26;2199.00;78
5200;20;4697689;5200;491;6406;6483;5.15;0.31;306.51;4.15;1206;26;2200.00;77
5203;20;4697711;5203;483;6409;6483;5.15;0.31;306.53;4.16;1206;26;2201.00;74
5205;20;4697724;5205;482;6413;6487;5.15;0.31;306.60;4.16;1208;26;2202.00;74
5208;20;4697737;5208;481;6416;6487;5.20;0.32;306.72;4.17;1208;26;2203.00;71
5212;20;4697751;5212;479;6418;6491;5.19;0.32;306.78;4.17;1206;26;2204.00;73
5213;20;4697768;5213;476;6422;6493;5.22;0.32;306.84;4.17;1209;26;2205.00;71
5220;20;4697787;5220;479;6422;6493;5.25;0.32;307.09;4.17;1202;26;2206.00;71
5223;20;4697801;5223;485;6426;6493;5.25;0.32;307.28;4.18;1203;26;2207.00;67
5227;20;4697815;5227;492;6434;6506;5.26;0.32;307.37;4.17;1207;26;2208.00;72
5227;20;4697829;5227;503;6435;6506;5.32;0.32;307.37;4.17;1208;26;2209.00;71
5228;20;4697843;5228;510;6439;6508;5.38;0.33;307.51;4.17;1211;26;2210.00;69
5231;20;4697859;5231;513;6440;6509;5.43;0.33;307.60;4.17;1209;26;2211.00;69
5236;20;4697874;5236;513;6441;6510;5.43;0.33;307.69;4.17;1205;26;2212.00;69
5238;20;4697889;5238;515;6441;6510;5.49;0.33;307.87;4.17;1203;26;2213.00;69
5241;20;4697904;5241;510;6444;6513;5.52;0.34;307.93;4.17;1203;26;2214.00;69
5245;20;4697919;5245;509;6444;6513;5.51;0.34;308.17;4.17;1199;26;2215.00;69
5249;20;4697933;5249;509;6444;6513;5.50;0.33;308.32;4.17;1195;26;2216.00;69
5251;20;4697947;5251;513;6444;6513;5.50;0.33;308.36;4.17;1193;26;2217.00;69
5253;20;4697961;5253;511;6450;6519;5.50;0.33;308.44;4.18;1197;26;2218.00;69
5256;20;4697975;5256;511;6450;6519;5.49;0.33;308.59;4.18;1194;26;2219.00;69
5257;20;4697990;5257;512;6450;6519;5.50;0.33;308.54;4.18;1193;26;2220.00;69
5259;20;4698003;5259;520;6450;6519;5.49;0.33;308.47;4.18;1191;26;2221.00;69
5260;20;4698017;5260;522;6452;6523;5.42;0.33;308.54;4.18;1192;26;2222.00;71
5263;20;4698030;5263;520;6453;6524;5.40;0.33;308.53;4.17;1190;26;2223.00;71
5264;20;4698044;5264;523;6454;6524;5.40;0.33;308.57;4.17;1190;26;2224.00;70
5267;20;4698058;5267;515;6455;6525;5.38;0.33;308.64;4.17;1188;26;2225.00;70
5271;20;4698072;5271;519;6455;6525;5.32;0.32;308.80;4.17;1184;26;2226.00;70
5272;20;4698085;5272;518;6455;6525;5.32;0.32;308.79;4.17;1183;26;2227.00;70
5274;20;4698097;5274;521;6455;6525;5.27;0.32;308.80;4.17;1181;26;2228.00;70
5276;20;4698109;5276;530;6455;6525;5.22;0.32;308.85;4.17;1179;26;2229.00;70
5276;20;4698123;5276;533;6455;6525;5.19;0.32;308.85;4.17;1179;26;2230.00;70
5281;20;4698136;5281;541;6455;6525;5.07;0.31;308.94;4.17;1174;26;2231.00;70
5282;20;4698148;5282;562;6483;6595;5.08;0.31;308.95;4.16;1201;26;2232.00;112
5285;20;4698165;5285;568;6484;6596;5.03;0.31;309.08;4.16;1199;26;2233.00;112
5285;20;4698177;5285;574;6491;6596;5.06;0.31;309.08;4.16;1206;26;2234.00;105
5285;20;4698189;5285;571;6493;6596;5.02;0.31;309.08;4.16;1208;26;2235.00;103
5286;20;4698201;5286;568;6496;6596;5.01;0.31;309.11;4.16;1210;26;2236.00;100
5288;20;4698214;5288;571;6499;6596;4.99;0.30;309.09;4.16;1211;26;2237.00;97
5288;20;4698226;5288;573;6502;6596;4.99;0.30;309.09;4.17;1214;26;2238.00;94
5289;20;4698237;5289;569;6505;6596;4.96;0.30;309.10;4.17;1216;26;2239.00;91
5289;20;4698249;5289;565;6508;6597;4.92;0.30;309.10;4.17;1219;26;2240.00;89
5293;20;4698268;5293;562;6509;6598;4.80;0.29;309.11;4.17;1216;26;2241.00;89
5294;20;4698282;5294;552;6511;6598;4.78;0.29;309.07;4.17;1217;26;2242.00;87
5298;20;4698296;5298;555;6516;6602;4.75;0.29;309.02;4.17;1218;26;2243.00;86
5301;20;4698310;5301;545;6517;6602;4.74;0.29;309.04;4.17;1216;26;2244.00;85
5303;20;4698323;5303;545;6519;6602;4.73;0.29;309.01;4.17;1216;26;2245.00;83
5303;20;4698336;5303;548;6519;6602;4.74;0.29;309.01;4.17;1216;26;2246.00;83
5308;20;4698349;5308;553;6523;6608;4.71;0.29;309.09;4.17;1215;26;2247.00;85
5310;20;4698363;5310;544;6523;6608;4.73;0.29;309.15;4.17;1213;26;2248.00;85
5312;20;4698376;5312;537;6523;6608;4.72;0.29;309.07;4.17;1211;26;2249.00;85
5317;20;4698390;5317;533;6529;6614;4.68;0.28;308.89;4.24;1212;26;2250.00;85
5319;20;4698405;5319;532;6529;6614;4.72;0.29;309.02;4.24;1210;26;2251.00;85
5321;20;4698418;5321;532;6531;6614;4.75;0.29;309.02;4.24;1210;26;2252.00;83
5328;20;4698431;5328;532;6531;6615;4.67;0.28;308.91;4.24;1203;26;2253.00;84
5330;20;4698445;5330;533;6532;6616;4.68;0.29;308.88;4.24;1202;26;2254.00;84
5333;20;4698458;5333;532;6533;6616;4.67;0.28;308.91;4.25;1200;26;2255.00;83
5334;20;4698471;5334;537;6541;6629;4.73;0.29;308.86;4.25;1207;26;2256.00;88
5334;20;4698484;5334;536;6542;6629;4.80;0.29;308.86;4.25;1208;26;2257.00;87
5335;20;4698497;5335;543;6543;6629;4.81;0.29;308.85;4.26;1208;26;2258.00;86
5338;20;4698511;5338;541;6544;6630;4.84;0.30;308.83;4.26;1206;26;2259.00;86
5340;20;4698524;5340;543;6544;6630;4.83;0.29;308.84;4.26;1204;26;2260.00;86
5342;20;4698538;5342;549;6550;6634;4.87;0.30;308.79;4.28;1208;26;2261.00;84
5343;20;4698552;5343;551;6550;6634;4.89;0.30;308.77;4.28;1207;26;2262.00;84
5346;20;4698566;5346;552;6553;6638;4.89;0.30;308.70;4.28;1207;26;2263.00;85
5347;20;4698579;5347;551;6556;6638;4.89;0.30;308.69;4.30;1209;26;2264.00;82
5348;20;4698592;5348;553;6556;6638;4.86;0.30;308.64;4.30;1208;26;2265.00;82
5352;20;4698605;5352;552;6559;6638;4.79;0.29;308.63;4.33;1207;26;2266.00;79
5353;20;4698618;5353;548;6559;6638;4.74;0.29;308.64;4.33;1206;26;2267.00;79
5356;20;4698631;5356;550;6570;6650;4.76;0.29;308.52;4.32;1214;26;2268.00;80
5358;20;4698646;5358;553;6572;6650;4.76;0.29;308.59;4.34;1214;26;2269.00;78
5358;20;4698660;5358;559;6573;6650;4.76;0.29;308.59;4.34;1215;26;2270.00;77
5358;20;4698673;5358;562;6573;6650;4.75;0.29;308.59;4.34;1215;26;2271.00;77
5359;20;4698699;5359;552;6574;6650;4.70;0.29;308.60;4.35;1215;26;2272.00;76
5360;20;4698718;5360;547;6574;6650;4.71;0.29;308.68;4.35;1214;26;2273.00;76
5363;20;4698733;5363;544;6575;6651;4.71;0.29;308.59;4.36;1212;26;2274.00;76
5363;20;4698748;5363;542;6577;6651;4.71;0.29;308.59;4.40;1214;26;2275.00;74
5365;20;4698762;5365;544;6582;6657;4.76;0.29;308.64;4.40;1217;26;2276.00;75
5365;20;4698784;5365;539;6583;6658;4.78;0.29;308.64;4.41;1218;26;2277.00;75
5365;20;4698798;5365;541;6585;6658;4.83;0.30;308.64;4.44;1220;26;2278.00;73
5367;20;4698812;5367;544;6586;6658;4.82;0.29;308.64;4.45;1219;26;2279.00;72
5368;20;4698828;5368;546;6589;6663;4.86;0.30;308.59;4.45;1221;26;2280.00;74
5369;20;4698843;5369;545;6591;6663;4.85;0.30;308.63;4.49;1222;26;2281.00;72
5370;20;4698858;5370;549;6591;6663;4.89;0.30;308.61;4.49;1221;26;2282.00;72
5372;20;4698871;5372;545;6593;6664;4.88;0.30;308.60;4.53;1221;26;2283.00;71
5374;20;4698885;5374;549;6597;6668;4.86;0.30;308.58;4.53;1223;26;2284.00;71
5374;20;4698898;5374;542;6598;6668;4.88;0.30;308.58;4.57;1224;26;2285.00;70
5374;20;4698910;5374;543;6600;6671;4.94;0.30;308.58;4.56;1226;26;2286.00;71
5374;20;4698923;5374;541;6602;6671;4.95;0.30;308.58;4.60;1228;26;2287.00;69
5375;20;4698935;5375;534;6602;6671;4.93;0.30;308.55;4.60;1227;26;2288.00;69
5377;20;4698947;5377;530;6603;6671;4.95;0.30;308.53;4.64;1226;27;2289.00;68
5381;20;4698971;5381;536;6607;6675;4.97;0.30;308.43;4.64;1226;27;2290.00;68
5381;20;4698985;5381;541;6609;6675;4.97;0.30;308.43;4.71;1228;27;2291.00;66
5382;20;4698999;5382;537;6609;6675;4.99;0.31;308.41;4.71;1227;27;2292.00;66
5384;20;4699012;5384;537;6609;6675;4.96;0.30;308.34;4.71;1225;27;2293.00;66
5387;20;4699025;5387;543;6609;6676;4.91;0.30;308.28;4.71;1222;27;2294.00;67
5390;20;4699040;5390;533;6615;6678;4.86;0.30;308.24;4.85;1225;27;2295.00;63
5391;20;4699054;5391;531;6616;6678;4.86;0.30;308.21;4.89;1225;27;2296.00;62
5393;20;4699067;5393;522;6618;6679;4.86;0.30;308.27;4.92;1225;27;2297.00;61
5395;20;4699080;5395;519;6618;6679;4.86;0.30;308.25;4.92;1223;27;2298.00;61
5397;20;4699093;5397;521;6618;6679;4.90;0.30;308.25;4.92;1221;27;2299.00;61
5399;20;4699106;5399;514;6620;6679;4.89;0.30;308.39;4.99;1221;27;2300.00;59
5400;20;4699122;5400;517;6620;6679;4.88;0.30;308.37;4.99;1220;27;2301.00;59
5405;20;4699135;5405;517;6620;6679;4.82;0.30;308.48;4.99;1215;27;2302.00;59
5408;20;4699147;5408;520;6622;6679;4.79;0.29;308.62;5.05;1214;27;2303.00;57
5409;20;4699160;5409;536;6682;6806;5.06;0.31;308.60;5.01;1273;27;2304.00;124
5411;20;4699183;5411;528;6690;6807;5.06;0.31;308.64;5.07;1279;27;2305.00;117
5414;20;4699197;5414;522;6700;6807;5.09;0.32;308.71;5.06;1286;27;2306.00;107
5418;20;4699210;5418;525;6705;6807;5.02;0.31;308.68;5.06;1287;27;2307.00;102
5422;20;4699224;5422;517;6712;6807;4.97;0.31;308.67;5.12;1290;27;2308.00;95
5427;20;4699238;5427;520;6714;6807;4.83;0.30;308.88;5.12;1287;27;2309.00;93
5429;20;4699253;5429;508;6716;6807;4.81;0.30;308.82;5.12;1287;27;2310.00;91
5433;20;4699267;5433;503;6719;6807;4.76;0.29;309.21;5.12;1286;27;2311.00;88
5437;20;4699281;5437;502;6724;6808;4.73;0.29;309.33;5.18;1287;27;2312.00;84
5438;20;4699295;5438;505;6725;6809;4.75;0.29;309.41;5.18;1287;27;2313.00;84
5442;20;4699310;5442;495;6728;6809;4.78;0.30;309.45;5.23;1286;27;2314.00;81
5447;20;4699325;5447;495;6730;6810;4.82;0.30;309.46;5.23;1283;28;2315.00;80
5448;20;4699352;5448;492;6734;6810;4.90;0.30;309.45;5.24;1286;28;2316.00;76
5451;20;4699367;5451;485;6737;6810;4.95;0.31;309.52;5.27;1286;28;2317.00;73
5456;20;4699382;5456;483;6738;6810;5.00;0.31;309.56;5.27;1282;28;2318.00;72
5460;21;4699397;5460;470;6741;6814;5.03;0.31;309.64;5.27;1281;29;2319.00;73
5464;21;4699419;5464;469;6744;6814;5.06;0.31;309.68;5.28;1280;29;2320.00;70
5467;21;4699433;5467;461;6744;6814;5.09;0.31;309.89;5.28;1277;29;2321.00;70
5470;21;4699448;5470;454;6747;6817;5.13;0.32;309.81;5.28;1277;29;2322.00;70
5475;21;4699463;5475;458;6747;6817;5.14;0.32;310.15;5.28;1272;29;2323.00;70
5478;21;4699478;5478;457;6747;6817;5.20;0.32;310.20;5.28;1269;29;2324.00;70
5484;21;4699493;5484;451;6752;6821;5.21;0.32;310.32;5.28;1268;29;2325.00;69
5488;21;4699513;5488;455;6752;6822;5.26;0.32;310.37;5.28;1264;29;2326.00;70
5491;21;4699528;5491;451;6754;6822;5.32;0.33;310.51;5.29;1263;29;2327.00;68
5494;21;4699543;5494;443;6755;6826;5.34;0.33;310.57;5.29;1261;29;2328.00;71
5501;21;4699559;5501;437;6755;6826;5.37;0.33;310.70;5.29;1254;29;2329.00;71
5505;21;4699574;5505;445;6756;6826;5.40;0.33;310.74;5.29;1251;29;2330.00;70
5510;21;4699589;5510;444;6758;6827;5.37;0.33;310.91;5.29;1248;29;2331.00;69
5514;21;4699605;5514;446;6758;6827;5.35;0.33;310.98;5.29;1244;29;2332.00;69
5517;21;4699621;5517;431;6761;6833;5.38;0.33;311.00;5.29;1244;29;2333.00;72
5521;21;4699638;5521;438;6761;6833;5.40;0.33;311.00;5.29;1240;29;2334.00;72
5524;21;4699654;5524;434;6762;6834;5.40;0.33;311.12;5.29;1238;29;2335.00;72
5526;21;4699670;5526;437;6762;6834;5.43;0.33;311.16;5.29;1236;29;2336.00;72
5531;21;4699685;5531;437;6763;6834;5.44;0.33;311.15;5.29;1232;29;2337.00;71
5535;21;4699701;5535;438;6763;6834;5.46;0.33;311.29;5.29;1228;29;2338.00;71
5538;21;4699716;5538;441;6766;6834;5.53;0.34;311.35;5.30;1228;29;2339.00;68
5540;21;4699733;5540;442;6787;6870;5.63;0.35;311.48;5.28;1247;29;2340.00;83
5544;21;4699750;5544;444;6789;6870;5.63;0.35;311.51;5.28;1245;29;2341.00;81
5547;21;4699765;5547;441;6792;6870;5.61;0.34;311.61;5.28;1245;29;2342.00;78
5549;21;4699781;5549;449;6795;6870;5.63;0.35;311.74;5.28;1246;29;2343.00;75
5554;21;4699796;5554;447;6797;6870;5.63;0.34;312.00;5.28;1243;29;2344.00;73
5557;21;4699811;5557;441;6797;6870;5.64;0.34;312.14;5.28;1240;29;2345.00;73
5561;21;4699826;5561;443;6801;6874;5.68;0.35;312.08;5.28;1240;29;2346.00;73
5566;21;4699842;5566;444;6803;6874;5.64;0.34;312.17;5.28;1237;29;2347.00;71
5567;21;4699858;5567;444;6806;6878;5.65;0.34;312.24;5.28;1239;29;2348.00;72
5572;21;4699873;5572;451;6806;6879;5.63;0.34;312.23;5.28;1234;29;2349.00;73
5578;21;4699888;5578;455;6808;6879;5.58;0.34;312.28;5.28;1230;29;2350.00;71
5579;21;4699903;5579;454;6808;6879;5.54;0.34;312.33;5.28;1229;29;2351.00;71
5582;21;4699917;5582;464;6817;6892;5.54;0.34;312.47;5.28;1235;29;2352.00;75
5583;21;4699935;5583;470;6819;6892;5.58;0.34;312.46;5.28;1236;29;2353.00;73
5588;21;4699948;5588;469;6820;6892;5.52;0.34;312.59;5.28;1232;29;2354.00;72
5594;21;4699962;5594;477;6821;6893;5.47;0.33;312.87;5.28;1227;29;2355.00;72
5599;21;4699978;5599;485;6822;6894;5.40;0.33;313.01;5.28;1223;29;2356.00;72
5605;21;4699993;5605;481;6822;6894;5.33;0.33;313.25;5.28;1217;29;2357.00;72
5609;21;4700009;5609;473;6824;6897;5.32;0.32;313.38;5.28;1215;29;2358.00;73
5613;21;4700024;5613;476;6825;6897;5.28;0.32;313.42;5.27;1212;29;2359.00;72
5616;21;4700038;5616;480;6825;6897;5.22;0.32;313.49;5.27;1209;29;2360.00;72
5621;21;4700052;5621;486;6825;6897;5.18;0.31;313.50;5.27;1204;29;2361.00;72
5625;21;4700066;5625;492;6830;6903;5.17;0.31;313.77;5.27;1205;29;2362.00;73
5628;21;4700080;5628;499;6830;6903;5.13;0.31;313.95;5.27;1202;29;2363.00;73
5630;21;4700096;5630;507;6830;6903;5.11;0.31;313.97;5.27;1200;29;2364.00;73
5631;21;4700115;5631;508;6830;6903;5.19;0.32;314.09;5.27;1199;29;2365.00;73
5633;21;4700129;5633;502;6833;6907;5.25;0.32;314.24;5.27;1200;29;2366.00;74
5639;21;4700146;5639;496;6834;6908;5.26;0.32;314.38;5.27;1195;29;2367.00;74
5644;21;4700162;5644;489;6835;6908;5.25;0.32;314.51;5.29;1191;29;2368.00;73
5648;21;4700178;5648;494;6836;6909;5.25;0.32;314.55;5.29;1188;29;2369.00;73
5649;21;4700194;5649;501;6836;6909;5.24;0.32;314.58;5.29;1187;29;2370.00;73
5651;21;4700208;5651;505;6836;6909;5.26;0.32;314.60;5.29;1185;29;2371.00;73
5654;21;4700223;5654;514;6836;6909;5.22;0.32;314.58;5.29;1182;29;2372.00;73
5656;21;4700237;5656;511;6836;6909;5.23;0.32;314.61;5.29;1180;29;2373.00;73
5658;21;4700252;5658;510;6836;6909;5.32;0.32;314.77;5.29;1178;29;2374.00;73
5660;21;4700265;5660;514;6836;6909;5.29;0.32;314.87;5.29;1176;29;2375.00;73
5663;21;4700281;5663;527;6877;6979;5.34;0.33;314.79;5.26;1214;29;2376.00;102
5664;21;4700301;5664;517;6877;6980;5.34;0.33;314.91;5.26;1213;29;2377.00;103
5665;21;4700315;5665;519;6884;6980;5.35;0.33;314.94;5.25;1219;29;2378.00;96
5668;21;4700330;5668;515;6887;6980;5.32;0.33;315.04;5.25;1219;29;2379.00;93
5669;21;4700346;5669;515;6889;6980;5.33;0.33;315.16;5.25;1220;29;2380.00;91
5675;21;4700361;5675;510;6891;6980;5.34;0.33;315.26;5.25;1216;29;2381.00;89
5676;21;4700375;5676;510;6894;6980;5.33;0.33;315.39;5.25;1218;29;2382.00;86
5677;21;4700390;5677;515;6896;6980;5.33;0.33;315.37;5.25;1219;29;2383.00;84
5682;21;4700404;5682;514;6898;6981;5.30;0.32;315.39;5.25;1216;29;2384.00;83
5685;21;4700419;5685;512;6902;6983;5.26;0.32;315.42;5.26;1217;29;2385.00;81
5688;21;4700432;5688;512;6904;6983;5.22;0.32;315.55;5.27;1216;29;2386.00;79
5689;21;4700446;5689;518;6909;6987;5.22;0.32;315.51;5.26;1220;29;2387.00;78
5691;21;4700460;5691;523;6909;6987;5.19;0.32;315.53;5.26;1218;29;2388.00;78
5692;21;4700473;5692;528;6909;6987;5.16;0.32;315.51;5.26;1217;29;2389.00;78
5694;21;4700487;5694;536;6909;6987;5.12;0.31;315.43;5.26;1215;29;2390.00;78
5694;21;4700500;5694;536;6914;6993;5.14;0.31;315.43;5.26;1220;29;2391.00;79
5697;21;4700514;5697;544;6915;6993;5.05;0.31;315.35;5.27;1218;29;2392.00;78
5698;21;4700527;5698;550;6915;6993;4.99;0.31;315.41;5.27;1217;29;2393.00;78
5700;21;4700545;5700;553;6917;6996;4.96;0.30;315.44;5.27;1217;29;2394.00;79
5701;21;4700558;5701;557;6917;6996;4.89;0.30;315.42;5.27;1216;29;2395.00;79
5703;21;4700571;5703;558;6918;6996;4.86;0.30;315.41;5.27;1215;29;2396.00;78
5704;21;4700585;5704;568;6918;6997;4.85;0.30;315.37;5.27;1214;29;2397.00;79
5705;21;4700597;5705;566;6919;6998;4.80;0.29;315.37;5.27;1214;29;2398.00;79
5707;21;4700611;5707;573;6919;6998;4.76;0.29;315.31;5.27;1212;29;2399.00;79
5711;21;4700626;5711;585;6942;7057;4.73;0.29;315.31;5.25;1231;29;2400.00;115
5714;21;4700653;5714;574;6942;7057;4.73;0.29;315.22;5.25;1228;29;2401.00;115
5716;21;4700667;5716;571;6946;7057;4.76;0.29;315.29;5.26;1230;29;2402.00;111
5717;21;4700681;5717;566;6948;7058;4.76;0.29;315.31;5.26;1231;29;2403.00;110
5719;21;4700695;5719;559;6950;7058;4.74;0.29;315.42;5.26;1231;29;2404.00;108
5722;21;4700709;5722;553;6953;7062;4.79;0.29;315.51;5.26;1231;29;2405.00;109
5722;21;4700723;5722;549;6955;7062;4.83;0.30;315.51;5.26;1233;29;2406.00;107
5725;21;4700743;5725;545;6958;7066;4.86;0.30;315.50;5.25;1233;29;2407.00;108
5729;21;4700757;5729;540;6959;7066;4.83;0.30;315.64;5.25;1230;29;2408.00;107
5733;21;4700771;5733;541;6959;7066;4.82;0.30;315.71;5.25;1226;29;2409.00;107
5736;21;4700784;5736;542;6960;7066;4.80;0.29;315.77;5.25;1224;29;2410.00;106
5739;21;4700796;5739;542;6962;7066;4.80;0.29;315.73;5.26;1223;29;2411.00;104
5741;21;4700808;5741;549;6971;7078;4.85;0.30;315.66;5.26;1230;29;2412.00;107
5744;21;4700821;5744;550;6972;7078;4.88;0.30;315.64;5.26;1228;29;2413.00;106
5746;21;4700834;5746;539;6972;7078;4.87;0.30;315.65;5.26;1226;29;2414.00;106
5749;21;4700858;5749;535;6974;7078;4.83;0.30;315.65;5.30;1225;29;2415.00;104
5752;21;4700874;5752;536;6974;7078;4.83;0.30;315.70;5.30;1222;29;2416.00;104
5755;21;4700887;5755;532;6977;7078;4.83;0.30;315.65;5.31;1222;29;2417.00;101
5758;21;4700899;5758;534;6977;7079;4.84;0.30;315.67;5.31;1219;29;2418.00;102
5759;21;4700911;5759;505;6977;7079;4.88;0.30;315.62;5.31;1218;29;2419.00;102
5761;21;4700923;5761;505;6981;7085;4.95;0.30;315.57;5.31;1220;29;2420.00;104
5763;21;4700937;5763;486;6983;7086;4.96;0.30;315.63;5.31;1220;29;2421.00;103
5763;21;4700950;5763;493;6986;7086;4.96;0.30;315.63;5.31;1223;29;2422.00;100
5766;21;4700962;5766;480;6987;7086;4.95;0.30;315.56;5.32;1221;29;2423.00;99
5766;21;4700974;5766;478;6989;7090;5.04;0.31;315.56;5.32;1223;29;2424.00;101
5769;21;4700992;5769;473;6989;7090;5.05;0.31;315.51;5.32;1220;29;2425.00;101
5772;21;4701005;5772;469;6991;7090;5.10;0.31;315.44;5.32;1219;29;2426.00;99
5772;21;4701018;5772;471;6993;7091;5.19;0.32;315.44;5.32;1221;29;2427.00;98
5777;21;4701030;5777;466;6998;7095;5.19;0.32;315.38;5.36;1221;29;2428.00;97
5780;21;4701050;5780;467;6998;7095;5.17;0.31;315.26;5.36;1218;29;2429.00;97
5782;21;4701067;5782;467;7003;7101;5.19;0.31;315.30;5.36;1221;29;2430.00;98
5782;21;4701081;5782;470;7003;7101;5.18;0.31;315.30;5.36;1221;29;2431.00;98
5782;21;4701094;5782;470;7004;7101;5.13;0.31;315.30;5.36;1222;29;2432.00;97
5782;21;4701107;5782;479;7005;7101;5.13;0.31;315.30;5.36;1223;29;2433.00;96
5783;21;4701119;5783;479;7010;7105;5.17;0.31;315.29;5.37;1227;29;2434.00;95
5784;21;4701134;5784;477;7010;7105;5.16;0.31;315.26;5.37;1226;29;2435.00;95
5785;21;4701148;5785;479;7010;7105;5.11;0.31;315.24;5.37;1225;29;2436.00;95
5786;21;4701160;5786;473;7010;7105;5.13;0.31;315.30;5.37;1224;29;2437.00;95
5788;21;4701172;5788;478;7010;7106;5.09;0.31;315.28;5.37;1222;29;2438.00;96
5791;21;4701185;5791;481;7013;7107;5.07;0.31;315.40;5.42;1222;29;2439.00;94
5792;21;4701198;5792;483;7015;7107;5.12;0.31;315.38;5.47;1223;29;2440.00;92
5793;21;4701211;5793;488;7017;7108;5.15;0.31;315.52;5.51;1224;29;2441.00;91
5794;21;4701225;5794;482;7017;7108;5.14;0.31;315.60;5.51;1223;29;2442.00;91
5798;21;4701237;5798;487;7018;7108;5.10;0.31;315.62;5.55;1220;29;2443.00;90
5800;21;4701250;5800;488;7020;7108;5.03;0.31;315.61;5.64;1220;29;2444.00;88
5801;21;4701262;5801;494;7021;7108;5.00;0.30;315.58;5.64;1220;29;2445.00;87
5802;21;4701276;5802;493;7024;7108;4.96;0.30;315.66;5.69;1222;29;2446.00;84
5802;21;4701295;5802;490;7025;7108;4.95;0.30;315.66;5.73;1223;29;2447.00;83
5805;21;4701307;5805;508;7088;7235;5.18;0.32;315.86;5.72;1283;29;2448.00;147
5807;21;4701330;5807;500;7094;7236;5.20;0.32;315.95;5.76;1287;29;2449.00;142
5807;21;4701343;5807;502;7103;7236;5.29;0.33;315.95;5.75;1296;29;2450.00;133
5813;21;4701357;5813;507;7110;7236;5.25;0.33;316.15;5.80;1297;29;2451.00;126
5815;21;4701370;5815;513;7116;7236;5.29;0.33;316.28;5.80;1301;29;2452.00;120
5817;21;4701383;5817;512;7120;7236;5.29;0.33;316.22;5.87;1303;29;2453.00;116
5818;21;4701395;5818;510;7123;7236;5.31;0.33;316.26;5.87;1305;29;2454.00;113
5820;21;4701408;5820;511;7125;7236;5.35;0.33;316.28;5.87;1305;29;2455.00;111
5822;21;4701421;5822;508;7128;7237;5.39;0.33;316.33;5.91;1306;29;2456.00;109
5824;21;4701434;5824;515;7133;7238;5.38;0.33;316.43;5.92;1309;29;2457.00;105
5830;21;4701448;5830;513;7136;7238;5.32;0.33;316.60;5.92;1306;29;2458.00;102
5833;21;4701461;5833;504;7137;7239;5.25;0.32;316.69;5.92;1304;29;2459.00;102
5834;21;4701476;5834;514;7139;7239;5.27;0.32;316.75;5.92;1305;29;2460.00;100
5836;21;4701491;5836;512;7142;7239;5.26;0.32;316.84;5.93;1306;29;2461.00;97
5840;21;4701504;5840;514;7144;7239;5.26;0.32;316.91;5.93;1304;29;2462.00;95
5844;21;4701518;5844;517;7149;7243;5.22;0.32;317.03;5.94;1305;29;2463.00;94
5847;21;4701532;5847;519;7151;7243;5.19;0.32;317.28;5.94;1304;29;2464.00;92
5853;21;4701545;5853;514;7152;7243;5.16;0.32;317.37;5.94;1299;29;2465.00;91
5854;21;4701559;5854;516;7154;7246;5.14;0.31;317.51;5.94;1300;29;2466.00;92
5855;21;4701573;5855;516;7154;7246;5.15;0.31;317.50;5.94;1299;29;2467.00;92
5857;21;4701586;5857;511;7158;7246;5.13;0.31;317.53;5.96;1301;29;2468.00;88
5858;21;4701599;5858;511;7161;7250;5.09;0.31;317.53;5.96;1303;29;2469.00;89
5861;21;4701612;5861;508;7163;7251;5.06;0.31;317.61;5.96;1302;30;2470.00;88
5864;21;4701630;5864;512;7166;7251;5.04;0.31;317.55;5.96;1302;30;2471.00;85
5868;21;4701644;5868;512;7170;7255;5.01;0.31;317.76;5.96;1302;30;2472.00;85
5872;21;4701659;5872;509;7170;7255;4.99;0.30;317.93;5.96;1298;30;2473.00;85
5877;21;4701673;5877;510;7170;7255;4.89;0.30;317.94;5.96;1293;30;2474.00;85
5880;21;4701687;5880;500;7172;7257;4.88;0.30;318.11;5.96;1292;30;2475.00;85
5885;21;4701702;5885;493;7172;7257;4.86;0.30;318.25;5.96;1287;30;2476.00;85
5890;21;4701716;5890;488;7177;7263;4.89;0.30;318.39;5.95;1287;30;2477.00;86
5892;21;4701731;5892;486;7177;7263;4.92;0.30;318.36;5.95;1285;30;2478.00;86
5895;21;4701746;5895;482;7177;7264;4.93;0.30;318.53;5.95;1282;30;2479.00;87
5900;21;4701766;5900;483;7177;7264;4.90;0.30;318.52;5.95;1277;30;2480.00;87
5901;21;4701786;5901;478;7177;7264;4.91;0.30;318.53;5.95;1276;30;2481.00;87
5907;21;4701802;5907;479;7177;7264;4.93;0.30;318.69;5.95;1270;30;2482.00;87
5911;21;4701823;5911;472;7177;7264;4.97;0.30;318.76;5.95;1266;30;2483.00;87
5915;21;4701837;5915;472;7187;7276;5.05;0.31;318.83;5.94;1272;30;2484.00;89
5917;21;4701853;5917;457;7187;7276;5.11;0.31;319.01;5.94;1270;30;2485.00;89
5919;21;4701868;5919;449;7188;7276;5.18;0.32;318.97;5.95;1269;30;2486.00;88
5925;21;4701883;5925;451;7188;7276;5.25;0.32;319.18;5.95;1263;30;2487.00;88
5926;21;4701898;5926;441;7188;7276;5.33;0.32;319.18;5.95;1262;30;2488.00;88
5931;21;4701913;5931;434;7188;7276;5.37;0.33;319.22;5.95;1257;30;2489.00;88
5932;21;4701929;5932;435;7191;7280;5.43;0.33;319.24;5.95;1259;30;2490.00;89
5935;21;4701945;5935;437;7191;7280;5.48;0.33;319.34;5.95;1256;30;2491.00;89
5940;21;4701961;5940;436;7194;7284;5.57;0.34;319.47;5.95;1254;30;2492.00;90
5944;21;4701976;5944;429;7195;7285;5.57;0.34;319.59;5.95;1251;30;2493.00;90
5949;21;4701993;5949;424;7195;7285;5.60;0.34;319.75;5.95;1246;30;2494.00;90
5954;21;4702008;5954;434;7195;7285;5.62;0.34;319.90;5.95;1241;30;2495.00;90
5956;21;4702023;5956;431;7205;7298;5.70;0.35;319.94;5.94;1249;30;2496.00;93
5963;21;4702041;5963;430;7205;7298;5.65;0.34;320.03;5.94;1242;30;2497.00;93
5966;21;4702058;5966;431;7205;7298;5.63;0.34;320.14;5.94;1239;30;2498.00;93
5969;21;4702073;5969;422;7206;7299;5.60;0.34;320.17;5.94;1237;30;2499.00;93
5973;21;4702088;5973;431;7206;7300;5.60;0.34;320.34;5.94;1233;30;2500.00;94
5976;21;4702106;5976;437;7206;7300;5.59;0.34;320.28;5.94;1230;30;2501.00;94
5978;21;4702121;5978;445;7207;7303;5.61;0.34;320.29;5.94;1229;30;2502.00;96
5983;21;4702136;5983;442;7207;7303;5.57;0.34;320.51;5.94;1224;30;2503.00;96
5987;21;4702151;5987;450;7207;7303;5.49;0.34;320.58;5.94;1220;30;2504.00;96
5990;21;4702165;5990;440;7207;7303;5.41;0.33;320.62;5.94;1217;30;2505.00;96
5997;21;4702180;5997;444;7212;7309;5.30;0.32;320.71;5.94;1215;30;2506.00;97
6001;21;4702195;6001;454;7212;7309;5.25;0.32;320.79;5.94;1211;30;2507.00;97
6002;21;4702231;6002;459;7212;7309;5.22;0.32;320.81;5.94;1210;30;2508.00;97
6008;21;4702245;6008;457;7212;7309;5.16;0.32;320.75;5.94;1204;30;2509.00;97
6012;21;4702261;6012;454;7215;7313;5.14;0.31;320.82;5.94;1203;30;2510.00;98
6017;21;4702275;6017;455;7215;7314;5.11;0.31;321.01;5.94;1198;30;2511.00;99
6021;21;4702291;6021;457;7217;7314;5.09;0.31;321.03;5.94;1196;30;2512.00;97
6025;21;4702305;6025;462;7218;7315;5.08;0.31;321.10;5.94;1193;30;2513.00;97
6027;21;4702320;6027;465;7218;7315;5.08;0.31;321.11;5.94;1191;30;2514.00;97
6029;21;4702335;6029;462;7220;7315;5.10;0.31;321.12;5.96;1191;30;2515.00;95
6034;21;4702348;6034;459;7221;7315;5.07;0.31;321.11;5.96;1187;30;2516.00;94
6038;21;4702363;6038;458;7222;7315;5.01;0.31;321.10;5.96;1184;30;2517.00;93
6040;21;4702376;6040;469;7222;7315;4.99;0.31;321.22;5.96;1182;30;2518.00;93
6043;21;4702391;6043;479;7222;7315;4.98;0.31;321.25;5.96;1179;30;2519.00;93
6048;21;4702406;6048;505;7287;7440;5.17;0.32;321.36;5.91;1239;30;2520.00;153
6054;21;4702429;6054;511;7291;7441;5.16;0.32;321.45;5.90;1237;30;2521.00;150
6055;21;4702444;6055;512;7299;7441;5.22;0.32;321.49;5.90;1244;30;2522.00;142
6061;21;4702458;6061;508;7304;7441;5.25;0.32;321.77;5.90;1243;30;2523.00;137
6064;21;4702473;6064;507;7307;7441;5.25;0.32;321.82;5.90;1243;30;2524.00;134
6066;21;4702487;6066;513;7310;7441;5.30;0.33;321.98;5.90;1244;30;2525.00;131
6069;21;4702501;6069;507;7315;7441;5.26;0.32;321.88;5.90;1246;30;2526.00;126
6076;21;4702516;6076;508;7320;7441;5.19;0.32;322.15;5.90;1244;30;2527.00;121
6077;21;4702530;6077;508;7322;7442;5.14;0.32;322.18;5.90;1245;30;2528.00;120
6080;21;4702546;6080;510;7325;7443;5.09;0.31;322.41;5.90;1245;30;2529.00;118
6082;21;4702560;6082;509;7325;7443;5.02;0.31;322.63;5.90;1243;30;2530.00;118
6085;21;4702575;6085;498;7332;7447;5.02;0.31;322.79;5.91;1247;30;2531.00;115
6087;21;4702596;6087;487;7332;7447;5.04;0.31;322.86;5.91;1245;30;2532.00;115
6092;21;4702612;6092;486;7333;7447;5.00;0.31;322.93;5.91;1241;30;2533.00;114
6093;21;4702627;6093;488;7333;7447;5.02;0.31;322.89;5.91;1240;30;2534.00;114
6096;21;4702642;6096;483;7339;7453;5.01;0.31;322.90;5.91;1243;30;2535.00;114
6099;21;4702659;6099;491;7339;7453;4.98;0.31;322.95;5.91;1240;30;2536.00;114
6103;21;4702675;6103;507;7340;7455;4.98;0.31;323.04;5.91;1237;30;2537.00;115
6107;21;4702690;6107;502;7343;7458;5.00;0.30;323.02;5.90;1236;30;2538.00;115
6109;21;4702706;6109;503;7344;7458;5.04;0.31;323.10;5.90;1235;30;2539.00;114
6110;21;4702722;6110;497;7344;7458;5.08;0.31;323.20;5.90;1234;30;2540.00;114
6112;21;4702737;6112;495;7344;7459;5.11;0.31;323.14;5.90;1232;30;2541.00;115
6113;21;4702752;6113;498;7345;7460;5.10;0.31;323.15;5.90;1232;30;2542.00;115
6114;21;4702767;6114;499;7345;7460;5.10;0.31;323.12;5.90;1231;30;2543.00;115
6118;21;4702781;6118;510;7355;7473;5.04;0.31;323.10;5.89;1237;30;2544.00;118
6121;21;4702797;6121;505;7356;7473;5.01;0.31;323.02;5.89;1235;30;2545.00;117
6123;21;4702812;6123;508;7357;7473;5.01;0.31;322.98;5.91;1234;30;2546.00;116
6124;21;4702832;6124;511;7358;7474;5.01;0.31;323.10;5.91;1234;30;2547.00;116
6126;21;4702852;6126;515;7358;7474;4.99;0.30;323.15;5.91;1232;30;2548.00;116
6128;21;4702865;6128;520;7362;7478;4.98;0.30;323.11;5.90;1234;30;2549.00;116
6131;21;4702880;6131;527;7364;7481;4.95;0.30;323.08;5.90;1233;30;2550.00;117
6135;21;4702895;6135;534;7368;7485;4.94;0.30;323.15;5.90;1233;30;2551.00;117
6138;21;4702910;6138;534;7368;7485;4.92;0.30;323.25;5.90;1230;30;2552.00;117
6140;21;4702925;6140;535;7368;7485;4.87;0.30;323.25;5.90;1228;30;2553.00;117
6143;21;4702942;6143;535;7368;7485;4.83;0.29;323.27;5.90;1225;31;2554.00;117
6144;21;4702965;6144;536;7368;7485;4.79;0.29;323.26;5.90;1224;31;2555.00;117
6145;21;4702980;6145;541;7379;7497;4.78;0.29;323.31;5.89;1234;31;2556.00;118
6146;21;4702995;6146;544;7379;7497;4.75;0.29;323.32;5.89;1233;31;2557.00;118
6147;21;4703009;6147;554;7380;7497;4.70;0.29;323.27;5.89;1233;31;2558.00;117
6150;21;4703023;6150;557;7380;7497;4.66;0.28;323.24;5.89;1230;31;2559.00;117
6154;21;4703038;6154;561;7380;7497;4.59;0.28;323.12;5.89;1226;31;2560.00;117
6156;21;4703053;6156;566;7380;7497;4.52;0.28;323.10;5.89;1224;31;2561.00;117
6158;21;4703066;6158;557;7381;7498;4.47;0.27;323.13;5.90;1223;31;2562.00;117
6159;21;4703080;6159;558;7381;7498;4.41;0.27;323.14;5.90;1222;31;2563.00;117
6160;21;4703094;6160;561;7386;7504;4.37;0.27;323.15;5.90;1226;31;2564.00;118
6161;21;4703109;6161;557;7388;7506;4.33;0.26;323.14;5.89;1227;31;2565.00;118
6161;21;4703123;6161;535;7388;7506;4.35;0.27;323.14;5.89;1227;31;2566.00;118
6162;21;4703137;6162;522;7388;7506;4.34;0.26;323.16;5.89;1226;31;2567.00;118
6164;21;4703150;6164;513;7391;7510;4.35;0.27;323.14;5.89;1227;31;2568.00;119
6167;21;4703165;6167;504;7391;7510;4.35;0.26;323.22;5.89;1224;31;2569.00;119
6168;21;4703179;6168;491;7391;7510;4.38;0.27;323.23;5.89;1223;31;2570.00;119
6170;21;4703193;6170;482;7392;7511;4.43;0.27;323.34;5.89;1222;31;2571.00;119
6170;21;4703213;6170;475;7395;7515;4.48;0.27;323.34;5.89;1225;31;2572.00;120
6171;21;4703227;6171;462;7396;7515;4.58;0.28;323.38;5.90;1225;31;2573.00;119
6173;21;4703241;6173;451;7398;7518;4.68;0.28;323.41;5.89;1225;31;2574.00;120
6177;21;4703255;6177;443;7398;7518;4.71;0.29;323.34;5.89;1221;31;2575.00;120
6178;21;4703275;6178;436;7399;7518;4.80;0.29;323.36;5.89;1221;31;2576.00;119
6179;21;4703289;6179;433;7399;7518;4.86;0.29;323.35;5.89;1220;31;2577.00;119
6180;21;4703303;6180;433;7403;7522;4.96;0.30;323.34;5.89;1223;31;2578.00;119
6183;21;4703318;6183;427;7403;7522;4.97;0.30;323.31;5.89;1220;31;2579.00;119
6183;21;4703335;6183;422;7404;7522;4.99;0.30;323.31;5.95;1221;31;2580.00;118
6183;21;4703351;6183;416;7404;7522;5.04;0.30;323.31;5.95;1221;31;2581.00;118
6183;21;4703365;6183;418;7404;7523;5.04;0.30;323.31;5.95;1221;31;2582.00;119
6186;21;4703379;6186;421;7405;7524;5.04;0.30;323.26;5.95;1219;31;2583.00;119
6186;21;4703394;6186;420;7405;7524;5.09;0.31;323.26;5.95;1219;31;2584.00;119
6189;21;4703408;6189;420;7406;7525;5.14;0.31;323.26;5.94;1217;31;2585.00;119
6190;21;4703427;6190;419;7406;7525;5.16;0.31;323.21;5.94;1216;31;2586.00;119
6191;21;4703440;6191;412;7406;7525;5.20;0.31;323.19;5.94;1215;31;2587.00;119
6192;21;4703455;6192;411;7406;7525;5.22;0.32;323.32;5.94;1214;31;2588.00;119
6194;21;4703468;6194;420;7406;7525;5.24;0.32;323.38;5.94;1212;31;2589.00;119
6197;21;4703481;6197;414;7406;7525;5.27;0.32;323.38;5.94;1209;31;2590.00;119
6198;21;4703495;6198;414;7406;7525;5.29;0.32;323.36;5.94;1208;31;2591.00;119
6200;21;4703507;6200;426;7475;7652;5.58;0.34;323.33;5.89;1275;31;2592.00;177
6202;21;4703533;6202;415;7478;7653;5.58;0.34;323.46;5.89;1276;31;2593.00;175
6207;21;4703545;6207;411;7485;7653;5.63;0.34;323.63;5.88;1278;31;2594.00;168
6209;21;4703560;6209;414;7488;7653;5.60;0.34;323.72;5.94;1279;31;2595.00;165
6211;21;4703573;6211;406;7494;7653;5.65;0.35;323.75;5.94;1283;31;2596.00;159
6213;21;4703587;6213;410;7498;7653;5.65;0.35;323.84;5.94;1285;31;2597.00;155
6216;21;4703601;6216;406;7501;7653;5.65;0.35;323.85;5.94;1285;31;2598.00;152
6218;21;4703615;6218;410;7504;7653;5.68;0.35;323.94;5.94;1286;31;2599.00;149
6219;21;4703630;6219;409;7507;7654;5.75;0.35;324.06;5.94;1288;31;2600.00;147
6223;21;4703651;6223;409;7510;7655;5.75;0.35;324.31;5.94;1287;31;2601.00;145
6225;21;4703667;6225;409;7513;7655;5.75;0.35;324.41;6.00;1288;31;2602.00;142
6230;21;4703682;6230;415;7515;7656;5.68;0.34;324.61;6.00;1285;31;2603.00;141
6232;21;4703703;6232;427;7519;7656;5.64;0.34;324.53;6.01;1287;31;2604.00;137
6234;21;4703725;6234;425;7523;7656;5.61;0.34;324.58;6.12;1289;31;2605.00;133
6237;21;4703739;6237;427;7523;7656;5.55;0.34;324.69;6.12;1286;31;2606.00;133
6238;21;4703754;6238;429;7528;7660;5.57;0.34;324.72;6.12;1290;31;2607.00;132
6241;21;4703770;6241;437;7528;7660;5.54;0.34;324.81;6.12;1287;31;2608.00;132
6242;21;4703786;6242;432;7530;7660;5.52;0.34;324.79;6.18;1288;31;2609.00;130
6244;21;4703802;6244;440;7535;7666;5.56;0.34;324.96;6.23;1291;31;2610.00;131
6244;21;4703818;6244;443;7536;7666;5.58;0.34;324.96;6.29;1292;31;2611.00;130
6244;21;4703833;6244;440;7539;7666;5.62;0.34;324.96;6.29;1295;31;2612.00;127
6247;21;4703849;6247;443;7543;7670;5.57;0.34;325.04;6.34;1296;31;2613.00;127
6249;21;4703864;6249;445;7544;7671;5.56;0.34;324.99;6.34;1295;31;2614.00;127
6252;21;4703879;6252;447;7546;7671;5.54;0.34;324.98;6.35;1294;31;2615.00;125
6256;21;4703894;6256;451;7550;7675;5.57;0.34;325.07;6.40;1294;31;2616.00;125
6257;21;4703909;6257;455;7551;7675;5.59;0.34;325.05;6.40;1294;31;2617.00;124
6259;21;4703925;6259;457;7553;7675;5.62;0.34;325.10;6.45;1294;31;2618.00;122
6264;21;4703942;6264;455;7554;7676;5.61;0.34;325.23;6.45;1290;31;2619.00;122
6267;21;4703957;6267;457;7556;7676;5.61;0.34;325.26;6.56;1289;31;2620.00;120
6268;21;4703972;6268;455;7562;7682;5.68;0.35;325.28;6.61;1294;31;2621.00;120
6269;21;4703989;6269;454;7563;7682;5.71;0.35;325.25;6.66;1294;32;2622.00;119
6273;21;4704014;6273;462;7563;7683;5.73;0.35;325.40;6.66;1290;32;2623.00;120
6275;21;4704029;6275;458;7565;7683;5.72;0.35;325.39;6.77;1290;32;2624.00;118
6275;21;4704046;6275;455;7565;7683;5.72;0.35;325.39;6.77;1290;32;2625.00;118
6280;21;4704061;6280;453;7565;7683;5.74;0.35;325.47;6.77;1285;32;2626.00;118
6283;21;4704077;6283;451;7567;7683;5.76;0.35;325.48;6.87;1284;32;2627.00;116
6283;21;4704092;6283;448;7577;7695;5.89;0.36;325.48;6.86;1294;32;2628.00;118
6285;21;4704108;6285;441;7577;7695;5.89;0.36;325.58;6.86;1292;32;2629.00;118
6288;21;4704123;6288;444;7580;7695;5.89;0.36;325.65;6.96;1292;32;2630.00;115
6290;21;4704139;6290;445;7580;7695;5.85;0.36;325.67;6.96;1290;32;2631.00;115
6292;21;4704154;6292;441;7582;7695;5.80;0.35;325.69;7.06;1290;32;2632.00;113
6296;21;4704175;6296;446;7583;7695;5.74;0.35;325.81;7.11;1287;32;2633.00;112
6298;21;4704190;6298;443;7587;7699;5.72;0.35;325.90;7.15;1289;32;2634.00;112
6300;21;4704205;6300;450;7587;7699;5.68;0.35;325.97;7.15;1287;32;2635.00;112
6303;21;4704220;6303;433;7591;7703;5.62;0.34;326.02;7.15;1288;32;2636.00;112
6306;21;4704236;6306;434;7594;7704;5.56;0.34;326.14;7.24;1288;32;2637.00;110
6310;21;4704252;6310;436;7594;7704;5.50;0.34;326.20;7.24;1284;32;2638.00;110
6316;21;4704266;6316;440;7594;7704;5.42;0.33;326.25;7.24;1278;32;2639.00;110
6318;21;4704282;6318;440;7616;7733;5.41;0.33;326.22;7.32;1298;32;2640.00;117
6323;21;4704301;6323;424;7616;7733;5.36;0.33;326.20;7.32;1293;32;2641.00;117
6327;21;4704316;6327;413;7618;7733;5.38;0.33;326.23;7.31;1291;32;2642.00;115
6333;21;4704331;6333;413;7621;7734;5.42;0.33;326.21;7.31;1288;32;2643.00;113
6335;21;4704346;6335;412;7624;7735;5.43;0.33;326.25;7.40;1289;32;2644.00;111
6339;21;4704368;6339;413;7626;7735;5.44;0.33;326.32;7.49;1287;32;2645.00;109
6345;21;4704383;6345;407;7631;7738;5.48;0.34;326.35;7.58;1286;32;2646.00;107
6346;21;4704400;6346;408;7631;7738;5.55;0.34;326.40;7.58;1285;32;2647.00;107
6348;21;4704415;6348;402;7631;7738;5.62;0.35;326.37;7.58;1283;32;2648.00;107
6351;21;4704430;6351;398;7633;7738;5.65;0.35;326.39;7.66;1282;32;2649.00;105
6353;21;4704446;6353;401;7638;7744;5.71;0.35;326.50;7.66;1285;32;2650.00;106
6357;21;4704461;6357;404;7638;7744;5.70;0.35;326.51;7.66;1281;32;2651.00;106
6362;21;4704477;6362;401;7638;7744;5.66;0.35;326.47;7.66;1276;32;2652.00;106
6365;21;4704492;6365;412;7638;7744;5.63;0.35;326.48;7.66;1273;32;2653.00;106
6368;21;4704508;6368;414;7641;7748;5.61;0.35;326.52;7.66;1273;32;2654.00;107
6372;21;4704523;6372;421;7643;7750;5.56;0.34;326.53;7.65;1271;32;2655.00;107
6377;21;4704539;6377;426;7643;7750;5.47;0.34;326.64;7.65;1266;32;2656.00;107
6382;21;4704555;6382;426;7644;7751;5.43;0.33;326.72;7.65;1262;32;2657.00;107
6388;21;4704569;6388;432;7644;7751;5.41;0.33;326.91;7.65;1256;32;2658.00;107
6391;21;4704584;6391;430;7644;7751;5.40;0.33;326.94;7.65;1253;32;2659.00;107
6397;21;4704599;6397;433;7644;7751;5.37;0.33;327.08;7.65;1247;32;2660.00;107
6399;21;4704613;6399;435;7644;7751;5.37;0.33;327.18;7.65;1245;32;2661.00;107
6401;21;4704628;6401;442;7644;7751;5.37;0.33;327.24;7.65;1243;32;2662.00;107
6407;21;4704643;6407;443;7644;7751;5.31;0.33;327.26;7.65;1237;32;2663.00;107
6412;21;4704658;6412;455;7683;7821;5.37;0.33;327.37;7.62;1271;32;2664.00;138
6418;21;4704679;6418;455;7685;7822;5.33;0.33;327.48;7.61;1267;32;2665.00;137
6425;21;4704694;6425;463;7689;7822;5.28;0.33;327.53;7.61;1264;32;2666.00;133
6428;21;4704709;6428;465;7691;7822;5.26;0.32;327.68;7.61;1263;32;2667.00;131
6433;21;4704723;6433;468;7694;7822;5.24;0.32;327.82;7.61;1261;32;2668.00;128
6438;21;4704738;6438;475;7695;7822;5.24;0.32;327.92;7.61;1257;32;2669.00;127
6445;21;4704754;6445;478;7698;7822;5.28;0.33;328.24;7.61;1253;32;2670.00;124
6451;21;4704769;6451;478;7699;7822;5.26;0.32;328.40;7.61;1248;32;2671.00;123
6453;21;4704783;6453;482;7701;7823;5.23;0.32;328.42;7.61;1248;32;2672.00;122
6458;21;4704797;6458;490;7704;7824;5.15;0.32;328.34;7.61;1246;32;2673.00;120
6463;21;4704812;6463;498;7706;7824;5.11;0.32;328.42;7.61;1243;32;2674.00;118
6466;21;4704826;6466;505;7711;7828;5.14;0.32;328.39;7.61;1245;32;2675.00;117
6472;21;4704841;6472;513;7712;7828;5.08;0.31;328.43;7.61;1240;32;2676.00;116
6476;21;4704856;6476;518;7712;7828;5.05;0.31;328.49;7.61;1236;32;2677.00;116
6479;21;4704871;6479;531;7714;7828;5.04;0.31;328.51;7.61;1235;32;2678.00;114
6484;21;4704885;6484;536;7718;7834;5.01;0.31;328.63;7.60;1234;32;2679.00;116
6486;21;4704900;6486;539;7719;7834;5.00;0.31;328.57;7.60;1233;32;2680.00;115
6492;21;4704915;6492;553;7719;7834;4.93;0.30;328.58;7.60;1227;32;2681.00;115
6495;21;4704928;6495;553;7721;7837;4.89;0.30;328.53;7.60;1226;32;2682.00;116
6502;21;4704943;6502;552;7722;7837;4.76;0.29;328.63;7.60;1220;32;2683.00;115
6505;21;4704958;6505;557;7723;7837;4.70;0.29;328.56;7.60;1218;32;2684.00;114
6511;21;4704970;6511;556;7723;7838;4.61;0.28;328.53;7.60;1212;32;2685.00;115
6512;21;4704985;6512;563;7724;7839;4.57;0.28;328.54;7.60;1212;32;2686.00;115
6517;21;4704998;6517;551;7724;7839;4.55;0.28;328.79;7.60;1207;32;2687.00;115
6519;21;4705012;6519;553;7735;7852;4.67;0.29;328.86;7.59;1216;32;2688.00;117
6523;21;4705027;6523;546;7735;7852;4.68;0.29;328.85;7.59;1212;32;2689.00;117
6527;21;4705042;6527;545;7735;7852;4.70;0.29;328.92;7.59;1208;32;2690.00;117
6530;21;4705056;6530;539;7736;7853;4.71;0.29;328.92;7.59;1206;32;2691.00;117
6534;21;4705070;6534;538;7736;7853;4.72;0.29;329.11;7.59;1202;32;2692.00;117
6535;21;4705084;6535;536;7740;7857;4.78;0.29;329.18;7.59;1205;32;2693.00;117
6537;21;4705099;6537;539;7740;7857;4.77;0.29;329.26;7.59;1203;32;2694.00;117
6539;21;4705112;6539;535;7743;7861;4.78;0.29;329.32;7.58;1204;32;2695.00;118
6545;21;4705127;6545;524;7743;7861;4.74;0.29;329.39;7.58;1198;32;2696.00;118
6548;21;4705142;6548;517;7743;7861;4.71;0.29;329.30;7.58;1195;32;2697.00;118
6550;21;4705156;6550;509;7743;7861;4.72;0.29;329.33;7.58;1193;32;2698.00;118
6552;21;4705169;6552;506;7743;7861;4.75;0.29;329.36;7.58;1191;32;2699.00;118
6555;21;4705186;6555;511;7768;7910;4.77;0.29;329.39;7.56;1213;32;2700.00;142
6557;21;4705208;6557;513;7768;7910;4.81;0.29;329.36;7.56;1211;32;2701.00;142
6557;21;4705223;6557;514;7772;7910;4.88;0.30;329.36;7.56;1215;32;2702.00;138
6558;21;4705237;6558;514;7772;7910;4.92;0.30;329.39;7.56;1214;32;2703.00;138
6561;21;4705251;6561;508;7774;7910;4.93;0.30;329.28;7.55;1213;32;2704.00;136
6565;21;4705266;6565;508;7774;7910;4.95;0.30;329.20;7.55;1209;32;2705.00;136
6566;21;4705280;6566;523;7776;7911;5.00;0.31;329.21;7.55;1210;32;2706.00;135
6567;21;4705294;6567;521;7776;7911;5.02;0.31;329.23;7.55;1209;32;2707.00;135
6571;21;4705309;6571;523;7781;7917;4.99;0.31;329.23;7.55;1210;32;2708.00;136
6572;21;4705324;6572;526;7782;7918;5.03;0.31;329.23;7.55;1210;32;2709.00;136
6574;21;4705338;6574;524;7782;7918;5.01;0.31;329.16;7.55;1208;32;2710.00;136
6576;21;4705353;6576;525;7782;7918;5.01;0.30;329.13;7.55;1206;32;2711.00;136
6576;21;4705367;6576;528;7786;7922;5.05;0.31;329.13;7.55;1210;32;2712.00;136
6577;21;4705381;6577;522;7787;7922;5.06;0.31;329.13;7.55;1210;32;2713.00;135
6578;21;4705401;6578;505;7787;7922;5.08;0.31;329.09;7.55;1209;32;2714.00;135
6579;21;4705417;6579;492;7788;7923;5.13;0.31;329.11;7.55;1209;32;2715.00;135
6581;21;4705431;6581;493;7791;7927;5.12;0.31;329.19;7.54;1210;32;2716.00;136
6581;21;4705452;6581;489;7792;7927;5.12;0.31;329.19;7.55;1211;32;2717.00;135
6582;21;4705468;6582;480;7794;7930;5.16;0.31;329.19;7.54;1212;32;2718.00;136
6584;21;4705483;6584;477;7795;7930;5.14;0.31;329.13;7.55;1211;32;2719.00;135
6586;21;4705508;6586;472;7796;7930;5.14;0.31;329.12;7.54;1210;32;2720.00;134
6587;21;4705523;6587;471;7796;7930;5.23;0.32;329.16;7.54;1209;32;2721.00;134
6588;21;4705537;6588;478;7799;7934;5.29;0.32;329.13;7.54;1211;32;2722.00;135
6589;21;4705553;6589;471;7800;7934;5.32;0.32;329.23;7.54;1211;32;2723.00;134
6589;21;4705567;6589;469;7801;7934;5.38;0.33;329.23;7.55;1212;32;2724.00;133
6590;21;4705581;6590;465;7801;7934;5.44;0.33;329.31;7.55;1211;32;2725.00;133
6590;21;4705596;6590;464;7801;7935;5.47;0.33;329.31;7.55;1211;32;2726.00;134
6591;21;4705611;6591;462;7802;7936;5.52;0.34;329.30;7.55;1211;32;2727.00;134
6591;21;4705626;6591;462;7802;7936;5.56;0.34;329.30;7.55;1211;32;2728.00;134
6592;21;4705645;6592;465;7805;7937;5.55;0.34;329.30;7.55;1213;32;2729.00;132
6595;21;4705661;6595;455;7805;7937;5.56;0.34;329.35;7.55;1210;32;2730.00;132
6597;21;4705677;6597;448;7807;7937;5.54;0.33;329.36;7.55;1210;32;2731.00;130
6598;21;4705690;6598;445;7807;7937;5.57;0.34;329.37;7.55;1209;32;2732.00;130
6599;21;4705704;6599;434;7808;7937;5.59;0.34;329.36;7.58;1209;32;2733.00;129
6601;21;4705718;6601;431;7808;7937;5.61;0.34;329.33;7.58;1207;32;2734.00;129
6605;21;4705732;6605;420;7809;7937;5.59;0.34;329.45;7.58;1204;32;2735.00;128
6609;21;4705747;6609;435;7869;8064;5.62;0.34;329.63;7.52;1260;32;2736.00;195
6611;21;4705771;6611;417;7871;8065;5.66;0.35;329.77;7.52;1260;32;2737.00;194
6616;21;4705786;6616;407;7878;8065;5.69;0.35;329.83;7.52;1262;32;2738.00;187
6619;21;4705801;6619;401;7882;8065;5.78;0.35;330.04;7.52;1263;32;2739.00;183
6623;21;4705815;6623;405;7889;8065;5.82;0.36;330.08;7.51;1266;32;2740.00;176
6629;21;4705829;6629;398;7893;8065;5.87;0.36;330.06;7.51;1264;32;2741.00;172
6633;21;4705843;6633;399;7894;8065;5.91;0.36;330.16;7.51;1261;32;2742.00;171
6636;21;4705857;6636;403;7897;8065;5.97;0.36;330.33;7.51;1261;32;2743.00;168
6639;21;4705871;6639;398;7899;8066;6.05;0.37;330.55;7.51;1260;32;2744.00;167
6641;21;4705886;6641;398;7903;8068;6.08;0.37;330.66;7.62;1262;32;2745.00;165
6643;21;4705902;6643;392;7905;8068;6.09;0.37;330.79;7.62;1262;32;2746.00;163
6644;21;4705915;6644;398;7906;8069;6.09;0.37;330.75;7.62;1262;32;2747.00;163
6648;21;4705929;6648;401;7909;8069;6.11;0.37;330.91;7.62;1261;32;2748.00;160
6651;21;4705943;6651;401;7912;8069;6.12;0.37;330.92;7.63;1261;32;2749.00;157
6652;21;4705957;6652;407;7914;8069;6.09;0.37;330.96;7.63;1262;32;2750.00;155
6654;21;4705971;6654;413;7918;8073;6.10;0.37;330.93;7.63;1264;32;2751.00;155
6656;21;4705987;6656;409;7923;8073;6.12;0.37;330.88;7.64;1267;32;2752.00;150
6658;21;4706007;6658;411;7924;8073;6.17;0.38;330.89;7.64;1266;32;2753.00;149
6661;22;4706021;6661;403;7928;8076;6.19;0.38;331.02;7.64;1267;33;2754.00;148
6663;22;4706043;6663;406;7929;8076;6.25;0.38;330.98;7.64;1266;33;2755.00;147
6666;22;4706062;6666;414;7932;8076;6.28;0.38;331.16;7.64;1266;33;2756.00;144
6670;22;4706085;6670;424;7935;8080;6.27;0.38;331.23;7.64;1265;33;2757.00;145
6675;22;4706100;6675;424;7939;8081;6.26;0.38;331.28;7.64;1264;33;2758.00;142
6677;22;4706114;6677;432;7939;8081;6.22;0.38;331.30;7.64;1262;33;2759.00;142
6678;22;4706131;6678;434;7944;8086;6.20;0.38;331.32;7.64;1266;33;2760.00;142
6680;22;4706147;6680;431;7946;8086;6.18;0.38;331.37;7.67;1266;33;2761.00;140
6684;22;4706172;6684;435;7947;8086;6.13;0.37;331.48;7.67;1263;33;2762.00;139
6686;22;4706187;6686;433;7950;8087;6.09;0.37;331.64;7.67;1264;33;2763.00;137
6690;22;4706202;6690;437;7950;8087;6.06;0.37;331.65;7.67;1260;33;2764.00;137
6691;22;4706216;6691;435;7955;8093;6.15;0.38;331.71;7.67;1264;33;2765.00;138
6696;22;4706231;6696;436;7955;8093;6.17;0.38;331.67;7.67;1259;33;2766.00;138
6699;22;4706245;6699;434;7955;8094;6.17;0.38;331.76;7.67;1256;33;2767.00;139
6699;22;4706260;6699;445;7955;8094;6.17;0.38;331.76;7.67;1256;33;2768.00;139
6701;22;4706274;6701;443;7955;8094;6.15;0.37;331.76;7.67;1254;33;2769.00;139
6704;22;4706290;6704;451;7957;8094;6.13;0.37;331.88;7.78;1253;33;2770.00;137
6705;22;4706304;6705;456;7957;8094;6.10;0.37;331.88;7.78;1252;33;2771.00;137
6708;22;4706318;6708;462;7969;8106;6.17;0.38;331.89;7.88;1261;33;2772.00;137
6711;22;4706333;6711;466;7969;8106;6.15;0.37;331.95;7.88;1258;33;2773.00;137
6711;22;4706348;6711;472;7970;8106;6.15;0.37;331.95;7.88;1259;33;2774.00;136
6714;22;4706362;6714;475;7971;8106;6.10;0.37;332.14;7.93;1257;33;2775.00;135
6715;23;4706381;6715;466;7972;8106;6.07;0.37;332.13;7.99;1257;34;2776.00;134
6719;23;4706409;6719;470;7973;8106;6.02;0.37;332.37;8.04;1254;34;2777.00;133
6722;23;4706423;6722;463;7978;8110;5.97;0.36;332.47;8.15;1256;34;2778.00;132
6725;23;4706438;6725;470;7978;8110;5.94;0.36;332.43;8.15;1253;34;2779.00;132
6727;23;4706452;6727;467;7983;8114;6.00;0.37;332.53;8.19;1256;34;2780.00;131
6728;23;4706467;6728;467;7984;8115;6.02;0.37;332.52;8.19;1256;34;2781.00;131
6732;23;4706481;6732;466;7987;8115;5.99;0.37;332.59;8.35;1255;34;2782.00;128
6733;23;4706495;6733;472;7987;8115;5.96;0.36;332.71;8.35;1254;34;2783.00;128
6735;23;4706510;6735;474;7999;8128;5.98;0.36;332.68;8.39;1264;34;2784.00;129
6739;23;4706525;6739;479;7999;8128;5.89;0.36;332.73;8.39;1260;34;2785.00;129
6742;23;4706540;6742;482;7999;8128;5.84;0.36;332.81;8.39;1257;34;2786.00;129
6745;23;4706554;6745;482;8002;8129;5.84;0.36;332.75;8.49;1257;34;2787.00;127
6747;23;4706572;6747;487;8003;8130;5.80;0.35;332.77;8.54;1256;34;2788.00;127
6750;23;4706586;6750;489;8004;8130;5.78;0.35;332.82;8.59;1254;34;2789.00;126
6751;23;4706602;6751;488;8009;8136;5.84;0.36;332.80;8.59;1258;34;2790.00;127
6752;23;4706616;6752;487;8011;8136;5.86;0.36;332.84;8.68;1259;34;2791.00;125
6756;23;4706629;6756;487;8012;8136;5.88;0.36;332.75;8.68;1256;34;2792.00;124
6757;23;4706645;6757;490;8012;8136;5.92;0.36;332.73;8.68;1255;34;2793.00;124
6758;23;4706659;6758;492;8021;8142;5.96;0.36;332.84;8.87;1263;34;2794.00;121
6760;23;4706674;6760;489;8021;8142;5.96;0.36;332.92;8.87;1261;34;2795.00;121
6761;23;4706688;6761;489;8021;8142;5.95;0.36;332.89;8.87;1260;34;2796.00;121
6765;23;4706701;6765;481;8021;8142;5.90;0.36;332.96;8.87;1256;34;2797.00;121
6767;23;4706715;6767;491;8024;8146;5.84;0.36;333.05;8.87;1257;34;2798.00;122
6769;23;4706730;6769;498;8028;8147;5.78;0.35;332.99;9.01;1259;34;2799.00;119
6773;23;4706744;6773;491;8028;8147;5.68;0.35;333.10;9.01;1255;34;2800.00;119
6777;23;4706762;6777;497;8032;8148;5.57;0.34;333.31;9.14;1255;34;2801.00;116
6781;23;4706775;6781;503;8032;8148;5.43;0.33;333.31;9.14;1251;34;2802.00;116
6784;23;4706788;6784;508;8033;8148;5.30;0.32;333.45;9.19;1249;34;2803.00;115
6788;23;4706801;6788;514;8033;8148;5.19;0.31;333.59;9.19;1245;34;2804.00;115
6789;23;4706814;6789;514;8035;8148;5.13;0.31;333.57;9.28;1246;34;2805.00;113
6795;23;4706827;6795;506;8035;8148;5.06;0.31;333.61;9.28;1240;34;2806.00;113
6798;23;4706840;6798;507;8035;8148;5.04;0.31;333.70;9.28;1237;34;2807.00;113
6801;23;4706853;6801;509;8076;8218;5.18;0.32;333.79;9.23;1275;34;2808.00;142
6805;23;4706871;6805;503;8080;8219;5.15;0.31;333.90;9.27;1275;34;2809.00;139
6808;23;4706884;6808;504;8084;8219;5.11;0.31;333.85;9.27;1276;34;2810.00;135
6814;23;4706897;6814;505;8088;8219;5.04;0.31;334.08;9.40;1274;34;2811.00;131
6816;23;4706911;6816;507;8091;8219;5.08;0.31;334.02;9.40;1275;34;2812.00;128
6821;23;4706923;6821;508;8094;8219;5.10;0.31;334.22;9.39;1273;34;2813.00;125
6824;23;4706938;6824;510;8096;8219;5.10;0.31;334.27;9.39;1272;34;2814.00;123
6828;23;4706951;6828;506;8098;8219;5.09;0.31;334.27;9.39;1270;34;2815.00;121
6832;23;4706965;6832;512;8099;8220;5.05;0.31;334.27;9.39;1267;34;2816.00;121
6834;23;4706978;6834;505;8100;8221;5.03;0.31;334.39;9.39;1266;34;2817.00;121
6837;23;4706992;6837;511;8101;8221;5.02;0.31;334.53;9.39;1264;34;2818.00;120
6841;23;4707006;6841;515;8104;8225;5.02;0.31;334.64;9.39;1263;34;2819.00;121
6845;23;4707023;6845;517;8104;8225;5.01;0.31;334.89;9.39;1259;34;2820.00;121
6850;23;4707037;6850;522;8104;8225;4.96;0.30;335.18;9.39;1254;34;2821.00;121
6853;23;4707052;6853;521;8104;8225;4.93;0.30;335.30;9.39;1251;34;2822.00;121
6861;23;4707065;6861;525;8108;8231;4.85;0.30;335.28;9.38;1247;34;2823.00;123
6865;23;4707080;6865;521;8108;8231;4.83;0.30;335.34;9.38;1243;34;2824.00;123
6870;23;4707093;6870;516;8108;8231;4.78;0.29;335.45;9.38;1238;34;2825.00;123
6872;23;4707107;6872;519;8109;8234;4.78;0.29;335.56;9.38;1237;34;2826.00;125
6877;23;4707120;6877;521;8109;8234;4.74;0.29;335.58;9.38;1232;34;2827.00;125
6881;23;4707135;6881;524;8109;8234;4.69;0.29;335.61;9.38;1228;34;2828.00;125
6885;23;4707149;6885;521;8109;8235;4.65;0.29;335.64;9.38;1224;34;2829.00;126
6888;23;4707162;6888;527;8110;8236;4.61;0.28;335.61;9.38;1222;34;2830.00;126
6893;23;4707175;6893;533;8110;8236;4.54;0.28;335.50;9.38;1217;34;2831.00;126
6897;23;4707188;6897;534;8120;8249;4.56;0.28;335.37;9.37;1223;34;2832.00;129
6898;23;4707201;6898;533;8120;8249;4.53;0.28;335.39;9.37;1222;34;2833.00;129
6903;23;4707214;6903;543;8121;8249;4.44;0.27;335.57;9.37;1218;34;2834.00;128
6905;23;4707227;6905;548;8122;8251;4.38;0.27;335.58;9.37;1217;34;2835.00;129
6910;23;4707239;6910;554;8122;8251;4.34;0.26;335.51;9.37;1212;34;2836.00;129
6913;23;4707252;6913;564;8125;8255;4.29;0.26;335.48;9.37;1212;34;2837.00;130
6917;23;4707265;6917;570;8125;8255;4.26;0.26;335.49;9.37;1208;34;2838.00;130
6920;23;4707277;6920;578;8129;8259;4.27;0.26;335.60;9.37;1209;34;2839.00;130
6922;23;4707290;6922;585;8129;8259;4.30;0.26;335.64;9.37;1207;34;2840.00;130
6923;23;4707303;6923;585;8129;8259;4.31;0.26;335.60;9.37;1206;34;2841.00;130
6925;23;4707315;6925;591;8130;8259;4.29;0.26;335.67;9.37;1205;34;2842.00;129
6928;23;4707328;6928;597;8130;8259;4.24;0.26;335.63;9.37;1202;34;2843.00;129
6932;23;4707342;6932;602;8141;8271;4.26;0.26;335.61;9.37;1209;34;2844.00;130
6934;23;4707357;6934;600;8141;8271;4.17;0.25;335.58;9.37;1207;34;2845.00;130
6936;23;4707370;6936;600;8141;8271;4.10;0.25;335.57;9.37;1205;34;2846.00;130
6937;23;4707384;6937;609;8143;8271;4.08;0.25;335.53;9.37;1206;34;2847.00;128
6940;23;4707396;6940;609;8143;8271;4.04;0.25;335.43;9.37;1203;34;2848.00;128
6940;23;4707409;6940;615;8143;8271;4.04;0.25;335.43;9.37;1203;34;2849.00;128
6944;23;4707424;6944;614;8148;8274;3.97;0.24;335.31;9.37;1204;34;2850.00;126
6945;23;4707437;6945;609;8148;8274;3.96;0.24;335.32;9.37;1203;34;2851.00;126
6946;23;4707449;6946;599;8152;8280;3.97;0.24;335.34;9.37;1206;34;2852.00;128
6948;23;4707462;6948;600;8153;8281;3.99;0.24;335.35;9.37;1205;34;2853.00;128
6950;23;4707476;6950;597;8154;8281;3.98;0.24;335.46;9.37;1204;34;2854.00;127
6950;23;4707489;6950;598;8154;8281;3.99;0.24;335.46;9.37;1204;34;2855.00;127
6952;23;4707502;6952;599;8158;8285;4.06;0.25;335.54;9.37;1206;34;2856.00;127
6952;23;4707516;6952;591;8158;8285;4.11;0.25;335.54;9.37;1206;34;2857.00;127
6953;23;4707529;6953;590;8159;8285;4.15;0.25;335.55;9.37;1206;34;2858.00;126
6954;23;4707542;6954;588;8160;8286;4.22;0.26;335.55;9.37;1206;34;2859.00;126
6957;23;4707556;6957;577;8164;8290;4.23;0.26;335.43;9.37;1207;34;2860.00;126
6959;23;4707571;6959;565;8165;8290;4.25;0.26;335.49;9.37;1206;34;2861.00;125
6961;23;4707585;6961;540;8168;8293;4.33;0.26;335.58;9.36;1207;34;2862.00;125
6963;23;4707601;6963;526;8168;8293;4.38;0.26;335.68;9.36;1205;34;2863.00;125
6963;23;4707615;6963;502;8170;8295;4.44;0.27;335.68;9.36;1207;34;2864.00;125
6964;23;4707630;6964;482;8170;8295;4.54;0.27;335.67;9.36;1206;34;2865.00;125
6965;23;4707646;6965;471;8174;8299;4.70;0.28;335.66;9.36;1209;34;2866.00;125
6965;23;4707668;6965;469;8174;8299;4.82;0.29;335.66;9.36;1209;34;2867.00;125
6965;23;4707683;6965;462;8174;8299;4.96;0.30;335.66;9.36;1209;34;2868.00;125
6966;23;4707698;6966;456;8174;8299;5.05;0.31;335.65;9.36;1208;34;2869.00;125
6966;23;4707712;6966;442;8174;8300;5.19;0.31;335.65;9.36;1208;34;2870.00;126
6968;23;4707726;6968;448;8175;8301;5.31;0.32;335.61;9.35;1207;34;2871.00;126
6969;23;4707741;6969;435;8175;8301;5.37;0.32;335.63;9.35;1206;34;2872.00;126
6970;23;4707755;6970;430;8176;8302;5.48;0.33;335.63;9.35;1206;34;2873.00;126
6971;23;4707770;6971;417;8176;8302;5.60;0.34;335.61;9.35;1205;34;2874.00;126
6971;23;4707785;6971;416;8176;8302;5.65;0.34;335.61;9.35;1205;34;2875.00;126
6971;23;4707805;6971;407;8177;8302;5.70;0.34;335.61;9.40;1206;34;2876.00;125
6973;23;4707820;6973;413;8177;8302;5.76;0.35;335.70;9.40;1204;34;2877.00;125
6974;23;4707834;6974;407;8177;8302;5.80;0.35;335.72;9.40;1203;34;2878.00;125
6974;23;4707853;6974;404;8177;8302;5.86;0.36;335.72;9.40;1203;34;2879.00;125
6975;23;4707870;6975;444;8291;8532;6.21;0.39;335.73;9.27;1316;34;2880.00;241
6980;23;4707902;6980;432;8295;8533;6.31;0.39;335.99;9.26;1315;34;2881.00;238
6982;23;4707918;6982;423;8307;8533;6.37;0.39;335.93;9.25;1325;34;2882.00;226
6985;23;4707933;6985;412;8314;8533;6.38;0.39;336.04;9.25;1329;34;2883.00;219
6985;23;4707947;6985;405;8321;8533;6.45;0.40;336.04;9.24;1336;34;2884.00;212
6990;23;4707961;6990;406;8324;8533;6.39;0.39;336.05;9.24;1334;34;2885.00;209
6991;23;4707976;6991;406;8329;8533;6.33;0.39;336.08;9.24;1338;34;2886.00;204
6995;23;4707991;6995;409;8333;8533;6.27;0.39;336.04;9.24;1338;34;2887.00;200
6999;23;4708006;6999;414;8339;8534;6.20;0.38;335.97;9.24;1340;34;2888.00;195
7001;23;4708022;7001;421;8344;8535;6.10;0.38;335.97;9.24;1343;34;2889.00;191
7004;24;4708039;7004;425;8347;8535;6.03;0.37;336.00;9.24;1343;35;2890.00;188
7004;24;4708067;7004;442;8349;8536;5.99;0.37;336.00;9.24;1345;35;2891.00;187
7008;24;4708083;7008;455;8351;8536;5.93;0.37;335.99;9.24;1343;35;2892.00;185
7010;24;4708105;7010;471;8353;8536;5.94;0.37;336.01;9.24;1343;35;2893.00;183
7013;24;4708122;7013;475;8355;8536;5.91;0.36;336.03;9.28;1342;35;2894.00;181
7015;24;4708139;7015;470;8357;8540;5.88;0.36;336.13;9.28;1342;35;2895.00;183
7015;25;4708158;7015;477;8358;8540;5.91;0.36;336.13;9.28;1343;36;2896.00;182
7017;25;4708186;7017;476;8359;8540;5.90;0.36;336.18;9.28;1342;36;2897.00;181
7020;25;4708203;7020;473;8361;8543;5.88;0.36;336.31;9.28;1341;36;2898.00;182
7023;25;4708222;7023;464;8361;8543;5.87;0.36;336.35;9.28;1338;36;2899.00;182
7027;25;4708239;7027;453;8361;8543;5.83;0.36;336.58;9.28;1334;36;2900.00;182
7030;25;4708259;7030;459;8364;8547;5.80;0.36;336.67;9.28;1334;36;2901.00;183
7032;25;4708276;7032;449;8365;8548;5.88;0.36;336.71;9.28;1333;36;2902.00;183
7033;25;4708298;7033;438;8368;8548;5.90;0.36;336.77;9.28;1335;36;2903.00;180
7037;25;4708322;7037;440;8370;8552;5.93;0.36;336.79;9.28;1333;36;2904.00;182
7043;25;4708346;7043;436;8370;8552;5.90;0.36;336.87;9.28;1327;36;2905.00;182
7044;25;4708369;7044;434;8371;8552;5.89;0.36;336.93;9.28;1327;36;2906.00;181
7048;25;4708387;7048;423;8372;8553;5.87;0.36;336.95;9.28;1324;36;2907.00;181
7051;25;4708405;7051;423;8372;8553;5.85;0.36;336.99;9.28;1321;36;2908.00;181
7051;25;4708421;7051;421;8376;8559;5.91;0.36;336.99;9.28;1325;36;2909.00;183
7056;25;4708438;7056;414;8377;8559;5.87;0.36;337.17;9.28;1321;36;2910.00;182
7057;25;4708460;7057;416;8378;8560;5.86;0.36;337.20;9.34;1321;36;2911.00;182
7063;25;4708478;7063;420;8378;8560;5.84;0.35;337.25;9.34;1315;36;2912.00;182
7066;25;4708494;7066;416;8379;8560;5.82;0.35;337.25;9.34;1313;36;2913.00;181
7066;25;4708509;7066;426;8379;8560;5.83;0.35;337.25;9.34;1313;36;2914.00;181
7068;25;4708524;7068;421;8380;8560;5.86;0.36;337.33;9.34;1312;36;2915.00;180
7068;25;4708540;7068;431;8389;8572;5.92;0.36;337.33;9.33;1321;36;2916.00;183
7071;25;4708557;7071;427;8390;8572;5.90;0.36;337.32;9.34;1319;36;2917.00;182
7073;25;4708573;7073;426;8392;8572;5.94;0.36;337.45;9.34;1319;36;2918.00;180
7074;25;4708593;7074;437;8393;8572;5.99;0.36;337.47;9.34;1319;36;2919.00;179
7078;25;4708607;7078;435;8394;8572;6.01;0.37;337.47;9.35;1316;36;2920.00;178
7081;25;4708623;7081;436;8398;8572;6.02;0.37;337.43;9.36;1317;36;2921.00;174
7083;25;4708640;7083;440;8402;8576;6.03;0.37;337.40;9.36;1319;36;2922.00;174
7087;25;4708657;7087;431;8404;8576;6.02;0.37;337.52;9.42;1317;36;2923.00;172
7088;25;4708674;7088;428;8410;8580;6.04;0.37;337.53;9.42;1322;36;2924.00;170
7090;25;4708691;7090;432;8411;8582;6.02;0.37;337.51;9.42;1321;36;2925.00;171
7093;25;4708708;7093;428;8414;8582;6.02;0.37;337.60;9.42;1321;36;2926.00;168
7097;25;4708725;7097;434;8414;8582;6.02;0.37;337.76;9.42;1317;36;2927.00;168
7098;25;4708741;7098;443;8424;8595;6.00;0.37;337.80;9.41;1326;36;2928.00;171
7100;25;4708758;7100;443;8426;8595;5.92;0.36;337.86;9.42;1326;36;2929.00;169
7104;25;4708775;7104;447;8426;8595;5.86;0.36;337.91;9.42;1322;36;2930.00;169
7108;25;4708791;7108;456;8427;8596;5.81;0.35;338.08;9.42;1319;36;2931.00;169
7112;25;4708808;7112;460;8429;8597;5.71;0.35;338.10;9.48;1317;36;2932.00;168
7117;25;4708825;7117;469;8429;8597;5.68;0.35;338.24;9.48;1312;36;2933.00;168
7120;25;4708840;7120;476;8433;8600;5.68;0.35;338.42;9.48;1313;36;2934.00;167
7122;25;4708857;7122;477;8434;8600;5.70;0.35;338.43;9.53;1312;36;2935.00;166
7124;25;4708872;7124;482;8436;8600;5.71;0.35;338.55;9.59;1312;36;2936.00;164
7128;25;4708894;7128;481;8436;8600;5.69;0.35;338.72;9.59;1308;36;2937.00;164
7134;25;4708910;7134;487;8443;8606;5.68;0.35;338.66;9.65;1309;36;2938.00;163
7137;25;4708926;7137;495;8445;8606;5.66;0.34;338.77;9.75;1308;36;2939.00;161
7140;25;4708944;7140;503;8446;8606;5.59;0.34;338.72;9.76;1306;36;2940.00;160
7143;25;4708959;7143;506;8447;8606;5.50;0.34;338.87;9.81;1304;36;2941.00;159
7144;26;4708975;7144;514;8451;8610;5.45;0.33;338.84;9.81;1307;37;2942.00;159
7146;26;4709008;7146;520;8453;8611;5.44;0.33;338.95;9.86;1307;37;2943.00;158
7146;26;4709056;7146;517;8455;8611;5.46;0.33;338.95;9.92;1309;37;2944.00;156
7148;26;4709070;7148;523;8458;8612;5.42;0.33;339.06;9.98;1310;37;2945.00;154
7150;26;4709085;7150;527;8460;8612;5.41;0.33;339.14;10.03;1310;37;2946.00;152
7150;26;4709099;7150;529;8462;8612;5.37;0.33;339.14;10.08;1312;37;2947.00;150
7153;26;4709112;7153;531;8463;8612;5.34;0.33;339.09;10.13;1310;37;2948.00;149
7155;26;4709126;7155;531;8463;8612;5.31;0.32;339.13;10.13;1308;37;2949.00;149
7158;26;4709141;7158;535;8463;8612;5.31;0.32;339.25;10.13;1305;37;2950.00;149
7159;26;4709157;7159;540;8465;8612;5.32;0.33;339.22;10.23;1306;37;2951.00;147
7164;26;4709178;7164;551;8504;8682;5.40;0.33;339.21;10.18;1340;37;2952.00;178
7168;26;4709199;7168;549;8507;8683;5.39;0.33;339.29;10.23;1339;37;2953.00;176
7171;26;4709215;7171;546;8512;8683;5.41;0.33;339.34;10.28;1341;37;2954.00;171
7173;26;4709230;7173;548;8514;8683;5.41;0.33;339.50;10.33;1341;37;2955.00;169
7174;26;4709245;7174;549;8517;8683;5.45;0.33;339.62;10.32;1343;37;2956.00;166
7176;26;4709261;7176;545;8517;8683;5.46;0.33;339.57;10.32;1341;37;2957.00;166
7180;26;4709276;7180;548;8520;8683;5.49;0.33;339.74;10.37;1340;37;2958.00;163
7181;26;4709291;7181;549;8523;8683;5.50;0.33;339.86;10.37;1342;37;2959.00;160
7182;26;4709305;7182;547;8528;8684;5.51;0.34;339.82;10.42;1346;37;2960.00;156
7186;26;4709320;7186;553;8530;8685;5.48;0.33;339.93;10.42;1344;37;2961.00;155
7188;26;4709335;7188;551;8533;8685;5.44;0.33;339.87;10.47;1345;38;2962.00;152
7192;26;4709358;7192;557;8537;8689;5.39;0.33;339.98;10.47;1345;38;2963.00;152
7195;26;4709375;7195;561;8538;8689;5.32;0.32;340.05;10.47;1343;38;2964.00;151
7197;26;4709391;7197;568;8539;8689;5.27;0.32;340.11;10.51;1342;38;2965.00;150
7198;26;4709406;7198;566;8539;8689;5.21;0.32;340.12;10.51;1341;38;2966.00;150
7202;26;4709420;7202;578;8545;8695;5.14;0.31;340.26;10.61;1343;38;2967.00;150
7203;26;4709436;7203;583;8546;8695;5.03;0.31;340.26;10.66;1343;38;2968.00;149
7208;26;4709450;7208;589;8547;8695;4.89;0.30;340.45;10.70;1339;38;2969.00;148
7212;26;4709466;7212;576;8550;8701;4.80;0.29;340.62;10.70;1338;38;2970.00;151
7212;26;4709481;7212;581;8552;8701;4.70;0.29;340.62;10.79;1340;38;2971.00;149
7217;26;4709497;7217;578;8553;8701;4.58;0.28;340.81;10.79;1336;38;2972.00;148
7219;26;4709511;7219;580;8553;8702;4.55;0.28;340.83;10.79;1334;38;2973.00;149
7224;26;4709526;7224;586;8556;8703;4.50;0.28;340.94;10.88;1332;38;2974.00;147
7230;26;4709542;7230;580;8556;8703;4.43;0.27;341.04;10.88;1326;38;2975.00;147
7233;26;4709557;7233;590;8564;8716;4.44;0.27;341.06;10.87;1331;38;2976.00;152
7237;26;4709573;7237;591;8565;8716;4.39;0.27;341.06;10.87;1328;38;2977.00;151
7240;26;4709587;7240;586;8566;8716;4.36;0.27;341.08;10.87;1326;38;2978.00;150
7244;26;4709602;7244;587;8566;8717;4.31;0.26;341.15;10.87;1322;38;2979.00;151
7247;26;4709622;7247;581;8566;8717;4.29;0.26;341.14;10.87;1319;39;2980.00;151
7249;26;4709645;7249;578;8569;8721;4.29;0.26;341.23;10.87;1320;39;2981.00;152
7252;26;4709662;7252;573;8569;8721;4.24;0.26;341.19;10.87;1317;39;2982.00;152
7256;26;4709677;7256;586;8572;8725;4.23;0.26;341.29;10.86;1316;39;2983.00;153
7260;26;4709693;7260;583;8572;8725;4.21;0.26;341.26;10.86;1312;39;2984.00;153
7265;26;4709708;7265;577;8573;8725;4.19;0.26;341.21;10.87;1308;39;2985.00;152
7269;26;4709723;7269;589;8573;8725;4.21;0.26;341.33;10.87;1304;39;2986.00;152
7273;26;4709744;7273;589;8573;8725;4.22;0.26;341.29;10.87;1300;39;2987.00;152
7278;26;4709760;7278;594;8581;8737;4.29;0.26;341.19;10.86;1303;39;2988.00;156
7280;26;4709775;7280;593;8581;8737;4.31;0.26;341.15;10.86;1301;39;2989.00;156
7283;26;4709791;7283;595;8582;8737;4.35;0.27;341.07;10.86;1299;39;2990.00;155
7286;26;4709806;7286;589;8582;8737;4.36;0.27;341.08;10.86;1296;39;2991.00;155
7293;26;4709820;7293;590;8582;8737;4.35;0.27;341.01;10.86;1289;39;2992.00;155
7295;26;4709834;7295;595;8582;8737;4.37;0.27;340.98;10.86;1287;39;2993.00;155
7298;26;4709848;7298;596;8582;8738;4.37;0.27;340.93;10.86;1284;39;2994.00;156
7301;26;4709861;7301;596;8582;8738;4.39;0.27;340.94;10.86;1281;39;2995.00;156
7303;26;4709876;7303;590;8586;8744;4.39;0.27;340.89;10.85;1283;39;2996.00;158
7307;26;4709890;7307;589;8586;8745;4.36;0.27;340.88;10.85;1279;39;2997.00;159
7311;26;4709904;7311;587;8586;8745;4.31;0.27;340.94;10.85;1275;39;2998.00;159
7312;26;4709917;7312;594;8586;8745;4.29;0.26;340.96;10.85;1274;39;2999.00;159
7317;26;4709933;7317;600;8593;8765;4.28;0.26;340.92;10.84;1276;39;3000.00;172
7322;26;4709953;7322;604;8593;8765;4.19;0.26;340.85;10.84;1271;39;3001.00;172
7325;26;4709966;7325;605;8594;8765;4.20;0.26;340.89;10.90;1269;39;3002.00;171
7328;26;4709979;7328;608;8595;8766;4.18;0.26;340.88;10.90;1267;39;3003.00;171
7330;26;4709992;7330;609;8601;8770;4.20;0.26;340.93;10.90;1271;39;3004.00;169
7334;26;4710012;7334;606;8601;8770;4.20;0.26;340.95;10.90;1267;39;3005.00;169
7340;26;4710026;7340;609;8604;8773;4.15;0.25;340.89;10.90;1264;39;3006.00;169
7345;26;4710041;7345;598;8605;8773;4.12;0.25;340.95;10.90;1260;39;3007.00;168
7350;26;4710056;7350;592;8605;8773;4.13;0.25;340.98;10.90;1255;39;3008.00;168
7352;26;4710070;7352;592;8607;8773;4.17;0.26;341.06;10.91;1255;39;3009.00;166
7355;26;4710083;7355;589;8610;8777;4.21;0.26;341.12;10.91;1255;39;3010.00;167
7359;26;4710096;7359;587;8610;8777;4.22;0.26;341.15;10.91;1251;39;3011.00;167
7359;26;4710109;7359;582;8614;8777;4.29;0.26;341.15;10.91;1255;39;3012.00;163
7365;26;4710122;7365;581;8614;8777;4.28;0.26;341.17;10.91;1249;39;3013.00;163
7365;26;4710135;7365;574;8614;8778;4.33;0.26;341.17;10.91;1249;39;3014.00;164
7371;26;4710149;7371;575;8618;8780;4.33;0.26;341.25;10.92;1247;39;3015.00;162
7375;26;4710162;7375;579;8619;8780;4.34;0.26;341.40;10.92;1244;39;3016.00;161
7375;26;4710175;7375;561;8620;8781;4.38;0.27;341.40;10.92;1245;39;3017.00;161
7379;26;4710188;7379;553;8622;8781;4.41;0.27;341.40;10.92;1243;39;3018.00;159
7380;26;4710202;7380;545;8623;8781;4.46;0.27;341.41;10.92;1243;39;3019.00;158
7381;26;4710215;7381;540;8625;8781;4.50;0.27;341.42;10.93;1244;39;3020.00;156
7384;26;4710228;7384;543;8625;8781;4.56;0.28;341.51;10.93;1241;39;3021.00;156
7385;26;4710243;7385;536;8627;8781;4.63;0.28;341.51;10.93;1242;39;3022.00;154
7386;26;4710256;7386;533;8627;8781;4.65;0.28;341.52;10.93;1241;39;3023.00;154
7389;26;4710270;7389;552;8693;8908;4.96;0.31;341.56;10.85;1304;39;3024.00;215
7389;26;4710294;7389;545;8698;8909;5.04;0.31;341.56;10.84;1309;39;3025.00;211
7391;26;4710309;7391;531;8706;8909;5.11;0.31;341.56;10.83;1315;39;3026.00;203
7393;26;4710325;7393;526;8709;8909;5.14;0.32;341.67;10.83;1316;39;3027.00;200
7399;26;4710341;7399;506;8712;8909;5.14;0.32;341.82;10.83;1313;39;3028.00;197
7400;26;4710357;7400;499;8717;8909;5.20;0.32;341.87;10.83;1317;39;3029.00;192
7401;26;4710378;7401;499;8719;8909;5.23;0.32;341.90;10.83;1318;39;3030.00;190
7404;26;4710394;7404;497;8722;8909;5.25;0.32;341.90;10.83;1318;39;3031.00;187
7408;26;4710410;7408;493;8723;8910;5.23;0.32;342.05;10.83;1315;39;3032.00;187
7410;26;4710425;7410;485;8726;8911;5.23;0.32;342.04;10.83;1316;39;3033.00;185
7412;26;4710440;7412;492;8728;8911;5.22;0.32;342.04;10.82;1316;39;3034.00;183
7412;26;4710455;7412;500;8731;8912;5.24;0.32;342.04;10.82;1319;39;3035.00;181
7415;26;4710470;7415;510;8736;8912;5.21;0.32;342.21;10.83;1321;39;3036.00;176
7416;26;4710485;7416;500;8740;8912;5.24;0.32;342.26;10.89;1324;39;3037.00;172
7420;26;4710500;7420;497;8744;8912;5.25;0.32;342.29;10.89;1324;39;3038.00;168
7423;26;4710515;7423;495;8747;8916;5.26;0.32;342.39;10.88;1324;39;3039.00;169
7425;26;4710530;7425;488;8749;8916;5.28;0.32;342.44;10.88;1324;39;3040.00;167
7430;26;4710546;7430;488;8749;8916;5.26;0.32;342.52;10.88;1319;39;3041.00;167
7434;26;4710560;7434;485;8752;8919;5.28;0.32;342.52;10.88;1318;39;3042.00;167
7436;26;4710576;7436;478;8752;8919;5.27;0.32;342.57;10.88;1316;39;3043.00;167
7438;26;4710591;7438;479;8753;8919;5.30;0.32;342.59;10.88;1315;39;3044.00;166
7440;26;4710605;7440;481;8757;8923;5.32;0.32;342.75;10.88;1317;39;3045.00;166
7443;26;4710620;7443;482;8759;8924;5.30;0.32;342.77;10.88;1316;39;3046.00;165
7446;26;4710635;7446;481;8760;8924;5.29;0.32;342.71;10.88;1314;39;3047.00;164
7447;26;4710650;7447;485;8763;8928;5.32;0.33;342.73;10.88;1316;39;3048.00;165
7450;26;4710665;7450;487;8764;8928;5.29;0.32;342.75;10.88;1314;39;3049.00;164
7453;26;4710680;7453;485;8766;8928;5.29;0.32;342.86;10.88;1313;39;3050.00;162
7454;26;4710694;7454;486;8767;8929;5.28;0.32;343.00;10.88;1313;39;3051.00;162
7455;26;4710709;7455;491;8767;8929;5.26;0.32;342.99;10.88;1312;39;3052.00;162
7457;26;4710724;7457;493;8772;8935;5.24;0.32;343.07;10.87;1315;39;3053.00;163
7458;26;4710739;7458;495;8772;8935;5.25;0.32;343.04;10.87;1314;39;3054.00;163
7460;26;4710754;7460;497;8773;8936;5.22;0.32;343.06;10.93;1313;39;3055.00;163
7462;26;4710769;7462;490;8773;8936;5.17;0.32;343.24;10.93;1311;39;3056.00;163
7465;26;4710783;7465;490;8773;8936;5.18;0.32;343.43;10.93;1308;39;3057.00;163
7468;26;4710798;7468;486;8773;8936;5.18;0.32;343.46;10.93;1305;39;3058.00;163
7470;26;4710812;7470;485;8773;8936;5.18;0.32;343.49;10.93;1303;39;3059.00;163
7473;26;4710828;7473;485;8799;8972;5.29;0.32;343.55;10.90;1326;39;3060.00;173
7475;26;4710846;7475;481;8801;8972;5.34;0.33;343.54;10.90;1326;39;3061.00;171
7478;26;4710861;7478;480;8802;8972;5.37;0.33;343.60;10.90;1324;39;3062.00;170
7481;26;4710877;7481;474;8802;8972;5.40;0.33;343.65;10.90;1321;39;3063.00;170
7483;26;4710892;7483;462;8803;8972;5.42;0.33;343.67;10.90;1320;39;3064.00;169
7486;26;4710906;7486;463;8804;8972;5.44;0.33;343.69;10.90;1318;39;3065.00;168
7489;26;4710921;7489;454;8807;8976;5.47;0.33;343.69;10.89;1318;39;3066.00;169
7491;26;4710936;7491;449;8807;8976;5.48;0.33;343.64;10.89;1316;39;3067.00;169
7493;26;4710951;7493;443;8812;8980;5.50;0.34;343.66;10.95;1319;39;3068.00;168
7494;26;4710966;7494;449;8813;8981;5.53;0.34;343.69;10.95;1319;39;3069.00;168
7497;26;4710980;7497;445;8813;8981;5.55;0.34;343.74;10.95;1316;39;3070.00;168
7498;26;4710995;7498;453;8813;8981;5.60;0.34;343.83;10.95;1315;39;3071.00;168
7500;26;4711009;7500;454;8823;8994;5.59;0.34;343.91;10.94;1323;39;3072.00;171
7502;26;4711025;7502;461;8823;8994;5.58;0.34;343.85;10.94;1321;39;3073.00;171
7505;26;4711041;7505;463;8823;8994;5.59;0.34;343.96;10.94;1318;39;3074.00;171
7510;26;4711056;7510;460;8825;8995;5.57;0.34;343.97;10.99;1315;39;3075.00;170
7511;26;4711074;7511;460;8825;8996;5.67;0.34;344.09;10.99;1314;39;3076.00;171
7517;26;4711089;7517;454;8825;8996;5.70;0.35;344.19;10.99;1308;39;3077.00;171
7520;26;4711105;7520;457;8828;8999;5.72;0.35;344.21;10.99;1308;39;3078.00;171
7526;26;4711120;7526;451;8829;8999;5.72;0.35;344.27;10.99;1303;39;3079.00;170
7530;26;4711135;7530;460;8829;8999;5.70;0.35;344.30;10.99;1299;39;3080.00;170
7532;26;4711151;7532;458;8829;8999;5.71;0.35;344.43;10.99;1297;39;3081.00;170
7535;26;4711166;7535;454;8834;9005;5.73;0.35;344.61;10.98;1299;39;3082.00;171
7536;26;4711181;7536;453;8834;9005;5.72;0.35;344.59;10.98;1298;39;3083.00;171
7538;26;4711195;7538;453;8834;9005;5.70;0.35;344.72;10.98;1296;39;3084.00;171
7542;26;4711209;7542;452;8834;9005;5.67;0.35;344.69;10.98;1292;39;3085.00;171
7544;26;4711223;7544;459;8837;9009;5.65;0.34;344.66;10.98;1293;39;3086.00;172
7547;26;4711238;7547;458;8838;9010;5.63;0.34;344.64;10.98;1291;39;3087.00;172
7549;26;4711253;7549;461;8838;9010;5.68;0.35;344.73;10.98;1289;39;3088.00;172
7551;26;4711268;7551;452;8839;9011;5.71;0.35;344.72;10.98;1288;39;3089.00;172
7555;26;4711285;7555;452;8839;9011;5.74;0.35;344.88;10.98;1284;39;3090.00;172
7556;26;4711301;7556;452;8839;9011;5.76;0.35;344.87;10.98;1283;39;3091.00;172
7560;26;4711317;7560;453;8839;9011;5.71;0.35;344.92;10.98;1279;39;3092.00;172
7561;26;4711332;7561;451;8839;9011;5.68;0.35;344.96;10.98;1278;39;3093.00;172
7562;26;4711346;7562;453;8839;9011;5.66;0.34;344.94;10.98;1277;39;3094.00;172
7565;26;4711361;7565;459;8839;9011;5.64;0.34;344.88;10.98;1274;39;3095.00;172
7567;26;4711377;7567;465;8874;9081;5.76;0.35;344.84;10.93;1307;39;3096.00;207
7572;26;4711399;7572;464;8877;9082;5.72;0.35;344.78;10.93;1305;39;3097.00;205
7572;26;4711415;7572;476;8885;9082;5.73;0.35;344.78;10.92;1313;39;3098.00;197
7577;26;4711430;7577;480;8887;9082;5.69;0.35;345.04;10.92;1310;39;3099.00;195
7579;26;4711446;7579;482;8891;9082;5.69;0.35;344.99;10.97;1312;39;3100.00;191
7580;26;4711466;7580;485;8894;9082;5.67;0.35;345.05;10.97;1314;39;3101.00;188
7582;26;4711480;7582;495;8897;9082;5.65;0.35;345.09;10.97;1315;39;3102.00;185
7586;26;4711499;7586;497;8899;9082;5.58;0.34;345.28;10.97;1313;39;3103.00;183
7590;26;4711519;7590;492;8901;9083;5.53;0.34;345.42;11.02;1311;39;3104.00;182
7595;26;4711533;7595;505;8906;9085;5.48;0.33;345.46;11.02;1311;39;3105.00;179
7596;26;4711553;7596;507;8909;9085;5.42;0.33;345.60;11.08;1313;39;3106.00;176
7599;26;4711566;7599;517;8913;9089;5.41;0.33;345.80;11.07;1314;39;3107.00;176
7603;26;4711581;7603;524;8915;9089;5.37;0.33;345.81;11.13;1312;39;3108.00;174
7606;26;4711594;7606;529;8915;9089;5.30;0.32;346.09;11.13;1309;39;3109.00;174
7609;26;4711607;7609;533;8915;9089;5.28;0.32;346.02;11.13;1306;39;3110.00;174
7611;26;4711621;7611;532;8921;9095;5.33;0.33;346.10;11.18;1310;39;3111.00;174
7613;26;4711637;7613;533;8922;9095;5.28;0.32;346.20;11.24;1309;39;3112.00;173
7615;26;4711652;7615;544;8923;9095;5.23;0.32;346.41;11.30;1308;39;3113.00;172
7620;26;4711666;7620;548;8925;9098;5.15;0.32;346.62;11.29;1305;39;3114.00;173
7622;26;4711682;7622;555;8925;9098;5.10;0.31;346.65;11.29;1303;39;3115.00;173
7625;26;4711696;7625;563;8927;9098;5.06;0.31;346.57;11.35;1302;39;3116.00;171
7627;26;4711712;7627;565;8927;9099;5.03;0.31;346.61;11.35;1300;39;3117.00;172
7630;26;4711726;7630;571;8929;9100;4.99;0.31;346.64;11.41;1299;39;3118.00;171
7633;26;4711741;7633;570;8929;9100;4.96;0.30;346.58;11.41;1296;39;3119.00;171
7634;26;4711757;7634;579;8948;9126;4.98;0.30;346.58;11.44;1314;39;3120.00;178
7639;26;4711775;7639;579;8948;9126;4.93;0.30;346.63;11.44;1309;39;3121.00;178
7639;26;4711790;7639;583;8952;9126;4.90;0.30;346.63;11.49;1313;39;3122.00;174
7641;26;4711803;7641;584;8954;9127;4.88;0.30;346.71;11.49;1313;39;3123.00;173
7644;26;4711816;7644;581;8955;9127;4.81;0.29;346.72;11.55;1311;39;3124.00;172
7648;26;4711829;7648;581;8959;9131;4.79;0.29;346.81;11.54;1311;39;3125.00;172
7650;26;4711843;7650;585;8961;9131;4.79;0.29;346.85;11.65;1311;39;3126.00;170
7653;26;4711856;7653;589;8964;9135;4.73;0.29;346.94;11.65;1311;39;3127.00;171
7656;26;4711869;7656;598;8964;9135;4.66;0.29;346.91;11.65;1308;39;3128.00;171
7656;26;4711881;7656;604;8964;9135;4.61;0.28;346.91;11.65;1308;39;3129.00;171
7658;26;4711895;7658;606;8964;9135;4.54;0.28;346.85;11.65;1306;39;3130.00;171
7660;26;4711908;7660;612;8964;9135;4.43;0.27;346.80;11.65;1304;39;3131.00;171
7669;26;4711920;7669;611;8974;9147;4.34;0.27;346.69;11.63;1305;39;3132.00;173
7670;26;4711934;7670;625;8974;9147;4.26;0.26;346.74;11.63;1304;39;3133.00;173
7674;26;4711946;7674;622;8975;9147;4.14;0.25;346.68;11.63;1301;39;3134.00;172
7679;26;4711958;7679;614;8975;9147;4.05;0.25;346.61;11.63;1296;39;3135.00;172
7684;26;4711971;7684;609;8975;9147;3.96;0.24;346.50;11.63;1291;39;3136.00;172
7687;26;4711983;7687;601;8975;9147;3.93;0.24;346.53;11.63;1288;39;3137.00;172
7689;26;4711994;7689;595;8975;9148;3.92;0.24;346.51;11.63;1286;39;3138.00;173
7692;26;4712007;7692;594;8975;9148;3.92;0.24;346.57;11.63;1283;39;3139.00;173
7695;26;4712019;7695;595;8980;9154;3.98;0.24;346.54;11.63;1285;39;3140.00;174
7698;26;4712032;7698;595;8981;9155;3.94;0.24;346.49;11.63;1283;39;3141.00;174
7700;26;4712045;7700;594;8981;9155;3.93;0.24;346.61;11.63;1281;39;3142.00;174
7701;26;4712058;7701;587;8981;9155;3.94;0.24;346.58;11.63;1280;39;3143.00;174
7706;26;4712070;7706;585;8984;9159;3.91;0.24;346.60;11.62;1278;39;3144.00;175
7708;26;4712083;7708;581;8984;9159;3.89;0.24;346.56;11.62;1276;39;3145.00;175
7709;26;4712095;7709;576;8984;9159;3.86;0.24;346.56;11.62;1275;39;3146.00;175
7712;26;4712108;7712;579;8985;9160;3.85;0.23;346.63;11.62;1273;39;3147.00;175
7715;26;4712121;7715;573;8988;9164;3.84;0.23;346.56;11.62;1273;39;3148.00;176
7717;26;4712134;7717;576;8988;9164;3.85;0.24;346.53;11.62;1271;39;3149.00;176
7719;26;4712148;7719;576;8993;9170;3.90;0.24;346.50;11.61;1274;39;3150.00;177
7721;26;4712161;7721;580;8993;9170;3.94;0.24;346.57;11.61;1272;39;3151.00;177
7722;26;4712173;7722;578;8994;9170;4.00;0.24;346.56;11.61;1272;39;3152.00;176
7725;26;4712186;7725;574;8994;9170;4.04;0.25;346.49;11.61;1269;39;3153.00;176
7728;26;4712199;7728;565;8998;9174;4.09;0.25;346.50;11.61;1270;39;3154.00;176
7731;26;4712212;7731;556;8998;9174;4.15;0.25;346.47;11.61;1267;39;3155.00;176
7737;26;4712226;7737;546;8998;9174;4.17;0.25;346.56;11.61;1261;39;3156.00;176
7740;26;4712239;7740;536;8998;9174;4.21;0.26;346.65;11.61;1258;39;3157.00;176
7743;26;4712253;7743;530;8998;9175;4.23;0.26;346.66;11.61;1255;39;3158.00;177
7745;26;4712266;7745;526;8999;9176;4.22;0.26;346.61;11.60;1254;39;3159.00;177
7747;26;4712279;7747;517;8999;9176;4.24;0.26;346.67;11.60;1252;39;3160.00;177
7748;26;4712291;7748;511;9000;9177;4.30;0.26;346.66;11.60;1252;39;3161.00;177
7753;26;4712304;7753;520;9000;9177;4.31;0.26;346.71;11.60;1247;39;3162.00;177
7755;26;4712319;7755;518;9000;9177;4.33;0.26;346.68;11.60;1245;39;3163.00;177
7757;26;4712338;7757;514;9000;9177;4.34;0.26;346.66;11.60;1243;39;3164.00;177
7760;26;4712358;7760;514;9000;9177;4.36;0.26;346.63;11.60;1240;39;3165.00;177
7764;26;4712371;7764;508;9000;9177;4.31;0.26;346.69;11.60;1236;39;3166.00;177
7766;26;4712384;7766;504;9000;9177;4.32;0.26;346.72;11.60;1234;39;3167.00;177
7767;26;4712397;7767;507;9070;9304;4.74;0.29;346.69;11.51;1303;39;3168.00;234
7770;26;4712421;7770;498;9075;9305;4.74;0.29;346.64;11.51;1305;39;3169.00;230
7772;26;4712436;7772;490;9081;9305;4.79;0.30;346.67;11.50;1309;39;3170.00;224
7774;26;4712450;7774;484;9085;9305;4.86;0.30;346.68;11.50;1311;39;3171.00;220
7776;26;4712464;7776;487;9088;9305;4.91;0.30;346.71;11.50;1312;39;3172.00;217
7778;26;4712477;7778;482;9091;9305;4.95;0.31;346.74;11.49;1313;39;3173.00;214
7785;26;4712491;7785;485;9094;9305;4.93;0.30;346.89;11.56;1309;39;3174.00;211
7790;26;4712506;7790;487;9098;9305;4.91;0.30;347.02;11.56;1308;39;3175.00;207
7793;26;4712520;7793;485;9100;9306;4.91;0.30;347.08;11.56;1307;39;3176.00;206
7794;26;4712534;7794;483;9102;9307;4.92;0.30;347.09;11.56;1308;39;3177.00;205
7796;26;4712550;7796;497;9104;9307;4.84;0.30;347.08;11.56;1308;39;3178.00;203
7799;26;4712563;7799;506;9107;9308;4.79;0.29;347.16;11.56;1308;39;3179.00;201
7803;26;4712580;7803;508;9109;9308;4.76;0.29;347.16;11.56;1306;39;3180.00;199
7804;26;4712594;7804;523;9111;9308;4.70;0.29;347.30;11.56;1307;39;3181.00;197
7807;26;4712608;7807;520;9112;9308;4.70;0.29;347.40;11.56;1305;39;3182.00;196
7808;26;4712622;7808;520;9115;9312;4.71;0.29;347.39;11.56;1307;39;3183.00;197
7811;26;4712637;7811;519;9117;9312;4.66;0.28;347.55;11.55;1306;39;3184.00;195
7812;26;4712653;7812;520;9120;9312;4.68;0.29;347.51;11.63;1308;39;3185.00;192
7819;26;4712667;7819;514;9122;9315;4.62;0.28;347.66;11.63;1303;39;3186.00;193
7822;26;4712683;7822;511;9123;9315;4.59;0.28;347.69;11.63;1301;39;3187.00;192
7826;26;4712698;7826;510;9125;9315;4.59;0.28;347.95;11.63;1299;39;3188.00;190
7827;26;4712718;7827;516;9128;9319;4.61;0.28;348.04;11.63;1301;39;3189.00;191
7828;26;4712732;7828;510;9129;9320;4.62;0.28;348.10;11.63;1301;39;3190.00;191
7831;26;4712752;7831;504;9133;9322;4.63;0.28;348.21;11.62;1302;39;3191.00;189
7834;26;4712767;7834;493;9136;9326;4.71;0.29;348.27;11.62;1302;39;3192.00;190
7837;26;4712781;7837;480;9139;9326;4.75;0.29;348.27;11.68;1302;39;3193.00;187
7838;26;4712801;7838;468;9139;9326;4.77;0.29;348.23;11.68;1301;39;3194.00;187
7840;26;4712815;7840;462;9141;9328;4.81;0.29;348.28;11.68;1301;39;3195.00;187
7842;26;4712830;7842;453;9141;9328;4.82;0.29;348.27;11.68;1299;39;3196.00;187
7843;26;4712844;7843;462;9146;9334;4.80;0.29;348.29;11.68;1303;39;3197.00;188
7844;26;4712860;7844;464;9146;9334;4.81;0.29;348.33;11.68;1302;39;3198.00;188
7845;26;4712874;7845;461;9146;9335;4.84;0.30;348.42;11.68;1301;39;3199.00;189
7847;26;4712895;7847;467;9146;9335;4.84;0.30;348.46;11.68;1299;39;3200.00;189
7850;26;4712914;7850;469;9146;9335;4.80;0.29;348.65;11.68;1296;39;3201.00;189
7854;26;4712929;7854;465;9146;9335;4.80;0.29;348.73;11.68;1292;39;3202.00;189
7857;26;4712944;7857;463;9146;9335;4.80;0.29;348.78;11.68;1289;39;3203.00;189
7858;26;4712958;7858;459;9156;9347;4.88;0.30;348.82;11.73;1298;39;3204.00;191
7859;26;4712974;7859;461;9157;9347;4.96;0.30;348.92;11.73;1298;39;3205.00;190
7862;26;4712989;7862;456;9158;9347;5.02;0.31;348.97;11.73;1296;39;3206.00;189
7864;26;4713004;7864;463;9158;9347;5.10;0.31;348.96;11.73;1294;39;3207.00;189
7865;26;4713019;7865;468;9158;9347;5.15;0.31;349.01;11.73;1293;39;3208.00;189
7868;26;4713034;7868;465;9158;9347;5.22;0.32;349.09;11.73;1290;39;3209.00;189
7869;26;4713051;7869;466;9161;9351;5.31;0.32;349.10;11.72;1292;39;3210.00;190
7873;26;4713066;7873;462;9161;9351;5.33;0.32;349.13;11.72;1288;40;3211.00;190
7877;26;4713089;7877;456;9165;9355;5.37;0.33;349.16;11.72;1288;40;3212.00;190
7878;26;4713104;7878;460;9166;9356;5.42;0.33;349.25;11.72;1288;40;3213.00;190
7879;26;4713119;7879;465;9166;9356;5.50;0.33;349.27;11.72;1287;40;3214.00;190
7884;27;4713133;7884;467;9167;9356;5.49;0.33;349.41;11.78;1283;41;3215.00;189
7885;27;4713156;7885;471;9178;9369;5.56;0.34;349.45;11.77;1293;41;3216.00;191
7886;27;4713176;7886;470;9178;9369;5.58;0.34;349.48;11.77;1292;41;3217.00;191
7888;27;4713190;7888;479;9178;9369;5.58;0.34;349.53;11.77;1290;41;3218.00;191
7890;27;4713205;7890;486;9179;9370;5.60;0.34;349.58;11.76;1289;41;3219.00;191
7893;27;4713220;7893;488;9179;9371;5.60;0.34;349.66;11.76;1286;41;3220.00;192
7894;27;4713234;7894;493;9179;9371;5.58;0.34;349.71;11.76;1285;41;3221.00;192
7896;27;4713249;7896;496;9181;9374;5.57;0.34;349.70;11.76;1285;41;3222.00;193
7898;27;4713263;7898;495;9181;9374;5.53;0.34;349.66;11.76;1283;41;3223.00;193
7902;27;4713278;7902;503;9182;9374;5.53;0.33;349.71;11.76;1280;41;3224.00;192
7903;27;4713292;7903;498;9182;9374;5.51;0.33;349.73;11.76;1279;41;3225.00;192
7904;27;4713306;7904;490;9187;9380;5.48;0.33;349.77;11.75;1283;41;3226.00;193
7906;27;4713321;7906;487;9187;9380;5.45;0.33;349.76;11.75;1281;41;3227.00;193
7910;27;4713335;7910;497;9187;9380;5.42;0.33;349.77;11.75;1277;41;3228.00;193
7911;27;4713349;7911;490;9187;9380;5.41;0.33;349.81;11.75;1276;41;3229.00;193
7914;27;4713364;7914;473;9190;9384;5.41;0.33;349.83;11.75;1276;41;3230.00;194
7916;27;4713379;7916;471;9191;9385;5.43;0.33;349.94;11.75;1275;41;3231.00;194
7919;27;4713393;7919;461;9191;9385;5.46;0.33;350.03;11.75;1272;41;3232.00;194
7923;27;4713408;7923;454;9192;9386;5.51;0.33;350.07;11.75;1269;41;3233.00;194
7924;27;4713422;7924;446;9192;9386;5.58;0.34;350.16;11.75;1268;41;3234.00;194
7931;27;4713436;7931;436;9192;9386;5.57;0.34;350.20;11.75;1261;41;3235.00;194
7933;27;4713451;7933;432;9192;9386;5.58;0.34;350.26;11.75;1259;41;3236.00;194
7938;27;4713464;7938;433;9192;9386;5.54;0.34;350.30;11.75;1254;41;3237.00;194
7943;27;4713479;7943;429;9192;9386;5.51;0.33;350.38;11.75;1249;41;3238.00;194
7944;27;4713493;7944;430;9192;9386;5.48;0.33;350.39;11.75;1248;41;3239.00;194
7952;27;4713509;7952;445;9254;9511;5.56;0.34;350.45;11.80;1302;41;3240.00;257
7956;27;4713534;7956;436;9256;9512;5.52;0.34;350.52;11.80;1300;41;3241.00;256
7959;27;4713550;7959;438;9263;9512;5.57;0.34;350.52;11.79;1304;41;3242.00;249
7963;27;4713565;7963;442;9264;9512;5.53;0.34;350.61;11.79;1301;41;3243.00;248
7966;27;4713579;7966;446;9270;9512;5.52;0.34;350.69;11.79;1304;41;3244.00;242
7967;27;4713593;7967;442;9270;9512;5.50;0.34;350.73;11.79;1303;41;3245.00;242
7969;27;4713612;7969;447;9277;9512;5.53;0.34;350.75;11.78;1308;41;3246.00;235
7970;27;4713626;7970;436;9277;9512;5.57;0.34;350.83;11.78;1307;41;3247.00;235
7973;27;4713640;7973;438;9283;9513;5.55;0.34;351.05;11.78;1310;41;3248.00;230
7974;27;4713656;7974;434;9288;9514;5.55;0.34;351.01;11.78;1314;41;3249.00;226
7977;27;4713670;7977;438;9292;9514;5.54;0.34;351.16;11.78;1315;41;3250.00;222
7980;27;4713685;7980;443;9300;9518;5.53;0.34;351.21;11.77;1320;41;3251.00;218
7983;27;4713699;7983;442;9302;9518;5.44;0.33;351.17;11.77;1319;41;3252.00;216
7988;27;4713714;7988;441;9304;9518;5.36;0.33;351.23;11.77;1316;41;3253.00;214
7991;27;4713728;7991;450;9304;9518;5.27;0.32;351.31;11.77;1313;41;3254.00;214
7993;27;4713743;7993;452;9309;9524;5.22;0.32;351.28;11.77;1316;41;3255.00;215
7998;27;4713759;7998;452;9309;9524;5.14;0.32;351.48;11.77;1311;41;3256.00;215
8001;27;4713774;8001;464;9309;9524;5.08;0.31;351.46;11.77;1308;41;3257.00;215
8003;27;4713788;8003;468;9311;9527;5.04;0.31;351.56;11.76;1308;41;3258.00;216
8006;27;4713802;8006;474;9311;9527;5.03;0.31;351.60;11.76;1305;41;3259.00;216
8008;27;4713817;8008;479;9311;9527;5.01;0.31;351.70;11.76;1303;41;3260.00;216
8012;27;4713831;8012;486;9312;9528;4.93;0.30;351.78;11.76;1300;41;3261.00;216
8016;27;4713845;8016;503;9313;9529;4.91;0.30;351.73;11.76;1297;41;3262.00;216
8017;27;4713860;8017;500;9313;9529;4.92;0.30;351.73;11.76;1296;41;3263.00;216
8019;27;4713873;8019;507;9322;9542;4.98;0.30;351.78;11.75;1303;41;3264.00;220
8024;27;4713888;8024;509;9325;9542;4.98;0.30;351.80;11.88;1301;41;3265.00;217
8026;27;4713902;8026;521;9325;9542;5.00;0.30;351.86;11.88;1299;41;3266.00;217
8027;27;4713916;8027;523;9327;9543;4.99;0.30;351.92;11.94;1300;41;3267.00;216
8030;27;4713930;8030;527;9329;9543;4.95;0.30;351.90;12.01;1299;41;3268.00;214
8031;27;4713944;8031;526;9332;9547;5.00;0.31;351.87;12.01;1301;41;3269.00;215
8033;27;4713959;8033;532;9333;9547;4.93;0.30;351.87;12.00;1300;41;3270.00;214
8037;27;4713973;8037;533;9337;9551;4.87;0.30;351.99;12.07;1300;41;3271.00;214
8038;27;4713987;8038;532;9337;9551;4.83;0.29;352.01;12.07;1299;41;3272.00;214
8041;27;4714001;8041;543;9339;9551;4.77;0.29;352.08;12.19;1298;41;3273.00;212
8043;27;4714014;8043;551;9339;9551;4.70;0.29;352.02;12.19;1296;41;3274.00;212
8046;27;4714027;8046;552;9339;9551;4.65;0.28;351.97;12.19;1293;41;3275.00;212
8047;27;4714041;8047;556;9352;9563;4.68;0.29;352.00;12.31;1305;41;3276.00;211
8053;27;4714056;8053;566;9352;9563;4.56;0.28;351.99;12.31;1299;41;3277.00;211
8053;27;4714070;8053;569;9352;9563;4.56;0.28;351.99;12.31;1299;41;3278.00;211
8056;27;4714083;8056;579;9354;9563;4.48;0.28;351.99;12.43;1298;41;3279.00;209
8060;27;4714095;8060;593;9354;9563;4.41;0.27;351.92;12.43;1294;41;3280.00;209
8062;27;4714109;8062;594;9354;9563;4.35;0.27;351.86;12.43;1292;41;3281.00;209
8063;27;4714121;8063;601;9355;9564;4.27;0.26;351.90;12.50;1292;41;3282.00;209
8065;27;4714134;8065;611;9355;9564;4.16;0.26;351.82;12.50;1290;41;3283.00;209
8067;27;4714153;8067;607;9361;9570;4.14;0.25;351.76;12.55;1294;41;3284.00;209
8067;27;4714165;8067;614;9363;9572;4.10;0.25;351.76;12.55;1296;41;3285.00;209
8070;27;4714178;8070;614;9363;9572;4.03;0.25;351.71;12.55;1293;41;3286.00;209
8072;27;4714190;8072;618;9364;9572;4.00;0.25;351.74;12.61;1292;42;3287.00;208
8073;27;4714211;8073;618;9367;9576;4.00;0.25;351.70;12.61;1294;42;3288.00;209
8077;27;4714225;8077;618;9367;9576;3.98;0.25;351.72;12.61;1290;42;3289.00;209
8077;27;4714237;8077;619;9367;9576;3.97;0.24;351.72;12.61;1290;42;3290.00;209
8082;27;4714249;8082;622;9369;9577;3.92;0.24;351.59;12.67;1287;42;3291.00;208
8082;27;4714261;8082;622;9372;9581;3.93;0.24;351.59;12.67;1290;42;3292.00;209
8083;27;4714273;8083;625;9372;9581;3.93;0.24;351.55;12.67;1289;42;3293.00;209
8086;27;4714284;8086;622;9374;9584;3.93;0.24;351.50;12.66;1288;42;3294.00;210
8087;27;4714296;8087;620;9375;9584;3.90;0.24;351.47;12.66;1288;42;3295.00;209
8089;27;4714307;8089;623;9375;9584;3.84;0.24;351.47;12.66;1286;42;3296.00;209
8092;27;4714319;8092;615;9375;9584;3.79;0.23;351.42;12.66;1283;42;3297.00;209
8093;27;4714330;8093;618;9379;9588;3.80;0.23;351.40;12.66;1286;42;3298.00;209
8097;27;4714342;8097;624;9379;9588;3.75;0.23;351.37;12.66;1282;42;3299.00;209
8097;27;4714356;8097;618;9384;9607;3.68;0.23;351.37;12.65;1287;42;3300.00;223
8099;27;4714373;8099;588;9384;9607;3.67;0.23;351.39;12.65;1285;42;3301.00;223
8102;27;4714386;8102;571;9384;9608;3.68;0.23;351.37;12.65;1282;43;3302.00;224
8105;27;4714406;8105;559;9385;9609;3.73;0.23;351.31;12.65;1280;43;3303.00;224
8109;27;4714418;8109;553;9385;9609;3.77;0.23;351.30;12.65;1276;43;3304.00;224
8110;27;4714430;8110;551;9387;9610;3.84;0.24;351.38;12.65;1277;43;3305.00;223
8113;27;4714442;8113;548;9388;9610;3.93;0.24;351.36;12.65;1275;43;3306.00;222
8116;27;4714456;8116;536;9388;9610;4.05;0.25;351.30;12.65;1272;43;3307.00;222
8117;27;4714469;8117;524;9388;9610;4.13;0.25;351.30;12.65;1271;43;3308.00;222
8120;27;4714482;8120;508;9388;9610;4.19;0.26;351.25;12.65;1268;43;3309.00;222
8122;27;4714495;8122;505;9388;9610;4.23;0.26;351.24;12.65;1266;43;3310.00;222
8123;27;4714508;8123;507;9389;9610;4.28;0.26;351.31;12.65;1266;43;3311.00;221
8126;27;4714521;8126;505;9454;9737;4.67;0.29;351.32;12.56;1328;43;3312.00;283
8129;27;4714544;8129;489;9458;9738;4.68;0.29;351.28;12.56;1329;43;3313.00;280
8129;27;4714559;8129;492;9464;9738;4.74;0.29;351.28;12.55;1335;43;3314.00;274
8131;27;4714578;8131;489;9470;9738;4.73;0.29;351.26;12.54;1339;43;3315.00;268
8136;27;4714592;8136;485;9475;9738;4.74;0.29;351.11;12.54;1339;43;3316.00;263
8138;27;4714606;8138;487;9479;9738;4.76;0.29;351.14;12.54;1341;43;3317.00;259
8142;27;4714620;8142;484;9482;9738;4.79;0.30;351.18;12.54;1340;43;3318.00;256
8143;27;4714634;8143;488;9483;9738;4.86;0.30;351.16;12.53;1340;43;3319.00;255
8144;27;4714649;8144;483;9486;9739;4.90;0.30;351.17;12.53;1342;43;3320.00;253
8147;27;4714663;8147;479;9490;9740;4.89;0.30;351.20;12.53;1343;43;3321.00;250
8150;27;4714678;8150;475;9492;9740;4.83;0.30;351.33;12.53;1342;43;3322.00;248
8152;27;4714693;8152;474;9495;9741;4.79;0.29;351.36;12.53;1343;43;3323.00;246
8156;27;4714706;8156;474;9497;9741;4.77;0.29;351.42;12.53;1341;43;3324.00;244
8159;27;4714721;8159;476;9499;9741;4.71;0.29;351.37;12.53;1340;43;3325.00;242
8163;27;4714735;8163;475;9500;9741;4.67;0.29;351.36;12.53;1337;43;3326.00;241
8166;27;4714750;8166;479;9504;9745;4.67;0.29;351.37;12.53;1338;43;3327.00;241
8171;27;4714765;8171;481;9508;9745;4.63;0.28;351.38;12.53;1337;43;3328.00;237
8175;27;4714778;8175;489;9509;9745;4.65;0.29;351.47;12.54;1334;43;3329.00;236
8181;27;4714795;8181;492;9511;9751;4.63;0.28;351.47;12.53;1330;43;3330.00;240
8186;27;4714810;8186;496;9513;9751;4.60;0.28;351.53;12.53;1327;43;3331.00;238
8190;27;4714825;8190;504;9514;9751;4.60;0.28;351.56;12.53;1324;43;3332.00;237
8194;27;4714839;8194;505;9519;9755;4.59;0.28;351.54;12.53;1325;43;3333.00;236
8195;27;4714854;8195;502;9520;9756;4.62;0.28;351.59;12.53;1325;43;3334.00;236
8199;27;4714868;8199;503;9520;9756;4.64;0.28;351.61;12.53;1321;43;3335.00;236
8202;27;4714882;8202;507;9524;9760;4.68;0.29;351.65;12.53;1322;43;3336.00;236
8206;27;4714897;8206;509;9524;9760;4.70;0.29;351.77;12.53;1318;43;3337.00;236
8211;27;4714911;8211;514;9528;9760;4.70;0.29;351.77;12.54;1317;43;3338.00;232
8213;27;4714930;8213;518;9530;9761;4.70;0.29;351.75;12.54;1317;43;3339.00;231
8218;27;4714949;8218;519;9530;9761;4.69;0.29;351.78;12.54;1312;43;3340.00;231
8221;27;4714963;8221;525;9536;9767;4.62;0.28;351.87;12.61;1315;43;3341.00;231
8223;27;4714978;8223;521;9536;9767;4.62;0.28;351.90;12.61;1313;43;3342.00;231
8228;27;4714993;8228;527;9537;9768;4.60;0.28;351.94;12.61;1309;43;3343.00;231
8228;27;4715007;8228;527;9539;9768;4.60;0.28;351.94;12.61;1311;43;3344.00;229
8231;27;4715021;8231;526;9540;9768;4.57;0.28;351.95;12.61;1309;43;3345.00;228
8234;27;4715036;8234;519;9541;9768;4.59;0.28;352.03;12.61;1307;43;3346.00;227
8237;27;4715049;8237;516;9541;9768;4.59;0.28;352.17;12.61;1304;43;3347.00;227
8241;27;4715064;8241;500;9551;9780;4.60;0.28;352.21;12.59;1310;43;3348.00;229
8244;27;4715080;8244;498;9552;9780;4.62;0.28;352.33;12.59;1308;43;3349.00;228
8247;27;4715094;8247;494;9552;9780;4.66;0.28;352.54;12.59;1305;43;3350.00;228
8249;27;4715110;8249;489;9552;9780;4.68;0.29;352.58;12.59;1303;43;3351.00;228
8250;27;4715124;8250;480;9553;9780;4.68;0.29;352.65;12.59;1303;43;3352.00;227
8257;27;4715139;8257;482;9553;9780;4.69;0.28;352.68;12.59;1296;43;3353.00;227
8262;27;4715155;8262;481;9556;9784;4.71;0.29;352.87;12.59;1294;43;3354.00;228
8264;27;4715170;8264;478;9556;9784;4.70;0.28;352.97;12.59;1292;43;3355.00;228
8268;27;4715185;8268;461;9560;9788;4.73;0.29;353.00;12.58;1292;43;3356.00;228
8269;27;4715200;8269;457;9561;9789;4.80;0.29;353.10;12.58;1292;43;3357.00;228
8271;27;4715214;8271;453;9561;9789;4.82;0.29;353.26;12.58;1290;43;3358.00;228
8272;27;4715229;8272;448;9561;9789;4.87;0.29;353.22;12.58;1289;43;3359.00;228
8274;27;4715245;8274;446;9586;9818;4.93;0.30;353.38;12.55;1312;43;3360.00;232
8278;27;4715262;8278;449;9586;9818;4.95;0.30;353.43;12.55;1308;43;3361.00;232
8278;27;4715277;8278;444;9586;9818;4.96;0.30;353.43;12.55;1308;43;3362.00;232
8278;27;4715291;8278;439;9587;9819;5.01;0.30;353.43;12.55;1309;43;3363.00;232
8280;27;4715306;8280;442;9587;9820;5.03;0.31;353.41;12.55;1307;43;3364.00;233
8282;27;4715321;8282;448;9587;9820;5.07;0.31;353.53;12.55;1305;43;3365.00;233
8283;27;4715337;8283;449;9589;9823;5.10;0.31;353.63;12.54;1306;43;3366.00;234
8284;27;4715352;8284;443;9590;9823;5.14;0.31;353.67;12.54;1306;43;3367.00;233
8289;27;4715367;8289;446;9590;9823;5.12;0.31;353.72;12.54;1301;43;3368.00;233
8292;27;4715382;8292;448;9590;9823;5.15;0.31;353.75;12.54;1298;43;3369.00;233
8295;27;4715398;8295;453;9595;9829;5.22;0.32;353.84;12.54;1300;43;3370.00;234
8298;27;4715415;8298;449;9595;9829;5.20;0.32;353.98;12.54;1297;43;3371.00;234
8300;27;4715430;8300;458;9595;9829;5.17;0.31;354.09;12.54;1295;43;3372.00;234
8301;27;4715447;8301;452;9595;9829;5.17;0.31;354.09;12.54;1294;43;3373.00;234
8306;27;4715462;8306;451;9598;9833;5.13;0.31;354.28;12.53;1292;43;3374.00;235
8309;27;4715479;8309;446;9600;9835;5.14;0.31;354.29;12.53;1291;43;3375.00;235
8310;27;4715495;8310;448;9600;9835;5.18;0.32;354.40;12.53;1290;43;3376.00;235
8315;27;4715512;8315;453;9601;9836;5.18;0.32;354.51;12.53;1286;43;3377.00;235
8317;27;4715528;8317;453;9601;9836;5.21;0.32;354.46;12.53;1284;43;3378.00;235
8319;27;4715544;8319;454;9601;9836;5.23;0.32;354.48;12.53;1282;43;3379.00;235
8322;27;4715560;8322;459;9601;9836;5.23;0.32;354.68;12.53;1279;43;3380.00;235
8326;27;4715575;8326;461;9601;9836;5.25;0.32;354.66;12.53;1275;43;3381.00;235
8327;27;4715590;8327;464;9601;9836;5.27;0.32;354.78;12.53;1274;43;3382.00;235
8330;27;4715604;8330;468;9601;9836;5.30;0.32;354.91;12.53;1271;43;3383.00;235
8331;27;4715618;8331;482;9638;9906;5.33;0.32;354.93;12.48;1307;43;3384.00;268
8332;27;4715639;8332;471;9638;9907;5.36;0.33;354.92;12.48;1306;43;3385.00;269
8334;27;4715655;8334;464;9643;9907;5.41;0.33;354.97;12.48;1309;43;3386.00;264
8337;27;4715670;8337;458;9644;9907;5.38;0.33;355.05;12.55;1307;43;3387.00;263
8339;27;4715685;8339;464;9648;9907;5.40;0.33;355.07;12.55;1309;43;3388.00;259
8342;27;4715700;8342;473;9650;9907;5.38;0.33;355.17;12.54;1308;43;3389.00;257
8344;27;4715715;8344;464;9653;9907;5.34;0.32;355.22;12.54;1309;43;3390.00;254
8345;27;4715730;8345;470;9656;9907;5.28;0.32;355.20;12.54;1311;43;3391.00;251
8345;27;4715744;8345;468;9659;9908;5.27;0.32;355.20;12.54;1314;43;3392.00;249
8349;27;4715760;8349;464;9661;9909;5.21;0.32;355.22;12.54;1312;43;3393.00;248
8351;27;4715776;8351;462;9664;9909;5.18;0.31;355.33;12.54;1313;43;3394.00;245
8351;27;4715792;8351;454;9668;9913;5.14;0.31;355.33;12.53;1317;43;3395.00;245
8351;27;4715807;8351;447;9668;9913;5.15;0.31;355.33;12.53;1317;43;3396.00;245
8355;27;4715822;8355;440;9668;9913;5.14;0.31;355.40;12.53;1313;43;3397.00;245
8358;27;4715838;8358;437;9669;9913;5.14;0.31;355.51;12.53;1311;43;3398.00;244
8362;27;4715854;8362;433;9673;9919;5.16;0.31;355.61;12.53;1311;43;3399.00;246
8363;27;4715870;8363;426;9675;9919;5.15;0.31;355.67;12.53;1312;43;3400.00;244
8366;27;4715891;8366;424;9675;9919;5.13;0.31;355.67;12.53;1309;43;3401.00;244
8370;27;4715906;8370;426;9677;9922;5.09;0.31;355.66;12.53;1307;43;3402.00;245
8373;27;4715921;8373;427;9681;9922;5.06;0.31;355.75;12.60;1308;43;3403.00;241
8375;27;4715942;8375;424;9681;9922;5.02;0.30;355.73;12.60;1306;43;3404.00;241
8380;27;4715956;8380;429;9683;9923;4.94;0.30;355.85;12.74;1303;43;3405.00;240
8385;27;4715973;8385;431;9684;9924;4.88;0.30;355.88;12.74;1299;43;3406.00;240
8388;27;4715989;8388;439;9684;9924;4.82;0.29;355.90;12.74;1296;43;3407.00;240
8393;27;4716008;8393;443;9693;9937;4.77;0.29;355.92;12.73;1300;43;3408.00;244
8395;27;4716026;8395;439;9694;9937;4.73;0.29;355.92;12.73;1299;43;3409.00;243
8396;27;4716049;8396;442;9694;9937;4.70;0.29;355.94;12.73;1298;43;3410.00;243
8397;27;4716067;8397;447;9695;9938;4.73;0.29;356.00;12.72;1298;43;3411.00;243
8399;27;4716082;8399;459;9696;9938;4.74;0.29;356.01;12.72;1297;43;3412.00;242
8399;27;4716097;8399;470;9699;9942;4.81;0.29;356.01;12.72;1300;43;3413.00;243
8400;27;4716113;8400;479;9699;9942;4.85;0.29;356.01;12.72;1299;43;3414.00;243
8401;27;4716135;8401;483;9702;9946;4.85;0.29;355.98;12.72;1301;43;3415.00;244
8403;27;4716153;8403;487;9704;9946;4.87;0.30;355.98;12.72;1301;43;3416.00;242
8404;27;4716167;8404;483;9704;9946;4.93;0.30;355.97;12.72;1300;43;3417.00;242
8405;27;4716183;8405;490;9704;9946;4.96;0.30;356.05;12.72;1299;43;3418.00;242
8405;27;4716198;8405;492;9704;9946;4.98;0.30;356.05;12.72;1299;43;3419.00;242
8407;27;4716215;8407;496;9727;9980;5.06;0.31;356.01;12.69;1320;43;3420.00;253
8407;27;4716233;8407;497;9729;9980;5.07;0.31;356.01;12.68;1322;43;3421.00;251
8408;27;4716247;8408;498;9732;9980;5.08;0.31;356.01;12.68;1324;43;3422.00;248
8408;27;4716262;8408;493;9732;9980;5.05;0.31;356.01;12.68;1324;43;3423.00;248
8412;27;4716275;8412;495;9733;9980;5.01;0.31;355.96;12.68;1321;43;3424.00;247
8414;27;4716290;8414;496;9733;9980;4.97;0.31;355.93;12.68;1319;43;3425.00;247
8416;27;4716304;8416;495;9733;9981;4.90;0.30;355.91;12.68;1317;43;3426.00;248
8420;27;4716319;8420;502;9733;9981;4.86;0.30;355.90;12.68;1313;43;3427.00;248
8420;27;4716333;8420;505;9738;9987;4.86;0.30;355.90;12.67;1318;43;3428.00;249
8421;27;4716348;8421;507;9739;9988;4.78;0.29;355.87;12.75;1318;43;3429.00;249
8424;27;4716362;8424;514;9740;9988;4.70;0.29;355.97;12.75;1316;43;3430.00;248
8427;27;4716376;8427;522;9740;9988;4.60;0.28;355.92;12.75;1313;43;3431.00;248
8430;27;4716390;8430;537;9744;9992;4.57;0.28;355.86;12.82;1314;43;3432.00;248
8432;27;4716404;8432;544;9744;9992;4.46;0.28;355.82;12.82;1312;43;3433.00;248
8438;27;4716418;8438;555;9744;9992;4.38;0.27;355.87;12.82;1306;43;3434.00;248
8441;27;4716433;8441;554;9746;9993;4.33;0.27;355.81;12.89;1305;43;3435.00;247
8445;27;4716446;8445;566;9749;9997;4.24;0.26;355.76;12.88;1304;43;3436.00;248
8446;27;4716461;8446;572;9750;9997;4.22;0.26;355.75;12.96;1304;43;3437.00;247
8450;27;4716474;8450;573;9754;10000;4.16;0.25;355.73;13.10;1304;43;3438.00;246
8453;27;4716494;8453;581;9756;10000;4.10;0.25;355.64;13.17;1303;43;3439.00;244
8454;27;4716510;8454;587;9757;10000;4.01;0.25;355.60;13.24;1303;43;3440.00;243
8456;27;4716529;8456;588;9757;10000;3.97;0.24;355.58;13.24;1301;43;3441.00;243
8458;27;4716545;8458;590;9761;10004;3.97;0.24;355.65;13.23;1303;43;3442.00;243
8460;27;4716562;8460;597;9763;10004;3.90;0.24;355.60;13.38;1303;43;3443.00;241
8462;27;4716577;8462;599;9764;10004;3.83;0.23;355.60;13.45;1302;43;3444.00;240
8463;27;4716590;8463;604;9765;10004;3.77;0.23;355.57;13.52;1302;43;3445.00;239
8464;27;4716603;8464;611;9765;10005;3.69;0.23;355.56;13.52;1301;43;3446.00;240
8464;27;4716616;8464;614;9768;10006;3.62;0.22;355.56;13.66;1304;43;3447.00;238
8465;27;4716628;8465;604;9768;10006;3.58;0.22;355.56;13.66;1303;43;3448.00;238
8466;27;4716642;8466;593;9769;10007;3.59;0.22;355.55;13.66;1303;43;3449.00;238
8467;27;4716658;8467;582;9772;10007;3.60;0.22;355.59;13.87;1305;43;3450.00;235
8467;27;4716671;8467;571;9773;10007;3.67;0.22;355.59;13.94;1306;43;3451.00;234
8467;27;4716685;8467;564;9773;10007;3.73;0.23;355.59;13.94;1306;43;3452.00;234
8469;27;4716697;8469;560;9775;10007;3.79;0.23;355.58;14.07;1306;43;3453.00;232
8471;27;4716709;8471;550;9775;10007;3.84;0.23;355.64;14.07;1304;43;3454.00;232
8473;27;4716728;8473;541;9777;10007;3.86;0.24;355.60;14.21;1304;43;3455.00;230
8475;27;4716740;8475;559;9844;10134;4.19;0.26;355.56;14.11;1369;43;3456.00;290
8475;27;4716763;8475;551;9847;10135;4.21;0.26;355.56;14.11;1372;43;3457.00;288
8478;27;4716777;8478;541;9857;10135;4.30;0.26;355.47;14.23;1379;43;3458.00;278
8478;27;4716790;8478;539;9859;10135;4.33;0.27;355.47;14.23;1381;43;3459.00;276
8479;27;4716804;8479;534;9867;10135;4.36;0.27;355.44;14.36;1388;43;3460.00;268
8481;27;4716818;8481;542;9867;10135;4.33;0.27;355.48;14.36;1386;43;3461.00;268
8481;27;4716831;8481;544;9872;10135;4.34;0.27;355.48;14.35;1391;43;3462.00;263
8482;27;4716844;8482;538;9873;10135;4.29;0.26;355.47;14.35;1391;43;3463.00;262
8485;27;4716859;8485;540;9880;10136;4.25;0.26;355.46;14.61;1395;43;3464.00;256
8489;27;4716878;8489;535;9883;10138;4.22;0.26;355.43;14.61;1394;43;3465.00;255
8491;27;4716895;8491;540;9885;10138;4.23;0.26;355.43;14.61;1394;43;3466.00;253
8491;27;4716909;8491;537;9889;10139;4.28;0.26;355.43;14.73;1398;43;3467.00;250
8495;27;4716923;8495;538;9891;10139;4.26;0.26;355.49;14.73;1396;43;3468.00;248
8499;27;4716939;8499;522;9892;10139;4.20;0.26;355.49;14.73;1393;43;3469.00;247
8500;27;4716955;8500;525;9895;10139;4.17;0.26;355.48;14.73;1395;43;3470.00;244
8503;27;4716969;8503;521;9899;10143;4.18;0.26;355.42;14.73;1396;43;3471.00;244
8503;27;4716986;8503;522;9901;10143;4.17;0.26;355.42;14.73;1398;43;3472.00;242
8504;27;4717001;8504;523;9902;10143;4.13;0.25;355.40;14.73;1398;43;3473.00;241
8507;27;4717016;8507;518;9903;10146;4.13;0.25;355.47;14.73;1396;43;3474.00;243
8511;27;4717032;8511;517;9905;10146;4.15;0.25;355.43;14.73;1394;43;3475.00;241
8514;27;4717047;8514;513;9907;10146;4.19;0.26;355.41;14.73;1393;43;3476.00;239
8521;27;4717065;8521;509;9911;10150;4.17;0.25;355.55;14.72;1390;43;3477.00;239
8526;27;4717081;8526;508;9913;10151;4.18;0.26;355.56;14.72;1387;43;3478.00;238
8531;27;4717104;8531;503;9915;10151;4.19;0.26;355.62;14.73;1384;43;3479.00;236
8536;27;4717122;8536;503;9920;10156;4.20;0.26;355.75;14.72;1384;43;3480.00;236
8539;27;4717143;8539;498;9920;10156;4.22;0.26;355.72;14.72;1381;43;3481.00;236
8541;27;4717159;8541;496;9920;10156;4.28;0.26;355.90;14.72;1379;43;3482.00;236
8545;27;4717173;8545;500;9920;10157;4.35;0.27;355.88;14.72;1375;43;3483.00;237
8551;27;4717188;8551;486;9921;10157;4.39;0.27;355.93;14.72;1370;43;3484.00;236
8553;27;4717206;8553;486;9926;10163;4.45;0.27;355.96;14.79;1373;43;3485.00;237
8557;27;4717233;8557;489;9926;10163;4.47;0.27;355.94;14.79;1369;43;3486.00;237
8559;27;4717249;8559;489;9926;10164;4.45;0.27;355.98;14.79;1367;43;3487.00;238
8563;27;4717264;8563;482;9926;10164;4.45;0.27;356.15;14.79;1363;43;3488.00;238
8565;27;4717281;8565;479;9926;10164;4.46;0.27;356.28;14.79;1361;43;3489.00;238
8569;27;4717299;8569;490;9926;10164;4.48;0.27;356.43;14.79;1357;43;3490.00;238
8573;27;4717318;8573;480;9926;10164;4.50;0.27;356.56;14.79;1353;43;3491.00;238
8577;27;4717334;8577;472;9935;10176;4.55;0.28;356.77;14.78;1358;43;3492.00;241
8582;27;4717352;8582;466;9935;10176;4.57;0.28;356.99;14.78;1353;43;3493.00;241
8585;27;4717372;8585;459;9935;10176;4.56;0.28;357.06;14.78;1350;43;3494.00;241
8588;27;4717392;8588;452;9935;10176;4.58;0.28;357.13;14.78;1347;43;3495.00;241
8592;27;4717415;8592;446;9935;10176;4.59;0.28;357.19;14.78;1343;43;3496.00;241
8596;27;4717443;8596;443;9935;10176;4.60;0.28;357.18;14.78;1339;43;3497.00;241
8599;27;4717461;8599;439;9938;10180;4.64;0.28;357.21;14.77;1339;43;3498.00;242
8604;27;4717481;8604;437;9938;10180;4.62;0.28;357.29;14.77;1334;43;3499.00;242
8607;27;4717499;8607;435;9941;10184;4.63;0.28;357.33;14.77;1334;43;3500.00;243
8609;27;4717523;8609;430;9941;10185;4.63;0.28;357.38;14.77;1332;43;3501.00;244
8609;27;4717540;8609;428;9941;10185;4.67;0.28;357.38;14.77;1332;43;3502.00;244
8612;27;4717558;8612;427;9941;10185;4.70;0.29;357.44;14.77;1329;43;3503.00;244
8617;27;4717575;8617;428;9951;10198;4.76;0.29;357.45;14.75;1334;43;3504.00;247
8620;27;4717593;8620;424;9951;10198;4.79;0.29;357.56;14.75;1331;43;3505.00;247
8623;27;4717613;8623;426;9952;10198;4.84;0.29;357.59;14.76;1329;43;3506.00;246
8628;27;4717630;8628;427;9953;10199;4.80;0.29;357.58;14.75;1325;43;3507.00;246
8633;27;4717647;8633;435;9954;10200;4.80;0.29;357.76;14.83;1321;43;3508.00;246
8636;27;4717665;8636;432;9955;10200;4.82;0.29;357.94;14.83;1319;43;3509.00;245
8640;27;4717683;8640;438;9959;10206;4.83;0.29;358.00;14.83;1319;43;3510.00;247
8647;27;4717701;8647;447;9961;10206;4.77;0.29;358.35;14.83;1314;43;3511.00;245
8649;27;4717718;8649;439;9962;10206;4.78;0.29;358.40;14.83;1313;43;3512.00;244
8656;27;4717735;8656;432;9964;10206;4.73;0.29;358.62;14.83;1308;43;3513.00;242
8657;27;4717752;8657;433;9968;10212;4.73;0.29;358.63;14.83;1311;43;3514.00;244
8660;27;4717770;8660;431;9968;10212;4.73;0.29;358.75;14.83;1308;43;3515.00;244
8661;27;4717788;8661;431;9969;10212;4.77;0.29;358.79;14.83;1308;43;3516.00;243
8663;27;4717805;8663;429;9971;10212;4.74;0.29;358.85;14.82;1308;43;3517.00;241
8667;27;4717822;8667;425;9974;10216;4.72;0.29;358.91;14.82;1307;43;3518.00;242
8669;27;4717839;8669;430;9978;10219;4.71;0.29;358.92;14.82;1309;43;3519.00;241
8674;27;4717860;8674;444;9979;10219;4.71;0.29;359.04;14.81;1305;43;3520.00;240
8677;27;4717881;8677;428;9980;10220;4.69;0.28;359.13;14.81;1303;43;3521.00;240
8679;27;4717907;8679;423;9980;10220;4.70;0.29;359.15;14.81;1301;43;3522.00;240
8684;27;4717925;8684;412;9980;10220;4.71;0.29;359.32;14.81;1296;43;3523.00;240
8688;27;4717943;8688;410;9981;10220;4.73;0.29;359.55;14.89;1293;43;3524.00;239
8692;27;4717961;8692;416;9981;10220;4.75;0.29;359.54;14.89;1289;43;3525.00;239
8692;27;4717980;8692;414;9981;10220;4.82;0.29;359.54;14.89;1289;43;3526.00;239
8693;27;4717998;8693;413;9981;10220;4.86;0.30;359.55;14.89;1288;43;3527.00;239
8694;27;4718016;8694;428;10020;10290;4.83;0.29;359.52;14.83;1326;43;3528.00;270
8697;27;4718039;8697;417;10020;10291;4.85;0.30;359.61;14.83;1323;43;3529.00;271
8699;27;4718057;8699;423;10024;10291;4.89;0.30;359.62;14.83;1325;43;3530.00;267
8702;27;4718078;8702;424;10025;10291;4.96;0.30;359.69;14.83;1323;43;3531.00;266
8703;27;4718094;8703;428;10028;10291;5.06;0.31;359.73;14.82;1325;43;3532.00;263
8705;27;4718112;8705;420;10029;10291;5.10;0.31;359.80;14.89;1324;43;3533.00;262
8707;27;4718129;8707;415;10032;10291;5.14;0.31;359.87;14.89;1325;43;3534.00;259
8711;27;4718153;8711;424;10035;10291;5.16;0.31;359.92;14.89;1324;43;3535.00;256
8713;27;4718171;8713;420;10038;10292;5.15;0.31;359.97;14.89;1325;43;3536.00;254
8715;27;4718190;8715;416;10041;10293;5.18;0.32;359.98;14.88;1326;43;3537.00;252
8716;27;4718207;8716;417;10043;10293;5.18;0.32;359.97;14.88;1327;43;3538.00;250
8720;27;4718226;8720;422;10048;10297;5.15;0.31;360.06;14.88;1328;43;3539.00;249
8723;27;4718243;8723;424;10049;10297;5.13;0.31;360.12;14.88;1326;43;3540.00;248
8726;27;4718261;8726;417;10049;10297;5.16;0.31;360.14;14.88;1323;44;3541.00;248
8730;27;4718289;8730;426;10050;10297;5.15;0.31;360.28;14.88;1320;44;3542.00;247
8732;27;4718308;8732;428;10056;10303;5.14;0.31;360.29;14.87;1324;44;3543.00;247
8734;27;4718327;8734;432;10057;10303;5.13;0.31;360.36;14.87;1323;44;3544.00;246
8736;27;4718346;8736;445;10058;10303;5.12;0.31;360.40;14.87;1322;44;3545.00;245
8739;27;4718363;8739;448;10060;10306;5.08;0.31;360.47;14.87;1321;44;3546.00;246
8740;27;4718380;8740;454;10060;10306;5.06;0.31;360.46;14.87;1320;44;3547.00;246
8743;27;4718396;8743;457;10061;10306;5.04;0.31;360.64;14.87;1318;44;3548.00;245
8746;27;4718412;8746;465;10061;10307;4.98;0.30;360.66;14.87;1315;44;3549.00;246
8750;27;4718427;8750;467;10062;10308;4.93;0.30;360.74;14.86;1312;44;3550.00;246
8751;27;4718444;8751;470;10062;10308;4.89;0.30;360.76;14.86;1311;44;3551.00;246
8757;27;4718459;8757;477;10073;10321;4.85;0.30;360.91;14.85;1316;44;3552.00;248
8758;27;4718479;8758;483;10073;10321;4.86;0.30;360.89;14.85;1315;44;3553.00;248
8758;27;4718497;8758;479;10073;10321;4.86;0.30;360.89;14.85;1315;44;3554.00;248
8759;27;4718513;8759;481;10075;10323;4.86;0.30;360.93;14.85;1316;44;3555.00;248
8761;27;4718530;8761;481;10075;10323;4.81;0.29;360.99;14.85;1314;44;3556.00;248
8764;27;4718547;8764;484;10079;10327;4.80;0.29;361.00;14.84;1315;44;3557.00;248
8766;27;4718565;8766;472;10080;10327;4.79;0.29;361.09;14.91;1314;44;3558.00;247
8767;27;4718580;8767;471;10083;10331;4.82;0.29;361.12;14.90;1316;44;3559.00;248
8768;27;4718596;8768;463;10083;10331;4.81;0.29;361.14;14.90;1315;44;3560.00;248
8772;27;4718612;8772;463;10083;10331;4.81;0.29;361.10;14.90;1311;44;3561.00;248
8777;27;4718627;8777;462;10083;10331;4.76;0.29;361.09;14.90;1306;44;3562.00;248
8779;27;4718642;8779;449;10083;10331;4.77;0.29;361.10;14.90;1304;44;3563.00;248
8780;27;4718658;8780;445;10093;10343;4.90;0.30;361.07;14.89;1313;44;3564.00;250
8782;27;4718674;8782;446;10093;10343;4.94;0.30;361.09;14.89;1311;44;3565.00;250
8785;27;4718691;8785;444;10094;10343;4.94;0.30;361.07;14.89;1309;44;3566.00;249
8786;27;4718707;8786;447;10094;10343;4.94;0.30;361.07;14.89;1308;44;3567.00;249
8789;27;4718722;8789;446;10094;10343;4.96;0.30;361.13;14.89;1305;44;3568.00;249
8791;27;4718736;8791;454;10094;10343;4.96;0.30;361.12;14.89;1303;44;3569.00;249
8795;27;4718753;8795;456;10096;10344;4.93;0.30;361.09;15.03;1301;44;3570.00;248
8798;27;4718771;8798;464;10096;10344;4.86;0.30;361.12;15.03;1298;44;3571.00;248
8801;27;4718786;8801;467;10101;10350;4.86;0.30;361.07;15.02;1300;44;3572.00;249
8802;27;4718808;8802;465;10101;10351;4.85;0.30;361.08;15.02;1299;44;3573.00;250
8811;27;4718822;8811;472;10103;10351;4.77;0.29;361.06;15.09;1292;44;3574.00;248
8812;27;4718838;8812;476;10103;10351;4.79;0.29;361.03;15.09;1291;44;3575.00;248
8815;27;4718860;8815;478;10106;10355;4.81;0.29;360.97;15.09;1291;44;3576.00;249
8817;27;4718876;8817;482;10106;10355;4.78;0.29;360.91;15.09;1289;44;3577.00;249
8819;27;4718892;8819;483;10106;10355;4.69;0.29;360.89;15.09;1287;44;3578.00;249
8822;27;4718907;8822;491;10107;10356;4.61;0.28;360.83;15.09;1285;44;3579.00;249
8823;27;4718926;8823;491;10110;10360;4.57;0.28;360.80;15.08;1287;44;3580.00;250
8824;27;4718945;8824;495;10110;10360;4.50;0.27;360.81;15.08;1286;44;3581.00;250
8830;27;4718961;8830;498;10112;10363;4.41;0.27;360.71;15.08;1282;44;3582.00;251
8830;27;4718977;8830;501;10113;10363;4.35;0.26;360.71;15.08;1283;44;3583.00;250
8830;27;4718992;8830;499;10113;10363;4.31;0.26;360.71;15.08;1283;44;3584.00;250
8830;27;4719007;8830;500;10113;10363;4.29;0.26;360.71;15.08;1283;44;3585.00;250
8833;27;4719021;8833;494;10117;10367;4.30;0.26;360.79;15.07;1284;44;3586.00;250
8834;27;4719036;8834;502;10117;10367;4.32;0.26;360.78;15.07;1283;44;3587.00;250
8836;27;4719050;8836;503;10117;10367;4.27;0.26;360.76;15.07;1281;44;3588.00;250
8837;27;4719064;8837;500;10117;10367;4.26;0.26;360.74;15.07;1280;44;3589.00;250
8838;27;4719078;8838;504;10117;10368;4.25;0.26;360.76;15.07;1279;44;3590.00;251
8839;27;4719093;8839;503;10118;10369;4.23;0.26;360.74;15.07;1279;44;3591.00;251
8841;27;4719107;8841;511;10118;10369;4.18;0.26;360.74;15.07;1277;44;3592.00;251
8845;27;4719120;8845;518;10119;10370;4.18;0.26;360.82;15.07;1274;44;3593.00;251
8847;27;4719135;8847;520;10120;10370;4.14;0.25;360.86;15.14;1273;44;3594.00;250
8848;27;4719149;8848;505;10120;10370;4.12;0.25;360.86;15.14;1272;44;3595.00;250
8849;27;4719163;8849;509;10120;10370;4.14;0.25;360.87;15.14;1271;44;3596.00;250
8851;27;4719177;8851;500;10120;10370;4.17;0.26;360.84;15.14;1269;44;3597.00;250
8854;27;4719191;8854;496;10121;10370;4.12;0.25;360.82;15.22;1267;44;3598.00;249
8854;27;4719204;8854;495;10121;10370;4.13;0.25;360.82;15.22;1267;44;3599.00;249
8855;27;4719221;8855;533;10222;10623;4.53;0.29;360.82;15.14;1367;44;3600.00;401
8857;27;4719259;8857;526;10225;10624;4.57;0.29;360.95;15.14;1368;44;3601.00;399
8859;27;4719281;8859;520;10240;10624;4.68;0.29;360.92;15.26;1381;44;3602.00;384
8859;27;4719296;8859;514;10246;10624;4.75;0.30;360.92;15.26;1387;44;3603.00;378
8859;27;4719312;8859;509;10258;10624;4.81;0.30;360.92;15.31;1399;44;3604.00;366
8861;27;4719326;8861;508;10264;10624;4.84;0.30;360.88;15.38;1403;44;3605.00;360
8863;27;4719341;8863;511;10272;10624;4.90;0.31;360.84;15.37;1409;44;3606.00;352
8864;28;4719356;8864;511;10277;10624;4.91;0.31;360.84;15.44;1413;45;3607.00;347
8864;28;4719378;8864;519;10286;10625;4.97;0.31;360.84;15.43;1422;45;3608.00;339
8864;28;4719393;8864;518;10292;10626;5.02;0.31;360.84;15.57;1428;45;3609.00;334
8865;28;4719408;8865;521;10300;10626;4.99;0.31;360.85;15.56;1435;45;3610.00;326
8868;28;4719423;8868;533;10307;10627;4.97;0.31;360.81;15.63;1439;45;3611.00;320
8869;28;4719438;8869;536;10311;10627;4.97;0.31;360.77;15.63;1442;45;3612.00;316
8869;28;4719454;8869;544;10316;10627;4.94;0.31;360.77;15.70;1447;45;3613.00;311
8871;28;4719469;8871;538;10317;10627;4.90;0.30;360.74;15.70;1446;45;3614.00;310
8873;28;4719485;8873;532;10323;10631;4.88;0.30;360.68;15.76;1450;45;3615.00;308
8873;28;4719502;8873;538;10327;10631;4.90;0.30;360.68;15.76;1454;45;3616.00;304
8876;28;4719518;8876;537;10332;10631;4.85;0.30;360.61;15.90;1456;45;3617.00;299
8879;28;4719536;8879;539;10334;10634;4.84;0.30;360.66;15.90;1455;45;3618.00;300
8883;28;4719553;8883;551;10337;10634;4.79;0.29;360.68;15.90;1454;45;3619.00;297
8885;28;4719575;8885;546;10340;10634;4.73;0.29;360.64;15.97;1455;45;3620.00;294
8888;28;4719598;8888;557;10345;10638;4.67;0.29;360.67;15.97;1457;45;3621.00;293
8891;28;4719615;8891;555;10350;10639;4.62;0.28;360.66;16.04;1459;45;3622.00;289
8892;28;4719631;8892;566;10352;10639;4.58;0.28;360.63;16.04;1460;45;3623.00;287
8894;28;4719652;8894;577;10355;10643;4.52;0.28;360.57;16.11;1461;45;3624.00;288
8895;28;4719669;8895;587;10358;10643;4.49;0.28;360.57;16.11;1463;45;3625.00;285
8897;28;4719685;8897;589;10361;10643;4.45;0.27;360.57;16.18;1464;45;3626.00;282
8901;28;4719700;8901;595;10363;10644;4.41;0.27;360.67;16.18;1462;45;3627.00;281
8903;28;4719715;8903;602;10364;10644;4.35;0.27;360.67;16.18;1461;45;3628.00;280
8907;28;4719730;8907;607;10369;10650;4.31;0.26;360.74;16.25;1462;45;3629.00;281
8908;28;4719747;8908;597;10370;10650;4.29;0.26;360.83;16.25;1462;45;3630.00;280
8912;28;4719761;8912;594;10373;10651;4.26;0.26;360.80;16.25;1461;45;3631.00;278
8916;28;4719782;8916;588;10373;10651;4.26;0.26;360.91;16.25;1457;45;3632.00;278
8921;28;4719797;8921;590;10373;10651;4.23;0.26;360.99;16.25;1452;45;3633.00;278
8923;28;4719813;8923;583;10375;10651;4.25;0.26;360.95;16.25;1452;45;3634.00;276
8926;28;4719834;8926;586;10375;10651;4.27;0.26;361.09;16.25;1449;45;3635.00;276
8931;28;4719848;8931;583;10385;10663;4.30;0.26;361.16;16.24;1454;45;3636.00;278
8933;28;4719865;8933;575;10387;10663;4.33;0.27;361.13;16.24;1454;45;3637.00;276
8936;28;4719880;8936;573;10387;10663;4.34;0.27;361.25;16.24;1451;45;3638.00;276
8939;28;4719895;8939;577;10388;10663;4.38;0.27;361.25;16.25;1449;45;3639.00;275
8944;28;4719910;8944;575;10389;10663;4.39;0.27;361.45;16.25;1445;45;3640.00;274
8945;28;4719926;8945;570;10389;10663;4.40;0.27;361.45;16.25;1444;45;3641.00;274
8949;28;4719942;8949;561;10393;10667;4.42;0.27;361.65;16.24;1444;45;3642.00;274
8955;28;4719958;8955;556;10393;10667;4.44;0.27;361.83;16.24;1438;45;3643.00;274
8958;28;4719974;8958;550;10396;10671;4.48;0.27;361.89;16.24;1438;45;3644.00;275
8963;28;4719990;8963;546;10398;10673;4.50;0.28;361.91;16.24;1435;45;3645.00;275
8966;28;4720006;8966;538;10398;10673;4.50;0.28;361.93;16.24;1432;45;3646.00;275
8968;28;4720022;8968;530;10399;10673;4.55;0.28;361.91;16.24;1431;45;3647.00;274
8970;28;4720038;8970;525;10410;10686;4.56;0.28;361.94;16.22;1440;45;3648.00;276
8973;28;4720056;8973;521;10410;10686;4.58;0.28;361.99;16.22;1437;45;3649.00;276
8979;28;4720071;8979;511;10410;10686;4.64;0.28;361.96;16.22;1431;45;3650.00;276
8984;28;4720088;8984;505;10412;10687;4.69;0.29;361.97;16.22;1428;45;3651.00;275
8985;28;4720106;8985;512;10412;10688;4.72;0.29;361.93;16.22;1427;45;3652.00;276
8990;28;4720124;8990;510;10413;10688;4.72;0.29;362.09;16.22;1423;45;3653.00;275
8993;28;4720144;8993;508;10415;10691;4.73;0.29;362.20;16.22;1422;45;3654.00;276
8999;28;4720161;8999;497;10416;10691;4.71;0.29;362.16;16.22;1417;45;3655.00;275
9001;28;4720178;9001;499;10416;10691;4.73;0.29;362.24;16.22;1415;45;3656.00;275
9007;28;4720193;9007;500;10416;10691;4.72;0.29;362.33;16.22;1409;45;3657.00;275
9014;28;4720215;9014;499;10420;10697;4.69;0.29;362.36;16.21;1406;45;3658.00;277
9016;28;4720232;9016;503;10421;10697;4.67;0.28;362.48;16.21;1405;45;3659.00;276
9021;28;4720249;9021;493;10421;10697;4.63;0.28;362.76;16.21;1400;45;3660.00;276
9022;28;4720264;9022;497;10422;10697;4.66;0.28;362.77;16.22;1400;45;3661.00;275
9025;28;4720281;9025;497;10426;10701;4.70;0.29;362.84;16.21;1401;45;3662.00;275
9031;28;4720297;9031;512;10427;10702;4.67;0.29;363.06;16.21;1396;45;3663.00;275
9033;28;4720312;9033;508;10428;10702;4.71;0.29;363.07;16.21;1395;45;3664.00;274
9039;28;4720328;9039;503;10429;10703;4.68;0.29;363.27;16.21;1390;45;3665.00;274
9041;28;4720343;9041;497;10429;10703;4.69;0.29;363.29;16.21;1388;45;3666.00;274
9044;28;4720359;9044;496;10429;10703;4.67;0.28;363.32;16.21;1385;45;3667.00;274
9046;28;4720375;9046;492;10429;10703;4.66;0.28;363.43;16.21;1383;45;3668.00;274
9051;28;4720390;9051;498;10429;10703;4.63;0.28;363.43;16.21;1378;45;3669.00;274
9055;28;4720405;9055;504;10429;10703;4.60;0.28;363.63;16.21;1374;45;3670.00;274
9059;28;4720420;9059;497;10430;10703;4.56;0.28;363.71;16.28;1371;45;3671.00;273
9061;28;4720438;9061;505;10468;10773;4.61;0.28;363.73;16.22;1407;45;3672.00;305
9064;28;4720460;9064;501;10469;10774;4.57;0.28;363.81;16.22;1405;45;3673.00;305
9069;28;4720476;9069;496;10472;10774;4.52;0.28;363.86;16.22;1403;45;3674.00;302
9072;28;4720491;9072;496;10475;10774;4.53;0.28;363.89;16.21;1403;45;3675.00;299
9076;28;4720507;9076;498;10478;10774;4.55;0.28;364.15;16.21;1402;45;3676.00;296
9078;28;4720524;9078;489;10481;10774;4.52;0.28;364.14;16.21;1403;45;3677.00;293
9079;28;4720540;9079;487;10483;10774;4.52;0.28;364.14;16.20;1404;45;3678.00;291
9080;28;4720557;9080;485;10484;10774;4.49;0.27;364.16;16.20;1404;45;3679.00;290
9085;28;4720573;9085;484;10485;10775;4.42;0.27;364.17;16.20;1400;45;3680.00;290
9085;28;4720588;9085;487;10488;10776;4.35;0.27;364.17;16.20;1403;45;3681.00;288
9088;28;4720604;9088;494;10489;10776;4.28;0.26;364.34;16.20;1401;45;3682.00;287
9092;28;4720619;9092;508;10493;10780;4.23;0.26;364.47;16.20;1401;45;3683.00;287
9093;28;4720635;9093;503;10495;10780;4.17;0.25;364.45;16.19;1402;45;3684.00;285
9095;28;4720655;9095;513;10496;10780;4.13;0.25;364.68;16.19;1401;45;3685.00;284
9098;28;4720670;9098;500;10496;10780;4.10;0.25;364.70;16.19;1398;45;3686.00;284
9099;28;4720687;9099;511;10502;10786;4.13;0.25;364.70;16.26;1403;45;3687.00;284
9103;28;4720708;9103;517;10502;10786;4.12;0.25;364.77;16.26;1399;45;3688.00;284
9104;28;4720723;9104;521;10502;10786;4.13;0.25;364.76;16.26;1398;45;3689.00;284
9105;28;4720740;9105;525;10507;10792;4.15;0.25;364.81;16.33;1402;45;3690.00;285
9107;28;4720755;9107;531;10507;10792;4.14;0.25;364.85;16.33;1400;45;3691.00;285
9108;28;4720771;9108;539;10509;10792;4.17;0.25;364.85;16.33;1401;45;3692.00;283
9111;28;4720786;9111;543;10509;10793;4.15;0.25;364.76;16.33;1398;45;3693.00;284
9114;28;4720801;9114;540;10510;10794;4.13;0.25;364.69;16.33;1396;45;3694.00;284
9114;28;4720816;9114;539;10510;10794;4.10;0.25;364.69;16.33;1396;45;3695.00;284
9118;28;4720832;9118;534;10520;10807;4.06;0.25;364.70;16.31;1402;45;3696.00;287
9119;28;4720848;9119;531;10523;10807;4.08;0.25;364.79;16.40;1404;45;3697.00;284
9124;28;4720864;9124;524;10525;10807;4.06;0.25;364.83;16.40;1401;45;3698.00;282
9126;28;4720879;9126;513;10526;10808;4.08;0.25;364.85;16.39;1400;45;3699.00;282
9128;28;4720895;9128;511;10526;10808;4.12;0.25;364.89;16.39;1398;45;3700.00;282
9129;28;4720922;9129;520;10531;10812;4.19;0.26;364.94;16.39;1402;45;3701.00;281
9130;28;4720941;9130;523;10534;10812;4.28;0.26;364.98;16.40;1404;45;3702.00;278
9131;28;4720957;9131;505;10536;10816;4.35;0.26;364.95;16.40;1405;45;3703.00;280
9133;28;4720973;9133;509;10537;10816;4.40;0.27;364.96;16.39;1404;45;3704.00;279
9136;28;4720989;9136;500;10537;10816;4.44;0.27;365.12;16.39;1401;45;3705.00;279
9141;28;4721004;9141;497;10537;10816;4.45;0.27;365.15;16.39;1396;45;3706.00;279
9142;28;4721020;9142;493;10537;10816;4.47;0.27;365.22;16.39;1395;45;3707.00;279
9143;28;4721035;9143;503;10547;10828;4.51;0.27;365.26;16.38;1404;45;3708.00;281
9147;28;4721052;9147;503;10547;10828;4.47;0.27;365.38;16.38;1400;45;3709.00;281
9149;28;4721067;9149;506;10548;10828;4.48;0.27;365.45;16.38;1399;45;3710.00;280
9152;28;4721085;9152;516;10548;10828;4.45;0.27;365.65;16.38;1396;45;3711.00;280
9157;28;4721103;9157;522;10548;10828;4.36;0.26;365.81;16.38;1391;45;3712.00;280
9158;28;4721120;9158;529;10548;10828;4.33;0.26;365.80;16.38;1390;45;3713.00;280
9159;28;4721136;9159;533;10548;10829;4.32;0.26;365.82;16.38;1389;45;3714.00;281
9163;28;4721152;9163;536;10548;10829;4.27;0.26;365.92;16.38;1385;45;3715.00;281
9166;28;4721167;9166;545;10553;10835;4.24;0.26;365.95;16.37;1387;45;3716.00;282
9167;28;4721183;9167;549;10554;10836;4.23;0.26;366.07;16.37;1387;45;3717.00;282
9168;28;4721198;9168;557;10554;10836;4.23;0.26;366.14;16.37;1386;45;3718.00;282
9169;29;4721212;9169;556;10554;10836;4.22;0.26;366.11;16.37;1385;46;3719.00;282
9170;29;4721245;9170;559;10558;10841;4.24;0.26;366.08;16.36;1388;46;3720.00;283
9171;29;4721262;9171;548;10558;10841;4.27;0.26;366.08;16.36;1387;46;3721.00;283
9174;29;4721279;9174;538;10558;10841;4.29;0.26;366.08;16.36;1384;46;3722.00;283
9180;29;4721297;9180;542;10559;10842;4.30;0.26;366.07;16.36;1379;46;3723.00;283
9182;29;4721314;9182;550;10562;10846;4.34;0.26;366.06;16.36;1380;46;3724.00;284
9182;29;4721330;9182;538;10562;10846;4.41;0.27;366.06;16.36;1380;46;3725.00;284
9187;29;4721345;9187;537;10564;10849;4.44;0.27;366.07;16.35;1377;46;3726.00;285
9190;29;4721360;9190;539;10564;10849;4.44;0.27;366.20;16.35;1374;46;3727.00;285
9193;29;4721375;9193;536;10565;10849;4.53;0.28;366.15;16.35;1372;46;3728.00;284
9195;29;4721389;9195;535;10565;10849;4.55;0.28;366.13;16.35;1370;46;3729.00;284
9201;29;4721405;9201;533;10569;10853;4.61;0.28;366.17;16.35;1368;46;3730.00;284
9203;29;4721421;9203;541;10569;10853;4.63;0.28;366.15;16.35;1366;46;3731.00;284
9205;29;4721438;9205;539;10569;10853;4.70;0.29;366.19;16.35;1364;46;3732.00;284
9209;29;4721455;9209;544;10569;10853;4.68;0.29;366.13;16.35;1360;46;3733.00;284
9212;29;4721472;9212;539;10569;10854;4.67;0.29;366.07;16.35;1357;46;3734.00;285
9217;29;4721488;9217;544;10573;10856;4.64;0.28;365.98;16.50;1356;46;3735.00;283
9217;29;4721506;9217;540;10573;10856;4.62;0.28;365.98;16.50;1356;46;3736.00;283
9223;29;4721520;9223;542;10574;10857;4.57;0.28;365.97;16.50;1351;46;3737.00;283
9226;29;4721535;9226;544;10574;10857;4.55;0.28;366.01;16.50;1348;46;3738.00;283
9229;29;4721550;9229;541;10574;10857;4.50;0.28;365.96;16.50;1345;46;3739.00;283
9233;29;4721565;9233;542;10574;10857;4.44;0.27;365.97;16.50;1341;46;3740.00;283
9238;29;4721579;9238;541;10574;10857;4.38;0.27;366.00;16.50;1336;46;3741.00;283
9239;29;4721594;9239;523;10574;10857;4.36;0.26;366.02;16.50;1335;46;3742.00;283
9239;29;4721611;9239;520;10574;10857;4.37;0.27;366.02;16.50;1335;46;3743.00;283
9240;29;4721628;9240;524;10640;10984;4.68;0.29;366.04;16.39;1400;46;3744.00;344
9241;29;4721656;9241;515;10644;10985;4.73;0.29;366.05;16.39;1403;46;3745.00;341
9245;29;4721673;9245;509;10653;10985;4.80;0.30;366.11;16.38;1408;46;3746.00;332
9247;29;4721689;9247;504;10655;10985;4.84;0.30;366.16;16.37;1408;46;3747.00;330
9249;29;4721705;9249;503;10661;10985;4.89;0.30;366.15;16.37;1412;46;3748.00;324
9251;29;4721721;9251;496;10663;10985;4.91;0.30;366.16;16.37;1412;46;3749.00;322
9252;29;4721738;9252;495;10667;10990;4.96;0.30;366.16;16.36;1415;46;3750.00;323
9255;29;4721755;9255;492;10669;10990;4.95;0.30;366.16;16.36;1414;46;3751.00;321
9255;29;4721775;9255;497;10671;10991;4.97;0.30;366.16;16.36;1416;46;3752.00;320
9256;29;4721790;9256;503;10676;10992;4.99;0.31;366.16;16.35;1420;46;3753.00;316
9261;29;4721808;9261;502;10678;10992;4.97;0.30;366.26;16.35;1417;46;3754.00;314
9262;29;4721827;9262;504;10680;10993;4.95;0.30;366.24;16.35;1418;46;3755.00;313
9263;29;4721845;9263;513;10685;10993;4.90;0.30;366.24;16.35;1422;46;3756.00;308
9265;29;4721861;9265;513;10687;10993;4.92;0.30;366.23;16.35;1422;46;3757.00;306
9265;29;4721878;9265;517;10688;10993;4.93;0.30;366.23;16.35;1423;46;3758.00;305
9267;29;4721893;9267;528;10693;10997;4.91;0.30;366.22;16.34;1426;46;3759.00;304
9267;29;4721909;9267;531;10696;10997;4.92;0.30;366.22;16.50;1429;46;3760.00;301
9268;29;4721925;9268;537;10697;10997;4.94;0.30;366.21;16.50;1429;46;3761.00;300
9268;29;4721942;9268;536;10701;11000;4.95;0.30;366.21;16.50;1433;46;3762.00;299
9271;29;4721962;9271;539;10704;11000;4.89;0.30;366.31;16.65;1433;46;3763.00;296
9271;29;4721978;9271;545;10706;11000;4.87;0.30;366.31;16.65;1435;46;3764.00;294
9274;29;4721993;9274;553;10710;11004;4.81;0.29;366.31;16.64;1436;47;3765.00;294
9277;29;4722017;9277;556;10713;11005;4.80;0.29;366.40;16.80;1436;47;3766.00;292
9278;29;4722033;9278;562;10713;11005;4.80;0.29;366.38;16.80;1435;47;3767.00;292
9280;29;4722048;9280;560;10721;11009;4.77;0.29;366.40;16.94;1441;47;3768.00;288
9281;29;4722064;9281;552;10721;11009;4.78;0.29;366.40;16.94;1440;47;3769.00;288
9283;29;4722079;9283;558;10722;11009;4.79;0.29;366.37;17.02;1439;47;3770.00;287
9288;29;4722094;9288;556;10724;11010;4.73;0.29;366.45;17.09;1436;47;3771.00;286
9288;29;4722110;9288;560;10725;11010;4.70;0.29;366.45;17.17;1437;47;3772.00;285
9292;29;4722124;9292;562;10731;11016;4.68;0.29;366.43;17.24;1439;47;3773.00;285
9293;29;4722144;9293;568;10732;11016;4.66;0.28;366.41;17.31;1439;47;3774.00;284
9294;29;4722162;9294;571;10733;11017;4.61;0.28;366.41;17.38;1439;47;3775.00;284
9295;29;4722179;9295;578;10734;11017;4.60;0.28;366.42;17.46;1439;47;3776.00;283
9299;29;4722194;9299;579;10735;11017;4.56;0.28;366.44;17.53;1436;47;3777.00;282
9302;29;4722210;9302;583;10735;11017;4.54;0.28;366.53;17.53;1433;47;3778.00;282
9306;29;4722225;9306;579;10736;11017;4.50;0.27;366.70;17.60;1430;47;3779.00;281
9306;29;4722242;9306;583;10762;11053;4.62;0.28;366.70;17.56;1456;47;3780.00;291
9306;29;4722261;9306;581;10765;11053;4.62;0.28;366.70;17.71;1459;47;3781.00;288
9309;29;4722275;9309;582;10767;11053;4.63;0.28;366.79;17.70;1458;47;3782.00;286
9311;29;4722290;9311;576;10768;11053;4.63;0.28;366.86;17.77;1457;47;3783.00;285
9314;29;4722306;9314;583;10770;11053;4.63;0.28;366.93;17.85;1456;47;3784.00;283
9317;29;4722321;9317;572;10770;11053;4.63;0.28;367.12;17.85;1453;47;3785.00;283
9318;29;4722336;9318;568;10775;11057;4.58;0.28;367.15;17.91;1457;47;3786.00;282
9319;29;4722352;9319;575;10775;11057;4.57;0.28;367.19;17.91;1456;47;3787.00;282
9322;29;4722367;9322;579;10779;11061;4.56;0.28;367.35;17.90;1457;47;3788.00;282
9323;29;4722383;9323;585;10780;11062;4.59;0.28;367.45;17.90;1457;47;3789.00;282
9325;29;4722397;9325;590;10780;11062;4.54;0.28;367.47;17.90;1455;47;3790.00;282
9330;29;4722412;9330;587;10781;11062;4.48;0.27;367.49;17.97;1451;47;3791.00;281
9336;29;4722427;9336;589;10792;11075;4.40;0.27;367.51;17.96;1456;47;3792.00;283
9336;29;4722443;9336;596;10792;11075;4.40;0.27;367.51;17.96;1456;47;3793.00;283
9343;29;4722458;9343;592;10792;11075;4.36;0.27;367.72;17.96;1449;47;3794.00;283
9347;29;4722472;9347;583;10793;11076;4.36;0.27;367.70;17.95;1446;47;3795.00;283
9351;29;4722488;9351;574;10793;11077;4.34;0.27;367.76;17.95;1442;47;3796.00;284
9353;29;4722502;9353;567;10793;11077;4.34;0.27;367.89;17.95;1440;47;3797.00;284
9356;29;4722518;9356;571;10796;11080;4.36;0.27;367.83;17.95;1440;47;3798.00;284
9363;29;4722533;9363;572;10796;11080;4.32;0.26;367.86;17.95;1433;47;3799.00;284
9366;29;4722548;9366;573;10796;11080;4.35;0.26;367.88;17.95;1430;47;3800.00;284
9371;29;4722566;9371;579;10796;11080;4.33;0.26;367.83;17.95;1425;47;3801.00;284
9375;29;4722581;9375;578;10801;11086;4.35;0.26;367.77;17.94;1426;47;3802.00;285
9378;29;4722597;9378;572;10801;11086;4.36;0.26;367.87;17.94;1423;47;3803.00;285
9381;29;4722611;9381;566;10801;11086;4.34;0.26;367.87;17.94;1420;47;3804.00;285
9383;29;4722626;9383;563;10801;11086;4.34;0.26;367.86;17.94;1418;47;3805.00;285
9387;29;4722640;9387;563;10804;11090;4.31;0.26;367.87;17.94;1417;47;3806.00;286
9391;29;4722656;9391;562;10805;11091;4.29;0.26;367.93;17.93;1414;47;3807.00;286
9393;29;4722689;9393;564;10805;11091;4.31;0.26;367.91;17.93;1412;47;3808.00;286
9397;29;4722708;9397;570;10806;11092;4.34;0.26;367.99;17.93;1409;47;3809.00;286
9401;29;4722725;9401;574;10806;11092;4.36;0.26;368.11;17.93;1405;47;3810.00;286
9404;29;4722741;9404;575;10806;11092;4.34;0.26;368.18;17.93;1402;47;3811.00;286
9408;29;4722756;9408;566;10806;11092;4.30;0.26;368.23;17.93;1398;47;3812.00;286
9411;29;4722771;9411;567;10806;11092;4.30;0.26;368.33;17.93;1395;47;3813.00;286
9416;29;4722788;9416;563;10806;11092;4.29;0.26;368.41;17.93;1390;47;3814.00;286
9418;29;4722803;9418;557;10806;11092;4.28;0.26;368.45;17.93;1388;47;3815.00;286
9421;29;4722818;9421;561;10837;11162;4.45;0.27;368.67;17.88;1416;47;3816.00;325
9427;29;4722838;9427;553;10840;11163;4.47;0.27;368.61;17.88;1413;47;3817.00;323
9432;29;4722854;9432;553;10846;11163;4.49;0.27;368.65;17.87;1414;47;3818.00;317
9436;29;4722869;9436;549;10848;11163;4.48;0.27;368.67;17.87;1412;47;3819.00;315
9440;29;4722885;9440;551;10849;11163;4.45;0.27;368.66;17.86;1409;47;3820.00;314
9444;29;4722900;9444;549;10849;11163;4.45;0.27;368.82;17.86;1405;47;3821.00;314
9445;29;4722929;9445;545;10851;11163;4.49;0.27;368.80;17.86;1406;47;3822.00;312
9451;29;4722951;9451;544;10852;11163;4.47;0.27;368.74;17.86;1401;47;3823.00;311
9455;29;4722968;9455;542;10854;11164;4.49;0.27;369.03;17.86;1399;47;3824.00;310
9459;29;4722988;9459;546;10856;11166;4.45;0.27;369.14;17.86;1397;47;3825.00;310
9463;29;4723003;9463;555;10857;11166;4.41;0.27;369.32;17.86;1394;47;3826.00;309
9467;29;4723019;9467;554;10862;11170;4.37;0.27;369.48;17.85;1395;47;3827.00;308
9471;29;4723034;9471;562;10864;11170;4.31;0.26;369.48;17.85;1393;47;3828.00;306
9475;29;4723049;9475;562;10865;11170;4.26;0.26;369.54;17.85;1390;47;3829.00;305
9481;29;4723064;9481;569;10866;11170;4.18;0.26;369.55;17.85;1385;47;3830.00;304
9483;29;4723078;9483;569;10872;11176;4.19;0.26;369.55;17.84;1389;47;3831.00;304
9485;29;4723093;9485;568;10872;11176;4.21;0.26;369.57;17.84;1387;47;3832.00;304
9490;29;4723108;9490;575;10873;11176;4.20;0.26;369.67;17.84;1383;47;3833.00;303
9496;29;4723122;9496;575;10875;11179;4.18;0.25;369.65;17.84;1379;47;3834.00;304
9499;29;4723138;9499;577;10875;11179;4.19;0.26;369.76;17.84;1376;47;3835.00;304
9501;29;4723153;9501;576;10875;11179;4.17;0.25;369.83;17.84;1374;47;3836.00;304
9505;29;4723168;9505;572;10877;11180;4.13;0.25;369.77;17.84;1372;47;3837.00;303
9507;29;4723184;9507;568;10879;11181;4.07;0.25;369.75;17.84;1372;47;3838.00;302
9509;29;4723198;9509;569;10879;11181;4.00;0.24;369.72;17.84;1370;47;3839.00;302
9511;29;4723215;9511;580;10897;11207;3.95;0.24;369.66;17.81;1386;47;3840.00;310
9513;29;4723232;9513;589;10898;11207;3.91;0.24;369.74;17.81;1385;47;3841.00;309
9514;29;4723247;9514;579;10901;11207;3.98;0.24;369.80;17.81;1387;47;3842.00;306
9515;29;4723263;9515;571;10902;11208;4.05;0.25;369.84;17.81;1387;47;3843.00;306
9520;29;4723278;9520;567;10902;11208;4.05;0.25;369.88;17.81;1382;47;3844.00;306
9524;29;4723292;9524;569;10906;11212;4.10;0.25;369.99;17.80;1382;47;3845.00;306
9526;29;4723308;9526;573;10909;11214;4.15;0.25;370.02;17.80;1383;47;3846.00;305
9530;29;4723323;9530;563;10913;11218;4.19;0.26;370.38;17.80;1383;47;3847.00;305
9534;29;4723339;9534;573;10914;11218;4.18;0.26;370.57;17.80;1380;47;3848.00;304
9536;29;4723355;9536;576;10914;11218;4.15;0.25;370.57;17.80;1378;47;3849.00;304
9539;29;4723372;9539;579;10916;11218;4.16;0.25;370.76;17.80;1377;47;3850.00;302
9544;29;4723388;9544;566;10916;11218;4.15;0.25;370.80;17.80;1372;47;3851.00;302
9548;29;4723404;9548;571;10927;11230;4.14;0.25;370.83;17.78;1379;47;3852.00;303
9550;29;4723425;9550;570;10928;11230;4.12;0.25;370.95;17.78;1378;47;3853.00;302
9552;29;4723440;9552;577;10928;11230;4.17;0.25;370.97;17.78;1376;47;3854.00;302
9555;29;4723456;9555;573;10929;11230;4.20;0.26;371.11;17.78;1374;47;3855.00;301
9556;29;4723471;9556;576;10929;11230;4.27;0.26;371.11;17.78;1373;47;3856.00;301
9559;29;4723486;9559;579;10929;11230;4.35;0.27;371.26;17.78;1370;47;3857.00;301
9563;29;4723502;9563;583;10930;11231;4.41;0.27;371.31;17.78;1367;47;3858.00;301
9566;29;4723517;9566;574;10930;11231;4.48;0.27;371.30;17.78;1364;47;3859.00;301
9569;29;4723534;9569;574;10935;11237;4.54;0.28;371.36;17.77;1366;47;3860.00;302
9571;29;4723549;9571;576;10936;11238;4.58;0.28;371.37;17.77;1365;47;3861.00;302
9572;29;4723565;9572;566;10936;11238;4.63;0.28;371.35;17.77;1364;47;3862.00;302
9575;29;4723581;9575;560;10936;11238;4.60;0.28;371.38;17.77;1361;47;3863.00;302
9580;29;4723597;9580;558;10939;11242;4.59;0.28;371.32;17.76;1359;47;3864.00;303
9584;29;4723613;9584;554;10939;11242;4.59;0.28;371.31;17.76;1355;47;3865.00;303
9585;29;4723628;9585;562;10939;11242;4.60;0.28;371.33;17.76;1354;47;3866.00;303
9587;29;4723644;9587;555;10940;11243;4.61;0.28;371.28;17.76;1353;47;3867.00;303
9587;29;4723659;9587;563;10943;11247;4.65;0.29;371.28;17.76;1356;47;3868.00;304
9591;29;4723674;9591;558;10944;11247;4.70;0.29;371.28;17.85;1353;47;3869.00;303
9593;29;4723693;9593;558;10948;11253;4.72;0.29;371.30;17.84;1355;47;3870.00;305
9596;29;4723709;9596;555;10949;11253;4.73;0.29;371.24;17.84;1353;48;3871.00;304
9596;29;4723735;9596;550;10950;11253;4.75;0.29;371.24;17.84;1354;48;3872.00;303
9599;29;4723751;9599;547;10950;11253;4.75;0.29;371.22;17.84;1351;48;3873.00;303
9600;29;4723767;9600;550;10954;11257;4.75;0.29;371.21;17.83;1354;48;3874.00;303
9601;29;4723784;9601;546;10954;11257;4.73;0.29;371.26;17.83;1353;48;3875.00;303
9608;29;4723799;9608;548;10954;11257;4.63;0.28;371.16;17.83;1346;48;3876.00;303
9609;29;4723816;9609;554;10954;11257;4.62;0.28;371.15;17.83;1345;48;3877.00;303
9613;29;4723835;9613;554;10954;11258;4.55;0.28;371.26;17.83;1341;48;3878.00;304
9616;29;4723852;9616;547;10955;11259;4.53;0.28;371.33;17.83;1339;48;3879.00;304
9619;29;4723868;9619;561;10955;11259;4.46;0.27;371.30;17.83;1336;48;3880.00;304
9623;29;4723884;9623;569;10956;11260;4.38;0.27;371.38;17.83;1333;48;3881.00;304
9626;29;4723898;9626;575;10956;11260;4.37;0.27;371.38;17.83;1330;48;3882.00;304
9628;29;4723912;9628;581;10956;11260;4.32;0.26;371.47;17.83;1328;48;3883.00;304
9629;29;4723927;9629;577;10956;11260;4.30;0.26;371.48;17.83;1327;48;3884.00;304
9630;29;4723941;9630;580;10957;11260;4.24;0.26;371.48;17.92;1327;48;3885.00;303
9631;29;4723956;9631;579;10957;11260;4.24;0.26;371.49;17.92;1326;48;3886.00;303
9633;29;4723970;9633;574;10957;11260;4.21;0.26;371.48;17.92;1324;48;3887.00;303
9635;29;4723984;9635;600;11027;11387;4.34;0.27;371.44;17.80;1392;48;3888.00;360
9636;29;4724010;9636;559;11027;11388;4.35;0.27;371.43;17.80;1391;48;3889.00;361
9640;29;4724025;9640;536;11035;11388;4.45;0.27;371.44;17.79;1395;48;3890.00;353
9640;29;4724040;9640;521;11038;11388;4.54;0.28;371.44;17.79;1398;48;3891.00;350
9643;29;4724054;9643;514;11044;11388;4.64;0.28;371.52;17.78;1401;48;3892.00;344
9645;29;4724070;9645;507;11047;11388;4.73;0.29;371.50;17.78;1402;48;3893.00;341
9650;29;4724086;9650;499;11051;11388;4.82;0.29;371.51;17.77;1401;48;3894.00;337
9653;29;4724102;9653;503;11053;11388;4.85;0.30;371.52;17.77;1400;48;3895.00;335
9654;29;4724126;9654;495;11055;11389;4.90;0.30;371.51;17.77;1401;48;3896.00;334
9655;29;4724141;9655;496;11060;11390;4.94;0.30;371.52;17.76;1405;48;3897.00;330
9655;29;4724158;9655;492;11061;11390;4.95;0.30;371.52;17.76;1406;48;3898.00;329
9656;29;4724175;9656;485;11063;11391;4.96;0.30;371.49;17.85;1407;48;3899.00;328
9658;29;4724193;9658;485;11072;11406;4.90;0.30;371.47;18.00;1414;48;3900.00;334
9661;29;4724219;9661;482;11074;11406;4.86;0.30;371.43;18.00;1413;48;3901.00;332
9663;29;4724234;9663;481;11077;11406;4.85;0.30;371.46;18.00;1414;48;3902.00;329
9666;29;4724250;9666;486;11080;11410;4.85;0.30;371.44;18.00;1414;48;3903.00;330
9670;29;4724266;9670;486;11081;11410;4.87;0.30;371.38;18.00;1411;48;3904.00;329
9671;29;4724282;9671;488;11083;11410;4.93;0.30;371.40;18.00;1412;48;3905.00;327
9674;29;4724297;9674;495;11087;11413;4.96;0.30;371.46;17.99;1413;48;3906.00;326
9676;29;4724314;9676;492;11088;11413;4.95;0.30;371.43;17.99;1412;48;3907.00;325
9678;29;4724329;9678;504;11088;11413;4.97;0.30;371.40;17.99;1410;48;3908.00;325
9680;29;4724344;9680;504;11092;11417;4.97;0.30;371.40;17.99;1412;48;3909.00;325
9681;29;4724360;9681;511;11094;11418;4.97;0.30;371.49;17.99;1413;48;3910.00;324
9683;29;4724376;9683;514;11095;11418;4.94;0.30;371.54;17.99;1412;48;3911.00;323
9686;29;4724391;9686;519;11101;11422;4.95;0.30;371.64;17.98;1415;48;3912.00;321
9691;29;4724407;9691;518;11101;11422;4.90;0.30;371.64;17.98;1410;48;3913.00;321
9694;29;4724422;9694;514;11102;11422;4.87;0.30;371.67;17.98;1408;48;3914.00;320
9695;29;4724438;9695;513;11104;11424;4.85;0.29;371.76;17.98;1409;48;3915.00;320
9697;29;4724455;9697;524;11104;11424;4.81;0.29;371.77;17.98;1407;48;3916.00;320
9700;29;4724470;9700;520;11109;11430;4.80;0.29;371.78;17.97;1409;48;3917.00;321
9702;29;4724487;9702;521;11110;11430;4.79;0.29;371.84;17.97;1408;48;3918.00;320
9706;29;4724502;9706;515;11110;11431;4.78;0.29;371.98;17.97;1404;48;3919.00;321
9706;29;4724518;9706;521;11110;11431;4.77;0.29;371.98;17.97;1404;48;3920.00;321
9707;29;4724533;9707;514;11110;11431;4.77;0.29;372.02;17.97;1403;48;3921.00;321
9709;29;4724548;9709;513;11110;11431;4.80;0.29;372.01;17.97;1401;48;3922.00;321
9712;29;4724566;9712;512;11111;11431;4.81;0.29;372.01;17.97;1399;48;3923.00;320
9715;29;4724582;9715;513;11121;11443;4.88;0.30;372.06;17.96;1406;48;3924.00;322
9715;29;4724601;9715;519;11121;11443;4.90;0.30;372.06;17.96;1406;48;3925.00;322
9718;29;4724621;9718;531;11124;11443;4.88;0.30;372.16;17.95;1406;48;3926.00;319
9719;29;4724639;9719;531;11124;11443;4.88;0.30;372.17;17.95;1405;48;3927.00;319
9721;29;4724655;9721;531;11125;11443;4.85;0.30;372.21;18.04;1404;48;3928.00;318
9724;29;4724671;9724;537;11129;11443;4.83;0.29;372.22;18.20;1405;48;3929.00;314
9727;29;4724688;9727;543;11133;11447;4.82;0.29;372.24;18.27;1406;48;3930.00;314
9728;29;4724705;9728;548;11134;11447;4.79;0.29;372.22;18.35;1406;48;3931.00;313
9732;29;4724719;9732;546;11138;11451;4.79;0.29;372.46;18.34;1406;48;3932.00;313
9734;29;4724736;9734;552;11140;11452;4.76;0.29;372.47;18.42;1406;48;3933.00;312
9736;29;4724755;9736;549;11142;11452;4.75;0.29;372.65;18.58;1406;48;3934.00;310
9738;29;4724773;9738;551;11142;11452;4.73;0.29;372.64;18.58;1404;48;3935.00;310
9741;29;4724790;9741;547;11152;11465;4.75;0.29;372.58;18.65;1411;48;3936.00;313
9742;29;4724808;9742;539;11154;11465;4.77;0.29;372.56;18.73;1412;48;3937.00;311
9744;29;4724823;9744;547;11155;11465;4.78;0.29;372.56;18.72;1411;48;3938.00;310
9746;29;4724839;9746;552;11157;11466;4.77;0.29;372.74;18.80;1411;48;3939.00;309
9746;29;4724855;9746;558;11157;11467;4.80;0.29;372.74;18.80;1411;48;3940.00;310
9751;29;4724869;9751;556;11157;11467;4.75;0.29;372.90;18.80;1406;48;3941.00;310
9751;29;4724885;9751;565;11159;11470;4.77;0.29;372.90;18.80;1408;48;3942.00;311
9753;29;4724901;9753;556;11159;11470;4.75;0.29;373.01;18.80;1406;48;3943.00;311
9755;29;4724917;9755;556;11162;11470;4.74;0.29;373.05;18.95;1407;48;3944.00;308
9757;29;4724935;9757;552;11163;11470;4.74;0.29;373.04;19.03;1406;48;3945.00;307
9759;29;4724953;9759;547;11169;11476;4.79;0.29;373.12;19.10;1410;48;3946.00;307
9761;29;4724970;9761;544;11170;11476;4.82;0.29;373.19;19.18;1409;48;3947.00;306
9762;29;4724986;9762;544;11171;11476;4.82;0.29;373.19;19.26;1409;48;3948.00;305
9766;29;4725001;9766;541;11171;11476;4.77;0.29;373.24;19.26;1405;48;3949.00;305
9769;29;4725017;9769;538;11176;11480;4.71;0.29;373.24;19.41;1407;48;3950.00;304
9771;29;4725032;9771;539;11177;11481;4.71;0.29;373.23;19.40;1406;48;3951.00;304
9774;29;4725047;9774;544;11178;11481;4.68;0.28;373.28;19.48;1404;48;3952.00;303
9776;29;4725063;9776;548;11180;11482;4.61;0.28;373.48;19.56;1404;48;3953.00;302
9776;29;4725080;9776;552;11180;11482;4.59;0.28;373.48;19.56;1404;48;3954.00;302
9781;29;4725098;9781;556;11181;11482;4.56;0.28;373.63;19.63;1400;48;3955.00;301
9784;29;4725115;9784;555;11182;11482;4.52;0.27;373.62;19.71;1398;48;3956.00;300
9790;29;4725131;9790;563;11182;11482;4.42;0.27;373.85;19.71;1392;48;3957.00;300
9795;29;4725145;9795;568;11184;11482;4.31;0.26;373.92;19.86;1389;48;3958.00;298
9798;29;4725160;9798;574;11184;11482;4.19;0.25;373.95;19.86;1386;48;3959.00;298
9800;29;4725176;9800;577;11250;11607;4.39;0.27;373.94;19.97;1450;48;3960.00;357
9805;29;4725202;9805;568;11256;11608;4.36;0.27;374.04;19.96;1451;48;3961.00;352
9808;29;4725218;9808;559;11263;11608;4.38;0.27;374.06;19.95;1455;48;3962.00;345
9811;29;4725233;9811;560;11268;11608;4.37;0.27;374.08;20.02;1457;48;3963.00;340
9815;29;4725248;9815;562;11272;11608;4.36;0.27;374.10;20.09;1457;48;3964.00;336
9819;29;4725264;9819;566;11274;11608;4.36;0.27;374.19;20.09;1455;48;3965.00;334
9820;29;4725279;9820;574;11280;11608;4.41;0.27;374.21;20.08;1460;48;3966.00;328
9822;29;4725294;9822;569;11282;11608;4.45;0.27;374.21;20.08;1460;48;3967.00;326
9825;29;4725316;9825;571;11285;11609;4.47;0.27;374.41;20.07;1460;48;3968.00;324
9826;29;4725336;9826;575;11286;11610;4.50;0.27;374.42;20.07;1460;48;3969.00;324
9832;30;4725353;9832;577;11287;11610;4.47;0.27;374.54;20.07;1455;49;3970.00;323
9832;30;4725381;9832;582;11291;11614;4.48;0.27;374.54;20.07;1459;49;3971.00;323
9836;30;4725398;9836;581;11292;11614;4.42;0.27;374.67;20.06;1456;49;3972.00;322
9838;30;4725414;9838;577;11292;11614;4.37;0.27;374.76;20.06;1454;49;3973.00;322
9839;30;4725430;9839;575;11292;11614;4.33;0.26;374.77;20.06;1453;49;3974.00;322
9845;30;4725445;9845;579;11296;11620;4.24;0.26;374.92;20.06;1451;49;3975.00;324
9848;30;4725463;9848;581;11296;11620;4.18;0.25;374.96;20.06;1448;49;3976.00;324
9853;30;4725478;9853;588;11296;11620;4.10;0.25;375.00;20.06;1443;49;3977.00;324
9857;30;4725495;9857;585;11297;11623;4.06;0.25;375.09;20.06;1440;49;3978.00;326
9860;30;4725510;9860;582;11297;11623;4.04;0.25;375.26;20.06;1437;49;3979.00;326
9866;30;4725525;9866;598;11297;11623;3.97;0.24;375.34;20.06;1431;49;3980.00;326
9871;30;4725540;9871;597;11298;11624;3.92;0.24;375.45;20.06;1427;49;3981.00;326
9872;30;4725557;9872;597;11300;11625;3.90;0.24;375.46;20.05;1428;50;3982.00;325
9877;30;4725580;9877;588;11300;11625;3.88;0.24;375.54;20.05;1423;50;3983.00;325
9880;30;4725600;9880;598;11311;11638;3.92;0.24;375.66;20.04;1431;50;3984.00;327
9884;30;4725616;9884;603;11311;11638;3.90;0.24;375.67;20.04;1427;50;3985.00;327
9884;30;4725630;9884;616;11312;11638;3.91;0.24;375.67;20.04;1428;50;3986.00;326
9890;30;4725646;9890;624;11312;11639;3.85;0.24;375.65;20.04;1422;50;3987.00;327
9891;30;4725661;9891;625;11312;11639;3.88;0.24;375.67;20.04;1421;50;3988.00;327
9895;30;4725675;9895;632;11315;11643;3.85;0.24;375.68;20.03;1420;50;3989.00;328
9900;30;4725692;9900;634;11315;11643;3.82;0.23;375.72;20.03;1415;50;3990.00;328
9902;30;4725707;9902;636;11318;11647;3.82;0.23;375.69;20.03;1416;50;3991.00;329
9905;30;4725721;9905;635;11318;11647;3.77;0.23;375.77;20.03;1413;50;3992.00;329
9909;30;4725736;9909;640;11318;11647;3.70;0.23;375.82;20.03;1409;50;3993.00;329
9911;30;4725750;9911;643;11318;11647;3.65;0.23;375.82;20.03;1407;50;3994.00;329
9916;30;4725764;9916;643;11318;11647;3.63;0.22;375.86;20.03;1402;50;3995.00;329
9918;30;4725779;9918;635;11327;11659;3.73;0.23;375.92;20.01;1409;50;3996.00;332
9923;30;4725794;9923;635;11329;11659;3.71;0.23;376.10;20.11;1406;50;3997.00;330
9925;30;4725816;9925;634;11329;11659;3.73;0.23;376.21;20.11;1404;50;3998.00;330
9930;30;4725834;9930;627;11329;11659;3.73;0.23;376.37;20.11;1399;50;3999.00;330
9932;30;4725849;9932;626;11329;11659;3.76;0.23;376.55;20.11;1397;50;4000.00;330
9933;30;4725867;9933;628;11330;11659;3.74;0.23;376.53;20.11;1397;50;4001.00;329
9938;30;4725881;9938;629;11331;11660;3.67;0.23;376.55;20.11;1393;50;4002.00;329
9939;30;4725896;9939;636;11331;11660;3.66;0.23;376.61;20.11;1392;50;4003.00;329
9941;30;4725911;9941;637;11336;11666;3.63;0.22;376.60;20.11;1395;50;4004.00;330
9944;30;4725926;9944;649;11337;11668;3.60;0.22;376.61;20.10;1393;50;4005.00;331
9947;30;4725942;9947;648;11337;11668;3.53;0.22;376.67;20.10;1390;50;4006.00;331
9951;30;4725956;9951;647;11339;11668;3.47;0.21;376.69;20.11;1388;50;4007.00;329
9953;30;4725971;9953;643;11342;11672;3.45;0.21;376.65;20.10;1389;50;4008.00;330
9955;30;4725986;9955;645;11342;11672;3.42;0.21;376.67;20.10;1387;50;4009.00;330
9955;30;4726001;9955;643;11344;11672;3.45;0.21;376.67;20.10;1389;50;4010.00;328
9960;30;4726016;9960;643;11345;11673;3.46;0.21;376.68;20.10;1385;50;4011.00;328
9962;30;4726032;9962;649;11349;11677;3.50;0.21;376.67;20.09;1387;50;4012.00;328
9964;30;4726046;9964;652;11350;11677;3.50;0.22;376.68;20.09;1386;50;4013.00;327
9967;30;4726062;9967;654;11351;11680;3.55;0.22;376.65;20.09;1384;50;4014.00;329
9970;30;4726078;9970;662;11352;11680;3.56;0.22;376.58;20.09;1382;50;4015.00;328
9973;30;4726096;9973;648;11352;11680;3.57;0.22;376.58;20.09;1379;50;4016.00;328
9974;30;4726113;9974;634;11353;11680;3.58;0.22;376.60;20.09;1379;50;4017.00;327
9978;30;4726128;9978;628;11356;11684;3.60;0.22;376.58;20.09;1378;50;4018.00;328
9982;30;4726143;9982;625;11357;11684;3.66;0.22;376.52;20.09;1375;50;4019.00;327
9982;30;4726161;9982;627;11357;11684;3.70;0.23;376.52;20.09;1375;50;4020.00;327
9986;30;4726180;9986;626;11358;11684;3.68;0.22;376.44;20.09;1372;50;4021.00;326
9988;30;4726196;9988;615;11359;11685;3.69;0.22;376.40;20.08;1371;50;4022.00;326
9989;30;4726210;9989;620;11361;11686;3.74;0.23;376.48;20.08;1372;50;4023.00;325
9992;30;4726225;9992;622;11361;11686;3.76;0.23;376.45;20.08;1369;50;4024.00;325
9993;30;4726240;9993;629;11362;11687;3.82;0.23;376.51;20.08;1369;50;4025.00;325
9993;30;4726255;9993;629;11362;11687;3.89;0.24;376.51;20.08;1369;50;4026.00;325
9996;30;4726270;9996;624;11363;11687;3.94;0.24;376.44;20.18;1367;50;4027.00;324
9996;30;4726284;9996;622;11363;11687;4.00;0.24;376.44;20.18;1367;50;4028.00;324
9997;30;4726298;9997;614;11363;11687;4.01;0.24;376.41;20.18;1366;50;4029.00;324
9997;30;4726313;9997;618;11363;11687;4.05;0.25;376.41;20.18;1366;50;4030.00;324
9997;30;4726329;9997;616;11363;11687;4.10;0.25;376.41;20.18;1366;50;4031.00;324
9998;30;4726344;9998;623;11426;11814;4.44;0.28;376.46;20.07;1428;50;4032.00;388
10000;30;4726368;10000;621;11428;11815;4.43;0.28;376.41;20.06;1428;50;4033.00;387
10001;30;4726383;10001;619;11437;11815;4.50;0.28;376.39;20.05;1436;50;4034.00;378
10002;30;4726398;10002;619;11441;11815;4.52;0.28;376.38;20.04;1439;50;4035.00;374
10006;30;4726413;10006;603;11447;11815;4.52;0.28;376.50;20.04;1441;50;4036.00;368
10006;30;4726428;10006;591;11450;11815;4.49;0.28;376.50;20.03;1444;50;4037.00;365
10008;30;4726445;10008;579;11455;11815;4.47;0.28;376.63;20.03;1447;50;4038.00;360
10011;30;4726460;10011;573;11458;11815;4.46;0.27;376.69;20.02;1447;50;4039.00;357
10011;30;4726476;10011;580;11459;11816;4.43;0.27;376.69;20.02;1448;50;4040.00;357
10011;31;4726493;10011;573;11464;11817;4.46;0.27;376.69;20.02;1453;51;4041.00;353
10012;31;4726528;10012;571;11466;11817;4.44;0.27;376.72;20.12;1454;51;4042.00;351
10014;31;4726556;10014;571;11468;11818;4.44;0.27;376.76;20.11;1454;51;4043.00;350
10016;31;4726573;10016;577;11470;11818;4.43;0.27;376.79;20.11;1454;51;4044.00;348
10018;31;4726594;10018;580;11471;11818;4.41;0.27;376.77;20.11;1453;51;4045.00;347
10020;31;4726610;10020;574;11475;11818;4.39;0.27;376.79;20.11;1455;51;4046.00;343
10022;31;4726628;10022;579;11480;11822;4.43;0.27;376.78;20.20;1458;51;4047.00;342
10023;31;4726657;10023;575;11481;11822;4.43;0.27;376.79;20.20;1458;51;4048.00;341
10023;31;4726673;10023;578;11483;11822;4.39;0.27;376.79;20.20;1460;51;4049.00;339
10024;31;4726691;10024;581;11487;11828;4.44;0.27;376.77;20.20;1463;51;4050.00;341
10024;31;4726708;10024;576;11487;11828;4.49;0.28;376.77;20.20;1463;51;4051.00;341
10025;31;4726724;10025;570;11489;11828;4.54;0.28;376.77;20.20;1464;51;4052.00;339
10026;31;4726740;10026;567;11493;11832;4.61;0.28;376.77;20.19;1467;51;4053.00;339
10031;31;4726757;10031;555;11494;11833;4.65;0.28;376.92;20.19;1463;51;4054.00;339
10032;31;4726775;10032;553;11494;11833;4.67;0.29;376.88;20.19;1462;51;4055.00;339
10035;31;4726791;10035;543;11499;11837;4.71;0.29;376.89;20.18;1464;51;4056.00;338
10036;31;4726808;10036;539;11499;11837;4.74;0.29;376.92;20.18;1463;51;4057.00;338
10042;31;4726824;10042;530;11499;11837;4.73;0.29;377.07;20.18;1457;51;4058.00;338
10044;31;4726840;10044;528;11500;11838;4.74;0.29;377.09;20.18;1456;51;4059.00;338
10048;31;4726858;10048;527;11500;11838;4.71;0.29;377.13;20.18;1452;51;4060.00;338
10050;31;4726874;10050;523;11504;11844;4.78;0.29;377.16;20.17;1454;51;4061.00;340
10051;31;4726890;10051;524;11504;11844;4.83;0.29;377.13;20.17;1453;51;4062.00;340
10053;31;4726906;10053;520;11504;11845;4.83;0.29;377.15;20.17;1451;51;4063.00;341
10057;31;4726922;10057;521;11505;11845;4.81;0.29;377.33;20.25;1448;51;4064.00;340
10058;31;4726941;10058;517;11506;11845;4.84;0.29;377.31;20.33;1448;51;4065.00;339
10060;31;4726964;10060;509;11506;11845;4.87;0.30;377.32;20.33;1446;51;4066.00;339
10065;31;4726985;10065;500;11506;11845;4.81;0.29;377.32;20.33;1441;51;4067.00;339
10069;31;4727004;10069;505;11515;11857;4.87;0.30;377.48;20.32;1446;51;4068.00;342
10075;31;4727022;10075;497;11515;11857;4.86;0.29;377.47;20.32;1440;51;4069.00;342
10076;31;4727039;10076;499;11517;11857;4.87;0.30;377.48;20.31;1441;51;4070.00;340
10078;31;4727055;10078;503;11517;11857;4.86;0.29;377.51;20.31;1439;51;4071.00;340
10080;31;4727071;10080;503;11517;11857;4.89;0.30;377.58;20.31;1437;51;4072.00;340
10085;31;4727088;10085;505;11519;11857;4.90;0.30;377.64;20.32;1434;51;4073.00;338
10088;31;4727104;10088;503;11522;11861;4.90;0.30;377.74;20.31;1434;51;4074.00;339
10094;31;4727121;10094;502;11524;11861;4.89;0.30;377.84;20.31;1430;51;4075.00;337
10096;31;4727137;10096;496;11527;11865;4.92;0.30;377.83;20.31;1431;51;4076.00;338
10098;31;4727155;10098;498;11528;11866;4.96;0.30;377.95;20.31;1430;51;4077.00;338
10101;31;4727171;10101;506;11529;11866;4.96;0.30;377.96;20.30;1428;51;4078.00;337
10102;31;4727188;10102;504;11529;11866;4.97;0.30;377.93;20.30;1427;51;4079.00;337
10104;31;4727205;10104;509;11550;11895;5.02;0.30;377.93;20.27;1446;51;4080.00;345
10108;31;4727224;10108;507;11550;11895;5.01;0.30;377.89;20.27;1442;51;4081.00;345
10109;31;4727241;10109;501;11552;11895;5.05;0.31;377.86;20.26;1443;51;4082.00;343
10113;31;4727256;10113;491;11554;11896;5.07;0.31;377.82;20.26;1441;51;4083.00;342
10116;31;4727272;10116;490;11555;11897;5.09;0.31;377.89;20.26;1439;51;4084.00;342
10117;31;4727288;10117;498;11555;11897;5.08;0.31;377.95;20.26;1438;51;4085.00;342
10120;31;4727305;10120;496;11558;11900;5.03;0.31;377.94;20.34;1438;51;4086.00;342
10121;31;4727322;10121;492;11559;11900;5.00;0.31;377.93;20.34;1438;51;4087.00;341
10128;31;4727338;10128;501;11559;11900;4.93;0.30;378.14;20.34;1431;51;4088.00;341
10131;31;4727354;10131;512;11559;11900;4.87;0.30;378.16;20.34;1428;51;4089.00;341
10134;31;4727370;10134;520;11565;11906;4.94;0.30;378.29;20.41;1431;51;4090.00;341
10140;31;4727392;10140;522;11565;11906;4.89;0.30;378.30;20.41;1425;51;4091.00;341
10141;31;4727420;10141;529;11565;11906;4.90;0.30;378.29;20.41;1424;51;4092.00;341
10143;31;4727437;10143;534;11566;11906;4.88;0.30;378.33;20.49;1423;51;4093.00;340
10146;31;4727454;10146;536;11569;11910;4.84;0.30;378.37;20.48;1423;51;4094.00;341
10148;31;4727469;10148;539;11571;11912;4.84;0.30;378.37;20.48;1423;51;4095.00;341
10149;32;4727486;10149;536;11571;11912;4.85;0.30;378.36;20.48;1422;52;4096.00;341
10151;32;4727512;10151;540;11572;11913;4.87;0.30;378.44;20.48;1421;52;4097.00;341
10154;32;4727534;10154;552;11574;11913;4.87;0.30;378.47;20.64;1420;52;4098.00;339
10157;32;4727551;10157;561;11574;11913;4.89;0.30;378.51;20.64;1417;53;4099.00;339
10158;32;4727577;10158;564;11575;11913;4.91;0.30;378.50;20.72;1417;53;4100.00;338
10161;32;4727597;10161;562;11575;11913;4.85;0.30;378.50;20.72;1414;53;4101.00;338
10163;32;4727613;10163;560;11577;11913;4.82;0.30;378.47;20.88;1414;53;4102.00;336
10168;32;4727629;10168;561;11577;11913;4.78;0.29;378.50;20.88;1409;53;4103.00;336
10169;32;4727645;10169;569;11614;11983;4.97;0.31;378.49;20.81;1445;53;4104.00;369
10173;32;4727665;10173;570;11617;11984;4.99;0.31;378.59;20.81;1444;53;4105.00;367
10178;32;4727681;10178;574;11626;11984;4.96;0.31;378.75;20.96;1448;53;4106.00;358
10182;32;4727697;10182;570;11626;11984;4.95;0.30;378.72;20.96;1444;53;4107.00;358
10185;32;4727712;10185;569;11630;11984;5.00;0.31;378.80;20.95;1445;53;4108.00;354
10187;32;4727728;10187;565;11633;11984;5.04;0.31;378.81;20.95;1446;53;4109.00;351
10189;32;4727746;10189;568;11636;11984;5.04;0.31;378.90;20.94;1447;53;4110.00;348
10192;32;4727762;10192;560;11639;11984;5.03;0.31;378.94;20.94;1447;53;4111.00;345
10194;32;4727783;10194;559;11641;11985;5.04;0.31;379.01;20.94;1447;53;4112.00;344
10197;32;4727800;10197;557;11646;11986;5.04;0.31;379.00;21.09;1449;53;4113.00;340
10201;32;4727822;10201;562;11646;11986;4.95;0.30;379.09;21.09;1445;53;4114.00;340
10202;32;4727837;10202;567;11648;11990;4.93;0.30;379.06;21.09;1446;53;4115.00;342
10205;32;4727855;10205;569;11648;11990;4.87;0.30;379.21;21.09;1443;53;4116.00;342
10207;32;4727873;10207;567;11648;11990;4.83;0.29;379.31;21.09;1441;53;4117.00;342
10209;32;4727888;10209;578;11650;11990;4.76;0.29;379.26;21.25;1441;53;4118.00;340
10212;32;4727904;10212;578;11655;11996;4.77;0.29;379.39;21.24;1443;53;4119.00;341
10215;32;4727924;10215;588;11655;11996;4.73;0.29;379.47;21.24;1440;53;4120.00;341
10218;32;4727943;10218;596;11655;11996;4.66;0.28;379.47;21.24;1437;53;4121.00;341
10221;32;4727960;10221;604;11658;11999;4.55;0.28;379.58;21.23;1437;53;4122.00;341
10224;32;4727975;10224;612;11658;11999;4.43;0.27;379.60;21.23;1434;53;4123.00;341
10228;32;4727992;10228;627;11658;11999;4.27;0.26;379.67;21.23;1430;53;4124.00;341
10230;32;4728006;10230;614;11658;12000;4.17;0.25;379.78;21.23;1428;53;4125.00;342
10235;32;4728021;10235;621;11659;12001;4.10;0.25;379.83;21.23;1424;53;4126.00;342
10236;32;4728035;10236;618;11659;12001;4.09;0.25;379.81;21.23;1423;53;4127.00;342
10238;32;4728049;10238;620;11668;12014;4.12;0.25;379.82;21.21;1430;53;4128.00;346
10244;32;4728064;10244;628;11668;12014;4.08;0.25;379.92;21.21;1424;53;4129.00;346
10246;32;4728078;10246;627;11669;12014;4.05;0.25;379.93;21.21;1423;53;4130.00;345
10250;32;4728096;10250;629;11670;12015;4.03;0.24;380.03;21.21;1420;53;4131.00;345
10252;32;4728132;10252;627;11670;12015;4.02;0.24;380.01;21.21;1418;53;4132.00;345
10253;32;4728149;10253;627;11674;12019;4.08;0.25;380.10;21.21;1421;53;4133.00;345
10258;32;4728165;10258;631;11674;12019;4.05;0.25;380.26;21.21;1416;53;4134.00;345
10261;32;4728179;10261;635;11677;12023;4.02;0.24;380.32;21.20;1416;53;4135.00;346
10265;32;4728194;10265;642;11678;12023;3.99;0.24;380.48;21.20;1413;53;4136.00;345
10267;32;4728209;10267;641;11678;12023;4.02;0.24;380.48;21.20;1411;53;4137.00;345
10271;32;4728223;10271;645;11679;12023;4.02;0.24;380.63;21.20;1408;53;4138.00;344
10274;32;4728239;10274;643;11680;12023;4.07;0.25;380.77;21.20;1406;53;4139.00;343
10280;32;4728257;10280;650;11706;12057;4.15;0.25;380.83;21.16;1426;53;4140.00;351
10282;32;4728277;10282;651;11706;12057;4.15;0.25;380.88;21.16;1424;53;4141.00;351
10287;32;4728295;10287;639;11707;12057;4.13;0.25;380.97;21.15;1420;53;4142.00;350
10291;32;4728312;10291;647;11707;12057;4.10;0.25;381.09;21.15;1416;53;4143.00;350
10295;32;4728328;10295;650;11709;12057;4.08;0.25;381.05;21.26;1414;53;4144.00;348
10297;32;4728345;10297;655;11709;12057;4.03;0.25;381.05;21.26;1412;53;4145.00;348
10303;32;4728360;10303;664;11709;12058;3.98;0.24;381.22;21.26;1406;53;4146.00;349
10306;32;4728375;10306;671;11709;12058;3.93;0.24;381.32;21.26;1403;53;4147.00;349
10313;32;4728390;10313;674;11713;12064;3.84;0.23;381.33;21.25;1400;53;4148.00;351
10317;32;4728408;10317;670;11714;12065;3.74;0.23;381.42;21.25;1397;53;4149.00;351
10322;32;4728431;10322;679;11714;12065;3.68;0.22;381.38;21.25;1392;53;4150.00;351
10324;32;4728449;10324;680;11714;12065;3.66;0.22;381.41;21.25;1390;53;4151.00;351
10325;32;4728464;10325;681;11717;12069;3.68;0.23;381.43;21.24;1392;53;4152.00;352
10328;32;4728480;10328;682;11717;12069;3.65;0.22;381.43;21.24;1389;53;4153.00;352
10333;32;4728496;10333;684;11717;12069;3.61;0.22;381.42;21.24;1384;53;4154.00;352
10334;32;4728510;10334;674;11718;12070;3.63;0.22;381.43;21.24;1384;53;4155.00;352
10339;32;4728524;10339;682;11721;12074;3.57;0.22;381.40;21.24;1382;53;4156.00;353
10345;32;4728539;10345;681;11721;12074;3.52;0.22;381.32;21.24;1376;53;4157.00;353
10349;32;4728554;10349;680;11722;12077;3.49;0.21;381.29;21.24;1373;53;4158.00;355
10354;32;4728568;10354;677;11722;12077;3.39;0.21;381.34;21.24;1368;53;4159.00;355
10355;32;4728582;10355;676;11722;12077;3.37;0.21;381.31;21.24;1367;53;4160.00;355
10361;32;4728595;10361;679;11722;12077;3.29;0.20;381.42;21.24;1361;53;4161.00;355
10363;32;4728609;10363;683;11725;12081;3.29;0.20;381.42;21.23;1362;53;4162.00;356
10365;32;4728623;10365;692;11725;12081;3.27;0.20;381.41;21.23;1360;53;4163.00;356
10367;32;4728637;10367;683;11726;12081;3.25;0.20;381.48;21.23;1359;53;4164.00;355
10372;32;4728650;10372;686;11726;12081;3.24;0.20;381.42;21.23;1354;53;4165.00;355
10377;32;4728665;10377;683;11727;12082;3.21;0.20;381.35;21.23;1350;53;4166.00;355
10378;32;4728677;10378;684;11727;12083;3.22;0.20;381.31;21.23;1349;53;4167.00;356
10380;32;4728691;10380;678;11728;12083;3.21;0.20;381.35;21.23;1348;53;4168.00;355
10381;32;4728703;10381;675;11729;12084;3.22;0.20;381.35;21.23;1348;53;4169.00;355
10381;32;4728718;10381;682;11730;12084;3.19;0.20;381.35;21.23;1349;53;4170.00;354
10384;32;4728731;10384;681;11730;12084;3.16;0.19;381.43;21.23;1346;53;4171.00;354
10386;32;4728744;10386;669;11731;12084;3.13;0.19;381.40;21.34;1345;53;4172.00;353
10388;32;4728756;10388;668;11734;12086;3.13;0.19;381.37;21.33;1346;53;4173.00;352
10389;32;4728770;10389;661;11734;12086;3.15;0.19;381.36;21.33;1345;53;4174.00;352
10390;32;4728783;10390;662;11734;12086;3.17;0.19;381.36;21.33;1344;53;4175.00;352
10390;32;4728796;10390;675;11804;12213;3.55;0.22;381.36;21.21;1414;53;4176.00;409
10390;32;4728818;10390;672;11808;12214;3.58;0.22;381.36;21.21;1418;53;4177.00;406
10392;32;4728832;10392;672;11815;12214;3.62;0.23;381.36;21.20;1423;53;4178.00;399
10393;32;4728846;10393;675;11819;12214;3.65;0.23;381.40;21.19;1426;53;4179.00;395
10394;32;4728860;10394;668;11824;12214;3.66;0.23;381.39;21.18;1430;53;4180.00;390
10396;32;4728874;10396;653;11827;12214;3.68;0.23;381.39;21.18;1431;53;4181.00;387
10398;32;4728889;10398;635;11830;12214;3.68;0.23;381.40;21.17;1432;53;4182.00;384
10400;32;4728902;10400;612;11832;12214;3.70;0.23;381.45;21.17;1432;53;4183.00;382
10401;32;4728917;10401;601;11834;12215;3.76;0.23;381.45;21.17;1433;53;4184.00;381
10403;33;4728933;10403;595;11836;12217;3.81;0.24;381.49;21.17;1433;54;4185.00;381
10404;33;4728965;10404;584;11840;12217;3.86;0.24;381.47;21.16;1436;54;4186.00;377
10406;33;4728981;10406;577;11842;12218;3.93;0.24;381.47;21.16;1436;54;4187.00;376
10408;33;4728997;10408;571;11845;12218;4.00;0.25;381.44;21.27;1437;54;4188.00;373
10409;33;4729012;10409;564;11848;12218;4.11;0.25;381.50;21.27;1439;54;4189.00;370
10411;33;4729035;10411;562;11850;12218;4.22;0.26;381.54;21.26;1439;54;4190.00;368
10411;33;4729052;10411;574;11854;12222;4.32;0.26;381.54;21.26;1443;54;4191.00;368
10412;33;4729068;10412;573;11855;12222;4.41;0.27;381.59;21.26;1443;54;4192.00;367
10413;33;4729086;10413;569;11855;12222;4.44;0.27;381.57;21.26;1442;54;4193.00;367
10415;33;4729102;10415;561;11858;12225;4.51;0.28;381.60;21.25;1443;54;4194.00;367
10416;33;4729119;10416;555;11858;12225;4.52;0.28;381.62;21.25;1442;54;4195.00;367
10418;33;4729135;10418;552;11859;12225;4.62;0.28;381.65;21.25;1441;54;4196.00;366
10418;33;4729153;10418;540;11862;12229;4.68;0.29;381.65;21.25;1444;54;4197.00;367
10418;33;4729174;10418;541;11865;12230;4.68;0.29;381.65;21.25;1447;54;4198.00;365
10419;33;4729191;10419;540;11865;12230;4.71;0.29;381.68;21.25;1446;54;4199.00;365
10422;33;4729211;10422;548;11877;12264;4.75;0.29;381.62;21.23;1455;54;4200.00;387
10424;33;4729236;10424;534;11878;12264;4.75;0.29;381.55;21.23;1454;54;4201.00;386
10427;33;4729252;10427;538;11880;12264;4.75;0.29;381.58;21.23;1453;54;4202.00;384
10429;33;4729268;10429;540;11880;12265;4.76;0.29;381.60;21.23;1451;54;4203.00;385
10432;33;4729284;10432;537;11882;12265;4.76;0.29;381.76;21.22;1450;54;4204.00;383
10433;33;4729302;10433;539;11887;12271;4.75;0.29;381.81;21.22;1454;54;4205.00;384
10437;33;4729321;10437;540;11890;12271;4.69;0.28;381.84;21.21;1453;54;4206.00;381
10437;33;4729337;10437;535;11890;12272;4.71;0.29;381.84;21.21;1453;54;4207.00;382
10440;33;4729353;10440;531;11890;12272;4.68;0.28;381.79;21.21;1450;54;4208.00;382
10441;33;4729369;10441;542;11890;12272;4.70;0.29;381.79;21.21;1449;54;4209.00;382
10444;33;4729385;10444;535;11891;12272;4.66;0.28;381.89;21.21;1447;54;4210.00;381
10445;33;4729402;10445;534;11891;12272;4.69;0.28;381.87;21.21;1446;54;4211.00;381
10447;33;4729423;10447;536;11902;12284;4.69;0.28;381.95;21.19;1455;54;4212.00;382
10447;33;4729441;10447;536;11903;12284;4.70;0.29;381.95;21.30;1456;54;4213.00;381
10448;33;4729459;10448;537;11904;12284;4.68;0.28;382.06;21.30;1456;54;4214.00;380
10450;33;4729476;10450;540;11904;12284;4.69;0.28;382.02;21.30;1454;54;4215.00;380
10450;33;4729494;10450;530;11905;12284;4.70;0.28;382.02;21.30;1455;54;4216.00;379
10452;33;4729511;10452;525;11905;12284;4.71;0.29;382.03;21.30;1453;54;4217.00;379
10454;34;4729528;10454;522;11909;12288;4.73;0.29;382.06;21.30;1455;55;4218.00;379
10457;34;4729557;10457;517;11909;12288;4.75;0.29;382.10;21.30;1452;55;4219.00;379
10460;34;4729574;10460;517;11912;12292;4.80;0.29;382.15;21.29;1452;55;4220.00;380
10461;34;4729590;10461;511;11913;12293;4.86;0.29;382.20;21.29;1452;55;4221.00;380
10465;34;4729610;10465;505;11914;12293;4.88;0.30;382.43;21.29;1449;55;4222.00;379
10468;34;4729626;10468;510;11915;12293;4.90;0.30;382.53;21.29;1447;55;4223.00;378
10469;34;4729642;10469;515;11923;12306;4.94;0.30;382.52;21.28;1454;55;4224.00;383
10475;34;4729659;10475;508;11925;12306;4.96;0.30;382.57;21.27;1450;55;4225.00;381
10475;34;4729674;10475;510;11925;12306;4.99;0.30;382.57;21.27;1450;55;4226.00;381
10477;34;4729690;10477;507;11926;12307;5.04;0.31;382.61;21.27;1449;55;4227.00;381
10481;34;4729705;10481;518;11927;12308;5.06;0.31;382.76;21.27;1446;55;4228.00;381
10485;34;4729720;10485;518;11927;12308;5.10;0.31;382.75;21.27;1442;55;4229.00;381
10490;34;4729737;10490;514;11934;12314;5.16;0.31;382.89;21.44;1444;55;4230.00;380
10495;34;4729759;10495;520;11934;12314;5.14;0.31;382.87;21.44;1439;55;4231.00;380
10499;34;4729776;10499;521;11937;12314;5.13;0.31;382.86;21.54;1438;55;4232.00;377
10504;34;4729791;10504;522;11937;12314;5.09;0.31;382.88;21.54;1433;55;4233.00;377
10508;34;4729808;10508;521;11943;12320;5.08;0.31;382.95;21.53;1435;55;4234.00;377
10510;34;4729825;10510;524;11943;12320;5.03;0.30;383.00;21.53;1433;55;4235.00;377
10512;34;4729840;10512;519;11944;12320;5.00;0.30;383.05;21.54;1432;55;4236.00;376
10512;34;4729857;10512;521;11944;12320;4.99;0.30;383.05;21.54;1432;55;4237.00;376
10515;34;4729872;10515;524;11947;12324;4.92;0.30;383.13;21.53;1432;55;4238.00;377
10516;34;4729888;10516;528;11948;12325;4.89;0.30;383.10;21.53;1432;55;4239.00;377
10518;34;4729903;10518;540;11949;12325;4.83;0.29;383.16;21.53;1431;55;4240.00;376
10522;34;4729919;10522;545;11951;12326;4.78;0.29;383.15;21.53;1429;55;4241.00;375
10526;34;4729934;10526;548;11951;12326;4.75;0.29;383.15;21.53;1425;55;4242.00;375
10530;34;4729949;10530;547;11951;12326;4.72;0.29;383.29;21.53;1421;55;4243.00;375
10532;34;4729964;10532;546;11951;12326;4.74;0.29;383.30;21.53;1419;55;4244.00;375
10535;34;4729980;10535;551;11951;12326;4.69;0.29;383.33;21.53;1416;55;4245.00;375
10538;34;4729995;10538;553;11954;12326;4.71;0.29;383.38;21.53;1416;55;4246.00;372
10540;34;4730010;10540;556;11954;12326;4.71;0.29;383.45;21.53;1414;55;4247.00;372
10544;34;4730025;10544;558;11990;12396;4.77;0.29;383.41;21.47;1446;55;4248.00;406
10546;34;4730046;10546;557;11992;12397;4.75;0.29;383.41;21.47;1446;55;4249.00;405
10547;34;4730063;10547;551;11999;12397;4.78;0.29;383.43;21.46;1452;55;4250.00;398
10549;34;4730078;10549;548;12003;12397;4.77;0.29;383.41;21.45;1454;55;4251.00;394
10551;35;4730093;10551;552;12008;12397;4.74;0.29;383.47;21.45;1457;56;4252.00;389
10553;35;4730121;10553;549;12011;12397;4.76;0.29;383.49;21.45;1458;56;4253.00;386
10554;35;4730137;10554;547;12015;12397;4.81;0.30;383.53;21.44;1461;56;4254.00;382
10559;35;4730153;10559;547;12019;12397;4.78;0.29;383.60;21.44;1460;56;4255.00;378
10561;35;4730169;10561;549;12021;12398;4.80;0.29;383.58;21.44;1460;56;4256.00;377
10565;35;4730185;10565;553;12022;12399;4.79;0.29;383.55;21.44;1457;56;4257.00;377
10568;35;4730201;10568;555;12024;12399;4.76;0.29;383.65;21.43;1456;56;4258.00;375
10571;35;4730216;10571;556;12027;12403;4.75;0.29;383.61;21.43;1456;56;4259.00;376
10575;35;4730233;10575;563;12028;12403;4.70;0.29;383.61;21.43;1453;56;4260.00;375
10577;35;4730252;10577;566;12029;12403;4.69;0.29;383.61;21.43;1452;56;4261.00;374
10579;35;4730268;10579;580;12029;12403;4.66;0.28;383.59;21.43;1450;56;4262.00;374
10583;35;4730284;10583;581;12033;12409;4.65;0.28;383.72;21.42;1450;56;4263.00;376
10584;35;4730300;10584;581;12033;12409;4.64;0.28;383.71;21.42;1449;56;4264.00;376
10587;35;4730314;10587;585;12033;12409;4.58;0.28;383.74;21.42;1446;56;4265.00;376
10591;35;4730335;10591;589;12034;12412;4.54;0.28;383.74;21.42;1443;56;4266.00;378
10591;35;4730351;10591;590;12034;12412;4.54;0.28;383.74;21.42;1443;56;4267.00;378
10594;35;4730366;10594;588;12034;12412;4.48;0.27;383.87;21.42;1440;56;4268.00;378
10596;35;4730380;10596;599;12034;12413;4.41;0.27;383.88;21.42;1438;56;4269.00;379
10598;35;4730395;10598;605;12035;12414;4.40;0.27;383.95;21.42;1437;56;4270.00;379
10602;35;4730410;10602;611;12035;12414;4.35;0.27;383.98;21.42;1433;56;4271.00;379
10607;35;4730425;10607;614;12044;12427;4.33;0.26;384.04;21.40;1437;56;4272.00;383
10608;35;4730441;10608;610;12044;12427;4.34;0.27;384.03;21.40;1436;56;4273.00;383
10610;35;4730456;10610;611;12045;12427;4.36;0.27;384.06;21.40;1435;56;4274.00;382
10612;35;4730471;10612;603;12046;12429;4.36;0.27;384.03;21.40;1434;56;4275.00;383
10615;35;4730486;10615;595;12046;12429;4.34;0.27;384.03;21.40;1431;56;4276.00;383
10617;35;4730500;10617;594;12049;12433;4.36;0.27;384.10;21.39;1432;56;4277.00;384
10619;35;4730516;10619;587;12049;12433;4.34;0.27;384.11;21.39;1430;56;4278.00;384
10621;35;4730530;10621;587;12052;12437;4.33;0.26;384.08;21.39;1431;56;4279.00;385
10625;35;4730544;10625;581;12052;12437;4.30;0.26;384.16;21.39;1427;56;4280.00;385
10626;35;4730560;10626;585;12052;12437;4.31;0.26;384.19;21.39;1426;56;4281.00;385
10628;35;4730574;10628;595;12052;12437;4.26;0.26;384.26;21.39;1424;56;4282.00;385
10631;35;4730588;10631;599;12052;12437;4.21;0.26;384.28;21.39;1421;56;4283.00;385
10635;35;4730602;10635;593;12060;12449;4.22;0.26;384.42;21.37;1425;56;4284.00;389
10641;35;4730618;10641;605;12060;12449;4.16;0.25;384.51;21.37;1419;56;4285.00;389
10644;35;4730632;10644;609;12061;12449;4.09;0.25;384.47;21.37;1417;56;4286.00;388
10648;35;4730645;10648;622;12061;12449;4.00;0.24;384.56;21.37;1413;56;4287.00;388
10652;35;4730659;10652;627;12061;12449;3.93;0.24;384.57;21.37;1409;56;4288.00;388
10653;35;4730673;10653;633;12061;12449;3.84;0.23;384.58;21.37;1408;56;4289.00;388
10658;35;4730688;10658;622;12061;12450;3.76;0.23;384.68;21.37;1403;56;4290.00;389
10661;35;4730703;10661;617;12061;12450;3.72;0.23;384.69;21.37;1400;56;4291.00;389
10663;35;4730716;10663;611;12065;12456;3.75;0.23;384.78;21.36;1402;56;4292.00;391
10668;35;4730731;10668;605;12065;12457;3.68;0.23;384.84;21.36;1397;56;4293.00;392
10671;35;4730745;10671;608;12065;12457;3.66;0.22;384.88;21.36;1394;56;4294.00;392
10672;35;4730758;10672;603;12065;12457;3.68;0.23;384.91;21.36;1393;56;4295.00;392
10678;35;4730771;10678;602;12068;12461;3.67;0.22;385.05;21.36;1390;56;4296.00;393
10680;35;4730785;10680;596;12068;12461;3.68;0.23;385.03;21.36;1388;56;4297.00;393
10683;35;4730798;10683;586;12068;12461;3.66;0.22;385.22;21.36;1385;56;4298.00;393
10688;35;4730812;10688;579;12069;12462;3.66;0.22;385.25;21.36;1381;56;4299.00;393
10691;35;4730825;10691;573;12072;12466;3.66;0.22;385.26;21.35;1381;56;4300.00;394
10695;35;4730844;10695;569;12072;12466;3.64;0.22;385.31;21.35;1377;56;4301.00;394
10697;35;4730858;10697;566;12073;12469;3.60;0.22;385.30;21.35;1376;56;4302.00;396
10701;35;4730873;10701;564;12073;12469;3.58;0.22;385.21;21.35;1372;56;4303.00;396
10706;35;4730886;10706;572;12073;12469;3.53;0.21;385.17;21.35;1367;56;4304.00;396
10710;35;4730901;10710;570;12073;12469;3.52;0.21;385.13;21.35;1363;56;4305.00;396
10713;35;4730914;10713;566;12076;12473;3.55;0.22;385.07;21.34;1363;56;4306.00;397
10715;35;4730928;10715;571;12076;12473;3.55;0.22;385.03;21.34;1361;56;4307.00;397
10720;35;4730941;10720;572;12076;12473;3.54;0.22;384.93;21.34;1356;56;4308.00;397
10723;35;4730954;10723;568;12076;12473;3.57;0.22;384.89;21.34;1353;56;4309.00;397
10727;35;4730968;10727;563;12076;12474;3.55;0.22;384.88;21.34;1349;56;4310.00;398
10730;35;4730981;10730;562;12076;12475;3.55;0.22;384.80;21.34;1346;56;4311.00;399
10735;35;4730995;10735;557;12076;12475;3.51;0.21;384.70;21.34;1341;56;4312.00;399
10739;35;4731008;10739;553;12077;12476;3.50;0.21;384.69;21.34;1338;56;4313.00;399
10741;35;4731021;10741;547;12078;12476;3.47;0.21;384.66;21.45;1337;56;4314.00;398
10744;35;4731035;10744;542;12078;12476;3.46;0.21;384.64;21.45;1334;56;4315.00;398
10747;35;4731049;10747;547;12078;12476;3.42;0.21;384.63;21.45;1331;56;4316.00;398
10749;35;4731064;10749;559;12078;12476;3.41;0.21;384.63;21.45;1329;56;4317.00;398
10751;35;4731077;10751;559;12078;12476;3.38;0.21;384.64;21.45;1327;56;4318.00;398
10755;35;4731091;10755;559;12078;12476;3.36;0.20;384.63;21.45;1323;56;4319.00;398
10757;35;4731106;10757;588;12181;12706;3.81;0.24;384.59;21.27;1424;56;4320.00;525
10761;35;4731139;10761;585;12187;12707;3.83;0.24;384.62;21.26;1426;56;4321.00;520
10763;35;4731154;10763;574;12195;12707;3.92;0.25;384.68;21.24;1432;56;4322.00;512
10767;35;4731169;10767;576;12204;12707;3.89;0.24;384.82;21.23;1437;56;4323.00;503
10771;35;4731183;10771;567;12209;12707;3.90;0.25;384.74;21.22;1438;56;4324.00;498
10772;35;4731197;10772;569;12217;12707;3.92;0.25;384.73;21.21;1445;56;4325.00;490
10774;35;4731216;10774;565;12223;12707;3.92;0.25;384.75;21.21;1449;56;4326.00;484
10779;35;4731231;10779;563;12227;12707;3.88;0.24;384.83;21.20;1448;56;4327.00;480
10780;35;4731246;10780;566;12231;12708;3.88;0.24;384.89;21.20;1451;56;4328.00;477
10782;35;4731261;10782;570;12235;12709;3.84;0.24;384.87;21.19;1453;56;4329.00;474
10783;35;4731275;10783;558;12239;12709;3.80;0.24;384.88;21.19;1456;56;4330.00;470
10785;35;4731289;10785;552;12242;12710;3.76;0.24;384.87;21.19;1457;56;4331.00;468
10789;35;4731309;10789;555;12242;12710;3.69;0.23;384.93;21.19;1453;56;4332.00;468
10791;35;4731324;10791;549;12244;12710;3.69;0.23;385.00;21.29;1453;56;4333.00;466
10794;35;4731340;10794;557;12246;12710;3.65;0.23;384.97;21.29;1452;56;4334.00;464
10794;35;4731356;10794;559;12248;12714;3.66;0.23;384.97;21.29;1454;56;4335.00;466
10797;35;4731372;10797;560;12249;12714;3.65;0.23;385.07;21.29;1452;56;4336.00;465
10799;35;4731388;10799;556;12251;12714;3.68;0.23;385.06;21.29;1452;56;4337.00;463
10800;35;4731405;10800;564;12253;12717;3.77;0.23;385.07;21.29;1453;56;4338.00;464
10803;35;4731423;10803;562;12255;12717;3.86;0.24;385.05;21.29;1452;56;4339.00;462
10804;35;4731441;10804;551;12255;12717;3.94;0.24;385.06;21.29;1451;56;4340.00;462
10805;35;4731457;10805;557;12258;12721;4.01;0.25;385.08;21.29;1453;56;4341.00;463
10806;35;4731480;10806;553;12261;12722;4.06;0.25;385.09;21.30;1455;56;4342.00;461
10808;35;4731502;10808;562;12262;12722;4.06;0.25;385.06;21.30;1454;56;4343.00;460
10813;35;4731519;10813;556;12265;12726;4.08;0.25;385.03;21.29;1452;56;4344.00;461
10815;35;4731537;10815;558;12267;12726;4.10;0.25;385.10;21.30;1452;56;4345.00;459
10817;35;4731555;10817;545;12267;12726;4.11;0.25;385.11;21.30;1450;56;4346.00;459
10818;35;4731572;10818;521;12269;12727;4.14;0.25;385.11;21.40;1451;56;4347.00;458
10818;36;4731589;10818;511;12270;12727;4.18;0.26;385.11;21.40;1452;57;4348.00;457
10819;36;4731618;10819;506;12275;12733;4.23;0.26;385.08;21.40;1456;57;4349.00;458
10820;36;4731637;10820;498;12276;12733;4.29;0.26;385.05;21.40;1456;57;4350.00;457
10821;36;4731655;10821;505;12276;12734;4.35;0.26;385.01;21.40;1455;57;4351.00;458
10824;36;4731678;10824;503;12278;12734;4.37;0.27;385.15;21.41;1454;57;4352.00;456
10827;36;4731702;10827;509;12278;12734;4.44;0.27;385.15;21.41;1451;57;4353.00;456
10829;36;4731720;10829;509;12279;12734;4.44;0.27;385.35;21.41;1450;57;4354.00;455
10832;36;4731737;10832;506;12281;12734;4.46;0.27;385.37;21.41;1449;57;4355.00;453
10835;36;4731755;10835;504;12289;12746;4.53;0.28;385.42;21.40;1454;57;4356.00;457
10837;36;4731774;10837;495;12289;12746;4.59;0.28;385.45;21.40;1452;57;4357.00;457
10838;36;4731791;10838;492;12291;12746;4.62;0.28;385.43;21.39;1453;57;4358.00;455
10841;36;4731810;10841;488;12293;12746;4.66;0.28;385.46;21.40;1452;57;4359.00;453
10847;36;4731828;10847;480;12293;12746;4.70;0.29;385.55;21.40;1446;57;4360.00;453
10849;36;4731846;10849;472;12294;12746;4.78;0.29;385.60;21.40;1445;57;4361.00;452
10850;36;4731864;10850;474;12298;12750;4.81;0.29;385.71;21.40;1448;57;4362.00;452
10852;36;4731880;10852;469;12298;12750;4.85;0.30;385.74;21.40;1446;57;4363.00;452
10855;36;4731897;10855;472;12302;12754;4.86;0.30;385.78;21.40;1447;57;4364.00;452
10857;36;4731914;10857;475;12304;12756;4.86;0.30;385.84;21.40;1447;57;4365.00;452
10858;36;4731931;10858;487;12304;12756;4.88;0.30;385.85;21.40;1446;57;4366.00;452
10859;36;4731947;10859;489;12305;12756;4.85;0.29;385.85;21.40;1446;57;4367.00;451
10863;36;4731963;10863;497;12313;12769;4.86;0.30;386.07;21.39;1450;57;4368.00;456
10864;36;4731980;10864;502;12314;12769;4.83;0.29;386.09;21.39;1450;57;4369.00;455
10869;36;4732001;10869;512;12315;12769;4.80;0.29;386.34;21.39;1446;57;4370.00;454
10873;36;4732017;10873;514;12316;12770;4.79;0.29;386.37;21.39;1443;57;4371.00;454
10877;36;4732033;10877;513;12317;12771;4.76;0.29;386.42;21.39;1440;57;4372.00;454
10881;36;4732051;10881;515;12318;12771;4.75;0.29;386.62;21.39;1437;57;4373.00;453
10883;36;4732068;10883;521;12320;12774;4.79;0.29;386.65;21.40;1437;57;4374.00;454
10886;36;4732086;10886;535;12321;12774;4.78;0.29;386.81;21.51;1435;57;4375.00;453
10886;36;4732102;10886;525;12322;12774;4.77;0.29;386.81;21.51;1436;57;4376.00;452
10889;36;4732118;10889;526;12322;12774;4.79;0.29;386.86;21.51;1433;57;4377.00;452
10893;36;4732135;10893;535;12326;12780;4.77;0.29;386.95;21.50;1433;57;4378.00;454
10896;36;4732152;10896;536;12327;12780;4.75;0.29;387.00;21.50;1431;57;4379.00;453
10896;36;4732171;10896;528;12327;12780;4.71;0.29;387.00;21.50;1431;57;4380.00;453
10897;36;4732187;10897;527;12327;12780;4.66;0.28;387.03;21.50;1430;57;4381.00;453
10899;36;4732203;10899;524;12330;12784;4.59;0.28;387.22;21.50;1431;57;4382.00;454
10901;36;4732219;10901;528;12334;12785;4.57;0.28;387.33;21.51;1433;57;4383.00;451
10902;36;4732235;10902;522;12334;12785;4.54;0.28;387.39;21.51;1432;57;4384.00;451
10904;36;4732252;10904;518;12336;12786;4.50;0.27;387.39;21.51;1432;57;4385.00;450
10906;36;4732267;10906;508;12337;12786;4.49;0.27;387.39;21.52;1431;57;4386.00;449
10909;36;4732283;10909;509;12337;12786;4.48;0.27;387.42;21.52;1428;57;4387.00;449
10913;36;4732298;10913;505;12339;12786;4.51;0.27;387.46;21.52;1426;57;4388.00;447
10917;36;4732315;10917;500;12339;12786;4.54;0.28;387.50;21.52;1422;57;4389.00;447
10917;36;4732330;10917;494;12339;12786;4.61;0.28;387.50;21.52;1422;57;4390.00;447
10922;36;4732345;10922;480;12339;12786;4.64;0.28;387.57;21.52;1417;57;4391.00;447
10924;36;4732362;10924;478;12372;12856;4.70;0.29;387.69;21.47;1448;57;4392.00;484
10926;36;4732383;10926;470;12374;12857;4.70;0.29;387.73;21.47;1448;57;4393.00;483
10929;36;4732399;10929;461;12378;12857;4.72;0.29;387.69;21.47;1449;57;4394.00;479
10931;36;4732416;10931;458;12379;12857;4.75;0.29;387.72;21.56;1448;57;4395.00;478
10936;36;4732439;10936;449;12381;12857;4.73;0.29;387.70;21.57;1445;57;4396.00;476
10936;36;4732457;10936;461;12382;12857;4.74;0.29;387.70;21.57;1446;57;4397.00;475
10942;36;4732476;10942;452;12383;12857;4.74;0.29;387.79;21.57;1441;57;4398.00;474
10946;36;4732494;10946;457;12385;12857;4.73;0.29;387.84;21.57;1439;57;4399.00;472
10950;36;4732518;10950;456;12386;12858;4.74;0.29;387.89;21.57;1436;57;4400.00;472
10953;36;4732540;10953;453;12388;12859;4.74;0.29;387.97;21.57;1435;57;4401.00;471
10956;36;4732557;10956;457;12389;12859;4.74;0.29;388.07;21.57;1433;57;4402.00;470
10957;36;4732573;10957;454;12396;12863;4.75;0.29;388.11;21.57;1439;57;4403.00;467
10959;36;4732591;10959;455;12398;12863;4.74;0.29;388.09;21.56;1439;57;4404.00;465
10960;36;4732606;10960;449;12401;12863;4.75;0.29;388.08;21.57;1441;57;4405.00;462
10964;36;4732623;10964;451;12402;12863;4.75;0.29;388.16;21.57;1438;57;4406.00;461
10966;36;4732639;10966;455;12410;12869;4.78;0.29;388.21;21.57;1444;57;4407.00;459
10968;36;4732656;10968;454;12411;12869;4.80;0.29;388.33;21.57;1443;57;4408.00;458
10970;36;4732680;10970;461;12412;12869;4.78;0.29;388.33;21.58;1442;57;4409.00;457
10974;36;4732699;10974;461;12416;12875;4.80;0.29;388.41;21.57;1442;57;4410.00;459
10975;36;4732718;10975;460;12416;12875;4.80;0.29;388.46;21.57;1441;57;4411.00;459
10979;36;4732737;10979;459;12418;12875;4.77;0.29;388.56;21.57;1439;57;4412.00;457
10979;36;4732754;10979;464;12419;12876;4.78;0.29;388.56;21.58;1440;57;4413.00;457
10982;36;4732771;10982;469;12420;12877;4.80;0.29;388.58;21.57;1438;57;4414.00;457
10986;36;4732788;10986;469;12421;12877;4.78;0.29;388.64;21.58;1435;57;4415.00;456
10987;36;4732805;10987;473;12429;12890;4.77;0.29;388.64;21.57;1442;57;4416.00;461
10988;36;4732823;10988;479;12431;12890;4.77;0.29;388.67;21.57;1443;57;4417.00;459
10991;36;4732840;10991;486;12431;12890;4.74;0.29;388.70;21.57;1440;57;4418.00;459
10994;36;4732857;10994;484;12433;12891;4.73;0.29;388.70;21.59;1439;57;4419.00;458
10997;36;4732875;10997;491;12435;12891;4.67;0.29;388.79;21.69;1438;57;4420.00;456
10998;36;4732891;10998;501;12439;12895;4.68;0.29;388.88;21.68;1441;57;4421.00;456
11001;36;4732908;11001;506;12440;12895;4.65;0.28;388.96;21.68;1439;57;4422.00;455
11005;36;4732925;11005;514;12443;12899;4.63;0.28;388.96;21.68;1438;57;4423.00;456
11009;36;4732941;11009;516;12443;12899;4.59;0.28;389.10;21.68;1434;57;4424.00;456
11012;36;4732964;11012;534;12445;12899;4.54;0.28;389.19;21.78;1433;57;4425.00;454
11017;36;4732979;11017;535;12445;12899;4.49;0.27;389.33;21.78;1428;57;4426.00;454
11020;36;4732998;11020;541;12445;12899;4.49;0.27;389.46;21.78;1425;57;4427.00;454
11024;36;4733014;11024;542;12456;12911;4.51;0.28;389.44;21.86;1432;58;4428.00;455
11027;36;4733041;11027;542;12456;12911;4.46;0.27;389.53;21.86;1429;58;4429.00;455
11029;36;4733058;11029;550;12457;12911;4.43;0.27;389.54;21.86;1428;58;4430.00;454
11033;36;4733074;11033;556;12458;12911;4.39;0.27;389.64;21.95;1425;58;4431.00;453
11035;36;4733089;11035;561;12458;12911;4.36;0.27;389.64;21.95;1423;58;4432.00;453
11037;36;4733105;11037;572;12458;12911;4.31;0.26;389.71;21.95;1421;58;4433.00;453
11038;36;4733120;11038;571;12458;12912;4.27;0.26;389.75;21.95;1420;58;4434.00;454
11039;36;4733137;11039;577;12460;12912;4.25;0.26;389.77;22.15;1421;59;4435.00;452
11042;36;4733170;11042;586;12464;12918;4.27;0.26;389.84;22.14;1422;59;4436.00;454
11044;36;4733187;11044;589;12464;12919;4.27;0.26;390.00;22.14;1420;59;4437.00;455
11045;36;4733202;11045;595;12464;12919;4.20;0.26;390.05;22.14;1419;59;4438.00;455
11047;36;4733217;11047;590;12464;12919;4.18;0.26;390.03;22.14;1417;59;4439.00;455
11052;36;4733233;11052;581;12468;12924;4.19;0.26;390.02;22.13;1416;59;4440.00;456
11053;36;4733250;11053;586;12468;12924;4.16;0.25;390.00;22.13;1415;59;4441.00;456
11054;36;4733265;11054;585;12468;12924;4.16;0.25;390.02;22.13;1414;59;4442.00;456
11055;36;4733279;11055;590;12469;12925;4.14;0.25;390.00;22.13;1414;59;4443.00;456
11058;36;4733294;11058;591;12472;12929;4.14;0.25;390.00;22.13;1414;59;4444.00;457
11060;36;4733310;11060;600;12472;12929;4.12;0.25;390.04;22.13;1412;59;4445.00;457
11061;36;4733325;11061;604;12473;12932;4.13;0.25;390.07;22.12;1412;59;4446.00;459
11065;36;4733340;11065;603;12473;12932;4.07;0.25;390.17;22.12;1408;59;4447.00;459
11067;36;4733355;11067;606;12473;12932;4.01;0.24;390.15;22.12;1406;59;4448.00;459
11071;36;4733370;11071;609;12473;12932;3.98;0.24;390.14;22.12;1402;59;4449.00;459
11072;36;4733386;11072;619;12476;12936;4.00;0.24;390.12;22.12;1404;59;4450.00;460
11075;36;4733401;11075;607;12476;12936;3.94;0.24;390.10;22.12;1401;59;4451.00;460
11077;36;4733416;11077;611;12476;12936;3.90;0.24;390.15;22.12;1399;59;4452.00;460
11081;36;4733430;11081;605;12476;12936;3.86;0.24;390.05;22.12;1395;59;4453.00;460
11083;36;4733445;11083;612;12476;12937;3.81;0.23;390.11;22.12;1393;59;4454.00;461
11088;36;4733460;11088;603;12477;12939;3.73;0.23;390.07;22.12;1389;59;4455.00;462
11090;36;4733475;11090;583;12477;12939;3.73;0.23;390.09;22.12;1387;59;4456.00;462
11093;36;4733489;11093;575;12478;12940;3.72;0.23;390.09;22.11;1385;59;4457.00;462
11097;36;4733503;11097;572;12478;12940;3.71;0.23;390.05;22.11;1381;59;4458.00;462
11099;36;4733516;11099;572;12478;12940;3.73;0.23;390.03;22.11;1379;59;4459.00;462
11103;36;4733529;11103;568;12478;12940;3.73;0.23;390.02;22.11;1375;59;4460.00;462
11105;36;4733543;11105;571;12478;12940;3.75;0.23;390.00;22.11;1373;59;4461.00;462
11109;36;4733557;11109;571;12478;12940;3.76;0.23;390.06;22.11;1369;59;4462.00;462
11111;36;4733571;11111;570;12478;12940;3.76;0.23;390.05;22.11;1367;59;4463.00;462
11111;36;4733599;11111;565;12540;13067;4.14;0.26;390.05;22.01;1429;59;4464.00;527
11114;36;4733626;11114;573;12544;13068;4.14;0.26;390.02;22.00;1430;59;4465.00;524
11118;36;4733640;11118;570;12551;13068;4.15;0.26;390.15;21.99;1433;59;4466.00;517
11120;36;4733656;11120;573;12551;13068;4.12;0.26;390.17;21.99;1431;59;4467.00;517
11122;36;4733670;11122;578;12556;13068;4.09;0.25;390.15;21.98;1434;59;4468.00;512
11124;36;4733685;11124;576;12559;13068;4.08;0.25;390.10;21.98;1435;59;4469.00;509
11128;36;4733701;11128;571;12561;13068;4.07;0.25;390.02;21.97;1433;59;4470.00;507
11129;36;4733715;11129;572;12562;13068;4.05;0.25;390.01;21.97;1433;59;4471.00;506
11134;36;4733730;11134;577;12563;13069;4.02;0.25;389.99;21.97;1429;59;4472.00;506
11138;36;4733744;11138;579;12565;13070;3.97;0.25;390.03;22.08;1427;59;4473.00;505
11143;36;4733762;11143;581;12566;13070;3.95;0.24;390.06;22.08;1423;59;4474.00;504
11146;36;4733777;11146;588;12567;13071;3.90;0.24;389.98;22.08;1421;59;4475.00;504
11149;36;4733792;11149;595;12568;13071;3.90;0.24;389.99;22.08;1419;59;4476.00;503
11153;36;4733807;11153;582;12569;13071;3.87;0.24;389.98;22.08;1416;59;4477.00;502
11156;36;4733823;11156;578;12570;13071;3.89;0.24;389.99;22.08;1414;59;4478.00;501
11159;36;4733837;11159;575;12573;13075;3.89;0.24;389.95;22.07;1414;59;4479.00;502
11161;36;4733853;11161;587;12575;13075;3.91;0.24;389.91;22.08;1414;59;4480.00;500
11164;36;4733870;11164;578;12576;13075;3.91;0.24;389.90;22.08;1412;59;4481.00;499
11165;36;4733884;11165;580;12577;13078;3.95;0.24;389.90;22.08;1412;59;4482.00;501
11169;36;4733899;11169;581;12578;13078;3.95;0.24;389.91;22.08;1409;59;4483.00;500
11174;36;4733919;11174;579;12579;13078;3.95;0.24;389.98;22.08;1405;59;4484.00;499
11176;36;4733935;11176;580;12583;13082;4.01;0.25;389.95;22.07;1407;59;4485.00;499
11181;36;4733951;11181;574;12585;13083;4.02;0.25;389.95;22.08;1404;59;4486.00;498
11182;36;4733972;11182;575;12587;13083;4.03;0.25;389.96;22.08;1405;59;4487.00;496
11188;36;4733988;11188;574;12589;13087;3.97;0.24;390.00;22.08;1401;59;4488.00;498
11190;36;4734003;11190;575;12590;13087;3.99;0.24;389.98;22.08;1400;59;4489.00;497
11193;36;4734018;11193;571;12591;13087;3.97;0.24;389.96;22.19;1398;59;4490.00;496
11197;36;4734039;11197;575;12592;13088;3.95;0.24;389.94;22.19;1395;59;4491.00;496
11200;36;4734055;11200;576;12593;13088;3.92;0.24;389.95;22.20;1393;59;4492.00;495
11202;36;4734070;11202;579;12597;13094;3.90;0.24;389.96;22.19;1395;59;4493.00;497
11205;36;4734085;11205;587;12597;13094;3.86;0.23;389.92;22.19;1392;59;4494.00;497
11208;36;4734100;11208;590;12599;13095;3.84;0.23;389.96;22.21;1391;59;4495.00;496
11209;36;4734114;11209;598;12599;13095;3.83;0.23;389.96;22.21;1390;59;4496.00;496
11212;36;4734129;11212;603;12599;13095;3.76;0.23;389.98;22.21;1387;59;4497.00;496
11212;36;4734143;11212;605;12601;13095;3.76;0.23;389.98;22.22;1389;59;4498.00;494
11216;36;4734159;11216;611;12601;13095;3.72;0.23;389.93;22.22;1385;59;4499.00;494
11219;36;4734177;11219;616;12627;13145;3.90;0.24;390.09;22.19;1408;59;4500.00;518
11222;36;4734202;11222;621;12630;13147;3.90;0.24;390.12;22.20;1408;59;4501.00;517
11226;36;4734219;11226;615;12633;13147;3.91;0.24;390.13;22.19;1407;59;4502.00;514
11229;36;4734234;11229;612;12634;13147;3.95;0.24;390.21;22.20;1405;59;4503.00;513
11232;36;4734250;11232;618;12636;13147;3.93;0.24;390.19;22.20;1404;59;4504.00;511
11233;36;4734265;11233;614;12638;13147;3.93;0.24;390.19;22.21;1405;59;4505.00;509
11237;36;4734280;11237;610;12644;13151;3.90;0.24;390.33;22.32;1407;59;4506.00;507
11238;36;4734295;11238;612;12646;13151;3.91;0.24;390.35;22.32;1408;59;4507.00;505
11240;36;4734312;11240;603;12649;13155;3.94;0.24;390.39;22.33;1409;59;4508.00;506
11242;36;4734328;11242;601;12649;13156;3.95;0.24;390.38;22.33;1407;59;4509.00;507
11246;36;4734344;11246;599;12650;13156;3.94;0.24;390.58;22.33;1404;59;4510.00;506
11247;36;4734360;11247;576;12651;13156;3.96;0.24;390.59;22.34;1404;59;4511.00;505
11247;36;4734375;11247;569;12663;13169;4.04;0.25;390.59;22.33;1416;59;4512.00;506
11250;36;4734393;11250;562;12664;13169;4.03;0.25;390.62;22.33;1414;59;4513.00;505
11253;36;4734409;11253;557;12664;13169;4.06;0.25;390.83;22.33;1411;59;4514.00;505
11254;36;4734425;11254;544;12666;13170;4.12;0.25;390.85;22.34;1412;59;4515.00;504
11258;36;4734442;11258;550;12666;13171;4.15;0.25;390.96;22.34;1408;59;4516.00;505
11258;36;4734460;11258;541;12666;13171;4.21;0.26;390.96;22.34;1408;59;4517.00;505
11261;36;4734476;11261;534;12669;13174;4.23;0.26;391.03;22.33;1408;59;4518.00;505
11265;36;4734493;11265;543;12669;13174;4.22;0.26;391.00;22.33;1404;59;4519.00;505
11268;36;4734514;11268;536;12671;13174;4.24;0.26;391.09;22.35;1403;59;4520.00;503
11269;36;4734530;11269;543;12671;13174;4.25;0.26;391.12;22.35;1402;59;4521.00;503
11271;36;4734546;11271;532;12674;13180;4.30;0.26;391.18;22.34;1403;59;4522.00;506
11274;36;4734563;11274;523;12676;13180;4.28;0.26;391.23;22.46;1402;59;4523.00;504
11277;36;4734579;11277;515;12678;13180;4.29;0.26;391.29;22.46;1401;59;4524.00;502
11281;36;4734597;11281;519;12679;13180;4.26;0.26;391.28;22.46;1398;59;4525.00;501
11284;36;4734614;11284;522;12683;13184;4.28;0.26;391.38;22.46;1399;59;4526.00;501
11291;36;4734630;11291;521;12683;13185;4.27;0.26;391.47;22.46;1392;59;4527.00;502
11293;36;4734646;11293;518;12684;13185;4.34;0.27;391.50;22.47;1391;59;4528.00;501
11296;36;4734662;11296;517;12686;13186;4.42;0.27;391.53;22.46;1390;59;4529.00;500
11298;36;4734680;11298;518;12687;13186;4.46;0.27;391.64;22.46;1389;59;4530.00;499
11302;36;4734695;11302;515;12688;13186;4.50;0.27;391.63;22.47;1386;59;4531.00;498
11304;36;4734711;11304;522;12688;13186;4.51;0.27;391.75;22.47;1384;59;4532.00;498
11308;36;4734726;11308;525;12688;13186;4.48;0.27;391.77;22.47;1380;59;4533.00;498
11311;36;4734744;11311;528;12689;13186;4.49;0.27;391.83;22.47;1378;59;4534.00;497
11314;36;4734760;11314;525;12691;13186;4.49;0.27;391.82;22.48;1377;59;4535.00;495
11315;36;4734776;11315;533;12728;13256;4.50;0.28;391.85;22.42;1413;59;4536.00;528
11317;36;4734809;11317;528;12729;13257;4.55;0.28;391.84;22.42;1412;59;4537.00;528
11319;36;4734826;11319;529;12734;13257;4.60;0.28;391.87;22.52;1415;59;4538.00;523
11322;36;4734843;11322;533;12736;13257;4.65;0.28;391.90;22.52;1414;59;4539.00;521
11324;36;4734859;11324;531;12739;13257;4.68;0.29;391.95;22.52;1415;59;4540.00;518
11326;36;4734875;11326;539;12742;13257;4.77;0.29;391.94;22.52;1416;59;4541.00;515
11328;36;4734891;11328;546;12745;13257;4.84;0.30;391.91;22.53;1417;59;4542.00;512
11329;36;4734907;11329;549;12749;13257;4.91;0.30;391.91;22.53;1420;59;4543.00;508
11329;36;4734927;11329;547;12752;13258;4.97;0.30;391.91;22.63;1423;59;4544.00;506
11330;36;4734943;11330;544;12755;13260;5.02;0.31;391.90;22.64;1425;59;4545.00;505
11338;36;4734961;11338;535;12758;13260;5.01;0.31;391.90;22.64;1420;59;4546.00;502
11339;36;4734977;11339;530;12763;13264;5.09;0.31;391.87;22.74;1424;59;4547.00;501
11340;36;4734994;11340;524;12763;13264;5.12;0.31;391.94;22.74;1423;59;4548.00;501
11344;36;4735013;11344;523;12764;13264;5.06;0.31;391.95;22.74;1420;59;4549.00;500
11346;36;4735032;11346;511;12764;13264;5.06;0.31;392.01;22.74;1418;59;4550.00;500
11350;36;4735051;11350;507;12769;13270;5.04;0.31;392.12;22.84;1419;59;4551.00;501
11352;36;4735070;11352;508;12769;13270;5.04;0.31;392.21;22.84;1417;59;4552.00;501
11355;36;4735086;11355;504;12769;13270;5.07;0.31;392.31;22.84;1414;59;4553.00;501
11358;36;4735103;11358;501;12771;13273;5.13;0.31;392.40;22.85;1413;59;4554.00;502
11361;36;4735120;11361;492;12773;13273;5.11;0.31;392.37;22.85;1412;59;4555.00;500
11363;36;4735143;11363;491;12773;13273;5.11;0.31;392.50;22.85;1410;59;4556.00;500
11365;36;4735161;11365;495;12774;13274;5.06;0.31;392.48;22.85;1409;59;4557.00;500
11370;36;4735177;11370;490;12775;13275;5.02;0.31;392.65;22.85;1405;59;4558.00;500
11374;36;4735194;11374;490;12776;13275;5.05;0.31;392.78;22.85;1402;59;4559.00;499
11377;36;4735211;11377;494;12792;13301;5.08;0.31;392.78;22.82;1415;59;4560.00;509
11382;36;4735231;11382;492;12792;13301;5.07;0.31;392.92;22.82;1410;59;4561.00;509
11391;36;4735247;11391;494;12793;13301;5.02;0.31;393.00;22.82;1402;59;4562.00;508
11393;36;4735264;11393;499;12794;13302;4.97;0.30;393.03;22.82;1401;59;4563.00;508
11400;36;4735281;11400;501;12795;13302;4.87;0.30;393.04;22.82;1395;59;4564.00;507
11405;36;4735298;11405;508;12797;13306;4.82;0.29;393.14;22.81;1392;59;4565.00;509
11410;36;4735314;11410;516;12798;13306;4.75;0.29;393.12;22.92;1388;59;4566.00;508
11411;36;4735332;11411;525;12802;13310;4.71;0.29;393.09;22.91;1391;59;4567.00;508
11415;36;4735350;11415;534;12802;13310;4.68;0.28;393.12;22.91;1387;59;4568.00;508
11416;36;4735368;11416;534;12804;13310;4.66;0.28;393.11;22.91;1388;59;4569.00;506
11416;36;4735383;11416;537;12804;13310;4.66;0.28;393.11;22.91;1388;59;4570.00;506
11419;36;4735399;11419;540;12805;13310;4.63;0.28;393.36;22.92;1386;59;4571.00;505
11419;36;4735415;11419;550;12815;13322;4.62;0.28;393.36;22.90;1396;59;4572.00;507
11419;36;4735432;11419;547;12815;13322;4.61;0.28;393.36;22.90;1396;59;4573.00;507
11420;36;4735448;11420;550;12815;13322;4.60;0.28;393.39;22.90;1395;59;4574.00;507
11423;36;4735465;11423;562;12816;13322;4.56;0.28;393.37;22.90;1393;59;4575.00;506
11424;36;4735481;11424;560;12816;13322;4.54;0.28;393.40;22.90;1392;59;4576.00;506
11429;36;4735496;11429;567;12816;13322;4.53;0.28;393.41;22.90;1387;59;4577.00;506
11430;36;4735511;11430;574;12816;13323;4.52;0.28;393.45;22.90;1386;59;4578.00;507
11434;36;4735526;11434;581;12816;13323;4.47;0.27;393.40;22.90;1382;59;4579.00;507
11437;36;4735541;11437;592;12820;13329;4.47;0.27;393.49;22.89;1383;59;4580.00;509
11442;36;4735556;11442;596;12820;13330;4.45;0.27;393.48;22.89;1378;59;4581.00;510
11444;36;4735571;11444;606;12820;13330;4.42;0.27;393.54;22.89;1376;59;4582.00;510
11446;36;4735586;11446;609;12820;13330;4.40;0.27;393.63;22.89;1374;59;4583.00;510
11448;36;4735600;11448;616;12823;13334;4.40;0.27;393.63;22.89;1375;59;4584.00;511
11449;36;4735615;11449;626;12823;13334;4.37;0.26;393.71;22.89;1374;59;4585.00;511
11450;36;4735631;11450;633;12823;13334;4.33;0.26;393.70;22.89;1373;59;4586.00;511
11451;36;4735646;11451;639;12824;13335;4.30;0.26;393.69;22.88;1373;59;4587.00;511
11454;36;4735660;11454;649;12827;13339;4.24;0.26;393.66;22.88;1373;59;4588.00;512
11455;36;4735675;11455;651;12827;13339;4.19;0.25;393.65;22.88;1372;59;4589.00;512
11457;36;4735691;11457;660;12831;13345;4.12;0.25;393.60;22.87;1374;59;4590.00;514
11459;36;4735711;11459;664;12831;13345;4.07;0.25;393.56;22.87;1372;59;4591.00;514
11459;36;4735725;11459;674;12831;13345;4.03;0.25;393.56;22.87;1372;59;4592.00;514
11463;36;4735739;11463;674;12831;13345;3.99;0.24;393.56;22.87;1368;59;4593.00;514
11465;36;4735753;11465;682;12834;13349;3.97;0.24;393.55;22.87;1369;59;4594.00;515
11466;36;4735768;11466;685;12834;13349;3.95;0.24;393.54;22.87;1368;59;4595.00;515
11468;36;4735781;11468;683;12834;13349;3.94;0.24;393.52;22.87;1366;59;4596.00;515
11470;36;4735795;11470;683;12834;13349;3.91;0.24;393.52;22.87;1364;59;4597.00;515
11470;36;4735808;11470;685;12834;13350;3.92;0.24;393.52;22.87;1364;59;4598.00;516
11473;36;4735822;11473;684;12834;13351;3.88;0.24;393.49;22.87;1361;59;4599.00;517
11473;36;4735836;11473;689;12834;13351;3.86;0.24;393.49;22.87;1361;59;4600.00;517
11474;36;4735852;11474;691;12835;13352;3.81;0.23;393.46;22.87;1361;59;4601.00;517
11475;36;4735866;11475;694;12835;13352;3.76;0.23;393.44;22.87;1360;59;4602.00;517
11476;36;4735878;11476;694;12835;13352;3.75;0.23;393.48;22.87;1359;59;4603.00;517
11477;36;4735892;11477;692;12835;13352;3.71;0.23;393.45;22.87;1358;59;4604.00;517
11478;36;4735905;11478;690;12835;13352;3.68;0.23;393.43;22.87;1357;59;4605.00;517
11479;36;4735918;11479;683;12835;13352;3.69;0.23;393.41;22.87;1356;59;4606.00;517
11480;36;4735932;11480;681;12835;13352;3.70;0.23;393.44;22.87;1355;59;4607.00;517
11480;36;4735945;11480;694;12894;13479;3.99;0.25;393.44;22.76;1414;59;4608.00;585
11482;36;4735967;11482;689;12895;13480;3.98;0.25;393.39;22.76;1413;59;4609.00;585
11485;36;4735981;11485;675;12902;13480;4.03;0.25;393.38;22.75;1417;59;4610.00;578
11486;36;4735994;11486;669;12905;13480;4.01;0.25;393.36;22.74;1419;59;4611.00;575
11488;36;4736008;11488;669;12910;13480;3.99;0.25;393.36;22.74;1422;59;4612.00;570
11490;36;4736022;11490;667;12912;13480;3.94;0.25;393.31;22.73;1422;59;4613.00;568
11492;36;4736036;11492;672;12915;13480;3.95;0.25;393.27;22.73;1423;59;4614.00;565
11493;36;4736050;11493;674;12916;13480;3.94;0.24;393.25;22.73;1423;59;4615.00;564
11493;36;4736063;11493;676;12918;13481;3.95;0.25;393.25;22.73;1425;59;4616.00;563
11496;36;4736082;11496;672;12920;13482;3.94;0.24;393.26;22.72;1424;59;4617.00;562
11497;36;4736095;11497;672;12922;13482;3.89;0.24;393.24;22.72;1425;59;4618.00;560
11501;36;4736110;11501;672;12924;13483;3.77;0.23;393.25;22.72;1423;59;4619.00;559
11505;36;4736125;11505;668;12927;13483;3.66;0.23;393.31;22.72;1422;59;4620.00;556
11508;36;4736139;11508;664;12928;13483;3.56;0.22;393.26;22.72;1420;59;4621.00;555
11510;36;4736153;11510;658;12929;13483;3.50;0.22;393.26;22.72;1419;59;4622.00;554
11516;36;4736167;11516;661;12930;13487;3.42;0.21;393.27;22.71;1414;59;4623.00;557
11518;36;4736181;11518;648;12931;13487;3.41;0.21;393.26;22.71;1413;59;4624.00;556
11521;36;4736196;11521;640;12932;13487;3.41;0.21;393.23;22.71;1411;59;4625.00;555
11524;36;4736210;11524;640;12934;13490;3.41;0.21;393.25;22.71;1410;59;4626.00;556
11525;36;4736224;11525;634;12934;13490;3.43;0.21;393.23;22.71;1409;59;4627.00;556
11528;36;4736238;11528;628;12934;13490;3.43;0.21;393.30;22.71;1406;59;4628.00;556
11533;36;4736253;11533;619;12937;13494;3.43;0.21;393.28;22.70;1404;59;4629.00;557
11534;36;4736268;11534;613;12938;13495;3.45;0.21;393.31;22.70;1404;59;4630.00;557
11538;36;4736282;11538;605;12938;13495;3.47;0.21;393.28;22.70;1400;59;4631.00;557
11544;36;4736296;11544;605;12940;13499;3.49;0.21;393.28;22.70;1396;59;4632.00;559
11545;36;4736311;11545;598;12941;13499;3.55;0.22;393.26;22.70;1396;59;4633.00;558
11547;36;4736330;11547;589;12941;13499;3.59;0.22;393.25;22.70;1394;59;4634.00;558
11551;36;4736345;11551;583;12943;13501;3.62;0.22;393.17;22.80;1392;59;4635.00;558
11553;36;4736361;11553;585;12943;13501;3.66;0.22;393.15;22.80;1390;59;4636.00;558
11553;36;4736375;11553;580;12946;13507;3.77;0.23;393.15;22.80;1393;59;4637.00;561
11555;36;4736389;11555;579;12946;13507;3.83;0.23;393.14;22.80;1391;59;4638.00;561
11556;36;4736404;11556;580;12946;13508;3.92;0.24;393.11;22.80;1390;59;4639.00;562
11559;36;4736424;11559;570;12946;13508;3.99;0.24;393.08;22.80;1387;59;4640.00;562
11561;36;4736444;11561;552;12948;13508;4.06;0.25;393.06;22.81;1387;59;4641.00;560
11563;36;4736462;11563;554;12948;13508;4.15;0.25;393.02;22.81;1385;59;4642.00;560
11566;36;4736478;11566;546;12948;13508;4.21;0.26;392.97;22.81;1382;59;4643.00;560
11570;36;4736494;11570;539;12957;13520;4.29;0.26;392.96;22.79;1387;59;4644.00;563
11574;36;4736510;11574;535;12957;13520;4.34;0.26;392.89;22.79;1383;59;4645.00;563
11575;36;4736527;11575;520;12957;13520;4.38;0.27;392.89;22.79;1382;59;4646.00;563
11582;36;4736542;11582;520;12957;13520;4.37;0.27;392.89;22.79;1375;59;4647.00;563
11585;36;4736558;11585;514;12957;13520;4.39;0.27;392.88;22.79;1372;59;4648.00;563
11590;36;4736573;11590;515;12958;13520;4.37;0.27;392.82;22.79;1368;59;4649.00;562
11595;36;4736595;11595;514;12962;13526;4.37;0.27;392.78;22.79;1367;59;4650.00;564
11597;36;4736613;11597;507;12962;13526;4.33;0.26;392.75;22.79;1365;59;4651.00;564
11602;36;4736636;11602;513;12964;13530;4.26;0.26;392.75;22.78;1362;59;4652.00;566
11604;36;4736653;11604;514;12964;13531;4.27;0.26;392.73;22.78;1360;59;4653.00;567
11607;36;4736669;11607;510;12964;13531;4.23;0.26;392.77;22.78;1357;59;4654.00;567
11614;36;4736687;11614;518;12964;13531;4.18;0.26;392.79;22.78;1350;59;4655.00;567
11617;36;4736706;11617;513;12975;13544;4.21;0.26;392.74;22.78;1358;59;4656.00;569
11620;36;4736724;11620;512;12976;13544;4.19;0.26;392.70;22.78;1356;59;4657.00;568
11627;36;4736740;11627;513;12976;13544;4.16;0.25;392.86;22.78;1349;59;4658.00;568
11631;36;4736756;11631;515;12977;13545;4.16;0.25;392.84;22.78;1346;59;4659.00;568
11636;36;4736772;11636;517;12977;13546;4.12;0.25;392.85;22.78;1341;59;4660.00;569
11639;36;4736787;11639;508;12978;13546;4.12;0.25;392.85;22.79;1339;59;4661.00;568
11641;36;4736801;11641;515;12980;13549;4.15;0.25;392.86;22.80;1339;59;4662.00;569
11643;36;4736817;11643;511;12980;13549;4.19;0.25;392.86;22.80;1337;59;4663.00;569
11650;36;4736831;11650;517;12981;13549;4.13;0.25;392.96;22.82;1331;59;4664.00;568
11653;36;4736846;11653;519;12981;13549;4.13;0.25;393.05;22.82;1328;59;4665.00;568
11656;36;4736860;11656;523;12986;13555;4.07;0.25;393.12;22.84;1330;59;4666.00;569
11659;36;4736877;11659;507;12986;13555;4.09;0.25;393.14;22.84;1327;59;4667.00;569
11663;36;4736895;11663;504;12989;13555;4.09;0.25;393.22;22.86;1326;59;4668.00;566
11665;36;4736913;11665;503;12989;13555;4.10;0.25;393.29;22.86;1324;59;4669.00;566
11669;36;4736929;11669;502;12992;13559;4.14;0.25;393.32;22.86;1323;59;4670.00;567
11669;36;4736945;11669;498;12996;13560;4.18;0.25;393.32;22.88;1327;59;4671.00;564
11674;36;4736960;11674;493;12997;13560;4.23;0.26;393.35;22.90;1323;59;4672.00;563
11677;36;4736974;11677;488;12998;13561;4.25;0.26;393.64;22.90;1321;59;4673.00;563
11680;36;4736990;11680;485;13000;13561;4.31;0.26;393.60;22.92;1320;59;4674.00;561
11683;36;4737010;11683;481;13001;13561;4.37;0.27;393.77;22.93;1318;59;4675.00;560
11686;36;4737028;11686;479;13002;13561;4.42;0.27;393.78;22.94;1316;59;4676.00;559
11690;36;4737045;11690;463;13004;13561;4.48;0.27;393.93;23.06;1314;59;4677.00;557
11692;36;4737061;11692;457;13005;13561;4.53;0.28;393.94;23.08;1313;59;4678.00;556
11697;36;4737078;11697;444;13005;13561;4.57;0.28;394.05;23.08;1308;59;4679.00;556
11698;36;4737096;11698;473;13085;13686;4.67;0.29;394.06;22.96;1387;59;4680.00;601
11703;36;4737127;11703;455;13087;13687;4.71;0.29;394.23;22.97;1384;59;4681.00;600
11705;36;4737146;11705;455;13089;13687;4.73;0.29;394.31;22.96;1384;59;4682.00;598
11706;36;4737163;11706;443;13092;13687;4.75;0.29;394.29;22.98;1386;59;4683.00;595
11707;36;4737181;11707;445;13093;13687;4.75;0.29;394.31;22.98;1386;59;4684.00;594
11709;36;4737196;11709;446;13096;13687;4.77;0.29;394.37;22.99;1387;59;4685.00;591
11711;36;4737214;11711;445;13098;13687;4.78;0.29;394.40;23.00;1387;59;4686.00;589
11715;36;4737230;11715;437;13099;13687;4.77;0.29;394.45;23.01;1384;59;4687.00;588
11717;36;4737247;11717;446;13101;13688;4.75;0.29;394.46;23.01;1384;59;4688.00;587
11720;36;4737264;11720;452;13104;13689;4.73;0.29;394.59;23.02;1384;59;4689.00;585
11721;36;4737286;11721;452;13104;13689;4.72;0.29;394.58;23.02;1383;59;4690.00;585
11722;36;4737307;11722;458;13110;13693;4.75;0.29;394.60;23.14;1388;59;4691.00;583
11727;36;4737328;11727;457;13112;13693;4.73;0.29;394.63;23.16;1385;59;4692.00;581
11731;36;4737348;11731;452;13114;13693;4.70;0.29;394.77;23.17;1383;59;4693.00;579
11733;36;4737365;11733;451;13118;13693;4.71;0.29;394.82;23.29;1385;59;4694.00;575
11735;36;4737382;11735;454;13121;13699;4.70;0.29;394.91;23.28;1386;59;4695.00;578
11739;36;4737400;11739;457;13123;13699;4.67;0.29;394.93;23.30;1384;59;4696.00;576
11743;36;4737416;11743;456;13125;13699;4.64;0.28;395.05;23.31;1382;59;4697.00;574
11747;36;4737433;11747;466;13126;13702;4.62;0.28;395.11;23.32;1379;59;4698.00;576
11750;36;4737449;11750;468;13127;13702;4.60;0.28;395.11;23.32;1377;59;4699.00;575
11752;36;4737466;11752;468;13130;13702;4.61;0.28;395.21;23.44;1378;59;4700.00;572
11753;36;4737493;11753;478;13130;13703;4.62;0.28;395.21;23.44;1377;59;4701.00;573
11753;36;4737511;11753;483;13132;13704;4.65;0.28;395.21;23.45;1379;59;4702.00;572
11754;36;4737530;11754;487;13134;13704;4.66;0.28;395.19;23.47;1380;59;4703.00;570
11756;36;4737548;11756;488;13146;13717;4.61;0.28;395.19;23.78;1390;60;4704.00;571
11757;36;4737576;11757;491;13147;13717;4.61;0.28;395.24;23.78;1390;60;4705.00;570
11758;36;4737592;11758;497;13148;13717;4.66;0.28;395.26;23.79;1390;60;4706.00;569
11760;36;4737608;11760;492;13148;13718;4.69;0.29;395.25;23.79;1388;60;4707.00;570
11762;36;4737625;11762;497;13150;13718;4.67;0.28;395.26;23.90;1388;60;4708.00;568
11763;36;4737640;11763;491;13153;13722;4.66;0.28;395.26;23.90;1390;60;4709.00;569
11765;36;4737659;11765;487;13154;13722;4.59;0.28;395.33;23.91;1389;60;4710.00;568
11765;36;4737674;11765;495;13159;13726;4.56;0.28;395.33;23.92;1394;60;4711.00;567
11767;36;4737691;11767;492;13159;13726;4.51;0.27;395.32;23.92;1392;60;4712.00;567
11768;36;4737705;11768;498;13159;13726;4.52;0.27;395.30;23.92;1391;60;4713.00;567
11771;36;4737721;11771;494;13159;13726;4.47;0.27;395.32;23.92;1388;61;4714.00;567
11773;36;4737741;11773;479;13160;13726;4.45;0.27;395.31;23.92;1387;61;4715.00;566
11775;36;4737757;11775;482;13170;13738;4.48;0.27;395.33;23.91;1395;61;4716.00;568
11778;36;4737777;11778;478;13170;13738;4.50;0.27;395.46;23.91;1392;61;4717.00;568
11781;36;4737799;11781;474;13172;13738;4.51;0.27;395.53;23.93;1391;61;4718.00;566
11784;36;4737816;11784;483;13172;13738;4.51;0.27;395.57;23.93;1388;61;4719.00;566
11786;36;4737834;11786;484;13172;13738;4.50;0.27;395.61;23.93;1386;61;4720.00;566
11787;36;4737849;11787;481;13172;13738;4.51;0.27;395.61;23.93;1385;61;4721.00;566
11790;36;4737863;11790;487;13172;13739;4.48;0.27;395.68;23.93;1382;61;4722.00;567
11792;36;4737879;11792;478;13175;13739;4.50;0.27;395.68;23.95;1383;61;4723.00;564
11797;36;4737894;11797;472;13180;13745;4.52;0.27;395.65;23.95;1383;62;4724.00;565
11801;36;4737918;11801;469;13182;13747;4.52;0.27;395.72;24.06;1381;62;4725.00;565
11803;36;4737939;11803;479;13184;13747;4.50;0.27;395.68;24.08;1381;62;4726.00;563
11806;36;4737954;11806;476;13184;13747;4.50;0.27;395.73;24.08;1378;62;4727.00;563
11810;36;4737970;11810;489;13188;13751;4.52;0.27;395.89;24.08;1378;62;4728.00;563
11813;36;4737987;11813;492;13188;13751;4.51;0.27;395.85;24.08;1375;62;4729.00;563
11820;36;4738003;11820;493;13188;13751;4.41;0.27;395.81;24.08;1368;62;4730.00;563
11822;36;4738022;11822;497;13190;13752;4.36;0.26;395.76;24.08;1368;62;4731.00;562
11824;36;4738041;11824;499;13193;13756;4.31;0.26;395.83;24.08;1369;62;4732.00;563
11826;36;4738059;11826;509;13193;13756;4.28;0.26;395.85;24.08;1367;62;4733.00;563
11827;36;4738076;11827;507;13195;13759;4.29;0.26;395.84;24.09;1368;62;4734.00;564
11829;36;4738092;11829;519;13197;13759;4.21;0.26;395.90;24.10;1368;62;4735.00;562
11831;36;4738107;11831;526;13198;13759;4.14;0.25;395.86;24.11;1367;62;4736.00;561
11832;36;4738123;11832;525;13198;13759;4.09;0.25;395.84;24.11;1366;62;4737.00;561
11833;36;4738137;11833;533;13201;13763;4.09;0.25;395.89;24.10;1368;62;4738.00;562
11835;36;4738153;11835;535;13202;13763;4.06;0.25;395.91;24.11;1367;62;4739.00;561
11836;36;4738170;11836;538;13202;13763;4.07;0.25;395.95;24.11;1366;62;4740.00;561
11837;36;4738185;11837;535;13202;13763;4.02;0.25;395.92;24.11;1365;62;4741.00;561
11837;36;4738200;11837;548;13204;13764;4.00;0.25;395.92;24.13;1367;62;4742.00;560
11838;36;4738216;11838;546;13204;13765;3.96;0.24;395.89;24.13;1366;62;4743.00;561
11839;36;4738234;11839;549;13205;13765;3.92;0.24;395.86;24.14;1366;62;4744.00;560
11844;36;4738254;11844;550;13207;13766;3.89;0.24;395.99;24.14;1363;62;4745.00;559
11846;36;4738271;11846;547;13207;13766;3.86;0.24;396.01;24.14;1361;62;4746.00;559
11847;36;4738287;11847;563;13208;13766;3.85;0.24;396.04;24.15;1361;62;4747.00;558
11849;36;4738304;11849;570;13209;13766;3.84;0.24;396.08;24.16;1360;62;4748.00;557
11852;36;4738319;11852;567;13209;13766;3.83;0.24;396.09;24.16;1357;62;4749.00;557
11854;36;4738333;11854;572;13210;13766;3.81;0.23;396.06;24.27;1356;62;4750.00;556
11856;36;4738347;11856;581;13210;13766;3.80;0.23;396.07;24.27;1354;62;4751.00;556
11859;36;4738362;11859;607;13272;13893;4.05;0.25;396.08;24.16;1413;62;4752.00;621
11860;36;4738387;11860;609;13275;13894;4.00;0.25;396.11;24.15;1415;62;4753.00;619
11862;36;4738406;11862;610;13282;13894;3.99;0.25;396.08;24.26;1420;62;4754.00;612
11862;36;4738425;11862;612;13289;13894;3.99;0.25;396.08;24.25;1427;62;4755.00;605
11865;36;4738443;11865;614;13293;13894;3.99;0.25;396.04;24.24;1428;62;4756.00;601
11866;36;4738459;11866;618;13296;13894;3.98;0.25;396.01;24.25;1430;62;4757.00;598
11867;36;4738474;11867;619;13298;13894;3.95;0.25;396.01;24.36;1431;62;4758.00;596
11868;36;4738489;11868;628;13299;13894;3.94;0.24;396.01;24.36;1431;62;4759.00;595
11871;36;4738504;11871;630;13301;13895;3.95;0.24;396.02;24.47;1430;62;4760.00;594
11872;36;4738518;11872;639;13303;13896;3.93;0.24;396.00;24.46;1431;62;4761.00;593
11873;36;4738532;11873;639;13305;13896;3.91;0.24;395.99;24.46;1432;62;4762.00;591
11873;36;4738546;11873;647;13306;13897;3.88;0.24;395.99;24.46;1433;62;4763.00;591
11875;36;4738565;11875;660;13307;13897;3.83;0.24;396.01;24.46;1432;62;4764.00;590
11877;36;4738582;11877;668;13309;13897;3.79;0.23;396.02;24.46;1432;62;4765.00;588
11878;36;4738598;11878;672;13311;13897;3.74;0.23;395.99;24.46;1433;62;4766.00;586
11879;36;4738613;11879;680;13313;13901;3.72;0.23;395.96;24.45;1434;62;4767.00;588
11881;36;4738629;11881;683;13314;13901;3.67;0.23;395.92;24.45;1433;62;4768.00;587
11881;36;4738642;11881;686;13314;13901;3.66;0.23;395.92;24.45;1433;62;4769.00;587
11882;36;4738659;11882;688;13317;13907;3.63;0.22;395.92;24.45;1435;62;4770.00;590
11885;36;4738675;11885;668;13317;13907;3.61;0.22;395.95;24.45;1432;62;4771.00;590
11885;36;4738691;11885;659;13318;13907;3.64;0.22;395.95;24.44;1433;62;4772.00;589
11885;36;4738712;11885;655;13321;13911;3.70;0.23;395.95;24.44;1436;62;4773.00;590
11886;36;4738728;11886;649;13322;13912;3.74;0.23;395.95;24.44;1436;62;4774.00;590
11888;36;4738746;11888;644;13322;13912;3.77;0.23;395.98;24.44;1434;62;4775.00;590
11889;36;4738762;11889;636;13325;13916;3.81;0.23;395.96;24.43;1436;62;4776.00;591
11892;36;4738779;11892;629;13325;13916;3.78;0.23;395.89;24.43;1433;62;4777.00;591
11893;36;4738800;11893;632;13325;13916;3.77;0.23;395.86;24.43;1432;62;4778.00;591
11894;36;4738815;11894;624;13325;13917;3.80;0.23;395.84;24.43;1431;62;4779.00;592
11895;37;4738831;11895;628;13325;13917;3.80;0.23;395.89;24.43;1430;63;4780.00;592
11896;37;4738851;11896;633;13329;13923;3.81;0.23;395.89;24.42;1433;63;4781.00;594
11898;37;4738870;11898;632;13329;13923;3.78;0.23;395.83;24.42;1431;63;4782.00;594
11901;37;4738888;11901;633;13329;13924;3.75;0.23;395.78;24.42;1428;63;4783.00;595
11904;37;4738905;11904;635;13329;13924;3.71;0.22;395.79;24.42;1425;63;4784.00;595
11905;37;4738920;11905;623;13329;13924;3.69;0.22;395.79;24.42;1424;63;4785.00;595
11908;37;4738936;11908;619;13329;13924;3.69;0.22;395.77;24.42;1421;63;4786.00;595
11910;37;4738951;11910;611;13329;13924;3.70;0.23;395.77;24.42;1419;63;4787.00;595
11911;37;4738965;11911;605;13338;13936;3.76;0.23;395.75;24.41;1427;63;4788.00;598
11912;37;4738981;11912;594;13338;13936;3.79;0.23;395.75;24.41;1426;63;4789.00;598
11914;37;4738996;11914;592;13338;13936;3.79;0.23;395.73;24.41;1424;63;4790.00;598
11917;37;4739011;11917;594;13338;13936;3.81;0.23;395.73;24.41;1421;63;4791.00;598
11920;37;4739044;11920;586;13338;13936;3.83;0.23;395.67;24.41;1418;63;4792.00;598
11921;37;4739062;11921;576;13338;13936;3.91;0.24;395.70;24.41;1417;63;4793.00;598
11924;37;4739078;11924;563;13341;13940;3.97;0.24;395.67;24.40;1417;63;4794.00;599
11925;37;4739096;11925;558;13341;13940;3.99;0.24;395.68;24.40;1416;63;4795.00;599
11928;37;4739111;11928;552;13344;13944;4.03;0.25;395.62;24.40;1416;63;4796.00;600
11934;37;4739127;11934;553;13344;13945;4.01;0.24;395.65;24.40;1410;63;4797.00;601
11936;37;4739143;11936;542;13344;13945;4.03;0.25;395.61;24.40;1408;63;4798.00;601
11940;37;4739160;11940;543;13344;13945;4.07;0.25;395.72;24.40;1404;63;4799.00;601
11944;37;4739178;11944;542;13363;13986;4.17;0.25;395.79;24.36;1419;63;4800.00;623
11947;37;4739202;11947;538;13364;13986;4.26;0.26;395.80;24.36;1417;63;4801.00;622
11952;37;4739220;11952;531;13367;13986;4.31;0.26;395.85;24.36;1415;63;4802.00;619
11955;37;4739235;11955;524;13368;13987;4.36;0.27;395.88;24.35;1413;63;4803.00;619
11960;37;4739256;11960;522;13370;13988;4.36;0.27;395.91;24.35;1410;63;4804.00;618
11963;37;4739275;11963;521;13370;13988;4.41;0.27;395.90;24.35;1407;63;4805.00;618
11967;37;4739295;11967;517;13372;13991;4.37;0.27;395.93;24.35;1405;63;4806.00;619
11972;37;4739320;11972;514;13373;13991;4.33;0.26;395.99;24.35;1401;63;4807.00;618
11975;37;4739335;11975;515;13374;13991;4.33;0.26;395.99;24.35;1399;63;4808.00;617
11978;37;4739351;11978;506;13374;13991;4.35;0.27;396.07;24.35;1396;63;4809.00;617
11985;37;4739367;11985;508;13378;13997;4.35;0.27;396.17;24.34;1393;63;4810.00;619
11990;37;4739384;11990;507;13378;13997;4.35;0.26;396.21;24.34;1388;63;4811.00;619
11995;37;4739399;11995;511;13378;13997;4.32;0.26;396.29;24.34;1383;63;4812.00;619
11997;37;4739415;11997;512;13378;13997;4.32;0.26;396.25;24.34;1381;63;4813.00;619
12000;37;4739429;12000;510;13381;14001;4.34;0.27;396.23;24.33;1381;63;4814.00;620
12004;37;4739447;12004;500;13382;14003;4.38;0.27;396.25;24.33;1378;63;4815.00;621
12007;37;4739464;12007;506;13383;14003;4.39;0.27;396.21;24.33;1376;63;4816.00;620
12015;37;4739484;12015;500;13383;14004;4.38;0.27;396.40;24.33;1368;63;4817.00;621
12018;37;4739502;12018;499;13384;14004;4.41;0.27;396.47;24.45;1366;63;4818.00;620
12024;37;4739520;12024;489;13385;14004;4.40;0.27;396.51;24.46;1361;63;4819.00;619
12030;37;4739536;12030;489;13385;14004;4.40;0.27;396.60;24.46;1355;63;4820.00;619
12036;37;4739553;12036;492;13385;14004;4.44;0.27;396.90;24.46;1349;63;4821.00;619
12042;37;4739569;12042;488;13385;14004;4.43;0.27;396.91;24.46;1343;63;4822.00;619
12047;37;4739584;12047;487;13387;14004;4.43;0.27;397.02;24.49;1340;63;4823.00;617
12048;37;4739600;12048;489;13424;14074;4.48;0.27;397.15;24.42;1376;63;4824.00;650
12050;37;4739625;12050;478;13425;14075;4.49;0.27;397.14;24.43;1375;63;4825.00;650
12054;37;4739644;12054;477;13426;14075;4.49;0.27;397.17;24.43;1372;63;4826.00;649
12055;37;4739661;12055;472;13427;14075;4.56;0.28;397.20;24.44;1372;63;4827.00;648
12058;37;4739678;12058;473;13431;14077;4.59;0.28;397.29;24.46;1373;63;4828.00;646
12062;37;4739695;12062;471;13431;14077;4.61;0.28;397.34;24.46;1369;63;4829.00;646
12064;37;4739713;12064;469;13433;14077;4.63;0.28;397.35;24.48;1369;63;4830.00;644
12067;37;4739728;12067;469;13433;14077;4.64;0.28;397.35;24.48;1366;63;4831.00;644
12070;37;4739744;12070;461;13435;14078;4.59;0.28;397.44;24.50;1365;63;4832.00;643
12072;37;4739761;12072;465;13435;14079;4.54;0.28;397.53;24.50;1363;63;4833.00;644
12075;37;4739777;12075;475;13438;14079;4.54;0.28;397.50;24.52;1363;63;4834.00;641
12078;37;4739793;12078;474;13444;14083;4.52;0.27;397.59;24.54;1366;63;4835.00;639
12080;37;4739809;12080;479;13445;14083;4.51;0.27;397.58;24.66;1365;63;4836.00;638
12081;37;4739826;12081;482;13445;14083;4.54;0.28;397.59;24.66;1364;63;4837.00;638
12083;37;4739842;12083;494;13449;14083;4.54;0.28;397.62;24.69;1366;63;4838.00;634
12084;37;4739858;12084;499;13453;14089;4.55;0.28;397.67;24.70;1369;63;4839.00;636
12086;37;4739874;12086;501;13457;14089;4.53;0.27;397.73;24.73;1371;63;4840.00;632
12087;37;4739891;12087;489;13459;14089;4.53;0.27;397.75;24.73;1372;63;4841.00;630
12088;37;4739906;12088;474;13461;14092;4.53;0.28;397.78;24.74;1373;63;4842.00;631
12090;37;4739922;12090;460;13462;14092;4.56;0.28;397.78;24.75;1372;63;4843.00;630
12093;37;4739937;12093;460;13464;14092;4.60;0.28;397.85;24.77;1371;63;4844.00;628
12096;37;4739953;12096;459;13470;14093;4.62;0.28;397.93;24.89;1374;63;4845.00;623
12097;37;4739969;12097;455;13471;14094;4.63;0.28;398.04;24.90;1374;63;4846.00;623
12098;37;4739985;12098;454;13473;14094;4.63;0.28;398.09;24.91;1375;63;4847.00;621
12100;37;4740002;12100;454;13481;14107;4.68;0.28;398.12;24.91;1381;63;4848.00;626
12101;37;4740021;12101;446;13483;14107;4.69;0.29;398.10;24.91;1382;63;4849.00;624
12102;37;4740037;12102;451;13484;14107;4.69;0.29;398.16;24.91;1382;63;4850.00;623
12104;37;4740054;12104;449;13487;14108;4.69;0.29;398.23;24.93;1383;63;4851.00;621
12106;37;4740070;12106;455;13489;14108;4.66;0.28;398.31;24.94;1383;63;4852.00;619
12109;37;4740091;12109;461;13496;14112;4.63;0.28;398.42;24.95;1387;63;4853.00;616
12114;37;4740109;12114;463;13499;14112;4.58;0.28;398.69;25.07;1385;63;4854.00;613
12118;37;4740127;12118;464;13503;14116;4.52;0.28;398.79;25.07;1385;63;4855.00;613
12120;37;4740145;12120;463;13505;14116;4.54;0.28;398.88;25.09;1385;63;4856.00;611
12121;37;4740161;12121;468;13507;14116;4.60;0.28;399.00;25.09;1386;63;4857.00;609
12124;37;4740178;12124;472;13510;14116;4.58;0.28;399.05;25.10;1386;63;4858.00;606
12125;37;4740193;12125;466;13511;14116;4.60;0.28;399.03;25.11;1386;63;4859.00;605
12126;37;4740213;12126;479;13535;14150;4.65;0.29;399.05;25.08;1409;63;4860.00;615
12128;37;4740231;12128;471;13536;14150;4.70;0.29;399.07;25.08;1408;63;4861.00;614
12134;37;4740247;12134;475;13539;14150;4.73;0.29;399.18;25.10;1405;63;4862.00;611
12137;37;4740263;12137;471;13541;14150;4.73;0.29;399.21;25.10;1404;63;4863.00;609
12141;37;4740279;12141;465;13544;14150;4.76;0.29;399.34;25.11;1403;63;4864.00;606
12144;37;4740295;12144;467;13544;14150;4.76;0.29;399.41;25.11;1400;63;4865.00;606
12149;37;4740312;12149;474;13549;14151;4.76;0.29;399.64;25.13;1400;63;4866.00;602
12151;37;4740328;12151;476;13551;14151;4.76;0.29;399.72;25.12;1400;63;4867.00;600
12153;37;4740344;12153;481;13555;14157;4.76;0.29;399.76;25.12;1402;63;4868.00;602
12155;37;4740360;12155;478;13558;14158;4.73;0.29;399.79;25.13;1403;63;4869.00;600
12157;37;4740376;12157;485;13559;14158;4.67;0.29;399.94;25.13;1402;63;4870.00;599
12159;37;4740392;12159;489;13562;14158;4.63;0.28;400.01;25.26;1403;63;4871.00;596
12161;37;4740406;12161;495;13565;14162;4.61;0.28;400.02;25.26;1404;63;4872.00;597
12162;37;4740424;12162;502;13567;14162;4.57;0.28;400.06;25.28;1405;63;4873.00;595
12166;37;4740440;12166;508;13568;14162;4.49;0.27;400.14;25.28;1402;63;4874.00;594
12167;37;4740455;12167;513;13569;14163;4.50;0.28;400.13;25.28;1402;63;4875.00;594
12169;37;4740471;12169;509;13573;14167;4.46;0.27;400.17;25.28;1404;63;4876.00;594
12170;37;4740487;12170;508;13574;14167;4.45;0.27;400.21;25.29;1404;63;4877.00;593
12173;37;4740502;12173;506;13575;14170;4.41;0.27;400.33;25.29;1402;63;4878.00;595
12175;37;4740519;12175;504;13577;14170;4.39;0.27;400.33;25.30;1402;63;4879.00;593
12177;37;4740539;12177;505;13578;14170;4.39;0.27;400.43;25.42;1401;63;4880.00;592
12180;37;4740557;12180;512;13578;14170;4.36;0.27;400.41;25.42;1398;63;4881.00;592
12184;37;4740574;12184;504;13584;14174;4.36;0.27;400.43;25.42;1400;63;4882.00;590
12189;37;4740591;12189;502;13584;14174;4.36;0.27;400.50;25.42;1395;63;4883.00;590
12190;37;4740608;12190;499;13584;14174;4.41;0.27;400.48;25.42;1394;63;4884.00;590
12191;37;4740624;12191;504;13585;14174;4.45;0.27;400.46;25.43;1394;63;4885.00;589
12195;37;4740640;12195;504;13585;14175;4.44;0.27;400.54;25.43;1390;63;4886.00;590
12197;37;4740655;12197;504;13586;14176;4.45;0.27;400.55;25.44;1389;63;4887.00;590
12202;37;4740670;12202;514;13588;14176;4.42;0.27;400.46;25.45;1386;63;4888.00;588
12203;37;4740691;12203;510;13589;14177;4.43;0.27;400.44;25.45;1386;63;4889.00;588
12209;37;4740708;12209;513;13592;14177;4.41;0.27;400.42;25.59;1383;63;4890.00;585
12211;37;4740731;12211;524;13595;14177;4.41;0.27;400.48;25.83;1384;63;4891.00;582
12212;37;4740747;12212;522;13595;14177;4.41;0.27;400.51;25.83;1383;63;4892.00;582
12215;37;4740764;12215;527;13595;14177;4.36;0.27;400.52;25.83;1380;63;4893.00;582
12222;37;4740781;12222;533;13596;14177;4.30;0.26;400.58;25.83;1374;63;4894.00;581
12228;37;4740800;12228;537;13596;14177;4.25;0.26;400.47;25.83;1368;63;4895.00;581
12229;37;4740818;12229;558;13656;14304;4.46;0.27;400.50;25.73;1427;63;4896.00;648
12230;37;4740852;12230;557;13659;14305;4.39;0.27;400.50;25.85;1429;63;4897.00;646
12232;37;4740868;12232;557;13668;14305;4.34;0.27;400.44;25.85;1436;63;4898.00;637
12235;37;4740884;12235;559;13671;14305;4.28;0.26;400.36;25.85;1436;63;4899.00;634
12236;37;4740901;12236;567;13679;14305;4.24;0.26;400.36;25.84;1443;63;4900.00;626
12239;37;4740921;12239;566;13682;14305;4.23;0.26;400.38;25.84;1443;63;4901.00;623
12239;37;4740942;12239;573;13685;14305;4.23;0.26;400.38;25.84;1446;63;4902.00;620
12239;37;4740959;12239;580;13689;14305;4.25;0.26;400.38;25.95;1450;63;4903.00;616
12239;37;4740976;12239;582;13693;14306;4.26;0.26;400.38;25.95;1454;63;4904.00;613
12239;37;4740992;12239;581;13697;14308;4.27;0.26;400.38;25.95;1458;63;4905.00;611
12240;37;4741009;12240;587;13699;14308;4.22;0.26;400.41;25.95;1459;63;4906.00;609
12241;37;4741028;12241;594;13701;14309;4.20;0.26;400.38;25.95;1460;63;4907.00;608
12242;37;4741047;12242;596;13701;14309;4.14;0.25;400.36;25.95;1459;63;4908.00;608
12242;37;4741064;12242;600;13704;14309;4.04;0.25;400.36;25.95;1462;63;4909.00;605
12245;37;4741080;12245;607;13705;14309;3.96;0.24;400.32;25.96;1460;63;4910.00;604
12246;37;4741096;12246;620;13709;14313;3.90;0.24;400.32;25.95;1463;63;4911.00;604
12246;37;4741118;12246;623;13710;14313;3.82;0.23;400.32;25.95;1464;63;4912.00;603
12249;37;4741133;12249;636;13711;14313;3.73;0.23;400.42;25.95;1462;63;4913.00;602
12250;37;4741149;12250;645;13712;14316;3.68;0.23;400.45;25.95;1462;63;4914.00;604
12250;37;4741164;12250;657;13712;14316;3.65;0.22;400.45;25.95;1462;63;4915.00;604
12250;37;4741180;12250;674;13712;14316;3.59;0.22;400.45;25.95;1462;63;4916.00;604
12252;37;4741201;12252;676;13715;14320;3.54;0.22;400.41;25.95;1463;63;4917.00;605
12254;37;4741219;12254;671;13716;14321;3.49;0.21;400.38;25.94;1462;63;4918.00;605
12254;37;4741239;12254;674;13716;14321;3.47;0.21;400.38;25.94;1462;63;4919.00;605
12258;37;4741258;12258;679;13720;14326;3.48;0.21;400.43;25.94;1462;63;4920.00;606
12258;37;4741275;12258;673;13720;14326;3.54;0.22;400.43;25.94;1462;63;4921.00;606
12260;37;4741291;12260;667;13720;14326;3.55;0.22;400.37;25.94;1460;63;4922.00;606
12261;37;4741312;12261;669;13721;14327;3.59;0.22;400.40;26.06;1460;63;4923.00;606
12262;37;4741329;12262;667;13721;14327;3.66;0.23;400.37;26.06;1459;63;4924.00;606
12264;37;4741350;12264;666;13725;14333;3.74;0.23;400.38;26.05;1461;63;4925.00;608
12264;37;4741365;12264;662;13726;14333;3.75;0.23;400.38;26.17;1462;63;4926.00;607
12265;37;4741381;12265;660;13726;14334;3.75;0.23;400.39;26.17;1461;63;4927.00;608
12268;37;4741398;12268;660;13727;14334;3.76;0.23;400.33;26.29;1459;63;4928.00;607
12269;37;4741416;12269;662;13727;14334;3.77;0.23;400.31;26.29;1458;63;4929.00;607
12272;37;4741436;12272;667;13727;14334;3.76;0.23;400.25;26.29;1455;63;4930.00;607
12272;37;4741458;12272;672;13729;14334;3.74;0.23;400.25;26.53;1457;63;4931.00;605
12274;37;4741473;12274;678;13738;14346;3.76;0.23;400.22;26.51;1464;63;4932.00;608
12276;37;4741489;12276;674;13738;14346;3.78;0.23;400.20;26.51;1462;63;4933.00;608
12277;37;4741505;12277;672;13738;14346;3.80;0.23;400.18;26.51;1461;63;4934.00;608
12277;37;4741520;12277;666;13738;14346;3.80;0.23;400.18;26.51;1461;63;4935.00;608
12279;37;4741536;12279;665;13738;14346;3.79;0.23;400.23;26.51;1459;63;4936.00;608
12280;37;4741556;12280;669;13738;14346;3.77;0.23;400.24;26.51;1458;63;4937.00;608
12282;37;4741572;12282;663;13741;14350;3.74;0.23;400.22;26.51;1459;63;4938.00;609
12283;37;4741588;12283;668;13741;14350;3.73;0.23;400.20;26.51;1458;63;4939.00;609
12285;37;4741603;12285;666;13744;14354;3.70;0.23;400.14;26.50;1459;63;4940.00;610
12286;37;4741619;12286;665;13744;14355;3.67;0.22;400.16;26.50;1458;63;4941.00;611
12288;37;4741634;12288;661;13744;14355;3.63;0.22;400.17;26.50;1456;63;4942.00;611
12288;37;4741648;12288;672;13744;14355;3.60;0.22;400.17;26.50;1456;63;4943.00;611
12291;37;4741662;12291;683;13753;14368;3.57;0.22;400.17;26.48;1462;63;4944.00;615
12292;37;4741678;12292;676;13753;14368;3.60;0.22;400.20;26.48;1461;63;4945.00;615
12293;37;4741694;12293;682;13754;14368;3.66;0.22;400.19;26.48;1461;63;4946.00;614
12295;37;4741711;12295;687;13755;14369;3.65;0.22;400.20;26.48;1460;63;4947.00;614
12296;37;4741729;12296;688;13755;14370;3.67;0.22;400.30;26.48;1459;63;4948.00;615
12301;37;4741745;12301;698;13755;14370;3.68;0.22;400.48;26.48;1454;63;4949.00;615
12303;37;4741762;12303;684;13760;14379;3.72;0.23;400.46;26.47;1457;63;4950.00;619
12305;37;4741779;12305;679;13760;14379;3.72;0.23;400.44;26.47;1455;63;4951.00;619
12306;37;4741795;12306;666;13761;14379;3.79;0.23;400.42;26.47;1455;63;4952.00;618
12309;37;4741812;12309;655;13761;14379;3.81;0.23;400.41;26.47;1452;63;4953.00;618
12311;37;4741831;12311;644;13765;14385;3.85;0.23;400.53;26.46;1454;63;4954.00;620
12312;37;4741849;12312;636;13766;14385;3.89;0.24;400.64;26.46;1454;63;4955.00;619
12314;37;4741866;12314;630;13766;14385;3.96;0.24;400.64;26.46;1452;63;4956.00;619
12316;37;4741881;12316;623;13766;14385;4.00;0.24;400.66;26.46;1450;63;4957.00;619
12320;37;4741896;12320;616;13769;14389;4.02;0.24;400.72;26.45;1449;63;4958.00;620
12324;37;4741912;12324;613;13769;14390;4.05;0.25;400.74;26.45;1445;63;4959.00;621
12328;37;4741928;12328;602;13769;14390;4.04;0.25;400.76;26.45;1441;63;4960.00;621
12334;37;4741956;12334;599;13770;14391;4.04;0.25;400.96;26.45;1436;63;4961.00;621
12340;37;4741973;12340;592;13770;14391;4.06;0.25;401.12;26.45;1430;63;4962.00;621
12342;37;4741992;12342;591;13770;14391;4.10;0.25;401.18;26.45;1428;63;4963.00;621
12348;37;4742007;12348;590;13770;14391;4.15;0.25;401.17;26.45;1422;63;4964.00;621
12354;37;4742024;12354;592;13770;14391;4.15;0.25;401.23;26.45;1416;63;4965.00;621
12357;37;4742044;12357;581;13770;14391;4.20;0.25;401.25;26.45;1413;63;4966.00;621
12360;37;4742063;12360;579;13770;14391;4.23;0.26;401.35;26.45;1410;63;4967.00;621
12367;37;4742084;12367;582;13804;14461;4.35;0.26;401.43;26.39;1437;63;4968.00;657
12368;37;4742112;12368;562;13806;14462;4.40;0.27;401.52;26.38;1438;63;4969.00;656
12370;37;4742133;12370;558;13809;14462;4.44;0.27;401.50;26.38;1439;63;4970.00;653
12374;37;4742153;12374;556;13810;14462;4.46;0.27;401.68;26.38;1436;63;4971.00;652
12379;38;4742171;12379;540;13810;14462;4.43;0.27;401.80;26.38;1431;64;4972.00;652
12382;38;4742205;12382;535;13810;14462;4.42;0.27;401.91;26.38;1428;64;4973.00;652
12384;38;4742221;12384;530;13810;14462;4.43;0.27;401.92;26.38;1426;64;4974.00;652
12385;38;4742238;12385;531;13810;14462;4.42;0.27;402.00;26.38;1425;64;4975.00;652
12387;38;4742254;12387;532;13810;14463;4.42;0.27;402.01;26.38;1423;64;4976.00;653
12389;38;4742271;12389;528;13810;14464;4.40;0.27;402.15;26.38;1421;64;4977.00;654
12393;38;4742288;12393;537;13810;14464;4.35;0.26;402.16;26.38;1417;64;4978.00;654
12395;38;4742304;12395;532;13814;14468;4.34;0.26;402.26;26.38;1419;64;4979.00;654
12400;38;4742326;12400;538;13815;14468;4.34;0.26;402.33;26.38;1415;64;4980.00;653
12404;38;4742346;12404;535;13815;14468;4.34;0.26;402.41;26.38;1411;64;4981.00;653
12407;38;4742364;12407;526;13816;14468;4.35;0.26;402.45;26.38;1409;64;4982.00;652
12409;38;4742388;12409;529;13820;14474;4.36;0.26;402.44;26.37;1411;64;4983.00;654
12412;38;4742405;12412;532;13820;14474;4.32;0.26;402.46;26.37;1408;64;4984.00;654
12414;38;4742422;12414;525;13820;14474;4.30;0.26;402.56;26.37;1406;64;4985.00;654
12419;38;4742438;12419;529;13820;14477;4.26;0.26;402.62;26.37;1401;64;4986.00;657
12421;38;4742454;12421;535;13823;14477;4.23;0.26;402.61;26.38;1402;64;4987.00;654
12424;38;4742470;12424;530;13824;14477;4.24;0.26;402.62;26.39;1400;64;4988.00;653
12428;38;4742492;12428;528;13827;14478;4.19;0.25;402.67;26.40;1399;64;4989.00;651
12431;38;4742510;12431;525;13828;14479;4.18;0.25;402.69;26.41;1397;64;4990.00;651
12434;38;4742528;12434;526;13830;14479;4.17;0.25;402.85;26.41;1396;64;4991.00;649
12437;38;4742544;12437;530;13838;14492;4.18;0.25;402.87;26.39;1401;64;4992.00;654
12440;38;4742561;12440;534;13840;14492;4.14;0.25;402.90;26.41;1400;64;4993.00;652
12440;38;4742578;12440;530;13841;14492;4.12;0.25;402.90;26.41;1401;64;4994.00;651
12443;38;4742598;12443;528;13845;14494;4.11;0.25;402.89;26.43;1402;64;4995.00;649
12447;38;4742620;12447;531;13847;14494;4.11;0.25;403.05;26.43;1400;64;4996.00;647
12449;38;4742637;12449;517;13852;14498;4.16;0.25;403.16;26.45;1403;64;4997.00;646
12452;38;4742654;12452;511;13853;14498;4.17;0.26;403.23;26.46;1401;64;4998.00;645
12455;38;4742670;12455;513;13857;14502;4.21;0.26;403.35;26.46;1402;64;4999.00;645
12458;38;4742687;12458;504;13860;14502;4.21;0.26;403.40;26.48;1402;64;5000.00;642
12460;38;4742707;12460;509;13862;14502;4.21;0.26;403.45;26.48;1402;64;5001.00;640
12464;38;4742725;12464;510;13864;14502;4.22;0.26;403.44;26.49;1400;64;5002.00;638
12468;38;4742742;12468;524;13865;14502;4.21;0.26;403.57;26.49;1397;64;5003.00;637
12473;38;4742757;12473;526;13873;14514;4.18;0.25;403.56;26.49;1400;64;5004.00;641
12475;38;4742778;12475;532;13876;14514;4.17;0.25;403.58;26.62;1401;64;5005.00;638
12478;38;4742805;12478;521;13878;14514;4.18;0.25;403.58;26.62;1400;64;5006.00;636
12482;38;4742824;12482;518;13880;14514;4.23;0.26;403.58;26.63;1398;64;5007.00;634
12483;38;4742847;12483;516;13882;14514;4.29;0.26;403.61;26.64;1399;64;5008.00;632
12487;38;4742863;12487;525;13884;14514;4.31;0.26;403.63;26.64;1397;64;5009.00;630
12490;38;4742882;12490;527;13886;14515;4.35;0.26;403.75;26.65;1396;64;5010.00;629
12495;38;4742900;12495;520;13888;14515;4.37;0.27;403.82;26.65;1393;64;5011.00;627
12496;38;4742915;12496;532;13892;14521;4.41;0.27;403.90;26.65;1396;64;5012.00;629
12500;38;4742934;12500;528;13894;14522;4.46;0.27;404.03;26.66;1394;64;5013.00;628
12501;38;4742956;12501;533;13894;14522;4.48;0.27;404.04;26.66;1393;64;5014.00;628
12503;38;4742974;12503;533;13896;14522;4.47;0.27;404.21;26.67;1393;64;5015.00;626
12507;38;4742991;12507;538;13898;14526;4.46;0.27;404.40;26.67;1391;64;5016.00;628
12507;38;4743009;12507;536;13901;14526;4.46;0.27;404.40;26.68;1394;64;5017.00;625
12510;38;4743024;12510;526;13902;14526;4.49;0.27;404.57;26.69;1392;64;5018.00;624
12514;38;4743042;12514;524;13905;14527;4.45;0.27;404.59;26.70;1391;64;5019.00;622
12514;38;4743059;12514;519;13910;14531;4.49;0.27;404.59;26.71;1396;64;5020.00;621
12517;38;4743075;12517;529;13911;14531;4.49;0.27;404.74;26.71;1394;64;5021.00;620
12520;38;4743091;12520;536;13913;14534;4.51;0.27;404.84;26.72;1393;64;5022.00;621
12521;38;4743107;12521;537;13914;14534;4.57;0.28;404.82;26.73;1393;64;5023.00;620
12523;38;4743124;12523;535;13915;14534;4.59;0.28;404.88;26.73;1392;64;5024.00;619
12525;38;4743139;12525;533;13915;14534;4.62;0.28;404.95;26.73;1390;64;5025.00;619
12527;38;4743156;12527;528;13920;14538;4.67;0.28;404.91;26.74;1393;65;5026.00;618
12528;38;4743181;12528;528;13921;14538;4.66;0.28;404.92;26.75;1393;65;5027.00;617
12529;38;4743196;12529;521;13923;14538;4.66;0.28;404.93;26.77;1394;65;5028.00;615
12534;38;4743212;12534;531;13924;14538;4.59;0.28;405.04;26.77;1390;65;5029.00;614
12537;38;4743228;12537;536;13924;14539;4.51;0.28;405.09;26.77;1387;65;5030.00;615
12542;38;4743244;12542;542;13926;14540;4.44;0.27;405.12;26.78;1384;65;5031.00;614
12544;38;4743259;12544;539;13927;14540;4.41;0.27;405.11;26.79;1383;65;5032.00;613
12546;38;4743276;12546;546;13929;14541;4.42;0.27;405.09;26.79;1383;65;5033.00;612
12546;38;4743291;12546;560;13930;14541;4.43;0.27;405.09;26.80;1384;65;5034.00;611
12549;38;4743305;12549;567;13931;14541;4.41;0.27;405.09;26.81;1382;65;5035.00;610
12555;38;4743322;12555;569;13931;14541;4.38;0.27;405.11;26.81;1376;65;5036.00;610
12558;38;4743337;12558;578;13933;14541;4.33;0.26;405.15;26.82;1375;65;5037.00;608
12559;38;4743352;12559;583;13933;14541;4.32;0.26;405.16;26.82;1374;65;5038.00;608
12561;38;4743367;12561;585;13935;14541;4.32;0.26;405.19;26.82;1374;65;5039.00;606
12564;38;4743383;12564;650;14056;14771;4.47;0.28;405.18;26.59;1492;65;5040.00;715
12565;38;4743417;12565;637;14058;14772;4.47;0.28;405.17;26.60;1493;65;5041.00;714
12567;38;4743433;12567;626;14065;14772;4.53;0.28;405.14;26.60;1498;65;5042.00;707
12570;38;4743451;12570;616;14067;14772;4.54;0.28;405.12;26.60;1497;65;5043.00;705
12575;38;4743468;12575;608;14072;14772;4.55;0.28;405.18;26.60;1497;65;5044.00;700
12580;38;4743485;12580;598;14076;14772;4.54;0.28;405.18;26.59;1496;65;5045.00;696
12583;38;4743502;12583;593;14080;14772;4.57;0.28;405.14;26.58;1497;65;5046.00;692
12585;38;4743518;12585;592;14086;14772;4.64;0.29;405.17;26.59;1501;65;5047.00;686
12587;38;4743537;12587;590;14093;14773;4.68;0.29;405.15;26.58;1506;65;5048.00;680
12589;38;4743558;12589;593;14096;14774;4.72;0.29;405.11;26.58;1507;65;5049.00;678
12589;38;4743585;12589;604;14102;14774;4.76;0.30;405.11;26.58;1513;65;5050.00;672
12594;38;4743603;12594;603;14104;14775;4.71;0.29;405.26;26.58;1510;65;5051.00;671
12595;38;4743619;12595;608;14106;14775;4.66;0.29;405.26;26.58;1511;65;5052.00;669
12596;38;4743641;12596;605;14108;14775;4.62;0.29;405.27;26.58;1512;65;5053.00;667
12598;38;4743657;12598;608;14110;14775;4.55;0.28;405.24;26.58;1512;65;5054.00;665
12599;38;4743674;12599;606;14113;14779;4.46;0.27;405.21;26.58;1514;65;5055.00;666
12599;38;4743691;12599;618;14114;14779;4.42;0.27;405.21;26.58;1515;65;5056.00;665
12604;38;4743708;12604;622;14116;14779;4.33;0.27;405.21;26.59;1512;65;5057.00;663
12607;38;4743724;12607;630;14117;14782;4.24;0.26;405.19;26.59;1510;65;5058.00;665
12609;38;4743741;12609;645;14117;14782;4.22;0.26;405.18;26.59;1508;65;5059.00;665
12611;38;4743761;12611;657;14118;14782;4.18;0.26;405.26;26.59;1507;65;5060.00;664
12611;38;4743778;12611;669;14121;14786;4.15;0.25;405.26;26.59;1510;65;5061.00;665
12613;38;4743794;12613;672;14123;14787;4.10;0.25;405.38;26.58;1510;65;5062.00;664
12613;38;4743818;12613;675;14123;14787;4.07;0.25;405.38;26.58;1510;65;5063.00;664
12614;38;4743834;12614;682;14125;14791;4.01;0.25;405.41;26.58;1511;65;5064.00;666
12615;38;4743861;12615;668;14126;14791;3.97;0.24;405.44;26.58;1511;65;5065.00;665
12618;38;4743888;12618;674;14129;14791;3.91;0.24;405.49;26.58;1511;65;5066.00;662
12621;38;4743906;12621;671;14130;14792;3.93;0.24;405.43;26.58;1509;65;5067.00;662
12622;38;4743924;12622;672;14131;14792;3.96;0.24;405.47;26.58;1509;65;5068.00;661
12622;38;4743941;12622;676;14137;14798;3.97;0.24;405.47;26.59;1515;65;5069.00;661
12623;38;4743960;12623;681;14137;14798;3.99;0.25;405.46;26.59;1514;65;5070.00;661
12625;38;4743978;12625;678;14140;14799;4.00;0.25;405.56;26.58;1515;65;5071.00;659
12626;38;4744000;12626;680;14140;14799;3.99;0.25;405.53;26.58;1514;65;5072.00;659
12628;38;4744017;12628;683;14141;14799;3.99;0.25;405.61;26.59;1513;65;5073.00;658
12629;38;4744034;12629;678;14141;14799;4.00;0.25;405.67;26.59;1512;65;5074.00;658
12629;38;4744056;12629;681;14142;14799;4.00;0.25;405.67;26.59;1513;65;5075.00;657
12630;38;4744072;12630;681;14151;14811;3.99;0.25;405.64;26.57;1521;65;5076.00;660
12630;38;4744090;12630;688;14151;14811;3.98;0.25;405.64;26.57;1521;65;5077.00;660
12631;38;4744106;12631;683;14152;14811;3.98;0.25;405.65;26.57;1521;65;5078.00;659
12633;38;4744123;12633;688;14152;14811;4.00;0.25;405.77;26.57;1519;65;5079.00;659
12635;38;4744139;12635;694;14152;14811;4.01;0.25;405.72;26.57;1517;65;5080.00;659
12637;38;4744155;12637;698;14152;14811;4.00;0.25;405.69;26.57;1515;65;5081.00;659
12640;38;4744171;12640;698;14156;14815;4.00;0.25;405.67;26.57;1516;65;5082.00;659
12641;38;4744188;12641;699;14156;14815;4.00;0.25;405.64;26.57;1515;65;5083.00;659
12643;38;4744204;12643;695;14161;14819;4.02;0.25;405.62;26.56;1518;65;5084.00;658
12643;38;4744220;12643;695;14162;14821;4.03;0.25;405.62;26.56;1519;65;5085.00;659
12647;38;4744236;12647;695;14164;14821;4.00;0.25;405.58;26.56;1517;65;5086.00;657
12650;38;4744252;12650;690;14164;14821;3.97;0.24;405.56;26.56;1514;65;5087.00;657
12653;38;4744267;12653;695;14173;14834;3.97;0.24;405.69;26.55;1520;65;5088.00;661
12661;38;4744284;12661;693;14175;14834;3.94;0.24;405.85;26.54;1514;65;5089.00;659
12662;38;4744301;12662;704;14175;14834;4.01;0.25;405.84;26.54;1513;65;5090.00;659
12664;38;4744319;12664;695;14176;14835;4.04;0.25;405.85;26.54;1512;65;5091.00;659
12667;38;4744339;12667;696;14176;14836;4.08;0.25;405.85;26.54;1509;65;5092.00;660
12669;38;4744357;12669;692;14176;14836;4.09;0.25;405.85;26.54;1507;65;5093.00;660
12672;38;4744374;12672;692;14177;14839;4.10;0.25;405.81;26.54;1505;65;5094.00;662
12675;38;4744391;12675;697;14177;14839;4.10;0.25;405.96;26.54;1502;65;5095.00;662
12680;38;4744407;12680;701;14177;14839;4.05;0.25;406.21;26.54;1497;65;5096.00;662
12681;38;4744424;12681;699;14177;14839;4.05;0.25;406.19;26.54;1496;65;5097.00;662
12685;38;4744439;12685;698;14181;14845;4.05;0.25;406.23;26.53;1496;65;5098.00;664
12688;38;4744455;12688;694;14181;14845;4.01;0.24;406.28;26.53;1493;65;5099.00;664
12690;38;4744496;12690;700;14186;14864;3.98;0.24;406.24;26.52;1496;65;5100.00;678
12692;38;4744520;12692;695;14186;14864;3.94;0.24;406.41;26.52;1494;65;5101.00;678
12693;38;4744537;12693;693;14189;14868;3.93;0.24;406.42;26.52;1496;65;5102.00;679
12695;38;4744553;12695;696;14189;14869;3.91;0.24;406.42;26.52;1494;65;5103.00;680
12696;38;4744570;12696;706;14189;14869;3.93;0.24;406.41;26.52;1493;65;5104.00;680
12700;38;4744584;12700;700;14190;14870;3.91;0.24;406.39;26.52;1490;65;5105.00;680
12702;38;4744600;12702;707;14193;14870;3.91;0.24;406.45;26.51;1491;65;5106.00;677
12705;38;4744615;12705;706;14193;14870;3.91;0.24;406.51;26.51;1488;65;5107.00;677
12706;38;4744630;12706;702;14193;14870;3.93;0.24;406.49;26.51;1487;65;5108.00;677
12709;38;4744644;12709;689;14193;14870;3.97;0.24;406.55;26.51;1484;65;5109.00;677
12711;38;4744665;12711;693;14193;14870;4.00;0.24;406.57;26.51;1482;65;5110.00;677
12716;38;4744682;12716;696;14194;14870;4.01;0.24;406.62;26.51;1478;65;5111.00;676
12717;38;4744700;12717;706;14228;14940;4.08;0.25;406.63;26.45;1511;65;5112.00;712
12723;38;4744725;12723;697;14231;14941;4.08;0.25;406.72;26.44;1508;65;5113.00;710
12727;38;4744741;12727;687;14233;14941;4.08;0.25;406.77;26.44;1506;65;5114.00;708
12730;38;4744757;12730;678;14233;14941;4.11;0.25;406.80;26.44;1503;65;5115.00;708
12734;38;4744774;12734;669;14233;14941;4.13;0.25;406.85;26.44;1499;65;5116.00;708
12737;38;4744790;12737;666;14235;14941;4.14;0.25;406.89;26.44;1498;65;5117.00;706
12739;38;4744811;12739;668;14235;14941;4.16;0.25;406.88;26.44;1496;65;5118.00;706
12739;38;4744827;12739;664;14235;14941;4.18;0.26;406.88;26.44;1496;65;5119.00;706
12743;38;4744848;12743;658;14235;14942;4.18;0.26;406.89;26.44;1492;65;5120.00;707
12746;38;4744864;12746;663;14235;14943;4.15;0.25;406.92;26.44;1489;65;5121.00;708
12747;38;4744880;12747;657;14236;14943;4.19;0.26;406.91;26.44;1489;65;5122.00;707
12750;38;4744896;12750;660;14240;14947;4.17;0.26;406.91;26.43;1490;65;5123.00;707
12755;38;4744912;12755;660;14240;14947;4.14;0.25;406.94;26.43;1485;65;5124.00;707
12758;38;4744929;12758;664;14241;14947;4.11;0.25;407.00;26.43;1483;65;5125.00;706
12761;38;4744946;12761;664;14241;14947;4.14;0.25;406.99;26.43;1480;65;5126.00;706
12765;38;4744961;12765;656;14243;14953;4.12;0.25;407.00;26.43;1478;65;5127.00;710
12768;38;4744978;12768;649;14246;14953;4.16;0.26;407.10;26.43;1478;65;5128.00;707
12771;38;4744994;12771;641;14247;14953;4.22;0.26;407.04;26.43;1476;65;5129.00;706
12775;38;4745012;12775;637;14248;14959;4.26;0.26;407.05;26.43;1473;65;5130.00;711
12782;38;4745029;12782;641;14252;14959;4.27;0.26;407.04;26.42;1470;65;5131.00;707
12785;38;4745045;12785;643;14252;14959;4.30;0.26;407.03;26.42;1467;65;5132.00;707
12789;38;4745061;12789;643;14253;14960;4.31;0.26;407.07;26.42;1464;65;5133.00;707
12793;38;4745078;12793;643;14256;14961;4.31;0.26;407.12;26.42;1463;65;5134.00;705
12797;38;4745093;12797;639;14256;14961;4.32;0.26;407.12;26.42;1459;65;5135.00;705
12803;38;4745110;12803;640;14264;14974;4.34;0.27;407.12;26.41;1461;65;5136.00;710
12807;38;4745129;12807;645;14265;14974;4.33;0.27;407.13;26.41;1458;65;5137.00;709
12813;38;4745155;12813;645;14266;14974;4.36;0.27;407.26;26.41;1453;65;5138.00;708
12817;38;4745173;12817;645;14272;14975;4.38;0.27;407.27;26.41;1455;65;5139.00;703
12822;38;4745192;12822;640;14273;14975;4.38;0.27;407.51;26.41;1451;65;5140.00;702
12826;38;4745209;12826;640;14275;14979;4.38;0.27;407.50;26.40;1449;65;5141.00;704
12830;38;4745226;12830;638;14276;14979;4.35;0.27;407.55;26.40;1446;65;5142.00;703
12836;38;4745243;12836;633;14280;14983;4.34;0.26;407.63;26.40;1444;65;5143.00;703
12838;38;4745261;12838;627;14280;14983;4.34;0.26;407.61;26.40;1442;65;5144.00;703
12842;38;4745279;12842;625;14280;14983;4.36;0.27;407.73;26.40;1438;65;5145.00;703
12846;38;4745295;12846;619;14283;14983;4.34;0.26;407.74;26.40;1437;65;5146.00;700
12850;38;4745312;12850;616;14285;14983;4.32;0.26;407.78;26.41;1435;65;5147.00;698
12853;38;4745329;12853;616;14292;14995;4.31;0.26;407.81;26.40;1439;65;5148.00;703
12854;38;4745346;12854;620;14293;14995;4.29;0.26;407.82;26.40;1439;65;5149.00;702
12860;38;4745362;12860;622;14294;14995;4.23;0.26;407.87;26.40;1434;65;5150.00;701
12864;38;4745379;12864;628;14294;14995;4.22;0.26;407.98;26.40;1430;65;5151.00;701
12869;38;4745396;12869;634;14297;14995;4.18;0.26;407.99;26.42;1428;65;5152.00;698
12875;38;4745411;12875;637;14298;14995;4.14;0.25;407.99;26.41;1423;65;5153.00;697
12876;38;4745427;12876;648;14298;14996;4.13;0.25;407.99;26.41;1422;65;5154.00;698
12881;38;4745442;12881;652;14303;14998;4.04;0.25;408.00;26.43;1422;65;5155.00;695
12883;38;4745461;12883;658;14305;15004;4.04;0.25;408.05;26.42;1422;65;5156.00;699
12884;38;4745479;12884;661;14309;15005;4.04;0.25;408.07;26.43;1425;65;5157.00;696
12887;38;4745498;12887;669;14310;15005;3.98;0.24;408.05;26.43;1423;65;5158.00;695
12889;38;4745515;12889;663;14311;15005;3.94;0.24;408.04;26.44;1422;65;5159.00;694
12889;38;4745533;12889;674;14315;15010;3.93;0.24;408.04;26.44;1426;65;5160.00;695
12892;38;4745552;12892;677;14316;15010;3.89;0.24;408.13;26.44;1424;65;5161.00;694
12896;38;4745572;12896;672;14318;15010;3.85;0.23;408.09;26.45;1422;65;5162.00;692
12898;38;4745589;12898;670;14321;15011;3.82;0.23;408.11;26.47;1423;65;5163.00;690
12901;38;4745607;12901;668;14325;15015;3.81;0.23;408.25;26.47;1424;65;5164.00;690
12902;38;4745623;12902;673;14326;15015;3.83;0.23;408.33;26.47;1424;65;5165.00;689
12906;38;4745639;12906;671;14328;15018;3.82;0.23;408.31;26.48;1422;65;5166.00;690
12908;38;4745657;12908;671;14328;15018;3.80;0.23;408.42;26.48;1420;65;5167.00;690
12912;38;4745677;12912;671;14330;15018;3.79;0.23;408.43;26.49;1418;65;5168.00;688
12914;38;4745696;12914;673;14330;15018;3.81;0.23;408.49;26.49;1416;65;5169.00;688
12918;38;4745714;12918;673;14335;15022;3.82;0.23;408.62;26.50;1417;65;5170.00;687
12919;38;4745738;12919;665;14336;15022;3.89;0.24;408.65;26.51;1417;65;5171.00;686
12920;38;4745753;12920;657;14337;15022;3.91;0.24;408.66;26.52;1417;65;5172.00;685
12921;38;4745770;12921;659;14338;15022;3.92;0.24;408.80;26.52;1417;65;5173.00;684
12923;38;4745786;12923;664;14338;15023;3.93;0.24;408.85;26.52;1415;65;5174.00;685
12924;38;4745806;12924;661;14340;15025;3.92;0.24;408.93;26.53;1416;65;5175.00;685
12925;38;4745827;12925;656;14342;15025;3.95;0.24;408.92;26.55;1417;65;5176.00;683
12926;38;4745860;12926;653;14344;15026;3.99;0.24;408.91;26.55;1418;65;5177.00;682
12927;38;4745881;12927;658;14344;15026;4.00;0.24;408.89;26.55;1417;65;5178.00;682
12929;38;4745896;12929;654;14345;15026;4.04;0.25;408.88;26.56;1416;65;5179.00;681
12929;38;4745912;12929;657;14345;15026;4.09;0.25;408.88;26.56;1416;65;5180.00;681
12931;38;4745927;12931;660;14346;15026;4.11;0.25;408.88;26.57;1415;65;5181.00;680
12935;38;4745943;12935;654;14347;15026;4.11;0.25;408.93;26.57;1412;65;5182.00;679
12938;38;4745959;12938;654;14348;15026;4.14;0.25;408.93;26.58;1410;65;5183.00;678
12939;38;4745975;12939;674;14414;15153;4.40;0.27;408.97;26.46;1475;65;5184.00;739
12941;38;4746006;12941;670;14418;15154;4.40;0.27;409.02;26.47;1477;65;5185.00;736
12941;38;4746024;12941;664;14425;15154;4.45;0.28;409.02;26.46;1484;65;5186.00;729
12944;38;4746041;12944;659;14426;15154;4.45;0.28;409.03;26.46;1482;65;5187.00;728
12946;38;4746058;12946;667;14432;15154;4.45;0.28;409.13;26.47;1486;65;5188.00;722
12949;38;4746074;12949;671;14433;15154;4.42;0.27;409.08;26.47;1484;65;5189.00;721
12951;38;4746093;12951;675;14437;15154;4.45;0.27;409.13;26.48;1486;65;5190.00;717
12955;38;4746113;12955;673;14440;15154;4.43;0.27;409.06;26.47;1485;65;5191.00;714
12956;38;4746136;12956;679;14444;15155;4.42;0.27;409.10;26.49;1488;65;5192.00;711
12958;38;4746153;12958;686;14446;15156;4.36;0.27;409.11;26.48;1488;65;5193.00;710
12960;38;4746170;12960;693;14450;15156;4.31;0.27;409.06;26.49;1490;65;5194.00;706
12962;38;4746191;12962;698;14452;15157;4.25;0.26;409.04;26.50;1490;65;5195.00;705
12964;38;4746209;12964;711;14454;15157;4.20;0.26;409.02;26.50;1490;65;5196.00;703
12965;38;4746225;12965;716;14456;15157;4.16;0.26;409.00;26.50;1491;65;5197.00;701
12966;38;4746242;12966;720;14458;15157;4.14;0.26;408.98;26.51;1492;65;5198.00;699
12968;38;4746258;12968;731;14463;15161;4.09;0.25;408.99;26.51;1495;65;5199.00;698
12968;38;4746275;12968;735;14465;15161;4.10;0.25;408.99;26.52;1497;65;5200.00;696
12970;38;4746293;12970;742;14465;15161;4.08;0.25;409.04;26.52;1495;65;5201.00;696
12972;38;4746309;12972;747;14468;15164;4.05;0.25;409.03;26.53;1496;65;5202.00;696
12975;38;4746325;12975;745;14468;15164;4.00;0.25;409.12;26.53;1493;65;5203.00;696
12978;38;4746347;12978;754;14470;15164;3.98;0.25;409.18;26.54;1492;65;5204.00;694
12982;38;4746366;12982;746;14476;15168;3.96;0.24;409.19;26.93;1494;66;5205.00;692
12987;38;4746397;12987;744;14479;15169;3.94;0.24;409.20;26.94;1492;66;5206.00;690
12988;38;4746414;12988;736;14479;15169;3.96;0.24;409.30;26.94;1491;66;5207.00;690
12989;38;4746435;12989;726;14484;15173;3.98;0.24;409.32;26.95;1495;66;5208.00;689
12991;38;4746451;12991;716;14485;15173;3.97;0.24;409.30;26.95;1494;66;5209.00;688
12993;38;4746468;12993;713;14486;15173;4.00;0.25;409.29;26.96;1493;66;5210.00;687
12995;38;4746484;12995;712;14487;15174;4.01;0.25;409.28;26.96;1492;66;5211.00;687
12996;38;4746501;12996;692;14488;15174;4.05;0.25;409.26;26.97;1492;67;5212.00;686
12999;38;4746522;12999;673;14494;15180;4.12;0.25;409.23;26.96;1495;67;5213.00;686
13000;38;4746539;13000;660;14495;15180;4.15;0.25;409.31;26.97;1495;67;5214.00;685
13002;38;4746555;13002;654;14496;15180;4.19;0.26;409.37;26.97;1494;67;5215.00;684
13008;38;4746572;13008;645;14497;15181;4.20;0.26;409.37;26.97;1489;67;5216.00;684
13012;38;4746600;13012;632;14498;15181;4.19;0.26;409.40;26.98;1486;67;5217.00;683
13014;38;4746619;13014;627;14499;15181;4.18;0.25;409.35;26.98;1485;67;5218.00;682
13016;38;4746636;13016;626;14500;15181;4.18;0.26;409.35;26.98;1484;68;5219.00;681
13017;38;4746665;13017;620;14521;15217;4.29;0.26;409.40;27.08;1504;68;5220.00;696
13019;38;4746685;13019;615;14522;15217;4.31;0.26;409.39;27.08;1503;68;5221.00;695
13020;38;4746702;13020;619;14527;15217;4.35;0.27;409.38;27.07;1507;68;5222.00;690
13024;38;4746719;13024;612;14528;15217;4.34;0.27;409.44;27.08;1504;68;5223.00;689
13027;38;4746736;13027;618;14529;15217;4.36;0.27;409.38;27.07;1502;68;5224.00;688
13029;38;4746753;13029;618;14531;15217;4.38;0.27;409.45;27.08;1502;68;5225.00;686
13031;39;4746770;13031;609;14535;15221;4.39;0.27;409.43;27.07;1504;69;5226.00;686
13033;39;4746794;13033;613;14536;15221;4.45;0.27;409.39;27.07;1503;69;5227.00;685
13035;39;4746816;13035;613;14541;15225;4.48;0.27;409.45;27.07;1506;69;5228.00;684
13038;39;4746833;13038;605;14542;15226;4.48;0.27;409.49;27.07;1504;69;5229.00;684
13038;39;4746851;13038;604;14543;15226;4.51;0.27;409.49;27.07;1505;69;5230.00;683
13039;39;4746868;13039;603;14546;15226;4.47;0.27;409.48;27.07;1507;69;5231.00;680
13041;39;4746884;13041;601;14556;15239;4.43;0.27;409.48;27.05;1515;69;5232.00;683
13042;39;4746903;13042;591;14558;15239;4.44;0.27;409.50;27.05;1516;69;5233.00;681
13043;39;4746919;13043;584;14558;15239;4.42;0.27;409.54;27.05;1515;69;5234.00;681
13046;39;4746935;13046;596;14559;15240;4.41;0.27;409.63;27.05;1513;69;5235.00;681
13048;39;4746952;13048;595;14561;15241;4.39;0.27;409.58;27.06;1513;69;5236.00;680
13050;39;4746978;13050;605;14561;15241;4.39;0.27;409.70;27.06;1511;69;5237.00;680
13054;39;4747001;13054;608;14562;15244;4.37;0.27;409.77;27.05;1508;69;5238.00;682
13056;39;4747018;13056;608;14563;15244;4.37;0.27;409.86;27.06;1507;69;5239.00;681
13057;39;4747035;13057;610;14564;15244;4.40;0.27;409.85;27.06;1507;69;5240.00;680
13060;39;4747051;13060;612;14564;15244;4.41;0.27;409.89;27.06;1504;69;5241.00;680
13061;39;4747068;13061;620;14568;15250;4.41;0.27;409.88;27.05;1507;69;5242.00;682
13062;39;4747086;13062;625;14568;15250;4.41;0.27;409.88;27.05;1506;69;5243.00;682
13067;39;4747104;13067;633;14569;15250;4.37;0.27;409.95;27.05;1502;69;5244.00;681
13070;39;4747123;13070;637;14570;15250;4.34;0.26;409.95;27.19;1500;69;5245.00;680
13073;39;4747140;13073;647;14573;15254;4.30;0.26;409.99;27.18;1500;69;5246.00;681
13077;39;4747162;13077;650;14574;15255;4.30;0.26;409.96;27.31;1497;69;5247.00;681
13081;39;4747180;13081;660;14574;15255;4.25;0.26;409.92;27.31;1493;69;5248.00;681
13084;39;4747197;13084;660;14575;15256;4.20;0.26;409.89;27.31;1491;69;5249.00;681
13085;39;4747232;13085;670;14577;15256;4.20;0.26;409.89;27.58;1492;69;5250.00;679
13090;39;4747256;13090;672;14577;15256;4.16;0.25;410.02;27.58;1487;69;5251.00;679
13093;39;4747272;13093;672;14577;15256;4.13;0.25;410.02;27.58;1484;69;5252.00;679
13096;39;4747288;13096;681;14577;15256;4.14;0.25;410.12;27.58;1481;69;5253.00;679
13098;39;4747304;13098;682;14577;15256;4.14;0.25;410.13;27.58;1479;69;5254.00;679
13101;39;4747322;13101;680;14580;15256;4.08;0.25;410.17;27.97;1479;69;5255.00;676
13104;39;4747341;13104;703;14626;15326;4.13;0.25;410.16;27.88;1522;69;5256.00;700
13105;39;4747366;13105;699;14629;15327;4.14;0.25;410.19;28.01;1524;69;5257.00;698
13106;39;4747383;13106;693;14632;15327;4.19;0.26;410.18;28.14;1526;69;5258.00;695
13110;39;4747400;13110;694;14632;15327;4.18;0.25;410.24;28.14;1522;69;5259.00;695
13111;39;4747416;13111;690;14632;15327;4.23;0.26;410.24;28.14;1521;69;5260.00;695
13114;39;4747432;13114;693;14633;15327;4.21;0.26;410.19;28.14;1519;69;5261.00;694
13116;39;4747448;13116;695;14633;15327;4.24;0.26;410.16;28.14;1517;69;5262.00;694
13118;39;4747463;13118;694;14633;15327;4.25;0.26;410.25;28.14;1515;69;5263.00;694
13121;39;4747481;13121;689;14633;15328;4.26;0.26;410.32;28.14;1512;69;5264.00;695
13123;39;4747504;13123;688;14634;15330;4.28;0.26;410.32;28.13;1511;69;5265.00;696
13125;39;4747523;13125;690;14634;15330;4.30;0.26;410.28;28.13;1509;69;5266.00;696
13129;39;4747541;13129;688;14637;15334;4.28;0.26;410.29;28.13;1508;69;5267.00;697
13131;39;4747558;13131;686;14637;15334;4.29;0.26;410.29;28.13;1506;69;5268.00;697
13134;39;4747575;13134;683;14637;15334;4.29;0.26;410.27;28.13;1503;69;5269.00;697
13137;39;4747591;13137;685;14637;15334;4.27;0.26;410.34;28.13;1500;69;5270.00;697
13138;39;4747608;13138;688;14641;15340;4.26;0.26;410.35;28.12;1503;69;5271.00;699
13139;39;4747624;13139;684;14642;15340;4.23;0.26;410.36;28.12;1503;69;5272.00;698
13142;39;4747641;13142;684;14642;15340;4.17;0.25;410.34;28.12;1500;69;5273.00;698
13143;39;4747658;13143;682;14642;15343;4.15;0.25;410.41;28.12;1499;69;5274.00;701
13144;39;4747674;13144;682;14642;15343;4.14;0.25;410.38;28.12;1498;69;5275.00;701
13149;39;4747689;13149;681;14643;15343;4.09;0.25;410.42;28.12;1494;69;5276.00;700
13153;39;4747705;13153;676;14644;15344;4.03;0.25;410.50;28.12;1491;69;5277.00;700
13153;39;4747726;13153;681;14645;15345;4.01;0.24;410.50;28.12;1492;69;5278.00;700
13159;39;4747752;13159;689;14645;15345;3.92;0.24;410.63;28.12;1486;69;5279.00;700
13161;39;4747773;13161;676;14661;15371;3.91;0.24;410.61;28.09;1500;69;5280.00;710
13166;39;4747791;13166;671;14663;15371;3.88;0.24;410.73;28.09;1497;69;5281.00;708
13170;39;4747808;13170;668;14665;15371;3.89;0.24;410.82;28.08;1495;69;5282.00;706
13172;39;4747824;13172;673;14666;15372;3.90;0.24;410.84;28.08;1494;69;5283.00;706
13179;39;4747840;13179;676;14667;15372;3.89;0.24;410.95;28.08;1488;69;5284.00;705
13183;39;4747857;13183;671;14669;15376;3.95;0.24;411.06;28.08;1486;69;5285.00;707
13185;39;4747873;13185;665;14671;15376;3.99;0.24;411.13;28.07;1486;69;5286.00;705
13190;39;4747890;13190;666;14674;15379;4.01;0.24;411.23;28.07;1484;69;5287.00;705
13191;39;4747907;13191;653;14675;15380;4.06;0.25;411.26;28.07;1484;69;5288.00;705
13193;39;4747923;13193;657;14675;15380;4.07;0.25;411.23;28.07;1482;69;5289.00;705
13196;39;4747939;13196;653;14675;15380;4.06;0.25;411.19;28.07;1479;69;5290.00;705
13197;39;4747956;13197;651;14675;15380;4.07;0.25;411.19;28.07;1478;69;5291.00;705
13201;39;4747972;13201;654;14682;15392;4.10;0.25;411.29;28.05;1481;69;5292.00;710
13205;39;4747990;13205;655;14684;15392;4.11;0.25;411.29;28.05;1479;69;5293.00;708
13208;39;4748006;13208;658;14684;15392;4.10;0.25;411.25;28.05;1476;69;5294.00;708
13214;39;4748023;13214;662;14684;15392;4.09;0.25;411.22;28.05;1470;69;5295.00;708
13215;39;4748039;13215;662;14684;15392;4.09;0.25;411.25;28.05;1469;69;5296.00;708
13219;39;4748055;13219;665;14684;15392;4.04;0.24;411.32;28.05;1465;69;5297.00;708
13222;39;4748071;13222;662;14684;15393;3.98;0.24;411.33;28.05;1462;69;5298.00;709
13227;39;4748088;13227;668;14684;15393;3.91;0.24;411.31;28.05;1457;69;5299.00;709
13230;39;4748105;13230;669;14687;15399;3.89;0.24;411.33;28.04;1457;69;5300.00;712
13234;39;4748124;13234;673;14688;15400;3.83;0.23;411.41;28.04;1454;69;5301.00;712
13238;39;4748140;13238;678;14688;15400;3.77;0.23;411.53;28.04;1450;69;5302.00;712
13240;39;4748156;13240;674;14688;15400;3.78;0.23;411.54;28.04;1448;69;5303.00;712
13244;39;4748172;13244;682;14691;15404;3.77;0.23;411.58;28.04;1447;69;5304.00;713
13248;39;4748189;13248;681;14691;15404;3.72;0.23;411.67;28.04;1443;69;5305.00;713
13249;39;4748204;13249;677;14691;15404;3.73;0.23;411.68;28.04;1442;69;5306.00;713
13252;39;4748221;13252;679;14692;15405;3.72;0.23;411.75;28.03;1440;69;5307.00;713
13256;39;4748240;13256;682;14695;15409;3.72;0.23;411.91;28.03;1439;69;5308.00;714
13261;39;4748259;13261;681;14695;15409;3.67;0.22;411.88;28.03;1434;69;5309.00;714
13267;39;4748278;13267;685;14698;15415;3.66;0.22;412.03;28.02;1431;69;5310.00;717
13270;39;4748295;13270;683;14698;15415;3.65;0.22;412.03;28.02;1428;69;5311.00;717
13275;39;4748311;13275;685;14699;15415;3.63;0.22;412.06;28.02;1424;69;5312.00;716
13279;39;4748330;13279;682;14700;15415;3.61;0.22;412.01;28.15;1421;69;5313.00;715
13282;39;4748350;13282;681;14703;15419;3.64;0.22;412.06;28.15;1421;69;5314.00;716
13287;39;4748370;13287;683;14703;15419;3.61;0.22;412.30;28.15;1416;69;5315.00;716
13291;39;4748387;13291;681;14703;15419;3.59;0.22;412.38;28.15;1412;69;5316.00;716
13292;39;4748405;13292;677;14703;15419;3.60;0.22;412.41;28.15;1411;69;5317.00;716
13296;39;4748421;13296;684;14704;15420;3.54;0.22;412.48;28.16;1408;69;5318.00;716
13298;39;4748436;13298;688;14704;15421;3.50;0.21;412.49;28.16;1406;69;5319.00;717
13301;39;4748451;13301;690;14704;15421;3.45;0.21;412.64;28.16;1403;69;5320.00;717
13303;39;4748467;13303;701;14707;15422;3.44;0.21;412.63;28.16;1404;69;5321.00;715
13308;39;4748482;13308;709;14707;15422;3.36;0.20;412.67;28.16;1399;69;5322.00;715
13309;39;4748497;13309;722;14709;15422;3.30;0.20;412.66;28.17;1400;69;5323.00;713
13311;39;4748512;13311;729;14710;15422;3.25;0.20;412.68;28.18;1399;69;5324.00;712
13312;39;4748532;13312;726;14710;15422;3.23;0.20;412.73;28.18;1398;69;5325.00;712
13313;39;4748549;13313;740;14710;15422;3.18;0.19;412.77;28.18;1397;69;5326.00;712
13313;39;4748567;13313;736;14711;15422;3.16;0.19;412.77;28.19;1398;69;5327.00;711
13315;39;4748581;13315;748;14776;15549;3.52;0.22;412.86;28.19;1461;69;5328.00;773
13318;39;4748606;13318;747;14779;15550;3.51;0.22;412.84;28.19;1461;69;5329.00;771
13320;39;4748623;13320;748;14788;15550;3.55;0.22;412.87;28.19;1468;69;5330.00;762
13321;39;4748639;13321;755;14791;15550;3.56;0.22;412.85;28.19;1470;69;5331.00;759
13326;39;4748654;13326;754;14795;15550;3.59;0.22;412.78;28.20;1469;69;5332.00;755
13327;39;4748673;13327;755;14798;15550;3.57;0.22;412.76;28.19;1471;69;5333.00;752
13329;39;4748692;13329;757;14801;15550;3.55;0.22;412.75;28.19;1472;69;5334.00;749
13331;39;4748709;13331;752;14805;15550;3.51;0.22;412.71;28.19;1474;69;5335.00;745
13332;39;4748732;13332;743;14810;15551;3.47;0.21;412.69;28.21;1478;69;5336.00;741
13333;39;4748748;13333;737;14813;15552;3.42;0.21;412.67;28.22;1480;69;5337.00;739
13334;39;4748763;13334;729;14815;15552;3.37;0.21;412.69;28.21;1481;69;5338.00;737
13336;39;4748779;13336;726;14816;15553;3.36;0.21;412.69;28.22;1480;69;5339.00;737
13337;39;4748798;13337;724;14817;15553;3.38;0.21;412.67;28.22;1480;69;5340.00;736
13339;39;4748814;13339;716;14820;15553;3.40;0.21;412.61;28.24;1481;69;5341.00;733
13340;39;4748831;13340;714;14822;15553;3.45;0.21;412.65;28.24;1482;69;5342.00;731
13341;39;4748849;13341;712;14826;15557;3.46;0.21;412.62;28.24;1485;69;5343.00;731
13341;39;4748870;13341;719;14828;15557;3.47;0.21;412.62;28.25;1487;69;5344.00;729
13341;39;4748887;13341;721;14828;15557;3.48;0.21;412.62;28.25;1487;69;5345.00;729
13342;39;4748903;13342;731;14831;15560;3.52;0.22;412.60;28.26;1489;69;5346.00;729
13344;39;4748919;13344;727;14831;15560;3.50;0.22;412.61;28.26;1487;69;5347.00;729
13344;39;4748935;13344;731;14832;15560;3.53;0.22;412.61;28.26;1488;69;5348.00;728
13345;39;4748957;13345;734;14836;15564;3.56;0.22;412.63;28.26;1491;69;5349.00;728
13348;39;4748978;13348;741;14838;15565;3.58;0.22;412.71;28.27;1490;69;5350.00;727
13348;39;4748996;13348;743;14839;15565;3.62;0.22;412.71;28.27;1491;69;5351.00;726
13352;39;4749013;13352;752;14843;15569;3.61;0.22;412.72;28.27;1491;69;5352.00;726
13354;39;4749030;13354;745;14844;15569;3.65;0.22;412.68;28.27;1490;69;5353.00;725
13356;39;4749045;13356;743;14844;15569;3.67;0.22;412.67;28.27;1488;69;5354.00;725
13359;39;4749061;13359;742;14847;15571;3.69;0.22;412.73;28.28;1488;69;5355.00;724
13361;39;4749077;13361;739;14848;15571;3.68;0.22;412.71;28.29;1487;69;5356.00;723
13363;39;4749094;13363;745;14852;15577;3.71;0.23;412.76;28.28;1489;69;5357.00;725
13365;39;4749110;13365;736;14853;15577;3.70;0.23;412.73;28.28;1488;69;5358.00;724
13367;39;4749127;13367;721;14854;15577;3.68;0.22;412.71;28.29;1487;69;5359.00;723
13367;39;4749143;13367;712;14856;15578;3.74;0.23;412.71;28.30;1489;69;5360.00;722
13368;39;4749159;13368;702;14857;15578;3.75;0.23;412.78;28.30;1489;69;5361.00;721
13369;39;4749175;13369;693;14858;15578;3.76;0.23;412.75;28.31;1489;69;5362.00;720
13370;39;4749192;13370;693;14859;15578;3.78;0.23;412.74;28.31;1489;69;5363.00;719
13370;39;4749209;13370;676;14868;15590;3.85;0.23;412.74;28.29;1498;69;5364.00;722
13371;39;4749226;13371;680;14870;15590;3.88;0.24;412.75;28.30;1499;69;5365.00;720
13371;39;4749251;13371;686;14871;15590;3.94;0.24;412.75;28.30;1500;69;5366.00;719
13373;39;4749273;13373;683;14872;15590;3.98;0.24;412.71;28.31;1499;69;5367.00;718
13373;39;4749293;13373;692;14872;15590;4.02;0.25;412.71;28.31;1499;69;5368.00;718
13373;39;4749311;13373;686;14874;15590;4.07;0.25;412.71;28.31;1501;69;5369.00;716
13376;39;4749330;13376;674;14878;15594;4.11;0.25;412.71;28.31;1502;69;5370.00;716
13378;39;4749347;13378;670;14879;15594;4.14;0.25;412.69;28.31;1501;69;5371.00;715
13381;39;4749364;13381;665;14882;15598;4.16;0.25;412.66;28.31;1501;69;5372.00;716
13382;39;4749383;13382;656;14884;15599;4.20;0.26;412.65;28.31;1502;69;5373.00;715
13382;39;4749405;13382;649;14884;15599;4.25;0.26;412.65;28.31;1502;69;5374.00;715
13385;39;4749424;13385;630;14884;15599;4.29;0.26;412.66;28.31;1499;69;5375.00;715
13386;39;4749442;13386;626;14896;15612;4.37;0.26;412.64;28.30;1510;69;5376.00;716
13386;39;4749461;13386;618;14896;15612;4.47;0.27;412.64;28.30;1510;69;5377.00;716
13387;39;4749477;13387;611;14896;15612;4.56;0.28;412.63;28.30;1509;69;5378.00;716
13391;39;4749496;13391;602;14899;15613;4.57;0.28;412.73;28.30;1508;69;5379.00;714
13394;39;4749513;13394;601;14899;15614;4.59;0.28;412.83;28.30;1505;69;5380.00;715
13395;39;4749531;13395;587;14900;15614;4.58;0.28;412.80;28.30;1505;69;5381.00;714
13400;39;4749547;13400;580;14901;15617;4.50;0.27;412.84;28.30;1501;69;5382.00;716
13403;39;4749564;13403;569;14901;15617;4.47;0.27;413.01;28.30;1498;69;5383.00;716
13406;39;4749582;13406;572;14901;15617;4.48;0.27;413.02;28.30;1495;69;5384.00;716
13408;39;4749599;13408;564;14902;15617;4.49;0.27;413.01;28.30;1494;69;5385.00;715
13411;39;4749615;13411;559;14906;15623;4.54;0.28;413.00;28.29;1495;69;5386.00;717
13413;39;4749632;13413;561;14907;15623;4.57;0.28;413.08;28.29;1494;69;5387.00;716
13416;39;4749656;13416;560;14907;15623;4.61;0.28;413.08;28.29;1491;69;5388.00;716
13420;39;4749673;13420;553;14908;15623;4.64;0.28;413.18;28.30;1488;69;5389.00;715
13422;39;4749694;13422;553;14911;15627;4.66;0.28;413.27;28.29;1489;69;5390.00;716
13424;39;4749713;13424;564;14913;15628;4.61;0.28;413.26;28.30;1489;69;5391.00;715
13428;39;4749739;13428;558;14913;15628;4.63;0.28;413.25;28.30;1485;69;5392.00;715
13429;39;4749756;13429;568;14915;15629;4.65;0.28;413.24;28.30;1486;69;5393.00;714
13431;39;4749773;13431;564;14915;15629;4.63;0.28;413.32;28.30;1484;69;5394.00;714
13432;39;4749790;13432;564;14916;15629;4.62;0.28;413.33;28.30;1484;69;5395.00;713
13432;39;4749808;13432;564;14916;15629;4.63;0.28;413.33;28.30;1484;69;5396.00;713
13436;39;4749831;13436;567;14917;15629;4.58;0.28;413.29;28.30;1481;69;5397.00;712
13437;39;4749849;13437;575;14918;15629;4.58;0.28;413.30;28.30;1481;69;5398.00;711
13439;39;4749868;13439;572;14918;15629;4.51;0.27;413.31;28.30;1479;69;5399.00;711
