step_arrived;step_collisions;step_duration;step_ended;step_halting;step_inserted;step_loaded;step_meanSpeed;step_meanSpeedRelative;step_meanTravelTime;step_meanWaitingTime;step_running;step_teleports;step_time;step_waiting
0;0;4228645;0;1;89;245;16.21;1.14;-1.00;0.00;89;0;0.00;156
0;0;4228669;0;1;104;245;15.29;1.05;-1.00;0.14;104;0;1.00;141
0;0;4228670;0;1;124;245;14.57;0.99;-1.00;0.44;124;0;2.00;121
0;0;4228671;0;2;138;245;13.68;0.92;-1.00;0.70;138;0;3.00;107
0;0;4228672;0;4;153;245;12.50;0.83;-1.00;1.03;153;0;4.00;92
0;0;4228673;0;6;158;245;11.72;0.78;-1.00;1.15;158;0;5.00;87
0;0;4228674;0;9;172;245;10.91;0.72;-1.00;1.55;172;0;6.00;73
0;0;4228676;0;11;182;245;10.22;0.68;-1.00;1.85;182;0;7.00;63
0;0;4228678;0;19;188;246;9.75;0.64;-1.00;2.04;188;0;8.00;58
0;0;4228680;0;22;194;247;9.34;0.62;-1.00;2.26;194;0;9.00;53
0;0;4228682;0;22;201;247;8.97;0.59;-1.00;2.53;201;0;10.00;46
1;0;4228684;1;26;204;248;8.82;0.58;11.00;2.60;203;0;11.00;44
1;0;4228686;1;28;211;248;8.73;0.57;11.00;2.91;210;0;12.00;37
2;0;4228688;2;34;214;248;8.71;0.57;12.00;3.06;212;0;13.00;34
2;0;4228690;2;38;219;248;8.55;0.55;12.00;3.31;217;0;14.00;29
2;0;4228693;2;43;225;252;8.41;0.54;12.00;3.46;223;0;15.00;27
2;0;4228695;2;45;226;252;8.36;0.54;12.00;3.46;224;0;16.00;26
2;0;4228698;2;55;230;252;8.27;0.53;12.00;3.69;228;0;17.00;22
3;0;4228700;3;62;234;255;8.32;0.53;14.00;3.86;231;0;18.00;21
3;0;4228703;3;66;234;255;8.49;0.54;14.00;3.86;231;0;19.00;21
4;0;4228705;4;72;236;255;8.45;0.54;15.50;4.00;232;0;20.00;19
5;0;4228708;5;78;241;259;8.58;0.54;16.60;4.02;236;0;21.00;18
5;0;4228711;5;81;245;260;8.51;0.54;16.60;4.22;240;0;22.00;15
6;0;4228714;6;84;246;260;8.35;0.53;17.50;4.30;240;0;23.00;14
6;0;4228717;6;88;249;264;8.33;0.53;17.50;4.25;243;0;24.00;15
7;0;4228720;7;90;251;264;8.18;0.51;18.57;4.32;244;0;25.00;13
7;0;4228723;7;90;251;264;8.25;0.52;18.57;4.32;244;0;26.00;13
7;0;4228726;7;92;252;265;8.24;0.51;18.57;4.41;245;0;27.00;13
7;0;4228728;7;93;252;265;8.22;0.51;18.57;4.41;245;0;28.00;13
7;0;4228732;7;96;258;271;8.10;0.50;18.57;4.38;251;0;29.00;13
8;0;4228738;8;98;259;271;7.98;0.49;19.63;4.48;251;0;30.00;12
8;0;4228741;8;101;260;272;7.90;0.49;19.63;4.47;252;0;31.00;12
8;0;4228744;8;105;261;272;7.95;0.49;19.63;4.51;253;0;32.00;11
8;0;4228746;8;105;262;272;7.98;0.50;19.63;4.61;254;0;33.00;10
11;0;4228749;11;111;263;272;7.91;0.49;23.00;4.73;252;0;34.00;9
11;0;4228752;11;120;264;272;7.83;0.49;23.00;4.84;253;0;35.00;8
11;0;4228755;11;119;276;284;8.07;0.50;23.00;4.86;265;0;36.00;8
11;0;4228759;11;119;276;284;8.03;0.50;23.00;4.86;265;0;37.00;8
12;0;4228761;12;120;278;284;7.91;0.49;23.83;4.94;266;0;38.00;6
12;0;4228764;12;123;278;284;7.93;0.49;23.83;4.94;266;0;39.00;6
12;0;4228767;12;124;278;284;7.83;0.49;23.83;4.94;266;0;40.00;6
12;0;4228769;12;130;280;284;7.67;0.48;23.83;4.96;268;0;41.00;4
12;0;4228772;12;132;285;288;7.77;0.48;23.83;4.91;273;0;42.00;3
14;0;4228775;14;133;285;288;7.72;0.48;25.86;4.91;271;0;43.00;3
16;0;4228778;16;135;289;292;7.68;0.48;26.63;4.86;273;0;44.00;3
17;0;4228781;17;139;291;294;7.60;0.48;27.29;4.82;274;0;45.00;3
18;0;4228784;18;145;291;294;7.46;0.47;28.22;4.82;273;0;46.00;3
19;0;4228787;19;143;291;294;7.36;0.46;29.21;4.82;272;0;47.00;3
19;0;4228789;19;146;302;307;7.65;0.48;29.21;4.65;283;0;48.00;5
19;0;4228793;19;145;302;307;7.55;0.47;29.21;4.65;283;0;49.00;5
19;0;4228796;19;149;302;307;7.56;0.47;29.21;4.65;283;0;50.00;5
19;0;4228798;19;148;303;308;7.63;0.48;29.21;4.64;284;0;51.00;5
19;0;4228801;19;149;304;309;7.67;0.48;29.21;4.63;285;0;52.00;5
19;0;4228803;19;150;304;309;7.68;0.48;29.21;4.63;285;0;53.00;5
19;0;4228806;19;152;306;312;7.77;0.48;29.21;4.59;287;0;54.00;6
23;0;4228809;23;153;306;312;7.57;0.47;30.22;4.59;283;0;55.00;6
24;0;4228811;24;142;307;312;7.62;0.47;31.13;4.59;283;0;56.00;5
26;0;4228814;26;140;307;312;7.54;0.46;33.12;4.59;281;0;57.00;5
27;0;4228817;27;141;312;318;7.51;0.46;33.96;4.53;285;0;58.00;6
27;0;4228820;27;141;312;318;7.60;0.47;33.96;4.53;285;0;59.00;6
28;0;4228825;28;143;312;318;7.58;0.47;34.89;4.53;284;0;60.00;6
30;0;4228827;30;147;313;318;7.57;0.47;36.63;4.53;283;0;61.00;5
31;0;4228830;31;148;317;322;7.59;0.46;37.32;4.48;286;0;62.00;5
31;0;4228834;31;151;318;323;7.74;0.47;37.32;4.47;287;0;63.00;5
32;0;4228837;32;153;318;323;7.79;0.48;37.97;4.47;286;0;64.00;5
33;0;4228840;33;152;319;324;7.83;0.48;38.58;4.46;286;0;65.00;5
33;0;4228843;33;153;319;324;7.79;0.47;38.58;4.46;286;0;66.00;5
34;0;4228845;34;143;319;324;7.80;0.47;38.18;4.46;285;0;67.00;5
34;0;4228848;34;139;319;324;7.87;0.48;38.18;4.46;285;0;68.00;5
34;0;4228851;34;135;319;324;7.88;0.48;38.18;4.46;285;0;69.00;5
34;0;4228854;34;132;319;324;7.97;0.49;38.18;4.46;285;0;70.00;5
34;0;4228856;34;130;319;324;8.08;0.49;38.18;4.46;285;0;71.00;5
35;0;4228859;35;135;352;394;8.28;0.51;38.54;4.04;317;0;72.00;42
35;0;4228868;35;129;353;395;8.45;0.52;38.54;4.03;318;0;73.00;42
36;0;4228871;36;121;360;395;8.79;0.54;39.53;3.99;324;0;74.00;35
36;0;4228874;36;118;362;395;9.02;0.55;39.53;3.99;326;0;75.00;33
36;0;4228877;36;115;365;395;9.31;0.57;39.53;3.99;329;0;76.00;30
37;1;4228880;37;114;365;395;9.44;0.58;40.54;3.99;328;1;77.00;30
37;1;4228896;37;112;369;395;9.58;0.58;40.54;4.01;332;1;78.00;26
37;2;4228899;37;117;370;395;9.60;0.58;40.54;4.02;333;2;79.00;25
38;2;4228913;38;119;373;396;9.67;0.59;41.58;4.05;335;2;80.00;23
39;2;4228917;39;122;378;397;9.66;0.59;42.59;4.09;339;2;81.00;19
41;2;4228926;41;122;380;397;9.73;0.59;44.15;4.12;339;2;82.00;17
41;2;4228930;41;128;386;401;9.65;0.59;44.15;4.11;345;2;83.00;15
41;2;4228939;41;130;386;401;9.61;0.58;44.15;4.11;345;2;84.00;15
42;2;4228943;42;129;386;401;9.48;0.58;44.90;4.11;344;2;85.00;15
43;2;4228946;43;129;386;401;9.34;0.57;45.84;4.11;343;2;86.00;15
43;2;4228951;43;130;391;407;9.21;0.56;45.84;4.07;348;2;87.00;16
43;2;4228955;43;131;391;407;9.06;0.55;45.84;4.07;348;2;88.00;16
46;2;4228958;46;133;391;407;8.87;0.54;48.65;4.07;345;2;89.00;16
47;2;4228963;47;132;395;413;8.89;0.54;49.40;4.03;348;2;90.00;18
48;2;4228967;48;132;395;413;8.84;0.54;50.27;4.03;347;2;91.00;18
50;2;4228971;50;133;397;413;8.79;0.53;51.84;4.02;347;2;92.00;16
53;2;4228975;53;133;398;414;8.66;0.53;54.17;4.01;345;2;93.00;16
55;2;4228979;55;129;399;415;8.57;0.52;54.31;4.00;344;2;94.00;16
55;2;4228982;55;126;399;415;8.52;0.52;54.31;4.00;344;2;95.00;16
55;2;4228986;55;127;410;428;8.47;0.52;54.31;3.89;355;2;96.00;18
59;2;4228990;59;122;410;428;8.45;0.52;57.19;3.89;351;2;97.00;18
61;2;4228994;61;115;410;428;8.48;0.52;58.52;3.89;349;2;98.00;18
64;2;4228998;64;113;411;429;8.55;0.52;60.31;3.88;347;2;99.00;18
64;2;4229003;64;112;413;429;8.64;0.53;60.31;4.00;349;2;100.00;16
64;2;4229011;64;108;416;433;8.82;0.54;60.31;3.98;352;2;101.00;17
64;2;4229015;64;104;416;433;8.89;0.54;60.31;3.98;352;2;102.00;17
64;2;4229019;64;102;420;437;8.99;0.55;60.31;3.95;356;2;103.00;17
66;2;4229023;66;96;420;437;9.18;0.56;61.56;3.95;354;2;104.00;17
68;2;4229027;68;91;420;437;9.40;0.57;62.53;3.95;352;2;105.00;17
68;2;4229032;68;85;420;437;9.58;0.58;62.53;3.95;352;2;106.00;17
68;2;4229036;68;84;420;437;9.77;0.59;62.53;3.95;352;2;107.00;17
69;2;4229040;69;81;431;449;10.00;0.61;63.14;3.85;362;2;108.00;18
69;2;4229045;69;78;432;449;10.16;0.62;63.14;3.84;363;2;109.00;17
70;2;4229050;70;72;432;449;10.24;0.62;63.79;3.84;362;2;110.00;17
70;2;4229054;70;77;432;449;10.35;0.63;63.79;3.84;362;2;111.00;17
70;2;4229059;70;79;433;449;10.50;0.64;63.79;4.09;363;2;112.00;16
70;2;4229064;70;78;433;449;10.64;0.65;63.79;4.09;363;2;113.00;16
70;2;4229068;70;75;434;450;10.72;0.66;63.79;4.09;364;2;114.00;16
71;2;4229073;71;73;435;450;10.68;0.65;64.45;4.34;364;2;115.00;15
71;2;4229078;71;71;442;456;10.74;0.65;64.45;4.48;371;2;116.00;14
74;2;4229083;74;69;443;457;10.67;0.65;66.50;4.47;369;2;117.00;14
75;2;4229088;75;67;444;457;10.63;0.65;67.19;4.73;369;2;118.00;13
75;2;4229099;75;72;446;457;10.67;0.65;67.19;4.92;371;2;119.00;11
78;2;4229106;78;75;450;462;10.78;0.66;69.01;4.87;372;2;120.00;12
78;2;4229111;78;76;453;462;10.76;0.66;69.01;5.22;375;2;121.00;9
80;2;4229116;80;76;453;462;10.88;0.66;70.30;5.22;373;2;122.00;9
81;2;4229122;81;78;455;463;10.95;0.67;70.51;5.36;374;2;123.00;8
83;2;4229127;83;82;461;467;10.83;0.66;71.19;5.44;378;2;124.00;6
84;2;4229133;84;83;462;467;10.89;0.67;70.98;5.54;378;2;125.00;5
84;2;4229139;84;85;466;470;11.08;0.68;70.98;5.63;382;2;126.00;4
84;2;4229144;84;86;467;470;11.28;0.69;70.98;5.62;383;2;127.00;3
85;2;4229150;85;90;468;470;11.42;0.70;70.80;5.68;383;2;128.00;2
85;2;4229155;85;92;468;470;11.48;0.71;70.80;5.68;383;2;129.00;2
86;2;4229160;86;90;472;474;11.65;0.71;71.21;5.64;386;2;130.00;2
88;2;4229166;88;91;473;474;11.70;0.72;72.53;5.70;385;2;131.00;1
88;2;4229172;88;91;473;474;11.84;0.72;72.53;5.70;385;2;132.00;1
88;2;4229178;88;91;473;474;11.85;0.73;72.53;5.70;385;2;133.00;1
92;2;4229184;92;93;474;475;11.80;0.72;74.01;5.69;382;2;134.00;1
92;2;4229190;92;95;477;477;11.72;0.72;74.01;5.69;385;2;135.00;0
94;2;4229196;94;95;477;477;11.62;0.72;75.27;5.69;383;2;136.00;0
95;2;4229203;95;96;478;478;11.62;0.72;75.89;5.68;383;2;137.00;0
96;2;4229210;96;98;478;478;11.67;0.72;76.40;5.68;382;2;138.00;0
97;2;4229216;97;100;478;478;11.58;0.71;76.30;5.68;381;2;139.00;0
98;2;4229221;98;103;478;478;11.50;0.71;76.65;5.68;380;2;140.00;0
99;2;4229227;99;107;478;478;11.38;0.70;77.30;5.68;379;2;141.00;0
101;2;4229232;101;107;478;478;11.30;0.70;78.56;5.68;377;2;142.00;0
101;2;4229238;101;107;478;478;11.22;0.69;78.56;5.68;377;2;143.00;0
102;2;4229243;102;128;553;605;10.93;0.69;79.21;4.91;451;2;144.00;52
102;2;4229258;102;126;560;606;10.83;0.68;79.21;4.86;458;2;145.00;46
104;2;4229264;104;123;568;606;10.85;0.69;80.14;4.82;464;2;146.00;38
111;2;4229269;111;125;568;606;10.74;0.67;83.00;4.82;457;2;147.00;38
112;2;4229275;112;126;574;606;10.77;0.68;83.51;4.81;462;2;148.00;32
113;2;4229282;113;124;575;606;10.66;0.67;84.09;4.81;462;2;149.00;31
115;2;4229290;115;126;580;611;10.58;0.66;84.82;4.80;465;2;150.00;31
117;2;4229298;117;124;583;611;10.60;0.66;85.56;4.81;466;2;151.00;28
118;2;4229304;118;124;585;612;10.66;0.66;86.09;4.83;467;2;152.00;27
121;2;4229310;121;127;588;613;10.67;0.66;87.73;4.85;467;2;153.00;25
123;2;4229316;123;129;591;613;10.72;0.66;88.30;4.87;468;2;154.00;22
126;2;4229322;126;131;595;614;10.61;0.66;88.17;4.90;469;2;155.00;19
128;2;4229328;128;130;600;614;10.45;0.65;88.20;4.94;472;2;156.00;14
129;2;4229333;129;129;603;614;10.34;0.64;88.74;4.97;474;2;157.00;11
131;2;4229339;131;132;604;614;10.22;0.63;89.74;4.98;473;2;158.00;10
132;2;4229344;132;135;609;618;10.05;0.62;89.17;4.97;477;2;159.00;9
135;2;4229350;135;132;611;618;9.86;0.61;90.69;5.01;476;2;160.00;7
137;2;4229356;137;137;611;618;9.66;0.60;91.53;5.01;474;2;161.00;7
140;2;4229362;140;137;615;621;9.35;0.58;92.35;5.03;475;2;162.00;6
143;2;4229368;143;137;616;621;9.07;0.56;93.69;5.06;473;2;163.00;5
144;2;4229373;144;145;616;621;8.87;0.55;94.10;5.06;472;2;164.00;5
145;2;4229379;145;138;619;625;8.72;0.54;94.58;5.04;474;2;165.00;6
147;2;4229386;147;135;621;626;8.71;0.54;94.57;5.06;474;2;166.00;5
147;2;4229392;147;131;621;626;8.74;0.54;94.57;5.06;474;2;167.00;5
147;2;4229398;147;131;627;630;8.84;0.55;94.57;5.07;480;2;168.00;3
151;2;4229408;151;131;627;630;8.89;0.55;95.09;5.07;476;2;169.00;3
152;2;4229416;152;131;629;630;9.02;0.56;95.50;5.10;477;2;170.00;1
152;2;4229422;152;132;630;631;9.13;0.57;95.50;5.10;478;2;171.00;1
154;2;4229429;154;128;631;631;9.24;0.57;95.86;5.10;477;2;172.00;0
155;2;4229438;155;119;636;637;9.40;0.58;96.27;5.06;481;2;173.00;1
156;2;4229445;156;117;637;637;9.48;0.58;96.00;5.06;481;2;174.00;0
156;2;4229453;156;112;638;638;9.43;0.58;96.00;5.05;482;2;175.00;0
156;2;4229462;156;111;638;638;9.50;0.59;96.00;5.05;482;2;176.00;0
157;2;4229471;157;117;638;638;9.59;0.59;96.50;5.05;481;2;177.00;0
157;2;4229477;157;120;638;638;9.66;0.59;96.50;5.05;481;2;178.00;0
159;2;4229483;159;125;638;638;9.77;0.60;97.08;5.05;479;2;179.00;0
161;2;4229491;161;127;668;672;9.93;0.61;97.42;4.82;507;2;180.00;4
164;2;4229500;164;129;669;672;9.97;0.61;97.27;4.82;505;2;181.00;3
167;2;4229507;167;136;671;672;10.05;0.62;97.87;4.81;504;2;182.00;1
169;2;4229513;169;141;671;672;10.01;0.62;97.67;4.81;502;2;183.00;1
172;2;4229519;172;144;672;672;9.92;0.61;98.18;4.81;500;2;184.00;0
174;2;4229525;174;152;672;672;9.83;0.60;98.72;4.81;498;2;185.00;0
178;2;4229532;178;155;676;676;9.73;0.60;99.09;4.79;498;2;186.00;0
181;2;4229538;181;161;676;676;9.62;0.59;98.77;4.79;495;2;187.00;0
182;2;4229550;182;166;680;680;9.49;0.59;99.23;4.76;498;2;188.00;0
183;2;4229556;183;167;681;681;9.34;0.58;98.84;4.76;498;2;189.00;0
185;2;4229562;185;173;681;681;9.13;0.56;98.49;4.76;496;2;190.00;0
186;2;4229569;186;182;681;681;9.01;0.56;98.73;4.76;495;2;191.00;0
190;2;4229574;190;189;694;694;8.93;0.55;98.42;4.67;504;2;192.00;0
191;2;4229582;191;189;694;694;8.77;0.54;98.48;4.67;503;2;193.00;0
194;2;4229588;194;196;694;694;8.52;0.52;98.43;4.67;500;2;194.00;0
196;2;4229594;196;199;695;695;8.32;0.51;98.15;4.66;499;2;195.00;0
198;2;4229600;198;204;696;696;8.24;0.51;98.25;4.66;498;2;196.00;0
201;2;4229605;201;204;696;696;8.16;0.50;98.96;4.66;495;2;197.00;0
202;2;4229611;202;211;698;699;8.01;0.49;98.97;4.64;496;2;198.00;1
205;2;4229617;205;220;698;699;7.86;0.48;98.67;4.64;493;2;199.00;1
206;2;4229624;206;223;699;699;7.70;0.47;98.46;4.64;493;2;200.00;0
206;2;4229633;206;227;699;699;7.55;0.46;98.46;4.64;493;2;201.00;0
210;2;4229638;210;231;705;705;7.35;0.45;98.00;4.61;495;2;202.00;0
211;2;4229644;211;238;705;705;7.22;0.44;98.29;4.61;494;2;203.00;0
212;2;4229650;212;245;705;705;7.14;0.44;98.76;4.61;493;2;204.00;0
212;2;4229655;212;250;705;705;7.09;0.44;98.76;4.61;493;2;205.00;0
214;2;4229661;214;254;709;709;7.05;0.43;99.47;4.59;495;2;206.00;0
214;2;4229667;214;258;710;710;7.00;0.43;99.47;4.58;496;2;207.00;0
214;2;4229672;214;261;710;710;6.91;0.43;99.47;4.58;496;2;208.00;0
214;2;4229677;214;265;711;711;6.85;0.42;99.47;4.58;497;2;209.00;0
215;2;4229684;215;268;711;711;6.76;0.42;99.12;4.58;496;2;210.00;0
215;2;4229690;215;275;711;711;6.69;0.41;99.12;4.58;496;2;211.00;0
215;2;4229695;215;267;711;711;6.64;0.41;99.12;4.58;496;2;212.00;0
216;2;4229700;216;264;711;711;6.51;0.40;99.45;4.58;495;2;213.00;0
218;2;4229710;218;250;711;711;6.47;0.40;99.60;4.58;493;2;214.00;0
219;2;4229716;219;243;711;711;6.52;0.40;100.11;4.58;492;2;215.00;0
224;2;4229722;224;244;755;781;6.87;0.42;101.64;4.31;531;2;216.00;26
225;2;4229733;225;238;757;782;6.92;0.43;101.74;4.30;532;2;217.00;25
226;2;4229740;226;229;764;782;7.18;0.44;102.24;4.28;538;2;218.00;18
226;2;4229746;226;226;767;782;7.29;0.45;102.24;4.28;541;2;219.00;15
226;2;4229753;226;224;769;782;7.46;0.46;102.24;4.28;543;2;220.00;13
226;2;4229759;226;210;771;782;7.65;0.47;102.24;4.28;545;2;221.00;11
229;2;4229765;229;197;773;782;7.82;0.48;103.44;4.28;544;2;222.00;9
231;2;4229771;231;196;775;782;7.98;0.49;104.26;4.29;544;2;223.00;7
234;2;4229778;234;185;777;783;8.12;0.49;104.62;4.30;543;2;224.00;6
234;2;4229784;234;175;780;785;8.16;0.50;104.62;4.31;546;2;225.00;5
234;3;4229791;234;172;782;785;8.28;0.50;104.62;4.32;548;3;226.00;3
235;3;4229808;235;166;789;789;8.43;0.51;104.94;4.31;554;3;227.00;0
237;3;4229816;237;169;789;789;8.56;0.52;104.58;4.31;552;3;228.00;0
237;3;4229822;237;169;789;789;8.74;0.53;104.58;4.31;552;3;229.00;0
238;3;4229829;238;167;789;789;8.93;0.55;104.50;4.31;551;3;230.00;0
240;3;4229836;240;169;795;795;9.00;0.55;105.15;4.28;555;3;231.00;0
242;3;4229843;242;159;795;795;9.05;0.55;105.57;4.28;553;3;232.00;0
243;3;4229849;243;156;795;795;9.10;0.56;106.06;4.28;552;3;233.00;0
245;3;4229856;245;149;797;798;9.21;0.56;106.47;4.27;552;3;234.00;1
246;3;4229863;246;147;797;798;9.32;0.57;106.70;4.27;551;3;235.00;1
249;3;4229869;249;143;798;798;9.32;0.57;106.98;4.27;549;3;236.00;0
250;3;4229875;250;136;799;799;9.34;0.57;107.41;4.27;549;3;237.00;0
251;3;4229882;251;132;800;800;9.40;0.57;107.35;4.26;549;3;238.00;0
251;3;4229888;251;131;800;800;9.57;0.59;107.35;4.26;549;3;239.00;0
253;3;4229895;253;135;823;826;9.51;0.58;108.23;4.14;570;3;240.00;3
258;3;4229904;258;128;824;826;9.67;0.59;108.25;4.14;566;3;241.00;2
258;3;4229910;258;125;825;826;9.91;0.61;108.25;4.14;567;3;242.00;1
261;3;4229916;261;123;827;827;10.05;0.62;109.03;4.13;566;3;243.00;0
262;3;4229922;262;124;827;827;10.16;0.62;109.00;4.13;565;3;244.00;0
265;3;4229929;265;125;831;831;10.22;0.62;110.00;4.11;566;3;245.00;0
268;3;4229936;268;125;831;831;10.27;0.63;111.43;4.11;563;3;246.00;0
271;3;4229943;271;125;835;835;10.20;0.62;112.06;4.10;564;3;247.00;0
273;3;4229949;273;131;835;835;10.19;0.62;112.20;4.10;562;3;248.00;0
273;3;4229956;273;134;835;835;10.26;0.62;112.20;4.10;562;3;249.00;0
273;3;4229962;273;136;835;835;10.21;0.62;112.20;4.10;562;3;250.00;0
275;3;4229967;275;139;835;835;10.19;0.62;113.17;4.10;560;3;251.00;0
275;3;4229974;275;140;845;847;10.22;0.62;113.17;4.05;570;3;252.00;2
276;3;4229981;276;144;845;847;10.21;0.62;113.67;4.05;569;3;253.00;2
277;3;4229987;277;144;847;847;10.23;0.62;113.80;4.05;570;3;254.00;0
278;3;4229993;278;141;847;847;10.21;0.62;114.27;4.05;569;3;255.00;0
280;3;4229999;280;138;847;847;10.20;0.62;114.15;4.05;567;3;256.00;0
282;3;4230005;282;139;847;847;10.23;0.62;114.39;4.05;565;3;257.00;0
283;3;4230011;283;136;848;848;10.22;0.62;114.39;4.04;565;3;258.00;0
285;3;4230018;285;134;848;848;10.27;0.63;114.64;4.04;563;3;259.00;0
289;3;4230030;289;126;854;854;10.31;0.63;115.08;4.02;565;3;260.00;0
291;3;4230041;291;120;855;855;10.45;0.64;114.97;4.02;564;3;261.00;0
293;3;4230047;293;114;855;855;10.45;0.64;115.51;4.02;562;3;262.00;0
298;3;4230053;298;110;855;855;10.48;0.64;117.36;4.02;557;3;263.00;0
300;3;4230060;300;110;859;859;10.57;0.64;117.62;4.00;559;3;264.00;0
303;3;4230066;303;107;859;859;10.67;0.65;118.10;4.00;556;3;265.00;0
307;3;4230073;307;103;859;859;10.84;0.66;118.08;4.00;552;3;266.00;0
309;3;4230079;309;101;860;860;10.94;0.66;118.21;3.99;551;3;267.00;0
310;3;4230086;310;99;864;864;10.95;0.66;118.45;3.98;554;3;268.00;0
314;3;4230093;314;95;864;864;11.07;0.67;118.99;3.98;550;3;269.00;0
319;3;4230101;319;92;868;870;11.14;0.67;119.40;3.96;549;3;270.00;2
319;3;4230109;319;88;869;870;11.24;0.68;119.40;3.96;550;3;271.00;1
323;3;4230115;323;88;870;870;11.34;0.68;119.36;3.96;547;3;272.00;0
328;3;4230122;328;86;870;870;11.43;0.69;119.98;3.96;542;3;273.00;0
329;3;4230129;329;85;874;874;11.53;0.70;119.69;3.94;545;3;274.00;0
330;3;4230136;330;86;874;874;11.55;0.70;119.72;3.94;544;3;275.00;0
330;3;4230143;330;84;874;874;11.53;0.70;119.72;3.94;544;3;276.00;0
330;3;4230150;330;84;874;874;11.56;0.70;119.72;3.94;544;3;277.00;0
331;3;4230157;331;82;875;875;11.54;0.70;120.15;3.94;544;3;278.00;0
333;3;4230164;333;83;876;876;11.50;0.70;120.12;3.93;543;3;279.00;0
333;3;4230172;333;81;876;876;11.47;0.70;120.12;3.93;543;3;280.00;0
334;3;4230178;334;85;877;877;11.42;0.69;120.17;3.93;543;3;281.00;0
335;3;4230185;335;83;877;877;11.43;0.70;120.50;3.93;542;3;282.00;0
335;3;4230192;335;88;877;877;11.48;0.70;120.50;3.93;542;3;283.00;0
336;3;4230199;336;86;877;877;11.41;0.70;120.95;3.93;541;3;284.00;0
338;3;4230206;338;87;877;877;11.49;0.70;121.48;3.93;539;3;285.00;0
339;3;4230213;339;86;877;877;11.53;0.70;121.47;3.93;538;3;286.00;0
339;3;4230219;339;88;877;877;11.54;0.70;121.47;3.93;538;3;287.00;0
341;3;4230226;341;109;947;1004;11.28;0.70;121.67;3.64;606;3;288.00;57
342;3;4230244;342;102;951;1005;11.27;0.70;121.93;3.63;609;3;289.00;54
343;3;4230252;343;94;959;1005;11.31;0.70;122.41;3.62;616;3;290.00;46
343;3;4230259;343;96;961;1005;11.30;0.70;122.41;3.62;618;3;291.00;44
344;3;4230266;344;99;967;1005;11.33;0.70;122.76;3.62;623;3;292.00;38
347;3;4230274;347;98;968;1005;11.28;0.70;123.62;3.62;621;3;293.00;37
348;3;4230281;348;98;971;1005;11.37;0.70;124.10;3.63;623;3;294.00;34
350;3;4230289;350;100;974;1005;11.44;0.71;124.81;3.64;624;3;295.00;31
352;3;4230296;352;100;978;1006;11.48;0.71;124.97;3.66;626;3;296.00;28
352;3;4230304;352;100;983;1007;11.60;0.72;124.97;3.68;631;3;297.00;24
354;3;4230312;354;103;988;1007;11.62;0.72;124.86;3.72;634;3;298.00;19
356;3;4230320;356;106;990;1008;11.54;0.71;125.56;3.73;634;3;299.00;18
358;3;4230331;358;111;993;1014;11.34;0.70;126.07;3.73;635;3;300.00;21
360;3;4230343;360;111;997;1014;11.14;0.69;125.97;3.77;637;3;301.00;17
367;3;4230351;367;113;999;1014;10.89;0.67;127.35;3.77;632;3;302.00;15
368;3;4230358;368;120;1005;1018;10.70;0.66;127.24;3.80;637;3;303.00;13
369;3;4230365;369;130;1005;1018;10.55;0.65;126.94;3.80;636;3;304.00;13
374;3;4230373;374;134;1006;1018;10.45;0.64;127.67;3.81;632;3;305.00;12
377;3;4230380;377;145;1009;1021;10.28;0.63;128.04;3.81;632;3;306.00;12
380;3;4230389;380;147;1010;1021;10.18;0.63;128.00;3.83;630;3;307.00;11
381;3;4230396;381;155;1011;1021;10.04;0.62;128.16;3.82;630;3;308.00;10
381;3;4230403;381;158;1015;1025;9.92;0.61;128.16;3.83;634;3;309.00;10
386;3;4230410;386;169;1016;1026;9.83;0.60;129.07;3.83;630;3;310.00;10
387;3;4230418;387;176;1020;1026;9.71;0.60;129.21;3.89;633;3;311.00;6
389;3;4230425;389;184;1027;1030;9.53;0.58;129.87;3.92;638;3;312.00;3
392;3;4230433;392;189;1027;1030;9.31;0.57;130.39;3.92;635;3;313.00;3
392;3;4230440;392;190;1028;1030;9.22;0.56;130.39;3.92;636;3;314.00;2
394;3;4230446;394;195;1032;1032;9.02;0.55;131.01;3.93;638;3;315.00;0
395;3;4230453;395;199;1032;1032;8.88;0.54;130.75;3.93;637;3;316.00;0
395;3;4230460;395;204;1038;1038;8.82;0.54;130.75;3.91;643;3;317.00;0
400;3;4230467;400;205;1038;1038;8.76;0.54;131.58;3.91;638;3;318.00;0
402;3;4230474;402;206;1039;1039;8.71;0.53;131.47;3.91;637;3;319.00;0
403;3;4230481;403;210;1039;1039;8.61;0.53;131.40;3.91;636;3;320.00;0
403;3;4230487;403;213;1039;1039;8.55;0.52;131.40;3.91;636;3;321.00;0
403;3;4230494;403;217;1039;1039;8.47;0.52;131.40;3.91;636;3;322.00;0
403;3;4230500;403;223;1039;1039;8.48;0.52;131.40;3.91;636;3;323.00;0
405;3;4230506;405;227;1051;1051;8.44;0.52;131.34;3.86;646;3;324.00;0
407;3;4230514;407;228;1051;1051;8.45;0.52;131.62;3.86;644;3;325.00;0
409;3;4230521;409;234;1051;1051;8.41;0.52;131.68;3.86;642;3;326.00;0
411;3;4230527;411;233;1051;1051;8.38;0.51;132.10;3.86;640;3;327.00;0
412;3;4230533;412;232;1051;1051;8.30;0.51;132.23;3.86;639;3;328.00;0
417;3;4230539;417;234;1051;1051;8.18;0.50;133.22;3.86;634;3;329.00;0
419;3;4230547;419;224;1055;1055;8.09;0.50;133.86;3.85;636;3;330.00;0
421;3;4230554;421;218;1055;1055;8.03;0.49;134.79;3.85;634;3;331.00;0
424;3;4230560;424;217;1059;1059;8.04;0.49;135.73;3.84;635;3;332.00;0
426;3;4230567;426;215;1060;1060;8.00;0.49;136.09;3.84;634;3;333.00;0
430;3;4230574;430;216;1060;1060;7.93;0.49;137.06;3.84;630;3;334.00;0
435;3;4230580;435;214;1060;1060;7.89;0.49;137.71;3.84;625;3;335.00;0
438;3;4230588;438;216;1073;1073;7.92;0.49;138.56;3.79;635;3;336.00;0
442;3;4230595;442;213;1073;1073;7.93;0.49;138.72;3.79;631;3;337.00;0
444;3;4230603;444;212;1073;1073;7.98;0.49;139.26;3.79;629;3;338.00;0
445;3;4230610;445;214;1074;1074;8.03;0.49;139.70;3.79;629;3;339.00;0
446;3;4230616;446;217;1075;1075;8.03;0.49;140.15;3.78;629;3;340.00;0
446;3;4230622;446;222;1075;1075;8.04;0.49;140.15;3.78;629;3;341.00;0
450;3;4230628;450;226;1078;1078;8.06;0.49;140.50;3.77;628;3;342.00;0
455;3;4230635;455;228;1078;1078;8.03;0.49;141.45;3.77;623;3;343.00;0
456;3;4230642;456;236;1078;1078;7.98;0.49;141.26;3.77;622;3;344.00;0
463;3;4230649;463;236;1078;1078;7.79;0.48;141.48;3.77;615;3;345.00;0
467;3;4230656;467;239;1084;1084;7.72;0.47;141.96;3.76;617;3;346.00;0
469;3;4230663;469;244;1084;1084;7.64;0.47;142.12;3.76;615;3;347.00;0
473;3;4230669;473;247;1084;1084;7.44;0.45;142.12;3.76;611;3;348.00;0
475;3;4230676;475;252;1084;1084;7.34;0.45;142.12;3.76;609;3;349.00;0
477;3;4230682;477;253;1088;1088;7.27;0.45;142.38;3.75;611;3;350.00;0
477;3;4230689;477;259;1089;1089;7.25;0.45;142.38;3.74;612;3;351.00;0
479;3;4230696;479;260;1089;1089;7.14;0.44;142.77;3.74;610;3;352.00;0
482;3;4230702;482;262;1090;1090;7.06;0.43;142.42;3.74;608;3;353.00;0
483;3;4230709;483;264;1090;1090;7.11;0.44;142.27;3.74;607;3;354.00;0
487;3;4230715;487;264;1090;1090;6.99;0.43;143.09;3.74;603;3;355.00;0
488;3;4230722;488;263;1090;1090;6.94;0.43;143.17;3.74;602;3;356.00;0
490;3;4230728;490;264;1090;1090;6.86;0.42;143.74;3.74;600;3;357.00;0
493;3;4230735;493;269;1090;1090;6.78;0.42;143.68;3.74;597;3;358.00;0
495;3;4230747;495;272;1090;1090;6.74;0.41;143.49;3.74;595;3;359.00;0
496;3;4230755;496;300;1164;1215;7.02;0.44;143.35;3.50;668;3;360.00;51
500;3;4230771;500;285;1169;1216;7.07;0.44;143.48;3.49;669;3;361.00;47
501;3;4230778;501;263;1179;1216;7.26;0.45;143.51;3.48;678;3;362.00;37
505;3;4230786;505;253;1182;1216;7.24;0.45;143.87;3.48;677;3;363.00;34
506;3;4230793;506;249;1187;1216;7.35;0.46;143.88;3.48;681;3;364.00;29
508;3;4230800;508;244;1188;1216;7.44;0.46;144.02;3.48;680;3;365.00;28
509;3;4230808;509;240;1192;1216;7.54;0.47;144.31;3.49;683;3;366.00;24
510;3;4230816;510;235;1196;1216;7.57;0.47;144.28;3.50;686;3;367.00;20
510;3;4230834;510;240;1199;1217;7.56;0.46;144.28;3.51;689;3;368.00;18
512;3;4230842;512;243;1203;1218;7.49;0.46;144.10;3.53;691;3;369.00;15
514;3;4230856;514;244;1205;1218;7.36;0.45;143.94;3.54;691;3;370.00;13
515;3;4230864;515;246;1212;1222;7.33;0.45;144.03;3.55;697;3;371.00;10
515;3;4230872;515;251;1215;1222;7.31;0.45;144.03;3.57;700;3;372.00;7
516;3;4230880;516;252;1217;1222;7.32;0.45;144.27;3.58;701;3;373.00;5
516;3;4230889;516;265;1219;1222;7.36;0.45;144.27;3.60;703;3;374.00;3
517;3;4230896;517;269;1226;1228;7.33;0.45;144.64;3.60;709;3;375.00;2
517;3;4230906;517;265;1227;1228;7.34;0.45;144.64;3.60;710;3;376.00;1
518;3;4230914;518;259;1228;1228;7.38;0.45;144.74;3.61;710;3;377.00;0
519;3;4230922;519;256;1230;1231;7.45;0.46;144.98;3.61;711;3;378.00;1
521;3;4230930;521;252;1230;1231;7.45;0.46;145.18;3.61;709;3;379.00;1
521;3;4230940;521;248;1231;1231;7.43;0.46;145.18;3.60;710;3;380.00;0
522;3;4230948;522;250;1232;1232;7.47;0.46;145.19;3.60;710;3;381.00;0
525;3;4230957;525;250;1233;1233;7.47;0.46;145.81;3.60;708;3;382.00;0
528;3;4230966;528;253;1233;1233;7.43;0.45;146.27;3.60;705;3;383.00;0
529;3;4230975;529;247;1245;1246;7.55;0.46;146.38;3.57;716;3;384.00;1
533;3;4230985;533;252;1245;1246;7.48;0.46;147.63;3.57;712;3;385.00;1
535;3;4230999;535;240;1245;1246;7.56;0.46;147.74;3.57;710;3;386.00;1
538;3;4231008;538;233;1247;1247;7.61;0.47;147.87;3.56;709;3;387.00;0
543;3;4231017;543;226;1247;1247;7.65;0.47;148.34;3.56;704;3;388.00;0
546;3;4231027;546;220;1250;1251;7.75;0.47;148.63;3.56;704;3;389.00;1
548;3;4231038;548;212;1250;1251;7.81;0.48;148.62;3.56;702;3;390.00;1
550;3;4231047;550;213;1254;1255;7.86;0.48;148.86;3.55;704;3;391.00;1
551;3;4231057;551;212;1255;1255;7.95;0.48;149.07;3.55;704;3;392.00;0
553;3;4231066;553;217;1255;1255;8.11;0.49;149.65;3.55;702;3;393.00;0
554;3;4231075;554;216;1255;1255;8.27;0.50;149.64;3.55;701;3;394.00;0
554;3;4231084;554;213;1255;1255;8.36;0.51;149.64;3.55;701;3;395.00;0
558;3;4231093;558;210;1266;1267;8.47;0.51;150.67;3.52;708;3;396.00;1
560;3;4231103;560;213;1266;1267;8.57;0.52;151.02;3.52;706;3;397.00;1
562;3;4231112;562;209;1267;1267;8.66;0.53;151.36;3.52;705;3;398.00;0
563;3;4231122;563;207;1267;1267;8.73;0.53;151.52;3.52;704;3;399.00;0
565;3;4231132;565;202;1267;1267;8.82;0.54;152.05;3.52;702;3;400.00;0
566;3;4231145;566;193;1267;1267;8.93;0.54;152.27;3.52;701;3;401.00;0
568;3;4231154;568;193;1268;1268;9.00;0.55;152.37;3.51;700;3;402.00;0
570;3;4231163;570;196;1268;1268;9.05;0.55;152.82;3.51;698;3;403.00;0
572;3;4231172;572;189;1274;1274;9.08;0.55;153.09;3.50;702;3;404.00;0
573;3;4231181;573;192;1276;1276;9.06;0.55;153.53;3.50;703;3;405.00;0
575;3;4231191;575;190;1276;1276;9.05;0.55;153.78;3.50;701;3;406.00;0
577;3;4231200;577;183;1276;1276;9.06;0.55;154.18;3.50;699;3;407.00;0
578;3;4231208;578;185;1280;1280;9.05;0.55;154.52;3.49;702;3;408.00;0
579;3;4231217;579;184;1280;1280;9.12;0.56;154.46;3.49;701;3;409.00;0
581;3;4231226;581;187;1280;1280;9.18;0.56;155.09;3.49;699;3;410.00;0
582;3;4231235;582;187;1281;1281;9.22;0.56;155.22;3.48;699;3;411.00;0
584;3;4231244;584;181;1285;1285;9.21;0.56;155.55;3.48;701;3;412.00;0
587;3;4231253;587;180;1285;1285;9.27;0.57;155.45;3.48;698;3;413.00;0
590;3;4231262;590;183;1287;1288;9.27;0.57;156.33;3.47;697;3;414.00;1
591;3;4231271;591;188;1287;1288;9.32;0.57;156.21;3.47;696;3;415.00;1
593;3;4231280;593;188;1288;1288;9.36;0.57;156.28;3.47;695;3;416.00;0
596;3;4231289;596;191;1288;1288;9.38;0.57;156.91;3.47;692;3;417.00;0
601;3;4231297;601;195;1292;1292;9.41;0.58;157.31;3.46;691;3;418.00;0
602;3;4231306;602;194;1292;1292;9.41;0.58;157.73;3.46;690;3;419.00;0
606;3;4231316;606;190;1292;1292;9.39;0.58;158.60;3.46;686;3;420.00;0
609;3;4231325;609;183;1292;1292;9.45;0.58;159.42;3.46;683;3;421.00;0
614;3;4231333;614;180;1293;1293;9.45;0.58;160.55;3.46;679;3;422.00;0
616;3;4231342;616;174;1294;1294;9.54;0.58;161.29;3.46;678;3;423.00;0
621;3;4231351;621;168;1294;1294;9.59;0.59;161.97;3.46;673;3;424.00;0
623;3;4231359;623;162;1295;1295;9.69;0.59;162.05;3.46;672;3;425.00;0
626;3;4231368;626;151;1295;1295;9.75;0.60;162.15;3.46;669;3;426.00;0
626;3;4231375;626;138;1295;1295;9.85;0.60;162.15;3.46;669;3;427.00;0
632;3;4231383;632;131;1295;1295;9.90;0.60;163.14;3.46;663;3;428.00;0
636;3;4231391;636;130;1295;1295;9.97;0.61;163.30;3.46;659;3;429.00;0
643;3;4231399;643;121;1295;1295;10.05;0.61;164.04;3.46;652;3;430.00;0
647;3;4231408;647;117;1295;1295;10.18;0.62;164.76;3.46;648;3;431.00;0
652;3;4231416;652;136;1366;1422;9.89;0.61;165.23;3.28;714;3;432.00;56
656;3;4231434;656;121;1368;1423;9.96;0.61;165.22;3.27;712;3;433.00;55
659;3;4231442;659;111;1374;1423;10.09;0.62;165.83;3.27;715;3;434.00;49
661;3;4231452;661;105;1376;1423;10.18;0.63;166.06;3.27;715;3;435.00;47
663;3;4231460;663;101;1381;1423;10.26;0.63;166.37;3.27;718;3;436.00;42
666;3;4231469;666;98;1384;1423;10.37;0.64;166.76;3.28;718;3;437.00;39
667;3;4231483;667;99;1389;1423;10.48;0.64;167.06;3.29;722;3;438.00;34
670;3;4231492;670;98;1392;1423;10.64;0.65;167.59;3.29;722;3;439.00;31
675;3;4231501;675;102;1394;1424;10.71;0.65;168.44;3.30;719;3;440.00;30
678;3;4231510;678;98;1398;1425;10.73;0.66;168.70;3.32;720;3;441.00;27
680;3;4231519;680;100;1400;1425;10.73;0.66;168.97;3.33;720;3;442.00;25
681;3;4231527;681;97;1405;1426;10.66;0.65;168.98;3.35;724;3;443.00;21
682;3;4231536;682;95;1407;1426;10.62;0.65;169.16;3.37;725;3;444.00;19
684;3;4231545;684;101;1410;1426;10.50;0.64;169.19;3.39;726;3;445.00;16
686;3;4231553;686;106;1413;1426;10.34;0.63;169.45;3.41;727;3;446.00;13
688;3;4231562;688;114;1419;1430;10.18;0.63;169.93;3.44;731;3;447.00;11
689;3;4231571;689;119;1420;1430;10.13;0.62;169.81;3.45;731;3;448.00;10
694;3;4231579;694;123;1422;1430;9.98;0.61;169.90;3.46;728;3;449.00;8
698;3;4231590;698;128;1426;1436;9.91;0.61;170.20;3.47;728;3;450.00;10
699;3;4231601;699;132;1429;1436;9.86;0.61;170.56;3.48;730;3;451.00;7
703;3;4231609;703;134;1431;1436;9.88;0.61;170.30;3.49;728;3;452.00;5
704;3;4231618;704;137;1434;1440;9.89;0.61;170.36;3.49;730;3;453.00;6
707;3;4231632;707;137;1437;1441;9.86;0.61;170.56;3.49;730;3;454.00;4
710;3;4231642;710;141;1438;1441;9.87;0.61;171.06;3.49;728;3;455.00;3
715;3;4231651;715;147;1441;1445;9.90;0.61;172.02;3.48;726;3;456.00;4
718;3;4231660;718;146;1441;1445;9.95;0.61;171.95;3.48;723;3;457.00;4
721;3;4231669;721;152;1441;1445;9.87;0.60;171.85;3.48;720;3;458.00;4
723;3;4231678;723;161;1442;1446;9.79;0.60;172.03;3.48;719;3;459.00;4
724;3;4231687;724;162;1443;1446;9.69;0.59;172.40;3.50;719;3;460.00;3
728;3;4231696;728;162;1449;1452;9.63;0.59;172.63;3.49;721;3;461.00;3
730;3;4231705;730;171;1449;1452;9.57;0.58;172.73;3.49;719;3;462.00;3
733;3;4231714;733;172;1450;1453;9.49;0.58;173.38;3.50;717;3;463.00;3
737;3;4231723;737;176;1450;1453;9.40;0.57;173.55;3.50;713;3;464.00;3
741;3;4231731;741;181;1451;1453;9.29;0.57;173.82;3.50;710;3;465.00;2
743;3;4231740;743;189;1453;1453;9.20;0.56;174.11;3.51;710;3;466.00;0
744;3;4231748;744;195;1453;1453;9.14;0.56;174.02;3.51;709;3;467.00;0
744;3;4231756;744;199;1464;1465;9.15;0.56;174.02;3.48;720;3;468.00;1
744;3;4231765;744;204;1464;1465;9.15;0.56;174.02;3.48;720;3;469.00;1
747;3;4231772;747;210;1465;1465;9.14;0.56;174.04;3.48;718;3;470.00;0
749;3;4231781;749;217;1465;1465;9.10;0.56;174.26;3.48;716;3;471.00;0
749;3;4231789;749;221;1465;1465;9.08;0.56;174.26;3.48;716;3;472.00;0
751;3;4231796;751;229;1465;1465;9.03;0.55;174.23;3.48;714;3;473.00;0
752;3;4231805;752;235;1469;1469;8.98;0.55;174.03;3.47;717;3;474.00;0
752;3;4231813;752;238;1469;1469;8.97;0.55;174.03;3.47;717;3;475.00;0
753;3;4231821;753;245;1473;1473;8.98;0.55;173.98;3.47;720;3;476.00;0
755;3;4231829;755;249;1474;1474;8.86;0.54;173.86;3.47;719;3;477.00;0
758;3;4231837;758;253;1474;1474;8.69;0.53;173.73;3.47;716;3;478.00;0
760;3;4231845;760;257;1474;1474;8.56;0.53;173.54;3.47;714;3;479.00;0
760;3;4231855;760;261;1496;1500;8.53;0.53;173.54;3.41;736;3;480.00;4
762;3;4231864;762;260;1497;1500;8.40;0.52;173.49;3.41;735;3;481.00;3
764;3;4231872;764;261;1500;1500;8.45;0.52;173.26;3.41;736;3;482.00;0
769;3;4231880;769;261;1501;1501;8.46;0.52;172.96;3.41;732;3;483.00;0
769;3;4231888;769;264;1502;1502;8.45;0.52;172.96;3.41;733;3;484.00;0
771;3;4231896;771;266;1502;1502;8.42;0.52;172.96;3.41;731;3;485.00;0
772;3;4231905;772;270;1505;1505;8.40;0.52;172.89;3.40;733;3;486.00;0
773;3;4231919;773;273;1505;1505;8.37;0.51;172.83;3.40;732;3;487.00;0
776;3;4231944;776;276;1505;1505;8.33;0.51;173.10;3.40;729;3;488.00;0
778;3;4231952;778;278;1505;1505;8.31;0.51;172.95;3.40;727;3;489.00;0
780;3;4231960;780;281;1511;1511;8.26;0.50;173.11;3.39;731;3;490.00;0
781;3;4231968;781;282;1511;1511;8.14;0.50;173.01;3.39;730;3;491.00;0
783;3;4231975;783;285;1511;1511;7.92;0.49;172.99;3.39;728;3;492.00;0
786;3;4231983;786;288;1511;1511;7.73;0.47;172.77;3.39;725;3;493.00;0
790;3;4231990;790;298;1515;1515;7.50;0.46;173.10;3.38;725;3;494.00;0
797;3;4231997;797;288;1517;1517;7.32;0.45;172.93;3.38;720;3;495.00;0
799;3;4232005;799;284;1517;1517;7.21;0.44;173.61;3.38;718;3;496.00;0
801;3;4232012;801;281;1518;1518;7.17;0.44;173.82;3.38;717;3;497.00;0
806;3;4232020;806;280;1518;1518;7.11;0.44;173.94;3.38;712;3;498.00;0
810;3;4232027;810;274;1518;1518;7.11;0.44;173.92;3.38;708;3;499.00;0
812;3;4232035;812;276;1518;1518;7.08;0.43;174.14;3.38;706;3;500.00;0
815;3;4232046;815;275;1518;1518;7.03;0.43;174.65;3.38;703;3;501.00;0
817;3;4232053;817;274;1518;1518;7.07;0.43;174.81;3.38;701;3;502.00;0
820;3;4232061;820;272;1518;1518;7.06;0.43;175.36;3.38;698;3;503.00;0
820;3;4232069;820;274;1555;1588;7.36;0.45;175.36;3.30;735;3;504.00;33
823;3;4232082;823;273;1560;1589;7.37;0.45;175.76;3.29;737;3;505.00;29
826;3;4232090;826;276;1568;1589;7.44;0.46;176.51;3.28;742;3;506.00;21
829;3;4232098;829;279;1570;1589;7.42;0.46;176.98;3.28;741;3;507.00;19
830;3;4232106;830;270;1573;1589;7.41;0.45;176.86;3.28;743;3;508.00;16
833;3;4232115;833;263;1576;1589;7.43;0.45;176.72;3.29;743;3;509.00;13
834;3;4232125;834;263;1579;1589;7.38;0.45;176.66;3.29;745;3;510.00;10
835;3;4232132;835;262;1584;1589;7.43;0.45;176.71;3.30;749;3;511.00;5
839;3;4232141;839;268;1587;1590;7.36;0.45;177.20;3.31;748;3;512.00;3
840;3;4232150;840;267;1588;1591;7.40;0.45;177.34;3.32;748;3;513.00;3
844;3;4232159;844;266;1591;1591;7.31;0.45;177.54;3.32;747;3;514.00;0
846;3;4232173;846;267;1595;1595;7.33;0.45;177.60;3.31;749;3;515.00;0
847;3;4232182;847;264;1595;1595;7.37;0.45;177.66;3.31;748;3;516.00;0
850;3;4232191;850;262;1595;1595;7.34;0.45;177.66;3.31;745;3;517.00;0
855;3;4232200;855;260;1595;1595;7.28;0.44;178.00;3.31;740;3;518.00;0
856;3;4232208;856;265;1601;1601;7.24;0.44;177.90;3.31;745;3;519.00;0
859;3;4232222;859;264;1601;1601;7.19;0.44;178.00;3.31;742;3;520.00;0
860;3;4232231;860;266;1601;1601;7.19;0.44;178.38;3.31;741;3;521.00;0
863;3;4232239;863;267;1603;1604;7.18;0.44;178.74;3.30;740;3;522.00;1
868;3;4232249;868;269;1603;1604;7.15;0.44;178.86;3.30;735;3;523.00;1
871;3;4232257;871;268;1604;1604;7.11;0.43;179.33;3.30;733;3;524.00;0
872;3;4232266;872;268;1605;1605;7.11;0.44;179.18;3.30;733;3;525.00;0
873;3;4232274;873;266;1606;1606;7.14;0.44;179.53;3.30;733;3;526.00;0
876;3;4232283;876;262;1606;1606;7.16;0.44;180.16;3.30;730;3;527.00;0
881;3;4232291;881;262;1619;1619;7.31;0.45;180.00;3.27;738;3;528.00;0
882;3;4232300;882;261;1619;1619;7.35;0.45;180.05;3.27;737;3;529.00;0
884;3;4232309;884;262;1619;1619;7.38;0.45;180.26;3.27;735;3;530.00;0
886;3;4232318;886;258;1620;1620;7.39;0.45;180.56;3.27;734;3;531.00;0
887;3;4232326;887;261;1620;1620;7.46;0.45;180.72;3.27;733;3;532.00;0
887;3;4232335;887;267;1624;1624;7.53;0.46;180.72;3.26;737;3;533.00;0
889;3;4232344;889;266;1624;1624;7.56;0.46;180.86;3.26;735;3;534.00;0
894;3;4232353;894;265;1627;1628;7.56;0.46;181.33;3.26;733;3;535.00;1
896;3;4232362;896;268;1628;1628;7.58;0.46;181.39;3.26;732;3;536.00;0
903;3;4232370;903;267;1628;1628;7.43;0.45;182.02;3.26;725;3;537.00;0
904;3;4232379;904;268;1628;1628;7.37;0.45;182.02;3.26;724;3;538.00;0
904;3;4232387;904;272;1628;1628;7.33;0.45;182.02;3.26;724;3;539.00;0
906;3;4232397;906;274;1658;1662;7.50;0.46;182.04;3.20;752;3;540.00;4
908;3;4232408;908;274;1658;1662;7.46;0.46;182.32;3.20;750;3;541.00;4
911;3;4232417;911;265;1661;1662;7.55;0.46;182.50;3.20;750;3;542.00;1
914;3;4232426;914;255;1661;1662;7.55;0.46;182.71;3.20;747;3;543.00;1
917;3;4232435;917;250;1662;1662;7.59;0.47;183.10;3.20;745;3;544.00;0
918;3;4232444;918;246;1662;1662;7.58;0.46;183.18;3.20;744;3;545.00;0
919;3;4232453;919;240;1663;1663;7.62;0.47;183.28;3.20;744;3;546.00;0
920;3;4232462;920;240;1663;1663;7.69;0.47;183.28;3.20;743;3;547.00;0
922;3;4232470;922;240;1669;1669;7.75;0.47;183.51;3.19;747;3;548.00;0
926;3;4232480;926;249;1670;1670;7.86;0.48;183.53;3.19;744;3;549.00;0
929;3;4232490;929;244;1670;1670;7.92;0.48;183.51;3.19;741;3;550.00;0
931;3;4232504;931;229;1670;1670;8.00;0.49;183.56;3.19;739;3;551.00;0
931;3;4232513;931;215;1674;1674;8.06;0.49;183.56;3.18;743;3;552.00;0
934;3;4232524;934;213;1674;1674;8.12;0.49;183.61;3.18;740;3;553.00;0
936;3;4232533;936;212;1674;1674;8.19;0.50;184.07;3.18;738;3;554.00;0
937;3;4232543;937;215;1675;1675;8.24;0.50;184.24;3.18;738;3;555.00;0
940;3;4232553;940;210;1679;1679;8.18;0.50;184.63;3.17;739;3;556.00;0
942;3;4232568;942;208;1679;1679;8.27;0.50;184.65;3.17;737;3;557.00;0
945;3;4232577;945;213;1681;1682;8.29;0.50;185.16;3.17;736;3;558.00;1
948;3;4232587;948;212;1681;1682;8.25;0.50;185.69;3.17;733;3;559.00;1
950;3;4232596;950;213;1682;1682;8.30;0.50;186.11;3.17;732;3;560.00;0
953;3;4232606;953;221;1682;1682;8.29;0.50;186.42;3.17;729;3;561.00;0
953;3;4232616;953;222;1686;1686;8.32;0.51;186.42;3.16;733;3;562.00;0
958;3;4232625;958;219;1686;1686;8.26;0.50;187.15;3.16;728;3;563.00;0
959;3;4232635;959;215;1686;1686;8.28;0.50;187.16;3.16;727;3;564.00;0
963;3;4232646;963;214;1686;1686;8.28;0.50;187.51;3.16;723;3;565.00;0
967;3;4232657;967;209;1687;1687;8.33;0.51;187.52;3.16;720;3;566.00;0
970;3;4232667;970;209;1688;1688;8.35;0.51;187.87;3.16;718;3;567.00;0
973;3;4232678;973;208;1688;1688;8.45;0.51;188.11;3.16;715;3;568.00;0
976;3;4232687;976;204;1689;1689;8.46;0.51;188.40;3.16;713;3;569.00;0
979;3;4232698;979;204;1689;1689;8.53;0.52;188.89;3.16;710;3;570.00;0
981;3;4232708;981;201;1689;1689;8.68;0.53;189.17;3.16;708;3;571.00;0
984;3;4232717;984;201;1689;1689;8.76;0.53;189.49;3.16;705;3;572.00;0
987;3;4232727;987;203;1689;1689;8.83;0.53;189.78;3.16;702;3;573.00;0
990;3;4232736;990;199;1689;1689;8.93;0.54;190.21;3.16;699;3;574.00;0
992;3;4232745;992;198;1689;1689;9.04;0.55;190.49;3.16;697;3;575.00;0
995;3;4232754;995;232;1769;1816;8.78;0.54;190.91;3.02;774;3;576.00;47
996;3;4232773;996;215;1770;1817;8.79;0.54;191.06;3.02;774;3;577.00;47
999;3;4232782;999;204;1776;1817;8.92;0.55;191.31;3.01;777;3;578.00;41
1001;3;4232791;1001;198;1776;1817;9.01;0.55;191.33;3.01;775;3;579.00;41
1002;3;4232800;1002;195;1782;1817;9.15;0.56;191.33;3.02;780;3;580.00;35
1003;3;4232810;1003;197;1784;1817;9.22;0.57;191.32;3.02;781;3;581.00;33
1004;3;4232819;1004;198;1789;1817;9.25;0.57;191.23;3.03;785;3;582.00;28
1005;3;4232829;1005;205;1792;1817;9.36;0.57;191.21;3.03;787;3;583.00;25
1006;3;4232838;1006;208;1795;1818;9.44;0.58;191.31;3.04;789;3;584.00;23
1006;3;4232848;1006;211;1801;1820;9.49;0.58;191.31;3.06;795;3;585.00;19
1006;3;4232862;1006;208;1803;1820;9.49;0.58;191.31;3.06;797;3;586.00;17
1008;3;4232871;1008;206;1806;1821;9.40;0.57;191.29;3.07;798;3;587.00;15
1009;3;4232881;1009;211;1806;1821;9.33;0.57;191.27;3.07;797;3;588.00;15
1009;3;4232890;1009;201;1808;1821;9.30;0.57;191.27;3.08;799;3;589.00;13
1012;3;4232899;1012;196;1812;1821;9.19;0.56;191.45;3.11;800;3;590.00;9
1013;3;4232909;1013;197;1814;1825;9.19;0.56;191.55;3.11;801;3;591.00;11
1017;3;4232919;1017;194;1816;1825;9.15;0.56;192.21;3.12;799;3;592.00;9
1019;3;4232928;1019;195;1818;1825;9.17;0.56;192.24;3.12;799;3;593.00;7
1021;3;4232938;1021;194;1820;1828;9.17;0.56;192.80;3.13;799;3;594.00;8
1025;3;4232947;1025;198;1820;1828;9.12;0.56;193.29;3.13;795;3;595.00;8
1028;3;4232956;1028;195;1822;1828;9.06;0.55;193.89;3.15;794;3;596.00;6
1032;3;4232965;1032;190;1825;1832;9.05;0.55;194.62;3.14;793;3;597.00;7
1036;3;4232975;1036;191;1827;1833;9.00;0.55;195.25;3.15;791;3;598.00;6
1038;3;4232984;1038;190;1829;1833;9.02;0.55;195.51;3.16;791;3;599.00;4
1042;3;4232995;1042;195;1840;1859;8.88;0.54;196.02;3.14;798;3;600.00;19
1044;3;4233016;1044;189;1842;1859;8.88;0.54;196.27;3.14;798;3;601.00;17
1049;3;4233025;1049;187;1844;1859;8.84;0.54;196.55;3.14;795;3;602.00;15
1054;3;4233034;1054;186;1846;1860;8.79;0.54;197.07;3.14;792;3;603.00;14
1057;3;4233044;1057;188;1846;1860;8.83;0.54;197.11;3.14;789;3;604.00;14
1059;3;4233054;1059;186;1849;1866;8.78;0.54;197.45;3.14;790;3;605.00;17
1063;3;4233069;1063;190;1852;1866;8.65;0.53;197.74;3.14;789;3;606.00;14
1067;3;4233078;1067;188;1853;1867;8.55;0.52;197.57;3.14;786;3;607.00;14
1070;3;4233087;1070;189;1856;1867;8.43;0.51;198.15;3.14;786;3;608.00;11
1074;3;4233096;1074;192;1856;1867;8.41;0.51;198.70;3.14;782;3;609.00;11
1076;3;4233105;1076;200;1857;1867;8.30;0.51;198.93;3.16;781;3;610.00;10
1077;3;4233114;1077;208;1858;1867;8.22;0.50;198.90;3.17;781;3;611.00;9
1080;3;4233123;1080;211;1870;1879;8.20;0.50;199.14;3.17;790;3;612.00;9
1080;3;4233137;1080;210;1871;1879;8.20;0.50;199.14;3.17;791;3;613.00;8
1082;3;4233147;1082;217;1872;1879;8.23;0.50;199.25;3.17;790;3;614.00;7
1085;3;4233156;1085;224;1872;1879;8.23;0.50;199.58;3.17;787;3;615.00;7
1085;3;4233165;1085;225;1872;1879;8.23;0.50;199.58;3.17;787;3;616.00;7
1087;3;4233174;1087;225;1872;1879;8.25;0.50;199.50;3.17;785;3;617.00;7
1089;3;4233183;1089;228;1877;1883;8.29;0.50;199.51;3.18;788;3;618.00;6
1089;3;4233193;1089;226;1877;1883;8.33;0.51;199.51;3.18;788;3;619.00;6
1090;4;4233201;1090;229;1881;1887;8.39;0.51;199.75;3.18;791;4;620.00;6
1091;4;4233220;1091;230;1882;1888;8.43;0.51;199.59;3.18;791;4;621.00;6
1092;4;4233229;1092;235;1882;1888;8.42;0.51;199.42;3.18;790;4;622.00;6
1094;4;4233238;1094;237;1882;1888;8.35;0.51;199.21;3.18;788;4;623.00;6
1097;4;4233247;1097;249;1893;1901;8.29;0.51;199.00;3.19;796;4;624.00;8
1100;4;4233256;1100;249;1894;1901;8.25;0.50;198.70;3.19;794;4;625.00;7
1102;4;4233265;1102;249;1895;1901;8.15;0.50;198.60;3.19;793;4;626.00;6
1105;4;4233274;1105;259;1897;1902;8.15;0.50;198.53;3.19;792;4;627.00;5
1105;4;4233282;1105;266;1898;1903;8.09;0.50;198.53;3.19;793;4;628.00;5
1108;4;4233291;1108;270;1899;1903;8.05;0.49;198.46;3.19;791;4;629.00;4
1110;4;4233301;1110;281;1906;1909;8.05;0.49;198.40;3.21;796;4;630.00;3
1110;4;4233310;1110;280;1906;1909;8.01;0.49;198.40;3.21;796;4;631.00;3
1111;4;4233318;1111;288;1909;1909;8.00;0.49;198.44;3.21;798;4;632.00;0
1112;4;4233326;1112;289;1909;1909;8.00;0.49;198.44;3.21;797;4;633.00;0
1119;4;4233335;1119;293;1914;1915;8.02;0.49;198.36;3.20;795;4;634.00;1
1122;4;4233344;1122;296;1914;1915;7.94;0.49;198.20;3.20;792;4;635.00;1
1125;4;4233352;1125;301;1915;1915;7.81;0.48;198.07;3.20;790;4;636.00;0
1126;4;4233360;1126;305;1915;1915;7.71;0.47;197.95;3.20;789;4;637.00;0
1131;4;4233368;1131;308;1919;1919;7.62;0.47;197.71;3.20;788;4;638.00;0
1131;4;4233376;1131;313;1920;1920;7.52;0.46;197.71;3.20;789;4;639.00;0
1133;4;4233384;1133;318;1920;1920;7.43;0.46;197.67;3.20;787;4;640.00;0
1134;4;4233392;1134;320;1921;1921;7.38;0.45;197.51;3.20;787;4;641.00;0
1136;4;4233400;1136;324;1921;1921;7.32;0.45;197.61;3.20;785;4;642.00;0
1137;4;4233408;1137;328;1921;1921;7.24;0.44;197.56;3.20;784;4;643.00;0
1140;4;4233415;1140;325;1921;1921;7.16;0.44;197.50;3.20;781;4;644.00;0
1141;4;4233423;1141;326;1921;1921;7.11;0.44;197.49;3.20;780;4;645.00;0
1142;4;4233430;1142;324;1921;1921;7.04;0.43;197.57;3.20;779;4;646.00;0
1142;4;4233437;1142;324;1921;1921;7.00;0.43;197.57;3.20;779;4;647.00;0
1144;4;4233445;1144;329;1962;1991;7.18;0.44;197.62;3.13;818;4;648.00;29
1146;4;4233458;1146;327;1965;1992;7.09;0.44;197.52;3.13;819;4;649.00;27
1148;4;4233466;1148;322;1974;1992;7.08;0.43;197.50;3.12;826;4;650.00;18
1149;4;4233473;1149;326;1977;1992;7.01;0.43;197.44;3.12;828;4;651.00;15
1150;4;4233481;1150;323;1980;1992;6.97;0.43;197.33;3.12;830;4;652.00;12
1152;4;4233489;1152;320;1981;1992;6.87;0.42;197.18;3.12;829;4;653.00;11
1154;4;4233496;1154;323;1983;1992;6.76;0.41;196.95;3.13;829;4;654.00;9
1154;4;4233504;1154;315;1987;1992;6.75;0.41;196.95;3.13;833;4;655.00;5
1158;4;4233512;1158;304;1989;1993;6.70;0.41;196.82;3.14;831;4;656.00;4
1161;4;4233520;1161;299;1992;1994;6.60;0.40;197.28;3.14;831;4;657.00;2
1163;4;4233528;1163;291;1994;1994;6.50;0.40;197.63;3.15;831;4;658.00;0
1165;4;4233536;1165;298;1998;1998;6.38;0.39;198.06;3.14;833;4;659.00;0
1170;4;4233546;1170;279;1998;1998;6.30;0.38;197.86;3.14;828;4;660.00;0
1173;4;4233554;1173;270;1998;1998;6.27;0.38;198.11;3.14;825;4;661.00;0
1174;4;4233567;1174;265;1998;1998;6.31;0.39;198.33;3.14;824;4;662.00;0
1176;4;4233576;1176;259;2004;2004;6.38;0.39;198.51;3.14;828;4;663.00;0
1179;4;4233585;1179;256;2004;2004;6.46;0.40;198.83;3.14;825;4;664.00;0
1181;4;4233595;1181;256;2004;2004;6.58;0.40;199.01;3.14;823;4;665.00;0
1185;4;4233604;1185;257;2006;2007;6.61;0.40;199.41;3.13;821;4;666.00;1
1189;4;4233618;1189;248;2006;2007;6.70;0.41;199.52;3.13;817;4;667.00;1
1192;4;4233628;1192;242;2006;2007;6.80;0.41;199.54;3.13;814;4;668.00;1
1193;4;4233637;1193;238;2008;2008;6.88;0.42;199.57;3.13;815;4;669.00;0
1194;4;4233650;1194;236;2009;2009;6.98;0.43;199.60;3.13;815;4;670.00;0
1196;4;4233662;1196;231;2009;2009;7.03;0.43;199.64;3.13;813;4;671.00;0
1198;4;4233671;1198;230;2021;2022;7.21;0.44;199.60;3.11;823;4;672.00;1
1201;4;4233682;1201;233;2022;2022;7.32;0.45;199.66;3.11;821;4;673.00;0
1205;4;4233696;1205;231;2022;2022;7.39;0.45;199.85;3.11;817;4;674.00;0
1209;4;4233707;1209;234;2024;2024;7.50;0.46;199.82;3.11;815;4;675.00;0
1214;4;4233717;1214;232;2024;2024;7.59;0.46;199.88;3.11;810;4;676.00;0
1218;4;4233727;1218;230;2028;2028;7.69;0.47;199.89;3.10;810;4;677.00;0
1224;4;4233741;1224;228;2028;2028;7.77;0.47;200.14;3.10;804;4;678.00;0
1227;4;4233755;1227;229;2032;2032;7.85;0.48;200.88;3.10;805;4;679.00;0
1231;4;4233770;1231;224;2032;2032;7.94;0.48;201.31;3.10;801;4;680.00;0
1235;4;4233781;1235;228;2032;2032;8.00;0.49;201.78;3.10;797;4;681.00;0
1240;4;4233792;1240;233;2032;2032;8.00;0.49;202.11;3.10;792;4;682.00;0
1243;4;4233802;1243;228;2032;2032;8.03;0.49;202.52;3.10;789;4;683.00;0
1250;4;4233812;1250;224;2043;2044;8.07;0.49;202.96;3.08;793;4;684.00;1
1251;4;4233824;1251;228;2044;2044;8.13;0.49;202.86;3.08;793;4;685.00;0
1257;4;4233834;1257;228;2044;2044;8.11;0.49;203.83;3.08;787;4;686.00;0
1260;4;4233845;1260;226;2044;2044;8.13;0.49;204.23;3.08;784;4;687.00;0
1263;4;4233855;1263;221;2044;2044;8.19;0.50;204.51;3.08;781;4;688.00;0
1268;4;4233865;1268;219;2044;2044;8.19;0.50;204.49;3.08;776;4;689.00;0
1270;4;4233878;1270;220;2045;2045;8.19;0.50;204.62;3.08;775;4;690.00;0
1276;4;4233894;1276;219;2045;2045;8.15;0.50;205.37;3.08;769;4;691.00;0
1283;4;4233904;1283;219;2051;2051;8.12;0.49;205.93;3.08;768;4;692.00;0
1286;4;4233915;1286;224;2051;2052;8.18;0.50;206.20;3.08;765;4;693.00;1
1289;4;4233926;1289;227;2052;2052;8.26;0.50;206.51;3.07;763;4;694.00;0
1290;4;4233937;1290;225;2052;2052;8.40;0.51;206.76;3.07;762;4;695.00;0
1295;4;4233950;1295;223;2056;2056;8.36;0.51;207.30;3.07;761;4;696.00;0
1296;4;4233962;1296;223;2056;2056;8.42;0.51;207.52;3.07;760;4;697.00;0
1299;4;4233971;1299;223;2056;2056;8.43;0.51;207.91;3.07;757;4;698.00;0
1301;4;4233982;1301;219;2057;2057;8.40;0.51;208.33;3.07;756;4;699.00;0
1305;4;4233992;1305;216;2061;2061;8.36;0.51;209.06;3.06;756;4;700.00;0
1308;4;4234006;1308;216;2061;2061;8.24;0.50;209.36;3.06;753;4;701.00;0
1311;4;4234017;1311;215;2063;2064;8.17;0.50;209.46;3.06;752;4;702.00;1
1311;4;4234027;1311;215;2063;2064;8.15;0.50;209.46;3.06;752;4;703.00;1
1314;4;4234037;1314;220;2064;2064;8.04;0.49;209.58;3.06;750;4;704.00;0
1316;4;4234047;1316;227;2064;2064;8.00;0.49;209.45;3.06;748;4;705.00;0
1319;4;4234057;1319;232;2068;2068;7.98;0.49;209.64;3.06;749;4;706.00;0
1320;4;4234068;1320;226;2068;2068;7.96;0.49;209.74;3.06;748;4;707.00;0
1325;4;4234077;1325;215;2068;2068;7.94;0.48;209.61;3.06;743;4;708.00;0
1327;4;4234087;1327;211;2068;2068;7.97;0.49;209.82;3.06;741;4;709.00;0
1328;4;4234096;1328;211;2069;2069;8.01;0.49;209.94;3.05;741;4;710.00;0
1333;4;4234106;1333;212;2070;2070;8.02;0.49;210.28;3.05;737;4;711.00;0
1336;4;4234116;1336;212;2070;2070;8.06;0.49;210.38;3.05;734;4;712.00;0
1339;4;4234126;1339;211;2071;2071;8.10;0.49;210.65;3.05;732;4;713.00;0
1343;4;4234136;1343;216;2071;2071;8.17;0.50;210.80;3.05;728;4;714.00;0
1346;4;4234147;1346;218;2071;2071;8.17;0.50;211.09;3.05;725;4;715.00;0
1349;4;4234157;1349;201;2071;2071;8.17;0.50;211.15;3.05;722;4;716.00;0
1352;4;4234168;1352;199;2071;2071;8.21;0.50;211.35;3.05;719;4;717.00;0
1354;4;4234183;1354;193;2071;2071;8.25;0.50;211.41;3.05;717;4;718.00;0
1356;4;4234192;1356;189;2071;2071;8.25;0.50;211.49;3.05;715;4;719.00;0
1356;4;4234203;1356;238;2197;2301;8.18;0.51;211.49;2.88;841;4;720.00;104
1359;4;4234230;1359;234;2205;2302;8.22;0.52;211.90;2.87;846;4;721.00;97
1361;4;4234241;1361;213;2216;2302;8.33;0.52;212.08;2.87;855;4;722.00;86
1362;4;4234252;1362;216;2226;2302;8.33;0.52;212.19;2.87;864;4;723.00;76
1364;4;4234262;1364;213;2231;2302;8.35;0.52;212.41;2.87;867;4;724.00;71
1367;4;4234273;1367;217;2236;2302;8.31;0.52;212.55;2.88;869;4;725.00;66
1368;4;4234283;1368;219;2241;2302;8.23;0.51;212.80;2.88;873;4;726.00;61
1373;4;4234299;1373;223;2247;2302;8.12;0.50;213.23;2.89;874;4;727.00;55
1376;4;4234318;1376;226;2251;2303;8.00;0.50;213.40;2.90;875;4;728.00;52
1378;4;4234328;1378;227;2255;2304;7.94;0.49;213.36;2.91;877;4;729.00;49
1379;4;4234339;1379;232;2260;2304;7.84;0.49;213.32;2.93;881;4;730.00;44
1380;4;4234350;1380;235;2265;2305;7.77;0.48;213.38;2.94;885;4;731.00;40
1384;4;4234360;1384;235;2268;2305;7.72;0.48;213.82;2.95;884;4;732.00;37
1384;4;4234371;1384;238;2270;2305;7.72;0.48;213.82;2.96;886;4;733.00;35
1385;4;4234381;1385;248;2271;2305;7.75;0.48;213.80;2.97;886;4;734.00;34
1387;4;4234392;1387;248;2273;2309;7.75;0.48;213.98;2.97;886;4;735.00;36
1388;4;4234403;1388;256;2277;2309;7.78;0.48;214.03;2.99;889;4;736.00;32
1393;4;4234420;1393;259;2278;2309;7.71;0.47;214.33;3.00;885;4;737.00;31
1395;4;4234432;1395;267;2281;2312;7.73;0.47;214.51;3.01;886;4;738.00;31
1398;4;4234443;1398;261;2282;2312;7.74;0.48;214.67;3.02;884;4;739.00;30
1400;4;4234454;1400;261;2282;2312;7.72;0.47;214.91;3.02;882;4;740.00;30
1404;4;4234470;1404;265;2286;2316;7.65;0.47;215.07;3.03;882;4;741.00;30
1404;4;4234481;1404;271;2289;2317;7.65;0.47;215.07;3.03;885;4;742.00;28
1405;4;4234497;1405;276;2290;2317;7.62;0.47;215.10;3.04;885;4;743.00;27
1405;4;4234508;1405;278;2295;2321;7.59;0.47;215.10;3.06;890;4;744.00;26
1407;4;4234519;1407;278;2297;2321;7.62;0.47;215.25;3.06;890;4;745.00;24
1408;4;4234530;1408;286;2297;2321;7.66;0.47;215.21;3.06;889;4;746.00;24
1410;4;4234540;1410;287;2299;2322;7.69;0.47;215.25;3.07;889;4;747.00;23
1411;4;4234551;1411;287;2299;2322;7.69;0.47;215.27;3.07;888;4;748.00;23
1413;4;4234567;1413;292;2306;2328;7.61;0.46;215.30;3.09;893;4;749.00;22
1414;4;4234580;1414;296;2309;2328;7.61;0.46;215.48;3.13;895;4;750.00;19
1418;4;4234595;1418;293;2313;2329;7.67;0.47;215.76;3.16;895;4;751.00;16
1419;4;4234607;1419;296;2314;2329;7.74;0.47;215.87;3.16;895;4;752.00;15
1422;4;4234616;1422;296;2316;2329;7.72;0.47;215.94;3.17;894;4;753.00;13
1424;4;4234627;1424;291;2316;2329;7.78;0.47;216.09;3.17;892;4;754.00;13
1428;4;4234637;1428;289;2317;2329;7.73;0.47;216.38;3.17;889;4;755.00;12
1430;4;4234648;1430;286;2327;2341;7.69;0.47;216.65;3.16;897;4;756.00;14
1431;4;4234659;1431;284;2328;2341;7.68;0.47;216.72;3.16;897;4;757.00;13
1433;4;4234689;1433;281;2329;2341;7.75;0.47;216.95;3.16;896;4;758.00;12
1436;4;4234701;1436;275;2329;2341;7.76;0.47;217.17;3.16;893;4;759.00;12
1437;4;4234714;1437;275;2329;2341;7.78;0.47;217.16;3.16;892;4;760.00;12
1439;4;4234728;1439;277;2330;2341;7.73;0.47;217.38;3.16;891;4;761.00;11
1441;4;4234739;1441;276;2334;2345;7.69;0.47;217.63;3.16;893;4;762.00;11
1444;4;4234751;1444;276;2334;2345;7.64;0.47;217.66;3.16;890;4;763.00;11
1451;4;4234761;1451;275;2338;2349;7.64;0.46;217.81;3.15;887;4;764.00;11
1454;4;4234771;1454;277;2340;2351;7.60;0.46;217.91;3.15;886;4;765.00;11
1458;4;4234781;1458;278;2340;2351;7.57;0.46;218.14;3.15;882;4;766.00;11
1459;4;4234791;1459;278;2340;2351;7.53;0.46;218.22;3.15;881;4;767.00;11
1461;4;4234801;1461;284;2351;2364;7.43;0.45;218.13;3.14;890;4;768.00;13
1464;4;4234813;1464;281;2351;2364;7.42;0.45;218.05;3.14;887;4;769.00;13
1465;4;4234823;1465;292;2351;2364;7.43;0.45;217.93;3.14;886;4;770.00;13
1465;4;4234833;1465;301;2352;2365;7.46;0.45;217.93;3.14;887;4;771.00;13
1467;4;4234844;1467;303;2353;2366;7.43;0.45;217.83;3.16;886;4;772.00;13
1468;4;4234855;1468;308;2353;2366;7.40;0.45;217.70;3.16;885;4;773.00;13
1469;4;4234864;1469;308;2355;2369;7.41;0.45;217.73;3.15;886;4;774.00;14
1472;4;4234876;1472;314;2356;2369;7.37;0.45;217.67;3.15;884;4;775.00;13
1472;4;4234886;1472;318;2358;2369;7.36;0.45;217.67;3.20;886;4;776.00;11
1474;4;4234896;1474;318;2358;2369;7.31;0.44;217.58;3.20;884;4;777.00;11
1476;4;4234907;1476;322;2364;2375;7.34;0.45;217.44;3.22;888;4;778.00;11
1477;4;4234920;1477;328;2364;2375;7.28;0.44;217.49;3.22;887;4;779.00;11
1479;4;4234933;1479;330;2364;2375;7.22;0.44;217.51;3.22;885;4;780.00;11
1480;4;4234944;1480;339;2365;2375;7.12;0.43;217.46;3.24;885;4;781.00;10
1482;4;4234956;1482;341;2370;2379;7.06;0.43;217.23;3.29;888;4;782.00;9
1485;4;4234968;1485;340;2371;2380;7.04;0.43;217.06;3.29;886;4;783.00;9
1489;4;4234978;1489;343;2372;2380;6.97;0.42;216.82;3.31;883;4;784.00;8
1491;4;4234988;1491;346;2374;2381;6.90;0.42;216.59;3.34;883;4;785.00;7
1491;4;4234998;1491;348;2374;2381;6.92;0.42;216.59;3.34;883;4;786.00;7
1492;4;4235008;1492;356;2375;2381;6.88;0.42;216.56;3.36;883;4;787.00;6
1496;4;4235018;1496;356;2376;2381;6.85;0.42;216.35;3.39;880;4;788.00;5
1496;4;4235028;1496;359;2377;2381;6.85;0.42;216.35;3.40;881;4;789.00;4
1498;4;4235038;1498;364;2378;2381;6.76;0.41;216.20;3.41;880;4;790.00;3
1500;4;4235048;1500;367;2380;2381;6.72;0.41;216.01;3.42;880;4;791.00;1
1500;4;4235058;1500;375;2414;2451;6.89;0.42;216.01;3.37;914;4;792.00;37
1502;4;4235073;1502;379;2419;2452;6.80;0.42;215.86;3.37;917;4;793.00;33
1503;4;4235084;1503;380;2427;2452;6.82;0.42;215.87;3.36;924;4;794.00;25
1503;4;4235094;1503;385;2432;2452;6.76;0.41;215.87;3.36;929;4;795.00;20
1504;4;4235104;1504;388;2437;2452;6.66;0.41;215.87;3.37;933;4;796.00;15
1504;4;4235113;1504;393;2439;2452;6.64;0.41;215.87;3.37;935;4;797.00;13
1507;4;4235123;1507;396;2441;2452;6.59;0.40;215.88;3.37;934;4;798.00;11
1508;4;4235132;1508;393;2443;2452;6.52;0.40;215.88;3.37;935;4;799.00;9
1508;4;4235147;1508;396;2445;2453;6.48;0.40;215.88;3.38;937;4;800.00;8
1509;4;4235160;1509;402;2450;2454;6.40;0.39;215.75;3.38;941;4;801.00;4
1510;4;4235170;1510;388;2452;2454;6.39;0.39;215.69;3.39;942;4;802.00;2
1513;4;4235180;1513;385;2458;2458;6.34;0.39;215.52;3.39;945;4;803.00;0
1515;4;4235190;1515;384;2458;2458;6.36;0.39;215.30;3.39;943;4;804.00;0
1517;4;4235199;1517;380;2458;2458;6.39;0.39;215.37;3.39;941;4;805.00;0
1517;4;4235208;1517;379;2458;2458;6.41;0.39;215.37;3.39;941;4;806.00;0
1518;4;4235219;1518;378;2464;2464;6.46;0.40;215.56;3.38;946;4;807.00;0
1518;4;4235229;1518;378;2464;2464;6.45;0.40;215.56;3.38;946;4;808.00;0
1521;4;4235239;1521;368;2464;2464;6.47;0.40;215.57;3.38;943;4;809.00;0
1521;4;4235252;1521;369;2469;2470;6.50;0.40;215.57;3.38;948;4;810.00;1
1522;4;4235264;1522;362;2469;2470;6.55;0.40;215.62;3.38;947;4;811.00;1
1524;4;4235274;1524;367;2470;2470;6.57;0.40;215.55;3.37;946;4;812.00;0
1527;4;4235285;1527;360;2471;2471;6.55;0.40;215.56;3.37;944;4;813.00;0
1531;4;4235296;1531;362;2472;2472;6.52;0.40;215.50;3.37;941;4;814.00;0
1533;4;4235307;1533;365;2472;2472;6.52;0.40;215.29;3.37;939;4;815.00;0
1534;5;4235318;1534;362;2485;2485;6.48;0.40;215.31;3.36;951;5;816.00;0
1534;5;4235341;1534;365;2485;2485;6.45;0.39;215.31;3.36;951;5;817.00;0
1536;5;4235351;1536;361;2485;2485;6.45;0.39;215.28;3.36;949;5;818.00;0
1536;5;4235361;1536;359;2486;2486;6.46;0.39;215.28;3.35;950;5;819.00;0
1538;5;4235372;1538;350;2486;2486;6.44;0.39;215.08;3.35;948;5;820.00;0
1543;5;4235387;1543;345;2490;2490;6.42;0.39;215.06;3.35;947;5;821.00;0
1546;5;4235398;1546;353;2490;2490;6.34;0.39;215.24;3.35;944;5;822.00;0
1548;5;4235409;1548;347;2494;2494;6.29;0.38;215.37;3.35;946;5;823.00;0
1550;5;4235420;1550;351;2494;2494;6.23;0.38;215.42;3.35;944;5;824.00;0
1555;5;4235430;1555;333;2494;2494;6.11;0.37;215.88;3.35;939;5;825.00;0
1558;5;4235448;1558;328;2494;2494;6.03;0.37;215.99;3.35;936;5;826.00;0
1561;5;4235461;1561;320;2494;2494;5.95;0.36;216.04;3.35;933;5;827.00;0
1564;5;4235474;1564;312;2505;2506;5.95;0.36;215.98;3.33;941;5;828.00;1
1566;5;4235488;1566;311;2505;2506;5.99;0.37;216.14;3.33;939;5;829.00;1
1570;5;4235500;1570;311;2506;2506;6.03;0.37;215.91;3.33;936;5;830.00;0
1572;5;4235512;1572;311;2506;2506;6.15;0.37;215.94;3.33;934;5;831.00;0
1574;5;4235525;1574;298;2506;2506;6.25;0.38;215.95;3.33;932;5;832.00;0
1576;5;4235537;1576;283;2506;2506;6.36;0.39;216.25;3.33;930;5;833.00;0
1580;5;4235549;1580;281;2507;2507;6.46;0.39;216.37;3.33;927;5;834.00;0
1584;5;4235560;1584;274;2507;2507;6.50;0.40;216.69;3.33;923;5;835.00;0
1586;5;4235573;1586;267;2513;2513;6.66;0.41;216.67;3.32;927;5;836.00;0
1589;5;4235585;1589;255;2514;2514;6.73;0.41;216.72;3.32;925;5;837.00;0
1591;5;4235597;1591;258;2514;2514;6.80;0.41;216.96;3.32;923;5;838.00;0
1594;5;4235609;1594;250;2514;2514;6.87;0.42;217.00;3.32;920;5;839.00;0
1601;5;4235622;1601;250;2519;2519;6.86;0.42;217.35;3.32;918;5;840.00;0
1603;5;4235640;1603;246;2519;2519;6.94;0.42;217.68;3.32;916;5;841.00;0
1606;5;4235651;1606;247;2519;2519;7.04;0.43;217.89;3.32;913;5;842.00;0
1610;5;4235664;1610;247;2520;2520;7.10;0.43;218.41;3.32;910;5;843.00;0
1614;5;4235675;1614;244;2524;2524;7.11;0.43;218.84;3.31;910;5;844.00;0
1618;5;4235688;1618;242;2524;2524;7.14;0.43;218.96;3.31;906;5;845.00;0
1621;5;4235701;1621;241;2526;2527;7.20;0.44;219.15;3.31;905;5;846.00;1
1631;5;4235714;1631;235;2526;2527;7.19;0.44;219.60;3.31;895;5;847.00;1
1634;5;4235727;1634;240;2527;2527;7.28;0.44;219.80;3.31;893;5;848.00;0
1637;5;4235738;1637;237;2527;2527;7.29;0.44;220.16;3.31;890;5;849.00;0
1642;5;4235749;1642;234;2531;2531;7.36;0.45;220.37;3.31;889;5;850.00;0
1646;5;4235762;1646;231;2531;2531;7.35;0.45;220.61;3.31;885;5;851.00;0
1652;5;4235776;1652;234;2531;2531;7.32;0.44;220.97;3.31;879;5;852.00;0
1657;5;4235788;1657;234;2531;2531;7.35;0.45;221.42;3.31;874;5;853.00;0
1660;5;4235800;1660;238;2532;2532;7.35;0.45;221.74;3.30;872;5;854.00;0
1663;5;4235811;1663;233;2534;2534;7.38;0.45;221.91;3.30;871;5;855.00;0
1666;5;4235825;1666;234;2534;2534;7.41;0.45;222.37;3.30;868;5;856.00;0
1672;5;4235837;1672;233;2535;2535;7.39;0.45;222.74;3.30;863;5;857.00;0
1676;5;4235850;1676;235;2535;2535;7.44;0.45;223.22;3.30;859;5;858.00;0
1681;5;4235863;1681;232;2535;2535;7.41;0.45;223.51;3.30;854;5;859.00;0
1686;5;4235875;1686;232;2535;2535;7.41;0.45;223.70;3.30;849;5;860.00;0
1689;5;4235886;1689;231;2535;2535;7.41;0.45;224.17;3.30;846;5;861.00;0
1693;5;4235899;1693;231;2535;2535;7.43;0.45;224.03;3.30;842;5;862.00;0
1697;5;4235911;1697;235;2535;2535;7.41;0.45;224.41;3.30;838;5;863.00;0
1699;5;4235923;1699;265;2611;2662;7.62;0.47;224.57;3.21;912;5;864.00;51
1702;6;4235945;1702;256;2616;2663;7.69;0.48;225.03;3.20;914;6;865.00;47
1706;6;4235969;1706;251;2622;2663;7.72;0.48;225.50;3.20;916;6;866.00;41
1708;6;4235982;1708;248;2623;2663;7.73;0.48;225.61;3.20;915;6;867.00;40
1710;6;4235994;1710;251;2627;2663;7.76;0.48;226.11;3.20;917;6;868.00;36
1713;6;4236005;1713;258;2627;2663;7.78;0.48;226.50;3.20;914;6;869.00;36
1714;6;4236048;1714;266;2629;2663;7.75;0.48;226.57;3.20;915;6;870.00;34
1720;6;4236069;1720;268;2631;2663;7.70;0.47;227.34;3.21;911;6;871.00;32
1723;6;4236082;1723;262;2633;2664;7.69;0.47;227.77;3.21;910;6;872.00;31
1728;6;4236100;1728;257;2636;2665;7.69;0.47;228.29;3.22;908;6;873.00;29
1734;6;4236112;1734;254;2638;2665;7.64;0.47;228.95;3.22;904;6;874.00;27
1737;6;4236123;1737;256;2641;2666;7.59;0.47;229.14;3.23;904;6;875.00;25
1742;6;4236135;1742;256;2645;2666;7.53;0.46;229.61;3.24;903;6;876.00;21
1745;6;4236147;1745;259;2647;2666;7.49;0.46;229.86;3.25;902;6;877.00;19
1748;6;4236158;1748;261;2648;2666;7.49;0.46;230.11;3.25;900;6;878.00;18
1752;6;4236171;1752;276;2651;2670;7.53;0.46;230.29;3.25;899;6;879.00;19
1755;6;4236182;1755;280;2652;2670;7.53;0.46;230.36;3.25;897;6;880.00;18
1758;6;4236194;1758;271;2652;2670;7.62;0.47;230.85;3.25;894;6;881.00;18
1761;6;4236205;1761;261;2656;2673;7.69;0.47;231.18;3.27;895;6;882.00;17
1768;6;4236217;1768;256;2659;2673;7.69;0.47;231.31;3.29;891;6;883.00;14
1771;6;4236230;1771;253;2661;2673;7.73;0.47;231.46;3.30;890;6;884.00;12
1776;6;4236244;1776;243;2664;2677;7.78;0.48;231.46;3.30;888;6;885.00;13
1781;6;4236260;1781;245;2666;2678;7.83;0.48;231.61;3.31;885;6;886.00;12
1784;6;4236272;1784;251;2668;2678;7.93;0.48;231.78;3.31;884;6;887.00;10
1786;6;4236284;1786;255;2670;2682;7.97;0.49;231.92;3.31;884;6;888.00;12
1788;6;4236296;1788;257;2670;2682;8.05;0.49;232.11;3.31;882;6;889.00;12
1792;6;4236307;1792;261;2672;2682;8.08;0.49;232.27;3.33;880;6;890.00;10
1796;6;4236318;1796;263;2673;2683;8.12;0.49;232.70;3.33;877;6;891.00;10
1798;6;4236330;1798;258;2675;2683;8.15;0.50;232.85;3.35;877;6;892.00;8
1801;6;4236342;1801;250;2681;2689;8.15;0.50;233.22;3.35;880;6;893.00;8
1803;6;4236354;1803;245;2682;2689;8.18;0.50;233.25;3.35;879;6;894.00;7
1805;6;4236365;1805;237;2684;2690;8.17;0.50;233.41;3.36;879;6;895.00;6
1806;6;4236377;1806;235;2684;2690;8.21;0.50;233.44;3.36;878;6;896.00;6
1811;6;4236388;1811;237;2687;2690;8.14;0.49;233.84;3.37;876;6;897.00;3
1813;6;4236398;1813;240;2688;2690;8.16;0.49;234.02;3.38;875;6;898.00;2
1814;6;4236409;1814;241;2689;2690;8.16;0.50;233.99;3.38;875;6;899.00;1
1817;6;4236423;1817;244;2718;2736;8.18;0.50;234.09;3.35;901;6;900.00;18
1819;6;4236442;1819;249;2721;2736;8.19;0.50;234.26;3.34;902;6;901.00;15
1822;6;4236453;1822;252;2725;2736;8.21;0.50;234.31;3.34;903;6;902.00;11
1823;6;4236464;1823;251;2725;2736;8.24;0.50;234.44;3.34;902;6;903.00;11
1825;6;4236475;1825;251;2727;2736;8.18;0.50;234.35;3.34;902;6;904.00;9
1826;6;4236486;1826;249;2728;2736;8.13;0.49;234.48;3.34;902;6;905.00;8
1827;6;4236497;1827;255;2733;2740;8.00;0.49;234.50;3.34;906;6;906.00;7
1828;6;4236508;1828;257;2734;2740;7.86;0.48;234.59;3.34;906;6;907.00;6
1828;6;4236518;1828;261;2737;2744;7.80;0.48;234.59;3.34;909;6;908.00;7
1829;6;4236529;1829;269;2738;2745;7.74;0.47;234.59;3.34;909;6;909.00;7
1830;6;4236540;1830;271;2738;2745;7.68;0.47;234.57;3.34;908;6;910.00;7
1832;6;4236550;1832;274;2739;2745;7.61;0.46;234.47;3.34;907;6;911.00;6
1833;6;4236561;1833;285;2751;2758;7.54;0.46;234.49;3.33;918;6;912.00;7
1835;6;4236573;1835;286;2752;2758;7.45;0.45;234.52;3.33;917;6;913.00;6
1837;6;4236583;1837;292;2752;2758;7.42;0.45;234.78;3.33;915;6;914.00;6
1838;6;4236593;1838;299;2753;2759;7.41;0.45;234.86;3.33;915;6;915.00;6
1842;6;4236604;1842;293;2754;2760;7.35;0.45;235.02;3.33;912;6;916.00;6
1842;6;4236615;1842;293;2755;2760;7.34;0.44;235.02;3.33;913;6;917.00;5
1842;6;4236625;1842;292;2757;2763;7.40;0.45;235.02;3.33;915;6;918.00;6
1845;6;4236640;1845;289;2758;2763;7.36;0.45;234.88;3.34;913;6;919.00;5
1846;6;4236650;1846;289;2759;2763;7.41;0.45;234.90;3.34;913;6;920.00;4
1846;6;4236660;1846;284;2759;2763;7.42;0.45;234.90;3.34;913;6;921.00;4
1848;6;4236669;1848;278;2764;2769;7.41;0.45;234.87;3.33;916;6;922.00;5
1849;6;4236680;1849;276;2765;2769;7.42;0.45;234.81;3.34;916;6;923.00;4
1854;6;4236690;1854;267;2765;2769;7.37;0.45;234.96;3.34;911;6;924.00;4
1856;6;4236700;1856;275;2767;2769;7.32;0.45;234.96;3.35;911;6;925.00;2
1860;6;4236710;1860;273;2772;2773;7.22;0.44;235.00;3.35;912;6;926.00;1
1864;6;4236721;1864;274;2774;2774;7.17;0.44;234.82;3.35;910;6;927.00;0
1866;6;4236732;1866;277;2774;2774;7.13;0.43;234.66;3.35;908;6;928.00;0
1869;6;4236742;1869;273;2775;2775;7.11;0.43;234.46;3.35;906;6;929.00;0
1873;6;4236753;1873;274;2775;2775;7.01;0.43;234.23;3.35;902;6;930.00;0
1875;6;4236763;1875;277;2775;2775;7.02;0.43;234.39;3.35;900;6;931.00;0
1881;6;4236772;1881;280;2775;2775;6.94;0.42;234.21;3.35;894;6;932.00;0
1883;6;4236781;1883;276;2775;2775;6.93;0.42;234.21;3.35;892;6;933.00;0
1887;6;4236790;1887;277;2775;2775;6.90;0.42;234.37;3.35;888;6;934.00;0
1891;6;4236799;1891;281;2775;2775;6.88;0.42;234.44;3.35;884;6;935.00;0
1894;6;4236809;1894;293;2811;2845;7.07;0.43;234.31;3.31;917;6;936.00;34
1895;6;4236824;1895;292;2814;2846;7.04;0.43;234.38;3.31;919;6;937.00;32
1895;6;4236833;1895;292;2823;2846;7.07;0.43;234.38;3.30;928;6;938.00;23
1896;6;4236843;1896;297;2827;2846;7.07;0.43;234.40;3.30;931;6;939.00;19
1897;6;4236853;1897;298;2831;2846;7.03;0.43;234.32;3.30;934;6;940.00;15
1897;6;4236863;1897;303;2836;2846;7.00;0.43;234.32;3.31;939;6;941.00;10
1899;6;4236873;1899;302;2839;2846;6.95;0.42;234.26;3.31;940;6;942.00;7
1900;6;4236883;1900;309;2841;2846;6.96;0.42;234.26;3.31;941;6;943.00;5
1901;6;4236892;1901;306;2843;2847;6.97;0.42;234.14;3.31;942;6;944.00;4
1901;6;4236903;1901;312;2846;2849;6.97;0.42;234.14;3.31;945;6;945.00;3
1901;6;4236912;1901;315;2847;2849;7.00;0.43;234.14;3.32;946;6;946.00;2
1905;7;4236922;1905;316;2851;2853;6.92;0.42;234.00;3.32;946;7;947.00;2
1907;7;4236950;1907;313;2852;2853;6.82;0.41;233.92;3.32;945;7;948.00;1
1908;7;4236966;1908;301;2852;2853;6.76;0.41;233.99;3.32;944;7;949.00;1
1910;7;4236977;1910;295;2852;2853;6.75;0.41;233.94;3.32;942;7;950.00;1
1911;7;4236987;1911;293;2857;2859;6.77;0.41;234.00;3.31;946;7;951.00;2
1913;7;4236999;1913;292;2857;2859;6.74;0.41;233.96;3.31;944;7;952.00;2
1915;7;4237010;1915;297;2857;2859;6.77;0.41;233.88;3.31;942;7;953.00;2
1916;7;4237020;1916;293;2859;2862;6.81;0.41;233.87;3.31;943;7;954.00;3
1916;7;4237031;1916;298;2860;2862;6.84;0.42;233.87;3.31;944;7;955.00;2
1917;7;4237046;1917;306;2862;2862;6.91;0.42;233.87;3.31;945;7;956.00;0
1918;7;4237057;1918;311;2862;2863;6.91;0.42;233.87;3.31;944;7;957.00;1
1920;7;4237067;1920;311;2864;2864;6.97;0.42;233.96;3.31;944;7;958.00;0
1921;7;4237078;1921;310;2864;2864;7.02;0.43;233.89;3.31;943;7;959.00;0
1923;7;4237090;1923;325;2885;2890;7.08;0.43;233.89;3.29;962;7;960.00;5
1924;7;4237103;1924;324;2887;2890;7.14;0.44;233.79;3.29;963;7;961.00;3
1924;7;4237113;1924;324;2890;2890;7.15;0.44;233.79;3.28;966;7;962.00;0
1926;7;4237123;1926;328;2891;2891;7.11;0.43;233.75;3.28;965;7;963.00;0
1926;7;4237139;1926;331;2891;2891;7.07;0.43;233.75;3.28;965;7;964.00;0
1929;7;4237150;1929;331;2895;2895;7.05;0.43;233.61;3.28;966;7;965.00;0
1931;7;4237161;1931;333;2895;2895;7.00;0.43;233.60;3.28;964;7;966.00;0
1935;7;4237171;1935;331;2899;2899;6.97;0.43;233.59;3.28;964;7;967.00;0
1936;7;4237182;1936;336;2899;2899;6.94;0.42;233.57;3.28;963;7;968.00;0
1937;7;4237192;1937;332;2899;2899;6.90;0.42;233.50;3.28;962;7;969.00;0
1938;7;4237203;1938;334;2899;2899;6.88;0.42;233.57;3.28;961;7;970.00;0
1941;7;4237217;1941;336;2899;2899;6.75;0.41;233.52;3.28;958;7;971.00;0
1943;7;4237228;1943;331;2908;2911;6.68;0.41;233.53;3.27;965;7;972.00;3
1946;7;4237238;1946;335;2910;2911;6.65;0.41;233.34;3.27;964;7;973.00;1
1947;7;4237248;1947;327;2911;2911;6.62;0.41;233.49;3.26;964;7;974.00;0
1948;7;4237257;1948;327;2911;2911;6.63;0.41;233.50;3.26;963;7;975.00;0
1951;7;4237267;1951;320;2911;2911;6.55;0.40;233.37;3.26;960;7;976.00;0
1952;7;4237277;1952;317;2911;2911;6.51;0.40;233.37;3.26;959;7;977.00;0
1955;7;4237287;1955;316;2912;2912;6.44;0.39;233.45;3.26;957;7;978.00;0
1958;7;4237298;1958;319;2912;2912;6.40;0.39;233.82;3.26;954;7;979.00;0
1959;7;4237308;1959;317;2918;2918;6.45;0.40;233.79;3.26;959;7;980.00;0
1963;7;4237319;1963;320;2919;2919;6.39;0.39;233.74;3.26;956;7;981.00;0
1965;7;4237329;1965;317;2919;2919;6.39;0.39;233.88;3.26;954;7;982.00;0
1968;7;4237338;1968;317;2919;2919;6.35;0.39;233.87;3.26;951;7;983.00;0
1971;7;4237348;1971;318;2923;2923;6.31;0.39;233.97;3.25;952;7;984.00;0
1973;7;4237358;1973;312;2923;2923;6.29;0.39;233.97;3.25;950;7;985.00;0
1979;7;4237368;1979;313;2923;2923;6.18;0.38;234.25;3.25;944;7;986.00;0
1979;7;4237378;1979;313;2924;2924;6.16;0.38;234.25;3.25;945;7;987.00;0
1983;7;4237388;1983;315;2928;2928;6.13;0.37;234.13;3.25;945;7;988.00;0
1989;7;4237398;1989;316;2928;2928;6.07;0.37;234.20;3.25;939;7;989.00;0
1991;7;4237410;1991;300;2932;2934;6.12;0.37;234.34;3.25;941;7;990.00;2
1996;7;4237421;1996;299;2932;2934;6.14;0.37;234.42;3.25;936;7;991.00;2
1999;7;4237432;1999;285;2934;2934;6.19;0.38;234.51;3.24;935;7;992.00;0
2003;7;4237442;2003;276;2934;2934;6.24;0.38;234.65;3.24;931;7;993.00;0
2007;7;4237451;2007;281;2938;2938;6.33;0.38;234.88;3.24;931;7;994.00;0
2010;7;4237462;2010;276;2938;2938;6.39;0.39;234.96;3.24;928;7;995.00;0
2012;7;4237472;2012;270;2938;2938;6.42;0.39;235.10;3.24;926;7;996.00;0
2015;7;4237485;2015;263;2938;2938;6.49;0.39;235.10;3.24;923;7;997.00;0
2018;7;4237496;2018;252;2939;2939;6.61;0.40;235.20;3.24;921;7;998.00;0
2021;7;4237507;2021;244;2940;2940;6.73;0.41;235.39;3.24;919;7;999.00;0
2024;7;4237518;2024;239;2940;2940;6.81;0.41;235.38;3.24;916;7;1000.00;0
2026;7;4237532;2026;241;2941;2941;6.92;0.42;235.24;3.24;915;7;1001.00;0
2028;7;4237544;2028;240;2941;2941;7.04;0.43;235.47;3.24;913;7;1002.00;0
2031;7;4237557;2031;237;2941;2941;7.11;0.43;235.67;3.24;910;7;1003.00;0
2035;7;4237570;2035;238;2941;2941;7.13;0.43;235.89;3.24;906;7;1004.00;0
2039;7;4237582;2039;236;2941;2941;7.20;0.44;235.95;3.24;902;7;1005.00;0
2041;7;4237593;2041;229;2941;2941;7.22;0.44;236.17;3.24;900;7;1006.00;0
2045;7;4237604;2045;228;2941;2941;7.24;0.44;236.54;3.24;896;7;1007.00;0
2048;7;4237616;2048;240;3022;3068;7.46;0.46;236.57;3.15;974;7;1008.00;46
2051;7;4237637;2051;233;3027;3069;7.44;0.46;236.64;3.15;976;7;1009.00;42
2055;7;4237648;2055;236;3035;3069;7.45;0.46;237.03;3.15;980;7;1010.00;34
2058;7;4237660;2058;235;3037;3069;7.46;0.46;237.23;3.15;979;7;1011.00;32
2061;7;4237671;2061;237;3043;3069;7.44;0.46;237.52;3.15;982;7;1012.00;26
2065;7;4237683;2065;244;3043;3069;7.44;0.46;237.77;3.15;978;7;1013.00;26
2067;7;4237694;2067;249;3045;3069;7.40;0.45;237.89;3.15;978;7;1014.00;24
2071;7;4237706;2071;253;3046;3069;7.36;0.45;238.26;3.15;975;7;1015.00;23
2078;7;4237724;2078;262;3048;3070;7.32;0.45;238.44;3.15;970;7;1016.00;22
2082;7;4237737;2082;266;3053;3071;7.30;0.45;238.72;3.16;971;7;1017.00;18
2085;7;4237749;2085;269;3055;3071;7.26;0.44;239.09;3.17;970;7;1018.00;16
2089;7;4237761;2089;277;3058;3072;7.23;0.44;239.47;3.17;969;7;1019.00;14
2093;7;4237775;2093;279;3060;3072;7.19;0.44;239.92;3.18;967;7;1020.00;12
2097;7;4237786;2097;282;3061;3072;7.18;0.44;240.33;3.18;964;7;1021.00;11
2100;7;4237804;2100;286;3063;3072;7.14;0.44;240.39;3.19;963;7;1022.00;9
2103;7;4237815;2103;286;3067;3076;7.09;0.44;240.66;3.20;964;7;1023.00;9
2106;7;4237828;2106;285;3069;3076;7.06;0.43;240.77;3.20;963;7;1024.00;7
2109;7;4237839;2109;287;3071;3076;7.02;0.43;241.04;3.21;962;7;1025.00;5
2112;7;4237851;2112;289;3073;3079;6.97;0.43;241.33;3.22;961;7;1026.00;6
2118;7;4237863;2118;290;3075;3079;6.93;0.42;241.46;3.22;957;7;1027.00;4
2124;7;4237875;2124;290;3076;3079;6.87;0.42;241.78;3.22;952;7;1028.00;3
2126;7;4237888;2126;293;3081;3083;6.87;0.42;241.97;3.22;955;7;1029.00;2
2129;7;4237900;2129;292;3082;3084;6.86;0.42;242.09;3.22;953;7;1030.00;2
2130;7;4237913;2130;289;3084;3084;6.90;0.42;242.25;3.22;954;7;1031.00;0
2133;7;4237924;2133;297;3088;3088;6.86;0.42;242.34;3.22;955;7;1032.00;0
2139;7;4237937;2139;301;3088;3088;6.82;0.42;242.71;3.22;949;7;1033.00;0
2142;7;4237948;2142;313;3088;3088;6.80;0.42;243.17;3.22;946;7;1034.00;0
2144;7;4237959;2144;311;3090;3090;6.72;0.41;243.22;3.21;946;7;1035.00;0
2148;7;4237972;2148;319;3090;3090;6.65;0.41;243.41;3.21;942;7;1036.00;0
2152;7;4237984;2152;315;3096;3096;6.62;0.40;243.55;3.21;944;7;1037.00;0
2154;7;4237995;2154;306;3096;3096;6.66;0.41;243.60;3.21;942;7;1038.00;0
2157;7;4238012;2157;299;3097;3097;6.67;0.41;243.76;3.21;940;7;1039.00;0
2159;7;4238023;2159;310;3097;3097;6.74;0.41;243.90;3.21;938;7;1040.00;0
2162;7;4238035;2162;305;3097;3097;6.79;0.41;244.12;3.21;935;7;1041.00;0
2167;7;4238046;2167;303;3097;3097;6.82;0.42;244.36;3.21;930;7;1042.00;0
2169;7;4238057;2169;304;3097;3097;6.84;0.42;244.33;3.21;928;7;1043.00;0
2172;7;4238067;2172;303;3108;3109;6.93;0.42;244.73;3.20;936;7;1044.00;1
2176;7;4238084;2176;308;3108;3109;7.00;0.43;245.13;3.20;932;7;1045.00;1
2181;7;4238100;2181;301;3109;3109;7.08;0.43;245.34;3.20;928;7;1046.00;0
2183;7;4238112;2183;295;3109;3109;7.13;0.44;245.45;3.20;926;7;1047.00;0
2186;7;4238123;2186;293;3109;3109;7.21;0.44;245.59;3.20;923;7;1048.00;0
2188;7;4238134;2188;294;3109;3109;7.24;0.44;245.73;3.20;921;7;1049.00;0
2190;7;4238149;2190;292;3115;3115;7.23;0.44;245.74;3.19;925;7;1050.00;0
2194;7;4238160;2194;286;3115;3115;7.21;0.44;246.19;3.19;921;7;1051.00;0
2198;7;4238172;2198;287;3119;3119;7.22;0.44;246.44;3.19;921;7;1052.00;0
2200;7;4238184;2200;289;3120;3120;7.19;0.44;246.63;3.19;920;7;1053.00;0
2203;7;4238195;2203;293;3120;3120;7.18;0.44;246.72;3.19;917;7;1054.00;0
2205;7;4238207;2205;299;3120;3120;7.17;0.44;246.87;3.19;915;7;1055.00;0
2210;7;4238218;2210;304;3133;3133;7.14;0.43;247.07;3.18;923;7;1056.00;0
2213;7;4238230;2213;298;3133;3133;7.13;0.43;247.25;3.18;920;7;1057.00;0
2217;7;4238242;2217;295;3133;3133;7.10;0.43;247.38;3.18;916;7;1058.00;0
2218;7;4238254;2218;294;3134;3134;7.13;0.43;247.56;3.18;916;7;1059.00;0
2223;7;4238265;2223;296;3135;3135;7.10;0.43;247.95;3.17;912;7;1060.00;0
2225;7;4238276;2225;298;3135;3135;7.14;0.43;248.03;3.17;910;7;1061.00;0
2228;7;4238287;2228;301;3137;3138;7.15;0.43;248.19;3.17;909;7;1062.00;1
2230;7;4238298;2230;289;3137;3138;7.10;0.43;248.34;3.17;907;7;1063.00;1
2231;7;4238310;2231;296;3138;3138;7.07;0.43;248.46;3.17;907;7;1064.00;0
2231;7;4238320;2231;294;3138;3138;7.03;0.43;248.46;3.17;907;7;1065.00;0
2234;7;4238330;2234;292;3143;3144;6.97;0.42;248.46;3.17;909;7;1066.00;1
2237;7;4238341;2237;299;3143;3144;6.90;0.42;248.61;3.17;906;7;1067.00;1
2239;8;4238352;2239;303;3143;3144;6.87;0.42;248.59;3.17;904;8;1068.00;1
2244;8;4238373;2244;300;3144;3144;6.83;0.42;248.44;3.17;900;8;1069.00;0
2247;8;4238384;2247;303;3148;3148;6.81;0.41;248.39;3.17;901;8;1070.00;0
2248;8;4238394;2248;308;3149;3149;6.85;0.42;248.42;3.17;901;8;1071.00;0
2252;8;4238405;2252;311;3149;3149;6.82;0.41;248.21;3.17;897;8;1072.00;0
2254;8;4238415;2254;310;3150;3150;6.80;0.41;248.26;3.16;896;8;1073.00;0
2257;8;4238426;2257;310;3150;3150;6.68;0.41;248.29;3.16;893;8;1074.00;0
2258;8;4238435;2258;308;3150;3150;6.61;0.40;248.21;3.16;892;8;1075.00;0
2260;8;4238445;2260;309;3150;3150;6.56;0.40;248.20;3.16;890;8;1076.00;0
2262;8;4238455;2262;314;3150;3150;6.55;0.40;248.13;3.16;888;8;1077.00;0
2262;8;4238465;2262;318;3150;3150;6.57;0.40;248.13;3.16;888;8;1078.00;0
2266;8;4238474;2266;321;3150;3150;6.51;0.40;248.27;3.16;884;8;1079.00;0
2267;8;4238485;2267;346;3223;3275;6.52;0.40;248.19;3.09;956;8;1080.00;52
2269;8;4238504;2269;332;3225;3276;6.50;0.40;248.14;3.09;956;8;1081.00;51
2272;8;4238515;2272;321;3235;3276;6.52;0.40;248.32;3.09;963;8;1082.00;41
2273;8;4238525;2273;315;3238;3276;6.53;0.40;248.24;3.09;965;8;1083.00;38
2274;8;4238535;2274;315;3243;3276;6.59;0.41;248.29;3.09;969;8;1084.00;33
2278;8;4238546;2278;309;3244;3276;6.56;0.40;248.54;3.09;966;8;1085.00;32
2281;8;4238556;2281;309;3247;3276;6.60;0.40;248.58;3.09;966;8;1086.00;29
2284;8;4238566;2284;310;3252;3276;6.62;0.41;248.70;3.10;968;8;1087.00;24
2288;8;4238577;2288;312;3259;3277;6.64;0.41;249.04;3.11;971;8;1088.00;18
2289;8;4238587;2289;321;3263;3278;6.66;0.41;249.09;3.12;974;8;1089.00;15
2290;8;4238597;2290;324;3267;3278;6.66;0.41;249.11;3.13;977;8;1090.00;11
2293;8;4238607;2293;326;3273;3282;6.65;0.41;249.17;3.12;980;8;1091.00;9
2295;8;4238618;2295;327;3274;3282;6.63;0.40;249.26;3.13;979;8;1092.00;8
2295;8;4238628;2295;325;3274;3282;6.56;0.40;249.26;3.13;979;8;1093.00;8
2300;8;4238638;2300;318;3274;3282;6.48;0.39;249.30;3.13;974;8;1094.00;8
2300;8;4238648;2300;316;3278;3288;6.47;0.39;249.30;3.12;978;8;1095.00;10
2304;8;4238663;2304;293;3278;3288;6.39;0.39;249.10;3.12;974;8;1096.00;10
2306;8;4238674;2306;291;3279;3288;6.39;0.39;248.94;3.13;973;8;1097.00;9
2308;8;4238684;2308;286;3281;3291;6.43;0.39;248.90;3.12;973;8;1098.00;10
2311;8;4238695;2311;280;3281;3291;6.40;0.39;248.80;3.12;970;8;1099.00;10
2311;8;4238706;2311;273;3282;3291;6.47;0.39;248.80;3.13;971;8;1100.00;9
2311;8;4238721;2311;274;3284;3292;6.59;0.40;248.80;3.13;973;8;1101.00;8
2312;8;4238732;2312;268;3285;3293;6.73;0.41;248.82;3.13;973;8;1102.00;8
2316;8;4238748;2316;272;3286;3293;6.76;0.41;248.88;3.13;970;8;1103.00;7
2319;8;4238760;2319;275;3296;3306;6.84;0.42;248.78;3.12;977;8;1104.00;10
2322;8;4238771;2322;268;3299;3306;6.88;0.42;248.73;3.13;977;8;1105.00;7
2323;8;4238788;2323;271;3300;3306;6.99;0.42;248.64;3.13;977;8;1106.00;6
2324;8;4238798;2324;268;3301;3307;7.05;0.43;248.63;3.13;977;8;1107.00;6
2324;8;4238809;2324;265;3303;3307;7.10;0.43;248.63;3.14;979;8;1108.00;4
2324;8;4238820;2324;263;3306;3311;7.17;0.44;248.63;3.14;982;8;1109.00;5
2325;9;4238833;2325;266;3306;3311;7.19;0.44;248.62;3.14;981;9;1110.00;5
2325;9;4238855;2325;259;3310;3315;7.21;0.44;248.62;3.14;985;9;1111.00;5
2327;10;4238866;2327;259;3310;3315;7.27;0.44;248.73;3.14;983;10;1112.00;5
2328;11;4238892;2328;259;3310;3315;7.32;0.44;248.85;3.14;982;11;1113.00;5
2328;11;4238910;2328;256;3310;3315;7.34;0.45;248.85;3.14;982;11;1114.00;5
2331;11;4238920;2331;258;3310;3315;7.37;0.45;248.76;3.14;979;11;1115.00;5
2332;11;4238931;2332;257;3320;3327;7.44;0.45;248.79;3.13;988;11;1116.00;7
2332;11;4238943;2332;249;3321;3327;7.47;0.45;248.79;3.13;989;11;1117.00;6
2335;11;4238960;2335;255;3321;3327;7.42;0.45;248.85;3.13;986;11;1118.00;6
2336;11;4238980;2336;251;3321;3327;7.41;0.45;248.97;3.13;985;11;1119.00;6
2341;11;4238990;2341;252;3322;3327;7.38;0.45;249.16;3.13;981;11;1120.00;5
2341;11;4239001;2341;255;3323;3327;7.35;0.45;249.16;3.14;982;11;1121.00;4
2343;11;4239012;2343;257;3323;3328;7.32;0.44;249.52;3.14;980;11;1122.00;5
2345;11;4239022;2345;260;3325;3328;7.31;0.44;249.69;3.14;980;11;1123.00;3
2348;11;4239038;2348;264;3330;3334;7.36;0.45;249.71;3.13;982;11;1124.00;4
2349;11;4239050;2349;274;3332;3336;7.36;0.45;249.62;3.13;983;11;1125.00;4
2353;11;4239061;2353;276;3333;3336;7.32;0.45;249.84;3.13;980;11;1126.00;3
2357;11;4239072;2357;272;3333;3336;7.25;0.44;249.82;3.13;976;11;1127.00;3
2359;11;4239083;2359;272;3337;3340;7.31;0.45;249.91;3.13;978;11;1128.00;3
2362;11;4239094;2362;274;3337;3340;7.22;0.44;250.12;3.13;975;11;1129.00;3
2366;11;4239104;2366;278;3337;3340;7.18;0.44;250.60;3.13;971;11;1130.00;3
2368;11;4239115;2368;281;3338;3341;7.20;0.44;250.84;3.13;970;12;1131.00;3
2371;11;4239133;2371;277;3342;3345;7.16;0.44;250.91;3.12;971;12;1132.00;3
2373;11;4239145;2373;275;3342;3345;7.19;0.44;250.92;3.12;969;12;1133.00;3
2376;11;4239155;2376;279;3344;3348;7.21;0.44;251.06;3.12;968;12;1134.00;4
2380;11;4239166;2380;276;3345;3348;7.15;0.44;251.20;3.12;965;12;1135.00;3
2381;11;4239176;2381;279;3345;3348;7.13;0.44;251.33;3.12;964;12;1136.00;3
2385;11;4239186;2385;277;3345;3348;7.09;0.43;251.35;3.12;960;13;1137.00;3
2390;11;4239205;2390;277;3349;3352;7.05;0.43;251.39;3.12;959;13;1138.00;3
2392;11;4239215;2392;272;3349;3352;6.99;0.43;251.50;3.12;957;13;1139.00;3
2394;11;4239227;2394;269;3349;3352;6.94;0.42;251.51;3.12;955;13;1140.00;3
2395;11;4239238;2395;269;3349;3352;6.91;0.42;251.51;3.12;954;13;1141.00;3
2396;11;4239255;2396;270;3350;3353;6.90;0.42;251.55;3.12;954;13;1142.00;3
2396;11;4239266;2396;265;3351;3354;6.94;0.43;251.55;3.12;955;13;1143.00;3
2398;11;4239277;2398;264;3351;3354;6.96;0.43;251.70;3.12;953;13;1144.00;3
2398;11;4239287;2398;270;3352;3355;7.03;0.43;251.70;3.12;954;13;1145.00;3
2400;11;4239297;2400;271;3352;3355;7.05;0.43;251.63;3.12;952;13;1146.00;3
2404;11;4239307;2404;267;3352;3355;7.07;0.43;251.58;3.12;948;13;1147.00;3
2404;11;4239317;2404;271;3352;3355;7.07;0.43;251.58;3.12;948;13;1148.00;3
2411;11;4239328;2411;266;3352;3355;7.04;0.43;251.57;3.12;941;13;1149.00;3
2413;11;4239338;2413;271;3352;3355;7.04;0.43;251.67;3.12;939;13;1150.00;3
2415;11;4239349;2415;264;3352;3355;7.05;0.43;251.56;3.12;937;13;1151.00;3
2415;11;4239359;2415;291;3428;3482;7.27;0.45;251.56;3.05;1013;13;1152.00;54
2421;11;4239378;2421;284;3432;3483;7.21;0.45;251.84;3.05;1011;13;1153.00;51
2426;11;4239389;2426;280;3438;3483;7.26;0.45;252.00;3.04;1012;13;1154.00;45
2431;11;4239399;2431;265;3444;3483;7.32;0.45;251.88;3.04;1013;13;1155.00;39
2438;11;4239410;2438;258;3448;3483;7.30;0.45;252.09;3.05;1010;13;1156.00;35
2439;11;4239421;2439;259;3449;3483;7.33;0.45;252.01;3.05;1010;13;1157.00;34
2444;11;4239431;2444;251;3451;3483;7.34;0.45;252.05;3.05;1007;13;1158.00;32
2446;11;4239442;2446;251;3454;3483;7.35;0.45;252.11;3.05;1008;13;1159.00;29
2448;11;4239457;2448;253;3456;3484;7.44;0.46;252.27;3.05;1008;13;1160.00;28
2451;11;4239468;2451;259;3458;3485;7.45;0.46;252.32;3.06;1007;13;1161.00;27
2455;11;4239479;2455;257;3460;3485;7.44;0.46;252.44;3.06;1005;13;1162.00;25
2461;11;4239490;2461;261;3463;3486;7.36;0.45;252.86;3.07;1002;13;1163.00;23
2465;11;4239502;2465;268;3465;3486;7.29;0.45;253.07;3.07;1000;13;1164.00;21
2468;11;4239513;2468;272;3470;3486;7.29;0.45;253.28;3.09;1002;13;1165.00;16
2473;11;4239524;2473;274;3471;3486;7.24;0.45;253.50;3.09;998;13;1166.00;15
2477;11;4239536;2477;281;3476;3490;7.15;0.44;253.72;3.09;999;13;1167.00;14
2482;11;4239547;2482;283;3478;3490;7.02;0.43;254.11;3.10;996;13;1168.00;12
2488;11;4239559;2488;286;3479;3490;6.94;0.43;254.10;3.10;991;13;1169.00;11
2493;11;4239572;2493;292;3484;3496;6.92;0.42;254.38;3.10;991;13;1170.00;12
2496;11;4239584;2496;296;3485;3496;6.91;0.42;254.69;3.11;989;13;1171.00;11
2499;11;4239595;2499;300;3486;3496;6.93;0.43;254.75;3.11;987;13;1172.00;10
2503;11;4239606;2503;302;3492;3500;6.89;0.42;255.12;3.12;989;13;1173.00;8
2506;11;4239618;2506;304;3494;3501;6.89;0.42;255.21;3.12;988;13;1174.00;7
2511;11;4239629;2511;309;3495;3501;6.89;0.42;255.14;3.12;984;13;1175.00;6
2515;11;4239640;2515;306;3499;3505;6.92;0.42;255.23;3.12;984;13;1176.00;6
2518;11;4239652;2518;313;3500;3505;6.89;0.42;255.39;3.12;982;13;1177.00;5
2522;11;4239662;2522;311;3500;3505;6.92;0.42;255.69;3.12;978;13;1178.00;5
2525;11;4239674;2525;314;3501;3506;6.94;0.42;255.86;3.12;976;13;1179.00;5
2529;11;4239685;2529;320;3501;3506;6.93;0.42;256.15;3.12;972;13;1180.00;5
2535;11;4239696;2535;320;3507;3512;6.88;0.42;256.45;3.11;972;13;1181.00;5
2536;11;4239708;2536;321;3507;3512;6.84;0.42;256.59;3.11;971;13;1182.00;5
2541;11;4239719;2541;321;3509;3513;6.76;0.41;256.79;3.14;968;13;1183.00;4
2544;11;4239731;2544;325;3509;3513;6.68;0.41;256.88;3.14;965;13;1184.00;4
2547;11;4239742;2547;334;3509;3513;6.64;0.41;257.17;3.14;962;13;1185.00;4
2553;11;4239752;2553;333;3509;3513;6.59;0.40;257.40;3.14;956;13;1186.00;4
2554;11;4239763;2554;332;3509;3513;6.58;0.40;257.42;3.14;955;13;1187.00;4
2559;11;4239773;2559;336;3519;3525;6.61;0.40;257.58;3.13;960;13;1188.00;6
2563;11;4239785;2563;338;3519;3525;6.60;0.41;257.84;3.13;956;13;1189.00;6
2564;11;4239795;2564;348;3521;3525;6.59;0.41;257.83;3.13;957;13;1190.00;4
2573;11;4239805;2573;352;3521;3525;6.51;0.40;257.95;3.13;948;13;1191.00;4
2576;11;4239816;2576;361;3521;3525;6.51;0.40;258.07;3.13;945;13;1192.00;4
2579;11;4239827;2579;365;3521;3525;6.46;0.40;258.19;3.13;942;13;1193.00;4
2585;11;4239838;2585;366;3526;3529;6.40;0.39;258.53;3.16;941;13;1194.00;3
2591;11;4239849;2591;369;3526;3529;6.32;0.39;258.81;3.16;935;13;1195.00;3
2596;11;4239860;2596;375;3530;3533;6.28;0.39;258.97;3.16;934;13;1196.00;3
2600;11;4239876;2600;381;3532;3534;6.20;0.38;259.12;3.19;932;13;1197.00;2
2603;11;4239887;2603;380;3532;3534;6.13;0.38;259.23;3.19;929;13;1198.00;2
2604;11;4239897;2604;389;3532;3534;6.06;0.37;259.36;3.19;928;13;1199.00;2
2607;11;4239910;2607;404;3557;3575;6.15;0.38;259.44;3.17;950;13;1200.00;18
2607;11;4239930;2607;408;3558;3575;6.09;0.38;259.44;3.17;951;13;1201.00;17
2610;11;4239941;2610;399;3561;3575;6.10;0.38;259.73;3.18;951;13;1202.00;14
2612;11;4239952;2612;395;3563;3576;6.10;0.38;259.94;3.19;951;13;1203.00;13
2615;11;4239962;2615;401;3566;3577;6.09;0.38;259.91;3.19;951;13;1204.00;11
2616;11;4239974;2616;401;3567;3577;6.12;0.38;259.92;3.19;951;13;1205.00;10
2619;11;4239993;2619;407;3571;3580;6.15;0.38;260.20;3.19;952;13;1206.00;9
2620;11;4240004;2620;407;3573;3580;6.19;0.38;260.26;3.19;953;13;1207.00;7
2625;11;4240016;2625;413;3574;3580;6.14;0.38;260.21;3.19;949;13;1208.00;6
2627;11;4240027;2627;420;3576;3580;6.08;0.37;260.24;3.20;949;13;1209.00;4
2629;11;4240039;2629;422;3582;3586;6.04;0.37;260.24;3.19;953;13;1210.00;4
2632;11;4240050;2632;409;3582;3586;6.04;0.37;260.19;3.19;950;13;1211.00;4
2636;11;4240061;2636;403;3582;3586;5.98;0.37;260.22;3.19;946;13;1212.00;4
2637;11;4240074;2637;397;3582;3586;5.99;0.37;260.34;3.19;945;13;1213.00;4
2640;11;4240085;2640;391;3586;3590;5.98;0.37;260.59;3.19;946;13;1214.00;4
2643;11;4240096;2643;388;3589;3592;5.98;0.37;260.57;3.19;946;13;1215.00;3
2645;11;4240108;2645;387;3589;3592;5.95;0.37;260.55;3.19;944;13;1216.00;3
2647;11;4240119;2647;383;3590;3593;5.94;0.37;260.63;3.19;943;13;1217.00;3
2649;11;4240130;2649;386;3590;3593;5.93;0.37;260.61;3.19;941;13;1218.00;3
2651;11;4240141;2651;391;3590;3593;5.93;0.37;260.58;3.19;939;13;1219.00;3
2654;11;4240152;2654;396;3591;3593;5.92;0.37;260.70;3.20;937;13;1220.00;2
2656;11;4240162;2656;393;3591;3593;5.90;0.36;260.54;3.20;935;13;1221.00;2
2656;11;4240173;2656;388;3591;3593;5.96;0.37;260.54;3.20;935;13;1222.00;2
2661;11;4240184;2661;391;3591;3593;5.96;0.37;260.49;3.20;930;13;1223.00;2
2663;11;4240194;2663;408;3633;3663;6.04;0.37;260.52;3.16;970;13;1224.00;30
2667;11;4240210;2667;397;3635;3664;6.07;0.38;260.63;3.16;968;13;1225.00;29
2669;11;4240222;2669;394;3642;3664;6.20;0.38;260.66;3.16;973;13;1226.00;22
2671;11;4240232;2671;395;3643;3664;6.22;0.38;260.69;3.16;972;13;1227.00;21
2671;11;4240242;2671;399;3647;3666;6.29;0.39;260.69;3.16;976;13;1228.00;19
2675;11;4240253;2675;405;3647;3666;6.30;0.39;260.67;3.16;972;13;1229.00;19
2680;11;4240265;2680;402;3649;3666;6.26;0.39;260.57;3.16;969;13;1230.00;17
2687;11;4240276;2687;408;3654;3666;6.19;0.38;260.48;3.18;967;13;1231.00;12
2687;11;4240287;2687;407;3655;3667;6.19;0.38;260.48;3.18;968;13;1232.00;12
2687;11;4240298;2687;411;3660;3668;6.24;0.38;260.48;3.18;973;13;1233.00;8
2691;11;4240309;2691;412;3662;3668;6.22;0.38;260.57;3.19;971;13;1234.00;6
2693;11;4240319;2693;410;3668;3672;6.21;0.38;260.52;3.19;975;13;1235.00;4
2695;11;4240330;2695;421;3670;3672;6.20;0.38;260.54;3.19;975;13;1236.00;2
2695;11;4240341;2695;422;3672;3672;6.17;0.38;260.54;3.19;977;13;1237.00;0
2700;11;4240351;2700;423;3672;3672;6.11;0.37;260.55;3.19;972;13;1238.00;0
2704;11;4240361;2704;426;3677;3678;6.07;0.37;260.59;3.19;973;13;1239.00;1
2706;11;4240372;2706;426;3677;3678;6.06;0.37;260.64;3.19;971;13;1240.00;1
2708;11;4240382;2708;428;3677;3678;6.03;0.37;260.58;3.19;969;13;1241.00;1
2711;11;4240392;2711;431;3679;3681;6.06;0.37;260.64;3.19;968;13;1242.00;2
2711;11;4240402;2711;417;3679;3681;6.09;0.37;260.64;3.19;968;13;1243.00;2
2714;11;4240412;2714;401;3680;3681;6.12;0.37;260.56;3.19;966;13;1244.00;1
2714;11;4240423;2714;393;3681;3682;6.16;0.38;260.56;3.19;967;13;1245.00;1
2717;11;4240433;2717;382;3682;3683;6.21;0.38;260.61;3.19;965;13;1246.00;1
2719;11;4240445;2719;367;3682;3683;6.30;0.38;260.54;3.19;963;13;1247.00;1
2720;11;4240456;2720;363;3693;3696;6.38;0.39;260.57;3.18;973;13;1248.00;3
2721;11;4240467;2721;348;3693;3696;6.46;0.39;260.49;3.18;972;13;1249.00;3
2723;11;4240488;2723;339;3693;3696;6.53;0.40;260.54;3.18;970;13;1250.00;3
2725;11;4240499;2725;331;3694;3697;6.59;0.40;260.55;3.18;969;13;1251.00;3
2729;11;4240510;2729;319;3696;3697;6.61;0.40;260.62;3.18;967;13;1252.00;1
2729;11;4240521;2729;310;3699;3701;6.73;0.41;260.62;3.18;970;13;1253.00;2
2730;11;4240538;2730;303;3699;3701;6.89;0.42;260.71;3.18;969;13;1254.00;2
2732;11;4240548;2732;301;3703;3705;6.98;0.42;260.92;3.18;971;13;1255.00;2
2734;11;4240559;2734;288;3703;3705;7.10;0.43;261.06;3.18;969;13;1256.00;2
2736;11;4240570;2736;284;3703;3705;7.17;0.43;261.24;3.18;967;13;1257.00;2
2738;11;4240580;2738;277;3703;3705;7.24;0.44;261.16;3.18;965;13;1258.00;2
2740;11;4240592;2740;272;3703;3705;7.28;0.44;261.07;3.18;963;13;1259.00;2
2742;11;4240604;2742;269;3728;3739;7.34;0.45;261.01;3.16;986;13;1260.00;11
2742;11;4240618;2742;264;3729;3739;7.39;0.45;261.01;3.16;987;13;1261.00;10
2745;11;4240628;2745;260;3730;3739;7.43;0.45;260.87;3.16;985;13;1262.00;9
2746;11;4240639;2746;260;3732;3739;7.47;0.45;261.02;3.16;986;13;1263.00;7
2747;12;4240650;2747;255;3735;3739;7.54;0.46;261.01;3.16;988;14;1264.00;4
2750;12;4240686;2750;254;3735;3739;7.59;0.46;261.05;3.16;985;14;1265.00;4
2751;12;4240697;2751;253;3736;3740;7.61;0.46;261.09;3.16;985;14;1266.00;4
2753;12;4240709;2753;256;3736;3740;7.64;0.46;260.98;3.16;983;14;1267.00;4
2754;12;4240719;2754;253;3741;3746;7.73;0.47;261.08;3.16;987;14;1268.00;5
2760;12;4240733;2760;249;3743;3747;7.69;0.46;261.08;3.16;983;14;1269.00;4
2762;12;4240744;2762;250;3744;3747;7.63;0.46;261.36;3.16;982;14;1270.00;3
2764;12;4240755;2764;243;3745;3747;7.61;0.46;261.23;3.16;981;14;1271.00;2
2765;12;4240766;2765;246;3749;3751;7.63;0.46;261.28;3.16;984;14;1272.00;2
2767;12;4240777;2767;245;3749;3751;7.60;0.46;261.26;3.16;982;14;1273.00;2
2769;12;4240788;2769;237;3749;3751;7.57;0.46;261.49;3.16;980;14;1274.00;2
2770;12;4240798;2770;243;3750;3752;7.59;0.46;261.63;3.16;980;14;1275.00;2
2771;12;4240809;2771;241;3753;3756;7.60;0.46;261.76;3.16;982;14;1276.00;3
2774;12;4240820;2774;239;3753;3756;7.61;0.46;261.98;3.16;979;14;1277.00;3
2775;12;4240832;2775;241;3755;3759;7.69;0.47;261.97;3.16;980;14;1278.00;4
2780;13;4240843;2780;239;3756;3759;7.72;0.47;262.35;3.16;976;15;1279.00;3
2783;13;4240865;2783;239;3756;3759;7.75;0.47;262.42;3.16;973;15;1280.00;3
2787;13;4240876;2787;237;3757;3759;7.76;0.47;262.71;3.16;970;15;1281.00;2
2790;13;4240887;2790;234;3761;3763;7.86;0.48;263.16;3.16;971;15;1282.00;2
2793;13;4240899;2793;236;3761;3763;7.89;0.48;263.28;3.16;968;15;1283.00;2
2799;13;4240910;2799;235;3761;3763;7.89;0.48;263.26;3.16;962;15;1284.00;2
2801;13;4240921;2801;234;3762;3763;7.95;0.48;263.35;3.16;961;15;1285.00;1
2803;13;4240932;2803;231;3762;3764;7.92;0.48;263.40;3.16;959;15;1286.00;2
2805;13;4240943;2805;236;3763;3765;7.90;0.48;263.68;3.16;958;15;1287.00;2
2807;13;4240959;2807;235;3765;3765;7.87;0.48;263.68;3.16;958;15;1288.00;0
2807;13;4240970;2807;240;3766;3766;7.84;0.47;263.68;3.16;959;15;1289.00;0
2808;13;4240982;2808;239;3766;3766;7.81;0.47;263.64;3.16;958;15;1290.00;0
2809;13;4240993;2809;239;3766;3766;7.78;0.47;263.63;3.16;957;15;1291.00;0
2811;13;4241003;2811;239;3766;3766;7.74;0.47;263.62;3.16;955;15;1292.00;0
2814;13;4241014;2814;240;3766;3766;7.71;0.47;263.71;3.16;952;15;1293.00;0
2815;13;4241024;2815;242;3766;3766;7.60;0.46;263.68;3.16;951;15;1294.00;0
2818;13;4241035;2818;241;3766;3766;7.51;0.46;263.69;3.16;948;15;1295.00;0
2820;13;4241045;2820;267;3841;3893;7.61;0.47;263.84;3.10;1021;15;1296.00;52
2820;13;4241084;2820;258;3845;3894;7.61;0.47;263.84;3.10;1025;15;1297.00;49
2825;13;4241100;2825;252;3851;3894;7.67;0.47;263.87;3.10;1026;15;1298.00;43
2827;13;4241113;2827;250;3857;3894;7.68;0.47;263.88;3.10;1030;15;1299.00;37
2828;13;4241125;2828;248;3861;3894;7.67;0.47;263.91;3.10;1033;15;1300.00;33
2830;13;4241139;2830;249;3862;3894;7.62;0.47;263.96;3.10;1032;15;1301.00;32
2833;13;4241151;2833;252;3864;3894;7.54;0.46;264.02;3.10;1031;15;1302.00;30
2833;13;4241162;2833;253;3865;3894;7.54;0.46;264.02;3.10;1032;15;1303.00;29
2836;13;4241172;2836;248;3868;3895;7.48;0.46;264.12;3.10;1032;15;1304.00;27
2839;13;4241184;2839;247;3872;3897;7.44;0.46;264.20;3.11;1033;15;1305.00;25
2843;13;4241201;2843;248;3875;3897;7.51;0.46;264.29;3.11;1032;15;1306.00;22
2847;13;4241214;2847;252;3879;3898;7.48;0.46;264.27;3.12;1032;15;1307.00;19
2850;13;4241226;2850;253;3883;3898;7.49;0.46;264.40;3.13;1033;15;1308.00;15
2851;13;4241238;2851;256;3886;3898;7.50;0.46;264.39;3.14;1035;15;1309.00;12
2855;13;4241249;2855;257;3888;3898;7.42;0.46;264.48;3.14;1033;15;1310.00;10
2858;13;4241267;2858;259;3894;3902;7.40;0.45;264.53;3.15;1036;15;1311.00;8
2860;13;4241278;2860;265;3895;3902;7.31;0.45;264.54;3.15;1035;15;1312.00;7
2863;13;4241290;2863;275;3896;3902;7.26;0.45;264.64;3.15;1033;15;1313.00;6
2865;13;4241301;2865;273;3899;3905;7.23;0.44;264.64;3.16;1034;15;1314.00;6
2868;13;4241312;2868;274;3900;3905;7.15;0.44;264.80;3.16;1032;15;1315.00;5
2870;13;4241324;2870;286;3901;3905;7.10;0.44;264.95;3.16;1031;15;1316.00;4
2874;13;4241335;2874;288;3905;3909;6.98;0.43;265.18;3.16;1031;15;1317.00;4
2877;13;4241347;2877;285;3907;3910;6.88;0.42;265.26;3.16;1030;15;1318.00;3
2883;13;4241358;2883;289;3908;3910;6.78;0.42;265.28;3.17;1025;15;1319.00;2
2888;13;4241371;2888;277;3913;3915;6.69;0.41;265.37;3.17;1025;15;1320.00;2
2894;13;4241383;2894;267;3915;3915;6.54;0.40;265.49;3.17;1021;15;1321.00;0
2901;13;4241394;2901;253;3915;3915;6.39;0.39;265.65;3.17;1014;15;1322.00;0
2905;13;4241405;2905;256;3916;3916;6.35;0.39;265.89;3.17;1011;15;1323.00;0
2908;13;4241415;2908;252;3916;3916;6.35;0.39;266.06;3.17;1008;15;1324.00;0
2913;13;4241426;2913;245;3922;3922;6.38;0.39;266.28;3.16;1009;15;1325.00;0
2916;13;4241437;2916;245;3922;3922;6.37;0.39;266.36;3.16;1006;15;1326.00;0
2920;13;4241453;2920;241;3923;3923;6.34;0.39;266.78;3.16;1003;15;1327.00;0
2923;13;4241464;2923;243;3923;3923;6.33;0.39;266.92;3.16;1000;15;1328.00;0
2926;13;4241477;2926;244;3923;3923;6.40;0.39;267.11;3.16;997;15;1329.00;0
2931;13;4241487;2931;245;3923;3923;6.41;0.39;267.36;3.16;992;15;1330.00;0
2935;13;4241498;2935;249;3923;3923;6.42;0.40;267.46;3.16;988;15;1331.00;0
2936;13;4241508;2936;261;3935;3935;6.49;0.40;267.45;3.15;999;15;1332.00;0
2940;13;4241519;2940;266;3935;3935;6.47;0.40;267.64;3.15;995;15;1333.00;0
2943;13;4241530;2943;274;3935;3935;6.50;0.40;267.78;3.15;992;15;1334.00;0
2946;13;4241540;2946;273;3935;3935;6.54;0.40;267.91;3.15;989;15;1335.00;0
2951;13;4241551;2951;281;3935;3935;6.58;0.41;268.15;3.15;984;15;1336.00;0
2955;13;4241561;2955;282;3935;3935;6.58;0.41;268.04;3.15;980;15;1337.00;0
2961;13;4241572;2961;289;3939;3939;6.57;0.41;268.39;3.15;978;15;1338.00;0
2964;13;4241583;2964;293;3939;3939;6.59;0.41;268.53;3.15;975;15;1339.00;0
2968;13;4241594;2968;299;3943;3943;6.63;0.41;268.59;3.15;975;15;1340.00;0
2976;13;4241605;2976;296;3944;3944;6.58;0.41;268.74;3.15;968;15;1341.00;0
2981;13;4241617;2981;301;3944;3944;6.57;0.40;269.00;3.15;963;15;1342.00;0
2985;13;4241628;2985;310;3944;3944;6.55;0.40;269.08;3.15;959;15;1343.00;0
2989;13;4241638;2989;311;3957;3957;6.62;0.41;268.98;3.14;968;15;1344.00;0
2992;13;4241650;2992;319;3957;3957;6.58;0.40;269.09;3.14;965;15;1345.00;0
2996;13;4241661;2996;323;3957;3957;6.59;0.40;269.19;3.14;961;15;1346.00;0
2998;13;4241671;2998;325;3958;3958;6.57;0.40;269.26;3.14;960;15;1347.00;0
3005;13;4241682;3005;330;3959;3959;6.52;0.40;269.51;3.14;954;15;1348.00;0
3011;13;4241693;3011;337;3959;3959;6.42;0.39;269.69;3.14;948;15;1349.00;0
3014;13;4241705;3014;351;3965;3968;6.42;0.39;269.67;3.13;951;15;1350.00;3
3017;13;4241717;3017;355;3965;3968;6.34;0.39;269.77;3.13;948;15;1351.00;3
3024;13;4241728;3024;361;3967;3968;6.19;0.38;269.75;3.13;943;15;1352.00;1
3026;13;4241739;3026;366;3968;3968;6.07;0.37;269.92;3.13;942;15;1353.00;0
3031;13;4241749;3031;370;3974;3974;5.96;0.37;270.09;3.13;943;15;1354.00;0
3034;13;4241760;3034;372;3974;3974;5.85;0.36;270.10;3.13;940;15;1355.00;0
3038;13;4241770;3038;376;3974;3974;5.82;0.36;270.21;3.13;936;15;1356.00;0
3045;13;4241780;3045;382;3974;3974;5.72;0.35;270.17;3.13;929;15;1357.00;0
3049;13;4241789;3049;387;3978;3978;5.67;0.35;270.17;3.13;929;15;1358.00;0
3052;13;4241799;3052;389;3979;3979;5.67;0.35;270.34;3.13;927;15;1359.00;0
3058;13;4241810;3058;400;3979;3979;5.61;0.34;270.35;3.13;921;15;1360.00;0
3060;13;4241820;3060;396;3980;3980;5.64;0.34;270.34;3.13;920;15;1361.00;0
3063;13;4241829;3063;405;3980;3980;5.55;0.34;270.48;3.13;917;15;1362.00;0
3068;13;4241838;3068;408;3980;3980;5.46;0.33;270.47;3.13;912;15;1363.00;0
3070;13;4241848;3070;407;3980;3980;5.39;0.33;270.59;3.13;910;15;1364.00;0
3076;13;4241857;3076;409;3980;3980;5.30;0.32;270.45;3.13;904;15;1365.00;0
3079;13;4241866;3079;414;3980;3980;5.27;0.32;270.50;3.13;901;15;1366.00;0
3082;13;4241876;3082;411;3980;3980;5.23;0.32;270.47;3.13;898;15;1367.00;0
3084;13;4241886;3084;416;4024;4050;5.44;0.33;270.48;3.09;940;15;1368.00;26
3085;13;4241902;3085;412;4026;4051;5.46;0.33;270.42;3.09;941;15;1369.00;25
3086;13;4241912;3086;412;4033;4051;5.54;0.34;270.44;3.09;947;15;1370.00;18
3088;13;4241922;3088;408;4036;4051;5.59;0.34;270.39;3.09;948;15;1371.00;15
3088;13;4241931;3088;407;4038;4051;5.67;0.35;270.39;3.09;950;15;1372.00;13
3089;13;4241941;3089;405;4040;4051;5.78;0.35;270.43;3.09;951;15;1373.00;11
3092;13;4241951;3092;408;4043;4051;5.88;0.36;270.44;3.09;951;15;1374.00;8
3094;13;4241961;3094;410;4046;4051;5.90;0.36;270.41;3.09;952;15;1375.00;5
3094;13;4241976;3094;392;4049;4052;5.93;0.36;270.41;3.10;955;15;1376.00;3
3095;13;4241987;3095;387;4050;4053;5.96;0.36;270.45;3.10;955;15;1377.00;3
3097;13;4241998;3097;382;4051;4053;5.92;0.36;270.37;3.10;954;15;1378.00;2
3097;13;4242008;3097;372;4056;4057;6.00;0.37;270.37;3.10;959;15;1379.00;1
3099;13;4242021;3099;367;4057;4057;6.04;0.37;270.36;3.10;958;15;1380.00;0
3102;13;4242037;3102;365;4057;4057;6.09;0.37;270.33;3.10;955;15;1381.00;0
3102;13;4242048;3102;367;4057;4057;6.17;0.38;270.33;3.10;955;15;1382.00;0
3104;13;4242058;3104;371;4063;4063;6.26;0.38;270.34;3.10;959;15;1383.00;0
3105;13;4242070;3105;371;4063;4063;6.39;0.39;270.41;3.10;958;15;1384.00;0
3108;13;4242080;3108;381;4063;4063;6.41;0.39;270.50;3.10;955;15;1385.00;0
3108;13;4242091;3108;384;4065;4066;6.44;0.39;270.50;3.10;957;15;1386.00;1
3109;13;4242101;3109;384;4065;4066;6.45;0.39;270.52;3.10;956;15;1387.00;1
3110;13;4242112;3110;387;4066;4066;6.46;0.39;270.53;3.09;956;15;1388.00;0
3111;13;4242123;3111;382;4067;4067;6.47;0.39;270.56;3.09;956;15;1389.00;0
3111;13;4242134;3111;368;4068;4068;6.49;0.40;270.56;3.09;957;15;1390.00;0
3112;13;4242150;3112;361;4068;4068;6.55;0.40;270.60;3.09;956;15;1391.00;0
3115;13;4242160;3115;356;4081;4081;6.64;0.40;270.54;3.08;966;15;1392.00;0
3118;13;4242173;3118;347;4081;4081;6.72;0.41;270.52;3.08;963;15;1393.00;0
3120;13;4242184;3120;346;4081;4081;6.80;0.41;270.36;3.08;961;15;1394.00;0
3122;13;4242195;3122;346;4083;4083;6.87;0.42;270.50;3.08;961;15;1395.00;0
3124;13;4242207;3124;348;4083;4083;6.95;0.42;270.52;3.08;959;15;1396.00;0
3127;13;4242223;3127;348;4087;4087;7.06;0.43;270.50;3.08;960;15;1397.00;0
3128;13;4242236;3128;344;4087;4087;7.12;0.43;270.55;3.08;959;15;1398.00;0
3130;13;4242248;3130;337;4091;4091;7.11;0.43;270.62;3.08;961;15;1399.00;0
3131;13;4242265;3131;336;4091;4091;7.14;0.43;270.65;3.08;960;15;1400.00;0
3132;13;4242286;3132;331;4091;4091;7.17;0.43;270.65;3.08;959;15;1401.00;0
3132;13;4242297;3132;326;4091;4091;7.13;0.43;270.65;3.08;959;15;1402.00;0
3135;13;4242307;3135;331;4091;4091;7.09;0.43;270.56;3.08;956;15;1403.00;0
3136;13;4242324;3136;327;4101;4103;7.10;0.43;270.58;3.07;965;15;1404.00;2
3137;13;4242336;3137;325;4101;4103;7.06;0.43;270.51;3.07;964;15;1405.00;2
3139;13;4242347;3139;326;4103;4103;7.09;0.43;270.46;3.07;964;15;1406.00;0
3139;13;4242358;3139;324;4103;4103;7.06;0.43;270.46;3.07;964;15;1407.00;0
3140;13;4242369;3140;323;4103;4103;7.08;0.43;270.47;3.07;963;15;1408.00;0
3143;13;4242380;3143;320;4103;4103;7.10;0.43;270.53;3.07;960;15;1409.00;0
3145;13;4242398;3145;316;4104;4104;7.08;0.43;270.59;3.07;959;15;1410.00;0
3145;13;4242414;3145;312;4104;4104;7.10;0.43;270.59;3.07;959;15;1411.00;0
3147;13;4242425;3147;307;4110;4110;7.06;0.43;270.72;3.07;963;15;1412.00;0
3148;13;4242437;3148;303;4111;4111;7.04;0.43;270.70;3.07;963;15;1413.00;0
3152;13;4242448;3152;292;4111;4111;7.03;0.43;270.81;3.07;959;15;1414.00;0
3152;13;4242459;3152;287;4111;4111;7.03;0.43;270.81;3.07;959;15;1415.00;0
3155;13;4242470;3155;285;4114;4115;7.05;0.43;270.89;3.06;959;15;1416.00;1
3155;13;4242481;3155;273;4115;4115;7.16;0.43;270.89;3.06;960;15;1417.00;0
3158;13;4242492;3158;269;4115;4115;7.21;0.44;271.00;3.06;957;15;1418.00;0
3159;13;4242503;3159;265;4116;4116;7.28;0.44;271.04;3.06;957;15;1419.00;0
3162;13;4242513;3162;255;4120;4120;7.31;0.44;271.06;3.06;958;15;1420.00;0
3163;13;4242524;3163;255;4120;4120;7.35;0.45;271.12;3.06;957;15;1421.00;0
3168;13;4242534;3168;251;4122;4123;7.38;0.45;271.45;3.06;954;15;1422.00;1
3168;13;4242545;3168;248;4123;4123;7.43;0.45;271.45;3.06;955;15;1423.00;0
3171;13;4242555;3171;241;4123;4123;7.50;0.45;271.43;3.06;952;15;1424.00;0
3175;13;4242565;3175;236;4123;4123;7.56;0.46;271.47;3.06;948;15;1425.00;0
3177;13;4242576;3177;230;4127;4127;7.70;0.47;271.51;3.06;950;15;1426.00;0
3181;13;4242587;3181;224;4127;4127;7.75;0.47;271.48;3.06;946;15;1427.00;0
3183;13;4242598;3183;217;4127;4127;7.78;0.47;271.61;3.06;944;15;1428.00;0
3187;13;4242614;3187;221;4127;4127;7.82;0.47;271.62;3.06;940;15;1429.00;0
3191;13;4242625;3191;219;4128;4128;7.77;0.47;271.92;3.06;937;15;1430.00;0
3194;13;4242637;3194;219;4129;4129;7.73;0.47;271.95;3.06;935;15;1431.00;0
3196;13;4242648;3196;212;4129;4129;7.67;0.47;272.10;3.06;933;15;1432.00;0
3199;13;4242658;3199;212;4130;4130;7.66;0.47;272.01;3.06;931;15;1433.00;0
3201;13;4242669;3201;213;4130;4130;7.65;0.46;272.09;3.06;929;15;1434.00;0
3206;13;4242679;3206;211;4130;4130;7.64;0.46;272.13;3.06;924;15;1435.00;0
3208;13;4242690;3208;216;4130;4130;7.74;0.47;272.14;3.06;922;15;1436.00;0
3211;13;4242700;3211;217;4130;4130;7.81;0.47;272.11;3.06;919;15;1437.00;0
3214;13;4242711;3214;216;4130;4130;7.85;0.48;272.27;3.06;916;15;1438.00;0
3215;13;4242721;3215;211;4130;4130;7.88;0.48;272.23;3.06;915;15;1439.00;0
3219;13;4242735;3219;253;4240;4360;7.99;0.50;272.49;2.98;1021;15;1440.00;120
3222;13;4242763;3222;242;4247;4361;7.98;0.50;272.50;2.97;1025;15;1441.00;114
3223;13;4242774;3223;228;4259;4361;8.06;0.50;272.50;2.97;1036;15;1442.00;102
3225;13;4242785;3225;224;4268;4361;8.05;0.50;272.74;2.97;1043;15;1443.00;93
3228;13;4242796;3228;220;4277;4361;8.05;0.50;272.83;2.97;1049;15;1444.00;84
3231;13;4242808;3231;217;4281;4361;8.07;0.50;273.07;2.97;1050;15;1445.00;80
3231;13;4242819;3231;218;4289;4361;8.10;0.50;273.07;2.98;1058;15;1446.00;72
3234;13;4242830;3234;214;4293;4361;8.11;0.50;273.24;2.98;1059;15;1447.00;68
3237;14;4242858;3237;218;4301;4362;8.12;0.50;273.57;2.99;1064;16;1448.00;61
3238;14;4242890;3238;223;4305;4363;8.17;0.51;273.60;3.00;1067;16;1449.00;58
3240;14;4242903;3240;224;4313;4363;8.13;0.50;273.75;3.01;1073;16;1450.00;50
3246;14;4242916;3246;220;4316;4364;8.11;0.50;274.05;3.02;1070;16;1451.00;48
3249;14;4242929;3249;226;4320;4364;8.13;0.50;274.00;3.03;1071;16;1452.00;44
3255;14;4242941;3255;235;4323;4364;8.05;0.50;274.19;3.03;1068;16;1453.00;41
3257;14;4242954;3257;238;4328;4364;7.95;0.49;274.25;3.04;1071;16;1454.00;36
3260;14;4242966;3260;240;4333;4368;7.86;0.48;274.27;3.05;1073;16;1455.00;35
3262;14;4242980;3262;253;4337;4368;7.74;0.48;274.21;3.06;1075;16;1456.00;31
3266;14;4242992;3266;255;4339;4368;7.63;0.47;274.21;3.06;1073;16;1457.00;29
3269;14;4243005;3269;263;4344;4371;7.57;0.46;274.14;3.08;1075;16;1458.00;27
3273;14;4243023;3273;271;4347;4371;7.46;0.46;274.31;3.09;1074;16;1459.00;24
3276;14;4243035;3276;277;4350;4371;7.35;0.45;274.38;3.10;1074;16;1460.00;21
3278;14;4243048;3278;285;4354;4375;7.27;0.44;274.48;3.10;1076;16;1461.00;21
3281;14;4243060;3281;293;4358;4376;7.18;0.44;274.61;3.11;1077;16;1462.00;18
3284;14;4243072;3284;299;4359;4376;7.14;0.44;274.67;3.11;1075;16;1463.00;17
3286;14;4243085;3286;302;4364;4380;7.15;0.44;274.76;3.12;1078;16;1464.00;16
3289;14;4243098;3289;305;4365;4380;7.17;0.44;274.90;3.12;1076;16;1465.00;15
3294;14;4243110;3294;314;4369;4380;7.18;0.44;274.81;3.15;1075;16;1466.00;11
3297;14;4243124;3297;317;4370;4381;7.15;0.44;274.75;3.15;1073;16;1467.00;11
3301;14;4243136;3301;322;4371;4381;7.15;0.44;275.00;3.15;1070;16;1468.00;10
3304;14;4243149;3304;320;4378;4387;7.15;0.44;274.95;3.16;1074;16;1469.00;9
3306;14;4243164;3306;320;4379;4387;7.13;0.44;274.87;3.16;1073;16;1470.00;8
3307;14;4243177;3307;320;4380;4388;7.11;0.43;274.81;3.16;1073;16;1471.00;8
3310;14;4243189;3310;315;4380;4388;7.06;0.43;274.79;3.16;1070;16;1472.00;8
3313;14;4243207;3313;318;4382;4388;7.02;0.43;274.79;3.17;1069;16;1473.00;6
3316;14;4243219;3316;316;4384;4388;6.96;0.42;274.68;3.18;1068;16;1474.00;4
3319;15;4243232;3319;315;4384;4388;6.86;0.42;274.73;3.18;1065;17;1475.00;4
3321;15;4243259;3321;316;4394;4400;6.82;0.42;274.76;3.17;1073;17;1476.00;6
3322;15;4243272;3322;316;4395;4400;6.77;0.41;274.84;3.17;1073;17;1477.00;5
3323;15;4243283;3323;322;4397;4400;6.73;0.41;274.98;3.17;1074;17;1478.00;3
3325;15;4243294;3325;325;4397;4400;6.62;0.40;274.96;3.17;1072;17;1479.00;3
3326;15;4243305;3326;333;4397;4400;6.58;0.40;274.99;3.17;1071;17;1480.00;3
3327;15;4243318;3327;337;4397;4400;6.49;0.40;274.96;3.17;1070;17;1481.00;3
3331;15;4243329;3331;351;4401;4404;6.35;0.39;275.26;3.17;1070;17;1482.00;3
3335;15;4243340;3335;354;4401;4404;6.25;0.38;275.41;3.17;1066;17;1483.00;3
3339;15;4243350;3339;362;4405;4408;6.14;0.38;275.68;3.17;1066;17;1484.00;3
3341;15;4243361;3341;356;4407;4410;6.06;0.37;275.70;3.17;1066;17;1485.00;3
3347;15;4243371;3347;353;4407;4410;5.97;0.37;275.97;3.17;1060;17;1486.00;3
3353;15;4243382;3353;347;4407;4410;5.87;0.36;276.02;3.17;1054;17;1487.00;3
3356;15;4243392;3356;349;4420;4423;5.87;0.36;276.02;3.16;1064;17;1488.00;3
3363;15;4243404;3363;352;4420;4423;5.87;0.36;276.26;3.16;1057;17;1489.00;3
3367;15;4243415;3367;352;4420;4423;5.90;0.36;276.27;3.16;1053;17;1490.00;3
3370;15;4243426;3370;349;4421;4424;5.99;0.37;276.42;3.16;1051;17;1491.00;3
3375;15;4243436;3375;353;4422;4425;6.04;0.37;276.69;3.15;1047;17;1492.00;3
3380;15;4243452;3380;355;4422;4425;6.07;0.37;276.78;3.15;1042;17;1493.00;3
3385;15;4243463;3385;347;4425;4428;6.15;0.38;276.64;3.15;1040;17;1494.00;3
3388;15;4243475;3388;351;4425;4428;6.14;0.38;276.71;3.15;1037;17;1495.00;3
3392;15;4243485;3392;352;4425;4428;6.05;0.37;276.84;3.15;1033;17;1496.00;3
3394;15;4243495;3394;352;4425;4428;5.96;0.37;276.92;3.15;1031;17;1497.00;3
3399;15;4243506;3399;351;4431;4434;5.98;0.37;276.96;3.15;1032;17;1498.00;3
3403;15;4243517;3403;359;4431;4434;5.88;0.36;276.97;3.15;1028;17;1499.00;3
3406;15;4243529;3406;359;4436;4453;5.82;0.36;276.92;3.15;1030;17;1500.00;17
3410;15;4243547;3410;368;4436;4453;5.77;0.36;276.93;3.15;1026;17;1501.00;17
3415;15;4243559;3415;376;4441;4457;5.77;0.36;276.93;3.14;1026;17;1502.00;16
3417;15;4243570;3417;377;4442;4458;5.80;0.36;276.92;3.14;1025;17;1503.00;16
3423;15;4243580;3423;375;4442;4458;5.78;0.36;276.99;3.14;1019;17;1504.00;16
3427;15;4243592;3427;378;4444;4459;5.75;0.35;276.96;3.14;1017;17;1505.00;15
3431;15;4243603;3431;378;4446;4459;5.70;0.35;277.14;3.14;1015;17;1506.00;13
3437;15;4243614;3437;385;4446;4459;5.57;0.34;277.05;3.14;1009;17;1507.00;13
3444;15;4243625;3444;391;4446;4459;5.48;0.34;277.00;3.14;1002;17;1508.00;13
3446;15;4243636;3446;397;4446;4459;5.42;0.33;277.00;3.14;1000;17;1509.00;13
3452;15;4243647;3452;403;4446;4459;5.34;0.33;276.91;3.14;994;17;1510.00;13
3453;15;4243657;3453;413;4447;4459;5.33;0.33;276.85;3.15;994;17;1511.00;12
3460;15;4243668;3460;422;4489;4529;5.36;0.33;276.80;3.12;1029;17;1512.00;40
3463;15;4243683;3463;428;4490;4530;5.36;0.33;276.83;3.12;1027;17;1513.00;40
3467;15;4243694;3467;431;4496;4530;5.35;0.33;276.86;3.12;1029;17;1514.00;34
3470;15;4243704;3470;436;4497;4530;5.36;0.33;276.67;3.12;1027;17;1515.00;33
3474;15;4243714;3474;439;4499;4530;5.38;0.33;276.61;3.12;1025;17;1516.00;31
3475;15;4243724;3475;443;4502;4530;5.42;0.33;276.79;3.12;1027;17;1517.00;28
3481;15;4243737;3481;449;4504;4530;5.38;0.33;276.67;3.13;1023;17;1518.00;26
3481;15;4243747;3481;449;4507;4530;5.40;0.33;276.67;3.13;1026;17;1519.00;23
3486;15;4243757;3486;453;4507;4531;5.30;0.32;276.69;3.13;1021;17;1520.00;24
3488;16;4243768;3488;458;4510;4532;5.29;0.32;276.67;3.13;1022;18;1521.00;22
3491;16;4243795;3491;469;4513;4532;5.24;0.32;276.81;3.14;1022;18;1522.00;19
3495;16;4243805;3495;477;4522;4536;5.22;0.32;276.95;3.15;1027;18;1523.00;14
3495;16;4243816;3495;480;4525;4536;5.25;0.32;276.95;3.15;1030;18;1524.00;11
3497;16;4243826;3497;484;4525;4536;5.20;0.32;277.08;3.15;1028;18;1525.00;11
3501;16;4243836;3501;490;4525;4536;5.15;0.31;277.14;3.15;1024;18;1526.00;11
3503;16;4243847;3503;493;4530;4542;5.14;0.31;277.19;3.15;1027;18;1527.00;12
3506;16;4243857;3506;497;4532;4542;5.06;0.31;277.29;3.17;1026;18;1528.00;10
3510;16;4243867;3510;502;4533;4542;4.99;0.30;277.25;3.18;1023;18;1529.00;9
3512;16;4243880;3512;502;4536;4548;5.00;0.30;277.22;3.18;1024;18;1530.00;12
3515;16;4243891;3515;510;4537;4548;4.96;0.30;277.22;3.18;1022;18;1531.00;11
3517;16;4243901;3517;511;4538;4548;4.94;0.30;277.21;3.18;1021;18;1532.00;10
3518;16;4243912;3518;511;4542;4549;4.90;0.30;277.24;3.19;1024;18;1533.00;7
3521;16;4243923;3521;504;4543;4550;4.96;0.30;277.13;3.19;1022;18;1534.00;7
3521;16;4243935;3521;501;4544;4550;4.96;0.30;277.13;3.19;1023;18;1535.00;6
3522;16;4243946;3522;500;4555;4563;5.09;0.31;277.11;3.18;1033;18;1536.00;8
3523;16;4243958;3523;481;4556;4563;5.17;0.32;277.04;3.18;1033;18;1537.00;7
3525;16;4243969;3525;466;4557;4563;5.24;0.32;277.00;3.18;1032;18;1538.00;6
3528;16;4243981;3528;461;4560;4564;5.36;0.33;276.99;3.20;1032;18;1539.00;4
3531;16;4243991;3531;455;4560;4564;5.44;0.33;276.99;3.20;1029;18;1540.00;4
3533;16;4244003;3533;438;4565;4568;5.55;0.34;276.91;3.19;1032;18;1541.00;3
3535;16;4244015;3535;433;4565;4568;5.61;0.34;276.97;3.19;1030;18;1542.00;3
3535;16;4244027;3535;418;4569;4572;5.70;0.35;276.97;3.19;1034;18;1543.00;3
3537;16;4244043;3537;408;4569;4572;5.72;0.35;276.93;3.19;1032;18;1544.00;3
3539;16;4244054;3539;410;4570;4572;5.80;0.35;276.89;3.21;1031;18;1545.00;2
3540;16;4244066;3540;397;4570;4572;5.87;0.36;276.93;3.21;1030;18;1546.00;2
3541;16;4244077;3541;387;4570;4572;5.89;0.36;276.88;3.21;1029;18;1547.00;2
3542;16;4244089;3542;386;4581;4584;5.94;0.36;276.90;3.21;1039;18;1548.00;3
3543;16;4244102;3543;379;4581;4584;5.99;0.36;276.84;3.21;1038;18;1549.00;3
3547;16;4244114;3547;378;4582;4584;6.05;0.37;276.81;3.21;1035;18;1550.00;2
3548;16;4244126;3548;377;4582;4584;6.09;0.37;276.77;3.21;1034;18;1551.00;2
3549;16;4244137;3549;375;4582;4584;6.15;0.37;276.80;3.21;1033;18;1552.00;2
3549;16;4244149;3549;367;4582;4584;6.18;0.38;276.80;3.21;1033;18;1553.00;2
3551;16;4244166;3551;370;4583;4585;6.20;0.38;276.79;3.21;1032;18;1554.00;2
3553;16;4244178;3553;366;4585;4587;6.25;0.38;276.75;3.21;1032;18;1555.00;2
3554;16;4244191;3554;357;4591;4593;6.32;0.38;276.76;3.20;1037;18;1556.00;2
3555;16;4244203;3555;353;4593;4594;6.41;0.39;276.78;3.23;1038;18;1557.00;1
3559;16;4244216;3559;353;4593;4594;6.46;0.39;276.91;3.23;1034;18;1558.00;1
3560;16;4244228;3560;344;4593;4594;6.51;0.40;276.90;3.23;1033;18;1559.00;1
3564;16;4244241;3564;339;4598;4599;6.57;0.40;277.10;3.22;1034;18;1560.00;1
3567;16;4244254;3567;345;4598;4599;6.59;0.40;277.22;3.22;1031;18;1561.00;1
3569;16;4244273;3569;344;4598;4599;6.67;0.41;277.24;3.22;1029;19;1562.00;1
3572;16;4244293;3572;343;4599;4600;6.75;0.41;277.15;3.22;1027;19;1563.00;1
3574;16;4244306;3574;343;4603;4604;6.78;0.41;277.34;3.22;1029;19;1564.00;1
3574;16;4244318;3574;338;4603;4604;6.82;0.41;277.34;3.22;1029;19;1565.00;1
3575;16;4244330;3575;343;4606;4607;6.88;0.42;277.29;3.23;1031;19;1566.00;1
3581;16;4244342;3581;348;4606;4607;6.89;0.42;277.48;3.23;1025;19;1567.00;1
3582;16;4244354;3582;348;4607;4607;6.92;0.42;277.48;3.23;1025;19;1568.00;0
3584;16;4244367;3584;354;4607;4607;6.96;0.42;277.66;3.23;1023;19;1569.00;0
3585;16;4244379;3585;346;4611;4611;7.03;0.43;277.69;3.23;1026;19;1570.00;0
3590;16;4244391;3590;348;4611;4611;7.01;0.42;277.79;3.23;1021;19;1571.00;0
3594;16;4244402;3594;354;4611;4611;6.98;0.42;278.06;3.23;1017;19;1572.00;0
3596;16;4244414;3596;357;4611;4611;6.98;0.42;278.14;3.23;1015;19;1573.00;0
3597;16;4244426;3597;356;4612;4612;6.94;0.42;278.20;3.23;1015;19;1574.00;0
3597;16;4244438;3597;353;4614;4614;6.96;0.42;278.20;3.23;1017;19;1575.00;0
3599;16;4244449;3599;349;4614;4614;6.94;0.42;278.19;3.23;1015;19;1576.00;0
3600;16;4244461;3600;349;4615;4615;6.93;0.42;278.26;3.23;1015;19;1577.00;0
3602;16;4244472;3602;343;4615;4615;6.88;0.42;278.40;3.23;1013;19;1578.00;0
3607;16;4244483;3607;328;4615;4615;6.85;0.42;278.57;3.23;1008;19;1579.00;0
3609;16;4244494;3609;327;4615;4615;6.83;0.41;278.71;3.23;1006;19;1580.00;0
3612;16;4244506;3612;323;4615;4615;6.80;0.41;278.96;3.23;1003;19;1581.00;0
3617;16;4244517;3617;309;4615;4615;6.76;0.41;279.04;3.23;998;19;1582.00;0
3619;16;4244528;3619;307;4615;4615;6.78;0.41;279.03;3.23;996;19;1583.00;0
3624;16;4244539;3624;335;4694;4742;6.80;0.42;279.30;3.17;1070;19;1584.00;48
3628;16;4244560;3628;323;4694;4743;6.81;0.42;279.52;3.17;1066;19;1585.00;49
3631;16;4244572;3631;314;4699;4743;6.88;0.42;279.61;3.17;1068;19;1586.00;44
3633;16;4244584;3633;309;4701;4743;6.93;0.43;279.71;3.17;1068;19;1587.00;42
3637;16;4244596;3637;308;4707;4743;6.98;0.43;279.69;3.17;1070;19;1588.00;36
3639;16;4244608;3639;294;4709;4743;7.03;0.43;279.75;3.17;1070;19;1589.00;34
3642;16;4244621;3642;290;4713;4743;7.06;0.43;280.00;3.18;1071;19;1590.00;30
3645;16;4244633;3645;287;4716;4743;7.13;0.44;280.12;3.18;1071;19;1591.00;27
3649;16;4244645;3649;286;4718;4744;7.14;0.44;280.15;3.18;1069;19;1592.00;26
3650;16;4244657;3650;281;4721;4745;7.16;0.44;280.24;3.18;1071;19;1593.00;24
3653;16;4244668;3653;279;4722;4745;7.16;0.44;280.35;3.18;1069;19;1594.00;23
3656;16;4244680;3656;280;4724;4746;7.18;0.44;280.34;3.19;1068;19;1595.00;22
3659;16;4244693;3659;280;4726;4746;7.16;0.43;280.27;3.19;1067;19;1596.00;20
3661;16;4244705;3661;281;4732;4746;7.12;0.43;280.32;3.20;1071;19;1597.00;14
3663;16;4244718;3663;281;4734;4746;7.10;0.43;280.25;3.21;1071;19;1598.00;12
3666;16;4244730;3666;287;4738;4750;7.10;0.43;280.19;3.22;1072;19;1599.00;12
3667;16;4244742;3667;290;4741;4750;7.09;0.43;280.21;3.22;1074;19;1600.00;9
3671;17;4244758;3671;297;4742;4750;7.01;0.43;280.28;3.22;1071;20;1601.00;8
3673;17;4244776;3673;297;4745;4753;7.01;0.43;280.31;3.22;1072;20;1602.00;8
3675;17;4244793;3675;300;4746;4753;7.05;0.43;280.37;3.23;1071;20;1603.00;7
3676;17;4244805;3676;294;4748;4753;7.10;0.43;280.39;3.23;1072;20;1604.00;5
3680;17;4244817;3680;299;4752;4757;7.05;0.43;280.51;3.23;1072;20;1605.00;5
3680;17;4244834;3680;300;4753;4758;7.13;0.44;280.51;3.23;1073;20;1606.00;5
3683;17;4244847;3683;298;4754;4758;7.14;0.44;280.59;3.23;1071;20;1607.00;4
3688;17;4244859;3688;298;4757;4762;7.16;0.44;280.68;3.23;1069;20;1608.00;5
3691;17;4244872;3691;304;4758;4762;7.24;0.44;280.66;3.23;1067;20;1609.00;4
3692;17;4244884;3692;305;4758;4762;7.28;0.44;280.70;3.23;1066;20;1610.00;4
3694;17;4244905;3694;309;4759;4763;7.32;0.45;280.74;3.23;1065;20;1611.00;4
3695;17;4244917;3695;311;4759;4763;7.30;0.44;280.81;3.23;1064;20;1612.00;4
3696;17;4244935;3696;312;4765;4769;7.31;0.44;280.78;3.23;1069;20;1613.00;4
3697;17;4244948;3697;313;4766;4769;7.23;0.44;280.90;3.23;1069;20;1614.00;3
3699;17;4244960;3699;313;4766;4770;7.16;0.44;281.06;3.23;1067;20;1615.00;4
3702;17;4244971;3702;316;4767;4770;7.07;0.43;281.15;3.24;1065;20;1616.00;3
3705;17;4244984;3705;316;4768;4770;6.99;0.43;281.31;3.24;1063;20;1617.00;2
3707;17;4244996;3707;314;4768;4770;6.92;0.42;281.40;3.24;1061;20;1618.00;2
3708;17;4245008;3708;320;4769;4770;6.89;0.42;281.36;3.24;1061;20;1619.00;1
3712;17;4245022;3712;330;4793;4806;6.99;0.43;281.53;3.22;1081;20;1620.00;13
3715;17;4245036;3715;328;4796;4806;6.95;0.43;281.58;3.22;1081;20;1621.00;10
3718;17;4245048;3718;322;4802;4806;6.90;0.42;281.76;3.22;1084;20;1622.00;4
3719;17;4245060;3719;328;4802;4806;6.85;0.42;281.83;3.22;1083;20;1623.00;4
3721;17;4245071;3721;330;4803;4806;6.79;0.42;281.76;3.22;1082;21;1624.00;3
3722;17;4245091;3722;333;4803;4806;6.74;0.41;281.76;3.22;1081;21;1625.00;3
3725;17;4245103;3725;336;4808;4810;6.67;0.41;281.90;3.22;1083;21;1626.00;2
3728;17;4245115;3728;336;4808;4810;6.60;0.41;281.87;3.22;1080;21;1627.00;2
3729;17;4245127;3729;339;4812;4814;6.64;0.41;281.88;3.22;1083;21;1628.00;2
3733;17;4245138;3733;347;4813;4815;6.64;0.41;282.04;3.22;1080;21;1629.00;2
3736;17;4245150;3736;352;4813;4815;6.60;0.41;282.24;3.22;1077;21;1630.00;2
3739;17;4245161;3739;358;4813;4815;6.53;0.40;282.33;3.22;1074;21;1631.00;2
3743;17;4245172;3743;364;4826;4828;6.50;0.40;282.33;3.21;1083;21;1632.00;2
3746;17;4245184;3746;368;4826;4828;6.48;0.40;282.38;3.21;1080;21;1633.00;2
3749;17;4245196;3749;367;4826;4828;6.46;0.40;282.41;3.21;1077;21;1634.00;2
3753;17;4245207;3753;371;4827;4829;6.44;0.39;282.58;3.21;1074;21;1635.00;2
3755;17;4245219;3755;374;4828;4830;6.44;0.39;282.68;3.21;1073;21;1636.00;2
3758;17;4245231;3758;372;4828;4830;6.43;0.39;282.67;3.21;1070;21;1637.00;2
3760;17;4245244;3760;369;4831;4833;6.43;0.39;282.61;3.21;1071;21;1638.00;2
3762;17;4245258;3762;376;4831;4833;6.46;0.40;282.63;3.21;1069;21;1639.00;2
3763;17;4245270;3763;377;4831;4833;6.45;0.39;282.68;3.21;1068;21;1640.00;2
3765;17;4245281;3765;374;4831;4833;6.39;0.39;282.84;3.21;1066;21;1641.00;2
3768;17;4245292;3768;376;4837;4839;6.28;0.38;282.78;3.21;1069;21;1642.00;2
3772;17;4245303;3772;383;4837;4839;6.18;0.38;282.75;3.21;1065;21;1643.00;2
3775;17;4245314;3775;382;4837;4839;6.08;0.37;282.90;3.21;1062;21;1644.00;2
3777;17;4245325;3777;385;4837;4839;6.00;0.37;283.04;3.21;1060;21;1645.00;2
3778;17;4245335;3778;390;4841;4843;5.91;0.36;283.02;3.20;1063;21;1646.00;2
3787;17;4245345;3787;396;4842;4844;5.75;0.35;283.11;3.20;1055;21;1647.00;2
3789;17;4245357;3789;404;4842;4844;5.62;0.34;283.14;3.20;1053;21;1648.00;2
3795;17;4245367;3795;406;4843;4845;5.46;0.34;283.30;3.20;1048;21;1649.00;2
3797;17;4245379;3797;399;4843;4845;5.32;0.33;283.41;3.20;1046;21;1650.00;2
3804;17;4245389;3804;396;4843;4845;5.22;0.32;283.37;3.20;1039;21;1651.00;2
3807;17;4245399;3807;394;4843;4845;5.21;0.32;283.57;3.20;1036;21;1652.00;2
3808;17;4245408;3808;390;4843;4845;5.17;0.32;283.53;3.20;1035;21;1653.00;2
3812;17;4245417;3812;397;4843;4845;5.17;0.32;283.69;3.20;1031;21;1654.00;2
3816;17;4245427;3816;398;4843;4845;5.15;0.32;283.51;3.20;1027;21;1655.00;2
3820;17;4245437;3820;406;4883;4915;5.34;0.33;283.54;3.18;1063;21;1656.00;32
3824;17;4245453;3824;398;4887;4916;5.37;0.33;283.55;3.17;1063;21;1657.00;29
3830;17;4245464;3830;395;4894;4916;5.41;0.33;283.63;3.17;1064;21;1658.00;22
3831;17;4245474;3831;393;4898;4916;5.47;0.34;283.63;3.17;1067;21;1659.00;18
3834;17;4245485;3834;394;4901;4916;5.46;0.34;283.61;3.17;1067;21;1660.00;15
3838;17;4245495;3838;395;4903;4916;5.46;0.34;283.64;3.17;1065;21;1661.00;13
3843;17;4245506;3843;400;4906;4916;5.41;0.33;283.57;3.18;1063;21;1662.00;10
3845;17;4245517;3845;409;4907;4916;5.37;0.33;283.50;3.18;1062;21;1663.00;9
3849;17;4245528;3849;413;4909;4917;5.32;0.33;283.44;3.18;1060;21;1664.00;8
3853;17;4245540;3853;416;4913;4919;5.30;0.33;283.39;3.18;1060;21;1665.00;6
3858;17;4245551;3858;423;4913;4919;5.22;0.32;283.40;3.18;1055;21;1666.00;6
3863;17;4245562;3863;429;4918;4923;5.14;0.32;283.33;3.18;1055;21;1667.00;5
3869;17;4245573;3869;439;4918;4923;5.05;0.31;283.31;3.18;1049;21;1668.00;5
3872;17;4245584;3872;445;4918;4923;5.07;0.31;283.36;3.18;1046;21;1669.00;5
3873;17;4245595;3873;449;4919;4923;5.10;0.31;283.29;3.18;1046;21;1670.00;4
3881;17;4245605;3881;456;4924;4929;5.06;0.31;283.35;3.18;1043;21;1671.00;5
3883;17;4245617;3883;462;4924;4929;5.10;0.31;283.36;3.18;1041;21;1672.00;5
3886;17;4245627;3886;465;4924;4929;5.08;0.31;283.43;3.18;1038;21;1673.00;5
3891;17;4245637;3891;477;4925;4932;5.02;0.31;283.51;3.18;1034;21;1674.00;7
3893;17;4245648;3893;480;4925;4932;4.96;0.30;283.45;3.18;1032;21;1675.00;7
3896;17;4245658;3896;486;4925;4932;4.86;0.30;283.50;3.18;1029;21;1676.00;7
3898;17;4245668;3898;491;4925;4933;4.79;0.29;283.62;3.18;1027;21;1677.00;8
3902;17;4245678;3902;500;4927;4934;4.70;0.29;283.59;3.18;1025;21;1678.00;7
3906;17;4245688;3906;503;4927;4934;4.56;0.28;283.57;3.18;1021;21;1679.00;7
3907;17;4245700;3907;511;4948;4960;4.66;0.28;283.60;3.16;1041;21;1680.00;12
3913;17;4245712;3913;516;4948;4960;4.55;0.28;283.42;3.16;1035;21;1681.00;12
3916;17;4245723;3916;518;4950;4960;4.55;0.28;283.51;3.16;1034;21;1682.00;10
3918;17;4245733;3918;528;4950;4961;4.55;0.28;283.45;3.16;1032;21;1683.00;11
3920;17;4245744;3920;506;4951;4961;4.58;0.28;283.43;3.17;1031;21;1684.00;10
3923;17;4245754;3923;503;4954;4965;4.62;0.28;283.38;3.17;1031;21;1685.00;11
3925;17;4245770;3925;489;4954;4965;4.64;0.28;283.36;3.17;1029;21;1686.00;11
3929;17;4245780;3929;487;4958;4969;4.69;0.28;283.38;3.16;1029;21;1687.00;11
3931;17;4245791;3931;485;4958;4969;4.71;0.29;283.39;3.16;1027;21;1688.00;11
3931;17;4245801;3931;487;4960;4969;4.75;0.29;283.39;3.17;1029;21;1689.00;9
3933;17;4245812;3933;491;4960;4969;4.79;0.29;283.40;3.17;1027;21;1690.00;9
3936;17;4245822;3936;497;4960;4969;4.78;0.29;283.54;3.17;1024;21;1691.00;9
3938;17;4245833;3938;490;4969;4981;4.90;0.30;283.50;3.16;1031;21;1692.00;12
3941;17;4245844;3941;482;4969;4981;4.96;0.30;283.45;3.16;1028;21;1693.00;12
3944;17;4245856;3944;486;4970;4981;5.02;0.31;283.43;3.16;1026;21;1694.00;11
3948;17;4245872;3948;485;4972;4981;5.06;0.31;283.45;3.17;1024;21;1695.00;9
3950;17;4245883;3950;483;4972;4981;5.09;0.31;283.48;3.17;1022;21;1696.00;9
3952;17;4245894;3952;472;4975;4981;5.12;0.31;283.47;3.19;1023;21;1697.00;6
3955;17;4245905;3955;462;4976;4982;5.14;0.31;283.45;3.19;1021;21;1698.00;6
3956;17;4245916;3956;462;4976;4982;5.21;0.32;283.42;3.19;1020;21;1699.00;6
3958;17;4245927;3958;459;4982;4988;5.25;0.32;283.41;3.19;1024;21;1700.00;6
3958;17;4245942;3958;462;4983;4989;5.34;0.32;283.41;3.19;1025;21;1701.00;6
3958;17;4245954;3958;462;4983;4989;5.46;0.33;283.41;3.19;1025;21;1702.00;6
3959;17;4245965;3959;459;4984;4989;5.53;0.33;283.40;3.19;1025;21;1703.00;5
3961;18;4245976;3961;459;4988;4993;5.61;0.34;283.47;3.19;1027;22;1704.00;5
3961;18;4245995;3961;456;4988;4993;5.69;0.34;283.47;3.19;1027;22;1705.00;5
3962;18;4246009;3962;437;4989;4993;5.75;0.35;283.60;3.19;1027;22;1706.00;4
3964;18;4246021;3964;421;4990;4994;5.81;0.35;283.62;3.19;1026;22;1707.00;4
3967;18;4246032;3967;420;4994;4998;5.82;0.35;283.68;3.18;1027;22;1708.00;4
3970;18;4246044;3970;407;4994;4998;5.86;0.35;283.62;3.18;1024;22;1709.00;4
3972;18;4246057;3972;400;4998;5004;5.91;0.36;283.62;3.18;1026;22;1710.00;6
3974;18;4246070;3974;401;4998;5004;5.97;0.36;283.61;3.18;1024;22;1711.00;6
3978;18;4246082;3978;406;5000;5004;6.05;0.37;283.82;3.18;1022;22;1712.00;4
3979;18;4246093;3979;408;5000;5004;6.09;0.37;283.88;3.18;1021;22;1713.00;4
3981;18;4246105;3981;404;5004;5008;6.20;0.37;283.93;3.18;1023;22;1714.00;4
3981;18;4246117;3981;402;5004;5008;6.25;0.38;283.93;3.18;1023;22;1715.00;4
3983;18;4246129;3983;405;5004;5008;6.23;0.38;283.97;3.18;1021;22;1716.00;4
3984;18;4246140;3984;396;5004;5008;6.22;0.38;283.98;3.18;1020;22;1717.00;4
3986;18;4246152;3986;396;5005;5009;6.20;0.37;284.03;3.18;1019;22;1718.00;4
3988;18;4246164;3988;391;5006;5010;6.18;0.37;284.17;3.18;1018;22;1719.00;4
3990;18;4246176;3990;388;5006;5010;6.18;0.37;284.19;3.18;1016;22;1720.00;4
3990;18;4246189;3990;388;5007;5011;6.26;0.38;284.19;3.18;1017;22;1721.00;4
3990;18;4246203;3990;380;5008;5011;6.28;0.38;284.19;3.20;1018;22;1722.00;3
3990;18;4246219;3990;370;5008;5011;6.33;0.38;284.19;3.20;1018;22;1723.00;3
3993;18;4246234;3993;368;5008;5011;6.34;0.38;284.25;3.20;1015;22;1724.00;3
3994;18;4246248;3994;361;5008;5011;6.34;0.39;284.37;3.20;1014;22;1725.00;3
3995;18;4246265;3995;364;5008;5011;6.37;0.39;284.40;3.20;1013;22;1726.00;3
3997;18;4246281;3997;368;5008;5011;6.43;0.39;284.39;3.20;1011;22;1727.00;3
4001;18;4246299;4001;397;5087;5138;6.69;0.41;284.73;3.15;1086;22;1728.00;51
4003;18;4246343;4003;387;5090;5139;6.77;0.42;284.71;3.15;1087;22;1729.00;49
4005;19;4246362;4005;377;5097;5139;6.82;0.42;284.80;3.15;1092;23;1730.00;42
4008;19;4246399;4008;370;5100;5139;6.84;0.42;285.09;3.15;1092;23;1731.00;39
4009;19;4246418;4009;369;5105;5139;6.91;0.43;285.08;3.15;1096;23;1732.00;34
4011;19;4246431;4011;372;5108;5139;6.93;0.43;285.25;3.15;1097;23;1733.00;31
4015;19;4246443;4015;374;5110;5139;6.89;0.43;285.38;3.15;1095;23;1734.00;29
4018;19;4246457;4018;381;5113;5139;6.90;0.43;285.50;3.15;1095;23;1735.00;26
4021;19;4246471;4021;387;5115;5140;6.88;0.42;285.53;3.15;1094;23;1736.00;25
4026;19;4246485;4026;394;5118;5141;6.85;0.42;285.73;3.17;1092;23;1737.00;23
4026;19;4246498;4026;397;5121;5141;6.84;0.42;285.73;3.17;1095;23;1738.00;20
4029;19;4246511;4029;404;5123;5142;6.83;0.42;285.82;3.18;1094;23;1739.00;19
4032;19;4246525;4032;400;5124;5142;6.77;0.42;285.98;3.19;1092;23;1740.00;18
4035;19;4246538;4035;400;5130;5142;6.74;0.41;286.10;3.20;1095;23;1741.00;12
4037;19;4246551;4037;399;5131;5142;6.72;0.41;286.12;3.20;1094;23;1742.00;11
4039;19;4246564;4039;398;5135;5146;6.67;0.41;286.22;3.20;1096;23;1743.00;11
4041;19;4246577;4041;396;5138;5146;6.64;0.41;286.32;3.22;1097;23;1744.00;8
4042;19;4246595;4042;388;5138;5146;6.66;0.41;286.36;3.22;1096;23;1745.00;8
4045;19;4246607;4045;389;5142;5149;6.64;0.41;286.47;3.22;1097;23;1746.00;7
4047;19;4246619;4047;384;5142;5149;6.69;0.41;286.52;3.22;1095;23;1747.00;7
4049;19;4246632;4049;377;5143;5149;6.74;0.41;286.59;3.22;1094;23;1748.00;6
4053;19;4246644;4053;373;5148;5153;6.71;0.41;286.71;3.23;1095;23;1749.00;5
4058;19;4246657;4058;367;5150;5154;6.71;0.41;286.73;3.23;1092;23;1750.00;4
4061;19;4246671;4061;358;5151;5154;6.74;0.41;286.77;3.23;1090;23;1751.00;3
4065;19;4246684;4065;357;5154;5158;6.71;0.41;286.89;3.23;1089;23;1752.00;4
4068;19;4246708;4068;351;5154;5158;6.67;0.41;287.16;3.23;1086;23;1753.00;4
4069;19;4246724;4069;354;5155;5158;6.64;0.40;287.21;3.23;1086;23;1754.00;3
4076;19;4246742;4076;346;5159;5160;6.54;0.40;287.31;3.24;1083;23;1755.00;1
4083;19;4246771;4083;341;5159;5160;6.56;0.40;287.58;3.24;1076;23;1756.00;1
4087;19;4246785;4087;331;5164;5166;6.60;0.40;287.56;3.23;1077;23;1757.00;2
4091;19;4246800;4091;334;5164;5166;6.64;0.40;287.57;3.23;1073;23;1758.00;2
4094;19;4246814;4094;333;5164;5167;6.65;0.40;287.64;3.23;1070;23;1759.00;3
4097;19;4246830;4097;338;5164;5167;6.74;0.41;287.79;3.23;1067;23;1760.00;3
4099;19;4246847;4099;341;5164;5167;6.74;0.41;287.91;3.23;1065;23;1761.00;3
4103;19;4246867;4103;344;5164;5167;6.76;0.41;288.10;3.23;1061;23;1762.00;3
4107;19;4246881;4107;341;5164;5167;6.81;0.41;288.03;3.23;1057;23;1763.00;3
4109;19;4246898;4109;347;5174;5179;6.87;0.42;288.15;3.23;1065;23;1764.00;5
4111;19;4246915;4111;345;5175;5179;6.89;0.42;288.22;3.23;1064;23;1765.00;4
4111;19;4246931;4111;348;5175;5179;6.89;0.42;288.22;3.23;1064;23;1766.00;4
4115;19;4246947;4115;351;5175;5179;6.86;0.42;288.48;3.23;1060;23;1767.00;4
4117;20;4246959;4117;352;5175;5179;6.87;0.42;288.62;3.23;1058;24;1768.00;4
4121;20;4246983;4121;351;5175;5179;6.84;0.42;288.80;3.23;1054;24;1769.00;4
4126;20;4246998;4126;349;5178;5183;6.76;0.41;288.98;3.23;1052;24;1770.00;5
4128;20;4247010;4128;350;5178;5183;6.70;0.41;288.94;3.23;1050;24;1771.00;5
4132;20;4247022;4132;355;5182;5187;6.70;0.41;289.23;3.22;1050;24;1772.00;5
4136;20;4247038;4136;358;5183;5188;6.65;0.40;289.31;3.22;1047;24;1773.00;5
4139;20;4247050;4139;356;5183;5188;6.64;0.40;289.32;3.22;1044;24;1774.00;5
4141;20;4247062;4141;356;5183;5188;6.66;0.41;289.33;3.22;1042;24;1775.00;5
4145;20;4247074;4145;360;5194;5201;6.69;0.41;289.41;3.22;1049;24;1776.00;7
4147;20;4247088;4147;346;5194;5201;6.67;0.40;289.41;3.22;1047;24;1777.00;7
4149;20;4247100;4149;346;5194;5201;6.66;0.40;289.44;3.22;1045;24;1778.00;7
4151;20;4247112;4151;347;5195;5202;6.59;0.40;289.56;3.22;1044;24;1779.00;7
4152;20;4247124;4152;352;5195;5203;6.59;0.40;289.61;3.22;1043;24;1780.00;8
4153;20;4247136;4153;355;5195;5203;6.52;0.40;289.57;3.22;1042;24;1781.00;8
4155;20;4247147;4155;366;5198;5206;6.50;0.40;289.56;3.22;1043;24;1782.00;8
4156;20;4247159;4156;357;5199;5206;6.43;0.39;289.60;3.22;1043;24;1783.00;7
4161;20;4247170;4161;366;5201;5206;6.42;0.39;289.84;3.23;1040;24;1784.00;5
4164;20;4247182;4164;375;5201;5206;6.34;0.39;289.85;3.23;1037;24;1785.00;5
4167;20;4247193;4167;381;5207;5212;6.37;0.39;289.96;3.23;1040;24;1786.00;5
4170;20;4247207;4170;384;5207;5212;6.31;0.39;290.01;3.23;1037;24;1787.00;5
4171;20;4247219;4171;385;5208;5212;6.25;0.38;290.09;3.23;1037;24;1788.00;4
4175;20;4247230;4175;388;5208;5212;6.19;0.38;290.13;3.23;1033;24;1789.00;4
4178;20;4247241;4178;403;5211;5216;6.10;0.37;290.07;3.23;1033;24;1790.00;5
4181;20;4247253;4181;403;5213;5217;6.03;0.37;290.21;3.23;1032;24;1791.00;4
4181;20;4247269;4181;410;5213;5217;6.00;0.37;290.21;3.23;1032;24;1792.00;4
4183;20;4247279;4183;420;5216;5218;5.90;0.36;290.16;3.24;1033;24;1793.00;2
4186;20;4247295;4186;424;5216;5218;5.81;0.36;290.11;3.24;1030;24;1794.00;2
4189;20;4247306;4189;429;5218;5218;5.70;0.35;290.19;3.24;1029;24;1795.00;0
4190;20;4247316;4190;431;5218;5218;5.67;0.35;290.15;3.24;1028;24;1796.00;0
4191;20;4247327;4191;435;5218;5218;5.64;0.35;290.11;3.24;1027;24;1797.00;0
4195;20;4247337;4195;445;5218;5218;5.59;0.34;290.11;3.24;1023;24;1798.00;0
4198;20;4247348;4198;447;5218;5218;5.55;0.34;290.13;3.24;1020;24;1799.00;0
4201;20;4247361;4201;453;5283;5356;5.84;0.36;290.03;3.20;1082;24;1800.00;73
4204;20;4247387;4204;448;5288;5357;5.83;0.36;289.88;3.20;1084;24;1801.00;69
4206;20;4247399;4206;440;5306;5357;5.87;0.36;289.82;3.19;1100;24;1802.00;51
4207;20;4247411;4207;434;5308;5357;5.86;0.36;289.76;3.19;1101;24;1803.00;49
4211;20;4247422;4211;427;5316;5357;5.80;0.36;289.70;3.19;1105;24;1804.00;41
4212;20;4247433;4212;432;5319;5357;5.70;0.35;289.74;3.20;1107;24;1805.00;38
4214;20;4247445;4214;435;5326;5357;5.63;0.35;289.80;3.20;1112;24;1806.00;31
4217;20;4247457;4217;438;5332;5357;5.54;0.34;289.71;3.20;1115;24;1807.00;25
4221;20;4247469;4221;440;5337;5358;5.45;0.33;289.58;3.21;1116;24;1808.00;21
4223;20;4247480;4223;453;5342;5359;5.40;0.33;289.54;3.21;1119;24;1809.00;17
4224;20;4247491;4224;452;5344;5359;5.40;0.33;289.48;3.22;1120;24;1810.00;15
4226;20;4247502;4226;454;5351;5363;5.36;0.33;289.41;3.22;1125;24;1811.00;12
4230;20;4247513;4230;466;5351;5363;5.27;0.32;289.43;3.22;1121;24;1812.00;12
4232;20;4247524;4232;474;5353;5363;5.16;0.32;289.40;3.22;1121;24;1813.00;10
4235;20;4247535;4235;481;5353;5363;5.07;0.31;289.53;3.22;1118;24;1814.00;10
4236;20;4247546;4236;472;5358;5369;5.06;0.31;289.54;3.22;1122;24;1815.00;11
4240;20;4247557;4240;465;5358;5369;5.03;0.31;289.50;3.22;1118;24;1816.00;11
4242;20;4247568;4242;463;5359;5369;4.99;0.31;289.61;3.22;1117;24;1817.00;10
4246;20;4247579;4246;464;5360;5372;4.95;0.30;289.70;3.22;1114;24;1818.00;12
4248;20;4247589;4248;468;5361;5372;4.91;0.30;289.71;3.22;1113;24;1819.00;11
4252;20;4247600;4252;466;5362;5372;4.87;0.30;289.66;3.22;1110;24;1820.00;10
4253;20;4247610;4253;472;5363;5373;4.85;0.30;289.72;3.22;1110;24;1821.00;10
4254;20;4247621;4254;466;5364;5374;4.90;0.30;289.70;3.22;1110;24;1822.00;10
4255;20;4247631;4255;468;5364;5374;4.91;0.30;289.72;3.22;1109;24;1823.00;10
4258;20;4247642;4258;464;5376;5387;4.93;0.30;289.73;3.21;1118;24;1824.00;11
4259;20;4247654;4259;469;5376;5387;4.96;0.30;289.67;3.21;1117;24;1825.00;11
4263;20;4247664;4263;466;5377;5387;4.91;0.30;289.63;3.21;1114;24;1826.00;10
4267;20;4247675;4267;470;5377;5388;4.85;0.30;289.57;3.21;1110;24;1827.00;11
4267;20;4247685;4267;482;5377;5388;4.89;0.30;289.57;3.21;1110;24;1828.00;11
4270;20;4247696;4270;482;5381;5392;4.91;0.30;289.57;3.21;1111;24;1829.00;11
4273;20;4247709;4273;486;5381;5392;4.92;0.30;289.55;3.21;1108;24;1830.00;11
4275;20;4247719;4275;478;5384;5396;4.95;0.30;289.54;3.21;1109;24;1831.00;12
4279;20;4247731;4279;468;5384;5396;4.91;0.30;289.68;3.21;1105;24;1832.00;12
4284;20;4247742;4284;470;5384;5396;4.91;0.30;289.52;3.21;1100;24;1833.00;12
4286;20;4247754;4286;467;5384;5396;4.95;0.30;289.56;3.21;1098;24;1834.00;12
4287;20;4247765;4287;459;5385;5396;4.98;0.31;289.59;3.21;1098;24;1835.00;11
4288;20;4247775;4288;455;5394;5408;5.10;0.31;289.55;3.21;1106;24;1836.00;14
4288;20;4247788;4288;449;5394;5408;5.17;0.32;289.55;3.21;1106;24;1837.00;14
4291;20;4247804;4291;447;5395;5408;5.26;0.32;289.53;3.21;1104;24;1838.00;13
4293;20;4247820;4293;444;5396;5408;5.34;0.33;289.67;3.21;1103;24;1839.00;12
4296;20;4247832;4296;444;5396;5408;5.32;0.33;289.76;3.21;1100;24;1840.00;12
4299;20;4247843;4299;448;5396;5408;5.30;0.33;289.76;3.21;1097;24;1841.00;12
4300;20;4247855;4300;451;5396;5409;5.32;0.33;289.79;3.21;1096;24;1842.00;13
4306;20;4247866;4306;442;5396;5409;5.30;0.33;289.94;3.21;1090;24;1843.00;13
4308;20;4247878;4308;443;5401;5415;5.36;0.33;289.93;3.22;1093;24;1844.00;14
4314;20;4247890;4314;440;5402;5417;5.35;0.33;289.96;3.22;1088;24;1845.00;15
4317;20;4247904;4317;440;5402;5417;5.35;0.33;289.91;3.22;1085;24;1846.00;15
4319;21;4247915;4319;444;5402;5417;5.38;0.33;289.92;3.22;1083;25;1847.00;15
4321;21;4247933;4321;445;5405;5421;5.49;0.34;289.99;3.22;1084;25;1848.00;16
4323;21;4247945;4323;447;5406;5421;5.54;0.34;290.03;3.23;1083;25;1849.00;15
4324;21;4247966;4324;447;5406;5421;5.58;0.34;290.06;3.23;1082;25;1850.00;15
4327;21;4247978;4327;447;5408;5422;5.63;0.34;290.21;3.23;1081;25;1851.00;14
4328;21;4247989;4328;445;5411;5426;5.67;0.35;290.20;3.23;1083;25;1852.00;15
4334;21;4248001;4334;444;5412;5426;5.64;0.35;290.22;3.24;1078;25;1853.00;14
4337;21;4248013;4337;444;5414;5429;5.67;0.35;290.32;3.24;1077;25;1854.00;15
4341;21;4248025;4341;441;5414;5429;5.70;0.35;290.27;3.24;1073;25;1855.00;15
4349;21;4248036;4349;442;5414;5429;5.72;0.35;290.23;3.24;1065;25;1856.00;15
4353;21;4248048;4353;442;5415;5429;5.76;0.35;290.14;3.24;1062;25;1857.00;14
4358;21;4248060;4358;444;5419;5433;5.74;0.35;290.21;3.24;1061;25;1858.00;14
4362;21;4248072;4362;448;5419;5433;5.68;0.34;290.30;3.24;1057;25;1859.00;14
4362;21;4248084;4362;452;5420;5433;5.66;0.34;290.30;3.24;1058;25;1860.00;13
4365;21;4248095;4365;459;5420;5433;5.63;0.34;290.42;3.24;1055;25;1861.00;13
4367;21;4248107;4367;443;5421;5434;5.61;0.34;290.34;3.24;1054;25;1862.00;13
4370;21;4248118;4370;437;5422;5435;5.61;0.34;290.34;3.24;1052;25;1863.00;13
4370;21;4248130;4370;434;5423;5435;5.65;0.34;290.34;3.24;1053;25;1864.00;12
4372;21;4248142;4372;423;5424;5436;5.71;0.35;290.34;3.24;1052;25;1865.00;12
4376;21;4248153;4376;422;5424;5436;5.71;0.35;290.47;3.24;1048;25;1866.00;12
4376;21;4248164;4376;420;5424;5436;5.75;0.35;290.47;3.24;1048;25;1867.00;12
4381;21;4248176;4381;419;5424;5436;5.74;0.35;290.94;3.24;1043;25;1868.00;12
4381;21;4248188;4381;419;5424;5436;5.78;0.35;290.94;3.24;1043;25;1869.00;12
4386;21;4248199;4386;426;5424;5436;5.73;0.35;291.03;3.24;1038;25;1870.00;12
4388;21;4248210;4388;414;5424;5436;5.75;0.35;291.15;3.24;1036;25;1871.00;12
4390;21;4248222;4390;439;5502;5563;5.90;0.36;291.23;3.20;1112;25;1872.00;61
4395;21;4248243;4395;419;5503;5564;5.94;0.36;291.37;3.21;1108;25;1873.00;61
4397;21;4248256;4397;402;5508;5564;6.01;0.37;291.64;3.21;1111;25;1874.00;56
4399;21;4248268;4399;391;5511;5564;6.07;0.37;291.71;3.22;1112;25;1875.00;53
4401;21;4248280;4401;385;5515;5564;6.10;0.37;291.84;3.22;1114;25;1876.00;49
4402;21;4248293;4402;380;5516;5564;6.06;0.37;291.91;3.22;1114;25;1877.00;48
4403;21;4248305;4403;386;5518;5564;6.01;0.37;292.03;3.22;1115;25;1878.00;46
4406;21;4248317;4406;395;5521;5564;6.03;0.37;292.19;3.22;1115;25;1879.00;43
4409;21;4248329;4409;399;5523;5565;5.97;0.37;292.20;3.23;1114;25;1880.00;42
4412;21;4248342;4412;405;5527;5566;5.90;0.36;292.37;3.23;1115;25;1881.00;39
4414;21;4248354;4414;403;5531;5568;5.89;0.36;292.41;3.23;1117;25;1882.00;37
4416;21;4248373;4416;407;5534;5569;5.86;0.36;292.43;3.25;1118;25;1883.00;35
4419;21;4248385;4419;423;5536;5569;5.84;0.36;292.67;3.25;1117;25;1884.00;33
4421;21;4248398;4421;425;5539;5569;5.82;0.36;292.66;3.26;1118;25;1885.00;30
4422;21;4248410;4422;425;5544;5569;5.82;0.36;292.79;3.27;1122;25;1886.00;25
4424;21;4248422;4424;432;5546;5573;5.83;0.36;292.83;3.27;1122;25;1887.00;27
4428;21;4248435;4428;432;5547;5573;5.77;0.35;292.90;3.27;1119;25;1888.00;26
4431;21;4248448;4431;435;5548;5573;5.80;0.36;292.96;3.27;1117;25;1889.00;25
4432;21;4248462;4432;434;5551;5579;5.82;0.36;292.98;3.27;1119;25;1890.00;28
4435;21;4248475;4435;434;5554;5579;5.80;0.36;292.98;3.27;1119;25;1891.00;25
4437;21;4248488;4437;434;5554;5579;5.85;0.36;292.99;3.27;1117;25;1892.00;25
4440;21;4248500;4440;434;5558;5583;5.87;0.36;293.08;3.27;1118;25;1893.00;25
4442;21;4248513;4442;438;5560;5584;5.93;0.36;293.05;3.27;1118;25;1894.00;24
4443;21;4248525;4443;440;5561;5584;5.97;0.37;293.03;3.29;1118;25;1895.00;23
4446;21;4248538;4446;430;5565;5588;6.00;0.37;293.04;3.29;1119;25;1896.00;23
4449;21;4248549;4449;428;5565;5588;5.97;0.37;293.07;3.29;1116;25;1897.00;23
4449;21;4248561;4449;430;5567;5588;5.97;0.37;293.07;3.29;1118;25;1898.00;21
4451;21;4248573;4451;427;5568;5589;5.95;0.36;293.11;3.29;1117;25;1899.00;21
4456;21;4248585;4456;428;5568;5589;5.88;0.36;293.18;3.29;1112;25;1900.00;21
4459;21;4248601;4459;439;5573;5595;5.86;0.36;293.29;3.29;1114;25;1901.00;22
4459;21;4248613;4459;435;5573;5595;5.88;0.36;293.29;3.29;1114;25;1902.00;22
4461;21;4248630;4461;442;5573;5596;5.83;0.36;293.26;3.29;1112;25;1903.00;23
4463;21;4248642;4463;441;5573;5596;5.77;0.35;293.28;3.29;1110;25;1904.00;23
4464;21;4248653;4464;441;5573;5596;5.78;0.35;293.28;3.29;1109;25;1905.00;23
4467;21;4248666;4467;433;5574;5596;5.73;0.35;293.41;3.31;1107;25;1906.00;22
4468;21;4248677;4468;426;5574;5596;5.66;0.35;293.53;3.31;1106;25;1907.00;22
4471;21;4248689;4471;424;5583;5608;5.65;0.35;293.59;3.30;1112;25;1908.00;25
4475;21;4248702;4475;418;5584;5608;5.57;0.34;293.65;3.30;1109;25;1909.00;24
4479;21;4248713;4479;414;5585;5608;5.48;0.33;293.68;3.30;1106;25;1910.00;23
4480;21;4248724;4480;410;5586;5608;5.51;0.34;293.72;3.31;1106;25;1911.00;22
4483;21;4248736;4483;400;5586;5608;5.55;0.34;293.81;3.31;1103;25;1912.00;22
4485;21;4248747;4485;390;5586;5608;5.63;0.34;293.87;3.31;1101;25;1913.00;22
4489;21;4248759;4489;390;5589;5612;5.66;0.34;294.03;3.31;1100;25;1914.00;23
4491;21;4248770;4491;381;5589;5612;5.72;0.35;294.08;3.31;1098;25;1915.00;23
4496;21;4248782;4496;376;5593;5616;5.74;0.35;294.30;3.31;1097;25;1916.00;23
4498;21;4248793;4498;367;5594;5617;5.67;0.34;294.36;3.30;1096;25;1917.00;23
4500;21;4248805;4500;368;5594;5617;5.59;0.34;294.38;3.30;1094;25;1918.00;23
4503;21;4248816;4503;372;5596;5617;5.52;0.34;294.55;3.33;1093;25;1919.00;21
4505;21;4248829;4505;380;5617;5646;5.53;0.34;294.63;3.33;1112;25;1920.00;29
4508;21;4248842;4508;378;5618;5646;5.53;0.34;294.67;3.33;1110;25;1921.00;28
4511;21;4248853;4511;373;5619;5646;5.51;0.34;294.74;3.33;1108;25;1922.00;27
4515;21;4248865;4515;376;5621;5647;5.54;0.34;294.85;3.33;1106;25;1923.00;26
4517;21;4248876;4517;373;5622;5648;5.57;0.34;294.83;3.33;1105;25;1924.00;26
4517;21;4248887;4517;373;5622;5648;5.61;0.34;294.83;3.33;1105;25;1925.00;26
4519;21;4248897;4519;369;5624;5651;5.65;0.35;294.80;3.33;1105;25;1926.00;27
4522;21;4248908;4522;362;5626;5651;5.69;0.35;294.89;3.33;1104;25;1927.00;25
4525;21;4248920;4525;370;5626;5651;5.72;0.35;294.91;3.33;1101;25;1928.00;25
4527;21;4248931;4527;366;5626;5651;5.74;0.35;294.86;3.33;1099;25;1929.00;25
4532;21;4248942;4532;369;5631;5657;5.77;0.35;295.01;3.33;1099;25;1930.00;26
4534;21;4248955;4534;363;5631;5657;5.76;0.35;295.05;3.33;1097;25;1931.00;26
4537;21;4248970;4537;367;5631;5657;5.70;0.35;295.20;3.33;1094;25;1932.00;26
4539;21;4248982;4539;370;5631;5657;5.74;0.35;295.27;3.33;1092;25;1933.00;26
4543;21;4248993;4543;377;5634;5661;5.72;0.35;295.36;3.32;1091;25;1934.00;27
4543;21;4249005;4543;385;5636;5663;5.72;0.35;295.36;3.32;1093;25;1935.00;27
4547;21;4249017;4547;390;5636;5663;5.68;0.35;295.32;3.32;1089;25;1936.00;27
4549;21;4249029;4549;393;5637;5664;5.73;0.35;295.42;3.32;1088;25;1937.00;27
4550;21;4249041;4550;396;5637;5664;5.69;0.35;295.49;3.32;1087;25;1938.00;27
4552;21;4249052;4552;394;5637;5664;5.67;0.34;295.55;3.32;1085;25;1939.00;27
4554;21;4249064;4554;394;5638;5664;5.63;0.34;295.56;3.34;1084;25;1940.00;26
4558;21;4249076;4558;392;5638;5664;5.60;0.34;295.55;3.34;1080;25;1941.00;26
4559;21;4249087;4559;398;5638;5664;5.59;0.34;295.53;3.34;1079;25;1942.00;26
4559;21;4249098;4559;401;5638;5664;5.58;0.34;295.53;3.34;1079;25;1943.00;26
4559;21;4249109;4559;411;5675;5734;5.79;0.35;295.53;3.34;1116;25;1944.00;59
4561;21;4249126;4561;419;5678;5735;5.73;0.35;295.46;3.35;1117;25;1945.00;57
4561;21;4249137;4561;426;5685;5735;5.78;0.35;295.46;3.35;1124;25;1946.00;50
4564;21;4249148;4564;422;5689;5735;5.72;0.35;295.34;3.37;1125;25;1947.00;46
4565;21;4249160;4565;424;5691;5735;5.69;0.35;295.29;3.37;1126;25;1948.00;44
4566;21;4249171;4566;424;5693;5735;5.62;0.34;295.28;3.38;1127;25;1949.00;42
4567;21;4249184;4567;433;5699;5737;5.58;0.34;295.29;3.38;1132;25;1950.00;38
4569;21;4249195;4569;440;5700;5737;5.54;0.34;295.32;3.38;1131;25;1951.00;37
4572;21;4249207;4572;449;5703;5738;5.45;0.33;295.25;3.39;1131;25;1952.00;35
4576;21;4249218;4576;451;5707;5739;5.36;0.33;295.08;3.41;1131;25;1953.00;32
4577;21;4249230;4577;463;5710;5739;5.31;0.32;295.05;3.42;1133;25;1954.00;29
4579;21;4249241;4579;465;5717;5743;5.25;0.32;294.99;3.43;1138;25;1955.00;26
4579;21;4249255;4579;470;5718;5743;5.17;0.32;294.99;3.43;1139;25;1956.00;25
4580;21;4249266;4580;471;5720;5743;5.08;0.31;294.97;3.46;1140;25;1957.00;23
4582;21;4249277;4582;470;5720;5743;4.98;0.30;294.90;3.46;1138;25;1958.00;23
4586;21;4249288;4586;479;5725;5749;4.95;0.30;294.75;3.46;1139;25;1959.00;24
4588;21;4249300;4588;481;5727;5749;4.89;0.30;294.69;3.49;1139;26;1960.00;22
4588;21;4249319;4588;484;5727;5749;4.86;0.30;294.69;3.49;1139;26;1961.00;22
4591;21;4249330;4591;492;5731;5752;4.77;0.29;294.56;3.52;1140;26;1962.00;21
4593;21;4249342;4593;497;5731;5752;4.68;0.29;294.54;3.52;1138;26;1963.00;21
4595;21;4249352;4595;500;5733;5752;4.58;0.28;294.53;3.53;1138;26;1964.00;19
4595;21;4249368;4595;501;5733;5753;4.54;0.28;294.53;3.53;1138;26;1965.00;20
4596;21;4249379;4596;499;5734;5754;4.52;0.28;294.49;3.53;1138;26;1966.00;20
4598;21;4249390;4598;503;5734;5754;4.48;0.27;294.38;3.53;1136;26;1967.00;20
4601;21;4249400;4601;511;5746;5767;4.50;0.27;294.31;3.53;1145;26;1968.00;21
4603;21;4249412;4603;510;5746;5767;4.51;0.27;294.23;3.53;1143;26;1969.00;21
4605;21;4249422;4605;515;5749;5767;4.46;0.27;294.19;3.57;1144;26;1970.00;18
4609;21;4249432;4609;517;5750;5768;4.43;0.27;294.19;3.57;1141;26;1971.00;18
4610;21;4249443;4610;518;5750;5768;4.41;0.27;294.14;3.57;1140;26;1972.00;18
4611;21;4249452;4611;529;5755;5772;4.46;0.27;294.09;3.57;1144;26;1973.00;17
4612;21;4249463;4612;533;5755;5772;4.44;0.27;294.06;3.57;1143;26;1974.00;17
4613;21;4249473;4613;541;5759;5776;4.39;0.27;294.05;3.58;1146;26;1975.00;17
4616;21;4249483;4616;549;5759;5776;4.30;0.26;294.05;3.58;1143;27;1976.00;17
4618;21;4249501;4618;556;5759;5776;4.17;0.25;294.04;3.58;1141;27;1977.00;17
4618;21;4249511;4618;537;5759;5776;4.06;0.25;294.04;3.58;1141;27;1978.00;17
4621;21;4249520;4621;532;5759;5776;3.97;0.24;294.13;3.58;1138;27;1979.00;17
4623;21;4249531;4623;509;5785;5810;4.18;0.26;294.06;3.56;1162;27;1980.00;25
4626;21;4249544;4626;501;5785;5810;4.21;0.26;294.15;3.56;1159;27;1981.00;25
4626;21;4249555;4626;494;5787;5810;4.28;0.26;294.15;3.56;1161;27;1982.00;23
4629;21;4249565;4629;478;5787;5810;4.30;0.26;294.26;3.56;1158;27;1983.00;23
4629;21;4249581;4629;465;5788;5810;4.36;0.27;294.26;3.56;1159;27;1984.00;22
4631;21;4249596;4631;465;5788;5810;4.40;0.27;294.27;3.56;1157;27;1985.00;22
4632;21;4249608;4632;460;5788;5811;4.46;0.27;294.29;3.56;1156;27;1986.00;23
4633;21;4249619;4633;456;5788;5811;4.49;0.28;294.33;3.56;1155;27;1987.00;23
4636;21;4249630;4636;455;5793;5817;4.61;0.28;294.29;3.56;1157;27;1988.00;24
4638;21;4249642;4638;453;5794;5818;4.67;0.29;294.30;3.56;1156;27;1989.00;24
4639;21;4249657;4639;437;5794;5818;4.73;0.29;294.29;3.56;1155;27;1990.00;24
4642;21;4249668;4642;436;5794;5818;4.75;0.29;294.25;3.56;1152;27;1991.00;24
4645;21;4249679;4645;430;5797;5822;4.82;0.30;294.33;3.57;1152;27;1992.00;25
4645;21;4249691;4645;427;5798;5822;4.92;0.30;294.33;3.57;1153;27;1993.00;24
4649;21;4249703;4649;422;5798;5822;5.01;0.31;294.41;3.57;1149;27;1994.00;24
4650;21;4249715;4650;419;5799;5823;5.11;0.31;294.37;3.57;1149;27;1995.00;24
4653;21;4249726;4653;416;5802;5827;5.18;0.32;294.42;3.57;1149;27;1996.00;25
4655;21;4249740;4655;414;5802;5827;5.27;0.32;294.39;3.57;1147;27;1997.00;25
4658;21;4249754;4658;411;5805;5830;5.35;0.33;294.37;3.57;1147;27;1998.00;25
4665;21;4249765;4665;412;5805;5830;5.35;0.33;294.49;3.57;1140;27;1999.00;25
4667;21;4249778;4667;409;5805;5830;5.37;0.33;294.54;3.57;1138;27;2000.00;25
4671;21;4249793;4671;407;5805;5830;5.41;0.33;294.61;3.57;1134;27;2001.00;25
4676;21;4249805;4676;407;5809;5834;5.41;0.33;294.83;3.57;1133;27;2002.00;25
4679;21;4249818;4679;402;5809;5834;5.41;0.33;294.97;3.57;1130;27;2003.00;25
4681;21;4249830;4681;410;5809;5834;5.43;0.33;294.92;3.57;1128;27;2004.00;25
4688;21;4249841;4688;409;5809;5834;5.38;0.33;295.01;3.57;1121;27;2005.00;25
4691;21;4249854;4691;406;5809;5835;5.42;0.33;295.12;3.57;1118;27;2006.00;26
4696;21;4249866;4696;404;5810;5836;5.46;0.34;295.32;3.57;1114;27;2007.00;26
4700;21;4249878;4700;404;5810;5836;5.53;0.34;295.55;3.57;1110;27;2008.00;26
4707;21;4249890;4707;404;5812;5837;5.58;0.34;295.88;3.58;1105;27;2009.00;25
4711;21;4249904;4711;408;5812;5837;5.65;0.35;295.98;3.58;1101;27;2010.00;25
4716;21;4249916;4716;399;5812;5837;5.69;0.35;296.26;3.58;1096;27;2011.00;25
4722;21;4249928;4722;399;5812;5837;5.70;0.35;296.42;3.58;1090;27;2012.00;25
4725;21;4249940;4725;400;5812;5837;5.74;0.35;296.55;3.58;1087;27;2013.00;25
4730;21;4249957;4730;394;5812;5837;5.75;0.35;296.63;3.58;1082;27;2014.00;25
4733;21;4249968;4733;397;5812;5837;5.75;0.35;296.65;3.58;1079;27;2015.00;25
4738;21;4249980;4738;419;5902;5964;5.85;0.36;296.67;3.53;1164;27;2016.00;62
4744;21;4250002;4744;416;5904;5965;5.84;0.36;296.98;3.52;1160;27;2017.00;61
4747;21;4250015;4747;404;5907;5965;5.83;0.36;297.17;3.52;1160;27;2018.00;58
4752;21;4250027;4752;408;5910;5965;5.77;0.36;297.20;3.54;1158;27;2019.00;55
4756;21;4250039;4756;407;5912;5965;5.74;0.36;297.34;3.54;1156;27;2020.00;53
4761;21;4250051;4761;414;5914;5965;5.75;0.36;297.53;3.54;1153;27;2021.00;51
4764;21;4250064;4764;411;5915;5965;5.72;0.35;297.54;3.54;1151;27;2022.00;50
4767;21;4250077;4767;425;5916;5965;5.72;0.35;297.63;3.54;1149;27;2023.00;49
4773;21;4250089;4773;425;5916;5966;5.72;0.35;297.66;3.54;1143;27;2024.00;50
4775;21;4250103;4775;439;5918;5968;5.73;0.35;297.64;3.54;1143;27;2025.00;50
4778;21;4250115;4778;447;5919;5968;5.69;0.35;297.69;3.54;1141;27;2026.00;49
4779;21;4250127;4779;452;5921;5969;5.67;0.35;297.74;3.54;1142;27;2027.00;48
4783;21;4250141;4783;453;5921;5969;5.59;0.34;297.77;3.54;1138;27;2028.00;48
4785;21;4250154;4785;450;5922;5969;5.55;0.34;297.83;3.54;1137;27;2029.00;47
4787;21;4250166;4787;452;5923;5969;5.55;0.34;297.89;3.54;1136;27;2030.00;46
4791;21;4250180;4791;457;5926;5973;5.57;0.34;297.89;3.55;1135;27;2031.00;47
4793;21;4250193;4793;464;5929;5973;5.57;0.34;298.01;3.56;1136;27;2032.00;44
4796;21;4250211;4796;472;5929;5973;5.57;0.34;298.10;3.56;1133;27;2033.00;44
4799;21;4250230;4799;475;5930;5976;5.60;0.34;298.01;3.56;1131;27;2034.00;46
4802;21;4250244;4802;471;5931;5976;5.64;0.35;298.14;3.56;1129;27;2035.00;45
4806;21;4250258;4806;457;5932;5976;5.62;0.34;298.30;3.56;1126;27;2036.00;44
4812;21;4250271;4812;448;5936;5980;5.65;0.35;298.56;3.57;1124;27;2037.00;44
4812;21;4250285;4812;441;5938;5981;5.76;0.35;298.56;3.57;1126;27;2038.00;43
4815;21;4250298;4815;438;5938;5981;5.86;0.36;298.69;3.57;1123;27;2039.00;43
4816;21;4250313;4816;437;5941;5986;6.00;0.37;298.78;3.57;1125;27;2040.00;45
4820;21;4250326;4820;435;5942;5986;5.98;0.37;298.90;3.57;1122;27;2041.00;44
4824;21;4250340;4824;429;5944;5986;5.99;0.37;299.12;3.58;1120;27;2042.00;42
4829;21;4250353;4829;437;5946;5987;6.03;0.37;299.22;3.58;1117;27;2043.00;41
4832;21;4250366;4832;438;5948;5987;6.02;0.37;299.21;3.58;1116;27;2044.00;39
4833;21;4250378;4833;444;5952;5993;6.00;0.37;299.28;3.58;1119;27;2045.00;41
4833;21;4250392;4833;449;5952;5993;6.01;0.37;299.28;3.58;1119;27;2046.00;41
4834;21;4250404;4834;447;5952;5994;6.01;0.37;299.39;3.58;1118;27;2047.00;42
4837;21;4250417;4837;452;5953;5994;5.98;0.36;299.49;3.58;1116;27;2048.00;41
4838;21;4250429;4838;449;5953;5994;5.99;0.36;299.51;3.58;1115;27;2049.00;41
4839;21;4250442;4839;445;5956;5994;6.01;0.37;299.50;3.58;1117;27;2050.00;38
4844;21;4250454;4844;441;5956;5994;5.97;0.36;299.51;3.58;1112;27;2051.00;38
4848;21;4250466;4848;438;5964;6006;5.95;0.36;299.51;3.58;1116;27;2052.00;42
4850;21;4250480;4850;442;5964;6006;5.94;0.36;299.53;3.58;1114;27;2053.00;42
4852;21;4250492;4852;442;5966;6006;5.93;0.36;299.63;3.58;1114;27;2054.00;40
4855;21;4250505;4855;441;5966;6006;5.86;0.36;299.59;3.58;1111;27;2055.00;40
4858;21;4250518;4858;441;5967;6006;5.85;0.35;299.51;3.58;1109;27;2056.00;39
4859;21;4250530;4859;446;5967;6006;5.84;0.35;299.49;3.58;1108;27;2057.00;39
4861;21;4250542;4861;441;5970;6010;5.76;0.35;299.61;3.58;1109;27;2058.00;40
4864;21;4250554;4864;439;5970;6010;5.73;0.35;299.67;3.58;1106;27;2059.00;40
4864;21;4250566;4864;444;5974;6014;5.76;0.35;299.67;3.58;1110;27;2060.00;40
4866;21;4250579;4866;447;5975;6015;5.72;0.35;299.71;3.58;1109;27;2061.00;40
4869;21;4250591;4869;445;5975;6015;5.72;0.35;299.82;3.58;1106;27;2062.00;40
4872;21;4250603;4872;448;5975;6015;5.70;0.34;299.89;3.58;1103;27;2063.00;40
4872;21;4250615;4872;451;5986;6028;5.78;0.35;299.89;3.57;1114;27;2064.00;42
4875;21;4250628;4875;454;5986;6028;5.70;0.34;299.86;3.57;1111;27;2065.00;42
4876;21;4250645;4876;459;5986;6028;5.66;0.34;299.86;3.57;1110;27;2066.00;42
4878;21;4250657;4878;465;5987;6029;5.67;0.34;299.91;3.57;1109;27;2067.00;42
4879;21;4250674;4879;466;5987;6030;5.65;0.34;299.90;3.57;1108;27;2068.00;43
4881;21;4250686;4881;469;5987;6030;5.61;0.34;300.00;3.57;1106;27;2069.00;43
4882;21;4250700;4882;468;5991;6036;5.61;0.34;300.04;3.57;1109;27;2070.00;45
4882;21;4250712;4882;459;5991;6036;5.63;0.34;300.04;3.57;1109;27;2071.00;45
4885;21;4250724;4885;457;5993;6036;5.58;0.34;300.03;3.57;1108;27;2072.00;43
4886;21;4250736;4886;454;5993;6036;5.48;0.33;300.06;3.57;1107;27;2073.00;43
4888;21;4250748;4888;448;5998;6042;5.45;0.33;300.21;3.56;1110;27;2074.00;44
4890;21;4250761;4890;441;5998;6042;5.36;0.32;300.20;3.56;1108;27;2075.00;44
4894;21;4250773;4894;437;5998;6042;5.27;0.32;300.51;3.56;1104;27;2076.00;44
4895;21;4250789;4895;441;5998;6042;5.25;0.32;300.54;3.56;1103;27;2077.00;44
4897;21;4250800;4897;440;6001;6046;5.23;0.32;300.69;3.56;1104;27;2078.00;45
4900;21;4250812;4900;445;6002;6047;5.22;0.32;300.91;3.56;1102;27;2079.00;45
4903;21;4250823;4903;443;6002;6047;5.14;0.31;300.93;3.56;1099;27;2080.00;45
4905;21;4250834;4905;442;6003;6048;5.12;0.31;300.98;3.56;1098;27;2081.00;45
4905;21;4250846;4905;444;6003;6048;5.10;0.31;300.98;3.56;1098;27;2082.00;45
4907;21;4250857;4907;447;6003;6048;5.04;0.31;300.97;3.56;1096;27;2083.00;45
4911;21;4250867;4911;451;6004;6048;5.01;0.30;301.11;3.59;1093;27;2084.00;44
4912;21;4250880;4912;445;6005;6048;5.03;0.31;301.12;3.61;1093;27;2085.00;43
4916;21;4250891;4916;440;6005;6048;5.03;0.31;301.18;3.61;1089;27;2086.00;43
4919;21;4250901;4919;446;6005;6048;5.02;0.30;301.26;3.61;1086;27;2087.00;43
4923;21;4250911;4923;452;6041;6118;5.27;0.32;301.28;3.59;1118;27;2088.00;77
4926;21;4250928;4926;451;6042;6119;5.27;0.32;301.32;3.59;1116;27;2089.00;77
4927;21;4250939;4927;450;6051;6119;5.34;0.33;301.31;3.59;1124;27;2090.00;68
4929;21;4250950;4929;446;6054;6119;5.36;0.33;301.30;3.59;1125;27;2091.00;65
4930;21;4250961;4930;448;6056;6119;5.35;0.33;301.25;3.59;1126;27;2092.00;63
4933;21;4250973;4933;445;6060;6119;5.33;0.32;301.18;3.59;1127;27;2093.00;59
4934;21;4250985;4934;442;6063;6119;5.34;0.32;301.18;3.59;1129;27;2094.00;56
4936;21;4250996;4936;439;6066;6119;5.31;0.32;301.09;3.59;1130;27;2095.00;53
4937;21;4251007;4937;443;6068;6120;5.29;0.32;301.03;3.60;1131;27;2096.00;52
4938;21;4251019;4938;444;6069;6121;5.26;0.32;301.02;3.60;1131;27;2097.00;52
4940;21;4251032;4940;447;6071;6121;5.22;0.32;300.95;3.60;1131;27;2098.00;50
4943;21;4251043;4943;444;6075;6125;5.21;0.32;301.02;3.60;1132;27;2099.00;50
4945;21;4251057;4945;440;6080;6140;5.19;0.32;300.92;3.59;1135;27;2100.00;60
4946;21;4251075;4946;443;6080;6140;5.17;0.31;300.96;3.59;1134;27;2101.00;60
4948;21;4251086;4948;439;6080;6140;5.13;0.31;300.90;3.59;1132;27;2102.00;60
4949;21;4251097;4949;447;6084;6146;5.11;0.31;300.85;3.59;1135;27;2103.00;62
4950;21;4251109;4950;446;6084;6146;5.05;0.31;300.81;3.59;1134;27;2104.00;62
4950;21;4251121;4950;455;6087;6146;5.01;0.31;300.81;3.62;1137;27;2105.00;59
4952;21;4251132;4952;455;6090;6149;4.99;0.30;300.76;3.65;1138;27;2106.00;59
4953;21;4251144;4953;457;6091;6149;5.00;0.31;300.70;3.65;1138;27;2107.00;58
4953;21;4251154;4953;458;6091;6149;4.99;0.31;300.70;3.65;1138;27;2108.00;58
4955;21;4251165;4955;455;6091;6150;4.96;0.30;300.72;3.65;1136;27;2109.00;59
4957;21;4251182;4957;465;6093;6151;4.95;0.30;300.68;3.67;1136;27;2110.00;58
4957;21;4251192;4957;464;6095;6151;4.94;0.30;300.68;3.68;1138;27;2111.00;56
4958;21;4251204;4958;471;6105;6164;4.94;0.30;300.63;3.67;1147;27;2112.00;59
4960;21;4251217;4960;474;6105;6164;4.91;0.30;300.54;3.67;1145;27;2113.00;59
4961;21;4251228;4961;477;6106;6164;4.87;0.30;300.65;3.70;1145;27;2114.00;58
4962;21;4251239;4962;478;6108;6166;4.84;0.30;300.59;3.70;1146;27;2115.00;58
4962;21;4251250;4962;486;6109;6166;4.82;0.30;300.59;3.72;1147;27;2116.00;57
4964;21;4251261;4964;498;6115;6170;4.82;0.30;300.61;3.75;1151;27;2117.00;55
4964;21;4251272;4964;500;6115;6170;4.80;0.29;300.61;3.75;1151;27;2118.00;55
4966;21;4251285;4966;504;6118;6174;4.78;0.29;300.59;3.75;1152;27;2119.00;56
4970;21;4251297;4970;505;6119;6174;4.66;0.29;300.51;3.78;1149;27;2120.00;55
4972;21;4251308;4972;511;6119;6174;4.61;0.28;300.47;3.78;1147;27;2121.00;55
4975;21;4251318;4975;518;6121;6174;4.54;0.28;300.62;3.83;1146;27;2122.00;53
4977;21;4251329;4977;522;6124;6174;4.48;0.27;300.56;3.86;1147;27;2123.00;50
4980;21;4251339;4980;524;6134;6186;4.47;0.27;300.56;3.88;1154;27;2124.00;52
4980;21;4251350;4980;519;6135;6186;4.44;0.27;300.56;3.88;1155;27;2125.00;51
4980;21;4251361;4980;517;6139;6186;4.44;0.27;300.56;3.93;1159;27;2126.00;47
4981;21;4251371;4981;512;6139;6186;4.41;0.27;300.53;3.93;1158;27;2127.00;47
4984;21;4251382;4984;512;6141;6186;4.38;0.27;300.45;3.94;1157;27;2128.00;45
4985;21;4251393;4985;504;6143;6186;4.35;0.26;300.44;3.98;1158;27;2129.00;43
4988;21;4251406;4988;500;6144;6187;4.33;0.26;300.48;3.99;1156;27;2130.00;43
4988;21;4251419;4988;503;6144;6187;4.34;0.26;300.48;3.99;1156;27;2131.00;43
4990;21;4251435;4990;497;6151;6193;4.41;0.27;300.44;4.03;1161;27;2132.00;42
4990;21;4251447;4990;499;6152;6194;4.46;0.27;300.44;4.03;1162;27;2133.00;42
4993;21;4251458;4993;498;6154;6194;4.45;0.27;300.34;4.07;1161;27;2134.00;40
4994;21;4251469;4994;492;6154;6194;4.46;0.27;300.31;4.07;1160;27;2135.00;40
4995;21;4251480;4995;497;6159;6198;4.50;0.27;300.38;4.11;1164;27;2136.00;39
4998;21;4251491;4998;494;6159;6198;4.48;0.27;300.35;4.11;1161;27;2137.00;39
4999;21;4251502;4999;499;6160;6198;4.46;0.27;300.38;4.13;1161;27;2138.00;38
4999;21;4251512;4999;510;6161;6199;4.44;0.27;300.38;4.13;1162;27;2139.00;38
4999;21;4251528;4999;512;6165;6203;4.43;0.27;300.38;4.15;1166;27;2140.00;38
5000;21;4251539;5000;514;6165;6203;4.45;0.27;300.39;4.15;1165;27;2141.00;38
5002;21;4251550;5002;518;6167;6206;4.50;0.27;300.38;4.15;1165;27;2142.00;39
5003;21;4251561;5003;511;6167;6206;4.51;0.27;300.39;4.15;1164;27;2143.00;39
5006;21;4251571;5006;511;6168;6206;4.50;0.27;300.32;4.15;1162;27;2144.00;38
5008;21;4251581;5008;508;6168;6206;4.54;0.27;300.32;4.15;1160;27;2145.00;38
5009;21;4251592;5009;502;6172;6210;4.60;0.28;300.46;4.14;1163;27;2146.00;38
5013;21;4251603;5013;499;6172;6210;4.56;0.28;300.56;4.14;1159;27;2147.00;38
5015;21;4251614;5015;497;6172;6210;4.57;0.28;300.62;4.14;1157;27;2148.00;38
5016;21;4251625;5016;491;6172;6210;4.64;0.28;300.66;4.14;1156;27;2149.00;38
5020;21;4251635;5020;482;6172;6211;4.64;0.28;300.58;4.14;1152;27;2150.00;39
5024;21;4251646;5024;479;6173;6212;4.68;0.28;300.84;4.14;1149;27;2151.00;39
5026;21;4251657;5026;473;6173;6212;4.75;0.29;300.80;4.14;1147;27;2152.00;39
5031;21;4251668;5031;465;6174;6213;4.80;0.29;300.93;4.14;1143;27;2153.00;39
5035;21;4251680;5035;462;6174;6213;4.83;0.29;301.12;4.14;1139;27;2154.00;39
5037;21;4251691;5037;452;6174;6213;4.86;0.29;301.11;4.14;1137;27;2155.00;39
5038;21;4251703;5038;444;6174;6213;4.93;0.30;301.09;4.14;1136;27;2156.00;39
5040;21;4251714;5040;442;6174;6213;5.00;0.30;301.12;4.14;1134;27;2157.00;39
5043;21;4251726;5043;435;6174;6213;5.06;0.31;301.30;4.14;1131;27;2158.00;39
5045;21;4251738;5045;430;6174;6213;5.11;0.31;301.36;4.14;1129;27;2159.00;39
5049;21;4251751;5049;440;6270;6443;5.60;0.35;301.44;4.08;1221;27;2160.00;173
5055;21;4251780;5055;434;6278;6444;5.65;0.35;301.67;4.08;1223;27;2161.00;166
5058;21;4251792;5058;424;6290;6444;5.77;0.36;301.82;4.07;1232;27;2162.00;154
5059;21;4251805;5059;416;6300;6444;5.83;0.36;301.85;4.07;1241;27;2163.00;144
5064;21;4251818;5064;408;6310;6444;5.80;0.36;301.90;4.07;1246;27;2164.00;134
5068;21;4251832;5068;410;6317;6444;5.78;0.36;302.09;4.07;1249;27;2165.00;127
5071;21;4251846;5071;408;6323;6444;5.76;0.36;302.10;4.07;1252;27;2166.00;121
5074;21;4251859;5074;411;6326;6444;5.74;0.36;302.28;4.07;1252;27;2167.00;118
5079;21;4251872;5079;416;6335;6445;5.72;0.35;302.39;4.11;1256;27;2168.00;110
5080;21;4251886;5080;427;6338;6446;5.79;0.36;302.45;4.11;1258;27;2169.00;108
5083;21;4251899;5083;429;6342;6446;5.77;0.36;302.57;4.11;1259;27;2170.00;104
5087;21;4251913;5087;438;6345;6447;5.79;0.36;302.73;4.12;1258;27;2171.00;102
5090;21;4251926;5090;441;6345;6447;5.78;0.36;302.86;4.12;1255;27;2172.00;102
5097;21;4251940;5097;441;6348;6447;5.71;0.35;303.08;4.12;1251;27;2173.00;99
5097;21;4251954;5097;451;6348;6447;5.71;0.35;303.08;4.12;1251;27;2174.00;99
5104;21;4251968;5104;463;6351;6451;5.63;0.35;303.26;4.12;1247;27;2175.00;100
5108;21;4251982;5108;463;6353;6451;5.61;0.35;303.57;4.13;1245;27;2176.00;98
5110;21;4251996;5110;466;6355;6451;5.61;0.34;303.60;4.13;1245;27;2177.00;96
5114;21;4252009;5114;470;6355;6454;5.64;0.35;303.75;4.13;1241;27;2178.00;99
5116;21;4252022;5116;473;6356;6454;5.67;0.35;303.87;4.13;1240;27;2179.00;98
5118;21;4252037;5118;474;6358;6454;5.69;0.35;303.94;4.14;1240;27;2180.00;96
5122;21;4252051;5122;468;6362;6458;5.70;0.35;304.06;4.14;1240;27;2181.00;96
5127;21;4252070;5127;477;6363;6459;5.67;0.35;304.20;4.14;1236;27;2182.00;96
5132;21;4252084;5132;477;6364;6459;5.65;0.35;304.23;4.14;1232;27;2183.00;95
5137;21;4252103;5137;473;6365;6463;5.59;0.34;304.39;4.14;1228;27;2184.00;98
5141;21;4252117;5141;475;6366;6463;5.57;0.34;304.51;4.15;1225;27;2185.00;97
5145;21;4252136;5145;478;6366;6463;5.48;0.33;304.60;4.15;1221;27;2186.00;97
5148;21;4252149;5148;483;6367;6464;5.43;0.33;304.84;4.15;1219;27;2187.00;97
5150;21;4252162;5150;493;6367;6464;5.46;0.33;304.98;4.15;1217;27;2188.00;97
5152;21;4252175;5152;497;6370;6470;5.39;0.33;305.03;4.15;1218;27;2189.00;100
5155;21;4252189;5155;497;6372;6470;5.31;0.32;305.24;4.15;1217;27;2190.00;98
5157;21;4252203;5157;494;6373;6471;5.29;0.32;305.49;4.16;1216;27;2191.00;98
5161;21;4252216;5161;490;6373;6471;5.28;0.32;305.66;4.16;1212;27;2192.00;98
5162;21;4252230;5162;478;6375;6471;5.29;0.32;305.67;4.19;1213;27;2193.00;96
5163;21;4252243;5163;475;6375;6471;5.32;0.32;305.77;4.19;1212;27;2194.00;96
5167;21;4252256;5167;466;6376;6471;5.36;0.33;305.91;4.20;1209;27;2195.00;95
5171;21;4252269;5171;464;6384;6483;5.43;0.33;306.18;4.20;1213;27;2196.00;99
5173;21;4252284;5173;460;6385;6483;5.50;0.34;306.21;4.21;1212;27;2197.00;98
5174;21;4252297;5174;469;6387;6483;5.51;0.34;306.29;4.22;1213;27;2198.00;96
5179;21;4252311;5179;468;6388;6483;5.53;0.34;306.41;4.22;1209;27;2199.00;95
5182;21;4252325;5182;469;6390;6483;5.56;0.34;306.38;4.23;1208;27;2200.00;93
5187;21;4252342;5187;463;6393;6483;5.56;0.34;306.42;4.24;1206;27;2201.00;90
5189;21;4252361;5189;456;6397;6487;5.54;0.34;306.41;4.24;1208;27;2202.00;90
5192;21;4252376;5192;455;6400;6487;5.53;0.34;306.53;4.25;1208;27;2203.00;87
5196;21;4252390;5196;455;6405;6491;5.51;0.33;306.64;4.26;1209;27;2204.00;86
5197;21;4252409;5197;460;6407;6493;5.52;0.34;306.62;4.26;1210;27;2205.00;86
5199;21;4252427;5199;466;6408;6493;5.53;0.34;306.73;4.26;1209;27;2206.00;85
5199;21;4252441;5199;469;6410;6493;5.54;0.34;306.73;4.26;1211;27;2207.00;83
5202;21;4252454;5202;477;6418;6506;5.56;0.34;306.83;4.29;1216;27;2208.00;88
5205;21;4252469;5205;476;6419;6506;5.59;0.34;307.03;4.29;1214;27;2209.00;87
5210;21;4252483;5210;490;6421;6508;5.55;0.34;307.07;4.29;1211;27;2210.00;87
5213;21;4252497;5213;487;6423;6509;5.55;0.34;307.09;4.29;1210;27;2211.00;86
5218;21;4252510;5218;484;6425;6510;5.49;0.33;307.20;4.30;1207;27;2212.00;85
5220;21;4252524;5220;486;6425;6510;5.47;0.33;307.28;4.30;1205;27;2213.00;85
5223;21;4252537;5223;486;6428;6513;5.46;0.33;307.56;4.30;1205;27;2214.00;85
5228;21;4252551;5228;490;6429;6513;5.41;0.33;307.77;4.32;1201;27;2215.00;84
5230;21;4252564;5230;493;6430;6513;5.41;0.33;307.75;4.32;1200;27;2216.00;83
5233;21;4252577;5233;489;6431;6513;5.39;0.33;307.88;4.32;1198;27;2217.00;82
5234;21;4252590;5234;487;6437;6519;5.44;0.33;307.95;4.32;1203;27;2218.00;82
5237;21;4252603;5237;489;6438;6519;5.44;0.33;308.03;4.32;1201;27;2219.00;81
5238;21;4252618;5238;482;6438;6519;5.46;0.33;308.06;4.32;1200;27;2220.00;81
5243;21;4252630;5243;486;6438;6519;5.42;0.33;308.11;4.32;1195;27;2221.00;81
5246;21;4252644;5246;494;6441;6523;5.37;0.33;308.26;4.31;1195;28;2222.00;82
5250;21;4252664;5250;497;6442;6524;5.34;0.32;308.37;4.31;1192;28;2223.00;82
5253;21;4252677;5253;499;6442;6524;5.29;0.32;308.48;4.31;1189;28;2224.00;82
5254;21;4252690;5254;502;6444;6525;5.26;0.32;308.51;4.32;1190;28;2225.00;81
5257;21;4252703;5257;500;6444;6525;5.22;0.32;308.54;4.32;1187;28;2226.00;81
5258;21;4252715;5258;506;6444;6525;5.20;0.32;308.49;4.32;1186;28;2227.00;81
5260;21;4252728;5260;515;6444;6525;5.19;0.32;308.49;4.32;1184;28;2228.00;81
5264;21;4252740;5264;515;6444;6525;5.16;0.31;308.59;4.32;1180;28;2229.00;81
5264;21;4252753;5264;528;6445;6525;5.13;0.31;308.59;4.33;1181;28;2230.00;80
5267;21;4252766;5267;532;6445;6525;5.06;0.31;308.62;4.33;1178;28;2231.00;80
5270;21;4252778;5270;538;6473;6595;5.08;0.31;308.62;4.31;1203;28;2232.00;122
5271;21;4252794;5271;540;6475;6596;5.05;0.31;308.63;4.32;1204;28;2233.00;121
5273;21;4252807;5273;551;6480;6596;5.05;0.31;308.68;4.32;1207;28;2234.00;116
5274;21;4252819;5274;549;6483;6596;5.08;0.31;308.70;4.32;1209;28;2235.00;113
5274;21;4252830;5274;546;6487;6596;5.07;0.31;308.70;4.33;1213;28;2236.00;109
5275;21;4252843;5275;548;6489;6596;5.08;0.31;308.74;4.33;1214;28;2237.00;107
5277;21;4252854;5277;549;6491;6596;5.02;0.31;308.71;4.33;1214;28;2238.00;105
5278;21;4252867;5278;552;6494;6596;5.03;0.31;308.74;4.35;1216;28;2239.00;102
5281;21;4252878;5281;546;6495;6597;5.02;0.31;308.80;4.35;1214;28;2240.00;102
5284;21;4252891;5284;549;6497;6598;4.97;0.30;308.75;4.35;1213;28;2241.00;101
5286;21;4252904;5286;540;6500;6598;4.95;0.30;308.81;4.36;1214;28;2242.00;98
5289;21;4252916;5289;535;6506;6602;4.95;0.30;308.80;4.36;1217;28;2243.00;96
5290;21;4252928;5290;529;6507;6602;4.95;0.30;308.76;4.36;1217;28;2244.00;95
5293;21;4252940;5293;533;6511;6602;4.91;0.30;308.75;4.38;1218;28;2245.00;91
5294;21;4252952;5294;518;6512;6602;4.91;0.30;308.79;4.38;1218;28;2246.00;90
5297;21;4252964;5297;516;6517;6608;4.93;0.30;308.87;4.39;1220;28;2247.00;91
5300;21;4252977;5300;517;6518;6608;4.89;0.30;308.92;4.39;1218;28;2248.00;90
5303;21;4252989;5303;506;6518;6608;4.91;0.30;308.98;4.39;1215;28;2249.00;90
5308;21;4253003;5308;503;6525;6614;4.91;0.30;308.91;4.47;1217;28;2250.00;89
5309;21;4253017;5309;509;6526;6614;4.91;0.30;308.92;4.49;1217;28;2251.00;88
5312;21;4253028;5312;504;6528;6614;4.92;0.30;308.92;4.49;1216;28;2252.00;86
5315;21;4253040;5315;507;6528;6615;4.89;0.30;308.87;4.49;1213;28;2253.00;87
5316;21;4253053;5316;499;6530;6616;4.86;0.30;308.83;4.50;1214;28;2254.00;86
5320;21;4253064;5320;503;6530;6616;4.85;0.30;308.85;4.50;1210;28;2255.00;86
5320;21;4253093;5320;508;6539;6629;4.87;0.30;308.85;4.51;1219;28;2256.00;90
5322;21;4253111;5322;514;6540;6629;4.88;0.30;308.85;4.52;1218;28;2257.00;89
5325;21;4253123;5325;526;6541;6629;4.88;0.30;308.78;4.52;1216;28;2258.00;88
5326;21;4253135;5326;527;6543;6630;4.89;0.30;308.76;4.53;1217;28;2259.00;87
5331;21;4253147;5331;536;6544;6630;4.85;0.29;308.72;4.55;1213;28;2260.00;86
5331;21;4253160;5331;541;6550;6634;4.88;0.30;308.72;4.57;1219;28;2261.00;84
5335;21;4253172;5335;543;6550;6634;4.84;0.29;308.76;4.57;1215;28;2262.00;84
5336;21;4253184;5336;546;6553;6638;4.85;0.29;308.78;4.57;1217;28;2263.00;85
5336;21;4253197;5336;541;6554;6638;4.84;0.29;308.78;4.58;1218;28;2264.00;84
5337;21;4253208;5337;540;6555;6638;4.81;0.29;308.76;4.59;1218;28;2265.00;83
5338;21;4253220;5338;546;6556;6638;4.80;0.29;308.72;4.59;1218;28;2266.00;82
5339;21;4253232;5339;547;6558;6638;4.75;0.29;308.67;4.61;1219;28;2267.00;80
5339;21;4253246;5339;549;6568;6650;4.78;0.29;308.67;4.61;1229;28;2268.00;82
5341;21;4253259;5341;549;6570;6650;4.75;0.29;308.61;4.61;1229;28;2269.00;80
5344;21;4253272;5344;544;6573;6650;4.72;0.29;308.49;4.62;1229;28;2270.00;77
5345;21;4253284;5345;545;6573;6650;4.69;0.29;308.49;4.62;1228;28;2271.00;77
5345;21;4253296;5345;530;6573;6650;4.67;0.28;308.49;4.62;1228;28;2272.00;77
5346;21;4253308;5346;518;6574;6650;4.64;0.28;308.48;4.63;1228;28;2273.00;76
5348;21;4253321;5348;514;6574;6651;4.60;0.28;308.41;4.63;1226;28;2274.00;77
5349;21;4253333;5349;511;6574;6651;4.61;0.28;308.36;4.63;1225;28;2275.00;77
5350;21;4253351;5350;509;6581;6657;4.66;0.29;308.31;4.67;1231;28;2276.00;76
5352;21;4253363;5352;504;6581;6658;4.68;0.29;308.26;4.67;1229;28;2277.00;77
5352;21;4253376;5352;503;6583;6658;4.74;0.29;308.26;4.68;1231;28;2278.00;75
5353;21;4253394;5353;508;6584;6658;4.76;0.29;308.24;4.72;1231;28;2279.00;74
5355;21;4253407;5355;506;6588;6663;4.89;0.30;308.28;4.76;1233;28;2280.00;75
5355;21;4253421;5355;503;6590;6663;5.00;0.31;308.28;4.80;1235;28;2281.00;73
5355;21;4253433;5355;497;6592;6663;5.03;0.31;308.28;4.87;1237;28;2282.00;71
5357;21;4253445;5357;498;6596;6664;5.07;0.31;308.30;4.94;1239;28;2283.00;68
5359;21;4253458;5359;502;6599;6668;5.12;0.31;308.26;4.94;1240;28;2284.00;69
5361;21;4253471;5361;499;6599;6668;5.13;0.31;308.20;4.94;1238;28;2285.00;69
5362;21;4253483;5362;496;6603;6671;5.17;0.32;308.20;4.97;1241;28;2286.00;68
5364;21;4253502;5364;496;6605;6671;5.19;0.32;308.18;5.01;1241;28;2287.00;66
5364;21;4253515;5364;500;6605;6671;5.23;0.32;308.18;5.01;1241;28;2288.00;66
5365;21;4253527;5365;497;6606;6671;5.23;0.32;308.15;5.04;1241;28;2289.00;65
5368;21;4253540;5368;502;6610;6675;5.30;0.32;308.08;5.04;1242;28;2290.00;65
5369;21;4253553;5369;504;6610;6675;5.28;0.32;308.04;5.04;1241;28;2291.00;65
5372;21;4253565;5372;501;6611;6675;5.26;0.32;307.93;5.07;1239;28;2292.00;64
5372;21;4253579;5372;501;6611;6675;5.26;0.32;307.93;5.07;1239;28;2293.00;64
5374;21;4253591;5374;502;6611;6676;5.24;0.32;307.89;5.07;1237;28;2294.00;65
5375;21;4253603;5375;494;6614;6678;5.22;0.32;307.86;5.10;1239;28;2295.00;64
5377;21;4253617;5377;489;6614;6678;5.21;0.32;308.02;5.10;1237;28;2296.00;64
5379;21;4253629;5379;485;6616;6679;5.19;0.32;308.05;5.14;1237;28;2297.00;63
5381;21;4253642;5381;481;6616;6679;5.21;0.32;308.12;5.14;1235;28;2298.00;63
5382;21;4253654;5382;475;6617;6679;5.19;0.32;308.09;5.17;1235;28;2299.00;62
5385;21;4253667;5385;478;6617;6679;5.18;0.32;308.15;5.17;1232;28;2300.00;62
5388;21;4253682;5388;471;6617;6679;5.15;0.31;308.34;5.17;1229;29;2301.00;62
5389;21;4253702;5389;471;6618;6679;5.12;0.31;308.42;5.20;1229;29;2302.00;61
5390;21;4253714;5390;473;6618;6679;5.11;0.31;308.50;5.20;1228;29;2303.00;61
5393;21;4253726;5393;498;6697;6806;5.28;0.33;308.50;5.21;1304;29;2304.00;109
5394;21;4253748;5394;488;6702;6807;5.32;0.33;308.55;5.20;1308;29;2305.00;105
5396;21;4253763;5396;482;6709;6807;5.38;0.33;308.65;5.20;1313;29;2306.00;98
5398;21;4253776;5398;477;6716;6807;5.33;0.33;308.76;5.26;1318;29;2307.00;91
5403;21;4253788;5403;475;6721;6807;5.26;0.33;308.88;5.29;1318;29;2308.00;86
5406;21;4253801;5406;478;6722;6807;5.16;0.32;308.95;5.29;1316;29;2309.00;85
5410;21;4253815;5410;464;6724;6807;5.08;0.31;308.98;5.29;1314;29;2310.00;83
5414;21;4253829;5414;456;6727;6807;5.03;0.31;309.04;5.35;1313;29;2311.00;80
5417;21;4253842;5417;458;6728;6808;5.06;0.31;309.06;5.38;1311;29;2312.00;80
5422;21;4253855;5422;448;6730;6809;5.02;0.31;309.16;5.38;1308;29;2313.00;79
5426;21;4253868;5426;443;6731;6809;5.01;0.31;309.09;5.38;1305;29;2314.00;78
5429;21;4253881;5429;453;6732;6810;5.04;0.31;309.22;5.38;1303;29;2315.00;78
5431;21;4253895;5431;446;6733;6810;5.07;0.31;309.38;5.38;1302;29;2316.00;77
5434;21;4253908;5434;452;6738;6810;5.09;0.31;309.37;5.47;1304;29;2317.00;72
5438;21;4253921;5438;457;6739;6810;5.10;0.32;309.55;5.47;1301;29;2318.00;71
5442;21;4253935;5442;452;6743;6814;5.11;0.32;309.57;5.47;1301;29;2319.00;71
5444;21;4253949;5444;442;6743;6814;5.09;0.31;309.52;5.47;1299;29;2320.00;71
5446;21;4253963;5446;433;6744;6814;5.11;0.32;309.57;5.47;1298;30;2321.00;70
5447;21;4253985;5447;422;6744;6817;5.19;0.32;309.57;5.47;1297;30;2322.00;73
5454;21;4253999;5454;422;6744;6817;5.18;0.32;309.83;5.47;1290;30;2323.00;73
5455;21;4254012;5455;422;6745;6817;5.27;0.33;309.80;5.48;1290;30;2324.00;72
5460;21;4254026;5460;414;6748;6821;5.30;0.33;309.91;5.47;1288;30;2325.00;73
5463;21;4254040;5463;410;6749;6822;5.35;0.33;310.01;5.48;1286;30;2326.00;73
5468;21;4254054;5468;404;6750;6822;5.37;0.33;310.14;5.48;1282;30;2327.00;72
5471;21;4254068;5471;403;6751;6826;5.39;0.33;310.19;5.48;1280;30;2328.00;75
5477;21;4254083;5477;394;6752;6826;5.38;0.33;310.43;5.48;1275;30;2329.00;74
5481;21;4254098;5481;392;6752;6826;5.41;0.33;310.61;5.48;1271;30;2330.00;74
5485;21;4254112;5485;394;6752;6827;5.48;0.34;310.67;5.48;1267;30;2331.00;75
5489;21;4254126;5489;395;6752;6827;5.50;0.34;310.76;5.48;1263;30;2332.00;75
5496;21;4254140;5496;388;6755;6833;5.51;0.34;311.03;5.48;1259;30;2333.00;78
5501;21;4254155;5501;384;6755;6833;5.55;0.34;311.07;5.48;1254;30;2334.00;78
5506;21;4254170;5506;386;6760;6834;5.55;0.34;311.16;5.49;1254;30;2335.00;74
5511;21;4254184;5511;391;6761;6834;5.59;0.34;311.25;5.49;1250;30;2336.00;73
5514;21;4254198;5514;387;6761;6834;5.66;0.35;311.40;5.49;1247;30;2337.00;73
5519;21;4254212;5519;390;6761;6834;5.72;0.35;311.61;5.49;1242;30;2338.00;73
5525;21;4254226;5525;386;6761;6834;5.73;0.35;311.82;5.49;1236;30;2339.00;73
5530;21;4254243;5530;389;6783;6870;5.78;0.36;311.89;5.47;1253;30;2340.00;87
5535;21;4254261;5535;395;6784;6870;5.79;0.35;311.83;5.47;1249;30;2341.00;86
5541;21;4254275;5541;394;6788;6870;5.80;0.36;312.09;5.48;1247;30;2342.00;82
5547;21;4254290;5547;394;6789;6870;5.80;0.35;312.22;5.48;1242;30;2343.00;81
5552;21;4254306;5552;394;6790;6870;5.80;0.35;312.35;5.48;1238;30;2344.00;80
5558;21;4254320;5558;392;6792;6870;5.81;0.35;312.48;5.50;1234;30;2345.00;78
5561;21;4254335;5561;398;6796;6874;5.81;0.35;312.48;5.50;1235;30;2346.00;78
5567;21;4254349;5567;396;6797;6874;5.83;0.35;312.63;5.50;1230;30;2347.00;77
5574;21;4254364;5574;402;6800;6878;5.77;0.35;313.09;5.50;1226;30;2348.00;78
5576;21;4254379;5576;411;6801;6879;5.72;0.35;313.17;5.51;1225;30;2349.00;78
5579;21;4254396;5579;418;6802;6879;5.71;0.35;313.26;5.51;1223;30;2350.00;77
5582;21;4254410;5582;417;6803;6879;5.65;0.34;313.33;5.51;1221;30;2351.00;76
5586;21;4254425;5586;424;6813;6892;5.55;0.34;313.45;5.50;1227;30;2352.00;79
5589;21;4254440;5589;422;6816;6892;5.50;0.33;313.54;5.50;1227;30;2353.00;76
5595;21;4254455;5595;430;6816;6892;5.43;0.33;313.80;5.50;1221;30;2354.00;76
5600;21;4254468;5600;436;6818;6893;5.41;0.33;313.89;5.51;1218;30;2355.00;75
5602;21;4254483;5602;446;6818;6894;5.32;0.32;313.94;5.51;1216;30;2356.00;76
5605;21;4254496;5605;441;6819;6894;5.28;0.32;314.07;5.51;1214;30;2357.00;75
5608;21;4254510;5608;440;6821;6897;5.21;0.32;314.11;5.51;1213;30;2358.00;76
5610;21;4254528;5610;447;6822;6897;5.15;0.31;314.19;5.51;1212;30;2359.00;75
5612;21;4254542;5612;451;6822;6897;5.11;0.31;314.18;5.51;1210;30;2360.00;75
5613;21;4254556;5613;459;6822;6897;5.13;0.31;314.21;5.51;1209;30;2361.00;75
5617;21;4254569;5617;459;6827;6903;5.11;0.31;314.51;5.51;1210;30;2362.00;76
5620;21;4254583;5620;453;6829;6903;5.06;0.31;314.50;5.53;1209;30;2363.00;74
5622;21;4254597;5622;464;6829;6903;5.07;0.31;314.54;5.53;1207;30;2364.00;74
5624;21;4254611;5624;468;6830;6903;5.11;0.31;314.60;5.53;1206;30;2365.00;73
5628;21;4254624;5628;462;6833;6907;5.07;0.31;314.63;5.53;1205;30;2366.00;74
5631;21;4254639;5631;457;6834;6908;5.10;0.31;314.67;5.53;1203;30;2367.00;74
5636;21;4254652;5636;458;6835;6908;5.14;0.31;314.70;5.56;1199;30;2368.00;73
5639;21;4254668;5639;465;6836;6909;5.17;0.31;314.80;5.56;1197;30;2369.00;73
5641;21;4254685;5641;468;6836;6909;5.20;0.32;314.83;5.56;1195;30;2370.00;73
5644;21;4254699;5644;474;6836;6909;5.21;0.32;314.91;5.56;1192;30;2371.00;73
5647;21;4254712;5647;481;6836;6909;5.21;0.32;315.15;5.56;1189;30;2372.00;73
5650;21;4254725;5650;484;6836;6909;5.20;0.32;315.10;5.56;1186;30;2373.00;73
5652;21;4254739;5652;480;6836;6909;5.23;0.32;315.22;5.56;1184;30;2374.00;73
5655;21;4254752;5655;475;6836;6909;5.27;0.32;315.37;5.56;1181;30;2375.00;73
5656;21;4254766;5656;495;6875;6979;5.36;0.33;315.33;5.53;1219;30;2376.00;104
5660;21;4254784;5660;487;6875;6980;5.34;0.33;315.30;5.53;1215;30;2377.00;105
5663;21;4254797;5663;473;6882;6980;5.44;0.33;315.44;5.52;1219;30;2378.00;98
5667;21;4254810;5667;472;6882;6980;5.44;0.33;315.55;5.52;1215;30;2379.00;98
5669;21;4254823;5669;464;6886;6980;5.49;0.34;315.52;5.52;1217;30;2380.00;94
5672;21;4254836;5672;465;6889;6980;5.52;0.34;315.71;5.54;1217;30;2381.00;91
5673;21;4254849;5673;469;6890;6980;5.50;0.34;315.66;5.54;1217;30;2382.00;90
5678;21;4254863;5678;465;6893;6980;5.44;0.33;315.71;5.55;1215;30;2383.00;87
5680;21;4254877;5680;469;6894;6981;5.39;0.33;315.94;5.55;1214;30;2384.00;87
5681;21;4254890;5681;460;6897;6983;5.40;0.33;315.97;5.55;1216;30;2385.00;86
5683;21;4254904;5683;462;6900;6983;5.42;0.33;316.06;5.55;1217;30;2386.00;83
5688;21;4254916;5688;471;6906;6987;5.37;0.33;316.20;5.55;1218;30;2387.00;81
5692;21;4254930;5692;474;6909;6987;5.34;0.33;316.29;5.55;1217;30;2388.00;78
5693;21;4254942;5693;478;6909;6987;5.24;0.32;316.25;5.55;1216;30;2389.00;78
5697;21;4254955;5697;485;6909;6987;5.14;0.31;316.33;5.55;1212;30;2390.00;78
5697;21;4254969;5697;490;6914;6993;5.14;0.31;316.33;5.55;1217;30;2391.00;79
5700;21;4254982;5700;500;6915;6993;5.06;0.31;316.42;5.56;1215;30;2392.00;78
5701;21;4254994;5701;511;6915;6993;4.98;0.31;316.40;5.56;1214;30;2393.00;78
5702;21;4255010;5702;514;6917;6996;4.96;0.30;316.37;5.56;1215;30;2394.00;79
5703;21;4255023;5703;522;6917;6996;4.90;0.30;316.36;5.56;1214;30;2395.00;79
5706;21;4255035;5706;525;6919;6996;4.86;0.30;316.26;5.57;1213;30;2396.00;77
5708;21;4255047;5708;527;6919;6997;4.82;0.29;316.20;5.57;1211;30;2397.00;78
5711;21;4255060;5711;534;6920;6998;4.77;0.29;316.10;5.57;1209;30;2398.00;78
5714;21;4255072;5714;542;6920;6998;4.72;0.29;316.08;5.57;1206;30;2399.00;78
5718;21;4255086;5718;556;6945;7057;4.66;0.29;316.17;5.55;1227;30;2400.00;112
5721;21;4255108;5721;546;6946;7057;4.59;0.28;316.12;5.55;1225;30;2401.00;111
5724;21;4255121;5724;542;6948;7057;4.57;0.28;316.19;5.55;1224;30;2402.00;109
5725;21;4255134;5725;544;6949;7058;4.54;0.28;316.19;5.55;1224;30;2403.00;109
5728;21;4255147;5728;549;6952;7058;4.50;0.28;316.14;5.55;1224;30;2404.00;106
5730;21;4255160;5730;541;6955;7062;4.52;0.28;316.10;5.55;1225;30;2405.00;107
5731;21;4255172;5731;539;6957;7062;4.58;0.28;316.05;5.56;1226;30;2406.00;105
5731;21;4255184;5731;538;6960;7066;4.60;0.28;316.05;5.56;1229;30;2407.00;106
5731;21;4255196;5731;531;6961;7066;4.66;0.29;316.05;5.56;1230;30;2408.00;105
5733;21;4255208;5733;527;6961;7066;4.70;0.29;316.11;5.56;1228;30;2409.00;105
5734;21;4255220;5734;529;6962;7066;4.72;0.29;316.11;5.56;1228;30;2410.00;104
5737;21;4255232;5737;526;6962;7066;4.74;0.29;316.14;5.56;1225;30;2411.00;104
5740;21;4255244;5740;524;6972;7078;4.76;0.29;316.17;5.55;1232;30;2412.00;106
5743;21;4255263;5743;526;6974;7078;4.76;0.29;316.18;5.56;1231;30;2413.00;104
5746;21;4255275;5746;527;6974;7078;4.79;0.29;316.18;5.56;1228;30;2414.00;104
5747;21;4255287;5747;528;6977;7078;4.78;0.29;316.22;5.60;1230;30;2415.00;101
5752;21;4255300;5752;527;6978;7078;4.74;0.29;316.19;5.64;1226;30;2416.00;100
5757;21;4255312;5757;522;6979;7078;4.67;0.29;316.11;5.65;1222;30;2417.00;99
5760;21;4255325;5760;523;6980;7079;4.69;0.29;316.17;5.65;1220;30;2418.00;99
5761;21;4255337;5761;509;6981;7079;4.70;0.29;316.12;5.65;1220;30;2419.00;98
5763;21;4255350;5763;499;6984;7085;4.74;0.29;316.20;5.65;1221;30;2420.00;101
5766;21;4255363;5766;502;6987;7086;4.73;0.29;316.16;5.65;1221;30;2421.00;99
5768;21;4255375;5768;496;6988;7086;4.75;0.29;316.09;5.65;1220;30;2422.00;98
5768;21;4255387;5768;495;6991;7086;4.82;0.29;316.09;5.66;1223;30;2423.00;95
5769;21;4255399;5769;489;6993;7090;4.94;0.30;316.10;5.66;1224;30;2424.00;97
5771;21;4255412;5771;491;6993;7090;5.02;0.31;316.05;5.66;1222;30;2425.00;97
5773;21;4255435;5773;487;6996;7090;5.07;0.31;316.01;5.70;1223;30;2426.00;94
5775;21;4255447;5775;493;6999;7091;5.12;0.31;315.95;5.70;1224;30;2427.00;92
5778;21;4255461;5778;489;7003;7095;5.19;0.32;315.85;5.74;1225;30;2428.00;92
5780;22;4255474;5780;483;7003;7095;5.16;0.31;315.83;5.74;1223;31;2429.00;92
5780;22;4255499;5780;476;7008;7101;5.20;0.32;315.83;5.74;1228;31;2430.00;93
5780;22;4255513;5780;468;7008;7101;5.23;0.32;315.83;5.74;1228;31;2431.00;93
5783;22;4255525;5783;468;7010;7101;5.20;0.32;315.87;5.74;1227;31;2432.00;91
5783;22;4255544;5783;467;7011;7101;5.18;0.31;315.87;5.75;1228;31;2433.00;90
5786;22;4255556;5786;467;7015;7105;5.16;0.31;315.86;5.74;1229;31;2434.00;90
5787;22;4255569;5787;469;7016;7105;5.15;0.31;315.88;5.78;1229;31;2435.00;89
5790;22;4255583;5790;464;7016;7105;5.14;0.31;315.90;5.78;1226;31;2436.00;89
5791;22;4255596;5791;462;7016;7105;5.18;0.31;315.89;5.78;1225;31;2437.00;89
5791;22;4255609;5791;465;7017;7106;5.18;0.32;315.89;5.79;1226;31;2438.00;89
5793;22;4255623;5793;472;7020;7107;5.20;0.32;315.87;5.83;1227;31;2439.00;87
5795;22;4255636;5795;471;7021;7107;5.17;0.31;316.02;5.87;1226;31;2440.00;86
5795;22;4255649;5795;477;7023;7108;5.22;0.32;316.02;5.91;1228;31;2441.00;85
5798;22;4255662;5798;474;7023;7108;5.20;0.32;316.32;5.91;1225;31;2442.00;85
5800;22;4255675;5800;477;7024;7108;5.18;0.32;316.28;5.95;1224;31;2443.00;84
5803;22;4255688;5803;474;7026;7108;5.18;0.32;316.26;5.96;1223;31;2444.00;82
5804;22;4255701;5804;487;7029;7108;5.20;0.32;316.24;6.04;1225;31;2445.00;79
5804;22;4255714;5804;486;7029;7108;5.23;0.32;316.24;6.04;1225;31;2446.00;79
5806;22;4255728;5806;487;7030;7108;5.21;0.32;316.30;6.08;1224;31;2447.00;78
5808;22;4255747;5808;512;7093;7235;5.43;0.34;316.35;6.07;1285;31;2448.00;142
5809;22;4255775;5809;505;7096;7236;5.45;0.34;316.46;6.07;1287;31;2449.00;140
5810;22;4255792;5810;493;7105;7236;5.49;0.34;316.48;6.10;1295;31;2450.00;131
5812;22;4255807;5812;496;7112;7236;5.46;0.34;316.50;6.15;1300;31;2451.00;124
5816;22;4255821;5816;499;7119;7236;5.43;0.34;316.52;6.15;1303;31;2452.00;117
5818;22;4255835;5818;498;7125;7236;5.37;0.33;316.58;6.22;1307;31;2453.00;111
5821;22;4255850;5821;495;7127;7236;5.32;0.33;316.71;6.22;1306;31;2454.00;109
5824;22;4255864;5824;492;7129;7236;5.29;0.33;316.71;6.22;1305;31;2455.00;107
5828;22;4255878;5828;489;7131;7237;5.29;0.33;316.79;6.22;1303;31;2456.00;106
5830;22;4255892;5830;488;7137;7238;5.25;0.32;316.87;6.27;1307;31;2457.00;101
5836;22;4255906;5836;492;7139;7238;5.16;0.32;316.97;6.27;1303;31;2458.00;99
5838;22;4255920;5838;494;7140;7239;5.15;0.32;316.88;6.27;1302;31;2459.00;99
5839;22;4255935;5839;492;7141;7239;5.14;0.32;316.99;6.27;1302;31;2460.00;98
5844;22;4255949;5844;493;7143;7239;5.09;0.31;317.14;6.28;1299;31;2461.00;96
5845;22;4255963;5845;488;7146;7239;5.08;0.31;317.11;6.28;1301;31;2462.00;93
5848;22;4255976;5848;493;7151;7243;5.06;0.31;317.19;6.29;1303;31;2463.00;92
5849;22;4255990;5849;502;7151;7243;5.11;0.31;317.30;6.29;1302;31;2464.00;92
5851;22;4256002;5851;506;7154;7243;5.12;0.31;317.29;6.29;1303;31;2465.00;89
5852;22;4256017;5852;511;7155;7246;5.10;0.31;317.36;6.29;1303;31;2466.00;91
5855;22;4256030;5855;515;7157;7246;5.09;0.31;317.46;6.29;1302;31;2467.00;89
5859;22;4256044;5859;517;7158;7246;5.05;0.31;317.58;6.29;1299;31;2468.00;88
5861;22;4256058;5861;513;7164;7250;5.01;0.31;317.73;6.31;1303;31;2469.00;86
5864;22;4256072;5864;518;7166;7251;4.98;0.30;317.86;6.31;1302;31;2470.00;85
5867;22;4256086;5867;517;7167;7251;4.98;0.30;318.02;6.31;1300;31;2471.00;84
5872;22;4256100;5872;511;7169;7255;4.92;0.30;318.18;6.31;1297;31;2472.00;86
5874;22;4256119;5874;514;7170;7255;4.87;0.30;318.15;6.32;1296;31;2473.00;85
5877;22;4256137;5877;516;7170;7255;4.84;0.30;318.20;6.32;1293;31;2474.00;85
5878;22;4256150;5878;501;7171;7257;4.88;0.30;318.15;6.32;1293;31;2475.00;86
5883;22;4256163;5883;492;7173;7257;4.88;0.30;318.24;6.32;1290;31;2476.00;84
5886;22;4256177;5886;483;7177;7263;4.94;0.30;318.36;6.32;1291;31;2477.00;86
5890;22;4256191;5890;480;7177;7263;4.96;0.30;318.48;6.32;1287;31;2478.00;86
5893;22;4256204;5893;476;7177;7264;4.96;0.30;318.63;6.32;1284;31;2479.00;87
5897;22;4256219;5897;475;7178;7264;4.98;0.31;318.75;6.31;1281;31;2480.00;86
5901;22;4256233;5901;476;7178;7264;5.03;0.31;318.69;6.31;1277;31;2481.00;86
5903;22;4256247;5903;466;7178;7264;5.08;0.31;318.79;6.31;1275;31;2482.00;86
5906;22;4256261;5906;456;7178;7264;5.16;0.32;318.79;6.31;1272;31;2483.00;86
5911;22;4256275;5911;451;7185;7276;5.19;0.32;318.82;6.31;1274;31;2484.00;91
5916;22;4256289;5916;448;7186;7276;5.16;0.32;318.84;6.31;1270;31;2485.00;90
5919;22;4256308;5919;443;7186;7276;5.17;0.32;318.87;6.31;1267;31;2486.00;90
5922;22;4256323;5922;443;7187;7276;5.20;0.32;318.89;6.31;1265;31;2487.00;89
5927;22;4256337;5927;445;7188;7276;5.18;0.32;319.08;6.31;1261;31;2488.00;88
5929;22;4256351;5929;439;7191;7276;5.18;0.32;319.05;6.32;1262;31;2489.00;85
5934;22;4256368;5934;440;7195;7280;5.17;0.32;319.26;6.32;1261;31;2490.00;85
5935;22;4256382;5935;441;7196;7280;5.18;0.32;319.28;6.32;1261;31;2491.00;84
5939;22;4256396;5939;432;7198;7284;5.19;0.32;319.43;6.31;1259;31;2492.00;86
5943;22;4256411;5943;429;7199;7285;5.20;0.32;319.52;6.31;1256;31;2493.00;86
5948;22;4256425;5948;428;7199;7285;5.16;0.32;319.53;6.31;1251;31;2494.00;86
5951;22;4256441;5951;426;7199;7285;5.16;0.32;319.66;6.31;1248;31;2495.00;86
5957;22;4256454;5957;425;7209;7298;5.17;0.32;319.75;6.31;1252;31;2496.00;89
5959;22;4256471;5959;416;7209;7298;5.21;0.32;319.75;6.31;1250;31;2497.00;89
5964;22;4256485;5964;416;7209;7298;5.24;0.32;319.87;6.31;1245;31;2498.00;89
5968;22;4256499;5968;417;7210;7299;5.25;0.32;319.82;6.30;1242;31;2499.00;89
5971;22;4256514;5971;421;7210;7300;5.28;0.32;319.87;6.30;1239;31;2500.00;90
5976;22;4256532;5976;418;7210;7300;5.29;0.32;319.95;6.30;1234;31;2501.00;90
5979;22;4256547;5979;425;7211;7303;5.29;0.32;319.98;6.30;1232;31;2502.00;92
5983;22;4256561;5983;433;7211;7303;5.32;0.33;320.08;6.30;1228;31;2503.00;92
5989;22;4256575;5989;425;7211;7303;5.31;0.32;320.22;6.30;1222;31;2504.00;92
5995;22;4256590;5995;427;7211;7303;5.28;0.32;320.27;6.30;1216;31;2505.00;92
5999;22;4256604;5999;422;7215;7309;5.26;0.32;320.35;6.30;1216;31;2506.00;94
6004;22;4256619;6004;427;7215;7309;5.24;0.32;320.51;6.30;1211;31;2507.00;94
6009;22;4256633;6009;435;7215;7309;5.26;0.32;320.69;6.30;1206;31;2508.00;94
6015;22;4256647;6015;418;7215;7309;5.26;0.32;320.69;6.30;1200;31;2509.00;94
6020;22;4256659;6020;420;7218;7313;5.26;0.32;320.82;6.30;1198;31;2510.00;95
6021;22;4256675;6021;420;7218;7314;5.24;0.32;320.86;6.30;1197;31;2511.00;96
6027;22;4256689;6027;420;7219;7314;5.19;0.32;320.86;6.30;1192;31;2512.00;95
6030;22;4256703;6030;418;7220;7315;5.18;0.32;320.89;6.30;1190;31;2513.00;95
6033;22;4256717;6033;424;7220;7315;5.18;0.32;320.93;6.30;1187;31;2514.00;95
6039;22;4256732;6039;424;7221;7315;5.12;0.31;320.99;6.30;1182;31;2515.00;94
6040;22;4256745;6040;431;7221;7315;5.13;0.31;321.12;6.30;1181;31;2516.00;94
6046;22;4256758;6046;441;7221;7315;5.07;0.31;321.36;6.30;1175;31;2517.00;94
6050;22;4256773;6050;446;7223;7315;5.04;0.31;321.48;6.31;1173;31;2518.00;92
6052;22;4256787;6052;459;7223;7315;5.03;0.31;321.53;6.31;1171;31;2519.00;92
6055;22;4256801;6055;490;7290;7440;5.13;0.32;321.46;6.25;1235;31;2520.00;150
6058;22;4256825;6058;487;7293;7441;5.04;0.31;321.54;6.25;1235;31;2521.00;148
6063;22;4256839;6063;481;7299;7441;5.03;0.31;321.45;6.25;1236;31;2522.00;142
6065;22;4256853;6065;482;7302;7441;5.06;0.31;321.45;6.26;1237;31;2523.00;139
6068;22;4256867;6068;487;7305;7441;5.11;0.32;321.54;6.26;1237;31;2524.00;136
6071;22;4256881;6071;486;7308;7441;5.15;0.32;321.66;6.26;1237;31;2525.00;133
6074;22;4256895;6074;485;7310;7441;5.18;0.32;321.93;6.26;1236;31;2526.00;131
6080;22;4256909;6080;493;7311;7441;5.17;0.32;322.07;6.26;1231;31;2527.00;130
6082;22;4256924;6082;497;7315;7442;5.19;0.32;322.17;6.26;1233;31;2528.00;127
6085;22;4256939;6085;501;7317;7443;5.11;0.31;322.32;6.26;1232;31;2529.00;126
6087;22;4256953;6087;511;7321;7443;5.06;0.31;322.32;6.26;1234;31;2530.00;122
6091;22;4256966;6091;500;7327;7447;4.99;0.31;322.45;6.26;1236;31;2531.00;120
6094;22;4256981;6094;494;7330;7447;4.88;0.30;322.43;6.27;1236;31;2532.00;117
6096;22;4256995;6096;499;7333;7447;4.85;0.30;322.41;6.27;1237;31;2533.00;114
6099;22;4257009;6099;503;7334;7447;4.78;0.29;322.45;6.27;1235;31;2534.00;113
6101;22;4257023;6101;497;7340;7453;4.73;0.29;322.59;6.27;1239;31;2535.00;113
6105;22;4257038;6105;503;7340;7453;4.70;0.29;322.89;6.27;1235;31;2536.00;113
6108;22;4257053;6108;519;7343;7455;4.72;0.29;322.91;6.27;1235;31;2537.00;112
6110;22;4257068;6110;521;7345;7458;4.75;0.29;323.16;6.27;1235;31;2538.00;113
6112;22;4257083;6112;519;7345;7458;4.79;0.29;323.19;6.27;1233;31;2539.00;113
6115;22;4257097;6115;514;7346;7458;4.83;0.30;323.16;6.27;1231;31;2540.00;112
6118;22;4257111;6118;509;7347;7459;4.89;0.30;323.16;6.27;1229;31;2541.00;112
6120;22;4257125;6120;510;7348;7460;4.96;0.30;323.15;6.27;1228;31;2542.00;112
6121;22;4257140;6121;508;7349;7460;5.02;0.31;323.17;6.27;1228;31;2543.00;111
6122;22;4257154;6122;517;7358;7473;5.03;0.31;323.12;6.26;1236;31;2544.00;115
6127;22;4257169;6127;511;7359;7473;5.05;0.31;323.12;6.26;1232;31;2545.00;114
6129;22;4257189;6129;505;7360;7473;5.04;0.31;323.16;6.26;1231;31;2546.00;113
6132;22;4257203;6132;507;7361;7474;5.04;0.31;323.10;6.26;1229;31;2547.00;113
6135;22;4257217;6135;503;7361;7474;5.05;0.31;323.01;6.26;1226;31;2548.00;113
6137;22;4257231;6137;502;7365;7478;5.08;0.31;323.02;6.25;1228;31;2549.00;113
6139;22;4257247;6139;513;7367;7481;5.12;0.31;323.01;6.25;1228;31;2550.00;114
6142;22;4257261;6142;520;7371;7485;5.08;0.31;322.87;6.25;1229;31;2551.00;114
6144;22;4257275;6144;525;7371;7485;5.07;0.31;322.86;6.25;1227;31;2552.00;114
6144;22;4257290;6144;524;7371;7485;5.09;0.31;322.86;6.25;1227;31;2553.00;114
6148;22;4257304;6148;526;7371;7485;5.05;0.31;322.94;6.25;1223;31;2554.00;114
6149;22;4257317;6149;526;7371;7485;5.00;0.30;322.91;6.25;1222;31;2555.00;114
6150;22;4257331;6150;526;7380;7497;4.97;0.30;322.92;6.24;1230;31;2556.00;117
6151;22;4257345;6151;529;7381;7497;4.95;0.30;322.89;6.24;1230;31;2557.00;116
6153;22;4257358;6153;531;7382;7497;4.91;0.30;322.87;6.24;1229;31;2558.00;115
6155;22;4257371;6155;539;7382;7497;4.90;0.30;322.89;6.24;1227;31;2559.00;115
6157;22;4257384;6157;547;7382;7497;4.83;0.30;322.99;6.24;1225;31;2560.00;115
6159;22;4257398;6159;542;7382;7497;4.79;0.29;323.10;6.24;1223;31;2561.00;115
6162;22;4257411;6162;546;7382;7498;4.73;0.29;323.15;6.24;1220;31;2562.00;116
6166;22;4257424;6166;547;7382;7498;4.65;0.28;322.99;6.24;1216;31;2563.00;116
6166;22;4257437;6166;548;7387;7504;4.65;0.28;322.99;6.24;1221;31;2564.00;117
6168;22;4257450;6168;543;7389;7506;4.61;0.28;322.98;6.23;1221;31;2565.00;117
6171;22;4257464;6171;528;7389;7506;4.58;0.28;323.01;6.23;1218;31;2566.00;117
6173;22;4257477;6173;516;7389;7506;4.55;0.28;323.01;6.23;1216;31;2567.00;117
6174;22;4257492;6174;496;7392;7510;4.55;0.28;323.05;6.23;1218;31;2568.00;118
6176;22;4257513;6176;484;7392;7510;4.53;0.27;323.07;6.23;1216;31;2569.00;118
6176;22;4257527;6176;475;7392;7510;4.58;0.28;323.07;6.23;1216;31;2570.00;118
6177;22;4257540;6177;473;7393;7511;4.62;0.28;323.07;6.23;1216;31;2571.00;118
6180;22;4257553;6180;470;7396;7515;4.66;0.28;323.00;6.23;1216;31;2572.00;119
6181;22;4257574;6181;460;7396;7515;4.75;0.29;323.04;6.23;1215;31;2573.00;119
6182;22;4257589;6182;460;7398;7518;4.87;0.30;323.06;6.23;1216;31;2574.00;120
6183;22;4257603;6183;450;7398;7518;4.99;0.30;323.03;6.23;1215;31;2575.00;120
6184;22;4257616;6184;447;7399;7518;5.05;0.31;323.06;6.23;1215;31;2576.00;119
6189;22;4257629;6189;445;7399;7518;5.08;0.31;323.23;6.23;1210;31;2577.00;119
6190;22;4257642;6190;446;7403;7522;5.17;0.31;323.25;6.22;1213;31;2578.00;119
6192;22;4257656;6192;450;7403;7522;5.21;0.32;323.21;6.22;1211;31;2579.00;119
6195;22;4257671;6195;443;7404;7522;5.22;0.32;323.23;6.28;1209;31;2580.00;118
6198;22;4257694;6198;440;7405;7522;5.23;0.32;323.21;6.33;1207;31;2581.00;117
6200;22;4257707;6200;438;7405;7523;5.25;0.32;323.31;6.33;1205;31;2582.00;118
6200;22;4257721;6200;444;7406;7524;5.30;0.32;323.31;6.33;1206;31;2583.00;118
6202;22;4257735;6202;441;7406;7524;5.33;0.32;323.30;6.33;1204;31;2584.00;118
6203;22;4257748;6203;441;7407;7525;5.37;0.32;323.25;6.33;1204;31;2585.00;118
6205;22;4257767;6205;435;7407;7525;5.38;0.32;323.44;6.33;1202;31;2586.00;118
6206;22;4257781;6206;437;7407;7525;5.39;0.33;323.51;6.33;1201;31;2587.00;118
6206;22;4257794;6206;436;7407;7525;5.40;0.33;323.51;6.33;1201;31;2588.00;118
6210;22;4257807;6210;430;7407;7525;5.40;0.33;323.59;6.33;1197;31;2589.00;118
6212;22;4257821;6212;426;7407;7525;5.41;0.33;323.56;6.33;1195;31;2590.00;118
6214;22;4257858;6214;431;7407;7525;5.39;0.33;323.63;6.33;1193;31;2591.00;118
6216;22;4257876;6216;443;7476;7652;5.61;0.34;323.78;6.28;1260;31;2592.00;176
6217;22;4257901;6217;431;7478;7653;5.64;0.35;323.76;6.27;1261;31;2593.00;175
6219;22;4257914;6219;426;7487;7653;5.65;0.35;323.85;6.27;1268;31;2594.00;166
6222;22;4257928;6222;425;7490;7653;5.67;0.35;323.79;6.32;1268;31;2595.00;163
6224;22;4257942;6224;425;7496;7653;5.67;0.35;323.77;6.32;1272;31;2596.00;157
6226;22;4257960;6226;427;7497;7653;5.63;0.35;323.78;6.32;1271;31;2597.00;156
6228;22;4257974;6228;428;7499;7653;5.59;0.34;323.93;6.32;1271;31;2598.00;154
6229;22;4257991;6229;424;7501;7653;5.64;0.35;323.91;6.32;1272;31;2599.00;152
6234;22;4258008;6234;433;7503;7654;5.62;0.34;324.14;6.32;1269;31;2600.00;151
6235;23;4258026;6235;435;7508;7655;5.64;0.35;324.27;6.37;1273;32;2601.00;147
6237;23;4258053;6237;445;7511;7655;5.63;0.34;324.30;6.37;1274;32;2602.00;144
6240;23;4258068;6240;446;7513;7656;5.59;0.34;324.32;6.37;1273;32;2603.00;143
6240;23;4258082;6240;454;7515;7656;5.53;0.34;324.32;6.42;1275;32;2604.00;141
6242;23;4258097;6242;463;7518;7656;5.49;0.34;324.44;6.47;1276;32;2605.00;138
6245;23;4258111;6245;465;7524;7656;5.44;0.33;324.71;6.52;1279;32;2606.00;132
6247;23;4258132;6247;480;7529;7660;5.41;0.33;324.68;6.52;1282;32;2607.00;131
6250;23;4258148;6250;482;7531;7660;5.33;0.33;324.71;6.58;1281;32;2608.00;129
6252;23;4258163;6252;483;7535;7660;5.32;0.33;324.82;6.62;1283;32;2609.00;125
6253;23;4258179;6253;489;7537;7666;5.32;0.33;324.95;6.62;1284;32;2610.00;129
6255;23;4258198;6255;490;7539;7666;5.24;0.32;325.05;6.67;1284;32;2611.00;127
6257;23;4258212;6257;499;7543;7666;5.23;0.32;325.21;6.71;1286;32;2612.00;123
6257;23;4258228;6257;500;7546;7670;5.28;0.32;325.21;6.71;1289;32;2613.00;124
6262;23;4258243;6262;500;7550;7671;5.26;0.32;325.21;6.82;1288;32;2614.00;121
6263;23;4258264;6263;505;7550;7671;5.30;0.33;325.23;6.82;1287;32;2615.00;121
6265;23;4258280;6265;504;7555;7675;5.33;0.33;325.33;6.87;1290;32;2616.00;120
6267;23;4258295;6267;495;7557;7675;5.33;0.33;325.37;6.92;1290;32;2617.00;118
6268;23;4258310;6268;494;7558;7675;5.35;0.33;325.36;6.98;1290;32;2618.00;117
6270;23;4258325;6270;500;7559;7676;5.33;0.33;325.53;6.98;1289;32;2619.00;117
6273;23;4258340;6273;496;7560;7676;5.30;0.32;325.53;7.03;1287;32;2620.00;116
6274;23;4258356;6274;502;7565;7682;5.33;0.33;325.53;7.02;1291;32;2621.00;117
6281;23;4258371;6281;504;7566;7682;5.29;0.32;325.52;7.07;1285;32;2622.00;116
6283;23;4258389;6283;508;7566;7683;5.30;0.32;325.55;7.07;1283;32;2623.00;117
6286;23;4258407;6286;505;7568;7683;5.30;0.32;325.63;7.18;1282;32;2624.00;115
6291;23;4258422;6291;501;7568;7683;5.33;0.33;325.88;7.18;1277;32;2625.00;115
6291;23;4258439;6291;501;7570;7683;5.37;0.33;325.88;7.27;1279;32;2626.00;113
6294;23;4258453;6294;493;7570;7683;5.37;0.33;326.04;7.27;1276;32;2627.00;113
6297;23;4258468;6297;491;7580;7695;5.42;0.33;326.20;7.26;1283;32;2628.00;115
6301;23;4258490;6301;489;7582;7695;5.45;0.33;326.24;7.36;1281;32;2629.00;113
6307;23;4258505;6307;484;7584;7695;5.46;0.33;326.40;7.40;1277;32;2630.00;111
6307;23;4258520;6307;485;7586;7695;5.53;0.34;326.40;7.49;1279;32;2631.00;109
6310;23;4258535;6310;488;7587;7695;5.53;0.34;326.44;7.54;1277;32;2632.00;108
6312;23;4258550;6312;495;7587;7695;5.51;0.34;326.42;7.54;1275;32;2633.00;108
6317;23;4258565;6317;497;7592;7699;5.48;0.33;326.59;7.63;1275;32;2634.00;107
6319;23;4258580;6319;494;7592;7699;5.50;0.33;326.60;7.63;1273;32;2635.00;107
6321;23;4258594;6321;496;7596;7703;5.49;0.33;326.74;7.62;1275;32;2636.00;107
6323;23;4258609;6323;493;7599;7704;5.43;0.33;326.84;7.71;1276;32;2637.00;105
6330;23;4258623;6330;498;7599;7704;5.29;0.32;327.03;7.71;1269;32;2638.00;105
6335;23;4258639;6335;500;7599;7704;5.17;0.32;327.15;7.71;1264;32;2639.00;105
6338;23;4258656;6338;495;7621;7733;5.13;0.31;327.27;7.69;1283;32;2640.00;112
6343;23;4258674;6343;478;7623;7733;5.07;0.31;327.24;7.77;1280;32;2641.00;110
6345;23;4258689;6345;480;7626;7733;5.07;0.31;327.35;7.82;1281;32;2642.00;107
6347;23;4258704;6347;475;7629;7734;5.09;0.31;327.35;7.86;1282;32;2643.00;105
6352;23;4258718;6352;483;7629;7735;5.07;0.31;327.44;7.86;1277;32;2644.00;106
6355;23;4258734;6355;482;7631;7735;5.07;0.31;327.52;7.94;1276;32;2645.00;104
6358;23;4258748;6358;481;7634;7738;5.10;0.31;327.55;7.94;1276;32;2646.00;104
6363;23;4258765;6363;473;7636;7738;5.07;0.31;327.59;8.02;1273;32;2647.00;102
6365;23;4258780;6365;471;7636;7738;5.09;0.31;327.60;8.02;1271;32;2648.00;102
6368;23;4258796;6368;467;7636;7738;5.15;0.32;327.60;8.02;1268;32;2649.00;102
6371;23;4258812;6371;468;7641;7744;5.23;0.32;327.78;8.02;1270;32;2650.00;103
6376;23;4258828;6376;463;7641;7744;5.24;0.32;327.92;8.02;1265;32;2651.00;103
6381;23;4258844;6381;461;7641;7744;5.24;0.32;328.15;8.02;1260;32;2652.00;103
6383;23;4258862;6383;472;7641;7744;5.20;0.32;328.29;8.02;1258;32;2653.00;103
6387;23;4258885;6387;476;7644;7748;5.19;0.32;328.42;8.02;1257;32;2654.00;104
6391;23;4258900;6391;482;7646;7750;5.21;0.32;328.47;8.01;1255;32;2655.00;104
6398;23;4258916;6398;487;7646;7750;5.18;0.32;328.44;8.01;1248;32;2656.00;104
6401;23;4258931;6401;485;7647;7751;5.16;0.31;328.54;8.01;1246;32;2657.00;104
6407;23;4258945;6407;488;7647;7751;5.11;0.31;328.49;8.01;1240;32;2658.00;104
6411;23;4258960;6411;492;7647;7751;5.11;0.31;328.63;8.01;1236;32;2659.00;104
6413;23;4258974;6413;494;7647;7751;5.12;0.31;328.63;8.01;1234;32;2660.00;104
6420;23;4258991;6420;502;7647;7751;5.09;0.31;328.78;8.01;1227;32;2661.00;104
6425;23;4259006;6425;510;7647;7751;5.05;0.31;329.05;8.01;1222;32;2662.00;104
6432;23;4259024;6432;509;7647;7751;4.97;0.30;329.04;8.01;1215;32;2663.00;104
6434;23;4259039;6434;517;7689;7821;4.99;0.30;329.05;7.97;1255;32;2664.00;132
6438;23;4259062;6438;525;7690;7822;4.97;0.30;329.13;7.97;1252;32;2665.00;132
6441;23;4259078;6441;529;7693;7822;4.97;0.30;329.16;7.97;1252;32;2666.00;129
6444;23;4259096;6444;531;7696;7822;4.94;0.30;329.21;7.96;1252;32;2667.00;126
6447;23;4259115;6447;529;7700;7822;4.92;0.30;329.18;7.96;1253;32;2668.00;122
6452;23;4259132;6452;536;7702;7822;4.90;0.30;329.25;7.96;1250;32;2669.00;120
6455;23;4259152;6455;538;7705;7822;4.90;0.30;329.26;7.96;1250;32;2670.00;117
6459;23;4259169;6459;535;7707;7822;4.87;0.30;329.25;7.96;1248;32;2671.00;115
6464;23;4259187;6464;544;7710;7823;4.82;0.29;329.29;7.96;1246;32;2672.00;113
6467;23;4259204;6467;546;7711;7824;4.75;0.29;329.31;7.96;1244;32;2673.00;113
6469;23;4259219;6469;556;7712;7824;4.69;0.29;329.45;7.96;1243;32;2674.00;112
6473;23;4259237;6473;561;7717;7828;4.64;0.28;329.68;7.96;1244;32;2675.00;111
6479;23;4259254;6479;570;7717;7828;4.53;0.28;329.98;7.96;1238;32;2676.00;111
6483;23;4259270;6483;575;7717;7828;4.50;0.28;329.90;7.96;1234;32;2677.00;111
6486;23;4259284;6486;586;7718;7828;4.46;0.27;329.89;7.96;1232;32;2678.00;110
6489;23;4259298;6489;588;7722;7834;4.46;0.27;329.85;7.95;1233;32;2679.00;112
6494;23;4259315;6494;590;7722;7834;4.38;0.27;329.87;7.95;1228;32;2680.00;112
6495;23;4259329;6495;592;7722;7834;4.31;0.27;329.82;7.95;1227;32;2681.00;112
6498;23;4259343;6498;592;7725;7837;4.26;0.26;329.80;7.97;1227;32;2682.00;112
6500;23;4259358;6500;595;7727;7837;4.23;0.26;329.78;7.97;1227;32;2683.00;110
6505;23;4259371;6505;598;7727;7837;4.16;0.26;329.72;7.97;1222;32;2684.00;110
6508;23;4259387;6508;601;7727;7838;4.05;0.25;329.64;7.97;1219;32;2685.00;111
6509;23;4259402;6509;602;7728;7839;4.02;0.25;329.67;7.97;1219;32;2686.00;111
6511;23;4259416;6511;601;7728;7839;3.98;0.24;329.72;7.97;1217;32;2687.00;111
6516;23;4259431;6516;594;7738;7852;4.04;0.25;329.66;7.96;1222;32;2688.00;114
6519;23;4259446;6519;597;7739;7852;4.04;0.25;329.68;7.96;1220;32;2689.00;113
6520;23;4259460;6520;594;7739;7852;4.06;0.25;329.64;7.96;1219;32;2690.00;113
6520;23;4259475;6520;595;7740;7853;4.12;0.25;329.64;7.96;1220;32;2691.00;113
6525;23;4259489;6525;594;7740;7853;4.16;0.25;329.70;7.96;1215;32;2692.00;113
6527;23;4259504;6527;591;7744;7857;4.25;0.26;329.69;7.95;1217;32;2693.00;113
6530;23;4259522;6530;593;7744;7857;4.27;0.26;329.63;7.95;1214;32;2694.00;113
6532;23;4259539;6532;592;7747;7861;4.32;0.26;329.66;7.95;1215;32;2695.00;114
6535;23;4259555;6535;580;7747;7861;4.33;0.26;329.56;7.95;1212;32;2696.00;114
6535;23;4259573;6535;569;7747;7861;4.38;0.27;329.56;7.95;1212;32;2697.00;114
6536;23;4259593;6536;562;7747;7861;4.41;0.27;329.51;7.95;1211;32;2698.00;114
6537;23;4259608;6537;553;7747;7861;4.42;0.27;329.50;7.95;1210;32;2699.00;114
6542;23;4259624;6542;555;7772;7910;4.46;0.27;329.33;7.93;1230;32;2700.00;138
6543;23;4259648;6543;554;7772;7910;4.49;0.27;329.29;7.93;1229;32;2701.00;138
6544;23;4259663;6544;556;7776;7910;4.56;0.28;329.26;7.92;1232;32;2702.00;134
6545;23;4259678;6545;561;7776;7910;4.57;0.28;329.30;7.92;1231;32;2703.00;134
6546;23;4259692;6546;564;7779;7910;4.58;0.28;329.28;7.92;1233;32;2704.00;131
6547;23;4259706;6547;562;7779;7910;4.59;0.28;329.28;7.92;1232;32;2705.00;131
6549;23;4259723;6549;573;7780;7911;4.60;0.28;329.29;7.92;1231;32;2706.00;131
6549;23;4259738;6549;573;7780;7911;4.58;0.28;329.29;7.92;1231;32;2707.00;131
6551;23;4259753;6551;576;7785;7917;4.54;0.28;329.24;7.92;1234;32;2708.00;132
6551;23;4259768;6551;578;7786;7918;4.54;0.28;329.24;7.92;1235;32;2709.00;132
6552;23;4259787;6552;572;7786;7918;4.58;0.28;329.34;7.92;1234;32;2710.00;132
6552;23;4259803;6552;585;7787;7918;4.58;0.28;329.34;7.92;1235;32;2711.00;131
6553;23;4259818;6553;585;7790;7922;4.59;0.28;329.39;7.91;1237;32;2712.00;132
6556;23;4259834;6556;579;7790;7922;4.56;0.28;329.49;7.91;1234;32;2713.00;132
6557;23;4259852;6557;569;7791;7922;4.58;0.28;329.59;7.91;1234;32;2714.00;131
6561;23;4259869;6561;566;7792;7923;4.56;0.28;329.64;7.91;1231;32;2715.00;131
6562;23;4259892;6562;561;7795;7927;4.60;0.28;329.64;7.91;1233;32;2716.00;132
6563;23;4259908;6563;565;7796;7927;4.62;0.28;329.70;7.91;1233;32;2717.00;131
6564;23;4259924;6564;567;7798;7930;4.64;0.28;329.70;7.91;1234;32;2718.00;132
6564;23;4259938;6564;561;7798;7930;4.66;0.28;329.70;7.91;1234;32;2719.00;132
6565;23;4259959;6565;558;7800;7930;4.75;0.29;329.78;7.91;1235;32;2720.00;130
6567;23;4259975;6567;554;7800;7930;4.79;0.29;329.79;7.91;1233;32;2721.00;130
6568;23;4259989;6568;553;7803;7934;4.83;0.29;329.81;7.91;1235;32;2722.00;131
6569;23;4260011;6569;552;7804;7934;4.91;0.30;329.86;7.91;1235;32;2723.00;130
6570;23;4260026;6570;550;7804;7934;4.96;0.30;329.85;7.91;1234;32;2724.00;130
6571;23;4260041;6571;553;7804;7934;5.04;0.30;329.86;7.91;1233;32;2725.00;130
6573;23;4260055;6573;547;7805;7935;5.05;0.31;329.88;7.91;1232;32;2726.00;130
6573;23;4260076;6573;536;7806;7936;5.12;0.31;329.88;7.91;1233;32;2727.00;130
6573;23;4260091;6573;536;7807;7936;5.13;0.31;329.88;7.91;1234;32;2728.00;129
6573;23;4260106;6573;530;7808;7937;5.17;0.31;329.88;7.91;1235;32;2729.00;129
6576;23;4260122;6576;523;7808;7937;5.22;0.32;329.92;7.91;1232;32;2730.00;129
6577;23;4260137;6577;518;7809;7937;5.29;0.32;329.98;7.91;1232;32;2731.00;128
6579;23;4260152;6579;511;7811;7937;5.32;0.32;329.97;7.92;1232;32;2732.00;126
6579;23;4260166;6579;504;7811;7937;5.35;0.32;329.97;7.92;1232;32;2733.00;126
6580;23;4260180;6580;495;7811;7937;5.41;0.33;329.99;7.92;1231;32;2734.00;126
6584;23;4260195;6584;487;7812;7937;5.43;0.33;330.20;7.94;1228;32;2735.00;125
6589;23;4260209;6589;501;7874;8064;5.54;0.34;330.42;7.88;1285;32;2736.00;190
6591;23;4260232;6591;477;7874;8065;5.61;0.34;330.48;7.88;1283;32;2737.00;191
6593;23;4260246;6593;458;7883;8065;5.72;0.35;330.51;7.88;1290;32;2738.00;182
6596;23;4260260;6596;457;7885;8065;5.78;0.36;330.54;7.88;1289;32;2739.00;180
6597;23;4260275;6597;453;7893;8065;5.86;0.36;330.52;7.88;1296;32;2740.00;172
6602;23;4260289;6602;450;7895;8065;5.87;0.36;330.60;7.87;1293;32;2741.00;170
6602;23;4260304;6602;443;7898;8065;5.93;0.36;330.60;7.87;1296;32;2742.00;167
6603;23;4260318;6603;445;7900;8065;6.01;0.37;330.61;7.87;1297;32;2743.00;165
6607;23;4260332;6607;438;7903;8066;6.05;0.37;330.75;7.87;1296;32;2744.00;163
6609;23;4260347;6609;443;7908;8068;6.06;0.37;330.91;7.92;1299;32;2745.00;160
6613;23;4260363;6613;433;7912;8068;6.06;0.37;331.06;7.98;1299;32;2746.00;156
6616;23;4260377;6616;430;7916;8069;6.08;0.37;331.14;7.98;1300;32;2747.00;153
6620;23;4260392;6620;422;7918;8069;6.09;0.37;331.19;7.98;1298;32;2748.00;151
6621;23;4260412;6621;424;7921;8069;6.09;0.37;331.18;7.98;1300;32;2749.00;148
6625;23;4260428;6625;430;7924;8069;6.07;0.37;331.35;7.98;1299;32;2750.00;145
6627;23;4260443;6627;429;7926;8073;6.07;0.37;331.37;7.98;1299;32;2751.00;147
6629;23;4260459;6629;430;7929;8073;6.12;0.37;331.49;7.98;1300;32;2752.00;144
6634;23;4260475;6634;439;7930;8073;6.12;0.37;331.54;7.99;1296;32;2753.00;143
6636;23;4260491;6636;438;7933;8076;6.13;0.37;331.51;7.99;1297;32;2754.00;143
6641;23;4260506;6641;448;7935;8076;6.12;0.37;331.50;7.99;1294;32;2755.00;141
6643;23;4260523;6643;442;7936;8076;6.13;0.37;331.47;7.99;1293;32;2756.00;140
6647;23;4260538;6647;447;7941;8080;6.10;0.37;331.45;7.99;1294;32;2757.00;139
6650;23;4260554;6650;452;7946;8081;6.07;0.37;331.43;7.99;1296;32;2758.00;135
6650;23;4260579;6650;460;7946;8081;6.05;0.37;331.43;7.99;1296;32;2759.00;135
6654;23;4260595;6654;466;7952;8086;6.02;0.37;331.47;7.99;1298;32;2760.00;134
6656;23;4260612;6656;467;7952;8086;6.04;0.37;331.42;7.99;1296;32;2761.00;134
6657;23;4260627;6657;471;7952;8086;6.05;0.37;331.42;7.99;1295;32;2762.00;134
6661;23;4260643;6661;475;7953;8087;6.04;0.37;331.47;7.99;1292;32;2763.00;134
6662;23;4260659;6662;473;7953;8087;6.06;0.37;331.43;7.99;1291;32;2764.00;134
6665;23;4260675;6665;472;7958;8093;6.08;0.37;331.55;7.99;1293;32;2765.00;135
6669;23;4260690;6669;472;7958;8093;6.09;0.37;331.61;7.99;1289;32;2766.00;135
6672;23;4260706;6672;477;7958;8094;6.12;0.37;331.59;7.99;1286;32;2767.00;136
6674;23;4260724;6674;473;7958;8094;6.12;0.37;331.66;7.99;1284;32;2768.00;136
6675;23;4260741;6675;477;7958;8094;6.13;0.37;331.74;7.99;1283;32;2769.00;136
6678;23;4260757;6678;479;7958;8094;6.08;0.37;331.83;7.99;1280;32;2770.00;136
6679;23;4260773;6679;488;7959;8094;6.06;0.37;331.89;8.04;1280;32;2771.00;135
6681;23;4260789;6681;487;7969;8106;6.04;0.37;331.98;8.03;1288;32;2772.00;137
6684;23;4260806;6684;497;7970;8106;6.05;0.37;332.04;8.08;1286;32;2773.00;136
6686;23;4260821;6686;500;7971;8106;6.04;0.37;332.26;8.08;1285;32;2774.00;135
6688;23;4260836;6688;502;7972;8106;6.02;0.37;332.31;8.13;1284;32;2775.00;134
6690;23;4260852;6690;502;7972;8106;5.99;0.37;332.24;8.13;1282;32;2776.00;134
6694;23;4260872;6694;504;7973;8106;5.95;0.36;332.26;8.19;1279;32;2777.00;133
6695;23;4260887;6695;511;7976;8110;5.92;0.36;332.34;8.18;1281;32;2778.00;134
6696;23;4260902;6696;512;7978;8110;5.89;0.36;332.31;8.29;1282;32;2779.00;132
6698;23;4260915;6698;517;7982;8114;5.89;0.36;332.41;8.29;1284;32;2780.00;132
6701;23;4260929;6701;520;7985;8115;5.88;0.36;332.51;8.39;1284;32;2781.00;130
6703;23;4260944;6703;520;7986;8115;5.86;0.36;332.66;8.44;1283;32;2782.00;129
6707;23;4260958;6707;523;7987;8115;5.81;0.35;332.85;8.49;1280;32;2783.00;128
6708;23;4260973;6708;526;7997;8128;5.80;0.35;332.80;8.48;1289;32;2784.00;131
6710;23;4260994;6710;527;7999;8128;5.74;0.35;332.89;8.58;1289;32;2785.00;129
6715;23;4261008;6715;532;8000;8128;5.66;0.35;333.05;8.58;1285;32;2786.00;128
6716;23;4261024;6716;543;8001;8129;5.67;0.35;333.02;8.57;1285;32;2787.00;128
6718;23;4261038;6718;542;8003;8130;5.64;0.34;333.17;8.67;1285;32;2788.00;127
6722;23;4261053;6722;536;8003;8130;5.64;0.34;333.26;8.67;1281;32;2789.00;127
6725;23;4261069;6725;526;8010;8136;5.64;0.34;333.32;8.76;1285;32;2790.00;126
6729;23;4261084;6729;527;8010;8136;5.69;0.35;333.47;8.76;1281;32;2791.00;126
6732;23;4261099;6732;529;8011;8136;5.75;0.35;333.50;8.76;1279;32;2792.00;125
6734;23;4261112;6734;528;8013;8136;5.79;0.35;333.62;8.86;1279;32;2793.00;123
6737;23;4261126;6737;520;8018;8142;5.83;0.35;333.75;8.85;1281;32;2794.00;124
6740;23;4261140;6740;515;8018;8142;5.80;0.35;333.86;8.85;1278;32;2795.00;124
6743;23;4261155;6743;510;8018;8142;5.72;0.35;333.91;8.85;1275;32;2796.00;124
6745;23;4261169;6745;511;8020;8142;5.64;0.34;333.84;8.95;1275;32;2797.00;122
6751;23;4261182;6751;523;8023;8146;5.49;0.33;333.96;8.94;1272;32;2798.00;123
6752;23;4261197;6752;528;8027;8147;5.38;0.33;334.07;9.08;1275;32;2799.00;120
6753;23;4261218;6753;528;8027;8147;5.34;0.32;334.09;9.08;1274;32;2800.00;120
6756;23;4261236;6756;540;8029;8148;5.31;0.32;334.19;9.12;1273;32;2801.00;119
6759;23;4261249;6759;530;8030;8148;5.24;0.32;334.22;9.17;1271;32;2802.00;118
6763;23;4261262;6763;537;8030;8148;5.16;0.31;334.40;9.17;1267;32;2803.00;118
6768;23;4261276;6768;537;8031;8148;5.05;0.31;334.32;9.21;1263;32;2804.00;117
6770;23;4261289;6770;524;8032;8148;5.00;0.30;334.41;9.25;1262;32;2805.00;116
6776;23;4261304;6776;523;8033;8148;4.92;0.30;334.31;9.29;1257;32;2806.00;115
6778;23;4261317;6778;514;8033;8148;4.87;0.30;334.37;9.29;1255;32;2807.00;115
6781;23;4261330;6781;517;8074;8218;4.96;0.30;334.38;9.29;1293;32;2808.00;144
6785;23;4261352;6785;512;8077;8219;4.92;0.30;334.45;9.29;1292;32;2809.00;142
6789;23;4261365;6789;512;8082;8219;4.89;0.30;334.51;9.28;1293;32;2810.00;137
6792;23;4261379;6792;518;8084;8219;4.88;0.30;334.56;9.28;1292;32;2811.00;135
6796;23;4261393;6796;514;8086;8219;4.90;0.30;334.61;9.28;1290;32;2812.00;133
6800;23;4261406;6800;521;8087;8219;4.87;0.30;334.73;9.28;1287;32;2813.00;132
6804;23;4261420;6804;526;8089;8219;4.86;0.30;334.83;9.28;1285;32;2814.00;130
6808;23;4261434;6808;524;8091;8219;4.84;0.29;334.88;9.28;1283;32;2815.00;128
6812;23;4261448;6812;531;8093;8220;4.81;0.29;334.97;9.28;1281;32;2816.00;127
6813;23;4261463;6813;524;8095;8221;4.82;0.29;334.93;9.28;1282;32;2817.00;126
6816;23;4261478;6816;527;8097;8221;4.83;0.29;334.90;9.28;1281;32;2818.00;124
6820;23;4261492;6820;530;8101;8225;4.82;0.29;334.93;9.27;1281;32;2819.00;124
6821;23;4261507;6821;532;8101;8225;4.85;0.30;334.95;9.27;1280;32;2820.00;124
6822;23;4261522;6822;542;8101;8225;4.88;0.30;335.00;9.27;1279;32;2821.00;124
6827;23;4261537;6827;542;8101;8225;4.87;0.30;334.95;9.27;1274;32;2822.00;124
6832;23;4261550;6832;548;8105;8231;4.84;0.29;334.86;9.27;1273;32;2823.00;126
6833;23;4261565;6833;540;8105;8231;4.84;0.30;334.87;9.27;1272;32;2824.00;126
6837;23;4261579;6837;536;8105;8231;4.79;0.29;334.86;9.27;1268;32;2825.00;126
6840;23;4261593;6840;542;8108;8234;4.73;0.29;334.88;9.30;1268;32;2826.00;126
6843;23;4261607;6843;553;8108;8234;4.65;0.28;334.85;9.30;1265;32;2827.00;126
6843;23;4261622;6843;549;8108;8234;4.58;0.28;334.85;9.30;1265;32;2828.00;126
6846;23;4261636;6846;556;8108;8235;4.49;0.27;334.95;9.30;1262;32;2829.00;127
6851;23;4261650;6851;559;8109;8236;4.40;0.27;335.00;9.30;1258;32;2830.00;127
6854;23;4261666;6854;559;8109;8236;4.33;0.26;334.89;9.30;1255;32;2831.00;127
6858;23;4261681;6858;562;8119;8249;4.30;0.26;334.87;9.29;1261;32;2832.00;130
6859;23;4261696;6859;572;8119;8249;4.28;0.26;334.87;9.29;1260;32;2833.00;130
6862;23;4261709;6862;574;8120;8249;4.23;0.26;334.94;9.29;1258;32;2834.00;129
6864;23;4261723;6864;572;8121;8251;4.22;0.26;335.00;9.29;1257;32;2835.00;130
6869;23;4261738;6869;568;8121;8251;4.19;0.26;334.90;9.29;1252;32;2836.00;130
6871;23;4261752;6871;574;8124;8255;4.16;0.25;334.90;9.29;1253;32;2837.00;131
6874;23;4261766;6874;577;8124;8255;4.14;0.25;334.90;9.29;1250;32;2838.00;131
6878;23;4261780;6878;579;8127;8259;4.15;0.25;334.90;9.29;1249;32;2839.00;132
6882;23;4261794;6882;581;8127;8259;4.13;0.25;334.85;9.29;1245;32;2840.00;132
6885;23;4261807;6885;586;8128;8259;4.09;0.25;334.86;9.29;1243;32;2841.00;131
6889;23;4261820;6889;589;8128;8259;4.06;0.25;334.79;9.29;1239;32;2842.00;131
6893;23;4261834;6893;597;8128;8259;3.97;0.24;334.76;9.29;1235;32;2843.00;131
6898;23;4261847;6898;606;8137;8271;4.00;0.24;334.76;9.28;1239;32;2844.00;134
6898;23;4261862;6898;605;8138;8271;3.99;0.24;334.76;9.28;1240;32;2845.00;133
6901;23;4261875;6901;603;8138;8271;3.97;0.24;334.75;9.28;1237;32;2846.00;133
6903;23;4261888;6903;605;8138;8271;3.96;0.24;334.77;9.28;1235;32;2847.00;133
6906;23;4261901;6906;617;8140;8271;3.98;0.24;334.74;9.29;1234;32;2848.00;131
6907;23;4261914;6907;614;8140;8271;3.99;0.24;334.79;9.29;1233;32;2849.00;131
6908;23;4261929;6908;625;8143;8274;3.97;0.24;334.80;9.28;1235;32;2850.00;131
6908;23;4261942;6908;625;8143;8274;3.94;0.24;334.80;9.28;1235;32;2851.00;131
6910;23;4261954;6910;617;8149;8280;3.91;0.24;334.79;9.28;1239;32;2852.00;131
6912;23;4261979;6912;609;8149;8281;3.90;0.24;334.82;9.28;1237;32;2853.00;132
6913;23;4261993;6913;612;8149;8281;3.92;0.24;334.81;9.28;1236;32;2854.00;132
6914;23;4262005;6914;612;8151;8281;3.98;0.24;334.86;9.28;1237;32;2855.00;130
6916;23;4262018;6916;613;8154;8285;4.03;0.25;334.86;9.28;1238;32;2856.00;131
6916;23;4262032;6916;615;8155;8285;4.07;0.25;334.86;9.28;1239;32;2857.00;130
6918;23;4262045;6918;616;8155;8285;4.12;0.25;334.91;9.28;1237;32;2858.00;130
6920;23;4262058;6920;610;8157;8286;4.13;0.25;334.94;9.28;1237;32;2859.00;129
6920;23;4262071;6920;593;8160;8290;4.20;0.26;334.94;9.28;1240;32;2860.00;130
6921;23;4262090;6921;572;8161;8290;4.25;0.26;334.92;9.28;1240;32;2861.00;129
6922;23;4262103;6922;550;8163;8293;4.33;0.26;334.87;9.28;1241;32;2862.00;130
6924;23;4262117;6924;539;8164;8293;4.42;0.27;334.83;9.27;1240;32;2863.00;129
6925;23;4262130;6925;527;8166;8295;4.54;0.28;334.80;9.27;1241;32;2864.00;129
6925;23;4262151;6925;525;8166;8295;4.68;0.29;334.80;9.27;1241;32;2865.00;129
6927;23;4262165;6927;516;8170;8299;4.81;0.29;334.84;9.27;1243;32;2866.00;129
6927;23;4262186;6927;508;8170;8299;4.96;0.30;334.84;9.27;1243;32;2867.00;129
6928;23;4262199;6928;498;8170;8299;5.07;0.31;334.87;9.27;1242;32;2868.00;129
6929;23;4262213;6929;492;8170;8299;5.14;0.31;334.93;9.27;1241;32;2869.00;129
6930;23;4262230;6930;492;8170;8300;5.20;0.32;334.93;9.27;1240;32;2870.00;130
6930;23;4262245;6930;492;8172;8301;5.21;0.32;334.93;9.31;1242;32;2871.00;129
6931;23;4262266;6931;481;8172;8301;5.22;0.32;334.92;9.31;1241;32;2872.00;129
6932;23;4262282;6932;479;8173;8302;5.26;0.32;334.93;9.31;1241;32;2873.00;129
6932;23;4262298;6932;477;8173;8302;5.29;0.32;334.93;9.31;1241;32;2874.00;129
6933;23;4262314;6933;462;8173;8302;5.31;0.32;334.93;9.31;1240;32;2875.00;129
6934;23;4262337;6934;460;8173;8302;5.36;0.33;335.03;9.31;1239;32;2876.00;129
6935;23;4262353;6935;456;8173;8302;5.38;0.33;335.03;9.31;1238;32;2877.00;129
6935;23;4262369;6935;450;8173;8302;5.40;0.33;335.03;9.31;1238;32;2878.00;129
6936;23;4262385;6936;440;8173;8302;5.39;0.33;335.02;9.31;1237;32;2879.00;129
6939;23;4262402;6939;482;8286;8532;5.64;0.35;335.09;9.18;1347;32;2880.00;246
6943;23;4262436;6943;470;8290;8533;5.68;0.35;335.25;9.18;1347;32;2881.00;243
6944;23;4262459;6944;450;8301;8533;5.77;0.36;335.24;9.17;1357;32;2882.00;232
6951;23;4262479;6951;447;8306;8533;5.79;0.36;335.35;9.16;1355;32;2883.00;227
6955;23;4262496;6955;449;8313;8533;5.85;0.36;335.35;9.16;1358;32;2884.00;220
6957;23;4262514;6957;444;8316;8533;5.89;0.36;335.33;9.16;1359;32;2885.00;217
6960;23;4262530;6960;447;8321;8533;5.95;0.37;335.47;9.16;1361;32;2886.00;212
6962;23;4262548;6962;444;8326;8533;6.00;0.37;335.55;9.15;1364;32;2887.00;207
6963;23;4262565;6963;455;8331;8534;6.03;0.37;335.66;9.15;1368;32;2888.00;203
6966;23;4262581;6966;452;8336;8535;6.01;0.37;335.72;9.20;1370;32;2889.00;199
6967;23;4262598;6967;451;8340;8535;6.00;0.37;335.72;9.20;1373;32;2890.00;195
6970;23;4262616;6970;455;8342;8536;5.97;0.37;335.74;9.20;1372;32;2891.00;194
6974;23;4262634;6974;461;8343;8536;5.96;0.37;335.82;9.20;1369;32;2892.00;193
6976;23;4262665;6976;468;8345;8536;5.97;0.37;335.95;9.20;1369;32;2893.00;191
6978;23;4262692;6978;482;8347;8536;5.96;0.37;335.97;9.20;1369;32;2894.00;189
6980;23;4262709;6980;486;8350;8540;5.92;0.36;336.00;9.24;1370;32;2895.00;190
6982;23;4262728;6982;485;8351;8540;5.90;0.36;336.08;9.24;1369;32;2896.00;189
6983;23;4262745;6983;490;8352;8540;5.90;0.36;336.20;9.25;1369;32;2897.00;188
6987;23;4262762;6987;494;8354;8543;5.89;0.36;336.34;9.25;1367;32;2898.00;189
6991;23;4262780;6991;494;8355;8543;5.86;0.36;336.47;9.25;1364;32;2899.00;188
6994;23;4262800;6994;490;8356;8543;5.86;0.36;336.65;9.25;1362;32;2900.00;187
6998;23;4262826;6998;481;8360;8547;5.86;0.36;336.90;9.25;1362;32;2901.00;187
7000;24;4262844;7000;483;8361;8548;5.82;0.35;336.94;9.25;1361;33;2902.00;187
7003;24;4262877;7003;473;8366;8548;5.80;0.35;337.05;9.25;1363;33;2903.00;182
7006;24;4262896;7006;473;8368;8552;5.81;0.35;337.20;9.25;1362;33;2904.00;184
7007;24;4262915;7007;470;8369;8552;5.83;0.35;337.26;9.25;1362;33;2905.00;183
7012;24;4262933;7012;474;8370;8552;5.81;0.35;337.22;9.25;1358;33;2906.00;182
7015;24;4262951;7015;464;8370;8553;5.77;0.35;337.24;9.25;1355;33;2907.00;183
7017;24;4262971;7017;460;8371;8553;5.80;0.35;337.29;9.25;1354;33;2908.00;182
7022;24;4262990;7022;456;8374;8559;5.85;0.36;337.27;9.25;1352;33;2909.00;185
7027;24;4263010;7027;463;8376;8559;5.87;0.36;337.33;9.30;1349;33;2910.00;183
7031;24;4263036;7031;456;8376;8560;5.88;0.36;337.32;9.30;1345;33;2911.00;184
7038;24;4263054;7038;460;8377;8560;5.86;0.36;337.34;9.31;1339;33;2912.00;183
7041;24;4263073;7041;453;8377;8560;5.87;0.36;337.32;9.31;1336;33;2913.00;183
7041;24;4263092;7041;449;8377;8560;5.89;0.36;337.32;9.31;1336;33;2914.00;183
7044;24;4263112;7044;450;8378;8560;5.88;0.36;337.51;9.31;1334;33;2915.00;182
7047;24;4263130;7047;458;8389;8572;5.92;0.36;337.55;9.30;1342;33;2916.00;183
7048;24;4263150;7048;457;8391;8572;5.95;0.36;337.53;9.31;1343;33;2917.00;181
7050;24;4263169;7050;457;8392;8572;5.95;0.36;337.53;9.31;1342;33;2918.00;180
7054;24;4263186;7054;464;8392;8572;5.92;0.36;337.61;9.31;1338;33;2919.00;180
7056;24;4263204;7056;460;8396;8572;5.91;0.36;337.61;9.32;1340;33;2920.00;176
7057;24;4263228;7057;468;8398;8572;5.93;0.36;337.66;9.33;1341;33;2921.00;174
7060;24;4263246;7060;472;8403;8576;5.91;0.36;337.79;9.33;1343;33;2922.00;173
7061;24;4263264;7061;464;8404;8576;5.89;0.36;337.80;9.33;1343;33;2923.00;172
7065;24;4263281;7065;471;8407;8580;5.90;0.36;337.85;9.33;1342;33;2924.00;173
7067;24;4263302;7067;463;8411;8582;5.83;0.35;337.82;9.33;1344;33;2925.00;171
7071;24;4263321;7071;466;8411;8582;5.81;0.35;337.95;9.33;1340;33;2926.00;171
7072;24;4263341;7072;467;8413;8582;5.76;0.35;337.97;9.33;1341;33;2927.00;169
7075;24;4263358;7075;463;8422;8595;5.75;0.35;338.01;9.32;1347;33;2928.00;173
7078;24;4263376;7078;461;8423;8595;5.69;0.35;338.03;9.33;1345;33;2929.00;172
7078;24;4263394;7078;468;8423;8595;5.68;0.35;338.03;9.33;1345;33;2930.00;172
7081;24;4263416;7081;470;8424;8596;5.67;0.35;338.03;9.33;1343;33;2931.00;172
7084;24;4263433;7084;470;8426;8597;5.66;0.34;338.09;9.43;1342;33;2932.00;171
7087;24;4263450;7087;474;8428;8597;5.69;0.35;338.18;9.44;1341;33;2933.00;169
7089;24;4263468;7089;481;8431;8600;5.72;0.35;338.33;9.44;1342;33;2934.00;169
7092;24;4263484;7092;486;8433;8600;5.75;0.35;338.40;9.50;1341;33;2935.00;167
7095;24;4263501;7095;494;8433;8600;5.76;0.35;338.46;9.50;1338;33;2936.00;167
7099;24;4263517;7099;496;8435;8600;5.74;0.35;338.45;9.56;1336;33;2937.00;165
7101;24;4263535;7101;503;8441;8606;5.74;0.35;338.49;9.56;1340;34;2938.00;165
7105;24;4263567;7105;504;8444;8606;5.70;0.35;338.57;9.66;1339;34;2939.00;162
7108;24;4263587;7108;508;8446;8606;5.61;0.34;338.72;9.77;1338;34;2940.00;160
7110;24;4263609;7110;508;8447;8606;5.56;0.34;338.73;9.77;1337;34;2941.00;159
7116;24;4263626;7116;518;8453;8610;5.52;0.34;338.99;9.88;1337;34;2942.00;157
7119;24;4263643;7119;518;8455;8611;5.49;0.33;339.02;9.87;1336;34;2943.00;156
7119;24;4263659;7119;531;8456;8611;5.50;0.34;339.02;9.93;1337;34;2944.00;155
7119;24;4263675;7119;524;8459;8612;5.48;0.33;339.02;10.03;1340;34;2945.00;153
7121;24;4263691;7121;523;8459;8612;5.47;0.33;339.10;10.03;1338;35;2946.00;153
7123;24;4263716;7123;522;8461;8612;5.45;0.33;339.07;10.14;1338;35;2947.00;151
7127;24;4263732;7127;529;8461;8612;5.39;0.33;339.18;10.14;1334;35;2948.00;151
7130;24;4263748;7130;528;8462;8612;5.38;0.33;339.31;10.20;1332;35;2949.00;150
7132;24;4263765;7132;531;8463;8612;5.36;0.33;339.32;10.25;1331;35;2950.00;149
7136;24;4263780;7136;525;8463;8612;5.35;0.33;339.36;10.25;1327;35;2951.00;149
7137;24;4263796;7137;542;8503;8682;5.47;0.33;339.32;10.20;1366;35;2952.00;179
7140;24;4263818;7140;539;8506;8683;5.44;0.33;339.35;10.30;1366;35;2953.00;177
7141;24;4263835;7141;528;8512;8683;5.43;0.33;339.46;10.40;1371;35;2954.00;171
7143;24;4263851;7143;535;8516;8683;5.42;0.33;339.49;10.50;1373;35;2955.00;167
7146;24;4263868;7146;531;8517;8683;5.41;0.33;339.61;10.50;1371;35;2956.00;166
7147;24;4263885;7147;530;8518;8683;5.40;0.33;339.61;10.50;1371;35;2957.00;165
7148;24;4263901;7148;526;8521;8683;5.37;0.33;339.62;10.60;1373;35;2958.00;162
7152;25;4263917;7152;539;8523;8683;5.35;0.33;339.59;10.60;1371;36;2959.00;160
7153;25;4263944;7153;548;8527;8684;5.33;0.33;339.54;10.69;1374;36;2960.00;157
7158;25;4263961;7158;546;8528;8685;5.28;0.32;339.63;10.69;1370;36;2961.00;157
7158;25;4263979;7158;552;8530;8685;5.25;0.32;339.63;10.69;1372;36;2962.00;155
7164;25;4263996;7164;569;8534;8689;5.22;0.32;339.63;10.69;1370;36;2963.00;155
7165;25;4264012;7165;573;8537;8689;5.20;0.32;339.69;10.79;1372;36;2964.00;152
7168;25;4264027;7168;577;8540;8689;5.18;0.32;339.71;10.83;1372;36;2965.00;149
7169;25;4264042;7169;579;8542;8689;5.15;0.31;339.77;10.88;1373;36;2966.00;147
7173;25;4264058;7173;585;8546;8695;5.15;0.31;339.92;10.88;1373;36;2967.00;149
7179;25;4264074;7179;589;8549;8695;5.04;0.31;339.88;10.97;1370;36;2968.00;146
7184;25;4264090;7184;593;8550;8695;4.92;0.30;340.16;10.97;1366;36;2969.00;145
7187;25;4264107;7187;581;8553;8701;4.88;0.30;340.27;10.96;1366;36;2970.00;148
7191;25;4264124;7191;575;8555;8701;4.80;0.29;340.31;11.05;1364;36;2971.00;146
7194;25;4264141;7194;565;8556;8701;4.75;0.29;340.41;11.05;1362;36;2972.00;145
7199;25;4264156;7199;559;8556;8702;4.69;0.29;340.52;11.05;1357;36;2973.00;146
7203;25;4264172;7203;555;8559;8703;4.60;0.28;340.49;11.14;1356;36;2974.00;144
7205;25;4264189;7205;559;8559;8703;4.58;0.28;340.52;11.14;1354;36;2975.00;144
7208;25;4264203;7208;570;8569;8716;4.60;0.28;340.66;11.12;1361;36;2976.00;147
7212;25;4264221;7212;568;8569;8716;4.58;0.28;340.68;11.12;1357;36;2977.00;147
7216;25;4264234;7216;568;8570;8716;4.52;0.28;340.65;11.13;1354;36;2978.00;146
7217;25;4264249;7217;565;8570;8717;4.51;0.27;340.67;11.13;1353;36;2979.00;147
7219;25;4264263;7219;567;8570;8717;4.48;0.27;340.62;11.13;1351;36;2980.00;147
7222;25;4264277;7222;571;8573;8721;4.47;0.27;340.61;11.12;1351;36;2981.00;148
7223;25;4264292;7223;579;8573;8721;4.50;0.28;340.61;11.12;1350;36;2982.00;148
7228;25;4264307;7228;581;8577;8725;4.51;0.28;340.73;11.12;1349;36;2983.00;148
7232;25;4264324;7232;581;8577;8725;4.46;0.27;340.66;11.12;1345;36;2984.00;148
7235;25;4264339;7235;584;8577;8725;4.41;0.27;340.69;11.12;1342;36;2985.00;148
7238;25;4264354;7238;586;8577;8725;4.38;0.27;340.73;11.12;1339;36;2986.00;148
7241;25;4264368;7241;598;8577;8725;4.38;0.27;340.69;11.12;1336;36;2987.00;148
7249;25;4264382;7249;598;8586;8737;4.37;0.27;340.62;11.11;1337;36;2988.00;151
7250;25;4264398;7250;600;8586;8737;4.37;0.27;340.64;11.11;1336;36;2989.00;151
7254;25;4264411;7254;608;8587;8737;4.33;0.27;340.64;11.11;1333;36;2990.00;150
7258;25;4264425;7258;604;8587;8737;4.30;0.26;340.68;11.11;1329;36;2991.00;150
7261;25;4264439;7261;603;8587;8737;4.34;0.27;340.63;11.11;1326;36;2992.00;150
7265;25;4264454;7265;602;8587;8737;4.32;0.27;340.65;11.11;1322;36;2993.00;150
7271;25;4264468;7271;604;8587;8738;4.26;0.26;340.75;11.11;1316;36;2994.00;151
7274;25;4264482;7274;601;8587;8738;4.22;0.26;340.81;11.11;1313;36;2995.00;151
7278;25;4264496;7278;603;8591;8744;4.20;0.26;340.91;11.11;1313;36;2996.00;153
7281;25;4264510;7281;606;8591;8745;4.20;0.26;340.82;11.11;1310;36;2997.00;154
7286;25;4264524;7286;615;8591;8745;4.15;0.25;340.88;11.11;1305;36;2998.00;154
7289;25;4264539;7289;615;8591;8745;4.12;0.25;340.85;11.11;1302;36;2999.00;154
7291;25;4264555;7291;619;8598;8765;4.13;0.25;340.90;11.10;1307;36;3000.00;167
7295;25;4264574;7295;617;8598;8765;4.13;0.25;340.82;11.10;1303;36;3001.00;167
7298;25;4264588;7298;619;8599;8765;4.12;0.25;340.78;11.10;1301;36;3002.00;166
7304;25;4264602;7304;624;8600;8766;4.12;0.25;340.85;11.10;1296;36;3003.00;166
7305;25;4264616;7305;622;8604;8770;4.15;0.25;340.87;11.10;1299;36;3004.00;166
7307;25;4264629;7307;628;8605;8770;4.09;0.25;340.86;11.10;1298;36;3005.00;165
7312;25;4264643;7312;628;8607;8773;4.07;0.25;340.95;11.09;1295;36;3006.00;166
7315;25;4264657;7315;622;8608;8773;4.05;0.25;340.92;11.10;1293;36;3007.00;165
7318;25;4264671;7318;616;8609;8773;4.01;0.24;340.98;11.10;1291;36;3008.00;164
7321;25;4264685;7321;607;8610;8773;3.99;0.24;340.94;11.10;1289;36;3009.00;163
7323;25;4264699;7323;607;8613;8777;4.05;0.25;340.98;11.10;1290;36;3010.00;164
7325;25;4264712;7325;609;8615;8777;4.07;0.25;341.05;11.10;1290;36;3011.00;162
7329;25;4264726;7329;612;8616;8777;4.06;0.25;341.02;11.10;1287;36;3012.00;161
7331;25;4264740;7331;604;8618;8777;4.05;0.25;341.08;11.11;1287;36;3013.00;159
7333;25;4264754;7333;605;8619;8778;4.05;0.25;341.08;11.11;1286;36;3014.00;159
7333;25;4264768;7333;598;8620;8780;4.09;0.25;341.08;11.11;1287;36;3015.00;160
7335;25;4264782;7335;591;8621;8780;4.12;0.25;341.05;11.11;1286;36;3016.00;159
7337;25;4264796;7337;585;8622;8781;4.18;0.25;341.12;11.11;1285;36;3017.00;159
7339;25;4264809;7339;576;8625;8781;4.20;0.25;341.13;11.11;1286;36;3018.00;156
7340;25;4264825;7340;565;8627;8781;4.26;0.26;341.13;11.11;1287;36;3019.00;154
7341;25;4264838;7341;568;8628;8781;4.26;0.26;341.10;11.11;1287;36;3020.00;153
7341;25;4264857;7341;562;8628;8781;4.23;0.26;341.10;11.11;1287;36;3021.00;153
7344;25;4264871;7344;552;8628;8781;4.23;0.26;341.15;11.11;1284;36;3022.00;153
7345;25;4264885;7345;543;8628;8781;4.25;0.26;341.13;11.11;1283;36;3023.00;153
7346;25;4264899;7346;558;8695;8908;4.61;0.28;341.15;11.09;1349;36;3024.00;213
7346;25;4264923;7346;551;8699;8909;4.65;0.29;341.15;11.09;1353;36;3025.00;210
7347;25;4264937;7347;526;8707;8909;4.74;0.29;341.23;11.08;1360;36;3026.00;202
7350;25;4264952;7350;514;8713;8909;4.81;0.30;341.23;11.07;1363;36;3027.00;196
7350;25;4264967;7350;498;8718;8909;4.96;0.30;341.23;11.07;1368;36;3028.00;191
7352;25;4264981;7352;492;8720;8909;4.97;0.31;341.26;11.07;1368;36;3029.00;189
7353;25;4264998;7353;487;8725;8909;5.02;0.31;341.39;11.07;1372;36;3030.00;184
7358;25;4265013;7358;479;8728;8909;5.02;0.31;341.36;11.07;1370;36;3031.00;181
7360;25;4265028;7360;481;8732;8910;5.03;0.31;341.47;11.07;1372;36;3032.00;178
7361;25;4265043;7361;483;8734;8911;5.06;0.31;341.44;11.06;1373;36;3033.00;177
7363;25;4265059;7363;488;8736;8911;5.06;0.31;341.57;11.06;1373;36;3034.00;175
7365;25;4265074;7365;500;8740;8912;5.06;0.31;341.55;11.07;1375;36;3035.00;172
7366;25;4265089;7366;509;8741;8912;5.10;0.31;341.59;11.07;1375;36;3036.00;171
7368;25;4265104;7368;495;8745;8912;5.10;0.31;341.72;11.07;1377;36;3037.00;167
7371;25;4265120;7371;490;8747;8912;5.10;0.31;341.86;11.07;1376;36;3038.00;165
7374;25;4265135;7374;486;8752;8916;5.11;0.31;342.02;11.07;1378;36;3039.00;164
7374;25;4265150;7374;481;8753;8916;5.16;0.32;342.02;11.12;1379;36;3040.00;163
7377;25;4265164;7377;479;8755;8916;5.17;0.32;342.24;11.13;1378;36;3041.00;161
7379;25;4265182;7379;480;8756;8919;5.20;0.32;342.34;11.12;1377;36;3042.00;163
7380;25;4265197;7380;484;8758;8919;5.26;0.32;342.44;11.13;1378;36;3043.00;161
7383;25;4265213;7383;486;8758;8919;5.29;0.32;342.48;11.13;1375;36;3044.00;161
7384;25;4265228;7384;480;8762;8923;5.34;0.33;342.46;11.12;1378;37;3045.00;161
7388;25;4265252;7388;482;8765;8924;5.39;0.33;342.66;11.12;1377;37;3046.00;159
7393;25;4265268;7393;486;8766;8924;5.42;0.33;342.71;11.12;1373;37;3047.00;158
7394;25;4265283;7394;483;8769;8928;5.48;0.33;342.67;11.12;1375;37;3048.00;159
7397;25;4265299;7397;481;8769;8928;5.45;0.33;342.81;11.12;1372;37;3049.00;159
7399;25;4265315;7399;479;8769;8928;5.43;0.33;342.90;11.12;1370;37;3050.00;159
7400;25;4265330;7400;484;8770;8929;5.43;0.33;342.98;11.11;1370;37;3051.00;159
7403;25;4265345;7403;484;8770;8929;5.37;0.33;343.04;11.11;1367;37;3052.00;159
7407;25;4265365;7407;487;8775;8935;5.36;0.33;343.17;11.11;1368;37;3053.00;160
7409;25;4265387;7409;486;8775;8935;5.33;0.33;343.26;11.11;1366;37;3054.00;160
7410;25;4265402;7410;479;8775;8936;5.37;0.33;343.31;11.11;1365;37;3055.00;161
7410;25;4265417;7410;479;8775;8936;5.36;0.33;343.31;11.11;1365;37;3056.00;161
7414;25;4265434;7414;479;8775;8936;5.36;0.33;343.43;11.11;1361;37;3057.00;161
7414;25;4265449;7414;481;8775;8936;5.38;0.33;343.43;11.11;1361;37;3058.00;161
7418;25;4265463;7418;484;8775;8936;5.38;0.33;343.56;11.11;1357;37;3059.00;161
7424;25;4265481;7424;480;8801;8972;5.41;0.33;343.80;11.08;1377;37;3060.00;171
7425;25;4265500;7425;477;8801;8972;5.46;0.33;343.86;11.08;1376;37;3061.00;171
7429;25;4265516;7429;477;8804;8972;5.44;0.33;343.92;11.07;1375;37;3062.00;168
7432;25;4265531;7432;474;8804;8972;5.46;0.33;343.87;11.07;1372;37;3063.00;168
7435;25;4265546;7435;475;8806;8972;5.50;0.34;343.96;11.13;1371;37;3064.00;166
7438;25;4265562;7438;471;8806;8972;5.53;0.34;344.08;11.13;1368;37;3065.00;166
7440;25;4265578;7440;468;8810;8976;5.58;0.34;344.15;11.13;1370;37;3066.00;166
7443;25;4265594;7443;456;8810;8976;5.60;0.34;344.26;11.13;1367;37;3067.00;166
7444;25;4265611;7444;451;8814;8980;5.70;0.35;344.32;11.12;1370;37;3068.00;166
7447;25;4265627;7447;449;8815;8981;5.76;0.35;344.43;11.12;1368;37;3069.00;166
7450;25;4265643;7450;437;8815;8981;5.79;0.35;344.55;11.12;1365;37;3070.00;166
7453;25;4265659;7453;440;8815;8981;5.83;0.35;344.67;11.12;1362;37;3071.00;166
7457;25;4265675;7457;435;8824;8994;5.82;0.35;344.91;11.11;1367;37;3072.00;170
7464;25;4265691;7464;424;8824;8994;5.79;0.35;345.12;11.11;1360;37;3073.00;170
7468;26;4265707;7468;422;8824;8994;5.82;0.35;345.16;11.11;1356;38;3074.00;170
7472;26;4265733;7472;426;8827;8995;5.85;0.35;345.32;11.22;1355;38;3075.00;168
7476;26;4265751;7476;422;8827;8996;5.86;0.36;345.43;11.22;1351;38;3076.00;169
7481;26;4265766;7481;420;8827;8996;5.84;0.35;345.42;11.22;1346;38;3077.00;169
7486;26;4265782;7486;421;8831;8999;5.86;0.35;345.61;11.27;1345;38;3078.00;168
7489;26;4265798;7489;420;8832;8999;5.88;0.36;345.57;11.27;1343;38;3079.00;167
7492;26;4265819;7492;420;8832;8999;5.84;0.35;345.71;11.27;1340;38;3080.00;167
7495;26;4265835;7495;433;8832;8999;5.82;0.35;345.68;11.27;1337;38;3081.00;167
7496;26;4265850;7496;430;8838;9005;5.82;0.35;345.75;11.26;1342;38;3082.00;167
7498;26;4265865;7498;428;8838;9005;5.77;0.35;345.74;11.26;1340;38;3083.00;167
7499;26;4265882;7499;430;8838;9005;5.72;0.35;345.72;11.26;1339;38;3084.00;167
7503;26;4265896;7503;436;8838;9005;5.65;0.34;345.78;11.26;1335;38;3085.00;167
7505;26;4265911;7505;439;8841;9009;5.65;0.34;345.78;11.26;1336;38;3086.00;168
7509;26;4265926;7509;436;8842;9010;5.63;0.34;345.72;11.26;1333;38;3087.00;168
7510;26;4265942;7510;441;8842;9010;5.60;0.34;345.77;11.26;1332;38;3088.00;168
7514;26;4265956;7514;442;8843;9011;5.58;0.34;345.94;11.25;1329;38;3089.00;168
7515;26;4265973;7515;449;8843;9011;5.58;0.34;345.95;11.25;1328;38;3090.00;168
7520;26;4265988;7520;451;8843;9011;5.58;0.34;346.00;11.25;1323;38;3091.00;168
7524;26;4266002;7524;457;8843;9011;5.56;0.34;346.13;11.25;1319;38;3092.00;168
7525;26;4266017;7525;460;8843;9011;5.50;0.34;346.23;11.25;1318;38;3093.00;168
7527;26;4266033;7527;471;8843;9011;5.48;0.33;346.42;11.25;1316;38;3094.00;168
7531;26;4266046;7531;476;8843;9011;5.41;0.33;346.60;11.25;1312;38;3095.00;168
7532;26;4266060;7532;480;8878;9081;5.49;0.34;346.59;11.21;1346;38;3096.00;203
7534;26;4266079;7534;480;8881;9082;5.49;0.34;346.65;11.21;1347;38;3097.00;201
7535;26;4266093;7535;485;8887;9082;5.56;0.34;346.69;11.20;1352;38;3098.00;195
7538;26;4266108;7538;485;8889;9082;5.59;0.34;346.78;11.20;1351;38;3099.00;193
7539;26;4266123;7539;484;8891;9082;5.60;0.34;346.84;11.20;1352;38;3100.00;191
7543;26;4266140;7543;489;8893;9082;5.57;0.34;346.88;11.25;1350;38;3101.00;189
7546;26;4266155;7546;485;8895;9082;5.57;0.34;346.97;11.25;1349;38;3102.00;187
7550;27;4266169;7550;487;8897;9082;5.52;0.34;347.02;11.25;1347;39;3103.00;185
7555;27;4266189;7555;497;8899;9083;5.50;0.34;347.26;11.31;1344;39;3104.00;184
7558;27;4266207;7558;505;8902;9085;5.45;0.33;347.32;11.30;1344;39;3105.00;183
7564;27;4266221;7564;514;8905;9085;5.37;0.33;347.41;11.36;1341;39;3106.00;180
7567;27;4266237;7567;527;8909;9089;5.29;0.32;347.57;11.36;1342;39;3107.00;180
7569;27;4266251;7569;514;8912;9089;5.24;0.32;347.61;11.36;1343;39;3108.00;177
7573;27;4266265;7573;520;8913;9089;5.17;0.32;347.58;11.41;1340;39;3109.00;176
7575;27;4266279;7575;527;8915;9089;5.14;0.31;347.55;11.41;1340;39;3110.00;174
7579;27;4266293;7579;540;8922;9095;5.10;0.31;347.48;11.46;1343;39;3111.00;173
7580;27;4266308;7580;545;8924;9095;5.06;0.31;347.45;11.46;1344;39;3112.00;171
7583;27;4266322;7583;557;8925;9095;4.96;0.30;347.66;11.46;1342;39;3113.00;170
7583;27;4266336;7583;555;8927;9098;4.91;0.30;347.66;11.46;1344;39;3114.00;171
7586;27;4266349;7586;561;8927;9098;4.80;0.29;347.86;11.46;1341;39;3115.00;171
7589;27;4266363;7589;570;8930;9098;4.70;0.29;347.80;11.57;1341;39;3116.00;168
7590;27;4266377;7590;585;8930;9099;4.60;0.28;347.81;11.57;1340;39;3117.00;169
7593;27;4266390;7593;584;8931;9100;4.55;0.28;347.82;11.57;1338;39;3118.00;169
7594;27;4266403;7594;589;8932;9100;4.54;0.28;347.83;11.62;1338;39;3119.00;168
7594;27;4266418;7594;598;8949;9126;4.57;0.28;347.83;11.60;1355;39;3120.00;177
7596;27;4266433;7596;601;8949;9126;4.51;0.28;347.85;11.60;1353;39;3121.00;177
7600;27;4266446;7600;592;8954;9126;4.53;0.28;347.91;11.70;1354;39;3122.00;172
7602;27;4266460;7602;592;8956;9127;4.54;0.28;348.00;11.70;1354;39;3123.00;171
7603;27;4266474;7603;591;8957;9127;4.57;0.28;347.97;11.70;1354;39;3124.00;170
7607;27;4266487;7607;600;8963;9131;4.58;0.28;348.00;11.80;1356;39;3125.00;168
7610;27;4266501;7610;596;8963;9131;4.56;0.28;347.94;11.80;1353;39;3126.00;168
7613;27;4266513;7613;603;8966;9135;4.54;0.28;348.04;11.80;1353;39;3127.00;169
7616;27;4266533;7616;604;8966;9135;4.46;0.27;347.99;11.80;1350;39;3128.00;169
7621;27;4266546;7621;605;8966;9135;4.41;0.27;348.00;11.80;1345;39;3129.00;169
7624;27;4266559;7624;604;8968;9135;4.35;0.27;348.08;11.90;1344;39;3130.00;167
7626;27;4266572;7626;610;8968;9135;4.31;0.26;348.11;11.90;1342;39;3131.00;167
7630;27;4266584;7630;620;8978;9147;4.27;0.26;348.07;11.89;1348;39;3132.00;169
7633;27;4266598;7633;614;8978;9147;4.19;0.26;347.99;11.89;1345;39;3133.00;169
7640;27;4266611;7640;612;8979;9147;4.08;0.25;347.98;11.89;1339;39;3134.00;168
7640;27;4266623;7640;602;8979;9147;4.03;0.25;347.98;11.89;1339;39;3135.00;168
7643;27;4266635;7643;600;8979;9147;4.00;0.25;348.04;11.89;1336;39;3136.00;168
7646;27;4266648;7646;592;8979;9147;3.93;0.24;348.11;11.89;1333;39;3137.00;168
7648;27;4266660;7648;589;8979;9148;3.93;0.24;348.10;11.89;1331;39;3138.00;169
7652;27;4266672;7652;588;8979;9148;3.93;0.24;348.01;11.89;1327;39;3139.00;169
7656;27;4266684;7656;591;8984;9154;3.95;0.24;348.02;11.88;1328;39;3140.00;170
7660;27;4266699;7660;593;8985;9155;3.96;0.24;347.99;11.88;1325;39;3141.00;170
7665;27;4266711;7665;583;8985;9155;3.95;0.24;347.99;11.88;1320;39;3142.00;170
7666;27;4266724;7666;585;8985;9155;3.99;0.25;347.95;11.88;1319;39;3143.00;170
7669;27;4266738;7669;584;8988;9159;3.99;0.24;347.95;11.88;1319;39;3144.00;171
7672;27;4266751;7672;577;8988;9159;3.97;0.24;347.94;11.88;1316;39;3145.00;171
7672;27;4266764;7672;571;8988;9159;3.97;0.24;347.94;11.88;1316;39;3146.00;171
7675;27;4266776;7675;576;8989;9160;3.92;0.24;347.91;11.87;1314;39;3147.00;171
7679;27;4266788;7679;574;8992;9164;3.90;0.24;347.85;11.87;1313;39;3148.00;172
7682;27;4266802;7682;573;8992;9164;3.91;0.24;348.01;11.87;1310;39;3149.00;172
7685;27;4266817;7685;580;8997;9170;3.92;0.24;348.02;11.86;1312;39;3150.00;173
7689;27;4266831;7689;582;8997;9170;3.92;0.24;347.92;11.86;1308;39;3151.00;173
7690;27;4266845;7690;582;8998;9170;3.99;0.25;347.93;11.86;1308;39;3152.00;172
7694;27;4266857;7694;572;8998;9170;4.01;0.25;347.86;11.86;1304;39;3153.00;172
7699;27;4266870;7699;555;9002;9174;4.07;0.25;347.80;11.86;1303;39;3154.00;172
7702;27;4266884;7702;534;9002;9174;4.14;0.25;347.74;11.86;1300;39;3155.00;172
7707;27;4266898;7707;527;9002;9174;4.17;0.26;347.66;11.86;1295;39;3156.00;172
7710;27;4266912;7710;524;9002;9174;4.20;0.26;347.69;11.86;1292;39;3157.00;172
7713;27;4266926;7713;515;9003;9175;4.22;0.26;347.66;11.93;1290;39;3158.00;172
7717;27;4266940;7717;513;9004;9176;4.22;0.26;347.57;11.93;1287;39;3159.00;172
7718;27;4266954;7718;506;9004;9176;4.26;0.26;347.58;11.93;1286;39;3160.00;172
7721;27;4266972;7721;506;9005;9177;4.26;0.26;347.58;11.93;1284;39;3161.00;172
7722;27;4266986;7722;494;9005;9177;4.29;0.26;347.54;11.93;1283;39;3162.00;172
7728;27;4267000;7728;496;9005;9177;4.30;0.26;347.55;11.93;1277;39;3163.00;172
7729;27;4267014;7729;501;9005;9177;4.35;0.27;347.57;11.93;1276;39;3164.00;172
7732;27;4267028;7732;502;9005;9177;4.37;0.27;347.65;11.93;1273;39;3165.00;172
7735;27;4267042;7735;505;9005;9177;4.43;0.27;347.71;11.93;1270;39;3166.00;172
7738;27;4267056;7738;503;9005;9177;4.45;0.27;347.70;11.93;1267;39;3167.00;172
7742;27;4267070;7742;504;9076;9304;4.80;0.30;347.69;11.83;1334;39;3168.00;228
7745;27;4267094;7745;498;9078;9305;4.80;0.30;347.72;11.83;1333;39;3169.00;227
7746;27;4267109;7746;494;9085;9305;4.88;0.30;347.69;11.82;1339;39;3170.00;220
7750;27;4267123;7750;487;9089;9305;4.89;0.30;347.66;11.82;1339;39;3171.00;216
7753;27;4267137;7753;482;9094;9305;4.89;0.30;347.65;11.81;1341;39;3172.00;211
7756;27;4267151;7756;481;9098;9305;4.94;0.31;347.64;11.81;1342;39;3173.00;207
7760;27;4267166;7760;482;9100;9305;4.96;0.31;347.67;11.81;1340;39;3174.00;205
7762;27;4267180;7762;479;9104;9305;4.95;0.31;347.69;11.81;1342;39;3175.00;201
7765;27;4267195;7765;473;9106;9306;4.95;0.31;347.70;11.81;1341;39;3176.00;200
7767;27;4267209;7767;483;9106;9307;4.93;0.30;347.81;11.81;1339;39;3177.00;201
7770;27;4267224;7770;485;9109;9307;4.87;0.30;347.88;11.81;1339;39;3178.00;198
7773;27;4267238;7773;493;9110;9308;4.84;0.30;347.86;11.81;1337;39;3179.00;198
7774;27;4267255;7774;504;9111;9308;4.82;0.30;347.89;11.81;1337;39;3180.00;197
7777;27;4267269;7777;509;9114;9308;4.79;0.30;347.89;11.81;1337;39;3181.00;194
7781;27;4267284;7781;504;9118;9308;4.76;0.29;347.97;11.88;1337;39;3182.00;190
7783;27;4267300;7783;492;9120;9312;4.76;0.29;347.98;11.88;1337;39;3183.00;192
7789;27;4267316;7789;486;9124;9312;4.70;0.29;347.96;11.88;1335;39;3184.00;188
7793;27;4267332;7793;489;9124;9312;4.67;0.29;347.97;11.88;1331;39;3185.00;188
7796;27;4267347;7796;493;9127;9315;4.66;0.29;348.06;11.88;1331;39;3186.00;188
7798;27;4267363;7798;492;9128;9315;4.64;0.28;348.09;11.88;1330;39;3187.00;187
7801;27;4267379;7801;494;9129;9315;4.63;0.28;348.12;11.88;1328;39;3188.00;186
7804;27;4267394;7804;501;9134;9319;4.62;0.28;348.16;11.87;1330;39;3189.00;185
7808;27;4267415;7808;500;9136;9320;4.66;0.28;348.19;11.87;1328;39;3190.00;184
7811;27;4267429;7811;487;9138;9322;4.68;0.29;348.22;11.87;1327;39;3191.00;184
7816;27;4267445;7816;474;9141;9326;4.71;0.29;348.36;11.87;1325;39;3192.00;185
7819;27;4267461;7819;460;9142;9326;4.70;0.29;348.29;11.86;1323;39;3193.00;184
7822;27;4267475;7822;448;9142;9326;4.73;0.29;348.40;11.86;1320;39;3194.00;184
7824;27;4267490;7824;450;9144;9328;4.80;0.29;348.39;11.86;1320;39;3195.00;184
7826;27;4267505;7826;442;9144;9328;4.80;0.29;348.35;11.86;1318;39;3196.00;184
7828;27;4267519;7828;440;9149;9334;4.84;0.29;348.37;11.86;1321;39;3197.00;185
7831;27;4267535;7831;440;9149;9334;4.82;0.29;348.57;11.86;1318;39;3198.00;185
7832;27;4267551;7832;444;9149;9335;4.81;0.29;348.61;11.86;1317;39;3199.00;186
7837;27;4267566;7837;439;9149;9335;4.79;0.29;348.83;11.86;1312;39;3200.00;186
7841;27;4267584;7841;435;9149;9335;4.76;0.29;349.06;11.86;1308;39;3201.00;186
7841;27;4267598;7841;427;9150;9335;4.75;0.29;349.06;11.93;1309;39;3202.00;185
7844;27;4267613;7844;420;9150;9335;4.72;0.29;349.16;11.93;1306;39;3203.00;185
7845;27;4267627;7845;416;9160;9347;4.81;0.29;349.25;11.92;1315;39;3204.00;187
7845;27;4267643;7845;411;9161;9347;4.83;0.29;349.25;11.92;1316;39;3205.00;186
7848;27;4267657;7848;407;9161;9347;4.82;0.29;349.30;11.92;1313;39;3206.00;186
7851;27;4267672;7851;406;9161;9347;4.84;0.29;349.37;11.92;1310;39;3207.00;186
7852;27;4267687;7852;408;9161;9347;4.91;0.30;349.40;11.92;1309;39;3208.00;186
7853;27;4267702;7853;406;9161;9347;4.96;0.30;349.38;11.92;1308;39;3209.00;186
7857;27;4267717;7857;403;9164;9351;4.99;0.30;349.59;11.91;1307;39;3210.00;187
7859;27;4267733;7859;407;9164;9351;5.05;0.31;349.59;11.91;1305;39;3211.00;187
7861;27;4267748;7861;406;9168;9355;5.17;0.31;349.55;11.91;1307;39;3212.00;187
7864;27;4267763;7864;404;9169;9356;5.24;0.32;349.57;11.91;1305;39;3213.00;187
7867;27;4267779;7867;405;9169;9356;5.28;0.32;349.53;11.91;1302;39;3214.00;187
7870;27;4267794;7870;407;9169;9356;5.31;0.32;349.61;11.91;1299;39;3215.00;187
7871;27;4267808;7871;415;9180;9369;5.34;0.32;349.68;11.89;1309;39;3216.00;189
7874;27;4267824;7874;415;9180;9369;5.33;0.32;349.91;11.89;1306;39;3217.00;189
7878;27;4267841;7878;417;9180;9369;5.31;0.32;350.03;11.89;1302;39;3218.00;189
7879;27;4267856;7879;425;9181;9370;5.30;0.32;350.08;11.89;1302;39;3219.00;189
7879;27;4267870;7879;419;9181;9371;5.35;0.32;350.08;11.89;1302;39;3220.00;190
7880;27;4267884;7880;426;9181;9371;5.43;0.33;350.14;11.89;1301;39;3221.00;190
7884;27;4267899;7884;427;9184;9374;5.42;0.33;350.31;11.96;1300;39;3222.00;190
7888;27;4267915;7888;432;9184;9374;5.38;0.33;350.30;11.96;1296;39;3223.00;190
7888;27;4267928;7888;439;9185;9374;5.37;0.33;350.30;11.96;1297;39;3224.00;189
7890;27;4267948;7890;435;9185;9374;5.32;0.32;350.28;11.96;1295;39;3225.00;189
7892;27;4267963;7892;427;9190;9380;5.30;0.32;350.33;11.96;1298;39;3226.00;190
7892;27;4267978;7892;420;9190;9380;5.28;0.32;350.33;11.96;1298;39;3227.00;190
7896;27;4267993;7896;420;9190;9380;5.24;0.32;350.35;11.96;1294;39;3228.00;190
7897;27;4268007;7897;422;9190;9380;5.22;0.32;350.33;11.96;1293;39;3229.00;190
7898;27;4268022;7898;415;9193;9384;5.21;0.32;350.33;11.95;1295;39;3230.00;191
7899;27;4268037;7899;410;9194;9385;5.23;0.32;350.36;11.95;1295;39;3231.00;191
7903;27;4268051;7903;407;9194;9385;5.25;0.32;350.55;11.95;1291;39;3232.00;191
7906;27;4268066;7906;405;9195;9386;5.30;0.32;350.56;11.95;1289;39;3233.00;191
7908;27;4268082;7908;401;9195;9386;5.27;0.32;350.50;11.95;1287;39;3234.00;191
7914;27;4268097;7914;396;9195;9386;5.23;0.32;350.53;11.95;1281;39;3235.00;191
7915;27;4268111;7915;391;9195;9386;5.28;0.32;350.51;11.95;1280;39;3236.00;191
7917;27;4268125;7917;390;9195;9386;5.30;0.32;350.65;11.95;1278;39;3237.00;191
7920;27;4268140;7920;381;9195;9386;5.29;0.32;350.65;11.95;1275;39;3238.00;191
7926;27;4268155;7926;376;9195;9386;5.29;0.32;350.93;11.95;1269;39;3239.00;191
7928;27;4268171;7928;384;9254;9511;5.48;0.34;350.99;12.07;1326;39;3240.00;257
7931;27;4268199;7931;392;9256;9512;5.41;0.33;350.97;12.07;1325;39;3241.00;256
7936;27;4268213;7936;384;9266;9512;5.39;0.33;351.09;12.06;1330;39;3242.00;246
7939;27;4268228;7939;394;9267;9512;5.34;0.33;351.20;12.06;1328;39;3243.00;245
7944;27;4268248;7944;410;9277;9512;5.33;0.33;351.24;12.05;1333;39;3244.00;235
7944;27;4268268;7944;409;9280;9512;5.32;0.33;351.24;12.04;1336;39;3245.00;232
7947;27;4268288;7947;408;9286;9512;5.31;0.32;351.38;12.04;1339;39;3246.00;226
7950;27;4268302;7950;410;9292;9512;5.31;0.32;351.46;12.04;1342;39;3247.00;220
7950;27;4268317;7950;410;9296;9513;5.30;0.32;351.46;12.04;1346;39;3248.00;217
7952;27;4268332;7952;414;9299;9514;5.29;0.32;351.48;12.03;1347;39;3249.00;215
7954;27;4268347;7954;407;9302;9514;5.25;0.32;351.50;12.03;1348;39;3250.00;212
7958;27;4268362;7958;404;9306;9518;5.24;0.32;351.54;12.03;1348;39;3251.00;212
7961;27;4268377;7961;420;9308;9518;5.19;0.32;351.66;12.03;1347;39;3252.00;210
7963;27;4268392;7963;420;9308;9518;5.17;0.32;351.81;12.03;1345;39;3253.00;210
7966;27;4268406;7966;430;9308;9518;5.10;0.31;351.80;12.03;1342;39;3254.00;210
7966;27;4268420;7966;442;9313;9524;5.06;0.31;351.80;12.02;1347;39;3255.00;211
7970;27;4268435;7970;448;9313;9524;4.99;0.31;351.93;12.02;1343;39;3256.00;211
7973;27;4268449;7973;458;9313;9524;4.97;0.30;351.91;12.02;1340;39;3257.00;211
7976;27;4268463;7976;463;9315;9527;4.93;0.30;352.02;12.02;1339;39;3258.00;212
7979;27;4268478;7979;475;9315;9527;4.88;0.30;352.03;12.02;1336;39;3259.00;212
7980;27;4268497;7980;481;9315;9527;4.80;0.29;352.07;12.02;1335;39;3260.00;212
7983;27;4268510;7983;497;9316;9528;4.70;0.29;352.27;12.02;1333;39;3261.00;212
7983;27;4268524;7983;505;9317;9529;4.68;0.29;352.27;12.02;1334;39;3262.00;212
7989;27;4268538;7989;506;9317;9529;4.63;0.28;352.43;12.02;1328;39;3263.00;212
7990;27;4268551;7990;517;9327;9542;4.66;0.29;352.49;12.01;1337;39;3264.00;215
7991;27;4268566;7991;521;9329;9542;4.66;0.29;352.47;12.07;1338;39;3265.00;213
7997;27;4268579;7997;530;9329;9542;4.64;0.29;352.55;12.07;1332;39;3266.00;213
7999;27;4268593;7999;533;9331;9543;4.66;0.29;352.54;12.13;1332;39;3267.00;212
8000;27;4268608;8000;536;9331;9543;4.66;0.29;352.55;12.13;1331;39;3268.00;212
8001;27;4268621;8001;539;9336;9547;4.69;0.29;352.62;12.19;1335;39;3269.00;211
8004;27;4268636;8004;546;9337;9547;4.63;0.29;352.54;12.25;1333;39;3270.00;210
8007;27;4268650;8007;551;9341;9551;4.55;0.28;352.47;12.31;1334;39;3271.00;210
8010;27;4268669;8010;552;9342;9551;4.49;0.28;352.46;12.37;1332;39;3272.00;209
8012;27;4268683;8012;554;9344;9551;4.45;0.27;352.44;12.49;1332;39;3273.00;207
8014;27;4268696;8014;554;9344;9551;4.42;0.27;352.48;12.49;1330;39;3274.00;207
8017;27;4268709;8017;561;9344;9551;4.36;0.27;352.57;12.49;1327;39;3275.00;207
8020;27;4268722;8020;571;9356;9563;4.38;0.27;352.55;12.60;1336;39;3276.00;207
8022;27;4268738;8022;565;9356;9563;4.30;0.26;352.47;12.60;1334;39;3277.00;207
8025;27;4268751;8025;568;9357;9563;4.24;0.26;352.47;12.60;1332;39;3278.00;206
8025;27;4268764;8025;574;9357;9563;4.24;0.26;352.47;12.60;1332;39;3279.00;206
8025;27;4268776;8025;570;9359;9563;4.21;0.26;352.47;12.72;1334;39;3280.00;204
8028;27;4268788;8028;581;9360;9563;4.19;0.26;352.53;12.78;1332;39;3281.00;203
8031;27;4268801;8031;587;9361;9564;4.12;0.25;352.52;12.84;1330;39;3282.00;203
8032;27;4268814;8032;592;9361;9564;4.05;0.25;352.52;12.84;1329;39;3283.00;203
8034;27;4268826;8034;591;9368;9570;4.05;0.25;352.45;12.95;1334;39;3284.00;202
8036;27;4268840;8036;589;9370;9572;3.99;0.25;352.43;12.95;1334;39;3285.00;202
8037;27;4268853;8037;595;9370;9572;3.91;0.24;352.45;12.95;1333;39;3286.00;202
8038;27;4268865;8038;596;9372;9572;3.88;0.24;352.46;13.07;1334;39;3287.00;200
8041;27;4268878;8041;597;9375;9576;3.89;0.24;352.42;13.06;1334;39;3288.00;201
8044;27;4268890;8044;599;9377;9576;3.85;0.24;352.34;13.18;1333;39;3289.00;199
8044;27;4268903;8044;596;9377;9576;3.81;0.23;352.34;13.18;1333;39;3290.00;199
8046;27;4268914;8046;603;9378;9577;3.82;0.23;352.27;13.18;1332;39;3291.00;199
8048;27;4268926;8048;613;9382;9581;3.84;0.23;352.33;13.23;1334;39;3292.00;199
8050;27;4268939;8050;614;9383;9581;3.83;0.23;352.25;13.29;1333;39;3293.00;198
8051;27;4268951;8051;617;9385;9584;3.88;0.24;352.22;13.29;1334;39;3294.00;199
8053;27;4268964;8053;615;9385;9584;3.89;0.24;352.15;13.29;1332;39;3295.00;199
8055;27;4268976;8055;613;9386;9584;3.87;0.24;352.14;13.28;1331;39;3296.00;198
8057;27;4268988;8057;610;9386;9584;3.83;0.23;352.12;13.28;1329;39;3297.00;198
8058;27;4269000;8058;613;9390;9588;3.81;0.23;352.09;13.28;1332;39;3298.00;198
8059;27;4269012;8059;618;9390;9588;3.77;0.23;352.12;13.28;1331;39;3299.00;198
8063;27;4269026;8063;612;9395;9607;3.67;0.22;352.01;13.27;1332;39;3300.00;212
8065;27;4269043;8065;593;9395;9607;3.63;0.22;352.05;13.27;1330;39;3301.00;212
8065;27;4269055;8065;577;9395;9608;3.60;0.22;352.05;13.27;1330;39;3302.00;213
8068;27;4269067;8068;567;9396;9609;3.61;0.22;352.04;13.27;1328;39;3303.00;213
8072;27;4269080;8072;572;9396;9609;3.59;0.22;352.03;13.27;1324;39;3304.00;213
8072;27;4269093;8072;581;9398;9610;3.66;0.22;352.03;13.27;1326;39;3305.00;212
8075;27;4269105;8075;586;9399;9610;3.65;0.22;352.11;13.27;1324;39;3306.00;211
8077;27;4269118;8077;572;9399;9610;3.67;0.22;352.16;13.27;1322;39;3307.00;211
8079;27;4269130;8079;566;9399;9610;3.76;0.23;352.19;13.27;1320;39;3308.00;211
8082;27;4269143;8082;566;9399;9610;3.81;0.23;352.21;13.27;1317;39;3309.00;211
8084;27;4269157;8084;565;9399;9610;3.80;0.23;352.25;13.27;1315;39;3310.00;211
8085;27;4269175;8085;559;9401;9610;3.81;0.23;352.26;13.27;1316;39;3311.00;209
8088;27;4269188;8088;560;9463;9737;4.19;0.26;352.27;13.18;1375;39;3312.00;274
8089;27;4269216;8089;559;9465;9738;4.23;0.26;352.29;13.18;1376;39;3313.00;273
8090;27;4269230;8090;557;9474;9738;4.30;0.27;352.30;13.17;1384;39;3314.00;264
8093;27;4269243;8093;554;9475;9738;4.33;0.27;352.25;13.17;1382;39;3315.00;263
8097;27;4269256;8097;553;9482;9738;4.34;0.27;352.21;13.16;1385;39;3316.00;256
8103;27;4269270;8103;548;9486;9738;4.34;0.27;352.24;13.16;1383;39;3317.00;252
8106;27;4269285;8106;549;9491;9738;4.35;0.27;352.21;13.16;1385;39;3318.00;247
8109;27;4269299;8109;551;9495;9738;4.37;0.27;352.36;13.15;1386;39;3319.00;243
8112;27;4269313;8112;553;9498;9739;4.37;0.27;352.34;13.15;1386;39;3320.00;241
8114;27;4269327;8114;540;9501;9740;4.39;0.27;352.29;13.15;1387;39;3321.00;239
8115;27;4269341;8115;546;9505;9740;4.38;0.27;352.28;13.15;1390;39;3322.00;235
8122;27;4269354;8122;552;9507;9741;4.32;0.26;352.30;13.15;1385;39;3323.00;234
8124;27;4269368;8124;553;9508;9741;4.32;0.27;352.27;13.15;1384;39;3324.00;233
8126;27;4269383;8126;560;9511;9741;4.29;0.26;352.25;13.15;1385;39;3325.00;230
8130;27;4269396;8130;557;9511;9741;4.25;0.26;352.19;13.15;1381;39;3326.00;230
8132;27;4269411;8132;554;9514;9745;4.26;0.26;352.19;13.15;1382;39;3327.00;231
8135;27;4269424;8135;559;9516;9745;4.29;0.27;352.10;13.15;1381;39;3328.00;229
8138;27;4269438;8138;570;9518;9745;4.30;0.27;352.04;13.15;1380;39;3329.00;227
8145;27;4269454;8145;572;9522;9751;4.29;0.26;352.03;13.15;1377;39;3330.00;229
8149;27;4269468;8149;572;9522;9751;4.31;0.27;352.15;13.15;1373;39;3331.00;229
8152;27;4269483;8152;570;9523;9751;4.37;0.27;352.14;13.15;1371;39;3332.00;228
8156;27;4269497;8156;573;9528;9755;4.39;0.27;352.27;13.15;1372;39;3333.00;227
8160;27;4269511;8160;572;9529;9756;4.38;0.27;352.32;13.15;1369;39;3334.00;227
8166;27;4269525;8166;565;9531;9756;4.38;0.27;352.29;13.15;1365;39;3335.00;225
8170;27;4269540;8170;559;9536;9760;4.39;0.27;352.30;13.15;1366;39;3336.00;224
8170;27;4269554;8170;559;9537;9760;4.39;0.27;352.30;13.15;1367;39;3337.00;223
8177;27;4269568;8177;571;9538;9760;4.33;0.27;352.40;13.15;1361;39;3338.00;222
8180;27;4269582;8180;571;9539;9761;4.28;0.26;352.54;13.15;1359;39;3339.00;222
8185;27;4269603;8185;566;9539;9761;4.23;0.26;352.60;13.15;1354;39;3340.00;222
8190;27;4269622;8190;563;9545;9767;4.19;0.26;352.66;13.15;1355;39;3341.00;222
8192;27;4269636;8192;560;9547;9767;4.21;0.26;352.71;13.15;1355;39;3342.00;220
8197;27;4269650;8197;559;9550;9768;4.19;0.26;352.80;13.15;1353;39;3343.00;218
8200;27;4269664;8200;568;9551;9768;4.17;0.25;352.92;13.15;1351;39;3344.00;217
8205;27;4269678;8205;576;9552;9768;4.13;0.25;353.20;13.15;1347;39;3345.00;216
8209;27;4269692;8209;579;9552;9768;4.14;0.25;353.20;13.15;1343;39;3346.00;216
8214;27;4269706;8214;577;9552;9768;4.18;0.26;353.41;13.15;1338;39;3347.00;216
8220;27;4269721;8220;561;9563;9780;4.18;0.26;353.66;13.13;1343;39;3348.00;217
8221;27;4269737;8221;548;9564;9780;4.27;0.26;353.66;13.21;1343;39;3349.00;216
8224;27;4269751;8224;541;9564;9780;4.33;0.26;353.80;13.21;1340;39;3350.00;216
8225;27;4269765;8225;530;9564;9780;4.41;0.27;353.78;13.21;1339;39;3351.00;216
8229;27;4269779;8229;521;9564;9780;4.43;0.27;353.83;13.21;1335;39;3352.00;216
8233;27;4269794;8233;516;9564;9780;4.44;0.27;354.09;13.21;1331;39;3353.00;216
8234;27;4269814;8234;521;9567;9784;4.49;0.27;354.06;13.21;1333;39;3354.00;217
8237;27;4269828;8237;523;9567;9784;4.50;0.27;354.21;13.21;1330;39;3355.00;217
8240;27;4269844;8240;512;9571;9788;4.50;0.28;354.43;13.20;1331;39;3356.00;217
8245;27;4269859;8245;502;9572;9789;4.53;0.28;354.43;13.20;1327;39;3357.00;217
8250;27;4269874;8250;495;9572;9789;4.53;0.28;354.51;13.20;1322;39;3358.00;217
8253;27;4269889;8253;496;9572;9789;4.53;0.28;354.73;13.20;1319;39;3359.00;217
8255;27;4269911;8255;500;9597;9818;4.57;0.28;354.88;13.17;1342;39;3360.00;221
8256;27;4269928;8256;492;9597;9818;4.58;0.28;354.93;13.17;1341;39;3361.00;221
8261;27;4269943;8261;495;9597;9818;4.56;0.28;355.17;13.17;1336;39;3362.00;221
8263;27;4269957;8263;497;9598;9819;4.55;0.28;355.32;13.16;1335;39;3363.00;221
8264;27;4269971;8264;500;9598;9820;4.55;0.28;355.32;13.16;1334;39;3364.00;222
8265;27;4269985;8265;504;9598;9820;4.53;0.28;355.42;13.16;1333;39;3365.00;222
8267;27;4269999;8267;509;9600;9823;4.53;0.28;355.57;13.16;1333;39;3366.00;223
8268;27;4270014;8268;516;9601;9823;4.57;0.28;355.54;13.16;1333;39;3367.00;222
8269;27;4270028;8269;511;9601;9823;4.58;0.28;355.55;13.16;1332;39;3368.00;222
8271;27;4270043;8271;512;9601;9823;4.56;0.28;355.59;13.16;1330;39;3369.00;222
8273;27;4270057;8273;514;9607;9829;4.60;0.28;355.79;13.23;1334;39;3370.00;222
8276;27;4270072;8276;518;9607;9829;4.65;0.28;355.91;13.23;1331;39;3371.00;222
8277;27;4270086;8277;520;9607;9829;4.66;0.28;355.90;13.23;1330;39;3372.00;222
8279;27;4270106;8279;523;9607;9829;4.69;0.29;355.97;13.23;1328;39;3373.00;222
8284;27;4270120;8284;513;9610;9833;4.68;0.29;356.00;13.22;1326;39;3374.00;223
8285;27;4270135;8285;514;9612;9835;4.72;0.29;356.00;13.22;1327;39;3375.00;223
8289;27;4270149;8289;511;9612;9835;4.70;0.29;355.98;13.22;1323;39;3376.00;223
8291;27;4270163;8291;510;9613;9836;4.71;0.29;356.04;13.22;1322;39;3377.00;223
8292;27;4270177;8292;511;9613;9836;4.71;0.29;356.13;13.22;1321;39;3378.00;223
8294;27;4270191;8294;512;9613;9836;4.69;0.29;356.11;13.22;1319;39;3379.00;223
8296;27;4270206;8296;507;9613;9836;4.66;0.28;356.15;13.22;1317;39;3380.00;223
8299;27;4270220;8299;512;9613;9836;4.61;0.28;356.36;13.22;1314;39;3381.00;223
8299;27;4270234;8299;514;9613;9836;4.59;0.28;356.36;13.22;1314;39;3382.00;223
8301;27;4270248;8301;518;9613;9836;4.61;0.28;356.40;13.22;1312;39;3383.00;223
8301;27;4270262;8301;544;9650;9906;4.60;0.28;356.40;13.17;1349;39;3384.00;256
8302;27;4270281;8302;538;9651;9907;4.64;0.28;356.44;13.25;1349;39;3385.00;256
8305;27;4270295;8305;534;9656;9907;4.70;0.29;356.55;13.24;1351;39;3386.00;251
8307;27;4270309;8307;530;9656;9907;4.70;0.29;356.62;13.24;1349;39;3387.00;251
8308;27;4270323;8308;533;9659;9907;4.72;0.29;356.64;13.24;1351;39;3388.00;248
8311;27;4270337;8311;539;9662;9907;4.74;0.29;356.65;13.23;1351;39;3389.00;245
8311;27;4270353;8311;543;9665;9907;4.78;0.29;356.65;13.23;1354;39;3390.00;242
8314;27;4270369;8314;548;9669;9907;4.79;0.29;356.60;13.23;1355;39;3391.00;238
8314;27;4270383;8314;545;9672;9908;4.81;0.29;356.60;13.23;1358;39;3392.00;236
8317;27;4270398;8317;541;9674;9909;4.79;0.29;356.71;13.30;1357;39;3393.00;235
8319;27;4270412;8319;545;9677;9909;4.84;0.29;356.86;13.30;1358;39;3394.00;232
8319;27;4270426;8319;540;9681;9913;4.90;0.30;356.86;13.30;1362;39;3395.00;232
8322;27;4270441;8322;530;9683;9913;4.84;0.29;357.01;13.29;1361;39;3396.00;230
8327;27;4270455;8327;527;9684;9913;4.76;0.29;357.13;13.29;1357;39;3397.00;229
8328;27;4270469;8328;523;9684;9913;4.76;0.29;357.14;13.29;1356;39;3398.00;229
8335;27;4270483;8335;511;9690;9919;4.70;0.29;357.31;13.29;1355;39;3399.00;229
8336;27;4270499;8336;520;9690;9919;4.69;0.28;357.31;13.29;1354;39;3400.00;229
8339;27;4270517;8339;515;9690;9919;4.66;0.28;357.32;13.29;1351;39;3401.00;229
8343;27;4270531;8343;517;9692;9922;4.63;0.28;357.50;13.29;1349;39;3402.00;230
8345;27;4270545;8345;516;9693;9922;4.65;0.28;357.56;13.29;1348;39;3403.00;229
8348;27;4270559;8348;517;9693;9922;4.62;0.28;357.61;13.29;1345;39;3404.00;229
8351;27;4270573;8351;515;9695;9923;4.57;0.28;357.74;13.42;1344;39;3405.00;228
8353;27;4270590;8353;525;9696;9924;4.56;0.28;357.77;13.42;1343;39;3406.00;228
8359;27;4270604;8359;535;9696;9924;4.54;0.28;357.74;13.42;1337;39;3407.00;228
8362;27;4270619;8362;540;9706;9937;4.57;0.28;357.79;13.41;1344;39;3408.00;231
8363;27;4270634;8363;530;9706;9937;4.55;0.28;357.75;13.41;1343;39;3409.00;231
8363;27;4270648;8363;533;9706;9937;4.53;0.28;357.75;13.41;1343;39;3410.00;231
8363;27;4270661;8363;538;9707;9938;4.54;0.28;357.75;13.41;1344;39;3411.00;231
8364;27;4270675;8364;540;9708;9938;4.49;0.27;357.77;13.41;1344;39;3412.00;230
8368;27;4270689;8368;544;9711;9942;4.48;0.27;357.78;13.40;1343;39;3413.00;231
8369;27;4270704;8369;549;9711;9942;4.43;0.27;357.83;13.40;1342;39;3414.00;231
8372;27;4270717;8372;553;9716;9946;4.40;0.27;357.92;13.40;1344;39;3415.00;230
8373;27;4270732;8373;555;9716;9946;4.38;0.27;358.01;13.40;1343;39;3416.00;230
8373;27;4270745;8373;559;9717;9946;4.34;0.26;358.01;13.47;1344;39;3417.00;229
8375;27;4270758;8375;559;9717;9946;4.28;0.26;357.95;13.47;1342;39;3418.00;229
8377;27;4270772;8377;560;9717;9946;4.23;0.26;357.91;13.47;1340;39;3419.00;229
8377;27;4270787;8377;570;9739;9980;4.36;0.27;357.91;13.44;1362;39;3420.00;241
8380;27;4270804;8380;566;9743;9980;4.31;0.26;357.89;13.44;1363;39;3421.00;237
8381;27;4270817;8381;566;9745;9980;4.35;0.27;357.92;13.43;1364;39;3422.00;235
8383;27;4270831;8383;562;9745;9980;4.35;0.27;357.85;13.43;1362;39;3423.00;235
8384;27;4270845;8384;573;9746;9980;4.36;0.27;357.83;13.43;1362;39;3424.00;234
8386;27;4270858;8386;575;9746;9980;4.30;0.26;357.82;13.43;1360;39;3425.00;234
8387;27;4270877;8387;584;9746;9981;4.24;0.26;357.80;13.43;1359;39;3426.00;235
8389;27;4270891;8389;587;9746;9981;4.23;0.26;357.83;13.43;1357;39;3427.00;235
8390;27;4270905;8390;596;9751;9987;4.26;0.26;357.79;13.43;1361;39;3428.00;236
8391;27;4270919;8391;592;9752;9988;4.25;0.26;357.87;13.42;1361;39;3429.00;236
8392;27;4270933;8392;596;9752;9988;4.19;0.26;357.84;13.42;1360;39;3430.00;236
8394;27;4270947;8394;609;9753;9988;4.12;0.25;357.78;13.49;1359;39;3431.00;235
8395;27;4270960;8395;611;9756;9992;4.07;0.25;357.74;13.49;1361;39;3432.00;236
8396;27;4270974;8396;617;9756;9992;4.02;0.25;357.80;13.49;1360;39;3433.00;236
8399;27;4270988;8399;626;9756;9992;3.95;0.24;357.70;13.49;1357;39;3434.00;236
8401;27;4271001;8401;627;9757;9993;3.90;0.24;357.67;13.49;1356;39;3435.00;236
8403;27;4271015;8403;635;9760;9997;3.84;0.24;357.66;13.49;1357;39;3436.00;237
8407;27;4271028;8407;649;9762;9997;3.78;0.23;357.70;13.63;1355;39;3437.00;235
8410;27;4271043;8410;661;9764;10000;3.74;0.23;357.61;13.62;1354;39;3438.00;236
8412;27;4271057;8412;660;9764;10000;3.66;0.22;357.57;13.62;1352;39;3439.00;236
8412;27;4271070;8412;663;9765;10000;3.66;0.22;357.57;13.62;1353;39;3440.00;235
8412;27;4271083;8412;666;9765;10000;3.63;0.22;357.57;13.62;1353;39;3441.00;235
8413;27;4271096;8413;668;9769;10004;3.62;0.22;357.67;13.62;1356;39;3442.00;235
8414;27;4271109;8414;680;9769;10004;3.56;0.22;357.67;13.62;1355;39;3443.00;235
8415;27;4271123;8415;679;9769;10004;3.53;0.22;357.65;13.62;1354;39;3444.00;235
8416;27;4271135;8416;680;9769;10004;3.51;0.21;357.62;13.62;1353;39;3445.00;235
8417;27;4271147;8417;679;9769;10005;3.42;0.21;357.60;13.62;1352;39;3446.00;236
8418;27;4271160;8418;680;9770;10006;3.38;0.21;357.59;13.61;1352;39;3447.00;236
8419;27;4271173;8419;670;9770;10006;3.36;0.20;357.57;13.61;1351;39;3448.00;236
8419;27;4271186;8419;657;9771;10007;3.40;0.21;357.57;13.61;1352;39;3449.00;236
8419;27;4271201;8419;647;9771;10007;3.39;0.21;357.57;13.61;1352;39;3450.00;236
8420;27;4271214;8420;639;9771;10007;3.39;0.21;357.55;13.61;1351;39;3451.00;236
8422;27;4271226;8422;635;9771;10007;3.38;0.21;357.64;13.61;1349;39;3452.00;236
8423;27;4271239;8423;624;9771;10007;3.43;0.21;357.61;13.61;1348;39;3453.00;236
8425;27;4271252;8425;616;9771;10007;3.46;0.21;357.65;13.61;1346;39;3454.00;236
8427;27;4271275;8427;603;9771;10007;3.45;0.21;357.63;13.61;1344;39;3455.00;236
8427;27;4271287;8427;614;9834;10134;3.80;0.24;357.63;13.53;1407;39;3456.00;300
8427;27;4271309;8427;610;9835;10135;3.82;0.24;357.63;13.53;1408;39;3457.00;300
8431;27;4271322;8431;591;9845;10135;3.86;0.24;357.56;13.51;1414;39;3458.00;290
8433;27;4271335;8433;598;9849;10135;3.87;0.24;357.54;13.51;1416;39;3459.00;286
8433;27;4271348;8433;599;9857;10135;3.92;0.24;357.54;13.50;1424;39;3460.00;278
8435;27;4271362;8435;590;9860;10135;3.90;0.24;357.54;13.50;1425;39;3461.00;275
8438;28;4271378;8438;586;9864;10135;3.87;0.24;357.53;13.50;1426;40;3462.00;271
8438;28;4271404;8438;588;9867;10135;3.87;0.24;357.53;13.49;1429;40;3463.00;268
8440;28;4271418;8440;595;9869;10136;3.85;0.24;357.51;13.49;1429;40;3464.00;267
8442;28;4271443;8442;588;9872;10138;3.86;0.24;357.54;13.49;1430;40;3465.00;266
8445;28;4271488;8445;576;9877;10138;3.86;0.24;357.58;13.49;1432;40;3466.00;261
8447;28;4271507;8447;577;9878;10139;3.86;0.24;357.55;13.49;1431;40;3467.00;261
8449;28;4271521;8449;574;9880;10139;3.88;0.24;357.55;13.49;1431;40;3468.00;259
8452;28;4271539;8452;579;9881;10139;3.82;0.23;357.62;13.49;1429;40;3469.00;258
8454;28;4271553;8454;581;9882;10139;3.84;0.24;357.58;13.49;1428;40;3470.00;257
8458;28;4271567;8458;580;9887;10143;3.83;0.24;357.64;13.49;1429;40;3471.00;256
8460;28;4271583;8460;581;9889;10143;3.85;0.24;357.59;13.49;1429;40;3472.00;254
8462;28;4271598;8462;588;9890;10143;3.89;0.24;357.56;13.49;1428;40;3473.00;253
8465;28;4271611;8465;588;9891;10146;3.91;0.24;357.72;13.48;1426;40;3474.00;255
8470;28;4271625;8470;587;9891;10146;3.94;0.24;357.73;13.48;1421;40;3475.00;255
8472;28;4271639;8472;589;9891;10146;3.95;0.24;357.70;13.48;1419;40;3476.00;255
8475;28;4271652;8475;587;9894;10150;3.96;0.24;357.67;13.48;1419;40;3477.00;256
8478;28;4271667;8478;586;9895;10151;3.99;0.24;357.72;13.48;1417;40;3478.00;256
8483;28;4271683;8483;590;9895;10151;4.00;0.24;357.77;13.48;1412;40;3479.00;256
8486;28;4271699;8486;588;9899;10156;4.04;0.25;357.70;13.47;1413;40;3480.00;257
8490;28;4271714;8490;579;9899;10156;4.09;0.25;357.91;13.47;1409;40;3481.00;257
8494;28;4271729;8494;579;9899;10156;4.12;0.25;357.93;13.47;1405;40;3482.00;257
8499;28;4271744;8499;575;9899;10157;4.10;0.25;358.15;13.47;1400;40;3483.00;258
8502;28;4271759;8502;581;9899;10157;4.07;0.25;358.17;13.47;1397;40;3484.00;258
8508;28;4271773;8508;579;9903;10163;4.04;0.25;358.24;13.47;1395;40;3485.00;260
8510;28;4271789;8510;577;9903;10163;4.11;0.25;358.24;13.47;1393;40;3486.00;260
8515;28;4271804;8515;570;9903;10164;4.13;0.25;358.32;13.47;1388;40;3487.00;261
8517;28;4271824;8517;568;9903;10164;4.15;0.25;358.33;13.47;1386;40;3488.00;261
8519;28;4271839;8519;565;9903;10164;4.23;0.26;358.45;13.47;1384;40;3489.00;261
8522;28;4271854;8522;553;9903;10164;4.28;0.26;358.49;13.47;1381;40;3490.00;261
8525;28;4271868;8525;543;9903;10164;4.31;0.26;358.52;13.47;1378;40;3491.00;261
8529;28;4271883;8529;547;9912;10176;4.29;0.26;358.53;13.46;1383;40;3492.00;264
8534;28;4271899;8534;530;9912;10176;4.30;0.26;358.76;13.46;1378;40;3493.00;264
8538;28;4271915;8538;529;9912;10176;4.27;0.26;358.84;13.46;1374;40;3494.00;264
8541;28;4271929;8541;528;9912;10176;4.29;0.26;358.85;13.46;1371;40;3495.00;264
8544;28;4271944;8544;525;9912;10176;4.28;0.26;358.85;13.46;1368;40;3496.00;264
8546;28;4271959;8546;526;9912;10176;4.27;0.26;358.89;13.46;1366;40;3497.00;264
8552;28;4271973;8552;533;9916;10180;4.27;0.26;358.94;13.53;1364;40;3498.00;264
8554;28;4271990;8554;519;9917;10180;4.25;0.26;359.05;13.53;1363;40;3499.00;263
8556;28;4272006;8556;511;9920;10184;4.28;0.26;359.04;13.53;1364;40;3500.00;264
8561;28;4272025;8561;503;9920;10185;4.30;0.26;359.14;13.53;1359;40;3501.00;265
8562;28;4272041;8562;498;9920;10185;4.36;0.27;359.15;13.53;1358;40;3502.00;265
8565;28;4272056;8565;503;9920;10185;4.39;0.27;359.32;13.53;1355;40;3503.00;265
8569;28;4272071;8569;503;9930;10198;4.49;0.27;359.38;13.52;1361;40;3504.00;268
8571;28;4272087;8571;497;9930;10198;4.53;0.28;359.38;13.52;1359;40;3505.00;268
8576;28;4272101;8576;491;9931;10198;4.51;0.27;359.43;13.52;1355;40;3506.00;267
8579;28;4272117;8579;490;9932;10199;4.49;0.27;359.44;13.52;1353;40;3507.00;267
8581;28;4272132;8581;497;9933;10200;4.50;0.27;359.41;13.52;1352;40;3508.00;267
8584;28;4272147;8584;493;9934;10200;4.46;0.27;359.43;13.53;1350;40;3509.00;266
8591;28;4272164;8591;492;9937;10206;4.46;0.27;359.59;13.53;1346;40;3510.00;269
8591;28;4272181;8591;488;9939;10206;4.50;0.27;359.59;13.53;1348;40;3511.00;267
8594;28;4272196;8594;481;9941;10206;4.50;0.27;359.79;13.53;1347;40;3512.00;265
8595;28;4272212;8595;477;9942;10206;4.51;0.28;359.85;13.53;1347;40;3513.00;264
8595;28;4272228;8595;481;9947;10212;4.53;0.28;359.85;13.53;1352;40;3514.00;265
8600;28;4272244;8600;486;9949;10212;4.50;0.27;359.97;13.61;1349;40;3515.00;263
8603;28;4272259;8603;487;9951;10212;4.49;0.27;360.02;13.61;1348;40;3516.00;261
8606;28;4272275;8606;496;9952;10212;4.55;0.28;360.11;13.61;1346;40;3517.00;260
8609;28;4272290;8609;496;9955;10216;4.58;0.28;360.21;13.60;1346;40;3518.00;261
8611;28;4272306;8611;493;9959;10219;4.58;0.28;360.28;13.60;1348;40;3519.00;260
8614;28;4272322;8614;503;9960;10219;4.60;0.28;360.25;13.60;1346;40;3520.00;259
8619;28;4272336;8619;490;9961;10220;4.58;0.28;360.28;13.60;1342;40;3521.00;259
8621;28;4272353;8621;482;9963;10220;4.62;0.28;360.27;13.60;1342;40;3522.00;257
8623;28;4272368;8623;469;9964;10220;4.67;0.28;360.43;13.67;1341;40;3523.00;256
8627;28;4272384;8627;467;9965;10220;4.72;0.29;360.47;13.67;1338;40;3524.00;255
8627;28;4272400;8627;455;9965;10220;4.78;0.29;360.47;13.67;1338;40;3525.00;255
8632;28;4272416;8632;457;9965;10220;4.79;0.29;360.50;13.67;1333;40;3526.00;255
8635;28;4272432;8635;460;9965;10220;4.80;0.29;360.50;13.67;1330;40;3527.00;255
8640;28;4272448;8640;484;10011;10290;4.76;0.29;360.68;13.61;1371;40;3528.00;279
8644;28;4272469;8644;470;10013;10291;4.80;0.29;360.70;13.60;1369;40;3529.00;278
8645;28;4272485;8645;475;10016;10291;4.88;0.30;360.75;13.60;1371;40;3530.00;275
8647;28;4272500;8647;464;10018;10291;4.90;0.30;360.75;13.60;1371;40;3531.00;273
8648;28;4272516;8648;465;10020;10291;4.93;0.30;360.77;13.60;1372;40;3532.00;271
8650;28;4272532;8650;472;10022;10291;4.99;0.30;360.82;13.59;1372;40;3533.00;269
8651;28;4272549;8651;477;10024;10291;4.99;0.30;360.86;13.59;1373;40;3534.00;267
8652;28;4272566;8652;475;10027;10291;5.05;0.31;360.89;13.66;1375;40;3535.00;264
8656;28;4272582;8656;484;10028;10292;5.01;0.30;360.83;13.65;1372;40;3536.00;264
8658;28;4272597;8658;476;10030;10293;4.96;0.30;360.94;13.65;1372;40;3537.00;263
8659;28;4272613;8659;483;10030;10293;4.90;0.30;360.95;13.65;1371;40;3538.00;263
8660;28;4272629;8660;483;10033;10297;4.85;0.30;361.04;13.65;1373;40;3539.00;264
8663;28;4272646;8663;487;10034;10297;4.81;0.29;361.11;13.65;1371;40;3540.00;263
8665;28;4272662;8665;490;10034;10297;4.75;0.29;361.14;13.65;1369;41;3541.00;263
8666;28;4272686;8666;485;10034;10297;4.68;0.28;361.12;13.65;1368;41;3542.00;263
8669;28;4272701;8669;491;10040;10303;4.61;0.28;361.27;13.64;1371;41;3543.00;263
8671;28;4272717;8671;496;10041;10303;4.57;0.28;361.43;13.64;1370;41;3544.00;262
8675;28;4272733;8675;501;10042;10303;4.53;0.28;361.59;13.64;1367;41;3545.00;261
8677;28;4272748;8677;504;10044;10306;4.53;0.28;361.61;13.64;1367;41;3546.00;262
8679;28;4272763;8679;509;10044;10306;4.54;0.28;361.78;13.64;1365;41;3547.00;262
8682;28;4272780;8682;516;10045;10306;4.48;0.27;361.81;13.64;1363;41;3548.00;261
8683;28;4272794;8683;513;10045;10307;4.49;0.27;361.84;13.64;1362;41;3549.00;262
8684;28;4272809;8684;513;10046;10308;4.53;0.28;361.90;13.64;1362;41;3550.00;262
8685;28;4272824;8685;521;10046;10308;4.52;0.28;361.92;13.64;1361;41;3551.00;262
8688;28;4272839;8688;525;10057;10321;4.51;0.27;362.05;13.62;1369;41;3552.00;264
8689;28;4272855;8689;522;10058;10321;4.56;0.28;362.08;13.69;1369;41;3553.00;263
8692;28;4272872;8692;519;10058;10321;4.53;0.28;362.21;13.69;1366;41;3554.00;263
8693;28;4272887;8693;510;10060;10323;4.54;0.28;362.25;13.69;1367;41;3555.00;263
8693;28;4272902;8693;528;10060;10323;4.57;0.28;362.25;13.69;1367;41;3556.00;263
8696;28;4272917;8696;529;10064;10327;4.59;0.28;362.46;13.68;1368;41;3557.00;263
8701;28;4272932;8701;527;10064;10327;4.55;0.28;362.58;13.68;1363;41;3558.00;263
8702;28;4272947;8702;519;10067;10331;4.55;0.28;362.57;13.68;1365;41;3559.00;264
8704;28;4272962;8704;506;10067;10331;4.49;0.27;362.62;13.68;1363;41;3560.00;264
8706;28;4272976;8706;512;10067;10331;4.46;0.27;362.63;13.68;1361;41;3561.00;264
8708;28;4272991;8708;509;10067;10331;4.42;0.27;362.62;13.68;1359;41;3562.00;264
8710;28;4273005;8710;513;10067;10331;4.44;0.27;362.60;13.68;1357;41;3563.00;264
8710;28;4273019;8710;512;10077;10343;4.49;0.27;362.60;13.66;1367;41;3564.00;266
8713;28;4273033;8713;506;10078;10343;4.47;0.27;362.58;13.66;1365;41;3565.00;265
8714;28;4273048;8714;509;10078;10343;4.46;0.27;362.59;13.66;1364;41;3566.00;265
8717;28;4273062;8717;508;10078;10343;4.46;0.27;362.58;13.66;1361;41;3567.00;265
8720;28;4273076;8720;511;10078;10343;4.46;0.27;362.62;13.66;1358;41;3568.00;265
8724;28;4273090;8724;513;10078;10343;4.48;0.27;362.64;13.66;1354;41;3569.00;265
8725;28;4273105;8725;517;10080;10344;4.48;0.27;362.65;13.82;1355;41;3570.00;264
8731;29;4273123;8731;520;10080;10344;4.43;0.27;362.56;13.82;1349;42;3571.00;264
8735;29;4273146;8735;516;10085;10350;4.42;0.27;362.44;13.81;1350;42;3572.00;265
8738;29;4273161;8738;523;10085;10351;4.41;0.27;362.40;13.81;1347;42;3573.00;266
8742;29;4273180;8742;529;10086;10351;4.44;0.27;362.29;13.81;1344;42;3574.00;265
8745;29;4273195;8745;524;10086;10351;4.42;0.27;362.20;13.81;1341;42;3575.00;265
8746;29;4273210;8746;533;10089;10355;4.43;0.27;362.25;13.81;1343;42;3576.00;266
8750;29;4273230;8750;524;10089;10355;4.35;0.27;362.19;13.81;1339;42;3577.00;266
8751;29;4273244;8751;530;10089;10355;4.29;0.26;362.16;13.81;1338;42;3578.00;266
8753;29;4273258;8753;530;10090;10356;4.24;0.26;362.16;13.81;1337;42;3579.00;266
8757;29;4273273;8757;539;10093;10360;4.16;0.25;362.10;13.80;1336;42;3580.00;267
8759;29;4273287;8759;539;10093;10360;4.13;0.25;362.08;13.80;1334;42;3581.00;267
8762;29;4273302;8762;535;10095;10363;4.15;0.25;362.11;13.80;1333;42;3582.00;268
8763;29;4273317;8763;538;10096;10363;4.11;0.25;362.08;13.80;1333;42;3583.00;267
8765;29;4273331;8765;540;10096;10363;4.06;0.25;362.07;13.80;1331;42;3584.00;267
8767;29;4273346;8767;542;10096;10363;4.02;0.25;362.01;13.80;1329;42;3585.00;267
8767;29;4273360;8767;541;10100;10367;4.05;0.25;362.01;13.79;1333;42;3586.00;267
8770;29;4273375;8770;548;10100;10367;4.01;0.25;362.17;13.79;1330;42;3587.00;267
8770;29;4273389;8770;553;10100;10367;3.98;0.24;362.17;13.79;1330;42;3588.00;267
8773;29;4273402;8773;560;10100;10367;3.92;0.24;362.31;13.79;1327;42;3589.00;267
8775;29;4273416;8775;559;10100;10368;3.90;0.24;362.42;13.79;1325;42;3590.00;268
8775;29;4273431;8775;559;10101;10369;3.90;0.24;362.42;13.79;1326;42;3591.00;268
8778;29;4273444;8778;567;10101;10369;3.88;0.24;362.40;13.79;1323;42;3592.00;268
8778;29;4273458;8778;574;10102;10370;3.88;0.24;362.40;13.79;1324;42;3593.00;268
8780;29;4273471;8780;569;10102;10370;3.87;0.24;362.41;13.79;1322;42;3594.00;268
8780;29;4273485;8780;557;10103;10370;3.89;0.24;362.41;13.87;1323;42;3595.00;267
8782;29;4273498;8782;552;10103;10370;3.88;0.24;362.44;13.87;1321;42;3596.00;267
8782;29;4273510;8782;545;10103;10370;3.91;0.24;362.44;13.87;1321;42;3597.00;267
8784;29;4273524;8784;544;10104;10370;3.92;0.24;362.51;13.95;1320;42;3598.00;266
8785;29;4273537;8785;544;10104;10370;3.91;0.24;362.50;13.95;1319;42;3599.00;266
8786;29;4273552;8786;571;10202;10623;4.35;0.28;362.54;13.82;1416;42;3600.00;421
8788;29;4273588;8788;558;10205;10624;4.37;0.28;362.50;13.90;1417;42;3601.00;419
8789;29;4273613;8789;553;10220;10624;4.47;0.28;362.47;13.88;1431;42;3602.00;404
8791;29;4273626;8791;547;10231;10624;4.52;0.28;362.46;14.03;1440;42;3603.00;393
8792;30;4273645;8792;543;10241;10624;4.56;0.29;362.55;14.02;1449;43;3604.00;383
8792;30;4273670;8792;547;10248;10624;4.54;0.28;362.55;14.01;1456;43;3605.00;376
8794;30;4273686;8794;554;10257;10624;4.55;0.28;362.51;14.08;1463;43;3606.00;367
8796;30;4273699;8796;558;10265;10624;4.55;0.28;362.51;14.08;1469;43;3607.00;359
8799;30;4273714;8799;560;10272;10625;4.55;0.28;362.59;14.15;1473;43;3608.00;353
8800;30;4273729;8800;563;10280;10626;4.58;0.29;362.56;14.15;1480;43;3609.00;346
8800;30;4273744;8800;568;10285;10626;4.56;0.28;362.56;14.23;1485;43;3610.00;341
8800;30;4273758;8800;578;10291;10627;4.50;0.28;362.56;14.22;1491;43;3611.00;336
8805;30;4273773;8805;584;10296;10627;4.45;0.28;362.68;14.22;1491;43;3612.00;331
8807;30;4273787;8807;584;10299;10627;4.40;0.27;362.66;14.22;1492;43;3613.00;328
8809;30;4273802;8809;585;10306;10627;4.32;0.27;362.59;14.30;1497;43;3614.00;321
8813;30;4273816;8813;581;10310;10631;4.25;0.26;362.61;14.30;1497;43;3615.00;321
8818;30;4273836;8818;576;10311;10631;4.19;0.26;362.50;14.30;1493;43;3616.00;320
8819;30;4273852;8819;574;10315;10631;4.15;0.26;362.48;14.37;1496;43;3617.00;316
8820;30;4273868;8820;591;10318;10634;4.13;0.26;362.53;14.37;1498;43;3618.00;316
8821;30;4273888;8821;593;10320;10634;4.13;0.25;362.55;14.45;1499;44;3619.00;314
8823;30;4273911;8823;591;10322;10634;4.10;0.25;362.57;14.45;1499;44;3620.00;312
8826;30;4273926;8826;590;10325;10638;4.12;0.25;362.59;14.45;1499;44;3621.00;313
8827;30;4273940;8827;591;10329;10639;4.11;0.25;362.65;14.45;1502;44;3622.00;310
8829;30;4273956;8829;595;10329;10639;4.09;0.25;362.74;14.45;1500;44;3623.00;310
8832;30;4273970;8832;588;10331;10643;4.13;0.25;362.71;14.45;1499;44;3624.00;312
8833;30;4273985;8833;590;10333;10643;4.18;0.26;362.69;14.45;1500;44;3625.00;310
8836;30;4274000;8836;585;10334;10643;4.17;0.26;362.63;14.45;1498;44;3626.00;309
8838;30;4274015;8838;592;10335;10644;4.19;0.26;362.59;14.45;1497;45;3627.00;309
8840;30;4274038;8840;590;10337;10644;4.20;0.26;362.65;14.45;1497;45;3628.00;307
8843;30;4274052;8843;584;10342;10650;4.18;0.26;362.66;14.45;1499;45;3629.00;308
8847;30;4274074;8847;572;10343;10650;4.13;0.25;362.71;14.45;1496;45;3630.00;307
8851;30;4274089;8851;567;10344;10651;4.12;0.25;362.66;14.45;1493;45;3631.00;307
8852;30;4274106;8852;569;10345;10651;4.13;0.26;362.71;14.45;1493;45;3632.00;306
8856;30;4274120;8856;564;10345;10651;4.11;0.25;362.78;14.45;1489;45;3633.00;306
8861;30;4274136;8861;563;10347;10651;4.10;0.25;362.96;14.46;1486;45;3634.00;304
8863;30;4274152;8863;562;10349;10651;4.07;0.25;363.08;14.46;1486;45;3635.00;302
8865;30;4274169;8865;557;10359;10663;4.10;0.25;363.06;14.45;1494;45;3636.00;304
8871;30;4274187;8871;546;10362;10663;4.10;0.25;363.18;14.45;1491;45;3637.00;301
8876;30;4274203;8876;543;10363;10663;4.11;0.25;363.23;14.45;1487;45;3638.00;300
8879;30;4274221;8879;538;10363;10663;4.11;0.25;363.36;14.45;1484;45;3639.00;300
8880;30;4274237;8880;532;10365;10663;4.13;0.25;363.38;14.46;1485;45;3640.00;298
8884;30;4274253;8884;524;10365;10663;4.13;0.25;363.49;14.46;1481;45;3641.00;298
8887;30;4274270;8887;522;10369;10667;4.16;0.26;363.66;14.45;1482;45;3642.00;298
8890;30;4274288;8890;515;10369;10667;4.20;0.26;363.68;14.45;1479;45;3643.00;298
8893;30;4274304;8893;518;10373;10671;4.22;0.26;363.79;14.45;1480;45;3644.00;298
8897;30;4274321;8897;514;10375;10673;4.22;0.26;363.86;14.44;1478;45;3645.00;298
8901;30;4274337;8901;509;10376;10673;4.23;0.26;363.89;14.44;1475;45;3646.00;297
8906;30;4274353;8906;512;10376;10673;4.26;0.26;364.00;14.44;1470;45;3647.00;297
8908;30;4274371;8908;516;10384;10686;4.25;0.26;364.01;14.43;1476;45;3648.00;302
8912;30;4274389;8912;508;10384;10686;4.26;0.26;364.11;14.43;1472;45;3649.00;302
8915;30;4274406;8915;498;10384;10686;4.29;0.26;364.19;14.43;1469;45;3650.00;302
8921;30;4274422;8921;503;10384;10687;4.26;0.26;364.28;14.43;1463;45;3651.00;303
8926;30;4274439;8926;491;10384;10688;4.30;0.26;364.27;14.43;1458;45;3652.00;304
8927;30;4274456;8927;490;10384;10688;4.32;0.26;364.26;14.43;1457;45;3653.00;304
8931;30;4274472;8931;497;10386;10691;4.34;0.27;364.51;14.43;1455;45;3654.00;305
8934;30;4274489;8934;494;10386;10691;4.36;0.27;364.58;14.43;1452;45;3655.00;305
8937;30;4274505;8937;496;10386;10691;4.38;0.27;364.62;14.43;1449;45;3656.00;305
8942;30;4274521;8942;489;10387;10691;4.35;0.27;364.78;14.50;1445;45;3657.00;304
8945;30;4274538;8945;488;10390;10697;4.39;0.27;364.87;14.50;1445;45;3658.00;307
8947;30;4274555;8947;486;10392;10697;4.42;0.27;364.94;14.50;1445;45;3659.00;305
8950;30;4274572;8950;492;10392;10697;4.42;0.27;365.11;14.50;1442;45;3660.00;305
8955;30;4274588;8955;487;10392;10697;4.42;0.27;365.27;14.50;1437;45;3661.00;305
8957;30;4274603;8957;487;10396;10701;4.46;0.27;365.26;14.49;1439;45;3662.00;305
8962;30;4274619;8962;485;10397;10702;4.42;0.27;365.43;14.49;1435;45;3663.00;305
8967;30;4274635;8967;475;10397;10702;4.44;0.27;365.41;14.49;1430;45;3664.00;305
8970;30;4274650;8970;468;10398;10703;4.41;0.27;365.41;14.49;1428;45;3665.00;305
8973;30;4274667;8973;472;10399;10703;4.36;0.27;365.52;14.50;1426;45;3666.00;304
8977;30;4274682;8977;478;10399;10703;4.33;0.26;365.70;14.50;1422;45;3667.00;304
8980;30;4274699;8980;492;10401;10703;4.30;0.26;365.66;14.50;1421;45;3668.00;302
8984;30;4274714;8984;492;10401;10703;4.27;0.26;365.72;14.50;1417;45;3669.00;302
8988;30;4274731;8988;490;10401;10703;4.29;0.26;365.73;14.50;1413;45;3670.00;302
8993;30;4274748;8993;486;10402;10703;4.26;0.26;365.97;14.50;1409;45;3671.00;301
8998;30;4274763;8998;494;10443;10773;4.22;0.26;365.94;14.44;1445;45;3672.00;330
9000;30;4274787;9000;491;10444;10774;4.21;0.26;366.02;14.44;1444;45;3673.00;330
9004;30;4274802;9004;483;10448;10774;4.16;0.25;366.05;14.51;1444;45;3674.00;326
9006;30;4274818;9006;491;10449;10774;4.16;0.25;366.04;14.51;1443;45;3675.00;325
9007;30;4274833;9007;503;10453;10774;4.16;0.25;366.01;14.51;1446;45;3676.00;321
9010;30;4274849;9010;501;10455;10774;4.16;0.25;366.10;14.51;1445;45;3677.00;319
9012;30;4274865;9012;503;10457;10774;4.16;0.25;366.20;14.51;1445;45;3678.00;317
9015;30;4274880;9015;503;10458;10774;4.16;0.25;366.41;14.50;1443;45;3679.00;316
9018;30;4274895;9018;506;10463;10775;4.15;0.25;366.34;14.58;1445;45;3680.00;312
9019;30;4274911;9019;504;10466;10776;4.18;0.25;366.38;14.58;1447;45;3681.00;310
9022;30;4274926;9022;513;10467;10776;4.19;0.25;366.49;14.58;1445;45;3682.00;309
9025;30;4274942;9025;513;10470;10780;4.19;0.25;366.57;14.57;1445;45;3683.00;310
9027;30;4274958;9027;515;10471;10780;4.22;0.26;366.65;14.57;1444;45;3684.00;309
9030;30;4274974;9030;521;10473;10780;4.21;0.26;366.70;14.57;1443;45;3685.00;307
9031;30;4274989;9031;515;10473;10780;4.23;0.26;366.75;14.57;1442;45;3686.00;307
9035;30;4275004;9035;507;10477;10786;4.25;0.26;366.74;14.57;1442;45;3687.00;309
9036;30;4275020;9036;508;10478;10786;4.30;0.26;366.79;14.56;1442;45;3688.00;308
9038;30;4275036;9038;504;10478;10786;4.30;0.26;366.80;14.56;1440;45;3689.00;308
9040;30;4275054;9040;504;10483;10792;4.34;0.26;366.92;14.56;1443;45;3690.00;309
9041;30;4275076;9041;500;10483;10792;4.36;0.27;366.97;14.56;1442;45;3691.00;309
9043;30;4275092;9043;501;10484;10792;4.34;0.27;367.11;14.56;1441;45;3692.00;308
9049;30;4275108;9049;511;10484;10793;4.32;0.26;367.24;14.56;1435;45;3693.00;309
9049;30;4275125;9049;513;10486;10794;4.31;0.26;367.24;14.63;1437;45;3694.00;308
9052;30;4275140;9052;517;10486;10794;4.29;0.26;367.36;14.63;1434;45;3695.00;308
9055;30;4275157;9055;525;10499;10807;4.27;0.26;367.41;14.62;1444;45;3696.00;308
9057;30;4275173;9057;520;10499;10807;4.25;0.26;367.44;14.62;1442;45;3697.00;308
9058;30;4275190;9058;511;10500;10807;4.24;0.26;367.48;14.63;1442;45;3698.00;307
9064;30;4275205;9064;519;10501;10808;4.22;0.26;367.68;14.62;1437;45;3699.00;307
9066;30;4275223;9066;525;10502;10808;4.25;0.26;367.78;14.62;1436;45;3700.00;306
9069;30;4275242;9069;516;10506;10812;4.29;0.26;367.70;14.62;1437;45;3701.00;306
9071;30;4275259;9071;515;10507;10812;4.28;0.26;367.80;14.63;1436;45;3702.00;305
9076;30;4275275;9076;513;10510;10816;4.31;0.26;367.84;14.62;1434;45;3703.00;306
9076;30;4275292;9076;509;10511;10816;4.38;0.27;367.84;14.63;1435;45;3704.00;305
9081;30;4275307;9081;508;10512;10816;4.35;0.26;367.91;14.70;1431;45;3705.00;304
9084;30;4275323;9084;501;10512;10816;4.34;0.26;367.93;14.70;1428;45;3706.00;304
9088;30;4275339;9088;507;10512;10816;4.37;0.27;367.95;14.70;1424;45;3707.00;304
9089;30;4275354;9089;507;10522;10828;4.42;0.27;368.00;14.69;1433;45;3708.00;306
9091;30;4275370;9091;507;10522;10828;4.45;0.27;368.00;14.69;1431;45;3709.00;306
9093;30;4275387;9093;509;10523;10828;4.49;0.27;368.11;14.69;1430;45;3710.00;305
9095;30;4275403;9095;508;10523;10828;4.47;0.27;368.09;14.69;1428;45;3711.00;305
9100;30;4275419;9100;516;10524;10828;4.45;0.27;368.22;14.76;1424;45;3712.00;304
9101;30;4275435;9101;524;10524;10828;4.49;0.27;368.26;14.76;1423;45;3713.00;304
9102;30;4275451;9102;528;10524;10829;4.49;0.27;368.24;14.76;1422;45;3714.00;305
9104;30;4275466;9104;534;10524;10829;4.45;0.27;368.19;14.76;1420;45;3715.00;305
9107;30;4275482;9107;540;10529;10835;4.42;0.27;368.13;14.76;1422;45;3716.00;306
9108;30;4275497;9108;543;10530;10836;4.40;0.27;368.23;14.76;1422;45;3717.00;306
9111;30;4275514;9111;545;10531;10836;4.34;0.26;368.27;14.83;1420;45;3718.00;305
9113;30;4275529;9113;551;10531;10836;4.29;0.26;368.31;14.83;1418;45;3719.00;305
9114;30;4275546;9114;547;10535;10841;4.31;0.26;368.33;14.83;1421;45;3720.00;306
9116;30;4275561;9116;543;10535;10841;4.31;0.26;368.27;14.83;1419;45;3721.00;306
9120;30;4275577;9120;551;10535;10841;4.26;0.26;368.20;14.83;1415;45;3722.00;306
9124;30;4275592;9124;552;10536;10842;4.25;0.26;368.13;14.83;1412;45;3723.00;306
9126;30;4275607;9126;552;10539;10846;4.25;0.26;368.19;14.82;1413;45;3724.00;307
9129;30;4275622;9129;548;10539;10846;4.21;0.26;368.14;14.82;1410;45;3725.00;307
9131;30;4275643;9131;554;10541;10849;4.19;0.25;368.14;14.82;1410;45;3726.00;308
9133;30;4275659;9133;542;10541;10849;4.20;0.26;368.15;14.82;1408;45;3727.00;308
9134;30;4275674;9134;542;10542;10849;4.21;0.26;368.13;14.82;1408;45;3728.00;307
9137;30;4275690;9137;543;10542;10849;4.20;0.26;368.13;14.82;1405;45;3729.00;307
9140;30;4275704;9140;542;10546;10853;4.27;0.26;368.05;14.81;1406;45;3730.00;307
9144;30;4275720;9144;543;10546;10853;4.32;0.26;368.06;14.81;1402;45;3731.00;307
9147;30;4275737;9147;547;10546;10853;4.36;0.27;368.05;14.81;1399;45;3732.00;307
9150;30;4275752;9150;550;10546;10853;4.37;0.27;368.04;14.81;1396;45;3733.00;307
9152;30;4275767;9152;558;10546;10854;4.38;0.27;368.02;14.81;1394;45;3734.00;308
9156;30;4275782;9156;558;10550;10856;4.31;0.26;368.06;14.98;1394;45;3735.00;306
9159;30;4275802;9159;552;10550;10856;4.25;0.26;368.05;14.98;1391;45;3736.00;306
9159;30;4275822;9159;556;10551;10857;4.26;0.26;368.05;14.98;1392;45;3737.00;306
9162;30;4275837;9162;555;10551;10857;4.27;0.26;368.02;14.98;1389;45;3738.00;306
9164;30;4275853;9164;556;10551;10857;4.28;0.26;368.00;14.98;1387;45;3739.00;306
9164;30;4275868;9164;559;10551;10857;4.30;0.26;368.00;14.98;1387;45;3740.00;306
9165;30;4275883;9165;561;10551;10857;4.28;0.26;367.98;14.98;1386;45;3741.00;306
9166;30;4275897;9166;543;10551;10857;4.28;0.26;368.01;14.98;1385;45;3742.00;306
9169;30;4275912;9169;536;10551;10857;4.26;0.26;368.24;14.98;1382;45;3743.00;306
9169;30;4275927;9169;543;10615;10984;4.58;0.28;368.24;14.89;1446;45;3744.00;369
9172;30;4275952;9172;525;10620;10985;4.61;0.28;368.29;14.89;1448;45;3745.00;365
9173;30;4275969;9173;520;10628;10985;4.68;0.29;368.25;14.88;1455;45;3746.00;357
9175;30;4275985;9175;516;10633;10985;4.70;0.29;368.24;14.87;1458;45;3747.00;352
9178;30;4276000;9178;521;10639;10985;4.71;0.29;368.30;14.87;1461;45;3748.00;346
9179;30;4276025;9179;525;10641;10985;4.69;0.29;368.27;14.86;1462;45;3749.00;344
9180;30;4276042;9180;516;10646;10990;4.63;0.29;368.25;14.86;1466;45;3750.00;344
9181;30;4276064;9181;523;10649;10990;4.64;0.29;368.29;14.86;1468;45;3751.00;341
9181;30;4276079;9181;526;10652;10991;4.70;0.29;368.29;14.85;1471;45;3752.00;339
9183;30;4276101;9183;527;10658;10992;4.73;0.29;368.42;14.85;1475;45;3753.00;334
9183;30;4276116;9183;533;10661;10992;4.73;0.29;368.42;14.85;1478;45;3754.00;331
9186;30;4276132;9186;536;10662;10993;4.69;0.29;368.43;14.85;1476;45;3755.00;331
9188;30;4276154;9188;542;10665;10993;4.70;0.29;368.44;14.85;1477;45;3756.00;328
9190;30;4276170;9190;543;10667;10993;4.69;0.29;368.43;14.85;1477;45;3757.00;326
9191;30;4276186;9191;547;10668;10993;4.70;0.29;368.48;14.85;1477;45;3758.00;325
9192;30;4276201;9192;558;10672;10997;4.68;0.29;368.45;14.84;1480;45;3759.00;325
9195;30;4276218;9195;558;10673;10997;4.62;0.28;368.39;14.84;1478;45;3760.00;324
9197;30;4276235;9197;569;10676;10997;4.56;0.28;368.43;14.93;1479;45;3761.00;321
9197;30;4276251;9197;576;10677;11000;4.52;0.28;368.43;14.93;1480;45;3762.00;323
9199;30;4276267;9199;590;10680;11000;4.52;0.28;368.46;15.02;1481;45;3763.00;320
9201;30;4276282;9201;593;10680;11000;4.52;0.28;368.49;15.02;1479;45;3764.00;320
9204;30;4276298;9204;595;10685;11004;4.46;0.27;368.50;15.01;1481;45;3765.00;319
9206;30;4276315;9206;602;10688;11005;4.46;0.27;368.55;15.18;1482;45;3766.00;317
9209;30;4276330;9209;617;10690;11005;4.46;0.27;368.51;15.18;1481;45;3767.00;315
9209;30;4276346;9209;622;10693;11009;4.42;0.27;368.51;15.18;1484;45;3768.00;316
9210;30;4276367;9210;628;10696;11009;4.40;0.27;368.54;15.35;1486;45;3769.00;313
9212;30;4276383;9212;630;10696;11009;4.35;0.27;368.61;15.35;1484;45;3770.00;313
9215;30;4276399;9215;638;10697;11010;4.32;0.26;368.79;15.35;1482;45;3771.00;313
9217;30;4276415;9217;642;10697;11010;4.26;0.26;368.77;15.35;1480;45;3772.00;313
9219;30;4276430;9219;636;10702;11016;4.28;0.26;368.94;15.34;1483;45;3773.00;314
9221;30;4276446;9221;634;10702;11016;4.25;0.26;369.05;15.34;1481;45;3774.00;314
9223;30;4276461;9223;642;10702;11017;4.23;0.26;369.12;15.34;1479;45;3775.00;315
9225;30;4276476;9225;647;10702;11017;4.24;0.26;369.17;15.34;1477;45;3776.00;315
9229;30;4276497;9229;646;10702;11017;4.19;0.26;369.33;15.34;1473;45;3777.00;315
9230;30;4276512;9230;639;10702;11017;4.18;0.26;369.31;15.34;1472;45;3778.00;315
9232;30;4276527;9232;643;10702;11017;4.17;0.26;369.31;15.34;1470;45;3779.00;315
9233;30;4276544;9233;649;10726;11053;4.25;0.26;369.37;15.31;1493;45;3780.00;327
9237;30;4276563;9237;643;10727;11053;4.27;0.26;369.36;15.30;1490;45;3781.00;326
9242;30;4276580;9242;635;10731;11053;4.28;0.26;369.37;15.30;1489;45;3782.00;322
9246;30;4276595;9246;632;10731;11053;4.27;0.26;369.50;15.30;1485;45;3783.00;322
9246;30;4276612;9246;626;10732;11053;4.31;0.26;369.50;15.30;1486;45;3784.00;321
9248;30;4276627;9248;620;10732;11053;4.25;0.26;369.52;15.30;1484;45;3785.00;321
9249;30;4276643;9249;621;10736;11057;4.20;0.26;369.59;15.29;1487;45;3786.00;321
9250;30;4276660;9250;619;10736;11057;4.15;0.25;369.62;15.29;1486;45;3787.00;321
9252;30;4276676;9252;622;10740;11061;4.13;0.25;369.76;15.29;1488;45;3788.00;321
9254;30;4276692;9254;631;10741;11062;4.09;0.25;369.81;15.29;1487;45;3789.00;321
9259;30;4276706;9259;630;10741;11062;4.01;0.25;369.97;15.29;1482;45;3790.00;321
9261;30;4276722;9261;635;10741;11062;3.96;0.24;369.92;15.29;1480;45;3791.00;321
9264;30;4276741;9264;638;10752;11075;3.92;0.24;369.88;15.27;1488;45;3792.00;323
9267;30;4276758;9267;635;10752;11075;3.93;0.24;369.80;15.27;1485;45;3793.00;323
9269;30;4276774;9269;642;10752;11075;3.97;0.24;369.83;15.27;1483;45;3794.00;323
9273;30;4276789;9273;633;10753;11076;3.97;0.24;369.91;15.27;1480;45;3795.00;323
9275;30;4276805;9275;629;10753;11077;3.97;0.24;369.92;15.27;1478;45;3796.00;324
9278;30;4276821;9278;630;10753;11077;4.01;0.24;370.00;15.27;1475;45;3797.00;324
9282;30;4276837;9282;623;10756;11080;3.98;0.24;370.15;15.27;1474;45;3798.00;324
9284;30;4276854;9284;621;10756;11080;3.98;0.24;370.21;15.27;1472;45;3799.00;324
9287;30;4276874;9287;622;10756;11080;3.96;0.24;370.26;15.27;1469;45;3800.00;324
9292;30;4276895;9292;629;10756;11080;3.93;0.24;370.46;15.27;1464;45;3801.00;324
9294;30;4276912;9294;627;10761;11086;3.95;0.24;370.56;15.26;1467;45;3802.00;325
9298;30;4276928;9298;622;10761;11086;3.94;0.24;370.68;15.26;1463;45;3803.00;325
9300;30;4276944;9300;603;10761;11086;3.93;0.24;370.82;15.26;1461;45;3804.00;325
9302;30;4276961;9302;596;10761;11086;3.94;0.24;370.87;15.26;1459;45;3805.00;325
9304;30;4276978;9304;589;10764;11090;3.94;0.24;370.91;15.25;1460;45;3806.00;326
9308;30;4276995;9308;585;10765;11091;3.95;0.24;371.00;15.25;1457;45;3807.00;326
9312;30;4277013;9312;579;10765;11091;3.98;0.24;371.04;15.25;1453;45;3808.00;326
9315;30;4277029;9315;578;10766;11092;4.05;0.25;371.09;15.25;1451;45;3809.00;326
9320;30;4277047;9320;575;10766;11092;4.11;0.25;371.06;15.25;1446;45;3810.00;326
9323;30;4277064;9323;564;10766;11092;4.19;0.25;371.04;15.25;1443;45;3811.00;326
9328;30;4277081;9328;566;10766;11092;4.23;0.26;371.07;15.25;1438;45;3812.00;326
9331;30;4277097;9331;562;10766;11092;4.25;0.26;371.10;15.25;1435;45;3813.00;326
9334;30;4277118;9334;561;10766;11092;4.28;0.26;371.20;15.25;1432;45;3814.00;326
9337;30;4277134;9337;556;10766;11092;4.32;0.26;371.32;15.25;1429;45;3815.00;326
9340;30;4277151;9340;562;10799;11162;4.47;0.27;371.37;15.21;1459;45;3816.00;363
9346;30;4277173;9346;559;10802;11163;4.47;0.27;371.50;15.20;1456;45;3817.00;361
9350;30;4277189;9350;554;10809;11163;4.48;0.27;371.74;15.19;1459;45;3818.00;354
9353;30;4277205;9353;557;10812;11163;4.43;0.27;371.81;15.19;1459;45;3819.00;351
9355;30;4277222;9355;561;10813;11163;4.41;0.27;371.92;15.19;1458;45;3820.00;350
9359;30;4277239;9359;574;10814;11163;4.35;0.27;372.11;15.19;1455;45;3821.00;349
9363;30;4277254;9363;585;10815;11163;4.33;0.26;372.18;15.19;1452;45;3822.00;348
9368;30;4277270;9368;585;10816;11163;4.30;0.26;372.38;15.19;1448;45;3823.00;347
9372;30;4277287;9372;580;10817;11164;4.30;0.26;372.45;15.19;1445;45;3824.00;347
9377;30;4277302;9377;584;10820;11166;4.31;0.26;372.57;15.27;1443;45;3825.00;346
9381;30;4277319;9381;589;10822;11166;4.31;0.26;372.74;15.27;1441;45;3826.00;344
9386;30;4277335;9386;599;10825;11170;4.28;0.26;372.75;15.27;1439;45;3827.00;345
9388;30;4277351;9388;586;10826;11170;4.26;0.26;372.79;15.26;1438;45;3828.00;344
9392;30;4277366;9392;587;10826;11170;4.21;0.26;372.76;15.26;1434;45;3829.00;344
9397;30;4277382;9397;599;10827;11170;4.23;0.26;372.82;15.26;1430;45;3830.00;343
9401;30;4277396;9401;592;10831;11176;4.25;0.26;372.98;15.26;1430;45;3831.00;345
9406;30;4277412;9406;599;10834;11176;4.23;0.26;373.05;15.26;1428;45;3832.00;342
9408;30;4277427;9408;595;10835;11176;4.28;0.26;373.03;15.26;1427;45;3833.00;341
9409;30;4277442;9409;592;10836;11179;4.32;0.26;373.06;15.26;1427;45;3834.00;343
9412;30;4277458;9412;590;10836;11179;4.31;0.26;373.03;15.26;1424;45;3835.00;343
9419;30;4277473;9419;594;10837;11179;4.23;0.26;373.17;15.26;1418;45;3836.00;342
9424;30;4277488;9424;598;10837;11180;4.17;0.25;373.10;15.26;1413;45;3837.00;343
9429;30;4277503;9429;595;10840;11181;4.12;0.25;373.15;15.26;1411;45;3838.00;341
9432;30;4277519;9432;606;10841;11181;4.08;0.25;373.20;15.26;1409;45;3839.00;340
9434;30;4277535;9434;613;10859;11207;4.08;0.25;373.20;15.23;1425;45;3840.00;348
9438;30;4277552;9438;622;10860;11207;3.98;0.24;373.25;15.23;1422;45;3841.00;347
9440;30;4277566;9440;609;10862;11207;3.96;0.24;373.31;15.23;1422;45;3842.00;345
9444;30;4277581;9444;608;10864;11208;3.91;0.24;373.25;15.23;1420;45;3843.00;344
9448;30;4277596;9448;616;10864;11208;3.87;0.24;373.26;15.23;1416;45;3844.00;344
9450;30;4277611;9450;617;10869;11212;3.92;0.24;373.40;15.23;1419;45;3845.00;343
9452;30;4277626;9452;624;10870;11214;3.96;0.24;373.46;15.23;1418;45;3846.00;344
9456;30;4277640;9456;623;10875;11218;3.96;0.24;373.55;15.22;1419;45;3847.00;343
9459;30;4277655;9459;638;10875;11218;3.95;0.24;373.59;15.22;1416;45;3848.00;343
9464;30;4277670;9464;635;10876;11218;3.92;0.24;373.72;15.22;1412;45;3849.00;342
9466;30;4277686;9466;638;10877;11218;3.92;0.24;373.76;15.22;1411;45;3850.00;341
9469;30;4277701;9469;627;10877;11218;3.90;0.24;373.78;15.22;1408;45;3851.00;341
9470;30;4277720;9470;616;10887;11230;3.95;0.24;373.84;15.21;1417;45;3852.00;343
9473;30;4277742;9473;616;10888;11230;3.96;0.24;373.95;15.21;1415;45;3853.00;342
9475;30;4277758;9475;618;10889;11230;3.98;0.24;373.96;15.21;1414;45;3854.00;341
9483;30;4277773;9483;615;10889;11230;3.94;0.24;373.96;15.21;1406;45;3855.00;341
9484;30;4277788;9484;614;10890;11230;3.99;0.24;374.03;15.21;1406;45;3856.00;340
9484;30;4277803;9484;619;10891;11230;4.04;0.25;374.03;15.21;1407;45;3857.00;339
9487;30;4277819;9487;621;10891;11231;4.09;0.25;374.05;15.21;1404;45;3858.00;340
9488;30;4277834;9488;625;10891;11231;4.12;0.25;374.06;15.21;1403;45;3859.00;340
9491;30;4277849;9491;621;10896;11237;4.17;0.25;374.03;15.20;1405;45;3860.00;341
9494;30;4277865;9494;624;10897;11238;4.21;0.26;374.02;15.20;1403;45;3861.00;341
9496;30;4277880;9496;622;10897;11238;4.25;0.26;374.12;15.20;1401;45;3862.00;341
9497;30;4277894;9497;621;10897;11238;4.29;0.26;374.14;15.20;1400;45;3863.00;341
9500;30;4277910;9500;623;10900;11242;4.32;0.26;374.24;15.19;1400;45;3864.00;342
9502;30;4277926;9502;619;10900;11242;4.31;0.26;374.34;15.19;1398;45;3865.00;342
9503;30;4277941;9503;629;10900;11242;4.29;0.26;374.31;15.19;1397;45;3866.00;342
9505;30;4277956;9505;627;10901;11243;4.28;0.26;374.31;15.19;1396;45;3867.00;342
9507;30;4277972;9507;628;10904;11247;4.27;0.26;374.30;15.19;1397;45;3868.00;343
9513;30;4277987;9513;627;10904;11247;4.23;0.26;374.30;15.19;1391;45;3869.00;343
9516;30;4278004;9516;627;10908;11253;4.23;0.26;374.27;15.18;1392;45;3870.00;345
9519;30;4278019;9519;629;10909;11253;4.24;0.26;374.27;15.18;1390;45;3871.00;344
9520;30;4278034;9520;620;10910;11253;4.24;0.26;374.24;15.18;1390;46;3872.00;343
9521;30;4278057;9521;620;10910;11253;4.23;0.26;374.25;15.18;1389;46;3873.00;343
9522;30;4278072;9522;623;10914;11257;4.23;0.26;374.22;15.18;1392;46;3874.00;343
9524;30;4278088;9524;622;10914;11257;4.18;0.25;374.18;15.18;1390;46;3875.00;343
9526;30;4278103;9526;628;10914;11257;4.13;0.25;374.16;15.18;1388;46;3876.00;343
9530;30;4278118;9530;628;10914;11257;4.08;0.25;374.33;15.18;1384;46;3877.00;343
9532;30;4278133;9532;636;10914;11258;4.03;0.25;374.29;15.18;1382;46;3878.00;344
9532;30;4278147;9532;639;10915;11259;4.02;0.25;374.29;15.17;1383;46;3879.00;344
9535;30;4278163;9535;649;10915;11259;3.99;0.25;374.25;15.17;1380;46;3880.00;344
9538;30;4278179;9538;646;10916;11260;3.97;0.24;374.15;15.17;1378;46;3881.00;344
9540;30;4278194;9540;655;10916;11260;3.92;0.24;374.12;15.17;1376;46;3882.00;344
9542;30;4278209;9542;653;10916;11260;3.87;0.24;374.13;15.17;1374;46;3883.00;344
9543;30;4278228;9543;661;10916;11260;3.84;0.24;374.10;15.17;1373;46;3884.00;344
9543;30;4278242;9543;654;10916;11260;3.83;0.24;374.10;15.17;1373;46;3885.00;344
9545;30;4278256;9545;650;10916;11260;3.84;0.24;374.11;15.17;1371;46;3886.00;344
9547;30;4278270;9547;648;10916;11260;3.84;0.24;374.07;15.17;1369;46;3887.00;344
9549;30;4278285;9549;674;10987;11387;3.98;0.25;374.06;15.08;1438;46;3888.00;400
9551;30;4278309;9551;640;10988;11388;4.03;0.25;374.10;15.17;1437;46;3889.00;400
9554;30;4278326;9554;620;10996;11388;4.12;0.26;374.15;15.16;1442;46;3890.00;392
9560;30;4278341;9560;605;10999;11388;4.17;0.26;374.15;15.15;1439;46;3891.00;389
9561;30;4278356;9561;598;11003;11388;4.24;0.26;374.16;15.15;1442;46;3892.00;385
9564;30;4278372;9564;582;11006;11388;4.31;0.27;374.22;15.15;1442;46;3893.00;382
9566;30;4278388;9566;579;11007;11388;4.36;0.27;374.20;15.15;1441;46;3894.00;381
9568;30;4278409;9568;564;11011;11388;4.44;0.27;374.19;15.14;1443;46;3895.00;377
9571;30;4278431;9571;565;11014;11389;4.55;0.28;374.28;15.14;1443;46;3896.00;375
9574;30;4278447;9574;555;11018;11390;4.59;0.28;374.31;15.14;1444;46;3897.00;372
9575;30;4278463;9575;555;11020;11390;4.61;0.28;374.32;15.14;1445;46;3898.00;370
9576;30;4278486;9576;558;11023;11391;4.64;0.28;374.34;15.14;1447;46;3899.00;368
9581;30;4278504;9581;569;11029;11406;4.58;0.28;374.27;15.23;1448;46;3900.00;377
9584;30;4278531;9584;555;11031;11406;4.61;0.28;374.33;15.22;1447;46;3901.00;375
9586;30;4278547;9586;552;11033;11406;4.64;0.28;374.31;15.22;1447;46;3902.00;373
9587;30;4278563;9587;561;11040;11410;4.65;0.29;374.31;15.22;1453;46;3903.00;370
9591;30;4278581;9591;567;11041;11410;4.64;0.28;374.33;15.22;1450;46;3904.00;369
9593;30;4278599;9593;570;11043;11410;4.65;0.28;374.29;15.22;1450;46;3905.00;367
9595;30;4278615;9595;577;11046;11413;4.64;0.28;374.27;15.22;1451;46;3906.00;367
9597;30;4278632;9597;577;11046;11413;4.64;0.28;374.23;15.22;1449;46;3907.00;367
9599;30;4278648;9599;583;11046;11413;4.66;0.28;374.26;15.22;1447;46;3908.00;367
9601;30;4278665;9601;589;11051;11417;4.66;0.28;374.28;15.21;1450;46;3909.00;366
9602;30;4278682;9602;599;11053;11418;4.69;0.29;374.26;15.21;1451;46;3910.00;365
9605;30;4278699;9605;600;11055;11418;4.71;0.29;374.25;15.21;1450;46;3911.00;363
9609;30;4278715;9609;592;11058;11422;4.70;0.29;374.43;15.21;1449;46;3912.00;364
9611;30;4278734;9611;596;11059;11422;4.72;0.29;374.59;15.21;1448;46;3913.00;363
9613;30;4278751;9613;599;11060;11422;4.71;0.29;374.74;15.21;1447;46;3914.00;362
9616;30;4278766;9616;599;11063;11424;4.66;0.28;374.90;15.20;1447;46;3915.00;361
9619;30;4278783;9619;599;11063;11424;4.62;0.28;374.86;15.20;1444;46;3916.00;361
9620;30;4278799;9620;600;11068;11430;4.60;0.28;374.99;15.20;1448;46;3917.00;362
9621;30;4278816;9621;598;11068;11430;4.59;0.28;375.09;15.20;1447;46;3918.00;362
9622;30;4278832;9622;595;11068;11431;4.55;0.28;375.12;15.20;1446;46;3919.00;363
9624;30;4278847;9624;602;11068;11431;4.49;0.27;375.31;15.20;1444;46;3920.00;363
9627;30;4278865;9627;602;11069;11431;4.43;0.27;375.37;15.20;1442;46;3921.00;362
9630;30;4278882;9630;602;11069;11431;4.35;0.26;375.57;15.20;1439;46;3922.00;362
9632;30;4278898;9632;613;11070;11431;4.30;0.26;375.61;15.20;1438;46;3923.00;361
9633;30;4278914;9633;614;11082;11443;4.31;0.26;375.62;15.28;1449;46;3924.00;361
9636;30;4278932;9636;611;11082;11443;4.30;0.26;375.61;15.28;1446;46;3925.00;361
9636;30;4278948;9636;610;11083;11443;4.32;0.26;375.61;15.28;1447;46;3926.00;360
9637;30;4278965;9637;606;11083;11443;4.37;0.27;375.63;15.28;1446;46;3927.00;360
9637;30;4278980;9637;608;11085;11443;4.39;0.27;375.63;15.47;1448;46;3928.00;358
9638;30;4278996;9638;615;11087;11443;4.42;0.27;375.73;15.47;1449;46;3929.00;356
9639;30;4279013;9639;618;11090;11447;4.42;0.27;375.72;15.47;1451;46;3930.00;357
9643;30;4279030;9643;629;11090;11447;4.37;0.27;375.85;15.47;1447;46;3931.00;357
9646;30;4279051;9646;634;11094;11451;4.38;0.27;375.88;15.46;1448;46;3932.00;357
9647;30;4279066;9647;633;11095;11452;4.33;0.26;375.88;15.46;1448;46;3933.00;357
9649;30;4279081;9649;635;11095;11452;4.29;0.26;375.95;15.46;1446;46;3934.00;357
9650;30;4279096;9650;635;11095;11452;4.27;0.26;375.93;15.46;1445;46;3935.00;357
9653;30;4279112;9653;646;11106;11465;4.25;0.26;375.98;15.45;1453;46;3936.00;359
9657;30;4279134;9657;644;11106;11465;4.21;0.26;375.99;15.45;1449;46;3937.00;359
9660;30;4279150;9660;642;11106;11465;4.20;0.26;376.07;15.45;1446;46;3938.00;359
9661;30;4279165;9661;646;11107;11466;4.21;0.26;376.13;15.45;1446;46;3939.00;359
9662;30;4279180;9662;655;11107;11467;4.21;0.26;376.14;15.45;1445;46;3940.00;360
9666;30;4279196;9666;653;11107;11467;4.22;0.26;376.31;15.45;1441;46;3941.00;360
9666;30;4279211;9666;653;11110;11470;4.22;0.26;376.31;15.44;1444;46;3942.00;360
9669;30;4279227;9669;655;11110;11470;4.21;0.26;376.44;15.44;1441;46;3943.00;360
9673;30;4279242;9673;656;11110;11470;4.20;0.26;376.52;15.44;1437;46;3944.00;360
9675;30;4279258;9675;662;11110;11470;4.19;0.26;376.54;15.44;1435;46;3945.00;360
9676;30;4279273;9676;652;11115;11476;4.21;0.26;376.55;15.43;1439;47;3946.00;361
9677;30;4279294;9677;652;11115;11476;4.21;0.26;376.59;15.43;1438;47;3947.00;361
9678;30;4279309;9678;654;11115;11476;4.21;0.26;376.58;15.43;1437;47;3948.00;361
9681;30;4279325;9681;651;11115;11476;4.22;0.26;376.57;15.43;1434;47;3949.00;361
9681;30;4279340;9681;648;11118;11480;4.19;0.26;376.57;15.43;1437;47;3950.00;362
9685;30;4279359;9685;639;11119;11481;4.17;0.25;376.60;15.43;1434;47;3951.00;362
9687;30;4279374;9687;640;11119;11481;4.16;0.25;376.62;15.43;1432;47;3952.00;362
9690;30;4279389;9690;641;11120;11482;4.17;0.25;376.69;15.43;1430;47;3953.00;362
9695;30;4279404;9695;636;11120;11482;4.19;0.26;376.96;15.43;1425;47;3954.00;362
9697;30;4279419;9697;637;11120;11482;4.21;0.26;376.94;15.43;1423;47;3955.00;362
9700;30;4279434;9700;635;11120;11482;4.21;0.26;376.97;15.43;1420;47;3956.00;362
9705;30;4279449;9705;638;11120;11482;4.19;0.26;376.96;15.43;1415;47;3957.00;362
9708;30;4279465;9708;638;11120;11482;4.14;0.25;376.93;15.43;1412;47;3958.00;362
9713;30;4279479;9713;638;11120;11482;4.10;0.25;376.96;15.43;1407;47;3959.00;362
9714;30;4279496;9714;637;11176;11607;4.29;0.27;377.02;15.35;1462;47;3960.00;431
9717;30;4279520;9717;623;11182;11608;4.30;0.27;377.00;15.34;1465;47;3961.00;426
9718;30;4279537;9718;608;11190;11608;4.36;0.27;377.03;15.33;1472;47;3962.00;418
9722;30;4279551;9722;613;11194;11608;4.35;0.27;377.05;15.33;1472;47;3963.00;414
9728;30;4279567;9728;609;11197;11608;4.36;0.27;377.35;15.33;1469;47;3964.00;411
9731;30;4279583;9731;601;11199;11608;4.37;0.27;377.48;15.32;1468;47;3965.00;409
9735;30;4279599;9735;604;11204;11608;4.39;0.27;377.45;15.32;1469;47;3966.00;404
9739;30;4279614;9739;598;11204;11608;4.38;0.27;377.49;15.32;1465;47;3967.00;404
9742;30;4279630;9742;594;11207;11609;4.36;0.27;377.47;15.32;1465;47;3968.00;402
9747;30;4279645;9747;596;11209;11610;4.32;0.26;377.58;15.32;1462;47;3969.00;401
9750;30;4279661;9750;599;11211;11610;4.30;0.26;377.59;15.32;1461;47;3970.00;399
9754;30;4279676;9754;591;11215;11614;4.30;0.26;377.52;15.31;1461;47;3971.00;399
9757;30;4279691;9757;589;11217;11614;4.30;0.26;377.53;15.31;1460;47;3972.00;397
9762;30;4279706;9762;582;11217;11614;4.29;0.26;377.57;15.31;1455;47;3973.00;397
9764;30;4279724;9764;584;11217;11614;4.32;0.26;377.61;15.31;1453;47;3974.00;397
9769;30;4279739;9769;582;11220;11620;4.30;0.26;377.69;15.31;1451;47;3975.00;400
9771;30;4279754;9771;573;11220;11620;4.30;0.26;377.68;15.31;1449;47;3976.00;400
9775;30;4279771;9775;576;11220;11620;4.29;0.26;377.78;15.31;1445;47;3977.00;400
9780;30;4279785;9780;568;11221;11623;4.29;0.26;377.80;15.31;1441;47;3978.00;402
9785;30;4279803;9785;565;11221;11623;4.28;0.26;377.96;15.31;1436;47;3979.00;402
9790;30;4279817;9790;552;11221;11623;4.30;0.26;377.98;15.31;1431;47;3980.00;402
9793;30;4279837;9793;552;11221;11624;4.34;0.26;378.10;15.31;1428;48;3981.00;403
9797;30;4279861;9797;553;11222;11625;4.38;0.27;378.11;15.31;1425;48;3982.00;403
9801;30;4279876;9801;549;11222;11625;4.42;0.27;378.26;15.31;1421;48;3983.00;403
9803;30;4279891;9803;548;11233;11638;4.49;0.27;378.28;15.29;1430;48;3984.00;405
9806;30;4279908;9806;552;11235;11638;4.52;0.28;378.38;15.29;1429;48;3985.00;403
9811;30;4279923;9811;544;11235;11638;4.49;0.27;378.50;15.29;1424;48;3986.00;403
9813;30;4279938;9813;540;11235;11639;4.49;0.27;378.50;15.29;1422;48;3987.00;404
9816;30;4279953;9816;547;11235;11639;4.46;0.27;378.62;15.29;1419;48;3988.00;404
9820;30;4279968;9820;547;11237;11643;4.41;0.27;378.72;15.29;1417;48;3989.00;406
9824;30;4279986;9824;550;11239;11643;4.35;0.27;378.75;15.39;1415;48;3990.00;404
9827;30;4280001;9827;557;11242;11647;4.33;0.27;378.87;15.38;1415;48;3991.00;405
9835;30;4280018;9835;559;11242;11647;4.24;0.26;378.99;15.38;1407;48;3992.00;405
9838;30;4280032;9838;563;11242;11647;4.21;0.26;379.06;15.38;1404;48;3993.00;405
9847;30;4280047;9847;563;11242;11647;4.17;0.26;379.13;15.38;1395;48;3994.00;405
9851;30;4280062;9851;568;11242;11647;4.16;0.26;379.15;15.38;1391;48;3995.00;405
9855;30;4280078;9855;573;11251;11659;4.18;0.26;379.14;15.37;1396;48;3996.00;408
9859;30;4280093;9859;580;11251;11659;4.13;0.25;379.15;15.37;1392;48;3997.00;408
9864;30;4280107;9864;580;11252;11659;4.08;0.25;379.22;15.37;1388;48;3998.00;407
9868;30;4280122;9868;584;11252;11659;4.10;0.25;379.32;15.37;1384;48;3999.00;407
9872;30;4280137;9872;587;11252;11659;4.06;0.25;379.38;15.37;1380;48;4000.00;407
9873;30;4280154;9873;590;11253;11659;4.04;0.25;379.48;15.37;1380;48;4001.00;406
9879;30;4280169;9879;584;11253;11660;4.01;0.25;379.55;15.37;1374;48;4002.00;407
9884;30;4280183;9884;590;11255;11660;3.96;0.24;379.68;15.38;1371;48;4003.00;405
9887;30;4280203;9887;590;11259;11666;3.97;0.24;379.68;15.37;1372;48;4004.00;407
9890;30;4280218;9890;594;11263;11668;3.93;0.24;379.73;15.38;1373;48;4005.00;405
9893;30;4280236;9893;599;11263;11668;3.90;0.24;379.65;15.38;1370;48;4006.00;405
9897;30;4280251;9897;600;11264;11668;3.83;0.23;379.59;15.38;1367;48;4007.00;404
9902;30;4280266;9902;592;11267;11672;3.78;0.23;379.57;15.38;1365;48;4008.00;405
9905;30;4280282;9905;606;11268;11672;3.73;0.23;379.64;15.48;1363;48;4009.00;404
9907;30;4280297;9907;599;11268;11672;3.71;0.23;379.66;15.48;1361;48;4010.00;404
9910;30;4280312;9910;599;11269;11673;3.70;0.23;379.63;15.48;1359;48;4011.00;404
9912;30;4280327;9912;597;11272;11677;3.72;0.23;379.63;15.47;1360;48;4012.00;405
9914;30;4280342;9914;604;11273;11677;3.73;0.23;379.68;15.48;1359;48;4013.00;404
9917;30;4280356;9917;602;11275;11680;3.75;0.23;379.66;15.48;1358;48;4014.00;405
9921;30;4280373;9921;599;11276;11680;3.78;0.23;379.66;15.48;1355;48;4015.00;404
9925;30;4280387;9925;591;11277;11680;3.77;0.23;379.66;15.48;1352;48;4016.00;403
9927;30;4280402;9927;584;11278;11680;3.77;0.23;379.69;15.48;1351;48;4017.00;402
9929;30;4280418;9929;570;11281;11684;3.81;0.23;379.66;15.48;1352;48;4018.00;403
9932;30;4280433;9932;564;11281;11684;3.81;0.23;379.63;15.48;1349;48;4019.00;403
9938;30;4280454;9938;556;11282;11684;3.80;0.23;379.55;15.48;1344;48;4020.00;402
9940;30;4280470;9940;550;11284;11684;3.85;0.23;379.51;15.49;1344;48;4021.00;400
9940;30;4280486;9940;547;11285;11685;3.90;0.24;379.51;15.49;1345;48;4022.00;400
9940;30;4280500;9940;553;11286;11686;3.94;0.24;379.51;15.49;1346;48;4023.00;400
9940;30;4280516;9940;555;11287;11686;4.01;0.25;379.51;15.49;1347;48;4024.00;399
9942;30;4280530;9942;556;11289;11687;4.06;0.25;379.62;15.49;1347;48;4025.00;398
9943;30;4280545;9943;552;11290;11687;4.12;0.25;379.60;15.49;1347;48;4026.00;397
9945;30;4280559;9945;548;11290;11687;4.16;0.25;379.58;15.49;1345;48;4027.00;397
9946;30;4280574;9946;550;11292;11687;4.17;0.25;379.55;15.49;1346;48;4028.00;395
9947;30;4280589;9947;551;11293;11687;4.20;0.26;379.54;15.49;1346;48;4029.00;394
9949;30;4280603;9949;555;11294;11687;4.22;0.26;379.56;15.49;1345;48;4030.00;393
9949;30;4280617;9949;554;11294;11687;4.27;0.26;379.56;15.49;1345;48;4031.00;393
9949;30;4280632;9949;566;11357;11814;4.61;0.29;379.56;15.40;1408;48;4032.00;457
9949;30;4280657;9949;558;11361;11815;4.63;0.29;379.56;15.50;1412;48;4033.00;454
9950;30;4280675;9950;557;11369;11815;4.72;0.29;379.62;15.49;1419;48;4034.00;446
9952;30;4280691;9952;561;11372;11815;4.68;0.29;379.63;15.49;1420;48;4035.00;443
9952;30;4280708;9952;542;11377;11815;4.70;0.29;379.63;15.48;1425;48;4036.00;438
9953;30;4280724;9953;531;11381;11815;4.72;0.29;379.62;15.48;1428;48;4037.00;434
9953;30;4280741;9953;525;11387;11815;4.73;0.29;379.62;15.47;1434;48;4038.00;428
9953;30;4280757;9953;528;11391;11815;4.71;0.29;379.62;15.47;1438;48;4039.00;424
9956;30;4280780;9956;529;11394;11816;4.67;0.29;379.74;15.47;1438;48;4040.00;422
9956;30;4280796;9956;526;11396;11817;4.68;0.29;379.74;15.47;1440;48;4041.00;421
9957;30;4280813;9957;531;11396;11817;4.65;0.29;379.75;15.47;1439;48;4042.00;421
9958;30;4280830;9958;530;11399;11818;4.66;0.29;379.75;15.47;1441;48;4043.00;419
9960;30;4280847;9960;529;11400;11818;4.64;0.29;379.83;15.47;1440;48;4044.00;418
9961;30;4280863;9961;526;11402;11818;4.63;0.28;379.81;15.47;1441;48;4045.00;416
9961;30;4280880;9961;534;11404;11818;4.62;0.28;379.81;15.47;1443;48;4046.00;414
9961;30;4280898;9961;537;11407;11822;4.64;0.29;379.81;15.46;1446;48;4047.00;415
9962;30;4280916;9962;531;11410;11822;4.67;0.29;379.82;15.46;1448;48;4048.00;412
9964;30;4280933;9964;535;11412;11822;4.67;0.29;379.88;15.46;1448;48;4049.00;410
9967;30;4280952;9967;529;11417;11828;4.71;0.29;379.89;15.56;1450;48;4050.00;411
9967;30;4280973;9967;523;11417;11828;4.73;0.29;379.89;15.56;1450;48;4051.00;411
9968;30;4280990;9968;520;11419;11828;4.77;0.29;379.90;15.56;1451;48;4052.00;409
9969;30;4281008;9969;521;11422;11832;4.79;0.29;379.88;15.55;1453;48;4053.00;410
9971;30;4281025;9971;510;11424;11833;4.81;0.29;379.89;15.55;1453;48;4054.00;409
9972;30;4281043;9972;505;11425;11833;4.81;0.29;379.85;15.55;1453;48;4055.00;408
9972;30;4281060;9972;498;11429;11837;4.85;0.30;379.85;15.55;1457;48;4056.00;408
9974;30;4281083;9974;486;11430;11837;4.88;0.30;379.87;15.55;1456;48;4057.00;407
9979;30;4281101;9979;479;11430;11837;4.89;0.30;380.01;15.55;1451;48;4058.00;407
9983;30;4281119;9983;471;11431;11838;4.91;0.30;380.10;15.55;1448;48;4059.00;407
9985;30;4281136;9985;480;11431;11838;4.90;0.30;380.14;15.55;1446;48;4060.00;407
9990;30;4281153;9990;473;11435;11844;4.93;0.30;380.07;15.54;1445;48;4061.00;409
9995;30;4281171;9995;467;11435;11844;4.93;0.30;380.11;15.54;1440;48;4062.00;409
9996;30;4281189;9996;463;11435;11845;4.94;0.30;380.13;15.54;1439;48;4063.00;410
10001;30;4281205;10001;461;11435;11845;4.90;0.30;380.25;15.54;1434;48;4064.00;410
10002;30;4281222;10002;462;11437;11845;4.92;0.30;380.34;15.75;1435;48;4065.00;408
10004;30;4281243;10004;468;11437;11845;4.92;0.30;380.38;15.75;1433;48;4066.00;408
10005;30;4281259;10005;460;11437;11845;4.91;0.30;380.40;15.75;1432;48;4067.00;408
10007;30;4281276;10007;470;11447;11857;4.92;0.30;380.38;15.73;1440;48;4068.00;410
10012;30;4281293;10012;463;11448;11857;4.94;0.30;380.44;15.73;1436;48;4069.00;409
10015;30;4281310;10015;460;11448;11857;4.95;0.30;380.50;15.73;1433;48;4070.00;409
10017;30;4281327;10017;468;11448;11857;4.95;0.30;380.47;15.73;1431;48;4071.00;409
10020;30;4281343;10020;462;11448;11857;4.96;0.30;380.48;15.73;1428;48;4072.00;409
10024;30;4281360;10024;466;11448;11857;4.93;0.30;380.66;15.73;1424;48;4073.00;409
10027;30;4281381;10027;466;11451;11861;4.91;0.30;380.81;15.73;1424;48;4074.00;410
10029;30;4281397;10029;465;11451;11861;4.93;0.30;380.87;15.73;1422;48;4075.00;410
10033;30;4281413;10033;474;11456;11865;4.92;0.30;380.95;15.73;1423;48;4076.00;409
10035;30;4281432;10035;474;11458;11866;4.89;0.30;381.05;15.83;1423;48;4077.00;408
10035;30;4281450;10035;474;11460;11866;4.87;0.30;381.05;15.83;1425;48;4078.00;406
10038;30;4281466;10038;479;11460;11866;4.86;0.30;381.03;15.83;1422;48;4079.00;406
10041;30;4281483;10041;478;11482;11895;4.91;0.30;381.27;15.80;1441;48;4080.00;413
10043;30;4281501;10043;468;11484;11895;4.92;0.30;381.23;15.80;1441;48;4081.00;411
10048;30;4281518;10048;475;11486;11895;4.92;0.30;381.34;15.80;1438;48;4082.00;409
10053;30;4281534;10053;479;11486;11896;4.90;0.30;381.43;15.80;1433;48;4083.00;410
10056;30;4281550;10056;481;11487;11897;4.92;0.30;381.48;15.80;1431;48;4084.00;410
10058;30;4281567;10058;484;11487;11897;4.96;0.30;381.61;15.80;1429;48;4085.00;410
10061;30;4281582;10061;482;11489;11900;5.04;0.31;381.76;15.79;1428;48;4086.00;411
10065;30;4281598;10065;492;11489;11900;5.07;0.31;381.81;15.79;1424;48;4087.00;411
10066;30;4281614;10066;495;11490;11900;5.12;0.31;381.85;15.79;1424;48;4088.00;410
10068;30;4281630;10068;499;11490;11900;5.12;0.31;381.98;15.79;1422;48;4089.00;410
10072;30;4281646;10072;507;11495;11906;5.15;0.31;382.02;15.79;1423;48;4090.00;411
10074;30;4281663;10074;506;11496;11906;5.12;0.31;381.97;15.89;1422;48;4091.00;410
10077;30;4281679;10077;511;11496;11906;5.08;0.31;381.99;15.89;1419;48;4092.00;410
10079;30;4281702;10079;516;11496;11906;5.09;0.31;382.01;15.89;1417;48;4093.00;410
10080;30;4281717;10080;521;11500;11910;5.07;0.31;381.99;15.99;1420;48;4094.00;410
10081;30;4281733;10081;529;11502;11912;5.05;0.31;382.07;15.99;1421;48;4095.00;410
10085;30;4281750;10085;533;11503;11912;4.99;0.31;382.11;16.09;1418;48;4096.00;409
10088;30;4281766;10088;545;11504;11913;4.97;0.30;382.23;16.09;1416;48;4097.00;409
10090;30;4281781;10090;552;11504;11913;4.95;0.30;382.24;16.09;1414;48;4098.00;409
10093;30;4281802;10093;559;11504;11913;4.91;0.30;382.19;16.09;1411;48;4099.00;409
10095;30;4281819;10095;560;11504;11913;4.92;0.30;382.30;16.09;1409;48;4100.00;409
10100;30;4281839;10100;564;11505;11913;4.85;0.30;382.30;16.20;1405;48;4101.00;408
10103;30;4281855;10103;570;11506;11913;4.87;0.30;382.36;16.30;1403;49;4102.00;407
10103;30;4281880;10103;571;11508;11913;4.89;0.30;382.36;16.51;1405;49;4103.00;405
10106;30;4281896;10106;564;11541;11983;5.03;0.31;382.40;16.46;1435;49;4104.00;442
10106;30;4281918;10106;565;11543;11984;5.01;0.31;382.40;16.67;1437;49;4105.00;441
10110;30;4281939;10110;565;11550;11984;5.03;0.31;382.46;16.66;1440;49;4106.00;434
10112;30;4281959;10112;559;11554;11984;5.03;0.31;382.45;16.87;1442;49;4107.00;430
10113;30;4281975;10113;558;11560;11984;5.02;0.31;382.47;16.86;1447;49;4108.00;424
10114;30;4281990;10114;565;11563;11984;4.97;0.30;382.45;16.86;1449;49;4109.00;421
10117;30;4282007;10117;560;11568;11984;4.94;0.30;382.45;17.06;1451;49;4110.00;416
10117;30;4282024;10117;559;11572;11984;4.94;0.30;382.45;17.06;1455;49;4111.00;412
10121;30;4282040;10121;559;11577;11985;4.91;0.30;382.60;17.27;1456;49;4112.00;408
10125;30;4282056;10125;558;11580;11986;4.91;0.30;382.70;17.26;1455;49;4113.00;406
10130;30;4282072;10130;562;11581;11986;4.86;0.30;382.64;17.26;1451;49;4114.00;405
10132;30;4282088;10132;560;11583;11990;4.81;0.29;382.66;17.26;1451;49;4115.00;407
10136;30;4282103;10136;562;11583;11990;4.76;0.29;382.70;17.26;1447;49;4116.00;407
10139;30;4282119;10139;557;11583;11990;4.73;0.29;382.69;17.26;1444;49;4117.00;407
10140;30;4282135;10140;558;11583;11990;4.73;0.29;382.67;17.26;1443;49;4118.00;407
10143;30;4282149;10143;572;11588;11996;4.73;0.29;382.71;17.25;1445;49;4119.00;408
10147;30;4282165;10147;568;11588;11996;4.71;0.29;382.68;17.25;1441;49;4120.00;408
10147;30;4282180;10147;569;11588;11996;4.67;0.28;382.68;17.25;1441;49;4121.00;408
10150;30;4282195;10150;581;11591;11999;4.59;0.28;382.82;17.25;1441;49;4122.00;408
10154;30;4282210;10154;590;11591;11999;4.50;0.27;382.81;17.25;1437;49;4123.00;408
10156;30;4282225;10156;595;11591;11999;4.42;0.27;382.86;17.25;1435;49;4124.00;408
10160;30;4282238;10160;586;11591;12000;4.29;0.26;382.87;17.25;1431;49;4125.00;409
10161;30;4282252;10161;585;11592;12001;4.22;0.26;382.86;17.25;1431;49;4126.00;409
10168;30;4282266;10168;581;11592;12001;4.16;0.25;382.97;17.25;1424;49;4127.00;409
10170;30;4282281;10170;583;11602;12014;4.14;0.25;382.97;17.23;1432;49;4128.00;412
10175;30;4282296;10175;582;11602;12014;4.11;0.25;383.09;17.23;1427;49;4129.00;412
10181;30;4282311;10181;588;11602;12014;4.09;0.25;383.03;17.23;1421;49;4130.00;412
10184;30;4282326;10184;588;11603;12015;4.08;0.25;383.12;17.23;1419;49;4131.00;412
10187;30;4282341;10187;595;11604;12015;4.10;0.25;383.16;17.23;1417;49;4132.00;411
10189;30;4282356;10189;586;11608;12019;4.17;0.25;383.29;17.23;1419;49;4133.00;411
10192;30;4282399;10192;590;11608;12019;4.21;0.26;383.33;17.23;1416;49;4134.00;411
10196;30;4282418;10196;593;11611;12023;4.22;0.26;383.36;17.23;1415;49;4135.00;412
10198;30;4282434;10198;596;11612;12023;4.24;0.26;383.49;17.23;1414;49;4136.00;411
10202;30;4282449;10202;596;11612;12023;4.23;0.26;383.51;17.23;1410;49;4137.00;411
10206;30;4282465;10206;599;11612;12023;4.19;0.25;383.55;17.23;1406;49;4138.00;411
10209;30;4282480;10209;603;11613;12023;4.17;0.25;383.66;17.22;1404;49;4139.00;410
10213;30;4282497;10213;604;11636;12057;4.32;0.26;383.66;17.19;1423;49;4140.00;421
10217;30;4282515;10217;605;11637;12057;4.28;0.26;383.72;17.19;1420;49;4141.00;420
10217;30;4282531;10217;613;11639;12057;4.28;0.26;383.72;17.19;1422;49;4142.00;418
10223;30;4282546;10223;614;11640;12057;4.26;0.26;383.87;17.19;1417;49;4143.00;417
10229;30;4282561;10229;620;11641;12057;4.21;0.26;383.90;17.18;1412;49;4144.00;416
10233;30;4282576;10233;622;11641;12057;4.16;0.25;383.91;17.18;1408;49;4145.00;416
10237;30;4282597;10237;619;11641;12058;4.07;0.25;384.04;17.18;1404;49;4146.00;417
10241;30;4282613;10241;625;11641;12058;4.01;0.24;384.05;17.18;1400;49;4147.00;417
10244;30;4282628;10244;624;11645;12064;3.97;0.24;384.01;17.18;1401;49;4148.00;419
10245;30;4282644;10245;627;11645;12065;3.92;0.24;384.02;17.18;1400;49;4149.00;420
10248;30;4282659;10248;632;11645;12065;3.86;0.24;384.02;17.18;1397;49;4150.00;420
10252;30;4282674;10252;639;11645;12065;3.78;0.23;383.99;17.18;1393;49;4151.00;420
10256;30;4282693;10256;642;11648;12069;3.73;0.23;384.01;17.17;1392;49;4152.00;421
10259;30;4282707;10259;645;11648;12069;3.70;0.23;383.97;17.17;1389;49;4153.00;421
10263;30;4282721;10263;650;11648;12069;3.63;0.22;383.98;17.17;1385;49;4154.00;421
10265;30;4282736;10265;657;11649;12070;3.59;0.22;383.96;17.17;1384;49;4155.00;421
10269;30;4282752;10269;658;11652;12074;3.59;0.22;384.07;17.17;1383;49;4156.00;422
10273;30;4282767;10273;665;11652;12074;3.57;0.22;384.06;17.17;1379;49;4157.00;422
10277;30;4282782;10277;661;11653;12077;3.55;0.22;384.05;17.17;1376;49;4158.00;424
10279;30;4282798;10279;671;11654;12077;3.52;0.21;384.09;17.17;1375;49;4159.00;423
10281;30;4282812;10281;676;11655;12077;3.50;0.21;384.07;17.17;1374;49;4160.00;422
10285;30;4282826;10285;688;11655;12077;3.46;0.21;384.05;17.17;1370;49;4161.00;422
10290;30;4282840;10290;685;11659;12081;3.47;0.21;383.97;17.16;1369;49;4162.00;422
10292;30;4282855;10292;690;11660;12081;3.46;0.21;383.96;17.27;1368;49;4163.00;421
10294;30;4282871;10294;697;11660;12081;3.42;0.21;383.97;17.27;1366;49;4164.00;421
10296;30;4282885;10296;702;11660;12081;3.38;0.21;384.00;17.27;1364;49;4165.00;421
10298;30;4282900;10298;697;11661;12082;3.33;0.20;383.97;17.27;1363;49;4166.00;421
10300;30;4282915;10300;697;11662;12083;3.27;0.20;384.02;17.27;1362;49;4167.00;421
10302;30;4282928;10302;701;11662;12083;3.22;0.20;383.98;17.27;1360;49;4168.00;421
10304;30;4282941;10304;708;11664;12084;3.16;0.19;383.96;17.27;1360;49;4169.00;420
10307;30;4282956;10307;710;11665;12084;3.08;0.19;383.97;17.27;1358;49;4170.00;419
10308;30;4282970;10308;715;11665;12084;3.02;0.19;383.96;17.27;1357;49;4171.00;419
10312;30;4282984;10312;708;11666;12084;2.95;0.18;384.15;17.27;1354;49;4172.00;418
10314;30;4282997;10314;704;11668;12086;2.94;0.18;384.14;17.27;1354;49;4173.00;418
10315;30;4283011;10315;694;11669;12086;2.93;0.18;384.16;17.27;1354;49;4174.00;417
10319;30;4283025;10319;697;11669;12086;2.93;0.18;384.21;17.27;1350;49;4175.00;417
10320;30;4283039;10320;710;11737;12213;3.36;0.21;384.17;17.17;1417;49;4176.00;476
10321;30;4283063;10321;705;11742;12214;3.43;0.21;384.14;17.16;1421;49;4177.00;472
10321;30;4283077;10321;703;11750;12214;3.54;0.22;384.14;17.15;1429;49;4178.00;464
10322;30;4283091;10322;707;11752;12214;3.56;0.22;384.19;17.15;1430;49;4179.00;462
10323;30;4283106;10323;691;11755;12214;3.63;0.23;384.20;17.14;1432;49;4180.00;459
10324;30;4283120;10324;681;11760;12214;3.69;0.23;384.25;17.14;1436;49;4181.00;454
10325;30;4283136;10325;672;11765;12214;3.72;0.23;384.26;17.13;1440;49;4182.00;449
10326;30;4283151;10326;652;11767;12214;3.73;0.23;384.33;17.13;1441;49;4183.00;447
10327;30;4283166;10327;640;11768;12215;3.76;0.23;384.31;17.13;1441;49;4184.00;447
10327;30;4283183;10327;632;11772;12217;3.80;0.23;384.31;17.13;1445;49;4185.00;445
10328;30;4283198;10328;623;11775;12217;3.87;0.24;384.31;17.23;1447;49;4186.00;442
10329;30;4283215;10329;616;11776;12218;3.94;0.24;384.32;17.23;1447;49;4187.00;442
10330;30;4283231;10330;615;11777;12218;4.04;0.25;384.38;17.23;1447;49;4188.00;441
10330;30;4283248;10330;623;11779;12218;4.11;0.25;384.38;17.23;1449;49;4189.00;439
10331;30;4283263;10331;627;11781;12218;4.25;0.26;384.38;17.23;1450;49;4190.00;437
10331;30;4283280;10331;628;11787;12222;4.41;0.27;384.38;17.22;1456;49;4191.00;435
10332;30;4283296;10332;626;11788;12222;4.50;0.28;384.38;17.22;1456;49;4192.00;434
10334;30;4283312;10334;620;11790;12222;4.57;0.28;384.43;17.22;1456;49;4193.00;432
10334;30;4283329;10334;617;11792;12225;4.69;0.29;384.43;17.22;1458;49;4194.00;433
10336;30;4283350;10336;619;11793;12225;4.75;0.29;384.47;17.22;1457;49;4195.00;432
10337;30;4283367;10337;617;11794;12225;4.83;0.30;384.47;17.22;1457;49;4196.00;431
10339;30;4283382;10339;611;11798;12229;4.87;0.30;384.58;17.22;1459;49;4197.00;431
10340;30;4283406;10340;607;11800;12230;4.91;0.30;384.59;17.22;1460;49;4198.00;430
10341;30;4283422;10341;598;11801;12230;4.92;0.30;384.57;17.21;1460;49;4199.00;429
10345;30;4283443;10345;603;11811;12264;4.93;0.30;384.49;17.20;1466;49;4200.00;453
10345;30;4283466;10345;598;11813;12264;4.93;0.30;384.49;17.30;1468;49;4201.00;451
10350;30;4283493;10350;603;11814;12264;4.87;0.30;384.58;17.30;1464;49;4202.00;450
10351;30;4283510;10351;598;11815;12265;4.88;0.30;384.67;17.29;1464;49;4203.00;450
10355;30;4283533;10355;590;11816;12265;4.84;0.29;384.65;17.29;1461;49;4204.00;449
10358;30;4283551;10358;590;11821;12271;4.81;0.29;384.74;17.29;1463;49;4205.00;450
10358;30;4283569;10358;580;11822;12271;4.82;0.29;384.74;17.29;1464;49;4206.00;449
10358;30;4283585;10358;580;11822;12272;4.82;0.29;384.74;17.29;1464;49;4207.00;450
10361;30;4283602;10361;585;11823;12272;4.76;0.29;384.80;17.29;1462;49;4208.00;449
10365;30;4283619;10365;586;11823;12272;4.76;0.29;385.00;17.29;1458;49;4209.00;449
10366;30;4283636;10366;582;11823;12272;4.76;0.29;384.98;17.29;1457;49;4210.00;449
10370;30;4283652;10370;581;11824;12272;4.77;0.29;384.94;17.28;1454;49;4211.00;448
10373;30;4283669;10373;583;11833;12284;4.81;0.29;384.96;17.27;1460;49;4212.00;451
10375;30;4283691;10375;573;11834;12284;4.85;0.29;385.18;17.27;1459;49;4213.00;450
10379;30;4283706;10379;570;11836;12284;4.88;0.30;385.31;17.27;1457;49;4214.00;448
10382;30;4283722;10382;568;11836;12284;4.93;0.30;385.44;17.27;1454;49;4215.00;448
10386;30;4283740;10386;562;11836;12284;4.92;0.30;385.53;17.27;1450;49;4216.00;448
10390;30;4283757;10390;560;11837;12284;4.90;0.30;385.60;17.27;1447;49;4217.00;447
10394;30;4283773;10394;558;11841;12288;4.90;0.30;385.81;17.27;1447;49;4218.00;447
10396;30;4283796;10396;548;11841;12288;4.92;0.30;385.82;17.27;1445;49;4219.00;447
10401;30;4283812;10401;540;11844;12292;4.96;0.30;386.01;17.26;1443;49;4220.00;448
10404;31;4283828;10404;538;11845;12293;4.99;0.30;386.12;17.26;1441;50;4221.00;448
10405;31;4283858;10405;534;11845;12293;5.03;0.30;386.13;17.26;1440;50;4222.00;448
10408;31;4283878;10408;530;11846;12293;5.07;0.31;386.25;17.26;1438;50;4223.00;447
10411;31;4283896;10411;525;11855;12306;5.12;0.31;386.36;17.25;1444;50;4224.00;451
10412;31;4283917;10412;516;11856;12306;5.20;0.31;386.37;17.25;1444;50;4225.00;450
10415;31;4283933;10415;521;11857;12306;5.22;0.32;386.50;17.25;1442;50;4226.00;449
10420;31;4283949;10420;518;11858;12307;5.24;0.32;386.64;17.25;1438;50;4227.00;449
10423;31;4283966;10423;515;11858;12308;5.24;0.32;386.62;17.25;1435;50;4228.00;450
10427;31;4283982;10427;522;11859;12308;5.25;0.32;386.78;17.25;1432;50;4229.00;449
10428;31;4284000;10428;511;11865;12314;5.31;0.32;386.79;17.24;1437;50;4230.00;449
10430;31;4284017;10430;510;11865;12314;5.31;0.32;386.76;17.24;1435;50;4231.00;449
10435;31;4284033;10435;507;11867;12314;5.28;0.32;386.92;17.35;1432;50;4232.00;447
10437;31;4284055;10437;513;11867;12314;5.28;0.32;387.05;17.35;1430;50;4233.00;447
10441;31;4284072;10441;507;11872;12320;5.26;0.32;387.17;17.34;1431;50;4234.00;448
10442;31;4284089;10442;512;11874;12320;5.22;0.32;387.20;17.46;1432;50;4235.00;446
10444;31;4284108;10444;520;11874;12320;5.17;0.31;387.23;17.46;1430;50;4236.00;446
10444;31;4284127;10444;524;11875;12320;5.11;0.31;387.23;17.46;1431;50;4237.00;445
10449;31;4284146;10449;523;11878;12324;5.03;0.31;387.19;17.45;1429;50;4238.00;446
10451;31;4284164;10451;528;11879;12325;4.99;0.30;387.22;17.45;1428;50;4239.00;446
10454;31;4284184;10454;531;11879;12325;4.97;0.30;387.15;17.45;1425;50;4240.00;446
10456;31;4284200;10456;535;11881;12326;4.95;0.30;387.17;17.45;1425;50;4241.00;445
10456;31;4284216;10456;541;11881;12326;4.94;0.30;387.17;17.45;1425;50;4242.00;445
10460;31;4284232;10460;545;11882;12326;4.92;0.30;387.13;17.45;1422;50;4243.00;444
10461;31;4284248;10461;552;11882;12326;4.89;0.30;387.15;17.45;1421;50;4244.00;444
10464;31;4284263;10464;554;11882;12326;4.84;0.30;387.14;17.45;1418;50;4245.00;444
10467;32;4284279;10467;554;11883;12326;4.85;0.30;387.23;17.46;1416;51;4246.00;443
10471;32;4284301;10471;552;11883;12326;4.85;0.30;387.23;17.46;1412;51;4247.00;443
10474;32;4284316;10474;567;11917;12396;4.97;0.30;387.31;17.41;1443;51;4248.00;479
10476;32;4284336;10476;562;11919;12397;4.98;0.30;387.33;17.41;1443;51;4249.00;478
10478;32;4284353;10478;561;11926;12397;5.05;0.31;387.30;17.40;1448;51;4250.00;471
10482;32;4284368;10482;568;11929;12397;5.03;0.31;387.49;17.40;1447;51;4251.00;468
10485;32;4284384;10485;570;11939;12397;5.05;0.31;387.46;17.40;1454;51;4252.00;458
10486;32;4284400;10486;576;11940;12397;5.05;0.31;387.48;17.39;1454;51;4253.00;457
10490;32;4284416;10490;576;11944;12397;5.02;0.31;387.62;17.39;1454;51;4254.00;453
10491;32;4284431;10491;579;11948;12397;5.02;0.30;387.60;17.39;1457;51;4255.00;449
10494;33;4284447;10494;581;11950;12398;4.99;0.30;387.67;17.39;1456;52;4256.00;448
10496;33;4284479;10496;584;11952;12399;4.93;0.30;387.68;17.39;1456;52;4257.00;447
10499;33;4284496;10499;592;11955;12399;4.87;0.30;387.78;17.38;1456;52;4258.00;444
10500;33;4284513;10500;593;11959;12403;4.77;0.29;387.74;17.38;1459;52;4259.00;444
10502;33;4284530;10502;593;11960;12403;4.71;0.29;387.89;17.38;1458;52;4260.00;443
10505;33;4284549;10505;603;11960;12403;4.66;0.28;387.91;17.38;1455;52;4261.00;443
10507;33;4284564;10507;607;11960;12403;4.63;0.28;387.92;17.38;1453;52;4262.00;443
10508;33;4284581;10508;618;11965;12409;4.66;0.28;387.92;17.37;1457;52;4263.00;444
10512;33;4284599;10512;625;11965;12409;4.62;0.28;388.06;17.37;1453;52;4264.00;444
10513;33;4284614;10513;625;11965;12409;4.62;0.28;388.04;17.37;1452;52;4265.00;444
10516;33;4284630;10516;625;11968;12412;4.63;0.28;388.08;17.37;1452;52;4266.00;444
10520;33;4284645;10520;629;11968;12412;4.57;0.28;388.10;17.37;1448;52;4267.00;444
10521;33;4284661;10521;634;11968;12412;4.53;0.28;388.09;17.37;1447;52;4268.00;444
10523;33;4284676;10523;635;11968;12413;4.50;0.28;388.15;17.37;1445;52;4269.00;445
10526;33;4284690;10526;635;11969;12414;4.46;0.27;388.15;17.36;1443;52;4270.00;445
10528;33;4284704;10528;636;11969;12414;4.43;0.27;388.19;17.36;1441;52;4271.00;445
10533;33;4284719;10533;638;11980;12427;4.43;0.27;388.31;17.35;1447;52;4272.00;447
10538;33;4284736;10538;642;11980;12427;4.41;0.27;388.23;17.35;1442;52;4273.00;447
10540;33;4284751;10540;643;11980;12427;4.39;0.27;388.17;17.35;1440;52;4274.00;447
10543;33;4284765;10543;639;11982;12429;4.36;0.27;388.13;17.35;1439;52;4275.00;447
10544;33;4284781;10544;638;11982;12429;4.35;0.27;388.13;17.35;1438;52;4276.00;447
10548;33;4284800;10548;630;11986;12433;4.42;0.27;388.18;17.34;1438;52;4277.00;447
10549;33;4284816;10549;629;11986;12433;4.45;0.27;388.15;17.34;1437;52;4278.00;447
10551;33;4284832;10551;633;11988;12437;4.44;0.27;388.19;17.34;1437;52;4279.00;449
10556;33;4284847;10556;631;11989;12437;4.40;0.27;388.38;17.34;1433;52;4280.00;448
10558;33;4284862;10558;635;11989;12437;4.37;0.27;388.39;17.34;1431;52;4281.00;448
10561;33;4284878;10561;635;11989;12437;4.31;0.26;388.39;17.34;1428;52;4282.00;448
10565;33;4284892;10565;640;11989;12437;4.28;0.26;388.50;17.34;1424;52;4283.00;448
10566;33;4284907;10566;646;11999;12449;4.29;0.26;388.48;17.32;1433;52;4284.00;450
10571;33;4284923;10571;655;11999;12449;4.23;0.26;388.55;17.32;1428;52;4285.00;450
10574;33;4284938;10574;660;12000;12449;4.16;0.25;388.53;17.32;1426;52;4286.00;449
10578;33;4284953;10578;671;12000;12449;4.09;0.25;388.56;17.32;1422;52;4287.00;449
10584;33;4284966;10584;670;12000;12449;3.97;0.24;388.69;17.32;1416;52;4288.00;449
10587;33;4284981;10587;679;12000;12449;3.88;0.24;388.75;17.32;1413;52;4289.00;449
10595;33;4284996;10595;688;12000;12450;3.75;0.23;388.92;17.32;1405;52;4290.00;450
10598;33;4285010;10598;678;12000;12450;3.64;0.22;389.00;17.32;1402;52;4291.00;450
10599;33;4285024;10599;682;12005;12456;3.64;0.22;389.00;17.31;1406;52;4292.00;451
10604;33;4285038;10604;680;12006;12457;3.61;0.22;389.01;17.31;1402;52;4293.00;451
10607;33;4285057;10607;680;12006;12457;3.57;0.22;389.07;17.31;1399;52;4294.00;451
10611;33;4285070;10611;684;12006;12457;3.52;0.22;389.07;17.31;1395;52;4295.00;451
10612;33;4285084;10612;691;12009;12461;3.52;0.21;389.07;17.31;1397;52;4296.00;452
10614;33;4285098;10614;686;12009;12461;3.51;0.21;389.11;17.31;1395;52;4297.00;452
10619;33;4285112;10619;683;12009;12461;3.48;0.21;389.15;17.31;1390;52;4298.00;452
10621;33;4285126;10621;679;12010;12462;3.50;0.21;389.16;17.31;1389;52;4299.00;452
10623;33;4285141;10623;673;12013;12466;3.50;0.21;389.15;17.30;1390;52;4300.00;453
10628;33;4285159;10628;675;12014;12466;3.49;0.21;389.22;17.41;1386;52;4301.00;452
10630;33;4285174;10630;673;12017;12469;3.51;0.21;389.17;17.40;1387;52;4302.00;452
10636;33;4285189;10636;663;12017;12469;3.45;0.21;389.07;17.40;1381;52;4303.00;452
10637;33;4285203;10637;663;12017;12469;3.49;0.21;389.05;17.40;1380;52;4304.00;452
10640;33;4285217;10640;669;12017;12469;3.50;0.21;389.05;17.40;1377;52;4305.00;452
10645;33;4285230;10645;669;12020;12473;3.47;0.21;388.94;17.40;1375;52;4306.00;453
10647;33;4285245;10647;667;12020;12473;3.45;0.21;388.90;17.40;1373;52;4307.00;453
10650;33;4285258;10650;665;12020;12473;3.43;0.21;388.84;17.40;1370;52;4308.00;453
10655;33;4285272;10655;659;12020;12473;3.41;0.21;388.85;17.40;1365;52;4309.00;453
10656;33;4285286;10656;660;12020;12474;3.41;0.21;388.82;17.40;1364;52;4310.00;454
10659;33;4285300;10659;661;12020;12475;3.39;0.21;388.80;17.40;1361;52;4311.00;455
10664;33;4285314;10664;664;12020;12475;3.33;0.20;388.73;17.40;1356;52;4312.00;455
10665;33;4285328;10665;671;12021;12476;3.33;0.20;388.70;17.40;1356;52;4313.00;455
10668;33;4285341;10668;672;12021;12476;3.31;0.20;388.66;17.40;1353;52;4314.00;455
10671;33;4285355;10671;670;12021;12476;3.31;0.20;388.59;17.40;1350;52;4315.00;455
10674;33;4285368;10674;675;12022;12476;3.29;0.20;388.56;17.50;1348;52;4316.00;454
10678;33;4285382;10678;674;12022;12476;3.27;0.20;388.57;17.50;1344;52;4317.00;454
10682;33;4285396;10682;671;12022;12476;3.26;0.20;388.59;17.50;1340;52;4318.00;454
10683;33;4285411;10683;670;12022;12476;3.26;0.20;388.57;17.50;1339;52;4319.00;454
10685;33;4285425;10685;694;12128;12706;3.71;0.23;388.61;17.35;1443;52;4320.00;578
10686;33;4285458;10686;694;12134;12707;3.66;0.23;388.63;17.34;1448;52;4321.00;573
10688;33;4285472;10688;683;12142;12707;3.72;0.23;388.75;17.33;1454;52;4322.00;565
10691;33;4285487;10691;691;12149;12707;3.71;0.23;388.70;17.32;1458;52;4323.00;558
10693;33;4285502;10693;693;12155;12707;3.74;0.24;388.76;17.32;1462;52;4324.00;552
10696;33;4285516;10696;690;12163;12707;3.68;0.23;388.75;17.31;1467;52;4325.00;544
10698;33;4285531;10698;704;12166;12707;3.67;0.23;388.78;17.31;1468;52;4326.00;541
10700;33;4285545;10700;701;12172;12707;3.71;0.23;388.82;17.30;1472;52;4327.00;535
10703;33;4285559;10703;712;12180;12708;3.71;0.23;388.83;17.30;1477;52;4328.00;528
10706;33;4285573;10706;713;12183;12709;3.68;0.23;388.93;17.29;1477;52;4329.00;526
10706;33;4285587;10706;702;12187;12709;3.68;0.23;388.93;17.39;1481;52;4330.00;522
10708;33;4285601;10708;702;12189;12710;3.67;0.23;388.93;17.39;1481;52;4331.00;521
10709;33;4285615;10709;703;12193;12710;3.67;0.23;388.94;17.39;1484;52;4332.00;517
10713;33;4285630;10713;698;12195;12710;3.66;0.23;389.02;17.39;1482;52;4333.00;515
10715;33;4285644;10715;706;12197;12710;3.65;0.23;389.07;17.39;1482;52;4334.00;513
10716;33;4285660;10716;709;12200;12714;3.64;0.23;389.08;17.39;1484;52;4335.00;514
10719;33;4285676;10719;709;12205;12714;3.62;0.22;389.08;17.39;1486;52;4336.00;509
10722;33;4285696;10722;702;12207;12714;3.61;0.22;389.17;17.39;1485;52;4337.00;507
10724;33;4285711;10724;699;12209;12717;3.64;0.22;389.19;17.38;1485;52;4338.00;508
10726;33;4285727;10726;695;12211;12717;3.65;0.22;389.19;17.38;1485;52;4339.00;506
10728;33;4285747;10728;691;12211;12717;3.63;0.22;389.20;17.38;1483;52;4340.00;506
10730;33;4285764;10730;693;12215;12721;3.61;0.22;389.21;17.38;1485;52;4341.00;506
10733;33;4285791;10733;701;12218;12722;3.63;0.22;389.15;17.38;1485;52;4342.00;504
10735;33;4285808;10735;697;12219;12722;3.67;0.23;389.16;17.38;1484;52;4343.00;503
10740;33;4285824;10740;695;12221;12726;3.65;0.22;389.06;17.38;1481;52;4344.00;505
10742;33;4285849;10742;693;12222;12726;3.69;0.23;389.05;17.37;1480;52;4345.00;504
10745;33;4285865;10745;676;12222;12726;3.73;0.23;389.18;17.37;1477;52;4346.00;504
10746;33;4285882;10746;668;12222;12727;3.77;0.23;389.18;17.37;1476;52;4347.00;505
10748;33;4285898;10748;659;12223;12727;3.78;0.23;389.14;17.38;1475;52;4348.00;504
10749;33;4285914;10749;649;12228;12733;3.85;0.24;389.14;17.37;1479;52;4349.00;505
10750;33;4285932;10750;641;12228;12733;3.92;0.24;389.14;17.37;1478;52;4350.00;505
10753;33;4285950;10753;634;12228;12734;4.01;0.24;389.24;17.37;1475;52;4351.00;506
10754;33;4285967;10754;633;12230;12734;4.10;0.25;389.30;17.37;1476;52;4352.00;504
10756;33;4285984;10756;633;12231;12734;4.18;0.25;389.26;17.37;1475;52;4353.00;503
10758;33;4286000;10758;630;12232;12734;4.23;0.26;389.29;17.37;1474;52;4354.00;502
10761;33;4286016;10761;624;12233;12734;4.27;0.26;389.32;17.38;1472;52;4355.00;501
10763;33;4286032;10763;628;12242;12746;4.32;0.26;389.44;17.37;1479;52;4356.00;504
10765;33;4286048;10765;615;12243;12746;4.35;0.26;389.41;17.37;1478;52;4357.00;503
10767;33;4286064;10767;613;12245;12746;4.37;0.27;389.51;17.37;1478;52;4358.00;501
10768;33;4286081;10768;609;12245;12746;4.35;0.26;389.49;17.37;1477;52;4359.00;501
10769;33;4286098;10769;606;12245;12746;4.39;0.27;389.46;17.37;1476;52;4360.00;501
10771;33;4286115;10771;604;12246;12746;4.44;0.27;389.56;17.37;1475;52;4361.00;500
10773;33;4286132;10773;610;12252;12750;4.48;0.27;389.56;17.37;1479;52;4362.00;498
10775;33;4286150;10775;607;12252;12750;4.51;0.27;389.56;17.37;1477;52;4363.00;498
10778;33;4286167;10778;610;12257;12754;4.50;0.27;389.78;17.36;1479;52;4364.00;497
10778;33;4286184;10778;613;12259;12756;4.49;0.27;389.78;17.36;1481;52;4365.00;497
10782;33;4286203;10782;612;12260;12756;4.47;0.27;389.96;17.36;1478;52;4366.00;496
10784;33;4286219;10784;613;12261;12756;4.45;0.27;390.04;17.36;1477;52;4367.00;495
10787;33;4286237;10787;612;12270;12769;4.51;0.27;390.05;17.35;1483;52;4368.00;499
10790;33;4286255;10790;617;12270;12769;4.54;0.28;390.20;17.35;1480;52;4369.00;499
10791;33;4286271;10791;619;12270;12769;4.57;0.28;390.30;17.35;1479;52;4370.00;499
10794;33;4286288;10794;616;12271;12770;4.58;0.28;390.32;17.34;1477;52;4371.00;499
10796;33;4286305;10796;615;12271;12771;4.58;0.28;390.40;17.34;1475;52;4372.00;500
10800;33;4286323;10800;609;12271;12771;4.58;0.28;390.53;17.34;1471;52;4373.00;500
10802;33;4286340;10802;615;12274;12774;4.62;0.28;390.57;17.34;1472;52;4374.00;500
10803;33;4286357;10803;613;12274;12774;4.63;0.28;390.65;17.34;1471;52;4375.00;500
10804;33;4286373;10804;617;12274;12774;4.61;0.28;390.68;17.34;1470;52;4376.00;500
10805;33;4286390;10805;615;12274;12774;4.59;0.28;390.72;17.34;1469;52;4377.00;500
10807;33;4286407;10807;621;12279;12780;4.59;0.28;390.80;17.33;1472;52;4378.00;501
10810;33;4286424;10810;619;12279;12780;4.55;0.28;390.94;17.33;1469;52;4379.00;501
10814;33;4286442;10814;620;12279;12780;4.52;0.27;391.09;17.33;1465;52;4380.00;501
10818;33;4286480;10818;616;12279;12780;4.47;0.27;391.16;17.33;1461;52;4381.00;501
10821;33;4286500;10821;609;12282;12784;4.45;0.27;391.15;17.33;1461;52;4382.00;502
10822;33;4286516;10822;605;12283;12785;4.44;0.27;391.21;17.33;1461;52;4383.00;502
10823;33;4286532;10823;595;12283;12785;4.47;0.27;391.22;17.33;1460;52;4384.00;502
10824;33;4286546;10824;589;12284;12786;4.54;0.28;391.28;17.33;1460;52;4385.00;502
10826;33;4286561;10826;581;12284;12786;4.54;0.28;391.40;17.33;1458;52;4386.00;502
10829;33;4286578;10829;572;12284;12786;4.58;0.28;391.42;17.33;1455;52;4387.00;502
10834;33;4286593;10834;562;12284;12786;4.61;0.28;391.55;17.33;1450;52;4388.00;502
10838;33;4286609;10838;545;12284;12786;4.69;0.29;391.63;17.33;1446;52;4389.00;502
10844;33;4286624;10844;530;12284;12786;4.65;0.28;391.72;17.33;1440;52;4390.00;502
10847;33;4286641;10847;525;12284;12786;4.67;0.28;391.72;17.33;1437;52;4391.00;502
10855;33;4286656;10855;525;12320;12856;4.69;0.28;391.97;17.28;1465;52;4392.00;536
10858;33;4286677;10858;516;12320;12857;4.70;0.29;392.08;17.28;1462;52;4393.00;537
10862;33;4286694;10862;517;12326;12857;4.74;0.29;392.16;17.27;1464;52;4394.00;531
10865;33;4286711;10865;516;12326;12857;4.76;0.29;392.32;17.27;1461;52;4395.00;531
10867;33;4286727;10867;503;12332;12857;4.82;0.29;392.36;17.50;1465;52;4396.00;525
10870;33;4286749;10870;505;12335;12857;4.88;0.30;392.35;17.50;1465;52;4397.00;522
10874;33;4286766;10874;502;12338;12857;4.88;0.30;392.38;17.49;1464;52;4398.00;519
10876;33;4286782;10876;502;12341;12857;4.91;0.30;392.44;17.49;1465;52;4399.00;516
10879;33;4286806;10879;504;12344;12858;4.95;0.30;392.60;17.49;1465;52;4400.00;514
10882;33;4286827;10882;500;12344;12859;4.97;0.30;392.69;17.49;1462;52;4401.00;515
10883;33;4286845;10883;502;12348;12859;4.98;0.30;392.68;17.49;1465;52;4402.00;511
10885;33;4286864;10885;487;12352;12863;5.00;0.30;392.73;17.49;1467;52;4403.00;511
10889;33;4286880;10889;497;12354;12863;4.97;0.30;392.83;17.49;1465;52;4404.00;509
10892;33;4286898;10892;499;12355;12863;4.91;0.30;392.86;17.49;1463;52;4405.00;508
10894;33;4286916;10894;500;12355;12863;4.85;0.29;392.94;17.49;1461;52;4406.00;508
10898;33;4286932;10898;502;12362;12869;4.88;0.29;392.99;17.49;1464;52;4407.00;507
10900;33;4286950;10900;505;12362;12869;4.85;0.29;393.05;17.49;1462;52;4408.00;507
10902;33;4286967;10902;512;12363;12869;4.83;0.29;393.03;17.50;1461;52;4409.00;506
10903;33;4286986;10903;518;12368;12875;4.85;0.29;393.13;17.49;1465;52;4410.00;507
10905;33;4287004;10905;528;12369;12875;4.83;0.29;393.16;17.50;1464;52;4411.00;506
10906;33;4287020;10906;527;12371;12875;4.83;0.29;393.22;17.49;1465;52;4412.00;504
10908;33;4287037;10908;532;12372;12876;4.80;0.29;393.25;17.50;1464;52;4413.00;504
10909;33;4287055;10909;534;12373;12877;4.79;0.29;393.28;17.50;1464;52;4414.00;504
10914;33;4287072;10914;540;12374;12877;4.71;0.29;393.42;17.50;1460;52;4415.00;503
10916;33;4287090;10916;544;12383;12890;4.66;0.28;393.39;17.49;1467;52;4416.00;507
10918;33;4287107;10918;546;12384;12890;4.60;0.28;393.47;17.50;1466;52;4417.00;506
10921;33;4287123;10921;559;12384;12890;4.55;0.28;393.50;17.50;1463;52;4418.00;506
10925;33;4287140;10925;568;12385;12891;4.48;0.27;393.64;17.50;1460;52;4419.00;506
10928;33;4287156;10928;573;12387;12891;4.46;0.27;393.60;17.62;1459;52;4420.00;504
10929;33;4287172;10929;581;12391;12895;4.49;0.27;393.60;17.62;1462;52;4421.00;504
10931;33;4287189;10931;576;12391;12895;4.45;0.27;393.57;17.62;1460;52;4422.00;504
10934;33;4287205;10934;582;12394;12899;4.43;0.27;393.59;17.62;1460;52;4423.00;505
10937;33;4287228;10937;587;12395;12899;4.43;0.27;393.62;17.74;1458;53;4424.00;504
10939;33;4287252;10939;576;12397;12899;4.42;0.27;393.62;17.74;1458;53;4425.00;502
10941;33;4287268;10941;579;12399;12899;4.41;0.27;393.70;17.86;1458;53;4426.00;500
10944;33;4287284;10944;584;12400;12899;4.39;0.27;393.68;17.86;1456;53;4427.00;499
10947;33;4287300;10947;577;12411;12911;4.40;0.27;393.64;17.97;1464;53;4428.00;500
10951;33;4287317;10951;588;12412;12911;4.35;0.27;393.74;17.96;1461;53;4429.00;499
10954;33;4287333;10954;594;12414;12911;4.33;0.27;393.88;17.96;1460;54;4430.00;497
10955;33;4287358;10955;593;12416;12911;4.31;0.26;393.84;18.20;1461;54;4431.00;495
10960;33;4287374;10960;603;12416;12911;4.25;0.26;393.83;18.20;1456;54;4432.00;495
10963;33;4287390;10963;608;12416;12911;4.24;0.26;393.84;18.20;1453;54;4433.00;495
10966;33;4287407;10966;608;12418;12912;4.22;0.26;393.87;18.43;1452;54;4434.00;494
10967;33;4287425;10967;612;12418;12912;4.21;0.26;393.91;18.43;1451;54;4435.00;494
10971;33;4287441;10971;620;12425;12918;4.23;0.26;393.93;18.66;1454;54;4436.00;493
10971;33;4287458;10971;627;12426;12919;4.24;0.26;393.93;18.66;1455;54;4437.00;493
10972;33;4287473;10972;623;12426;12919;4.19;0.26;393.96;18.66;1454;54;4438.00;493
10975;33;4287493;10975;624;12426;12919;4.14;0.25;393.98;18.66;1451;54;4439.00;493
10975;33;4287512;10975;630;12432;12924;4.15;0.25;393.98;18.89;1457;54;4440.00;492
10977;33;4287529;10977;632;12432;12924;4.09;0.25;394.05;18.89;1455;54;4441.00;492
10977;33;4287544;10977;636;12432;12924;4.04;0.25;394.05;18.89;1455;54;4442.00;492
10979;33;4287559;10979;638;12433;12925;4.03;0.25;394.08;18.88;1454;54;4443.00;492
10980;33;4287574;10980;642;12436;12929;4.05;0.25;394.06;18.88;1456;54;4444.00;493
10983;33;4287590;10983;647;12437;12929;4.00;0.25;394.10;19.00;1454;54;4445.00;492
10985;33;4287605;10985;647;12439;12932;3.98;0.24;394.10;18.99;1454;54;4446.00;493
10988;33;4287621;10988;649;12440;12932;3.93;0.24;394.11;19.11;1452;54;4447.00;492
10993;33;4287636;10993;659;12441;12932;3.90;0.24;394.22;19.11;1448;54;4448.00;491
10997;33;4287650;10997;665;12441;12932;3.88;0.24;394.14;19.11;1444;54;4449.00;491
11002;33;4287664;11002;670;12445;12936;3.87;0.24;394.32;19.10;1443;54;4450.00;491
11006;33;4287679;11006;666;12445;12936;3.88;0.24;394.36;19.10;1439;54;4451.00;491
11011;33;4287693;11011;664;12445;12936;3.80;0.23;394.35;19.10;1434;54;4452.00;491
11014;33;4287709;11014;669;12445;12936;3.74;0.23;394.34;19.10;1431;54;4453.00;491
11017;33;4287723;11017;671;12445;12937;3.68;0.23;394.37;19.10;1428;54;4454.00;492
11023;33;4287737;11023;657;12447;12939;3.67;0.22;394.42;19.10;1424;54;4455.00;492
11026;33;4287751;11026;647;12447;12939;3.63;0.22;394.35;19.10;1421;54;4456.00;492
11030;33;4287764;11030;635;12448;12940;3.61;0.22;394.39;19.10;1418;54;4457.00;492
11032;33;4287779;11032;630;12448;12940;3.59;0.22;394.35;19.10;1416;54;4458.00;492
11033;33;4287793;11033;635;12448;12940;3.58;0.22;394.37;19.10;1415;54;4459.00;492
11036;33;4287807;11036;636;12448;12940;3.56;0.22;394.32;19.10;1412;54;4460.00;492
11038;33;4287820;11038;645;12448;12940;3.55;0.22;394.41;19.10;1410;54;4461.00;492
11041;33;4287851;11041;641;12448;12940;3.52;0.22;394.36;19.10;1407;54;4462.00;492
11042;33;4287868;11042;639;12448;12940;3.52;0.22;394.33;19.10;1406;54;4463.00;492
11045;33;4287882;11045;635;12515;13067;3.88;0.24;394.28;19.00;1470;54;4464.00;552
11047;33;4287907;11047;632;12517;13068;3.88;0.24;394.25;18.99;1470;54;4465.00;551
11050;33;4287922;11050;634;12525;13068;3.89;0.24;394.18;18.98;1475;54;4466.00;543
11052;33;4287937;11052;625;12529;13068;3.91;0.24;394.16;18.98;1477;54;4467.00;539
11055;33;4287951;11055;627;12533;13068;3.91;0.24;394.11;18.97;1478;54;4468.00;535
11060;33;4287966;11060;629;12536;13068;3.87;0.24;394.05;18.97;1476;54;4469.00;532
11064;33;4287982;11064;630;12538;13068;3.84;0.24;393.96;18.97;1474;54;4470.00;530
11066;33;4287997;11066;631;12540;13068;3.83;0.24;393.97;18.96;1474;54;4471.00;528
11071;33;4288012;11071;634;12540;13069;3.78;0.24;393.95;18.96;1469;54;4472.00;529
11073;33;4288027;11073;641;12542;13070;3.77;0.23;393.95;18.96;1469;54;4473.00;528
11076;33;4288042;11076;641;12543;13070;3.75;0.23;393.93;18.96;1467;54;4474.00;527
11079;33;4288057;11079;647;12543;13071;3.75;0.23;394.01;18.96;1464;54;4475.00;528
11081;33;4288072;11081;647;12545;13071;3.78;0.24;394.03;18.96;1464;54;4476.00;526
11086;33;4288087;11086;631;12545;13071;3.78;0.23;394.07;18.96;1459;54;4477.00;526
11089;33;4288102;11089;629;12547;13071;3.81;0.24;394.12;18.96;1458;54;4478.00;524
11091;33;4288117;11091;626;12551;13075;3.82;0.24;394.18;18.96;1460;54;4479.00;524
11095;33;4288132;11095;623;12553;13075;3.84;0.24;394.10;18.96;1458;54;4480.00;522
11098;33;4288149;11098;620;12555;13075;3.83;0.24;394.14;18.96;1457;54;4481.00;520
11100;33;4288164;11100;613;12557;13078;3.85;0.24;394.16;18.96;1457;54;4482.00;521
11103;33;4288180;11103;606;12558;13078;3.85;0.24;394.14;18.95;1455;54;4483.00;520
11105;33;4288207;11105;612;12559;13078;3.86;0.24;394.21;18.95;1454;54;4484.00;519
11107;33;4288222;11107;604;12563;13082;3.89;0.24;394.24;19.06;1456;54;4485.00;519
11113;33;4288239;11113;603;12564;13083;3.86;0.24;394.17;19.06;1451;54;4486.00;519
11118;33;4288254;11118;597;12564;13083;3.83;0.24;394.21;19.06;1446;54;4487.00;519
11120;33;4288269;11120;603;12567;13087;3.84;0.24;394.21;19.05;1447;54;4488.00;520
11124;33;4288285;11124;605;12567;13087;3.82;0.23;394.33;19.05;1443;54;4489.00;520
11127;34;4288306;11127;604;12567;13087;3.83;0.24;394.36;19.05;1440;55;4490.00;520
11130;34;4288329;11130;601;12567;13088;3.83;0.23;394.32;19.05;1437;55;4491.00;521
11137;34;4288348;11137;603;12567;13088;3.80;0.23;394.39;19.05;1430;55;4492.00;521
11140;34;4288372;11140;601;12571;13094;3.84;0.24;394.43;19.05;1431;55;4493.00;523
11142;34;4288393;11142;601;12571;13094;3.88;0.24;394.42;19.05;1429;55;4494.00;523
11144;34;4288413;11144;605;12571;13095;3.88;0.24;394.40;19.05;1427;55;4495.00;524
11147;34;4288442;11147;609;12572;13095;3.85;0.23;394.48;19.05;1425;55;4496.00;523
11150;34;4288467;11150;617;12572;13095;3.83;0.23;394.46;19.05;1422;55;4497.00;523
11151;34;4288493;11151;621;12572;13095;3.79;0.23;394.46;19.05;1421;55;4498.00;523
11155;34;4288511;11155;616;12572;13095;3.77;0.23;394.60;19.05;1417;55;4499.00;523
11157;34;4288530;11157;630;12597;13145;3.87;0.24;394.56;19.01;1440;55;4500.00;548
11160;34;4288557;11160;634;12598;13147;3.88;0.24;394.49;19.01;1438;55;4501.00;549
11162;34;4288575;11162;625;12601;13147;3.88;0.24;394.44;19.01;1439;55;4502.00;546
11167;34;4288594;11167;615;12601;13147;3.86;0.24;394.46;19.01;1434;55;4503.00;546
11169;34;4288613;11169;621;12604;13147;3.88;0.24;394.48;19.01;1435;55;4504.00;543
11172;34;4288631;11172;616;12605;13147;3.85;0.24;394.50;19.01;1433;55;4505.00;542
11175;34;4288650;11175;616;12608;13151;3.84;0.24;394.58;19.11;1433;55;4506.00;543
11176;34;4288670;11176;616;12609;13151;3.84;0.24;394.58;19.11;1433;55;4507.00;542
11178;34;4288688;11178;625;12615;13155;3.85;0.24;394.67;19.11;1437;55;4508.00;540
11180;34;4288706;11180;618;12616;13156;3.86;0.24;394.85;19.11;1436;55;4509.00;540
11182;34;4288723;11182;615;12617;13156;3.84;0.24;394.85;19.11;1435;55;4510.00;539
11184;34;4288739;11184;601;12619;13156;3.83;0.23;394.87;19.11;1435;55;4511.00;537
11186;34;4288756;11186;588;12629;13169;3.88;0.24;394.86;19.10;1443;55;4512.00;540
11187;34;4288775;11187;587;12630;13169;3.89;0.24;394.84;19.10;1443;55;4513.00;539
11191;34;4288792;11191;584;12631;13169;3.89;0.24;394.95;19.10;1440;55;4514.00;538
11193;34;4288809;11193;571;12633;13170;3.93;0.24;395.14;19.11;1440;55;4515.00;537
11195;34;4288826;11195;572;12635;13171;3.93;0.24;395.16;19.11;1440;55;4516.00;536
11200;34;4288842;11200;569;12637;13171;3.90;0.24;395.27;19.11;1437;55;4517.00;534
11202;34;4288865;11202;571;12638;13174;3.91;0.24;395.38;19.11;1436;55;4518.00;536
11205;34;4288884;11205;565;12639;13174;3.91;0.24;395.46;19.11;1434;55;4519.00;535
11206;34;4288900;11206;573;12641;13174;3.92;0.24;395.50;19.11;1435;55;4520.00;533
11207;34;4288916;11207;576;12641;13174;3.90;0.24;395.55;19.11;1434;55;4521.00;533
11208;34;4288932;11208;579;12647;13180;3.92;0.24;395.65;19.11;1439;55;4522.00;533
11209;34;4288948;11209;581;12648;13180;3.94;0.24;395.63;19.11;1439;55;4523.00;532
11211;34;4288964;11211;567;12649;13180;3.98;0.24;395.70;19.11;1438;55;4524.00;531
11211;34;4288979;11211;568;12649;13180;4.02;0.25;395.70;19.11;1438;55;4525.00;531
11213;34;4288994;11213;572;12654;13184;4.04;0.25;395.81;19.11;1441;55;4526.00;530
11217;34;4289010;11217;571;12655;13185;4.07;0.25;395.89;19.11;1438;55;4527.00;530
11219;34;4289026;11219;567;12655;13185;4.15;0.25;396.01;19.11;1436;55;4528.00;530
11220;34;4289041;11220;577;12659;13186;4.25;0.26;396.05;19.11;1439;55;4529.00;527
11228;34;4289059;11228;575;12659;13186;4.30;0.26;396.43;19.11;1431;55;4530.00;527
11228;34;4289075;11228;580;12659;13186;4.36;0.27;396.43;19.11;1431;55;4531.00;527
11230;34;4289089;11230;583;12662;13186;4.32;0.26;396.46;19.11;1432;55;4532.00;524
11232;34;4289107;11232;583;12663;13186;4.31;0.26;396.51;19.22;1431;55;4533.00;523
11240;34;4289121;11240;580;12664;13186;4.25;0.26;396.71;19.22;1424;55;4534.00;522
11242;34;4289138;11242;578;12665;13186;4.27;0.26;396.78;19.22;1423;55;4535.00;521
11243;34;4289152;11243;586;12702;13256;4.34;0.26;396.91;19.16;1459;55;4536.00;554
11246;34;4289173;11246;577;12704;13257;4.36;0.27;396.95;19.16;1458;55;4537.00;553
11247;34;4289190;11247;575;12709;13257;4.45;0.27;396.99;19.16;1462;55;4538.00;548
11247;34;4289210;11247;577;12710;13257;4.45;0.27;396.99;19.16;1463;55;4539.00;547
11249;34;4289226;11249;575;12714;13257;4.47;0.27;397.01;19.15;1465;55;4540.00;543
11251;34;4289242;11251;571;12714;13257;4.46;0.27;397.09;19.15;1463;55;4541.00;543
11251;34;4289262;11251;577;12720;13257;4.50;0.28;397.09;19.15;1469;55;4542.00;537
11254;34;4289277;11254;580;12723;13257;4.52;0.28;397.08;19.14;1469;55;4543.00;534
11257;34;4289293;11257;575;12728;13258;4.55;0.28;397.07;19.14;1471;55;4544.00;530
11257;34;4289310;11257;566;12732;13260;4.59;0.28;397.07;19.14;1475;55;4545.00;528
11260;34;4289333;11260;565;12735;13260;4.56;0.28;397.17;19.14;1475;55;4546.00;525
11261;34;4289354;11261;558;12738;13264;4.54;0.28;397.20;19.13;1477;55;4547.00;526
11264;34;4289370;11264;558;12739;13264;4.56;0.28;397.28;19.24;1475;55;4548.00;525
11268;34;4289387;11268;543;12739;13264;4.55;0.28;397.26;19.24;1471;55;4549.00;525
11271;34;4289403;11271;543;12739;13264;4.57;0.28;397.26;19.24;1468;55;4550.00;525
11273;34;4289418;11273;550;12743;13270;4.62;0.28;397.32;19.23;1470;55;4551.00;527
11276;34;4289435;11276;542;12744;13270;4.65;0.28;397.39;19.34;1468;55;4552.00;526
11278;34;4289451;11278;530;12744;13270;4.67;0.28;397.41;19.34;1466;55;4553.00;526
11283;34;4289466;11283;523;12747;13273;4.67;0.28;397.69;19.33;1464;55;4554.00;526
11286;34;4289483;11286;527;12749;13273;4.69;0.29;397.77;19.33;1463;55;4555.00;524
11288;34;4289500;11288;525;12749;13273;4.66;0.28;397.77;19.33;1461;55;4556.00;524
11291;34;4289514;11291;518;12749;13274;4.64;0.28;397.98;19.33;1458;55;4557.00;525
11295;34;4289530;11295;528;12750;13275;4.63;0.28;398.03;19.33;1455;55;4558.00;525
11298;34;4289546;11298;528;12750;13275;4.60;0.28;398.05;19.33;1452;55;4559.00;525
11302;34;4289563;11302;531;12767;13301;4.61;0.28;398.15;19.31;1465;55;4560.00;534
11304;34;4289582;11304;529;12767;13301;4.58;0.28;398.14;19.31;1463;55;4561.00;534
11307;34;4289597;11307;536;12768;13301;4.54;0.28;398.28;19.31;1461;55;4562.00;533
11314;34;4289612;11314;537;12770;13302;4.46;0.27;398.41;19.30;1456;55;4563.00;532
11318;34;4289629;11318;535;12771;13302;4.41;0.27;398.38;19.30;1453;55;4564.00;531
11322;34;4289644;11322;544;12774;13306;4.37;0.27;398.47;19.30;1452;55;4565.00;532
11325;34;4289661;11325;541;12775;13306;4.35;0.26;398.46;19.30;1450;55;4566.00;531
11330;34;4289677;11330;542;12778;13310;4.31;0.26;398.48;19.29;1448;55;4567.00;532
11331;34;4289692;11331;550;12778;13310;4.33;0.26;398.53;19.29;1447;55;4568.00;532
11332;34;4289708;11332;544;12779;13310;4.34;0.26;398.56;19.29;1447;55;4569.00;531
11335;34;4289723;11335;562;12779;13310;4.35;0.26;398.57;19.29;1444;55;4570.00;531
11335;34;4289739;11335;561;12781;13310;4.38;0.27;398.57;19.29;1446;55;4571.00;529
11338;34;4289754;11338;562;12791;13322;4.43;0.27;398.61;19.28;1453;55;4572.00;531
11340;34;4289771;11340;566;12791;13322;4.44;0.27;398.66;19.28;1451;55;4573.00;531
11341;34;4289787;11341;569;12793;13322;4.44;0.27;398.64;19.28;1452;55;4574.00;529
11342;34;4289802;11342;570;12793;13322;4.43;0.27;398.66;19.28;1451;55;4575.00;529
11345;34;4289817;11345;581;12793;13322;4.40;0.27;398.70;19.28;1448;55;4576.00;529
11346;34;4289832;11346;591;12793;13322;4.36;0.27;398.69;19.28;1447;55;4577.00;529
11348;34;4289848;11348;603;12793;13323;4.29;0.26;398.66;19.28;1445;55;4578.00;530
11350;34;4289862;11350;604;12793;13323;4.22;0.26;398.68;19.28;1443;55;4579.00;530
11350;34;4289883;11350;616;12797;13329;4.18;0.26;398.68;19.27;1447;55;4580.00;532
11354;34;4289898;11354;619;12798;13330;4.10;0.25;398.73;19.27;1444;55;4581.00;532
11354;34;4289913;11354;622;12798;13330;4.08;0.25;398.73;19.27;1444;55;4582.00;532
11358;34;4289928;11358;627;12798;13330;4.03;0.25;398.77;19.27;1440;55;4583.00;532
11359;34;4289943;11359;629;12801;13334;4.02;0.25;398.73;19.27;1442;55;4584.00;533
11365;34;4289958;11365;633;12801;13334;3.95;0.24;398.79;19.27;1436;55;4585.00;533
11368;34;4289973;11368;643;12801;13334;3.91;0.24;398.81;19.27;1433;55;4586.00;533
11368;34;4289988;11368;653;12802;13335;3.87;0.24;398.81;19.27;1434;55;4587.00;533
11370;34;4290004;11370;662;12805;13339;3.86;0.24;398.88;19.26;1435;55;4588.00;534
11371;34;4290018;11371;663;12805;13339;3.84;0.23;398.86;19.26;1434;55;4589.00;534
11374;34;4290034;11374;673;12809;13345;3.78;0.23;398.86;19.26;1435;55;4590.00;536
11375;34;4290049;11375;673;12809;13345;3.77;0.23;398.83;19.26;1434;55;4591.00;536
11376;34;4290063;11376;676;12809;13345;3.76;0.23;398.83;19.26;1433;55;4592.00;536
11378;34;4290077;11378;672;12809;13345;3.75;0.23;398.79;19.26;1431;55;4593.00;536
11379;34;4290091;11379;679;12812;13349;3.75;0.23;398.79;19.25;1433;55;4594.00;537
11381;34;4290105;11381;685;12812;13349;3.74;0.23;398.76;19.25;1431;55;4595.00;537
11382;34;4290119;11382;685;12812;13349;3.72;0.23;398.73;19.25;1430;55;4596.00;537
11384;34;4290132;11384;694;12812;13349;3.69;0.23;398.78;19.25;1428;55;4597.00;537
11388;34;4290146;11388;704;12812;13350;3.63;0.22;398.88;19.25;1424;55;4598.00;538
11389;34;4290159;11389;711;12812;13351;3.59;0.22;398.85;19.25;1423;55;4599.00;539
11391;34;4290173;11391;714;12812;13351;3.54;0.22;398.81;19.25;1421;55;4600.00;539
11393;34;4290190;11393;718;12813;13352;3.50;0.22;398.82;19.25;1420;55;4601.00;539
11398;34;4290204;11398;724;12813;13352;3.41;0.21;398.82;19.25;1415;55;4602.00;539
11401;34;4290216;11401;727;12813;13352;3.39;0.21;398.78;19.25;1412;55;4603.00;539
11403;34;4290229;11403;725;12813;13352;3.31;0.20;398.77;19.25;1410;55;4604.00;539
11404;34;4290243;11404;720;12813;13352;3.28;0.20;398.74;19.25;1409;55;4605.00;539
11405;34;4290256;11405;723;12813;13352;3.28;0.20;398.72;19.25;1408;55;4606.00;539
11408;34;4290268;11408;718;12813;13352;3.23;0.20;398.67;19.25;1405;55;4607.00;539
11410;34;4290282;11410;728;12877;13479;3.53;0.22;398.69;19.15;1467;55;4608.00;602
11411;34;4290304;11411;723;12881;13480;3.55;0.22;398.66;19.15;1470;55;4609.00;599
11415;34;4290317;11415;725;12888;13480;3.56;0.22;398.62;19.14;1473;55;4610.00;592
11415;34;4290331;11415;718;12891;13480;3.56;0.22;398.62;19.14;1476;55;4611.00;589
11416;34;4290344;11416;724;12894;13480;3.55;0.22;398.60;19.13;1478;55;4612.00;586
11418;34;4290356;11418;728;12898;13480;3.52;0.22;398.58;19.13;1480;55;4613.00;582
11419;34;4290370;11419;732;12899;13480;3.50;0.22;398.56;19.13;1480;55;4614.00;581
11422;34;4290383;11422;730;12900;13480;3.45;0.21;398.51;19.13;1478;55;4615.00;580
11424;34;4290397;11424;736;12902;13481;3.41;0.21;398.48;19.12;1478;55;4616.00;579
11429;34;4290410;11429;734;12904;13482;3.32;0.20;398.48;19.12;1475;55;4617.00;578
11430;34;4290424;11430;737;12904;13482;3.27;0.20;398.51;19.12;1474;55;4618.00;578
11434;34;4290437;11434;745;12906;13483;3.20;0.20;398.49;19.12;1472;55;4619.00;577
11435;34;4290452;11435;731;12906;13483;3.16;0.19;398.52;19.12;1471;55;4620.00;577
11437;34;4290466;11437;725;12908;13483;3.10;0.19;398.54;19.12;1471;55;4621.00;575
11438;34;4290480;11438;723;12908;13483;3.06;0.19;398.50;19.12;1470;55;4622.00;575
11441;34;4290494;11441;723;12910;13487;3.03;0.19;398.49;19.12;1469;55;4623.00;577
11442;34;4290508;11442;702;12910;13487;3.02;0.19;398.51;19.12;1468;55;4624.00;577
11443;34;4290522;11443;688;12911;13487;3.02;0.18;398.51;19.12;1468;55;4625.00;576
11445;34;4290537;11445;679;12912;13490;3.02;0.18;398.49;19.12;1467;55;4626.00;578
11446;34;4290551;11446;666;12912;13490;3.07;0.19;398.48;19.12;1466;55;4627.00;578
11447;34;4290566;11447;661;12912;13490;3.11;0.19;398.57;19.12;1465;55;4628.00;578
11449;34;4290580;11449;665;12915;13494;3.16;0.19;398.55;19.11;1466;55;4629.00;579
11450;34;4290596;11450;653;12916;13495;3.22;0.20;398.55;19.11;1466;55;4630.00;579
11453;34;4290617;11453;642;12916;13495;3.25;0.20;398.54;19.11;1463;55;4631.00;579
11454;34;4290632;11454;634;12919;13499;3.29;0.20;398.51;19.11;1465;55;4632.00;580
11458;34;4290647;11458;624;12919;13499;3.32;0.20;398.45;19.11;1461;55;4633.00;580
11460;34;4290661;11460;613;12919;13499;3.34;0.20;398.44;19.11;1459;55;4634.00;580
11463;34;4290675;11463;623;12920;13501;3.39;0.21;398.39;19.11;1457;55;4635.00;581
11466;34;4290691;11466;622;12920;13501;3.43;0.21;398.35;19.11;1454;55;4636.00;581
11471;34;4290705;11471;612;12923;13507;3.51;0.21;398.32;19.10;1452;55;4637.00;584
11474;34;4290721;11474;603;12923;13507;3.57;0.22;398.24;19.10;1449;55;4638.00;584
11478;34;4290741;11478;603;12924;13508;3.62;0.22;398.20;19.10;1446;55;4639.00;584
11479;34;4290757;11479;597;12924;13508;3.66;0.22;398.19;19.10;1445;55;4640.00;584
11481;34;4290771;11481;589;12924;13508;3.70;0.22;398.17;19.10;1443;55;4641.00;584
11483;34;4290787;11483;575;12925;13508;3.73;0.23;398.18;19.21;1442;55;4642.00;583
11484;34;4290803;11484;570;12925;13508;3.76;0.23;398.16;19.21;1441;55;4643.00;583
11487;34;4290818;11487;567;12934;13520;3.81;0.23;398.13;19.20;1447;55;4644.00;586
11489;34;4290834;11489;569;12935;13520;3.84;0.23;398.09;19.20;1446;55;4645.00;585
11493;34;4290850;11493;562;12935;13520;3.85;0.23;398.12;19.20;1442;55;4646.00;585
11494;34;4290865;11494;560;12935;13520;3.87;0.24;398.09;19.20;1441;55;4647.00;585
11499;34;4290880;11499;557;12935;13520;3.89;0.24;398.03;19.20;1436;55;4648.00;585
11502;34;4290895;11502;555;12935;13520;3.90;0.24;398.04;19.20;1433;55;4649.00;585
11504;34;4290912;11504;554;12940;13526;3.90;0.24;398.03;19.19;1436;55;4650.00;586
11508;34;4290929;11508;551;12940;13526;3.88;0.24;397.98;19.19;1432;55;4651.00;586
11512;34;4290944;11512;557;12942;13530;3.84;0.23;398.05;19.19;1430;55;4652.00;588
11514;34;4290960;11514;551;12942;13531;3.86;0.23;398.06;19.19;1428;55;4653.00;589
11518;34;4290975;11518;565;12942;13531;3.83;0.23;398.06;19.19;1424;55;4654.00;589
11522;34;4290990;11522;571;12944;13531;3.82;0.23;398.08;19.19;1422;55;4655.00;587
11524;34;4291005;11524;572;12954;13544;3.86;0.24;398.08;19.18;1430;55;4656.00;590
11527;34;4291021;11527;573;12955;13544;3.86;0.24;398.14;19.18;1428;55;4657.00;589
11531;34;4291036;11531;568;12955;13544;3.85;0.24;398.16;19.18;1424;55;4658.00;589
11536;34;4291051;11536;565;12956;13545;3.86;0.23;398.14;19.18;1420;55;4659.00;589
11541;34;4291066;11541;566;12956;13546;3.84;0.23;398.21;19.18;1415;55;4660.00;590
11547;34;4291082;11547;552;12957;13546;3.83;0.23;398.33;19.19;1410;55;4661.00;589
11548;34;4291096;11548;550;12958;13549;3.87;0.24;398.35;19.18;1410;55;4662.00;591
11550;34;4291113;11550;538;12959;13549;3.91;0.24;398.38;19.19;1409;55;4663.00;590
11554;34;4291128;11554;538;12960;13549;3.86;0.24;398.45;19.19;1406;55;4664.00;589
11556;34;4291143;11556;533;12961;13549;3.84;0.23;398.50;19.20;1405;55;4665.00;588
11558;34;4291158;11558;539;12966;13555;3.82;0.23;398.61;19.30;1408;55;4666.00;589
11563;34;4291173;11563;542;12966;13555;3.79;0.23;398.61;19.30;1403;55;4667.00;589
11567;34;4291188;11567;537;12966;13555;3.76;0.23;398.67;19.30;1399;55;4668.00;589
11572;34;4291204;11572;531;12968;13555;3.74;0.23;398.70;19.31;1396;55;4669.00;587
11573;34;4291220;11573;532;12971;13559;3.76;0.23;398.70;19.30;1398;55;4670.00;588
11576;34;4291235;11576;535;12971;13560;3.76;0.23;398.74;19.30;1395;55;4671.00;589
11578;34;4291250;11578;539;12972;13560;3.80;0.23;398.83;19.30;1394;55;4672.00;588
11582;34;4291265;11582;541;12973;13561;3.80;0.23;398.83;19.30;1391;55;4673.00;588
11583;34;4291281;11583;529;12975;13561;3.82;0.23;398.85;19.31;1392;55;4674.00;586
11589;34;4291296;11589;524;12975;13561;3.79;0.23;398.94;19.31;1386;55;4675.00;586
11591;34;4291311;11591;517;12976;13561;3.83;0.23;398.91;19.31;1385;55;4676.00;585
11594;34;4291326;11594;510;12978;13561;3.83;0.23;398.99;19.31;1384;55;4677.00;583
11596;34;4291341;11596;494;12978;13561;3.85;0.24;398.94;19.31;1382;55;4678.00;583
11600;34;4291356;11600;492;12979;13561;3.92;0.24;399.02;19.32;1379;55;4679.00;582
11601;34;4291374;11601;506;13050;13686;4.14;0.26;399.12;19.22;1449;55;4680.00;636
11603;34;4291398;11603;497;13052;13687;4.18;0.26;399.22;19.22;1449;55;4681.00;635
11605;34;4291415;11605;492;13053;13687;4.22;0.26;399.23;19.21;1448;55;4682.00;634
11609;34;4291431;11609;491;13056;13687;4.22;0.26;399.41;19.33;1447;55;4683.00;631
11610;34;4291447;11610;487;13058;13687;4.23;0.26;399.50;19.33;1448;55;4684.00;629
11612;34;4291464;11612;488;13059;13687;4.29;0.26;399.49;19.33;1447;55;4685.00;628
11613;34;4291479;11613;486;13062;13687;4.31;0.27;399.55;19.33;1449;55;4686.00;625
11614;34;4291496;11614;485;13062;13687;4.31;0.27;399.60;19.33;1448;55;4687.00;625
11618;34;4291512;11618;493;13064;13688;4.31;0.27;399.74;19.33;1446;55;4688.00;624
11620;34;4291530;11620;484;13065;13689;4.32;0.27;399.75;19.33;1445;55;4689.00;624
11626;34;4291546;11626;480;13066;13689;4.26;0.26;399.82;19.33;1440;55;4690.00;623
11629;34;4291562;11629;473;13072;13693;4.24;0.26;399.86;19.33;1443;55;4691.00;621
11632;34;4291578;11632;480;13073;13693;4.26;0.26;400.00;19.34;1441;55;4692.00;620
11636;34;4291601;11636;481;13073;13693;4.30;0.26;400.14;19.34;1437;55;4693.00;620
11638;34;4291616;11638;481;13075;13693;4.37;0.27;400.17;19.33;1437;55;4694.00;618
11640;34;4291633;11640;488;13081;13699;4.40;0.27;400.26;19.35;1441;55;4695.00;618
11640;34;4291649;11640;492;13083;13699;4.48;0.27;400.26;19.35;1443;55;4696.00;616
11642;34;4291665;11642;499;13083;13699;4.51;0.28;400.42;19.35;1441;55;4697.00;616
11645;34;4291680;11645;505;13085;13702;4.55;0.28;400.51;19.35;1440;55;4698.00;617
11648;34;4291696;11648;511;13087;13702;4.54;0.28;400.67;19.36;1439;55;4699.00;615
11650;34;4291714;11650;513;13090;13702;4.57;0.28;400.65;19.35;1440;55;4700.00;612
11652;34;4291739;11652;507;13092;13703;4.58;0.28;400.73;19.36;1440;55;4701.00;611
11654;34;4291755;11654;519;13094;13704;4.56;0.28;400.82;19.36;1440;55;4702.00;610
11657;34;4291773;11657;520;13096;13704;4.50;0.27;400.88;19.37;1439;55;4703.00;608
11658;34;4291789;11658;528;13107;13717;4.45;0.27;400.90;19.36;1449;55;4704.00;610
11660;34;4291811;11660;529;13107;13717;4.44;0.27;400.89;19.36;1447;55;4705.00;610
11662;34;4291827;11662;530;13110;13717;4.42;0.27;400.91;19.36;1448;55;4706.00;607
11664;34;4291849;11664;527;13112;13718;4.44;0.27;401.08;19.50;1448;55;4707.00;606
11666;34;4291869;11666;531;13112;13718;4.44;0.27;401.12;19.50;1446;55;4708.00;606
11669;34;4291885;11669;535;13116;13722;4.38;0.27;401.12;19.50;1447;55;4709.00;606
11670;34;4291903;11670;526;13117;13722;4.38;0.27;401.13;19.50;1447;55;4710.00;605
11673;34;4291919;11673;532;13120;13726;4.34;0.26;401.14;19.50;1447;55;4711.00;606
11677;34;4291934;11677;538;13120;13726;4.28;0.26;401.16;19.50;1443;55;4712.00;606
11681;34;4291951;11681;531;13121;13726;4.24;0.26;401.23;19.50;1440;55;4713.00;605
11683;34;4291966;11683;535;13121;13726;4.21;0.26;401.21;19.50;1438;55;4714.00;605
11686;34;4291981;11686;532;13122;13726;4.21;0.26;401.29;19.51;1436;55;4715.00;604
11688;34;4291996;11688;533;13129;13738;4.24;0.26;401.33;19.50;1441;55;4716.00;609
11691;34;4292011;11691;525;13129;13738;4.26;0.26;401.33;19.50;1438;55;4717.00;609
11691;34;4292026;11691;523;13131;13738;4.33;0.26;401.33;19.50;1440;55;4718.00;607
11692;34;4292040;11692;528;13136;13738;4.34;0.26;401.31;19.89;1444;56;4719.00;602
11694;34;4292066;11694;530;13136;13738;4.32;0.26;401.35;19.89;1442;56;4720.00;602
11699;34;4292081;11699;531;13136;13738;4.28;0.26;401.38;19.89;1437;56;4721.00;602
11701;34;4292097;11701;533;13136;13739;4.24;0.26;401.46;19.89;1435;56;4722.00;603
11704;34;4292111;11704;530;13138;13739;4.17;0.25;401.56;19.90;1434;56;4723.00;601
11712;34;4292125;11712;530;13142;13745;4.11;0.25;401.74;19.89;1430;56;4724.00;603
11713;34;4292141;11713;531;13143;13747;4.10;0.25;401.71;19.89;1430;56;4725.00;604
11714;34;4292156;11714;531;13143;13747;4.05;0.25;401.81;19.89;1429;56;4726.00;604
11718;34;4292171;11718;543;13143;13747;4.03;0.24;401.94;19.89;1425;56;4727.00;604
11720;34;4292186;11720;546;13147;13751;4.03;0.24;401.97;19.89;1427;56;4728.00;604
11723;34;4292202;11723;558;13147;13751;3.94;0.24;401.94;19.89;1424;56;4729.00;604
11727;34;4292217;11727;560;13147;13751;3.87;0.23;401.89;19.89;1420;56;4730.00;604
11729;34;4292232;11729;577;13149;13752;3.84;0.23;401.87;19.89;1420;56;4731.00;603
11729;34;4292247;11729;580;13152;13756;3.82;0.23;401.87;19.89;1423;56;4732.00;604
11730;34;4292262;11730;581;13152;13756;3.82;0.23;401.87;19.89;1422;56;4733.00;604
11732;34;4292277;11732;588;13153;13759;3.81;0.23;401.87;19.88;1421;56;4734.00;606
11734;34;4292292;11734;591;13153;13759;3.80;0.23;401.86;19.88;1419;56;4735.00;606
11736;34;4292306;11736;588;13153;13759;3.71;0.23;401.86;19.88;1417;56;4736.00;606
11737;34;4292321;11737;593;13153;13759;3.66;0.22;401.88;19.88;1416;56;4737.00;606
11740;34;4292335;11740;598;13156;13763;3.66;0.22;401.88;19.88;1416;56;4738.00;607
11742;34;4292351;11742;605;13156;13763;3.63;0.22;401.84;19.88;1414;56;4739.00;607
11744;34;4292366;11744;608;13156;13763;3.56;0.22;401.86;19.88;1412;56;4740.00;607
11746;34;4292380;11746;609;13156;13763;3.52;0.22;401.84;19.88;1410;56;4741.00;607
11747;34;4292395;11747;609;13156;13764;3.48;0.21;401.81;19.88;1409;56;4742.00;608
11749;34;4292409;11749;614;13156;13765;3.43;0.21;401.76;19.88;1407;56;4743.00;609
11750;34;4292423;11750;613;13156;13765;3.41;0.21;401.73;19.88;1406;56;4744.00;609
11755;34;4292437;11755;627;13158;13766;3.36;0.21;401.72;19.88;1403;56;4745.00;608
11756;34;4292452;11756;629;13158;13766;3.32;0.20;401.75;19.88;1402;56;4746.00;608
11756;34;4292465;11756;639;13158;13766;3.32;0.20;401.75;19.88;1402;56;4747.00;608
11759;34;4292478;11759;641;13158;13766;3.30;0.20;401.86;19.88;1399;56;4748.00;608
11760;34;4292492;11760;649;13158;13766;3.27;0.20;401.84;19.88;1398;56;4749.00;608
11763;34;4292506;11763;657;13158;13766;3.23;0.20;401.92;19.88;1395;56;4750.00;608
11765;34;4292520;11765;665;13158;13766;3.22;0.20;401.87;19.88;1393;56;4751.00;608
11767;34;4292533;11767;676;13218;13893;3.53;0.22;401.84;19.79;1451;56;4752.00;675
11768;34;4292558;11768;681;13219;13894;3.51;0.22;401.81;19.79;1451;56;4753.00;675
11768;34;4292572;11768;671;13227;13894;3.57;0.22;401.81;19.78;1459;56;4754.00;667
11768;34;4292591;11768;684;13230;13894;3.55;0.22;401.81;19.78;1462;56;4755.00;664
11768;34;4292605;11768;682;13237;13894;3.56;0.22;401.81;19.77;1469;56;4756.00;657
11770;34;4292618;11770;683;13239;13894;3.55;0.22;401.78;19.77;1469;56;4757.00;655
11772;34;4292633;11772;687;13242;13894;3.55;0.22;401.75;19.76;1470;56;4758.00;652
11772;34;4292647;11772;691;13244;13894;3.58;0.22;401.75;19.76;1472;56;4759.00;650
11773;34;4292666;11773;692;13245;13895;3.61;0.22;401.82;19.76;1472;56;4760.00;650
11774;34;4292680;11774;694;13246;13896;3.64;0.22;401.88;19.76;1472;56;4761.00;650
11774;34;4292695;11774;695;13247;13896;3.62;0.22;401.88;19.76;1473;56;4762.00;649
11775;34;4292709;11775;698;13248;13897;3.62;0.22;401.85;19.76;1473;56;4763.00;649
11777;34;4292724;11777;705;13249;13897;3.55;0.22;401.87;19.76;1472;56;4764.00;648
11777;34;4292737;11777;710;13250;13897;3.51;0.22;401.87;19.76;1473;56;4765.00;647
11778;34;4292751;11778;715;13251;13897;3.46;0.21;401.84;19.76;1473;56;4766.00;646
11778;34;4292765;11778;722;13254;13901;3.49;0.22;401.84;19.75;1476;56;4767.00;647
11780;34;4292779;11780;727;13255;13901;3.43;0.21;401.79;19.75;1475;56;4768.00;646
11781;34;4292793;11781;726;13257;13901;3.37;0.21;401.80;19.75;1476;56;4769.00;644
11783;34;4292808;11783;727;13259;13907;3.35;0.21;401.81;19.75;1476;56;4770.00;648
11784;34;4292823;11784;711;13260;13907;3.33;0.20;401.78;19.75;1476;56;4771.00;647
11785;34;4292837;11785;704;13261;13907;3.32;0.20;401.78;19.75;1476;56;4772.00;646
11786;34;4292852;11786;694;13265;13911;3.34;0.20;401.76;19.74;1479;56;4773.00;646
11786;34;4292866;11786;688;13266;13912;3.37;0.21;401.76;19.74;1480;56;4774.00;646
11786;34;4292880;11786;683;13266;13912;3.41;0.21;401.76;19.74;1480;57;4775.00;646
11790;34;4292903;11790;673;13267;13916;3.42;0.21;401.78;19.74;1477;57;4776.00;649
11792;34;4292917;11792;668;13269;13916;3.46;0.21;401.73;19.73;1477;57;4777.00;647
11793;34;4292937;11793;666;13269;13916;3.47;0.21;401.72;19.73;1476;57;4778.00;647
11795;34;4292951;11795;669;13269;13917;3.47;0.21;401.69;19.73;1474;57;4779.00;648
11796;34;4292966;11796;673;13269;13917;3.46;0.21;401.69;19.73;1473;57;4780.00;648
11799;34;4292985;11799;668;13273;13923;3.41;0.21;401.74;19.73;1474;57;4781.00;650
11801;34;4292999;11801;665;13273;13923;3.37;0.20;401.72;19.73;1472;57;4782.00;650
11802;34;4293013;11802;664;13273;13924;3.32;0.20;401.69;19.73;1471;57;4783.00;651
11805;34;4293027;11805;667;13273;13924;3.27;0.20;401.67;19.73;1468;57;4784.00;651
11808;34;4293041;11808;658;13273;13924;3.23;0.20;401.62;19.73;1465;57;4785.00;651
11811;34;4293055;11811;652;13273;13924;3.19;0.19;401.65;19.73;1462;57;4786.00;651
11814;34;4293069;11814;650;13273;13924;3.19;0.19;401.72;19.73;1459;57;4787.00;651
11814;34;4293083;11814;639;13282;13936;3.28;0.20;401.72;19.72;1468;58;4788.00;654
11816;34;4293106;11816;634;13282;13936;3.30;0.20;401.69;19.72;1466;58;4789.00;654
11819;34;4293120;11819;625;13282;13936;3.34;0.20;401.68;19.72;1463;58;4790.00;654
11820;34;4293134;11820;624;13282;13936;3.42;0.21;401.68;19.72;1462;58;4791.00;654
11824;34;4293148;11824;615;13282;13936;3.49;0.21;401.68;19.72;1458;58;4792.00;654
11827;34;4293162;11827;601;13282;13936;3.55;0.22;401.65;19.72;1455;58;4793.00;654
11829;34;4293176;11829;595;13285;13940;3.63;0.22;401.72;19.71;1456;58;4794.00;655
11830;34;4293191;11830;589;13285;13940;3.67;0.22;401.70;19.71;1455;58;4795.00;655
11834;34;4293206;11834;581;13288;13944;3.70;0.23;401.67;19.71;1454;58;4796.00;656
11835;34;4293220;11835;576;13288;13945;3.75;0.23;401.65;19.71;1453;58;4797.00;657
11839;34;4293235;11839;571;13288;13945;3.79;0.23;401.68;19.71;1449;58;4798.00;657
11843;34;4293250;11843;570;13288;13945;3.82;0.23;401.67;19.71;1445;58;4799.00;657
11847;34;4293267;11847;570;13306;13986;3.89;0.24;401.75;19.68;1459;58;4800.00;680
11850;34;4293290;11850;566;13307;13986;3.93;0.24;401.80;19.68;1457;58;4801.00;679
11853;34;4293305;11853;554;13310;13986;3.98;0.24;401.80;19.68;1457;58;4802.00;676
11857;34;4293320;11857;553;13312;13987;4.03;0.25;402.03;19.67;1455;58;4803.00;675
11860;34;4293335;11860;548;13313;13988;4.06;0.25;402.00;19.67;1453;58;4804.00;675
11865;34;4293351;11865;540;13314;13988;4.04;0.25;402.10;19.67;1449;58;4805.00;674
11870;34;4293366;11870;538;13316;13991;4.01;0.24;402.14;19.67;1446;58;4806.00;675
11874;34;4293382;11874;535;13316;13991;4.01;0.24;402.23;19.67;1442;58;4807.00;675
11880;34;4293398;11880;533;13318;13991;3.97;0.24;402.37;19.67;1438;58;4808.00;673
11885;34;4293415;11885;534;13318;13991;3.94;0.24;402.31;19.67;1433;58;4809.00;673
11887;34;4293429;11887;533;13321;13997;3.96;0.24;402.40;19.66;1434;58;4810.00;676
11892;34;4293445;11892;537;13322;13997;3.97;0.24;402.55;19.66;1430;58;4811.00;675
11895;34;4293460;11895;533;13322;13997;4.00;0.24;402.60;19.66;1427;58;4812.00;675
11900;34;4293477;11900;532;13322;13997;4.00;0.24;402.71;19.66;1422;58;4813.00;675
11903;34;4293493;11903;537;13325;14001;4.04;0.25;402.70;19.66;1422;58;4814.00;676
11909;34;4293508;11909;535;13326;14003;4.03;0.24;402.77;19.66;1417;58;4815.00;677
11913;34;4293524;11913;529;13327;14003;4.04;0.25;402.91;19.66;1414;58;4816.00;676
11918;34;4293540;11918;535;13328;14004;4.04;0.25;402.93;19.66;1410;58;4817.00;676
11922;34;4293561;11922;533;13328;14004;4.07;0.25;403.04;19.66;1406;58;4818.00;676
11926;34;4293578;11926;537;13328;14004;4.13;0.25;403.09;19.66;1402;58;4819.00;676
11931;34;4293599;11931;541;13328;14004;4.14;0.25;403.21;19.66;1397;58;4820.00;676
11934;34;4293616;11934;542;13329;14004;4.14;0.25;403.21;19.67;1395;58;4821.00;675
11937;34;4293635;11937;533;13329;14004;4.13;0.25;403.21;19.67;1392;58;4822.00;675
11940;34;4293658;11940;527;13329;14004;4.12;0.25;403.33;19.67;1389;58;4823.00;675
11942;34;4293676;11942;548;13368;14074;4.16;0.25;403.30;19.64;1426;58;4824.00;706
11945;34;4293699;11945;540;13368;14075;4.19;0.26;403.34;19.64;1423;58;4825.00;707
11947;34;4293715;11947;536;13369;14075;4.22;0.26;403.41;19.64;1422;58;4826.00;706
11950;34;4293731;11950;536;13371;14075;4.23;0.26;403.45;19.66;1421;58;4827.00;704
11951;34;4293751;11951;533;13372;14077;4.28;0.26;403.45;19.66;1421;58;4828.00;705
11955;34;4293767;11955;530;13372;14077;4.30;0.26;403.45;19.66;1417;58;4829.00;705
11957;34;4293789;11957;533;13375;14077;4.31;0.26;403.46;19.68;1418;58;4830.00;702
11958;34;4293804;11958;531;13375;14077;4.32;0.26;403.47;19.68;1417;58;4831.00;702
11959;34;4293819;11959;518;13377;14078;4.33;0.26;403.48;19.70;1418;58;4832.00;701
11963;34;4293835;11963;509;13377;14079;4.30;0.26;403.55;19.70;1414;58;4833.00;702
11964;34;4293851;11964;511;13377;14079;4.31;0.26;403.57;19.70;1413;58;4834.00;702
11969;34;4293867;11969;513;13383;14083;4.25;0.26;403.52;19.71;1414;58;4835.00;700
11973;34;4293885;11973;518;13384;14083;4.27;0.26;403.63;19.71;1411;58;4836.00;699
11976;34;4293902;11976;514;13387;14083;4.29;0.26;403.58;19.84;1411;58;4837.00;696
11979;34;4293919;11979;515;13388;14083;4.30;0.26;403.60;19.85;1409;58;4838.00;695
11981;34;4293935;11981;512;13393;14089;4.32;0.26;403.60;19.86;1412;58;4839.00;696
11981;34;4293951;11981;516;13395;14089;4.33;0.27;403.60;19.87;1414;58;4840.00;694
11984;34;4293967;11984;506;13396;14089;4.37;0.27;403.74;19.87;1412;58;4841.00;693
11985;34;4293982;11985;498;13399;14092;4.42;0.27;403.74;19.88;1414;58;4842.00;693
11987;34;4294000;11987;499;13400;14092;4.48;0.27;403.80;19.89;1413;58;4843.00;692
11993;34;4294019;11993;494;13402;14092;4.50;0.28;403.80;19.89;1409;58;4844.00;690
11996;34;4294038;11996;501;13404;14093;4.56;0.28;403.80;19.89;1408;58;4845.00;689
11999;34;4294060;11999;503;13405;14094;4.56;0.28;403.88;19.89;1406;58;4846.00;689
12001;34;4294078;12001;502;13408;14094;4.56;0.28;403.96;19.91;1407;58;4847.00;686
12006;34;4294096;12006;504;13417;14107;4.51;0.27;404.17;19.90;1411;58;4848.00;690
12008;34;4294118;12008;503;13419;14107;4.48;0.27;404.30;19.91;1411;58;4849.00;688
12010;34;4294136;12010;509;13421;14107;4.45;0.27;404.35;19.92;1411;58;4850.00;686
12013;34;4294153;12013;516;13423;14108;4.41;0.27;404.42;20.04;1410;58;4851.00;685
12014;34;4294170;12014;511;13424;14108;4.40;0.27;404.43;20.04;1410;58;4852.00;684
12019;34;4294187;12019;515;13430;14112;4.42;0.27;404.53;20.06;1411;58;4853.00;682
12022;34;4294205;12022;516;13431;14112;4.41;0.27;404.62;20.06;1409;58;4854.00;681
12024;34;4294223;12024;514;13437;14116;4.43;0.27;404.62;20.07;1413;58;4855.00;679
12027;34;4294240;12027;508;13437;14116;4.45;0.27;404.77;20.07;1410;58;4856.00;679
12033;34;4294256;12033;505;13440;14116;4.45;0.27;404.83;20.09;1407;58;4857.00;676
12034;34;4294272;12034;511;13440;14116;4.46;0.27;404.95;20.09;1406;58;4858.00;676
12039;34;4294287;12039;523;13445;14116;4.43;0.27;404.98;20.10;1406;58;4859.00;671
12040;34;4294304;12040;527;13467;14150;4.47;0.27;405.02;20.07;1427;58;4860.00;683
12045;34;4294322;12045;527;13470;14150;4.43;0.27;405.16;20.08;1425;58;4861.00;680
12047;34;4294338;12047;520;13472;14150;4.39;0.27;405.21;20.08;1425;58;4862.00;678
12050;34;4294353;12050;525;13473;14150;4.36;0.27;405.21;20.09;1423;58;4863.00;677
12052;34;4294368;12052;530;13475;14150;4.37;0.27;405.32;20.09;1423;58;4864.00;675
12054;34;4294383;12054;536;13477;14150;4.37;0.27;405.34;20.09;1423;58;4865.00;673
12057;34;4294399;12057;542;13480;14151;4.32;0.26;405.35;20.10;1423;58;4866.00;671
12059;34;4294415;12059;544;13481;14151;4.31;0.26;405.50;20.10;1422;58;4867.00;670
12059;34;4294431;12059;547;13488;14157;4.31;0.26;405.50;20.23;1429;58;4868.00;669
12061;34;4294447;12061;545;13488;14158;4.28;0.26;405.71;20.23;1427;58;4869.00;670
12062;34;4294467;12062;551;13488;14158;4.26;0.26;405.79;20.23;1426;58;4870.00;670
12064;34;4294483;12064;550;13490;14158;4.24;0.26;405.82;20.23;1426;58;4871.00;668
12066;34;4294500;12066;559;13492;14162;4.19;0.26;405.93;20.24;1426;58;4872.00;670
12067;34;4294516;12067;547;13496;14162;4.20;0.26;406.01;20.24;1429;58;4873.00;666
12070;34;4294533;12070;553;13496;14162;4.17;0.25;406.04;20.24;1426;58;4874.00;666
12070;34;4294548;12070;559;13497;14163;4.18;0.26;406.04;20.24;1427;58;4875.00;666
12072;34;4294566;12072;550;13501;14167;4.18;0.25;406.13;20.25;1429;58;4876.00;666
12073;34;4294583;12073;549;13503;14167;4.20;0.26;406.12;20.25;1430;58;4877.00;664
12077;34;4294599;12077;549;13504;14170;4.17;0.25;406.14;20.25;1427;58;4878.00;666
12080;34;4294616;12080;553;13505;14170;4.13;0.25;406.16;20.26;1425;58;4879.00;665
12082;34;4294632;12082;556;13505;14170;4.10;0.25;406.24;20.26;1423;58;4880.00;665
12084;34;4294649;12084;559;13506;14170;4.08;0.25;406.26;20.27;1422;58;4881.00;664
12087;34;4294664;12087;552;13511;14174;4.07;0.25;406.20;20.28;1424;58;4882.00;663
12088;34;4294683;12088;555;13512;14174;4.09;0.25;406.20;20.29;1424;58;4883.00;662
12089;34;4294699;12089;560;13512;14174;4.13;0.25;406.19;20.29;1423;58;4884.00;662
12093;34;4294715;12093;555;13513;14174;4.08;0.25;406.14;20.30;1420;58;4885.00;661
12095;34;4294731;12095;564;13513;14175;4.08;0.25;406.12;20.30;1418;58;4886.00;662
12099;34;4294747;12099;562;13513;14176;4.05;0.25;406.22;20.30;1414;58;4887.00;663
12101;34;4294764;12101;567;13515;14176;4.00;0.24;406.20;20.31;1414;58;4888.00;661
12103;34;4294779;12103;565;13516;14177;3.98;0.24;406.21;20.31;1413;58;4889.00;661
12104;34;4294798;12104;575;13516;14177;3.97;0.24;406.26;20.31;1412;58;4890.00;661
12107;34;4294814;12107;578;13517;14177;3.92;0.24;406.26;20.32;1410;58;4891.00;660
12111;34;4294830;12111;577;13517;14177;3.86;0.23;406.26;20.32;1406;58;4892.00;660
12117;34;4294846;12117;586;13517;14177;3.81;0.23;406.21;20.32;1400;58;4893.00;660
12119;34;4294864;12119;589;13517;14177;3.77;0.23;406.17;20.32;1398;58;4894.00;660
12121;34;4294883;12121;594;13519;14177;3.74;0.23;406.11;20.33;1398;58;4895.00;658
12121;34;4294900;12121;623;13578;14304;4.00;0.25;406.11;20.24;1457;58;4896.00;726
12125;34;4294932;12125;622;13582;14305;3.98;0.25;406.12;20.25;1457;58;4897.00;723
12126;34;4294948;12126;624;13589;14305;4.02;0.25;406.10;20.24;1463;58;4898.00;716
12128;34;4294963;12128;623;13590;14305;3.99;0.25;406.11;20.24;1462;58;4899.00;715
12128;34;4294980;12128;629;13596;14305;4.02;0.25;406.11;20.23;1468;58;4900.00;709
12128;34;4294998;12128;626;13599;14305;4.01;0.25;406.11;20.23;1471;58;4901.00;706
12130;34;4295014;12130;634;13601;14305;3.98;0.25;406.06;20.23;1471;58;4902.00;704
12131;34;4295030;12131;636;13605;14305;3.98;0.25;406.10;20.22;1474;58;4903.00;700
12133;34;4295046;12133;646;13607;14306;3.95;0.24;406.19;20.22;1474;58;4904.00;699
12134;34;4295061;12134;637;13609;14308;3.91;0.24;406.22;20.22;1475;58;4905.00;699
12134;34;4295078;12134;642;13612;14308;3.91;0.24;406.22;20.22;1478;58;4906.00;696
12136;34;4295095;12136;642;13614;14309;3.87;0.24;406.20;20.22;1478;58;4907.00;695
12136;34;4295111;12136;641;13615;14309;3.82;0.24;406.20;20.21;1479;58;4908.00;694
12137;34;4295126;12137;649;13616;14309;3.76;0.23;406.21;20.21;1479;58;4909.00;693
12137;34;4295140;12137;651;13617;14309;3.70;0.23;406.21;20.21;1480;58;4910.00;692
12141;34;4295161;12141;654;13620;14313;3.64;0.22;406.27;20.21;1479;58;4911.00;693
12141;34;4295176;12141;666;13621;14313;3.56;0.22;406.27;20.21;1480;58;4912.00;692
12142;34;4295192;12142;676;13622;14313;3.54;0.22;406.30;20.21;1480;58;4913.00;691
12142;34;4295206;12142;682;13623;14316;3.49;0.22;406.30;20.21;1481;58;4914.00;693
12143;34;4295222;12143;694;13623;14316;3.44;0.21;406.40;20.21;1480;58;4915.00;693
12145;34;4295239;12145;698;13623;14316;3.38;0.21;406.46;20.21;1478;58;4916.00;693
12150;34;4295259;12150;704;13626;14320;3.35;0.21;406.59;20.20;1476;58;4917.00;694
12151;34;4295280;12151;706;13627;14321;3.34;0.21;406.60;20.20;1476;58;4918.00;694
12152;34;4295295;12152;703;13627;14321;3.33;0.21;406.63;20.20;1475;58;4919.00;694
12154;34;4295311;12154;695;13631;14326;3.35;0.21;406.57;20.20;1477;58;4920.00;695
12156;34;4295328;12156;690;13631;14326;3.38;0.21;406.56;20.20;1475;58;4921.00;695
12159;34;4295343;12159;689;13631;14326;3.42;0.21;406.60;20.20;1472;58;4922.00;695
12159;34;4295358;12159;690;13631;14327;3.45;0.21;406.60;20.20;1472;58;4923.00;696
12160;34;4295373;12160;687;13631;14327;3.46;0.21;406.64;20.20;1471;58;4924.00;696
12163;34;4295388;12163;684;13635;14333;3.50;0.21;406.66;20.19;1472;58;4925.00;698
12163;34;4295404;12163;683;13635;14333;3.54;0.22;406.66;20.19;1472;58;4926.00;698
12166;34;4295419;12166;689;13635;14334;3.56;0.22;406.64;20.19;1469;58;4927.00;699
12168;34;4295434;12168;684;13635;14334;3.53;0.22;406.60;20.19;1467;58;4928.00;699
12170;34;4295449;12170;676;13635;14334;3.54;0.22;406.57;20.19;1465;58;4929.00;699
12170;34;4295464;12170;674;13635;14334;3.58;0.22;406.57;20.19;1465;58;4930.00;699
12171;34;4295478;12171;672;13635;14334;3.59;0.22;406.56;20.19;1464;58;4931.00;699
12173;34;4295493;12173;673;13644;14346;3.60;0.22;406.55;20.18;1471;58;4932.00;702
12174;34;4295512;12174;674;13644;14346;3.61;0.22;406.54;20.18;1470;58;4933.00;702
12177;34;4295527;12177;670;13644;14346;3.62;0.22;406.59;20.18;1467;58;4934.00;702
12178;34;4295543;12178;664;13644;14346;3.63;0.22;406.55;20.18;1466;58;4935.00;702
12179;34;4295560;12179;665;13644;14346;3.60;0.22;406.54;20.18;1465;58;4936.00;702
12180;34;4295575;12180;665;13644;14346;3.60;0.22;406.53;20.18;1464;58;4937.00;702
12180;34;4295593;12180;662;13647;14350;3.59;0.22;406.53;20.17;1467;58;4938.00;703
12181;34;4295610;12181;652;13647;14350;3.58;0.22;406.53;20.17;1466;58;4939.00;703
12183;34;4295626;12183;648;13650;14354;3.61;0.22;406.60;20.17;1467;58;4940.00;704
12185;34;4295644;12185;642;13650;14355;3.60;0.22;406.54;20.17;1465;58;4941.00;705
12186;34;4295660;12186;636;13650;14355;3.59;0.22;406.51;20.17;1464;58;4942.00;705
12190;34;4295675;12190;632;13650;14355;3.54;0.22;406.57;20.17;1460;58;4943.00;705
12195;34;4295690;12195;633;13660;14368;3.50;0.21;406.54;20.15;1465;58;4944.00;708
12197;34;4295706;12197;628;13660;14368;3.53;0.22;406.54;20.15;1463;58;4945.00;708
12199;34;4295721;12199;612;13660;14368;3.56;0.22;406.56;20.15;1461;58;4946.00;708
12200;34;4295737;12200;619;13661;14369;3.58;0.22;406.59;20.15;1461;58;4947.00;708
12204;34;4295751;12204;613;13661;14370;3.58;0.22;406.61;20.15;1457;58;4948.00;709
12206;34;4295767;12206;617;13661;14370;3.62;0.22;406.57;20.15;1455;58;4949.00;709
12211;34;4295783;12211;611;13666;14379;3.62;0.22;406.67;20.14;1455;58;4950.00;713
12215;34;4295800;12215;603;13666;14379;3.67;0.22;406.77;20.14;1451;58;4951.00;713
12219;34;4295816;12219;597;13667;14379;3.71;0.23;406.75;20.14;1448;58;4952.00;712
12226;34;4295831;12226;586;13667;14379;3.69;0.22;406.86;20.14;1441;58;4953.00;712
12229;34;4295847;12229;577;13670;14385;3.74;0.23;406.94;20.14;1441;58;4954.00;715
12232;34;4295863;12232;568;13670;14385;3.74;0.23;406.94;20.14;1438;58;4955.00;715
12235;34;4295881;12235;568;13671;14385;3.74;0.23;406.97;20.14;1436;58;4956.00;714
12237;34;4295898;12237;565;13671;14385;3.77;0.23;406.94;20.14;1434;58;4957.00;714
12241;34;4295915;12241;554;13674;14389;3.77;0.23;406.93;20.13;1433;58;4958.00;715
12242;34;4295932;12242;552;13674;14390;3.83;0.23;406.96;20.13;1432;58;4959.00;716
12245;34;4295949;12245;543;13674;14390;3.88;0.23;406.98;20.13;1429;58;4960.00;716
12248;34;4295965;12248;533;13674;14391;3.91;0.24;407.04;20.13;1426;58;4961.00;717
12249;34;4295982;12249;531;13674;14391;3.97;0.24;407.08;20.13;1425;58;4962.00;717
12253;34;4295999;12253;533;13674;14391;4.02;0.24;407.07;20.13;1421;58;4963.00;717
12256;34;4296031;12256;532;13674;14391;4.05;0.25;407.07;20.13;1418;58;4964.00;717
12261;34;4296051;12261;529;13674;14391;4.06;0.25;407.02;20.13;1413;58;4965.00;717
12264;34;4296067;12264;523;13674;14391;4.08;0.25;407.03;20.13;1410;58;4966.00;717
12267;34;4296082;12267;514;13674;14391;4.12;0.25;407.10;20.13;1407;58;4967.00;717
12270;34;4296098;12270;513;13707;14461;4.27;0.26;407.06;20.09;1437;58;4968.00;754
12275;34;4296118;12275;502;13709;14462;4.29;0.26;407.15;20.08;1434;58;4969.00;753
12278;34;4296135;12278;499;13712;14462;4.33;0.26;407.15;20.08;1434;58;4970.00;750
12281;34;4296151;12281;485;13713;14462;4.36;0.27;407.18;20.08;1432;58;4971.00;749
12284;34;4296168;12284;474;13713;14462;4.38;0.27;407.13;20.08;1429;58;4972.00;749
12289;34;4296184;12289;465;13713;14462;4.39;0.27;407.19;20.08;1424;58;4973.00;749
12291;34;4296199;12291;462;13713;14462;4.44;0.27;407.19;20.08;1422;58;4974.00;749
12294;34;4296215;12294;458;13713;14462;4.47;0.27;407.25;20.08;1419;58;4975.00;749
12297;34;4296237;12297;452;13713;14463;4.48;0.27;407.37;20.08;1416;58;4976.00;750
12302;34;4296254;12302;456;13714;14464;4.47;0.27;407.38;20.20;1412;58;4977.00;750
12306;34;4296277;12306;452;13714;14464;4.46;0.27;407.40;20.20;1408;58;4978.00;750
12307;34;4296294;12307;460;13717;14468;4.51;0.27;407.41;20.20;1410;58;4979.00;751
12309;34;4296312;12309;452;13717;14468;4.53;0.28;407.41;20.20;1408;58;4980.00;751
12314;34;4296328;12314;457;13719;14468;4.49;0.27;407.56;20.21;1405;58;4981.00;749
12316;34;4296345;12316;452;13720;14468;4.49;0.27;407.64;20.22;1404;58;4982.00;748
12320;34;4296361;12320;450;13723;14474;4.46;0.27;407.72;20.22;1403;58;4983.00;751
12328;34;4296378;12328;450;13724;14474;4.40;0.27;407.91;20.22;1396;58;4984.00;750
12328;34;4296394;12328;456;13724;14474;4.37;0.27;407.91;20.22;1396;58;4985.00;750
12331;34;4296409;12331;457;13725;14477;4.35;0.26;407.91;20.22;1394;58;4986.00;752
12335;34;4296426;12335;461;13727;14477;4.31;0.26;407.91;20.24;1392;58;4987.00;750
12338;34;4296441;12338;461;13728;14477;4.30;0.26;408.02;20.24;1390;58;4988.00;749
12340;34;4296456;12340;459;13729;14478;4.27;0.26;408.06;20.24;1389;58;4989.00;749
12343;34;4296472;12343;457;13732;14479;4.29;0.26;408.11;20.26;1389;58;4990.00;747
12344;34;4296487;12344;453;13732;14479;4.30;0.26;408.13;20.26;1388;58;4991.00;747
12346;34;4296503;12346;454;13744;14492;4.29;0.26;408.11;20.40;1398;58;4992.00;748
12347;34;4296521;12347;454;13745;14492;4.31;0.26;408.15;20.40;1398;58;4993.00;747
12348;34;4296536;12348;463;13746;14492;4.30;0.26;408.28;20.41;1398;58;4994.00;746
12353;34;4296556;12353;470;13751;14494;4.25;0.26;408.54;20.42;1398;58;4995.00;743
12354;34;4296572;12354;477;13752;14494;4.24;0.26;408.62;20.43;1398;58;4996.00;742
12356;34;4296587;12356;466;13754;14498;4.22;0.26;408.65;20.43;1398;58;4997.00;744
12361;34;4296604;12361;471;13757;14498;4.19;0.26;408.77;20.45;1396;58;4998.00;741
12364;34;4296619;12364;469;13760;14502;4.24;0.26;408.85;20.45;1396;58;4999.00;742
12367;34;4296637;12367;466;13765;14502;4.24;0.26;408.84;20.60;1398;58;5000.00;737
12369;34;4296656;12369;463;13766;14502;4.30;0.26;408.89;20.60;1397;58;5001.00;736
12374;34;4296672;12374;464;13766;14502;4.33;0.26;409.09;20.60;1392;58;5002.00;736
12375;34;4296687;12375;467;13767;14502;4.36;0.27;409.08;20.60;1392;58;5003.00;735
12378;34;4296702;12378;474;13774;14514;4.35;0.26;409.07;20.61;1396;58;5004.00;740
12381;34;4296724;12381;489;13778;14514;4.31;0.26;409.07;20.62;1397;58;5005.00;736
12384;34;4296740;12384;481;13779;14514;4.36;0.27;409.14;20.63;1395;58;5006.00;735
12388;34;4296756;12388;476;13780;14514;4.39;0.27;409.24;20.63;1392;58;5007.00;734
12389;34;4296772;12389;475;13782;14514;4.43;0.27;409.26;20.63;1393;58;5008.00;732
12394;34;4296787;12394;469;13784;14514;4.44;0.27;409.36;20.64;1390;58;5009.00;730
12396;34;4296804;12396;471;13787;14515;4.48;0.27;409.48;20.78;1391;58;5010.00;728
12401;34;4296821;12401;465;13788;14515;4.47;0.27;409.52;20.79;1387;58;5011.00;727
12402;34;4296837;12402;470;13792;14521;4.50;0.27;409.53;20.79;1390;58;5012.00;729
12406;34;4296852;12406;467;13793;14522;4.54;0.28;409.62;20.79;1387;58;5013.00;729
12411;34;4296869;12411;479;13795;14522;4.53;0.27;409.73;20.79;1384;58;5014.00;727
12411;34;4296885;12411;477;13797;14522;4.57;0.28;409.73;20.80;1386;58;5015.00;725
12416;34;4296905;12416;484;13799;14526;4.57;0.28;409.87;20.80;1383;58;5016.00;727
12418;34;4296921;12418;476;13800;14526;4.58;0.28;409.90;20.81;1382;58;5017.00;726
12422;34;4296936;12422;482;13801;14526;4.57;0.28;409.99;20.81;1379;58;5018.00;725
12425;34;4296952;12425;480;13804;14527;4.58;0.28;410.11;20.82;1379;58;5019.00;723
12427;34;4296967;12427;472;13809;14531;4.61;0.28;410.15;20.83;1382;59;5020.00;722
12430;34;4296987;12430;470;13809;14531;4.64;0.28;410.30;20.83;1379;59;5021.00;722
12431;34;4297003;12431;466;13810;14534;4.66;0.28;410.42;20.83;1379;59;5022.00;724
12432;34;4297019;12432;466;13812;14534;4.69;0.29;410.47;20.85;1380;59;5023.00;722
12434;34;4297034;12434;468;13813;14534;4.70;0.29;410.51;20.86;1379;59;5024.00;721
12438;34;4297049;12438;467;13814;14534;4.68;0.28;410.51;20.87;1376;59;5025.00;720
12440;34;4297064;12440;468;13819;14538;4.69;0.29;410.55;20.88;1379;59;5026.00;719
12440;34;4297080;12440;464;13819;14538;4.66;0.28;410.55;20.88;1379;59;5027.00;719
12444;34;4297095;12444;463;13820;14538;4.59;0.28;410.57;20.89;1376;59;5028.00;718
12448;34;4297111;12448;472;13823;14538;4.53;0.28;410.61;21.19;1375;60;5029.00;715
12451;34;4297140;12451;480;13824;14539;4.41;0.27;410.64;21.20;1373;60;5030.00;715
12452;34;4297155;12452;483;13824;14540;4.42;0.27;410.61;21.20;1372;60;5031.00;716
12455;34;4297170;12455;488;13826;14540;4.37;0.27;410.65;21.21;1371;60;5032.00;714
12459;34;4297189;12459;496;13827;14541;4.35;0.26;410.61;21.21;1368;60;5033.00;714
12460;34;4297204;12460;506;13829;14541;4.36;0.27;410.58;21.23;1369;60;5034.00;712
12461;34;4297218;12461;505;13830;14541;4.35;0.26;410.57;21.24;1369;60;5035.00;711
12461;34;4297233;12461;521;13830;14541;4.34;0.26;410.57;21.24;1369;60;5036.00;711
12465;34;4297247;12465;515;13831;14541;4.27;0.26;410.59;21.24;1366;60;5037.00;710
12467;34;4297263;12467;526;13832;14541;4.27;0.26;410.55;21.25;1365;60;5038.00;709
12468;34;4297277;12468;539;13833;14541;4.28;0.26;410.59;21.26;1365;60;5039.00;708
12468;34;4297293;12468;594;13956;14771;4.43;0.28;410.59;21.09;1488;60;5040.00;815
12472;34;4297324;12472;585;13956;14772;4.38;0.28;410.54;21.09;1484;60;5041.00;816
12474;34;4297339;12474;568;13963;14772;4.44;0.28;410.54;21.10;1489;60;5042.00;809
12476;34;4297355;12476;561;13967;14772;4.51;0.28;410.51;21.10;1491;61;5043.00;805
12478;34;4297378;12478;556;13972;14772;4.54;0.29;410.56;21.10;1494;61;5044.00;800
12484;34;4297393;12484;546;13975;14772;4.56;0.29;410.63;21.10;1491;61;5045.00;797
12490;34;4297409;12490;546;13980;14772;4.57;0.28;410.60;21.11;1490;61;5046.00;792
12494;34;4297425;12494;546;13985;14772;4.61;0.29;410.72;21.11;1491;61;5047.00;787
12495;34;4297441;12495;545;13991;14773;4.71;0.29;410.80;21.12;1496;61;5048.00;782
12499;34;4297457;12499;551;13996;14774;4.74;0.29;410.81;21.12;1497;61;5049.00;778
12504;34;4297473;12504;553;13999;14774;4.75;0.29;410.81;21.13;1495;61;5050.00;775
12507;34;4297489;12507;555;14003;14775;4.76;0.29;410.74;21.14;1496;61;5051.00;772
12512;34;4297505;12512;557;14008;14775;4.68;0.29;410.71;21.14;1496;61;5052.00;767
12515;34;4297521;12515;562;14009;14775;4.64;0.29;410.74;21.14;1494;61;5053.00;766
12517;34;4297540;12517;573;14010;14775;4.60;0.28;410.72;21.14;1493;61;5054.00;765
12519;34;4297556;12519;572;14012;14779;4.51;0.28;410.76;21.14;1493;61;5055.00;767
12521;34;4297576;12521;585;14013;14779;4.42;0.27;410.78;21.15;1492;61;5056.00;766
12525;34;4297592;12525;591;14014;14779;4.33;0.27;410.77;21.16;1489;61;5057.00;765
12525;34;4297609;12525;605;14015;14782;4.27;0.26;410.77;21.15;1490;61;5058.00;767
12528;34;4297626;12528;602;14015;14782;4.20;0.26;410.73;21.15;1487;61;5059.00;767
12528;34;4297653;12528;602;14015;14782;4.17;0.26;410.73;21.15;1487;61;5060.00;767
12530;34;4297668;12530;606;14018;14786;4.13;0.25;410.74;21.15;1488;61;5061.00;768
12534;34;4297684;12534;620;14020;14787;4.07;0.25;410.69;21.15;1486;61;5062.00;767
12537;34;4297700;12537;632;14020;14787;4.00;0.24;410.66;21.15;1483;61;5063.00;767
12538;34;4297717;12538;641;14022;14791;4.00;0.24;410.66;21.15;1484;61;5064.00;769
12541;34;4297733;12541;638;14023;14791;3.97;0.24;410.63;21.15;1482;61;5065.00;768
12541;34;4297749;12541;630;14023;14791;3.98;0.24;410.63;21.15;1482;61;5066.00;768
12543;34;4297766;12543;627;14025;14792;3.99;0.24;410.67;21.15;1482;61;5067.00;767
12545;34;4297787;12545;629;14026;14792;3.97;0.24;410.71;21.15;1481;61;5068.00;766
12545;34;4297803;12545;629;14030;14798;4.00;0.24;410.71;21.14;1485;61;5069.00;768
12545;34;4297820;12545;635;14031;14798;4.03;0.25;410.71;21.14;1486;61;5070.00;767
12547;34;4297836;12547;640;14032;14799;4.03;0.25;410.68;21.15;1485;61;5071.00;767
12548;34;4297857;12548;644;14033;14799;4.05;0.25;410.65;21.14;1485;61;5072.00;766
12552;34;4297873;12552;642;14035;14799;4.04;0.25;410.69;21.14;1483;61;5073.00;764
12553;34;4297889;12553;640;14035;14799;4.05;0.25;410.68;21.14;1482;61;5074.00;764
12554;34;4297910;12554;637;14036;14799;4.05;0.25;410.67;21.15;1482;61;5075.00;763
12555;34;4297932;12555;640;14045;14811;4.03;0.25;410.64;21.13;1490;61;5076.00;766
12558;34;4297948;12558;638;14046;14811;4.02;0.25;410.62;21.13;1488;61;5077.00;765
12559;34;4297963;12559;647;14047;14811;4.02;0.25;410.60;21.13;1488;61;5078.00;764
12560;34;4297987;12560;653;14047;14811;4.04;0.25;410.61;21.13;1487;61;5079.00;764
12562;34;4298002;12562;658;14048;14811;4.02;0.25;410.59;21.14;1486;61;5080.00;763
12565;34;4298020;12565;657;14048;14811;3.99;0.24;410.56;21.14;1483;61;5081.00;763
12565;34;4298035;12565;660;14051;14815;4.04;0.25;410.56;21.13;1486;61;5082.00;764
12566;34;4298050;12566;665;14052;14815;4.08;0.25;410.56;21.13;1486;61;5083.00;763
12566;34;4298067;12566;665;14056;14819;4.11;0.25;410.56;21.13;1490;61;5084.00;763
12566;34;4298082;12566;671;14058;14821;4.09;0.25;410.56;21.13;1492;61;5085.00;763
12567;34;4298099;12567;669;14058;14821;4.11;0.25;410.55;21.13;1491;61;5086.00;763
12568;34;4298114;12568;675;14058;14821;4.11;0.25;410.56;21.13;1490;61;5087.00;763
12570;34;4298129;12570;685;14067;14834;4.10;0.25;410.53;21.12;1497;61;5088.00;767
12572;34;4298147;12572;685;14068;14834;4.08;0.25;410.59;21.11;1496;61;5089.00;766
12573;34;4298163;12573;694;14068;14834;4.03;0.25;410.63;21.11;1495;61;5090.00;766
12577;34;4298183;12577;694;14069;14835;4.02;0.25;410.63;21.11;1492;61;5091.00;766
12579;34;4298199;12579;696;14069;14836;4.02;0.24;410.73;21.11;1490;61;5092.00;767
12583;34;4298214;12583;695;14069;14836;4.02;0.24;410.82;21.11;1486;61;5093.00;767
12583;34;4298230;12583;692;14070;14839;4.05;0.25;410.82;21.11;1487;61;5094.00;769
12587;34;4298246;12587;687;14070;14839;4.04;0.25;410.75;21.11;1483;61;5095.00;769
12590;34;4298261;12590;693;14070;14839;4.08;0.25;410.89;21.11;1480;61;5096.00;769
12593;34;4298276;12593;688;14070;14839;4.08;0.25;411.01;21.11;1477;61;5097.00;769
12595;34;4298291;12595;690;14074;14845;4.10;0.25;411.04;21.11;1479;61;5098.00;771
12596;34;4298307;12596;689;14074;14845;4.07;0.25;411.04;21.11;1478;61;5099.00;771
12599;34;4298324;12599;687;14079;14864;4.02;0.25;411.02;21.10;1480;61;5100.00;785
12601;34;4298346;12601;678;14079;14864;4.03;0.25;411.02;21.10;1478;61;5101.00;785
12603;34;4298361;12603;680;14082;14868;4.00;0.24;410.98;21.09;1479;61;5102.00;786
12605;34;4298378;12605;677;14082;14869;4.01;0.24;410.94;21.09;1477;61;5103.00;787
12608;34;4298393;12608;678;14082;14869;4.02;0.24;411.02;21.09;1474;61;5104.00;787
12611;34;4298408;12611;674;14083;14870;4.02;0.24;411.14;21.09;1472;61;5105.00;787
12615;34;4298422;12615;671;14086;14870;4.05;0.25;411.07;21.09;1471;61;5106.00;784
12617;34;4298439;12617;670;14086;14870;4.09;0.25;411.07;21.09;1469;61;5107.00;784
12618;34;4298452;12618;669;14086;14870;4.10;0.25;411.19;21.09;1468;61;5108.00;784
12621;34;4298468;12621;664;14086;14870;4.08;0.25;411.28;21.09;1465;61;5109.00;784
12622;34;4298483;12622;661;14086;14870;4.08;0.25;411.31;21.09;1464;61;5110.00;784
12625;34;4298498;12625;666;14086;14870;4.07;0.25;411.33;21.09;1461;61;5111.00;784
12628;34;4298512;12628;683;14124;14940;4.07;0.25;411.45;21.03;1496;61;5112.00;816
12634;34;4298534;12634;670;14127;14941;4.03;0.25;411.46;21.03;1493;61;5113.00;814
12638;34;4298550;12638;667;14131;14941;4.02;0.25;411.60;21.02;1493;61;5114.00;810
12642;34;4298564;12642;656;14131;14941;4.01;0.25;411.61;21.02;1489;61;5115.00;810
12646;34;4298580;12646;650;14131;14941;4.03;0.25;411.70;21.02;1485;61;5116.00;810
12649;34;4298596;12649;647;14132;14941;4.06;0.25;411.71;21.02;1483;61;5117.00;809
12652;34;4298611;12652;645;14133;14941;4.10;0.25;411.82;21.02;1481;61;5118.00;808
12659;34;4298626;12659;632;14133;14941;4.10;0.25;411.80;21.02;1474;61;5119.00;808
12664;34;4298642;12664;633;14133;14942;4.13;0.25;411.75;21.02;1469;61;5120.00;809
12669;34;4298658;12669;627;14133;14943;4.12;0.25;411.91;21.02;1464;61;5121.00;810
12677;34;4298673;12677;623;14133;14943;4.12;0.25;412.01;21.02;1456;61;5122.00;810
12678;34;4298689;12678;628;14136;14947;4.18;0.25;412.00;21.02;1458;61;5123.00;811
12683;34;4298705;12683;611;14137;14947;4.23;0.26;412.14;21.02;1454;61;5124.00;810
12686;34;4298721;12686;602;14138;14947;4.27;0.26;412.27;21.02;1452;61;5125.00;809
12688;34;4298760;12688;588;14138;14947;4.30;0.26;412.28;21.02;1450;61;5126.00;809
12693;34;4298780;12693;588;14141;14953;4.32;0.26;412.44;21.02;1448;61;5127.00;812
12695;34;4298796;12695;586;14142;14953;4.38;0.27;412.43;21.02;1447;61;5128.00;811
12699;34;4298812;12699;586;14142;14953;4.40;0.27;412.53;21.02;1443;61;5129.00;811
12702;34;4298829;12702;585;14145;14959;4.42;0.27;412.68;21.01;1443;61;5130.00;814
12707;34;4298847;12707;586;14147;14959;4.41;0.27;412.76;21.01;1440;61;5131.00;812
12712;34;4298863;12712;584;14147;14959;4.43;0.27;412.75;21.01;1435;61;5132.00;812
12715;34;4298879;12715;584;14150;14960;4.46;0.27;412.82;21.01;1435;61;5133.00;810
12717;34;4298895;12717;590;14150;14961;4.48;0.27;412.81;21.01;1433;61;5134.00;811
12725;34;4298912;12725;584;14152;14961;4.47;0.27;412.79;21.01;1427;61;5135.00;809
12730;34;4298929;12730;587;14161;14974;4.46;0.27;412.93;21.01;1431;61;5136.00;813
12733;34;4298946;12733;590;14161;14974;4.47;0.27;412.93;21.01;1428;61;5137.00;813
12738;34;4298962;12738;581;14162;14974;4.44;0.27;413.03;21.01;1424;61;5138.00;812
12740;34;4298978;12740;580;14163;14975;4.44;0.27;413.10;21.00;1423;61;5139.00;812
12743;34;4298994;12743;587;14166;14975;4.38;0.27;413.08;21.00;1423;61;5140.00;809
12746;34;4299011;12746;584;14168;14979;4.35;0.26;413.16;21.00;1422;61;5141.00;811
12750;34;4299027;12750;586;14170;14979;4.32;0.26;413.21;21.00;1420;61;5142.00;809
12755;34;4299044;12755;581;14174;14983;4.29;0.26;413.24;21.00;1419;61;5143.00;809
12758;34;4299060;12758;584;14175;14983;4.28;0.26;413.36;21.00;1417;61;5144.00;808
12760;34;4299077;12760;581;14175;14983;4.29;0.26;413.50;21.00;1415;61;5145.00;808
12763;34;4299092;12763;579;14176;14983;4.28;0.26;413.53;21.00;1413;61;5146.00;807
12769;34;4299109;12769;580;14177;14983;4.28;0.26;413.57;21.00;1408;61;5147.00;806
12771;34;4299125;12771;574;14184;14995;4.33;0.26;413.55;20.99;1413;61;5148.00;811
12774;34;4299142;12774;581;14184;14995;4.33;0.26;413.53;20.99;1410;61;5149.00;811
12775;34;4299157;12775;578;14188;14995;4.34;0.26;413.55;21.02;1413;61;5150.00;807
12776;34;4299172;12776;577;14188;14995;4.29;0.26;413.55;21.02;1412;61;5151.00;807
12777;34;4299187;12777;581;14191;14995;4.26;0.26;413.56;21.01;1414;61;5152.00;804
12778;34;4299202;12778;593;14193;14995;4.19;0.26;413.56;21.04;1415;61;5153.00;802
12781;34;4299216;12781;601;14193;14996;4.16;0.25;413.61;21.04;1412;61;5154.00;803
12782;34;4299232;12782;608;14195;14998;4.14;0.25;413.72;21.04;1413;61;5155.00;803
12785;34;4299247;12785;605;14200;15004;4.10;0.25;413.70;21.06;1415;61;5156.00;804
12790;34;4299263;12790;616;14201;15005;4.07;0.25;413.66;21.06;1411;61;5157.00;804
12794;34;4299279;12794;620;14203;15005;4.04;0.25;413.63;21.09;1409;61;5158.00;802
12797;34;4299293;12797;619;14203;15005;3.99;0.24;413.59;21.09;1406;61;5159.00;802
12802;34;4299309;12802;631;14207;15010;3.95;0.24;413.63;21.08;1405;61;5160.00;803
12805;34;4299325;12805;639;14209;15010;3.91;0.24;413.73;21.11;1404;61;5161.00;801
12807;34;4299339;12807;630;14209;15010;3.89;0.24;413.75;21.11;1402;61;5162.00;801
12809;34;4299354;12809;628;14210;15011;3.89;0.24;413.86;21.10;1401;61;5163.00;801
12814;34;4299370;12814;619;14215;15015;3.91;0.24;414.00;21.13;1401;61;5164.00;800
12815;34;4299385;12815;619;14216;15015;3.90;0.24;414.00;21.14;1401;61;5165.00;799
12817;34;4299400;12817;617;14218;15018;3.93;0.24;413.96;21.15;1401;61;5166.00;800
12821;34;4299417;12821;616;14219;15018;3.93;0.24;413.97;21.16;1398;61;5167.00;799
12826;34;4299432;12826;625;14221;15018;3.94;0.24;413.99;21.19;1395;61;5168.00;797
12827;34;4299448;12827;624;14221;15018;3.93;0.24;414.03;21.19;1394;61;5169.00;797
12828;34;4299463;12828;632;14225;15022;3.96;0.24;414.02;21.20;1397;61;5170.00;797
12830;34;4299480;12830;621;14227;15022;3.98;0.24;414.05;21.22;1397;61;5171.00;795
12833;34;4299496;12833;619;14227;15022;3.99;0.24;414.22;21.22;1394;61;5172.00;795
12834;34;4299517;12834;615;14229;15022;4.00;0.24;414.20;21.25;1395;61;5173.00;793
12835;34;4299532;12835;615;14229;15023;4.00;0.24;414.20;21.25;1394;61;5174.00;794
12837;34;4299548;12837;617;14232;15025;4.00;0.24;414.32;21.27;1395;61;5175.00;793
12842;34;4299565;12842;618;14232;15025;3.99;0.24;414.38;21.27;1390;61;5176.00;793
12843;34;4299580;12843;621;14235;15026;4.00;0.24;414.47;21.29;1392;61;5177.00;791
12844;34;4299596;12844;627;14235;15026;4.01;0.24;414.60;21.29;1391;61;5178.00;791
12845;34;4299612;12845;627;14236;15026;4.04;0.25;414.60;21.31;1391;61;5179.00;790
12846;34;4299626;12846;623;14238;15026;4.06;0.25;414.59;21.33;1392;61;5180.00;788
12847;34;4299642;12847;626;14238;15026;4.12;0.25;414.59;21.33;1391;61;5181.00;788
12850;34;4299658;12850;619;14238;15026;4.13;0.25;414.54;21.33;1388;61;5182.00;788
12854;34;4299673;12854;616;14238;15026;4.14;0.25;414.53;21.33;1384;61;5183.00;788
12856;34;4299688;12856;640;14305;15153;4.36;0.27;414.58;21.25;1449;61;5184.00;848
12857;34;4299712;12857;625;14308;15154;4.39;0.27;414.55;21.26;1451;61;5185.00;846
12860;34;4299728;12860;624;14317;15154;4.45;0.27;414.73;21.26;1457;61;5186.00;837
12863;34;4299745;12863;625;14319;15154;4.47;0.27;414.69;21.27;1456;61;5187.00;835
12866;34;4299761;12866;627;14323;15154;4.49;0.28;414.74;21.26;1457;61;5188.00;831
12867;34;4299778;12867;623;14329;15154;4.50;0.28;414.73;21.29;1462;61;5189.00;825
12868;34;4299796;12868;621;14332;15154;4.53;0.28;414.73;21.42;1464;61;5190.00;822
12870;34;4299813;12870;628;14337;15154;4.52;0.28;414.68;21.44;1467;61;5191.00;817
12873;34;4299829;12873;629;14339;15155;4.49;0.27;414.71;21.44;1466;61;5192.00;816
12876;34;4299845;12876;634;14342;15156;4.41;0.27;414.68;21.44;1466;61;5193.00;814
12879;34;4299861;12879;633;14342;15156;4.32;0.26;414.71;21.44;1463;61;5194.00;814
12880;34;4299876;12880;641;14346;15157;4.30;0.26;414.74;21.46;1466;61;5195.00;811
12881;34;4299891;12881;654;14346;15157;4.25;0.26;414.78;21.46;1465;61;5196.00;811
12882;34;4299907;12882;662;14351;15157;4.19;0.26;414.78;21.50;1469;61;5197.00;806
12883;34;4299923;12883;678;14353;15157;4.13;0.25;414.75;21.51;1470;62;5198.00;804
12885;34;4299946;12885;674;14356;15161;4.06;0.25;414.75;21.50;1471;62;5199.00;805
12888;34;4299962;12888;677;14358;15161;4.00;0.25;414.76;21.51;1470;62;5200.00;803
12888;34;4299981;12888;680;14359;15161;4.01;0.25;414.76;21.52;1471;62;5201.00;802
12889;34;4299995;12889;684;14360;15164;3.99;0.24;414.78;21.52;1471;62;5202.00;804
12892;34;4300011;12892;691;14361;15164;3.96;0.24;414.88;21.53;1469;62;5203.00;803
12894;34;4300027;12894;694;14361;15164;3.94;0.24;414.91;21.53;1467;62;5204.00;803
12897;34;4300042;12897;688;14366;15168;3.91;0.24;414.95;21.55;1469;62;5205.00;802
12898;34;4300058;12898;681;14367;15169;3.91;0.24;414.96;21.54;1469;62;5206.00;802
12898;34;4300074;12898;687;14369;15169;3.93;0.24;414.96;21.56;1471;62;5207.00;800
12900;34;4300089;12900;682;14373;15173;3.93;0.24;414.94;21.57;1473;62;5208.00;800
12903;34;4300105;12903;670;14373;15173;3.91;0.24;414.94;21.57;1470;62;5209.00;800
12904;34;4300120;12904;669;14374;15173;3.94;0.24;414.95;21.58;1470;62;5210.00;799
12906;34;4300136;12906;665;14375;15174;3.91;0.24;415.03;21.59;1469;62;5211.00;799
12908;34;4300151;12908;650;14376;15174;3.94;0.24;415.02;21.72;1468;62;5212.00;798
12910;34;4300167;12910;639;14381;15180;4.04;0.25;415.03;21.73;1471;62;5213.00;799
12912;34;4300183;12912;629;14382;15180;4.12;0.25;414.97;21.74;1470;62;5214.00;798
12916;34;4300198;12916;620;14382;15180;4.18;0.26;414.94;21.74;1466;62;5215.00;798
12918;34;4300214;12918;623;14383;15181;4.22;0.26;414.94;21.75;1465;62;5216.00;798
12921;34;4300230;12921;615;14383;15181;4.26;0.26;414.97;21.75;1462;62;5217.00;798
12923;34;4300246;12923;609;14383;15181;4.27;0.26;414.93;21.75;1460;62;5218.00;798
12928;35;4300272;12928;598;14383;15181;4.27;0.26;414.94;21.75;1455;64;5219.00;798
12931;35;4300312;12931;600;14407;15217;4.36;0.27;414.97;21.76;1476;64;5220.00;810
12933;35;4300331;12933;596;14409;15217;4.39;0.27;414.93;21.76;1476;64;5221.00;808
12937;35;4300348;12937;598;14413;15217;4.44;0.27;414.87;21.75;1476;64;5222.00;804
12938;35;4300365;12938;588;14415;15217;4.48;0.27;414.85;21.78;1477;64;5223.00;802
12941;35;4300381;12941;588;14416;15217;4.51;0.28;414.81;21.77;1475;64;5224.00;801
12941;35;4300397;12941;591;14417;15217;4.54;0.28;414.81;21.78;1476;64;5225.00;800
12944;35;4300415;12944;590;14421;15221;4.53;0.28;414.78;21.78;1477;64;5226.00;800
12947;35;4300435;12947;599;14421;15221;4.50;0.28;414.83;21.78;1474;64;5227.00;800
12948;35;4300452;12948;602;14425;15225;4.53;0.28;414.81;21.78;1477;64;5228.00;800
12949;35;4300474;12949;605;14427;15226;4.56;0.28;414.80;21.79;1478;64;5229.00;799
12950;35;4300490;12950;606;14427;15226;4.55;0.28;414.79;21.79;1477;64;5230.00;799
12951;35;4300506;12951;609;14428;15226;4.53;0.28;414.80;21.80;1477;64;5231.00;798
12954;35;4300522;12954;620;14437;15239;4.48;0.27;414.79;21.79;1483;64;5232.00;802
12960;35;4300539;12960;618;14438;15239;4.40;0.27;415.01;21.78;1478;64;5233.00;801
12962;35;4300556;12962;620;14439;15239;4.38;0.27;415.04;21.79;1477;64;5234.00;800
12965;35;4300572;12965;614;14440;15240;4.37;0.27;415.12;21.79;1475;64;5235.00;800
12966;35;4300589;12966;623;14441;15241;4.34;0.26;415.10;21.80;1475;64;5236.00;800
12968;35;4300605;12968;631;14441;15241;4.32;0.26;415.11;21.80;1473;64;5237.00;800
12973;35;4300624;12973;635;14442;15244;4.25;0.26;415.21;21.80;1469;64;5238.00;802
12973;35;4300640;12973;640;14443;15244;4.25;0.26;415.21;21.81;1470;64;5239.00;801
12977;35;4300657;12977;641;14445;15244;4.22;0.26;415.25;21.82;1468;64;5240.00;799
12979;35;4300672;12979;635;14446;15244;4.21;0.26;415.26;21.83;1467;64;5241.00;798
12980;35;4300688;12980;640;14450;15250;4.28;0.26;415.28;21.83;1470;64;5242.00;800
12986;35;4300705;12986;642;14450;15250;4.24;0.26;415.31;21.83;1464;64;5243.00;800
12987;35;4300721;12987;641;14450;15250;4.25;0.26;415.38;21.83;1463;64;5244.00;800
12989;35;4300737;12989;649;14452;15250;4.23;0.26;415.44;22.13;1463;64;5245.00;798
12990;35;4300753;12990;650;14455;15254;4.21;0.26;415.44;22.13;1465;64;5246.00;799
12992;35;4300768;12992;667;14455;15255;4.20;0.25;415.46;22.13;1463;64;5247.00;800
12994;35;4300789;12994;674;14455;15255;4.18;0.25;415.61;22.13;1461;65;5248.00;800
12996;35;4300813;12996;680;14456;15256;4.16;0.25;415.58;22.13;1460;65;5249.00;800
13000;35;4300829;13000;676;14456;15256;4.13;0.25;415.69;22.13;1456;65;5250.00;800
13001;35;4300844;13001;681;14456;15256;4.11;0.25;415.67;22.13;1455;65;5251.00;800
13002;35;4300859;13002;681;14456;15256;4.10;0.25;415.68;22.13;1454;65;5252.00;800
13002;35;4300873;13002;686;14456;15256;4.12;0.25;415.68;22.13;1454;65;5253.00;800
13004;35;4300888;13004;692;14456;15256;4.15;0.25;415.89;22.13;1452;65;5254.00;800
13004;35;4300903;13004;691;14456;15256;4.17;0.26;415.89;22.13;1452;65;5255.00;800
13005;35;4300918;13005;701;14499;15326;4.27;0.26;415.88;22.06;1494;65;5256.00;827
13008;35;4300939;13008;696;14501;15327;4.29;0.26;415.90;22.06;1493;65;5257.00;826
13011;35;4300954;13011;682;14506;15327;4.32;0.26;415.92;22.05;1495;65;5258.00;821
13014;35;4300970;13014;678;14506;15327;4.32;0.26;415.91;22.05;1492;65;5259.00;821
13016;35;4300986;13016;669;14507;15327;4.34;0.27;416.01;22.05;1491;65;5260.00;820
13018;35;4301001;13018;662;14507;15327;4.38;0.27;415.98;22.05;1489;65;5261.00;820
13021;35;4301016;13021;667;14507;15327;4.41;0.27;416.03;22.05;1486;65;5262.00;820
13022;35;4301032;13022;665;14508;15327;4.44;0.27;416.05;22.05;1486;65;5263.00;819
13026;35;4301052;13026;655;14508;15328;4.45;0.27;416.09;22.05;1482;65;5264.00;820
13030;35;4301072;13030;646;14509;15330;4.47;0.27;416.05;22.05;1479;65;5265.00;821
13032;35;4301088;13032;640;14510;15330;4.44;0.27;416.06;22.05;1478;65;5266.00;820
13034;35;4301103;13034;640;14514;15334;4.42;0.27;416.01;22.04;1480;65;5267.00;820
13039;35;4301119;13039;644;14514;15334;4.40;0.27;416.00;22.04;1475;65;5268.00;820
13041;35;4301135;13041;640;14516;15334;4.35;0.26;416.05;22.04;1475;65;5269.00;818
13041;35;4301151;13041;643;14516;15334;4.32;0.26;416.05;22.04;1475;65;5270.00;818
13046;35;4301166;13046;647;14519;15340;4.26;0.26;416.05;22.03;1473;65;5271.00;821
13047;35;4301182;13047;652;14519;15340;4.22;0.26;416.06;22.03;1472;65;5272.00;821
13048;35;4301197;13048;660;14519;15340;4.17;0.25;416.03;22.03;1471;65;5273.00;821
13049;35;4301212;13049;659;14520;15343;4.22;0.26;416.06;22.03;1471;66;5274.00;823
13051;35;4301236;13051;667;14520;15343;4.23;0.26;416.09;22.03;1469;66;5275.00;823
13056;35;4301252;13056;664;14520;15343;4.21;0.26;416.20;22.03;1464;66;5276.00;823
13062;35;4301267;13062;654;14520;15344;4.14;0.25;416.29;22.03;1458;66;5277.00;824
13062;35;4301283;13062;661;14521;15345;4.15;0.25;416.29;22.03;1459;66;5278.00;824
13066;35;4301302;13066;654;14521;15345;4.09;0.25;416.28;22.03;1455;66;5279.00;824
13071;35;4301318;13071;650;14539;15371;4.09;0.25;416.23;22.00;1468;66;5280.00;832
13075;35;4301336;13075;644;14539;15371;4.09;0.25;416.26;22.00;1464;66;5281.00;832
13078;35;4301351;13078;643;14541;15371;4.10;0.25;416.32;22.00;1463;66;5282.00;830
13080;35;4301366;13080;639;14543;15372;4.13;0.25;416.30;22.00;1463;66;5283.00;829
13085;35;4301382;13085;638;14543;15372;4.14;0.25;416.35;22.00;1458;66;5284.00;829
13087;35;4301397;13087;642;14545;15376;4.18;0.26;416.32;22.00;1458;66;5285.00;831
13093;35;4301412;13093;642;14546;15376;4.14;0.25;416.37;21.99;1453;66;5286.00;830
13096;35;4301428;13096;645;14549;15379;4.15;0.25;416.34;21.99;1453;66;5287.00;830
13100;35;4301444;13100;641;14549;15380;4.15;0.25;416.35;21.99;1449;66;5288.00;831
13103;35;4301460;13103;639;14549;15380;4.13;0.25;416.47;21.99;1446;66;5289.00;831
13107;35;4301475;13107;646;14549;15380;4.11;0.25;416.56;21.99;1442;66;5290.00;831
13111;35;4301491;13111;647;14549;15380;4.10;0.25;416.57;21.99;1438;66;5291.00;831
13112;35;4301506;13112;655;14558;15392;4.12;0.25;416.57;21.98;1446;66;5292.00;834
13117;35;4301522;13117;654;14558;15392;4.08;0.25;416.61;21.98;1441;66;5293.00;834
13121;35;4301537;13121;649;14558;15392;4.06;0.25;416.65;21.98;1437;66;5294.00;834
13123;35;4301553;13123;653;14558;15392;4.04;0.25;416.63;21.98;1435;66;5295.00;834
13129;35;4301568;13129;650;14558;15392;4.00;0.24;416.62;21.98;1429;66;5296.00;834
13131;35;4301583;13131;644;14558;15392;4.00;0.24;416.74;21.98;1427;66;5297.00;834
13132;35;4301599;13132;650;14558;15393;3.99;0.24;416.77;21.98;1426;66;5298.00;835
13140;35;4301614;13140;647;14558;15393;3.89;0.24;417.02;21.98;1418;66;5299.00;835
13143;35;4301630;13143;658;14562;15399;3.87;0.24;417.06;21.97;1419;66;5300.00;837
13147;35;4301650;13147;655;14562;15400;3.83;0.23;417.04;21.97;1415;66;5301.00;838
13150;35;4301665;13150;668;14562;15400;3.82;0.23;417.03;21.97;1412;66;5302.00;838
13154;35;4301679;13154;675;14562;15400;3.82;0.23;417.02;21.97;1408;66;5303.00;838
13156;35;4301693;13156;661;14565;15404;3.87;0.24;417.04;21.97;1409;66;5304.00;839
13159;35;4301708;13159;662;14565;15404;3.84;0.23;417.13;21.97;1406;66;5305.00;839
13163;35;4301729;13163;658;14565;15404;3.76;0.23;417.19;21.97;1402;66;5306.00;839
13166;35;4301743;13166;656;14566;15405;3.68;0.23;417.14;21.96;1400;66;5307.00;839
13170;35;4301758;13170;659;14569;15409;3.65;0.22;417.37;21.96;1399;66;5308.00;840
13175;35;4301772;13175;653;14569;15409;3.60;0.22;417.36;21.96;1394;66;5309.00;840
13178;35;4301791;13178;657;14572;15415;3.61;0.22;417.34;21.96;1394;66;5310.00;843
13181;35;4301806;13181;658;14573;15415;3.57;0.22;417.43;21.97;1392;66;5311.00;842
13185;35;4301820;13185;652;14574;15415;3.60;0.22;417.60;21.97;1389;66;5312.00;841
13191;35;4301834;13191;659;14574;15415;3.55;0.22;417.67;21.97;1383;66;5313.00;841
13196;35;4301849;13196;663;14577;15419;3.53;0.22;417.70;21.96;1381;66;5314.00;842
13199;35;4301863;13199;668;14577;15419;3.54;0.22;417.68;21.96;1378;66;5315.00;842
13206;35;4301877;13206;665;14577;15419;3.50;0.21;417.70;21.96;1371;66;5316.00;842
13209;35;4301891;13209;671;14577;15419;3.48;0.21;417.68;21.96;1368;66;5317.00;842
13209;35;4301905;13209;676;14577;15420;3.48;0.21;417.68;21.96;1368;66;5318.00;843
13214;35;4301920;13214;674;14578;15421;3.43;0.21;417.76;21.98;1364;66;5319.00;843
13216;35;4301934;13216;677;14579;15421;3.39;0.21;417.86;21.99;1363;66;5320.00;842
13218;35;4301949;13218;683;14580;15422;3.36;0.20;417.85;21.99;1362;66;5321.00;842
13222;35;4301962;13222;690;14580;15422;3.32;0.20;418.06;21.99;1358;66;5322.00;842
13224;35;4301976;13224;700;14580;15422;3.27;0.20;418.19;21.99;1356;66;5323.00;842
13227;35;4301990;13227;707;14580;15422;3.23;0.20;418.21;21.99;1353;66;5324.00;842
13229;35;4302003;13229;715;14581;15422;3.21;0.19;418.24;22.00;1352;66;5325.00;841
13231;35;4302017;13231;720;14581;15422;3.17;0.19;418.22;22.00;1350;66;5326.00;841
13234;35;4302032;13234;714;14582;15422;3.16;0.19;418.21;22.01;1348;66;5327.00;840
13235;35;4302045;13235;721;14649;15549;3.59;0.22;418.19;21.93;1414;66;5328.00;900
13237;35;4302069;13237;718;14652;15550;3.60;0.22;418.18;21.92;1415;66;5329.00;898
13237;35;4302085;13237;709;14660;15550;3.66;0.23;418.18;21.93;1423;66;5330.00;890
13238;35;4302099;13238;703;14664;15550;3.69;0.23;418.22;21.94;1426;66;5331.00;886
13241;35;4302115;13241;696;14667;15550;3.71;0.23;418.21;21.93;1426;66;5332.00;883
13242;35;4302129;13242;697;14671;15550;3.74;0.23;418.19;21.94;1429;66;5333.00;879
13242;35;4302145;13242;693;14673;15550;3.77;0.23;418.19;21.96;1431;66;5334.00;877
13243;35;4302160;13243;702;14676;15550;3.77;0.23;418.16;21.97;1433;66;5335.00;874
13245;35;4302175;13245;694;14678;15551;3.77;0.23;418.13;21.98;1433;66;5336.00;873
13248;35;4302190;13248;677;14680;15552;3.73;0.23;418.07;21.99;1432;66;5337.00;872
13249;35;4302205;13249;674;14683;15552;3.74;0.23;418.05;22.00;1434;66;5338.00;869
13252;35;4302220;13252;670;14685;15553;3.74;0.23;418.00;22.02;1433;66;5339.00;868
13253;35;4302238;13253;667;14687;15553;3.77;0.23;417.99;22.03;1434;66;5340.00;866
13254;35;4302253;13254;671;14689;15553;3.80;0.24;417.96;22.04;1435;66;5341.00;864
13255;35;4302269;13255;671;14692;15553;3.88;0.24;417.94;22.05;1437;66;5342.00;861
13255;35;4302284;13255;679;14695;15557;3.97;0.24;417.94;22.04;1440;66;5343.00;862
13257;35;4302300;13257;681;14697;15557;4.01;0.25;418.06;22.07;1440;66;5344.00;860
13258;35;4302315;13258;687;14698;15557;4.03;0.25;418.11;22.08;1440;66;5345.00;859
13259;35;4302332;13259;687;14699;15560;4.05;0.25;418.08;22.08;1440;66;5346.00;861
13260;35;4302348;13260;677;14701;15560;4.05;0.25;418.08;22.10;1441;66;5347.00;859
13261;35;4302363;13261;679;14701;15560;4.07;0.25;418.11;22.10;1440;66;5348.00;859
13261;35;4302384;13261;677;14704;15564;4.08;0.25;418.11;22.10;1443;66;5349.00;860
13262;35;4302400;13262;690;14707;15565;4.09;0.25;418.13;22.12;1445;66;5350.00;858
13264;35;4302416;13264;691;14709;15565;4.09;0.25;418.07;22.14;1445;66;5351.00;856
13265;35;4302432;13265;689;14712;15569;4.10;0.25;418.06;22.13;1447;66;5352.00;857
13267;35;4302449;13267;689;14713;15569;4.12;0.25;418.03;22.14;1446;66;5353.00;856
13268;35;4302464;13268;690;14715;15569;4.15;0.25;418.08;22.16;1447;66;5354.00;854
13268;35;4302480;13268;687;14716;15571;4.20;0.26;418.08;22.16;1448;66;5355.00;855
13269;35;4302496;13269;691;14718;15571;4.19;0.26;418.07;22.18;1449;66;5356.00;853
13270;35;4302511;13270;689;14722;15577;4.20;0.26;418.05;22.18;1452;66;5357.00;855
13271;35;4302527;13271;688;14724;15577;4.21;0.26;418.05;22.20;1453;66;5358.00;853
13272;35;4302543;13272;677;14725;15577;4.22;0.26;418.02;22.21;1453;66;5359.00;852
13274;35;4302562;13274;680;14726;15578;4.16;0.25;418.07;22.22;1452;66;5360.00;852
13275;35;4302580;13275;666;14728;15578;4.19;0.26;418.07;22.24;1453;66;5361.00;850
13278;35;4302598;13278;663;14728;15578;4.21;0.26;418.11;22.24;1450;66;5362.00;850
13278;35;4302613;13278;661;14729;15578;4.22;0.26;418.11;22.25;1451;66;5363.00;849
13280;35;4302629;13280;663;14738;15590;4.28;0.26;418.10;22.24;1458;66;5364.00;852
13281;35;4302646;13281;664;14740;15590;4.34;0.27;418.07;22.26;1459;66;5365.00;850
13285;35;4302664;13285;658;14742;15590;4.34;0.27;418.07;22.28;1457;66;5366.00;848
13288;35;4302681;13288;659;14742;15590;4.38;0.27;418.02;22.28;1454;66;5367.00;848
13289;35;4302697;13289;645;14743;15590;4.44;0.27;418.01;22.29;1454;66;5368.00;847
13289;35;4302714;13289;644;14743;15590;4.49;0.27;418.01;22.29;1454;66;5369.00;847
13290;35;4302732;13290;636;14749;15594;4.58;0.28;418.09;22.32;1459;66;5370.00;845
13292;35;4302750;13292;627;14749;15594;4.64;0.28;418.09;22.32;1457;66;5371.00;845
13295;35;4302766;13295;619;14754;15598;4.68;0.28;418.06;22.33;1459;66;5372.00;844
13298;35;4302783;13298;611;14754;15599;4.68;0.28;418.15;22.33;1456;66;5373.00;845
13299;35;4302800;13299;609;14754;15599;4.76;0.29;418.16;22.33;1455;66;5374.00;845
13299;35;4302840;13299;601;14756;15599;4.79;0.29;418.16;22.36;1457;66;5375.00;843
13301;35;4302862;13301;588;14766;15612;4.82;0.29;418.13;22.34;1465;66;5376.00;846
13303;35;4302879;13303;582;14768;15612;4.84;0.29;418.12;22.36;1465;66;5377.00;844
13303;35;4302896;13303;576;14768;15612;4.90;0.30;418.12;22.36;1465;66;5378.00;844
13304;35;4302912;13304;571;14772;15613;4.96;0.30;418.11;22.52;1468;66;5379.00;841
13308;35;4302928;13308;571;14772;15614;4.96;0.30;418.24;22.52;1464;66;5380.00;842
13309;35;4302945;13309;561;14774;15614;5.03;0.31;418.22;22.54;1465;66;5381.00;840
13312;35;4302961;13312;559;14775;15617;5.02;0.31;418.26;22.54;1463;66;5382.00;842
13317;35;4302978;13317;554;14775;15617;5.03;0.31;418.25;22.54;1458;66;5383.00;842
13321;35;4302994;13321;550;14777;15617;5.05;0.31;418.26;22.56;1456;66;5384.00;840
13323;35;4303010;13323;557;14780;15617;5.01;0.30;418.28;22.88;1457;66;5385.00;837
13328;35;4303034;13328;554;14785;15623;5.03;0.31;418.32;22.88;1457;66;5386.00;838
13333;35;4303052;13333;564;14787;15623;5.00;0.30;418.27;22.90;1454;66;5387.00;836
13338;35;4303069;13338;563;14789;15623;4.92;0.30;418.36;22.92;1451;66;5388.00;834
13340;35;4303086;13340;558;14789;15623;4.87;0.30;418.32;22.92;1449;66;5389.00;834
13341;35;4303102;13341;555;14794;15627;4.85;0.29;418.35;22.93;1453;66;5390.00;833
13346;35;4303120;13346;568;14794;15628;4.78;0.29;418.54;22.93;1448;66;5391.00;834
13346;35;4303136;13346;564;14795;15628;4.74;0.29;418.54;22.93;1449;66;5392.00;833
13350;35;4303153;13350;570;14796;15629;4.73;0.29;418.69;22.93;1446;66;5393.00;833
13352;35;4303169;13352;569;14798;15629;4.67;0.28;418.79;22.95;1446;66;5394.00;831
13353;35;4303186;13353;568;14798;15629;4.71;0.29;418.78;22.95;1445;66;5395.00;831
13359;35;4303202;13359;575;14799;15629;4.69;0.29;418.85;22.96;1440;66;5396.00;830
13362;35;4303218;13362;572;14800;15629;4.69;0.29;419.00;22.96;1438;66;5397.00;829
13364;35;4303234;13364;570;14801;15629;4.71;0.29;419.06;22.97;1437;66;5398.00;828
13366;35;4303250;13366;565;14801;15629;4.72;0.29;419.13;22.97;1435;66;5399.00;828
