step_arrived;step_collisions;step_duration;step_ended;step_halting;step_inserted;step_loaded;step_meanSpeed;step_meanSpeedRelative;step_meanTravelTime;step_meanWaitingTime;step_running;step_teleports;step_time;step_waiting
0;0;5134943;0;1;86;245;16.29;1.15;-1.00;0.00;86;0;0.00;159
0;0;5134966;0;0;96;245;15.60;1.09;-1.00;0.10;96;0;1.00;149
0;0;5134967;0;1;116;245;14.77;1.01;-1.00;0.43;116;0;2.00;129
0;0;5134968;0;2;129;245;13.97;0.95;-1.00;0.69;129;0;3.00;116
0;0;5134969;0;3;147;245;12.86;0.86;-1.00;1.10;147;0;4.00;98
0;0;5134970;0;5;155;245;11.84;0.79;-1.00;1.30;155;0;5.00;90
0;0;5134971;0;7;167;245;10.97;0.73;-1.00;1.63;167;0;6.00;78
0;0;5134972;0;10;178;245;10.36;0.69;-1.00;1.97;178;0;7.00;67
0;0;5134974;0;19;184;246;9.88;0.65;-1.00;2.16;184;0;8.00;62
0;0;5134976;0;21;191;247;9.31;0.62;-1.00;2.41;191;0;9.00;56
0;0;5134978;0;24;199;247;8.97;0.59;-1.00;2.72;199;0;10.00;48
0;0;5134979;0;25;201;248;8.81;0.58;-1.00;2.75;201;0;11.00;47
1;0;5134982;1;28;207;248;8.70;0.57;12.00;3.02;206;0;12.00;41
1;0;5134984;1;33;210;248;8.60;0.56;12.00;3.16;209;0;13.00;38
2;0;5134986;2;40;214;248;8.52;0.55;13.00;3.36;212;0;14.00;34
2;0;5134989;2;40;222;252;8.35;0.54;13.00;3.66;220;0;15.00;30
2;0;5134991;2;44;223;252;8.41;0.54;13.00;3.71;221;0;16.00;29
2;0;5134994;2;49;226;252;8.41;0.54;13.00;3.89;224;0;17.00;26
2;0;5134996;2;57;230;255;8.41;0.53;13.00;4.10;228;0;18.00;25
3;0;5135000;3;59;231;255;8.60;0.54;15.00;4.11;228;0;19.00;24
4;0;5135002;4;64;234;255;8.74;0.55;16.25;4.24;230;0;20.00;21
4;0;5135005;4;70;240;259;8.89;0.56;16.25;4.32;236;0;21.00;19
5;0;5135008;5;73;242;260;9.06;0.57;17.40;4.38;237;0;22.00;18
5;0;5135010;5;78;243;260;9.02;0.57;17.40;4.46;238;0;23.00;17
6;0;5135013;6;79;249;264;8.91;0.56;18.33;4.58;243;0;24.00;15
7;0;5135018;7;86;250;264;8.77;0.55;19.29;4.66;243;0;25.00;14
7;0;5135021;7;86;253;264;8.73;0.55;19.29;4.82;246;0;26.00;11
7;0;5135024;7;90;254;265;8.70;0.54;19.29;4.91;247;0;27.00;11
7;0;5135027;7;93;255;265;8.72;0.54;19.29;4.93;248;0;28.00;10
7;0;5135030;7;95;262;271;8.61;0.53;19.29;5.04;255;0;29.00;9
7;0;5135035;7;100;264;271;8.49;0.53;19.29;5.23;257;0;30.00;7
7;0;5135038;7;100;265;272;8.37;0.52;19.29;5.21;258;0;31.00;7
9;0;5135041;9;103;267;272;8.13;0.50;21.78;5.27;258;0;32.00;5
9;0;5135044;9;108;268;272;8.07;0.50;21.78;5.31;259;0;33.00;4
10;0;5135047;10;110;268;272;8.15;0.51;23.00;5.31;258;0;34.00;4
11;0;5135050;11;113;269;272;8.17;0.51;23.55;5.32;258;0;35.00;3
11;0;5135053;11;116;280;284;8.55;0.53;23.55;5.11;269;0;36.00;4
11;0;5135057;11;118;281;284;8.54;0.53;23.55;5.10;270;0;37.00;3
12;0;5135060;12;120;281;284;8.47;0.52;24.42;5.10;269;0;38.00;3
12;0;5135063;12;122;281;284;8.39;0.52;24.42;5.10;269;0;39.00;3
12;0;5135065;12;122;281;284;8.30;0.51;24.42;5.10;269;0;40.00;3
12;0;5135068;12;124;281;284;8.13;0.51;24.42;5.10;269;0;41.00;3
15;0;5135071;15;129;285;288;8.02;0.50;26.20;5.04;270;0;42.00;3
16;0;5135074;16;129;285;288;7.81;0.48;26.94;5.04;269;0;43.00;3
17;0;5135077;17;133;289;292;7.79;0.48;27.94;4.98;272;0;44.00;3
19;0;5135080;19;139;291;294;7.67;0.48;29.05;4.95;272;0;45.00;3
19;0;5135084;19;141;291;294;7.56;0.47;29.05;4.95;272;0;46.00;3
19;0;5135087;19;139;291;294;7.51;0.47;29.05;4.95;272;0;47.00;3
19;0;5135090;19;140;302;307;7.76;0.48;29.05;4.77;283;0;48.00;5
19;0;5135093;19;142;302;307;7.61;0.47;29.05;4.77;283;0;49.00;5
19;0;5135096;19;145;302;307;7.57;0.47;29.05;4.77;283;0;50.00;5
19;0;5135099;19;146;303;308;7.65;0.48;29.05;4.76;284;0;51.00;5
19;0;5135102;19;148;304;309;7.58;0.48;29.05;4.74;285;0;52.00;5
21;0;5135104;21;150;304;309;7.51;0.47;31.10;4.74;283;0;53.00;5
23;0;5135107;23;153;306;312;7.47;0.46;31.52;4.71;283;0;54.00;6
23;0;5135110;23;155;306;312;7.37;0.46;31.52;4.71;283;0;55.00;6
23;0;5135113;23;144;307;312;7.34;0.45;31.52;4.70;284;0;56.00;5
25;0;5135115;25;143;307;312;7.27;0.45;32.56;4.70;282;0;57.00;5
26;0;5135118;26;142;312;318;7.33;0.45;33.46;4.64;286;0;58.00;6
27;0;5135121;27;141;312;318;7.29;0.45;34.41;4.64;285;0;59.00;6
28;0;5135125;28;145;312;318;7.31;0.45;35.32;4.64;284;0;60.00;6
30;0;5135129;30;147;313;318;7.18;0.44;36.13;4.64;283;0;61.00;5
30;0;5135131;30;149;317;322;7.29;0.45;36.13;4.60;287;0;62.00;5
30;0;5135134;30;152;318;323;7.43;0.46;36.13;4.58;288;0;63.00;5
31;0;5135137;31;154;318;323;7.52;0.46;36.84;4.58;287;0;64.00;5
32;0;5135140;32;153;319;324;7.71;0.47;37.50;4.57;287;0;65.00;5
33;0;5135142;33;154;319;324;7.74;0.47;37.09;4.57;286;0;66.00;5
34;0;5135145;34;142;319;324;7.81;0.48;37.85;4.57;285;0;67.00;5
34;0;5135148;34;138;319;324;7.88;0.48;37.85;4.57;285;0;68.00;5
34;0;5135151;34;134;319;324;7.91;0.48;37.85;4.57;285;0;69.00;5
34;0;5135154;34;131;319;324;7.98;0.49;37.85;4.57;285;0;70.00;5
35;0;5135156;35;130;319;324;8.05;0.49;38.80;4.57;284;0;71.00;5
35;0;5135159;35;133;352;394;8.23;0.51;38.80;4.14;317;0;72.00;42
36;0;5135167;36;128;353;395;8.38;0.51;39.17;4.13;317;0;73.00;42
36;0;5135170;36;122;360;395;8.68;0.53;39.17;4.09;324;0;74.00;35
36;0;5135173;36;123;362;395;8.87;0.54;39.17;4.09;326;0;75.00;33
37;0;5135176;37;119;364;395;9.06;0.55;40.16;4.09;327;0;76.00;31
37;0;5135187;37;119;365;395;9.16;0.56;40.16;4.09;328;0;77.00;30
37;0;5135192;37;121;369;395;9.33;0.57;40.16;4.11;332;0;78.00;26
37;0;5135197;37;122;370;395;9.20;0.56;40.16;4.12;333;0;79.00;25
38;0;5135201;38;123;373;396;9.18;0.56;40.66;4.15;335;0;80.00;23
38;0;5135205;38;123;377;397;9.14;0.56;40.66;4.20;339;0;81.00;20
40;0;5135208;40;124;380;397;9.15;0.56;42.73;4.22;340;0;82.00;17
40;0;5135212;40;127;386;401;8.98;0.55;42.73;4.20;346;0;83.00;15
42;0;5135219;42;132;386;401;8.91;0.54;44.57;4.20;344;0;84.00;15
42;0;5135222;42;131;386;401;8.81;0.53;44.57;4.20;344;0;85.00;15
42;0;5135226;42;133;386;401;8.71;0.53;44.57;4.20;344;0;86.00;15
42;0;5135230;42;134;391;407;8.68;0.53;44.57;4.16;349;0;87.00;16
43;0;5135235;43;136;391;407;8.55;0.52;45.56;4.16;348;0;88.00;16
43;0;5135239;43;137;391;407;8.46;0.51;45.56;4.16;348;0;89.00;16
47;0;5135245;47;138;395;413;8.22;0.50;49.15;4.12;348;0;90.00;18
47;0;5135250;47;136;395;413;8.08;0.49;49.15;4.12;348;0;91.00;18
48;0;5135253;48;133;397;413;8.02;0.49;50.04;4.11;349;0;92.00;16
50;0;5135257;50;135;398;414;7.95;0.48;50.32;4.10;348;0;93.00;16
51;0;5135261;51;132;399;415;8.00;0.49;51.18;4.10;348;0;94.00;16
54;0;5135265;54;127;399;415;8.04;0.49;53.50;4.10;345;0;95.00;16
56;0;5135269;56;126;410;428;8.11;0.50;55.02;3.99;354;0;96.00;18
58;0;5135274;58;117;410;428;8.23;0.50;56.45;3.99;352;0;97.00;18
58;0;5135278;58;112;410;428;8.39;0.51;56.45;3.99;352;0;98.00;18
61;0;5135281;61;109;411;429;8.54;0.52;58.54;3.98;350;0;99.00;18
62;0;5135289;62;106;411;429;8.73;0.53;59.21;3.98;349;0;100.00;18
63;0;5135296;63;99;416;433;8.93;0.54;59.76;4.07;353;0;101.00;17
64;0;5135302;64;95;416;433;9.13;0.56;60.39;4.07;352;0;102.00;17
65;0;5135307;65;95;420;437;9.26;0.56;60.98;4.05;355;0;103.00;17
66;0;5135311;66;89;420;437;9.45;0.57;61.61;4.05;354;0;104.00;17
66;0;5135316;66;86;420;437;9.67;0.59;61.61;4.05;354;0;105.00;17
68;0;5135320;68;80;420;437;9.79;0.59;62.88;4.05;352;0;106.00;17
68;0;5135324;68;75;420;437;9.87;0.60;62.88;4.05;352;0;107.00;17
68;0;5135328;68;71;430;449;10.02;0.61;62.88;3.95;362;0;108.00;19
68;0;5135334;68;66;431;449;10.05;0.61;62.88;3.94;363;0;109.00;18
68;0;5135338;68;66;432;449;10.16;0.62;62.88;3.94;364;0;110.00;17
68;0;5135343;68;68;432;449;10.31;0.63;62.88;3.94;364;0;111.00;17
68;0;5135348;68;69;433;449;10.36;0.64;62.88;4.19;365;0;112.00;16
69;0;5135353;69;70;433;449;10.42;0.64;63.61;4.19;364;0;113.00;16
70;0;5135358;70;73;434;450;10.43;0.64;64.33;4.18;364;0;114.00;16
71;0;5135363;71;75;435;450;10.50;0.64;65.00;4.44;364;0;115.00;15
71;0;5135368;71;75;442;456;10.54;0.65;65.00;4.58;371;0;116.00;14
72;0;5135373;72;76;444;457;10.59;0.65;65.67;4.82;372;0;117.00;13
73;0;5135378;73;79;445;457;10.58;0.65;66.38;4.91;372;0;118.00;12
74;0;5135384;74;80;445;457;10.69;0.66;67.08;4.91;371;0;119.00;12
75;0;5135391;75;83;451;462;10.78;0.66;67.71;5.11;376;0;120.00;11
76;0;5135396;76;82;452;462;10.91;0.67;68.25;5.21;376;0;121.00;10
79;0;5135402;79;86;454;462;10.94;0.67;70.22;5.46;375;0;122.00;8
80;0;5135408;80;84;456;463;11.04;0.68;70.42;5.52;376;0;123.00;7
80;0;5135414;80;84;461;467;11.04;0.68;70.42;5.52;381;0;124.00;6
83;0;5135419;83;85;463;467;11.13;0.68;72.28;5.63;380;0;125.00;4
84;0;5135425;84;87;466;470;11.21;0.68;72.89;5.71;382;0;126.00;4
85;0;5135431;85;87;467;470;11.36;0.69;72.68;5.70;382;0;127.00;3
86;0;5135436;86;88;468;470;11.48;0.70;73.28;5.76;382;0;128.00;2
88;0;5135442;88;89;468;470;11.54;0.70;73.16;5.76;380;0;129.00;2
89;0;5135448;89;89;473;474;11.67;0.71;73.39;5.78;384;0;130.00;1
90;0;5135454;90;91;473;474;11.78;0.72;74.03;5.78;383;0;131.00;1
90;0;5135460;90;90;474;474;11.86;0.72;74.03;5.79;384;0;132.00;0
90;0;5135465;90;91;474;474;11.89;0.73;74.03;5.79;384;0;133.00;0
90;0;5135470;90;90;475;475;11.89;0.73;74.03;5.78;385;0;134.00;0
91;0;5135476;91;90;477;477;11.87;0.73;74.44;5.76;386;0;135.00;0
92;0;5135482;92;91;477;477;11.80;0.72;75.09;5.76;385;0;136.00;0
92;0;5135488;92;93;478;478;11.86;0.73;75.09;5.75;386;0;137.00;0
96;0;5135493;96;94;478;478;11.79;0.72;76.81;5.75;382;0;138.00;0
101;0;5135499;101;95;478;478;11.71;0.72;78.82;5.75;377;0;139.00;0
102;0;5135505;102;99;478;478;11.57;0.71;79.42;5.75;376;0;140.00;0
104;0;5135510;104;105;478;478;11.33;0.70;80.54;5.75;374;0;141.00;0
105;0;5135515;105;103;478;478;11.17;0.69;81.12;5.75;373;0;142.00;0
106;0;5135520;106;105;478;478;10.98;0.68;81.51;5.75;372;0;143.00;0
107;0;5135525;107;124;553;605;10.73;0.68;81.42;4.97;446;0;144.00;52
109;0;5135540;109;122;559;606;10.60;0.67;82.28;4.93;450;0;145.00;47
111;0;5135546;111;121;567;606;10.58;0.67;83.32;4.89;456;0;146.00;39
114;0;5135551;114;121;569;606;10.42;0.66;84.39;4.88;455;0;147.00;37
115;0;5135557;115;125;573;606;10.34;0.65;84.95;4.88;458;0;148.00;33
116;0;5135563;116;124;574;606;10.26;0.65;85.47;4.88;458;0;149.00;32
119;0;5135570;119;125;578;611;10.16;0.64;86.66;4.86;459;0;150.00;33
119;0;5135578;119;124;580;611;10.25;0.64;86.66;4.87;461;0;151.00;31
120;0;5135583;120;124;582;612;10.30;0.64;86.72;4.88;462;0;152.00;30
122;0;5135588;122;125;586;613;10.37;0.65;86.82;4.91;464;0;153.00;27
122;0;5135594;122;126;588;613;10.40;0.65;86.82;4.93;466;0;154.00;25
125;0;5135599;125;130;591;614;10.22;0.64;86.98;4.94;466;0;155.00;23
129;0;5135605;129;127;594;614;9.99;0.62;87.95;4.96;465;0;156.00;20
129;0;5135611;129;125;599;614;9.83;0.61;87.95;5.02;470;0;157.00;15
131;0;5135616;131;130;600;614;9.80;0.61;88.29;5.04;469;0;158.00;14
131;0;5135622;131;130;604;618;9.72;0.61;88.29;5.06;473;0;159.00;14
134;0;5135627;134;130;606;618;9.64;0.60;89.67;5.09;472;0;160.00;12
136;0;5135633;136;133;607;618;9.63;0.60;90.15;5.11;471;0;161.00;11
138;0;5135638;138;140;611;621;9.49;0.59;91.11;5.20;473;0;162.00;10
140;0;5135644;140;144;612;621;9.32;0.58;91.98;5.22;472;0;163.00;9
141;0;5135649;141;146;614;621;9.19;0.57;91.96;5.23;473;0;164.00;7
144;0;5135654;144;139;618;625;9.06;0.56;93.39;5.22;474;0;165.00;7
145;0;5135660;145;135;619;626;8.93;0.55;93.71;5.21;474;0;166.00;7
146;0;5135665;146;137;622;626;8.90;0.55;93.23;5.24;476;0;167.00;4
148;0;5135670;148;133;626;630;8.93;0.55;94.03;5.23;478;0;168.00;4
149;0;5135675;149;130;628;630;8.89;0.55;94.05;5.22;479;0;169.00;2
151;0;5135681;151;128;628;630;8.93;0.55;94.18;5.22;477;0;170.00;2
152;0;5135688;152;132;631;631;8.95;0.55;93.89;5.24;479;0;171.00;0
153;0;5135694;153;126;631;631;8.97;0.55;94.31;5.24;478;0;172.00;0
154;0;5135700;154;126;637;637;9.20;0.56;94.34;5.20;483;0;173.00;0
154;0;5135708;154;120;637;637;9.39;0.57;94.34;5.20;483;0;174.00;0
154;0;5135717;154;120;638;638;9.51;0.58;94.34;5.20;484;0;175.00;0
154;0;5135725;154;119;638;638;9.71;0.60;94.34;5.20;484;0;176.00;0
155;0;5135731;155;120;638;638;9.85;0.60;94.86;5.20;483;0;177.00;0
157;0;5135737;157;123;638;638;9.92;0.61;95.11;5.20;481;0;178.00;0
158;0;5135747;158;129;638;638;9.96;0.61;95.25;5.20;480;0;179.00;0
160;0;5135756;160;133;669;672;10.14;0.62;96.26;4.96;509;0;180.00;3
161;0;5135765;161;139;670;672;10.17;0.63;96.49;4.95;509;0;181.00;2
162;0;5135775;162;141;671;672;10.15;0.63;96.56;4.95;509;0;182.00;1
165;0;5135784;165;143;671;672;10.10;0.62;96.45;4.95;506;0;183.00;1
167;0;5135791;167;148;672;672;10.01;0.62;96.49;4.94;505;0;184.00;0
170;0;5135797;170;149;672;672;9.90;0.61;97.28;4.94;502;0;185.00;0
173;0;5135805;173;154;676;676;9.77;0.60;98.32;4.92;503;0;186.00;0
174;0;5135811;174;158;676;676;9.64;0.59;98.21;4.92;502;0;187.00;0
177;0;5135818;177;164;680;680;9.54;0.59;98.41;4.90;503;0;188.00;0
179;0;5135824;179;167;681;681;9.33;0.57;98.22;4.89;502;0;189.00;0
180;0;5135831;180;171;681;681;9.19;0.57;97.83;4.89;501;0;190.00;0
183;0;5135837;183;179;681;681;9.03;0.56;96.91;4.89;498;0;191.00;0
183;0;5135843;183;184;694;694;8.99;0.55;96.91;4.80;511;0;192.00;0
187;0;5135850;187;190;694;694;8.77;0.54;96.60;4.80;507;0;193.00;0
188;0;5135856;188;192;694;694;8.62;0.53;96.57;4.80;506;0;194.00;0
191;0;5135862;191;196;695;695;8.44;0.52;96.66;4.79;504;0;195.00;0
193;0;5135868;193;204;696;696;8.27;0.51;96.45;4.79;503;0;196.00;0
195;0;5135874;195;208;696;696;8.14;0.50;97.34;4.79;501;0;197.00;0
198;0;5135880;198;213;698;699;8.00;0.49;97.41;4.78;500;0;198.00;1
198;0;5135886;198;217;698;699;7.91;0.49;97.41;4.78;500;0;199.00;1
200;0;5135892;200;227;699;699;7.77;0.48;97.34;4.77;499;0;200.00;0
202;0;5135901;202;232;699;699;7.51;0.46;97.80;4.77;497;0;201.00;0
203;0;5135907;203;237;705;705;7.31;0.45;97.47;4.74;502;0;202.00;0
204;0;5135912;204;242;705;705;7.19;0.44;97.28;4.74;501;0;203.00;0
205;0;5135918;205;252;705;705;7.08;0.44;97.53;4.74;500;0;204.00;0
207;0;5135923;207;254;705;705;6.98;0.43;97.86;4.74;498;0;205.00;0
209;0;5135928;209;257;709;709;6.96;0.43;97.99;4.72;500;0;206.00;0
210;0;5135934;210;262;710;710;6.81;0.42;97.62;4.71;500;0;207.00;0
211;0;5135939;211;267;710;710;6.67;0.41;97.79;4.71;499;0;208.00;0
211;0;5135944;211;270;711;711;6.56;0.40;97.79;4.71;500;0;209.00;0
212;0;5135951;212;275;711;711;6.41;0.40;98.27;4.71;499;0;210.00;0
212;0;5135956;212;275;711;711;6.30;0.39;98.27;4.71;499;0;211.00;0
214;0;5135960;214;268;711;711;6.21;0.38;98.43;4.71;497;0;212.00;0
216;0;5135965;216;264;711;711;6.21;0.38;99.13;4.71;495;0;213.00;0
217;0;5135970;217;245;711;711;6.31;0.39;99.47;4.71;494;0;214.00;0
217;0;5135976;217;240;711;711;6.46;0.40;99.47;4.71;494;0;215.00;0
220;0;5135981;220;240;755;781;6.92;0.43;100.77;4.43;535;0;216.00;26
220;0;5135993;220;231;757;782;7.14;0.44;100.77;4.42;537;0;217.00;25
221;0;5136000;221;223;763;782;7.44;0.46;101.29;4.40;542;0;218.00;19
221;0;5136007;221;220;764;782;7.64;0.47;101.29;4.40;543;0;219.00;18
224;0;5136013;224;214;768;782;7.81;0.48;102.44;4.40;544;0;220.00;14
225;0;5136024;225;203;768;782;7.98;0.49;102.96;4.40;543;0;221.00;14
225;0;5136031;225;194;771;782;8.17;0.50;102.96;4.41;546;0;222.00;11
225;0;5136037;225;192;772;782;8.28;0.51;102.96;4.41;547;0;223.00;10
226;0;5136049;226;184;775;783;8.38;0.51;103.48;4.42;549;0;224.00;8
227;0;5136056;227;179;781;785;8.44;0.52;103.65;4.44;554;0;225.00;4
228;0;5136062;228;175;783;785;8.49;0.52;103.43;4.45;555;0;226.00;2
228;0;5136069;228;171;789;789;8.49;0.52;103.43;4.44;561;0;227.00;0
230;0;5136076;230;175;789;789;8.51;0.52;104.29;4.44;559;0;228.00;0
231;0;5136083;231;176;789;789;8.61;0.53;104.21;4.44;558;0;229.00;0
234;0;5136090;234;174;789;789;8.74;0.54;104.86;4.44;555;0;230.00;0
235;0;5136097;235;174;795;795;8.91;0.55;105.36;4.41;560;0;231.00;0
236;0;5136104;236;168;795;795;9.03;0.55;105.46;4.41;559;0;232.00;0
237;0;5136111;237;160;795;795;9.10;0.56;105.80;4.41;558;0;233.00;0
239;0;5136119;239;155;797;798;9.26;0.57;106.15;4.40;558;0;234.00;1
240;0;5136126;240;147;797;798;9.34;0.57;106.50;4.40;557;0;235.00;1
245;0;5136133;245;148;798;798;9.36;0.57;107.25;4.40;553;0;236.00;0
245;0;5136141;245;140;799;799;9.43;0.57;107.25;4.40;554;0;237.00;0
250;0;5136147;250;140;800;800;9.50;0.58;108.03;4.39;550;0;238.00;0
250;0;5136153;250;140;800;800;9.58;0.58;108.03;4.39;550;0;239.00;0
251;0;5136161;251;144;824;826;9.61;0.59;107.98;4.26;573;0;240.00;2
256;0;5136169;256;137;824;826;9.69;0.59;109.96;4.26;568;0;241.00;2
260;0;5136176;260;139;826;826;9.81;0.60;109.89;4.26;566;0;242.00;0
262;0;5136182;262;134;827;827;9.87;0.60;110.34;4.25;565;0;243.00;0
264;0;5136189;264;135;827;827;9.94;0.60;111.06;4.25;563;0;244.00;0
265;0;5136195;265;134;831;831;9.99;0.61;111.29;4.24;566;0;245.00;0
266;0;5136202;266;133;831;831;10.03;0.61;111.80;4.24;565;0;246.00;0
272;0;5136208;272;136;835;835;9.85;0.60;113.04;4.22;563;0;247.00;0
273;0;5136221;273;131;835;835;9.81;0.59;113.50;4.22;562;0;248.00;0
274;0;5136227;274;135;835;835;9.71;0.59;113.47;4.22;561;0;249.00;0
274;0;5136233;274;142;835;835;9.63;0.58;113.47;4.22;561;0;250.00;0
275;0;5136239;275;147;835;835;9.56;0.58;113.93;4.22;560;0;251.00;0
275;0;5136245;275;146;846;847;9.57;0.58;113.93;4.17;571;0;252.00;1
276;0;5136252;276;149;846;847;9.49;0.58;114.17;4.17;570;0;253.00;1
278;0;5136258;278;152;847;847;9.50;0.58;114.31;4.16;569;0;254.00;0
278;0;5136265;278;149;847;847;9.56;0.58;114.31;4.16;569;0;255.00;0
278;0;5136270;278;148;847;847;9.67;0.59;114.31;4.16;569;0;256.00;0
279;0;5136276;279;147;847;847;9.79;0.59;114.30;4.16;568;0;257.00;0
283;0;5136282;283;141;848;848;9.83;0.60;114.04;4.16;565;0;258.00;0
285;0;5136289;285;136;848;848;9.92;0.60;114.63;4.16;563;0;259.00;0
285;0;5136296;285;133;854;854;9.95;0.60;114.63;4.14;569;0;260.00;0
287;0;5136302;287;124;855;855;10.00;0.61;114.97;4.13;568;0;261.00;0
288;0;5136308;288;119;855;855;10.06;0.61;115.23;4.13;567;0;262.00;0
290;0;5136314;290;113;855;855;10.11;0.61;115.54;4.13;565;0;263.00;0
294;0;5136321;294;109;859;859;10.13;0.61;116.32;4.11;565;0;264.00;0
295;0;5136328;295;107;859;859;10.25;0.62;116.66;4.11;564;0;265.00;0
299;0;5136336;299;107;859;859;10.35;0.62;117.72;4.11;560;0;266.00;0
300;0;5136342;300;104;860;860;10.48;0.63;118.12;4.11;560;0;267.00;0
303;0;5136349;303;103;864;864;10.48;0.63;118.29;4.10;561;0;268.00;0
304;0;5136356;304;102;864;864;10.64;0.64;118.50;4.10;560;0;269.00;0
308;0;5136364;308;98;868;870;10.81;0.65;119.00;4.08;560;0;270.00;2
313;0;5136371;313;93;869;870;10.94;0.66;119.56;4.07;556;0;271.00;1
316;0;5136378;316;89;870;870;11.03;0.67;119.67;4.07;554;0;272.00;0
321;0;5136384;321;90;870;870;11.13;0.67;119.62;4.07;549;0;273.00;0
322;0;5136392;322;87;874;874;11.32;0.68;119.65;4.06;552;0;274.00;0
324;0;5136399;324;90;874;874;11.42;0.69;119.94;4.06;550;0;275.00;0
327;0;5136406;327;88;874;874;11.48;0.69;119.98;4.06;547;0;276.00;0
327;0;5136414;327;84;874;874;11.53;0.70;119.98;4.06;547;0;277.00;0
328;0;5136420;328;83;875;875;11.56;0.70;120.09;4.05;547;0;278.00;0
328;0;5136427;328;85;876;876;11.62;0.70;120.09;4.05;548;0;279.00;0
328;0;5136433;328;85;876;876;11.59;0.70;120.09;4.05;548;0;280.00;0
330;0;5136440;330;83;877;877;11.66;0.71;120.09;4.05;547;0;281.00;0
330;0;5136446;330;84;877;877;11.65;0.71;120.09;4.05;547;0;282.00;0
331;0;5136453;331;86;877;877;11.62;0.71;120.14;4.05;546;0;283.00;0
332;0;5136460;332;87;877;877;11.67;0.71;120.62;4.05;545;0;284.00;0
333;1;5136466;333;86;877;877;11.68;0.71;121.09;4.05;544;1;285.00;0
333;1;5136483;333;88;877;877;11.67;0.71;121.09;4.05;544;1;286.00;0
333;1;5136490;333;90;877;877;11.68;0.71;121.09;4.05;544;1;287.00;0
335;1;5136496;335;111;947;1004;11.35;0.70;121.64;3.75;612;1;288.00;57
339;1;5136513;339;102;951;1005;11.37;0.70;122.69;3.74;612;1;289.00;54
339;1;5136521;339;97;962;1005;11.38;0.70;122.69;3.72;623;1;290.00;43
341;1;5136528;341;98;964;1005;11.42;0.71;123.24;3.72;623;1;291.00;41
341;1;5136536;341;99;970;1005;11.50;0.71;123.24;3.72;629;1;292.00;35
342;1;5136543;342;101;972;1005;11.47;0.71;123.72;3.72;630;1;293.00;33
342;1;5136551;342;102;974;1005;11.52;0.71;123.72;3.73;632;1;294.00;31
343;1;5136559;343;104;977;1005;11.61;0.72;124.21;3.74;634;1;295.00;28
344;1;5136567;344;105;980;1006;11.69;0.72;124.61;3.75;636;1;296.00;26
346;1;5136576;346;106;985;1007;11.72;0.72;124.68;3.78;639;1;297.00;22
348;1;5136583;348;111;987;1007;11.73;0.73;125.40;3.79;639;1;298.00;20
350;1;5136592;350;113;990;1008;11.66;0.72;125.02;3.81;640;1;299.00;18
352;1;5136602;352;117;997;1014;11.40;0.71;125.54;3.83;645;1;300.00;17
355;1;5136614;355;117;999;1014;11.16;0.69;126.23;3.85;644;1;301.00;15
357;1;5136622;357;118;1000;1014;10.98;0.68;126.79;3.86;643;1;302.00;14
360;1;5136629;360;118;1004;1018;10.67;0.66;127.88;3.86;644;1;303.00;14
363;1;5136638;363;127;1004;1018;10.44;0.64;128.20;3.86;641;1;304.00;14
368;1;5136645;368;135;1005;1018;10.26;0.63;128.90;3.87;637;1;305.00;13
370;1;5136653;370;139;1010;1021;10.04;0.62;129.18;3.88;640;1;306.00;11
373;1;5136660;373;143;1012;1021;9.87;0.61;129.27;3.91;639;1;307.00;9
377;1;5136673;377;152;1012;1021;9.73;0.60;130.12;3.91;635;1;308.00;9
377;1;5136680;377;160;1017;1025;9.62;0.59;130.12;3.94;640;1;309.00;8
378;1;5136688;378;168;1018;1026;9.54;0.59;130.57;3.93;640;1;310.00;8
381;1;5136695;381;175;1021;1026;9.41;0.58;130.70;3.97;640;1;311.00;5
383;1;5136702;383;179;1027;1030;9.37;0.58;130.93;3.98;644;1;312.00;3
386;1;5136709;386;189;1028;1030;9.28;0.57;131.24;3.98;642;1;313.00;2
387;1;5136716;387;188;1029;1030;9.18;0.56;131.67;3.99;642;1;314.00;1
390;1;5136723;390;193;1032;1032;8.97;0.55;131.39;3.99;642;1;315.00;0
391;1;5136730;391;195;1032;1032;8.91;0.55;131.13;3.99;641;1;316.00;0
393;1;5136738;393;198;1038;1038;8.84;0.54;131.60;3.97;645;1;317.00;0
394;1;5136745;394;202;1038;1038;8.76;0.54;131.69;3.97;644;1;318.00;0
395;1;5136752;395;206;1039;1039;8.79;0.54;131.61;3.97;644;1;319.00;0
396;1;5136759;396;213;1039;1039;8.70;0.53;131.79;3.97;643;1;320.00;0
396;1;5136766;396;214;1039;1039;8.57;0.53;131.79;3.97;643;1;321.00;0
399;1;5136773;399;217;1039;1039;8.48;0.52;132.10;3.97;640;1;322.00;0
401;1;5136794;401;225;1039;1039;8.38;0.51;131.86;3.97;638;1;323.00;0
404;1;5136805;404;222;1050;1051;8.38;0.51;131.76;3.92;646;1;324.00;1
405;1;5136813;405;227;1050;1051;8.32;0.51;132.23;3.92;645;1;325.00;1
407;1;5136820;407;220;1051;1051;8.22;0.50;132.45;3.92;644;1;326.00;0
408;1;5136827;408;217;1051;1051;8.16;0.50;132.40;3.92;643;1;327.00;0
412;1;5136833;412;222;1051;1051;8.03;0.49;132.71;3.92;639;1;328.00;0
413;1;5136840;413;226;1051;1051;7.89;0.48;132.72;3.92;638;1;329.00;0
418;1;5136847;418;214;1055;1055;7.71;0.47;133.08;3.91;637;1;330.00;0
421;1;5136854;421;214;1055;1055;7.60;0.47;134.07;3.91;634;1;331.00;0
425;1;5136861;425;212;1059;1059;7.55;0.46;135.33;3.90;634;1;332.00;0
429;1;5136867;429;213;1060;1060;7.56;0.46;136.43;3.90;631;1;333.00;0
431;1;5136874;431;213;1060;1060;7.58;0.47;137.35;3.90;629;1;334.00;0
434;1;5136881;434;218;1060;1060;7.67;0.47;138.19;3.90;626;1;335.00;0
436;1;5136888;436;217;1073;1073;7.73;0.48;138.39;3.85;637;1;336.00;0
440;1;5136896;440;217;1073;1073;7.70;0.48;138.67;3.85;633;1;337.00;0
444;1;5136903;444;218;1073;1073;7.73;0.48;138.60;3.85;629;1;338.00;0
445;1;5136910;445;217;1074;1074;7.85;0.48;139.05;3.85;629;1;339.00;0
450;1;5136917;450;214;1075;1075;7.84;0.48;140.05;3.84;625;1;340.00;0
453;1;5136923;453;215;1075;1075;7.86;0.48;140.16;3.84;622;1;341.00;0
455;1;5136930;455;219;1077;1078;7.92;0.49;140.72;3.84;622;1;342.00;1
460;1;5136937;460;218;1077;1078;7.84;0.48;142.00;3.84;617;1;343.00;1
461;1;5136944;461;224;1078;1078;7.86;0.48;141.81;3.84;617;1;344.00;0
466;1;5136951;466;233;1078;1078;7.85;0.48;141.56;3.84;612;1;345.00;0
467;1;5136958;467;235;1084;1084;7.85;0.48;141.96;3.82;617;1;346.00;0
469;1;5136965;469;235;1084;1084;7.72;0.47;142.43;3.82;615;1;347.00;0
471;1;5136972;471;237;1084;1084;7.63;0.47;142.95;3.82;613;1;348.00;0
474;1;5136979;474;236;1084;1084;7.48;0.46;142.58;3.82;610;1;349.00;0
475;1;5136985;475;241;1088;1088;7.45;0.46;142.62;3.81;613;1;350.00;0
477;1;5136992;477;245;1089;1089;7.38;0.45;142.66;3.81;612;1;351.00;0
478;1;5136998;478;246;1089;1089;7.27;0.45;143.09;3.81;611;1;352.00;0
481;1;5137005;481;249;1090;1090;7.23;0.44;143.06;3.80;609;1;353.00;0
482;1;5137012;482;254;1090;1090;7.18;0.44;142.90;3.80;608;1;354.00;0
483;1;5137018;483;254;1090;1090;7.09;0.44;142.95;3.80;607;1;355.00;0
487;1;5137024;487;257;1090;1090;7.01;0.43;143.19;3.80;603;1;356.00;0
492;1;5137031;492;259;1090;1090;6.90;0.42;143.32;3.80;598;1;357.00;0
493;1;5137038;493;263;1090;1090;6.85;0.42;143.59;3.80;597;1;358.00;0
496;1;5137045;496;268;1090;1090;6.81;0.42;143.34;3.80;594;1;359.00;0
498;1;5137052;498;295;1168;1215;7.14;0.45;144.01;3.55;670;1;360.00;47
501;1;5137070;501;281;1173;1216;7.12;0.44;144.00;3.54;672;1;361.00;43
505;1;5137077;505;261;1183;1216;7.28;0.45;144.77;3.53;678;1;362.00;33
508;1;5137085;508;254;1187;1216;7.31;0.45;144.81;3.52;679;1;363.00;29
509;1;5137093;509;249;1191;1216;7.38;0.46;144.85;3.53;682;1;364.00;25
509;1;5137100;509;248;1193;1216;7.46;0.46;144.85;3.53;684;1;365.00;23
509;1;5137108;509;246;1197;1216;7.51;0.46;144.85;3.54;688;1;366.00;19
510;1;5137115;510;241;1201;1216;7.57;0.47;145.01;3.55;691;1;367.00;15
510;1;5137129;510;240;1205;1217;7.68;0.47;145.01;3.56;695;1;368.00;12
513;1;5137137;513;244;1209;1218;7.75;0.48;145.25;3.58;696;1;369.00;9
513;1;5137145;513;245;1212;1218;7.73;0.47;145.25;3.59;699;1;370.00;6
514;1;5137157;514;243;1218;1222;7.72;0.47;145.13;3.59;704;1;371.00;4
514;1;5137165;514;249;1219;1222;7.69;0.47;145.13;3.59;705;1;372.00;3
516;1;5137173;516;254;1220;1222;7.65;0.47;145.26;3.60;704;1;373.00;2
516;1;5137185;516;258;1221;1222;7.58;0.46;145.26;3.61;705;1;374.00;1
517;1;5137194;517;262;1227;1228;7.49;0.46;145.64;3.60;710;1;375.00;1
519;1;5137203;519;268;1227;1228;7.44;0.46;145.88;3.60;708;1;376.00;1
521;1;5137211;521;262;1228;1228;7.44;0.45;146.04;3.61;707;1;377.00;0
521;1;5137220;521;257;1230;1231;7.48;0.46;146.04;3.60;709;1;378.00;1
523;1;5137228;523;250;1231;1231;7.51;0.46;145.77;3.60;708;1;379.00;0
523;1;5137237;523;247;1231;1231;7.53;0.46;145.77;3.60;708;1;380.00;0
523;1;5137246;523;243;1232;1232;7.56;0.46;145.77;3.60;709;1;381.00;0
524;1;5137256;524;246;1233;1233;7.70;0.47;145.54;3.60;709;1;382.00;0
527;1;5137265;527;249;1233;1233;7.68;0.47;145.39;3.60;706;1;383.00;0
528;1;5137275;528;255;1245;1246;7.81;0.48;145.49;3.56;717;1;384.00;1
530;1;5137285;530;255;1245;1246;7.81;0.48;145.58;3.56;715;1;385.00;1
533;1;5137296;533;244;1246;1246;7.93;0.48;145.87;3.56;713;1;386.00;0
534;1;5137307;534;238;1247;1247;7.99;0.49;146.13;3.56;713;1;387.00;0
535;1;5137316;535;235;1247;1247;8.06;0.49;146.48;3.56;712;1;388.00;0
537;1;5137329;537;229;1251;1251;8.19;0.50;146.94;3.55;714;1;389.00;0
537;1;5137342;537;228;1251;1251;8.27;0.50;146.94;3.55;714;1;390.00;0
540;1;5137354;540;228;1255;1255;8.23;0.50;147.59;3.54;715;1;391.00;0
542;1;5137365;542;229;1255;1255;8.31;0.51;148.07;3.54;713;1;392.00;0
547;1;5137375;547;230;1255;1255;8.32;0.51;149.66;3.54;708;1;393.00;0
550;1;5137385;550;231;1255;1255;8.31;0.51;150.07;3.54;705;1;394.00;0
551;1;5137396;551;232;1255;1255;8.36;0.51;150.26;3.54;704;1;395.00;0
553;1;5137406;553;230;1266;1267;8.38;0.51;150.70;3.51;713;1;396.00;1
555;1;5137417;555;231;1267;1267;8.48;0.52;150.85;3.51;712;1;397.00;0
556;1;5137426;556;223;1267;1267;8.58;0.52;151.01;3.51;711;1;398.00;0
557;1;5137435;557;217;1267;1267;8.69;0.53;151.05;3.51;710;1;399.00;0
560;1;5137445;560;214;1267;1267;8.81;0.54;151.71;3.51;707;1;400.00;0
562;1;5137459;562;205;1267;1267;8.95;0.55;151.82;3.51;705;1;401.00;0
566;1;5137469;566;202;1268;1268;8.94;0.55;152.36;3.51;702;1;402.00;0
570;1;5137483;570;195;1268;1268;9.02;0.55;154.00;3.51;698;1;403.00;0
574;1;5137497;574;194;1274;1274;9.10;0.55;154.17;3.49;700;1;404.00;0
577;1;5137507;577;187;1276;1276;9.22;0.56;154.67;3.49;699;1;405.00;0
578;1;5137517;578;185;1276;1276;9.30;0.57;154.60;3.49;698;1;406.00;0
580;1;5137526;580;182;1276;1276;9.31;0.57;154.70;3.49;696;1;407.00;0
585;1;5137534;585;181;1280;1280;9.28;0.57;155.75;3.48;695;1;408.00;0
588;1;5137544;588;186;1280;1280;9.25;0.56;156.08;3.48;692;1;409.00;0
591;1;5137553;591;185;1280;1280;9.23;0.56;156.81;3.48;689;1;410.00;0
594;1;5137562;594;189;1281;1281;9.28;0.57;157.38;3.48;687;1;411.00;0
596;1;5137573;596;189;1285;1285;9.24;0.56;157.95;3.47;689;1;412.00;0
599;1;5137583;599;189;1285;1285;9.27;0.57;158.47;3.47;686;1;413.00;0
600;1;5137593;600;192;1287;1288;9.30;0.57;158.84;3.46;687;1;414.00;1
600;1;5137605;600;190;1287;1288;9.36;0.57;158.84;3.46;687;1;415.00;1
602;1;5137618;602;193;1288;1288;9.51;0.58;159.43;3.46;686;1;416.00;0
605;1;5137629;605;196;1288;1288;9.60;0.59;160.17;3.46;683;1;417.00;0
607;2;5137640;607;198;1292;1292;9.68;0.59;160.46;3.45;685;2;418.00;0
608;2;5137668;608;197;1292;1292;9.80;0.60;160.47;3.45;684;2;419.00;0
610;2;5137689;610;194;1292;1292;9.84;0.60;160.50;3.45;682;2;420.00;0
610;2;5137700;610;189;1292;1292;9.89;0.60;160.50;3.45;682;2;421.00;0
613;2;5137710;613;185;1293;1293;9.84;0.60;161.19;3.45;680;2;422.00;0
618;2;5137721;618;180;1294;1294;9.79;0.60;161.14;3.45;676;2;423.00;0
620;2;5137737;620;170;1294;1294;9.82;0.60;161.49;3.45;674;2;424.00;0
621;2;5137746;621;160;1295;1295;9.82;0.60;161.33;3.45;674;2;425.00;0
624;2;5137758;624;157;1295;1295;9.82;0.60;161.32;3.45;671;2;426.00;0
627;2;5137769;627;144;1295;1295;9.78;0.59;161.54;3.45;668;2;427.00;0
632;2;5137779;632;144;1295;1295;9.80;0.60;162.81;3.45;663;2;428.00;0
634;2;5137790;634;144;1295;1295;9.86;0.60;163.29;3.45;661;2;429.00;0
637;2;5137800;637;141;1295;1295;10.02;0.61;163.66;3.45;658;2;430.00;0
638;2;5137809;638;131;1295;1295;10.17;0.62;164.02;3.45;657;2;431.00;0
640;2;5137818;640;151;1366;1422;9.93;0.61;164.18;3.27;726;2;432.00;56
642;2;5137837;642;137;1369;1423;10.03;0.62;164.52;3.27;727;2;433.00;54
646;2;5137847;646;125;1374;1423;10.22;0.63;164.41;3.26;728;2;434.00;49
650;2;5137856;650;110;1375;1423;10.28;0.63;165.06;3.26;725;2;435.00;48
652;2;5137867;652;106;1382;1423;10.39;0.64;165.14;3.26;730;2;436.00;41
654;2;5137877;654;104;1384;1423;10.52;0.65;165.19;3.27;730;2;437.00;39
656;2;5137888;656;103;1386;1423;10.61;0.65;165.46;3.27;730;2;438.00;37
661;2;5137899;661;103;1388;1423;10.64;0.65;166.03;3.28;727;2;439.00;35
664;2;5137909;664;106;1391;1424;10.71;0.66;166.89;3.29;727;2;440.00;33
669;2;5137919;669;105;1393;1425;10.71;0.66;167.40;3.30;724;2;441.00;32
672;2;5137929;672;103;1398;1425;10.68;0.65;168.22;3.32;726;2;442.00;27
675;2;5137939;675;103;1402;1426;10.67;0.65;169.09;3.34;727;2;443.00;24
677;2;5137948;677;109;1403;1426;10.61;0.65;169.64;3.35;726;2;444.00;23
680;2;5137958;680;111;1406;1426;10.52;0.64;170.06;3.37;726;2;445.00;20
682;2;5137968;682;108;1409;1426;10.33;0.63;170.18;3.39;727;2;446.00;17
685;2;5137978;685;114;1414;1430;10.12;0.62;170.55;3.42;729;2;447.00;16
688;2;5137987;688;121;1417;1430;10.02;0.61;170.35;3.45;729;2;448.00;13
691;2;5137997;691;127;1422;1430;9.89;0.60;170.65;3.49;731;2;449.00;8
694;2;5138008;694;136;1427;1436;9.83;0.60;171.15;3.50;733;2;450.00;9
697;2;5138018;697;139;1429;1436;9.78;0.60;171.05;3.50;732;2;451.00;7
700;2;5138027;700;143;1432;1436;9.79;0.60;171.76;3.51;732;2;452.00;4
701;2;5138036;701;142;1436;1440;9.76;0.60;171.86;3.52;735;2;453.00;4
703;2;5138052;703;144;1437;1441;9.78;0.60;172.25;3.52;734;2;454.00;4
706;2;5138061;706;148;1438;1441;9.78;0.60;172.30;3.52;732;2;455.00;3
709;2;5138071;709;150;1441;1445;9.81;0.60;172.40;3.51;732;2;456.00;4
715;2;5138080;715;157;1442;1445;9.82;0.60;172.84;3.51;727;2;457.00;3
718;2;5138090;718;164;1442;1445;9.76;0.60;172.72;3.51;724;2;458.00;3
721;2;5138099;721;167;1443;1446;9.70;0.59;173.30;3.51;722;2;459.00;3
726;2;5138109;726;172;1444;1446;9.63;0.59;173.65;3.52;718;2;460.00;2
730;2;5138118;730;176;1450;1452;9.63;0.59;173.52;3.51;720;2;461.00;2
730;2;5138132;730;177;1451;1452;9.63;0.59;173.52;3.51;721;2;462.00;1
731;2;5138142;731;181;1451;1453;9.58;0.59;173.58;3.51;720;2;463.00;2
732;2;5138151;732;186;1452;1453;9.47;0.58;173.53;3.52;720;2;464.00;1
734;2;5138160;734;195;1453;1453;9.36;0.57;173.45;3.52;719;2;465.00;0
737;2;5138169;737;199;1453;1453;9.22;0.56;173.53;3.52;716;2;466.00;0
739;2;5138177;739;206;1453;1453;9.17;0.56;173.45;3.52;714;2;467.00;0
740;2;5138186;740;214;1463;1465;9.14;0.56;173.45;3.49;723;2;468.00;2
741;2;5138198;741;221;1463;1465;9.09;0.56;173.83;3.49;722;2;469.00;2
743;2;5138207;743;231;1465;1465;9.01;0.55;173.74;3.49;722;2;470.00;0
743;2;5138215;743;235;1465;1465;8.95;0.55;173.74;3.49;722;2;471.00;0
747;2;5138224;747;238;1465;1465;8.83;0.54;174.25;3.49;718;2;472.00;0
749;2;5138232;749;244;1465;1465;8.78;0.54;174.48;3.49;716;2;473.00;0
750;2;5138240;750;247;1469;1469;8.76;0.54;174.40;3.48;719;2;474.00;0
751;2;5138248;751;255;1469;1469;8.71;0.54;174.57;3.48;718;2;475.00;0
751;2;5138256;751;259;1473;1473;8.78;0.54;174.57;3.48;722;2;476.00;0
753;2;5138264;753;259;1474;1474;8.71;0.54;174.74;3.48;721;2;477.00;0
753;2;5138272;753;268;1474;1474;8.67;0.54;174.74;3.48;721;2;478.00;0
759;2;5138280;759;263;1474;1474;8.55;0.53;174.13;3.48;715;2;479.00;0
761;2;5138290;761;270;1495;1500;8.47;0.52;174.05;3.43;734;2;480.00;5
763;2;5138300;763;266;1496;1500;8.43;0.52;173.95;3.43;733;2;481.00;4
763;2;5138308;763;262;1499;1500;8.47;0.52;173.95;3.42;736;2;482.00;1
766;2;5138316;766;263;1501;1501;8.48;0.52;173.92;3.42;735;2;483.00;0
767;2;5138324;767;263;1502;1502;8.48;0.52;174.02;3.42;735;2;484.00;0
770;2;5138332;770;269;1502;1502;8.43;0.52;173.70;3.42;732;2;485.00;0
770;2;5138339;770;267;1505;1505;8.39;0.52;173.70;3.41;735;2;486.00;0
772;2;5138347;772;271;1505;1505;8.33;0.51;173.98;3.41;733;2;487.00;0
776;2;5138356;776;272;1505;1505;8.22;0.51;174.21;3.41;729;2;488.00;0
780;2;5138364;780;274;1505;1505;8.16;0.50;174.03;3.41;725;2;489.00;0
781;2;5138371;781;276;1511;1511;8.16;0.50;173.98;3.40;730;2;490.00;0
786;2;5138379;786;276;1511;1511;7.99;0.49;173.79;3.40;725;2;491.00;0
786;2;5138387;786;277;1511;1511;7.89;0.48;173.79;3.40;725;2;492.00;0
791;2;5138395;791;278;1511;1511;7.73;0.47;173.68;3.40;720;2;493.00;0
793;2;5138401;793;289;1515;1515;7.57;0.47;173.99;3.40;722;2;494.00;0
799;2;5138409;799;279;1517;1517;7.42;0.46;174.68;3.39;718;2;495.00;0
802;2;5138417;802;284;1517;1517;7.32;0.45;175.46;3.39;715;2;496.00;0
806;2;5138424;806;279;1518;1518;7.25;0.44;175.09;3.39;712;2;497.00;0
808;2;5138449;808;277;1518;1518;7.24;0.44;175.40;3.39;710;2;498.00;0
813;2;5138457;813;269;1518;1518;7.20;0.44;176.03;3.39;705;2;499.00;0
817;2;5138465;817;263;1518;1518;7.14;0.44;176.02;3.39;701;2;500.00;0
820;2;5138475;820;266;1518;1518;7.10;0.43;176.67;3.39;698;2;501.00;0
820;2;5138482;820;260;1518;1518;7.09;0.43;176.67;3.39;698;2;502.00;0
821;2;5138489;821;259;1518;1518;7.06;0.43;176.95;3.39;697;2;503.00;0
822;2;5138496;822;254;1556;1588;7.29;0.45;176.83;3.31;734;2;504.00;32
825;2;5138510;825;256;1562;1589;7.23;0.44;176.56;3.30;737;2;505.00;27
828;2;5138518;828;259;1569;1589;7.22;0.44;176.55;3.29;741;2;506.00;20
830;2;5138525;830;265;1571;1589;7.16;0.44;177.07;3.29;741;2;507.00;18
833;2;5138533;833;256;1574;1589;7.13;0.44;177.64;3.29;741;2;508.00;15
835;2;5138542;835;258;1578;1589;7.08;0.43;177.69;3.30;743;2;509.00;11
840;2;5138551;840;254;1581;1589;7.07;0.43;178.29;3.30;741;2;510.00;8
842;2;5138560;842;249;1584;1589;7.10;0.43;178.60;3.31;742;2;511.00;5
843;2;5138568;843;251;1585;1590;7.19;0.44;178.53;3.31;742;2;512.00;5
845;3;5138576;845;254;1588;1591;7.29;0.45;178.22;3.32;743;3;513.00;3
848;3;5138595;848;257;1588;1591;7.31;0.45;178.55;3.32;740;3;514.00;3
850;3;5138608;850;262;1593;1595;7.36;0.45;178.49;3.32;743;3;515.00;2
852;3;5138617;852;262;1594;1595;7.43;0.46;178.84;3.32;742;3;516.00;1
852;3;5138626;852;265;1595;1595;7.58;0.46;178.84;3.32;743;3;517.00;0
858;3;5138635;858;264;1595;1595;7.60;0.47;179.54;3.32;737;3;518.00;0
861;3;5138648;861;267;1601;1601;7.63;0.47;180.03;3.32;740;3;519.00;0
865;3;5138664;865;266;1601;1601;7.65;0.47;180.25;3.32;736;3;520.00;0
869;3;5138678;869;265;1601;1601;7.62;0.47;180.60;3.32;732;3;521.00;0
874;3;5138687;874;267;1603;1604;7.67;0.47;181.52;3.31;729;3;522.00;1
876;3;5138695;876;267;1603;1604;7.66;0.47;181.40;3.31;727;3;523.00;1
878;3;5138704;878;263;1604;1604;7.71;0.47;181.91;3.31;726;3;524.00;0
881;3;5138712;881;263;1605;1605;7.70;0.47;182.54;3.31;724;3;525.00;0
884;3;5138721;884;263;1606;1606;7.75;0.47;182.67;3.31;722;3;526.00;0
887;3;5138729;887;262;1606;1606;7.67;0.47;183.20;3.31;719;3;527.00;0
889;3;5138738;889;261;1619;1619;7.77;0.47;183.67;3.28;730;3;528.00;0
890;3;5138747;890;256;1619;1619;7.78;0.47;183.58;3.28;729;3;529.00;0
893;3;5138756;893;254;1619;1619;7.72;0.47;183.40;3.28;726;3;530.00;0
896;3;5138764;896;253;1620;1620;7.75;0.47;183.44;3.28;724;3;531.00;0
897;3;5138773;897;258;1620;1620;7.74;0.47;183.34;3.28;723;3;532.00;0
903;3;5138781;903;259;1624;1624;7.70;0.47;183.65;3.27;721;3;533.00;0
906;3;5138796;906;255;1624;1624;7.64;0.46;183.46;3.27;718;3;534.00;0
909;3;5138804;909;253;1628;1628;7.57;0.46;183.40;3.27;719;3;535.00;0
912;3;5138812;912;253;1628;1628;7.47;0.45;183.58;3.27;716;3;536.00;0
913;3;5138821;913;255;1628;1628;7.45;0.45;183.57;3.27;715;3;537.00;0
914;3;5138829;914;253;1628;1628;7.44;0.45;183.71;3.27;714;3;538.00;0
917;3;5138837;917;257;1628;1628;7.36;0.45;184.03;3.27;711;3;539.00;0
922;3;5138847;922;262;1659;1662;7.43;0.45;184.31;3.21;737;3;540.00;3
922;3;5138858;922;262;1659;1662;7.41;0.45;184.31;3.21;737;3;541.00;3
925;3;5138866;925;250;1661;1662;7.43;0.45;184.55;3.21;736;3;542.00;1
926;3;5138875;926;246;1661;1662;7.45;0.46;184.59;3.21;735;3;543.00;1
927;3;5138884;927;245;1662;1662;7.49;0.46;184.59;3.21;735;3;544.00;0
927;3;5138893;927;240;1662;1662;7.54;0.46;184.59;3.21;735;3;545.00;0
929;3;5138902;929;238;1663;1663;7.53;0.46;184.54;3.20;734;3;546.00;0
930;3;5138911;930;241;1663;1663;7.61;0.47;184.63;3.20;733;3;547.00;0
934;3;5138920;934;239;1669;1669;7.66;0.47;185.00;3.20;735;3;548.00;0
937;3;5138929;937;243;1670;1670;7.74;0.47;185.27;3.19;733;3;549.00;0
938;3;5138938;938;242;1670;1670;7.77;0.47;185.26;3.19;732;3;550.00;0
940;3;5138956;940;231;1670;1670;7.79;0.48;185.35;3.19;730;3;551.00;0
941;3;5138970;941;226;1673;1674;7.87;0.48;185.46;3.19;732;3;552.00;1
945;3;5138986;945;220;1674;1674;7.90;0.48;185.49;3.19;729;3;553.00;0
946;3;5139002;946;213;1674;1674;8.02;0.49;185.43;3.19;728;3;554.00;0
950;3;5139016;950;209;1675;1675;8.02;0.49;185.89;3.19;725;3;555.00;0
955;3;5139033;955;207;1679;1679;8.00;0.49;185.96;3.18;724;3;556.00;0
958;3;5139045;958;210;1679;1679;8.03;0.49;186.39;3.18;721;3;557.00;0
960;3;5139057;960;208;1681;1682;8.11;0.49;186.73;3.18;721;3;558.00;1
962;3;5139067;962;208;1681;1682;8.15;0.50;187.00;3.18;719;3;559.00;1
964;3;5139078;964;211;1682;1682;8.24;0.50;187.41;3.18;718;3;560.00;0
964;3;5139089;964;213;1682;1682;8.36;0.51;187.41;3.18;718;3;561.00;0
967;3;5139099;967;208;1686;1686;8.45;0.52;188.04;3.17;719;3;562.00;0
974;3;5139110;974;205;1686;1686;8.49;0.52;188.37;3.17;712;3;563.00;0
980;3;5139121;980;207;1686;1686;8.54;0.52;188.69;3.17;706;3;564.00;0
981;3;5139131;981;204;1686;1686;8.63;0.52;189.04;3.17;705;3;565.00;0
983;3;5139142;983;202;1687;1687;8.68;0.53;189.17;3.17;704;3;566.00;0
984;3;5139153;984;196;1688;1688;8.78;0.53;189.49;3.17;704;3;567.00;0
986;3;5139163;986;192;1688;1688;8.87;0.54;189.89;3.17;702;3;568.00;0
987;3;5139173;987;190;1689;1689;8.99;0.55;190.24;3.17;702;3;569.00;0
989;3;5139185;989;188;1689;1689;9.06;0.55;190.52;3.17;700;3;570.00;0
992;3;5139197;992;187;1689;1689;9.08;0.55;190.91;3.17;697;3;571.00;0
995;3;5139207;995;186;1689;1689;9.09;0.55;191.46;3.17;694;3;572.00;0
996;3;5139217;996;190;1689;1689;9.15;0.55;191.50;3.17;693;3;573.00;0
1000;3;5139228;1000;186;1689;1689;9.14;0.55;191.75;3.17;689;3;574.00;0
1001;3;5139245;1001;190;1689;1689;9.15;0.55;191.65;3.17;688;3;575.00;0
1003;3;5139257;1003;228;1770;1816;8.82;0.54;191.91;3.02;767;3;576.00;46
1003;3;5139277;1003;213;1771;1817;8.88;0.55;191.91;3.02;768;3;577.00;46
1003;3;5139297;1003;207;1775;1817;8.96;0.55;191.91;3.02;772;3;578.00;42
1005;3;5139312;1005;201;1776;1817;8.99;0.55;191.84;3.02;771;3;579.00;41
1006;3;5139324;1006;202;1780;1817;9.03;0.55;191.87;3.02;774;3;580.00;37
1006;3;5139350;1006;204;1781;1817;9.11;0.56;191.87;3.02;775;3;581.00;36
1007;3;5139364;1007;204;1785;1817;9.09;0.56;192.10;3.03;778;3;582.00;32
1007;3;5139376;1007;208;1787;1817;9.12;0.56;192.10;3.03;780;3;583.00;30
1009;4;5139389;1009;210;1789;1818;9.08;0.56;192.44;3.04;780;4;584.00;29
1010;4;5139431;1010;215;1793;1820;9.06;0.55;192.47;3.05;783;4;585.00;27
1012;4;5139452;1012;212;1795;1820;9.10;0.56;192.75;3.06;783;4;586.00;25
1012;4;5139466;1012;217;1797;1821;9.12;0.56;192.75;3.06;785;4;587.00;24
1013;4;5139481;1013;213;1802;1821;9.07;0.55;192.85;3.08;789;4;588.00;19
1014;4;5139496;1014;213;1804;1821;9.07;0.55;192.81;3.10;790;4;589.00;17
1016;4;5139522;1016;211;1805;1821;9.05;0.55;193.34;3.10;789;4;590.00;16
1017;4;5139538;1017;204;1809;1825;9.07;0.55;193.59;3.11;792;4;591.00;16
1020;4;5139553;1020;195;1810;1825;9.05;0.55;194.06;3.12;790;4;592.00;15
1024;4;5139571;1024;194;1812;1825;9.07;0.55;194.43;3.13;788;4;593.00;13
1025;4;5139584;1025;199;1814;1828;9.10;0.55;194.67;3.15;789;4;594.00;14
1025;4;5139599;1025;196;1817;1828;9.07;0.55;194.67;3.17;792;4;595.00;11
1028;4;5139613;1028;199;1818;1828;9.05;0.55;195.12;3.18;790;4;596.00;10
1034;4;5139624;1034;195;1823;1832;8.95;0.54;195.76;3.19;789;4;597.00;9
1036;4;5139636;1036;192;1826;1833;9.03;0.55;196.06;3.21;790;4;598.00;7
1038;4;5139647;1038;196;1828;1833;9.02;0.55;196.62;3.22;790;4;599.00;5
1042;4;5139667;1042;199;1840;1859;8.92;0.54;197.00;3.20;798;4;600.00;19
1045;4;5139692;1045;188;1842;1859;8.95;0.54;196.78;3.20;797;4;601.00;17
1049;4;5139703;1049;192;1844;1859;8.95;0.54;197.20;3.20;795;4;602.00;15
1053;4;5139713;1053;193;1846;1860;8.93;0.54;197.54;3.20;793;4;603.00;14
1055;4;5139724;1055;196;1846;1860;8.89;0.54;197.71;3.20;791;4;604.00;14
1056;4;5139734;1056;196;1851;1866;8.87;0.54;198.00;3.20;795;4;605.00;15
1060;4;5139745;1060;199;1852;1866;8.78;0.53;198.08;3.20;792;4;606.00;14
1064;4;5139755;1064;206;1855;1867;8.62;0.52;198.51;3.20;791;4;607.00;12
1064;4;5139765;1064;203;1856;1867;8.48;0.51;198.51;3.20;792;4;608.00;11
1067;4;5139775;1067;207;1856;1867;8.41;0.51;198.63;3.20;789;4;609.00;11
1069;4;5139783;1069;216;1856;1867;8.26;0.50;198.90;3.20;787;4;610.00;11
1072;4;5139796;1072;218;1858;1867;8.22;0.50;199.15;3.23;786;4;611.00;9
1072;4;5139807;1072;225;1868;1879;8.14;0.49;199.15;3.22;796;4;612.00;11
1074;4;5139823;1074;225;1871;1879;8.07;0.49;199.56;3.23;797;4;613.00;8
1075;4;5139832;1075;227;1873;1879;8.06;0.49;199.83;3.23;798;4;614.00;6
1077;4;5139842;1077;228;1873;1879;8.07;0.49;200.17;3.23;796;4;615.00;6
1078;4;5139851;1078;230;1873;1879;8.09;0.49;200.06;3.23;795;4;616.00;6
1079;4;5139861;1079;232;1873;1879;8.09;0.49;200.04;3.23;794;4;617.00;6
1082;4;5139871;1082;241;1877;1883;8.05;0.49;200.07;3.23;795;4;618.00;6
1082;4;5139881;1082;242;1878;1883;8.05;0.49;200.07;3.24;796;4;619.00;5
1083;4;5139890;1083;244;1882;1887;8.08;0.49;200.06;3.24;799;4;620.00;5
1085;4;5139900;1085;247;1883;1888;8.08;0.49;200.13;3.23;798;4;621.00;5
1090;4;5139910;1090;250;1883;1888;7.98;0.49;200.00;3.23;793;4;622.00;5
1091;4;5139919;1091;258;1884;1888;7.95;0.49;199.84;3.25;793;4;623.00;4
1093;4;5139928;1093;264;1894;1901;7.89;0.48;199.71;3.24;801;4;624.00;7
1097;4;5139939;1097;262;1894;1901;7.81;0.48;199.62;3.24;797;4;625.00;7
1100;4;5139948;1100;268;1897;1901;7.70;0.47;199.51;3.24;797;4;626.00;4
1104;4;5139957;1104;271;1898;1902;7.68;0.47;199.18;3.24;794;4;627.00;4
1105;4;5139967;1105;281;1899;1903;7.65;0.47;199.11;3.24;794;4;628.00;4
1107;4;5139977;1107;284;1902;1903;7.60;0.47;199.14;3.26;795;4;629.00;1
1108;4;5139987;1108;288;1906;1909;7.60;0.47;199.07;3.25;798;4;630.00;3
1108;4;5139998;1108;296;1907;1909;7.58;0.47;199.07;3.26;799;4;631.00;2
1109;4;5140006;1109;302;1909;1909;7.59;0.47;199.08;3.26;800;4;632.00;0
1111;4;5140016;1111;305;1909;1909;7.51;0.46;199.18;3.26;798;4;633.00;0
1117;4;5140025;1117;304;1914;1915;7.47;0.46;199.07;3.25;797;4;634.00;1
1119;4;5140036;1119;311;1915;1915;7.38;0.45;199.07;3.25;796;4;635.00;0
1122;4;5140045;1122;314;1915;1915;7.22;0.44;198.78;3.25;793;4;636.00;0
1123;4;5140053;1123;316;1915;1915;7.12;0.44;198.74;3.25;792;4;637.00;0
1125;4;5140062;1125;322;1919;1919;7.11;0.44;198.50;3.24;794;4;638.00;0
1127;4;5140071;1127;331;1920;1920;7.03;0.43;198.46;3.24;793;4;639.00;0
1129;4;5140081;1129;337;1920;1920;7.03;0.43;198.23;3.24;791;4;640.00;0
1130;4;5140090;1130;344;1921;1921;7.01;0.43;198.18;3.24;791;4;641.00;0
1132;4;5140099;1132;344;1921;1921;6.95;0.43;198.35;3.24;789;4;642.00;0
1133;4;5140107;1133;346;1921;1921;6.90;0.42;198.19;3.24;788;4;643.00;0
1133;4;5140116;1133;346;1921;1921;6.88;0.42;198.19;3.24;788;4;644.00;0
1133;4;5140125;1133;344;1921;1921;6.79;0.42;198.19;3.24;788;4;645.00;0
1134;4;5140134;1134;339;1921;1921;6.69;0.41;198.13;3.24;787;4;646.00;0
1134;4;5140147;1134;338;1921;1921;6.65;0.41;198.13;3.24;787;4;647.00;0
1136;4;5140156;1136;340;1961;1991;6.83;0.42;198.07;3.18;825;4;648.00;30
1136;4;5140171;1136;336;1964;1992;6.79;0.42;198.07;3.17;828;4;649.00;28
1137;4;5140180;1137;330;1971;1992;6.82;0.42;198.02;3.17;834;4;650.00;21
1139;4;5140190;1139;328;1974;1992;6.74;0.42;198.00;3.17;835;4;651.00;18
1144;4;5140200;1144;323;1977;1992;6.66;0.41;197.81;3.17;833;4;652.00;15
1145;4;5140210;1145;320;1977;1992;6.59;0.40;197.79;3.17;832;4;653.00;15
1147;4;5140219;1147;321;1980;1992;6.53;0.40;197.65;3.17;833;4;654.00;12
1147;4;5140228;1147;313;1983;1992;6.54;0.40;197.65;3.18;836;4;655.00;9
1150;4;5140239;1150;301;1984;1993;6.49;0.40;197.50;3.18;834;4;656.00;9
1152;4;5140248;1152;296;1987;1994;6.52;0.40;197.62;3.19;835;4;657.00;7
1152;4;5140257;1152;297;1987;1994;6.53;0.40;197.62;3.19;835;4;658.00;7
1156;4;5140265;1156;302;1993;1998;6.44;0.39;197.74;3.19;837;4;659.00;5
1160;4;5140276;1160;287;1995;1998;6.44;0.39;197.96;3.20;835;4;660.00;3
1167;4;5140285;1167;281;1997;1998;6.36;0.39;198.43;3.21;830;4;661.00;1
1168;4;5140299;1168;274;1998;1998;6.45;0.39;198.51;3.21;830;4;662.00;0
1170;4;5140308;1170;262;2004;2004;6.56;0.40;198.84;3.20;834;4;663.00;0
1172;4;5140317;1172;261;2004;2004;6.65;0.41;199.19;3.20;832;4;664.00;0
1176;4;5140326;1176;264;2004;2004;6.67;0.41;199.40;3.20;828;4;665.00;0
1180;4;5140334;1180;262;2007;2007;6.71;0.41;199.42;3.20;827;4;666.00;0
1183;4;5140349;1183;259;2007;2007;6.72;0.41;199.64;3.20;824;4;667.00;0
1184;4;5140359;1184;252;2007;2007;6.83;0.42;199.73;3.20;823;4;668.00;0
1185;4;5140368;1185;242;2008;2008;6.88;0.42;199.73;3.20;823;4;669.00;0
1186;4;5140378;1186;238;2009;2009;6.99;0.43;199.81;3.20;823;4;670.00;0
1190;4;5140388;1190;237;2009;2009;7.03;0.43;200.07;3.20;819;4;671.00;0
1193;4;5140398;1193;232;2021;2022;7.14;0.44;200.28;3.18;828;4;672.00;1
1197;4;5140408;1197;237;2022;2022;7.20;0.44;200.13;3.18;825;4;673.00;0
1202;4;5140419;1202;241;2022;2022;7.21;0.44;200.29;3.18;820;4;674.00;0
1206;4;5140429;1206;237;2024;2024;7.30;0.44;200.41;3.17;818;4;675.00;0
1212;4;5140438;1212;238;2024;2024;7.31;0.44;200.44;3.17;812;4;676.00;0
1216;4;5140449;1216;243;2028;2028;7.43;0.45;200.97;3.17;812;4;677.00;0
1217;4;5140461;1217;240;2028;2028;7.60;0.46;201.04;3.17;811;4;678.00;0
1223;4;5140471;1223;240;2032;2032;7.61;0.46;201.17;3.16;809;4;679.00;0
1223;4;5140481;1223;238;2032;2032;7.76;0.47;201.17;3.16;809;4;680.00;0
1228;4;5140492;1228;239;2032;2032;7.88;0.48;201.98;3.16;804;4;681.00;0
1232;4;5140501;1232;237;2032;2032;7.94;0.48;202.06;3.16;800;4;682.00;0
1234;4;5140512;1234;238;2032;2032;8.03;0.49;202.17;3.16;798;4;683.00;0
1239;4;5140523;1239;242;2043;2044;8.08;0.49;202.65;3.15;804;4;684.00;1
1240;4;5140535;1240;232;2043;2044;8.15;0.50;202.69;3.15;803;4;685.00;1
1244;4;5140545;1244;232;2044;2044;8.18;0.50;203.09;3.15;800;4;686.00;0
1249;4;5140555;1249;236;2044;2044;8.21;0.50;203.73;3.15;795;4;687.00;0
1251;4;5140565;1251;236;2044;2044;8.24;0.50;204.05;3.15;793;4;688.00;0
1254;4;5140576;1254;235;2044;2044;8.21;0.50;204.31;3.15;790;4;689.00;0
1259;4;5140588;1259;233;2045;2045;8.21;0.50;204.89;3.15;786;4;690.00;0
1264;4;5140600;1264;233;2045;2045;8.19;0.50;205.25;3.15;781;4;691.00;0
1272;4;5140611;1272;233;2051;2051;8.11;0.50;205.73;3.14;779;4;692.00;0
1273;4;5140623;1273;230;2052;2052;8.21;0.50;206.01;3.14;779;4;693.00;0
1281;4;5140634;1281;232;2052;2052;8.25;0.50;206.59;3.14;771;4;694.00;0
1286;4;5140644;1286;225;2052;2052;8.28;0.50;207.07;3.14;766;4;695.00;0
1288;4;5140655;1288;224;2056;2056;8.34;0.51;207.32;3.13;768;4;696.00;0
1292;4;5140666;1292;223;2056;2056;8.40;0.51;207.81;3.13;764;4;697.00;0
1295;4;5140677;1295;219;2056;2056;8.42;0.51;207.70;3.13;761;4;698.00;0
1303;4;5140686;1303;221;2057;2057;8.27;0.50;208.46;3.13;754;4;699.00;0
1306;4;5140697;1306;218;2061;2061;8.25;0.50;208.91;3.13;755;4;700.00;0
1312;4;5140711;1312;218;2061;2061;8.15;0.50;209.32;3.13;749;4;701.00;0
1315;4;5140720;1315;218;2063;2064;8.01;0.49;209.99;3.12;748;4;702.00;1
1317;4;5140735;1317;224;2063;2064;7.92;0.48;210.50;3.12;746;4;703.00;1
1320;4;5140745;1320;228;2064;2064;7.88;0.48;210.54;3.12;744;4;704.00;0
1322;4;5140754;1322;227;2064;2064;7.86;0.48;210.75;3.12;742;4;705.00;0
1327;4;5140764;1327;236;2068;2068;7.81;0.48;211.41;3.12;741;4;706.00;0
1328;4;5140774;1328;224;2068;2068;7.84;0.48;211.40;3.12;740;4;707.00;0
1331;4;5140784;1331;218;2068;2068;7.86;0.48;211.68;3.12;737;4;708.00;0
1331;4;5140794;1331;213;2068;2068;7.90;0.48;211.68;3.12;737;4;709.00;0
1333;4;5140805;1333;209;2069;2069;7.89;0.48;211.97;3.12;736;4;710.00;0
1335;4;5140817;1335;213;2070;2070;7.99;0.49;211.96;3.12;735;4;711.00;0
1336;4;5140826;1336;214;2070;2070;8.16;0.50;212.01;3.12;734;4;712.00;0
1339;4;5140837;1339;215;2071;2071;8.23;0.50;212.25;3.12;732;4;713.00;0
1340;4;5140848;1340;215;2071;2071;8.35;0.51;212.14;3.12;731;4;714.00;0
1344;4;5140859;1344;217;2071;2071;8.39;0.51;212.50;3.12;727;4;715.00;0
1347;4;5140875;1347;207;2071;2071;8.41;0.51;212.82;3.12;724;4;716.00;0
1349;4;5140886;1349;196;2071;2071;8.44;0.52;212.97;3.12;722;4;717.00;0
1355;4;5140896;1355;193;2071;2071;8.44;0.51;213.38;3.12;716;4;718.00;0
1358;4;5140908;1358;194;2071;2071;8.43;0.51;213.57;3.12;713;4;719.00;0
1361;4;5140921;1361;244;2198;2301;8.25;0.52;213.81;2.94;837;4;720.00;103
1363;4;5140951;1363;235;2207;2302;8.28;0.52;213.87;2.93;844;4;721.00;95
1365;4;5140962;1365;212;2216;2302;8.36;0.52;214.02;2.93;851;4;722.00;86
1366;4;5140973;1366;215;2225;2302;8.44;0.53;214.13;2.93;859;4;723.00;77
1370;4;5140983;1370;210;2232;2302;8.39;0.52;214.31;2.93;862;4;724.00;70
1373;4;5140999;1373;210;2235;2302;8.37;0.52;214.53;2.93;862;4;725.00;67
1376;4;5141009;1376;214;2243;2302;8.29;0.52;214.81;2.94;867;4;726.00;59
1377;4;5141019;1377;211;2247;2302;8.20;0.51;214.97;2.95;870;4;727.00;55
1382;4;5141030;1382;207;2253;2303;8.09;0.50;215.03;2.96;871;4;728.00;50
1384;4;5141041;1384;213;2256;2304;8.05;0.50;215.19;2.97;872;4;729.00;48
1386;4;5141053;1386;219;2264;2304;7.97;0.49;215.31;3.00;878;4;730.00;40
1387;4;5141064;1387;225;2268;2305;7.85;0.49;215.45;3.01;881;4;731.00;37
1388;4;5141074;1388;231;2272;2305;7.83;0.48;215.46;3.02;884;4;732.00;33
1392;4;5141085;1392;239;2276;2305;7.75;0.48;215.87;3.04;884;4;733.00;29
1393;4;5141095;1393;243;2276;2305;7.73;0.48;215.84;3.04;883;4;734.00;29
1393;4;5141105;1393;255;2279;2309;7.70;0.48;215.84;3.04;886;4;735.00;30
1396;4;5141115;1396;269;2281;2309;7.74;0.48;215.77;3.05;885;4;736.00;28
1397;4;5141125;1397;274;2282;2309;7.72;0.48;215.73;3.05;885;4;737.00;27
1398;5;5141141;1398;281;2284;2312;7.68;0.47;215.69;3.06;886;5;738.00;28
1401;5;5141163;1401;284;2284;2312;7.66;0.47;215.75;3.06;883;5;739.00;28
1401;5;5141174;1401;283;2286;2312;7.61;0.47;215.75;3.07;885;5;740.00;26
1403;5;5141185;1403;285;2289;2316;7.58;0.46;216.03;3.07;886;5;741.00;27
1403;5;5141196;1403;285;2292;2317;7.56;0.46;216.03;3.08;889;5;742.00;25
1405;5;5141206;1405;287;2292;2317;7.48;0.46;216.08;3.08;887;5;743.00;25
1406;5;5141221;1406;285;2295;2321;7.45;0.45;216.12;3.08;889;5;744.00;26
1409;5;5141232;1409;288;2297;2321;7.42;0.45;216.07;3.09;888;5;745.00;24
1410;5;5141243;1410;292;2297;2321;7.48;0.46;216.23;3.09;887;5;746.00;24
1411;5;5141252;1411;296;2299;2322;7.53;0.46;216.29;3.11;888;5;747.00;23
1414;5;5141262;1414;297;2299;2322;7.55;0.46;216.46;3.11;885;5;748.00;23
1415;5;5141272;1415;296;2305;2328;7.55;0.46;216.46;3.11;890;5;749.00;23
1416;5;5141285;1416;292;2307;2328;7.55;0.46;216.52;3.13;891;5;750.00;21
1417;5;5141295;1417;294;2309;2329;7.51;0.46;216.63;3.14;892;5;751.00;20
1420;5;5141307;1420;291;2310;2329;7.46;0.46;216.98;3.15;890;5;752.00;19
1422;5;5141318;1422;294;2310;2329;7.44;0.46;217.11;3.15;888;5;753.00;19
1423;5;5141328;1423;294;2312;2329;7.41;0.45;217.10;3.17;889;5;754.00;17
1428;5;5141345;1428;295;2313;2329;7.36;0.45;217.27;3.19;885;5;755.00;16
1432;5;5141355;1432;293;2324;2341;7.35;0.45;217.49;3.19;892;5;756.00;17
1434;5;5141373;1434;291;2324;2341;7.36;0.45;217.34;3.19;890;5;757.00;17
1436;5;5141384;1436;293;2324;2341;7.40;0.45;217.39;3.19;888;5;758.00;17
1439;5;5141394;1439;291;2327;2341;7.41;0.45;217.41;3.20;888;5;759.00;14
1440;5;5141406;1440;292;2329;2341;7.37;0.45;217.52;3.21;889;5;760.00;12
1441;5;5141417;1441;288;2329;2341;7.34;0.45;217.59;3.21;888;5;761.00;12
1442;5;5141427;1442;282;2334;2345;7.26;0.44;217.67;3.21;892;5;762.00;11
1444;5;5141440;1444;293;2334;2345;7.15;0.44;217.66;3.21;890;5;763.00;11
1445;5;5141450;1445;290;2338;2349;7.17;0.44;217.56;3.20;893;5;764.00;11
1445;5;5141461;1445;295;2340;2351;7.10;0.43;217.56;3.20;895;5;765.00;11
1447;5;5141476;1447;301;2340;2351;7.02;0.43;217.89;3.20;893;5;766.00;11
1448;5;5141485;1448;303;2340;2351;6.95;0.42;217.82;3.20;892;5;767.00;11
1450;5;5141500;1450;305;2350;2364;6.86;0.42;217.91;3.19;900;5;768.00;14
1453;5;5141511;1453;305;2351;2364;6.80;0.41;218.20;3.18;898;5;769.00;13
1454;5;5141520;1454;306;2351;2364;6.80;0.41;218.09;3.18;897;5;770.00;13
1456;5;5141530;1456;315;2352;2365;6.78;0.41;218.02;3.18;896;5;771.00;13
1456;5;5141539;1456;317;2353;2366;6.78;0.41;218.02;3.18;897;5;772.00;13
1456;5;5141549;1456;322;2354;2366;6.76;0.41;218.02;3.20;898;5;773.00;12
1459;5;5141559;1459;330;2356;2369;6.76;0.41;217.95;3.20;897;5;774.00;13
1460;5;5141568;1460;335;2358;2369;6.77;0.41;217.83;3.22;898;5;775.00;11
1460;5;5141578;1460;340;2358;2369;6.78;0.41;217.83;3.22;898;5;776.00;11
1462;5;5141588;1462;335;2359;2369;6.76;0.41;217.61;3.25;897;5;777.00;10
1462;5;5141598;1462;336;2364;2375;6.87;0.42;217.61;3.24;902;5;778.00;11
1465;5;5141609;1465;341;2365;2375;6.80;0.42;217.47;3.26;900;5;779.00;10
1466;5;5141621;1466;345;2366;2375;6.73;0.41;217.36;3.29;900;5;780.00;9
1470;5;5141631;1470;345;2367;2375;6.64;0.41;217.24;3.31;897;5;781.00;8
1472;5;5141640;1472;343;2371;2379;6.60;0.40;217.00;3.33;899;5;782.00;8
1473;5;5141650;1473;352;2373;2380;6.58;0.40;216.88;3.36;900;5;783.00;7
1476;5;5141659;1476;353;2374;2380;6.58;0.40;216.54;3.38;898;5;784.00;6
1478;5;5141669;1478;358;2375;2381;6.64;0.41;216.39;3.38;897;5;785.00;6
1478;5;5141679;1478;360;2376;2381;6.68;0.41;216.39;3.41;898;5;786.00;5
1479;5;5141689;1479;365;2376;2381;6.73;0.41;216.26;3.41;897;5;787.00;5
1481;5;5141708;1481;370;2377;2381;6.75;0.41;216.36;3.44;896;5;788.00;4
1483;5;5141726;1483;374;2377;2381;6.71;0.41;216.32;3.44;894;5;789.00;4
1487;5;5141742;1487;374;2380;2381;6.68;0.41;216.43;3.45;893;5;790.00;1
1487;5;5141754;1487;376;2381;2381;6.68;0.41;216.43;3.46;894;5;791.00;0
1489;5;5141763;1489;380;2417;2451;6.82;0.42;216.24;3.41;928;5;792.00;34
1492;5;5141787;1492;380;2420;2452;6.78;0.42;216.02;3.40;928;5;793.00;32
1494;5;5141798;1494;384;2431;2452;6.81;0.42;216.14;3.40;937;5;794.00;21
1495;5;5141810;1495;386;2435;2452;6.77;0.42;216.04;3.40;940;5;795.00;17
1496;5;5141821;1496;387;2438;2452;6.72;0.41;216.06;3.40;942;5;796.00;14
1497;5;5141832;1497;394;2441;2452;6.68;0.41;216.15;3.40;944;5;797.00;11
1498;5;5141843;1498;398;2443;2452;6.58;0.41;216.06;3.40;945;5;798.00;9
1500;5;5141855;1500;401;2445;2452;6.50;0.40;216.08;3.40;945;5;799.00;7
1500;5;5141866;1500;402;2447;2453;6.43;0.40;216.08;3.41;947;5;800.00;6
1502;5;5141880;1502;407;2449;2454;6.34;0.39;215.94;3.41;947;5;801.00;5
1502;5;5141894;1502;395;2452;2454;6.32;0.39;215.94;3.42;950;5;802.00;2
1504;5;5141908;1504;384;2458;2458;6.28;0.39;215.80;3.42;954;5;803.00;0
1507;5;5141924;1507;385;2458;2458;6.27;0.39;215.62;3.42;951;5;804.00;0
1510;5;5141934;1510;382;2458;2458;6.27;0.39;215.54;3.42;948;5;805.00;0
1512;5;5141945;1512;379;2458;2458;6.28;0.39;215.62;3.42;946;5;806.00;0
1512;5;5141957;1512;382;2464;2464;6.34;0.39;215.62;3.41;952;5;807.00;0
1517;5;5141968;1517;381;2464;2464;6.26;0.38;215.43;3.41;947;5;808.00;0
1518;5;5141991;1518;377;2464;2464;6.29;0.38;215.62;3.41;946;5;809.00;0
1518;5;5142003;1518;377;2469;2470;6.35;0.39;215.62;3.40;951;5;810.00;1
1519;5;5142014;1519;373;2469;2470;6.38;0.39;215.54;3.40;950;5;811.00;1
1519;5;5142024;1519;370;2470;2470;6.34;0.39;215.54;3.40;951;5;812.00;0
1520;5;5142042;1520;363;2471;2471;6.35;0.39;215.50;3.40;951;5;813.00;0
1523;5;5142053;1523;369;2472;2472;6.30;0.39;215.38;3.40;949;5;814.00;0
1523;5;5142064;1523;370;2472;2472;6.32;0.39;215.38;3.40;949;5;815.00;0
1527;5;5142074;1527;369;2485;2485;6.29;0.39;215.11;3.38;958;5;816.00;0
1529;5;5142086;1529;364;2485;2485;6.31;0.39;215.01;3.38;956;5;817.00;0
1530;5;5142096;1530;363;2485;2485;6.34;0.39;214.93;3.38;955;5;818.00;0
1534;5;5142108;1534;360;2486;2486;6.41;0.39;214.90;3.38;952;5;819.00;0
1537;5;5142119;1537;356;2486;2486;6.40;0.39;214.81;3.38;949;5;820.00;0
1540;5;5142130;1540;350;2490;2490;6.39;0.39;214.89;3.38;950;5;821.00;0
1543;5;5142146;1543;353;2490;2490;6.37;0.39;214.64;3.38;947;5;822.00;0
1546;5;5142165;1546;354;2494;2494;6.33;0.39;214.91;3.37;948;5;823.00;0
1549;5;5142185;1549;352;2494;2494;6.28;0.38;214.93;3.37;945;5;824.00;0
1551;5;5142203;1551;332;2494;2494;6.29;0.38;214.94;3.37;943;5;825.00;0
1553;5;5142216;1553;320;2494;2494;6.29;0.38;215.07;3.37;941;5;826.00;0
1557;5;5142228;1557;310;2494;2494;6.27;0.38;215.17;3.37;937;5;827.00;0
1558;5;5142240;1558;301;2506;2506;6.29;0.38;215.33;3.36;948;5;828.00;0
1562;5;5142253;1562;299;2506;2506;6.36;0.39;215.70;3.36;944;5;829.00;0
1566;5;5142264;1566;292;2506;2506;6.46;0.39;216.02;3.36;940;5;830.00;0
1569;5;5142276;1569;286;2506;2506;6.56;0.40;215.84;3.36;937;5;831.00;0
1574;5;5142288;1574;271;2506;2506;6.65;0.41;216.26;3.36;932;5;832.00;0
1577;5;5142299;1577;263;2506;2506;6.79;0.41;216.56;3.36;929;5;833.00;0
1578;5;5142311;1578;258;2507;2507;6.93;0.42;216.62;3.36;929;5;834.00;0
1580;5;5142324;1580;254;2507;2507;7.00;0.43;216.81;3.36;927;5;835.00;0
1582;5;5142336;1582;250;2513;2513;7.07;0.43;216.96;3.35;931;5;836.00;0
1588;5;5142347;1588;244;2514;2514;7.07;0.43;217.46;3.35;926;5;837.00;0
1592;5;5142360;1592;240;2514;2514;7.05;0.43;217.81;3.35;922;5;838.00;0
1595;5;5142372;1595;236;2514;2514;7.11;0.43;218.04;3.35;919;5;839.00;0
1600;5;5142387;1600;238;2519;2519;7.10;0.43;218.65;3.34;919;5;840.00;0
1603;5;5142399;1603;246;2519;2519;7.11;0.43;218.84;3.34;916;5;841.00;0
1607;5;5142413;1607;243;2519;2519;7.10;0.43;219.13;3.34;912;5;842.00;0
1612;5;5142426;1612;249;2520;2520;7.10;0.43;219.83;3.34;908;5;843.00;0
1616;5;5142439;1616;245;2524;2524;7.08;0.43;220.25;3.34;908;5;844.00;0
1620;5;5142452;1620;249;2524;2524;7.14;0.43;220.59;3.34;904;5;845.00;0
1622;5;5142464;1622;255;2526;2527;7.15;0.44;220.89;3.34;904;5;846.00;1
1626;5;5142476;1626;248;2526;2527;7.25;0.44;220.74;3.34;900;5;847.00;1
1629;5;5142488;1629;251;2527;2527;7.26;0.44;221.10;3.34;898;5;848.00;0
1633;5;5142500;1633;242;2527;2527;7.27;0.44;221.18;3.34;894;5;849.00;0
1638;5;5142515;1638;241;2531;2531;7.29;0.44;221.47;3.33;893;5;850.00;0
1642;5;5142528;1642;239;2531;2531;7.28;0.44;221.64;3.33;889;5;851.00;0
1646;5;5142541;1646;244;2531;2531;7.32;0.45;222.19;3.33;885;5;852.00;0
1649;5;5142553;1649;243;2531;2531;7.39;0.45;222.45;3.33;882;5;853.00;0
1653;5;5142568;1653;241;2532;2532;7.45;0.45;222.66;3.33;879;5;854.00;0
1656;5;5142587;1656;246;2534;2534;7.46;0.45;223.22;3.33;878;5;855.00;0
1663;5;5142605;1663;245;2534;2534;7.41;0.45;223.86;3.33;871;5;856.00;0
1666;5;5142618;1666;240;2534;2535;7.46;0.45;223.85;3.33;868;5;857.00;1
1672;5;5142638;1672;242;2534;2535;7.50;0.45;224.28;3.33;862;5;858.00;1
1675;5;5142657;1675;237;2534;2535;7.57;0.46;224.48;3.33;859;5;859.00;1
1681;5;5142677;1681;241;2534;2535;7.60;0.46;224.70;3.33;853;5;860.00;1
1685;5;5142691;1685;239;2534;2535;7.60;0.46;225.02;3.33;849;5;861.00;1
1688;5;5142703;1688;237;2535;2535;7.57;0.46;225.24;3.33;847;5;862.00;0
1696;5;5142716;1696;238;2535;2535;7.45;0.45;225.83;3.33;839;5;863.00;0
1698;5;5142735;1698;259;2610;2662;7.59;0.47;226.28;3.24;912;5;864.00;52
1702;5;5142757;1702;253;2615;2663;7.54;0.46;226.55;3.23;913;5;865.00;48
1706;5;5142770;1706;248;2622;2663;7.52;0.46;226.75;3.23;916;5;866.00;41
1707;5;5142782;1707;242;2623;2663;7.51;0.46;226.76;3.23;916;5;867.00;40
1709;5;5142794;1709;246;2626;2663;7.54;0.47;226.79;3.23;917;5;868.00;37
1712;5;5142807;1712;245;2627;2663;7.55;0.47;227.37;3.23;915;5;869.00;36
1714;5;5142821;1714;252;2628;2663;7.49;0.46;227.54;3.23;914;5;870.00;35
1718;5;5142839;1718;260;2630;2663;7.37;0.45;227.61;3.23;912;5;871.00;33
1723;5;5142851;1723;252;2632;2664;7.29;0.45;227.86;3.24;909;5;872.00;32
1724;5;5142864;1724;252;2635;2665;7.22;0.44;228.05;3.24;911;5;873.00;30
1727;5;5142876;1727;253;2636;2665;7.14;0.44;228.33;3.25;909;5;874.00;29
1729;5;5142889;1729;256;2640;2666;7.04;0.43;228.54;3.25;911;5;875.00;26
1731;5;5142901;1731;256;2641;2666;7.06;0.43;228.55;3.26;910;5;876.00;25
1734;5;5142915;1734;260;2644;2666;7.05;0.43;228.73;3.27;910;5;877.00;22
1737;5;5142927;1737;266;2644;2666;7.03;0.43;229.05;3.27;907;5;878.00;22
1737;5;5142940;1737;273;2649;2670;7.10;0.44;229.05;3.28;912;5;879.00;21
1738;5;5142951;1738;276;2651;2670;7.11;0.44;229.14;3.28;913;5;880.00;19
1740;5;5142969;1740;272;2653;2670;7.08;0.43;229.25;3.29;913;5;881.00;17
1742;5;5142981;1742;270;2654;2673;7.10;0.44;229.52;3.30;912;5;882.00;19
1745;5;5142993;1745;266;2655;2673;7.14;0.44;229.45;3.31;910;5;883.00;18
1748;5;5143006;1748;266;2659;2673;7.18;0.44;229.76;3.33;911;5;884.00;14
1751;5;5143019;1751;266;2662;2677;7.18;0.44;229.79;3.32;911;5;885.00;15
1754;5;5143038;1754;263;2663;2678;7.20;0.44;229.84;3.33;909;5;886.00;15
1758;5;5143050;1758;260;2665;2678;7.19;0.44;229.97;3.33;907;5;887.00;13
1759;5;5143063;1759;266;2669;2682;7.24;0.44;230.17;3.35;910;5;888.00;13
1761;5;5143076;1761;273;2669;2682;7.31;0.45;230.21;3.35;908;5;889.00;13
1762;5;5143089;1762;273;2670;2682;7.39;0.45;230.27;3.35;908;5;890.00;12
1763;5;5143101;1763;274;2671;2683;7.57;0.46;230.28;3.35;908;5;891.00;12
1764;5;5143114;1764;264;2673;2683;7.73;0.47;230.24;3.37;909;5;892.00;10
1769;5;5143128;1769;258;2678;2689;7.87;0.48;230.57;3.37;909;5;893.00;11
1775;5;5143143;1775;255;2680;2689;7.95;0.48;230.76;3.39;905;5;894.00;9
1776;5;5143157;1776;248;2682;2690;8.01;0.49;230.92;3.39;906;5;895.00;8
1777;5;5143171;1777;252;2683;2690;8.12;0.49;230.97;3.40;906;5;896.00;7
1778;5;5143184;1778;244;2684;2690;8.18;0.50;231.12;3.41;906;5;897.00;6
1786;5;5143199;1786;247;2686;2690;8.20;0.50;231.68;3.42;900;5;898.00;4
1788;5;5143213;1788;245;2688;2690;8.30;0.50;231.80;3.43;900;5;899.00;2
1792;5;5143228;1792;250;2716;2736;8.28;0.51;232.14;3.39;924;5;900.00;20
1796;5;5143250;1796;247;2717;2736;8.30;0.51;232.41;3.39;921;5;901.00;19
1798;5;5143264;1798;254;2722;2736;8.37;0.51;232.88;3.39;924;5;902.00;14
1799;5;5143277;1799;256;2723;2736;8.39;0.51;232.91;3.39;924;5;903.00;13
1803;5;5143290;1803;263;2725;2736;8.41;0.51;233.27;3.39;922;5;904.00;11
1806;5;5143304;1806;267;2727;2736;8.33;0.51;233.57;3.40;921;5;905.00;9
1807;5;5143322;1807;267;2732;2740;8.30;0.50;233.47;3.39;925;5;906.00;8
1808;5;5143335;1808;270;2733;2740;8.24;0.50;233.48;3.39;925;5;907.00;7
1812;6;5143347;1812;274;2737;2744;8.21;0.50;233.54;3.39;925;6;908.00;7
1812;6;5143365;1812;277;2738;2745;8.27;0.50;233.54;3.39;926;6;909.00;7
1816;6;5143376;1816;284;2738;2745;8.16;0.49;233.75;3.39;922;6;910.00;7
1817;6;5143388;1817;289;2738;2745;8.06;0.49;233.77;3.39;921;6;911.00;7
1821;6;5143398;1821;292;2751;2758;8.00;0.49;234.22;3.38;930;6;912.00;7
1823;6;5143411;1823;303;2752;2758;7.88;0.48;234.23;3.38;929;6;913.00;6
1824;6;5143428;1824;302;2752;2758;7.78;0.47;234.39;3.38;928;6;914.00;6
1826;6;5143442;1826;297;2753;2759;7.76;0.47;234.41;3.38;927;6;915.00;6
1828;6;5143454;1828;298;2754;2760;7.60;0.46;234.52;3.38;926;6;916.00;6
1831;6;5143472;1831;304;2754;2760;7.45;0.45;234.64;3.38;923;6;917.00;6
1833;6;5143483;1833;309;2758;2763;7.37;0.45;234.68;3.39;925;6;918.00;5
1836;6;5143495;1836;302;2758;2763;7.30;0.44;234.79;3.39;922;6;919.00;5
1840;6;5143508;1840;296;2759;2763;7.22;0.44;234.83;3.39;919;6;920.00;4
1842;6;5143520;1842;300;2759;2763;7.18;0.44;235.01;3.39;917;6;921.00;4
1846;6;5143531;1846;296;2764;2769;7.13;0.43;235.20;3.39;918;6;922.00;5
1851;6;5143544;1851;296;2764;2769;7.08;0.43;235.56;3.39;913;6;923.00;5
1853;6;5143557;1853;300;2767;2769;7.08;0.43;235.66;3.40;914;6;924.00;2
1857;6;5143569;1857;300;2767;2769;7.09;0.43;235.67;3.40;910;6;925.00;2
1860;6;5143580;1860;306;2771;2773;7.10;0.43;235.69;3.40;911;6;926.00;2
1863;6;5143591;1863;304;2774;2774;7.13;0.43;236.00;3.41;911;6;927.00;0
1865;6;5143602;1865;303;2774;2774;7.11;0.43;236.05;3.41;909;6;928.00;0
1869;6;5143614;1869;301;2775;2775;7.05;0.43;236.14;3.41;906;6;929.00;0
1874;6;5143627;1874;303;2775;2775;6.96;0.42;236.04;3.41;901;6;930.00;0
1879;6;5143639;1879;301;2775;2775;6.87;0.42;236.19;3.41;896;6;931.00;0
1881;6;5143649;1881;307;2775;2775;6.82;0.41;236.14;3.41;894;6;932.00;0
1885;6;5143662;1885;305;2775;2775;6.78;0.41;236.18;3.41;890;6;933.00;0
1887;6;5143675;1887;306;2775;2775;6.76;0.41;236.30;3.41;888;6;934.00;0
1889;6;5143686;1889;304;2775;2775;6.70;0.41;236.10;3.41;886;6;935.00;0
1890;6;5143696;1890;311;2813;2845;6.92;0.42;236.09;3.36;923;6;936.00;32
1891;6;5143714;1891;313;2815;2846;6.92;0.42;236.00;3.36;924;6;937.00;31
1892;6;5143725;1892;318;2822;2846;6.97;0.42;235.90;3.35;930;6;938.00;24
1892;6;5143736;1892;320;2825;2846;6.93;0.42;235.90;3.35;933;6;939.00;21
1893;6;5143747;1893;323;2828;2846;6.95;0.42;235.85;3.35;935;6;940.00;18
1893;6;5143757;1893;317;2832;2846;6.95;0.42;235.85;3.36;939;6;941.00;14
1895;6;5143770;1895;321;2834;2846;6.92;0.42;235.97;3.36;939;6;942.00;12
1895;6;5143780;1895;321;2836;2846;6.97;0.42;235.97;3.36;941;6;943.00;10
1898;6;5143791;1898;321;2838;2847;6.98;0.42;235.98;3.36;940;6;944.00;9
1898;6;5143801;1898;321;2840;2849;6.96;0.42;235.98;3.37;942;6;945.00;9
1901;6;5143812;1901;319;2842;2849;6.96;0.42;235.98;3.37;941;6;946.00;7
1903;6;5143823;1903;326;2847;2853;6.96;0.42;236.08;3.37;944;6;947.00;6
1904;6;5143833;1904;331;2849;2853;6.87;0.42;235.96;3.38;945;6;948.00;4
1907;6;5143843;1907;324;2850;2853;6.83;0.41;235.92;3.38;943;6;949.00;3
1908;6;5143854;1908;315;2852;2853;6.81;0.41;235.88;3.38;944;6;950.00;1
1908;6;5143864;1908;312;2857;2859;6.80;0.41;235.88;3.38;949;6;951.00;2
1908;6;5143875;1908;309;2857;2859;6.77;0.41;235.88;3.38;949;6;952.00;2
1909;6;5143886;1909;309;2857;2859;6.80;0.41;235.88;3.38;948;6;953.00;2
1910;6;5143897;1910;319;2859;2862;6.79;0.41;235.81;3.38;949;6;954.00;3
1911;6;5143908;1911;328;2862;2862;6.80;0.41;235.71;3.38;951;6;955.00;0
1912;6;5143923;1912;326;2862;2862;6.80;0.41;235.71;3.38;950;6;956.00;0
1913;6;5143933;1913;331;2862;2863;6.77;0.41;235.72;3.38;949;6;957.00;1
1915;6;5143944;1915;337;2864;2864;6.74;0.41;235.65;3.38;949;6;958.00;0
1916;6;5143955;1916;346;2864;2864;6.77;0.41;235.61;3.38;948;6;959.00;0
1916;6;5143967;1916;353;2885;2890;6.78;0.41;235.61;3.35;969;6;960.00;5
1917;6;5143980;1917;346;2887;2890;6.82;0.42;235.50;3.35;970;6;961.00;3
1919;6;5143991;1919;346;2890;2890;6.81;0.42;235.46;3.35;971;6;962.00;0
1921;6;5144006;1921;342;2891;2891;6.79;0.42;235.35;3.35;970;6;963.00;0
1921;6;5144022;1921;342;2891;2891;6.77;0.42;235.35;3.35;970;6;964.00;0
1921;6;5144032;1921;338;2895;2895;6.72;0.41;235.35;3.35;974;6;965.00;0
1922;6;5144042;1922;343;2895;2895;6.66;0.41;235.34;3.35;973;6;966.00;0
1924;6;5144052;1924;354;2899;2899;6.55;0.40;235.33;3.34;975;6;967.00;0
1925;6;5144062;1925;347;2899;2899;6.51;0.40;235.34;3.34;974;6;968.00;0
1925;6;5144072;1925;355;2899;2899;6.53;0.40;235.34;3.34;974;6;969.00;0
1931;6;5144087;1931;356;2899;2899;6.46;0.40;235.22;3.34;968;6;970.00;0
1933;6;5144097;1933;358;2899;2899;6.43;0.39;235.13;3.34;966;6;971.00;0
1937;6;5144106;1937;361;2910;2911;6.38;0.39;235.02;3.33;973;6;972.00;1
1938;6;5144117;1938;360;2910;2911;6.33;0.39;234.92;3.33;972;6;973.00;1
1940;6;5144126;1940;359;2911;2911;6.29;0.39;235.10;3.33;971;6;974.00;0
1944;6;5144137;1944;355;2911;2911;6.23;0.38;235.23;3.33;967;6;975.00;0
1951;6;5144146;1951;359;2911;2911;6.15;0.38;235.33;3.33;960;6;976.00;0
1952;6;5144157;1952;357;2911;2911;6.13;0.38;235.45;3.33;959;6;977.00;0
1953;6;5144167;1953;359;2912;2912;6.08;0.37;235.49;3.33;959;6;978.00;0
1959;6;5144177;1959;353;2912;2912;6.04;0.37;235.92;3.33;953;6;979.00;0
1959;6;5144188;1959;342;2918;2918;6.11;0.37;235.92;3.32;959;6;980.00;0
1963;6;5144199;1963;335;2919;2919;6.12;0.37;235.86;3.32;956;6;981.00;0
1967;6;5144210;1967;337;2919;2919;6.12;0.37;235.66;3.32;952;6;982.00;0
1968;6;5144221;1968;337;2919;2919;6.10;0.37;235.65;3.32;951;6;983.00;0
1971;6;5144230;1971;336;2923;2923;6.09;0.37;235.61;3.32;952;6;984.00;0
1972;6;5144242;1972;333;2923;2923;6.11;0.37;235.53;3.32;951;6;985.00;0
1975;6;5144252;1975;335;2923;2923;6.11;0.37;235.71;3.32;948;6;986.00;0
1977;6;5144262;1977;337;2924;2924;6.13;0.37;235.79;3.32;947;6;987.00;0
1980;6;5144272;1980;332;2928;2928;6.13;0.37;235.83;3.31;948;6;988.00;0
1984;6;5144281;1984;331;2928;2928;6.09;0.37;235.84;3.31;944;6;989.00;0
1988;6;5144293;1988;311;2932;2934;6.08;0.37;235.81;3.31;944;6;990.00;2
1992;6;5144303;1992;305;2932;2934;6.08;0.37;235.83;3.31;940;6;991.00;2
1993;6;5144313;1993;293;2934;2934;6.19;0.37;235.85;3.31;941;6;992.00;0
1997;6;5144322;1997;284;2934;2934;6.23;0.38;235.87;3.31;937;6;993.00;0
1999;6;5144332;1999;285;2938;2938;6.36;0.39;235.84;3.31;939;6;994.00;0
2005;6;5144343;2005;287;2938;2938;6.49;0.39;235.98;3.31;933;6;995.00;0
2008;6;5144355;2008;285;2938;2938;6.65;0.40;236.24;3.31;930;6;996.00;0
2009;6;5144366;2009;276;2938;2938;6.78;0.41;236.23;3.31;929;6;997.00;0
2012;6;5144378;2012;266;2939;2939;6.91;0.42;236.58;3.31;927;6;998.00;0
2014;6;5144389;2014;260;2940;2940;7.00;0.43;236.69;3.30;926;6;999.00;0
2018;6;5144408;2018;256;2940;2940;7.02;0.43;236.94;3.30;922;6;1000.00;0
2018;6;5144425;2018;247;2941;2941;7.12;0.43;236.94;3.30;923;6;1001.00;0
2024;6;5144437;2024;241;2941;2941;7.16;0.44;237.28;3.30;917;6;1002.00;0
2027;6;5144449;2027;241;2941;2941;7.19;0.44;237.43;3.30;914;6;1003.00;0
2029;6;5144462;2029;241;2941;2941;7.23;0.44;237.67;3.30;912;6;1004.00;0
2035;6;5144474;2035;243;2941;2941;7.20;0.44;238.01;3.30;906;6;1005.00;0
2039;6;5144487;2039;244;2941;2941;7.23;0.44;238.22;3.30;902;6;1006.00;0
2040;6;5144497;2040;244;2941;2941;7.29;0.44;238.13;3.30;901;6;1007.00;0
2045;6;5144510;2045;254;3015;3068;7.54;0.46;238.20;3.22;970;6;1008.00;53
2052;6;5144531;2052;254;3021;3069;7.50;0.46;238.19;3.22;969;6;1009.00;48
2055;6;5144546;2055;250;3030;3069;7.56;0.46;238.30;3.22;975;6;1010.00;39
2059;6;5144560;2059;252;3033;3069;7.54;0.46;238.48;3.21;974;6;1011.00;36
2061;6;5144574;2061;250;3037;3069;7.57;0.46;238.63;3.22;976;6;1012.00;32
2063;6;5144588;2063;255;3037;3069;7.59;0.47;238.86;3.22;974;6;1013.00;32
2066;6;5144602;2066;250;3039;3069;7.52;0.46;238.82;3.22;973;6;1014.00;30
2070;6;5144615;2070;260;3041;3069;7.48;0.46;239.19;3.22;971;6;1015.00;28
2073;6;5144627;2073;258;3043;3070;7.40;0.46;239.29;3.22;970;6;1016.00;27
2077;6;5144641;2077;265;3046;3071;7.33;0.45;239.62;3.23;969;6;1017.00;25
2080;6;5144656;2080;266;3048;3071;7.30;0.45;239.74;3.23;968;6;1018.00;23
2085;6;5144668;2085;267;3051;3072;7.26;0.45;240.03;3.24;966;6;1019.00;21
2089;6;5144683;2089;279;3054;3072;7.24;0.45;240.37;3.25;965;6;1020.00;18
2090;6;5144696;2090;279;3056;3072;7.29;0.45;240.47;3.25;966;6;1021.00;16
2095;6;5144708;2095;278;3057;3072;7.29;0.45;240.90;3.26;962;6;1022.00;15
2100;6;5144721;2100;283;3061;3076;7.30;0.45;241.31;3.26;961;6;1023.00;15
2105;6;5144733;2105;280;3063;3076;7.20;0.44;241.60;3.27;958;6;1024.00;13
2109;6;5144747;2109;288;3063;3076;7.20;0.44;241.62;3.27;954;6;1025.00;13
2115;6;5144759;2115;289;3066;3079;7.13;0.44;241.63;3.27;951;6;1026.00;13
2120;6;5144772;2120;298;3067;3079;7.06;0.43;242.10;3.28;947;6;1027.00;12
2124;6;5144785;2124;297;3070;3079;7.12;0.44;242.07;3.30;946;6;1028.00;9
2128;6;5144797;2128;300;3076;3083;7.16;0.44;242.33;3.30;948;6;1029.00;7
2132;6;5144809;2132;300;3079;3084;7.13;0.44;242.62;3.32;947;6;1030.00;5
2136;6;5144822;2136;305;3080;3084;7.11;0.44;242.57;3.32;944;6;1031.00;4
2139;6;5144836;2139;307;3083;3088;7.11;0.44;242.77;3.32;944;6;1032.00;5
2145;6;5144848;2145;306;3085;3088;7.08;0.43;243.01;3.33;940;6;1033.00;3
2146;6;5144863;2146;310;3086;3088;7.02;0.43;243.01;3.33;940;6;1034.00;2
2152;6;5144881;2152;317;3089;3090;6.95;0.42;243.35;3.33;937;6;1035.00;1
2156;6;5144894;2156;323;3089;3090;6.92;0.42;243.49;3.33;933;6;1036.00;1
2157;6;5144907;2157;315;3094;3096;6.94;0.42;243.52;3.32;937;6;1037.00;2
2162;6;5144920;2162;315;3096;3096;6.89;0.42;243.70;3.32;934;6;1038.00;0
2164;6;5144938;2164;320;3097;3097;6.88;0.42;244.10;3.32;933;6;1039.00;0
2165;6;5144951;2165;309;3097;3097;6.94;0.42;244.23;3.32;932;6;1040.00;0
2172;6;5144964;2172;308;3097;3097;6.99;0.42;244.80;3.32;925;6;1041.00;0
2176;6;5144977;2176;313;3097;3097;7.03;0.43;244.91;3.32;921;6;1042.00;0
2177;6;5144989;2177;319;3097;3097;7.08;0.43;244.94;3.32;920;6;1043.00;0
2179;6;5145000;2179;322;3108;3109;7.18;0.44;245.10;3.31;929;6;1044.00;1
2182;6;5145013;2182;323;3109;3109;7.22;0.44;245.26;3.31;927;6;1045.00;0
2185;6;5145025;2185;310;3109;3109;7.24;0.44;245.61;3.31;924;6;1046.00;0
2187;6;5145039;2187;308;3109;3109;7.23;0.44;245.77;3.31;922;6;1047.00;0
2189;6;5145050;2189;308;3109;3109;7.23;0.44;245.88;3.31;920;6;1048.00;0
2191;6;5145062;2191;305;3109;3109;7.26;0.44;245.99;3.31;918;6;1049.00;0
2192;6;5145082;2192;310;3115;3115;7.30;0.44;246.16;3.30;923;6;1050.00;0
2194;6;5145095;2194;302;3115;3115;7.32;0.44;246.23;3.30;921;6;1051.00;0
2198;6;5145113;2198;306;3119;3119;7.33;0.44;246.70;3.30;921;6;1052.00;0
2200;6;5145125;2200;306;3120;3120;7.33;0.44;246.85;3.30;920;6;1053.00;0
2202;6;5145137;2202;309;3120;3120;7.22;0.44;247.06;3.30;918;6;1054.00;0
2206;6;5145148;2206;306;3120;3120;7.11;0.43;247.45;3.30;914;6;1055.00;0
2209;6;5145166;2209;313;3133;3133;7.11;0.43;247.52;3.29;924;6;1056.00;0
2210;6;5145181;2210;304;3133;3133;7.08;0.43;247.63;3.29;923;6;1057.00;0
2211;6;5145195;2211;297;3133;3133;7.05;0.43;247.81;3.29;922;6;1058.00;0
2211;6;5145208;2211;292;3134;3134;7.09;0.43;247.81;3.28;923;6;1059.00;0
2213;6;5145221;2213;286;3135;3135;7.07;0.43;247.76;3.28;922;6;1060.00;0
2215;6;5145233;2215;278;3135;3135;7.12;0.43;247.84;3.28;920;6;1061.00;0
2217;6;5145246;2217;273;3137;3138;7.20;0.44;247.84;3.28;920;6;1062.00;1
2220;6;5145259;2220;276;3137;3138;7.16;0.44;247.83;3.28;917;6;1063.00;1
2222;6;5145272;2222;276;3138;3138;7.08;0.43;247.76;3.28;916;6;1064.00;0
2225;6;5145284;2225;273;3138;3138;7.09;0.43;247.92;3.28;913;6;1065.00;0
2228;6;5145295;2228;286;3144;3144;7.11;0.43;247.93;3.28;916;6;1066.00;0
2231;6;5145309;2231;288;3144;3144;7.10;0.43;248.02;3.28;913;6;1067.00;0
2233;6;5145320;2233;289;3144;3144;7.09;0.43;248.00;3.28;911;6;1068.00;0
2235;6;5145332;2235;296;3144;3144;7.06;0.43;248.01;3.28;909;6;1069.00;0
2239;6;5145343;2239;305;3148;3148;6.99;0.43;248.38;3.27;909;6;1070.00;0
2243;6;5145356;2243;312;3149;3149;6.93;0.42;248.22;3.27;906;6;1071.00;0
2244;6;5145374;2244;316;3149;3149;6.90;0.42;248.25;3.27;905;6;1072.00;0
2246;6;5145385;2246;326;3150;3150;6.86;0.42;248.34;3.27;904;6;1073.00;0
2248;6;5145395;2248;328;3150;3150;6.82;0.42;248.17;3.27;902;6;1074.00;0
2249;6;5145407;2249;330;3150;3150;6.76;0.41;248.20;3.27;901;6;1075.00;0
2252;6;5145417;2252;339;3150;3150;6.71;0.41;248.01;3.27;898;6;1076.00;0
2255;6;5145429;2255;344;3150;3150;6.67;0.41;247.98;3.27;895;6;1077.00;0
2258;6;5145440;2258;349;3150;3150;6.63;0.40;248.12;3.27;892;6;1078.00;0
2258;6;5145450;2258;353;3150;3150;6.60;0.40;248.12;3.27;892;6;1079.00;0
2261;6;5145467;2261;385;3229;3275;6.52;0.40;248.16;3.19;968;6;1080.00;46
2263;6;5145489;2263;373;3231;3276;6.46;0.40;248.27;3.19;968;6;1081.00;45
2265;6;5145500;2265;365;3240;3276;6.55;0.40;248.37;3.19;975;6;1082.00;36
2266;6;5145511;2266;349;3241;3276;6.51;0.40;248.29;3.19;975;6;1083.00;35
2267;6;5145522;2267;344;3245;3276;6.47;0.40;248.24;3.19;978;6;1084.00;31
2269;6;5145533;2269;343;3247;3276;6.42;0.39;248.29;3.19;978;6;1085.00;29
2270;6;5145544;2270;341;3252;3276;6.42;0.39;248.46;3.19;982;6;1086.00;24
2273;6;5145554;2273;335;3256;3276;6.38;0.39;248.75;3.20;983;6;1087.00;20
2275;6;5145565;2275;337;3260;3277;6.40;0.39;248.80;3.20;985;6;1088.00;17
2279;6;5145576;2279;341;3263;3278;6.44;0.39;248.90;3.21;984;6;1089.00;15
2281;6;5145588;2281;337;3266;3278;6.44;0.39;249.02;3.21;985;6;1090.00;12
2283;6;5145598;2283;335;3271;3282;6.50;0.40;249.05;3.21;988;6;1091.00;11
2284;6;5145610;2284;341;3272;3282;6.51;0.40;249.28;3.22;988;6;1092.00;10
2287;6;5145620;2287;342;3273;3282;6.51;0.40;249.54;3.22;986;6;1093.00;9
2290;6;5145631;2290;343;3274;3282;6.48;0.39;249.68;3.22;984;6;1094.00;8
2290;6;5145642;2290;342;3278;3288;6.45;0.39;249.68;3.22;988;6;1095.00;10
2293;6;5145652;2293;327;3279;3288;6.43;0.39;249.62;3.23;986;6;1096.00;9
2299;6;5145664;2299;308;3281;3288;6.36;0.39;249.61;3.23;982;6;1097.00;7
2302;6;5145676;2302;306;3284;3291;6.39;0.39;249.64;3.23;982;6;1098.00;7
2304;6;5145687;2304;301;3285;3291;6.42;0.39;249.65;3.23;981;6;1099.00;6
2305;6;5145699;2305;301;3285;3291;6.49;0.40;249.63;3.23;980;6;1100.00;6
2307;6;5145713;2307;291;3285;3292;6.53;0.40;249.69;3.23;978;6;1101.00;7
2307;6;5145725;2307;287;3287;3293;6.59;0.40;249.69;3.23;980;6;1102.00;6
2309;6;5145742;2309;287;3287;3293;6.69;0.41;249.68;3.23;978;6;1103.00;6
2311;6;5145754;2311;290;3299;3306;6.77;0.41;249.61;3.22;988;6;1104.00;7
2313;6;5145767;2313;285;3300;3306;6.85;0.42;249.45;3.23;987;6;1105.00;6
2314;6;5145778;2314;284;3301;3306;6.97;0.42;249.35;3.24;987;6;1106.00;5
2316;6;5145789;2316;284;3302;3307;7.04;0.43;249.37;3.23;986;6;1107.00;5
2318;6;5145801;2318;285;3303;3307;7.12;0.43;249.28;3.24;985;6;1108.00;4
2318;6;5145814;2318;280;3306;3311;7.23;0.44;249.28;3.24;988;6;1109.00;5
2319;7;5145828;2319;277;3308;3311;7.27;0.44;249.34;3.25;989;7;1110.00;3
2320;7;5145848;2320;283;3311;3315;7.34;0.45;249.29;3.25;991;7;1111.00;4
2320;7;5145861;2320;284;3311;3315;7.41;0.45;249.29;3.25;991;7;1112.00;4
2321;7;5145873;2321;284;3312;3315;7.41;0.45;249.32;3.25;991;7;1113.00;3
2324;7;5145886;2324;285;3312;3315;7.42;0.45;249.28;3.25;988;7;1114.00;3
2325;7;5145904;2325;285;3312;3315;7.43;0.45;249.19;3.25;987;7;1115.00;3
2326;7;5145922;2326;288;3322;3327;7.48;0.46;249.25;3.24;996;7;1116.00;5
2328;7;5145943;2328;286;3323;3327;7.46;0.45;249.31;3.24;995;7;1117.00;4
2330;7;5145956;2330;288;3323;3327;7.37;0.45;249.55;3.24;993;7;1118.00;4
2332;7;5145969;2332;289;3323;3327;7.35;0.45;249.79;3.24;991;7;1119.00;4
2334;7;5145981;2334;290;3324;3327;7.37;0.45;249.74;3.24;990;7;1120.00;3
2337;7;5145994;2337;294;3324;3327;7.31;0.45;249.66;3.24;987;7;1121.00;3
2337;7;5146006;2337;295;3324;3328;7.31;0.45;249.66;3.24;987;7;1122.00;4
2343;7;5146017;2343;296;3325;3328;7.29;0.44;249.69;3.25;982;7;1123.00;3
2346;7;5146030;2346;301;3332;3334;7.35;0.45;249.92;3.25;986;7;1124.00;2
2348;7;5146042;2348;305;3334;3336;7.33;0.45;249.95;3.25;986;7;1125.00;2
2349;7;5146055;2349;305;3336;3336;7.32;0.45;250.04;3.25;987;7;1126.00;0
2351;7;5146066;2351;302;3336;3336;7.30;0.45;249.99;3.25;985;7;1127.00;0
2354;7;5146078;2354;310;3340;3340;7.26;0.44;250.21;3.24;986;7;1128.00;0
2357;7;5146091;2357;311;3340;3340;7.19;0.44;250.37;3.24;983;7;1129.00;0
2358;7;5146103;2358;311;3340;3340;7.11;0.43;250.43;3.24;982;8;1130.00;0
2362;7;5146123;2362;312;3341;3341;7.02;0.43;250.75;3.24;979;8;1131.00;0
2364;7;5146135;2364;316;3345;3345;6.98;0.43;250.98;3.24;981;8;1132.00;0
2367;7;5146147;2367;311;3345;3345;6.98;0.43;251.00;3.24;978;8;1133.00;0
2369;7;5146160;2369;315;3347;3348;6.98;0.43;250.97;3.24;978;8;1134.00;1
2372;7;5146172;2372;309;3347;3348;6.94;0.43;251.17;3.24;975;9;1135.00;1
2375;7;5146192;2375;315;3348;3348;6.93;0.42;251.29;3.24;973;9;1136.00;0
2377;7;5146204;2377;311;3348;3348;6.88;0.42;251.42;3.24;971;9;1137.00;0
2381;7;5146218;2381;306;3352;3352;6.88;0.42;251.36;3.24;971;9;1138.00;0
2384;7;5146234;2384;301;3352;3352;6.84;0.42;251.27;3.24;968;9;1139.00;0
2385;7;5146250;2385;292;3352;3352;6.85;0.42;251.22;3.24;967;9;1140.00;0
2387;7;5146268;2387;289;3352;3352;6.82;0.42;251.21;3.24;965;9;1141.00;0
2390;7;5146283;2390;290;3353;3353;6.79;0.41;251.02;3.24;963;9;1142.00;0
2392;7;5146299;2392;286;3354;3354;6.72;0.41;251.12;3.23;962;9;1143.00;0
2393;7;5146316;2393;285;3354;3354;6.65;0.41;251.25;3.23;961;9;1144.00;0
2396;7;5146334;2396;285;3355;3355;6.58;0.40;251.50;3.23;959;9;1145.00;0
2398;7;5146363;2398;284;3355;3355;6.63;0.40;251.45;3.23;957;9;1146.00;0
2400;7;5146395;2400;286;3355;3355;6.61;0.40;251.34;3.23;955;9;1147.00;0
2403;7;5146412;2403;284;3355;3355;6.63;0.40;251.47;3.23;952;9;1148.00;0
2404;7;5146433;2404;280;3355;3355;6.70;0.41;251.51;3.23;951;9;1149.00;0
2408;7;5146447;2408;282;3355;3355;6.76;0.41;251.58;3.23;947;9;1150.00;0
2410;7;5146459;2410;281;3355;3355;6.81;0.42;251.63;3.23;945;9;1151.00;0
2412;7;5146470;2412;299;3436;3482;7.01;0.43;251.69;3.16;1024;9;1152.00;46
2415;7;5146493;2415;295;3441;3483;7.04;0.44;251.74;3.16;1026;9;1153.00;42
2421;7;5146505;2421;295;3448;3483;7.08;0.44;251.99;3.15;1027;9;1154.00;35
2424;7;5146519;2424;278;3451;3483;7.09;0.44;252.10;3.15;1027;9;1155.00;32
2425;7;5146531;2425;272;3455;3483;7.13;0.44;252.17;3.15;1030;9;1156.00;28
2430;7;5146543;2430;260;3456;3483;7.09;0.44;252.37;3.15;1026;9;1157.00;27
2434;7;5146556;2434;256;3459;3483;7.04;0.43;252.65;3.16;1025;9;1158.00;24
2437;7;5146569;2437;264;3461;3483;7.08;0.44;252.71;3.16;1024;9;1159.00;22
2441;7;5146581;2441;264;3463;3484;7.07;0.43;252.95;3.16;1022;9;1160.00;21
2447;7;5146594;2447;270;3465;3485;7.06;0.43;253.13;3.17;1018;9;1161.00;20
2448;7;5146606;2448;267;3466;3485;7.08;0.44;253.18;3.17;1018;9;1162.00;19
2452;7;5146619;2452;267;3470;3486;6.98;0.43;253.25;3.17;1018;9;1163.00;16
2455;7;5146631;2455;270;3471;3486;6.94;0.43;253.30;3.18;1016;9;1164.00;15
2463;7;5146644;2463;275;3472;3486;6.80;0.42;253.62;3.18;1009;9;1165.00;14
2467;8;5146658;2467;275;3474;3486;6.78;0.42;253.66;3.18;1007;10;1166.00;12
2471;8;5146677;2471;278;3479;3490;6.85;0.42;253.83;3.19;1008;10;1167.00;11
2474;8;5146691;2474;279;3479;3490;6.86;0.42;253.92;3.19;1005;10;1168.00;11
2478;8;5146704;2478;284;3481;3490;6.87;0.42;253.95;3.20;1003;10;1169.00;9
2484;8;5146718;2484;281;3484;3496;6.92;0.43;254.12;3.20;1000;10;1170.00;12
2490;8;5146733;2490;287;3486;3496;6.94;0.43;254.05;3.21;996;10;1171.00;10
2494;8;5146747;2494;290;3488;3496;6.93;0.43;254.30;3.21;994;10;1172.00;8
2496;8;5146763;2496;293;3495;3500;6.98;0.43;254.50;3.21;999;10;1173.00;5
2499;8;5146781;2499;293;3496;3501;7.03;0.43;254.61;3.21;997;10;1174.00;5
2503;8;5146799;2503;298;3496;3501;7.06;0.43;254.75;3.21;993;10;1175.00;5
2510;8;5146818;2510;299;3500;3505;7.00;0.43;255.14;3.22;990;10;1176.00;5
2515;8;5146831;2515;293;3501;3505;6.97;0.43;255.31;3.22;986;10;1177.00;4
2521;8;5146847;2521;307;3503;3505;6.94;0.42;255.71;3.22;982;10;1178.00;2
2526;8;5146859;2526;304;3503;3506;6.91;0.42;255.77;3.22;977;10;1179.00;3
2532;8;5146872;2532;313;3504;3506;6.90;0.42;255.77;3.22;972;10;1180.00;2
2536;8;5146884;2536;315;3510;3512;6.89;0.42;255.98;3.21;974;10;1181.00;2
2540;8;5146897;2540;317;3511;3512;6.88;0.42;256.11;3.22;971;10;1182.00;1
2547;8;5146909;2547;319;3512;3513;6.81;0.42;256.16;3.22;965;10;1183.00;1
2550;8;5146923;2550;324;3512;3513;6.81;0.42;256.30;3.22;962;10;1184.00;1
2556;8;5146935;2556;333;3512;3513;6.77;0.41;256.74;3.22;956;10;1185.00;1
2561;8;5146949;2561;333;3512;3513;6.75;0.41;256.87;3.22;951;10;1186.00;1
2564;8;5146964;2564;336;3512;3513;6.74;0.41;256.98;3.22;948;10;1187.00;1
2567;8;5146977;2567;336;3523;3525;6.80;0.42;257.25;3.21;956;10;1188.00;2
2571;8;5146991;2571;331;3523;3525;6.76;0.41;257.36;3.21;952;10;1189.00;2
2575;8;5147003;2575;331;3524;3525;6.70;0.41;257.54;3.21;949;10;1190.00;1
2577;8;5147016;2577;334;3524;3525;6.68;0.41;257.74;3.21;947;10;1191.00;1
2581;8;5147029;2581;337;3524;3525;6.67;0.41;257.84;3.21;943;10;1192.00;1
2584;8;5147042;2584;344;3524;3525;6.66;0.41;257.94;3.21;940;10;1193.00;1
2588;8;5147055;2588;348;3528;3529;6.67;0.41;258.18;3.21;940;10;1194.00;1
2592;8;5147068;2592;352;3528;3529;6.60;0.41;258.31;3.21;936;10;1195.00;1
2597;8;5147081;2597;352;3532;3533;6.55;0.40;258.37;3.20;935;10;1196.00;1
2602;8;5147101;2602;361;3534;3534;6.43;0.39;258.83;3.22;932;10;1197.00;0
2604;8;5147113;2604;370;3534;3534;6.36;0.39;258.89;3.22;930;10;1198.00;0
2608;8;5147126;2608;381;3534;3534;6.23;0.38;259.29;3.22;926;10;1199.00;0
2608;8;5147141;2608;387;3559;3575;6.34;0.39;259.29;3.19;951;10;1200.00;16
2611;8;5147161;2611;401;3559;3575;6.27;0.39;259.52;3.19;948;10;1201.00;16
2612;8;5147173;2612;393;3563;3575;6.27;0.39;259.60;3.19;951;10;1202.00;12
2613;8;5147185;2613;393;3565;3576;6.29;0.39;259.51;3.19;952;10;1203.00;11
2617;8;5147202;2617;399;3567;3577;6.30;0.39;259.73;3.19;950;10;1204.00;10
2620;8;5147215;2620;397;3567;3577;6.31;0.39;259.79;3.19;947;10;1205.00;10
2623;8;5147227;2623;404;3571;3580;6.34;0.39;259.92;3.19;948;10;1206.00;9
2623;8;5147239;2623;397;3573;3580;6.32;0.39;259.92;3.19;950;10;1207.00;7
2625;8;5147250;2625;403;3576;3580;6.33;0.39;259.82;3.19;951;10;1208.00;4
2628;8;5147268;2628;404;3576;3580;6.36;0.39;259.81;3.19;948;10;1209.00;4
2632;8;5147280;2632;408;3582;3586;6.35;0.39;259.87;3.19;950;10;1210.00;4
2635;8;5147292;2635;395;3582;3586;6.36;0.39;259.88;3.19;947;10;1211.00;4
2637;8;5147304;2637;388;3582;3586;6.39;0.39;259.91;3.19;945;10;1212.00;4
2640;8;5147316;2640;381;3582;3586;6.40;0.39;260.13;3.19;942;10;1213.00;4
2645;8;5147328;2645;382;3587;3590;6.41;0.39;260.30;3.19;942;10;1214.00;3
2647;8;5147341;2647;380;3589;3592;6.44;0.40;260.25;3.19;942;10;1215.00;3
2651;8;5147354;2651;380;3589;3592;6.46;0.40;260.15;3.19;938;10;1216.00;3
2653;8;5147366;2653;385;3590;3593;6.50;0.40;260.17;3.19;937;10;1217.00;3
2654;8;5147378;2654;384;3590;3593;6.52;0.40;260.27;3.19;936;10;1218.00;3
2657;8;5147392;2657;386;3591;3593;6.47;0.40;260.18;3.19;934;10;1219.00;2
2658;8;5147404;2658;388;3591;3593;6.45;0.40;260.09;3.19;933;10;1220.00;2
2661;8;5147415;2661;393;3591;3593;6.41;0.39;260.16;3.19;930;10;1221.00;2
2665;8;5147426;2665;399;3591;3593;6.37;0.39;260.25;3.19;926;10;1222.00;2
2667;8;5147438;2667;394;3591;3593;6.33;0.39;260.31;3.19;924;10;1223.00;2
2669;8;5147449;2669;410;3630;3663;6.36;0.39;260.32;3.16;961;10;1224.00;33
2672;8;5147466;2672;399;3631;3664;6.36;0.39;260.11;3.17;959;10;1225.00;33
2677;8;5147478;2677;399;3642;3664;6.37;0.39;260.10;3.16;965;10;1226.00;22
2679;8;5147491;2679;399;3643;3664;6.34;0.39;260.16;3.16;964;10;1227.00;21
2681;8;5147503;2681;401;3647;3666;6.31;0.39;260.21;3.16;966;10;1228.00;19
2683;8;5147515;2683;397;3650;3666;6.37;0.39;260.33;3.16;967;10;1229.00;16
2685;8;5147529;2685;409;3655;3666;6.37;0.39;260.30;3.17;970;10;1230.00;11
2687;8;5147541;2687;410;3658;3666;6.43;0.39;260.41;3.18;971;10;1231.00;8
2691;8;5147553;2691;408;3661;3667;6.40;0.39;260.55;3.18;970;10;1232.00;6
2692;8;5147564;2692;403;3662;3668;6.44;0.39;260.58;3.18;970;10;1233.00;6
2694;9;5147576;2694;404;3664;3668;6.40;0.39;260.70;3.19;970;11;1234.00;4
2696;9;5147599;2696;407;3670;3672;6.38;0.39;260.53;3.19;974;11;1235.00;2
2697;9;5147611;2697;411;3672;3672;6.33;0.39;260.57;3.19;975;11;1236.00;0
2700;9;5147623;2700;417;3672;3672;6.28;0.38;260.53;3.19;972;11;1237.00;0
2700;9;5147639;2700;416;3672;3672;6.28;0.38;260.53;3.19;972;11;1238.00;0
2701;9;5147651;2701;411;3677;3678;6.31;0.39;260.60;3.18;976;11;1239.00;1
2704;9;5147662;2704;414;3677;3678;6.28;0.38;260.70;3.18;973;11;1240.00;1
2704;9;5147674;2704;416;3677;3678;6.25;0.38;260.70;3.18;973;11;1241.00;1
2705;9;5147684;2705;417;3679;3681;6.26;0.38;260.72;3.18;974;11;1242.00;2
2706;9;5147695;2706;403;3679;3681;6.25;0.38;260.85;3.18;973;11;1243.00;2
2706;9;5147706;2706;391;3680;3681;6.24;0.38;260.85;3.18;974;11;1244.00;1
2710;9;5147717;2710;382;3681;3682;6.18;0.38;260.94;3.18;971;11;1245.00;1
2713;9;5147729;2713;374;3682;3683;6.14;0.37;261.20;3.18;969;11;1246.00;1
2718;9;5147742;2718;368;3682;3683;6.13;0.37;261.14;3.18;964;11;1247.00;1
2720;9;5147754;2720;366;3693;3696;6.18;0.37;260.97;3.17;973;11;1248.00;3
2724;9;5147766;2724;353;3693;3696;6.16;0.37;261.05;3.17;969;11;1249.00;3
2725;9;5147784;2725;341;3693;3696;6.20;0.38;261.02;3.17;968;11;1250.00;3
2725;9;5147795;2725;336;3694;3697;6.31;0.38;261.02;3.17;969;11;1251.00;3
2728;9;5147806;2728;322;3696;3697;6.35;0.38;261.15;3.17;968;11;1252.00;1
2729;9;5147824;2729;307;3699;3701;6.50;0.39;261.19;3.17;970;11;1253.00;2
2731;9;5147836;2731;306;3699;3701;6.57;0.40;261.31;3.17;968;11;1254.00;2
2731;9;5147847;2731;303;3703;3705;6.72;0.41;261.31;3.17;972;11;1255.00;2
2733;9;5147865;2733;294;3703;3705;6.82;0.41;261.19;3.17;970;11;1256.00;2
2733;9;5147876;2733;298;3703;3705;6.89;0.42;261.19;3.17;970;11;1257.00;2
2733;9;5147888;2733;292;3703;3705;6.92;0.42;261.19;3.17;970;11;1258.00;2
2737;9;5147899;2737;279;3703;3705;6.95;0.42;261.18;3.17;966;11;1259.00;2
2738;9;5147913;2738;284;3726;3739;7.03;0.43;261.13;3.15;988;11;1260.00;13
2740;9;5147929;2740;276;3727;3739;7.06;0.43;261.27;3.15;987;11;1261.00;12
2747;9;5147942;2747;273;3729;3739;7.02;0.43;261.29;3.15;982;11;1262.00;10
2748;9;5147955;2748;271;3732;3739;7.03;0.43;261.46;3.15;984;11;1263.00;7
2751;9;5147966;2751;276;3733;3739;7.07;0.43;261.48;3.15;982;11;1264.00;6
2752;9;5147978;2752;269;3733;3739;7.12;0.43;261.48;3.15;981;11;1265.00;6
2754;9;5147996;2754;268;3733;3740;7.13;0.43;261.69;3.15;979;11;1266.00;7
2758;9;5148009;2758;263;3735;3740;7.10;0.43;261.94;3.16;977;11;1267.00;5
2761;9;5148022;2761;257;3740;3746;7.19;0.44;261.74;3.15;979;11;1268.00;6
2765;9;5148042;2765;261;3741;3747;7.19;0.44;261.95;3.15;976;11;1269.00;6
2766;9;5148056;2766;255;3743;3747;7.25;0.44;261.87;3.16;977;11;1270.00;4
2767;9;5148069;2767;259;3743;3747;7.23;0.44;261.89;3.16;976;11;1271.00;4
2769;9;5148081;2769;246;3746;3751;7.26;0.44;261.99;3.15;977;11;1272.00;5
2771;9;5148095;2771;254;3747;3751;7.27;0.44;261.90;3.16;976;11;1273.00;4
2774;9;5148107;2774;256;3747;3751;7.27;0.44;262.10;3.16;973;11;1274.00;4
2777;9;5148121;2777;250;3748;3752;7.30;0.44;262.37;3.16;971;11;1275.00;4
2777;9;5148133;2777;246;3751;3756;7.32;0.44;262.37;3.15;974;11;1276.00;5
2778;9;5148147;2778;239;3751;3756;7.35;0.44;262.55;3.15;973;11;1277.00;5
2780;9;5148160;2780;236;3754;3759;7.40;0.45;262.68;3.16;974;11;1278.00;5
2781;9;5148175;2781;236;3755;3759;7.45;0.45;262.63;3.15;974;11;1279.00;4
2783;9;5148186;2783;238;3755;3759;7.52;0.45;262.52;3.15;972;11;1280.00;4
2786;9;5148198;2786;241;3756;3759;7.56;0.46;262.66;3.16;970;11;1281.00;3
2791;9;5148211;2791;242;3761;3763;7.64;0.46;262.89;3.16;970;11;1282.00;2
2791;9;5148225;2791;244;3761;3763;7.67;0.46;262.89;3.16;970;11;1283.00;2
2795;9;5148237;2795;250;3761;3763;7.72;0.47;263.16;3.16;966;11;1284.00;2
2795;9;5148249;2795;252;3762;3763;7.77;0.47;263.16;3.16;967;11;1285.00;1
2798;9;5148261;2798;252;3762;3764;7.75;0.47;263.33;3.16;964;11;1286.00;2
2801;9;5148274;2801;261;3764;3765;7.76;0.47;263.37;3.16;963;11;1287.00;1
2802;9;5148288;2802;266;3765;3765;7.70;0.47;263.45;3.16;963;11;1288.00;0
2804;9;5148299;2804;269;3766;3766;7.64;0.46;263.59;3.16;962;11;1289.00;0
2805;9;5148314;2805;273;3766;3766;7.55;0.46;263.66;3.16;961;11;1290.00;0
2808;9;5148327;2808;275;3766;3766;7.47;0.45;264.03;3.16;958;11;1291.00;0
2809;9;5148340;2809;273;3766;3766;7.42;0.45;263.99;3.16;957;11;1292.00;0
2812;9;5148358;2812;278;3766;3766;7.33;0.44;263.97;3.16;954;11;1293.00;0
2812;9;5148371;2812;273;3766;3766;7.35;0.45;263.97;3.16;954;11;1294.00;0
2813;9;5148383;2813;275;3766;3766;7.30;0.44;263.93;3.16;953;11;1295.00;0
2815;9;5148396;2815;296;3842;3893;7.38;0.46;263.96;3.10;1027;11;1296.00;51
2819;9;5148420;2819;284;3845;3894;7.38;0.45;264.05;3.10;1026;11;1297.00;49
2819;9;5148432;2819;285;3854;3894;7.42;0.46;264.05;3.10;1035;11;1298.00;40
2822;9;5148445;2822;281;3856;3894;7.41;0.46;264.10;3.10;1034;11;1299.00;38
2826;9;5148460;2826;283;3863;3894;7.44;0.46;264.12;3.10;1037;11;1300.00;31
2829;9;5148476;2829;282;3866;3894;7.42;0.46;264.09;3.10;1037;11;1301.00;28
2832;9;5148495;2832;285;3869;3894;7.38;0.45;264.18;3.10;1037;11;1302.00;25
2833;9;5148507;2833;285;3872;3894;7.36;0.45;264.17;3.11;1039;11;1303.00;22
2834;10;5148519;2834;283;3875;3895;7.34;0.45;264.18;3.11;1041;12;1304.00;20
2835;10;5148545;2835;281;3880;3897;7.31;0.45;264.27;3.12;1045;12;1305.00;17
2840;10;5148557;2840;279;3882;3897;7.25;0.44;264.15;3.12;1042;12;1306.00;15
2843;10;5148569;2843;284;3886;3898;7.19;0.44;264.07;3.12;1043;12;1307.00;12
2845;10;5148581;2845;278;3889;3898;7.12;0.44;264.40;3.13;1044;12;1308.00;9
2846;10;5148592;2846;282;3892;3898;7.09;0.43;264.41;3.14;1046;12;1309.00;6
2849;10;5148604;2849;286;3892;3898;6.99;0.43;264.70;3.14;1043;12;1310.00;6
2852;10;5148616;2852;292;3897;3902;6.96;0.43;264.78;3.14;1045;12;1311.00;5
2854;10;5148628;2854;304;3897;3902;6.89;0.42;264.78;3.14;1043;12;1312.00;5
2858;10;5148641;2858;311;3898;3902;6.81;0.42;264.72;3.14;1040;12;1313.00;4
2862;10;5148653;2862;311;3900;3905;6.74;0.41;264.91;3.14;1038;12;1314.00;5
2862;10;5148666;2862;320;3900;3905;6.64;0.41;264.91;3.14;1038;12;1315.00;5
2863;10;5148678;2863;322;3901;3905;6.59;0.40;265.08;3.15;1038;12;1316.00;4
2867;10;5148690;2867;326;3906;3909;6.50;0.40;265.22;3.15;1039;12;1317.00;3
2870;10;5148702;2870;325;3908;3910;6.44;0.40;265.30;3.15;1038;12;1318.00;2
2876;10;5148714;2876;328;3908;3910;6.33;0.39;265.39;3.15;1032;12;1319.00;2
2877;10;5148727;2877;317;3913;3915;6.34;0.39;265.34;3.15;1036;12;1320.00;2
2883;10;5148740;2883;312;3913;3915;6.29;0.39;265.66;3.15;1030;12;1321.00;2
2887;10;5148752;2887;308;3915;3915;6.28;0.39;265.81;3.15;1028;12;1322.00;0
2891;10;5148764;2891;308;3916;3916;6.25;0.38;265.85;3.15;1025;12;1323.00;0
2894;10;5148782;2894;312;3916;3916;6.25;0.38;266.11;3.15;1022;12;1324.00;0
2899;10;5148796;2899;310;3922;3922;6.33;0.39;266.26;3.15;1023;12;1325.00;0
2901;10;5148810;2901;309;3922;3922;6.38;0.39;266.25;3.15;1021;12;1326.00;0
2906;10;5148822;2906;310;3923;3923;6.33;0.39;266.47;3.15;1017;12;1327.00;0
2909;10;5148834;2909;303;3923;3923;6.31;0.39;266.46;3.15;1014;12;1328.00;0
2916;10;5148845;2916;304;3923;3923;6.27;0.38;266.30;3.15;1007;12;1329.00;0
2917;10;5148858;2917;302;3923;3923;6.26;0.38;266.42;3.15;1006;12;1330.00;0
2921;10;5148869;2921;313;3923;3923;6.22;0.38;266.31;3.15;1002;12;1331.00;0
2928;10;5148882;2928;319;3935;3935;6.24;0.38;266.42;3.14;1007;12;1332.00;0
2932;10;5148895;2932;325;3935;3935;6.29;0.38;266.41;3.14;1003;12;1333.00;0
2936;10;5148908;2936;331;3935;3935;6.33;0.39;266.69;3.14;999;12;1334.00;0
2941;10;5148920;2941;329;3935;3935;6.31;0.39;266.98;3.14;994;12;1335.00;0
2944;10;5148932;2944;340;3935;3935;6.34;0.39;267.10;3.14;991;12;1336.00;0
2947;10;5148945;2947;340;3935;3935;6.35;0.39;267.21;3.14;988;12;1337.00;0
2950;10;5148957;2950;338;3939;3939;6.41;0.39;267.39;3.14;989;12;1338.00;0
2951;10;5148970;2951;340;3939;3939;6.46;0.40;267.39;3.14;988;12;1339.00;0
2955;10;5148981;2955;349;3943;3943;6.49;0.40;267.58;3.13;988;12;1340.00;0
2958;10;5148994;2958;350;3944;3944;6.48;0.40;267.71;3.13;986;12;1341.00;0
2963;10;5149007;2963;347;3944;3944;6.47;0.40;267.81;3.13;981;12;1342.00;0
2967;10;5149020;2967;356;3944;3944;6.41;0.39;268.09;3.13;977;12;1343.00;0
2973;10;5149032;2973;360;3957;3957;6.39;0.39;268.24;3.12;984;12;1344.00;0
2975;10;5149045;2975;364;3957;3957;6.36;0.39;268.38;3.12;982;12;1345.00;0
2980;10;5149058;2980;365;3957;3957;6.32;0.39;268.61;3.12;977;12;1346.00;0
2988;10;5149071;2988;374;3958;3958;6.21;0.38;268.99;3.12;970;12;1347.00;0
2989;10;5149083;2989;379;3959;3959;6.14;0.38;269.15;3.12;970;12;1348.00;0
2991;10;5149095;2991;381;3959;3959;6.06;0.37;269.23;3.12;968;12;1349.00;0
2994;10;5149109;2994;388;3965;3968;6.04;0.37;269.42;3.12;971;12;1350.00;3
3000;10;5149122;3000;392;3965;3968;5.97;0.37;269.48;3.12;965;12;1351.00;3
3007;10;5149134;3007;402;3967;3968;5.91;0.36;269.45;3.12;960;12;1352.00;1
3013;10;5149145;3013;400;3967;3968;5.83;0.36;269.57;3.12;954;12;1353.00;1
3017;10;5149157;3017;402;3973;3974;5.82;0.36;269.60;3.11;956;12;1354.00;1
3022;10;5149170;3022;403;3974;3974;5.82;0.36;269.84;3.11;952;12;1355.00;0
3026;10;5149181;3026;404;3974;3974;5.84;0.36;269.94;3.11;948;12;1356.00;0
3030;10;5149192;3030;406;3974;3974;5.81;0.36;269.95;3.11;944;12;1357.00;0
3037;10;5149203;3037;407;3978;3978;5.77;0.36;269.97;3.11;941;12;1358.00;0
3041;10;5149214;3041;412;3979;3979;5.76;0.36;269.96;3.11;938;12;1359.00;0
3045;10;5149228;3045;419;3979;3979;5.74;0.35;270.12;3.11;934;12;1360.00;0
3051;10;5149240;3051;424;3980;3980;5.71;0.35;270.20;3.11;929;12;1361.00;0
3053;10;5149251;3053;426;3980;3980;5.68;0.35;270.26;3.11;927;12;1362.00;0
3055;10;5149261;3055;430;3980;3980;5.64;0.35;270.12;3.11;925;12;1363.00;0
3058;10;5149272;3058;436;3980;3980;5.62;0.35;270.09;3.11;922;12;1364.00;0
3063;10;5149283;3063;441;3980;3980;5.54;0.34;269.87;3.11;917;12;1365.00;0
3065;10;5149294;3065;437;3980;3980;5.52;0.34;269.86;3.11;915;12;1366.00;0
3068;10;5149305;3068;432;3980;3980;5.44;0.33;269.82;3.11;912;12;1367.00;0
3071;10;5149315;3071;438;4023;4050;5.60;0.35;269.78;3.08;952;12;1368.00;27
3074;10;5149334;3074;435;4025;4051;5.57;0.34;269.75;3.08;951;12;1369.00;26
3075;10;5149345;3075;427;4031;4051;5.64;0.35;269.77;3.07;956;12;1370.00;20
3077;10;5149360;3077;430;4034;4051;5.69;0.35;269.73;3.07;957;12;1371.00;17
3077;10;5149372;3077;430;4037;4051;5.72;0.35;269.73;3.07;960;12;1372.00;14
3079;10;5149384;3079;433;4039;4051;5.75;0.35;269.73;3.08;960;12;1373.00;12
3081;10;5149395;3081;435;4041;4051;5.75;0.35;269.86;3.08;960;12;1374.00;10
3084;10;5149407;3084;438;4044;4051;5.80;0.35;269.84;3.08;960;12;1375.00;7
3085;10;5149419;3085;428;4045;4052;5.79;0.35;269.85;3.08;960;12;1376.00;7
3085;10;5149431;3085;424;4047;4053;5.80;0.35;269.85;3.08;962;12;1377.00;6
3088;10;5149442;3088;420;4050;4053;5.85;0.36;269.88;3.09;962;12;1378.00;3
3089;10;5149454;3089;413;4056;4057;5.87;0.36;269.84;3.09;967;12;1379.00;1
3092;10;5149468;3092;416;4057;4057;5.92;0.36;269.74;3.09;965;12;1380.00;0
3093;10;5149479;3093;410;4057;4057;6.01;0.37;269.77;3.09;964;12;1381.00;0
3094;10;5149490;3094;415;4057;4057;6.15;0.38;269.81;3.09;963;12;1382.00;0
3095;10;5149500;3095;423;4063;4063;6.31;0.38;269.80;3.09;968;12;1383.00;0
3095;10;5149512;3095;426;4063;4063;6.42;0.39;269.80;3.09;968;12;1384.00;0
3096;10;5149523;3096;427;4063;4063;6.48;0.40;269.81;3.09;967;12;1385.00;0
3097;10;5149534;3097;424;4065;4066;6.60;0.40;269.82;3.08;968;12;1386.00;1
3098;10;5149545;3098;419;4065;4066;6.66;0.41;269.83;3.08;967;12;1387.00;1
3100;10;5149556;3100;421;4066;4066;6.72;0.41;269.84;3.08;966;12;1388.00;0
3104;10;5149567;3104;418;4067;4067;6.74;0.41;269.84;3.08;963;12;1389.00;0
3105;10;5149578;3105;402;4068;4068;6.73;0.41;269.92;3.08;963;12;1390.00;0
3107;10;5149590;3107;395;4068;4068;6.70;0.41;269.90;3.08;961;12;1391.00;0
3109;10;5149601;3109;399;4080;4081;6.74;0.41;269.96;3.07;971;12;1392.00;1
3109;10;5149615;3109;395;4081;4081;6.81;0.42;269.96;3.07;972;12;1393.00;0
3111;10;5149635;3111;392;4081;4081;6.88;0.42;269.92;3.07;970;12;1394.00;0
3113;10;5149649;3113;391;4083;4083;6.94;0.42;269.87;3.07;970;12;1395.00;0
3115;10;5149667;3115;394;4083;4083;7.02;0.43;269.77;3.07;968;12;1396.00;0
3119;10;5149693;3119;388;4087;4087;7.07;0.43;269.69;3.07;968;12;1397.00;0
3119;10;5149713;3119;385;4087;4087;7.10;0.43;269.69;3.07;968;12;1398.00;0
3119;10;5149728;3119;386;4091;4091;7.09;0.43;269.69;3.07;972;12;1399.00;0
3122;10;5149758;3122;385;4091;4091;7.04;0.43;269.76;3.07;969;12;1400.00;0
3123;10;5149784;3123;382;4091;4091;7.07;0.43;269.77;3.07;968;12;1401.00;0
3124;10;5149803;3124;381;4091;4091;7.08;0.43;269.81;3.07;967;12;1402.00;0
3128;10;5149819;3128;379;4091;4091;7.05;0.43;269.74;3.07;963;12;1403.00;0
3128;10;5149837;3128;377;4101;4103;7.11;0.43;269.74;3.06;973;12;1404.00;2
3130;10;5149857;3130;369;4101;4103;7.12;0.43;269.64;3.06;971;12;1405.00;2
3132;10;5149875;3132;368;4103;4103;7.11;0.43;269.65;3.06;971;12;1406.00;0
3134;10;5149888;3134;366;4103;4103;7.09;0.43;269.70;3.06;969;12;1407.00;0
3136;10;5149902;3136;366;4103;4103;7.11;0.43;269.71;3.06;967;12;1408.00;0
3136;10;5149915;3136;366;4103;4103;7.14;0.43;269.71;3.06;967;12;1409.00;0
3138;10;5149932;3138;362;4104;4104;7.17;0.43;269.80;3.06;966;12;1410.00;0
3144;10;5149948;3144;354;4104;4104;7.14;0.43;269.98;3.06;960;12;1411.00;0
3149;10;5149961;3149;347;4110;4110;7.13;0.43;270.32;3.06;961;12;1412.00;0
3152;10;5149977;3152;347;4111;4111;7.17;0.43;270.54;3.06;959;12;1413.00;0
3154;10;5149991;3154;331;4111;4111;7.22;0.44;270.62;3.06;957;12;1414.00;0
3155;10;5150005;3155;324;4111;4111;7.21;0.44;270.58;3.06;956;12;1415.00;0
3159;10;5150017;3159;317;4115;4115;7.20;0.43;270.72;3.05;956;12;1416.00;0
3160;10;5150031;3160;312;4115;4115;7.25;0.44;270.67;3.05;955;12;1417.00;0
3164;10;5150045;3164;304;4115;4115;7.28;0.44;270.90;3.05;951;12;1418.00;0
3165;10;5150057;3165;300;4116;4116;7.38;0.45;270.96;3.05;951;12;1419.00;0
3168;10;5150069;3168;297;4120;4120;7.42;0.45;271.04;3.05;952;12;1420.00;0
3171;10;5150081;3171;285;4120;4120;7.41;0.45;271.25;3.05;949;12;1421.00;0
3175;10;5150093;3175;287;4122;4123;7.46;0.45;271.56;3.05;947;12;1422.00;1
3179;10;5150105;3179;287;4122;4123;7.52;0.45;271.69;3.05;943;12;1423.00;1
3181;10;5150117;3181;286;4123;4123;7.63;0.46;271.67;3.05;942;12;1424.00;0
3185;10;5150130;3185;279;4123;4123;7.69;0.46;271.98;3.05;938;12;1425.00;0
3189;10;5150143;3189;272;4127;4127;7.76;0.47;272.15;3.05;938;12;1426.00;0
3191;10;5150157;3191;270;4127;4127;7.80;0.47;272.18;3.05;936;12;1427.00;0
3197;10;5150170;3197;265;4127;4127;7.81;0.47;272.18;3.05;930;12;1428.00;0
3202;10;5150183;3202;260;4127;4127;7.83;0.47;272.36;3.05;925;12;1429.00;0
3204;11;5150196;3204;259;4128;4128;7.84;0.47;272.47;3.05;924;13;1430.00;0
3206;11;5150217;3206;259;4129;4129;7.90;0.48;272.46;3.05;923;13;1431.00;0
3209;11;5150238;3209;252;4129;4129;7.90;0.48;272.71;3.05;920;13;1432.00;0
3210;11;5150257;3210;250;4130;4130;7.95;0.48;272.85;3.04;920;13;1433.00;0
3213;11;5150271;3213;248;4130;4130;7.94;0.48;273.11;3.04;917;13;1434.00;0
3215;11;5150283;3215;247;4130;4130;8.00;0.48;273.02;3.04;915;13;1435.00;0
3217;11;5150294;3217;252;4130;4130;8.01;0.48;273.11;3.04;913;13;1436.00;0
3221;11;5150306;3221;251;4130;4130;8.03;0.48;273.31;3.04;909;13;1437.00;0
3225;11;5150318;3225;252;4130;4130;8.03;0.49;273.51;3.04;905;13;1438.00;0
3225;11;5150336;3225;251;4130;4130;8.05;0.49;273.51;3.04;905;13;1439.00;0
3228;11;5150349;3228;288;4240;4360;8.06;0.50;273.68;2.97;1012;13;1440.00;120
3229;11;5150381;3229;278;4245;4361;8.09;0.50;273.75;2.96;1016;13;1441.00;116
3230;11;5150394;3230;265;4257;4361;8.12;0.50;273.70;2.96;1027;13;1442.00;104
3233;11;5150407;3233;258;4265;4361;8.11;0.50;273.77;2.96;1032;13;1443.00;96
3235;11;5150419;3235;258;4273;4361;8.13;0.50;273.73;2.96;1038;13;1444.00;88
3237;11;5150432;3237;250;4279;4361;8.12;0.50;273.84;2.97;1042;13;1445.00;82
3238;11;5150445;3238;241;4285;4361;8.11;0.50;273.81;2.97;1047;13;1446.00;76
3240;12;5150458;3240;241;4291;4361;8.15;0.50;273.98;2.98;1051;14;1447.00;70
3242;12;5150480;3242;248;4297;4362;8.17;0.50;274.09;2.98;1055;14;1448.00;65
3243;12;5150498;3243;251;4302;4363;8.23;0.51;274.15;2.99;1059;14;1449.00;61
3244;12;5150511;3244;248;4311;4363;8.20;0.51;274.27;3.00;1067;14;1450.00;52
3248;12;5150524;3248;255;4315;4364;8.20;0.51;274.40;3.01;1067;14;1451.00;49
3251;12;5150537;3251;256;4321;4364;8.19;0.51;274.28;3.02;1070;14;1452.00;43
3253;12;5150550;3253;264;4326;4364;8.09;0.50;274.45;3.04;1073;14;1453.00;38
3255;12;5150571;3255;271;4328;4364;7.97;0.49;274.29;3.04;1073;14;1454.00;36
3257;12;5150586;3257;279;4336;4368;7.86;0.48;274.41;3.06;1079;14;1455.00;32
3259;12;5150601;3259;281;4339;4368;7.77;0.48;274.38;3.06;1080;14;1456.00;29
3261;12;5150616;3261;296;4342;4368;7.71;0.47;274.52;3.07;1081;14;1457.00;26
3264;12;5150631;3264;306;4346;4371;7.66;0.47;274.62;3.08;1082;14;1458.00;25
3266;12;5150647;3266;319;4350;4371;7.61;0.47;274.60;3.09;1084;14;1459.00;21
3271;12;5150663;3271;320;4354;4371;7.53;0.46;274.69;3.11;1083;14;1460.00;17
3274;12;5150685;3274;325;4357;4375;7.43;0.45;274.66;3.11;1083;14;1461.00;18
3278;12;5150699;3278;327;4361;4376;7.34;0.45;274.74;3.11;1083;14;1462.00;15
3281;12;5150712;3281;342;4362;4376;7.30;0.45;274.86;3.12;1081;14;1463.00;14
3284;12;5150725;3284;344;4365;4380;7.30;0.45;274.93;3.12;1081;14;1464.00;15
3289;12;5150739;3289;350;4368;4380;7.28;0.44;274.71;3.13;1079;14;1465.00;12
3291;12;5150753;3291;351;4368;4380;7.32;0.45;274.96;3.13;1077;14;1466.00;12
3294;12;5150766;3294;348;4368;4381;7.36;0.45;274.92;3.13;1074;14;1467.00;13
3296;12;5150780;3296;355;4369;4381;7.34;0.45;274.99;3.13;1073;14;1468.00;12
3298;12;5150795;3298;350;4374;4387;7.37;0.45;274.97;3.13;1076;14;1469.00;13
3300;12;5150816;3300;351;4374;4387;7.37;0.45;275.24;3.13;1074;14;1470.00;13
3304;12;5150829;3304;346;4377;4388;7.36;0.45;275.38;3.14;1073;14;1471.00;11
3308;12;5150843;3308;339;4378;4388;7.26;0.44;275.29;3.15;1070;14;1472.00;10
3311;12;5150856;3311;337;4379;4388;7.21;0.44;275.31;3.15;1068;14;1473.00;9
3316;12;5150869;3316;342;4380;4388;7.11;0.43;275.54;3.16;1064;14;1474.00;8
3317;12;5150882;3317;344;4381;4388;7.01;0.43;275.57;3.16;1064;14;1475.00;7
3319;12;5150895;3319;345;4391;4400;6.88;0.42;275.85;3.16;1072;14;1476.00;9
3320;12;5150908;3320;346;4392;4400;6.77;0.42;275.86;3.16;1072;14;1477.00;8
3322;12;5150920;3322;354;4393;4400;6.65;0.41;275.78;3.16;1071;14;1478.00;7
3326;12;5150933;3326;358;4394;4400;6.58;0.40;275.82;3.17;1068;14;1479.00;6
3328;12;5150945;3328;366;4394;4400;6.49;0.40;275.91;3.17;1066;14;1480.00;6
3332;13;5150957;3332;361;4394;4400;6.35;0.39;275.98;3.17;1062;15;1481.00;6
3336;13;5150980;3336;366;4399;4404;6.20;0.38;276.21;3.17;1063;15;1482.00;5
3341;13;5150993;3341;364;4399;4404;6.08;0.37;276.24;3.17;1058;15;1483.00;5
3343;13;5151004;3343;370;4404;4408;6.01;0.37;276.27;3.18;1061;15;1484.00;4
3345;13;5151015;3345;365;4407;4410;5.92;0.36;276.39;3.18;1062;15;1485.00;3
3348;13;5151028;3348;366;4407;4410;5.83;0.36;276.54;3.18;1059;15;1486.00;3
3352;13;5151040;3352;359;4408;4410;5.75;0.35;276.78;3.18;1056;15;1487.00;2
3352;13;5151051;3352;376;4420;4423;5.82;0.36;276.78;3.17;1068;15;1488.00;3
3355;13;5151063;3355;371;4421;4423;5.79;0.36;276.81;3.17;1066;15;1489.00;2
3357;13;5151075;3357;375;4421;4423;5.81;0.36;276.83;3.17;1064;15;1490.00;2
3359;13;5151088;3359;371;4422;4424;5.86;0.36;277.00;3.17;1063;15;1491.00;2
3366;13;5151099;3366;370;4423;4425;5.82;0.36;277.06;3.17;1057;15;1492.00;2
3370;13;5151111;3370;371;4423;4425;5.82;0.36;277.09;3.17;1053;15;1493.00;2
3374;13;5151123;3374;368;4426;4428;5.83;0.36;277.04;3.16;1052;15;1494.00;2
3379;13;5151140;3379;363;4426;4428;5.84;0.36;277.10;3.16;1047;15;1495.00;2
3384;13;5151151;3384;354;4427;4428;5.80;0.36;277.07;3.18;1043;15;1496.00;1
3388;13;5151164;3388;358;4427;4428;5.81;0.36;277.01;3.18;1039;15;1497.00;1
3392;13;5151177;3392;354;4433;4434;5.87;0.36;277.06;3.17;1041;15;1498.00;1
3396;13;5151190;3396;363;4433;4434;5.85;0.36;277.10;3.17;1037;15;1499.00;1
3401;13;5151205;3401;367;4438;4453;5.78;0.36;277.12;3.17;1037;15;1500.00;15
3402;13;5151226;3402;372;4438;4453;5.74;0.35;277.14;3.17;1036;15;1501.00;15
3406;13;5151238;3406;381;4442;4457;5.68;0.35;277.03;3.17;1036;15;1502.00;15
3412;13;5151250;3412;383;4443;4458;5.54;0.34;276.98;3.17;1031;15;1503.00;15
3414;13;5151263;3414;391;4443;4458;5.48;0.34;277.03;3.17;1029;15;1504.00;15
3417;13;5151274;3417;391;4446;4459;5.43;0.34;276.99;3.17;1029;15;1505.00;13
3421;13;5151287;3421;402;4448;4459;5.41;0.33;277.13;3.17;1027;15;1506.00;11
3424;13;5151297;3424;397;4448;4459;5.40;0.33;277.22;3.17;1024;15;1507.00;11
3431;13;5151311;3431;399;4448;4459;5.35;0.33;277.23;3.17;1017;15;1508.00;11
3435;13;5151323;3435;402;4448;4459;5.30;0.33;277.28;3.17;1013;15;1509.00;11
3440;13;5151334;3440;408;4448;4459;5.30;0.33;277.34;3.17;1008;15;1510.00;11
3443;13;5151345;3443;414;4449;4459;5.26;0.33;277.35;3.17;1006;15;1511.00;10
3449;13;5151356;3449;433;4498;4529;5.26;0.33;277.25;3.14;1049;15;1512.00;31
3455;13;5151374;3455;433;4500;4530;5.23;0.32;277.17;3.15;1045;15;1513.00;30
3460;13;5151386;3460;435;4504;4530;5.27;0.33;277.17;3.15;1044;15;1514.00;26
3463;13;5151396;3463;439;4507;4530;5.33;0.33;277.14;3.15;1044;15;1515.00;23
3467;13;5151408;3467;444;4509;4530;5.35;0.33;276.98;3.16;1042;15;1516.00;21
3475;13;5151420;3475;449;4511;4530;5.31;0.33;277.07;3.16;1036;15;1517.00;19
3479;13;5151432;3479;455;4514;4530;5.29;0.33;277.12;3.16;1035;15;1518.00;16
3482;13;5151453;3482;457;4516;4530;5.27;0.33;276.93;3.16;1034;15;1519.00;14
3484;13;5151464;3484;461;4519;4531;5.23;0.32;276.94;3.17;1035;15;1520.00;12
3485;13;5151476;3485;463;4519;4532;5.20;0.32;276.92;3.17;1034;15;1521.00;13
3489;13;5151488;3489;469;4523;4532;5.14;0.32;277.07;3.17;1034;15;1522.00;9
3489;13;5151498;3489;472;4527;4536;5.17;0.32;277.07;3.17;1038;15;1523.00;9
3491;13;5151510;3491;477;4528;4536;5.13;0.32;277.20;3.17;1037;15;1524.00;8
3495;13;5151522;3495;481;4528;4536;5.08;0.31;277.30;3.17;1033;15;1525.00;8
3497;13;5151532;3497;486;4528;4536;5.07;0.31;277.20;3.17;1031;15;1526.00;8
3503;13;5151544;3503;493;4532;4542;5.02;0.31;277.32;3.17;1029;15;1527.00;10
3504;13;5151556;3504;499;4533;4542;5.00;0.31;277.30;3.18;1029;15;1528.00;9
3507;13;5151566;3507;505;4536;4542;4.98;0.31;277.29;3.19;1029;15;1529.00;6
3508;13;5151578;3508;508;4539;4548;4.97;0.30;277.23;3.18;1031;15;1530.00;9
3509;13;5151590;3509;503;4539;4548;4.95;0.30;277.26;3.18;1030;15;1531.00;9
3512;13;5151601;3512;495;4542;4548;4.90;0.30;277.29;3.19;1030;15;1532.00;6
3512;13;5151612;3512;497;4545;4549;4.90;0.30;277.29;3.20;1033;15;1533.00;4
3515;13;5151624;3515;494;4546;4550;4.94;0.30;277.30;3.20;1031;15;1534.00;4
3515;13;5151635;3515;493;4547;4550;4.96;0.31;277.30;3.20;1032;15;1535.00;3
3519;13;5151646;3519;491;4558;4563;4.99;0.31;277.31;3.19;1039;15;1536.00;5
3520;13;5151658;3520;479;4560;4563;5.00;0.31;277.24;3.19;1040;15;1537.00;3
3526;13;5151671;3526;478;4560;4563;5.02;0.31;277.32;3.19;1034;15;1538.00;3
3527;13;5151683;3527;472;4563;4564;5.07;0.31;277.35;3.20;1036;15;1539.00;1
3530;13;5151696;3530;465;4563;4564;5.10;0.31;277.45;3.20;1033;15;1540.00;1
3533;13;5151714;3533;450;4568;4568;5.20;0.32;277.34;3.20;1035;15;1541.00;0
3534;13;5151728;3534;432;4568;4568;5.31;0.32;277.37;3.20;1034;15;1542.00;0
3534;13;5151741;3534;420;4572;4572;5.43;0.33;277.37;3.20;1038;15;1543.00;0
3536;13;5151762;3536;420;4572;4572;5.52;0.34;277.35;3.20;1036;15;1544.00;0
3537;13;5151777;3537;408;4572;4572;5.66;0.34;277.36;3.20;1035;15;1545.00;0
3538;13;5151792;3538;398;4572;4572;5.82;0.36;277.29;3.20;1034;15;1546.00;0
3541;13;5151816;3541;394;4572;4572;5.93;0.36;277.15;3.20;1031;15;1547.00;0
3543;13;5151831;3543;396;4583;4584;6.06;0.37;277.22;3.19;1040;15;1548.00;1
3544;13;5151848;3544;393;4583;4584;6.21;0.38;277.25;3.19;1039;15;1549.00;1
3544;13;5151863;3544;382;4584;4584;6.36;0.39;277.25;3.19;1040;15;1550.00;0
3545;13;5151880;3545;384;4584;4584;6.49;0.39;277.30;3.19;1039;15;1551.00;0
3545;13;5151895;3545;377;4584;4584;6.60;0.40;277.30;3.19;1039;15;1552.00;0
3546;13;5151910;3546;376;4584;4584;6.64;0.40;277.28;3.19;1038;15;1553.00;0
3546;13;5151925;3546;372;4585;4585;6.71;0.41;277.28;3.19;1039;15;1554.00;0
3546;13;5151940;3546;371;4587;4587;6.75;0.41;277.28;3.19;1041;15;1555.00;0
3547;13;5151955;3547;367;4592;4593;6.81;0.41;277.31;3.19;1045;15;1556.00;1
3548;13;5151971;3548;358;4593;4594;6.91;0.42;277.34;3.19;1045;15;1557.00;1
3550;13;5151988;3550;358;4593;4594;6.96;0.42;277.37;3.19;1043;15;1558.00;1
3554;13;5152003;3554;359;4593;4594;6.97;0.42;277.50;3.19;1039;15;1559.00;1
3557;13;5152019;3557;353;4598;4599;6.97;0.42;277.62;3.18;1041;15;1560.00;1
3559;13;5152033;3559;353;4598;4599;7.01;0.43;277.61;3.18;1039;15;1561.00;1
3561;13;5152046;3561;353;4598;4599;7.02;0.43;277.64;3.18;1037;15;1562.00;1
3565;13;5152059;3565;356;4599;4600;7.05;0.43;277.61;3.18;1034;15;1563.00;1
3569;13;5152073;3569;349;4602;4604;7.06;0.43;277.79;3.18;1033;15;1564.00;2
3572;13;5152088;3572;351;4602;4604;7.07;0.43;277.76;3.18;1030;15;1565.00;2
3577;13;5152103;3577;354;4604;4607;7.07;0.43;278.08;3.18;1027;15;1566.00;3
3578;13;5152126;3578;351;4604;4607;7.05;0.43;278.04;3.18;1026;15;1567.00;3
3583;13;5152141;3583;354;4605;4607;7.07;0.43;278.21;3.18;1022;15;1568.00;2
3584;13;5152156;3584;357;4605;4607;7.05;0.43;278.23;3.18;1021;15;1569.00;2
3586;13;5152170;3586;363;4609;4611;7.01;0.43;278.29;3.18;1023;15;1570.00;2
3588;13;5152183;3588;370;4609;4611;6.97;0.42;278.37;3.18;1021;15;1571.00;2
3590;13;5152197;3590;374;4609;4611;6.97;0.42;278.39;3.18;1019;15;1572.00;2
3592;13;5152211;3592;376;4609;4611;6.96;0.42;278.47;3.18;1017;15;1573.00;2
3594;13;5152226;3594;370;4609;4612;6.93;0.42;278.61;3.18;1015;15;1574.00;3
3597;13;5152239;3597;370;4611;4614;6.88;0.42;278.51;3.18;1014;15;1575.00;3
3600;13;5152253;3600;363;4611;4614;6.84;0.41;278.65;3.18;1011;15;1576.00;3
3601;13;5152267;3601;359;4612;4615;6.73;0.41;278.69;3.18;1011;15;1577.00;3
3605;13;5152280;3605;359;4612;4615;6.69;0.41;278.83;3.18;1007;15;1578.00;3
3607;13;5152293;3607;344;4612;4615;6.67;0.40;279.07;3.18;1005;15;1579.00;3
3611;13;5152307;3611;338;4612;4615;6.65;0.40;279.33;3.18;1001;15;1580.00;3
3612;13;5152320;3612;331;4612;4615;6.76;0.41;279.29;3.18;1000;15;1581.00;3
3616;13;5152332;3616;325;4612;4615;6.82;0.42;279.44;3.18;996;15;1582.00;3
3618;13;5152345;3618;318;4612;4615;6.93;0.42;279.47;3.18;994;15;1583.00;3
3621;13;5152358;3621;334;4687;4742;7.07;0.44;279.62;3.13;1066;15;1584.00;55
3623;13;5152380;3623;324;4687;4743;7.12;0.44;279.60;3.13;1064;15;1585.00;56
3626;13;5152394;3626;308;4692;4743;7.24;0.45;279.77;3.12;1066;15;1586.00;51
3628;13;5152408;3628;305;4692;4743;7.29;0.45;279.94;3.12;1064;15;1587.00;51
3632;13;5152421;3632;300;4696;4743;7.32;0.45;279.90;3.13;1064;15;1588.00;47
3638;13;5152435;3638;296;4698;4743;7.30;0.45;280.15;3.13;1060;15;1589.00;45
3640;13;5152450;3640;292;4700;4743;7.33;0.45;280.23;3.13;1060;15;1590.00;43
3644;13;5152463;3644;294;4703;4743;7.35;0.45;280.44;3.14;1059;15;1591.00;40
3648;13;5152476;3648;296;4704;4744;7.37;0.45;280.43;3.14;1056;15;1592.00;40
3653;13;5152489;3653;297;4711;4745;7.36;0.45;280.57;3.15;1058;15;1593.00;34
3656;13;5152502;3656;295;4712;4745;7.36;0.45;280.52;3.15;1056;15;1594.00;33
3658;13;5152515;3658;301;4715;4746;7.39;0.45;280.55;3.16;1057;15;1595.00;31
3662;13;5152528;3662;299;4718;4746;7.37;0.45;280.67;3.16;1056;15;1596.00;28
3663;13;5152541;3663;296;4722;4746;7.39;0.45;280.72;3.17;1059;15;1597.00;24
3665;13;5152554;3665;295;4724;4746;7.38;0.45;280.73;3.18;1059;15;1598.00;22
3668;13;5152566;3668;299;4729;4750;7.40;0.45;280.71;3.18;1061;15;1599.00;21
3670;13;5152581;3670;302;4732;4750;7.35;0.45;280.76;3.19;1062;15;1600.00;18
3671;13;5152597;3671;307;4735;4750;7.37;0.45;280.91;3.19;1064;15;1601.00;15
3672;13;5152613;3672;307;4737;4753;7.35;0.45;280.90;3.19;1065;15;1602.00;16
3674;13;5152629;3674;308;4738;4753;7.38;0.45;281.00;3.19;1064;15;1603.00;15
3675;13;5152644;3675;301;4739;4753;7.38;0.45;280.96;3.20;1064;15;1604.00;14
3678;13;5152660;3678;302;4744;4757;7.33;0.45;281.21;3.20;1066;15;1605.00;13
3679;13;5152675;3679;308;4745;4758;7.37;0.45;281.18;3.20;1066;15;1606.00;13
3682;13;5152690;3682;304;4746;4758;7.34;0.45;281.32;3.20;1064;15;1607.00;12
3686;13;5152705;3686;303;4749;4762;7.32;0.45;281.42;3.20;1063;15;1608.00;13
3689;13;5152720;3689;307;4749;4762;7.36;0.45;281.40;3.20;1060;15;1609.00;13
3693;13;5152734;3693;312;4751;4762;7.38;0.45;281.40;3.21;1058;15;1610.00;11
3695;13;5152749;3695;307;4753;4763;7.36;0.45;281.61;3.21;1058;15;1611.00;10
3697;13;5152764;3697;308;4753;4763;7.34;0.45;281.71;3.21;1056;15;1612.00;10
3701;13;5152780;3701;315;4758;4769;7.40;0.45;281.88;3.21;1057;15;1613.00;11
3701;13;5152796;3701;315;4760;4769;7.36;0.45;281.88;3.22;1059;15;1614.00;9
3703;13;5152810;3703;321;4760;4770;7.30;0.44;282.15;3.22;1057;15;1615.00;10
3705;13;5152823;3705;324;4760;4770;7.24;0.44;282.12;3.22;1055;15;1616.00;10
3706;13;5152836;3706;325;4760;4770;7.24;0.44;282.24;3.22;1054;15;1617.00;10
3709;13;5152849;3709;327;4761;4770;7.23;0.44;282.36;3.22;1052;15;1618.00;9
3712;13;5152862;3712;323;4761;4770;7.24;0.44;282.53;3.22;1049;15;1619.00;9
3713;13;5152876;3713;331;4791;4806;7.36;0.45;282.54;3.21;1078;15;1620.00;15
3717;13;5152892;3717;327;4793;4806;7.26;0.44;282.56;3.21;1076;15;1621.00;13
3720;13;5152907;3720;330;4796;4806;7.20;0.44;282.65;3.22;1076;15;1622.00;10
3724;13;5152920;3724;328;4797;4806;7.18;0.44;282.65;3.23;1073;15;1623.00;9
3726;13;5152932;3726;338;4798;4806;7.11;0.43;282.81;3.23;1072;15;1624.00;8
3728;13;5152945;3728;337;4800;4806;6.99;0.43;283.00;3.24;1072;15;1625.00;6
3731;13;5152963;3731;345;4805;4810;6.94;0.42;283.09;3.25;1074;15;1626.00;5
3735;13;5152976;3735;337;4805;4810;6.97;0.43;283.17;3.25;1070;16;1627.00;5
3739;13;5153002;3739;331;4810;4814;6.99;0.43;283.24;3.25;1071;16;1628.00;4
3741;13;5153023;3741;337;4812;4815;7.01;0.43;283.28;3.25;1071;16;1629.00;3
3742;13;5153045;3742;341;4814;4815;6.92;0.42;283.25;3.26;1072;16;1630.00;1
3746;13;5153061;3746;342;4814;4815;6.78;0.41;283.23;3.26;1068;16;1631.00;1
3751;13;5153076;3751;351;4827;4828;6.67;0.41;283.15;3.25;1076;16;1632.00;1
3751;13;5153089;3751;356;4827;4828;6.58;0.40;283.15;3.25;1076;16;1633.00;1
3756;13;5153101;3756;361;4827;4828;6.46;0.39;283.26;3.25;1071;16;1634.00;1
3758;13;5153114;3758;359;4829;4829;6.36;0.39;283.24;3.25;1071;16;1635.00;0
3760;13;5153127;3760;365;4830;4830;6.29;0.38;283.24;3.25;1070;16;1636.00;0
3762;13;5153140;3762;362;4830;4830;6.31;0.38;283.19;3.25;1068;16;1637.00;0
3765;13;5153152;3765;367;4833;4833;6.32;0.39;283.24;3.25;1068;16;1638.00;0
3768;13;5153164;3768;371;4833;4833;6.31;0.39;283.27;3.25;1065;16;1639.00;0
3769;13;5153177;3769;370;4833;4833;6.31;0.39;283.41;3.25;1064;16;1640.00;0
3771;13;5153189;3771;370;4833;4833;6.28;0.38;283.51;3.25;1062;16;1641.00;0
3772;13;5153200;3772;375;4839;4839;6.24;0.38;283.45;3.24;1067;16;1642.00;0
3773;13;5153212;3773;378;4839;4839;6.14;0.38;283.40;3.24;1066;16;1643.00;0
3777;13;5153224;3777;375;4839;4839;6.03;0.37;283.40;3.24;1062;16;1644.00;0
3780;13;5153235;3780;377;4839;4839;5.97;0.37;283.35;3.24;1059;16;1645.00;0
3783;13;5153247;3783;372;4843;4843;5.86;0.36;283.39;3.24;1060;16;1646.00;0
3786;13;5153260;3786;374;4844;4844;5.77;0.36;283.43;3.24;1058;16;1647.00;0
3789;13;5153273;3789;380;4844;4844;5.63;0.35;283.54;3.24;1055;16;1648.00;0
3792;13;5153284;3792;388;4845;4845;5.48;0.34;283.42;3.24;1053;16;1649.00;0
3797;13;5153297;3797;374;4845;4845;5.33;0.33;283.51;3.24;1048;16;1650.00;0
3800;13;5153309;3800;378;4845;4845;5.28;0.32;283.36;3.24;1045;16;1651.00;0
3804;13;5153321;3804;380;4845;4845;5.21;0.32;283.43;3.24;1041;16;1652.00;0
3807;13;5153332;3807;379;4845;4845;5.18;0.32;283.35;3.24;1038;16;1653.00;0
3811;13;5153343;3811;377;4845;4845;5.12;0.31;283.31;3.24;1034;16;1654.00;0
3815;13;5153354;3815;382;4845;4845;5.10;0.31;283.23;3.24;1030;16;1655.00;0
3819;13;5153365;3819;383;4881;4915;5.27;0.32;283.49;3.22;1062;16;1656.00;34
3824;13;5153382;3824;386;4884;4916;5.29;0.32;283.43;3.21;1060;16;1657.00;32
3828;13;5153394;3828;383;4894;4916;5.28;0.32;283.47;3.21;1066;16;1658.00;22
3829;13;5153407;3829;385;4896;4916;5.30;0.32;283.48;3.21;1067;16;1659.00;20
3833;13;5153417;3833;388;4898;4916;5.31;0.32;283.37;3.21;1065;16;1660.00;18
3835;13;5153429;3835;391;4898;4916;5.37;0.33;283.31;3.21;1063;16;1661.00;18
3838;13;5153441;3838;395;4900;4916;5.31;0.33;283.29;3.21;1062;16;1662.00;16
3842;13;5153453;3842;402;4901;4916;5.22;0.32;283.15;3.21;1059;16;1663.00;15
3846;13;5153464;3846;406;4901;4917;5.13;0.31;283.07;3.21;1055;16;1664.00;16
3847;13;5153476;3847;415;4906;4919;5.11;0.31;283.03;3.22;1059;16;1665.00;13
3853;13;5153488;3853;423;4906;4919;5.02;0.31;282.84;3.22;1053;16;1666.00;13
3855;13;5153499;3855;432;4912;4923;4.99;0.31;282.85;3.22;1057;16;1667.00;11
3859;13;5153512;3859;434;4914;4923;4.95;0.30;282.62;3.22;1055;16;1668.00;9
3863;13;5153523;3863;436;4916;4923;4.94;0.30;282.62;3.23;1053;16;1669.00;7
3865;13;5153536;3865;447;4919;4923;4.95;0.30;282.72;3.23;1054;16;1670.00;4
3868;13;5153547;3868;448;4924;4929;4.92;0.30;282.63;3.23;1056;16;1671.00;5
3870;13;5153560;3870;449;4926;4929;4.92;0.30;282.71;3.24;1056;16;1672.00;3
3871;13;5153572;3871;458;4926;4929;4.92;0.30;282.76;3.24;1055;16;1673.00;3
3872;13;5153582;3872;461;4927;4932;4.91;0.30;282.83;3.23;1055;16;1674.00;5
3874;13;5153595;3874;469;4927;4932;4.89;0.30;282.82;3.23;1053;16;1675.00;5
3878;13;5153608;3878;473;4927;4932;4.87;0.30;282.82;3.23;1049;16;1676.00;5
3882;13;5153619;3882;479;4929;4933;4.80;0.29;282.90;3.24;1047;16;1677.00;4
3884;13;5153631;3884;484;4930;4934;4.76;0.29;282.97;3.24;1046;16;1678.00;4
3887;13;5153643;3887;484;4930;4934;4.69;0.29;283.01;3.24;1043;16;1679.00;4
3889;13;5153656;3889;502;4952;4960;4.72;0.29;282.90;3.22;1063;16;1680.00;8
3894;13;5153669;3894;499;4952;4960;4.64;0.28;283.04;3.22;1058;16;1681.00;8
3898;13;5153681;3898;505;4954;4960;4.60;0.28;282.97;3.22;1056;16;1682.00;6
3899;13;5153692;3899;508;4955;4961;4.57;0.28;283.02;3.22;1056;16;1683.00;6
3901;13;5153703;3901;495;4956;4961;4.55;0.28;283.10;3.23;1055;16;1684.00;5
3905;13;5153714;3905;495;4959;4965;4.58;0.28;283.10;3.22;1054;16;1685.00;6
3907;13;5153726;3907;488;4959;4965;4.62;0.28;283.16;3.22;1052;16;1686.00;6
3912;13;5153737;3912;481;4963;4969;4.65;0.28;282.99;3.22;1051;16;1687.00;6
3914;13;5153749;3914;478;4963;4969;4.68;0.29;283.17;3.22;1049;16;1688.00;6
3916;13;5153762;3916;474;4964;4969;4.65;0.28;283.19;3.22;1048;16;1689.00;5
3918;13;5153774;3918;471;4964;4969;4.64;0.28;283.22;3.22;1046;16;1690.00;5
3920;13;5153791;3920;472;4964;4969;4.68;0.29;283.28;3.22;1044;16;1691.00;5
3924;13;5153804;3924;469;4975;4981;4.74;0.29;283.37;3.22;1051;16;1692.00;6
3927;13;5153817;3927;476;4975;4981;4.75;0.29;283.32;3.22;1048;16;1693.00;6
3930;13;5153831;3930;481;4975;4981;4.81;0.29;283.37;3.22;1045;16;1694.00;6
3930;13;5153845;3930;481;4976;4981;4.89;0.30;283.37;3.22;1046;16;1695.00;5
3933;13;5153856;3933;481;4977;4981;4.96;0.30;283.46;3.22;1044;16;1696.00;4
3936;14;5153868;3936;475;4977;4981;4.96;0.30;283.48;3.22;1041;17;1697.00;4
3937;14;5153895;3937;462;4978;4982;5.02;0.31;283.46;3.22;1041;17;1698.00;4
3939;14;5153920;3939;457;4978;4982;5.09;0.31;283.52;3.22;1039;17;1699.00;4
3941;14;5153943;3941;455;4984;4988;5.17;0.31;283.47;3.23;1043;17;1700.00;4
3942;14;5153970;3942;455;4986;4989;5.24;0.32;283.45;3.23;1044;17;1701.00;3
3943;14;5153990;3943;450;4987;4989;5.28;0.32;283.43;3.23;1044;17;1702.00;2
3944;14;5154005;3944;447;4987;4989;5.34;0.32;283.45;3.23;1043;17;1703.00;2
3946;14;5154020;3946;449;4992;4993;5.38;0.33;283.44;3.23;1046;17;1704.00;1
3948;14;5154034;3948;446;4992;4993;5.43;0.33;283.52;3.23;1044;17;1705.00;1
3949;14;5154047;3949;433;4992;4993;5.54;0.34;283.64;3.23;1043;17;1706.00;1
3950;14;5154063;3950;425;4994;4994;5.66;0.34;283.59;3.23;1044;17;1707.00;0
3953;14;5154079;3953;413;4998;4998;5.73;0.35;283.77;3.23;1045;17;1708.00;0
3957;14;5154095;3957;401;4998;4998;5.85;0.36;283.79;3.23;1041;17;1709.00;0
3957;14;5154113;3957;395;5003;5004;6.02;0.37;283.79;3.23;1046;17;1710.00;1
3960;14;5154129;3960;400;5003;5004;6.11;0.37;283.88;3.23;1043;17;1711.00;1
3962;14;5154143;3962;399;5004;5004;6.23;0.38;283.88;3.23;1042;17;1712.00;0
3963;14;5154158;3963;403;5004;5004;6.26;0.38;283.91;3.23;1041;17;1713.00;0
3963;14;5154174;3963;399;5008;5008;6.33;0.38;283.91;3.22;1045;17;1714.00;0
3965;14;5154190;3965;403;5008;5008;6.35;0.39;284.07;3.22;1043;17;1715.00;0
3969;14;5154206;3969;408;5008;5008;6.33;0.38;284.26;3.22;1039;17;1716.00;0
3970;14;5154222;3970;405;5008;5008;6.34;0.39;284.28;3.22;1038;17;1717.00;0
3972;14;5154236;3972;406;5009;5009;6.34;0.39;284.30;3.22;1037;17;1718.00;0
3973;14;5154250;3973;405;5010;5010;6.34;0.39;284.30;3.22;1037;17;1719.00;0
3974;14;5154264;3974;404;5010;5010;6.36;0.39;284.36;3.22;1036;17;1720.00;0
3977;14;5154278;3977;398;5011;5011;6.33;0.38;284.39;3.22;1034;17;1721.00;0
3977;14;5154293;3977;396;5011;5011;6.34;0.39;284.39;3.22;1034;17;1722.00;0
3980;14;5154307;3980;395;5011;5011;6.42;0.39;284.55;3.22;1031;17;1723.00;0
3982;14;5154322;3982;390;5011;5011;6.47;0.39;284.64;3.22;1029;17;1724.00;0
3985;14;5154337;3985;388;5011;5011;6.52;0.40;284.72;3.22;1026;17;1725.00;0
3987;14;5154350;3987;393;5011;5011;6.56;0.40;284.85;3.22;1024;17;1726.00;0
3988;14;5154362;3988;386;5011;5011;6.59;0.40;284.98;3.22;1023;17;1727.00;0
3991;14;5154374;3991;407;5091;5138;6.67;0.41;284.93;3.17;1100;17;1728.00;47
3998;14;5154397;3998;396;5092;5139;6.61;0.41;285.10;3.17;1094;17;1729.00;47
4001;14;5154413;4001;392;5099;5139;6.68;0.41;285.11;3.17;1098;17;1730.00;40
4002;14;5154427;4002;386;5101;5139;6.74;0.42;285.25;3.17;1099;17;1731.00;38
4005;14;5154442;4005;394;5105;5139;6.79;0.42;285.34;3.17;1100;17;1732.00;34
4009;14;5154459;4009;400;5106;5139;6.78;0.42;285.48;3.17;1097;17;1733.00;33
4011;14;5154474;4011;404;5108;5139;6.79;0.42;285.51;3.17;1097;17;1734.00;31
4015;14;5154490;4015;410;5110;5139;6.84;0.42;285.72;3.17;1095;17;1735.00;29
4019;14;5154505;4019;410;5113;5140;6.83;0.42;286.16;3.18;1094;17;1736.00;27
4021;14;5154529;4021;416;5117;5141;6.83;0.42;286.16;3.18;1096;17;1737.00;24
4025;14;5154546;4025;419;5119;5141;6.84;0.42;286.38;3.18;1094;17;1738.00;22
4027;14;5154560;4027;417;5121;5142;6.86;0.42;286.36;3.19;1094;17;1739.00;21
4032;14;5154576;4032;413;5124;5142;6.85;0.42;286.52;3.19;1092;17;1740.00;18
4038;14;5154590;4038;409;5128;5142;6.78;0.41;286.85;3.20;1090;17;1741.00;14
4042;14;5154604;4042;404;5128;5142;6.76;0.41;286.94;3.20;1086;17;1742.00;14
4045;14;5154616;4045;399;5133;5146;6.78;0.41;286.94;3.20;1088;17;1743.00;13
4047;14;5154630;4047;398;5134;5146;6.81;0.42;287.06;3.20;1087;17;1744.00;12
4049;14;5154644;4049;392;5134;5146;6.82;0.42;287.07;3.20;1085;17;1745.00;12
4053;14;5154658;4053;390;5137;5149;6.79;0.41;287.32;3.21;1084;17;1746.00;12
4056;14;5154671;4056;381;5138;5149;6.81;0.42;287.61;3.21;1082;17;1747.00;11
4057;14;5154689;4057;367;5139;5149;6.82;0.42;287.58;3.21;1082;17;1748.00;10
4058;14;5154714;4058;362;5142;5153;6.81;0.42;287.61;3.21;1084;17;1749.00;11
4060;14;5154729;4060;351;5145;5154;6.82;0.42;287.67;3.21;1085;17;1750.00;9
4060;14;5154742;4060;350;5145;5154;6.85;0.42;287.67;3.21;1085;17;1751.00;9
4064;14;5154755;4064;348;5149;5158;6.79;0.41;287.88;3.21;1085;17;1752.00;9
4068;14;5154768;4068;341;5149;5158;6.76;0.41;288.00;3.21;1081;17;1753.00;9
4069;14;5154781;4069;336;5149;5158;6.74;0.41;288.01;3.21;1080;17;1754.00;9
4074;14;5154799;4074;336;5151;5160;6.74;0.41;288.11;3.21;1077;17;1755.00;9
4076;14;5154814;4076;332;5151;5160;6.76;0.41;288.20;3.21;1075;17;1756.00;9
4081;14;5154827;4081;323;5158;5166;6.79;0.41;288.20;3.22;1077;17;1757.00;8
4085;14;5154843;4085;320;5158;5166;6.87;0.42;288.34;3.22;1073;17;1758.00;8
4089;14;5154858;4089;328;5158;5167;6.88;0.42;288.54;3.22;1069;17;1759.00;9
4089;14;5154872;4089;321;5158;5167;6.90;0.42;288.54;3.22;1069;17;1760.00;9
4093;14;5154884;4093;318;5158;5167;6.87;0.42;288.72;3.22;1065;17;1761.00;9
4096;14;5154910;4096;319;5158;5167;6.83;0.42;288.79;3.22;1062;17;1762.00;9
4097;14;5154923;4097;317;5158;5167;6.85;0.42;288.91;3.22;1061;17;1763.00;9
4102;14;5154937;4102;320;5168;5179;6.90;0.42;289.18;3.21;1066;17;1764.00;11
4105;14;5154951;4105;327;5169;5179;6.90;0.42;289.24;3.21;1064;17;1765.00;10
4107;14;5154964;4107;326;5169;5179;6.93;0.42;289.34;3.21;1062;17;1766.00;10
4110;14;5154977;4110;323;5169;5179;6.93;0.42;289.38;3.21;1059;17;1767.00;10
4115;14;5154990;4115;329;5169;5179;6.90;0.42;289.61;3.21;1054;17;1768.00;10
4116;14;5155002;4116;328;5169;5179;6.87;0.42;289.61;3.21;1053;17;1769.00;10
4120;14;5155016;4120;338;5172;5183;6.78;0.41;289.71;3.21;1052;17;1770.00;11
4123;14;5155031;4123;339;5172;5183;6.73;0.41;289.71;3.21;1049;17;1771.00;11
4126;14;5155044;4126;334;5176;5187;6.72;0.41;289.88;3.21;1050;17;1772.00;11
4128;14;5155057;4128;337;5177;5188;6.73;0.41;289.92;3.21;1049;17;1773.00;11
4130;14;5155072;4130;332;5177;5188;6.69;0.41;289.97;3.21;1047;17;1774.00;11
4135;14;5155085;4135;339;5177;5188;6.63;0.40;290.00;3.21;1042;17;1775.00;11
4136;14;5155098;4136;338;5188;5201;6.63;0.40;289.93;3.20;1052;17;1776.00;13
4140;14;5155113;4140;337;5188;5201;6.61;0.40;290.10;3.20;1048;17;1777.00;13
4142;14;5155127;4142;342;5188;5201;6.58;0.40;290.18;3.20;1046;17;1778.00;13
4143;14;5155141;4143;342;5189;5202;6.53;0.40;290.21;3.20;1046;17;1779.00;13
4143;14;5155155;4143;341;5190;5203;6.45;0.39;290.21;3.21;1047;17;1780.00;13
4144;14;5155172;4144;340;5190;5203;6.36;0.39;290.22;3.21;1046;17;1781.00;13
4145;14;5155184;4145;347;5192;5206;6.32;0.38;290.26;3.21;1047;17;1782.00;14
4146;14;5155196;4146;353;5194;5206;6.27;0.38;290.22;3.23;1048;17;1783.00;12
4149;14;5155210;4149;357;5195;5206;6.22;0.38;290.27;3.23;1046;17;1784.00;11
4151;14;5155227;4151;366;5196;5206;6.16;0.37;290.21;3.24;1045;17;1785.00;10
4153;14;5155241;4153;377;5201;5212;6.15;0.37;290.37;3.24;1048;17;1786.00;11
4155;14;5155254;4155;374;5201;5212;6.10;0.37;290.37;3.24;1046;17;1787.00;11
4158;14;5155266;4158;382;5203;5212;5.97;0.36;290.44;3.25;1045;17;1788.00;9
4159;14;5155278;4159;383;5203;5212;5.91;0.36;290.52;3.25;1044;17;1789.00;9
4160;14;5155290;4160;393;5206;5216;5.87;0.36;290.49;3.25;1046;17;1790.00;10
4164;14;5155303;4164;394;5209;5217;5.75;0.35;290.62;3.26;1045;17;1791.00;8
4166;14;5155321;4166;402;5209;5217;5.74;0.35;290.78;3.26;1043;17;1792.00;8
4168;14;5155332;4168;407;5212;5218;5.77;0.35;290.80;3.28;1044;17;1793.00;6
4168;14;5155342;4168;410;5212;5218;5.79;0.35;290.80;3.28;1044;17;1794.00;6
4172;14;5155352;4172;413;5214;5218;5.73;0.35;290.85;3.28;1042;17;1795.00;4
4173;14;5155363;4173;426;5214;5218;5.68;0.35;290.79;3.28;1041;17;1796.00;4
4175;14;5155373;4175;425;5214;5218;5.71;0.35;290.79;3.28;1039;17;1797.00;4
4177;14;5155383;4177;430;5216;5218;5.70;0.35;290.77;3.29;1039;17;1798.00;2
4181;14;5155394;4181;428;5216;5218;5.70;0.35;290.82;3.29;1035;18;1799.00;2
4181;14;5155417;4181;432;5274;5356;6.04;0.38;290.82;3.25;1093;18;1800.00;82
4184;14;5155443;4184;433;5282;5357;6.03;0.37;290.69;3.25;1098;18;1801.00;75
4187;14;5155456;4187;427;5296;5357;6.13;0.38;290.58;3.25;1109;18;1802.00;61
4187;14;5155468;4187;419;5304;5357;6.14;0.38;290.58;3.25;1117;18;1803.00;53
4192;14;5155479;4192;411;5313;5357;6.04;0.37;290.46;3.25;1121;18;1804.00;44
4193;14;5155492;4193;414;5318;5357;6.02;0.37;290.41;3.25;1125;18;1805.00;39
4195;14;5155505;4195;416;5325;5357;5.95;0.37;290.42;3.26;1130;18;1806.00;32
4196;14;5155517;4196;417;5330;5357;5.86;0.36;290.53;3.26;1134;18;1807.00;27
4199;14;5155529;4199;429;5338;5358;5.79;0.36;290.36;3.27;1139;18;1808.00;20
4201;14;5155543;4201;437;5342;5359;5.79;0.36;290.40;3.27;1141;18;1809.00;17
4205;14;5155557;4205;439;5347;5359;5.75;0.35;290.20;3.28;1142;18;1810.00;12
4209;14;5155569;4209;449;5353;5363;5.65;0.35;290.19;3.28;1144;18;1811.00;10
4211;14;5155581;4211;449;5353;5363;5.55;0.34;290.19;3.28;1142;18;1812.00;10
4216;14;5155593;4216;451;5355;5363;5.39;0.33;290.32;3.28;1139;18;1813.00;8
4220;14;5155606;4220;464;5356;5363;5.24;0.32;290.28;3.28;1136;18;1814.00;7
4221;14;5155616;4221;455;5361;5369;5.23;0.32;290.35;3.28;1140;18;1815.00;8
4226;14;5155629;4226;454;5362;5369;5.14;0.32;290.28;3.28;1136;18;1816.00;7
4229;14;5155641;4229;458;5362;5369;5.04;0.31;290.35;3.28;1133;18;1817.00;7
4232;14;5155653;4232;462;5365;5372;4.99;0.31;290.38;3.28;1133;18;1818.00;7
4233;14;5155665;4233;467;5366;5372;4.96;0.31;290.42;3.29;1133;18;1819.00;6
4237;14;5155677;4237;467;5366;5372;4.90;0.30;290.34;3.29;1129;18;1820.00;6
4240;14;5155689;4240;466;5367;5373;4.85;0.30;290.33;3.29;1127;18;1821.00;6
4242;14;5155700;4242;464;5368;5374;4.84;0.30;290.32;3.29;1126;18;1822.00;6
4245;14;5155712;4245;462;5368;5374;4.89;0.30;290.43;3.29;1123;18;1823.00;6
4249;14;5155724;4249;467;5377;5387;4.90;0.30;290.37;3.28;1128;18;1824.00;10
4253;14;5155737;4253;468;5377;5387;4.93;0.30;290.40;3.28;1124;18;1825.00;10
4254;14;5155748;4254;461;5379;5387;4.95;0.31;290.40;3.28;1125;18;1826.00;8
4254;14;5155759;4254;465;5380;5388;5.00;0.31;290.40;3.28;1126;18;1827.00;8
4256;14;5155771;4256;466;5380;5388;4.99;0.31;290.45;3.28;1124;18;1828.00;8
4259;14;5155782;4259;465;5383;5392;4.98;0.31;290.49;3.28;1124;18;1829.00;9
4263;14;5155799;4263;477;5384;5392;4.97;0.31;290.39;3.28;1121;18;1830.00;8
4266;14;5155819;4266;464;5387;5396;4.99;0.31;290.46;3.28;1121;18;1831.00;9
4270;14;5155832;4270;455;5387;5396;4.98;0.31;290.33;3.28;1117;18;1832.00;9
4273;14;5155844;4273;452;5387;5396;5.03;0.31;290.39;3.28;1114;18;1833.00;9
4277;14;5155856;4277;456;5387;5396;5.03;0.31;290.41;3.28;1110;18;1834.00;9
4279;14;5155870;4279;453;5387;5396;5.11;0.32;290.52;3.28;1108;18;1835.00;9
4285;14;5155882;4285;455;5397;5408;5.16;0.32;290.63;3.28;1112;18;1836.00;11
4291;14;5155896;4291;449;5397;5408;5.14;0.32;290.68;3.28;1106;18;1837.00;11
4294;14;5155915;4294;441;5397;5408;5.17;0.32;290.70;3.28;1103;18;1838.00;11
4298;14;5155928;4298;437;5397;5408;5.20;0.32;290.71;3.28;1099;18;1839.00;11
4299;14;5155947;4299;434;5397;5408;5.30;0.33;290.77;3.28;1098;18;1840.00;11
4302;14;5155960;4302;435;5397;5408;5.35;0.33;290.83;3.28;1095;18;1841.00;11
4306;14;5155973;4306;432;5397;5409;5.38;0.33;290.77;3.28;1091;18;1842.00;12
4308;14;5155987;4308;430;5397;5409;5.41;0.33;290.81;3.28;1089;18;1843.00;12
4311;14;5155999;4311;431;5401;5415;5.47;0.34;290.89;3.27;1090;18;1844.00;14
4313;14;5156013;4313;427;5403;5417;5.49;0.34;290.91;3.27;1090;18;1845.00;14
4316;14;5156032;4316;425;5404;5417;5.53;0.34;290.87;3.28;1088;18;1846.00;13
4320;14;5156046;4320;422;5404;5417;5.54;0.34;290.90;3.28;1084;18;1847.00;13
4322;14;5156059;4322;421;5407;5421;5.59;0.34;290.78;3.28;1085;18;1848.00;14
4325;14;5156079;4325;420;5407;5421;5.62;0.34;290.86;3.28;1082;18;1849.00;14
4329;14;5156092;4329;418;5407;5421;5.62;0.34;291.01;3.28;1078;18;1850.00;14
4329;14;5156106;4329;420;5408;5422;5.68;0.35;291.01;3.28;1079;18;1851.00;14
4336;14;5156119;4336;419;5411;5426;5.73;0.35;291.29;3.28;1075;18;1852.00;15
4342;14;5156133;4342;422;5411;5426;5.74;0.35;291.34;3.28;1069;18;1853.00;15
4347;14;5156145;4347;423;5414;5429;5.76;0.35;291.24;3.28;1067;18;1854.00;15
4351;14;5156159;4351;425;5414;5429;5.77;0.35;291.22;3.28;1063;18;1855.00;15
4355;14;5156172;4355;428;5414;5429;5.74;0.35;291.28;3.28;1059;18;1856.00;15
4360;14;5156184;4360;428;5415;5429;5.69;0.35;291.43;3.28;1055;18;1857.00;14
4365;14;5156197;4365;433;5419;5433;5.65;0.34;291.63;3.28;1054;18;1858.00;14
4367;14;5156209;4367;440;5419;5433;5.62;0.34;291.59;3.28;1052;18;1859.00;14
4370;14;5156222;4370;449;5419;5433;5.62;0.34;291.72;3.28;1049;18;1860.00;14
4375;14;5156237;4375;445;5421;5433;5.60;0.34;292.04;3.29;1046;18;1861.00;12
4378;14;5156252;4378;439;5421;5434;5.63;0.34;292.26;3.29;1043;18;1862.00;13
4381;14;5156265;4381;435;5422;5435;5.68;0.35;292.34;3.29;1041;18;1863.00;13
4383;14;5156279;4383;432;5422;5435;5.73;0.35;292.60;3.29;1039;18;1864.00;13
4388;14;5156293;4388;431;5423;5436;5.80;0.35;292.65;3.28;1035;18;1865.00;13
4392;14;5156307;4392;427;5423;5436;5.84;0.36;292.67;3.28;1031;18;1866.00;13
4394;14;5156327;4394;428;5423;5436;5.87;0.36;292.80;3.28;1029;18;1867.00;13
4396;14;5156350;4396;426;5423;5436;5.89;0.36;292.92;3.28;1027;18;1868.00;13
4400;14;5156369;4400;426;5423;5436;5.89;0.36;293.09;3.28;1023;18;1869.00;13
4401;14;5156387;4401;430;5423;5436;5.90;0.36;293.21;3.28;1022;18;1870.00;13
4404;14;5156404;4404;422;5423;5436;5.87;0.36;293.31;3.28;1019;18;1871.00;13
4406;14;5156420;4406;437;5499;5563;6.12;0.38;293.44;3.24;1093;18;1872.00;64
4412;14;5156444;4412;420;5501;5564;6.11;0.38;293.66;3.24;1089;18;1873.00;63
4414;14;5156462;4414;407;5508;5564;6.19;0.38;293.78;3.24;1094;18;1874.00;56
4416;14;5156484;4416;393;5511;5564;6.23;0.38;293.86;3.24;1095;18;1875.00;53
4418;14;5156500;4418;388;5516;5564;6.28;0.39;293.92;3.24;1098;18;1876.00;48
4419;14;5156517;4419;385;5518;5564;6.29;0.39;293.89;3.24;1099;18;1877.00;46
4421;14;5156531;4421;382;5521;5564;6.30;0.39;294.02;3.24;1100;18;1878.00;43
4424;14;5156548;4424;389;5523;5564;6.28;0.39;294.11;3.24;1099;18;1879.00;41
4425;14;5156564;4425;397;5525;5565;6.29;0.39;294.20;3.24;1100;18;1880.00;40
4425;14;5156587;4425;397;5528;5566;6.27;0.38;294.20;3.25;1103;18;1881.00;38
4426;14;5156601;4426;398;5532;5568;6.22;0.38;294.17;3.25;1106;18;1882.00;36
4431;14;5156616;4431;395;5533;5569;6.16;0.38;294.26;3.25;1102;18;1883.00;36
4432;14;5156632;4432;394;5539;5569;6.14;0.38;294.26;3.26;1107;18;1884.00;30
4436;14;5156646;4436;402;5540;5569;6.12;0.38;294.32;3.26;1104;18;1885.00;29
4438;14;5156661;4438;408;5541;5569;6.14;0.38;294.35;3.26;1103;18;1886.00;28
4442;14;5156681;4442;404;5545;5573;6.11;0.38;294.49;3.26;1103;18;1887.00;28
4443;14;5156696;4443;406;5546;5573;6.13;0.38;294.47;3.26;1103;18;1888.00;27
4445;14;5156710;4445;405;5547;5573;6.12;0.38;294.47;3.26;1102;18;1889.00;26
4449;14;5156727;4449;406;5552;5579;6.11;0.37;294.44;3.26;1103;18;1890.00;27
4452;14;5156741;4452;407;5553;5579;6.14;0.38;294.59;3.26;1101;18;1891.00;26
4453;14;5156755;4453;415;5553;5579;6.17;0.38;294.56;3.26;1100;18;1892.00;26
4454;14;5156768;4454;417;5556;5583;6.26;0.38;294.62;3.26;1102;18;1893.00;27
4458;14;5156781;4458;418;5560;5584;6.29;0.38;294.59;3.27;1102;18;1894.00;24
4459;14;5156796;4459;421;5561;5584;6.33;0.39;294.68;3.27;1102;18;1895.00;23
4461;14;5156810;4461;420;5564;5588;6.37;0.39;294.74;3.27;1103;18;1896.00;24
4462;14;5156824;4462;419;5564;5588;6.37;0.39;294.74;3.27;1102;18;1897.00;24
4465;14;5156840;4465;423;5564;5588;6.36;0.39;294.72;3.27;1099;18;1898.00;24
4466;14;5156856;4466;426;5565;5589;6.36;0.39;294.72;3.27;1099;18;1899.00;24
4467;14;5156871;4467;426;5565;5589;6.31;0.38;294.71;3.27;1098;18;1900.00;24
4469;14;5156889;4469;428;5570;5595;6.29;0.38;294.66;3.27;1101;18;1901.00;25
4470;14;5156905;4470;431;5570;5595;6.27;0.38;294.72;3.27;1100;18;1902.00;25
4472;14;5156919;4472;429;5570;5596;6.31;0.38;294.66;3.27;1098;18;1903.00;26
4473;14;5156932;4473;433;5570;5596;6.30;0.38;294.65;3.27;1097;18;1904.00;26
4475;14;5156946;4475;428;5570;5596;6.28;0.38;294.68;3.27;1095;18;1905.00;26
4475;14;5156968;4475;427;5570;5596;6.24;0.38;294.68;3.27;1095;18;1906.00;26
4476;14;5156992;4476;422;5570;5596;6.17;0.38;294.71;3.27;1094;18;1907.00;26
4478;14;5157010;4478;419;5580;5608;6.16;0.37;294.79;3.26;1102;18;1908.00;28
4478;14;5157027;4478;412;5580;5608;6.12;0.37;294.79;3.26;1102;18;1909.00;28
4483;14;5157040;4483;405;5581;5608;6.06;0.37;294.79;3.26;1098;18;1910.00;27
4484;14;5157054;4484;403;5581;5608;5.99;0.36;294.85;3.26;1097;18;1911.00;27
4488;14;5157067;4488;394;5581;5608;5.93;0.36;294.89;3.26;1093;18;1912.00;27
4491;14;5157080;4491;390;5581;5608;5.97;0.36;294.90;3.26;1090;18;1913.00;27
4495;14;5157094;4495;387;5584;5612;5.97;0.36;295.08;3.26;1089;18;1914.00;28
4496;14;5157107;4496;384;5584;5612;5.95;0.36;295.06;3.26;1088;18;1915.00;28
4497;14;5157120;4497;378;5588;5616;5.93;0.36;295.04;3.26;1091;18;1916.00;28
4503;14;5157132;4503;382;5589;5617;5.85;0.35;295.29;3.26;1086;18;1917.00;28
4504;14;5157146;4504;376;5589;5617;5.82;0.35;295.33;3.26;1085;18;1918.00;28
4508;14;5157159;4508;372;5589;5617;5.77;0.35;295.42;3.26;1081;18;1919.00;28
4509;14;5157173;4509;376;5612;5646;5.76;0.35;295.45;3.27;1103;18;1920.00;34
4510;14;5157188;4510;374;5614;5646;5.71;0.35;295.46;3.28;1104;18;1921.00;32
4515;14;5157201;4515;367;5615;5646;5.68;0.34;295.62;3.28;1100;18;1922.00;31
4520;14;5157213;4520;375;5618;5647;5.68;0.34;295.60;3.28;1098;18;1923.00;29
4522;14;5157227;4522;376;5618;5648;5.65;0.34;295.66;3.28;1096;18;1924.00;30
4527;14;5157240;4527;370;5618;5648;5.62;0.34;295.67;3.28;1091;18;1925.00;30
4528;14;5157253;4528;361;5620;5651;5.67;0.34;295.70;3.28;1092;18;1926.00;31
4530;14;5157265;4530;359;5622;5651;5.68;0.34;295.66;3.28;1092;18;1927.00;29
4534;14;5157277;4534;363;5622;5651;5.59;0.34;295.62;3.28;1088;18;1928.00;29
4534;14;5157297;4534;365;5622;5651;5.61;0.34;295.62;3.28;1088;18;1929.00;29
4534;14;5157310;4534;370;5627;5657;5.68;0.34;295.62;3.28;1093;18;1930.00;30
4537;14;5157323;4537;364;5627;5657;5.68;0.34;295.60;3.28;1090;18;1931.00;30
4540;14;5157337;4540;358;5627;5657;5.67;0.34;295.65;3.28;1087;18;1932.00;30
4542;14;5157350;4542;365;5627;5657;5.68;0.35;295.67;3.28;1085;18;1933.00;30
4544;14;5157363;4544;362;5630;5661;5.69;0.35;295.65;3.28;1086;18;1934.00;31
4545;14;5157378;4545;365;5632;5663;5.73;0.35;295.64;3.28;1087;18;1935.00;31
4546;14;5157392;4546;362;5632;5663;5.76;0.35;295.65;3.28;1086;18;1936.00;31
4548;14;5157404;4548;356;5633;5664;5.81;0.35;295.72;3.28;1085;18;1937.00;31
4550;14;5157417;4550;363;5633;5664;5.81;0.35;295.74;3.28;1083;18;1938.00;31
4551;14;5157430;4551;359;5633;5664;5.83;0.35;295.77;3.28;1082;18;1939.00;31
4554;14;5157443;4554;359;5633;5664;5.80;0.35;295.65;3.28;1079;18;1940.00;31
4558;14;5157459;4558;364;5633;5664;5.76;0.35;295.69;3.28;1075;18;1941.00;31
4560;14;5157475;4560;370;5633;5664;5.73;0.35;295.82;3.28;1073;18;1942.00;31
4561;14;5157487;4561;372;5633;5664;5.73;0.35;295.85;3.28;1072;18;1943.00;31
4562;14;5157499;4562;384;5669;5734;5.91;0.36;295.91;3.26;1107;18;1944.00;65
4563;14;5157518;4563;386;5671;5735;5.89;0.36;295.93;3.25;1108;18;1945.00;64
4566;14;5157531;4566;389;5680;5735;5.89;0.36;295.98;3.25;1114;18;1946.00;55
4569;14;5157544;4569;389;5681;5735;5.86;0.36;295.91;3.25;1112;18;1947.00;54
4573;14;5157558;4573;394;5684;5735;5.81;0.35;296.01;3.28;1111;18;1948.00;51
4574;14;5157572;4574;391;5688;5735;5.76;0.35;295.97;3.34;1114;18;1949.00;47
4575;14;5157586;4575;401;5692;5737;5.67;0.35;295.95;3.34;1117;18;1950.00;45
4577;14;5157599;4577;408;5695;5737;5.59;0.34;295.86;3.37;1118;19;1951.00;42
4578;14;5157622;4578;412;5696;5738;5.49;0.34;295.80;3.37;1118;19;1952.00;42
4579;14;5157641;4579;417;5699;5739;5.42;0.33;295.75;3.39;1120;19;1953.00;40
4580;14;5157653;4580;414;5700;5739;5.36;0.33;295.70;3.39;1120;19;1954.00;39
4581;14;5157665;4581;421;5708;5743;5.29;0.32;295.66;3.43;1127;19;1955.00;35
4584;14;5157678;4584;426;5712;5743;5.27;0.32;295.48;3.45;1128;19;1956.00;31
4584;14;5157691;4584;436;5714;5743;5.26;0.32;295.48;3.46;1130;19;1957.00;29
4588;14;5157702;4588;444;5716;5743;5.19;0.32;295.36;3.46;1128;19;1958.00;27
4590;14;5157714;4590;447;5722;5749;5.16;0.32;295.31;3.47;1132;19;1959.00;27
4593;14;5157727;4593;454;5723;5749;5.10;0.31;295.22;3.49;1130;19;1960.00;26
4593;14;5157740;4593;466;5724;5749;4.98;0.31;295.22;3.51;1131;19;1961.00;25
4597;14;5157758;4597;470;5726;5752;4.87;0.30;295.07;3.50;1129;19;1962.00;26
4599;14;5157775;4599;477;5726;5752;4.80;0.29;294.99;3.50;1127;19;1963.00;26
4599;14;5157789;4599;481;5728;5752;4.78;0.29;294.99;3.52;1129;19;1964.00;24
4601;14;5157801;4601;487;5728;5753;4.70;0.29;295.02;3.52;1127;19;1965.00;25
4606;14;5157813;4606;492;5730;5754;4.60;0.28;294.90;3.54;1124;19;1966.00;24
4609;14;5157825;4609;499;5730;5754;4.55;0.28;294.83;3.54;1121;19;1967.00;24
4610;14;5157837;4610;503;5740;5767;4.56;0.28;294.85;3.53;1130;19;1968.00;27
4612;14;5157849;4612;508;5741;5767;4.64;0.28;294.88;3.53;1129;19;1969.00;26
4614;14;5157860;4614;513;5741;5767;4.60;0.28;294.80;3.53;1127;19;1970.00;26
4616;14;5157871;4616;516;5742;5768;4.59;0.28;294.93;3.53;1126;19;1971.00;26
4617;14;5157882;4617;519;5742;5768;4.56;0.28;294.87;3.53;1125;19;1972.00;26
4618;14;5157893;4618;519;5746;5772;4.54;0.27;294.83;3.53;1128;19;1973.00;26
4619;14;5157906;4619;519;5746;5772;4.43;0.27;294.83;3.53;1127;19;1974.00;26
4620;14;5157917;4620;522;5749;5776;4.37;0.26;294.85;3.53;1129;19;1975.00;27
4623;14;5157928;4623;537;5749;5776;4.28;0.26;294.77;3.53;1126;19;1976.00;27
4624;14;5157940;4624;536;5749;5776;4.20;0.25;294.81;3.53;1125;19;1977.00;27
4625;14;5157951;4625;524;5749;5776;4.16;0.25;294.82;3.53;1124;19;1978.00;27
4627;14;5157962;4627;517;5749;5776;4.12;0.25;294.87;3.53;1122;19;1979.00;27
4630;14;5157975;4630;489;5775;5810;4.32;0.26;294.88;3.51;1145;19;1980.00;35
4632;14;5157990;4632;478;5775;5810;4.33;0.27;294.94;3.51;1143;19;1981.00;35
4633;14;5158002;4633;462;5779;5810;4.42;0.27;294.98;3.51;1146;19;1982.00;31
4637;14;5158014;4637;454;5779;5810;4.46;0.27;294.96;3.51;1142;19;1983.00;31
4639;14;5158026;4639;447;5780;5810;4.49;0.27;295.02;3.51;1141;19;1984.00;30
4640;14;5158049;4640;440;5780;5810;4.50;0.28;295.07;3.51;1140;19;1985.00;30
4640;14;5158063;4640;436;5780;5811;4.51;0.28;295.07;3.51;1140;19;1986.00;31
4642;14;5158076;4642;425;5780;5811;4.55;0.28;295.14;3.51;1138;19;1987.00;31
4644;14;5158089;4644;427;5785;5817;4.59;0.28;295.14;3.51;1141;19;1988.00;32
4647;14;5158102;4647;429;5786;5818;4.63;0.28;295.15;3.51;1139;19;1989.00;32
4650;14;5158116;4650;425;5786;5818;4.64;0.28;295.16;3.51;1136;19;1990.00;32
4652;14;5158129;4652;417;5786;5818;4.66;0.28;295.11;3.51;1134;19;1991.00;32
4656;14;5158143;4656;416;5789;5822;4.72;0.29;295.17;3.50;1133;19;1992.00;33
4659;14;5158156;4659;415;5789;5822;4.82;0.29;295.14;3.50;1130;19;1993.00;33
4663;14;5158169;4663;410;5789;5822;4.90;0.30;295.17;3.50;1126;19;1994.00;33
4666;14;5158181;4666;415;5790;5823;4.97;0.30;295.24;3.50;1124;19;1995.00;33
4668;14;5158194;4668;408;5793;5827;5.04;0.30;295.24;3.50;1125;19;1996.00;34
4669;14;5158206;4669;404;5793;5827;5.12;0.31;295.23;3.50;1124;19;1997.00;34
4672;14;5158219;4672;412;5796;5830;5.17;0.31;295.18;3.50;1124;19;1998.00;34
4677;14;5158231;4677;413;5796;5830;5.17;0.31;295.24;3.50;1119;19;1999.00;34
4678;14;5158245;4678;402;5796;5830;5.23;0.32;295.24;3.50;1118;19;2000.00;34
4681;14;5158261;4681;403;5796;5830;5.24;0.32;295.40;3.50;1115;19;2001.00;34
4684;14;5158274;4684;405;5800;5834;5.28;0.32;295.37;3.50;1116;19;2002.00;34
4687;14;5158288;4687;412;5800;5834;5.34;0.32;295.40;3.50;1113;19;2003.00;34
4693;14;5158300;4693;409;5800;5834;5.35;0.32;295.56;3.50;1107;19;2004.00;34
4695;14;5158313;4695;406;5800;5834;5.37;0.33;295.70;3.50;1105;19;2005.00;34
4700;14;5158326;4700;403;5800;5835;5.36;0.33;296.07;3.50;1100;19;2006.00;35
4704;14;5158340;4704;406;5801;5836;5.40;0.33;296.01;3.50;1097;19;2007.00;35
4707;14;5158354;4707;404;5801;5836;5.44;0.33;296.12;3.50;1094;19;2008.00;35
4713;14;5158367;4713;402;5802;5837;5.50;0.33;296.42;3.50;1089;19;2009.00;35
4717;14;5158381;4717;404;5802;5837;5.57;0.34;296.59;3.50;1085;19;2010.00;35
4720;14;5158394;4720;407;5802;5837;5.56;0.34;296.60;3.50;1082;19;2011.00;35
4722;14;5158408;4722;407;5802;5837;5.58;0.34;296.76;3.50;1080;19;2012.00;35
4729;14;5158421;4729;400;5802;5837;5.56;0.34;297.01;3.50;1073;19;2013.00;35
4732;14;5158435;4732;406;5802;5837;5.58;0.34;297.17;3.50;1070;19;2014.00;35
4734;14;5158448;4734;406;5802;5837;5.56;0.34;297.16;3.50;1068;19;2015.00;35
4737;15;5158460;4737;423;5875;5964;5.88;0.36;297.16;3.45;1138;20;2016.00;89
4741;15;5158494;4741;412;5882;5965;5.93;0.36;297.22;3.45;1141;20;2017.00;83
4744;15;5158512;4744;407;5887;5965;5.95;0.37;297.22;3.45;1143;20;2018.00;78
4747;15;5158527;4747;404;5892;5965;5.95;0.37;297.35;3.45;1145;20;2019.00;73
4748;15;5158547;4748;402;5894;5965;5.93;0.36;297.38;3.45;1146;20;2020.00;71
4752;15;5158562;4752;409;5899;5965;5.91;0.36;297.42;3.45;1147;20;2021.00;66
4753;15;5158578;4753;405;5900;5965;5.84;0.36;297.40;3.45;1147;20;2022.00;65
4755;15;5158593;4755;417;5902;5965;5.73;0.35;297.48;3.45;1147;20;2023.00;63
4756;15;5158607;4756;415;5904;5966;5.65;0.35;297.59;3.45;1148;20;2024.00;62
4757;15;5158622;4757;432;5906;5968;5.62;0.34;297.59;3.45;1149;20;2025.00;62
4758;15;5158635;4758;442;5907;5968;5.62;0.34;297.58;3.46;1149;20;2026.00;61
4759;15;5158649;4759;441;5908;5969;5.58;0.34;297.63;3.46;1149;20;2027.00;61
4760;15;5158663;4760;433;5911;5969;5.53;0.34;297.69;3.46;1151;20;2028.00;58
4766;15;5158678;4766;438;5912;5969;5.46;0.33;297.78;3.46;1146;20;2029.00;57
4768;15;5158692;4768;440;5914;5969;5.48;0.34;297.91;3.47;1146;20;2030.00;55
4772;15;5158707;4772;439;5917;5973;5.52;0.34;298.09;3.47;1145;20;2031.00;56
4777;15;5158722;4777;450;5919;5973;5.50;0.34;298.52;3.47;1142;20;2032.00;54
4783;15;5158737;4783;455;5921;5973;5.43;0.33;298.63;3.47;1138;20;2033.00;52
4784;15;5158751;4784;454;5922;5976;5.46;0.33;298.73;3.47;1138;20;2034.00;54
4785;15;5158765;4785;459;5923;5976;5.48;0.33;298.80;3.48;1138;20;2035.00;53
4785;15;5158779;4785;442;5923;5976;5.52;0.34;298.80;3.48;1138;20;2036.00;53
4788;15;5158794;4788;432;5928;5980;5.62;0.34;298.86;3.48;1140;20;2037.00;52
4790;15;5158809;4790;426;5928;5981;5.74;0.35;298.99;3.48;1138;20;2038.00;53
4792;15;5158825;4792;416;5931;5981;5.88;0.36;298.95;3.49;1139;20;2039.00;50
4794;15;5158842;4794;412;5934;5986;5.96;0.36;298.90;3.49;1140;20;2040.00;52
4795;15;5158857;4795;412;5935;5986;6.05;0.37;298.87;3.49;1140;20;2041.00;51
4798;15;5158873;4798;416;5935;5986;6.07;0.37;299.04;3.49;1137;20;2042.00;51
4799;15;5158893;4799;422;5937;5987;6.13;0.37;299.12;3.49;1138;20;2043.00;50
4802;15;5158913;4802;428;5939;5987;6.15;0.37;299.26;3.49;1137;20;2044.00;48
4806;15;5158930;4806;427;5944;5993;6.20;0.38;299.43;3.49;1138;20;2045.00;49
4808;15;5158947;4808;434;5944;5993;6.19;0.38;299.62;3.49;1136;20;2046.00;49
4811;15;5158964;4811;433;5944;5994;6.17;0.37;299.78;3.49;1133;20;2047.00;50
4815;15;5158979;4815;435;5945;5994;6.10;0.37;300.00;3.49;1130;20;2048.00;49
4815;15;5158995;4815;437;5946;5994;6.08;0.37;300.00;3.49;1131;20;2049.00;48
4817;15;5159011;4817;434;5946;5994;6.04;0.37;300.05;3.49;1129;20;2050.00;48
4819;15;5159026;4819;434;5946;5994;6.00;0.36;300.10;3.49;1127;20;2051.00;48
4824;15;5159041;4824;429;5954;6006;5.98;0.36;300.31;3.49;1130;20;2052.00;52
4824;15;5159058;4824;434;5955;6006;5.98;0.36;300.31;3.49;1131;20;2053.00;51
4826;15;5159073;4826;429;5957;6006;5.96;0.36;300.34;3.49;1131;20;2054.00;49
4826;15;5159087;4826;441;5957;6006;5.98;0.36;300.34;3.49;1131;20;2055.00;49
4829;15;5159102;4829;443;5957;6006;5.93;0.36;300.44;3.49;1128;20;2056.00;49
4830;15;5159117;4830;433;5957;6006;5.95;0.36;300.50;3.49;1127;20;2057.00;49
4831;15;5159130;4831;444;5960;6010;5.95;0.36;300.60;3.49;1129;20;2058.00;50
4837;15;5159145;4837;441;5960;6010;5.88;0.36;300.77;3.49;1123;20;2059.00;50
4839;15;5159161;4839;444;5964;6014;5.84;0.36;300.80;3.48;1125;20;2060.00;50
4841;15;5159177;4841;443;5965;6015;5.81;0.35;300.79;3.48;1124;20;2061.00;50
4841;15;5159192;4841;444;5965;6015;5.80;0.35;300.79;3.48;1124;20;2062.00;50
4844;15;5159208;4844;454;5965;6015;5.77;0.35;300.79;3.48;1121;20;2063.00;50
4847;15;5159223;4847;462;5976;6028;5.78;0.35;300.87;3.48;1129;20;2064.00;52
4850;15;5159240;4850;467;5976;6028;5.71;0.35;300.89;3.48;1126;20;2065.00;52
4853;15;5159255;4853;464;5976;6028;5.59;0.34;300.86;3.48;1123;20;2066.00;52
4855;15;5159270;4855;479;5977;6029;5.57;0.34;300.86;3.48;1122;20;2067.00;52
4859;15;5159283;4859;474;5977;6030;5.47;0.33;300.82;3.48;1118;20;2068.00;53
4860;15;5159298;4860;474;5977;6030;5.46;0.33;300.87;3.48;1117;20;2069.00;53
4863;15;5159314;4863;468;5981;6036;5.46;0.33;300.83;3.48;1118;20;2070.00;55
4864;15;5159331;4864;467;5981;6036;5.50;0.33;300.90;3.48;1117;20;2071.00;55
4864;15;5159346;4864;467;5983;6036;5.51;0.34;300.90;3.47;1119;20;2072.00;53
4870;15;5159360;4870;463;5983;6036;5.41;0.33;300.97;3.47;1113;20;2073.00;53
4872;15;5159377;4872;466;5988;6042;5.41;0.33;301.02;3.47;1116;20;2074.00;54
4874;15;5159396;4874;461;5988;6042;5.36;0.33;301.12;3.47;1114;20;2075.00;54
4874;15;5159411;4874;463;5988;6042;5.32;0.32;301.12;3.47;1114;20;2076.00;54
4875;15;5159424;4875;456;5988;6042;5.30;0.32;301.17;3.47;1113;20;2077.00;54
4876;15;5159438;4876;447;5991;6046;5.27;0.32;301.21;3.47;1115;20;2078.00;55
4878;15;5159451;4878;451;5992;6047;5.28;0.32;301.36;3.47;1114;20;2079.00;55
4880;15;5159466;4880;440;5992;6047;5.23;0.32;301.44;3.47;1112;20;2080.00;55
4884;15;5159479;4884;441;5993;6048;5.19;0.31;301.50;3.47;1109;20;2081.00;55
4888;15;5159493;4888;447;5993;6048;5.11;0.31;301.59;3.47;1105;20;2082.00;55
4889;15;5159508;4889;446;5993;6048;5.11;0.31;301.56;3.47;1104;20;2083.00;55
4892;15;5159521;4892;445;5993;6048;5.05;0.31;301.59;3.47;1101;20;2084.00;55
4895;15;5159533;4895;444;5994;6048;5.00;0.30;301.65;3.51;1099;20;2085.00;54
4897;15;5159547;4897;449;5994;6048;4.97;0.30;301.64;3.51;1097;20;2086.00;54
4901;15;5159560;4901;451;5994;6048;4.94;0.30;301.70;3.51;1093;20;2087.00;54
4903;15;5159574;4903;458;6030;6118;5.14;0.31;301.70;3.48;1127;20;2088.00;88
4904;15;5159594;4904;461;6031;6119;5.11;0.31;301.65;3.48;1127;20;2089.00;88
4906;15;5159607;4906;459;6039;6119;5.16;0.31;301.67;3.48;1133;20;2090.00;80
4906;15;5159621;4906;460;6041;6119;5.19;0.32;301.67;3.48;1135;20;2091.00;78
4909;15;5159632;4909;465;6044;6119;5.17;0.31;301.63;3.48;1135;20;2092.00;75
4911;15;5159647;4911;470;6046;6119;5.17;0.31;301.54;3.48;1135;20;2093.00;73
4911;15;5159662;4911;473;6047;6119;5.17;0.31;301.54;3.48;1136;20;2094.00;72
4915;15;5159676;4915;474;6051;6119;5.11;0.31;301.55;3.49;1136;20;2095.00;68
4918;16;5159690;4918;476;6052;6120;5.09;0.31;301.51;3.49;1134;21;2096.00;68
4920;16;5159723;4920;475;6055;6121;5.07;0.31;301.46;3.49;1135;21;2097.00;66
4920;16;5159736;4920;477;6058;6121;5.09;0.31;301.46;3.49;1138;21;2098.00;63
4923;16;5159752;4923;478;6064;6125;5.09;0.31;301.34;3.49;1141;21;2099.00;61
4924;16;5159768;4924;482;6070;6140;5.08;0.31;301.32;3.49;1146;21;2100.00;70
4926;16;5159792;4926;480;6070;6140;5.04;0.31;301.43;3.49;1144;21;2101.00;70
4927;16;5159806;4927;477;6070;6140;5.00;0.31;301.42;3.49;1143;21;2102.00;70
4929;16;5159818;4929;482;6075;6146;5.00;0.31;301.35;3.53;1146;21;2103.00;71
4931;16;5159831;4931;483;6075;6146;4.94;0.30;301.33;3.53;1144;21;2104.00;71
4932;16;5159846;4932;482;6076;6146;4.89;0.30;301.35;3.53;1144;21;2105.00;70
4932;16;5159860;4932;482;6080;6149;4.90;0.30;301.35;3.56;1148;21;2106.00;69
4935;16;5159873;4935;488;6081;6149;4.87;0.30;301.28;3.56;1146;21;2107.00;68
4937;16;5159887;4937;483;6081;6149;4.84;0.30;301.26;3.56;1144;21;2108.00;68
4939;16;5159899;4939;483;6081;6150;4.78;0.29;301.19;3.56;1142;21;2109.00;69
4941;16;5159913;4941;480;6083;6151;4.78;0.29;301.20;3.60;1142;21;2110.00;68
4941;16;5159927;4941;489;6084;6151;4.77;0.29;301.20;3.60;1143;21;2111.00;67
4941;16;5159940;4941;489;6095;6164;4.78;0.29;301.20;3.60;1154;21;2112.00;69
4942;16;5159953;4942;493;6095;6164;4.77;0.29;301.15;3.60;1153;21;2113.00;69
4944;16;5159965;4944;500;6096;6164;4.72;0.29;301.08;3.63;1152;21;2114.00;68
4944;16;5159977;4944;498;6099;6166;4.69;0.29;301.08;3.67;1155;21;2115.00;67
4946;16;5159990;4946;508;6100;6166;4.66;0.29;301.01;3.71;1154;21;2116.00;66
4947;16;5160004;4947;512;6107;6170;4.64;0.29;300.99;3.79;1160;21;2117.00;63
4948;16;5160016;4948;524;6107;6170;4.56;0.28;300.95;3.79;1159;21;2118.00;63
4948;16;5160030;4948;525;6110;6174;4.60;0.28;300.95;3.78;1162;21;2119.00;64
4951;16;5160042;4951;525;6111;6174;4.57;0.28;300.85;3.82;1160;21;2120.00;63
4953;16;5160053;4953;529;6111;6174;4.51;0.28;300.79;3.82;1158;21;2121.00;63
4954;16;5160072;4954;530;6111;6174;4.43;0.27;300.73;3.82;1157;21;2122.00;63
4957;16;5160082;4957;538;6114;6174;4.32;0.26;300.75;3.86;1157;21;2123.00;60
4958;16;5160094;4958;535;6122;6186;4.30;0.26;300.71;3.85;1164;21;2124.00;64
4963;16;5160108;4963;531;6124;6186;4.21;0.26;300.75;3.89;1161;21;2125.00;62
4965;16;5160121;4965;526;6127;6186;4.22;0.26;300.72;3.89;1162;21;2126.00;59
4966;16;5160131;4966;526;6129;6186;4.19;0.26;300.70;3.96;1163;21;2127.00;57
4968;16;5160144;4968;519;6129;6186;4.21;0.26;300.71;3.96;1161;21;2128.00;57
4969;16;5160157;4969;512;6129;6186;4.23;0.26;300.68;3.96;1160;21;2129.00;57
4971;16;5160170;4971;509;6131;6187;4.26;0.26;300.77;4.02;1160;21;2130.00;56
4971;16;5160182;4971;491;6131;6187;4.29;0.26;300.77;4.02;1160;21;2131.00;56
4972;16;5160195;4972;481;6136;6193;4.42;0.27;300.75;4.02;1164;21;2132.00;57
4973;16;5160208;4973;482;6139;6194;4.48;0.27;300.72;4.08;1166;21;2133.00;55
4975;17;5160222;4975;475;6139;6194;4.52;0.27;300.71;4.08;1164;23;2134.00;55
4977;17;5160251;4977;464;6141;6194;4.57;0.28;300.80;4.14;1164;23;2135.00;53
4978;17;5160268;4978;465;6144;6198;4.62;0.28;300.74;4.14;1166;23;2136.00;54
4979;17;5160287;4979;463;6145;6198;4.63;0.28;300.70;4.17;1166;23;2137.00;53
4980;17;5160299;4980;462;6146;6198;4.63;0.28;300.66;4.20;1166;23;2138.00;52
4980;17;5160311;4980;462;6147;6199;4.63;0.28;300.66;4.20;1167;23;2139.00;52
4980;18;5160330;4980;466;6152;6203;4.63;0.28;300.66;4.26;1172;24;2140.00;51
4982;18;5160349;4982;467;6152;6203;4.62;0.28;300.66;4.26;1170;24;2141.00;51
4986;18;5160362;4986;467;6154;6206;4.59;0.28;300.66;4.25;1168;24;2142.00;52
4986;18;5160376;4986;469;6156;6206;4.58;0.28;300.66;4.31;1170;24;2143.00;50
4989;18;5160388;4989;471;6157;6206;4.60;0.28;300.72;4.31;1168;24;2144.00;49
4990;18;5160399;4990;452;6159;6206;4.65;0.28;300.73;4.36;1169;24;2145.00;47
4993;18;5160413;4993;439;6163;6210;4.73;0.29;300.73;4.36;1170;24;2146.00;47
4996;18;5160427;4996;430;6164;6210;4.84;0.29;300.69;4.39;1168;24;2147.00;46
5001;18;5160443;5001;425;6165;6210;4.89;0.30;300.88;4.41;1164;24;2148.00;45
5005;18;5160456;5005;422;6166;6210;4.90;0.30;301.10;4.44;1161;24;2149.00;44
5006;18;5160468;5006;424;6167;6211;4.91;0.30;301.10;4.46;1161;24;2150.00;44
5008;18;5160479;5008;426;6168;6212;4.94;0.30;301.17;4.46;1160;24;2151.00;44
5012;18;5160491;5012;424;6168;6212;4.90;0.30;301.09;4.46;1156;24;2152.00;44
5015;18;5160503;5015;421;6169;6213;4.91;0.30;301.08;4.46;1154;24;2153.00;44
5018;18;5160514;5018;421;6169;6213;4.94;0.30;301.26;4.46;1151;24;2154.00;44
5021;18;5160526;5021;415;6169;6213;5.01;0.31;301.43;4.46;1148;24;2155.00;44
5026;18;5160538;5026;410;6169;6213;5.04;0.31;301.49;4.46;1143;24;2156.00;44
5032;18;5160549;5032;413;6169;6213;5.07;0.31;301.85;4.46;1137;24;2157.00;44
5035;18;5160561;5035;405;6169;6213;5.14;0.32;301.98;4.46;1134;24;2158.00;44
5044;18;5160574;5044;400;6169;6213;5.14;0.32;302.07;4.46;1125;24;2159.00;44
5046;18;5160588;5046;419;6268;6443;5.67;0.36;302.17;4.39;1222;24;2160.00;175
5048;18;5160625;5048;405;6277;6444;5.77;0.37;302.26;4.39;1229;24;2161.00;167
5051;18;5160649;5051;402;6292;6444;5.86;0.37;302.32;4.38;1241;24;2162.00;152
5056;18;5160673;5056;395;6301;6444;5.83;0.37;302.46;4.38;1245;24;2163.00;143
5061;18;5160692;5061;387;6308;6444;5.86;0.37;302.44;4.38;1247;24;2164.00;136
5065;18;5160712;5065;394;6311;6444;5.86;0.37;302.46;4.38;1246;24;2165.00;133
5069;18;5160730;5069;392;6316;6444;5.89;0.37;302.62;4.38;1247;24;2166.00;128
5073;18;5160746;5073;392;6323;6444;5.90;0.37;302.69;4.38;1250;24;2167.00;121
5076;18;5160763;5076;389;6329;6445;5.93;0.37;302.84;4.39;1253;24;2168.00;116
5080;18;5160779;5080;395;6336;6446;5.92;0.37;302.95;4.41;1256;24;2169.00;110
5083;18;5160796;5083;391;6339;6446;5.94;0.37;303.26;4.41;1256;24;2170.00;107
5085;18;5160813;5085;391;6344;6447;5.92;0.37;303.31;4.41;1259;24;2171.00;103
5090;18;5160830;5090;399;6346;6447;5.87;0.37;303.33;4.42;1256;24;2172.00;101
5093;18;5160847;5093;393;6346;6447;5.84;0.36;303.47;4.42;1253;24;2173.00;101
5098;18;5160864;5098;406;6347;6447;5.81;0.36;303.65;4.42;1249;24;2174.00;100
5104;18;5160880;5104;413;6350;6451;5.76;0.36;303.94;4.42;1246;24;2175.00;101
5108;18;5160896;5108;415;6355;6451;5.73;0.35;304.15;4.43;1247;24;2176.00;96
5110;18;5160913;5110;425;6357;6451;5.70;0.35;304.23;4.43;1247;24;2177.00;94
5114;18;5160929;5114;437;6358;6454;5.69;0.35;304.41;4.43;1244;24;2178.00;96
5119;18;5160947;5119;438;6358;6454;5.65;0.35;304.59;4.43;1239;24;2179.00;96
5126;18;5160964;5126;450;6360;6454;5.57;0.34;304.91;4.44;1234;24;2180.00;94
5131;18;5160981;5131;450;6364;6458;5.58;0.34;305.04;4.44;1233;24;2181.00;94
5136;18;5160998;5136;451;6364;6459;5.62;0.35;305.13;4.44;1228;24;2182.00;95
5141;18;5161015;5141;445;6365;6459;5.60;0.34;305.35;4.44;1224;24;2183.00;94
5145;18;5161031;5145;440;6365;6463;5.60;0.34;305.59;4.44;1220;24;2184.00;98
5149;18;5161052;5149;433;6365;6463;5.59;0.34;305.62;4.44;1216;24;2185.00;98
5153;18;5161068;5153;437;6366;6463;5.61;0.35;305.68;4.44;1213;24;2186.00;97
5154;18;5161082;5154;439;6367;6464;5.61;0.34;305.70;4.45;1213;24;2187.00;97
5159;18;5161097;5159;440;6367;6464;5.58;0.34;305.75;4.45;1208;24;2188.00;97
5163;18;5161112;5163;449;6370;6470;5.56;0.34;305.81;4.44;1207;24;2189.00;100
5165;18;5161129;5165;450;6372;6470;5.54;0.34;305.87;4.45;1207;24;2190.00;98
5170;18;5161144;5170;458;6375;6471;5.48;0.34;305.84;4.47;1205;24;2191.00;96
5176;18;5161159;5176;448;6375;6471;5.46;0.33;305.92;4.47;1199;24;2192.00;96
5178;18;5161174;5178;442;6377;6471;5.47;0.34;305.98;4.48;1199;24;2193.00;94
5184;18;5161188;5184;440;6377;6471;5.48;0.34;306.07;4.48;1193;24;2194.00;94
5186;18;5161201;5186;431;6377;6471;5.56;0.34;306.20;4.48;1191;24;2195.00;94
5189;18;5161215;5189;430;6383;6483;5.59;0.34;306.35;4.48;1194;24;2196.00;100
5195;18;5161231;5195;433;6384;6483;5.62;0.34;306.58;4.49;1189;24;2197.00;99
5197;18;5161248;5197;433;6386;6483;5.68;0.35;306.62;4.50;1189;24;2198.00;97
5201;18;5161264;5201;442;6387;6483;5.68;0.35;306.82;4.51;1186;24;2199.00;96
5204;18;5161283;5204;445;6391;6483;5.73;0.35;306.98;4.53;1187;24;2200.00;92
5206;18;5161307;5206;438;6392;6483;5.76;0.35;307.12;4.53;1186;24;2201.00;91
5208;18;5161324;5208;435;6396;6487;5.78;0.35;307.19;4.54;1188;24;2202.00;91
5208;18;5161343;5208;434;6398;6487;5.80;0.35;307.19;4.54;1190;24;2203.00;89
5212;18;5161360;5212;439;6402;6491;5.75;0.35;307.29;4.55;1190;24;2204.00;89
5213;18;5161376;5213;444;6406;6493;5.71;0.35;307.39;4.57;1193;24;2205.00;87
5215;18;5161391;5215;449;6408;6493;5.69;0.35;307.51;4.58;1193;24;2206.00;85
5218;18;5161407;5218;458;6412;6493;5.66;0.35;307.82;4.60;1194;24;2207.00;81
5218;18;5161422;5218;463;6419;6506;5.67;0.35;307.82;4.60;1201;24;2208.00;87
5223;18;5161437;5223;464;6421;6506;5.64;0.34;307.96;4.61;1198;24;2209.00;85
5226;18;5161451;5226;469;6423;6508;5.63;0.34;308.27;4.61;1197;24;2210.00;85
5226;18;5161468;5226;467;6426;6509;5.67;0.35;308.27;4.61;1200;24;2211.00;83
5229;18;5161483;5229;470;6430;6510;5.66;0.35;308.55;4.63;1201;24;2212.00;80
5232;18;5161500;5232;470;6430;6510;5.66;0.35;308.71;4.63;1198;24;2213.00;80
5235;18;5161517;5235;469;6434;6513;5.67;0.35;308.87;4.63;1199;24;2214.00;79
5238;18;5161537;5238;467;6435;6513;5.68;0.35;309.03;4.64;1197;24;2215.00;78
5239;18;5161552;5239;465;6436;6513;5.69;0.35;308.98;4.64;1197;24;2216.00;77
5240;18;5161567;5240;456;6438;6513;5.77;0.35;308.98;4.64;1198;24;2217.00;75
5243;18;5161583;5243;455;6443;6519;5.79;0.35;309.02;4.64;1200;24;2218.00;76
5245;18;5161600;5245;451;6444;6519;5.81;0.35;309.14;4.64;1199;24;2219.00;75
5247;18;5161619;5247;449;6447;6519;5.83;0.36;309.16;4.64;1200;24;2220.00;72
5251;18;5161635;5251;447;6447;6519;5.82;0.35;309.20;4.64;1196;25;2221.00;72
5252;18;5161661;5252;446;6450;6523;5.78;0.35;309.21;4.64;1198;25;2222.00;73
5254;18;5161676;5254;449;6451;6524;5.70;0.35;309.33;4.64;1197;25;2223.00;73
5255;18;5161692;5255;460;6452;6524;5.62;0.34;309.29;4.64;1197;25;2224.00;72
5257;18;5161706;5257;462;6453;6525;5.53;0.34;309.39;4.64;1196;25;2225.00;72
5259;18;5161720;5259;473;6453;6525;5.43;0.33;309.38;4.64;1194;25;2226.00;72
5263;18;5161733;5263;475;6453;6525;5.39;0.33;309.59;4.64;1190;25;2227.00;72
5267;18;5161747;5267;479;6453;6525;5.29;0.32;309.52;4.64;1186;25;2228.00;72
5271;18;5161761;5271;483;6453;6525;5.20;0.32;309.55;4.64;1182;25;2229.00;72
5273;18;5161775;5273;477;6453;6525;5.12;0.31;309.65;4.64;1180;25;2230.00;72
5276;18;5161790;5276;479;6453;6525;5.06;0.31;309.80;4.64;1177;25;2231.00;72
5279;18;5161815;5279;497;6484;6595;5.10;0.31;309.80;4.62;1205;25;2232.00;111
5279;18;5161837;5279;500;6485;6596;5.08;0.31;309.80;4.61;1206;25;2233.00;111
5280;18;5161853;5280;503;6492;6596;5.10;0.31;309.84;4.61;1212;25;2234.00;104
5283;18;5161867;5283;502;6496;6596;5.09;0.31;309.84;4.61;1213;25;2235.00;100
5283;18;5161883;5283;503;6498;6596;5.08;0.31;309.84;4.61;1215;25;2236.00;98
5285;18;5161903;5285;502;6500;6596;5.08;0.31;309.89;4.61;1215;25;2237.00;96
5287;18;5161919;5287;506;6502;6596;5.01;0.31;309.95;4.61;1215;25;2238.00;94
5290;18;5161933;5290;505;6504;6596;4.99;0.31;309.99;4.61;1214;25;2239.00;92
5291;18;5161950;5291;503;6505;6597;4.96;0.30;309.94;4.61;1214;25;2240.00;92
5295;18;5161966;5295;498;6508;6598;4.97;0.30;309.95;4.61;1213;25;2241.00;90
5295;18;5161983;5295;497;6510;6598;4.98;0.30;309.95;4.61;1215;25;2242.00;88
5297;18;5161998;5297;491;6514;6602;4.97;0.30;309.94;4.61;1217;25;2243.00;88
5301;18;5162013;5301;488;6515;6602;4.92;0.30;309.92;4.61;1214;25;2244.00;87
5301;18;5162029;5301;491;6517;6602;4.90;0.30;309.92;4.62;1216;25;2245.00;85
5306;18;5162045;5306;489;6517;6602;4.85;0.30;309.88;4.62;1211;25;2246.00;85
5310;18;5162059;5310;493;6521;6608;4.83;0.30;309.81;4.61;1211;25;2247.00;87
5311;18;5162073;5311;492;6521;6608;4.83;0.30;309.83;4.61;1210;25;2248.00;87
5314;18;5162086;5314;484;6521;6608;4.80;0.29;309.73;4.61;1207;25;2249.00;87
5320;18;5162100;5320;473;6527;6614;4.80;0.29;309.82;4.69;1207;25;2250.00;87
5325;18;5162116;5325;473;6527;6614;4.73;0.29;309.94;4.69;1202;25;2251.00;87
5328;18;5162130;5328;473;6529;6614;4.75;0.29;309.89;4.69;1201;25;2252.00;85
5332;18;5162143;5332;471;6529;6615;4.73;0.29;309.85;4.69;1197;25;2253.00;86
5335;18;5162158;5335;466;6530;6616;4.76;0.29;309.87;4.69;1195;25;2254.00;86
5335;18;5162173;5335;465;6530;6616;4.81;0.29;309.87;4.69;1195;25;2255.00;86
5336;18;5162187;5336;463;6538;6629;4.85;0.30;309.81;4.68;1202;25;2256.00;91
5339;18;5162201;5339;465;6540;6629;4.85;0.30;309.76;4.70;1201;25;2257.00;89
5342;18;5162215;5342;468;6540;6629;4.83;0.29;309.70;4.70;1198;25;2258.00;89
5345;18;5162228;5345;462;6541;6630;4.84;0.29;309.67;4.70;1196;25;2259.00;89
5346;18;5162241;5346;471;6543;6630;4.85;0.29;309.66;4.71;1197;25;2260.00;87
5346;18;5162256;5346;478;6546;6634;4.90;0.30;309.66;4.71;1200;25;2261.00;88
5349;18;5162278;5349;478;6547;6634;4.90;0.30;309.58;4.73;1198;25;2262.00;87
5351;18;5162295;5351;485;6552;6638;4.86;0.30;309.49;4.73;1201;25;2263.00;86
5352;18;5162312;5352;488;6553;6638;4.86;0.29;309.48;4.75;1201;25;2264.00;85
5353;18;5162329;5353;489;6553;6638;4.82;0.29;309.51;4.75;1200;25;2265.00;85
5355;18;5162343;5355;495;6556;6638;4.78;0.29;309.45;4.77;1201;25;2266.00;82
5356;18;5162358;5356;499;6556;6638;4.74;0.29;309.40;4.77;1200;25;2267.00;82
5357;18;5162371;5357;495;6568;6650;4.75;0.29;309.42;4.78;1211;25;2268.00;82
5358;18;5162384;5358;494;6569;6650;4.70;0.29;309.36;4.78;1211;25;2269.00;81
5360;18;5162397;5360;500;6571;6650;4.66;0.28;309.31;4.78;1211;25;2270.00;79
5361;18;5162411;5361;509;6572;6650;4.62;0.28;309.35;4.79;1211;25;2271.00;78
5362;18;5162425;5362;492;6572;6650;4.57;0.28;309.30;4.79;1210;25;2272.00;78
5364;18;5162438;5364;484;6573;6650;4.55;0.28;309.40;4.80;1209;25;2273.00;77
5365;18;5162453;5365;476;6573;6651;4.54;0.28;309.39;4.80;1208;25;2274.00;78
5366;18;5162466;5366;473;6575;6651;4.55;0.28;309.34;4.84;1209;25;2275.00;76
5367;18;5162479;5367;464;6580;6657;4.65;0.28;309.32;4.84;1213;25;2276.00;77
5368;18;5162498;5368;465;6582;6658;4.72;0.29;309.30;4.84;1214;25;2277.00;76
5368;18;5162512;5368;458;6583;6658;4.80;0.29;309.30;4.88;1215;25;2278.00;75
5370;18;5162531;5370;454;6584;6658;4.86;0.30;309.29;4.88;1214;25;2279.00;74
5371;18;5162547;5371;448;6587;6663;4.94;0.30;309.27;4.88;1216;25;2280.00;76
5372;18;5162562;5372;438;6590;6663;4.97;0.30;309.22;4.96;1218;25;2281.00;73
5372;18;5162581;5372;438;6590;6663;4.95;0.30;309.22;4.96;1218;25;2282.00;73
5373;18;5162595;5373;439;6592;6664;4.98;0.30;309.25;5.00;1219;25;2283.00;72
5373;18;5162609;5373;439;6596;6668;4.98;0.30;309.25;5.04;1223;25;2284.00;72
5376;18;5162622;5376;437;6596;6668;4.99;0.30;309.14;5.04;1220;25;2285.00;72
5377;18;5162637;5377;435;6598;6671;5.03;0.31;309.13;5.03;1221;25;2286.00;73
5378;18;5162651;5378;434;6600;6671;5.04;0.31;309.11;5.11;1222;25;2287.00;71
5381;18;5162665;5381;435;6601;6671;5.04;0.31;309.03;5.11;1220;25;2288.00;70
5381;18;5162678;5381;439;6602;6671;4.99;0.31;309.03;5.15;1221;25;2289.00;69
5384;18;5162691;5384;442;6606;6675;5.02;0.31;309.00;5.15;1222;26;2290.00;69
5385;18;5162714;5385;442;6607;6675;5.04;0.31;308.97;5.19;1222;26;2291.00;68
5387;18;5162731;5387;443;6607;6675;5.02;0.31;308.91;5.19;1220;26;2292.00;68
5388;18;5162753;5388;444;6608;6675;5.00;0.30;308.89;5.23;1220;26;2293.00;67
5391;18;5162771;5391;442;6608;6676;4.95;0.30;308.85;5.23;1217;26;2294.00;68
5394;18;5162786;5394;441;6612;6678;4.93;0.30;308.74;5.30;1218;26;2295.00;66
5397;18;5162801;5397;433;6613;6678;4.92;0.30;308.81;5.34;1216;26;2296.00;65
5399;18;5162816;5399;434;6615;6679;4.95;0.30;308.97;5.38;1216;26;2297.00;64
5402;18;5162831;5402;428;6615;6679;4.99;0.31;309.02;5.38;1213;26;2298.00;64
5402;18;5162844;5402;429;6617;6679;5.06;0.31;309.02;5.45;1215;26;2299.00;62
5405;18;5162859;5405;428;6617;6679;5.08;0.31;309.20;5.45;1212;26;2300.00;62
5406;18;5162876;5406;425;6617;6679;5.13;0.31;309.19;5.45;1211;26;2301.00;62
5410;18;5162889;5410;417;6619;6679;5.09;0.31;309.32;5.52;1209;26;2302.00;60
5413;18;5162903;5413;416;6619;6679;5.11;0.31;309.35;5.52;1206;26;2303.00;60
5415;18;5162916;5415;434;6690;6806;5.39;0.33;309.44;5.53;1275;26;2304.00;116
5416;18;5162949;5416;430;6692;6807;5.41;0.33;309.41;5.53;1276;26;2305.00;115
5418;18;5162964;5418;420;6701;6807;5.45;0.34;309.50;5.52;1283;26;2306.00;106
5422;18;5162979;5422;428;6706;6807;5.43;0.34;309.60;5.52;1284;26;2307.00;101
5426;18;5162994;5426;422;6718;6807;5.39;0.33;309.59;5.64;1292;26;2308.00;89
5430;18;5163009;5430;422;6720;6807;5.32;0.33;309.56;5.64;1290;26;2309.00;87
5436;18;5163026;5436;414;6725;6807;5.23;0.32;309.91;5.70;1289;26;2310.00;82
5441;18;5163041;5441;410;6729;6807;5.18;0.32;310.03;5.71;1288;26;2311.00;78
5443;18;5163056;5443;407;6730;6808;5.15;0.32;310.09;5.71;1287;26;2312.00;78
5444;18;5163071;5444;404;6733;6809;5.13;0.32;310.10;5.71;1289;26;2313.00;76
5447;18;5163086;5447;404;6734;6809;5.12;0.31;310.27;5.71;1287;26;2314.00;75
5450;18;5163100;5450;409;6740;6810;5.07;0.31;310.44;5.80;1290;26;2315.00;70
5452;18;5163115;5452;426;6742;6810;5.04;0.31;310.60;5.80;1290;26;2316.00;68
5456;18;5163130;5456;427;6744;6810;5.00;0.31;310.62;5.82;1288;26;2317.00;66
5458;18;5163146;5458;431;6746;6810;4.98;0.31;310.67;5.85;1288;26;2318.00;64
5460;18;5163161;5460;429;6748;6814;4.91;0.30;310.62;5.85;1288;26;2319.00;66
5463;18;5163178;5463;429;6750;6814;4.88;0.30;310.63;5.86;1287;26;2320.00;64
5465;18;5163194;5465;427;6750;6814;4.93;0.30;310.55;5.86;1285;26;2321.00;64
5469;18;5163210;5469;423;6751;6817;4.97;0.31;310.54;5.86;1282;26;2322.00;66
5471;18;5163226;5471;423;6752;6817;5.05;0.31;310.57;5.86;1281;26;2323.00;65
5476;18;5163241;5476;418;6752;6817;5.08;0.31;310.64;5.86;1276;26;2324.00;65
5479;18;5163257;5479;418;6757;6821;5.14;0.31;310.63;5.86;1278;26;2325.00;64
5482;18;5163273;5482;413;6758;6822;5.18;0.32;310.67;5.86;1276;26;2326.00;64
5487;18;5163288;5487;414;6758;6822;5.21;0.32;310.75;5.86;1271;26;2327.00;64
5488;18;5163303;5488;413;6759;6826;5.29;0.32;310.81;5.86;1271;26;2328.00;67
5491;18;5163319;5491;402;6760;6826;5.34;0.33;310.78;5.86;1269;26;2329.00;66
5493;18;5163334;5493;407;6760;6826;5.39;0.33;310.86;5.86;1267;26;2330.00;66
5495;18;5163349;5495;398;6760;6827;5.44;0.33;310.93;5.86;1265;26;2331.00;67
5498;18;5163365;5498;393;6761;6827;5.49;0.34;310.90;5.86;1263;26;2332.00;66
5502;18;5163381;5502;395;6764;6833;5.54;0.34;311.01;5.86;1262;26;2333.00;69
5507;18;5163397;5507;391;6764;6833;5.54;0.34;311.08;5.86;1257;26;2334.00;69
5511;18;5163413;5511;385;6765;6834;5.55;0.34;311.24;5.86;1254;26;2335.00;69
5518;18;5163429;5518;382;6765;6834;5.56;0.34;311.39;5.86;1247;26;2336.00;69
5524;18;5163445;5524;390;6766;6834;5.57;0.34;311.42;5.86;1242;26;2337.00;68
5529;18;5163460;5529;388;6767;6834;5.59;0.34;311.68;5.86;1238;26;2338.00;67
5536;18;5163475;5536;387;6767;6834;5.54;0.34;311.75;5.86;1231;26;2339.00;67
5540;18;5163491;5540;392;6792;6870;5.62;0.34;311.76;5.84;1252;26;2340.00;78
5541;18;5163509;5541;391;6794;6870;5.64;0.34;311.83;5.84;1253;26;2341.00;76
5547;18;5163525;5547;397;6796;6870;5.59;0.34;312.18;5.84;1249;26;2342.00;74
5551;18;5163541;5551;400;6796;6870;5.55;0.34;312.27;5.84;1245;26;2343.00;74
5553;18;5163558;5553;397;6797;6870;5.60;0.34;312.41;5.84;1244;26;2344.00;73
5561;18;5163573;5561;396;6798;6870;5.56;0.34;312.55;5.84;1237;26;2345.00;72
5564;18;5163590;5564;399;6802;6874;5.57;0.34;312.71;5.84;1238;26;2346.00;72
5570;18;5163606;5570;400;6803;6874;5.54;0.34;312.87;5.84;1233;26;2347.00;71
5576;18;5163621;5576;403;6806;6878;5.56;0.34;313.13;5.84;1230;26;2348.00;72
5580;18;5163637;5580;412;6807;6879;5.54;0.34;313.32;5.84;1227;26;2349.00;72
5586;18;5163652;5586;414;6807;6879;5.51;0.34;313.36;5.84;1221;26;2350.00;72
5588;18;5163668;5588;412;6808;6879;5.51;0.34;313.36;5.85;1220;26;2351.00;71
5593;18;5163682;5593;415;6818;6892;5.44;0.33;313.63;5.84;1225;26;2352.00;74
5599;18;5163698;5599;417;6820;6892;5.36;0.33;313.89;5.84;1221;26;2353.00;72
5601;18;5163713;5601;432;6821;6892;5.34;0.33;313.93;5.85;1220;26;2354.00;71
5602;18;5163728;5602;437;6823;6893;5.29;0.32;313.99;5.85;1221;26;2355.00;70
5605;18;5163743;5605;445;6824;6894;5.27;0.32;314.06;5.85;1219;26;2356.00;70
5609;18;5163758;5609;443;6825;6894;5.24;0.32;314.07;5.85;1216;26;2357.00;69
5610;18;5163782;5610;440;6828;6897;5.24;0.32;314.08;5.85;1218;26;2358.00;69
5614;18;5163808;5614;449;6828;6897;5.20;0.32;314.09;5.85;1214;26;2359.00;69
5617;18;5163829;5617;450;6829;6897;5.16;0.32;314.15;5.85;1212;26;2360.00;68
5621;18;5163855;5621;447;6829;6897;5.13;0.31;314.20;5.85;1208;26;2361.00;68
5622;18;5163874;5622;447;6833;6903;5.17;0.32;314.32;5.85;1211;26;2362.00;70
5628;18;5163891;5628;457;6834;6903;5.14;0.31;314.34;5.85;1206;26;2363.00;69
5632;18;5163908;5632;466;6834;6903;5.15;0.31;314.67;5.85;1202;26;2364.00;69
5634;18;5163924;5634;477;6835;6903;5.20;0.32;314.66;5.85;1201;26;2365.00;68
5638;18;5163946;5638;465;6838;6907;5.19;0.32;314.72;5.84;1200;26;2366.00;69
5642;18;5163964;5642;463;6839;6908;5.23;0.32;314.72;5.84;1197;26;2367.00;69
5642;18;5163981;5642;465;6839;6908;5.24;0.32;314.72;5.84;1197;26;2368.00;69
5646;18;5163999;5646;472;6840;6909;5.23;0.32;314.78;5.84;1194;26;2369.00;69
5648;18;5164019;5648;474;6840;6909;5.26;0.32;314.77;5.84;1192;26;2370.00;69
5653;18;5164037;5653;477;6840;6909;5.27;0.32;314.83;5.84;1187;26;2371.00;69
5654;18;5164056;5654;477;6840;6909;5.26;0.32;314.81;5.84;1186;26;2372.00;69
5655;18;5164073;5655;477;6840;6909;5.25;0.32;314.86;5.84;1185;26;2373.00;69
5656;18;5164090;5656;475;6840;6909;5.25;0.32;315.00;5.84;1184;26;2374.00;69
5661;18;5164107;5661;476;6840;6909;5.22;0.32;315.12;5.84;1179;26;2375.00;69
5663;18;5164123;5663;496;6880;6979;5.24;0.32;315.31;5.81;1217;26;2376.00;99
5664;18;5164145;5664;494;6880;6980;5.24;0.32;315.36;5.81;1216;26;2377.00;100
5666;18;5164163;5666;481;6886;6980;5.28;0.32;315.39;5.80;1220;26;2378.00;94
5667;18;5164182;5667;480;6889;6980;5.29;0.32;315.38;5.80;1222;26;2379.00;91
5669;18;5164199;5669;475;6893;6980;5.29;0.32;315.48;5.80;1224;26;2380.00;87
5671;18;5164216;5671;476;6896;6980;5.31;0.32;315.64;5.80;1225;26;2381.00;84
5675;18;5164233;5675;470;6899;6980;5.26;0.32;315.77;5.80;1224;26;2382.00;81
5676;18;5164250;5676;471;6901;6980;5.31;0.32;315.79;5.80;1225;26;2383.00;79
5679;18;5164274;5679;475;6902;6981;5.29;0.32;315.92;5.80;1223;26;2384.00;79
5681;18;5164291;5681;476;6905;6983;5.29;0.32;316.05;5.80;1224;26;2385.00;78
5682;18;5164308;5682;480;6908;6983;5.33;0.32;316.15;5.80;1226;26;2386.00;75
5685;18;5164324;5685;483;6911;6987;5.28;0.32;316.07;5.80;1226;26;2387.00;76
5687;18;5164338;5687;484;6912;6987;5.27;0.32;316.15;5.80;1225;26;2388.00;75
5690;18;5164353;5690;499;6913;6987;5.20;0.32;316.13;5.80;1223;26;2389.00;74
5693;18;5164367;5693;505;6913;6987;5.12;0.31;316.25;5.80;1220;26;2390.00;74
5698;18;5164381;5698;508;6918;6993;5.09;0.31;316.39;5.80;1220;26;2391.00;75
5699;18;5164396;5699;511;6918;6993;5.01;0.30;316.54;5.80;1219;26;2392.00;75
5702;18;5164410;5702;521;6918;6993;4.93;0.30;316.51;5.80;1216;26;2393.00;75
5703;18;5164426;5703;530;6920;6996;4.93;0.30;316.59;5.80;1217;26;2394.00;76
5706;18;5164440;5706;536;6920;6996;4.84;0.29;316.67;5.80;1214;26;2395.00;76
5708;18;5164455;5708;533;6921;6996;4.81;0.29;316.63;5.80;1213;26;2396.00;75
5709;18;5164469;5709;538;6921;6997;4.79;0.29;316.62;5.80;1212;26;2397.00;76
5712;18;5164482;5712;543;6922;6998;4.79;0.29;316.52;5.80;1210;26;2398.00;76
5714;18;5164496;5714;549;6922;6998;4.75;0.29;316.51;5.80;1208;26;2399.00;76
5715;18;5164513;5715;558;6947;7057;4.71;0.29;316.49;5.78;1232;26;2400.00;110
5716;18;5164537;5716;538;6947;7057;4.68;0.29;316.49;5.78;1231;26;2401.00;110
5717;18;5164550;5717;543;6950;7057;4.70;0.29;316.45;5.77;1233;26;2402.00;107
5718;18;5164563;5718;541;6952;7058;4.70;0.29;316.44;5.77;1234;26;2403.00;106
5720;18;5164578;5720;535;6954;7058;4.67;0.29;316.45;5.77;1234;26;2404.00;104
5723;18;5164593;5723;535;6956;7062;4.68;0.29;316.57;5.77;1233;26;2405.00;106
5726;18;5164609;5726;531;6958;7062;4.70;0.29;316.70;5.77;1232;26;2406.00;104
5731;18;5164624;5731;525;6961;7066;4.74;0.29;316.75;5.77;1230;26;2407.00;105
5735;18;5164640;5735;520;6963;7066;4.74;0.29;316.78;5.77;1228;26;2408.00;103
5737;18;5164655;5737;512;6963;7066;4.77;0.29;316.75;5.77;1226;26;2409.00;103
5739;18;5164671;5739;519;6964;7066;4.78;0.29;316.77;5.77;1225;26;2410.00;102
5743;18;5164685;5743;524;6965;7066;4.75;0.29;316.76;5.77;1222;26;2411.00;101
5743;18;5164698;5743;516;6973;7078;4.81;0.29;316.76;5.76;1230;26;2412.00;105
5746;18;5164712;5746;520;6975;7078;4.77;0.29;316.73;5.76;1229;26;2413.00;103
5750;18;5164725;5750;522;6975;7078;4.74;0.29;316.78;5.76;1225;26;2414.00;103
5752;18;5164738;5752;522;6976;7078;4.72;0.29;316.77;5.81;1224;26;2415.00;102
5754;18;5164754;5754;520;6977;7078;4.70;0.29;316.78;5.81;1223;26;2416.00;101
5757;18;5164767;5757;522;6978;7078;4.72;0.29;316.73;5.81;1221;26;2417.00;100
5763;18;5164780;5763;516;6978;7079;4.72;0.29;316.70;5.81;1215;26;2418.00;101
5766;18;5164794;5766;500;6979;7079;4.71;0.29;316.79;5.81;1213;26;2419.00;100
5768;18;5164808;5768;481;6983;7085;4.80;0.29;316.76;5.81;1215;26;2420.00;102
5770;18;5164823;5770;465;6984;7086;4.91;0.30;316.77;5.81;1214;26;2421.00;102
5771;18;5164836;5771;467;6987;7086;4.94;0.30;316.78;5.81;1216;26;2422.00;99
5773;18;5164856;5773;463;6988;7086;5.00;0.31;316.76;5.81;1215;26;2423.00;98
5775;18;5164875;5775;452;6991;7090;5.07;0.31;316.75;5.81;1216;26;2424.00;99
5778;18;5164900;5778;452;6994;7090;5.08;0.31;316.63;5.82;1216;26;2425.00;96
5783;18;5164922;5783;452;6994;7090;5.12;0.31;316.53;5.82;1211;26;2426.00;96
5784;18;5164936;5784;450;6995;7091;5.21;0.32;316.54;5.82;1211;26;2427.00;96
5786;18;5164950;5786;445;6998;7095;5.24;0.32;316.48;5.82;1212;26;2428.00;97
5788;18;5164971;5788;444;6999;7095;5.29;0.32;316.41;5.82;1211;26;2429.00;96
5789;18;5164987;5789;439;7005;7101;5.40;0.33;316.36;5.82;1216;26;2430.00;96
5791;18;5165002;5791;435;7005;7101;5.40;0.33;316.32;5.82;1214;26;2431.00;96
5791;18;5165016;5791;441;7006;7101;5.43;0.33;316.32;5.82;1215;26;2432.00;95
5792;18;5165030;5792;433;7006;7101;5.43;0.33;316.32;5.82;1214;26;2433.00;95
5793;18;5165044;5793;438;7010;7105;5.46;0.33;316.30;5.82;1217;26;2434.00;95
5794;18;5165059;5794;436;7012;7105;5.41;0.33;316.29;5.82;1218;26;2435.00;93
5795;18;5165073;5795;429;7012;7105;5.37;0.33;316.28;5.82;1217;26;2436.00;93
5797;18;5165086;5797;429;7012;7105;5.34;0.32;316.34;5.82;1215;26;2437.00;93
5798;18;5165099;5798;429;7012;7106;5.32;0.32;316.31;5.82;1214;26;2438.00;94
5800;18;5165113;5800;431;7013;7107;5.31;0.32;316.41;5.82;1213;26;2439.00;94
5800;18;5165127;5800;438;7014;7107;5.29;0.32;316.41;5.87;1214;26;2440.00;93
5802;18;5165147;5802;441;7017;7108;5.29;0.32;316.39;5.88;1215;26;2441.00;91
5805;18;5165160;5805;444;7018;7108;5.25;0.32;316.35;5.93;1213;26;2442.00;90
5806;18;5165174;5806;449;7018;7108;5.21;0.32;316.40;5.93;1212;26;2443.00;90
5809;18;5165188;5809;446;7021;7108;5.17;0.31;316.41;6.06;1212;26;2444.00;87
5814;18;5165201;5814;451;7022;7108;5.14;0.31;316.59;6.10;1208;26;2445.00;86
5816;18;5165215;5816;451;7023;7108;5.10;0.31;316.54;6.10;1207;26;2446.00;85
5819;18;5165229;5819;457;7026;7108;5.06;0.31;316.73;6.16;1207;26;2447.00;82
5819;18;5165244;5819;476;7090;7235;5.36;0.33;316.73;6.14;1271;26;2448.00;145
5824;18;5165269;5824;468;7094;7236;5.30;0.33;316.96;6.14;1270;26;2449.00;142
5827;18;5165284;5827;460;7108;7236;5.28;0.33;317.24;6.21;1281;26;2450.00;128
5827;18;5165298;5827;458;7112;7236;5.27;0.33;317.24;6.21;1285;26;2451.00;124
5829;18;5165312;5829;458;7121;7236;5.27;0.33;317.21;6.26;1292;26;2452.00;115
5829;18;5165327;5829;456;7124;7236;5.22;0.32;317.21;6.29;1295;26;2453.00;112
5832;18;5165341;5832;460;7126;7236;5.18;0.32;317.40;6.29;1294;26;2454.00;110
5833;18;5165356;5833;457;7129;7236;5.18;0.32;317.39;6.30;1296;26;2455.00;107
5835;18;5165382;5835;464;7134;7237;5.13;0.32;317.42;6.37;1299;26;2456.00;103
5837;18;5165397;5837;465;7140;7238;5.12;0.31;317.37;6.38;1303;26;2457.00;98
5837;18;5165411;5837;470;7142;7238;5.09;0.31;317.37;6.38;1305;26;2458.00;96
5841;18;5165425;5841;476;7143;7239;5.05;0.31;317.44;6.38;1302;26;2459.00;96
5843;18;5165443;5843;474;7145;7239;5.01;0.31;317.64;6.38;1302;26;2460.00;94
5844;18;5165459;5844;474;7146;7239;5.01;0.31;317.61;6.38;1302;26;2461.00;93
5846;18;5165474;5846;476;7147;7239;5.00;0.31;317.67;6.38;1301;26;2462.00;92
5848;18;5165489;5848;475;7156;7243;5.05;0.31;317.81;6.39;1308;26;2463.00;87
5850;18;5165505;5850;478;7156;7243;5.06;0.31;317.89;6.39;1306;26;2464.00;87
5853;18;5165520;5853;482;7158;7243;5.04;0.31;318.01;6.40;1305;26;2465.00;85
5857;18;5165534;5857;484;7161;7246;4.98;0.31;318.17;6.40;1304;26;2466.00;85
5858;18;5165554;5858;480;7161;7246;4.95;0.30;318.15;6.40;1303;26;2467.00;85
5860;18;5165567;5860;490;7161;7246;4.93;0.30;318.34;6.40;1301;26;2468.00;85
5864;18;5165585;5864;489;7165;7250;4.92;0.30;318.22;6.40;1301;26;2469.00;85
5866;18;5165600;5866;493;7166;7251;4.90;0.30;318.31;6.40;1300;26;2470.00;85
5868;18;5165615;5868;500;7166;7251;4.87;0.30;318.40;6.40;1298;26;2471.00;85
5872;18;5165634;5872;502;7168;7255;4.85;0.30;318.55;6.40;1296;26;2472.00;87
5875;18;5165648;5875;500;7169;7255;4.84;0.30;318.56;6.40;1294;26;2473.00;86
5879;18;5165662;5879;501;7170;7255;4.82;0.30;318.65;6.40;1291;26;2474.00;85
5883;18;5165676;5883;488;7172;7257;4.80;0.29;318.74;6.40;1289;26;2475.00;85
5884;18;5165697;5884;475;7174;7257;4.78;0.29;318.82;6.40;1290;26;2476.00;83
5888;18;5165711;5888;468;7179;7263;4.78;0.29;318.86;6.40;1291;26;2477.00;84
5891;18;5165725;5891;459;7179;7263;4.79;0.29;318.85;6.40;1288;26;2478.00;84
5896;18;5165739;5896;454;7180;7264;4.80;0.29;318.96;6.40;1284;26;2479.00;84
5899;18;5165754;5899;458;7180;7264;4.87;0.30;319.06;6.40;1281;26;2480.00;84
5902;18;5165769;5902;458;7180;7264;4.91;0.30;319.01;6.40;1278;26;2481.00;84
5904;18;5165784;5904;451;7180;7264;4.99;0.31;318.96;6.40;1276;26;2482.00;84
5908;18;5165798;5908;439;7180;7264;5.04;0.31;318.98;6.40;1272;26;2483.00;84
5912;18;5165813;5912;440;7188;7276;5.12;0.31;318.96;6.39;1276;26;2484.00;88
5914;18;5165829;5914;433;7189;7276;5.18;0.32;318.93;6.39;1275;26;2485.00;87
5916;18;5165845;5916;433;7190;7276;5.26;0.32;318.99;6.39;1274;26;2486.00;86
5923;18;5165861;5923;430;7190;7276;5.26;0.32;319.06;6.39;1267;26;2487.00;86
5928;18;5165877;5928;427;7190;7276;5.28;0.32;319.22;6.39;1262;26;2488.00;86
5931;18;5165892;5931;424;7190;7276;5.27;0.32;319.22;6.39;1259;26;2489.00;86
5936;18;5165910;5936;423;7193;7280;5.26;0.32;319.29;6.39;1257;26;2490.00;87
5938;18;5165926;5938;422;7193;7280;5.26;0.32;319.39;6.39;1255;26;2491.00;87
5940;18;5165941;5940;423;7196;7284;5.32;0.33;319.42;6.38;1256;26;2492.00;88
5946;18;5165957;5946;432;7196;7285;5.33;0.33;319.54;6.38;1250;26;2493.00;89
5950;18;5165973;5950;435;7196;7285;5.37;0.33;319.73;6.38;1246;26;2494.00;89
5953;18;5165989;5953;434;7196;7285;5.42;0.33;319.78;6.38;1243;26;2495.00;89
5958;18;5166005;5958;429;7206;7298;5.53;0.34;319.87;6.38;1248;26;2496.00;92
5963;18;5166021;5963;428;7206;7298;5.51;0.34;320.04;6.38;1243;26;2497.00;92
5966;18;5166036;5966;429;7206;7298;5.52;0.34;320.04;6.38;1240;26;2498.00;92
5973;18;5166052;5973;430;7207;7299;5.49;0.34;320.07;6.37;1234;26;2499.00;92
5974;18;5166074;5974;429;7207;7300;5.52;0.34;320.11;6.37;1233;26;2500.00;93
5978;18;5166098;5978;427;7207;7300;5.50;0.34;320.12;6.37;1229;26;2501.00;93
5983;18;5166113;5983;421;7208;7303;5.48;0.34;320.16;6.37;1225;26;2502.00;95
5986;18;5166128;5986;429;7208;7303;5.47;0.34;320.19;6.37;1222;26;2503.00;95
5993;18;5166144;5993;423;7208;7303;5.45;0.34;320.19;6.37;1215;26;2504.00;95
5997;18;5166159;5997;422;7208;7303;5.42;0.33;320.25;6.37;1211;26;2505.00;95
5998;18;5166174;5998;427;7212;7309;5.48;0.34;320.24;6.37;1214;26;2506.00;97
6005;18;5166188;6005;427;7212;7309;5.43;0.33;320.43;6.37;1207;26;2507.00;97
6010;18;5166202;6010;425;7212;7309;5.41;0.33;320.53;6.37;1202;26;2508.00;97
6018;18;5166216;6018;425;7213;7309;5.37;0.33;320.75;6.37;1195;26;2509.00;96
6023;18;5166229;6023;432;7216;7313;5.36;0.33;320.76;6.37;1193;26;2510.00;97
6029;18;5166242;6029;431;7216;7314;5.26;0.32;320.98;6.37;1187;26;2511.00;98
6036;18;5166257;6036;426;7216;7314;5.23;0.32;321.08;6.37;1180;26;2512.00;98
6037;18;5166270;6037;436;7217;7315;5.25;0.32;321.12;6.37;1180;26;2513.00;98
6044;18;5166283;6044;442;7217;7315;5.14;0.32;321.29;6.37;1173;26;2514.00;98
6047;18;5166296;6047;454;7219;7315;5.10;0.31;321.43;6.37;1172;26;2515.00;96
6050;18;5166308;6050;461;7219;7315;5.07;0.31;321.50;6.37;1169;26;2516.00;96
6052;18;5166320;6052;472;7220;7315;5.02;0.31;321.52;6.38;1168;26;2517.00;95
6053;18;5166333;6053;477;7221;7315;5.02;0.31;321.50;6.38;1168;26;2518.00;94
6056;18;5166346;6056;480;7221;7315;4.97;0.31;321.43;6.38;1165;26;2519.00;94
6060;18;5166360;6060;516;7302;7440;5.09;0.32;321.48;6.31;1242;26;2520.00;138
6064;18;5166391;6064;522;7305;7441;5.01;0.31;321.56;6.31;1241;26;2521.00;136
6069;18;5166407;6069;509;7311;7441;5.00;0.31;321.64;6.31;1242;26;2522.00;130
6073;18;5166423;6073;511;7315;7441;5.02;0.31;321.69;6.31;1242;26;2523.00;126
6076;18;5166440;6076;517;7318;7441;5.06;0.31;321.63;6.30;1242;26;2524.00;123
6077;18;5166456;6077;522;7323;7441;5.09;0.31;321.67;6.30;1246;26;2525.00;118
6078;18;5166485;6078;527;7326;7441;5.05;0.31;321.73;6.30;1248;26;2526.00;115
6083;18;5166509;6083;524;7329;7441;4.95;0.30;321.75;6.30;1246;26;2527.00;112
6085;18;5166529;6085;534;7331;7442;4.84;0.30;321.73;6.30;1246;26;2528.00;111
6088;18;5166559;6088;546;7333;7443;4.70;0.29;321.93;6.31;1245;26;2529.00;110
6090;18;5166576;6090;549;7335;7443;4.60;0.28;321.97;6.31;1245;26;2530.00;108
6095;18;5166593;6095;532;7339;7447;4.53;0.28;322.15;6.30;1244;26;2531.00;108
6099;18;5166611;6099;533;7340;7447;4.50;0.28;322.31;6.30;1241;26;2532.00;107
6101;18;5166628;6101;528;7343;7447;4.49;0.28;322.34;6.31;1242;26;2533.00;104
6102;18;5166644;6102;528;7344;7447;4.51;0.28;322.31;6.31;1242;26;2534.00;103
6104;18;5166661;6104;529;7349;7453;4.56;0.28;322.30;6.31;1245;26;2535.00;104
6110;18;5166677;6110;531;7351;7453;4.57;0.28;322.43;6.31;1241;26;2536.00;102
6112;18;5166694;6112;537;7353;7455;4.60;0.28;322.57;6.30;1241;26;2537.00;102
6114;18;5166709;6114;545;7354;7458;4.66;0.29;322.63;6.30;1240;26;2538.00;104
6115;18;5166725;6115;549;7355;7458;4.73;0.29;322.63;6.30;1240;26;2539.00;103
6117;18;5166740;6117;553;7355;7458;4.79;0.29;322.65;6.30;1238;26;2540.00;103
6119;18;5166754;6119;556;7356;7459;4.80;0.29;322.76;6.30;1237;26;2541.00;103
6120;18;5166770;6120;547;7357;7460;4.88;0.30;322.76;6.30;1237;26;2542.00;103
6123;18;5166785;6123;543;7357;7460;4.92;0.30;322.75;6.30;1234;26;2543.00;103
6125;18;5166800;6125;551;7367;7473;4.97;0.31;322.68;6.29;1242;26;2544.00;106
6130;18;5166814;6130;544;7368;7473;5.00;0.31;322.76;6.29;1238;26;2545.00;105
6133;18;5166830;6133;540;7368;7473;4.99;0.31;322.68;6.29;1235;26;2546.00;105
6138;18;5166844;6138;543;7369;7474;4.95;0.30;322.77;6.29;1231;26;2547.00;105
6139;18;5166862;6139;544;7369;7474;4.96;0.30;322.82;6.29;1230;26;2548.00;105
6141;18;5166876;6141;553;7373;7478;4.93;0.30;322.78;6.29;1232;26;2549.00;105
6144;18;5166897;6144;556;7375;7481;4.86;0.30;322.84;6.29;1231;26;2550.00;106
6145;18;5166911;6145;552;7379;7485;4.81;0.29;322.85;6.28;1234;26;2551.00;106
6148;18;5166926;6148;550;7379;7485;4.74;0.29;322.77;6.28;1231;26;2552.00;106
6150;18;5166939;6150;549;7379;7485;4.67;0.29;322.82;6.28;1229;26;2553.00;106
6150;18;5166951;6150;548;7379;7485;4.64;0.28;322.82;6.28;1229;26;2554.00;106
6153;18;5166964;6153;553;7379;7485;4.59;0.28;322.83;6.28;1226;26;2555.00;106
6154;18;5166978;6154;560;7389;7497;4.60;0.28;322.84;6.28;1235;26;2556.00;108
6156;18;5166993;6156;559;7389;7497;4.59;0.28;322.78;6.28;1233;26;2557.00;108
6157;18;5167007;6157;563;7390;7497;4.57;0.28;322.73;6.28;1233;26;2558.00;107
6158;18;5167020;6158;556;7390;7497;4.51;0.28;322.74;6.28;1232;26;2559.00;107
6161;18;5167032;6161;565;7390;7497;4.48;0.27;322.75;6.28;1229;26;2560.00;107
6163;18;5167045;6163;568;7390;7497;4.43;0.27;322.76;6.28;1227;26;2561.00;107
6163;18;5167059;6163;567;7390;7498;4.44;0.27;322.76;6.28;1227;26;2562.00;108
6164;18;5167073;6164;566;7390;7498;4.40;0.27;322.74;6.28;1226;26;2563.00;108
6169;18;5167092;6169;574;7395;7504;4.33;0.26;322.79;6.27;1226;26;2564.00;109
6169;18;5167115;6169;563;7397;7506;4.34;0.27;322.79;6.27;1228;26;2565.00;109
6170;18;5167131;6170;552;7397;7506;4.37;0.27;322.79;6.27;1227;26;2566.00;109
6172;18;5167146;6172;532;7397;7506;4.34;0.27;322.79;6.27;1225;26;2567.00;109
6174;18;5167162;6174;522;7401;7510;4.40;0.27;322.81;6.27;1227;26;2568.00;109
6177;18;5167178;6177;508;7401;7510;4.44;0.27;322.93;6.27;1224;26;2569.00;109
6181;18;5167195;6181;499;7401;7510;4.46;0.27;322.95;6.27;1220;26;2570.00;109
6182;18;5167210;6182;490;7402;7511;4.53;0.28;322.98;6.27;1220;26;2571.00;109
6182;18;5167225;6182;477;7405;7515;4.62;0.28;322.98;6.27;1223;26;2572.00;110
6185;18;5167246;6185;467;7405;7515;4.68;0.28;322.94;6.27;1220;26;2573.00;110
6186;18;5167261;6186;463;7407;7518;4.79;0.29;322.98;6.27;1221;26;2574.00;111
6190;18;5167276;6190;460;7407;7518;4.87;0.29;322.98;6.27;1217;26;2575.00;111
6191;18;5167291;6191;461;7408;7518;4.96;0.30;322.94;6.27;1217;26;2576.00;110
6192;18;5167306;6192;454;7408;7518;5.02;0.30;322.94;6.27;1216;26;2577.00;110
6193;18;5167319;6193;453;7412;7522;5.13;0.31;322.97;6.27;1219;26;2578.00;110
6197;18;5167332;6197;445;7412;7522;5.19;0.31;323.05;6.27;1215;26;2579.00;110
6201;18;5167346;6201;437;7413;7522;5.24;0.32;323.08;6.32;1212;26;2580.00;109
6204;18;5167367;6204;443;7413;7522;5.26;0.32;323.08;6.32;1209;26;2581.00;109
6205;18;5167382;6205;440;7413;7523;5.26;0.32;323.06;6.32;1208;26;2582.00;110
6206;18;5167407;6206;437;7414;7524;5.30;0.32;323.09;6.32;1208;26;2583.00;110
6207;18;5167423;6207;438;7414;7524;5.29;0.32;323.12;6.32;1207;26;2584.00;110
6209;18;5167437;6209;435;7415;7525;5.31;0.32;323.08;6.32;1206;26;2585.00;110
6211;18;5167451;6211;439;7415;7525;5.32;0.32;323.16;6.32;1204;26;2586.00;110
6211;18;5167465;6211;439;7415;7525;5.32;0.32;323.16;6.32;1204;26;2587.00;110
6213;18;5167480;6213;430;7416;7525;5.37;0.32;323.29;6.38;1203;26;2588.00;109
6215;18;5167493;6215;425;7416;7525;5.34;0.32;323.30;6.38;1201;26;2589.00;109
6216;18;5167507;6216;425;7416;7525;5.37;0.32;323.31;6.38;1200;26;2590.00;109
6218;18;5167520;6218;421;7416;7525;5.38;0.32;323.41;6.38;1198;26;2591.00;109
6219;18;5167533;6219;441;7483;7652;5.65;0.35;323.52;6.32;1264;26;2592.00;169
6220;18;5167557;6220;433;7486;7653;5.66;0.35;323.66;6.32;1266;26;2593.00;167
6222;18;5167572;6222;431;7495;7653;5.69;0.35;323.61;6.31;1273;26;2594.00;158
6225;18;5167586;6225;431;7500;7653;5.67;0.35;323.52;6.31;1275;26;2595.00;153
6225;18;5167600;6225;425;7505;7653;5.68;0.35;323.52;6.31;1280;26;2596.00;148
6229;18;5167616;6229;426;7507;7653;5.62;0.35;323.80;6.31;1278;26;2597.00;146
6232;18;5167631;6232;425;7509;7653;5.57;0.34;323.86;6.31;1277;26;2598.00;144
6233;18;5167646;6233;430;7511;7653;5.58;0.34;323.96;6.31;1278;26;2599.00;142
6235;18;5167662;6235;427;7513;7654;5.55;0.34;324.03;6.31;1278;26;2600.00;141
6238;18;5167688;6238;432;7519;7655;5.55;0.34;324.06;6.43;1281;26;2601.00;136
6242;18;5167715;6242;433;7522;7655;5.52;0.34;324.18;6.43;1280;26;2602.00;133
6244;18;5167732;6244;437;7525;7656;5.47;0.34;324.30;6.43;1281;26;2603.00;131
6247;18;5167746;6247;442;7529;7656;5.43;0.33;324.34;6.49;1282;26;2604.00;127
6248;18;5167762;6248;443;7531;7656;5.39;0.33;324.33;6.49;1283;26;2605.00;125
6250;18;5167777;6250;445;7534;7656;5.35;0.33;324.46;6.55;1284;26;2606.00;122
6254;18;5167792;6254;441;7538;7660;5.32;0.33;324.51;6.60;1284;26;2607.00;122
6256;18;5167808;6256;445;7540;7660;5.32;0.33;324.58;6.61;1284;26;2608.00;120
6258;18;5167823;6258;449;7541;7660;5.27;0.32;324.61;6.61;1283;26;2609.00;119
6260;18;5167839;6260;453;7546;7666;5.25;0.32;324.65;6.66;1286;26;2610.00;120
6260;18;5167855;6260;455;7547;7666;5.26;0.32;324.65;6.66;1287;26;2611.00;119
6261;18;5167870;6261;456;7551;7666;5.25;0.32;324.66;6.77;1290;26;2612.00;115
6264;18;5167884;6264;462;7556;7670;5.25;0.32;324.71;6.82;1292;26;2613.00;114
6269;18;5167899;6269;464;7559;7671;5.23;0.32;324.91;6.88;1290;26;2614.00;112
6270;18;5167914;6270;463;7560;7671;5.28;0.32;324.89;6.93;1290;26;2615.00;111
6273;18;5167929;6273;464;7564;7675;5.28;0.32;324.90;6.93;1291;26;2616.00;111
6278;18;5167943;6278;465;7564;7675;5.29;0.32;325.13;6.93;1286;26;2617.00;111
6282;18;5167957;6282;468;7565;7675;5.29;0.32;325.20;6.98;1283;26;2618.00;110
6283;18;5167971;6283;476;7566;7676;5.29;0.32;325.36;6.98;1283;26;2619.00;110
6286;18;5167984;6286;478;7567;7676;5.29;0.32;325.30;7.03;1281;26;2620.00;109
6288;18;5167997;6288;479;7572;7682;5.30;0.32;325.37;7.03;1284;26;2621.00;110
6291;18;5168012;6291;476;7572;7682;5.32;0.32;325.39;7.03;1281;26;2622.00;110
6292;18;5168026;6292;477;7573;7683;5.32;0.32;325.40;7.08;1281;26;2623.00;110
6294;18;5168039;6294;474;7573;7683;5.32;0.33;325.37;7.08;1279;26;2624.00;110
6298;18;5168053;6298;473;7574;7683;5.33;0.33;325.39;7.13;1276;26;2625.00;109
6300;18;5168066;6300;466;7574;7683;5.37;0.33;325.42;7.13;1274;26;2626.00;109
6301;18;5168080;6301;462;7575;7683;5.39;0.33;325.42;7.19;1274;26;2627.00;108
6306;18;5168093;6306;469;7586;7695;5.51;0.34;325.50;7.17;1280;26;2628.00;109
6308;18;5168107;6308;460;7591;7695;5.55;0.34;325.71;7.42;1283;26;2629.00;104
6311;18;5168125;6311;463;7592;7695;5.58;0.34;325.65;7.47;1281;26;2630.00;103
6313;18;5168143;6313;466;7592;7695;5.56;0.34;325.78;7.47;1279;26;2631.00;103
6315;18;5168158;6315;463;7592;7695;5.56;0.34;325.77;7.47;1277;26;2632.00;103
6317;18;5168171;6317;472;7593;7695;5.56;0.34;325.87;7.52;1276;26;2633.00;102
6320;18;5168185;6320;464;7596;7699;5.59;0.34;325.93;7.52;1276;26;2634.00;103
6324;19;5168199;6324;464;7596;7699;5.60;0.34;326.03;7.52;1272;27;2635.00;103
6328;19;5168219;6328;462;7601;7703;5.60;0.34;326.07;7.57;1273;27;2636.00;102
6329;19;5168233;6329;466;7602;7704;5.58;0.34;326.21;7.56;1273;27;2637.00;102
6333;19;5168251;6333;466;7602;7704;5.49;0.33;326.23;7.56;1269;27;2638.00;102
6336;19;5168265;6336;474;7602;7704;5.39;0.33;326.18;7.56;1266;27;2639.00;102
6338;19;5168279;6338;463;7623;7733;5.32;0.32;326.29;7.54;1285;27;2640.00;110
6342;19;5168297;6342;454;7628;7733;5.27;0.32;326.37;7.73;1286;27;2641.00;105
6348;19;5168312;6348;451;7630;7733;5.28;0.32;326.51;7.73;1282;27;2642.00;103
6350;19;5168328;6350;447;7632;7734;5.32;0.32;326.61;7.73;1282;27;2643.00;102
6354;19;5168344;6354;448;7632;7735;5.34;0.33;326.67;7.73;1278;27;2644.00;103
6358;19;5168359;6358;447;7634;7735;5.34;0.33;326.86;7.82;1276;27;2645.00;101
6367;19;5168374;6367;449;7637;7738;5.32;0.32;326.76;7.82;1270;27;2646.00;101
6369;19;5168390;6369;453;7637;7738;5.37;0.33;326.86;7.82;1268;27;2647.00;101
6374;19;5168406;6374;447;7637;7738;5.39;0.33;327.01;7.82;1263;27;2648.00;101
6376;19;5168422;6376;445;7637;7738;5.44;0.33;327.01;7.82;1261;27;2649.00;101
6379;19;5168440;6379;444;7642;7744;5.46;0.33;327.17;7.81;1263;27;2650.00;102
6384;19;5168455;6384;437;7642;7744;5.43;0.33;327.42;7.81;1258;27;2651.00;102
6385;19;5168471;6385;442;7642;7744;5.46;0.33;327.40;7.81;1257;27;2652.00;102
6388;19;5168487;6388;449;7642;7744;5.41;0.33;327.52;7.81;1254;27;2653.00;102
6391;19;5168509;6391;453;7645;7748;5.30;0.32;327.61;7.81;1254;27;2654.00;103
6397;19;5168525;6397;456;7647;7750;5.20;0.31;327.64;7.81;1250;27;2655.00;103
6399;19;5168541;6399;457;7647;7750;5.19;0.31;327.61;7.81;1248;27;2656.00;103
6404;19;5168556;6404;459;7648;7751;5.15;0.31;327.69;7.81;1244;27;2657.00;103
6405;19;5168572;6405;459;7648;7751;5.12;0.31;327.72;7.81;1243;27;2658.00;103
6407;19;5168586;6407;467;7648;7751;5.12;0.31;327.84;7.81;1241;27;2659.00;103
6413;19;5168600;6413;464;7648;7751;5.14;0.31;328.09;7.81;1235;27;2660.00;103
6415;19;5168615;6415;461;7649;7751;5.17;0.31;328.15;7.81;1234;27;2661.00;102
6420;19;5168630;6420;454;7649;7751;5.18;0.31;328.32;7.81;1229;27;2662.00;102
6421;19;5168644;6421;453;7649;7751;5.17;0.31;328.33;7.81;1228;27;2663.00;102
6423;19;5168657;6423;472;7689;7821;5.30;0.32;328.46;7.77;1266;27;2664.00;132
6426;19;5168676;6426;481;7691;7822;5.28;0.32;328.55;7.77;1265;27;2665.00;131
6429;19;5168689;6429;479;7696;7822;5.24;0.32;328.68;7.77;1267;27;2666.00;126
6435;19;5168703;6435;491;7696;7822;5.20;0.32;328.78;7.77;1261;27;2667.00;126
6438;19;5168717;6438;490;7700;7822;5.19;0.32;328.81;7.77;1262;27;2668.00;122
6444;19;5168729;6444;493;7701;7822;5.09;0.31;328.85;7.77;1257;27;2669.00;121
6448;19;5168744;6448;495;7703;7822;5.12;0.31;328.88;7.77;1255;27;2670.00;119
6452;19;5168758;6452;502;7705;7822;5.13;0.31;328.86;7.77;1253;27;2671.00;117
6456;19;5168770;6456;505;7707;7823;5.09;0.31;329.06;7.77;1251;27;2672.00;116
6459;19;5168784;6459;512;7709;7824;4.98;0.30;329.22;7.77;1250;27;2673.00;115
6462;19;5168797;6462;523;7710;7824;4.87;0.30;329.25;7.76;1248;27;2674.00;114
6465;19;5168811;6465;531;7715;7828;4.79;0.29;329.32;7.76;1250;27;2675.00;113
6469;19;5168825;6469;537;7715;7828;4.70;0.29;329.24;7.76;1246;27;2676.00;113
6473;19;5168837;6473;547;7715;7828;4.61;0.28;329.26;7.76;1242;27;2677.00;113
6476;19;5168849;6476;562;7717;7828;4.55;0.28;329.31;7.76;1241;27;2678.00;111
6479;19;5168862;6479;567;7721;7834;4.51;0.27;329.38;7.76;1242;27;2679.00;113
6481;19;5168875;6481;566;7721;7834;4.45;0.27;329.39;7.76;1240;27;2680.00;113
6483;19;5168888;6483;581;7723;7834;4.39;0.27;329.56;7.76;1240;27;2681.00;111
6490;19;5168902;6490;582;7725;7837;4.30;0.26;329.67;7.76;1235;27;2682.00;112
6491;19;5168916;6491;577;7726;7837;4.28;0.26;329.63;7.77;1235;27;2683.00;111
6495;19;5168930;6495;583;7728;7837;4.24;0.26;329.77;7.77;1233;27;2684.00;109
6499;19;5168945;6499;589;7728;7838;4.19;0.25;329.80;7.77;1229;27;2685.00;110
6503;19;5168958;6503;591;7730;7839;4.16;0.25;329.93;7.77;1227;27;2686.00;109
6504;19;5168973;6504;583;7730;7839;4.16;0.25;329.94;7.77;1226;27;2687.00;109
6507;19;5168987;6507;586;7740;7852;4.25;0.26;329.91;7.76;1233;27;2688.00;112
6510;19;5169002;6510;573;7741;7852;4.24;0.26;329.89;7.76;1231;27;2689.00;111
6511;19;5169016;6511;569;7741;7852;4.23;0.26;329.92;7.76;1230;27;2690.00;111
6514;19;5169031;6514;563;7742;7853;4.25;0.26;329.81;7.76;1228;27;2691.00;111
6517;19;5169046;6517;563;7742;7853;4.27;0.26;329.85;7.76;1225;27;2692.00;111
6518;19;5169061;6518;569;7746;7857;4.35;0.27;329.82;7.76;1228;27;2693.00;111
6520;19;5169076;6520;576;7746;7857;4.39;0.27;329.75;7.76;1226;27;2694.00;111
6521;19;5169091;6521;573;7749;7861;4.46;0.27;329.74;7.75;1228;27;2695.00;112
6523;19;5169106;6523;569;7749;7861;4.48;0.27;329.80;7.75;1226;27;2696.00;112
6525;19;5169121;6525;555;7749;7861;4.52;0.28;329.77;7.75;1224;27;2697.00;112
6526;19;5169134;6526;544;7749;7861;4.59;0.28;329.79;7.75;1223;27;2698.00;112
6529;19;5169149;6529;544;7749;7861;4.63;0.28;329.79;7.75;1220;27;2699.00;112
6530;19;5169172;6530;551;7775;7910;4.80;0.30;329.78;7.73;1245;27;2700.00;135
6531;19;5169195;6531;544;7776;7910;4.84;0.30;329.73;7.73;1245;27;2701.00;134
6533;19;5169211;6533;548;7778;7910;4.86;0.30;329.71;7.72;1245;27;2702.00;132
6537;19;5169227;6537;549;7779;7910;4.91;0.30;329.86;7.72;1242;27;2703.00;131
6539;19;5169242;6539;556;7782;7910;4.94;0.30;329.90;7.73;1243;27;2704.00;128
6543;19;5169257;6543;557;7782;7910;4.95;0.30;329.79;7.73;1239;27;2705.00;128
6544;19;5169273;6544;558;7783;7911;4.98;0.30;329.79;7.73;1239;27;2706.00;128
6546;19;5169287;6546;558;7784;7911;5.02;0.31;329.81;7.73;1238;27;2707.00;127
6549;19;5169300;6549;557;7788;7917;5.02;0.31;329.82;7.73;1239;27;2708.00;129
6550;19;5169316;6550;553;7789;7918;5.05;0.31;329.85;7.73;1239;27;2709.00;129
6551;19;5169329;6551;553;7790;7918;5.06;0.31;329.93;7.73;1239;27;2710.00;128
6553;19;5169343;6553;553;7790;7918;5.03;0.30;329.99;7.73;1237;27;2711.00;128
6555;19;5169356;6555;558;7792;7922;5.02;0.30;329.96;7.72;1237;27;2712.00;130
6556;19;5169370;6556;553;7793;7922;5.01;0.30;329.94;7.72;1237;27;2713.00;129
6557;19;5169383;6557;532;7793;7922;5.04;0.31;329.94;7.72;1236;27;2714.00;129
6559;19;5169396;6559;526;7795;7923;5.04;0.31;329.89;7.72;1236;27;2715.00;128
6561;19;5169409;6561;518;7798;7927;5.07;0.31;329.95;7.72;1237;27;2716.00;129
6561;19;5169424;6561;521;7798;7927;5.09;0.31;329.95;7.72;1237;27;2717.00;129
6561;19;5169442;6561;522;7800;7930;5.13;0.31;329.95;7.72;1239;27;2718.00;130
6561;19;5169456;6561;519;7801;7930;5.14;0.31;329.95;7.72;1240;27;2719.00;129
6562;19;5169475;6562;517;7802;7930;5.16;0.31;329.96;7.72;1240;27;2720.00;128
6565;19;5169491;6565;518;7803;7930;5.12;0.31;329.94;7.72;1238;27;2721.00;127
6565;19;5169506;6565;514;7806;7934;5.14;0.31;329.94;7.72;1241;27;2722.00;128
6565;19;5169520;6565;516;7806;7934;5.16;0.31;329.94;7.72;1241;27;2723.00;128
6565;19;5169535;6565;513;7807;7934;5.19;0.32;329.94;7.72;1242;27;2724.00;127
6566;19;5169548;6566;514;7808;7934;5.21;0.32;330.04;7.72;1242;27;2725.00;126
6567;19;5169564;6567;512;7808;7935;5.24;0.32;330.04;7.72;1241;27;2726.00;127
6568;20;5169579;6568;518;7810;7936;5.28;0.32;330.05;7.72;1242;28;2727.00;126
6569;20;5169605;6569;512;7810;7936;5.33;0.32;330.07;7.72;1241;28;2728.00;126
6570;20;5169621;6570;512;7812;7937;5.34;0.33;330.04;7.73;1242;28;2729.00;125
6571;20;5169644;6571;500;7813;7937;5.36;0.33;330.07;7.73;1242;28;2730.00;124
6574;20;5169665;6574;498;7814;7937;5.36;0.33;330.15;7.73;1240;28;2731.00;123
6576;20;5169680;6576;487;7814;7937;5.36;0.33;330.20;7.73;1238;28;2732.00;123
6580;20;5169695;6580;473;7814;7937;5.36;0.32;330.27;7.73;1234;28;2733.00;123
6584;20;5169711;6584;468;7814;7937;5.39;0.33;330.36;7.73;1230;28;2734.00;123
6587;20;5169726;6587;467;7814;7937;5.37;0.33;330.35;7.73;1227;28;2735.00;123
6588;20;5169742;6588;478;7874;8064;5.52;0.34;330.49;7.67;1286;28;2736.00;190
6591;20;5169768;6591;463;7876;8065;5.59;0.34;330.63;7.67;1285;28;2737.00;189
6594;20;5169784;6594;448;7882;8065;5.74;0.35;330.60;7.67;1288;28;2738.00;183
6598;20;5169799;6598;443;7886;8065;5.78;0.35;330.60;7.67;1288;28;2739.00;179
6601;20;5169814;6601;442;7892;8065;5.80;0.36;330.65;7.66;1291;28;2740.00;173
6603;20;5169830;6603;438;7895;8065;5.83;0.36;330.70;7.66;1292;28;2741.00;170
6606;20;5169845;6606;429;7897;8065;5.79;0.35;330.80;7.67;1291;28;2742.00;168
6610;20;5169860;6610;431;7899;8065;5.78;0.35;330.81;7.67;1289;28;2743.00;166
6612;20;5169875;6612;427;7902;8066;5.81;0.35;330.94;7.67;1290;28;2744.00;164
6616;20;5169897;6616;428;7911;8068;5.83;0.36;331.10;7.78;1295;28;2745.00;157
6623;20;5169916;6623;414;7913;8068;5.80;0.35;331.29;7.78;1290;28;2746.00;155
6625;20;5169933;6625;425;7916;8069;5.81;0.35;331.42;7.79;1291;28;2747.00;153
6628;20;5169949;6628;424;7920;8069;5.81;0.35;331.46;7.79;1292;28;2748.00;149
6631;20;5169965;6631;431;7922;8069;5.77;0.35;331.65;7.79;1291;28;2749.00;147
6636;21;5169981;6636;436;7923;8069;5.76;0.35;331.76;7.79;1287;29;2750.00;146
6637;21;5170015;6637;432;7926;8073;5.80;0.35;331.75;7.79;1289;29;2751.00;147
6642;21;5170032;6642;433;7929;8073;5.79;0.35;331.84;7.80;1287;29;2752.00;144
6643;21;5170047;6643;430;7932;8073;5.83;0.35;331.83;7.80;1289;29;2753.00;141
6644;21;5170063;6644;433;7935;8076;5.83;0.35;331.81;7.80;1291;29;2754.00;141
6645;21;5170078;6645;438;7936;8076;5.87;0.36;331.78;7.80;1291;29;2755.00;140
6649;21;5170094;6649;446;7938;8076;5.86;0.36;331.76;7.80;1289;29;2756.00;138
6650;21;5170109;6650;448;7944;8080;5.89;0.36;331.74;7.80;1294;29;2757.00;136
6652;21;5170127;6652;447;7948;8081;5.90;0.36;331.74;7.86;1296;29;2758.00;133
6655;21;5170148;6655;455;7949;8081;5.86;0.36;331.77;7.86;1294;29;2759.00;132
6657;21;5170165;6657;456;7954;8086;5.89;0.36;331.75;7.86;1297;29;2760.00;132
6661;21;5170180;6661;461;7955;8086;5.89;0.36;331.95;7.86;1294;29;2761.00;131
6661;21;5170196;6661;470;7955;8086;5.92;0.36;331.95;7.86;1294;29;2762.00;131
6665;21;5170209;6665;482;7957;8087;5.89;0.36;331.87;7.86;1292;29;2763.00;130
6667;21;5170224;6667;478;7957;8087;5.88;0.36;331.86;7.86;1290;29;2764.00;130
6668;21;5170238;6668;484;7962;8093;5.93;0.36;331.91;7.86;1294;29;2765.00;131
6670;21;5170253;6670;483;7962;8093;5.92;0.36;332.01;7.86;1292;29;2766.00;131
6670;21;5170267;6670;485;7962;8094;5.87;0.36;332.01;7.86;1292;29;2767.00;132
6673;21;5170281;6673;479;7962;8094;5.81;0.35;332.23;7.86;1289;29;2768.00;132
6675;21;5170296;6675;486;7962;8094;5.79;0.35;332.25;7.86;1287;29;2769.00;132
6678;21;5170310;6678;485;7963;8094;5.73;0.35;332.33;7.91;1285;29;2770.00;131
6681;21;5170325;6681;491;7964;8094;5.71;0.35;332.43;7.97;1283;29;2771.00;130
6681;21;5170347;6681;495;7974;8106;5.78;0.35;332.43;8.02;1293;29;2772.00;132
6683;21;5170362;6683;500;7975;8106;5.77;0.35;332.48;8.08;1292;29;2773.00;131
6685;21;5170383;6685;504;7977;8106;5.78;0.35;332.62;8.08;1292;29;2774.00;129
6687;21;5170398;6687;504;7977;8106;5.76;0.35;332.65;8.08;1290;29;2775.00;129
6688;21;5170412;6688;502;7978;8106;5.73;0.35;332.72;8.13;1290;29;2776.00;128
6691;21;5170427;6691;501;7978;8106;5.70;0.35;332.87;8.13;1287;29;2777.00;128
6691;21;5170444;6691;507;7981;8110;5.66;0.35;332.87;8.13;1290;29;2778.00;129
6694;21;5170460;6694;510;7982;8110;5.60;0.34;333.14;8.19;1288;29;2779.00;128
6698;21;5170476;6698;513;7986;8114;5.60;0.34;333.25;8.19;1288;29;2780.00;128
6700;21;5170493;6700;517;7988;8115;5.56;0.34;333.24;8.24;1288;29;2781.00;127
6702;22;5170508;6702;528;7990;8115;5.52;0.34;333.33;8.35;1288;30;2782.00;125
6706;22;5170539;6706;520;7991;8115;5.45;0.33;333.41;8.41;1285;30;2783.00;124
6708;22;5170557;6708;529;8003;8128;5.46;0.33;333.39;8.45;1295;30;2784.00;125
6709;22;5170573;6709;522;8003;8128;5.45;0.33;333.51;8.45;1294;30;2785.00;125
6713;22;5170588;6713;526;8005;8128;5.41;0.33;333.50;8.56;1292;30;2786.00;123
6714;22;5170603;6714;529;8006;8129;5.46;0.33;333.55;8.56;1292;30;2787.00;123
6717;22;5170618;6717;525;8008;8130;5.47;0.33;333.67;8.67;1291;30;2788.00;122
6720;22;5170633;6720;520;8008;8130;5.48;0.33;333.89;8.67;1288;30;2789.00;122
6721;22;5170649;6721;516;8014;8136;5.56;0.34;333.94;8.71;1293;30;2790.00;122
6724;22;5170664;6724;511;8015;8136;5.62;0.34;333.99;8.77;1291;30;2791.00;121
6726;22;5170678;6726;513;8016;8136;5.65;0.34;333.98;8.77;1290;30;2792.00;120
6727;22;5170693;6727;507;8016;8136;5.69;0.35;333.95;8.77;1289;30;2793.00;120
6732;22;5170707;6732;508;8023;8142;5.71;0.35;334.02;8.87;1291;30;2794.00;119
6734;22;5170722;6734;510;8024;8142;5.71;0.35;334.02;8.92;1290;30;2795.00;118
6739;22;5170738;6739;503;8027;8142;5.62;0.34;334.18;9.07;1288;30;2796.00;115
6742;22;5170752;6742;502;8028;8142;5.58;0.34;334.18;9.12;1286;30;2797.00;114
6744;22;5170767;6744;514;8031;8146;5.52;0.34;334.24;9.12;1287;30;2798.00;115
6747;22;5170781;6747;515;8033;8147;5.40;0.33;334.41;9.17;1286;30;2799.00;114
6749;22;5170797;6749;520;8033;8147;5.32;0.33;334.49;9.17;1284;30;2800.00;114
6751;22;5170814;6751;527;8034;8148;5.28;0.32;334.63;9.17;1283;30;2801.00;114
6754;22;5170829;6754;532;8035;8148;5.18;0.32;334.65;9.22;1281;30;2802.00;113
6759;22;5170842;6759;529;8036;8148;5.09;0.31;334.72;9.26;1277;30;2803.00;112
6764;22;5170855;6764;536;8036;8148;4.99;0.30;334.86;9.26;1272;30;2804.00;112
6766;22;5170868;6766;518;8038;8148;4.93;0.30;334.85;9.36;1272;30;2805.00;110
6771;22;5170882;6771;521;8038;8148;4.86;0.30;334.91;9.36;1267;30;2806.00;110
6773;22;5170896;6773;521;8039;8148;4.78;0.29;334.91;9.41;1266;30;2807.00;109
6775;22;5170913;6775;534;8079;8218;4.87;0.30;334.94;9.41;1304;30;2808.00;139
6780;22;5170932;6780;523;8082;8219;4.83;0.30;335.04;9.41;1302;30;2809.00;137
6787;22;5170947;6787;522;8085;8219;4.77;0.29;334.97;9.41;1298;30;2810.00;134
6788;22;5170961;6788;526;8088;8219;4.73;0.29;335.01;9.40;1300;30;2811.00;131
6794;22;5170975;6794;524;8091;8219;4.65;0.28;335.10;9.40;1297;30;2812.00;128
6794;22;5170990;6794;520;8094;8219;4.66;0.28;335.10;9.40;1300;30;2813.00;125
6798;22;5171004;6798;530;8096;8219;4.65;0.28;335.18;9.40;1298;30;2814.00;123
6803;22;5171019;6803;527;8098;8219;4.66;0.28;335.22;9.40;1295;30;2815.00;121
6807;22;5171035;6807;534;8099;8220;4.65;0.28;335.31;9.40;1292;30;2816.00;121
6810;22;5171049;6810;535;8100;8221;4.65;0.28;335.37;9.40;1290;30;2817.00;121
6812;22;5171064;6812;538;8102;8221;4.62;0.28;335.41;9.40;1290;30;2818.00;119
6815;22;5171078;6815;540;8106;8225;4.61;0.28;335.33;9.39;1291;30;2819.00;119
6819;22;5171094;6819;537;8106;8225;4.61;0.28;335.33;9.39;1287;30;2820.00;119
6823;22;5171110;6823;541;8106;8225;4.57;0.28;335.31;9.39;1283;30;2821.00;119
6826;22;5171126;6826;542;8106;8225;4.61;0.28;335.34;9.39;1280;30;2822.00;119
6829;22;5171140;6829;550;8110;8231;4.65;0.28;335.31;9.39;1281;30;2823.00;121
6833;22;5171158;6833;541;8110;8231;4.66;0.28;335.25;9.39;1277;30;2824.00;121
6837;22;5171172;6837;532;8110;8231;4.67;0.28;335.35;9.39;1273;30;2825.00;121
6839;22;5171186;6839;542;8111;8234;4.71;0.29;335.28;9.39;1272;30;2826.00;123
6840;22;5171201;6840;536;8111;8234;4.74;0.29;335.32;9.39;1271;30;2827.00;123
6845;22;5171216;6845;537;8111;8234;4.69;0.29;335.42;9.39;1266;30;2828.00;123
6848;22;5171230;6848;533;8111;8235;4.66;0.29;335.43;9.39;1263;30;2829.00;124
6854;22;5171245;6854;544;8112;8236;4.60;0.28;335.48;9.39;1258;30;2830.00;124
6858;22;5171259;6858;546;8112;8236;4.52;0.28;335.54;9.39;1254;30;2831.00;124
6863;22;5171274;6863;551;8122;8249;4.49;0.27;335.62;9.40;1259;30;2832.00;127
6868;22;5171289;6868;550;8123;8249;4.38;0.27;335.49;9.40;1255;30;2833.00;126
6872;22;5171303;6872;550;8123;8249;4.27;0.26;335.59;9.40;1251;30;2834.00;126
6876;22;5171317;6876;558;8124;8251;4.24;0.26;335.63;9.40;1248;30;2835.00;127
6880;22;5171331;6880;557;8124;8251;4.18;0.26;335.72;9.40;1244;30;2836.00;127
6884;22;5171345;6884;565;8128;8255;4.13;0.25;335.76;9.39;1244;30;2837.00;127
6886;22;5171359;6886;569;8128;8255;4.10;0.25;335.74;9.39;1242;30;2838.00;127
6889;22;5171373;6889;567;8131;8259;4.14;0.25;335.70;9.39;1242;30;2839.00;128
6893;22;5171386;6893;572;8131;8259;4.12;0.25;335.63;9.39;1238;30;2840.00;128
6898;22;5171400;6898;576;8132;8259;4.09;0.25;335.57;9.39;1234;30;2841.00;127
6903;22;5171414;6903;578;8133;8259;4.06;0.25;335.62;9.41;1230;30;2842.00;126
6907;22;5171427;6907;581;8133;8259;4.02;0.24;335.55;9.41;1226;30;2843.00;126
6909;22;5171444;6909;581;8144;8271;4.07;0.25;335.58;9.41;1235;30;2844.00;127
6911;22;5171458;6911;586;8144;8271;4.04;0.25;335.59;9.41;1233;30;2845.00;127
6915;22;5171473;6915;583;8145;8271;3.99;0.24;335.62;9.41;1230;30;2846.00;126
6916;22;5171486;6916;584;8146;8271;3.96;0.24;335.57;9.41;1230;30;2847.00;125
6917;22;5171499;6917;583;8148;8271;3.90;0.24;335.60;9.41;1231;30;2848.00;123
6917;22;5171514;6917;579;8148;8271;3.90;0.24;335.60;9.41;1231;30;2849.00;123
6918;22;5171527;6918;579;8153;8274;3.85;0.24;335.63;9.43;1235;30;2850.00;121
6919;22;5171541;6919;585;8153;8274;3.81;0.23;335.64;9.43;1234;30;2851.00;121
6921;22;5171553;6921;584;8157;8280;3.80;0.23;335.73;9.43;1236;30;2852.00;123
6922;22;5171567;6922;581;8159;8281;3.81;0.23;335.74;9.43;1237;30;2853.00;122
6923;22;5171580;6923;576;8159;8281;3.79;0.23;335.74;9.43;1236;30;2854.00;122
6927;22;5171594;6927;575;8160;8281;3.78;0.23;335.80;9.43;1233;30;2855.00;121
6928;22;5171607;6928;582;8163;8285;3.83;0.23;335.79;9.42;1235;30;2856.00;122
6931;22;5171621;6931;585;8164;8285;3.87;0.23;335.83;9.42;1233;30;2857.00;121
6932;22;5171639;6932;586;8165;8285;3.91;0.24;335.86;9.42;1233;30;2858.00;120
6933;22;5171652;6933;592;8166;8286;3.95;0.24;335.87;9.42;1233;30;2859.00;120
6935;22;5171665;6935;580;8169;8290;4.04;0.25;335.81;9.42;1234;30;2860.00;121
6936;22;5171685;6936;554;8169;8290;4.08;0.25;335.86;9.42;1233;30;2861.00;121
6936;22;5171699;6936;538;8171;8293;4.20;0.25;335.86;9.42;1235;30;2862.00;122
6937;22;5171713;6937;516;8171;8293;4.27;0.26;335.84;9.42;1234;30;2863.00;122
6939;22;5171728;6939;500;8174;8295;4.37;0.26;335.77;9.41;1235;30;2864.00;121
6939;22;5171743;6939;490;8174;8295;4.50;0.27;335.77;9.41;1235;30;2865.00;121
6939;22;5171758;6939;487;8178;8299;4.64;0.28;335.77;9.41;1239;30;2866.00;121
6940;22;5171773;6940;478;8178;8299;4.78;0.29;335.84;9.41;1238;30;2867.00;121
6940;22;5171787;6940;481;8178;8299;4.89;0.30;335.84;9.41;1238;30;2868.00;121
6941;22;5171802;6941;479;8178;8299;5.00;0.30;335.81;9.41;1237;30;2869.00;121
6945;22;5171821;6945;473;8178;8300;5.08;0.31;335.77;9.41;1233;30;2870.00;122
6945;22;5171835;6945;468;8179;8301;5.19;0.31;335.77;9.41;1234;30;2871.00;122
6946;22;5171848;6946;461;8179;8301;5.28;0.32;335.74;9.41;1233;30;2872.00;122
6949;22;5171863;6949;457;8180;8302;5.33;0.32;335.75;9.41;1231;30;2873.00;122
6950;22;5171876;6950;457;8180;8302;5.38;0.33;335.77;9.41;1230;30;2874.00;122
6951;22;5171890;6951;460;8181;8302;5.42;0.33;335.78;9.42;1230;30;2875.00;121
6951;22;5171904;6951;455;8181;8302;5.46;0.33;335.78;9.42;1230;30;2876.00;121
6951;22;5171918;6951;451;8181;8302;5.50;0.33;335.78;9.42;1230;30;2877.00;121
6952;22;5171932;6952;444;8181;8302;5.54;0.34;335.87;9.42;1229;30;2878.00;121
6953;22;5171947;6953;443;8181;8302;5.59;0.34;335.88;9.42;1228;30;2879.00;121
6955;22;5171963;6955;476;8293;8532;5.81;0.36;335.89;9.30;1338;30;2880.00;239
6957;22;5171995;6957;468;8297;8533;5.91;0.37;335.88;9.29;1340;30;2881.00;236
6961;22;5172010;6961;456;8308;8533;5.99;0.37;335.98;9.28;1347;30;2882.00;225
6963;22;5172027;6963;449;8313;8533;6.01;0.37;335.97;9.28;1350;30;2883.00;220
6966;22;5172043;6966;442;8320;8533;6.06;0.37;335.97;9.28;1354;30;2884.00;213
6966;22;5172059;6966;431;8322;8533;6.08;0.38;335.97;9.27;1356;30;2885.00;211
6969;22;5172076;6969;430;8327;8533;6.11;0.38;336.03;9.27;1358;30;2886.00;206
6972;22;5172091;6972;432;8331;8533;6.06;0.37;336.22;9.27;1359;30;2887.00;202
6974;22;5172108;6974;438;8335;8534;6.00;0.37;336.31;9.27;1361;30;2888.00;199
6974;22;5172125;6974;446;8339;8535;5.95;0.37;336.31;9.27;1365;30;2889.00;196
6977;22;5172141;6977;444;8343;8535;5.85;0.36;336.45;9.27;1366;30;2890.00;192
6978;22;5172157;6978;459;8345;8536;5.75;0.36;336.46;9.27;1367;30;2891.00;191
6981;22;5172174;6981;468;8347;8536;5.66;0.35;336.48;9.27;1366;30;2892.00;189
6985;22;5172190;6985;477;8349;8536;5.56;0.34;336.59;9.27;1364;30;2893.00;187
6987;22;5172207;6987;481;8351;8536;5.56;0.34;336.62;9.27;1364;30;2894.00;185
6989;22;5172223;6989;477;8353;8540;5.60;0.34;336.70;9.27;1364;30;2895.00;187
6991;22;5172240;6991;476;8354;8540;5.62;0.35;336.70;9.27;1363;30;2896.00;186
6991;23;5172257;6991;484;8356;8540;5.65;0.35;336.70;9.28;1365;31;2897.00;184
6992;23;5172281;6992;481;8358;8543;5.67;0.35;336.72;9.28;1366;31;2898.00;185
6997;23;5172298;6997;477;8359;8543;5.68;0.35;336.77;9.28;1362;31;2899.00;184
6998;23;5172316;6998;474;8360;8543;5.70;0.35;336.91;9.28;1362;31;2900.00;183
6999;23;5172342;6999;467;8364;8547;5.78;0.35;336.92;9.28;1365;31;2901.00;183
7002;23;5172359;7002;464;8365;8548;5.84;0.36;337.04;9.28;1363;31;2902.00;183
7004;23;5172375;7004;448;8369;8548;5.90;0.36;336.98;9.28;1365;31;2903.00;179
7009;23;5172391;7009;452;8371;8552;5.92;0.36;337.00;9.29;1362;31;2904.00;181
7013;23;5172413;7013;450;8373;8552;5.92;0.36;337.20;9.29;1360;31;2905.00;179
7016;23;5172431;7016;445;8374;8552;5.93;0.36;337.31;9.29;1358;31;2906.00;178
7019;23;5172455;7019;441;8375;8553;5.96;0.36;337.29;9.29;1356;31;2907.00;178
7024;23;5172473;7024;435;8377;8553;5.97;0.36;337.32;9.29;1353;31;2908.00;176
7029;23;5172491;7029;436;8380;8559;6.00;0.37;337.39;9.29;1351;31;2909.00;179
7034;23;5172511;7034;431;8382;8559;6.01;0.37;337.34;9.40;1348;31;2910.00;177
7039;23;5172532;7039;442;8384;8560;6.04;0.37;337.25;9.41;1345;31;2911.00;176
7043;23;5172549;7043;435;8385;8560;6.07;0.37;337.21;9.41;1342;31;2912.00;175
7044;23;5172570;7044;437;8386;8560;6.10;0.37;337.24;9.41;1342;31;2913.00;174
7048;23;5172588;7048;432;8388;8560;6.07;0.37;337.41;9.41;1340;31;2914.00;172
7051;23;5172605;7051;430;8388;8560;6.02;0.37;337.47;9.41;1337;31;2915.00;172
7051;23;5172622;7051;433;8399;8572;6.03;0.37;337.47;9.46;1348;31;2916.00;173
7053;23;5172639;7053;436;8400;8572;5.99;0.36;337.59;9.46;1347;31;2917.00;172
7055;23;5172655;7055;444;8402;8572;5.95;0.36;337.69;9.46;1347;31;2918.00;170
7059;23;5172671;7059;451;8404;8572;5.89;0.36;337.80;9.47;1345;31;2919.00;168
7061;23;5172687;7061;460;8404;8572;5.89;0.36;337.77;9.47;1343;31;2920.00;168
7063;23;5172702;7063;463;8406;8572;5.89;0.36;337.80;9.48;1343;31;2921.00;166
7067;23;5172717;7067;468;8410;8576;5.85;0.36;337.86;9.48;1343;31;2922.00;166
7071;23;5172733;7071;465;8411;8576;5.80;0.35;337.97;9.48;1340;31;2923.00;165
7073;23;5172748;7073;471;8415;8580;5.79;0.35;337.98;9.47;1342;31;2924.00;165
7076;23;5172764;7076;474;8419;8582;5.75;0.35;338.08;9.48;1343;31;2925.00;163
7080;23;5172779;7080;479;8421;8582;5.69;0.35;338.30;9.48;1341;31;2926.00;161
7083;23;5172794;7083;484;8421;8582;5.65;0.34;338.31;9.48;1338;31;2927.00;161
7084;23;5172809;7084;480;8430;8595;5.64;0.34;338.35;9.47;1346;31;2928.00;165
7086;23;5172824;7086;475;8431;8595;5.65;0.35;338.33;9.48;1345;31;2929.00;164
7089;23;5172838;7089;479;8431;8595;5.65;0.35;338.35;9.48;1342;31;2930.00;164
7095;23;5172853;7095;476;8433;8596;5.61;0.34;338.44;9.48;1338;31;2931.00;163
7097;23;5172867;7097;480;8433;8597;5.61;0.34;338.48;9.48;1336;31;2932.00;164
7101;23;5172882;7101;472;8434;8597;5.63;0.34;338.60;9.49;1333;31;2933.00;163
7102;24;5172897;7102;473;8436;8600;5.63;0.34;338.67;9.48;1334;32;2934.00;164
7104;24;5172922;7104;479;8437;8600;5.65;0.34;338.73;9.49;1333;32;2935.00;163
7107;24;5172938;7107;480;8438;8600;5.62;0.34;338.75;9.49;1331;32;2936.00;162
7110;24;5172952;7110;479;8439;8600;5.62;0.34;338.81;9.49;1329;32;2937.00;161
7111;24;5172967;7111;477;8446;8606;5.70;0.35;338.81;9.56;1335;32;2938.00;160
7114;24;5172982;7114;480;8447;8606;5.68;0.35;338.87;9.56;1333;32;2939.00;159
7117;24;5172998;7117;478;8450;8606;5.66;0.35;338.90;9.68;1333;32;2940.00;156
7118;24;5173013;7118;480;8451;8606;5.68;0.35;338.91;9.68;1333;32;2941.00;155
7120;24;5173027;7120;479;8454;8610;5.69;0.35;338.92;9.68;1334;33;2942.00;156
7122;24;5173051;7122;484;8458;8611;5.72;0.35;338.87;9.79;1336;33;2943.00;153
7124;24;5173066;7124;483;8459;8611;5.68;0.35;338.89;9.85;1335;33;2944.00;152
7129;24;5173081;7129;484;8460;8612;5.61;0.34;339.09;9.85;1331;33;2945.00;152
7131;24;5173098;7131;484;8461;8612;5.59;0.34;339.07;9.91;1330;34;2946.00;151
7135;24;5173123;7135;488;8463;8612;5.56;0.34;339.20;10.02;1328;34;2947.00;149
7139;24;5173140;7139;492;8465;8612;5.52;0.34;339.19;10.13;1326;34;2948.00;147
7144;24;5173155;7144;498;8466;8612;5.45;0.33;339.33;10.19;1322;34;2949.00;146
7146;24;5173169;7146;508;8467;8612;5.40;0.33;339.39;10.24;1321;34;2950.00;145
7148;24;5173183;7148;505;8467;8612;5.35;0.33;339.43;10.24;1319;34;2951.00;145
7151;24;5173198;7151;522;8512;8682;5.38;0.33;339.52;10.30;1361;34;2952.00;170
7154;24;5173219;7154;520;8513;8683;5.32;0.33;339.58;10.29;1359;34;2953.00;170
7157;24;5173234;7157;514;8520;8683;5.32;0.33;339.68;10.34;1363;34;2954.00;163
7160;24;5173248;7160;519;8520;8683;5.32;0.33;339.73;10.34;1360;34;2955.00;163
7165;24;5173263;7165;510;8524;8683;5.32;0.32;339.80;10.44;1359;34;2956.00;159
7167;24;5173278;7167;510;8524;8683;5.36;0.33;339.86;10.44;1357;34;2957.00;159
7169;24;5173293;7169;509;8527;8683;5.37;0.33;339.83;10.50;1358;34;2958.00;156
7172;24;5173307;7172;511;8531;8683;5.32;0.32;339.91;10.55;1359;34;2959.00;152
7174;24;5173322;7174;512;8535;8684;5.27;0.32;340.01;10.60;1361;34;2960.00;149
7177;24;5173336;7177;520;8538;8685;5.23;0.32;339.90;10.60;1361;34;2961.00;147
7182;24;5173351;7182;520;8541;8685;5.16;0.31;340.13;10.70;1359;34;2962.00;144
7183;24;5173365;7183;529;8544;8689;5.09;0.31;340.26;10.70;1361;34;2963.00;145
7185;24;5173380;7185;537;8545;8689;5.05;0.31;340.31;10.70;1360;34;2964.00;144
7186;24;5173394;7186;538;8546;8689;4.99;0.30;340.44;10.75;1360;34;2965.00;143
7188;24;5173407;7188;542;8546;8689;4.98;0.30;340.47;10.75;1358;34;2966.00;143
7191;24;5173421;7191;548;8551;8695;4.93;0.30;340.57;10.79;1360;34;2967.00;144
7195;24;5173435;7195;553;8551;8695;4.84;0.29;340.78;10.79;1356;34;2968.00;144
7197;24;5173449;7197;556;8551;8695;4.77;0.29;340.88;10.79;1354;34;2969.00;144
7202;24;5173464;7202;556;8555;8701;4.68;0.28;340.85;10.84;1353;34;2970.00;146
7208;24;5173480;7208;546;8555;8701;4.61;0.28;340.85;10.84;1347;34;2971.00;146
7211;24;5173494;7211;543;8556;8701;4.51;0.27;340.98;10.84;1345;34;2972.00;145
7213;24;5173507;7213;531;8556;8702;4.49;0.27;341.01;10.84;1343;34;2973.00;146
7216;24;5173521;7216;533;8557;8703;4.47;0.27;340.97;10.84;1341;34;2974.00;146
7218;24;5173537;7218;537;8557;8703;4.45;0.27;340.93;10.84;1339;34;2975.00;146
7221;24;5173551;7221;541;8567;8716;4.47;0.27;340.89;10.83;1346;34;2976.00;149
7222;24;5173566;7222;541;8567;8716;4.43;0.27;340.88;10.83;1345;34;2977.00;149
7224;24;5173581;7224;539;8568;8716;4.38;0.27;340.91;10.83;1344;34;2978.00;148
7229;24;5173595;7229;537;8568;8717;4.32;0.26;340.85;10.83;1339;34;2979.00;149
7232;24;5173611;7232;538;8568;8717;4.32;0.27;340.78;10.83;1336;34;2980.00;149
7235;24;5173627;7235;546;8571;8721;4.35;0.27;340.72;10.82;1336;34;2981.00;150
7238;24;5173643;7238;545;8571;8721;4.31;0.27;340.64;10.82;1333;34;2982.00;150
7242;24;5173658;7242;549;8574;8725;4.32;0.27;340.64;10.82;1332;34;2983.00;151
7246;24;5173673;7246;547;8574;8725;4.32;0.27;340.59;10.82;1328;34;2984.00;151
7251;24;5173689;7251;546;8575;8725;4.28;0.26;340.57;10.82;1324;34;2985.00;150
7255;24;5173703;7255;553;8575;8725;4.29;0.26;340.54;10.82;1320;34;2986.00;150
7261;24;5173717;7261;555;8575;8725;4.26;0.26;340.43;10.82;1314;34;2987.00;150
7264;24;5173733;7264;553;8583;8737;4.32;0.27;340.44;10.81;1319;34;2988.00;154
7266;24;5173751;7266;549;8583;8737;4.35;0.27;340.46;10.81;1317;34;2989.00;154
7271;24;5173765;7271;548;8584;8737;4.34;0.27;340.54;10.81;1313;34;2990.00;153
7273;24;5173780;7273;555;8584;8737;4.35;0.27;340.46;10.81;1311;34;2991.00;153
7279;24;5173795;7279;547;8584;8737;4.32;0.26;340.60;10.81;1305;34;2992.00;153
7283;24;5173810;7283;556;8584;8737;4.34;0.27;340.69;10.81;1301;34;2993.00;153
7286;24;5173825;7286;543;8584;8738;4.34;0.27;340.65;10.81;1298;34;2994.00;154
7288;24;5173840;7288;547;8584;8738;4.36;0.27;340.70;10.81;1296;34;2995.00;154
7292;24;5173855;7292;553;8588;8744;4.36;0.27;340.62;10.81;1296;34;2996.00;156
7294;24;5173869;7294;562;8588;8745;4.32;0.26;340.62;10.81;1294;34;2997.00;157
7299;24;5173882;7299;573;8588;8745;4.26;0.26;340.69;10.81;1289;34;2998.00;157
7303;24;5173895;7303;576;8588;8745;4.18;0.25;340.73;10.81;1285;34;2999.00;157
7304;24;5173911;7304;580;8595;8765;4.13;0.25;340.69;10.80;1291;34;3000.00;170
7305;24;5173929;7305;580;8595;8765;4.09;0.25;340.71;10.80;1290;34;3001.00;170
7308;24;5173942;7308;579;8595;8765;4.04;0.25;340.66;10.80;1287;34;3002.00;170
7312;24;5173955;7312;585;8596;8766;3.98;0.24;340.71;10.80;1284;34;3003.00;170
7316;24;5173968;7316;589;8600;8770;4.00;0.24;340.72;10.79;1284;34;3004.00;170
7319;24;5173981;7319;589;8601;8770;3.96;0.24;340.75;10.79;1282;34;3005.00;169
7321;24;5173994;7321;590;8603;8773;3.96;0.24;340.79;10.79;1282;34;3006.00;170
7326;24;5174007;7326;577;8603;8773;3.96;0.24;340.98;10.79;1277;34;3007.00;170
7327;24;5174020;7327;567;8604;8773;4.01;0.24;340.95;10.80;1277;34;3008.00;169
7330;24;5174032;7330;566;8605;8773;4.03;0.25;341.06;10.80;1275;34;3009.00;168
7332;24;5174044;7332;562;8607;8777;4.03;0.25;341.04;10.79;1275;34;3010.00;170
7334;24;5174058;7334;555;8610;8777;4.03;0.25;341.07;10.80;1276;34;3011.00;167
7335;24;5174070;7335;555;8610;8777;4.08;0.25;341.09;10.80;1275;34;3012.00;167
7337;24;5174084;7337;555;8613;8777;4.10;0.25;341.16;10.81;1276;34;3013.00;164
7340;24;5174096;7340;550;8614;8778;4.14;0.25;341.23;10.81;1274;34;3014.00;164
7340;24;5174109;7340;552;8616;8780;4.23;0.26;341.23;10.81;1276;34;3015.00;164
7341;24;5174122;7341;559;8617;8780;4.26;0.26;341.26;10.81;1276;34;3016.00;163
7343;24;5174135;7343;551;8619;8781;4.29;0.26;341.41;10.81;1276;34;3017.00;162
7345;24;5174154;7345;539;8620;8781;4.30;0.26;341.49;10.81;1275;34;3018.00;161
7349;24;5174166;7349;539;8621;8781;4.29;0.26;341.46;10.82;1272;34;3019.00;160
7349;24;5174180;7349;539;8622;8781;4.32;0.26;341.46;10.82;1273;34;3020.00;159
7351;24;5174193;7351;537;8623;8781;4.30;0.26;341.45;10.82;1272;34;3021.00;158
7351;24;5174212;7351;535;8623;8781;4.34;0.26;341.45;10.82;1272;34;3022.00;158
7352;24;5174225;7352;540;8626;8781;4.37;0.27;341.42;10.82;1274;34;3023.00;155
7353;24;5174238;7353;545;8689;8908;4.75;0.29;341.44;10.74;1336;34;3024.00;219
7353;24;5174260;7353;536;8694;8909;4.82;0.30;341.44;10.77;1341;34;3025.00;215
7353;24;5174275;7353;523;8702;8909;4.86;0.30;341.44;10.76;1349;34;3026.00;207
7354;24;5174290;7354;508;8709;8909;4.94;0.31;341.50;10.76;1355;34;3027.00;200
7357;24;5174304;7357;481;8712;8909;5.02;0.31;341.62;10.76;1355;34;3028.00;197
7359;24;5174318;7359;475;8716;8909;5.05;0.31;341.66;10.76;1357;34;3029.00;193
7361;24;5174334;7361;460;8719;8909;5.09;0.31;341.65;10.76;1358;34;3030.00;190
7363;24;5174348;7363;453;8723;8909;5.10;0.31;341.67;10.75;1360;34;3031.00;186
7363;24;5174364;7363;447;8725;8910;5.10;0.31;341.67;10.75;1362;34;3032.00;185
7366;24;5174379;7366;453;8728;8911;5.07;0.31;341.60;10.75;1362;34;3033.00;183
7368;24;5174394;7368;454;8732;8911;5.07;0.31;341.76;10.76;1364;34;3034.00;179
7371;24;5174409;7371;455;8735;8912;5.10;0.31;341.72;10.76;1364;34;3035.00;177
7372;24;5174425;7372;470;8737;8912;5.08;0.31;341.73;10.76;1365;34;3036.00;175
7375;24;5174440;7375;468;8739;8912;5.08;0.31;341.68;10.76;1364;34;3037.00;173
7377;24;5174457;7377;471;8740;8912;5.09;0.31;341.65;10.76;1363;34;3038.00;172
7382;24;5174472;7382;472;8743;8916;5.12;0.31;341.83;10.75;1361;34;3039.00;173
7384;24;5174488;7384;471;8745;8916;5.18;0.32;342.05;10.75;1361;34;3040.00;171
7387;24;5174505;7387;465;8747;8916;5.21;0.32;342.18;10.75;1360;34;3041.00;169
7388;24;5174520;7388;467;8749;8919;5.29;0.32;342.23;10.78;1361;34;3042.00;170
7393;24;5174536;7393;464;8751;8919;5.36;0.33;342.43;10.78;1358;34;3043.00;168
7393;24;5174551;7393;467;8751;8919;5.41;0.33;342.43;10.78;1358;34;3044.00;168
7395;24;5174565;7395;471;8755;8923;5.44;0.33;342.62;10.78;1360;34;3045.00;168
7397;24;5174581;7397;468;8757;8924;5.52;0.34;342.61;10.78;1360;35;3046.00;167
7400;24;5174604;7400;473;8758;8924;5.58;0.34;342.63;10.78;1358;35;3047.00;166
7401;24;5174619;7401;479;8762;8928;5.64;0.34;342.67;10.78;1361;35;3048.00;166
7406;24;5174634;7406;468;8763;8928;5.64;0.34;342.85;10.78;1357;35;3049.00;165
7406;24;5174649;7406;470;8765;8928;5.69;0.35;342.85;10.80;1359;35;3050.00;163
7410;24;5174665;7410;472;8766;8929;5.69;0.35;343.09;10.80;1356;35;3051.00;163
7411;24;5174681;7411;474;8766;8929;5.67;0.35;343.14;10.80;1355;35;3052.00;163
7415;24;5174701;7415;478;8771;8935;5.68;0.35;343.20;10.79;1356;35;3053.00;164
7419;24;5174718;7419;478;8772;8935;5.63;0.34;343.24;10.79;1353;35;3054.00;163
7421;24;5174733;7421;483;8773;8936;5.59;0.34;343.30;10.79;1352;35;3055.00;163
7422;24;5174748;7422;479;8773;8936;5.60;0.34;343.32;10.79;1351;35;3056.00;163
7424;24;5174763;7424;484;8773;8936;5.57;0.34;343.33;10.79;1349;35;3057.00;163
7426;24;5174777;7426;479;8773;8936;5.55;0.34;343.31;10.79;1347;35;3058.00;163
7428;24;5174792;7428;485;8773;8936;5.57;0.34;343.41;10.79;1345;35;3059.00;163
7431;24;5174809;7431;483;8798;8972;5.61;0.34;343.44;10.76;1367;35;3060.00;174
7435;24;5174828;7435;481;8798;8972;5.59;0.34;343.51;10.76;1363;35;3061.00;174
7437;24;5174845;7437;475;8802;8972;5.61;0.34;343.53;10.76;1365;35;3062.00;170
7440;24;5174860;7440;477;8802;8972;5.63;0.34;343.58;10.76;1362;35;3063.00;170
7445;24;5174876;7445;477;8803;8972;5.62;0.34;343.61;10.76;1358;35;3064.00;169
7446;24;5174898;7446;475;8803;8972;5.57;0.34;343.59;10.76;1357;35;3065.00;169
7447;24;5174913;7447;468;8807;8976;5.58;0.34;343.62;10.75;1360;35;3066.00;169
7448;24;5174928;7448;464;8807;8976;5.60;0.34;343.65;10.75;1359;35;3067.00;169
7451;24;5174943;7451;448;8811;8980;5.63;0.34;343.68;10.75;1360;35;3068.00;169
7455;24;5174959;7455;441;8812;8981;5.62;0.34;343.75;10.75;1357;35;3069.00;169
7458;24;5174973;7458;439;8812;8981;5.65;0.34;343.94;10.75;1354;35;3070.00;169
7462;24;5174988;7462;440;8812;8981;5.61;0.34;344.02;10.75;1350;35;3071.00;169
7466;24;5175002;7466;446;8821;8994;5.60;0.34;344.03;10.74;1355;35;3072.00;173
7469;24;5175019;7469;436;8822;8994;5.60;0.34;344.02;10.73;1353;35;3073.00;172
7472;24;5175033;7472;429;8822;8994;5.61;0.34;344.05;10.73;1350;35;3074.00;172
7476;24;5175047;7476;413;8824;8995;5.61;0.34;344.10;10.80;1348;35;3075.00;171
7480;24;5175064;7480;418;8824;8996;5.59;0.34;344.14;10.80;1344;35;3076.00;172
7483;24;5175079;7483;418;8824;8996;5.59;0.34;344.11;10.80;1341;35;3077.00;172
7488;24;5175094;7488;422;8827;8999;5.62;0.34;344.16;10.79;1339;35;3078.00;172
7492;24;5175109;7492;426;8828;8999;5.63;0.34;344.34;10.79;1336;35;3079.00;171
7493;24;5175124;7493;433;8828;8999;5.63;0.34;344.32;10.79;1335;35;3080.00;171
7495;24;5175138;7495;444;8828;8999;5.59;0.34;344.32;10.79;1333;35;3081.00;171
7496;24;5175153;7496;437;8833;9005;5.58;0.34;344.33;10.79;1337;35;3082.00;172
7499;24;5175168;7499;431;8833;9005;5.54;0.34;344.42;10.79;1334;35;3083.00;172
7501;24;5175183;7501;430;8833;9005;5.47;0.33;344.49;10.79;1332;35;3084.00;172
7507;24;5175197;7507;429;8833;9005;5.39;0.33;344.64;10.79;1326;35;3085.00;172
7509;24;5175212;7509;433;8836;9009;5.36;0.33;344.68;10.78;1327;35;3086.00;173
7515;24;5175227;7515;439;8837;9010;5.32;0.32;344.86;10.78;1322;35;3087.00;173
7516;24;5175242;7516;439;8838;9010;5.31;0.32;344.83;10.84;1322;35;3088.00;172
7522;24;5175257;7522;445;8839;9011;5.28;0.32;344.94;10.84;1317;35;3089.00;172
7524;24;5175280;7524;444;8839;9011;5.28;0.32;345.02;10.84;1315;35;3090.00;172
7526;24;5175295;7526;454;8839;9011;5.28;0.32;344.97;10.84;1313;35;3091.00;172
7528;24;5175309;7528;453;8839;9011;5.27;0.32;345.03;10.84;1311;35;3092.00;172
7530;24;5175323;7530;460;8839;9011;5.24;0.32;345.01;10.84;1309;35;3093.00;172
7532;24;5175336;7532;463;8839;9011;5.22;0.32;345.05;10.84;1307;35;3094.00;172
7535;24;5175349;7535;466;8839;9011;5.19;0.32;345.19;10.84;1304;35;3095.00;172
7535;24;5175363;7535;476;8877;9081;5.29;0.32;345.19;10.86;1342;35;3096.00;204
7538;24;5175383;7538;474;8878;9082;5.28;0.32;345.18;10.86;1340;35;3097.00;204
7541;24;5175398;7541;477;8884;9082;5.31;0.32;345.31;10.85;1343;35;3098.00;198
7543;24;5175413;7543;480;8887;9082;5.30;0.32;345.40;10.85;1344;35;3099.00;195
7544;24;5175428;7544;477;8894;9082;5.33;0.33;345.43;10.90;1350;35;3100.00;188
7548;24;5175446;7548;483;8897;9082;5.31;0.32;345.50;10.96;1349;35;3101.00;185
7549;24;5175460;7549;484;8899;9082;5.30;0.32;345.50;10.96;1350;35;3102.00;183
7552;24;5175473;7552;491;8903;9082;5.32;0.33;345.54;11.08;1351;35;3103.00;179
7556;24;5175488;7556;497;8906;9083;5.30;0.32;345.54;11.08;1350;35;3104.00;177
7561;24;5175502;7561;502;8912;9085;5.27;0.32;345.64;11.14;1351;35;3105.00;173
7562;24;5175517;7562;504;8915;9085;5.27;0.32;345.62;11.20;1353;35;3106.00;170
7565;24;5175531;7565;513;8918;9089;5.23;0.32;345.60;11.20;1353;35;3107.00;171
7567;24;5175547;7567;519;8920;9089;5.20;0.32;345.59;11.31;1353;35;3108.00;169
7568;24;5175562;7568;534;8920;9089;5.18;0.32;345.59;11.31;1352;35;3109.00;169
7570;24;5175576;7570;538;8920;9089;5.13;0.31;345.72;11.31;1350;35;3110.00;169
7573;24;5175592;7573;559;8926;9095;5.09;0.31;345.88;11.37;1353;35;3111.00;169
7575;24;5175608;7575;561;8927;9095;5.05;0.31;345.84;11.43;1352;35;3112.00;168
7580;24;5175624;7580;567;8927;9095;4.99;0.31;345.99;11.43;1347;35;3113.00;168
7583;24;5175638;7583;582;8930;9098;4.96;0.30;345.98;11.43;1347;35;3114.00;168
7584;24;5175652;7584;589;8931;9098;4.91;0.30;346.07;11.48;1347;35;3115.00;167
7587;24;5175666;7587;596;8932;9098;4.82;0.29;346.08;11.54;1345;35;3116.00;166
7588;24;5175680;7588;599;8932;9099;4.76;0.29;346.06;11.54;1344;35;3117.00;167
7591;24;5175695;7591;606;8933;9100;4.70;0.29;346.14;11.54;1342;35;3118.00;167
7592;24;5175708;7592;608;8933;9100;4.65;0.29;346.25;11.54;1341;35;3119.00;167
7595;24;5175723;7595;604;8950;9126;4.67;0.29;346.32;11.52;1355;35;3120.00;176
7596;24;5175738;7596;605;8952;9126;4.66;0.29;346.29;11.51;1356;35;3121.00;174
7598;24;5175752;7598;601;8955;9126;4.67;0.29;346.34;11.51;1357;35;3122.00;171
7601;24;5175765;7601;604;8956;9127;4.61;0.28;346.34;11.51;1355;35;3123.00;171
7603;24;5175779;7603;604;8956;9127;4.54;0.28;346.36;11.51;1353;35;3124.00;171
7605;24;5175792;7605;611;8960;9131;4.52;0.28;346.44;11.50;1355;35;3125.00;171
7608;24;5175805;7608;608;8960;9131;4.48;0.27;346.38;11.50;1352;35;3126.00;171
7612;24;5175818;7612;609;8963;9135;4.40;0.27;346.44;11.50;1351;35;3127.00;172
7615;24;5175831;7615;610;8963;9135;4.31;0.26;346.53;11.50;1348;35;3128.00;172
7616;24;5175844;7616;609;8963;9135;4.27;0.26;346.56;11.50;1347;35;3129.00;172
7618;24;5175857;7618;614;8963;9135;4.21;0.26;346.49;11.50;1345;35;3130.00;172
7623;24;5175869;7623;618;8963;9135;4.13;0.25;346.50;11.50;1340;35;3131.00;172
7625;24;5175882;7625;622;8973;9147;4.17;0.25;346.50;11.49;1348;35;3132.00;174
7627;24;5175895;7627;626;8973;9147;4.16;0.25;346.52;11.49;1346;35;3133.00;174
7633;24;5175907;7633;629;8974;9147;4.08;0.25;346.50;11.49;1341;35;3134.00;173
7634;24;5175920;7634;615;8974;9147;4.02;0.25;346.49;11.49;1340;35;3135.00;173
7642;24;5175932;7642;608;8974;9147;3.90;0.24;346.38;11.49;1332;35;3136.00;173
7643;24;5175945;7643;612;8974;9147;3.88;0.24;346.43;11.49;1331;35;3137.00;173
7647;24;5175957;7647;612;8974;9148;3.85;0.24;346.50;11.49;1327;35;3138.00;174
7648;24;5175971;7648;613;8974;9148;3.89;0.24;346.52;11.49;1326;35;3139.00;174
7653;24;5175987;7653;609;8979;9154;3.92;0.24;346.68;11.48;1326;35;3140.00;175
7657;24;5176003;7657;610;8980;9155;3.92;0.24;346.60;11.48;1323;35;3141.00;175
7660;24;5176017;7660;603;8980;9155;3.92;0.24;346.56;11.48;1320;35;3142.00;175
7661;24;5176031;7661;601;8980;9155;3.94;0.24;346.59;11.48;1319;35;3143.00;175
7663;24;5176045;7663;602;8983;9159;3.95;0.24;346.61;11.48;1320;35;3144.00;176
7668;24;5176059;7668;605;8983;9159;3.89;0.24;346.53;11.48;1315;35;3145.00;176
7670;24;5176074;7670;602;8983;9159;3.86;0.24;346.51;11.48;1313;35;3146.00;176
7672;24;5176089;7672;597;8984;9160;3.85;0.24;346.47;11.47;1312;35;3147.00;176
7675;24;5176104;7675;598;8987;9164;3.88;0.24;346.42;11.47;1312;35;3148.00;177
7676;24;5176118;7676;589;8987;9164;3.92;0.24;346.38;11.47;1311;35;3149.00;177
7681;24;5176134;7681;579;8992;9170;3.94;0.24;346.35;11.47;1311;35;3150.00;178
7682;24;5176149;7682;582;8992;9170;3.96;0.24;346.41;11.47;1310;35;3151.00;178
7684;24;5176164;7684;581;8993;9170;4.01;0.25;346.37;11.46;1309;35;3152.00;177
7690;24;5176178;7690;576;8993;9170;3.99;0.24;346.28;11.46;1303;35;3153.00;177
7692;24;5176193;7692;562;8997;9174;4.04;0.25;346.25;11.46;1305;35;3154.00;177
7695;24;5176208;7695;545;8997;9174;4.05;0.25;346.26;11.46;1302;35;3155.00;177
7702;24;5176224;7702;541;8997;9174;4.03;0.25;346.19;11.46;1295;35;3156.00;177
7702;24;5176239;7702;526;8997;9174;4.10;0.25;346.19;11.46;1295;35;3157.00;177
7708;24;5176253;7708;526;8997;9175;4.08;0.25;346.32;11.46;1289;35;3158.00;178
7709;24;5176268;7709;515;8998;9176;4.10;0.25;346.30;11.46;1289;35;3159.00;178
7711;24;5176284;7711;521;8998;9176;4.13;0.25;346.32;11.46;1287;35;3160.00;178
7716;24;5176304;7716;514;8999;9177;4.15;0.25;346.38;11.46;1283;35;3161.00;178
7716;24;5176319;7716;512;8999;9177;4.21;0.26;346.38;11.46;1283;35;3162.00;178
7720;24;5176333;7720;521;8999;9177;4.20;0.26;346.32;11.46;1279;35;3163.00;178
7722;24;5176349;7722;518;8999;9177;4.22;0.26;346.34;11.46;1277;35;3164.00;178
7722;24;5176363;7722;513;8999;9177;4.29;0.26;346.34;11.46;1277;35;3165.00;178
7724;24;5176376;7724;510;8999;9177;4.31;0.26;346.35;11.46;1275;35;3166.00;178
7727;24;5176390;7727;509;8999;9177;4.31;0.26;346.32;11.46;1272;35;3167.00;178
7732;24;5176405;7732;522;9070;9304;4.65;0.29;346.34;11.40;1338;35;3168.00;234
7735;24;5176430;7735;522;9073;9305;4.65;0.29;346.35;11.40;1338;35;3169.00;232
7740;24;5176449;7740;520;9078;9305;4.69;0.29;346.47;11.39;1338;35;3170.00;227
7741;24;5176464;7741;522;9083;9305;4.78;0.29;346.43;11.39;1342;35;3171.00;222
7743;24;5176480;7743;511;9088;9305;4.79;0.29;346.51;11.38;1345;35;3172.00;217
7747;24;5176495;7747;511;9091;9305;4.82;0.30;346.59;11.38;1344;35;3173.00;214
7749;24;5176512;7749;515;9094;9305;4.83;0.30;346.68;11.38;1345;35;3174.00;211
7751;24;5176528;7751;517;9096;9305;4.83;0.30;346.67;11.38;1345;35;3175.00;209
7756;24;5176545;7756;511;9097;9306;4.77;0.29;346.70;11.38;1341;35;3176.00;209
7759;24;5176562;7759;512;9100;9307;4.74;0.29;346.77;11.38;1341;35;3177.00;207
7763;24;5176578;7763;509;9102;9307;4.69;0.29;346.88;11.38;1339;35;3178.00;205
7764;24;5176595;7764;519;9104;9308;4.63;0.28;346.89;11.38;1340;35;3179.00;204
7771;24;5176614;7771;514;9106;9308;4.58;0.28;347.06;11.38;1335;35;3180.00;202
7774;24;5176631;7774;521;9107;9308;4.59;0.28;347.00;11.38;1333;35;3181.00;201
7777;24;5176647;7777;514;9108;9308;4.59;0.28;347.20;11.38;1331;35;3182.00;200
7778;24;5176665;7778;511;9114;9312;4.62;0.28;347.17;11.37;1336;35;3183.00;198
7783;24;5176681;7783;510;9117;9312;4.64;0.28;347.23;11.37;1334;35;3184.00;195
7787;24;5176699;7787;508;9118;9312;4.67;0.29;347.47;11.38;1331;35;3185.00;194
7789;24;5176715;7789;515;9120;9315;4.70;0.29;347.54;11.37;1331;35;3186.00;195
7792;24;5176733;7792;514;9121;9315;4.73;0.29;347.64;11.37;1329;35;3187.00;194
7795;24;5176751;7795;515;9122;9315;4.70;0.29;347.79;11.38;1327;35;3188.00;193
7798;24;5176776;7798;527;9127;9319;4.73;0.29;347.83;11.41;1329;35;3189.00;192
7803;24;5176792;7803;522;9128;9320;4.71;0.29;347.93;11.40;1325;35;3190.00;192
7806;24;5176809;7806;516;9132;9322;4.72;0.29;347.94;11.40;1326;35;3191.00;190
7808;24;5176826;7808;511;9135;9326;4.75;0.29;348.07;11.40;1327;35;3192.00;191
7811;24;5176842;7811;506;9137;9326;4.76;0.29;348.20;11.40;1326;35;3193.00;189
7814;24;5176858;7814;504;9138;9326;4.77;0.29;348.34;11.43;1324;35;3194.00;188
7816;24;5176874;7816;500;9140;9328;4.79;0.29;348.55;11.43;1324;35;3195.00;188
7817;24;5176890;7817;499;9140;9328;4.75;0.29;348.55;11.43;1323;35;3196.00;188
7818;24;5176906;7818;502;9146;9334;4.75;0.29;348.59;11.46;1328;35;3197.00;188
7820;24;5176922;7820;505;9146;9334;4.77;0.29;348.63;11.46;1326;35;3198.00;188
7822;24;5176939;7822;492;9146;9335;4.80;0.29;348.67;11.46;1324;35;3199.00;189
7823;24;5176956;7823;491;9146;9335;4.83;0.29;348.72;11.46;1323;35;3200.00;189
7826;24;5176977;7826;487;9147;9335;4.85;0.30;348.86;11.49;1321;35;3201.00;188
7828;24;5176995;7828;480;9147;9335;4.88;0.30;348.90;11.49;1319;35;3202.00;188
7830;24;5177013;7830;475;9147;9335;4.89;0.30;348.92;11.49;1317;35;3203.00;188
7834;24;5177029;7834;470;9157;9347;4.93;0.30;349.00;11.48;1323;35;3204.00;190
7835;24;5177047;7835;477;9157;9347;4.96;0.30;348.98;11.48;1322;35;3205.00;190
7837;24;5177064;7837;477;9158;9347;5.01;0.30;348.99;11.48;1321;35;3206.00;189
7841;24;5177081;7841;476;9158;9347;5.07;0.31;349.04;11.48;1317;35;3207.00;189
7844;24;5177099;7844;475;9158;9347;5.09;0.31;349.15;11.48;1314;35;3208.00;189
7846;24;5177116;7846;473;9158;9347;5.13;0.31;349.20;11.48;1312;35;3209.00;189
7851;24;5177135;7851;472;9161;9351;5.17;0.31;349.40;11.47;1310;35;3210.00;190
7853;24;5177153;7853;470;9161;9351;5.19;0.31;349.41;11.47;1308;35;3211.00;190
7854;24;5177171;7854;469;9165;9355;5.26;0.32;349.51;11.47;1311;35;3212.00;190
7858;24;5177187;7858;469;9166;9356;5.32;0.32;349.63;11.47;1308;35;3213.00;190
7861;24;5177204;7861;471;9166;9356;5.32;0.32;349.70;11.47;1305;35;3214.00;190
7864;24;5177220;7864;477;9167;9356;5.34;0.32;349.71;11.50;1303;35;3215.00;189
7866;24;5177237;7866;486;9178;9369;5.40;0.33;349.73;11.49;1312;35;3216.00;191
7866;24;5177261;7866;489;9178;9369;5.42;0.33;349.73;11.49;1312;35;3217.00;191
7868;24;5177278;7868;488;9178;9369;5.38;0.33;349.70;11.49;1310;35;3218.00;191
7870;24;5177295;7870;489;9179;9370;5.38;0.33;349.80;11.49;1309;35;3219.00;191
7871;24;5177311;7871;491;9180;9371;5.34;0.32;349.87;11.52;1309;35;3220.00;191
7875;24;5177329;7875;490;9180;9371;5.27;0.32;349.97;11.52;1305;35;3221.00;191
7876;24;5177345;7876;491;9182;9374;5.24;0.32;350.06;11.52;1306;35;3222.00;192
7877;24;5177361;7877;494;9182;9374;5.17;0.31;350.04;11.52;1305;35;3223.00;192
7879;24;5177378;7879;499;9183;9374;5.12;0.31;350.14;11.52;1304;35;3224.00;191
7879;24;5177394;7879;488;9183;9374;5.09;0.31;350.14;11.52;1304;35;3225.00;191
7879;24;5177410;7879;479;9188;9380;5.08;0.31;350.14;11.52;1309;35;3226.00;192
7879;24;5177426;7879;478;9188;9380;5.10;0.31;350.14;11.52;1309;35;3227.00;192
7880;24;5177441;7880;469;9188;9380;5.12;0.31;350.17;11.52;1308;35;3228.00;192
7882;24;5177457;7882;462;9188;9380;5.10;0.31;350.16;11.52;1306;35;3229.00;192
7883;24;5177472;7883;460;9191;9384;5.11;0.31;350.20;11.51;1308;35;3230.00;193
7886;24;5177488;7886;454;9192;9385;5.11;0.31;350.29;11.51;1306;35;3231.00;193
7889;24;5177503;7889;442;9193;9385;5.10;0.31;350.45;11.55;1304;35;3232.00;192
7889;24;5177521;7889;438;9194;9386;5.16;0.31;350.45;11.55;1305;35;3233.00;192
7895;24;5177537;7895;440;9194;9386;5.14;0.31;350.53;11.55;1299;35;3234.00;192
7898;24;5177554;7898;436;9194;9386;5.16;0.31;350.67;11.55;1296;35;3235.00;192
7901;24;5177571;7901;434;9194;9386;5.18;0.32;350.61;11.55;1293;35;3236.00;192
7902;24;5177594;7902;423;9194;9386;5.20;0.32;350.63;11.55;1292;35;3237.00;192
7904;24;5177629;7904;426;9194;9386;5.19;0.32;350.64;11.55;1290;35;3238.00;192
7905;24;5177655;7905;421;9194;9386;5.15;0.32;350.61;11.55;1289;35;3239.00;192
7912;24;5177677;7912;429;9253;9511;5.25;0.32;350.83;11.55;1341;35;3240.00;258
7915;24;5177709;7915;422;9255;9512;5.21;0.32;350.86;11.54;1340;35;3241.00;257
7924;24;5177727;7924;427;9264;9512;5.16;0.32;351.21;11.54;1340;35;3242.00;248
7927;24;5177744;7927;430;9265;9512;5.06;0.31;351.35;11.53;1338;35;3243.00;247
7930;24;5177769;7930;436;9272;9512;5.07;0.31;351.35;11.53;1342;35;3244.00;240
7932;24;5177785;7932;433;9276;9512;5.12;0.31;351.49;11.53;1344;35;3245.00;236
7936;24;5177802;7936;437;9281;9512;5.13;0.31;351.74;11.52;1345;35;3246.00;231
7937;24;5177819;7937;438;9285;9512;5.16;0.32;351.78;11.52;1348;35;3247.00;227
7939;24;5177840;7939;443;9293;9513;5.15;0.32;351.87;11.56;1354;35;3248.00;220
7940;24;5177857;7940;447;9296;9514;5.10;0.31;351.87;11.56;1356;35;3249.00;218
7942;24;5177875;7942;448;9301;9514;5.07;0.31;351.98;11.55;1359;35;3250.00;213
7945;24;5177893;7945;449;9305;9518;5.04;0.31;352.07;11.55;1360;35;3251.00;213
7947;24;5177909;7947;450;9306;9518;5.02;0.31;352.09;11.55;1359;35;3252.00;212
7950;24;5177923;7950;451;9306;9518;5.01;0.31;352.20;11.55;1356;35;3253.00;212
7954;24;5177938;7954;461;9306;9518;4.96;0.30;352.32;11.55;1352;35;3254.00;212
7955;24;5177973;7955;466;9311;9524;4.98;0.31;352.32;11.54;1356;35;3255.00;213
7961;24;5178001;7961;473;9311;9524;4.95;0.30;352.43;11.54;1350;35;3256.00;213
7963;24;5178018;7963;470;9311;9524;4.94;0.30;352.41;11.54;1348;35;3257.00;213
7964;24;5178034;7964;480;9313;9527;4.92;0.30;352.38;11.54;1349;35;3258.00;214
7968;24;5178050;7968;481;9313;9527;4.85;0.30;352.41;11.54;1345;35;3259.00;214
7969;24;5178065;7969;488;9313;9527;4.83;0.30;352.41;11.54;1344;35;3260.00;214
7971;24;5178080;7971;479;9314;9528;4.79;0.29;352.45;11.54;1343;35;3261.00;214
7977;24;5178094;7977;490;9316;9529;4.74;0.29;352.55;11.61;1339;35;3262.00;213
7979;24;5178111;7979;504;9316;9529;4.71;0.29;352.54;11.61;1337;35;3263.00;213
7980;24;5178126;7980;505;9325;9542;4.72;0.29;352.53;11.60;1345;35;3264.00;217
7980;24;5178146;7980;510;9326;9542;4.72;0.29;352.53;11.68;1346;35;3265.00;216
7984;24;5178165;7984;511;9327;9542;4.76;0.29;352.58;11.68;1343;35;3266.00;215
7986;24;5178180;7986;517;9328;9543;4.76;0.29;352.53;11.68;1342;35;3267.00;215
7990;24;5178197;7990;522;9330;9543;4.73;0.29;352.60;11.75;1340;35;3268.00;213
7992;24;5178212;7992;525;9333;9547;4.74;0.29;352.56;11.74;1341;35;3269.00;214
7996;24;5178229;7996;533;9333;9547;4.67;0.29;352.54;11.74;1337;35;3270.00;214
7999;24;5178245;7999;527;9338;9551;4.63;0.29;352.47;11.81;1339;35;3271.00;213
8000;24;5178263;8000;531;9338;9551;4.62;0.28;352.49;11.81;1338;35;3272.00;213
8000;24;5178282;8000;537;9338;9551;4.60;0.28;352.49;11.81;1338;35;3273.00;213
8004;24;5178298;8004;546;9339;9551;4.54;0.28;352.50;11.89;1335;35;3274.00;212
8006;24;5178314;8006;549;9339;9551;4.50;0.28;352.47;11.89;1333;35;3275.00;212
8011;24;5178330;8011;550;9350;9563;4.51;0.28;352.51;11.95;1339;35;3276.00;213
8014;24;5178347;8014;553;9350;9563;4.44;0.27;352.48;11.95;1336;35;3277.00;213
8018;24;5178361;8018;567;9352;9563;4.40;0.27;352.47;12.02;1334;35;3278.00;211
8018;24;5178376;8018;577;9352;9563;4.36;0.27;352.47;12.02;1334;35;3279.00;211
8020;24;5178391;8020;587;9353;9563;4.31;0.27;352.40;12.09;1333;35;3280.00;210
8022;24;5178405;8022;585;9353;9563;4.23;0.26;352.37;12.09;1331;35;3281.00;210
8023;24;5178419;8023;600;9353;9564;4.17;0.26;352.34;12.09;1330;35;3282.00;211
8026;24;5178433;8026;608;9355;9564;4.06;0.25;352.31;12.23;1329;35;3283.00;209
8028;25;5178448;8028;610;9361;9570;4.04;0.25;352.24;12.30;1333;36;3284.00;209
8029;25;5178482;8029;609;9364;9572;4.00;0.25;352.21;12.37;1335;36;3285.00;208
8031;25;5178497;8031;606;9364;9572;3.95;0.24;352.24;12.37;1333;36;3286.00;208
8031;25;5178510;8031;603;9364;9572;3.94;0.24;352.24;12.37;1333;37;3287.00;208
8031;25;5178530;8031;603;9369;9576;3.97;0.24;352.24;12.51;1338;37;3288.00;207
8034;25;5178544;8034;598;9370;9576;3.94;0.24;352.17;12.58;1336;37;3289.00;206
8038;25;5178566;8038;610;9371;9576;3.91;0.24;352.13;12.65;1333;37;3290.00;205
8038;25;5178583;8038;611;9372;9577;3.93;0.24;352.13;12.65;1334;37;3291.00;205
8039;25;5178601;8039;612;9375;9581;3.91;0.24;352.09;12.64;1336;37;3292.00;206
8040;25;5178616;8040;609;9377;9581;3.88;0.24;352.06;12.78;1337;37;3293.00;204
8041;25;5178635;8041;616;9379;9584;3.94;0.24;352.02;12.78;1338;37;3294.00;205
8042;25;5178650;8042;608;9381;9584;3.93;0.24;352.02;12.91;1339;37;3295.00;203
8043;25;5178668;8043;610;9382;9584;3.91;0.24;352.05;12.91;1339;37;3296.00;202
8047;25;5178682;8047;611;9382;9584;3.83;0.23;352.03;12.91;1335;37;3297.00;202
8050;25;5178696;8050;606;9386;9588;3.78;0.23;352.00;12.91;1336;37;3298.00;202
8052;25;5178711;8052;615;9388;9588;3.70;0.23;351.99;13.04;1336;37;3299.00;200
8054;25;5178733;8054;618;9394;9607;3.62;0.22;352.03;13.10;1340;37;3300.00;213
8056;25;5178766;8056;585;9394;9607;3.63;0.22;352.06;13.10;1338;37;3301.00;213
8060;25;5178793;8060;575;9394;9608;3.61;0.22;352.09;13.10;1334;37;3302.00;214
8065;25;5178820;8065;556;9398;9609;3.62;0.22;351.97;13.29;1333;37;3303.00;211
8068;25;5178837;8068;556;9398;9609;3.66;0.22;351.95;13.29;1330;37;3304.00;211
8070;25;5178851;8070;555;9401;9610;3.72;0.23;351.96;13.42;1331;37;3305.00;209
8071;25;5178867;8071;552;9403;9610;3.77;0.23;351.92;13.42;1332;37;3306.00;207
8073;25;5178886;8073;544;9403;9610;3.81;0.23;351.90;13.42;1330;37;3307.00;207
8073;25;5178914;8073;548;9403;9610;3.88;0.24;351.90;13.42;1330;37;3308.00;207
8075;25;5178936;8075;540;9403;9610;3.91;0.24;351.91;13.42;1328;37;3309.00;207
8076;25;5178954;8076;539;9403;9610;3.99;0.24;351.93;13.42;1327;37;3310.00;207
8078;25;5178968;8078;540;9403;9610;4.01;0.25;351.95;13.42;1325;37;3311.00;207
8079;25;5178983;8079;538;9468;9737;4.39;0.27;351.93;13.33;1389;37;3312.00;269
8082;25;5179023;8082;527;9471;9738;4.39;0.27;351.97;13.33;1389;37;3313.00;267
8086;25;5179042;8086;522;9479;9738;4.44;0.28;351.93;13.32;1393;37;3314.00;259
8089;25;5179058;8089;516;9482;9738;4.44;0.28;351.93;13.32;1393;37;3315.00;256
8092;25;5179073;8092;518;9488;9738;4.44;0.28;351.91;13.31;1396;37;3316.00;250
8095;25;5179088;8095;508;9489;9738;4.46;0.28;351.89;13.31;1394;37;3317.00;249
8098;25;5179104;8098;512;9495;9738;4.47;0.28;351.93;13.31;1397;37;3318.00;243
8099;25;5179121;8099;505;9498;9738;4.49;0.28;351.92;13.30;1399;37;3319.00;240
8104;25;5179136;8104;508;9501;9739;4.50;0.28;351.87;13.30;1397;37;3320.00;238
8107;25;5179154;8107;506;9505;9740;4.55;0.28;351.84;13.30;1398;37;3321.00;235
8111;25;5179169;8111;512;9508;9740;4.55;0.28;351.81;13.30;1397;37;3322.00;232
8116;25;5179183;8116;515;9511;9741;4.53;0.28;351.74;13.30;1395;37;3323.00;230
8120;25;5179199;8120;523;9513;9741;4.52;0.28;351.86;13.30;1393;37;3324.00;228
8122;25;5179214;8122;507;9515;9741;4.53;0.28;351.99;13.30;1393;37;3325.00;226
8127;25;5179229;8127;508;9519;9741;4.50;0.28;352.08;13.30;1392;37;3326.00;222
8133;25;5179244;8133;512;9522;9745;4.40;0.27;351.94;13.34;1389;37;3327.00;223
8136;25;5179260;8136;512;9523;9745;4.35;0.27;352.10;13.35;1387;37;3328.00;222
8140;25;5179276;8140;514;9525;9745;4.30;0.26;352.22;13.35;1385;37;3329.00;220
8145;25;5179293;8145;512;9528;9751;4.32;0.26;352.33;13.35;1383;37;3330.00;223
8147;25;5179308;8147;505;9528;9751;4.35;0.27;352.37;13.35;1381;37;3331.00;223
8154;25;5179325;8154;510;9530;9751;4.35;0.26;352.64;13.35;1376;37;3332.00;221
8157;25;5179340;8157;508;9533;9755;4.40;0.27;352.77;13.34;1376;37;3333.00;222
8162;25;5179355;8162;512;9536;9756;4.40;0.27;352.91;13.34;1374;37;3334.00;220
8166;25;5179370;8166;521;9537;9756;4.38;0.27;353.04;13.35;1371;37;3335.00;219
8169;25;5179387;8169;523;9540;9760;4.41;0.27;353.08;13.34;1371;37;3336.00;220
8172;25;5179403;8172;526;9541;9760;4.43;0.27;353.18;13.34;1369;37;3337.00;219
8175;25;5179419;8175;527;9543;9760;4.45;0.27;353.20;13.34;1368;37;3338.00;217
8177;25;5179435;8177;530;9546;9761;4.45;0.27;353.20;13.39;1369;37;3339.00;215
8179;25;5179454;8179;526;9548;9761;4.43;0.27;353.22;13.39;1369;37;3340.00;213
8185;25;5179474;8185;532;9554;9767;4.35;0.26;353.29;13.39;1369;37;3341.00;213
8186;25;5179491;8186;525;9554;9767;4.35;0.26;353.30;13.39;1368;37;3342.00;213
8189;25;5179506;8189;526;9556;9768;4.32;0.26;353.35;13.39;1367;37;3343.00;212
8192;25;5179521;8192;523;9557;9768;4.30;0.26;353.39;13.39;1365;37;3344.00;211
8194;25;5179539;8194;528;9557;9768;4.27;0.26;353.51;13.39;1363;37;3345.00;211
8197;25;5179557;8197;530;9558;9768;4.24;0.26;353.52;13.39;1361;37;3346.00;210
8200;25;5179583;8200;526;9558;9768;4.25;0.26;353.58;13.39;1358;37;3347.00;210
8203;25;5179610;8203;528;9569;9780;4.26;0.26;353.64;13.37;1366;37;3348.00;211
8206;25;5179649;8206;520;9569;9780;4.26;0.26;353.67;13.37;1363;37;3349.00;211
8208;25;5179674;8208;515;9569;9780;4.27;0.26;353.74;13.37;1361;37;3350.00;211
8212;25;5179695;8212;514;9569;9780;4.26;0.26;353.88;13.37;1357;37;3351.00;211
8213;25;5179715;8213;501;9569;9780;4.29;0.26;353.92;13.37;1356;37;3352.00;211
8215;25;5179732;8215;500;9569;9780;4.34;0.26;353.92;13.37;1354;37;3353.00;211
8216;25;5179752;8216;507;9572;9784;4.42;0.27;353.90;13.37;1356;37;3354.00;212
8220;25;5179778;8220;508;9572;9784;4.45;0.27;353.98;13.37;1352;37;3355.00;212
8224;25;5179797;8224;500;9576;9788;4.45;0.27;354.06;13.36;1352;37;3356.00;212
8227;25;5179824;8227;497;9577;9789;4.49;0.27;354.04;13.36;1350;37;3357.00;212
8228;25;5179844;8228;492;9577;9789;4.52;0.27;354.15;13.36;1349;37;3358.00;212
8230;25;5179863;8230;487;9577;9789;4.55;0.28;354.27;13.36;1347;37;3359.00;212
8231;25;5179883;8231;497;9601;9818;4.64;0.28;354.37;13.33;1370;37;3360.00;217
8234;25;5179907;8234;485;9601;9818;4.73;0.29;354.54;13.33;1367;37;3361.00;217
8236;25;5179929;8236;473;9602;9818;4.74;0.29;354.76;13.33;1366;37;3362.00;216
8239;25;5179951;8239;468;9603;9819;4.77;0.29;354.86;13.33;1364;37;3363.00;216
8241;25;5179971;8241;466;9603;9820;4.79;0.29;354.99;13.33;1362;37;3364.00;217
8244;25;5179991;8244;467;9603;9820;4.79;0.29;355.08;13.33;1359;37;3365.00;217
8248;25;5180010;8248;468;9605;9823;4.80;0.29;355.28;13.32;1357;37;3366.00;218
8252;25;5180048;8252;473;9606;9823;4.82;0.29;355.33;13.32;1354;37;3367.00;217
8256;25;5180080;8256;472;9606;9823;4.82;0.29;355.37;13.32;1350;37;3368.00;217
8258;25;5180114;8258;475;9606;9823;4.86;0.30;355.40;13.32;1348;37;3369.00;217
8263;25;5180143;8263;474;9611;9829;4.87;0.30;355.44;13.32;1348;37;3370.00;218
8267;25;5180169;8267;476;9611;9829;4.89;0.30;355.51;13.32;1344;37;3371.00;218
8268;25;5180193;8268;470;9611;9829;4.89;0.30;355.55;13.32;1343;37;3372.00;218
8270;25;5180220;8270;466;9611;9829;4.87;0.30;355.55;13.32;1341;37;3373.00;218
8273;25;5180247;8273;474;9614;9833;4.86;0.30;355.61;13.31;1341;37;3374.00;219
8279;25;5180273;8279;474;9616;9835;4.86;0.30;355.73;13.31;1337;37;3375.00;219
8283;25;5180297;8283;476;9616;9835;4.88;0.30;355.71;13.31;1333;37;3376.00;219
8283;25;5180320;8283;477;9617;9836;4.93;0.30;355.71;13.31;1334;37;3377.00;219
8285;25;5180343;8285;477;9617;9836;4.92;0.30;355.75;13.31;1332;37;3378.00;219
8288;25;5180359;8288;481;9617;9836;4.86;0.30;355.83;13.31;1329;37;3379.00;219
8290;25;5180378;8290;481;9618;9836;4.83;0.29;355.91;13.36;1328;37;3380.00;218
8292;26;5180395;8292;489;9618;9836;4.79;0.29;356.07;13.36;1326;38;3381.00;218
8292;26;5180431;8292;493;9618;9836;4.76;0.29;356.07;13.36;1326;38;3382.00;218
8296;26;5180464;8296;496;9618;9836;4.74;0.29;356.09;13.36;1322;38;3383.00;218
8297;26;5180482;8297;505;9656;9906;4.79;0.29;356.16;13.31;1359;38;3384.00;250
8297;26;5180510;8297;513;9656;9907;4.85;0.30;356.16;13.31;1359;38;3385.00;251
8299;26;5180529;8299;505;9661;9907;4.91;0.30;356.17;13.30;1362;38;3386.00;246
8300;26;5180549;8300;506;9663;9907;4.92;0.30;356.17;13.30;1363;38;3387.00;244
8300;26;5180571;8300;513;9666;9907;4.97;0.30;356.17;13.30;1366;38;3388.00;241
8304;26;5180592;8304;524;9669;9907;4.92;0.30;356.41;13.29;1365;38;3389.00;238
8305;26;5180612;8305;526;9672;9907;4.93;0.30;356.38;13.29;1367;38;3390.00;235
8306;26;5180632;8306;529;9675;9907;4.91;0.30;356.36;13.29;1369;38;3391.00;232
8309;26;5180656;8309;514;9676;9908;4.91;0.30;356.42;13.29;1367;38;3392.00;232
8311;26;5180679;8311;516;9678;9909;4.92;0.30;356.40;13.29;1367;38;3393.00;231
8311;26;5180699;8311;514;9679;9909;4.91;0.30;356.40;13.29;1368;38;3394.00;230
8311;26;5180726;8311;507;9682;9913;4.94;0.30;356.40;13.28;1371;38;3395.00;231
8313;26;5180747;8313;512;9683;9913;4.92;0.30;356.50;13.28;1370;38;3396.00;230
8314;26;5180769;8314;500;9683;9913;4.92;0.30;356.55;13.28;1369;38;3397.00;230
8315;26;5180788;8315;490;9684;9913;4.97;0.30;356.59;13.28;1369;38;3398.00;229
8317;26;5180809;8317;491;9691;9919;4.98;0.30;356.58;13.28;1374;38;3399.00;228
8320;26;5180833;8320;494;9691;9919;4.97;0.30;356.71;13.28;1371;38;3400.00;228
8320;26;5180852;8320;485;9691;9919;4.98;0.30;356.71;13.28;1371;38;3401.00;228
8322;26;5180868;8322;491;9694;9922;4.97;0.30;356.77;13.28;1372;38;3402.00;228
8325;26;5180883;8325;494;9695;9922;4.93;0.30;356.86;13.27;1370;38;3403.00;227
8326;26;5180899;8326;497;9696;9922;4.94;0.30;356.86;13.27;1370;38;3404.00;226
8329;26;5180915;8329;494;9698;9923;4.89;0.30;356.87;13.42;1369;38;3405.00;225
8337;26;5180934;8337;489;9699;9924;4.86;0.30;356.94;13.42;1362;38;3406.00;225
8340;26;5180951;8340;494;9699;9924;4.88;0.30;357.01;13.42;1359;38;3407.00;225
8344;26;5180967;8344;497;9709;9937;4.83;0.29;357.19;13.40;1365;38;3408.00;228
8345;26;5180990;8345;502;9709;9937;4.81;0.29;357.15;13.40;1364;38;3409.00;228
8346;26;5181009;8346;504;9709;9937;4.80;0.29;357.17;13.40;1363;38;3410.00;228
8347;26;5181024;8347;513;9710;9938;4.78;0.29;357.24;13.40;1363;38;3411.00;228
8350;26;5181040;8350;515;9711;9938;4.77;0.29;357.32;13.40;1361;38;3412.00;227
8350;26;5181059;8350;521;9714;9942;4.81;0.29;357.32;13.40;1364;38;3413.00;228
8354;26;5181075;8354;524;9714;9942;4.78;0.29;357.35;13.40;1360;38;3414.00;228
8357;26;5181091;8357;522;9719;9946;4.73;0.29;357.26;13.47;1362;38;3415.00;227
8358;26;5181108;8358;530;9720;9946;4.66;0.29;357.26;13.46;1362;38;3416.00;226
8359;26;5181124;8359;522;9720;9946;4.57;0.28;357.28;13.46;1361;38;3417.00;226
8361;26;5181139;8361;528;9720;9946;4.49;0.28;357.25;13.46;1359;38;3418.00;226
8366;26;5181155;8366;533;9720;9946;4.43;0.27;357.12;13.46;1354;38;3419.00;226
8367;26;5181178;8367;535;9744;9980;4.47;0.28;357.13;13.43;1377;38;3420.00;236
8370;26;5181199;8370;533;9746;9980;4.40;0.27;357.11;13.43;1376;38;3421.00;234
8372;26;5181216;8372;537;9748;9980;4.39;0.27;357.14;13.43;1376;38;3422.00;232
8375;26;5181233;8375;539;9748;9980;4.36;0.27;357.17;13.43;1373;38;3423.00;232
8378;26;5181250;8378;540;9749;9980;4.28;0.26;357.07;13.43;1371;38;3424.00;231
8380;26;5181267;8380;557;9749;9980;4.25;0.26;357.06;13.43;1369;38;3425.00;231
8381;26;5181286;8381;554;9749;9981;4.21;0.26;357.09;13.43;1368;38;3426.00;232
8385;26;5181303;8385;571;9749;9981;4.15;0.25;357.12;13.43;1364;38;3427.00;232
8387;26;5181319;8387;576;9754;9987;4.14;0.25;357.06;13.42;1367;38;3428.00;233
8387;26;5181336;8387;582;9754;9988;4.08;0.25;357.06;13.42;1367;38;3429.00;234
8390;26;5181352;8390;588;9757;9988;4.03;0.25;357.06;13.56;1367;38;3430.00;231
8395;26;5181369;8395;591;9757;9988;3.96;0.24;357.09;13.56;1362;38;3431.00;231
8398;26;5181385;8398;597;9761;9992;3.94;0.24;357.04;13.63;1363;38;3432.00;231
8398;26;5181402;8398;606;9762;9992;3.90;0.24;357.04;13.71;1364;38;3433.00;230
8400;26;5181417;8400;605;9762;9992;3.84;0.24;357.05;13.71;1362;38;3434.00;230
8401;26;5181433;8401;613;9763;9993;3.81;0.23;357.04;13.70;1362;38;3435.00;230
8401;26;5181448;8401;624;9768;9997;3.78;0.23;357.04;13.85;1367;38;3436.00;229
8404;26;5181470;8404;625;9768;9997;3.74;0.23;357.05;13.85;1364;38;3437.00;229
8407;26;5181487;8407;629;9771;10000;3.72;0.23;356.99;13.92;1364;38;3438.00;229
8410;26;5181502;8410;632;9772;10000;3.65;0.22;356.93;13.99;1362;38;3439.00;228
8411;26;5181518;8411;634;9773;10000;3.64;0.22;356.95;13.98;1362;38;3440.00;227
8413;26;5181534;8413;638;9774;10000;3.60;0.22;357.05;14.06;1361;38;3441.00;226
8416;26;5181551;8416;645;9779;10004;3.58;0.22;357.03;14.12;1363;38;3442.00;225
8417;26;5181569;8417;649;9779;10004;3.53;0.22;357.06;14.12;1362;38;3443.00;225
8419;26;5181584;8419;650;9779;10004;3.49;0.21;357.07;14.12;1360;38;3444.00;225
8421;26;5181598;8421;651;9779;10004;3.46;0.21;357.03;14.12;1358;38;3445.00;225
8423;26;5181613;8423;651;9779;10005;3.40;0.21;357.04;14.12;1356;38;3446.00;226
8423;26;5181627;8423;658;9780;10006;3.37;0.21;357.04;14.12;1357;38;3447.00;226
8424;26;5181640;8424;648;9780;10006;3.36;0.20;357.03;14.12;1356;38;3448.00;226
8426;26;5181655;8426;644;9781;10007;3.34;0.20;357.02;14.12;1355;38;3449.00;226
8427;26;5181671;8427;632;9781;10007;3.35;0.20;357.00;14.12;1354;38;3450.00;226
8427;26;5181687;8427;615;9781;10007;3.38;0.21;357.00;14.12;1354;38;3451.00;226
8429;26;5181701;8429;619;9781;10007;3.40;0.21;357.06;14.12;1352;38;3452.00;226
8430;26;5181716;8430;616;9781;10007;3.45;0.21;357.08;14.12;1351;38;3453.00;226
8431;26;5181731;8431;610;9781;10007;3.48;0.21;357.05;14.12;1350;38;3454.00;226
8431;26;5181753;8431;600;9781;10007;3.52;0.21;357.05;14.12;1350;38;3455.00;226
8431;26;5181768;8431;615;9847;10134;3.89;0.24;357.05;14.02;1416;38;3456.00;287
8433;26;5181793;8433;605;9850;10135;3.90;0.24;357.10;14.02;1417;38;3457.00;285
8435;26;5181809;8435;593;9857;10135;3.95;0.24;357.12;14.01;1422;38;3458.00;278
8437;26;5181825;8437;593;9862;10135;3.96;0.24;357.11;14.01;1425;38;3459.00;273
8438;26;5181840;8438;589;9868;10135;4.01;0.25;357.08;14.00;1430;38;3460.00;267
8439;26;5181856;8439;579;9870;10135;4.01;0.25;357.06;14.00;1431;38;3461.00;265
8441;26;5181872;8441;579;9874;10135;3.97;0.24;357.06;13.99;1433;38;3462.00;261
8443;26;5181889;8443;585;9877;10135;3.95;0.24;357.02;13.99;1434;38;3463.00;258
8445;26;5181905;8445;588;9880;10136;3.91;0.24;357.05;13.99;1435;38;3464.00;256
8446;26;5181921;8446;577;9883;10138;3.96;0.24;357.04;13.99;1437;38;3465.00;255
8447;26;5181937;8447;568;9886;10138;3.96;0.24;357.06;13.99;1439;38;3466.00;252
8449;26;5181953;8449;562;9888;10139;3.97;0.24;357.07;13.99;1439;39;3467.00;251
8451;26;5181979;8451;561;9891;10139;3.92;0.24;357.10;13.99;1440;39;3468.00;248
8453;26;5181996;8453;552;9892;10139;3.89;0.24;357.20;13.99;1439;39;3469.00;247
8456;26;5182013;8456;567;9894;10139;3.90;0.24;357.25;13.99;1438;39;3470.00;245
8458;26;5182030;8458;554;9897;10143;3.92;0.24;357.37;13.98;1439;39;3471.00;246
8460;26;5182048;8460;552;9898;10143;3.95;0.24;357.36;13.98;1438;39;3472.00;245
8462;26;5182067;8462;555;9899;10143;3.98;0.24;357.52;13.98;1437;39;3473.00;244
8465;26;5182085;8465;544;9901;10146;3.97;0.24;357.61;13.98;1436;39;3474.00;245
8470;26;5182101;8470;554;9901;10146;3.96;0.24;357.73;13.98;1431;39;3475.00;245
8470;26;5182118;8470;544;9902;10146;3.99;0.24;357.73;13.98;1432;39;3476.00;244
8474;26;5182134;8474;538;9905;10150;4.01;0.25;357.83;13.98;1431;39;3477.00;245
8481;26;5182151;8481;543;9908;10151;3.96;0.24;357.82;13.98;1427;39;3478.00;243
8486;26;5182168;8486;538;9909;10151;4.02;0.25;357.86;13.98;1423;39;3479.00;242
8491;26;5182187;8491;533;9913;10156;4.05;0.25;357.94;13.97;1422;39;3480.00;243
8496;26;5182205;8496;517;9913;10156;4.04;0.25;357.97;13.97;1417;39;3481.00;243
8498;26;5182223;8498;527;9913;10156;4.13;0.25;357.97;13.97;1415;39;3482.00;243
8501;26;5182240;8501;519;9913;10157;4.14;0.25;358.16;13.97;1412;39;3483.00;244
8505;26;5182257;8505;521;9913;10157;4.19;0.26;358.26;13.97;1408;39;3484.00;244
8508;26;5182274;8508;518;9917;10163;4.26;0.26;358.30;13.97;1409;39;3485.00;246
8512;26;5182293;8512;514;9917;10163;4.30;0.26;358.38;13.97;1405;39;3486.00;246
8516;26;5182310;8516;511;9917;10164;4.36;0.27;358.54;13.97;1401;39;3487.00;247
8522;26;5182332;8522;512;9917;10164;4.38;0.27;358.81;13.97;1395;39;3488.00;247
8526;26;5182354;8526;507;9917;10164;4.42;0.27;358.93;13.97;1391;39;3489.00;247
8530;26;5182376;8530;502;9917;10164;4.41;0.27;359.08;13.97;1387;39;3490.00;247
8533;26;5182410;8533;495;9917;10164;4.42;0.27;359.08;13.97;1384;39;3491.00;247
8535;26;5182432;8535;499;9926;10176;4.42;0.27;359.10;13.95;1391;39;3492.00;250
8538;26;5182454;8538;497;9926;10176;4.46;0.27;359.16;13.95;1388;39;3493.00;250
8541;26;5182474;8541;493;9926;10176;4.49;0.27;359.25;13.95;1385;39;3494.00;250
8543;26;5182500;8543;495;9926;10176;4.52;0.28;359.20;13.95;1383;39;3495.00;250
8551;26;5182520;8551;486;9926;10176;4.51;0.28;359.42;13.95;1375;39;3496.00;250
8555;26;5182540;8555;477;9926;10176;4.54;0.28;359.47;13.95;1371;39;3497.00;250
8561;26;5182562;8561;473;9929;10180;4.57;0.28;359.67;13.95;1368;39;3498.00;251
8567;26;5182585;8567;473;9929;10180;4.60;0.28;359.74;13.95;1362;39;3499.00;251
8571;26;5182604;8571;473;9932;10184;4.62;0.28;359.76;13.95;1361;39;3500.00;252
8573;26;5182628;8573;469;9934;10185;4.67;0.28;359.79;14.01;1361;39;3501.00;251
8580;26;5182648;8580;466;9935;10185;4.66;0.28;359.79;14.01;1355;39;3502.00;250
8582;26;5182666;8582;465;9935;10185;4.70;0.29;359.84;14.01;1353;39;3503.00;250
8587;26;5182687;8587;471;9946;10198;4.73;0.29;359.99;14.00;1359;39;3504.00;252
8591;26;5182707;8591;472;9947;10198;4.72;0.29;360.14;14.00;1356;39;3505.00;251
8594;26;5182727;8594;471;9947;10198;4.74;0.29;360.15;14.00;1353;39;3506.00;251
8598;26;5182745;8598;474;9950;10199;4.72;0.29;360.19;14.00;1352;39;3507.00;249
8599;26;5182764;8599;475;9950;10200;4.78;0.29;360.20;14.00;1351;39;3508.00;250
8603;27;5182783;8603;473;9951;10200;4.80;0.29;360.33;14.00;1348;40;3509.00;249
8607;27;5182812;8607;473;9955;10206;4.84;0.29;360.40;14.00;1348;40;3510.00;251
8610;27;5182830;8610;471;9956;10206;4.85;0.30;360.37;14.00;1346;40;3511.00;250
8615;27;5182847;8615;457;9958;10206;4.79;0.29;360.41;14.00;1343;40;3512.00;248
8620;27;5182866;8620;451;9959;10206;4.74;0.29;360.58;14.00;1339;40;3513.00;247
8623;27;5182889;8623;444;9964;10212;4.73;0.29;360.57;13.99;1341;40;3514.00;248
8625;27;5182909;8625;445;9965;10212;4.68;0.28;360.59;13.99;1340;40;3515.00;247
8627;27;5182927;8627;446;9966;10212;4.64;0.28;360.57;13.99;1339;40;3516.00;246
8629;27;5182944;8629;438;9966;10212;4.64;0.28;360.62;13.99;1337;40;3517.00;246
8633;27;5182966;8633;443;9970;10216;4.61;0.28;360.59;14.05;1337;40;3518.00;246
8636;27;5182985;8636;443;9973;10219;4.57;0.28;360.59;14.04;1337;40;3519.00;246
8641;27;5183002;8641;444;9973;10219;4.54;0.28;360.65;14.04;1332;40;3520.00;246
8643;27;5183021;8643;435;9974;10220;4.53;0.28;360.67;14.04;1331;40;3521.00;246
8646;27;5183040;8646;428;9974;10220;4.55;0.28;360.63;14.04;1328;40;3522.00;246
8647;27;5183063;8647;420;9974;10220;4.59;0.28;360.69;14.04;1327;40;3523.00;246
8651;27;5183081;8651;418;9974;10220;4.62;0.28;360.75;14.04;1323;40;3524.00;246
8652;27;5183098;8652;408;9974;10220;4.65;0.28;360.72;14.04;1322;40;3525.00;246
8656;27;5183116;8656;405;9974;10220;4.67;0.28;360.67;14.04;1318;40;3526.00;246
8658;27;5183135;8658;411;9974;10220;4.72;0.29;360.70;14.04;1316;40;3527.00;246
8659;27;5183152;8659;428;10013;10290;4.76;0.29;360.68;13.99;1354;40;3528.00;277
8660;27;5183176;8660;419;10013;10291;4.81;0.29;360.73;13.99;1353;40;3529.00;278
8665;27;5183194;8665;417;10020;10291;4.91;0.30;360.76;14.04;1355;40;3530.00;271
8667;27;5183212;8667;421;10022;10291;4.94;0.30;360.81;14.04;1355;40;3531.00;269
8668;27;5183230;8668;419;10025;10291;4.99;0.30;360.83;14.04;1357;40;3532.00;266
8670;27;5183247;8670;427;10028;10291;5.00;0.30;360.85;14.04;1358;40;3533.00;263
8672;27;5183264;8672;438;10030;10291;5.04;0.31;360.91;14.03;1358;40;3534.00;261
8675;27;5183284;8675;431;10032;10291;5.02;0.30;361.00;14.03;1357;40;3535.00;259
8679;27;5183303;8679;444;10033;10292;5.06;0.31;361.23;14.03;1354;40;3536.00;259
8679;27;5183322;8679;435;10035;10293;5.08;0.31;361.23;14.03;1356;40;3537.00;258
8682;27;5183341;8682;433;10038;10293;5.05;0.31;361.26;14.09;1356;40;3538.00;255
8683;27;5183360;8683;437;10042;10297;5.04;0.31;361.31;14.08;1359;40;3539.00;255
8684;27;5183380;8684;439;10044;10297;4.99;0.30;361.35;14.08;1360;40;3540.00;253
8688;27;5183397;8688;441;10044;10297;4.94;0.30;361.48;14.08;1356;40;3541.00;253
8689;27;5183415;8689;444;10044;10297;4.90;0.30;361.45;14.08;1355;40;3542.00;253
8691;27;5183435;8691;449;10049;10303;4.93;0.30;361.51;14.07;1358;40;3543.00;254
8691;27;5183453;8691;449;10050;10303;4.92;0.30;361.51;14.08;1359;40;3544.00;253
8694;27;5183470;8694;454;10051;10303;4.92;0.30;361.64;14.08;1357;40;3545.00;252
8697;27;5183487;8697;461;10053;10306;4.93;0.30;361.69;14.07;1356;40;3546.00;253
8700;27;5183504;8700;459;10055;10306;4.94;0.30;361.79;14.07;1355;40;3547.00;251
8703;27;5183521;8703;463;10055;10306;4.93;0.30;361.85;14.07;1352;40;3548.00;251
8705;27;5183537;8705;460;10055;10307;4.90;0.30;361.97;14.07;1350;40;3549.00;252
8709;27;5183555;8709;470;10056;10308;4.86;0.29;362.11;14.07;1347;40;3550.00;252
8713;27;5183573;8713;468;10056;10308;4.82;0.29;362.22;14.07;1343;40;3551.00;252
8713;27;5183591;8713;477;10067;10321;4.84;0.29;362.22;14.05;1354;40;3552.00;254
8714;27;5183609;8714;487;10067;10321;4.80;0.29;362.21;14.05;1353;40;3553.00;254
8716;27;5183625;8716;485;10067;10321;4.78;0.29;362.30;14.05;1351;40;3554.00;254
8718;27;5183642;8718;479;10069;10323;4.77;0.29;362.37;14.05;1351;40;3555.00;254
8721;27;5183661;8721;475;10069;10323;4.75;0.29;362.38;14.05;1348;40;3556.00;254
8722;27;5183680;8722;474;10073;10327;4.79;0.29;362.35;14.05;1351;40;3557.00;254
8724;27;5183697;8724;471;10073;10327;4.82;0.29;362.33;14.05;1349;40;3558.00;254
8726;27;5183714;8726;479;10076;10331;4.81;0.29;362.30;14.04;1350;40;3559.00;255
8729;27;5183736;8729;480;10076;10331;4.81;0.29;362.30;14.04;1347;40;3560.00;255
8731;27;5183752;8731;476;10076;10331;4.82;0.29;362.34;14.04;1345;40;3561.00;255
8732;27;5183768;8732;469;10077;10331;4.82;0.29;362.38;14.09;1345;40;3562.00;254
8737;27;5183786;8737;464;10077;10331;4.80;0.29;362.33;14.09;1340;40;3563.00;254
8739;27;5183805;8739;473;10086;10343;4.83;0.29;362.36;14.08;1347;40;3564.00;257
8741;27;5183823;8741;466;10087;10343;4.82;0.29;362.36;14.08;1346;40;3565.00;256
8743;27;5183838;8743;469;10088;10343;4.83;0.29;362.33;14.08;1345;40;3566.00;255
8743;27;5183854;8743;471;10088;10343;4.85;0.30;362.33;14.08;1345;40;3567.00;255
8744;27;5183873;8744;477;10088;10343;4.86;0.30;362.41;14.08;1344;40;3568.00;255
8748;27;5183896;8748;474;10088;10343;4.81;0.29;362.36;14.08;1340;40;3569.00;255
8750;27;5183922;8750;476;10090;10344;4.79;0.29;362.35;14.24;1340;40;3570.00;254
8755;27;5183961;8755;481;10090;10344;4.74;0.29;362.29;14.24;1335;40;3571.00;254
8761;27;5183982;8761;478;10095;10350;4.73;0.29;362.27;14.24;1334;40;3572.00;255
8763;27;5184004;8763;486;10096;10351;4.66;0.29;362.25;14.23;1333;40;3573.00;255
8766;27;5184027;8766;491;10096;10351;4.60;0.28;362.24;14.23;1330;40;3574.00;255
8771;27;5184059;8771;498;10096;10351;4.56;0.28;362.21;14.23;1325;40;3575.00;255
8772;27;5184079;8772;502;10099;10355;4.53;0.28;362.17;14.23;1327;40;3576.00;256
8774;27;5184107;8774;509;10099;10355;4.50;0.27;362.11;14.23;1325;40;3577.00;256
8777;27;5184132;8777;512;10099;10355;4.43;0.27;362.18;14.23;1322;40;3578.00;256
8779;27;5184155;8779;518;10100;10356;4.37;0.27;362.10;14.23;1321;40;3579.00;256
8780;27;5184174;8780;528;10103;10360;4.32;0.26;362.08;14.22;1323;40;3580.00;257
8782;27;5184195;8782;534;10103;10360;4.29;0.26;362.05;14.22;1321;40;3581.00;257
8784;27;5184215;8784;536;10105;10363;4.22;0.26;362.04;14.22;1321;40;3582.00;258
8784;27;5184235;8784;539;10106;10363;4.16;0.25;362.04;14.22;1322;40;3583.00;257
8787;27;5184251;8787;540;10107;10363;4.11;0.25;361.97;14.30;1320;40;3584.00;256
8789;27;5184271;8789;546;10107;10363;4.13;0.25;362.08;14.30;1318;40;3585.00;256
8789;27;5184290;8789;556;10111;10367;4.16;0.25;362.08;14.30;1322;40;3586.00;256
8791;27;5184310;8791;559;10111;10367;4.15;0.25;362.03;14.30;1320;40;3587.00;256
8791;27;5184328;8791;551;10111;10367;4.12;0.25;362.03;14.30;1320;40;3588.00;256
8793;27;5184345;8793;550;10111;10367;4.08;0.25;362.05;14.30;1318;40;3589.00;256
8793;27;5184360;8793;554;10111;10368;4.06;0.25;362.05;14.30;1318;40;3590.00;257
8794;27;5184378;8794;553;10112;10369;4.01;0.25;362.11;14.30;1318;40;3591.00;257
8795;27;5184393;8795;559;10112;10369;3.99;0.24;362.20;14.30;1317;40;3592.00;257
8795;27;5184408;8795;564;10113;10370;3.98;0.24;362.20;14.29;1318;40;3593.00;257
8797;27;5184423;8797;575;10113;10370;3.95;0.24;362.29;14.29;1316;40;3594.00;257
8798;27;5184440;8798;567;10115;10370;3.91;0.24;362.29;14.46;1317;40;3595.00;255
8798;27;5184459;8798;568;10115;10370;3.90;0.24;362.29;14.46;1317;40;3596.00;255
8798;27;5184476;8798;561;10115;10370;3.92;0.24;362.29;14.46;1317;40;3597.00;255
8801;27;5184490;8801;559;10117;10370;3.91;0.24;362.32;14.63;1316;40;3598.00;253
8802;27;5184505;8802;558;10117;10370;3.96;0.24;362.32;14.63;1315;40;3599.00;253
8803;27;5184522;8803;588;10216;10623;4.35;0.28;362.34;14.48;1413;40;3600.00;407
8804;27;5184569;8804;578;10220;10624;4.38;0.28;362.33;14.48;1416;40;3601.00;404
8806;27;5184590;8806;573;10237;10624;4.43;0.28;362.29;14.62;1431;40;3602.00;387
8807;27;5184607;8807;563;10246;10624;4.47;0.28;362.28;14.61;1439;40;3603.00;378
8808;27;5184623;8808;557;10254;10624;4.51;0.28;362.27;14.60;1446;40;3604.00;370
8809;27;5184641;8809;557;10259;10624;4.52;0.28;362.24;14.60;1450;40;3605.00;365
8811;27;5184659;8811;553;10268;10624;4.52;0.28;362.23;14.59;1457;40;3606.00;356
8812;27;5184676;8812;552;10274;10624;4.55;0.28;362.21;14.59;1462;40;3607.00;350
8813;27;5184698;8813;558;10280;10625;4.56;0.29;362.20;14.58;1467;40;3608.00;345
8817;27;5184714;8817;558;10287;10626;4.60;0.29;362.32;14.58;1470;40;3609.00;339
8818;28;5184735;8818;558;10294;10626;4.60;0.29;362.31;14.74;1476;41;3610.00;332
8820;28;5184767;8820;566;10300;10627;4.61;0.29;362.28;14.74;1480;41;3611.00;327
8822;28;5184786;8822;578;10302;10627;4.56;0.28;362.31;14.74;1480;41;3612.00;325
8822;28;5184807;8822;579;10307;10627;4.55;0.28;362.31;14.73;1485;41;3613.00;320
8826;28;5184824;8826;584;10310;10627;4.50;0.28;362.24;14.73;1484;41;3614.00;317
8828;28;5184875;8828;586;10316;10631;4.50;0.28;362.27;14.73;1488;41;3615.00;315
8830;28;5184912;8830;600;10317;10631;4.48;0.28;362.24;14.73;1487;41;3616.00;314
8831;28;5184949;8831;591;10321;10631;4.50;0.28;362.25;14.73;1490;41;3617.00;310
8834;28;5184977;8834;592;10322;10634;4.47;0.28;362.18;14.73;1488;41;3618.00;312
8837;28;5185015;8837;592;10326;10634;4.42;0.27;362.26;14.73;1489;41;3619.00;308
8837;28;5185035;8837;597;10329;10634;4.41;0.27;362.26;14.73;1492;41;3620.00;305
8840;28;5185060;8840;595;10334;10638;4.37;0.27;362.38;14.73;1494;41;3621.00;304
8844;28;5185078;8844;597;10336;10639;4.34;0.27;362.41;14.73;1492;41;3622.00;303
8846;28;5185098;8846;603;10336;10639;4.34;0.27;362.54;14.73;1490;41;3623.00;303
8852;28;5185114;8852;599;10340;10643;4.32;0.27;362.74;14.73;1488;42;3624.00;303
8854;28;5185141;8854;603;10342;10643;4.30;0.26;362.83;14.73;1488;42;3625.00;301
8859;28;5185157;8859;611;10344;10643;4.24;0.26;362.99;14.73;1485;42;3626.00;299
8861;28;5185174;8861;612;10345;10644;4.20;0.26;362.99;14.73;1484;42;3627.00;299
8862;28;5185189;8862;616;10347;10644;4.16;0.26;363.00;14.73;1485;42;3628.00;297
8866;28;5185206;8866;615;10352;10650;4.15;0.25;363.16;14.73;1486;42;3629.00;298
8868;28;5185226;8868;600;10352;10650;4.17;0.26;363.16;14.73;1484;42;3630.00;298
8869;28;5185242;8869;598;10353;10651;4.18;0.26;363.15;14.73;1484;42;3631.00;298
8872;28;5185258;8872;601;10356;10651;4.16;0.26;363.22;14.74;1484;42;3632.00;295
8876;28;5185279;8876;602;10357;10651;4.09;0.25;363.38;14.74;1481;42;3633.00;294
8881;28;5185295;8881;607;10360;10651;4.07;0.25;363.54;14.74;1479;42;3634.00;291
8884;28;5185312;8884;603;10360;10651;4.04;0.25;363.62;14.74;1476;42;3635.00;291
8886;28;5185328;8886;601;10370;10663;4.04;0.25;363.70;14.73;1484;42;3636.00;293
8888;28;5185345;8888;593;10371;10663;4.07;0.25;363.74;14.73;1483;42;3637.00;292
8893;28;5185361;8893;584;10371;10663;4.08;0.25;363.71;14.73;1478;42;3638.00;292
8894;28;5185381;8894;587;10371;10663;4.15;0.25;363.70;14.73;1477;42;3639.00;292
8895;28;5185398;8895;580;10373;10663;4.17;0.26;363.69;14.73;1478;42;3640.00;290
8897;28;5185414;8897;579;10373;10663;4.19;0.26;363.76;14.73;1476;42;3641.00;290
8901;28;5185430;8901;573;10377;10667;4.18;0.26;363.79;14.72;1476;42;3642.00;290
8904;28;5185448;8904;572;10377;10667;4.21;0.26;363.83;14.72;1473;42;3643.00;290
8906;28;5185463;8906;564;10380;10671;4.23;0.26;363.89;14.72;1474;42;3644.00;291
8910;28;5185480;8910;559;10383;10673;4.27;0.26;363.90;14.72;1473;42;3645.00;290
8914;28;5185497;8914;559;10384;10673;4.34;0.27;363.96;14.72;1470;42;3646.00;289
8919;28;5185514;8919;556;10384;10673;4.38;0.27;364.11;14.72;1465;42;3647.00;289
8922;28;5185530;8922;549;10392;10686;4.40;0.27;364.17;14.70;1470;42;3648.00;294
8928;28;5185547;8928;545;10392;10686;4.48;0.27;364.17;14.70;1464;42;3649.00;294
8930;28;5185564;8930;534;10392;10686;4.52;0.28;364.19;14.70;1462;42;3650.00;294
8935;28;5185580;8935;535;10392;10687;4.53;0.28;364.22;14.70;1457;42;3651.00;295
8940;28;5185597;8940;525;10392;10688;4.60;0.28;364.54;14.70;1452;42;3652.00;296
8947;28;5185615;8947;518;10392;10688;4.61;0.28;364.51;14.70;1445;42;3653.00;296
8953;28;5185631;8953;513;10395;10691;4.65;0.28;364.65;14.70;1442;42;3654.00;296
8958;28;5185649;8958;517;10395;10691;4.66;0.28;364.70;14.70;1437;42;3655.00;296
8963;28;5185666;8963;518;10395;10691;4.68;0.28;364.70;14.70;1432;42;3656.00;296
8965;28;5185684;8965;515;10395;10691;4.72;0.29;364.75;14.70;1430;42;3657.00;296
8970;28;5185702;8970;518;10399;10697;4.71;0.29;364.81;14.70;1429;42;3658.00;298
8977;28;5185723;8977;522;10399;10697;4.69;0.29;364.78;14.70;1422;42;3659.00;298
8979;28;5185743;8979;521;10399;10697;4.69;0.28;364.74;14.70;1420;42;3660.00;298
8984;28;5185761;8984;524;10400;10697;4.70;0.29;364.75;14.70;1416;42;3661.00;297
8990;28;5185778;8990;519;10404;10701;4.66;0.28;364.78;14.69;1414;42;3662.00;297
8994;28;5185795;8994;521;10404;10702;4.69;0.29;364.95;14.69;1410;42;3663.00;298
8996;28;5185814;8996;524;10406;10702;4.70;0.29;364.94;14.69;1410;42;3664.00;296
9002;28;5185831;9002;528;10408;10703;4.69;0.28;364.96;14.69;1406;42;3665.00;295
9007;28;5185850;9007;528;10408;10703;4.70;0.29;365.05;14.69;1401;42;3666.00;295
9008;28;5185869;9008;526;10409;10703;4.69;0.28;365.04;14.69;1401;42;3667.00;294
9011;28;5185900;9011;529;10410;10703;4.63;0.28;365.22;14.75;1399;42;3668.00;293
9017;28;5185924;9017;528;10410;10703;4.57;0.28;365.32;14.75;1393;42;3669.00;293
9018;28;5185941;9018;536;10410;10703;4.55;0.28;365.32;14.75;1392;42;3670.00;293
9022;28;5185958;9022;540;10412;10703;4.48;0.27;365.49;14.76;1390;42;3671.00;291
9025;28;5185976;9025;558;10449;10773;4.44;0.27;365.59;14.71;1424;42;3672.00;324
9027;28;5185999;9027;559;10453;10774;4.44;0.27;365.55;14.70;1426;42;3673.00;321
9031;28;5186018;9031;555;10457;10774;4.39;0.27;365.82;14.70;1426;42;3674.00;317
9035;28;5186037;9035;552;10457;10774;4.35;0.26;365.97;14.70;1422;42;3675.00;317
9037;28;5186055;9037;551;10460;10774;4.38;0.27;366.04;14.69;1423;42;3676.00;314
9041;28;5186072;9041;538;10461;10774;4.36;0.26;366.26;14.69;1420;42;3677.00;313
9044;28;5186090;9044;531;10464;10774;4.31;0.26;366.38;14.69;1420;42;3678.00;310
9045;28;5186109;9045;529;10465;10774;4.29;0.26;366.37;14.69;1420;42;3679.00;309
9048;28;5186126;9048;527;10467;10775;4.24;0.26;366.47;14.69;1419;42;3680.00;308
9050;28;5186142;9050;537;10468;10776;4.23;0.26;366.49;14.69;1418;42;3681.00;308
9051;28;5186160;9051;538;10471;10776;4.18;0.25;366.46;14.69;1420;42;3682.00;305
9053;28;5186177;9053;547;10474;10780;4.15;0.25;366.62;14.68;1421;42;3683.00;306
9054;28;5186194;9054;559;10476;10780;4.14;0.25;366.64;14.68;1422;42;3684.00;304
9056;28;5186211;9056;564;10478;10780;4.12;0.25;366.79;14.68;1422;42;3685.00;302
9058;28;5186229;9058;555;10479;10780;4.07;0.25;366.80;14.68;1421;42;3686.00;301
9061;28;5186247;9061;544;10484;10786;4.08;0.25;366.89;14.68;1423;42;3687.00;302
9063;28;5186267;9063;542;10485;10786;4.11;0.25;366.93;14.67;1422;42;3688.00;301
9065;29;5186285;9065;544;10486;10786;4.14;0.25;367.02;14.67;1421;43;3689.00;300
9067;29;5186316;9067;536;10490;10792;4.20;0.26;367.10;14.67;1423;43;3690.00;302
9068;29;5186341;9068;533;10490;10792;4.24;0.26;367.07;14.67;1422;43;3691.00;302
9071;29;5186360;9071;536;10492;10792;4.26;0.26;367.07;14.67;1421;43;3692.00;300
9074;29;5186377;9074;540;10492;10793;4.27;0.26;367.23;14.67;1418;43;3693.00;301
9075;29;5186394;9075;545;10493;10794;4.27;0.26;367.24;14.67;1418;43;3694.00;301
9078;29;5186411;9078;557;10493;10794;4.25;0.26;367.27;14.67;1415;43;3695.00;301
9080;29;5186429;9080;567;10504;10807;4.19;0.25;367.30;14.65;1424;43;3696.00;303
9082;29;5186448;9082;567;10504;10807;4.18;0.25;367.34;14.65;1422;43;3697.00;303
9083;29;5186466;9083;563;10506;10807;4.17;0.25;367.31;14.66;1423;43;3698.00;301
9087;29;5186483;9087;569;10507;10808;4.18;0.25;367.42;14.66;1420;43;3699.00;301
9089;29;5186503;9089;569;10507;10808;4.20;0.25;367.48;14.66;1418;43;3700.00;301
9089;29;5186524;9089;567;10511;10812;4.26;0.26;367.48;14.65;1422;43;3701.00;301
9092;29;5186542;9092;576;10511;10812;4.23;0.26;367.60;14.65;1419;43;3702.00;301
9093;29;5186559;9093;567;10514;10816;4.22;0.26;367.61;14.65;1421;43;3703.00;302
9096;29;5186575;9096;574;10515;10816;4.19;0.25;367.63;14.66;1419;43;3704.00;301
9098;29;5186592;9098;561;10515;10816;4.20;0.26;367.78;14.66;1417;43;3705.00;301
9100;29;5186609;9100;572;10516;10816;4.24;0.26;367.79;14.66;1416;43;3706.00;300
9101;29;5186625;9101;568;10516;10816;4.22;0.26;367.79;14.66;1415;43;3707.00;300
9103;29;5186642;9103;582;10526;10828;4.27;0.26;367.80;14.64;1423;43;3708.00;302
9105;29;5186659;9105;577;10526;10828;4.25;0.26;367.80;14.64;1421;43;3709.00;302
9109;29;5186675;9109;574;10527;10828;4.23;0.26;367.95;14.64;1418;43;3710.00;301
9112;29;5186696;9112;572;10527;10828;4.21;0.26;368.02;14.64;1415;43;3711.00;301
9113;29;5186720;9113;583;10527;10828;4.20;0.26;367.99;14.64;1414;43;3712.00;301
9115;29;5186743;9115;582;10527;10828;4.12;0.25;368.00;14.64;1412;43;3713.00;301
9116;29;5186764;9116;588;10527;10829;4.10;0.25;368.05;14.64;1411;43;3714.00;302
9120;29;5186783;9120;590;10527;10829;4.06;0.25;368.00;14.64;1407;43;3715.00;302
9121;29;5186806;9121;596;10532;10835;4.07;0.25;367.97;14.64;1411;43;3716.00;303
9122;29;5186824;9122;599;10533;10836;4.05;0.25;368.01;14.63;1411;43;3717.00;303
9123;29;5186842;9123;610;10533;10836;4.03;0.25;367.99;14.63;1410;43;3718.00;303
9126;29;5186867;9126;616;10533;10836;4.01;0.24;367.93;14.63;1407;43;3719.00;303
9128;29;5186887;9128;614;10537;10841;4.00;0.24;367.91;14.63;1409;43;3720.00;304
9132;29;5186905;9132;612;10537;10841;3.99;0.24;367.89;14.63;1405;43;3721.00;304
9132;29;5186924;9132;606;10537;10841;4.01;0.24;367.89;14.63;1405;43;3722.00;304
9138;29;5186940;9138;605;10538;10842;3.96;0.24;368.13;14.63;1400;43;3723.00;304
9139;29;5186957;9139;608;10541;10846;3.93;0.24;368.17;14.62;1402;43;3724.00;305
9142;29;5186974;9142;604;10541;10846;3.89;0.24;368.08;14.62;1399;43;3725.00;305
9146;29;5186992;9146;602;10543;10849;3.88;0.24;368.09;14.62;1397;43;3726.00;306
9151;29;5187009;9151;591;10543;10849;3.84;0.23;368.01;14.62;1392;43;3727.00;306
9153;29;5187027;9153;598;10544;10849;3.85;0.23;368.09;14.62;1391;43;3728.00;305
9153;29;5187052;9153;591;10544;10849;3.88;0.24;368.09;14.62;1391;43;3729.00;305
9156;29;5187071;9156;597;10548;10853;3.92;0.24;368.12;14.61;1392;43;3730.00;305
9157;29;5187089;9157;600;10548;10853;3.94;0.24;368.11;14.61;1391;43;3731.00;305
9158;29;5187107;9158;598;10548;10853;3.96;0.24;368.10;14.61;1390;43;3732.00;305
9164;29;5187136;9164;599;10548;10853;3.93;0.24;368.09;14.61;1384;43;3733.00;305
9169;29;5187163;9169;589;10548;10854;3.92;0.24;368.06;14.61;1379;43;3734.00;306
9172;29;5187192;9172;588;10552;10856;3.95;0.24;367.99;14.79;1380;43;3735.00;304
9173;29;5187221;9173;589;10552;10856;3.95;0.24;367.95;14.79;1379;43;3736.00;304
9176;29;5187248;9176;579;10553;10857;3.94;0.24;367.96;14.79;1377;43;3737.00;304
9180;29;5187269;9180;578;10553;10857;3.95;0.24;367.92;14.79;1373;43;3738.00;304
9185;29;5187290;9185;578;10553;10857;3.96;0.24;367.96;14.79;1368;43;3739.00;304
9186;29;5187312;9186;583;10554;10857;3.96;0.24;367.93;14.88;1368;43;3740.00;303
9187;29;5187331;9187;589;10554;10857;3.96;0.24;367.91;14.88;1367;43;3741.00;303
9189;29;5187353;9189;581;10554;10857;3.97;0.24;367.89;14.88;1365;43;3742.00;303
9190;29;5187374;9190;571;10554;10857;3.93;0.24;367.88;14.88;1364;43;3743.00;303
9191;29;5187393;9191;574;10621;10984;4.23;0.26;367.84;14.78;1430;43;3744.00;363
9192;29;5187425;9192;569;10624;10985;4.29;0.27;367.84;14.78;1432;43;3745.00;361
9194;29;5187450;9194;552;10631;10985;4.38;0.27;367.89;14.77;1437;43;3746.00;354
9195;29;5187474;9195;553;10636;10985;4.41;0.27;367.93;14.77;1441;43;3747.00;349
9196;29;5187497;9196;547;10642;10985;4.47;0.28;367.90;14.76;1446;43;3748.00;343
9198;29;5187530;9198;544;10645;10985;4.48;0.27;367.85;14.76;1447;43;3749.00;340
9200;29;5187551;9200;545;10650;10990;4.49;0.27;367.83;14.75;1450;43;3750.00;340
9201;29;5187586;9201;547;10652;10990;4.53;0.28;367.80;14.75;1451;43;3751.00;338
9202;29;5187611;9202;547;10654;10991;4.55;0.28;367.88;14.75;1452;43;3752.00;337
9203;29;5187634;9203;546;10658;10992;4.53;0.28;368.00;14.75;1455;43;3753.00;334
9203;29;5187654;9203;542;10660;10992;4.55;0.28;368.00;14.75;1457;43;3754.00;332
9204;29;5187673;9204;556;10664;10993;4.56;0.28;367.98;14.74;1460;43;3755.00;329
9206;29;5187691;9206;553;10665;10993;4.53;0.28;368.01;14.74;1459;43;3756.00;328
9209;29;5187717;9209;554;10667;10993;4.50;0.27;368.17;14.74;1458;43;3757.00;326
9210;29;5187743;9210;561;10671;10993;4.48;0.27;368.13;14.74;1461;43;3758.00;322
9210;29;5187768;9210;565;10675;10997;4.49;0.28;368.13;14.74;1465;43;3759.00;322
9211;29;5187797;9211;572;10678;10997;4.48;0.27;368.12;14.92;1467;43;3760.00;319
9212;29;5187820;9212;575;10680;10997;4.47;0.27;368.22;14.92;1468;43;3761.00;317
9213;29;5187853;9213;574;10682;11000;4.47;0.27;368.20;14.92;1469;43;3762.00;318
9215;29;5187879;9215;569;10684;11000;4.48;0.27;368.18;15.00;1469;43;3763.00;316
9218;29;5187910;9218;579;10687;11000;4.48;0.27;368.23;15.09;1469;43;3764.00;313
9221;29;5187940;9221;589;10692;11004;4.44;0.27;368.20;15.18;1471;43;3765.00;312
9222;29;5187971;9222;581;10693;11005;4.43;0.27;368.22;15.18;1471;43;3766.00;312
9225;29;5187997;9225;587;10694;11005;4.38;0.27;368.23;15.18;1469;43;3767.00;311
9229;29;5188024;9229;593;10700;11009;4.35;0.27;368.27;15.35;1471;43;3768.00;309
9230;29;5188044;9230;600;10700;11009;4.36;0.27;368.26;15.35;1470;43;3769.00;309
9232;29;5188062;9232;599;10700;11009;4.31;0.26;368.23;15.35;1468;43;3770.00;309
9236;29;5188082;9236;597;10701;11010;4.29;0.26;368.30;15.35;1465;43;3771.00;309
9238;29;5188099;9238;610;10701;11010;4.27;0.26;368.33;15.35;1463;43;3772.00;309
9239;29;5188118;9239;610;10706;11016;4.27;0.26;368.36;15.34;1467;43;3773.00;310
9240;29;5188137;9240;617;10708;11016;4.24;0.26;368.37;15.51;1468;43;3774.00;308
9242;29;5188155;9242;619;10708;11017;4.19;0.26;368.37;15.51;1466;43;3775.00;309
9244;29;5188175;9244;624;10708;11017;4.12;0.25;368.40;15.51;1464;43;3776.00;309
9245;29;5188193;9245;629;10708;11017;4.07;0.25;368.38;15.51;1463;43;3777.00;309
9250;29;5188210;9250;632;10708;11017;4.04;0.25;368.39;15.51;1458;43;3778.00;309
9253;29;5188226;9253;627;10708;11017;4.07;0.25;368.39;15.51;1455;43;3779.00;309
9257;29;5188243;9257;642;10733;11053;4.18;0.26;368.40;15.48;1476;43;3780.00;320
9259;29;5188262;9259;638;10734;11053;4.20;0.26;368.45;15.48;1475;43;3781.00;319
9261;29;5188281;9261;637;10737;11053;4.24;0.26;368.51;15.47;1476;43;3782.00;316
9265;29;5188298;9265;632;10737;11053;4.25;0.26;368.53;15.47;1472;43;3783.00;316
9265;29;5188313;9265;622;10738;11053;4.26;0.26;368.53;15.47;1473;43;3784.00;315
9268;29;5188328;9268;620;10738;11053;4.24;0.26;368.54;15.47;1470;43;3785.00;315
9269;29;5188343;9269;619;10742;11057;4.23;0.26;368.60;15.47;1473;43;3786.00;315
9274;29;5188359;9274;617;10742;11057;4.20;0.26;368.68;15.47;1468;43;3787.00;315
9276;29;5188374;9276;620;10746;11061;4.18;0.25;368.72;15.46;1470;43;3788.00;315
9276;29;5188389;9276;624;10747;11062;4.20;0.26;368.72;15.46;1471;43;3789.00;315
9278;29;5188405;9278;608;10747;11062;4.20;0.26;368.83;15.46;1469;43;3790.00;315
9281;29;5188420;9281;605;10747;11062;4.16;0.25;368.98;15.46;1466;43;3791.00;315
9284;29;5188435;9284;614;10758;11075;4.08;0.25;369.02;15.44;1474;43;3792.00;317
9286;29;5188453;9286;613;10758;11075;4.05;0.25;369.02;15.44;1472;43;3793.00;317
9291;29;5188468;9291;616;10758;11075;4.03;0.25;369.16;15.44;1467;43;3794.00;317
9291;29;5188483;9291;612;10759;11076;4.06;0.25;369.16;15.44;1468;43;3795.00;317
9294;29;5188498;9294;605;10759;11077;4.07;0.25;369.24;15.44;1465;43;3796.00;318
9298;29;5188514;9298;616;10759;11077;4.07;0.25;369.18;15.44;1461;43;3797.00;318
9300;29;5188530;9300;617;10762;11080;4.07;0.25;369.20;15.44;1462;43;3798.00;318
9304;29;5188545;9304;623;10762;11080;4.08;0.25;369.33;15.44;1458;43;3799.00;318
9306;29;5188562;9306;623;10762;11080;4.11;0.25;369.40;15.44;1456;43;3800.00;318
9309;29;5188586;9309;627;10762;11080;4.11;0.25;369.39;15.44;1453;43;3801.00;318
9312;29;5188601;9312;631;10767;11086;4.12;0.25;369.49;15.43;1455;43;3802.00;319
9315;29;5188617;9315;626;10767;11086;4.12;0.25;369.61;15.43;1452;43;3803.00;319
9318;29;5188634;9318;626;10767;11086;4.12;0.25;369.63;15.43;1449;43;3804.00;319
9319;29;5188650;9319;620;10767;11086;4.14;0.25;369.64;15.43;1448;43;3805.00;319
9321;29;5188665;9321;626;10770;11090;4.18;0.25;369.64;15.43;1449;43;3806.00;320
9326;29;5188680;9326;621;10771;11091;4.17;0.25;369.94;15.43;1445;43;3807.00;320
9329;29;5188695;9329;618;10771;11091;4.19;0.25;370.01;15.43;1442;43;3808.00;320
9330;29;5188711;9330;621;10772;11092;4.23;0.26;370.03;15.42;1442;43;3809.00;320
9336;29;5188729;9336;618;10772;11092;4.20;0.26;370.24;15.42;1436;43;3810.00;320
9338;29;5188744;9338;615;10772;11092;4.22;0.26;370.37;15.42;1434;43;3811.00;320
9341;29;5188759;9341;615;10772;11092;4.23;0.26;370.35;15.42;1431;43;3812.00;320
9344;29;5188774;9344;610;10772;11092;4.24;0.26;370.29;15.42;1428;43;3813.00;320
9347;29;5188792;9347;615;10772;11092;4.24;0.26;370.36;15.42;1425;43;3814.00;320
9352;29;5188808;9352;608;10772;11092;4.23;0.26;370.33;15.42;1420;43;3815.00;320
9355;29;5188823;9355;609;10803;11162;4.42;0.27;370.34;15.38;1448;43;3816.00;359
9361;29;5188844;9361;602;10806;11163;4.40;0.27;370.42;15.38;1445;43;3817.00;357
9363;29;5188861;9363;592;10812;11163;4.43;0.27;370.41;15.37;1449;43;3818.00;351
9367;29;5188878;9367;593;10815;11163;4.44;0.27;370.44;15.37;1448;43;3819.00;348
9369;29;5188894;9369;594;10817;11163;4.43;0.27;370.58;15.36;1448;43;3820.00;346
9373;29;5188910;9373;599;10818;11163;4.41;0.27;370.65;15.36;1445;43;3821.00;345
9377;29;5188927;9377;601;10819;11163;4.35;0.27;370.67;15.36;1442;43;3822.00;344
9380;29;5188949;9380;605;10820;11163;4.30;0.26;370.66;15.36;1440;43;3823.00;343
9387;29;5188966;9387;610;10821;11164;4.21;0.26;370.85;15.36;1434;43;3824.00;343
9391;29;5188981;9391;607;10824;11166;4.17;0.25;370.84;15.36;1433;43;3825.00;342
9396;29;5188997;9396;619;10826;11166;4.11;0.25;370.85;15.36;1430;43;3826.00;340
9397;29;5189013;9397;617;10830;11170;4.07;0.25;370.85;15.35;1433;43;3827.00;340
9399;29;5189028;9399;614;10831;11170;4.00;0.24;370.88;15.35;1432;43;3828.00;339
9400;29;5189043;9400;614;10832;11170;4.01;0.25;370.89;15.35;1432;43;3829.00;338
9402;29;5189057;9402;616;10832;11170;4.02;0.25;370.97;15.35;1430;43;3830.00;338
9406;29;5189073;9406;627;10836;11176;4.04;0.25;370.96;15.35;1430;43;3831.00;340
9410;29;5189089;9410;630;10838;11176;4.04;0.25;370.98;15.35;1428;43;3832.00;338
9413;29;5189104;9413;630;10838;11176;4.09;0.25;371.21;15.35;1425;43;3833.00;338
9416;29;5189118;9416;634;10840;11179;4.13;0.25;371.29;15.35;1424;43;3834.00;339
9423;29;5189133;9423;640;10840;11179;4.09;0.25;371.39;15.35;1417;43;3835.00;339
9430;29;5189149;9430;639;10841;11179;4.07;0.25;371.48;15.35;1411;43;3836.00;338
9432;29;5189165;9432;644;10841;11180;4.06;0.25;371.46;15.35;1409;43;3837.00;339
9436;29;5189179;9436;648;10842;11181;4.03;0.25;371.64;15.34;1406;43;3838.00;339
9444;29;5189194;9444;652;10843;11181;3.99;0.24;371.88;15.35;1399;43;3839.00;338
9445;29;5189212;9445;663;10862;11207;4.04;0.25;371.98;15.32;1417;43;3840.00;345
9451;29;5189228;9451;670;10862;11207;3.95;0.24;372.23;15.32;1411;43;3841.00;345
9455;29;5189243;9455;664;10864;11207;3.93;0.24;372.47;15.32;1409;43;3842.00;343
9457;29;5189257;9457;665;10865;11208;3.95;0.24;372.54;15.32;1408;43;3843.00;343
9462;29;5189273;9462;666;10867;11208;3.92;0.24;372.65;15.32;1405;43;3844.00;341
9465;29;5189289;9465;665;10871;11212;3.94;0.24;372.76;15.39;1406;43;3845.00;341
9469;29;5189306;9469;674;10874;11214;3.93;0.24;372.87;15.39;1405;43;3846.00;340
9470;29;5189322;9470;679;10877;11218;3.95;0.24;372.87;15.38;1407;43;3847.00;341
9474;29;5189336;9474;687;10880;11218;3.91;0.24;373.18;15.38;1406;43;3848.00;338
9477;29;5189352;9477;682;10880;11218;3.92;0.24;373.11;15.38;1403;43;3849.00;338
9480;29;5189367;9480;683;10880;11218;3.90;0.24;373.21;15.38;1400;43;3850.00;338
9484;29;5189388;9484;672;10881;11218;3.90;0.24;373.51;15.38;1397;43;3851.00;337
9485;29;5189403;9485;665;10890;11230;3.90;0.24;373.48;15.37;1405;43;3852.00;340
9488;29;5189424;9488;669;10891;11230;3.91;0.24;373.62;15.37;1403;43;3853.00;339
9489;29;5189439;9489;658;10892;11230;3.91;0.24;373.66;15.37;1403;43;3854.00;338
9489;29;5189454;9489;658;10894;11230;3.93;0.24;373.66;15.37;1405;43;3855.00;336
9492;29;5189470;9492;657;10896;11230;3.91;0.24;373.80;15.37;1404;43;3856.00;334
9493;29;5189485;9493;669;10896;11230;3.88;0.24;373.83;15.37;1403;43;3857.00;334
9493;29;5189501;9493;666;10896;11231;3.92;0.24;373.83;15.37;1403;43;3858.00;335
9494;29;5189515;9494;668;10896;11231;3.94;0.24;373.81;15.37;1402;43;3859.00;335
9495;29;5189529;9495;674;10902;11237;3.98;0.24;373.79;15.36;1407;43;3860.00;335
9496;29;5189545;9496;671;10903;11238;4.01;0.24;373.80;15.36;1407;43;3861.00;335
9497;29;5189561;9497;666;10903;11238;4.02;0.25;373.83;15.36;1406;43;3862.00;335
9499;29;5189575;9499;662;10903;11238;4.05;0.25;373.88;15.36;1404;43;3863.00;335
9502;29;5189593;9502;661;10906;11242;4.09;0.25;373.93;15.36;1404;43;3864.00;336
9506;29;5189608;9506;667;10906;11242;4.13;0.25;373.95;15.36;1400;43;3865.00;336
9506;29;5189623;9506;672;10906;11242;4.18;0.26;373.95;15.36;1400;43;3866.00;336
9512;29;5189638;9512;665;10908;11243;4.20;0.26;374.00;15.43;1396;43;3867.00;335
9513;29;5189655;9513;663;10911;11247;4.22;0.26;374.05;15.43;1398;43;3868.00;336
9518;29;5189670;9518;670;10911;11247;4.19;0.26;374.11;15.43;1393;43;3869.00;336
9519;29;5189687;9519;668;10915;11253;4.21;0.26;374.16;15.42;1396;44;3870.00;338
9521;29;5189712;9521;670;10916;11253;4.19;0.26;374.17;15.42;1395;44;3871.00;337
9524;29;5189728;9524;673;10917;11253;4.14;0.25;374.13;15.42;1393;44;3872.00;336
9526;29;5189743;9526;683;10917;11253;4.10;0.25;374.10;15.42;1391;44;3873.00;336
9526;29;5189757;9526;691;10921;11257;4.13;0.25;374.10;15.41;1395;44;3874.00;336
9529;29;5189773;9529;694;10921;11257;4.07;0.25;374.06;15.41;1392;44;3875.00;336
9532;29;5189787;9532;699;10921;11257;4.02;0.25;373.98;15.41;1389;44;3876.00;336
9534;29;5189801;9534;694;10921;11257;3.99;0.24;373.92;15.41;1387;44;3877.00;336
9536;29;5189815;9536;695;10921;11258;3.95;0.24;373.89;15.41;1385;44;3878.00;337
9537;29;5189830;9537;691;10922;11259;3.97;0.24;373.90;15.41;1385;44;3879.00;337
9540;29;5189845;9540;686;10922;11259;3.94;0.24;373.89;15.41;1382;44;3880.00;337
9541;29;5189859;9541;682;10923;11260;3.94;0.24;373.85;15.41;1382;44;3881.00;337
9543;29;5189874;9543;692;10923;11260;3.87;0.24;373.84;15.41;1380;44;3882.00;337
9544;29;5189889;9544;690;10923;11260;3.86;0.24;373.83;15.41;1379;44;3883.00;337
9545;29;5189903;9545;693;10923;11260;3.85;0.24;373.92;15.41;1378;44;3884.00;337
9548;29;5189917;9548;689;10923;11260;3.84;0.24;373.91;15.41;1375;44;3885.00;337
9552;29;5189931;9552;683;10923;11260;3.84;0.23;373.81;15.41;1371;44;3886.00;337
9554;29;5189946;9554;678;10923;11260;3.80;0.23;373.78;15.41;1369;44;3887.00;337
9554;29;5189959;9554;693;10996;11387;3.97;0.25;373.78;15.31;1442;44;3888.00;391
9558;29;5189983;9558;671;10996;11388;3.98;0.25;373.80;15.31;1438;44;3889.00;392
9559;29;5189998;9559;641;11003;11388;4.10;0.25;373.76;15.30;1444;44;3890.00;385
9562;29;5190013;9562;615;11006;11388;4.16;0.26;373.77;15.30;1444;44;3891.00;382
9564;29;5190029;9564;603;11011;11388;4.26;0.26;373.78;15.29;1447;44;3892.00;377
9564;29;5190045;9564;595;11013;11388;4.37;0.27;373.78;15.29;1449;44;3893.00;375
9565;29;5190060;9565;584;11016;11388;4.52;0.28;373.78;15.29;1451;44;3894.00;372
9567;29;5190075;9567;584;11020;11388;4.62;0.28;373.79;15.28;1453;44;3895.00;368
9570;29;5190095;9570;581;11023;11389;4.70;0.29;373.85;15.28;1453;44;3896.00;366
9571;29;5190111;9571;575;11027;11390;4.75;0.29;373.92;15.28;1456;44;3897.00;363
9573;29;5190127;9573;566;11029;11390;4.80;0.29;373.89;15.28;1456;44;3898.00;361
9575;29;5190143;9575;568;11032;11391;4.84;0.30;373.91;15.28;1457;44;3899.00;359
9579;29;5190161;9579;568;11039;11406;4.77;0.29;373.92;15.46;1460;44;3900.00;367
9584;29;5190186;9584;557;11041;11406;4.76;0.29;373.97;15.46;1457;44;3901.00;365
9585;29;5190203;9585;558;11043;11406;4.78;0.29;373.94;15.46;1458;44;3902.00;363
9590;29;5190218;9590;555;11044;11410;4.76;0.29;373.92;15.46;1454;44;3903.00;366
9595;29;5190235;9595;563;11047;11410;4.76;0.29;373.93;15.46;1452;44;3904.00;363
9596;29;5190253;9596;563;11048;11410;4.81;0.29;373.90;15.46;1452;44;3905.00;362
9597;29;5190270;9597;572;11051;11413;4.83;0.30;373.87;15.45;1454;44;3906.00;362
9599;29;5190290;9599;574;11053;11413;4.84;0.30;373.83;15.45;1454;44;3907.00;360
9599;29;5190311;9599;580;11053;11413;4.85;0.30;373.83;15.45;1454;44;3908.00;360
9602;29;5190328;9602;584;11056;11417;4.83;0.29;373.80;15.45;1454;44;3909.00;361
9603;29;5190347;9603;587;11059;11418;4.80;0.29;373.82;15.45;1456;44;3910.00;359
9606;29;5190364;9606;579;11060;11418;4.75;0.29;373.98;15.45;1454;44;3911.00;358
9610;29;5190382;9610;577;11065;11422;4.73;0.29;374.07;15.44;1455;44;3912.00;357
9610;29;5190400;9610;581;11067;11422;4.75;0.29;374.07;15.44;1457;44;3913.00;355
9612;29;5190418;9612;585;11068;11422;4.75;0.29;374.08;15.54;1456;44;3914.00;354
9616;29;5190438;9616;578;11070;11424;4.70;0.29;374.15;15.54;1454;44;3915.00;354
9619;29;5190459;9619;582;11070;11424;4.69;0.28;374.19;15.54;1451;44;3916.00;354
9622;29;5190484;9622;586;11074;11430;4.69;0.28;374.14;15.53;1452;44;3917.00;356
9625;29;5190510;9625;592;11076;11430;4.68;0.28;374.27;15.53;1451;44;3918.00;354
9626;29;5190532;9626;595;11076;11431;4.69;0.28;374.26;15.53;1450;44;3919.00;355
9630;29;5190551;9630;591;11076;11431;4.67;0.28;374.27;15.53;1446;44;3920.00;355
9632;29;5190569;9632;586;11076;11431;4.68;0.28;374.30;15.53;1444;44;3921.00;355
9637;29;5190586;9637;588;11076;11431;4.66;0.28;374.38;15.53;1439;44;3922.00;355
9640;29;5190608;9640;588;11076;11431;4.63;0.28;374.58;15.53;1436;44;3923.00;355
9644;29;5190632;9644;596;11087;11443;4.61;0.28;374.59;15.52;1443;44;3924.00;356
9644;29;5190666;9644;593;11089;11443;4.62;0.28;374.59;15.71;1445;44;3925.00;354
9646;29;5190687;9646;598;11092;11443;4.62;0.28;374.69;15.71;1446;44;3926.00;351
9648;29;5190703;9648;599;11093;11443;4.59;0.28;374.75;15.81;1445;44;3927.00;350
9648;29;5190719;9648;609;11093;11443;4.59;0.28;374.75;15.81;1445;44;3928.00;350
9653;29;5190738;9653;618;11093;11443;4.51;0.27;374.86;15.81;1440;44;3929.00;350
9655;29;5190761;9655;621;11097;11447;4.47;0.27;374.97;15.90;1442;44;3930.00;350
9658;29;5190778;9658;624;11097;11447;4.40;0.27;375.19;15.90;1439;44;3931.00;350
9660;29;5190799;9660;633;11101;11451;4.39;0.27;375.26;15.89;1441;44;3932.00;350
9661;29;5190814;9661;637;11103;11452;4.38;0.27;375.25;15.99;1442;44;3933.00;349
9662;29;5190829;9662;647;11104;11452;4.35;0.27;375.21;16.08;1442;44;3934.00;348
9663;29;5190843;9663;645;11105;11452;4.33;0.26;375.24;16.18;1442;44;3935.00;347
9667;29;5190858;9667;653;11115;11465;4.32;0.26;375.18;16.16;1448;44;3936.00;350
9671;29;5190874;9671;656;11116;11465;4.28;0.26;375.22;16.26;1445;44;3937.00;349
9671;29;5190896;9671;658;11116;11465;4.29;0.26;375.22;16.26;1445;44;3938.00;349
9673;29;5190911;9673;655;11117;11466;4.28;0.26;375.19;16.26;1444;44;3939.00;349
9674;29;5190928;9674;656;11118;11467;4.34;0.26;375.20;16.35;1444;44;3940.00;349
9675;29;5190946;9675;653;11118;11467;4.35;0.27;375.18;16.35;1443;44;3941.00;349
9676;29;5190966;9676;652;11120;11470;4.35;0.27;375.15;16.35;1444;44;3942.00;350
9677;29;5190985;9677;656;11121;11470;4.33;0.26;375.13;16.44;1444;44;3943.00;349
9679;29;5191007;9679;646;11122;11470;4.34;0.26;375.09;16.44;1443;44;3944.00;348
9683;29;5191030;9683;647;11125;11470;4.33;0.26;375.00;16.63;1442;44;3945.00;345
9685;29;5191048;9685;655;11130;11476;4.35;0.26;375.13;16.62;1445;44;3946.00;346
9689;29;5191071;9689;647;11131;11476;4.37;0.26;375.18;16.62;1442;44;3947.00;345
9691;29;5191094;9691;639;11131;11476;4.34;0.26;375.32;16.62;1440;44;3948.00;345
9695;29;5191115;9695;638;11136;11476;4.31;0.26;375.38;17.00;1441;44;3949.00;340
9698;29;5191134;9698;637;11139;11480;4.28;0.26;375.45;17.00;1441;44;3950.00;341
9700;29;5191151;9700;637;11142;11481;4.27;0.26;375.55;17.18;1442;45;3951.00;339
9700;29;5191173;9700;637;11142;11481;4.26;0.26;375.55;17.18;1442;45;3952.00;339
9703;29;5191193;9703;634;11143;11482;4.24;0.26;375.71;17.18;1440;45;3953.00;339
9705;29;5191211;9705;625;11145;11482;4.24;0.26;375.78;17.37;1440;45;3954.00;337
9709;29;5191237;9709;622;11145;11482;4.17;0.25;375.89;17.37;1436;45;3955.00;337
9709;29;5191260;9709;622;11147;11482;4.15;0.25;375.89;17.56;1438;45;3956.00;335
9713;29;5191280;9713;626;11147;11482;4.10;0.25;375.96;17.56;1434;45;3957.00;335
9715;29;5191304;9715;628;11148;11482;4.05;0.25;375.95;17.65;1433;45;3958.00;334
9716;29;5191326;9716;628;11149;11482;4.02;0.25;376.00;17.74;1433;45;3959.00;333
9720;29;5191347;9720;642;11211;11607;4.18;0.26;375.97;17.74;1491;45;3960.00;396
9723;29;5191386;9723;627;11217;11608;4.17;0.26;375.89;17.73;1494;45;3961.00;391
9727;29;5191412;9727;626;11225;11608;4.14;0.26;376.01;17.81;1498;45;3962.00;383
9730;29;5191437;9730;625;11228;11608;4.14;0.26;375.98;17.90;1498;45;3963.00;380
9732;29;5191461;9732;623;11234;11608;4.18;0.26;376.18;17.98;1502;45;3964.00;374
9734;29;5191482;9734;621;11236;11608;4.18;0.26;376.16;17.98;1502;45;3965.00;372
9740;29;5191507;9740;621;11243;11608;4.18;0.26;376.31;18.06;1503;45;3966.00;365
9742;29;5191528;9742;611;11247;11608;4.20;0.26;376.31;18.15;1505;45;3967.00;361
9745;29;5191547;9745;601;11250;11609;4.20;0.26;376.39;18.15;1505;45;3968.00;359
9749;29;5191566;9749;595;11251;11610;4.19;0.26;376.48;18.15;1502;45;3969.00;359
9753;29;5191587;9753;598;11252;11610;4.18;0.26;376.54;18.15;1499;45;3970.00;358
9757;29;5191608;9757;598;11256;11614;4.19;0.26;376.65;18.14;1499;45;3971.00;358
9759;29;5191629;9759;600;11256;11614;4.20;0.26;376.61;18.14;1497;45;3972.00;358
9765;29;5191648;9765;605;11256;11614;4.19;0.26;376.62;18.14;1491;45;3973.00;358
9768;29;5191678;9768;604;11257;11614;4.18;0.26;376.73;18.14;1489;45;3974.00;357
9772;29;5191706;9772;607;11261;11620;4.16;0.26;376.83;18.14;1489;45;3975.00;359
9775;29;5191730;9775;608;11261;11620;4.13;0.25;376.96;18.14;1486;45;3976.00;359
9779;29;5191750;9779;599;11261;11620;4.08;0.25;376.92;18.14;1482;45;3977.00;359
9784;29;5191775;9784;595;11262;11623;4.06;0.25;377.01;18.13;1478;45;3978.00;361
9789;29;5191802;9789;595;11262;11623;4.01;0.24;377.03;18.13;1473;45;3979.00;361
9792;29;5191828;9792;587;11262;11623;3.99;0.24;377.08;18.13;1470;45;3980.00;361
9797;29;5191855;9797;592;11262;11624;3.96;0.24;377.14;18.13;1465;45;3981.00;362
9800;29;5191876;9800;590;11263;11625;3.98;0.24;377.23;18.13;1463;45;3982.00;362
9803;29;5191903;9803;594;11263;11625;3.93;0.24;377.17;18.13;1460;45;3983.00;362
9806;29;5191927;9806;600;11272;11638;3.95;0.24;377.36;18.12;1466;45;3984.00;366
9808;29;5191952;9808;601;11274;11638;3.96;0.24;377.32;18.12;1466;45;3985.00;364
9811;29;5191985;9811;602;11275;11638;3.91;0.24;377.48;18.12;1464;45;3986.00;363
9818;29;5192007;9818;597;11275;11639;3.81;0.23;377.55;18.12;1457;45;3987.00;364
9820;29;5192030;9820;601;11275;11639;3.78;0.23;377.52;18.12;1455;45;3988.00;364
9823;29;5192059;9823;596;11278;11643;3.77;0.23;377.68;18.11;1455;45;3989.00;365
9825;29;5192085;9825;599;11278;11643;3.77;0.23;377.75;18.11;1453;45;3990.00;365
9833;29;5192110;9833;610;11281;11647;3.76;0.23;377.91;18.11;1448;45;3991.00;366
9835;29;5192133;9835;611;11282;11647;3.76;0.23;378.01;18.11;1447;45;3992.00;365
9839;29;5192155;9839;617;11282;11647;3.75;0.23;378.07;18.11;1443;45;3993.00;365
9845;29;5192175;9845;623;11282;11647;3.71;0.23;378.18;18.11;1437;45;3994.00;365
9846;29;5192196;9846;621;11283;11647;3.73;0.23;378.24;18.11;1437;45;3995.00;364
9849;29;5192222;9849;632;11292;11659;3.80;0.23;378.42;18.10;1443;45;3996.00;367
9855;29;5192252;9855;639;11293;11659;3.74;0.23;378.46;18.10;1438;45;3997.00;366
9857;29;5192279;9857;639;11294;11659;3.76;0.23;378.54;18.10;1437;45;3998.00;365
9861;29;5192299;9861;635;11294;11659;3.76;0.23;378.75;18.10;1433;45;3999.00;365
9866;29;5192323;9866;630;11294;11659;3.69;0.23;378.85;18.10;1428;45;4000.00;365
9870;29;5192355;9870;637;11295;11659;3.67;0.22;378.84;18.10;1425;45;4001.00;364
9873;29;5192378;9873;634;11296;11660;3.62;0.22;378.89;18.18;1423;45;4002.00;364
9874;30;5192404;9874;651;11298;11660;3.60;0.22;378.90;18.18;1424;46;4003.00;362
9877;30;5192443;9877;658;11302;11666;3.56;0.22;379.09;18.18;1425;46;4004.00;364
9878;30;5192477;9878;655;11305;11668;3.50;0.21;379.10;18.18;1427;46;4005.00;363
9881;30;5192500;9881;653;11306;11668;3.40;0.21;379.08;18.18;1425;46;4006.00;362
9883;30;5192524;9883;646;11306;11668;3.37;0.21;379.03;18.18;1423;46;4007.00;362
9884;30;5192551;9884;637;11310;11672;3.38;0.21;379.09;18.17;1426;46;4008.00;362
9886;30;5192578;9886;622;11311;11672;3.35;0.21;379.04;18.17;1425;46;4009.00;361
9889;30;5192609;9889;618;11312;11672;3.35;0.20;378.96;18.17;1423;46;4010.00;360
9889;30;5192641;9889;616;11313;11673;3.36;0.21;378.96;18.17;1424;46;4011.00;360
9890;30;5192666;9890;623;11317;11677;3.37;0.21;378.97;18.16;1427;46;4012.00;360
9893;30;5192694;9893;627;11318;11677;3.35;0.21;378.90;18.16;1425;46;4013.00;359
9894;30;5192723;9894;626;11320;11680;3.39;0.21;378.94;18.16;1426;46;4014.00;360
9897;30;5192746;9897;628;11320;11680;3.35;0.21;378.93;18.16;1423;46;4015.00;360
9901;30;5192779;9901;620;11321;11680;3.32;0.20;378.97;18.16;1420;46;4016.00;359
9904;30;5192814;9904;602;11323;11680;3.32;0.20;379.03;18.24;1419;46;4017.00;357
9905;30;5192841;9905;598;11326;11684;3.39;0.21;379.03;18.23;1421;46;4018.00;358
9907;30;5192863;9907;587;11327;11684;3.42;0.21;378.96;18.23;1420;46;4019.00;357
9908;30;5192888;9908;581;11327;11684;3.45;0.21;378.94;18.23;1419;46;4020.00;357
9908;30;5192908;9908;572;11327;11684;3.53;0.22;378.94;18.23;1419;46;4021.00;357
9913;30;5192935;9913;572;11327;11685;3.53;0.22;378.89;18.23;1414;46;4022.00;358
9914;30;5192956;9914;572;11328;11686;3.60;0.22;378.86;18.23;1414;46;4023.00;358
9916;30;5192979;9916;565;11328;11686;3.65;0.22;378.88;18.23;1412;46;4024.00;358
9918;30;5193009;9918;562;11329;11687;3.71;0.23;378.95;18.23;1411;46;4025.00;358
9919;30;5193030;9919;566;11329;11687;3.75;0.23;378.99;18.23;1410;46;4026.00;358
9921;30;5193049;9921;576;11329;11687;3.77;0.23;378.95;18.23;1408;46;4027.00;358
9922;30;5193070;9922;578;11329;11687;3.81;0.23;378.99;18.23;1407;46;4028.00;358
9924;30;5193095;9924;577;11329;11687;3.83;0.23;378.98;18.23;1405;46;4029.00;358
9924;30;5193121;9924;576;11329;11687;3.85;0.24;378.98;18.23;1405;46;4030.00;358
9927;30;5193146;9927;574;11330;11687;3.84;0.23;379.02;18.31;1403;46;4031.00;357
9927;30;5193172;9927;602;11400;11814;4.08;0.25;379.02;18.19;1473;46;4032.00;414
9929;30;5193212;9929;593;11400;11815;4.06;0.25;378.99;18.19;1471;46;4033.00;415
9929;30;5193233;9929;587;11407;11815;4.13;0.26;378.99;18.18;1478;46;4034.00;408
9929;30;5193258;9929;590;11410;11815;4.13;0.26;378.99;18.18;1481;46;4035.00;405
9930;30;5193280;9930;573;11415;11815;4.14;0.26;378.96;18.17;1485;46;4036.00;400
9932;30;5193305;9932;568;11419;11815;4.15;0.26;378.99;18.17;1487;46;4037.00;396
9932;30;5193345;9932;559;11422;11815;4.16;0.26;378.99;18.17;1490;46;4038.00;393
9934;30;5193372;9934;557;11425;11815;4.17;0.26;379.01;18.16;1491;46;4039.00;390
9936;30;5193399;9936;561;11428;11816;4.20;0.26;379.06;18.16;1492;46;4040.00;388
9938;30;5193431;9938;565;11429;11817;4.23;0.26;379.10;18.16;1491;46;4041.00;388
9940;30;5193465;9940;564;11434;11817;4.25;0.26;379.07;18.16;1494;46;4042.00;383
9940;30;5193501;9940;568;11435;11818;4.29;0.26;379.07;18.16;1495;46;4043.00;383
9940;30;5193529;9940;565;11438;11818;4.36;0.27;379.07;18.15;1498;46;4044.00;380
9942;30;5193553;9942;565;11439;11818;4.37;0.27;379.10;18.15;1497;46;4045.00;379
9942;30;5193579;9942;562;11441;11818;4.40;0.27;379.10;18.15;1499;46;4046.00;377
9943;30;5193605;9943;569;11445;11822;4.40;0.27;379.09;18.15;1502;46;4047.00;377
9944;30;5193631;9944;561;11447;11822;4.41;0.27;379.08;18.15;1503;46;4048.00;375
9947;30;5193661;9947;563;11448;11822;4.36;0.27;379.12;18.22;1501;46;4049.00;374
9948;30;5193690;9948;555;11453;11828;4.32;0.26;379.12;18.22;1505;46;4050.00;375
9949;30;5193714;9949;555;11454;11828;4.37;0.27;379.12;18.22;1505;46;4051.00;374
9949;30;5193743;9949;552;11455;11828;4.42;0.27;379.12;18.22;1506;46;4052.00;373
9950;30;5193769;9950;555;11459;11832;4.47;0.27;379.13;18.21;1509;46;4053.00;373
9952;30;5193792;9952;542;11460;11833;4.49;0.27;379.11;18.21;1508;46;4054.00;373
9953;30;5193813;9953;538;11461;11833;4.56;0.28;379.13;18.21;1508;46;4055.00;372
9955;30;5193832;9955;526;11464;11837;4.64;0.28;379.24;18.20;1509;46;4056.00;373
9956;30;5193857;9956;513;11464;11837;4.67;0.29;379.23;18.20;1508;46;4057.00;373
9958;30;5193878;9958;500;11465;11837;4.71;0.29;379.32;18.20;1507;46;4058.00;372
9960;30;5193898;9960;497;11466;11838;4.68;0.29;379.48;18.20;1506;46;4059.00;372
9965;30;5193922;9965;488;11466;11838;4.64;0.28;379.60;18.20;1501;46;4060.00;372
9967;30;5193946;9967;489;11470;11844;4.65;0.28;379.69;18.20;1503;46;4061.00;374
9970;30;5193969;9970;494;11470;11844;4.66;0.28;379.67;18.20;1500;46;4062.00;374
9973;30;5193994;9973;498;11470;11845;4.63;0.28;379.68;18.20;1497;46;4063.00;375
9976;30;5194020;9976;499;11470;11845;4.62;0.28;379.80;18.20;1494;46;4064.00;375
9983;30;5194046;9983;499;11473;11845;4.57;0.28;380.05;18.47;1490;46;4065.00;372
9984;31;5194077;9984;495;11473;11845;4.56;0.28;380.16;18.47;1489;47;4066.00;372
9988;31;5194116;9988;489;11473;11845;4.55;0.28;380.18;18.47;1485;47;4067.00;372
9993;31;5194145;9993;502;11483;11857;4.61;0.28;380.29;18.45;1490;47;4068.00;374
9998;31;5194176;9998;492;11484;11857;4.61;0.28;380.46;18.45;1486;47;4069.00;373
9999;31;5194202;9999;497;11484;11857;4.61;0.28;380.43;18.45;1485;47;4070.00;373
10001;31;5194225;10001;496;11484;11857;4.61;0.28;380.51;18.45;1483;47;4071.00;373
10002;31;5194248;10002;502;11484;11857;4.66;0.28;380.47;18.45;1482;47;4072.00;373
10006;31;5194273;10006;503;11484;11857;4.65;0.28;380.54;18.45;1478;47;4073.00;373
10008;31;5194297;10008;511;11487;11861;4.65;0.28;380.65;18.44;1479;47;4074.00;374
10011;31;5194321;10011;512;11488;11861;4.67;0.28;380.69;18.45;1477;47;4075.00;373
10015;31;5194345;10015;522;11492;11865;4.68;0.28;380.90;18.44;1477;47;4076.00;373
10017;31;5194368;10017;527;11494;11866;4.66;0.28;380.98;18.54;1477;47;4077.00;372
10021;31;5194391;10021;524;11494;11866;4.66;0.28;381.29;18.54;1473;47;4078.00;372
10024;31;5194421;10024;530;11495;11866;4.60;0.28;381.38;18.54;1471;47;4079.00;371
10026;31;5194446;10026;548;11519;11895;4.55;0.28;381.43;18.60;1493;47;4080.00;376
10030;31;5194479;10030;546;11520;11895;4.49;0.27;381.40;18.59;1490;47;4081.00;375
10031;31;5194516;10031;543;11522;11895;4.49;0.27;381.39;18.59;1491;47;4082.00;373
10034;31;5194540;10034;538;11523;11896;4.52;0.28;381.39;18.59;1489;47;4083.00;373
10035;31;5194563;10035;542;11524;11897;4.54;0.28;381.40;18.59;1489;47;4084.00;373
10037;31;5194589;10037;543;11524;11897;4.54;0.28;381.37;18.59;1487;47;4085.00;373
10039;31;5194611;10039;544;11526;11900;4.54;0.28;381.40;18.59;1487;47;4086.00;374
10039;31;5194632;10039;550;11527;11900;4.55;0.28;381.40;18.58;1488;47;4087.00;373
10044;31;5194656;10044;558;11527;11900;4.51;0.28;381.32;18.58;1483;47;4088.00;373
10046;31;5194680;10046;568;11527;11900;4.51;0.27;381.34;18.58;1481;47;4089.00;373
10047;31;5194705;10047;573;11533;11906;4.53;0.28;381.40;18.67;1486;47;4090.00;373
10051;31;5194729;10051;582;11533;11906;4.47;0.27;381.47;18.67;1482;47;4091.00;373
10052;31;5194751;10052;593;11533;11906;4.44;0.27;381.48;18.67;1481;47;4092.00;373
10054;31;5194777;10054;595;11534;11906;4.38;0.27;381.50;18.77;1480;47;4093.00;372
10055;31;5194800;10055;599;11537;11910;4.31;0.26;381.59;18.77;1482;48;4094.00;373
10059;31;5194831;10059;605;11539;11912;4.29;0.26;381.64;18.76;1480;48;4095.00;373
10061;31;5194853;10061;610;11541;11912;4.24;0.26;381.72;18.96;1480;48;4096.00;371
10062;31;5194873;10062;608;11542;11913;4.23;0.26;381.76;18.96;1480;48;4097.00;371
10064;31;5194894;10064;614;11542;11913;4.22;0.26;381.83;18.96;1478;48;4098.00;371
10064;31;5194915;10064;609;11543;11913;4.21;0.26;381.83;19.05;1479;48;4099.00;370
10066;31;5194937;10066;614;11543;11913;4.20;0.26;381.87;19.05;1477;48;4100.00;370
10067;31;5194962;10067;622;11544;11913;4.22;0.26;381.84;19.15;1477;48;4101.00;369
10071;31;5194988;10071;615;11544;11913;4.18;0.26;381.86;19.15;1473;48;4102.00;369
10074;31;5195015;10074;624;11544;11913;4.20;0.26;381.93;19.15;1470;48;4103.00;369
10074;31;5195037;10074;626;11581;11983;4.37;0.27;381.93;19.18;1507;48;4104.00;402
10077;31;5195065;10077;620;11583;11984;4.36;0.27;381.92;19.18;1506;48;4105.00;401
10079;31;5195087;10079;617;11590;11984;4.37;0.27;382.07;19.17;1511;48;4106.00;394
10081;31;5195108;10081;616;11590;11984;4.37;0.27;382.18;19.17;1509;48;4107.00;394
10084;31;5195127;10084;619;11596;11984;4.34;0.27;382.15;19.36;1512;48;4108.00;388
10088;31;5195147;10088;614;11596;11984;4.28;0.26;382.37;19.36;1508;48;4109.00;388
10092;31;5195168;10092;605;11600;11984;4.29;0.26;382.58;19.35;1508;48;4110.00;384
10095;31;5195189;10095;608;11603;11984;4.30;0.26;382.70;19.44;1508;48;4111.00;381
10097;31;5195208;10097;604;11606;11985;4.31;0.26;382.72;19.44;1509;48;4112.00;379
10101;31;5195236;10101;603;11609;11986;4.35;0.26;382.73;19.44;1508;48;4113.00;377
10103;31;5195258;10103;610;11611;11986;4.37;0.27;382.72;19.44;1508;48;4114.00;375
10106;31;5195279;10106;610;11616;11990;4.35;0.26;382.73;19.62;1510;48;4115.00;374
10108;31;5195302;10108;613;11616;11990;4.32;0.26;382.72;19.62;1508;48;4116.00;374
10109;31;5195323;10109;605;11616;11990;4.30;0.26;382.69;19.62;1507;48;4117.00;374
10111;31;5195345;10111;616;11616;11990;4.25;0.26;382.80;19.62;1505;48;4118.00;374
10113;31;5195364;10113;618;11621;11996;4.25;0.26;382.79;19.61;1508;48;4119.00;375
10115;31;5195386;10115;626;11621;11996;4.20;0.26;382.80;19.61;1506;48;4120.00;375
10120;31;5195407;10120;626;11621;11996;4.13;0.25;382.81;19.61;1501;48;4121.00;375
10121;31;5195426;10121;637;11624;11999;4.06;0.25;382.82;19.61;1503;48;4122.00;375
10123;31;5195446;10123;641;11624;11999;3.93;0.24;382.85;19.61;1501;48;4123.00;375
10128;31;5195465;10128;644;11624;11999;3.79;0.23;382.86;19.61;1496;48;4124.00;375
10133;31;5195489;10133;637;11624;12000;3.68;0.22;382.81;19.61;1491;48;4125.00;376
10135;31;5195512;10135;637;11625;12001;3.63;0.22;382.82;19.60;1490;48;4126.00;376
10142;31;5195530;10142;633;11625;12001;3.56;0.22;382.89;19.60;1483;48;4127.00;376
10143;31;5195548;10143;639;11637;12014;3.59;0.22;382.91;19.59;1494;48;4128.00;377
10144;31;5195569;10144;635;11637;12014;3.62;0.22;382.91;19.59;1493;48;4129.00;377
10148;31;5195588;10148;637;11637;12014;3.61;0.22;382.90;19.59;1489;48;4130.00;377
10151;31;5195607;10151;635;11638;12015;3.61;0.22;382.95;19.58;1487;48;4131.00;377
10153;31;5195625;10153;635;11638;12015;3.65;0.22;383.00;19.58;1485;48;4132.00;377
10155;31;5195643;10155;632;11642;12019;3.74;0.23;383.00;19.58;1487;48;4133.00;377
10158;31;5195662;10158;634;11642;12019;3.71;0.23;383.14;19.58;1484;48;4134.00;377
10162;31;5195681;10162;631;11645;12023;3.68;0.22;383.13;19.58;1483;48;4135.00;378
10166;31;5195704;10166;629;11645;12023;3.64;0.22;383.17;19.58;1479;48;4136.00;378
10171;31;5195725;10171;622;11646;12023;3.62;0.22;383.10;19.58;1475;48;4137.00;377
10175;31;5195746;10175;620;11646;12023;3.66;0.22;383.18;19.58;1471;48;4138.00;377
10177;31;5195772;10177;621;11646;12023;3.70;0.23;383.16;19.58;1469;48;4139.00;377
10180;31;5195794;10180;617;11670;12057;3.89;0.24;383.13;19.54;1490;48;4140.00;387
10186;31;5195817;10186;617;11671;12057;3.87;0.24;383.15;19.54;1485;48;4141.00;386
10189;31;5195838;10189;615;11675;12057;3.91;0.24;383.16;19.61;1486;48;4142.00;382
10193;31;5195860;10193;617;11676;12057;3.88;0.24;383.30;19.61;1483;48;4143.00;381
10199;31;5195879;10199;618;11678;12057;3.87;0.24;383.41;19.61;1479;48;4144.00;379
10201;31;5195902;10201;621;11678;12057;3.84;0.23;383.41;19.61;1477;48;4145.00;379
10205;31;5195924;10205;616;11678;12058;3.82;0.23;383.57;19.61;1473;48;4146.00;380
10208;31;5195945;10208;622;11678;12058;3.79;0.23;383.60;19.61;1470;48;4147.00;380
10214;31;5195966;10214;622;11682;12064;3.74;0.23;383.79;19.60;1468;48;4148.00;382
10216;31;5195992;10216;638;11683;12065;3.73;0.23;383.81;19.60;1467;48;4149.00;382
10222;31;5196012;10222;650;11683;12065;3.63;0.22;383.79;19.60;1461;48;4150.00;382
10224;31;5196030;10224;651;11683;12065;3.59;0.22;383.82;19.60;1459;48;4151.00;382
10226;31;5196049;10226;661;11686;12069;3.58;0.22;383.98;19.59;1460;48;4152.00;383
10231;31;5196069;10231;658;11686;12069;3.50;0.21;383.99;19.59;1455;48;4153.00;383
10234;31;5196090;10234;663;11686;12069;3.44;0.21;384.05;19.59;1452;48;4154.00;383
10237;31;5196109;10237;663;11687;12070;3.39;0.21;384.16;19.59;1450;48;4155.00;383
10242;31;5196128;10242;673;11690;12074;3.35;0.20;384.17;19.59;1448;48;4156.00;384
10248;31;5196146;10248;680;11690;12074;3.27;0.20;384.29;19.59;1442;48;4157.00;384
10249;31;5196165;10249;683;11691;12077;3.29;0.20;384.30;19.59;1442;48;4158.00;386
10255;31;5196183;10255;679;11691;12077;3.26;0.20;384.36;19.59;1436;48;4159.00;386
10260;31;5196202;10260;674;11692;12077;3.21;0.20;384.36;19.59;1432;48;4160.00;385
10263;31;5196220;10263;680;11692;12077;3.17;0.19;384.38;19.59;1429;48;4161.00;385
10268;31;5196239;10268;685;11695;12081;3.15;0.19;384.35;19.58;1427;48;4162.00;386
10273;31;5196257;10273;680;11695;12081;3.14;0.19;384.27;19.58;1422;48;4163.00;386
10275;31;5196276;10275;679;11696;12081;3.14;0.19;384.24;19.58;1421;48;4164.00;385
10277;31;5196293;10277;679;11696;12081;3.16;0.19;384.24;19.58;1419;48;4165.00;385
10278;31;5196310;10278;676;11697;12082;3.13;0.19;384.24;19.58;1419;48;4166.00;385
10282;31;5196327;10282;682;11699;12083;3.10;0.19;384.22;19.58;1417;48;4167.00;384
10284;31;5196345;10284;688;11699;12083;3.08;0.19;384.20;19.58;1415;48;4168.00;384
10290;31;5196362;10290;694;11701;12084;3.01;0.18;384.24;19.58;1411;48;4169.00;383
10292;31;5196381;10292;708;11701;12084;2.99;0.18;384.25;19.58;1409;48;4170.00;383
10292;31;5196397;10292;704;11701;12084;2.96;0.18;384.25;19.58;1409;48;4171.00;383
10295;31;5196413;10295;701;11701;12084;2.92;0.18;384.22;19.58;1406;48;4172.00;383
10297;31;5196432;10297;692;11703;12086;2.90;0.18;384.19;19.57;1406;48;4173.00;383
10301;31;5196449;10301;686;11703;12086;2.90;0.18;384.14;19.57;1402;48;4174.00;383
10302;31;5196466;10302;683;11703;12086;2.93;0.18;384.12;19.57;1401;48;4175.00;383
10302;31;5196483;10302;698;11773;12213;3.23;0.20;384.12;19.46;1471;48;4176.00;440
10304;31;5196511;10304;694;11776;12214;3.29;0.21;384.11;19.45;1472;48;4177.00;438
10305;31;5196529;10305;685;11784;12214;3.42;0.21;384.18;19.44;1479;48;4178.00;430
10308;31;5196546;10308;685;11786;12214;3.45;0.21;384.32;19.44;1478;48;4179.00;428
10311;31;5196564;10311;689;11791;12214;3.51;0.22;384.35;19.43;1480;48;4180.00;423
10312;31;5196582;10312;673;11793;12214;3.55;0.22;384.32;19.43;1481;48;4181.00;421
10313;31;5196601;10313;663;11797;12214;3.59;0.22;384.32;19.42;1484;48;4182.00;417
10313;31;5196622;10313;655;11799;12214;3.64;0.22;384.32;19.42;1486;48;4183.00;415
10313;31;5196645;10313;621;11801;12215;3.68;0.23;384.32;19.42;1488;48;4184.00;414
10315;31;5196665;10315;613;11803;12217;3.72;0.23;384.29;19.42;1488;48;4185.00;414
10315;31;5196687;10315;595;11806;12217;3.79;0.23;384.29;19.41;1491;48;4186.00;411
10315;31;5196706;10315;602;11807;12218;3.82;0.23;384.29;19.41;1492;48;4187.00;411
10316;31;5196726;10316;602;11810;12218;3.87;0.24;384.33;19.41;1494;48;4188.00;408
10316;32;5196745;10316;599;11810;12218;3.93;0.24;384.33;19.41;1494;49;4189.00;408
10317;32;5196778;10317;601;11811;12218;4.01;0.25;384.31;19.41;1494;49;4190.00;407
10319;32;5196797;10319;606;11816;12222;4.09;0.25;384.45;19.41;1497;49;4191.00;406
10320;32;5196825;10320;601;11818;12222;4.15;0.25;384.51;19.40;1498;49;4192.00;404
10320;32;5196846;10320;596;11819;12222;4.24;0.26;384.51;19.40;1499;49;4193.00;403
10320;32;5196866;10320;597;11820;12225;4.32;0.26;384.51;19.40;1500;49;4194.00;405
10321;32;5196889;10321;592;11820;12225;4.35;0.27;384.56;19.40;1499;49;4195.00;405
10322;32;5196909;10322;580;11821;12225;4.37;0.27;384.54;19.40;1499;49;4196.00;404
10327;32;5196931;10327;584;11824;12229;4.35;0.27;384.53;19.40;1497;49;4197.00;405
10327;32;5196955;10327;575;11825;12230;4.37;0.27;384.53;19.40;1498;49;4198.00;405
10329;32;5196975;10329;580;11826;12230;4.38;0.27;384.50;19.40;1497;49;4199.00;404
10331;32;5197005;10331;582;11836;12264;4.36;0.27;384.43;19.38;1505;49;4200.00;428
10331;32;5197035;10331;578;11838;12264;4.37;0.27;384.43;19.38;1507;50;4201.00;426
10335;32;5197067;10335;580;11839;12264;4.36;0.27;384.52;19.38;1504;50;4202.00;425
10336;32;5197089;10336;577;11840;12265;4.37;0.27;384.51;19.38;1504;50;4203.00;425
10337;32;5197109;10337;575;11841;12265;4.35;0.26;384.50;19.38;1504;50;4204.00;424
10340;32;5197129;10340;577;11844;12271;4.36;0.27;384.63;19.37;1504;50;4205.00;427
10341;32;5197149;10341;583;11847;12271;4.39;0.27;384.61;19.45;1506;50;4206.00;424
10343;32;5197173;10343;574;11848;12272;4.40;0.27;384.65;19.45;1505;50;4207.00;424
10345;32;5197194;10345;571;11849;12272;4.42;0.27;384.85;19.45;1504;50;4208.00;423
10346;32;5197214;10346;572;11849;12272;4.43;0.27;384.88;19.45;1503;50;4209.00;423
10348;32;5197234;10348;564;11851;12272;4.46;0.27;384.99;19.45;1503;50;4210.00;421
10352;32;5197256;10352;566;11852;12272;4.46;0.27;385.19;19.45;1500;50;4211.00;420
10353;32;5197276;10353;569;11862;12284;4.53;0.28;385.23;19.44;1509;50;4212.00;422
10354;32;5197297;10354;569;11864;12284;4.58;0.28;385.27;19.44;1510;50;4213.00;420
10356;32;5197318;10356;572;11864;12284;4.62;0.28;385.32;19.44;1508;50;4214.00;420
10359;32;5197339;10359;562;11864;12284;4.67;0.28;385.44;19.44;1505;50;4215.00;420
10363;32;5197359;10363;554;11865;12284;4.69;0.29;385.65;19.44;1502;50;4216.00;419
10367;32;5197379;10367;557;11866;12284;4.70;0.29;385.65;19.44;1499;50;4217.00;418
10368;32;5197399;10368;552;11870;12288;4.74;0.29;385.74;19.43;1502;50;4218.00;418
10372;32;5197421;10372;537;11870;12288;4.69;0.29;385.81;19.43;1498;50;4219.00;418
10373;32;5197442;10373;531;11873;12292;4.71;0.29;385.81;19.43;1500;50;4220.00;419
10376;32;5197462;10376;537;11873;12293;4.70;0.29;385.96;19.43;1497;50;4221.00;420
10377;32;5197482;10377;527;11874;12293;4.77;0.29;386.04;19.43;1497;50;4222.00;419
10383;32;5197504;10383;531;11876;12293;4.72;0.29;386.21;19.43;1493;50;4223.00;417
10385;32;5197531;10385;527;11884;12306;4.78;0.29;386.34;19.42;1499;50;4224.00;422
10389;32;5197554;10389;520;11885;12306;4.80;0.29;386.54;19.52;1496;50;4225.00;421
10393;32;5197576;10393;518;11888;12306;4.83;0.29;386.62;19.52;1495;50;4226.00;418
10396;32;5197596;10396;520;11890;12307;4.84;0.29;386.62;19.60;1494;50;4227.00;417
10398;32;5197616;10398;520;11890;12308;4.88;0.30;386.66;19.60;1492;50;4228.00;418
10401;32;5197639;10401;523;11890;12308;4.91;0.30;386.62;19.60;1489;50;4229.00;418
10406;32;5197662;10406;523;11896;12314;4.93;0.30;386.71;19.59;1490;50;4230.00;418
10409;32;5197684;10409;527;11897;12314;4.95;0.30;386.80;19.59;1488;50;4231.00;417
10411;32;5197705;10411;530;11897;12314;4.92;0.30;386.89;19.59;1486;50;4232.00;417
10415;32;5197726;10415;532;11897;12314;4.94;0.30;386.86;19.59;1482;50;4233.00;417
10419;32;5197745;10419;532;11901;12320;4.94;0.30;386.87;19.59;1482;50;4234.00;419
10420;32;5197765;10420;539;11902;12320;4.97;0.30;386.86;19.59;1482;50;4235.00;418
10423;32;5197793;10423;535;11902;12320;4.95;0.30;386.91;19.59;1479;50;4236.00;418
10425;32;5197813;10425;542;11902;12320;4.91;0.30;386.96;19.59;1477;50;4237.00;418
10426;32;5197833;10426;549;11907;12324;4.84;0.29;387.00;19.59;1481;50;4238.00;417
10434;32;5197854;10434;543;11907;12325;4.77;0.29;387.17;19.59;1473;50;4239.00;418
10437;32;5197874;10437;552;11908;12325;4.73;0.29;387.35;19.59;1471;50;4240.00;417
10441;32;5197895;10441;560;11910;12326;4.67;0.28;387.41;19.59;1469;50;4241.00;416
10444;32;5197914;10444;562;11910;12326;4.65;0.28;387.51;19.59;1466;50;4242.00;416
10446;32;5197932;10446;568;11911;12326;4.57;0.28;387.52;19.58;1465;50;4243.00;415
10446;32;5197953;10446;575;11912;12326;4.55;0.28;387.52;19.59;1466;50;4244.00;414
10449;32;5197972;10449;574;11912;12326;4.52;0.28;387.63;19.59;1463;50;4245.00;414
10450;32;5197991;10450;583;11913;12326;4.52;0.28;387.73;19.59;1463;50;4246.00;413
10452;32;5198011;10452;582;11913;12326;4.46;0.27;387.90;19.59;1461;50;4247.00;413
10456;32;5198029;10456;602;11947;12396;4.52;0.28;388.02;19.53;1491;50;4248.00;449
10458;32;5198055;10458;599;11949;12397;4.51;0.28;388.00;19.53;1491;50;4249.00;448
10461;32;5198073;10461;602;11956;12397;4.54;0.28;388.08;19.53;1495;50;4250.00;441
10466;32;5198098;10466;606;11960;12397;4.54;0.28;388.16;19.53;1494;50;4251.00;437
10469;32;5198116;10469;603;11962;12397;4.55;0.28;388.12;19.53;1493;50;4252.00;435
10472;32;5198136;10472;606;11965;12397;4.54;0.28;388.13;19.52;1493;50;4253.00;432
10475;32;5198155;10475;613;11966;12397;4.55;0.28;388.27;19.52;1491;50;4254.00;431
10478;32;5198175;10478;615;11969;12397;4.61;0.28;388.35;19.52;1491;50;4255.00;428
10480;32;5198194;10480;619;11970;12398;4.63;0.28;388.38;19.52;1490;50;4256.00;428
10484;32;5198214;10484;623;11972;12399;4.60;0.28;388.47;19.52;1488;50;4257.00;427
10486;32;5198237;10486;620;11973;12399;4.56;0.28;388.47;19.52;1487;50;4258.00;426
10487;32;5198258;10487;620;11977;12403;4.50;0.27;388.44;19.51;1490;50;4259.00;426
10488;32;5198286;10488;630;11978;12403;4.47;0.27;388.49;19.51;1490;50;4260.00;425
10489;32;5198305;10489;638;11979;12403;4.47;0.27;388.46;19.51;1490;50;4261.00;424
10491;32;5198323;10491;639;11980;12403;4.46;0.27;388.42;19.51;1489;50;4262.00;423
10495;32;5198343;10495;632;11984;12409;4.48;0.27;388.45;19.50;1489;50;4263.00;425
10497;32;5198363;10497;634;11984;12409;4.48;0.27;388.42;19.50;1487;50;4264.00;425
10500;32;5198382;10500;637;11984;12409;4.52;0.28;388.43;19.50;1484;50;4265.00;425
10503;32;5198401;10503;636;11985;12412;4.54;0.28;388.39;19.50;1482;50;4266.00;427
10506;32;5198422;10506;635;11985;12412;4.51;0.28;388.43;19.50;1479;50;4267.00;427
10510;32;5198441;10510;632;11985;12412;4.49;0.27;388.44;19.50;1475;50;4268.00;427
10512;32;5198459;10512;628;11985;12413;4.46;0.27;388.50;19.50;1473;50;4269.00;428
10514;32;5198478;10514;627;11986;12414;4.43;0.27;388.49;19.50;1472;50;4270.00;428
10517;32;5198498;10517;635;11986;12414;4.39;0.27;388.60;19.50;1469;50;4271.00;428
10520;32;5198519;10520;633;11996;12427;4.38;0.27;388.60;19.48;1476;50;4272.00;431
10521;32;5198540;10521;632;11996;12427;4.33;0.27;388.69;19.48;1475;50;4273.00;431
10525;32;5198558;10525;633;11996;12427;4.28;0.26;388.73;19.48;1471;50;4274.00;431
10526;32;5198575;10526;629;11997;12429;4.29;0.26;388.74;19.48;1471;50;4275.00;432
10529;32;5198594;10529;620;11997;12429;4.24;0.26;388.67;19.48;1468;50;4276.00;432
10532;32;5198612;10532;619;12000;12433;4.23;0.26;388.72;19.48;1468;50;4277.00;433
10534;32;5198632;10534;621;12000;12433;4.20;0.26;388.76;19.48;1466;50;4278.00;433
10538;32;5198649;10538;619;12002;12437;4.18;0.26;388.96;19.47;1464;50;4279.00;435
10539;32;5198668;10539;618;12003;12437;4.16;0.25;388.94;19.47;1464;50;4280.00;434
10542;32;5198686;10542;624;12003;12437;4.15;0.25;389.04;19.47;1461;50;4281.00;434
10547;32;5198704;10547;622;12003;12437;4.12;0.25;389.11;19.47;1456;50;4282.00;434
10548;32;5198722;10548;619;12003;12437;4.10;0.25;389.17;19.47;1455;50;4283.00;434
10552;32;5198740;10552;627;12012;12449;4.12;0.25;389.30;19.46;1460;50;4284.00;437
10555;32;5198759;10555;629;12012;12449;4.06;0.25;389.57;19.46;1457;50;4285.00;437
10557;32;5198777;10557;635;12012;12449;4.00;0.24;389.54;19.46;1455;50;4286.00;437
10561;32;5198794;10561;641;12012;12449;3.95;0.24;389.63;19.46;1451;50;4287.00;437
10566;32;5198812;10566;642;12012;12449;3.85;0.23;389.76;19.46;1446;50;4288.00;437
10569;32;5198829;10569;653;12012;12449;3.78;0.23;389.91;19.46;1443;50;4289.00;437
10572;32;5198848;10572;638;12012;12450;3.73;0.23;389.84;19.46;1440;50;4290.00;438
10573;32;5198865;10573;638;12012;12450;3.72;0.23;389.84;19.46;1439;50;4291.00;438
10575;32;5198882;10575;643;12016;12456;3.73;0.23;389.79;19.45;1441;50;4292.00;440
10581;32;5198901;10581;640;12016;12457;3.67;0.22;389.91;19.45;1435;50;4293.00;441
10584;32;5198920;10584;643;12016;12457;3.66;0.22;389.94;19.45;1432;50;4294.00;441
10585;32;5198938;10585;644;12016;12457;3.65;0.22;389.95;19.45;1431;50;4295.00;441
10587;32;5198956;10587;638;12018;12461;3.66;0.22;389.98;19.45;1431;50;4296.00;443
10591;32;5198973;10591;637;12019;12461;3.65;0.22;389.93;19.45;1428;50;4297.00;442
10595;32;5198991;10595;630;12019;12461;3.62;0.22;389.90;19.45;1424;50;4298.00;442
10598;32;5199008;10598;634;12020;12462;3.61;0.22;389.84;19.45;1422;50;4299.00;442
10601;32;5199027;10601;637;12023;12466;3.59;0.22;389.78;19.44;1422;50;4300.00;443
10605;32;5199048;10605;630;12023;12466;3.54;0.22;389.74;19.44;1418;50;4301.00;443
10607;32;5199065;10607;630;12024;12469;3.52;0.21;389.70;19.44;1417;50;4302.00;445
10610;32;5199083;10610;638;12024;12469;3.49;0.21;389.66;19.44;1414;50;4303.00;445
10612;32;5199101;10612;635;12024;12469;3.50;0.21;389.62;19.44;1412;50;4304.00;445
10614;32;5199118;10614;637;12024;12469;3.47;0.21;389.57;19.44;1410;50;4305.00;445
10619;32;5199136;10619;642;12027;12473;3.46;0.21;389.53;19.44;1408;50;4306.00;446
10622;32;5199154;10622;635;12027;12473;3.47;0.21;389.48;19.44;1405;50;4307.00;446
10625;32;5199171;10625;649;12027;12473;3.49;0.21;389.46;19.44;1402;50;4308.00;446
10630;32;5199188;10630;653;12027;12473;3.47;0.21;389.37;19.44;1397;50;4309.00;446
10636;32;5199206;10636;655;12027;12474;3.44;0.21;389.35;19.44;1391;50;4310.00;447
10640;32;5199223;10640;655;12027;12475;3.38;0.21;389.26;19.44;1387;50;4311.00;448
10643;32;5199241;10643;659;12027;12475;3.36;0.20;389.25;19.44;1384;50;4312.00;448
10646;32;5199259;10646;661;12028;12476;3.35;0.20;389.20;19.43;1382;50;4313.00;448
10648;32;5199276;10648;661;12028;12476;3.35;0.20;389.20;19.43;1380;50;4314.00;448
10651;32;5199292;10651;661;12028;12476;3.32;0.20;389.18;19.43;1377;50;4315.00;448
10654;32;5199309;10654;658;12028;12476;3.30;0.20;389.19;19.43;1374;50;4316.00;448
10655;32;5199326;10655;670;12028;12476;3.26;0.20;389.17;19.43;1373;50;4317.00;448
10657;32;5199343;10657;673;12028;12476;3.23;0.20;389.16;19.43;1371;50;4318.00;448
10661;32;5199360;10661;676;12028;12476;3.20;0.19;389.14;19.43;1367;50;4319.00;448
10664;32;5199379;10664;708;12137;12706;3.66;0.23;389.16;19.26;1473;50;4320.00;569
10666;32;5199445;10666;708;12141;12707;3.64;0.23;389.19;19.25;1475;50;4321.00;566
10671;32;5199474;10671;702;12148;12707;3.64;0.23;389.09;19.24;1477;50;4322.00;559
10672;32;5199495;10672;710;12156;12707;3.67;0.23;389.10;19.23;1484;50;4323.00;551
10675;32;5199513;10675;707;12162;12707;3.68;0.23;389.12;19.23;1487;50;4324.00;545
10676;32;5199532;10676;706;12166;12707;3.67;0.23;389.14;19.22;1490;50;4325.00;541
10677;32;5199550;10677;707;12173;12707;3.67;0.23;389.15;19.21;1496;50;4326.00;534
10678;32;5199569;10678;701;12177;12707;3.66;0.23;389.16;19.30;1499;50;4327.00;530
10681;32;5199591;10681;711;12181;12708;3.64;0.23;389.17;19.29;1500;50;4328.00;527
10682;32;5199611;10682;710;12185;12709;3.62;0.23;389.18;19.30;1503;50;4329.00;524
10684;32;5199629;10684;708;12191;12709;3.56;0.22;389.19;19.30;1507;50;4330.00;518
10686;32;5199649;10686;704;12194;12710;3.53;0.22;389.18;19.30;1508;50;4331.00;516
10690;32;5199669;10690;702;12196;12710;3.47;0.22;389.25;19.30;1506;50;4332.00;514
10692;32;5199689;10692;696;12199;12710;3.46;0.22;389.22;19.31;1507;50;4333.00;511
10695;32;5199710;10695;694;12200;12710;3.46;0.21;389.25;19.31;1505;50;4334.00;510
10695;32;5199729;10695;698;12204;12714;3.49;0.22;389.25;19.31;1509;50;4335.00;510
10696;33;5199755;10696;711;12206;12714;3.52;0.22;389.25;19.32;1510;51;4336.00;508
10698;33;5199788;10698;702;12208;12714;3.59;0.22;389.30;19.33;1510;51;4337.00;506
10699;33;5199810;10699;698;12209;12717;3.64;0.22;389.35;19.33;1510;51;4338.00;508
10701;33;5199830;10701;699;12211;12717;3.66;0.23;389.35;19.34;1510;51;4339.00;506
10703;33;5199865;10703;700;12211;12717;3.66;0.23;389.34;19.34;1508;51;4340.00;506
10703;34;5199894;10703;693;12217;12721;3.67;0.23;389.34;19.34;1514;52;4341.00;504
10706;34;5199950;10706;692;12218;12722;3.65;0.23;389.48;19.34;1512;52;4342.00;504
10709;34;5199973;10709;687;12221;12722;3.63;0.22;389.43;19.44;1512;52;4343.00;501
10710;34;5199999;10710;687;12224;12726;3.60;0.22;389.40;19.43;1514;52;4344.00;502
10711;34;5200020;10711;702;12226;12726;3.56;0.22;389.38;19.44;1515;52;4345.00;500
10713;34;5200041;10713;687;12226;12726;3.57;0.22;389.34;19.44;1513;52;4346.00;500
10715;34;5200060;10715;679;12226;12727;3.61;0.22;389.42;19.44;1511;52;4347.00;501
10717;34;5200080;10717;662;12229;12727;3.66;0.22;389.43;19.45;1512;52;4348.00;498
10718;34;5200100;10718;656;12232;12733;3.72;0.23;389.40;19.45;1514;52;4349.00;501
10719;34;5200125;10719;647;12233;12733;3.78;0.23;389.37;19.45;1514;52;4350.00;500
10721;34;5200148;10721;642;12235;12734;3.82;0.23;389.40;19.46;1514;52;4351.00;499
10722;34;5200174;10722;641;12236;12734;3.90;0.24;389.38;19.46;1514;52;4352.00;498
10723;34;5200196;10723;642;12237;12734;3.97;0.24;389.42;19.46;1514;52;4353.00;497
10726;34;5200222;10726;646;12237;12734;3.98;0.24;389.40;19.46;1511;52;4354.00;497
10728;34;5200248;10728;654;12239;12734;4.00;0.24;389.42;19.47;1511;52;4355.00;495
10729;34;5200288;10729;658;12247;12746;4.09;0.25;389.39;19.45;1518;52;4356.00;499
10730;34;5200317;10730;652;12249;12746;4.11;0.25;389.43;19.45;1519;52;4357.00;497
10732;34;5200343;10732;645;12250;12746;4.15;0.25;389.54;19.45;1518;52;4358.00;496
10734;34;5200372;10734;648;12250;12746;4.16;0.25;389.57;19.45;1516;52;4359.00;496
10737;34;5200396;10737;649;12251;12746;4.19;0.26;389.59;19.45;1514;52;4360.00;495
10740;34;5200423;10740;645;12252;12746;4.19;0.26;389.57;19.46;1512;52;4361.00;494
10742;34;5200445;10742;638;12256;12750;4.17;0.25;389.62;19.46;1514;52;4362.00;494
10745;34;5200472;10745;625;12259;12750;4.17;0.25;389.75;19.47;1514;52;4363.00;491
10746;34;5200494;10746;634;12263;12754;4.17;0.25;389.74;19.46;1517;52;4364.00;491
10750;34;5200516;10750;626;12264;12756;4.15;0.25;389.71;19.46;1514;52;4365.00;492
10754;34;5200538;10754;628;12264;12756;4.18;0.25;389.87;19.46;1510;52;4366.00;492
10757;34;5200559;10757;630;12267;12756;4.17;0.25;389.89;19.56;1510;52;4367.00;489
10757;34;5200580;10757;634;12275;12769;4.26;0.26;389.89;19.55;1518;52;4368.00;494
10761;34;5200601;10761;627;12277;12769;4.29;0.26;389.93;19.55;1516;52;4369.00;492
10763;34;5200622;10763;630;12277;12769;4.32;0.26;389.96;19.55;1514;52;4370.00;492
10766;34;5200642;10766;627;12279;12770;4.35;0.26;390.02;19.55;1513;52;4371.00;491
10771;34;5200663;10771;624;12280;12771;4.32;0.26;390.07;19.56;1509;52;4372.00;491
10772;34;5200684;10772;620;12280;12771;4.36;0.26;390.09;19.56;1508;52;4373.00;491
10773;34;5200708;10773;621;12281;12774;4.42;0.27;390.18;19.56;1508;52;4374.00;493
10776;34;5200730;10776;619;12282;12774;4.41;0.27;390.33;19.56;1506;52;4375.00;492
10778;34;5200749;10778;618;12283;12774;4.45;0.27;390.35;19.56;1505;52;4376.00;491
10780;34;5200769;10780;619;12283;12774;4.48;0.27;390.42;19.56;1503;52;4377.00;491
10784;34;5200795;10784;615;12288;12780;4.47;0.27;390.62;19.56;1504;52;4378.00;492
10786;34;5200816;10786;619;12289;12780;4.47;0.27;390.64;19.56;1503;52;4379.00;491
10787;34;5200839;10787;617;12289;12780;4.51;0.27;390.64;19.56;1502;52;4380.00;491
10789;34;5200859;10789;613;12290;12780;4.55;0.28;390.70;19.57;1501;52;4381.00;490
10793;34;5200879;10793;613;12293;12784;4.52;0.27;390.76;19.56;1500;52;4382.00;491
10795;34;5200900;10795;607;12293;12785;4.55;0.28;390.89;19.56;1498;52;4383.00;492
10796;34;5200922;10796;599;12293;12785;4.59;0.28;390.89;19.56;1497;52;4384.00;492
10796;34;5200942;10796;584;12295;12786;4.62;0.28;390.89;19.56;1499;52;4385.00;491
10798;34;5200961;10798;583;12295;12786;4.61;0.28;390.98;19.56;1497;52;4386.00;491
10802;34;5200981;10802;590;12298;12786;4.56;0.28;390.95;19.89;1496;53;4387.00;488
10805;34;5201021;10805;588;12299;12786;4.55;0.28;390.98;19.90;1494;53;4388.00;487
10810;34;5201044;10810;595;12300;12786;4.52;0.27;391.13;19.90;1490;53;4389.00;486
10814;34;5201064;10814;591;12300;12786;4.50;0.27;391.23;19.90;1486;53;4390.00;486
10816;34;5201085;10816;589;12302;12786;4.50;0.27;391.23;19.91;1486;53;4391.00;484
10818;34;5201105;10818;601;12335;12856;4.56;0.28;391.32;19.85;1517;53;4392.00;521
10822;34;5201130;10822;579;12337;12857;4.55;0.28;391.33;19.86;1515;53;4393.00;520
10823;34;5201151;10823;569;12341;12857;4.59;0.28;391.36;19.86;1518;54;4394.00;516
10826;34;5201177;10826;567;12343;12857;4.58;0.28;391.40;19.97;1517;54;4395.00;514
10831;34;5201196;10831;568;12345;12857;4.59;0.28;391.47;19.97;1514;55;4396.00;512
10835;34;5201223;10835;557;12349;12857;4.62;0.28;391.69;19.97;1514;55;4397.00;508
10839;34;5201242;10839;554;12351;12857;4.60;0.28;391.67;19.97;1512;55;4398.00;506
10844;34;5201266;10844;549;12356;12857;4.62;0.28;391.83;19.98;1512;56;4399.00;501
10847;34;5201300;10847;549;12357;12858;4.67;0.28;391.79;19.98;1510;56;4400.00;501
10849;34;5201331;10849;547;12359;12859;4.68;0.29;391.91;19.97;1510;56;4401.00;500
10849;34;5201350;10849;549;12361;12859;4.71;0.29;391.91;19.98;1512;56;4402.00;498
10850;34;5201378;10850;545;12366;12863;4.71;0.29;391.93;19.98;1516;56;4403.00;497
10852;34;5201399;10852;545;12367;12863;4.68;0.29;391.94;19.98;1515;56;4404.00;496
10853;34;5201421;10853;549;12368;12863;4.69;0.29;391.93;19.98;1515;56;4405.00;495
10855;34;5201441;10855;559;12369;12863;4.68;0.29;391.96;19.99;1514;56;4406.00;494
10859;34;5201461;10859;550;12375;12869;4.70;0.29;391.99;19.99;1516;56;4407.00;494
10861;34;5201481;10861;560;12375;12869;4.69;0.29;392.12;19.99;1514;56;4408.00;494
10864;34;5201503;10864;555;12376;12869;4.66;0.28;392.26;19.99;1512;56;4409.00;493
10868;34;5201525;10868;555;12381;12875;4.66;0.28;392.32;19.99;1513;56;4410.00;494
10874;34;5201546;10874;558;12382;12875;4.64;0.28;392.54;20.00;1508;56;4411.00;493
10876;34;5201574;10876;560;12386;12875;4.66;0.28;392.61;20.00;1510;56;4412.00;489
10877;34;5201594;10877;556;12387;12876;4.68;0.29;392.61;20.00;1510;56;4413.00;489
10880;34;5201613;10880;567;12389;12877;4.62;0.28;392.61;20.00;1509;56;4414.00;488
10883;34;5201633;10883;572;12390;12877;4.61;0.28;392.72;20.01;1507;56;4415.00;487
10886;34;5201655;10886;581;12398;12890;4.59;0.28;392.66;19.99;1512;56;4416.00;492
10889;34;5201675;10889;587;12399;12890;4.53;0.28;392.88;20.00;1510;56;4417.00;491
10892;34;5201695;10892;590;12400;12890;4.47;0.27;392.95;20.00;1508;56;4418.00;490
10895;34;5201714;10895;599;12401;12891;4.49;0.27;392.91;20.01;1506;56;4419.00;490
10897;34;5201733;10897;606;12402;12891;4.49;0.27;392.93;20.01;1505;56;4420.00;489
10898;34;5201754;10898;613;12405;12895;4.52;0.28;392.96;20.01;1507;56;4421.00;490
10902;34;5201781;10902;614;12406;12895;4.51;0.28;393.20;20.01;1504;56;4422.00;489
10903;34;5201803;10903;620;12409;12899;4.49;0.27;393.26;20.12;1506;56;4423.00;490
10907;34;5201831;10907;615;12409;12899;4.47;0.27;393.24;20.12;1502;56;4424.00;490
10911;34;5201860;10911;620;12410;12899;4.40;0.27;393.29;20.12;1499;56;4425.00;489
10913;34;5201881;10913;622;12410;12899;4.39;0.27;393.33;20.12;1497;56;4426.00;489
10915;34;5201898;10915;632;12411;12899;4.40;0.27;393.38;20.12;1496;56;4427.00;488
10917;34;5201916;10917;632;12421;12911;4.43;0.27;393.47;20.10;1504;56;4428.00;490
10920;34;5201934;10920;632;12423;12911;4.38;0.27;393.54;20.21;1503;56;4429.00;488
10924;34;5201950;10924;635;12423;12911;4.33;0.26;393.65;20.21;1499;56;4430.00;488
10926;34;5201966;10926;644;12424;12911;4.27;0.26;393.85;20.21;1498;56;4431.00;487
10928;34;5201983;10928;645;12424;12911;4.26;0.26;393.95;20.21;1496;56;4432.00;487
10929;34;5201998;10929;646;12424;12911;4.22;0.26;393.98;20.21;1495;56;4433.00;487
10930;34;5202014;10930;656;12424;12912;4.24;0.26;394.02;20.21;1494;56;4434.00;488
10933;34;5202030;10933;657;12424;12912;4.23;0.26;394.08;20.21;1491;56;4435.00;488
10934;34;5202046;10934;658;12428;12918;4.23;0.26;394.12;20.21;1494;56;4436.00;490
10938;34;5202061;10938;669;12428;12919;4.16;0.25;394.13;20.21;1490;57;4437.00;491
10941;34;5202081;10941;670;12428;12919;4.09;0.25;394.29;20.21;1487;57;4438.00;491
10941;34;5202096;10941;676;12428;12919;4.05;0.25;394.29;20.21;1487;57;4439.00;491
10944;34;5202116;10944;675;12432;12924;4.02;0.24;394.33;20.20;1488;57;4440.00;492
10946;34;5202131;10946;679;12432;12924;3.93;0.24;394.30;20.20;1486;57;4441.00;492
10947;34;5202146;10947;679;12432;12924;3.91;0.24;394.35;20.20;1485;57;4442.00;492
10949;34;5202160;10949;673;12433;12925;3.89;0.24;394.35;20.20;1484;57;4443.00;492
10951;34;5202174;10951;677;12436;12929;3.85;0.23;394.34;20.19;1485;57;4444.00;493
10954;34;5202190;10954;670;12436;12929;3.82;0.23;394.32;20.19;1482;57;4445.00;493
10954;34;5202204;10954;673;12437;12932;3.84;0.23;394.32;20.19;1483;57;4446.00;495
10957;34;5202219;10957;668;12437;12932;3.81;0.23;394.39;20.19;1480;57;4447.00;495
10959;34;5202233;10959;673;12437;12932;3.81;0.23;394.34;20.19;1478;57;4448.00;495
10961;34;5202248;10961;678;12437;12932;3.80;0.23;394.46;20.19;1476;57;4449.00;495
10965;34;5202262;10965;684;12440;12936;3.83;0.23;394.61;20.19;1475;57;4450.00;496
10970;34;5202277;10970;678;12440;12936;3.80;0.23;394.55;20.19;1470;57;4451.00;496
10977;34;5202291;10977;686;12440;12936;3.70;0.23;394.53;20.19;1463;57;4452.00;496
10981;34;5202305;10981;685;12440;12936;3.66;0.22;394.45;20.19;1459;57;4453.00;496
10984;34;5202320;10984;689;12440;12937;3.58;0.22;394.52;20.19;1456;57;4454.00;497
10988;34;5202335;10988;678;12441;12939;3.51;0.21;394.53;20.19;1453;57;4455.00;498
10990;34;5202349;10990;671;12441;12939;3.48;0.21;394.60;20.19;1451;57;4456.00;498
10992;34;5202363;10992;678;12442;12940;3.48;0.21;394.58;20.19;1450;57;4457.00;498
10996;34;5202378;10996;682;12442;12940;3.48;0.21;394.55;20.19;1446;57;4458.00;498
10999;34;5202392;10999;688;12442;12940;3.47;0.21;394.47;20.19;1443;57;4459.00;498
11002;34;5202406;11002;694;12442;12940;3.43;0.21;394.42;20.19;1440;57;4460.00;498
11004;34;5202420;11004;692;12442;12940;3.40;0.21;394.41;20.19;1438;57;4461.00;498
11006;34;5202435;11006;688;12442;12940;3.39;0.21;394.41;20.19;1436;57;4462.00;498
11009;34;5202450;11009;687;12442;12940;3.34;0.21;394.35;20.19;1433;57;4463.00;498
11010;34;5202464;11010;695;12505;13067;3.69;0.23;394.34;20.08;1495;57;4464.00;562
11016;34;5202487;11016;698;12509;13068;3.66;0.23;394.25;20.08;1493;57;4465.00;559
11019;34;5202502;11019;700;12516;13068;3.65;0.23;394.22;20.07;1497;57;4466.00;552
11019;34;5202516;11019;705;12516;13068;3.62;0.23;394.22;20.07;1497;57;4467.00;552
11023;34;5202530;11023;716;12522;13068;3.62;0.23;394.27;20.06;1499;57;4468.00;546
11031;34;5202544;11031;709;12525;13068;3.55;0.22;394.20;20.06;1494;57;4469.00;543
11033;34;5202560;11033;706;12527;13068;3.49;0.22;394.14;20.05;1494;57;4470.00;541
11037;34;5202575;11037;708;12528;13068;3.45;0.21;394.24;20.05;1491;57;4471.00;540
11039;34;5202590;11039;702;12529;13069;3.43;0.21;394.24;20.05;1490;57;4472.00;540
11041;34;5202604;11041;713;12531;13070;3.44;0.21;394.26;20.05;1490;57;4473.00;539
11044;34;5202622;11044;707;12533;13070;3.43;0.21;394.24;20.05;1489;57;4474.00;537
11046;34;5202637;11046;708;12535;13071;3.46;0.21;394.22;20.05;1489;57;4475.00;536
11049;34;5202654;11049;712;12537;13071;3.42;0.21;394.20;20.05;1488;57;4476.00;534
11054;34;5202669;11054;702;12537;13071;3.40;0.21;394.22;20.05;1483;57;4477.00;534
11055;34;5202686;11055;700;12539;13071;3.43;0.21;394.22;20.04;1484;57;4478.00;532
11059;34;5202702;11059;693;12542;13075;3.44;0.21;394.23;20.04;1483;57;4479.00;533
11061;34;5202718;11061;693;12542;13075;3.44;0.21;394.22;20.04;1481;57;4480.00;533
11064;34;5202735;11064;694;12542;13075;3.43;0.21;394.20;20.04;1478;57;4481.00;533
11065;34;5202752;11065;694;12543;13078;3.44;0.21;394.21;20.04;1478;57;4482.00;535
11069;34;5202768;11069;693;12544;13078;3.44;0.21;394.17;20.14;1475;57;4483.00;534
11073;34;5202786;11073;687;12544;13078;3.45;0.21;394.15;20.14;1471;57;4484.00;534
11075;34;5202803;11075;686;12547;13082;3.50;0.21;394.13;20.13;1472;57;4485.00;535
11081;34;5202821;11081;681;12548;13083;3.51;0.21;394.05;20.13;1467;57;4486.00;535
11083;34;5202838;11083;687;12548;13083;3.50;0.21;394.11;20.13;1465;57;4487.00;535
11086;34;5202862;11086;685;12551;13087;3.55;0.22;394.11;20.13;1465;57;4488.00;536
11087;34;5202879;11087;684;12551;13087;3.60;0.22;394.12;20.13;1464;57;4489.00;536
11091;34;5202898;11091;676;12551;13087;3.59;0.22;394.06;20.13;1460;57;4490.00;536
11094;34;5202915;11094;680;12552;13088;3.64;0.22;394.01;20.13;1458;57;4491.00;536
11094;34;5202931;11094;667;12552;13088;3.69;0.23;394.01;20.13;1458;57;4492.00;536
11097;34;5202947;11097;664;12556;13094;3.70;0.23;393.98;20.13;1459;57;4493.00;538
11100;34;5202964;11100;656;12556;13094;3.65;0.22;393.94;20.13;1456;57;4494.00;538
11103;34;5202980;11103;653;12557;13095;3.65;0.22;393.96;20.13;1454;57;4495.00;538
11106;34;5202997;11106;651;12557;13095;3.63;0.22;393.96;20.13;1451;57;4496.00;538
11108;34;5203013;11108;660;12558;13095;3.57;0.22;394.02;20.14;1450;57;4497.00;537
11112;34;5203029;11112;653;12559;13095;3.52;0.21;394.06;20.15;1447;57;4498.00;536
11113;34;5203046;11113;656;12560;13095;3.52;0.21;394.08;20.16;1447;57;4499.00;535
11117;34;5203066;11117;656;12585;13145;3.58;0.22;394.28;20.12;1468;57;4500.00;560
11120;34;5203091;11120;658;12585;13147;3.58;0.22;394.41;20.12;1465;57;4501.00;562
11123;34;5203108;11123;657;12590;13147;3.57;0.22;394.46;20.13;1467;57;4502.00;557
11123;34;5203124;11123;647;12591;13147;3.57;0.22;394.46;20.13;1468;57;4503.00;556
11127;34;5203140;11127;645;12594;13147;3.56;0.22;394.48;20.14;1467;57;4504.00;553
11129;34;5203156;11129;646;12596;13147;3.54;0.22;394.46;20.14;1467;57;4505.00;551
11130;34;5203171;11130;652;12601;13151;3.54;0.22;394.45;20.15;1471;57;4506.00;550
11133;34;5203186;11133;655;12602;13151;3.53;0.22;394.42;20.15;1469;57;4507.00;549
11136;34;5203202;11136;666;12605;13155;3.56;0.22;394.37;20.15;1469;57;4508.00;550
11138;34;5203218;11138;672;12606;13156;3.58;0.22;394.42;20.16;1468;57;4509.00;550
11140;34;5203240;11140;675;12607;13156;3.60;0.22;394.57;20.17;1467;57;4510.00;549
11140;34;5203257;11140;660;12607;13156;3.64;0.22;394.57;20.17;1467;57;4511.00;549
11143;34;5203274;11143;659;12618;13169;3.73;0.23;394.66;20.16;1475;57;4512.00;551
11145;34;5203292;11145;643;12619;13169;3.76;0.23;394.75;20.16;1474;57;4513.00;550
11146;34;5203308;11146;638;12619;13169;3.80;0.23;394.79;20.16;1473;57;4514.00;550
11147;34;5203324;11147;619;12622;13170;3.89;0.24;394.83;20.17;1475;57;4515.00;548
11148;34;5203345;11148;617;12624;13171;3.94;0.24;394.92;20.28;1476;57;4516.00;547
11151;34;5203362;11151;608;12626;13171;4.01;0.24;394.93;20.28;1475;57;4517.00;545
11153;34;5203378;11153;607;12628;13174;4.06;0.25;395.01;20.38;1475;57;4518.00;546
11154;34;5203395;11154;601;12631;13174;4.10;0.25;395.05;20.39;1477;57;4519.00;543
11155;34;5203411;11155;605;12631;13174;4.15;0.25;395.08;20.39;1476;57;4520.00;543
11157;34;5203426;11157;615;12632;13174;4.17;0.25;395.17;20.40;1475;57;4521.00;542
11157;34;5203444;11157;608;12636;13180;4.21;0.26;395.17;20.40;1479;57;4522.00;544
11161;34;5203461;11161;600;12637;13180;4.20;0.26;395.21;20.40;1476;57;4523.00;543
11162;34;5203479;11162;597;12638;13180;4.24;0.26;395.24;20.40;1476;57;4524.00;542
11164;34;5203496;11164;591;12639;13180;4.27;0.26;395.26;20.41;1475;57;4525.00;541
11165;34;5203513;11165;595;12642;13184;4.28;0.26;395.24;20.40;1477;57;4526.00;542
11166;34;5203531;11166;599;12643;13185;4.32;0.26;395.25;20.41;1477;57;4527.00;542
11168;34;5203547;11168;590;12643;13185;4.33;0.26;395.25;20.41;1475;57;4528.00;542
11170;34;5203564;11170;583;12645;13186;4.35;0.27;395.35;20.41;1475;57;4529.00;541
11175;34;5203581;11175;587;12647;13186;4.37;0.27;395.41;20.41;1472;57;4530.00;539
11177;34;5203599;11177;586;12648;13186;4.39;0.27;395.49;20.42;1471;57;4531.00;538
11180;34;5203614;11180;595;12650;13186;4.36;0.27;395.48;20.42;1470;57;4532.00;536
11183;34;5203631;11183;598;12650;13186;4.38;0.27;395.67;20.42;1467;57;4533.00;536
11187;34;5203648;11187;596;12651;13186;4.41;0.27;395.73;20.43;1464;57;4534.00;535
11189;34;5203664;11189;606;12653;13186;4.39;0.27;395.71;20.43;1464;57;4535.00;533
11192;34;5203681;11192;618;12687;13256;4.38;0.27;395.69;20.38;1495;57;4536.00;569
11194;34;5203705;11194;610;12688;13257;4.41;0.27;395.85;20.38;1494;57;4537.00;569
11195;34;5203722;11195;607;12693;13257;4.49;0.27;395.96;20.38;1498;57;4538.00;564
11197;34;5203739;11197;616;12694;13257;4.55;0.28;395.97;20.39;1497;57;4539.00;563
11201;34;5203756;11201;616;12697;13257;4.59;0.28;396.20;20.39;1496;57;4540.00;560
11204;34;5203773;11204;623;12697;13257;4.65;0.28;396.27;20.39;1493;57;4541.00;560
11208;34;5203791;11208;631;12699;13257;4.68;0.28;396.35;20.39;1491;57;4542.00;558
11210;34;5203809;11210;644;12704;13257;4.76;0.29;396.44;20.40;1494;57;4543.00;553
11213;34;5203827;11213;636;12704;13258;4.77;0.29;396.61;20.40;1491;57;4544.00;554
11215;34;5203845;11215;631;12710;13260;4.77;0.29;396.76;20.40;1495;57;4545.00;550
11218;34;5203865;11218;625;12710;13260;4.75;0.29;396.73;20.40;1492;57;4546.00;550
11220;34;5203885;11220;618;12716;13264;4.72;0.29;396.75;20.41;1496;57;4547.00;548
11221;34;5203903;11221;620;12720;13264;4.70;0.29;396.78;20.41;1499;57;4548.00;544
11223;34;5203923;11223;612;12722;13264;4.67;0.28;396.85;20.42;1499;57;4549.00;542
11226;34;5203942;11226;604;12722;13264;4.65;0.28;396.85;20.42;1496;57;4550.00;542
11230;34;5203961;11230;601;12728;13270;4.66;0.28;396.96;20.42;1498;57;4551.00;542
11236;34;5203978;11236;595;12730;13270;4.68;0.29;397.00;20.42;1494;57;4552.00;540
11238;34;5203996;11238;599;12730;13270;4.71;0.29;397.01;20.42;1492;57;4553.00;540
11239;34;5204013;11239;600;12732;13273;4.73;0.29;397.12;20.42;1493;57;4554.00;541
11243;34;5204031;11243;598;12734;13273;4.70;0.29;397.11;20.42;1491;57;4555.00;539
11245;34;5204053;11245;604;12734;13273;4.67;0.28;397.13;20.42;1489;57;4556.00;539
11245;34;5204070;11245;604;12735;13274;4.68;0.29;397.13;20.43;1490;57;4557.00;539
11250;34;5204087;11250;607;12736;13275;4.67;0.28;397.24;20.43;1486;57;4558.00;539
11252;34;5204104;11252;601;12736;13275;4.64;0.28;397.23;20.43;1484;57;4559.00;539
11254;34;5204123;11254;606;12753;13301;4.63;0.28;397.19;20.41;1499;57;4560.00;548
11258;34;5204143;11258;596;12753;13301;4.59;0.28;397.30;20.41;1495;57;4561.00;548
11263;34;5204160;11263;597;12754;13301;4.50;0.27;397.45;20.40;1491;57;4562.00;547
11266;34;5204176;11266;597;12755;13302;4.42;0.27;397.46;20.41;1489;57;4563.00;547
11272;34;5204193;11272;603;12757;13302;4.36;0.27;397.50;20.40;1485;57;4564.00;545
11277;34;5204211;11277;608;12759;13306;4.32;0.26;397.75;20.40;1482;57;4565.00;547
11279;34;5204230;11279;611;12759;13306;4.26;0.26;397.76;20.40;1480;57;4566.00;547
11281;34;5204247;11281;610;12763;13310;4.20;0.26;397.84;20.39;1482;57;4567.00;547
11282;34;5204265;11282;617;12763;13310;4.16;0.25;397.88;20.39;1481;57;4568.00;547
11283;34;5204280;11283;613;12764;13310;4.15;0.25;397.93;20.39;1481;57;4569.00;546
11288;34;5204297;11288;617;12764;13310;4.10;0.25;398.04;20.39;1476;57;4570.00;546
11289;34;5204314;11289;620;12766;13310;4.10;0.25;398.11;20.39;1477;57;4571.00;544
11293;34;5204331;11293;617;12774;13322;4.11;0.25;398.12;20.38;1481;57;4572.00;548
11296;34;5204350;11296;614;12775;13322;4.08;0.25;398.17;20.39;1479;57;4573.00;547
11299;34;5204367;11299;613;12777;13322;4.09;0.25;398.28;20.39;1478;57;4574.00;545
11300;34;5204384;11300;620;12777;13322;4.10;0.25;398.29;20.39;1477;57;4575.00;545
11301;34;5204401;11301;634;12777;13322;4.10;0.25;398.32;20.39;1476;57;4576.00;545
11302;34;5204417;11302;639;12777;13322;4.12;0.25;398.34;20.39;1475;57;4577.00;545
11304;34;5204432;11304;652;12777;13323;4.10;0.25;398.39;20.39;1473;57;4578.00;546
11308;34;5204448;11308;656;12777;13323;4.05;0.25;398.56;20.39;1469;57;4579.00;546
11309;34;5204464;11309;669;12781;13329;4.09;0.25;398.55;20.38;1472;57;4580.00;548
11312;34;5204481;11312;671;12781;13330;4.02;0.24;398.56;20.38;1469;57;4581.00;549
11316;34;5204498;11316;678;12781;13330;3.98;0.24;398.73;20.38;1465;57;4582.00;549
11319;34;5204514;11319;690;12781;13330;3.96;0.24;398.67;20.38;1462;57;4583.00;549
11320;34;5204531;11320;695;12784;13334;3.98;0.24;398.74;20.38;1464;57;4584.00;550
11323;34;5204546;11323;698;12784;13334;3.99;0.24;398.85;20.38;1461;57;4585.00;550
11326;34;5204562;11326;705;12784;13334;3.95;0.24;398.89;20.38;1458;57;4586.00;550
11327;34;5204577;11327;711;12785;13335;3.94;0.24;398.90;20.37;1458;57;4587.00;550
11329;34;5204602;11329;725;12788;13339;3.89;0.24;399.00;20.37;1459;57;4588.00;551
11329;34;5204618;11329;723;12788;13339;3.85;0.24;399.00;20.37;1459;57;4589.00;551
11332;34;5204635;11332;727;12792;13345;3.80;0.23;398.98;20.36;1460;57;4590.00;553
11333;34;5204651;11333;730;12792;13345;3.77;0.23;398.98;20.36;1459;57;4591.00;553
11337;34;5204665;11337;730;12792;13345;3.72;0.23;399.05;20.36;1455;57;4592.00;553
11340;34;5204679;11340;733;12792;13345;3.68;0.22;399.03;20.36;1452;57;4593.00;553
11341;34;5204699;11341;734;12795;13349;3.69;0.23;399.03;20.36;1454;57;4594.00;554
11341;34;5204715;11341;735;12795;13349;3.65;0.22;399.03;20.36;1454;57;4595.00;554
11344;34;5204729;11344;735;12795;13349;3.56;0.22;399.02;20.36;1451;57;4596.00;554
11344;34;5204744;11344;736;12795;13349;3.52;0.22;399.02;20.36;1451;57;4597.00;554
11346;34;5204757;11346;749;12795;13350;3.48;0.21;398.97;20.36;1449;57;4598.00;555
11347;34;5204771;11347;753;12795;13351;3.47;0.21;399.01;20.36;1448;57;4599.00;556
11348;34;5204786;11348;757;12795;13351;3.44;0.21;398.98;20.36;1447;57;4600.00;556
11353;34;5204803;11353;759;12796;13352;3.45;0.21;398.94;20.36;1443;57;4601.00;556
11354;34;5204818;11354;757;12796;13352;3.45;0.21;398.92;20.36;1442;57;4602.00;556
11354;34;5204832;11354;758;12796;13352;3.43;0.21;398.92;20.36;1442;57;4603.00;556
11356;34;5204847;11356;760;12796;13352;3.40;0.21;398.87;20.36;1440;57;4604.00;556
11358;34;5204861;11358;756;12796;13352;3.36;0.21;398.84;20.36;1438;57;4605.00;556
11361;34;5204874;11361;753;12796;13352;3.33;0.20;398.82;20.36;1435;57;4606.00;556
11361;34;5204888;11361;752;12796;13352;3.32;0.20;398.82;20.36;1435;57;4607.00;556
11362;34;5204901;11362;763;12859;13479;3.59;0.22;398.79;20.26;1497;57;4608.00;620
11365;34;5204923;11365;755;12863;13480;3.57;0.22;398.79;20.25;1498;57;4609.00;617
11365;34;5204938;11365;739;12869;13480;3.60;0.22;398.79;20.24;1504;57;4610.00;611
11366;34;5204951;11366;733;12870;13480;3.60;0.22;398.78;20.24;1504;57;4611.00;610
11367;34;5204964;11367;738;12873;13480;3.59;0.22;398.82;20.24;1506;57;4612.00;607
11371;34;5204977;11371;737;12874;13480;3.53;0.22;398.73;20.24;1503;57;4613.00;606
11375;34;5204991;11375;743;12876;13480;3.50;0.22;398.66;20.23;1501;57;4614.00;604
11375;34;5205005;11375;739;12877;13480;3.47;0.21;398.66;20.23;1502;57;4615.00;603
11378;34;5205018;11378;736;12877;13481;3.41;0.21;398.63;20.23;1499;57;4616.00;604
11379;34;5205031;11379;744;12879;13482;3.39;0.21;398.71;20.23;1500;57;4617.00;603
11382;34;5205045;11382;749;12879;13482;3.31;0.20;398.69;20.23;1497;57;4618.00;603
11386;34;5205058;11386;760;12882;13483;3.25;0.20;398.66;20.23;1496;57;4619.00;601
11387;34;5205073;11387;749;12884;13483;3.22;0.20;398.63;20.23;1497;57;4620.00;599
11390;34;5205087;11390;751;12886;13483;3.15;0.19;398.63;20.23;1496;57;4621.00;597
11395;34;5205101;11395;759;12888;13483;3.05;0.19;398.64;20.23;1493;57;4622.00;595
11396;34;5205115;11396;759;12891;13487;3.01;0.19;398.63;20.22;1495;57;4623.00;596
11397;34;5205129;11397;741;12892;13487;2.98;0.18;398.62;20.22;1495;57;4624.00;595
11398;34;5205143;11398;731;12893;13487;3.00;0.19;398.62;20.22;1495;57;4625.00;594
11399;34;5205158;11399;724;12894;13490;3.04;0.19;398.60;20.22;1495;57;4626.00;596
11402;34;5205177;11402;709;12895;13490;3.07;0.19;398.60;20.22;1493;57;4627.00;595
11403;34;5205191;11403;703;12895;13490;3.12;0.19;398.60;20.22;1492;57;4628.00;595
11407;34;5205206;11407;689;12898;13494;3.15;0.19;398.66;20.22;1491;57;4629.00;596
11408;34;5205221;11408;674;12899;13495;3.21;0.20;398.65;20.21;1491;57;4630.00;596
11410;34;5205242;11410;680;12899;13495;3.27;0.20;398.65;20.21;1489;57;4631.00;596
11412;34;5205256;11412;675;12902;13499;3.34;0.21;398.65;20.21;1490;57;4632.00;597
11416;34;5205278;11416;663;12902;13499;3.37;0.21;398.55;20.21;1486;57;4633.00;597
11421;34;5205294;11421;663;12902;13499;3.41;0.21;398.49;20.21;1481;57;4634.00;597
11424;34;5205311;11424;662;12903;13501;3.49;0.21;398.44;20.21;1479;57;4635.00;598
11426;34;5205328;11426;663;12903;13501;3.53;0.22;398.39;20.21;1477;57;4636.00;598
11427;34;5205345;11427;661;12906;13507;3.60;0.22;398.38;20.20;1479;57;4637.00;601
11429;34;5205365;11429;660;12906;13507;3.66;0.22;398.34;20.20;1477;57;4638.00;601
11432;34;5205386;11432;666;12906;13508;3.69;0.22;398.30;20.20;1474;57;4639.00;602
11436;34;5205418;11436;658;12906;13508;3.70;0.22;398.31;20.20;1470;57;4640.00;602
11439;34;5205441;11439;656;12906;13508;3.75;0.23;398.36;20.20;1467;57;4641.00;602
11442;34;5205462;11442;659;12906;13508;3.80;0.23;398.27;20.20;1464;57;4642.00;602
11444;34;5205480;11444;658;12906;13508;3.84;0.23;398.28;20.20;1462;57;4643.00;602
11449;34;5205497;11449;653;12915;13520;3.91;0.24;398.31;20.19;1466;57;4644.00;605
11450;34;5205516;11450;643;12916;13520;3.93;0.24;398.32;20.20;1466;57;4645.00;604
11454;34;5205534;11454;633;12916;13520;3.93;0.24;398.44;20.20;1462;57;4646.00;604
11460;34;5205551;11460;627;12917;13520;3.87;0.24;398.48;20.20;1457;57;4647.00;603
11466;34;5205569;11466;624;12917;13520;3.84;0.23;398.43;20.20;1451;57;4648.00;603
11469;34;5205586;11469;624;12918;13520;3.81;0.23;398.38;20.22;1449;57;4649.00;602
11474;34;5205603;11474;613;12922;13526;3.80;0.23;398.43;20.21;1448;57;4650.00;604
11477;34;5205621;11477;620;12922;13526;3.78;0.23;398.43;20.21;1445;57;4651.00;604
11481;34;5205637;11481;621;12925;13530;3.76;0.23;398.46;20.21;1444;57;4652.00;605
11482;34;5205658;11482;610;12925;13531;3.80;0.23;398.49;20.21;1443;57;4653.00;606
11485;34;5205677;11485;608;12925;13531;3.87;0.24;398.51;20.21;1440;57;4654.00;606
11489;34;5205700;11489;605;12925;13531;3.92;0.24;398.62;20.21;1436;57;4655.00;606
11494;34;5205719;11494;608;12935;13544;3.98;0.24;398.66;20.19;1441;57;4656.00;609
11497;34;5205738;11497;604;12935;13544;4.03;0.24;398.69;20.19;1438;57;4657.00;609
11500;34;5205755;11500;606;12935;13544;4.09;0.25;398.70;20.19;1435;57;4658.00;609
11502;34;5205772;11502;601;12937;13545;4.11;0.25;398.68;20.20;1435;57;4659.00;608
11505;34;5205790;11505;593;12938;13546;4.16;0.25;398.71;20.31;1433;57;4660.00;608
11510;34;5205809;11510;590;12938;13546;4.15;0.25;398.83;20.31;1428;57;4661.00;608
11511;34;5205825;11511;592;12939;13549;4.16;0.25;398.87;20.31;1428;57;4662.00;610
11515;34;5205841;11515;588;12939;13549;4.17;0.25;398.93;20.31;1424;57;4663.00;610
11516;34;5205858;11516;586;12939;13549;4.21;0.26;399.04;20.31;1423;57;4664.00;610
11520;34;5205874;11520;585;12941;13549;4.16;0.25;399.11;20.34;1421;57;4665.00;608
11524;34;5205891;11524;587;12944;13555;4.17;0.25;399.08;20.33;1420;57;4666.00;611
11526;34;5205908;11526;574;12945;13555;4.18;0.26;399.16;20.35;1419;57;4667.00;610
11533;34;5205925;11533;572;12946;13555;4.12;0.25;399.22;20.36;1413;57;4668.00;609
11536;34;5205942;11536;570;12946;13555;4.09;0.25;399.33;20.36;1410;57;4669.00;609
11540;34;5205958;11540;566;12951;13559;4.06;0.25;399.44;20.37;1411;57;4670.00;608
11541;34;5205974;11541;561;12952;13560;4.08;0.25;399.44;20.38;1411;57;4671.00;608
11546;34;5205991;11546;568;12952;13560;4.06;0.25;399.64;20.38;1406;57;4672.00;608
11550;34;5206007;11550;565;12955;13561;4.05;0.25;399.78;20.40;1405;57;4673.00;606
11554;34;5206022;11554;564;12956;13561;4.02;0.25;399.73;20.41;1402;57;4674.00;605
11557;34;5206039;11557;569;12956;13561;3.99;0.24;399.95;20.41;1399;57;4675.00;605
11560;34;5206055;11560;554;12957;13561;4.02;0.25;400.16;20.42;1397;57;4676.00;604
11562;34;5206071;11562;543;12960;13561;4.07;0.25;400.20;20.46;1398;57;4677.00;601
11565;34;5206087;11565;537;12963;13561;4.06;0.25;400.24;20.58;1398;57;4678.00;598
11567;34;5206103;11567;533;12964;13561;4.09;0.25;400.39;20.59;1397;57;4679.00;597
11568;34;5206120;11568;541;13040;13686;4.29;0.26;400.48;20.48;1472;57;4680.00;646
11572;34;5206144;11572;533;13042;13687;4.35;0.27;400.54;20.49;1470;57;4681.00;645
11574;34;5206163;11574;527;13044;13687;4.37;0.27;400.56;20.49;1470;57;4682.00;643
11574;34;5206181;11574;527;13047;13687;4.45;0.27;400.56;20.60;1473;57;4683.00;640
11581;34;5206199;11581;531;13049;13687;4.43;0.27;400.86;20.62;1468;57;4684.00;638
11583;34;5206223;11583;525;13050;13687;4.43;0.27;400.85;20.63;1467;57;4685.00;637
11584;34;5206242;11584;535;13053;13687;4.42;0.27;400.90;20.74;1469;57;4686.00;634
11588;34;5206259;11588;526;13055;13687;4.37;0.27;401.01;20.76;1467;57;4687.00;632
11594;34;5206277;11594;533;13056;13688;4.31;0.26;401.24;20.76;1462;57;4688.00;632
11594;34;5206294;11594;530;13060;13689;4.27;0.26;401.24;20.78;1466;57;4689.00;629
11596;34;5206311;11596;530;13061;13689;4.20;0.26;401.36;20.78;1465;57;4690.00;628
11597;34;5206328;11597;533;13067;13693;4.15;0.25;401.35;20.78;1470;57;4691.00;626
11601;34;5206345;11601;544;13068;13693;4.08;0.25;401.51;20.89;1467;57;4692.00;625
11602;34;5206363;11602;556;13070;13693;4.10;0.25;401.60;20.90;1468;57;4693.00;623
11607;34;5206379;11607;561;13072;13693;4.07;0.25;401.57;20.90;1465;57;4694.00;621
11609;34;5206396;11609;569;13075;13699;4.05;0.25;401.62;20.90;1466;57;4695.00;624
11611;34;5206413;11611;575;13076;13699;4.08;0.25;401.64;20.90;1465;57;4696.00;623
11613;34;5206430;11613;564;13079;13699;4.08;0.25;401.66;20.92;1466;57;4697.00;620
11615;34;5206447;11615;570;13083;13702;4.10;0.25;401.68;21.29;1468;58;4698.00;619
11616;34;5206475;11616;577;13084;13702;4.15;0.25;401.67;21.30;1468;58;4699.00;618
11622;34;5206492;11622;567;13087;13702;4.14;0.25;401.77;21.41;1465;58;4700.00;615
11625;34;5206513;11625;573;13087;13703;4.14;0.25;401.86;21.41;1462;58;4701.00;616
11627;34;5206529;11627;571;13090;13704;4.19;0.26;401.89;21.43;1463;58;4702.00;614
11629;34;5206546;11629;572;13091;13704;4.22;0.26;401.92;21.43;1462;58;4703.00;613
11633;34;5206562;11633;579;13102;13717;4.24;0.26;402.05;21.42;1469;58;4704.00;615
11634;34;5206579;11634;574;13103;13717;4.28;0.26;402.02;21.43;1469;58;4705.00;614
11636;34;5206595;11636;576;13104;13717;4.31;0.26;402.01;21.44;1468;58;4706.00;613
11637;34;5206610;11637;575;13106;13718;4.32;0.26;402.06;21.45;1469;58;4707.00;612
11641;34;5206627;11641;586;13106;13718;4.28;0.26;402.25;21.45;1465;58;4708.00;612
11642;34;5206642;11642;587;13109;13722;4.31;0.26;402.24;21.45;1467;58;4709.00;613
11644;34;5206660;11644;578;13109;13722;4.27;0.26;402.29;21.45;1465;58;4710.00;613
11645;34;5206677;11645;584;13115;13726;4.22;0.26;402.29;21.46;1470;58;4711.00;611
11648;34;5206692;11648;582;13115;13726;4.21;0.26;402.39;21.46;1467;59;4712.00;611
11650;34;5206712;11650;586;13115;13726;4.19;0.26;402.39;21.46;1465;59;4713.00;611
11652;34;5206728;11652;579;13115;13726;4.15;0.25;402.45;21.46;1463;59;4714.00;611
11654;34;5206743;11654;583;13116;13726;4.16;0.25;402.64;21.56;1462;59;4715.00;610
11654;34;5206758;11654;581;13126;13738;4.21;0.26;402.64;21.55;1472;59;4716.00;612
11655;34;5206774;11655;577;13127;13738;4.22;0.26;402.62;21.56;1472;59;4717.00;611
11657;34;5206790;11657;571;13128;13738;4.29;0.26;402.65;21.56;1471;59;4718.00;610
11660;34;5206805;11660;561;13129;13738;4.29;0.26;402.68;21.56;1469;59;4719.00;609
11661;34;5206821;11661;559;13130;13738;4.30;0.26;402.69;21.57;1469;59;4720.00;608
11664;34;5206836;11664;562;13130;13738;4.30;0.26;402.70;21.57;1466;59;4721.00;608
11666;34;5206851;11666;564;13130;13739;4.27;0.26;402.71;21.57;1464;59;4722.00;609
11670;34;5206867;11670;557;13132;13739;4.28;0.26;402.77;21.58;1462;59;4723.00;607
11674;34;5206881;11674;555;13136;13745;4.27;0.26;402.87;21.58;1462;60;4724.00;609
11676;34;5206908;11676;553;13137;13747;4.20;0.26;402.83;21.57;1461;60;4725.00;610
11682;34;5206923;11682;556;13137;13747;4.12;0.25;402.96;21.57;1455;60;4726.00;610
11685;34;5206939;11685;562;13138;13747;4.08;0.25;402.98;21.58;1453;60;4727.00;609
11687;34;5206955;11687;563;13142;13751;4.08;0.25;403.07;21.58;1455;60;4728.00;609
11690;34;5206971;11690;571;13142;13751;4.03;0.25;403.14;21.58;1452;60;4729.00;609
11693;34;5206987;11693;571;13142;13751;4.00;0.24;403.26;21.58;1449;60;4730.00;609
11698;34;5207002;11698;573;13144;13752;3.92;0.24;403.29;21.59;1446;60;4731.00;608
11701;34;5207018;11701;579;13147;13756;3.87;0.24;403.39;21.59;1446;60;4732.00;609
11703;34;5207034;11703;591;13147;13756;3.85;0.23;403.47;21.59;1444;60;4733.00;609
11706;34;5207051;11706;598;13148;13759;3.81;0.23;403.49;21.58;1442;60;4734.00;611
11707;34;5207068;11707;599;13148;13759;3.78;0.23;403.47;21.58;1441;60;4735.00;611
11708;34;5207083;11708;607;13148;13759;3.76;0.23;403.44;21.58;1440;60;4736.00;611
11709;34;5207099;11709;616;13148;13759;3.73;0.23;403.42;21.58;1439;60;4737.00;611
11710;34;5207113;11710;625;13151;13763;3.70;0.23;403.39;21.58;1441;60;4738.00;612
11712;34;5207129;11712;615;13151;13763;3.67;0.23;403.42;21.58;1439;60;4739.00;612
11713;34;5207148;11713;624;13151;13763;3.66;0.22;403.41;21.58;1438;60;4740.00;612
11717;34;5207165;11717;622;13151;13763;3.61;0.22;403.51;21.58;1434;60;4741.00;612
11719;34;5207182;11719;627;13151;13764;3.58;0.22;403.45;21.58;1432;60;4742.00;613
11722;34;5207200;11722;623;13151;13765;3.53;0.22;403.36;21.58;1429;60;4743.00;614
11726;34;5207217;11726;635;13152;13765;3.47;0.21;403.45;21.59;1426;60;4744.00;613
11726;34;5207236;11726;632;13153;13766;3.44;0.21;403.45;21.59;1427;60;4745.00;613
11728;34;5207253;11728;635;13153;13766;3.36;0.21;403.41;21.59;1425;60;4746.00;613
11730;34;5207269;11730;641;13153;13766;3.32;0.20;403.50;21.59;1423;60;4747.00;613
11733;34;5207285;11733;645;13153;13766;3.29;0.20;403.47;21.59;1420;60;4748.00;613
11734;34;5207301;11734;653;13153;13766;3.25;0.20;403.45;21.59;1419;60;4749.00;613
11734;34;5207317;11734;657;13154;13766;3.24;0.20;403.45;21.72;1420;60;4750.00;612
11735;34;5207337;11735;661;13154;13766;3.26;0.20;403.42;21.72;1419;60;4751.00;612
11738;34;5207352;11738;678;13214;13893;3.54;0.22;403.52;21.62;1476;60;4752.00;679
11739;34;5207378;11739;676;13217;13894;3.54;0.22;403.48;21.61;1478;60;4753.00;677
11742;34;5207396;11742;677;13226;13894;3.57;0.22;403.50;21.60;1484;60;4754.00;668
11744;34;5207416;11744;679;13228;13894;3.54;0.22;403.62;21.60;1484;60;4755.00;666
11745;34;5207432;11745;687;13232;13894;3.55;0.22;403.61;21.59;1487;60;4756.00;662
11746;34;5207454;11746;690;13234;13894;3.56;0.22;403.60;21.59;1488;60;4757.00;660
11750;34;5207469;11750;684;13235;13894;3.55;0.22;403.57;21.59;1485;60;4758.00;659
11751;34;5207484;11751;689;13237;13894;3.57;0.22;403.55;21.59;1486;60;4759.00;657
11751;34;5207499;11751;689;13238;13895;3.58;0.22;403.55;21.59;1487;60;4760.00;657
11752;34;5207516;11752;691;13239;13896;3.60;0.22;403.53;21.58;1487;60;4761.00;657
11752;34;5207533;11752;700;13240;13896;3.61;0.23;403.53;21.58;1488;60;4762.00;656
11756;34;5207548;11756;705;13241;13897;3.61;0.22;403.50;21.58;1485;60;4763.00;656
11758;34;5207568;11758;708;13242;13897;3.60;0.22;403.52;21.58;1484;60;4764.00;655
11762;34;5207588;11762;719;13243;13897;3.55;0.22;403.57;21.58;1481;60;4765.00;654
11766;34;5207613;11766;723;13244;13897;3.49;0.22;403.68;21.58;1478;60;4766.00;653
11767;34;5207630;11767;730;13247;13901;3.48;0.22;403.65;21.58;1480;60;4767.00;654
11767;34;5207645;11767;731;13249;13901;3.48;0.21;403.65;21.58;1482;61;4768.00;652
11767;34;5207674;11767;729;13250;13901;3.46;0.21;403.65;21.58;1483;61;4769.00;651
11769;34;5207693;11769;728;13253;13907;3.44;0.21;403.62;21.57;1484;61;4770.00;654
11770;34;5207710;11770;714;13255;13907;3.42;0.21;403.63;21.57;1485;61;4771.00;652
11770;34;5207727;11770;702;13257;13907;3.42;0.21;403.63;21.57;1487;62;4772.00;650
11771;34;5207753;11771;683;13261;13911;3.45;0.21;403.67;21.56;1490;62;4773.00;650
11771;34;5207771;11771;675;13262;13912;3.48;0.21;403.67;21.56;1491;62;4774.00;650
11771;34;5207790;11771;668;13262;13912;3.50;0.21;403.67;21.56;1491;62;4775.00;650
11773;34;5207814;11773;662;13265;13916;3.53;0.22;403.61;21.56;1492;62;4776.00;651
11774;34;5207839;11774;658;13265;13916;3.56;0.22;403.62;21.56;1491;62;4777.00;651
11775;34;5207889;11775;659;13265;13916;3.57;0.22;403.59;21.56;1490;62;4778.00;651
11778;34;5207917;11778;649;13265;13917;3.57;0.22;403.56;21.56;1487;62;4779.00;652
11779;34;5207941;11779;661;13265;13917;3.56;0.22;403.56;21.56;1486;62;4780.00;652
11780;34;5207962;11780;662;13269;13923;3.54;0.22;403.57;21.55;1489;62;4781.00;654
11785;34;5207982;11785;663;13269;13923;3.50;0.21;403.59;21.55;1484;62;4782.00;654
11788;34;5208006;11788;657;13269;13924;3.47;0.21;403.54;21.55;1481;62;4783.00;655
11790;34;5208027;11790;650;13269;13924;3.46;0.21;403.62;21.55;1479;62;4784.00;655
11791;34;5208047;11791;639;13269;13924;3.48;0.21;403.62;21.55;1478;62;4785.00;655
11797;34;5208066;11797;635;13269;13924;3.47;0.21;403.55;21.55;1472;62;4786.00;655
11801;34;5208095;11801;630;13269;13924;3.49;0.21;403.65;21.55;1468;62;4787.00;655
11805;34;5208116;11805;625;13278;13936;3.56;0.22;403.63;21.54;1473;62;4788.00;658
11808;34;5208140;11808;615;13278;13936;3.61;0.22;403.59;21.54;1470;62;4789.00;658
11811;34;5208160;11811;614;13278;13936;3.66;0.22;403.54;21.54;1467;62;4790.00;658
11813;34;5208180;11813;611;13278;13936;3.70;0.22;403.53;21.54;1465;62;4791.00;658
11815;34;5208197;11815;600;13278;13936;3.75;0.23;403.55;21.54;1463;62;4792.00;658
11818;34;5208214;11818;593;13278;13936;3.76;0.23;403.61;21.54;1460;62;4793.00;658
11821;34;5208235;11821;588;13280;13940;3.78;0.23;403.62;21.53;1459;62;4794.00;660
11822;34;5208256;11822;584;13281;13940;3.80;0.23;403.61;21.53;1459;62;4795.00;659
11824;34;5208272;11824;578;13284;13944;3.83;0.23;403.56;21.53;1460;62;4796.00;660
11828;34;5208288;11828;567;13284;13945;3.81;0.23;403.56;21.53;1456;62;4797.00;661
11831;34;5208303;11831;557;13284;13945;3.83;0.23;403.56;21.53;1453;62;4798.00;661
11836;34;5208319;11836;548;13284;13945;3.88;0.24;403.64;21.53;1448;62;4799.00;661
11839;34;5208339;11839;548;13305;13986;3.97;0.24;403.74;21.49;1466;62;4800.00;681
11843;34;5208362;11843;542;13306;13986;4.00;0.25;403.80;21.49;1463;62;4801.00;680
11849;34;5208378;11849;533;13307;13986;4.05;0.25;403.88;21.49;1458;62;4802.00;679
11851;34;5208394;11851;522;13310;13987;4.12;0.25;403.89;21.59;1459;62;4803.00;677
11857;34;5208411;11857;516;13311;13988;4.18;0.26;403.90;21.59;1454;62;4804.00;677
11859;34;5208428;11859;507;13311;13988;4.25;0.26;403.95;21.59;1452;62;4805.00;677
11861;34;5208444;11861;496;13313;13991;4.29;0.26;403.98;21.59;1452;62;4806.00;678
11864;34;5208461;11864;489;13314;13991;4.30;0.26;404.02;21.59;1450;62;4807.00;677
11868;34;5208483;11868;488;13314;13991;4.33;0.26;404.04;21.59;1446;62;4808.00;677
11870;34;5208511;11870;493;13315;13991;4.35;0.27;404.01;21.59;1445;62;4809.00;676
11873;34;5208539;11873;495;13319;13997;4.32;0.26;404.07;21.58;1446;62;4810.00;678
11881;34;5208563;11881;489;13319;13997;4.32;0.26;404.29;21.58;1438;62;4811.00;678
11882;34;5208586;11882;487;13319;13997;4.34;0.27;404.33;21.58;1437;62;4812.00;678
11888;34;5208610;11888;492;13321;13997;4.30;0.26;404.49;21.58;1433;62;4813.00;676
11889;34;5208630;11889;480;13323;14001;4.33;0.26;404.49;21.58;1434;62;4814.00;678
11893;34;5208649;11893;484;13325;14003;4.33;0.26;404.55;21.57;1432;62;4815.00;678
11896;34;5208670;11896;480;13326;14003;4.35;0.27;404.63;21.57;1430;62;4816.00;677
11899;34;5208690;11899;485;13326;14004;4.38;0.27;404.60;21.57;1427;62;4817.00;678
11904;34;5208710;11904;490;13326;14004;4.34;0.26;404.79;21.57;1422;62;4818.00;678
11909;34;5208728;11909;491;13328;14004;4.29;0.26;404.78;21.59;1419;62;4819.00;676
11912;34;5208751;11912;502;13330;14004;4.28;0.26;404.77;21.71;1418;62;4820.00;674
11916;34;5208774;11916;494;13330;14004;4.26;0.26;404.82;21.71;1414;62;4821.00;674
11920;34;5208805;11920;491;13330;14004;4.27;0.26;404.81;21.71;1410;62;4822.00;674
11922;34;5208828;11922;492;13330;14004;4.32;0.26;404.85;21.71;1408;62;4823.00;674
11925;34;5208848;11925;508;13368;14074;4.30;0.26;404.88;21.66;1443;62;4824.00;706
11930;34;5208897;11930;495;13368;14075;4.32;0.26;404.95;21.66;1438;62;4825.00;707
11935;34;5208921;11935;493;13370;14075;4.32;0.26;404.97;21.66;1435;62;4826.00;705
11938;34;5208942;11938;488;13371;14075;4.34;0.27;404.97;21.68;1433;62;4827.00;704
11938;34;5208963;11938;492;13372;14077;4.33;0.27;404.97;21.67;1434;62;4828.00;705
11940;34;5208982;11940;489;13372;14077;4.33;0.27;405.01;21.67;1432;62;4829.00;705
11943;34;5209007;11943;495;13373;14077;4.35;0.27;405.01;21.69;1430;62;4830.00;704
11945;34;5209027;11945;498;13374;14077;4.34;0.27;405.07;21.69;1429;62;4831.00;703
11948;34;5209048;11948;496;13376;14078;4.33;0.27;405.17;21.70;1428;62;4832.00;702
11950;34;5209071;11950;492;13376;14079;4.34;0.27;405.35;21.70;1426;62;4833.00;703
11954;34;5209093;11954;485;13378;14079;4.38;0.27;405.38;21.72;1424;62;4834.00;701
11955;34;5209114;11955;482;13381;14083;4.40;0.27;405.41;21.71;1426;62;4835.00;702
11958;34;5209136;11958;482;13383;14083;4.41;0.27;405.40;21.83;1425;62;4836.00;700
11961;34;5209158;11961;486;13385;14083;4.42;0.27;405.45;21.85;1424;62;4837.00;698
11966;34;5209178;11966;495;13389;14083;4.39;0.27;405.54;21.86;1423;62;4838.00;694
11966;34;5209197;11966;501;13392;14089;4.43;0.27;405.54;21.86;1426;62;4839.00;697
11975;34;5209216;11975;510;13394;14089;4.39;0.27;405.82;21.87;1419;62;4840.00;695
11978;34;5209238;11978;500;13396;14089;4.33;0.26;405.85;21.87;1418;62;4841.00;693
11983;34;5209257;11983;486;13398;14092;4.32;0.26;405.94;21.91;1415;62;4842.00;694
11987;34;5209277;11987;479;13400;14092;4.32;0.26;406.09;21.90;1413;62;4843.00;692
11989;34;5209296;11989;471;13403;14092;4.32;0.26;406.16;21.92;1414;62;4844.00;689
11992;34;5209315;11992;474;13403;14093;4.32;0.26;406.31;21.92;1411;62;4845.00;690
11995;34;5209338;11995;478;13404;14094;4.30;0.26;406.47;21.92;1409;62;4846.00;690
11998;34;5209358;11998;482;13407;14094;4.31;0.26;406.50;21.93;1409;62;4847.00;687
12001;34;5209377;12001;479;13418;14107;4.35;0.26;406.59;22.04;1417;62;4848.00;689
12003;34;5209398;12003;484;13419;14107;4.39;0.27;406.58;22.04;1416;62;4849.00;688
12006;34;5209419;12006;487;13420;14107;4.41;0.27;406.78;22.04;1414;62;4850.00;687
12008;34;5209439;12008;489;13422;14108;4.39;0.27;406.84;22.04;1414;62;4851.00;686
12010;34;5209459;12010;485;13422;14108;4.41;0.27;406.90;22.04;1412;62;4852.00;686
12013;34;5209479;12013;487;13425;14112;4.40;0.27;407.08;22.04;1412;62;4853.00;687
12017;34;5209498;12017;480;13426;14112;4.43;0.27;407.20;22.04;1409;62;4854.00;686
12018;34;5209520;12018;484;13430;14116;4.49;0.27;407.21;22.03;1412;62;4855.00;686
12020;34;5209540;12020;485;13431;14116;4.52;0.27;407.23;22.03;1411;62;4856.00;685
12027;34;5209560;12027;480;13433;14116;4.53;0.27;407.34;22.15;1406;62;4857.00;683
12028;34;5209579;12028;478;13434;14116;4.57;0.28;407.35;22.15;1406;62;4858.00;682
12031;34;5209598;12031;482;13435;14116;4.58;0.28;407.41;22.15;1404;62;4859.00;681
12033;34;5209621;12033;484;13460;14150;4.64;0.28;407.49;22.14;1427;62;4860.00;690
12034;34;5209644;12034;484;13460;14150;4.72;0.29;407.48;22.14;1426;62;4861.00;690
12035;34;5209663;12035;476;13463;14150;4.77;0.29;407.50;22.15;1428;62;4862.00;687
12038;34;5209682;12038;482;13463;14150;4.80;0.29;407.60;22.15;1425;62;4863.00;687
12040;34;5209705;12040;484;13465;14150;4.84;0.30;407.58;22.14;1425;62;4864.00;685
12042;34;5209725;12042;487;13467;14150;4.81;0.29;407.65;22.26;1425;62;4865.00;683
12045;34;5209744;12045;493;13467;14151;4.80;0.29;407.68;22.26;1422;62;4866.00;684
12049;34;5209763;12049;497;13468;14151;4.74;0.29;407.68;22.27;1419;62;4867.00;683
12050;34;5209781;12050;502;13472;14157;4.72;0.29;407.67;22.27;1422;62;4868.00;685
12052;34;5209802;12052;509;13473;14158;4.66;0.28;407.79;22.28;1421;62;4869.00;685
12053;34;5209821;12053;510;13474;14158;4.61;0.28;407.78;22.29;1421;62;4870.00;684
12055;34;5209841;12055;515;13474;14158;4.56;0.28;407.81;22.29;1419;62;4871.00;684
12057;34;5209861;12057;522;13478;14162;4.53;0.27;407.84;22.30;1421;62;4872.00;684
12058;34;5209881;12058;525;13479;14162;4.51;0.27;407.84;22.31;1421;62;4873.00;683
12062;34;5209900;12062;540;13479;14162;4.46;0.27;407.89;22.31;1417;62;4874.00;683
12064;34;5209920;12064;546;13481;14163;4.41;0.27;407.90;22.41;1417;62;4875.00;682
12065;34;5209940;12065;543;13485;14167;4.36;0.26;407.91;22.42;1420;62;4876.00;682
12065;34;5209959;12065;558;13485;14167;4.31;0.26;407.91;22.42;1420;62;4877.00;682
12067;34;5209982;12067;554;13488;14170;4.26;0.26;407.92;22.44;1421;62;4878.00;682
12068;34;5210005;12068;549;13489;14170;4.22;0.26;407.95;22.46;1421;62;4879.00;681
12071;34;5210024;12071;560;13489;14170;4.19;0.25;408.00;22.46;1418;62;4880.00;681
12074;34;5210046;12074;563;13489;14170;4.17;0.25;408.07;22.46;1415;62;4881.00;681
12075;34;5210077;12075;559;13493;14174;4.18;0.25;408.11;22.47;1418;62;4882.00;681
12079;34;5210100;12079;550;13493;14174;4.15;0.25;408.08;22.47;1414;62;4883.00;681
12081;34;5210125;12081;556;13493;14174;4.18;0.25;408.05;22.47;1412;62;4884.00;681
12082;34;5210148;12082;557;13493;14174;4.21;0.26;408.05;22.47;1411;62;4885.00;681
12084;34;5210169;12084;555;13494;14175;4.20;0.25;408.04;22.49;1410;62;4886.00;681
12086;34;5210189;12086;560;13494;14176;4.18;0.25;408.04;22.49;1408;62;4887.00;682
12090;34;5210208;12090;562;13495;14176;4.14;0.25;408.07;22.50;1405;62;4888.00;681
12092;34;5210228;12092;555;13496;14177;4.13;0.25;408.04;22.50;1404;62;4889.00;681
12093;34;5210250;12093;556;13497;14177;4.14;0.25;408.03;22.52;1404;62;4890.00;680
12094;34;5210273;12094;563;13497;14177;4.15;0.25;408.01;22.52;1403;62;4891.00;680
12097;34;5210299;12097;562;13498;14177;4.13;0.25;408.02;22.53;1401;62;4892.00;679
12099;34;5210321;12099;569;13498;14177;4.12;0.25;407.97;22.53;1399;62;4893.00;679
12101;34;5210341;12101;575;13499;14177;4.11;0.25;407.94;22.55;1398;62;4894.00;678
12104;34;5210360;12104;568;13501;14177;4.11;0.25;407.87;22.57;1397;62;4895.00;676
12108;34;5210380;12108;594;13559;14304;4.31;0.27;407.85;22.49;1451;62;4896.00;745
12110;34;5210412;12110;589;13562;14305;4.33;0.27;407.88;22.49;1452;62;4897.00;743
12114;34;5210432;12114;595;13569;14305;4.34;0.27;407.92;22.48;1455;62;4898.00;736
12115;34;5210452;12115;604;13572;14305;4.32;0.27;407.93;22.49;1457;62;4899.00;733
12120;34;5210472;12120;606;13579;14305;4.28;0.26;407.92;22.48;1459;62;4900.00;726
12120;34;5210495;12120;616;13582;14305;4.20;0.26;407.92;22.48;1462;62;4901.00;723
12122;34;5210521;12122;612;13586;14305;4.16;0.26;407.90;22.47;1464;62;4902.00;719
12123;34;5210540;12123;614;13588;14305;4.13;0.26;407.90;22.47;1465;62;4903.00;717
12125;34;5210559;12125;624;13589;14306;4.08;0.25;407.92;22.47;1464;62;4904.00;717
12127;34;5210585;12127;619;13593;14308;4.05;0.25;407.88;22.46;1466;62;4905.00;715
12128;34;5210605;12128;623;13594;14308;4.02;0.25;407.87;22.46;1466;62;4906.00;714
12130;34;5210624;12130;629;13595;14309;3.97;0.24;407.86;22.46;1465;62;4907.00;714
12131;34;5210646;12131;636;13598;14309;3.94;0.24;407.83;22.47;1467;62;4908.00;711
12131;34;5210664;12131;641;13600;14309;3.89;0.24;407.83;22.48;1469;62;4909.00;709
12134;34;5210683;12134;652;13601;14309;3.83;0.24;407.90;22.48;1467;62;4910.00;708
12135;34;5210702;12135;663;13604;14313;3.80;0.23;407.87;22.48;1469;62;4911.00;709
12135;34;5210722;12135;673;13605;14313;3.76;0.23;407.87;22.48;1470;62;4912.00;708
12136;34;5210746;12136;688;13606;14313;3.72;0.23;407.89;22.48;1470;62;4913.00;707
12138;34;5210764;12138;700;13607;14316;3.65;0.23;407.99;22.48;1469;62;4914.00;709
12138;34;5210783;12138;707;13607;14316;3.61;0.22;407.99;22.48;1469;62;4915.00;709
12138;34;5210800;12138;717;13607;14316;3.56;0.22;407.99;22.48;1469;62;4916.00;709
12140;34;5210819;12140;719;13610;14320;3.52;0.22;408.00;22.47;1470;62;4917.00;710
12144;34;5210838;12144;711;13611;14321;3.45;0.21;407.90;22.47;1467;62;4918.00;710
12147;34;5210855;12147;715;13611;14321;3.39;0.21;407.91;22.47;1464;62;4919.00;710
12149;34;5210875;12149;704;13615;14326;3.39;0.21;407.98;22.46;1466;62;4920.00;711
12150;34;5210893;12150;698;13615;14326;3.39;0.21;408.03;22.46;1465;62;4921.00;711
12152;34;5210910;12152;703;13615;14326;3.41;0.21;408.00;22.46;1463;62;4922.00;711
12152;34;5210928;12152;701;13615;14327;3.43;0.21;408.00;22.46;1463;62;4923.00;712
12152;34;5210946;12152;704;13615;14327;3.47;0.21;408.00;22.46;1463;62;4924.00;712
12155;34;5210971;12155;699;13619;14333;3.48;0.21;408.00;22.46;1464;62;4925.00;714
12157;34;5210989;12157;699;13619;14333;3.48;0.21;407.98;22.46;1462;62;4926.00;714
12157;34;5211007;12157;695;13619;14334;3.50;0.21;407.98;22.46;1462;62;4927.00;715
12160;34;5211029;12160;695;13619;14334;3.51;0.21;407.98;22.46;1459;62;4928.00;715
12160;34;5211047;12160;696;13619;14334;3.54;0.22;407.98;22.46;1459;62;4929.00;715
12160;34;5211064;12160;699;13619;14334;3.56;0.22;407.98;22.46;1459;62;4930.00;715
12162;34;5211081;12162;698;13619;14334;3.57;0.22;407.94;22.46;1457;62;4931.00;715
12163;34;5211099;12163;703;13628;14346;3.62;0.22;407.93;22.44;1465;62;4932.00;718
12165;35;5211119;12165;698;13628;14346;3.67;0.22;407.91;22.44;1463;63;4933.00;718
12166;35;5211150;12166;689;13628;14346;3.68;0.23;407.91;22.44;1462;63;4934.00;718
12170;35;5211168;12170;684;13628;14346;3.68;0.22;407.88;22.44;1458;63;4935.00;718
12172;35;5211193;12172;683;13628;14346;3.66;0.22;407.86;22.44;1456;63;4936.00;718
12172;35;5211216;12172;677;13628;14346;3.66;0.22;407.86;22.44;1456;63;4937.00;718
12173;35;5211233;12173;673;13631;14350;3.68;0.22;407.83;22.44;1458;63;4938.00;719
12175;35;5211253;12175;666;13631;14350;3.68;0.22;407.80;22.44;1456;63;4939.00;719
12177;35;5211270;12177;673;13634;14354;3.70;0.23;407.76;22.43;1457;63;4940.00;720
12177;35;5211288;12177;664;13634;14355;3.74;0.23;407.76;22.43;1457;63;4941.00;721
12178;35;5211306;12178;665;13634;14355;3.74;0.23;407.74;22.43;1456;63;4942.00;721
12181;35;5211322;12181;666;13634;14355;3.73;0.23;407.67;22.43;1453;63;4943.00;721
12181;35;5211340;12181;671;13644;14368;3.74;0.23;407.67;22.42;1463;63;4944.00;724
12185;35;5211358;12185;670;13644;14368;3.75;0.23;407.82;22.42;1459;63;4945.00;724
12186;35;5211376;12186;668;13644;14368;3.75;0.23;407.82;22.42;1458;63;4946.00;724
12189;35;5211393;12189;673;13645;14369;3.69;0.22;407.80;22.41;1456;63;4947.00;724
12190;35;5211410;12190;672;13645;14370;3.70;0.22;407.79;22.41;1455;63;4948.00;725
12195;35;5211427;12195;665;13645;14370;3.66;0.22;407.80;22.41;1450;63;4949.00;725
12196;35;5211446;12196;654;13650;14379;3.70;0.23;407.80;22.41;1454;63;4950.00;729
12201;35;5211464;12201;648;13650;14379;3.72;0.23;407.77;22.41;1449;63;4951.00;729
12206;35;5211482;12206;640;13651;14379;3.75;0.23;407.86;22.40;1445;63;4952.00;728
12208;35;5211500;12208;633;13651;14379;3.82;0.23;407.84;22.40;1443;63;4953.00;728
12213;35;5211517;12213;634;13655;14385;3.86;0.23;407.85;22.40;1442;63;4954.00;730
12218;35;5211536;12218;633;13656;14385;3.88;0.23;407.77;22.40;1438;63;4955.00;729
12219;35;5211554;12219;629;13656;14385;3.94;0.24;407.80;22.40;1437;63;4956.00;729
12221;35;5211572;12221;621;13656;14385;3.98;0.24;407.80;22.40;1435;63;4957.00;729
12224;35;5211590;12224;608;13659;14389;4.00;0.24;407.79;22.39;1435;63;4958.00;730
12228;35;5211609;12228;603;13659;14390;4.03;0.24;408.04;22.39;1431;63;4959.00;731
12232;35;5211627;12232;595;13659;14390;4.06;0.25;408.01;22.39;1427;63;4960.00;731
12236;35;5211646;12236;587;13659;14391;4.08;0.25;408.21;22.39;1423;63;4961.00;732
12237;35;5211664;12237;579;13659;14391;4.13;0.25;408.24;22.39;1422;63;4962.00;732
12243;35;5211682;12243;571;13659;14391;4.13;0.25;408.32;22.39;1416;63;4963.00;732
12246;35;5211702;12246;570;13659;14391;4.17;0.25;408.43;22.39;1413;63;4964.00;732
12249;35;5211720;12249;567;13659;14391;4.22;0.26;408.44;22.39;1410;63;4965.00;732
12254;35;5211739;12254;558;13659;14391;4.28;0.26;408.53;22.39;1405;63;4966.00;732
12258;35;5211757;12258;550;13659;14391;4.33;0.26;408.59;22.39;1401;63;4967.00;732
12260;35;5211776;12260;549;13692;14461;4.50;0.27;408.66;22.34;1432;63;4968.00;769
12263;35;5211800;12263;528;13694;14462;4.57;0.28;408.74;22.34;1431;63;4969.00;768
12266;35;5211821;12266;527;13697;14462;4.64;0.28;408.77;22.33;1431;63;4970.00;765
12269;35;5211840;12269;520;13698;14462;4.67;0.28;408.75;22.33;1429;63;4971.00;764
12275;35;5211859;12275;514;13698;14462;4.69;0.28;408.90;22.33;1423;63;4972.00;764
12277;35;5211878;12277;511;13698;14462;4.70;0.29;408.93;22.33;1421;63;4973.00;764
12282;35;5211897;12282;506;13698;14462;4.67;0.28;409.01;22.33;1416;63;4974.00;764
12285;35;5211915;12285;508;13698;14462;4.65;0.28;409.08;22.33;1413;63;4975.00;764
12287;35;5211934;12287;501;13698;14463;4.61;0.28;409.13;22.33;1411;63;4976.00;765
12292;35;5211953;12292;507;13698;14464;4.53;0.28;409.20;22.33;1406;63;4977.00;766
12294;35;5211973;12294;504;13698;14464;4.48;0.27;409.29;22.33;1404;63;4978.00;766
12297;35;5211992;12297;509;13701;14468;4.48;0.27;409.27;22.32;1404;63;4979.00;767
12301;35;5212012;12301;517;13701;14468;4.44;0.27;409.29;22.32;1400;63;4980.00;767
12302;35;5212030;12302;513;13701;14468;4.45;0.27;409.33;22.32;1399;63;4981.00;767
12306;35;5212048;12306;515;13702;14468;4.44;0.27;409.50;22.32;1396;63;4982.00;766
12314;35;5212067;12314;504;13705;14474;4.38;0.27;409.58;22.32;1391;63;4983.00;769
12318;35;5212089;12318;510;13706;14474;4.36;0.26;409.83;22.34;1388;63;4984.00;768
12323;35;5212108;12323;508;13707;14474;4.35;0.26;409.87;22.34;1384;63;4985.00;767
12327;35;5212127;12327;516;13709;14477;4.34;0.26;410.01;22.44;1382;63;4986.00;768
12330;35;5212147;12330;510;13712;14477;4.37;0.27;409.98;22.47;1382;63;4987.00;765
12333;35;5212165;12333;512;13712;14477;4.37;0.27;410.02;22.47;1379;63;4988.00;765
12337;35;5212185;12337;509;13715;14478;4.34;0.26;409.96;22.53;1378;63;4989.00;763
12339;35;5212204;12339;505;13715;14479;4.30;0.26;409.95;22.53;1376;63;4990.00;764
12346;35;5212223;12346;507;13717;14479;4.25;0.26;410.06;22.55;1371;63;4991.00;762
12349;35;5212242;12349;509;13725;14492;4.26;0.26;410.13;22.53;1376;63;4992.00;767
12352;35;5212262;12352;513;13730;14492;4.24;0.26;410.26;22.57;1378;63;4993.00;762
12355;35;5212283;12355;508;13730;14492;4.24;0.26;410.32;22.57;1375;63;4994.00;762
12358;35;5212302;12358;517;13732;14494;4.22;0.26;410.36;22.57;1374;63;4995.00;762
12359;35;5212322;12359;516;13734;14494;4.25;0.26;410.39;22.61;1375;63;4996.00;760
12361;35;5212341;12361;509;13737;14498;4.33;0.26;410.52;22.62;1376;63;4997.00;761
12364;35;5212361;12364;507;13738;14498;4.34;0.27;410.60;22.62;1374;63;4998.00;760
12365;35;5212380;12365;498;13743;14502;4.37;0.27;410.63;22.65;1378;63;4999.00;759
12367;35;5212402;12367;495;13745;14502;4.38;0.27;410.70;22.67;1378;63;5000.00;757
12370;35;5212432;12370;507;13748;14502;4.37;0.27;410.72;22.79;1378;63;5001.00;754
12372;35;5212452;12372;512;13750;14502;4.38;0.27;410.67;22.81;1378;63;5002.00;752
12375;35;5212471;12375;517;13751;14502;4.34;0.26;410.87;22.83;1376;63;5003.00;751
12378;35;5212490;12378;525;13757;14514;4.35;0.26;410.83;22.82;1379;63;5004.00;757
12380;35;5212509;12380;540;13762;14514;4.35;0.26;410.95;22.85;1382;63;5005.00;752
12383;35;5212528;12383;533;13764;14514;4.34;0.26;411.16;22.87;1381;63;5006.00;750
12384;35;5212549;12384;533;13767;14514;4.37;0.27;411.25;22.91;1383;63;5007.00;747
12390;35;5212568;12390;541;13769;14514;4.35;0.26;411.51;22.91;1379;63;5008.00;745
12392;35;5212588;12392;535;13770;14514;4.38;0.27;411.68;22.93;1378;63;5009.00;744
12394;35;5212609;12394;530;13771;14515;4.40;0.27;411.76;22.93;1377;63;5010.00;744
12397;35;5212628;12397;523;13774;14515;4.44;0.27;411.83;22.96;1377;63;5011.00;741
12401;35;5212647;12401;523;13779;14521;4.47;0.27;411.84;22.99;1378;63;5012.00;742
12405;35;5212667;12405;530;13782;14522;4.50;0.27;411.81;23.01;1377;63;5013.00;740
12409;35;5212689;12409;532;13782;14522;4.50;0.27;411.85;23.01;1373;63;5014.00;740
12411;35;5212708;12411;542;13786;14522;4.53;0.28;411.93;23.04;1375;63;5015.00;736
12415;35;5212729;12415;545;13790;14526;4.57;0.28;412.06;23.07;1375;63;5016.00;736
12417;35;5212749;12417;541;13795;14526;4.64;0.28;412.08;23.59;1378;64;5017.00;731
12419;35;5212783;12419;537;13797;14526;4.67;0.28;412.09;23.63;1378;64;5018.00;729
12422;35;5212804;12422;538;13799;14527;4.68;0.29;412.32;23.65;1377;64;5019.00;728
12423;35;5212824;12423;535;13804;14531;4.69;0.29;412.30;23.64;1381;64;5020.00;727
12425;35;5212844;12425;534;13806;14531;4.71;0.29;412.42;23.67;1381;64;5021.00;725
12425;35;5212864;12425;525;13808;14534;4.75;0.29;412.42;23.70;1383;64;5022.00;726
12428;35;5212884;12428;522;13809;14534;4.73;0.29;412.54;23.70;1381;64;5023.00;725
12430;35;5212909;12430;530;13811;14534;4.72;0.29;412.51;23.82;1381;64;5024.00;723
12431;35;5212931;12431;539;13813;14534;4.73;0.29;412.52;23.85;1382;64;5025.00;721
12434;35;5212953;12434;547;13816;14538;4.70;0.29;412.57;23.85;1382;64;5026.00;722
12436;35;5212976;12436;541;13818;14538;4.67;0.28;412.68;23.96;1382;64;5027.00;720
12437;35;5212997;12437;545;13820;14538;4.64;0.28;412.68;23.99;1383;64;5028.00;718
12441;35;5213019;12441;550;13821;14538;4.61;0.28;412.92;24.01;1380;64;5029.00;717
12441;35;5213042;12441;553;13822;14539;4.60;0.28;412.92;24.02;1381;65;5030.00;717
12443;35;5213066;12443;551;13822;14540;4.60;0.28;412.89;24.02;1379;65;5031.00;718
12444;35;5213088;12444;560;13823;14540;4.54;0.28;412.92;24.04;1379;65;5032.00;717
12446;35;5213108;12446;561;13824;14541;4.50;0.27;412.92;24.04;1378;65;5033.00;717
12450;35;5213126;12450;571;13826;14541;4.46;0.27;412.85;24.06;1376;65;5034.00;715
12456;35;5213144;12456;581;13826;14541;4.39;0.27;412.81;24.06;1370;65;5035.00;715
12458;35;5213162;12458;588;13828;14541;4.34;0.26;412.76;24.09;1370;65;5036.00;713
12459;35;5213180;12459;597;13828;14541;4.34;0.26;412.77;24.09;1369;65;5037.00;713
12462;35;5213198;12462;606;13831;14541;4.31;0.26;412.80;24.22;1369;65;5038.00;710
12463;35;5213218;12463;604;13831;14541;4.29;0.26;412.82;24.22;1368;65;5039.00;710
12467;35;5213238;12467;659;13951;14771;4.40;0.28;412.80;24.01;1484;65;5040.00;820
12468;35;5213277;12468;646;13952;14772;4.37;0.27;412.83;24.01;1484;65;5041.00;820
12470;35;5213295;12470;621;13958;14772;4.39;0.28;412.79;24.02;1488;65;5042.00;814
12471;35;5213314;12471;614;13963;14772;4.44;0.28;412.79;24.04;1492;65;5043.00;809
12475;35;5213333;12475;608;13968;14772;4.46;0.28;412.89;24.03;1493;65;5044.00;804
12480;35;5213353;12480;592;13972;14772;4.45;0.28;412.96;24.04;1492;65;5045.00;800
12483;35;5213373;12483;581;13979;14772;4.52;0.28;413.00;24.07;1496;65;5046.00;793
12487;35;5213392;12487;580;13984;14772;4.58;0.29;413.11;24.06;1497;65;5047.00;788
12490;35;5213411;12490;579;13991;14773;4.60;0.29;413.07;24.08;1501;65;5048.00;782
12491;35;5213431;12491;572;13994;14774;4.65;0.29;413.06;24.08;1503;65;5049.00;780
12492;35;5213450;12492;581;13998;14774;4.66;0.29;413.03;24.07;1506;65;5050.00;776
12496;35;5213470;12496;573;13999;14775;4.66;0.29;413.07;24.07;1503;65;5051.00;776
12498;35;5213490;12498;581;14000;14775;4.64;0.29;413.16;24.07;1502;65;5052.00;775
12503;35;5213510;12503;586;14004;14775;4.61;0.29;413.13;24.10;1501;65;5053.00;771
12506;35;5213529;12506;591;14004;14775;4.58;0.28;413.11;24.10;1498;65;5054.00;771
12507;35;5213549;12507;589;14007;14779;4.51;0.28;413.17;24.10;1500;65;5055.00;772
12512;35;5213570;12512;597;14007;14779;4.41;0.27;413.16;24.10;1495;65;5056.00;772
12515;35;5213589;12515;596;14008;14779;4.34;0.27;413.11;24.09;1493;65;5057.00;771
12516;35;5213608;12516;600;14009;14782;4.33;0.27;413.15;24.09;1493;65;5058.00;773
12519;35;5213627;12519;612;14009;14782;4.29;0.26;413.13;24.09;1490;65;5059.00;773
12522;35;5213646;12522;614;14011;14782;4.25;0.26;413.13;24.12;1489;65;5060.00;771
12522;35;5213665;12522;622;14014;14786;4.23;0.26;413.13;24.11;1492;65;5061.00;772
12525;35;5213685;12525;637;14016;14787;4.21;0.26;413.11;24.11;1491;65;5062.00;771
12528;35;5213705;12528;651;14016;14787;4.14;0.25;413.16;24.11;1488;65;5063.00;771
12528;35;5213725;12528;656;14019;14791;4.08;0.25;413.16;24.11;1491;65;5064.00;772
12529;35;5213744;12529;649;14019;14791;4.00;0.25;413.15;24.11;1490;65;5065.00;772
12529;35;5213763;12529;646;14021;14791;3.96;0.24;413.15;24.11;1492;65;5066.00;770
12530;35;5213782;12530;645;14022;14792;3.96;0.24;413.15;24.11;1492;65;5067.00;770
12532;35;5213801;12532;651;14024;14792;3.93;0.24;413.22;24.11;1492;65;5068.00;768
12532;35;5213823;12532;660;14028;14798;3.93;0.24;413.22;24.10;1496;65;5069.00;770
12534;35;5213844;12534;655;14028;14798;3.96;0.24;413.31;24.10;1494;65;5070.00;770
12536;35;5213864;12536;662;14030;14799;3.99;0.25;413.28;24.10;1494;65;5071.00;769
12537;35;5213885;12537;663;14030;14799;4.02;0.25;413.25;24.10;1493;65;5072.00;769
12539;35;5213907;12539;663;14032;14799;4.02;0.25;413.22;24.12;1493;65;5073.00;767
12543;35;5213927;12543;660;14032;14799;3.99;0.25;413.31;24.12;1489;65;5074.00;767
12545;35;5213947;12545;672;14034;14799;3.99;0.25;413.30;24.13;1489;65;5075.00;765
12545;35;5213969;12545;676;14043;14811;4.01;0.25;413.30;24.11;1498;65;5076.00;768
12549;35;5213992;12549;676;14043;14811;4.03;0.25;413.28;24.11;1494;65;5077.00;768
12551;35;5214012;12551;681;14044;14811;4.06;0.25;413.24;24.11;1493;65;5078.00;767
12553;35;5214032;12553;687;14044;14811;4.10;0.25;413.32;24.11;1491;65;5079.00;767
12556;35;5214056;12556;689;14044;14811;4.15;0.25;413.33;24.11;1488;65;5080.00;767
12559;35;5214080;12559;699;14046;14811;4.18;0.26;413.29;24.12;1487;65;5081.00;765
12561;35;5214107;12561;690;14051;14815;4.20;0.26;413.27;24.11;1490;65;5082.00;764
12562;35;5214129;12562;686;14051;14815;4.21;0.26;413.24;24.11;1489;65;5083.00;764
12563;35;5214151;12563;683;14054;14819;4.24;0.26;413.25;24.11;1491;65;5084.00;765
12565;35;5214179;12565;686;14056;14821;4.25;0.26;413.22;24.11;1491;65;5085.00;765
12566;35;5214199;12566;682;14056;14821;4.26;0.26;413.21;24.11;1490;65;5086.00;765
12568;35;5214221;12568;677;14056;14821;4.25;0.26;413.30;24.11;1488;65;5087.00;765
12570;35;5214243;12570;678;14066;14834;4.25;0.26;413.36;24.09;1496;65;5088.00;768
12574;35;5214264;12574;678;14066;14834;4.23;0.26;413.38;24.09;1492;65;5089.00;768
12574;35;5214283;12574;672;14066;14834;4.26;0.26;413.38;24.09;1492;65;5090.00;768
12579;35;5214304;12579;671;14067;14835;4.23;0.26;413.45;24.09;1488;65;5091.00;768
12580;35;5214323;12580;671;14067;14836;4.26;0.26;413.46;24.09;1487;65;5092.00;769
12583;35;5214342;12583;673;14067;14836;4.25;0.26;413.42;24.09;1484;65;5093.00;769
12585;35;5214361;12585;673;14068;14839;4.22;0.26;413.54;24.09;1483;65;5094.00;771
12585;35;5214380;12585;681;14068;14839;4.24;0.26;413.54;24.09;1483;65;5095.00;771
12587;35;5214398;12587;676;14068;14839;4.21;0.26;413.55;24.09;1481;65;5096.00;771
12589;35;5214416;12589;687;14068;14839;4.20;0.26;413.51;24.09;1479;65;5097.00;771
12589;35;5214437;12589;691;14072;14845;4.26;0.26;413.51;24.08;1483;65;5098.00;773
12592;35;5214456;12592;686;14072;14845;4.22;0.26;413.48;24.08;1480;65;5099.00;773
12599;35;5214477;12599;687;14077;14864;4.16;0.25;413.55;24.07;1478;65;5100.00;787
12601;35;5214504;12601;679;14077;14864;4.18;0.26;413.53;24.07;1476;65;5101.00;787
12605;35;5214524;12605;682;14080;14868;4.18;0.25;413.64;24.07;1475;65;5102.00;788
12610;35;5214545;12610;672;14080;14869;4.16;0.25;413.87;24.07;1470;65;5103.00;789
12611;35;5214566;12611;674;14080;14869;4.18;0.25;413.85;24.07;1469;65;5104.00;789
12613;35;5214587;12613;668;14082;14870;4.18;0.25;413.98;24.06;1469;65;5105.00;788
12617;35;5214607;12617;667;14084;14870;4.15;0.25;413.89;24.06;1467;65;5106.00;786
12620;35;5214627;12620;671;14084;14870;4.15;0.25;413.92;24.06;1464;65;5107.00;786
12622;35;5214647;12622;673;14084;14870;4.18;0.25;413.99;24.06;1462;65;5108.00;786
12622;35;5214667;12622;668;14084;14870;4.20;0.26;413.99;24.06;1462;65;5109.00;786
12624;35;5214686;12624;665;14084;14870;4.27;0.26;413.97;24.06;1460;65;5110.00;786
12626;35;5214707;12626;665;14085;14870;4.30;0.26;413.98;24.06;1459;65;5111.00;785
12629;35;5214726;12629;673;14119;14940;4.38;0.27;413.99;24.00;1490;65;5112.00;821
12632;35;5214752;12632;661;14123;14941;4.41;0.27;414.06;24.00;1491;65;5113.00;818
12635;35;5214774;12635;660;14125;14941;4.40;0.27;414.09;23.99;1490;65;5114.00;816
12638;35;5214794;12638;643;14125;14941;4.39;0.27;414.10;23.99;1487;65;5115.00;816
12642;35;5214823;12642;631;14125;14941;4.41;0.27;414.07;23.99;1483;65;5116.00;816
12646;35;5214849;12646;626;14126;14941;4.41;0.27;414.22;23.99;1480;65;5117.00;815
12649;35;5214877;12649;615;14127;14941;4.40;0.27;414.29;23.99;1478;65;5118.00;814
12653;35;5214904;12653;620;14127;14941;4.39;0.27;414.27;23.99;1474;65;5119.00;814
12657;35;5214930;12657;615;14127;14942;4.37;0.27;414.33;23.99;1470;65;5120.00;815
12659;35;5214954;12659;611;14127;14943;4.39;0.27;414.35;23.99;1468;65;5121.00;816
12661;35;5214978;12661;610;14127;14943;4.42;0.27;414.32;23.99;1466;65;5122.00;816
12664;35;5214999;12664;609;14131;14947;4.45;0.27;414.27;23.99;1467;65;5123.00;816
12668;35;5215023;12668;610;14132;14947;4.49;0.27;414.32;23.99;1464;65;5124.00;815
12673;35;5215045;12673;608;14132;14947;4.56;0.28;414.43;23.99;1459;65;5125.00;815
12676;35;5215065;12676;603;14134;14947;4.63;0.28;414.55;23.99;1458;65;5126.00;813
12679;35;5215088;12679;601;14136;14953;4.68;0.28;414.54;23.98;1457;65;5127.00;817
12684;35;5215110;12684;596;14136;14953;4.71;0.29;414.60;23.98;1452;65;5128.00;817
12686;35;5215131;12686;592;14139;14953;4.75;0.29;414.57;23.98;1453;65;5129.00;814
12691;35;5215155;12691;586;14141;14959;4.74;0.29;414.71;23.98;1450;65;5130.00;818
12695;35;5215177;12695;584;14142;14959;4.74;0.29;414.79;23.98;1447;65;5131.00;817
12698;35;5215197;12698;580;14144;14959;4.76;0.29;414.79;23.98;1446;65;5132.00;815
12702;35;5215219;12702;576;14145;14960;4.70;0.29;414.80;23.98;1443;65;5133.00;815
12705;35;5215240;12705;575;14147;14961;4.67;0.28;414.84;23.98;1442;65;5134.00;814
12709;35;5215260;12709;576;14148;14961;4.65;0.28;414.86;23.98;1439;65;5135.00;813
12712;35;5215280;12712;570;14155;14974;4.63;0.28;414.93;23.97;1443;65;5136.00;819
12715;35;5215302;12715;570;14157;14974;4.64;0.28;415.00;23.97;1442;65;5137.00;817
12721;35;5215324;12721;568;14160;14974;4.63;0.28;415.11;23.97;1439;65;5138.00;814
12724;35;5215344;12724;568;14162;14975;4.62;0.28;415.14;23.97;1438;65;5139.00;813
12727;35;5215364;12727;571;14162;14975;4.61;0.28;415.24;23.97;1435;65;5140.00;813
12733;35;5215383;12733;568;14166;14979;4.62;0.28;415.31;23.97;1433;65;5141.00;813
12738;35;5215405;12738;565;14167;14979;4.65;0.28;415.39;23.96;1429;65;5142.00;812
12741;35;5215425;12741;561;14171;14983;4.66;0.28;415.45;23.96;1430;65;5143.00;812
12745;35;5215445;12745;565;14174;14983;4.65;0.28;415.44;23.96;1429;65;5144.00;809
12748;35;5215465;12748;566;14175;14983;4.68;0.28;415.46;23.96;1427;65;5145.00;808
12753;35;5215491;12753;568;14177;14983;4.63;0.28;415.63;23.95;1424;65;5146.00;806
12756;35;5215510;12756;562;14177;14983;4.61;0.28;415.75;23.95;1421;65;5147.00;806
12759;35;5215529;12759;564;14183;14995;4.60;0.28;415.81;23.94;1424;65;5148.00;812
12763;35;5215548;12763;569;14184;14995;4.58;0.28;415.88;23.94;1421;65;5149.00;811
12767;35;5215568;12767;565;14186;14995;4.52;0.27;416.05;23.94;1419;65;5150.00;809
12768;35;5215588;12768;572;14187;14995;4.48;0.27;416.05;23.94;1419;65;5151.00;808
12770;35;5215609;12770;579;14187;14995;4.42;0.27;416.08;23.94;1417;65;5152.00;808
12775;35;5215628;12775;586;14188;14995;4.35;0.26;416.06;23.96;1413;65;5153.00;807
12778;35;5215646;12778;584;14189;14996;4.30;0.26;416.18;23.98;1411;65;5154.00;807
12782;35;5215665;12782;584;14191;14998;4.22;0.26;416.17;23.97;1409;65;5155.00;807
12785;35;5215684;12785;577;14194;15004;4.16;0.25;416.16;23.97;1409;65;5156.00;810
12790;35;5215705;12790;573;14196;15005;4.10;0.25;416.18;23.98;1406;65;5157.00;809
12792;35;5215723;12792;576;14197;15005;4.10;0.25;416.32;24.00;1405;65;5158.00;808
12795;35;5215741;12795;579;14198;15005;4.11;0.25;416.33;24.02;1403;65;5159.00;807
12796;35;5215761;12796;597;14202;15010;4.15;0.25;416.36;24.01;1406;65;5160.00;808
12798;35;5215780;12798;601;14204;15010;4.17;0.25;416.36;24.05;1406;65;5161.00;806
12802;35;5215799;12802;589;14204;15010;4.15;0.25;416.52;24.05;1402;65;5162.00;806
12806;35;5215820;12806;587;14206;15011;4.15;0.25;416.52;24.07;1400;65;5163.00;805
12810;35;5215841;12810;589;14210;15015;4.14;0.25;416.68;24.08;1400;65;5164.00;805
12814;35;5215861;12814;595;14211;15015;4.12;0.25;416.68;24.10;1397;65;5165.00;804
12818;35;5215880;12818;591;14214;15018;4.12;0.25;416.74;24.13;1396;65;5166.00;804
12820;35;5215899;12820;599;14214;15018;4.13;0.25;416.74;24.13;1394;65;5167.00;804
12825;35;5215920;12825;613;14215;15018;4.13;0.25;416.74;24.15;1390;65;5168.00;803
12827;35;5215939;12827;615;14216;15018;4.17;0.25;416.82;24.17;1389;65;5169.00;802
12828;35;5215958;12828;618;14220;15022;4.19;0.25;416.87;24.18;1392;65;5170.00;802
12831;35;5215984;12831;610;14221;15022;4.21;0.26;416.94;24.20;1390;65;5171.00;801
12834;35;5216004;12834;606;14222;15022;4.24;0.26;417.07;24.22;1388;65;5172.00;800
12836;35;5216028;12836;603;14223;15022;4.22;0.26;417.13;24.24;1387;65;5173.00;799
12841;35;5216046;12841;604;14224;15023;4.15;0.25;417.31;24.25;1383;65;5174.00;799
12842;35;5216065;12842;609;14225;15025;4.16;0.25;417.41;24.25;1383;65;5175.00;800
12843;35;5216086;12843;612;14226;15025;4.18;0.25;417.38;24.27;1383;65;5176.00;799
12846;35;5216108;12846;616;14228;15026;4.17;0.25;417.52;24.29;1382;65;5177.00;798
12848;35;5216127;12848;621;14229;15026;4.17;0.25;417.47;24.30;1381;65;5178.00;797
12851;35;5216146;12851;632;14229;15026;4.16;0.25;417.52;24.30;1378;65;5179.00;797
12854;35;5216165;12854;639;14231;15026;4.17;0.25;417.54;24.34;1377;65;5180.00;795
12855;35;5216184;12855;638;14231;15026;4.19;0.25;417.54;24.34;1376;65;5181.00;795
12856;35;5216204;12856;633;14234;15026;4.20;0.26;417.57;24.40;1378;65;5182.00;792
12857;35;5216222;12857;630;14235;15026;4.18;0.25;417.54;24.41;1378;65;5183.00;791
12858;35;5216241;12858;654;14307;15153;4.30;0.27;417.53;24.29;1449;65;5184.00;846
12861;35;5216272;12861;648;14308;15154;4.28;0.26;417.52;24.31;1447;65;5185.00;846
12861;35;5216293;12861;635;14313;15154;4.33;0.27;417.52;24.32;1452;65;5186.00;841
12864;35;5216312;12864;626;14317;15154;4.35;0.27;417.49;24.33;1453;65;5187.00;837
12868;35;5216334;12868;620;14322;15154;4.41;0.27;417.54;24.33;1454;65;5188.00;832
12870;35;5216356;12870;622;14326;15154;4.41;0.27;417.54;24.34;1456;65;5189.00;828
12871;35;5216377;12871;622;14330;15154;4.43;0.27;417.62;24.36;1459;65;5190.00;824
12874;35;5216398;12874;622;14330;15154;4.44;0.27;417.71;24.36;1456;65;5191.00;824
12875;35;5216419;12875;627;14334;15155;4.48;0.27;417.68;24.39;1459;65;5192.00;821
12879;35;5216440;12879;631;14335;15156;4.45;0.27;417.74;24.41;1456;65;5193.00;821
12880;35;5216460;12880;635;14338;15156;4.42;0.27;417.72;24.42;1458;65;5194.00;818
12885;35;5216479;12885;641;14339;15157;4.34;0.27;417.63;24.44;1454;65;5195.00;818
12887;35;5216498;12887;655;14341;15157;4.30;0.26;417.61;24.45;1454;65;5196.00;816
12887;35;5216517;12887;661;14344;15157;4.24;0.26;417.61;24.48;1457;65;5197.00;813
12889;35;5216537;12889;665;14345;15157;4.14;0.25;417.62;24.48;1456;65;5198.00;812
12890;35;5216556;12890;669;14350;15161;4.05;0.25;417.66;24.51;1460;65;5199.00;811
12892;35;5216575;12892;679;14350;15161;4.00;0.24;417.66;24.51;1458;65;5200.00;811
12896;35;5216597;12896;677;14350;15161;3.92;0.24;417.77;24.51;1454;65;5201.00;811
12897;35;5216615;12897;690;14352;15164;3.87;0.24;417.75;24.52;1455;65;5202.00;812
12897;35;5216635;12897;691;14354;15164;3.84;0.23;417.75;24.55;1457;65;5203.00;810
12897;35;5216655;12897;701;14355;15164;3.81;0.23;417.75;24.57;1458;65;5204.00;809
12897;35;5216674;12897;698;14359;15168;3.80;0.23;417.75;24.58;1462;65;5205.00;809
12897;35;5216693;12897;693;14362;15169;3.86;0.24;417.75;24.61;1465;65;5206.00;807
12900;35;5216713;12900;683;14365;15169;3.86;0.24;417.69;24.75;1465;65;5207.00;804
12903;35;5216737;12903;676;14368;15173;3.89;0.24;417.78;24.74;1465;65;5208.00;805
12905;35;5216756;12905;666;14368;15173;3.91;0.24;417.81;24.74;1463;65;5209.00;805
12905;35;5216775;12905;660;14371;15173;3.94;0.24;417.81;24.79;1466;65;5210.00;802
12909;35;5216793;12909;658;14373;15174;3.90;0.24;417.83;24.82;1464;65;5211.00;801
12911;35;5216812;12911;642;14373;15174;3.93;0.24;417.78;24.82;1462;65;5212.00;801
12917;35;5216830;12917;616;14379;15180;3.96;0.24;417.89;24.84;1462;65;5213.00;801
12920;35;5216852;12920;606;14379;15180;3.99;0.24;417.95;24.84;1459;65;5214.00;801
12922;35;5216871;12922;603;14379;15180;4.05;0.25;417.93;24.84;1457;65;5215.00;801
12926;35;5216890;12926;593;14382;15181;4.10;0.25;417.90;24.88;1456;65;5216.00;799
12929;36;5216909;12929;587;14382;15181;4.18;0.26;417.91;24.88;1453;66;5217.00;799
12930;36;5216943;12930;585;14383;15181;4.27;0.26;417.89;24.89;1453;66;5218.00;798
12934;36;5216971;12934;576;14384;15181;4.37;0.27;417.83;24.91;1450;67;5219.00;797
12935;36;5217034;12935;579;14409;15217;4.53;0.28;417.83;25.18;1474;67;5220.00;808
12943;36;5217066;12943;574;14410;15217;4.58;0.28;417.78;25.18;1467;67;5221.00;807
12947;36;5217108;12947;574;14413;15217;4.65;0.28;417.72;25.19;1466;67;5222.00;804
12948;36;5217147;12948;580;14415;15217;4.72;0.29;417.71;25.20;1467;67;5223.00;802
12951;36;5217178;12951;586;14417;15217;4.76;0.29;417.67;25.21;1466;67;5224.00;800
12953;36;5217209;12953;584;14417;15217;4.78;0.29;417.64;25.21;1464;67;5225.00;800
12956;36;5217236;12956;581;14421;15221;4.77;0.29;417.71;25.20;1465;67;5226.00;800
12957;36;5217265;12957;590;14423;15221;4.75;0.29;417.70;25.23;1466;67;5227.00;798
12958;36;5217292;12958;592;14427;15225;4.74;0.29;417.70;25.22;1469;67;5228.00;798
12959;37;5217314;12959;596;14427;15226;4.71;0.29;417.74;25.22;1468;68;5229.00;799
12962;37;5217360;12962;599;14428;15226;4.67;0.28;417.79;25.23;1466;68;5230.00;798
12963;37;5217392;12963;606;14428;15226;4.61;0.28;417.76;25.23;1465;68;5231.00;798
12964;37;5217414;12964;603;14439;15239;4.58;0.28;417.85;25.23;1475;68;5232.00;800
12968;37;5217443;12968;603;14439;15239;4.53;0.28;417.81;25.23;1471;68;5233.00;800
12971;37;5217466;12971;604;14440;15239;4.50;0.27;417.82;25.24;1469;68;5234.00;799
12973;37;5217491;12973;609;14441;15240;4.50;0.27;417.78;25.24;1468;68;5235.00;799
12975;37;5217513;12975;613;14442;15241;4.46;0.27;417.75;25.25;1467;68;5236.00;799
12975;37;5217534;12975;613;14442;15241;4.45;0.27;417.75;25.25;1467;68;5237.00;799
12980;37;5217557;12980;618;14445;15244;4.45;0.27;417.89;25.27;1465;68;5238.00;799
12984;37;5217577;12984;615;14445;15244;4.45;0.27;417.93;25.27;1461;68;5239.00;799
12985;37;5217598;12985;614;14445;15244;4.47;0.27;417.97;25.27;1460;68;5240.00;799
12988;37;5217620;12988;617;14446;15244;4.43;0.27;418.00;25.28;1458;68;5241.00;798
12990;37;5217641;12990;621;14450;15250;4.44;0.27;418.03;25.28;1460;68;5242.00;800
12992;37;5217661;12992;629;14453;15250;4.43;0.27;418.11;25.31;1461;68;5243.00;797
12993;37;5217680;12993;638;14453;15250;4.42;0.27;418.19;25.31;1460;68;5244.00;797
12995;37;5217699;12995;642;14453;15250;4.37;0.27;418.19;25.31;1458;68;5245.00;797
12997;38;5217720;12997;653;14457;15254;4.33;0.26;418.27;25.46;1460;69;5246.00;797
13000;38;5217757;13000;656;14457;15255;4.33;0.26;418.31;25.46;1457;69;5247.00;798
13003;38;5217776;13003;660;14458;15255;4.33;0.26;418.32;25.61;1455;69;5248.00;797
13003;38;5217796;13003;666;14460;15256;4.38;0.27;418.32;25.76;1457;69;5249.00;796
13007;38;5217816;13007;666;14460;15256;4.38;0.27;418.32;25.76;1453;69;5250.00;796
13009;38;5217839;13009;656;14461;15256;4.39;0.27;418.30;25.91;1452;70;5251.00;795
13012;38;5217870;13012;652;14461;15256;4.36;0.26;418.26;25.91;1449;70;5252.00;795
13013;38;5217893;13013;649;14461;15256;4.35;0.26;418.29;25.91;1448;70;5253.00;795
13015;38;5217913;13015;653;14462;15256;4.33;0.26;418.54;26.06;1447;70;5254.00;794
13018;38;5217934;13018;654;14463;15256;4.33;0.26;418.55;26.21;1445;70;5255.00;793
13020;38;5217957;13020;664;14506;15326;4.42;0.27;418.60;26.28;1486;70;5256.00;820
13021;38;5217987;13021;660;14508;15327;4.46;0.27;418.63;26.28;1487;71;5257.00;819
13021;38;5218022;13021;660;14515;15327;4.45;0.27;418.63;26.41;1494;71;5258.00;812
13022;38;5218042;13022;661;14515;15327;4.47;0.27;418.65;26.41;1493;71;5259.00;812
13024;38;5218061;13024;657;14515;15327;4.48;0.27;418.64;26.41;1491;71;5260.00;812
13025;38;5218081;13025;654;14515;15327;4.48;0.27;418.74;26.41;1490;71;5261.00;812
13026;38;5218102;13026;659;14516;15327;4.46;0.27;418.81;26.41;1490;71;5262.00;811
13029;38;5218124;13029;671;14517;15327;4.38;0.27;418.81;26.41;1488;71;5263.00;810
13032;38;5218145;13032;671;14517;15328;4.31;0.26;418.89;26.41;1485;71;5264.00;811
13034;38;5218164;13034;667;14518;15330;4.25;0.26;418.99;26.41;1484;71;5265.00;812
13036;38;5218188;13036;670;14518;15330;4.22;0.26;418.94;26.41;1482;71;5266.00;812
13037;38;5218208;13037;673;14522;15334;4.19;0.26;419.06;26.40;1485;71;5267.00;812
13041;38;5218229;13041;666;14524;15334;4.17;0.25;419.04;26.40;1483;71;5268.00;810
13044;38;5218249;13044;673;14524;15334;4.16;0.25;419.03;26.40;1480;71;5269.00;810
13048;38;5218271;13048;677;14525;15334;4.15;0.25;418.99;26.40;1477;71;5270.00;809
13050;38;5218292;13050;678;14528;15340;4.21;0.26;418.99;26.39;1478;71;5271.00;812
13052;38;5218312;13052;685;14529;15340;4.19;0.25;418.95;26.39;1477;71;5272.00;811
13052;38;5218332;13052;685;14529;15340;4.18;0.25;418.95;26.39;1477;71;5273.00;811
13054;38;5218353;13054;689;14530;15343;4.17;0.25;418.97;26.39;1476;71;5274.00;813
13057;38;5218373;13057;682;14530;15343;4.16;0.25;418.98;26.39;1473;71;5275.00;813
13059;38;5218392;13059;686;14530;15343;4.13;0.25;418.97;26.39;1471;71;5276.00;813
13061;38;5218411;13061;679;14530;15344;4.15;0.25;418.93;26.39;1469;71;5277.00;814
13063;38;5218432;13063;684;14531;15345;4.13;0.25;418.90;26.39;1468;71;5278.00;814
13065;39;5218452;13065;679;14531;15345;4.10;0.25;418.88;26.39;1466;72;5279.00;814
13068;39;5218481;13068;675;14548;15371;4.12;0.25;418.89;26.36;1480;72;5280.00;823
13069;39;5218505;13069;668;14549;15371;4.10;0.25;418.96;26.36;1480;72;5281.00;822
13073;39;5218525;13073;669;14551;15371;4.11;0.25;418.98;26.35;1478;72;5282.00;820
13076;39;5218545;13076;669;14552;15372;4.10;0.25;418.93;26.35;1476;72;5283.00;820
13078;39;5218574;13078;674;14552;15372;4.10;0.25;418.98;26.35;1474;72;5284.00;820
13082;39;5218597;13082;676;14555;15376;4.11;0.25;419.11;26.35;1473;72;5285.00;821
13086;39;5218621;13086;676;14555;15376;4.07;0.25;419.17;26.35;1469;72;5286.00;821
13088;39;5218642;13088;679;14558;15379;4.04;0.25;419.16;26.34;1470;72;5287.00;821
13091;39;5218663;13091;675;14558;15380;4.03;0.25;419.26;26.34;1467;72;5288.00;822
13095;39;5218683;13095;676;14558;15380;4.02;0.24;419.43;26.34;1463;72;5289.00;822
13096;39;5218705;13096;673;14558;15380;4.00;0.24;419.43;26.34;1462;72;5290.00;822
13099;39;5218726;13099;675;14558;15380;3.98;0.24;419.50;26.34;1459;72;5291.00;822
13101;39;5218749;13101;674;14566;15392;4.02;0.25;419.60;26.33;1465;72;5292.00;826
13104;39;5218772;13104;672;14566;15392;4.02;0.25;419.63;26.33;1462;72;5293.00;826
13111;39;5218793;13111;674;14567;15392;4.03;0.25;419.63;26.33;1456;72;5294.00;825
13112;39;5218813;13112;676;14567;15392;4.10;0.25;419.72;26.33;1455;72;5295.00;825
13115;39;5218837;13115;675;14567;15392;4.14;0.25;419.82;26.33;1452;72;5296.00;825
13120;39;5218859;13120;674;14567;15392;4.14;0.25;419.87;26.33;1447;72;5297.00;825
13122;39;5218879;13122;673;14567;15393;4.11;0.25;419.89;26.33;1445;72;5298.00;826
13124;39;5218899;13124;681;14567;15393;4.09;0.25;419.97;26.33;1443;72;5299.00;826
13126;39;5218924;13126;670;14571;15399;4.09;0.25;420.06;26.32;1445;72;5300.00;828
13131;39;5218947;13131;670;14571;15400;4.08;0.25;420.15;26.32;1440;72;5301.00;829
13134;39;5218971;13134;668;14571;15400;4.07;0.25;420.18;26.32;1437;72;5302.00;829
13138;39;5218993;13138;659;14571;15400;4.06;0.25;420.22;26.32;1433;72;5303.00;829
13142;39;5219013;13142;664;14574;15404;4.04;0.25;420.22;26.31;1432;72;5304.00;830
13148;39;5219032;13148;676;14574;15404;4.00;0.25;420.21;26.31;1426;72;5305.00;830
13151;39;5219054;13151;666;14574;15404;4.04;0.25;420.24;26.31;1423;72;5306.00;830
13154;39;5219073;13154;672;14575;15405;4.06;0.25;420.26;26.31;1421;72;5307.00;830
13163;39;5219092;13163;675;14578;15409;4.00;0.24;420.30;26.31;1415;72;5308.00;831
13166;39;5219112;13166;669;14578;15409;4.00;0.25;420.25;26.31;1412;72;5309.00;831
13172;39;5219137;13172;679;14581;15415;3.99;0.24;420.31;26.30;1409;72;5310.00;834
13178;39;5219157;13178;688;14581;15415;3.95;0.24;420.38;26.30;1403;72;5311.00;834
13182;39;5219178;13182;695;14582;15415;3.94;0.24;420.50;26.30;1400;72;5312.00;833
13186;39;5219198;13186;688;14582;15415;3.94;0.24;420.56;26.30;1396;72;5313.00;833
13191;39;5219218;13191;683;14586;15419;3.92;0.24;420.62;26.31;1395;72;5314.00;833
13195;39;5219242;13195;694;14586;15419;3.86;0.24;420.73;26.31;1391;72;5315.00;833
13199;39;5219262;13199;699;14586;15419;3.84;0.24;420.68;26.31;1387;72;5316.00;833
13205;39;5219283;13205;695;14587;15419;3.85;0.24;420.72;26.33;1382;72;5317.00;832
13212;39;5219305;13212;699;14588;15420;3.83;0.23;420.86;26.34;1376;72;5318.00;832
13215;39;5219326;13215;697;14588;15421;3.83;0.23;420.85;26.34;1373;72;5319.00;833
13218;39;5219348;13218;699;14588;15421;3.79;0.23;420.83;26.34;1370;72;5320.00;833
13222;39;5219369;13222;708;14589;15422;3.79;0.23;420.85;26.34;1367;72;5321.00;833
13223;39;5219391;13223;701;14591;15422;3.76;0.23;420.86;26.38;1368;72;5322.00;831
13224;39;5219409;13224;705;14591;15422;3.71;0.23;420.83;26.38;1367;72;5323.00;831
13229;39;5219427;13229;707;14592;15422;3.67;0.22;420.86;26.39;1363;72;5324.00;830
13235;39;5219445;13235;712;14593;15422;3.62;0.22;420.91;26.41;1358;72;5325.00;829
13236;39;5219463;13236;719;14593;15422;3.61;0.22;420.92;26.41;1357;72;5326.00;829
13239;39;5219481;13239;726;14593;15422;3.59;0.22;420.95;26.41;1354;72;5327.00;829
13241;39;5219499;13241;737;14662;15549;3.87;0.24;420.94;26.34;1421;72;5328.00;887
13244;39;5219530;13244;730;14664;15550;3.87;0.24;420.95;26.34;1420;72;5329.00;886
13247;39;5219550;13247;726;14669;15550;3.94;0.24;420.90;26.33;1422;72;5330.00;881
13247;39;5219572;13247;731;14671;15550;3.99;0.25;420.90;26.33;1424;72;5331.00;879
13248;39;5219592;13248;727;14676;15550;4.04;0.25;420.88;26.34;1428;72;5332.00;874
13251;39;5219612;13251;728;14678;15550;4.02;0.25;420.84;26.36;1427;72;5333.00;872
13252;39;5219632;13252;729;14681;15550;4.04;0.25;420.81;26.37;1429;72;5334.00;869
13253;39;5219651;13253;728;14685;15550;4.01;0.25;420.79;26.48;1432;72;5335.00;865
13254;39;5219673;13254;722;14689;15551;4.01;0.25;420.84;26.51;1435;72;5336.00;862
13258;39;5219693;13258;719;14691;15552;3.96;0.25;420.82;26.51;1433;72;5337.00;861
13258;39;5219713;13258;720;14695;15552;3.96;0.25;420.82;26.54;1437;72;5338.00;857
13261;39;5219733;13261;721;14696;15553;3.91;0.24;420.85;26.54;1435;72;5339.00;857
13262;39;5219757;13262;716;14698;15553;3.89;0.24;420.82;26.56;1436;72;5340.00;855
13263;39;5219778;13263;719;14702;15553;3.92;0.24;420.82;26.60;1439;72;5341.00;851
13268;39;5219797;13268;714;14703;15553;3.91;0.24;420.72;26.60;1435;72;5342.00;850
13271;39;5219820;13271;711;14706;15557;3.93;0.24;420.70;26.59;1435;72;5343.00;851
13272;39;5219842;13272;715;14709;15557;3.98;0.25;420.70;26.62;1437;72;5344.00;848
13272;39;5219862;13272;708;14709;15557;4.02;0.25;420.70;26.62;1437;72;5345.00;848
13275;39;5219882;13275;708;14711;15560;4.08;0.25;420.69;26.64;1436;72;5346.00;849
13275;39;5219905;13275;705;14713;15560;4.14;0.26;420.69;26.67;1438;72;5347.00;847
13278;39;5219925;13278;697;14714;15560;4.15;0.26;420.80;26.69;1436;72;5348.00;846
13281;39;5219945;13281;699;14718;15564;4.17;0.26;420.78;26.70;1437;72;5349.00;846
13283;39;5219965;13283;707;14722;15565;4.21;0.26;420.77;26.85;1439;72;5350.00;843
13284;39;5219988;13284;710;14722;15565;4.24;0.26;420.74;26.85;1438;72;5351.00;843
13287;39;5220009;13287;710;14726;15569;4.23;0.26;420.68;26.87;1439;72;5352.00;843
13287;39;5220031;13287;710;14726;15569;4.19;0.26;420.68;26.87;1439;72;5353.00;843
13288;39;5220054;13288;719;14730;15569;4.18;0.26;420.70;27.02;1442;72;5354.00;839
13291;39;5220076;13291;715;14732;15571;4.15;0.25;420.64;27.03;1441;72;5355.00;839
13292;39;5220106;13292;714;14733;15571;4.13;0.25;420.64;27.05;1441;72;5356.00;838
13294;39;5220129;13294;723;14737;15577;4.11;0.25;420.64;27.04;1443;72;5357.00;840
13295;39;5220156;13295;724;14738;15577;4.10;0.25;420.61;27.05;1443;72;5358.00;839
13297;39;5220179;13297;714;14740;15577;4.12;0.25;420.58;27.19;1443;72;5359.00;837
13300;39;5220204;13300;707;14742;15578;4.11;0.25;420.74;27.22;1442;72;5360.00;836
13302;39;5220230;13302;701;14742;15578;4.12;0.25;420.72;27.22;1440;72;5361.00;836
13304;39;5220256;13304;702;14744;15578;4.12;0.25;420.68;27.25;1440;72;5362.00;834
13306;39;5220280;13306;698;14744;15578;4.15;0.25;420.72;27.25;1438;72;5363.00;834
13308;39;5220305;13308;693;14754;15590;4.21;0.26;420.79;27.24;1446;72;5364.00;836
13309;39;5220332;13309;687;14755;15590;4.21;0.26;420.78;27.26;1446;72;5365.00;835
13309;39;5220365;13309;684;14756;15590;4.22;0.26;420.78;27.27;1447;72;5366.00;834
13309;39;5220391;13309;671;14758;15590;4.25;0.26;420.78;27.30;1449;72;5367.00;832
13310;39;5220422;13310;671;14759;15590;4.30;0.26;420.77;27.31;1449;72;5368.00;831
13312;39;5220445;13312;663;14760;15590;4.34;0.26;420.77;27.33;1448;72;5369.00;830
13313;39;5220470;13313;653;14765;15594;4.38;0.27;420.74;27.35;1452;72;5370.00;829
13315;39;5220496;13315;649;14767;15594;4.39;0.27;420.73;27.37;1452;72;5371.00;827
13317;39;5220519;13317;639;14770;15598;4.42;0.27;420.76;27.37;1453;72;5372.00;828
13319;39;5220543;13319;634;14771;15599;4.42;0.27;420.73;27.38;1452;72;5373.00;828
13320;39;5220564;13320;620;14771;15599;4.46;0.27;420.72;27.38;1451;72;5374.00;828
13321;39;5220583;13321;617;14772;15599;4.48;0.27;420.73;27.39;1451;72;5375.00;827
13321;39;5220603;13321;612;14784;15612;4.51;0.27;420.73;27.40;1463;72;5376.00;828
13322;39;5220630;13322;605;14785;15612;4.56;0.28;420.73;27.41;1463;72;5377.00;827
13323;39;5220664;13323;592;14785;15612;4.60;0.28;420.75;27.41;1462;72;5378.00;827
13326;39;5220694;13326;594;14788;15613;4.62;0.28;420.78;27.43;1462;72;5379.00;825
13328;39;5220724;13328;581;14790;15614;4.62;0.28;420.75;27.45;1462;72;5380.00;824
13328;39;5220746;13328;577;14792;15614;4.69;0.28;420.75;27.48;1464;72;5381.00;822
13333;39;5220765;13333;574;14794;15617;4.71;0.28;420.76;27.49;1461;72;5382.00;823
13337;39;5220788;13337;567;14795;15617;4.71;0.28;421.02;27.50;1458;72;5383.00;822
13343;39;5220807;13343;560;14798;15617;4.70;0.28;421.11;27.68;1455;72;5384.00;819
13343;39;5220836;13343;557;14798;15617;4.72;0.29;421.11;27.68;1455;72;5385.00;819
13345;39;5220856;13345;550;14804;15623;4.77;0.29;421.10;27.94;1459;72;5386.00;819
13348;39;5220881;13348;551;14806;15623;4.76;0.29;421.08;27.96;1458;72;5387.00;817
13353;39;5220915;13353;554;14808;15623;4.73;0.29;421.06;27.99;1455;72;5388.00;815
13354;39;5220940;13354;551;14809;15623;4.73;0.29;421.06;28.00;1455;72;5389.00;814
13356;39;5220959;13356;552;14813;15627;4.73;0.29;421.14;28.00;1457;72;5390.00;814
13358;39;5220981;13358;552;14813;15628;4.69;0.28;421.23;28.00;1455;72;5391.00;815
13359;39;5221002;13359;550;14814;15628;4.70;0.28;421.30;28.02;1455;72;5392.00;814
13361;39;5221021;13361;553;14815;15629;4.69;0.28;421.45;28.02;1454;72;5393.00;814
13362;39;5221042;13362;559;14817;15629;4.66;0.28;421.48;28.04;1455;72;5394.00;812
13364;39;5221060;13364;567;14817;15629;4.65;0.28;421.50;28.04;1453;72;5395.00;812
13366;39;5221078;13366;568;14818;15629;4.63;0.28;421.47;28.05;1452;72;5396.00;811
13366;39;5221098;13366;567;14819;15629;4.67;0.28;421.47;28.06;1453;72;5397.00;810
13371;39;5221119;13371;561;14819;15629;4.69;0.28;421.57;28.06;1448;72;5398.00;810
13373;39;5221140;13373;568;14819;15629;4.71;0.29;421.70;28.06;1446;72;5399.00;810
